1	15	1.03902
1	35	0.999635
1	83	1.09415
1	88	1.07018
1	95	1.06464
1	122	1.06457
1	129	1.07953
1	132	0.888339
1	146	1.07542
1	167	1.03059
1	170	1.06477
1	178	1.11945
2	9	0.851625
2	12	0.976425
2	23	0.936741
2	28	0.929497
2	31	0.925151
2	32	1.01643
2	49	0.999755
2	65	1.04823
2	96	1.63068
2	130	0.979029
2	146	1.19987
2	166	0.941074
3	9	0.842844
3	23	0.92796
3	28	0.920716
3	32	1.00765
3	38	1.00584
3	49	0.990975
3	65	1.03945
3	76	0.967592
3	130	0.970249
3	143	1.1666
3	163	1.62538
3	166	0.932293
4	104	0.809392
4	122	2.2359
4	126	0.921968
4	131	0.944706
4	163	0.88766
4	167	0.885674
4	169	0.890738
4	175	0.894182
4	176	0.862718
4	177	0.846156
4	179	0.796026
4	180	0.859734
5	21	0.982718
5	29	1.15348
5	30	0.980923
5	39	0.941876
5	41	0.852856
5	47	0.94115
5	51	0.90485
5	64	0.971353
5	117	1.28997
5	128	1.48914
5	147	0.907654
5	174	0.967996
6	26	0.908437
6	69	0.945174
6	97	0.952476
6	100	1.01869
6	101	0.950923
6	145	0.945964
6	155	0.970852
6	162	0.957277
6	166	1.624
6	168	0.958104
6	174	1.16594
6	178	0.991977
7	15	0.90785
7	72	0.984799
7	74	0.982918
7	85	1.01574
7	86	0.891671
7	88	0.939014
7	122	0.933396
7	129	0.948357
7	146	0.944254
7	151	0.956528
7	176	1.91687
7	178	0.988279
8	55	0.934149
8	136	0.974643
8	139	0.955021
8	140	0.951054
8	145	0.94618
8	154	1.2167
8	155	0.971068
8	164	0.950797
8	165	0.966623
8	168	0.95832
8	176	1.60026
8	178	0.992193
9	2	0.851625
9	3	0.842844
9	12	0.867583
9	23	0.827898
9	32	0.90759
9	38	0.905775
9	49	0.890913
9	65	0.939384
9	76	0.86753
9	130	0.870187
9	144	2.59689
9	166	0.832231
10	20	0.766148
10	116	0.580637
10	150	1.13018
10	151	0.475452
10	166	1.08307
10	171	1.09113
10	172	1.08745
10	173	1.06793
10	176	1.05642
10	177	1.03985
10	179	0.989725
10	180	1.05343
11	20	1.00613
11	35	0.877932
11	67	0.931204
11	74	0.992383
11	81	1.23432
11	95	0.942933
11	107	1.00316
11	122	0.942862
11	129	0.957822
11	146	0.95372
11	178	0.997744
11	180	1.57985
12	2	0.976425
12	9	0.867583
12	23	0.952699
12	28	0.945455
12	38	1.03058
12	49	1.01571
12	65	1.06418
12	112	1.62508
12	130	0.994987
12	166	0.957032
12	175	1.02424
13	94	0.951447
13	140	1.0473
13	157	1.01551
13	159	0.939353
13	163	0.976038
13	167	0.974052
13	172	0.98213
13	173	0.962606
13	175	0.982561
13	177	0.934534
13	179	0.884404
13	180	0.948112
14	106	2.22957
14	132	0.890644
14	154	0.896333
14	157	0.918028
14	160	0.886755
14	169	0.881637
14	172	0.884651
14	173	0.865127
14	175	0.885082
14	176	0.853617
14	179	0.786925
14	180	0.850633
15	1	1.03902
15	7	0.90785
15	58	0.928071
15	67	0.929007
15	74	0.990187
15	93	0.955513
15	122	0.940665
15	129	0.955625
15	135	1.25929
15	151	0.963796
15	153	1.55957
15	178	0.995547
16	43	1.06367
16	91	1.06187
16	124	0.690522
16	125	1.02481
16	144	1.00826
16	148	1.06875
16	151	1.07558
16	162	1.07263
16	163	1.26526
16	164	1.06593
16	168	1.07346
16	178	1.10733
17	35	0.881173
17	46	0.963046
17	50	1.33516
17	58	0.93351
17	67	0.934446
17	72	0.997507
17	93	0.960952
17	107	1.0064
17	113	1.37409
17	129	0.961064
17	151	0.969235
17	178	1.00099
18	27	0.99599
18	33	0.897728
18	69	0.94575
18	70	0.933168
18	71	0.937934
18	73	0.99705
18	82	0.975178
18	97	0.953051
18	100	1.01926
18	101	0.951499
18	105	1.14553
18	172	1.61064
19	67	0.808437
19	110	0.597704
19	154	1.10938
19	159	1.05492
19	162	0.42318
19	170	1.07517
19	171	1.10137
19	173	1.07817
19	176	1.06666
19	177	1.0501
19	179	0.999973
19	180	1.06368
20	10	0.766148
20	11	1.00613
20	46	1.04643
20	48	1.0406
20	58	1.01689
20	67	1.01783
20	95	1.02955
20	107	1.08978
20	122	1.02948
20	129	1.04444
20	143	1.18919
20	174	1.02064
20	178	1.08437
21	5	0.982718
21	24	0.972673
21	30	1.10345
21	39	1.0644
21	41	0.975378
21	47	1.06367
21	51	1.02737
21	64	1.09388
21	78	0.738691
21	112	1.54538
21	147	1.03018
21	173	0.981535
21	174	1.09052
22	64	1.04521
22	106	1.16854
22	145	0.971208
22	160	0.94656
22	162	0.982521
22	164	0.975826
22	165	0.991651
22	168	0.983349
22	171	0.948133
22	175	0.944887
22	177	0.89686
22	179	0.846731
22	180	0.910438
23	2	0.936741
23	3	0.92796
23	9	0.827898
23	12	0.952699
23	28	0.90577
23	32	0.992705
23	38	0.990891
23	49	0.976029
23	65	1.0245
23	130	0.955303
23	144	1.2775
23	166	0.917347
23	173	1.71736
24	21	0.972673
24	29	1.14343
24	30	0.970878
24	39	0.931831
24	41	0.842811
24	47	0.931105
24	51	0.894805
24	64	0.961308
24	106	0.902648
24	128	1.51531
24	147	0.897609
24	150	1.46971
24	174	0.957951
25	140	1.03348
25	142	0.645428
25	147	0.829303
25	148	1.03604
25	153	0.990825
25	155	1.05349
25	158	1.03459
25	161	1.04353
25	162	1.03992
25	165	1.04905
25	168	1.04074
25	177	1.69586
25	178	1.07462
26	6	0.908437
26	33	0.897613
26	37	0.891445
26	54	0.943052
26	69	0.945635
26	70	0.933053
26	71	0.937819
26	73	0.996935
26	77	0.982015
26	97	0.952936
26	100	1.01915
26	111	1.44151
26	174	1.5411
27	18	0.99599
27	54	1.03003
27	70	1.02003
27	73	1.08391
27	82	1.06204
27	97	1.03991
27	100	1.10612
27	101	1.03836
27	106	1.02402
27	120	1.00258
27	124	0.660335
27	146	0.907498
27	177	1.61283
28	2	0.929497
28	3	0.920716
28	12	0.945455
28	23	0.90577
28	31	0.894181
28	32	0.985462
28	38	0.983647
28	49	0.968785
28	65	1.01726
28	130	0.948059
28	166	0.910103
28	171	1.54319
28	172	1.45087
29	5	1.15348
29	24	1.14343
29	36	0.604088
29	39	1.23516
29	41	1.14614
29	51	1.19813
29	64	1.26463
29	98	1.02533
29	128	0.658955
29	147	1.20094
29	166	0.891727
29	174	1.26128
30	5	0.980923
30	21	1.10345
30	24	0.970878
30	47	1.06188
30	51	1.02558
30	59	1.01813
30	64	1.09208
30	85	0.806273
30	106	1.03342
30	128	1.05371
30	147	1.02838
30	173	1.32317
30	174	1.08872
31	2	0.925151
31	28	0.894181
31	45	1.32592
31	49	0.964439
31	65	1.01291
31	130	0.943713
31	148	0.94433
31	155	0.961781
31	157	1.62176
31	161	0.951823
31	162	0.948206
31	166	0.905758
31	168	0.949033
32	2	1.01643
32	3	1.00765
32	9	0.90759
32	23	0.992705
32	28	0.985462
32	38	1.07058
32	49	1.05572
32	65	1.10419
32	76	1.03234
32	112	1.42954
32	130	1.03499
32	134	0.652204
32	166	0.997039
32	177	1.37606
33	18	0.897728
33	26	0.897613
33	37	0.880162
33	69	0.934351
33	71	0.926535
33	73	0.985651
33	82	0.963779
33	86	1.19933
33	97	0.941652
33	100	1.00786
33	101	0.9401
33	106	0.92576
33	120	0.904322
33	166	1.9986
34	55	1.20355
34	125	0.959378
34	131	0.979296
34	142	1.01891
34	156	0.968557
34	164	1.18713
34	171	0.932018
34	173	0.908818
34	174	1.00102
34	175	0.928773
34	176	0.897308
34	177	0.880746
34	179	0.830616
34	180	0.894324
35	1	0.999635
35	11	0.877932
35	17	0.881173
35	72	0.952684
35	83	0.930866
35	85	0.983625
35	93	0.91613
35	107	0.961578
35	122	0.901281
35	129	0.916242
35	143	1.5974
35	147	1.56738
35	151	0.924413
35	178	0.956164
36	29	0.604088
36	72	0.748163
36	101	1.03319
36	146	1.05724
36	154	1.04018
36	156	1.06871
36	167	1.02042
36	169	1.02548
36	170	1.00596
36	172	1.0285
36	175	1.02893
36	176	0.997462
36	179	0.93077
36	180	0.994478
37	26	0.891445
37	33	0.880162
37	54	0.925601
37	70	0.915601
37	71	0.920367
37	73	0.979483
37	77	0.964564
37	82	0.957611
37	97	0.935484
37	100	1.00169
37	101	0.933932
37	120	0.898154
37	121	1.47344
37	156	1.73625
38	3	1.00584
38	9	0.905775
38	12	1.03058
38	23	0.990891
38	28	0.983647
38	32	1.07058
38	49	1.05391
38	65	1.10238
38	76	1.03052
38	130	1.03318
38	142	0.899159
38	156	1.17924
38	166	0.995224
38	172	1.3088
39	5	0.941876
39	21	1.0644
39	24	0.931831
39	29	1.23516
39	41	0.934537
39	47	1.02283
39	51	0.986532
39	64	1.05303
39	106	0.994374
39	120	1.36862
39	147	0.989336
39	163	1.11324
39	166	0.943959
39	174	1.04968
40	86	1.03717
40	101	1.32724
40	146	0.972985
40	163	0.938153
40	165	1.06924
40	170	0.921712
40	171	0.947921
40	172	0.944246
40	173	0.924721
40	175	0.944676
40	176	0.913212
40	177	0.896649
40	179	0.84652
40	180	0.910227
41	5	0.852856
41	21	0.975378
41	24	0.842811
41	29	1.14614
41	39	0.934537
41	47	0.933811
41	51	0.897511
41	59	0.890063
41	64	0.964013
41	78	1.80993
41	99	1.41013
41	106	0.905353
41	147	0.900315
41	174	0.960657
42	58	1.42074
42	66	1.02666
42	146	0.978139
42	157	0.982776
42	167	0.941321
42	170	0.926866
42	171	0.953075
42	172	0.949399
42	173	0.929875
42	175	0.94983
42	176	0.918365
42	177	0.901803
42	179	0.851673
42	180	0.915381
43	16	1.06367
43	59	0.961632
43	110	0.963296
43	127	0.996011
43	138	1.03535
43	140	0.991177
43	143	1.27086
43	147	1.24085
43	155	1.01119
43	158	0.992286
43	161	1.00123
43	162	0.997616
43	164	0.99092
43	168	0.998443
43	178	1.03232
44	86	0.917803
44	87	1.01671
44	116	0.996439
44	128	0.98858
44	130	1.00254
44	135	1.47818
44	137	1.01216
44	138	1.19206
44	139	1.00456
44	144	0.942655
44	148	1.00315
44	161	1.01064
44	164	1.00033
44	165	1.01616
44	168	1.00786
45	31	1.32592
45	143	1.02506
45	145	0.707808
45	154	1.02376
45	161	0.592335
45	167	1.004
45	169	1.00907
45	170	0.989548
45	172	1.01208
45	174	1.08476
45	175	1.01251
45	176	0.981048
45	177	0.964485
45	179	0.914356
45	180	0.978063
46	17	0.963046
46	20	1.04643
46	48	0.994271
46	57	0.981596
46	58	0.97056
46	93	0.998002
46	95	0.983225
46	107	1.04345
46	122	0.983154
46	129	0.998114
46	133	1.24194
46	141	1.14112
46	151	1.00628
46	157	1.16668
46	178	1.03804
47	5	0.94115
47	21	1.06367
47	24	0.931105
47	30	1.06188
47	39	1.02283
47	41	0.933811
47	51	0.985805
47	59	0.978357
47	64	1.05231
47	96	0.747103
47	106	0.993648
47	147	0.988609
47	152	0.462379
47	174	1.04895
47	179	2.45409
48	20	1.0406
48	46	0.994271
48	58	0.964735
48	67	0.965671
48	72	1.02873
48	83	1.00691
48	86	0.791197
48	95	0.9774
48	107	1.03763
48	122	0.977329
48	129	0.992289
48	146	0.988187
48	153	1.65185
48	157	1.14785
48	178	1.03221
49	2	0.999755
49	3	0.990975
49	9	0.890913
49	12	1.01571
49	23	0.976029
49	28	0.968785
49	31	0.964439
49	32	1.05572
49	38	1.05391
49	65	1.08751
49	96	1.62221
49	130	1.01832
49	134	1.17288
49	142	0.846306
49	166	0.980362
50	17	1.33516
50	56	1.09364
50	138	1.06814
50	152	1.05298
50	154	1.0232
50	170	0.988989
50	171	1.0152
50	172	1.01152
50	173	0.991998
50	175	1.01195
50	176	0.980489
50	177	0.963926
50	178	0.223286
50	179	0.913797
50	180	0.977504
51	5	0.90485
51	21	1.02737
51	24	0.894805
51	29	1.19813
51	30	1.02558
51	39	0.986532
51	41	0.897511
51	47	0.985805
51	59	0.942058
51	64	1.01601
51	106	0.957348
51	114	1.00186
51	131	1.206
51	147	0.95231
51	173	1.55703
51	174	1.01265
52	94	0.976374
52	98	1.47241
52	102	0.97275
52	118	0.980562
52	128	0.974693
52	136	1.01029
52	144	0.928768
52	145	0.981828
52	150	1.06043
52	155	1.00672
52	158	0.987811
52	161	0.996758
52	162	0.993141
52	164	0.986446
52	165	1.00227
52	172	1.24505
53	69	0.972872
53	70	0.96029
53	71	0.965056
53	82	1.0023
53	90	0.984984
53	97	0.980173
53	100	1.04638
53	101	0.978621
53	139	0.982502
53	145	0.973661
53	146	1.14576
53	148	0.981099
53	165	0.994104
53	168	0.985802
53	169	1.35317
53	175	1.30374
54	26	0.943052
54	27	1.03003
54	37	0.925601
54	69	0.97979
54	70	0.967209
54	71	0.971975
54	73	1.03109
54	82	1.00922
54	97	0.987091
54	100	1.0533
54	101	0.985539
54	105	1.21668
54	106	0.971199
54	115	1.26864
54	120	0.949761
54	138	1.25053
55	8	0.934149
55	34	1.20355
55	80	1.00755
55	116	0.972645
55	126	1.32308
55	137	0.988364
55	139	0.980761
55	151	0.986182
55	154	1.09796
55	155	0.996808
55	158	0.977903
55	162	0.983233
55	164	0.976538
55	165	0.992363
55	168	0.984061
55	178	1.01793
56	50	1.09364
56	112	0.929239
56	113	1.13257
56	118	0.973505
56	127	0.98448
56	136	1.00323
56	140	0.979646
56	141	1.32077
56	145	0.974771
56	155	0.999659
56	158	0.980754
56	161	0.989701
56	164	0.979389
56	165	0.995214
56	168	0.986912
56	178	1.02078
57	46	0.981596
57	58	0.95206
57	74	1.01418
57	83	0.994239
57	88	0.970272
57	93	0.979503
57	95	0.964726
57	107	1.02495
57	122	0.964654
57	126	1.13016
57	129	0.979615
57	146	0.975512
57	151	0.987786
57	176	1.28859
57	178	1.01954
57	180	1.41574
58	15	0.928071
58	17	0.93351
58	20	1.01689
58	42	1.42074
58	46	0.97056
58	48	0.964735
58	57	0.95206
58	72	1.00502
58	93	0.968466
58	95	0.953689
58	99	1.13317
58	107	1.01391
58	122	0.953618
58	129	0.968578
58	142	1.23575
58	146	0.964476
58	178	1.0085
59	30	1.01813
59	41	0.890063
59	43	0.961632
59	47	0.978357
59	51	0.942058
59	61	1.32624
59	64	1.00856
59	92	0.967085
59	109	0.991827
59	114	1.04834
59	147	0.944862
59	155	0.984168
59	158	0.965263
59	162	0.970593
59	168	0.971421
59	173	1.60351
59	174	1.0052
60	66	1.01147
60	118	1.04011
60	126	1.20292
60	134	0.958609
60	135	0.896537
60	137	1.05782
60	140	1.04625
60	144	0.988317
60	148	1.04881
60	158	1.04736
60	161	1.05631
60	162	1.05269
60	164	1.04599
60	165	1.06182
60	168	1.05352
60	169	1.18454
60	178	1.08739
61	59	1.32624
61	78	0.994647
61	131	1.02902
61	134	1.01998
61	157	1.01144
61	164	0.998579
61	167	0.969986
61	169	0.97505
61	171	0.98174
61	172	0.978064
61	173	0.95854
61	175	0.978494
61	176	0.94703
61	177	0.930468
61	178	0.678009
61	179	0.880338
61	180	0.944046
62	66	0.680635
62	90	0.789763
62	138	1.11589
62	144	1.03296
62	148	0.678649
62	149	1.08421
62	153	1.04824
62	154	1.07095
62	158	0.516838
62	163	1.05318
62	170	1.03674
62	172	1.05927
62	173	1.03974
62	175	1.0597
62	177	1.01167
62	179	0.961543
62	180	1.02525
63	72	1.07611
63	88	1.03033
63	102	1.0245
63	103	1.2644
63	122	1.02471
63	129	1.03967
63	151	1.04784
63	155	1.05847
63	158	1.03956
63	161	1.04851
63	162	1.04489
63	163	1.23962
63	164	1.0382
63	168	1.04572
63	174	0.612293
63	175	1.07002
63	178	1.07959
64	5	0.971353
64	21	1.09388
64	22	1.04521
64	24	0.961308
64	29	1.26463
64	30	1.09208
64	39	1.05303
64	41	0.964013
64	47	1.05231
64	51	1.01601
64	59	1.00856
64	106	1.02385
64	120	1.30246
64	135	0.63891
64	147	1.01881
64	163	1.04708
64	174	1.07915
65	2	1.04823
65	3	1.03945
65	9	0.939384
65	12	1.06418
65	23	1.0245
65	28	1.01726
65	31	1.01291
65	32	1.10419
65	38	1.10238
65	49	1.08751
65	76	1.06413
65	130	1.06679
65	132	1.10142
65	133	0.757092
65	150	0.846074
65	166	1.02883
65	180	1.47752
66	42	1.02666
66	60	1.01147
66	62	0.680635
66	109	0.986587
66	118	0.952775
66	127	0.963749
66	137	0.970485
66	140	0.958915
66	148	0.961478
66	158	0.960024
66	161	0.968971
66	162	0.965354
66	164	0.958658
66	165	0.974483
66	168	0.966181
66	177	1.89209
66	178	1.00005
67	11	0.931204
67	15	0.929007
67	17	0.934446
67	19	0.808437
67	20	1.01783
67	48	0.965671
67	74	1.00408
67	83	0.984139
67	88	0.960171
67	93	0.969402
67	95	0.954625
67	107	1.01485
67	122	0.954554
67	151	0.977685
67	157	1.20487
67	167	1.76671
67	178	1.00944
68	69	1.13076
68	89	0.986961
68	123	1.0556
68	129	0.675494
68	130	1.00004
68	150	1.02055
68	156	1.01803
68	166	0.973434
68	169	0.974803
68	170	0.955284
68	172	0.977817
68	173	0.958293
68	175	0.978248
68	176	0.946783
68	177	0.930221
68	179	0.880091
68	180	0.943799
69	6	0.945174
69	18	0.94575
69	26	0.945635
69	33	0.934351
69	53	0.972872
69	54	0.97979
69	68	1.13076
69	70	0.969791
69	71	0.974557
69	77	1.01875
69	82	1.0118
69	97	0.989674
69	101	0.988121
69	106	0.973781
69	120	0.952343
69	123	1.42983
69	144	1.25137
70	18	0.933168
70	26	0.933053
70	27	1.02003
70	37	0.915601
70	53	0.96029
70	54	0.967209
70	69	0.969791
70	71	0.961975
70	73	1.02109
70	82	0.999219
70	100	1.0433
70	101	0.97554
70	106	0.9612
70	120	0.939762
70	153	1.36665
70	173	1.34194
70	175	1.30494
71	18	0.937934
71	26	0.937819
71	33	0.926535
71	37	0.920367
71	53	0.965056
71	54	0.971975
71	69	0.974557
71	70	0.961975
71	73	1.02586
71	82	1.00398
71	97	0.981858
71	100	1.04807
71	101	0.980306
71	106	0.965966
71	123	0.518241
71	126	0.810448
71	179	2.72247
72	7	0.984799
72	17	0.997507
72	35	0.952684
72	36	0.748163
72	48	1.02873
72	58	1.00502
72	63	1.07611
72	74	1.06714
72	81	1.04334
72	93	1.03246
72	95	1.01769
72	107	1.07791
72	120	1.46046
72	122	1.01761
72	125	0.964633
72	129	1.03257
72	151	1.04075
72	178	1.0725
73	18	0.99705
73	26	0.996935
73	27	1.08391
73	33	0.985651
73	37	0.979483
73	54	1.03109
73	70	1.02109
73	71	1.02586
73	78	1.05138
73	82	1.0631
73	97	1.04097
73	100	1.10718
73	101	1.03942
73	106	1.02508
73	115	0.750644
73	120	1.00364
73	153	1.31893
73	169	1.30666
74	7	0.982918
74	11	0.992383
74	15	0.990187
74	57	1.01418
74	67	1.00408
74	72	1.06714
74	83	1.04532
74	85	1.09808
74	88	1.02135
74	93	1.03058
74	95	1.0158
74	99	0.747007
74	123	1.12826
74	129	1.03069
74	151	1.03886
74	154	1.19534
74	175	1.35265
74	178	1.07062
75	90	0.957334
75	94	0.940557
75	102	0.936933
75	109	0.978557
75	127	0.95572
75	136	0.974474
75	140	0.950885
75	142	0.978761
75	147	1.16264
75	155	0.970899
75	158	0.951994
75	161	0.960941
75	162	0.957324
75	164	0.950628
75	165	0.966454
75	168	0.958151
75	177	2.02919
75	178	0.992024
76	3	0.967592
76	9	0.86753
76	32	1.03234
76	38	1.03052
76	65	1.06413
76	90	1.14563
76	122	0.910117
76	126	0.989579
76	130	0.994935
76	161	1.02223
76	166	0.956979
76	169	0.958349
76	172	0.961363
76	173	0.941839
76	176	0.930329
76	177	0.913767
76	179	0.863637
76	180	0.927345
77	26	0.982015
77	37	0.964564
77	69	1.01875
77	82	1.04818
77	84	1.03623
77	97	1.02605
77	100	1.09226
77	101	1.0245
77	117	0.800971
77	130	1.02636
77	156	1.00961
77	158	1.02553
77	161	1.03447
77	164	1.02416
77	167	1.35215
77	168	1.03168
77	175	1.2326
77	178	1.06556
78	21	0.738691
78	41	1.80993
78	61	0.994647
78	73	1.05138
78	84	0.99047
78	110	0.950775
78	137	0.990226
78	138	1.00365
78	150	0.989763
78	161	0.988712
78	164	0.978399
78	165	0.994225
78	168	0.985922
78	170	0.924497
78	175	0.947461
78	177	0.899434
78	179	0.849305
78	180	0.913012
79	94	1.01828
79	96	0.991897
79	102	1.01465
79	109	1.05628
79	121	0.716831
79	137	1.04017
79	139	1.03257
79	144	0.970671
79	145	1.02373
79	161	1.03866
79	162	1.03504
79	164	1.02835
79	165	1.04417
79	168	1.03587
79	169	1.25206
79	171	1.20151
79	173	1.23963
79	178	1.06974
80	55	1.00755
80	94	1.01413
80	111	0.717987
80	116	1.0203
80	133	0.908283
80	136	1.04804
80	139	1.02842
80	140	1.02446
80	148	1.02702
80	155	1.04447
80	158	1.02556
80	161	1.03451
80	162	1.03089
80	164	1.0242
80	165	1.04002
80	168	1.03172
80	169	1.32475
80	170	1.42905
81	11	1.23432
81	72	1.04334
81	89	0.961314
81	113	1.02018
81	117	1.00816
81	118	1.33049
81	119	0.976268
81	141	0.995814
81	160	0.954273
81	167	0.944092
81	169	0.949156
81	171	0.955846
81	172	0.95217
81	173	0.932645
81	175	0.9526
81	176	0.921136
81	177	0.904573
81	179	0.854444
81	180	0.918152
82	18	0.975178
82	27	1.06204
82	33	0.963779
82	37	0.957611
82	53	1.0023
82	54	1.00922
82	69	1.0118
82	70	0.999219
82	71	1.00398
82	73	1.0631
82	77	1.04818
82	97	1.0191
82	99	0.909687
82	100	1.08531
82	101	1.01755
82	120	0.981771
82	128	1.28288
82	134	1.33883
82	174	1.0576
83	1	1.09415
83	35	0.930866
83	48	1.00691
83	57	0.994239
83	67	0.984139
83	74	1.04532
83	88	1.00141
83	93	1.01064
83	95	0.995868
83	107	1.05609
83	122	0.995796
83	129	1.01076
83	131	0.761421
83	146	1.00665
83	151	1.01893
83	153	1.13716
83	159	1.62336
83	175	1.07545
83	178	1.05068
84	77	1.03623
84	78	0.99047
84	109	1.03319
84	110	0.977632
84	113	0.5999
84	139	1.00948
84	140	1.00551
84	145	1.00064
84	155	1.02553
84	158	1.00662
84	161	1.01557
84	162	1.01195
84	164	1.00526
84	165	1.02108
84	168	1.01278
84	169	1.3054
84	170	1.40969
84	175	1.25596
84	178	1.04665
85	7	1.01574
85	30	0.806273
85	35	0.983625
85	74	1.09808
85	88	1.05417
85	94	0.661376
85	129	1.06352
85	140	0.757226
85	168	0.782666
85	169	1.02766
85	170	1.00814
85	172	1.03067
85	174	1.10335
85	176	0.999639
85	177	0.983077
85	178	1.10344
85	179	0.932947
85	180	0.996655
86	7	0.891671
86	33	1.19933
86	40	1.03717
86	44	0.917803
86	48	0.791197
86	117	1.07936
86	143	1.03635
86	157	1.05675
86	166	1.01899
86	167	1.01529
86	169	1.02036
86	170	1.00084
86	172	1.02337
86	173	1.00385
86	175	1.0238
86	176	0.992335
86	177	0.975773
86	179	0.925643
86	180	0.989351
87	44	1.01671
87	91	1.0055
87	92	1.01275
87	96	0.973112
87	110	0.981939
87	127	1.01465
87	137	1.02139
87	138	0.866214
87	145	1.00495
87	155	1.02983
87	156	1.16792
87	161	1.01988
87	162	1.01626
87	164	1.00956
87	165	1.02539
87	168	1.01709
87	174	0.933177
87	176	1.61716
87	178	1.05096
88	1	1.07018
88	7	0.939014
88	57	0.970272
88	63	1.03033
88	67	0.960171
88	74	1.02135
88	83	1.00141
88	85	1.05417
88	93	0.986677
88	95	0.971901
88	107	1.03213
88	121	0.702444
88	122	0.971829
88	129	0.986789
88	146	0.982687
88	151	0.99496
88	154	1.03093
88	159	1.73614
88	170	1.34197
88	178	1.02671
89	68	0.986961
89	81	0.961314
89	124	1.0192
89	142	1.03016
89	146	0.968332
89	147	0.951925
89	149	0.964532
89	151	1.20443
89	159	0.896814
89	167	0.931514
89	168	1.27932
89	170	0.917058
89	171	0.943268
89	172	0.939592
89	175	0.940022
89	176	0.908558
89	177	0.891995
89	178	0.935034
89	179	0.841866
89	180	0.905573
90	53	0.984984
90	62	0.789763
90	75	0.957334
90	76	1.14563
90	92	1.00308
90	110	0.972267
90	128	0.988139
90	136	1.02374
90	139	1.00412
90	151	1.00954
90	153	0.957494
90	155	1.02016
90	158	1.00126
90	160	1.44608
90	161	1.0102
90	164	0.999891
90	165	1.01572
90	168	1.00741
90	174	0.996129
90	178	1.04129
91	16	1.06187
91	87	1.0055
91	109	1.01705
91	110	0.961494
91	127	0.99421
91	139	0.993343
91	140	0.989376
91	146	1.12935
91	148	0.991939
91	149	1.15144
91	151	0.998763
91	155	1.00939
91	156	1.06434
91	158	0.990484
91	161	0.999431
91	162	0.995814
91	164	0.989119
91	165	1.00494
91	168	0.996642
91	170	1.44106
92	59	0.967085
92	87	1.01275
92	90	1.00308
92	109	1.0243
92	121	0.836768
92	127	1.00146
92	134	1.14606
92	136	1.02022
92	139	1.0006
92	140	0.99663
92	148	0.999193
92	152	1.31068
92	153	0.953976
92	158	0.997738
92	161	1.00669
92	162	1.00307
92	164	0.996373
92	165	1.0122
92	168	1.0039
92	176	1.54881
93	15	0.955513
93	17	0.960952
93	35	0.91613
93	46	0.998002
93	57	0.979503
93	58	0.968466
93	67	0.969402
93	72	1.03246
93	74	1.03058
93	83	1.01064
93	88	0.986677
93	95	0.981132
93	122	0.98106
93	129	0.99602
93	146	0.991918
93	149	1.25262
93	151	1.00419
93	157	0.946212
93	160	1.38072
93	175	1.3885
93	178	1.03594
94	13	0.951447
94	52	0.976374
94	75	0.940557
94	79	1.01828
94	80	1.01413
94	85	0.661376
94	102	0.969419
94	118	0.97723
94	128	0.971362
94	136	1.00696
94	148	0.985934
94	151	0.992758
94	153	0.940717
94	155	1.00338
94	159	1.68917
94	161	0.993426
94	162	0.98981
94	165	0.998939
94	168	0.990637
94	170	1.295
94	178	1.02451
95	1	1.06464
95	11	0.942933
95	20	1.02955
95	46	0.983225
95	48	0.9774
95	57	0.964726
95	58	0.953689
95	67	0.954625
95	72	1.01769
95	74	1.0158
95	83	0.995868
95	88	0.971901
95	93	0.981132
95	111	1.00087
95	122	0.966283
95	129	0.981243
95	141	1.09034
95	144	1.15534
95	146	0.977141
95	163	1.72779
95	178	1.02117
96	2	1.63068
96	47	0.747103
96	49	1.62221
96	79	0.991897
96	87	0.973112
96	124	1.00497
96	148	0.959554
96	158	0.958099
96	159	0.882588
96	162	0.963429
96	165	0.972559
96	168	0.964257
96	170	0.902831
96	173	0.90584
96	174	0.99804
96	175	0.925795
96	177	0.877768
96	178	0.998129
96	179	0.827639
96	180	0.891347
97	6	0.952476
97	18	0.953051
97	26	0.952936
97	27	1.03991
97	33	0.941652
97	37	0.935484
97	53	0.980173
97	54	0.987091
97	69	0.989674
97	71	0.981858
97	73	1.04097
97	77	1.02605
97	82	1.0191
97	100	1.06319
97	101	0.995422
97	106	0.981083
97	120	0.959645
97	133	0.954717
97	144	0.918897
97	167	1.4413
97	180	1.67514
98	29	1.02533
98	52	1.47241
98	112	0.933256
98	131	1.00299
98	141	0.995681
98	143	0.965013
98	153	0.941008
98	158	1.31486
98	160	0.95414
98	163	0.945944
98	166	0.947653
98	167	0.943959
98	170	0.929503
98	171	0.955712
98	173	0.932512
98	175	0.952467
98	176	0.921002
98	177	0.90444
98	179	0.85431
98	180	0.918018
99	41	1.41013
99	58	1.13317
99	74	0.747007
99	82	0.909687
99	116	1.00824
99	140	1.01239
99	148	1.01495
99	150	1.02349
99	155	1.0324
99	158	1.01349
99	163	0.974667
99	164	1.01213
99	165	1.02795
99	168	1.01965
99	171	0.984435
99	172	0.980759
99	175	0.98119
99	176	0.949725
99	177	0.933163
99	179	0.883033
99	180	0.946741
100	6	1.01869
100	18	1.01926
100	26	1.01915
100	27	1.10612
100	33	1.00786
100	37	1.00169
100	53	1.04638
100	54	1.0533
100	70	1.0433
100	71	1.04807
100	73	1.10718
100	77	1.09226
100	82	1.08531
100	97	1.06319
100	101	1.06163
100	120	1.02586
100	152	0.538617
100	169	0.59994
100	172	0.457072
100	177	1.09786
100	179	2.53033
101	6	0.950923
101	18	0.951499
101	27	1.03836
101	33	0.9401
101	36	1.03319
101	37	0.933932
101	40	1.32724
101	53	0.978621
101	54	0.985539
101	69	0.988121
101	70	0.97554
101	71	0.980306
101	73	1.03942
101	77	1.0245
101	82	1.01755
101	97	0.995422
101	100	1.06163
101	106	0.97953
101	120	0.958092
101	169	1.36995
101	174	0.862782
102	52	0.97275
102	63	1.0245
102	75	0.936933
102	79	1.01465
102	94	0.969419
102	127	0.984582
102	136	1.00334
102	137	0.991317
102	140	0.979747
102	148	0.98231
102	149	0.518482
102	158	0.980856
102	159	1.20227
102	160	0.646585
102	161	0.989803
102	162	0.986186
102	164	0.97949
102	165	0.995316
102	168	0.987013
102	178	1.02089
102	179	2.6342
103	63	1.2644
103	104	0.837772
103	105	0.969412
103	128	0.941749
103	133	0.971321
103	134	0.964049
103	142	1.0127
103	143	0.935108
103	149	0.947072
103	151	1.38204
103	157	0.955508
103	158	1.37531
103	166	0.917748
103	171	0.925808
103	172	0.922132
103	173	0.902608
103	174	0.994807
103	175	0.922562
103	176	0.891098
103	177	0.874536
103	179	0.824406
103	180	0.888114
104	4	0.809392
104	103	0.837772
104	135	0.881139
104	139	3.98493
104	149	0.871027
104	156	0.886302
104	157	0.879464
104	159	0.80331
104	160	0.848191
104	163	0.839995
104	167	0.83801
104	169	0.843073
104	171	0.849763
104	172	0.846087
104	173	0.826563
104	174	0.918762
104	175	0.846518
104	176	0.815053
104	177	0.798491
104	179	0.748361
104	180	0.812069
105	18	1.14553
105	54	1.21668
105	103	0.969412
105	125	1.00876
105	130	0.964963
105	134	1.01964
105	138	1.03435
105	141	1.02137
105	150	1.02046
105	156	1.01794
105	157	1.0111
105	159	0.93495
105	166	0.973344
105	167	0.96965
105	168	0.704017
105	171	0.981404
105	173	0.958203
105	175	0.978158
105	176	0.946694
105	177	0.930131
105	179	0.880002
105	180	0.943709
106	14	2.22957
106	22	1.16854
106	24	0.902648
106	27	1.02402
106	30	1.03342
106	33	0.92576
106	39	0.994374
106	41	0.905353
106	47	0.993648
106	51	0.957348
106	54	0.971199
106	64	1.02385
106	69	0.973781
106	70	0.9612
106	71	0.965966
106	73	1.02508
106	97	0.981083
106	101	0.97953
106	141	0.532962
106	146	0.842845
106	147	0.960152
106	174	1.02049
107	11	1.00316
107	17	1.0064
107	20	1.08978
107	35	0.961578
107	46	1.04345
107	48	1.03763
107	57	1.02495
107	58	1.01391
107	67	1.01485
107	72	1.07791
107	83	1.05609
107	88	1.03213
107	120	1.26846
107	122	1.02651
107	129	1.04147
107	146	1.03737
107	151	1.04964
107	153	0.905189
107	163	1.01308
107	176	1.06973
107	178	1.08139
107	180	1.19688
108	109	0.780921
108	133	1.03148
108	136	0.975951
108	150	1.02502
108	152	1.02374
108	154	0.993969
108	156	1.0225
108	157	1.01566
108	159	0.93951
108	160	0.98439
108	161	0.983447
108	163	0.976195
108	164	0.891829
108	169	0.979273
108	170	0.959753
108	172	0.982287
108	173	0.962763
108	175	0.982717
108	176	0.951253
108	177	0.934691
108	179	0.884561
108	180	0.948269
109	59	0.991827
109	66	0.986587
109	75	0.978557
109	79	1.05628
109	84	1.03319
109	91	1.01705
109	92	1.0243
109	108	0.780921
109	116	1.01722
109	118	1.01523
109	139	1.02534
109	145	1.0165
109	148	1.02393
109	150	0.849889
109	155	1.04139
109	158	1.02248
109	164	1.02111
109	165	1.03694
109	167	1.24749
109	168	1.02864
109	172	1.03451
109	178	1.06251
109	180	1.48133
110	19	0.597704
110	43	0.963296
110	78	0.950775
110	84	0.977632
110	87	0.981939
110	90	0.972267
110	91	0.961494
110	118	0.959678
110	125	1.36557
110	136	0.989407
110	139	0.969785
110	140	0.965818
110	145	0.960944
110	153	0.923164
110	155	0.985832
110	158	0.966927
110	160	1.42864
110	161	0.975874
110	162	0.972257
110	164	0.965561
110	165	0.981387
110	168	0.973084
110	180	1.78982
111	26	1.44151
111	80	0.717987
111	95	1.00087
111	113	1.08849
111	132	1.02648
111	133	1.06968
111	141	1.06413
111	143	1.03346
111	150	1.06322
111	152	1.06194
111	160	1.02259
111	163	1.01439
111	164	0.68152
111	169	1.01747
111	171	1.02416
111	172	1.02049
111	173	1.00096
111	175	1.02092
111	176	0.989453
111	177	0.972891
111	178	0.360951
111	179	0.922761
111	180	0.986469
112	12	1.62508
112	21	1.54538
112	32	1.42954
112	56	0.929239
112	98	0.933256
112	118	0.937152
112	140	0.943293
112	155	0.963306
112	158	0.944402
112	160	0.91377
112	161	0.953348
112	164	0.943036
112	165	0.958861
112	168	0.950559
112	170	0.889134
112	172	0.911667
112	173	0.892143
112	175	0.912097
112	176	0.880633
112	177	0.864071
112	178	0.984431
112	179	0.813941
112	180	0.877649
113	17	1.37409
113	56	1.13257
113	81	1.02018
113	84	0.5999
113	111	1.08849
113	132	1.00445
113	137	0.697266
113	138	1.05508
113	141	1.0421
113	142	1.08902
113	152	1.03991
113	154	1.01014
113	157	1.03183
113	163	0.992362
113	168	0.6065
113	169	0.99544
113	172	0.998454
113	173	0.97893
113	174	1.07113
113	175	0.998884
113	176	0.96742
113	177	0.950858
113	179	0.900728
113	180	0.964436
114	51	1.00186
114	59	1.04834
114	131	1.06629
114	132	1.02133
114	135	1.05039
114	137	0.835152
114	145	0.927765
114	147	1.02767
114	149	1.04028
114	152	1.05679
114	156	1.05555
114	159	0.972561
114	167	1.00726
114	169	1.01232
114	170	0.992805
114	171	1.01901
114	172	1.01534
114	173	0.995814
114	175	1.01577
114	176	0.984304
114	177	0.967742
114	178	0.400105
114	179	0.917613
114	180	0.98132
115	54	1.26864
115	73	0.750644
115	127	0.758477
115	133	1.07003
115	135	1.05589
115	143	1.03381
115	144	0.994529
115	151	0.681095
115	152	1.06229
115	153	1.00981
115	159	0.978061
115	160	1.02294
115	162	0.755324
115	163	1.01475
115	169	1.01782
115	170	0.998305
115	171	1.02451
115	172	1.02084
115	173	1.00131
115	175	1.02127
115	176	0.989804
115	177	0.973242
115	179	0.923112
115	180	0.98682
116	10	0.580637
116	44	0.996439
116	55	0.972645
116	80	1.0203
116	99	1.00824
116	109	1.01722
116	118	0.983409
116	127	0.994384
116	136	1.01314
116	137	1.00112
116	140	0.98955
116	145	0.984675
116	151	0.998937
116	154	1.13555
116	155	1.00956
116	158	0.990658
116	161	0.999605
116	162	0.995988
116	164	0.989293
116	165	1.00512
116	166	1.29318
116	168	0.996816
116	175	1.29286
116	176	1.5191
116	178	1.03069
117	5	1.28997
117	77	0.800971
117	81	1.00816
117	86	1.07936
117	118	0.891003
117	119	1.01054
117	125	1.01748
117	130	1.09188
117	132	0.992433
117	142	1.07701
117	152	1.0279
117	154	0.998122
117	155	0.549351
117	159	0.943663
117	163	0.980348
117	167	0.978362
117	169	0.983426
117	170	0.963906
117	171	0.990116
117	173	0.966915
117	174	1.05911
117	175	0.98687
117	176	0.955406
117	177	0.938843
117	179	0.888714
117	180	0.952422
118	52	0.980562
118	56	0.973505
118	60	1.04011
118	66	0.952775
118	81	1.33049
118	94	0.97723
118	109	1.01523
118	110	0.959678
118	112	0.937152
118	116	0.983409
118	117	0.891003
118	127	0.992393
118	136	1.01115
118	145	0.982684
118	148	0.990122
118	155	1.00757
118	157	0.880336
118	158	0.988668
118	161	0.997614
118	162	0.993998
118	164	0.987302
118	165	1.00313
118	167	1.44218
118	168	0.994825
118	172	1.2292
118	178	1.0287
119	81	0.976268
119	117	1.01054
119	134	0.996463
119	143	0.967522
119	147	0.966879
119	151	1.12035
119	152	0.996002
119	154	0.966228
119	155	0.913649
119	156	0.994761
119	159	0.911769
119	160	0.956649
119	163	0.948454
119	164	1.17152
119	165	0.99518
119	167	0.946468
119	169	0.951532
119	170	0.932013
119	171	0.958222
119	172	0.954546
119	175	0.954976
119	176	0.923512
119	177	0.90695
119	179	0.85682
119	180	0.920528
120	27	1.00258
120	33	0.904322
120	37	0.898154
120	39	1.36862
120	54	0.949761
120	64	1.30246
120	69	0.952343
120	70	0.939762
120	72	1.46046
120	73	1.00364
120	82	0.981771
120	97	0.959645
120	100	1.02586
120	101	0.958092
120	107	1.26846
120	124	1.00599
120	149	0.951321
120	159	0.883604
120	160	0.928485
120	169	0.923367
120	171	0.930057
120	173	0.906857
120	174	0.999056
120	176	0.895347
120	177	0.878785
120	179	0.828655
120	180	0.892363
121	37	1.47344
121	79	0.716831
121	88	0.702444
121	92	0.836768
121	131	1.07733
121	142	1.11694
121	147	1.03871
121	149	1.05131
121	150	1.06911
121	152	1.06783
121	155	0.49518
121	156	1.06659
121	157	1.05975
121	159	0.983595
121	163	1.02028
121	166	1.02199
121	167	1.01829
121	168	0.776764
121	169	1.02336
121	170	1.00384
121	171	1.03005
121	172	1.02637
121	175	1.0268
121	176	0.995339
121	177	0.978776
121	179	0.928647
121	180	0.992354
122	1	1.06457
122	4	2.2359
122	7	0.933396
122	11	0.942862
122	15	0.940665
122	20	1.02948
122	35	0.901281
122	46	0.983154
122	48	0.977329
122	57	0.964654
122	58	0.953618
122	63	1.02471
122	67	0.954554
122	72	1.01761
122	76	0.910117
122	83	0.995796
122	88	0.971829
122	93	0.98106
122	95	0.966283
122	107	1.02651
122	125	1.1475
122	129	0.981172
122	131	0.904315
122	146	0.977069
122	151	0.989343
122	174	0.760618
122	178	1.02109
123	68	1.0556
123	69	1.42983
123	71	0.518241
123	74	1.12826
123	125	1.03926
123	126	1.03644
123	133	1.05742
123	134	1.05015
123	138	1.06485
123	139	0.374367
123	141	1.05187
123	150	1.05096
123	152	1.04968
123	154	1.01991
123	159	0.965451
123	160	1.01033
123	165	0.83811
123	167	1.00015
123	169	1.00521
123	170	0.985695
123	171	1.0119
123	172	1.00823
123	174	1.0809
123	175	1.00866
123	177	0.960632
123	178	0.693881
123	179	0.910503
123	180	0.97421
124	16	0.690522
124	27	0.660335
124	89	1.0192
124	96	1.00497
124	120	1.00599
124	126	1.03827
124	132	1.01605
124	133	1.05924
124	135	1.04511
124	141	1.0537
124	142	1.10062
124	145	1.0408
124	146	1.0388
124	150	1.05279
124	157	1.04343
124	161	0.925328
124	165	0.65737
124	168	0.857423
124	169	1.00704
124	170	0.987522
124	171	1.01373
124	172	1.01006
124	173	0.990531
124	174	1.08273
124	176	0.979022
124	177	0.962459
124	179	0.91233
124	180	0.976037
125	16	1.02481
125	34	0.959378
125	72	0.964633
125	105	1.00876
125	110	1.36557
125	117	1.01748
125	122	1.1475
125	123	1.03926
125	126	0.989699
125	135	0.996534
125	143	0.974459
125	150	1.00422
125	152	1.00294
125	154	0.973165
125	157	0.99486
125	158	1.11009
125	160	0.963586
125	166	0.957099
125	167	0.953405
125	169	0.958469
125	170	0.93895
125	171	0.965159
125	172	0.961483
125	173	0.941959
125	175	0.961913
125	176	0.930449
125	177	0.913887
125	179	0.863757
125	180	0.927465
126	4	0.921968
126	55	1.32308
126	57	1.13016
126	60	1.20292
126	71	0.810448
126	76	0.989579
126	123	1.03644
126	124	1.03827
126	125	0.989699
126	131	1.00962
126	135	0.993715
126	142	1.04923
126	149	0.983603
126	154	0.970346
126	156	0.998878
126	157	0.99204
126	159	0.915886
126	160	0.960767
126	165	1.13032
126	167	0.950586
126	169	0.95565
126	171	0.962339
126	172	0.958663
126	173	0.939139
126	175	0.959094
126	176	0.92763
126	177	0.911067
126	179	0.860938
126	180	0.924645
127	43	0.996011
127	56	0.98448
127	66	0.963749
127	75	0.95572
127	87	1.01465
127	91	0.99421
127	92	1.00146
127	102	0.984582
127	115	0.758477
127	116	0.994384
127	118	0.992393
127	128	0.986525
127	136	1.02212
127	137	1.0101
127	139	1.0025
127	145	0.993659
127	148	1.0011
127	149	1.12917
127	150	0.987004
127	151	1.00792
127	155	1.01855
127	156	1.04207
127	158	0.999643
127	161	1.00859
127	162	1.00497
127	165	1.0141
127	168	1.0058
127	171	1.26394
127	177	1.81241
127	178	1.03967
128	5	1.48914
128	24	1.51531
128	29	0.658955
128	30	1.05371
128	44	0.98858
128	52	0.974693
128	82	1.28288
128	90	0.988139
128	94	0.971362
128	103	0.941749
128	127	0.986525
128	137	0.99326
128	138	1.00669
128	140	0.981691
128	156	0.990279
128	158	0.982799
128	160	0.952168
128	162	0.988129
128	163	0.943972
128	164	0.981433
128	165	0.997259
128	167	0.941987
128	168	0.988957
128	170	0.927531
128	173	0.93054
128	175	0.950495
128	176	0.919031
128	177	0.902468
128	179	0.852339
128	180	0.916046
129	1	1.07953
129	7	0.948357
129	11	0.957822
129	15	0.955625
129	17	0.961064
129	20	1.04444
129	35	0.916242
129	46	0.998114
129	48	0.992289
129	57	0.979615
129	58	0.968578
129	63	1.03967
129	68	0.675494
129	72	1.03257
129	74	1.03069
129	83	1.01076
129	85	1.06352
129	88	0.986789
129	93	0.99602
129	95	0.981243
129	107	1.04147
129	122	0.981172
129	146	0.99203
129	151	1.0043
129	153	1.26066
129	163	1.36856
129	174	0.741226
129	176	1.4252
129	178	1.03605
129	180	1.55235
130	2	0.979029
130	3	0.970249
130	9	0.870187
130	12	0.994987
130	23	0.955303
130	28	0.948059
130	31	0.943713
130	32	1.03499
130	38	1.03318
130	44	1.00254
130	49	1.01832
130	65	1.06679
130	68	1.00004
130	76	0.994935
130	77	1.02636
130	105	0.964963
130	117	1.09188
130	131	1.20947
130	137	1.00722
130	139	0.999612
130	141	1.05565
130	145	0.990771
130	148	0.998209
130	153	0.952991
130	161	1.0057
130	162	1.00208
130	164	0.995389
130	165	1.01121
130	166	0.959636
130	172	1.43007
130	178	1.03678
131	4	0.944706
131	34	0.979296
131	51	1.206
131	61	1.02902
131	83	0.761421
131	98	1.00299
131	114	1.06629
131	121	1.07733
131	122	0.904315
131	126	1.00962
131	130	1.20947
131	133	1.03059
131	134	1.02332
131	135	1.01645
131	141	1.02505
131	149	1.00634
131	151	0.873638
131	152	1.02286
131	156	1.02162
131	158	0.866901
131	159	0.938624
131	160	0.983505
131	163	0.975309
131	169	0.978388
131	170	0.958868
131	171	0.985077
131	173	0.961877
131	175	0.981832
131	176	0.950368
131	179	0.883676
131	180	0.947383
132	1	0.888339
132	14	0.890644
132	65	1.10142
132	111	1.02648
132	113	1.00445
132	114	1.02133
132	117	0.992433
132	124	1.01605
132	134	0.978358
132	135	0.971492
132	142	1.02701
132	149	0.961381
132	152	0.977897
132	156	0.976656
132	157	0.969817
132	158	1.15823
132	160	0.938544
132	162	1.2392
132	166	0.932057
132	167	0.928363
132	168	1.23986
132	169	0.933427
132	170	0.913907
132	171	0.940117
132	173	0.916916
132	174	1.00912
132	175	0.936871
132	176	0.905407
132	177	0.888844
132	179	0.838715
132	180	0.902423
133	46	1.24194
133	65	0.757092
133	80	0.908283
133	97	0.954717
133	103	0.971321
133	108	1.03148
133	111	1.06968
133	115	1.07003
133	123	1.05742
133	124	1.05924
133	131	1.03059
133	134	1.02155
133	140	0.870087
133	143	0.992613
133	145	1.07891
133	150	1.02237
133	154	0.991319
133	156	1.01985
133	157	1.01301
133	159	0.936859
133	163	0.973544
133	167	0.971559
133	169	0.976622
133	170	0.957103
133	171	0.983312
133	173	0.960112
133	175	0.980067
133	176	0.948602
133	177	0.93204
133	179	0.881911
133	180	0.945618
134	32	0.652204
134	49	1.17288
134	60	0.958609
134	61	1.01998
134	82	1.33883
134	92	1.14606
134	103	0.964049
134	105	1.01964
134	119	0.996463
134	123	1.05015
134	131	1.02332
134	132	0.978358
134	133	1.02155
134	135	1.00742
134	136	1.14647
134	147	0.984697
134	149	0.997304
134	152	1.01382
134	154	0.984047
134	157	1.00574
134	159	0.929587
134	163	0.966272
134	167	0.964287
134	169	0.96935
134	170	0.949831
134	171	0.97604
134	172	0.972364
134	173	0.95284
134	175	0.972795
134	176	0.94133
134	177	0.924768
134	179	0.874639
134	180	0.938346
135	15	1.25929
135	44	1.47818
135	60	0.896537
135	64	0.63891
135	104	0.881139
135	114	1.05039
135	115	1.05589
135	124	1.04511
135	125	0.996534
135	126	0.993715
135	131	1.01645
135	132	0.971492
135	134	1.00742
135	141	1.00914
135	143	0.978475
135	148	1.10418
135	150	1.00823
135	152	1.00695
135	153	0.954471
135	154	0.977181
135	156	1.00571
135	159	0.922722
135	160	0.967602
135	165	0.823936
135	166	0.961115
135	167	0.957421
135	170	0.942966
135	171	0.969175
135	173	0.945975
135	174	1.03817
135	176	0.934465
135	179	0.867773
135	180	0.931481
136	8	0.974643
136	52	1.01029
136	56	1.00323
136	75	0.974474
136	80	1.04804
136	90	1.02374
136	92	1.02022
136	94	1.00696
136	102	1.00334
136	108	0.975951
136	110	0.989407
136	116	1.01314
136	118	1.01115
136	127	1.02212
136	134	1.14647
136	137	1.02886
136	138	0.798274
136	139	1.02126
136	142	0.819899
136	145	1.01241
136	147	1.00377
136	148	1.01985
136	153	0.974634
136	155	1.0373
136	158	1.0184
136	160	1.31519
136	161	1.02734
136	162	1.02373
136	164	1.01703
136	165	1.03286
136	168	1.02455
136	170	1.4767
136	178	1.05843
137	44	1.01216
137	55	0.988364
137	60	1.05782
137	66	0.970485
137	78	0.990226
137	79	1.04017
137	87	1.02139
137	102	0.991317
137	113	0.697266
137	114	0.835152
137	116	1.00112
137	127	1.0101
137	128	0.99326
137	130	1.00722
137	136	1.02886
137	139	1.00924
137	140	1.00527
137	144	0.947334
137	145	1.00039
137	151	1.01466
137	152	1.34144
137	153	0.962615
137	154	1.19602
137	155	1.02528
137	156	1.13034
137	158	1.00638
137	161	1.01532
137	162	1.01171
137	164	1.00501
137	165	1.02084
137	168	1.01254
137	171	1.35221
137	172	1.25989
137	178	1.04641
138	43	1.03535
138	44	1.19206
138	50	1.06814
138	54	1.25053
138	62	1.11589
138	78	1.00365
138	87	0.866214
138	105	1.03435
138	113	1.05508
138	123	1.06485
138	128	1.00669
138	136	0.798274
138	141	1.03071
138	146	1.01581
138	148	0.818052
138	149	1.01201
138	150	1.0298
138	152	1.02853
138	154	0.998751
138	157	1.02045
138	158	0.65624
138	159	0.944292
138	160	0.989173
138	163	0.980977
138	167	0.978991
138	169	0.984055
138	170	0.964536
138	171	0.990745
138	172	0.987069
138	173	0.967545
138	175	0.9875
138	176	0.956035
138	177	0.939473
138	179	0.889343
138	180	0.953051
139	8	0.955021
139	44	1.00456
139	53	0.982502
139	55	0.980761
139	79	1.03257
139	80	1.02842
