1	4	1.07258
1	18	1.02382
1	27	1.0162
1	31	1.11493
1	44	1.11596
1	49	0.952106
1	59	1.02188
1	95	1.0835
1	172	0.746746
1	174	0.760037
1	177	1.10416
1	178	1.45446
2	12	0.942188
2	21	1.11424
2	148	0.758887
2	149	0.736701
2	150	1.07994
2	159	0.693055
2	167	1.05197
2	169	1.03499
2	172	1.07996
2	174	1.08055
2	176	1.01372
2	178	0.942604
3	30	1.0379
3	74	1.02171
3	88	1.05475
3	94	1.09957
3	100	1.06155
3	106	1.04351
3	124	0.771384
3	126	1.05673
3	161	1.04091
3	162	0.968035
3	177	1.27327
3	179	1.03645
4	1	1.07258
4	16	1.03747
4	27	1.04172
4	35	1.0059
4	44	1.14148
4	49	0.977627
4	54	1.08328
4	59	1.0474
4	132	0.776346
4	152	1.16687
4	169	0.960373
4	177	1.16371
5	25	0.916596
5	58	1.03367
5	85	0.928912
5	94	0.967757
5	106	0.911701
5	116	1.21422
5	118	0.901793
5	126	0.924918
5	161	0.909096
5	170	1.37137
5	173	1.36502
5	179	0.90464
6	9	1.36307
6	75	1.16875
6	120	0.938045
6	123	0.975758
6	133	1.00615
6	136	0.932677
6	141	0.965119
6	142	0.913849
6	147	0.94256
6	155	0.848831
6	157	1.41527
6	173	0.879233
7	92	1.0134
7	108	1.07541
7	135	1.1555
7	138	1.07339
7	141	1.08462
7	142	1.03335
7	144	0.816676
7	147	1.06206
7	164	1.00734
7	166	1.06067
7	173	0.998738
7	176	1.08653
8	17	1.1606
8	79	0.924984
8	110	0.873859
8	113	0.978182
8	134	0.945361
8	139	1.2273
8	149	0.943515
8	159	0.943663
8	161	0.953786
8	173	1.564
8	177	0.874928
8	180	0.959389
9	6	1.36307
9	132	1.00065
9	133	1.06404
9	144	0.982629
9	146	0.939467
9	157	0.929491
9	164	0.921993
9	167	0.944027
9	170	0.910711
9	173	0.902074
9	174	0.972605
9	178	0.83466
10	97	0.914846
10	99	0.575062
10	113	0.846201
10	137	0.797011
10	168	1.09693
10	169	1.04783
10	172	1.0928
10	173	1.02286
10	174	1.09339
10	175	1.05796
10	176	1.02657
10	178	0.955447
11	96	0.914
11	97	0.892794
11	98	1.0486
11	101	0.988143
11	104	0.938081
11	110	0.864912
11	112	1.57376
11	113	0.969235
11	157	1.31012
11	159	0.934716
11	161	0.944839
11	180	0.950442
12	2	0.942188
12	24	0.840387
12	26	0.959365
12	68	0.926548
12	94	0.990205
12	100	0.952187
12	118	0.924241
12	126	0.947366
12	155	1.64595
12	161	0.931543
12	162	1.24601
12	179	0.927088
13	22	0.943595
13	132	1.02463
13	133	1.11437
13	136	1.0409
13	138	1.06211
13	141	1.07334
13	142	1.02207
13	144	1.04259
13	147	1.05078
13	165	1.04962
13	166	1.04939
13	173	0.987455
14	42	0.920096
14	48	0.997682
14	51	0.98984
14	64	0.952235
14	72	0.924067
14	83	0.972434
14	84	0.855598
14	102	0.871834
14	132	1.32327
14	148	0.91939
14	163	1.29931
14	180	1.32807
15	19	1.13642
15	41	1.07881
15	129	0.945135
15	149	1.05414
15	157	0.927861
15	162	0.974822
15	164	0.920363
15	165	0.976373
15	167	0.942397
15	176	0.904149
15	178	0.833031
15	180	0.974328
16	4	1.03747
16	18	0.988717
16	31	1.07982
16	35	0.945272
16	44	1.08085
16	49	0.916999
16	54	1.02265
16	59	0.98677
16	95	1.04839
16	151	0.850285
16	164	1.00333
16	169	0.978733
16	178	1.53237
17	8	1.1606
17	113	0.869212
17	116	1.01571
17	127	0.7667
17	151	1.04416
17	153	0.750543
17	164	0.994884
17	168	1.04904
17	171	1.04905
17	175	1.01006
17	176	0.97867
17	178	0.907552
17	180	1.04885
18	1	1.02382
18	16	0.988717
18	27	0.992966
18	31	1.0917
18	35	0.957147
18	44	1.09272
18	49	0.928873
18	54	1.03453
18	59	0.998645
18	92	1.2093
18	121	1.07426
18	163	0.954209
18	167	1.12817
19	15	1.13642
19	22	0.959637
19	98	0.936075
19	123	1.055
19	136	1.01192
19	138	1.03313
19	141	1.04436
19	142	0.993094
19	147	1.0218
19	152	0.949008
19	153	1.03418
19	158	1.20504
19	173	0.958479
20	70	0.877921
20	100	1.05059
20	105	0.965504
20	142	1.33402
20	145	1.16114
20	151	0.938371
20	163	0.95702
20	169	0.894142
20	170	0.87781
20	171	0.943259
20	174	0.939704
20	175	0.904272
20	178	0.801759
21	2	1.11424
21	37	1.00201
21	60	0.850842
21	148	0.773949
21	152	0.958967
21	154	0.983272
21	160	0.809833
21	165	1.04437
21	168	1.04251
21	172	1.03838
21	176	0.972142
21	178	0.901024
21	180	1.04232
22	13	0.943595
22	19	0.959637
22	29	0.895902
22	118	1.03856
22	135	0.973462
22	145	0.870678
22	158	1.01984
22	161	1.04586
22	169	1.00255
22	171	1.05167
22	175	1.01268
22	178	0.910169
22	179	1.04141
23	65	1.06623
23	96	0.876457
23	102	0.935467
23	139	1.07067
23	140	1.02355
23	142	0.888887
23	161	0.737983
23	163	1.055
23	170	0.975788
23	172	1.03709
23	175	1.00225
23	176	0.970856
23	178	0.899737
24	12	0.840387
24	68	0.904622
24	76	0.974273
24	94	0.968278
24	95	1.19281
24	100	0.930261
24	118	0.902314
24	126	0.925439
24	135	0.837215
24	161	0.909617
24	163	1.37437
24	176	1.68614
24	179	0.905161
25	5	0.916596
25	62	1.14364
25	76	1.07293
25	85	1.02809
25	100	1.02892
25	106	1.01088
25	118	1.00097
25	122	0.99261
25	126	1.0241
25	161	1.00827
25	173	1.17281
25	175	1.05477
25	179	1.00382
26	12	0.959365
26	30	1.02559
26	74	1.0094
26	106	1.0312
26	118	1.02129
26	126	1.04442
26	135	0.956193
26	143	0.965635
26	152	1.26276
26	161	1.0286
26	177	1.25959
26	179	1.02414
26	180	0.877031
27	1	1.0162
27	4	1.04172
27	18	0.992966
27	31	1.08407
27	35	0.949522
27	44	1.0851
27	49	0.921249
27	54	1.0269
27	59	0.99102
27	69	0.949209
27	164	1.16621
27	176	1.2454
27	179	1.00827
28	89	1.02679
28	133	1.07104
28	138	1.01878
28	140	1.09967
28	141	1.03001
28	142	0.978741
28	147	1.00745
28	153	1.01983
28	154	1.25195
28	160	1.00358
28	165	0.996197
28	173	0.944125
28	179	1.02189
29	22	0.895902
29	32	1.10404
29	38	0.967261
29	52	1.06054
29	64	1.0313
29	72	1.00313
29	83	1.0515
29	84	0.934662
29	102	0.950898
29	109	1.03352
29	148	0.998454
29	163	0.952977
29	177	1.3643
30	3	1.0379
30	26	1.02559
30	62	1.0545
30	85	1.01759
30	100	1.01842
30	106	1.00038
30	118	0.990468
30	121	0.943058
30	126	1.01359
30	161	0.997771
30	176	1.13478
30	177	1.23433
30	179	0.993316
31	1	1.11493
31	16	1.07982
31	18	1.0917
31	27	1.08407
31	35	1.04825
31	49	1.01998
31	54	1.12563
31	59	1.08975
31	95	1.15137
31	140	0.864358
31	155	1.21797
31	158	0.900268
31	174	0.779134
31	176	1.02371
32	29	1.10404
32	38	1.056
32	51	1.15765
32	64	1.12004
32	70	1.24068
32	83	1.14024
32	84	1.02341
32	90	1.07211
32	95	0.775187
32	102	1.03964
32	125	0.874801
32	139	0.880717
32	148	1.0872
32	172	1.01065
33	96	0.948551
33	97	0.927344
33	99	1.08918
33	101	1.02269
33	104	0.972631
33	110	0.899463
33	113	1.00379
33	150	0.970691
33	159	0.969266
33	161	0.97939
33	173	1.16501
33	176	1.21611
33	177	1.31566
33	180	0.984992
34	105	0.94295
34	127	1.00269
34	130	0.988346
34	134	0.980087
34	137	0.995362
34	145	0.973138
34	146	1.00911
34	149	0.978242
34	159	0.978389
34	166	0.982168
34	167	1.19997
34	169	1.23399
34	170	1.29302
34	177	0.909654
35	4	1.0059
35	16	0.945272
35	18	0.957147
35	27	0.949522
35	31	1.04825
35	44	1.04928
35	49	0.885429
35	54	0.991081
35	59	0.9552
35	77	0.993787
35	95	1.01682
35	152	1.34236
35	156	1.16549
35	164	1.16045
36	64	1.0181
36	71	1.25973
36	77	1.06949
36	84	0.921461
36	90	0.970168
36	92	1.25867
36	96	0.963996
36	102	0.937697
36	113	1.01923
36	148	0.985252
36	159	0.984711
36	161	0.994835
36	174	1.07077
36	180	1.00044
37	21	1.00201
37	73	0.977263
37	105	1.10163
37	123	1.00406
37	133	1.03445
37	136	0.960977
37	138	0.982188
37	141	0.993418
37	142	0.942148
37	147	0.970859
37	160	0.966982
37	165	1.23363
37	166	0.969469
37	180	1.21344
38	29	0.967261
38	32	1.056
38	42	0.951122
38	48	1.02871
38	51	1.02087
38	64	0.983261
38	69	1.12901
38	72	0.955093
38	83	1.00346
38	90	0.935332
38	102	0.902861
38	143	1.2308
38	172	1.16734
38	180	1.1422
39	57	1.01002
39	101	0.869723
39	122	1.0172
39	123	0.949007
39	130	0.918457
39	135	0.945676
39	158	0.992058
39	162	1.02417
39	167	0.99175
39	170	0.958434
39	174	1.02033
39	176	0.953502
39	178	0.882383
39	179	1.01362
40	92	1.28564
40	128	0.98997
40	129	1.22598
40	130	0.989627
40	134	0.981368
40	137	0.996642
40	144	1.07246
40	145	0.974419
40	146	1.01039
40	149	0.979522
40	160	0.980962
40	166	0.983448
40	171	1.08048
40	177	0.910935
41	15	1.07881
41	97	0.9521
41	110	0.924219
41	135	1.33984
41	138	1.01052
41	142	0.97048
41	147	0.999191
41	159	0.994022
41	161	1.00415
41	166	0.997801
41	168	1.02999
41	173	0.935865
41	175	1.10173
41	180	1.00975
42	14	0.920096
42	38	0.951122
42	48	1.06061
42	52	1.0444
42	72	0.986993
42	83	1.03536
42	84	0.918524
42	90	0.967231
42	102	0.93476
42	144	1.01119
42	148	0.982315
42	173	1.22995
42	177	1.3806
42	179	1.04392
43	96	1.06956
43	97	1.04835
43	98	0.839915
43	101	1.1437
43	104	1.09364
43	110	1.02047
43	113	1.12479
43	125	0.83861
43	132	0.944514
43	159	1.09027
43	161	1.10039
43	171	0.970486
43	173	1.18122
43	180	1.106
44	1	1.11596
44	4	1.14148
44	16	1.08085
44	18	1.09272
44	27	1.0851
44	35	1.04928
44	45	0.852121
44	49	1.02101
44	54	1.12666
44	59	1.09078
44	92	1.07644
44	109	0.901892
44	129	1.01679
44	162	0.92744
45	44	0.852121
45	52	0.932015
45	97	1.11135
45	147	0.958025
45	150	1.00976
45	158	0.982105
45	164	0.959763
45	168	1.01392
45	170	0.948481
45	171	1.01393
45	172	1.00979
45	174	1.01038
45	175	0.974943
45	178	0.87243
46	69	1.06362
46	96	0.948551
46	97	0.927344
46	99	1.08918
46	101	1.02269
46	104	0.972631
46	110	0.899463
46	113	1.00379
46	116	1.1579
46	154	1.35274
46	159	0.969266
46	161	0.97939
46	171	1.09797
46	180	0.984992
47	60	1.01933
47	89	0.997955
47	123	1.01181
47	133	1.04221
47	138	0.989944
47	142	0.949903
47	147	0.978614
47	152	0.905818
47	153	0.990994
47	171	1.13755
47	172	1.14152
47	173	0.915288
47	174	1.15482
47	175	1.23025
48	14	0.997682
48	38	1.02871
48	42	1.06061
48	52	1.12198
48	72	1.06458
48	83	1.11295
48	84	0.99611
48	90	1.04482
48	102	1.01235
48	124	0.811504
48	148	1.0599
48	151	0.981603
48	155	1.40809
48	165	0.951012
48	180	0.930824
49	1	0.952106
49	4	0.977627
49	16	0.916999
49	18	0.928873
49	27	0.921249
49	31	1.01998
49	35	0.885429
49	44	1.02101
49	54	0.962807
49	59	0.926927
49	95	0.988547
49	117	1.33899
49	125	1.12017
49	132	1.22607
49	179	1.27675
50	65	0.642739
50	84	1.11653
50	90	1.16524
50	102	1.13277
50	120	1.18044
50	121	0.752847
50	135	1.01353
50	136	1.17507
50	141	1.20751
50	142	1.15624
50	147	1.18495
50	148	1.18032
50	167	0.806754
50	176	0.944566
50	177	1.04412
51	14	0.98984
51	32	1.15765
51	38	1.02087
51	64	1.0849
51	72	1.05674
51	83	1.1051
51	84	0.988268
51	90	1.03698
51	102	1.0045
51	122	1.02727
51	140	1.09922
51	148	1.05206
51	163	0.9468
51	165	0.995751
51	168	1.01769
52	29	1.06054
52	42	1.0444
52	45	0.932015
52	48	1.12198
52	61	0.775534
52	64	1.07654
52	72	1.04837
52	83	1.09674
52	84	0.979902
52	90	1.02861
52	102	0.996138
52	148	1.04369
52	170	1.16826
52	173	1.16191
52	180	0.930004
53	78	0.741181
53	79	1.03085
53	131	1.09218
53	134	1.05122
53	137	1.0665
53	145	1.04427
53	146	1.08025
53	149	1.04938
53	157	1.10655
53	158	1.114
53	159	1.04953
53	166	1.0533
53	169	1.13366
53	172	0.979579
53	177	0.980791
54	4	1.08328
54	16	1.02265
54	18	1.03453
54	27	1.0269
54	31	1.12563
54	35	0.991081
54	44	1.12666
54	49	0.962807
54	59	1.03258
54	69	0.890223
54	95	1.0942
54	132	0.898606
54	154	1.17934
54	162	0.980736
54	170	1.14166
55	56	0.972339
55	59	0.820639
55	104	0.717224
55	130	0.706645
55	145	0.702331
55	147	1.08251
55	153	1.09489
55	155	0.988777
55	166	1.08112
55	169	1.04415
55	172	1.08912
55	173	1.01918
55	174	1.08971
55	175	1.05428
55	178	0.951766
56	55	0.972339
56	68	0.944633
56	74	0.930432
56	76	1.01428
56	85	0.969445
56	94	1.00829
56	106	0.952234
56	118	0.942325
56	126	0.96545
56	135	0.877227
56	140	1.35018
56	151	1.2773
56	161	0.949628
56	172	1.25167
56	179	0.945173
57	39	1.01002
57	77	1.08954
57	87	1.06578
57	97	0.987131
57	104	1.03242
57	110	0.959249
57	114	1.00051
57	145	1.0238
57	146	1.05977
57	149	1.0289
57	159	1.02905
57	160	1.03035
57	161	1.03918
57	177	0.960318
57	179	1.09827
57	180	1.04478
58	5	1.03367
58	85	1.14517
58	94	1.18401
58	100	1.14599
58	106	1.12796
58	118	1.11805
58	126	1.14117
58	135	1.05295
58	140	0.935432
58	150	0.849363
58	161	1.12535
58	165	0.831961
58	168	0.853899
58	172	0.836917
58	177	1.19434
58	179	1.12089
59	1	1.02188
59	4	1.0474
59	16	0.98677
59	18	0.998645
59	27	0.99102
59	31	1.08975
59	35	0.9552
59	44	1.09078
59	49	0.926927
59	54	1.03258
59	55	0.820639
59	65	1.05601
59	95	1.05832
59	144	1.08798
59	174	1.11326
59	175	1.18869
60	21	0.850842
60	47	1.01933
60	120	1.02707
60	125	0.951571
60	136	1.0217
60	138	1.04291
60	141	1.05414
60	142	1.00287
60	147	1.03158
60	152	0.958788
60	153	1.04396
60	166	1.03019
60	170	1.30053
60	173	0.968258
60	174	1.10071
60	180	1.06227
61	52	0.775534
61	76	0.716144
61	94	0.735356
61	110	1.12647
61	142	0.974928
61	146	1.04636
61	149	1.01549
61	159	1.01563
61	162	1.03185
61	163	1.04532
61	166	1.01941
61	169	0.982446
61	171	1.03156
61	174	1.02801
61	177	0.946899
61	180	1.03136
62	25	1.14364
62	30	1.0545
62	106	1.18957
62	140	0.95744
62	158	0.9433
62	166	1.18438
62	168	0.975111
62	169	0.926008
62	170	0.909676
62	171	0.975125
62	172	0.97098
62	174	0.97157
62	175	0.936138
62	176	0.904743
62	177	0.890461
62	178	0.833625
63	111	0.996154
63	115	0.860894
63	122	0.981706
63	127	1.04017
63	131	1.05852
63	134	1.01757
63	137	1.03284
63	145	1.01062
63	146	1.04659
63	149	1.01572
63	155	1.40727
63	159	1.01587
63	160	1.01716
63	168	0.972126
63	173	1.16191
63	177	0.947135
64	14	0.952235
64	29	1.0313
64	32	1.12004
64	36	1.0181
64	38	0.983261
64	51	1.0849
64	52	1.07654
64	84	0.950663
64	90	0.99937
64	102	0.966899
64	103	1.26557
64	116	1.01902
64	148	1.01445
64	167	1.08312
64	171	0.959091
64	175	1.05178
65	23	1.06623
65	50	0.642739
65	59	1.05601
65	94	0.871012
65	125	1.0686
65	126	0.920169
65	154	0.978124
65	161	0.95968
65	162	1.03767
65	164	0.983209
65	165	1.03922
65	168	1.03736
65	169	0.988259
65	174	1.03382
65	175	0.998389
65	176	0.966994
66	108	1.03263
66	114	0.728304
66	120	1.01477
66	123	1.05248
66	133	1.08288
66	135	1.13215
66	136	1.0094
66	141	1.04184
66	142	0.990572
66	147	1.01928
66	154	1.05612
66	155	0.925555
66	160	1.01541
66	166	1.01789
66	169	0.959406
66	178	1.51304
67	76	1.08409
67	100	1.04008
67	118	1.01213
67	126	1.03526
67	127	1.03361
67	134	1.01101
67	145	1.00406
67	149	1.00917
67	154	1.15349
67	158	1.03712
67	159	1.00931
67	168	0.91968
67	170	1.11581
67	176	1.16057
67	177	0.940579
67	179	1.01498
68	12	0.926548
68	24	0.904622
68	56	0.944633
68	74	0.976582
68	76	1.06043
68	85	1.0156
68	94	1.05444
68	100	1.01642
68	106	0.998384
68	109	1.10037
68	115	0.97948
68	126	1.0116
68	143	1.13719
68	157	1.2007
68	161	0.995779
68	164	1.25241
68	179	0.991323
69	27	0.949209
69	38	1.12901
69	46	1.06362
69	54	0.890223
69	117	0.993104
69	133	0.950945
69	158	0.998717
69	162	1.03083
69	169	0.981426
69	171	1.03054
69	172	1.0264
69	174	1.02699
69	175	0.991556
69	176	0.960161
69	177	0.945879
69	178	0.889042
69	179	1.02028
70	20	0.877921
70	32	1.24068
70	115	0.978758
70	119	1.14777
70	128	1.2706
70	146	1.09472
70	156	0.894194
70	157	0.900377
70	162	0.947338
70	163	0.960808
70	164	0.892879
70	168	0.947033
70	169	0.89793
70	172	0.942901
70	174	0.943491
70	175	0.90806
70	178	0.805546
71	36	1.25973
71	95	1.00391
71	104	1.1988
71	108	1.14489
71	109	0.963377
71	143	0.92579
71	144	0.956599
71	151	0.945242
71	153	1.14942
71	154	0.890878
71	164	0.895963
71	167	0.917997
71	170	0.884681
71	171	0.950131
71	173	0.876044
71	176	0.879749
71	178	0.80863
72	14	0.924067
72	29	1.00313
72	38	0.955093
72	42	0.986993
72	48	1.06458
72	51	1.05674
72	52	1.04837
72	83	1.03933
72	84	0.922495
72	90	0.971202
72	102	0.938731
72	135	1.35564
72	144	1.01682
72	148	0.986287
72	150	1.04126
72	170	1.24192
72	172	1.02881
73	37	0.977263
73	80	1.05439
73	88	1.21248
73	105	0.93662
73	133	1.06086
73	136	0.987387
73	138	1.0086
73	141	1.01983
73	142	0.968558
73	147	0.997269
73	155	0.90354
73	160	0.993393
73	163	1.01968
73	166	0.995879
73	173	0.933943
73	174	1.08687
73	177	1.431
74	3	1.02171
74	26	1.0094
74	56	0.930432
74	68	0.976582
74	76	1.04623
74	85	1.00139
74	94	1.04024
74	100	1.00222
74	103	1.13358
74	106	0.984184
74	109	0.857709
74	112	1.22169
74	117	0.91404
74	126	0.9974
74	135	0.909176
74	178	1.53879
74	179	0.977122
75	6	1.16875
75	104	1.0191
75	110	0.945933
75	113	1.05026
75	138	0.858674
75	148	0.890978
75	153	0.827625
75	156	0.978813
75	159	1.01574
75	161	1.02586
75	166	0.887234
75	167	0.999532
75	169	0.982549
75	175	0.992679
75	176	0.961284
75	178	0.890166
75	180	1.03146
76	24	0.974273
76	25	1.07293
76	56	1.01428
76	61	0.716144
76	67	1.08409
76	68	1.06043
76	74	1.04623
76	100	1.08607
76	118	1.05813
76	122	0.92232
76	126	1.08125
76	135	0.993028
76	150	0.908204
76	158	1.03018
76	161	1.06543
76	176	1.15363
76	177	1.25318
76	179	1.06097
77	35	0.993787
77	36	1.06949
77	57	1.08954
77	134	1.01538
77	141	0.997333
77	154	0.956129
77	156	0.962528
77	157	0.968712
77	158	0.983556
77	163	1.02914
77	164	0.961214
77	169	0.966264
77	170	0.949932
77	172	1.01124
77	174	1.01183
77	175	0.976394
77	176	0.945
77	178	0.873881
78	53	0.741181
78	82	0.730371
78	89	0.905128
78	95	1.14002
78	113	0.827443
78	124	1.1126
78	136	0.848203
78	156	1.03339
78	164	1.03208
78	165	1.08809
78	166	0.768383
78	169	1.03713
78	170	1.0208
78	171	1.08625
78	174	1.08269
78	176	1.01586
78	177	1.00158
78	178	0.944745
79	8	0.924984
79	53	1.03085
79	105	0.97327
79	107	0.922062
79	119	1.02785
79	125	0.974384
79	128	0.972149
79	130	0.971806
79	131	1.0045
79	137	0.978822
79	145	0.956598
79	146	0.992571
79	149	0.961701
79	160	0.963142
79	171	1.10626
79	172	1.11023
79	177	0.893114
79	178	1.81795
80	73	1.05439
80	98	0.756345
80	120	1.04347
80	123	1.08118
80	133	1.11158
80	136	1.0381
80	138	1.05931
80	141	1.07054
80	142	1.01927
80	147	1.04798
80	160	1.04411
80	163	0.836982
80	166	1.04659
80	171	0.886916
80	173	0.984656
80	176	1.14876
80	178	1.5986
80	180	0.865744
81	107	0.93134
81	109	1.03095
81	111	0.951412
81	128	0.981428
81	131	1.01378
81	134	0.972826
81	137	0.9881
81	144	0.992322
81	145	0.965877
81	146	1.00185
81	149	0.97098
81	159	0.971128
81	160	0.97242
81	166	0.974906
81	170	1.21742
81	177	0.902393
81	178	1.71203
81	179	1.02504
82	78	0.730371
82	86	1.07907
82	92	1.16996
82	107	1.00843
82	111	1.0285
82	119	1.11423
82	122	0.995332
82	130	1.05818
82	134	1.04992
82	137	1.06519
82	145	1.04297
82	146	1.07894
82	148	1.04876
82	149	1.04807
82	156	1.15248
82	165	0.963814
82	172	0.96877
82	177	0.979486
83	14	0.972434
83	29	1.0515
83	32	1.14024
83	38	1.00346
83	42	1.03536
83	48	1.11295
83	51	1.1051
83	52	1.09674
83	72	1.03933
83	90	1.01957
83	102	0.987098
83	148	1.03465
83	163	0.770202
83	168	0.841091
83	169	0.978191
83	177	1.18153
83	178	1.53182
83	180	0.798964
84	14	0.855598
84	29	0.934662
84	32	1.02341
84	36	0.921461
84	42	0.918524
84	48	0.99611
84	50	1.11653
84	51	0.988268
84	52	0.979902
84	64	0.950663
84	72	0.922495
84	90	0.902733
84	102	0.870262
84	139	1.06039
84	140	1.28884
84	148	0.917818
84	158	1.32475
84	173	1.39708
84	179	1.21106
85	5	0.928912
85	25	1.02809
85	30	1.01759
85	56	0.969445
85	58	1.14517
85	68	1.0156
85	74	1.00139
85	94	1.07925
85	106	1.0232
85	117	1.0561
85	118	1.01329
85	126	1.03641
85	150	0.985576
85	151	0.998765
85	158	1.10756
85	161	1.02059
85	164	1.15181
85	167	1.09319
85	179	1.01613
86	82	1.07907
86	127	1.03568
86	128	1.02168
86	130	1.02134
86	131	1.05403
86	137	1.02835
86	145	1.00613
86	146	1.0421
86	148	1.01192
86	149	1.01123
86	153	1.02893
86	158	1.17935
86	162	1.09711
86	163	0.991014
86	166	1.01516
86	172	1.04492
86	177	0.942644
86	179	1.06565
86	180	1.01978
87	57	1.06578
87	88	0.968175
87	94	0.903214
87	123	1.00477
87	143	0.98731
87	145	0.969903
87	156	0.958797
87	161	0.991882
87	162	1.01194
87	164	0.957482
87	167	0.979516
87	170	0.946201
87	172	1.0075
87	174	1.00809
87	175	0.972663
87	177	0.926986
87	178	0.87015
87	179	1.00139
88	3	1.05475
88	73	1.21248
88	87	0.968175
88	112	0.865136
88	119	1.05665
88	126	1.10303
88	136	1.2255
88	156	0.916058
88	163	0.982672
88	164	0.914743
88	165	0.970753
88	168	0.968897
88	171	0.968911
88	172	0.964765
88	173	0.894825
88	174	0.965356
88	175	0.929924
88	176	0.898529
88	178	0.827411
88	179	0.958649
89	28	1.02679
89	47	0.997955
89	78	0.905128
89	95	0.908065
89	108	1.02355
89	120	1.00569
89	136	1.00032
89	138	1.02153
89	141	1.03276
89	142	0.981495
89	147	1.01021
89	150	1.15597
89	153	1.02259
89	155	0.916477
89	160	1.00633
89	166	1.00882
89	167	1.26358
89	173	0.946879
89	175	1.23225
89	180	1.11838
90	32	1.07211
90	36	0.970168
90	38	0.935332
90	42	0.967231
90	48	1.04482
90	50	1.16524
90	51	1.03698
90	52	1.02861
90	64	0.99937
90	72	0.971202
90	83	1.01957
90	84	0.902733
90	102	0.918969
90	116	1.09314
90	121	1.10333
90	144	1.02519
90	148	0.966525
90	164	1.21586
90	170	1.25029
90	180	1.01204
91	107	0.952977
91	112	1.36134
91	119	1.05877
91	127	1.01706
91	128	1.00307
91	131	1.03542
91	134	0.994463
91	137	1.00974
91	145	0.987514
91	146	1.02349
91	148	0.993306
91	149	0.992617
91	151	0.996357
91	153	1.01031
91	162	1.02291
91	166	0.996543
91	167	1.09078
91	176	1.22859
91	177	0.92403
91	179	0.991455
92	7	1.0134
92	18	1.2093
92	36	1.25867
92	40	1.28564
92	44	1.07644
92	82	1.16996
92	108	0.955547
92	114	0.978504
92	123	0.9754
92	141	0.964761
92	147	0.942202
92	152	0.869405
92	156	0.900108
92	168	0.952948
92	171	0.952962
92	172	0.948816
92	173	0.878875
92	175	0.913974
92	176	0.88258
92	177	0.868298
93	96	1.08855
93	97	1.06734
93	99	1.22918
93	101	1.16269
93	104	1.11263
93	110	1.03946
93	113	1.14379
93	114	0.804735
93	143	0.945215
93	159	1.10927
93	161	1.11939
93	162	0.933941
93	169	1.03584
93	171	0.877782
93	179	0.902487
93	180	1.12499
94	3	1.09957
94	5	0.967757
94	12	0.990205
94	24	0.968278
94	56	1.00829
94	58	1.18401
94	61	0.735356
94	65	0.871012
94	68	1.05444
94	74	1.04024
94	85	1.07925
94	87	0.903214
94	106	1.06204
94	118	1.05213
94	126	1.07526
94	161	1.05944
94	169	1.06905
94	170	1.12808
94	176	1.17284
94	179	1.05498
94	180	0.889826
95	1	1.0835
95	16	1.04839
95	24	1.19281
95	31	1.15137
95	32	0.775187
95	35	1.01682
95	49	0.988547
95	54	1.0942
95	59	1.05832
95	71	1.00391
95	78	1.14002
95	89	0.908065
95	133	0.75381
95	138	0.74276
95	149	0.752878
95	159	0.709232
95	172	1.06202
95	174	1.06261
95	176	0.99578
95	178	0.924662
95	180	1.06596
96	11	0.914
96	23	0.876457
96	33	0.948551
96	36	0.963996
96	43	1.06956
96	46	0.948551
96	93	1.08855
96	97	0.91789
96	99	1.07973
96	101	1.01324
96	104	0.963177
96	110	0.890008
96	113	0.994331
96	115	1.04786
96	124	0.997649
96	159	0.959812
96	161	0.969935
96	164	1.32079
96	165	1.13716
96	177	1.49953
96	180	0.975538
97	10	0.914846
97	11	0.892794
97	33	0.927344
97	41	0.9521
97	43	1.04835
97	45	1.11135
97	46	0.927344
97	57	0.987131
97	93	1.06734
97	96	0.91789
97	99	1.05852
97	101	0.992032
97	103	1.43699
97	104	0.94197
97	110	0.868802
97	113	0.973125
97	159	0.938605
97	161	0.948729
97	164	1.31316
97	165	1.12953
97	179	1.15522
97	180	0.954331
98	11	1.0486
98	19	0.936075
98	43	0.839915
98	80	0.756345
98	127	1.05921
98	128	1.04521
98	130	1.04487
98	136	0.952058
98	141	0.850778
98	145	1.02966
98	146	1.06564
98	149	1.03477
98	161	0.869096
98	162	1.05113
98	167	1.01871
98	168	1.05083
98	171	1.05084
98	172	1.0467
98	176	0.980462
98	177	0.96618
98	178	0.909343
98	179	1.04058
99	10	0.575062
99	33	1.08918
99	46	1.08918
99	93	1.22918
99	96	1.07973
99	97	1.05852
99	101	1.15387
99	104	1.10381
99	110	1.03064
99	113	1.13496
99	129	0.936234
99	140	0.893216
99	158	0.929127
99	159	1.10044
99	161	1.11057
99	167	0.914758
99	173	1.00146
99	177	1.15212
99	180	1.11617
100	3	1.06155
100	12	0.952187
100	20	1.05059
100	24	0.930261
100	25	1.02892
100	30	1.01842
100	58	1.14599
100	67	1.04008
100	68	1.01642
100	74	1.00222
100	76	1.08607
100	106	1.02402
100	118	1.01412
100	126	1.03724
100	140	0.969626
100	155	1.32324
100	156	1.05482
100	161	1.02142
100	163	0.817205
100	175	0.959833
100	176	1.12898
100	179	1.01696
101	11	0.988143
101	33	1.02269
101	39	0.869723
101	43	1.1437
101	46	1.02269
101	93	1.16269
101	96	1.01324
101	97	0.992032
101	99	1.15387
101	104	1.03732
101	110	0.96415
101	113	1.06847
101	121	1.00339
101	159	1.03395
101	161	1.04408
101	162	0.989426
101	171	0.933267
101	174	0.95053
101	177	1.29466
101	179	0.957972
101	180	1.04968
102	14	0.871834
102	23	0.935467
102	29	0.950898
102	32	1.03964
102	36	0.937697
102	38	0.902861
102	42	0.93476
102	48	1.01235
102	50	1.13277
102	51	1.0045
102	52	0.996138
102	64	0.966899
102	72	0.938731
102	83	0.987098
102	84	0.870262
102	90	0.918969
102	122	1.22768
102	124	1.05666
102	148	0.934054
102	174	1.21441
102	175	1.28984
102	176	1.45899
103	64	1.26557
103	74	1.13358
103	97	1.43699
103	109	0.949572
103	117	0.898886
103	145	1.28417
103	151	0.931437
103	158	0.9045
103	159	1.2472
103	162	0.936616
103	164	0.882158
103	165	0.938167
103	168	0.936311
103	169	0.887208
103	170	0.870876
103	171	0.936325
103	172	0.93218
103	173	0.862239
103	174	0.93277
103	176	0.865943
103	178	0.794825
103	180	0.936122
104	11	0.938081
104	33	0.972631
104	43	1.09364
104	46	0.972631
104	55	0.717224
104	57	1.03242
104	71	1.1988
104	75	1.0191
104	93	1.11263
104	96	0.963177
104	97	0.94197
104	99	1.10381
104	101	1.03732
104	110	0.914088
104	113	1.01841
104	129	1.13809
104	143	1.06001
104	151	1.02219
104	159	0.983892
104	161	0.994016
104	171	0.99258
104	177	1.35397
104	180	0.999618
105	20	0.965504
105	34	0.94295
105	37	1.10163
105	73	0.93662
105	79	0.97327
105	109	1.04788
105	139	1.06406
105	141	0.84836
105	142	1.01758
105	144	1.0411
105	146	0.727736
105	157	0.98796
105	162	1.03492
105	163	1.04839
105	164	0.980463
105	165	1.03647
105	167	1.0025
105	170	0.969181
105	171	1.03463
105	174	1.03108
105	175	0.995643
105	176	0.964249
105	178	0.89313
106	3	1.04351
106	5	0.911701
106	25	1.01088
106	26	1.0312
106	30	1.00038
106	56	0.952234
106	58	1.12796
106	62	1.18957
106	68	0.998384
106	74	0.984184
106	85	1.0232
106	94	1.06204
106	100	1.02402
106	118	0.996077
106	135	0.930978
106	139	0.882044
106	157	1.13895
106	161	1.00338
106	162	1.06416
106	164	1.19065
106	174	1.02527
106	175	1.1007
106	179	0.998924
107	79	0.922062
107	81	0.93134
107	82	1.00843
107	91	0.952977
107	111	0.921024
107	119	1.00675
107	130	0.950697
107	134	0.942438
107	137	0.957712
107	145	0.935489
107	146	0.971462
107	149	0.940592
107	153	0.958289
107	159	0.94074
107	160	0.942032
107	163	1.12411
107	166	0.944518
107	167	1.29807
107	168	1.195
107	169	1.3321
107	173	1.38478
107	175	1.26674
107	177	0.872005
108	7	1.07541
108	66	1.03263
108	71	1.14489
108	89	1.02355
108	92	0.955547
108	115	0.848397
108	116	0.998603
108	123	1.03741
108	133	1.0678
108	136	0.994328
108	138	1.01554
108	141	1.02677
108	142	0.9755
108	147	1.00421
108	152	0.931414
108	153	1.01659
108	157	1.06962
108	160	1.00033
108	165	0.937691
108	166	1.00282
108	172	0.942647
108	173	0.940884
108	178	1.65036
109	29	1.03352
109	44	0.901892
109	68	1.10037
109	71	0.963377
109	74	0.857709
109	81	1.03095
109	103	0.949572
109	105	1.04788
109	116	0.992289
109	124	1.05198
109	130	1.01261
109	154	0.96638
109	156	0.972779
109	165	1.02747
109	166	1.03342
109	167	0.993498
109	169	0.976515
109	170	0.960183
109	171	1.02563
109	172	1.02149
109	174	1.02208
109	175	0.986645
109	176	0.95525
109	178	0.884132
110	8	0.873859
110	11	0.864912
110	33	0.899463
110	41	0.924219
110	43	1.02047
110	46	0.899463
110	57	0.959249
110	61	1.12647
110	75	0.945933
110	93	1.03946
110	96	0.890008
110	97	0.868802
110	99	1.03064
110	101	0.96415
110	104	0.914088
110	113	0.945243
110	114	1.22906
110	124	1.16162
110	159	0.910723
110	161	0.920847
110	164	1.48476
110	168	1.32306
110	169	1.46016
110	180	0.92645
111	63	0.996154
111	81	0.951412
111	82	1.0285
111	107	0.921024
111	119	1.02682
111	127	0.985111
111	128	0.971112
111	130	0.970768
111	131	1.00347
111	134	0.962509
111	137	0.977784
111	144	1.14053
111	145	0.95556
111	146	0.991533
111	149	0.960664
111	151	1.17815
111	153	0.97836
111	157	1.27949
111	158	1.28694
111	160	0.962104
111	165	1.14756
111	166	0.96459
111	171	1.14854
111	177	0.892077
111	180	1.12737
112	11	1.57376
112	74	1.22169
112	88	0.865136
112	91	1.36134
112	121	0.911656
112	130	1.37659
112	139	0.938044
112	144	0.915079
112	150	0.904443
112	152	0.825054
112	154	0.849358
112	156	0.855757
112	157	0.861941
112	160	1.43702
112	162	0.908901
112	163	0.922371
112	165	0.910453
112	167	0.876477
112	168	0.908597
112	174	0.905055
112	175	0.869623
112	178	0.76711
112	179	0.898349
112	180	0.908407
113	8	0.978182
113	10	0.846201
113	11	0.969235
113	17	0.869212
113	33	1.00379
113	36	1.01923
113	43	1.12479
113	46	1.00379
113	75	1.05026
113	78	0.827443
113	93	1.14379
113	96	0.994331
113	97	0.973125
113	99	1.13496
113	101	1.06847
113	104	1.01841
113	110	0.945243
113	122	1.0924
113	159	1.01505
113	161	1.02517
113	169	1.21992
113	171	1.06187
113	174	1.07913
113	179	1.08657
113	180	1.03077
114	57	1.00051
114	66	0.728304
114	92	0.978504
114	93	0.804735
114	110	1.22906
114	139	1.06736
114	140	1.02024
114	141	0.908302
114	143	1.01359
114	146	0.787679
114	147	0.904138
114	150	1.03376
114	151	1.03304
114	160	0.969391
114	163	1.05169
114	165	1.03977
114	170	0.972478
114	171	1.03793
114	172	1.03378
114	174	1.03437
114	175	0.99894
114	176	0.967546
114	177	0.953264
114	178	0.896427
114	179	1.02767
114	180	1.03772
115	63	0.860894
115	68	0.97948
115	70	0.978758
115	96	1.04786
115	108	0.848397
115	116	1.01075
115	121	1.04714
115	125	1.07532
115	131	0.863511
115	136	0.992351
115	149	0.894089
115	150	1.03993
115	151	1.03921
115	154	0.984844
115	155	0.939608
115	159	0.850443
115	162	1.04439
115	164	0.989929
115	167	1.01196
115	168	1.04408
115	169	0.994979
115	171	1.0441
115	172	1.03995
115	174	1.04054
115	176	0.973714
115	178	0.902596
116	5	1.21422
116	17	1.01571
116	46	1.1579
116	64	1.01902
116	90	1.09314
116	108	0.998603
116	109	0.992289
116	115	1.01075
116	123	1.07248
116	129	0.949646
116	131	1.01372
116	143	0.954702
116	151	0.974154
116	156	0.92619
116	163	0.992803
116	164	0.924875
116	167	0.946909
116	168	0.979029
116	169	0.929926
116	170	0.913593
116	171	0.979043
116	172	0.974897
116	173	0.904956
116	175	0.940056
116	176	0.908661
116	180	0.97884
117	49	1.33899
117	69	0.993104
117	74	0.91404
117	85	1.0561
117	103	0.898886
117	126	1.0471
117	128	1.12354
117	132	0.999431
117	139	1.00438
117	149	1.07131
117	154	0.915694
117	155	0.870458
117	157	0.928277
117	161	1.08661
117	162	0.975237
117	163	0.988707
117	167	0.942813
117	168	0.974933
117	170	0.909497
117	171	0.974947
117	172	0.970801
117	173	0.90086
117	174	0.971391
117	176	0.904565
117	178	0.833446
117	179	0.964685
117	180	0.974744
118	5	0.901793
118	12	0.924241
118	22	1.03856
118	24	0.902314
118	25	1.00097
118	26	1.02129
118	30	0.990468
118	56	0.942325
118	58	1.11805
118	67	1.01213
118	76	1.05813
118	85	1.01329
118	94	1.05213
118	100	1.01412
118	106	0.996077
118	126	1.00929
118	129	1.13971
118	135	0.921069
118	140	1.09669
118	154	1.24897
118	161	0.993471
118	163	0.944273
118	165	0.993224
118	169	1.15226
118	170	1.21129
118	176	1.25605
118	179	0.989015
119	70	1.14777
119	79	1.02785
119	82	1.11423
119	88	1.05665
119	91	1.05877
119	107	1.00675
119	111	1.02682
119	128	1.05683
119	130	1.05649
119	131	1.08919
119	132	0.887803
119	134	1.04823
119	137	1.06351
119	145	1.04128
119	146	1.07726
119	148	1.04707
119	149	1.04639
119	153	1.06408
119	157	1.04472
119	159	1.04653
119	160	1.04783
119	162	0.969934
119	167	1.0378
119	168	0.93473
119	171	0.913776
119	172	0.917748
119	177	0.977798
120	6	0.938045
120	50	1.18044
120	60	1.02707
120	66	1.01477
120	80	1.04347
120	89	1.00569
120	123	1.01955
120	133	1.04994
120	136	0.976469
120	138	0.99768
120	139	0.999033
120	141	1.00891
120	142	0.95764
120	147	0.986351
120	150	1.14141
120	151	1.1546
120	152	0.913555
120	153	0.998731
120	155	0.892623
120	160	0.982475
120	166	0.984961
120	168	1.14595
120	171	1.12499
120	173	0.923025
120	174	1.14226
120	175	1.21769
120	180	1.10382
121	18	1.07426
121	30	0.943058
121	50	0.752847
121	90	1.10333
121	101	1.00339
121	112	0.911656
121	115	1.04714
121	122	1.00875
121	131	1.02391
121	140	0.997745
121	148	1.07667
121	150	1.01126
121	152	0.931874
121	154	0.956178
121	158	0.983605
121	162	1.01572
121	165	1.01727
121	166	1.07293
121	167	0.983296
121	168	1.01542
121	169	0.966313
121	170	0.949981
121	171	1.01543
121	173	0.941344
121	174	1.01188
121	176	0.945049
121	178	0.87393
121	180	1.01523
122	25	0.99261
122	39	1.0172
122	51	1.02727
122	63	0.981706
122	76	0.92232
122	82	0.995332
122	102	1.22768
122	113	1.0924
122	121	1.00875
122	125	1.03692
122	137	1.04321
122	143	0.981361
122	144	1.01217
122	158	0.973876
122	162	1.00599
122	163	1.01946
122	164	0.951533
122	165	1.00754
122	167	0.973567
122	168	1.00569
122	169	0.956584
122	170	0.940252
122	171	1.0057
122	172	1.00156
122	173	0.931615
122	175	0.966714
122	176	0.935319
122	178	0.864201
123	6	0.975758
123	19	1.055
123	37	1.00406
123	39	0.949007
123	47	1.01181
123	66	1.05248
123	80	1.08118
123	87	1.00477
123	92	0.9754
123	108	1.03741
123	116	1.07248
123	120	1.01955
123	133	1.08766
123	136	1.01418
123	138	1.03539
123	141	1.04662
123	142	0.995353
123	143	1.07998
123	147	1.02406
123	152	0.951267
123	155	0.930335
123	156	1.20023
123	160	1.02019
123	163	0.962617
123	166	1.02267
123	168	1.03351
123	173	0.960737
123	175	1.10524
123	180	0.991379
124	3	0.771384
124	48	0.811504
124	78	1.1126
124	96	0.997649
124	102	1.05666
124	109	1.05198
124	110	1.16162
124	130	0.841509
124	143	1.0144
124	147	0.836693
124	150	1.03457
124	151	1.03385
124	157	0.992067
124	158	1.00691
124	160	0.901946
124	161	0.859175
124	162	1.03903
124	163	1.0525
124	164	0.984569
124	165	1.04058
124	169	0.98962
124	170	0.973287
124	171	1.03874
124	172	1.03459
124	173	0.96465
124	176	0.968355
124	178	0.897236
124	179	1.02848
124	180	1.03853
125	32	0.874801
125	43	0.83861
125	49	1.12017
125	60	0.951571
125	65	1.0686
125	79	0.974384
125	115	1.07532
125	122	1.03692
125	129	1.01421
125	137	0.880803
125	143	1.01927
125	153	0.811324
125	156	0.990754
125	157	0.996937
125	160	0.910562
125	163	1.05737
125	165	1.04545
125	166	0.870933
125	167	1.01147
125	168	1.04359
125	169	0.99449
125	170	0.978158
125	171	1.04361
125	172	1.03946
125	174	1.04005
125	175	1.00462
125	176	0.973225
125	177	0.958943
125	178	0.902107
126	3	1.05673
126	5	0.924918
126	12	0.947366
126	24	0.925439
126	25	1.0241
126	26	1.04442
126	30	1.01359
126	56	0.96545
126	58	1.14117
126	65	0.920169
126	67	1.03526
126	68	1.0116
126	74	0.9974
126	76	1.08125
126	85	1.03641
126	88	1.10303
126	94	1.07526
126	100	1.03724
126	117	1.0471
126	118	1.00929
126	132	0.934184
126	135	0.944194
126	161	1.0166
126	169	1.11821
126	172	0.964128
126	175	1.05285
126	177	1.32155
126	179	1.01214
126	180	0.938984
127	17	0.7667
127	34	1.00269
127	63	1.04017
127	67	1.03361
127	86	1.03568
127	91	1.01706
127	98	1.05921
127	111	0.985111
127	128	1.01513
127	129	1.10486
127	130	1.01478
127	131	1.04748
127	132	0.933385
127	134	1.00652
127	137	1.0218
127	145	0.999576
127	146	1.03555
127	149	1.00468
127	152	1.32391
127	153	1.02238
127	155	1.41545
127	159	1.00483
127	160	1.00612
127	166	1.00861
127	168	0.980312
127	172	0.96333
127	173	1.17009
127	174	0.97662
127	177	0.936092
128	40	0.98997
128	70	1.2706
128	79	0.972149
128	81	0.981428
128	86	1.02168
128	91	1.00307
128	98	1.04521
128	111	0.971112
128	117	1.12354
128	119	1.05683
128	127	1.01513
128	130	1.00078
128	131	1.03348
128	134	0.992525
128	137	1.0078
128	139	0.910638
128	145	0.985576
128	146	1.02155
128	148	0.991368
128	149	0.99068
128	151	1.0662
128	153	1.00838
128	159	0.990827
128	165	1.03561
128	166	0.994606
128	167	1.16063
128	174	1.05386
128	175	1.12929
128	177	0.922093
128	179	1.0613
129	15	0.945135
129	40	1.22598
129	44	1.01679
129	99	0.936234
129	104	1.13809
129	116	0.949646
129	118	1.13971
129	125	1.01421
129	127	1.10486
129	138	1.11975
129	139	1.01242
129	143	0.958649
129	151	0.978101
129	152	0.899432
129	154	0.923737
129	157	0.936319
129	159	1.08623
129	163	0.99675
129	165	0.984831
129	167	0.950855
129	168	0.982975
129	169	0.933872
129	170	0.91754
129	172	0.978843
129	174	0.979434
129	175	0.944002
129	176	0.912607
129	178	0.841489
129	179	0.972727
129	180	0.982786
130	34	0.988346
130	39	0.918457
130	40	0.989627
130	55	0.706645
130	79	0.971806
130	82	1.05818
130	86	1.02134
130	98	1.04487
130	107	0.950697
130	109	1.01261
130	111	0.970768
130	112	1.37659
130	119	1.05649
130	124	0.841509
130	127	1.01478
130	128	1.00078
130	131	1.03314
130	134	0.992182
130	137	1.00746
130	145	0.985233
130	146	1.02121
130	148	0.991025
130	149	0.990336
130	152	1.34656
130	160	0.991777
130	162	1.03816
130	165	0.981018
130	166	0.994263
130	176	1.24384
130	177	0.921749
131	53	1.09218
131	63	1.05852
131	79	1.0045
131	81	1.01378
131	86	1.05403
131	91	1.03542
131	111	1.00347
131	115	0.863511
131	116	1.01372
131	119	1.08919
131	121	1.02391
131	127	1.04748
131	128	1.03348
131	130	1.03314
131	134	1.02488
131	137	1.04016
131	143	1.02122
131	145	1.01793
131	146	1.0539
131	148	1.02372
131	149	1.02303
131	152	1.31834
131	153	1.04073
131	160	1.02448
131	162	1.00995
131	166	1.02696
131	171	0.953789
131	172	0.957761
131	174	0.971052
131	177	0.954448
131	179	0.978494
132	4	0.776346
132	9	1.00065
132	13	1.02463
132	14	1.32327
132	43	0.944514
132	49	1.22607
132	54	0.898606
132	117	0.999431
132	119	0.887803
132	126	0.934184
132	127	0.933385
132	140	1.01918
132	144	1.04334
132	146	0.834754
132	150	1.0327
132	154	0.977618
132	157	0.9902
132	162	1.03716
132	163	1.05063
132	165	1.03871
132	167	1.00474
132	168	1.03686
132	169	0.987753
132	170	0.971421
132	171	1.03687
132	172	1.03272
132	173	0.962784
132	174	1.03331
132	175	0.997883
132	176	0.966488
132	177	0.952206
132	178	0.89537
132	179	1.02661
133	6	1.00615
133	9	1.06404
133	13	1.11437
133	28	1.07104
133	37	1.03445
133	47	1.04221
133	66	1.08288
133	69	0.950945
133	73	1.06086
133	80	1.11158
133	95	0.75381
133	108	1.0678
133	120	1.04994
133	123	1.08766
133	136	1.04458
133	138	1.06579
133	141	1.07702
133	142	1.02575
133	144	0.977283
133	147	1.05446
133	151	1.01491
133	152	0.981662
133	153	1.06684
133	155	0.96073
133	160	1.05058
133	162	1.04146
133	166	1.05307
133	171	0.9853
133	172	0.989272
133	173	0.991132
133	175	1.07799
133	179	1.01
133	180	0.964128
134	8	0.945361
134	34	0.980087
134	40	0.981368
134	53	1.05122
134	63	1.01757
134	67	1.01101
134	77	1.01538
134	81	0.972826
134	82	1.04992
134	91	0.994463
134	107	0.942438
134	111	0.962509
134	119	1.04823
134	127	1.00652
134	128	0.992525
134	130	0.992182
134	131	1.02488
134	137	0.999198
134	145	0.976974
134	149	0.982078
134	150	1.01582
134	151	1.02901
134	152	1.36396
134	153	0.999774
134	156	1.18708
134	158	1.1378
134	159	0.982225
134	160	0.983518
134	163	0.949465
134	166	0.986004
134	167	1.12343
134	170	1.21648
134	173	1.21013
134	177	0.91349
135	7	1.1555
135	22	0.973462
135	24	0.837215
135	26	0.956193
135	39	0.945676
135	41	1.33984
135	50	1.01353
135	56	0.877227
135	58	1.05295
135	66	1.13215
135	72	1.35564
135	74	0.909176
135	76	0.993028
135	106	0.930978
135	118	0.921069
135	126	0.944194
135	144	0.940646
135	145	1.30849
135	151	0.92929
135	152	0.850621
135	153	1.274
135	157	0.887508
135	158	0.902353
135	159	1.27152
135	161	0.928372
135	163	0.947939
135	164	0.88001
135	168	0.934164
135	172	0.930032
135	175	0.895191
135	176	0.863796
135	177	0.849514
135	178	0.792678
135	179	0.923916
136	6	0.932677
136	13	1.0409
136	19	1.01192
136	37	0.960977
136	50	1.17507
136	60	1.0217
136	66	1.0094
136	73	0.987387
136	78	0.848203
136	80	1.0381
136	88	1.2255
136	89	1.00032
136	98	0.952058
136	108	0.994328
136	115	0.992351
136	120	0.976469
136	123	1.01418
136	133	1.04458
136	138	0.992312
136	141	1.00354
136	142	0.952272
136	143	1.15006
136	147	0.980983
136	152	0.908186
136	153	0.993363
136	155	0.887254
136	156	1.27031
136	160	0.977106
136	166	0.979592
136	167	1.20666
136	171	1.08263
136	173	0.917657
136	179	1.10733
136	180	1.06146
137	10	0.797011
137	34	0.995362
137	40	0.996642
137	53	1.0665
137	63	1.03284
137	79	0.978822
137	81	0.9881
137	82	1.06519
137	86	1.02835
137	91	1.00974
137	107	0.957712
137	111	0.977784
137	119	1.06351
137	122	1.04321
137	125	0.880803
137	127	1.0218
137	128	1.0078
137	130	1.00746
137	131	1.04016
137	134	0.999198
137	139	0.886719
137	145	0.992249
137	146	1.02822
137	149	0.997352
137	151	1.04229
137	153	1.01505
137	155	1.46878
137	159	0.9975
137	160	0.998792
137	163	0.962744
137	166	1.00128
137	169	1.17073
137	170	1.22976
137	173	1.22341
137	174	1.02994
137	177	0.928765
138	7	1.07339
138	13	1.06211
138	19	1.03313
138	28	1.01878
138	37	0.982188
138	41	1.01052
138	47	0.989944
138	60	1.04291
138	73	1.0086
138	75	0.858674
138	80	1.05931
138	89	1.02153
138	95	0.74276
138	108	1.01554
138	120	0.99768
138	123	1.03539
138	129	1.11975
138	133	1.06579
138	136	0.992312
138	141	1.02475
138	142	0.973484
138	143	1.04168
138	144	0.966232
138	147	1.00219
138	152	0.929398
138	153	1.01457
138	155	0.908466
138	157	1.1052
138	160	0.998318
138	163	0.924315
138	166	1.0008
138	168	0.995204
138	173	0.938868
138	177	1.33564
138	178	1.68594
138	180	0.953077
139	8	1.2273
139	23	1.07067
139	32	0.880717
139	84	1.06039
139	105	1.06406
139	106	0.882044
