1	10	1.22943
1	93	0.788699
1	103	0.811702
1	118	1.98564
1	119	0.778442
1	122	0.801923
1	125	0.797534
1	127	0.801326
1	130	0.796828
1	135	0.820166
1	173	0.803359
1	175	2.30419
2	11	0.97395
2	18	2.36867
2	92	0.84259
2	103	0.805745
2	119	0.772486
2	122	0.795966
2	125	0.791578
2	127	0.79537
2	134	0.784598
2	135	0.81421
2	159	2.12283
2	173	0.797403
3	75	0.709278
3	81	0.697209
3	104	0.74423
3	114	0.727932
3	118	0.732337
3	128	2.00739
3	138	0.723365
3	151	0.711214
3	160	0.708547
3	171	0.713895
3	173	2.28089
3	180	0.732371
4	20	0.676074
4	35	0.724555
4	46	0.713789
4	73	0.751392
4	78	0.732359
4	88	0.716597
4	104	0.721167
4	110	0.713519
4	113	0.74233
4	131	0.708183
4	140	3.03777
4	177	2.27176
5	45	2.17292
5	96	0.703835
5	110	2.10161
5	128	0.750305
5	142	0.722842
5	143	0.729083
5	149	0.730801
5	153	0.726566
5	154	0.720794
5	155	0.686701
5	161	0.704608
5	180	0.724981
6	99	1.3336
6	120	1.59356
6	128	0.820973
6	137	0.777559
6	142	0.79351
6	144	0.805693
6	147	0.797769
6	149	0.801469
6	153	0.797234
6	165	2.62634
6	170	0.80544
6	176	0.800754
7	95	0.702662
7	132	0.706657
7	136	0.737759
7	144	0.72624
7	147	0.718315
7	149	0.722015
7	153	0.71778
7	166	0.716892
7	169	0.730586
7	176	0.7213
7	178	2.83794
7	180	2.48167
8	16	1.70433
8	118	0.731072
8	129	0.710138
8	131	2.58917
8	139	0.70412
8	160	0.707282
8	163	0.717795
8	168	0.725531
8	172	0.714183
8	177	0.739901
8	179	0.719134
8	180	0.731105
9	23	0.632155
9	64	0.65647
9	94	0.6583
9	115	0.666171
9	165	0.622418
9	166	0.664311
9	170	0.673405
9	172	5.04898
9	173	0.657964
9	174	0.658051
9	176	0.668719
9	178	0.642224
10	1	1.22943
10	55	1.40549
10	101	1.68552
10	150	0.809542
10	151	0.796345
10	155	0.779221
10	160	0.793678
10	162	0.792861
10	172	0.800579
10	175	0.805251
10	179	0.80553
10	180	0.817501
11	2	0.97395
11	24	2.1902
11	48	0.810563
11	66	0.786148
11	99	0.830714
11	101	1.17516
11	161	0.784249
11	163	0.791312
11	171	0.786147
11	177	0.813418
11	179	0.792651
11	180	0.804623
12	43	0.751295
12	76	0.707003
12	113	2.10607
12	117	0.720987
12	142	2.20312
12	157	0.714121
12	158	0.729165
12	162	0.70212
12	171	0.708284
12	177	0.735555
12	178	0.70537
12	180	0.72676
13	73	0.751078
13	82	0.716807
13	88	0.716283
13	90	0.702547
13	102	0.725472
13	104	0.720853
13	110	0.713205
13	113	0.742016
13	114	0.704555
13	117	2.46473
13	131	0.707869
13	171	2.84138
14	94	0.803911
14	108	2.00824
14	111	0.805508
14	141	0.788153
14	154	1.58339
14	165	0.768029
14	166	0.809922
14	170	0.819016
14	173	0.803575
14	175	1.96505
14	176	0.81433
14	178	0.787835
15	62	0.718581
15	99	2.11732
15	115	0.728882
15	127	0.718643
15	130	0.714145
15	134	0.707872
15	135	0.737483
15	138	0.71732
15	161	3.18417
15	173	0.720676
15	176	0.73143
15	178	0.704936
16	8	1.70433
16	92	0.845707
16	93	0.785859
16	119	0.775603
16	125	0.794695
16	127	0.798486
16	130	0.793989
16	134	0.787715
16	135	0.817326
16	161	1.81955
16	173	0.800519
16	175	1.78634
17	74	0.697765
17	79	2.59463
17	111	0.709536
17	115	0.71581
17	123	0.719158
17	141	0.692182
17	155	3.14488
17	167	0.717327
17	170	0.723044
17	173	0.707603
17	174	0.70769
17	176	0.718358
17	178	0.691863
18	2	2.36867
18	28	0.635338
18	68	0.719021
18	88	2.5996
18	152	0.709176
18	158	0.729278
18	161	0.7065
18	171	0.708397
18	172	0.709951
18	175	0.714622
18	177	0.735669
18	178	0.705483
18	180	0.726873
19	86	1.56992
19	96	0.760653
19	100	0.752528
19	112	1.92047
19	124	0.779372
19	133	0.798004
19	137	0.763709
19	144	0.791844
19	149	0.787619
19	153	0.783384
19	161	2.49125
19	169	0.79619
19	176	0.786904
20	4	0.676074
20	35	0.732114
20	66	0.698391
20	72	2.17133
20	101	2.57449
20	113	0.749889
20	114	0.712428
20	131	0.715742
20	148	0.684682
20	157	0.704227
20	175	0.704615
20	179	0.704894
20	180	0.716866
21	46	0.780696
21	75	0.753121
21	78	0.799266
21	81	0.741053
21	82	0.784028
21	102	0.792693
21	104	0.788073
21	110	0.780425
21	113	0.809237
21	114	0.771776
21	140	2.22884
21	155	2.34423
21	180	1.41892
22	64	0.782975
22	94	0.784805
22	123	0.796024
22	126	1.53259
22	138	0.781113
22	141	0.769048
22	145	2.17963
22	148	2.26602
22	165	0.748924
22	170	0.79991
22	173	0.784469
22	174	0.784556
22	178	0.768729
23	9	0.632155
23	58	0.716865
23	84	0.735823
23	91	0.716119
23	94	0.713326
23	111	0.714923
23	123	0.724545
23	141	0.697569
23	168	2.89101
23	170	0.728431
23	176	0.723745
23	178	0.69725
23	180	2.83103
24	11	2.1902
24	33	0.729635
24	58	0.705179
24	91	0.704433
24	101	0.727877
24	115	0.709511
24	123	0.712859
24	141	0.685882
24	167	0.711028
24	170	0.716745
24	176	0.712059
24	177	3.26101
24	178	0.685564
25	70	0.752775
25	77	0.735045
25	103	0.712865
25	119	0.679606
25	122	0.703086
25	125	0.698698
25	127	0.70249
25	130	0.697992
25	134	0.691718
25	135	0.721329
25	148	2.79644
25	164	2.91263
25	173	0.704522
26	63	2.73818
26	89	0.768294
26	106	0.782546
26	124	0.774774
26	133	0.793406
26	136	0.798764
26	137	0.759111
26	147	0.779321
26	149	0.783021
26	152	1.75869
26	153	0.778786
26	174	1.46994
26	176	0.782306
27	96	0.754979
27	132	0.766586
27	133	0.79233
27	136	0.797688
27	144	0.786169
27	149	0.781945
27	153	0.77771
27	159	2.00814
27	166	0.776822
27	167	0.780199
27	168	1.94613
27	170	0.785916
27	174	2.00954
28	18	0.635338
28	79	0.654255
28	120	0.685274
28	151	0.637408
28	152	0.640868
28	154	0.654378
28	159	0.662534
28	164	0.61658
28	170	4.94892
28	172	0.641642
28	175	0.646314
28	177	0.66736
28	180	0.658564
29	36	1.91829
29	77	0.81261
29	93	0.767427
29	119	0.75717
29	122	0.78065
29	125	0.776262
29	127	0.780054
29	130	0.775556
29	134	0.769283
29	135	0.798894
29	159	2.14999
29	169	1.86347
29	173	0.782087
30	73	1.24405
30	105	0.737515
30	121	0.782323
30	144	1.53208
30	153	1.66328
30	156	0.799631
30	160	0.769799
30	171	0.775147
30	172	0.7767
30	175	0.781372
30	177	0.802418
30	179	0.781651
30	180	0.793623
31	46	0.712644
31	52	2.62778
31	60	0.697583
31	78	0.731214
31	80	0.673788
31	88	0.715452
31	90	0.701715
31	102	0.724641
31	104	0.720021
31	110	0.712373
31	114	0.703724
31	131	0.707038
31	174	3.08695
32	64	2.70577
32	85	0.691276
32	126	0.728582
32	127	2.37855
32	139	0.686702
32	145	0.685185
32	151	0.692531
32	158	0.716092
32	162	0.689047
32	168	0.708113
32	171	0.695211
32	178	0.692298
32	179	0.701716
32	180	0.713687
33	24	0.729635
33	48	1.90686
33	72	0.810354
33	74	0.757292
33	141	0.751709
33	151	2.47448
33	158	2.00139
33	165	0.731585
33	166	0.773477
33	170	0.782571
33	173	0.76713
33	174	0.767217
33	176	0.777885
33	178	0.75139
34	98	0.802058
34	104	1.69111
34	119	0.744469
34	125	0.763561
34	127	0.767353
34	131	1.82853
34	134	0.756581
34	135	0.786192
34	138	0.766029
34	142	1.34562
34	148	0.742851
34	164	0.733051
34	175	0.762785
34	180	0.775035
35	4	0.724555
35	20	0.732114
35	45	0.764124
35	78	0.788399
35	79	2.24586
35	81	0.730185
35	82	0.77316
35	102	0.781826
35	104	0.777206
35	110	0.769558
35	113	0.79837
35	114	0.760908
35	156	1.90166
35	171	2.23071
36	29	1.91829
36	99	0.798767
36	138	0.763669
36	145	0.744173
36	151	0.751519
36	157	0.760037
36	161	0.752302
36	162	0.748035
36	167	1.71834
36	168	0.767101
36	170	1.46884
36	177	0.781471
36	179	0.760704
36	180	0.772675
37	124	0.696218
37	131	0.697521
37	132	0.689107
37	136	0.720208
37	137	0.680555
37	142	0.696506
37	147	0.700765
37	149	0.704465
37	152	3.10539
37	153	0.70023
37	167	0.702719
37	170	0.708436
37	176	0.70375
37	179	3.02023
38	54	1.76127
38	58	0.758579
38	72	0.797928
38	101	0.781276
38	115	0.76291
38	138	0.751348
38	139	2.6867
38	167	0.764427
38	169	1.91178
38	170	0.770144
38	173	0.754704
38	174	0.75479
38	176	0.765458
38	178	0.738964
39	40	1.52993
39	60	0.752835
39	67	2.26234
39	69	0.806682
39	78	0.786466
39	80	0.729041
39	83	0.773023
39	102	0.779893
39	110	0.767625
39	122	0.756328
39	125	0.75194
39	130	0.751234
39	134	0.74496
39	155	2.58906
40	39	1.52993
40	125	1.87453
40	140	0.735891
40	150	0.764426
40	156	0.778395
40	158	0.774791
40	162	0.747746
40	163	0.759075
40	167	1.69424
40	169	0.786777
40	171	0.75391
40	174	0.766823
40	179	0.760415
40	180	0.772386
41	62	4.5627
41	108	0.663054
41	150	0.662645
41	155	0.632324
41	158	0.673009
41	161	0.650231
41	164	0.62862
41	172	0.653682
41	175	0.658354
41	178	0.649215
41	179	0.658633
41	180	0.670604
42	79	0.657245
42	80	4.95811
42	107	0.68044
42	145	0.633052
42	151	0.640398
42	152	0.643858
42	154	0.657368
42	155	0.623274
42	156	0.667563
42	162	0.636915
42	175	0.649304
42	179	0.649583
42	180	0.661554
43	12	0.751295
43	91	1.76307
43	96	1.79903
43	122	0.767548
43	125	0.763159
43	130	0.762453
43	134	0.75618
43	144	1.25615
43	158	0.777039
43	164	0.73265
43	173	0.768984
43	177	0.78343
43	179	0.762662
43	180	0.774634
44	62	0.826851
44	63	0.710604
44	115	2.35675
44	120	0.787196
44	139	0.733501
44	145	0.731984
44	154	0.7563
44	162	0.735846
44	167	2.1005
44	169	0.774877
44	172	0.743564
44	175	0.748236
44	177	0.769282
44	179	0.748515
44	180	0.760486
45	5	2.17292
45	35	0.764124
45	60	0.738297
45	75	0.725783
45	78	0.771928
45	81	0.713715
45	88	0.756166
45	90	0.742429
45	104	0.760735
45	110	0.753087
45	113	0.781899
45	114	0.744438
45	131	0.747752
45	174	2.23634
45	180	2.11296
46	4	0.713789
46	21	0.780696
46	31	0.712644
46	60	0.744002
46	75	0.731488
46	80	0.720207
46	82	0.762394
46	88	0.761871
46	90	0.748134
46	102	0.77106
46	104	0.76644
46	109	1.93429
46	113	0.787604
46	162	2.4812
46	163	2.32512
47	77	2.76428
47	129	0.685873
47	139	0.679854
47	152	0.689143
47	154	0.702653
47	155	0.66856
47	160	0.683017
47	166	2.71941
47	171	0.688364
47	172	0.689918
47	174	0.701277
47	175	0.694589
47	177	0.715636
47	179	0.694869
47	180	0.70684
48	11	0.810563
48	33	1.90686
48	50	1.58767
48	111	1.98992
48	139	0.729053
48	146	0.765069
48	159	0.760009
48	162	0.731399
48	163	0.742728
48	164	0.714055
48	172	0.739117
48	175	0.743789
48	177	0.764835
48	179	0.744068
48	180	0.756039
49	57	0.756834
49	105	0.705679
49	142	1.70627
49	146	0.770816
49	158	0.764191
49	160	0.737963
49	161	0.741413
49	163	0.748475
49	167	1.90428
49	170	1.65478
49	171	0.74331
49	175	0.749535
49	177	0.770582
49	179	0.749814
49	180	0.761786
50	48	1.58767
50	64	0.746547
50	84	0.770874
50	91	0.75117
50	94	0.748377
50	123	0.759596
50	138	0.744685
50	164	2.70439
50	165	0.712495
50	166	0.754388
50	167	0.757765
50	173	0.748041
50	174	0.748128
50	175	2.21108
50	176	0.758796
51	72	0.787339
51	91	0.747244
51	94	0.744451
51	115	0.752322
51	123	0.75567
51	141	0.728693
51	146	1.901
51	156	2.21301
51	162	2.64216
51	167	0.753839
51	170	0.759556
51	173	0.744115
51	174	0.744202
51	176	0.75487
51	178	0.728375
52	31	2.62778
52	119	0.725159
52	120	0.782435
52	122	0.748639
52	128	1.38479
52	130	0.743545
52	134	0.737272
52	135	0.766883
52	151	0.73457
52	156	0.761734
52	173	0.750076
52	174	0.750163
52	176	1.47614
52	179	0.743754
52	180	0.755726
53	102	1.57684
53	117	0.757611
53	132	2.08864
53	133	1.58005
53	150	0.755424
53	154	0.759197
53	156	0.769392
53	157	0.750745
53	162	0.738744
53	164	0.7214
53	171	0.744908
53	172	0.746461
53	178	0.741994
53	179	0.751412
53	180	0.763384
54	38	1.76127
54	66	0.74411
54	91	2.04101
54	112	0.76077
54	151	0.741429
54	152	0.744888
54	155	0.724305
54	161	0.742212
54	168	0.757011
54	171	0.744109
54	173	1.67904
54	174	0.757022
54	175	0.750334
54	177	0.771381
54	180	0.762585
55	10	1.40549
55	65	0.713638
55	124	0.734099
55	136	0.75809
55	137	0.718437
55	142	0.734388
55	144	0.746571
55	145	2.77098
55	147	0.738646
55	149	0.742347
55	153	0.738111
55	165	2.73933
55	166	0.737224
55	169	0.750917
55	170	0.746317
55	176	0.741631
56	69	0.782296
56	83	0.748637
56	92	0.778566
56	93	0.718718
56	103	0.741721
56	119	0.708462
56	122	0.731942
56	125	0.727554
56	127	0.731345
56	130	0.726848
56	134	0.720574
56	135	0.750185
56	150	2.44001
56	158	2.3778
56	173	0.733378
56	180	2.34847
57	49	0.756834
57	66	0.726672
57	100	2.13175
57	103	1.89156
57	120	0.771857
57	121	0.733848
57	139	0.718161
57	150	0.737187
57	158	0.747552
57	160	0.721324
57	162	0.720507
57	169	0.759538
57	172	0.728225
57	176	1.61928
57	179	0.733176
57	180	0.745147
58	23	0.716865
58	24	0.705179
58	38	0.758579
58	84	0.765508
58	94	0.74301
58	115	0.750881
58	123	0.754229
58	141	0.727253
58	146	2.14561
58	163	2.73068
58	165	0.707129
58	166	0.749021
58	169	2.26223
58	174	0.742761
58	176	0.753429
58	178	0.726934
59	70	1.80564
59	73	1.7904
59	84	0.764772
59	101	0.768512
59	117	0.741816
59	124	2.04133
59	140	0.711093
59	141	0.726517
59	154	0.743402
59	161	0.727215
59	164	0.705605
59	167	0.751663
59	170	0.75738
59	171	0.729113
59	178	0.726199
59	180	0.747589
60	31	0.697583
60	39	0.752835
60	45	0.738297
60	46	0.744002
60	73	0.781604
60	75	0.716427
60	78	0.762572
60	80	0.705146
60	90	0.733073
60	104	0.751379
60	110	0.743731
60	114	0.735082
60	131	0.738396
60	146	2.12744
60	154	2.58515
60	156	2.43945
61	107	0.762502
61	109	0.756166
61	119	2.00478
61	126	0.758511
61	132	2.11971
61	143	0.747719
61	152	0.72592
61	159	0.747587
61	162	0.718977
61	164	0.701633
61	175	0.731366
61	176	1.53419
61	177	0.752413
61	178	0.722227
61	179	0.731645
61	180	0.743617
62	15	0.718581
62	41	4.5627
62	44	0.826851
62	128	0.767679
62	138	0.733349
62	142	0.740216
62	144	0.752399
62	147	0.744475
62	153	0.743939
62	165	0.701159
62	169	0.756745
62	173	0.736705
62	174	0.736791
62	176	0.74746
62	177	1.26166
62	178	0.720965
63	26	2.73818
63	44	0.710604
63	86	0.723906
63	142	3.02167
63	143	0.704319
63	152	0.68252
63	154	0.696031
63	160	0.676394
63	161	0.679844
63	163	0.686907
63	164	0.658233
63	169	0.714608
63	178	0.678828
63	179	0.688246
63	180	0.700217
64	9	0.65647
64	22	0.782975
64	32	2.70577
64	50	0.746547
64	72	0.780529
64	101	0.763878
64	120	2.13175
64	123	0.74886
64	141	0.721884
64	146	2.06606
64	165	0.70176
64	166	0.743652
64	167	0.747029
64	174	0.737392
64	176	0.74806
64	178	0.721565
65	55	0.713638
65	95	0.713677
65	106	0.732555
65	117	2.39903
65	132	0.717672
65	133	0.743415
65	136	0.748773
65	137	0.70912
65	142	0.725072
65	144	0.737255
65	149	0.73303
65	153	0.728795
65	166	0.727907
65	170	0.737001
65	172	2.38383
65	176	0.732315
65	178	2.77204
66	11	0.786148
66	20	0.698391
66	54	0.74411
66	57	0.726672
66	68	0.723772
66	87	0.701675
66	90	2.25588
66	98	0.758648
66	106	1.76641
66	107	0.75051
66	150	0.723665
66	152	0.713928
66	161	0.711251
66	173	2.01951
66	175	0.719374
66	178	0.710235
66	180	0.731624
67	39	2.26234
67	80	1.39018
67	100	0.707034
67	141	2.64517
67	144	0.74635
67	145	0.707803
67	147	0.738426
67	148	0.704121
67	149	0.742126
67	153	0.737891
67	167	0.74038
67	168	0.730731
67	171	0.71783
67	172	0.719383
67	174	0.730743
67	176	0.741411
67	180	0.736306
68	18	0.719021
68	66	0.723772
68	92	1.9522
68	135	1.96077
68	144	2.1261
68	152	0.72455
68	154	0.73806
68	157	0.729608
68	160	0.718424
68	161	0.721874
68	162	0.717607
68	163	0.728936
68	168	0.736672
68	171	0.723771
68	172	0.725325
68	177	0.751043
68	180	0.742247
69	39	0.806682
69	56	0.782296
69	93	0.773057
69	103	0.796059
69	105	2.85534
69	116	0.776938
69	119	0.7628
69	120	1.22233
69	122	0.78628
69	125	0.781892
69	127	0.785684
69	130	0.781186
69	134	0.774913
69	135	0.804524
69	156	1.46865
69	165	2.2551
69	173	0.787717
70	25	0.752775
70	59	1.80564
70	77	0.817575
70	83	0.802311
70	93	0.772392
70	103	0.795394
70	108	2.17775
70	109	1.48944
70	119	0.762135
70	122	0.785615
70	125	0.781227
70	127	0.785019
70	130	0.780521
70	134	0.774248
70	135	0.803859
70	151	2.07877
70	173	0.787052
71	99	0.757799
71	109	0.744257
71	114	1.88527
71	138	0.722702
71	141	2.19727
71	143	0.73581
71	145	0.703206
71	150	0.723748
71	156	0.737717
71	159	0.735678
71	164	0.689724
71	168	0.726133
71	169	0.746099
71	174	0.726145
71	176	1.96262
71	179	0.719736
71	180	0.731708
72	20	2.17133
72	33	0.810354
72	38	0.797928
72	51	0.787339
72	64	0.780529
72	98	1.54053
72	101	0.808596
72	109	1.71198
72	111	0.783956
72	115	0.79023
72	141	0.766602
72	163	2.10281
72	165	0.746478
72	166	0.78837
72	167	0.791747
72	174	0.78211
72	178	0.766283
73	4	0.751392
73	13	0.751078
73	30	1.24405
73	59	1.7904
73	60	0.781604
73	80	0.75781
73	81	0.757022
73	82	0.799997
73	85	2.12342
73	88	0.799473
73	90	0.785737
73	102	0.808662
73	104	0.804043
73	113	0.825206
73	114	0.787745
73	131	0.791059
73	161	2.15254
74	17	0.697765
74	33	0.757292
74	84	0.751795
74	87	2.76913
74	91	0.73209
74	111	0.730895
74	115	0.737168
74	123	0.740516
74	141	0.71354
74	156	2.1874
74	162	2.61655
74	165	0.693416
74	166	0.735308
74	173	0.728961
74	174	0.729048
74	176	0.739716
74	178	0.713221
75	3	0.709278
75	21	0.753121
75	45	0.725783
75	46	0.731488
75	60	0.716427
75	81	0.691845
75	82	0.73482
75	86	2.16061
75	88	0.734296
75	90	0.72056
75	102	0.743485
75	110	0.731217
75	113	0.760029
75	114	0.722568
75	131	0.725882
75	152	2.90264
75	158	2.51985
76	12	0.707003
76	99	0.756434
76	114	2.1235
76	121	0.719043
76	136	2.12019
76	148	0.698158
76	150	0.722383
76	156	0.736351
76	161	0.709969
76	164	0.688358
76	167	2.21698
76	168	0.724768
76	171	0.711866
76	172	0.71342
76	174	0.724779
76	177	0.739138
76	179	0.718371
76	180	0.730342
77	25	0.735045
77	29	0.81261
77	47	2.76428
77	70	0.817575
77	83	0.784581
77	93	0.754662
77	103	0.777665
77	119	0.744406
77	122	0.767886
77	125	0.763498
77	127	0.767289
77	130	0.762792
77	134	0.756518
77	135	0.786129
77	146	1.3816
77	159	1.78474
77	173	0.769322
77	178	2.01902
78	4	0.732359
78	21	0.799266
78	31	0.731214
78	35	0.788399
78	39	0.786466
78	45	0.771928
78	60	0.762572
78	80	0.738777
78	82	0.780964
78	90	0.766704
78	102	0.78963
78	110	0.777362
78	113	0.806174
78	114	0.768712
78	117	1.67428
78	138	1.97227
78	145	2.53998
78	178	2.04729
79	17	2.59463
79	28	0.654255
79	35	2.24586
79	42	0.657245
79	136	2.10632
79	139	0.718804
79	140	0.709294
79	143	0.749892
79	145	0.717287
79	148	0.713605
79	160	0.721966
79	163	0.732479
79	168	0.740215
79	171	0.727314
79	175	0.733539
79	177	0.754585
79	178	0.7244
79	180	0.74579
80	31	0.673788
80	39	0.729041
80	42	4.95811
80	46	0.720207
80	60	0.705146
80	67	1.39018
80	73	0.75781
80	78	0.738777
80	81	0.680564
80	82	0.723539
80	88	0.723015
80	90	0.709279
80	102	0.732204
80	104	0.727585
80	110	0.719937
80	113	0.748748
80	114	0.711287
80	163	1.09551
81	3	0.697209
81	21	0.741053
81	35	0.730185
81	45	0.713715
81	73	0.757022
81	75	0.691845
81	80	0.680564
81	82	0.722751
81	88	0.722227
81	90	0.708491
81	102	0.731416
81	104	0.726797
81	110	0.719149
81	113	0.74796
81	114	0.710499
81	155	3.17246
81	179	2.57412
81	180	2.24715
82	13	0.716807
82	21	0.784028
82	35	0.77316
82	46	0.762394
82	73	0.799997
82	75	0.73482
82	78	0.780964
82	80	0.723539
82	81	0.722751
82	86	1.96373
82	90	0.751466
82	102	0.774391
82	104	0.769772
82	107	2.2109
82	110	0.762124
82	112	2.31428
82	113	0.790935
82	114	0.753474
82	169	2.12909
83	39	0.773023
83	56	0.748637
83	70	0.802311
83	77	0.784581
83	92	0.799246
83	97	0.73415
83	103	0.762401
83	119	0.729142
83	121	2.10763
83	122	0.752622
83	125	0.748234
83	127	0.752025
83	129	2.36113
83	130	0.747528
83	134	0.741254
83	135	0.770865
83	162	2.37666
83	169	1.75212
83	173	0.754058
84	23	0.735823
84	50	0.770874
84	58	0.765508
84	59	0.764772
84	74	0.751795
84	115	0.769839
84	123	0.773188
84	141	0.746211
84	152	2.21842
84	157	2.02243
84	162	2.2663
84	165	0.726087
84	166	0.767979
84	167	0.771356
84	170	0.777073
84	174	0.761719
84	176	0.772387
84	178	0.745893
84	179	2.13327
85	32	0.691276
85	73	2.12342
85	93	2.55221
85	99	0.75378
85	129	0.706721
85	144	2.41145
85	145	0.699186
85	148	0.695504
85	151	0.706532
85	152	0.709991
85	158	0.730093
85	164	0.685704
85	171	0.709212
85	172	0.710766
85	175	0.715437
85	177	0.736484
85	178	0.706298
85	179	0.715717
85	180	0.727688
86	19	1.56992
86	63	0.723906
86	75	2.16061
86	82	1.96373
86	117	0.768015
86	143	0.777889
86	145	0.745285
86	148	0.741603
86	153	1.65043
86	156	0.779796
86	159	0.777757
86	160	0.749964
86	164	0.731804
86	168	0.768213
86	172	0.756865
86	175	0.761537
86	177	0.782583
86	179	0.761816
86	180	0.773787
87	66	0.701675
87	74	2.76913
87	106	2.35357
87	107	0.739035
87	108	0.712599
87	145	0.691647
87	147	2.35581
87	148	0.687965
87	151	0.698993
87	155	0.681869
87	156	0.726158
87	157	0.707511
87	161	0.699776
87	163	0.706839
87	164	0.678165
87	172	0.703227
87	175	0.707899
87	177	0.728945
87	179	0.708178
87	180	0.720149
88	4	0.716597
88	13	0.716283
88	18	2.5996
88	31	0.715452
88	45	0.756166
88	46	0.761871
88	73	0.799473
88	75	0.734296
88	80	0.723015
88	81	0.722227
88	90	0.750942
88	98	1.97341
88	102	0.773868
88	104	0.769248
88	110	0.7616
88	113	0.790412
88	114	0.75295
88	117	2.21504
88	131	0.756265
88	146	1.95062
89	26	0.768294
89	91	0.738671
89	121	2.43097
89	123	0.747098
89	128	0.766516
89	132	0.731654
89	137	0.723103
89	138	0.732187
89	141	0.720121
89	144	0.751237
89	147	0.743312
89	149	0.747013
89	153	0.742777
89	157	2.45612
89	166	0.741889
89	167	0.745266
89	168	2.29997
89	174	0.735629
89	176	0.746297
89	178	0.719803
89	180	2.23999
90	13	0.702547
90	31	0.701715
90	45	0.742429
90	46	0.748134
90	60	0.733073
90	66	2.25588
90	73	0.785737
90	75	0.72056
90	78	0.766704
90	80	0.709279
90	81	0.708491
90	82	0.751466
90	88	0.750942
90	98	1.97209
90	102	0.760131
90	104	0.755512
90	110	0.747864
90	113	0.776675
90	114	0.739214
90	143	2.19692
90	151	2.73288
91	23	0.716119
91	24	0.704433
91	43	1.76307
91	50	0.75117
91	51	0.747244
91	54	2.04101
91	74	0.73209
91	89	0.738671
91	94	0.742264
91	101	0.768501
91	123	0.753483
91	141	0.726507
91	152	2.76818
91	166	0.748275
91	167	0.751652
91	170	0.757369
91	173	0.741928
91	174	0.742015
91	176	0.752683
91	178	0.726188
91	180	2.35605
92	2	0.84259
92	16	0.845707
92	56	0.778566
92	68	1.9522
92	83	0.799246
92	93	0.769327
92	97	0.764079
92	103	0.79233
92	116	0.773209
92	119	0.759071
92	122	0.782551
92	125	0.778163
92	127	0.781954
92	130	0.777456
92	134	0.771183
92	135	0.800794
92	145	2.5242
92	158	1.70458
92	168	1.73522
92	169	1.51071
92	173	0.783987
93	1	0.788699
93	16	0.785859
93	29	0.767427
93	56	0.718718
93	69	0.773057
93	70	0.772392
93	77	0.754662
93	85	2.55221
93	92	0.769327
93	116	0.713361
93	119	0.699223
93	122	0.722703
93	125	0.718315
93	126	2.19181
93	127	0.722106
93	130	0.717609
93	134	0.711335
93	135	0.740946
93	173	0.724139
93	174	2.11328
93	179	2.31687
94	9	0.6583
94	14	0.803911
94	22	0.784805
94	23	0.713326
94	50	0.748377
94	51	0.744451
94	58	0.74301
94	91	0.742264
94	107	1.90373
94	123	0.75069
94	138	0.735779
94	141	0.723714
94	151	2.48888
94	164	3.03799
94	166	0.745482
94	170	0.754576
94	173	0.739135
94	174	0.739222
94	176	0.74989
94	178	0.723395
94	180	1.98645
95	7	0.702662
95	65	0.713677
95	96	0.71542
95	100	0.707294
95	106	0.741911
95	124	0.734139
95	132	0.727028
95	133	0.752771
95	136	0.758129
95	137	0.718476
95	142	0.734427
95	147	0.738686
95	149	0.742386
95	153	0.738151
95	154	2.40444
95	163	2.5318
95	166	0.737263
95	167	0.74064
95	168	2.28786
95	169	0.750957
95	170	0.746357
95	171	2.58778
96	5	0.703835
96	19	0.760653
96	27	0.754979
96	43	1.79903
96	95	0.71542
96	124	0.726526
96	128	0.754277
96	132	0.719415
96	133	0.745158
96	136	0.750517
96	137	0.710863
96	142	0.726815
96	144	0.738998
96	147	0.731073
96	149	0.734773
96	153	0.730538
96	154	2.56857
96	166	0.72965
96	167	0.733027
96	168	2.45199
96	176	0.734058
96	178	2.74828
97	83	0.73415
97	92	0.764079
97	103	0.727234
97	119	0.693974
97	122	0.717455
97	127	0.716858
97	130	0.71236
97	133	0.740746
97	134	0.706087
97	135	0.735698
97	142	0.722402
97	144	0.734586
97	147	0.726661
97	149	0.730361
97	151	2.68319
97	153	0.726126
97	160	2.63226
97	167	0.728615
97	170	0.734332
97	173	0.718891
97	175	2.73898
97	176	0.729646
97	180	2.18076
98	34	0.802058
98	66	0.758648
98	72	1.54053
98	88	1.97341
98	90	1.97209
98	105	0.721015
98	126	0.792017
98	129	0.756155
98	136	1.4729
98	143	0.781224
98	150	0.769163
98	151	0.755966
98	156	0.783131
98	157	0.764484
98	158	0.779527
98	165	0.735927
98	168	0.771548
98	172	0.7602
98	173	1.73572
98	174	0.771559
98	178	0.755733
98	179	0.765151
98	180	0.777122
99	6	1.3336
99	11	0.830714
99	15	2.11732
99	36	0.798767
99	71	0.757799
99	76	0.756434
99	85	0.75378
99	110	1.56622
99	121	0.764891
99	132	1.92202
99	140	0.739695
99	150	0.768231
99	152	0.758494
99	153	1.50491
99	154	0.772004
99	155	0.737911
99	157	0.763552
99	159	0.78016
99	160	0.752367
99	164	0.734207
99	168	0.770616
99	177	0.784986
99	180	0.776191
100	19	0.752528
100	57	2.13175
100	67	0.707034
100	95	0.707294
100	106	0.726172
100	128	0.746152
100	132	0.711289
100	133	0.737033
100	136	0.742391
100	137	0.702738
100	142	0.718689
100	144	0.730872
100	146	0.729857
100	147	0.722948
100	149	0.726648
100	153	0.722413
100	165	3.14171
100	167	0.724901
100	169	0.735218
100	170	0.730619
100	176	0.725933
100	177	2.36832
100	180	2.3244
101	10	1.68552
101	11	1.17516
101	20	2.57449
101	24	0.727877
101	38	0.781276
101	59	0.768512
101	64	0.763878
101	72	0.808596
101	91	0.768501
101	111	0.767305
101	115	0.773579
101	123	0.776927
101	141	0.749951
101	158	2.23139
101	165	0.729827
101	166	0.771719
101	167	0.775096
101	169	2.03751
101	170	0.780813
101	173	0.765372
101	174	0.765459
101	176	0.776127
101	178	0.749632
102	13	0.725472
102	21	0.792693
102	31	0.724641
102	35	0.781826
102	39	0.779893
102	46	0.77106
102	53	1.57684
102	73	0.808662
102	75	0.743485
102	78	0.78963
102	80	0.732204
102	81	0.731416
102	82	0.774391
102	88	0.773868
102	90	0.760131
102	104	0.778437
102	110	0.770789
102	113	0.799601
102	114	0.762139
102	150	1.9772
102	161	2.47708
102	168	1.94563
102	178	2.24192
103	1	0.811702
103	2	0.805745
103	25	0.712865
103	56	0.741721
103	57	1.89156
103	69	0.796059
103	70	0.795394
103	77	0.777665
103	83	0.762401
103	92	0.79233
103	97	0.727234
103	116	0.736364
103	119	0.722225
103	122	0.745706
103	125	0.741317
103	127	0.745109
103	130	0.740611
103	134	0.734338
103	135	0.763949
103	139	2.69459
103	143	2.05067
103	169	1.91967
103	172	2.05227
103	173	0.747142
104	3	0.74423
104	4	0.721167
104	13	0.720853
104	21	0.788073
104	31	0.720021
104	34	1.69111
104	35	0.777206
104	45	0.760735
104	46	0.76644
104	60	0.751379
104	73	0.804043
104	80	0.727585
104	81	0.726797
104	82	0.769772
104	88	0.769248
104	90	0.755512
104	102	0.778437
104	108	2.57695
104	110	0.76617
104	113	0.794981
104	114	0.75752
104	159	2.09752
104	163	2.27946
104	172	1.9436
105	30	0.737515
105	49	0.705679
105	69	2.85534
105	98	0.721015
105	108	0.686442
105	114	3.15213
105	126	0.708886
105	135	3.10136
105	138	0.684986
105	140	0.657496
105	151	0.672836
105	155	0.655712
105	156	0.700001
105	160	0.670168
105	161	0.673618
105	162	0.669352
105	163	0.680681
105	164	0.652008
105	168	0.688417
105	171	0.675516
105	175	0.681741
105	177	0.702788
105	179	0.68202
105	180	0.693992
106	26	0.782546
106	65	0.732555
106	66	1.76641
106	87	2.35357
106	95	0.741911
106	100	0.726172
106	124	0.753017
106	128	0.780768
106	132	0.745906
106	133	0.771649
106	136	0.777007
106	137	0.737354
106	139	2.35137
106	143	1.70745
106	144	0.765489
106	146	0.764474
106	147	0.757564
106	149	0.761264
106	153	0.757029
106	160	2.19249
106	166	0.756141
106	167	0.759518
106	169	0.769835
106	176	0.760549
107	42	0.68044
107	61	0.762502
107	66	0.75051
107	82	2.2109
107	87	0.739035
107	94	1.90373
107	109	0.781533
107	115	2.00158
107	117	0.763212
107	136	1.64854
107	145	0.740482
107	146	0.778014
107	148	0.7368
107	152	0.751288
107	157	0.756346
107	158	0.77139
107	160	0.745161
107	162	0.744345
107	163	0.755674
107	164	0.727001
107	165	0.727789
107	168	0.76341
107	170	1.49583
107	179	0.757013
107	180	0.768985
108	14	2.00824
108	41	0.663054
108	70	2.17775
108	87	0.712599
108	104	2.57695
108	105	0.686442
108	118	0.742515
108	129	0.721582
108	140	0.706054
108	145	0.714047
108	148	0.710365
108	152	0.724852
108	153	2.58174
108	155	0.704269
108	157	0.72991
108	161	0.722176
108	162	0.717909
108	163	0.729238
108	168	0.736975
108	171	0.724073
108	175	0.730298
108	177	0.751345
108	179	0.730577
108	180	0.742549
109	46	1.93429
109	61	0.756166
109	70	1.48944
109	71	0.744257
109	72	1.71198
109	107	0.781533
109	112	0.760833
109	130	2.05611
109	132	2.31054
109	139	0.735662
109	140	0.726152
109	143	0.76675
109	148	0.730464
109	152	0.744951
109	156	0.768657
109	157	0.750009
109	158	0.765053
109	161	0.742275
109	163	0.749337
109	165	0.721453
109	168	0.757073
109	172	0.745726
109	178	0.741258
109	179	0.750676
109	180	0.762648
110	4	0.713519
110	5	2.10161
110	13	0.713205
110	21	0.780425
110	31	0.712373
110	35	0.769558
110	39	0.767625
110	45	0.753087
110	60	0.743731
110	75	0.731217
110	78	0.777362
110	80	0.719937
110	81	0.719149
110	82	0.762124
110	88	0.7616
110	90	0.747864
110	99	1.56622
110	102	0.770789
110	104	0.76617
110	113	0.787333
110	114	0.749872
110	126	2.24356
110	131	0.753186
110	160	2.49315
110	179	2.36862
111	14	0.805508
111	17	0.709536
111	23	0.714923
111	48	1.98992
111	72	0.783956
111	74	0.730895
111	101	0.767305
111	124	0.743955
111	128	0.771706
111	132	0.736844
111	133	0.762587
111	142	0.744244
111	143	2.02157
111	144	0.756427
111	147	0.748502
111	149	0.752203
111	153	0.747967
111	158	2.08444
111	162	2.51511
111	167	0.750456
111	170	0.756173
111	171	2.41501
111	173	0.740733
111	176	0.751487
111	178	0.724993
112	19	1.92047
112	54	0.76077
112	82	2.31428
112	109	0.760833
112	120	0.774994
112	123	1.79432
112	140	0.711789
112	147	1.76388
112	148	0.7161
112	149	1.82646
112	150	0.740325
112	154	0.744098
112	156	0.754293
112	157	0.735646
112	158	0.750689
112	159	0.752254
112	161	0.727911
112	162	0.723644
112	163	0.734974
112	168	0.74271
112	169	0.762675
112	171	0.729808
112	175	0.736034
112	177	0.75708
112	179	0.736313
112	180	0.748284
113	4	0.74233
113	12	2.10607
113	13	0.742016
113	20	0.749889
113	21	0.809237
113	35	0.79837
113	45	0.781899
113	46	0.787604
113	73	0.825206
113	75	0.760029
113	78	0.806174
113	80	0.748748
113	81	0.74796
113	82	0.790935
113	88	0.790412
113	90	0.776675
113	102	0.799601
113	104	0.794981
113	110	0.787333
113	114	0.778683
113	126	1.73492
113	131	0.781998
113	140	2.34292
113	158	1.56234
113	165	2.35031
113	177	1.57692
114	3	0.727932
114	13	0.704555
114	20	0.712428
114	21	0.771776
114	31	0.703724
114	35	0.760908
114	45	0.744438
114	60	0.735082
114	71	1.88527
114	73	0.787745
114	75	0.722568
114	76	2.1235
114	78	0.768712
114	80	0.711287
114	81	0.710499
114	82	0.753474
114	88	0.75295
114	90	0.739214
114	102	0.762139
114	104	0.75752
114	105	3.15213
114	110	0.749872
114	113	0.778683
114	131	0.744536
114	150	1.82613
114	154	1.91114
115	9	0.666171
115	15	0.728882
115	17	0.71581
115	24	0.709511
115	38	0.76291
115	44	2.35675
115	51	0.752322
115	58	0.750881
115	72	0.79023
115	74	0.737168
115	84	0.769839
115	101	0.773579
115	107	2.00158
115	118	2.32399
115	123	0.758561
115	129	2.52879
115	138	0.74365
115	141	0.731585
115	165	0.711461
115	166	0.753353
115	167	0.75673
115	169	1.91977
115	170	0.762447
115	173	0.747006
115	174	0.747093
115	178	0.731266
116	69	0.776938
116	92	0.773209
116	93	0.713361
116	103	0.736364
116	122	0.726585
116	125	0.722196
116	127	0.725988
116	128	0.758995
116	130	0.72149
116	132	0.724133
116	134	0.715217
116	135	0.744828
116	136	0.755234
116	137	0.715581
116	142	0.731532
116	143	2.2242
116	147	0.735791
116	149	0.739491
116	151	2.76016
116	153	0.735256
116	157	2.47387
116	167	0.737745
116	170	0.743462
116	173	0.728021
116	174	2.38112
116	176	0.738776
116	180	2.25774
117	12	0.720987
117	13	2.46473
117	53	0.757611
117	59	0.741816
117	65	2.39903
117	78	1.67428
117	86	0.768015
117	88	2.21504
117	107	0.763212
117	126	0.759221
117	129	0.723359
117	140	0.707831
117	143	0.748428
117	155	0.706046
117	158	0.746731
117	160	0.720503
117	162	0.719686
117	163	0.731016
117	164	0.702342
117	168	0.738752
117	169	0.758717
117	172	0.727404
117	174	0.738763
117	176	1.79519
117	177	0.753122
117	178	0.722937
117	180	0.744326
118	1	1.98564
118	3	0.732337
118	8	0.731072
118	108	0.742515
118	115	2.32399
118	129	0.729098
118	142	1.86972
118	143	0.754167
118	145	0.721563
118	150	0.742106
118	152	0.732369
118	155	0.711785
118	156	0.756074
118	157	0.737427
118	159	0.754035
118	160	0.726242
118	161	0.729692
118	163	0.736755
118	164	0.708081
118	167	2.06774
118	168	0.744491
118	170	1.81824
118	171	0.731589
118	172	0.733143
118	175	0.737815
118	177	0.758861
118	180	0.750065
119	1	0.778442
119	2	0.772486
119	16	0.775603
119	25	0.679606
119	29	0.75717
119	34	0.744469
119	52	0.725159
119	56	0.708462
119	61	2.00478
119	69	0.7628
119	70	0.762135
119	77	0.744406
119	83	0.729142
119	92	0.759071
119	93	0.699223
119	97	0.693974
119	103	0.722225
119	122	0.712446
119	125	0.708058
119	127	0.71185
119	129	2.72699
119	130	0.707352
119	134	0.701079
119	135	0.73069
119	150	2.37406
119	154	2.45908
119	173	0.713883
119	178	2.63878
120	6	1.59356
120	28	0.685274
120	44	0.787196
120	52	0.782435
120	57	0.771857
120	64	2.13175
120	69	1.22233
120	112	0.774994
120	130	1.92755
120	137	1.91593
120	139	0.749823
120	144	1.63367
120	145	0.748306
120	150	0.768849
120	154	0.772622
120	155	0.738529
120	156	0.782817
120	157	0.76417
120	158	0.779214
120	159	0.780778
120	160	0.752985
120	163	0.763498
120	164	0.734825
120	168	0.771234
120	175	0.764558
120	177	0.785604
120	179	0.764837
120	180	0.776809
121	30	0.782323
121	57	0.733848
121	76	0.719043
121	83	2.10763
121	89	2.43097
121	99	0.764891
121	126	0.753694
121	133	2.07985
121	140	0.702304
121	142	1.82103
121	143	0.742901
121	146	0.747829
121	148	0.706615
121	152	0.721103
121	154	0.734613
121	155	0.70052
121	158	0.741205
121	160	0.714976
121	162	0.71416
121	163	0.725489
121	164	0.696816
121	167	2.01904
121	169	0.75319
121	171	0.720324
121	174	0.733236
121	175	0.726549
121	179	0.726828
121	180	0.7388
122	1	0.801923
122	2	0.795966
122	25	0.703086
122	29	0.78065
122	39	0.756328
122	43	0.767548
122	52	0.748639
122	56	0.731942
122	69	0.78628
122	70	0.785615
122	77	0.767886
122	83	0.752622
122	92	0.782551
122	93	0.722703
122	97	0.717455
122	103	0.745706
122	116	0.726585
122	119	0.712446
122	125	0.731538
122	127	0.73533
122	130	0.730832
122	134	0.724559
122	135	0.75417
122	139	2.57774
122	155	2.89266
122	156	1.99821
122	157	2.18349
122	169	1.80282
122	173	0.737363
122	174	2.09074
123	17	0.719158
123	22	0.796024
123	23	0.724545
123	24	0.712859
123	50	0.759596
123	51	0.75567
123	58	0.754229
123	64	0.74886
123	74	0.740516
123	84	0.773188
123	89	0.747098
123	91	0.753483
123	94	0.75069
123	101	0.776927
123	112	1.79432
123	115	0.758561
123	141	0.734933
123	148	2.70901
123	162	2.23367
123	164	2.8252
123	165	0.714809
123	166	0.756701
123	167	0.760078
123	169	1.60912
123	170	0.765795
123	173	0.750355
123	174	0.750441
123	176	0.761109
123	178	0.734615
123	179	2.10063
124	19	0.779372
124	26	0.774774
124	37	0.696218
124	55	0.734099
124	59	2.04133
124	95	0.734139
124	96	0.726526
124	106	0.753017
124	111	0.743955
124	128	0.772996
124	132	0.738134
124	133	0.763877
124	136	0.769235
124	137	0.729582
124	142	0.745533
124	144	0.757717
124	146	0.756702
124	147	0.749792
124	148	2.74738
124	149	0.753492
124	153	0.749257
124	160	2.26353
124	166	0.748369
124	167	0.751746
124	169	0.762063
124	170	0.757463
124	174	1.93541
124	176	0.752777
124	178	2.1683
124	179	2.139
125	1	0.797534
125	2	0.791578
125	16	0.794695
125	25	0.698698
125	29	0.776262
125	34	0.763561
125	39	0.75194
125	40	1.87453
125	43	0.763159
125	56	0.727554
125	69	0.781892
125	70	0.781227
125	77	0.763498
125	83	0.748234
125	92	0.778163
125	93	0.718315
125	103	0.741317
125	116	0.722196
125	119	0.708058
125	122	0.731538
125	127	0.730942
125	130	0.726444
125	134	0.720171
125	135	0.749782
125	138	2.28959
125	159	2.13033
125	160	2.45984
125	162	2.46835
125	173	0.732975
125	177	2.05226
126	22	1.53259
126	32	0.728582
126	61	0.758511
126	93	2.19181
126	98	0.792017
126	105	0.708886
126	110	2.24356
126	113	1.73492
126	117	0.759221
126	121	0.753694
126	129	0.744026
126	150	0.757034
126	151	0.743837
126	155	0.726714
126	156	0.771002
126	158	0.767399
126	159	0.768963
126	160	0.74117
126	161	0.74462
126	162	0.740354
126	163	0.751683
126	164	0.72301
126	165	0.723798
126	169	0.779384
126	170	1.78047
126	171	0.746518
126	175	0.752743
126	176	2.01384
126	179	0.753022
126	180	0.764993
127	1	0.801326
127	2	0.79537
127	15	0.718643
127	16	0.798486
127	25	0.70249
127	29	0.780054
127	32	2.37855
127	34	0.767353
127	56	0.731345
127	69	0.785684
127	70	0.785019
127	77	0.767289
127	83	0.752025
127	92	0.781954
127	93	0.722106
127	97	0.716858
127	103	0.745109
127	116	0.725988
127	119	0.71185
127	122	0.73533
127	125	0.730942
127	130	0.730236
127	134	0.723962
127	135	0.753574
127	138	2.30124
127	143	1.98646
127	160	2.47149
127	173	0.736767
127	174	2.14338
127	180	2.01999
128	3	2.00739
128	5	0.750305
128	6	0.820973
128	52	1.38479
128	62	0.767679
128	89	0.766516
128	96	0.754277
128	100	0.746152
128	106	0.780768
128	111	0.771706
128	116	0.758995
128	124	0.772996
128	132	0.765885
128	136	0.796986
128	137	0.757333
128	138	2.00183
128	142	0.773285
128	144	0.785468
128	146	0.784453
128	147	0.777543
128	149	0.781243
128	153	0.777008
128	160	2.17208
128	161	2.31201
128	166	0.77612
128	167	0.779497
128	169	0.789814
128	170	0.785214
128	176	0.780528
128	177	1.7645
128	179	2.04755
129	8	0.710138
129	47	0.685873
129	83	2.36113
129	85	0.706721
129	98	0.756155
129	108	0.721582
129	115	2.52879
129	117	0.723359
129	118	0.729098
129	119	2.72699
129	126	0.744026
129	139	0.702146
129	140	0.692636
129	145	0.700629
129	149	2.25028
129	151	0.707975
129	152	0.711435
129	155	0.690852
129	156	0.73514
129	157	0.716493
129	159	0.733101
129	160	0.705308
129	162	0.704492
129	164	0.687148
129	170	2.02304
129	172	0.712209
129	174	0.723568
129	175	0.716881
129	177	0.737927
129	179	0.71716
129	180	0.729132
130	1	0.796828
130	15	0.714145
130	16	0.793989
130	25	0.697992
130	29	0.775556
130	39	0.751234
130	43	0.762453
130	52	0.743545
130	56	0.726848
130	69	0.781186
130	70	0.780521
130	77	0.762792
130	83	0.747528
130	92	0.777456
130	93	0.717609
130	97	0.71236
130	103	0.740611
130	109	2.05611
130	116	0.72149
130	119	0.707352
130	120	1.92755
130	122	0.730832
130	125	0.726444
130	127	0.730236
130	134	0.719465
130	135	0.749076
130	157	2.35915
130	172	2.11108
130	173	0.732269
130	174	2.2664
130	175	2.70124
131	4	0.708183
131	8	2.58917
131	13	0.707869
131	20	0.715742
131	31	0.707038
131	34	1.82853
131	37	0.697521
131	45	0.747752
131	60	0.738396
131	73	0.791059
131	75	0.725882
131	88	0.756265
131	110	0.753186
131	113	0.781998
131	114	0.744536
131	132	0.739437
131	133	0.76518
131	136	0.770538
131	137	0.730885
131	142	0.746836
131	144	0.75902
131	147	0.751095
131	149	0.754795
131	153	0.75056
131	159	2.23494
131	163	2.41688
131	166	0.749672
131	167	0.753049
131	168	2.17294
131	176	0.75408
131	177	2.15688
132	7	0.706657
132	27	0.766586
132	37	0.689107
132	53	2.08864
132	61	2.11971
132	65	0.717672
132	89	0.731654
132	95	0.727028
132	96	0.719415
132	99	1.92202
132	100	0.711289
132	106	0.745906
132	109	2.31054
132	111	0.736844
132	116	0.724133
132	124	0.738134
132	128	0.765885
132	131	0.739437
132	133	0.756766
132	136	0.762124
132	142	0.738422
132	144	0.750606
132	146	0.749591
132	147	0.742681
132	149	0.746381
132	150	2.489
132	153	0.742146
132	166	0.741258
132	169	0.754951
132	170	0.750352
132	172	2.36551
132	176	0.745666
133	19	0.798004
133	26	0.793406
133	27	0.79233
133	53	1.58005
133	65	0.743415
133	95	0.752771
133	96	0.745158
133	97	0.740746
133	100	0.737033
133	106	0.771649
133	111	0.762587
133	121	2.07985
133	124	0.763877
133	131	0.76518
133	132	0.756766
133	136	0.787867
133	142	0.764166
133	144	0.776349
133	146	0.775334
133	147	0.768424
133	149	0.772124
133	153	0.767889
133	154	2.06543
133	166	0.767001
133	167	0.770378
133	169	0.780695
133	170	0.776095
133	171	2.24877
133	174	2.01225
133	176	0.771409
133	179	2.21584
133	180	1.88887
134	2	0.784598
134	15	0.707872
134	16	0.787715
134	25	0.691718
134	29	0.769283
134	34	0.756581
134	39	0.74496
134	43	0.75618
134	52	0.737272
134	56	0.720574
134	69	0.774913
134	70	0.774248
134	77	0.756518
134	83	0.741254
134	92	0.771183
134	93	0.711335
134	97	0.706087
134	103	0.734338
134	116	0.715217
134	119	0.701079
134	122	0.724559
134	125	0.720171
134	127	0.723962
134	130	0.719465
134	135	0.742802
134	146	2.06259
134	156	2.3746
134	159	2.46573
134	172	2.31181
134	173	0.725995
134	177	2.38766
134	178	2.70001
135	1	0.820166
135	2	0.81421
135	15	0.737483
135	16	0.817326
135	25	0.721329
135	29	0.798894
135	34	0.786192
135	52	0.766883
135	56	0.750185
135	68	1.96077
135	69	0.804524
135	70	0.803859
135	77	0.786129
135	83	0.770865
135	92	0.800794
135	93	0.740946
135	97	0.735698
135	103	0.763949
135	105	3.10136
135	116	0.744828
135	119	0.73069
135	122	0.75417
135	125	0.749782
135	127	0.753574
135	130	0.749076
135	134	0.742802
135	150	1.77536
135	156	1.71467
135	159	1.80579
135	172	1.65187
135	173	0.755607
135	178	2.04008
136	7	0.737759
136	26	0.798764
136	27	0.797688
136	37	0.720208
136	55	0.75809
136	65	0.748773
136	76	2.12019
