1	47	0.986448
1	68	1.09051
1	71	0.989369
1	89	1.00914
1	97	1.06453
1	110	1.01904
1	144	0.979722
1	145	1.04097
1	156	0.929583
1	172	0.945735
1	178	0.983288
1	179	0.973299
2	12	0.913637
2	50	0.877616
2	79	0.913267
2	104	0.879657
2	106	0.919657
2	112	0.87064
2	143	0.923903
2	154	1.16909
2	169	1.22957
2	175	0.901624
2	176	1.18341
2	178	1.22726
3	80	1.03615
3	95	1.06925
3	105	0.975015
3	109	1.01252
3	114	0.921386
3	123	0.992263
3	150	0.963587
3	165	1.03943
3	170	1.04037
3	171	0.958783
3	173	0.975528
3	175	1.02728
4	41	0.94026
4	69	0.915315
4	77	1.05259
4	127	0.924216
4	133	0.955944
4	144	1.02687
4	152	1.01605
4	164	1.04403
4	176	1.03987
4	178	1.01652
4	179	1.02643
4	180	1.03024
5	39	1.02947
5	42	1.02027
5	57	1.04648
5	61	1.04695
5	69	1.0676
5	74	0.93534
5	136	0.959456
5	140	0.973377
5	154	0.948951
5	159	0.960693
5	160	1.01586
5	178	1.00712
6	7	0.929587
6	87	0.977417
6	93	1.03665
6	108	1.03197
6	115	1.04039
6	118	1.0516
6	120	0.999415
6	129	1.06257
6	169	0.986047
6	170	0.932298
6	177	0.979978
6	178	0.983738
7	6	0.929587
7	13	1.04374
7	25	1.13024
7	58	0.827939
7	67	0.859125
7	151	1.02691
7	172	1.03871
7	174	1.02395
7	177	1.03343
7	178	1.01779
7	179	1.02769
7	180	1.03151
8	42	1.0231
8	54	0.950474
8	57	1.04931
8	61	1.04978
8	69	1.07042
8	143	0.932489
8	148	0.949669
8	152	1.00161
8	160	1.01868
8	162	1.03824
8	166	0.95252
8	179	0.975331
9	48	0.865022
9	95	1.07319
9	103	1.0125
9	105	0.978957
9	109	1.01646
9	111	0.948623
9	158	1.00274
9	165	1.04337
9	170	1.04431
9	171	0.989258
9	173	1.006
9	175	1.03122
10	18	1.2246
10	52	1.07608
10	64	1.08811
10	104	1.08956
10	106	1.12956
10	112	1.08055
10	157	0.888147
10	168	0.829521
10	170	0.84316
10	171	0.86769
10	175	1.11153
10	177	0.89084
10	178	0.8946
11	29	0.92256
11	30	1.04021
11	63	0.963234
11	72	0.936867
11	81	0.981292
11	90	1.0482
11	91	0.970847
11	132	0.949853
11	144	1.07779
11	153	1.02768
11	167	0.968224
11	171	1.05445
11	175	1.07046
12	2	0.913637
12	52	0.959326
12	64	0.97135
12	104	0.972805
12	106	1.0128
12	112	0.963788
12	136	1.02911
12	147	1.01152
12	150	1.05467
12	152	1.09306
12	156	1.02307
12	168	1.01169
12	175	0.994772
13	7	1.04374
13	20	0.964728
13	54	0.905069
13	57	1.0039
13	61	1.00437
13	69	1.02502
13	102	1.04213
13	140	0.930798
13	156	1.04419
13	160	0.973277
13	162	0.992836
13	168	1.03282
13	170	1.04646
14	55	1.10984
14	82	1.14575
14	92	1.159
14	100	1.09138
14	130	0.846125
14	131	0.931017
14	135	1.09192
14	150	1.09778
14	159	1.10431
14	167	0.877547
14	168	0.819075
14	171	0.857243
14	180	0.88299
15	25	1.03251
15	41	1.09619
15	67	1.19583
15	74	0.823143
15	78	1.12432
15	143	1.12704
15	155	0.910225
15	162	1.12507
15	167	1.09904
15	170	0.843485
15	172	0.857372
15	173	0.88476
15	178	0.894925
16	33	1.11272
16	36	1.10658
16	81	0.797384
16	89	1.09539
16	97	1.15078
16	110	1.10529
16	131	0.944312
16	135	1.10336
16	147	0.850799
16	148	0.861797
16	165	1.12589
16	169	0.899757
16	172	0.859895
17	116	1.07501
17	126	0.997112
17	133	1.04976
17	138	1.02944
17	148	0.982389
17	153	0.989378
17	165	1.037
17	166	0.97356
17	172	0.979815
17	177	0.97454
17	178	0.958897
17	179	0.968802
17	180	0.97262
18	10	1.2246
18	50	1.07182
18	79	1.10747
18	104	1.07386
18	106	1.11386
18	147	1.11257
18	155	0.894347
18	170	0.827606
18	174	0.869685
18	175	1.09583
18	177	0.875286
18	179	0.869057
18	180	0.877883
19	65	0.901649
19	133	1.10736
19	134	1.11068
19	137	1.11611
19	138	1.11581
19	139	1.11581
19	141	1.09998
19	142	1.13424
19	151	0.848353
19	152	0.898686
19	167	0.875787
19	168	0.817314
19	173	0.872228
20	13	0.964728
20	39	0.989321
20	54	0.9075
20	61	1.0068
20	69	1.02745
20	81	0.998069
20	140	0.933228
20	143	1.0453
20	156	1.04443
20	160	0.975707
20	162	0.995266
20	164	1.05267
20	171	1.07122
21	23	0.957796
21	33	1.0259
21	54	1.17304
21	56	1.00561
21	101	1.02598
21	128	0.959744
21	163	0.988229
21	166	0.982497
21	169	0.968409
21	174	0.973992
21	178	0.967834
21	179	0.977738
21	180	0.981557
22	26	1.38403
22	65	0.859954
22	82	1.20823
22	99	1.29245
22	115	1.30595
22	125	0.890819
22	128	0.841192
22	156	0.876711
22	163	0.869677
22	173	0.866827
22	176	0.872629
22	179	0.859186
22	180	0.863005
23	21	0.957796
23	29	1.00315
23	34	1.04966
23	49	1.02431
23	63	1.04382
23	90	1.12879
23	91	1.05144
23	143	0.899989
23	144	0.949253
23	150	1.05002
23	167	1.04881
23	176	0.90897
23	178	0.95282
23	179	0.942831
24	68	0.994839
24	71	0.8937
24	83	0.908765
24	89	0.913468
24	97	0.968866
24	110	0.92337
24	114	1.10125
24	125	1.09046
24	132	0.907726
24	145	0.945297
24	161	1.12623
24	165	0.94397
24	172	1.128
24	178	1.16556
25	7	1.13024
25	15	1.03251
25	27	0.840147
25	41	0.901928
25	48	1.03325
25	51	0.970053
25	56	0.928724
25	66	0.889483
25	67	1.00157
25	151	1.15035
25	159	1.13796
25	162	0.930809
25	167	0.90478
25	171	1.15748
26	22	1.38403
26	116	0.92366
26	124	0.914471
26	125	1.00873
26	133	0.930485
26	134	0.933803
26	137	0.939238
26	138	0.938938
26	139	0.938938
26	141	0.923105
26	142	0.957362
26	146	1.05549
26	167	1.07722
26	178	1.08382
27	25	0.840147
27	41	0.903832
27	56	0.930628
27	58	1.05917
27	66	0.891387
27	67	1.00347
27	78	0.931961
27	107	1.13582
27	147	1.10538
27	149	1.12016
27	162	0.932712
27	167	0.906684
27	176	1.10818
27	179	1.14204
28	35	0.949085
28	44	1.00897
28	60	0.968396
28	95	0.958142
28	103	0.897449
28	105	0.863908
28	109	0.901408
28	130	1.10692
28	150	1.12285
28	159	1.09852
28	162	0.936475
28	167	1.13835
28	175	0.916167
28	178	1.14495
29	11	0.92256
29	23	1.00315
29	49	0.901147
29	53	0.977403
29	63	0.920662
29	72	0.894295
29	91	0.928275
29	147	1.1119
29	150	0.926856
29	161	1.11923
29	166	1.12575
29	167	0.925653
29	170	1.10711
29	175	1.14766
30	11	1.04021
30	34	1.04415
30	40	1.05287
30	63	1.03831
30	72	1.01195
30	90	1.12328
30	91	1.04593
30	136	0.913159
30	147	0.914176
30	148	0.925174
30	167	1.0433
30	173	0.95066
30	175	0.949932
30	178	0.960825
31	36	1.04102
31	46	1.13224
31	71	1.01006
31	83	1.02513
31	89	1.02983
31	110	1.03973
31	136	0.931139
31	145	1.06166
31	147	0.932155
31	148	0.943153
31	154	0.920634
31	165	1.06033
31	171	0.951894
31	176	0.934954
32	43	1.10737
32	70	1.06784
32	75	1.0633
32	92	1.0918
32	100	1.02418
32	112	1.00411
32	135	1.02471
32	146	0.92439
32	155	1.01669
32	158	0.939301
32	161	0.9134
32	173	0.94256
32	179	0.942736
32	180	0.951562
33	16	1.11272
33	21	1.0259
33	46	1.06581
33	47	0.940705
33	83	0.958692
33	86	0.963979
33	89	0.963394
33	97	1.01879
33	110	0.973296
33	135	0.971366
33	136	0.973262
33	145	0.995224
33	155	1.03623
33	163	0.994993
33	177	1.01717
34	23	1.04966
34	30	1.04415
34	40	0.981731
34	49	0.947658
34	53	1.02391
34	90	1.05214
34	91	0.974786
34	132	0.953792
34	136	0.983436
34	148	0.995451
34	163	1.00517
34	166	0.998302
34	167	0.972164
34	171	1.00419
34	177	1.02734
35	28	0.949085
35	45	0.984646
35	65	1.02728
35	80	1.02455
35	103	0.996958
35	105	0.963417
35	109	1.00092
35	149	0.976153
35	158	0.994598
35	162	1.03598
35	169	1.01033
35	170	1.02877
35	174	0.99866
35	175	1.01568
35	180	1.00686
36	16	1.10658
36	31	1.04102
36	68	1.03862
36	71	0.93748
36	89	0.957248
36	97	1.01265
36	110	0.96715
36	132	0.951507
36	136	0.984864
36	154	0.974359
36	165	0.987751
36	170	0.98109
36	174	1.02317
36	175	1.02164
36	177	1.02877
37	50	0.980008
37	52	0.96857
37	64	0.980594
37	79	1.01566
37	104	0.982049
37	106	1.02205
37	136	0.991617
37	143	1.02629
37	147	1.02076
37	148	1.00363
37	151	1.00524
37	159	0.992854
37	167	1.03268
37	170	0.987842
37	175	1.00402
38	102	1.00496
38	104	1.02253
38	135	0.991148
38	137	1.0245
38	139	0.961714
38	151	0.996827
38	157	0.994699
38	160	0.982676
38	162	1.00386
38	166	1.00237
38	176	1.01105
38	177	1.00335
38	178	0.987706
38	179	0.997611
38	180	1.00143
39	5	1.02947
39	20	0.989321
39	42	1.00228
39	54	0.929662
39	61	1.02896
39	69	1.04961
39	140	0.955391
39	148	1.0006
39	151	1.00221
39	156	0.982542
39	160	0.99787
39	162	1.01743
39	171	1.00934
39	174	1.02689
39	176	0.992396
40	30	1.05287
40	34	0.981731
40	53	1.03263
40	63	0.975894
40	72	0.949527
40	74	0.967611
40	81	0.939329
40	90	1.06086
40	91	0.983507
40	150	0.982087
40	152	1.05569
40	156	0.985688
40	167	0.980884
40	174	1.03003
40	177	1.03563
41	4	0.94026
41	15	1.09619
41	25	0.901928
41	27	0.903832
41	58	1.12095
41	66	0.953168
41	67	1.06526
41	78	0.993742
41	107	1.00283
41	117	1.04779
41	143	0.996465
41	167	0.968465
41	169	1.02135
41	172	0.981487
41	180	1.01788
42	5	1.02027
42	8	1.0231
42	39	1.00228
42	54	0.920462
42	57	1.0193
42	61	1.01976
42	69	1.04041
42	123	1.0303
42	140	0.946191
42	157	1.01728
42	162	1.00823
42	166	0.990931
42	168	0.958652
42	171	0.996821
42	177	1.01997
43	32	1.10737
43	55	1.06257
43	70	1.08778
43	75	1.08324
43	82	1.09848
43	100	1.04411
43	107	0.916329
43	112	1.02405
43	119	0.97198
43	136	0.884877
43	151	0.898503
43	155	1.03663
43	160	1.05578
43	161	0.893218
43	177	0.928782
43	179	0.922553
44	28	1.00897
44	95	1.11754
44	98	0.96907
44	103	1.05684
44	105	1.0233
44	107	1.06772
44	109	1.0608
44	117	0.942361
44	136	1.1006
44	154	0.855435
44	155	0.928906
44	157	0.907153
44	170	1.08866
44	173	0.903441
44	175	1.07556
44	177	0.909846
45	35	0.984646
45	60	1.00396
45	80	0.960601
45	95	0.993704
45	103	0.93301
45	105	0.899469
45	109	0.936969
45	130	1.06405
45	147	1.05543
45	159	1.05565
45	161	1.06275
45	162	0.972036
45	165	0.96388
45	171	1.07516
45	175	0.951729
45	180	1.10091
46	31	1.13224
46	33	1.06581
46	47	1.02578
46	83	1.04377
46	89	1.04847
46	97	1.10387
46	110	1.05837
46	132	1.04273
46	136	0.894382
46	144	0.938481
46	149	0.910178
46	159	0.895619
46	165	1.07897
46	172	0.904494
46	179	0.932058
46	180	0.940884
47	1	0.986448
47	33	0.940705
47	46	1.02578
47	68	1.00474
47	71	0.9036
47	74	1.00975
47	84	1.25206
47	97	0.978766
47	107	1.06531
47	110	0.93327
47	132	0.917626
47	143	1.0287
47	145	0.955197
47	147	1.03488
47	154	1.02336
47	165	0.95387
48	9	0.865022
48	25	1.03325
48	62	0.787297
48	72	0.988576
48	84	0.98422
48	117	1.06268
48	128	1.06461
48	138	0.863256
48	140	0.980098
48	161	1.07955
48	165	0.870811
48	174	1.07886
48	177	1.08834
48	178	1.0727
48	179	1.08261
48	180	1.08642
49	23	1.02431
49	29	0.901147
49	34	0.947658
49	53	0.998562
49	63	0.941821
49	72	0.915454
49	90	1.02679
49	91	0.949434
49	102	1.04773
49	114	1.03919
49	147	1.05685
49	150	0.948014
49	158	1.09007
49	167	0.946811
49	171	1.07659
49	178	1.1035
50	2	0.877616
50	18	1.07182
50	37	0.980008
50	64	0.935329
50	79	0.970394
50	104	0.936784
50	106	0.976784
50	119	1.12968
50	123	1.09681
50	140	0.917021
50	147	0.975496
50	154	1.03207
50	156	1.03653
50	170	1.0388
50	173	1.08007
50	175	0.958751
51	25	0.970053
51	56	1.06053
51	58	1.18908
51	66	1.02129
51	67	1.13338
51	78	1.06187
51	114	1.0406
51	125	1.02981
51	136	1.05724
51	137	0.0321911
51	143	1.06459
51	149	1.07304
51	155	1.12021
51	159	1.05848
51	162	1.06262
51	167	1.03659
52	10	1.07608
52	12	0.959326
52	37	0.96857
52	64	0.92389
52	79	0.958955
52	104	0.925345
52	106	0.965345
52	140	0.905582
52	143	0.969591
52	146	1.06325
52	153	1.03792
52	155	1.10689
52	163	1.06565
52	166	1.05879
52	173	1.08142
52	175	0.947312
53	29	0.977403
53	34	1.02391
53	40	1.03263
53	49	0.998562
53	63	1.01808
53	72	0.99171
53	90	1.10305
53	91	1.02569
53	107	0.987604
53	132	1.0047
53	136	0.956151
53	150	1.02427
53	153	0.950145
53	155	1.01912
53	164	0.95835
53	168	0.938739
53	169	1.00613
54	8	0.950474
54	13	0.905069
54	20	0.9075
54	21	1.17304
54	39	0.929662
54	42	0.920462
54	57	0.946676
54	61	0.947142
54	69	0.96779
54	140	0.873569
54	149	1.1362
54	159	1.12164
54	160	0.916049
54	161	1.12874
54	162	0.935607
54	166	1.13527
54	170	1.11662
55	14	1.10984
55	43	1.06257
55	59	1.01695
55	70	1.02305
55	75	1.01851
55	92	1.047
55	100	0.979384
55	112	0.959318
55	131	1.0281
55	159	0.992313
55	160	0.991051
55	161	0.941907
55	163	0.955297
55	174	0.97187
55	175	0.970339
55	177	0.977471
55	179	0.971243
56	21	1.00561
56	25	0.928724
56	27	0.930628
56	51	1.06053
56	58	1.14775
56	66	0.979964
56	67	1.09205
56	74	0.928847
56	78	1.02054
56	143	1.02326
56	146	0.972294
56	149	0.96876
56	162	1.02129
56	167	0.995261
56	170	0.949189
56	175	0.989737
56	180	0.999466
57	5	1.04648
57	8	1.04931
57	13	1.0039
57	42	1.0193
57	54	0.946676
57	61	1.04598
57	69	1.06663
57	140	0.972404
57	157	0.988928
57	158	0.981957
57	159	0.948952
57	160	1.01488
57	162	1.03444
57	163	0.969446
57	167	0.988774
57	170	0.94394
57	180	0.994218
58	7	0.827939
58	27	1.05917
58	41	1.12095
58	51	1.18908
58	56	1.14775
58	66	1.10851
58	78	1.14908
58	117	0.910845
58	143	1.15181
58	156	0.828385
58	162	1.14984
58	164	0.836623
58	167	1.12381
58	170	0.83065
58	171	0.85518
58	172	0.844537
58	178	0.88209
59	55	1.01695
59	75	1.03762
59	82	1.05286
59	92	1.06611
59	100	0.998491
59	130	0.958351
59	135	0.999029
59	145	1.02289
59	150	1.00489
59	154	0.938209
59	155	0.991006
59	160	1.01016
59	172	0.958826
59	175	0.985487
59	177	0.992619
59	178	0.99638
59	179	0.986391
60	28	0.968396
60	45	1.00396
60	80	1.04386
60	103	1.01627
60	105	0.982728
60	107	1.02714
60	109	1.02023
60	111	0.928051
60	128	1.03491
60	144	0.992029
60	151	0.961556
60	162	1.05529
60	164	0.950128
60	165	1.04714
60	169	0.997905
60	175	1.03499
60	176	0.951745
61	5	1.04695
61	8	1.04978
61	13	1.00437
61	20	1.0068
61	39	1.02896
61	42	1.01976
61	54	0.947142
61	57	1.04598
61	123	0.996114
61	146	0.96121
61	154	0.931374
61	160	1.01535
61	162	1.03491
61	167	0.982938
61	174	0.980183
61	175	0.978652
61	177	0.985784
62	48	0.787297
62	119	0.97788
62	124	1.05433
62	125	0.863344
62	126	1.10166
62	127	1.10314
62	133	1.07034
62	134	1.07366
62	137	1.0791
62	138	1.0788
62	139	1.0788
62	141	1.06296
62	142	1.09722
62	143	0.885612
62	167	0.931837
62	176	0.894593
62	178	0.938443
62	180	0.93728
63	11	0.963234
63	23	1.04382
63	29	0.920662
63	30	1.03831
63	40	0.975894
63	49	0.941821
63	53	1.01808
63	72	0.934969
63	74	0.983966
63	90	1.04631
63	91	0.968949
63	132	0.947955
63	144	1.05218
63	149	1.02388
63	153	1.00207
63	174	1.04639
63	177	1.05199
63	178	1.05575
64	10	1.08811
64	12	0.97135
64	37	0.980594
64	50	0.935329
64	52	0.92389
64	79	0.970979
64	85	1.07959
64	104	0.937369
64	106	0.977369
64	111	0.980931
64	128	1.08779
64	147	0.976081
64	164	1.00301
64	167	1.04187
64	169	1.05078
64	175	0.959337
64	176	1.00463
64	180	1.04731
65	19	0.901649
65	22	0.859954
65	35	1.02728
65	103	1.08552
65	138	1.03366
65	139	1.03161
65	141	1.0674
65	152	0.980358
65	156	1.00826
65	165	1.04121
65	168	1.01868
65	169	0.981408
65	172	1.00175
65	174	0.986991
65	177	0.996475
65	178	0.980833
65	179	0.990737
65	180	0.994556
66	25	0.889483
66	27	0.891387
66	41	0.953168
66	51	1.02129
66	56	0.979964
66	58	1.10851
66	67	1.05281
66	78	0.981297
66	136	1.02818
66	143	0.98402
66	154	1.01767
66	162	0.982048
66	167	0.95602
66	168	1.01076
66	170	1.0244
66	172	1.03829
66	175	1.06495
66	176	1.03199
67	7	0.859125
67	15	1.19583
67	25	1.00157
67	27	1.00347
67	41	1.06526
67	51	1.13338
67	56	1.09205
67	66	1.05281
67	78	1.09338
67	119	0.952713
67	148	0.877625
67	152	0.929569
67	162	1.09414
67	166	0.880476
67	167	1.06811
67	174	0.903914
67	177	0.909516
67	179	0.903287
68	1	1.09051
68	24	0.994839
68	36	1.03862
68	47	1.00474
68	71	1.00766
68	83	1.02272
68	89	1.02743
68	97	1.08283
68	110	1.03733
68	125	0.912564
68	130	0.949635
68	135	1.0354
68	146	0.959329
68	153	0.933991
68	165	1.05793
68	166	0.954864
68	175	0.976771
68	176	0.943813
68	178	0.987664
69	4	0.915315
69	5	1.0676
69	8	1.07042
69	13	1.02502
69	20	1.02745
69	39	1.04961
69	42	1.04041
69	54	0.96779
69	57	1.06663
69	114	0.929786
69	140	0.993519
69	144	0.990527
69	149	0.962225
69	159	0.947665
69	160	1.036
69	161	0.954769
69	162	1.05556
69	164	0.948627
69	171	0.967184
70	32	1.06784
70	43	1.08778
70	55	1.02305
70	75	1.04371
70	82	1.05895
70	92	1.07221
70	100	1.00459
70	128	1.00728
70	147	0.921308
70	149	0.936088
70	150	1.01099
70	153	0.914285
70	155	0.997104
70	159	1.01752
70	160	1.01626
70	173	0.957792
70	175	0.957065
70	179	0.957968
70	180	0.966794
71	1	0.989369
71	24	0.8937
71	31	1.01006
71	36	0.93748
71	47	0.9036
71	68	1.00766
71	83	0.921586
71	89	0.926289
71	97	0.981687
71	110	0.936191
71	114	1.05531
71	130	1.08159
71	135	0.93426
71	144	1.11605
71	145	0.958118
71	163	1.09368
71	170	1.06817
71	171	1.09271
71	175	1.10872
72	11	0.936867
72	29	0.894295
72	30	1.01195
72	40	0.949527
72	48	0.988576
72	49	0.915454
72	53	0.99171
72	63	0.934969
72	90	1.01994
72	91	0.942582
72	132	0.921588
72	150	0.941163
72	156	1.08602
72	157	1.13327
72	167	0.93996
72	168	1.07464
72	170	1.08828
72	171	1.11281
72	174	1.13036
73	87	1.04328
73	91	0.960758
73	94	0.854236
73	97	0.893623
73	111	1.0573
73	134	0.936519
73	135	0.943604
73	138	0.916221
73	140	1.03306
73	144	1.02989
73	154	1.05167
73	158	1.02954
73	166	1.0342
73	173	1.03708
73	176	1.04289
73	177	1.03518
73	178	1.01954
73	179	1.02944
73	180	1.03326
74	5	0.93534
74	15	0.823143
74	40	0.967611
74	47	1.00975
74	56	0.928847
74	63	0.983966
74	105	1.02935
74	129	0.917319
74	148	1.04651
74	152	1.02255
74	156	1.05045
74	164	1.05053
74	169	1.0236
74	172	1.04394
74	173	1.04057
74	174	1.02918
74	178	1.02302
74	179	1.03292
74	180	1.03674
75	32	1.0633
75	43	1.08324
75	55	1.01851
75	59	1.03762
75	70	1.04371
75	82	1.05441
75	92	1.06767
75	100	1.00005
75	111	0.922775
75	125	0.91522
75	135	1.00059
75	143	0.937489
75	145	1.02445
75	150	1.00645
75	166	0.95752
75	171	0.96341
75	176	0.946469
75	177	0.986559
75	180	0.989157
76	93	0.942502
76	94	1.02551
76	96	0.908084
76	102	1.05599
76	107	0.933095
76	108	0.937821
76	113	0.956256
76	114	1.04744
76	115	0.94624
76	118	0.95745
76	120	0.90527
76	121	0.960793
76	123	1.11832
76	129	0.968428
76	157	1.1053
76	163	1.08581
76	171	0.958551
76	173	1.10158
76	179	1.10176
77	4	1.05259
77	86	1.07442
77	116	0.935423
77	122	0.945517
77	124	0.926234
77	126	0.973565
77	127	0.975048
77	133	0.942248
77	134	0.945566
77	137	0.951001
77	138	0.950702
77	139	0.950702
77	141	0.934868
77	142	0.969125
77	148	1.09572
77	151	1.09733
77	164	1.08591
77	175	1.12048
77	176	1.08752
78	15	1.12432
78	27	0.931961
78	41	0.993742
78	51	1.06187
78	56	1.02054
78	58	1.14908
78	66	0.981297
78	67	1.09338
78	86	0.914181
78	130	0.933101
78	143	1.02459
78	157	0.964677
78	162	1.02262
78	167	0.996594
78	171	0.94422
78	175	0.960237
78	178	0.97113
78	179	0.961141
78	180	0.969967
79	2	0.913267
79	18	1.10747
79	37	1.01566
79	50	0.970394
79	52	0.958955
79	64	0.970979
79	85	1.11466
79	86	0.938271
79	98	1.05068
79	104	0.972434
79	106	1.01243
79	119	1.03466
79	128	1.03454
79	140	0.952671
79	143	1.01668
79	150	0.973114
79	152	1.01151
79	158	0.981796
79	175	0.994402
79	180	0.994057
80	3	1.03615
80	35	1.02455
80	45	0.960601
80	60	1.04386
80	95	1.03361
80	103	0.972913
80	105	0.939372
80	109	0.976872
80	117	1.05906
80	125	0.95521
80	143	0.977478
80	147	0.98366
80	150	1.0082
80	152	1.0466
80	159	0.98388
80	162	1.01194
80	163	1.00437
80	165	1.00378
80	170	1.00473
80	175	0.991632
81	11	0.981292
81	16	0.797384
81	20	0.998069
81	40	0.939329
81	88	0.916249
81	104	0.973107
81	109	0.936811
81	113	0.93063
81	117	1.02632
81	145	0.915461
81	148	1.05984
81	150	1.03813
81	161	1.04319
81	163	1.05674
81	168	1.07419
81	172	1.05726
81	176	1.05969
81	177	1.05199
81	178	1.03634
81	179	1.04625
81	180	1.05007
82	14	1.14575
82	22	1.20823
82	43	1.09848
82	59	1.05286
82	70	1.05895
82	75	1.05441
82	92	1.08291
82	100	1.01529
82	112	0.995222
82	123	0.914597
82	128	0.947346
82	145	1.03968
82	149	0.876158
82	150	1.02169
82	155	1.0078
82	160	1.02695
82	163	0.882092
82	171	0.881117
82	173	0.897862
82	177	0.904267
82	180	0.906864
83	24	0.908765
83	31	1.02513
83	33	0.958692
83	46	1.04377
83	68	1.02272
83	71	0.921586
83	89	0.941354
83	97	0.996752
83	110	0.951256
83	132	0.935613
83	135	0.949325
83	136	1.04305
83	145	0.973183
83	148	1.05507
83	151	1.05668
83	159	1.04429
83	165	0.971857
83	168	1.02564
83	170	1.03928
83	171	1.06381
83	178	1.09072
84	47	1.25206
84	48	0.98422
84	96	1.23642
84	108	1.21427
84	126	1.1526
84	129	1.15963
84	131	0.870038
84	138	1.18493
84	144	0.892024
84	145	1.18605
84	152	0.881204
84	154	0.913812
84	156	0.909107
84	157	0.888672
84	163	0.902074
84	174	0.887837
84	176	0.905026
84	177	0.897322
84	178	0.881679
84	179	0.891583
84	180	0.895402
85	64	1.07959
85	79	1.11466
85	104	1.08105
85	105	1.05075
85	106	1.12105
85	109	1.08825
85	115	1.10831
85	118	1.11952
85	120	1.06734
85	121	1.12287
85	129	1.1305
85	142	0.00027864
85	150	0.976618
85	153	0.945052
85	166	0.965924
85	167	0.992118
85	169	1.00103
85	170	1.11611
85	172	0.961171
85	173	0.98856
85	177	0.994964
85	180	0.997562
86	33	0.963979
86	77	1.07442
86	78	0.914181
86	79	0.938271
86	103	1.00932
86	115	0.9488
86	116	1.00303
86	128	0.99429
86	134	0.977751
86	145	0.958576
86	149	1.01095
86	156	1.02981
86	157	1.00937
86	158	1.01238
86	168	1.04022
86	173	1.01992
86	174	1.00854
86	176	1.02573
86	177	1.01802
86	178	1.00238
86	179	1.01228
86	180	1.0161
87	6	0.977417
87	73	1.04328
87	88	0.959113
87	93	0.926652
87	94	1.00966
87	99	0.937314
87	108	0.921971
87	111	1.07392
87	113	0.940406
87	115	0.93039
87	118	0.9416
87	120	0.88942
87	121	0.944943
87	129	0.952578
87	130	1.10343
87	151	1.10742
87	152	1.15775
87	159	1.09503
87	160	0.925839
87	171	0.942701
87	172	1.10391
87	179	1.13147
88	81	0.916249
88	87	0.959113
88	93	1.01834
88	96	0.983925
88	99	1.02901
88	108	1.01366
88	113	1.0321
88	115	1.02208
88	118	1.03329
88	120	0.981112
88	121	1.03663
88	125	0.941214
88	129	1.04427
88	144	1.01275
88	151	0.982274
88	160	1.01753
88	165	1.02893
88	170	0.964873
88	173	1.00615
88	176	0.972463
88	178	1.01631
88	179	1.00632
89	1	1.00914
89	16	1.09539
89	24	0.913468
89	31	1.02983
89	33	0.963394
89	36	0.957248
89	46	1.04847
89	68	1.02743
89	71	0.926289
89	83	0.941354
89	97	1.00145
89	110	0.955958
89	135	0.954028
89	143	1.00229
89	147	1.00847
89	149	1.02325
89	151	1.02108
89	158	1.04169
89	161	1.01579
89	165	0.976559
89	172	1.01757
89	173	1.04495
89	174	1.04576
90	11	1.0482
90	23	1.12879
90	30	1.12328
90	34	1.05214
90	40	1.06086
90	49	1.02679
90	53	1.10305
90	63	1.04631
90	72	1.01994
90	91	1.05392
90	131	0.982912
90	132	1.03292
90	146	0.907713
90	147	0.889399
90	150	1.0525
90	151	0.902008
90	155	0.951348
90	156	0.882342
90	167	1.0513
90	169	0.938357
90	171	0.909138
90	175	0.925155
90	180	0.934885
91	11	0.970847
91	23	1.05144
91	29	0.928275
91	30	1.04593
91	34	0.974786
91	40	0.983507
91	49	0.949434
91	53	1.02569
91	63	0.968949
91	72	0.942582
91	73	0.960758
91	90	1.05392
91	114	0.994631
91	128	1.09826
91	132	0.955568
91	147	1.01229
91	150	0.975142
91	157	1.05249
91	164	1.01347
91	167	0.973939
91	170	1.0075
91	172	1.02138
91	180	1.05778
92	14	1.159
92	32	1.0918
92	55	1.047
92	59	1.06611
92	70	1.07221
92	75	1.06767
92	82	1.08291
92	98	0.979866
92	100	1.02854
92	107	0.908188
92	117	0.953157
92	135	1.02908
92	145	1.05294
92	155	1.02106
92	159	1.04147
92	160	1.04021
92	164	0.878935
92	167	0.917796
92	169	0.926711
92	171	0.897492
92	175	0.913509
92	178	0.924402
92	180	0.923239
93	6	1.03665
93	76	0.942502
93	87	0.926652
93	88	1.01834
93	96	0.951465
93	98	1.08879
93	99	0.996545
93	108	0.981202
93	113	0.999637
93	118	1.00083
93	120	0.948651
93	121	1.00417
93	129	1.01181
93	131	1.08019
93	143	0.980493
93	144	1.02976
93	160	0.98507
93	163	1.00739
93	165	0.996472
93	170	0.981884
93	172	0.995771
93	178	1.03332
93	179	1.02333
94	73	0.854236
94	76	1.02551
94	87	1.00966
94	96	1.03447
94	99	1.07955
94	102	0.896654
94	108	1.06421
94	113	1.08264
94	115	1.07263
94	118	1.08384
94	120	1.03166
94	121	1.08718
94	129	1.09481
94	150	0.930311
94	153	0.898744
94	155	1.04892
94	161	0.913092
94	171	1.08494
94	173	0.942252
94	174	0.943055
94	175	0.941524
94	177	0.948656
94	178	0.952417
95	3	1.06925
95	9	1.07319
95	28	0.958142
95	44	1.11754
95	45	0.993704
95	80	1.03361
95	103	1.00602
95	105	0.972474
95	107	1.01689
95	109	1.00997
95	117	1.00255
95	125	0.898699
95	128	1.01312
95	136	1.04977
95	147	0.927149
95	152	0.990091
95	157	0.967345
95	158	0.960374
95	159	0.927369
95	165	1.03689
95	170	1.03783
95	175	1.02473
95	179	0.963809
95	180	0.972635
96	76	0.908084
96	84	1.23642
96	88	0.983925
96	93	0.951465
96	94	1.03447
96	99	0.962126
96	113	0.965218
96	115	0.955202
96	118	0.966413
96	119	1.10533
96	120	0.914233
96	121	0.969756
96	129	0.97739
96	153	1.01222
96	154	1.00772
96	155	0.9315
96	160	0.950651
96	165	0.962054
96	167	1.05928
96	171	0.967513
96	175	1.055
96	176	1.02204
96	179	1.0559
96	180	1.06473
97	1	1.06453
97	16	1.15078
97	24	0.968866
97	33	1.01879
97	36	1.01265
97	46	1.10387
97	47	0.978766
97	68	1.08283
97	71	0.981687
97	73	0.893623
97	83	0.996752
97	89	1.00145
97	110	1.01136
97	132	0.995713
97	144	0.988237
97	150	0.969698
97	155	1.0071
97	156	0.938099
97	163	0.965869
97	164	0.946337
97	165	1.03196
97	170	0.940364
97	175	0.980911
97	180	0.990641
98	44	0.96907
98	79	1.05068
98	92	0.979866
98	93	1.08879
98	105	1.1566
98	116	1.11544
98	117	0.941483
98	123	0.937632
98	128	0.943418
98	131	0.939867
98	133	1.09019
98	138	1.06987
98	139	1.06781
98	151	0.960628
98	161	0.958359
98	164	0.979014
98	168	0.989351
98	172	0.972425
98	174	0.957666
98	176	0.974855
98	177	0.96715
98	178	0.951508
98	179	0.961412
98	180	0.965231
99	22	1.29245
99	87	0.937314
99	88	1.02901
99	93	0.996545
99	94	1.07955
99	96	0.962126
99	108	0.991864
99	113	1.0103
99	115	1.00028
99	118	1.01149
99	120	0.959313
99	121	1.01484
99	129	1.02247
99	130	0.954215
99	131	1.03911
99	136	0.944578
99	146	0.963909
99	150	0.970138
99	155	0.97658
99	158	0.97882
99	160	0.995731
99	166	0.959444
99	168	0.927165
99	171	1.01259
99	180	0.991081
100	14	1.09138
100	32	1.02418
100	43	1.04411
100	55	0.979384
100	59	0.998491
100	70	1.00459
100	75	1.00005
100	82	1.01529
100	92	1.02854
100	107	0.999584
100	117	1.04455
100	128	1.05512
100	135	0.961461
100	145	0.985319
100	147	0.969149
100	150	0.967323
100	152	1.03209
100	154	0.957627
100	155	0.953438
100	159	0.973852
100	160	0.97259
100	163	0.989863
100	168	0.950719
100	169	1.01811
100	174	1.00644
101	21	1.02598
101	107	1.00479
101	116	0.985454
101	122	0.995547
101	124	0.976264
101	126	1.0236
101	127	1.02508
101	128	1.06033
101	133	0.992279
101	134	0.995596
101	135	0.982723
101	137	1.00103
101	138	1.00073
101	139	1.00073
101	141	0.984899
101	142	1.01916
101	143	0.968176
101	148	0.985356
101	158	1.00758
101	161	0.981682
101	164	0.97554
101	166	0.988207
101	169	1.02332
101	170	1.0062
101	171	1.01071
102	13	1.04213
102	38	1.00496
102	49	1.04773
102	76	1.05599
102	94	0.896654
102	106	0.937057
102	108	0.987979
102	116	1.00421
102	133	0.978961
102	140	1.07548
102	145	0.959763
102	146	1.0028
102	152	0.986935
102	157	0.994402
102	158	0.997408
102	166	1.00207
102	168	1.02525
102	169	0.987984
102	173	1.00495
102	174	0.993567
102	176	1.01076
102	177	1.00305
102	178	0.98741
102	179	0.997314
102	180	1.00113
103	9	1.0125
103	28	0.897449
103	35	0.996958
103	44	1.05684
103	45	0.93301
103	60	1.01627
103	65	1.08552
103	80	0.972913
103	86	1.00932
103	95	1.00602
103	105	0.911781
103	107	0.956195
103	109	0.949281
103	119	1.1057
103	136	0.989074
103	146	1.03793
103	148	1.03061
103	153	1.01259
103	156	1.01256
103	162	0.984348
103	165	0.976192
103	170	0.977134
103	171	1.03936
103	172	1.02871
103	175	0.96404
103	179	1.05628
104	2	0.879657
104	10	1.08956
104	12	0.972805
104	18	1.07386
104	37	0.982049
104	38	1.02253
104	50	0.936784
104	52	0.925345
104	64	0.937369
104	79	0.972434
104	81	0.973107
104	85	1.08105
104	106	0.978824
104	112	0.929807
104	136	1.02551
104	140	0.919061
104	143	0.98307
104	147	0.977536
104	150	1.05107
104	161	1.03385
104	166	1.04037
104	167	1.06656
104	173	1.06301
104	175	0.960791
104	177	1.06941
104	178	1.07317
105	3	0.975015
105	9	0.978957
105	28	0.863908
105	35	0.963417
105	44	1.0233
105	45	0.899469
105	60	0.982728
105	74	1.02935
105	80	0.939372
105	85	1.05075
105	95	0.972474
105	98	1.1566
105	103	0.911781
105	109	0.91574
105	119	1.14057
105	125	1.02604
105	136	0.955533
105	146	1.0728
105	156	1.04743
105	162	0.950807
105	165	0.942651
105	170	0.943593
105	175	0.930499
105	176	1.05729
105	177	1.09738
105	179	1.09115
105	180	1.09997
106	2	0.919657
106	10	1.12956
106	12	1.0128
106	18	1.11386
106	37	1.02205
106	50	0.976784
106	52	0.965345
106	64	0.977369
106	79	1.01243
106	85	1.12105
106	102	0.937057
106	104	0.978824
106	112	0.969807
106	128	1.03214
106	140	0.959061
106	143	1.02307
106	144	0.989253
106	147	1.01754
106	157	0.986367
106	158	0.979395
106	169	0.995129
106	171	0.96591
106	173	0.982655
106	174	0.983458
106	175	1.00079
106	177	0.989059
106	179	0.982831
107	27	1.13582
107	41	1.00283
107	43	0.916329
107	44	1.06772
107	47	1.06531
107	53	0.987604
107	60	1.02714
107	76	0.933095
107	92	0.908188
107	95	1.01689
107	100	0.999584
107	101	1.00479
107	103	0.956195
107	113	0.99023
107	115	0.980214
107	120	0.939244
107	121	0.994767
107	129	1.0024
107	135	1.02557
107	140	1.11503
107	141	1.03193
107	154	1.00075
107	168	1.00646
107	174	0.974773
107	175	0.974914
107	177	0.984258
107	178	0.968615
107	180	0.982338
108	6	1.03197
108	76	0.937821
108	84	1.21427
108	87	0.921971
108	88	1.01366
108	93	0.981202
108	94	1.06421
108	99	0.991864
108	102	0.987979
108	113	0.994956
108	115	0.98494
108	118	0.99615
108	120	0.94397
108	121	0.999493
108	129	1.00713
108	151	1.0097
108	153	0.990069
108	154	0.985571
108	155	0.961237
108	156	0.990037
108	160	0.980389
108	161	1.00442
108	165	0.991792
108	168	0.978663
108	170	0.992302
108	171	0.997251
108	173	1.03358
108	174	1.03438
109	3	1.01252
109	9	1.01646
109	28	0.901408
109	35	1.00092
109	44	1.0608
109	45	0.936969
109	60	1.02023
109	80	0.976872
109	81	0.936811
109	85	1.08825
109	95	1.00997
109	103	0.949281
109	105	0.91574
109	119	1.07631
109	136	0.993033
109	144	1.03331
109	149	1.00501
109	151	1.00284
109	155	1.05218
109	158	1.02345
109	162	0.988307
109	163	1.01094
109	165	0.980151
109	169	1.03919
109	170	0.981093
109	171	1.00997
109	175	0.967999
109	177	1.03312
110	1	1.01904
110	16	1.10529
110	24	0.92337
110	31	1.03973
110	33	0.973296
110	36	0.96715
110	46	1.05837
110	47	0.93327
110	68	1.03733
110	71	0.936191
110	83	0.951256
110	89	0.955958
110	97	1.01136
110	132	0.950217
110	135	0.96393
110	143	1.00604
110	145	0.987788
110	147	1.01222
110	148	1.02322
110	149	1.027
110	153	1.0052
110	155	1.07417
110	159	1.01244
110	165	0.986461
110	168	0.993792
110	170	1.00743
110	176	1.01502
110	179	1.04888
111	9	0.948623
111	60	0.928051
111	64	0.980931
111	73	1.0573
111	75	0.922775
111	87	1.07392
111	118	0.937338
111	121	1.02349
111	123	0.994044
111	124	1.00629
111	126	0.914529
111	127	0.935451
111	138	0.946857
111	150	1.0097
111	153	1.0384
111	154	1.04005
111	156	1.03535
111	160	0.965768
111	161	1.01477
111	166	1.02258
111	171	1.03183
111	173	1.02546
111	174	1.01408
111	175	1.01422
111	176	1.03127
111	177	1.02356
111	178	1.00792
111	179	1.01782
111	180	1.02164
112	2	0.87064
112	10	1.08055
112	12	0.963788
112	32	1.00411
112	43	1.02405
112	55	0.959318
112	82	0.995222
112	104	0.929807
112	106	0.969807
112	122	0.954219
112	124	0.934936
112	125	1.0141
112	133	0.95095
112	134	0.954268
112	137	0.959703
112	142	0.977827
112	145	0.965253
112	146	1.06086
112	153	1.03552
112	156	1.03549
112	157	1.08274
112	158	1.07577
112	159	0.953785
112	161	1.04987
112	168	1.02412
112	174	1.07983
112	175	0.951775
112	179	1.07921
112	180	1.08803
113	76	0.956256
113	81	0.93063
113	87	0.940406
113	88	1.0321
113	93	0.999637
113	94	1.08264
113	96	0.965218
113	99	1.0103
113	107	0.99023
113	108	0.994956
113	115	1.00337
113	118	1.01458
113	120	0.962405
113	121	1.01793
113	129	1.02556
113	131	1.07756
113	149	0.998826
113	152	1.04699
113	155	0.979672
113	159	0.984266
113	160	0.998823
113	161	0.99137
113	163	1.00476
113	165	1.01023
113	167	1.02409
113	168	0.965616
113	171	1.01569
113	172	0.993142
113	174	1.02133
113	176	0.986845
114	3	0.921386
114	24	1.10125
114	49	1.03919
114	51	1.0406
114	69	0.929786
114	71	1.05531
114	76	1.04744
114	91	0.994631
114	115	0.941442
114	117	0.976368
114	127	0.938688
114	134	0.970392
114	137	1.01083
114	151	0.995513
114	152	0.985918
114	153	1.01687
114	156	1.01382
114	164	1.0139
114	166	1.00106
114	167	0.986971
114	168	1.02424
114	169	0.986967
114	172	1.00731
114	173	1.00394
114	174	0.992551
114	176	1.00974
114	177	1.00204
114	178	0.986393
114	179	0.996297
114	180	1.00012
115	6	1.04039
115	22	1.30595
115	76	0.94624
115	85	1.10831
115	86	0.9488
115	87	0.93039
115	88	1.02208
115	94	1.07263
115	96	0.955202
115	99	1.00028
115	107	0.980214
115	108	0.98494
115	113	1.00337
115	114	0.941442
115	118	1.00457
115	120	0.952389
115	121	1.00791
115	129	1.01555
115	144	1.00218
115	150	0.983643
115	155	0.969656
115	159	0.959321
115	165	1.00021
115	166	0.972949
115	167	0.999143
115	170	0.954309
115	171	1.00567
115	174	0.996388
115	175	0.994856
115	176	0.961899
116	17	1.07501
116	26	0.92366
116	77	0.935423
116	86	1.00303
116	98	1.11544
116	101	0.985454
116	102	1.00421
116	122	0.977554
116	124	0.958271
116	125	0.984875
116	126	1.0056
116	127	1.00708
116	133	0.974285
116	134	0.977602
116	137	0.983038
116	138	0.982738
116	139	0.982738
116	141	0.966905
116	142	1.00116
116	145	0.988588
116	147	0.991854
116	149	1.02811
116	150	1.03787
116	153	1.0063
116	159	0.97712
116	163	1.03404
116	166	1.02717
116	167	1.05337
116	170	0.988203
116	171	0.99272
116	175	1.04908
117	41	1.04779
117	44	0.942361
117	48	1.06268
117	58	0.910845
117	80	1.05906
117	81	1.02632
117	92	0.953157
117	95	1.00255
117	98	0.941483
117	100	1.04455
117	114	0.976368
117	121	1.11978
117	122	1.06837
117	128	0.952047
117	130	0.977267
117	137	1.1039
117	142	1.08589
117	149	0.968704
117	152	0.959662
117	156	0.987565
117	158	0.970134
117	163	0.980531
117	165	1.05071
117	168	0.99798
117	169	0.960711
117	172	0.981054
117	173	0.977681
117	177	0.975779
117	178	0.960136
117	179	0.970041
117	180	0.973859
118	6	1.0516
118	76	0.95745
118	85	1.11952
118	87	0.9416
118	88	1.03329
118	93	1.00083
118	94	1.08384
118	96	0.966413
118	99	1.01149
118	108	0.99615
118	111	0.937338
118	113	1.01458
118	115	1.00457
118	120	0.963599
118	121	1.01912
118	129	1.02676
118	131	1.05175
118	143	0.952052
118	146	0.976548
118	152	1.02118
118	155	0.980866
118	158	0.991458
118	160	1.00002
118	163	0.978948
118	164	0.959415
118	165	1.01142
118	171	1.01688
118	173	0.994718
118	176	0.961032
118	178	1.00488
118	179	0.994893
118	180	1.00372
119	43	0.97198
119	50	1.12968
119	62	0.97788
119	67	0.952713
119	79	1.03466
119	96	1.10533
119	103	1.1057
119	105	1.14057
119	109	1.07631
119	131	0.934915
119	132	1.10974
119	134	1.07414
119	137	1.11458
119	148	0.970048
119	149	0.955124
119	151	0.955677
119	152	0.946081
119	157	0.953549
119	161	0.953407
119	163	0.966951
119	164	0.974062
119	166	0.961219
119	168	0.9844
119	169	0.947131
119	171	0.970466
119	172	0.967473
119	173	0.964101
119	176	0.969903
119	177	0.962199
119	178	0.946556
119	179	0.95646
119	180	0.960279
120	6	0.999415
120	76	0.90527
120	85	1.06734
120	87	0.88942
120	88	0.981112
120	93	0.948651
120	94	1.03166
120	96	0.914233
120	99	0.959313
120	107	0.939244
120	108	0.94397
120	113	0.962405
120	115	0.952389
120	118	0.963599
120	121	0.966942
120	123	1.10138
120	129	0.974577
120	131	1.14167
120	143	1.04198
120	147	1.04816
120	150	1.0727
120	151	1.06077
120	155	0.928686
120	156	1.04111
120	160	0.947838
120	165	0.95924
120	170	1.04337
120	171	0.9647
120	172	1.05726
120	173	1.08465
120	175	1.08392
120	176	1.05096
121	76	0.960793
121	85	1.12287
121	87	0.944943
121	88	1.03663
121	93	1.00417
121	94	1.08718
121	96	0.969756
121	99	1.01484
121	107	0.994767
121	108	0.999493
121	111	1.02349
121	113	1.01793
121	115	1.00791
121	117	1.11978
121	118	1.01912
121	120	0.966942
121	123	1.0976
121	129	1.0301
121	148	1.05538
121	149	1.05916
121	155	0.984209
121	159	1.0446
121	160	1.00336
121	162	0.000123518
121	165	1.01476
121	170	1.03959
121	171	1.02022
121	172	1.05348
121	174	1.08167
121	175	1.08014
121	177	1.08727
121	179	1.08104
122	77	0.945517
122	101	0.995547
122	112	0.954219
122	116	0.977554
122	117	1.06837
122	123	1.04618
122	124	0.968364
122	126	1.0157
122	127	1.01718
122	133	0.984379
122	134	0.987696
122	135	0.974823
122	136	1.01024
122	137	0.993132
122	138	0.992832
122	139	0.992832
122	141	0.976998
122	142	1.01126
122	145	0.998681
122	147	1.00195
122	149	1.00774
122	151	1.00557
122	153	0.985939
122	154	0.981441
122	157	1.03316
122	164	0.994144
122	170	0.998297
122	171	1.00281
122	172	1.00206
122	173	1.02945
122	176	0.995761
122	178	1.03961
122	180	1.03845
123	3	0.992263
123	42	1.0303
123	50	1.09681
123	61	0.996114
123	76	1.11832
123	82	0.914597
123	98	0.937632
123	111	0.994044
123	120	1.10138
123	121	1.0976
123	122	1.04618
123	124	1.0804
123	136	0.987619
123	141	1.05471
123	145	1.02209
123	146	0.97168
123	148	0.979777
123	152	0.95581
123	153	0.986766
123	154	0.988418
123	157	0.963278
123	158	0.966283
123	160	1.03988
123	161	0.963136
123	163	0.97668
123	168	0.994129
123	169	0.95686
123	172	0.977203
123	173	0.97383
123	174	0.962443
123	177	0.971928
123	178	0.956285
123	179	0.96619
123	180	0.970008
124	26	0.914471
124	62	1.05433
124	77	0.926234
124	101	0.976264
124	111	1.00629
124	112	0.934936
124	116	0.958271
124	122	0.968364
124	123	1.0804
124	126	0.996412
124	127	0.997895
124	133	0.965096
124	134	0.968413
124	135	0.95554
124	137	0.973849
124	138	0.973549
124	139	0.973549
124	141	0.957715
124	142	0.991973
124	146	1.0455
124	147	0.982665
124	154	1.01566
124	156	1.02013
124	157	1.06738
124	159	0.967931
124	166	1.04103
124	167	1.06722
124	168	1.00875
124	170	0.979014
124	171	0.983531
124	175	1.06294
124	178	1.07383
124	179	1.06384
124	180	1.07267
125	22	0.890819
125	24	1.09046
125	26	1.00873
125	51	1.02981
125	62	0.863344
125	68	0.912564
125	75	0.91522
125	80	0.95521
125	88	0.941214
125	95	0.898699
125	105	1.02604
125	112	1.0141
125	116	0.984875
125	141	0.973044
125	142	0.982033
125	148	1.03519
125	149	1.02027
125	152	1.01122
125	153	1.04218
125	154	1.04383
125	156	1.03913
125	158	1.0217
125	161	1.01855
125	164	1.0392
125	166	1.02636
125	169	1.01227
125	170	1.03109
125	173	1.02924
125	174	1.01786
125	176	1.03504
125	177	1.02734
125	178	1.0117
125	179	1.0216
125	180	1.02542
126	17	0.997112
126	62	1.10166
126	77	0.973565
126	84	1.1526
126	101	1.0236
126	111	0.914529
126	116	1.0056
126	122	1.0157
126	124	0.996412
126	127	1.04523
126	132	0.989159
126	133	1.01243
126	134	1.01574
126	135	1.00287
126	136	1.03829
126	137	1.02118
126	138	1.02088
126	139	1.02088
126	141	1.00505
126	142	1.0393
126	146	0.953738
126	154	0.923903
126	155	0.997374
126	156	0.928368
126	157	0.97562
126	159	1.01526
126	169	0.984382
126	170	1.02635
126	171	1.03086
126	172	0.94452
126	173	0.971908
126	175	0.971181
126	176	0.938223
126	179	0.972084
127	4	0.924216
127	62	1.10314
127	77	0.975048
127	101	1.02508
127	111	0.935451
127	114	0.938688
127	116	1.00708
127	122	1.01718
127	124	0.997895
127	126	1.04523
127	132	0.990641
127	133	1.01391
127	134	1.01723
127	137	1.02266
127	138	1.02236
127	139	1.02236
127	140	0.973003
127	141	1.00653
127	142	1.04079
127	144	0.999429
127	145	1.02821
127	147	1.03148
127	148	0.967345
127	158	0.989572
127	161	0.963671
127	164	0.957528
127	170	1.02783
127	171	1.03234
127	173	0.992831
127	174	0.993634
127	176	0.959145
127	177	0.999235
127	178	1.003
127	180	1.00183
128	21	0.959744
128	22	0.841192
128	48	1.06461
128	60	1.03491
128	64	1.08779
128	70	1.00728
128	79	1.03454
128	82	0.947346
128	86	0.99429
128	91	1.09826
128	95	1.01312
128	98	0.943418
128	100	1.05512
128	101	1.06033
128	106	1.03214
128	117	0.952047
128	133	1.07404
128	139	1.05167
128	142	1.09645
128	146	0.977466
128	148	0.985563
128	149	0.970639
128	156	0.989499
128	158	0.972069
128	161	0.968922
128	166	0.976734
128	172	0.982988
128	173	0.979616
128	174	0.968229
128	176	0.985418
128	177	0.977714
128	178	0.962071
128	179	0.971975
128	180	0.975794
129	6	1.06257
129	74	0.917319
129	76	0.968428
129	84	1.15963
129	85	1.1305
129	87	0.952578
129	88	1.04427
129	93	1.01181
129	94	1.09481
129	96	0.97739
129	99	1.02247
129	107	1.0024
129	108	1.00713
129	113	1.02556
129	115	1.01555
129	118	1.02676
129	120	0.974577
129	121	1.0301
129	150	0.966994
129	152	1.00539
129	153	0.935428
129	155	0.991844
129	159	0.942672
129	160	1.011
129	164	0.943633
129	165	1.0224
129	166	0.9563
129	168	0.924022
129	171	1.02786
129	174	0.979739
129	175	0.978208
129	176	0.94525
129	177	0.98534
129	180	0.987938
130	14	0.846125
130	28	1.10692
130	45	1.06405
130	59	0.958351
130	68	0.949635
130	71	1.08159
130	78	0.933101
130	87	1.10343
130	99	0.954215
130	117	0.977267
130	132	1.03227
130	133	0.996695
130	139	0.974322
130	141	1.01011
130	145	0.977497
130	146	1.00269
130	149	0.995859
130	152	0.986817
130	153	1.01777
130	154	1.01942
130	155	0.975188
130	156	1.01472
130	159	0.995601
130	161	0.994142
130	166	1.00195
130	168	1.02514
130	169	0.987866
130	172	1.00821
130	173	1.00484
130	174	0.993449
130	176	1.01064
130	177	1.00293
