1	67	0.988123
1	75	0.954761
1	86	0.928358
1	91	0.996366
1	94	0.965561
1	103	0.906503
1	107	0.950336
1	157	1.32768
1	160	0.872712
1	168	0.85834
1	169	2.02831
1	171	1.27786
2	49	1.07914
2	89	1.23878
2	98	1.08843
2	118	1.04052
2	121	1.10008
2	123	1.02744
2	127	1.09751
2	130	1.01172
2	139	1.17234
2	141	1.48874
2	166	0.978782
2	168	0.989698
3	32	1.30484
3	34	1.18767
3	36	0.928847
3	86	0.940199
3	91	1.00821
3	94	0.977403
3	96	0.967234
3	103	0.918345
3	107	0.962177
3	156	1.95952
3	164	0.843032
3	168	0.870181
4	14	0.925832
4	76	0.904229
4	93	0.978802
4	109	0.958699
4	110	0.958434
4	114	0.930976
4	115	0.949094
4	129	0.934123
4	133	0.942393
4	166	1.4469
4	167	0.821967
4	169	2.22465
5	17	0.874038
5	81	0.974404
5	111	0.953006
5	117	0.937244
5	122	0.978489
5	132	0.943592
5	134	0.927377
5	135	0.96694
5	154	1.12927
5	162	1.80726
5	166	0.855432
5	176	1.68937
6	103	0.964094
6	109	0.945634
6	127	0.6713
6	170	0.954803
6	171	0.940907
6	174	0.957941
6	175	0.911743
6	176	0.943883
6	177	0.92141
6	178	0.911647
6	179	0.929887
6	180	0.923355
7	12	1.23298
7	113	0.650991
7	116	0.687842
7	159	0.970499
7	162	0.949506
7	169	0.890223
7	174	0.95764
7	176	0.943582
7	177	0.921109
7	178	0.911346
7	179	0.929586
7	180	0.923054
8	52	1.00651
8	77	1.02035
8	101	1.12295
8	118	1.0475
8	123	1.03442
8	127	1.1045
8	139	0.998007
8	149	1.08277
8	151	0.93147
8	159	1.38666
8	165	0.983036
8	171	1.60947
9	44	0.611652
9	60	1.04924
9	75	1.09555
9	86	1.06915
9	96	1.09619
9	103	1.0473
9	107	1.09113
9	157	1.39636
9	164	0.971985
9	166	1.31924
9	168	0.999133
9	178	1.62288
10	73	1.03928
10	78	1.00889
10	83	1.02131
10	100	1.14958
10	105	1.17479
10	108	1.08115
10	116	1.05986
10	138	1.06067
10	139	1.2181
10	147	1.3761
10	151	1.15156
10	157	0.96421
11	26	0.864233
11	48	0.966453
11	66	0.956604
11	76	0.912456
11	113	1.00177
11	114	0.939202
11	125	0.961117
11	133	0.95062
11	160	1.29121
11	162	1.72488
11	163	0.865343
11	164	1.60162
12	7	1.23298
12	26	0.867019
12	66	0.95939
12	71	0.926475
12	93	0.989814
12	109	0.969711
12	115	0.960107
12	129	0.945135
12	133	0.953406
12	136	1.40139
12	160	1.63497
12	167	0.83298
13	61	1.06534
13	74	1.08755
13	84	1.02282
13	88	1.07209
13	89	0.992662
13	104	1.06061
13	106	1.09949
13	131	0.844088
13	160	1.0126
13	165	0.984583
13	170	1.45319
13	177	1.63536
14	4	0.925832
14	24	1.00005
14	138	1.03282
14	158	0.956742
14	169	0.89112
14	170	0.955399
14	174	0.958537
14	176	0.944479
14	177	0.922005
14	178	0.912243
14	179	0.930482
14	180	0.923951
15	17	0.886215
15	111	0.965182
15	117	0.949421
15	126	0.943892
15	128	1.00116
15	132	0.955768
15	135	0.979117
15	144	1.44304
15	155	1.35737
15	157	0.847409
15	163	0.864603
15	176	1.81498
16	20	1.08021
16	23	1.08956
16	27	1.06298
16	38	1.01925
16	40	1.13663
16	58	1.02631
16	125	1.06099
16	147	0.981233
16	164	0.951992
16	166	1.40739
16	168	1.01225
16	177	1.53237
17	5	0.874038
17	15	0.886215
17	62	0.940257
17	81	0.976285
17	117	0.939125
17	120	1.07629
17	126	0.933596
17	128	0.99086
17	132	0.945473
17	134	0.929258
17	152	1.56304
17	175	1.98438
18	27	0.938091
18	38	0.894362
18	39	1.01529
18	40	1.01174
18	58	0.901425
18	125	0.936105
18	137	0.964861
18	138	0.919599
18	150	1.27758
18	163	1.55624
18	164	0.827103
18	180	1.78369
19	35	0.959881
19	52	0.893367
19	98	0.982269
19	118	0.934357
19	121	0.993922
19	123	0.921281
19	127	0.991355
19	145	1.47329
19	151	1.22843
19	165	0.869895
19	166	0.872622
19	179	1.90487
20	16	1.08021
20	23	1.07203
20	27	1.04544
20	39	1.12265
20	40	1.11909
20	58	1.00878
20	138	1.02695
20	148	1.23347
20	155	0.907862
20	159	1.24198
20	164	0.934455
20	177	1.56248
21	42	1.01703
21	72	0.995148
21	117	0.930283
21	128	0.982019
21	130	0.966112
21	132	0.936631
21	134	0.920416
21	135	0.95998
21	166	0.848472
21	167	0.810317
21	173	1.6923
21	175	1.96084
22	63	1.05458
22	74	1.07483
22	88	1.05937
22	95	1.08961
22	106	1.08677
22	119	1.10538
22	130	0.963169
22	138	1.05085
22	141	1.02796
22	154	1.07582
22	157	1.78507
22	165	0.971862
23	16	1.08956
23	20	1.07203
23	27	1.0548
23	39	1.132
23	58	1.01813
23	125	1.05281
23	136	0.659296
23	138	1.03631
23	164	0.943811
23	165	1.19008
23	175	1.53064
23	178	1.58433
24	14	1.00005
24	25	0.935624
24	45	0.971652
24	57	1.0355
24	83	0.987281
24	90	0.935655
24	99	1.05337
24	100	1.11555
24	108	1.04712
24	116	1.02583
24	157	0.930185
24	163	1.3983
24	171	1.54842
25	24	0.935624
25	34	1.15946
25	50	0.948696
25	57	0.90906
25	83	0.860843
25	99	0.92693
25	100	0.989112
25	102	1.46591
25	108	0.920687
25	116	0.899392
25	138	0.900209
25	157	0.803747
25	165	2.17892
26	11	0.864233
26	12	0.867019
26	28	0.969824
26	64	1.01826
26	109	0.933168
26	110	0.932904
26	114	0.905446
26	124	1.70032
26	129	0.908593
26	133	0.916863
26	151	1.35144
26	158	1.84946
26	167	0.796437
27	16	1.06298
27	18	0.938091
27	20	1.04544
27	23	1.0548
27	38	0.984488
27	40	1.10186
27	58	0.991551
27	112	1.03382
27	138	1.00973
27	141	1.18211
27	153	1.31977
27	164	0.917229
27	167	1.73158
28	26	0.969824
28	31	0.916357
28	66	1.06219
28	102	0.937196
28	110	1.07225
28	114	1.04479
28	129	1.04794
28	133	1.05621
28	147	1.31466
28	154	1.10869
28	163	0.970933
28	167	0.935784
28	180	1.84545
29	71	0.977121
29	76	0.965888
29	80	1.0343
29	93	1.04046
29	109	1.02036
29	113	1.05521
29	115	1.01075
29	129	0.995781
29	133	1.00405
29	153	1.1358
29	176	1.19387
29	178	1.56954
29	180	1.37053
30	47	1.5359
30	55	0.938623
30	87	0.931454
30	111	0.934087
30	117	0.918326
30	122	0.95957
30	126	0.912797
30	130	1.57591
30	134	0.908458
30	135	0.948022
30	146	1.73234
30	157	0.816314
30	166	0.836514
31	28	0.916357
31	35	1.55555
31	53	1.67941
31	76	0.825233
31	115	0.870098
31	128	0.914673
31	132	0.869285
31	135	0.892634
31	152	0.794758
31	165	0.778398
31	178	0.732691
31	179	0.750931
31	180	0.744399
32	3	1.30484
32	111	0.556883
32	115	0.691746
32	122	0.671336
32	161	0.948264
32	162	0.999864
32	173	0.997403
32	174	1.008
32	175	0.961799
32	176	0.99394
32	177	0.971466
32	178	0.961704
32	179	0.979943
32	180	0.973412
33	40	0.722957
33	93	0.707634
33	95	0.583973
33	117	0.899966
33	136	1.11941
33	152	1.01738
33	161	0.94187
33	169	0.934187
33	172	0.968715
33	175	0.955406
33	177	0.965072
33	178	0.95531
33	179	0.973549
33	180	0.967018
34	3	1.18767
34	25	1.15946
34	123	0.613819
34	135	0.586296
34	169	0.940488
34	171	0.990871
34	172	0.975017
34	173	0.99731
34	174	1.0079
34	176	0.993847
34	177	0.971373
34	178	0.961611
34	179	0.97985
34	180	0.973319
35	19	0.959881
35	31	1.55555
35	54	0.957273
35	77	0.960553
35	98	1.03561
35	118	0.987701
35	123	0.974626
35	127	1.0447
35	149	1.02298
35	153	1.14769
35	165	0.923239
35	168	0.936882
35	176	1.20576
35	179	1.30353
36	3	0.928847
36	67	1.04899
36	91	1.05723
36	94	1.02643
36	96	1.01626
36	103	0.967369
36	107	1.0112
36	140	1.19391
36	153	1.3609
36	160	0.933577
36	164	0.892056
36	165	1.40039
36	168	0.919205
36	180	1.59564
37	77	0.935732
37	79	1.01252
37	98	1.01079
37	101	1.03833
37	121	1.02244
37	123	0.949805
37	127	1.01988
37	148	1.29068
37	149	0.998156
37	160	1.10689
37	163	1.37189
37	165	0.898418
37	168	0.912061
37	178	1.79834
38	16	1.01925
38	18	0.894362
38	27	0.984488
38	39	1.06169
38	40	1.05813
38	58	0.947822
38	92	0.756211
38	125	0.982501
38	137	1.01126
38	138	0.965996
38	153	1.49062
38	162	1.66658
38	164	0.8735
38	179	1.64646
39	18	1.01529
39	20	1.12265
39	23	1.132
39	38	1.06169
39	40	1.17907
39	58	1.06875
39	70	1.07724
39	137	1.13219
39	138	1.08693
39	147	1.01156
39	153	1.30762
39	160	1.04991
39	164	0.994432
39	173	1.41913
40	16	1.13663
40	18	1.01174
40	20	1.11909
40	27	1.10186
40	33	0.722957
40	38	1.05813
40	39	1.17907
40	58	1.0652
40	136	0.994219
40	137	1.12863
40	149	1.06265
40	160	1.2278
40	164	0.990876
40	176	1.54359
41	57	0.990523
41	73	0.960284
41	78	0.929886
41	82	0.922592
41	83	0.942307
41	99	1.00839
41	100	1.07058
41	108	1.00215
41	112	1.30816
41	116	0.980855
41	131	1.05792
41	138	0.981673
41	149	1.17125
41	178	2.02785
42	21	1.01703
42	43	1.03471
42	111	1.10484
42	126	1.08354
42	132	1.09542
42	134	1.07921
42	135	1.11877
42	145	1.10948
42	146	0.926968
42	148	1.3113
42	153	1.38522
42	157	0.987062
42	163	1.00426
42	167	0.969107
42	170	1.45813
43	42	1.03471
43	62	0.949099
43	87	0.961096
43	111	0.963729
43	117	0.947968
43	126	0.942439
43	128	0.999703
43	134	0.9381
43	135	0.977664
43	141	0.919525
43	143	1.28341
43	145	1.4461
43	166	0.866156
43	168	1.4568
43	174	1.64944
44	9	0.611652
44	80	1.00472
44	125	0.88072
44	126	1.01511
44	154	1.05663
44	155	1.03877
44	170	0.955052
44	171	0.941155
44	174	0.958189
44	175	0.911991
44	176	0.944132
44	177	0.921658
44	178	0.911896
44	179	0.930135
44	180	0.923603
45	24	0.971652
45	50	0.984724
45	73	0.914849
45	78	0.884451
45	82	0.877157
45	83	0.896872
45	99	0.962958
45	100	1.02514
45	108	0.956715
45	116	0.93542
45	131	1.2639
45	138	0.936238
45	156	1.59196
45	157	0.839775
45	168	1.53505
45	174	1.7277
46	78	1.14437
46	82	1.13708
46	97	1.78305
46	103	1.17898
46	107	1.22281
46	108	1.21664
46	116	1.19534
46	124	0.806898
46	140	0.811628
46	141	0.840953
46	159	0.913203
46	160	1.14518
46	164	1.10366
46	167	1.39043
46	168	1.13081
47	30	1.5359
47	75	0.652031
47	91	0.725681
47	135	0.911579
47	150	1.02353
47	155	1.026
47	161	0.885683
47	162	0.937283
47	172	0.912529
47	174	0.945417
47	175	0.899219
47	176	0.931359
47	177	0.908886
47	178	0.899123
47	179	0.917363
47	180	0.910831
48	11	0.966453
48	70	0.950951
48	76	0.980919
48	80	1.04933
48	93	1.05549
48	109	1.03539
48	110	1.03512
48	113	1.07024
48	114	1.00767
48	129	1.01081
48	130	0.911974
48	133	1.01908
48	142	1.19917
48	155	1.12712
48	164	1.57935
48	166	1.65675
49	2	1.07914
49	52	0.959811
49	79	1.05044
49	98	1.04871
49	101	1.07626
49	118	1.0008
49	121	1.06037
49	123	0.987726
49	127	1.0578
49	131	0.667156
49	162	1.37931
49	166	0.939067
49	167	1.61516
49	168	0.949982
49	170	1.27626
49	175	1.5834
50	25	0.948696
50	45	0.984724
50	57	1.04857
50	78	0.987932
50	82	0.980639
50	83	1.00035
50	99	1.06644
50	100	1.12862
50	108	1.0602
50	116	1.0389
50	150	0.881106
50	157	0.943257
50	166	1.28258
50	167	1.5643
50	172	1.46885
50	179	1.30832
51	61	0.940874
51	65	0.949907
51	84	0.898356
51	88	0.947628
51	95	0.977865
51	104	0.936141
51	106	0.975024
51	136	1.33348
51	137	0.984369
51	138	0.939107
51	141	0.916214
51	148	1.75085
51	151	1.30417
51	159	1.75936
51	160	0.888132
51	165	0.860117
52	8	1.00651
52	19	0.893367
52	49	0.959811
52	53	0.968904
52	54	0.890759
52	77	0.894039
52	98	0.969099
52	105	1.06792
52	118	0.921187
52	121	0.980752
52	123	0.908112
52	127	0.978185
52	140	1.3983
52	141	1.42762
52	161	2.27344
52	166	0.859452
53	31	1.67941
53	52	0.968904
53	77	0.982745
53	79	1.05953
53	101	1.08535
53	118	1.00989
53	121	1.06946
53	123	0.996818
53	124	1.09982
53	127	1.06689
53	136	0.780247
53	149	1.04517
53	156	1.06341
53	166	0.948159
53	168	0.959074
53	180	1.50628
54	35	0.957273
54	52	0.890759
54	77	0.904601
54	79	0.981388
54	101	1.0072
54	118	0.931749
54	121	0.991314
54	123	0.918673
54	127	0.988747
54	131	1.43697
54	137	1.51976
54	154	1.47114
54	160	1.71545
54	165	0.867287
54	166	0.870014
54	168	0.88093
55	30	0.938623
55	56	1.05244
55	69	1.0169
55	70	1.34611
55	111	1.03839
55	119	1.10403
55	122	1.06387
55	126	1.0171
55	128	1.07436
55	132	1.02898
55	134	1.01276
55	135	1.05232
55	141	0.994186
55	157	0.920616
55	164	1.6292
55	168	1.31146
56	55	1.05244
56	119	1.09917
56	122	1.07339
56	126	1.02662
56	128	1.08388
56	132	1.03849
56	134	1.02228
56	135	1.06184
56	140	1.40465
56	141	1.00371
56	149	1.14878
56	159	1.50623
56	163	0.94733
56	166	0.950335
56	167	0.91218
56	168	1.3066
57	24	1.0355
57	25	0.90906
57	41	0.990523
57	50	1.04857
57	73	0.978694
57	82	0.941003
57	83	0.960717
57	99	1.0268
57	100	1.08899
57	116	0.999265
57	138	1.00008
57	142	0.877495
57	148	1.13106
57	157	0.90362
57	162	1.38094
57	166	1.33507
57	169	2.11282
58	16	1.02631
58	18	0.901425
58	20	1.00878
58	23	1.01813
58	27	0.991551
58	38	0.947822
58	39	1.06875
58	40	1.0652
58	125	0.989565
58	137	1.01832
58	138	0.973059
58	150	1.09328
58	151	0.844056
58	156	1.15653
58	164	0.880563
58	169	2.27251
58	176	1.42273
59	61	0.994784
59	63	0.996743
59	65	1.00382
59	68	0.975152
59	74	1.01699
59	88	1.00154
59	95	1.03177
59	104	0.990051
59	106	1.02893
59	137	1.03828
59	142	1.0017
59	153	1.32918
59	160	0.942042
59	165	0.914027
59	172	1.64554
59	173	1.44069
59	176	1.38725
60	9	1.04924
60	67	1.04043
60	75	1.00707
60	86	0.980663
60	91	1.04867
60	94	1.01787
60	96	1.0077
60	103	0.958809
60	107	1.00264
60	146	1.09891
60	149	0.99674
60	151	1.03656
60	155	1.15763
60	160	0.925017
60	164	0.883496
60	165	1.59665
60	172	1.87353
61	13	1.06534
61	51	0.940874
61	59	0.994784
61	63	0.996726
61	69	0.850359
61	74	1.01697
61	84	0.952249
61	88	1.00152
61	95	1.03176
61	104	0.990034
61	106	1.02892
61	138	0.993
61	149	0.987093
61	151	0.889353
61	165	0.91401
61	169	2.3178
61	172	1.72632
62	17	0.940257
62	43	0.949099
62	81	1.04062
62	87	1.01659
62	112	1.22062
62	117	1.00346
62	126	0.997934
62	128	1.0552
62	132	1.00981
62	134	0.993595
62	135	1.03316
62	139	1.0525
62	141	0.975021
62	160	1.24885
62	167	0.883496
62	170	1.57947
62	179	1.6624
63	22	1.05458
63	59	0.996743
63	61	0.996726
63	65	1.00576
63	68	0.977094
63	74	1.01893
63	84	0.954208
63	89	1.03241
63	95	1.03372
63	104	0.991993
63	106	1.03088
63	119	0.947555
63	157	1.62725
63	160	0.943983
63	164	1.47272
63	165	0.915969
63	177	1.67511
64	26	1.01826
64	70	1.03651
64	109	1.12095
64	110	1.12068
64	113	1.1558
64	114	1.09323
64	115	1.11134
64	129	1.09637
64	133	1.10464
64	139	0.81618
64	148	1.19632
64	150	0.998868
64	157	1.47747
64	163	1.01937
64	164	1.32294
64	165	1.30973
64	167	0.984217
65	51	0.949907
65	59	1.00382
65	63	1.00576
65	74	1.02601
65	84	0.961282
65	88	1.01055
65	104	0.999067
65	106	1.03795
65	137	1.04729
65	141	0.97914
65	144	1.01668
65	149	0.907682
65	160	0.951057
65	161	2.0387
65	164	1.38324
65	165	0.923043
65	166	1.46064
66	11	0.956604
66	12	0.95939
66	28	1.06219
66	76	0.97107
66	110	1.02527
66	113	1.06039
66	114	0.997817
66	115	1.01593
66	129	1.00096
66	133	1.00923
66	136	1.15826
66	145	1.37381
66	154	1.14752
66	163	0.923957
66	164	1.70225
66	167	0.888808
66	168	1.38451
67	1	0.988123
67	36	1.04899
67	60	1.04043
67	75	1.08674
67	86	1.06034
67	94	1.09754
67	96	1.08738
67	103	1.03849
67	107	1.08232
67	120	0.850131
67	131	0.841982
67	149	1.07642
67	155	0.978643
67	157	1.5854
67	160	1.00469
67	162	1.55414
67	168	0.990322
67	177	1.63326
68	59	0.975152
68	63	0.977094
68	78	0.921581
68	82	0.914288
68	99	1.00009
68	104	0.970402
68	108	0.993845
68	110	0.995417
68	114	0.967959
68	115	0.986077
68	116	0.97255
68	133	0.979376
68	140	1.35894
68	149	1.10307
68	152	1.48464
68	160	0.922393
68	174	1.45354
68	179	1.68177
69	55	1.0169
69	61	0.850359
69	72	0.856886
69	93	0.910594
69	95	0.786934
69	142	1.04497
69	148	1.02389
69	152	0.995836
69	162	0.971929
69	169	0.912646
69	170	0.976925
69	171	0.963029
69	173	0.969468
69	175	0.933865
69	176	0.966005
69	177	0.943532
69	179	0.952009
69	180	0.945477
70	39	1.07724
70	48	0.950951
70	55	1.34611
70	64	1.03651
70	78	0.877322
70	99	0.955829
70	104	1.18722
70	108	0.949586
70	121	1.11566
70	129	0.926847
70	133	0.935117
70	138	0.929109
70	152	0.866479
70	162	0.842572
70	170	0.847568
70	176	0.836648
70	177	0.814174
70	180	0.816119
71	12	0.926475
71	29	0.977121
71	80	1.00656
71	93	1.01273
71	109	0.992624
71	110	0.99236
71	113	1.02747
71	114	0.964901
71	115	0.98302
71	129	0.968048
71	133	0.976319
71	142	1.17899
71	143	1.06804
71	152	1.46519
71	163	0.891042
71	166	1.63657
71	167	0.855892
71	180	1.74121
72	21	0.995148
72	69	0.856886
72	111	1.08296
72	117	1.0672
72	122	1.10844
72	126	1.06167
72	128	1.11893
72	132	1.07354
72	134	1.05733
72	135	1.09689
72	137	0.963078
72	145	1.14074
72	150	1.14511
72	153	1.41648
72	163	0.982378
72	166	0.985384
72	167	0.947228
72	171	1.57388
73	10	1.03928
73	41	0.960284
73	45	0.914849
73	57	0.978694
73	78	0.918057
73	83	0.930478
73	99	0.996564
73	100	1.05875
73	108	0.990321
73	116	0.969026
73	125	0.986349
73	138	0.969844
73	143	1.24395
73	149	1.25952
73	154	1.18035
73	157	0.873381
73	158	1.6598
73	165	1.72187
74	13	1.08755
74	22	1.07483
74	59	1.01699
74	61	1.01697
74	63	1.01893
74	65	1.02601
74	84	0.974455
74	88	1.02373
74	95	1.05396
74	104	1.01224
74	106	1.05112
74	138	1.01521
74	140	1.0523
74	149	0.796422
74	162	1.39525
74	165	0.936217
74	175	1.59933
74	176	1.27736
74	178	1.65303
75	1	0.954761
75	9	1.09555
75	47	0.652031
75	60	1.00707
75	67	1.08674
75	85	1.61999
75	86	1.02698
75	91	1.09499
75	94	1.06418
75	96	1.05401
75	103	1.00512
75	107	1.04896
75	139	0.852656
75	152	1.26543
75	153	1.30672
75	160	0.971331
75	164	0.929811
75	168	0.956959
75	172	1.62309
76	4	0.904229
76	11	0.912456
76	29	0.965888
76	31	0.825233
76	48	0.980919
76	66	0.97107
76	80	0.99533
76	110	0.981127
76	113	1.01624
76	114	0.953668
76	115	0.971787
76	129	0.956815
76	131	1.37154
76	133	0.965086
76	136	1.41644
76	142	1.58025
76	145	1.63199
76	151	1.38713
76	163	0.879809
77	8	1.02035
77	35	0.960553
77	37	0.935732
77	52	0.894039
77	53	0.982745
77	54	0.904601
77	79	0.984668
77	101	1.01048
77	118	0.935029
77	121	0.994594
77	123	0.921953
77	127	0.992027
77	145	1.00614
77	157	1.48911
77	161	1.99004
77	165	0.870567
77	168	0.88421
77	173	1.39339
77	177	1.53696
78	10	1.00889
78	41	0.929886
78	45	0.884451
78	46	1.14437
78	50	0.987932
78	68	0.921581
78	70	0.877322
78	73	0.918057
78	82	0.880365
78	99	0.966166
78	100	1.02835
78	108	0.959923
78	116	0.938628
78	120	0.896957
78	148	1.35108
78	157	0.842983
78	167	1.83682
78	173	1.53651
78	175	1.80505
79	37	1.01252
79	49	1.05044
79	53	1.05953
79	54	0.981388
79	77	0.984668
79	98	1.05973
79	101	1.08727
79	118	1.01182
79	121	1.07138
79	123	0.998741
79	127	1.06881
79	130	0.792492
79	136	0.915877
79	147	1.11111
79	166	0.950082
79	168	0.960997
79	170	1.48008
79	171	1.56457
79	178	1.84091
80	29	1.0343
80	44	1.00472
80	48	1.04933
80	71	1.00656
80	76	0.99533
80	93	1.0699
80	102	0.908684
80	109	1.0498
80	113	1.08465
80	114	1.02208
80	115	1.04019
80	129	1.02522
80	133	1.03349
80	139	1.12814
80	142	1.25473
80	150	1.31083
80	163	0.948217
80	167	0.913068
80	179	1.73805
81	5	0.974404
81	17	0.976285
81	62	1.04062
81	87	1.05262
81	105	0.908376
81	111	1.05525
81	117	1.03949
81	122	1.08074
81	126	1.03396
81	132	1.04584
81	134	1.02962
81	135	1.06919
81	147	1.10968
81	157	0.937479
81	160	1.14803
81	163	0.954673
81	164	1.45844
81	171	1.56314
81	173	1.51725
82	41	0.922592
82	45	0.877157
82	46	1.13708
82	50	0.980639
82	57	0.941003
82	68	0.914288
82	78	0.880365
82	83	0.892786
82	99	0.958873
82	100	1.02106
82	108	0.95263
82	116	0.931335
82	124	1.42865
82	125	0.948658
82	138	0.932152
82	144	1.2865
82	160	1.34266
82	170	1.67327
82	176	1.65844
83	10	1.02131
83	24	0.987281
83	25	0.860843
83	41	0.942307
83	45	0.896872
83	50	1.00035
83	57	0.960717
83	73	0.930478
83	82	0.892786
83	99	0.978587
83	100	1.04077
83	108	0.972344
83	116	0.951049
83	120	1.3246
83	143	1.41421
83	146	1.39439
83	155	1.45311
83	157	0.855404
83	174	1.78025
84	13	1.02282
84	51	0.898356
84	61	0.952249
84	63	0.954208
84	65	0.961282
84	74	0.974455
84	88	0.959003
84	95	0.989239
84	104	0.947516
84	106	0.986399
84	138	0.950482
84	141	0.927589
84	144	1.31771
84	154	1.12955
84	158	1.609
84	160	0.899506
84	163	1.63887
84	165	0.871492
84	176	1.68966
85	75	1.61999
85	88	1.82006
85	97	0.799803
85	110	1.63041
85	124	0.898327
85	130	1.0141
85	148	0.88113
85	157	0.819245
85	158	0.835509
85	169	0.769888
85	172	0.804416
85	173	0.82671
85	174	0.837305
85	175	0.791107
85	176	0.823247
85	177	0.800773
85	178	0.791011
85	179	0.80925
85	180	0.802719
86	1	0.928358
86	3	0.940199
86	9	1.06915
86	60	0.980663
86	67	1.06034
86	75	1.02698
86	91	1.06858
86	94	1.03778
86	96	1.02761
86	103	0.978721
86	107	1.02255
86	112	0.998163
86	141	1.14645
86	149	1.01665
86	162	1.46007
86	164	0.903408
86	165	1.3236
86	166	1.41421
86	168	0.930557
86	178	1.71785
87	30	0.931454
87	43	0.961096
87	62	1.01659
87	81	1.05262
87	111	1.03122
87	122	1.0567
87	126	1.00993
87	128	1.06719
87	132	1.02181
87	134	1.00559
87	135	1.04516
87	147	1.19708
87	155	1.09361
87	156	1.28501
87	157	0.913447
87	163	0.930641
87	166	0.933647
87	168	1.2281
87	174	1.42075
87	177	1.74822
88	13	1.07209
88	22	1.05937
88	51	0.947628
88	59	1.00154
88	61	1.00152
88	65	1.01055
88	74	1.02373
88	84	0.959003
88	85	1.82006
88	92	0.77238
88	95	1.03851
88	104	0.996788
88	106	1.03567
88	141	0.976861
88	146	1.04853
88	155	1.10726
88	160	0.948779
88	165	0.920764
88	168	1.24175
88	179	1.66263
89	2	1.23878
89	13	0.992662
89	63	1.03241
89	103	1.1506
89	110	0.92952
89	145	0.997801
89	147	1.0115
89	150	1.01008
89	151	1.0404
89	159	0.944827
89	161	0.872235
89	169	0.864552
89	170	0.928831
89	172	0.89908
89	174	0.931968
89	175	0.88577
89	176	0.917911
89	177	0.895437
89	179	0.903914
89	180	0.897382
90	24	0.935655
90	100	0.68496
90	115	1.09919
90	121	0.890684
90	122	1.07878
90	142	0.99549
90	143	1.02486
90	151	1.03902
90	155	1.01117
90	159	0.943441
90	169	0.863165
90	170	0.927444
90	171	0.913548
90	172	0.897694
90	173	0.919987
90	175	0.884384
90	177	0.894051
90	178	0.884288
90	179	0.902528
90	180	0.895996
91	1	0.996366
91	3	1.00821
91	36	1.05723
91	47	0.725681
91	60	1.04867
91	75	1.09499
91	86	1.06858
91	94	1.10579
91	96	1.09562
91	103	1.04673
91	105	0.883004
91	107	1.09056
91	143	0.941942
91	149	1.08466
91	152	1.33908
91	160	1.01294
91	164	0.971416
91	166	1.51047
91	168	0.998565
91	174	1.30798
91	180	1.61511
92	38	0.756211
92	88	0.77238
92	98	0.615052
92	121	0.611636
92	126	0.858184
92	132	0.606172
92	136	1.14421
92	138	0.689383
92	145	1.09223
92	152	1.04217
92	153	1.06876
92	158	1.0246
92	159	1.03926
92	170	1.02326
92	172	0.993509
92	173	1.0158
92	175	0.980199
92	176	1.01234
92	177	0.989866
92	178	0.980104
92	179	0.998343
92	180	0.991811
93	4	0.978802
93	12	0.989814
93	29	1.04046
93	33	0.707634
93	48	1.05549
93	69	0.910594
93	71	1.01273
93	80	1.0699
93	109	1.05596
93	110	1.0557
93	113	1.09081
93	114	1.02824
93	115	1.04636
93	120	0.942145
93	129	1.03139
93	133	1.03966
93	139	1.01613
93	163	0.954381
93	167	0.919232
93	170	1.5431
93	176	1.52827
93	179	1.62603
94	1	0.965561
94	3	0.977403
94	36	1.02643
94	60	1.01787
94	67	1.09754
94	75	1.06418
94	86	1.03778
94	91	1.10579
94	96	1.06481
94	103	1.01592
94	107	1.05976
94	137	0.800232
94	149	1.05386
94	151	0.733034
94	160	0.982132
94	164	0.940612
94	165	1.29312
94	167	1.66545
94	168	0.96776
94	172	1.57
94	179	1.40948
94	180	1.48837
95	22	1.08961
95	33	0.583973
95	51	0.977865
95	59	1.03177
95	61	1.03176
95	63	1.03372
95	69	0.786934
95	74	1.05396
95	84	0.989239
95	88	1.03851
95	102	0.673005
95	104	1.02702
95	106	1.06591
95	137	1.07525
95	138	1.02999
95	141	1.0071
95	160	0.979015
95	163	1.35381
95	165	0.951
95	167	1.75834
95	177	1.60161
95	179	1.50237
96	3	0.967234
96	9	1.09619
96	36	1.01626
96	60	1.0077
96	67	1.08738
96	75	1.05401
96	86	1.02761
96	91	1.09562
96	94	1.06481
96	103	1.00576
96	107	1.04959
96	112	0.848409
96	144	0.820486
96	149	1.04369
96	157	1.34158
96	160	0.971964
96	163	1.14164
96	164	0.930443
96	168	0.957592
96	169	2.0422
96	171	1.29176
96	175	1.51441
97	46	1.78305
97	85	0.799803
97	106	1.95504
97	119	0.952519
97	130	0.973718
97	133	2.18607
97	144	0.896244
97	148	0.840749
97	152	0.812698
97	153	0.839288
97	156	0.83677
97	158	0.795129
97	169	0.729508
97	170	0.793787
97	171	0.77989
97	172	0.764036
97	173	0.78633
97	175	0.750726
97	177	0.760393
97	178	0.750631
97	179	0.76887
97	180	0.762339
98	2	1.08843
98	19	0.982269
98	35	1.03561
98	37	1.01079
98	49	1.04871
98	52	0.969099
98	79	1.05973
98	92	0.615052
98	101	1.08554
98	102	1.05856
98	118	1.01009
98	121	1.06965
98	123	0.997014
98	124	1.17774
98	127	1.06709
98	145	1.07372
98	152	1.30817
98	163	1.35675
98	165	0.945627
98	168	0.95927
98	179	1.5053
98	180	1.58419
99	24	1.05337
99	25	0.92693
99	41	1.00839
99	45	0.962958
99	50	1.06644
99	57	1.0268
99	68	1.00009
99	70	0.955829
99	73	0.996564
99	78	0.966166
99	82	0.958873
99	83	0.978587
99	100	1.10686
99	108	1.03843
99	116	1.01714
99	124	1.21683
99	125	1.03446
99	144	1.07467
99	149	0.965681
99	156	1.18041
99	167	1.80036
99	172	1.70491
99	174	1.31615
100	10	1.14958
100	24	1.11555
100	25	0.989112
100	41	1.07058
100	45	1.02514
100	50	1.12862
100	57	1.08899
100	73	1.05875
100	78	1.02835
100	82	1.02106
100	83	1.04077
100	90	0.68496
100	99	1.10686
100	105	0.642953
100	108	1.10061
100	116	1.07932
100	125	1.09664
100	156	0.932191
100	161	1.84848
100	164	1.19302
100	165	1.17981
100	167	1.55213
100	170	1.21322
101	8	1.12295
101	37	1.03833
101	49	1.07626
101	53	1.08535
101	54	1.0072
101	77	1.01048
101	79	1.08727
101	98	1.08554
101	112	1.10058
101	118	1.03763
101	121	1.0972
101	123	1.02456
101	127	1.09463
101	139	0.932461
101	143	0.948095
101	144	1.07266
101	149	1.07291
101	159	1.32111
101	165	0.97317
101	166	0.975897
101	168	0.986812
101	172	1.70289
101	173	1.49803
101	174	1.31413
102	25	1.46591
102	28	0.937196
102	80	0.908684
102	95	0.673005
102	98	1.05856
102	106	0.477089
102	118	1.01065
102	121	1.07022
102	122	1.07197
102	123	0.997576
102	125	0.784681
102	127	1.06765
102	128	1.08246
102	129	0.943827
102	134	1.02086
102	135	1.06042
102	161	0.887043
102	166	0.948917
102	167	0.910761
102	174	0.946776
102	175	0.900578
102	176	0.932718
102	178	0.900482
102	180	0.91219
103	1	0.906503
103	3	0.918345
103	6	0.964094
103	9	1.0473
103	36	0.967369
103	46	1.17898
103	60	0.958809
103	67	1.03849
103	75	1.00512
103	86	0.978721
103	89	1.1506
103	91	1.04673
103	94	1.01592
103	96	1.00576
103	107	1.0007
103	146	1.07997
103	149	0.994797
103	154	1.03619
103	155	1.13869
103	160	0.923074
103	164	0.881554
103	168	0.908702
103	171	1.69562
103	177	1.7933
104	13	1.06061
104	51	0.936141
104	59	0.990051
104	61	0.990034
104	63	0.991993
104	65	0.999067
104	68	0.970402
104	70	1.18722
104	74	1.01224
104	84	0.947516
104	88	0.996788
104	95	1.02702
104	106	1.02418
104	136	0.92631
104	137	1.03353
104	138	0.988267
104	141	0.965374
104	149	0.994742
104	157	1.62483
104	158	1.39502
104	160	0.937292
104	163	1.42489
104	165	0.909277
104	177	1.67269
105	10	1.17479
105	52	1.06792
105	81	0.908376
105	91	0.883004
105	100	0.642953
105	111	0.922318
105	138	0.926424
105	148	1.04021
105	152	1.01216
105	153	1.03875
105	156	1.03623
105	159	1.00925
105	161	0.936654
105	162	0.988254
105	170	0.99325
105	171	0.979353
105	173	0.985793
105	174	0.996387
105	175	0.950189
105	176	0.98233
105	177	0.959856
105	178	0.950094
105	179	0.968333
105	180	0.961801
106	13	1.09949
106	22	1.08677
106	51	0.975024
106	59	1.02893
106	61	1.02892
106	63	1.03088
106	65	1.03795
106	74	1.05112
106	84	0.986399
106	88	1.03567
106	95	1.06591
106	97	1.95504
106	102	0.477089
106	104	1.02418
106	119	0.678143
106	137	1.07241
106	138	1.02715
106	141	1.00426
106	152	1.10933
106	160	0.976175
106	161	1.85877
106	163	1.1579
106	165	0.94816
106	174	1.07822
106	176	1.20869
107	1	0.950336
107	3	0.962177
107	9	1.09113
107	36	1.0112
107	46	1.22281
107	60	1.00264
107	67	1.08232
107	75	1.04896
107	86	1.02255
107	91	1.09056
107	94	1.05976
107	96	1.04959
107	103	1.0007
107	137	0.684619
107	145	0.86228
107	149	1.03863
107	157	1.34525
107	160	0.966907
107	161	1.84618
107	163	1.14531
107	164	0.925386
107	167	1.54984
107	168	0.952535
107	173	1.24953
107	178	1.57176
108	10	1.08115
108	24	1.04712
108	25	0.920687
108	41	1.00215
108	45	0.956715
108	46	1.21664
108	50	1.0602
108	68	0.993845
108	70	0.949586
108	73	0.990321
108	78	0.959923
108	82	0.95263
108	83	0.972344
108	99	1.03843
108	100	1.10061
108	116	1.01089
108	125	1.02822
108	130	0.979975
108	131	1.05846
108	137	1.14125
108	151	1.07405
108	152	1.55337
108	157	0.915248
108	158	1.57207
108	168	1.32962
108	179	1.75049
109	4	0.958699
109	6	0.945634
109	12	0.969711
109	26	0.933168
109	29	1.02036
109	48	1.03539
109	64	1.12095
109	71	0.992624
109	80	1.0498
109	93	1.05596
109	110	1.0356
109	113	1.07071
109	114	1.00814
109	115	1.02626
109	125	1.03005
109	129	1.01128
109	130	0.905083
109	133	1.01955
109	144	1.20589
109	146	1.06151
109	150	1.24839
109	163	0.934278
109	167	0.899129
109	168	1.25472
109	176	1.57784
109	178	1.9535
110	4	0.958434
110	26	0.932904
110	28	1.07225
110	48	1.03512
110	64	1.12068
110	66	1.02527
110	68	0.995417
110	71	0.99236
110	76	0.981127
110	85	1.63041
110	89	0.92952
110	93	1.0557
110	109	1.0356
110	113	1.07044
110	114	1.00787
110	115	1.02599
110	129	1.01102
110	130	0.702462
110	133	1.01929
110	141	1.17948
110	148	1.24322
110	158	1.29455
110	163	0.934014
110	165	1.35663
110	167	0.898864
110	171	1.47454
111	5	0.953006
111	15	0.965182
111	30	0.934087
111	32	0.556883
111	42	1.10484
111	43	0.963729
111	55	1.03839
111	72	1.08296
111	81	1.05525
111	87	1.03122
111	105	0.922318
111	117	1.01809
111	122	1.05934
111	126	1.01256
111	128	1.06983
111	131	0.88349
111	132	1.02444
111	134	1.00822
111	135	1.04779
111	157	0.916081
111	159	1.35427
111	160	1.16197
111	167	0.898125
111	175	1.79974
111	176	1.47776
111	177	1.67477
112	27	1.03382
112	41	1.30816
112	62	1.22062
112	86	0.998163
112	96	0.848409
112	101	1.10058
112	115	1.2686
112	136	1.05167
112	142	0.998762
112	143	1.02813
112	145	0.999687
112	146	1.02764
112	148	0.977679
112	154	1.0323
112	158	0.932059
112	162	0.92572
112	169	0.866437
112	170	0.930716
112	171	0.91682
112	172	0.900966
112	173	0.923259
112	175	0.887656
112	176	0.919796
112	177	0.897323
112	178	0.88756
112	179	0.9058
112	180	0.899268
113	7	0.650991
113	11	1.00177
113	29	1.05521
113	48	1.07024
113	64	1.1558
113	66	1.06039
113	71	1.02747
113	76	1.01624
113	80	1.08465
113	93	1.09081
113	109	1.07071
113	110	1.07044
113	114	1.04299
113	115	1.0611
113	125	1.0649
113	129	1.04613
113	131	0.7745
113	133	1.0544
113	140	1.14371
113	141	1.17303
113	146	0.85244
113	162	1.48666
113	163	0.969126
113	166	1.44079
113	167	0.933977
113	177	1.56578
113	178	1.74444
114	4	0.930976
114	11	0.939202
114	26	0.905446
114	28	1.04479
114	48	1.00767
114	64	1.09323
114	66	0.997817
114	68	0.967959
114	71	0.964901
114	76	0.953668
114	80	1.02208
114	93	1.02824
114	109	1.00814
114	110	1.00787
114	113	1.04299
114	115	0.998533
114	125	1.00233
114	129	0.983562
114	133	0.991832
114	137	0.954312
114	154	0.905686
114	156	1.19959
114	165	1.4472
114	171	1.56512
114	172	1.72408
114	173	1.51922
114	176	1.46579
115	4	0.949094
115	12	0.960107
115	29	1.01075
115	31	0.870098
115	32	0.691746
115	64	1.11134
115	66	1.01593
115	68	0.986077
115	71	0.98302
115	76	0.971787
115	80	1.04019
115	90	1.09919
115	93	1.04636
115	109	1.02626
115	110	1.02599
115	112	1.2686
115	113	1.0611
115	114	0.998533
115	120	1.0265
115	129	1.00168
115	133	1.00995
115	154	1.05252
115	160	1.29684
115	163	0.924674
115	167	0.889524
115	170	1.62745
115	171	1.71195
116	7	0.687842
116	10	1.05986
116	24	1.02583
116	25	0.899392
116	41	0.980855
116	45	0.93542
116	46	1.19534
116	50	1.0389
116	57	0.999265
116	68	0.97255
116	73	0.969026
116	78	0.938628
116	82	0.931335
116	83	0.951049
116	99	1.01714
116	100	1.07932
116	108	1.01089
116	125	1.00692
116	138	0.990415
116	141	1.20988
116	157	0.893953
116	162	1.52351
116	166	1.47764
116	168	1.08251
116	173	1.45905
116	174	1.27515
116	178	1.78129
117	5	0.937244
117	15	0.949421
117	17	0.939125
117	21	0.930283
117	30	0.918326
117	33	0.899966
117	43	0.947968
117	62	1.00346
117	72	1.0672
117	81	1.03949
117	111	1.01809
117	119	1.19005
117	122	1.04358
117	126	0.996802
117	128	1.05407
117	132	1.00868
117	134	0.992463
117	135	1.03203
117	141	0.973889
117	142	1.33504
117	143	1.22409
117	147	1.36646
117	159	1.59711
117	160	1.40481
117	163	0.917513
117	165	1.70201
117	166	0.920519
117	167	0.882364
118	2	1.04052
118	8	1.0475
118	19	0.934357
118	35	0.987701
118	49	1.0008
118	52	0.921187
118	53	1.00989
118	54	0.931749
118	77	0.935029
118	79	1.01182
118	98	1.01009
118	101	1.03763
118	102	1.01065
118	119	1.02806
118	120	0.972487
118	121	1.02174
118	123	0.949101
118	127	1.01917
118	149	0.997452
118	152	1.45924
118	155	1.101
118	159	1.43512
118	165	0.897715
118	166	0.900442
118	168	0.911358
118	173	1.61204
118	176	1.55861
118	178	1.93427
119	22	1.10538
119	55	1.10403
119	56	1.09917
119	63	0.947555
119	97	0.952519
119	106	0.678143
119	117	1.19005
119	118	1.02806
119	133	0.909173
119	140	1.05057
119	142	1.05493
119	150	1.06814
119	156	1.02987
119	158	0.988225
119	161	0.930287
119	162	0.981887
119	169	0.922604
119	170	0.986883
119	171	0.972986
119	172	0.957132
119	173	0.979426
119	174	0.990021
119	175	0.943822
119	176	0.975963
119	177	0.953489
119	178	0.943727
119	179	0.961966
119	180	0.955435
120	17	1.07629
120	67	0.850131
120	78	0.896957
120	83	1.3246
120	93	0.942145
120	115	1.0265
120	118	0.972487
120	134	0.976227
120	136	1.08361
120	139	1.09035
120	144	1.06511
120	146	1.05958
120	148	1.00962
120	150	1.04391
120	152	0.981569
120	158	0.964
120	162	0.957662
120	170	0.962658
120	171	0.948761
120	172	0.932907
120	173	0.9552
120	174	0.965795
120	175	0.919597
120	176	0.951738
120	177	0.929264
120	178	0.919502
120	179	0.937741
120	180	0.931209
121	2	1.10008
121	19	0.993922
121	37	1.02244
121	49	1.06037
121	52	0.980752
121	53	1.06946
121	54	0.991314
121	70	1.11566
121	77	0.994594
121	79	1.07138
121	90	0.890684
121	92	0.611636
121	98	1.06965
121	101	1.0972
121	102	1.07022
121	118	1.02174
121	123	1.00867
121	127	1.07874
121	144	1.03218
121	147	1.04998
121	149	1.05702
121	163	1.35333
121	164	1.39874
121	165	0.95728
121	166	0.960007
121	168	0.970923
121	173	1.45755
121	179	1.50188
122	5	0.978489
122	30	0.95957
122	32	0.671336
122	55	1.06387
122	56	1.07339
122	72	1.10844
122	81	1.08074
122	87	1.0567
122	90	1.07878
122	102	1.07197
122	111	1.05934
122	117	1.04358
122	126	1.03805
122	128	1.09531
122	132	1.04992
122	134	1.03371
122	135	1.07327
122	137	1.08073
122	143	1.09571
122	144	1.22027
122	156	1.32601
122	157	0.941564
122	158	1.51155
122	159	1.46872
122	163	0.958758
122	166	0.961764
122	167	0.923608
122	168	1.2691
123	2	1.02744
123	8	1.03442
123	19	0.921281
123	34	0.613819
123	35	0.974626
123	37	0.949805
123	49	0.987726
123	52	0.908112
123	53	0.996818
123	54	0.918673
123	77	0.921953
123	79	0.998741
123	98	0.997014
123	101	1.02456
123	102	0.997576
123	118	0.949101
123	121	1.00867
123	127	1.0061
123	146	1.13554
123	149	0.984377
123	152	1.5525
123	154	1.09176
123	163	1.60108
123	165	0.884639
123	166	0.887367
123	168	0.898282
123	173	1.7053
123	174	1.5214
123	180	1.82853
124	26	1.70032
124	46	0.806898
124	53	1.09982
124	82	1.42865
124	85	0.898327
124	98	1.17774
124	99	1.21683
124	128	1.23406
124	136	1.01326
124	140	0.956001
124	143	0.989727
124	144	0.994768
124	147	0.974985
124	150	0.973565
124	152	0.911222
124	154	0.993893
124	155	0.976033
124	159	0.908308
124	161	0.835715
124	162	0.887315
124	169	0.828032
124	170	0.892311
124	171	0.878414
124	173	0.884854
124	174	0.895449
124	176	0.881391
124	177	0.858917
124	178	0.849155
124	179	0.867394
124	180	0.860863
125	11	0.961117
125	16	1.06099
125	18	0.936105
125	23	1.05281
125	38	0.982501
125	44	0.88072
125	58	0.989565
125	73	0.986349
125	82	0.948658
125	99	1.03446
125	100	1.09664
125	102	0.784681
125	108	1.02822
125	109	1.03005
125	113	1.0649
125	114	1.00233
125	116	1.00692
125	129	1.00548
125	133	1.01375
125	137	1.053
125	142	1.13072
125	145	1.18246
125	148	1.38428
125	154	0.956176
125	157	0.911276
125	164	0.915243
125	167	0.893321
125	170	1.53111
125	175	1.83826
125	180	1.69294
126	15	0.943892
126	17	0.933596
126	30	0.912797
126	42	1.08354
126	43	0.942439
126	44	1.01511
126	55	1.0171
126	56	1.02662
126	62	0.997934
126	72	1.06167
126	81	1.03396
126	87	1.00993
126	92	0.858184
126	111	1.01256
126	117	0.996802
126	122	1.03805
126	128	1.04854
126	132	1.00315
126	134	0.986934
126	135	1.0265
126	142	1.26511
126	147	1.29653
126	150	1.32122
126	151	1.07199
126	157	0.89479
126	163	0.911985
126	166	0.91499
126	167	0.876835
126	168	1.32755
126	174	1.5202
126	175	1.97264
127	2	1.09751
127	6	0.6713
127	8	1.1045
127	19	0.991355
127	35	1.0447
127	37	1.01988
127	49	1.0578
127	52	0.978185
127	53	1.06689
127	54	0.988747
127	77	0.992027
127	79	1.06881
127	98	1.06709
127	101	1.09463
127	102	1.06765
127	118	1.01917
127	121	1.07874
127	123	1.0061
127	137	0.792025
127	141	1.10777
127	149	1.05445
127	150	0.974052
127	160	0.987719
127	162	1.42139
127	165	0.954713
127	166	0.95744
127	168	0.968356
127	169	2.15328
127	174	1.17304
127	175	1.62548
127	180	1.48016
128	15	1.00116
128	17	0.99086
128	21	0.982019
128	31	0.914673
128	43	0.999703
128	55	1.07436
128	56	1.08388
128	62	1.0552
128	72	1.11893
128	87	1.06719
128	102	1.08246
128	111	1.06983
128	117	1.05407
128	122	1.09531
128	124	1.23406
128	126	1.04854
128	130	0.791098
128	132	1.06041
128	134	1.0442
128	135	1.08376
128	136	0.914483
128	143	0.967347
128	150	1.1344
128	155	1.00624
128	157	0.952054
128	158	1.38319
128	163	0.969249
128	164	1.45848
128	167	0.934099
128	175	1.78583
128	180	1.64051
129	4	0.934123
129	12	0.945135
129	26	0.908593
129	28	1.04794
129	29	0.995781
129	48	1.01081
129	64	1.09637
129	66	1.00096
129	70	0.926847
129	71	0.968048
129	76	0.956815
129	80	1.02522
129	93	1.03139
129	102	0.943827
129	109	1.01128
129	110	1.01102
129	113	1.04613
129	114	0.983562
129	115	1.00168
129	125	1.00548
129	133	0.994979
129	137	1.16395
129	139	1.16329
129	150	1.34597
129	151	1.09675
129	154	1.11532
129	156	1.40922
129	163	0.909702
129	167	0.874553
129	177	1.87243
129	180	1.85209
130	2	1.01172
130	21	0.966112
130	22	0.963169
130	30	1.57591
130	48	0.911974
130	79	0.792492
130	85	1.0141
130	97	0.973718
130	108	0.979975
130	109	0.905083
130	110	0.702462
130	128	0.791098
130	139	1.13578
130	140	1.07177
130	146	1.10501
130	151	1.11965
130	155	1.0918
130	156	1.05107
130	158	1.00942
130	161	0.951486
130	162	1.00309
130	168	1.02428
130	171	0.994186
130	172	0.978332
130	173	1.00063
130	174	1.01122
130	175	0.965022
130	176	0.997162
130	177	0.974688
130	178	0.964926
130	179	0.983165
130	180	0.976634
131	13	0.844088
131	41	1.05792
131	45	1.2639
131	49	0.667156
131	54	1.43697
131	67	0.841982
131	76	1.37154
131	108	1.05846
131	111	0.88349
131	113	0.7745
131	139	1.09354
131	143	1.06326
131	144	1.0683
131	146	1.06277
131	147	1.04852
131	150	1.0471
131	151	1.07741
131	152	0.984752
131	153	1.01134
131	154	1.06742
131	156	1.00882
131	157	0.95092
131	159	0.981838
131	169	0.901562
131	170	0.965841
131	172	0.936091
131	173	0.958384
131	174	0.968979
131	175	0.922781
131	176	0.954921
131	177	0.932448
131	178	0.922685
131	179	0.940925
131	180	0.934393
132	5	0.943592
132	15	0.955768
132	17	0.945473
132	21	0.936631
132	31	0.869285
132	42	1.09542
132	55	1.02898
132	56	1.03849
132	62	1.00981
132	72	1.07354
132	81	1.04584
132	87	1.02181
132	92	0.606172
132	111	1.02444
132	117	1.00868
132	122	1.04992
132	126	1.00315
132	128	1.06041
132	134	0.998811
132	135	1.03837
132	137	0.887176
132	141	0.980236
132	150	1.0692
132	157	0.906667
132	160	1.08287
132	163	0.923861
132	166	0.926867
132	167	0.888711
132	169	2.24843
132	170	1.41348
132	174	1.26819
132	177	1.59566
132	179	1.49642
132	180	1.57531
133	4	0.942393
133	11	0.95062
133	12	0.953406
133	26	0.916863
133	28	1.05621
133	29	1.00405
133	48	1.01908
133	64	1.10464
133	66	1.00923
133	68	0.979376
133	70	0.935117
133	71	0.976319
133	76	0.965086
133	80	1.03349
133	93	1.03966
133	97	2.18607
133	109	1.01955
133	110	1.01929
133	113	1.0544
133	114	0.991832
133	115	1.00995
133	119	0.909173
133	125	1.01375
133	129	0.994979
133	141	1.24398
133	146	0.92339
133	147	1.08558
133	148	1.30772
133	149	0.958781
133	159	1.31623
133	163	0.917973
133	166	1.51174
133	167	0.882823
133	170	1.45455
134	5	0.927377
134	17	0.929258
134	21	0.920416
134	30	0.908458
134	42	1.07921
134	43	0.9381
134	55	1.01276
134	56	1.02228
134	62	0.993595
134	72	1.05733
134	81	1.02962
134	87	1.00559
134	102	1.02086
134	111	1.00822
134	117	0.992463
134	120	0.976227
134	122	1.03371
134	126	0.986934
134	128	1.0442
134	132	0.998811
134	135	1.02216
134	139	1.05021
134	140	1.33728
134	141	0.964021
134	142	1.17679
134	146	1.04602
134	155	1.10474
134	156	1.29614
134	157	0.890452
134	158	1.48169
134	161	2.21243
134	163	0.907646
134	166	0.910652
134	167	0.872496
134	172	1.82064
135	5	0.96694
135	15	0.979117
135	21	0.95998
135	30	0.948022
135	31	0.892634
135	34	0.586296
135	42	1.11877
135	43	0.977664
135	47	0.911579
135	55	1.05232
135	56	1.06184
135	62	1.03316
135	72	1.09689
135	81	1.06919
135	87	1.04516
135	102	1.06042
135	111	1.04779
135	117	1.03203
135	122	1.07327
135	126	1.0265
135	128	1.08376
135	132	1.03837
135	134	1.02216
135	137	1.11287
135	140	1.39928
135	141	1.00359
135	143	1.12784
135	149	1.14341
135	155	1.16674
135	158	1.54368
135	163	0.94721
135	166	0.950215
135	168	1.30123
135	171	1.72367
135	174	1.49388
136	12	1.40139
136	23	0.659296
136	33	1.11941
136	40	0.994219
136	51	1.33348
136	53	0.780247
136	66	1.15826
136	76	1.41644
136	79	0.915877
136	92	1.14421
136	104	0.92631
136	112	1.05167
