1	16	0.765278
1	40	1.08513
1	74	1.15875
1	84	0.812431
1	93	1.23847
1	106	1.26986
1	123	1.16712
1	125	1.1606
1	163	0.666743
1	164	0.584922
1	166	0.77346
1	178	1.32009
2	9	0.93729
2	29	1.02895
2	48	1.03426
2	75	1.04252
2	77	1.02335
2	83	1.10659
2	123	1.03699
2	129	0.918289
2	137	0.909202
2	159	0.838818
2	175	0.937585
2	178	1.18996
3	36	0.693413
3	73	0.721856
3	91	0.736714
3	92	0.720864
3	169	1.19657
3	171	0.722156
3	173	1.18099
3	174	1.21256
3	176	1.19558
3	177	1.20829
3	179	1.20325
3	180	1.20325
4	55	0.768362
4	118	0.694431
4	122	1.21232
4	144	0.714039
4	153	1.1992
4	156	0.735817
4	161	1.17198
4	162	1.21232
4	166	1.17661
4	168	1.21848
4	170	1.20914
4	180	0.692699
5	57	0.688412
5	130	1.19283
5	137	0.73284
5	153	1.1961
5	158	1.19444
5	163	0.69555
5	166	1.1735
5	168	1.21538
5	170	1.20603
5	171	1.22177
5	176	0.751412
5	180	0.739786
6	23	0.875535
6	51	1.01036
6	101	1.07455
6	116	0.921341
6	118	0.885533
6	133	1.09638
6	134	1.05961
6	138	1.03459
6	141	1.07792
6	143	1.0189
6	148	1.02778
6	156	0.926918
7	17	0.749626
7	82	0.658244
7	107	0.66647
7	119	0.761886
7	158	0.758309
7	169	1.19755
7	172	1.19681
7	174	1.21354
7	175	1.18755
7	176	1.19656
7	179	1.20423
7	180	1.20423
8	28	0.632408
8	81	1.36239
8	96	1.3884
8	102	1.35274
8	117	1.46335
8	131	1.43705
8	132	0.622415
8	145	0.599021
8	149	1.39595
8	165	0.565239
8	173	0.589845
8	175	0.602322
9	2	0.93729
9	43	0.951241
9	74	1.02089
9	75	1.03479
9	82	0.874039
9	90	1.04073
9	106	1.132
9	123	1.02927
9	125	1.02274
9	157	0.857623
9	174	0.91978
9	178	1.18223
10	47	1.18378
10	66	1.21494
10	72	1.21494
10	86	1.19788
10	89	1.19788
10	92	1.19788
10	93	0.720969
10	117	0.775
10	132	1.19265
10	159	0.684981
10	164	0.636254
10	175	0.783748
11	20	1.05881
11	25	1.03564
11	70	0.978657
11	80	1.12317
11	111	1.05063
11	146	0.890392
11	151	1.06128
11	154	1.07179
11	156	1.02002
11	160	0.920603
11	172	0.884475
11	176	0.907912
12	50	0.714087
12	69	0.72687
12	104	0.701625
12	130	0.703502
12	166	0.746492
12	167	1.20866
12	172	1.1981
12	173	1.18326
12	175	1.18884
12	177	1.21056
12	179	1.20552
12	180	1.20552
13	32	0.848139
13	107	0.860405
13	143	0.951436
13	153	0.934485
13	163	1.08774
13	169	1.03906
13	172	1.03831
13	174	1.05505
13	176	1.03807
13	177	1.05078
13	179	1.04574
13	180	1.04574
14	26	1.1819
14	57	1.27589
14	91	1.19722
14	99	0.711853
14	108	1.18715
14	124	1.16468
14	126	1.20772
14	131	1.18551
14	163	0.692361
14	177	0.735872
14	179	0.732757
14	180	0.736597
15	36	0.675776
15	50	0.723476
15	126	0.723129
15	154	0.745264
15	162	0.726617
15	173	1.18242
15	174	1.214
15	175	1.188
15	176	1.19702
15	177	1.20972
15	179	1.20469
15	180	1.20468
16	1	0.765278
16	25	0.823467
16	95	0.737029
16	100	0.780363
16	141	0.783491
16	172	1.13511
16	173	1.12027
16	174	1.15184
16	175	1.12585
16	176	1.13487
16	177	1.14757
16	179	1.14254
16	180	1.14253
17	7	0.749626
17	94	0.816521
17	96	0.803875
17	111	0.784593
17	133	1.18628
17	137	0.743227
17	141	1.16782
17	143	1.1088
17	148	1.11767
17	158	1.12853
17	162	1.14331
17	166	1.1076
17	170	1.14013
18	69	1.14035
18	83	1.16718
18	86	1.11779
18	89	1.11779
18	92	1.11779
18	123	1.09758
18	125	1.09106
18	126	0.834352
18	136	0.750316
18	145	0.822759
18	164	0.678566
18	169	0.819874
18	178	1.25055
19	40	0.835465
19	58	0.795475
19	67	0.714613
19	89	0.746052
19	124	0.800272
19	162	1.14408
19	166	1.10836
19	170	1.14089
19	171	1.15663
19	173	1.11965
19	177	1.14695
19	179	1.14191
19	180	1.14191
20	11	1.05881
20	25	1.1439
20	28	0.890774
20	34	0.676609
20	45	1.17356
20	64	0.842399
20	70	1.08691
20	111	1.15888
20	151	1.16953
20	154	1.18004
20	156	1.12827
20	159	0.761921
20	178	0.728937
21	101	1.15805
21	106	0.701443
21	133	1.17987
21	134	1.14311
21	138	1.11809
21	139	1.12589
21	141	1.16142
21	142	0.816492
21	143	1.1024
21	144	0.775887
21	148	1.11127
21	149	0.826691
21	175	0.775984
22	42	1.1563
22	65	1.13134
22	70	0.864604
22	73	1.13879
22	78	1.08918
22	82	1.15198
22	91	0.785106
22	93	0.718087
22	97	1.17395
22	105	1.12807
22	160	1.13038
22	170	0.782039
22	174	0.746798
23	6	0.875535
23	117	0.721587
23	122	0.74913
23	125	0.774431
23	166	0.771379
23	167	1.14634
23	169	1.13653
23	173	1.12094
23	175	1.12652
23	176	1.13554
23	177	1.14825
23	179	1.14321
23	180	1.14321
24	35	0.726193
24	113	1.13988
24	115	0.831567
24	127	1.10061
24	130	1.12947
24	146	0.773498
24	158	1.13108
24	162	1.14587
24	168	1.15202
24	170	1.14268
24	171	1.15842
24	173	0.788353
24	176	0.791018
25	11	1.03564
25	16	0.823467
25	20	1.1439
25	30	0.821687
25	80	1.20826
25	111	1.13571
25	114	1.18414
25	130	1.13042
25	154	1.15687
25	156	1.1051
25	163	0.724932
25	172	0.757356
25	176	0.780793
26	14	1.1819
26	31	1.13176
26	32	0.728971
26	76	0.800014
26	91	1.15772
26	102	1.06169
26	108	1.14765
26	126	1.16822
26	131	1.14601
26	134	0.798695
26	149	1.10491
26	167	0.773449
26	176	0.80301
27	64	1.18928
27	87	1.15061
27	142	1.11189
27	157	0.781076
27	161	1.10392
27	162	1.14427
27	163	0.811629
27	164	0.729807
27	165	0.840219
27	166	1.10855
27	168	1.15043
27	170	1.14108
27	178	0.745551
28	8	0.632408
28	20	0.890774
28	47	0.79162
28	165	1.15959
28	167	1.1402
28	168	0.790326
28	169	1.13039
28	170	0.791296
28	174	1.14638
28	175	1.12038
28	176	1.1294
28	179	1.13707
28	180	1.13707
29	2	1.02895
29	48	1.11819
29	79	0.773696
29	122	0.776209
29	123	1.12092
29	161	0.785588
29	166	0.798457
29	167	1.14385
29	170	0.758586
29	176	1.13305
29	178	1.27389
29	179	1.14072
29	180	1.14072
30	25	0.821687
30	80	0.763947
30	106	0.716579
30	130	0.789174
30	155	0.800935
30	167	1.14249
30	172	1.13193
30	174	1.14867
30	175	1.12267
30	176	1.13169
30	177	1.14439
30	179	1.13936
30	180	1.13935
31	26	1.13176
31	36	1.18984
31	91	1.14708
31	96	1.08672
31	107	0.738812
31	108	1.13701
31	124	1.11454
31	126	1.15758
31	131	1.13537
31	143	0.829843
31	167	0.771023
31	172	0.777147
31	179	0.785118
32	13	0.848139
32	26	0.728971
32	59	1.28986
32	60	0.578044
32	101	1.2358
32	103	1.23101
32	133	1.25762
32	134	1.22086
32	138	1.19584
32	140	0.724117
32	143	1.18014
32	148	1.18902
32	169	0.670002
32	177	0.654025
33	78	0.816212
33	91	0.845008
33	105	0.82591
33	153	0.843265
33	158	0.861025
33	169	1.08743
33	172	1.08669
33	173	1.07185
33	174	1.10342
33	175	1.07743
33	176	1.08644
33	177	1.09915
33	179	1.09411
33	180	1.09411
34	20	0.676609
34	81	0.68216
34	121	1.40508
34	132	0.596052
34	140	1.39271
34	144	0.575861
34	153	1.40329
34	156	0.59764
34	161	1.37606
34	165	0.538876
34	166	1.3807
34	170	1.41322
34	171	1.42896
34	174	0.54189
35	24	0.726193
35	79	0.701683
35	117	0.676652
35	141	0.675992
35	165	1.24629
35	166	0.726444
35	167	1.2269
35	168	0.685603
35	172	1.21635
35	173	1.20151
35	174	1.23308
35	177	1.22881
35	179	1.22377
35	180	1.22377
36	3	0.693413
36	15	0.675776
36	31	1.18984
36	53	1.31741
36	57	1.29447
36	67	1.25374
36	70	0.804713
36	81	1.12943
36	108	1.20573
36	124	1.18326
36	126	1.2263
36	128	0.714944
36	168	0.721179
36	178	0.589225
37	65	0.68834
37	132	0.737812
37	142	1.21005
37	149	1.18969
37	152	0.656462
37	153	1.2293
37	156	0.7394
37	158	1.22764
37	162	1.24243
37	165	0.680637
37	166	1.20671
37	170	1.23924
37	171	1.25498
37	176	0.707908
38	65	0.739212
38	112	1.20589
38	128	1.25016
38	136	0.692848
38	155	1.23114
38	158	1.21571
38	159	0.669825
38	161	1.19014
38	168	1.23665
38	170	1.2273
38	171	1.24304
38	172	0.735343
38	174	0.734523
38	178	0.636841
39	101	1.24214
39	103	1.23735
39	123	0.779137
39	133	1.26396
39	134	1.22719
39	138	1.20217
39	141	1.2455
39	143	1.18648
39	147	0.715378
39	148	1.19536
39	151	0.719664
39	165	0.691868
39	178	0.5972
39	179	0.703673
40	1	1.08513
40	19	0.835465
40	58	1.00011
40	74	1.0386
40	93	1.11832
40	95	1.12075
40	102	0.897805
40	106	1.14971
40	123	1.04698
40	125	1.04045
40	173	0.836249
40	174	0.814657
40	178	1.19994
40	179	0.823449
41	47	1.20623
41	66	1.23739
41	69	1.24289
41	72	1.23739
41	86	1.22033
41	89	1.22033
41	92	1.22033
41	99	0.674138
41	109	0.73887
41	132	1.2151
41	146	0.692988
41	170	0.721492
41	174	0.68625
41	179	0.695042
42	22	1.1563
42	65	1.23231
42	68	1.23295
42	78	1.19015
42	82	1.25296
42	97	1.27493
42	105	1.22905
42	129	0.715294
42	146	0.707258
42	160	1.23136
42	168	0.734792
42	175	0.734589
42	178	0.602839
42	179	0.709312
43	9	0.951241
43	49	1.17433
43	54	0.699936
43	70	1.09546
43	111	1.16743
43	114	1.21586
43	118	1.18112
43	130	1.16214
43	151	1.17809
43	154	1.18859
43	156	1.13682
43	168	0.757632
43	177	0.735267
43	178	0.625679
43	179	0.732152
44	52	0.781945
44	102	0.794585
44	110	1.16621
44	121	1.16043
44	132	0.7656
44	154	1.18181
44	155	1.17241
44	158	1.15697
44	161	1.13141
44	168	1.17791
44	170	1.16857
44	171	1.18431
44	174	0.711438
44	176	0.735695
44	177	0.723345
45	20	1.17356
45	49	1.17228
45	70	1.09341
45	80	1.23792
45	104	0.785436
45	111	1.16538
45	129	0.769963
45	130	1.16009
45	151	1.17603
45	154	1.18654
45	156	1.13477
45	172	0.756011
45	177	0.767097
45	178	0.657508
45	180	0.767822
46	92	0.751087
46	95	0.706827
46	117	0.753949
46	133	0.737136
46	153	0.765193
46	162	0.774478
46	167	1.1757
46	169	1.16589
46	172	1.16515
46	173	1.15031
46	175	1.15589
46	176	1.1649
46	177	1.17761
46	179	1.17257
46	180	1.17257
47	10	1.18378
47	28	0.79162
47	41	1.20623
47	66	1.17236
47	69	1.17785
47	72	1.17235
47	79	1.12158
47	86	1.1553
47	89	1.15529
47	92	1.15529
47	120	0.75674
47	152	0.700277
47	154	0.791961
47	165	0.724451
47	180	0.740097
48	2	1.03426
48	29	1.11819
48	61	0.782253
48	83	1.19584
48	87	0.753329
48	93	1.19758
48	95	1.20001
48	103	0.738045
48	106	1.22897
48	123	1.12624
48	125	1.11971
48	170	0.758209
48	174	0.722967
48	176	0.747224
48	178	1.2792
49	43	1.17433
49	45	1.17228
49	70	1.08563
49	80	1.23014
49	94	0.773379
49	111	1.1576
49	113	0.76888
49	114	1.20602
49	148	0.77616
49	151	1.16825
49	154	1.17876
49	155	0.738283
49	156	1.12699
49	160	0.731348
49	177	0.706306
50	12	0.714087
50	15	0.723476
50	96	0.800941
50	104	1.19987
50	110	1.16601
50	131	0.769568
50	142	1.13918
50	155	1.1722
50	156	0.790357
50	158	1.15677
50	163	0.703003
50	166	1.13584
50	168	1.17771
50	170	1.16837
50	171	1.1841
51	6	1.01036
51	101	1.15099
51	103	1.1462
51	106	0.792452
51	133	1.17281
51	134	1.13604
51	138	1.11102
51	139	1.11882
51	141	1.15435
51	143	1.09533
51	148	1.10421
51	155	0.876807
51	164	0.719499
51	174	0.832924
51	178	0.735242
51	180	0.845556
52	44	0.781945
52	78	0.771918
52	128	0.790442
52	140	0.844404
52	141	0.787067
52	158	0.816731
52	165	1.14497
52	169	1.11577
52	172	1.11502
52	173	1.10019
52	174	1.13176
52	175	1.10576
52	176	1.11478
52	177	1.12749
52	179	1.12245
52	180	1.12245
53	36	1.31741
53	81	1.18828
53	96	1.21429
53	102	1.17863
53	117	1.28924
53	124	1.24211
53	126	1.28515
53	131	1.26294
53	139	0.749935
53	141	0.698157
53	147	0.693992
53	149	1.22184
53	158	0.727821
53	164	0.560071
53	174	0.673496
53	176	0.697753
54	43	0.699936
54	88	0.682096
54	95	0.646673
54	115	0.733281
54	119	1.24768
54	129	1.27075
54	135	1.21015
54	145	0.699243
54	149	1.20725
54	155	1.26064
54	158	1.2452
54	161	1.21964
54	165	0.665461
54	168	1.26615
54	171	1.27254
54	180	0.681106
55	4	0.768362
55	63	1.01783
55	65	1.13539
55	68	1.13603
55	73	1.14285
55	78	1.09323
55	94	1.09177
55	97	1.178
55	98	1.13832
55	105	1.13212
55	110	0.835133
55	115	0.845001
55	118	0.794559
55	160	1.13444
55	167	0.774891
55	179	0.788986
56	76	0.802534
56	98	1.13602
56	101	1.13702
56	103	1.13223
56	133	1.15884
56	134	1.12207
56	138	1.09706
56	139	1.10486
56	141	1.14039
56	143	1.08136
56	148	1.09024
56	156	0.837021
56	172	0.782092
56	173	0.802863
56	174	0.781272
56	176	0.805529
57	5	0.688412
57	14	1.27589
57	36	1.29447
57	68	0.699141
57	91	1.25171
57	96	1.19135
57	98	0.694832
57	101	0.656472
57	117	1.26629
57	118	0.667521
57	124	1.21916
57	126	1.26221
57	131	1.24
57	145	0.683925
57	149	1.1989
57	158	0.707482
58	19	0.795475
58	40	1.00011
58	74	1.07372
58	75	1.08762
58	79	0.825019
58	83	1.1517
58	93	1.15345
58	95	1.15587
58	106	1.18484
58	121	0.847256
58	123	1.0821
58	125	1.07558
58	150	0.764133
58	173	0.79626
58	174	0.774668
58	178	1.23507
59	32	1.28986
59	77	1.21249
59	79	1.21263
59	91	0.668252
59	101	1.26924
59	112	0.710927
59	114	0.65455
59	127	0.771894
59	132	0.684106
59	134	1.2543
59	138	1.22928
59	139	1.23708
59	141	1.27261
59	148	1.22246
59	155	0.673827
59	174	0.629944
60	32	0.578044
60	127	0.769775
60	135	0.741205
60	153	0.66439
60	155	0.671708
60	163	1.28335
60	166	0.702937
60	167	1.24447
60	168	0.662096
60	169	1.23466
60	174	1.25065
60	175	1.22466
60	176	1.23367
60	177	1.24638
60	179	1.24134
60	180	1.24134
61	48	0.782253
61	80	0.758081
61	94	0.830165
61	149	0.835962
61	155	0.795069
61	160	0.788134
61	165	1.14497
61	169	1.11577
61	172	1.11502
61	173	1.10019
61	174	1.13176
61	175	1.10576
61	176	1.11478
61	177	1.12749
61	179	1.12245
61	180	1.12245
62	64	1.17274
62	110	1.12219
62	127	1.08248
62	132	0.879435
62	135	1.07789
62	137	0.830959
62	153	1.11461
62	160	1.144
62	161	1.08739
62	164	0.711848
62	168	1.13389
62	170	1.12455
62	171	1.14029
62	172	0.826094
62	178	0.727592
62	179	0.834065
63	55	1.01783
63	65	1.08979
63	68	1.09043
63	73	1.09724
63	78	1.04763
63	82	1.11043
63	94	1.04617
63	97	1.1324
63	98	1.09271
63	105	1.08652
63	130	0.886187
63	153	0.89063
63	160	1.08883
63	164	0.740639
63	165	0.851051
63	171	0.877815
63	174	0.854064
64	20	0.842399
64	27	1.18928
64	62	1.17274
64	118	0.722044
64	119	1.20561
64	135	1.16807
64	137	0.713365
64	140	1.19421
64	149	1.16517
64	161	1.17756
64	163	0.676076
64	166	1.18219
64	170	1.21472
64	171	1.23046
64	177	0.719586
64	179	0.716471
64	180	0.720311
65	22	1.13134
65	37	0.68834
65	38	0.739212
65	42	1.23231
65	55	1.13539
65	63	1.08979
65	68	1.20798
65	73	1.2148
65	82	1.22799
65	97	1.24996
65	105	1.20408
65	113	0.771069
65	144	0.73056
65	147	0.717085
65	153	0.733154
65	160	1.20639
65	171	0.72034
66	10	1.21494
66	41	1.23739
66	47	1.17236
66	69	1.20901
66	72	1.20351
66	84	1.12223
66	86	1.18645
66	89	1.18645
66	92	1.18645
66	104	0.74484
66	116	0.764766
66	120	0.743869
66	132	1.18122
66	150	0.704059
66	165	0.71158
66	174	0.714594
66	177	0.726501
67	19	0.714613
67	36	1.25374
67	81	1.12461
67	91	1.21098
67	102	1.11496
67	108	1.20091
67	116	1.1698
67	117	1.22557
67	124	1.17844
67	126	1.22148
67	127	0.835756
67	128	0.721842
67	131	1.19927
67	157	0.631649
67	166	0.768918
67	169	0.721688
67	180	0.706437
68	42	1.23295
68	55	1.13603
68	57	0.699141
68	63	1.09043
68	65	1.20798
68	73	1.21544
68	78	1.16583
68	82	1.22863
68	98	1.21091
68	104	0.768129
68	105	1.20472
68	157	0.675727
68	160	1.20703
68	163	0.706279
68	167	0.73258
68	171	0.761634
68	176	0.762141
69	12	0.72687
69	18	1.14035
69	41	1.24289
69	47	1.17785
69	66	1.20901
69	72	1.20901
69	79	1.15824
69	86	1.19195
69	89	1.19195
69	92	1.19195
69	132	1.18672
69	139	0.823828
69	164	0.633965
69	165	0.744376
69	176	0.771647
69	178	0.649708
69	179	0.756181
70	11	0.978657
70	20	1.08691
70	22	0.864604
70	36	0.804713
70	43	1.09546
70	45	1.09341
70	49	1.08563
70	80	1.15127
70	85	0.918782
70	110	0.864644
70	111	1.07872
70	118	1.09241
70	151	1.08938
70	154	1.09989
70	156	1.04812
70	169	0.837588
70	172	0.810526
71	83	0.71028
71	100	0.710075
71	130	0.720666
71	133	0.697051
71	143	0.74206
71	149	0.773319
71	162	0.734393
71	165	1.21515
71	167	1.19577
71	169	1.18595
71	172	1.18521
71	173	1.17037
71	174	1.20194
71	175	1.17595
71	176	1.18496
71	179	1.19263
71	180	1.19263
72	10	1.21494
72	41	1.23739
72	47	1.17235
72	66	1.20351
72	69	1.20901
72	84	1.12223
72	86	1.18645
72	89	1.18645
72	90	0.714155
72	92	1.18644
72	109	0.746483
72	121	0.766451
72	132	1.18122
72	158	0.748187
72	176	0.71812
72	177	0.705769
72	180	0.706494
73	3	0.721856
73	22	1.13879
73	55	1.14285
73	63	1.09724
73	65	1.2148
73	68	1.21544
73	78	1.17264
73	82	1.23545
73	97	1.25741
73	105	1.21153
73	113	0.789831
73	137	0.721036
73	160	1.21385
73	161	0.777594
73	168	0.749622
73	178	0.617669
73	179	0.724142
74	1	1.15875
74	9	1.02089
74	40	1.0386
74	58	1.07372
74	81	0.865419
74	83	1.19019
74	93	1.19194
74	95	1.19436
74	106	1.22333
74	123	1.12059
74	125	1.11407
74	132	0.779311
74	133	0.733656
74	139	0.801587
74	147	0.745645
74	169	0.753032
74	174	0.725149
74	178	1.27356
75	2	1.04252
75	9	1.03479
75	58	1.08762
75	77	1.12084
75	83	1.20409
75	90	1.14596
75	93	1.20583
75	95	1.20826
75	109	0.794896
75	123	1.13449
75	124	0.82984
75	125	1.12797
75	136	0.700601
75	147	0.762772
75	170	0.777517
75	173	0.763867
75	175	0.776344
75	178	1.28745
76	26	0.800014
76	56	0.802534
76	87	0.743523
76	133	0.721669
76	142	0.787738
76	149	0.797937
76	163	1.18587
76	165	1.16638
76	169	1.13718
76	171	0.736912
76	172	1.13644
76	173	1.1216
76	174	1.15317
76	175	1.12718
76	176	1.13619
76	177	1.1489
76	179	1.14386
76	180	1.14386
77	2	1.02335
77	59	1.21249
77	75	1.12084
77	103	1.15364
77	106	1.21805
77	125	1.1088
77	138	1.11847
77	141	1.16179
77	143	1.10277
77	147	0.775692
77	148	1.11165
77	163	0.723592
77	166	0.830309
77	167	0.749892
77	169	0.783079
77	172	0.756017
77	175	0.789265
77	178	1.26828
78	22	1.08918
78	33	0.816212
78	42	1.19015
78	52	0.771918
78	55	1.09323
78	63	1.04763
78	68	1.16583
78	73	1.17264
78	82	1.18583
78	94	1.12157
78	97	1.2078
78	105	1.16192
78	127	0.843361
78	156	0.757161
78	160	1.16423
78	161	0.763655
78	171	0.725162
78	173	0.723003
79	29	0.773696
79	35	0.701683
79	47	1.12158
79	58	0.825019
79	59	1.21263
79	69	1.15824
79	86	1.13568
79	89	1.13568
79	92	1.13568
79	133	1.1804
79	134	1.14363
79	141	1.16194
79	143	1.10292
79	148	1.1118
79	161	0.804494
79	170	0.777493
79	173	0.763843
79	180	0.754883
80	11	1.12317
80	25	1.20826
80	30	0.763947
80	45	1.23792
80	49	1.23014
80	61	0.758081
80	70	1.15127
80	111	1.22324
80	118	1.23693
80	130	1.21795
80	150	0.688259
80	151	1.23389
80	154	1.2444
80	156	1.19263
80	159	0.634097
80	171	0.722546
80	176	0.723052
80	177	0.710701
80	179	0.707586
81	8	1.36239
81	34	0.68216
81	36	1.12943
81	53	1.18828
81	67	1.12461
81	74	0.865419
81	91	1.08666
81	92	0.854629
81	96	1.02631
81	101	0.835485
81	108	1.0766
81	116	1.04548
81	124	1.05412
81	126	1.09716
81	131	1.07495
81	136	0.790495
81	149	1.03386
81	172	0.83299
81	179	0.840961
82	7	0.658244
82	9	0.874039
82	22	1.15198
82	42	1.25296
82	63	1.11043
82	65	1.22799
82	68	1.22863
82	73	1.23545
82	78	1.18583
82	83	0.667896
82	94	1.18437
82	97	1.2706
82	105	1.22472
82	120	0.675434
82	121	0.718747
82	127	0.788109
82	151	0.670941
82	160	1.22704
82	172	0.64698
83	2	1.10659
83	18	1.16718
83	48	1.19584
83	58	1.1517
83	71	0.71028
83	74	1.19019
83	75	1.20409
83	82	0.667896
83	89	0.746981
83	93	1.26991
83	95	1.27234
83	123	1.19857
83	125	1.19205
83	165	0.710623
83	167	0.708333
83	172	0.714457
83	177	0.725543
83	178	1.35153
83	179	0.722428
84	1	0.812431
84	66	1.12223
84	72	1.12223
84	86	1.10517
84	89	1.10517
84	92	1.10517
84	110	1.10138
84	113	1.10094
84	132	1.09995
84	144	0.839955
84	155	1.10758
84	162	1.10693
84	163	0.77438
84	170	1.10374
84	171	1.11948
84	172	0.806804
84	173	0.827575
84	176	0.830241
84	180	0.818616
85	70	0.918782
85	100	1.14771
85	125	0.879142
85	127	1.07082
85	129	1.12684
85	135	1.06624
85	142	1.0837
85	146	0.807714
85	150	0.790441
85	153	1.10295
85	154	1.12613
85	155	1.11673
85	158	1.10129
85	162	1.11608
85	164	0.687551
85	170	1.11289
85	171	1.12863
85	173	0.822568
85	174	0.800977
86	10	1.19788
86	18	1.11779
86	41	1.22033
86	47	1.1553
86	66	1.18645
86	69	1.19195
86	72	1.18645
86	79	1.13568
86	84	1.10517
86	88	0.757734
86	89	1.16939
86	92	1.16939
86	97	0.741253
86	110	0.79905
86	132	1.16417
86	145	0.77488
86	147	0.764608
86	171	0.767863
86	177	0.756018
86	178	0.64643
87	27	1.15061
87	48	0.753329
87	76	0.743523
87	110	1.17369
87	115	0.787068
87	129	1.19
87	145	0.75303
87	147	0.742758
87	149	1.1265
87	151	0.747044
87	155	1.17989
87	158	1.16446
87	161	1.13889
87	162	1.17924
87	166	1.14352
87	168	1.1854
87	169	0.750144
87	170	1.17605
87	171	1.19179
87	177	0.734168
88	54	0.682096
88	86	0.757734
88	103	1.18562
88	122	0.758386
88	124	0.793086
88	130	0.737644
88	133	1.21223
88	138	1.15045
88	141	1.19377
88	143	1.13475
88	148	1.14363
88	149	0.790297
88	170	0.740763
88	171	0.729272
88	172	1.15968
88	174	1.17641
88	175	1.15042
88	176	1.15943
88	179	1.1671
88	180	1.1671
89	10	1.19788
89	18	1.11779
89	19	0.746052
89	41	1.22033
89	47	1.15529
89	66	1.18645
89	69	1.19195
89	72	1.18645
89	79	1.13568
89	83	0.746981
89	84	1.10517
89	86	1.16939
89	92	1.16939
89	132	1.16416
89	145	0.756013
89	168	0.759516
89	169	0.753127
89	175	0.759313
89	176	0.749502
89	177	0.737151
90	9	1.04073
90	72	0.714155
90	75	1.14596
90	95	1.21421
90	103	0.72727
90	106	1.24317
90	110	0.76713
90	122	0.765057
90	125	1.13391
90	131	0.747153
90	143	0.765708
90	162	0.758041
90	170	0.747434
90	172	1.15281
90	173	1.13797
90	176	1.15257
90	177	1.16527
90	178	1.2934
90	179	1.16024
90	180	1.16023
91	3	0.736714
91	14	1.19722
91	22	0.785106
91	26	1.15772
91	31	1.14708
91	33	0.845008
91	57	1.25171
91	59	0.668252
91	67	1.21098
91	81	1.08666
91	96	1.11268
91	108	1.16297
91	117	1.18762
91	124	1.14049
91	126	1.18353
91	131	1.16133
91	150	0.719673
91	156	0.785958
91	163	0.698604
91	170	0.76545
92	3	0.720864
92	10	1.19788
92	18	1.11779
92	41	1.22033
92	46	0.751087
92	47	1.15529
92	66	1.18645
92	69	1.19195
92	72	1.18644
92	79	1.13568
92	81	0.854629
92	84	1.10517
92	86	1.16939
92	89	1.16939
92	132	1.16416
92	169	0.742241
92	170	0.7496
92	172	0.715179
92	175	0.748427
92	179	0.72315
93	1	1.23847
93	10	0.720969
93	22	0.718087
93	40	1.11832
93	48	1.19758
93	58	1.15345
93	74	1.19194
93	75	1.20583
93	83	1.26991
93	95	1.27408
93	106	1.30305
93	109	0.715809
93	123	1.20031
93	125	1.19379
93	158	0.717513
93	169	0.691072
93	173	0.684781
93	175	0.697258
93	176	0.687446
93	178	1.35328
93	180	0.675821
94	17	0.816521
94	49	0.773379
94	55	1.09177
94	61	0.830165
94	63	1.04617
94	78	1.12157
94	82	1.18437
94	96	1.08622
94	97	1.20634
94	105	1.16046
94	108	1.13651
94	117	1.16116
94	124	1.11403
94	131	1.13486
94	136	0.729204
94	149	1.09377
94	155	0.814762
94	160	1.16277
94	167	0.765575
94	173	0.79247
94	177	0.782785
95	16	0.737029
95	40	1.12075
95	46	0.706827
95	48	1.20001
95	54	0.646673
95	58	1.15587
95	74	1.19436
95	75	1.20826
95	83	1.27234
95	90	1.21421
95	93	1.27408
95	102	0.753245
95	106	1.30547
95	123	1.20274
95	125	1.19622
95	132	0.72426
95	150	0.659562
95	156	0.725848
95	167	0.664794
95	176	0.694355
95	178	1.3557
96	8	1.3884
96	17	0.803875
96	31	1.08672
96	50	0.800941
96	53	1.21429
96	57	1.19135
96	81	1.02631
96	91	1.11268
96	94	1.08622
96	108	1.10261
96	117	1.12726
96	119	0.816134
96	124	1.08013
96	126	1.12318
96	131	1.10097
96	144	0.792205
96	145	0.789001
96	149	1.05987
96	150	0.747698
96	169	0.786116
96	180	0.770865
97	22	1.17395
97	42	1.27493
97	55	1.178
97	63	1.1324
97	65	1.24996
97	73	1.25741
97	78	1.2078
97	82	1.2706
97	86	0.741253
97	94	1.20634
97	98	1.25288
97	105	1.24669
97	129	0.703814
97	155	0.732924
97	160	1.249
97	161	0.751284
97	163	0.657436
97	168	0.723312
97	178	0.591359
97	179	0.697832
97	180	0.701672
98	55	1.13832
98	56	1.13602
98	57	0.694832
98	63	1.09271
98	68	1.21091
98	97	1.25288
98	104	0.763821
98	105	1.207
98	120	0.76285
98	133	1.23601
98	134	1.19924
98	138	1.17423
98	141	1.21755
98	143	1.15853
98	147	0.754071
98	148	1.16741
98	151	0.758357
98	160	1.20932
98	169	0.761458
98	174	0.733575
98	177	0.745481
98	178	0.635893
99	14	0.711853
99	41	0.674138
99	103	1.20568
99	110	0.734725
99	119	0.737688
99	122	0.732651
99	131	0.714748
99	133	1.23229
99	134	1.19553
99	138	1.17051
99	140	0.761785
99	143	1.15482
99	148	1.16369
99	149	0.764563
99	166	0.7549
99	172	1.17974
99	173	1.1649
99	174	1.19647
99	175	1.17048
99	177	1.1922
99	179	1.18716
99	180	1.18716
100	16	0.780363
100	71	0.710075
100	85	1.14771
100	116	0.763604
100	122	1.20454
100	126	0.755792
100	127	1.15928
100	136	0.671757
100	140	1.18084
100	142	1.17216
100	149	1.1518
100	153	1.19142
100	158	1.18976
100	162	1.20454
100	166	1.16883
100	168	1.2107
100	169	0.741314
100	170	1.20135
100	171	1.21709
100	172	0.714252
100	173	0.735023
100	176	0.737689
101	6	1.07455
101	21	1.15805
101	32	1.2358
101	39	1.24214
101	51	1.15099
101	56	1.13702
101	57	0.656472
101	59	1.26924
101	81	0.835485
101	103	1.21039
101	123	0.77947
101	134	1.20024
101	138	1.17522
101	141	1.21855
101	143	1.15953
101	148	1.1684
101	151	0.719997
101	158	0.749539
101	169	0.723098
101	175	0.729283
101	179	0.704006
101	180	0.707847
102	8	1.35274
102	26	1.06169
102	40	0.897805
102	44	0.794585
102	53	1.17863
102	67	1.11496
102	95	0.753245
102	117	1.0916
102	124	1.04447
102	130	0.807169
102	131	1.0653
102	142	0.849624
102	158	0.829371
102	166	0.850159
102	168	0.809318
102	173	1.05252
102	174	1.08409
102	175	1.05809
102	176	1.06711
102	177	1.07982
102	179	1.07478
102	180	1.07478
103	32	1.23101
103	39	1.23735
103	48	0.738045
103	51	1.1462
103	56	1.13223
103	77	1.15364
103	88	1.18562
103	90	0.72727
103	99	1.20568
103	101	1.21039
103	134	1.19545
103	135	0.820358
103	137	0.712663
103	138	1.17043
103	141	1.21376
103	143	1.15474
103	148	1.16361
103	157	0.644821
103	162	0.752827
103	169	0.734861
103	171	0.730728
103	175	0.741046
104	12	0.701625
104	45	0.785436
104	50	1.19987
104	66	0.74484
104	68	0.768129
104	98	0.763821
104	112	1.17662
104	119	1.18891
104	135	1.15138
104	140	1.17751
104	142	1.16884
104	150	0.71161
104	152	0.694957
104	158	1.18643
104	160	1.21748
104	161	1.16087
104	162	1.20122
104	163	0.690541
104	166	1.1655
104	168	1.20737
104	170	1.19803
104	176	0.746403
105	22	1.12807
105	33	0.82591
105	42	1.22905
105	55	1.13212
105	63	1.08652
105	65	1.20408
105	68	1.20472
105	73	1.21153
105	78	1.16192
105	82	1.22472
105	94	1.16046
105	97	1.24669
105	98	1.207
105	115	0.775916
105	118	0.725474
105	136	0.669435
105	144	0.745081
105	156	0.766859
105	157	0.648953
105	160	1.20312
105	171	0.73486
105	179	0.719901
106	1	1.26986
106	9	1.132
106	21	0.701443
106	30	0.716579
106	40	1.14971
106	48	1.22897
106	51	0.792452
106	58	1.18484
106	74	1.22333
106	77	1.21805
106	90	1.24317
106	93	1.30305
106	95	1.30547
106	116	0.7016
106	120	0.680702
106	123	1.2317
106	125	1.22518
106	153	0.687993
106	163	0.619823
106	169	0.67931
106	171	0.675178
106	174	0.651427
106	178	1.38467
107	7	0.66647
107	13	0.860405
107	31	0.738812
107	133	1.28751
107	134	1.25075
107	138	1.22573
107	141	1.26906
107	143	1.21004
107	144	0.688357
107	145	0.685153
107	148	1.21891
107	151	0.679167
107	153	1.23143
107	159	0.589687
107	161	1.2042
107	162	1.24455
107	166	1.20883
107	167	0.649081
107	168	1.25071
107	170	1.24136
107	171	1.2571
107	175	0.688454
107	177	0.666292
108	14	1.18715
108	26	1.14765
108	31	1.13701
108	36	1.20573
108	67	1.20091
108	81	1.0766
108	91	1.16297
108	94	1.13651
108	96	1.10261
108	117	1.17755
108	119	0.821045
108	124	1.13042
108	126	1.17347
108	131	1.15126
108	149	1.11016
108	152	0.735955
108	161	0.825387
108	164	0.649718
108	171	0.786894
108	172	0.763964
108	177	0.77505
108	179	0.771935
108	180	0.775775
109	41	0.73887
109	72	0.746483
109	75	0.794896
109	93	0.715809
109	130	0.776642
109	131	0.779481
109	134	0.764462
109	138	0.785835
109	159	1.20004
109	162	0.790369
109	163	1.17727
109	164	1.25604
109	165	1.15779
109	167	1.1384
109	169	1.12859
109	172	1.12784
109	173	1.113
109	174	1.14457
109	175	1.11858
109	176	1.12759
109	177	1.1403
109	179	1.13526
109	180	1.13526
110	44	1.16621
110	50	1.16601
110	55	0.835133
110	62	1.12219
110	70	0.864644
110	84	1.10138
110	86	0.79905
110	87	1.17369
110	90	0.76713
110	99	0.734725
110	121	1.15603
110	128	1.18703
110	135	1.11752
110	140	1.14365
110	141	0.771498
110	153	1.15423
110	161	1.12701
110	164	0.633412
110	166	1.13164
110	167	0.741534
110	168	1.17351
110	171	1.17991
110	179	0.755629
111	11	1.05063
111	17	0.784593
111	20	1.15888
111	25	1.13571
111	43	1.16743
111	45	1.16538
111	49	1.1576
111	70	1.07872
111	80	1.22324
111	113	0.813431
111	114	1.19912
111	118	1.16438
111	120	0.768226
111	130	1.14541
111	135	0.852331
111	151	1.16135
111	154	1.17186
111	156	1.12009
111	157	0.676794
111	174	0.738951
111	175	0.773019
111	179	0.747742
111	180	0.751583
112	38	1.20589
112	59	0.710927
112	104	1.17662
112	128	1.16798
112	140	1.1246
112	142	1.11593
112	145	0.803651
112	147	0.793379
112	153	1.13518
112	154	1.15836
112	155	1.14896
112	158	1.13352
112	160	1.16457
112	161	1.10796
112	164	0.659457
112	168	1.15446
112	170	1.14512
112	171	1.16086
112	172	0.773703
112	173	0.794474
112	175	0.806951
112	177	0.784789
112	180	0.785515
113	24	1.13988
113	49	0.76888
113	65	0.771069
113	73	0.789831
113	84	1.10094
113	111	0.813431
113	127	1.12166
113	130	1.15052
113	134	0.786322
113	140	1.14321
113	144	0.800351
113	152	0.739192
113	155	1.16757
113	158	1.15213
113	160	1.18318
113	161	1.12657
113	162	1.16692
113	166	1.1312
113	168	1.17307
113	170	1.16373
113	171	1.17947
113	172	0.7672
113	178	0.668698
114	25	1.18414
114	43	1.21586
114	49	1.20602
114	59	0.65455
114	111	1.19912
114	115	0.781312
114	144	0.750477
114	151	1.20977
114	154	1.22028
114	156	1.16851
114	158	1.19544
114	159	0.651807
114	161	1.16987
114	162	1.21022
114	166	1.17451
114	167	0.711201
114	168	1.21638
114	169	0.744388
114	170	1.20703
114	171	1.22277
114	174	0.716505
114	175	0.750574
114	179	0.725297
114	180	0.729137
115	24	0.831567
115	54	0.733281
115	55	0.845001
115	87	0.787068
115	105	0.775916
115	114	0.781312
115	138	0.798021
115	142	0.831283
115	157	1.15892
115	158	0.81103
115	159	1.16726
115	163	1.14449
115	164	1.22326
115	165	1.125
115	167	1.10561
115	169	1.0958
115	172	1.09506
115	173	1.08022
115	174	1.11179
115	175	1.0858
115	176	1.09481
115	177	1.10752
115	179	1.10248
115	180	1.10248
116	6	0.921341
116	66	0.764766
116	67	1.1698
116	81	1.04548
116	100	0.763604
116	106	0.7016
116	117	1.14644
116	123	0.826327
116	124	1.09931
116	126	1.14235
116	131	1.12014
116	135	0.855452
116	149	1.07905
116	166	0.817185
116	169	1.12294
116	170	0.777314
116	171	0.765823
116	173	1.10736
116	174	1.13893
116	175	1.11294
116	176	1.12195
116	177	1.13466
116	179	1.12962
116	180	1.12962
117	8	1.46335
117	10	0.775
117	23	0.721587
117	35	0.676652
117	46	0.753949
117	53	1.28924
117	57	1.26629
117	67	1.22557
117	91	1.18762
117	94	1.16116
117	96	1.12726
117	102	1.0916
117	108	1.17755
117	116	1.14644
117	124	1.15508
117	126	1.19812
117	131	1.17591
117	146	0.723958
117	149	1.13482
117	150	0.706685
117	159	0.652523
117	167	0.711917
117	169	0.745103
117	171	0.740971
118	4	0.694431
118	6	0.885533
118	43	1.18112
118	55	0.794559
118	57	0.667521
118	64	0.722044
118	70	1.09241
118	80	1.23693
118	105	0.725474
118	111	1.16438
118	125	0.784429
118	126	0.748625
118	130	1.15909
118	151	1.17504
118	153	0.742829
118	156	1.13377
118	167	1.17645
118	171	0.730015
118	172	1.16589
118	173	1.15106
118	174	1.18263
118	175	1.15664
118	177	1.17836
118	179	1.17332
118	180	1.17332
119	7	0.761886
119	54	1.24768
119	64	1.20561
119	96	0.816134
119	99	0.737688
119	104	1.18891
119	108	0.821045
119	121	1.14927
119	122	1.16059
119	128	1.18027
119	129	1.17136
119	153	1.14748
119	158	1.14581
119	159	0.685103
119	161	1.12025
119	162	1.1606
119	163	0.718197
119	166	1.12488
119	168	1.16676
119	170	1.15741
119	171	1.17315
119	173	0.771393
119	175	0.78387
119	178	0.652119
119	180	0.762433
120	47	0.75674
120	66	0.743869
120	82	0.675434
120	98	0.76285
120	106	0.680702
120	111	0.768226
120	123	0.805429
120	124	0.80874
120	133	0.729682
120	138	0.762489
120	155	1.17407
120	160	1.18969
120	161	1.13307
120	166	1.1377
120	168	1.17958
120	170	1.17023
120	171	1.18597
120	172	1.16383
120	173	1.14899
120	174	1.18056
120	175	1.15457
120	176	1.16358
120	177	1.17629
120	179	1.17125
120	180	1.17125
121	34	1.40508
121	44	1.16043
121	58	0.847256
121	72	0.766451
121	82	0.718747
121	110	1.15603
121	119	1.14927
121	136	0.722813
121	142	1.1292
121	149	1.10884
121	153	1.14845
121	154	1.17163
121	155	1.16222
121	159	0.69979
121	161	1.12123
121	162	1.16157
121	166	1.12586
121	167	0.759184
121	168	1.16773
121	170	1.15839
121	171	1.17412
121	172	0.765308
121	176	0.788745
121	177	0.776394
121	178	0.666806
122	4	1.21232
122	23	0.74913
122	29	0.776209
122	88	0.758386
122	90	0.765057
122	99	0.732651
122	100	1.20454
122	119	1.16059
122	127	1.12764
122	139	1.16188
122	140	1.14919
122	145	0.775532
122	146	0.751502
122	153	1.15977
122	158	1.15811
122	159	0.680066
122	160	1.18916
122	161	1.13255
122	162	1.1729
122	165	0.74175
122	166	1.13718
122	168	1.17905
122	170	1.16971
122	171	1.18545
122	175	0.778833
123	1	1.16712
123	2	1.03699
123	9	1.02927
123	18	1.09758
123	29	1.12092
123	39	0.779137
123	40	1.04698
123	48	1.12624
123	58	1.0821
123	74	1.12059
123	75	1.13449
123	83	1.19857
123	93	1.20031
123	95	1.20274
123	101	0.77947
123	106	1.2317
123	116	0.826327
123	120	0.805429
123	125	1.12245
123	137	0.78184
123	164	0.662729
123	168	0.810426
123	177	0.788061
123	178	1.28193
123	179	0.784946
123	180	0.788786
124	14	1.16468
124	19	0.800272
124	31	1.11454
124	36	1.18326
124	53	1.24211
124	57	1.21916
124	67	1.17844
124	75	0.82984
124	81	1.05412
124	88	0.793086
124	91	1.14049
124	94	1.11403
124	96	1.08013
124	102	1.04447
124	108	1.13042
124	116	1.09931
124	117	1.15508
124	120	0.80874
124	126	1.15099
124	131	1.12878
124	136	0.73779
124	163	0.74786
124	171	0.803215
124	175	0.813533
124	177	0.791371
124	178	0.681783
125	1	1.1606
125	9	1.02274
125	18	1.09106
125	23	0.774431
125	40	1.04045
125	48	1.11971
125	58	1.07558
125	74	1.11407
125	75	1.12797
125	77	1.1088
125	83	1.19205
125	85	0.879142
125	90	1.13391
125	93	1.19379
125	95	1.19622
125	106	1.22518
125	118	0.784429
125	123	1.12245
125	156	0.825814
125	157	0.707908
125	162	0.815914
125	164	0.656639
125	167	0.764761
125	170	0.805306
125	173	0.791656
125	178	1.27541
126	14	1.20772
126	15	0.723129
126	18	0.834352
126	26	1.16822
126	31	1.15758
126	36	1.2263
126	53	1.28515
126	57	1.26221
126	67	1.22148
126	81	1.09716
126	91	1.18353
126	96	1.12318
126	100	0.755792
126	108	1.17347
126	116	1.14235
126	117	1.19812
126	118	0.748625
126	124	1.15099
126	131	1.17182
126	136	0.692586
126	146	0.740998
126	149	1.13073
126	152	0.707072
126	162	0.78011
126	167	0.728957
126	171	0.758011
126	178	0.636579
127	24	1.10061
127	59	0.771894
127	60	0.769775
127	62	1.08248
127	67	0.835756
127	78	0.843361
127	82	0.788109
127	85	1.07082
127	100	1.15928
127	113	1.12166
127	122	1.12764
127	135	1.07781
127	140	1.10394
127	142	1.09527
127	149	1.07491
127	155	1.1283
127	160	1.14391
127	161	1.0873
127	162	1.12765
127	164	0.720424
127	168	1.1338
127	170	1.12446
127	171	1.1402
127	173	0.855441
127	174	0.83385
127	179	0.842641
127	180	0.846482
128	36	0.714944
128	38	1.25016
128	52	0.790442
128	67	0.721842
128	110	1.18703
128	112	1.16798
128	119	1.18027
128	129	1.20334
128	131	0.754897
128	134	0.739878
128	135	1.14274
128	139	1.18156
128	140	1.16887
128	148	0.801696
128	149	1.13984
128	151	0.744718
128	153	1.17945
128	155	1.19323
128	159	0.655238
128	161	1.15223
128	162	1.19258
128	166	1.15686
128	168	1.19873
128	171	1.20513
128	172	0.720756
128	177	0.731842
128	179	0.728727
129	2	0.918289
129	42	0.715294
129	45	0.769963
129	54	1.27075
129	85	1.12684
129	87	1.19
129	97	0.703814
129	119	1.17136
129	128	1.20334
129	139	1.17264
129	144	0.740644
129	152	0.679484
129	153	1.17054
129	155	1.18431
129	158	1.16888
129	160	1.19993
129	161	1.14332
129	162	1.18366
129	165	0.703659
129	166	1.14795
129	167	0.701369
129	168	1.18982
129	170	1.18048
129	171	1.19622
129	172	0.707493
129	175	0.740741
129	176	0.73093
130	5	1.19283
130	12	0.703502
130	24	1.12947
130	25	1.13042
130	30	0.789174
130	43	1.16214
130	45	1.16009
130	63	0.886187
130	71	0.720666
130	80	1.21795
130	88	0.737644
130	102	0.807169
130	109	0.776642
130	111	1.14541
130	113	1.15052
130	118	1.15909
130	135	1.10667
130	148	0.805782
130	153	1.14339
130	154	1.16657
130	156	1.1148
130	158	1.14173
130	162	1.15651
130	163	0.692418
130	169	0.751905
130	170	1.15332
130	171	1.16906
130	179	0.732813
131	8	1.43705
131	14	1.18551
131	26	1.14601
131	31	1.13537
131	50	0.769568
131	53	1.26294
131	57	1.24
131	67	1.19927
131	81	1.07495
131	90	0.747153
131	91	1.16133
131	94	1.13486
131	96	1.10097
131	99	0.714748
131	102	1.0653
131	108	1.15126
131	109	0.779481
131	116	1.12014
131	117	1.17591
131	124	1.12878
131	126	1.17182
131	128	0.754897
131	137	0.732546
131	139	0.803299
131	146	0.733598
131	149	1.10852
131	160	0.763809
131	172	0.727681
131	177	0.738767
131	180	0.739493
132	8	0.622415
132	10	1.19265
132	34	0.596052
132	37	0.737812
132	41	1.2151
132	44	0.7656
132	59	0.684106
132	62	0.879435
132	66	1.18122
132	69	1.18672
132	72	1.18122
132	74	0.779311
132	84	1.09995
132	86	1.16417
132	89	1.16416
132	92	1.16416
132	95	0.72426
132	142	0.820638
132	160	0.78301
132	161	0.808305
132	162	0.791911
132	165	1.18627
132	167	1.16689
132	169	1.15707
132	173	1.14149
132	175	1.14707
132	176	1.15608
132	177	1.16879
132	179	1.16375
132	180	1.16375
133	6	1.09638
133	17	1.18628
133	21	1.17987
133	32	1.25762
133	39	1.26396
133	46	0.737136
133	51	1.17281
133	56	1.15884
133	71	0.697051
133	74	0.733656
133	76	0.721669
133	79	1.1804
133	88	1.21223
133	98	1.23601
133	99	1.23229
133	107	1.28751
133	120	0.729682
133	134	1.22206
133	138	1.19704
133	139	1.20484
133	141	1.24037
133	143	1.18135
133	147	0.720903
133	148	1.19023
133	153	0.736972
133	154	0.764903
133	172	0.701227
133	174	0.700407
133	175	0.734476
133	176	0.724664
133	178	0.602725
134	6	1.05961
134	21	1.14311
134	26	0.798695
134	32	1.22086
134	39	1.22719
134	51	1.13604
134	56	1.12207
134	59	1.2543
134	79	1.14363
134	98	1.19924
134	99	1.19553
134	101	1.20024
134	103	1.19545
134	107	1.25075
134	109	0.764462
134	113	0.786322
134	128	0.739878
134	133	1.22206
134	138	1.16028
134	139	1.16808
134	141	1.20361
134	143	1.14458
134	146	0.718579
134	148	1.15346
134	152	0.684654
134	156	0.767592
134	161	0.774085
134	168	0.746113
134	173	0.733433
134	175	0.745911
134	176	0.736099
134	178	0.61416
135	54	1.21015
135	60	0.741205
135	62	1.07789
135	64	1.16807
135	85	1.06624
135	103	0.820358
135	104	1.15138
135	110	1.11752
135	111	0.852331
135	116	0.855452
135	127	1.07781
135	128	1.14274
135	130	1.10667
135	139	1.11204
135	140	1.09936
135	153	1.10994
135	154	1.13312
135	155	1.12371
135	156	0.861029
135	157	0.743123
135	158	1.10828
135	159	0.740582
135	162	1.12306
135	165	0.802266
135	166	1.08735
135	168	1.12922
135	169	0.833163
135	170	1.11988
135	171	1.13561
135	175	0.839348
135	177	0.817186
135	178	0.707598
136	18	0.750316
136	38	0.692848
136	75	0.700601
136	81	0.790495
136	94	0.729204
136	100	0.671757
136	105	0.669435
136	121	0.722813
136	124	0.73779
136	126	0.692586
136	140	0.732223
136	148	0.731985
136	150	1.18526
136	152	1.21708
136	157	1.23779
136	159	1.24613
136	163	1.22336
136	164	1.30213
136	165	1.20387
136	167	1.18448
136	169	1.17467
136	171	0.673976
136	172	1.17393
136	173	1.15909
136	174	1.19066
136	175	1.16467
136	176	1.17368
136	177	1.18639
136	178	1.31452
136	179	1.18135
136	180	1.18135
137	2	0.909202
137	5	0.73284
137	17	0.743227
137	62	0.830959
137	64	0.713365
137	73	0.721036
137	103	0.712663
137	123	0.78184
137	131	0.732546
137	138	0.7389
137	142	0.772162
137	145	1.11596
137	147	1.11596
137	150	1.13904
137	152	1.17086
137	154	0.762081
137	155	0.741469
137	157	1.19157
137	159	1.1999
137	163	1.17713
137	164	1.25591
137	165	1.15765
137	167	1.13826
137	169	1.12845
137	172	1.1277
137	173	1.11286
137	174	1.14444
137	175	1.11844
137	176	1.12746
137	177	1.14016
137	178	1.26829
137	179	1.13513
137	180	1.13512
138	6	1.03459
138	21	1.11809
138	32	1.19584
138	39	1.20217
138	51	1.11102
138	56	1.09706
138	59	1.22928
138	77	1.11847
138	88	1.15045
138	98	1.17423
138	99	1.17051
138	101	1.17522
138	103	1.17043
138	107	1.22573
138	109	0.785835
138	115	0.798021
138	120	0.762489
138	133	1.19704
138	134	1.16028
138	137	0.7389
138	139	1.14306
138	141	1.17859
138	143	1.11957
138	148	1.12844
138	151	0.757997
138	161	0.795458
138	162	0.779064
138	163	0.70161
138	168	0.767486
138	169	0.761097
138	175	0.767283
138	177	0.745121
138	180	0.745846
139	21	1.12589
139	51	1.11882
139	53	0.749935
139	56	1.10486
139	59	1.23708
139	69	0.823828
139	74	0.801587
139	122	1.16188
139	128	1.18156
139	129	1.17264
139	131	0.803299
139	133	1.20484
139	134	1.16808
139	135	1.11204
139	138	1.14306
139	141	1.18639
139	142	1.1295
139	143	1.12737
139	145	0.799106
139	148	1.13624
139	150	0.757803
139	155	1.16253
139	157	0.706181
139	159	0.70364
139	166	1.12617
139	167	0.763034
139	168	1.16804
139	170	1.15869
139	171	1.17443
139	172	0.769158
139	173	0.78993
139	178	0.670656
139	179	0.777129
140	32	0.724117
140	34	1.39271
140	52	0.844404
140	64	1.19421
140	99	0.761785
140	100	1.18084
140	104	1.17751
140	110	1.14365
140	112	1.1246
140	113	1.14321
140	122	1.14919
140	127	1.10394
140	128	1.16887
140	135	1.09936
140	136	0.732223
140	142	1.11682
140	151	0.79868
140	153	1.13608
140	157	0.711741
140	158	1.13441
140	159	0.7092
140	161	1.10885
140	162	1.1492
140	166	1.11348
