1	67	0.980177
1	74	0.966707
1	81	0.970105
1	92	1.02826
1	141	1.04855
1	157	1.02826
1	158	1.02086
1	168	1.03242
1	169	1.0181
1	172	1.02457
1	177	0.945757
1	180	0.943472
2	24	0.978537
2	57	1.02043
2	59	0.987025
2	136	1.01597
2	137	1.02897
2	138	1.02553
2	162	1.02436
2	171	1.03766
2	173	1.04048
2	176	0.902305
2	178	0.922469
2	179	1.02835
3	6	0.896626
3	60	1.11057
3	102	1.04087
3	156	0.950738
3	164	0.900321
3	173	0.934598
3	174	1.01804
3	175	1.03614
3	176	1.02804
3	177	1.02879
3	178	1.02381
3	180	1.02674
4	30	0.894754
4	55	0.88694
4	78	1.00887
4	123	0.99987
4	124	0.985412
4	135	1.03827
4	157	1.02412
4	167	1.03206
4	177	1.03212
4	178	1.02713
4	179	1.01756
4	180	1.03007
5	34	1.09187
5	70	0.854426
5	100	0.923294
5	116	0.977726
5	119	0.931283
5	150	1.02146
5	165	1.03411
5	168	1.03045
5	177	1.0343
5	178	1.02931
5	179	1.01974
5	180	1.03225
6	3	0.896626
6	20	1.01264
6	83	1.031
6	91	0.970147
6	105	0.979319
6	115	1.04642
6	126	0.975822
6	127	1.03152
6	157	0.934224
6	171	1.0453
6	173	1.04812
6	179	1.03599
7	49	0.913626
7	63	1.18013
7	64	1.21161
7	92	1.1595
7	130	0.873968
7	150	0.89159
7	168	1.24629
7	175	0.911774
7	176	0.90367
7	177	0.904426
7	178	0.899443
7	180	0.902377
8	62	1.15636
8	138	1.22656
8	142	1.2129
8	143	0.903518
8	151	0.894561
8	155	0.909228
8	158	0.893309
8	165	0.908527
8	168	0.90487
8	169	0.890551
8	171	1.20548
8	172	0.897022
9	29	1.0593
9	96	1.06359
9	115	1.01603
9	122	1.01027
9	149	0.968471
9	154	1.01367
9	155	0.966959
9	156	1.02371
9	168	0.937424
9	170	0.921213
9	173	1.01773
9	179	1.0056
10	42	0.984733
10	66	1.00771
10	71	1.01903
10	89	0.951041
10	103	1.06709
10	108	1.01569
10	114	1.03252
10	123	1.02947
10	124	1.02944
10	167	0.9431
10	177	0.964539
10	180	0.962254
11	43	0.969294
11	93	0.980204
11	139	0.924641
11	141	0.941656
11	144	0.981315
11	159	1.03769
11	163	1.01906
11	175	1.03662
11	176	1.02852
11	177	1.02927
11	178	1.02429
11	180	1.02723
12	23	0.972436
12	97	0.97675
12	104	1.03784
12	115	0.936681
12	127	0.967075
12	162	0.938932
12	163	1.02187
12	174	1.02133
12	176	1.03133
12	177	1.03208
12	178	1.0271
12	180	1.03003
13	103	0.929751
13	113	0.899929
13	116	0.896136
13	120	1.21826
13	123	0.892129
13	124	0.892097
13	132	1.235
13	153	1.14287
13	172	1.20297
13	174	0.89313
13	178	0.898894
13	180	0.901829
14	36	0.900577
14	49	0.978663
14	62	0.911364
14	91	1.00998
14	141	1.04735
14	143	1.02987
14	151	1.02091
14	155	1.03558
14	157	1.02706
14	162	1.00569
14	169	1.0169
14	172	1.02337
15	19	0.990067
15	30	1.06864
15	65	0.954084
15	95	0.90193
15	100	1.06453
15	119	1.0543
15	125	1.00683
15	126	1.00946
15	127	1.00047
15	128	1.00626
15	140	1.00548
15	168	0.937373
16	48	1.1926
16	50	1.21599
16	84	0.940702
16	92	1.13762
16	95	0.945949
16	99	0.857065
16	103	0.923805
16	108	0.872402
16	114	0.889241
16	123	0.886184
16	124	0.886152
16	136	1.25853
17	56	0.940794
17	85	1.13606
17	115	1.06196
17	117	0.963064
17	129	0.952045
17	130	0.955802
17	144	1.03974
17	170	1.01305
17	175	0.993607
17	176	0.985503
17	177	0.98626
17	178	0.981276
17	180	0.984211
18	38	0.974962
18	88	1.00806
18	89	1.04554
18	98	0.94148
18	128	1.10605
18	142	0.975737
18	157	1.04048
18	159	0.98327
18	171	1.02691
18	176	0.974095
18	177	0.974852
18	178	0.969868
18	180	0.972803
19	15	0.990067
19	48	0.96924
19	86	1.09152
19	107	1.0431
19	111	1.00703
19	131	1.07831
19	140	0.96349
19	151	0.966234
19	165	0.980199
19	166	0.951554
19	168	0.976543
19	177	1.02294
19	179	0.965824
20	6	1.01264
20	55	0.964201
20	90	1.06447
20	112	1.00613
20	121	0.987646
20	127	0.955755
20	129	1.1069
20	145	0.948878
20	147	1.0006
20	151	1.0492
20	156	0.978332
20	162	0.956234
20	179	0.960225
21	76	1.05121
21	93	1.02837
21	138	1.02982
21	155	0.971139
21	157	0.962624
21	158	0.95522
21	162	1.05395
21	166	1.0719
21	168	0.966781
21	169	0.952461
21	170	0.983219
21	172	0.958933
21	173	1.01141
22	78	1.08627
22	95	1.17562
22	99	1.08674
22	108	1.10207
22	110	0.79521
22	114	1.11891
22	123	1.11586
22	124	1.11582
22	130	0.965026
22	136	0.880473
22	150	0.887727
22	167	0.846798
22	173	0.838777
23	12	0.972436
23	36	1.04461
23	54	1.15843
23	68	0.949159
23	101	1.017
23	104	1.02268
23	127	0.963041
23	137	0.968128
23	148	1.0383
23	154	0.97558
23	166	0.953242
23	173	0.979636
23	179	0.967512
24	2	0.978537
24	47	0.976215
24	87	1.03396
24	94	0.950039
24	131	0.949951
24	138	1.07848
24	164	1.0258
24	175	0.992354
24	176	0.98425
24	177	0.985006
24	178	0.980023
24	179	1.07981
24	180	0.982958
25	101	1.01717
25	133	0.980605
25	143	0.976922
25	148	1.03847
25	155	0.982633
25	158	0.966714
25	165	0.981931
25	168	0.978275
25	169	0.963955
25	171	1.03483
25	172	0.970426
25	175	1.05043
25	180	1.06468
26	32	0.97196
26	82	1.13335
26	129	0.943571
26	148	0.983819
26	151	1.0345
26	156	1.0286
26	159	0.986204
26	175	0.985133
26	176	0.977029
26	177	0.977786
26	178	0.972802
26	179	1.0322
26	180	0.975737
27	87	0.914885
27	94	1.02081
27	96	0.880092
27	108	0.98577
27	147	0.912408
27	148	1.06181
27	149	1.03934
27	152	0.935757
27	159	1.0642
27	176	1.05502
27	177	1.05578
27	178	1.0508
27	179	0.960736
27	180	1.05373
28	122	0.996927
28	137	0.963545
28	140	0.93887
28	144	0.916287
28	146	1.07988
28	148	1.06215
28	166	0.958712
28	171	0.895544
28	174	1.04537
28	176	1.05536
28	177	1.05612
28	178	1.05114
28	179	0.917959
28	180	1.05407
29	9	1.0593
29	38	1.09705
29	59	1.0001
29	90	0.930138
29	138	1.03445
29	148	0.893804
29	149	0.93146
29	154	1.04534
29	161	1.04461
29	162	1.03328
29	173	1.0494
29	178	0.935543
29	179	1.03727
29	180	0.920008
30	4	0.894754
30	15	1.06864
30	34	0.971277
30	72	1.02414
30	100	1.10111
30	119	1.09089
30	125	1.04342
30	140	1.04207
30	150	0.955092
30	155	0.943258
30	164	1.05855
30	166	0.966634
30	167	0.914163
30	177	0.935603
31	72	0.897005
31	100	0.973975
31	112	0.9613
31	119	0.963751
31	125	0.916285
31	126	0.918915
31	140	0.914932
31	144	0.921417
31	150	1.14603
31	158	1.12382
31	164	0.931414
31	167	1.1051
31	176	1.11962
31	179	1.11682
32	26	0.97196
32	33	0.875991
32	64	0.893684
32	67	1.03826
32	103	0.91954
32	105	0.999961
32	107	0.970412
32	110	1.13846
32	120	1.02668
32	128	1.02892
32	137	1.05725
32	138	1.05381
32	174	0.9689
32	179	1.05663
33	32	0.875991
33	72	1.00918
33	75	1.10843
33	112	1.07347
33	119	1.07592
33	125	1.02846
33	127	0.987172
33	140	1.0271
33	144	1.03359
33	160	0.931189
33	164	1.04359
33	165	0.936861
33	167	0.924515
33	169	0.94823
34	5	1.09187
34	30	0.971277
34	72	0.890189
34	83	1.19402
34	97	0.890109
34	100	0.967159
34	111	0.951653
34	112	0.954484
34	119	0.956935
34	125	0.909469
34	140	0.908116
34	146	1.08051
34	174	1.13445
34	176	1.10889
35	40	1.1296
35	58	1.0284
35	118	1.17054
35	130	0.910759
35	131	0.906161
35	159	0.949635
35	164	1.09992
35	169	1.16593
35	174	0.930469
35	175	0.948564
35	176	0.94046
35	177	0.941216
35	178	0.936233
35	180	0.939168
36	14	0.900577
36	23	1.04461
36	79	1.03478
36	85	1.00417
36	127	1.0562
36	130	1.02496
36	152	1.05344
36	155	0.935829
36	167	1.07517
36	170	0.890083
36	171	1.06998
36	172	0.926373
36	177	0.928173
36	179	1.06067
37	105	1.0204
37	112	0.865778
37	113	1.05174
37	116	1.04794
37	123	0.936783
37	137	0.952144
37	138	0.905227
37	141	1.06797
37	163	1.04547
37	169	1.03753
37	172	1.044
37	176	1.05493
37	179	0.906558
37	180	1.05364
38	18	0.974962
38	29	1.09705
38	61	0.926423
38	102	0.913503
38	120	1.0134
38	151	0.928709
38	152	1.03613
38	153	1.07587
38	161	1.05068
38	165	0.92704
38	166	1.02908
38	172	0.934334
38	173	1.05548
38	179	1.04335
39	46	0.995925
39	50	0.974312
39	55	1.05485
39	58	1.05733
39	63	1.00316
39	74	0.970293
39	86	0.927094
39	97	1.05551
39	104	1.00497
39	113	0.995261
39	116	0.991468
39	146	0.96933
39	168	0.982742
39	174	1.02327
39	180	1.00234
40	35	1.1296
40	58	1.05411
40	70	1.06705
40	74	0.967076
40	75	0.888078
40	97	0.961092
40	98	1.05869
40	114	0.976709
40	133	0.994482
40	142	0.961446
40	161	0.988765
40	169	0.977832
40	170	1.00859
40	179	0.981433
40	180	0.983879
41	45	0.994323
41	47	1.0137
41	49	1.00817
41	115	1.00803
41	118	0.974448
41	120	0.96765
41	139	0.95406
41	147	1.03798
41	161	1.00493
41	162	0.993609
41	171	1.00691
41	173	1.00972
41	176	1.01521
41	177	1.02213
41	179	0.9976
42	10	0.984733
42	46	0.988688
42	51	0.982464
42	55	1.04761
42	58	1.05009
42	63	0.995926
42	70	1.06303
42	74	0.963056
42	86	0.919858
42	110	0.967381
42	113	0.988024
42	116	0.984231
42	146	1.00512
42	175	1.02388
42	180	1.03812
43	11	0.969294
43	64	1.01877
43	78	1.02631
43	87	1.03082
43	116	0.978243
43	120	1.01029
43	132	0.9548
43	141	1.01578
43	151	0.989341
43	157	0.995493
43	158	0.988089
43	163	1.00034
43	170	1.01609
43	172	0.991802
43	178	1.01005
44	65	0.997442
44	67	0.986817
44	82	0.957275
44	120	0.975244
44	121	1.03261
44	135	1.0259
44	149	1.01178
44	152	0.99797
44	158	0.999889
44	162	1.0012
44	163	1.00615
44	173	1.01732
44	176	0.995697
44	179	1.00519
44	180	1.00033
45	41	0.994323
45	47	0.983981
45	72	1.03326
45	132	0.956863
45	139	1.04744
45	143	1.00036
45	158	0.990152
45	159	0.978056
45	162	1.00549
45	165	1.00537
45	168	1.00171
45	169	0.987393
45	170	1.01815
45	172	0.993864
45	178	1.00566
46	39	0.995925
46	42	0.988688
46	63	1.01336
46	70	1.08047
46	74	0.980492
46	86	0.937294
46	113	1.00546
46	116	1.00167
46	121	0.991194
46	126	0.996498
46	148	0.985191
46	171	0.981544
46	176	1.00677
46	177	1.01368
46	178	1.02693
47	24	0.976215
47	41	1.0137
47	45	0.983981
47	99	1.04932
47	138	1.00073
47	139	0.943718
47	148	1.00993
47	151	1.00436
47	167	1.00385
47	174	0.993153
47	175	1.01125
47	176	1.00314
47	177	1.0039
47	178	0.998918
47	180	1.00185
48	16	1.1926
48	19	0.96924
48	97	1.01741
48	148	1.00712
48	159	1.00951
48	163	0.990876
48	164	0.90278
48	165	0.957423
48	174	0.990343
48	175	1.00844
48	176	1.00033
48	177	1.00109
48	178	0.996107
48	179	0.956796
48	180	0.999042
49	7	0.913626
49	14	0.978663
49	41	1.00817
49	122	0.9627
49	142	1.02278
49	144	0.994866
49	145	1.01398
49	163	1.01168
49	172	1.00446
49	174	1.01114
49	176	1.02114
49	177	1.02189
49	178	1.01691
49	179	0.996538
49	180	1.01984
50	16	1.21599
50	39	0.974312
50	62	1.01104
50	111	0.926567
50	142	0.997812
50	148	1.00296
50	153	0.928001
50	159	1.00534
50	164	0.926169
50	166	1.02094
50	175	1.00427
50	176	0.99617
50	177	0.996927
50	178	0.991943
50	180	0.994878
51	42	0.982464
51	57	1.07348
51	130	1.05906
51	133	1.0044
51	134	0.969787
51	139	1.04779
51	151	0.991758
51	157	0.99791
51	165	1.00572
51	168	1.00207
51	169	0.987748
51	172	0.994219
51	177	0.962271
51	178	0.975522
51	180	0.959986
52	83	1.06356
52	106	1.0294
52	124	0.991386
52	126	1.00838
52	127	0.992917
52	137	0.998004
52	144	1.00154
52	145	0.98604
52	149	0.994506
52	161	1.00472
52	165	0.976246
52	166	0.983118
52	171	1.0067
52	175	0.968809
52	179	0.997388
53	70	0.80562
53	71	0.950606
53	84	0.882943
53	100	0.874488
53	114	0.938023
53	124	0.953524
53	125	0.964821
53	143	1.06829
53	151	1.05934
53	157	1.06549
53	161	1.06626
53	173	1.07105
53	177	1.07349
53	178	1.0685
53	179	1.05893
53	180	1.07144
54	23	1.15843
54	70	0.969994
54	101	0.983197
54	106	1.06007
54	123	0.950209
54	124	0.950177
54	147	1.0538
54	153	1.04995
54	157	0.953959
54	160	0.967135
54	165	0.961773
54	168	0.958116
54	176	0.961201
54	178	0.956974
54	179	1.10213
54	180	0.959909
55	4	0.88694
55	20	0.964201
55	39	1.05485
55	42	1.04761
55	58	1.12645
55	63	1.07228
55	70	1.13939
55	74	1.03941
55	86	0.996214
55	87	0.872217
55	113	1.06438
55	116	1.06059
55	163	0.931329
55	167	0.906349
55	172	0.925989
55	176	0.920875
56	17	0.940794
56	64	0.853304
56	65	0.904703
56	68	1.04654
56	130	1.00666
56	136	1.05251
56	144	1.06904
56	147	1.10527
56	162	1.0609
56	166	1.05062
56	171	1.0742
56	172	0.908071
56	173	1.07701
56	175	0.893341
56	176	0.902958
56	179	1.06489
57	2	1.02043
57	51	1.07348
57	94	0.935896
57	96	1.04106
57	107	0.954765
57	129	0.936649
57	152	1.09672
57	163	0.960649
57	164	1.06769
57	170	1.09333
57	174	0.960116
57	175	0.978212
57	176	0.970107
57	177	0.970864
57	178	0.96588
57	180	0.968815
58	35	1.0284
58	39	1.05733
58	40	1.05411
58	42	1.05009
58	55	1.12645
58	63	1.07477
58	70	1.14187
58	77	1.03243
58	85	0.969881
58	86	0.998698
58	116	1.06307
58	136	0.897197
58	145	0.892683
58	146	0.84967
58	162	0.898036
58	168	0.863081
59	2	0.987025
59	29	1.0001
59	94	0.936975
59	101	0.993182
59	107	0.955843
59	122	0.912749
59	136	1.11026
59	163	0.961727
59	166	1.12905
59	168	1.07614
59	172	1.09622
59	174	0.961194
59	176	0.971186
59	177	0.971942
59	178	0.966959
59	180	0.969893
60	3	1.11057
60	70	1.02487
60	122	1.21769
60	133	0.927569
60	139	0.970964
60	151	0.91493
60	154	1.13233
60	155	0.929598
60	157	0.921082
60	158	0.913679
60	165	0.928896
60	168	0.925239
60	169	0.91092
60	170	0.941678
60	172	0.917391
60	176	1.15981
60	179	1.15701
61	38	0.926423
61	62	1.04863
61	64	0.953936
61	96	0.920138
61	103	0.979792
61	122	0.975322
61	123	1.03101
61	129	1.0003
61	130	1.00406
61	134	1.03065
61	149	1.01808
61	164	0.946766
61	174	1.02377
61	176	1.03376
61	177	1.03451
61	178	1.02953
61	180	1.03247
62	8	1.15636
62	14	0.911364
62	50	1.01104
62	61	1.04863
62	67	0.973381
62	121	0.916473
62	131	0.991749
62	137	0.974825
62	149	1.01037
62	161	0.918985
62	163	1.01659
62	169	0.941236
62	174	1.01606
62	175	1.03415
62	177	1.0268
62	178	1.02182
62	180	1.02476
63	7	1.18013
63	39	1.00316
63	42	0.995926
63	46	1.01336
63	55	1.07228
63	58	1.07477
63	70	1.0877
63	73	0.979925
63	74	0.98773
63	86	0.944531
63	113	1.0127
63	116	1.0089
63	125	0.949511
63	134	0.952318
63	135	0.913334
63	146	0.896877
63	180	0.929883
64	7	1.21161
64	32	0.893684
64	43	1.01877
64	56	0.853304
64	61	0.953936
64	121	0.941161
64	128	1.01065
64	132	0.979285
64	155	1.02849
64	164	1.02756
64	165	1.02779
64	167	1.02792
64	168	1.02413
64	169	1.00982
64	170	1.04057
64	172	1.01629
64	173	0.934187
65	15	0.954084
65	44	0.997442
65	56	0.904703
65	101	1.04621
65	111	0.951708
65	127	1.05626
65	130	0.994516
65	149	1.00854
65	153	0.953142
65	163	1.01476
65	170	0.976956
65	174	1.01423
65	175	1.03232
65	176	1.02422
65	177	1.02497
65	178	1.01999
65	180	1.02293
66	10	1.00771
66	71	0.956997
66	84	1.02195
66	89	1.03131
66	95	1.0272
66	99	0.938317
66	103	1.00506
66	108	0.953654
66	114	0.970493
66	123	0.967436
66	124	0.967404
66	141	0.993757
66	158	1.04209
66	160	0.984362
66	162	1.05788
66	167	1.02337
66	171	1.01267
66	180	1.04252
67	1	0.980177
67	32	1.03826
67	44	0.986817
67	62	0.973381
67	68	0.946844
67	94	1.07317
67	106	0.997214
67	135	0.985905
67	138	0.962373
67	147	1.00557
67	148	1.02615
67	155	1.06229
67	156	0.983303
67	166	0.950927
67	172	1.05284
67	173	0.977321
67	175	1.0381
67	179	0.965197
68	23	0.949159
68	56	1.04654
68	67	0.946844
68	74	1.06908
68	101	0.998339
68	109	1.04699
68	117	1.0695
68	124	1.05418
68	135	0.985929
68	139	0.980064
68	141	0.997079
68	154	0.973289
68	156	0.983327
68	166	0.950951
68	171	0.974531
68	173	0.977345
68	175	1.0316
68	179	0.965221
69	70	0.901752
69	71	0.967338
69	80	1.04943
69	112	1.019
69	114	0.980833
69	123	0.977776
69	124	0.977744
69	125	0.973984
69	128	1.09061
69	136	1.05584
69	140	0.972631
69	148	1.01512
69	149	1.05278
69	158	0.974123
69	168	0.985684
69	169	0.971364
69	170	1.00212
69	177	1.04361
70	5	0.854426
70	40	1.06705
70	42	1.06303
70	46	1.08047
70	53	0.80562
70	54	0.969994
70	55	1.13939
70	58	1.14187
70	60	1.02487
70	63	1.0877
70	69	0.901752
70	74	1.05483
70	86	1.01164
70	113	1.0798
70	116	1.07601
70	127	0.919575
70	156	0.865037
70	168	0.856478
71	10	1.01903
71	53	0.950606
71	66	0.956997
71	69	0.967338
71	78	0.949176
71	91	1.04071
71	95	1.03852
71	99	0.949639
71	103	1.01638
71	108	0.964976
71	114	0.981814
71	123	0.978758
71	124	0.978725
71	130	1.12013
71	134	1.04349
71	167	1.0019
71	178	1.03659
71	180	1.02106
72	30	1.02414
72	31	0.897005
72	33	1.00918
72	34	0.890189
72	45	1.03326
72	75	1.0423
72	100	1.02002
72	109	0.950811
72	112	1.00735
72	119	1.0098
72	125	0.962331
72	140	0.960978
72	146	1.02577
72	150	1.08055
72	156	1.04774
72	164	0.977461
72	167	1.03962
72	173	1.0316
73	63	0.979925
73	83	0.934034
73	102	0.998956
73	112	1.01747
73	144	1.05658
73	149	0.970447
73	152	1.03327
73	157	1.04941
73	159	0.995301
73	160	0.992061
73	164	1.00423
73	168	1.04609
73	174	0.976135
73	175	0.994231
73	176	0.986127
73	177	0.986883
73	178	0.9819
73	180	0.984834
74	1	0.966707
74	39	0.970293
74	40	0.967076
74	42	0.963056
74	46	0.980492
74	55	1.03941
74	63	0.98773
74	68	1.06908
74	70	1.05483
74	86	0.911661
74	113	0.979828
74	116	0.976034
74	126	0.970866
74	135	1.02233
74	151	1.03374
74	160	1.0264
74	161	1.02119
74	174	1.05981
75	33	1.10843
75	40	0.888078
75	72	1.0423
75	76	0.818367
75	85	1.00606
75	89	1.06632
75	100	1.11927
75	111	1.10376
75	112	1.1066
75	119	1.10905
75	140	1.06023
75	146	0.886838
75	150	0.941618
75	155	0.929784
75	164	1.07671
75	175	0.905598
75	177	0.922129
75	180	0.919844
76	21	1.05121
76	75	0.818367
76	91	0.933816
76	132	1.04459
76	134	1.05716
76	135	0.897618
76	140	0.927642
76	157	1.08529
76	159	0.902098
76	160	1.09846
76	165	1.0931
76	167	1.09323
76	168	1.08944
76	170	1.10588
76	171	0.884316
76	172	1.08159
76	176	0.909539
76	178	0.929703
77	58	1.03243
77	99	1.0735
77	110	1.04158
77	113	0.970362
77	116	0.966569
77	126	0.9614
77	139	0.967897
77	143	1.02393
77	158	1.03324
77	165	1.02687
77	169	1.03824
77	171	0.969061
77	172	1.03416
77	175	0.981659
77	176	0.973554
77	177	0.974311
77	179	0.959751
77	180	0.972262
78	4	1.00887
78	22	1.08627
78	43	1.02631
78	71	0.949176
78	84	1.01413
78	94	1.06825
78	95	1.01938
78	99	0.930496
78	103	0.997236
78	108	0.945833
78	114	0.962672
78	123	0.959615
78	124	0.959583
78	152	1.01502
78	154	1.01533
78	160	0.976541
78	167	1.02828
78	176	1.04281
79	36	1.03478
79	108	1.03793
79	109	1.03946
79	110	1.03952
79	115	0.968112
79	128	0.929972
79	129	1.07289
79	137	0.958303
79	148	0.994126
79	153	0.990206
79	154	0.965755
79	155	1.03027
79	166	0.943417
79	167	0.972191
79	169	1.02489
79	177	1.02262
79	179	0.957686
79	180	1.02033
80	69	1.04943
80	88	1.01292
80	89	1.01254
80	101	1.00095
80	114	1.01658
80	117	0.956514
80	124	1.03208
80	137	1.0619
80	148	0.985742
80	159	0.988127
80	163	0.969495
80	169	1.02831
80	170	0.987944
80	174	0.968961
80	175	0.987057
80	176	0.978953
80	178	0.974726
80	180	0.977661
81	1	0.970105
81	83	0.935644
81	102	1.00057
81	117	0.965298
81	121	1.02208
81	125	1.06191
81	142	0.989378
81	149	0.972057
81	156	1.03124
81	159	0.996911
81	160	0.993671
81	161	1.02459
81	162	1.05764
81	168	1.02268
81	176	0.987737
81	177	0.988493
81	178	0.98351
81	180	0.986445
82	26	1.13335
82	44	0.957275
82	92	1.00297
82	93	0.951765
82	110	1.01748
82	119	1.04664
82	121	0.963075
82	128	0.90794
82	134	1.13179
82	135	0.956363
82	145	0.924307
82	153	0.968174
82	156	0.953761
82	159	1.09729
82	161	0.942987
82	166	0.921385
82	168	1.08976
82	175	1.09511
82	179	0.935655
83	6	1.031
83	34	1.19402
83	52	1.06356
83	73	0.934034
83	81	0.935644
83	129	0.925628
83	133	1.07561
83	145	1.10616
83	148	0.965876
83	149	0.943407
83	163	0.949629
83	164	1.0347
83	165	1.08934
83	174	0.949095
83	175	0.967191
83	176	0.959087
83	177	0.959843
83	178	0.95486
83	180	0.957795
84	16	0.940702
84	53	0.882943
84	66	1.02195
84	78	1.01413
84	95	1.10348
84	99	1.0146
84	103	1.08134
84	108	1.02993
84	114	1.04677
84	123	1.04371
84	124	1.04368
84	130	1.05247
84	146	0.92039
84	160	1.06064
84	162	0.968756
84	167	0.934241
84	177	0.955681
84	179	0.945959
84	180	0.953395
85	17	1.13606
85	36	1.00417
85	58	0.969881
85	75	1.00606
85	88	1.02697
85	112	0.971105
85	122	1.1561
85	124	1.11118
85	125	0.926089
85	137	0.927687
85	140	0.924736
85	141	0.953917
85	158	0.926228
85	165	0.941445
85	170	0.954227
85	173	0.939195
85	176	1.09822
85	177	1.10514
85	179	0.92707
86	19	1.09152
86	39	0.927094
86	42	0.919858
86	46	0.937294
86	55	0.996214
86	58	0.998698
86	63	0.944531
86	70	1.01164
86	74	0.911661
86	90	0.936416
86	97	1.13969
86	104	0.946336
86	113	0.936629
86	116	0.932836
86	149	1.09796
86	152	1.05409
86	159	1.07444
86	167	1.06735
86	179	1.07907
87	24	1.03396
87	27	0.914885
87	43	1.03082
87	55	0.872217
87	98	1.03717
87	111	1.06666
87	135	0.945809
87	142	0.939926
87	143	1.03483
87	147	0.906594
87	150	1.02718
87	151	1.02587
87	158	1.02462
87	159	0.950288
87	164	1.03961
87	165	1.03984
87	168	1.03618
87	169	1.02186
87	170	1.05262
88	18	1.00806
88	80	1.01292
88	85	1.02697
88	107	1.02981
88	115	0.952872
88	136	0.954284
88	137	0.977913
88	141	0.890997
88	144	0.930655
88	148	1.05194
88	158	0.939327
88	161	0.922073
88	163	1.03569
88	174	1.03516
88	175	1.05325
88	176	1.04515
88	177	1.04591
88	178	1.04092
88	180	1.04386
89	10	0.951041
89	18	1.04554
89	66	1.03131
89	75	1.06632
89	80	1.01254
89	94	1.02525
89	101	0.956925
89	119	1.03381
89	125	0.986347
89	126	0.988978
89	128	0.959614
89	143	0.996695
89	158	0.986487
89	159	0.992362
89	161	0.994661
89	170	1.01449
89	171	0.996638
89	172	0.990199
89	175	0.990186
89	179	0.987329
90	20	1.06447
90	29	0.930138
90	86	0.936416
90	103	0.997349
90	104	1.01429
90	106	0.976278
90	110	0.955033
90	113	1.00458
90	116	1.00079
90	166	1.05909
90	168	1.00469
90	169	0.99037
90	170	1.02113
90	171	0.995923
90	172	0.996842
90	175	1.01588
90	177	1.00853
90	178	1.00355
90	179	1.01834
90	180	1.00648
91	6	0.970147
91	14	1.00998
91	71	1.04071
91	76	0.933816
91	102	1.02018
91	107	0.992008
91	111	0.974239
91	116	1.01902
91	130	0.97765
91	131	0.973052
91	138	1.02653
91	142	1.00899
91	149	0.991671
91	163	0.997893
91	168	1.0157
91	175	1.01546
91	176	1.00735
91	177	1.00811
91	178	1.00312
91	180	1.00606
92	1	1.02826
92	7	1.1595
92	16	1.13762
92	82	1.00297
92	105	1.01566
92	132	0.955997
92	133	1.00318
92	137	0.947407
92	143	0.999494
92	155	1.0052
92	157	0.996689
92	160	1.00987
92	162	0.924617
92	165	1.0045
92	168	1.00085
92	169	0.986527
92	170	1.01729
92	172	0.992998
92	179	0.901821
92	180	0.909257
93	11	0.980204
93	21	1.02837
93	82	0.951765
93	96	1.05767
93	129	1.05799
93	137	1.0003
93	138	0.99686
93	141	0.95666
93	145	0.988336
93	148	0.979222
93	152	0.99246
93	154	1.00775
93	156	1.01779
93	157	0.989152
93	159	0.993357
93	161	1.00702
93	162	0.995693
93	166	0.985414
93	178	1.02096
93	179	0.999683
94	24	0.950039
94	27	1.02081
94	57	0.935896
94	59	0.936975
94	67	1.07317
94	78	1.06825
94	89	1.02525
94	98	0.944354
94	101	0.998965
94	105	1.14287
94	131	0.94267
94	143	1.02671
94	144	1.02735
94	148	0.983759
94	156	1.02543
94	171	1.00661
94	175	0.985073
94	176	0.976969
94	177	0.977725
94	178	0.972742
94	180	0.975677
95	15	0.90193
95	16	0.945949
95	22	1.17562
95	66	1.0272
95	71	1.03852
95	78	1.01938
95	84	1.10348
95	99	1.01984
95	103	1.08658
95	108	1.03518
95	111	0.899554
95	114	1.05202
95	123	1.04896
95	124	1.04893
95	139	0.894826
95	146	0.927602
95	151	0.955468
95	175	0.946362
95	176	0.955979
95	177	0.962893
95	180	0.960608
96	9	1.06359
96	27	0.880092
96	57	1.04106
96	61	0.920138
96	93	1.05767
96	109	1.12333
96	120	1.01161
96	133	0.907026
96	135	1.06227
96	136	1.02919
96	148	0.901361
96	152	1.03434
96	154	1.04963
96	155	0.937505
96	158	0.927128
96	161	1.04889
96	166	1.02729
96	171	1.05087
96	174	0.948498
96	178	0.9431
96	179	1.04156
97	12	0.97675
97	34	0.890109
97	39	1.05551
97	40	0.961092
97	48	1.01741
97	86	1.13969
97	101	1.02132
97	112	1.00727
97	119	1.00972
97	121	0.990653
97	140	0.960898
97	142	1.04639
97	143	0.972599
97	149	1.08027
97	157	0.969794
97	165	0.977608
97	169	0.959632
97	171	0.972542
97	172	0.966103
97	179	0.963233
97	180	1.06882
98	18	0.94148
98	40	1.05869
98	87	1.03717
98	94	0.944354
98	101	1.00056
98	106	1.04096
98	109	0.982489
98	111	1.0294
98	117	0.956126
98	131	0.944265
98	142	0.980206
98	144	1.08135
98	158	1.09002
98	159	0.987739
98	161	1.07277
98	163	0.969107
98	174	0.968573
98	176	0.978565
98	177	0.979321
98	178	0.974338
98	180	0.977272
99	16	0.857065
99	22	1.08674
99	47	1.04932
99	66	0.938317
99	71	0.949639
99	77	1.0735
99	78	0.930496
99	84	1.0146
99	95	1.01984
99	103	0.997699
99	108	0.946296
99	114	0.963134
99	123	0.960077
99	124	0.960045
99	146	1.02246
99	160	0.977004
99	164	0.994011
99	166	1.08878
99	173	1.02829
99	174	1.0764
99	178	1.071
100	5	0.923294
100	15	1.06453
100	30	1.10111
100	31	0.973975
100	34	0.967159
100	53	0.874488
100	72	1.02002
100	75	1.11927
100	104	1.0606
100	110	0.874198
100	112	1.08432
100	115	0.958049
100	119	1.08677
100	125	1.0393
100	130	1.04401
100	140	1.03795
100	143	0.935187
100	144	1.04443
100	150	0.966714
100	167	0.925786
100	170	0.909135
101	23	1.017
101	25	1.01717
101	54	0.983197
101	59	0.993182
101	65	1.04621
101	68	0.998339
101	80	1.00095
101	89	0.956925
101	94	0.998965
101	97	1.02132
101	98	1.00056
101	126	1.02102
101	131	0.998877
101	143	0.958385
101	149	1.0175
101	154	0.936029
101	170	0.932333
101	175	1.04128
101	176	1.03318
101	177	1.03393
101	179	0.960702
101	180	1.03188
102	3	1.04087
102	38	0.913503
102	73	0.998956
102	81	1.00057
102	91	1.02018
102	115	1.00841
102	122	0.965573
102	142	1.02565
102	150	1.01193
102	152	0.962884
102	154	0.96319
102	165	0.988491
102	166	1.02862
102	171	0.965448
102	172	0.995784
102	173	0.968124
102	174	1.01402
102	175	1.03211
102	176	1.02401
102	177	1.02477
102	178	1.01978
102	180	1.02272
103	10	1.06709
103	13	0.929751
103	16	0.923805
103	32	0.91954
103	61	0.979792
103	66	1.00506
103	71	1.01638
103	78	0.997236
103	84	1.08134
103	90	0.997349
103	95	1.08658
103	99	0.997699
103	108	1.01304
103	114	1.02987
103	123	1.02682
103	124	1.02679
103	140	1.00069
103	144	0.97811
103	150	1.00899
103	167	0.968064
103	169	0.991779
103	171	0.957367
104	12	1.03784
104	23	1.02268
104	39	1.00497
104	86	0.946336
104	90	1.01429
104	100	1.0606
104	112	1.04793
104	113	1.0145
104	125	1.00291
104	127	1.01732
104	136	0.988338
104	140	1.00156
104	145	0.983825
104	148	1.02448
104	153	0.914198
104	157	0.957544
104	161	0.956127
104	166	1.00713
104	173	0.946642
104	176	1.01769
104	178	1.01347
104	180	1.0164
105	6	0.979319
105	32	0.999961
105	37	1.0204
105	92	1.01566
105	94	1.14287
105	106	0.958917
105	113	1.10415
105	122	1.1753
105	133	1.10151
105	136	0.914524
105	137	0.927517
105	145	0.915553
105	147	0.967277
105	151	1.11691
105	153	0.95942
105	154	0.934969
105	156	0.945007
105	162	0.922909
105	166	0.91263
105	171	0.93621
105	179	0.9269
105	180	1.12205
106	52	1.0294
106	54	1.06007
106	67	0.997214
106	90	0.976278
106	98	1.04096
106	105	0.958917
106	116	0.949875
106	118	0.992438
106	121	1.04301
106	128	0.987876
106	147	1.05597
106	152	1.00837
106	153	1.04811
106	159	0.954078
106	160	0.953668
106	162	1.0116
106	168	0.946553
106	171	1.0249
106	173	1.02771
106	175	0.951902
106	179	1.01559
106	180	0.966148
107	19	1.0431
107	32	0.970412
107	57	0.954765
107	59	0.955843
107	88	1.02981
107	91	0.992008
107	116	1.02182
107	117	0.973399
107	129	0.962379
107	138	1.02932
107	145	1.0481
107	149	0.980157
107	155	1.04803
107	157	1.02182
107	160	1.00177
107	163	0.986379
107	164	0.976638
107	174	0.985846
107	176	0.995838
107	177	0.996594
107	178	0.991611
107	179	1.03065
107	180	0.994545
108	10	1.01569
108	16	0.872402
108	22	1.10207
108	27	0.98577
108	66	0.953654
108	71	0.964976
108	78	0.945833
108	79	1.03793
108	84	1.02993
108	95	1.03518
108	99	0.946296
108	103	1.01304
108	114	0.978471
108	123	0.975415
108	124	0.975382
108	129	1.0858
108	146	1.00024
108	150	1.05502
108	152	1.00083
108	160	0.992341
108	167	1.01409
108	173	1.00607
108	179	1.02581
109	68	1.04699
109	72	0.950811
109	79	1.03946
109	96	1.12333
109	98	0.982489
109	118	1.04219
109	120	1.03539
109	126	0.933002
109	128	1.03763
109	136	1.05297
109	142	0.885246
109	145	1.054
109	160	0.895198
109	161	1.07268
109	164	1.07949
109	171	1.07465
109	172	0.908163
109	173	1.07747
109	174	0.928611
109	175	0.893432
109	177	0.909963
109	178	0.923214
109	179	1.06534
110	22	0.79521
110	32	1.13846
110	42	0.967381
110	77	1.04158
110	79	1.03952
110	82	1.01748
110	90	0.955033
110	100	0.874198
110	119	0.882187
110	121	1.09282
110	128	1.03769
110	137	1.06602
110	138	1.06258
110	145	1.05406
110	161	1.07274
110	162	1.06141
110	163	0.950728
110	166	1.05113
110	168	0.925308
110	177	0.947188
110	178	0.960439
110	179	1.0654
110	180	0.944903
111	19	1.00703
111	34	0.951653
111	50	0.926567
111	65	0.951708
111	75	1.10376
111	87	1.06666
111	91	0.974239
111	95	0.899554
111	98	1.0294
111	118	1.00162
111	129	1.00715
111	134	1.00321
111	140	1.02244
111	144	1.02893
111	153	1.0573
111	158	1.02393
111	159	0.942521
111	169	1.02118
111	170	1.05193
111	173	1.0369
111	176	0.949962
111	177	0.956876
111	178	0.970127
111	179	1.02478
112	20	1.00613
112	31	0.9613
112	33	1.07347
112	34	0.954484
112	37	0.865778
112	69	1.019
112	72	1.00735
112	73	1.01747
112	75	1.1066
112	85	0.971105
112	97	1.00727
112	100	1.08432
112	104	1.04793
112	119	1.07409
112	122	1.02068
112	125	1.02663
112	140	1.02527
112	143	0.957676
112	146	0.934423
112	148	0.941225
112	150	0.989203
112	154	0.93532
112	164	1.04176
112	167	0.948274
113	13	0.899929
113	37	1.05174
113	39	0.995261
113	42	0.988024
113	46	1.00546
113	55	1.06438
113	63	1.0127
113	70	1.0798
113	74	0.979828
113	77	0.970362
113	86	0.936629
113	90	1.00458
113	104	1.0145
113	105	1.10415
113	116	1.001
113	120	1.01352
113	126	0.995834
113	144	0.988633
113	146	0.964735
113	150	1.01952
113	158	0.997305
113	167	0.978587
113	170	0.961936
113	173	0.970566
113	178	1.01328
114	10	1.03252
114	16	0.889241
114	22	1.11891
114	40	0.976709
114	53	0.938023
114	66	0.970493
114	69	0.980833
114	71	0.981814
114	78	0.962672
114	80	1.01658
114	84	1.04677
114	95	1.05202
114	99	0.963134
114	103	1.02987
114	108	0.978471
114	123	0.992253
114	124	0.992221
114	129	1.06104
114	147	0.952712
114	156	0.997441
114	160	1.00918
114	161	0.990785
114	162	1.02384
114	163	1.0143
114	174	1.02941
115	6	1.04642
115	9	1.01603
115	12	0.936681
115	17	1.06196
115	41	1.00803
115	79	0.968112
115	88	0.952872
115	100	0.958049
115	102	1.00841
115	118	0.970847
115	128	0.966285
115	135	1.01471
115	138	0.991175
115	142	1.00632
115	147	1.03438
115	156	1.01211
115	160	1.01627
115	162	0.990009
115	166	0.979729
115	168	1.00916
115	171	1.00331
115	173	1.00612
115	176	1.02413
115	177	1.03104
115	179	0.993999
116	5	0.977726
116	13	0.896136
116	37	1.04794
116	39	0.991468
116	42	0.984231
116	43	0.978243
116	46	1.00167
116	55	1.06059
116	58	1.06307
116	63	1.0089
116	70	1.07601
116	74	0.976034
116	77	0.966569
116	86	0.932836
116	90	1.00079
116	91	1.01902
116	106	0.949875
116	107	1.02182
116	113	1.001
116	126	0.99204
116	131	1.05703
116	136	1.01389
116	150	1.02115
116	167	0.980218
116	179	0.991936
117	17	0.963064
117	68	1.0695
117	80	0.956514
117	81	0.965298
117	98	0.956126
117	107	0.973399
117	121	1.0191
117	128	1.08859
117	129	0.955282
117	130	0.95904
117	131	0.954442
117	133	1.01876
117	141	0.990532
117	145	1.04931
117	146	1.01325
117	154	1.00719
117	163	0.979283
117	166	1.07262
117	169	1.04386
117	174	0.97875
117	175	0.996845
117	176	0.988741
117	177	0.989497
117	178	0.984514
117	179	1.03186
117	180	0.987449
118	35	1.17054
118	41	0.974448
118	106	0.992438
118	109	1.04219
118	111	1.00162
118	115	0.970847
118	127	0.955951
118	132	1.05733
118	138	0.957597
118	144	0.964572
118	148	0.998613
118	149	1.03627
118	152	0.953197
118	153	0.992941
118	156	0.978528
118	160	1.01234
118	161	0.967753
118	166	0.946151
118	169	1.02938
118	171	0.969731
118	172	1.0253
118	173	0.972546
118	174	1.04575
118	175	1.01057
118	179	0.960421
118	180	1.02482
119	5	0.931283
119	15	1.0543
119	30	1.09089
119	31	0.963751
119	33	1.07592
119	34	0.956935
119	72	1.0098
119	75	1.10905
119	82	1.04664
119	89	1.03381
119	97	1.00972
119	100	1.08677
119	110	0.882187
119	112	1.07409
119	125	1.02908
119	136	0.96745
119	138	0.944163
119	140	1.02772
119	144	1.03421
119	146	0.919924
119	150	0.974704
119	157	0.936656
119	159	0.94086
119	164	1.04421
119	170	0.917124
119	179	0.945493
120	13	1.21826
120	32	1.02668
120	38	1.0134
120	41	0.96765
120	43	1.01029
120	44	0.975244
120	96	1.01161
120	109	1.03539
120	113	1.01352
120	126	1.05675
120	127	0.949153
120	128	0.925909
120	141	0.982654
120	142	1.00899
120	146	0.991939
120	152	0.9464
120	153	0.986143
120	160	1.01894
120	162	0.949633
120	165	1.02461
120	166	0.939354
120	169	1.03598
120	171	0.962934
120	173	0.965748
120	177	1.03371
120	179	0.953624
121	20	0.987646
121	44	1.03261
121	46	0.991194
121	62	0.916473
121	64	0.941161
121	81	1.02208
121	82	0.963075
121	97	0.990653
121	106	1.04301
121	110	1.09282
121	117	1.0191
121	127	1.00652
121	136	0.998618
121	139	0.929661
121	143	0.98569
121	145	0.999647
121	152	1.00377
121	154	1.01906
121	156	1.0291
121	162	1.007
121	163	1.00127
121	166	0.996724
121	171	1.0203
121	176	0.990815
121	177	0.997728
121	178	1.01098
121	179	1.01099
122	9	1.01027
122	28	0.996927
122	49	0.9627
122	59	0.912749
122	60	1.21769
122	61	0.975322
122	85	1.1561
122	102	0.965573
122	105	1.1753
122	112	1.02068
122	123	1.09168
122	130	0.923043
122	142	0.954386
122	147	1.01313
122	148	0.959534
122	149	0.937064
122	152	1.03648
122	154	1.03678
122	159	0.961919
122	163	0.943286
122	170	1.03309
122	174	0.942753
122	175	0.960848
122	176	0.952744
122	177	0.9535
122	178	0.948517
122	180	0.951452
123	4	0.99987
123	10	1.02947
123	13	0.892129
123	16	0.886184
123	22	1.11586
123	37	0.936783
123	54	0.950209
123	61	1.03101
123	66	0.967436
123	69	0.977776
123	71	0.978758
123	78	0.959615
123	84	1.04371
123	95	1.04896
123	99	0.960077
123	103	1.02682
123	108	0.975415
123	114	0.992253
123	122	1.09168
123	124	0.989164
123	148	1.01223
123	160	1.00612
123	163	1.04426
123	164	0.976982
123	167	1.01928
123	173	1.01126
123	178	1.05397
123	179	1.031
124	4	0.985412
124	10	1.02944
124	13	0.892097
124	16	0.886152
124	22	1.11582
124	52	0.991386
124	53	0.953524
124	54	0.950177
124	66	0.967404
124	68	1.05418
124	69	0.977744
124	71	0.978725
124	78	0.959583
124	80	1.03208
124	84	1.04368
124	85	1.11118
124	95	1.04893
124	99	0.960045
124	103	1.02679
124	108	0.975382
124	114	0.992221
124	123	0.989164
124	150	1.04575
124	158	1.02354
124	160	1.00609
124	164	0.962524
124	167	1.00482
124	174	1.04491
125	15	1.00683
125	30	1.04342
125	31	0.916285
125	33	1.02846
125	34	0.909469
125	53	0.964821
125	63	0.949511
125	69	0.973984
125	72	0.962331
125	81	1.06191
125	85	0.926089
125	89	0.986347
125	100	1.0393
125	104	1.00291
125	112	1.02663
125	119	1.02908
125	126	0.984241
125	140	0.980258
125	142	1.01284
125	144	0.986743
125	150	1.05705
125	160	1.02279
125	164	0.996741
125	167	1.01612
125	172	1.03576
125	173	1.0081
125	178	1.05081
125	180	1.03527
126	6	0.975822
126	15	1.00946
126	31	0.918915
126	46	0.996498
126	52	1.00838
126	74	0.970866
126	77	0.9614
126	89	0.988978
126	101	1.02102
126	109	0.933002
126	113	0.995834
126	116	0.99204
126	120	1.05675
126	125	0.984241
126	140	0.982888
126	145	1.05098
126	154	1.00886
126	155	1.05091
126	156	1.02993
126	163	0.989568
126	164	0.999371
126	168	1.02137
126	169	1.04553
126	173	1.01379
126	176	0.999026
126	177	0.999782
126	178	0.994799
126	180	0.997733
127	6	1.03152
127	12	0.967075
127	15	1.00047
127	20	0.955755
127	23	0.963041
127	33	0.987172
127	36	1.0562
127	52	0.992917
127	65	1.05626
127	70	0.919575
127	104	1.01732
127	118	0.955951
127	120	0.949153
127	121	1.00652
127	135	0.999811
127	136	0.966727
127	138	0.976279
127	140	1.07262
127	146	1.01742
127	156	0.997209
127	160	1.04667
127	161	0.986435
127	162	0.975112
127	163	1.06497
127	170	1.02334
127	173	0.991227
127	175	1.0449
127	179	0.979103
128	15	1.00626
128	18	1.10605
128	32	1.02892
128	64	1.01065
128	69	1.09061
128	79	0.929972
128	82	0.90794
128	89	0.959614
128	106	0.987876
128	109	1.03763
128	110	1.03769
128	115	0.966285
128	117	1.08859
128	120	0.925909
128	138	0.953035
128	141	1.01617
128	150	0.957582
128	152	0.948635
128	156	0.973966
128	158	1.0645
128	162	0.951868
128	165	1.05812
128	166	0.941589
128	167	0.970363
128	168	1.04534
128	171	0.965169
128	175	1.05069
128	179	0.955859
128	180	1.06493
129	17	0.952045
129	20	1.1069
129	26	0.943571
129	57	0.936649
129	61	1.0003
129	79	1.07289
129	83	0.925628
129	93	1.05799
129	107	0.962379
129	108	1.0858
129	111	1.00715
129	114	1.06104
129	117	0.955282
129	130	0.94802
129	135	1.05166
129	141	1.01944
129	142	0.979363
129	143	1.05845
129	148	0.984511
129	154	1.0361
129	159	0.986896
129	163	0.968263
129	171	1.03835
129	174	0.96773
129	175	0.985826
129	176	0.977721
129	177	0.978478
129	178	0.973494
129	180	0.976429
130	7	0.873968
130	17	0.955802
130	22	0.965026
130	35	0.910759
130	36	1.02496
130	51	1.05906
130	56	1.00666
130	61	1.00406
130	65	0.994516
130	71	1.12013
130	84	1.05247
130	91	0.97765
130	100	1.04401
130	117	0.95904
130	122	0.923043
130	129	0.94802
130	142	0.983121
130	148	0.988268
130	152	1.0823
130	153	1.0551
130	157	1.09844
130	159	0.990653
130	160	0.987413
130	173	1.08754
130	174	0.971487
130	175	0.989583
130	176	0.981479
130	177	0.982235
130	180	0.980187
131	19	1.07831
131	24	0.949951
131	35	0.906161
131	62	0.991749
131	91	0.973052
131	94	0.94267
131	98	0.944265
131	101	0.998877
131	116	1.05703
131	117	0.954442
131	142	0.978523
131	143	1.06355
131	147	1.01753
131	149	0.961201
131	152	1.04088
131	156	1.06226
131	158	1.07286
131	159	0.986055
131	163	0.967423
131	164	1.01185
131	166	1.10662
131	167	0.977582
131	170	1.03749
131	171	1.04345
131	174	0.966889
131	176	0.976881
131	177	0.977637
131	178	0.972654
131	180	0.975589
132	13	1.235
132	43	0.9548
132	45	0.956863
132	64	0.979285
132	76	1.04459
132	92	0.955997
132	118	1.05733
132	134	0.927881
132	139	1.00589
132	140	1.06163
132	141	0.97629
132	143	0.958809
132	144	0.953593
132	145	1.05816
132	151	0.949852
132	153	0.988536
132	154	1.01605
132	155	0.96452
132	157	0.956004
132	159	1.03609
132	164	0.963591
132	165	0.963818
132	168	0.960162
132	170	0.9766
132	172	0.952313
132	173	1.02098
132	175	1.03391
132	179	1.04072
132	180	1.04816
133	25	0.980605
133	40	0.994482
133	51	1.0044
133	60	0.927569
133	83	1.07561
133	92	1.00318
133	96	0.907026
133	105	1.10151
133	117	1.01876
133	134	0.975061
133	136	1.00963
133	139	1.05307
133	143	1.00599
133	148	0.968903
133	150	0.998346
133	151	0.997032
133	155	1.0117
133	156	0.984072
133	157	1.00318
133	159	0.983037
133	163	1.00093
133	165	1.011
133	167	1.01113
133	168	1.00734
133	169	0.993021
133	170	1.02378
133	171	0.965255
133	172	0.999493
133	177	0.997392
133	180	0.995107
134	51	0.969787
134	61	1.03065
134	63	0.952318
134	71	1.04349
134	76	1.05716
134	82	1.13179
134	111	1.00321
134	132	0.927881
134	133	0.975061
134	139	1.01845
134	141	0.988859
134	142	1.01565
134	143	0.971378
134	145	1.04809
134	151	0.962421
134	155	0.977089
134	157	0.968573
134	158	0.96117
134	160	0.98175
134	161	1.02039
134	165	0.976387
134	167	0.976516
134	168	0.972731
134	169	0.958411
134	170	0.989169
134	172	0.964882
134	173	1.0109
134	175	1.02383
134	176	1.03345
134	177	1.04037
134	178	1.05362
135	4	1.03827
135	44	1.0259
135	63	0.913334
135	67	0.985905
135	68	0.985929
135	74	1.02233
135	76	0.897618
135	82	0.956363
135	87	0.945809
135	96	1.06227
135	115	1.01471
135	127	0.999811
135	129	1.05166
135	136	0.991906
135	143	0.989343
135	145	0.992934
135	147	1.04466
135	149	1.01055
135	152	0.997058
135	153	1.0368
135	154	1.01235
135	156	1.02239
135	158	0.998659
135	160	0.986616
135	162	1.00029
135	171	1.01359
135	172	0.999581
135	173	1.01641
135	175	0.98485
135	176	0.994467
135	178	1.01463
135	179	1.00428
136	2	1.01597
136	16	1.25853
136	22	0.880473
136	56	1.05251
136	58	0.897197
136	59	1.11026
136	69	1.05584
136	88	0.954284
136	96	1.02919
136	104	0.988338
136	105	0.914524
136	109	1.05297
136	116	1.01389
136	119	0.96745
136	121	0.998618
136	127	0.966727
136	133	1.00963
136	135	0.991906
136	137	0.971814
136	138	0.968374
136	142	1.00773
136	145	0.95985
136	146	1.00951
136	147	1.01157
136	150	0.972921
136	153	1.00372
136	156	0.989304
136	158	1.02973
136	161	0.97853
136	166	0.956928
136	173	0.983322
136	179	0.971198
136	180	1.03017
137	2	1.02897
137	23	0.968128
137	28	0.963545
137	32	1.05725
137	37	0.952144
137	52	0.998004
137	62	0.974825
137	79	0.958303
137	80	1.0619
137	85	0.927687
137	88	0.977913
137	92	0.947407
137	93	1.0003
137	105	0.927517
137	110	1.06602
137	136	0.971814
137	138	0.981366
137	145	0.972842
137	147	1.02457
137	148	1.02759
137	154	0.992258
137	156	1.0023
137	157	1.03752
137	160	1.04131
137	162	0.980199
137	163	1.05962
137	165	1.04699
137	166	0.96992
137	169	1.05836
137	171	0.9935
137	173	0.996314
137	177	1.05608
137	179	0.98419
138	2	1.02553
138	8	1.22656
138	21	1.02982
138	24	1.07848
138	29	1.03445
138	32	1.05381
138	37	0.905227
138	47	1.00073
138	67	0.962373
138	91	1.02653
138	93	0.99686
138	107	1.02932
138	110	1.06258
138	115	0.991175
138	118	0.957597
138	119	0.944163
138	127	0.976279
138	128	0.953035
138	136	0.968374
138	137	0.981366
138	139	0.941096
138	145	0.969402
138	152	0.973526
138	155	1.01682
138	159	0.994808
138	161	0.988082
138	162	0.976759
138	165	1.00007
138	166	0.96648
138	171	0.990059
138	173	0.992874
138	177	1.00916
138	179	0.98075
139	11	0.924641
