1	8	0.897029
1	21	0.86761
1	23	0.770658
1	133	2.11583
1	139	0.798786
1	140	1.89349
1	142	0.783743
1	154	0.896527
1	155	0.816334
1	161	0.790387
1	168	2.65335
2	15	0.843462
2	16	0.843462
2	19	0.797719
2	40	0.797477
2	50	0.804239
2	52	0.80329
2	54	0.901849
2	139	2.14481
2	142	2.18533
2	150	0.729437
2	169	0.713647
2	171	2.76721
3	56	0.850757
3	63	0.817733
3	65	0.943738
3	68	0.816872
3	69	0.816595
3	108	2.02404
3	132	2.46271
3	145	0.735465
3	161	0.77727
3	168	2.64617
3	169	0.740141
3	173	0.721106
4	9	0.762041
4	42	0.802046
4	76	0.848291
4	87	0.816531
4	91	0.801353
4	94	0.840747
4	127	0.780054
4	130	1.90867
4	154	0.875387
4	157	2.85323
4	162	2.43873
4	179	0.705018
5	8	0.878234
5	14	0.763383
5	21	0.848814
5	23	0.751862
5	139	0.77999
5	142	0.764947
5	154	0.877732
5	155	0.797538
5	161	0.771591
5	171	2.05715
5	176	2.60686
5	179	2.46921
6	56	0.968058
6	63	0.935034
6	68	0.934173
6	69	0.933897
6	139	0.990448
6	145	0.852766
6	149	1.24768
6	161	0.894571
6	165	3.98364
6	169	0.857442
6	173	0.838407
6	175	2.53802
7	103	0.903622
7	110	0.935511
7	111	0.909793
7	114	0.941139
7	116	0.892511
7	121	1.96047
7	124	0.937161
7	126	0.937197
7	147	1.75616
7	153	1.90628
7	165	0.745323
7	171	2.23767
8	1	0.897029
8	5	0.878234
8	14	0.875233
8	99	0.977684
8	127	0.89425
8	142	0.876798
8	143	2.73378
8	150	1.47033
8	154	0.989582
8	155	0.909389
8	161	0.883441
8	164	2.67488
9	4	0.762041
9	76	0.848639
9	87	0.81688
9	91	0.801701
9	93	2.01231
9	94	0.841096
9	129	0.812256
9	142	0.76295
9	154	0.875735
9	160	2.71869
9	161	2.38933
9	179	0.705366
10	57	0.963547
10	82	0.98874
10	97	0.900828
10	98	0.952252
10	100	0.93798
10	101	0.937763
10	112	1.0574
10	132	1.62653
10	134	1.53653
10	165	0.761723
10	167	0.770209
10	175	3.7191
11	63	0.922772
11	65	1.04878
11	68	0.921911
11	69	0.921634
11	133	1.66796
11	145	0.840503
11	147	2.00691
11	151	2.15481
11	156	2.00562
11	161	0.882309
11	169	0.84518
11	173	0.826145
12	18	0.896915
12	45	0.857204
12	46	0.935883
12	58	0.905045
12	61	0.88711
12	77	0.896255
12	80	0.896232
12	84	0.94243
12	140	1.36528
12	156	1.92528
12	166	2.01415
12	170	2.54053
13	93	1.43752
13	103	0.874132
13	107	0.899672
13	111	0.880303
13	114	0.911648
13	124	0.907671
13	126	0.907707
13	134	1.98447
13	154	0.9514
13	155	0.871207
13	159	2.2733
13	166	2.14694
14	5	0.763383
14	8	0.875233
14	21	0.845814
14	23	0.748861
14	139	0.776989
14	142	0.761947
14	150	2.15328
14	154	0.874731
14	155	0.794538
14	159	2.5274
14	161	0.76859
14	169	2.38977
15	2	0.843462
15	19	0.916428
15	40	0.916187
15	50	0.922948
15	52	0.921999
15	54	1.02056
15	150	0.848146
15	161	0.882072
15	162	1.55193
15	169	0.832356
15	177	3.51872
15	179	2.02045
16	2	0.843462
16	19	0.916428
16	40	0.916187
16	50	0.922948
16	52	0.921999
16	54	1.02056
16	115	1.2222
16	121	2.25686
16	150	0.848146
16	151	2.20044
16	166	2.14012
16	169	0.832356
17	71	0.923166
17	89	0.908171
17	92	0.957141
17	97	0.887606
17	98	0.93903
17	100	0.924758
17	101	0.924541
17	112	1.56538
17	134	2.04451
17	136	2.33908
17	141	1.89504
17	167	0.756987
18	12	0.896915
18	45	0.805812
18	46	0.884491
18	51	0.954069
18	58	0.853654
18	61	0.835718
18	77	0.844863
18	80	0.844841
18	84	0.891038
18	105	1.83958
18	133	1.47494
18	156	1.8126
18	180	3.17146
19	2	0.797719
19	15	0.916428
19	16	0.916428
19	40	0.870443
19	50	0.877205
19	52	0.876256
19	54	0.974815
19	131	1.80713
19	148	2.24326
19	150	0.802403
19	156	2.03509
19	160	2.12092
19	169	0.786613
20	45	0.810564
20	46	0.889243
20	51	0.958821
20	58	0.858406
20	61	0.84047
20	77	0.849615
20	80	0.849592
20	84	0.89579
20	102	2.11067
20	129	0.858575
20	138	2.01812
20	139	2.25528
20	140	1.83487
21	1	0.86761
21	5	0.848814
21	14	0.845814
21	23	0.834293
21	115	1.06616
21	137	1.54415
21	139	0.862421
21	142	0.847378
21	154	0.960163
21	155	0.879969
21	161	0.854022
21	173	2.27794
21	178	3.35027
22	28	0.739623
22	31	0.738663
22	32	0.840402
22	34	0.804263
22	41	0.803926
22	43	0.803799
22	48	0.831341
22	55	0.849648
22	79	1.98564
22	102	2.83769
22	140	2.5619
22	150	0.735386
22	176	0.684187
23	1	0.770658
23	5	0.751862
23	14	0.748861
23	21	0.834293
23	59	1.85105
23	109	2.94814
23	127	0.767878
23	139	0.765469
23	142	0.750426
23	154	0.86321
23	155	0.783017
23	156	2.69763
23	161	0.75707
24	25	0.909871
24	26	0.909871
24	39	0.87711
24	49	0.943376
24	66	1.01037
24	121	1.47519
24	153	0.796783
24	155	1.05454
24	167	4.41138
24	168	1.46945
24	173	0.797847
24	176	0.781474
24	179	0.789783
25	24	0.909871
25	39	0.855758
25	44	1.03986
25	49	0.922024
25	66	0.989021
25	127	1.57685
25	153	0.775431
25	155	1.52177
25	158	2.01107
25	173	0.776495
25	176	0.760122
25	178	3.19188
25	179	0.768431
26	24	0.909871
26	39	0.855758
26	44	1.03986
26	49	0.922024
26	66	0.989021
26	122	2.1491
26	153	0.775431
26	155	1.38831
26	162	2.0297
26	172	2.78077
26	173	0.776495
26	176	0.760122
26	179	0.768431
27	71	0.88271
27	82	0.935061
27	89	0.867715
27	92	0.916685
27	97	0.847149
27	98	0.898574
27	100	0.884301
27	101	0.884085
27	115	1.45842
27	141	2.0644
27	147	2.28876
27	149	2.4189
27	165	0.708045
28	22	0.739623
28	31	0.741635
28	32	0.843374
28	34	0.807235
28	41	0.806898
28	43	0.806771
28	48	0.834313
28	79	1.61259
28	128	0.818466
28	150	0.738358
28	159	2.96408
28	169	2.82645
28	176	0.68716
29	74	0.91074
29	78	0.867412
29	85	0.850416
29	96	0.813177
29	117	0.86072
29	118	0.859925
29	120	0.90636
29	123	0.849176
29	125	0.876604
29	127	2.09314
29	135	2.38526
29	139	2.11351
29	140	1.69311
30	36	2.45591
30	60	0.863717
30	83	0.856375
30	85	0.870032
30	96	0.832793
30	106	0.851696
30	117	0.880337
30	118	0.879541
30	123	0.868792
30	125	0.89622
30	136	2.14085
30	137	1.56883
30	166	2.00875
31	22	0.738663
31	28	0.741635
31	32	0.842414
31	34	0.806275
31	41	0.805939
31	43	0.805812
31	48	0.833354
31	128	0.817506
31	142	2.43688
31	148	2.74413
31	150	0.737399
31	161	2.29243
31	176	0.6862
32	22	0.840402
32	28	0.843374
32	31	0.842414
32	34	0.908014
32	41	0.907677
32	43	0.90755
32	48	0.935092
32	93	1.43608
32	150	0.839137
32	155	1.84159
32	163	2.59356
32	173	2.43937
32	176	0.787939
33	88	0.827371
33	95	0.868288
33	103	0.837433
33	111	0.843604
33	114	0.874949
33	116	0.826322
33	124	0.870972
33	126	0.871008
33	128	1.84686
33	134	2.26683
33	154	0.914701
33	160	2.42627
33	161	2.09691
33	165	0.679133
34	22	0.804263
34	28	0.807235
34	31	0.806275
34	32	0.908014
34	41	0.871538
34	43	0.871411
34	48	0.898953
34	128	0.883106
34	140	1.00154
34	150	0.802998
34	157	1.69333
34	167	3.99428
34	176	0.7518
34	180	2.21136
35	45	0.88775
35	82	0.479889
35	86	0.594219
35	101	0.677362
35	144	0.832351
35	151	0.884014
35	157	0.871709
35	162	0.870005
35	171	0.857596
35	174	0.819191
35	175	0.818182
35	177	0.799385
35	178	0.813429
35	180	0.821679
36	30	2.45591
36	67	2.37798
36	104	0.642855
36	135	0.765386
36	156	0.744726
36	158	0.74202
36	163	0.720324
36	166	0.747441
36	172	0.698456
36	174	0.671071
36	175	0.670062
36	177	0.651265
36	178	0.665309
36	180	0.673559
37	82	0.926794
37	89	0.859447
37	92	0.908417
37	97	0.838882
37	98	0.890306
37	100	0.876034
37	101	0.875817
37	112	1.61834
37	139	0.837603
37	155	1.95602
37	159	2.3863
37	163	2.708
37	165	0.699777
37	167	0.708263
38	72	0.834664
38	95	0.854423
38	110	0.855456
38	111	0.829739
38	114	0.861084
38	116	0.812457
38	124	0.857107
38	126	0.857143
38	130	2.15129
38	142	2.15593
38	144	3.48976
38	145	0.75289
38	154	0.900836
38	155	0.820643
39	24	0.87711
39	25	0.855758
39	26	0.855758
39	44	1.0071
39	49	0.889263
39	66	0.956261
39	81	1.51481
39	115	1.89177
39	146	2.35445
39	153	0.74267
39	160	2.80665
39	173	0.743734
39	176	0.727361
39	179	0.73567
40	2	0.797477
40	15	0.916187
40	16	0.916187
40	19	0.870443
40	50	0.876963
40	52	0.876014
40	54	0.974574
40	130	1.85904
40	135	2.09491
40	150	0.802162
40	153	2.11417
40	159	2.178
40	169	0.786371
41	22	0.803926
41	28	0.806898
41	31	0.805939
41	32	0.907677
41	34	0.871538
41	43	0.871074
41	48	0.898616
41	115	1.25701
41	128	0.882769
41	150	0.802661
41	161	1.84254
41	162	2.5124
41	164	3.13172
41	176	0.751463
42	4	0.802046
42	64	0.85149
42	76	0.888644
42	87	0.856884
42	91	0.841706
42	94	0.8811
42	108	0.805338
42	119	1.64558
42	129	0.852261
42	154	0.915739
42	159	1.96913
42	164	2.79955
42	170	2.36915
42	179	0.745371
43	22	0.803799
43	28	0.806771
43	31	0.805812
43	32	0.90755
43	34	0.871411
43	41	0.871074
43	48	0.898489
43	108	1.46222
43	128	0.882642
43	150	0.802534
43	166	1.97336
43	170	2.49974
43	176	0.751336
43	179	2.77935
44	25	1.03986
44	26	1.03986
44	39	1.0071
44	49	1.07336
44	66	1.14036
44	105	1.28511
44	119	1.14982
44	135	1.39028
44	143	2.36269
44	147	1.25943
44	153	0.926771
44	173	0.927835
44	175	3.3671
44	176	0.911462
44	179	0.919771
45	12	0.857204
45	18	0.805812
45	20	0.810564
45	35	0.88775
45	51	0.914357
45	58	0.813943
45	61	0.796007
45	77	0.805152
45	80	0.805129
45	83	0.787788
45	84	0.851327
45	109	0.750142
45	131	2.10246
45	151	2.47961
45	171	2.81322
46	12	0.935883
46	18	0.884491
46	20	0.889243
46	51	0.993037
46	58	0.892622
46	61	0.874686
46	77	0.883831
46	80	0.883808
46	84	0.930006
46	109	0.828821
46	141	1.07397
46	144	2.5318
46	145	1.58207
46	170	1.9123
46	178	2.75211
47	70	0.901497
47	75	0.857336
47	85	0.899771
47	96	0.862531
47	106	0.881434
47	117	0.910075
47	118	0.909279
47	120	0.955715
47	123	0.89853
47	125	0.925958
47	131	1.20877
47	135	1.56888
47	151	1.58593
47	158	1.71099
47	177	3.82986
48	22	0.831341
48	28	0.834313
48	31	0.833354
48	32	0.935092
48	34	0.898953
48	41	0.898616
48	43	0.898489
48	55	0.944338
48	119	1.2855
48	128	0.910184
48	130	1.29009
48	139	1.25422
48	150	0.830076
48	176	0.778878
48	177	3.78694
48	180	2.75268
49	24	0.943376
49	25	0.922024
49	26	0.922024
49	39	0.889263
49	44	1.07336
49	66	1.02253
49	108	0.951494
49	153	0.808935
49	157	1.03661
49	167	3.33755
49	173	0.81
49	175	2.30473
49	176	0.793626
49	177	2.58888
49	179	0.801936
50	2	0.804239
50	15	0.922948
50	16	0.922948
50	19	0.877205
50	40	0.876963
50	52	0.882776
50	53	0.893082
50	54	0.981335
50	83	0.846601
50	122	2.44569
50	138	1.52319
50	145	2.18497
50	150	0.808923
50	153	2.05136
50	166	1.98882
50	169	0.793133
51	18	0.954069
51	20	0.958821
51	45	0.914357
51	46	0.993037
51	58	0.962199
51	61	0.944264
51	77	0.953409
51	80	0.953386
51	84	0.999583
51	128	1.06909
51	129	0.962368
51	136	1.25213
51	146	1.2118
51	174	2.45724
51	175	3.14013
51	178	2.48622
52	2	0.80329
52	15	0.921999
52	16	0.921999
52	19	0.876256
52	40	0.876014
52	50	0.882776
52	53	0.892133
52	54	0.980386
52	83	0.845651
52	128	1.47498
52	140	1.40856
52	148	2.17674
52	150	0.807974
52	161	1.72504
52	169	0.792184
52	178	3.42362
53	50	0.893082
53	52	0.892133
53	59	1.0127
53	77	0.873322
53	80	0.873299
53	84	0.919496
53	86	0.86931
53	118	0.879123
53	123	0.868374
53	125	0.895802
53	143	2.96383
53	145	2.14429
53	147	1.86057
53	150	0.81828
53	169	0.80249
53	173	2.24201
54	2	0.901849
54	15	1.02056
54	16	1.02056
54	19	0.974815
54	40	0.974574
54	50	0.981335
54	52	0.980386
54	83	0.944211
54	102	1.3229
54	113	1.3672
54	150	0.906533
54	158	1.88136
54	161	1.36359
54	169	0.890743
54	173	1.98985
54	178	3.06217
55	22	0.849648
55	48	0.944338
55	74	0.892535
55	76	0.812001
55	77	0.412885
55	123	0.862018
55	143	0.810929
55	150	0.848383
55	173	0.813558
55	175	0.783914
55	176	0.797185
55	177	0.765117
55	178	0.779161
55	179	0.805494
55	180	0.787411
56	3	0.850757
56	6	0.968058
56	63	0.890749
56	65	1.01675
56	68	0.889888
56	69	0.889611
56	105	1.9124
56	115	1.05638
56	121	0.837701
56	145	0.80848
56	152	1.94332
56	161	0.850286
56	164	2.93108
56	169	0.813157
56	170	2.50068
56	173	0.794122
57	10	0.963547
57	71	0.894433
57	82	0.946785
57	89	0.879438
57	92	0.928409
57	97	0.858873
57	98	0.910297
57	100	0.896025
57	101	0.895808
57	119	1.54445
57	144	2.88752
57	147	1.65406
57	149	1.78419
57	157	2.49361
57	165	0.719768
57	167	0.728254
58	12	0.905045
58	18	0.853654
58	20	0.858406
58	45	0.813943
58	46	0.892622
58	51	0.962199
58	61	0.843849
58	77	0.852994
58	80	0.852971
58	84	0.899168
58	115	0.934802
58	129	0.861953
58	140	1.20385
58	146	1.39747
58	167	4.90564
58	169	1.84145
59	23	1.85105
59	53	1.0127
59	85	1.01636
59	118	1.02774
59	132	0.84827
59	152	0.840714
59	157	0.821217
59	159	0.809
59	162	0.819512
59	166	0.845069
59	174	0.768699
59	175	0.76769
59	176	0.780961
59	177	0.748893
59	178	0.762937
59	180	0.771187
60	30	0.863717
60	70	0.832201
60	72	1.07683
60	73	0.901562
60	74	0.890798
60	78	0.847471
60	86	0.830169
60	96	0.793235
60	117	0.840779
60	118	0.839983
60	120	0.886419
60	123	0.829234
60	125	0.856662
60	130	2.39345
60	133	2.15951
60	141	2.2741
60	151	2.64636
61	12	0.88711
61	18	0.835718
61	20	0.84047
61	45	0.796007
61	46	0.874686
61	51	0.944264
61	58	0.843849
61	77	0.835059
61	80	0.835036
61	84	0.881233
61	109	0.780048
61	115	1.53491
61	129	0.844018
61	134	2.29036
61	138	1.9872
61	145	2.64898
61	155	2.14892
62	88	0.844288
62	90	0.902714
62	103	0.85435
62	107	0.87989
62	110	0.886239
62	111	0.860522
62	114	0.891867
62	116	0.843239
62	124	0.887889
62	126	0.887925
62	127	1.79044
62	132	1.96681
62	137	1.59935
62	142	1.85133
62	145	0.783673
62	167	0.704537
62	178	3.40546
63	3	0.817733
63	6	0.935034
63	11	0.922772
63	56	0.890749
63	65	0.98373
63	68	0.856864
63	69	0.856587
63	121	0.804677
63	128	1.24722
63	138	1.36404
63	145	0.775456
63	152	1.7987
63	161	0.817262
63	169	0.780133
63	173	0.761098
63	174	3.16689
63	180	3.09967
64	42	0.85149
64	76	0.897735
64	87	0.865975
64	91	0.850797
64	94	0.890191
64	108	0.814429
64	113	1.53123
64	127	0.829498
64	128	0.877458
64	129	0.861352
64	142	0.812046
64	146	1.40476
64	149	1.90257
64	150	1.61225
64	154	0.92483
64	177	4.16426
64	179	0.754462
65	3	0.943738
65	11	1.04878
65	56	1.01675
65	63	0.98373
65	68	0.98287
65	69	0.982593
65	105	1.34605
65	136	1.54004
65	145	0.901462
65	149	1.4505
65	161	0.943267
65	166	1.40794
65	169	0.906138
65	170	1.93432
65	173	0.887103
65	175	3.42804
66	24	1.01037
66	25	0.989021
66	26	0.989021
66	39	0.956261
66	44	1.14036
66	49	1.02253
66	81	0.823005
66	109	2.27952
66	121	2.23462
66	137	1.67796
66	146	1.66264
66	148	2.23719
66	153	0.875933
66	173	0.876997
66	176	0.860624
66	179	0.868934
67	36	2.37798
67	90	0.905746
67	95	0.888238
67	107	0.882923
67	110	0.889271
67	111	0.863554
67	114	0.894899
67	116	0.846272
67	124	0.890922
67	126	0.890958
67	128	1.34837
67	149	1.97338
67	155	0.854458
67	158	2.11621
67	165	0.699083
67	167	0.707569
67	168	2.04182
68	3	0.816872
68	6	0.934173
68	11	0.921911
68	56	0.889888
68	63	0.856864
68	65	0.98287
68	69	0.855727
68	121	0.803817
68	133	1.56021
68	142	1.79879
68	145	0.774596
68	147	1.89916
68	160	1.9837
68	161	0.816401
68	169	0.779272
68	173	0.760237
68	178	3.35293
69	3	0.816595
69	6	0.933897
69	11	0.921634
69	56	0.889611
69	63	0.856587
69	65	0.982593
69	68	0.855727
69	121	0.80354
69	139	1.62308
69	141	1.5396
69	145	0.774319
69	158	2.03693
69	161	0.816124
69	169	0.778995
69	170	2.37793
69	173	0.75996
69	180	3.12154
70	47	0.901497
70	60	0.832201
70	74	0.89884
70	86	0.838211
70	96	0.801277
70	106	0.82018
70	108	0.80426
70	113	1.41436
70	117	0.84882
70	118	0.848025
70	120	0.89446
70	121	1.85987
70	123	0.837276
70	125	0.864704
70	162	2.08061
70	164	2.69993
70	176	2.68678
71	17	0.923166
71	27	0.88271
71	57	0.894433
71	82	0.919626
71	89	0.852279
71	92	0.90125
71	97	0.831714
71	98	0.883138
71	100	0.868866
71	101	0.86865
71	112	1.72717
71	133	1.94224
71	148	2.48808
71	155	2.06486
71	165	0.692609
71	167	0.701095
71	169	2.3575
72	38	0.834664
72	60	1.07683
72	83	0.148094
72	88	0.979516
72	103	0.544163
72	120	0.549471
72	152	0.933727
72	158	0.932662
72	160	0.915255
72	162	0.912526
72	166	0.938083
72	168	0.920221
72	170	0.900007
72	171	0.900118
72	174	0.861713
72	177	0.841907
72	178	0.85595
72	180	0.8642
73	60	0.901562
73	75	0.865442
73	83	0.89422
73	86	0.907572
73	96	0.870638
73	99	1.28702
73	106	0.889541
73	117	0.918181
73	118	0.917386
73	120	0.963821
73	123	0.906637
73	125	0.934065
73	153	0.820653
73	155	1.03506
73	164	1.68808
73	165	4.19702
73	166	1.41975
73	167	3.78421
74	29	0.91074
74	55	0.892535
74	60	0.890798
74	70	0.89884
74	75	0.854679
74	78	0.91411
74	79	0.951669
74	96	0.859875
74	106	0.878778
74	117	0.907418
74	118	0.906622
74	120	0.953058
74	123	0.895873
74	125	0.923302
74	130	1.9842
74	139	1.94833
74	146	1.72155
74	180	3.44679
75	47	0.857336
75	73	0.865442
75	74	0.854679
75	78	0.811352
75	85	0.794355
75	86	0.79405
75	96	0.757116
75	106	0.776019
75	117	0.80466
75	118	0.803864
75	120	0.850299
75	122	2.51191
75	123	0.793115
75	125	0.820543
75	129	0.807022
75	135	2.09832
75	138	1.58942
75	142	1.8671
75	174	3.39226
76	4	0.848291
76	9	0.848639
76	42	0.888644
76	55	0.812001
76	64	0.897735
76	87	0.90313
76	91	0.887951
76	94	0.927346
76	109	0.834536
76	113	1.76748
76	115	1.17834
76	121	2.21299
76	127	0.866653
76	128	0.914613
76	142	0.8492
76	147	2.00868
76	154	0.961985
76	178	3.46245
76	179	0.791616
77	12	0.896255
77	18	0.844863
77	20	0.849615
77	45	0.805152
77	46	0.883831
77	51	0.953409
77	53	0.873322
77	55	0.412885
77	58	0.852994
77	61	0.835059
77	80	0.844181
77	83	0.82684
77	84	0.890378
77	93	0.987727
77	109	0.789193
77	129	0.853163
77	134	1.53467
77	142	1.5092
77	157	2.44912
77	165	5.16287
78	29	0.867412
78	60	0.847471
78	74	0.91411
78	75	0.811352
78	85	0.853786
78	86	0.853481
78	102	1.7041
78	106	0.83545
78	117	0.864091
78	118	0.863295
78	120	0.909731
78	123	0.852546
78	125	0.879974
78	129	0.866453
78	150	1.82941
78	153	0.766562
78	155	1.77326
78	160	2.07414
78	164	3.03397
78	168	2.18817
79	22	1.98564
79	28	1.61259
79	74	0.951669
79	81	0.978207
79	118	0.738059
79	120	0.833558
79	152	0.839879
79	158	0.838814
79	159	0.808166
79	160	0.821407
79	162	0.818678
79	166	0.844235
79	170	0.806159
79	171	0.806269
79	174	0.767865
79	175	0.766856
79	177	0.748059
79	178	0.762102
79	180	0.770352
80	12	0.896232
80	18	0.844841
80	20	0.849592
80	45	0.805129
80	46	0.883808
80	51	0.953386
80	53	0.873299
80	58	0.852971
80	61	0.835036
80	77	0.844181
80	83	0.826817
80	84	0.890355
80	93	1.52351
80	109	0.78917
80	113	1.90415
80	129	0.85314
80	133	1.8064
80	143	3.24862
80	161	1.90054
80	169	2.22166
81	39	1.51481
81	66	0.823005
81	79	0.978207
81	84	0.698966
81	107	0.691897
81	124	0.613623
81	126	0.636298
81	144	0.830703
81	147	0.920196
81	148	0.860767
81	149	0.902879
81	153	0.845114
81	166	0.893913
81	171	0.855948
81	174	0.817543
81	175	0.816534
81	177	0.797737
81	178	0.811781
81	179	0.838114
81	180	0.820031
82	10	0.98874
82	27	0.935061
82	35	0.479889
82	37	0.926794
82	57	0.946785
82	71	0.919626
82	89	0.90463
82	92	0.953601
82	97	0.884065
82	98	0.935489
82	99	1.27102
82	100	0.921217
82	101	0.921001
82	139	0.882787
82	146	1.55618
82	155	1.70751
82	165	0.744961
82	167	0.753446
82	169	2.00016
82	172	3.09997
82	179	2.81741
83	30	0.856375
83	45	0.787788
83	50	0.846601
83	52	0.845651
83	54	0.944211
83	72	0.148094
83	73	0.89422
83	77	0.82684
83	80	0.826817
83	84	0.873014
83	85	0.823133
83	120	0.879077
83	123	0.821893
83	129	0.835799
83	131	1.34048
83	150	0.771799
83	155	1.35339
83	165	5.12303
83	166	1.65731
83	169	0.756009
83	172	2.74585
84	12	0.94243
84	18	0.891038
84	20	0.89579
84	45	0.851327
84	46	0.930006
84	51	0.999583
84	53	0.919496
84	58	0.899168
84	61	0.881233
84	77	0.890378
84	80	0.890355
84	81	0.698966
84	83	0.873014
84	109	0.835368
84	129	0.899338
84	135	2.03712
84	138	1.52822
84	139	1.76538
84	140	1.34497
84	171	2.38778
84	180	3.26384
85	29	0.850416
85	30	0.870032
85	47	0.899771
85	59	1.01636
85	75	0.794355
85	78	0.853786
85	83	0.823133
85	86	0.836485
85	96	0.799551
85	106	0.818453
85	117	0.847094
85	118	0.846298
85	120	0.892734
85	123	0.835549
85	125	0.862977
85	137	1.51188
85	138	1.48618
85	144	3.09769
85	153	0.749566
85	171	2.34574
85	179	2.75779
86	35	0.594219
86	53	0.86931
86	60	0.830169
86	70	0.838211
86	73	0.907572
86	75	0.79405
86	78	0.853481
86	85	0.836485
86	96	0.799246
86	106	0.818148
86	117	0.846789
86	118	0.845993
86	120	0.892429
86	123	0.835244
86	125	0.862673
86	128	1.5433
86	141	1.81381
86	144	3.27164
86	153	0.749261
86	163	2.57382
86	173	2.41962
87	4	0.816531
87	9	0.81688
87	42	0.856884
87	64	0.865975
87	76	0.90313
87	91	0.856192
87	94	0.895586
87	104	0.71107
87	109	0.802776
87	127	0.834893
87	128	0.882853
87	129	0.866746
87	141	1.61658
87	142	0.817441
87	143	2.94421
87	145	2.12467
87	149	1.97108
87	154	0.930225
87	163	2.37659
87	169	1.91726
87	179	0.759857
88	33	0.827371
88	62	0.844288
88	72	0.979516
88	90	0.872845
88	95	0.855337
88	103	0.824481
88	107	0.850021
88	108	1.97759
88	110	0.85637
88	111	0.830653
88	114	0.861998
88	116	0.81337
88	124	0.85802
88	126	0.858056
88	132	2.41626
88	150	2.24096
88	152	2.45775
88	154	0.90175
88	155	0.821556
88	165	0.666182
88	167	0.674668
88	168	2.59972
89	17	0.908171
89	27	0.867715
89	37	0.859447
89	57	0.879438
89	71	0.852279
89	82	0.90463
89	92	0.886254
89	97	0.816718
89	98	0.868143
89	99	1.40969
89	100	0.85387
89	101	0.853654
89	104	0.694027
89	112	1.5085
89	121	0.794457
89	131	1.83326
89	137	1.71017
89	139	0.81544
89	162	2.48756
89	165	0.677614
89	167	0.6861
89	177	4.45434
90	62	0.902714
90	67	0.905746
90	88	0.872845
90	95	0.913763
90	103	0.882907
90	107	0.908447
90	109	1.46735
90	110	0.914796
90	111	0.889078
90	114	0.920424
90	115	0.942385
90	116	0.871796
90	124	0.916446
90	126	0.916482
90	158	1.4911
90	160	1.30267
90	165	0.724607
90	167	0.733093
90	172	2.39425
90	175	3.32581
90	176	2.24935
90	179	2.1117
91	4	0.801353
91	9	0.801701
91	42	0.841706
91	64	0.850797
91	76	0.887951
91	87	0.856192
91	94	0.880408
91	104	0.695891
91	105	1.62209
91	108	0.804646
91	109	0.787598
91	127	0.819715
91	128	0.867675
91	129	0.851568
91	132	1.61152
91	142	0.802262
91	154	0.915047
91	164	2.64078
91	169	1.67272
91	174	3.0212
91	179	0.744678
91	180	2.95398
92	17	0.957141
92	27	0.916685
92	37	0.908417
92	57	0.928409
92	71	0.90125
92	82	0.953601
92	89	0.886254
92	97	0.865689
92	98	0.917113
92	100	0.902841
92	101	0.902625
92	121	0.843428
92	122	2.26272
92	130	1.61326
92	135	1.84913
92	139	0.864411
92	158	1.99123
92	165	0.726585
92	166	1.80585
92	167	0.73507
92	168	1.91684
92	176	2.74949
93	9	2.01231
93	13	1.43752
93	32	1.43608
93	77	0.987727
93	80	1.52351
93	99	0.978398
93	106	0.558297
93	143	0.816999
93	144	0.804153
93	148	0.834218
93	157	0.843511
93	158	0.861943
93	159	0.831295
93	164	0.821994
93	170	0.829288
93	172	0.818379
93	173	0.819629
93	174	0.790994
93	175	0.789985
93	177	0.771188
93	178	0.785231
93	180	0.793481
94	4	0.840747
94	9	0.841096
94	42	0.8811
94	64	0.890191
94	76	0.927346
94	87	0.895586
94	91	0.880408
94	104	0.735286
94	105	1.99476
94	108	0.84404
94	109	0.826993
94	119	1.85946
94	127	0.859109
94	128	0.907069
94	129	0.890962
94	142	0.841657
94	145	2.2528
94	151	2.11697
94	154	0.954441
94	161	1.72426
94	162	2.39412
94	173	2.35052
94	179	0.784073
95	33	0.868288
95	38	0.854423
95	67	0.888238
95	88	0.855337
95	90	0.913763
95	103	0.865399
95	107	0.890939
95	110	0.897287
95	111	0.87157
95	114	0.902915
95	115	0.924877
95	116	0.854288
95	124	0.898938
95	126	0.898974
95	128	1.61319
95	138	1.73001
95	142	2.00769
95	159	2.322
95	161	1.86324
95	165	0.707099
95	167	0.715585
95	168	2.30663
95	170	2.72202
96	29	0.813177
96	30	0.832793
96	47	0.862531
96	60	0.793235
96	70	0.801277
96	73	0.870638
96	74	0.859875
96	75	0.757116
96	85	0.799551
96	86	0.799246
96	106	0.781214
96	109	1.87565
96	117	0.809855
96	118	0.809059
96	119	1.51683
96	120	0.855495
96	123	0.79831
96	125	0.825738
96	146	1.25876
96	153	0.712327
96	157	2.46599
96	163	2.16207
96	167	4.76693
97	10	0.900828
97	17	0.887606
97	27	0.847149
97	37	0.838882
97	57	0.858873
97	71	0.831714
97	82	0.884065
97	89	0.816718
97	92	0.865689
97	98	0.847578
97	100	0.833305
97	101	0.833089
97	104	0.673461
97	108	1.88111
97	121	0.773892
97	136	2.52435
97	137	1.95232
97	139	0.794875
97	153	2.45478
97	156	2.30338
97	165	0.657049
97	167	0.665535
97	173	2.68611
98	10	0.952252
98	17	0.93903
98	27	0.898574
98	37	0.890306
98	57	0.910297
98	71	0.883138
98	82	0.935489
98	89	0.868143
98	92	0.917113
98	97	0.847578
98	100	0.884729
98	101	0.884513
98	104	0.724886
98	127	1.53195
98	139	0.846299
98	145	1.97694
98	153	1.84332
98	159	1.90715
98	161	1.44839
98	165	0.708473
98	166	1.78079
98	167	0.716959
98	177	4.08504
99	8	0.977684
99	73	1.28702
99	82	1.27102
99	89	1.40969
99	93	0.978398
99	118	1.22278
99	125	0.435285
99	133	0.903816
99	144	0.807765
99	148	0.837829
99	149	0.879941
99	151	0.859428
99	154	0.661036
99	157	0.847123
99	159	0.834906
99	162	0.845418
99	166	0.870975
99	168	0.853113
99	170	0.8329
99	171	0.83301
99	172	0.82199
99	174	0.794605
99	178	0.788842
99	180	0.797093
100	10	0.93798
100	17	0.924758
100	27	0.884301
100	37	0.876034
100	57	0.896025
100	71	0.868866
100	82	0.921217
100	89	0.85387
100	92	0.902841
100	97	0.833305
100	98	0.884729
100	101	0.870241
100	104	0.710613
100	121	0.811044
100	135	1.77608
100	139	0.832027
100	150	1.48504
100	156	1.64394
100	158	1.91819
100	165	0.694201
100	167	0.702687
100	168	1.8438
100	175	3.75291
100	176	2.67645
101	10	0.937763
101	17	0.924541
101	27	0.884085
101	35	0.677362
101	37	0.875817
101	57	0.895808
101	71	0.86865
101	82	0.921001
101	89	0.853654
101	92	0.902625
101	97	0.833089
101	98	0.884513
101	100	0.870241
101	104	0.710397
101	121	0.810827
101	134	2.04643
101	139	0.831811
101	150	1.96113
101	153	2.27144
101	158	2.39428
101	160	2.20586
101	165	0.693984
101	167	0.70247
101	171	2.60283
102	20	2.11067
102	22	2.83769
102	54	1.3229
102	78	1.7041
102	113	0.840347
102	121	0.781976
102	125	0.802615
102	130	0.816018
102	140	0.860204
102	152	0.781776
102	153	0.737332
102	157	0.762279
102	159	0.750062
102	160	0.763303
102	162	0.760575
102	164	0.740762
102	166	0.786131
102	171	0.748166
102	172	0.737146
102	174	0.709761
102	175	0.708752
102	177	0.689955
102	178	0.703999
102	180	0.712249
103	7	0.903622
103	13	0.874132
103	33	0.837433
103	62	0.85435
103	72	0.544163
103	88	0.824481
103	90	0.882907
103	95	0.865399
103	107	0.860083
103	110	0.866432
103	111	0.840715
103	114	0.87206
103	116	0.823432
103	124	0.868082
103	126	0.868118
103	139	1.82491
103	141	1.74143
103	145	0.763866
103	155	0.831618
103	162	2.39084
103	165	0.676244
103	167	0.68473
103	168	2.16437
103	172	3.14192
103	179	2.85936
104	36	0.642855
104	87	0.71107
104	89	0.694027
104	91	0.695891
104	94	0.735286
104	97	0.673461
104	98	0.724886
104	100	0.710613
104	101	0.710397
104	116	4.26893
104	125	3.7196
104	127	0.674593
104	142	0.65714
104	143	0.604991
104	144	0.592145
104	154	0.769925
104	157	0.631503
104	160	0.632527
104	167	0.542843
104	171	0.61739
104	172	0.60637
104	175	0.577976
104	179	0.599556
104	180	0.581473
105	18	1.83958
105	44	1.28511
105	56	1.9124
105	65	1.34605
105	91	1.62209
105	94	1.99476
105	122	0.801739
105	132	0.824125
105	133	0.853765
105	134	0.826885
105	143	0.77056
105	144	0.757714
105	146	0.884528
105	148	0.787779
105	152	0.816569
105	158	0.815504
105	160	0.798096
105	163	0.793807
105	168	0.803062
105	170	0.782849
105	174	0.744554
105	175	0.743545
105	177	0.724748
105	178	0.738792
105	180	0.747042
106	30	0.851696
106	47	0.881434
106	70	0.82018
106	73	0.889541
106	74	0.878778
106	75	0.776019
106	78	0.83545
106	85	0.818453
106	86	0.818148
106	93	0.558297
106	96	0.781214
106	109	1.42935
106	115	0.876808
106	117	0.828758
106	118	0.827962
106	119	1.07053
106	120	0.874398
106	123	0.817213
106	125	0.844641
106	129	0.83112
106	147	1.18014
106	153	0.73123
106	165	4.73344
106	172	2.35626
106	177	3.57197
107	13	0.899672
107	62	0.87989
107	67	0.882923
107	81	0.691897
107	88	0.850021
107	90	0.908447
107	95	0.890939
107	103	0.860083
107	110	0.891972
107	111	0.866255
107	114	0.8976
107	115	0.919561
107	116	0.848973
107	124	0.893622
107	126	0.893658
107	128	1.40432
107	131	1.66994
107	146	1.53153
107	152	1.9558
107	154	0.937352
107	155	0.857159
107	165	0.701784
107	167	0.71027
107	171	2.38071
107	174	3.32399
107	179	2.79276
108	3	2.02404
108	42	0.805338
108	43	1.46222
108	49	0.951494
108	64	0.814429
108	70	0.80426
108	88	1.97759
108	91	0.804646
108	94	0.84404
108	97	1.88111
108	114	1.32398
108	117	0.812838
108	118	0.812042
108	123	0.801293
108	125	0.828722
108	129	0.8152
108	130	0.793996
108	139	0.780937
108	146	0.827714
108	148	0.730964
108	154	0.878679
108	175	0.686731
108	177	0.667933
108	178	0.681977
108	179	0.70831
108	180	0.690227
109	23	2.94814
109	45	0.750142
109	46	0.828821
109	61	0.780048
109	66	2.27952
109	76	0.834536
109	77	0.789193
109	80	0.78917
109	84	0.835368
109	87	0.802776
109	90	1.46735
109	91	0.787598
109	94	0.826993
109	96	1.87565
109	106	1.42935
109	121	0.742907
109	135	0.765007
109	139	0.76389
109	164	0.701692
109	165	0.626064
109	174	0.670692
109	175	0.669683
109	178	0.664929
109	179	0.691263
109	180	0.67318
110	7	0.935511
110	38	0.855456
110	62	0.886239
110	67	0.889271
110	88	0.85637
110	90	0.914796
110	95	0.897287
110	103	0.866432
110	107	0.891972
110	111	0.872603
110	114	0.903948
110	116	0.855321
110	124	0.899971
110	126	0.900007
110	127	1.84908
110	131	1.78108
110	132	2.02545
110	145	0.795754
110	148	2.21722
110	150	1.85015
110	152	2.06694
110	153	2.16045
110	154	0.9437
110	163	2.54598
110	165	0.708132
110	167	0.716618
111	7	0.909793
111	13	0.880303
111	33	0.843604
111	38	0.829739
111	62	0.860522
111	67	0.863554
111	88	0.830653
111	90	0.889078
111	95	0.87157
111	103	0.840715
111	107	0.866255
111	110	0.872603
111	113	1.77064
111	114	0.878231
111	116	0.829604
111	124	0.874254
111	126	0.87429
111	133	1.6729
111	145	0.770037
111	146	1.64418
111	152	2.06845
111	153	2.16196
111	154	0.917983
111	156	2.01056
111	167	0.690901
111	171	2.49336
111	176	3.04306
112	10	1.0574
112	17	1.56538
112	37	1.61834
112	71	1.72717
112	89	1.5085
112	117	0.96246
112	135	0.861361
112	141	0.875821
112	144	0.780205
112	147	0.869699
112	151	0.831868
112	154	0.759845
112	156	0.840701
112	158	0.837995
112	159	0.807347
112	160	0.820588
112	162	0.817859
112	166	0.843416
112	170	0.80534
112	171	0.805451
112	172	0.794431
112	174	0.767046
112	175	0.766037
112	177	0.74724
112	178	0.761283
112	179	0.787617
112	180	0.769533
113	54	1.3672
113	64	1.53123
113	70	1.41436
113	76	1.76748
113	80	1.90415
113	102	0.840347
113	111	1.77064
113	122	0.794971
113	130	0.844044
113	132	0.817357
113	133	0.846997
113	134	0.820118
113	140	0.88823
113	144	0.750946
113	146	0.877761
113	148	0.781011
113	149	0.823123
113	154	1.07266
113	160	0.791329
113	162	0.7886
113	163	0.787039
113	169	0.785457
113	172	0.765172
113	174	0.737787
113	175	0.736778
113	177	0.717981
113	178	0.732024
113	179	0.758358
113	180	0.740274
114	7	0.941139
114	13	0.911648
114	33	0.874949
114	38	0.861084
114	62	0.891867
114	67	0.894899
114	88	0.861998
114	90	0.920424
114	95	0.902915
114	103	0.87206
114	107	0.8976
114	108	1.32398
114	110	0.903948
114	111	0.878231
114	116	0.860949
114	124	0.905599
114	126	0.905635
114	128	1.25266
114	137	1.39519
114	145	0.801382
114	155	0.869135
114	156	1.74625
114	162	2.17258
114	165	0.71376
114	167	0.722246
114	170	2.36149
114	173	2.12898
114	176	2.77875
114	179	2.6411
115	16	1.2222
115	21	1.06616
115	27	1.45842
115	39	1.89177
115	41	1.25701
115	56	1.05638
115	58	0.934802
115	61	1.53491
115	76	1.17834
115	90	0.942385
115	95	0.924877
115	106	0.876808
115	107	0.919561
115	116	0.88291
115	117	0.905449
115	118	0.904653
115	120	0.951089
115	123	0.893904
115	124	0.92756
115	125	0.921332
115	126	0.927596
115	132	0.859921
115	143	0.806355
115	144	0.793509
115	153	0.807921
115	170	0.818645
115	177	0.760544
115	178	0.774587
115	180	0.782838
116	7	0.892511
116	33	0.826322
116	38	0.812457
116	62	0.843239
116	67	0.846272
116	88	0.81337
116	90	0.871796
116	95	0.854288
116	103	0.823432
116	104	4.26893
116	107	0.848973
116	110	0.855321
116	111	0.829604
116	114	0.860949
116	115	0.88291
116	119	1.52784
116	124	0.856971
116	126	0.857007
116	127	1.47619
116	136	1.85713
116	145	0.752755
116	151	1.78535
116	154	0.900701
116	155	0.820508
116	165	0.665133
116	166	1.72503
116	167	0.673619
116	170	2.25141
116	171	2.11896
117	29	0.86072
117	30	0.880337
117	47	0.910075
117	60	0.840779
117	70	0.84882
117	73	0.918181
117	74	0.907418
117	75	0.80466
117	78	0.864091
117	85	0.847094
117	86	0.846789
117	96	0.809855
117	106	0.828758
117	108	0.812838
117	112	0.96246
117	115	0.905449
117	118	0.856603
117	120	0.903038
117	123	0.845854
117	125	0.873282
117	129	0.859761
117	149	1.64661
117	152	1.57308
117	153	0.75987
117	157	2.35603
117	161	1.27166
117	162	1.94153
117	170	2.13044
117	175	3.62416
117	180	2.87405
118	29	0.859925
118	30	0.879541
118	47	0.909279
118	53	0.879123
118	59	1.02774
118	60	0.839983
118	70	0.848025
118	73	0.917386
118	74	0.906622
118	75	0.803864
118	78	0.863295
118	79	0.738059
118	85	0.846298
118	86	0.845993
118	96	0.809059
118	99	1.22278
118	106	0.827962
118	108	0.812042
118	115	0.904653
118	117	0.856603
118	120	0.902243
118	123	0.845058
118	125	0.872486
118	132	1.89072
118	140	1.31431
118	151	2.02351
118	153	0.759074
118	163	2.41125
118	179	2.76917
118	180	3.23318
119	42	1.64558
119	44	1.14982
119	48	1.2855
119	57	1.54445
119	94	1.85946
119	96	1.51683
119	106	1.07053
119	116	1.52784
119	143	0.811824
119	149	0.871155
119	150	0.849278
119	151	0.850641
119	152	0.857833
119	156	0.859473
119	158	0.856768
119	159	0.826119
119	160	0.83936
119	162	0.836632
119	163	0.835071
119	164	0.816819
119	166	0.862188
119	168	0.844326
119	170	0.824113
119	171	0.824223
119	174	0.785818
119	175	0.78481
119	177	0.766012
119	178	0.780056
119	180	0.788306
120	29	0.90636
120	47	0.955715
120	60	0.886419
120	70	0.89446
120	72	0.549471
120	73	0.963821
120	74	0.953058
120	75	0.850299
120	78	0.909731
120	79	0.833558
120	83	0.879077
120	85	0.892734
120	86	0.892429
120	96	0.855495
120	106	0.874398
120	115	0.951089
120	117	0.903038
120	118	0.902243
120	123	0.891494
120	125	0.918922
120	129	0.9054
120	134	1.89621
120	141	1.74674
120	146	1.60344
120	153	0.80551
120	155	1.75477
120	160	2.05564
120	168	2.16968
120	169	2.04742
120	174	3.3959
121	7	1.96047
121	16	2.25686
121	24	1.47519
121	56	0.837701
121	63	0.804677
121	66	2.23462
121	68	0.803817
121	69	0.80354
121	70	1.85987
121	76	2.21299
121	89	0.794457
121	92	0.843428
121	97	0.773892
121	100	0.811044
121	101	0.810827
121	102	0.781976
121	109	0.742907
121	122	0.7366
121	160	0.732957
121	161	0.764214
121	164	0.710416
121	165	0.634787
121	166	0.755786
121	167	0.643273
121	169	0.727086
121	170	0.71771
121	173	0.70805
121	174	0.679416
121	178	0.673653
121	180	0.681903
122	26	2.1491
122	50	2.44569
122	75	2.51191
122	92	2.26272
122	105	0.801739
122	113	0.794971
122	121	0.7366
122	131	0.790669
122	133	0.773596
122	136	0.754432
122	138	0.802136
122	143	0.690391
122	146	0.80436
122	147	0.767038
122	151	0.729208
122	154	1.85831
122	157	0.716903
122	160	0.717927
122	162	0.715199
122	163	0.713638
122	165	0.619757
122	167	0.628243
122	168	0.722893
122	170	0.70268
122	171	0.70279
122	172	0.69177
122	175	0.663377
122	177	0.644579
122	178	0.658623
122	180	0.666873
123	29	0.849176
123	30	0.868792
123	47	0.89853
123	53	0.868374
123	55	0.862018
123	60	0.829234
123	70	0.837276
123	73	0.906637
123	74	0.895873
123	75	0.793115
123	78	0.852546
123	83	0.821893
123	85	0.835549
123	86	0.835244
123	96	0.79831
123	106	0.817213
123	108	0.801293
123	115	0.893904
123	117	0.845854
123	118	0.845058
123	120	0.891494
123	125	0.861737
123	137	1.70636
123	141	1.83433
123	145	2.34243
123	148	2.26558
123	149	2.18883
123	150	1.89851
123	153	0.748326
123	159	2.27264
123	176	3.08992
124	7	0.937161
124	13	0.907671
124	33	0.870972
124	38	0.857107
124	62	0.887889
124	67	0.890922
124	81	0.613623
124	88	0.85802
124	90	0.916446
124	95	0.898938
124	103	0.868082
124	107	0.893622
124	110	0.899971
124	111	0.874254
124	114	0.905599
124	115	0.92756
124	116	0.856971
124	126	0.901657
124	136	2.0406
124	139	1.68003
124	145	0.797405
124	146	1.45325
124	148	2.02781
124	152	1.87752
124	154	0.945351
124	155	0.865157
124	156	1.81964
124	160	1.90546
124	165	0.709783
124	167	0.718268
124	172	2.99704
124	174	3.24572
125	29	0.876604
125	30	0.89622
125	47	0.925958
125	53	0.895802
125	60	0.856662
125	70	0.864704
125	73	0.934065
125	74	0.923302
125	75	0.820543
125	78	0.879974
125	85	0.862977
125	86	0.862673
125	96	0.825738
125	99	0.435285
125	102	0.802615
125	104	3.7196
125	106	0.844641
125	108	0.828722
125	115	0.921332
125	117	0.873282
125	118	0.872486
125	120	0.918922
125	123	0.861737
125	129	0.875644
125	140	1.09584
125	142	0.987747
125	144	2.32158
125	153	0.775754
125	172	2.26423
125	174	2.51291
125	176	2.11933
125	179	1.98168
126	7	0.937197
126	13	0.907707
126	33	0.871008
126	38	0.857143
126	62	0.887925
126	67	0.890958
126	81	0.636298
126	88	0.858056
126	90	0.916482
126	95	0.898974
126	103	0.868118
126	107	0.893658
126	110	0.900007
126	111	0.87429
126	114	0.905635
126	115	0.927596
126	116	0.857007
126	124	0.901657
126	127	1.68234
126	138	1.46555
126	140	1.2823
126	143	2.94686
126	145	0.797441
126	154	0.945387
126	155	0.865193
126	158	2.11656
126	163	2.37924
126	165	0.709819
126	166	1.93118
126	167	0.718305
126	172	3.01972
126	173	2.22504
127	4	0.780054
127	8	0.89425
127	23	0.767878
127	25	1.57685
127	29	2.09314
127	62	1.79044
127	64	0.829498
127	76	0.866653
127	87	0.834893
127	91	0.819715
127	94	0.859109
127	98	1.53195
127	104	0.674593
127	110	1.84908
127	116	1.47619
127	126	1.68234
127	139	0.796006
127	142	0.780964
127	147	0.805461
127	154	0.893748
127	155	0.813555
127	161	0.787607
127	163	0.752061
127	166	0.779179
127	172	0.730193
127	175	0.7018
127	177	0.683002
127	178	0.697046
127	179	0.723379
127	180	0.705296
128	28	0.818466
128	31	0.817506
128	33	1.84686
128	34	0.883106
128	41	0.882769
128	43	0.882642
128	48	0.910184
128	51	1.06909
128	52	1.47498
128	63	1.24722
128	64	0.877458
128	67	1.34837
128	76	0.914613
128	86	1.5433
128	87	0.882853
128	91	0.867675
128	94	0.907069
128	95	1.61319
128	107	1.40432
128	114	1.25266
128	140	0.901212
128	142	0.828924
128	150	0.814229
128	160	0.804311
128	166	0.827139
128	168	0.809277
128	170	0.789063
128	176	0.76303
128	177	0.730963
128	178	0.745006
128	179	0.77134
128	180	0.753256
129	9	0.812256
129	20	0.858575
129	42	0.852261
129	51	0.962368
129	58	0.861953
129	61	0.844018
129	64	0.861352
129	75	0.807022
129	77	0.853163
129	78	0.866453
129	80	0.85314
129	83	0.835799
129	84	0.899338
129	87	0.866746
129	91	0.851568
129	94	0.890962
129	106	0.83112
129	108	0.8152
129	117	0.859761
129	120	0.9054
129	125	0.875644
129	142	0.812817
129	145	1.94285
129	150	1.49894
129	151	1.80702
129	152	1.71572
129	153	0.762232
129	157	2.49867
129	158	1.93208
129	169	1.73543
129	173	2.04057
129	174	3.08391
129	178	3.11289
129	179	0.755233
130	4	1.90867
130	38	2.15129
130	40	1.85904
130	48	1.29009
130	60	2.39345
130	74	1.9842
130	92	1.61326
130	102	0.816018
130	108	0.793996
130	113	0.844044
130	133	0.822668
130	141	0.822233
130	142	0.791613
130	144	0.726617
130	151	0.778281
130	152	0.785472
130	156	0.787113
130	157	0.765975
130	158	0.784407
130	159	0.753759
130	162	0.764271
130	163	0.76271
130	164	0.744458
130	166	0.789828
130	167	0.677315
130	171	0.751863
130	172	0.740843
130	174	0.713458
130	175	0.712449
130	177	0.693652
130	178	0.707695
130	179	0.734029
130	180	0.715945
131	19	1.80713
131	45	2.10246
131	47	1.20877
131	83	1.34048
131	89	1.83326
131	107	1.66994
131	110	1.78108
131	122	0.790669
131	132	0.813056
131	134	0.815816
131	138	0.871235
131	140	0.883928
131	141	0.84226
131	149	0.818821
131	152	0.805499
131	153	0.761056
131	154	1.08461
131	156	0.80714
131	157	0.786002
131	159	0.773786
131	162	0.784298
131	163	0.782737
131	164	0.764485
131	166	0.809855
131	168	0.791993
131	170	0.77178
131	171	0.77189
131	172	0.76087
131	174	0.733485
131	175	0.732476
131	176	0.745747
131	177	0.713679
131	178	0.727722
131	180	0.735973
132	3	2.46271
132	10	1.62653
132	59	0.84827
132	62	1.96681
132	88	2.41626
132	91	1.61152
132	105	0.824125
132	110	2.02545
132	113	0.817357
132	115	0.859921
132	118	1.89072
132	131	0.813056
132	135	0.781087
132	146	0.826746
132	147	0.789425
132	148	0.729996
132	149	0.772108
132	153	0.714342
132	156	0.760427
132	157	0.739289
132	159	0.727073
132	160	0.740314
132	162	0.737585
132	163	0.736024
132	164	0.717772
132	166	0.763142
132	170	0.725066
132	171	0.725177
132	173	0.715407
132	174	0.686772
132	175	0.685763
132	177	0.666966
132	178	0.681009
132	179	0.707343
132	180	0.689259
133	1	2.11583
133	11	1.66796
133	18	1.47494
133	60	2.15951
133	68	1.56021
133	71	1.94224
133	80	1.8064
133	99	0.903816
133	105	0.853765
133	111	1.6729
133	113	0.846997
133	122	0.773596
133	130	0.822668
133	134	0.798742
133	140	0.866855
133	145	0.759405
133	149	0.801748
133	151	0.781234
133	156	0.790066
133	159	0.756713
133	160	0.769953
133	162	0.767225
133	164	0.747412
133	166	0.792782
133	167	0.680269
133	168	0.77492
133	170	0.754706
133	171	0.754816
133	172	0.743797
133	173	0.745046
133	174	0.716412
133	175	0.715403
