1	52	0.854292
1	62	0.833455
1	63	0.833384
1	65	0.833335
1	72	0.819646
1	75	0.873495
1	76	0.873517
1	77	0.873553
1	147	0.874227
1	149	2.02532
1	170	4.22017
1	174	0.733525
2	6	1.07699
2	10	0.968252
2	16	0.968304
2	32	0.955559
2	33	1.05007
2	34	0.955329
2	37	1.02506
2	124	1.45529
2	152	2.90631
2	176	2.76966
3	49	0.873359
3	73	0.830873
3	80	0.864843
3	81	0.864837
3	86	0.835775
3	88	0.8973
3	94	0.879473
3	141	0.788122
3	144	1.40128
3	166	0.769642
3	176	4.71623
3	177	0.796461
4	50	0.847868
4	51	0.848149
4	66	0.913913
4	83	0.839258
4	103	0.855833
4	110	0.844976
4	113	0.83823
4	115	0.833327
4	125	2.27536
4	126	0.829168
4	153	3.50521
4	162	0.750699
5	8	0.811137
5	9	0.813516
5	12	0.813516
5	21	0.877571
5	27	0.796169
5	28	0.872341
5	46	0.866044
5	60	0.834916
5	78	0.872833
5	131	0.852265
5	143	1.63252
5	162	4.48704
6	2	1.07699
6	7	0.93527
6	10	0.883937
6	16	0.883988
6	32	0.871244
6	33	0.965759
6	34	0.871013
6	37	0.940743
6	59	0.973362
6	71	1.32125
6	131	2.51889
6	163	3.30866
7	6	0.93527
7	21	1.12214
7	32	0.81384
7	33	0.908355
7	34	0.81361
7	37	0.883339
7	112	1.07432
7	154	0.871668
7	172	0.822323
7	176	0.792771
7	179	0.777195
7	180	0.786346
8	5	0.811137
8	9	0.803325
8	12	0.803325
8	28	0.86215
8	60	0.824725
8	61	0.90061
8	68	0.818677
8	70	0.877032
8	78	0.862642
8	93	1.32958
8	131	0.842074
8	178	4.38865
9	5	0.813516
9	8	0.803325
9	27	0.788357
9	46	0.858232
9	60	0.827104
9	61	0.902989
9	68	0.821056
9	70	0.879411
9	78	0.865021
9	131	0.844453
9	150	3.28724
9	178	2.83441
10	2	0.968252
10	6	0.883937
10	16	0.775251
10	32	0.762507
10	33	0.857022
10	34	0.762277
10	37	0.832006
10	48	0.856103
10	54	0.845238
10	59	0.864625
10	149	2.96558
10	177	3.12399
11	80	0.958569
11	81	0.958563
11	86	0.929501
11	88	0.991026
11	94	0.973199
11	123	0.957169
11	134	3.44555
11	136	3.10602
11	141	0.881848
11	153	1.95391
11	166	0.863368
11	177	0.890187
12	5	0.813516
12	8	0.803325
12	27	0.788357
12	46	0.858232
12	60	0.827104
12	61	0.902989
12	68	0.821056
12	70	0.879411
12	78	0.865021
12	131	0.844453
12	132	1.84643
12	136	4.51534
13	14	0.996358
13	25	0.981977
13	43	0.870558
13	57	0.927394
13	79	0.889857
13	82	0.937798
13	84	0.92319
13	85	0.969887
13	139	5.2555
13	142	2.18957
13	143	0.908668
13	155	1.89933
14	13	0.996358
14	56	0.93193
14	57	0.928003
14	58	0.914135
14	79	0.890466
14	82	0.938406
14	84	0.923798
14	85	0.970495
14	93	1.7222
14	119	1.32396
14	143	0.909276
14	144	3.64045
15	90	0.844899
15	106	0.817286
15	108	0.867286
15	111	0.844191
15	112	0.894345
15	115	0.844728
15	122	0.853192
15	126	0.840569
15	128	0.836433
15	162	0.7621
15	163	2.4685
15	177	3.44107
16	2	0.968304
16	6	0.883988
16	10	0.775251
16	32	0.762558
16	33	0.857073
16	34	0.762328
16	37	0.832057
16	48	0.856155
16	54	0.845289
16	59	0.864676
16	142	2.93041
16	169	3.0058
17	23	0.938765
17	24	0.939045
17	35	0.914633
17	40	0.939172
17	41	0.939066
17	42	0.938891
17	44	0.914213
17	140	1.18188
17	146	0.936345
17	151	0.938613
17	155	3.66076
17	178	2.47108
18	28	0.944822
18	35	0.920878
18	44	0.920458
18	68	0.90135
18	70	0.959704
18	78	0.945314
18	104	1.17658
18	131	0.924746
18	142	2.77802
18	146	0.94259
18	151	0.944858
18	169	2.85341
19	62	0.928241
19	63	0.928171
19	65	0.928121
19	72	0.914433
19	75	0.968282
19	76	0.968303
19	77	0.96834
19	102	2.12516
19	147	0.969014
19	163	1.37084
19	165	4.68928
19	174	0.828311
20	22	0.881421
20	25	0.886031
20	31	0.882471
20	43	0.774611
20	57	0.831448
20	79	0.793911
20	82	0.841852
20	84	0.827243
20	85	0.87394
20	143	0.812722
20	145	2.12905
20	160	3.68238
21	5	0.877571
21	7	1.12214
21	27	0.852412
21	28	0.928584
21	46	0.922287
21	59	1.41309
21	60	0.891158
21	61	0.967044
21	68	0.885111
21	70	0.943465
21	78	0.929076
21	131	0.908508
21	158	3.28406
22	20	0.881421
22	26	0.987854
22	43	0.852175
22	45	0.957887
22	56	0.912939
22	58	0.895144
22	59	2.12391
22	79	0.871475
22	84	0.904807
22	85	0.951504
22	109	1.36141
22	143	0.890285
22	171	5.77086
23	17	0.938765
23	24	0.924009
23	35	0.899597
23	40	0.924137
23	41	0.924031
23	42	0.923855
23	44	0.899178
23	93	2.23471
23	98	0.825672
23	133	2.06345
23	146	0.92131
23	151	0.923578
23	179	5.92213
24	17	0.939045
24	23	0.924009
24	35	0.899877
24	40	0.924416
24	41	0.92431
24	42	0.924134
24	44	0.899457
24	98	0.825951
24	130	1.45
24	131	1.52455
24	146	0.921589
24	151	0.923857
24	168	4.36929
25	13	0.981977
25	20	0.886031
25	43	0.856785
25	56	0.917549
25	58	0.899754
25	79	0.876085
25	82	0.924025
25	84	0.909417
25	85	0.956114
25	130	2.40381
25	143	0.894895
25	146	1.5567
25	172	3.30754
26	22	0.987854
26	82	0.948285
26	84	0.933677
26	85	0.980374
26	86	0.92328
26	94	0.966978
26	139	5.8445
26	143	0.919155
26	146	2.25918
26	157	2.0849
26	166	0.857147
26	177	0.883966
27	5	0.796169
27	9	0.788357
27	12	0.788357
27	21	0.852412
27	46	0.840885
27	60	0.809757
27	61	0.885642
27	68	0.803709
27	70	0.862064
27	78	0.847674
27	131	0.827106
27	151	2.30416
27	157	3.59455
28	5	0.872341
28	8	0.86215
28	18	0.944822
28	21	0.928584
28	60	0.885929
28	61	0.961814
28	68	0.879881
28	70	0.938236
28	78	0.923846
28	131	0.903278
28	150	2.45813
28	155	3.19498
28	161	1.989
29	52	0.924292
29	62	0.903455
29	63	0.903384
29	65	0.903335
29	72	0.889646
29	75	0.943495
29	76	0.943517
29	77	0.943553
29	133	2.10405
29	147	0.944227
29	173	5.92299
29	174	0.803525
29	178	1.37723
30	69	5.1
30	73	1.0058
30	80	1.03977
30	81	1.03976
30	86	1.0107
30	88	1.07222
30	94	1.0544
30	141	0.963045
30	152	1.5538
30	166	0.944565
30	170	2.48722
30	172	1.77912
30	177	0.971384
31	20	0.882471
31	45	0.958937
31	56	0.913989
31	57	0.910062
31	58	0.896194
31	79	0.872525
31	82	0.920465
31	84	0.905857
31	85	0.952554
31	134	3.51818
31	136	3.17865
31	143	0.891335
31	154	1.39355
32	2	0.955559
32	6	0.871244
32	7	0.81384
32	10	0.762507
32	16	0.762558
32	33	0.844329
32	34	0.749583
32	37	0.819313
32	48	0.84341
32	54	0.832545
32	59	0.851932
32	153	1.81315
32	176	4.40868
33	2	1.05007
33	6	0.965759
33	7	0.908355
33	10	0.857022
33	16	0.857073
33	32	0.844329
33	34	0.844098
33	37	0.913828
33	48	0.937925
33	54	0.927059
33	161	1.83875
33	168	3.81636
33	177	1.84804
34	2	0.955329
34	6	0.871013
34	7	0.81361
34	10	0.762277
34	16	0.762328
34	32	0.749583
34	33	0.844098
34	37	0.819082
34	48	0.84318
34	54	0.832314
34	59	0.851701
34	117	2.52074
34	159	3.73371
35	17	0.914633
35	18	0.920878
35	23	0.899597
35	24	0.899877
35	40	0.900004
35	41	0.899898
35	42	0.899723
35	44	0.875045
35	98	0.80154
35	145	1.60084
35	146	0.897177
35	151	0.899445
35	157	2.72342
35	160	3.15418
36	88	1.49437
36	97	0.844244
36	122	1.26717
36	144	0.866452
36	148	0.871825
36	157	0.835422
36	166	0.791501
36	168	0.799727
36	172	0.826106
36	173	0.780572
36	175	0.787064
36	178	0.827117
36	179	0.780977
36	180	0.790128
37	2	1.02506
37	6	0.940743
37	7	0.883339
37	10	0.832006
37	16	0.832057
37	32	0.819313
37	33	0.913828
37	34	0.819082
37	48	0.912909
37	54	0.902043
37	59	0.921431
37	100	2.26506
37	123	2.3129
37	145	2.70425
38	77	0.335555
38	84	0.814196
38	122	1.26685
38	150	0.905451
38	157	0.922567
38	159	0.920616
38	166	0.878646
38	170	0.901037
38	171	0.869287
38	173	0.867717
38	175	0.874209
38	178	0.914262
38	179	0.868122
38	180	0.877273
39	49	0.922245
39	53	2.1171
39	71	0.90413
39	73	0.87976
39	80	0.913729
39	81	0.913723
39	86	0.884661
39	88	0.946186
39	94	0.928359
39	123	0.912329
39	135	3.83189
39	141	0.837008
39	166	0.818528
39	177	0.845347
40	17	0.939172
40	23	0.924137
40	24	0.924416
40	35	0.900004
40	41	0.924438
40	42	0.924262
40	44	0.899585
40	59	1.263
40	98	0.826079
40	130	3.13438
40	133	2.10487
40	146	0.921717
40	151	0.923985
41	17	0.939066
41	23	0.924031
41	24	0.92431
41	35	0.899898
41	40	0.924438
41	42	0.924156
41	44	0.899479
41	98	0.825973
41	109	1.90817
41	132	3.17343
41	133	2.08784
41	146	0.921611
41	151	0.923879
42	17	0.938891
42	23	0.923855
42	24	0.924134
42	35	0.899723
42	40	0.924262
42	41	0.924156
42	44	0.899303
42	98	0.825797
42	119	1.16228
42	129	2.60476
42	146	0.921435
42	151	0.923703
42	166	3.9079
43	13	0.870558
43	20	0.774611
43	22	0.852175
43	25	0.856785
43	45	0.851078
43	56	0.80613
43	58	0.788335
43	79	0.764665
43	82	0.812605
43	84	0.797997
43	85	0.844694
43	134	3.53627
43	143	0.783475
43	162	3.54499
44	17	0.914213
44	18	0.920458
44	23	0.899178
44	24	0.899457
44	35	0.875045
44	40	0.899585
44	41	0.899479
44	42	0.899303
44	98	0.80112
44	116	1.43169
44	119	2.11885
44	146	0.896758
44	151	0.899026
44	174	7.15057
45	22	0.957887
45	31	0.958937
45	43	0.851078
45	57	0.907914
45	58	0.894047
45	79	0.870377
45	82	0.918318
45	84	0.90371
45	85	0.950407
45	117	2.27807
45	123	1.59158
45	135	3.0079
45	143	0.889188
46	5	0.866044
46	9	0.858232
46	12	0.858232
46	21	0.922287
46	27	0.840885
46	60	0.879631
46	61	0.955517
46	68	0.873584
46	70	0.931939
46	78	0.917549
46	105	2.01222
46	117	1.81819
46	118	3.68898
46	131	0.896981
47	52	0.924292
47	62	0.903455
47	63	0.903384
47	65	0.903335
47	72	0.889646
47	75	0.943495
47	76	0.943517
47	77	0.943553
47	129	1.77933
47	141	3.09446
47	147	0.944227
47	174	0.803525
47	180	3.55263
48	10	0.856103
48	16	0.856155
48	32	0.84341
48	33	0.937925
48	34	0.84318
48	37	0.912909
48	86	0.883421
48	88	0.944946
48	94	0.92712
48	141	0.835768
48	144	1.2769
48	155	3.6074
48	156	3.31541
48	166	0.817288
48	177	0.844107
49	3	0.873359
49	39	0.922245
49	73	0.862519
49	80	0.896488
49	81	0.896483
49	86	0.86742
49	88	0.928945
49	94	0.911119
49	123	0.895089
49	132	1.3799
49	140	2.28577
49	141	0.819767
49	166	0.801287
49	173	6.777
49	177	0.828106
50	4	0.847868
50	90	0.875856
50	91	0.864303
50	103	0.898191
50	110	0.887334
50	111	0.875147
50	112	0.925301
50	115	0.875685
50	122	0.884149
50	126	0.871526
50	129	2.08858
50	147	0.906094
50	159	1.97271
50	162	0.793057
50	176	4.43697
51	4	0.848149
51	90	0.876137
51	92	0.917886
51	101	0.893234
51	103	0.898471
51	104	2.05687
51	109	2.52779
51	111	0.875428
51	113	0.880868
51	115	0.875965
51	126	0.871807
51	128	0.867671
51	147	0.906375
51	148	3.24353
51	162	0.793338
52	1	0.854292
52	29	0.924292
52	47	0.924292
52	62	0.861255
52	63	0.861184
52	65	0.861135
52	72	0.847446
52	75	0.901295
52	76	0.901317
52	77	0.901353
52	93	1.3135
52	147	0.902027
52	148	2.92115
52	158	3.41419
52	174	0.761325
53	39	2.1171
53	76	1.46969
53	135	0.828252
53	138	0.846537
53	149	0.827547
53	151	0.884679
53	154	0.8557
53	159	0.813721
53	164	0.772029
53	167	0.765206
53	170	0.794142
53	176	0.776804
53	178	0.807367
53	179	0.761227
53	180	0.770378
54	10	0.845238
54	16	0.845289
54	32	0.832545
54	33	0.927059
54	34	0.832314
54	37	0.902043
54	72	0.864038
54	75	0.917887
54	76	0.917908
54	77	0.917945
54	137	4.513
54	142	2.04826
54	147	0.918619
54	159	1.88439
54	174	0.777916
55	56	3.46105
55	106	0.747455
55	108	0.797455
55	110	0.786547
55	112	0.824514
55	113	0.7798
55	120	0.791502
55	142	0.764941
55	154	0.77706
55	158	0.751735
55	173	0.682182
55	176	0.698163
55	178	0.728726
55	179	0.682587
55	180	0.691738
56	14	0.93193
56	22	0.912939
56	25	0.917549
56	31	0.913989
56	43	0.80613
56	55	3.46105
56	57	0.862967
56	58	0.849099
56	79	0.825429
56	82	0.87337
56	84	0.858762
56	85	0.905459
56	105	1.59668
56	143	0.84424
56	151	1.45743
57	13	0.927394
57	14	0.928003
57	20	0.831448
57	31	0.910062
57	45	0.907914
57	56	0.862967
57	58	0.845171
57	79	0.821502
57	82	0.869442
57	84	0.854834
57	85	0.901531
57	100	1.32219
57	143	0.840312
57	171	4.84358
57	180	2.83295
58	14	0.914135
58	22	0.895144
58	25	0.899754
58	31	0.896194
58	43	0.788335
58	45	0.894047
58	56	0.849099
58	57	0.845171
58	79	0.807634
58	82	0.855575
58	84	0.840967
58	85	0.887664
58	127	3.3926
58	143	0.826445
58	148	1.82028
58	178	3.2717
59	6	0.973362
59	10	0.864625
59	16	0.864676
59	21	1.41309
59	22	2.12391
59	32	0.851932
59	34	0.851701
59	37	0.921431
59	40	1.263
59	153	0.863627
59	175	0.821373
59	176	0.830863
59	177	0.852629
59	178	0.861426
59	179	0.815286
59	180	0.824437
60	5	0.834916
60	8	0.824725
60	9	0.827104
60	12	0.827104
60	21	0.891158
60	27	0.809757
60	28	0.885929
60	46	0.879631
60	61	0.924389
60	68	0.842456
60	70	0.90081
60	78	0.886421
60	104	1.52239
60	131	0.865853
60	145	1.43082
60	175	6.05536
61	8	0.90061
61	9	0.902989
61	12	0.902989
61	21	0.967044
61	27	0.885642
61	28	0.961814
61	46	0.955517
61	60	0.924389
61	68	0.918341
61	70	0.976696
61	78	0.962306
61	95	6.6
61	116	2.77669
61	131	0.941738
61	163	2.03878
61	173	3.29461
62	1	0.833455
62	19	0.928241
62	29	0.903455
62	47	0.903455
62	52	0.861255
62	63	0.840347
62	65	0.840297
62	72	0.826609
62	75	0.880458
62	76	0.880479
62	77	0.880516
62	147	0.88119
62	151	1.05379
62	166	4.14874
62	169	2.96898
62	174	0.740487
63	1	0.833384
63	19	0.928171
63	29	0.903384
63	47	0.903384
63	52	0.861184
63	62	0.840347
63	65	0.840226
63	72	0.826538
63	75	0.880387
63	76	0.880409
63	77	0.880445
63	147	0.881119
63	149	1.64404
63	170	2.54928
63	174	0.740417
63	179	5.08168
64	74	0.804209
64	79	3.4845
64	95	0.735256
64	135	0.78302
64	136	0.748037
64	161	0.797793
64	167	0.719973
64	168	0.734744
64	170	0.74891
64	171	0.717159
64	172	0.761123
64	173	0.71559
64	176	0.731571
64	178	0.762134
64	179	0.715994
64	180	0.725146
65	1	0.833335
65	19	0.928121
65	29	0.903335
65	47	0.903335
65	52	0.861135
65	62	0.840297
65	63	0.840226
65	72	0.826488
65	75	0.880338
65	76	0.880359
65	77	0.880395
65	147	0.881069
65	157	2.63776
65	163	2.33383
65	174	0.740367
65	178	3.31341
66	4	0.913913
66	67	4.8
66	83	0.94766
66	91	0.930347
66	96	0.918447
66	99	0.96958
66	111	0.941192
66	115	0.941729
66	120	0.958334
66	121	2.07749
66	122	0.950193
66	126	0.93757
66	128	0.933435
66	146	1.33207
66	151	1.21511
66	162	0.859101
67	66	4.8
67	98	0.725477
67	102	0.756007
67	116	0.805457
67	131	0.803271
67	148	0.790779
67	158	0.76908
67	163	0.77524
67	167	0.70391
67	168	0.718681
67	169	0.737038
67	172	0.74506
67	176	0.715508
67	178	0.746071
67	179	0.699931
67	180	0.709082
68	8	0.818677
68	9	0.821056
68	12	0.821056
68	18	0.90135
68	21	0.885111
68	27	0.803709
68	28	0.879881
68	46	0.873584
68	60	0.842456
68	61	0.918341
68	70	0.894763
68	78	0.880373
68	104	1.56013
68	131	0.859805
68	149	3.17641
68	156	4.23952
69	30	5.1
69	95	0.728073
69	118	0.74959
69	133	0.826959
69	140	0.827228
69	149	0.775131
69	164	0.719612
69	165	0.711499
69	169	0.745918
69	170	0.741726
69	173	0.708406
69	175	0.714897
69	176	0.724387
69	177	0.746153
69	178	0.75495
69	179	0.708811
69	180	0.717962
70	8	0.877032
70	9	0.879411
70	12	0.879411
70	18	0.959704
70	21	0.943465
70	27	0.862064
70	28	0.938236
70	46	0.931939
70	60	0.90081
70	61	0.976696
70	68	0.894763
70	78	0.938728
70	100	1.61666
70	123	1.66451
70	131	0.91816
70	149	3.68866
70	154	2.70271
71	6	1.32125
71	39	0.90413
71	76	0.256718
71	99	0.22483
71	136	0.921371
71	153	0.937668
71	157	0.943773
71	159	0.941822
71	167	0.893306
71	169	0.926435
71	170	0.922243
71	173	0.888923
71	175	0.895414
71	176	0.904904
71	178	0.935467
71	179	0.889328
71	180	0.898479
72	1	0.819646
72	19	0.914433
72	29	0.889646
72	47	0.889646
72	52	0.847446
72	54	0.864038
72	62	0.826609
72	63	0.826538
72	65	0.826488
72	75	0.866649
72	76	0.866671
72	77	0.866707
72	138	2.26848
72	147	0.867381
72	150	3.4977
72	172	2.99062
72	174	0.726679
73	3	0.830873
73	30	1.0058
73	39	0.87976
73	49	0.862519
73	80	0.854002
73	81	0.853997
73	86	0.824935
73	88	0.886459
73	94	0.868633
73	107	0.862827
73	123	0.852603
73	140	1.39729
73	141	0.777282
73	160	2.44159
73	162	4.80175
73	166	0.758801
73	177	0.78562
74	64	0.804209
74	78	1.55959
74	118	0.805517
74	126	1.29989
74	148	0.855585
74	152	0.802615
74	160	0.810637
74	164	0.775539
74	165	0.767426
74	167	0.768716
74	168	0.783487
74	170	0.797652
74	172	0.809866
74	175	0.770824
74	178	0.810877
74	179	0.764737
74	180	0.773888
75	1	0.873495
75	19	0.968282
75	29	0.943495
75	47	0.943495
75	52	0.901295
75	54	0.917887
75	62	0.880458
75	63	0.880387
75	65	0.880338
75	72	0.866649
75	76	0.92052
75	77	0.920556
75	147	0.92123
75	159	1.77308
75	163	2.29447
75	174	0.780528
75	176	2.91605
75	179	5.30375
76	1	0.873517
76	19	0.968303
76	29	0.943517
76	47	0.943517
76	52	0.901317
76	53	1.46969
76	54	0.917908
76	62	0.880479
76	63	0.880409
76	65	0.880359
76	71	0.256718
76	72	0.866671
76	75	0.92052
76	77	0.920578
76	131	2.18839
76	147	0.921252
76	153	3.53636
76	174	0.780549
77	1	0.873553
77	19	0.96834
77	29	0.943553
77	38	0.335555
77	47	0.943553
77	52	0.901353
77	54	0.917945
77	62	0.880516
77	63	0.880445
77	65	0.880395
77	72	0.866707
77	75	0.920556
77	76	0.920578
77	97	3.41014
77	98	3.85663
77	147	0.921288
77	151	1.37782
77	174	0.780586
78	5	0.872833
78	8	0.862642
78	9	0.865021
78	12	0.865021
78	18	0.945314
78	21	0.929076
78	27	0.847674
78	28	0.923846
78	46	0.917549
78	60	0.886421
78	61	0.962306
78	68	0.880373
78	70	0.938728
78	74	1.55959
78	121	3.34342
78	125	1.81258
78	131	0.90377
78	144	2.323
79	13	0.889857
79	14	0.890466
79	20	0.793911
79	22	0.871475
79	25	0.876085
79	31	0.872525
79	43	0.764665
79	45	0.870377
79	56	0.825429
79	57	0.821502
79	58	0.807634
79	64	3.4845
79	82	0.831905
79	84	0.817297
79	85	0.863994
79	142	2.05375
79	143	0.802775
79	161	2.1637
80	3	0.864843
80	11	0.958569
80	30	1.03977
80	39	0.913729
80	49	0.896488
80	73	0.854002
80	81	0.887966
80	86	0.858904
80	88	0.920429
80	94	0.902602
80	107	0.896796
80	123	0.886572
80	141	0.811251
80	151	1.95179
80	154	1.63694
80	166	0.792771
80	167	6.92957
80	177	0.81959
80	178	1.56734
81	3	0.864837
81	11	0.958563
81	30	1.03976
81	39	0.913723
81	49	0.896483
81	73	0.853997
81	80	0.887966
81	86	0.858899
81	88	0.920423
81	94	0.902597
81	107	0.896791
81	123	0.886567
81	127	3.05583
81	138	2.15855
81	141	0.811245
81	157	2.25928
81	166	0.792765
81	172	2.88069
81	177	0.819584
82	13	0.937798
82	14	0.938406
82	20	0.841852
82	25	0.924025
82	26	0.948285
82	31	0.920465
82	43	0.812605
82	45	0.918318
82	56	0.87337
82	57	0.869442
82	58	0.855575
82	79	0.831905
82	84	0.865237
82	85	0.911934
82	119	1.27595
82	141	2.04396
82	143	0.850716
82	171	4.51275
82	179	4.27176
83	4	0.839258
83	66	0.94766
83	90	0.867246
83	91	0.855693
83	92	0.908994
83	99	0.894925
83	101	0.884343
83	107	0.889313
83	110	0.878724
83	112	0.916691
83	113	0.871977
83	114	0.869636
83	122	0.875538
83	126	0.862916
83	128	0.85878
83	132	2.03652
83	144	1.79761
83	152	5.24921
83	162	0.784446
83	163	1.95884
84	13	0.92319
84	14	0.923798
84	20	0.827243
84	22	0.904807
84	25	0.909417
84	26	0.933677
84	31	0.905857
84	38	0.814196
84	43	0.797997
84	45	0.90371
84	56	0.858762
84	57	0.854834
84	58	0.840967
84	79	0.817297
84	82	0.865237
84	85	0.897326
84	124	2.41073
84	143	0.836107
84	162	3.66621
84	180	4.34314
85	13	0.969887
85	14	0.970495
85	20	0.87394
85	22	0.951504
85	25	0.956114
85	26	0.980374
85	31	0.952554
85	43	0.844694
85	45	0.950407
85	56	0.905459
85	57	0.901531
85	58	0.887664
85	79	0.863994
85	82	0.911934
85	84	0.897326
85	125	2.15939
85	141	4.16871
85	143	0.882804
85	146	2.00553
85	172	1.78044
85	175	4.66099
86	3	0.835775
86	11	0.929501
86	26	0.92328
86	30	1.0107
86	39	0.884661
86	48	0.883421
86	49	0.86742
86	73	0.824935
86	80	0.858904
86	81	0.858899
86	88	0.891361
86	94	0.873534
86	107	0.867729
86	123	0.857504
86	129	3.12732
86	135	2.5283
86	141	0.782183
86	144	2.16075
86	161	3.28527
86	166	0.763703
86	177	0.790522
87	89	1.27792
87	124	0.823077
87	141	0.781622
87	147	1.63969
87	150	0.789947
87	152	0.790496
87	156	0.780087
87	158	0.821767
87	163	0.827927
87	167	0.756597
87	170	0.785533
87	171	0.753783
87	172	0.797747
87	173	0.752213
87	175	0.758705
87	176	0.768195
87	178	0.798758
87	179	0.752618
87	180	0.761769
88	3	0.8973
88	11	0.991026
88	30	1.07222
88	36	1.49437
88	39	0.946186
88	48	0.944946
88	49	0.928945
88	73	0.886459
88	80	0.920429
88	81	0.920423
88	86	0.891361
88	94	0.935059
88	107	0.929253
88	123	0.919029
88	138	2.62721
88	141	0.843708
88	146	1.59851
88	154	2.25223
88	159	3.11348
88	166	0.825228
88	177	0.852047
89	87	1.27792
89	91	0.852166
89	92	0.905468
89	96	0.840266
89	99	0.891398
89	101	0.880817
89	106	0.836106
89	108	0.886106
89	110	0.875197
89	113	0.868451
89	114	0.866109
89	115	0.863548
89	120	0.880153
89	122	0.872012
89	126	0.859389
89	128	0.855253
89	133	1.75154
89	137	3.75662
89	147	0.893957
89	162	0.78092
89	175	4.24444
90	15	0.844899
90	50	0.875856
90	51	0.876137
90	83	0.867246
90	91	0.849933
90	92	0.903235
90	103	0.883821
90	106	0.833872
90	112	0.910931
90	113	0.866217
90	114	0.863876
90	120	0.877919
90	122	0.869778
90	123	1.71723
90	126	0.857156
90	128	0.85302
90	143	2.13902
90	147	0.891724
90	162	0.778687
90	176	5.05241
90	177	2.87126
91	50	0.864303
91	66	0.930347
91	83	0.855693
91	89	0.852166
91	90	0.849933
91	96	0.826479
91	99	0.877612
91	101	0.867031
91	103	0.872268
91	106	0.822319
91	108	0.872319
91	111	0.849224
91	112	0.899378
91	114	0.852323
91	115	0.849761
91	122	0.858225
91	128	0.841467
91	138	1.51461
91	140	2.27246
91	145	1.55133
91	162	0.767134
91	165	7.5073
92	51	0.917886
92	83	0.908994
92	89	0.905468
92	90	0.903235
92	99	0.930914
92	106	0.875621
92	107	0.925302
92	111	0.902526
92	112	0.95268
92	113	0.907966
92	114	0.905625
92	115	0.903063
92	120	0.919668
92	126	0.898905
92	128	0.894769
92	131	1.20639
92	133	0.988253
92	140	1.68655
92	147	0.933473
92	157	2.30009
92	162	0.820436
92	180	5.76793
93	8	1.32958
93	14	1.7222
93	23	2.23471
93	52	1.3135
93	101	0.910323
93	106	0.865612
93	108	0.915612
93	113	0.897957
93	114	0.895615
93	116	0.90627
93	126	0.888896
93	128	0.88476
93	149	0.867064
93	155	0.84823
93	162	0.810426
93	171	0.801909
93	172	0.845872
93	173	0.800339
93	175	0.80683
93	178	0.846883
93	179	0.800744
93	180	0.809895
94	3	0.879473
94	11	0.973199
94	26	0.966978
94	30	1.0544
94	39	0.928359
94	48	0.92712
94	49	0.911119
94	73	0.868633
94	80	0.902602
94	81	0.902597
94	86	0.873534
94	88	0.935059
94	107	0.911427
94	123	0.901203
94	125	1.2778
94	137	1.93039
94	141	0.825881
94	161	2.54244
94	164	4.14073
94	166	0.807401
94	173	5.6054
94	177	0.83422
95	61	6.6
95	64	0.735256
95	69	0.728073
95	121	0.753781
95	134	0.744158
95	148	0.786632
95	154	0.790258
95	155	0.743271
95	159	0.748279
95	160	0.741685
95	163	0.771093
95	164	0.706586
95	165	0.698473
95	169	0.732892
95	170	0.7287
95	172	0.740913
95	173	0.69538
95	175	0.701871
95	176	0.711361
95	178	0.741924
95	179	0.695785
95	180	0.704936
96	66	0.918447
96	89	0.840266
96	91	0.826479
96	99	0.865712
96	101	0.85513
96	103	0.860367
96	108	0.860419
96	110	0.849511
96	111	0.837324
96	112	0.887478
96	113	0.842764
96	114	0.840422
96	115	0.837861
96	120	0.854466
96	122	0.846325
96	124	4.53398
96	126	0.833702
96	128	0.829567
96	145	1.87598
96	147	0.86827
96	154	2.52284
96	158	2.71583
96	162	0.755233
97	36	0.844244
97	77	3.41014
97	113	1.5141
97	117	0.846393
97	133	0.857937
97	144	0.825264
97	153	0.788131
97	164	0.750591
97	165	0.742478
97	167	0.743768
97	168	0.758539
97	171	0.740954
97	172	0.784918
97	173	0.739385
97	174	0.721807
97	175	0.745876
97	176	0.755366
97	177	0.777132
97	178	0.785929
97	179	0.73979
97	180	0.748941
98	23	0.825672
98	24	0.825951
98	35	0.80154
98	40	0.826079
98	41	0.825973
98	42	0.825797
98	44	0.80112
98	67	0.725477
98	77	3.85663
98	122	0.888657
98	146	0.823252
98	151	0.82552
98	154	0.796541
98	155	0.749555
98	157	0.756514
98	171	0.703233
98	173	0.701664
98	175	0.708155
98	176	0.717645
98	178	0.748208
98	179	0.702068
98	180	0.71122
99	66	0.96958
99	71	0.22483
99	83	0.894925
99	89	0.891398
99	91	0.877612
99	92	0.930914
99	96	0.865712
99	103	0.9115
99	106	0.861552
99	107	0.911233
99	108	0.911552
99	110	0.900643
99	111	0.888456
99	114	0.891555
99	115	0.888994
99	120	0.905599
99	128	0.880699
99	145	1.90772
99	147	0.919403
99	151	1.7399
99	162	0.806366
99	164	6.06262
99	180	4.30599
100	37	2.26506
100	57	1.32219
100	70	1.61666
100	113	0.320329
100	129	0.87536
100	132	0.907824
100	140	0.918839
100	145	0.90295
100	153	0.848763
100	158	0.86957
100	159	0.852916
100	161	0.88222
100	163	0.87573
100	165	0.80311
100	171	0.801587
100	172	0.845551
100	173	0.800017
100	175	0.806508
100	176	0.815998
100	177	0.837764
100	178	0.846561
100	179	0.800422
100	180	0.809573
101	51	0.893234
101	83	0.884343
101	89	0.880817
101	91	0.867031
101	93	0.910323
101	96	0.85513
101	103	0.900918
101	106	0.85097
101	108	0.90097
101	110	0.890062
101	111	0.877875
101	112	0.928029
101	113	0.883315
101	114	0.880974
101	115	0.878412
101	120	0.895017
101	122	0.886876
101	125	1.47487
101	126	0.874254
101	128	0.870118
101	141	2.39287
101	143	2.24572
101	167	5.42108
101	179	4.62068
102	19	2.12516
102	67	0.756007
102	108	3.12217
102	118	0.773378
102	127	0.789296
102	135	0.799624
102	139	0.744284
102	142	0.814953
102	144	0.818073
102	148	0.823446
102	152	0.770476
102	157	0.787044
102	164	0.7434
102	168	0.751348
102	169	0.769706
102	172	0.777727
102	173	0.732194
102	174	0.714616
102	175	0.738685
102	176	0.748175
102	178	0.778738
102	179	0.732599
102	180	0.74175
103	4	0.855833
103	50	0.898191
103	51	0.898471
103	90	0.883821
103	91	0.872268
103	96	0.860367
103	99	0.9115
103	101	0.900918
103	106	0.856207
103	107	0.905888
103	108	0.906207
103	109	1.40263
103	112	0.933266
103	113	0.888552
103	114	0.886211
103	120	0.900254
103	122	0.892113
103	126	0.879491
103	128	0.875355
103	130	2.61182
103	131	1.80045
103	156	4.46749
103	158	2.61142
103	162	0.801021
104	18	1.17658
104	51	2.05687
104	60	1.52239
104	68	1.56013
104	108	0.540502
104	137	0.89385
104	154	0.946578
104	155	0.899591
104	159	0.904599
104	160	0.898005
104	163	0.927413
104	165	0.854793
104	168	0.870855
104	169	0.889212
104	170	0.88502
104	171	0.85327
104	172	0.897233
104	173	0.8517
104	175	0.858191
104	176	0.867681
104	177	0.889447
104	178	0.898244
104	179	0.852105
104	180	0.861256
105	46	2.01222
105	56	1.59668
105	110	1.86573
105	144	0.861305
105	148	0.866678
105	153	0.824171
105	154	0.870304
105	163	0.851139
105	164	0.786632
105	167	0.779809
105	168	0.79458
105	169	0.812938
105	170	0.808746
105	171	0.776995
105	172	0.820959
105	173	0.775426
105	175	0.781917
105	176	0.791407
105	177	0.813173
105	178	0.82197
105	179	0.775831
105	180	0.784982
106	15	0.817286
106	55	0.747455
106	89	0.836106
106	90	0.833872
106	91	0.822319
106	92	0.875621
106	93	0.865612
106	99	0.861552
106	101	0.85097
106	103	0.856207
106	107	0.85594
106	108	0.856259
106	110	0.845351
106	111	0.833164
106	114	0.836262
106	116	1.49113
106	120	0.850306
106	122	0.842165
106	126	0.829543
106	128	0.825407
106	147	0.864111
106	153	3.29137
106	159	3.42263
106	169	3.66189
107	73	0.862827
107	80	0.896796
107	81	0.896791
107	83	0.889313
107	86	0.867729
107	88	0.929253
107	92	0.925302
107	94	0.911427
107	99	0.911233
107	103	0.905888
107	106	0.85594
107	110	0.895032
107	111	0.882845
107	112	0.932999
107	120	0.899987
107	122	0.891846
107	135	1.43191
107	141	0.820076
107	146	1.41386
107	158	1.24679
107	166	0.801595
107	170	4.2346
107	177	0.828414
107	180	4.99736
108	15	0.867286
108	55	0.797455
108	89	0.886106
108	91	0.872319
108	93	0.915612
108	96	0.860419
108	99	0.911552
108	101	0.90097
108	102	3.12217
108	103	0.906207
108	104	0.540502
108	106	0.856259
108	110	0.895351
108	111	0.883164
108	112	0.933318
108	113	0.888604
108	115	0.883701
108	120	0.900306
108	122	0.892165
108	126	0.879542
108	128	0.875407
108	146	1.23414
108	170	2.49941
108	171	5.2728
109	22	1.36141
109	41	1.90817
109	51	2.52779
109	103	1.40263
109	119	0.971916
109	139	0.807206
109	145	0.898048
109	153	0.843861
109	155	0.843007
109	157	0.849965
109	158	0.864668
109	159	0.848014
109	161	0.877318
109	163	0.870829
109	164	0.806322
109	165	0.798209
109	169	0.832627
109	171	0.796685
109	172	0.840649
109	175	0.801607
109	176	0.811097
109	178	0.84166
109	179	0.79552
109	180	0.804671
110	4	0.844976
110	50	0.887334
110	55	0.786547
110	83	0.878724
110	89	0.875197
110	96	0.849511
110	99	0.900643
110	101	0.890062
110	105	1.86573
110	106	0.845351
110	107	0.895032
110	108	0.895351
110	112	0.922409
110	113	0.877696
110	114	0.875354
110	115	0.872793
110	120	0.889398
110	122	0.881257
110	126	0.868634
110	127	3.15157
110	128	0.864498
110	131	1.26133
110	147	0.903202
110	172	2.97643
110	178	3.03067
111	15	0.844191
111	50	0.875147
111	51	0.875428
111	66	0.941192
111	91	0.849224
111	92	0.902526
111	96	0.837324
111	99	0.888456
111	101	0.877875
111	106	0.833164
111	107	0.882845
111	108	0.883164
111	113	0.865509
111	114	0.863167
111	115	0.860606
111	117	1.483
111	120	0.877211
111	122	0.86907
111	126	0.856447
111	128	0.852311
111	143	2.24684
111	147	0.891015
111	158	2.02771
111	162	0.777978
111	168	4.94739
111	172	2.93185
112	7	1.07432
112	15	0.894345
112	50	0.925301
112	55	0.824514
112	83	0.916691
112	90	0.910931
112	91	0.899378
112	92	0.95268
112	96	0.887478
112	101	0.928029
112	103	0.933266
112	107	0.932999
112	108	0.933318
112	110	0.922409
112	113	0.915663
112	120	0.927365
112	122	0.919224
112	126	0.906601
112	128	0.902465
112	147	0.941169
112	148	1.41924
112	162	0.828132
112	165	4.90342
112	167	5.04935
112	175	2.51342
112	177	2.41929
113	4	0.83823
113	51	0.880868
113	55	0.7798
113	83	0.871977
113	89	0.868451
113	90	0.866217
113	92	0.907966
113	93	0.897957
113	96	0.842764
113	97	1.5141
113	100	0.320329
113	101	0.883315
113	103	0.888552
113	108	0.888604
113	110	0.877696
113	111	0.865509
113	112	0.915663
113	114	0.868607
113	120	0.882651
113	122	0.87451
113	126	0.861887
113	128	0.857752
113	155	2.63752
113	161	1.43153
113	162	0.783418
113	164	5.99666
114	83	0.869636
114	89	0.866109
114	90	0.863876
114	91	0.852323
114	92	0.905625
114	93	0.895615
114	96	0.840422
114	99	0.891555
114	101	0.880974
114	103	0.886211
114	106	0.836262
114	110	0.875354
114	111	0.863167
114	113	0.868607
114	115	0.863704
114	120	0.880309
114	122	0.872168
114	123	1.71377
114	126	0.859546
114	128	0.85541
114	140	1.61646
114	147	0.894114
114	162	0.781077
114	163	1.92608
114	166	4.03456
114	168	4.86696
115	4	0.833327
115	15	0.844728
115	50	0.875685
115	51	0.875965
115	66	0.941729
115	89	0.863548
115	91	0.849761
115	92	0.903063
115	96	0.837861
115	99	0.888994
115	101	0.878412
115	108	0.883701
115	110	0.872793
115	111	0.860606
115	114	0.863704
115	119	1.27459
115	120	0.877748
115	121	2.67909
115	122	0.869607
115	126	0.856984
115	128	0.852849
115	147	0.891552
115	154	1.64811
115	162	0.778515
115	175	5.62578
115	177	2.79246
116	44	1.43169
116	61	2.77669
116	67	0.805457
116	93	0.90627
116	106	1.49113
116	125	0.901432
116	126	0.982481
116	127	0.838746
116	140	0.900466
116	145	0.884577
116	150	0.819378
116	154	0.876522
116	163	0.857357
116	164	0.79285
116	165	0.784737
116	169	0.819156
116	170	0.814964
116	171	0.783213
116	172	0.827177
116	173	0.781644
116	175	0.788135
116	176	0.797625
116	177	0.819391
116	178	0.828188
116	179	0.782049
116	180	0.7912
117	34	2.52074
117	45	2.27807
117	46	1.81819
117	97	0.846393
117	111	1.483
117	121	0.841122
117	129	0.858063
117	134	0.831498
117	135	0.850151
117	136	0.815169
117	144	0.8686
117	145	0.885654
117	150	0.820455
117	154	0.877598
117	155	0.830612
117	156	0.810595
117	164	0.793927
117	165	0.785814
117	168	0.801875
117	171	0.78429
117	172	0.828254
117	173	0.782721
117	175	0.789212
117	176	0.798702
117	178	0.829265
117	179	0.783125
117	180	0.792277
118	46	3.68898
118	69	0.74959
118	74	0.805517
118	102	0.773378
118	120	3.17743
118	131	0.820642
118	138	0.802612
118	141	0.746306
118	149	0.783622
118	150	0.754631
118	153	0.765643
118	156	0.744771
118	158	0.78645
118	160	0.763202
118	161	0.7991
118	163	0.79261
118	164	0.728103
118	165	0.71999
118	166	0.727825
118	167	0.72128
118	169	0.754409
118	171	0.718467
118	173	0.716897
118	175	0.723388
118	178	0.763441
118	179	0.717302
118	180	0.726453
119	14	1.32396
119	42	1.16228
119	44	2.11885
119	82	1.27595
119	109	0.971916
119	115	1.27459
119	128	0.150229
119	136	0.884962
119	142	0.935273
119	144	0.938393
119	150	0.890248
119	154	0.947392
119	155	0.900405
119	156	0.880388
119	163	0.928227
119	165	0.855607
119	167	0.856897
119	169	0.890026
119	170	0.885834
119	171	0.854083
119	172	0.898047
119	173	0.852514
119	175	0.859005
119	176	0.868495
119	177	0.890261
119	178	0.899058
119	179	0.852919
119	180	0.86207
120	55	0.791502
120	66	0.958334
120	89	0.880153
120	90	0.877919
120	92	0.919668
120	96	0.854466
120	99	0.905599
120	101	0.895017
120	103	0.900254
120	106	0.850306
120	107	0.899987
120	108	0.900306
120	110	0.889398
120	111	0.877211
120	112	0.927365
120	113	0.882651
120	114	0.880309
120	115	0.877748
120	118	3.17743
120	122	0.886212
120	126	0.873589
120	128	0.869454
120	132	1.76372
120	143	1.92637
120	147	0.908157
120	161	2.64932
120	162	0.79512
120	177	2.6586
120	178	2.66562
121	66	2.07749
121	78	3.34342
121	95	0.753781
121	115	2.67909
121	117	0.841122
121	129	0.809457
121	131	0.837859
121	132	0.841921
121	134	0.782892
121	135	0.801544
121	138	0.819829
121	143	0.807051
121	145	0.837047
121	146	0.855703
121	149	0.80084
121	150	0.771848
121	152	0.772397
121	163	0.809828
121	165	0.737208
121	167	0.738498
121	169	0.771626
121	170	0.767434
121	175	0.740606
121	176	0.750096
121	178	0.780659
121	179	0.734519
121	180	0.74367
122	15	0.853192
122	36	1.26717
122	38	1.26685
122	50	0.884149
122	66	0.950193
122	83	0.875538
122	89	0.872012
122	90	0.869778
122	91	0.858225
122	96	0.846325
122	98	0.888657
122	101	0.886876
122	103	0.892113
122	106	0.842165
122	107	0.891846
122	108	0.892165
122	110	0.881257
122	111	0.86907
122	112	0.919224
122	113	0.87451
122	114	0.872168
122	115	0.869607
122	120	0.886212
122	126	0.865448
122	128	0.861313
122	147	0.900016
122	148	1.33969
122	162	0.786979
122	174	10.2494
122	177	1.54528
123	11	0.957169
123	37	2.3129
123	39	0.912329
123	45	1.59158
123	49	0.895089
123	70	1.66451
123	73	0.852603
123	80	0.886572
123	81	0.886567
123	86	0.857504
123	88	0.919029
123	90	1.71723
123	94	0.901203
123	114	1.71377
123	124	0.851306
123	141	0.809851
123	149	0.847168
123	150	0.818177
123	157	0.835293
123	166	0.791371
123	168	0.799597
123	169	0.817955
123	171	0.782012
123	173	0.780443
123	175	0.786934
123	176	0.796424
123	177	0.81819
123	178	0.826987
123	179	0.780848
123	180	0.789999
124	2	1.45529
124	84	2.41073
124	87	0.823077
124	96	4.53398
124	123	0.851306
124	125	0.866364
124	130	0.836529
124	142	0.829336
124	144	0.832456
124	155	0.794468
124	156	0.77445
124	160	0.792881
124	164	0.757783
124	165	0.74967
124	167	0.75096
124	168	0.765731
124	169	0.784088
124	170	0.779896
124	171	0.748146
124	172	0.79211
124	173	0.746576
124	174	0.728999
124	175	0.753068
124	176	0.762558
124	177	0.784324
124	178	0.793121
124	179	0.746981
124	180	0.756132
125	4	2.27536
125	78	1.81258
125	85	2.15939
125	94	1.2778
125	101	1.47487
125	116	0.901432
125	124	0.866364
125	137	0.837651
125	138	0.881215
125	140	0.914323
125	141	0.824909
125	150	0.833235
125	152	0.833783
125	153	0.844247
125	154	0.890379
125	156	0.823375
125	160	0.841806
125	161	0.877704
125	163	0.871214
125	164	0.806707
125	165	0.798594
125	166	0.806429
125	170	0.828821
125	172	0.841034
125	173	0.795501
125	176	0.811482
125	177	0.833248
125	178	0.842045
125	179	0.795906
125	180	0.805057
126	4	0.829168
126	15	0.840569
126	50	0.871526
126	51	0.871807
126	66	0.93757
126	74	1.29989
126	83	0.862916
126	89	0.859389
126	90	0.857156
126	92	0.898905
126	93	0.888896
126	96	0.833702
126	101	0.874254
126	103	0.879491
126	106	0.829543
126	108	0.879542
126	110	0.868634
126	111	0.856447
126	112	0.906601
126	113	0.861887
126	114	0.859546
126	115	0.856984
126	116	0.982481
126	120	0.873589
126	122	0.865448
126	128	0.84869
126	147	0.887394
126	150	3.65694
126	154	2.05274
126	160	2.95921
126	169	3.15325
127	58	3.3926
127	81	3.05583
127	102	0.789296
127	110	3.15157
127	116	0.838746
127	134	0.781593
127	135	0.800245
127	139	0.744905
127	144	0.818694
127	145	0.835748
127	149	0.79954
127	152	0.771098
127	153	0.781561
127	157	0.787665
127	158	0.802368
127	159	0.785714
127	160	0.77912
127	161	0.815018
127	164	0.744022
127	165	0.735908
127	167	0.737198
127	168	0.75197
127	169	0.770327
127	170	0.766135
127	172	0.778349
127	173	0.732815
127	174	0.715237
127	175	0.739307
127	176	0.748797
127	178	0.779359
127	179	0.73322
127	180	0.742371
128	15	0.836433
128	51	0.867671
128	66	0.933435
128	83	0.85878
128	89	0.855253
128	90	0.85302
128	91	0.841467
128	92	0.894769
128	93	0.88476
128	96	0.829567
128	99	0.880699
128	101	0.870118
128	103	0.875355
128	106	0.825407
128	108	0.875407
128	110	0.864498
128	111	0.852311
128	112	0.902465
128	113	0.857752
128	114	0.85541
128	115	0.852849
128	119	0.150229
128	120	0.869454
128	122	0.861313
128	126	0.84869
128	138	2.83115
128	147	0.883258
128	148	2.15611
128	160	3.36264
128	162	0.770221
128	169	3.55667
128	172	3.55329
129	42	2.60476
129	47	1.77933
129	50	2.08858
129	86	3.12732
129	100	0.87536
129	117	0.858063
129	121	0.809457
129	133	0.869608
129	136	0.783503
129	137	0.793206
129	145	0.853988
129	146	0.872644
129	152	0.789338
129	154	0.845933
129	156	0.778929
129	157	0.805905
129	159	0.803954
129	160	0.79736
129	161	0.833259
129	163	0.826769
129	165	0.754149
129	166	0.761984
129	168	0.77021
129	169	0.788567
129	171	0.752625
129	172	0.796589
129	173	0.751055
129	175	0.757547
129	176	0.767037
129	178	0.7976
129	179	0.75146
129	180	0.760611
130	24	1.45
130	25	2.40381
130	40	3.13438
130	103	2.61182
130	124	0.836529
130	134	0.814443
130	139	0.777756
130	142	0.848425
130	148	0.856918
130	149	0.832391
130	152	0.803948
130	154	0.860543
130	155	0.813557
130	156	0.793539
130	157	0.820515
130	159	0.818564
130	160	0.81197
130	163	0.841379
130	164	0.776872
130	165	0.768759
130	166	0.776594
130	167	0.770049
130	168	0.78482
130	171	0.767235
130	172	0.811199
130	173	0.765665
130	174	0.748087
130	175	0.772157
130	176	0.781647
130	178	0.81221
130	179	0.76607
130	180	0.775221
131	5	0.852265
131	6	2.51889
131	8	0.842074
131	9	0.844453
131	12	0.844453
131	18	0.924746
131	21	0.908508
131	24	1.52455
131	27	0.827106
131	28	0.903278
131	46	0.896981
131	60	0.865853
131	61	0.941738
131	67	0.803271
131	68	0.859805
131	70	0.91816
131	76	2.18839
131	78	0.90377
131	92	1.20639
131	103	1.80045
131	110	1.26133
131	118	0.820642
131	121	0.837859
131	153	0.828203
131	157	0.834307
131	161	0.861661
131	167	0.783841
131	170	0.812778
131	171	0.781027
131	172	0.824991
131	175	0.785949
131	176	0.795439
131	178	0.826002
131	179	0.779862
131	180	0.789014
132	12	1.84643
132	41	3.17343
132	49	1.3799
132	83	2.03652
132	100	0.907824
132	120	1.76372
132	121	0.841921
132	134	0.832298
132	137	0.82567
132	139	0.79561
132	140	0.902342
132	144	0.869399
132	149	0.850245
132	150	0.821254
132	152	0.821803
132	153	0.832266
132	156	0.811394
132	158	0.853073
132	159	0.836419
132	164	0.794726
132	165	0.786613
132	168	0.802675
132	169	0.821032
132	170	0.81684
132	171	0.785089
132	172	0.829053
132	173	0.78352
132	174	0.765942
132	175	0.790011
132	176	0.799501
132	177	0.821267
132	178	0.830064
132	179	0.783925
132	180	0.793076
133	23	2.06345
133	29	2.10405
133	40	2.10487
133	41	2.08784
133	69	0.826959
133	89	1.75154
133	92	0.988253
133	97	0.857937
133	129	0.869608
133	138	0.87998
133	139	0.806356
133	140	0.913088
133	144	0.880145
133	151	0.918122
133	155	0.842157
133	156	0.822139
133	157	0.849115
133	158	0.863819
133	159	0.847164
133	160	0.84057
133	161	0.876469
133	162	0.804353
133	163	0.869979
133	164	0.805472
133	167	0.798649
133	168	0.81342
133	169	0.831777
133	171	0.795835
133	172	0.839799
133	173	0.794265
133	174	0.776688
133	175	0.800757
133	176	0.810247
133	177	0.832013
133	178	0.84081
133	179	0.79467
133	180	0.803821
134	11	3.44555
134	31	3.51818
134	43	3.53627
134	95	0.744158
134	117	0.831498
134	121	0.782892
134	127	0.781593
134	130	0.814443
134	132	0.832298
134	135	0.791921
134	137	0.766641
134	138	0.810205
134	139	0.736581
134	149	0.791216
134	152	0.762773
134	153	0.773236
134	156	0.752365
134	158	0.794044
134	159	0.77739
134	160	0.770796
134	161	0.806694
134	164	0.735697
134	166	0.735419
134	167	0.728874
134	168	0.743645
134	169	0.762003
134	170	0.757811
134	171	0.72606
134	172	0.770024
134	173	0.724491
134	175	0.730982
134	176	0.740472
134	178	0.771035
134	179	0.724896
134	180	0.734047
135	39	3.83189
135	45	3.0079
135	53	0.828252
135	64	0.78302
135	86	2.5283
135	102	0.799624
135	107	1.43191
135	117	0.850151
135	121	0.801544
135	127	0.800245
135	134	0.791921
135	136	0.775591
135	145	0.846076
135	149	0.809868
135	151	0.866999
135	154	0.838021
135	155	0.791034
135	157	0.797993
135	158	0.812696
135	159	0.796042
135	160	0.789448
135	161	0.825346
135	162	0.75323
135	165	0.746236
135	167	0.747526
135	170	0.776463
135	171	0.744712
135	172	0.788676
135	173	0.743143
135	174	0.725565
135	175	0.749634
135	176	0.759124
135	177	0.78089
135	178	0.789687
135	179	0.743548
135	180	0.752699
136	11	3.10602
136	12	4.51534
136	31	3.17865
136	64	0.748037
136	71	0.921371
136	117	0.815169
136	119	0.884962
136	129	0.783503
136	135	0.775591
136	140	0.826983
136	144	0.79404
136	145	0.811094
136	146	0.829749
136	149	0.774886
136	152	0.746443
136	153	0.756907
136	155	0.756052
136	158	0.777714
