1	34	1.29374
1	90	1.09142
1	135	0.924978
1	139	0.898328
1	150	0.915249
1	155	1.19535
1	167	0.899803
1	171	0.89061
1	174	0.884015
1	175	1.22125
1	176	0.893812
1	180	0.893206
2	8	0.962502
2	9	0.854829
2	17	0.854212
2	18	0.932267
2	23	0.840128
2	35	0.896379
2	57	0.938864
2	110	0.793059
2	120	1.39801
2	126	0.920819
2	132	1.33696
2	179	1.29134
3	21	0.907697
3	43	0.988205
3	75	0.874334
3	125	0.905649
3	133	1.27992
3	162	0.89809
3	164	0.894851
3	166	0.91007
3	169	0.893576
3	171	1.27183
3	174	1.25754
3	178	0.915734
4	5	1.47764
4	63	1.06672
4	141	0.905273
4	144	1.18393
4	152	0.880119
4	154	0.903893
4	160	0.915323
4	167	0.905942
4	174	0.890154
4	176	0.899951
4	178	1.07585
4	180	0.899345
5	4	1.47764
5	129	0.811915
5	139	1.63155
5	145	1.68874
5	149	0.801363
5	165	0.788229
5	168	0.800963
5	172	0.794785
5	173	0.796231
5	175	0.791182
5	177	0.808743
5	178	0.806588
6	92	0.787052
6	93	0.770042
6	109	0.829436
6	112	1.62066
6	125	1.54795
6	148	0.806637
6	158	0.816807
6	163	0.798915
6	171	0.795104
6	175	1.63491
6	176	0.798306
6	180	0.797701
7	25	1.27472
7	31	0.878963
7	39	1.34052
7	102	0.896116
7	103	0.905166
7	108	1.00826
7	148	0.901528
7	155	0.891994
7	156	0.92073
7	158	0.911698
7	163	0.893805
7	167	1.17679
8	2	0.962502
8	17	0.841267
8	18	0.919322
8	23	0.827184
8	35	0.883434
8	57	0.92592
8	89	1.32806
8	115	1.45838
8	124	0.905358
8	128	0.935012
8	135	0.798189
8	170	1.23162
9	2	0.854829
9	11	0.85887
9	17	0.733594
9	18	0.811649
9	23	0.71951
9	35	0.775761
9	57	0.818247
9	86	1.52515
9	126	0.800201
9	128	0.827339
9	170	1.53469
9	179	1.75783
10	14	0.724314
10	15	0.731998
10	25	0.801531
10	28	0.929555
10	45	0.825676
10	61	0.799666
10	64	0.774274
10	110	0.837228
10	113	0.775757
10	115	1.75673
10	169	1.30199
10	179	1.75311
11	9	0.85887
11	93	0.888005
11	95	0.880138
11	101	0.905572
11	106	1.29488
11	111	1.31894
11	126	0.92486
11	136	1.12556
11	143	0.906679
11	154	0.920211
11	156	1.06368
11	180	0.915664
12	30	0.89901
12	116	1.51487
12	125	0.894782
12	134	1.15214
12	136	0.929239
12	144	0.879331
12	159	1.07296
12	165	0.886507
12	168	0.899242
12	177	0.907022
12	178	0.904867
12	180	1.05803
13	14	1.52928
13	73	0.78026
13	90	1.60933
13	127	0.806088
13	135	0.833797
13	145	0.795369
13	153	0.815305
13	171	0.799429
13	176	0.802631
13	178	1.65704
13	179	0.765097
13	180	0.802025
14	10	0.724314
14	13	1.52928
14	15	0.73443
14	28	0.931987
14	44	0.775214
14	45	0.828108
14	61	0.802098
14	64	0.776706
14	91	0.787484
14	110	0.839659
14	170	1.52922
14	179	1.75237
15	10	0.731998
15	14	0.73443
15	28	0.939671
15	44	0.782898
15	45	0.835792
15	58	1.65604
15	61	0.809782
15	64	0.78439
15	91	0.795168
15	113	0.785872
15	120	1.63467
15	179	1.52801
16	60	1.51194
16	119	0.797286
16	130	0.81125
16	134	0.79057
16	140	0.801372
16	142	1.57119
16	144	1.71893
16	153	0.807731
16	160	0.810429
16	171	0.791855
16	176	0.795057
16	180	0.794451
17	2	0.854212
17	8	0.841267
17	9	0.733594
17	18	0.811032
17	23	0.718893
17	57	0.817629
17	124	0.797067
17	126	0.799584
17	128	0.826722
17	143	1.43189
17	178	1.43299
17	179	1.94082
18	2	0.932267
18	8	0.919322
18	9	0.811649
18	17	0.811032
18	23	0.796948
18	35	0.853199
18	50	1.21085
18	57	0.895684
18	58	1.49998
18	86	1.13926
18	124	0.875122
18	128	0.904777
18	179	1.37195
19	28	1.64659
19	45	1.76148
19	103	0.791189
19	109	1.77848
19	121	0.799099
19	163	0.779829
19	173	0.78521
19	174	0.769424
19	175	0.780161
19	176	0.77922
19	178	0.795567
19	179	0.741687
19	180	0.778615
20	36	1.35457
20	77	0.853577
20	130	1.23355
20	138	0.865761
20	156	1.26957
20	164	0.865208
20	169	0.863933
20	172	0.874288
20	175	0.870685
20	176	1.34044
20	177	0.888246
20	178	0.886091
20	179	0.832211
21	3	0.907697
21	72	1.34057
21	93	0.829054
21	101	0.84662
21	109	0.888448
21	119	1.29712
21	148	0.865649
21	153	1.29845
21	155	0.856115
21	156	0.884851
21	173	0.863308
21	175	0.858258
21	180	1.25931
22	125	1.2716
22	127	0.873968
22	130	0.886705
22	143	0.860921
22	145	0.863249
22	154	0.874453
22	156	1.17316
22	157	1.39938
22	171	0.867309
22	175	1.35856
22	176	0.870511
22	179	0.832978
22	180	0.869906
23	2	0.840128
23	8	0.827184
23	9	0.71951
23	17	0.718893
23	18	0.796948
23	35	0.76106
23	44	0.764246
23	57	0.803546
23	124	0.782984
23	126	0.7855
23	170	1.74223
23	172	1.50422
23	179	1.96538
24	72	0.845975
24	96	1.3752
24	137	0.871254
24	141	0.876022
24	146	0.860866
24	167	0.876691
24	168	1.31549
24	171	0.867497
24	172	1.28001
24	174	0.860903
24	176	0.870699
24	178	1.23333
24	180	0.870094
25	7	1.27472
25	10	0.801531
25	45	0.905325
25	64	0.853923
25	69	1.33835
25	82	1.27237
25	88	1.31253
25	153	0.877769
25	160	0.880466
25	166	0.875777
25	172	0.869637
25	173	0.871084
25	180	0.864489
26	54	1.07379
26	109	1.10439
26	123	1.41054
26	136	0.895982
26	166	0.865946
26	168	0.865985
26	169	0.849451
26	172	0.859806
26	173	0.861253
26	175	0.856203
26	177	0.873764
26	178	0.87161
26	180	1.59632
27	43	1.1617
27	114	1.25163
27	124	1.39538
27	145	1.38705
27	149	0.87182
27	162	0.859401
27	164	0.856162
27	165	0.858685
27	166	0.871381
27	168	0.87142
27	169	0.854887
27	177	0.8792
27	178	0.877045
28	10	0.929555
28	14	0.931987
28	15	0.939671
28	19	1.64659
28	45	1.03335
28	61	1.00734
28	64	0.981946
28	91	0.992725
28	113	0.983429
28	132	1.19923
28	160	0.606034
28	174	0.604418
28	179	1.15361
29	59	0.875554
29	90	0.863939
29	135	1.21282
29	136	0.895696
29	142	1.3219
29	149	0.866098
29	161	0.846294
29	166	0.86566
29	171	1.33449
29	172	0.85952
29	175	0.855917
29	176	1.32915
29	178	0.871323
30	12	0.89901
30	71	1.12977
30	134	1.37446
30	144	0.85031
30	151	0.844647
30	165	0.857486
30	168	0.870221
30	172	0.864042
30	174	1.34169
30	175	0.860439
30	176	1.35064
30	177	0.878
30	178	0.875845
31	7	0.878963
31	50	0.803919
31	70	1.15468
31	110	1.39834
31	116	0.807588
31	131	0.845462
31	142	0.836424
31	148	0.843106
31	155	0.833572
31	156	0.862307
31	158	0.853276
31	161	1.53569
31	163	0.835383
31	165	1.51633
32	66	0.915352
32	102	1.12069
32	117	1.08557
32	138	0.927336
32	143	1.17685
32	160	1.1382
32	161	0.922636
32	162	0.930022
32	165	0.929306
32	166	0.942002
32	172	0.935862
32	177	0.94982
32	178	0.947665
32	180	1.07524
33	111	0.831481
33	112	0.834367
33	127	1.36616
33	138	0.832791
33	154	1.36809
33	162	0.835477
33	167	1.39848
33	168	0.847496
33	169	0.830962
33	172	0.841317
33	175	0.837714
33	176	1.4643
33	177	0.855275
33	178	0.85312
34	1	1.29374
34	84	1.37489
34	90	0.842828
34	112	0.831459
34	129	0.85554
34	141	1.43533
34	151	0.819015
34	164	0.829329
34	168	0.844588
34	173	0.839855
34	175	0.834806
34	176	1.49448
34	177	0.852367
34	178	0.850212
35	2	0.896379
35	8	0.883434
35	9	0.775761
35	18	0.853199
35	23	0.76106
35	44	0.820496
35	53	1.34773
35	57	0.859797
35	124	0.839234
35	126	0.841751
35	128	0.868889
35	162	1.2564
35	170	1.39386
35	179	1.617
36	20	1.35457
36	137	0.836117
36	141	0.840885
36	142	1.31435
36	145	0.8283
36	150	0.857
36	151	1.47547
36	154	0.839505
36	160	0.850934
36	164	1.4574
36	170	0.850974
36	174	0.825766
36	176	0.835562
36	180	0.834957
37	45	0.969653
37	61	0.943644
37	64	0.918251
37	76	1.2664
37	87	0.933321
37	95	0.893292
37	109	0.960553
37	127	0.93288
37	138	1.10593
37	146	0.91959
37	158	0.9855
37	161	1.15595
37	173	1.0893
37	180	0.928817
38	66	1.31252
38	67	0.835919
38	96	1.5063
38	98	0.875005
38	105	0.798989
38	119	0.842605
38	127	0.843833
38	129	1.36257
38	149	1.42215
38	160	0.855748
38	171	0.837174
38	174	0.83058
38	176	0.840376
38	180	0.83977
39	7	1.34052
39	80	1.48982
39	112	0.833065
39	118	0.834878
39	146	1.43147
39	165	0.833459
39	168	0.846193
39	169	0.82966
39	170	0.850884
39	172	0.840015
39	173	0.841461
39	175	0.836412
39	177	0.853973
39	180	1.33509
40	69	0.84346
40	115	0.808528
40	121	0.860765
40	131	0.851574
40	137	1.32954
40	142	0.842536
40	148	0.849218
40	155	0.839684
40	158	0.859387
40	163	0.841495
40	175	1.51232
40	178	1.43021
40	179	0.803353
40	180	1.32751
41	42	0.912173
41	47	1.45654
41	48	1.10316
41	49	0.972851
41	79	0.601032
41	119	0.933935
41	125	1.15312
41	139	0.936222
41	140	0.938022
41	143	0.922116
41	146	0.921873
41	165	1.28552
41	176	0.931706
41	180	0.931101
42	41	0.912173
42	84	0.857727
42	105	0.788088
42	114	0.858533
42	136	1.31499
42	141	0.834798
42	148	1.39031
42	154	0.833418
42	157	1.47933
42	159	0.840441
42	163	1.41777
42	171	0.826273
42	174	0.819679
42	180	0.82887
43	3	0.988205
43	27	1.1617
43	47	1.36017
43	56	0.939336
43	88	0.924251
43	102	0.93116
43	115	0.895882
43	121	0.948119
43	142	0.92989
43	156	0.955773
43	158	0.946741
43	163	0.928849
43	176	1.02919
43	178	1.06161
44	14	0.775214
44	15	0.782898
44	23	0.764246
44	35	0.820496
44	57	0.862982
44	61	0.850566
44	64	0.825173
44	92	0.82509
44	95	0.800214
44	101	0.825647
44	109	0.867475
44	132	1.69438
44	144	1.249
44	170	1.42561
44	179	1.64876
45	10	0.825676
45	14	0.828108
45	15	0.835792
45	19	1.76148
45	25	0.905325
45	28	1.03335
45	37	0.969653
45	61	0.90346
45	64	0.878067
45	76	1.01801
45	89	1.1418
45	110	0.941021
45	113	0.87955
45	163	0.82204
45	179	1.2685
46	94	1.35065
46	99	0.744168
46	112	0.818498
46	147	1.51435
46	162	0.819607
46	164	0.816368
46	165	0.818891
46	168	0.831626
46	172	0.825447
46	173	0.826894
46	175	0.821844
46	176	1.60108
46	177	0.839406
46	178	0.837251
46	180	1.53079
47	41	1.45654
47	43	1.36017
47	138	0.81607
47	140	1.55314
47	157	0.812317
47	161	0.81137
47	162	0.818756
47	165	0.81804
47	166	0.830736
47	169	0.814242
47	174	1.62951
47	175	0.820994
47	177	0.838555
47	178	0.8364
47	179	0.78252
48	41	1.10316
48	82	1.21786
48	104	1.2238
48	125	0.907636
48	145	1.23214
48	157	0.893637
48	161	0.892691
48	165	0.899361
48	167	1.21924
48	169	0.895562
48	173	0.907363
48	175	0.902314
48	177	0.919875
48	178	0.91772
48	179	0.86384
49	41	0.972851
49	130	0.906347
49	136	1.09904
49	137	0.890708
49	139	0.894669
49	145	0.882891
49	148	1.17436
49	160	0.905525
49	161	1.28736
49	171	0.886951
49	173	1.22071
49	174	0.880357
49	175	1.22256
49	176	0.890153
49	180	0.889548
50	18	1.21085
50	31	0.803919
50	98	1.41559
50	104	0.831314
50	116	0.790966
50	131	0.828841
50	142	0.819803
50	148	0.826484
50	152	1.69298
50	155	0.816951
50	156	0.845686
50	158	0.836654
50	163	0.818762
50	174	1.67767
50	179	0.78062
51	56	0.900426
51	63	0.906273
51	82	0.910997
51	113	0.879642
51	131	0.900019
51	133	0.899881
51	144	1.26236
51	155	0.888128
51	156	0.916864
51	158	0.907832
51	160	1.11454
51	163	0.889939
51	165	1.28183
51	172	1.20096
51	177	1.14466
52	116	1.50504
52	124	1.0739
52	143	1.14981
52	144	0.891336
52	146	1.14458
52	149	0.911646
52	151	0.885674
52	166	0.911208
52	169	0.894713
52	171	1.12384
52	172	0.905068
52	175	0.901465
52	177	0.919026
52	178	0.916872
52	179	0.862992
53	35	1.34773
53	72	1.58943
53	104	1.51718
53	121	1.5426
53	122	0.839195
53	125	0.818413
53	144	0.802963
53	149	0.823273
53	157	0.804415
53	164	0.807615
53	165	0.810139
53	172	0.816695
53	173	0.818141
53	177	0.830653
53	178	0.828498
54	26	1.07379
54	65	0.915633
54	74	0.915633
54	79	0.9823
54	83	0.943828
54	87	0.886219
54	92	0.871066
54	93	0.854057
54	95	0.84619
54	101	0.871623
54	109	0.913451
54	120	1.36156
54	132	1.30052
54	170	1.03175
54	179	1.2549
55	98	1.12499
55	118	0.869294
55	126	1.3212
55	128	1.26025
55	151	0.855037
55	154	1.2998
55	160	1.38868
55	161	0.861205
55	165	0.867875
55	166	0.880571
55	168	0.88061
55	169	0.864077
55	173	0.875878
55	175	0.870828
55	177	0.88839
55	178	0.886235
56	43	0.939336
56	51	0.900426
56	58	0.815839
56	103	0.872073
56	104	0.873264
56	133	0.870655
56	135	1.17986
56	142	0.861753
56	148	0.868435
56	153	1.26503
56	155	0.858901
56	158	0.878605
56	159	1.24083
56	163	0.860712
56	169	1.3853
56	178	1.3286
57	2	0.938864
57	8	0.92592
57	9	0.818247
57	17	0.817629
57	18	0.895684
57	23	0.803546
57	35	0.859797
57	44	0.862982
57	86	1.26751
57	115	1.50381
57	124	0.88172
57	126	0.884237
57	128	0.911375
57	140	0.87463
57	170	1.27704
57	179	1.50019
58	15	1.65604
58	18	1.49998
58	56	0.815839
58	74	1.62393
58	80	0.772836
58	95	1.61049
58	115	0.772386
58	133	0.815295
58	163	0.805352
58	166	0.815427
58	173	0.810734
58	174	0.794948
58	176	0.804744
58	178	0.821091
58	179	0.767211
58	180	0.804139
59	29	0.875554
59	104	1.26955
59	139	1.22069
59	147	1.24409
59	148	1.39713
59	151	0.854735
59	157	0.86185
59	162	0.868289
59	164	0.86505
59	166	0.880269
59	167	1.26499
59	172	0.87413
59	173	0.875576
59	175	0.870527
59	177	0.888088
59	178	0.885933
60	16	1.51194
60	111	0.8648
60	118	0.869498
60	134	1.26479
60	140	1.15566
60	160	1.23364
60	161	0.861409
60	165	0.868079
60	166	0.880775
60	168	0.880814
60	169	0.864281
60	172	0.874635
60	173	0.876082
60	174	1.23202
60	175	0.871033
60	177	0.888594
61	10	0.799666
61	14	0.802098
61	15	0.809782
61	28	1.00734
61	37	0.943644
61	44	0.850566
61	45	0.90346
61	64	0.852058
61	91	0.862836
61	110	0.915011
61	113	0.85354
61	120	1.5977
61	165	1.11074
61	170	1.26789
61	176	0.950782
61	179	1.49103
62	72	0.850435
62	117	0.888712
62	124	0.881234
62	133	1.23384
62	136	1.21141
62	143	0.86557
62	152	0.855328
62	160	0.890532
62	165	1.38037
62	167	0.881151
62	168	1.33498
62	171	0.871958
62	174	0.865364
62	176	0.87516
62	177	1.2432
62	180	0.874554
63	4	1.06672
63	51	0.906273
63	82	0.887617
63	102	0.86887
63	126	0.874542
63	131	0.876639
63	142	0.8676
63	148	0.874282
63	149	1.42089
63	150	1.24471
63	155	0.864748
63	158	0.884452
63	163	0.866559
63	171	1.33609
63	176	1.33075
63	179	0.828417
64	10	0.774274
64	14	0.776706
64	15	0.78439
64	25	0.853923
64	28	0.981946
64	37	0.918251
64	44	0.825173
64	45	0.878067
64	61	0.852058
64	86	1.44888
64	91	0.837444
64	100	1.05606
64	110	0.889619
64	113	0.828148
64	170	1.45842
64	178	1.17373
64	179	1.68156
65	54	0.915633
65	74	0.915633
65	79	0.9823
65	83	0.943828
65	87	0.886219
65	89	1.33039
65	92	0.871066
65	93	0.854057
65	95	0.84619
65	101	0.871623
65	109	0.913451
65	152	0.923199
65	157	1.07218
65	170	1.23394
65	179	1.45709
66	32	0.915352
66	38	1.31252
66	76	1.57774
66	105	1.48831
66	110	0.884823
66	144	0.823852
66	150	1.20194
66	164	0.828505
66	166	0.843724
66	168	0.843763
66	170	0.848453
66	172	0.837585
66	173	0.839031
66	175	0.833982
66	177	0.851543
66	178	0.849388
66	180	1.21769
67	38	0.835919
67	98	0.879181
67	123	0.867588
67	129	1.30132
67	131	1.32958
67	134	0.840065
67	148	1.33709
67	150	0.865989
67	152	0.82472
67	153	0.857226
67	159	0.855517
67	161	1.45008
67	167	0.850543
67	174	0.834755
67	175	1.38529
67	176	0.844552
67	180	0.843946
68	70	1.1428
68	75	1.51846
68	76	0.825185
68	86	0.847212
68	97	1.3525
68	104	0.859031
68	131	0.856558
68	133	0.856421
68	142	0.84752
68	148	0.854201
68	156	0.873403
68	158	0.864371
68	163	0.846479
68	166	1.4128
68	170	0.861282
68	178	1.37691
68	179	0.808337
69	25	1.33835
69	40	0.84346
69	116	0.824395
69	120	0.819588
69	121	0.871461
69	133	0.862133
69	142	0.853232
69	148	0.859913
69	149	1.39638
69	155	0.85038
69	156	0.879115
69	158	0.870083
69	163	0.852191
69	166	1.37454
69	169	1.39536
69	174	1.29729
69	179	0.814049
70	31	1.15468
70	68	1.1428
70	92	0.915477
70	101	0.916034
70	103	1.15357
70	109	0.957861
70	121	1.06992
70	131	1.16458
70	141	0.932054
70	158	1.11463
70	172	0.931274
70	174	0.916935
70	176	0.926731
70	177	0.945233
70	178	0.943078
70	179	0.889198
70	180	0.926126
71	30	1.12977
71	78	1.26735
71	100	0.923483
71	120	0.866394
71	137	0.898943
71	140	0.904704
71	141	0.903711
71	143	0.888799
71	153	0.911063
71	160	0.91376
71	162	1.26624
71	164	1.2224
71	167	0.90438
71	174	0.888592
71	175	1.20112
71	176	0.898388
71	178	1.11902
71	180	0.897783
72	21	1.34057
72	24	0.845975
72	53	1.58943
72	62	0.850435
72	78	1.49919
72	80	0.792376
72	84	0.852536
72	119	0.826513
72	137	0.824839
72	159	0.835249
72	160	0.839656
72	167	0.830275
72	168	1.43302
72	170	0.839696
72	174	0.814488
72	176	0.824284
72	177	1.34123
72	180	0.823678
73	13	0.78026
73	81	0.853325
73	102	1.38195
73	113	1.50338
73	119	0.828867
73	122	1.46379
73	123	0.849674
73	124	0.832712
73	129	1.43735
73	135	0.857804
73	145	0.819375
73	146	0.816804
73	150	0.848075
73	158	1.41565
73	159	0.837603
73	167	0.832629
73	174	0.816841
73	180	0.826032
74	54	0.915633
74	58	1.62393
74	65	0.915633
74	79	0.9823
74	83	0.943828
74	87	0.886219
74	92	0.871066
74	93	0.854057
74	95	0.84619
74	101	0.871623
74	109	0.913451
74	153	0.924504
74	165	1.11561
74	168	1.07022
74	170	1.27275
75	3	0.874334
75	68	1.51846
75	100	1.39617
75	140	1.39612
75	144	0.814766
75	161	0.815272
75	162	0.822658
75	164	0.819418
75	166	0.834638
75	167	1.4156
75	168	0.834677
75	169	0.818143
75	172	0.828498
75	173	0.829944
75	174	1.47248
75	175	0.824895
75	177	0.842456
75	178	0.840301
76	37	1.2664
76	45	1.01801
76	66	1.57774
76	68	0.825185
76	89	0.839073
76	102	0.831243
76	116	0.801136
76	121	0.848202
76	131	0.839011
76	142	0.829973
76	148	0.836654
76	155	0.827121
76	156	0.855856
76	158	0.846824
76	163	0.828932
76	173	1.70989
76	178	1.62964
76	179	0.79079
77	20	0.853577
77	94	1.34816
77	96	0.81943
77	99	0.756105
77	114	1.41025
77	123	1.34252
77	125	0.839103
77	149	0.843962
77	154	1.50238
77	157	0.825104
77	160	1.59126
77	165	0.830828
77	166	0.843524
77	169	0.827029
77	172	0.837384
77	173	0.83883
77	175	0.833781
77	177	0.851342
78	71	1.26735
78	72	1.49919
78	80	1.57266
78	87	0.84277
78	93	0.810608
78	95	0.80274
78	101	0.828174
78	113	0.829183
78	124	0.844946
78	132	0.811145
78	145	1.43529
78	156	0.866404
78	157	0.831135
78	163	0.83948
78	165	0.836859
78	167	1.42239
78	178	0.855218
78	179	0.801338
79	41	0.601032
79	54	0.9823
79	65	0.9823
79	74	0.9823
79	83	1.01049
79	87	0.952886
79	92	0.937733
79	93	0.920724
79	95	0.912856
79	101	0.93829
79	109	0.980117
79	115	1.32681
79	116	1.16949
79	170	1.10005
79	175	0.897464
79	179	1.32319
80	39	1.48982
80	58	0.772836
80	72	0.792376
80	78	1.57266
80	107	1.51767
80	117	0.830652
80	135	0.848266
80	137	0.817655
80	146	0.807267
80	152	0.797268
80	153	0.829775
80	154	0.821042
80	159	0.828066
80	165	1.55187
80	171	0.813898
80	172	1.47101
80	174	0.807304
80	176	0.8171
80	180	0.816495
81	73	0.853325
81	85	1.19708
81	105	0.834309
81	116	1.51759
81	135	0.906862
81	138	1.26033
81	139	0.880212
81	140	0.882011
81	143	0.866106
81	149	1.22118
81	150	0.897133
81	154	0.879638
81	159	0.886661
81	160	0.891068
81	167	0.881687
81	168	1.24561
81	174	0.865899
81	178	1.16346
81	180	0.87509
82	25	1.27237
82	48	1.21786
82	51	0.910997
82	63	0.887617
82	91	0.870282
82	104	0.883835
82	116	0.843488
82	127	1.14212
82	131	0.881363
82	132	0.842948
82	142	0.872324
82	148	0.879006
82	149	1.3304
82	155	0.869472
82	156	0.898208
82	158	0.889176
82	163	0.871283
82	164	1.37606
82	177	1.26305
83	54	0.943828
83	65	0.943828
83	74	0.943828
83	79	1.01049
83	87	0.914414
83	92	0.899261
83	93	0.882252
83	95	0.874385
83	101	0.899818
83	109	0.941646
83	110	0.821828
83	115	1.32373
83	120	1.42678
83	122	0.836862
83	128	0.946245
83	170	1.09697
83	179	1.32011
84	34	1.37489
84	42	0.857727
84	72	0.852536
84	117	0.890813
84	129	1.21843
84	133	1.2013
84	135	0.908427
84	140	0.883576
84	141	0.882583
84	143	0.86767
84	146	0.867427
84	147	0.884611
84	148	1.25419
84	157	1.34321
84	167	0.883252
84	174	0.867464
84	176	0.87726
84	177	1.21066
84	180	0.876655
85	81	1.19708
85	96	0.841205
85	129	0.876289
85	134	1.39733
85	138	0.850633
85	141	1.31436
85	143	1.40483
85	144	0.845427
85	151	0.839764
85	159	1.31816
85	162	0.853319
85	164	0.850079
85	166	0.865299
85	168	0.865338
85	169	0.848804
85	172	0.859159
85	173	0.860605
85	174	1.36456
85	177	0.873117
85	178	0.870962
86	9	1.52515
86	18	1.13926
86	57	1.26751
86	64	1.44888
86	68	0.847212
86	87	1.29574
86	93	1.31235
86	133	0.8609
86	150	0.871788
86	155	0.849147
86	156	0.877883
86	158	0.868851
86	169	0.844538
86	171	0.847148
86	173	0.856339
86	174	0.840553
86	176	0.85035
86	177	0.868851
86	178	0.866696
86	180	0.849744
87	37	0.933321
87	54	0.886219
87	65	0.886219
87	74	0.886219
87	78	0.84277
87	79	0.952886
87	83	0.914414
87	86	1.29574
87	92	0.841652
87	93	0.824643
87	95	0.816776
87	101	0.842209
87	109	0.884037
87	128	0.888636
87	132	1.57404
87	150	0.90214
87	170	1.30528
87	177	1.01097
87	179	1.52842
88	25	1.31253
88	43	0.924251
88	102	0.847939
88	104	0.85818
88	121	0.864898
88	131	0.855707
88	133	0.85557
88	138	1.40971
88	142	0.846669
88	148	0.853351
88	155	0.843817
88	156	0.872552
88	158	0.86352
88	163	0.845628
88	167	1.2146
88	169	1.36955
88	170	0.860431
88	173	1.39309
88	177	1.30321
88	179	0.807486
89	8	1.32806
89	45	1.1418
89	65	1.33039
89	76	0.839073
89	92	1.35158
89	95	1.35576
89	101	1.47689
89	131	0.870446
89	142	0.861408
89	146	0.849925
89	157	0.852022
89	160	0.87513
89	163	0.860367
89	168	0.87048
89	169	0.853947
89	174	0.849962
89	176	0.859758
89	178	0.876105
89	179	0.822225
89	180	0.859153
90	1	1.09142
90	13	1.60933
90	29	0.863939
90	34	0.842828
90	102	1.26733
90	105	1.4925
90	128	1.1564
90	155	1.3808
90	157	0.850234
90	161	0.849288
90	162	0.856674
90	164	0.853434
90	166	0.868654
90	168	0.868693
90	169	0.852159
90	173	0.86396
90	175	0.858911
90	177	0.876472
90	178	0.874317
90	179	0.820437
91	14	0.787484
91	15	0.795168
91	28	0.992725
91	61	0.862836
91	64	0.837444
91	82	0.870282
91	121	0.868494
91	128	1.25282
91	130	1.2817
91	134	1.4124
91	137	1.32033
91	142	0.850265
91	158	0.867116
91	159	1.33323
91	163	0.849224
91	164	0.844079
91	169	0.842804
91	171	1.39393
91	177	0.867117
91	178	0.864962
92	6	0.787052
92	44	0.82509
92	54	0.871066
92	65	0.871066
92	70	0.915477
92	74	0.871066
92	79	0.937733
92	83	0.899261
92	87	0.841652
92	89	1.35158
92	93	0.80949
92	95	0.801623
92	101	0.827056
92	109	0.868884
92	115	1.48189
92	128	0.873483
92	132	1.5239
92	160	0.930697
92	170	1.25513
92	179	1.47828
93	6	0.770042
93	11	0.888005
93	21	0.829054
93	54	0.854057
93	65	0.854057
93	74	0.854057
93	78	0.810608
93	79	0.920724
93	83	0.882252
93	86	1.31235
93	87	0.824643
93	92	0.80949
93	95	0.784614
93	101	0.810047
93	109	0.851875
93	112	1.10506
93	115	1.54865
93	128	0.856474
93	132	1.59065
93	170	1.32189
93	179	1.54503
94	46	1.35065
94	77	1.34816
94	97	1.06504
94	127	0.901059
94	130	0.913795
94	134	0.893114
94	140	0.903917
94	143	0.888012
94	147	0.904952
94	150	0.919039
94	152	0.87777
94	157	1.21238
94	158	1.0659
94	159	0.908567
94	160	0.912973
94	161	1.23635
94	166	1.12534
94	171	0.894399
94	174	0.887805
94	176	0.897601
94	180	0.896996
95	11	0.880138
95	37	0.893292
95	44	0.800214
95	54	0.84619
95	58	1.61049
95	65	0.84619
95	74	0.84619
95	78	0.80274
95	79	0.912856
95	83	0.874385
95	87	0.816776
95	89	1.35576
95	92	0.801623
95	93	0.784614
95	101	0.80218
95	109	0.844007
95	120	1.58912
95	128	0.848607
95	162	1.12185
95	170	1.25931
95	179	1.48246
96	24	1.3752
96	38	1.5063
96	77	0.81943
96	85	0.841205
96	97	0.860502
96	98	1.21073
96	115	0.803239
96	129	0.857272
96	136	0.876317
96	138	0.831615
96	146	1.50784
96	151	0.820747
96	154	1.38554
96	156	1.41088
96	162	0.834301
96	164	0.831061
96	172	0.840141
96	173	0.841587
96	175	0.836538
96	177	0.854099
96	178	0.851944
97	68	1.3525
97	94	1.06504
97	96	0.860502
97	107	0.863621
97	117	1.25551
97	118	0.873319
97	129	0.895587
97	136	0.914632
97	141	1.25632
97	161	0.86523
97	162	0.872616
97	164	0.869376
97	166	0.884596
97	168	0.884635
97	172	0.878456
97	173	0.879903
97	174	1.30652
97	175	0.874853
97	176	1.31547
97	177	0.892414
97	178	0.89026
97	180	1.24518
98	38	0.875005
98	50	1.41559
98	55	1.12499
98	67	0.879181
98	96	1.21073
98	99	1.62904
98	100	0.908732
98	119	0.885867
98	120	0.851643
98	135	0.914804
98	140	0.889953
98	145	0.876376
98	148	1.10276
98	152	0.863806
98	154	0.88758
98	161	1.21576
98	166	1.10474
98	171	0.880436
98	174	0.873841
98	176	0.883638
98	179	0.846104
98	180	0.883032
99	46	0.744168
99	77	0.756105
99	98	1.62904
99	122	0.799316
99	123	1.64399
99	125	0.778534
99	127	1.80193
99	136	0.812992
99	149	0.783394
99	162	0.770975
99	165	0.77026
99	166	0.782956
99	168	0.782994
99	169	0.766461
99	170	0.787684
99	172	0.776816
99	174	1.89112
99	175	0.773213
99	177	0.790774
99	178	0.788619
99	179	0.734739
99	180	1.82978
100	64	1.05606
100	71	0.923483
100	75	1.39617
100	98	0.908732
100	113	1.31879
100	117	0.887655
100	121	1.18636
100	129	1.25277
100	130	0.890297
100	131	1.28102
100	134	0.869616
100	147	0.881454
100	150	0.895541
100	152	0.854272
100	160	0.889475
100	167	0.880095
100	169	1.31133
100	171	0.870901
100	174	0.864307
100	176	0.874103
100	179	0.83657
100	180	0.873498
101	11	0.905572
101	21	0.84662
101	44	0.825647
101	54	0.871623
101	65	0.871623
101	70	0.916034
101	74	0.871623
101	78	0.828174
101	79	0.93829
101	83	0.899818
101	87	0.842209
101	89	1.47689
101	92	0.827056
101	93	0.810047
101	95	0.80218
101	109	0.869441
101	110	1.1053
101	128	0.87404
101	132	1.6492
101	141	1.00419
101	164	1.19913
101	173	1.176
101	179	1.60358
102	7	0.896116
102	32	1.12069
102	43	0.93116
102	63	0.86887
102	73	1.38195
102	76	0.831243
102	88	0.847939
102	90	1.26733
102	103	0.863897
102	104	0.865088
102	112	1.3829
102	113	0.842239
102	121	0.871806
102	126	0.860519
102	142	0.853577
102	155	0.850725
102	156	0.879461
102	158	0.870429
102	163	0.852536
102	165	1.44259
102	173	1.3953
102	179	0.814394
102	180	1.21234
103	7	0.905166
103	19	0.791189
103	56	0.872073
103	70	1.15357
103	102	0.863897
103	116	0.833791
103	122	1.41227
103	126	0.869569
103	128	1.21951
103	131	0.871666
103	133	0.871528
103	134	1.37909
103	139	1.24515
103	142	0.862627
103	148	0.869309
103	155	0.859775
103	156	0.888511
103	158	0.879479
103	163	0.861586
103	170	0.87639
103	172	1.43437
103	176	1.35527
103	179	0.823444
104	48	1.2238
104	50	0.831314
104	53	1.51718
104	56	0.873264
104	59	1.26955
104	68	0.859031
104	82	0.883835
104	88	0.85818
104	102	0.865088
104	110	1.28817
104	121	0.882048
104	126	0.87076
104	131	0.872857
104	132	0.834442
104	133	0.87272
104	144	1.38669
104	147	1.15947
104	148	0.8705
104	155	0.860966
104	163	0.862777
104	170	0.877581
104	173	1.35887
104	179	0.824636
105	38	0.798989
105	42	0.788088
105	66	1.48831
105	81	0.834309
105	90	1.4925
105	108	0.855509
105	121	1.47195
105	123	0.830658
105	137	0.808177
105	141	0.812944
105	143	0.798032
105	145	0.80036
105	146	0.797789
105	147	0.814973
105	153	0.820296
105	160	0.822994
105	169	1.59692
105	171	0.80442
105	174	0.797825
105	175	1.62232
105	176	0.807622
105	177	1.53058
105	180	0.807016
106	11	1.29488
106	107	0.836097
106	111	0.841097
106	112	0.843983
106	114	1.27944
106	123	1.21171
106	149	0.857511
106	150	1.38175
106	151	0.831538
106	155	1.55642
106	157	0.838653
106	161	0.837706
106	162	0.845092
106	164	0.841853
106	165	0.844376
106	166	0.857072
106	168	0.857111
106	169	0.840578
106	171	1.47313
106	173	0.852379
106	175	0.847329
106	177	0.864891
106	178	0.862736
106	180	1.3975
107	80	1.51767
107	97	0.863621
107	106	0.836097
107	108	1.19888
107	117	1.37327
107	118	0.838123
107	122	0.86576
107	127	1.33509
107	136	0.879436
107	149	0.849838
107	156	1.36235
107	157	0.83098
107	158	1.44209
107	161	0.830033
107	162	0.837419
107	165	0.836704
107	166	0.849399
107	167	1.3674
107	168	0.849438
107	169	0.832905
107	172	0.84326
107	173	0.844706
107	177	0.857218
107	178	0.855063
108	7	1.00826
108	105	0.855509
108	107	1.19888
108	111	1.2575
108	114	0.925954
108	116	1.45967
108	128	0.932625
108	134	0.892409
108	137	0.897451
108	141	0.902218
108	143	0.887306
108	147	0.904247
108	149	1.16326
108	154	0.900838
108	155	1.16175
108	160	0.912268
108	163	1.1669
108	167	0.902887
108	168	1.1877
108	170	0.912308
108	171	0.893694
108	174	0.8871
108	176	0.896896
108	180	0.89629
109	6	0.829436
109	19	1.77848
109	21	0.888448
109	26	1.10439
109	37	0.960553
109	44	0.867475
109	54	0.913451
109	65	0.913451
109	70	0.957861
109	74	0.913451
109	79	0.980117
109	83	0.941646
109	87	0.884037
109	92	0.868884
109	93	0.851875
109	95	0.844007
109	101	0.869441
109	120	1.39216
109	128	0.915868
109	132	1.33112
109	162	0.924892
109	170	1.06235
109	176	0.745248
109	179	1.2855
110	2	0.793059
110	10	0.837228
110	14	0.839659
110	31	1.39834
110	45	0.941021
110	61	0.915011
110	64	0.889619
110	66	0.884823
110	83	0.821828
110	101	1.1053
110	104	1.28817
110	129	0.922464
110	131	1.40824
110	135	0.931957
110	142	1.34218
110	147	0.908142
110	159	0.911756
110	160	0.916163
110	161	0.892108
110	163	1.44322
110	174	0.890994
110	175	0.901731
110	178	0.917137
110	180	0.900185
111	11	1.31894
111	33	0.831481
111	60	0.8648
111	106	0.841097
111	108	1.2575
111	117	1.43189
111	118	0.843122
111	123	1.23578
111	129	0.86539
111	136	0.884435
111	138	0.839733
111	145	1.43893
111	149	0.854837
111	151	0.828865
111	156	1.42098
111	157	0.835979
111	164	0.839179
111	172	0.848259
111	173	0.849705
111	175	0.844656
111	176	1.49185
111	177	0.862217
111	178	0.860062
111	179	0.806182
112	6	1.62066
112	33	0.834367
112	34	0.831459
112	39	0.833065
112	46	0.818498
112	93	1.10506
112	102	1.3829
112	106	0.843983
112	117	1.34778
112	124	1.36314
112	125	0.852864
112	129	0.868276
112	138	0.842619
112	153	1.37659
112	157	0.838865
112	160	1.40041
112	164	0.842065
112	166	0.857285
112	168	0.857324
112	172	0.851145
112	173	0.852592
112	175	0.847542
112	177	0.865103
112	178	0.862948
113	10	0.775757
113	15	0.785872
113	28	0.983429
113	45	0.87955
113	51	0.879642
113	61	0.85354
113	64	0.828148
113	73	1.50338
113	78	0.829183
113	100	1.31879
113	102	0.842239
113	133	0.84987
113	140	1.31874
113	143	1.43537
113	148	0.847651
113	151	0.824468
113	155	0.838117
113	159	1.3487
113	163	0.839928
113	164	0.834783
113	166	0.850003
113	167	1.33823
113	177	0.857821
113	180	1.33376
114	27	1.25163
114	42	0.858533
114	77	1.41025
114	106	1.27944
114	108	0.925954
114	130	0.89426
114	134	0.873579
114	135	0.909233
114	139	0.882583
114	145	0.870804
114	147	0.885417
114	150	0.899504
114	151	1.273
114	152	0.858235
114	155	1.20775
114	160	0.893438
114	167	0.884058
114	170	0.893478
114	171	0.874864
114	172	1.19822
114	173	1.23179
114	176	0.878066
114	178	1.15154
114	179	0.840533
114	180	0.877461
115	8	1.45838
115	10	1.75673
115	40	0.808528
115	43	0.895882
115	57	1.50381
115	58	0.772386
115	79	1.32681
115	83	1.32373
115	92	1.48189
115	93	1.54865
115	96	0.803239
115	131	0.827338
115	137	0.817205
115	140	0.822966
115	148	0.824981
115	156	0.844183
115	160	0.832022
115	161	0.807967
115	165	0.814637
115	167	0.822642
115	169	0.810839
115	173	0.82264
115	174	0.806854
115	176	0.81665
115	178	0.832997
115	180	0.816045
116	12	1.51487
116	31	0.807588
116	50	0.790966
116	52	1.50504
116	69	0.824395
116	76	0.801136
116	79	1.16949
116	81	1.51759
116	82	0.843488
116	103	0.833791
116	108	1.45967
116	120	0.789827
116	121	0.8417
116	126	0.830413
116	131	0.832509
116	132	0.794095
116	133	0.832372
116	140	1.60871
116	142	0.823471
116	155	0.820619
116	156	0.849354
116	158	0.840323
116	163	0.82243
116	170	0.837234
116	179	0.784288
116	180	1.62373
117	32	1.08557
117	62	0.888712
117	80	0.830652
117	84	0.890813
117	97	1.25551
117	100	0.887655
117	107	1.37327
117	111	1.43189
117	112	1.34778
117	119	0.86479
117	125	1.27507
117	127	0.866018
117	128	0.89829
117	131	1.30632
117	143	0.852971
117	145	0.855299
117	147	0.869912
117	150	0.883999
117	154	0.866503
117	159	0.873526
117	167	0.868552
117	172	1.3266
117	174	0.852764
117	176	0.862561
117	179	0.825027
117	180	0.861955
118	39	0.834878
118	55	0.869294
118	60	0.869498
118	97	0.873319
118	107	0.838123
118	111	0.843122
118	123	1.13164
118	143	1.41903
118	147	1.30098
118	153	1.35657
118	157	0.840678
118	159	1.33236
118	161	0.839732
118	162	0.847117
118	163	1.4815
118	164	0.843878
118	165	0.846402
118	168	0.859136
118	169	0.842603
118	170	0.863827
118	171	1.39306
118	172	0.852958
118	173	0.854404
118	174	1.37876
118	175	0.849355
118	177	0.866916
118	178	0.864761
119	16	0.797286
119	21	1.29712
119	38	0.842605
119	41	0.933935
119	72	0.826513
119	73	0.828867
119	98	0.885867
119	117	0.86479
119	134	0.846751
119	138	1.40428
119	139	0.855754
119	141	0.85656
119	142	1.26774
119	150	0.872676
119	153	0.863912
119	159	0.862203
119	162	1.45463
119	167	0.857229
119	168	1.38956
119	171	0.848036
119	173	1.38766
119	174	0.841441
119	176	0.851238
119	177	1.29778
119	178	1.30741
119	179	0.813704
119	180	0.850632
120	2	1.39801
120	15	1.63467
120	54	1.36156
120	61	1.5977
120	69	0.819588
120	71	0.866394
120	83	1.42678
120	95	1.58912
120	98	0.851643
120	109	1.39216
120	116	0.789827
120	133	0.827565
120	137	0.817569
120	154	0.820956
120	155	0.815812
120	164	0.812478
120	165	0.815001
120	167	0.823006
120	169	0.811203
120	170	0.832426
120	171	0.813812
120	175	0.817954
120	177	0.835516
120	178	0.833361
120	179	0.779481
120	180	0.816409
121	19	0.799099
121	40	0.860765
121	43	0.948119
121	53	1.5426
121	69	0.871461
121	70	1.06992
121	76	0.848202
121	88	0.864898
121	91	0.868494
121	100	1.18636
121	102	0.871806
121	104	0.882048
121	105	1.47195
121	116	0.8417
121	131	0.879575
121	133	0.879438
121	136	1.26262
121	142	0.870536
121	148	0.877218
121	154	1.17541
121	155	0.867685
121	156	0.89642
121	158	0.887388
121	163	0.869496
121	170	0.884299
121	171	1.27696
121	172	1.35071
121	174	1.26267
121	179	0.831354
122	53	0.839195
122	73	1.46379
122	83	0.836862
122	99	0.799316
122	103	1.41227
122	107	0.86576
122	126	1.28965
122	129	0.897726
122	138	0.872069
122	142	1.35722
122	144	0.866863
122	149	0.887173
122	150	1.27843
122	151	0.861201
122	153	1.33332
122	154	1.26826
122	157	0.868315
122	162	0.874755
122	164	0.871515
122	165	0.874039
122	166	0.886735
122	169	0.87024
122	172	0.880595
122	173	0.882041
122	174	1.35552
122	175	0.876992
122	177	0.894553
122	178	0.892398
122	179	0.838518
123	26	1.41054
123	67	0.867588
123	73	0.849674
123	77	1.34252
123	99	1.64399
123	105	0.830658
123	106	1.21171
123	111	1.23578
123	118	1.13164
123	127	0.875502
123	130	0.888238
123	135	0.903211
123	139	0.876561
123	143	0.862455
123	145	0.864783
123	146	0.862211
123	150	0.893482
123	152	0.852213
123	153	0.884719
123	159	0.88301
123	160	0.887417
123	161	1.23071
123	162	1.23104
123	167	0.878036
123	174	0.862248
123	175	1.16591
123	176	0.872045
123	179	0.834511
123	180	0.871439
124	8	0.905358
124	17	0.797067
124	18	0.875122
124	23	0.782984
124	27	1.39538
124	35	0.839234
124	52	1.0739
124	57	0.88172
124	62	0.881234
124	73	0.832712
124	78	0.844946
124	112	1.36314
124	128	0.890812
124	131	0.865771
124	133	0.865634
124	134	0.850596
124	139	0.859599
124	155	0.85388
124	156	0.882616
124	158	0.873584
124	162	1.44252
124	163	0.855691
124	166	1.33117
124	168	1.37745
124	169	1.352
124	171	0.851881
124	173	1.37554
124	176	0.855083
124	178	1.29529
124	180	0.854477
125	3	0.905649
125	6	1.54795
125	12	0.894782
125	22	1.2716
125	41	1.15312
125	48	0.907636
125	53	0.818413
125	77	0.839103
125	99	0.778534
125	112	0.852864
125	117	1.27507
125	126	1.26022
125	134	1.35885
125	138	0.851287
125	143	1.36635
125	144	0.846081
125	149	0.866392
125	151	0.840419
125	161	0.846587
125	162	0.853973
125	163	1.42882
125	164	0.850734
125	168	0.865992
125	169	0.849459
125	170	0.870682
125	172	0.859814
125	175	0.856211
125	176	1.33503
125	177	0.873772
125	178	0.871617
126	2	0.920819
126	9	0.800201
126	11	0.92486
126	17	0.799584
126	23	0.7855
126	35	0.841751
126	55	1.3212
126	57	0.884237
126	63	0.874542
126	102	0.860519
126	103	0.869569
126	104	0.87076
126	116	0.830413
126	122	1.28965
126	125	1.26022
126	139	0.862116
126	140	0.863915
126	141	0.862922
126	151	1.38652
126	152	0.837768
126	155	0.856397
126	156	0.885133
126	162	1.4123
126	164	1.36845
126	166	1.30095
126	169	1.32178
126	171	0.854398
126	173	1.34532
126	176	0.8576
126	180	0.856994
127	13	0.806088
127	22	0.873968
127	33	1.36616
127	37	0.93288
127	38	0.843833
127	82	1.14212
127	94	0.901059
127	99	1.80193
127	107	1.33509
127	117	0.866018
127	123	0.875502
127	131	1.26814
127	134	0.847979
127	138	1.33862
127	139	0.856982
127	141	0.857788
127	143	0.842876
127	145	0.845204
127	146	0.842633
127	152	0.832634
127	154	0.856408
127	159	0.863431
127	166	1.27763
127	167	0.858457
127	171	0.849264
127	174	0.842669
127	176	0.852466
127	177	1.23212
127	178	1.24175
127	180	0.85186
128	8	0.935012
128	9	0.827339
128	17	0.826722
128	18	0.904777
128	35	0.868889
128	55	1.26025
128	57	0.911375
128	83	0.946245
128	87	0.888636
128	90	1.1564
128	91	1.25282
128	92	0.873483
128	93	0.856474
128	95	0.848607
128	101	0.87404
128	103	1.21951
128	108	0.932625
128	109	0.915868
128	117	0.89829
128	124	0.890812
128	129	1.20226
128	147	0.892089
128	152	0.864906
128	158	1.18056
128	163	1.26549
128	165	1.33166
128	172	1.25079
128	173	1.28437
128	174	0.874941
128	176	0.884738
128	180	0.884132
129	5	0.811915
129	34	0.85554
129	38	1.36257
129	67	1.30132
129	73	1.43735
129	84	1.21843
129	85	0.876289
129	96	0.857272
129	97	0.895587
129	100	1.25277
129	110	0.922464
129	111	0.86539
129	112	0.868276
129	122	0.897726
129	128	1.20226
129	137	1.26977
129	139	1.2279
129	149	0.881804
129	150	1.25199
129	151	0.855831
129	157	0.862946
129	161	0.861999
129	164	0.866146
129	165	0.868669
129	166	0.881365
129	167	1.2722
129	168	0.881404
129	169	0.864871
129	173	0.876672
129	175	0.871623
129	177	0.889184
129	178	0.887029
130	16	0.81125
130	20	1.23355
130	22	0.886705
130	49	0.906347
130	91	1.2817
130	94	0.913795
130	100	0.890297
130	114	0.89426
130	123	0.888238
130	134	0.860715
130	137	0.865757
130	138	1.32987
130	141	0.870525
130	145	0.85794
130	150	0.88664
130	152	0.84537
130	153	0.877877
130	154	0.869144
130	155	1.28921
130	159	0.876168
130	160	0.880574
130	163	1.29436
130	166	1.26888
130	167	0.871194
130	169	1.2897
130	171	0.862
130	172	1.27967
130	174	0.855406
130	175	1.3151
130	176	0.865202
130	177	1.22337
130	180	0.864597
131	31	0.845462
131	40	0.851574
131	50	0.828841
131	51	0.900019
131	63	0.876639
131	67	1.32958
131	68	0.856558
131	70	1.16458
131	76	0.839011
131	82	0.881363
131	88	0.855707
131	89	0.870446
131	100	1.28102
131	103	0.871666
131	104	0.872857
131	110	1.40824
131	115	0.827338
131	116	0.832509
131	117	1.30632
131	121	0.879575
131	124	0.865771
131	127	1.26814
131	133	0.870247
131	138	1.49556
131	139	1.25616
131	146	1.39237
131	148	0.868028
131	155	0.858494
131	156	0.887229
131	158	0.878197
131	163	0.860305
131	179	0.822163
131	180	1.29599
132	2	1.33696
132	28	1.19923
132	44	1.69438
132	54	1.30052
132	78	0.811145
132	82	0.842948
132	87	1.57404
132	92	1.5239
132	93	1.59065
132	101	1.6492
132	104	0.834442
132	109	1.33112
132	116	0.794095
132	142	0.822931
132	144	0.812093
132	148	0.829613
132	150	0.84272
132	156	0.848815
132	158	0.839783
132	159	0.832247
132	163	0.82189
132	167	0.827273
132	168	0.832004
132	171	0.81808
132	172	0.825825
132	173	0.827271
132	174	0.811485
132	175	0.822222
132	176	0.821282
132	177	0.839783
132	178	0.837628
132	179	0.783748
132	180	0.820676
133	3	1.27992
133	51	0.899881
133	56	0.870655
133	58	0.815295
133	62	1.23384
133	68	0.856421
133	69	0.862133
133	84	1.2013
133	86	0.8609
133	88	0.85557
133	103	0.871528
133	104	0.87272
133	113	0.84987
133	116	0.832372
133	120	0.827565
133	121	0.879438
133	124	0.865634
133	131	0.870247
133	136	1.3119
133	138	1.45019
133	140	1.23559
133	142	0.861208
133	148	0.86789
133	155	0.858357
133	156	0.887092
133	158	0.87806
133	163	0.860168
133	164	1.4567
133	167	1.25508
133	170	0.874971
133	175	1.43542
133	177	1.34369
133	179	0.822026
134	12	1.15214
134	16	0.79057
134	30	1.37446
134	60	1.26479
134	67	0.840065
134	85	1.39733
134	91	1.4124
134	94	0.893114
134	100	0.869616
134	103	1.37909
134	108	0.892409
134	114	0.873579
134	119	0.846751
134	124	0.850596
134	125	1.35885
134	127	0.847979
134	130	0.860715
134	137	0.845077
134	139	0.849038
134	140	0.850837
134	150	0.865959
134	152	0.82469
134	153	0.857196
134	160	0.859893
134	162	1.51093
134	166	1.39959
134	167	0.850513
134	170	0.859933
134	171	0.84132
134	174	0.834725
134	176	0.844522
134	177	1.35408
134	179	0.806988
134	180	0.843916
135	1	0.924978
135	8	0.798189
135	13	0.833797
135	29	1.21282
135	56	1.17986
135	73	0.857804
135	80	0.848266
135	81	0.906862
135	84	0.908427
135	98	0.914804
135	110	0.931957
135	114	0.909233
135	123	0.903211
135	140	0.88649
135	143	0.870585
135	145	0.872913
135	147	0.887526
135	150	0.901613
135	152	0.860343
135	153	0.892849
135	154	0.884117
135	155	1.27977
135	157	1.34649
135	159	0.89114
135	162	1.37079
135	164	1.32694
135	166	1.25944
135	167	0.886166
135	168	1.30572
135	171	0.876973
135	173	1.30381
135	174	0.870378
135	178	1.22356
135	180	0.879569
136	11	1.12556
136	12	0.929239
136	26	0.895982
136	29	0.895696
136	42	1.31499
136	49	1.09904
136	62	1.21141
136	96	0.876317
136	97	0.914632
136	99	0.812992
136	107	0.879436
136	111	0.884435
136	121	1.26262
136	133	1.3119
136	141	1.23932
136	144	0.880539
136	145	1.24554
136	146	1.32456
136	151	0.874877
136	157	0.881991
136	161	0.881045
136	162	0.888431
136	164	0.885191
136	165	0.887715
136	166	0.900411
136	167	1.23265
136	169	0.883916
136	172	0.894271
136	173	0.895717
136	175	0.890668
136	177	0.908229
136	178	0.906074
136	179	0.852194
136	180	1.22818
137	24	0.871254
137	36	0.836117
137	40	1.32954
