1	74	1.10219
1	87	1.01811
1	94	1.06466
1	97	1.08522
1	132	1.00363
1	138	1.0932
1	147	1.08889
1	149	1.0127
1	153	0.982438
1	158	1.51312
1	159	0.964788
1	174	1.46577
2	84	0.681974
2	86	1.09071
2	92	1.07828
2	113	1.04667
2	114	1.04674
2	115	1.04676
2	140	1.07247
2	144	1.08817
2	169	1.53349
2	172	1.42134
2	175	1.38119
2	179	0.925866
3	52	1.08302
3	72	1.02654
3	86	1.08255
3	99	1.03095
3	109	1.05766
3	113	1.03851
3	114	1.03858
3	115	1.0386
3	118	1.1129
3	136	1.4672
3	155	1.11096
3	171	1.31285
4	9	0.988473
4	40	0.976859
4	42	0.975779
4	51	0.868367
4	64	0.833315
4	70	0.974798
4	73	0.891341
4	77	0.973771
4	79	0.949574
4	81	1.11761
4	151	1.66254
4	153	1.85602
5	7	0.99982
5	39	0.994931
5	55	0.955643
5	60	0.930241
5	76	0.993639
5	103	0.969313
5	111	0.947961
5	139	1.6691
5	147	1.03181
5	151	0.927411
5	172	1.67993
6	7	1.08301
6	46	1.07533
6	55	1.03883
6	60	1.01343
6	76	1.07683
6	108	1.08698
6	111	1.03115
6	137	1.10608
6	147	1.1689
6	149	1.26292
6	151	1.0106
6	171	1.46025
7	5	0.99982
7	6	1.08301
7	39	1.0873
7	55	1.04802
7	60	1.02261
7	76	1.08601
7	103	1.06168
7	133	0.814225
7	151	1.01978
7	157	1.5262
7	170	0.921163
7	176	1.77507
8	98	0.884943
8	101	1.66476
8	114	1.19846
8	166	0.856465
8	168	0.800564
8	170	0.914936
8	172	0.836775
8	174	0.844108
8	175	0.827439
8	177	0.826699
8	178	0.79263
8	180	0.807533
9	4	0.988473
9	29	1.02085
9	40	1.11321
9	64	0.969668
9	70	1.11115
9	73	1.02769
9	77	1.11012
9	79	1.08593
9	127	0.922091
9	135	1.22165
9	137	0.985955
9	180	1.83977
10	82	0.624432
10	94	0.286015
10	104	0.691793
10	130	0.543144
10	132	1.16713
10	168	1.01762
10	172	1.05383
10	174	1.06116
10	175	1.04449
10	176	1.02154
10	178	1.00968
10	180	1.02459
11	45	1.29267
11	52	0.754441
11	108	0.54044
11	135	1.01077
11	152	0.994213
11	161	0.989113
11	162	0.884855
11	163	0.878099
11	170	0.988925
11	177	0.900688
11	178	0.866618
11	180	0.881522
12	54	1.07668
12	72	1.01922
12	99	1.02363
12	101	1.13278
12	109	1.05034
12	113	1.03119
12	114	1.03126
12	115	1.03128
12	158	1.32197
12	164	0.977493
12	166	1.34528
12	177	1.384
13	71	1.02738
13	80	1.07468
13	82	1.117
13	87	1.03315
13	94	1.0797
13	97	1.10026
13	137	0.822322
13	145	1.0363
13	153	0.997475
13	159	0.979825
13	163	2.01764
13	164	1.13511
14	18	1.02378
14	24	1.02734
14	33	1.11717
14	41	0.969363
14	47	1.03607
14	49	1.03895
14	51	0.960371
14	93	0.963313
14	96	0.996508
14	133	0.668636
14	156	1.5403
14	169	1.4169
14	179	1.70947
15	25	0.929702
15	26	1.04807
15	44	0.979524
15	63	1.01686
15	68	1.00188
15	69	1.00215
15	84	1.14402
15	85	1.33155
15	105	0.986393
15	108	1.07767
15	138	1.07309
15	146	1.4382
15	165	1.38069
16	19	0.934591
16	20	0.934573
16	27	0.894664
16	36	0.896572
16	37	0.868843
16	43	0.972061
16	45	0.869846
16	56	0.936654
16	65	0.905843
16	83	1.22502
16	111	0.907195
16	150	1.34826
16	168	2.40999
17	18	1.03227
17	24	1.03584
17	34	1.00836
17	41	0.97786
17	47	1.04456
17	49	1.04744
17	62	1.00812
17	83	0.821953
17	93	0.97181
17	96	1.005
17	170	1.01127
17	177	1.54879
17	179	1.94517
18	14	1.02378
18	17	1.03227
18	33	1.10481
18	34	0.987507
18	41	0.957011
18	47	1.02371
18	49	1.0266
18	62	0.987267
18	96	0.984155
18	139	1.28334
18	160	0.999286
18	166	1.2638
18	167	1.79287
19	16	0.934591
19	22	1.02836
19	27	1.00334
19	36	1.00525
19	37	0.977518
19	38	1.08689
19	43	1.08074
19	45	0.978522
19	65	1.01452
19	91	0.9545
19	124	1.0516
19	170	1.16802
19	179	2.10192
20	16	0.934573
20	22	1.02834
20	28	0.94452
20	36	1.00523
20	37	0.977499
20	43	1.08072
20	45	0.978503
20	56	1.04531
20	65	1.0145
20	111	1.01585
20	117	1.17615
20	153	1.64393
20	161	1.46018
21	30	0.682026
21	78	0.802622
21	79	0.604183
21	134	1.06485
21	138	0.406909
21	141	1.06658
21	142	1.15
21	165	1.07028
21	175	0.961678
21	176	0.938722
21	177	0.960939
21	179	0.935537
21	180	0.941773
22	19	1.02836
22	20	1.02834
22	36	0.990343
22	37	0.962614
22	43	1.06583
22	45	0.963618
22	56	1.03043
22	65	0.999614
22	110	1.02402
22	111	1.00097
22	124	1.30696
22	132	1.38938
22	152	1.54094
23	59	1.0162
23	71	0.994831
23	78	0.998244
23	82	1.08445
23	87	1.00059
23	94	1.04715
23	97	1.06771
23	120	1.14099
23	148	1.36632
23	153	0.964921
23	159	0.947271
23	170	1.14049
23	172	1.66966
24	14	1.02734
24	17	1.03584
24	33	1.10838
24	34	0.991075
24	41	0.960578
24	47	1.02728
24	49	1.03016
24	93	0.954528
24	95	0.882754
24	96	0.987723
24	155	1.20193
24	160	1.4657
24	177	1.76894
25	15	0.929702
25	26	0.922585
25	53	0.929182
25	63	0.891372
25	68	0.8764
25	69	0.876669
25	90	1.37387
25	103	0.917698
25	105	0.860909
25	108	0.952182
25	127	1.53484
25	138	0.947604
25	160	2.01476
26	15	1.04807
26	25	0.922585
26	53	1.04755
26	63	1.00974
26	68	0.994767
26	69	0.995036
26	103	1.03607
26	105	0.979276
26	123	1.18764
26	138	1.06597
26	146	1.16374
26	164	1.21076
26	180	1.75178
27	16	0.894664
27	19	1.00334
27	36	0.96532
27	37	0.937591
27	38	1.04696
27	43	1.04081
27	45	0.938595
27	56	1.0054
27	65	0.974591
27	111	0.975944
27	117	1.05411
27	148	1.49884
27	166	1.7718
27	170	1.273
28	20	0.94452
28	54	0.703843
28	59	0.641011
28	105	0.903208
28	156	0.98421
28	166	1.00494
28	169	0.976541
28	171	1.03114
28	174	0.992584
28	175	0.975915
28	176	0.952959
28	177	0.975175
28	178	0.941106
28	180	0.956009
29	9	1.02085
29	40	1.00924
29	42	1.00816
29	64	0.865696
29	70	1.00718
29	73	0.923722
29	77	1.00615
29	79	0.981955
29	95	1.01573
29	106	0.97553
29	131	0.864944
29	135	1.30473
29	165	1.27728
29	178	2.14145
30	21	0.682026
30	32	0.968903
30	54	0.994997
30	75	1.03972
30	86	0.993553
30	99	0.941948
30	101	1.0511
30	109	0.968662
30	110	0.885446
30	113	0.949513
30	114	0.94958
30	115	0.949595
30	164	1.41582
30	168	2.28045
31	86	0.972059
31	104	1.13131
31	120	0.981387
31	126	1.04206
31	152	0.950165
31	153	0.911378
31	164	0.946965
31	170	0.944877
31	174	0.874048
31	176	0.834423
31	177	0.85664
31	178	0.82257
31	179	0.831239
31	180	0.837474
32	30	0.968903
32	52	1.0147
32	57	0.928234
32	72	0.958217
32	99	0.962623
32	101	1.07178
32	109	0.989337
32	113	0.970188
32	114	0.970255
32	115	0.97027
32	133	0.889011
32	148	1.22179
32	169	1.63728
32	178	1.88659
33	14	1.11717
33	18	1.10481
33	24	1.10838
33	34	1.0809
33	41	1.0504
33	47	1.1171
33	49	1.11999
33	62	1.08066
33	93	1.04435
33	112	0.6005
33	135	1.02015
33	149	0.941297
33	157	1.57127
33	176	1.82014
34	17	1.00836
34	18	0.987507
34	24	0.991075
34	33	1.0809
34	41	0.933094
34	47	0.999798
34	49	1.00268
34	51	0.924103
34	93	0.927045
34	96	0.960239
34	124	1.18106
34	146	1.38148
34	150	1.23141
34	175	1.78651
35	85	1.29898
35	102	0.956255
35	116	0.971881
35	123	1.42953
35	128	1.01092
35	134	0.973171
35	140	0.990461
35	141	0.974899
35	142	1.05831
35	143	1.01721
35	144	1.00616
35	149	1.2967
35	160	1.55592
35	179	0.843854
36	16	0.896572
36	19	1.00525
36	20	1.00523
36	22	0.990343
36	27	0.96532
36	37	0.939499
36	43	1.04272
36	45	0.940503
36	56	1.00731
36	65	0.976499
36	107	1.27367
36	158	1.70652
36	170	1.23102
36	171	1.40342
37	16	0.868843
37	19	0.977518
37	20	0.977499
37	22	0.962614
37	27	0.937591
37	36	0.939499
37	43	1.01499
37	45	0.912773
37	56	0.979581
37	65	0.94877
37	111	0.950122
37	131	0.936589
37	155	1.29296
37	175	1.81148
37	177	1.85997
38	19	1.08689
38	27	1.04696
38	45	1.02214
38	53	1.09233
38	56	1.08895
38	63	1.05452
38	65	1.05814
38	67	0.957549
38	68	1.03954
38	69	1.03981
38	85	1.05989
38	132	1.04855
38	136	1.4093
38	145	1.11475
38	177	1.62007
39	5	0.994931
39	7	1.0873
39	46	1.07963
39	55	1.04313
39	60	1.01773
39	76	1.08112
39	103	1.0568
39	108	1.09128
39	111	1.03545
39	151	1.01489
39	156	1.55378
39	157	1.39409
39	164	0.920071
39	171	0.961453
39	180	1.46109
40	4	0.976859
40	9	1.11321
40	29	1.00924
40	42	1.10052
40	64	0.958054
40	70	1.09954
40	73	1.01608
40	77	1.09851
40	79	1.07431
40	98	1.344
40	106	1.06789
40	110	0.766929
40	124	1.04987
40	153	1.41517
40	158	1.64178
41	14	0.969363
41	17	0.97786
41	18	0.957011
41	24	0.960578
41	33	1.0504
41	34	0.933094
41	47	0.969301
41	49	0.972182
41	51	0.893606
41	93	0.896548
41	96	0.929742
41	145	1.10376
41	164	1.20257
41	177	1.60908
41	179	2.00545
42	4	0.975779
42	29	1.00816
42	40	1.10052
42	64	0.956974
42	70	1.09846
42	73	1.015
42	77	1.09743
42	79	1.07323
42	95	1.10701
42	106	1.06681
42	110	0.791247
42	127	0.944969
42	150	1.12453
42	155	1.16112
42	163	2.20415
43	16	0.972061
43	19	1.08074
43	20	1.08072
43	22	1.06583
43	27	1.04081
43	36	1.04272
43	37	1.01499
43	56	1.0828
43	65	1.05199
43	111	1.05334
43	127	1.01419
43	133	1.1529
43	147	1.14088
43	171	1.43223
43	173	1.53118
44	15	0.979524
44	63	0.941194
44	64	0.859186
44	68	0.926222
44	69	0.92649
44	73	0.917212
44	77	0.999642
44	79	0.975445
44	106	0.96902
44	108	1.002
44	117	1.116
44	138	0.997426
44	154	1.18388
44	155	1.30541
44	179	2.2688
45	11	1.29267
45	16	0.869846
45	19	0.978522
45	20	0.978503
45	22	0.963618
45	27	0.938595
45	36	0.940503
45	37	0.912773
45	38	1.02214
45	56	0.980585
45	65	0.949773
45	111	0.951126
45	112	1.29901
45	131	1.27887
45	170	1.66474
46	6	1.07533
46	39	1.07963
46	55	1.04034
46	60	1.01494
46	62	1.01998
46	76	1.07834
46	81	0.795309
46	89	1.13097
46	103	1.05401
46	108	1.08849
46	111	1.03266
46	135	1.33876
46	151	1.01211
46	155	1.25536
46	174	1.71299
47	14	1.03607
47	17	1.04456
47	18	1.02371
47	24	1.02728
47	33	1.1171
47	34	0.999798
47	41	0.969301
47	49	1.03889
47	51	0.960309
47	62	0.999557
47	96	0.996446
47	139	1.56256
47	145	1.07642
47	165	1.0707
47	172	1.57339
47	173	1.31557
48	119	0.994478
48	122	1.03328
48	126	1.0161
48	127	0.916792
48	129	1.0349
48	134	1.01116
48	140	1.02845
48	141	1.01289
48	142	1.0963
48	143	1.0552
48	144	1.04415
48	155	1.13294
48	159	1.51036
48	160	1.39671
48	174	1.59057
48	179	0.881843
49	14	1.03895
49	17	1.04744
49	18	1.0266
49	24	1.03016
49	33	1.11999
49	34	1.00268
49	41	0.972182
49	47	1.03889
49	51	0.963191
49	93	0.966133
49	96	0.999327
49	121	0.957805
49	152	1.28499
49	154	1.01642
49	173	1.43878
49	180	1.83947
50	71	0.898486
50	74	0.988333
50	78	0.901899
50	80	0.945783
50	82	0.988103
50	87	0.904249
50	94	0.950802
50	95	0.93808
50	97	0.971362
50	120	1.28725
50	138	0.979342
50	147	0.975024
50	153	0.868577
50	159	0.850927
50	175	1.77577
50	179	2.22064
51	4	0.868367
51	14	0.960371
51	34	0.924103
51	41	0.893606
51	47	0.960309
51	49	0.963191
51	62	0.923862
51	64	0.849562
51	70	0.991045
51	73	0.907588
51	79	0.965822
51	95	0.999597
51	131	0.999992
51	133	1.27892
51	175	1.87488
51	180	2.05789
52	3	1.08302
52	11	0.754441
52	32	1.0147
52	72	0.983338
52	86	1.03935
52	99	0.987744
52	101	1.0969
52	105	0.97871
52	109	1.01446
52	113	0.995309
52	114	0.995376
52	115	0.995391
52	147	1.00755
52	149	1.10158
52	161	1.19163
52	163	2.14005
53	25	0.929182
53	26	1.04755
53	38	1.09233
53	63	1.01634
53	67	0.919369
53	68	1.00136
53	69	1.00163
53	90	0.843748
53	103	1.04266
53	105	0.985873
53	108	1.07715
53	112	0.884627
53	138	1.07257
53	139	1.7687
53	145	1.28256
53	172	1.77953
54	12	1.07668
54	28	0.703843
54	30	0.994997
54	72	0.984311
54	86	1.04032
54	96	0.999327
54	99	0.988717
54	101	1.09787
54	109	1.01543
54	110	0.755013
54	113	0.996282
54	114	0.996349
54	115	0.996364
54	135	1.20829
54	136	1.48112
54	178	2.04501
55	5	0.955643
55	6	1.03883
55	7	1.04802
55	39	1.04313
55	46	1.04034
55	60	0.978437
55	76	1.04183
55	103	1.01751
55	108	1.05199
55	111	0.996157
55	151	0.975607
55	155	0.94822
55	171	1.15011
55	173	1.24905
55	174	1.40585
55	176	1.83162
56	16	0.936654
56	20	1.04531
56	22	1.03043
56	27	1.0054
56	36	1.00731
56	37	0.979581
56	38	1.08895
56	43	1.0828
56	45	0.980585
56	65	1.01658
56	107	1.02083
56	111	1.01793
56	132	0.944182
56	151	1.03357
56	157	1.58322
56	167	2.00605
57	32	0.928234
57	75	0.999047
57	81	1.10369
57	86	0.952884
57	99	0.901279
57	101	1.01043
57	105	0.892245
57	106	0.950534
57	109	0.927993
57	113	0.908844
57	114	0.908911
57	115	0.908926
57	123	0.895928
57	127	1.34759
57	170	1.59323
57	177	2.13075
58	82	0.657206
58	109	0.697106
58	111	0.678797
58	125	0.703101
58	130	0.575918
58	162	0.964315
58	164	1.07047
58	167	0.958125
58	169	0.981513
58	171	1.03611
58	172	0.990223
58	173	1.03426
58	174	0.997556
58	175	0.980887
58	176	0.957931
58	178	0.946078
58	180	0.960982
59	23	1.0162
59	28	0.641011
59	74	1.04049
59	78	0.954059
59	80	0.997942
59	82	1.04026
59	87	0.956408
59	94	1.00296
59	97	1.02352
59	138	1.0315
59	146	1.17553
59	147	1.02718
59	153	0.920736
59	159	0.903086
59	168	2.08719
59	170	1.09154
59	174	1.51968
60	5	0.930241
60	6	1.01343
60	7	1.02261
60	39	1.01773
60	46	1.01494
60	55	0.978437
60	62	0.958073
60	76	1.01643
60	84	1.27095
60	89	1.32727
60	103	0.992107
60	108	1.02659
60	111	0.970755
60	121	1.27152
60	137	1.29937
60	151	0.950205
60	171	1.65354
61	81	0.721215
61	98	1.38846
61	100	0.98504
61	116	0.986605
61	126	0.992831
61	129	1.01164
61	130	1.01349
61	139	0.935052
61	140	1.00519
61	141	0.989623
61	142	1.07304
61	143	1.03193
61	144	1.02088
61	171	1.38315
61	173	1.4821
61	179	0.858578
61	180	1.88279
62	17	1.00812
62	18	0.987267
62	33	1.08066
62	46	1.01998
62	47	0.999557
62	51	0.923862
62	60	0.958073
62	76	1.02147
62	84	1.19903
62	93	0.926804
62	108	1.03163
62	111	0.975792
62	112	1.0435
62	133	1.30229
62	135	1.46314
62	151	0.955242
62	174	1.83736
63	15	1.01686
63	25	0.891372
63	26	1.00974
63	38	1.05452
63	44	0.941194
63	53	1.01634
63	68	0.963554
63	69	0.963823
63	103	1.00485
63	105	0.948063
63	108	1.03934
63	138	1.03476
63	154	0.918127
63	161	1.13427
63	165	1.09562
63	178	1.95978
63	180	1.74118
64	4	0.833315
64	9	0.969668
64	29	0.865696
64	40	0.958054
64	42	0.956974
64	44	0.859186
64	51	0.849562
64	70	0.955993
64	73	0.872536
64	77	0.954966
64	79	0.930769
64	95	0.964545
64	106	0.924344
64	151	1.22287
64	172	1.69665
64	174	1.59562
64	176	2.02139
65	16	0.905843
65	19	1.01452
65	20	1.0145
65	22	0.999614
65	27	0.974591
65	36	0.976499
65	37	0.94877
65	38	1.05814
65	43	1.05199
65	45	0.949773
65	56	1.01658
65	89	1.03464
65	111	0.987122
65	147	1.06956
65	150	1.12244
65	160	1.4228
65	163	2.20206
66	84	0.799532
66	107	0.999522
66	125	0.996072
66	128	1.02341
66	130	1.01125
66	133	1.04255
66	134	0.985657
66	139	0.932814
66	140	1.00295
66	141	0.987385
66	143	1.02969
66	144	1.01864
66	151	1.06511
66	169	1.65105
66	175	1.49875
66	176	1.86363
66	179	0.85634
67	38	0.957549
67	53	0.919369
67	68	0.866587
67	69	0.866856
67	103	0.907885
67	115	1.39123
67	119	1.40121
67	124	0.915044
67	126	1.55896
67	138	0.937791
67	158	0.806863
67	163	0.749699
67	165	0.881628
67	168	0.746153
67	174	0.789696
67	176	0.750071
67	178	0.738218
67	180	0.753122
68	15	1.00188
68	25	0.8764
68	26	0.994767
68	38	1.03954
68	44	0.926222
68	53	1.00136
68	63	0.963554
68	67	0.866587
68	69	0.948851
68	103	0.98988
68	105	0.933091
68	108	1.02436
68	110	0.999031
68	137	1.21662
68	138	1.01979
68	150	1.33231
68	164	1.52941
68	180	2.07043
69	15	1.00215
69	25	0.876669
69	26	0.995036
69	38	1.03981
69	44	0.92649
69	53	1.00163
69	63	0.963823
69	67	0.866856
69	68	0.948851
69	89	0.843097
69	103	0.990149
69	105	0.93336
69	108	1.02463
69	123	1.10487
69	138	1.02005
69	162	2.27155
69	164	1.12799
69	176	1.85088
70	4	0.974798
70	9	1.11115
70	29	1.00718
70	40	1.09954
70	42	1.09846
70	51	0.991045
70	64	0.955993
70	73	1.01402
70	77	1.09645
70	79	1.07225
70	95	1.10603
70	106	1.06583
70	107	1.22873
70	123	1.29398
70	149	1.16115
70	154	1.03507
70	159	1.53401
70	161	1.25121
71	13	1.02738
71	23	0.994831
71	50	0.898486
71	74	1.01912
71	78	0.932691
71	82	1.01889
71	87	0.93504
71	94	0.981593
71	97	1.00215
71	118	1.35291
71	133	1.27352
71	137	1.19868
71	138	1.01013
71	145	1.41266
71	147	1.00582
71	153	0.899368
71	159	0.881718
71	177	1.91798
72	3	1.02654
72	12	1.01922
72	32	0.958217
72	52	0.983338
72	54	0.984311
72	88	3.13682
72	96	0.941872
72	99	0.931262
72	101	1.04042
72	105	0.922228
72	109	0.957976
72	113	0.938827
72	114	0.938894
72	115	0.938909
72	146	0.645018
72	160	0.795311
72	162	1.8356
72	173	0.832372
73	4	0.891341
73	9	1.02769
73	29	0.923722
73	40	1.01608
73	42	1.015
73	44	0.917212
73	51	0.907588
73	64	0.872536
73	70	1.01402
73	77	1.01299
73	79	0.988795
73	95	1.02257
73	106	0.982369
73	152	1.35763
73	153	1.48895
73	161	1.3052
73	165	1.26655
73	166	1.73887
74	1	1.10219
74	50	0.988333
74	59	1.04049
74	71	1.01912
74	80	1.06642
74	82	1.10874
74	83	0.764132
74	87	1.02489
74	97	1.092
74	107	0.996098
74	138	1.09998
74	147	1.09566
74	153	0.989215
74	157	1.55849
74	158	1.42894
74	159	0.971565
74	166	1.45225
74	174	1.38159
75	30	1.03972
75	57	0.999047
75	86	1.08504
75	96	1.04405
75	99	1.03344
75	101	1.14259
75	105	1.0244
75	109	1.06015
75	113	1.041
75	114	1.04107
75	115	1.04108
75	118	0.999911
75	123	1.02808
75	146	1.11145
75	147	0.908504
75	152	1.14502
75	159	1.37538
75	179	1.96136
76	5	0.993639
76	6	1.07683
76	7	1.08601
76	39	1.08112
76	46	1.07834
76	55	1.04183
76	60	1.01643
76	62	1.02147
76	103	1.0555
76	108	1.08999
76	111	1.03415
76	121	0.799778
76	123	1.1173
76	149	0.984474
76	151	1.0136
76	154	0.858389
76	167	2.03728
76	180	1.68144
77	4	0.973771
77	9	1.11012
77	29	1.00615
77	40	1.09851
77	42	1.09743
77	44	0.999642
77	64	0.954966
77	70	1.09645
77	73	1.01299
77	79	1.07123
77	91	0.85642
77	95	1.105
77	106	1.0648
77	132	1.03594
77	150	1.00386
77	156	1.83466
77	169	1.71127
77	170	1.06994
78	21	0.802622
78	23	0.998244
78	50	0.901899
78	59	0.954059
78	71	0.932691
78	80	0.979987
78	82	1.02231
78	83	1.21608
78	87	0.938453
78	88	0.780161
78	94	0.985006
78	97	1.00557
78	131	1.01954
78	138	1.01355
78	147	1.00923
78	153	0.902781
78	159	0.885131
78	167	2.43327
78	173	1.67675
79	4	0.949574
79	9	1.08593
79	21	0.604183
79	29	0.981955
79	40	1.07431
79	42	1.07323
79	44	0.975445
79	51	0.965822
79	64	0.930769
79	70	1.07225
79	73	0.988795
79	77	1.07123
79	89	1.05309
79	95	1.0808
79	106	1.0406
79	107	1.24961
79	145	1.23917
79	165	1.23344
79	178	2.0976
80	13	1.07468
80	50	0.945783
80	59	0.997942
80	74	1.06642
80	78	0.979987
80	82	1.06619
80	87	0.982337
80	88	0.824044
80	94	1.02889
80	97	1.04945
80	117	1.04531
80	121	1.05458
80	132	1.2302
80	137	1.08243
80	138	1.05743
80	147	1.05311
80	153	0.946665
80	159	0.929015
80	171	1.4366
80	179	2.1981
81	4	1.11761
81	46	0.795309
81	57	1.10369
81	61	0.721215
81	96	0.88745
81	134	0.66885
81	152	1.06726
81	154	1.14475
81	157	1.00098
81	166	1.0035
81	171	1.0297
81	172	0.983814
81	173	1.02785
81	174	0.991146
81	175	0.974477
81	176	0.951521
81	177	0.973738
81	178	0.939668
81	179	0.948337
81	180	0.954572
82	10	0.624432
82	13	1.117
82	23	1.08445
82	50	0.988103
82	58	0.657206
82	59	1.04026
82	71	1.01889
82	74	1.10874
82	78	1.02231
82	80	1.06619
82	87	1.02466
82	94	1.07121
82	97	1.09177
82	133	1.0836
82	138	1.09975
82	148	1.41638
82	149	1.16561
82	153	0.988985
82	159	0.971335
82	161	1.25566
82	180	1.86258
83	16	1.22502
83	17	0.821953
83	74	0.764132
83	78	1.21608
83	103	0.741094
83	144	0.783781
83	146	1.05263
83	150	1.06861
83	155	1.07335
83	156	0.948987
83	163	0.917364
83	165	1.04929
83	166	0.969719
83	169	0.941318
83	170	1.02819
83	171	0.995917
83	174	0.957361
83	175	0.940692
83	176	0.917736
83	178	0.905883
83	180	0.920787
84	2	0.681974
84	15	1.14402
84	60	1.27095
84	62	1.19903
84	66	0.799532
84	143	0.853637
84	160	1.02207
84	164	1.04185
84	165	1.06086
84	167	0.929501
84	169	0.952889
84	170	1.03976
84	171	1.00749
84	172	0.961599
84	173	1.00563
84	174	0.968931
84	175	0.952263
84	176	0.929306
84	177	0.951523
84	178	0.917453
84	180	0.932357
85	15	1.33155
85	35	1.29898
85	38	1.05989
85	123	0.953764
85	129	1.06261
85	136	0.961956
85	141	1.14555
85	151	0.964968
85	155	1.00467
85	156	0.880307
85	158	0.905848
85	161	0.959698
85	162	0.85544
85	164	0.961597
85	167	0.849251
85	169	0.872639
85	171	0.927237
85	175	0.872012
85	176	0.849056
85	177	0.871273
85	178	0.837203
85	180	0.852107
86	2	1.09071
86	3	1.08255
86	30	0.993553
86	31	0.972059
86	52	1.03935
86	54	1.04032
86	57	0.952884
86	75	1.08504
86	99	0.987273
86	101	1.09643
86	105	0.978239
86	106	1.03653
86	109	1.01399
86	113	0.994838
86	114	0.994905
86	115	0.99492
86	133	0.991718
86	139	1.617
86	147	0.979699
86	155	1.06916
86	174	1.52679
86	175	1.58768
87	1	1.01811
87	13	1.03315
87	23	1.00059
87	50	0.904249
87	59	0.956408
87	71	0.93504
87	74	1.02489
87	78	0.938453
87	80	0.982337
87	82	1.02466
87	88	0.78251
87	94	0.987356
87	97	1.00792
87	117	1.12359
87	147	1.01158
87	149	1.31756
87	151	1.39788
87	153	0.905131
87	154	1.19148
87	159	0.887481
87	161	1.40762
87	178	2.23313
88	72	3.13682
88	78	0.780161
88	80	0.824044
88	87	0.78251
88	91	0.874069
88	94	0.829063
88	97	0.849623
88	107	0.809881
88	114	3.09232
88	147	0.853285
88	148	0.799231
88	152	0.785625
88	153	0.746838
88	155	0.8255
88	159	0.729188
88	166	0.721866
88	172	0.702176
88	173	0.746209
88	175	0.69284
88	176	0.669883
88	177	0.6921
88	180	0.672934
89	46	1.13097
89	60	1.32727
89	65	1.03464
89	69	0.843097
89	79	1.05309
89	119	0.857017
89	148	1.05617
89	153	1.00378
89	156	0.958073
89	158	0.983614
89	163	0.92645
89	167	0.927016
89	168	0.922904
89	171	1.005
89	172	0.959114
89	173	1.00315
89	174	0.966447
89	175	0.949778
89	176	0.926822
89	177	0.949039
89	178	0.914969
89	180	0.929873
90	25	1.37387
90	53	0.843748
90	111	0.805523
90	129	0.678658
90	137	1.08548
90	140	0.734069
90	141	0.761604
90	157	0.964416
90	158	0.97175
90	159	0.974263
90	160	1.00772
90	166	0.966941
90	169	0.938541
90	171	0.993139
90	172	0.947251
90	173	0.991284
90	174	0.954583
90	176	0.914958
90	177	0.937175
90	178	0.903105
90	179	0.911774
90	180	0.918009
91	19	0.9545
91	77	0.85642
91	88	0.874069
91	97	0.795287
91	105	1.14022
91	106	0.639405
91	132	1.06533
91	138	0.796169
91	157	0.969193
91	158	0.976527
91	159	0.97904
91	160	1.0125
91	165	1.05129
91	166	0.971718
91	167	0.91993
91	168	0.915817
91	173	0.996061
91	174	0.95936
91	176	0.919735
91	177	0.941952
91	178	0.907882
91	180	0.922786
92	2	1.07828
92	104	1.02638
92	116	0.98962
92	118	1.2473
92	119	0.974228
92	120	1.27536
92	122	1.01303
92	126	0.995846
92	127	1.02921
92	128	1.02866
92	129	1.01465
92	130	1.0165
92	131	0.888987
92	134	0.990911
92	140	1.0082
92	141	0.992639
92	142	1.07605
92	143	1.03494
92	144	1.0239
92	170	1.27485
92	172	1.80402
92	177	1.81237
92	179	0.861593
93	14	0.963313
93	17	0.97181
93	24	0.954528
93	33	1.04435
93	34	0.927045
93	41	0.896548
93	49	0.966133
93	62	0.926804
93	96	0.923693
93	125	0.939571
93	129	0.952899
93	134	0.929157
93	136	1.59084
93	140	0.946447
93	142	1.0143
93	143	0.973191
93	144	0.962143
93	154	1.11308
93	157	1.86913
93	170	1.2641
93	171	1.43649
93	175	1.75312
93	179	0.799839
94	1	1.06466
94	10	0.286015
94	13	1.0797
94	23	1.04715
94	50	0.950802
94	59	1.00296
94	71	0.981593
94	78	0.985006
94	80	1.02889
94	82	1.07121
94	87	0.987356
94	88	0.829063
94	97	1.05447
94	133	0.745186
94	136	1.17887
94	138	1.06245
94	147	1.05813
94	153	0.951683
94	159	0.934033
94	160	1.08641
94	162	2.1267
94	168	1.84777
94	179	1.78602
95	24	0.882754
95	29	1.01573
95	42	1.10701
95	50	0.93808
95	51	0.999597
95	64	0.964545
95	70	1.10603
95	73	1.02257
95	77	1.105
95	79	1.0808
95	102	0.580422
95	108	0.56384
95	111	0.863467
95	113	0.787044
95	140	0.792013
95	158	0.971857
95	163	0.914693
95	168	0.911147
95	169	0.938647
95	174	0.95469
95	175	0.938021
95	177	0.937282
95	178	0.903212
95	180	0.918116
96	14	0.996508
96	17	1.005
96	18	0.984155
96	24	0.987723
96	34	0.960239
96	41	0.929742
96	47	0.996446
96	49	0.999327
96	54	0.999327
96	72	0.941872
96	75	1.04405
96	81	0.88745
96	93	0.923693
96	99	0.946278
96	109	0.972992
96	112	1.01126
96	113	0.953843
96	114	0.95391
96	115	0.953925
96	123	0.940927
96	147	1.25803
96	152	1.49455
96	161	1.44211
96	164	1.508
96	169	2.01832
97	1	1.08522
97	13	1.10026
97	23	1.06771
97	50	0.971362
97	59	1.02352
97	71	1.00215
97	74	1.092
97	78	1.00557
97	80	1.04945
97	82	1.09177
97	87	1.00792
97	88	0.849623
97	91	0.795287
97	94	1.05447
97	124	0.892384
97	138	1.08301
97	147	1.07869
97	153	0.972244
97	154	0.857793
97	159	0.954594
97	161	1.07393
97	172	1.53798
97	174	1.43695
97	175	1.49783
97	176	1.86272
98	8	0.884943
98	40	1.344
98	61	1.38846
98	102	1.10679
98	122	1.3423
98	124	0.960984
98	143	1.24153
98	146	0.930909
98	148	0.925358
98	149	0.952014
98	150	0.946888
98	154	0.989242
98	158	0.852802
98	160	0.888771
98	164	0.908552
98	167	0.796205
98	170	0.906464
98	172	0.828303
98	173	0.872336
98	174	0.835636
98	175	0.818967
98	176	0.79601
98	177	0.818227
98	178	0.784158
98	180	0.799061
99	3	1.03095
99	12	1.02363
99	30	0.941948
99	32	0.962623
99	52	0.987744
99	54	0.988717
99	57	0.901279
99	72	0.931262
99	75	1.03344
99	86	0.987273
99	96	0.946278
99	101	1.04482
99	106	0.984923
99	109	0.962382
99	113	0.943233
99	114	0.9433
99	115	0.943315
99	118	1.0216
99	123	0.930317
99	135	1.10307
99	145	1.08135
99	156	1.81388
99	171	1.22155
99	179	1.98305
99	180	1.72119
100	61	0.98504
100	104	1.00043
100	116	0.96367
100	119	0.948277
100	122	0.987075
100	124	0.98234
100	125	0.975375
100	126	0.969896
100	127	0.853124
100	128	1.00271
100	129	0.988703
100	130	0.990551
100	134	0.96496
100	139	0.912117
100	140	0.98225
100	141	0.966688
100	142	1.0501
100	143	1.00899
100	144	0.997946
100	149	1.07383
100	151	1.15415
100	168	2.09441
100	178	1.9894
100	179	0.835643
100	180	1.7708
101	8	1.66476
101	12	1.13278
101	30	1.0511
101	32	1.07178
101	52	1.0969
101	54	1.09787
101	57	1.01043
101	72	1.04042
101	75	1.14259
101	86	1.09643
101	99	1.04482
101	105	1.03579
101	106	1.09408
101	109	1.07154
101	113	1.05239
101	114	1.05245
101	115	1.05247
101	123	1.03947
101	127	0.737197
101	151	1.03823
101	155	0.953344
101	159	1.33076
101	164	1.11385
101	165	1.00931
101	169	1.62416
101	171	1.15523
102	35	0.956255
102	95	0.580422
102	98	1.10679
102	104	0.986369
102	116	0.949609
102	119	0.934216
102	122	0.973014
102	125	0.961314
102	126	0.955835
102	128	0.988648
102	129	0.974642
102	130	0.97649
102	134	0.950899
102	139	0.898056
102	140	0.968189
102	141	0.952627
102	142	1.03604
102	143	0.994933
102	144	0.983885
102	145	0.964816
102	162	2.20366
102	167	1.95696
102	171	1.10148
102	172	1.45826
102	173	1.20043
102	179	0.821582
103	5	0.969313
103	7	1.06168
103	25	0.917698
103	26	1.03607
103	39	1.0568
103	46	1.05401
103	53	1.04266
103	55	1.01751
103	60	0.992107
103	63	1.00485
103	67	0.907885
103	68	0.98988
103	69	0.990149
103	76	1.0555
103	83	0.741094
103	105	0.974389
103	108	1.06566
103	136	1.25716
103	138	1.06108
103	151	0.989276
103	157	1.53545
103	165	0.95689
103	166	1.42921
103	173	1.20176
103	175	1.41944
103	176	1.78432
104	10	0.691793
104	31	1.13131
104	92	1.02638
104	100	1.00043
104	102	0.986369
104	107	1.01715
104	116	1.002
104	119	0.986603
104	125	1.0137
104	126	1.00822
104	128	1.04103
104	129	1.02703
104	130	1.02888
104	131	0.872037
104	134	1.00329
104	140	1.02058
104	141	1.00501
104	142	1.08843
104	143	1.04732
104	144	1.03627
104	151	1.31329
104	154	1.10689
104	166	1.7567
104	170	1.2579
104	172	1.78707
104	179	0.873968
105	15	0.986393
105	25	0.860909
105	26	0.979276
105	28	0.903208
105	52	0.97871
105	53	0.985873
105	57	0.892245
105	63	0.948063
105	68	0.933091
105	69	0.93336
105	72	0.922228
105	75	1.0244
105	86	0.978239
105	91	1.14022
105	101	1.03579
105	103	0.974389
105	109	0.953348
105	112	0.988011
105	113	0.934199
105	114	0.934266
105	115	0.934281
105	120	1.35425
105	138	1.00429
105	155	1.32425
105	160	1.58802
105	178	2.24438
106	29	0.97553
106	40	1.06789
106	42	1.06681
106	44	0.96902
106	57	0.950534
106	64	0.924344
106	70	1.06583
106	73	0.982369
106	77	1.0648
106	79	1.0406
106	86	1.03653
106	91	0.639405
106	99	0.984923
106	101	1.09408
106	109	1.01164
106	113	0.992488
106	114	0.992555
106	115	0.99257
106	120	0.853434
106	123	0.979572
106	139	1.37127
106	145	0.885127
106	162	2.1275
106	166	1.35172
106	176	1.70684
106	177	1.39045
107	36	1.27367
107	56	1.02083
107	66	0.999522
107	70	1.22873
107	74	0.996098
107	79	1.24961
107	88	0.809881
107	104	1.01715
107	114	0.559183
107	115	1.04357
107	130	1.00727
107	140	0.99897
107	141	0.983408
107	142	1.06682
107	143	1.02571
107	144	1.01467
107	148	0.984895
107	153	0.932502
107	154	1.04878
107	163	0.855176
107	169	0.87913
107	172	0.88784
107	173	0.931873
107	177	0.877764
107	178	0.843695
107	179	0.852363
107	180	0.858598
108	6	1.08698
108	11	0.54044
108	15	1.07767
108	25	0.952182
108	39	1.09128
108	44	1.002
108	46	1.08849
108	53	1.07715
108	55	1.05199
108	60	1.02659
108	62	1.03163
108	63	1.03934
108	68	1.02436
108	69	1.02463
108	76	1.08999
108	95	0.56384
108	103	1.06566
108	111	1.04431
108	138	1.09557
108	151	1.02376
108	153	1.16138
108	158	1.388
108	160	1.14679
108	165	0.938981
108	167	1.94038
108	172	1.44168
108	177	1.45003
109	3	1.05766
109	12	1.05034
109	30	0.968662
109	32	0.989337
109	52	1.01446
109	54	1.01543
109	57	0.927993
109	58	0.697106
109	72	0.957976
109	75	1.06015
109	86	1.01399
109	96	0.972992
109	99	0.962382
109	101	1.07154
109	105	0.953348
109	106	1.01164
109	113	0.969947
109	114	0.970014
109	115	0.970029
109	123	0.957031
109	148	1.45628
109	150	1.16436
109	152	1.348
109	154	1.07942
109	156	1.99516
109	159	1.57836
109	165	1.25692
110	22	1.02402
110	30	0.885446
110	40	0.766929
110	42	0.791247
110	54	0.755013
110	68	0.999031
110	137	1.165
110	138	0.610329
110	141	0.768849
110	142	0.419697
110	157	1.04394
110	161	1.10512
110	163	0.994107
110	164	1.10702
110	165	1.12604
110	167	0.994673
110	169	1.01806
110	170	1.10493
110	171	1.07266
110	172	1.02677
110	173	1.0708
110	174	1.0341
110	175	1.01744
110	176	0.994479
110	177	1.0167
110	178	0.982626
110	180	0.99753
111	5	0.947961
111	6	1.03115
111	16	0.907195
111	20	1.01585
111	22	1.00097
111	27	0.975944
111	37	0.950122
111	39	1.03545
111	43	1.05334
111	45	0.951126
111	46	1.03266
111	55	0.996157
111	56	1.01793
111	58	0.678797
111	60	0.970755
111	62	0.975792
111	65	0.987122
111	76	1.03415
111	90	0.805523
111	95	0.863467
111	108	1.04431
111	151	0.967925
111	154	1.06112
111	170	1.21213
111	173	1.48347
111	175	1.70115
111	176	2.06604
112	33	0.6005
112	45	1.29901
112	53	0.884627
112	62	1.0435
112	96	1.01126
112	105	0.988011
112	116	0.860601
112	128	0.701063
112	146	1.06275
112	148	1.0572
112	151	1.04376
112	154	1.12108
112	156	0.959103
112	160	1.02061
112	161	1.03849
112	166	0.979835
112	169	0.951435
112	170	1.03831
112	171	1.00603
112	172	0.960145
112	173	1.00418
112	174	0.967477
112	175	0.950808
112	177	0.950069
112	178	0.915999
112	179	0.924668
112	180	0.930903
113	2	1.04667
113	3	1.03851
113	12	1.03119
113	30	0.949513
113	32	0.970188
113	52	0.995309
113	54	0.996282
113	57	0.908844
113	72	0.938827
113	75	1.041
113	86	0.994838
113	95	0.787044
113	96	0.953843
113	99	0.943233
113	101	1.05239
113	105	0.934199
113	106	0.992488
113	109	0.969947
113	114	0.950865
113	115	0.95088
113	123	0.937882
113	145	1.16791
113	146	1.2197
113	148	1.36155
113	153	1.38458
113	161	1.20083
113	177	1.67323
113	179	2.0696
114	2	1.04674
114	3	1.03858
114	8	1.19846
114	12	1.03126
114	30	0.94958
114	32	0.970255
114	52	0.995376
114	54	0.996349
114	57	0.908911
114	72	0.938894
114	75	1.04107
114	86	0.994905
114	88	3.09232
114	96	0.95391
114	99	0.9433
114	101	1.05245
114	105	0.934266
114	106	0.992555
114	107	0.559183
114	109	0.970014
114	113	0.950865
114	115	0.950947
114	123	0.937949
114	148	0.742375
114	153	0.765411
114	174	0.944673
114	178	1.40717
114	179	1.45043
115	2	1.04676
115	3	1.0386
115	12	1.03128
115	30	0.949595
115	32	0.97027
115	52	0.995391
115	54	0.996364
115	57	0.908926
115	67	1.39123
115	72	0.938909
115	75	1.04108
115	86	0.99492
115	96	0.953925
115	99	0.943315
115	101	1.05247
115	105	0.934281
115	106	0.99257
115	107	1.04357
115	109	0.970029
115	113	0.95088
115	114	0.950947
115	123	0.937964
115	147	0.881963
115	152	1.11848
115	159	1.34884
115	163	2.01446
115	171	1.17332
115	177	1.53844
116	35	0.971881
116	61	0.986605
116	92	0.98962
116	100	0.96367
116	102	0.949609
116	104	1.002
116	112	0.860601
116	119	0.949842
116	121	1.0167
116	122	0.98864
116	125	0.97694
116	128	1.00427
116	129	0.990268
116	130	0.992116
116	133	1.02342
116	134	0.966525
116	140	0.983815
116	141	0.968253
116	142	1.05167
116	143	1.01056
116	144	0.999511
116	147	1.10737
116	150	1.16025
116	163	2.23987
116	165	1.25281
116	166	1.72513
116	173	1.49767
116	179	0.837208
117	20	1.17615
117	27	1.05411
117	44	1.116
117	80	1.04531
117	87	1.12359
117	121	1.05999
117	125	1.01754
117	129	0.866368
117	131	1.12674
117	149	1.03125
117	157	0.924702
117	160	0.968004
117	161	0.985886
117	164	0.987786
117	166	0.927227
117	167	0.875439
117	168	0.871326
117	169	0.898827
117	170	0.985698
117	171	0.953425
117	173	0.95157
117	174	0.914869
117	175	0.898201
117	176	0.875244
117	177	0.897461
117	178	0.863391
117	180	0.878295
118	3	1.1129
118	71	1.35291
118	75	0.999911
118	92	1.2473
118	99	1.0216
118	126	1.1411
118	132	1.00095
118	136	0.968256
118	141	1.14066
118	146	0.990255
118	154	1.04859
118	155	1.01097
118	157	0.904814
118	161	0.965999
118	162	0.861741
118	164	0.967898
118	166	0.907339
118	168	0.851438
118	169	0.878939
118	170	0.965811
118	171	0.933538
118	172	0.887649
118	173	0.931682
118	174	0.894982
118	175	0.878313
118	176	0.855357
118	177	0.877573
118	178	0.843504
118	180	0.858408
119	48	0.994478
119	67	1.40121
119	89	0.857017
119	92	0.974228
119	100	0.948277
119	102	0.934216
119	104	0.986603
119	116	0.949842
119	122	0.973247
119	125	0.961547
119	126	0.956068
119	128	0.988881
119	129	0.974875
119	130	0.976723
119	133	1.00802
119	134	0.951132
119	137	0.829119
119	140	0.968422
119	141	0.95286
119	142	1.03628
119	143	0.995167
119	144	0.984118
119	145	0.96505
119	153	1.25977
119	158	1.48639
119	168	2.00654
119	173	1.28224
119	179	0.821815
119	180	1.68293
120	23	1.14099
120	31	0.981387
120	50	1.28725
120	92	1.27536
120	105	1.35425
120	106	0.853434
120	136	0.975413
120	138	1.0102
120	143	1.06433
120	149	1.01852
120	154	1.05575
120	157	0.911971
120	162	0.868898
120	164	0.975055
120	165	0.994071
120	166	0.914496
120	167	0.862708
120	168	0.858595
120	170	0.972968
120	171	0.940695
120	172	0.894806
120	173	0.938839
120	174	0.902139
120	175	0.88547
120	176	0.862514
120	177	0.88473
120	178	0.850661
120	179	0.859329
120	180	0.865565
121	49	0.957805
121	60	1.27152
121	76	0.799778
121	80	1.05458
121	116	1.0167
121	117	1.05999
121	125	1.02681
121	126	0.959024
121	129	0.875638
121	150	1.05117
121	151	1.01621
121	156	0.931545
121	157	0.949751
121	158	0.957085
121	160	0.993054
121	162	0.906677
121	163	0.899922
121	165	1.03185
121	167	0.900488
121	168	0.896375
121	170	1.01075
121	171	0.978475
121	172	0.932586
121	173	0.976619
121	174	0.939919
121	175	0.92325
121	176	0.900293
121	177	0.92251
121	178	0.888441
121	180	0.903344
122	48	1.03328
122	92	1.01303
122	98	1.3423
122	100	0.987075
122	102	0.973014
122	116	0.98864
122	119	0.973247
122	123	1.27249
122	125	1.00034
122	126	0.994866
122	128	1.02768
122	129	1.01367
122	130	1.01552
122	131	0.778728
122	133	1.04682
122	134	0.98993
122	137	0.982817
122	139	0.937087
122	140	1.00722
122	141	0.991658
122	142	1.07507
122	143	1.03396
122	144	1.02292
122	145	1.00385
122	147	1.04564
122	150	1.09851
122	158	1.64008
122	169	1.80592
122	179	0.860613
122	180	1.83663
123	26	1.18764
123	35	1.42953
123	57	0.895928
123	69	1.10487
123	70	1.29398
123	75	1.02808
123	76	1.1173
123	85	0.953764
123	96	0.940927
123	99	0.930317
123	101	1.03947
123	106	0.979572
123	109	0.957031
123	113	0.937882
123	114	0.937949
123	115	0.937964
123	122	1.27249
123	137	0.990781
123	140	1.24857
123	155	0.975875
123	162	0.826642
123	163	0.819886
123	165	0.951815
123	172	0.85255
123	173	0.896583
123	175	0.843214
123	176	0.820258
123	177	0.842475
123	178	0.808405
123	180	0.823309
124	19	1.0516
124	22	1.30696
124	34	1.18106
124	40	1.04987
124	67	0.915044
124	97	0.892384
124	98	0.960984
124	100	0.98234
124	125	1.12001
124	140	1.02425
124	145	1.02057
124	146	1.01542
124	152	0.996265
124	155	1.03614
124	160	0.973283
124	161	0.991165
124	163	0.880151
124	164	0.993064
124	165	1.01208
124	166	0.932506
124	167	0.880717
124	171	0.958704
124	172	0.912815
124	173	0.956848
124	174	0.920148
124	175	0.903479
124	176	0.880523
124	177	0.90274
124	178	0.86867
124	179	0.877338
124	180	0.883574
125	58	0.703101
125	66	0.996072
125	93	0.939571
125	100	0.975375
125	102	0.961314
125	104	1.0137
125	116	0.97694
125	117	1.01754
125	119	0.961547
125	121	1.02681
125	122	1.00034
125	124	1.12001
125	126	0.983166
125	128	1.01598
125	129	1.00197
125	130	1.00382
125	131	0.850571
125	133	1.03512
125	134	0.97823
125	139	0.925386
125	140	0.99552
125	141	0.979958
125	142	1.06337
125	143	1.02226
125	144	1.01122
125	145	0.992147
125	146	1.32042
125	152	1.35399
125	159	1.58436
125	176	2.09034
125	179	0.848913
126	31	1.04206
126	48	1.0161
126	61	0.992831
126	67	1.55896
126	92	0.995846
126	100	0.969896
126	102	0.955835
126	104	1.00822
126	118	1.1411
126	119	0.956068
126	121	0.959024
126	122	0.994866
126	125	0.983166
126	128	1.0105
126	129	0.996494
126	130	0.998342
126	132	1.13465
126	133	1.02964
126	134	0.972751
126	139	0.919908
126	140	0.990041
126	141	0.974479
126	142	1.05789
126	143	1.01679
126	144	1.00574
126	145	0.986668
126	150	1.10257
126	153	1.41753
126	154	1.01764
126	175	1.65767
126	179	0.843434
127	9	0.922091
127	25	1.53484
127	42	0.944969
127	43	1.01419
127	48	0.916792
127	57	1.34759
127	92	1.02921
127	100	0.853124
127	101	0.737197
127	135	1.05457
127	137	1.09279
127	146	1.05717
127	152	1.03801
127	154	1.1155
127	161	1.03291
127	162	0.928654
127	164	1.03481
127	166	0.974253
127	167	0.922465
127	168	0.918352
127	170	1.03272
127	171	1.00045
127	172	0.954563
127	173	0.998596
127	174	0.961896
127	175	0.945227
127	176	0.92227
127	177	0.944487
127	178	0.910418
127	179	0.919086
127	180	0.925321
128	35	1.01092
128	66	1.02341
128	92	1.02866
128	100	1.00271
128	102	0.988648
128	104	1.04103
128	112	0.701063
128	116	1.00427
128	119	0.988881
128	122	1.02768
128	125	1.01598
128	126	1.0105
128	129	1.02931
128	130	1.03115
128	131	0.680927
128	132	1.03279
128	133	1.06246
128	134	1.00556
128	140	1.02285
128	141	1.00729
128	142	1.09071
128	143	1.0496
128	144	1.03855
128	145	1.01948
128	146	1.15078
128	148	1.29263
128	152	1.18435
128	157	1.67183
128	162	2.34136
128	164	1.19781
128	175	1.55581
128	179	0.876247
129	48	1.0349
129	61	1.01164
129	85	1.06261
129	90	0.678658
129	92	1.01465
129	93	0.952899
129	100	0.988703
129	102	0.974642
129	104	1.02703
129	116	0.990268
129	117	0.866368
129	119	0.974875
129	121	0.875638
129	122	1.01367
129	125	1.00197
129	126	0.996494
129	128	1.02931
129	130	1.01715
129	133	1.04845
129	134	0.991558
129	140	1.00885
129	141	0.993286
129	142	1.0767
129	143	1.03559
129	144	1.02454
129	145	1.00548
129	150	1.01919
129	156	1.84999
129	157	1.6903
129	159	1.43319
129	164	1.21628
129	173	1.35661
129	179	0.862241
130	10	0.543144
130	58	0.575918
130	61	1.01349
130	66	1.01125
130	92	1.0165
130	100	0.990551
130	102	0.97649
130	104	1.02888
130	107	1.00727
130	116	0.992116
130	119	0.976723
130	122	1.01552
130	125	1.00382
130	126	0.998342
130	128	1.03115
130	129	1.01715
130	133	1.0503
130	134	0.993406
130	139	0.940563
130	140	1.0107
130	141	0.995134
130	142	1.07855
130	143	1.03744
130	144	1.02639
130	151	1.16464
130	154	0.958236
130	165	1.13573
130	166	1.60805
130	168	2.1049
130	169	1.75058
130	173	1.3806
130	174	1.53739
130	179	0.864089
131	29	0.864944
131	37	0.936589
131	45	1.27887
131	51	0.999992
131	78	1.01954
131	92	0.888987
131	104	0.872037
131	117	1.12674
131	122	0.778728
131	125	0.850571
131	128	0.680927
131	143	0.677963
131	149	1.12304
131	150	1.11792
131	152	1.08278
131	155	1.12266
131	156	0.998292
131	158	1.02383
131	160	1.0598
131	161	1.07768
131	163	0.966669
131	164	1.07958
131	168	0.963122
131	169	0.990623
131	170	1.07749
131	171	1.04522
131	172	0.999333
131	173	1.04337
131	174	1.00667
131	175	0.989997
131	176	0.967041
131	177	0.989257
131	178	0.955188
131	180	0.970091
132	1	1.00363
132	10	1.16713
132	22	1.38938
132	38	1.04855
132	56	0.944182
132	77	1.03594
132	80	1.2302
132	91	1.06533
132	118	1.00095
132	126	1.13465
132	128	1.03279
132	133	1.04417
132	143	1.02983
132	149	1.01715
132	150	1.01202
132	154	1.05438
132	155	1.01676
132	157	0.910602
132	158	0.917936
132	160	0.953905
132	163	0.860773
132	164	0.973686
132	165	0.992702
132	166	0.913127
132	167	0.861339
132	168	0.857226
132	171	0.939326
132	172	0.893437
132	173	0.93747
132	174	0.90077
132	175	0.884101
132	177	0.883361
132	178	0.849292
132	180	0.864196
133	7	0.814225
133	14	0.668636
133	32	0.889011
133	43	1.1529
133	51	1.27892
133	62	1.30229
133	66	1.04255
133	71	1.27352
133	82	1.0836
133	86	0.991718
133	94	0.745186
133	116	1.02342
133	119	1.00802
133	122	1.04682
133	125	1.03512
133	126	1.02964
133	128	1.06246
133	129	1.04845
133	130	1.0503
133	132	1.04417
133	141	1.02643
133	143	1.06874
133	150	1.04945
133	162	0.904958
133	165	1.03013
133	168	0.894656
133	170	1.00903
133	172	0.930866
133	174	0.938199
133	175	0.92153
133	176	0.898574
133	177	0.920791
133	179	0.89539
133	180	0.901625
134	21	1.06485
134	35	0.973171
134	48	1.01116
134	66	0.985657
