1	64	0.478835
1	77	1.42236
1	82	0.490561
1	88	0.471642
1	93	1.40168
1	96	0.46874
1	99	1.31363
1	110	1.23112
1	122	1.39937
1	128	1.4152
1	146	0.491356
1	175	1.41665
2	13	1.36914
2	38	1.35334
2	53	1.37929
2	64	0.478048
2	67	1.27943
2	79	0.483981
2	144	0.465604
2	151	1.36993
2	163	0.517402
2	172	0.46191
2	173	1.4238
2	175	1.42508
3	7	0.390065
3	17	0.530015
3	58	1.36194
3	74	1.36766
3	75	1.35349
3	90	1.3439
3	91	1.43041
3	96	0.483911
3	101	1.41297
3	115	1.32961
3	144	0.481561
3	149	0.515876
4	9	1.23563
4	11	1.24176
4	38	1.16864
4	53	1.19458
4	67	1.09472
4	107	0.615235
4	151	1.18522
4	152	0.563375
4	167	0.609499
4	173	1.23909
4	175	1.24037
4	176	0.617353
5	97	1.331
5	105	1.29668
5	121	1.32905
5	124	1.37349
5	125	1.37349
5	136	0.49196
5	148	0.508023
5	167	0.475965
5	170	0.465648
5	173	1.4475
5	175	1.44878
5	178	0.465063
6	36	1.38704
6	45	1.32611
6	71	1.38445
6	138	1.367
6	140	1.39098
6	142	0.475842
6	149	0.481015
6	151	1.38212
6	155	1.3623
6	161	0.491504
6	168	0.483918
6	180	0.474118
7	3	0.390065
7	46	1.36522
7	48	1.31406
7	52	1.31406
7	59	1.39406
7	62	1.39406
7	70	1.40484
7	134	0.404794
7	153	0.394858
7	167	1.4137
7	169	0.39585
7	178	0.819613
8	25	0.315291
8	99	1.34271
8	102	1.40349
8	109	1.36485
8	110	1.26021
8	117	1.42923
8	119	1.35378
8	150	0.5198
8	161	0.534887
8	165	0.507275
8	168	0.527301
8	175	1.44573
9	4	1.23563
9	13	1.38424
9	53	1.39439
9	67	1.29453
9	118	0.470603
9	130	1.41215
9	158	0.485243
9	165	0.478614
9	173	1.43889
9	174	0.479526
9	175	1.44017
9	177	0.492611
10	56	1.36372
10	65	1.31036
10	69	1.39191
10	118	0.468807
10	130	1.41463
10	133	0.468911
10	138	0.489392
10	155	1.36768
10	162	1.38413
10	163	1.36757
10	164	0.479883
10	168	0.496844
11	4	1.24176
11	38	1.37457
11	53	1.40052
11	67	1.30066
11	143	0.458713
11	151	1.39116
11	155	0.490502
11	156	0.480267
11	162	0.481559
11	169	0.4928
11	173	1.44503
11	175	1.44631
12	47	1.30063
12	60	1.36661
12	64	0.47499
12	95	1.39931
12	100	1.36911
12	103	1.42245
12	155	1.371
12	157	0.483042
12	163	1.37089
12	176	0.494448
12	177	0.493733
12	179	0.460556
13	2	1.36914
13	9	1.38424
13	22	1.48342
13	43	0.436503
13	53	1.34319
13	67	1.24333
13	146	0.490515
13	147	0.488304
13	157	0.486046
13	166	0.505298
13	173	1.3877
13	175	1.38898
14	16	1.4801
14	20	1.22395
14	26	1.18325
14	28	1.3477
14	31	1.28325
14	132	0.530651
14	133	1.34409
14	137	0.532922
14	153	1.26991
14	154	1.26773
14	171	0.489614
14	178	0.518526
14	180	0.532797
15	86	1.44887
15	87	1.45722
15	92	1.52368
15	98	1.43564
15	107	0.436668
15	137	0.434428
15	147	0.429638
15	150	0.4366
15	160	0.42415
15	166	0.446632
15	167	1.47807
15	171	1.52643
15	173	1.53008
16	14	1.4801
16	20	1.44797
16	26	1.40727
16	28	1.57171
16	31	1.50727
16	56	0.470377
16	64	0.423014
16	150	0.440286
16	153	1.49393
16	154	1.49175
16	156	0.438995
16	170	0.424301
16	179	0.40858
17	3	0.530015
17	47	1.23323
17	60	1.29922
17	68	1.27284
17	95	1.33191
17	100	1.30172
17	103	1.35505
17	141	0.514274
17	148	0.550949
17	159	1.30254
17	163	1.30349
17	167	0.518891
17	172	0.491148
18	27	1.40309
18	63	1.49103
18	66	1.42704
18	86	1.48332
18	98	1.4701
18	118	0.417461
18	134	0.458182
18	142	0.437421
18	164	0.428537
18	171	1.56088
18	173	1.56453
18	174	0.426384
18	176	0.440183
19	20	1.42775
19	41	1.58647
19	70	1.49216
19	121	1.43457
19	124	1.47902
19	125	1.47902
19	131	0.413056
19	156	0.440952
19	165	0.429718
19	167	1.50101
19	169	0.453485
19	174	0.43063
19	180	0.439945
20	14	1.22395
20	16	1.44797
20	19	1.42775
20	26	1.15112
20	31	1.25112
20	41	1.35053
20	115	0.570485
20	133	1.31196
20	142	0.524107
20	152	0.472891
20	154	1.2356
20	174	0.513069
20	177	0.526154
21	24	1.24728
21	68	1.27021
21	95	1.32928
21	100	1.29909
21	103	1.35242
21	134	0.54575
21	149	0.530163
21	155	1.30097
21	159	1.2999
21	162	0.525565
21	163	1.30086
21	165	0.513039
21	172	0.492154
22	13	1.48342
22	38	1.46763
22	53	1.49358
22	67	1.39371
22	151	1.48421
22	161	0.448827
22	162	0.43374
22	168	0.441241
22	173	1.53808
22	175	1.53936
22	177	0.435211
22	178	0.41717
22	180	0.431441
23	35	1.31128
23	36	1.30848
23	45	1.24754
23	71	1.30588
23	132	0.532253
23	137	0.534525
23	140	1.31241
23	145	1.32712
23	151	1.30355
23	155	1.28373
23	167	0.53103
23	175	0.501506
23	179	0.504991
24	21	1.24728
24	30	1.2881
24	47	1.17091
24	68	1.21051
24	95	1.26959
24	100	1.23939
24	103	1.29273
24	134	0.584543
24	137	0.562185
24	149	0.568956
24	155	1.24128
24	158	0.558461
24	159	1.24021
24	179	0.532651
25	8	0.315291
25	45	0.369588
25	73	1.36606
25	74	1.38767
25	75	1.3735
25	76	1.36962
25	91	1.45042
25	94	1.41962
25	101	1.43298
25	142	1.40013
25	163	0.323393
25	168	0.308813
25	174	0.745894
25	178	0.740937
26	14	1.18325
26	16	1.40727
26	20	1.15112
26	28	1.27487
26	31	1.21042
26	41	1.30983
26	127	0.572276
26	132	0.568696
26	133	1.27126
26	143	0.550295
26	144	0.543424
26	153	1.19708
26	154	1.1949
26	156	0.571849
27	18	1.40309
27	50	1.1411
27	86	1.1997
27	87	1.20805
27	92	1.27451
27	98	1.18647
27	126	0.538641
27	142	0.568134
27	150	0.568709
27	154	0.576678
27	167	1.2289
27	171	1.27726
27	173	1.28091
27	178	0.55214
28	14	1.3477
28	16	1.57171
28	26	1.27487
28	31	1.37487
28	41	1.47428
28	127	0.469133
28	133	1.4357
28	143	0.447151
28	153	1.36153
28	154	1.35935
28	161	0.485084
28	165	0.457471
28	169	0.481239
28	180	0.467698
29	39	1.21993
29	56	1.24085
29	65	1.18749
29	69	1.26904
29	123	0.589266
29	145	1.2882
29	146	0.556511
29	152	0.50947
29	155	1.2448
29	159	1.24374
29	161	0.576349
29	162	1.26126
29	163	1.2447
29	169	0.572504
30	24	1.2881
30	43	0.455551
30	47	1.27143
30	57	1.34707
30	60	1.33741
30	68	1.31103
30	95	1.37011
30	100	1.33991
30	103	1.39324
30	135	0.532173
30	142	0.513739
30	147	0.507352
30	163	1.34169
30	176	0.5165
30	179	0.482608
31	14	1.28325
31	16	1.50727
31	20	1.25112
31	26	1.21042
31	28	1.37487
31	41	1.40983
31	133	1.37126
31	139	0.514377
31	146	0.492513
31	153	1.29708
31	154	1.2949
31	155	0.506209
31	162	0.497265
31	164	0.487805
31	166	0.507297
32	97	1.26862
32	104	1.4552
32	105	1.2343
32	118	0.486069
32	121	1.26667
32	124	1.31111
32	125	1.31111
32	139	0.523716
32	146	0.501853
32	164	0.497145
32	170	0.49062
32	171	1.38147
32	173	1.38512
32	175	1.3864
32	176	0.508791
33	78	1.33685
33	84	1.40093
33	89	1.25825
33	108	1.39062
33	111	1.27207
33	112	1.27207
33	113	1.35152
33	114	1.35152
33	116	0.519212
33	120	1.36618
33	132	0.502179
33	137	0.504451
33	144	0.476908
33	149	0.511222
33	165	0.494099
34	46	1.31017
34	48	1.25901
34	51	1.40502
34	52	1.25901
34	59	1.33901
34	62	1.33901
34	70	1.34979
34	130	0.499908
34	138	0.502711
34	142	0.502087
34	145	1.38035
34	147	0.4957
34	167	1.35864
34	169	0.513904
34	174	0.491049
35	23	1.31128
35	36	1.34727
35	45	1.28633
35	54	1.31985
35	71	1.34467
35	113	0.488454
35	115	0.543916
35	140	1.35121
35	141	1.35096
35	145	1.36591
35	153	0.508363
35	155	1.32252
35	162	0.498113
35	176	0.500299
35	179	0.466406
36	6	1.38704
36	23	1.30848
36	35	1.34727
36	45	1.28353
36	71	1.34187
36	91	0.484531
36	138	1.32442
36	141	1.34815
36	151	1.33954
36	155	1.31971
36	156	0.497836
36	160	0.486677
36	161	0.514215
36	163	0.521209
36	177	0.500599
37	41	1.40758
37	65	0.549789
37	111	1.2713
37	112	1.2713
37	120	1.36542
37	130	1.34739
37	131	0.492307
37	146	0.516744
37	152	0.469704
37	153	1.29483
37	154	1.29265
37	172	0.488085
37	173	1.37413
37	175	1.37541
37	179	0.489789
38	2	1.35334
38	4	1.16864
38	11	1.37457
38	22	1.46763
38	67	1.22753
38	130	1.34516
38	137	0.494323
38	151	1.31803
38	158	0.4906
38	161	0.511583
38	163	0.518577
38	173	1.3719
38	175	1.37318
38	176	0.498682
38	180	0.494198
39	29	1.21993
39	44	1.39771
39	56	1.26613
39	65	1.21278
39	69	1.29432
39	85	0.508934
39	139	0.559748
39	144	0.51292
39	145	1.31348
39	149	0.547234
39	150	0.542636
39	155	1.27009
39	158	0.53674
39	159	1.26903
39	162	1.28654
39	163	1.26998
40	72	1.26792
40	78	1.29184
40	82	1.29301
40	89	1.21325
40	106	0.349085
40	108	1.34562
40	111	1.22707
40	112	1.22707
40	113	1.30652
40	114	1.30652
40	116	0.4663
40	120	1.32118
40	134	0.473897
40	153	0.463962
40	169	0.464953
40	179	0.987321
41	19	1.58647
41	20	1.35053
41	26	1.30983
41	28	1.47428
41	31	1.40983
41	37	1.40758
41	96	0.435176
41	116	0.475132
41	133	1.47067
41	138	0.462592
41	146	0.457792
41	148	0.488933
41	153	1.39649
41	154	1.39431
41	172	0.429133
41	180	0.460245
42	54	0.475339
42	58	1.39392
42	61	1.54616
42	73	1.37803
42	75	1.38547
42	76	1.3816
42	90	1.37588
42	91	1.46239
42	94	1.43159
42	101	1.44495
42	138	0.465275
42	143	0.442381
42	149	0.469825
42	166	0.475258
42	167	0.459559
42	171	0.419745
43	13	0.436503
43	30	0.455551
43	50	0.528312
43	72	0.450405
43	81	0.442495
43	125	0.437217
43	130	0.444305
43	164	1.41874
43	165	1.43797
43	172	1.42911
43	174	1.41896
43	176	1.40138
43	177	1.41937
43	178	1.418
43	179	1.43338
43	180	1.42311
44	39	1.39771
44	56	1.41863
44	65	1.36527
44	69	1.44681
44	79	0.453742
44	145	1.46597
44	155	1.42258
44	159	1.42152
44	160	0.452631
44	162	1.43904
44	163	1.42248
44	166	0.475113
44	167	0.459414
44	174	0.453468
44	177	0.466553
44	178	0.448512
45	6	1.32611
45	23	1.24754
45	25	0.369588
45	35	1.28633
45	36	1.28353
45	71	1.28093
45	126	0.544029
45	138	1.26348
45	140	1.28747
45	141	1.28722
45	148	0.600488
45	151	1.27861
45	155	1.25878
45	172	0.540687
45	176	0.576284
45	177	0.57557
46	7	1.36522
46	34	1.31017
46	48	1.19023
46	51	1.33623
46	52	1.19023
46	59	1.27023
46	62	1.27023
46	70	1.28101
46	96	0.513569
46	116	0.553525
46	141	1.29661
46	147	0.533974
46	150	0.540936
46	162	0.540937
46	167	1.28986
46	170	0.524952
47	12	1.30063
47	17	1.23323
47	24	1.17091
47	30	1.27143
47	57	1.22988
47	65	0.603005
47	68	1.19384
47	100	1.22272
47	103	1.27605
47	118	0.554175
47	140	1.25329
47	159	1.22353
47	163	1.22449
47	164	0.565251
47	168	0.582212
47	170	0.558726
47	179	0.543004
48	7	1.31406
48	34	1.25901
48	46	1.19023
48	51	1.28508
48	52	1.13907
48	59	1.21907
48	62	1.21907
48	70	1.22985
48	107	0.567607
48	141	1.24545
48	142	0.566964
48	145	1.26041
48	156	0.566248
48	159	0.57985
48	165	0.555013
48	167	1.2387
48	176	0.569725
49	54	0.576267
49	58	1.21253
49	61	1.36477
49	74	1.21825
49	75	1.20408
49	76	1.2002
49	90	1.19449
49	91	1.281
49	94	1.2502
49	101	1.26356
49	115	1.1802
49	138	0.566204
49	142	1.23071
49	160	0.553704
49	161	0.581242
49	166	0.576187
49	174	0.554542
50	27	1.1411
50	43	0.528312
50	63	1.22905
50	66	1.16505
50	78	0.552665
50	86	1.22134
50	87	1.22969
50	92	1.29615
50	98	1.20811
50	132	0.582631
50	140	1.25754
50	147	0.580113
50	167	1.25054
50	171	1.29889
50	173	1.30255
50	174	0.575462
50	180	0.584777
51	34	1.40502
51	46	1.33623
51	48	1.28508
51	52	1.28508
51	59	1.36508
51	62	1.36508
51	70	1.37586
51	125	0.490498
51	126	0.470271
51	129	0.468839
51	141	1.39146
51	145	1.40642
51	147	0.493378
51	167	1.38471
51	177	0.501811
51	178	0.48377
51	180	0.498041
52	7	1.31406
52	34	1.25901
52	46	1.19023
52	48	1.13907
52	51	1.28508
52	59	1.21907
52	62	1.21907
52	70	1.22985
52	141	1.24545
52	142	0.575772
52	145	1.26041
52	152	0.524555
52	163	0.598429
52	164	0.566888
52	165	0.563822
52	167	1.2387
52	176	0.578533
53	2	1.37929
53	4	1.19458
53	9	1.39439
53	11	1.40052
53	13	1.34319
53	22	1.49358
53	67	1.25348
53	107	0.496987
53	116	0.509508
53	132	0.492475
53	138	0.496968
53	151	1.34398
53	152	0.445128
53	164	0.48746
53	170	0.480935
53	173	1.39785
53	175	1.39913
54	35	1.31985
54	42	0.475339
54	49	0.576267
54	71	1.31445
54	77	0.487722
54	87	0.527173
54	102	0.504925
54	109	0.525655
54	121	1.24754
54	124	1.29198
54	125	1.29198
54	133	0.495502
54	145	1.33569
54	158	1.30078
54	173	1.36599
54	177	1.3098
54	178	1.30843
54	180	1.31353
55	63	0.392172
55	77	1.36724
55	81	1.32277
55	99	1.25851
55	102	1.31929
55	109	1.28065
55	110	1.17601
55	116	0.363663
55	117	1.34503
55	119	1.26958
55	122	1.34425
55	128	1.36008
55	148	0.377465
55	152	0.863549
55	161	0.366162
55	169	0.362316
55	171	1.3566
55	172	0.88193
56	10	1.36372
56	16	0.470377
56	29	1.24085
56	39	1.26613
56	44	1.41863
56	65	1.23369
56	69	1.31524
56	107	0.53598
56	126	0.505844
56	130	1.33796
56	138	0.535961
56	145	1.3344
56	155	1.29101
56	160	0.523462
56	162	1.30746
56	163	1.2909
56	172	0.502502
56	180	0.533614
57	30	1.34707
57	47	1.22988
57	60	1.29586
57	95	1.32856
57	100	1.29836
57	103	1.3517
57	106	0.436864
57	138	0.54154
57	140	1.32893
57	144	0.511774
57	151	1.32007
57	155	1.30025
57	159	1.29918
57	160	0.52904
57	162	0.541491
57	163	1.30014
57	173	0.50434
57	180	0.539192
58	3	1.36194
58	42	1.39392
58	49	1.21253
58	61	1.42165
58	74	1.27513
58	75	1.26096
58	76	1.25709
58	90	1.25137
58	91	1.33788
58	94	1.30708
58	101	1.32044
58	136	0.523096
58	148	0.539158
58	158	0.506872
58	161	0.527855
58	174	0.501155
58	176	0.514954
58	178	0.496199
59	7	1.39406
59	34	1.33901
59	46	1.27023
59	48	1.21907
59	51	1.36508
59	52	1.21907
59	62	1.29907
59	70	1.30985
59	129	0.499807
59	141	1.32545
59	145	1.34041
59	152	0.479516
59	158	0.525411
59	160	0.518857
59	166	0.541339
59	167	1.3187
59	170	0.515323
59	180	0.529009
60	12	1.36661
60	17	1.29922
60	30	1.33741
60	57	1.29586
60	68	1.25982
60	95	1.31889
60	100	1.2887
60	103	1.34203
60	115	0.555758
60	139	0.527066
60	151	1.31041
60	155	1.29058
60	163	1.29047
60	164	0.500495
60	168	0.517456
60	169	0.521197
60	170	0.49397
60	178	0.493385
61	42	1.54616
61	49	1.36477
61	58	1.42165
61	63	0.494572
61	73	1.40576
61	76	1.40932
61	90	1.4036
61	91	1.49012
61	94	1.45932
61	101	1.47268
61	126	0.423405
61	130	0.450721
61	138	0.453523
61	141	0.44319
61	151	0.452775
61	154	1.42663
61	158	0.447578
61	170	0.437489
62	7	1.39406
62	34	1.33901
62	46	1.27023
62	48	1.21907
62	51	1.36508
62	52	1.21907
62	59	1.29907
62	70	1.30985
62	107	0.521086
62	141	1.32545
62	144	0.491302
62	145	1.34041
62	153	0.531269
62	158	0.515123
62	162	0.521019
62	163	0.5431
62	167	1.3187
62	173	0.483868
63	18	1.49103
63	50	1.22905
63	55	0.392172
63	61	0.494572
63	66	1.23136
63	86	1.28764
63	87	1.296
63	98	1.27442
63	115	1.25005
63	143	0.524073
63	153	1.28955
63	160	0.534468
63	167	1.31685
63	168	0.55442
63	169	0.558161
63	171	1.3652
63	173	1.36885
63	177	0.548391
64	1	0.478835
64	2	0.478048
64	12	0.47499
64	16	0.423014
64	65	1.33464
64	82	0.483003
64	87	0.499788
64	105	1.31483
64	117	0.468651
64	121	1.3472
64	124	1.39165
64	125	1.39165
64	151	0.48785
64	155	1.39196
64	163	1.39185
64	176	1.39147
64	178	1.40809
64	179	1.42347
64	180	1.4132
65	10	1.31036
65	29	1.18749
65	37	0.549789
65	39	1.21278
65	44	1.36527
65	47	0.603005
65	56	1.23369
65	64	1.33464
65	69	1.26188
65	120	0.506938
65	130	1.2846
65	145	1.28104
65	158	0.528219
65	159	1.23659
65	161	0.549203
65	162	1.2541
65	163	1.23754
65	165	0.52159
65	169	0.545357
66	18	1.42704
66	50	1.16505
66	63	1.23136
66	86	1.22365
66	92	1.29846
66	98	1.21042
66	126	0.531004
66	133	1.29973
66	138	0.561121
66	140	1.25985
66	141	0.550788
66	143	0.538227
66	153	1.22555
66	160	0.548622
66	164	0.551613
66	167	1.25285
66	171	1.3012
66	172	0.527662
66	173	1.30486
67	2	1.27943
67	4	1.09472
67	9	1.29453
67	11	1.30066
67	13	1.24333
67	22	1.39371
67	38	1.22753
67	53	1.25348
67	130	1.27124
67	134	0.573558
67	146	0.548621
67	151	1.24412
67	164	0.543913
67	165	0.540847
67	171	0.507891
67	173	1.29799
67	175	1.29927
67	176	0.555558
67	178	0.536803
68	17	1.27284
68	21	1.27021
68	24	1.21051
68	30	1.31103
68	47	1.19384
68	60	1.25982
68	95	1.29251
68	100	1.26232
68	103	1.31565
68	125	0.550813
68	127	0.55979
68	129	0.529154
68	144	0.530938
68	146	0.555903
68	151	1.28403
68	159	1.26314
68	163	1.2641
68	164	0.551195
68	179	0.528948
69	10	1.39191
69	29	1.26904
69	39	1.29432
69	44	1.44681
69	56	1.31524
69	65	1.26188
69	105	0.551495
69	130	1.36615
69	136	0.513352
69	145	1.36259
69	152	0.451233
69	155	1.3192
69	156	0.501734
69	157	0.493805
69	159	1.31813
69	162	1.33565
69	163	1.31909
69	165	0.490499
69	176	0.505211
69	180	0.500726
70	7	1.40484
70	19	1.49216
70	34	1.34979
70	46	1.28101
70	48	1.22985
70	51	1.37586
70	52	1.22985
70	59	1.30985
70	62	1.30985
70	79	0.50372
70	141	1.33624
70	145	1.35119
70	156	0.513768
70	158	0.509163
70	167	1.32949
70	172	0.481648
70	174	0.503446
70	176	0.517245
70	178	0.49849
70	179	0.483353
71	6	1.38445
71	23	1.30588
71	35	1.34467
71	36	1.34187
71	45	1.28093
71	54	1.31445
71	126	0.482269
71	131	0.48315
71	138	1.32182
71	140	1.3458
71	141	1.34555
71	145	1.36051
71	147	0.505376
71	151	1.33694
71	152	0.460546
71	155	1.31712
71	157	0.503118
71	161	0.527425
71	163	0.534419
71	176	0.514524
72	40	1.26792
72	43	0.450405
72	78	1.34232
72	80	1.33931
72	82	1.34349
72	84	1.40641
72	89	1.26372
72	96	0.4818
72	108	1.39609
72	111	1.27754
72	112	1.27754
72	113	1.357
72	114	1.357
72	120	1.37166
72	127	0.508303
72	136	0.519495
72	153	0.519418
72	157	0.499947
72	166	0.519199
72	177	0.510639
73	25	1.36606
73	42	1.37803
73	61	1.40576
73	74	1.25924
73	75	1.24507
73	76	1.2412
73	79	0.530922
73	90	1.23548
73	91	1.322
73	94	1.2912
73	101	1.30455
73	115	1.22119
73	131	0.513073
73	142	1.27171
73	147	0.535299
73	154	1.25851
73	162	0.542261
73	170	0.526276
73	172	0.50885
73	177	0.543733
73	179	0.510555
74	3	1.36766
74	25	1.38767
74	49	1.21825
74	58	1.27513
74	73	1.25924
74	75	1.26668
74	76	1.2628
74	90	1.25709
74	91	1.3436
74	94	1.3128
74	101	1.32616
74	115	1.2428
74	132	0.535619
74	153	0.550314
74	154	1.28012
74	162	0.540064
74	164	0.530604
74	171	0.494582
74	172	0.506653
74	176	0.54225
74	179	0.508358
75	3	1.35349
75	25	1.3735
75	42	1.38547
75	49	1.20408
75	58	1.26096
75	73	1.24507
75	74	1.26668
75	76	1.24863
75	90	1.24292
75	91	1.32943
75	94	1.29863
75	101	1.31199
75	127	0.527704
75	134	0.548754
75	141	0.518284
75	142	1.27914
75	148	0.554958
75	160	0.516118
75	164	0.519109
75	172	0.495158
75	176	0.530754
76	25	1.36962
76	42	1.3816
76	49	1.2002
76	58	1.25709
76	61	1.40932
76	73	1.2412
76	74	1.2628
76	75	1.24863
76	90	1.23904
76	91	1.32556
76	94	1.29476
76	101	1.30812
76	114	0.51282
76	126	0.499912
76	136	0.540309
76	147	0.523019
76	154	1.26207
76	162	0.529981
76	166	0.540013
76	167	0.524313
76	168	0.537482
77	1	1.42236
77	54	0.487722
77	55	1.36724
77	81	1.41186
77	109	1.36974
77	110	1.2651
77	117	1.43412
77	119	1.35867
77	122	1.43334
77	128	1.44917
77	150	0.47761
77	157	0.46839
77	160	0.46516
77	162	1.3921
77	163	0.499691
77	171	1.44569
77	172	0.444199
77	173	0.440459
77	175	1.45062
77	177	0.479082
77	179	0.445904
78	33	1.33685
78	40	1.29184
78	50	0.552665
78	72	1.34232
78	80	1.36323
78	82	1.36741
78	84	1.43033
78	89	1.28765
78	108	1.42002
78	111	1.30146
78	112	1.30146
78	113	1.38092
78	114	1.38092
78	115	0.517214
78	120	1.39558
78	132	0.466967
78	135	0.48927
78	139	0.488523
78	162	0.471411
78	163	0.493493
78	164	0.461952
78	180	0.469113
79	2	0.483981
79	44	0.453742
79	70	0.50372
79	73	0.530922
79	90	0.5334
79	92	0.475522
79	114	0.477322
79	124	0.485571
79	136	1.34654
79	146	1.34474
79	164	1.3547
79	166	1.34155
79	168	1.36335
79	169	1.35406
79	171	0.449001
79	172	1.36507
79	174	1.35492
79	176	1.33734
79	177	1.35533
79	178	1.35396
79	179	1.36934
79	180	1.35907
80	72	1.33931
80	78	1.36323
80	82	1.3644
80	84	1.42732
80	89	1.28464
80	108	1.41701
80	111	1.29845
80	112	1.29845
80	113	1.37791
80	114	1.37791
80	120	1.39257
80	123	1.29004
80	126	1.36875
80	132	0.487294
80	137	0.489566
80	140	0.495656
80	148	0.518129
80	164	0.482279
80	176	0.493925
80	177	0.493211
80	179	0.460033
80	180	0.489441
81	43	0.442495
81	55	1.32277
81	77	1.41186
81	94	0.501779
81	99	1.30313
81	102	1.36391
81	109	1.32527
81	110	1.22063
81	117	1.38965
81	119	1.3142
81	120	0.47408
81	122	1.38887
81	128	1.4047
81	142	0.500683
81	160	0.488807
81	162	1.34763
81	163	0.523339
81	168	0.508759
81	171	1.40122
81	173	0.464107
81	175	1.40615
81	180	0.49896
82	1	0.490561
82	40	1.29301
82	64	0.483003
82	72	1.34349
82	78	1.36741
82	80	1.3644
82	84	1.4315
82	85	0.466573
82	89	1.28882
82	108	1.42119
82	111	1.30263
82	112	1.30263
82	113	1.38209
82	114	1.38209
82	120	1.39675
82	131	0.471088
82	142	0.4997
82	149	0.504873
82	154	1.32398
82	160	0.487825
82	168	0.507776
82	180	0.497977
83	88	1.44238
83	97	1.36587
83	104	1.55245
83	105	1.33155
83	106	1.68238
83	121	1.36392
83	124	1.40836
83	125	1.40836
83	127	0.441424
83	136	0.452616
83	149	0.446886
83	153	0.452538
83	156	0.440997
83	161	0.457376
83	165	0.429763
83	167	0.436621
83	169	0.45353
83	171	1.47872
83	173	1.48237
83	175	1.48365
84	33	1.40093
84	72	1.40641
84	78	1.43033
84	80	1.42732
84	82	1.4315
84	85	0.434511
84	89	1.35173
84	108	1.4841
84	111	1.36555
84	112	1.36555
84	113	1.44501
84	114	1.44501
84	120	1.45967
84	144	0.438497
84	147	0.461251
84	154	1.3869
84	162	0.468214
84	163	0.490295
84	164	0.458754
84	165	0.455688
84	166	0.478245
84	168	0.475715
84	170	0.452229
85	39	0.508934
85	82	0.466573
85	84	0.434511
85	91	0.457523
85	104	0.413198
85	117	0.45222
85	119	0.489137
85	122	0.457293
85	139	1.38167
85	140	0.476036
85	165	1.43314
85	166	1.40075
85	168	1.42256
85	169	1.41327
85	170	1.43914
85	172	1.42428
85	173	0.434968
85	174	1.41413
85	176	1.39655
85	177	1.41454
85	178	1.41317
85	179	1.42855
85	180	1.41827
86	15	1.44887
86	18	1.48332
86	27	1.1997
86	50	1.22134
86	63	1.28764
86	66	1.22365
86	87	1.28829
86	92	1.35475
86	96	0.493741
86	98	1.26671
86	107	0.521175
86	139	0.538219
86	140	1.31614
86	142	0.520533
86	143	0.498262
86	153	1.28184
86	163	0.543189
86	167	1.30914
86	171	1.35749
86	173	1.36114
86	175	0.485916
86	179	0.489401
86	180	0.518809
87	15	1.45722
87	27	1.20805
87	50	1.22969
87	54	0.527173
87	63	1.296
87	64	0.499788
87	86	1.28829
87	92	1.3631
87	98	1.27506
87	115	1.2507
87	118	0.496524
87	129	0.48556
87	133	1.36437
87	135	0.534919
87	140	1.32449
87	153	1.29019
87	166	0.527092
87	167	1.31749
87	171	1.36585
87	173	1.3695
87	176	0.519246
87	177	0.518532
87	178	0.500491
88	1	0.471642
88	83	1.44238
88	97	1.28587
88	104	1.47245
88	105	1.25155
88	106	1.60238
88	121	1.28392
88	124	1.32836
88	125	1.32836
88	141	0.471071
88	165	0.46883
88	166	0.491387
88	169	0.492598
88	170	0.465371
88	171	1.39872
88	173	1.40237
88	175	1.40365
88	176	0.483542
88	178	0.464786
89	33	1.25825
89	40	1.21325
89	72	1.26372
89	78	1.28765
89	80	1.28464
89	82	1.28882
89	84	1.35173
89	108	1.34142
89	111	1.22287
89	112	1.22287
89	113	1.30232
89	114	1.30232
89	120	1.31698
89	130	1.29896
89	142	0.543036
89	143	0.520765
89	153	0.553861
89	154	1.24422
89	158	0.537715
89	160	0.53116
89	166	0.553643
89	170	0.527626
89	174	0.531998
89	179	0.511905
90	3	1.3439
90	42	1.37588
90	49	1.19449
90	58	1.25137
90	61	1.4036
90	73	1.23548
90	74	1.25709
90	75	1.24292
90	76	1.23904
90	79	0.5334
90	91	1.31984
90	94	1.28904
90	101	1.3024
90	115	1.21904
90	127	0.543875
90	129	0.513238
90	135	0.562598
90	142	1.26955
90	154	1.25635
90	160	0.532288
90	165	0.532213
90	167	0.539071
90	172	0.511328
90	180	0.54244
91	3	1.43041
91	25	1.45042
91	36	0.484531
91	42	1.46239
91	49	1.281
91	58	1.33788
91	61	1.49012
91	73	1.322
91	74	1.3436
91	75	1.32943
91	76	1.32556
91	85	0.457523
91	90	1.31984
91	94	1.37555
91	101	1.38891
91	152	0.439434
91	153	0.501476
91	154	1.34287
91	157	0.482005
91	167	0.485558
91	168	0.498726
91	170	0.475241
91	176	0.493412
91	177	0.492697
92	15	1.52368
92	27	1.27451
92	50	1.29615
92	66	1.29846
92	79	0.475522
92	86	1.35475
92	87	1.3631
92	98	1.34152
92	115	1.31716
92	127	0.485997
92	131	0.457674
92	133	1.43083
92	138	0.48691
92	140	1.39095
92	141	0.476577
92	148	0.513252
92	153	1.35665
92	160	0.474411
92	164	0.477402
92	167	1.38395
92	171	1.43231
92	173	1.43596
92	174	0.475248
92	176	0.489048
93	1	1.40168
93	99	1.32692
93	102	1.38769
93	109	1.34905
93	110	1.24441
93	117	1.41344
93	119	1.33798
93	120	0.455655
93	122	1.41266
93	123	1.31741
93	128	1.42849
93	137	0.48066
93	142	0.482258
93	143	0.459987
93	150	0.482832
93	158	0.476936
93	159	1.3539
93	162	1.37142
93	163	0.504914
93	166	0.492864
93	168	0.490334
93	171	1.42501
93	175	1.42994
93	177	0.484304
94	25	1.41962
94	42	1.43159
94	49	1.2502
94	58	1.30708
94	61	1.45932
94	73	1.2912
94	74	1.3128
94	75	1.29863
94	76	1.29476
94	81	0.501779
94	90	1.28904
94	91	1.37555
94	101	1.35811
94	115	1.27475
94	118	0.485806
94	142	1.32526
94	144	0.476625
94	148	0.532732
94	154	1.31207
94	157	0.497122
94	161	0.521429
94	174	0.494729
94	177	0.507814
94	178	0.489773
94	180	0.504044
95	12	1.39931
95	17	1.33191
95	21	1.32928
95	24	1.26959
95	30	1.37011
95	57	1.32856
95	60	1.31889
95	68	1.29251
95	96	0.480664
95	100	1.32139
95	103	1.37473
95	115	0.553834
95	127	0.507167
95	140	1.35196
95	149	0.512629
95	151	1.3431
95	153	0.518281
95	155	1.32328
95	157	0.498811
95	158	0.502134
95	159	1.32221
95	163	1.32317
95	170	0.492046
95	172	0.47462
95	173	0.47088
96	1	0.46874
96	3	0.483911
96	41	0.435176
96	46	0.513569
96	72	0.4818
96	86	0.493741
96	95	0.480664
96	101	0.475523
96	149	1.38391
96	150	1.3871
96	154	0.486423
96	158	1.37596
96	161	1.37988
96	164	1.38434
96	168	1.39299
96	169	1.3837
96	170	1.40957
96	171	0.432973
96	172	1.39471
96	174	1.38456
96	175	0.443263
96	176	1.36698
96	177	1.38498
96	178	1.3836
96	179	1.39898
96	180	1.38871
97	5	1.331
97	32	1.26862
97	83	1.36587
97	88	1.28587
97	104	1.39594
97	105	1.17504
97	106	1.52587
97	121	1.20741
97	123	1.2146
97	124	1.25185
97	125	1.25185
97	126	1.29332
97	128	0.493
97	135	0.54409
97	142	1.25757
97	150	0.526231
97	153	0.536481
97	154	0.5342
97	160	0.513781
97	164	0.516772
97	170	0.510247
97	171	1.3222
97	173	1.32586
97	175	1.32714
97	178	0.509662
97	180	0.523933
98	15	1.43564
98	18	1.4701
98	27	1.18647
98	50	1.20811
98	63	1.27442
98	66	1.21042
98	86	1.26671
98	87	1.27506
98	92	1.34152
98	115	1.22912
98	126	0.501868
98	132	0.527492
98	133	1.34279
98	134	0.552123
98	135	0.549796
98	138	0.531986
98	140	1.30291
98	144	0.502221
98	152	0.480145
98	153	1.26861
98	164	0.522478
98	167	1.29591
98	171	1.34427
98	173	1.34792
98	178	0.515368
98	180	0.529639
99	1	1.31363
99	8	1.34271
99	55	1.25851
99	81	1.30313
99	93	1.32692
99	102	1.29965
99	109	1.26101
99	110	1.15637
99	117	1.32539
99	119	1.24994
99	122	1.32461
99	128	1.34044
99	133	1.33548
99	137	0.522744
99	139	0.542028
99	143	0.502071
99	146	0.520165
99	147	0.517955
99	150	0.524916
99	162	1.28337
99	163	0.546998
99	165	0.512391
99	168	0.532418
99	171	1.33696
99	172	0.491506
99	175	1.34189
100	12	1.36911
100	17	1.30172
100	21	1.29909
100	24	1.23939
100	30	1.33991
100	47	1.22272
100	57	1.29836
100	60	1.2887
100	68	1.26232
100	95	1.32139
100	103	1.34453
100	140	1.32177
100	141	0.517493
100	151	1.31291
100	155	1.29308
100	159	1.29202
100	162	0.527777
100	163	1.29298
100	166	0.537809
100	167	0.522109
100	168	0.535278
100	169	0.539019
100	170	0.511792
100	172	0.494366
100	174	0.516164
100	178	0.511208
101	3	1.41297
101	25	1.43298
101	42	1.44495
101	49	1.26356
101	58	1.32044
101	61	1.47268
101	73	1.30455
101	74	1.32616
101	75	1.31199
101	76	1.30812
101	90	1.3024
101	91	1.38891
101	94	1.35811
101	96	0.475523
101	115	1.28811
101	129	0.47139
101	142	1.33862
101	148	0.529281
101	152	0.451099
101	154	1.32543
101	162	0.502891
101	165	0.490365
101	166	0.512922
101	167	0.497223
101	170	0.486906
101	174	0.491278
101	177	0.504362
102	8	1.40349
102	54	0.504925
102	55	1.31929
102	81	1.36391
102	93	1.38769
102	99	1.29965
102	109	1.32178
102	110	1.21714
102	117	1.38616
102	118	0.474277
102	119	1.31071
102	122	1.38539
102	127	0.493949
102	128	1.40122
102	131	0.465625
102	136	0.50514
102	138	1.3324
102	156	0.493522
102	159	1.32663
102	161	0.5099
102	162	1.34415
102	163	0.516894
102	167	0.489145
102	171	1.39774
102	175	1.40267
102	176	0.496999
102	179	0.463106
103	12	1.42245
103	17	1.35505
103	21	1.35242
103	24	1.29273
103	30	1.39324
103	47	1.27605
103	57	1.3517
103	60	1.34203
103	68	1.31565
103	95	1.37473
103	100	1.34453
103	115	0.540885
103	118	0.474547
103	139	0.512194
103	140	1.3751
103	141	0.484798
103	147	0.48812
103	149	0.499681
103	151	1.36624
103	155	1.34642
103	159	1.34535
103	161	0.51017
103	163	1.34631
103	170	0.479098
103	174	0.48347
103	178	0.478513
103	179	0.463376
104	32	1.4552
104	83	1.55245
104	85	0.413198
104	88	1.47245
104	97	1.39594
104	105	1.36161
104	106	1.71245
104	121	1.39398
104	124	1.43843
104	125	1.43843
104	142	1.44414
104	150	0.4469
104	152	0.395109
104	156	0.445609
104	160	0.43445
104	161	0.461988
104	164	0.437441
104	168	0.454401
104	171	1.50878
104	173	1.51243
104	175	1.51371
104	176	0.449086
104	178	0.430331
104	180	0.444602
105	5	1.29668
105	32	1.2343
105	64	1.31483
105	69	0.551495
105	83	1.33155
105	88	1.25155
105	97	1.17504
105	104	1.36161
105	106	1.49155
105	116	0.56688
105	121	1.17308
105	123	1.18028
105	124	1.21753
105	125	1.21753
105	126	1.25899
105	129	0.522791
105	131	0.525104
105	141	0.544007
105	142	1.22324
105	153	0.564542
105	157	0.545072
105	167	0.548624
105	171	1.28788
105	172	0.520881
105	173	1.29153
105	175	1.29281
105	179	0.522585
106	40	0.349085
106	57	0.436864
106	83	1.68238
106	88	1.60238
106	97	1.52587
106	104	1.71245
106	105	1.49155
106	121	1.52392
106	124	1.56836
106	125	1.56836
106	141	0.39091
106	148	0.427585
106	162	0.401195
106	166	0.411226
106	167	0.395527
106	168	0.408696
106	171	1.63872
106	173	1.64237
106	175	1.64365
106	176	0.403381
106	177	0.402666
106	178	0.384625
107	4	0.615235
107	15	0.436668
107	48	0.567607
107	53	0.496987
107	56	0.53598
107	62	0.521086
107	86	0.521175
107	117	0.48599
107	133	0.485457
107	157	1.32511
107	158	1.30559
107	160	1.32672
107	161	1.30951
107	164	1.31397
107	165	1.33321
107	166	1.30082
107	168	1.32262
107	169	1.31333
107	170	1.3392
107	171	0.460408
107	172	1.32434
107	173	0.468738
107	174	1.31419
107	176	1.29661
107	177	1.3146
107	178	1.31323
107	179	1.32861
107	180	1.31834
108	33	1.39062
108	40	1.34562
108	72	1.39609
108	78	1.42002
108	80	1.41701
108	82	1.42119
108	84	1.4841
108	89	1.34142
108	111	1.35524
108	112	1.35524
108	113	1.43469
108	114	1.43469
108	120	1.44935
108	123	1.34682
108	129	0.45436
108	130	1.43133
108	131	0.456672
108	139	0.502972
108	143	0.463014
108	152	0.434069
108	154	1.37659
108	162	0.48586
108	169	0.497102
108	172	0.45245
108	174	0.474247
108	175	0.450669
108	176	0.488046
108	179	0.454154
109	8	1.36485
109	54	0.525655
109	55	1.28065
109	77	1.36974
109	81	1.32527
109	93	1.34905
109	99	1.26101
109	102	1.32178
109	110	1.1785
109	117	1.34753
109	118	0.495007
109	119	1.27207
109	122	1.34675
109	123	1.2515
109	126	0.485474
109	128	1.36258
109	133	1.35762
109	134	0.535728
109	141	0.505258
109	159	1.28799
109	166	0.525574
109	169	0.526785
109	171	1.3591
109	175	1.36403
109	176	0.517729
109	178	0.498973
109	179	0.483836
109	180	0.513244
110	1	1.23112
110	8	1.26021
110	55	1.17601
110	77	1.2651
110	81	1.22063
110	93	1.24441
110	99	1.15637
110	102	1.21714
110	109	1.1785
110	112	0.602809
110	117	1.24288
110	119	1.16743
110	122	1.24211
110	128	1.25794
110	129	0.556547
110	133	1.25298
110	135	0.605907
110	138	1.18912
110	141	0.577764
110	145	0.577908
110	147	0.581086
110	156	0.586757
110	159	1.18335
110	162	1.20087
110	171	1.25446
110	173	0.550897
110	174	0.576435
110	175	1.25939
110	177	0.58952
111	33	1.27207
111	37	1.2713
111	40	1.22707
111	72	1.27754
111	78	1.30146
111	80	1.29845
111	82	1.30263
111	84	1.36555
111	89	1.22287
111	108	1.35524
111	112	1.23668
111	113	1.31614
111	114	1.31614
111	120	1.3308
111	123	1.22827
111	126	1.30698
111	130	1.31278
111	137	0.527477
111	143	0.506804
111	148	0.55604
111	154	1.25803
111	157	0.52043
111	163	0.551731
111	164	0.52019
111	166	0.539681
111	167	0.523982
111	169	0.540892
111	172	0.496239
111	177	0.531121
112	33	1.27207
112	37	1.2713
112	40	1.22707
112	72	1.27754
112	78	1.30146
112	80	1.29845
112	82	1.30263
112	84	1.36555
112	89	1.22287
112	108	1.35524
112	110	0.602809
112	111	1.23668
112	113	1.31614
112	114	1.31614
112	115	0.566386
112	120	1.3308
112	123	1.22827
112	126	1.30698
112	130	1.31278
112	141	0.510299
112	153	0.530833
112	154	1.25803
112	158	0.514687
112	162	0.520583
112	163	0.542664
112	166	0.530615
112	168	0.528084
112	171	0.475101
112	179	0.488877
113	33	1.35152
113	35	0.488454
113	40	1.30652
113	72	1.357
113	78	1.38092
113	80	1.37791
113	82	1.38209
113	84	1.44501
113	89	1.30232
113	108	1.43469
113	111	1.31614
113	112	1.31614
113	114	1.3956
113	116	0.508751
113	120	1.41026
113	123	1.30772
113	126	1.38644
113	129	0.464662
113	130	1.39223
113	154	1.33749
113	160	0.483712
113	165	0.483637
113	167	0.490495
113	169	0.507404
113	170	0.480178
113	171	0.450681
113	172	0.462752
113	177	0.497634
113	180	0.493864
114	33	1.35152
114	40	1.30652
114	72	1.357
114	76	0.51282
114	78	1.38092
114	79	0.477322
114	80	1.37791
114	82	1.38209
114	84	1.44501
114	89	1.30232
114	108	1.43469
114	111	1.31614
114	112	1.31614
114	113	1.3956
114	120	1.41026
114	123	1.30772
114	126	1.38644
114	130	1.39223
114	141	0.478376
114	147	0.481698
114	150	0.48866
114	154	1.33749
114	156	0.48737
114	162	0.488661
114	163	0.510742
114	167	0.482993
114	172	0.45525
114	174	0.477048
114	178	0.472091
115	3	1.32961
115	20	0.570485
115	35	0.543916
115	49	1.1802
115	60	0.555758
115	63	1.25005
115	73	1.22119
115	74	1.2428
115	78	0.517214
115	87	1.2507
115	90	1.21904
115	92	1.31716
115	94	1.27475
115	95	0.553834
115	98	1.22912
115	101	1.28811
115	103	0.540885
115	112	0.566386
115	119	0.568643
115	124	0.542713
115	128	0.518393
115	167	1.27155
115	173	1.32355
115	174	1.26695
115	175	0.516433
115	176	1.24937
115	177	1.26736
115	178	1.26599
115	179	1.28137
115	180	1.2711
116	33	0.519212
116	40	0.4663
116	41	0.475132
116	46	0.553525
116	53	0.509508
116	55	0.363663
116	105	0.56688
116	113	0.508751
116	122	0.503584
116	147	1.3277
116	148	1.3032
116	149	1.33283
116	150	1.33602
116	151	0.517711
116	152	1.36313
116	155	0.527353
116	158	1.32488
116	161	1.3288
116	164	1.33326
116	165	1.3525
116	166	1.32011
116	169	1.33262
116	172	1.34363
116	174	1.33348
116	175	0.483219
116	176	1.3159
116	177	1.33389
116	178	1.33252
116	179	1.3479
116	180	1.33763
117	8	1.42923
117	55	1.34503
117	64	0.468651
117	77	1.43412
117	81	1.38965
117	85	0.45222
117	93	1.41344
117	99	1.32539
117	102	1.38616
117	107	0.48599
117	109	1.34753
117	110	1.24288
117	119	1.33645
117	122	1.41113
117	123	1.31588
117	128	1.42696
117	132	0.481478
117	133	1.422
117	149	0.490521
117	159	1.35237
117	162	1.36989
117	165	0.473397
117	168	0.493424
117	169	0.497165
117	170	0.469938
117	171	1.42348
117	174	0.47431
117	175	1.42841
117	176	0.488109
117	179	0.454217
117	180	0.483624
118	9	0.470603
118	10	0.468807
118	18	0.417461
118	32	0.486069
118	47	0.554175
118	87	0.496524
118	94	0.485806
118	102	0.474277
118	103	0.474547
118	109	0.495007
118	132	1.3502
118	145	0.475145
118	148	1.34566
118	149	1.37529
118	152	1.40559
118	156	1.38334
118	160	1.38847
118	164	1.37572
118	165	1.39495
118	166	1.36257
118	169	1.37508
118	170	1.40095
118	172	1.38609
118	173	0.448135
118	174	1.37594
118	175	0.450094
118	176	1.35836
118	177	1.37635
118	178	1.37498
118	179	1.39036
118	180	1.38009
119	8	1.35378
119	55	1.26958
119	77	1.35867
119	81	1.3142
119	85	0.489137
119	93	1.33798
119	99	1.24994
119	102	1.31071
119	109	1.27207
119	110	1.16743
119	115	0.568643
119	117	1.33645
119	122	1.33568
119	123	1.24043
119	126	0.492771
119	128	1.35151
119	131	0.493652
119	133	1.34655
119	135	0.540699
119	137	0.520667
119	138	1.28269
119	141	0.512556
119	149	0.527438
119	157	0.51362
119	158	0.516944
119	159	1.27692
119	162	1.29444
119	168	0.530341
119	170	0.506855
119	171	1.34803
119	175	1.35296
120	33	1.36618
120	37	1.36542
120	40	1.32118
120	65	0.506938
120	72	1.37166
120	78	1.39558
120	80	1.39257
120	81	0.47408
120	82	1.39675
120	84	1.45967
120	89	1.31698
120	93	0.455655
120	108	1.44935
120	111	1.3308
120	112	1.3308
120	113	1.41026
120	114	1.41026
120	123	1.32238
120	126	1.4011
120	130	1.40689
120	136	0.488971
120	142	0.478068
120	143	0.455798
120	154	1.35215
120	160	0.466193
120	163	0.500725
120	167	0.472976
120	169	0.489886
120	174	0.467031
120	177	0.480115
120	180	0.476345
121	5	1.32905
121	19	1.43457
121	32	1.26667
121	54	1.24754
121	64	1.3472
121	83	1.36392
121	88	1.28392
121	97	1.20741
121	104	1.39398
121	105	1.17308
121	106	1.52392
121	123	1.21265
121	124	1.2499
121	125	1.2499
121	126	1.29136
121	138	0.521471
121	142	1.25561
121	143	0.498576
121	146	0.516671
121	148	0.547812
121	157	0.512202
121	159	0.533733
121	166	0.531454
121	167	0.515755
121	171	1.32025
121	172	0.488012
121	173	1.3239
121	175	1.32518
121	176	0.523608
121	178	0.504853
121	180	0.519124
122	1	1.39937
122	55	1.34425
122	77	1.43334
122	81	1.38887
122	85	0.457293
122	93	1.41266
122	99	1.32461
122	102	1.38539
122	109	1.34675
122	110	1.24211
122	116	0.503584
122	117	1.41113
122	119	1.33568
122	128	1.42618
122	131	0.461808
122	133	1.42123
122	138	1.35736
122	139	0.508107
122	144	0.461279
122	152	0.439204
122	156	0.489704
122	159	1.3516
122	162	1.36911
122	163	0.513077
122	170	0.475011
122	171	1.4227
122	174	0.479382
122	175	1.42763
122	177	0.492467
122	178	0.474426
122	179	0.459289
123	29	0.589266
123	80	1.29004
123	93	1.31741
123	97	1.2146
123	105	1.18028
123	108	1.34682
123	109	1.2515
123	111	1.22827
123	112	1.22827
123	113	1.30772
123	114	1.30772
123	117	1.31588
123	119	1.24043
123	120	1.32238
123	121	1.21265
123	124	1.25709
123	125	1.25709
123	128	1.33093
123	140	0.537742
123	144	0.504109
123	148	0.560216
123	153	0.544076
123	158	0.52793
123	167	0.528158
123	169	0.545068
123	171	1.32745
123	172	0.500415
123	173	1.3311
123	174	0.522213
123	175	1.33238
123	177	0.535297
123	178	0.517256
124	5	1.37349
124	19	1.47902
124	32	1.31111
124	54	1.29198
124	64	1.39165
124	79	0.485571
124	83	1.40836
124	88	1.32836
124	97	1.25185
124	104	1.43843
124	105	1.21753
124	106	1.56836
124	115	0.542713
124	121	1.2499
124	123	1.25709
124	125	1.29434
124	126	1.33581
124	137	0.494738
124	139	0.514022
124	142	1.30006
124	157	0.48769
124	160	0.48446
124	162	0.496911
124	163	0.518992
124	170	0.480926
124	171	1.36469
124	172	0.4635
124	173	1.36835
124	174	0.485297
124	175	1.36963
124	179	0.465204
124	180	0.494612
125	5	1.37349
125	19	1.47902
125	32	1.31111
125	43	0.437217
125	51	0.490498
125	54	1.29198
125	64	1.39165
125	68	0.550813
125	83	1.40836
125	88	1.32836
125	97	1.25185
125	104	1.43843
125	105	1.21753
125	106	1.56836
125	121	1.2499
125	123	1.25709
125	124	1.29434
125	126	1.33581
125	131	0.466792
125	142	1.30006
125	147	0.489018
125	153	0.50623
125	161	0.511067
125	162	0.49598
125	163	0.518061
125	164	0.48652
125	165	0.483454
125	171	1.36469
125	173	1.36835
125	175	1.36963
125	176	0.498166
125	178	0.47941
126	27	0.538641
126	45	0.544029
126	51	0.470271
126	56	0.505844
126	61	0.423405
126	66	0.531004
126	71	0.482269
126	76	0.499912
126	80	1.36875
126	97	1.29332
126	98	0.501868
126	105	1.25899
126	109	0.485474
126	111	1.30698
126	112	1.30698
126	113	1.38644
126	114	1.38644
126	119	0.492771
126	120	1.4011
126	121	1.29136
126	124	1.33581
126	125	1.33581
126	128	0.442521
126	140	0.479669
126	165	1.37223
126	170	1.37822
126	175	1.41109
126	176	1.33563
126	177	1.35362
126	178	1.35225
126	179	1.36763
126	180	1.35736
127	26	0.572276
127	28	0.469133
127	68	0.55979
127	72	0.508303
127	75	0.527704
127	83	0.441424
127	90	0.543875
127	92	0.485997
127	95	0.507167
127	102	0.493949
127	130	0.502204
127	132	1.29707
127	135	1.28016
127	136	1.31443
127	137	1.31355
127	146	1.31263
127	150	1.32535
127	159	0.517268
127	160	1.33534
127	161	1.31813
127	164	1.32259
127	166	1.30944
127	168	1.33124
127	169	1.32195
127	170	1.34782
127	172	1.33296
127	173	0.467807
127	174	1.32281
127	176	1.30523
127	177	1.32323
127	178	1.32185
127	179	1.33723
127	180	1.32696
128	1	1.4152
128	55	1.36008
128	77	1.44917
128	81	1.4047
128	93	1.42849
128	97	0.493
128	99	1.34044
128	102	1.40122
128	109	1.36258
128	110	1.25794
128	115	0.518393
128	117	1.42696
128	119	1.35151
128	122	1.42618
128	123	1.33093
128	126	0.442521
128	133	1.43705
128	138	1.37319
128	148	0.49898
128	149	0.477188
128	154	0.480559
128	159	1.36742
128	161	0.487677
128	162	1.38494
128	164	0.463131
128	165	0.460065
128	168	0.480091
128	170	0.456606
128	171	1.43853
128	172	0.439179
128	175	1.44346
128	177	0.474062
128	179	0.440884
129	51	0.468839
129	59	0.499807
129	68	0.529154
129	87	0.48556
129	90	0.513238
129	101	0.47139
129	105	0.522791
129	108	0.45436
129	110	0.556547
129	113	0.464662
129	134	1.33287
129	140	0.478237
129	143	1.39491
129	148	1.32628
129	149	1.35591
129	152	1.38621
129	155	0.483264
129	156	1.36396
129	160	1.36909
129	161	1.35188
129	164	1.35634
129	165	1.37557
129	166	1.34319
129	169	1.3557
129	170	1.38157
129	171	0.428839
129	172	1.36671
129	174	1.35656
129	175	0.43913
129	176	1.33898
129	177	1.35697
129	178	1.3556
129	179	1.37098
129	180	1.36071
130	9	1.41215
130	10	1.41463
130	34	0.499908
130	37	1.34739
130	38	1.34516
130	43	0.444305
130	56	1.33796
130	61	0.450721
130	65	1.2846
130	67	1.27124
130	69	1.36615
130	89	1.29896
130	108	1.43133
130	111	1.31278
130	112	1.31278
130	113	1.39223
130	114	1.39223
130	120	1.40689
