1	29	0.739497
1	40	0.675473
1	73	0.760961
1	118	1.87318
1	127	0.758239
1	149	0.715856
1	151	0.725543
1	157	0.726371
1	160	0.735164
1	169	3.62305
1	171	0.716952
1	177	0.643268
2	10	2.48245
2	44	0.793829
2	144	0.734417
2	151	1.70511
2	163	0.71738
2	165	0.733979
2	170	0.708614
2	172	0.72066
2	176	0.683863
2	178	0.706701
2	179	0.717904
2	180	0.687878
3	96	0.669031
3	120	0.717575
3	126	0.667239
3	145	0.638379
3	151	0.674572
3	153	4.40714
3	157	0.6754
3	160	0.684193
3	172	0.631885
3	178	0.617926
3	179	0.629129
3	180	0.599103
4	11	2.11386
4	51	0.746391
4	89	0.717084
4	126	0.712175
4	131	0.716699
4	139	0.707378
4	140	0.715905
4	142	0.716723
4	149	0.709821
4	157	0.720336
4	160	0.72913
4	179	3.41173
5	19	0.684672
5	119	0.703741
5	126	0.719556
5	127	0.759586
5	139	0.714759
5	143	0.712993
5	149	0.717202
5	157	0.727717
5	160	0.736511
5	168	2.06559
5	171	0.718299
5	175	3.47852
6	101	2.02767
6	108	0.812516
6	129	0.794001
6	130	0.819966
6	137	0.784153
6	152	0.799479
6	153	0.798623
6	154	0.791874
6	155	0.791867
6	156	0.809033
6	158	2.07698
6	174	1.79932
7	47	2.40572
7	79	0.81519
7	110	0.800121
7	119	0.781021
7	131	0.801361
7	139	0.79204
7	149	0.794483
7	157	0.804998
7	160	0.813791
7	171	0.795579
7	173	1.50622
7	180	2.04555
8	89	0.730658
8	102	0.697499
8	111	0.730079
8	118	2.44675
8	120	3.07333
8	131	0.730274
8	140	0.729479
8	142	0.730298
8	149	0.723396
8	157	0.73391
8	160	0.742704
8	177	0.650808
9	99	2.66347
9	150	0.782153
9	161	0.734207
9	162	1.51812
9	168	0.737482
9	169	0.708525
9	173	0.72172
9	174	0.722736
9	176	0.685734
9	178	0.708572
9	179	0.719774
9	180	0.689749
10	2	2.48245
10	56	0.716702
10	136	0.739043
10	137	0.705133
10	139	2.63748
10	152	0.720459
10	153	0.719603
10	154	0.712854
10	155	0.712846
10	156	0.730013
10	166	0.718971
10	171	0.725214
11	4	2.11386
11	130	0.751805
11	132	0.85066
11	161	0.812425
11	165	0.814068
11	166	1.19174
11	172	0.800748
11	173	0.799937
11	174	0.800954
11	176	0.763952
11	179	0.797992
11	180	0.767967
12	69	1.43115
12	113	0.580562
12	156	1.65981
12	163	0.806263
12	165	0.822862
12	168	0.824494
12	169	0.795537
12	174	0.809748
12	176	0.772746
12	178	0.795584
12	179	0.806786
12	180	0.776761
13	101	1.51093
13	108	0.806075
13	115	0.825512
13	130	0.813525
13	152	0.793039
13	153	0.792183
13	154	0.785434
13	155	0.785426
13	156	0.802593
13	159	1.54814
13	171	0.797794
13	176	2.90048
14	37	0.734333
14	110	0.715859
14	119	0.696759
14	123	0.717993
14	139	0.707777
14	140	0.716304
14	149	0.710221
14	157	0.720735
14	160	0.729529
14	163	2.60757
14	171	0.711317
14	177	0.637633
14	180	3.33042
15	99	1.72225
15	104	1.56046
15	140	0.983484
15	168	0.80606
15	169	0.777103
15	170	0.779063
15	172	0.791109
15	173	0.790298
15	174	0.791314
15	176	0.754312
15	178	0.77715
15	179	0.788352
15	180	0.758327
16	39	0.397071
16	71	0.822464
16	75	0.77076
16	97	0.778216
16	114	0.775872
16	116	0.774931
16	122	0.788313
16	143	0.784881
16	162	0.795388
16	164	3.26827
16	166	0.783944
16	175	0.725721
16	176	2.56227
17	29	0.728489
17	36	0.727519
17	95	0.697823
17	118	2.11983
17	123	0.71262
17	126	0.707201
17	127	0.747231
17	143	0.700638
17	149	0.704848
17	157	0.715362
17	160	0.724156
17	163	3.79306
17	177	0.63226
18	76	0.760247
18	89	0.791846
18	95	0.777559
18	121	2.51497
18	123	0.792355
18	131	0.791461
18	140	0.790667
18	149	0.784583
18	157	0.795098
18	160	0.803892
18	161	1.94535
18	168	1.89575
18	177	0.711996
19	5	0.684672
19	29	0.737156
19	76	0.689179
19	123	0.721288
19	126	0.715869
19	140	0.719599
19	142	0.720417
19	149	0.713515
19	150	2.46258
19	151	0.723202
19	158	3.46182
19	160	0.732824
19	177	0.640928
20	67	1.33143
20	144	0.790811
20	155	1.48525
20	156	1.31119
20	158	0.801352
20	159	0.800522
20	161	0.78873
20	165	0.790373
20	172	0.777054
20	174	0.777259
20	178	0.763095
20	179	0.774297
20	180	0.744272
21	58	0.704303
21	99	0.692822
21	115	0.735263
21	124	2.81047
21	130	0.723277
21	136	0.721374
21	139	3.04315
21	151	0.716135
21	152	0.70279
21	153	0.701934
21	154	0.695185
21	155	0.695177
21	156	0.712344
22	95	1.45262
22	122	1.18011
22	126	1.56161
22	128	0.829582
22	158	0.805234
22	168	0.795887
22	172	0.780936
22	173	0.780125
22	174	0.781141
22	176	0.744139
22	178	0.766977
22	179	0.778179
22	180	0.748154
23	99	0.777286
23	130	0.80774
23	137	0.771927
23	144	2.30353
23	148	2.16213
23	152	0.787253
23	153	0.786397
23	154	0.779649
23	155	0.779641
23	156	0.796807
23	164	0.721582
23	168	1.86703
23	171	0.792008
24	87	0.720057
24	93	0.666364
24	96	0.719201
24	110	0.720693
24	111	0.721738
24	142	0.721957
24	149	0.715055
24	157	0.725569
24	160	0.734363
24	164	4.12106
24	171	0.716151
24	174	1.79717
24	177	0.642467
25	79	1.88126
25	121	0.798584
25	150	0.821318
25	152	1.53624
25	159	0.785164
25	162	1.18661
25	163	0.758416
25	165	0.775015
25	169	0.747691
25	173	0.760885
25	176	0.7249
25	178	0.747737
25	179	0.75894
25	180	0.728914
26	32	0.656101
26	69	0.751226
26	88	0.706765
26	91	0.69901
26	105	0.717462
26	112	0.704853
26	113	0.730403
26	122	0.699915
26	143	0.696484
26	162	0.706991
26	166	0.695547
26	174	2.10611
26	175	0.637323
26	177	4.22127
27	37	0.784549
27	53	2.11574
27	74	2.51707
27	78	1.94723
27	110	0.766075
27	119	0.746975
27	126	0.76279
27	127	0.80282
27	131	0.767315
27	142	0.767338
27	157	0.770951
27	160	0.779745
27	171	0.761533
27	177	0.687849
28	67	0.805105
28	104	0.747229
28	115	0.798547
28	127	1.00176
28	129	0.760596
28	152	0.766074
28	153	0.765218
28	154	0.758469
28	155	0.758461
28	156	0.775628
28	164	0.700403
28	166	0.764586
28	177	3.83155
28	179	1.83411
29	1	0.739497
29	17	0.728489
29	19	0.737156
29	79	0.790394
29	87	0.774689
29	89	0.776949
29	102	0.74379
29	140	0.77577
29	142	0.776589
29	144	2.04563
29	145	2.49656
29	149	0.769687
29	160	0.788995
29	178	2.18184
30	104	0.748417
30	113	0.80063
30	122	0.770142
30	129	0.761783
30	154	0.759657
30	155	0.759649
30	156	0.776815
30	162	0.777218
30	166	0.765774
30	170	1.90076
30	171	0.772016
30	175	0.70755
30	176	2.87158
30	178	1.96096
31	123	1.55753
31	146	0.8199
31	148	0.794727
31	155	1.76232
31	161	0.777847
31	169	0.752165
31	170	0.754124
31	171	1.17376
31	172	0.76617
31	174	0.766376
31	176	0.729374
31	178	0.752212
31	179	0.763414
31	180	0.733389
32	26	0.656101
32	65	0.769178
32	69	0.751987
32	75	0.683124
32	105	0.718223
32	112	0.705614
32	114	0.688236
32	116	0.687294
32	122	0.700676
32	146	2.7846
32	162	0.707751
32	166	0.696307
32	167	3.5374
32	175	0.638084
33	57	0.818079
33	62	1.9887
33	71	0.795166
33	88	0.767864
33	91	0.760109
33	113	0.791502
33	114	0.748574
33	116	0.747632
33	122	0.761014
33	143	0.757582
33	159	2.26238
33	166	0.756645
33	172	2.49986
33	175	0.698422
34	69	1.35821
34	91	1.54925
34	134	0.798605
34	147	0.766043
34	156	1.58686
34	163	0.767078
34	168	0.785309
34	170	0.758311
34	172	0.770357
34	174	0.770563
34	177	0.73077
34	178	0.756399
34	179	0.767601
34	180	0.737576
35	108	4.80823
35	135	0.699321
35	150	0.703058
35	158	0.667734
35	163	0.640156
35	168	0.658388
35	170	0.63139
35	172	0.643436
35	173	0.642625
35	174	0.643641
35	178	0.629477
35	179	0.64068
35	180	0.610655
36	17	0.727519
36	53	1.3977
36	73	0.813822
36	84	0.783207
36	87	0.773719
36	93	0.720027
36	96	0.772864
36	140	0.7748
36	142	0.775619
36	157	0.779232
36	160	0.788025
36	175	3.35648
36	177	0.69613
36	179	1.92672
37	14	0.734333
37	27	0.784549
37	76	0.745822
37	123	0.77793
37	139	0.767715
37	142	0.77706
37	148	1.80462
37	149	0.770158
37	157	0.780673
37	160	0.789466
37	171	0.771254
37	173	1.9659
37	176	2.99286
37	177	0.69757
38	81	2.3641
38	144	0.718953
38	152	2.55529
38	158	0.729494
38	165	0.718515
38	167	0.686922
38	168	0.720147
38	170	0.69315
38	172	0.705196
38	173	0.704385
38	176	0.668399
38	178	0.691237
38	179	0.702439
38	180	0.672414
39	16	0.397071
39	85	2.83868
39	109	1.77973
39	147	0.769498
39	159	0.797281
39	163	0.770533
39	167	0.75554
39	170	0.761767
39	173	0.773002
39	174	0.774018
39	176	0.737016
39	178	0.759854
39	179	0.771057
39	180	0.741031
40	1	0.675473
40	63	2.31489
40	76	0.681327
40	87	0.710665
40	126	0.708017
40	131	0.712541
40	140	0.711747
40	142	0.712565
40	149	0.705663
40	157	0.716178
40	160	0.724972
40	171	0.706759
40	174	3.88876
40	177	0.633076
41	45	2.19333
41	55	0.801489
41	69	0.795128
41	97	0.733721
41	105	0.761364
41	112	0.748755
41	113	0.774305
41	116	0.730435
41	118	1.5974
41	122	0.743818
41	143	0.740386
41	148	3.29286
41	162	0.750893
41	166	0.739449
41	175	0.681226
42	76	2.97933
42	94	0.711774
42	103	0.723345
42	123	2.34467
42	137	0.696458
42	152	0.711784
42	153	0.710928
42	154	0.704179
42	155	0.704171
42	165	0.695762
42	169	0.668437
42	174	0.682648
42	178	0.668484
42	179	0.679686
42	180	0.649661
43	116	1.98571
43	151	1.76385
43	157	1.18449
43	158	0.783635
43	164	0.723007
43	165	0.772656
43	167	0.741063
43	168	0.774288
43	170	0.747291
43	173	0.758525
43	174	0.759542
43	176	0.72254
43	178	0.745378
43	179	0.75658
43	180	0.726555
44	2	0.793829
44	66	1.47161
44	71	2.01449
44	130	1.42062
44	147	0.748899
44	159	0.776682
44	163	0.749934
44	168	0.768166
44	170	0.741168
44	173	0.752403
44	174	0.75342
44	176	0.716418
44	178	0.739256
44	179	0.750458
44	180	0.720433
45	41	2.19333
45	55	1.24077
45	71	1.85595
45	150	0.812893
45	161	0.764948
45	168	0.768223
45	169	0.739266
45	170	0.741225
45	172	0.753271
45	173	0.75246
45	174	0.753477
45	176	0.716475
45	178	0.739313
45	179	0.750515
45	180	0.72049
46	79	1.82432
46	99	2.27501
46	147	0.748977
46	158	0.77759
46	159	0.77676
46	160	0.995958
46	165	0.766612
46	168	0.768244
46	169	0.739287
46	172	0.753292
46	173	0.752481
46	176	0.716496
46	178	0.739334
46	179	0.750536
46	180	0.720511
47	7	2.40572
47	138	0.726934
47	144	0.707081
47	148	0.721882
47	153	3.20143
47	161	0.705001
47	167	0.675051
47	168	0.708276
47	172	0.693324
47	173	0.692513
47	174	0.69353
47	176	0.656528
47	178	0.679366
47	179	0.690568
47	180	0.660543
48	113	5.20764
48	130	0.690026
48	152	0.669539
48	153	0.668683
48	154	0.661934
48	155	0.661926
48	156	0.679093
48	163	0.636918
48	170	0.628151
48	172	0.640197
48	176	0.603401
48	178	0.626239
48	179	0.637441
48	180	0.607416
49	90	2.19354
49	114	0.709633
49	116	0.708691
49	143	0.718642
49	154	3.03715
49	158	0.714149
49	162	0.729149
49	163	0.686571
49	166	0.717705
49	172	0.689851
49	175	0.659481
49	176	0.653054
49	178	0.675892
49	179	0.687095
49	180	0.657069
50	67	1.5697
50	119	1.6859
50	135	0.811212
50	151	1.6783
50	161	0.767004
50	163	0.752047
50	165	0.768647
50	167	0.737054
50	169	0.741322
50	170	0.743281
50	174	0.755532
50	176	0.718531
50	178	0.741369
50	179	0.752571
50	180	0.722546
51	4	0.746391
51	85	0.753123
51	115	1.2287
51	131	0.789493
51	137	2.15106
51	154	1.5561
51	157	0.79313
51	160	0.801923
51	168	0.764567
51	170	0.737569
51	176	0.712818
51	177	0.710027
51	178	0.735656
51	179	0.746858
51	180	0.716833
52	88	0.752475
52	114	0.733184
52	116	0.732243
52	124	2.41048
52	141	2.62594
52	143	0.742193
52	150	2.41067
52	151	0.756089
52	152	0.742744
52	153	0.741888
52	154	0.735139
52	155	0.735131
52	156	0.752298
52	162	0.7527
52	166	0.741256
52	175	0.683033
53	27	2.11574
53	36	1.3977
53	86	0.827478
53	113	0.72986
53	152	0.819627
53	153	0.818772
53	154	0.812023
53	155	0.812015
53	156	0.829181
53	160	1.40908
53	172	0.790286
53	173	0.789475
53	174	0.790491
53	178	0.776327
53	179	0.78753
53	180	0.757505
54	69	0.787272
54	71	0.770113
54	75	0.718409
54	97	0.725865
54	105	0.753508
54	112	0.740899
54	113	0.766449
54	116	0.722579
54	122	0.735962
54	139	1.29406
54	143	0.73253
54	162	0.743037
54	166	0.731593
54	172	2.28621
54	175	0.67337
54	177	3.89832
55	41	0.801489
55	45	1.24077
55	88	0.809012
55	91	0.801256
55	97	0.792065
55	105	0.819709
55	112	0.807099
55	113	0.832649
55	114	0.789721
55	122	0.802162
55	158	2.18831
55	159	2.17621
55	162	0.809237
55	166	0.797793
55	174	1.91065
55	175	0.73957
56	10	0.716702
56	77	1.80221
56	106	2.4908
56	109	0.754786
56	129	0.729493
56	130	0.755458
56	136	0.753555
56	151	0.748317
56	152	0.734971
56	153	0.734116
56	154	0.727367
56	155	0.727359
56	156	0.744525
56	166	0.733484
56	167	3.07991
56	171	0.739726
57	33	0.818079
57	68	1.34028
57	70	1.5216
57	71	0.835707
57	75	0.784003
57	91	0.80065
57	112	0.806493
57	113	0.832043
57	114	0.789115
57	116	0.788173
57	122	0.801556
57	162	0.808631
57	164	3.35772
57	166	0.797187
57	170	1.6809
57	175	0.738964
58	21	0.704303
58	104	0.721397
58	108	0.753278
58	125	2.46961
58	130	0.760728
58	136	0.758825
58	137	0.724916
58	152	0.740242
58	153	0.739386
58	154	0.732637
58	155	0.732629
58	156	0.749796
58	166	0.738754
58	171	0.744997
58	172	2.03232
58	175	3.07675
59	60	0.741286
59	80	0.726825
59	104	0.729068
59	129	0.742434
59	133	2.51739
59	136	0.766496
59	137	0.732586
59	139	2.47519
59	141	2.45799
59	152	0.747912
59	153	0.747057
59	154	0.740308
59	155	0.7403
59	156	0.757466
59	164	0.682241
59	166	0.746425
60	59	0.741286
60	92	2.04261
60	109	0.751917
60	115	0.764575
60	127	2.09419
60	129	0.726624
60	130	0.752589
60	136	0.750686
60	137	0.716776
60	152	0.732102
60	153	0.731246
60	154	0.724497
60	155	0.72449
60	156	0.741656
60	162	0.742058
60	169	3.29287
61	78	1.30902
61	81	0.831164
61	94	0.798181
61	99	0.788224
61	134	1.92768
61	136	0.816775
61	137	0.782865
61	152	0.798191
61	153	0.797336
61	154	0.790587
61	155	0.790579
61	156	0.807745
61	158	2.16648
61	166	0.796704
61	169	2.37288
61	171	0.802946
62	33	1.9887
62	69	1.98364
62	84	1.66392
62	117	0.755333
62	159	0.767384
62	161	0.755593
62	167	0.725643
62	168	0.758868
62	169	0.729911
62	170	0.73187
62	172	0.743916
62	174	0.744122
62	175	0.713547
62	178	0.729958
62	179	0.74116
62	180	0.711135
63	40	2.31489
63	79	1.07487
63	85	1.81212
63	122	0.680464
63	135	0.846672
63	147	0.786472
63	163	0.787508
63	165	0.804107
63	167	0.772514
63	169	0.776782
63	170	0.778741
63	172	0.790787
63	174	0.790993
63	176	0.753991
63	178	0.776829
63	179	0.788031
63	180	0.758006
64	81	1.15237
64	87	1.36675
64	99	2.13927
64	133	0.844654
64	158	0.80971
64	160	0.860218
64	161	0.797089
64	163	0.782133
64	167	0.767139
64	168	0.800364
64	172	0.785412
64	173	0.784601
64	174	0.785618
64	176	0.748616
64	178	0.771454
64	179	0.782656
64	180	0.752631
65	32	0.769178
65	72	1.77916
65	77	1.4346
65	102	0.787873
65	111	0.820453
65	114	0.800552
65	116	0.79961
65	127	0.856153
65	131	0.820648
65	143	0.809561
65	160	0.833078
65	166	0.808623
65	168	2.32889
65	174	2.19435
65	175	0.7504
65	177	0.741182
66	44	1.47161
66	85	0.762611
66	93	0.743413
66	95	0.785078
66	123	0.799875
66	131	0.798981
66	139	0.78966
66	141	1.47664
66	142	0.799005
66	149	0.792103
66	151	0.80179
66	157	0.802618
66	160	0.811411
66	163	2.39036
66	171	0.793199
66	173	2.57389
66	177	0.719515
67	20	1.33143
67	28	0.805105
67	50	1.5697
67	98	0.814063
67	129	0.772281
67	130	0.798246
67	136	0.796343
67	137	0.762433
67	152	0.777759
67	153	0.776904
67	154	0.770155
67	155	0.770147
67	156	0.787313
67	162	0.787716
67	171	0.782514
67	174	2.24066
67	179	2.35837
68	57	1.34028
68	111	2.5813
68	114	2.12053
68	115	0.782357
68	148	0.7491
68	152	0.749884
68	153	0.749028
68	154	0.742279
68	155	0.742271
68	156	0.759438
68	166	0.748396
68	170	0.708496
68	176	0.683746
68	177	0.680955
68	178	0.706584
68	179	0.717786
68	180	0.687761
69	12	1.43115
69	26	0.751226
69	32	0.751987
69	34	1.35821
69	41	0.795128
69	54	0.787272
69	62	1.98364
69	91	0.794895
69	97	0.785704
69	112	0.800738
69	113	0.826288
69	114	0.78336
69	122	0.795801
69	148	2.42141
69	162	0.802876
69	166	0.791432
69	175	0.733209
70	57	1.5216
70	117	0.740489
70	125	0.731401
70	138	0.762682
70	150	0.788695
70	157	2.25765
70	160	2.30815
70	163	0.725793
70	165	0.742392
70	167	0.710799
70	169	0.715067
70	170	0.717027
70	172	0.729073
70	173	0.728262
70	176	0.692276
70	179	0.726316
70	180	0.696291
71	16	0.822464
71	33	0.795166
71	44	2.01449
71	45	1.85595
71	54	0.770113
71	57	0.835707
71	105	0.796189
71	112	0.783579
71	113	0.80913
71	114	0.766201
71	116	0.76526
71	122	0.778642
71	127	1.8112
71	150	1.80425
71	162	0.785717
71	166	0.774273
71	175	0.71605
72	65	1.77916
72	112	2.12064
72	126	2.22065
72	138	0.755925
72	153	0.750801
72	154	0.744052
72	155	0.744045
72	156	0.761211
72	158	0.746614
72	163	0.719036
72	164	0.685986
72	167	0.704042
72	171	0.756412
72	173	0.721505
72	178	0.708357
72	179	0.719559
72	180	0.689534
73	1	0.760961
73	36	0.813822
73	93	0.74246
73	119	0.777689
73	126	0.793504
73	132	1.53147
73	140	0.797234
73	142	0.798053
73	146	1.66642
73	149	0.791151
73	151	0.800837
73	157	0.801666
73	160	0.810459
73	168	2.03581
73	171	0.792247
73	177	0.718563
73	180	3.03153
74	27	2.51707
74	125	0.734014
74	138	0.765294
74	157	1.75992
74	159	0.755153
74	160	1.81041
74	161	0.743362
74	165	0.745005
74	167	0.713412
74	170	0.719639
74	172	0.731685
74	173	0.730874
74	174	0.73189
74	176	0.694889
74	178	0.717726
74	179	0.728929
74	180	0.698904
75	16	0.77076
75	32	0.683124
75	54	0.718409
75	57	0.784003
75	88	0.733788
75	105	0.744485
75	112	0.731875
75	113	0.757426
75	114	0.714497
75	116	0.713556
75	122	0.726938
75	147	3.08634
75	150	1.95188
75	162	0.734013
75	166	0.722569
75	175	0.664346
75	179	2.79119
76	18	0.760247
76	19	0.689179
76	37	0.745822
76	40	0.681327
76	42	2.97933
76	77	2.0646
76	84	0.736199
76	95	0.714685
76	110	0.727348
76	111	0.728393
76	119	0.708248
76	140	0.727793
76	142	0.728611
76	151	0.731396
76	157	0.732224
76	160	0.741018
76	174	2.82435
76	177	0.649122
77	56	1.80221
77	65	1.4346
77	76	2.0646
77	87	1.56717
77	118	0.840905
77	148	0.796355
77	158	0.792096
77	161	0.779475
77	165	0.781117
77	167	0.749525
77	168	0.78275
77	172	0.767798
77	173	0.766987
77	174	0.768003
77	176	0.731002
77	178	0.753839
77	179	0.765042
77	180	0.735016
78	27	1.94723
78	61	1.30902
78	106	0.793146
78	109	1.74723
78	121	0.806802
78	146	0.823644
78	154	1.54116
78	158	0.794212
78	163	0.766635
78	165	0.783234
78	167	0.751641
78	169	0.755909
78	173	0.769103
78	174	0.77012
78	176	0.733118
78	178	0.755956
78	179	0.767158
78	180	0.737133
79	7	0.81519
79	25	1.88126
79	29	0.790394
79	46	1.82432
79	63	1.07487
79	84	0.781242
79	93	0.718062
79	102	0.740856
79	110	0.772391
79	123	0.774525
79	140	0.772836
79	143	0.762544
79	149	0.766753
79	151	0.776439
79	157	0.777267
79	160	0.786061
79	168	2.78329
79	171	0.767849
80	59	0.726825
80	85	0.691807
80	110	0.726938
80	125	3.57322
80	129	0.712162
80	131	0.728177
80	136	0.736224
80	137	0.702314
80	140	0.727382
80	141	2.12658
80	149	0.721299
80	152	0.71764
80	154	0.710036
80	155	0.710028
80	156	0.727194
80	160	0.740608
80	171	0.722395
80	174	2.63289
81	38	2.3641
81	61	0.831164
81	64	1.15237
81	86	0.779551
81	104	0.752856
81	132	1.74272
81	136	0.790284
81	137	0.756374
81	144	2.68358
81	151	0.785046
81	152	0.7717
81	153	0.770845
81	154	0.764096
81	155	0.764088
81	156	0.781255
81	164	0.70603
81	166	0.770213
81	171	0.776456
82	88	1.09769
82	103	0.794966
82	106	0.777295
82	116	1.99553
82	141	0.803739
82	150	0.813686
82	156	1.64484
82	158	0.778361
82	159	0.777532
82	162	1.37851
82	165	0.767383
82	169	0.740058
82	173	0.753252
82	174	0.754269
82	176	0.717267
82	177	0.714476
82	178	0.740105
82	179	0.751307
82	180	0.721282
83	109	1.40787
83	124	0.823844
83	126	1.71667
83	137	1.79676
83	141	0.809383
83	144	0.773464
83	146	0.813437
83	152	1.38455
83	158	0.784005
83	164	0.723378
83	167	0.741434
83	169	0.745702
83	173	0.758896
83	174	0.759912
83	176	0.722911
83	177	0.72012
83	178	0.745748
83	179	0.756951
83	180	0.726926
84	36	0.783207
84	62	1.66392
84	76	0.736199
84	79	0.781242
84	89	0.767798
84	95	0.753511
84	110	0.766174
84	117	2.50944
84	119	0.747074
84	123	0.768307
84	131	0.767413
84	140	0.766619
84	142	0.767437
84	143	0.756326
84	157	0.77105
84	160	0.779844
84	169	2.15609
84	177	0.687948
84	178	2.3793
85	39	2.83868
85	51	0.753123
85	63	1.81212
85	66	0.762611
85	80	0.691807
85	89	0.723817
85	93	0.667863
85	96	0.7207
85	102	0.690657
85	119	0.703092
85	123	0.724326
85	126	0.718907
85	131	0.723432
85	142	0.723456
85	143	0.712345
85	149	0.716554
85	157	0.727069
85	165	3.31933
85	177	0.643966
86	53	0.827478
86	81	0.779551
86	94	0.746568
86	98	0.782882
86	115	0.779052
86	129	0.741101
86	132	1.74412
86	136	0.765162
86	144	2.68497
86	152	0.746579
86	153	0.745723
86	154	0.738974
86	155	0.738966
86	156	0.756133
86	162	0.756535
86	165	2.04726
86	166	0.745091
86	171	0.751334
86	172	2.61697
87	24	0.720057
87	29	0.774689
87	36	0.773719
87	40	0.710665
87	64	1.36675
87	77	1.56717
87	89	0.758311
87	123	0.75882
87	126	0.753401
87	131	0.757926
87	140	0.757131
87	142	0.75795
87	149	0.751048
87	151	0.760734
87	157	0.761562
87	160	0.770356
87	171	0.752144
87	174	2.32692
87	177	0.67846
87	180	3.45718
88	26	0.706765
88	33	0.767864
88	52	0.752475
88	55	0.809012
88	75	0.733788
88	82	1.09769
88	91	0.750435
88	97	0.741243
88	105	0.768887
88	112	0.756278
88	113	0.781828
88	116	0.737958
88	121	2.42704
88	122	0.75134
88	143	0.747909
88	161	1.85741
88	162	0.758416
88	166	0.746972
88	175	0.688748
88	177	3.78843
89	4	0.717084
89	8	0.730658
89	18	0.791846
89	29	0.776949
89	84	0.767798
89	85	0.723817
89	87	0.758311
89	102	0.727411
89	103	1.70887
89	111	0.759992
89	126	0.755662
89	140	0.759392
89	142	0.76021
89	149	0.753309
89	157	0.763823
89	159	2.08146
89	160	0.772617
89	167	2.33386
89	175	3.36338
89	177	0.680721
90	49	2.19354
90	94	0.749612
90	115	0.782096
90	129	0.744144
90	130	0.770109
90	136	0.768206
90	137	0.734296
90	151	0.762968
90	152	0.749622
90	153	0.748767
90	154	0.742018
90	155	0.74201
90	156	0.759176
90	158	1.55502
90	162	0.759579
90	164	0.683952
90	166	0.748135
90	171	0.754377
90	177	3.39253
90	178	1.98463
91	26	0.69901
91	33	0.760109
91	34	1.54925
91	55	0.801256
91	57	0.80065
91	69	0.794895
91	88	0.750435
91	97	0.733488
91	105	0.761132
91	112	0.748523
91	113	0.774073
91	114	0.731144
91	116	0.730203
91	122	0.743585
91	162	0.75066
91	163	2.59021
91	166	0.739216
91	173	2.77373
91	174	2.1828
91	175	0.680993
92	60	2.04261
92	129	1.75283
92	132	0.797928
92	134	0.776263
92	138	0.781625
92	140	1.59446
92	146	0.801746
92	149	1.54006
92	158	0.772314
92	161	0.759693
92	167	0.729743
92	169	0.734011
92	170	0.73597
92	173	0.747205
92	174	0.748222
92	175	0.717647
92	176	0.71122
92	178	0.734058
92	179	0.74526
92	180	0.715235
93	24	0.666364
93	36	0.720027
93	66	0.743413
93	73	0.74246
93	79	0.718062
93	85	0.667863
93	119	0.683894
93	123	0.705127
93	132	2.9009
93	135	2.61264
93	139	0.694912
93	140	0.703439
93	142	0.704257
93	143	0.693146
93	149	0.697355
93	151	0.707042
93	157	0.70787
93	160	0.716664
93	171	0.698451
93	177	0.624768
93	178	3.97797
94	42	0.711774
94	61	0.798181
94	86	0.746568
94	90	0.749612
94	98	0.775021
94	109	0.758533
94	127	1.66381
94	129	0.73324
94	136	0.757302
94	137	0.723392
94	138	2.10206
94	146	2.14359
94	152	0.738718
94	153	0.737862
94	154	0.731113
94	155	0.731105
94	156	0.748272
94	162	0.748674
94	164	0.673047
94	166	0.73723
94	175	3.92591
95	17	0.697823
95	18	0.777559
95	22	1.45262
95	66	0.785078
95	76	0.714685
95	84	0.753511
95	96	0.743167
95	110	0.744659
95	111	0.745704
95	131	0.745899
95	139	0.736578
95	140	0.745104
95	142	0.745923
95	150	1.80526
95	151	0.748708
95	157	0.749536
95	160	0.758329
95	167	3.0448
95	170	3.17391
95	171	0.740117
95	177	0.666433
96	3	0.669031
96	24	0.719201
96	36	0.772864
96	85	0.7207
96	95	0.743167
96	111	0.756875
96	119	0.736731
96	126	0.752546
96	132	1.92656
96	139	0.747749
96	140	0.756275
96	142	0.757094
96	143	0.745983
96	149	0.750192
96	151	0.759879
96	157	0.760707
96	159	2.56192
96	160	0.7695
96	161	2.48051
96	170	2.94343
96	177	0.677604
97	16	0.778216
97	41	0.733721
97	54	0.725865
97	55	0.792065
97	69	0.785704
97	88	0.741243
97	91	0.733488
97	103	2.48841
97	105	0.75194
97	112	0.739331
97	113	0.764881
97	114	0.721953
97	116	0.721011
97	122	0.734393
97	127	1.88082
97	143	0.730962
97	162	0.741469
97	166	0.730025
97	168	2.72999
97	175	0.671801
97	179	2.71316
98	67	0.814063
98	86	0.782882
98	94	0.775021
98	99	0.765064
98	108	0.788068
98	109	0.794846
98	121	1.82063
98	130	0.795518
98	136	0.793615
98	137	0.759706
98	148	1.49651
98	152	0.775032
98	153	0.774176
98	154	0.767427
98	155	0.767419
98	156	0.784586
98	164	0.709361
98	166	0.773544
98	171	0.779787
98	172	1.56991
98	176	2.68475
98	177	3.18202
99	9	2.66347
99	15	1.72225
99	21	0.692822
99	23	0.777286
99	46	2.27501
99	61	0.788224
99	64	2.13927
99	98	0.765064
99	108	0.741797
99	109	0.748575
99	129	0.723282
99	130	0.749247
99	137	0.713434
99	152	0.72876
99	153	0.727905
99	154	0.721156
99	155	0.721148
99	156	0.738314
99	162	0.738717
99	164	0.66309
99	166	0.727273
99	171	0.733515
100	129	1.94394
100	132	0.822353
100	138	0.80605
100	144	0.786198
100	148	0.800998
100	153	1.1359
100	159	0.795909
100	160	1.24528
100	161	0.784117
100	162	1.37898
100	163	0.769161
100	167	0.754168
100	168	0.787393
100	169	0.758435
100	170	0.760395
100	171	1.23082
100	172	0.772441
100	173	0.77163
100	174	0.772646
100	178	0.758482
100	179	0.769685
100	180	0.739659
101	6	2.02767
101	13	1.51093
101	128	0.782658
101	145	0.740505
101	148	0.762569
101	154	2.34932
101	158	0.758309
101	159	0.75748
101	162	2.18244
101	163	0.730732
101	165	0.747331
101	167	0.715738
101	168	0.748963
101	169	0.720006
101	172	0.734011
101	173	0.7332
101	174	0.734217
101	176	0.697215
101	177	0.694424
101	178	0.720053
101	179	0.731255
101	180	0.70123
102	8	0.697499
102	29	0.74379
102	65	0.787873
102	79	0.740856
102	85	0.690657
102	89	0.727411
102	110	0.725787
102	111	0.726832
102	120	1.62244
102	123	0.727921
102	126	0.722502
102	127	0.762532
102	131	0.727027
102	142	0.727051
102	149	0.720149
102	151	0.729835
102	157	0.730663
102	160	0.739457
102	169	2.74574
102	170	2.90875
102	171	0.721245
102	177	0.647561
102	180	3.39194
103	42	0.723345
103	82	0.794966
103	89	1.70887
103	97	2.48841
103	121	0.757836
103	134	0.749196
103	145	0.727442
103	146	0.774678
103	154	2.01394
103	158	0.745246
103	159	0.744417
103	165	0.734268
103	166	2.26487
103	169	0.706943
103	170	0.708902
103	172	0.720948
103	173	0.720137
103	174	0.721154
103	176	0.684152
103	177	0.681361
103	178	0.70699
103	179	0.718192
103	180	0.688167
104	15	1.56046
104	28	0.747229
104	30	0.748417
104	58	0.721397
104	59	0.729068
104	81	0.752856
104	109	0.739698
104	115	0.752357
104	118	1.67183
104	129	0.714405
104	130	0.74037
104	136	0.738467
104	137	0.704557
104	151	0.733229
104	152	0.719883
104	153	0.719028
104	154	0.712279
104	155	0.712271
104	156	0.729437
104	162	0.72984
104	164	0.654213
104	167	3.4556
104	170	3.58471
105	26	0.717462
105	32	0.718223
105	41	0.761364
105	54	0.753508
105	55	0.819709
105	71	0.796189
105	75	0.744485
105	88	0.768887
105	91	0.761132
105	97	0.75194
105	112	0.766975
105	113	0.792525
105	114	0.749597
105	116	0.748655
105	120	1.79872
105	122	0.762037
105	128	2.09153
105	143	0.758606
105	161	2.6221
105	162	0.769112
105	165	2.37129
105	166	0.757668
105	168	2.5725
105	175	0.699445
106	56	2.4908
106	78	0.793146
106	82	0.777295
106	109	2.25588
106	117	0.714694
106	122	2.18318
106	132	0.753189
106	133	0.762518
106	148	0.731834
106	150	0.762899
106	157	1.69873
106	158	0.727575
106	161	0.714953
106	165	0.716596
106	167	0.685004
106	168	0.718229
106	169	0.689271
106	170	0.691231
106	172	0.703277
106	173	0.702466
106	174	0.703482
106	178	0.689318
106	179	0.700521
106	180	0.670495
107	110	1.55103
107	112	1.95661
107	125	0.764387
107	136	1.3464
107	142	1.29521
107	144	0.775815
107	147	0.757743
107	150	0.821681
107	154	1.54175
107	158	0.786356
107	159	0.785527
107	161	0.773735
107	167	0.743785
107	169	0.748053
107	170	0.750012
107	172	0.762058
107	173	0.761247
107	174	0.762264
107	175	0.731689
107	176	0.725262
107	177	0.722471
107	178	0.7481
107	179	0.759302
107	180	0.729277
108	6	0.812516
108	13	0.806075
108	35	4.80823
108	58	0.753278
108	98	0.788068
108	99	0.741797
108	109	0.77158
108	129	0.746287
108	136	0.770348
108	137	0.736439
108	145	2.11522
108	146	0.85839
108	151	0.76511
108	152	0.751765
108	153	0.750909
108	154	0.74416
108	155	0.744152
108	156	0.761319
108	162	0.761721
108	163	1.50065
108	164	0.686094
108	166	0.750277
108	171	0.75652
108	178	1.80051
109	39	1.77973
109	56	0.754786
109	60	0.751917
109	78	1.74723
109	83	1.40787
109	94	0.758533
109	98	0.794846
109	99	0.748575
109	104	0.739698
109	106	2.25588
109	108	0.77158
109	115	0.791016
109	136	0.777127
109	137	0.743217
109	147	2.73991
109	152	0.758543
109	153	0.757687
109	154	0.750938
109	155	0.75093
109	156	0.768097
109	162	0.768499
109	164	0.692872
109	166	0.757055
109	171	0.763298
110	7	0.800121
110	14	0.715859
110	24	0.720693
110	27	0.766075
110	76	0.727348
110	79	0.772391
110	80	0.726938
110	84	0.766174
110	95	0.744659
110	102	0.725787
110	107	1.55103
110	111	0.758367
110	119	0.738222
110	120	1.49101
110	127	0.794067
110	131	0.758562
110	140	0.757767
110	142	0.758586
110	149	0.751684
110	157	0.762199
110	158	2.4079
110	159	2.3958
110	160	0.770992
110	175	3.67772
110	177	0.679096
111	8	0.730079
111	24	0.721738
111	65	0.820453
111	68	2.5813
111	76	0.728393
111	89	0.759992
111	95	0.745704
111	96	0.756875
111	102	0.726832
111	110	0.758367
111	119	0.739267
111	123	0.760501
111	131	0.759607
111	133	1.82794
111	140	0.758812
111	142	0.759631
111	143	0.74852
111	149	0.752729
111	157	0.763244
111	160	0.772037
111	161	2.45899
111	165	2.20818
111	171	0.753825
111	177	0.680141
111	179	2.39256
112	26	0.704853
112	32	0.705614
112	41	0.748755
112	54	0.740899
112	55	0.807099
112	57	0.806493
112	69	0.800738
112	71	0.783579
112	72	2.12064
112	75	0.731875
112	88	0.756278
112	91	0.748523
112	97	0.739331
112	105	0.766975
112	107	1.95661
112	114	0.736987
112	116	0.736046
112	122	0.749428
112	133	2.08892
112	143	0.745996
112	144	3.10688
112	150	1.81424
112	162	0.756503
112	166	0.745059
112	175	0.686836
113	12	0.580562
113	26	0.730403
113	30	0.80063
113	33	0.791502
113	41	0.774305
113	48	5.20764
113	53	0.72986
113	54	0.766449
113	55	0.832649
113	57	0.832043
113	69	0.826288
113	71	0.80913
113	75	0.757426
113	88	0.781828
113	91	0.774073
113	97	0.764881
113	105	0.792525
113	114	0.762538
113	116	0.761596
113	121	1.89493
113	122	0.774978
113	158	1.41882
113	162	0.782053
113	166	0.770609
113	173	1.7321
113	175	0.712386
114	16	0.775872
114	32	0.688236
114	33	0.748574
114	49	0.709633
114	52	0.733184
114	55	0.789721
114	57	0.789115
114	65	0.800552
114	68	2.12053
114	69	0.78336
114	71	0.766201
114	75	0.714497
114	91	0.731144
114	97	0.721953
114	105	0.749597
114	112	0.736987
114	113	0.762538
114	117	2.65148
114	122	0.73205
114	143	0.728618
114	144	2.38512
114	162	0.739125
114	163	2.22148
114	166	0.727681
114	175	0.669458
114	178	2.52134
115	13	0.825512
115	21	0.735263
115	28	0.798547
115	51	1.2287
115	60	0.764575
115	68	0.782357
115	86	0.779052
115	90	0.782096
115	104	0.752357
115	109	0.791016
115	124	1.07179
115	129	0.765723
115	137	0.755875
115	145	2.81555
115	151	0.784547
115	152	0.771201
115	153	0.770346
115	154	0.763597
115	155	0.763589
115	156	0.780755
115	162	0.781158
115	164	0.705531
115	166	0.769714
115	169	2.27762
115	171	0.775956
115	172	2.29661
115	180	2.92383
116	16	0.774931
116	32	0.687294
116	33	0.747632
116	41	0.730435
116	43	1.98571
116	49	0.708691
116	52	0.732243
116	54	0.722579
116	57	0.788173
116	65	0.79961
116	71	0.76526
116	75	0.713556
116	82	1.99553
116	88	0.737958
116	91	0.730203
116	97	0.721011
116	105	0.748655
116	112	0.736046
116	113	0.761596
116	122	0.731108
116	124	1.84932
116	143	0.727677
116	162	0.738183
116	163	2.97851
116	166	0.726739
116	172	3.07415
116	175	0.668516
117	62	0.755333
117	70	0.740489
117	84	2.50944
117	106	0.714694
117	114	2.65148
117	128	0.740108
117	134	0.719709
117	138	0.725071
117	144	0.705219
117	146	0.745192
117	158	0.71576
117	159	0.71493
117	160	2.65778
117	161	0.703139
117	163	0.688182
117	167	0.673189
117	168	0.706414
117	169	0.677457
117	170	0.679416
117	171	2.64332
117	172	0.691462
117	173	0.690651
117	174	0.691667
117	176	0.654666
117	177	0.651875
117	178	0.677503
117	179	0.688706
117	180	0.658681
118	1	1.87318
118	8	2.44675
118	17	2.11983
118	41	1.5974
118	77	0.840905
118	104	1.67183
118	125	0.755481
118	132	0.803064
118	134	0.7814
118	138	0.786762
118	141	0.802828
118	150	0.812775
118	159	0.776621
118	160	1.13575
118	161	0.764829
118	163	0.749873
118	165	0.766472
118	167	0.734879
118	168	0.768104
118	169	0.739147
118	170	0.741106
118	172	0.753152
118	173	0.752341
118	174	0.753358
118	176	0.716356
118	178	0.739194
118	179	0.750396
118	180	0.720371
119	5	0.703741
119	7	0.781021
119	14	0.696759
119	27	0.746975
119	50	1.6859
119	73	0.777689
119	76	0.708248
119	84	0.747074
119	85	0.703092
119	93	0.683894
119	96	0.736731
119	110	0.738222
119	111	0.739267
119	123	0.740356
119	126	0.734938
119	131	0.739462
119	135	1.69879
119	139	0.730141
119	140	0.738667
119	143	0.728375
119	149	0.732584
119	157	0.743099
119	160	0.751892
119	171	0.73368
119	172	2.8599
119	173	2.94779
119	177	0.659996
119	180	3.48712
120	3	0.717575
120	8	3.07333
120	102	1.62244
120	105	1.79872
120	110	1.49101
120	136	1.28639
120	138	0.799344
120	145	0.772229
120	146	0.819465
120	150	0.825357
120	159	0.789203
120	160	1.18114
120	161	0.777412
120	163	0.762455
120	165	0.779055
120	167	0.747462
120	168	0.780687
120	169	0.75173
120	170	0.753689
120	172	0.765735
120	173	0.764924
120	174	0.76594
120	175	0.735366
120	176	0.728939
120	177	0.726148
120	178	0.751776
120	179	0.762979
120	180	0.732954
121	18	2.51497
121	25	0.798584
121	78	0.806802
121	88	2.42704
121	98	1.82063
121	103	0.757836
121	113	1.89493
121	128	0.765579
121	134	0.74518
121	145	0.723427
121	146	0.770663
121	147	0.712618
121	159	0.740401
121	161	0.72861
121	164	0.680604
121	165	0.730253
121	167	0.69866
121	168	0.731885
121	169	0.702928
121	170	0.704887
121	171	2.55969
121	172	0.716933
121	173	0.716122
121	174	0.717139
121	176	0.680137
121	177	0.677346
121	178	0.702975
121	179	0.714177
121	180	0.684152
122	16	0.788313
122	22	1.18011
122	26	0.699915
122	30	0.770142
122	32	0.700676
122	33	0.761014
122	41	0.743818
122	54	0.735962
122	55	0.802162
122	57	0.801556
122	63	0.680464
122	69	0.795801
122	71	0.778642
122	75	0.726938
122	88	0.75134
122	91	0.743585
122	97	0.734393
122	105	0.762037
122	106	2.18318
122	112	0.749428
122	113	0.774978
122	114	0.73205
122	116	0.731108
122	134	2.29319
122	143	0.741059
122	162	0.751566
122	166	0.740122
122	175	0.681898
122	177	4.3695
122	179	2.37206
123	14	0.717993
123	17	0.71262
123	18	0.792355
123	19	0.721288
123	31	1.55753
123	37	0.77793
123	42	2.34467
123	66	0.799875
123	79	0.774525
123	84	0.768307
123	85	0.724326
123	87	0.75882
123	93	0.705127
123	102	0.727921
123	111	0.760501
123	119	0.740356
123	126	0.756171
123	131	0.760696
123	138	1.91331
123	140	0.759901
123	142	0.76072
123	143	0.749609
123	149	0.753818
123	150	1.4681
123	157	0.764333
123	160	0.773126
123	170	2.83676
123	171	0.754914
123	177	0.68123
123	180	3.31995
124	21	2.81047
124	52	2.41048
124	83	0.823844
124	115	1.07179
124	116	1.84932
124	128	0.792828
124	134	0.772429
124	141	0.793858
124	145	0.750676
124	147	0.739867
124	148	0.772739
124	150	0.803804
124	156	1.49863
124	158	0.76848
124	161	0.755859
124	163	0.740902
124	164	0.707853
124	166	1.65012
124	167	0.725909
124	168	0.759134
124	169	0.730177
124	170	0.732136
124	172	0.744182
124	173	0.743371
124	174	0.744387
124	175	0.713813
124	176	0.707386
124	178	0.730224
124	179	0.741426
124	180	0.711401
125	58	2.46961
125	70	0.731401
125	74	0.734014
125	80	3.57322
125	107	0.764387
125	118	0.755481
125	128	0.73102
125	131	2.75957
125	134	0.710621
125	142	2.81477
125	144	0.696131
125	145	0.688868
125	147	0.678059
125	158	0.706672
125	159	0.705842
125	163	0.679094
125	164	0.646045
125	165	0.695693
125	167	0.664101
125	168	0.697326
125	169	0.668369
125	170	0.670328
125	172	0.682374
125	173	0.681563
125	174	0.682579
125	175	0.652005
125	176	0.645578
125	177	0.642787
125	178	0.668415
125	179	0.679618
125	180	0.649592
126	3	0.667239
126	4	0.712175
126	5	0.719556
126	17	0.707201
126	19	0.715869
126	22	1.56161
126	27	0.76279
126	40	0.708017
126	72	2.22065
126	73	0.793504
126	83	1.71667
126	85	0.718907
126	87	0.753401
126	89	0.755662
126	96	0.752546
126	102	0.722502
126	119	0.734938
126	123	0.756171
126	128	2.28942
126	131	0.755277
126	139	0.745956
126	140	0.754482
126	142	0.755301
126	143	0.74419
126	149	0.748399
126	151	0.758086
126	157	0.758914
126	160	0.767708
126	171	0.749495
126	177	0.675812
126	178	3.34311
126	179	2.75356
127	1	0.758239
127	5	0.759586
127	17	0.747231
127	27	0.80282
127	28	1.00176
127	60	2.09419
127	65	0.856153
127	71	1.8112
127	94	1.66381
127	97	1.88082
127	102	0.762532
127	110	0.794067
127	137	2.0013
127	140	0.794512
127	141	0.805104
127	144	0.769186
127	149	0.788429
127	157	0.798944
127	159	0.778897
127	160	0.807737
127	163	0.752149
127	166	1.65727
127	167	0.737155
127	170	0.743383
127	171	0.789525
127	173	0.754618
127	174	0.755634
127	176	0.718632
127	177	0.715841
127	178	0.74147
127	179	0.752672
127	180	0.722647
128	22	0.829582
128	101	0.782658
128	105	2.09153
128	117	0.740108
128	121	0.765579
128	124	0.792828
128	125	0.73102
128	126	2.28942
128	144	0.742449
128	146	0.782421
128	148	0.757249
128	149	1.95985
128	150	0.788314
128	153	1.36457
128	161	0.740368
128	162	1.60766
128	163	0.725412
128	164	0.692362
128	165	0.742011
128	166	2.02548
128	167	0.710418
128	168	0.743643
128	169	0.714686
128	170	0.716645
128	172	0.728691
128	173	0.72788
128	174	0.728897
128	175	0.698322
128	176	0.691895
128	178	0.714733
128	179	0.725935
128	180	0.69591
129	6	0.794001
129	28	0.760596
129	30	0.761783
129	56	0.729493
129	59	0.742434
129	60	0.726624
129	67	0.772281
129	80	0.712162
129	86	0.741101
129	90	0.744144
129	92	1.75283
129	94	0.73324
129	99	0.723282
129	100	1.94394
129	104	0.714405
129	108	0.746287
129	115	0.765723
129	130	0.753737
129	136	0.751834
129	137	0.717924
129	141	2.01273
129	152	0.73325
129	153	0.732394
129	154	0.725645
129	155	0.725637
129	156	0.742804
129	162	0.743206
129	164	0.667579
129	165	2.45238
129	171	0.738005
129	172	3.02209
129	173	3.10998
130	6	0.819966
130	11	0.751805
130	13	0.813525
130	21	0.723277
130	23	0.80774
130	44	1.42062
130	48	0.690026
130	56	0.755458
130	58	0.760728
130	60	0.752589
130	67	0.798246
130	90	0.770109
130	98	0.795518
130	99	0.749247
130	104	0.74037
130	129	0.753737
130	136	0.777799
130	137	0.743889
130	141	1.42565
130	146	1.69712
130	151	0.77256
130	152	0.759215
130	153	0.758359
130	154	0.75161
130	155	0.751602
130	156	0.768769
130	159	2.19752
130	162	0.769171
130	164	0.693544
130	166	0.757727
130	171	0.76397
130	176	3.54985
130	177	4.04712
131	4	0.716699
131	7	0.801361
131	8	0.730274
131	18	0.791461
131	27	0.767315
131	40	0.712541
131	51	0.789493
131	65	0.820648
131	66	0.798981
131	80	0.728177
131	84	0.767413
131	85	0.723432
131	87	0.757926
131	95	0.745899
131	102	0.727027
131	110	0.758562
131	111	0.759607
131	119	0.739462
131	123	0.760696
131	125	2.75957
131	126	0.755277
131	133	1.37233
131	140	0.759007
131	144	2.39029
131	148	2.24889
131	149	0.752924
131	151	0.76261
131	157	0.763438
131	160	0.772232
131	167	2.33719
131	169	2.30329
131	171	0.75402
131	173	2.41017
131	177	0.680336
132	11	0.85066
132	73	1.53147
132	81	1.74272
132	86	1.74412
132	92	0.797928
132	93	2.9009
132	96	1.92656
132	100	0.822353
132	106	0.753189
132	118	0.803064
132	133	0.789199
132	135	0.785842
132	141	0.779633
132	144	0.743714
132	145	0.736451
132	146	0.783687
132	148	0.758514
132	150	0.789579
132	155	2.02467
132	157	1.40008
132	161	0.741634
132	163	0.726677
132	165	0.743277
132	167	0.711684
132	168	0.744909
132	169	0.715952
132	170	0.717911
132	172	0.729957
132	173	0.729146
132	174	0.730162
132	176	0.693161
132	177	0.69037
132	178	0.715999
132	179	0.727201
132	180	0.697176
133	59	2.51739
133	64	0.844654
133	106	0.762518
133	111	1.82794
133	112	2.08892
133	131	1.37233
133	132	0.789199
133	134	0.767534
133	136	1.47872
133	138	0.772896
133	141	0.788962
133	144	0.753044
133	145	0.745781
133	146	0.793017
133	147	0.734972
133	150	0.798909
133	154	1.67407
133	158	0.763585
133	159	0.762755
133	161	0.750963
133	163	0.736007
133	164	0.702957
133	165	0.752606
133	166	1.925
133	167	0.721014
133	168	0.754239
133	169	0.725281
133	170	0.727241
133	173	0.738476
133	174	0.739492
133	175	0.708917
133	176	0.70249
133	178	0.725328
133	179	0.736531
133	180	0.706505
134	34	0.798605
134	61	1.92768
134	92	0.776263
134	103	0.749196
134	117	0.719709
134	118	0.7814
134	121	0.74518
134	122	2.29319
134	124	0.772429
134	125	0.710621
134	133	0.767534
134	141	0.757968
134	143	1.92985
134	144	0.722049
134	145	0.714787
134	146	0.762022
134	147	0.703978
134	148	0.73685
134	149	2.34513
134	156	2.25927
134	157	1.80874
134	158	0.732591
134	163	0.705013
134	167	0.690019
134	168	0.723244
134	169	0.694287
134	170	0.696246
134	172	0.708292
134	173	0.707481
134	174	0.708498
134	175	0.677923
134	176	0.671496
134	178	0.694334
