1	19	1.08897
1	38	1.15526
1	47	1.30132
1	63	1.11538
1	79	1.17458
1	81	1.24807
1	84	1.24872
1	85	1.24915
1	142	0.587643
1	144	1.36553
1	158	0.747188
1	180	1.63131
2	28	0.471152
2	109	1.20276
2	110	1.07235
2	111	1.27016
2	113	1.17836
2	115	1.17865
2	117	1.24099
2	120	1.21455
2	133	1.5907
2	147	0.786459
2	152	1.21542
2	168	1.31325
3	5	1.16304
3	21	0.819292
3	35	1.21045
3	62	1.17736
3	64	1.17666
3	65	1.25618
3	125	1.24528
3	127	1.24438
3	128	1.14245
3	168	0.732277
3	170	1.28661
3	180	1.33824
4	95	0.531314
4	99	1.20816
4	109	1.2116
4	110	1.08119
4	113	1.18719
4	115	1.18749
4	117	1.24982
4	120	1.22338
4	132	0.652011
4	136	1.00866
4	152	1.22426
4	179	1.80657
5	3	1.16304
5	13	1.16282
5	17	1.16282
5	35	1.03708
5	62	1.00399
5	64	1.00328
5	65	1.08281
5	127	1.07101
5	128	0.969076
5	154	0.649425
5	168	0.978379
5	169	2.06991
6	10	1.09368
6	27	1.20786
6	37	1.17035
6	55	1.2582
6	59	1.12085
6	60	1.40685
6	78	1.16963
6	127	1.19045
6	147	0.761929
6	150	0.460054
6	172	1.20886
6	177	1.57174
7	15	1.24963
7	16	1.24918
7	44	1.14613
7	52	1.2417
7	53	1.11603
7	73	1.19583
7	80	0.544694
7	112	0.797512
7	134	1.1905
7	145	1.24346
7	150	0.792375
7	156	1.68654
8	9	1.12933
8	38	1.17325
8	45	1.16759
8	63	1.13337
8	79	1.19258
8	81	1.26607
8	84	1.26672
8	85	1.26714
8	134	0.599297
8	140	0.500129
8	170	1.49087
8	174	1.76078
9	8	1.12933
9	11	1.13501
9	19	0.953113
9	45	1.01374
9	57	0.729445
9	63	0.979525
9	79	1.03873
9	81	1.11222
9	84	1.11287
9	85	1.1133
9	150	1.25258
9	151	1.49858
10	6	1.09368
10	32	1.05035
10	33	0.946702
10	55	1.12332
10	59	0.985966
10	60	1.27197
10	76	1.0418
10	78	1.03475
10	127	1.05557
10	154	1.02631
10	161	1.34991
10	172	1.2754
11	9	1.13501
11	19	1.11264
11	23	0.58724
11	45	1.17327
11	63	1.13905
11	79	1.19826
11	81	1.27175
11	84	1.2724
11	85	1.27283
11	168	0.99609
11	178	1.17532
11	180	1.60205
12	91	1.24319
12	99	1.20948
12	109	1.21291
12	110	1.0825
12	113	1.18851
12	115	1.1888
12	118	0.720637
12	120	1.22469
12	129	1.05045
12	140	1.03653
12	152	1.22557
12	158	1.19477
13	5	1.16282
13	35	1.21023
13	62	1.17714
13	64	1.17644
13	65	1.25597
13	125	1.24506
13	127	1.24416
13	128	1.14223
13	132	0.748002
13	136	1.10465
13	150	0.660893
13	161	1.48421
14	17	1.00169
14	21	1.12187
14	145	0.576952
14	166	0.945291
14	172	0.990815
14	174	0.923293
14	175	0.967212
14	176	0.920314
14	177	0.941844
14	178	0.955863
14	179	0.930357
14	180	0.926061
15	7	1.24963
15	18	1.25914
15	44	1.15752
15	46	1.16386
15	53	1.12741
15	73	1.20721
15	119	0.741166
15	134	1.20188
15	136	0.845907
15	145	1.25484
15	148	1.13751
15	159	1.30005
16	7	1.24918
16	44	1.15707
16	46	1.16341
16	52	1.25263
16	53	1.12696
16	73	1.20676
16	104	0.689515
16	134	1.20143
16	145	1.25439
16	162	1.06339
16	163	1.15044
16	164	1.12577
17	5	1.16282
17	14	1.00169
17	35	1.21023
17	62	1.17714
17	64	1.17644
17	65	1.25597
17	125	1.24506
17	127	1.24416
17	128	1.14223
17	132	0.58683
17	141	0.707243
17	168	1.32839
18	15	1.25914
18	28	0.632232
18	44	1.15565
18	46	1.16199
18	51	1.44866
18	52	1.25121
18	53	1.12554
18	73	1.20534
18	102	0.729336
18	134	1.20001
18	145	1.25297
18	153	0.867256
19	1	1.08897
19	9	0.953113
19	11	1.11264
19	38	0.997037
19	47	1.1431
19	79	1.01636
19	81	1.08985
19	84	1.0905
19	85	1.09093
19	150	0.529667
19	163	1.14527
19	180	1.96429
20	110	1.07206
20	111	1.26987
20	113	1.17806
20	115	1.17836
20	117	1.24069
20	120	1.21425
20	146	1.20862
20	151	0.499139
20	152	1.21513
20	165	0.866903
20	177	1.36483
20	178	1.26104
21	3	0.819292
21	14	1.12187
21	39	1.08401
21	114	1.14904
21	166	0.934528
21	174	0.912529
21	175	0.956448
21	176	0.909551
21	177	0.93108
21	178	0.9451
21	179	0.919594
21	180	0.915297
22	41	1.0479
22	61	1.00463
22	69	1.08899
22	71	0.983483
22	88	1.00961
22	93	1.09369
22	94	1.05062
22	96	1.04834
22	107	1.05745
22	114	1.03746
22	131	0.752609
22	176	1.70015
22	180	1.46797
23	11	0.58724
23	107	0.561419
23	117	0.267407
23	145	0.24724
23	165	1.24324
23	166	1.15412
23	170	1.15837
23	173	1.15529
23	176	1.12915
23	177	1.15068
23	178	1.16469
23	179	1.13919
23	180	1.13489
24	33	0.432696
24	41	0.0295699
24	116	0.0612046
24	120	0.33786
24	158	1.28183
24	169	1.12886
24	173	1.15085
24	174	1.12768
24	175	1.1716
24	177	1.14623
24	178	1.16025
24	179	1.13474
24	180	1.13045
25	30	0.277038
25	65	0.157133
25	77	0.0806755
25	79	0.410297
25	88	1.23461
25	94	1.27563
25	96	1.27335
25	107	1.28246
25	171	1.08476
25	177	1.072
25	178	1.08602
25	179	1.06051
25	180	1.05622
26	31	1.20354
26	67	1.13995
26	68	1.03417
26	74	1.12625
26	82	1.15241
26	105	1.16473
26	122	1.22331
26	129	1.08438
26	132	0.765302
26	134	0.865652
26	145	1.24783
26	163	1.12586
26	172	1.427
27	6	1.20786
27	33	1.06089
27	37	1.14966
27	55	1.2375
27	59	1.10015
27	76	1.15598
27	78	1.14893
27	95	0.4681
27	98	1.15734
27	127	1.16976
27	128	1.33471
27	163	1.11729
27	168	1.33036
28	2	0.471152
28	18	0.632232
28	72	0.347888
28	105	0.437058
28	166	1.1569
28	171	1.16622
28	172	1.20243
28	175	1.17882
28	176	1.13193
28	177	1.15346
28	178	1.16748
28	179	1.14197
28	180	1.13767
29	34	1.09092
29	48	1.01838
29	49	1.06976
29	67	0.98468
29	90	1.08841
29	105	1.00946
29	122	1.06804
29	145	1.09256
29	152	1.04502
29	153	0.683625
29	159	1.61199
29	163	0.970589
29	172	1.46289
30	25	0.277038
30	109	1.15724
30	110	1.02683
30	111	1.22464
30	113	1.13283
30	115	1.13313
30	117	1.19546
30	120	1.16902
30	136	0.891656
30	146	1.16339
30	152	1.1699
30	175	1.18824
30	178	1.4558
31	26	1.20354
31	43	1.14637
31	82	1.10897
31	90	1.20024
31	105	1.12129
31	122	1.17987
31	137	0.811005
31	145	1.20438
31	151	0.719703
31	152	1.15685
31	163	1.08242
31	164	1.06463
31	177	1.58539
32	10	1.05035
32	37	1.12703
32	55	1.21487
32	59	1.07752
32	60	1.36352
32	75	1.63967
32	76	1.13335
32	78	1.1263
32	95	0.55647
32	98	1.13471
32	127	1.14712
32	134	0.777517
32	167	1.15884
33	10	0.946702
33	24	0.432696
33	27	1.06089
33	36	0.999275
33	37	1.02338
33	59	0.973871
33	60	1.25987
33	76	1.0297
33	78	1.02266
33	98	1.03106
33	127	1.04348
33	128	1.41474
33	178	1.58962
34	29	1.09092
34	68	1.03338
34	74	1.12545
34	82	1.15162
34	90	1.24289
34	122	1.22252
34	126	1.20211
34	128	1.01995
34	138	0.873201
34	152	1.1995
34	163	1.12506
34	172	0.935724
34	179	1.42859
35	3	1.21045
35	5	1.03708
35	13	1.21023
35	17	1.21023
35	62	1.0514
35	64	1.0507
35	65	1.13023
35	93	1.16447
35	125	1.11933
35	128	1.01649
35	133	1.43757
35	137	0.668755
35	162	0.859997
35	173	1.47101
36	33	0.999275
36	37	1.08805
36	55	1.17589
36	60	1.32454
36	66	1.1151
36	76	1.09437
36	77	1.09095
36	116	1.08853
36	121	1.11765
36	146	1.10227
36	154	0.755046
36	155	1.08096
36	170	1.63834
36	172	1.00414
37	6	1.17035
37	27	1.14966
37	32	1.12703
37	33	1.02338
37	36	1.08805
37	55	1.19999
37	59	1.06264
37	76	1.11847
37	78	1.11143
37	125	0.466224
37	127	1.13225
37	144	1.29126
37	167	0.691184
37	169	2.0426
38	1	1.15526
38	8	1.17325
38	19	0.997037
38	45	1.05767
38	47	1.20939
38	63	1.02345
38	79	1.08265
38	81	1.15614
38	84	1.15679
38	85	1.15722
38	112	0.59079
38	167	0.729688
38	169	2.0811
38	173	1.30047
39	21	1.08401
39	84	0.041248
39	86	0.716222
39	108	1.10727
39	110	0.839006
39	121	1.11414
39	123	1.16259
39	140	1.13612
39	146	1.09875
39	170	0.911677
39	171	0.916746
39	176	0.882454
39	179	0.892498
39	180	0.888201
40	54	1.05218
40	77	1.09805
40	97	1.10311
40	101	1.08218
40	103	1.13786
40	106	1.19649
40	108	1.11788
40	114	1.10505
40	121	1.12474
40	123	1.1732
40	131	0.690479
40	165	0.584969
40	174	1.62413
40	176	1.63802
41	22	1.0479
41	24	0.0295699
41	56	1.09137
41	58	1.10144
41	61	1.10959
41	88	1.11457
41	94	1.15558
41	96	1.1533
41	98	1.14019
41	104	1.14709
41	107	1.16241
41	143	0.953345
41	157	1.2756
41	174	1.83152
42	113	0.481394
42	122	0.659656
42	139	1.22691
42	152	0.466934
42	167	1.06674
42	168	1.05182
42	172	1.03264
42	174	0.965122
42	175	1.00904
42	176	0.962143
42	177	0.983673
42	178	0.997693
42	179	0.972187
42	180	0.96789
43	31	1.14637
43	48	1.11648
43	68	0.977006
43	86	1.12297
43	105	1.10756
43	119	0.846468
43	122	1.16615
43	125	0.851267
43	126	1.14574
43	145	1.19066
43	149	1.00485
43	152	1.14312
43	163	1.06869
43	179	1.74912
44	7	1.14613
44	15	1.15752
44	16	1.15707
44	18	1.15565
44	46	1.06036
44	52	1.14958
44	53	1.02391
44	73	1.10371
44	100	0.837829
44	134	1.09838
44	139	0.821371
44	145	1.15134
44	167	1.2551
44	175	1.42666
45	8	1.16759
45	9	1.01374
45	11	1.17327
45	38	1.05767
45	47	1.20373
45	57	0.63331
45	63	1.01779
45	79	1.07699
45	81	1.15048
45	84	1.15113
45	85	1.15156
45	92	1.0332
45	151	1.40244
45	153	1.12598
46	15	1.16386
46	16	1.16341
46	18	1.16199
46	44	1.06036
46	52	1.15592
46	53	1.03025
46	73	1.11005
46	86	1.08999
46	134	1.10472
46	135	0.858876
46	143	1.19628
46	145	1.15768
46	151	0.667529
46	179	1.6632
47	1	1.30132
47	19	1.1431
47	38	1.20939
47	45	1.20373
47	63	1.16951
47	79	1.22872
47	81	1.30221
47	84	1.30286
47	85	1.30328
47	92	0.652785
47	130	0.810918
47	134	0.963491
47	142	0.86636
47	162	1.30457
48	29	1.01838
48	43	1.11648
48	49	1.15169
48	90	1.17035
48	105	1.0914
48	122	1.14998
48	125	0.944543
48	126	1.12957
48	132	0.687834
48	145	1.17449
48	152	1.12696
48	163	1.05252
48	164	1.19165
48	178	1.60863
49	29	1.06976
49	48	1.15169
49	67	1.118
49	68	1.01222
49	74	1.10429
49	82	1.13046
49	105	1.14278
49	122	1.20136
49	141	0.649656
49	148	1.1775
49	152	1.17834
49	154	0.941848
49	163	1.10391
49	179	1.6838
50	54	1.06683
50	58	1.07872
50	69	1.17123
50	71	1.06573
50	94	1.13287
50	97	1.11776
50	107	1.1397
50	116	1.11028
50	118	0.602562
50	121	1.13939
50	123	1.18785
50	160	1.37223
50	167	1.09497
50	168	1.35486
51	18	1.44866
51	102	1.21817
51	133	1.02676
51	152	0.959851
51	169	0.879289
51	170	0.904349
51	171	0.909417
51	173	0.901272
51	175	0.922024
51	176	0.875126
51	177	0.896656
51	178	0.910675
51	179	0.885169
51	180	0.880873
52	7	1.2417
52	16	1.25263
52	18	1.25121
52	44	1.14958
52	46	1.15592
52	53	1.11948
52	73	1.19928
52	86	1.17922
52	131	1.04453
52	134	1.19395
52	141	0.532785
52	145	1.24691
52	151	0.571261
52	167	0.894041
52	176	1.99207
53	7	1.11603
53	15	1.12741
53	16	1.12696
53	18	1.12554
53	44	1.02391
53	46	1.03025
53	52	1.11948
53	73	1.0736
53	86	1.05355
53	119	0.952586
53	134	1.06828
53	142	0.703894
53	145	1.12124
53	157	1.71057
53	165	1.22733
54	40	1.05218
54	50	1.06683
54	66	1.09624
54	83	1.03958
54	101	1.05622
54	103	1.1119
54	106	1.17054
54	108	1.09192
54	116	1.06967
54	123	1.14724
54	130	0.691684
54	146	1.08341
54	153	0.626332
54	173	1.79635
54	175	1.39714
55	6	1.2582
55	10	1.12332
55	27	1.2375
55	32	1.21487
55	36	1.17589
55	37	1.19999
55	59	1.15049
55	76	1.20632
55	78	1.19927
55	112	0.569358
55	127	1.22009
55	135	1.00157
55	149	1.06162
55	163	1.17982
55	164	1.15515
56	41	1.09137
56	69	1.13246
56	71	1.02695
56	88	1.05308
56	93	1.13716
56	94	1.09409
56	95	0.959012
56	96	1.09181
56	98	1.0787
56	100	1.14411
56	104	1.0856
56	107	1.10092
56	114	1.08093
56	153	0.962134
56	154	1.49231
57	9	0.729445
57	45	0.63331
57	71	0.284926
57	73	0.19831
57	120	0.249046
57	135	1.37703
57	161	1.2433
57	166	1.17306
57	170	1.1773
57	172	1.21858
57	174	1.15106
57	175	1.19498
57	177	1.16961
57	179	1.15812
57	180	1.15382
58	41	1.10144
58	50	1.07872
58	61	1.05817
58	71	1.03702
58	88	1.06315
58	93	1.14723
58	94	1.10416
58	96	1.10188
58	104	1.09567
58	107	1.11099
58	114	1.091
58	137	0.5368
58	170	1.5825
58	172	0.948303
58	180	1.63413
59	6	1.12085
59	10	0.985966
59	27	1.10015
59	32	1.07752
59	33	0.973871
59	37	1.06264
59	55	1.15049
59	60	1.29914
59	75	1.56033
59	76	1.06897
59	78	1.06192
59	118	0.587093
59	127	1.08274
59	161	1.33403
59	165	1.12448
60	6	1.40685
60	10	1.27197
60	32	1.36352
60	33	1.25987
60	36	1.32454
60	59	1.29914
60	76	1.35497
60	78	1.34792
60	98	1.35633
60	112	0.481925
60	124	0.631619
60	132	0.563897
60	153	0.446323
60	155	1.30242
60	170	1.85979
61	22	1.00463
61	41	1.10959
61	58	1.05817
61	69	1.15068
61	71	1.04517
61	88	1.0713
61	94	1.11231
61	96	1.11003
61	98	1.09692
61	104	1.10382
61	107	1.11914
61	142	0.734747
61	147	0.946295
61	155	1.47005
61	175	1.38476
62	3	1.17736
62	5	1.00399
62	13	1.17714
62	17	1.17714
62	35	1.0514
62	64	1.01761
62	65	1.09714
62	93	1.13138
62	118	0.76578
62	125	1.08623
62	127	1.08533
62	128	0.983399
62	150	0.689406
62	165	1.30317
62	173	1.82896
63	1	1.11538
63	8	1.13337
63	9	0.979525
63	11	1.13905
63	38	1.02345
63	45	1.01779
63	47	1.16951
63	79	1.04277
63	80	0.613712
63	81	1.11626
63	84	1.11691
63	85	1.11734
63	138	0.977047
63	168	1.11943
63	169	2.21096
64	3	1.17666
64	5	1.00328
64	13	1.17644
64	17	1.17644
64	35	1.0507
64	62	1.01761
64	65	1.09643
64	93	1.13067
64	100	0.96664
64	125	1.08553
64	127	1.08463
64	128	0.982697
64	130	0.850019
64	162	1.34368
64	167	1.38391
65	3	1.25618
65	5	1.08281
65	13	1.25597
65	17	1.25597
65	25	0.157133
65	35	1.13023
65	62	1.09714
65	64	1.09643
65	93	1.2102
65	119	0.667011
65	125	1.16506
65	127	1.16415
65	128	1.06222
65	154	0.827705
65	156	1.22216
65	176	1.9948
66	36	1.1151
66	54	1.09624
66	70	1.16375
66	97	1.14717
66	103	1.18192
66	106	1.24055
66	108	1.16194
66	116	1.13969
66	118	0.583045
66	119	0.845691
66	121	1.1688
66	123	1.21726
66	146	1.15342
66	156	1.40084
66	158	1.05718
66	168	1.33534
67	26	1.13995
67	29	0.98468
67	49	1.118
67	68	0.927142
67	74	1.01922
67	82	1.04538
67	90	1.13665
67	105	1.0577
67	122	1.11628
67	129	0.82068
67	145	1.14079
67	148	1.14986
67	152	1.09326
67	156	1.30866
67	163	1.01883
67	177	1.52618
68	26	1.03417
68	34	1.03338
68	43	0.977006
68	49	1.01222
68	67	0.927142
68	74	0.913439
68	86	0.967327
68	90	1.03088
68	105	0.951923
68	122	1.01051
68	140	0.779968
68	145	1.03502
68	152	0.987484
68	163	0.91305
68	166	1.93419
68	170	1.7707
69	22	1.08899
69	50	1.17123
69	56	1.13246
69	61	1.15068
69	71	1.12953
69	88	1.15566
69	94	1.19667
69	96	1.19439
69	98	1.18127
69	100	0.606239
69	107	1.2035
69	114	1.18351
69	153	0.424268
69	162	0.983275
69	171	1.57512
69	177	1.56642
70	66	1.16375
70	77	1.1396
70	83	1.10709
70	95	0.459295
70	101	1.12373
70	103	1.17941
70	106	1.23805
70	108	1.15943
70	114	1.14661
70	116	1.13718
70	121	1.1663
70	123	1.21475
70	133	1.30043
70	139	0.661653
70	157	1.29132
70	176	1.86113
71	22	0.983483
71	50	1.06573
71	56	1.02695
71	57	0.284926
71	58	1.03702
71	61	1.04517
71	69	1.12953
71	88	1.05015
71	94	1.09116
71	96	1.08889
71	104	1.08267
71	107	1.098
71	114	1.078
71	119	1.14708
71	160	1.6541
71	162	1.3366
72	28	0.347888
72	83	1.107
72	97	1.14458
72	101	1.12364
72	103	1.17932
72	106	1.23796
72	108	1.15934
72	114	1.14652
72	116	1.13709
72	121	1.16621
72	123	1.21466
72	141	0.820899
72	142	0.703705
72	146	1.15083
72	156	1.50754
72	175	1.35372
73	7	1.19583
73	15	1.20721
73	16	1.20676
73	18	1.20534
73	44	1.10371
73	46	1.11005
73	52	1.19928
73	53	1.0736
73	57	0.19831
73	86	1.13334
73	112	0.726582
73	134	1.14808
73	139	0.856493
73	140	1.11371
73	145	1.20103
73	177	1.83313
74	26	1.12625
74	34	1.12545
74	49	1.10429
74	67	1.01922
74	68	0.913439
74	82	1.03168
74	86	1.0594
74	104	1.26863
74	122	1.10258
74	126	1.08217
74	139	1.24901
74	145	1.12709
74	150	1.11396
74	152	1.07956
74	153	1.08349
74	163	1.00512
75	32	1.63967
75	59	1.56033
75	110	0.887527
75	111	1.08534
75	117	1.05616
75	120	1.02972
75	133	0.959421
75	152	1.0306
75	160	0.898325
75	166	0.832769
75	167	0.912387
75	176	0.807792
75	177	0.829322
75	178	0.843341
75	179	0.817835
75	180	0.813538
76	10	1.0418
76	27	1.15598
76	32	1.13335
76	33	1.0297
76	36	1.09437
76	37	1.11847
76	55	1.20632
76	59	1.06897
76	60	1.35497
76	78	1.11775
76	98	1.12616
76	118	0.683896
76	127	1.13857
76	154	0.717419
76	160	1.06375
76	174	1.87063
76	179	1.45938
77	25	0.0806755
77	36	1.09095
77	40	1.09805
77	70	1.1396
77	83	1.08545
77	97	1.12303
77	101	1.10209
77	106	1.21641
77	108	1.13779
77	114	1.12497
77	116	1.11554
77	121	1.14466
77	123	1.19311
77	140	0.6438
77	168	1.0802
77	171	1.37192
77	176	1.91834
78	6	1.16963
78	10	1.03475
78	27	1.14893
78	32	1.1263
78	33	1.02266
78	37	1.11143
78	55	1.19927
78	59	1.06192
78	60	1.34792
78	76	1.11775
78	98	1.11911
78	112	0.761224
78	126	0.999143
78	127	1.13153
78	151	1.00208
78	153	0.725621
78	178	1.76399
79	1	1.17458
79	8	1.19258
79	9	1.03873
79	11	1.19826
79	19	1.01636
79	25	0.410297
79	38	1.08265
79	45	1.07699
79	47	1.22872
79	63	1.04277
79	81	1.17547
79	84	1.17612
79	85	1.17654
79	136	1.02492
79	143	1.35591
79	158	1.13166
79	162	1.1097
80	7	0.544694
80	63	0.613712
80	93	0.600832
80	96	0.214085
80	121	0.308088
80	164	1.22374
80	167	1.20425
80	170	1.12887
80	171	1.13394
80	173	1.1258
80	174	1.10263
80	175	1.14655
80	176	1.09965
80	177	1.12118
80	178	1.1352
80	179	1.1097
80	180	1.1054
81	1	1.24807
81	8	1.26607
81	9	1.11222
81	11	1.27175
81	19	1.08985
81	38	1.15614
81	45	1.15048
81	47	1.30221
81	63	1.11626
81	79	1.17547
81	84	1.24961
81	85	1.25003
81	125	0.578202
81	128	1.06741
81	136	0.678144
81	158	0.78489
81	163	0.849983
81	169	2.15458
82	26	1.15241
82	31	1.10897
82	34	1.15162
82	49	1.13046
82	67	1.04538
82	74	1.03168
82	90	1.14912
82	105	1.07016
82	122	1.12875
82	126	1.10834
82	145	1.15326
82	151	0.622498
82	152	1.10572
82	160	0.896902
82	163	1.03129
82	166	1.59735
82	174	1.70378
82	177	1.16255
83	54	1.03958
83	70	1.10709
83	72	1.107
83	77	1.08545
83	97	1.09052
83	101	1.06958
83	103	1.12526
83	106	1.1839
83	108	1.10528
83	116	1.08303
83	121	1.11215
83	123	1.1606
83	125	1.0544
83	134	0.898036
83	135	1.14792
83	142	0.800905
83	146	1.09677
83	159	1.60848
84	1	1.24872
84	8	1.26672
84	9	1.11287
84	11	1.2724
84	19	1.0905
84	38	1.15679
84	39	0.041248
84	45	1.15113
84	47	1.30286
84	63	1.11691
84	79	1.17612
84	81	1.24961
84	85	1.25068
84	144	1.16652
84	171	1.11805
84	177	1.10935
84	178	1.00557
84	179	1.23934
85	1	1.24915
85	8	1.26714
85	9	1.1133
85	11	1.27283
85	19	1.09093
85	38	1.15722
85	45	1.15156
85	47	1.30328
85	63	1.11734
85	79	1.17654
85	81	1.25003
85	84	1.25068
85	126	0.707603
85	135	0.901891
85	138	1.15083
85	141	0.672068
85	159	1.36244
85	175	1.20489
86	39	0.716222
86	43	1.12297
86	46	1.08999
86	52	1.17922
86	53	1.05355
86	68	0.967327
86	73	1.13334
86	74	1.0594
86	105	1.09788
86	122	1.15647
86	132	0.759748
86	134	1.12802
86	145	1.18098
86	150	0.672639
86	152	1.13345
86	163	1.05901
86	167	1.24142
86	171	1.79303
87	89	1.19729
87	91	1.15698
87	99	1.12327
87	109	1.1267
87	110	0.996294
87	111	1.1941
87	113	1.1023
87	115	1.1026
87	117	1.16493
87	120	1.13849
87	139	0.837455
87	146	1.13286
87	147	1.00428
87	150	0.702406
87	152	1.13936
87	155	1.52804
87	167	1.27118
88	22	1.00961
88	25	1.23461
88	41	1.11457
88	56	1.05308
88	58	1.06315
88	61	1.0713
88	69	1.15566
88	71	1.05015
88	93	1.16036
88	94	1.11729
88	96	1.11501
88	104	1.1088
88	107	1.12412
88	161	0.943968
88	164	0.711581
88	165	0.734416
88	169	2.04085
88	173	1.26021
89	87	1.19729
89	91	1.22915
89	92	0.450701
89	99	1.19544
89	109	1.19887
89	110	1.06846
89	111	1.26627
89	113	1.17447
89	115	1.17476
89	117	1.2371
89	120	1.21065
89	126	0.817005
89	131	1.29322
89	146	1.20502
89	150	0.573948
89	152	1.21153
89	164	1.16488
89	177	1.68563
90	29	1.08841
90	31	1.20024
90	34	1.24289
90	48	1.17035
90	67	1.13665
90	68	1.03088
90	82	1.14912
90	105	1.16143
90	122	1.22002
90	125	0.959248
90	126	1.19961
90	131	1.3347
90	134	0.802889
90	145	1.24453
90	149	1.11283
90	152	1.19699
90	153	0.584965
90	163	1.12256
90	175	1.35577
91	12	1.24319
91	87	1.15698
91	89	1.22915
91	99	1.15513
91	109	1.15856
91	110	1.02815
91	111	1.22596
91	113	1.13416
91	115	1.13445
91	117	1.19679
91	120	1.17034
91	146	1.16471
91	150	0.39671
91	152	1.17122
91	155	1.22234
91	158	0.947216
91	159	1.29461
91	161	1.22002
91	172	1.14551
92	45	1.0332
92	47	0.652785
92	89	0.450701
92	105	0.5793
92	111	0.316745
92	139	1.3023
92	155	1.12566
92	167	1.14212
92	169	1.04169
92	170	1.06675
92	172	1.10803
92	173	1.06367
92	174	1.0405
92	175	1.08442
92	176	1.03753
92	177	1.05906
92	178	1.07308
92	179	1.04757
92	180	1.04327
93	22	1.09369
93	35	1.16447
93	56	1.13716
93	58	1.14723
93	62	1.13138
93	64	1.13067
93	65	1.2102
93	80	0.600832
93	88	1.16036
93	94	1.20137
93	96	1.19909
93	107	1.2082
93	124	1.00334
93	125	1.1993
93	127	1.1984
93	130	0.883399
93	134	1.03597
93	142	0.938841
93	147	1.15039
94	22	1.05062
94	25	1.27563
94	41	1.15558
94	50	1.13287
94	56	1.09409
94	58	1.10416
94	61	1.11231
94	69	1.19667
94	71	1.09116
94	88	1.11729
94	93	1.20137
94	98	1.14291
94	107	1.16513
94	114	1.14514
94	125	0.74612
94	136	0.846062
94	140	0.794568
94	163	1.0179
94	171	1.52269
94	173	1.54186
95	4	0.531314
95	27	0.4681
95	32	0.55647
95	56	0.959012
95	70	0.459295
95	107	0.633885
95	159	1.18162
95	167	1.21256
95	168	1.19764
95	169	1.11213
95	171	1.14226
95	172	1.17847
95	173	1.13411
95	174	1.11094
95	175	1.15486
95	176	1.10797
95	177	1.1295
95	178	1.14351
95	179	1.11801
95	180	1.11371
96	22	1.04834
96	25	1.27335
96	41	1.1533
96	56	1.09181
96	58	1.10188
96	61	1.11003
96	69	1.19439
96	71	1.08889
96	80	0.214085
96	88	1.11501
96	93	1.19909
96	98	1.14063
96	104	1.14753
96	107	1.16286
96	114	1.14286
96	132	0.548875
96	158	1.01227
96	171	1.58215
96	172	1.21057
96	178	1.46967
97	40	1.10311
97	50	1.11776
97	66	1.14717
97	72	1.14458
97	77	1.12303
97	83	1.09052
97	101	1.10716
97	103	1.16284
97	106	1.22147
97	108	1.14286
97	116	1.12061
97	121	1.14973
97	123	1.19818
97	135	0.774009
97	146	1.13434
97	148	1.07203
97	157	1.43367
97	161	1.15998
97	164	0.927591
97	175	1.077
98	27	1.15734
98	32	1.13471
98	33	1.03106
98	41	1.14019
98	56	1.0787
98	60	1.35633
98	61	1.09692
98	69	1.18127
98	76	1.12616
98	78	1.11911
98	94	1.14291
98	96	1.14063
98	107	1.14974
98	127	1.13993
98	138	0.824346
98	147	0.439941
98	164	0.728993
98	166	1.68456
98	177	1.24975
98	180	1.57269
99	4	1.20816
99	12	1.20948
99	87	1.12327
99	89	1.19544
99	91	1.15513
99	109	1.12485
99	110	0.99444
99	111	1.19225
99	113	1.10045
99	115	1.10074
99	117	1.16307
99	120	1.13663
99	126	0.789427
99	140	0.938637
99	143	1.32112
99	146	1.131
99	150	0.546371
99	152	1.13751
99	159	1.44427
99	160	1.39241
100	44	0.837829
100	56	1.14411
100	64	0.96664
100	69	0.606239
100	119	1.25098
100	145	0.226486
100	161	1.08523
100	164	1.11409
100	165	1.10409
100	167	1.0946
100	170	1.01923
100	171	1.0243
100	172	1.06051
100	173	1.01615
100	174	0.992983
100	175	1.0369
100	176	0.990004
100	177	1.01153
100	178	1.02555
100	179	1.00005
100	180	0.995751
101	40	1.08218
101	54	1.05622
101	70	1.12373
101	72	1.12364
101	77	1.10209
101	83	1.06958
101	97	1.10716
101	103	1.1419
101	106	1.20054
101	108	1.12192
101	114	1.1091
101	116	1.09967
101	121	1.12879
101	123	1.17724
101	124	0.83769
101	142	0.773186
101	146	1.11341
101	149	1.18026
101	153	0.652393
101	157	1.77986
101	164	1.27379
102	18	0.729336
102	51	1.21817
102	105	0.534162
102	109	0.387263
102	123	0.161781
102	146	0.400617
102	152	0.240522
102	160	1.14157
102	161	1.14626
102	165	1.16512
102	166	1.07601
102	168	1.14071
102	169	1.0552
102	171	1.08533
102	172	1.12154
102	174	1.05401
102	175	1.09793
102	176	1.05103
102	177	1.07256
102	178	1.08658
102	179	1.06108
102	180	1.05678
103	40	1.13786
103	54	1.1119
103	66	1.18192
103	70	1.17941
103	72	1.17932
103	83	1.12526
103	97	1.16284
103	101	1.1419
103	106	1.25622
103	108	1.1776
103	114	1.16478
103	116	1.15535
103	118	0.546061
103	121	1.18447
103	123	1.23292
103	134	0.657147
103	137	0.806988
103	146	1.16909
103	158	1.02019
103	160	1.31573
103	173	1.60924
103	175	1.21003
104	16	0.689515
104	41	1.14709
104	56	1.0856
104	58	1.09567
104	61	1.10382
104	71	1.08267
104	74	1.26863
104	88	1.1088
104	96	1.14753
104	107	1.15664
104	113	0.57804
104	116	0.364901
104	128	1.0449
104	145	0.229651
104	168	1.01433
104	169	0.928816
104	170	0.953876
104	172	0.995155
104	176	0.924653
104	178	0.960203
104	179	0.934697
104	180	0.9304
105	26	1.16473
105	28	0.437058
105	29	1.00946
105	31	1.12129
105	43	1.10756
105	48	1.0914
105	49	1.14278
105	67	1.0577
105	68	0.951923
105	82	1.07016
105	86	1.09788
105	90	1.16143
105	92	0.5793
105	102	0.534162
105	122	1.14106
105	126	1.12066
105	130	0.737433
105	145	1.16557
105	152	1.11804
105	163	1.04361
105	172	1.45135
105	173	1.8421
106	40	1.19649
106	54	1.17054
106	66	1.24055
106	70	1.23805
106	72	1.23796
106	77	1.21641
106	83	1.1839
106	97	1.22147
106	101	1.20054
106	103	1.25622
106	108	1.23624
106	116	1.21399
106	118	0.510926
106	121	1.2431
106	123	1.29156
106	139	0.569602
106	141	0.642075
106	146	1.22772
106	149	0.931953
106	160	1.2806
106	162	0.963095
106	163	1.05015
106	180	1.86918
107	22	1.05745
107	23	0.561419
107	25	1.28246
107	41	1.16241
107	50	1.1397
107	56	1.10092
107	58	1.11099
107	61	1.11914
107	69	1.2035
107	71	1.098
107	88	1.12412
107	93	1.2082
107	94	1.16513
107	95	0.633885
107	96	1.16286
107	98	1.14974
107	104	1.15664
107	112	0.67261
107	114	1.15197
107	139	0.802522
107	149	1.16487
107	165	1.28123
107	172	1.41628
108	39	1.10727
108	40	1.11788
108	54	1.09192
108	66	1.16194
108	70	1.15943
108	72	1.15934
108	77	1.13779
108	83	1.10528
108	97	1.14286
108	101	1.12192
108	103	1.1776
108	106	1.23624
108	116	1.13537
108	121	1.16449
108	123	1.21294
108	126	0.483712
108	135	0.678
108	146	1.14911
108	147	0.54253
108	164	0.831582
108	166	1.78715
108	179	1.48233
108	180	1.67528
109	2	1.20276
109	4	1.2116
109	12	1.21291
109	30	1.15724
109	87	1.1267
109	89	1.19887
109	91	1.15856
109	99	1.12485
109	102	0.387263
109	110	0.997873
109	111	1.19568
109	113	1.10388
109	115	1.10417
109	117	1.16651
109	120	1.14007
109	126	0.798705
109	137	0.892949
109	141	0.76317
109	146	1.13444
109	152	1.14094
109	161	1.37896
109	164	1.14658
109	171	1.67603
110	2	1.07235
110	4	1.08119
110	12	1.0825
110	20	1.07206
110	30	1.02683
110	39	0.839006
110	75	0.887527
110	87	0.996294
110	89	1.06846
110	91	1.02815
110	99	0.99444
110	109	0.997873
110	111	1.06527
110	113	0.973469
110	115	0.973765
110	117	1.0361
110	120	1.00966
110	130	0.83031
110	146	1.00403
110	147	1.0973
110	152	1.01053
110	167	1.3642
110	179	2.03709
111	2	1.27016
111	20	1.26987
111	30	1.22464
111	75	1.08534
111	87	1.1941
111	89	1.26627
111	91	1.22596
111	92	0.316745
111	99	1.19225
111	109	1.19568
111	110	1.06527
111	113	1.17128
111	115	1.17158
111	117	1.23391
111	120	1.20747
111	141	0.647514
111	146	1.20184
111	149	0.937392
111	150	0.439992
111	152	1.20834
111	154	0.939706
111	157	1.537
111	163	1.05559
111	170	1.823
112	7	0.797512
112	38	0.59079
112	55	0.569358
112	60	0.481925
112	73	0.726582
112	78	0.761224
112	107	0.67261
112	151	1.31217
112	157	1.15615
112	162	1.21936
112	164	1.21162
112	165	1.20163
112	166	1.11252
112	168	1.17721
112	170	1.11676
112	172	1.15804
112	173	1.11369
112	174	1.09052
112	175	1.13444
112	176	1.08754
112	177	1.10907
112	178	1.12309
112	180	1.09329
113	2	1.17836
113	4	1.18719
113	12	1.18851
113	20	1.17806
113	30	1.13283
113	42	0.481394
113	87	1.1023
113	89	1.17447
113	91	1.13416
113	99	1.10045
113	104	0.57804
113	109	1.10388
113	110	0.973469
113	111	1.17128
113	115	1.07977
113	117	1.1421
113	120	1.11566
113	137	0.760669
113	146	1.11003
113	148	1.15873
113	152	1.11654
113	160	1.26941
113	175	1.16371
113	178	1.43127
114	21	1.14904
114	22	1.03746
114	40	1.10505
114	56	1.08093
114	58	1.091
114	69	1.18351
114	70	1.14661
114	71	1.078
114	72	1.14652
114	77	1.12497
114	94	1.14514
114	96	1.14286
114	101	1.1091
114	103	1.16478
114	107	1.15197
114	116	1.12255
114	121	1.15167
114	123	1.20012
114	154	0.733066
114	155	1.05898
114	158	0.783859
114	163	0.848952
114	171	1.35374
114	177	1.34504
115	2	1.17865
115	4	1.18749
115	12	1.1888
115	20	1.17836
115	30	1.13313
115	87	1.1026
115	89	1.17476
115	91	1.13445
115	99	1.10074
115	109	1.10417
115	110	0.973765
115	111	1.17158
115	113	1.07977
115	117	1.1424
115	120	1.11596
115	124	0.637103
115	131	0.884457
115	133	1.2713
115	146	1.11033
115	152	1.11683
115	168	0.993853
115	170	1.54819
115	172	0.913987
115	174	1.81811
116	24	0.0612046
116	36	1.08853
116	50	1.11028
116	54	1.06967
116	66	1.13969
116	70	1.13718
116	72	1.13709
116	77	1.11554
116	83	1.08303
116	97	1.12061
116	101	1.09967
116	103	1.15535
116	104	0.364901
116	106	1.21399
116	108	1.13537
116	114	1.12255
116	121	1.14224
116	123	1.19069
116	141	0.417751
116	146	1.12686
116	173	1.34979
116	174	1.86315
116	178	1.21813
116	180	1.64486
117	2	1.24099
117	4	1.24982
117	20	1.24069
117	23	0.267407
117	30	1.19546
117	75	1.05616
117	87	1.16493
117	89	1.2371
117	91	1.19679
117	99	1.16307
117	109	1.16651
117	110	1.0361
117	111	1.23391
117	113	1.1421
117	115	1.1424
117	120	1.17829
117	146	1.17266
117	152	1.17917
117	153	0.616378
117	158	0.923967
117	159	1.27136
117	161	1.19677
117	162	0.902003
117	165	0.987223
117	166	1.91995
118	12	0.720637
118	50	0.602562
118	59	0.587093
118	62	0.76578
118	66	0.583045
118	76	0.683896
118	103	0.546061
118	106	0.510926
118	149	1.29805
118	155	1.21486
118	159	1.20037
118	160	1.21725
118	167	1.23132
118	168	1.2164
118	169	1.13088
118	171	1.16101
118	172	1.19722
118	173	1.15287
118	174	1.1297
118	175	1.17362
118	176	1.12672
118	177	1.14825
118	178	1.16227
118	179	1.13676
118	180	1.13247
119	15	0.741166
119	43	0.846468
119	53	0.952586
119	65	0.667011
119	66	0.845691
119	71	1.14708
119	100	1.25098
119	124	1.26739
119	156	1.05952
119	160	1.0595
119	164	1.09305
119	165	1.08306
119	166	0.993948
119	167	1.07357
119	168	1.05865
119	169	0.973133
119	170	0.998193
119	171	1.00326
119	173	0.995117
119	174	0.971949
119	175	1.01587
119	176	0.96897
119	177	0.9905
119	178	1.00452
119	179	0.979014
119	180	0.974717
120	2	1.21455
120	4	1.22338
120	12	1.22469
120	20	1.21425
120	24	0.33786
120	30	1.16902
120	57	0.249046
120	75	1.02972
120	87	1.13849
120	89	1.21065
120	91	1.17034
120	99	1.13663
120	109	1.14007
120	110	1.00966
120	111	1.20747
120	113	1.11566
120	115	1.11596
120	117	1.17829
120	124	0.641717
120	137	0.824185
120	146	1.14622
120	152	1.15273
120	158	1.03739
120	164	1.07781
120	171	1.60727
120	176	2.1537
121	36	1.11765
121	39	1.11414
121	40	1.12474
121	50	1.13939
121	66	1.1688
121	70	1.1663
121	72	1.16621
121	77	1.14466
121	80	0.308088
121	83	1.11215
121	97	1.14973
121	101	1.12879
121	103	1.18447
121	106	1.2431
121	108	1.16449
121	114	1.15167
121	116	1.14224
121	123	1.21981
121	129	0.961952
121	146	1.15597
121	151	0.801767
121	153	0.525304
121	155	1.3814
121	156	1.44993
121	165	1.16953
121	175	1.29611
122	26	1.22331
122	29	1.06804
122	31	1.17987
122	34	1.22252
122	42	0.659656
122	43	1.16615
122	48	1.14998
122	49	1.20136
122	67	1.11628
122	68	1.01051
122	74	1.10258
122	82	1.12875
122	86	1.15647
122	90	1.22002
122	105	1.14106
122	124	0.756462
122	126	1.17924
122	138	1.28791
122	139	0.736679
122	141	0.809152
122	145	1.22416
122	152	1.17662
122	162	1.13017
122	163	1.10219
122	165	1.21539
122	175	1.34197
123	39	1.16259
123	40	1.1732
123	50	1.18785
123	54	1.14724
123	66	1.21726
123	70	1.21475
123	72	1.21466
123	77	1.19311
123	83	1.1606
123	97	1.19818
123	101	1.17724
123	102	0.161781
123	103	1.23292
123	106	1.29156
123	108	1.21294
123	114	1.20012
123	116	1.19069
123	121	1.21981
123	128	1.16319
123	139	0.465216
123	141	0.537688
123	143	1.10492
123	144	1.49902
123	146	1.20443
123	155	1.1558
123	156	1.22433
123	178	1.33807
124	60	0.631619
124	93	1.00334
124	101	0.83769
124	115	0.637103
124	119	1.26739
124	120	0.641717
124	122	0.756462
124	127	0.463659
124	154	1.20554
124	155	1.09455
124	157	1.07502
124	161	1.10164
124	162	1.13823
124	164	1.1305
124	165	1.1205
124	167	1.11101
124	168	1.09609
124	170	1.03564
124	171	1.04071
124	173	1.03256
124	174	1.00939
124	175	1.05331
124	176	1.00641
124	177	1.02794
124	178	1.04196
124	179	1.01646
124	180	1.01216
125	3	1.24528
125	13	1.24506
125	17	1.24506
125	35	1.11933
125	37	0.466224
125	43	0.851267
125	48	0.944543
125	62	1.08623
125	64	1.08553
125	65	1.16506
125	81	0.578202
125	83	1.0544
125	90	0.959248
125	93	1.1993
125	94	0.74612
125	127	1.15325
125	128	1.05132
125	149	1.1024
125	157	0.999683
125	158	1.0882
125	171	0.965366
125	173	0.95722
125	174	0.934053
125	175	0.977972
125	177	0.952604
125	178	0.966624
125	179	0.941118
125	180	0.936821
126	34	1.20211
126	43	1.14574
126	48	1.12957
126	74	1.08217
126	78	0.999143
126	82	1.10834
126	85	0.707603
126	89	0.817005
126	90	1.19961
126	99	0.789427
126	105	1.12066
126	108	0.483712
126	109	0.798705
126	122	1.17924
126	138	1.11039
126	146	0.812059
126	152	1.15622
126	163	1.08178
126	164	1.0575
126	165	1.0475
126	169	0.937575
126	172	1.00391
126	174	0.936391
126	175	0.98031
126	176	0.933412
126	177	0.954942
126	178	0.968962
126	179	0.943456
126	180	0.939159
127	3	1.24438
127	5	1.07101
127	6	1.19045
127	10	1.05557
127	13	1.24416
127	17	1.24416
127	27	1.16976
127	32	1.14712
127	33	1.04348
127	37	1.13225
127	55	1.22009
127	59	1.08274
127	62	1.08533
127	64	1.08463
127	65	1.16415
127	76	1.13857
127	78	1.13153
127	93	1.1984
127	98	1.13993
127	124	0.463659
127	125	1.15325
127	128	1.05042
127	129	0.715011
127	144	1.47768
127	149	0.806227
127	154	0.808541
127	160	1.15487
127	161	1.13214
127	165	0.922589
127	166	1.85532
128	3	1.14245
128	5	0.969076
128	13	1.14223
128	17	1.14223
128	27	1.33471
128	33	1.41474
128	34	1.01995
128	35	1.01649
128	62	0.983399
128	64	0.982697
128	65	1.06222
128	81	1.06741
128	104	1.0449
128	123	1.16319
128	125	1.05132
128	127	1.05042
128	143	0.978268
128	154	1.02736
128	159	0.90189
128	161	0.923468
128	168	0.917916
128	169	0.832403
128	170	0.857463
128	172	0.898742
128	173	0.854387
128	175	0.875138
128	176	0.828241
128	178	0.86379
128	179	0.838284
128	180	0.833987
129	12	1.05045
129	26	1.08438
129	67	0.82068
129	121	0.961952
129	127	0.715011
129	135	1.14017
129	143	1.06124
129	146	0.975186
129	148	1.07695
129	149	1.08254
129	151	1.13584
129	155	0.999352
129	156	1.00176
129	159	0.984864
129	161	1.00644
129	162	1.04303
129	164	1.0353
129	165	1.0253
129	166	0.936192
129	167	1.01581
129	168	1.00089
129	169	0.915377
129	170	0.940437
129	171	0.945506
129	172	0.981716
129	173	0.93736
129	177	0.932744
129	178	0.946764
129	179	0.921258
129	180	0.916961
130	47	0.810918
130	54	0.691684
130	64	0.850019
130	93	0.883399
130	105	0.737433
130	110	0.83031
130	144	1.12424
130	146	0.603889
130	148	1.15934
130	155	1.08175
130	157	1.06222
130	158	1.15074
130	160	1.08414
130	162	1.12542
130	164	1.11769
130	166	1.01859
130	168	1.08328
130	169	0.997771
130	170	1.02283
130	171	1.0279
130	172	1.06411
130	173	1.01975
130	174	0.996587
130	175	1.04051
130	176	0.993608
130	177	1.01514
130	178	1.02916
130	179	1.00365
130	180	0.999355
131	22	0.752609
131	40	0.690479
131	52	1.04453
131	89	1.29322
131	90	1.3347
131	115	0.884457
131	134	1.14954
131	143	1.08219
131	156	1.02271
131	158	1.08929
131	159	1.00581
131	160	1.0227
131	161	1.02739
131	162	1.06398
131	165	1.04625
131	166	0.95714
131	167	1.03676
131	168	1.02184
131	169	0.936326
131	170	0.961385
131	171	0.966454
131	172	1.00266
131	173	0.958309
131	174	0.935141
131	175	0.979061
131	176	0.932163
131	177	0.953693
131	178	0.967712
131	179	0.942206
131	180	0.937909
132	4	0.652011
132	13	0.748002
132	17	0.58683
132	26	0.765302
132	48	0.687834
132	60	0.563897
132	86	0.759748
132	96	0.548875
132	150	1.37202
132	152	0.496017
132	153	1.36342
132	154	1.2463
132	155	1.13531
132	156	1.13772
132	157	1.11578
132	159	1.12082
132	164	1.17126
132	165	1.16127
132	168	1.13685
132	169	1.05134
132	170	1.0764
132	171	1.08147
132	172	1.11768
132	173	1.07332
132	174	1.05015
132	175	1.09407
132	176	1.04718
132	177	1.06871
132	178	1.08272
132	179	1.05722
132	180	1.05292
133	2	1.5907
133	35	1.43757
133	51	1.02676
133	70	1.30043
133	75	0.959421
133	115	1.2713
133	153	1.17587
133	158	1.01675
133	159	0.933271
133	161	0.954849
133	162	0.991438
133	164	0.983705
133	165	0.973712
133	166	0.884599
133	167	0.964217
133	168	0.949297
133	169	0.863785
133	170	0.888844
133	171	0.893913
133	172	0.930123
133	173	0.885768
133	174	0.8626
133	175	0.90652
133	176	0.859622
133	177	0.881152
133	178	0.895171
133	179	0.869665
133	180	0.865368
134	7	1.1905
134	8	0.599297
134	15	1.20188
134	16	1.20143
134	18	1.20001
134	26	0.865652
134	32	0.777517
134	44	1.09838
134	46	1.10472
134	47	0.963491
134	52	1.19395
134	53	1.06828
134	73	1.14808
134	83	0.898036
134	86	1.12802
134	90	0.802889
134	93	1.03597
134	103	0.657147
134	131	1.14954
134	145	1.19571
134	160	1.01591
134	162	1.05719
134	166	0.950349
134	168	1.01505
134	170	0.954594
134	173	0.951518
134	174	0.92835
134	175	0.97227
134	176	0.925372
134	177	0.946902
134	178	0.960921
134	179	0.935415
134	180	0.931118
135	46	0.858876
135	55	1.00157
135	57	1.37703
135	83	1.14792
135	85	0.901891
135	97	0.774009
135	108	0.678
135	129	1.14017
135	152	0.846253
135	155	1.02509
135	156	1.0275
135	157	1.00556
135	158	1.09408
135	159	1.0106
135	160	1.02748
135	161	1.03218
135	164	1.06103
135	165	1.05104
135	166	0.961926
135	167	1.04154
135	168	1.02662
135	169	0.941112
135	170	0.966172
135	171	0.97124
135	172	1.00745
135	173	0.963095
135	174	0.939927
135	175	0.983847
135	176	0.936949
135	177	0.958479
135	178	0.972498
135	179	0.946992
135	180	0.942696
136	4	1.00866
136	13	1.10465
136	15	0.845907
136	30	0.891656
136	79	1.02492
136	81	0.678144
136	94	0.846062
136	138	1.12621
136	150	1.27408
136	155	1.03737
136	157	1.01785
136	158	1.10637
136	160	1.03977
136	161	1.04446
136	162	1.08105
136	164	1.07332
136	165	1.06333
136	166	0.974215
136	167	1.05383
136	168	1.03891
136	169	0.9534
136	170	0.97846
136	171	0.983529
136	172	1.01974
136	173	0.975384
136	174	0.952216
136	175	0.996136
136	176	0.949238
136	177	0.970768
136	178	0.984787
136	179	0.959281
136	180	0.954984
137	31	0.811005
137	35	0.668755
137	58	0.5368
137	103	0.806988
137	109	0.892949
137	113	0.760669
137	120	0.824185
137	143	1.13951
137	146	0.906303
137	151	1.21411
137	156	1.08003
137	157	1.05809
137	159	1.06313
137	160	1.08001
137	161	1.08471
137	162	1.1213
137	164	1.11356
137	165	1.10357
137	166	1.01446
137	167	1.09408
137	168	1.07916
137	169	0.993643
137	170	1.0187
137	171	1.02377
137	172	1.05998
137	173	1.01563
137	174	0.992459
137	175	1.03638
137	176	0.98948
137	177	1.01101
137	178	1.02503
137	179	0.999523
137	180	0.995227
138	34	0.873201
138	63	0.977047
138	85	1.15083
138	98	0.824346
138	122	1.28791
138	126	1.11039
138	136	1.12621
138	151	1.1096
138	152	1.09519
138	153	1.20122
138	155	0.973106
138	156	0.975518
138	158	1.0421
138	159	0.958618
138	160	0.975502
138	162	1.01678
138	163	1.03334
138	164	1.00905
138	165	0.999059
138	166	0.909946
138	167	0.989564
138	168	0.974644
138	169	0.889131
138	171	0.91926
138	172	0.95547
138	173	0.911115
138	174	0.887947
138	175	0.931866
138	176	0.884969
138	177	0.906498
138	178	0.920518
138	179	0.895012
138	180	0.890715
139	42	1.22691
139	44	0.821371
139	70	0.661653
139	73	0.856493
139	74	1.24901
139	87	0.837455
139	92	1.3023
139	106	0.569602
139	107	0.802522
139	122	0.736679
139	123	0.465216
139	140	1.22643
139	150	1.29761
139	153	1.28901
139	156	1.06331
139	158	1.12989
139	159	1.04641
139	160	1.0633
139	161	1.06799
139	162	1.10458
139	165	1.08685
139	167	1.07736
139	168	1.06244
139	169	0.976927
139	170	1.00199
139	171	1.00706
139	172	1.04327
139	173	0.99891
139	174	0.975743
139	175	1.01966
139	176	0.972764
139	177	0.994294
139	178	1.00831
139	179	0.982807
139	180	0.978511
140	8	0.500129
140	12	1.03653
140	39	1.13612
140	68	0.779968
140	73	1.11371
140	77	0.6438
140	94	0.794568
140	99	0.938637
140	139	1.22643
140	152	0.801174
140	155	1.0498
140	157	1.03027
140	158	1.11879
140	159	1.03531
140	160	1.0522
140	161	1.05689
140	162	1.09348
140	163	1.11003
140	164	1.08575
140	165	1.07575
140	166	0.986639
140	167	1.06626
140	168	1.05134
140	169	0.965824
140	170	0.990884
140	171	0.995953
140	172	1.03216
140	173	0.987808
140	174	0.96464
140	175	1.00856
140	176	0.961662
140	177	0.983192
140	178	0.997211
140	179	0.971705
140	180	0.967408
141	17	0.707243
141	49	0.649656
141	52	0.532785
141	72	0.820899
141	85	0.672068
141	106	0.642075
141	109	0.76317
141	111	0.647514
141	116	0.417751
141	122	0.809152
141	123	0.537688
141	154	1.28552
141	155	1.17453
141	157	1.155
141	158	1.24352
141	159	1.16004
141	160	1.17693
141	161	1.18162
141	162	1.21821
141	164	1.21048
141	165	1.20048
141	166	1.11137
141	167	1.19099
141	168	1.17607
141	169	1.09056
141	170	1.11562
141	171	1.12068
141	172	1.15689
141	173	1.11254
141	174	1.08937
141	175	1.13329
141	176	1.08639
141	177	1.10792
141	178	1.12194
141	179	1.09644
141	180	1.09214
142	1	0.587643
142	47	0.86636
142	53	0.703894
142	61	0.734747
142	72	0.703705
142	83	0.800905
142	93	0.938841
142	101	0.773186
142	149	1.176
142	152	0.499235
142	154	1.20379
142	155	1.09281
142	156	1.09522
142	157	1.07328
142	158	1.1618
142	159	1.07832
142	160	1.09521
142	161	1.0999
142	162	1.13649
142	164	1.12876
142	165	1.11876
142	166	1.02965
142	167	1.10927
142	168	1.09435
142	169	1.00883
142	171	1.03896
142	172	1.07517
142	173	1.03082
142	174	1.00765
142	175	1.05157
142	176	1.00467
142	177	1.0262
142	178	1.04022
142	179	1.01472
142	180	1.01042
143	41	0.953345
143	46	1.19628
143	79	1.35591
143	99	1.32112
143	123	1.10492
143	128	0.978268
143	129	1.06124
