1	29	1.04207
1	30	1.14294
1	58	0.818743
1	82	1.06454
1	94	1.22723
1	96	1.10445
1	104	0.666749
1	115	1.12989
1	122	1.2316
1	137	2.37443
1	141	1.13616
1	176	0.967463
2	27	1.35793
2	110	1.50669
2	117	0.950329
2	119	0.886043
2	146	0.926671
2	147	0.905907
2	159	2.16524
2	161	0.929532
2	167	0.934985
2	170	0.951566
2	173	0.952845
2	178	0.959708
3	71	0.938445
3	101	0.985409
3	136	0.974383
3	140	0.987257
3	154	1.74352
3	162	0.997915
3	164	0.725579
3	167	0.992812
3	170	1.00939
3	171	2.29321
3	173	1.01067
3	177	0.766501
4	14	0.72843
4	18	1.03238
4	26	1.06659
4	29	0.947657
4	53	1.91358
4	80	1.29045
4	82	0.970136
4	96	1.01004
4	114	1.63622
4	115	1.03548
4	164	0.739426
4	176	0.873054
5	81	0.956693
5	86	1.17867
5	99	0.746062
5	103	0.975607
5	106	1.58538
5	161	0.977387
5	165	2.24067
5	167	0.98284
5	170	0.999421
5	173	1.0007
5	177	0.756529
5	178	1.00756
6	15	0.5563
6	90	1.03929
6	112	1.14244
6	130	1.02325
6	146	0.525114
6	147	0.326487
6	148	1.07285
6	152	1.13174
6	153	1.03041
6	162	0.290195
6	166	0.982999
6	179	0.981924
7	68	0.883024
7	82	0.99342
7	133	1.02728
7	141	0.562161
7	152	1.01181
7	155	0.964416
7	158	0.888817
7	159	0.927844
7	161	0.639993
7	163	0.933091
7	171	0.861429
7	172	0.903732
8	20	1.05396
8	108	1.08458
8	154	1.07147
8	165	1.02972
8	167	0.264824
8	169	1.06692
8	170	0.204069
8	172	1.05023
8	173	0.221333
8	174	1.0022
8	175	1.06778
8	180	1.02463
9	39	0.662582
9	42	0.612906
9	51	1.09304
9	65	1.15988
9	82	1.0942
9	96	1.13411
9	115	1.15954
9	144	0.906478
9	148	0.716437
9	164	0.863491
9	176	0.997119
9	177	4.09379
10	94	1.87166
10	116	0.946346
10	127	1.02292
10	141	0.981831
10	143	0.964475
10	156	2.0951
10	157	0.942393
10	167	0.946742
10	170	0.963323
10	173	0.964603
10	177	0.720431
10	178	0.971465
11	14	0.699535
11	96	1.30775
11	132	0.885122
11	154	0.889214
11	157	1.3317
11	160	0.827339
11	168	0.853001
11	171	0.825671
11	172	0.867973
11	174	0.81995
11	175	0.88553
11	180	0.842379
12	45	0.858418
12	68	1.04012
12	114	1.15538
12	126	0.915775
12	133	1.18438
12	141	0.238346
12	146	0.473837
12	151	1.03199
12	160	1.02019
12	166	1.02015
12	170	0.130582
12	180	1.03523
13	18	1.11264
13	43	0.55277
13	44	2.00719
13	53	0.764229
13	65	1.11607
13	93	1.07704
13	98	1.10981
13	115	1.11574
13	139	0.798293
13	141	1.12201
13	176	0.953313
13	177	3.25404
14	4	0.72843
14	11	0.699535
14	34	0.857513
14	65	0.791275
14	94	0.681715
14	103	0.754887
14	135	0.655238
14	150	0.495653
14	163	0.681686
14	164	0.494886
14	173	0.779979
14	178	0.786841
15	6	0.5563
15	25	1.09733
15	34	1.18274
15	36	1.16157
15	37	0.761121
15	51	1.04965
15	82	1.05082
15	96	1.09072
15	164	0.82011
15	172	1.87289
15	175	1.82551
15	176	0.953738
16	35	0.314793
16	85	1.10562
16	119	0.667836
16	123	0.617256
16	140	0.625059
16	149	1.01048
16	151	0.982018
16	153	1.01759
16	160	0.970217
16	163	1.04021
16	169	1.02755
16	174	0.962828
16	180	0.985257
17	18	0.939191
17	34	0.718421
17	46	0.823869
17	111	0.893772
17	128	0.932415
17	151	0.900938
17	160	0.889137
17	163	0.95913
17	166	0.889099
17	168	0.914799
17	169	0.946466
17	171	0.887468
17	179	0.888025
18	4	1.03238
18	13	1.11264
18	17	0.939191
18	29	1.00707
18	67	1.01853
18	74	1.50907
18	92	1.04449
18	93	1.05619
18	96	1.06945
18	115	1.09489
18	139	0.777444
18	168	1.87657
18	176	0.932464
19	56	0.991215
19	74	1.15181
19	136	1.02395
19	139	0.753759
19	143	1.06012
19	157	1.03804
19	162	1.04749
19	163	1.22536
19	170	1.05897
19	173	1.06024
19	174	1.95294
19	175	1.49653
19	178	1.06711
20	8	1.05396
20	43	1.56335
20	47	1.01815
20	50	1.4431
20	116	1.00099
20	125	1.30747
20	138	1.02506
20	140	0.995827
20	157	0.997034
20	167	1.00138
20	170	1.01796
20	173	1.01924
20	178	1.02611
21	33	0.703311
21	73	1.18132
21	120	0.970392
21	151	1.00039
21	157	0.461071
21	160	0.988592
21	162	0.427052
21	166	0.988554
21	168	1.01425
21	171	0.986923
21	174	0.981202
21	178	0.395589
21	179	0.98748
22	33	1.01951
22	43	0.95914
22	113	1.02623
22	135	1.75487
22	144	0.806829
22	149	1.59848
22	154	1.52673
22	161	1.02562
22	162	1.03618
22	167	1.03108
22	170	1.04766
22	173	1.04894
22	178	1.0558
23	48	2.0822
23	85	1.36539
23	97	1.05537
23	105	0.989117
23	117	1.02137
23	119	0.957089
23	125	1.19819
23	133	1.24753
23	146	0.997717
23	157	1.00168
23	170	1.02261
23	173	1.02389
23	178	1.03075
24	32	1.38191
24	35	1.3134
24	40	0.644662
24	41	0.914738
24	48	0.664939
24	69	0.984787
24	92	1.04403
24	95	0.883688
24	107	0.85205
24	141	1.15887
24	144	4.72285
24	176	0.990181
24	177	0.897475
25	15	1.09733
25	51	1.01264
25	67	1.00279
25	76	1.1099
25	80	0.822286
25	82	1.01381
25	93	1.04046
25	114	1.16806
25	141	1.08542
25	142	1.40329
25	144	0.826085
25	166	2.4424
25	176	0.916726
26	4	1.06659
26	65	1.12943
26	82	1.06376
26	93	1.0904
26	98	1.12317
26	109	2.18111
26	110	0.536553
26	126	0.845439
26	139	0.811654
26	144	0.876033
26	150	0.833814
26	166	1.7242
26	174	1.86584
26	176	0.966674
27	2	1.35793
27	131	0.883805
27	141	0.537192
27	145	1.09052
27	154	1.01256
27	158	0.976403
27	165	0.970812
27	166	0.950646
27	169	1.00801
27	170	0.429428
27	172	0.991318
27	173	0.446693
27	179	0.949572
27	180	0.965724
28	73	1.03703
28	112	1.20138
28	118	1.00925
28	138	0.996196
28	140	0.966964
28	147	0.943442
28	148	1.74046
28	157	0.968171
28	161	0.967067
28	167	0.97252
28	168	2.12599
28	170	0.989101
28	173	0.99038
28	178	0.997243
29	1	1.04207
29	4	0.947657
29	18	1.00707
29	30	1.02322
29	36	1.05557
29	96	0.984727
29	98	1.00424
29	100	0.730703
29	115	1.01016
29	130	1.62045
29	141	1.01643
29	159	1.57093
29	160	2.20354
29	164	0.714112
30	1	1.14294
30	29	1.02322
30	67	1.03468
30	82	1.04569
30	106	0.781834
30	115	1.11104
30	120	2.23935
30	128	1.58958
30	131	0.864914
30	139	0.793593
30	141	1.11731
30	144	0.857972
30	164	0.814985
30	175	1.47373
31	84	0.903624
31	106	1.06988
31	117	0.571824
31	124	1.11766
31	150	0.844317
31	151	0.972158
31	154	1.02223
31	162	0.439232
31	164	0.843549
31	165	0.980486
31	175	1.01855
31	178	0.40777
31	179	0.959245
31	180	0.975397
32	24	1.38191
32	35	1.48808
32	40	0.819342
32	41	1.08942
32	131	6.48878
32	137	1.00747
32	141	1.33356
32	144	1.41573
32	148	0.645922
32	176	1.16486
32	177	1.07216
32	179	0.593185
33	21	0.703311
33	22	1.01951
33	49	1.04159
33	55	0.983534
33	61	0.792368
33	69	0.96712
33	105	1.01187
33	144	0.804537
33	157	1.02443
33	167	1.02878
33	169	1.6862
33	170	1.04536
33	178	1.05351
33	180	2.23349
34	14	0.857513
34	15	1.18274
34	17	0.718421
34	51	1.09805
34	58	0.853417
34	93	1.12587
34	98	1.15863
34	126	0.880902
34	135	1.69115
34	144	0.911496
34	149	1.53476
34	150	0.869277
34	164	0.868509
34	168	1.6558
35	16	0.314793
35	24	1.3134
35	32	1.48808
35	40	0.750838
35	41	1.02091
35	79	0.753916
35	109	1.09619
35	141	1.26505
35	144	4.43467
35	145	0.704653
35	176	1.09636
35	177	1.00365
35	180	0.884067
36	15	1.16157
36	29	1.05557
36	51	1.07689
36	52	0.877311
36	67	1.06703
36	82	1.07805
36	92	0.878135
36	93	1.1047
36	96	1.11796
36	115	1.1434
36	139	0.825951
36	145	1.01373
36	149	1.58917
36	165	1.65085
36	168	1.71021
37	15	0.761121
37	43	1.09607
37	56	0.887364
37	84	0.959407
37	131	0.859984
37	138	0.489321
37	149	0.967123
37	158	0.952583
37	160	0.926864
37	168	0.952526
37	169	0.984193
37	171	0.925195
37	172	0.967497
37	179	0.925752
37	180	0.941903
38	91	0.899165
38	94	0.995348
38	111	0.929961
38	112	1.08473
38	139	0.787126
38	153	0.972702
38	161	0.676006
38	163	0.995319
38	165	0.945454
38	167	0.551166
38	169	0.982655
38	170	0.49041
38	172	0.96596
38	174	0.917937
38	179	0.924214
39	9	0.662582
39	57	1.26483
39	90	0.944445
39	96	0.482136
39	100	1.10691
39	104	1.00178
39	116	0.685142
39	122	0.957111
39	137	0.902896
39	142	1.01073
39	168	0.913854
39	169	0.945521
39	171	0.886523
39	175	0.946382
39	179	0.88708
40	24	0.644662
40	32	0.819342
40	35	0.750838
40	41	1.11761
40	61	5.4
40	76	0.620792
40	95	1.00897
40	107	0.977329
40	109	1.06702
40	131	4.01122
40	141	0.596312
40	144	2.02675
40	171	1.66513
40	176	1.44662
40	177	1.35392
41	24	0.914738
41	32	1.08942
41	35	1.02091
41	40	1.11761
41	52	5.1
41	53	0.942041
41	90	1.1511
41	95	1.3021
41	99	7.2
41	107	1.2535
41	109	0.697524
41	133	0.663125
41	141	0.866388
41	176	0.697694
41	177	1.51688
42	9	0.612906
42	57	1.20939
42	84	0.881019
42	92	1.09683
42	130	0.924603
42	133	1.04857
42	135	0.927934
42	138	0.410933
42	142	1.00693
42	149	0.924648
42	151	0.89619
42	163	0.954382
42	169	0.941718
42	176	0.901209
42	179	0.883277
43	13	0.55277
43	20	1.56335
43	22	0.95914
43	37	1.09607
43	140	0.951024
43	151	0.920506
43	155	1.01002
43	156	0.950836
43	159	0.973451
43	160	0.908705
43	166	0.908667
43	169	0.966034
43	171	0.907037
43	172	0.949339
43	179	0.907593
44	13	2.00719
44	58	0.633482
44	69	0.952368
44	93	1.7388
44	128	0.808659
44	134	0.81273
44	142	0.887925
44	148	0.8552
44	163	0.835374
44	166	0.765344
44	171	0.763713
44	172	0.806015
44	175	0.823572
44	176	0.782202
44	180	0.780421
45	12	0.858418
45	59	0.900561
45	87	0.892748
45	91	0.936928
45	116	0.942091
45	129	0.908059
45	138	0.966163
45	146	0.934173
45	147	0.913409
45	152	1.40136
45	153	1.97161
45	159	1.96458
45	161	0.937035
45	167	0.942487
45	173	0.960348
45	178	0.96721
46	17	0.823869
46	49	1.03056
46	102	1.00643
46	113	1.0129
46	127	0.707186
46	136	0.999321
46	145	1.06476
46	147	0.988674
46	156	1.77937
46	161	1.0123
46	162	1.02285
46	167	1.01775
46	170	1.03433
46	173	1.03561
46	178	1.04247
46	179	2.28885
47	20	1.01815
47	50	1.27358
47	52	0.819854
47	78	0.971352
47	87	1.00738
47	108	1.46369
47	119	1.00818
47	129	1.02269
47	136	1.03869
47	143	1.07485
47	147	1.02804
47	148	1.76868
47	155	1.65742
47	161	1.05167
47	167	1.05712
47	173	1.07498
48	23	2.0822
48	24	0.664939
48	58	0.688056
48	62	0.999873
48	86	0.981864
48	101	0.977218
48	137	0.83466
48	140	1.57915
48	158	0.845675
48	160	0.819956
48	168	0.845618
48	172	0.86059
48	174	0.812567
48	175	0.878147
48	179	0.818844
48	180	0.834996
49	33	1.04159
49	46	1.03056
49	71	0.99879
49	75	1.00492
49	89	0.981747
49	97	1.1025
49	125	0.882544
49	139	0.764533
49	143	1.07089
49	148	1.51328
49	149	1.77777
49	152	1.09849
49	162	1.05826
49	173	1.07102
49	175	1.87604
49	178	1.07788
50	20	1.4431
50	47	1.27358
50	68	0.88994
50	74	0.953759
50	76	0.766837
50	100	1.08873
50	107	0.748703
50	133	1.0342
50	142	0.992557
50	158	0.895733
50	159	0.93476
50	160	0.870014
50	172	0.910648
50	174	0.862625
50	175	0.928204
50	177	0.794128
50	178	0.67008
51	9	1.09304
51	15	1.04965
51	25	1.01264
51	34	1.09805
51	36	1.07689
51	64	0.504665
51	76	1.06223
51	82	0.966136
51	93	0.992784
51	96	1.00604
51	98	1.02555
51	109	2.44641
51	125	0.681246
51	131	0.785355
51	150	0.736194
51	166	1.98951
51	180	2.07256
52	36	0.877311
52	41	5.1
52	47	0.819854
52	65	0.832238
52	68	0.672584
52	107	0.531346
52	109	0.669307
52	115	0.831901
52	117	0.818427
52	122	0.721576
52	135	0.696202
52	146	0.794768
52	155	0.753975
52	161	0.79763
52	169	0.709986
52	175	0.710848
52	176	0.669477
53	4	1.91358
53	13	0.764229
53	41	0.942041
53	110	1.00989
53	120	0.874504
53	130	0.932918
53	140	1.00643
53	148	0.982522
53	151	0.904505
53	159	0.95745
53	165	0.912832
53	171	0.891035
53	172	0.933337
53	174	0.885314
53	177	0.816818
53	179	0.891592
53	180	0.907743
54	75	0.98852
54	99	0.799976
54	102	1.02543
54	108	1.07896
54	117	1.0521
54	129	1.00233
54	135	1.80484
54	136	1.01832
54	146	1.02844
54	153	1.53942
54	157	1.0324
54	159	1.53238
54	163	1.47555
54	167	1.03675
54	170	1.05333
54	173	1.05461
54	177	0.810442
55	33	0.983534
55	66	0.681531
55	89	0.923688
55	91	0.989539
55	116	0.994703
55	118	1.03183
55	143	1.01283
55	145	1.17881
55	146	0.986785
55	147	0.966021
55	154	1.68251
55	157	0.99075
55	159	1.63819
55	160	2.2708
55	161	0.989646
55	173	1.01296
55	178	1.01982
56	19	0.991215
56	37	0.887364
56	88	1.19265
56	117	1.00452
56	129	0.95475
56	136	0.970749
56	138	1.01285
56	140	0.983623
56	143	1.00691
56	146	0.980865
56	152	1.17421
56	155	1.47773
56	161	0.983726
56	166	2.26653
56	167	0.989178
56	173	1.00704
56	178	1.0139
57	39	1.26483
57	42	1.20939
57	62	1.19365
57	89	0.926426
57	113	0.992987
57	121	1.51025
57	123	0.985548
57	127	1.32088
57	136	0.979407
57	138	1.02151
57	147	0.968759
57	157	0.993488
57	161	0.992384
57	162	1.00294
57	167	0.997836
57	173	1.0157
57	178	1.02256
58	1	0.818743
58	34	0.853417
58	44	0.633482
58	48	0.688056
58	115	0.786841
58	146	0.749709
58	149	0.647856
58	152	0.756305
58	156	0.649728
58	160	0.607597
58	162	0.763125
58	164	0.490789
58	168	0.633259
58	170	0.774604
58	172	0.648231
58	173	0.775883
58	180	0.622637
59	45	0.900561
59	62	1.06336
59	87	0.948683
59	89	0.927011
59	125	1.22839
59	129	0.963994
59	133	1.27773
59	138	1.0221
59	143	1.01616
59	161	0.99297
59	162	1.00353
59	163	1.95071
59	167	0.998422
59	170	1.015
59	172	2.26925
59	173	1.01628
59	177	0.772111
59	178	1.02315
60	78	0.557976
60	89	1.00672
60	92	0.908759
60	111	1.81958
60	117	1.09348
60	119	1.02919
60	123	1.06585
60	143	1.09587
60	145	1.04435
60	151	1.60474
60	157	1.07379
60	161	1.07268
60	162	1.08324
60	164	0.810902
60	167	1.07813
60	170	1.09472
60	173	1.096
60	179	2.26844
61	33	0.792368
61	40	5.4
61	80	0.872519
61	90	0.709761
61	98	0.826824
61	101	0.810769
61	107	0.532197
61	115	0.832752
61	117	0.819277
61	120	0.635308
61	126	0.549093
61	138	0.827609
61	154	0.715382
61	160	0.653508
61	170	0.820514
61	175	0.711698
61	176	0.670328
61	178	0.828656
62	48	0.999873
62	57	1.19365
62	59	1.06336
62	94	0.989436
62	96	0.410956
62	97	0.700216
62	101	1.07668
62	104	1.03301
62	111	0.92405
62	116	0.613962
62	134	0.966763
62	149	0.959674
62	153	0.96679
62	155	1.02073
62	174	0.912025
62	175	0.977605
62	177	0.843529
62	180	0.934454
63	66	1.09652
63	110	0.999295
63	129	1.02506
63	132	0.939887
63	138	0.7639
63	139	0.743904
63	154	0.943979
63	163	0.952097
63	164	0.765296
63	169	0.939433
63	171	0.880436
63	172	0.922738
63	173	0.678523
63	175	0.940295
63	178	0.738132
63	179	0.880992
63	180	0.897144
64	51	0.504665
64	97	0.688662
64	129	0.644805
64	134	1.05177
64	135	1.04796
64	138	0.383642
64	145	1.14425
64	147	0.425629
64	151	1.01622
64	152	1.15313
64	156	1.04655
64	162	0.389336
64	166	1.00438
64	168	1.03008
64	169	1.06175
64	171	1.00275
64	172	1.04505
64	174	0.997031
65	9	1.15988
65	13	1.11607
65	14	0.791275
65	26	1.12943
65	52	0.832238
65	67	1.02196
65	83	0.792511
65	93	1.05963
65	96	1.07289
65	100	0.814076
65	115	1.09832
65	126	0.814664
65	139	0.780878
65	149	1.77037
65	153	1.66134
65	163	1.59747
65	172	1.91601
65	176	0.935899
66	55	0.681531
66	63	1.09652
66	72	0.784109
66	74	1.03765
66	105	0.649758
66	110	1.0711
66	132	1.01169
66	133	1.11809
66	145	1.09374
66	149	0.994167
66	157	0.422432
66	159	1.01865
66	161	0.465673
66	165	0.974036
66	166	0.95387
66	167	0.340832
66	175	1.0121
66	179	0.952796
66	180	0.968948
67	18	1.01853
67	25	1.00279
67	30	1.03468
67	36	1.06703
67	65	1.02196
67	90	1.15507
67	93	0.98293
67	96	0.996187
67	98	1.0157
67	99	0.756027
67	115	1.02162
67	130	0.752493
67	131	0.7755
67	141	1.02789
67	150	0.72634
67	160	1.33558
67	166	1.23208
67	176	0.8592
67	177	3.9319
68	7	0.883024
68	12	1.04012
68	50	0.88994
68	52	0.672584
68	106	0.86895
68	127	0.97488
68	140	1.56512
68	142	0.881967
68	151	0.771225
68	153	0.8068
68	155	0.860742
68	159	0.82417
68	167	1.38831
68	168	0.785086
68	170	1.32756
68	171	0.757755
68	174	0.752034
68	179	0.758312
68	180	0.774463
69	24	0.984787
69	33	0.96712
69	44	0.952368
69	103	0.655137
69	116	0.903932
69	120	0.908284
69	130	0.966698
69	144	0.852663
69	149	0.966743
69	154	0.988358
69	156	0.968615
69	161	0.76812
69	163	0.996476
69	165	0.946612
69	166	0.926446
69	168	0.952146
69	169	0.983813
69	172	0.967117
69	179	0.925372
70	105	1.04323
70	121	0.610064
70	129	1.02572
70	131	0.842843
70	136	1.04172
70	138	1.08382
70	147	1.03107
70	157	1.0558
70	159	1.23765
70	161	1.05469
70	162	1.06525
70	167	1.06015
70	169	1.30251
70	170	1.07673
70	176	1.54829
70	177	0.833836
70	178	1.08487
70	179	2.00235
70	180	1.84981
71	3	0.938445
71	49	0.99879
71	73	0.566324
71	87	0.936241
71	116	0.985584
71	120	2.39814
71	138	1.00966
71	146	0.977666
71	150	0.719515
71	151	1.51919
71	161	0.980528
71	162	0.991083
71	167	0.98598
71	169	1.48305
71	170	1.00256
71	173	1.00384
71	174	2.08893
71	177	0.759669
71	178	1.0107
72	66	0.784109
72	78	0.795014
72	95	0.823089
72	112	1.05326
72	113	1.05834
72	119	1.01425
72	129	1.02876
72	140	1.05763
72	142	1.23077
72	147	1.03411
72	157	1.05884
72	161	1.05773
72	162	1.06829
72	166	2.26987
72	167	1.06319
72	173	1.08105
72	175	1.95511
72	177	0.836876
72	178	1.08791
73	21	1.18132
73	28	1.03703
73	71	0.566324
73	105	0.754561
73	118	0.421671
73	129	0.748683
73	130	0.972437
73	133	1.09641
73	145	1.07206
73	151	0.944023
73	152	1.08093
73	153	0.979598
73	159	0.996968
73	161	0.570475
73	165	0.95235
73	166	0.932185
73	169	0.989551
73	174	0.924833
73	179	0.93111
73	180	0.947262
74	18	1.50907
74	19	1.15181
74	50	0.953759
74	66	1.03765
74	98	0.926774
74	106	0.932768
74	110	0.940433
74	122	0.892161
74	131	0.756363
74	133	0.987428
74	148	0.913061
74	155	0.92456
74	160	0.823242
74	165	0.84337
74	171	0.821574
74	173	1.12362
74	174	0.815853
74	179	0.82213
74	180	0.838282
75	49	1.00492
75	54	0.98852
75	97	1.04145
75	108	1.198
75	117	1.00746
75	123	0.979826
75	124	0.973371
75	130	1.70094
75	134	1.55794
75	138	1.01579
75	140	0.986559
75	147	0.963037
75	153	1.65845
75	157	0.987766
75	162	0.997217
75	167	0.992114
75	169	1.71628
75	170	1.0087
75	173	1.00998
75	178	1.01684
76	25	1.1099
76	40	0.620792
76	50	0.766837
76	51	1.06223
76	98	1.12281
76	99	0.863139
76	111	1.72622
76	118	1.13664
76	125	0.631211
76	140	1.09436
76	141	1.13501
76	157	1.09557
76	159	1.41037
76	160	2.04298
76	167	1.09992
76	169	1.47523
76	176	0.966311
76	177	0.873605
76	178	1.12464
77	99	0.777156
77	108	0.938495
77	122	0.932428
77	123	0.990113
77	125	1.06051
77	137	0.878213
77	140	0.997916
77	143	0.980934
77	148	0.953328
77	156	0.90564
77	164	0.746701
77	165	0.883637
77	166	0.863471
77	171	0.861841
77	172	0.904143
77	174	0.85612
77	178	0.837229
77	179	0.862397
77	180	0.878549
78	47	0.971352
78	60	0.557976
78	72	0.795014
78	87	1.25351
78	105	0.660662
78	114	1.10419
78	132	1.02679
78	142	1.09155
78	144	0.895183
78	149	1.00926
78	160	0.969004
78	163	1.039
78	165	0.989132
78	166	0.968966
78	167	0.351737
78	171	0.967335
78	174	0.961614
78	175	1.02719
78	179	0.967892
78	180	0.984043
79	35	0.753916
79	83	0.717229
79	121	1.00612
79	132	0.901579
79	139	0.705596
79	145	0.983631
79	148	0.933615
79	153	0.891172
79	154	0.90567
79	155	0.945114
79	162	1.31875
79	165	0.863924
79	166	0.843758
79	170	1.21042
79	171	0.842127
79	175	0.901986
79	176	0.860616
79	178	1.28729
79	179	0.842684
79	180	0.858836
80	4	1.29045
80	25	0.822286
80	61	0.872519
80	87	1.10826
80	101	1.11577
80	103	0.218345
80	104	1.0721
80	118	0.182525
80	133	1.12269
80	134	1.00586
80	146	0.488988
80	158	0.984228
80	163	1.0285
80	166	0.958471
80	168	0.984171
80	171	0.95684
80	174	0.951119
80	175	1.0167
80	179	0.957397
80	180	0.973548
81	5	0.956693
81	83	0.737209
81	91	1.00864
81	112	0.72236
81	118	1.05093
81	123	1.00191
81	137	2.58886
81	138	1.03788
81	140	1.00865
81	145	0.950488
81	148	1.26144
81	150	0.747736
81	157	1.00985
81	161	1.00875
81	162	1.0193
81	167	1.0142
81	170	1.03078
81	173	1.03206
81	175	1.6242
81	178	1.03892
81	180	2.02203
82	1	1.06454
82	4	0.970136
82	7	0.99342
82	9	1.0942
82	15	1.05082
82	25	1.01381
82	26	1.06376
82	30	1.04569
82	36	1.07805
82	51	0.966136
82	92	1.18079
82	93	0.993949
82	98	1.02672
82	104	1.24707
82	115	1.03264
82	131	0.78652
82	135	2.04822
82	142	1.26576
82	144	0.779579
82	164	0.736592
82	165	1.9535
83	65	0.792511
83	79	0.717229
83	81	0.737209
83	86	0.774838
83	98	0.786247
83	114	0.748121
83	115	0.792174
83	126	0.508516
83	128	0.656208
83	131	0.546051
83	138	0.787031
83	139	0.47473
83	162	0.768458
83	170	0.779936
83	172	0.653564
83	173	0.781216
83	175	0.671121
83	178	0.788078
83	179	0.611818
83	180	0.62797
84	31	0.903624
84	37	0.959407
84	42	0.881019
84	102	1.07297
84	107	0.812559
84	117	1.09964
84	119	1.03535
84	123	1.07201
84	126	0.829455
84	127	0.992512
84	136	1.06587
84	138	1.10797
84	140	1.07874
84	142	1.29946
84	146	1.07598
84	147	1.05522
84	149	1.92553
84	155	1.54977
84	162	1.0894
84	164	0.817062
84	167	1.08429
84	178	1.10902
85	16	1.10562
85	23	1.36539
85	111	0.879531
85	117	0.865711
85	123	0.85454
85	129	0.988587
85	134	0.922244
85	135	0.918441
85	148	0.964715
85	150	0.758856
85	151	0.886697
85	156	0.917027
85	159	0.939642
85	165	0.895024
85	166	0.874858
85	168	0.900558
85	171	0.873227
85	173	0.642048
85	174	0.867506
85	175	0.933086
85	179	0.873784
85	180	0.889935
86	5	1.17867
86	48	0.981864
86	83	0.774838
86	101	1.05867
86	106	1.01093
86	112	1.06081
86	114	1.0366
86	116	0.673885
86	119	0.632815
86	125	1.09841
86	128	0.944683
86	136	0.594087
86	140	0.590038
86	143	0.573056
86	153	0.948781
86	163	0.971398
86	165	0.921533
86	168	0.927067
86	174	0.894016
86	175	0.959596
86	179	0.900293
86	180	0.916445
87	45	0.892748
87	47	1.00738
87	59	0.948683
87	71	0.936241
87	78	1.25351
87	80	1.10826
87	88	1.6545
87	102	0.979286
87	113	0.985759
87	116	0.990213
87	127	1.38231
87	129	0.95618
87	133	1.46945
87	140	0.985053
87	146	0.982295
87	152	1.63605
87	162	0.995711
87	164	0.723375
87	167	0.990608
87	170	1.00719
87	173	1.00847
87	178	1.01533
88	56	1.19265
88	87	1.6545
88	95	0.786099
88	103	0.764583
88	118	0.728762
88	120	0.857572
88	134	0.92312
88	135	0.919316
88	144	0.801951
88	152	1.02448
88	153	0.923147
88	155	0.97709
88	156	0.917903
88	157	0.834325
88	159	0.940517
88	166	0.875734
88	169	0.933101
88	171	0.874103
88	172	0.916405
88	175	0.933962
88	179	0.87466
88	180	0.890811
89	49	0.981747
89	55	0.923688
89	57	0.926426
89	59	0.927011
89	60	1.00672
89	101	0.928942
89	116	0.968541
89	123	0.956648
89	129	0.934509
89	142	1.13273
89	143	0.98667
89	146	0.960623
89	147	0.939859
89	149	1.7588
89	157	0.964588
89	162	0.97404
89	165	1.82048
89	167	0.968937
89	170	0.985518
89	175	1.85707
89	176	1.95338
89	178	0.99366
90	6	1.03929
90	39	0.944445
90	41	1.1511
90	61	0.709761
90	67	1.15507
90	101	0.953012
90	104	0.909344
90	107	0.67444
90	127	1.01121
90	131	0.728871
90	142	0.918294
90	148	0.885569
90	150	0.679711
90	154	0.857625
90	155	0.897069
90	161	1.87443
90	166	0.795713
90	169	0.85308
90	174	0.788361
90	175	0.853941
90	178	1.76571
90	179	0.794639
90	180	0.81079
91	38	0.899165
91	45	0.936928
91	55	0.989539
91	81	1.00864
91	104	1.1168
91	117	1.05013
91	119	0.985847
91	121	1.01791
91	133	0.915677
91	140	1.02923
91	143	1.05252
91	146	1.02647
91	147	1.00571
91	155	1.3858
91	157	1.03044
91	161	1.02934
91	162	1.03989
91	164	0.767556
91	166	2.1746
91	167	1.03479
91	173	1.05265
91	178	1.05951
91	180	2.25765
92	18	1.04449
92	24	1.04403
92	36	0.878135
92	42	1.09683
92	60	0.908759
92	82	1.18079
92	93	0.261388
92	104	1.06553
92	109	0.968589
92	114	1.08713
92	130	0.992154
92	132	1.00972
92	134	0.999288
92	140	0.879326
92	149	0.992198
92	152	1.10065
92	158	0.977658
92	163	1.02193
92	165	0.972068
92	168	0.977601
92	171	0.950271
92	174	0.94455
92	179	0.950827
93	13	1.07704
93	18	1.05619
93	25	1.04046
93	26	1.0904
93	34	1.12587
93	36	1.1047
93	44	1.7388
93	51	0.992784
93	65	1.05963
93	67	0.98293
93	82	0.993949
93	92	0.261388
93	95	3.93281
93	98	1.05336
93	109	0.742723
93	115	1.05929
93	139	0.741847
93	141	1.06556
93	164	0.763239
93	169	0.921224
93	172	0.615805
93	176	0.896867
93	177	2.98564
94	1	1.22723
94	10	1.87166
94	14	0.681715
94	38	0.995348
94	62	0.989436
94	95	0.719847
94	128	0.852797
94	132	0.867302
94	134	0.856867
94	140	1.50609
94	145	0.949354
94	149	0.849778
94	151	0.82132
94	154	0.871394
94	156	0.85165
94	160	0.809519
94	163	0.879512
94	166	0.809481
94	168	0.835181
94	171	0.807851
94	174	0.80213
94	178	1.34541
94	180	0.824559
95	24	0.883688
95	40	1.00897
95	41	1.3021
95	72	0.823089
95	88	0.786099
95	93	3.93281
95	94	0.719847
95	110	0.767015
95	115	1.98625
95	126	0.545411
95	128	0.693103
95	140	0.794694
95	154	0.711699
95	156	0.691956
95	162	0.805353
95	163	0.719818
95	164	0.533017
95	166	0.649787
95	167	0.80025
95	170	0.816831
95	173	0.818111
95	176	0.666645
95	177	0.573939
96	1	1.10445
96	4	1.01004
96	9	1.13411
96	11	1.30775
96	15	1.09072
96	18	1.06945
96	29	0.984727
96	36	1.11796
96	39	0.482136
96	51	1.00604
96	62	0.410956
96	65	1.07289
96	67	0.996187
96	98	1.06662
96	115	1.07255
96	122	1.3913
96	126	0.78889
96	127	0.538186
96	131	0.826425
96	133	0.625323
96	150	0.777265
96	164	0.776497
96	176	0.910125
96	177	4.58407
97	23	1.05537
97	49	1.1025
97	62	0.700216
97	64	0.688662
97	75	1.04145
97	112	0.956892
97	113	1.08484
97	116	1.08929
97	119	1.04075
97	123	1.0774
97	146	1.08137
97	147	1.06061
97	151	1.74541
97	152	1.08119
97	155	1.38471
97	159	1.6444
97	161	1.08424
97	162	1.09479
97	164	0.822455
97	165	1.82214
97	167	1.08969
97	170	1.10627
97	173	1.10755
97	177	0.863377
98	13	1.10981
98	26	1.12317
98	29	1.00424
98	34	1.15863
98	51	1.02555
98	61	0.826824
98	67	1.0157
98	74	0.926774
98	76	1.12281
98	82	1.02672
98	83	0.786247
98	93	1.05336
98	96	1.06662
98	99	0.826461
98	100	0.692914
98	109	2.04317
98	115	1.09206
98	137	2.23616
98	144	0.838993
98	150	0.796774
98	159	1.05716
98	160	1.68977
98	176	0.929634
98	180	1.66932
99	5	0.746062
99	41	7.2
99	54	0.799976
99	67	0.756027
99	76	0.863139
99	77	0.777156
99	98	0.826461
99	108	0.728131
99	115	0.832389
99	128	0.696423
99	131	0.586266
99	132	0.710927
99	136	0.78514
99	147	0.774492
99	149	0.693404
99	150	0.537105
99	156	0.695276
99	166	0.653107
99	167	0.80357
99	168	0.678807
99	169	0.710474
99	178	0.828293
99	179	0.652033
99	180	0.668184
100	29	0.730703
100	39	1.10691
100	50	1.08873
100	65	0.814076
100	98	0.692914
100	120	0.940017
100	122	1.02714
100	124	1.11552
100	126	0.853803
100	127	1.17367
100	128	1.00149
100	136	0.638121
100	145	1.09805
100	146	0.739767
100	148	1.04804
100	152	1.10692
100	157	0.538867
100	162	0.504848
100	168	0.983879
100	169	1.01555
100	172	0.998851
100	175	1.01641
100	178	0.473386
100	179	0.957105
100	180	0.973257
101	3	0.985409
101	48	0.977218
101	61	0.810769
101	62	1.07668
101	80	1.11577
101	86	1.05867
101	89	0.928942
101	90	0.953012
101	105	0.892625
101	110	1.01395
101	119	0.803281
101	121	1.05908
101	142	1.0193
101	143	0.743522
101	144	0.822938
101	151	0.90856
101	154	0.958633
101	165	0.916887
101	168	0.922421
101	169	0.954088
101	170	0.522943
101	172	0.937393
101	173	0.540208
101	174	0.889369
101	179	0.895647
101	180	0.911798
102	46	1.00643
102	54	1.02543
102	84	1.07297
102	87	0.979286
102	105	1.01211
102	124	0.77184
102	126	0.774186
102	129	0.994598
102	136	1.0106
102	138	1.0527
102	140	1.02347
102	143	1.04676
102	145	0.990506
102	146	1.02071
102	147	0.999948
102	152	0.886672
102	155	1.19019
102	156	1.70512
102	157	1.02468
102	161	1.02357
102	162	1.03413
102	170	1.04561
102	171	2.04389
102	176	1.76053
102	178	1.05375
102	179	2.21459
103	5	0.975607
103	14	0.754887
103	69	0.655137
103	80	0.218345
103	88	0.764583
103	113	1.02827
103	119	0.984174
103	123	1.02083
103	128	1.63954
103	129	0.998688
103	136	1.01469
103	140	1.02756
103	141	1.0682
103	143	1.05085
103	146	1.0248
103	147	1.00404
103	157	1.02877
103	161	1.02766
103	167	1.03312
103	169	1.37421
103	170	1.0497
103	173	1.05098
103	175	1.52369
103	178	1.05784
103	179	2.07406
103	180	1.92151
104	1	0.666749
104	39	1.00178
104	62	1.03301
104	80	1.0721
104	82	1.24707
104	90	0.909344
104	91	1.1168
104	92	1.06553
104	121	1.01541
104	122	0.92201
104	127	1.06855
104	130	0.893304
104	135	0.896635
104	152	1.0018
104	155	0.954408
104	156	0.895221
104	160	0.85309
104	161	0.893645
104	163	0.923083
104	167	0.768804
104	168	0.878752
104	169	0.910419
104	173	0.725313
104	174	0.845701
104	175	0.911281
104	178	0.784922
104	179	0.851978
105	23	0.989117
105	33	1.01187
105	66	0.649758
105	70	1.04323
105	73	0.754561
105	78	0.660662
105	101	0.892625
105	102	1.01211
105	118	1.06016
105	123	1.01115
105	129	0.989006
105	136	1.005
105	140	1.01788
105	146	1.01512
105	147	0.994357
105	148	1.458
105	161	1.01798
105	162	1.02854
105	163	1.54959
105	164	0.756201
105	167	1.02343
105	170	1.04002
105	171	2.20043
105	172	1.86813
105	173	1.0413
105	177	0.797123
105	178	1.04816
106	5	1.58538
106	30	0.781834
106	31	1.06988
106	68	0.86895
106	74	0.932768
106	86	1.01093
106	120	0.830824
106	133	1.01321
106	137	0.863728
106	143	0.979759
106	145	0.988859
106	147	0.903809
106	148	0.938842
106	151	0.860824
106	152	0.997731
106	153	0.896399
106	158	0.874743
106	159	0.913769
106	160	0.849023
106	167	0.819936
106	171	0.847355
106	172	0.889657
106	174	0.841634
106	178	0.836054
106	179	0.847912
106	180	0.864063
107	24	0.85205
107	40	0.977329
107	41	1.2535
107	50	0.748703
107	52	0.531346
107	61	0.532197
107	84	0.812559
107	90	0.67444
107	115	7.41906
107	116	0.768216
107	123	0.756323
107	124	0.775493
107	126	0.513772
107	133	0.782372
107	137	0.632891
107	140	0.763056
107	141	0.8037
107	155	0.719505
107	159	0.682932
107	163	0.688179
107	164	0.501379
107	165	0.638315
107	170	0.785193
107	172	0.65882
107	173	0.786472
107	176	0.635007
107	177	0.542301
107	178	0.793335
108	8	1.08458
108	47	1.46369
108	54	1.07896
108	75	1.198
108	77	0.938495
108	99	0.728131
108	110	0.931674
108	112	0.973886
108	124	0.97179
108	127	1.02994
108	133	0.978669
108	145	0.954319
108	146	1.12658
108	148	0.904302
108	152	0.963191
108	153	0.861859
108	154	0.876358
108	156	0.856615
108	159	0.87923
108	160	0.814483
108	161	0.968916
108	166	0.814446
108	167	0.844075
108	175	0.872674
108	176	0.831304
108	179	0.813372
108	180	0.829523
109	26	2.18111
109	35	1.09619
109	40	1.06702
109	41	0.697524
109	51	2.44641
109	52	0.669307
109	92	0.968589
109	93	0.742723
109	98	2.04317
109	115	0.402287
109	117	0.921917
109	123	0.894284
109	129	0.872145
109	130	0.796362
109	136	0.888143
109	141	0.941661
109	152	0.904855
109	162	0.911675
109	163	0.82614
109	166	0.75611
109	169	0.813476
109	170	0.923154
109	171	0.754479
109	175	0.814338
109	176	0.772968
109	177	0.680262
109	178	0.931295
110	2	1.50669
110	26	0.536553
110	53	1.00989
110	63	0.999295
110	66	1.0711
110	74	0.940433
110	95	0.767015
110	101	1.01395
110	108	0.931674
110	113	0.90753
110	114	0.991879
110	119	0.858528
110	122	0.925607
110	127	1.07214
110	129	0.941994
110	134	0.904036
110	135	0.900232
110	152	1.0054
110	155	0.958006
110	156	0.898819
110	162	0.686526
110	166	0.85665
110	168	0.88235
110	171	0.855019
110	173	0.595455
110	174	0.849298
110	175	0.914878
110	179	0.855576
111	17	0.893772
111	38	0.929961
111	60	1.81958
111	62	0.92405
111	76	1.72622
111	85	0.879531
111	121	0.906452
111	122	0.813052
111	127	0.959588
111	129	1.91639
111	134	0.791481
111	137	0.758837
111	149	0.784392
111	151	0.755933
111	152	0.89284
111	155	0.845451
111	156	0.786263
111	157	1.69494
111	158	0.769851
111	159	0.808878
111	168	0.769794
111	169	0.801462
111	171	0.742464
111	172	0.784766
111	175	0.802323
111	179	0.74302
111	180	0.759172
112	6	1.14244
112	28	1.20138
112	38	1.08473
112	72	1.05326
112	81	0.72236
112	86	1.06081
112	97	0.956892
112	108	0.973886
112	120	0.8807
112	122	0.967819
112	123	0.778987
112	124	1.05621
112	134	0.946248
112	137	0.913604
112	140	0.786791
112	142	1.02144
112	154	0.960775
112	155	1.00022
112	158	0.924619
112	160	0.8989
112	161	0.734826
112	163	0.968893
112	165	0.919028
112	168	0.924562
112	169	0.956229
112	171	0.897232
112	173	0.566495
112	174	0.891511
112	176	0.91572
113	22	1.02623
113	46	1.0129
113	57	0.992987
113	72	1.05834
113	87	0.985759
113	97	1.08484
113	103	1.02827
113	110	0.90753
113	118	1.07223
113	123	1.02321
113	127	0.749125
113	128	1.89627
113	129	1.00107
113	131	0.818194
113	132	1.87069
113	133	0.836262
113	139	0.746873
113	141	1.07059
113	143	1.05323
113	146	1.02718
113	152	1.00286
113	154	1.6104
113	157	1.03115
113	164	0.768266
113	167	1.0355
113	169	1.63094
113	170	1.05208
113	173	1.05336
113	174	2.23682
113	178	1.06022
114	4	1.63622
114	12	1.15538
114	25	1.16806
114	78	1.10419
114	83	0.748121
114	86	1.0366
114	92	1.08713
114	110	0.991879
114	120	0.856489
114	121	1.03701
114	142	0.997231
114	146	0.83476
114	147	0.636133
114	148	0.964507
114	153	0.922064
114	154	0.936563
114	158	0.900407
114	159	0.939434
114	160	0.874688
114	162	0.59984
114	165	0.894817
114	166	0.874651
114	168	0.90035
114	170	0.491504
114	172	0.915322
114	173	0.508769
114	174	0.867299
114	175	0.932879
114	178	0.568378
114	179	0.873576
114	180	0.889728
115	1	1.12989
115	4	1.03548
115	9	1.15954
115	13	1.11574
115	18	1.09489
115	29	1.01016
115	30	1.11104
115	36	1.1434
115	52	0.831901
115	58	0.786841
115	61	0.832752
115	65	1.09832
115	67	1.02162
115	82	1.03264
115	83	0.792174
115	93	1.05929
115	95	1.98625
115	96	1.07255
115	98	1.09206
115	99	0.832389
115	107	7.41906
115	109	0.402287
115	132	0.999376
115	142	0.591893
115	144	0.844921
115	148	0.883106
115	150	0.802702
115	153	0.896098
115	164	0.801934
115	175	1.1034
115	177	1.55056
116	10	0.946346
116	20	1.00099
116	39	0.685142
116	45	0.942091
116	55	0.994703
116	62	0.613962
116	69	0.903932
116	71	0.985584
116	86	0.673885
116	87	0.990213
116	89	0.968541
116	97	1.08929
116	107	0.768216
116	119	0.99101
116	126	0.785112
116	136	1.02152
116	138	1.06363
116	144	0.815706
116	146	1.03164
116	147	1.01087
116	148	1.40972
116	151	1.65915
116	154	1.60246
116	157	1.0356
116	161	1.0345
116	162	1.04505
116	170	1.05653
116	172	1.81986
116	173	1.05781
116	178	1.06467
116	179	2.32285
117	2	0.950329
117	23	1.02137
117	31	0.571824
117	52	0.818427
117	54	1.0521
117	56	1.00452
117	60	1.09348
117	61	0.819277
117	75	1.00746
117	84	1.09964
117	85	0.865711
117	91	1.05013
117	109	0.921917
117	121	0.850081
117	132	1.78227
117	134	1.38419
117	136	1.03726
117	138	1.07937
117	139	0.767067
117	147	1.02661
117	150	0.789227
117	153	1.4847
117	158	1.75193
117	161	1.05024
117	167	1.05569
117	170	1.07227
117	173	1.07355
117	176	1.78831
117	177	0.829381
117	178	1.08041
117	180	2.08982
118	28	1.00925
118	55	1.03183
118	73	0.421671
118	76	1.13664
118	80	0.182525
118	81	1.05093
118	88	0.728762
118	105	1.06016
118	113	1.07223
118	119	1.02813
118	120	2.25349
118	123	1.06479
118	128	1.60372
118	129	1.04265
118	136	1.05864
118	143	1.09481
118	144	0.852828
118	146	1.06876
118	147	1.048
118	150	0.810609
118	152	0.710317
118	154	1.31785
118	161	1.07162
118	162	1.08218
118	167	1.07707
118	170	1.09366
118	171	1.86754
118	173	1.09493
118	175	1.48786
118	177	0.850763
118	179	2.03824
119	2	0.886043
119	16	0.667836
119	23	0.957089
119	47	1.00818
119	60	1.02919
119	72	1.01425
119	84	1.03535
119	86	0.632815
119	91	0.985847
119	97	1.04075
119	101	0.803281
119	103	0.984174
119	110	0.858528
119	116	0.99101
119	118	1.02813
119	122	1.55324
119	138	1.01508
119	143	1.00914
119	146	0.983092
119	147	0.962329
119	157	0.987057
119	161	0.985954
119	162	0.996509
119	163	1.46024
119	168	1.75418
119	170	1.00799
119	172	1.77879
119	173	1.00927
119	174	2.18782
119	177	0.765095
119	178	1.01613
120	21	0.970392
120	30	2.23935
120	53	0.874504
120	61	0.635308
120	69	0.908284
120	71	2.39814
120	88	0.857572
120	100	0.940017
120	106	0.830824
120	112	0.8807
120	114	0.856489
120	118	2.25349
120	121	0.883617
120	128	0.764575
120	130	0.761512
120	132	0.77908
120	133	0.885483
120	134	0.768646
120	135	0.764842
120	145	0.861133
120	153	0.768673
120	154	0.783172
120	163	0.79129
120	168	0.74696
120	172	0.761931
120	173	2.23396
120	174	0.713908
120	175	0.779488
120	176	0.738118
120	177	0.645412
120	179	0.720186
120	180	0.736337
121	57	1.51025
121	70	0.610064
121	79	1.00612
121	91	1.01791
121	101	1.05908
121	104	1.01541
121	111	0.906452
121	114	1.03701
121	117	0.850081
121	120	0.883617
121	125	1.09882
121	128	0.945094
121	130	0.942031
121	133	1.066
121	143	0.829732
121	145	1.04165
121	148	0.991635
121	150	0.785777
121	152	1.05052
121	155	1.00313
121	157	0.751509
121	158	0.927536
121	160	0.901816
121	166	0.901779
121	167	0.669909
121	168	0.927479
121	169	0.959146
121	170	0.609154
121	171	0.900148
121	172	0.94245
121	174	0.894427
121	178	0.686027
121	180	0.916856
122	1	1.2316
122	39	0.957111
122	52	0.721576
122	74	0.892161
122	77	0.932428
122	96	1.3913
122	100	1.02714
122	104	0.92201
122	110	0.925607
122	111	0.813052
122	112	0.967819
122	119	1.55324
122	128	0.851694
122	130	0.848631
122	137	0.823121
122	141	1.38067
122	148	0.898235
122	149	0.848676
122	152	0.957124
122	154	0.870291
122	155	0.909735
122	160	0.808417
122	164	0.691609
122	166	0.808379
122	167	1.33366
122	171	0.806748
122	173	1.29017
122	174	0.801027
122	175	0.866607
122	176	0.825237
122	179	0.807305
122	180	0.823456
123	16	0.617256
123	57	0.985548
123	60	1.06585
123	75	0.979826
123	77	0.990113
123	81	1.00191
123	84	1.07201
123	85	0.85454
123	89	0.956648
123	97	1.0774
123	103	1.02083
123	105	1.01115
123	107	0.756323
123	109	0.894284
123	112	0.778987
123	113	1.02321
123	118	1.06479
123	131	0.810755
123	135	1.73895
123	143	1.04579
123	146	1.01975
123	150	0.761594
123	155	1.2068
123	157	1.02371
123	161	1.02261
123	162	1.03316
123	165	1.64424
123	167	1.02806
123	168	1.7036
123	170	1.04464
123	172	1.72821
123	173	1.04592
123	176	1.77714
123	178	1.05278
124	31	1.11766
124	75	0.973371
124	100	1.11552
124	102	0.77184
124	107	0.775493
124	108	0.97179
124	112	1.05621
124	127	1.11226
124	129	0.922497
124	132	0.954586
124	137	0.911508
124	139	0.758604
124	141	0.666457
124	142	1.01935
124	145	1.03664
124	146	0.901948
124	148	0.986622
124	149	0.937063
124	151	0.908605
124	153	0.94418
124	156	0.938935
124	157	0.701048
124	158	0.922523
124	160	0.896804
124	161	0.744289
124	166	0.896766
124	169	0.954133
124	170	0.558693
124	172	0.937438
124	174	0.889414
124	175	0.954994
124	178	0.635566
124	179	0.895692
124	180	0.911843
125	20	1.30747
125	23	1.19819
125	49	0.882544
125	51	0.681246
125	59	1.22839
125	76	0.631211
125	77	1.06051
125	86	1.09841
125	121	1.09882
125	128	0.979777
125	130	0.976714
125	133	1.10069
125	137	0.951204
125	140	0.695142
125	145	1.07633
125	147	0.602209
125	148	1.02632
125	149	0.976759
125	151	0.9483
125	152	1.08521
125	156	0.978631
125	157	0.599936
125	158	0.962219
125	160	0.936499
125	163	1.00649
125	165	0.956628
125	166	0.936462
125	168	0.962161
125	173	0.474846
125	174	0.92911
125	175	0.99469
125	176	0.95332
125	177	0.860614
125	180	0.951539
126	12	0.915775
126	26	0.845439
126	34	0.880902
126	61	0.549093
126	65	0.814664
126	83	0.508516
126	84	0.829455
126	95	0.545411
126	96	0.78889
126	100	0.853803
126	102	0.774186
126	107	0.513772
126	116	0.785112
126	131	0.568204
126	132	0.692866
126	139	0.496883
126	142	0.757626
126	143	0.803241
126	150	0.519043
126	158	0.660802
126	160	0.635083
126	161	0.780056
126	164	0.518275
126	167	0.785508
126	169	0.692412
126	170	0.802089
126	172	0.675717
126	173	0.803369
126	176	0.651903
126	177	0.559197
126	178	0.810231
126	179	0.633971
126	180	0.650123
127	10	1.02292
127	46	0.707186
127	57	1.32088
127	68	0.97488
127	84	0.992512
127	87	1.38231
127	90	1.01121
127	96	0.538186
127	100	1.17367
127	104	1.06855
127	108	1.02994
127	110	1.07214
127	111	0.959588
127	113	0.749125
127	124	1.11226
127	128	0.998231
127	135	0.998498
127	136	0.661394
127	137	0.969657
127	141	0.527549
127	142	1.0775
127	148	1.04477
127	153	1.00233
127	159	1.0197
127	160	0.954953
127	162	0.52812
127	163	1.02495
127	165	0.975082
127	166	0.954916
127	167	0.48054
127	169	1.01228
127	172	0.995587
127	176	0.971774
127	177	0.879068
127	179	0.953841
127	180	0.969993
128	17	0.932415
128	30	1.58958
128	44	0.808659
128	83	0.656208
128	86	0.944683
128	94	0.852797
128	95	0.693103
128	99	0.696423
128	100	1.00149
128	103	1.63954
128	113	1.89627
128	118	1.60372
128	120	0.764575
128	121	0.945094
128	122	0.851694
128	125	0.979777
128	127	0.998231
128	135	0.82632
128	139	0.644575
128	145	0.92261
128	147	1.71156
128	148	0.872594
128	152	0.931483
128	155	0.884093
128	156	0.824906
128	157	1.70928
128	159	0.847521
128	160	0.782775
128	163	0.852768
128	165	0.802903
128	166	0.782737
128	168	0.808437
128	169	0.840104
128	171	0.781107
128	172	0.823409
128	175	0.840966
128	177	0.706889
129	45	0.908059
129	47	1.02269
129	54	1.00233
129	56	0.95475
129	59	0.963994
129	63	1.02506
129	64	0.644805
129	70	1.02572
129	72	1.02876
129	73	0.748683
129	85	0.988587
129	87	0.95618
129	89	0.934509
129	102	0.994598
129	103	0.998688
129	105	0.989006
129	109	0.872145
129	110	0.941994
129	111	1.91639
129	113	1.00107
129	118	1.04265
129	124	0.922497
129	131	0.788615
129	134	1.50706
129	136	0.98749
129	140	1.00036
129	141	1.04101
129	143	1.02365
129	146	0.997606
129	147	0.976842
129	152	1.03733
129	157	1.00157
129	158	1.8748
129	162	1.01102
129	169	1.66541
129	170	1.0225
129	173	1.02378
129	178	1.03064
130	6	1.02325
130	29	1.62045
130	42	0.924603
130	53	0.932918
130	67	0.752493
130	69	0.966698
130	73	0.972437
130	75	1.70094
130	92	0.992154
130	104	0.893304
130	109	0.796362
130	120	0.761512
130	121	0.942031
130	122	0.848631
130	125	0.976714
