1	87	1.10273
1	101	0.934811
1	109	0.99011
1	121	0.920011
1	131	0.915992
1	137	0.937723
1	143	0.953117
1	144	1.31956
1	151	0.989046
1	152	0.937821
1	164	1.84854
1	171	0.82704
2	15	0.777188
2	21	0.992515
2	30	0.980008
2	48	1.06006
2	68	0.947864
2	71	0.936087
2	75	0.936291
2	90	1.43945
2	95	1.27987
2	149	1.50436
2	165	0.920945
2	179	0.873838
3	114	1.0821
3	120	1.03523
3	125	1.13517
3	126	1.02291
3	127	1.04446
3	132	1.02523
3	134	1.02509
3	136	1.0599
3	148	0.855398
3	157	0.967222
3	164	1.35738
3	180	1.34379
4	16	0.895674
4	23	0.863976
4	24	1.0018
4	32	1.12267
4	60	0.908569
4	69	0.967127
4	74	0.937461
4	78	0.917489
4	83	0.916771
4	149	1.36341
4	156	0.925748
4	177	1.838
5	11	1.01418
5	14	0.892653
5	18	0.885535
5	20	1.20562
5	29	0.974477
5	31	0.986292
5	43	0.929798
5	46	0.922753
5	58	0.900448
5	150	0.93929
5	162	1.35992
5	177	1.67624
6	101	0.914804
6	109	0.970103
6	131	0.895985
6	137	0.917716
6	138	0.912417
6	140	0.953196
6	141	0.951025
6	151	0.969039
6	152	0.917814
6	172	1.39536
6	174	1.61611
6	179	1.27918
7	78	0.662896
7	89	1.16615
7	156	1.09431
7	160	0.955626
7	162	0.964683
7	163	0.995143
7	167	0.964421
7	169	0.939467
7	173	0.939937
7	175	0.841496
7	178	0.871465
7	180	0.916184
8	65	0.960911
8	72	1.12153
8	124	0.971703
8	142	1.02925
8	151	0.929608
8	157	0.998896
8	166	0.963232
8	174	0.894369
8	175	0.832329
8	176	0.942176
8	178	0.862298
8	180	0.907017
9	22	1.23441
9	44	1.20497
9	105	1.67624
9	109	0.968637
9	121	0.898539
9	131	0.894519
9	137	0.91625
9	140	0.951731
9	141	0.949559
9	143	0.931645
9	151	0.967573
9	152	0.916349
10	117	1.10422
10	140	1.02491
10	145	1.05547
10	152	0.784338
10	163	0.989166
10	169	0.93349
10	172	0.929455
10	173	0.93396
10	175	0.835519
10	176	0.945366
10	178	0.865488
10	180	0.910207
11	5	1.01418
11	17	1.1226
11	18	1.00893
11	22	0.720726
11	43	1.0532
11	46	1.04615
11	58	1.02385
11	105	1.16255
11	145	1.12699
11	146	1.07292
11	150	1.06269
11	155	1.35793
12	40	1.08808
12	53	1.03167
12	91	1.02673
12	93	0.782842
12	98	1.07391
12	99	1.07801
12	110	1.33161
12	118	1.05568
12	135	1.15936
12	150	1.07705
12	159	1.18683
12	164	0.992036
13	109	0.92176
13	114	0.927814
13	119	1.08384
13	149	0.990205
13	153	1.01584
13	160	0.936269
13	163	0.975786
13	170	0.909591
13	174	0.884179
13	176	0.931986
13	178	0.852109
13	180	0.896827
14	5	0.892653
14	17	1.00108
14	18	0.887409
14	29	0.976351
14	31	0.988165
14	41	0.888125
14	43	0.931671
14	58	0.902322
14	146	0.951393
14	157	1.18718
14	176	1.4374
14	177	1.65971
15	2	0.777188
15	21	0.875392
15	30	0.862885
15	36	0.845025
15	47	0.932853
15	48	0.94294
15	71	0.818964
15	75	0.819168
15	130	2.03012
15	148	1.99031
15	165	0.803822
15	179	0.756715
16	4	0.895674
16	60	0.907904
16	69	0.966462
16	74	0.936796
16	78	0.916825
16	83	0.916106
16	112	0.992753
16	130	1.29569
16	139	0.977851
16	156	0.925083
16	166	1.42845
16	168	1.5225
17	11	1.1226
17	14	1.00108
17	29	1.0829
17	43	1.03822
17	46	1.03118
17	58	1.00887
17	146	1.05794
17	150	1.04771
17	158	0.820971
17	163	0.876401
17	164	1.30187
17	171	1.52545
18	5	0.885535
18	11	1.00893
18	14	0.887409
18	29	0.969233
18	31	0.981048
18	43	0.924554
18	46	0.91751
18	58	0.895205
18	150	0.934047
18	163	1.07946
18	171	1.72851
18	180	1.49134
19	26	0.93368
19	33	0.985348
19	39	0.931976
19	56	0.862398
19	65	0.969593
19	67	0.921062
19	72	0.891427
19	77	0.955019
19	86	1.84528
19	147	0.975443
19	162	1.22291
19	168	1.22149
20	5	1.20562
20	79	1.33351
20	118	0.92249
20	129	0.964978
20	155	0.946616
20	157	0.960364
20	159	0.942242
20	168	0.936173
20	170	0.881249
20	172	0.887732
20	175	0.793797
20	176	0.903644
20	180	0.868485
21	2	0.992515
21	15	0.875392
21	30	1.07821
21	36	1.06035
21	50	0.881454
21	68	1.04607
21	71	1.03429
21	75	1.03449
21	95	0.726498
21	110	1.2564
21	165	1.01915
21	178	1.8625
21	179	0.972041
22	9	1.23441
22	11	0.720726
22	42	0.854992
22	92	0.669762
22	102	1.12306
22	144	1.09237
22	162	1.02411
22	168	1.0433
22	173	0.999364
22	175	0.900924
22	176	1.01077
22	178	0.930893
22	180	0.975612
23	4	0.863976
23	32	1.09031
23	41	0.856668
23	60	0.876207
23	69	0.934764
23	74	0.905099
23	78	0.885127
23	83	0.884409
23	139	0.946154
23	156	0.893385
23	163	1.25156
23	164	1.67702
23	180	1.66343
24	4	1.0018
24	28	0.952808
24	151	0.562722
24	156	0.753718
24	160	1.03844
24	167	1.04724
24	169	1.02228
24	172	1.01825
24	173	1.02275
24	174	0.986353
24	175	0.924313
24	176	1.03416
24	180	0.999001
25	75	0.994542
25	125	0.646624
25	136	0.638929
25	154	1.15319
25	156	0.76162
25	169	1.00915
25	170	0.99863
25	172	1.00511
25	173	1.00962
25	174	0.973218
25	176	1.02103
25	178	0.941148
25	180	0.985866
26	19	0.93368
26	33	1.0716
26	39	1.01823
26	56	0.948649
26	65	1.05584
26	67	1.00731
26	72	0.977678
26	77	1.04127
26	94	0.84112
26	105	1.0794
26	147	1.06169
26	155	1.27478
26	169	1.54429
27	79	1.12381
27	95	0.68218
27	106	1.19543
27	111	1.19478
27	115	0.769359
27	116	1.17332
27	117	1.14799
27	146	0.772078
27	166	1.11946
27	171	1.52246
27	177	1.04687
27	179	1.09444
27	180	1.28529
28	24	0.952808
28	56	0.967252
28	60	0.988967
28	69	1.04753
28	72	0.99628
28	77	1.05987
28	91	0.972149
28	94	1.01111
28	104	1.0857
28	118	1.00109
28	153	1.20579
28	156	1.00615
28	166	1.37721
29	5	0.974477
29	14	0.976351
29	17	1.0829
29	18	0.969233
29	31	1.06999
29	43	1.0135
29	46	1.00645
29	58	0.984146
29	147	0.917017
29	150	1.02299
29	158	1.00217
29	169	1.49072
29	172	1.41378
30	2	0.980008
30	15	0.862885
30	21	1.07821
30	47	1.13567
30	68	1.03356
30	71	1.02178
30	75	1.02199
30	87	0.914507
30	123	1.04332
30	147	1.09427
30	165	1.00664
30	177	1.7427
30	179	0.959534
31	5	0.986292
31	14	0.988165
31	18	0.981048
31	29	1.06999
31	41	0.981763
31	43	1.02531
31	46	1.01827
31	58	0.995961
31	102	0.962693
31	146	1.04503
31	158	1.1251
31	166	1.27658
31	179	1.42053
32	4	1.12267
32	23	1.09031
32	60	1.1349
32	69	1.19346
32	74	1.16379
32	78	1.14382
32	83	1.1431
32	128	0.882293
32	149	0.932736
32	156	1.15208
32	165	0.938778
32	168	1.08959
32	176	1.18501
33	19	0.985348
33	26	1.0716
33	39	1.0699
33	56	1.00032
33	65	1.10751
33	67	1.05898
33	72	1.02935
33	77	1.09294
33	86	1.54859
33	167	0.897744
33	168	0.924797
33	169	1.16781
34	35	1.07416
34	44	0.624029
34	54	0.980705
34	55	0.979374
34	63	1.015
34	88	0.84277
34	161	1.03145
34	164	0.896696
34	171	0.877084
34	175	2.42883
34	177	0.866917
35	34	1.07416
35	54	1.07924
35	55	1.07791
35	63	1.11354
35	94	0.924854
35	154	1.02907
35	161	1.12999
35	164	0.995234
35	165	1.2342
35	166	1.29096
35	171	0.975622
35	177	0.965455
36	15	0.845025
36	21	1.06035
36	47	1.11781
36	48	1.1279
36	68	1.0157
36	71	1.00392
36	75	1.00413
36	107	0.931127
36	165	0.988782
36	166	0.941596
36	173	1.13388
36	178	1.79032
36	179	0.941674
37	114	1.04621
37	120	0.999338
37	124	1.21059
37	125	1.09928
37	126	0.987021
37	127	1.00857
37	132	0.989343
37	134	0.989201
37	136	1.02401
37	165	0.980963
37	168	1.11336
37	179	1.16325
37	180	1.33513
38	72	0.834167
38	83	0.932893
38	84	1.07503
38	127	0.77901
38	133	0.562686
38	162	1.04678
38	168	1.06597
38	170	1.01105
38	173	1.02204
38	174	0.985636
38	175	0.923596
38	178	0.953565
38	180	0.998284
39	19	0.931976
39	26	1.01823
39	33	1.0699
39	56	0.946945
39	65	1.05414
39	67	1.00561
39	72	0.975974
39	77	1.03957
39	135	1.31293
39	139	1.00766
39	145	1.07916
39	147	1.05999
39	179	1.3865
40	12	1.08808
40	87	0.911019
40	91	0.94851
40	98	0.995685
40	104	1.06206
40	118	0.977456
40	133	1.0608
40	150	0.998831
40	161	1.04857
40	163	1.23136
40	164	0.913815
40	165	1.27066
40	167	1.39442
41	14	0.888125
41	23	0.856668
41	31	0.981763
41	78	0.910181
41	82	1.05389
41	83	0.909463
41	100	1.29972
41	125	1.16193
41	129	0.932833
41	146	0.944991
41	160	0.875782
41	170	0.849104
41	174	0.823692
41	180	0.83634
42	22	0.854992
42	76	0.965599
42	109	1.02847
42	131	0.954353
42	138	0.970785
42	140	1.01156
42	141	1.00939
42	142	1.25296
42	143	0.991478
42	146	1.22726
42	151	1.02741
42	152	0.976182
42	162	1.52012
42	171	0.865401
43	5	0.929798
43	11	1.0532
43	14	0.931671
43	17	1.03822
43	18	0.924554
43	29	1.0135
43	31	1.02531
43	46	0.961772
43	58	0.939467
43	150	0.978309
43	165	0.827411
43	169	1.22123
43	170	1.35194
43	178	1.73289
44	9	1.20497
44	34	0.624029
44	67	1.1359
44	68	0.611243
44	72	1.10626
44	73	0.556026
44	77	1.16985
44	89	1.15425
44	118	1.11108
44	127	0.524798
44	164	1.04743
44	169	1.05731
44	178	0.989309
44	180	1.03403
45	64	0.992736
45	66	1.71783
45	79	0.951965
45	82	1.05402
45	100	1.00311
45	106	1.02359
45	111	1.02293
45	116	1.00147
45	117	0.976139
45	123	1.02784
45	148	1.14285
45	163	1.21936
45	177	0.875023
45	179	0.922598
46	5	0.922753
46	11	1.04615
46	17	1.03118
46	18	0.91751
46	29	1.00645
46	31	1.01827
46	43	0.961772
46	58	0.932423
46	146	0.981493
46	150	0.971265
46	162	1.05353
46	176	1.14753
46	178	1.80677
46	179	1.10199
47	15	0.932853
47	30	1.13567
47	36	1.11781
47	48	1.21573
47	68	1.10353
47	71	1.09175
47	75	1.09196
47	145	0.597258
47	165	1.07661
47	170	1.22843
47	173	0.952931
47	176	0.95013
47	178	1.60937
47	179	1.0295
48	2	1.06006
48	15	0.94294
48	36	1.1279
48	47	1.21573
48	68	1.11362
48	71	1.10184
48	75	1.10204
48	84	1.17582
48	87	0.625213
48	144	0.842038
48	159	1.13945
48	165	1.0867
48	170	1.50938
48	179	1.03959
49	53	0.94369
49	89	1.01088
49	91	0.938754
49	98	0.985929
49	99	0.990037
49	103	1.03434
49	104	1.0523
49	118	0.967699
49	150	0.989074
49	154	1.14791
49	161	1.03881
49	163	1.31374
49	164	0.904058
49	176	1.59928
50	21	0.881454
50	119	1.10011
50	130	1.01439
50	133	0.775241
50	155	1.03679
50	157	1.05053
50	161	0.793531
50	163	1.03761
50	169	0.981937
50	170	0.971418
50	174	0.946006
50	175	0.883967
50	178	0.913936
50	180	0.958654
51	57	0.916502
51	92	1.0107
51	119	0.960484
51	137	0.967563
51	138	0.962264
51	140	1.00304
51	141	1.00087
51	143	0.982957
51	151	1.01889
51	152	0.967661
51	154	1.05138
51	162	1.40874
51	165	1.25651
51	167	1.38027
52	53	0.937362
52	89	1.00455
52	91	0.932426
52	97	1.05124
52	98	0.979601
52	99	0.983709
52	102	1.09631
52	104	1.04598
52	118	0.961371
52	133	1.04472
52	144	1.21063
52	161	1.03248
52	164	0.89773
52	180	1.72602
53	12	1.03167
53	49	0.94369
53	52	0.937362
53	89	0.964221
53	91	0.892097
53	99	0.94338
53	104	1.00565
53	118	0.921042
53	133	1.00439
53	147	1.00025
53	157	1.14167
53	164	0.857401
53	167	1.26942
53	170	1.67019
53	179	1.34636
54	34	0.980705
54	35	1.07924
54	55	0.984456
54	63	1.02008
54	108	0.986838
54	122	0.981219
54	128	1.18092
54	133	1.04877
54	161	1.03653
54	164	0.901779
54	171	0.882167
54	173	1.48644
54	177	0.872
54	179	1.4381
55	34	0.979374
55	35	1.07791
55	54	0.984456
55	63	1.01875
55	84	1.32449
55	122	0.979888
55	129	1.1535
55	130	1.05753
55	133	1.04744
55	161	1.0352
55	164	0.900447
55	171	0.880836
55	177	0.870669
55	180	1.50611
56	19	0.862398
56	26	0.948649
56	28	0.967252
56	33	1.00032
56	39	0.946945
56	65	0.984562
56	67	0.936031
56	72	0.906396
56	77	0.969989
56	107	1.40363
56	112	0.983932
56	128	1.30086
56	146	1.21671
56	147	0.990412
56	167	1.4811
57	51	0.916502
57	96	0.962758
57	119	0.941771
57	121	0.931139
57	131	0.927119
57	138	0.943551
57	140	0.984331
57	141	0.982159
57	143	0.964245
57	151	1.00017
57	152	0.948949
57	157	1.11729
57	160	1.38472
57	172	1.43816
57	180	1.49385
58	5	0.900448
58	11	1.02385
58	14	0.902322
58	17	1.00887
58	18	0.895205
58	29	0.984146
58	31	0.995961
58	43	0.939467
58	46	0.932423
58	146	0.959189
58	150	0.94896
58	166	1.00447
58	167	1.07147
58	174	1.48534
58	178	1.85319
59	85	1.11604
59	88	0.839948
59	107	1.20983
59	114	1.07806
59	120	1.03119
59	125	1.13113
59	126	1.01887
59	127	1.04042
59	130	1.08755
59	132	1.02119
59	134	1.02105
59	136	1.05586
59	153	1.04888
59	165	1.01281
59	179	1.36425
60	4	0.908569
60	16	0.907904
60	23	0.876207
60	28	0.988967
60	32	1.1349
60	69	0.979357
60	74	0.949691
60	78	0.929719
60	83	0.929001
60	139	0.990746
60	156	0.937978
60	159	1.38092
60	165	1.22632
60	168	1.37714
60	179	1.42703
61	102	0.944792
61	103	0.883225
61	132	1.05705
61	134	1.05691
61	136	1.09172
61	138	1.06954
61	140	1.11032
61	151	1.12616
61	152	1.07494
61	153	1.08726
61	155	1.32624
61	162	1.35416
61	164	0.983768
61	171	0.964156
61	177	0.953989
62	64	0.970398
62	73	0.973919
62	100	0.980774
62	106	1.00125
62	111	1.00059
62	113	0.983129
62	116	0.979135
62	117	0.953801
62	124	1.37608
62	135	1.25516
62	159	1.28263
62	166	0.925272
62	177	0.852684
62	179	0.90026
62	180	1.50061
63	34	1.015
63	35	1.11354
63	54	1.02008
63	55	1.01875
63	133	1.08306
63	139	1.02216
63	161	1.07083
63	163	1.161
63	164	0.936076
63	166	1.25706
63	168	1.35112
63	171	0.916464
63	177	0.906297
64	45	0.992736
64	62	0.970398
64	82	1.05492
64	100	1.00402
64	106	1.02449
64	113	1.00637
64	116	1.00238
64	144	1.06814
64	153	1.09628
64	163	1.17165
64	166	0.948514
64	174	1.74858
64	177	0.875926
64	179	0.923502
65	8	0.960911
65	19	0.969593
65	26	1.05584
65	33	1.10751
65	39	1.05414
65	56	0.984562
65	67	1.04323
65	72	1.01359
65	77	1.07718
65	110	1.26105
65	112	1.09113
65	147	1.09761
65	165	0.961675
65	166	1.01843
65	179	1.16238
66	45	1.71783
66	77	1.12234
66	86	0.826918
66	94	1.01295
66	114	1.47882
66	123	0.995439
66	129	0.914803
66	162	0.86681
66	168	0.885999
66	169	0.841593
66	170	0.831074
66	172	0.837558
66	173	0.842063
66	175	0.743623
66	178	0.773592
66	180	0.81831
67	19	0.921062
67	26	1.00731
67	33	1.05898
67	39	1.00561
67	44	1.1359
67	56	0.936031
67	65	1.04323
67	72	0.96506
67	77	1.02865
67	80	1.1151
67	105	1.11329
67	112	1.0426
67	130	1.10836
67	147	1.04908
67	158	1.08962
67	176	1.43059
68	2	0.947864
68	21	1.04607
68	30	1.03356
68	36	1.0157
68	44	0.611243
68	47	1.10353
68	48	1.11362
68	71	0.989639
68	75	0.989844
68	81	0.975543
68	112	1.04596
68	162	1.30582
68	165	0.974498
68	167	1.27734
68	169	1.5474
68	179	0.92739
69	4	0.967127
69	16	0.966462
69	23	0.934764
69	28	1.04753
69	32	1.19346
69	60	0.979357
69	74	1.00825
69	78	0.988277
69	80	1.11573
69	83	0.987559
69	87	1.08501
69	129	1.20495
69	139	1.0493
69	142	1.07005
69	158	1.09025
69	173	1.43402
70	72	1.57806
70	84	0.873209
70	88	0.973529
70	133	1.30658
70	152	1.30122
70	155	0.874594
70	158	0.924873
70	159	0.87022
70	162	0.844962
70	163	0.875421
70	168	0.864151
70	169	0.819745
70	170	0.809226
70	173	0.820215
70	176	0.831622
70	180	0.796462
71	2	0.936087
71	15	0.818964
71	21	1.03429
71	30	1.02178
71	36	1.00392
71	47	1.09175
71	48	1.10184
71	68	0.989639
71	75	0.978066
71	112	1.03418
71	145	1.16315
71	146	1.12916
71	148	1.15398
71	158	1.17506
71	165	0.96272
71	172	1.58667
71	179	0.915613
72	8	1.12153
72	19	0.891427
72	26	0.977678
72	28	0.99628
72	33	1.02935
72	38	0.834167
72	39	0.975974
72	44	1.10626
72	56	0.906396
72	65	1.01359
72	67	0.96506
72	70	1.57806
72	77	0.999017
72	93	0.872902
72	112	1.01296
72	147	1.01944
72	149	1.11625
73	44	0.556026
73	62	0.973919
73	79	0.95639
73	82	1.05844
73	100	1.00754
73	106	1.02801
73	111	1.02736
73	113	1.00989
73	115	0.955016
73	116	1.0059
73	117	0.980564
73	133	1.05621
73	165	1.09837
73	172	1.41525
73	177	0.879448
73	178	2.00384
73	179	0.927023
74	4	0.937461
74	16	0.936796
74	23	0.905099
74	32	1.16379
74	60	0.949691
74	69	1.00825
74	78	0.958611
74	83	0.957893
74	87	1.05534
74	90	0.990258
74	112	1.03454
74	129	1.08117
74	139	1.01964
74	156	0.96687
74	162	1.21343
74	172	1.37808
74	177	1.52975
75	2	0.936291
75	15	0.819168
75	21	1.03449
75	25	0.994542
75	30	1.02199
75	36	1.00413
75	47	1.09196
75	48	1.10204
75	68	0.989844
75	71	0.978066
75	81	1.17625
75	112	1.03438
75	128	1.2978
75	129	1.37426
75	154	1.14916
75	165	0.962925
75	179	0.915817
76	42	0.965599
76	102	0.90869
76	119	0.982348
76	121	0.971716
76	131	0.967696
76	137	0.989427
76	138	0.984128
76	140	1.02491
76	141	1.02274
76	143	1.00482
76	147	0.985944
76	151	1.04075
76	152	0.989525
76	165	1.16582
76	166	0.941165
76	172	1.48271
76	174	1.70345
77	19	0.955019
77	26	1.04127
77	28	1.05987
77	33	1.09294
77	39	1.03957
77	44	1.16985
77	56	0.969989
77	65	1.07718
77	66	1.12234
77	67	1.02865
77	72	0.999017
77	112	1.07655
77	147	1.08303
77	164	1.04934
77	170	1.18771
77	171	1.27293
77	176	0.90941
77	180	1.03575
78	4	0.917489
78	7	0.662896
78	16	0.916825
78	23	0.885127
78	32	1.14382
78	41	0.910181
78	60	0.929719
78	69	0.988277
78	74	0.958611
78	83	0.937921
78	87	1.03537
78	112	1.01457
78	139	0.999666
78	155	0.814271
78	156	0.946898
78	171	1.29971
78	175	1.95242
78	178	1.59543
79	20	1.33351
79	27	1.12381
79	45	0.951965
79	73	0.95639
79	106	0.98372
79	111	0.983063
79	113	0.9656
79	116	0.961606
79	117	0.936271
79	133	1.01192
79	139	0.986395
79	142	1.22065
79	145	1.22894
79	146	1.19495
79	161	0.999686
79	163	1.29628
79	177	0.835155
79	179	0.882731
80	67	1.1151
80	69	1.11573
80	112	0.823267
80	116	0.855131
80	127	1.02013
80	132	1.00091
80	134	1.00077
80	136	1.03558
80	138	1.0134
80	141	1.05201
80	152	1.0188
80	155	0.992352
80	161	0.799849
80	169	0.937503
80	171	0.908015
80	175	0.839533
80	178	0.869502
80	180	0.914221
81	68	0.975543
81	75	1.17625
81	88	1.10449
81	112	0.714482
81	134	0.909186
81	148	1.03179
81	150	0.929758
81	155	1.00555
81	162	0.97592
81	167	0.975658
81	168	0.995109
81	169	0.950703
81	172	0.946668
81	173	0.951173
81	174	0.914773
81	175	0.852733
81	176	0.96258
81	180	0.92742
82	41	1.05389
82	45	1.05402
82	64	1.05492
82	73	1.05844
82	100	1.0653
82	106	1.08577
82	111	1.08511
82	113	1.06765
82	116	1.06366
82	117	1.03832
82	128	0.84185
82	159	1.05293
82	161	1.10174
82	164	1.2845
82	168	1.04915
82	177	0.937206
82	179	0.984782
82	180	1.27091
83	4	0.916771
83	16	0.916106
83	23	0.884409
83	32	1.1431
83	38	0.932893
83	41	0.909463
83	60	0.929001
83	69	0.987559
83	74	0.957893
83	78	0.937921
83	84	1.41198
83	87	1.03465
83	97	0.918816
83	112	1.01385
83	139	0.998948
83	156	0.94618
83	172	1.5379
83	173	1.47006
84	38	1.07503
84	48	1.17582
84	55	1.32449
84	70	0.873209
84	83	1.41198
84	141	1.27079
84	153	0.986712
84	163	0.946663
84	167	0.915941
84	169	0.890987
84	170	0.880468
84	172	0.886952
84	173	0.891457
84	174	0.855056
84	175	0.793017
84	176	0.902863
84	178	0.822986
84	180	0.867704
85	59	1.11604
85	114	1.11605
85	120	1.06918
85	125	1.16913
85	126	1.05686
85	127	1.07841
85	132	1.05918
85	134	1.05904
85	136	1.09386
85	156	1.05459
85	160	0.962647
85	165	1.05081
85	169	1.09303
85	171	1.30896
85	172	1.01609
85	176	0.945442
85	177	1.16776
86	19	1.84528
86	33	1.54859
86	66	0.826918
86	135	0.883854
86	136	1.77328
86	142	0.921802
86	155	0.877697
86	162	0.848064
86	163	0.878524
86	167	0.847803
86	168	0.867254
86	169	0.822848
86	170	0.812329
86	173	0.823318
86	174	0.786917
86	176	0.834725
86	178	0.754847
86	180	0.799565
87	1	1.10273
87	30	0.914507
87	40	0.911019
87	48	0.625213
87	69	1.08501
87	74	1.05534
87	78	1.03537
87	83	1.03465
87	96	0.829356
87	98	0.858793
87	126	1.0459
87	132	1.04822
87	134	1.04808
87	136	1.08289
87	169	0.984813
87	173	0.985283
87	174	0.948882
87	176	0.99669
87	180	0.96153
88	34	0.84277
88	59	0.839948
88	70	0.973529
88	81	1.10449
88	90	1.07236
88	91	1.05818
88	103	1.09961
88	141	0.756226
88	148	1.0724
88	155	1.04616
88	156	0.797769
88	157	1.0599
88	158	1.09643
88	161	0.545504
88	168	1.03571
88	174	0.955376
88	175	0.893337
88	178	0.923306
88	180	0.968024
89	7	1.16615
89	44	1.15425
89	49	1.01088
89	52	1.00455
89	53	0.964221
89	91	0.959285
89	98	1.00646
89	99	1.01057
89	104	1.07283
89	118	0.988231
89	123	0.962388
89	133	1.07158
89	139	1.01508
89	146	1.05259
89	147	1.06743
89	161	1.05934
89	162	1.34545
89	164	0.92459
89	166	1.24997
90	2	1.43945
90	74	0.990258
90	88	1.07236
90	103	1.02688
90	125	0.935429
90	132	0.860564
90	135	0.979578
90	157	0.987169
90	158	1.0237
90	160	0.934731
90	161	0.79816
90	163	0.974248
90	168	0.962978
90	169	0.918572
90	172	0.914537
90	175	0.820602
90	176	0.930449
90	178	0.850571
90	180	0.89529
91	12	1.02673
91	28	0.972149
91	40	0.94851
91	49	0.938754
91	52	0.932426
91	53	0.892097
91	88	1.05818
91	89	0.959285
91	98	0.934336
91	99	0.938444
91	104	1.00071
91	108	1.13122
91	118	0.916107
91	147	0.995309
91	154	1.17665
91	161	0.987218
91	164	0.852465
91	166	1.43854
91	169	1.7756
92	22	0.669762
92	51	1.0107
92	117	1.02332
92	126	1.02294
92	131	1.02132
92	132	1.02526
92	134	1.02512
92	136	1.05993
92	147	1.00278
92	148	1.06685
92	151	1.09437
92	152	1.04315
92	154	0.977528
92	161	1.08673
92	164	1.56883
92	166	0.994787
92	177	0.9222
92	179	0.969775
92	180	1.55524
93	12	0.782842
93	72	0.872902
93	115	1.13238
93	118	0.675168
93	136	0.749285
93	137	0.796569
93	142	1.09218
93	143	0.902665
93	154	1.13727
93	158	1.09836
93	163	1.0489
93	167	1.01818
93	168	1.03763
93	169	0.993228
93	172	0.989193
93	174	0.957297
93	175	0.895257
93	178	0.925226
93	180	0.969945
94	26	0.84112
94	28	1.01111
94	35	0.924854
94	66	1.01295
94	118	0.61521
94	130	1.04134
94	138	0.81213
94	156	0.812019
94	157	1.07748
94	158	1.11401
94	160	1.02504
94	163	1.06456
94	167	1.03384
94	170	0.998366
94	172	1.00485
94	176	1.02076
94	177	0.969229
94	178	0.940883
94	180	0.985602
95	2	1.27987
95	21	0.726498
95	27	0.68218
95	103	1.12357
95	116	0.693858
95	124	1.05667
95	125	0.775844
95	134	0.856697
95	155	1.07012
95	160	1.03143
95	167	1.04022
95	168	1.05967
95	170	1.00475
95	172	1.01123
95	173	1.01574
95	175	0.917297
95	176	1.02714
95	178	0.947266
95	180	0.991985
96	57	0.962758
96	87	0.829356
96	101	1.01091
96	119	1.00674
96	121	0.996108
96	131	0.992089
96	137	1.01382
96	138	1.00852
96	140	1.0493
96	141	1.04713
96	143	1.02921
96	147	1.00911
96	152	1.01392
96	155	1.31331
96	156	0.991442
96	163	1.14969
96	166	0.965558
96	171	0.903137
96	173	1.43803
96	179	1.3897
97	52	1.05124
97	83	0.918816
97	113	0.849063
97	120	0.869476
97	141	0.77762
97	149	1.062
97	151	0.628167
97	155	1.04675
97	157	1.0605
97	163	1.04758
97	167	1.01686
97	170	0.981386
97	171	0.962417
97	172	0.98787
97	173	0.992375
97	174	0.955974
97	175	0.893935
97	176	1.00378
97	179	0.999825
97	180	0.968622
98	12	1.07391
98	40	0.995685
98	49	0.985929
98	52	0.979601
98	87	0.858793
98	89	1.00646
98	91	0.934336
98	99	0.985619
98	104	1.04789
98	118	0.963281
98	133	1.04663
98	147	1.04248
98	150	0.984656
98	153	1.10376
98	154	1.0133
98	157	1.21444
98	161	1.03439
98	164	0.89964
98	173	1.46747
98	176	1.46467
99	12	1.07801
99	49	0.990037
99	52	0.983709
99	53	0.94338
99	89	1.01057
99	91	0.938444
99	98	0.985619
99	104	1.05199
99	118	0.967389
99	123	0.933811
99	133	1.05074
99	139	0.9865
99	147	1.04659
99	150	0.988764
99	157	1.16065
99	161	1.0385
99	164	0.903748
99	167	1.2884
99	168	1.31545
99	170	1.68917
100	41	1.29972
100	45	1.00311
100	62	0.980774
100	64	1.00402
100	73	1.00754
100	82	1.0653
100	111	1.03421
100	113	1.01675
100	116	1.01275
100	117	0.987419
100	139	1.03754
100	147	0.964279
100	148	1.02835
100	161	1.05083
100	162	1.29639
100	165	1.14416
100	166	0.95889
100	173	1.39319
100	177	0.886302
100	179	0.933878
101	1	0.934811
101	6	0.914804
101	96	1.01091
101	102	0.840434
101	109	1.04939
101	115	0.954218
101	121	0.979289
101	128	1.01341
101	131	0.975269
101	137	0.997
101	138	0.991701
101	140	1.03248
101	141	1.03031
101	143	1.01239
101	151	1.04832
101	152	0.997098
101	154	0.892438
101	157	1.09358
101	167	1.22133
101	175	2.36003
102	22	1.12306
102	31	0.962693
102	52	1.09631
102	61	0.944792
102	76	0.90869
102	101	0.840434
102	103	1.06999
102	122	1.01624
102	130	0.994144
102	145	1.08367
102	159	1.01216
102	160	0.977848
102	162	0.986905
102	163	1.01737
102	167	0.986644
102	168	1.00609
102	173	0.962159
102	175	0.863719
102	176	0.973566
102	180	0.938406
103	49	1.03434
103	61	0.883225
103	88	1.09961
103	90	1.02688
103	95	1.12357
103	102	1.06999
103	119	0.856977
103	121	0.766143
103	124	0.987231
103	140	0.767323
103	148	1.02692
103	150	0.789097
103	159	0.996303
103	160	0.961987
103	162	0.971045
103	163	1.0015
103	170	0.93531
103	171	0.91634
103	173	0.946298
103	180	0.922546
104	28	1.0857
104	40	1.06206
104	49	1.0523
104	52	1.04598
104	53	1.00565
104	89	1.07283
104	91	1.00071
104	98	1.04789
104	99	1.05199
104	118	1.02966
104	124	1.27572
104	129	1.04764
104	147	1.10886
104	150	1.05103
104	155	1.15198
104	158	0.932942
104	161	1.10077
104	164	0.966015
104	165	1.02767
104	166	1.08443
104	172	1.34455
105	9	1.67624
105	11	1.16255
105	26	1.0794
105	67	1.11329
105	115	1.0316
105	153	0.988177
105	154	1.0365
105	156	1.0503
105	158	0.99758
105	159	0.942926
105	162	0.917668
105	164	0.882575
105	168	0.936858
105	169	0.892452
105	170	0.881933
105	172	0.888417
105	173	0.892922
105	175	0.794481
105	176	0.904328
105	178	0.82445
105	180	0.869169
106	27	1.19543
106	45	1.02359
106	62	1.00125
106	64	1.02449
106	73	1.02801
106	79	0.98372
106	82	1.08577
106	111	1.05468
106	113	1.03722
106	116	1.03323
106	117	1.00789
106	124	1.20828
106	146	0.819603
106	147	0.780355
106	160	1.22367
106	161	1.07131
106	166	0.979364
106	169	1.35405
106	174	1.49786
106	177	0.906777
106	179	0.954353
106	180	1.33281
107	36	0.931127
107	56	1.40363
107	59	1.20983
107	126	1.22153
107	135	0.974286
107	137	1.09225
107	155	0.968129
107	158	1.01841
107	162	0.938497
107	167	0.938235
107	168	0.957686
107	170	0.902762
107	171	0.883792
107	172	0.909245
107	173	0.91375
107	174	0.87735
107	175	0.81531
107	176	0.925157
107	178	0.845279
107	179	0.9212
107	180	0.889998
108	54	0.986838
108	91	1.13122
108	109	0.763034
108	129	1.03204
108	131	1.04689
108	148	1.03991
108	153	1.05455
108	156	0.870805
108	159	1.0093
108	160	0.974984
108	161	0.61854
108	162	0.984041
108	163	1.0145
108	165	1.01385
108	167	0.983779
108	172	0.95479
108	173	0.959295
108	175	0.860854
108	176	0.970701
108	178	0.890823
108	180	0.935542
109	1	0.99011
109	6	0.970103
109	9	0.968637
109	13	0.92176
109	42	1.02847
109	101	1.04939
109	108	0.763034
109	119	1.04522
109	121	1.03459
109	123	0.782769
109	131	1.03057
109	137	1.0523
109	143	1.06769
109	150	1.04624
109	151	1.10362
109	152	1.0524
109	159	1.1682
109	166	1.00404
109	168	1.16441
109	169	1.40742
109	170	1.53813
109	171	0.941616
110	12	1.33161
110	21	1.2564
110	65	1.26105
110	124	0.896043
110	126	0.915725
110	127	0.93727
110	132	0.918047
110	133	1.15019
110	134	0.917905
110	136	0.952717
110	140	0.971314
110	141	0.969143
110	143	0.951228
110	151	0.987157
110	152	0.935932
110	157	0.923236
110	160	0.870799
110	161	1.16848
110	172	0.850605
110	174	0.818709
110	175	0.756669
110	180	0.831357
111	27	1.19478
111	45	1.02293
111	62	1.00059
111	73	1.02736
111	79	0.983063
111	82	1.08511
111	100	1.03421
111	106	1.05468
111	113	1.03657
111	116	1.03257
111	117	1.00724
111	128	0.665456
111	155	0.846253
111	161	1.07065
111	166	0.978708
111	169	1.11576
111	170	1.24647
111	174	1.25957
111	175	1.9844
111	177	0.90612
111	179	0.953696
111	180	1.09452
112	16	0.992753
112	56	0.983932
112	65	1.09113
112	67	1.0426
112	68	1.04596
112	71	1.03418
112	72	1.01296
112	74	1.03454
112	75	1.03438
112	77	1.07655
112	78	1.01457
112	80	0.823267
112	81	0.714482
112	83	1.01385
112	128	0.836037
112	142	0.777595
112	156	1.02283
112	165	1.01904
112	169	1.28634
112	173	1.14156
112	175	2.15498
112	179	0.97193
113	62	0.983129
113	64	1.00637
113	73	1.00989
113	79	0.9656
113	82	1.06765
113	97	0.849063
113	100	1.01675
113	106	1.03722
113	111	1.03657
113	116	1.01511
113	117	0.989774
113	128	1.09478
113	133	1.06542
113	139	1.0399
113	148	1.03546
113	161	1.05319
113	163	1.11197
113	165	1.15127
113	166	0.961245
113	167	1.27503
113	171	1.76102
113	177	0.888658
113	179	0.936233
114	3	1.0821
114	13	0.927814
114	37	1.04621
114	59	1.07806
114	66	1.47882
114	85	1.11605
114	120	1.0312
114	125	1.13114
114	126	1.01888
114	127	1.04042
114	132	1.0212
114	134	1.02106
114	136	1.05587
114	145	0.913016
114	146	1.04316
114	154	0.814522
114	156	1.01661
114	158	0.924923
114	165	1.01282
114	166	1.07641
114	176	1.26589
115	27	0.769359
115	73	0.955016
115	93	1.13238
115	101	0.954218
115	105	1.0316
115	118	0.781209
115	120	1.02833
115	128	1.07428
115	142	1.07563
115	149	1.04677
115	151	0.787022
115	152	0.702098
115	153	1.0724
115	160	0.992835
115	162	1.00189
115	167	1.00163
115	168	1.02108
115	172	0.972641
115	173	0.977146
115	174	0.940745
115	175	0.878705
115	178	0.908674
115	180	0.953393
116	27	1.17332
116	45	1.00147
116	62	0.979135
116	64	1.00238
116	73	1.0059
116	79	0.961606
116	80	0.855131
116	82	1.06366
116	95	0.693858
116	100	1.01275
116	106	1.03323
116	111	1.03257
116	113	1.01511
116	117	0.98578
116	153	0.80972
116	159	1.07899
116	161	1.04919
116	164	1.31055
116	166	0.95725
116	174	1.46201
116	177	0.884663
116	178	1.82986
116	179	0.932239
117	10	1.10422
117	27	1.14799
117	45	0.976139
117	62	0.953801
117	73	0.980564
117	79	0.936271
117	82	1.03832
117	92	1.02332
117	100	0.987419
117	106	1.00789
117	111	1.00724
117	113	0.989774
117	116	0.98578
117	129	1.18531
117	133	1.0361
117	139	1.01057
117	144	1.02252
117	158	1.0706
117	159	1.31993
117	166	0.931916
117	173	1.41437
117	176	1.41157
117	177	0.859329
117	179	0.906904
118	12	1.05568
118	20	0.92249
118	28	1.00109
118	40	0.977456
118	44	1.11108
118	49	0.967699
118	52	0.961371
118	53	0.921042
118	89	0.988231
118	91	0.916107
118	93	0.675168
118	94	0.61521
118	98	0.963281
118	99	0.967389
118	104	1.02966
118	115	0.781209
118	133	1.0284
118	147	1.02425
118	150	0.966427
118	160	1.188
118	161	1.01616
118	164	0.881411
118	171	1.53431
118	175	2.18702
119	13	1.08384
119	50	1.10011
119	51	0.960484
119	57	0.941771
119	76	0.982348
119	96	1.00674
119	103	0.856977
119	109	1.04522
119	131	0.971102
119	137	0.992833
119	138	0.987533
119	140	1.02831
119	141	1.02614
119	143	1.00823
119	144	1.03286
119	150	0.986777
119	151	1.04416
119	152	0.992931
119	156	0.970455
119	163	1.13638
119	165	1.17568
119	166	0.94457
119	171	0.88215
119	174	1.71331
120	3	1.03523
120	37	0.999338
120	59	1.03119
120	85	1.06918
120	97	0.869476
120	114	1.0312
120	115	1.02833
120	122	0.980489
120	124	1.41973
120	125	1.08427
120	126	0.972011
120	127	0.993556
120	128	1.00853
120	132	0.974333
120	134	0.974191
120	136	1.009
120	142	1.05675
120	146	0.996294
120	153	1.05701
120	156	0.969742
120	157	1.16769
120	160	1.43512
120	165	0.965954
121	1	0.920011
121	9	0.898539
121	57	0.931139
121	76	0.971716
121	96	0.996108
121	101	0.979289
121	103	0.766143
121	109	1.03459
121	122	0.97057
121	137	0.9822
121	138	0.976901
121	140	1.01768
121	141	1.01551
121	143	0.997595
121	145	0.978207
121	149	1.0788
121	151	1.03352
121	152	0.982299
121	156	0.959823
121	159	1.23944
121	166	0.933938
121	171	0.871518
121	176	1.33108
121	178	1.99032
121	180	1.45742
122	54	0.981219
122	55	0.979888
122	102	1.01624
122	120	0.980489
122	121	0.97057
122	123	1.04255
122	126	0.968172
122	127	0.989717
122	132	0.970494
122	134	0.970352
122	136	1.00516
122	137	0.988281
122	138	0.982982
122	143	1.00368
122	151	1.0396
122	152	0.988379
122	155	1.39769
122	157	1.26939
122	161	1.03196
122	163	1.23407
122	164	0.89721
122	168	1.42419
122	171	0.877598
122	177	0.867431
122	179	1.47408
123	30	1.04332
123	45	1.02784
123	66	0.995439
123	89	0.962388
123	99	0.933811
123	109	0.782769
123	122	1.04255
123	142	1.09032
123	143	0.921228
123	144	1.08485
123	149	1.06146
123	153	1.08709
123	154	1.13541
123	159	1.04184
123	161	0.638275
123	162	1.01659
123	167	1.01632
123	169	0.991369
123	170	0.98085
123	173	0.991839
123	174	0.955438
123	175	0.893398
123	176	1.00325
123	177	0.951713
123	178	0.923367
123	180	0.968086
124	8	0.971703
124	37	1.21059
124	62	1.37608
124	95	1.05667
124	103	0.987231
124	104	1.27572
124	106	1.20828
124	110	0.896043
124	120	1.41973
124	133	1.09886
124	135	0.939932
124	144	0.972403
124	149	0.949021
124	154	1.02297
124	159	0.929401
124	167	0.903881
124	168	0.923332
124	169	0.878926
124	170	0.868407
124	172	0.874891
124	173	0.879396
124	174	0.842995
124	175	0.780956
124	177	0.839271
124	178	0.810925
124	180	0.855643
125	3	1.13517
125	25	0.646624
125	37	1.09928
125	41	1.16193
125	59	1.13113
125	85	1.16913
125	90	0.935429
125	95	0.775844
125	114	1.13114
125	120	1.08427
125	126	1.07196
125	127	1.0935
125	132	1.07428
125	134	1.07414
125	136	1.10895
125	145	0.899736
125	146	1.09624
125	148	0.890562
125	156	1.06969
125	163	0.967072
125	165	1.0659
125	179	1.20707
126	3	1.02291
126	37	0.987021
126	59	1.01887
126	85	1.05686
126	87	1.0459
126	92	1.02294
126	107	1.22153
126	110	0.915725
126	114	1.01888
126	120	0.972011
126	122	0.968172
126	125	1.07196
126	127	0.981239
126	128	0.996214
126	132	0.962015
126	134	0.961874
126	135	1.30238
126	136	0.996686
126	142	1.06032
126	146	0.983976
126	149	1.16921
126	153	1.06058
126	156	0.957425
126	157	1.17126
126	165	0.953636
126	166	1.232
126	173	1.42428
127	3	1.04446
127	37	1.00857
127	38	0.77901
127	44	0.524798
127	59	1.04042
127	80	1.02013
127	85	1.07841
127	110	0.93727
127	114	1.04042
127	120	0.993556
127	122	0.989717
127	125	1.0935
127	126	0.981239
127	128	1.01776
127	132	0.983561
127	134	0.983419
127	136	1.01823
127	146	1.00552
127	155	1.19145
127	156	0.97897
127	164	1.4533
127	165	0.975181
127	166	1.12389
127	172	1.38402
127	179	1.26784
127	180	1.43972
128	32	0.882293
128	54	1.18092
128	56	1.30086
128	75	1.2978
128	82	0.84185
128	101	1.01341
128	111	0.665456
128	112	0.836037
128	113	1.09478
128	115	1.07428
128	120	1.00853
128	126	0.996214
128	127	1.01776
128	132	0.998535
128	134	0.998394
128	136	1.03321
128	138	1.01102
128	143	1.03172
128	144	1.02861
128	151	1.06765
128	152	1.01642
128	159	0.985603
128	160	0.951287
128	171	0.90564
128	174	0.899198
128	176	0.947005
128	180	0.911846
129	20	0.964978
129	41	0.932833
129	55	1.1535
129	66	0.914803
129	69	1.20495
129	74	1.08117
129	75	1.37426
129	104	1.04764
129	108	1.03204
129	117	1.18531
129	135	0.971739
129	150	1.12777
129	154	1.05478
129	158	1.01586
129	159	0.961208
129	160	0.926892
129	162	0.93595
129	167	0.935688
129	168	0.955139
129	170	0.900215
129	172	0.906698
129	173	0.911203
129	174	0.874803
129	175	0.812763
129	176	0.92261
129	178	0.842732
129	179	0.918654
129	180	0.887451
130	15	2.03012
130	16	1.29569
130	50	1.01439
130	55	1.05753
130	59	1.08755
130	67	1.10836
130	94	1.04134
130	102	0.994144
130	135	0.930984
130	141	1.00383
130	145	0.991962
130	148	0.951068
130	153	0.965704
130	154	1.01402
130	157	0.938575
130	160	0.886137
130	164	0.860102
130	169	0.869978
130	170	0.85946
130	172	0.865943
130	173	0.870448
130	174	0.834048
130	175	0.772008
130	176	0.881855
130	178	0.801977
130	180	0.846696
131	1	0.915992
131	6	0.895985
131	9	0.894519
131	42	0.954353
131	57	0.927119
131	76	0.967696
131	92	1.02132
131	96	0.992089
131	101	0.975269
131	108	1.04689
131	109	1.03057
131	119	0.971102
131	137	0.978181
131	138	0.972882
131	139	1.11931
131	140	1.01366
131	141	1.01149
131	143	0.993575
131	146	1.15682
131	147	1.11757
131	151	1.0295
131	152	0.978279
131	153	1.18278
131	156	0.955803
131	158	1.20272
131	166	0.929918
131	171	0.867498
131	177	1.766
131	180	1.67003
132	3	1.02523
132	37	0.989343
132	59	1.02119
132	61	1.05705
132	80	1.00091
132	85	1.05918
132	87	1.04822
132	90	0.860564
132	92	1.02526
132	110	0.918047
132	114	1.0212
132	120	0.974333
132	122	0.970494
132	125	1.07428
132	126	0.962015
132	127	0.983561
132	128	0.998535
132	134	0.964196
132	135	1.05864
132	136	0.999008
132	146	0.986298
132	155	1.05582
132	156	0.959747
132	160	1.19495
132	165	0.955958
132	171	1.54126
132	172	1.24839
132	176	1.17774
132	177	1.40006
132	180	1.30409
133	38	0.562686
133	40	1.0608
133	50	0.775241
133	52	1.04472
133	53	1.00439
133	54	1.04877
133	55	1.04744
133	63	1.08306
133	70	1.30658
133	73	1.05621
133	79	1.01192
133	89	1.07158
133	98	1.04663
133	99	1.05074
133	110	1.15019
133	113	1.06542
133	117	1.0361
133	118	1.0284
133	124	1.09886
133	154	0.645684
133	159	1.00541
133	161	1.09951
133	164	0.964758
133	170	1.37535
133	171	0.945146
133	174	1.38844
133	177	0.93498
133	179	0.982555
134	3	1.02509
134	37	0.989201
134	59	1.02105
134	61	1.05691
134	80	1.00077
134	81	0.909186
134	85	1.05904
134	87	1.04808
134	92	1.02512
134	95	0.856697
134	110	0.917905
134	114	1.02106
134	120	0.974191
134	122	0.970352
134	125	1.07414
134	126	0.961874
134	127	0.983419
134	128	0.998394
134	132	0.964196
134	136	0.998866
134	142	0.972299
134	145	0.980589
134	146	0.986156
134	156	0.959605
134	157	1.08324
134	165	0.955816
134	169	1.48105
134	171	1.69698
134	176	1.33346
134	179	1.28793
135	12	1.15936
135	39	1.31293
135	62	1.25516
135	86	0.883854
135	90	0.979578
135	107	0.974286
135	124	0.939932
135	126	1.30238
135	129	0.971739
135	130	0.930984
135	132	1.05864
135	137	1.17309
135	152	0.972576
135	155	0.953378
135	157	0.967125
135	158	1.00366
135	159	0.949003
135	160	0.914688
135	162	0.923745
135	163	0.954205
135	169	0.898529
135	170	0.88801
135	171	0.86904
135	172	0.894494
135	173	0.898999
135	174	0.862598
135	176	0.910405
135	178	0.830527
135	180	0.875246
136	3	1.0599
136	25	0.638929
136	37	1.02401
136	59	1.05586
136	61	1.09172
136	80	1.03558
136	85	1.09386
136	86	1.77328
136	87	1.08289
136	92	1.05993
136	93	0.749285
136	110	0.952717
136	114	1.05587
136	120	1.009
136	122	1.00516
136	125	1.10895
136	126	0.996686
136	127	1.01823
136	128	1.03321
136	132	0.999008
136	134	0.998866
136	146	1.02097
136	147	0.818797
136	154	0.793547
136	156	0.994418
136	158	0.903947
136	160	1.26212
136	165	0.990629
136	167	1.12244
136	171	1.60843
136	176	1.24491
137	1	0.937723
137	6	0.917716
137	9	0.91625
137	51	0.967563
137	76	0.989427
137	93	0.796569
137	96	1.01382
137	101	0.997
137	107	1.09225
137	109	1.0523
137	119	0.992833
137	121	0.9822
137	122	0.988281
137	131	0.978181
137	135	1.17309
137	138	0.994613
137	140	1.03539
137	141	1.03322
137	143	1.01531
137	144	0.903147
137	150	0.993857
137	151	1.05123
137	152	1.00001
137	155	1.17027
137	156	0.977534
137	162	1.19819
137	164	1.43213
137	166	0.95165
137	171	0.889229
137	173	1.295
137	174	1.58359
138	6	0.912417
138	42	0.970785
138	51	0.962264
138	57	0.943551
138	61	1.06954
138	76	0.984128
138	80	1.0134
138	94	0.81213
138	96	1.00852
138	101	0.991701
138	119	0.987533
138	121	0.976901
138	122	0.982982
138	128	1.01102
138	131	0.972882
138	137	0.994613
138	140	1.03009
138	141	1.02792
138	146	0.980849
138	149	1.11544
138	151	1.04594
138	152	0.994711
138	153	1.00681
138	156	0.972235
138	165	1.12148
138	166	0.94635
138	167	1.24524
138	169	1.5153
138	170	1.64601
138	171	0.88393
138	174	1.65911
139	16	0.977851
139	23	0.946154
139	39	1.00766
139	60	0.990746
139	63	1.02216
139	69	1.0493
139	74	1.01964
139	78	0.999666
139	79	0.986395
139	83	0.998948
139	89	1.01508
139	99	0.9865
139	100	1.03754
139	113	1.0399
139	117	1.01057
139	131	1.11931
139	141	0.901685
139	143	0.973917
139	150	0.929658
139	151	0.752232
139	156	1.00792
139	158	1.05424
139	166	0.98204
139	170	0.93859
139	173	0.949578
139	174	0.913178
139	175	0.851138
139	176	0.960985
139	177	0.909453
139	178	0.881107
139	179	0.957028
139	180	0.925825
140	6	0.953196
140	9	0.951731
140	10	1.02491
140	42	1.01156
140	51	1.00304
140	57	0.984331
140	61	1.11032
140	76	1.02491
140	96	1.0493
140	101	1.03248
140	103	0.767323
140	110	0.971314
140	119	1.02831
140	121	1.01768
140	131	1.01366
140	137	1.03539
140	138	1.03009
140	141	1.0687
140	142	0.971098
140	143	1.05079
140	147	0.906145
140	151	1.08672
140	152	1.03549
140	154	0.880894
140	156	1.01301
140	158	0.991295
140	160	1.34946
140	166	0.98713
140	171	0.924709
140	173	1.33506
140	174	1.62365
140	177	1.55458
141	6	0.951025
141	9	0.949559
141	42	1.00939
141	51	1.00087
141	57	0.982159
141	76	1.02274
141	80	1.05201
141	84	1.27079
141	88	0.756226
141	96	1.04713
141	97	0.77762
141	101	1.03031
141	110	0.969143
141	119	1.02614
141	121	1.01551
141	130	1.00383
141	131	1.01149
141	137	1.03322
141	138	1.02792
141	139	0.901685
141	140	1.0687
141	143	1.04861
141	149	1.07378
141	150	1.02717
141	151	1.08454
141	152	1.03332
141	153	0.965159
141	156	1.01084
141	160	1.34327
141	166	0.984958
141	168	1.23064
141	172	1.39671
142	8	1.02925
142	42	1.25296
142	69	1.07005
142	79	1.22065
142	86	0.921802
142	93	1.09218
142	112	0.777595
142	115	1.07563
142	120	1.05675
142	123	1.09032
142	126	1.06032
142	134	0.972299
142	140	0.971098
142	144	1.02995
142	149	1.00657
142	150	0.992872
142	153	1.0322
142	157	1.00507
142	159	0.986951
142	162	0.961693
142	163	0.992153
142	167	0.961431
142	168	0.980883
142	169	0.936477
142	170	0.925958
142	172	0.932442
142	174	0.900546
142	175	0.838507
142	176	0.948353
142	178	0.868476
142	179	0.944397
142	180	0.913194
143	1	0.953117
143	9	0.931645
143	42	0.991478
143	51	0.982957
143	57	0.964245
143	76	1.00482
143	93	0.902665
143	96	1.02921
143	101	1.01239
143	109	1.06769
143	110	0.951228
143	119	1.00823
143	121	0.997595
143	122	1.00368
143	123	0.921228
143	128	1.03172
143	131	0.993575
143	137	1.01531
143	139	0.973917
143	140	1.05079
143	141	1.04861
143	148	1.03625
143	149	1.14602
143	150	1.00925
143	151	1.06663
143	152	1.0154
143	156	0.992928
143	158	1.05733
143	166	0.967044
143	167	1.27582
143	173	1.40109
143	176	1.39829
143	179	1.35276
144	1	1.31956
144	22	1.09237
144	48	0.842038
144	52	1.21063
144	64	1.06814
144	117	1.02252
144	119	1.03286
144	123	1.08485
144	124	0.972403
144	128	1.02861
