1	10	1.79612
1	123	1.49688
1	128	0.828396
1	166	0.788025
1	167	1.50106
1	174	0.803772
1	175	0.7875
1	176	0.795848
1	177	0.790899
1	178	0.803843
1	179	0.800467
1	180	0.80125
2	68	1.03759
2	116	1.28791
2	118	1.19834
2	153	0.897161
2	160	1.26938
2	171	0.896281
2	174	0.908243
2	175	0.89197
2	176	0.900318
2	177	0.895369
2	179	0.904937
2	180	0.905721
3	53	0.784321
3	62	0.757171
3	64	0.841944
3	66	0.805904
3	69	0.817531
3	70	0.811716
3	89	0.803069
3	95	0.789172
3	97	0.789172
3	117	1.67876
3	131	1.5151
3	146	1.61207
4	111	0.909795
4	150	1.2194
4	155	1.12874
4	159	0.906941
4	165	1.20197
4	167	1.2419
4	174	0.903797
4	175	0.887525
4	176	0.895873
4	177	0.890924
4	178	0.903868
4	180	0.901275
5	147	1.16371
5	148	0.896042
5	150	0.91261
5	151	1.19265
5	156	0.901878
5	157	0.897694
5	160	0.907869
5	166	1.27817
5	168	0.889337
5	172	0.905644
5	173	0.888926
5	176	1.17393
6	35	1.40287
6	51	0.758284
6	52	0.758199
6	61	0.736136
6	71	0.765744
6	81	0.798492
6	85	0.845107
6	101	0.805454
6	107	0.857668
6	131	1.65506
6	170	0.874916
6	176	1.74842
7	73	0.93783
7	130	1.2005
7	139	0.891539
7	144	0.907689
7	145	0.882792
7	160	0.902142
7	165	0.902544
7	167	0.892263
7	170	1.08243
7	173	0.8832
7	174	1.297
7	178	1.22805
8	53	0.871691
8	67	0.893522
8	69	0.904901
8	74	0.953453
8	89	0.890439
8	93	0.932911
8	95	0.876541
8	97	0.876541
8	128	1.18935
8	138	1.26269
8	146	1.26203
8	170	1.09334
9	36	1.31738
9	58	1.44976
9	94	0.925271
9	140	1.13078
9	150	0.910597
9	156	0.899866
9	158	0.89042
9	167	0.895977
9	168	0.887325
9	170	0.906221
9	172	0.903631
9	173	0.886913
10	1	1.79612
10	75	0.785278
10	103	0.790559
10	118	0.838202
10	145	0.789645
10	161	1.57383
10	163	0.804276
10	164	0.796103
10	167	0.799115
10	170	1.43378
10	172	0.80677
10	173	0.790052
11	13	0.755532
11	25	0.826247
11	53	0.774533
11	74	0.856295
11	89	0.793281
11	93	0.835753
11	95	0.779383
11	97	0.779383
11	123	0.799594
11	128	1.49062
11	145	1.77079
11	178	1.54022
12	37	1.60848
12	48	0.767659
12	62	0.748401
12	63	0.821781
12	64	0.833175
12	70	0.802946
12	104	0.802201
12	111	1.54888
12	116	0.791268
12	121	0.822567
12	122	0.810002
12	175	1.6496
13	11	0.755532
13	27	0.819773
13	69	0.803923
13	74	0.852476
13	89	0.789461
13	93	0.831933
13	95	0.775564
13	97	0.775564
13	123	0.795775
13	142	1.55903
13	161	1.5896
13	169	1.65706
14	56	1.54803
14	155	1.58671
14	165	1.65995
14	166	0.79209
14	171	0.795875
14	174	0.807837
14	175	0.791565
14	176	0.799913
14	177	0.794964
14	178	0.807908
14	179	0.804532
14	180	0.805315
15	16	0.929193
15	44	0.882736
15	51	0.848296
15	71	0.855756
15	79	1.11869
15	81	0.888504
15	85	0.935119
15	101	0.895466
15	166	1.20914
15	170	0.964928
15	173	1.32223
15	174	1.15438
16	15	0.929193
16	29	1.19793
16	31	0.907902
16	61	0.825645
16	71	0.855253
16	81	0.888001
16	85	0.934616
16	94	1.1719
16	101	0.894963
16	140	1.1358
16	170	0.964425
16	173	1.29365
17	51	0.865493
17	52	0.865407
17	61	0.843345
17	71	0.872952
17	81	0.9057
17	85	0.952316
17	101	0.912663
17	109	1.12431
17	154	1.15852
17	163	1.32085
17	170	0.982125
17	180	1.20007
18	65	0.801602
18	130	1.55073
18	144	0.808517
18	150	0.807712
18	155	0.815996
18	158	0.787535
18	164	0.79008
18	165	0.803373
18	168	0.78444
18	172	0.800746
18	179	1.6319
18	180	1.62339
19	24	1.20897
19	110	1.18352
19	156	1.18837
19	162	0.897789
19	166	0.892806
19	167	1.21032
19	171	0.896591
19	175	0.892281
19	176	0.900629
19	178	0.908624
19	179	0.905248
19	180	0.906031
20	48	0.83159
20	57	0.881656
20	66	0.861066
20	73	1.23164
20	77	1.32246
20	123	0.864544
20	144	1.28766
20	166	0.863189
20	167	1.3506
20	171	0.866974
20	174	0.878936
20	179	0.875631
20	180	0.876414
21	30	1.1913
21	84	1.36417
21	113	1.26351
21	126	1.37457
21	137	0.845728
21	166	0.860858
21	174	0.876606
21	175	0.860333
21	176	0.868681
21	177	0.863732
21	178	0.876677
21	179	0.8733
21	180	0.874084
22	80	0.864228
22	102	0.903225
22	105	0.85334
22	116	0.846348
22	122	0.865083
22	131	0.878235
22	134	0.857808
22	143	1.38324
22	161	0.868423
22	162	1.26857
22	163	0.86331
22	171	1.28716
22	179	1.2651
23	39	0.919412
23	48	0.869506
23	57	0.919573
23	62	0.850249
23	64	0.935023
23	66	0.898982
23	70	0.904794
23	123	0.902461
23	127	1.18673
23	146	1.1835
23	171	1.23611
23	177	1.20118
24	19	1.20897
24	82	1.2795
24	86	0.901556
24	88	0.901121
24	108	0.880192
24	127	1.30929
24	129	0.880938
24	139	0.849061
24	148	0.847838
24	149	1.40858
24	168	0.841133
24	172	0.85744
24	173	0.840721
25	11	0.826247
25	27	0.890488
25	53	0.841429
25	67	0.86326
25	74	0.923191
25	79	1.29262
25	89	0.860177
25	93	0.902649
25	95	0.846279
25	97	0.846279
25	125	1.34868
25	130	1.23182
25	171	1.33505
26	55	1.61697
26	74	1.11614
26	86	1.16843
26	150	1.29034
26	152	0.870691
26	162	0.862506
26	166	0.857523
26	169	0.85661
26	174	0.87327
26	176	0.865346
26	178	0.873341
26	179	0.869965
26	180	0.870748
27	13	0.819773
27	25	0.890488
27	49	1.43886
27	67	0.860605
27	74	0.920536
27	89	0.857522
27	93	0.899994
27	95	0.843624
27	97	0.843624
27	123	0.863835
27	152	1.31664
27	164	1.40171
27	170	1.04719
28	50	1.13674
28	52	0.813731
28	85	0.90064
28	101	0.860987
28	118	1.28729
28	134	1.37462
28	145	1.39248
28	152	0.8621
28	170	0.930449
28	176	0.856755
28	177	0.851806
28	179	0.861374
28	180	0.862157
29	16	1.19793
29	85	1.26017
29	89	0.856565
29	93	0.899036
29	95	0.842667
29	97	0.842667
29	121	1.33457
29	122	1.40457
29	171	0.865308
29	174	0.87727
29	177	0.864397
29	178	0.877341
29	180	0.874748
30	21	1.1913
30	53	0.838718
30	67	0.86055
30	69	0.871928
30	74	0.920481
30	89	0.857466
30	93	0.899938
30	95	0.843569
30	97	0.843569
30	123	0.86378
30	143	1.36678
30	171	1.27069
30	172	1.36985
31	16	0.907902
31	51	0.827005
31	52	0.826919
31	61	0.804857
31	71	0.834464
31	81	0.867213
31	82	1.21692
31	85	0.913828
31	92	1.35693
31	101	0.874175
31	166	1.34412
31	170	0.943637
31	174	1.28936
32	70	1.33
32	76	1.3054
32	144	1.24777
32	148	1.30956
32	149	0.852067
32	171	0.863378
32	174	0.87534
32	175	0.859068
32	176	0.867416
32	177	0.862467
32	178	0.875411
32	179	0.872035
32	180	0.872818
33	104	1.32139
33	139	1.31149
33	144	1.26073
33	151	0.867368
33	163	1.29978
33	166	0.859245
33	169	0.858332
33	174	0.874993
33	175	0.858721
33	177	0.86212
33	178	0.875064
33	179	0.871687
33	180	0.872471
34	71	0.827274
34	81	0.860022
34	101	0.866984
34	103	0.850185
34	111	1.24543
34	153	1.3603
34	155	0.881646
34	165	0.869022
34	167	0.858742
34	170	0.936447
34	171	1.33911
34	173	0.849678
34	178	1.26343
35	6	1.40287
35	51	1.18904
35	67	1.06946
35	93	0.890092
35	105	1.04243
35	139	0.930298
35	148	0.929075
35	168	0.92237
35	171	0.930996
35	172	0.938677
35	176	0.935034
35	177	0.930085
35	178	0.943029
35	180	0.940436
36	9	1.31738
36	40	0.90607
36	84	0.81853
36	96	0.806832
36	102	0.873395
36	105	0.823511
36	116	0.816519
36	121	0.847818
36	122	0.835253
36	149	1.48567
36	161	0.838593
36	163	0.833481
36	175	1.4428
36	178	1.36007
37	12	1.60848
37	48	1.56415
37	129	1.20789
37	140	0.838866
37	155	1.21278
37	162	0.837167
37	169	0.831271
37	174	0.847932
37	175	0.831659
37	176	0.840008
37	177	0.835059
37	178	0.848003
37	179	0.844626
37	180	0.84541
38	71	1.47838
38	113	1.37336
38	135	1.34592
38	158	1.39524
38	159	0.851556
38	166	0.832665
38	169	0.831752
38	171	0.83645
38	174	0.848412
38	175	0.83214
38	176	0.840488
38	177	0.835539
38	179	0.845107
38	180	0.84589
39	23	0.919412
39	48	0.823835
39	57	0.873901
39	62	0.804577
39	64	0.889351
39	66	0.853311
39	70	0.859123
39	107	0.919702
39	109	1.31111
39	111	1.32376
39	123	0.856789
39	131	1.26785
39	142	1.30561
40	36	0.90607
40	63	0.941211
40	102	0.967574
40	116	0.910698
40	121	0.941997
40	122	0.929432
40	125	1.12507
40	131	0.942584
40	142	0.999601
40	144	1.1626
40	161	0.932773
40	163	0.92766
40	172	1.21059
40	174	1.1047
41	101	1.43749
41	104	0.833475
41	116	0.822541
41	121	0.853841
41	122	0.841276
41	156	1.38839
41	163	0.839504
41	165	1.37041
41	172	1.39538
41	174	0.846279
41	175	0.830006
41	178	0.84635
41	179	0.842973
41	180	0.843757
42	77	0.862993
42	80	0.844385
42	84	0.828516
42	92	1.43522
42	96	0.816818
42	104	0.837438
42	105	0.833497
42	116	0.826504
42	121	0.857804
42	146	1.32178
42	158	1.49326
42	161	0.848579
42	163	0.843467
42	179	1.35233
43	60	1.3847
43	129	1.33189
43	148	1.44878
43	151	0.838772
43	159	0.84954
43	163	1.42604
43	169	0.829737
43	174	0.846397
43	175	0.830125
43	176	0.838473
43	177	0.833524
43	178	0.846468
43	179	0.843091
43	180	0.843875
44	15	0.882736
44	51	0.801336
44	57	1.39594
44	58	0.793136
44	61	0.779188
44	101	0.848506
44	108	1.3221
44	123	1.41149
44	170	0.917968
44	173	1.46265
44	174	0.852199
44	175	0.835927
44	177	0.839326
44	180	0.849677
45	57	1.09222
45	138	0.927179
45	150	1.08944
45	151	0.936371
45	160	1.11855
45	164	1.13104
45	169	0.927335
45	171	0.932034
45	173	1.15893
45	175	0.927723
45	176	0.936072
45	177	0.931123
45	179	0.94069
45	180	0.941474
46	133	0.850003
46	136	0.823246
46	138	1.50243
46	143	0.805118
46	148	0.808833
46	150	0.8254
46	155	0.833684
46	159	1.45388
46	160	0.820659
46	167	0.81078
46	168	0.802128
46	172	0.818434
46	173	0.801716
46	177	1.51945
46	179	1.53232
47	57	0.917061
47	62	0.847738
47	66	0.896471
47	70	0.902283
47	122	1.19913
47	123	0.899949
47	132	1.20029
47	135	1.17539
47	150	1.19746
47	157	1.21896
47	171	0.90238
47	176	0.906417
47	177	0.901468
47	178	0.914413
47	180	0.91182
48	12	0.767659
48	20	0.83159
48	23	0.869506
48	37	1.56415
48	39	0.823835
48	57	0.823995
48	62	0.754671
48	64	0.839445
48	66	0.803405
48	70	0.809216
48	107	0.869796
48	114	1.42193
48	123	0.806883
48	159	1.49773
48	178	1.52254
49	27	1.43886
49	56	0.836311
49	96	0.790469
49	111	0.829891
49	122	0.818891
49	143	1.51235
49	150	1.50788
49	158	1.53514
49	161	0.822231
49	163	0.817118
49	169	0.807233
49	171	0.811932
49	178	0.823965
49	179	0.820588
49	180	0.821371
50	28	1.13674
50	73	0.937335
50	76	0.915485
50	99	1.41538
50	126	0.870198
50	135	0.9144
50	149	1.19494
50	156	0.895657
50	160	0.901647
50	164	0.888756
50	165	0.902049
50	167	0.891768
50	173	0.882705
50	174	1.1383
50	179	1.12298
51	6	0.758284
51	15	0.848296
51	17	0.865493
51	31	0.827005
51	35	1.18904
51	44	0.801336
51	52	0.766811
51	71	0.774356
51	81	0.807104
51	85	0.853719
51	101	0.814066
51	113	1.6878
51	151	1.55331
51	162	1.57222
51	170	0.883528
52	6	0.758199
52	17	0.865407
52	28	0.813731
52	31	0.826919
52	51	0.766811
52	61	0.744663
52	81	0.807019
52	85	0.853634
52	101	0.813981
52	107	0.866194
52	122	1.59943
52	127	1.45676
52	170	0.883443
52	174	1.49941
52	176	1.44992
53	3	0.784321
53	8	0.871691
53	11	0.774533
53	25	0.841429
53	30	0.838718
53	67	0.811545
53	69	0.822924
53	93	0.850934
53	95	0.794565
53	97	0.794565
53	123	0.814776
53	138	1.52582
53	155	1.57873
53	170	1.35647
53	177	1.54284
54	72	1.1876
54	103	1.34961
54	154	0.890906
54	158	1.28714
54	159	0.882338
54	162	0.86843
54	166	0.863447
54	168	1.29818
54	169	0.862535
54	172	1.26743
54	175	0.862923
54	176	0.871271
54	177	0.866322
54	178	0.879266
54	179	0.875889
54	180	0.876673
55	26	1.61697
55	63	1.55289
55	65	0.803043
55	82	1.58497
55	118	0.833619
55	120	0.813791
55	126	0.772963
55	132	0.809715
55	148	0.792586
55	160	0.804412
55	164	0.791521
55	165	0.804814
55	168	0.785881
55	169	1.65035
55	172	0.802187
55	173	0.785469
56	14	1.54803
56	49	0.836311
56	77	0.89379
56	96	0.847615
56	102	0.914178
56	104	0.868235
56	105	0.864294
56	106	1.23763
56	116	0.857301
56	121	0.888601
56	122	0.876036
56	133	1.22377
56	161	0.879376
56	163	0.874264
56	171	1.20818
56	179	1.18612
57	20	0.881656
57	23	0.919573
57	39	0.873901
57	44	1.39594
57	45	1.09222
57	47	0.917061
57	48	0.823995
57	62	0.804737
57	64	0.889511
57	66	0.853471
57	70	0.859283
57	107	0.919862
57	123	0.856949
57	151	1.30279
57	177	1.30536
57	180	1.30973
58	9	1.44976
58	44	0.793136
58	120	1.585
58	153	0.798477
58	163	1.65836
58	164	1.70135
58	166	0.793811
58	169	0.792898
58	171	0.797596
58	174	0.809558
58	175	0.793286
58	176	0.801634
58	177	0.796685
58	178	0.809629
58	179	0.806253
58	180	0.807036
59	79	1.23455
59	90	0.859711
59	99	1.54733
59	131	1.1274
59	133	0.909938
59	143	0.865053
59	145	0.861244
59	152	1.32512
59	156	0.874604
59	157	0.870419
59	159	1.17648
59	160	0.880594
59	164	0.867702
59	167	0.870715
59	172	0.878369
59	173	0.861651
60	43	1.3847
60	76	0.894381
60	111	1.2011
60	132	0.885847
60	134	0.870322
60	139	0.86994
60	140	1.29803
60	143	0.865003
60	154	1.22266
60	156	0.874554
60	157	0.870369
60	164	0.867652
60	168	0.862013
60	172	0.878319
60	173	0.861601
60	175	1.30182
61	6	0.736136
61	16	0.825645
61	17	0.843345
61	31	0.804857
61	44	0.779188
61	52	0.744663
61	71	0.752208
61	81	0.784956
61	85	0.831571
61	92	1.61002
61	101	0.791918
61	107	0.844132
61	110	1.63651
61	140	1.55245
61	144	1.60036
61	170	0.86138
62	3	0.757171
62	12	0.748401
62	23	0.850249
62	39	0.804577
62	47	0.847738
62	48	0.754671
62	57	0.804737
62	64	0.820187
62	66	0.784147
62	70	0.789959
62	107	0.850538
62	123	0.787625
62	129	1.62423
62	169	1.61436
62	176	1.57194
62	177	1.59323
63	12	0.821781
63	40	0.941211
63	55	1.55289
63	80	0.86954
63	96	0.841973
63	102	0.908537
63	104	0.862594
63	105	0.858652
63	118	1.18433
63	121	0.88296
63	122	0.870395
63	152	1.18278
63	161	0.873735
63	163	0.868622
63	164	1.26785
63	165	1.20883
64	3	0.841944
64	12	0.833175
64	23	0.935023
64	39	0.889351
64	48	0.839445
64	57	0.889511
64	62	0.820187
64	66	0.868921
64	70	0.874733
64	107	0.935312
64	114	1.15388
64	123	0.872399
64	137	1.3849
64	141	1.28664
64	162	1.31159
64	176	1.27395
65	18	0.801602
65	55	0.803043
65	97	1.51888
65	135	0.875892
65	145	0.84379
65	149	1.34379
65	150	0.867881
65	152	1.34203
65	153	1.31508
65	155	0.876165
65	156	0.85715
65	157	0.852965
65	160	0.86314
65	167	0.853261
65	172	0.860915
65	173	0.844197
65	174	1.28715
66	3	0.805904
66	20	0.861066
66	23	0.898982
66	39	0.853311
66	47	0.896471
66	48	0.803405
66	57	0.853471
66	62	0.784147
66	64	0.868921
66	70	0.838692
66	107	0.899272
66	123	0.836359
66	132	1.47425
66	139	1.48173
66	142	1.26797
66	159	1.2793
66	161	1.29854
67	8	0.893522
67	25	0.86326
67	27	0.860605
67	30	0.86055
67	35	1.06946
67	53	0.811545
67	69	0.844755
67	74	0.893307
67	89	0.830293
67	93	0.872765
67	95	0.816396
67	97	0.816396
67	123	0.836607
67	146	1.41861
67	154	1.39911
67	171	1.47123
67	179	1.44917
68	2	1.03759
68	91	1.24418
68	108	0.946483
68	118	0.955163
68	129	0.94723
68	144	0.931502
68	152	1.18298
68	160	0.925956
68	164	0.913064
68	165	0.926357
68	167	0.916077
68	168	0.907425
68	172	0.923731
68	173	0.907013
68	174	1.1281
68	179	1.11278
68	180	1.10427
69	3	0.817531
69	8	0.904901
69	13	0.803923
69	30	0.871928
69	53	0.822924
69	67	0.844755
69	74	0.904686
69	78	1.25694
69	89	0.841672
69	93	0.884144
69	95	0.827775
69	97	0.827775
69	123	0.847985
69	164	1.48086
69	165	1.42184
69	179	1.32559
69	180	1.31708
70	3	0.811716
70	12	0.802946
70	23	0.904794
70	32	1.33
70	39	0.859123
70	47	0.902283
70	48	0.809216
70	57	0.859283
70	62	0.789959
70	64	0.874733
70	66	0.838692
70	94	1.41865
70	107	0.905084
70	123	0.842171
70	169	1.3655
70	175	1.38634
70	178	1.30361
71	6	0.765744
71	15	0.855756
71	16	0.855253
71	17	0.872952
71	31	0.834464
71	34	0.827274
71	38	1.47838
71	51	0.774356
71	61	0.752208
71	81	0.814563
71	85	0.861179
71	101	0.821526
71	107	0.873739
71	109	1.34159
71	161	1.36666
71	167	1.56203
71	170	0.890988
71	175	1.45495
72	54	1.1876
72	100	0.906661
72	113	0.896647
72	136	0.908193
72	141	1.2217
72	144	0.911152
72	150	0.910347
72	157	0.895432
72	159	1.16473
72	161	1.18397
72	164	0.892715
72	165	0.906008
72	167	0.895727
72	168	0.887075
72	172	0.903381
72	173	0.886663
72	176	1.209
72	179	1.24317
73	7	0.93783
73	20	1.23164
73	50	0.937335
73	81	1.32752
73	90	0.879313
73	141	1.19752
73	150	0.904938
73	153	1.26224
73	154	1.16894
73	155	0.913222
73	156	0.894207
73	158	0.884761
73	160	0.900197
73	164	0.887305
73	168	0.881666
73	170	1.01975
73	172	0.897972
73	173	0.881254
74	8	0.953453
74	11	0.856295
74	13	0.852476
74	25	0.923191
74	26	1.11614
74	27	0.920536
74	30	0.920481
74	67	0.893307
74	69	0.904686
74	89	0.890224
74	93	0.932696
74	95	0.876327
74	97	0.876327
74	119	1.30707
74	136	1.28228
74	151	1.12582
74	152	1.21146
74	171	1.16332
75	10	0.785278
75	90	0.819909
75	98	1.47088
75	135	0.853544
75	136	0.843379
75	140	1.49497
75	142	1.37989
75	144	0.846338
75	145	0.821442
75	155	0.853817
75	156	0.834802
75	159	1.39122
75	162	1.47313
75	164	0.827901
75	167	0.830913
75	168	0.822261
75	172	0.838567
75	173	0.821849
76	32	1.3054
76	50	0.915485
76	60	0.894381
76	120	0.887725
76	126	0.846897
76	129	0.89962
76	130	1.25147
76	139	0.867743
76	150	0.883087
76	158	0.86291
76	160	0.878346
76	161	1.27345
76	167	0.868467
76	168	0.859815
76	170	1.1334
76	172	0.876121
76	173	0.859403
76	174	1.34797
76	176	1.29848
77	20	1.32246
77	42	0.862993
77	56	0.89379
77	84	0.859646
77	102	0.914512
77	104	0.868569
77	105	0.864627
77	115	1.18695
77	116	0.857635
77	121	0.888935
77	122	0.87637
77	128	1.20659
77	131	0.889522
77	134	0.869095
77	146	1.27927
77	161	0.87971
77	163	0.874597
77	175	1.33892
77	176	1.27566
78	69	1.25694
78	97	1.38018
78	112	1.23605
78	135	1.22474
78	141	0.89715
78	149	0.861602
78	153	0.873794
78	156	1.24736
78	162	0.874111
78	163	1.24541
78	166	0.869128
78	171	0.872913
78	174	0.884875
78	175	0.868603
78	176	0.876951
78	177	0.872002
78	178	0.884946
78	179	0.88157
78	180	0.882353
79	15	1.11869
79	25	1.29262
79	59	1.23455
79	117	0.860099
79	126	1.41153
79	133	1.21906
79	137	0.855896
79	154	0.898485
79	162	0.876009
79	167	1.31759
79	169	0.870113
79	171	0.874811
79	174	0.886773
79	175	0.870501
79	176	0.878849
79	177	0.8739
79	178	0.886844
79	179	0.883468
79	180	0.884251
80	22	0.864228
80	42	0.844385
80	63	0.86954
80	84	0.841038
80	96	0.82934
80	102	0.895903
80	104	0.84996
80	116	0.839027
80	121	0.870326
80	122	0.857761
80	124	1.39745
80	125	1.40311
80	131	0.870913
80	134	0.850486
80	140	1.39273
80	154	1.31736
80	161	0.861102
80	163	0.855989
80	170	1.16817
80	176	1.33325
81	6	0.798492
81	15	0.888504
81	16	0.888001
81	17	0.9057
81	31	0.867213
81	34	0.860022
81	51	0.807104
81	52	0.807019
81	61	0.784956
81	71	0.814563
81	73	1.32752
81	85	0.893927
81	101	0.854274
81	107	0.906488
81	146	1.27976
81	167	1.44649
81	170	0.923736
81	175	1.33941
81	179	1.31031
81	180	1.3018
82	24	1.2795
82	31	1.21692
82	55	1.58497
82	130	0.878677
82	136	1.28568
82	138	0.848659
82	149	0.842202
82	152	0.862897
82	164	1.29993
82	166	0.849729
82	169	0.848816
82	171	0.853514
82	173	1.32783
82	174	0.865476
82	175	0.849204
82	176	0.857552
82	177	0.852603
82	178	0.865547
82	179	0.862171
82	180	0.862954
83	90	0.845177
83	113	0.857102
83	124	1.39891
83	130	1.28771
83	136	0.868647
83	138	1.33899
83	144	0.871607
83	145	0.846711
83	151	1.35344
83	154	1.31883
83	156	0.86007
83	157	0.855886
83	158	0.850624
83	160	0.866061
83	164	0.853169
83	165	0.866462
83	168	0.847529
83	172	0.863836
83	173	0.847118
83	178	1.31525
84	21	1.36417
84	36	0.81853
84	42	0.828516
84	77	0.859646
84	80	0.841038
84	96	0.813471
84	102	0.880034
84	104	0.834092
84	105	0.83015
84	109	1.33723
84	116	0.823158
84	121	0.854457
84	122	0.841892
84	131	0.855045
84	134	0.834617
84	137	1.49829
84	146	1.39095
84	151	1.40606
84	161	0.845233
84	163	0.84012
84	180	1.41299
85	6	0.845107
85	15	0.935119
85	16	0.934616
85	17	0.952316
85	28	0.90064
85	29	1.26017
85	31	0.913828
85	51	0.853719
85	52	0.853634
85	61	0.831571
85	71	0.861179
85	81	0.893927
85	101	0.900889
85	106	1.22424
85	107	0.953103
85	118	1.24447
85	133	1.21037
85	169	1.18098
85	170	0.970351
85	178	1.11909
85	180	1.16422
86	24	0.901556
86	26	1.16843
86	103	0.887965
86	110	0.911889
86	126	0.874952
86	136	0.908988
86	140	1.21886
86	149	1.26551
86	150	0.911142
86	155	0.919426
86	156	0.900411
86	158	0.890965
86	160	0.906401
86	165	0.906802
86	168	0.88787
86	171	1.21561
86	172	0.904176
86	173	0.887458
86	175	1.22265
86	177	1.18067
86	178	1.13992
87	88	0.88452
87	113	0.834105
87	117	1.44882
87	131	1.28516
87	132	0.848366
87	135	0.855815
87	144	0.848609
87	145	0.823713
87	148	0.831237
87	153	1.45593
87	155	0.856088
87	156	0.837073
87	158	0.827627
87	162	1.41616
87	164	0.830172
87	167	0.833184
87	168	0.824532
87	172	0.840838
87	173	0.82412
87	174	1.42801
87	176	1.37852
88	24	0.901121
88	87	0.88452
88	112	0.91062
88	135	0.918718
88	141	1.17917
88	144	0.911512
88	147	1.15626
88	148	0.894139
88	153	1.24389
88	156	0.899975
88	157	0.895791
88	160	0.905965
88	162	1.20411
88	164	0.893074
88	165	0.906367
88	168	0.887434
88	171	1.2227
88	172	0.903741
88	173	0.887023
88	174	1.21596
88	180	1.19213
89	3	0.803069
89	8	0.890439
89	11	0.793281
89	13	0.789461
89	25	0.860177
89	27	0.857522
89	29	0.856565
89	30	0.857466
89	67	0.830293
89	69	0.841672
89	74	0.890224
89	93	0.869682
89	95	0.813313
89	97	0.813313
89	109	1.35958
89	123	0.833524
89	125	1.47954
89	127	1.41652
89	144	1.51708
89	170	1.2446
89	178	1.39022
90	59	0.859711
90	73	0.879313
90	75	0.819909
90	83	0.845177
90	110	0.849113
90	139	0.833022
90	145	0.824275
90	148	0.831799
90	155	0.85665
90	156	0.837635
90	158	0.828189
90	165	0.844027
90	166	1.45284
90	168	0.825094
90	171	1.40482
90	172	0.841401
90	173	0.824683
90	174	1.39808
90	175	1.41185
90	177	1.36988
90	180	1.37425
91	68	1.24418
91	108	1.3758
91	117	0.815381
91	121	1.37853
91	127	0.838614
91	130	0.855257
91	149	0.818782
91	152	0.839477
91	154	0.853768
91	156	1.44742
91	157	1.46836
91	160	1.47596
91	162	0.831292
91	170	0.907825
91	171	0.830094
91	175	0.825784
91	176	0.834132
91	177	0.829183
91	178	0.842127
91	179	0.838751
91	180	0.839534
92	31	1.35693
92	42	1.43522
92	61	1.61002
92	97	1.53173
92	113	0.822548
92	116	1.44599
92	123	1.41668
92	144	0.837053
92	145	0.812157
92	164	0.818616
92	165	0.831909
92	166	0.817816
92	167	0.821628
92	171	0.821601
92	172	0.829282
92	173	0.812564
92	174	0.833563
92	176	0.825639
92	177	0.82069
92	178	0.833634
92	179	0.830258
92	180	0.831041
93	8	0.932911
93	11	0.835753
93	13	0.831933
93	25	0.902649
93	27	0.899994
93	29	0.899036
93	30	0.899938
93	35	0.890092
93	53	0.850934
93	67	0.872765
93	69	0.884144
93	74	0.932696
93	89	0.869682
93	95	0.855785
93	97	0.855785
93	99	1.56221
93	112	1.37272
93	123	0.875995
93	138	1.23991
93	169	1.27806
93	170	1.07056
93	172	1.39102
94	9	0.925271
94	16	1.1719
94	70	1.41865
94	126	0.852475
94	135	0.896676
94	136	0.886511
94	139	0.873321
94	143	0.868384
94	147	1.21881
94	150	0.888665
94	155	0.896949
94	156	0.877934
94	158	0.868488
94	161	1.20399
94	163	0.879206
94	167	0.874045
94	168	0.865393
94	172	0.8817
94	173	0.864981
94	174	1.27852
94	179	1.26319
94	180	1.25468
95	3	0.789172
95	8	0.876541
95	11	0.779383
95	13	0.775564
95	25	0.846279
95	27	0.843624
95	29	0.842667
95	30	0.843569
95	53	0.794565
95	67	0.816396
95	69	0.827775
95	74	0.876327
95	89	0.813313
95	93	0.855785
95	97	0.799415
95	123	0.819626
95	125	1.52741
95	170	1.29248
95	171	1.51378
95	174	1.50704
95	177	1.47884
95	179	1.49172
96	36	0.806832
96	42	0.816818
96	49	0.790469
96	56	0.847615
96	63	0.841973
96	80	0.82934
96	84	0.813471
96	104	0.822394
96	105	0.818452
96	106	1.54433
96	116	0.81146
96	121	0.842759
96	122	0.830194
96	125	1.52851
96	131	0.843347
96	134	0.822919
96	142	1.40305
96	146	1.46227
96	159	1.41438
96	161	0.833535
96	163	0.828422
96	176	1.45865
97	3	0.789172
97	8	0.876541
97	11	0.779383
97	13	0.775564
97	25	0.846279
97	27	0.843624
97	29	0.842667
97	30	0.843569
97	53	0.794565
97	65	1.51888
97	67	0.816396
97	69	0.827775
97	74	0.876327
97	78	1.38018
97	89	0.813313
97	92	1.53173
97	93	0.855785
97	95	0.799415
97	106	1.50035
97	123	0.819626
97	125	1.48453
97	161	1.38964
98	75	1.47088
98	102	1.18585
98	130	0.881597
98	143	1.32116
98	151	0.860771
98	152	0.865816
98	153	0.857314
98	154	0.880107
98	155	1.22603
98	156	1.31724
98	158	1.34394
98	162	0.857631
98	166	0.852649
98	169	0.851736
98	171	0.856434
98	172	1.32423
98	174	0.868396
98	175	0.852124
98	176	0.860472
98	177	0.855523
98	178	0.868467
98	179	0.86509
98	180	0.865874
99	50	1.41538
99	59	1.54733
99	93	1.56221
99	100	1.54967
99	120	1.53311
99	124	0.800258
99	127	0.812912
99	130	0.829555
99	135	1.58579
99	147	0.833504
99	149	0.793081
99	153	0.805273
99	154	0.828066
99	159	0.819498
99	162	0.80559
99	169	0.799694
99	171	0.804393
99	174	0.816355
99	175	0.800082
99	176	0.80843
99	178	0.816426
99	179	0.813049
99	180	0.813833
100	72	0.906661
100	99	1.54967
100	112	0.870219
100	117	1.29341
100	118	0.89477
100	132	0.870866
100	139	0.85496
100	140	1.28258
100	143	0.850023
100	144	0.87111
100	145	0.846213
100	148	0.853737
100	151	1.24183
100	152	1.32747
100	158	0.850127
100	164	0.852672
100	165	0.865965
100	167	0.855684
100	168	0.847032
100	172	0.863339
100	173	0.846621
100	174	1.27259
100	177	1.24439
101	6	0.805454
101	15	0.895466
101	16	0.894963
101	17	0.912663
101	28	0.860987
101	31	0.874175
101	34	0.866984
101	41	1.43749
101	44	0.848506
101	51	0.814066
101	52	0.813981
101	61	0.791918
101	71	0.821526
101	81	0.854274
101	85	0.900889
101	107	0.91345
101	114	1.21088
101	131	1.23758
101	154	1.31505
101	159	1.28667
101	162	1.36858
101	170	0.930698
101	180	1.3566
102	22	0.903225
102	36	0.873395
102	40	0.967574
102	56	0.914178
102	63	0.908537
102	77	0.914512
102	80	0.895903
102	84	0.880034
102	98	1.18585
102	104	0.888957
102	105	0.885015
102	116	0.878023
102	121	0.909323
102	122	0.896758
102	125	1.22032
102	134	0.889483
102	142	1.09486
102	146	1.15407
102	147	1.14024
102	157	1.31981
102	161	0.900098
102	163	0.894986
102	172	1.30585
102	179	1.18463
103	10	0.790559
103	34	0.850185
103	54	1.34961
103	86	0.887965
103	108	0.866601
103	109	0.870374
103	114	1.25094
103	116	1.56649
103	128	1.30195
103	132	0.851376
103	135	0.858825
103	136	0.84866
103	143	0.830533
103	144	0.851619
103	146	0.844657
103	155	0.859098
103	157	0.835899
103	165	0.846475
103	167	0.836194
103	172	0.843849
103	173	0.82713
103	177	1.39231
103	178	1.35155
103	180	1.39667
104	12	0.802201
104	33	1.32139
104	41	0.833475
104	42	0.837438
104	56	0.868235
104	63	0.862594
104	77	0.868569
104	80	0.84996
104	84	0.834092
104	96	0.822394
104	102	0.888957
104	105	0.839073
104	109	1.25141
104	116	0.83208
104	117	1.37181
104	121	0.86338
104	122	0.850815
104	134	0.84354
104	161	0.854155
104	163	0.849043
104	164	1.49094
104	173	1.51884
104	177	1.3228
104	180	1.32717
105	22	0.85334
105	35	1.04243
105	36	0.823511
105	42	0.833497
105	56	0.864294
105	63	0.858652
105	77	0.864627
105	84	0.83015
105	96	0.818452
105	102	0.885015
105	104	0.839073
105	115	1.29927
105	116	0.828139
105	119	1.58796
105	121	0.859438
105	122	0.846873
105	131	0.860025
105	134	0.839598
105	148	1.55716
105	159	1.3437
105	161	0.850214
105	163	0.845101
105	177	1.40927
105	178	1.36851
106	56	1.23763
106	85	1.22424
106	96	1.54433
106	97	1.50035
106	112	1.35621
106	119	0.816474
106	128	0.873922
106	130	0.862499
106	141	0.861573
106	142	0.861643
106	144	1.32653
106	147	0.866448
106	152	0.846719
106	153	0.838217
106	159	0.852442
106	166	0.833551
106	168	1.40526
106	169	0.832638
106	171	0.837336
106	175	0.833026
106	176	0.841374
106	178	0.849369
106	179	0.845993
106	180	0.846776
107	6	0.857668
107	39	0.919702
107	48	0.869796
107	52	0.866194
107	57	0.919862
107	61	0.844132
107	62	0.850538
107	64	0.935312
107	66	0.899272
107	70	0.905084
107	71	0.873739
107	81	0.906488
107	85	0.953103
107	101	0.91345
107	109	1.11048
107	123	0.90275
107	141	1.17327
107	152	1.26494
107	166	1.26482
107	170	0.982912
107	174	1.21007
107	175	1.22384
107	177	1.18187
107	180	1.18624
108	24	0.880192
108	44	1.3221
108	68	0.946483
108	91	1.3758
108	103	0.866601
108	110	0.890524
108	122	1.35974
108	135	0.897788
108	143	0.869496
108	148	0.87321
108	155	0.898061
108	157	0.874862
108	158	0.8696
108	160	0.885036
108	162	1.24787
108	164	0.872145
108	165	0.885438
108	167	0.875157
108	168	0.866505
108	170	1.04515
108	172	0.882811
108	173	0.866093
108	177	1.23152
108	178	1.19077
108	180	1.23589
109	17	1.12431
109	39	1.31111
109	71	1.34159
109	84	1.33723
109	89	1.35958
109	103	0.870374
109	104	1.25141
109	107	1.11048
109	121	1.16286
109	133	0.918154
109	151	0.883241
109	158	0.873373
109	160	0.888809
109	164	0.875918
109	168	0.870278
109	169	0.874206
109	171	0.878904
109	172	0.886585
109	173	0.869867
109	174	0.890866
109	175	0.874594
109	177	0.877993
109	178	0.890937
109	179	0.88756
109	180	0.888344
110	19	1.18352
110	61	1.63651
110	86	0.911889
110	90	0.849113
110	108	0.890524
110	120	0.879376
110	132	0.875299
110	134	0.859775
110	141	1.28969
110	143	0.854456
110	145	0.850647
110	148	0.85817
110	155	0.883021
110	157	0.859822
110	159	1.23272
110	160	0.869997
110	162	1.31463
110	164	0.857105
110	165	0.870398
110	167	0.860117
110	168	0.851465
110	170	1.11192
110	172	0.867772
110	173	0.851054
110	175	1.34026
110	180	1.30265
111	4	0.909795
111	12	1.54888
111	34	1.24543
111	39	1.32376
111	49	0.829891
111	60	1.2011
111	127	0.871177
111	137	0.843742
111	142	0.886964
111	152	0.87204
111	153	0.863538
111	162	0.863855
111	163	1.24244
111	166	0.858872
111	167	1.26634
111	169	0.857959
111	171	0.862657
111	172	1.25138
111	173	1.31333
111	174	0.874619
111	175	0.858347
111	176	0.866695
111	177	0.861746
111	178	0.87469
111	179	0.871314
111	180	0.872097
112	78	1.23605
112	88	0.91062
112	93	1.37272
112	100	0.870219
112	106	1.35621
112	113	0.860205
112	120	0.878543
112	127	1.27737
112	130	1.22353
112	133	0.898508
112	136	0.871751
112	139	0.85856
112	143	0.853623
112	153	1.34795
112	156	0.863174
112	157	0.858989
112	158	0.853728
112	160	0.869164
112	164	0.856272
112	165	0.869565
112	167	0.859285
112	168	0.850633
112	172	0.866939
112	173	0.850221
112	177	1.29183
112	179	1.3047
113	21	1.26351
113	38	1.37336
113	51	1.6878
113	72	0.896647
113	83	0.857102
113	87	0.834105
113	92	0.822548
113	112	0.860205
113	118	0.884757
113	132	0.860853
113	136	0.858137
113	139	0.844947
113	143	0.84001
113	144	0.861096
113	149	1.3928
113	150	0.860291
113	154	1.27078
113	157	0.845376
113	158	0.840114
113	159	1.24239
113	160	0.85555
113	164	0.842659
113	167	0.845671
113	172	0.853325
113	173	0.836607
113	178	1.2672
113	180	1.31233
114	48	1.42193
114	64	1.15388
114	101	1.21088
114	103	1.25094
114	128	0.929435
114	129	1.06568
114	135	1.13915
114	136	1.18856
114	138	0.887994
114	141	0.917086
114	151	0.897186
114	152	0.902232
114	159	0.907954
114	160	1.19033
114	161	0.903149
114	162	0.894047
114	166	0.889064
114	169	0.888151
114	171	0.892849
114	172	1.16877
114	174	0.904811
114	175	0.888539
114	176	0.896887
114	177	0.891938
114	178	0.904882
114	179	0.901506
114	180	0.902289
115	77	1.18695
115	105	1.29927
115	127	0.902168
115	128	0.930234
115	133	1.11656
115	135	1.17051
115	138	0.888793
115	140	0.896544
115	147	0.922759
115	148	1.21392
115	149	0.882336
115	150	1.19258
115	153	0.894528
115	156	1.19314
115	159	0.908753
115	160	1.22169
115	162	0.894845
115	163	1.19119
115	169	0.88895
115	171	0.893648
115	174	0.90561
115	175	0.889338
115	176	0.897686
115	177	0.892737
115	178	0.905681
115	179	0.902304
115	180	0.903088
116	2	1.28791
116	12	0.791268
116	22	0.846348
116	36	0.816519
116	40	0.910698
116	41	0.822541
116	42	0.826504
116	56	0.857301
116	77	0.857635
116	80	0.839027
116	84	0.823158
116	92	1.44599
116	96	0.81146
116	102	0.878023
116	103	1.56649
116	104	0.83208
116	105	0.828139
116	121	0.852446
116	122	0.839881
116	128	1.25986
116	131	0.853033
116	134	0.832606
116	146	1.33254
116	161	0.843222
116	163	0.838109
116	168	1.51507
116	172	1.48432
116	178	1.30947
117	3	1.67876
117	79	0.860099
117	87	1.44882
117	91	0.815381
117	100	1.29341
117	104	1.37181
117	124	0.825851
117	140	0.832881
117	143	1.35607
117	144	1.31115
117	147	0.859096
117	149	0.818673
117	151	0.834322
117	152	0.839367
117	153	0.830865
117	154	0.853658
117	159	0.84509
117	166	0.826199
117	167	1.3741
117	170	0.907716
117	172	1.35914
117	174	0.841947
117	175	0.825675
117	176	0.834023
117	177	0.829074
117	178	0.842018
117	179	0.838641
117	180	0.839425
118	2	1.19834
118	10	0.838202
118	28	1.28729
118	55	0.833619
118	63	1.18433
118	68	0.955163
118	85	1.24447
118	100	0.89477
118	113	0.884757
118	120	0.903095
118	126	0.862267
118	134	0.883494
118	135	0.906468
118	136	0.896303
118	138	1.24364
118	143	0.878175
118	148	0.88189
118	150	0.898457
118	156	0.887726
118	157	0.883541
118	158	0.87828
118	161	1.21433
118	167	0.883837
118	168	0.875185
118	171	1.29559
118	173	0.874773
118	175	1.30263
118	176	1.23936
119	74	1.30707
119	105	1.58796
119	106	0.816474
119	121	1.41294
119	124	0.819701
119	125	0.824188
119	133	1.40525
119	137	0.80492
119	140	0.826731
119	141	0.848072
119	143	1.48574
119	147	0.852946
119	153	0.824715
119	154	0.847508
119	155	1.39062
119	159	0.83894
119	162	0.825032
119	163	1.47988
119	166	0.820049
119	168	1.51957
119	169	0.819137
119	171	0.823835
119	174	0.835797
119	175	0.819525
119	176	0.827873
119	177	0.822924
119	178	0.835868
119	179	0.832491
119	180	0.833275
120	55	0.813791
120	58	1.585
120	76	0.887725
120	99	1.53311
120	110	0.879376
120	112	0.878543
120	118	0.903095
120	126	0.842439
120	129	0.895162
120	132	0.879191
120	135	0.88664
120	136	0.876475
120	142	1.15094
120	143	0.858347
120	145	0.854538
120	152	1.31091
120	155	0.886913
120	158	0.858452
120	160	0.873888
120	163	0.869169
120	165	0.87429
120	168	0.855357
120	169	1.24897
120	170	1.04147
120	172	0.871663
120	173	0.854945
120	175	1.26981
120	179	1.24071
120	180	1.2322
121	12	0.822567
121	29	1.33457
121	36	0.847818
121	40	0.941997
121	41	0.853841
121	42	0.857804
121	56	0.888601
121	63	0.88296
121	77	0.888935
121	80	0.870326
121	84	0.854457
121	91	1.37853
121	96	0.842759
121	102	0.909323
121	104	0.86338
121	105	0.859438
121	109	1.16286
121	116	0.852446
121	119	1.41294
121	122	0.871181
121	125	1.28282
121	131	0.884333
121	134	0.863906
121	146	1.21657
121	150	1.3608
121	161	0.874521
121	163	0.869408
121	174	1.26245
121	178	1.1935
122	12	0.810002
122	22	0.865083
122	29	1.40457
122	36	0.835253
122	40	0.929432
122	41	0.841276
122	47	1.19913
122	49	0.818891
122	52	1.59943
122	56	0.876036
122	63	0.870395
122	77	0.87637
122	80	0.857761
122	84	0.841892
122	96	0.830194
122	102	0.896758
122	104	0.850815
122	105	0.846873
122	108	1.35974
122	116	0.839881
122	121	0.871181
122	131	0.871768
122	134	0.851341
122	135	1.40874
122	146	1.28658
122	161	0.861956
122	162	1.3206
122	163	0.856844
122	170	1.11789
122	180	1.30862
123	1	1.49688
123	11	0.799594
123	13	0.795775
123	20	0.864544
123	23	0.902461
123	27	0.863835
123	30	0.86378
123	39	0.856789
123	44	1.41149
123	47	0.899949
123	48	0.806883
123	53	0.814776
123	57	0.856949
123	62	0.787625
123	64	0.872399
123	66	0.836359
123	67	0.836607
123	69	0.847985
123	70	0.842171
123	89	0.833524
123	92	1.41668
123	93	0.875995
123	95	0.819626
123	97	0.819626
123	107	0.90275
123	127	1.30646
123	164	1.48905
123	169	1.34204
123	176	1.29962
123	177	1.32091
123	180	1.32528
124	80	1.39745
124	83	1.39891
124	99	0.800258
124	117	0.825851
124	119	0.819701
124	127	0.849083
124	129	1.24994
124	134	1.39089
124	136	1.37283
124	137	0.821648
124	145	1.40875
124	147	0.869675
124	151	0.8449
124	154	0.864237
124	159	0.855669
124	161	0.850863
124	162	0.841761
124	166	0.836778
124	167	1.36799
124	168	1.38378
124	169	0.835865
124	170	0.918295
124	171	0.840563
124	173	1.41498
124	174	0.852525
124	175	0.836253
124	176	0.844601
124	177	0.839652
124	178	0.852596
124	179	0.84922
124	180	0.850003
125	25	1.34868
125	40	1.12507
125	80	1.40311
125	89	1.47954
125	95	1.52741
125	96	1.52851
125	97	1.48453
125	102	1.22032
125	119	0.824188
125	121	1.28282
125	126	0.823507
125	139	0.844353
125	145	0.835606
125	148	0.84313
125	155	0.867981
125	157	0.844782
125	159	0.860156
125	162	0.846248
125	163	0.850238
125	164	0.842065
125	168	0.836425
125	169	0.840352
125	171	0.845051
125	172	0.852732
125	173	0.836013
125	174	0.857013
125	175	0.84074
125	177	0.844139
125	178	0.857084
125	179	0.853707
125	180	0.854491
126	21	1.37457
126	50	0.870198
126	55	0.772963
126	76	0.846897
126	79	1.41153
126	86	0.874952
126	94	0.852475
126	118	0.862267
126	120	0.842439
126	125	0.823507
126	132	0.838362
126	133	0.862404
126	135	0.845812
126	136	0.835646
126	138	1.40201
126	143	0.817519
126	149	1.50386
126	150	0.837801
126	156	0.827069
126	157	0.822885
126	158	0.817623
126	160	0.83306
126	165	0.833461
126	167	0.82318
126	168	0.814528
126	171	1.45396
126	172	0.830835
126	173	0.814117
126	174	1.44722
126	177	1.41902
126	178	1.37827
126	180	1.42339
127	23	1.18673
127	24	1.30929
127	52	1.45676
127	89	1.41652
127	91	0.838614
127	99	0.812912
127	111	0.871177
127	112	1.27737
127	115	0.902168
127	123	1.30646
127	124	0.849083
127	136	1.31547
127	137	0.834302
127	138	0.848362
127	140	0.856113
127	141	0.877454
127	142	0.877524
127	147	0.882329
127	162	0.854415
127	165	1.27071
127	166	0.849432
127	169	0.848519
127	170	0.930949
127	171	0.853217
127	172	1.29568
127	173	1.35762
127	174	0.865179
127	175	0.848907
127	176	0.857255
127	177	0.852306
127	178	0.86525
127	179	0.861874
127	180	0.862657
128	1	0.828396
128	8	1.18935
128	11	1.49062
128	77	1.20659
128	103	1.30195
128	106	0.873922
128	114	0.929435
128	115	0.930234
128	116	1.25986
128	129	1.11668
128	135	1.19016
128	138	0.876428
128	140	0.884179
128	141	0.90552
128	143	1.2167
128	149	0.869972
128	152	0.890666
128	153	0.882164
128	154	0.904957
128	155	1.12157
128	159	0.896389
128	160	1.24133
128	162	0.882481
128	164	1.25382
128	166	0.877498
128	169	0.876585
128	171	0.881283
128	174	0.893245
128	175	0.876973
128	176	0.885321
128	177	0.880372
128	178	0.893316
128	179	0.88994
128	180	0.890723
129	24	0.880938
129	37	1.20789
129	43	1.33189
129	62	1.62423
129	68	0.94723
129	76	0.89962
129	114	1.06568
129	120	0.895162
129	124	1.24994
129	128	1.11668
129	130	1.13874
129	133	0.915127
129	135	0.898535
129	136	0.88837
129	139	0.875179
129	141	1.19844
129	144	0.891329
129	148	0.873957
129	150	0.890524
129	153	1.26316
129	155	0.898808
129	156	0.879793
129	157	0.875608
129	158	0.870346
129	160	0.885783
129	163	0.881064
129	164	0.872891
129	165	0.886184
129	167	0.875903
129	168	0.867252
129	169	1.22817
129	172	0.883558
129	173	0.86684
129	176	1.18574
130	7	1.2005
130	18	1.55073
130	25	1.23182
130	76	1.25147
130	82	0.878677
130	83	1.28771
130	91	0.855257
130	98	0.881597
130	99	0.829555
130	106	0.862499
130	112	1.22353
130	129	1.13874
130	137	0.850945
130	139	1.2446
130	140	0.872756
130	142	0.894167
130	145	1.29755
130	147	0.898972
130	149	0.858549
130	151	0.874197
130	152	0.879243
130	158	1.26154
130	159	0.884966
130	166	0.866075
130	169	0.865162
130	170	0.947592
130	171	0.86986
130	173	1.30378
130	174	0.881822
130	175	0.86555
130	176	0.873898
130	177	0.868949
130	178	0.881893
130	179	0.878517
130	180	0.8793
131	3	1.5151
131	6	1.65506
131	22	0.878235
131	39	1.26785
131	40	0.942584
131	59	1.1274
131	77	0.889522
131	80	0.870913
131	84	0.855045
131	87	1.28516
131	96	0.843347
131	101	1.23758
131	105	0.860025
131	116	0.853033
131	121	0.884333
131	122	0.871768
131	132	1.19076
131	133	1.1119
131	144	1.14749
131	152	0.874191
131	153	0.865689
131	154	0.888482
131	161	0.875108
131	162	0.866006
131	163	0.869996
131	169	0.860111
131	170	0.94254
131	171	0.864809
131	172	1.19547
131	173	1.25742
131	174	0.876771
131	175	0.860499
131	176	0.868847
131	177	0.863898
131	180	0.874249
132	47	1.20029
132	55	0.809715
132	60	0.885847
132	66	1.47425
132	87	0.848366
132	100	0.870866
132	103	0.851376
132	110	0.875299
132	113	0.860853
132	120	0.879191
132	126	0.838362
132	131	1.19076
132	133	0.899156
132	134	0.85959
132	135	0.882564
132	136	0.872399
132	137	1.39508
132	143	0.854271
132	144	0.875358
132	148	0.857986
132	150	0.874553
132	154	1.26824
132	156	0.863822
132	159	1.23985
132	160	0.869812
132	163	0.865093
132	164	0.85692
132	165	0.870213
132	166	1.38837
132	167	0.859932
132	172	0.867587
132	173	0.850869
132	175	1.34739
132	176	1.28413
132	179	1.31829
132	180	1.30978
133	46	0.850003
133	56	1.22377
133	59	0.909938
133	79	1.21906
133	85	1.21037
133	109	0.918154
133	112	0.898508
133	115	1.11656
133	119	1.40525
133	126	0.862404
133	129	0.915127
133	131	1.1119
133	132	0.899156
133	134	0.883632
133	136	0.89644
133	139	0.88325
133	141	1.21796
133	143	0.878312
133	144	0.899399
133	145	0.874503
133	146	0.892437
133	150	0.898594
133	156	0.887863
133	157	0.883679
133	158	0.878417
133	163	0.889134
133	164	0.880962
133	165	0.894255
133	166	1.30951
133	167	0.883974
133	168	0.875322
133	169	1.24769
133	172	0.891628
133	173	0.87491
133	174	1.25476
133	175	1.26853
133	177	1.22656
134	22	0.857808
134	28	1.37462
134	60	0.870322
134	77	0.869095
134	80	0.850486
134	84	0.834617
134	96	0.822919
134	102	0.889483
134	104	0.84354
134	105	0.839598
134	110	0.859775
134	116	0.832606
134	118	0.883494
134	121	0.863906
134	122	0.851341
134	124	1.39089
134	132	0.85959
134	133	0.883632
134	145	0.834937
134	150	0.859028
134	151	1.34542
134	154	1.3108
134	155	0.867312
134	159	1.28242
