1	2	0.922197
1	4	0.92698
1	12	0.917761
1	15	0.923703
1	23	1.00615
1	33	0.982662
1	39	0.983039
1	40	0.983494
1	84	0.95801
1	92	1.01871
1	108	2.75727
1	141	1.111
2	1	0.922197
2	4	0.918819
2	10	1.03249
2	12	0.909601
2	15	0.915543
2	23	0.997991
2	33	0.974501
2	39	0.974879
2	40	0.975334
2	92	1.01055
2	109	1.79382
2	166	1.80036
3	13	0.966478
3	19	0.940131
3	21	0.948607
3	28	0.939309
3	29	0.928598
3	32	0.928649
3	34	1.02195
3	36	0.929234
3	38	1.02113
3	51	1.00286
3	169	2.09806
3	171	1.77288
4	1	0.92698
4	2	0.918819
4	10	1.03728
4	12	0.914383
4	15	0.920325
4	23	1.00277
4	33	0.979284
4	39	0.979661
4	40	0.980116
4	84	0.954632
4	90	1.16494
4	146	2.40833
5	11	1.14801
5	18	1.01659
5	24	1.11132
5	26	1.01665
5	37	1.09421
5	46	1.07093
5	54	1.05466
5	58	1.05529
5	121	1.06826
5	132	1.22619
5	157	0.825948
5	174	2.61538
6	15	0.599068
6	79	0.0345533
6	117	1.19377
6	142	0.376637
6	163	1.11833
6	172	1.027
6	174	1.03785
6	175	1.02316
6	176	1.04923
6	178	1.04592
6	179	1.03949
6	180	1.04736
7	19	0.936718
7	21	0.945193
7	28	0.935895
7	29	0.925185
7	32	0.925235
7	34	1.01854
7	36	0.92582
7	38	1.01772
7	51	0.999449
7	69	0.729514
7	124	0.975889
7	155	3.0021
8	22	0.917195
8	35	0.995661
8	42	0.974657
8	43	0.973683
8	57	1.04564
8	87	0.955071
8	112	0.970392
8	121	0.953609
8	147	0.940164
8	159	1.57394
8	171	2.25861
8	173	0.918401
9	44	1.08884
9	47	1.08268
9	52	1.08227
9	67	1.9433
9	72	1.11662
9	83	0.759955
9	145	1.10323
9	151	1.73633
9	154	1.0348
9	166	1.06455
9	167	1.03448
9	169	0.991564
10	2	1.03249
10	4	1.03728
10	12	1.02806
10	15	1.034
10	23	1.11645
10	33	1.09296
10	39	1.09334
10	40	1.09379
10	84	1.06831
10	117	0.751811
10	138	1.42669
10	146	1.91551
11	5	1.14801
11	24	1.09617
11	26	1.0015
11	41	1.08405
11	46	1.05578
11	54	1.0395
11	58	1.04013
11	109	1.2716
11	112	1.06989
11	113	0.86687
11	121	1.05311
11	146	1.9708
12	1	0.917761
12	2	0.909601
12	4	0.914383
12	10	1.02806
12	15	0.911106
12	23	0.993554
12	33	0.970065
12	39	0.970443
12	40	0.970897
12	92	1.00611
12	153	2.45868
12	166	1.30758
13	3	0.966478
13	19	0.942703
13	21	0.951179
13	28	0.94188
13	29	0.93117
13	32	0.931221
13	36	0.931805
13	38	1.0237
13	51	1.00543
13	103	1.07322
13	124	0.981874
13	177	3.1936
14	91	1.03186
14	123	0.96313
14	145	0.146386
14	163	1.01516
14	164	0.958584
14	171	0.953055
14	174	0.934685
14	175	0.919992
14	177	0.943871
14	178	0.94275
14	179	0.936325
14	180	0.944193
15	1	0.923703
15	2	0.915543
15	4	0.920325
15	6	0.599068
15	10	1.034
15	12	0.911106
15	23	0.999496
15	33	0.976007
15	39	0.976385
15	40	0.97684
15	84	0.951355
15	154	2.46629
16	45	1.05892
16	55	1.03519
16	78	1.05109
16	80	1.11627
16	89	1.48551
16	127	1.0672
16	133	1.44197
16	138	0.982235
16	139	1.02812
16	142	1.04982
16	144	1.04356
16	157	1.42197
16	168	0.976499
17	31	1.08782
17	47	1.05154
17	48	1.05975
17	52	1.05113
17	72	1.08548
17	125	1.63739
17	145	1.07209
17	154	1.00366
17	166	1.03342
17	167	1.00335
17	169	0.960429
17	173	0.979959
17	177	2.24143
18	5	1.01659
18	24	0.964747
18	25	0.985119
18	26	0.870073
18	37	0.947637
18	41	0.952622
18	46	0.924358
18	54	0.90808
18	58	0.90871
18	92	0.988539
18	112	0.938468
18	135	2.48748
18	141	1.49719
19	3	0.940131
19	7	0.936718
19	13	0.942703
19	21	0.924832
19	29	0.904824
19	32	0.904874
19	34	0.998177
19	36	0.905459
19	38	0.997354
19	51	0.979088
19	124	0.955528
19	168	1.59451
19	176	2.46014
20	73	0.96441
20	81	0.948459
20	94	0.933463
20	98	0.91196
20	100	0.970271
20	101	0.969454
20	104	0.9658
20	111	0.943138
20	120	0.93506
20	122	1.59521
20	145	0.960189
20	147	2.29318
20	170	0.886961
21	3	0.948607
21	7	0.945193
21	13	0.951179
21	19	0.924832
21	28	0.92401
21	29	0.913299
21	32	0.91335
21	34	1.00665
21	36	0.913935
21	51	0.987563
21	122	1.49272
21	124	0.964004
21	161	2.40628
22	8	0.917195
22	35	0.978994
22	42	0.95799
22	43	0.957016
22	57	1.02897
22	61	2.02529
22	74	0.943097
22	87	0.938404
22	112	0.953725
22	121	0.936942
22	140	1.97436
22	147	0.923497
22	173	0.901734
23	1	1.00615
23	2	0.997991
23	4	1.00277
23	10	1.11645
23	12	0.993554
23	15	0.999496
23	33	1.05845
23	39	1.05883
23	40	1.05929
23	68	1.14444
23	92	1.0945
23	113	1.68805
23	157	1.63456
24	5	1.11132
24	11	1.09617
24	18	0.964747
24	37	1.04237
24	46	1.01909
24	54	1.00281
24	58	1.00344
24	92	1.08327
24	112	1.0332
24	121	1.01642
24	161	1.0064
24	165	1.52608
24	171	2.13513
25	18	0.985119
25	26	0.98518
25	37	1.06274
25	41	1.06773
25	46	1.03946
25	54	1.02319
25	58	1.02382
25	92	1.10365
25	93	2.0023
25	112	1.05357
25	121	1.03679
25	168	1.40987
25	174	2.37354
26	5	1.01665
26	11	1.0015
26	18	0.870073
26	25	0.98518
26	37	0.947697
26	41	0.952683
26	46	0.924418
26	54	0.908141
26	58	0.90877
26	112	0.938528
26	121	0.921745
26	137	1.70152
26	168	2.26292
27	44	1.06024
27	47	1.05408
27	48	1.06229
27	52	1.05367
27	72	1.08802
27	130	0.597216
27	145	1.07463
27	152	1.24361
27	154	1.0062
27	166	1.03596
27	167	1.00589
27	169	0.962969
27	178	2.77225
28	3	0.939309
28	7	0.935895
28	13	0.94188
28	21	0.92401
28	29	0.904001
28	32	0.904052
28	34	0.997354
28	36	0.904636
28	38	0.996532
28	51	0.978265
28	116	1.37553
28	124	0.954705
28	138	2.31429
29	3	0.928598
29	7	0.925185
29	13	0.93117
29	19	0.904824
29	21	0.913299
29	28	0.904001
29	32	0.893341
29	34	0.986644
29	36	0.893926
29	38	0.985821
29	51	0.967555
29	124	0.943995
29	177	2.04423
29	179	2.33464
30	56	1.01425
30	65	1.00955
30	68	0.771257
30	81	1.03304
30	88	1.02307
30	94	1.01804
30	98	0.996539
30	101	1.05403
30	104	1.05038
30	111	1.02772
30	120	1.01964
30	131	2.47506
30	133	1.28137
30	170	0.97154
31	17	1.08782
31	44	1.03146
31	47	1.0253
31	48	1.03351
31	52	1.02489
31	72	1.05924
31	134	1.3549
31	145	1.04585
31	154	0.977422
31	159	1.45158
31	166	1.00718
31	167	0.977104
31	169	0.934187
31	171	2.13626
32	3	0.928649
32	7	0.925235
32	13	0.931221
32	19	0.904874
32	21	0.91335
32	28	0.904052
32	29	0.893341
32	34	0.986694
32	36	0.893977
32	38	0.985872
32	51	0.967605
32	96	1.43558
32	124	0.944046
32	170	2.71829
33	1	0.982662
33	2	0.974501
33	4	0.979284
33	10	1.09296
33	12	0.970065
33	15	0.976007
33	23	1.05845
33	39	1.03534
33	40	1.0358
33	84	1.01031
33	90	0.840691
33	92	1.07102
33	117	0.920379
33	155	2.96184
34	3	1.02195
34	7	1.01854
34	19	0.998177
34	21	1.00665
34	28	0.997354
34	29	0.986644
34	32	0.986694
34	36	0.987279
34	38	1.07917
34	51	1.06091
34	91	1.82118
34	124	1.03735
34	138	1.76774
34	157	1.09915
35	8	0.995661
35	22	0.978994
35	42	1.03646
35	43	1.03548
35	57	1.10744
35	84	1.02156
35	87	1.01687
35	96	0.93908
35	112	1.03219
35	119	2.06785
35	121	1.01541
35	130	1.6343
35	147	1.00196
35	173	0.9802
36	3	0.929234
36	7	0.92582
36	13	0.931805
36	19	0.905459
36	21	0.913935
36	28	0.904636
36	29	0.893926
36	32	0.893977
36	34	0.987279
36	38	0.986457
36	51	0.96819
36	68	1.0521
36	124	0.94463
36	156	3.00974
37	5	1.09421
37	18	0.947637
37	24	1.04237
37	25	1.06274
37	26	0.947697
37	41	1.03025
37	54	0.985704
37	58	0.986333
37	92	1.06616
37	103	0.514507
37	112	1.01609
37	121	0.999308
37	140	1.35715
37	178	2.9432
38	3	1.02113
38	7	1.01772
38	13	1.0237
38	19	0.997354
38	28	0.996532
38	29	0.985821
38	32	0.985872
38	34	1.07917
38	36	0.986457
38	51	1.06009
38	124	1.03653
38	137	1.48293
38	167	1.09779
38	172	3.86886
39	1	0.983039
39	2	0.974879
39	4	0.979661
39	10	1.09334
39	12	0.970443
39	15	0.976385
39	23	1.05883
39	33	1.03534
39	40	1.03618
39	84	1.01069
39	92	1.07139
39	93	2.1977
39	168	0.877492
39	178	2.18361
40	1	0.983494
40	2	0.975334
40	4	0.980116
40	10	1.09379
40	12	0.970897
40	15	0.97684
40	23	1.05929
40	33	1.0358
40	39	1.03618
40	84	1.01115
40	92	1.07185
40	117	1.06962
40	122	0.786206
40	160	2.74372
41	11	1.08405
41	18	0.952622
41	25	1.06773
41	26	0.952683
41	37	1.03025
41	46	1.00697
41	54	0.99069
41	58	0.991319
41	67	1.6567
41	92	1.07115
41	112	1.02108
41	121	1.00429
41	129	1.78221
41	148	1.62361
42	8	0.974657
42	22	0.95799
42	35	1.03646
42	43	1.01448
42	57	1.08644
42	74	1.00056
42	84	1.00056
42	87	0.995867
42	91	1.37007
42	112	1.01119
42	121	0.994405
42	136	1.20209
42	147	0.980959
42	160	2.31585
42	173	0.959197
43	8	0.973683
43	22	0.957016
43	35	1.03548
43	42	1.01448
43	57	1.08546
43	74	0.999585
43	84	0.999583
43	87	0.994892
43	112	1.01021
43	121	0.99343
43	143	1.95829
43	147	0.979984
43	161	1.23855
43	168	1.85788
43	173	0.958222
44	9	1.08884
44	27	1.06024
44	31	1.03146
44	47	0.995186
44	48	1.00339
44	52	0.994775
44	72	1.02913
44	106	1.11668
44	145	1.01573
44	148	1.75036
44	154	0.947307
44	166	0.977062
44	167	0.946989
44	169	0.904072
44	178	2.84615
45	16	1.05892
45	50	1.02836
45	55	1.01452
45	66	0.990774
45	71	0.984519
45	86	1.02575
45	139	1.00745
45	141	0.990449
45	142	1.02915
45	144	1.02289
45	155	1.81115
45	164	2.35509
45	167	1.2491
45	168	0.955826
45	171	0.925302
46	5	1.07093
46	11	1.05578
46	18	0.924358
46	24	1.01909
46	25	1.03946
46	26	0.924418
46	41	1.00697
46	54	0.962425
46	58	0.963054
46	92	1.04288
46	112	0.992813
46	121	0.97603
46	125	1.28073
46	164	2.20066
46	180	1.83555
47	9	1.08268
47	17	1.05154
47	27	1.05408
47	31	1.0253
47	44	0.995186
47	48	0.997234
47	72	1.02297
47	134	1.98117
47	141	1.52914
47	145	1.00958
47	154	0.941149
47	158	1.54969
47	166	0.970904
47	167	0.940831
47	169	0.897914
48	17	1.05975
48	27	1.06229
48	31	1.03351
48	44	1.00339
48	47	0.997234
48	52	0.996822
48	72	1.03117
48	76	0.84672
48	130	1.27984
48	145	1.01778
48	154	0.949354
48	166	0.979109
48	167	0.949036
48	169	0.90612
48	172	4.17299
49	68	1.15767
49	72	0.443133
49	84	0.548715
49	128	0.0912015
49	130	1.06766
49	149	0.991368
49	152	1.00168
49	155	0.96852
49	159	1.01686
49	163	1.02775
49	174	0.947273
49	177	0.956459
49	178	0.955337
49	179	0.948913
49	180	0.95678
50	45	1.02836
50	71	0.974631
50	85	1.00813
50	87	0.997377
50	99	1.04001
50	125	0.948499
50	127	1.03664
50	128	1.02378
50	139	0.997558
50	142	1.01926
50	144	1.013
50	147	1.69911
50	150	1.46293
50	166	1.7556
50	171	0.915414
51	3	1.00286
51	7	0.999449
51	13	1.00543
51	19	0.979088
51	21	0.987563
51	28	0.978265
51	29	0.967555
51	32	0.967605
51	34	1.06091
51	36	0.96819
51	38	1.06009
51	124	1.01826
51	149	1.95438
51	165	1.85814
51	166	1.17937
52	9	1.08227
52	17	1.05113
52	27	1.05367
52	31	1.02489
52	44	0.994775
52	48	0.996822
52	68	0.632196
52	72	1.02256
52	145	1.00917
52	154	0.940738
52	163	1.67574
52	166	0.970492
52	167	0.940419
52	169	0.897503
52	177	2.82903
53	64	0.954203
53	70	1.0183
53	73	1.00604
53	74	1.37947
53	79	0.985046
53	81	0.990091
53	94	0.975095
53	95	1.03785
53	98	0.953592
53	100	1.0119
53	109	1.93458
53	111	0.98477
53	120	0.976691
53	126	1.01889
53	150	1.64845
53	170	0.928593
54	5	1.05466
54	11	1.0395
54	18	0.90808
54	24	1.00281
54	25	1.02319
54	26	0.908141
54	37	0.985704
54	41	0.99069
54	46	0.962425
54	58	0.946777
54	92	1.02661
54	112	0.976535
54	121	0.959752
54	150	0.944765
54	160	2.44049
54	170	1.73444
55	16	1.03519
55	45	1.01452
55	59	0.982628
55	83	1.39242
55	105	1.01589
55	115	1.00023
55	128	1.00994
55	136	1.64323
55	138	0.93783
55	139	0.983714
55	141	0.966716
55	142	1.00541
55	144	0.999159
55	168	0.932094
55	171	0.90157
55	173	2.09094
56	30	1.01425
56	64	0.951992
56	65	0.964388
56	69	1.56166
56	70	1.01609
56	73	1.00383
56	94	0.972884
56	100	1.00969
56	101	1.00887
56	103	1.32725
56	104	1.00522
56	111	0.982559
56	120	0.97448
56	133	1.81908
56	145	0.999609
56	170	0.926382
57	8	1.04564
57	22	1.02897
57	35	1.10744
57	42	1.08644
57	43	1.08546
57	61	1.37471
57	74	1.07154
57	84	1.07154
57	87	1.06685
57	102	0.869858
57	112	1.08217
57	119	1.16835
57	121	1.06539
57	147	1.05194
57	169	2.43828
57	173	1.03018
58	5	1.05529
58	11	1.04013
58	18	0.90871
58	24	1.00344
58	25	1.02382
58	26	0.90877
58	37	0.986333
58	41	0.991319
58	46	0.963054
58	54	0.946777
58	92	1.02724
58	112	0.977165
58	121	0.960382
58	151	1.91502
58	165	1.77894
58	170	1.59717
59	55	0.982628
59	78	0.998527
59	80	1.06371
59	85	0.98613
59	105	1.00773
59	123	0.980272
59	124	0.984585
59	128	1.00178
59	139	0.975556
59	142	0.997255
59	144	0.991001
59	153	1.5804
59	168	0.923936
59	171	0.893412
59	173	0.966296
59	174	2.89916
60	62	0.942307
60	73	0.523462
60	128	0.241844
60	135	0.98805
60	150	1.05697
60	151	1.01424
60	154	1.00324
60	155	0.965655
60	156	0.982238
60	158	1.03782
60	165	1.00147
60	172	0.933558
60	177	0.953593
60	178	0.952472
60	179	0.946048
60	180	0.953915
61	22	2.02529
61	57	1.37471
61	72	0.999704
61	131	0.910797
61	145	0.986312
61	154	0.917884
61	161	0.942437
61	164	0.882955
61	166	0.947639
61	167	0.917566
61	169	0.87465
61	171	0.877426
61	175	0.844363
61	177	0.868242
61	178	0.867121
61	179	0.860697
61	180	0.868564
62	60	0.942307
62	63	0.961122
62	85	0.981122
62	86	0.988849
62	105	1.00272
62	114	0.989284
62	123	0.975264
62	124	0.979577
62	127	1.00963
62	128	0.996769
62	138	0.924664
62	142	0.992247
62	144	0.985993
62	158	1.84425
62	161	1.92836
62	168	0.918928
62	171	0.888404
63	62	0.961122
63	77	1.00529
63	85	0.97779
63	105	0.999389
63	108	2.24273
63	114	0.985952
63	124	0.976245
63	127	1.0063
63	128	0.993437
63	137	0.75905
63	139	0.967216
63	141	0.950218
63	142	0.988915
63	144	0.982661
63	168	0.915596
63	171	0.885072
63	179	2.63091
64	53	0.954203
64	56	0.951992
64	70	0.99899
64	73	0.986731
64	79	0.965735
64	81	0.97078
64	89	1.31552
64	95	1.01854
64	98	0.934281
64	100	0.992591
64	101	0.991774
64	102	1.76132
64	104	0.98812
64	120	0.95738
64	126	0.999579
64	170	0.909282
64	173	2.25375
65	30	1.00955
65	56	0.964388
65	75	1.00188
65	81	0.983175
65	94	0.968179
65	95	1.03094
65	98	0.946676
65	100	1.00499
65	101	1.00417
65	111	0.977854
65	120	0.969775
65	126	1.01197
65	145	0.994904
65	169	2.05478
65	170	0.921677
65	179	2.53066
66	45	0.990774
66	71	0.937042
66	80	1.04812
66	86	0.97827
66	99	1.00242
66	105	0.992142
66	106	1.16141
66	107	1.25392
66	123	0.964685
66	127	0.999049
66	128	0.98619
66	138	0.914086
66	139	0.959969
66	142	0.981669
66	144	0.975414
66	152	2.5765
66	171	0.877825
67	9	1.9433
67	41	1.6567
67	83	0.963707
67	130	0.964168
67	133	0.973718
67	150	0.956344
67	156	0.881616
67	158	0.937197
67	159	0.913369
67	160	0.877935
67	161	0.927165
67	172	0.832935
67	173	0.907448
67	176	0.855159
67	177	0.85297
67	178	0.851849
67	179	0.845425
67	180	0.853292
68	23	1.14444
68	30	0.771257
68	36	1.0521
68	49	1.15767
68	52	0.632196
68	146	1.0292
68	153	1.02045
68	157	1.15822
68	160	1.02017
68	164	1.00991
68	167	1.04452
68	174	0.986015
68	175	0.971322
68	176	0.99739
68	177	0.995201
68	178	0.994079
68	179	0.987655
68	180	0.995523
69	7	0.729514
69	56	1.56166
69	89	1.02539
69	99	0.712253
69	103	1.11708
69	149	0.958765
69	158	1.00808
69	159	0.984254
69	165	0.971731
69	167	0.973179
69	172	0.903821
69	174	0.91467
69	175	0.899976
69	176	0.926044
69	177	0.923855
69	178	0.922734
69	179	0.91631
69	180	0.924177
70	53	1.0183
70	56	1.01609
70	64	0.99899
70	73	1.05083
70	79	1.02983
70	81	1.03488
70	98	0.998378
70	100	1.05669
70	101	1.05587
70	104	1.05222
70	111	1.02956
70	117	0.816407
70	120	1.02148
70	125	2.48188
70	126	1.06368
70	138	1.49128
70	158	1.36243
70	170	0.97338
71	45	0.984519
71	50	0.974631
71	66	0.937042
71	78	0.976687
71	105	0.985888
71	115	0.970233
71	126	0.997527
71	127	0.992795
71	128	0.979936
71	133	0.683984
71	138	0.907832
71	139	0.953715
71	142	0.975414
71	144	0.96916
71	157	0.663984
71	168	0.902095
71	171	0.871571
71	175	4.10135
72	9	1.11662
72	17	1.08548
72	27	1.08802
72	31	1.05924
72	44	1.02913
72	47	1.02297
72	48	1.03117
72	49	0.443133
72	52	1.02256
72	61	0.999704
72	119	1.7638
72	122	0.666275
72	145	1.04352
72	154	0.97509
72	166	1.00484
72	167	0.974772
72	169	0.931855
72	171	2.70855
73	20	0.96441
73	53	1.00604
73	56	1.00383
73	60	0.523462
73	64	0.986731
73	70	1.05083
73	79	1.01757
73	91	1.00876
73	94	1.00762
73	95	1.07038
73	98	0.986119
73	101	1.04361
73	104	1.03996
73	111	1.0173
73	120	1.00922
73	129	1.89884
73	145	1.03435
73	170	0.96112
73	174	3.22136
74	22	0.943097
74	42	1.00056
74	43	0.999585
74	53	1.37947
74	57	1.07154
74	88	0.209959
74	99	0.85278
74	137	0.988884
74	147	0.966066
74	155	0.901888
74	157	1.05284
74	161	0.96402
74	165	0.937702
74	173	0.944303
74	174	0.88064
74	175	0.865947
74	177	0.889826
74	178	0.888705
74	180	0.890148
75	65	1.00188
75	82	0.97649
75	85	0.783777
75	86	0.468464
75	132	0.96378
75	140	0.979899
75	148	0.983375
75	153	0.946942
75	157	1.08471
75	167	0.971018
75	168	0.961403
75	172	0.90166
75	174	0.912509
75	175	0.897815
75	176	0.923884
75	177	0.921694
75	178	0.920573
75	179	0.914149
75	180	0.922016
76	48	0.84672
76	82	0.915506
76	93	0.919513
76	119	0.938853
76	127	2.2743
76	143	0.907039
76	146	0.89471
76	148	0.922391
76	157	1.02373
76	158	0.944938
76	162	0.875318
76	169	0.867118
76	174	0.851525
76	175	0.836832
76	176	0.8629
76	177	0.860711
76	178	0.859589
76	179	0.853165
76	180	0.861033
77	63	1.00529
77	85	1.02529
77	86	1.03302
77	87	1.01454
77	96	0.759205
77	105	1.04689
77	114	1.03345
77	115	1.03123
77	123	1.01943
77	125	0.965658
77	128	1.04094
77	138	0.968833
77	139	1.01472
77	142	1.03642
77	144	1.03016
77	162	2.90772
77	170	1.47379
77	171	0.932572
77	173	1.51379
78	16	1.05109
78	59	0.998527
78	71	0.976687
78	80	1.08777
78	85	1.01019
78	105	1.03179
78	115	1.01613
78	126	1.04342
78	127	1.03869
78	128	1.02583
78	139	0.999613
78	142	1.02131
78	144	1.01506
78	153	2.19001
78	156	2.04166
78	161	1.198
78	166	1.03891
78	168	0.947993
78	171	0.917469
79	6	0.0345533
79	53	0.985046
79	64	0.965735
79	70	1.02983
79	73	1.01757
79	81	1.00162
79	88	0.991659
79	94	0.986627
79	95	1.04939
79	98	0.965124
79	100	1.02343
79	101	1.02262
79	104	1.01896
79	111	0.996302
79	120	0.988223
79	132	2.24132
79	145	1.01335
79	147	1.10414
79	170	0.940125
79	176	2.80468
80	16	1.11627
80	59	1.06371
80	66	1.04812
80	78	1.08777
80	85	1.07537
80	110	1.05181
80	114	1.08353
80	115	1.08131
80	123	1.06951
80	128	1.09102
80	139	1.0648
80	141	1.0478
80	142	1.0865
80	143	1.52777
80	144	1.08024
80	157	0.803153
80	161	0.808032
80	168	1.01318
80	171	0.982652
80	175	3.62155
81	20	0.948459
81	30	1.03304
81	53	0.990091
81	64	0.97078
81	65	0.983175
81	70	1.03488
81	79	1.00162
81	94	0.991671
81	95	1.05443
81	98	0.970168
81	100	1.02848
81	103	0.723016
81	104	1.02401
81	111	1.00135
81	120	0.993267
81	140	1.71818
81	145	1.0184
81	158	1.29467
81	170	0.945169
81	176	2.86374
82	75	0.97649
82	76	0.915506
82	106	0.971937
82	115	0.167833
82	123	2.03296
82	137	0.947839
82	143	0.89511
82	154	0.898423
82	158	0.933008
82	160	0.873746
82	161	0.922975
82	165	0.896657
82	172	0.828746
82	173	0.903258
82	174	0.839595
82	176	0.85097
82	178	0.84766
82	179	0.841235
82	180	0.849103
83	9	0.759955
83	55	1.39242
83	67	0.963707
83	96	1.05785
83	118	0.969854
83	121	1.19214
83	146	0.938721
83	150	1.0081
83	151	0.96537
83	159	0.965122
83	163	0.976015
83	168	0.944431
83	169	0.91113
83	172	0.884688
83	175	0.880843
83	176	0.906912
83	177	0.904722
83	178	0.903601
83	179	0.897177
83	180	0.905044
84	1	0.95801
84	4	0.954632
84	10	1.06831
84	15	0.951355
84	33	1.01031
84	35	1.02156
84	39	1.01069
84	40	1.01115
84	42	1.00056
84	43	0.999583
84	49	0.548715
84	57	1.07154
84	90	0.975588
84	92	1.04636
84	112	0.996292
84	121	0.979509
84	131	2.27524
84	147	0.966063
84	163	2.17149
84	173	0.944301
85	50	1.00813
85	59	0.98613
85	62	0.981122
85	63	0.97779
85	75	0.783777
85	77	1.02529
85	78	1.01019
85	80	1.07537
85	86	1.00552
85	114	1.00595
85	115	1.00373
85	123	0.991932
85	127	1.0263
85	139	0.987216
85	142	1.00892
85	143	1.62069
85	144	1.00266
85	170	1.23887
85	171	0.905072
85	180	2.49111
86	45	1.02575
86	62	0.988849
86	66	0.97827
86	75	0.468464
86	77	1.03302
86	85	1.00552
86	99	1.03739
86	115	1.01146
86	123	0.999659
86	127	1.03402
86	128	1.02116
86	139	0.994943
86	141	0.977945
86	142	1.01664
86	144	1.01039
86	148	1.4153
86	162	2.35748
86	168	0.943323
86	171	0.912799
86	176	2.0706
87	8	0.955071
87	22	0.938404
87	35	1.01687
87	42	0.995867
87	43	0.994892
87	50	0.997377
87	57	1.06685
87	77	1.01454
87	99	1.01891
87	105	1.00863
87	121	0.974818
87	127	1.01554
87	134	1.33767
87	139	0.976461
87	144	0.991906
87	147	0.961373
87	154	1.14952
87	167	1.83958
87	168	0.924841
87	173	0.93961
87	178	2.91575
88	30	1.02307
88	74	0.209959
88	79	0.991659
88	98	0.960205
88	101	1.0177
88	111	0.991383
88	114	1.00043
88	115	0.99821
88	120	0.983304
88	124	0.99072
88	127	1.02077
88	129	1.91895
88	139	0.981691
88	141	0.964694
88	142	1.00339
88	144	0.997136
88	145	1.00843
88	164	2.88596
88	165	1.45038
88	170	0.935206
88	171	0.899547
89	16	1.48551
89	64	1.31552
89	69	1.02539
89	105	0.721073
89	107	1.02671
89	116	1.05257
89	140	0.953728
89	146	0.929522
89	149	0.930433
89	159	0.955923
89	162	0.910131
89	165	0.9434
89	170	0.940366
89	171	0.904708
89	172	0.875489
89	174	0.886338
89	175	0.871644
89	176	0.897713
89	178	0.894402
89	179	0.887978
89	180	0.895845
90	4	1.16494
90	33	0.840691
90	84	0.975588
90	109	1.01939
90	110	1.11676
90	128	0.518074
90	152	0.998208
90	155	0.965046
90	156	0.98163
90	157	1.116
90	158	1.03721
90	163	1.02428
90	169	0.959392
90	172	0.93295
90	174	0.943799
90	175	0.929106
90	176	0.955174
90	177	0.952985
90	178	0.951864
90	179	0.945439
90	180	0.953307
91	14	1.03186
91	34	1.82118
91	42	1.37007
91	73	1.00876
91	97	0.945932
91	116	1.03902
91	129	0.944188
91	134	0.965782
91	151	0.942625
91	155	0.894039
91	156	0.910623
91	157	1.045
91	165	0.929854
91	166	0.961374
91	173	0.936455
91	174	0.872792
91	175	0.858098
91	177	0.881977
91	178	0.880856
91	179	0.874432
91	180	0.882299
92	1	1.01871
92	2	1.01055
92	12	1.00611
92	18	0.988539
92	23	1.0945
92	24	1.08327
92	25	1.10365
92	33	1.07102
92	37	1.06616
92	39	1.07139
92	40	1.07185
92	41	1.07115
92	46	1.04288
92	54	1.02661
92	58	1.02724
92	84	1.04636
92	118	1.29492
92	148	1.71913
92	152	1.28629
92	156	1.73314
92	167	1.73875
93	25	2.0023
93	39	2.1977
93	76	0.919513
93	103	1.04602
93	131	0.895342
93	138	0.898233
93	140	0.910992
93	146	0.886787
93	148	0.914468
93	149	0.887697
93	155	0.864849
93	162	0.867396
93	164	0.867501
93	165	0.900664
93	172	0.832753
93	174	0.843602
93	175	0.828909
93	176	0.854977
93	177	0.852788
93	178	0.851667
93	180	0.85311
94	20	0.933463
94	30	1.01804
94	53	0.975095
94	56	0.972884
94	65	0.968179
94	73	1.00762
94	79	0.986627
94	81	0.991671
94	95	1.03943
94	98	0.955172
94	100	1.01348
94	101	1.01267
94	102	1.76882
94	104	1.00901
94	111	0.98635
94	113	1.31297
94	120	0.978272
94	136	1.81353
94	145	1.0034
94	158	1.79922
94	170	0.930173
95	53	1.03785
95	64	1.01854
95	65	1.03094
95	73	1.07038
95	79	1.04939
95	81	1.05443
95	94	1.03943
95	98	1.01793
95	100	1.07624
95	101	1.07543
95	104	1.07177
95	111	1.04911
95	116	0.682893
95	120	1.04103
95	126	1.08323
95	130	1.32733
95	145	1.06616
95	150	1.12515
95	152	1.97372
95	165	2.09659
95	170	0.992933
96	32	1.43558
96	35	0.93908
96	77	0.759205
96	83	1.05785
96	103	1.14034
96	135	0.981574
96	139	0.371568
96	146	0.981116
96	151	1.00777
96	155	0.959179
96	161	1.02131
96	166	1.02651
96	170	0.99196
96	171	0.956301
96	173	1.00159
96	174	0.937931
96	175	0.923238
96	176	0.949306
96	178	0.945996
96	179	0.939571
96	180	0.947439
97	91	0.945932
97	109	0.924346
97	121	1.94117
97	126	0.831437
97	135	0.892397
97	136	0.931096
97	156	0.886586
97	162	0.872548
97	163	0.929233
97	164	0.872653
97	165	0.905816
97	166	0.937337
97	169	0.864348
97	172	0.837905
97	174	0.848755
97	175	0.834061
97	176	0.860129
97	177	0.85794
97	178	0.856819
97	179	0.850395
97	180	0.858262
98	20	0.91196
98	30	0.996539
98	53	0.953592
98	64	0.934281
98	65	0.946676
98	70	0.998378
98	73	0.986119
98	79	0.965124
98	81	0.970168
98	88	0.960205
98	94	0.955172
98	95	1.01793
98	100	0.99198
98	101	0.991163
98	104	0.987509
98	111	0.964847
98	120	0.956769
98	145	0.981898
98	149	2.0292
98	154	1.5725
98	159	1.85733
98	163	1.89936
98	170	0.90867
99	50	1.04001
99	66	1.00242
99	69	0.712253
99	74	0.85278
99	86	1.03739
99	87	1.01891
99	105	1.05127
99	110	0.770571
99	114	1.03783
99	115	1.03561
99	123	1.02381
99	125	0.970035
99	126	1.0629
99	127	1.05817
99	128	1.04531
99	139	1.01909
99	141	1.0021
99	142	1.04079
99	143	2.29325
99	144	1.03454
99	168	0.967473
99	170	1.91143
99	171	0.936949
100	20	0.970271
100	53	1.0119
100	56	1.00969
100	64	0.992591
100	65	1.00499
100	70	1.05669
100	79	1.02343
100	81	1.02848
100	94	1.01348
100	95	1.07624
100	98	0.99198
100	101	1.04947
100	104	1.04582
100	111	1.02316
100	120	1.01508
100	126	1.05728
100	131	1.4497
100	135	1.74549
100	145	1.04021
100	159	1.30391
100	167	1.70914
100	170	0.966981
100	171	1.98858
101	20	0.969454
101	30	1.05403
101	56	1.00887
101	64	0.991774
101	65	1.00417
101	70	1.05587
101	73	1.04361
101	79	1.02262
101	88	1.0177
101	94	1.01267
101	95	1.07543
101	98	0.991163
101	100	1.04947
101	103	0.962005
101	104	1.045
101	111	1.02234
101	113	0.932108
101	120	1.01426
101	145	1.03939
101	170	0.966164
101	177	2.17094
101	179	2.46135
101	180	2.12171
102	57	0.869858
102	64	1.76132
102	94	1.76882
102	116	1.0442
102	119	0.965291
102	131	0.929704
102	136	0.960305
102	146	0.921148
102	149	0.922059
102	151	0.947797
102	156	0.915795
102	161	0.961344
102	164	0.901862
102	165	0.935026
102	166	0.966546
102	172	0.867115
102	173	0.941627
102	175	0.86327
102	176	0.889339
102	177	0.887149
102	179	0.879604
102	180	0.887471
103	13	1.07322
103	37	0.514507
103	56	1.32725
103	69	1.11708
103	81	0.723016
103	93	1.04602
103	96	1.14034
103	101	0.962005
103	132	1.0293
103	143	1.03354
103	151	1.04786
103	152	1.03244
103	155	0.999275
103	158	1.07144
103	162	1.00182
103	169	0.99362
103	174	0.978027
103	175	0.963334
103	176	0.989402
103	177	0.987213
103	178	0.986092
103	179	0.979667
103	180	0.987535
104	20	0.9658
104	30	1.05038
104	56	1.00522
104	64	0.98812
104	70	1.05222
104	73	1.03996
104	79	1.01896
104	81	1.02401
104	94	1.00901
104	95	1.07177
104	98	0.987509
104	100	1.04582
104	101	1.045
104	111	1.01869
104	120	1.01061
104	126	1.05281
104	145	1.03574
104	149	1.98611
104	154	1.5294
104	157	0.746332
104	159	1.81423
104	165	1.88987
104	170	0.96251
105	55	1.01589
105	59	1.00773
105	62	1.00272
105	63	0.999389
105	66	0.992142
105	71	0.985888
105	77	1.04689
105	78	1.03179
105	87	1.00863
105	89	0.721073
105	99	1.05127
105	114	1.02755
105	115	1.02533
105	123	1.01353
105	128	1.03504
105	135	2.16702
105	139	1.00881
105	142	1.03051
105	144	1.02426
105	157	0.657537
105	166	1.12231
105	168	0.957195
105	171	0.926671
105	177	2.92077
106	44	1.11668
106	66	1.16141
106	82	0.971937
106	110	1.08091
106	113	1.04089
106	124	0.796092
106	133	1.03789
106	144	0.336669
106	149	0.952051
106	150	1.02052
106	153	0.942389
106	156	0.945787
106	157	1.08016
106	161	0.991336
106	164	0.931854
106	165	0.965018
106	167	0.966465
106	174	0.907956
106	175	0.893262
106	176	0.919331
106	177	0.917141
106	179	0.909596
106	180	0.917463
107	66	1.25392
107	89	1.02671
107	112	0.453114
107	122	1.08872
107	123	0.752931
107	125	0.967443
107	135	0.959629
107	144	0.429186
107	146	0.959172
107	151	0.985821
107	152	0.970396
107	155	0.937234
107	160	0.950138
107	163	0.996465
107	164	0.939886
107	165	0.973049
107	173	0.97965
107	174	0.915987
107	175	0.901294
107	176	0.927362
107	177	0.925173
107	178	0.924051
107	179	0.917627
107	180	0.925494
108	1	2.75727
108	63	2.24273
108	109	0.894396
108	122	0.991542
108	130	0.939188
108	134	0.911795
108	137	0.927048
108	141	0.902321
108	143	0.874319
108	148	0.889671
108	149	0.862899
108	151	0.888638
108	153	0.853237
108	160	0.852955
108	161	0.902184
108	162	0.842598
108	165	0.875866
108	171	0.837174
108	172	0.807955
108	174	0.818804
108	176	0.830179
108	177	0.82799
108	178	0.826869
108	179	0.820444
108	180	0.828312
109	2	1.79382
109	11	1.2716
109	53	1.93458
109	90	1.01939
109	97	0.924346
109	108	0.894396
109	117	1.00712
109	138	0.905836
109	140	0.918596
109	143	0.90672
109	148	0.922072
109	153	0.885639
109	157	1.02341
109	159	0.92079
109	161	0.934586
109	162	0.874999
109	163	0.931684
109	164	0.875104
109	170	0.905234
109	174	0.851206
109	175	0.836512
109	176	0.86258
109	177	0.860391
109	179	0.852846
109	180	0.860713
110	80	1.05181
110	90	1.11676
110	99	0.770571
110	106	1.08091
110	112	0.575941
110	127	0.0530415
110	130	1.06895
110	136	1.03091
110	140	1.01596
110	144	0.552013
110	146	0.991756
110	148	1.01944
110	150	1.06113
110	153	0.983004
110	160	0.982722
110	161	1.03195
110	162	0.972365
110	169	0.964164
110	174	0.948571
110	175	0.933878
110	176	0.959946
110	177	0.957757
110	178	0.956636
110	179	0.950211
110	180	0.958079
111	20	0.943138
111	30	1.02772
111	53	0.98477
111	56	0.982559
111	65	0.977854
111	70	1.02956
111	73	1.0173
111	79	0.996302
111	81	1.00135
111	88	0.991383
111	94	0.98635
111	95	1.04911
111	98	0.964847
111	100	1.02316
111	101	1.02234
111	104	1.01869
111	116	0.954695
111	120	0.987947
111	126	1.03015
111	145	1.01308
111	152	1.71988
111	154	1.48229
111	170	0.939848
111	173	1.70098
111	180	2.91323
112	8	0.970392
112	11	1.06989
112	18	0.938468
112	22	0.953725
112	24	1.0332
112	25	1.05357
112	26	0.938528
112	35	1.03219
112	37	1.01609
112	41	1.02108
112	42	1.01119
112	43	1.01021
112	46	0.992813
112	54	0.976535
112	57	1.08217
112	58	0.977165
112	84	0.996292
112	107	0.453114
112	110	0.575941
112	121	0.99014
112	134	1.72626
112	147	0.976694
112	153	2.37091
112	168	1.99822
112	173	0.954931
113	11	0.86687
113	23	1.68805
113	94	1.31297
113	101	0.932108
113	106	1.04089
113	136	0.990893
113	138	0.963183
113	143	0.964067
113	146	0.951737
113	149	0.952647
113	150	1.02111
113	153	0.942985
113	157	1.08076
113	158	1.00196
113	161	0.991932
113	163	0.98903
113	172	0.897703
113	174	0.908552
113	175	0.893859
113	176	0.919927
113	177	0.917738
113	178	0.916617
113	179	0.910193
113	180	0.91806
114	62	0.989284
114	63	0.985952
114	77	1.03345
114	80	1.08353
114	85	1.00595
114	88	1.00043
114	99	1.03783
114	105	1.02755
114	115	1.0119
114	123	1.00009
114	124	1.00441
114	125	0.94632
114	126	1.03919
114	138	0.949495
114	139	0.995378
114	141	0.97838
114	142	1.01708
114	144	1.01082
114	150	0.795097
114	162	2.35994
114	163	1.07418
114	168	0.943758
114	170	0.926011
114	171	0.913234
114	175	3.40162
115	55	1.00023
115	71	0.970233
115	77	1.03123
115	78	1.01613
115	80	1.08131
115	82	0.167833
115	85	1.00373
115	86	1.01146
115	88	0.99821
115	99	1.03561
115	105	1.02533
115	114	1.0119
115	122	0.659588
115	123	0.997876
115	124	1.00219
115	125	0.944102
115	139	0.99316
115	141	0.976163
115	142	1.01486
115	144	1.00861
115	155	1.22491
115	168	0.94154
115	171	0.911016
115	172	4.55816
115	178	1.73903
116	28	1.37553
116	89	1.05257
116	91	1.03902
116	95	0.682893
116	102	1.0442
116	111	0.954695
116	124	0.920363
116	129	1.01324
116	142	0.0777678
116	148	1.01271
116	150	1.05441
116	152	0.996256
116	153	0.97628
116	155	0.963094
116	156	0.979678
116	158	1.03526
116	160	0.975998
116	162	0.965641
116	165	0.998909
116	173	1.00551
116	174	0.941847
116	175	0.927154
116	176	0.953222
116	177	0.951033
116	179	0.943487
116	180	0.951355
117	6	1.19377
117	10	0.751811
117	33	0.920379
117	40	1.06962
117	70	0.816407
117	109	1.00712
117	122	1.10427
117	123	1.04857
117	136	1.01387
117	140	0.99892
117	143	0.987044
117	150	1.04409
117	153	0.965963
117	158	1.02494
117	159	1.00111
117	161	1.01491
117	162	0.955324
117	172	0.920681
117	173	0.995193
117	174	0.93153
117	175	0.916837
117	176	0.942905
117	177	0.940716
117	178	0.939595
117	179	0.93317
117	180	0.941038
118	83	0.969854
118	92	1.29492
118	127	1.26143
118	129	0.921328
118	133	0.979865
118	134	0.942922
118	145	1.2674
118	146	0.893116
118	148	0.920798
118	150	0.962491
118	151	0.919765
118	153	0.884365
118	157	1.02214
118	159	0.919516
118	160	0.884082
118	162	0.873725
118	163	0.93041
118	165	0.906993
118	170	0.90396
118	172	0.839083
118	174	0.849932
118	175	0.835238
118	177	0.859117
118	178	0.857996
118	179	0.851572
118	180	0.859439
119	35	2.06785
119	57	1.16835
119	72	1.7638
119	76	0.938853
119	102	0.965291
119	143	0.918456
119	151	0.932775
119	152	0.917351
119	153	0.897375
119	154	0.921769
119	156	0.900773
119	157	1.03515
119	160	0.897092
119	161	0.946322
119	164	0.88684
119	167	0.921451
119	168	0.911836
119	170	0.91697
119	172	0.852093
119	175	0.848248
119	176	0.874317
119	177	0.872127
119	178	0.871006
119	179	0.864582
119	180	0.872449
120	20	0.93506
120	30	1.01964
120	53	0.976691
120	56	0.97448
120	64	0.95738
120	65	0.969775
120	70	1.02148
120	73	1.00922
120	79	0.988223
120	81	0.993267
120	88	0.983304
120	94	0.978272
120	95	1.04103
120	98	0.956769
120	100	1.01508
120	101	1.01426
120	104	1.01061
120	111	0.987947
120	126	1.02207
120	133	0.973597
120	145	1.005
120	147	0.764197
120	168	1.59911
120	170	0.93177
120	174	3.29056
120	180	2.56993
121	5	1.06826
121	8	0.953609
121	11	1.05311
121	22	0.936942
121	24	1.01642
121	25	1.03679
121	26	0.921745
121	35	1.01541
121	37	0.999308
121	41	1.00429
121	42	0.994405
121	43	0.99343
121	46	0.97603
121	54	0.959752
121	57	1.06539
121	58	0.960382
121	83	1.19214
121	84	0.979509
121	87	0.974818
121	97	1.94117
121	112	0.99014
121	137	1.57068
121	141	1.40809
121	147	0.959911
121	150	1.06099
121	173	0.938148
122	20	1.59521
122	21	1.49272
122	40	0.786206
122	72	0.666275
122	107	1.08872
122	108	0.991542
122	115	0.659588
122	117	1.10427
122	131	1.00009
122	132	0.999624
122	133	1.07829
122	148	1.01922
122	155	0.969599
122	159	1.01794
122	164	0.972251
122	165	1.00541
122	169	0.963945
122	171	0.966722
122	172	0.937503
122	174	0.948352
122	175	0.933659
122	176	0.959727
122	177	0.957538
122	178	0.956416
122	179	0.949992
122	180	0.957859
123	14	0.96313
123	59	0.980272
123	62	0.975264
123	66	0.964685
123	77	1.01943
123	80	1.06951
123	82	2.03296
123	85	0.991932
123	86	0.999659
123	99	1.02381
123	105	1.01353
123	107	0.752931
123	114	1.00009
123	115	0.997876
123	117	1.04857
123	124	0.990387
123	127	1.02044
123	128	1.00758
123	138	0.935475
123	139	0.981358
123	141	0.96436
123	142	1.00306
123	144	0.996803
123	157	1.05485
123	168	0.929738
123	171	0.899214
124	7	0.975889
124	13	0.981874
124	19	0.955528
124	21	0.964004
124	28	0.954705
124	29	0.943995
124	32	0.944046
124	34	1.03735
124	36	0.94463
124	38	1.03653
124	51	1.01826
124	59	0.984585
124	62	0.979577
124	63	0.976245
124	88	0.99072
124	106	0.796092
124	114	1.00441
124	115	1.00219
124	116	0.920363
124	123	0.990387
124	139	0.985671
124	142	1.00737
124	144	1.00112
124	149	2.43031
124	150	1.36262
124	161	1.81438
124	171	0.903527
125	17	1.63739
125	46	1.28073
125	50	0.948499
125	70	2.48188
125	77	0.965658
125	99	0.970035
125	107	0.967443
125	114	0.94632
125	115	0.944102
125	127	0.966664
125	128	0.953805
125	139	0.927584
125	142	0.949283
125	144	0.943028
125	146	0.870254
125	153	0.861503
125	160	0.86122
125	161	0.91045
125	164	0.850968
125	168	0.875964
125	169	0.842663
125	172	0.816221
125	176	0.838444
125	177	0.836255
125	178	0.835134
125	179	0.82871
125	180	0.836577
126	53	1.01889
126	64	0.999579
126	65	1.01197
126	70	1.06368
126	71	0.997527
126	78	1.04342
126	95	1.08323
126	97	0.831437
126	99	1.0629
126	100	1.05728
126	104	1.05281
126	111	1.03015
126	114	1.03919
126	120	1.02207
126	127	1.05953
126	128	1.04667
126	139	1.02045
126	142	1.04215
126	144	1.0359
126	151	1.05879
126	162	2.17486
126	163	0.889106
126	164	2.35829
126	168	0.968833
126	170	0.973968
126	171	0.938309
126	176	1.88798
127	16	1.0672
127	50	1.03664
127	62	1.00963
127	63	1.0063
127	66	0.999049
127	71	0.992795
127	76	2.2743
127	78	1.03869
127	85	1.0263
127	86	1.03402
127	87	1.01554
127	88	1.02077
127	99	1.05817
127	110	0.0530415
127	118	1.26143
127	123	1.02044
127	125	0.966664
127	126	1.05953
127	128	1.04194
127	139	1.01572
127	141	0.998724
127	142	1.03742
127	144	1.03117
127	158	0.771879
127	160	1.89995
127	163	1.34207
127	168	0.964102
127	171	0.933578
128	49	0.0912015
128	50	1.02378
128	55	1.00994
128	59	1.00178
128	60	0.241844
128	62	0.996769
128	63	0.993437
128	66	0.98619
128	71	0.979936
128	77	1.04094
128	78	1.02583
128	80	1.09102
128	86	1.02116
128	90	0.518074
128	99	1.04531
128	105	1.03504
128	123	1.00758
128	125	0.953805
128	126	1.04667
128	127	1.04194
128	137	1.28582
128	138	0.95698
128	139	1.00286
128	142	1.02456
128	144	1.01831
128	168	0.951243
128	171	0.920719
128	176	2.71285
128	179	3.15769
129	41	1.78221
129	73	1.89884
129	88	1.91895
129	91	0.944188
129	116	1.01324
129	118	0.921328
129	131	0.898751
129	134	0.940001
129	135	0.890653
129	140	0.914401
129	143	0.902525
129	147	0.932436
129	149	0.891105
129	156	0.884841
129	157	1.01921
129	159	0.916595
129	160	0.881161
129	162	0.870804
129	164	0.870909
129	167	0.90552
129	172	0.836161
129	174	0.84701
129	175	0.832317
129	176	0.858385
129	177	0.856196
129	178	0.855075
129	179	0.848651
129	180	0.856518
130	27	0.597216
130	35	1.6343
130	48	1.27984
130	49	1.06766
130	67	0.964168
130	95	1.32733
130	108	0.939188
130	110	1.06895
130	131	0.947738
130	132	0.947269
130	134	0.988988
130	137	1.00424
130	142	0.722202
130	143	0.951512
130	148	0.966864
130	150	1.00856
130	152	0.950407
130	155	0.917245
130	159	0.965582
130	160	0.930148
130	162	0.919791
130	163	0.976475
130	166	0.98458
130	167	0.954507
130	170	0.950026
130	172	0.885148
130	174	0.895997
130	176	0.907372
130	178	0.904062
130	179	0.897638
130	180	0.905505
131	30	2.47506
131	61	0.910797
131	84	2.27524
131	93	0.895342
131	100	1.4497
131	102	0.929704
131	122	1.00009
131	129	0.898751
131	130	0.947738
131	133	0.957288
131	136	0.909695
131	138	0.881985
131	148	0.898221
131	149	0.871449
131	155	0.848602
131	156	0.865185
131	157	0.999558
131	159	0.896939
131	163	0.907832
131	165	0.884416
131	167	0.885864
131	169	0.842947
131	172	0.816505
131	173	0.891017
131	174	0.827354
131	175	0.812661
131	176	0.838729
131	177	0.83654
131	178	0.835419
131	179	0.828994
131	180	0.836862
132	5	1.22619
132	75	0.96378
132	79	2.24132
132	103	1.0293
132	122	0.999624
132	130	0.947269
132	135	0.870528
132	136	0.909227
132	137	0.935129
132	140	0.894276
132	142	1.89338
132	146	0.87007
132	148	0.897752
132	149	0.870981
132	151	0.896719
132	155	0.848133
132	158	0.920298
132	159	0.896471
132	163	0.907364
132	165	0.883948
132	167	0.885395
132	169	0.842479
132	172	0.816037
132	173	0.890549
132	174	0.826886
132	176	0.838261
132	177	0.836071
132	178	0.83495
132	179	0.828526
132	180	0.836393
133	16	1.44197
133	30	1.28137
133	56	1.81908
133	67	0.973718
133	71	0.683984
133	106	1.03789
133	118	0.979865
133	120	0.973597
133	122	1.07829
133	131	0.957288
133	135	0.94919
133	136	0.987889
133	140	0.972938
133	143	0.961062
133	146	0.948732
133	148	0.976414
133	149	0.949643
133	151	0.975381
133	152	0.959957
133	155	0.926795
133	162	0.929341
133	164	0.929447
133	165	0.96261
133	172	0.894699
133	173	0.969211
133	175	0.890854
133	176	0.916923
133	177	0.914733
133	178	0.913612
133	179	0.907188
133	180	0.915055
134	31	1.3549
134	47	1.98117
134	87	1.33767
134	91	0.965782
134	108	0.911795
134	112	1.72626
134	118	0.942922
134	129	0.940001
134	130	0.988988
134	135	0.912247
134	136	0.950946
134	137	0.976848
134	138	0.923235
134	143	0.924119
134	147	0.95403
134	149	0.9127
134	150	0.981164
134	152	0.923014
134	153	0.903038
134	156	0.906436
134	162	0.892398
134	164	0.892504
134	171	0.886975
134	172	0.857756
134	173	0.932268
134	174	0.868605
134	175	0.853911
134	176	0.87998
134	177	0.877791
134	178	0.876669
134	179	0.870245
134	180	0.878112
135	18	2.48748
135	60	0.98805
135	96	0.981574
135	97	0.892397
135	100	1.74549
135	105	2.16702
135	107	0.959629
135	129	0.890653
135	132	0.870528
135	133	0.94919
135	134	0.912247
135	140	0.886647
135	141	0.902773
135	146	0.862441
135	150	0.931816
135	151	0.88909
135	153	0.85369
135	158	0.912669
135	160	0.853407
135	161	0.902637
135	162	0.84305
135	163	0.899735
135	167	0.877766
135	168	0.86815
135	172	0.808407
135	173	0.88292
135	175	0.804563
135	176	0.830631
135	177	0.828442
135	178	0.827321
135	179	0.820897
135	180	0.828764
136	42	1.20209
136	55	1.64323
136	94	1.81353
136	97	0.931096
136	102	0.960305
136	110	1.03091
136	113	0.990893
136	117	1.01387
136	131	0.909695
136	132	0.909227
136	133	0.987889
136	134	0.950946
136	139	1.24657
136	146	0.90114
136	147	0.943381
136	148	0.928821
136	152	0.912364
136	155	0.879203
136	156	0.895786
136	162	0.881749
136	164	0.881854
136	168	0.906849
136	169	0.873548
136	170	0.911984
136	171	0.876325
136	172	0.847106
136	174	0.857955
136	175	0.843262
136	176	0.86933
136	177	0.867141
136	178	0.86602
136	179	0.859595
136	180	0.867463
137	26	1.70152
137	38	1.48293
137	63	0.75905
137	74	0.988884
137	82	0.947839
137	108	0.927048
137	121	1.57068
137	128	1.28582
137	130	1.00424
137	132	0.935129
137	134	0.976848
137	138	0.938488
137	140	0.951248
137	141	0.967374
137	143	0.939372
137	148	0.954724
137	149	0.927953
137	151	0.953691
137	152	0.938267
137	156	0.921688
137	158	0.97727
137	159	0.953442
137	160	0.918008
137	163	0.964335
137	164	0.907756
137	166	0.97244
137	170	0.937886
137	172	0.873008
137	173	0.94752
137	175	0.869164
137	176	0.895232
137	177	0.893043
137	179	0.885498
137	180	0.893365
138	10	1.42669
138	16	0.982235
138	28	2.31429
138	34	1.76774
138	55	0.93783
