1	131	1.54635
1	138	0.799978
1	140	1.56828
1	148	0.81705
1	158	0.804521
1	168	0.802609
1	173	1.68468
1	175	0.830611
1	176	0.816538
1	178	0.816167
1	179	0.814429
1	180	0.698096
2	47	2.06316
2	64	1.43574
2	147	0.807116
2	160	0.787144
2	165	0.812247
2	166	0.802875
2	168	0.793387
2	170	1.30031
2	175	0.821389
2	177	0.763691
2	178	0.806945
2	179	0.805207
3	126	1.10146
3	127	1.33271
3	133	0.881166
3	134	0.894223
3	140	0.903729
3	146	0.906747
3	157	0.923691
3	163	0.905034
3	170	0.897819
3	172	1.22909
3	174	0.887592
3	176	1.13789
4	111	1.59282
4	128	0.791764
4	129	0.821545
4	143	0.805722
4	153	0.783116
4	159	0.794766
4	164	0.794992
4	167	0.801199
4	171	0.799985
4	173	0.80691
4	174	1.62064
4	175	1.58713
5	71	1.48151
5	91	1.59187
5	150	0.796324
5	158	0.790527
5	161	1.72549
5	165	0.807476
5	166	0.798103
5	168	0.788615
5	172	0.799729
5	175	0.816617
5	178	0.802174
5	179	0.800435
6	8	0.944275
6	62	0.830847
6	63	0.89773
6	130	0.914084
6	147	1.21839
6	151	1.16444
6	161	0.896031
6	163	0.911336
6	165	1.22084
6	166	1.19694
6	169	0.911802
6	174	0.893894
7	32	1.1982
7	84	0.846462
7	120	1.22632
7	147	0.911309
7	155	0.903911
7	164	1.20203
7	168	0.897579
7	172	0.908693
7	173	1.17276
7	176	0.911508
7	178	0.911138
7	179	0.909399
8	6	0.944275
8	41	0.889433
8	62	0.823222
8	99	0.952787
8	111	1.13938
8	143	1.28899
8	155	1.15517
8	156	0.903807
8	163	0.903711
8	165	1.21831
8	170	0.896496
8	174	0.886269
9	27	1.43669
9	43	0.964414
9	69	0.934132
9	76	0.867315
9	99	0.943745
9	121	0.9154
9	136	0.853554
9	146	0.896382
9	148	1.12025
9	149	0.894338
9	152	1.28301
9	169	0.895134
10	100	1.27401
10	117	1.27005
10	138	0.887207
10	142	0.880905
10	144	1.12704
10	148	0.904278
10	167	1.12821
10	172	0.900951
10	175	0.91784
10	176	0.903766
10	178	0.903396
10	179	0.901657
11	97	1.14943
11	103	1.2862
11	143	0.907011
11	147	1.20235
11	151	0.895291
11	153	0.884404
11	159	0.896054
11	161	1.162
11	162	0.917198
11	164	0.896281
11	167	0.902487
11	171	0.901274
12	13	1.75093
12	88	0.796678
12	90	0.803175
12	92	0.794042
12	103	0.804707
12	126	1.54576
12	133	0.779816
12	134	0.792872
12	153	1.5028
12	175	0.819779
12	178	0.805335
12	179	0.803596
13	12	1.75093
13	120	0.815405
13	125	1.49092
13	128	0.802229
13	144	0.811853
13	159	0.80523
13	162	0.826373
13	166	1.55871
13	167	0.811663
13	171	0.81045
13	173	0.817375
13	180	0.699423
14	36	1.43874
14	80	0.752334
14	93	0.812463
14	112	0.789569
14	131	1.62311
14	146	0.811805
14	149	0.809762
14	153	1.73761
14	172	0.809299
14	174	0.79265
14	176	0.812114
14	179	0.810005
15	52	1.17394
15	67	0.895562
15	73	0.870358
15	114	0.898777
15	144	0.904286
15	148	1.15866
15	154	0.914231
15	156	1.24746
15	167	0.904096
15	169	1.2218
15	171	0.902882
15	173	0.909807
16	22	0.883254
16	43	0.943763
16	58	0.800165
16	78	0.912702
16	80	0.815124
16	87	0.686459
16	103	0.873906
16	112	0.852359
16	127	0.84575
16	156	0.872977
16	160	0.707223
16	177	1.63798
16	180	2.18
17	23	1.31674
17	42	0.939513
17	61	0.894128
17	75	0.90036
17	80	0.803538
17	90	0.860787
17	92	0.851654
17	95	0.84891
17	104	0.860338
17	112	0.840772
17	154	1.20345
17	166	1.31926
17	178	1.36167
18	56	0.754652
18	69	0.918254
18	99	0.927867
18	101	0.863079
18	119	1.24933
18	136	0.837676
18	137	0.868848
18	142	1.3531
18	152	1.38393
18	163	0.878791
18	169	0.879257
18	170	0.871576
18	173	1.21497
19	45	1.1638
19	103	1.31534
19	131	0.882559
19	142	1.28913
19	144	0.864215
19	145	1.43436
19	153	0.845942
19	154	0.87416
19	162	0.878735
19	164	0.857818
19	167	0.864025
19	171	0.862811
19	173	0.869736
20	139	1.25189
20	143	0.883228
20	151	0.871508
20	159	0.872272
20	161	1.3125
20	162	0.893415
20	164	0.872498
20	166	1.33141
20	167	0.878705
20	171	0.877492
20	173	0.884416
20	174	1.30421
20	180	0.766465
21	31	1.63935
21	135	0.780834
21	142	0.762878
21	144	1.78149
21	150	0.77952
21	158	0.773723
21	160	0.765568
21	170	1.77809
21	172	0.782925
21	175	0.799813
21	176	0.78574
21	178	0.785369
21	179	0.783631
22	16	0.883254
22	25	0.878484
22	58	0.808428
22	78	0.920966
22	80	0.823387
22	102	1.23413
22	112	0.860622
22	119	0.889605
22	127	0.854013
22	150	0.502008
22	156	0.88124
22	177	1.46928
22	180	2.01129
23	17	1.31674
23	24	1.31305
23	145	0.867961
23	146	1.28614
23	150	0.86502
23	156	0.869314
23	158	0.859224
23	160	0.851068
23	163	1.28254
23	165	0.876172
23	176	0.87124
23	178	0.87087
23	179	0.869131
24	23	1.31305
24	45	1.26932
24	93	1.30341
24	122	0.894922
24	126	0.853772
24	143	0.867856
24	152	0.858359
24	154	0.873468
24	164	0.857126
24	166	1.31557
24	167	0.863333
24	171	0.862119
24	173	0.869044
25	22	0.878484
25	42	0.94633
25	58	0.795395
25	78	0.907933
25	80	0.810354
25	102	1.24035
25	103	0.869136
25	112	0.847589
25	119	0.876572
25	143	0.483243
25	156	0.868207
25	177	1.4755
25	180	2.01751
26	104	1.20796
26	115	1.459
26	136	1.35946
26	147	0.87182
26	148	0.872531
26	158	0.860003
26	163	1.17278
26	166	0.867579
26	175	0.886093
26	176	0.87202
26	177	0.828395
26	178	0.871649
26	179	0.86991
27	9	1.43669
27	95	0.705664
27	98	0.851551
27	134	1.57474
27	142	0.858277
27	155	0.873542
27	157	1.47693
27	160	0.860967
27	166	0.876698
27	168	0.86721
27	175	0.895212
27	177	0.837514
27	179	0.87903
28	41	0.851576
28	91	0.854548
28	99	0.91493
28	107	1.32246
28	134	0.855043
28	146	0.867567
28	149	0.865524
28	152	1.3799
28	153	1.18711
28	163	0.865854
28	169	0.86632
28	170	0.858639
28	178	1.31241
29	68	0.861438
29	116	1.1465
29	132	1.23729
29	136	1.4602
29	139	0.897998
29	147	0.882629
29	158	0.870812
29	160	0.862657
29	174	1.35473
29	175	0.896902
29	178	0.882458
29	179	0.88072
29	180	0.764387
30	49	0.906796
30	59	0.877009
30	72	0.826773
30	86	0.853649
30	88	0.856614
30	92	0.853977
30	115	0.477592
30	116	0.892838
30	132	0.877878
30	141	1.42331
30	152	0.854466
30	177	1.38662
30	180	1.92863
31	21	1.63935
31	93	0.888577
31	117	0.890061
31	123	0.863571
31	137	0.876263
31	149	0.885875
31	161	0.8709
31	163	0.886205
31	172	1.22872
31	174	0.868763
31	178	1.18343
31	179	1.14945
31	180	0.769786
32	7	1.1982
32	76	0.848096
32	91	0.864144
32	132	0.889708
32	136	0.834335
32	147	1.3813
32	154	1.24405
32	156	0.875545
32	157	0.894106
32	161	0.860144
32	168	1.37658
32	169	0.875915
32	174	0.858007
33	59	0.894043
33	72	0.843807
33	77	0.840052
33	82	1.525
33	86	0.870683
33	90	0.880145
33	92	0.871011
33	100	0.851571
33	108	0.87808
33	109	0.870609
33	141	1.07598
33	177	1.03929
33	180	1.5813
34	36	1.04024
34	89	0.860418
34	118	0.873991
34	123	1.41279
34	145	0.862477
34	147	0.865556
34	163	1.31359
34	169	1.43228
34	172	0.862941
34	175	0.879829
34	176	0.865756
34	178	0.865385
34	179	0.863647
35	74	0.762373
35	96	1.62515
35	107	0.795635
35	114	0.782574
35	115	0.781814
35	128	0.778459
35	143	0.792416
35	158	1.76538
35	164	0.781686
35	167	0.787893
35	171	0.78668
35	177	0.75047
35	178	1.80977
36	14	1.43874
36	34	1.04024
36	103	1.117
36	126	0.939157
36	144	0.948908
36	151	0.941521
36	153	0.930635
36	154	0.958854
36	164	0.942511
36	171	0.947505
36	173	0.95443
36	175	0.951
36	178	1.05413
36	180	0.836478
37	96	0.858823
37	105	0.808801
37	121	0.881875
37	130	0.863891
37	133	0.837275
37	161	0.845838
37	163	0.861143
37	168	1.40095
37	170	0.853928
37	174	0.843701
37	176	1.38073
37	178	1.42664
37	179	1.39266
37	180	0.744724
38	39	1.5037
38	130	1.37394
38	139	0.856694
38	142	0.818663
38	144	1.39538
38	148	0.842036
38	150	0.835305
38	157	1.32557
38	165	0.846456
38	166	0.837084
38	168	0.827596
38	175	0.855598
38	178	0.841154
38	179	0.839415
39	38	1.5037
39	67	0.829456
39	115	0.831911
39	122	0.86958
39	129	0.858337
39	153	0.819907
39	159	0.831557
39	162	0.852701
39	164	0.831784
39	167	0.83799
39	169	1.40176
39	171	0.836777
39	174	1.36427
39	175	1.33077
40	83	0.854982
40	123	1.4107
40	130	1.28816
40	133	1.38617
40	139	0.852534
40	143	1.51449
40	150	0.831145
40	165	0.842297
40	168	0.823436
40	172	0.83455
40	175	0.851439
40	176	0.837365
40	178	0.836995
40	179	0.835256
41	8	0.889433
41	28	0.851576
41	100	0.827413
41	106	1.38503
41	109	1.34953
41	145	1.57318
41	148	1.29602
41	149	0.856165
41	157	0.875152
41	169	0.856961
41	170	0.84928
41	174	0.839053
41	177	0.814893
41	180	0.740075
42	17	0.939513
42	25	0.94633
42	54	0.958426
42	58	0.876274
42	65	1.54848
42	69	0.31488
42	78	0.988811
42	80	0.891233
42	112	0.928468
42	127	0.921859
42	135	0.442141
42	156	0.949086
42	177	1.38495
42	180	1.92696
43	9	0.964414
43	16	0.943763
43	64	1.20649
43	80	0.883897
43	99	1.01309
43	101	1.24903
43	112	0.921131
43	143	0.941998
43	161	1.16586
43	167	0.937475
43	173	0.943186
43	176	0.943677
43	178	0.943306
43	179	0.941567
44	49	0.867341
44	50	0.866902
44	51	1.71952
44	58	0.751447
44	72	0.787318
44	77	0.783563
44	78	0.863985
44	98	1.5237
44	108	0.821591
44	112	0.803641
44	140	0.822859
44	154	1.35131
44	169	0.82463
44	174	0.806722
44	175	1.4064
45	19	1.1638
45	24	1.26932
45	116	1.11179
45	139	0.917403
45	142	0.879373
45	145	0.898955
45	150	0.896014
45	157	1.1671
45	162	1.28674
45	168	0.888305
45	172	0.899419
45	175	0.916307
45	176	0.902234
45	178	0.901864
45	179	0.900125
46	54	1.27487
46	57	1.22094
46	60	1.64939
46	88	0.394635
46	120	0.904743
46	126	0.89144
46	128	0.891566
46	144	0.901191
46	153	0.882918
46	154	0.911136
46	160	1.45579
46	162	0.915711
46	164	0.894794
46	171	0.899788
46	173	0.906712
47	2	2.06316
47	57	0.77663
47	76	0.733183
47	101	0.744824
47	117	0.764393
47	121	0.781269
47	140	0.759232
47	149	0.760206
47	155	2.00337
47	157	0.779194
47	163	0.760537
47	167	1.93346
47	170	0.753322
47	174	0.743095
47	180	0.644117
48	58	1.5888
48	77	1.46269
48	80	1.49838
48	88	1.4281
48	107	0.824588
48	140	0.819721
48	146	0.822739
48	159	0.810413
48	164	0.810639
48	166	0.818607
48	170	0.813811
48	171	0.815633
48	172	0.820233
48	178	0.822677
48	179	0.820939
49	30	0.906796
49	44	0.867341
49	77	0.873348
49	86	0.90398
49	88	0.906945
49	92	0.904308
49	95	0.901565
49	108	0.911377
49	109	0.903905
49	125	0.920434
49	127	0.580092
49	141	1.5123
49	177	1.47561
49	178	0.431182
49	180	2.01762
50	44	0.866902
50	70	0.88517
50	105	0.861169
50	117	0.917367
50	130	0.916259
50	145	1.37536
50	149	0.913181
50	157	0.932168
50	161	0.898206
50	162	1.09057
50	163	0.913511
50	165	1.17495
50	168	1.16777
50	174	0.896069
50	178	1.19346
51	44	1.71952
51	85	1.51983
51	139	0.815102
51	145	0.796653
51	146	1.54106
51	147	0.799733
51	150	0.793712
51	165	0.804864
51	166	0.795491
51	168	0.786004
51	172	0.797117
51	174	1.61866
51	175	0.814006
51	176	0.799933
51	178	0.799562
51	179	0.797823
52	15	1.17394
52	82	0.777456
52	123	1.34668
52	144	1.24558
52	148	0.885198
52	160	0.864514
52	161	1.33698
52	162	1.29541
52	165	0.889618
52	166	0.880245
52	168	0.870757
52	172	0.881871
52	175	0.89876
52	176	0.884687
52	178	0.884316
52	179	0.882577
53	73	1.34106
53	107	1.3907
53	145	0.885578
53	155	0.88126
53	157	1.15811
53	158	0.87684
53	160	0.868685
53	163	1.22982
53	165	0.893788
53	166	0.884416
53	168	0.874928
53	173	1.27918
53	176	0.888857
53	178	0.888486
53	179	0.886748
53	180	0.770415
54	42	0.958426
54	46	1.27487
54	58	0.807491
54	112	0.859685
54	122	1.17089
54	128	1.36146
54	136	0.839093
54	152	0.871054
54	154	1.25283
54	156	0.880303
54	164	1.33885
54	168	0.868301
54	169	0.880674
54	170	0.872993
54	178	0.88186
54	179	0.880121
55	125	1.1863
55	128	0.864839
55	129	0.89462
55	136	1.33236
55	138	1.28932
55	151	0.867076
55	154	0.884409
55	159	0.86784
55	162	0.888983
55	164	0.868066
55	167	0.874273
55	171	0.87306
55	172	1.3418
55	173	0.879985
55	176	1.2506
55	177	0.83685
56	18	0.754652
56	59	1.97881
56	83	0.766272
56	86	2.13408
56	90	2.26983
56	118	0.756891
56	133	0.722766
56	151	0.735257
56	157	0.76529
56	161	0.731328
56	162	0.757164
56	166	0.744215
56	171	0.74124
56	173	0.748165
56	179	0.746546
56	180	0.630214
57	46	1.22094
57	47	0.77663
57	121	0.907598
57	134	0.876055
57	136	0.845751
57	137	0.876923
57	146	0.888579
57	149	0.886536
57	157	0.905523
57	158	1.31272
57	159	1.29929
57	169	0.887332
57	170	0.879651
57	173	1.25565
57	174	0.869424
57	176	1.31121
58	16	0.800165
58	22	0.808428
58	25	0.795395
58	42	0.876274
58	44	0.751447
58	48	1.5888
58	54	0.807491
58	78	0.837876
58	80	0.740298
58	93	0.800427
58	110	0.809133
58	112	0.777533
58	119	0.806516
58	156	0.798151
58	177	1.73593
58	180	2.27794
59	30	0.877009
59	33	0.894043
59	56	1.97881
59	72	0.847316
59	77	0.843561
59	87	0.874364
59	88	0.877157
59	90	0.883654
59	92	0.874521
59	95	0.871777
59	108	0.881589
59	141	1.21723
59	145	0.318007
59	152	0.875009
59	177	1.18054
59	180	1.72255
60	46	1.64939
60	65	0.740437
60	119	0.828667
60	140	1.5677
60	142	0.799367
60	149	1.61868
60	157	1.56303
60	160	0.802056
60	165	0.82716
60	172	0.819414
60	175	0.836302
60	176	0.822229
60	177	0.778604
60	178	0.821858
60	179	0.820119
60	180	0.703787
61	17	0.894128
61	76	0.876252
61	82	0.798397
61	85	0.904204
61	96	0.901286
61	109	1.25808
61	123	0.880971
61	136	0.862491
61	139	1.1779
61	146	0.905318
61	152	1.36733
61	163	0.903605
61	172	1.34513
61	174	0.886163
61	176	1.25393
61	180	0.787186
62	6	0.830847
62	8	0.823222
62	76	0.76293
62	79	1.52645
62	99	0.83936
62	110	0.8085
62	124	1.63831
62	146	0.791996
62	148	1.63328
62	149	0.789953
62	153	1.60325
62	156	0.790379
62	157	0.80894
62	163	0.790283
62	169	0.790749
62	174	0.772841
63	6	0.89773
63	65	0.777397
63	92	0.541947
63	97	0.852336
63	101	0.841454
63	110	0.875383
63	123	0.834532
63	130	0.859914
63	140	0.855862
63	146	0.85888
63	149	0.856836
63	166	1.55474
63	170	0.849952
63	172	1.64244
63	174	0.839724
63	175	1.49402
63	179	1.56317
64	2	1.43574
64	43	1.20649
64	69	0.901887
64	71	0.89981
64	91	0.851119
64	98	1.47177
64	123	0.83979
64	136	0.821309
64	137	0.852482
64	149	0.862094
64	153	1.3323
64	163	0.862424
64	169	0.86289
64	170	0.855209
64	174	0.844982
64	175	1.35447
64	180	0.746005
65	42	1.54848
65	60	0.740437
65	63	0.777397
65	88	1.73876
65	95	1.69244
65	96	0.788683
65	112	1.8069
65	132	0.805262
65	134	0.780192
65	154	0.796959
65	162	0.801534
65	163	0.791003
65	173	0.792535
65	176	0.793025
65	177	0.749401
65	178	0.792655
65	179	0.790916
66	74	0.826487
66	85	1.27549
66	103	1.50681
66	118	1.31133
66	122	0.883597
66	126	0.842446
66	128	0.842573
66	131	0.870541
66	143	0.85653
66	154	0.862143
66	159	0.845574
66	164	0.8458
66	167	0.852007
66	168	1.41825
66	170	1.28781
66	173	0.857719
66	177	0.814584
67	15	0.895562
67	39	0.829456
67	96	1.24972
67	120	0.857621
67	129	0.874226
67	131	0.872413
67	133	1.35819
67	135	1.53596
67	149	1.26746
67	151	0.846683
67	162	0.86859
67	164	0.847673
67	167	0.853879
67	171	0.852666
67	173	0.859591
67	176	1.38844
67	180	0.74164
68	29	0.861438
68	110	1.58699
68	121	1.2824
68	128	1.41978
68	131	1.22957
68	132	1.28231
68	135	0.84852
68	145	0.850147
68	152	0.84225
68	160	0.833254
68	166	0.848985
68	168	0.839497
68	172	0.850611
68	175	0.867499
68	176	0.853426
68	178	0.853056
68	179	0.851317
69	9	0.934132
69	18	0.918254
69	42	0.31488
69	64	0.901887
69	76	0.882882
69	110	0.928452
69	138	1.44546
69	139	1.33071
69	157	0.928893
69	161	0.894931
69	163	0.910236
69	164	1.38046
69	167	1.3011
69	168	1.42696
69	169	0.910702
69	170	0.903021
69	174	0.892794
69	180	0.793816
70	50	0.88517
70	75	0.881496
70	76	0.815078
70	99	0.891508
70	119	1.42185
70	123	0.819797
70	133	0.818564
70	134	0.831621
70	136	0.801317
70	148	1.39369
70	149	0.842102
70	152	1.55645
70	158	1.44457
70	161	0.827127
70	170	0.835217
70	174	0.82499
70	175	1.38583
70	180	0.726012
71	5	1.48151
71	64	0.89981
71	104	0.907201
71	113	1.19659
71	119	1.10588
71	130	0.910906
71	134	0.897348
71	136	0.867044
71	140	0.906854
71	146	0.909872
71	149	0.907828
71	159	1.11516
71	161	0.892854
71	165	1.15447
71	168	1.14729
71	169	0.908624
71	170	0.900944
71	174	0.890716
72	30	0.826773
72	33	0.843807
72	44	0.787318
72	59	0.847316
72	86	0.823956
72	87	0.824129
72	90	0.833418
72	92	0.824285
72	95	0.821541
72	102	1.35067
72	108	0.831353
72	116	0.863145
72	132	0.848186
72	141	1.62251
72	152	0.824773
72	156	0.534932
72	177	1.58582
72	180	2.12783
73	15	0.870358
73	53	1.34106
73	79	0.847161
73	81	1.60696
73	94	1.38023
73	98	1.45288
73	126	0.819115
73	143	0.833199
73	151	0.821479
73	154	0.838811
73	159	0.822243
73	162	0.843386
73	164	0.822469
73	165	1.4202
73	167	0.828676
73	171	0.827462
73	173	0.834387
73	177	0.791253
74	35	0.762373
74	66	0.826487
74	91	1.32711
74	104	1.40642
74	119	1.45496
74	120	0.840635
74	131	0.855427
74	142	1.55873
74	143	0.841416
74	151	0.829696
74	154	0.847029
74	162	0.851603
74	164	0.830686
74	167	0.836893
74	171	0.83568
74	173	0.842605
74	174	1.45243
74	177	0.79947
75	17	0.90036
75	70	0.881496
75	94	1.19522
75	121	0.930569
75	123	0.887202
75	126	1.17136
75	133	0.885969
75	136	0.868722
75	137	0.899894
75	157	0.928494
75	161	0.894532
75	162	1.15081
75	163	0.909837
75	165	1.23519
75	168	1.22801
75	169	0.910303
75	170	0.902622
75	179	1.21972
76	9	0.867315
76	32	0.848096
76	47	0.733183
76	61	0.876252
76	62	0.76293
76	69	0.882882
76	70	0.815078
76	88	0.756355
76	89	1.7057
76	122	1.46368
76	134	0.832608
76	137	0.833476
76	140	0.842114
76	169	0.843885
76	170	0.836204
76	174	0.825977
76	175	1.60072
76	179	1.66986
77	33	0.840052
77	44	0.783563
77	48	1.46269
77	49	0.873348
77	59	0.843561
77	88	0.823166
77	90	0.829663
77	92	0.820529
77	95	0.817786
77	102	1.37468
77	108	0.827598
77	119	0.838632
77	125	0.836655
77	132	0.84443
77	143	0.617569
77	152	0.821018
77	177	1.60982
77	180	2.15184
78	16	0.912702
78	22	0.920966
78	25	0.907933
78	42	0.988811
78	44	0.863985
78	58	0.837876
78	80	0.852836
78	82	1.98394
78	102	1.26309
78	103	0.911617
78	112	0.89007
78	119	0.919054
78	127	0.883461
78	141	1.53493
78	152	0.521304
78	156	0.910689
78	169	0.421678
78	177	1.49823
79	62	1.52645
79	73	0.847161
79	115	0.874819
79	126	0.871337
79	127	0.857946
79	139	1.15426
79	143	0.885421
79	144	0.881088
79	151	0.873701
79	154	0.891034
79	156	1.26974
79	157	1.05366
79	160	1.38987
79	162	0.895609
79	164	0.874691
79	167	0.880898
79	171	0.879685
79	173	0.88661
79	174	1.20658
80	14	0.752334
80	16	0.815124
80	17	0.803538
80	22	0.823387
80	25	0.810354
80	42	0.891233
80	43	0.883897
80	48	1.49838
80	58	0.740298
80	78	0.852836
80	89	0.602941
80	103	0.814039
80	112	0.792492
80	119	0.821475
80	127	0.785883
80	141	1.6822
80	156	0.81311
80	177	1.64551
80	180	2.18752
81	73	1.60696
81	83	0.835441
81	116	1.3687
81	126	1.56421
81	133	1.57039
81	138	0.801264
81	142	0.794962
81	145	0.814545
81	147	0.817624
81	148	0.818336
81	154	1.48833
81	155	0.810227
81	158	0.805807
81	168	0.803895
81	172	0.815009
81	175	0.831897
81	176	0.817824
81	178	0.817453
81	179	0.815715
82	33	1.525
82	52	0.777456
82	61	0.798397
82	78	1.98394
82	92	1.95322
82	110	0.783781
82	112	2.12907
82	135	0.76268
82	144	0.761574
82	151	0.754187
82	163	0.765564
82	164	0.755178
82	165	0.772518
82	167	0.761384
82	170	0.758349
82	173	0.767096
82	178	0.767216
82	179	0.765477
82	180	0.649145
83	40	0.854982
83	56	0.766272
83	81	0.835441
83	101	1.39527
83	124	0.910091
83	129	1.2038
83	139	0.907603
83	153	1.24814
83	158	0.880417
83	163	1.22261
83	165	0.897365
83	166	0.887993
83	168	0.878505
83	170	1.21731
83	171	1.31143
83	175	0.906507
83	176	0.892434
83	178	0.892063
83	179	0.890325
84	7	0.846462
84	98	0.780183
84	113	0.797657
84	116	1.50301
84	121	1.59389
84	138	0.793211
84	140	1.56299
84	147	0.809571
84	148	0.810282
84	150	0.803551
84	158	0.797754
84	163	1.63003
84	164	1.70866
84	165	0.814702
84	166	0.80533
84	172	0.806956
84	175	0.823844
84	176	0.809771
84	178	0.8094
84	180	0.691329
85	51	1.51983
85	61	0.904204
85	66	1.27549
85	99	0.920447
85	105	0.819029
85	125	0.877855
85	133	0.847503
85	136	0.830256
85	138	1.30266
85	146	0.873084
85	149	0.871041
85	150	1.387
85	157	0.890028
85	161	0.856066
85	169	0.871837
85	174	0.853929
85	175	1.20672
85	177	0.829769
85	178	1.30985
85	180	0.754952
86	30	0.853649
86	33	0.870683
86	49	0.90398
86	56	2.13408
86	72	0.823956
86	87	0.851005
86	88	0.853798
86	90	0.860294
86	92	0.851161
86	95	0.848418
86	100	0.83172
86	102	1.10066
86	108	0.858229
86	109	0.850758
86	124	0.201148
86	125	0.867287
86	132	0.875062
86	141	1.3725
86	177	1.33581
86	180	1.87782
87	16	0.686459
87	59	0.874364
87	72	0.824129
87	86	0.851005
87	90	0.860466
87	95	0.84859
87	102	0.876804
87	123	0.83834
87	129	1.40156
87	148	0.863509
87	157	0.879632
87	158	0.85098
87	159	1.51337
87	161	0.84567
87	162	1.46831
87	167	1.41964
87	171	1.50919
87	176	0.862997
87	178	0.862626
87	179	0.860888
88	12	0.796678
88	30	0.856614
88	46	0.394635
88	48	1.4281
88	49	0.906945
88	59	0.877157
88	65	1.73876
88	76	0.756355
88	77	0.823166
88	86	0.853798
88	90	0.863259
88	95	0.851383
88	100	0.834685
88	108	0.861194
88	119	0.872228
88	125	0.870252
88	132	0.878027
88	152	0.854614
88	177	1.57523
88	180	2.11724
89	34	0.860418
89	76	1.7057
89	80	0.602941
89	113	0.857366
89	135	0.864573
89	143	1.53233
89	147	0.86928
89	155	0.861882
89	160	0.849307
89	161	1.41883
89	163	1.32934
89	165	0.874411
89	168	0.85555
89	172	0.866664
89	174	1.41053
89	175	0.883553
89	176	0.869479
89	178	0.869109
89	179	0.86737
89	180	0.751038
90	12	0.803175
90	17	0.860787
90	33	0.880145
90	56	2.26983
90	59	0.883654
90	72	0.833418
90	77	0.829663
90	86	0.860294
90	87	0.860466
90	88	0.863259
90	92	0.860623
90	95	0.857879
90	102	1.23641
90	108	0.867691
90	109	0.86022
90	117	0.417425
90	119	0.878725
90	145	0.60903
90	177	1.47156
90	180	2.01357
91	5	1.59187
91	28	0.854548
91	32	0.864144
91	64	0.851119
91	74	1.32711
91	100	0.830385
91	104	0.858509
91	116	0.888686
91	117	0.863323
91	118	1.15074
91	119	1.21625
91	127	1.43226
91	130	0.862215
91	133	0.835599
91	149	0.859137
91	157	0.878124
91	169	0.859933
91	170	0.852252
91	174	0.842025
91	178	1.28335
92	12	0.794042
92	17	0.851654
92	30	0.853977
92	33	0.871011
92	49	0.904308
92	59	0.874521
92	63	0.541947
92	72	0.824285
92	77	0.820529
92	82	1.95322
92	86	0.851161
92	90	0.860623
92	108	0.858558
92	110	0.540718
92	116	0.89035
92	119	0.869592
92	132	0.87539
92	141	1.50421
92	177	1.46752
92	180	2.00953
93	14	0.812463
93	24	1.30341
93	31	0.888577
93	58	0.800427
93	112	0.852621
93	120	1.37582
93	133	0.849277
93	136	0.83203
93	144	1.271
93	156	0.87324
93	159	1.36589
93	161	0.85784
93	162	1.32083
93	165	0.880098
93	166	0.870726
93	168	0.861238
93	169	0.87361
93	171	1.36172
93	178	0.874796
93	179	0.873057
94	73	1.38023
94	75	1.19522
94	117	1.4101
94	138	0.852805
94	139	0.884534
94	145	0.866086
94	150	0.863145
94	158	0.857348
94	160	0.849193
94	163	1.26899
94	166	0.864924
94	168	0.855436
94	169	1.38768
94	171	1.35781
94	172	0.86655
94	175	0.883438
94	176	0.869365
94	178	0.868995
94	179	0.867256
94	180	0.750924
95	17	0.84891
95	27	0.705664
95	49	0.901565
95	59	0.871777
95	65	1.69244
95	72	0.821541
95	77	0.817786
95	86	0.848418
95	87	0.84859
95	88	0.851383
95	90	0.857879
95	108	0.855815
95	116	0.887606
95	119	0.866848
95	132	0.872647
95	141	1.56561
95	152	0.849234
95	169	0.452361
95	177	1.52892
95	180	2.07093
96	35	1.62515
96	37	0.858823
96	61	0.901286
96	65	0.788683
96	67	1.24972
96	109	1.25192
96	128	1.24409
96	134	0.857642
96	137	0.85851
96	140	0.867148
96	146	0.870166
96	149	0.868123
96	150	1.37083
96	161	0.853148
96	163	0.868453
96	169	0.868919
96	170	0.861238
96	174	0.851011
96	177	0.826851
96	179	1.25969
97	11	1.14943
97	63	0.852336
97	109	1.36265
97	110	0.884158
97	116	0.895161
97	121	0.886674
97	130	0.86869
97	138	1.39721
97	140	0.864637
97	142	1.44107
97	149	0.865612
97	154	1.24619
97	157	0.884599
97	161	0.850637
97	169	0.866408
97	170	0.858727
97	174	0.8485
97	177	0.82434
97	178	1.4044
97	180	0.749523
98	27	0.851551
98	44	1.5237
98	64	1.47177
98	73	1.45288
98	84	0.780183
98	106	0.837794
98	124	0.862887
98	135	0.840324
98	140	1.2746
98	144	1.33974
98	147	0.84503
98	160	0.825057
98	165	0.850161
98	166	0.840788
98	168	0.8313
98	170	1.33634
98	172	0.842414
98	175	0.859303
98	176	0.84523
98	178	0.844859
98	179	0.84312
99	8	0.952787
99	9	0.943745
99	18	0.927867
99	28	0.91493
99	43	1.01309
99	62	0.83936
99	70	0.891508
99	85	0.920447
99	101	0.904137
99	105	0.867507
99	130	0.922597
99	135	1.36581
99	136	0.878734
99	158	1.21981
99	159	1.20637
99	169	0.920315
99	170	0.912634
99	171	1.20219
99	173	1.16273
99	179	1.23021
99	180	0.80343
100	10	1.27401
100	33	0.851571
100	41	0.827413
100	86	0.83172
100	88	0.834685
100	91	0.830385
100	108	0.839117
100	118	1.33993
100	122	0.8691
100	123	0.819056
100	131	0.856045
100	150	1.5497
100	152	0.832537
100	162	0.852221
100	166	1.43013
100	169	0.842156
100	170	0.834475
100	171	0.836297
100	173	0.843222
100	175	1.36942
100	179	1.43856
101	18	0.863079
101	43	1.24903
101	47	0.744824
101	63	0.841454
101	83	1.39527
101	99	0.904137
101	103	0.856084
101	110	0.873277
101	133	0.831193
101	146	0.856774
101	149	0.85473
101	151	1.42522
101	153	1.37483
101	158	1.45574
101	161	0.839756
101	163	0.85506
101	169	0.855526
101	170	0.847846
101	174	0.837618
101	178	1.50013
101	180	0.738641
102	22	1.23413
102	25	1.24035
102	72	1.35067
102	77	1.37468
102	78	1.26309
102	86	1.10066
102	87	0.876804
102	90	1.23641
102	138	0.872064
102	140	0.885297
102	141	0.842883
102	161	0.871297
102	162	0.897133
102	164	0.876215
102	166	0.884183
102	167	0.882422
102	170	0.879387
102	172	0.885809
102	173	0.888134
102	174	0.86916
102	175	0.902697
102	179	0.886515
103	11	1.2862
103	12	0.804707
103	16	0.873906
103	19	1.31534
103	25	0.869136
103	36	1.117
103	66	1.50681
103	78	0.911617
103	80	0.814039
103	101	0.856084
103	112	0.851274
103	122	1.30101
103	129	1.37154
103	131	1.30138
103	134	0.860986
103	140	0.870492
103	160	0.853647
103	163	0.871796
103	166	0.869378
103	168	0.85989
103	175	0.887892
103	178	0.873448
103	179	0.87171
104	17	0.860338
104	26	1.20796
104	71	0.907201
104	74	1.40642
104	91	0.858509
104	105	0.817473
104	113	1.38626
104	117	0.873671
104	121	0.890547
104	123	0.84718
104	134	0.859004
104	137	0.859872
104	139	1.24071
104	140	0.86851
104	146	0.871528
104	155	1.281
104	157	0.888472
104	161	0.85451
104	170	0.8626
104	174	0.852373
104	176	1.31675
104	177	0.828212
104	178	1.36265
105	37	0.808801
105	50	0.861169
105	85	0.819029
105	99	0.867507
105	104	0.817473
105	106	1.56951
105	130	0.821179
105	134	0.80762
105	137	0.808488
105	139	1.45382
105	146	0.820144
105	157	0.837088
105	161	0.803126
105	163	0.818431
105	165	1.55724
105	168	1.55007
105	169	0.818897
105	170	0.811216
105	174	0.800989
105	176	1.52985
105	177	0.776829
105	179	1.54178
105	180	0.702012
106	41	1.38503
106	98	0.837794
106	105	1.56951
106	112	0.592695
106	115	1.60745
106	118	0.875617
106	138	0.850821
106	139	0.88255
106	142	0.84452
106	147	0.867182
106	149	1.30516
106	150	0.861161
106	155	0.859784
106	158	0.855364
106	159	1.41422
106	160	0.847209
106	163	1.32122
106	165	0.872313
106	172	0.864566
106	175	0.881454
106	176	0.867381
106	178	0.867011
106	179	0.865272
107	28	1.32246
107	35	0.795635
107	48	0.824588
107	53	1.3907
107	112	0.608996
107	129	0.890502
107	131	0.88869
107	143	0.874679
107	144	0.870346
107	151	0.862959
107	153	0.852073
107	154	0.880291
107	156	1.48188
107	159	0.863722
107	162	0.884866
107	164	0.863949
107	167	0.870156
107	168	1.46266
107	171	0.868942
107	173	0.875867
107	176	1.44244
107	177	0.832733
107	178	1.48834
108	33	0.87808
108	44	0.821591
108	49	0.911377
108	59	0.881589
108	72	0.831353
108	77	0.827598
108	86	0.858229
108	88	0.861194
108	90	0.867691
108	92	0.858558
108	95	0.855815
108	100	0.839117
108	116	0.897418
108	119	0.87666
108	121	0.621132
108	125	0.874684
108	141	1.88921
108	145	0.989988
108	152	0.859046
108	166	0.765676
108	175	0.704965
108	177	1.85252
108	180	2.39453
109	33	0.870609
109	41	1.34953
109	49	0.903905
109	61	1.25808
109	86	0.850758
109	90	0.86022
109	96	1.25192
109	97	1.36265
109	125	0.867212
109	134	1.31182
109	144	0.856738
109	146	1.28932
109	148	0.863262
109	154	0.866684
109	159	0.850115
109	161	1.37521
109	166	0.858309
109	168	0.848821
109	171	0.855335
109	173	0.86226
109	176	0.86275
109	178	0.86238
109	179	0.860641
110	58	0.809133
110	62	0.8085
110	63	0.875383
110	68	1.58699
110	69	0.928452
110	82	0.783781
110	92	0.540718
110	97	0.884158
110	101	0.873277
110	118	1.46331
110	133	0.865122
110	134	0.878178
110	137	0.879047
110	138	1.58873
110	140	0.887684
110	161	0.873684
110	168	1.57023
110	169	0.889455
110	170	0.881774
110	172	1.64121
110	174	0.871547
110	177	0.847387
110	180	0.77257
111	4	1.59282
111	8	1.13938
111	123	1.32923
111	128	1.33127
111	135	0.872462
111	142	0.854506
111	144	1.22813
111	145	0.874088
111	147	0.877168
111	150	0.871147
111	155	0.869771
111	158	0.865351
111	165	0.882299
111	166	0.872926
111	167	1.2293
111	168	0.863438
111	169	1.34872
111	172	0.874552
111	176	0.877368
111	177	0.833743
111	178	0.876997
111	179	0.875258
111	180	0.758926
112	14	0.789569
112	16	0.852359
112	17	0.840772
112	22	0.860622
112	25	0.847589
112	42	0.928468
112	43	0.921131
112	44	0.803641
112	54	0.859685
112	58	0.777533
112	65	1.8069
112	78	0.89007
112	80	0.792492
112	82	2.12907
112	93	0.852621
112	103	0.851274
112	106	0.592695
112	107	0.608996
112	119	0.85871
112	127	0.823118
112	156	0.850345
112	172	0.644235
112	177	1.64337
112	180	2.18538
113	71	1.19659
113	84	0.797657
113	89	0.857366
113	104	1.38626
113	137	1.42993
113	142	0.839842
113	145	0.859424
113	147	0.862504
113	148	0.863215
113	155	0.855107
113	156	0.860777
113	158	0.850687
113	159	1.44407
113	160	0.842531
113	163	1.35108
113	166	0.858262
113	167	1.35034
113	168	0.848774
113	171	1.43989
113	172	0.859888
113	175	0.876777
113	178	0.862333
113	179	0.860594
113	180	0.744262
114	15	0.898777
114	35	0.782574
114	119	1.35972
114	120	0.860836
114	122	0.888684
114	124	1.33659
114	125	1.31662
114	128	0.84766
114	135	1.52845
114	143	0.861617
114	144	0.857284
114	151	0.849897
114	153	0.839011
114	155	1.34518
114	159	0.850661
114	162	0.871805
114	164	0.850887
114	167	0.857094
114	171	0.855881
114	173	0.862806
114	175	1.3237
114	177	0.819672
114	179	1.39285
114	180	0.744854
115	26	1.459
115	30	0.477592
115	35	0.781814
115	39	0.831911
115	79	0.874819
115	106	1.60745
115	129	0.876681
115	130	1.43954
115	131	0.874868
115	140	1.39583
115	143	0.860857
115	144	0.856524
115	151	0.849137
115	153	0.838251
115	154	0.86647
115	156	1.60723
115	159	0.849901
115	162	0.871045
115	164	0.850127
115	167	0.856334
115	171	0.855121
115	173	0.862046
115	178	1.6137
115	180	0.744094
116	29	1.1465
116	30	0.892838
116	45	1.11179
116	72	0.863145
116	81	1.3687
116	84	1.50301
116	91	0.888686
116	92	0.89035
116	95	0.887606
116	97	0.895161
116	108	0.897418
116	136	0.858877
116	150	1.2776
116	151	0.888615
116	152	0.890838
116	153	0.877729
116	165	1.18193
116	167	0.895812
116	169	0.900457
116	170	0.892776
116	171	0.894598
116	172	1.24574
116	173	0.901523
116	179	1.16647
116	180	0.783572
117	10	1.27005
117	31	0.890061
117	47	0.764393
117	50	0.917367
117	90	0.417425
117	91	0.863323
117	94	1.4101
117	104	0.873671
117	121	0.895361
117	123	0.851994
117	132	0.888888
117	134	0.863818
117	135	1.5702
117	136	0.833514
117	138	1.4614
117	140	0.873324
117	146	0.876342
117	149	0.874299
117	159	1.41076
117	161	0.859324
117	163	0.874629
117	166	1.42617
117	169	0.875094
117	170	0.867414
117	174	0.857187
117	179	1.4346
118	34	0.873991
118	56	0.756891
118	66	1.31133
118	91	1.15074
118	100	1.33993
118	106	0.875617
118	110	1.46331
118	123	1.29406
118	135	0.878147
118	138	0.866493
118	139	0.898222
118	145	0.879774
118	155	0.875456
118	158	0.871036
118	162	1.24279
118	165	0.887984
118	166	0.878612
118	168	0.869124
118	169	1.31355
118	171	1.28368
118	172	0.880238
118	175	0.897126
118	176	0.883053
118	178	0.882682
118	179	0.880944
118	180	0.764611
119	18	1.24933
119	22	0.889605
119	25	0.876572
119	58	0.806516
119	60	0.828667
119	70	1.42185
119	71	1.10588
119	74	1.45496
119	77	0.838632
119	78	0.919054
119	80	0.821475
119	88	0.872228
119	90	0.878725
119	91	1.21625
119	92	0.869592
119	95	0.866848
119	108	0.87666
119	112	0.85871
119	114	1.35972
119	151	1.33628
119	155	0.873659
119	168	0.867326
119	170	1.25507
119	175	0.895329
119	176	0.881256
119	179	0.879146
120	7	1.22632
120	13	0.815405
120	46	0.904743
120	67	0.857621
120	74	0.840635
120	93	1.37582
120	114	0.860836
120	122	0.897745
120	126	0.856594
120	128	0.856721
120	135	1.53201
120	141	0.826617
120	144	0.866345
120	146	1.28317
120	151	0.858959
120	153	0.848072
120	154	0.876291
120	157	1.20785
120	158	1.386
120	159	0.859722
120	164	0.859949
120	167	0.866155
120	168	1.4047
120	171	0.864942
120	176	1.38448
120	177	0.828733
120	180	0.753916
121	9	0.9154
121	37	0.881875
121	47	0.781269
121	57	0.907598
121	68	1.2824
121	75	0.930569
121	84	1.59389
121	97	0.886674
121	104	0.890547
121	108	0.621132
121	117	0.895361
121	127	1.44024
121	133	0.867637
121	137	0.881562
121	140	0.8902
121	146	0.893218
121	154	1.13312
121	157	0.910162
121	160	1.405
121	161	0.8762
121	163	0.891505
121	166	1.24892
121	167	1.13978
121	169	0.89197
121	170	0.88429
121	172	1.33662
121	174	0.874063
121	177	0.849902
122	24	0.894922
122	39	0.86958
122	54	1.17089
122	66	0.883597
122	76	1.46368
122	100	0.8691
122	103	1.30101
122	114	0.888684
122	120	0.897745
122	125	1.12793
122	126	0.884442
122	135	1.33975
122	137	1.16617
122	143	0.898526
122	144	0.894193
122	151	0.886806
122	153	0.87592
122	154	0.904138
122	155	1.15649
122	159	0.88757
122	162	0.908713
122	164	0.887796
122	167	0.894003
122	171	0.892789
122	172	1.28343
122	173	0.899714
122	176	1.19223
122	180	0.781763
123	31	0.863571
123	34	1.41279
123	40	1.4107
123	52	1.34668
123	61	0.880971
123	63	0.834532
123	64	0.83979
123	70	0.819797
123	75	0.887202
123	87	0.83834
123	100	0.819056
123	104	0.84718
123	111	1.32923
123	117	0.851994
123	118	1.29406
123	127	1.57558
123	133	0.82427
123	137	0.838196
123	140	0.846833
123	146	0.849851
123	147	1.40571
123	156	0.848234
123	157	0.866795
123	161	0.832833
123	163	0.848138
123	174	0.830696
123	178	1.42667
123	180	0.731719
124	62	1.63831
124	83	0.910091
124	86	0.201148
124	98	0.862887
124	114	1.33659
124	127	0.86332
124	133	1.3119
124	135	0.887569
124	138	0.875915
124	142	0.869613
124	143	1.44023
124	147	0.892275
124	150	0.886255
124	151	1.31314
124	152	0.881299
124	155	0.884878
124	158	0.880458
124	164	1.31586
124	165	0.897406
124	166	0.888034
124	169	1.35593
124	172	0.88966
124	173	1.28659
124	175	0.906548
124	176	0.892475
124	177	0.84885
124	178	0.892104
124	179	0.890365
125	13	1.49092
125	49	0.920434
125	55	1.1863
125	77	0.836655
125	85	0.877855
125	86	0.867287
125	88	0.870252
125	108	0.874684
125	109	0.867212
125	114	1.31662
125	122	1.12793
125	135	0.874373
125	137	0.867314
125	143	1.42026
125	144	1.21537
125	150	0.873059
125	152	0.868104
125	157	0.895914
125	159	1.31026
125	162	1.2652
125	165	0.884211
125	166	0.874838
125	169	0.877723
125	173	1.26663
125	174	0.859815
125	175	0.893352
125	178	0.878909
125	179	0.87717
125	180	0.760838
126	3	1.10146
126	12	1.54576
126	24	0.853772
126	36	0.939157
126	46	0.89144
126	66	0.842446
126	73	0.819115
126	75	1.17136
126	79	0.871337
126	81	1.56421
126	120	0.856594
126	122	0.884442
126	129	0.873199
126	131	0.871386
126	132	0.871291
126	139	1.27401
126	143	0.857375
126	144	0.853042
126	147	1.37499
126	153	0.834769
126	154	0.862988
126	159	0.846419
126	162	0.867563
126	167	0.852852
126	171	0.851639
126	173	0.858564
126	174	1.32633
126	175	1.29283
126	176	1.35005
126	180	0.740612
127	3	1.33271
127	16	0.84575
127	22	0.854013
127	42	0.921859
127	49	0.580092
127	78	0.883461
127	79	0.857946
127	80	0.785883
127	91	1.43226
127	112	0.823118
127	121	1.44024
127	123	1.57558
127	124	0.86332
127	140	1.40934
127	143	0.843984
127	145	0.842384
127	148	0.846175
127	153	0.821378
127	156	0.843736
127	159	0.833028
127	160	0.825491
127	163	1.47638
127	164	0.833254
127	169	1.59507
127	171	0.838248
127	172	0.842848
127	173	0.845173
127	174	1.55758
127	175	0.859736
127	176	0.845663
127	179	0.843554
128	4	0.791764
128	13	0.802229
128	35	0.778459
128	46	0.891566
128	54	1.36146
128	55	0.864839
128	66	0.842573
128	68	1.41978
128	96	1.24409
128	111	1.33127
128	114	0.84766
128	120	0.856721
128	129	0.873326
128	131	0.871513
128	143	0.857502
128	144	0.853169
128	151	0.845782
128	152	0.848005
128	153	0.834896
128	156	1.42225
128	159	0.846546
128	162	0.867689
128	164	0.846772
128	167	0.852979
128	171	0.851765
128	172	1.474
128	173	0.85869
128	175	1.32559
128	177	0.815556
128	178	1.42871
128	179	1.39473
129	4	0.821545
129	39	0.858337
129	55	0.89462
129	67	0.874226
129	83	1.2038
129	87	1.40156
129	103	1.37154
129	107	0.890502
129	115	0.876681
129	126	0.873199
129	128	0.873326
129	131	0.901294
129	132	0.901199
129	137	1.23669
129	144	0.88295
129	151	0.875563
129	153	0.864677
129	154	0.892896
129	159	0.876327
129	161	1.24733
129	162	0.89747
129	164	0.876553
129	166	1.26624
129	167	0.88276
129	171	0.881547
129	172	1.35395
129	173	0.888471
129	174	1.23904
129	175	1.20553
129	177	0.845337
129	179	1.27468
129	180	0.77052
130	6	0.914084
130	37	0.863891
130	38	1.37394
130	40	1.28816
130	50	0.916259
130	63	0.859914
130	71	0.910906
130	91	0.862215
130	97	0.86869
130	99	0.922597
130	105	0.821179
130	115	1.43954
130	132	0.88778
130	134	0.86271
130	137	0.863578
130	140	0.872216
130	141	0.829802
130	146	0.875234
130	149	0.87319
130	155	1.22248
130	156	0.873616
130	157	0.892178
130	158	1.25975
130	161	0.858216
130	163	0.873521
130	165	1.28562
130	170	0.866306
130	173	1.20267
130	175	1.20101
130	176	1.25823
130	177	0.831918
130	179	1.27015
131	1	1.54635
131	14	1.62311
131	19	0.882559
131	66	0.870541
131	67	0.872413
131	68	1.22957
131	74	0.855427
131	100	0.856045
131	103	1.30138
131	107	0.88869
131	115	0.874868
131	126	0.871386
131	128	0.871513
131	129	0.901294
131	140	1.02064
131	142	1.27517
131	143	0.88547
131	144	0.881137
131	151	0.87375
131	153	0.862864
131	154	0.891083
131	155	1.15685
131	159	0.874514
131	160	1.35217
131	162	0.895658
131	164	0.874741
131	167	0.880947
131	168	1.21281
131	170	1.08238
131	171	0.879734
131	173	0.886659
131	180	0.768708
132	29	1.23729
132	30	0.877878
132	32	0.889708
132	65	0.805262
132	68	1.28231
132	72	0.848186
132	77	0.84443
132	86	0.875062
132	88	0.878027
132	92	0.87539
132	95	0.872647
132	117	0.888888
132	126	0.871291
132	129	0.901199
132	130	0.88778
132	137	0.875089
132	138	1.28405
132	142	1.32791
132	151	0.873655
132	153	0.862769
132	158	1.24685
132	159	0.874419
132	165	1.27272
132	167	0.880852
132	168	1.26555
132	169	0.885498
132	170	0.877817
132	172	1.33653
132	173	0.886564
132	174	0.86759
132	178	1.29124
132	179	1.25726
133	3	0.881166
133	12	0.779816
133	37	0.837275
133	40	1.38617
133	56	0.722766
133	67	1.35819
133	70	0.818564
133	75	0.885969
133	81	1.57039
133	85	0.847503
133	91	0.835599
133	93	0.849277
133	101	0.831193
133	110	0.865122
133	121	0.867637
133	123	0.82427
133	124	1.3119
133	135	1.50376
133	136	0.80579
133	137	0.836962
133	140	0.8456
133	141	0.803187
133	146	0.848618
133	152	1.46964
133	157	0.865562
133	160	1.51581
133	161	0.8316
133	164	1.32995
133	169	0.847371
133	170	0.83969
133	174	0.829463
133	176	1.35624
134	3	0.894223
134	12	0.792872
134	27	1.57474
134	28	0.855043
134	57	0.876055
134	65	0.780192
134	70	0.831621
134	71	0.897348
134	76	0.832608
134	96	0.857642
134	103	0.860986
134	104	0.859004
134	105	0.80762
134	109	1.31182
134	110	0.878178
134	117	0.863818
134	130	0.86271
134	136	0.818847
134	137	0.850019
134	141	0.816243
134	143	1.40574
134	146	0.861675
134	147	1.3326
134	149	0.859632
134	155	1.27192
134	157	0.878619
134	161	0.844657
134	163	0.859962
134	165	1.33506
134	166	1.31115
134	169	0.860428
134	172	1.39886
134	176	1.30767
134	178	1.35357
135	21	0.780834
135	42	0.442141
135	67	1.53596
135	68	0.84852
135	82	0.76268
135	89	0.864573
135	98	0.840324
135	99	1.36581
135	111	0.872462
135	114	1.52845
135	117	1.5702
135	118	0.878147
135	120	1.53201
135	122	1.33975
135	124	0.887569
135	125	0.874373
135	133	1.50376
135	138	0.853351
135	142	0.84705
135	145	0.866632
135	148	0.870423
135	155	0.862314
135	156	0.867985
135	157	1.35738
135	158	0.857894
135	160	0.849739
135	165	0.874843
135	168	0.855982
135	170	1.42379
135	172	0.867096
135	176	0.869911
135	177	0.826287
135	178	0.869541
135	180	0.75147
136	9	0.853554
136	18	0.837676
136	26	1.35946
136	29	1.4602
136	32	0.834335
136	54	0.839093
136	55	1.33236
136	57	0.845751
136	61	0.862491
136	64	0.821309
136	70	0.801317
136	71	0.867044
136	75	0.868722
136	85	0.830256
136	93	0.83203
136	99	0.878734
136	116	0.858877
136	117	0.833514
136	133	0.80579
136	134	0.818847
136	140	0.828353
136	144	1.36142
136	146	0.831371
136	148	1.41888
136	149	0.829328
136	152	1.58164
136	155	1.4325
136	157	0.848315
136	163	0.829658
136	165	1.49563
136	166	1.47173
136	168	1.48846
136	169	0.830124
136	174	0.812216
136	177	0.788056
136	180	0.713239
137	18	0.868848
137	31	0.876263
137	57	0.876923
137	64	0.852482
137	75	0.899894
137	76	0.833476
137	96	0.85851
137	104	0.859872
137	105	0.808488
137	110	0.879047
