1	2	0.697648
1	3	0.683489
1	10	0.790073
1	15	0.695027
1	16	0.682029
1	18	0.760142
1	32	0.734955
1	112	0.714211
1	124	0.738201
1	134	0.741636
1	160	4.34527
1	175	3.6595
2	1	0.697648
2	3	0.682362
2	10	0.788946
2	15	0.693901
2	16	0.680903
2	18	0.759016
2	32	0.733828
2	112	0.713084
2	124	0.737075
2	134	0.74051
2	165	3.67992
2	168	4.30675
3	1	0.683489
3	2	0.682362
3	10	0.774787
3	15	0.679741
3	18	0.744856
3	32	0.719669
3	52	0.77616
3	112	0.698925
3	124	0.722915
3	134	0.72635
3	140	2.55427
3	172	5.01663
4	8	0.616433
4	11	0.634296
4	13	0.633739
4	17	0.633422
4	22	0.700023
4	23	0.700162
4	29	0.710781
4	34	0.674884
4	35	0.675049
4	101	0.54756
4	137	0.687864
4	160	6.4837
5	6	0.80797
5	9	0.920683
5	19	0.991914
5	21	1.24162
5	27	0.965705
5	28	0.740244
5	37	0.792315
5	69	7.6
5	108	0.348339
5	145	0.824256
5	148	3.23025
5	158	2.19413
6	5	0.80797
6	9	0.55814
6	19	0.782081
6	21	0.62739
6	27	0.603162
6	28	0.617771
6	37	0.669841
6	66	2.97263
6	73	0.692994
6	108	0.669963
6	145	0.701782
6	157	4.48625
7	12	0.771513
7	14	0.876496
7	20	0.760471
7	24	0.760321
7	26	0.845563
7	33	0.820671
7	39	0.821009
7	60	3.18274
7	95	0.809924
7	116	1.94879
7	155	3.90539
7	180	0.745843
8	4	0.616433
8	11	0.694165
8	13	0.693608
8	17	0.69329
8	22	0.759892
8	23	0.76003
8	29	0.770649
8	34	0.734752
8	35	0.734917
8	137	0.747732
8	164	3.44733
8	178	4.23555
9	5	0.920683
9	6	0.55814
9	19	0.774712
9	21	0.620022
9	27	0.595793
9	28	0.610402
9	29	0.707884
9	37	0.662472
9	108	0.662594
9	125	2.63458
9	132	4.96244
9	145	0.694413
10	1	0.790073
10	2	0.788946
10	3	0.774787
10	15	0.786325
10	16	0.773327
10	32	0.826253
10	55	1.5389
10	112	0.805509
10	124	0.829499
10	130	3.02862
10	134	0.832934
10	143	4.10852
11	4	0.634296
11	8	0.694165
11	13	0.711471
11	17	0.711154
11	22	0.777755
11	23	0.777893
11	34	0.752615
11	35	0.75278
11	67	2.6995
11	101	0.625292
11	126	3.74286
11	137	0.765595
12	7	0.771513
12	14	0.770297
12	20	0.654272
12	24	0.654122
12	26	0.739364
12	33	0.714472
12	39	0.71481
12	52	0.774716
12	73	0.742897
12	136	3.57167
12	167	4.26192
12	180	0.639644
13	4	0.633739
13	8	0.693608
13	11	0.711471
13	17	0.710597
13	22	0.777198
13	23	0.777336
13	34	0.752058
13	35	0.752223
13	91	3.38733
13	101	0.624735
13	127	3.98824
13	137	0.765038
14	7	0.876496
14	12	0.770297
14	20	0.759255
14	24	0.759105
14	26	0.844347
14	33	0.819455
14	39	0.819793
14	90	1.96952
14	95	0.808708
14	171	3.43956
14	178	4.11747
14	180	0.744627
15	1	0.695027
15	2	0.693901
15	3	0.679741
15	10	0.786325
15	16	0.678281
15	18	0.756394
15	32	0.731207
15	90	2.86249
15	93	5.20922
15	112	0.710463
15	124	0.734454
15	134	0.737888
16	1	0.682029
16	2	0.680903
16	10	0.773327
16	15	0.678281
16	18	0.743396
16	32	0.718209
16	52	0.7747
16	112	0.697465
16	124	0.721456
16	134	0.72489
16	147	4.08053
16	170	3.26047
17	4	0.633422
17	8	0.69329
17	11	0.711154
17	13	0.710597
17	22	0.776881
17	23	0.777019
17	34	0.751741
17	35	0.751906
17	101	0.624418
17	115	3.18585
17	137	0.764721
17	151	4.32078
18	1	0.760142
18	2	0.759016
18	3	0.744856
18	15	0.756394
18	16	0.743396
18	32	0.796322
18	52	0.852813
18	112	0.775578
18	122	3.2723
18	124	0.799569
18	134	0.803003
18	160	5.03534
18	163	2.28383
19	5	0.991914
19	6	0.782081
19	9	0.774712
19	21	0.791124
19	27	0.819734
19	28	0.834343
19	37	0.886413
19	106	2.36381
19	108	0.886536
19	145	0.918355
19	147	2.59151
19	174	3.86001
20	7	0.760471
20	12	0.654272
20	14	0.759255
20	24	0.64308
20	26	0.728322
20	33	0.70343
20	39	0.703768
20	52	0.763674
20	73	0.731855
20	93	3.59078
20	95	0.692683
20	168	4.75953
20	180	0.628602
21	5	1.24162
21	6	0.62739
21	9	0.620022
21	19	0.791124
21	27	0.662945
21	28	0.679652
21	37	0.731723
21	73	0.702037
21	108	0.729746
21	145	1.0952
21	171	2.45268
21	173	10.6537
21	178	3.1306
22	4	0.700023
22	8	0.759892
22	11	0.777755
22	13	0.777198
22	17	0.776881
22	23	0.84362
22	34	0.818342
22	35	0.818507
22	101	0.691019
22	137	0.831322
22	141	2.73227
22	154	2.60817
22	174	4.00789
23	4	0.700162
23	8	0.76003
23	11	0.777893
23	13	0.777336
23	17	0.777019
23	22	0.84362
23	34	0.81848
23	35	0.818645
23	101	0.691157
23	121	2.23011
23	136	2.31319
23	137	0.83146
23	179	5.27435
24	7	0.760321
24	12	0.654122
24	14	0.759105
24	20	0.64308
24	26	0.728172
24	33	0.70328
24	39	0.703618
24	52	0.763523
24	53	3.42647
24	73	0.731704
24	95	0.692533
24	126	3.51789
24	180	0.628451
25	76	0.736535
25	92	0.680099
25	95	0.722282
25	103	0.715465
25	110	0.733431
25	124	0.740028
25	130	0.690264
25	132	0.683283
25	134	0.743463
25	165	0.666998
25	166	3.80143
25	170	0.692498
25	180	4.50296
26	7	0.845563
26	12	0.739364
26	14	0.844347
26	20	0.728322
26	24	0.728172
26	33	0.788522
26	39	0.78886
26	73	0.816947
26	78	3.93583
26	95	0.777776
26	106	3.03357
26	112	2.4638
26	180	0.713694
27	5	0.965705
27	6	0.603162
27	9	0.595793
27	19	0.819734
27	21	0.662945
27	28	0.655423
27	29	0.752906
27	37	0.707494
27	73	0.730647
27	108	0.707616
27	125	3.83939
27	138	3.85831
27	145	0.739435
28	5	0.740244
28	6	0.617771
28	9	0.610402
28	19	0.834343
28	21	0.679652
28	27	0.655423
28	29	0.767515
28	37	0.722103
28	73	0.745256
28	108	0.722225
28	145	0.754044
28	154	3.65569
28	167	4.59319
29	4	0.710781
29	8	0.770649
29	9	0.707884
29	27	0.752906
29	28	0.767515
29	34	0.8291
29	35	0.829265
29	37	0.819585
29	91	2.38179
29	132	3.14811
29	137	0.84208
29	145	0.851527
29	168	5.27591
30	77	1.69542
30	78	0.719197
30	95	0.832975
30	148	0.697171
30	157	0.708086
30	159	0.702234
30	163	0.774425
30	167	0.683698
30	172	0.686128
30	173	0.654794
30	174	0.691334
30	175	0.694188
30	177	0.670082
30	178	0.697477
31	36	0.747812
31	50	0.783688
31	53	2.17162
31	70	0.79898
31	71	0.800244
31	76	0.790547
31	80	0.789613
31	92	0.734112
31	110	0.787444
31	132	0.737295
31	149	5.95203
31	165	0.721011
31	167	3.22438
31	170	0.746511
32	1	0.734955
32	2	0.733828
32	3	0.719669
32	10	0.826253
32	15	0.731207
32	16	0.718209
32	18	0.796322
32	52	0.827626
32	91	1.52839
32	112	0.750391
32	124	0.774381
32	134	0.777816
32	163	2.30196
32	173	8.42457
33	7	0.820671
33	12	0.714472
33	14	0.819455
33	20	0.70343
33	24	0.70328
33	26	0.788522
33	39	0.763968
33	52	0.823874
33	73	0.792055
33	95	0.752883
33	108	1.93653
33	154	3.85831
33	171	4.09723
33	180	0.688802
34	4	0.674884
34	8	0.734752
34	11	0.752615
34	13	0.752058
34	17	0.751741
34	22	0.818342
34	23	0.81848
34	29	0.8291
34	35	0.793367
34	56	2.5339
34	101	0.665879
34	127	2.43543
34	137	0.806182
34	169	4.65647
35	4	0.675049
35	8	0.734917
35	11	0.75278
35	13	0.752223
35	17	0.751906
35	22	0.818507
35	23	0.818645
35	29	0.829265
35	34	0.793367
35	101	0.666044
35	137	0.806348
35	139	6.89811
35	142	2.85183
35	151	1.97433
36	31	0.747812
36	40	0.72613
36	70	0.736339
36	71	0.737603
36	92	0.671471
36	94	0.711716
36	103	0.706837
36	108	3.15785
36	110	0.724803
36	130	0.681635
36	135	0.632718
36	142	5.13915
36	165	0.658369
36	170	0.68387
37	5	0.792315
37	6	0.669841
37	9	0.662472
37	19	0.886413
37	21	0.731723
37	27	0.707494
37	28	0.722103
37	29	0.819585
37	53	1.20191
37	73	0.797326
37	108	0.774295
37	145	0.806114
37	161	3.72181
37	169	4.1909
38	48	0.709972
38	49	0.490952
38	51	0.716724
38	57	0.698996
38	58	0.676054
38	68	0.741333
38	106	0.685842
38	109	0.730496
38	111	0.699221
38	117	0.709446
38	120	0.704821
38	155	3.65479
38	156	4.76281
38	167	0.647419
39	7	0.821009
39	12	0.71481
39	14	0.819793
39	20	0.703768
39	24	0.703618
39	26	0.78886
39	33	0.763968
39	52	0.824211
39	73	0.792392
39	95	0.753221
39	127	1.7188
39	150	2.58492
39	175	5.40042
39	180	0.689139
40	36	0.72613
40	43	0.761594
40	44	0.766157
40	70	0.777297
40	76	0.768865
40	80	0.76793
40	94	0.752675
40	103	0.747795
40	110	0.765761
40	134	0.775793
40	150	1.39698
40	155	2.98051
40	165	0.699328
40	170	0.724828
40	179	5.95004
41	46	0.750941
41	59	0.734473
41	86	1.90544
41	87	0.746075
41	89	0.745028
41	102	0.775375
41	114	0.774959
41	118	0.769541
41	128	0.744897
41	129	0.768256
41	131	0.757513
41	146	0.764638
41	147	4.44689
41	170	3.62683
41	179	0.679541
42	54	0.737281
42	87	0.743411
42	99	0.737057
42	114	0.772295
42	118	0.766876
42	123	0.750052
42	128	0.742232
42	129	0.765591
42	131	0.754848
42	137	0.78733
42	138	1.5496
42	146	0.761973
42	159	4.63861
42	171	3.94088
42	179	0.676876
43	40	0.761594
43	44	0.760663
43	70	0.771803
43	76	0.76337
43	80	0.762436
43	92	0.706935
43	94	0.747181
43	103	0.742301
43	125	1.5259
43	130	0.7171
43	132	0.710118
43	134	0.770299
43	155	3.93608
43	165	0.693834
43	170	0.719334
43	174	5.0969
44	40	0.766157
44	43	0.760663
44	50	0.761074
44	71	0.777631
44	80	0.766999
44	92	0.711498
44	94	0.751744
44	103	0.746864
44	110	0.764831
44	130	0.721663
44	135	0.672746
44	138	2.24447
44	165	0.698397
44	166	5.01476
44	170	0.723897
44	176	4.36727
45	47	1.30659
45	118	0.833691
45	125	0.788577
45	129	1.0774
45	133	0.794278
45	162	0.72125
45	163	0.808423
45	168	0.718879
45	171	0.743202
45	172	0.720126
45	173	0.688792
45	175	0.728186
45	176	0.724411
45	177	0.70408
45	178	0.731475
45	180	0.718685
46	41	0.750941
46	62	0.784059
46	65	1.76521
46	66	0.697699
46	84	0.737045
46	85	0.740392
46	88	0.739733
46	96	0.728836
46	102	0.765489
46	113	0.736906
46	118	0.759655
46	129	0.75837
46	131	0.747627
46	157	4.71985
46	164	3.99146
46	179	0.669655
47	45	1.30659
47	51	0.746349
47	58	0.705679
47	67	0.795605
47	68	0.770958
47	72	0.712896
47	74	0.706767
47	109	0.76012
47	111	0.728846
47	117	0.739071
47	120	0.734445
47	132	3.75145
47	143	4.15845
47	145	0.790073
47	146	0.75527
47	167	0.677044
48	38	0.709972
48	51	0.743854
48	57	0.726125
48	74	0.704272
48	82	0.717105
48	83	0.7932
48	107	0.756576
48	108	1.94342
48	109	0.757625
48	111	0.726351
48	117	0.736576
48	120	0.73195
48	140	3.233
48	145	0.787579
48	152	5.42394
48	167	0.674549
49	38	0.490952
49	58	1.01932
49	68	0.666035
49	74	0.695503
49	82	1.06716
49	107	0.772355
49	109	0.538605
49	111	1.07641
49	117	0.517555
49	120	0.51293
49	144	2.78203
49	145	0.568558
49	146	0.533755
49	162	4.31062
49	167	1.13801
49	173	9.32178
50	31	0.783688
50	44	0.761074
50	71	0.773478
50	80	0.762847
50	92	0.707346
50	94	0.747592
50	103	0.742712
50	110	0.760678
50	130	0.717511
50	134	0.77071
50	135	0.668594
50	161	2.42986
50	165	0.694245
50	169	2.89894
50	170	0.719745
50	180	5.38108
51	38	0.716724
51	47	0.746349
51	48	0.743854
51	58	0.709936
51	72	0.717154
51	82	0.723857
51	83	0.799952
51	111	0.733103
51	117	0.743328
51	120	0.738702
51	121	2.71217
51	128	0.739787
51	146	0.759527
51	167	0.681301
51	172	4.37816
51	176	3.69138
52	3	0.77616
52	12	0.774716
52	16	0.7747
52	18	0.852813
52	20	0.763674
52	24	0.763523
52	32	0.827626
52	33	0.823874
52	39	0.824211
52	90	1.98081
52	124	0.830873
52	134	0.834307
52	142	2.15811
52	144	1.87573
52	177	6.48031
52	180	0.749045
53	24	3.42647
53	31	2.17162
53	37	1.20191
53	148	0.730735
53	151	0.767908
53	159	0.735797
53	161	0.776211
53	162	0.720816
53	168	0.718444
53	172	0.719691
53	173	0.688357
53	174	0.724897
53	175	0.727751
53	176	0.723977
53	177	0.703645
53	178	0.731041
53	179	0.710391
54	42	0.737281
54	59	0.713593
54	63	0.759268
54	75	0.740354
54	79	0.741349
54	81	1.81469
54	88	0.728738
54	89	0.724147
54	96	0.717841
54	113	0.725912
54	114	0.754079
54	118	0.74866
54	123	0.731836
54	131	0.736632
54	135	6.15763
54	175	3.48173
54	179	0.65866
55	10	1.5389
55	111	2.64215
55	127	0.808053
55	139	0.703538
55	142	0.763991
55	145	0.97072
55	153	0.710135
55	161	0.772771
55	169	0.729129
55	172	0.716251
55	173	0.684917
55	174	0.721457
55	175	0.724311
55	176	0.720537
55	177	0.700205
55	178	0.727601
55	180	0.71481
56	34	2.5339
56	107	0.332063
56	110	0.942689
56	122	0.742922
56	125	0.782705
56	132	0.737894
56	141	0.7607
56	153	0.708137
56	155	0.7378
56	162	0.715378
56	169	0.727131
56	171	0.73733
56	173	0.68292
56	174	0.71946
56	176	0.718539
56	177	0.698207
56	178	0.725603
57	38	0.698996
57	48	0.726125
57	68	0.757486
57	72	0.699425
57	82	0.706128
57	83	0.782224
57	107	0.745599
57	109	0.746649
57	111	0.715374
57	116	2.21216
57	117	0.725599
57	119	6.49926
57	120	0.720974
57	128	0.722058
57	133	2.23309
57	146	0.741799
57	167	0.663573
58	38	0.676054
58	47	0.705679
58	49	1.01932
58	51	0.709936
58	68	0.734545
58	72	0.676483
58	82	0.683187
58	83	0.759282
58	91	0.726238
58	107	0.722658
58	109	0.723707
58	120	0.698032
58	128	0.699116
58	132	2.138
58	167	0.640631
58	177	6.36315
58	178	2.89827
59	41	0.734473
59	54	0.713593
59	63	0.753795
59	79	0.735877
59	85	0.723925
59	99	0.713368
59	104	2.53238
59	113	0.720439
59	114	0.748606
59	123	0.726364
59	129	0.741903
59	131	0.73116
59	133	3.20325
59	137	0.763642
59	146	0.738285
59	169	4.91029
59	179	0.653188
60	7	3.18274
60	93	0.687955
60	109	2.05618
60	116	0.751153
60	144	0.743278
60	150	0.727393
60	158	0.692387
60	159	0.676924
60	162	0.661943
60	172	0.660818
60	173	0.629485
60	174	0.666025
60	176	0.665104
60	177	0.644773
60	178	0.672168
60	179	0.651518
60	180	0.659377
61	94	0.854781
61	110	0.662843
61	140	0.759818
61	144	0.796066
61	146	1.04537
61	152	0.723453
61	157	0.735564
61	159	0.729712
61	168	0.71236
61	169	0.726484
61	171	0.736683
61	173	0.682273
61	174	0.718813
61	175	0.721667
61	176	0.717892
61	177	0.697561
61	178	0.724956
62	46	0.784059
62	63	0.813266
62	67	1.62577
62	75	0.794353
62	79	0.795348
62	89	0.778146
62	96	0.77184
62	99	0.772839
62	113	0.77991
62	114	0.808077
62	118	0.802659
62	129	0.801374
62	131	0.790631
62	163	1.82496
62	165	5.18536
62	178	4.44467
62	179	0.712659
63	54	0.759268
63	59	0.753795
63	62	0.813266
63	77	0.780629
63	96	0.758044
63	99	0.759043
63	114	0.794281
63	118	0.788863
63	123	0.772039
63	128	0.764218
63	129	0.787578
63	131	0.776834
63	142	2.61272
63	146	0.783959
63	148	4.11871
63	152	4.11193
63	161	2.09437
63	179	0.698862
64	121	0.681696
64	135	0.60237
64	144	0.703124
64	145	5.50017
64	149	0.624998
64	155	0.644211
64	157	0.642622
64	158	0.652233
64	159	0.636771
64	162	0.621789
64	168	0.619418
64	169	0.633543
64	172	0.620665
64	173	0.589331
64	174	0.625871
64	175	0.628725
64	176	0.62495
64	178	0.632014
65	46	1.76521
65	82	1.26047
65	101	0.670459
65	116	0.799944
65	134	1.42135
65	139	0.696895
65	153	0.703493
65	158	0.741177
65	159	0.725715
65	166	0.715549
65	167	0.707179
65	169	0.722487
65	171	0.732685
65	172	0.709609
65	174	0.714815
65	175	0.717669
65	177	0.693563
65	178	0.720958
66	6	2.97263
66	46	0.697699
66	77	0.708066
66	88	0.696377
66	99	0.68648
66	104	0.718982
66	123	0.699476
66	129	0.715014
66	131	0.704271
66	134	2.86237
66	154	0.67976
66	158	0.667168
66	164	0.661295
66	171	0.658676
66	173	0.604266
66	177	0.619554
66	178	0.646949
66	179	0.626299
67	11	2.6995
67	47	0.795605
67	62	1.62577
67	74	0.760281
67	87	0.0371088
67	89	1.26251
67	109	0.813634
67	117	0.792585
67	120	0.787959
67	145	0.843587
67	155	0.756534
67	157	0.754945
67	163	0.821285
67	167	0.730558
67	172	0.732987
67	174	0.738193
67	176	0.737273
67	178	0.744337
68	38	0.741333
68	47	0.770958
68	49	0.666035
68	57	0.757486
68	58	0.734545
68	74	0.735633
68	82	0.748466
68	83	0.824561
68	107	0.787937
68	109	0.788986
68	117	0.767937
68	120	0.763311
68	141	2.71637
68	145	0.81894
68	146	0.784136
68	149	4.78018
68	167	0.70591
68	179	4.32345
68	180	3.60743
69	5	7.6
69	100	0.670981
69	119	0.619246
69	122	0.643614
69	127	0.706747
69	133	0.689098
69	154	0.659105
69	155	0.638491
69	158	0.646513
69	162	0.61607
69	168	0.613698
69	172	0.614945
69	173	0.583611
69	174	0.620151
69	175	0.623005
69	176	0.619231
69	177	0.598899
69	178	0.626294
69	179	0.605645
70	31	0.79898
70	36	0.736339
70	40	0.777297
70	43	0.771803
70	76	0.779074
70	80	0.778139
70	92	0.722639
70	94	0.762884
70	103	0.758005
70	110	0.775971
70	121	3.53647
70	124	0.782567
70	126	1.63355
70	130	0.732803
70	134	0.786002
70	165	0.709537
70	167	4.30979
70	170	0.735038
70	175	4.84314
71	31	0.800244
71	36	0.737603
71	44	0.777631
71	50	0.773478
71	76	0.780338
71	92	0.723902
71	94	0.764148
71	95	0.766086
71	103	0.759268
71	110	0.777235
71	112	3.33476
71	116	2.28331
71	124	0.783831
71	132	0.727086
71	134	0.787266
71	138	1.84865
71	148	5.56653
71	165	0.710801
71	170	0.736301
72	47	0.712896
72	51	0.717154
72	57	0.699425
72	58	0.676483
72	74	0.677571
72	83	0.7665
72	97	0.729852
72	107	0.729875
72	109	0.730925
72	111	0.69965
72	116	3.39409
72	117	0.709875
72	120	0.70525
72	128	0.706334
72	145	0.760878
72	146	0.726075
72	158	4.6047
72	163	3.40893
72	167	0.647849
73	6	0.692994
73	12	0.742897
73	20	0.731855
73	21	0.702037
73	24	0.731704
73	26	0.816947
73	27	0.730647
73	28	0.745256
73	33	0.792055
73	37	0.797326
73	39	0.792392
73	95	0.781308
73	105	2.03844
73	108	0.797448
73	139	7.50189
73	141	1.93459
73	145	0.829267
73	159	2.74715
73	180	0.717226
74	47	0.706767
74	48	0.704272
74	49	0.695503
74	67	0.760281
74	68	0.735633
74	72	0.677571
74	82	0.684275
74	83	0.76037
74	106	0.680141
74	107	0.723746
74	111	0.693521
74	117	0.703746
74	120	0.69912
74	125	1.99023
74	143	4.72509
74	145	0.754749
74	146	0.719945
74	167	0.641719
74	178	5.07836
75	54	0.740354
75	62	0.794353
75	77	0.761716
75	81	2.9082
75	84	0.74734
75	85	0.750687
75	87	0.746484
75	88	0.750027
75	89	0.745436
75	99	0.74013
75	102	0.775784
75	113	0.747201
75	123	0.753126
75	129	0.768664
75	130	2.58807
75	131	0.757921
75	146	0.765046
75	171	3.34332
75	172	4.93456
75	179	0.679949
76	25	0.736535
76	31	0.790547
76	40	0.768865
76	43	0.76337
76	70	0.779074
76	71	0.780338
76	80	0.769706
76	92	0.714206
76	94	0.754451
76	110	0.767538
76	115	2.10686
76	124	0.774134
76	132	0.717389
76	134	0.777569
76	135	0.675453
76	140	3.39571
76	150	2.68326
76	165	0.701105
76	170	0.726605
76	176	5.17129
77	30	1.69542
77	63	0.780629
77	66	0.708066
77	75	0.761716
77	79	0.762711
77	85	0.750759
77	89	0.745509
77	96	0.739203
77	99	0.740203
77	113	0.747273
77	114	0.775441
77	118	0.770022
77	123	0.753198
77	128	0.745378
77	129	0.768737
77	131	0.757994
77	151	1.95392
77	166	4.53092
77	174	4.13975
77	179	0.680022
78	26	3.93583
78	30	0.719197
78	83	2.56675
78	108	0.728706
78	119	0.654226
78	140	0.696136
78	153	0.643808
78	156	0.664778
78	157	0.671882
78	158	0.681493
78	166	0.655865
78	170	0.682781
78	172	0.649925
78	173	0.618591
78	174	0.655131
78	175	0.657985
78	176	0.65421
78	177	0.633879
78	178	0.661274
78	179	0.640625
79	54	0.741349
79	59	0.735877
79	62	0.795348
79	77	0.762711
79	84	0.748334
79	85	0.751681
79	87	0.747479
79	89	0.746431
79	96	0.740125
79	99	0.741125
79	113	0.748195
79	114	0.776363
79	123	0.75412
79	129	0.769659
79	131	0.758916
79	153	4.99084
79	161	2.57677
79	162	5.07224
79	165	3.30105
79	179	0.680944
80	31	0.789613
80	40	0.76793
80	43	0.762436
80	44	0.766999
80	50	0.762847
80	70	0.778139
80	76	0.769706
80	92	0.713271
80	103	0.748637
80	104	2.21982
80	110	0.766603
80	124	0.7732
80	132	0.716454
80	134	0.776634
80	135	0.674518
80	138	2.4351
80	151	3.80135
80	165	0.70017
80	170	0.72567
80	171	4.82639
81	54	1.81469
81	75	2.9082
81	90	0.787653
81	95	1.68139
81	100	0.741803
81	119	0.690068
81	141	0.732213
81	147	0.72033
81	151	0.733984
81	160	0.689226
81	161	0.742287
81	162	0.686892
81	166	0.691707
81	169	0.698645
81	173	0.654433
81	174	0.690973
81	176	0.690053
81	177	0.669721
81	178	0.697116
81	179	0.676467
82	48	0.717105
82	49	1.06716
82	51	0.723857
82	57	0.706128
82	58	0.683187
82	65	1.26047
82	68	0.748466
82	74	0.684275
82	83	0.773203
82	107	0.736579
82	109	0.737628
82	111	0.706354
82	117	0.716579
82	120	0.711953
82	128	0.713037
82	145	0.767582
82	146	0.732778
82	164	3.48673
82	166	5.149
82	167	0.654552
82	170	2.66927
83	48	0.7932
83	51	0.799952
83	57	0.782224
83	58	0.759282
83	68	0.824561
83	72	0.7665
83	74	0.76037
83	78	2.56675
83	82	0.773203
83	98	4.21482
83	107	0.812674
83	109	0.813724
83	111	0.782449
83	117	0.792674
83	120	0.788049
83	128	0.789133
83	146	0.808874
83	154	1.76098
83	157	2.61798
83	167	0.730647
83	174	3.16069
84	46	0.737045
84	75	0.74734
84	79	0.748334
84	85	0.736383
84	86	1.95817
84	87	0.73218
84	88	0.735723
84	96	0.724826
84	102	0.76148
84	113	0.732897
84	114	0.761064
84	118	0.755645
84	123	0.738821
84	128	0.731001
84	129	0.75436
84	131	0.743617
84	133	2.67164
84	137	0.776099
84	140	3.73621
84	176	5.5118
84	179	0.665645
85	46	0.740392
85	59	0.723925
85	75	0.750687
85	77	0.750759
85	79	0.751681
85	84	0.736383
85	87	0.735527
85	99	0.729173
85	100	2.94477
85	113	0.736244
85	114	0.764411
85	118	0.758993
85	123	0.742169
85	128	0.734348
85	129	0.757708
85	131	0.746964
85	146	0.754089
85	150	2.70188
85	170	3.35768
85	178	4.96336
85	179	0.668992
86	41	1.90544
86	84	1.95817
86	97	0.799925
86	99	0.546824
86	127	0.812153
86	128	0.885388
86	156	0.735204
86	158	0.751919
86	160	0.72381
86	161	0.77687
86	162	0.721475
86	164	0.746046
86	169	0.733228
86	171	0.743427
86	172	0.72035
86	173	0.689017
86	174	0.725557
86	175	0.728411
86	176	0.724636
86	177	0.704305
86	178	0.7317
87	41	0.746075
87	42	0.743411
87	67	0.0371088
87	75	0.746484
87	79	0.747479
87	84	0.73218
87	85	0.735527
87	89	0.730276
87	99	0.72497
87	102	0.760624
87	113	0.732041
87	114	0.760208
87	123	0.737966
87	129	0.753505
87	130	3.45144
87	131	0.742762
87	137	0.775243
87	146	0.749886
87	158	3.46067
87	174	5.36747
87	179	0.66479
88	46	0.739733
88	54	0.728738
88	66	0.696377
88	75	0.750027
88	84	0.735723
88	89	0.73382
88	96	0.727514
88	102	0.764167
88	112	2.10084
88	113	0.735585
88	114	0.763752
88	118	0.758333
88	123	0.741509
88	129	0.757048
88	131	0.746305
88	137	0.778787
88	146	0.75343
88	168	5.05147
88	171	3.00603
88	175	4.23795
88	179	0.668333
89	41	0.745028
89	54	0.724147
89	62	0.778146
89	67	1.26251
89	75	0.745436
89	77	0.745509
89	79	0.746431
89	87	0.730276
89	88	0.73382
89	96	0.722923
89	99	0.723922
89	102	0.759576
89	118	0.753742
89	123	0.736918
89	129	0.752457
89	131	0.741714
89	137	0.774196
89	149	6.06778
89	161	1.9438
89	162	5.83135
89	179	0.663742
90	14	1.96952
90	15	2.86249
90	52	1.98081
90	81	0.787653
90	124	0.347951
90	140	0.764952
90	143	0.743479
90	147	0.753304
90	148	0.729785
90	152	0.728588
90	164	0.744436
90	166	0.724681
90	167	0.716312
90	168	0.717494
90	169	0.731619
90	171	0.741817
90	172	0.718741
90	173	0.687407
90	175	0.726801
90	176	0.723027
90	177	0.702695
90	178	0.73009
91	13	3.38733
91	29	2.38179
91	32	1.52839
91	58	0.726238
91	107	0.77963
91	109	0.78068
91	111	0.749406
91	117	0.75963
91	120	0.755005
91	123	1.20237
91	132	0.723674
91	139	0.687319
91	146	0.77583
91	147	0.734596
91	150	0.766607
91	160	0.703492
91	167	0.697604
91	169	0.712911
91	171	0.723109
91	176	0.704319
91	177	0.683987
91	178	0.711383
92	25	0.680099
92	31	0.734112
92	36	0.671471
92	43	0.706935
92	44	0.711498
92	50	0.707346
92	70	0.722639
92	71	0.723902
92	76	0.714206
92	80	0.713271
92	94	0.698016
92	95	0.699953
92	100	2.43409
92	103	0.693136
92	110	0.711102
92	124	0.717699
92	132	0.660954
92	135	0.619018
92	147	3.66706
92	153	6.88317
92	165	0.644669
92	170	0.670169
93	15	5.20922
93	20	3.59078
93	60	0.687955
93	122	0.67266
93	142	0.691732
93	150	0.710566
93	153	0.637875
93	154	0.688152
93	159	0.660098
93	162	0.645116
93	166	0.649931
93	168	0.642745
93	169	0.65687
93	170	0.676848
93	171	0.667068
93	172	0.643992
93	173	0.612658
93	174	0.649198
93	175	0.652052
93	176	0.648277
93	177	0.627946
93	178	0.655341
94	36	0.711716
94	40	0.752675
94	43	0.747181
94	44	0.751744
94	50	0.747592
94	61	0.854781
94	70	0.762884
94	71	0.764148
94	76	0.754451
94	92	0.698016
94	95	0.740199
94	103	0.733382
94	110	0.751348
94	124	0.757945
94	130	0.70818
94	134	0.761379
94	135	0.659263
94	136	3.49418
94	156	4.59383
94	159	4.18358
94	165	0.684915
94	170	0.710415
95	7	0.809924
95	14	0.808708
95	20	0.692683
95	24	0.692533
95	25	0.722282
95	26	0.777776
95	30	0.832975
95	33	0.752883
95	39	0.753221
95	71	0.766086
95	73	0.781308
95	81	1.68139
95	92	0.699953
95	94	0.740199
95	110	0.753286
95	132	0.703137
95	135	0.661201
95	165	0.686852
95	170	0.712352
95	176	3.02097
95	177	6.25931
95	180	0.678055
96	46	0.728836
96	54	0.717841
96	62	0.77184
96	63	0.758044
96	77	0.739203
96	79	0.740125
96	84	0.724826
96	88	0.727514
96	89	0.722923
96	99	0.717617
96	102	0.75327
96	118	0.747436
96	123	0.730612
96	128	0.722792
96	129	0.746151
96	131	0.735408
96	146	0.742533
96	152	4.92632
96	158	2.86049
96	163	1.66471
96	174	4.76729
96	179	0.657436
97	72	0.729852
97	86	0.799925
97	101	0.65728
97	107	0.776027
97	109	0.777076
97	111	0.745802
97	113	1.22739
97	114	1.34034
97	115	0.760671
97	117	0.756027
97	120	0.751401
97	129	0.08476
97	137	0.789852
97	145	0.80703
97	160	0.699888
97	161	0.752949
97	162	0.697554
97	167	0.694
97	168	0.695183
97	172	0.696429
97	173	0.665096
97	178	0.707779
98	83	4.21482
98	101	0.60426
98	115	0.707651
98	121	0.704441
98	144	0.725869
98	145	2.88535
98	151	0.691627
98	154	0.68757
98	157	0.665368
98	160	0.646869
98	162	0.644535
98	166	0.64935
98	167	0.64098
98	168	0.642163
98	169	0.656288
98	171	0.666486
98	173	0.612076
98	174	0.648616
98	175	0.65147
98	176	0.647695
98	177	0.627364
98	178	0.654759
99	42	0.737057
99	59	0.713368
99	62	0.772839
99	63	0.759043
99	66	0.68648
99	75	0.74013
99	77	0.740203
99	79	0.741125
99	85	0.729173
99	86	0.546824
99	87	0.72497
99	89	0.723922
99	96	0.717617
99	102	0.75427
99	118	0.748436
99	121	3.12124
99	123	0.731612
99	131	0.736407
99	137	0.768889
99	162	6.38579
99	167	3.89456
99	179	0.658436
100	69	0.670981
100	81	0.741803
100	85	2.94477
100	92	2.43409
100	110	1.95324
100	150	0.739465
100	155	0.696438
100	158	0.70446
100	160	0.67635
100	161	0.729411
100	163	0.761189
100	164	0.698586
100	168	0.671644
100	169	0.685769
100	171	0.695968
100	172	0.672891
100	173	0.641557
100	174	0.678097
100	175	0.680951
100	176	0.677177
100	177	0.656845
100	178	0.684241
101	4	0.54756
101	11	0.625292
101	13	0.624735
101	17	0.624418
101	22	0.691019
101	23	0.691157
101	34	0.665879
101	35	0.666044
101	65	0.670459
101	97	0.65728
101	98	0.60426
101	116	0.66804
101	129	7.77905
101	137	0.678859
101	140	0.623917
101	144	0.660165
101	153	0.571589
101	164	0.603401
101	171	0.600782
101	175	0.585766
101	176	0.581991
101	177	0.56166
101	178	0.589055
102	41	0.775375
102	46	0.765489
102	75	0.775784
102	84	0.76148
102	87	0.760624
102	88	0.764167
102	89	0.759576
102	96	0.75327
102	99	0.75427
102	113	0.761341
102	114	0.789508
102	116	1.36165
102	123	0.767266
102	128	0.759445
102	129	0.782804
102	131	0.772061
102	137	0.804543
102	146	0.779186
102	154	3.07935
102	163	1.37649
102	172	4.90952
102	179	0.694089
102	180	5.57176
103	25	0.715465
103	36	0.706837
103	40	0.747795
103	43	0.742301
103	44	0.746864
103	50	0.742712
103	70	0.758005
103	71	0.759268
103	80	0.748637
103	92	0.693136
103	94	0.733382
103	110	0.746468
103	124	0.753065
103	130	0.703301
103	132	0.69632
103	134	0.7565
103	135	0.654384
103	138	1.89724
103	141	4.17369
103	164	4.17821
103	165	0.680035
103	169	4.05987
103	170	0.705535
104	59	2.53238
104	66	0.718982
104	80	2.21982
104	108	0.779019
104	125	0.768689
104	126	0.777835
104	134	1.15134
104	137	0.587052
104	141	0.746684
104	153	0.694121
104	161	0.756757
104	163	0.788535
104	164	0.725933
104	166	0.706177
104	168	0.698991
104	169	0.713115
104	171	0.723314
104	172	0.700237
104	173	0.668904
104	175	0.708298
104	176	0.704523
104	177	0.684192
104	178	0.711587
105	73	2.03844
105	112	0.720198
105	113	2.42816
105	114	2.54111
105	116	0.754137
105	130	0.694425
105	140	0.710014
105	142	0.711543
105	144	0.746262
105	148	0.674846
105	156	0.678656
105	160	0.667261
105	164	0.689498
105	166	0.669742
105	168	0.662556
105	169	0.67668
105	171	0.686879
105	172	0.663802
105	175	0.671862
105	176	0.668088
105	177	0.647756
105	178	0.675152
105	179	0.654502
105	180	0.662361
106	19	2.36381
106	26	3.03357
106	38	0.685842
106	74	0.680141
106	107	0.732445
106	109	0.733495
106	111	0.702221
106	117	0.712445
106	120	0.70782
106	128	0.708904
106	137	2.85821
106	144	0.735307
106	146	0.728645
106	148	0.663892
106	160	0.656307
106	167	0.650419
106	168	0.651601
106	169	0.665726
106	170	0.685705
106	174	0.658054
106	175	0.660908
106	177	0.636802
106	178	0.664198
106	179	0.643548
107	48	0.756576
107	49	0.772355
107	56	0.332063
107	57	0.745599
107	58	0.722658
107	68	0.787937
107	72	0.729875
107	74	0.723746
107	82	0.736579
107	83	0.812674
107	91	0.77963
107	97	0.776027
107	106	0.732445
107	109	0.777099
107	111	0.745825
107	117	0.75605
107	120	0.751424
107	143	3.00794
107	145	0.807053
107	146	0.772249
107	156	3.79127
107	159	3.38101
107	167	0.694023
107	180	4.93677
108	5	0.348339
108	6	0.669963
108	9	0.662594
108	19	0.886536
108	21	0.729746
108	27	0.707616
108	28	0.722225
108	33	1.93653
108	36	3.15785
108	37	0.774295
108	48	1.94342
108	73	0.797448
108	78	0.728706
108	104	0.779019
108	133	0.769789
108	134	1.59721
108	145	0.806237
108	157	0.717594
108	169	0.708514
108	171	0.718713
108	172	0.695636
108	173	0.664303
108	174	0.700843
108	176	0.699922
108	178	0.706986
109	38	0.730496
109	47	0.76012
109	48	0.757625
109	49	0.538605
109	57	0.746649
109	58	0.723707
109	60	2.05618
109	67	0.813634
109	68	0.788986
109	72	0.730925
109	82	0.737628
109	83	0.813724
109	91	0.78068
109	97	0.777076
109	106	0.733495
109	107	0.777099
109	111	0.746875
109	117	0.757099
109	120	0.752474
109	144	2.31708
109	145	0.808102
109	157	3.39694
109	165	4.19748
109	167	0.695073
109	175	4.01079
110	25	0.733431
110	31	0.787444
110	36	0.724803
110	40	0.765761
110	44	0.764831
110	50	0.760678
110	56	0.942689
110	61	0.662843
110	70	0.775971
110	71	0.777235
110	76	0.767538
110	80	0.766603
110	92	0.711102
110	94	0.751348
110	95	0.753286
110	100	1.95324
110	103	0.746468
110	124	0.771031
110	130	0.721267
110	132	0.714286
110	134	0.774466
110	165	0.698001
110	170	0.723501
110	171	3.29391
110	179	6.26341
111	38	0.699221
111	47	0.728846
111	48	0.726351
111	49	1.07641
111	51	0.733103
111	55	2.64215
111	57	0.715374
111	72	0.69965
111	74	0.693521
111	82	0.706354
111	83	0.782449
111	91	0.749406
111	97	0.745802
111	106	0.702221
111	107	0.745825
111	109	0.746875
111	117	0.725825
111	120	0.721199
111	127	2.43742
111	128	0.722283
111	130	4.13187
111	145	0.776828
111	146	0.742024
111	150	3.30355
111	163	2.94532
111	167	0.663798
112	1	0.714211
112	2	0.713084
112	3	0.698925
112	10	0.805509
112	15	0.710463
112	16	0.697465
112	18	0.775578
112	26	2.4638
112	32	0.750391
112	71	3.33476
112	88	2.10084
112	105	0.720198
112	124	0.753637
112	126	0.750848
112	129	0.679648
112	134	0.757072
112	154	0.717411
112	166	0.679191
112	168	0.672004
112	169	0.686129
112	174	0.678457
112	175	0.681311
112	176	0.677537
112	177	0.657205
112	178	0.684601
113	46	0.736906
113	54	0.725912
113	59	0.720439
113	62	0.77991
113	75	0.747201
113	77	0.747273
113	79	0.748195
113	84	0.732897
113	85	0.736244
113	87	0.732041
113	88	0.735585
113	97	1.22739
113	102	0.761341
113	105	2.42816
113	114	0.760925
113	118	0.755507
113	123	0.738683
113	128	0.730862
113	129	0.754222
113	131	0.743478
113	137	0.77596
113	146	0.750603
113	161	2.93342
113	170	2.7034
113	172	5.22241
113	179	0.665507
114	41	0.774959
114	42	0.772295
114	54	0.754079
114	59	0.748606
114	62	0.808077
114	63	0.794281
114	77	0.775441
114	79	0.776363
114	84	0.761064
114	85	0.764411
114	87	0.760208
114	88	0.763752
114	97	1.34034
114	102	0.789508
114	105	2.54111
114	113	0.760925
114	118	0.783674
114	123	0.76685
114	127	1.29442
114	129	0.782389
114	131	0.771645
114	137	0.804127
114	146	0.77877
114	156	4.85209
114	163	1.80232
114	178	4.42203
114	179	0.693674
115	17	3.18585
115	76	2.10686
115	97	0.760671
115	98	0.707651
115	118	1.20093
115	127	0.772899
115	128	1.37458
115	133	0.755249
115	135	0.662802
115	141	0.727543
115	144	0.763556
115	147	0.715659
115	150	0.747671
115	153	0.67498
115	158	0.712665
115	162	0.682221
115	164	0.706792
115	168	0.67985
115	169	0.693975
115	171	0.704173
115	172	0.681097
115	173	0.649763
115	175	0.689157
115	177	0.665051
115	178	0.692446
115	179	0.671797
115	180	0.679656
116	7	1.94879
116	57	2.21216
116	60	0.751153
116	65	0.799944
116	71	2.28331
116	72	3.39409
116	101	0.66804
116	102	1.36165
116	105	0.754137
116	133	0.781343
116	138	0.805243
116	152	0.717037
116	154	0.75135
116	157	0.729148
116	158	0.738759
116	159	0.723296
116	161	0.76371
116	164	0.732885
116	166	0.71313
116	169	0.720068
116	172	0.70719
116	173	0.675856
116	174	0.712396
116	175	0.71525
116	176	0.711476
116	177	0.691144
116	178	0.71854
116	179	0.69789
117	38	0.709446
117	47	0.739071
117	48	0.736576
117	49	0.517555
117	51	0.743328
117	57	0.725599
117	67	0.792585
117	68	0.767937
117	72	0.709875
117	74	0.703746
117	82	0.716579
117	83	0.792674
117	91	0.75963
117	97	0.756027
117	106	0.712445
117	107	0.75605
117	109	0.757099
117	111	0.725825
117	120	0.731424
117	125	2.8099
117	126	2.09389
117	128	0.732508
117	145	0.787053
117	146	0.752249
117	150	3.63655
117	158	4.4741
117	167	0.674023
117	170	4.29234
118	41	0.769541
118	42	0.766876
118	45	0.833691
118	46	0.759655
118	54	0.74866
118	62	0.802659
118	63	0.788863
118	77	0.770022
118	84	0.755645
118	85	0.758993
118	88	0.758333
118	89	0.753742
118	96	0.747436
118	99	0.748436
118	113	0.755507
118	114	0.783674
118	115	1.20093
118	123	0.761431
118	128	0.753611
118	129	0.77697
118	131	0.766227
118	137	0.798709
118	144	2.89912
118	146	0.773352
118	157	3.97898
118	161	2.66316
118	168	5.40635
118	179	0.688255
119	57	6.49926
119	69	0.619246
119	78	0.654226
119	81	0.690068
119	127	0.712958
119	135	0.602861
119	138	0.719209
119	145	3.00091
119	147	0.655719
119	151	0.669373
119	153	0.61504
119	154	0.665316
119	156	0.63601
119	158	0.652724
119	159	0.637262
119	161	0.677676
119	163	0.709454
119	166	0.627096
119	167	0.618726
119	168	0.619909
119	169	0.634034
119	171	0.644232
119	173	0.589822
119	174	0.626362
119	175	0.629216
119	176	0.625441
119	177	0.60511
119	178	0.632505
120	38	0.704821
120	47	0.734445
120	48	0.73195
120	49	0.51293
120	51	0.738702
120	57	0.720974
120	58	0.698032
120	67	0.787959
120	68	0.763311
120	72	0.70525
120	74	0.69912
120	82	0.711953
120	83	0.788049
120	91	0.755005
120	97	0.751401
120	106	0.70782
120	107	0.751424
120	109	0.752474
120	111	0.721199
120	117	0.731424
120	128	0.727883
120	145	0.782427
120	146	0.747624
120	151	3.29823
120	155	4.32323
120	163	2.38148
120	164	4.21296
120	167	0.669397
120	169	4.09461
121	23	2.23011
121	51	2.71217
121	64	0.681696
121	70	3.53647
121	98	0.704441
121	99	3.12124
121	140	0.724098
121	142	0.725627
121	151	0.726103
121	152	0.687733
121	157	0.699844
121	158	0.709455
121	159	0.693992
121	160	0.681345
121	163	0.766184
121	164	0.703582
121	166	0.683826
121	168	0.67664
121	169	0.690764
121	170	0.710743
121	171	0.700963
121	172	0.677886
121	173	0.646553
121	174	0.683093
121	175	0.685947
121	176	0.682172
121	177	0.661841
121	178	0.689236
121	179	0.668586
122	18	3.2723
122	56	0.742922
122	69	0.643614
122	93	0.67266
122	129	1.73948
122	133	0.719676
122	138	0.743577
122	140	0.691735
122	146	3.83108
122	149	0.649857
122	150	0.712098
122	155	0.66907
122	156	0.660377
122	160	0.648983
122	162	0.646649
122	163	0.733821
122	164	0.671219
122	166	0.651464
122	167	0.643094
122	169	0.658402
122	171	0.6686
122	172	0.645524
122	173	0.61419
122	174	0.65073
122	175	0.653584
122	176	0.649809
122	177	0.629478
122	178	0.656873
122	180	0.644083
123	42	0.750052
123	54	0.731836
123	59	0.726364
123	63	0.772039
123	66	0.699476
123	75	0.753126
123	77	0.753198
123	79	0.75412
123	84	0.738821
123	85	0.742169
123	87	0.737966
123	88	0.741509
123	89	0.736918
123	91	1.20237
123	96	0.730612
123	99	0.731612
123	102	0.767266
123	113	0.738683
123	114	0.76685
123	118	0.761431
123	128	0.736787
123	129	0.760146
123	131	0.749403
123	137	0.781885
123	142	2.83818
123	146	0.756528
123	153	6.12598
123	165	4.43619
123	167	3.71616
123	169	2.78892
123	179	0.671431
124	1	0.738201
124	2	0.737075
124	3	0.722915
124	10	0.829499
124	15	0.734454
124	16	0.721456
124	18	0.799569
124	25	0.740028
124	32	0.774381
124	52	0.830873
124	70	0.782567
124	71	0.783831
124	76	0.774134
124	80	0.7732
124	90	0.347951
124	92	0.717699
124	94	0.757945
124	103	0.753065
124	110	0.771031
124	112	0.753637
124	127	1.3257
124	134	0.781063
124	135	0.678947
124	152	3.13781
124	160	3.73568
124	165	0.704598
124	170	0.730098
124	177	5.96079
124	179	4.78748
125	9	2.63458
125	27	3.83939
125	43	1.5259
125	45	0.788577
125	56	0.782705
125	74	1.99023
125	104	0.768689
125	117	2.8099
125	130	0.715929
125	136	0.723515
125	141	0.731753
125	143	0.710045
125	144	0.767766
125	149	0.68964
125	152	0.695154
125	156	0.70016
125	159	0.701412
125	160	0.688766
125	163	0.773604
125	164	0.711002
125	166	0.691246
125	167	0.682877
125	168	0.68406
125	169	0.698184
125	171	0.708383
125	172	0.685306
125	173	0.653973
125	174	0.690513
125	175	0.693367
125	177	0.669261
125	178	0.696656
125	179	0.676007
126	11	3.74286
126	24	3.51789
126	70	1.63355
126	104	0.777835
126	112	0.750848
126	117	2.09389
126	137	0.0674003
126	138	0.792506
126	139	0.681739
126	147	0.729015
126	148	0.705496
126	154	0.738612
126	157	0.71641
126	158	0.726021
126	159	0.710558
126	160	0.697911
126	161	0.750972
126	165	0.701809
126	166	0.700392
126	167	0.692023
126	168	0.693206
126	169	0.70733
126	170	0.727309
126	171	0.717529
126	172	0.694452
126	173	0.663119
126	174	0.699659
126	175	0.702512
126	176	0.698738
126	177	0.678406
126	178	0.705802
127	13	3.98824
127	34	2.43543
127	39	1.7188
127	55	0.808053
127	69	0.706747
127	86	0.812153
127	111	2.43742
127	114	1.29442
127	115	0.772899
127	119	0.712958
127	124	1.3257
127	132	0.732298
127	140	0.754869
127	148	0.719701
127	149	0.712991
127	154	0.752818
127	156	0.723511
127	158	0.740226
127	160	0.712117
127	161	0.765177
127	163	0.796955
127	164	0.734353
127	168	0.707411
127	169	0.721535
127	171	0.731734
127	172	0.708657
127	173	0.677324
127	174	0.713864
127	175	0.716718
127	176	0.712943
127	177	0.692612
127	178	0.720007
127	180	0.707216
128	41	0.744897
128	42	0.742232
128	51	0.739787
128	57	0.722058
128	58	0.699116
128	63	0.764218
128	72	0.706334
128	77	0.745378
128	82	0.713037
128	83	0.789133
128	84	0.731001
128	85	0.734348
128	86	0.885388
128	96	0.722792
128	102	0.759445
128	106	0.708904
128	111	0.722283
128	113	0.730862
128	115	1.37458
128	117	0.732508
128	118	0.753611
128	120	0.727883
128	123	0.736787
128	129	0.752326
128	131	0.741583
128	133	1.59885
128	135	7.44237
128	145	0.783511
128	146	0.748708
128	161	2.8368
128	167	0.670481
128	175	4.76647
128	179	0.663611
129	41	0.768256
129	42	0.765591
129	45	1.0774
129	46	0.75837
129	59	0.741903
129	62	0.801374
129	63	0.787578
129	66	0.715014
129	75	0.768664
129	77	0.768737
129	79	0.769659
129	84	0.75436
129	85	0.757708
129	87	0.753505
129	88	0.757048
129	89	0.752457
129	96	0.746151
129	97	0.08476
129	101	7.77905
129	102	0.782804
129	112	0.679648
129	113	0.754222
129	114	0.782389
129	118	0.77697
129	122	1.73948
129	123	0.760146
129	128	0.752326
129	131	0.764942
129	137	0.797424
129	144	1.88571
129	146	0.772067
129	172	3.93873
129	179	0.68697
130	10	3.02862
130	25	0.690264
130	36	0.681635
130	43	0.7171
130	44	0.721663
130	50	0.717511
130	70	0.732803
130	75	2.58807
130	87	3.45144
130	94	0.70818
130	103	0.703301
130	105	0.694425
130	110	0.721267
130	111	4.13187
130	125	0.715929
130	132	0.671118
130	134	0.731298
130	135	0.629182
130	152	0.657324
130	154	0.691638
130	156	0.662331
130	160	0.650936
130	162	0.648602
130	163	0.735775
130	165	0.654834
130	166	0.653417
130	170	0.680334
130	174	0.652684
130	175	0.655537
130	176	0.651763
130	177	0.631431
130	178	0.658827
130	180	0.646036
131	41	0.757513
131	42	0.754848
131	46	0.747627
131	54	0.736632
131	59	0.73116
131	62	0.790631
131	63	0.776834
131	66	0.704271
131	75	0.757921
131	77	0.757994
131	79	0.758916
131	84	0.743617
131	85	0.746964
131	87	0.742762
131	88	0.746305
131	89	0.741714
131	96	0.735408
131	99	0.736407
131	102	0.772061
131	113	0.743478
131	114	0.771645
131	118	0.766227
131	123	0.749403
131	128	0.741583
131	129	0.764942
131	133	1.61623
131	137	0.786681
131	140	2.6808
131	146	0.761324
131	158	2.80591
131	159	4.24965
131	166	5.10388
131	170	2.62415
131	176	4.45639
131	179	0.676227
132	9	4.96244
132	25	0.683283
132	29	3.14811
132	31	0.737295
132	43	0.710118
132	47	3.75145
132	56	0.737894
132	58	2.138
132	71	0.727086
132	76	0.717389
132	80	0.716454
132	91	0.723674
132	92	0.660954
132	95	0.703137
132	103	0.69632
132	110	0.714286
132	127	0.732298
132	130	0.671118
132	135	0.622201
132	140	0.686708
132	154	0.684656
132	155	0.664043
132	158	0.672065
132	165	0.647852
132	166	0.646436
132	169	0.653374
132	170	0.673353
132	172	0.640496
132	173	0.609162
132	174	0.645702
132	176	0.644782
132	177	0.62445
132	178	0.651846
132	179	0.631196
132	180	0.639055
133	45	0.794278
133	57	2.23309
133	59	3.20325
133	69	0.689098
133	84	2.67164
133	108	0.769789
133	115	0.755249
133	116	0.781343
133	122	0.719676
133	128	1.59885
133	131	1.61623
133	140	0.737219
133	141	0.737454
133	146	1.74074
133	147	0.72557
133	149	0.695341
133	150	0.757582
133	151	0.739224
133	152	0.700855
133	153	0.684891
133	154	0.735168
133	155	0.714554
