1	53	1.1899
1	61	1.019
1	84	1.02347
1	85	1.03906
1	93	1.09208
1	112	1.08376
1	115	1.06713
1	122	1.16111
1	140	0.864971
1	156	0.994658
1	158	1.27435
1	174	1.25922
2	87	1.36398
2	96	1.43174
2	110	1.37703
2	117	1.33594
2	118	1.40801
2	119	1.32286
2	126	1.41235
2	140	0.496504
2	147	0.745448
2	156	0.773102
2	168	1.10287
2	171	1.01417
3	66	1.15666
3	88	1.19677
3	95	1.13492
3	97	1.26397
3	98	1.17183
3	100	1.26495
3	103	1.1935
3	104	1.19366
3	109	0.933541
3	136	0.921025
3	143	0.900969
3	172	0.980836
4	33	1.20381
4	37	1.21928
4	38	1.20669
4	47	1.16166
4	58	1.26147
4	60	1.22065
4	65	1.22054
4	107	1.11337
4	135	1.12006
4	137	0.649802
4	144	0.844686
4	145	1.1158
5	63	0.449432
5	80	0.143989
5	101	0.211105
5	114	0.320738
5	146	1.43457
5	169	1.20754
5	170	1.15482
5	171	1.22601
5	177	1.15637
5	178	1.15375
5	179	1.11941
5	180	1.1505
6	8	1.14891
6	17	1.14013
6	29	1.25987
6	49	1.2165
6	57	1.08144
6	71	1.22656
6	75	1.29903
6	90	0.383296
6	108	0.625096
6	125	1.27412
6	173	1.39202
6	175	1.37742
7	24	1.0984
7	43	1.04628
7	51	1.028
7	52	1.02669
7	54	1.13583
7	62	1.09458
7	70	1.04531
7	125	1.10885
7	135	0.962799
7	139	1.0551
7	154	1.59842
7	172	0.888545
8	6	1.14891
8	18	1.14012
8	19	1.15548
8	29	1.08812
8	49	1.04475
8	57	0.909689
8	71	1.05482
8	75	1.12728
8	131	0.961766
8	153	0.780336
8	156	1.02544
8	178	1.61751
9	31	1.10814
9	64	1.09251
9	73	1.06983
9	80	1.1074
9	86	1.10714
9	91	1.07441
9	99	1.13568
9	135	1.00514
9	156	0.989071
9	158	0.943312
9	172	0.930883
9	178	1.4937
10	59	1.13303
10	76	1.24455
10	79	1.25372
10	92	1.19277
10	94	1.1889
10	101	1.3395
10	105	1.22284
10	140	0.61522
10	143	0.606385
10	158	1.065
10	171	0.898069
10	176	1.66601
11	28	1.21476
11	33	1.20746
11	38	1.21034
11	47	1.16531
11	58	1.26511
11	60	1.2243
11	65	1.22418
11	68	0.341144
11	129	0.917026
11	131	1.10719
11	165	1.2468
11	174	1.16466
12	61	1.1571
12	84	1.16157
12	85	1.17716
12	93	1.23018
12	112	1.22185
12	115	1.20523
12	116	0.49705
12	122	1.29921
12	123	1.21201
12	146	0.593869
12	163	1.19674
12	179	1.79011
13	16	1.27702
13	36	1.21316
13	45	1.20764
13	50	1.18956
13	55	1.14783
13	63	1.262
13	109	1.10512
13	116	0.659903
13	139	1.20659
13	153	0.80067
13	155	1.21248
13	172	1.07503
14	44	1.17642
14	64	1.21968
14	73	1.197
14	80	1.23457
14	86	1.23431
14	91	1.20158
14	99	1.26285
14	102	0.872005
14	127	0.67613
14	141	1.22255
14	156	1.11624
14	160	0.984273
15	22	1.14626
15	27	1.09313
15	40	1.09182
15	41	1.05187
15	46	1.04105
15	72	1.06027
15	111	1.02662
15	128	1.07082
15	139	1.05994
15	141	1.06569
15	157	0.971111
15	173	1.41761
16	13	1.27702
16	36	1.19708
16	45	1.19156
16	50	1.17348
16	55	1.13175
16	63	1.24593
16	68	0.497623
16	139	1.19051
16	142	1.20063
16	162	0.804066
16	167	0.879209
16	176	1.77422
17	6	1.14013
17	18	1.13134
17	19	1.1467
17	29	1.07934
17	49	1.03597
17	57	0.90091
17	71	1.04604
17	75	1.1185
17	111	0.986584
17	113	1.02875
17	133	1.024
17	161	1.34746
18	8	1.14012
18	17	1.13134
18	19	1.31844
18	29	1.25108
18	49	1.20771
18	57	1.07265
18	71	1.21778
18	75	1.29025
18	130	0.779104
18	133	0.897746
18	140	0.807155
18	158	1.21653
19	8	1.15548
19	17	1.1467
19	18	1.31844
19	49	1.22307
19	57	1.08801
19	71	1.23313
19	75	1.3056
19	116	0.400439
19	131	1.14008
19	160	0.86164
19	169	1.04803
19	173	1.45183
20	67	1.08368
20	69	1.08368
20	89	1.08388
20	110	1.06608
20	117	1.02499
20	118	1.09706
20	119	1.01191
20	124	1.1093
20	126	1.1014
20	154	1.32769
20	169	0.850283
20	177	1.29403
21	66	1.15666
21	88	1.19677
21	95	1.13492
21	97	1.26397
21	98	1.17183
21	100	1.26495
21	103	1.1935
21	104	1.19366
21	106	0.519517
21	131	0.852329
21	145	0.770852
21	179	1.86186
22	15	1.14626
22	34	1.22738
22	40	1.23829
22	41	1.19834
22	46	1.18752
22	72	1.20674
22	139	1.20641
22	142	1.21652
22	145	0.732545
22	164	1.19183
22	167	0.679579
22	175	1.21651
23	36	1.23952
23	45	1.234
23	50	1.21591
23	55	1.17419
23	63	1.28836
23	82	0.98689
23	129	0.877691
23	139	1.23295
23	140	0.731073
23	142	1.24307
23	149	0.935989
23	165	1.20747
24	7	1.0984
24	30	1.18005
24	43	1.15457
24	51	1.13629
24	52	1.13498
24	54	1.24412
24	62	1.20288
24	70	1.1536
24	114	1.14729
24	124	0.656259
24	129	0.908955
24	132	1.2186
24	174	1.15658
25	34	0.355148
25	48	0.110967
25	49	0.429643
25	75	0.356951
25	162	1.23618
25	166	1.20036
25	171	1.19782
25	174	1.18707
25	175	1.13159
25	176	1.10682
25	178	1.12556
25	179	1.09122
25	180	1.12231
26	64	1.1709
26	80	1.18579
26	86	1.18553
26	91	1.1528
26	99	1.21407
26	116	1.19077
26	124	1.19566
26	137	0.403575
26	156	1.06746
26	158	1.0217
26	173	1.25658
26	174	0.70871
26	176	1.60007
27	15	1.09313
27	34	1.17425
27	40	1.18516
27	41	1.1452
27	46	1.13438
27	72	1.15361
27	116	1.20063
27	128	1.16415
27	142	1.16339
27	150	0.63133
27	157	0.840218
27	166	0.914047
27	176	1.6302
28	11	1.21476
28	33	1.1542
28	37	1.16968
28	38	1.15709
28	47	1.11206
28	58	1.21186
28	60	1.17104
28	65	1.17093
28	131	1.05394
28	137	0.357202
28	166	0.83754
28	176	1.55369
28	177	1.25015
29	6	1.25987
29	8	1.08812
29	17	1.07934
29	18	1.25108
29	49	1.15571
29	57	1.02065
29	71	1.16577
29	75	1.23824
29	113	1.14849
29	141	0.991705
29	162	0.716953
29	164	1.30435
29	168	1.00787
30	24	1.18005
30	43	1.12793
30	51	1.10965
30	52	1.10834
30	62	1.17624
30	68	1.32339
30	70	1.12696
30	114	1.12064
30	139	1.13675
30	161	0.710566
30	163	1.23771
30	169	0.834834
30	175	1.22404
31	9	1.10814
31	64	1.19069
31	73	1.16801
31	80	1.20558
31	81	0.528482
31	86	1.20532
31	91	1.17259
31	99	1.23386
31	130	0.678972
31	156	1.08725
31	158	1.04149
31	163	1.64821
31	174	1.10127
32	48	1.21829
32	59	1.06224
32	76	1.17376
32	79	1.18292
32	83	1.16105
32	92	1.12198
32	101	1.26871
32	105	1.15205
32	121	0.84705
32	142	1.12603
32	146	0.69251
32	167	1.11705
32	168	1.33283
33	4	1.20381
33	11	1.20746
33	28	1.1542
33	38	1.14978
33	47	1.10475
33	58	1.20455
33	60	1.16374
33	65	1.16362
33	131	1.04664
33	137	0.814994
33	140	0.905146
33	144	1.00988
33	162	1.22059
34	22	1.22738
34	25	0.355148
34	27	1.17425
34	40	1.17295
34	41	1.13299
34	46	1.12217
34	72	1.14139
34	128	1.15194
34	135	1.13817
34	139	1.14106
34	142	1.15118
34	143	0.984049
34	167	1.14866
35	42	1.10951
35	66	1.119
35	88	1.1591
35	95	1.09726
35	97	1.2263
35	98	1.13416
35	100	1.22728
35	103	1.15584
35	104	1.15599
35	113	0.737531
35	134	0.750399
35	163	1.4909
35	165	1.02611
36	13	1.21316
36	16	1.19708
36	23	1.23952
36	45	1.1277
36	50	1.10962
36	55	1.06789
36	63	1.18206
36	123	1.12995
36	142	1.13677
36	151	0.714982
36	164	1.42495
36	171	1.03977
36	172	0.827954
37	4	1.21928
37	28	1.16968
37	38	1.16525
37	47	1.12023
37	58	1.22003
37	60	1.17921
37	65	1.1791
37	90	0.705289
37	131	1.06211
37	145	1.07436
37	146	0.73794
37	161	1.18594
37	169	1.3102
38	4	1.20669
38	11	1.21034
38	28	1.15709
38	33	1.14978
38	37	1.16525
38	47	1.10763
38	60	1.16662
38	65	1.16651
38	145	1.06177
38	149	0.42114
38	163	1.15741
38	177	1.19828
38	180	1.2508
39	42	1.10951
39	66	1.119
39	88	1.1591
39	90	0.839625
39	95	1.09726
39	97	1.2263
39	98	1.13416
39	100	1.22728
39	103	1.15584
39	104	1.15599
39	130	0.878176
39	137	0.816075
39	171	1.42389
40	15	1.09182
40	22	1.23829
40	27	1.18516
40	34	1.17295
40	41	1.1439
40	46	1.13308
40	72	1.1523
40	111	1.11865
40	124	0.520398
40	128	1.16285
40	162	0.941925
40	172	0.932325
40	173	1.5686
41	15	1.05187
41	22	1.19834
41	27	1.1452
41	34	1.13299
41	40	1.1439
41	46	1.09312
41	72	1.11235
41	111	1.0787
41	113	0.754521
41	136	0.812745
41	139	1.11201
41	142	1.12213
41	154	1.58243
41	171	1.08437
42	35	1.10951
42	39	1.10951
42	66	1.07929
42	88	1.11939
42	95	1.05754
42	97	1.18659
42	98	1.09445
42	100	1.18757
42	103	1.11612
42	104	1.11628
42	152	0.763243
42	155	1.21232
42	156	1.04561
42	160	1.12094
43	7	1.04628
43	24	1.15457
43	30	1.12793
43	51	1.08417
43	52	1.08286
43	54	1.19201
43	62	1.15076
43	70	1.10148
43	81	0.504411
43	125	1.16502
43	139	1.11127
43	150	0.969685
43	163	1.62414
43	174	1.0772
44	14	1.17642
44	68	0.379259
44	73	1.10912
44	80	1.14669
44	86	1.14643
44	91	1.11369
44	99	1.17496
44	107	1.18194
44	116	1.15166
44	124	1.15656
44	137	0.718372
44	156	1.02836
44	158	0.982598
44	177	1.79058
45	13	1.20764
45	16	1.19156
45	23	1.234
45	36	1.1277
45	50	1.1041
45	55	1.06237
45	63	1.17655
45	82	0.875074
45	114	1.10503
45	138	0.725429
45	140	0.698111
45	142	1.13125
45	173	1.64023
45	174	1.09236
46	15	1.04105
46	22	1.18752
46	27	1.13438
46	34	1.12217
46	40	1.13308
46	41	1.09312
46	72	1.10153
46	77	0.66881
46	108	1.16607
46	116	1.14855
46	128	1.11207
46	142	1.11131
46	152	0.985104
46	172	1.29672
47	4	1.16166
47	11	1.16531
47	28	1.11206
47	33	1.10475
47	37	1.12023
47	38	1.10763
47	58	1.16241
47	60	1.12159
47	65	1.12148
47	127	0.56017
47	130	0.488336
47	141	1.10659
47	145	1.01674
47	179	2.05095
48	25	0.110967
48	32	1.21829
48	76	1.28029
48	79	1.28946
48	92	1.22852
48	94	1.22465
48	101	1.37524
48	105	1.25858
48	106	1.2471
48	107	0.887305
48	138	0.541205
48	158	1.10074
48	166	1.08334
48	180	1.54847
49	6	1.2165
49	8	1.04475
49	17	1.03597
49	18	1.20771
49	19	1.22307
49	25	0.429643
49	29	1.15571
49	57	0.977282
49	71	1.12241
49	75	1.19488
49	131	1.02936
49	134	1.03324
49	149	1.03748
49	171	1.35023
50	13	1.18956
50	16	1.17348
50	23	1.21591
50	36	1.10962
50	45	1.1041
50	55	1.04428
50	63	1.15846
50	109	1.00158
50	111	0.875063
50	114	1.08695
50	123	1.10635
50	147	1.07083
50	150	1.10862
50	156	1.09849
51	7	1.028
51	24	1.13629
51	30	1.10965
51	43	1.08417
51	52	1.06458
51	54	1.17372
51	62	1.13247
51	68	1.27963
51	70	1.0832
51	139	1.09298
51	145	1.10653
51	147	0.911911
51	158	1.07234
51	161	1.07701
52	7	1.02669
52	24	1.13498
52	30	1.10834
52	43	1.08286
52	51	1.06458
52	54	1.17241
52	62	1.13117
52	68	1.27832
52	70	1.08189
52	120	0.361826
52	139	1.09168
52	155	0.929515
52	164	1.38905
52	180	1.52079
53	1	1.1899
53	61	1.18776
53	82	0.993309
53	84	1.19223
53	93	1.26084
53	112	1.25252
53	115	1.23589
53	122	1.32987
53	123	1.24267
53	129	0.685508
53	145	0.982448
53	148	0.552921
53	156	1.16342
53	166	1.10834
53	178	1.40756
54	7	1.13583
54	24	1.24412
54	43	1.19201
54	51	1.17372
54	52	1.17241
54	62	1.24031
54	70	1.19103
54	106	0.598029
54	114	1.18472
54	125	1.25457
54	139	1.20082
54	147	0.899546
54	153	0.682095
54	162	0.966051
54	178	1.51927
55	13	1.14783
55	16	1.13175
55	23	1.17419
55	36	1.06789
55	45	1.06237
55	50	1.04428
55	63	1.11673
55	102	1.08362
55	107	1.21738
55	114	1.04522
55	123	1.06462
55	124	0.737882
55	139	1.06132
55	142	1.07144
55	158	1.25334
56	87	0.15165
56	95	0.250046
56	98	0.426822
56	103	0.25632
56	125	0.2384
56	165	1.26409
56	169	1.24447
56	170	1.19174
56	173	1.20213
56	175	1.19671
56	176	1.17194
56	177	1.1933
56	178	1.19068
56	179	1.15633
56	180	1.18742
57	6	1.08144
57	8	0.909689
57	17	0.90091
57	18	1.07265
57	19	1.08801
57	29	1.02065
57	49	0.977282
57	71	0.987346
57	75	1.05981
57	90	1.09598
57	113	0.970062
57	125	1.03491
57	131	0.894296
57	156	1.43918
57	162	1.47803
58	4	1.26147
58	11	1.26511
58	28	1.21186
58	33	1.20455
58	37	1.22003
58	47	1.16241
58	60	1.22139
58	65	1.22128
58	131	1.10429
58	145	1.11654
58	166	0.918151
58	167	0.739293
58	168	0.95507
58	171	0.866365
58	173	1.29082
59	10	1.13303
59	32	1.06224
59	76	1.12425
59	79	1.13341
59	83	1.11154
59	92	1.07247
59	94	1.0686
59	101	1.21919
59	105	1.10253
59	134	1.12263
59	137	0.831798
59	140	0.92195
59	142	1.07652
59	158	0.944692
59	166	1.4914
60	4	1.22065
60	11	1.2243
60	28	1.17104
60	33	1.16374
60	37	1.17921
60	38	1.16662
60	47	1.12159
60	58	1.22139
60	65	1.18046
60	108	0.507019
60	131	1.06347
60	145	1.07573
60	151	0.524697
60	160	0.683747
60	179	1.86638
60	180	1.3664
61	1	1.019
61	12	1.1571
61	53	1.18776
61	74	1.06037
61	84	1.02134
61	85	1.03693
61	93	1.08995
61	112	1.08162
61	115	1.065
61	116	0.902964
61	122	1.15898
61	141	0.974241
61	148	1.02627
61	151	1.20511
61	156	0.992526
61	161	1.42628
62	7	1.09458
62	24	1.20288
62	30	1.17624
62	43	1.15076
62	51	1.13247
62	52	1.13117
62	54	1.24031
62	70	1.14978
62	114	1.14347
62	125	1.21333
62	139	1.15957
62	144	0.614454
62	150	0.796456
62	159	1.22784
62	172	0.81557
62	177	1.49178
63	5	0.449432
63	13	1.262
63	16	1.24593
63	23	1.28836
63	36	1.18206
63	45	1.17655
63	50	1.15846
63	55	1.11673
63	82	0.929436
63	109	1.07403
63	120	0.87901
63	124	0.897316
63	139	1.1755
63	142	1.18561
63	148	1.01742
63	172	1.30924
64	9	1.09251
64	14	1.21968
64	26	1.1709
64	31	1.19069
64	73	1.15238
64	80	1.18995
64	86	1.18969
64	91	1.15695
64	99	1.21823
64	113	0.656148
64	124	1.19982
64	158	1.02586
64	159	1.18645
64	164	1.37118
64	171	0.986
64	172	0.774183
65	4	1.22054
65	11	1.22418
65	28	1.17093
65	33	1.16362
65	37	1.1791
65	38	1.16651
65	47	1.12148
65	58	1.22128
65	60	1.18046
65	81	0.450721
65	129	0.775878
65	131	1.06336
65	145	1.07561
65	158	1.03864
65	170	1.57441
65	174	1.02351
66	3	1.15666
66	21	1.15666
66	35	1.119
66	39	1.119
66	42	1.07929
66	88	1.12888
66	95	1.06703
66	97	1.19608
66	98	1.10393
66	100	1.19706
66	103	1.12561
66	104	1.12576
66	134	1.01001
66	145	1.25288
66	146	0.775375
66	152	0.803557
66	155	1.25263
67	20	1.08368
67	87	1.14269
67	89	1.17355
67	96	1.21045
67	110	1.15575
67	116	0.707242
67	117	1.11466
67	118	1.18672
67	119	1.10158
67	126	1.19106
67	128	1.15759
67	141	1.05248
67	145	1.07211
67	152	0.810748
67	156	1.09311
67	160	1.16844
67	165	1.29291
68	11	0.341144
68	16	0.497623
68	30	1.32339
68	44	0.379259
68	51	1.27963
68	52	1.27832
68	70	1.29694
68	91	0.457
68	95	1.26933
68	103	1.32791
68	104	1.32807
68	110	0.382016
68	117	0.370231
68	175	1.13698
68	178	1.13095
68	179	1.09661
68	180	1.1277
69	20	1.08368
69	87	1.14269
69	89	1.17355
69	96	1.21045
69	110	1.15575
69	117	1.11466
69	118	1.18672
69	119	1.10158
69	126	1.19106
69	128	1.15759
69	134	0.568932
69	141	1.05248
69	145	1.07211
69	147	0.617194
69	170	1.3134
69	178	1.23692
69	180	1.40283
70	7	1.04531
70	24	1.1536
70	30	1.12696
70	43	1.10148
70	51	1.0832
70	52	1.08189
70	54	1.19103
70	62	1.14978
70	68	1.29694
70	78	0.711788
70	114	1.09419
70	124	0.870687
70	125	1.16405
70	133	1.06736
70	139	1.1103
70	149	1.18168
70	156	1.25336
71	6	1.22656
71	8	1.05482
71	17	1.04604
71	18	1.21778
71	19	1.23313
71	29	1.16577
71	49	1.12241
71	57	0.987346
71	75	1.20494
71	113	1.11519
71	125	1.18003
71	129	0.60206
71	131	1.03942
71	136	0.70148
71	146	0.421493
71	170	1.40059
71	179	1.99001
72	15	1.06027
72	22	1.20674
72	27	1.15361
72	34	1.14139
72	40	1.1523
72	41	1.11235
72	46	1.10153
72	102	0.947742
72	111	1.0871
72	116	1.16777
72	124	0.602004
72	128	1.1313
72	139	1.12042
72	142	1.13054
72	152	0.702314
72	155	1.15139
72	170	1.65323
73	9	1.06983
73	14	1.197
73	31	1.16801
73	44	1.10912
73	64	1.15238
73	80	1.16727
73	86	1.16701
73	91	1.13427
73	99	1.19555
73	108	0.884203
73	116	1.17224
73	127	0.752789
73	144	0.813737
73	150	0.995739
73	156	1.04894
73	158	1.00318
73	177	1.69106
74	61	1.06037
74	81	0.517311
74	85	1.08043
74	87	1.10795
74	95	1.07458
74	98	1.11148
74	103	1.13316
74	104	1.13331
74	112	1.12512
74	115	1.10849
74	117	1.07991
74	119	1.06684
74	122	1.20248
74	126	1.15632
74	138	0.72317
74	153	0.727344
74	175	1.62337
74	180	1.73043
75	6	1.29903
75	8	1.12728
75	17	1.1185
75	18	1.29025
75	19	1.3056
75	25	0.356951
75	29	1.23824
75	49	1.19488
75	57	1.05981
75	71	1.20494
75	113	1.18766
75	125	1.2525
75	131	1.11189
75	140	0.75987
75	143	0.985851
75	153	0.791363
75	165	1.23626
75	174	1.15412
76	10	1.24455
76	32	1.17376
76	48	1.28029
76	59	1.12425
76	79	1.24493
76	83	1.22306
76	92	1.18399
76	94	1.18012
76	101	1.33071
76	105	1.21406
76	127	0.467682
76	142	1.18804
76	150	0.710632
76	154	1.43962
76	158	1.05621
76	162	0.739346
76	168	1.03027
76	175	1.35142
77	46	0.66881
77	94	0.309928
77	117	0.477433
77	119	0.407859
77	123	0.409847
77	148	1.32359
77	159	1.12997
77	162	1.1803
77	163	1.10296
77	170	1.07074
77	171	1.14193
77	173	1.08113
77	175	1.07571
77	176	1.05094
77	177	1.07229
77	178	1.06967
77	179	1.03533
77	180	1.06642
78	70	0.711788
78	79	0.0709669
78	104	0.186316
78	126	0.14916
78	139	0.402704
78	142	0.270064
78	162	1.28179
78	164	1.20145
78	171	1.24342
78	172	1.27514
78	173	1.18262
78	174	1.23267
78	175	1.1772
78	176	1.15242
78	177	1.17378
78	178	1.17116
78	179	1.13682
78	180	1.16791
79	10	1.25372
79	32	1.18292
79	48	1.28946
79	59	1.13341
79	76	1.24493
79	78	0.0709669
79	83	1.23223
79	92	1.19316
79	94	1.18928
79	101	1.33988
79	105	1.22322
79	109	1.08562
79	127	0.379729
79	131	0.86098
79	158	1.06538
79	168	0.942315
79	175	1.26347
79	179	1.87051
80	5	0.143989
80	9	1.1074
80	14	1.23457
80	26	1.18579
80	31	1.20558
80	44	1.14669
80	64	1.18995
80	73	1.16727
80	86	1.20458
80	91	1.17184
80	99	1.23312
80	111	0.751124
80	113	0.885763
80	124	1.21471
80	130	0.6699
80	156	1.08651
80	158	1.04075
80	159	1.41606
80	170	1.6431
81	31	0.528482
81	43	0.504411
81	65	0.450721
81	74	0.517311
81	103	0.586851
81	119	0.551381
81	144	1.33899
81	159	1.18457
81	167	1.22276
81	168	1.19723
81	169	1.17806
81	170	1.12534
81	171	1.19653
81	174	1.18578
81	176	1.10554
81	177	1.12689
81	178	1.12427
81	179	1.08993
81	180	1.12102
82	23	0.98689
82	45	0.875074
82	53	0.993309
82	63	0.929436
82	96	3.40224
82	102	0.884349
82	107	0.857947
82	112	0.88717
82	115	0.870544
82	122	0.964527
82	129	0.921173
82	132	0.84973
82	139	0.874024
82	141	0.779787
82	171	0.770507
82	177	0.700865
82	178	0.698245
82	179	0.663903
82	180	0.694993
83	32	1.16105
83	59	1.11154
83	76	1.22306
83	79	1.23223
83	92	1.17129
83	94	1.16742
83	101	1.31801
83	105	1.20135
83	106	1.18987
83	109	1.06375
83	111	1.1319
83	121	0.488742
83	132	0.824419
83	142	1.17534
83	157	0.863772
83	158	1.04351
83	159	1.08626
83	173	1.31027
83	177	1.35021
84	1	1.02347
84	12	1.16157
84	53	1.19223
84	61	1.02134
84	85	1.0414
84	93	1.09441
84	106	1.09759
84	115	1.06946
84	120	0.579329
84	122	1.16345
84	123	1.07624
84	125	1.1267
84	127	1.1476
84	141	0.978706
84	151	0.896589
84	156	0.996991
84	158	1.11309
84	163	1.6449
84	168	1.31008
85	1	1.03906
85	12	1.17716
85	61	1.03693
85	74	1.08043
85	84	1.0414
85	93	1.11001
85	106	1.11319
85	112	1.10168
85	113	1.07745
85	115	1.08506
85	122	1.17904
85	125	1.14229
85	132	1.12682
85	141	0.994301
85	143	0.896534
85	151	0.863429
85	156	1.01259
85	159	1.38867
85	168	1.27692
86	9	1.10714
86	14	1.23431
86	26	1.18553
86	31	1.20532
86	44	1.14643
86	64	1.18969
86	73	1.16701
86	80	1.20458
86	91	1.17158
86	99	1.23286
86	109	0.95466
86	116	1.20955
86	127	0.73989
86	130	0.668056
86	144	0.800838
86	146	0.662156
86	156	1.08625
86	158	1.04049
86	176	1.98171
87	2	1.36398
87	56	0.15165
87	67	1.14269
87	69	1.14269
87	74	1.10795
87	89	1.1429
87	96	1.1798
87	110	1.12509
87	117	1.084
87	118	1.15607
87	119	1.07092
87	126	1.16041
87	127	1.19072
87	128	1.12694
87	131	1.18576
87	138	0.68804
87	145	1.04146
87	162	0.97617
87	169	1.19904
87	178	1.52939
88	3	1.19677
88	21	1.19677
88	35	1.1591
88	39	1.1591
88	42	1.11939
88	66	1.12888
88	95	1.10714
88	97	1.23618
88	98	1.14404
88	100	1.23716
88	103	1.16572
88	104	1.16587
88	128	1.15541
88	132	0.966963
88	133	0.601287
88	149	0.715611
88	155	0.954001
88	156	0.787293
88	176	1.7963
89	20	1.08388
89	67	1.17355
89	69	1.17355
89	87	1.1429
89	96	1.21066
89	106	0.486805
89	110	1.15595
89	117	1.11486
89	118	1.18693
89	119	1.10178
89	121	0.659969
89	123	1.15022
89	124	1.19917
89	126	1.19127
89	132	0.995646
89	141	1.05268
89	145	1.07232
89	170	1.48453
89	174	0.933626
89	175	1.4669
90	6	0.383296
90	37	0.705289
90	39	0.839625
90	57	1.09598
90	112	0.627377
90	135	1.1574
90	164	1.05898
90	165	1.10211
90	166	1.10349
90	169	1.08248
90	170	1.02976
90	171	1.10095
90	172	1.13267
90	173	1.04015
90	174	1.0902
90	175	1.03472
90	176	1.00995
90	178	1.02869
90	179	0.994347
90	180	1.02544
91	9	1.07441
91	14	1.20158
91	26	1.1528
91	31	1.17259
91	44	1.11369
91	64	1.15695
91	68	0.457
91	73	1.13427
91	80	1.17184
91	86	1.17158
91	99	1.20012
91	116	1.17682
91	120	0.761881
91	124	1.18171
91	129	1.03288
91	146	0.852314
91	147	1.13521
91	156	1.05352
91	158	1.00776
91	166	1.45571
92	10	1.19277
92	32	1.12198
92	48	1.22852
92	59	1.07247
92	76	1.18399
92	79	1.19316
92	83	1.17129
92	94	1.12834
92	101	1.27894
92	105	1.16228
92	109	1.02468
92	111	1.09283
92	121	0.774883
92	142	1.13627
92	147	0.903236
92	149	0.859208
92	152	0.648524
92	158	1.00444
92	166	1.22374
92	180	1.68887
93	1	1.09208
93	12	1.23018
93	53	1.26084
93	61	1.08995
93	84	1.09441
93	85	1.11001
93	112	1.1547
93	113	1.13047
93	115	1.13807
93	120	0.519975
93	122	1.23206
93	123	1.14486
93	125	1.19531
93	141	1.04732
93	151	0.837235
93	152	0.638591
93	155	1.08766
93	156	1.0656
93	159	1.36247
93	177	1.62642
94	10	1.1889
94	48	1.22465
94	59	1.0686
94	76	1.18012
94	77	0.309928
94	79	1.18928
94	83	1.16742
94	92	1.12834
94	101	1.27507
94	105	1.15841
94	106	1.14693
94	109	1.02081
94	111	1.08896
94	121	0.752581
94	142	1.1324
94	157	1.12761
94	158	1.00057
94	162	0.947439
94	165	1.10838
94	178	1.50066
95	3	1.13492
95	21	1.13492
95	35	1.09726
95	39	1.09726
95	42	1.05754
95	56	0.250046
95	66	1.06703
95	68	1.26933
95	74	1.07458
95	88	1.10714
95	97	1.17434
95	98	1.08219
95	100	1.17532
95	103	1.10387
95	104	1.10402
95	128	1.09357
95	145	1.20268
95	148	0.773149
95	157	1.25474
95	169	1.29743
95	174	1.15337
96	2	1.43174
96	67	1.21045
96	69	1.21045
96	82	3.40224
96	87	1.1798
96	89	1.21066
96	110	1.19285
96	114	1.16772
96	117	1.15176
96	118	1.22383
96	119	1.13868
96	126	1.22817
96	127	1.25848
96	133	0.544858
96	141	1.08958
96	145	1.10922
96	148	0.353754
96	156	0.484411
96	165	0.375471
96	171	0.416744
96	180	0.933658
97	3	1.26397
97	21	1.26397
97	35	1.2263
97	39	1.2263
97	42	1.18659
97	66	1.19608
97	88	1.23618
97	95	1.17434
97	98	1.21124
97	100	1.30436
97	103	1.23292
97	104	1.23307
97	124	0.406119
97	128	1.22262
97	131	1.03723
97	149	0.717113
97	152	0.506429
97	171	1.02986
97	174	0.906444
97	176	1.7978
98	3	1.17183
98	21	1.17183
98	35	1.13416
98	39	1.13416
98	42	1.09445
98	56	0.426822
98	66	1.10393
98	74	1.11148
98	88	1.14404
98	95	1.08219
98	97	1.21124
98	100	1.21222
98	103	1.14077
98	104	1.14093
98	116	0.82662
98	128	1.13047
98	134	1.13658
98	146	0.901944
98	153	0.967387
98	157	1.43152
99	9	1.13568
99	14	1.26285
99	26	1.21407
99	31	1.23386
99	44	1.17496
99	64	1.21823
99	73	1.19555
99	80	1.23312
99	86	1.23286
99	91	1.20012
99	116	1.23809
99	124	1.24299
99	133	0.577505
99	136	0.73295
99	138	0.514232
99	150	0.773647
99	153	0.518406
99	156	1.11479
99	158	1.06903
99	177	1.46897
99	179	2.02148
100	3	1.26495
100	21	1.26495
100	35	1.22728
100	39	1.22728
100	42	1.18757
100	66	1.19706
100	88	1.23716
100	95	1.17532
100	97	1.30436
100	98	1.21222
100	103	1.23389
100	104	1.23405
100	106	0.653993
100	128	1.22359
100	133	0.797158
100	138	0.733885
100	152	0.700798
100	160	1.05849
100	167	1.09716
100	169	1.24488
101	5	0.211105
101	10	1.3395
101	32	1.26871
101	48	1.37524
101	59	1.21919
101	76	1.33071
101	79	1.33988
101	83	1.31801
101	92	1.27894
101	94	1.27507
101	105	1.309
101	106	1.29752
101	127	0.808851
101	130	0.737016
101	142	1.28299
101	143	0.991048
101	144	0.869799
101	148	0.779097
101	158	1.15116
101	160	1.11699
101	172	1.07092
102	14	0.872005
102	55	1.08362
102	72	0.947742
102	82	0.884349
102	119	0.96958
102	143	1.12803
102	161	1.05074
102	164	0.984916
102	166	1.02943
102	169	1.00842
102	170	0.955697
102	171	1.02689
102	172	1.05861
102	173	0.966086
102	174	1.01614
102	175	0.960665
102	176	0.935894
102	177	0.95725
102	178	0.95463
102	179	0.920287
102	180	0.951378
103	3	1.1935
103	21	1.1935
103	35	1.15584
103	39	1.15584
103	42	1.11612
103	56	0.25632
103	66	1.12561
103	68	1.32791
103	74	1.13316
103	81	0.586851
103	88	1.16572
103	95	1.10387
103	97	1.23292
103	98	1.14077
103	100	1.23389
103	104	1.1626
103	120	0.641008
103	128	1.15215
103	138	0.79271
103	141	1.35559
103	161	1.17944
103	169	1.30371
104	3	1.19366
104	21	1.19366
104	35	1.15599
104	39	1.15599
104	42	1.11628
104	66	1.12576
104	68	1.32807
104	74	1.13331
104	78	0.186316
104	88	1.16587
104	95	1.10402
104	97	1.23307
104	98	1.14093
104	100	1.23405
104	103	1.1626
104	128	1.1523
104	143	0.677275
104	146	0.417344
104	166	1.02074
104	175	1.37882
104	178	1.31996
104	180	1.48587
105	10	1.22284
105	32	1.15205
105	48	1.25858
105	59	1.10253
105	76	1.21406
105	79	1.22322
105	83	1.20135
105	92	1.16228
105	94	1.15841
105	101	1.309
105	106	1.18086
105	109	1.05475
105	111	1.1229
105	120	0.511751
105	127	0.679918
105	142	1.16633
105	148	0.650165
105	151	0.829011
105	154	1.65185
105	158	1.0345
105	160	0.988061
105	164	1.53898
106	21	0.519517
106	48	1.2471
106	54	0.598029
106	83	1.18987
106	84	1.09759
106	85	1.11319
106	89	0.486805
106	94	1.14693
106	100	0.653993
106	101	1.29752
106	105	1.18086
106	112	1.15788
106	114	0.822126
106	115	1.14125
106	119	0.677347
106	122	1.23524
106	169	1.02274
106	176	0.950218
106	177	0.971573
106	178	0.968954
106	179	0.934611
106	180	0.965701
107	4	1.11337
107	44	1.18194
107	48	0.887305
107	55	1.21738
107	82	0.857947
107	147	1.10021
107	148	1.18214
107	154	0.969031
107	161	1.02434
107	165	1.00165
107	168	1.00118
107	169	0.982017
107	170	0.929295
107	171	1.00049
107	172	1.03221
107	174	0.989738
107	175	0.934264
107	176	0.909493
107	177	0.930848
107	178	0.928228
107	179	0.893886
107	180	0.924976
108	6	0.625096
108	46	1.16607
108	60	0.507019
108	73	0.884203
108	112	0.869177
108	138	1.21845
108	152	1.20565
108	154	1.01937
108	161	1.07468
108	165	1.05199
108	166	1.05337
108	169	1.03236
108	170	0.979635
108	171	1.05083
108	172	1.08255
108	173	0.990024
108	175	0.984604
108	176	0.959832
108	177	0.981188
108	178	0.978568
108	179	0.944225
108	180	0.975316
109	3	0.933541
109	13	1.10512
109	50	1.00158
109	63	1.07403
109	79	1.08562
109	83	1.06375
109	86	0.95466
109	92	1.02468
109	94	1.02081
109	105	1.05475
109	114	1.00251
109	117	1.05805
109	125	1.00603
109	139	1.01862
109	151	1.01471
109	159	0.903137
109	167	0.941322
109	168	0.91579
109	173	0.854293
109	176	0.824101
109	178	0.842837
109	179	0.808494
109	180	0.839585
110	2	1.37703
110	20	1.06608
110	67	1.15575
110	68	0.382016
110	69	1.15575
110	87	1.12509
110	89	1.15595
110	96	1.19285
110	111	0.864454
110	113	0.999093
110	114	1.11301
110	117	1.09706
110	118	1.16912
110	119	1.08398
110	123	1.13241
110	126	1.17346
110	127	1.20378
110	128	1.13999
110	132	1.26755
110	138	0.838599
110	145	1.05451
110	151	1.00416
110	157	1.3069
111	15	1.02662
111	17	0.986584
111	40	1.11865
111	41	1.0787
111	50	0.875063
111	72	1.0871
111	80	0.751124
111	83	1.1319
111	92	1.09283
111	94	1.08896
111	105	1.1229
111	110	0.864454
111	123	0.785083
111	139	1.08677
111	142	1.09688
111	158	0.965056
111	163	0.94428
111	172	1.01497
111	173	0.922445
111	177	0.913608
111	178	0.910989
111	179	0.876646
111	180	0.907736
112	1	1.08376
112	12	1.22185
112	53	1.25252
112	61	1.08162
112	74	1.12512
112	82	0.88717
112	85	1.10168
112	90	0.627377
112	93	1.1547
112	106	1.15788
112	108	0.869177
112	113	1.12214
112	115	1.12975
112	122	1.22373
112	123	1.13653
112	125	1.18698
112	127	1.20789
112	141	1.03899
112	144	0.798711
112	153	0.725472
112	156	1.05728
112	162	1.00943
112	168	1.30035
112	171	1.21164
113	17	1.02875
113	29	1.14849
113	35	0.737531
113	41	0.754521
113	57	0.970062
113	64	0.656148
113	71	1.11519
113	75	1.18766
113	80	0.885763
113	85	1.07745
113	93	1.13047
113	110	0.999093
113	112	1.12214
113	115	1.10551
113	122	1.1995
113	125	1.16275
113	126	0.601951
113	156	1.03304
113	158	0.987283
113	172	1.03719
113	174	0.994726
113	177	0.935836
113	178	0.933216
113	179	0.898873
113	180	0.929964
114	5	0.320738
114	24	1.14729
114	30	1.12064
114	45	1.10503
114	50	1.08695
114	54	1.18472
114	55	1.04522
114	62	1.14347
114	70	1.09419
114	96	1.16772
114	106	0.822126
114	109	1.00251
114	110	1.11301
114	117	1.07192
114	118	1.14399
114	119	1.05884
114	123	1.10728
114	125	1.15774
114	126	1.14833
114	137	0.784548
114	142	1.1141
114	152	0.868931
114	165	1.35109
114	167	1.26529
114	174	1.26895
115	1	1.06713
115	12	1.20523
115	53	1.23589
115	61	1.065
115	74	1.10849
115	82	0.870544
115	84	1.06946
115	85	1.08506
115	93	1.13807
115	106	1.14125
115	112	1.12975
115	113	1.10551
115	122	1.20711
115	123	1.1199
115	125	1.17036
115	127	1.19126
115	130	0.637434
115	141	1.02237
115	146	0.631534
115	149	0.8704
115	156	1.04065
115	158	1.07486
115	160	1.01741
115	164	1.56833
115	175	1.59301
116	12	0.49705
116	13	0.659903
116	19	0.400439
116	26	1.19077
116	27	1.20063
116	44	1.15166
116	46	1.14855
116	61	0.902964
116	67	0.707242
116	72	1.16777
116	73	1.17224
116	86	1.20955
116	91	1.17682
116	98	0.82662
116	99	1.23809
116	117	0.690221
116	139	1.16744
116	142	1.17755
116	156	1.09148
116	175	0.997693
116	176	0.972922
116	177	0.994278
116	178	0.991658
116	179	0.957315
116	180	0.988406
117	2	1.33594
117	20	1.02499
117	67	1.11466
117	68	0.370231
117	69	1.11466
117	74	1.07991
117	77	0.477433
117	87	1.084
117	89	1.11486
117	96	1.15176
117	109	1.05805
117	110	1.09706
117	114	1.07192
117	116	0.690221
117	118	1.12803
117	119	1.04289
117	123	1.09132
117	124	1.14027
117	126	1.13237
117	127	1.16268
117	128	1.0989
117	131	1.32453
117	133	0.890087
117	135	1.1796
117	141	0.993787
118	2	1.40801
118	20	1.09706
118	67	1.18672
118	69	1.18672
118	87	1.15607
118	89	1.18693
118	96	1.22383
118	110	1.16912
118	114	1.14399
118	117	1.12803
118	119	1.11495
118	121	0.777054
118	123	1.16339
118	124	1.21234
118	126	1.20444
118	127	1.23475
118	137	0.566312
118	141	1.06585
118	145	1.08549
118	148	0.670494
118	149	0.861379
118	153	0.687956
118	167	1.04706
118	177	1.63852
118	178	1.52513
119	2	1.32286
119	20	1.01191
119	67	1.10158
119	69	1.10158
119	74	1.06684
119	77	0.407859
119	81	0.551381
119	87	1.07092
119	89	1.10178
119	96	1.13868
119	102	0.96958
119	106	0.677347
119	110	1.08398
119	114	1.05884
119	117	1.04289
119	118	1.11495
119	123	1.07825
119	124	1.12719
119	126	1.1193
119	127	1.14961
119	128	1.08583
119	141	0.980709
119	144	0.834653
119	145	1.00034
119	167	1.12051
119	173	1.67204
120	52	0.361826
120	63	0.87901
120	84	0.579329
120	91	0.761881
120	93	0.519975
120	103	0.641008
120	105	0.511751
120	123	0.607526
120	138	1.32608
120	143	1.2596
120	147	1.25817
120	159	1.14649
120	160	1.20412
120	163	1.11948
120	165	1.15961
120	167	1.18468
120	168	1.15914
120	169	1.13998
120	171	1.15845
120	173	1.09765
120	174	1.1477
120	175	1.09223
120	176	1.06746
120	177	1.08881
120	178	1.08619
120	180	1.08294
121	32	0.84705
121	83	0.488742
121	89	0.659969
121	92	0.774883
121	94	0.752581
121	118	0.777054
121	126	0.534728
121	151	1.20504
121	152	1.26025
121	153	1.27548
121	164	1.06345
121	165	1.10658
121	166	1.10797
121	168	1.10612
121	169	1.08696
121	170	1.03423
121	171	1.10543
121	172	1.13714
121	173	1.04462
121	174	1.09468
121	175	1.0392
121	176	1.01443
121	177	1.03579
121	178	1.03317
121	179	0.998824
121	180	1.02991
122	1	1.16111
122	12	1.29921
122	53	1.32987
122	61	1.15898
122	74	1.20248
122	82	0.964527
122	84	1.16345
122	85	1.17904
122	93	1.23206
122	106	1.23524
122	112	1.22373
122	113	1.1995
122	115	1.20711
122	123	1.21389
122	125	1.26434
122	127	1.28525
122	136	0.754549
122	141	1.11635
122	144	0.613244
122	145	0.95207
122	150	0.795246
122	153	0.540005
122	156	1.13463
122	157	1.00413
122	164	1.41135
122	170	1.45366
122	171	1.02618
123	12	1.21201
123	36	1.12995
123	50	1.10635
123	53	1.24267
123	55	1.06462
123	77	0.409847
123	84	1.07624
123	89	1.15022
123	93	1.14486
123	110	1.13241
123	111	0.785083
123	112	1.13653
123	114	1.10728
123	115	1.1199
123	117	1.09132
123	118	1.16339
123	119	1.07825
123	120	0.607526
123	122	1.21389
123	126	1.16773
123	139	1.12338
123	142	1.1335
123	143	0.95789
123	148	0.74594
123	150	1.01864
123	151	0.924786
123	170	1.67706
124	20	1.1093
124	24	0.656259
124	26	1.19566
124	40	0.520398
124	44	1.15656
124	55	0.737882
124	63	0.897316
124	64	1.19982
124	70	0.870687
124	72	0.602004
124	80	1.21471
124	89	1.19917
124	91	1.18171
124	97	0.406119
124	99	1.24299
124	117	1.14027
124	118	1.21234
124	119	1.12719
124	126	1.21668
124	139	0.561604
124	158	1.05062
124	162	1.10718
124	163	1.02984
124	170	0.997619
124	174	1.05806
124	178	0.996552
124	179	0.96221
124	180	0.9933
125	6	1.27412
125	7	1.10885
125	43	1.16502
125	54	1.25457
125	56	0.2384
125	57	1.03491
125	62	1.21333
125	70	1.16405
125	71	1.18003
125	75	1.2525
125	84	1.1267
125	85	1.14229
125	93	1.19531
125	109	1.00603
125	112	1.18698
125	113	1.16275
125	114	1.15774
125	115	1.17036
125	122	1.26434
125	127	1.2485
125	131	1.08698
125	136	0.993509
125	137	0.657321
125	146	0.713522
125	153	0.778965
125	158	1.15685
125	167	1.13806
125	169	1.28579
126	2	1.41235
126	20	1.1014
126	67	1.19106
126	69	1.19106
126	74	1.15632
126	78	0.14916
126	87	1.16041
126	89	1.19127
126	96	1.22817
126	110	1.17346
126	113	0.601951
126	114	1.14833
126	117	1.13237
126	118	1.20444
126	119	1.1193
126	121	0.534728
126	123	1.16773
126	124	1.21668
126	127	1.23909
126	128	1.17531
126	131	0.939173
126	135	0.79424
126	136	0.660175
126	141	1.0702
126	145	1.08983
126	159	1.13225
126	169	0.952452
126	179	1.9487
127	14	0.67613
127	47	0.56017
127	73	0.752789
127	76	0.467682
127	79	0.379729
127	84	1.1476
127	86	0.73989
127	87	1.19072
127	96	1.25848
127	101	0.808851
127	105	0.679918
127	110	1.20378
127	112	1.20789
127	115	1.19126
127	117	1.16268
127	118	1.23475
127	119	1.14961
127	122	1.28525
127	125	1.2485
127	126	1.23909
127	141	1.10051
127	142	0.578826
127	156	1.11879
127	167	1.11745
127	174	1.08048
127	175	1.025
127	176	1.00023
127	177	1.02159
127	179	0.984623
127	180	1.01571
128	15	1.07082
128	27	1.16415
128	34	1.15194
128	40	1.16285
128	46	1.11207
128	67	1.15759
128	69	1.15759
128	72	1.1313
128	87	1.12694
128	88	1.15541
128	95	1.09357
128	97	1.22262
128	98	1.13047
128	100	1.22359
128	103	1.15215
128	104	1.1523
128	110	1.13999
128	117	1.0989
128	119	1.08583
128	126	1.17531
128	134	0.778212
128	136	0.823567
128	139	1.13096
128	152	0.571762
128	161	0.991577
128	166	1.14698
128	167	0.968123
128	172	0.883379
128	175	1.50505
128	178	1.4462
129	11	0.917026
129	23	0.877691
129	24	0.908955
129	53	0.685508
129	65	0.775878
129	71	0.60206
129	82	0.921173
129	91	1.03288
129	133	1.21142
129	136	1.19865
129	153	1.23377
129	154	1.03226
129	155	1.10628
129	157	1.09249
129	162	1.10208
129	166	1.06626
129	168	1.06441
129	169	1.04524
129	170	0.99252
129	171	1.06372
129	172	1.09543
129	173	1.00291
129	174	1.05296
129	175	0.997489
129	176	0.972718
129	177	0.994073
129	178	0.991453
129	179	0.957111
129	180	0.988201
130	18	0.779104
130	31	0.678972
130	39	0.878176
130	47	0.488336
130	80	0.6699
130	86	0.668056
130	101	0.737016
130	115	0.637434
130	136	1.25796
130	142	0.506992
130	151	1.22263
130	152	1.27784
130	154	1.09156
130	159	1.11106
130	161	1.14687
130	162	1.16139
130	163	1.08405
130	164	1.08105
130	166	1.12556
130	167	1.14924
130	169	1.10455
130	170	1.05183
130	171	1.12302
130	172	1.15474
130	173	1.06222
130	174	1.11227
130	175	1.05679
130	176	1.03202
130	177	1.05338
130	178	1.05076
130	179	1.01642
130	180	1.04751
131	8	0.961766
131	11	1.10719
131	19	1.14008
131	21	0.852329
131	28	1.05394
131	33	1.04664
131	37	1.06211
131	49	1.02936
131	57	0.894296
131	58	1.10429
131	60	1.06347
131	65	1.06336
131	71	1.03942
131	75	1.11189
131	79	0.86098
131	87	1.18576
131	97	1.03723
131	117	1.32453
131	125	1.08698
131	126	0.939173
131	141	0.938992
131	145	0.958626
131	150	1.0354
131	166	0.932252
131	170	0.858517
131	171	0.929712
131	172	0.961429
131	175	0.863485
131	178	0.85745
131	179	0.823107
131	180	0.854198
132	24	1.2186
132	82	0.84973
132	83	0.824419
132	85	1.12682
132	88	0.966963
132	89	0.995646
132	110	1.26755
132	133	1.13997
132	135	1.04872
132	136	1.12721
132	147	1.09199
132	154	0.960814
132	155	1.03484
132	159	0.98031
132	160	1.03794
132	161	1.01612
132	162	1.03064
132	163	0.953302
132	164	0.950297
132	166	0.994812
132	167	1.0185
132	168	0.992963
132	169	0.9738
132	170	0.921077
132	171	0.992272
132	173	0.931467
132	174	0.981521
132	176	0.901275
132	177	0.92263
132	178	0.920011
132	179	0.885668
132	180	0.916758
133	17	1.024
133	18	0.897746
133	70	1.06736
133	88	0.601287
133	96	0.544858
133	99	0.577505
133	100	0.797158
133	117	0.890087
133	129	1.21142
133	132	1.13997
133	138	1.22837
133	146	1.26931
133	149	1.18718
133	155	1.10332
133	159	1.04879
133	163	1.02178
133	164	1.01878
133	165	1.06191
133	166	1.06329
133	167	1.08698
133	168	1.06144
133	170	0.989556
133	171	1.06075
133	172	1.09247
133	173	0.999946
133	174	1.05
133	175	0.994525
133	176	0.969754
133	177	0.99111
133	178	0.98849
133	179	0.954147
133	180	0.985238
134	35	0.750399
134	49	1.03324
134	59	1.12263
134	66	1.01001
134	69	0.568932
134	98	1.13658
134	128	0.778212
134	143	1.1309
134	149	1.15619
134	153	1.19981
134	154	0.998302
134	157	1.05853
134	158	1.01157
134	160	1.07543
134	161	1.05361
134	162	1.06813
134	163	0.99079
134	164	0.987785
134	165	1.03092
134	166	1.0323
134	168	1.03045
134	170	0.958565
134	171	1.02976
134	172	1.06148
134	173	0.968955
134	174	1.01901
134	175	0.963534
134	176	0.938763
134	177	0.960118
134	178	0.957499
134	179	0.923156
134	180	0.954246
135	4	1.12006
135	7	0.962799
135	9	1.00514
135	34	1.13817
135	90	1.1574
135	117	1.1796
135	126	0.79424
135	132	1.04872
135	146	1.17806
135	149	1.09593
135	150	1.07519
135	151	1.06911
135	152	1.12432
135	153	1.13955
135	161	0.993347
135	163	0.930527
135	164	0.927522
135	165	0.970653
135	166	0.972038
135	168	0.970189
135	169	0.951025
135	171	0.969498
135	172	1.00121
135	173	0.908692
135	174	0.958746
135	175	0.903272
135	176	0.878501
135	177	0.899856
135	178	0.897236
135	179	0.862894
135	180	0.893984
136	3	0.921025
136	41	0.812745
136	71	0.70148
136	99	0.73295
136	122	0.754549
136	125	0.993509
136	126	0.660175
136	128	0.823567
136	129	1.19865
136	130	1.25796
136	132	1.12721
136	138	1.21561
136	146	1.25654
136	153	1.21804
136	154	1.01653
136	159	1.03602
136	161	1.07183
136	162	1.08635
136	165	1.04914
136	167	1.07421
136	168	1.04868
136	169	1.02951
136	170	0.976789
136	172	1.0797
136	173	0.987179
136	174	1.03723
136	175	0.981758
136	176	0.956987
136	177	0.978342
136	178	0.975723
136	179	0.94138
136	180	0.97247
137	4	0.649802
137	26	0.403575
137	28	0.357202
137	33	0.814994
137	39	0.816075
137	44	0.718372
137	59	0.831798
137	114	0.784548
137	118	0.566312
137	125	0.657321
137	151	1.26253
137	154	1.13147
137	155	1.20549
137	157	1.1917
137	160	1.20859
137	161	1.18677
137	163	1.12395
137	164	1.12095
137	165	1.16408
137	166	1.16547
137	167	1.18915
137	168	1.16362
137	169	1.14445
137	171	1.16293
137	172	1.19464
137	173	1.10212
137	174	1.15217
137	175	1.0967
137	176	1.07193
137	177	1.09328
137	178	1.09066
137	179	1.05632
137	180	1.08741
138	45	0.725429
138	48	0.541205
138	74	0.72317
138	87	0.68804
138	99	0.514232
138	100	0.733885
138	103	0.79271
138	108	1.21845
138	110	0.838599
138	120	1.32608
138	133	1.22837
138	136	1.21561
138	139	0.695
138	143	1.18181
138	147	1.18039
138	152	1.23549
138	157	1.10944
138	160	1.12634
138	164	1.0387
138	166	1.08321
138	168	1.08136
138	169	1.0622
138	170	1.00948
138	171	1.08067
138	172	1.11239
138	173	1.01987
138	174	1.06992
138	175	1.01445
138	176	0.989674
138	177	1.01103
138	178	1.00841
138	179	0.974067
138	180	1.00516
139	7	1.0551
139	13	1.20659
139	15	1.05994
139	16	1.19051
139	22	1.20641
139	23	1.23295
139	30	1.13675
139	34	1.14106
139	41	1.11201
139	43	1.11127
139	51	1.09298
139	52	1.09168
139	54	1.20082
139	55	1.06132
139	62	1.15957
139	63	1.1755
139	70	1.1103
139	72	1.12042
139	78	0.402704
139	82	0.874024
139	109	1.01862
139	111	1.08677
139	116	1.16744
139	123	1.12338
139	124	0.561604
139	128	1.13096
139	138	0.695
139	141	1.25788
139	142	1.1302
139	147	0.916625
139	148	0.681713
139	161	1.08173
139	165	1.14407
139	172	0.97353
139	180	1.70226
140	1	0.864971
140	2	0.496504
140	10	0.61522
140	18	0.807155
140	23	0.731073
140	33	0.905146
140	45	0.698111
140	59	0.92195
140	75	0.75987
140	148	1.26909
140	150	1.19313
140	152	1.24226
140	154	1.05598
140	157	1.11621
140	160	1.13311
140	161	1.11129
140	162	1.12581
140	163	1.04847
140	164	1.04546
140	165	1.0886
140	166	1.08998
140	167	1.11366
140	168	1.08813
140	169	1.06897
140	170	1.01624
140	171	1.08744
140	172	1.11916
140	173	1.02663
140	174	1.07669
140	175	1.02121
140	177	1.0178
140	178	1.01518
140	179	0.980836
140	180	1.01193
141	14	1.22255
141	15	1.06569
141	29	0.991705
141	47	1.10659
141	61	0.974241
141	67	1.05248
141	69	1.05248
141	82	0.779787
141	84	0.978706
141	85	0.994301
141	89	1.05268
141	93	1.04732
141	96	1.08958
141	103	1.35559
141	112	1.03899
141	115	1.02237
141	117	0.993787
141	118	1.06585
141	119	0.980709
141	122	1.11635
141	126	1.0702
141	127	1.10051
141	131	0.938992
141	139	1.25788
141	164	0.880354
141	165	0.923484
141	166	0.92487
141	172	0.954046
141	174	0.911578
141	175	0.856103
141	176	0.831332
141	177	0.852687
141	178	0.850068
141	179	0.815725
141	180	0.846815
142	16	1.20063
142	22	1.21652
142	23	1.24307
142	27	1.16339
142	32	1.12603
142	34	1.15118
142	36	1.13677
142	41	1.12213
142	45	1.13125
142	46	1.11131
142	55	1.07144
