1	23	0.912002
1	60	1.47251
1	90	0.887797
1	113	0.896486
1	116	0.900644
1	136	0.886464
1	143	0.891784
1	155	1.08668
1	167	0.916138
1	170	1.11032
1	172	0.908685
1	178	1.13618
2	62	1.52999
2	143	0.784663
2	151	1.69083
2	162	0.806911
2	166	1.57323
2	167	0.809018
2	170	0.810715
2	172	0.801565
2	175	0.794839
2	176	0.797973
2	178	0.803588
2	180	0.790729
3	147	0.887656
3	151	1.23239
3	163	0.909867
3	168	1.1537
3	169	0.90459
3	170	0.910724
3	172	1.21763
3	174	1.18975
3	175	0.894848
3	176	0.897982
3	178	0.903598
3	180	0.890739
4	12	0.928371
4	28	1.17411
4	37	0.877476
4	80	0.941944
4	109	0.884465
4	143	0.876061
4	157	1.22076
4	162	0.898308
4	163	1.20268
4	167	0.900415
4	170	1.21165
4	172	0.892962
5	13	1.73242
5	96	1.58981
5	147	0.784923
5	149	0.813242
5	155	0.817101
5	165	1.47195
5	170	0.807991
5	171	0.800512
5	175	0.792115
5	176	0.795249
5	178	0.800864
5	180	0.788006
6	33	0.819799
6	37	0.784438
6	69	0.774113
6	112	0.844521
6	117	1.62274
6	121	0.786858
6	136	0.777703
6	158	1.63984
6	162	0.80527
6	167	0.807377
6	172	0.799924
6	179	1.54018
7	19	1.11806
7	114	1.1008
7	139	0.910634
7	145	0.900683
7	156	0.906533
7	164	0.894888
7	168	0.900029
7	172	1.26822
7	174	0.891893
7	177	0.89484
7	179	0.900502
7	180	1.31958
8	77	0.879745
8	94	1.22656
8	99	0.927273
8	113	0.894003
8	121	0.893137
8	143	0.889301
8	157	1.1706
8	162	0.911548
8	169	1.20898
8	172	0.906203
8	173	0.898792
8	175	1.20321
9	105	0.89667
9	112	1.0522
9	141	1.22644
9	150	0.888172
9	153	0.902402
9	156	0.908467
9	166	0.911253
9	173	1.26911
9	174	0.893827
9	176	1.26013
9	177	0.896774
9	179	0.902436
10	71	0.934887
10	99	0.912454
10	100	0.893255
10	109	0.882886
10	111	1.18715
10	138	0.91152
10	143	0.874482
10	144	0.899131
10	155	1.17116
10	157	1.20391
10	169	1.24228
10	172	0.891383
11	68	1.45035
11	105	0.798769
11	135	0.800515
11	141	1.73125
11	142	1.62584
11	150	0.79027
11	152	0.816987
11	154	0.795208
11	164	0.79892
11	174	0.795925
11	177	0.798872
11	179	0.804534
12	4	0.928371
12	64	0.89121
12	91	0.929825
12	96	0.872728
12	120	1.09423
12	124	1.2579
12	127	1.27539
12	138	0.912524
12	159	0.87522
12	162	0.897733
12	163	1.18113
12	172	0.892387
13	5	1.73242
13	42	1.55187
13	61	0.816503
13	66	0.789097
13	77	0.765402
13	80	0.840842
13	99	0.81293
13	144	0.799608
13	167	0.799313
13	170	1.52036
13	172	0.79186
13	173	0.784449
14	41	0.777513
14	50	1.46404
14	64	0.787677
14	71	0.832357
14	76	0.825409
14	100	0.790725
14	106	1.71157
14	133	0.821821
14	153	1.62657
14	162	0.794199
14	172	0.788854
14	173	0.781443
15	37	1.61867
15	85	1.55745
15	110	0.829011
15	142	0.823769
15	154	1.61502
15	170	0.803856
15	171	0.796377
15	173	0.787295
15	175	0.78798
15	176	0.791114
15	178	0.79673
15	180	0.783871
16	43	0.870741
16	101	0.906124
16	119	0.928379
16	122	1.25142
16	148	0.921769
16	171	1.16942
16	172	0.89959
16	174	0.887281
16	176	1.16306
16	177	0.890228
16	179	0.89589
16	180	1.22574
17	141	0.794476
17	142	0.828852
17	164	1.60625
17	168	1.60207
17	169	0.802805
17	171	0.80146
17	173	0.792379
17	175	0.793064
17	176	0.796198
17	178	0.801813
17	179	1.58514
17	180	0.788954
18	65	0.803286
18	151	1.64679
18	154	1.57354
18	158	0.783557
18	169	0.805652
18	170	0.811786
18	171	0.804307
18	175	0.79591
18	176	0.799044
18	177	1.57284
18	178	0.80466
18	180	0.791801
19	7	1.11806
19	109	1.30034
19	129	1.13217
19	153	0.896218
19	160	0.905752
19	163	0.908246
19	170	0.909103
19	174	1.24499
19	175	0.893227
19	176	0.896361
19	178	0.901977
19	180	0.889118
20	66	1.2569
20	123	0.914152
20	141	0.900118
20	145	1.14883
20	147	0.891514
20	158	0.886354
20	159	1.21592
20	171	0.907103
20	174	1.16905
20	175	0.898706
20	178	0.907456
20	180	0.894597
21	34	0.90944
21	39	0.886829
21	117	1.1911
21	136	1.22854
21	159	0.890975
21	165	0.909737
21	168	0.903968
21	169	1.19285
21	172	1.18939
21	174	0.895832
21	177	0.89878
21	179	0.904442
22	35	0.855365
22	43	0.847602
22	69	0.850639
22	96	0.856791
22	105	1.3059
22	113	0.864251
22	116	0.86841
22	138	0.896588
22	157	1.31622
22	165	1.23203
22	167	0.883904
22	171	1.34617
22	172	0.876451
23	1	0.912002
23	66	0.857533
23	78	0.833291
23	112	0.904891
23	134	1.32975
23	136	0.838074
23	142	1.2115
23	143	0.843394
23	144	0.868043
23	148	0.882474
23	150	1.37395
23	172	0.860295
23	179	1.28108
24	76	0.894311
24	80	0.906737
24	89	1.2839
24	104	0.864105
24	145	1.31643
24	164	1.30478
24	167	0.865208
24	172	0.857755
24	175	0.851029
24	176	0.854163
24	178	0.859778
24	179	1.28367
24	180	0.846919
25	46	0.909098
25	49	0.906133
25	95	0.841197
25	96	1.33453
25	123	1.22028
25	139	0.866156
25	149	1.2658
25	161	0.858774
25	166	0.86484
25	174	0.847414
25	177	0.850361
25	179	0.856024
25	180	1.38714
26	39	0.854948
26	88	0.872151
26	104	1.29593
26	106	0.868174
26	122	1.40922
26	144	1.2396
26	149	1.2622
26	151	0.857209
26	152	0.885014
26	159	0.859094
26	174	0.863952
26	177	0.866899
26	179	0.872561
27	51	1.46632
27	72	0.844194
27	73	1.30264
27	121	0.861315
27	128	0.857292
27	136	0.85216
27	144	0.882129
27	156	1.16071
27	162	0.879727
27	167	0.881834
27	169	1.27499
27	172	0.874381
27	173	0.86697
28	4	1.17411
28	121	1.38081
28	162	1.29953
28	165	0.872012
28	170	0.879568
28	172	1.34146
28	174	0.858108
28	175	0.863692
28	176	0.866826
28	177	0.861056
28	178	0.872442
28	179	0.866718
28	180	0.859583
29	90	1.33006
29	125	0.868292
29	156	0.871477
29	161	0.868196
29	165	0.87074
29	166	0.874262
29	168	0.864972
29	172	1.2764
29	174	0.856836
29	175	1.27409
29	177	0.859783
29	179	0.865445
29	180	1.32776
30	47	0.839198
30	80	1.16067
30	139	0.879413
30	140	0.877135
30	150	0.855016
30	164	0.863666
30	165	0.874575
30	166	0.878097
30	169	1.36043
30	176	1.34564
30	177	0.863618
30	178	1.3388
30	179	0.86928
31	74	1.42602
31	79	1.14635
31	95	0.855904
31	111	0.885654
31	144	1.24509
31	151	0.855379
31	154	0.861404
31	161	0.873482
31	168	0.870258
31	174	0.862122
31	177	0.865069
31	179	0.870731
31	180	1.38904
32	43	0.840738
32	61	0.894231
32	64	0.868411
32	88	1.29741
32	109	0.861091
32	116	0.861546
32	135	1.2999
32	147	1.33494
32	159	0.852421
32	162	0.874933
32	166	1.2597
32	167	0.87704
32	172	0.869587
33	6	0.819799
33	67	0.874316
33	98	1.31514
33	99	0.897923
33	100	0.878725
33	109	0.868356
33	114	1.20782
33	136	0.854632
33	143	0.859951
33	153	1.31647
33	171	1.37028
33	172	0.876853
33	173	0.869442
34	21	0.90944
34	62	0.882467
34	96	1.34026
34	118	1.37887
34	129	0.887278
34	142	1.19107
34	151	0.839224
34	156	0.860607
34	166	0.863393
34	168	0.854102
34	170	1.29748
34	177	0.848914
34	179	0.854576
35	22	0.855365
35	61	0.860536
35	81	1.3631
35	93	1.48819
35	115	1.4521
35	116	0.827851
35	120	1.30712
35	137	0.815332
35	144	0.843641
35	148	0.858071
35	159	0.818726
35	162	0.841238
35	167	0.843345
35	172	0.835892
36	51	1.53675
36	89	0.851867
36	95	0.825285
36	134	0.839297
36	145	0.840292
36	161	0.842862
36	165	0.845406
36	166	0.848928
36	173	1.33961
36	174	0.831502
36	175	1.33965
36	177	0.834449
36	179	0.840111
36	180	1.39332
37	4	0.877476
37	6	0.784438
37	15	1.61867
37	72	0.811304
37	112	0.886088
37	116	0.833451
37	130	0.84538
37	143	0.82459
37	147	1.3406
37	157	1.33328
37	162	0.846838
37	167	0.848945
37	172	0.841492
37	177	1.30901
38	49	1.29603
38	93	0.825542
38	131	0.847886
38	152	1.42775
38	155	0.857547
38	164	1.46264
38	165	1.40328
38	169	0.842302
38	170	0.848437
38	171	0.840957
38	173	0.831876
38	176	0.835694
38	178	0.84131
38	180	0.828451
39	21	0.886829
39	26	0.854948
39	78	1.46798
39	85	0.838638
39	96	1.3888
39	106	0.827578
39	135	0.827945
39	139	0.842096
39	143	1.41948
39	153	0.83193
39	160	1.32503
39	161	0.834715
39	174	0.823355
39	179	0.831964
40	57	0.946692
40	140	0.940797
40	151	0.917591
40	153	0.932908
40	158	1.1609
40	161	0.935694
40	163	1.0891
40	166	0.94176
40	170	1.09807
40	174	0.924334
40	175	1.13979
40	177	0.927281
40	178	1.12393
40	179	0.932943
41	14	0.777513
41	47	1.481
41	67	0.843101
41	100	0.84751
41	133	0.878606
41	136	0.823417
41	137	0.825078
41	148	0.867817
41	150	1.3865
41	157	1.33957
41	158	1.39329
41	167	0.853091
41	172	0.845638
41	173	0.838227
42	13	1.55187
42	91	1.19201
42	137	1.4132
42	143	1.43994
42	154	0.832842
42	168	0.841695
42	169	0.848885
42	174	0.833559
42	175	0.839143
42	176	0.842277
42	177	0.836507
42	178	0.847893
42	179	0.842169
42	180	0.835034
43	16	0.870741
43	22	0.847602
43	32	0.840738
43	53	0.865219
43	100	0.830001
43	148	0.850308
43	149	1.3777
43	153	1.38891
43	157	1.41277
43	159	0.810962
43	167	0.835582
43	172	0.828129
43	173	0.820718
43	178	1.42952
44	55	0.811016
44	71	1.21739
44	74	1.50531
44	125	0.847747
44	151	0.829548
44	152	0.857353
44	164	0.839286
44	165	0.850195
44	168	0.844427
44	173	1.41462
44	174	0.836291
44	177	0.839238
44	179	0.8449
44	180	1.46833
45	59	1.22121
45	68	0.938414
45	78	1.34226
45	102	0.904494
45	129	0.929637
45	135	0.892915
45	152	0.909388
45	154	0.887608
45	156	0.902966
45	168	0.896461
45	174	0.888325
45	175	1.26203
45	177	0.891272
45	178	1.24617
45	179	0.896934
46	25	0.909098
46	81	1.17626
46	105	0.896887
46	142	1.10974
46	145	0.902833
46	149	1.19019
46	151	0.8873
46	154	0.893326
46	158	1.27897
46	161	0.905403
46	166	0.911469
46	173	1.25782
46	174	0.894043
46	177	0.89699
46	179	0.902652
47	30	0.839198
47	41	1.481
47	113	1.47104
47	132	1.5233
47	145	0.819676
47	146	1.52989
47	151	0.804143
47	156	0.825527
47	159	0.806029
47	164	0.813881
47	166	0.828312
47	168	0.819022
47	174	0.810886
47	177	0.813833
47	179	0.819495
48	60	1.46357
48	67	1.19097
48	107	0.898274
48	109	1.17288
48	115	0.893043
48	123	0.914565
48	147	0.891926
48	148	1.02099
48	158	0.886766
48	170	0.914995
48	172	1.1454
48	173	0.898434
48	175	0.899119
48	178	0.907868
48	180	0.895009
49	25	0.906133
49	38	1.29603
49	145	0.899868
49	161	0.902438
49	162	1.15475
49	164	0.894073
49	165	0.904982
49	166	0.908504
49	168	0.899214
49	171	1.19171
49	174	0.891078
49	176	1.18535
49	177	0.894025
49	178	1.17851
49	179	0.899687
50	14	1.46404
50	77	1.28798
50	80	1.00542
50	82	0.860111
50	108	0.893012
50	139	1.11425
50	149	0.91923
50	163	0.913122
50	169	0.907844
50	171	0.906499
50	175	0.898103
50	176	0.901236
50	178	0.906852
50	179	1.12087
50	180	0.893993
51	27	1.46632
51	36	1.53675
51	80	1.42151
51	105	1.57258
51	131	0.82363
51	141	0.809717
51	142	0.844093
51	163	0.823324
51	169	0.818047
51	170	0.824181
51	171	0.816701
51	173	0.80762
51	176	0.811439
51	178	0.817054
51	180	0.804195
52	54	1.34038
52	73	1.62897
52	90	0.795644
52	96	0.796873
52	101	0.823067
52	109	0.808036
52	112	0.861129
52	116	0.808492
52	132	0.807688
52	138	0.83667
52	154	1.53938
52	156	1.48704
52	162	0.821878
52	167	0.823986
52	172	0.816533
53	43	0.865219
53	62	1.10455
53	71	0.937572
53	91	0.931506
53	95	1.2649
53	110	1.16515
53	117	1.25234
53	130	0.897956
53	136	0.871847
53	144	0.901816
53	148	0.916247
53	157	1.21571
53	159	0.876901
53	162	0.899414
53	167	0.901521
54	52	1.34038
54	65	1.19734
54	99	1.05587
54	120	0.927994
54	122	1.24259
54	129	0.928474
54	145	0.895953
54	150	0.881508
54	156	0.901803
54	164	0.890158
54	165	0.901067
54	169	1.169
54	174	0.887163
54	177	0.89011
54	179	0.895772
55	44	0.811016
55	62	0.843584
55	94	1.59087
55	112	1.35057
55	134	0.814878
55	139	0.825825
55	152	0.828146
55	155	1.50216
55	161	0.818444
55	164	0.810079
55	168	0.81522
55	171	1.56486
55	174	0.807084
55	177	0.810031
55	179	0.815693
56	102	0.882297
56	110	1.22858
56	115	1.31914
56	123	1.19857
56	150	0.860473
56	151	0.859385
56	152	0.88719
56	154	0.86541
56	161	0.877488
56	166	0.883554
56	168	0.874264
56	174	0.866128
56	176	1.30274
56	177	0.869075
56	179	0.874737
56	180	1.36542
57	40	0.946692
57	83	1.27041
57	87	1.27954
57	105	0.857561
57	110	1.24625
57	119	0.895816
57	141	1.28671
57	146	1.33208
57	151	0.847975
57	157	0.872631
57	165	0.868622
57	166	0.872144
57	168	0.862853
57	174	0.854717
57	177	0.857665
57	179	0.863327
58	71	1.1421
58	79	0.909397
58	128	1.34235
58	155	0.884615
58	159	1.36067
58	160	0.872153
58	163	0.874648
58	169	0.86937
58	170	0.875505
58	171	0.868025
58	175	0.859629
58	176	0.862763
58	177	1.2825
58	178	0.868378
58	179	1.26083
58	180	0.855519
59	45	1.22121
59	86	1.3107
59	119	1.21782
59	121	0.861277
59	130	0.878231
59	137	0.853783
59	144	0.882092
59	160	0.880142
59	164	1.32016
59	170	0.883494
59	171	0.876014
59	172	0.874343
59	176	0.870751
59	177	1.32072
59	178	0.876367
59	180	0.863508
60	1	1.47251
60	48	1.46357
60	86	0.810899
60	89	0.808567
60	124	0.803059
60	152	0.809265
60	153	0.796777
60	164	0.791197
60	165	0.802106
60	166	0.805628
60	168	0.796338
60	173	1.73885
60	174	0.788202
60	176	1.72987
60	177	0.791149
60	179	0.796811
61	13	0.816503
61	32	0.894231
61	35	0.860536
61	69	0.85581
61	76	0.918178
61	120	1.19669
61	136	0.859401
61	137	0.861062
61	144	0.88937
61	153	1.27782
61	167	0.889075
61	170	1.29256
61	172	0.881622
61	173	0.874211
61	176	1.32526
61	178	1.31842
62	2	1.52999
62	34	0.882467
62	53	1.10455
62	55	0.843584
62	88	0.877058
62	102	0.885028
62	151	0.862117
62	160	1.21192
62	164	0.871855
62	165	0.882763
62	168	0.876995
62	169	1.2804
62	172	1.27695
62	174	0.868859
62	177	0.871806
62	179	0.877468
63	74	1.38252
63	110	1.2087
63	111	0.883254
63	133	0.904999
63	140	0.876185
63	141	1.24916
63	145	0.868511
63	150	0.854066
63	152	0.880784
63	165	0.873625
63	168	0.867857
63	172	1.29419
63	174	0.859721
63	177	0.862669
63	178	1.27602
63	179	0.868331
64	12	0.89121
64	14	0.787677
64	32	0.868411
64	68	1.18271
64	77	0.829344
64	113	0.843602
64	121	0.842736
64	123	1.39314
64	129	1.36794
64	130	0.859689
64	136	0.833581
64	144	0.86355
64	162	0.861147
64	166	1.4058
64	167	0.863254
64	172	0.855802
64	177	1.44945
65	18	0.803286
65	54	1.19734
65	86	1.38562
65	118	0.839809
65	122	0.840528
65	134	1.42263
65	146	0.846251
65	149	0.872029
65	164	1.39508
65	168	1.3909
65	169	0.860643
65	170	0.866778
65	171	0.859298
65	175	0.850902
65	176	0.854036
65	178	0.859651
65	180	0.846792
66	13	0.789097
66	20	1.2569
66	23	0.857533
66	79	1.29167
66	87	1.43081
66	91	0.891654
66	101	0.86075
66	113	0.842016
66	121	0.84115
66	134	1.45082
66	137	0.833656
66	143	0.837314
66	144	0.861964
66	148	0.876394
66	156	1.37219
66	167	0.861669
66	173	0.846805
67	33	0.874316
67	41	0.843101
67	48	1.19097
67	77	0.827983
67	96	0.834782
67	116	0.8464
67	130	0.858329
67	136	0.83222
67	141	1.42357
67	143	0.83754
67	148	0.87662
67	155	1.40093
67	162	0.859787
67	166	1.36576
67	167	0.861894
67	170	1.42457
67	173	0.84703
68	11	1.45035
68	45	0.938414
68	64	1.18271
68	87	0.915837
68	92	0.962791
68	117	0.919918
68	131	0.931428
68	138	1.00216
68	149	0.937231
68	150	1.10912
68	151	1.11187
68	160	0.928628
68	170	0.931979
68	175	0.916103
68	176	0.919237
68	178	0.924853
68	180	0.911994
69	6	0.774113
69	22	0.850639
69	61	0.85581
69	96	0.811507
69	112	0.875763
69	121	0.818101
69	135	1.42541
69	143	0.814265
69	144	0.838915
69	148	0.853345
69	153	1.42927
69	159	0.814
69	165	1.36893
69	167	0.838619
69	169	1.4915
69	172	0.831167
69	173	0.823756
69	175	1.48573
70	106	1.22335
70	115	0.888729
70	121	1.23647
70	128	1.19779
70	134	1.16493
70	141	0.896217
70	142	0.930593
70	143	1.22655
70	147	0.887612
70	157	0.907135
70	158	0.882452
70	160	0.907329
70	169	0.904546
70	171	0.903201
70	176	0.897938
70	177	1.13794
70	178	0.903554
70	180	0.890695
71	10	0.934887
71	14	0.832357
71	44	1.21739
71	53	0.937572
71	58	1.1421
71	83	1.16212
71	101	0.907016
71	102	1.21999
71	112	0.945078
71	128	0.883393
71	136	0.878261
71	143	0.88358
71	144	0.90823
71	157	1.18853
71	159	0.883315
71	162	0.905827
71	172	0.900482
71	180	1.27481
72	27	0.844194
72	37	0.811304
72	91	0.864229
72	101	0.833325
72	107	0.81922
72	109	0.818294
72	112	0.871387
72	117	1.49878
72	120	1.35717
72	126	1.47011
72	130	0.830679
72	136	0.80457
72	156	1.38626
72	159	0.809624
72	162	0.832137
72	167	0.834244
72	172	0.826791
72	175	1.49477
73	27	1.30264
73	52	1.62897
73	89	1.37353
73	92	0.864677
73	123	0.833435
73	136	1.49329
73	142	0.853777
73	153	0.82098
73	155	0.842975
73	161	1.39387
73	163	0.833008
73	169	0.82773
73	171	0.826385
73	173	0.817304
73	175	0.817989
73	176	0.821123
73	178	0.826738
73	180	0.813879
74	31	1.42602
74	44	1.50531
74	63	1.38252
74	94	0.817684
74	123	0.840802
74	141	0.826768
74	142	0.861144
74	158	0.813003
74	160	0.83788
74	169	0.835098
74	171	0.833752
74	173	0.824671
74	175	0.825356
74	176	0.82849
74	177	1.45218
74	178	0.834105
74	179	1.43051
74	180	0.821246
75	92	1.06302
75	117	1.23738
75	130	1.22072
75	134	0.902348
75	135	0.899143
75	150	0.888898
75	151	0.88781
75	161	0.905913
75	164	0.897548
75	165	0.908457
75	166	0.911979
75	168	0.902689
75	169	1.23913
75	174	0.894553
75	175	1.23337
75	177	0.8975
75	178	1.21751
75	179	0.903162
76	14	0.825409
76	24	0.894311
76	61	0.918178
76	80	0.942516
76	112	0.93813
76	130	0.897422
76	133	0.926502
76	137	0.872974
76	138	0.913671
76	150	1.23272
76	153	1.16193
76	159	0.876367
76	167	0.900987
76	168	1.15678
76	171	1.21574
76	172	0.893534
76	177	1.16152
76	180	1.27207
77	8	0.879745
77	13	0.765402
77	50	1.28798
77	64	0.829344
77	67	0.827983
77	80	0.879503
77	101	0.837055
77	109	0.822024
77	113	0.818321
77	137	0.80996
77	138	0.850658
77	143	0.813619
77	147	1.48169
77	162	0.835866
77	168	1.44536
77	172	0.83052
77	176	1.49795
77	178	1.49111
78	23	0.833291
78	39	1.46798
78	45	1.34226
78	113	0.817775
78	121	0.816908
78	130	0.833862
78	133	0.862942
78	136	0.807753
78	137	0.809414
78	138	0.850111
78	143	0.813072
78	147	1.47336
78	148	0.852153
78	162	0.83532
78	167	0.837427
78	172	0.829974
78	175	1.49865
78	179	1.4201
79	31	1.14635
79	58	0.909397
79	66	1.29167
79	98	0.921119
79	124	0.902568
79	125	1.16301
79	136	1.27084
79	139	1.14422
79	141	0.894707
79	146	0.888643
79	154	1.17321
79	163	0.908314
79	171	0.901691
79	173	0.89261
79	175	0.893295
79	176	0.896428
79	178	0.902044
79	180	0.889185
80	4	0.941944
80	13	0.840842
80	24	0.906737
80	30	1.16067
80	50	1.00542
80	51	1.42151
80	76	0.942516
80	77	0.879503
80	83	1.1654
80	100	0.907832
80	116	0.897919
80	124	1.25049
80	128	0.888871
80	137	0.8854
80	143	0.889059
80	167	0.913413
80	172	0.90596
80	174	1.19884
81	35	1.3631
81	46	1.17626
81	83	0.89188
81	92	0.913716
81	113	1.28061
81	116	1.32278
81	126	0.873054
81	141	0.86844
81	146	0.862377
81	148	1.21471
81	160	0.879552
81	166	1.23627
81	169	0.876769
81	170	0.882904
81	171	0.875424
81	175	0.867028
81	176	0.870162
81	178	0.875777
81	180	0.862918
82	50	0.860111
82	118	0.794442
82	131	0.820859
82	133	1.41776
82	139	1.50913
82	146	0.800883
82	149	0.826661
82	150	1.60862
82	158	0.793182
82	160	0.818059
82	163	0.820553
82	170	0.82141
82	171	0.813931
82	175	0.805534
82	176	0.808668
82	177	1.53743
82	178	0.814284
82	179	1.51576
82	180	0.801425
83	57	1.27041
83	71	1.16212
83	80	1.1654
83	81	0.89188
83	84	0.894525
83	146	0.863727
83	155	0.893364
83	158	0.856025
83	159	1.38069
83	160	0.880903
83	163	0.883397
83	169	0.87812
83	171	0.876775
83	174	1.33383
83	175	0.868378
83	176	0.871512
83	178	0.877128
83	179	1.28085
83	180	0.864269
84	83	0.894525
84	123	0.88512
84	141	0.871086
84	146	0.865023
84	149	0.890801
84	151	1.33874
84	158	0.857321
84	161	1.26371
84	163	0.884693
84	165	1.20487
84	167	1.25719
84	168	1.26006
84	169	0.879415
84	170	0.88555
84	175	0.869674
84	176	0.872808
84	177	1.26479
84	178	0.878423
84	180	0.865564
85	15	1.55745
85	39	0.838638
85	111	0.871174
85	115	1.31205
85	120	0.888472
85	125	0.859098
85	132	1.30074
85	147	1.27938
85	150	0.841986
85	151	0.840899
85	152	0.868704
85	154	0.846924
85	157	0.865555
85	161	0.859002
85	166	0.865068
85	170	1.26295
85	171	1.30201
85	174	0.847641
85	177	0.850589
85	179	0.856251
86	59	1.3107
86	60	0.810899
86	65	1.38562
86	135	0.859646
86	150	0.849401
86	154	0.854338
86	156	0.869696
86	159	0.850198
86	161	0.866416
86	162	1.3119
86	164	0.858051
86	165	0.86896
86	166	0.872482
86	167	1.28703
86	168	0.863191
86	172	1.35382
86	173	1.35147
86	174	0.855056
86	177	0.858003
86	179	0.863665
87	57	1.27954
87	66	1.43081
87	68	0.915837
87	110	0.88429
87	117	0.847074
87	118	0.832167
87	131	0.858585
87	133	1.19198
87	151	1.38559
87	155	0.868246
87	159	1.38982
87	163	0.858279
87	164	1.31109
87	169	0.853001
87	170	0.859136
87	173	0.842575
87	175	0.84326
87	176	0.846394
87	178	0.852009
87	180	0.83915
88	26	0.872151
88	32	1.29741
88	62	0.877058
88	94	1.37895
88	102	0.856727
88	105	0.843402
88	111	0.86409
88	118	1.39527
88	119	0.881656
88	129	0.88187
88	132	1.35167
88	149	1.28792
88	151	0.833816
88	163	1.30491
88	164	0.843553
88	165	0.854462
88	166	0.857984
88	174	0.840558
88	177	0.843505
88	179	0.849167
89	24	1.2839
89	36	0.851867
89	60	0.808567
89	73	1.37353
89	90	1.39607
89	111	0.876256
89	149	1.27243
89	150	0.847069
89	152	0.873786
89	154	0.852007
89	156	0.867365
89	164	0.855719
89	165	0.866628
89	166	0.87015
89	168	0.86086
89	169	1.34587
89	173	1.34006
89	174	0.852724
89	177	0.855671
89	179	0.861333
90	1	0.887797
90	29	1.33006
90	52	0.795644
90	89	1.39607
90	95	1.49096
90	109	0.827593
90	117	0.833178
90	140	1.37189
90	148	0.858269
90	152	1.38205
90	155	0.85435
90	160	0.841888
90	162	0.841436
90	164	1.41694
90	167	0.843543
90	169	0.839106
90	170	0.84524
90	172	0.83609
90	176	0.832498
90	178	0.838113
90	180	0.825254
91	12	0.929825
91	42	1.19201
91	53	0.931506
91	66	0.891654
91	72	0.864229
91	97	1.32594
91	98	1.14442
91	112	0.939012
91	113	0.882217
91	116	0.886375
91	124	1.2283
91	130	0.898304
91	136	0.872195
91	138	0.914553
91	148	0.916595
91	151	1.21929
91	159	0.877249
91	166	1.10169
91	167	0.901869
91	172	0.894416
91	176	1.1932
92	68	0.962791
92	73	0.864677
92	75	1.06302
92	81	0.913716
92	106	1.2766
92	109	1.27786
92	118	0.879122
92	140	1.14557
92	142	0.926003
92	157	0.902544
92	158	0.877862
92	162	1.20845
92	169	0.899956
92	170	0.90609
92	171	0.898611
92	172	1.25037
92	175	0.890214
92	176	0.893348
92	178	0.898964
92	179	1.16952
92	180	0.886105
93	35	1.48819
93	38	0.825542
93	112	1.24494
93	113	1.4057
93	120	0.871755
93	135	0.835514
93	144	1.37161
93	146	0.831857
93	147	0.829316
93	152	0.851987
93	161	0.842284
93	162	1.42227
93	166	0.84835
93	171	0.844904
93	172	1.4642
93	174	0.830924
93	175	0.836508
93	177	0.833871
93	178	0.845257
93	179	0.839533
93	180	0.832398
94	8	1.22656
94	55	1.59087
94	74	0.817684
94	88	1.37895
94	97	0.808154
94	114	0.891216
94	122	0.82548
94	127	0.827879
94	131	0.851179
94	145	1.39597
94	147	0.828662
94	149	0.856981
94	169	0.845596
94	170	0.85173
94	171	0.844251
94	174	1.41619
94	175	0.835854
94	176	0.838988
94	177	1.38488
94	178	0.844604
94	180	0.831745
95	25	0.841197
95	31	0.855904
95	36	0.825285
95	53	1.2649
95	90	1.49096
95	129	0.867453
95	132	1.43106
95	133	0.871419
95	134	0.833936
95	135	0.830732
95	154	0.825424
95	155	1.36963
95	156	0.840782
95	165	0.840045
95	166	0.843567
95	168	0.834277
95	174	0.826141
95	175	1.43499
95	177	0.829088
95	178	1.41913
95	179	0.834751
96	5	1.58981
96	12	0.872728
96	22	0.856791
96	25	1.33453
96	34	1.34026
96	39	1.3888
96	52	0.796873
96	67	0.834782
96	69	0.811507
96	101	0.843853
96	109	0.828822
96	112	0.881915
96	116	0.829278
96	121	0.824253
96	138	0.857456
96	148	0.859497
96	153	1.363
96	157	1.38686
96	159	0.820152
96	167	0.844772
96	172	0.837319
97	91	1.32594
97	94	0.808154
97	109	1.57192
97	110	0.856857
97	114	0.871188
97	117	0.819641
97	122	0.805452
97	126	0.821853
97	137	1.54713
97	140	1.43964
97	147	0.808634
97	157	0.828156
97	160	0.828351
97	163	0.830845
97	165	1.42533
97	168	1.48051
97	169	0.825568
97	171	0.824223
97	175	0.815826
97	176	0.81896
97	178	0.824576
97	180	0.811717
98	33	1.31514
98	79	0.921119
98	91	1.14442
98	126	0.877378
98	129	1.22223
98	146	0.8667
98	152	1.26829
98	154	1.30444
98	155	0.896337
98	156	1.25211
98	157	0.883681
98	158	0.858998
98	160	0.883876
98	169	0.881093
98	170	0.887227
98	171	0.879748
98	173	0.870666
98	175	0.871351
98	176	0.874485
98	178	0.880101
98	179	1.28207
98	180	0.867242
99	8	0.927273
99	10	0.912454
99	13	0.81293
99	33	0.897923
99	54	1.05587
99	101	0.884583
99	109	0.869552
99	115	1.31843
99	121	0.864983
99	132	0.869204
99	137	0.857489
99	144	0.885797
99	148	0.900227
99	162	0.883394
99	163	1.26035
99	167	0.885502
99	168	1.24942
99	169	1.3168
99	171	1.30838
99	172	0.878049
99	173	0.870638
99	176	1.30202
100	10	0.893255
100	14	0.790725
100	33	0.878725
100	41	0.84751
100	43	0.830001
100	80	0.907832
100	116	0.850809
100	120	1.22183
100	121	0.845784
100	130	0.862738
100	133	0.891818
100	138	0.878987
100	148	0.881029
100	153	1.30296
100	157	1.32681
100	161	1.30146
100	162	0.864196
100	167	0.866303
100	172	0.85885
100	173	0.851439
100	175	1.35943
100	179	1.28088
100	180	1.41309
101	16	0.906124
101	52	0.823067
101	66	0.86075
101	71	0.907016
101	72	0.833325
101	77	0.837055
101	96	0.843853
101	99	0.884583
101	105	1.32312
101	130	0.8674
101	137	0.842952
101	144	0.87126
101	148	0.885691
101	159	0.846345
101	161	1.30809
101	163	1.31536
101	165	1.24926
101	167	0.870965
101	172	0.863512
101	173	0.856101
101	174	1.34049
101	177	1.30918
101	178	1.3502
102	45	0.904494
102	56	0.882297
102	62	0.885028
102	71	1.21999
102	88	0.856727
102	112	1.20032
102	114	1.25215
102	125	0.859985
102	140	0.864992
102	142	1.26914
102	143	1.449
102	151	0.841786
102	154	0.847811
102	156	0.863169
102	164	0.851523
102	165	0.862432
102	166	0.865954
102	168	0.856664
102	173	1.41722
102	174	0.848528
102	177	0.851475
102	178	1.40141
102	179	0.857137
103	114	1.19922
103	119	0.894293
103	131	1.32359
103	134	0.860989
103	139	0.871936
103	145	0.861984
103	147	1.33905
103	149	1.29666
103	150	0.847539
103	151	0.846452
103	152	0.874257
103	156	0.867835
103	158	1.38545
103	159	0.848337
103	164	0.85619
103	165	0.867098
103	166	0.870621
103	167	1.29985
103	168	0.86133
103	169	1.3701
103	174	0.853194
103	177	0.856142
103	179	0.861804
104	24	0.864105
104	26	1.29593
104	120	0.89185
104	122	0.846229
104	133	1.20793
104	137	1.38947
104	141	0.858015
104	146	0.851951
104	149	0.87773
104	153	0.859594
104	158	0.84425
104	160	0.869127
104	161	1.32651
104	162	1.34485
104	163	0.871622
104	167	1.31999
104	169	0.866344
104	171	0.864999
104	175	0.856603
104	176	0.859736
104	178	0.865352
104	179	1.30593
104	180	0.852493
105	9	0.89667
105	11	0.798769
105	22	1.3059
105	46	0.896887
105	51	1.57258
105	57	0.857561
105	88	0.843402
105	101	1.32312
105	125	0.846659
105	126	1.35082
105	128	0.830423
105	135	0.839793
105	140	0.851666
105	145	0.843992
105	154	0.834485
105	155	1.31012
105	161	0.846563
105	166	0.852629
105	168	0.843338
105	172	1.37779
105	174	0.835202
105	176	1.36646
105	177	0.83815
105	179	0.843812
106	14	1.71157
106	26	0.868174
106	39	0.827578
106	70	1.22335
106	92	1.2766
106	119	0.877679
106	123	1.33376
106	134	0.844376
106	139	0.855323
106	140	0.853045
106	142	1.29882
106	144	1.35667
106	145	0.845371
106	150	0.830926
106	152	0.857644
106	154	0.835864
106	161	0.847942
106	164	0.839577
106	165	0.850485
106	168	0.844717
106	170	1.40523
106	174	0.836581
106	177	0.839529
106	179	0.845191
107	48	0.898274
107	72	0.81922
107	119	1.28128
107	125	1.37469
107	127	0.834706
107	136	0.827186
107	144	0.857155
107	150	1.45538
107	156	1.33255
107	158	0.830328
107	159	0.83224
107	162	0.854753
107	166	1.34053
107	167	0.85686
107	169	0.852423
107	170	0.858557
107	171	0.851078
107	172	0.849407
107	173	0.841996
107	174	1.41549
107	176	0.845815
107	177	1.38418
107	178	0.851431
107	180	0.838572
108	50	0.893012
108	117	0.842251
108	118	0.827344
108	127	0.830461
108	131	0.853761
108	142	0.874224
108	144	1.35647
108	145	1.40096
108	148	1.32465
108	153	0.841427
108	158	0.826083
108	160	0.850961
108	163	0.853455
108	165	1.32995
108	168	1.38513
108	169	0.848178
108	170	0.854312
108	171	0.846833
108	173	0.837751
108	174	1.42118
108	175	0.838436
108	178	0.847186
108	179	1.3682
108	180	0.834327
109	4	0.884465
109	10	0.882886
109	19	1.30034
109	32	0.861091
109	33	0.868356
109	48	1.17288
109	52	0.808036
109	72	0.818294
109	77	0.822024
109	90	0.827593
109	92	1.27786
109	96	0.828822
109	97	1.57192
109	99	0.869552
109	113	0.836282
109	121	0.835415
109	122	1.52755
109	137	0.827921
109	138	0.868618
109	144	0.85623
109	152	1.35587
109	167	0.855934
109	172	0.848481
109	177	1.39132
110	15	0.829011
110	53	1.16515
110	56	1.22858
110	57	1.24625
110	63	1.2087
110	87	0.88429
110	97	0.856857
110	118	0.873464
110	122	0.874183
110	126	0.890584
110	147	0.877365
110	155	0.909543
110	157	0.896887
110	158	0.872204
110	159	1.35653
110	160	0.897081
110	161	1.27727
110	163	0.899576
110	166	1.2347
110	168	1.27362
110	171	0.892953
110	175	0.884557
110	176	0.887691
110	178	0.893306
110	180	0.880447
111	10	1.18715
111	31	0.885654
111	63	0.883254
111	85	0.871174
111	88	0.86409
111	89	0.876256
111	112	1.15209
111	120	0.896722
111	134	0.863686
111	145	0.864681
111	146	1.37169
111	148	1.24694
111	150	0.850236
111	151	0.849149
111	154	0.855174
111	156	0.870532
111	158	1.39015
111	161	0.867251
111	163	1.31835
111	164	0.858886
111	168	0.864027
111	169	1.3748
111	173	1.369
111	174	0.855891
111	177	0.858838
111	179	0.8645
112	6	0.844521
112	9	1.0522
112	23	0.904891
112	37	0.886088
112	52	0.861129
112	55	1.35057
112	69	0.875763
112	71	0.945078
112	72	0.871387
112	76	0.93813
112	91	0.939012
112	93	1.24494
112	96	0.881915
112	102	1.20032
112	111	1.15209
112	113	0.889375
112	124	1.22754
112	126	1.1768
112	132	0.892729
112	133	0.934542
112	148	0.923753
112	162	0.90692
112	167	0.909027
112	172	0.901574
112	173	0.894164
112	177	1.14459
112	180	1.25513
113	1	0.896486
113	8	0.894003
113	22	0.864251
113	47	1.47104
113	64	0.843602
113	66	0.842016
113	77	0.818321
113	78	0.817775
113	81	1.28061
113	91	0.882217
113	93	1.4057
113	109	0.836282
113	112	0.889375
113	116	0.836738
113	120	1.22463
113	122	1.44157
113	124	1.3883
113	132	0.835934
113	137	0.824219
113	138	0.864916
113	144	0.852527
113	148	0.866957
113	156	1.25371
113	167	0.852232
113	172	0.844779
113	173	0.837368
113	174	1.33665
114	7	1.1008
114	33	1.20782
114	94	0.891216
114	97	0.871188
114	102	1.25215
114	103	1.19922
114	115	0.892813
114	127	0.890913
114	130	1.24065
114	134	1.22341
114	146	0.894237
114	147	0.891696
114	154	1.19712
114	155	0.923874
114	158	0.886536
114	160	0.911413
114	161	1.19533
114	163	0.913907
114	169	0.90863
114	170	0.914764
114	171	0.907285
114	173	0.898203
114	175	0.898888
114	176	0.902022
114	178	0.907638
114	179	1.17475
114	180	0.894779
115	35	1.4521
115	48	0.893043
115	56	1.31914
115	70	0.888729
115	85	1.31205
115	99	1.31843
115	114	0.892813
115	119	1.26602
115	122	0.827077
115	128	1.42877
115	131	0.852776
115	135	1.36547
115	142	0.873239
115	146	0.8328
115	147	0.830258
115	153	0.840442
115	155	0.862437
115	160	0.849975
115	163	0.85247
115	166	1.32527
115	169	0.847192
115	170	0.853327
115	171	0.845847
115	175	0.837451
115	176	0.840585
115	178	0.8462
115	180	0.833341
116	1	0.900644
116	22	0.86841
116	32	0.861546
116	35	0.827851
116	37	0.833451
116	52	0.808492
116	67	0.8464
116	80	0.897919
116	81	1.32278
116	91	0.886375
116	96	0.829278
116	100	0.850809
116	113	0.836738
116	130	0.852825
116	131	1.36365
116	136	0.826716
116	142	1.25626
116	144	0.856685
116	148	0.871116
116	150	1.41871
116	153	1.34792
116	162	0.854283
116	164	1.34695
116	170	1.36267
116	172	0.848937
116	173	0.841526
116	178	1.38853
117	6	1.62274
117	21	1.1911
117	53	1.25234
117	68	0.919918
117	72	1.49878
117	75	1.23738
117	87	0.847074
117	90	0.833178
117	97	0.819641
117	108	0.842251
117	133	1.24588
117	141	0.848753
117	146	0.84269
117	148	1.30033
117	149	0.868468
117	153	0.850332
117	157	0.859671
117	158	0.834988
117	159	1.44373
117	160	0.859865
117	169	0.857082
117	170	0.863217
117	171	0.855737
117	175	0.847341
117	176	0.850475
117	178	0.85609
117	180	0.843231
118	34	1.37887
118	65	0.839809
118	82	0.794442
118	87	0.832167
118	88	1.39527
118	92	0.879122
118	108	0.827344
118	110	0.873464
118	120	0.867681
118	127	0.824458
118	128	1.46105
118	141	0.833846
118	146	0.827783
118	149	0.853561
118	155	0.85742
118	158	0.820081
118	159	1.47938
118	165	1.34128
118	166	1.35755
118	167	1.3936
118	169	0.842175
118	170	0.84831
118	171	0.84083
118	175	0.832434
118	176	0.835568
118	178	0.841183
118	179	1.37953
118	180	0.828324
119	16	0.928379
119	57	0.895816
119	59	1.21782
119	88	0.881656
119	103	0.894293
119	106	0.877679
119	107	1.28128
119	115	1.26602
119	125	0.884913
119	126	1.23397
119	128	0.868678
119	131	1.21789
119	132	1.2547
119	134	0.881251
119	135	0.878047
119	139	0.892198
119	140	0.889921
119	141	1.21592
119	150	0.867802
119	153	0.882032
119	164	0.876452
119	165	0.887361
119	168	0.881593
119	170	1.21692
119	174	0.873457
119	177	0.876404
119	179	0.882066
119	180	1.3123
120	12	1.09423
120	35	1.30712
120	54	0.927994
120	61	1.19669
120	72	1.35717
120	85	0.888472
120	93	0.871755
120	100	1.22183
120	104	0.89185
120	111	0.896722
120	113	1.22463
120	118	0.867681
120	130	1.26817
120	143	1.31256
120	154	0.872472
120	156	0.887831
120	167	1.21633
120	168	0.881326
120	170	0.89465
120	171	0.88717
120	173	0.878089
120	174	0.87319
120	175	0.878774
120	176	0.881907
120	177	0.876137
120	178	0.887523
120	179	0.881799
120	180	0.874664
121	6	0.786858
121	8	0.893137
121	27	0.861315
121	28	1.38081
121	59	0.861277
121	64	0.842736
121	66	0.84115
121	69	0.818101
121	70	1.23647
121	78	0.816908
121	96	0.824253
121	99	0.864983
121	100	0.845784
121	109	0.835415
121	123	1.34688
121	124	1.48615
121	128	0.826823
121	132	0.835067
121	137	0.823352
121	138	0.864049
121	141	1.41735
121	143	0.827011
121	153	1.40361
121	157	1.42746
121	167	0.851365
121	172	0.843912
121	173	0.836501
121	180	1.51374
122	16	1.25142
122	26	1.40922
122	54	1.24259
122	65	0.840528
122	94	0.82548
122	97	0.805452
122	104	0.846229
122	109	1.52755
122	110	0.874183
122	113	1.44157
122	115	0.827077
122	126	0.839179
122	131	0.848477
122	135	1.43743
122	142	0.868941
122	153	0.836144
122	154	1.44159
122	157	0.845483
122	158	0.8208
122	163	0.848171
122	169	0.842894
122	170	0.849029
122	171	0.841549
122	175	0.833152
122	176	0.836286
122	177	1.44088
122	178	0.841902
122	180	0.829043
123	20	0.914152
123	25	1.22028
123	48	0.914565
123	56	1.19857
123	64	1.39314
123	73	0.833435
123	74	0.840802
123	84	0.88512
123	106	1.33376
123	121	1.34688
123	131	0.874297
123	142	0.894761
123	145	1.25944
123	146	0.854321
123	147	0.85178
123	149	0.880099
123	150	1.31954
123	152	1.2129
123	155	0.883958
123	158	0.84662
123	160	0.871497
123	169	0.868714
123	170	0.874848
123	171	0.867369
123	172	1.30753
123	175	0.858972
123	176	0.862106
123	178	0.867722
123	180	0.854863
124	12	1.2579
124	60	0.803059
124	79	0.902568
124	80	1.25049
124	91	1.2283
124	112	1.22754
124	113	1.3883
124	121	1.48615
124	130	1.43184
124	139	0.865957
124	140	0.86368
124	141	0.854212
124	147	0.845607
124	148	1.32239
124	149	0.873927
124	150	0.841561
124	155	0.877786
124	160	0.865324
124	162	1.40487
124	163	0.867818
124	164	0.850211
124	165	0.86112
124	168	0.855352
124	171	0.861196
124	174	0.847216
124	175	0.852799
124	176	0.855933
124	177	0.850163
124	179	0.855825
124	180	0.84869
125	29	0.868292
125	44	0.847747
125	79	1.16301
125	85	0.859098
125	102	0.859985
125	105	0.846659
125	107	1.37469
125	119	0.884913
125	127	1.3956
125	129	0.885127
125	134	0.85161
125	135	0.848406
125	137	1.35704
125	139	0.862557
125	143	1.38378
125	149	1.28436
125	152	0.864878
125	154	0.843098
125	157	0.861729
125	161	0.855176
125	164	0.846811
125	165	0.857719
125	166	0.861241
125	168	0.851951
125	171	1.34938
125	173	1.352
125	174	0.843815
125	175	1.35204
125	177	0.846763
125	179	0.852425
126	72	1.47011
126	81	0.873054
126	97	0.821853
126	98	0.877378
126	105	1.35082
126	110	0.890584
126	112	1.1768
126	119	1.23397
126	122	0.839179
126	127	0.841578
126	131	0.864878
126	143	1.42549
126	146	0.844902
126	148	1.27165
126	149	0.87068
126	155	0.874539
126	158	0.8372
126	159	1.41505
126	160	0.862078
126	163	0.864572
126	168	1.33213
126	169	0.859295
126	170	0.865429
126	171	0.857949
126	173	0.848868
126	175	0.849553
126	176	0.852687
126	178	0.858302
126	179	1.31521
126	180	0.845444
127	12	1.27539
127	94	0.827879
127	107	0.834706
127	108	0.830461
127	114	0.890913
127	118	0.824458
127	125	1.3956
127	126	0.841578
127	129	1.32359
127	131	0.850876
127	138	1.36934
127	142	0.871339
127	148	1.33988
127	149	0.856678
127	150	1.4763
127	152	1.36965
127	153	0.838542
127	155	0.860537
127	157	0.847881
127	160	0.848075
127	163	0.85057
127	168	1.40036
127	169	0.845292
127	170	0.851427
127	171	0.843947
127	173	0.834866
127	174	1.43641
127	175	0.835551
127	176	0.838685
127	178	0.8443
127	180	0.831441
128	27	0.857292
128	58	1.34235
128	70	1.19779
128	71	0.883393
128	80	0.888871
128	105	0.830423
128	115	1.42877
128	118	1.46105
128	119	0.868678
128	121	0.826823
128	130	0.843777
128	133	0.872857
128	138	0.860027
128	140	0.844043
128	143	0.822988
128	150	0.821925
128	160	1.35867
128	161	0.83894
128	162	0.845235
128	163	1.3707
128	166	0.845006
128	167	0.847342
128	168	0.835716
128	171	1.41873
128	172	0.839889
128	173	0.832479
128	174	0.82758
128	175	1.42139
128	176	1.41237
128	177	0.830527
128	179	0.836189
129	19	1.13217
129	34	0.887278
129	45	0.929637
129	54	0.928474
129	64	1.36794
129	88	0.88187
129	95	0.867453
129	98	1.22223
129	125	0.885127
129	127	1.32359
129	138	1.18739
129	140	0.890134
129	145	0.88246
129	146	1.28268
129	148	1.15793
129	150	0.868015
129	152	0.894733
129	154	0.872953
129	155	1.21467
129	156	0.888311
129	159	0.868813
129	161	0.885031
129	164	0.876666
129	165	0.887575
129	166	0.891097
129	168	0.881806
129	170	1.23831
129	174	0.87367
129	175	1.28003
129	177	0.876618
129	179	0.88228
130	37	0.84538
130	53	0.897956
130	59	0.878231
130	64	0.859689
130	67	0.858329
130	72	0.830679
130	75	1.22072
130	76	0.897422
130	78	0.833862
130	91	0.898304
130	100	0.862738
130	101	0.8674
130	114	1.24065
130	116	0.852825
130	120	1.26817
130	124	1.43184
130	128	0.843777
130	132	0.852021
130	136	0.838645
130	137	0.840306
130	138	0.881003
130	139	1.3206
130	142	1.25764
130	143	0.843964
130	144	0.868614
130	147	1.38048
130	153	1.3493
130	162	0.866212
130	164	1.34833
130	167	0.868319
130	172	0.860866
130	173	0.853455
130	174	1.3802
131	38	0.847886
131	51	0.82363
131	68	0.931428
131	82	0.820859
131	87	0.858585
131	94	0.851179
131	103	1.32359
131	108	0.853761
131	115	0.852776
131	116	1.36365
131	119	1.21789
131	122	0.848477
131	123	0.874297
131	126	0.864878
131	127	0.850876
131	133	1.20112
131	136	1.41913
131	145	1.33188
131	149	0.879978
131	155	0.883837
131	158	0.846499
131	159	1.39897
131	162	1.33805
131	163	0.87387
131	166	1.27714
131	167	1.31319
131	169	0.868593
131	171	0.867248
131	173	0.858166
131	175	0.858851
131	176	0.861985
131	178	0.867601
131	180	0.854742
132	47	1.5233
132	52	0.807688
132	85	1.30074
132	88	1.35167
132	95	1.43106
132	99	0.869204
132	112	0.892729
132	113	0.835934
132	119	1.2547
132	121	0.835067
132	130	0.852021
132	136	0.825912
132	137	0.827573
132	138	0.86827
132	140	1.31199
132	142	0.877196
132	145	1.3687
132	147	0.834215
132	149	0.862534
132	154	1.35831
132	155	0.866393
132	162	0.853479
132	163	0.856426
132	165	1.29768
132	167	0.855586
132	169	0.851149
132	170	0.857283
132	171	0.849804
132	172	0.848133
132	174	1.38891
132	175	0.841407
132	176	0.844541
132	178	0.850157
132	180	0.837298
133	14	0.821821
133	41	0.878606
133	63	0.904999
133	76	0.926502
133	78	0.862942
133	82	1.41776
133	87	1.19198
133	95	0.871419
133	100	0.891818
133	104	1.20793
133	112	0.934542
133	117	1.24588
133	128	0.872857
133	131	1.20112
133	135	0.882226
133	137	0.869386
133	139	0.896378
133	148	0.912125
133	154	0.876919
133	155	1.17651
133	156	0.892277
133	157	0.89555
133	160	1.17915
133	162	0.895291
133	167	0.897399
133	171	1.23921
133	172	0.889946
133	173	0.882535
133	174	0.877636
133	176	1.23285
133	177	0.880583
133	178	1.22601
133	179	0.886245
133	180	1.29553
134	23	1.32975
134	36	0.839297
134	55	0.814878
134	65	1.42263
134	66	1.45082
134	70	1.16493
134	75	0.902348
134	95	0.833936
134	103	0.860989
134	106	0.844376
134	111	0.863686
134	114	1.22341
134	119	0.881251
134	125	0.85161
134	145	0.848943
134	146	1.39118
134	150	0.834498
134	151	0.833411
134	152	0.861216
134	153	0.848728
134	154	0.839436
134	156	0.854794
134	158	1.40964
134	161	0.851514
134	164	0.843149
134	165	0.854057
134	166	0.85758
134	168	0.848289
134	173	1.38849
134	174	0.840153
134	175	1.38853
134	177	0.843101
134	179	0.848763
134	180	1.4422
135	11	0.800515
135	32	1.2999
135	39	0.827945
135	45	0.892915
135	69	1.42541
135	75	0.899143
135	86	0.859646
135	93	0.835514
135	95	0.830732
135	105	0.839793
135	115	1.36547
135	119	0.878047
135	122	1.43743
135	125	0.848406
135	133	0.882226
135	139	0.855691
135	140	0.853413
135	145	0.845739
135	149	1.29041
135	150	0.831294
135	152	0.858012
135	161	0.848309
135	164	0.839944
135	165	0.850853
135	166	0.854375
135	168	0.845085
135	169	1.36385
135	170	1.31637
135	171	1.35543
135	174	0.836949
135	176	1.34907
135	177	0.839896
135	179	0.845558
135	180	1.41175
