1	4	0.717433
1	105	0.507222
1	120	0.495498
1	129	0.495872
1	133	0.896354
1	166	0.942852
1	167	0.943597
1	169	0.927998
1	174	0.456021
1	178	0.462765
1	180	0.843373
2	40	0.936755
2	49	1.11209
2	63	0.624253
2	81	1.14428
2	94	1.15675
2	102	0.75453
2	104	1.11374
2	110	0.683479
2	133	1.21944
2	154	1.1833
2	155	0.700952
2	176	1.20953
3	48	0.822123
3	53	1.12705
3	59	1.32578
3	99	0.625492
3	121	0.610866
3	132	0.734691
3	134	1.24475
3	136	1.22064
3	143	1.32766
3	167	1.27115
3	177	0.841022
3	178	0.790315
4	1	0.717433
4	56	0.694961
4	65	1.00749
4	89	1.18589
4	95	1.08325
4	109	1.10568
4	130	0.774025
4	134	1.11269
4	144	1.17505
4	166	1.13834
4	176	0.794879
4	179	1.08556
5	36	1.26277
5	48	1.21014
5	62	0.888683
5	70	0.782315
5	90	1.17412
5	123	0.654316
5	133	0.630912
5	157	1.20671
5	163	1.27212
5	175	0.668554
5	176	0.66251
5	177	1.22913
6	50	0.656794
6	77	1.18013
6	104	1.19156
6	121	1.14585
6	131	1.25382
6	133	1.29726
6	145	0.788596
6	148	0.776982
6	173	0.782043
6	176	1.28735
6	178	0.863669
6	179	0.797037
7	25	1.3125
7	34	0.981714
7	51	0.884342
7	52	0.736635
7	96	0.729529
7	125	1.36919
7	131	0.556335
7	134	1.36309
7	152	0.937892
7	162	1.44903
7	169	0.597683
7	172	0.901625
8	108	0.685989
8	110	1.21923
8	123	0.710799
8	128	1.14031
8	130	0.698139
8	143	0.682178
8	158	1.19143
8	161	1.24452
8	163	1.22741
8	170	0.696419
8	173	1.17834
8	177	1.18441
9	18	0.944693
9	28	0.923147
9	31	0.833329
9	59	1.0911
9	61	0.951479
9	84	1.09541
9	119	0.916555
9	136	0.985964
9	143	1.09299
9	144	1.07243
9	146	0.940353
9	167	1.03647
10	28	0.9831
10	77	0.87881
10	79	1.14378
10	84	0.843036
10	85	0.892736
10	104	0.869756
10	118	1.08347
10	123	0.865177
10	150	1.0841
10	155	0.978474
10	159	1.03767
10	164	0.968008
11	56	0.460466
11	70	0.727395
11	98	0.46651
11	105	0.468211
11	111	0.460728
11	116	0.788971
11	136	0.854082
11	144	0.940552
11	167	0.904586
11	172	0.416724
11	175	0.886291
11	177	0.786856
12	49	0.724612
12	58	1.13582
12	141	0.684146
12	147	1.26891
12	163	1.24456
12	167	0.695429
12	168	0.686937
12	171	0.676125
12	173	1.19549
12	177	1.20156
12	179	1.21781
12	180	1.21907
13	76	1.27829
13	150	0.698843
13	152	0.918684
13	154	1.2869
13	159	0.722077
13	161	0.71377
13	168	1.30161
13	169	1.35468
13	170	1.34398
13	173	0.814819
13	174	0.882703
13	180	0.837706
14	38	1.14803
14	123	1.33354
14	140	0.863497
14	143	1.40433
14	144	1.38378
14	148	0.752336
14	157	0.731942
14	159	0.664654
14	164	0.858718
14	166	1.34707
14	178	0.866981
14	180	0.780283
15	45	0.819693
15	64	1.11142
15	101	0.678921
15	135	1.18883
15	145	0.765384
15	159	0.666089
15	160	1.19139
15	168	1.17043
15	169	1.2235
15	170	1.21279
15	171	1.21012
15	173	0.758831
16	44	1.11721
16	66	0.741958
16	78	1.2384
16	100	1.10064
16	135	0.632074
16	136	0.683205
16	156	0.644828
16	159	1.26448
16	165	1.25518
16	166	0.628107
16	173	1.2023
16	180	1.22588
17	31	1.20876
17	106	1.15313
17	120	0.822137
17	127	1.07436
17	135	0.709418
17	142	0.747497
17	144	0.733964
17	148	1.2048
17	155	1.14942
17	159	1.20862
17	164	1.13895
17	169	0.752836
17	175	0.756158
18	9	0.944693
18	42	1.10679
18	89	1.32028
18	92	0.737502
18	97	0.858257
18	98	0.835394
18	99	0.676462
18	106	0.832062
18	128	0.863588
18	139	0.786659
18	162	1.33301
18	166	1.27272
18	167	1.27347
19	41	0.930074
19	73	0.809074
19	102	0.807613
19	106	0.771466
19	133	1.23159
19	138	1.27044
19	155	0.754035
19	168	1.21017
19	169	1.26324
19	174	0.791259
19	175	1.26054
19	176	1.22168
19	177	0.831395
20	31	1.18802
20	52	1.19301
20	136	0.759131
20	145	1.11237
20	163	1.17476
20	164	1.11822
20	166	0.704033
20	167	0.761848
20	171	0.742544
20	173	1.1257
20	176	0.748697
20	177	1.13177
20	179	1.14802
21	75	0.753786
21	119	1.19427
21	146	0.798372
21	148	1.16535
21	154	0.739975
21	157	1.09064
21	158	1.12008
21	164	1.0995
21	165	1.15986
21	170	0.711043
21	176	0.733618
21	177	1.11306
21	179	1.12931
22	46	0.732737
22	65	0.820203
22	122	1.15353
22	137	0.797214
22	148	0.878214
22	154	1.15966
22	160	1.19533
22	161	0.782225
22	168	1.17437
22	170	1.21674
22	171	1.21407
22	176	1.18589
22	180	0.906161
23	25	1.04956
23	89	1.17336
23	95	1.07072
23	110	0.800971
23	136	1.07604
23	141	0.596251
23	144	1.16251
23	162	1.18609
23	166	1.1258
23	167	1.12655
23	173	0.870067
23	177	0.895805
23	179	0.885062
24	41	0.587727
24	57	0.508319
24	74	0.856619
24	109	0.903083
24	120	0.488389
24	126	0.502269
24	129	0.488763
24	162	0.996025
24	163	0.861755
24	166	0.935743
24	172	0.448625
24	174	0.448912
24	176	0.879338
25	7	1.3125
25	23	1.04956
25	74	0.857066
25	99	0.788385
25	103	0.637397
25	111	0.844396
25	134	1.26186
25	146	1.19214
25	152	0.836659
25	160	0.71373
25	165	0.88044
25	166	1.28751
25	167	1.28825
26	41	0.972733
26	50	1.21168
26	54	0.818424
26	76	0.738585
26	81	0.684938
26	124	0.889809
26	157	1.18134
26	163	1.24676
26	165	1.25057
26	167	0.748992
26	168	0.7405
26	179	1.22002
26	180	1.22127
27	56	0.449439
27	57	0.46539
27	98	0.455483
27	120	0.44546
27	143	0.950076
27	162	0.953097
27	167	0.893559
27	173	0.769758
27	175	0.875264
27	176	0.836409
27	177	0.775829
27	178	0.412727
27	180	0.793335
28	9	0.923147
28	10	0.9831
28	39	0.680246
28	106	1.13195
28	114	1.21241
28	131	0.698669
28	141	0.739164
28	145	1.11192
28	158	1.13835
28	161	1.19144
28	171	0.731143
28	179	1.14758
28	180	1.14883
29	42	0.999941
29	50	1.05854
29	56	0.724234
29	69	0.925513
29	99	1.10784
29	103	0.837708
29	104	0.899188
29	114	1.13171
29	132	1.08181
29	161	1.11073
29	163	1.09362
29	164	1.03707
29	172	0.680491
30	38	1.0386
30	59	1.29302
30	104	0.51614
30	118	0.668166
30	134	1.21199
30	144	1.27435
30	146	1.14227
30	150	0.679465
30	157	0.769986
30	162	1.29792
30	166	1.23764
30	167	1.23839
30	177	0.821178
30	179	0.810435
31	9	0.833329
31	17	1.20876
31	20	1.18802
31	54	0.730061
31	80	1.19196
31	99	1.24326
31	114	1.26713
31	130	0.626623
31	157	1.16362
31	165	1.23285
31	169	0.650199
31	170	0.624903
31	171	0.641325
31	179	1.20229
32	38	0.79992
32	40	1.18747
32	43	0.628973
32	86	1.36845
32	107	0.956406
32	115	0.993747
32	131	0.629189
32	141	0.669684
32	155	1.29846
32	157	1.27913
32	160	0.679052
32	164	1.288
32	176	0.667815
32	179	1.3178
33	36	0.778751
33	47	0.5313
33	60	0.712763
33	90	0.880866
33	121	1.09014
33	142	1.23128
33	147	0.696438
33	168	1.22012
33	169	1.27318
33	170	1.26248
33	171	1.25981
33	175	1.27049
33	176	1.23163
33	180	0.790124
34	7	0.981714
34	41	0.60871
34	57	0.529302
34	76	0.865483
34	115	0.531937
34	124	0.525786
34	129	0.509746
34	139	0.47066
34	149	0.961972
34	161	0.899852
34	170	0.931168
34	174	0.469895
34	178	0.47664
34	179	0.855996
35	39	1.14987
35	97	0.875891
35	122	1.09536
35	132	0.803295
35	138	1.17647
35	148	0.878827
35	153	1.09512
35	158	0.907636
35	160	1.13716
35	170	1.15856
35	171	1.1559
35	175	1.16657
35	178	0.704034
35	180	0.906774
36	5	1.26277
36	33	0.778751
36	72	0.722878
36	90	1.10842
36	105	0.84478
36	128	1.11932
36	138	0.775316
36	146	0.933185
36	157	1.14101
36	160	0.879667
36	164	1.14987
36	174	0.79358
36	177	1.16343
36	179	1.17968
37	51	1.06807
37	83	0.992714
37	91	0.726905
37	96	1.05277
37	116	1.0511
37	136	0.822625
37	141	0.814059
37	144	0.796041
37	145	1.02958
37	147	1.11633
37	155	1.0459
37	158	1.056
37	167	0.825342
37	177	1.04898
38	14	1.14803
38	30	1.0386
38	32	0.79992
38	46	0.838484
38	53	1.02136
38	89	1.21227
38	100	1.13722
38	123	1.15119
38	136	1.11495
38	142	0.71072
38	144	1.20142
38	167	1.16546
38	172	0.677596
38	176	0.713337
39	28	0.680246
39	35	1.14987
39	61	0.708578
39	66	1.16776
39	69	1.11397
39	86	0.642892
39	127	0.876807
39	128	0.797202
39	142	1.27275
39	162	0.513524
39	168	1.26159
39	170	1.30395
39	171	1.30128
39	175	1.31195
40	2	0.936755
40	32	1.18747
40	83	0.959438
40	93	0.974383
40	118	1.11762
40	121	1.11236
40	137	0.687612
40	145	0.996306
40	153	0.990528
40	164	1.00216
40	174	0.645861
40	177	1.01571
40	179	1.03196
40	180	1.03321
41	19	0.930074
41	24	0.587727
41	26	0.972733
41	34	0.60871
41	57	0.588315
41	83	0.842484
41	124	0.584799
41	126	0.582265
41	139	0.529673
41	151	0.556767
41	152	0.564889
41	170	0.990181
41	178	0.535652
42	18	1.10679
42	29	0.999941
42	50	0.828807
42	109	1.16516
42	120	0.750464
42	131	0.639744
42	144	1.23453
42	146	1.10245
42	149	0.836725
42	157	0.9286
42	162	1.2581
42	166	1.19782
42	167	1.19856
42	172	0.7107
43	32	0.628973
43	63	0.689753
43	80	0.739617
43	93	1.25943
43	131	1.18703
43	141	1.18124
43	149	0.700745
43	153	1.18797
43	165	0.720338
43	170	1.25141
43	171	1.24874
43	175	1.25942
43	176	1.22056
43	177	0.843813
44	16	1.11721
44	61	1.02508
44	70	0.921033
44	78	1.06866
44	80	1.04454
44	128	0.994524
44	130	0.780373
44	148	1.09092
44	153	0.750658
44	159	1.09474
44	161	1.09874
44	162	0.790567
44	166	0.756564
44	179	1.05488
45	15	0.819693
45	91	0.832494
45	115	0.808993
45	123	0.909586
45	127	1.03865
45	128	1.07269
45	132	1.14799
45	144	0.90163
45	155	1.11371
45	158	1.12382
45	171	0.911627
45	173	1.11073
45	178	0.753695
45	179	1.13305
45	180	1.1343
46	22	0.732737
46	38	0.838484
46	73	1.07989
46	75	0.726548
46	79	1.2974
46	147	1.20253
46	153	0.655811
46	158	1.1422
46	163	1.17818
46	164	1.12163
46	170	0.683806
46	171	0.700228
46	173	1.12911
46	177	1.13518
46	180	1.15269
47	33	0.5313
47	53	1.14405
47	65	0.833593
47	113	0.770473
47	123	1.27387
47	125	1.26785
47	136	1.23764
47	145	0.903217
47	152	0.836545
47	156	0.593037
47	162	1.34768
47	166	1.2874
47	167	1.28814
47	174	0.800565
47	179	0.911659
48	3	0.822123
48	5	1.21014
48	106	1.11142
48	121	0.935023
48	149	1.23303
48	150	1.21334
48	152	0.776933
48	155	1.10771
48	159	1.16691
48	167	0.876908
48	174	0.740952
48	175	0.869801
48	176	0.863757
48	178	0.747696
48	180	1.1283
49	2	1.11209
49	12	0.724612
49	77	1.04629
49	80	0.820793
49	86	0.742276
49	112	1.24272
49	130	1.23267
49	142	1.15316
49	149	0.781922
49	160	1.16295
49	161	0.798203
49	163	0.825574
49	168	1.142
49	171	1.18169
49	176	1.15351
50	6	0.656794
50	26	1.21168
50	29	1.05854
50	42	0.828807
50	80	1.14361
50	81	0.680767
50	102	1.14654
50	104	0.728054
50	116	1.13981
50	155	1.13461
50	157	1.11528
50	159	1.19381
50	162	0.721009
50	166	0.687006
50	177	1.1377
51	7	0.884342
51	37	1.06807
51	102	1.15771
51	140	0.782286
51	141	0.872483
51	150	1.25141
51	153	0.820045
51	154	0.876971
51	160	0.881851
51	163	1.19187
51	165	1.19568
51	172	0.778739
51	174	0.779026
51	177	1.14887
51	180	1.16638
52	7	0.736635
52	20	1.19301
52	88	1.23198
52	90	1.13602
52	102	1.19986
52	130	0.702053
52	132	1.22221
52	135	0.682212
52	140	0.824437
52	146	0.787662
52	168	0.727567
52	170	0.700333
52	173	1.18495
52	177	1.19102
52	180	1.20853
53	3	1.12705
53	38	1.02136
53	47	1.14405
53	56	0.77703
53	84	1.2801
53	108	0.586199
53	124	0.789465
53	127	0.971827
53	128	0.892221
53	130	0.598349
53	134	1.19476
53	143	1.27767
53	162	1.28069
53	164	0.996209
53	165	0.79715
53	167	1.22115
54	26	0.818424
54	31	0.730061
54	69	0.961576
54	82	0.878302
54	103	1.14835
54	135	1.12759
54	146	0.728571
54	147	0.8687
54	156	1.15845
54	160	1.13014
54	165	0.841763
54	168	1.10919
54	169	1.16225
54	170	1.15155
54	171	1.14888
54	176	1.1207
55	56	0.809755
55	61	0.807081
55	91	1.23683
55	108	1.17564
55	121	1.05523
55	132	0.817778
55	147	0.827571
55	151	0.794158
55	154	1.17049
55	159	0.805628
55	160	1.20617
55	161	0.797322
55	168	1.18521
55	175	1.23558
55	176	1.19672
55	179	0.913366
56	4	0.694961
56	11	0.460466
56	27	0.449439
56	29	0.724234
56	53	0.77703
56	55	0.809755
56	95	0.865295
56	98	0.483049
56	115	0.495591
56	124	0.48944
56	126	0.486906
56	156	0.901729
56	166	0.92038
56	171	0.892155
56	177	0.803394
56	179	0.819649
57	24	0.508319
57	27	0.46539
57	34	0.529302
57	41	0.588315
57	111	0.493218
57	117	0.476069
57	134	0.910683
57	140	0.45276
57	142	0.879573
57	150	0.921889
57	158	0.826366
57	166	0.936331
57	168	0.868412
57	169	0.921476
57	172	0.449213
57	179	0.8356
58	12	1.13582
58	63	1.17494
58	64	0.698856
58	74	1.1019
58	80	1.06996
58	81	0.715841
58	86	1.13094
58	122	0.746579
58	146	0.831499
58	158	1.07106
58	161	1.12415
58	163	1.10704
58	168	0.771403
58	175	0.772788
58	177	1.06404
58	180	1.08155
59	3	1.32578
59	9	1.0911
59	30	1.29302
59	138	0.437958
59	146	1.32377
59	151	0.960165
59	159	0.714015
59	162	1.47942
59	163	0.733079
59	166	1.41914
59	167	1.41988
59	173	0.806757
59	174	0.932305
59	175	0.537117
59	177	0.832495
59	180	0.829643
60	33	0.712763
60	64	0.734554
60	83	1.08106
60	87	1.13501
60	134	0.796062
60	138	0.709327
60	151	0.795346
60	154	0.808799
60	155	1.13425
60	161	1.19744
60	163	1.18033
60	164	1.12378
60	165	1.18414
60	170	0.779868
60	179	1.15359
60	180	1.15484
61	9	0.951479
61	39	0.708578
61	44	1.02508
61	55	0.807081
61	83	1.05997
61	86	1.18314
61	128	1.07214
61	148	1.16854
61	156	0.737685
61	160	0.776865
61	163	1.15924
61	164	1.10269
61	165	1.16305
61	166	0.720964
61	179	1.1325
61	180	1.13375
62	5	0.888683
62	87	0.787017
62	93	0.888787
62	117	0.446066
62	125	0.886779
62	134	0.88068
62	136	0.856569
62	139	0.420262
62	151	0.447356
62	152	0.455478
62	162	0.96661
62	168	0.838409
62	170	0.88077
62	172	0.41921
62	174	0.419497
62	178	0.426241
62	179	0.805597
63	2	0.624253
63	43	0.689753
63	58	1.17494
63	83	1.18441
63	98	0.920337
63	120	0.910314
63	127	1.16253
63	132	1.27187
63	157	1.21826
63	159	1.2968
63	160	0.739832
63	162	0.717935
63	165	1.28749
63	167	0.741746
63	169	0.731317
63	171	0.722443
63	173	1.23461
64	15	1.11142
64	58	0.698856
64	60	0.734554
64	80	0.710571
64	83	0.910912
64	123	0.505151
64	133	1.19033
64	138	1.22918
64	156	1.21817
64	160	1.18986
64	164	0.890351
64	168	1.1689
64	169	1.22197
64	170	1.21127
64	171	1.2086
64	176	1.18042
64	177	0.814768
65	4	1.00749
65	22	0.820203
65	47	0.833593
65	78	1.1095
65	118	1.18138
65	119	1.16069
65	128	1.03536
65	143	0.757031
65	148	1.13176
65	155	1.07638
65	156	0.765904
65	173	1.0734
65	175	0.799891
65	177	1.07947
65	178	0.716367
65	179	1.09572
65	180	1.09697
66	16	0.741958
66	39	1.16776
66	68	1.13249
66	76	1.11077
66	96	0.784988
66	102	0.92806
66	122	1.11325
66	142	1.14526
66	153	1.11301
66	156	1.18336
66	157	0.90065
66	168	1.1341
66	169	1.18716
66	173	0.926105
66	174	0.715184
66	178	0.721928
66	180	0.948991
67	110	0.682613
67	111	0.911399
67	112	1.38732
67	127	0.828649
67	139	0.868446
67	145	0.758263
67	154	1.27188
67	157	0.726255
67	158	0.775458
67	160	1.30755
67	163	0.678031
67	164	0.853031
67	168	1.28659
67	169	1.33966
67	174	0.867681
67	175	1.33696
67	176	1.29811
68	66	1.13249
68	70	1.11779
68	86	0.654134
68	112	1.32704
68	147	0.740309
68	152	0.843382
68	153	1.20523
68	157	0.785655
68	160	1.24727
68	165	0.713372
68	168	1.22631
68	170	1.26867
68	171	1.26601
68	173	0.811109
68	176	1.23783
68	177	0.836847
68	179	0.826104
69	29	0.925513
69	39	1.11397
69	54	0.961576
69	94	1.03904
69	100	1.02782
69	103	1.11947
69	112	1.18103
69	130	1.17098
69	144	0.587793
69	145	0.88618
69	152	0.697375
69	153	1.05922
69	156	1.12957
69	160	1.10126
69	161	0.778578
69	164	0.980949
69	171	1.12
70	5	0.782315
70	11	0.727395
70	44	0.921033
70	68	1.11779
70	130	1.21007
70	133	1.14081
70	140	0.703737
70	142	1.13055
70	144	0.684889
70	149	0.859393
70	155	0.9251
70	156	1.16866
70	157	0.951268
70	168	1.11939
70	170	1.16175
70	175	1.16976
70	176	1.1309
71	77	0.81136
71	102	1.10496
71	106	1.09674
71	109	0.793862
71	116	1.09824
71	119	1.17734
71	122	0.785756
71	132	1.12731
71	139	0.727043
71	142	0.803304
71	150	1.19867
71	151	0.754137
71	156	0.777979
71	163	1.13912
71	165	1.14293
71	168	0.810581
71	180	1.11363
72	36	0.722878
72	83	0.833247
72	115	0.983078
72	116	0.748349
72	123	1.39434
72	125	1.38832
72	132	0.630772
72	134	1.38222
72	136	1.35811
72	146	1.3125
72	147	0.640565
72	155	0.659742
72	158	0.735113
72	161	0.610315
72	162	1.46815
72	166	1.40787
72	172	0.92075
72	178	0.927781
73	19	0.809074
73	46	1.07989
73	100	0.966759
73	113	1.00983
73	119	1.15571
73	149	1.19672
73	150	1.17704
73	151	0.732506
73	153	0.809765
73	160	0.871571
73	161	1.1346
73	163	1.11749
73	164	1.06094
73	168	0.864994
73	176	0.860334
73	178	0.711391
73	179	1.09075
73	180	1.092
74	24	0.856619
74	25	0.857066
74	58	1.1019
74	76	0.73855
74	85	1.07882
74	87	1.16532
74	103	0.67071
74	108	0.702802
74	147	1.23499
74	148	1.21994
74	162	0.725146
74	163	1.21064
74	164	1.15409
74	169	0.738528
74	175	0.74185
74	177	1.16765
74	179	1.1839
74	180	1.18515
75	21	0.753786
75	46	0.726548
75	77	1.13547
75	78	0.772021
75	130	1.32185
75	131	1.20915
75	139	0.813023
75	141	1.20336
75	142	1.24233
75	149	0.759755
75	152	0.848239
75	165	0.779348
75	168	1.23117
75	170	1.27353
75	176	1.24268
75	178	0.819003
75	179	0.89208
75	180	0.899972
76	13	1.27829
76	26	0.738585
76	34	0.865483
76	66	1.11077
76	74	0.73855
76	82	0.798463
76	141	1.17678
76	147	0.788861
76	148	0.854601
76	152	0.821662
76	153	1.18351
76	154	1.18988
76	156	1.25386
76	158	0.88341
76	159	0.766919
76	168	1.20459
76	175	1.25496
76	176	1.21611
77	6	1.18013
77	10	0.87881
77	49	1.04629
77	71	0.81136
77	75	1.13547
77	121	1.00223
77	131	1.1102
77	135	1.15062
77	142	1.14338
77	146	0.651426
77	156	1.18148
77	162	0.576012
77	163	0.788678
77	168	1.13221
77	171	1.17191
77	175	1.18258
77	179	0.877351
77	180	0.885242
78	16	1.2384
78	44	1.06866
78	65	1.1095
78	75	0.772021
78	87	1.15749
78	90	1.10482
78	93	0.685139
78	94	0.715228
78	123	0.743659
78	139	0.790739
78	144	0.735703
78	149	1.28205
78	157	1.1374
78	162	0.741193
78	163	1.20282
78	173	1.15375
78	176	0.751853
78	177	1.15982
79	10	1.14378
79	46	1.2974
79	91	0.579982
79	95	0.681112
79	96	1.29579
79	106	1.29262
79	112	0.559016
79	127	1.21385
79	128	1.2479
79	144	0.649118
79	149	1.41423
79	156	0.637325
79	158	1.29902
79	160	0.676505
79	163	1.335
79	169	0.66799
79	170	0.642694
79	174	0.922155
80	31	1.19196
80	43	0.739617
80	44	1.04454
80	49	0.820793
80	50	1.14361
80	58	1.06996
80	64	0.710571
80	103	0.713363
80	112	0.672207
80	135	0.737763
80	150	1.23824
80	158	1.14272
80	161	1.19581
80	164	1.12215
80	165	1.18251
80	175	0.784503
80	177	1.1357
80	179	1.15196
81	2	1.14428
81	26	0.684938
81	50	0.680767
81	58	0.715841
81	91	1.2258
81	92	0.677262
81	99	0.616223
81	108	1.16461
81	138	1.23445
81	147	0.735215
81	153	1.1531
81	156	1.22345
81	164	0.907336
81	169	1.22724
81	170	1.21654
81	171	1.21387
81	175	1.22455
81	176	1.18569
81	179	0.821009
82	54	0.878302
82	76	0.798463
82	84	0.765383
82	87	1.09594
82	100	0.99053
82	110	1.13308
82	130	0.774865
82	134	0.789339
82	145	1.07886
82	147	1.16561
82	157	1.07584
82	162	0.785059
82	163	1.14126
82	164	1.08471
82	173	1.09219
82	176	0.795719
82	177	1.09826
82	179	1.11452
82	180	1.11577
83	37	0.992714
83	40	0.959438
83	41	0.842484
83	60	1.08106
83	61	1.05997
83	63	1.18441
83	64	0.910912
83	72	0.833247
83	118	1.17542
83	130	0.957945
83	131	0.940173
83	134	0.972419
83	137	0.74542
83	138	0.885685
83	148	1.12581
83	158	1.08054
83	163	1.11651
83	172	0.703383
83	180	1.09102
84	9	1.09541
84	10	0.843036
84	53	1.2801
84	82	0.765383
84	88	0.641593
84	120	0.976092
84	127	0.903521
84	136	1.37369
84	140	0.939874
84	142	0.54828
84	143	1.48071
84	146	1.32807
84	152	0.972595
84	154	0.557254
84	161	0.725532
84	163	0.752904
84	166	1.42345
84	167	1.42419
84	174	0.936614
85	10	0.892736
85	74	1.07882
85	89	0.843453
85	100	0.933227
85	101	1.115
85	104	0.941027
85	108	0.911638
85	110	1.07577
85	124	0.727006
85	144	0.928492
85	147	1.10831
85	149	1.16319
85	152	0.707096
85	153	0.894073
85	159	1.09707
85	161	1.10107
85	166	0.899979
85	177	1.04096
85	179	1.05722
86	32	1.36845
86	39	0.642892
86	49	0.742276
86	58	1.13094
86	61	1.18314
86	68	0.654134
86	94	0.663317
86	97	1.23162
86	133	0.668344
86	149	1.31891
86	156	0.671999
86	158	1.2037
86	159	1.2528
86	161	1.25679
86	168	0.704601
86	170	0.677367
86	172	0.826551
86	177	1.19668
86	179	1.21294
87	60	1.13501
87	62	0.787017
87	74	1.16532
87	78	1.15749
87	82	1.09594
87	94	0.756717
87	135	0.752645
87	138	0.700227
87	142	0.790724
87	155	1.12437
87	158	1.13448
87	161	1.18757
87	162	0.782681
87	170	0.770767
87	173	1.12139
87	176	0.793342
87	177	1.12746
87	179	1.14371
87	180	1.14497
88	52	1.23198
88	84	0.641593
88	99	1.22796
88	119	1.25197
88	121	0.743196
88	122	0.651764
88	125	0.664953
88	127	1.0926
88	143	0.635113
88	145	1.15134
88	150	1.27329
88	153	0.62136
88	157	1.14833
88	159	1.22686
88	164	1.15719
88	165	1.21755
88	167	0.68508
88	176	0.671929
88	179	1.187
89	4	1.18589
89	18	1.32028
89	23	1.17336
89	38	1.21227
89	85	0.843453
89	92	0.626975
89	106	0.721536
89	115	0.986523
89	140	0.927741
89	146	1.31594
89	150	0.639752
89	158	0.779476
89	162	1.47159
89	164	0.857049
89	165	0.65799
89	166	1.41131
89	167	1.41206
89	178	0.931225
89	180	0.778614
90	5	1.17412
90	33	0.880866
90	36	1.10842
90	52	1.13602
90	78	1.10482
90	106	1.0754
90	112	0.864294
90	123	0.962352
90	126	0.758293
90	140	0.708196
90	143	0.93373
90	148	1.12708
90	155	1.0717
90	164	1.06123
90	166	0.925882
90	170	0.947971
90	173	1.06871
90	178	0.711681
90	179	1.09104
91	37	0.726905
91	45	0.832494
91	55	1.23683
91	79	0.579982
91	81	1.2258
91	97	0.763635
91	131	1.25752
91	140	0.863886
91	141	1.25173
91	160	1.30049
91	161	0.670583
91	163	0.697954
91	164	0.872954
91	165	0.673894
91	168	1.27954
91	169	1.3326
91	171	1.31923
91	175	1.32991
91	178	0.867371
92	18	0.737502
92	81	0.677262
92	89	0.626975
92	101	1.19061
92	106	1.1172
92	110	1.15139
92	113	0.877658
92	132	1.14777
92	144	0.712015
92	145	1.09718
92	147	1.18392
92	149	1.23881
92	154	0.734522
92	155	1.11349
92	161	1.17669
92	169	0.730887
92	173	1.11051
92	175	0.734209
92	177	1.11658
92	180	1.13408
93	40	0.974383
93	43	1.25943
93	62	0.888787
93	78	0.685139
93	107	0.884084
93	111	0.903101
93	113	1.20296
93	117	0.885952
93	119	0.663989
93	128	0.787537
93	141	1.25048
93	153	1.25721
93	156	1.32756
93	157	0.764749
93	161	0.689154
93	169	1.33136
93	175	1.32866
93	176	1.28981
93	179	0.805198
93	180	0.81309
94	2	1.15675
94	69	1.03904
94	78	0.715228
94	86	0.663317
94	87	0.756717
94	108	1.17709
94	132	0.7397
94	135	1.20506
94	138	1.24693
94	145	0.826846
94	151	0.795602
94	153	1.16557
94	154	1.17194
94	156	1.23592
94	160	1.20761
94	175	1.23702
94	176	1.19817
94	177	0.846031
94	179	0.835288
94	180	0.843179
95	4	1.08325
95	23	1.07072
95	56	0.865295
95	79	0.681112
95	109	1.27601
95	123	1.29514
95	128	0.870095
95	137	0.86359
95	141	0.598945
95	143	1.36593
95	146	1.2133
95	150	0.756785
95	152	0.85782
95	162	1.36895
95	163	0.799083
95	166	1.30867
95	167	1.30942
95	171	0.590924
95	177	0.898499
95	180	0.895648
96	7	0.729529
96	37	1.05277
96	66	0.784988
96	79	1.29579
96	100	1.02584
96	101	1.20761
96	122	0.695636
96	142	0.713184
96	148	1.18587
96	150	1.23611
96	157	1.11115
96	158	1.14059
96	160	0.727038
96	161	1.19368
96	162	0.705141
96	165	1.18038
96	166	0.671137
96	175	0.721845
96	179	1.14983
96	180	1.15108
97	18	0.858257
97	35	0.875891
97	86	1.23162
97	91	0.763635
97	107	0.81958
97	144	0.832771
97	150	1.26727
97	154	0.855278
97	155	1.16164
97	157	1.14231
97	159	1.22084
97	162	0.838261
97	163	1.20772
97	165	1.21153
97	170	0.826347
97	172	0.794592
97	174	0.794878
97	178	0.801623
97	179	1.18098
97	180	1.18223
98	11	0.46651
98	18	0.835394
98	27	0.455483
98	56	0.483049
98	63	0.920337
98	119	0.890658
98	139	0.440358
98	143	0.983686
98	151	0.467452
98	152	0.475574
98	162	0.986707
98	167	0.927169
98	169	0.911569
98	171	0.898199
98	172	0.439306
98	174	0.439593
98	175	0.908874
98	178	0.446337
98	179	0.825693
98	180	0.826945
99	3	0.625492
99	18	0.676462
99	25	0.788385
99	29	1.10784
99	31	1.24326
99	81	0.616223
99	88	1.22796
99	101	1.26104
99	102	1.19584
99	114	1.26809
99	121	0.738392
99	127	1.10885
99	135	0.626429
99	136	0.67756
99	147	1.25435
99	155	1.18392
99	157	1.16458
99	159	1.24311
99	170	0.644551
99	173	1.18093
99	175	0.673169
100	16	1.10064
100	38	1.13722
100	69	1.02782
100	73	0.966759
100	82	0.99053
100	85	0.933227
100	96	1.02584
100	125	0.998136
100	127	0.943901
100	132	1.05324
100	149	1.14428
100	155	1.01897
100	157	0.999632
100	158	1.02907
100	160	1.01635
100	166	0.960448
100	172	0.651918
100	173	1.01598
100	174	0.652205
100	176	1.00511
100	179	1.03831
101	15	0.678921
101	85	1.115
101	92	1.19061
101	96	1.20761
101	99	1.26104
101	106	1.20444
101	111	0.877692
101	140	0.837233
101	143	0.740192
101	144	0.760858
101	154	0.783365
101	155	1.20073
101	156	0.749065
101	157	1.1814
101	159	1.25993
101	162	0.766348
101	163	1.24682
101	168	0.781667
101	169	0.779729
101	173	1.19775
101	178	0.840718
102	2	0.75453
102	19	0.807613
102	50	1.14654
102	51	1.15771
102	52	1.19986
102	66	0.92806
102	71	1.10496
102	99	1.19584
102	114	1.21971
102	140	0.772037
102	145	1.11922
102	154	0.86523
102	156	0.83093
102	157	1.1162
102	161	1.19873
102	166	0.814209
102	170	0.836299
102	172	0.76849
102	178	0.775521
102	180	1.15613
103	25	0.637397
103	29	0.837708
103	54	1.14835
103	69	1.11947
103	74	0.67071
103	80	0.713363
103	104	1.1828
103	108	1.25751
103	131	1.24506
103	140	0.851424
103	154	1.25236
103	159	0.699079
103	160	1.28803
103	161	0.690772
103	163	0.718143
103	165	0.694084
103	169	1.32014
103	170	1.30944
103	173	0.791822
103	175	1.31744
103	176	1.27859
104	2	1.11374
104	6	1.19156
104	10	0.869756
104	29	0.899188
104	30	0.51614
104	50	0.728054
104	85	0.941027
104	103	1.1828
104	108	1.13407
104	122	1.12279
104	131	1.12162
104	149	0.735972
104	154	1.12892
104	156	1.19291
104	160	1.16459
104	169	1.1967
104	170	1.186
104	174	0.724726
104	176	1.15515
104	179	0.868297
104	180	0.876188
105	1	0.507222
105	11	0.468211
105	36	0.84478
105	111	0.485011
105	117	0.467863
105	120	0.480771
105	129	0.481145
105	139	0.442058
105	147	0.878486
105	151	0.469153
105	152	0.477274
105	160	0.881161
105	162	0.988407
105	165	0.857946
105	166	0.928124
105	167	0.92887
105	168	0.860205
105	171	0.899899
105	172	0.441007
105	175	0.910574
105	177	0.811139
106	17	1.15313
106	18	0.832062
106	19	0.771466
106	28	1.13195
106	48	1.11142
106	71	1.09674
106	79	1.29262
106	89	0.721536
106	90	1.0754
106	92	1.1172
106	101	1.20444
106	108	0.789722
106	109	0.810666
106	117	0.787129
106	145	1.111
106	146	0.887481
106	158	1.13743
106	159	1.18652
106	168	0.827385
106	171	0.816573
106	173	1.12433
106	178	0.767304
107	32	0.956406
107	93	0.884084
107	97	0.81958
107	111	0.458512
107	112	0.934433
107	115	0.476836
107	120	0.454271
107	123	0.888098
107	129	0.454645
107	137	0.456545
107	141	0.805895
107	151	0.442654
107	152	0.450775
107	162	0.961908
107	166	0.901625
107	167	0.90237
107	174	0.414794
107	175	0.884075
107	178	0.421538
107	179	0.800895
107	180	0.802146
108	8	0.685989
108	53	0.586199
108	55	1.17564
108	74	0.702802
108	81	1.16461
108	85	0.911638
108	94	1.17709
108	103	1.25751
108	104	1.13407
108	106	0.789722
108	134	0.541849
108	142	1.22951
108	154	1.20363
108	156	1.26762
108	163	0.750235
108	168	1.21835
108	169	1.27141
108	170	1.26071
108	171	1.25804
108	173	0.823913
108	177	0.849651
108	178	0.80618
109	4	1.10568
109	24	0.903083
109	42	1.16516
109	71	0.793862
109	95	1.27601
109	106	0.810666
109	125	1.31155
109	127	0.921797
109	136	1.28134
109	142	0.566556
109	144	1.36781
109	146	1.23572
109	150	0.728882
109	158	0.868606
109	162	1.39138
109	163	0.77118
109	166	1.33109
109	167	1.33184
109	169	0.571895
109	171	0.563021
109	172	0.843977
109	174	0.844264
110	2	0.683479
110	8	1.21923
110	23	0.800971
110	67	0.682613
110	82	1.13308
110	85	1.07577
110	92	1.15139
110	112	0.68157
110	115	0.856793
110	118	1.26651
110	127	1.08645
110	128	1.12049
110	138	0.694706
110	145	1.1452
110	154	0.794178
110	155	1.16151
110	165	1.2114
110	166	0.743158
110	169	0.790543
110	170	0.765247
110	173	1.15853
110	177	1.1646
110	179	1.18085
111	11	0.460728
111	25	0.844396
111	57	0.493218
111	67	0.911399
111	93	0.903101
111	101	0.877692
111	105	0.485011
111	107	0.458512
111	124	0.489702
111	126	0.487168
111	128	0.759553
111	132	0.834845
111	140	0.437071
111	143	0.977904
111	151	0.46167
111	152	0.469792
111	162	0.980925
111	163	0.846654
111	173	0.797586
111	175	0.903092
111	176	0.864237
111	177	0.803657
111	178	0.440555
112	49	1.24272
112	67	1.38732
112	68	1.32704
112	69	1.18103
112	79	0.559016
112	80	0.672207
112	90	0.864294
112	107	0.934433
112	110	0.68157
112	119	0.624452
112	129	0.949583
112	135	1.34705
112	138	1.38892
112	145	0.757219
112	154	1.31393
112	155	0.699043
112	159	0.657923
112	168	1.32864
112	170	1.37101
112	172	0.909445
112	176	1.34016
112	177	0.776404
112	179	0.765661
113	47	0.770473
113	73	1.00983
113	92	0.877658
113	93	1.20296
113	115	0.795714
113	124	0.789563
113	133	1.17401
113	138	1.21286
113	142	1.16375
113	145	1.01296
113	153	1.1315
113	156	1.20185
113	160	1.17354
113	161	0.905361
113	165	0.908673
113	166	0.686063
113	167	0.743877
113	169	1.20565
113	171	1.19228
113	172	0.733385
113	175	1.20295
113	176	1.1641
113	178	0.740416
114	28	1.21241
114	29	1.13171
114	31	1.26713
114	99	1.26809
114	102	1.21971
114	123	0.651004
114	127	1.13272
114	131	0.620571
114	132	1.24206
114	146	0.723952
114	149	1.3331
114	156	0.631255
114	157	1.18845
114	159	1.26698
114	160	0.670435
114	161	1.27098
114	167	0.672349
114	168	0.663857
114	169	0.66192
114	171	0.653045
114	176	0.659198
114	177	1.21087
114	179	1.22712
115	32	0.993747
115	34	0.531937
115	45	0.808993
115	56	0.495591
115	72	0.983078
115	89	0.986523
115	107	0.476836
115	110	0.856793
115	113	0.795714
115	117	0.478705
115	129	0.491986
115	137	0.493886
115	138	0.931319
115	139	0.4529
115	151	0.479995
115	152	0.488116
115	158	0.829001
115	164	0.80843
115	166	0.938966
115	172	0.451849
115	175	0.921416
115	178	0.458879
116	11	0.788971
116	37	1.0511
116	50	1.13981
116	71	1.09824
116	72	0.748349
116	119	1.21312
116	128	1.0878
116	135	0.853206
116	139	0.762819
116	142	0.891285
116	143	0.857086
116	145	1.1125
116	156	0.865959
116	157	1.10948
116	158	1.13892
116	159	1.18801
116	160	0.905139
116	163	1.1749
116	167	0.907053
116	172	0.761767
116	173	1.12583
116	174	0.762054
116	176	0.893902
116	177	1.1319
117	57	0.476069
117	62	0.446066
117	93	0.885952
117	105	0.467863
117	106	0.787129
117	115	0.478705
117	129	0.456514
117	136	0.853734
117	137	0.458413
117	140	0.419922
117	141	0.807764
117	143	0.960755
117	144	0.940204
117	149	0.90874
117	152	0.452643
117	164	0.772957
117	166	0.903494
117	167	0.904239
117	169	0.888639
117	170	0.877936
117	171	0.875269
117	174	0.416663
117	178	0.423407
117	180	0.804014
118	10	1.08347
118	30	0.668166
118	40	1.11762
118	65	1.18138
118	83	1.17542
118	110	1.26651
118	141	0.731512
118	143	0.692828
118	146	0.794398
118	152	0.897829
118	156	0.701701
118	157	1.20928
118	160	0.74088
118	161	1.2918
118	163	1.27469
118	165	1.2785
118	168	0.734303
118	169	0.732365
118	170	0.707069
118	172	0.861562
118	173	1.22562
118	176	0.729643
118	177	1.23169
118	179	1.24795
118	180	1.2492
119	9	0.916555
119	21	1.19427
119	65	1.16069
119	71	1.17734
119	73	1.15571
119	88	1.25197
119	93	0.663989
119	98	0.890658
119	112	0.624452
119	116	1.21312
119	131	0.692077
119	143	0.693888
119	148	1.2633
119	151	0.869017
119	156	0.702761
119	163	1.254
119	164	1.19745
119	165	1.25781
119	167	0.743854
119	168	0.735362
119	171	0.72455
119	173	1.20493
119	175	0.736747
119	179	1.22726
119	180	1.22851
120	1	0.495498
120	17	0.822137
120	24	0.488389
120	27	0.44546
120	42	0.750464
120	63	0.910314
120	84	0.976092
120	105	0.480771
120	107	0.454271
120	129	0.469421
120	137	0.471321
120	142	0.859644
120	144	0.953112
120	154	0.833764
120	161	0.859527
120	165	0.846223
120	166	0.916401
120	169	0.901547
120	171	0.888176
120	172	0.429284
120	174	0.42957
120	176	0.859996
120	178	0.436315
120	180	0.816922
121	3	0.610866
121	6	1.14585
121	33	1.09014
121	40	1.11236
121	48	0.935023
121	55	1.05523
121	77	1.00223
121	88	0.743196
121	99	0.738392
121	130	1.18861
121	131	1.07592
121	133	1.11935
121	138	1.1582
121	141	1.07012
121	150	0.812208
121	153	1.07685
121	155	0.876561
121	159	0.835442
121	169	1.151
121	170	1.14029
121	171	1.13763
121	172	0.678734
121	175	1.1483
121	176	1.10945
121	179	0.943179
122	22	1.15353
122	35	1.09536
122	58	0.746579
122	66	1.11325
122	71	0.785756
122	88	0.651764
122	96	0.695636
122	104	1.12279
122	130	1.29775
122	133	1.22849
122	135	1.22547
122	137	0.82991
122	140	0.791419
122	142	1.21823
122	147	0.765952
122	148	0.831692
122	153	1.18599
122	160	1.22803
122	163	0.763074
122	165	0.739015
122	169	1.26014
122	171	1.24677
122	175	1.25744
122	177	0.86249
122	180	0.859639
123	5	0.654316
123	8	0.710799
123	10	0.865177
123	14	1.33354
123	38	1.15119
123	45	0.909586
123	47	1.27387
123	64	0.505151
123	72	1.39434
123	78	0.743659
123	90	0.962352
123	95	1.29514
123	107	0.888098
123	114	0.651004
123	126	0.916754
123	129	0.903248
123	134	1.32458
123	136	1.30047
123	143	1.40749
123	146	1.25486
123	162	1.41051
123	167	1.35097
123	169	0.575761
123	174	0.863397
123	175	0.579083
123	176	0.573039
124	26	0.889809
124	34	0.525786
124	41	0.584799
124	53	0.789465
124	56	0.48944
124	85	0.727006
124	111	0.489702
124	113	0.789563
124	125	0.913267
124	126	0.499341
124	135	0.883298
124	136	0.883056
124	137	0.487735
124	140	0.449244
124	149	0.938061
124	151	0.473843
124	152	0.481965
124	156	0.914164
124	166	0.932815
124	172	0.445697
124	175	0.915265
124	178	0.452728
124	180	0.833336
125	7	1.36919
125	47	1.26785
125	62	0.886779
125	72	1.38832
125	88	0.664953
125	100	0.998136
125	109	1.31155
125	124	0.913267
125	130	0.553403
125	134	1.31856
125	140	0.860635
125	143	1.40147
125	144	1.38092
125	148	0.844881
125	149	0.732611
125	151	0.885235
125	152	0.893356
125	158	0.87369
125	160	0.585494
125	161	0.748892
125	162	1.40449
125	166	1.34421
125	167	1.34495
125	170	0.551683
125	173	0.849942
125	178	0.86412
125	180	0.872828
126	24	0.502269
126	41	0.582265
126	56	0.486906
126	90	0.758293
126	111	0.487168
126	123	0.916754
126	124	0.499341
126	133	0.883783
126	140	0.44671
126	146	0.83491
126	147	0.880642
126	151	0.471309
126	152	0.479431
126	153	0.84128
126	160	0.883318
126	162	0.990564
126	163	0.856293
126	164	0.799744
126	167	0.931026
126	171	0.902056
126	172	0.443163
126	174	0.44345
126	175	0.912731
126	178	0.450194
126	180	0.830802
127	17	1.07436
127	39	0.876807
127	45	1.03865
127	53	0.971827
127	63	1.16253
127	67	0.828649
127	79	1.21385
127	84	0.903521
127	88	1.0926
127	99	1.10885
127	100	0.943901
127	109	0.921797
127	110	1.08645
127	114	1.13272
127	128	1.00753
127	136	0.944292
127	148	1.10393
127	158	1.05865
127	164	1.03808
127	167	0.947008
127	171	0.927704
127	172	0.681502
127	173	1.04556
127	174	0.681789
127	176	0.933857
127	177	1.05163
127	179	1.06789
127	180	1.06914
128	8	1.14031
128	18	0.863588
128	36	1.11932
128	39	0.797202
128	44	0.994524
128	45	1.07269
128	53	0.892221
128	61	1.07214
128	65	1.03536
128	79	1.2479
128	93	0.787537
128	95	0.870095
128	110	1.12049
128	111	0.759553
128	116	1.0878
128	127	1.00753
128	141	0.85612
128	145	1.06628
128	146	0.919006
128	147	1.15303
128	150	1.18822
128	159	1.14179
128	165	1.13249
128	168	0.85891
128	169	0.856973
128	173	1.07961
128	174	0.715835
128	175	0.860295
128	180	1.10319
129	1	0.495872
129	24	0.488763
129	34	0.509746
129	105	0.481145
129	107	0.454645
129	112	0.949583
129	115	0.491986
129	117	0.456514
129	120	0.469421
129	123	0.903248
129	137	0.471695
129	139	0.430709
129	141	0.821045
129	144	0.953486
129	145	0.780389
129	146	0.821404
129	148	0.852084
129	150	0.902333
129	153	0.827775
129	160	0.869812
129	162	0.977058
129	163	0.842787
129	165	0.846597
129	174	0.429944
129	175	0.899225
129	176	0.86037
129	178	0.436688
130	4	0.774025
130	8	0.698139
130	31	0.626623
130	44	0.780373
130	49	1.23267
130	52	0.702053
130	53	0.598349
130	69	1.17098
130	70	1.21007
130	75	1.32185
130	82	0.774865
130	83	0.957945
130	121	1.18861
130	122	1.29775
130	125	0.553403
130	149	0.718733
130	151	0.92754
130	153	1.29751
130	154	1.30388
130	156	1.36786
130	162	0.549719
130	163	0.762385
130	168	1.31859
130	170	1.36095
130	171	1.35829
130	172	0.899394
130	174	0.899681
130	175	1.36896
130	176	1.33011
130	177	0.861801
130	178	0.906425
131	6	1.25382
131	7	0.556335
131	28	0.698669
131	32	0.629189
131	42	0.639744
131	43	1.18703
131	75	1.20915
131	77	1.1102
131	83	0.940173
131	91	1.25752
131	103	1.24506
131	104	1.12162
131	114	0.620571
131	119	0.692077
131	121	1.07592
131	141	1.17809
131	150	0.702315
131	153	1.18482
131	154	1.19118
131	155	0.766668
131	156	1.25517
131	158	0.842039
131	159	0.725549
131	160	1.22686
131	169	1.25897
131	170	1.24826
131	171	1.24559
131	175	1.25627
131	176	1.21741
131	179	0.833286
131	180	0.841177
132	3	0.734691
132	29	1.08181
132	35	0.803295
132	45	1.14799
132	52	1.22221
132	55	0.817778
132	63	1.27187
132	71	1.12731
132	72	0.630772
132	92	1.14777
132	94	0.7397
132	100	1.05324
132	111	0.834845
132	114	1.24206
132	133	0.744727
132	134	0.769945
132	138	0.68321
132	144	0.760175
132	145	1.14157
132	148	1.21327
132	150	1.26352
132	155	1.15789
132	158	1.16799
132	161	1.22108
132	165	1.20778
132	166	0.731661
132	169	0.779047
132	170	0.753751
132	174	0.791127
132	179	1.17723
132	180	1.17848
133	1	0.896354
133	2	1.21944
133	5	0.630912
133	6	1.29726
133	19	1.23159
133	64	1.19033
133	70	1.14081
133	86	0.668344
133	113	1.17401
133	121	1.11935
133	122	1.22849
133	126	0.883783
133	132	0.744727
133	135	1.26774
133	141	1.22153
133	147	0.754519
133	149	0.707989
133	150	0.709344
133	151	0.858286
133	154	1.23462
133	160	1.27029
133	161	0.72427
133	164	0.926641
133	165	0.727582
133	168	1.24934
133	169	1.3024
133	170	1.2917
133	173	0.82532
133	176	1.26085
133	177	0.851057
133	179	0.840314
133	180	0.848206
134	3	1.24475
134	4	1.11269
134	7	1.36309
134	25	1.26186
134	30	1.21199
134	53	1.19476
134	57	0.910683
134	60	0.796062
134	62	0.88068
134	72	1.38222
134	82	0.789339
134	83	0.972419
134	108	0.541849
134	123	1.32458
134	125	1.31856
134	132	0.769945
134	136	1.28835
134	143	1.39537
134	146	1.24274
134	149	0.733207
134	151	0.879135
134	158	0.874286
134	161	0.749488
134	166	1.33811
134	167	1.33885
134	168	0.579512
134	171	0.5687
134	172	0.850989
134	175	0.580897
134	177	0.876275
134	178	0.85802
134	180	0.873424
135	15	1.18883
135	16	0.632074
135	17	0.709418
135	52	0.682212
135	54	1.12759
135	77	1.15062
135	80	0.737763
135	87	0.752645
135	94	1.20506
135	99	0.626429
135	112	1.34705
135	116	0.853206
135	122	1.22547
135	124	0.883298
135	133	1.26774
135	141	1.21851
135	142	1.25748
135	148	0.811161
135	154	1.2316
135	157	0.790767
135	160	1.26727
135	163	0.742543
135	169	1.29938
135	170	1.28868
135	171	1.28601
135	173	0.816222
135	174	0.827407
135	175	1.29669
135	176	1.25783
135	177	0.841959
135	178	0.834151
135	180	0.839108
136	3	1.22064
136	9	0.985964
136	11	0.854082
136	16	0.683205
136	20	0.759131
136	23	1.07604
136	37	0.822625
136	38	1.11495
136	47	1.23764
136	62	0.856569
136	72	1.35811
136	84	1.37369
136	99	0.67756
136	109	1.28134
136	117	0.853734
136	123	1.30047
136	124	0.883056
136	127	0.944292
136	134	1.28835
136	144	1.35071
136	146	1.21862
136	148	0.862292
136	150	0.751376
136	151	0.855024
136	157	0.841898
136	159	0.77461
136	161	0.766303
136	162	1.37428
136	165	0.769615
136	166	1.314
136	167	1.31474
136	171	0.585515
136	179	0.882347
137	22	0.797214
137	40	0.687612
137	83	0.74542
137	95	0.86359
137	107	0.456545
137	115	0.493886
137	117	0.458413
137	120	0.471321
137	122	0.82991
137	124	0.487735
137	129	0.471695
137	140	0.435104
137	144	0.955385
137	146	0.823304
137	148	0.853984
137	151	0.459703
137	154	0.836038
137	157	0.779271
137	159	0.857802
137	162	0.978957
137	164	0.788138
137	166	0.918675
137	167	0.91942
137	169	0.90382
137	172	0.431557
137	174	0.431844
137	176	0.86227
137	178	0.438588
137	179	0.817944
137	180	0.819196
138	19	1.27044
138	35	1.17647
138	36	0.775316
138	59	0.437958
138	60	0.709327
138	64	1.22918
138	81	1.23445
138	83	0.885685
138	87	0.700227
138	94	1.24693
138	110	0.694706
138	112	1.38892
138	113	1.21286
138	115	0.931319
138	121	1.1582
138	132	0.68321
138	141	1.26038
138	142	1.29935
138	147	0.693003
138	148	0.758742
138	151	0.897136
138	153	1.26711
138	154	1.27347
138	156	1.33746
138	157	0.738348
138	159	0.67106
138	164	0.865124
138	169	1.34125
138	171	1.32788
138	172	0.86899
138	173	0.763803
138	176	1.2997
138	179	0.778797
139	18	0.786659
139	34	0.47066
139	41	0.529673
139	62	0.420262
139	67	0.868446
139	71	0.727043
139	75	0.813023
139	78	0.790739
139	98	0.440358
139	105	0.442058
139	115	0.4529
139	116	0.762819
139	129	0.430709
139	143	0.934951
139	144	0.914399
139	146	0.782318
139	150	0.863247
139	152	0.426839
139	154	0.795052
139	159	0.816816
139	160	0.830726
139	162	0.937972
139	164	0.747152
139	165	0.80751
139	166	0.877689
139	167	0.878434
139	168	0.80977
139	169	0.862834
139	170	0.852131
139	171	0.849464
139	172	0.390571
139	173	0.754633
139	174	0.390858
139	178	0.397602
139	180	0.77821
140	14	0.863497
140	51	0.782286
140	52	0.824437
140	57	0.45276
140	70	0.703737
140	84	0.939874
140	89	0.927741
140	90	0.708196
140	91	0.863886
140	101	0.837233
140	102	0.772037
140	103	0.851424
140	111	0.437071
140	117	0.419922
