1	81	0.681524
1	109	0.802258
1	111	0.652554
1	118	0.747726
1	128	1.15893
1	130	1.23582
1	141	1.23085
1	166	1.20838
1	172	1.19685
1	175	0.710686
1	176	1.18789
1	180	1.18127
2	21	0.981779
2	47	1.2798
2	59	1.05523
2	64	1.04183
2	92	1.01135
2	96	0.983016
2	107	1.03115
2	153	0.874434
2	170	1.01587
2	172	0.898437
2	179	0.924521
2	180	0.909143
3	27	0.99994
3	45	0.869159
3	62	1.06739
3	80	0.9937
3	110	0.888251
3	116	1.12793
3	127	1.09718
3	139	1.04342
3	158	1.04384
3	170	0.932003
3	176	0.915179
3	179	1.02662
4	44	0.756783
4	79	1.14757
4	131	1.16272
4	138	1.24921
4	141	0.667901
4	161	1.17048
4	163	0.721276
4	165	0.750618
4	169	0.707138
4	174	1.2153
4	175	1.23178
4	178	1.22293
5	106	1.14363
5	134	1.16147
5	142	0.722521
5	149	1.2543
5	154	0.748643
5	161	1.17051
5	166	0.692286
5	172	0.715946
5	174	1.21532
5	175	1.23181
5	176	0.727721
5	178	1.22295
6	47	0.583643
6	135	1.18737
6	138	0.711583
6	141	1.23165
6	157	1.20751
6	158	1.19672
6	162	0.769812
6	167	1.20597
6	173	0.758265
6	176	1.18869
6	178	0.771176
6	180	1.18207
7	77	1.12334
7	85	0.725521
7	87	1.18698
7	88	1.23055
7	89	1.23056
7	90	1.23056
7	91	1.18803
7	103	1.20996
7	160	0.760335
7	172	0.715481
7	177	0.666597
7	179	0.741565
8	20	1.18628
8	26	1.18628
8	35	1.06377
8	46	0.752647
8	52	1.30239
8	66	0.722063
8	74	1.25069
8	123	0.672434
8	147	0.711099
8	160	0.749123
8	170	1.16999
8	177	1.24065
9	10	1.22203
9	15	1.22139
9	19	0.681238
9	31	1.16451
9	47	0.61072
9	69	1.16185
9	76	1.22299
9	81	1.23114
9	120	0.741704
9	147	1.17612
9	158	0.776064
9	164	0.790903
10	9	1.22203
10	36	1.10908
10	69	1.18197
10	76	1.24311
10	81	1.25126
10	93	1.19178
10	138	0.704765
10	141	0.677909
10	148	1.20078
10	168	0.718567
10	171	0.751104
10	179	0.754077
11	41	0.698037
11	46	1.21876
11	54	0.779318
11	128	0.725779
11	132	1.19408
11	150	1.23771
11	173	1.18989
11	174	1.17848
11	175	1.19497
11	176	0.699922
11	178	1.18611
11	180	0.698853
12	48	0.995962
12	56	1.13376
12	105	0.903428
12	135	0.882266
12	136	1.04431
12	146	0.902785
12	153	1.05647
12	156	1.03924
12	158	0.906649
12	169	1.04074
12	176	1.04806
12	180	1.04144
13	46	1.07007
13	47	0.829153
13	67	0.861201
13	101	0.942674
13	150	1.08901
13	160	1.04011
13	169	0.969475
13	171	1.04614
13	173	1.0412
13	174	1.02979
13	175	1.04627
13	178	1.03741
14	53	0.905328
14	68	1.06026
14	77	0.971878
14	87	1.03552
14	88	1.07909
14	89	1.07909
14	90	1.07909
14	91	1.03656
14	103	1.0585
14	138	0.864936
14	148	0.930877
14	176	0.89994
15	9	1.22139
15	36	1.10844
15	69	1.18133
15	76	1.24247
15	81	1.25062
15	113	0.663323
15	125	0.750642
15	147	1.1956
15	148	1.20014
15	171	0.754202
15	177	0.682207
15	179	0.757175
16	37	0.985917
16	51	0.936089
16	96	0.922568
16	127	0.850571
16	155	1.06857
16	156	1.0519
16	165	1.03788
16	168	1.07123
16	172	1.06968
16	175	0.887541
16	176	1.06072
16	180	1.0541
17	40	0.80822
17	78	0.602033
17	82	1.13972
17	137	0.767516
17	141	1.24634
17	151	1.2209
17	165	1.18055
17	172	1.21234
17	175	0.698679
17	176	1.20338
17	178	0.716884
17	180	1.19676
18	100	0.698716
18	116	0.588209
18	118	0.66536
18	120	1.31643
18	142	1.30298
18	151	1.31433
18	156	1.28799
18	162	0.645162
18	165	1.27398
18	167	1.31409
18	174	0.648817
18	178	0.646525
18	180	1.29019
19	9	0.681238
19	20	0.646945
19	59	1.33456
19	96	1.26234
19	102	0.653435
19	124	1.28992
19	132	1.30674
19	135	1.30511
19	158	0.646913
19	165	0.665371
19	166	0.609078
19	173	1.30255
19	178	1.29877
20	8	1.18628
20	19	0.646945
20	24	0.758671
20	26	1.18628
20	35	1.06377
20	52	1.30239
20	57	0.692803
20	74	1.25069
20	170	1.16999
20	171	0.750706
20	177	1.24065
20	179	0.75368
21	2	0.981779
21	47	1.38353
21	64	1.14556
21	65	1.13285
21	91	0.789208
21	92	1.11508
21	93	0.780914
21	96	1.08674
21	107	1.13487
21	141	0.7292
21	170	1.1196
21	171	0.802395
21	179	0.805368
22	38	1.21202
22	55	1.09721
22	92	0.736732
22	106	0.845521
22	117	1.12783
22	131	0.829672
22	139	0.755663
22	150	0.725281
22	154	1.09407
22	165	1.12633
22	169	1.14184
22	172	1.15813
22	180	1.14255
23	51	1.10594
23	60	0.74927
23	111	1.22865
23	112	0.802458
23	114	0.827785
23	132	1.14793
23	145	1.10882
23	161	1.08752
23	163	0.764305
23	167	0.76
23	174	1.13234
23	175	1.14882
23	178	1.13996
24	20	0.758671
24	37	0.866122
24	49	1.05577
24	116	1.21039
24	126	1.16304
24	127	1.17965
24	136	0.771396
24	143	1.10941
24	156	0.773816
24	157	1.1371
24	167	1.13555
24	168	0.735038
24	179	1.10909
25	38	0.74113
25	60	0.786749
25	98	0.753519
25	106	1.06268
25	123	1.23917
25	129	0.81617
25	144	1.1138
25	152	1.12444
25	162	1.13775
25	173	1.14579
25	174	1.13437
25	176	0.810268
25	178	1.142
26	8	1.18628
26	20	1.18628
26	35	1.06377
26	52	1.30238
26	74	1.25069
26	117	0.742828
26	129	0.72454
26	160	0.751716
26	166	0.683202
26	167	0.705849
26	170	1.16998
26	177	1.24065
27	3	0.99994
27	39	1.20139
27	53	0.801054
27	93	0.78552
27	109	1.07377
27	115	1.11832
27	123	1.2298
27	139	1.1479
27	140	1.18053
27	158	1.14833
27	164	0.812904
27	168	0.774464
27	177	0.735006
28	80	0.863018
28	91	1.12529
28	96	0.805469
28	103	1.14723
28	107	0.737923
28	140	0.733135
28	144	1.10431
28	150	1.1841
28	157	0.754501
28	169	1.13285
28	176	1.14017
28	178	1.13251
28	180	1.13355
29	44	1.10238
29	59	1.16078
29	65	1.13467
29	66	0.795343
29	92	1.11689
29	96	1.08856
29	107	1.13669
29	113	1.23862
29	125	0.797101
29	165	0.810183
29	170	1.12142
29	172	0.77755
29	177	0.728666
30	83	0.844614
30	97	1.19693
30	120	0.74946
30	125	0.789196
30	144	1.1032
30	153	0.745641
30	161	1.07895
30	162	1.12714
30	171	1.14012
30	174	1.12377
30	177	1.19849
30	178	1.1314
30	180	0.780351
31	9	1.16451
31	69	1.12445
31	77	1.07208
31	80	0.833312
31	87	1.13572
31	103	1.15869
31	109	0.832308
31	114	0.789348
31	169	0.71173
31	173	1.14776
31	175	1.15283
31	176	0.734352
31	178	1.14397
32	43	1.2185
32	50	1.17437
32	53	0.705993
32	54	1.17788
32	73	0.738719
32	86	1.22255
32	93	0.69046
32	95	1.29733
32	124	1.22015
32	135	1.23534
32	160	0.733684
32	167	1.25393
32	177	0.639946
32	180	0.699537
33	36	1.13264
33	46	0.69433
33	70	0.728218
33	76	1.26667
33	86	1.21861
33	98	1.28299
33	108	0.666896
33	112	0.687397
33	124	1.21621
33	135	1.23139
33	161	0.732757
33	169	1.22539
33	178	0.682317
33	180	1.2261
34	46	1.1126
34	133	1.12022
34	138	1.10624
34	140	0.825094
34	142	0.850818
34	144	1.05175
34	146	1.08437
34	155	0.830279
34	172	0.844243
34	173	1.08373
34	174	1.07232
34	175	1.08881
34	178	1.07995
34	180	0.854949
35	8	1.06377
35	20	1.06377
35	26	1.06377
35	52	1.17988
35	63	1.08566
35	72	0.793231
35	74	1.12818
35	94	1.04934
35	153	0.815572
35	164	0.868589
35	170	1.04748
35	171	0.862686
35	177	1.11814
35	179	0.86566
36	10	1.10908
36	15	1.10844
36	33	1.13264
36	69	1.0489
36	73	1.05119
36	76	1.11004
36	81	1.11819
36	118	1.05379
36	122	0.853857
36	123	0.810923
36	148	1.06771
36	171	0.865869
36	177	0.793875
36	178	0.879123
37	16	0.985917
37	24	0.866122
37	63	0.830117
37	84	0.815641
37	121	1.09536
37	125	1.06116
37	136	1.09761
37	138	0.811818
37	141	1.14432
37	155	1.10921
37	172	1.11032
37	174	0.873702
37	176	1.10136
37	180	1.09474
38	22	1.21202
38	25	0.74113
38	57	0.621234
38	97	0.648159
38	105	0.66698
38	131	0.756207
38	134	0.759401
38	154	1.18393
38	164	1.21786
38	165	1.21619
38	168	1.24953
38	171	1.24008
38	172	1.24798
38	180	1.2324
39	27	1.20139
39	42	0.718969
39	49	1.17475
39	114	1.22135
39	115	1.21529
39	126	1.28202
39	139	1.24487
39	150	0.69377
39	160	1.23228
39	172	0.69798
39	173	0.721433
39	175	0.716139
39	177	0.649096
39	179	1.22807
40	17	0.80822
40	49	1.04657
40	61	1.01649
40	80	1.06697
40	97	0.833222
40	100	1.07209
40	109	1.04256
40	116	1.2012
40	129	0.858768
40	157	1.1279
40	167	1.12636
40	169	0.830243
40	170	0.869689
40	179	1.09989
41	11	0.698037
41	43	1.1552
41	50	1.11107
41	54	1.11458
41	58	1.20642
41	86	1.15925
41	95	1.23403
41	106	0.839309
41	118	0.778478
41	124	1.15685
41	135	1.17204
41	167	1.19063
41	177	0.674395
41	178	0.759644
41	179	0.749364
42	39	0.718969
42	48	0.781788
42	73	1.14905
42	98	0.689405
42	104	0.824677
42	111	1.25496
42	117	0.770344
42	133	1.20655
42	134	1.1048
42	146	1.17071
42	161	1.11384
42	169	0.723531
42	174	1.15865
42	175	1.17514
42	178	1.16628
43	32	1.2185
43	41	1.1552
43	54	1.09923
43	58	1.19106
43	60	0.716873
43	79	0.836458
43	86	1.1439
43	95	1.21868
43	124	1.14149
43	135	1.15668
43	143	0.767739
43	160	0.773471
43	163	0.731907
43	167	1.17528
43	177	0.679733
44	4	0.756783
44	29	1.10238
44	47	1.39859
44	59	1.17402
44	64	1.16061
44	65	1.1479
44	92	1.13013
44	96	1.1018
44	107	1.14993
44	153	0.728184
44	160	0.797041
44	164	0.781201
44	169	0.74134
44	170	1.13465
44	177	0.703303
45	3	0.869159
45	49	0.780795
45	64	0.70006
45	74	1.22561
45	76	0.705878
45	86	0.715547
45	143	0.718267
45	152	1.13091
45	166	1.17662
45	170	1.1449
45	173	1.15226
45	176	1.15614
45	177	1.21557
45	178	1.14847
45	180	1.14952
46	8	0.752647
46	11	1.21876
46	13	1.07007
46	33	0.69433
46	34	1.1126
46	125	0.781318
46	129	0.779445
46	137	1.15876
46	144	1.16529
46	146	1.19791
46	147	0.768597
46	151	0.731042
46	173	1.19727
46	174	1.18586
46	178	1.19348
47	2	1.2798
47	6	0.583643
47	9	0.61072
47	13	0.829153
47	21	1.38353
47	44	1.39859
47	64	1.44358
47	65	1.43087
47	92	1.4131
47	101	0.524572
47	107	1.4329
47	123	0.530385
47	163	0.565511
47	164	0.591234
47	170	1.41762
47	180	0.572927
48	12	0.995962
48	42	0.781788
48	107	0.746439
48	118	0.815998
48	134	0.864173
48	141	1.16702
48	142	1.13023
48	151	1.14158
48	159	1.10439
48	165	1.10123
48	168	1.13458
48	173	0.784252
48	174	0.799454
48	176	1.12406
48	177	1.1835
48	180	1.11745
49	24	1.05577
49	39	1.17475
49	40	1.04657
49	45	0.780795
49	62	1.14523
49	80	1.07154
49	99	0.78751
49	109	1.04713
49	115	1.09168
49	116	1.20577
49	123	1.20316
49	126	1.15841
49	159	0.826961
49	163	0.81833
49	177	0.766155
49	180	0.825746
50	32	1.17437
50	41	1.11107
50	54	1.0551
50	58	1.14694
50	66	1.09712
50	86	1.09977
50	95	1.17455
50	115	0.812936
50	124	1.09737
50	135	1.11256
50	154	0.810009
50	155	0.763349
50	167	1.13115
50	171	0.800422
50	174	0.815967
50	179	0.803396
51	16	0.936089
51	23	1.10594
51	65	0.779725
51	70	1.11673
51	84	1.16565
51	88	0.763046
51	105	1.16354
51	131	1.06661
51	145	1.09566
51	151	0.749371
51	152	1.10925
51	172	0.780097
51	173	1.13059
51	174	1.11918
51	178	1.12681
51	180	0.790803
52	8	1.30239
52	20	1.30239
52	26	1.30238
52	35	1.17988
52	74	1.3668
52	98	0.580487
52	113	1.4033
52	114	0.692231
52	130	0.597425
52	148	0.668173
52	152	0.688407
52	167	0.624446
52	170	1.28609
52	177	1.35676
52	179	0.651544
53	14	0.905328
53	27	0.801054
53	32	0.705993
53	87	0.772055
53	119	0.792781
53	130	1.161
53	136	1.10933
53	155	1.12093
53	156	1.10426
53	161	0.817357
53	166	1.13356
53	168	1.12359
53	169	1.10575
53	172	1.12204
53	176	1.11308
53	180	1.10646
54	11	0.779318
54	32	1.17788
54	41	1.11458
54	43	1.09923
54	50	1.0551
54	58	1.15044
54	86	1.10328
54	93	0.806189
54	95	1.17806
54	124	1.10088
54	130	0.776524
54	135	1.11607
54	147	1.10447
54	155	0.790597
54	175	0.822718
54	179	0.830644
55	22	1.09721
55	107	0.761267
55	118	0.830826
55	128	1.09524
55	136	1.12046
55	144	0.837351
55	146	0.785938
55	150	0.771416
55	151	1.14173
55	153	1.13262
55	164	1.10304
55	168	1.13472
55	170	0.804226
55	172	1.13317
55	176	1.12421
55	180	1.11759
56	12	1.13376
56	63	0.64371
56	70	0.730904
56	148	0.691352
56	149	0.63522
56	151	1.27938
56	159	1.24218
56	161	0.735444
56	165	1.23903
56	168	1.27237
56	169	1.25454
56	172	1.27082
56	174	0.687295
56	175	0.666798
56	179	1.25267
56	180	1.25524
57	20	0.692803
57	38	0.621234
57	87	0.7201
57	126	0.686005
57	131	1.18446
57	132	1.25263
57	152	1.2271
57	162	1.2404
57	165	0.711229
57	172	0.678597
57	173	1.24844
57	174	1.23703
57	175	1.25352
57	176	0.690372
57	177	1.31175
57	178	1.24466
58	41	1.20642
58	43	1.19106
58	50	1.14694
58	54	1.15044
58	83	1.14319
58	86	1.19511
58	93	0.716266
58	95	1.2699
58	102	0.735333
58	124	1.19271
58	135	1.2079
58	147	1.1963
58	148	0.757349
58	165	0.747269
58	170	0.743236
58	177	0.665752
58	179	0.74072
59	2	1.05523
59	19	1.33456
59	29	1.16078
59	44	1.17402
59	64	1.21901
59	65	1.2063
59	92	1.18853
59	96	1.1602
59	102	0.726704
59	107	1.20833
59	119	0.768236
59	147	0.712837
59	158	0.720181
59	170	1.19305
59	171	0.729117
59	176	0.717782
59	179	0.732091
60	23	0.74927
60	25	0.786749
60	43	0.716873
60	73	0.751534
60	97	0.693778
60	113	0.633878
60	125	1.14624
60	142	1.19261
60	145	0.762714
60	156	1.17763
60	164	1.16528
60	166	1.20693
60	167	1.20372
60	172	1.19541
60	176	1.18645
60	177	1.24588
60	180	1.17983
61	40	1.01649
61	66	0.85294
61	81	0.824143
61	104	0.925446
61	109	1.01705
61	112	1.0549
61	114	1.06766
61	115	1.0616
61	126	1.12833
61	127	1.14495
61	139	1.09118
61	140	1.12381
61	153	0.811144
61	157	1.1024
61	158	1.09161
61	163	0.838438
61	175	0.853306
62	3	1.06739
62	49	1.14523
62	66	0.727446
62	83	1.14172
62	109	1.14122
62	116	1.29986
62	130	0.681617
62	137	0.796649
62	139	1.21535
62	140	1.24798
62	143	1.19888
62	157	1.22657
62	158	1.21578
62	165	0.742285
62	174	0.748308
62	177	0.660769
62	178	0.746017
63	35	1.08566
63	37	0.830117
63	56	0.64371
63	87	0.749963
63	115	1.18114
63	140	1.24334
63	143	1.19425
63	158	1.21114
63	161	1.143
63	165	0.741093
63	168	0.699034
63	170	1.19187
63	173	1.19923
63	174	1.18782
63	176	0.720235
63	177	1.26254
63	180	0.719166
64	2	1.04183
64	21	1.14556
64	44	1.16061
64	45	0.70006
64	47	1.44358
64	59	1.21901
64	65	1.1929
64	92	1.17513
64	96	1.14679
64	98	0.689332
64	107	1.19493
64	155	0.720342
64	163	0.737596
64	170	1.17965
64	171	0.757416
64	179	0.760389
64	180	0.745011
65	21	1.13285
65	29	1.13467
65	44	1.1479
65	47	1.43087
65	51	0.779725
65	59	1.2063
65	64	1.1929
65	83	0.787987
65	84	0.693612
65	85	1.17126
65	96	1.13409
65	107	1.18222
65	120	0.692833
65	123	0.681182
65	170	1.16694
65	171	0.736128
65	179	0.739102
66	8	0.722063
66	29	0.795343
66	50	1.09712
66	61	0.85294
66	62	0.727446
66	77	0.815785
66	124	1.14289
66	127	0.712372
66	134	1.09025
66	135	1.15808
66	143	0.770305
66	151	1.17692
66	153	1.16781
66	162	1.14748
66	173	1.15552
66	176	1.1594
66	178	1.15174
66	180	1.15278
67	13	0.861201
67	97	0.5864
67	98	1.30649
67	106	0.710298
67	114	0.661039
67	137	0.681265
67	148	0.636981
67	153	1.26462
67	155	1.26406
67	159	1.23653
67	165	1.23338
67	167	1.27349
67	168	1.26672
67	169	1.24889
67	170	0.622867
67	176	1.25621
67	178	0.630632
67	180	1.24959
68	14	1.06026
68	72	1.23883
68	77	1.10542
68	78	1.32634
68	87	1.16906
68	88	1.21263
68	89	1.21263
68	90	1.21263
68	91	1.1701
68	102	0.736719
68	103	1.19204
68	132	0.735678
68	160	0.760876
68	171	0.739133
68	176	0.727798
68	177	0.667138
68	179	0.742107
69	9	1.16185
69	10	1.18197
69	15	1.18133
69	31	1.12445
69	36	1.0489
69	73	1.12408
69	76	1.18294
69	81	1.19108
69	118	1.12668
69	141	0.723734
69	147	1.13606
69	148	1.1406
69	157	0.776036
69	163	0.777109
69	167	0.772805
69	169	0.762971
69	171	0.796929
69	179	0.799903
70	33	0.728218
70	51	1.11673
70	56	0.730904
70	122	1.13044
70	137	1.11602
70	144	1.12255
70	146	1.15518
70	147	0.802484
70	151	0.764929
70	152	1.13319
70	153	0.771651
70	154	0.828351
70	155	0.781691
70	173	1.15454
70	174	1.14313
70	175	1.15961
70	177	1.21785
70	178	1.15075
71	100	1.09639
71	107	0.74763
71	110	0.746838
71	112	1.10471
71	116	1.2255
71	126	1.17814
71	139	1.14099
71	140	1.17361
71	146	0.772301
71	153	0.737987
71	157	1.1522
71	158	1.14141
71	160	1.12841
71	165	0.794623
71	171	1.13444
71	174	0.800646
71	178	0.798354
71	179	1.12419
72	35	0.793231
72	68	1.23883
72	77	1.15045
72	78	1.37137
72	87	1.21409
72	88	1.25767
72	89	1.25767
72	90	1.25767
72	91	1.21514
72	99	0.639514
72	103	1.23707
72	126	0.674453
72	164	0.696058
72	171	0.690155
72	177	0.61816
72	179	0.693128
73	32	0.738719
73	36	1.05119
73	42	1.14905
73	60	0.751534
73	69	1.12408
73	81	1.19337
73	127	1.21264
73	128	0.800909
73	143	1.1424
73	152	1.12604
73	154	0.795975
73	158	1.1593
73	164	0.792291
73	168	0.753851
73	173	1.14738
73	175	1.15246
73	179	1.14208
73	180	0.773984
74	8	1.25069
74	20	1.25069
74	26	1.25069
74	35	1.12818
74	45	1.22561
74	52	1.3668
74	94	1.23625
74	113	1.3516
74	121	0.667315
74	123	0.637548
74	127	0.650572
74	142	0.675958
74	160	0.714237
74	170	1.2344
74	171	0.692494
74	177	1.30506
74	179	0.695467
74	180	0.680089
75	97	1.3296
75	119	1.25551
75	122	1.24376
75	140	0.646481
75	142	0.672204
75	144	1.23587
75	145	1.23292
75	149	1.29542
75	156	0.694981
75	158	0.679804
75	159	0.67755
75	161	1.21162
75	162	1.25981
75	164	0.694643
75	167	0.664615
75	175	1.27293
75	176	0.677404
75	179	1.26254
76	9	1.22299
76	10	1.24311
76	15	1.24247
76	33	1.26667
76	36	1.11004
76	45	0.705878
76	69	1.18294
76	81	1.25222
76	93	1.19275
76	99	0.712593
76	111	0.700149
76	113	0.672355
76	118	1.18782
76	123	0.708288
76	147	1.1972
76	148	1.20174
76	160	0.784977
76	169	0.729276
76	177	0.691239
77	7	1.12334
77	14	0.971878
77	31	1.07208
77	66	0.815785
77	68	1.10542
77	72	1.15045
77	78	1.23796
77	87	1.08068
77	88	1.12425
77	89	1.12426
77	90	1.12426
77	91	1.08173
77	103	1.10366
77	160	0.842846
77	165	0.830624
77	174	0.836647
77	177	0.749108
77	179	0.824076
77	180	0.808698
78	17	0.602033
78	68	1.32634
78	72	1.37137
78	77	1.23796
78	87	1.3016
78	88	1.34517
78	89	1.34517
78	90	1.34517
78	91	1.30264
78	101	0.597254
78	103	1.32458
78	151	0.604177
78	156	0.664254
78	160	0.679756
78	171	0.658013
78	179	0.660986
78	180	0.645608
79	4	1.14757
79	43	0.836458
79	82	0.866015
79	95	0.764831
79	98	0.776257
79	103	0.814236
79	105	1.1222
79	110	0.806078
79	113	1.19911
79	119	1.07691
79	129	0.838908
79	131	1.02527
79	133	1.12574
79	149	1.11683
79	162	1.08122
79	173	1.08926
79	174	1.07785
79	177	1.15257
79	178	1.08547
80	3	0.9937
80	28	0.863018
80	31	0.833312
80	40	1.06697
80	49	1.07154
80	83	1.06802
80	92	0.831365
80	111	0.78415
80	112	1.10538
80	114	1.11814
80	126	1.17881
80	139	1.14166
80	148	1.12568
80	157	1.15288
80	158	1.14209
80	166	0.800464
80	169	0.813277
80	171	1.13512
80	177	0.77524
81	1	0.681524
81	9	1.23114
81	10	1.25126
81	15	1.25062
81	36	1.11819
81	61	0.824143
81	69	1.19108
81	73	1.19337
81	76	1.25222
81	93	1.2009
81	118	1.19597
81	147	1.20535
81	148	1.20989
81	149	0.688966
81	155	0.688422
81	167	0.701372
81	171	0.725496
81	174	0.741041
81	177	0.653501
82	17	1.13972
82	79	0.866015
82	83	1.04647
82	106	0.874204
82	108	0.779117
82	138	0.734945
82	145	0.819242
82	152	0.821121
82	156	1.10368
82	159	1.09282
82	163	1.11302
82	166	1.13298
82	168	1.12301
82	169	1.10517
82	172	1.12146
82	174	0.796829
82	176	1.1125
82	179	1.10331
82	180	1.10588
83	30	0.844614
83	58	1.14319
83	62	1.14172
83	65	0.787987
83	80	1.06802
83	82	1.04647
83	93	1.09276
83	95	1.17081
83	114	1.09422
83	122	0.799457
83	124	1.09362
83	135	1.10881
83	139	1.11774
83	149	0.774939
83	150	0.784148
83	161	0.875163
83	172	1.11909
83	174	0.827014
83	180	1.10351
84	37	0.815641
84	51	1.16565
84	65	0.693612
84	87	0.735487
84	127	0.675173
84	133	1.23995
84	138	1.22597
84	143	0.733106
84	144	1.17148
84	149	1.23103
84	162	1.19542
84	166	0.670323
84	167	0.69297
84	168	0.684557
84	173	1.20346
84	174	1.19205
84	175	1.20854
84	177	1.26677
84	178	1.19968
85	7	0.725521
85	65	1.17126
85	92	1.15349
85	96	1.12515
85	97	0.715561
85	107	1.17329
85	122	0.734528
85	126	1.21401
85	131	0.82361
85	132	0.743085
85	133	0.747934
85	139	1.17685
85	158	1.17728
85	159	1.14957
85	162	0.75843
85	165	1.14641
85	168	1.17976
85	171	1.17031
85	175	0.741588
85	180	1.16263
86	32	1.22255
86	33	1.21861
86	41	1.15925
86	43	1.1439
86	45	0.715547
86	50	1.09977
86	54	1.10328
86	58	1.19511
86	95	1.22273
86	124	1.14555
86	135	1.16074
86	147	1.14914
86	166	0.726131
86	167	1.17933
86	168	0.740365
86	171	0.772902
86	172	0.749792
86	175	0.76795
86	179	0.775876
86	180	0.760498
87	7	1.18698
87	14	1.03552
87	31	1.13572
87	53	0.772055
87	57	0.7201
87	63	0.749963
87	68	1.16906
87	72	1.21409
87	77	1.08068
87	78	1.3016
87	84	0.735487
87	88	1.18789
87	89	1.1879
87	90	1.1879
87	91	1.14536
87	103	1.1673
87	123	0.723057
87	130	0.726857
87	160	0.799746
87	179	0.780977
88	7	1.23055
88	14	1.07909
88	51	0.763046
88	68	1.21263
88	72	1.25767
88	77	1.12425
88	78	1.34517
88	87	1.18789
88	89	1.23147
88	90	1.23147
88	91	1.18894
88	103	1.21087
88	104	0.786638
88	123	0.664504
88	147	0.703169
88	165	0.728972
88	172	0.696339
88	177	0.647455
88	179	0.722423
89	7	1.23056
89	14	1.07909
89	68	1.21263
89	72	1.25767
89	77	1.12426
89	78	1.34517
89	87	1.1879
89	88	1.23147
89	90	1.23147
89	91	1.18894
89	103	1.21087
89	128	0.726519
89	153	0.664884
89	161	0.775692
89	171	0.711998
89	173	0.712341
89	176	0.700663
89	179	0.714972
89	180	0.699594
90	7	1.23056
90	14	1.07909
90	68	1.21263
90	72	1.25767
90	77	1.12426
90	78	1.34517
90	87	1.1879
90	88	1.23147
90	89	1.23147
90	91	1.18894
90	103	1.21087
90	123	0.663785
90	131	0.795801
90	159	0.707541
90	160	0.740474
90	163	0.698911
90	174	0.734276
90	177	0.646736
90	179	0.721704
91	7	1.18803
91	14	1.03656
91	21	0.789208
91	28	1.12529
91	68	1.1701
91	72	1.21514
91	77	1.08173
91	78	1.30264
91	87	1.14536
91	88	1.18894
91	89	1.18894
91	90	1.18894
91	103	1.16834
91	104	0.813612
91	117	0.759279
91	132	0.742968
91	150	0.719103
91	162	0.758314
91	171	0.746424
91	177	0.674429
92	2	1.01135
92	21	1.11508
92	22	0.736732
92	29	1.11689
92	44	1.13013
92	47	1.4131
92	59	1.18853
92	64	1.17513
92	80	0.831365
92	85	1.15349
92	93	0.722259
92	96	1.11631
92	107	1.16444
92	108	0.741574
92	113	1.26637
92	117	0.756596
92	136	0.747562
92	163	0.723921
92	170	1.14917
92	179	0.746714
93	10	1.19178
93	21	0.780914
93	27	0.78552
93	32	0.69046
93	54	0.806189
93	58	0.716266
93	76	1.19275
93	81	1.2009
93	83	1.09276
93	92	0.722259
93	99	1.23492
93	112	0.756463
93	139	0.741191
93	147	1.14587
93	162	1.14687
93	163	1.15931
93	172	1.16775
93	173	1.15491
93	175	1.15999
93	180	1.15217
94	35	1.04934
94	74	1.23625
94	95	0.676926
94	99	0.705796
94	108	0.754269
94	118	1.14449
94	124	0.743632
94	131	0.833506
94	138	0.710097
94	148	1.15841
94	152	0.796273
94	157	1.18561
94	160	1.16181
94	166	1.18727
94	168	1.1773
94	170	1.15555
94	177	1.22622
94	178	0.76969
94	179	1.15759
94	180	1.16017
95	32	1.29733
95	41	1.23403
95	43	1.21868
95	50	1.17455
95	54	1.17806
95	58	1.2699
95	79	0.764831
95	83	1.17081
95	86	1.22273
95	94	0.676926
95	124	1.22033
95	131	0.75717
95	133	0.681494
95	135	1.23552
95	136	0.683922
95	147	1.22392
95	154	0.689687
95	167	1.25411
95	170	0.685589
95	171	0.6801
95	179	0.683074
96	2	0.983016
96	16	0.922568
96	19	1.26234
96	21	1.08674
96	28	0.805469
96	29	1.08856
96	44	1.1018
96	59	1.1602
96	64	1.14679
96	65	1.13409
96	85	1.12515
96	92	1.11631
96	107	1.13611
96	113	1.23804
96	123	0.73474
96	167	0.765562
96	170	1.12084
96	172	0.766576
96	177	0.717692
96	178	0.80294
96	179	0.79266
97	30	1.19693
97	38	0.648159
97	40	0.833222
97	60	0.693778
97	67	0.5864
97	75	1.3296
97	85	0.715561
97	134	1.16489
97	137	1.19164
97	138	1.25266
97	142	0.712097
97	149	1.25772
97	159	0.717443
97	161	1.17393
97	162	1.22211
97	167	0.704508
97	169	0.694674
97	173	1.23015
97	174	1.21874
97	175	1.23523
97	178	1.22637
98	25	0.753519
98	33	1.28299
98	42	0.689405
98	52	0.580487
98	64	0.689332
98	67	1.30649
98	79	0.776257
98	104	1.15031
98	125	1.18624
98	142	1.23261
98	150	0.664206
98	152	0.731363
98	159	1.20676
98	162	0.703417
98	163	1.22696
98	164	1.20528
98	168	1.23695
98	169	1.21912
98	174	0.707072
98	176	1.22644
98	180	1.21982
99	49	0.78751
99	72	0.639514
99	76	0.712593
99	93	1.23492
99	94	0.705796
99	104	0.776158
99	106	1.16531
99	110	0.670707
99	122	1.22432
99	131	1.18442
99	134	1.18314
99	146	1.24905
99	150	1.29622
99	151	0.655134
99	153	0.661856
99	161	1.19218
99	162	1.24037
99	173	1.24841
99	174	1.237
99	176	0.697635
99	178	1.24463
100	18	0.698716
100	40	1.07209
100	71	1.09639
100	109	1.07265
100	114	1.12327
100	115	1.11721
100	127	1.20055
100	128	0.839575
100	140	1.17941
100	141	0.751859
100	143	1.13031
100	154	0.834641
100	158	1.14721
100	160	1.1342
100	167	1.15645
100	168	0.792517
100	171	1.14024
100	173	0.825397
100	177	0.75306
100	179	1.12999
100	180	0.81265
101	13	0.942674
101	47	0.524572
101	78	0.597254
101	117	1.20867
101	118	0.73094
101	129	1.191
101	136	1.22625
101	153	1.23841
101	158	0.689916
101	164	1.20884
101	166	1.25048
101	168	1.24051
101	169	1.22268
101	170	0.704341
101	172	1.23896
101	173	0.699194
101	175	0.6939
101	176	1.23
101	178	0.712105
101	179	1.22081
101	180	1.22338
102	19	0.653435
102	58	0.735333
102	59	0.726704
102	68	0.736719
102	111	0.694112
102	117	1.16902
102	129	1.15135
102	149	0.720666
102	154	1.13526
102	155	1.1982
102	156	1.18153
102	157	0.736304
102	159	1.17067
102	161	0.820891
102	163	1.19087
102	165	1.16752
102	166	1.21084
102	168	1.20086
102	176	1.19035
102	177	1.24978
102	178	0.77045
102	180	1.18373
103	7	1.20996
103	14	1.0585
103	28	1.14723
103	31	1.15869
103	68	1.19204
103	72	1.23707
103	77	1.10366
103	78	1.32458
103	79	0.814236
103	87	1.1673
103	88	1.21087
103	89	1.21087
103	90	1.21087
103	91	1.16834
103	158	0.72057
103	160	0.751249
103	162	0.741396
103	168	0.696969
103	171	0.729506
103	172	0.706396
103	179	0.73248
103	180	0.717102
104	42	0.824677
104	61	0.925446
104	88	0.786638
104	91	0.813612
104	98	1.15031
104	99	0.776158
104	124	0.813994
104	128	1.07106
104	136	1.09628
104	141	1.14298
104	142	1.10619
104	145	0.864756
104	149	0.790268
104	154	1.04493
104	156	1.09121
104	163	1.10055
104	168	1.11054
104	169	1.0927
104	172	1.10899
104	176	1.10002
104	179	1.09083
104	180	1.09341
105	12	0.903428
105	38	0.66698
105	51	1.16354
105	79	1.1222
105	107	0.709983
105	119	1.189
105	120	0.704158
105	131	1.13736
105	136	0.751275
105	144	1.16937
105	145	1.16642
105	149	1.22892
105	150	1.24916
105	152	1.18
105	155	0.71038
105	166	0.700683
105	167	0.723329
105	170	1.19399
105	175	1.20642
105	176	0.736118
105	178	1.19756
105	179	1.19604
106	5	1.14363
106	22	0.845521
106	25	1.06268
106	41	0.839309
106	67	0.710298
106	82	0.874204
106	99	1.16531
106	111	1.1702
106	117	0.865385
106	133	1.12178
106	136	0.856351
106	137	1.04678
106	141	0.779335
106	142	0.835995
106	150	1.13311
106	152	1.06395
106	160	1.08421
106	162	1.07726
106	173	1.0853
106	174	1.07389
106	175	1.09037
106	178	1.08151
107	2	1.03115
107	21	1.13487
107	28	0.737923
107	29	1.13669
107	44	1.14993
107	47	1.4329
107	48	0.746439
107	55	0.761267
107	59	1.20833
107	64	1.19493
107	65	1.18222
107	71	0.74763
107	85	1.17329
107	92	1.16444
107	96	1.13611
107	105	0.709983
107	113	1.28617
107	128	0.736661
107	160	0.743883
107	167	0.698015
107	170	1.16897
107	179	0.725113
108	33	0.666896
108	82	0.779117
108	92	0.741574
108	94	0.754269
108	111	1.25823
108	118	1.15491
108	120	0.714148
108	122	1.14924
108	123	1.26672
108	137	1.13482
108	144	1.14135
108	146	1.17397
108	149	1.2009
108	159	0.746254
108	168	0.724906
108	172	0.734333
108	173	1.17333
108	174	1.16192
108	175	1.1784
108	176	0.746108
108	177	1.23664
108	178	1.16955
109	1	0.802258
109	27	1.07377
109	31	0.832308
109	40	1.04256
109	49	1.04713
109	61	1.01705
109	62	1.14122
109	100	1.07265
109	114	1.09373
109	115	1.08767
109	116	1.20176
109	126	1.1544
109	128	0.860751
109	135	0.812911
109	139	1.11725
109	149	0.8097
109	157	1.12846
109	158	1.11767
109	160	1.10467
109	173	0.846573
109	177	0.774236
109	178	0.859484
110	3	0.888251
110	71	0.746838
110	79	0.806078
110	99	0.670707
110	113	0.630468
110	121	1.17944
110	132	0.717892
110	141	1.2284
110	149	0.684817
110	151	1.20295
110	154	1.13035
110	156	1.17662
110	160	1.18047
110	163	1.18596
110	165	1.1626
110	166	1.20592
110	168	1.19595
110	169	1.17811
110	172	1.1944
110	175	0.716395
110	178	0.734601
110	180	1.17882
111	1	0.652554
111	23	1.22865
111	42	1.25496
111	76	0.700149
111	80	0.78415
111	102	0.694112
111	106	1.1702
111	108	1.25823
111	117	0.709381
111	130	0.64538
111	145	1.21837
111	146	1.25394
111	147	0.680246
111	148	1.2488
111	149	1.28087
111	152	1.23195
111	161	1.19707
111	162	1.24526
111	165	0.706048
111	168	0.663989
111	172	0.673416
111	173	1.2533
111	175	1.25837
112	23	0.802458
112	33	0.687397
112	61	1.0549
112	71	1.10471
112	80	1.10538
112	93	0.756463
112	114	1.13158
112	116	1.23961
112	122	0.765932
112	127	1.20887
112	139	1.1551
112	140	1.18773
112	143	1.13863
112	157	1.16631
112	158	1.15553
112	162	0.789835
112	167	1.16477
112	171	1.14855
112	175	0.772992
112	176	0.766609
112	178	0.791198
112	179	1.1383
112	180	0.76554
113	15	0.663323
113	29	1.23862
113	52	1.4033
113	60	0.633878
113	74	1.3516
113	76	0.672355
113	79	1.19911
113	92	1.26637
113	96	1.23804
113	107	1.28617
113	110	0.630468
113	122	1.25416
113	136	0.672553
113	143	0.684744
113	157	0.647839
113	164	0.674635
113	165	0.678254
113	170	1.2709
113	172	0.645621
113	174	1.26684
113	175	1.28333
113	177	1.34156
114	23	0.827785
114	31	0.789348
114	39	1.22135
114	52	0.692231
114	61	1.06766
114	67	0.661039
114	80	1.11814
114	83	1.09422
114	100	1.12327
114	109	1.09373
114	112	1.13158
114	127	1.22163
114	139	1.16786
114	140	1.20049
114	143	1.15139
114	155	0.766197
114	156	0.809512
114	157	1.17907
114	158	1.16829
114	169	0.769313
114	171	1.16131
114	175	0.798319
114	180	0.790866
115	27	1.11832
115	39	1.21529
115	49	1.09168
115	50	0.812936
115	61	1.0616
115	63	1.18114
115	100	1.11721
115	109	1.08767
115	123	1.2437
115	127	1.21557
115	143	1.14533
115	157	1.17301
115	160	1.14922
115	162	0.784014
115	164	0.778027
115	169	0.738166
115	171	1.15525
115	173	0.772466
115	174	0.787669
115	175	0.767172
115	176	0.760788
115	177	0.700129
115	179	1.145
116	3	1.12793
116	18	0.588209
116	24	1.21039
116	40	1.2012
116	49	1.20577
116	62	1.29986
116	71	1.2255
116	109	1.20176
116	112	1.23961
116	126	1.31304
116	143	1.25942
116	149	0.678017
116	157	1.2871
116	168	0.68201
116	169	0.680589
116	170	0.720036
116	171	1.26934
116	172	0.691437
116	174	0.730092
116	176	0.703212
116	178	0.727801
116	179	1.25909
116	180	0.702143
117	22	1.12783
117	26	0.742828
117	42	0.770344
117	91	0.759279
117	92	0.756596
117	101	1.20867
117	102	1.16902
117	106	0.865385
117	111	0.709381
117	125	1.11463
117	128	1.12586
117	129	1.11583
117	142	1.161
117	149	0.735935
117	153	1.16324
117	154	1.09974
117	162	0.784356
117	165	1.132
117	171	1.15589
117	172	1.16379
117	173	0.772808
117	177	1.21426
117	180	1.14821
118	1	0.747726
118	18	0.66536
118	36	1.05379
118	41	0.778478
118	48	0.815998
118	55	0.830826
118	69	1.12668
118	76	1.18782
118	81	1.19597
118	94	1.14449
118	101	0.73094
118	108	1.15491
118	140	1.1941
118	142	0.775163
118	143	1.145
118	152	1.12864
118	154	0.801285
118	157	1.17269
118	168	0.759162
118	173	1.14998
118	175	1.15506
118	178	1.1462
118	179	1.14467
119	53	0.792781
119	59	0.768236
119	75	1.25551
119	79	1.07691
119	105	1.189
119	121	0.77355
119	130	0.747582
119	133	1.19254
119	134	1.09079
119	145	1.12112
119	149	1.18362
119	151	0.744893
119	152	1.13471
119	158	0.789793
119	160	1.15496
119	161	1.09983
119	162	1.14802
119	166	0.751958
119	167	0.774604
119	168	0.766192
119	173	1.15606
119	174	1.14464
119	178	1.15227
120	9	0.741704
120	18	1.31643
120	30	0.74946
120	65	0.692833
120	105	0.704158
120	108	0.714148
120	129	1.15678
120	136	1.19204
120	138	0.669976
120	145	0.754273
120	150	0.688994
120	152	0.756152
120	153	1.20419
120	155	1.20364
120	159	1.17611
120	165	1.17295
120	166	1.21627
120	169	1.18846
120	170	0.721804
120	171	1.19685
120	172	1.20475
120	176	1.19578
120	179	1.18659
120	180	1.18917
121	37	1.09536
121	74	0.667315
121	110	1.17944
121	119	0.77355
121	126	0.71873
121	130	1.21809
121	132	0.730977
121	133	0.735826
121	134	0.814696
121	145	0.77239
121	153	1.17857
121	154	1.11507
121	156	1.16134
121	159	1.15048
121	161	0.798126
121	163	1.17068
121	164	1.149
121	165	1.14733
121	166	1.19065
121	168	1.18067
121	175	0.72948
121	176	1.17016
121	177	1.22959
121	178	0.747685
121	180	1.16354
122	36	0.853857
122	70	1.13044
122	75	1.24376
122	83	0.799457
122	85	0.734528
122	99	1.22432
122	108	1.14924
122	112	0.765932
122	113	1.25416
122	133	1.18079
122	144	1.11232
122	146	1.14495
122	147	0.731318
122	149	1.17188
122	150	1.19212
122	155	0.710525
122	156	0.75384
122	162	1.13627
122	166	0.700827
122	167	0.723474
122	170	1.13695
122	174	1.1329
122	175	1.14938
122	178	1.14052
122	180	0.735194
123	8	0.672434
123	25	1.23917
123	27	1.2298
123	36	0.810923
123	47	0.530385
123	49	1.20316
123	65	0.681182
123	74	0.637548
123	76	0.708288
123	87	0.723057
123	88	0.664504
123	90	0.663785
123	96	0.73474
123	108	1.26672
123	115	1.2437
123	135	0.671345
123	143	1.25681
123	154	1.21058
123	158	1.2737
123	164	1.24451
123	166	1.28615
123	173	1.26179
123	175	1.26686
123	178	1.258
123	180	1.25905
124	19	1.28992
124	32	1.22015
124	33	1.21621
124	41	1.15685
124	43	1.14149
124	50	1.09737
124	54	1.10088
124	58	1.19271
124	66	1.14289
124	83	1.09362
124	86	1.14555
124	94	0.743632
124	95	1.22033
124	104	0.813994
124	135	1.15833
124	139	0.749868
124	144	0.78542
124	147	1.14674
124	160	0.768549
124	167	1.17693
124	168	0.714269
124	171	0.746806
124	177	0.674811
124	178	0.76006
124	179	0.74978
125	15	0.750642
125	29	0.797101
125	30	0.789196
125	37	1.06116
125	46	0.781318
125	60	1.14624
125	98	1.18624
125	117	1.11463
125	128	1.10699
125	130	1.18388
125	131	0.833121
125	133	0.757445
125	141	1.17892
125	142	1.14212
125	145	0.794009
125	146	0.743251
125	148	0.775653
125	151	1.15347
125	153	1.14437
125	155	1.14381
125	164	1.11479
125	165	1.11312
125	172	1.14492
125	176	1.13596
125	178	0.769304
125	180	1.12934
126	24	1.16304
126	39	1.28202
126	49	1.15841
126	57	0.686005
126	61	1.12833
126	71	1.17814
126	72	0.674453
126	80	1.17881
126	85	1.21401
126	109	1.1544
126	116	1.31304
126	121	0.71873
126	127	1.2823
126	139	1.22853
126	143	1.21206
126	149	0.707378
126	153	0.696794
126	155	0.706835
126	157	1.23974
126	158	1.22896
126	159	0.732719
126	163	0.724089
126	167	1.2382
126	177	0.671914
126	178	0.757162
126	180	0.731504
127	3	1.09718
127	16	0.850571
127	24	1.17965
127	61	1.14495
127	66	0.712372
127	73	1.21264
127	74	0.650572
127	84	0.675173
127	100	1.20055
127	112	1.20887
127	114	1.22163
127	115	1.21557
127	126	1.2823
127	138	0.67135
127	139	1.24515
127	142	0.701154
127	143	1.22868
127	144	0.756303
127	157	1.25636
127	158	1.24557
127	160	1.23256
127	173	0.718032
127	175	0.712737
127	176	0.706354
127	177	0.645695
127	179	1.22835
128	1	1.15893
128	11	0.725779
128	55	1.09524
128	73	0.800909
128	89	0.726519
128	100	0.839575
128	104	1.07106
128	107	0.736661
128	109	0.860751
128	117	1.12586
128	125	1.10699
128	151	1.16471
128	152	0.813968
128	153	1.1556
128	154	1.0921
128	157	0.753238
128	158	0.765195
128	159	1.12752
128	164	1.12603
128	166	1.16768
128	168	1.15771
128	172	1.15616
128	173	0.774474
128	176	1.1472
128	177	1.20663
128	180	1.14058
129	25	0.81617
129	26	0.72454
129	40	0.858768
129	46	0.779445
129	79	0.838908
129	101	1.191
129	102	1.15135
129	117	1.11583
129	120	1.15678
129	136	1.13341
129	138	0.707839
129	144	0.792791
129	150	0.726857
129	151	1.15467
129	152	0.794014
129	156	1.12834
129	159	1.11748
129	163	1.13768
129	164	1.11599
129	165	1.11432
129	166	1.15764
129	169	1.12983
129	173	0.75452
129	176	1.13716
129	179	1.12797
129	180	1.13054
130	1	1.23582
130	52	0.597425
130	53	1.161
130	54	0.776524
130	62	0.681617
130	87	0.726857
130	111	0.64538
130	119	0.747582
130	121	1.21809
130	125	1.18388
130	133	0.709858
130	136	1.22034
130	151	1.2416
130	154	1.169
130	156	1.21527
130	158	0.699528
130	159	1.20441
130	161	0.772158
130	163	1.22461
130	168	1.2346
130	169	1.21676
130	170	0.713953
130	172	1.23305
130	174	0.724009
130	176	1.22409
130	180	1.21747
131	4	1.16272
131	22	0.829672
131	38	0.756207
131	51	1.06661
131	57	1.18446
131	79	1.02527
131	85	0.82361
131	90	0.795801
131	94	0.833506
131	95	0.75717
131	99	1.18442
131	105	1.13736
131	125	0.833121
131	144	1.07243
131	145	1.06948
131	149	1.13198
131	150	1.15223
131	154	0.846267
131	159	0.825491
131	168	0.804144
131	170	1.09706
131	171	1.10936
131	173	1.10441
131	174	1.093
131	175	1.10949
131	178	1.10063
131	179	1.0991
132	11	1.19408
132	19	1.30674
132	23	1.14793
132	57	1.25263
132	68	0.735678
132	85	0.743085
132	91	0.742968
132	110	0.717892
132	121	0.730977
132	137	1.13407
132	139	0.759217
132	142	0.73962
132	152	1.15124
132	153	0.709041
132	160	1.17149
132	161	1.11636
132	162	1.16455
132	164	0.762058
132	169	0.722197
132	171	1.17753
132	173	1.17259
132	174	1.16117
132	175	1.17766
132	177	1.2359
132	178	1.1688
132	179	1.16728
132	180	0.743751
133	34	1.12022
133	42	1.20655
133	79	1.12574
133	84	1.23995
133	85	0.747934
133	95	0.681494
133	106	1.12178
133	119	1.19254
133	121	0.735826
133	122	1.18079
133	125	0.757445
133	130	0.709858
133	145	1.16996
133	146	1.20553
133	147	0.744724
133	152	1.18354
133	159	0.749815
133	161	1.14866
133	162	1.19685
133	164	0.766907
133	167	0.73688
133	168	0.728467
133	173	1.20489
133	174	1.19348
133	175	1.20996
133	176	0.749669
133	179	1.19958
134	5	1.16147
134	38	0.759401
134	42	1.1048
134	48	0.864173
134	66	1.09025
134	97	1.16489
134	99	1.18314
134	119	1.09079
134	121	0.814696
134	138	1.12564
134	145	1.0682
134	146	1.10377
134	147	0.823594
134	148	1.09864
134	150	1.15095
134	151	0.786039
134	160	1.10204
134	161	1.0469
134	166	0.793104
134	168	0.807338
134	169	0.805917
134	173	1.10313
134	175	1.10821
134	176	0.828539
134	178	1.09935
134	179	1.09782
134	180	0.82747
135	6	1.18737
135	12	0.882266
135	19	1.30511
135	32	1.23534
135	33	1.23139
135	41	1.17204
135	43	1.15668
135	50	1.11256
135	54	1.11607
135	58	1.2079
135	66	1.15808
135	83	1.10881
135	86	1.16074
135	95	1.23552
135	109	0.812911
135	123	0.671345
135	124	1.15833
135	145	0.764249
135	147	1.16192
135	160	0.748035
135	163	0.706471
135	167	1.19212
135	168	0.693754
135	170	0.73178
135	177	0.654297
135	179	0.729265
135	180	0.713887
136	12	1.04431
136	24	0.771396
136	37	1.09761
136	53	1.10933
136	55	1.12046
136	92	0.747562
136	95	0.683922
136	101	1.22625
136	104	1.09628
136	105	0.751275
136	106	0.856351
136	113	0.672553
136	120	1.19204
136	129	1.13341
136	130	1.22034
136	144	0.802046
136	145	0.80139
136	155	1.18027
136	159	1.15274
136	162	0.775322
136	164	1.15125
136	166	1.1929
136	170	0.768921
136	172	1.18138
136	173	0.763775
136	176	1.17241
136	179	1.16323
136	180	1.1658
137	17	0.767516
137	46	1.15876
137	62	0.796649
137	67	0.681265
137	70	1.11602
137	97	1.19164
137	106	1.04678
137	108	1.13482
137	132	1.13407
137	138	1.15239
137	144	1.09791
137	145	1.09496
137	146	1.13053
137	147	0.807216
137	150	1.1777
137	152	1.10854
137	154	0.833083
137	159	0.812307
137	162	1.12185
137	163	0.803677
137	165	0.833018
137	166	0.776726
137	169	0.789539
137	173	1.12989
137	174	1.11848
137	175	1.13496
137	178	1.1261
137	179	1.12458
137	180	0.811092
138	4	1.24921
138	6	0.711583
138	10	0.704765
138	14	0.864936
138	34	1.10624
138	37	0.811818
138	82	0.734945
138	84	1.22597
138	94	0.710097
138	97	1.25266
138	120	0.669976
138	127	0.67135
138	129	0.707839
138	134	1.12564
138	137	1.15239
138	142	0.696736
138	144	1.15892
138	146	1.19155
138	149	1.21847
138	150	1.23872
138	156	0.719513
138	162	1.18287
138	170	1.18355
138	173	1.19091
138	175	1.19598
138	177	1.25422
138	178	1.18712
138	179	1.1856
138	180	0.700867
139	3	1.04342
139	22	0.755663
139	27	1.1479
139	39	1.24487
139	61	1.09118
139	62	1.21535
139	71	1.14099
139	80	1.14166
139	83	1.11774
139	85	1.17685
139	93	0.741191
139	109	1.11725
139	112	1.1551
139	114	1.16786
139	124	0.749868
139	126	1.22853
139	127	1.24515
139	132	0.759217
139	140	1.22401
139	143	1.17491
139	144	0.801286
139	148	1.1754
139	149	0.726142
139	156	0.768914
139	158	1.19181
139	162	0.774562
139	164	0.768575
139	166	0.715901
139	176	0.751337
139	177	0.690677
140	27	1.18053
140	28	0.733135
140	34	0.825094
140	61	1.12381
140	62	1.24798
140	63	1.24334
140	71	1.17361
140	75	0.646481
140	100	1.17941
140	112	1.18773
140	114	1.20049
140	118	1.1941
140	139	1.22401
140	143	1.20754
140	146	0.704552
140	148	1.20802
140	156	0.723593
140	157	1.23522
140	158	1.22443
140	160	1.21142
140	161	0.781046
140	165	0.726873
140	167	1.23367
140	169	0.683394
140	171	1.21746
140	172	0.694241
140	176	0.706016
140	177	0.645357
140	178	0.730605
140	179	1.20721
140	180	0.704947
141	1	1.23085
141	4	0.667901
141	6	1.23165
141	10	0.677909
141	17	1.24634
141	21	0.7292
141	37	1.14432
141	48	1.16702
141	69	0.723734
141	100	0.751859
141	104	1.14298
141	106	0.779335
141	110	1.2284
141	125	1.17892
141	142	1.22529
141	143	0.702427
141	144	0.725029
141	145	0.724373
141	154	1.16403
141	155	1.22697
141	161	0.75011
141	163	1.21964
141	164	1.19796
141	165	1.19629
141	166	1.23961
141	170	0.691904
141	172	1.22808
141	173	0.686758
141	175	0.681464
141	176	1.21912
141	180	1.2125
142	5	0.722521
142	18	1.30298
142	34	0.850818
142	48	1.13023
142	60	1.19261
142	74	0.675958
142	75	0.672204
142	97	0.712097
142	98	1.23261
142	104	1.10619
142	106	0.835995
142	117	1.161
142	118	0.775163
142	125	1.14212
142	127	0.701154
142	132	0.73962
142	138	0.696736
142	141	1.22529
