1	6	0.96144
1	31	0.872425
1	33	0.882641
1	50	0.917889
1	60	0.875605
1	62	0.875961
1	69	0.926212
1	92	0.623513
1	106	0.867169
1	146	0.986377
1	159	2.17247
1	166	2.7087
2	20	0.920287
2	47	0.842104
2	51	0.922151
2	54	0.896819
2	55	0.897005
2	59	0.951765
2	81	1.15608
2	93	0.908218
2	106	0.863336
2	143	1.63406
2	164	1.80681
2	169	1.84426
3	6	0.848557
3	12	0.808943
3	26	0.876062
3	33	0.769759
3	50	0.805006
3	60	0.762723
3	62	0.763078
3	69	0.813329
3	106	0.754286
3	128	1.82216
3	142	1.52104
3	170	2.73394
4	17	0.740261
4	35	0.868886
4	38	0.776278
4	58	0.815841
4	61	0.791445
4	65	0.791609
4	123	0.804443
4	135	1.85766
4	147	0.849725
4	155	2.09015
4	173	0.777792
4	178	2.12522
5	18	0.89528
5	32	0.865669
5	36	0.937393
5	57	0.967931
5	93	0.909401
5	98	1.26891
5	104	0.863581
5	128	0.860238
5	139	0.916135
5	144	1.52167
5	148	1.69959
5	160	1.96842
6	1	0.96144
6	3	0.848557
6	31	0.874981
6	33	0.885198
6	50	0.920445
6	60	0.878162
6	62	0.878517
6	69	0.928768
6	117	0.80109
6	122	1.1117
6	166	2.94153
6	178	1.59125
7	20	0.920287
7	47	0.842104
7	51	0.922151
7	54	0.896819
7	55	0.897005
7	59	0.951765
7	93	0.908218
7	106	0.863336
7	112	0.925924
7	135	1.41143
7	140	1.64339
7	175	2.46265
8	48	0.835589
8	67	0.763287
8	79	0.820572
8	80	0.797991
8	84	0.798247
8	88	0.841392
8	127	1.98055
8	138	0.80406
8	150	0.810097
8	153	1.84631
8	168	2.23766
8	174	0.714072
9	34	1.04859
9	92	0.923461
9	108	1.16149
9	111	1.30331
9	140	0.81218
9	142	0.914803
9	156	0.787519
9	159	0.747406
9	171	0.812974
9	177	0.740268
9	179	0.722551
9	180	0.746067
10	18	0.896487
10	32	0.866877
10	36	0.9386
10	57	0.969139
10	104	0.864788
10	123	0.899963
10	128	0.861446
10	139	0.917343
10	144	1.3993
10	160	1.84605
10	162	1.3699
10	178	1.88948
11	22	0.849301
11	47	0.861958
11	51	0.942005
11	54	0.916673
11	55	0.916858
11	56	1.25948
11	59	0.971619
11	101	0.858553
11	106	0.883189
11	117	1.09787
11	164	1.78007
11	174	2.24679
12	3	0.808943
12	26	0.951888
12	30	0.951376
12	31	0.835368
12	33	0.845584
12	60	0.838548
12	62	0.838903
12	69	0.889155
12	81	1.16269
12	101	1.79097
12	106	0.830111
12	141	2.31726
12	146	1.54934
13	42	0.770862
13	44	0.836674
13	67	0.856136
13	79	0.913421
13	80	0.890839
13	84	0.891095
13	88	0.93424
13	135	1.62499
13	150	0.902945
13	162	1.37297
13	171	1.67985
13	174	0.806921
13	180	2.20833
14	15	0.816844
14	17	0.817866
14	37	0.931408
14	38	0.853882
14	61	0.869049
14	65	0.869213
14	123	0.882048
14	147	0.92733
14	154	1.37637
14	168	1.80533
14	169	1.60282
14	170	2.14064
14	173	0.855397
15	14	0.816844
15	17	0.714541
15	35	0.843165
15	38	0.750557
15	58	0.79012
15	61	0.765724
15	65	0.765888
15	115	0.792851
15	144	1.3822
15	147	0.824004
15	167	2.49974
15	173	0.752071
15	177	2.62737
16	86	1.15231
16	109	0.864103
16	110	0.87085
16	120	0.869637
16	126	0.857531
16	130	0.872482
16	131	0.862847
16	132	0.889116
16	134	0.889298
16	160	1.95101
16	164	0.813855
16	171	1.78174
16	178	1.99444
17	4	0.740261
17	14	0.817866
17	15	0.714541
17	37	0.829105
17	58	0.791142
17	61	0.766746
17	65	0.76691
17	115	0.793873
17	125	2.00156
17	127	2.38353
17	147	0.825026
17	149	2.03724
17	173	0.753093
18	5	0.89528
18	10	0.896487
18	28	0.92775
18	32	0.807364
18	36	0.879087
18	57	0.909626
18	98	0.894189
18	123	0.840451
18	128	0.801933
18	139	0.85783
18	155	1.60206
18	175	2.42078
18	180	1.9529
19	89	0.806495
19	91	0.780389
19	94	0.786741
19	95	1.60111
19	105	0.751048
19	108	0.784373
19	111	0.768912
19	113	0.76872
19	114	0.771823
19	116	0.789665
19	119	0.789835
19	142	1.88299
19	180	2.94435
20	2	0.920287
20	7	0.920287
20	22	0.798517
20	47	0.811174
20	51	0.891221
20	54	0.865889
20	55	0.866075
20	59	0.920835
20	101	0.80777
20	102	0.991208
20	127	1.75479
20	174	2.23865
20	178	1.87989
21	46	1.15889
21	68	0.823234
21	91	0.877155
21	102	1.34533
21	105	0.847814
21	108	0.881139
21	111	0.865677
21	113	0.865485
21	114	0.868588
21	116	0.886431
21	119	0.8866
21	160	2.19059
21	173	2.13972
22	11	0.849301
22	20	0.798517
22	47	0.720334
22	51	0.800381
22	54	0.775049
22	55	0.775235
22	59	0.829995
22	93	0.786447
22	101	0.71693
22	106	0.741565
22	136	1.63474
22	149	1.75346
22	179	3.07893
23	30	0.89516
23	50	0.824615
23	60	0.782331
23	62	0.782687
23	69	0.832938
23	84	1.5931
23	110	1.23528
23	132	1.14157
23	169	0.759878
23	171	0.780456
23	177	0.70775
23	179	0.690033
23	180	0.713549
24	98	1.43814
24	99	1.40925
24	103	0.893139
24	118	0.876545
24	124	0.855687
24	126	0.854108
24	130	0.869058
24	131	0.859423
24	132	0.885693
24	134	0.885875
24	152	1.6748
24	164	0.810431
24	168	2.31308
25	63	0.86432
25	87	2.01439
25	89	0.861212
25	94	0.841458
25	102	1.41551
25	108	0.839091
25	111	0.823629
25	113	0.823437
25	114	0.82654
25	116	0.844383
25	119	0.844552
25	121	1.58323
25	138	0.834105
25	173	2.20989
26	3	0.876062
26	12	0.951888
26	30	1.0185
26	31	0.902487
26	33	0.912703
26	50	0.947951
26	60	0.905667
26	62	0.906022
26	69	0.956274
26	82	0.555486
26	87	0.932105
26	141	1.61779
26	166	2.57218
26	177	1.9769
27	39	0.908135
27	45	0.793829
27	49	0.724552
27	64	0.831534
27	66	0.881156
27	74	0.854302
27	75	0.854339
27	76	0.854479
27	83	0.90083
27	153	0.833277
27	154	1.43502
27	164	1.62402
27	172	2.64286
27	173	1.63769
28	18	0.92775
28	32	0.898139
28	36	0.969863
28	56	0.870824
28	57	1.0004
28	93	0.941872
28	97	0.575448
28	104	0.896051
28	123	0.931226
28	128	0.892708
28	139	0.948605
28	152	0.993107
28	157	2.91049
28	175	2.28304
29	42	0.732993
29	67	0.818268
29	79	0.875553
29	80	0.852971
29	84	0.853227
29	86	1.26859
29	88	0.896372
29	129	0.867004
29	138	0.85904
29	150	0.865077
29	162	1.59113
29	164	2.00275
29	174	0.769052
29	180	2.42649
30	12	0.951376
30	23	0.89516
30	26	1.0185
30	31	0.901975
30	50	0.947439
30	60	0.905156
30	62	0.905511
30	69	0.955762
30	95	0.681668
30	101	1.57872
30	106	0.896719
30	140	1.67354
30	178	1.70914
30	180	2.02491
31	1	0.872425
31	6	0.874981
31	12	0.835368
31	26	0.902487
31	30	0.901975
31	33	0.796183
31	60	0.789147
31	62	0.789502
31	69	0.839754
31	106	0.78071
31	173	1.22734
31	175	2.1053
31	176	1.80525
31	179	2.17573
32	5	0.865669
32	10	0.866877
32	18	0.807364
32	28	0.898139
32	36	0.849477
32	57	0.880015
32	93	0.821486
32	97	1.32846
32	123	0.81084
32	128	0.772323
32	139	0.828219
32	151	2.18786
32	152	1.74612
32	161	1.99843
33	1	0.882641
33	3	0.769759
33	6	0.885198
33	12	0.845584
33	26	0.912703
33	31	0.796183
33	50	0.841647
33	60	0.799363
33	62	0.799719
33	69	0.84997
33	87	1.91558
33	99	1.43356
33	125	1.69832
33	169	2.13487
34	9	1.04859
34	109	0.812165
34	110	0.818913
34	120	0.8177
34	124	0.807174
34	126	0.805594
34	130	0.820545
34	131	0.810909
34	132	0.837179
34	134	0.837361
34	147	0.8573
34	154	1.38534
34	164	0.761917
34	166	3.03258
34	168	1.81431
35	4	0.868886
35	15	0.843165
35	37	0.957729
35	38	0.880203
35	53	1.35338
35	58	0.919766
35	61	0.89537
35	65	0.895534
35	123	0.908369
35	145	1.53361
35	147	0.95365
35	149	1.29869
35	153	1.51073
35	163	2.35017
35	173	0.881718
36	5	0.937393
36	10	0.9386
36	18	0.879087
36	28	0.969863
36	32	0.849477
36	53	1.4935
36	57	0.951739
36	104	0.847388
36	112	1.15712
36	123	0.882563
36	128	0.844046
36	139	0.899943
36	144	1.42001
36	153	1.65085
36	174	2.26895
37	14	0.931408
37	17	0.829105
37	35	0.957729
37	58	0.904684
37	61	0.880288
37	65	0.880452
37	115	0.907415
37	123	0.893287
37	127	1.41876
37	133	1.85612
37	147	0.938568
37	155	1.50879
37	170	2.01117
37	171	1.33116
37	173	0.866635
38	4	0.776278
38	14	0.853882
38	15	0.750557
38	35	0.880203
38	58	0.827159
38	61	0.802762
38	65	0.802927
38	115	0.829889
38	123	0.815761
38	140	2.02158
38	143	1.77647
38	147	0.861043
38	165	1.89044
38	169	1.98667
38	173	0.78911
39	27	0.908135
39	43	0.935502
39	45	0.860407
39	49	0.79113
39	52	0.916225
39	74	0.920881
39	75	0.920918
39	76	0.921057
39	83	0.967408
39	90	1.04606
39	107	1.60639
39	148	1.55324
39	153	0.899855
39	171	1.6528
39	174	2.22426
40	71	0.771363
40	77	0.819508
40	89	0.850417
40	91	0.824312
40	94	0.830664
40	105	0.794971
40	113	0.812643
40	114	0.815746
40	115	0.824014
40	116	0.833588
40	119	0.833758
40	142	1.15642
40	154	1.60504
40	179	2.7561
40	180	2.21778
41	64	1.3485
41	73	0.732964
41	126	1.80568
41	139	1.46322
41	143	0.831896
41	156	0.778357
41	157	0.701886
41	161	0.815454
41	163	0.741374
41	172	0.714245
41	175	0.721174
41	177	0.731106
41	178	0.765883
41	179	0.713389
41	180	0.736905
42	13	0.770862
42	29	0.732993
42	44	0.684496
42	48	0.77626
42	67	0.703958
42	79	0.761243
42	80	0.738662
42	84	0.738917
42	86	2.20826
42	88	0.782062
42	95	2.02292
42	129	0.752694
42	133	3.36265
42	138	0.74473
42	150	0.750767
42	174	0.654743
43	39	0.935502
43	49	0.751919
43	64	0.858901
43	66	0.908523
43	74	0.881669
43	75	0.881706
43	76	0.881845
43	83	0.928196
43	104	0.834933
43	122	1.48021
43	129	0.891498
43	142	1.21417
43	144	1.46958
43	153	0.860643
43	160	1.91633
43	176	2.44337
44	13	0.836674
44	42	0.684496
44	48	0.842072
44	67	0.769771
44	79	0.827056
44	80	0.804474
44	84	0.80473
44	88	0.847875
44	129	0.818507
44	138	0.810543
44	150	0.81658
44	158	2.43
44	163	2.38868
44	164	1.70062
44	171	1.59588
44	174	0.720555
45	27	0.793829
45	39	0.860407
45	49	0.676824
45	52	0.801919
45	64	0.783806
45	66	0.833428
45	74	0.806574
45	75	0.806611
45	76	0.80675
45	83	0.853101
45	129	0.816403
45	144	1.31774
45	146	1.43588
45	153	0.785548
45	157	3.21904
45	180	2.1237
46	21	1.15889
46	52	1.13722
46	83	0.869598
46	129	0.775723
46	130	0.773465
46	136	0.987946
46	156	0.903411
46	166	0.828577
46	168	0.873861
46	172	0.839298
46	175	0.846228
46	176	0.85413
46	177	0.85616
46	178	0.890936
46	179	0.838442
46	180	0.861958
47	2	0.842104
47	7	0.842104
47	11	0.861958
47	20	0.811174
47	22	0.720334
47	51	0.813038
47	54	0.787706
47	55	0.787892
47	59	0.842652
47	93	0.799104
47	95	1.39197
47	101	0.729587
47	106	0.754222
47	112	1.66637
47	125	1.91237
47	163	2.99954
48	8	0.835589
48	42	0.77626
48	44	0.842072
48	67	0.861534
48	80	0.896237
48	84	0.896493
48	88	0.939638
48	129	0.91027
48	138	0.902306
48	150	0.908343
48	158	2.10245
48	164	1.37306
48	171	1.26833
48	174	0.812319
48	178	1.48103
48	179	2.33512
49	27	0.724552
49	39	0.79113
49	43	0.751919
49	45	0.676824
49	52	0.732642
49	64	0.714529
49	66	0.764151
49	74	0.737297
49	75	0.737334
49	76	0.737474
49	83	0.783824
49	129	0.747126
49	146	2.32711
49	153	0.716272
49	156	2.66285
49	178	2.69915
50	1	0.917889
50	3	0.805006
50	6	0.920445
50	23	0.824615
50	26	0.947951
50	30	0.947439
50	33	0.841647
50	60	0.834611
50	62	0.834966
50	69	0.885218
50	106	0.826174
50	137	1.27089
50	149	1.18448
50	159	2.46991
50	162	1.13628
50	179	2.50995
51	2	0.922151
51	7	0.922151
51	11	0.942005
51	20	0.891221
51	22	0.800381
51	47	0.813038
51	54	0.867753
51	55	0.867939
51	59	0.922699
51	82	1.45811
51	101	0.809634
51	106	0.834269
51	112	1.37147
51	128	1.68006
51	151	2.06
51	161	1.87057
52	39	0.916225
52	45	0.801919
52	46	1.13722
52	49	0.732642
52	64	0.839624
52	66	0.889246
52	74	0.862392
52	75	0.862429
52	76	0.862569
52	83	0.908919
52	90	1.3929
52	104	0.815657
52	129	0.872221
52	148	1.90008
52	153	0.841366
52	161	1.95838
52	164	2.10438
53	35	1.35338
53	36	1.4935
53	77	1.6553
53	111	1.52032
53	128	0.796356
53	142	0.909027
53	144	0.856074
53	149	0.852721
53	155	0.798932
53	161	0.818841
53	163	0.74476
53	175	0.724561
53	176	0.732463
53	177	0.734493
53	178	0.769269
53	179	0.716775
53	180	0.740291
54	2	0.896819
54	7	0.896819
54	11	0.916673
54	20	0.865889
54	22	0.775049
54	47	0.787706
54	51	0.867753
54	55	0.842606
54	59	0.897367
54	93	0.853819
54	98	1.35438
54	101	0.784301
54	106	0.808937
54	112	1.34424
54	162	1.57773
54	167	2.72467
54	171	1.88461
55	2	0.897005
55	7	0.897005
55	11	0.916858
55	20	0.866075
55	22	0.775235
55	47	0.787892
55	51	0.867939
55	54	0.842606
55	59	0.897553
55	93	0.854005
55	101	0.784487
55	106	0.809123
55	133	2.07958
55	152	1.26105
55	161	1.51336
55	164	1.65936
55	167	2.39469
56	11	1.25948
56	28	0.870824
56	66	0.863112
56	120	1.4089
56	136	0.940513
56	145	0.904648
56	147	1.19543
56	155	0.873165
56	165	0.870587
56	166	0.781143
56	168	0.826427
56	169	0.860854
56	171	0.881432
56	175	0.798794
56	178	0.843503
56	179	0.791008
56	180	0.814525
57	5	0.967931
57	10	0.969139
57	18	0.909626
57	28	1.0004
57	32	0.880015
57	36	0.951739
57	93	0.923747
57	104	0.877927
57	123	0.913102
57	128	0.874584
57	139	0.930481
57	140	1.27404
57	154	1.01268
57	164	1.20168
57	174	1.6684
57	177	2.06464
57	179	2.16373
58	4	0.815841
58	15	0.79012
58	17	0.791142
58	35	0.919766
58	37	0.904684
58	38	0.827159
58	61	0.842325
58	65	0.84249
58	87	1.63692
58	115	0.869452
58	123	0.855324
58	135	1.65916
58	142	1.18113
58	145	1.69026
58	147	0.900606
58	173	0.828673
58	175	2.71038
59	2	0.951765
59	7	0.951765
59	11	0.971619
59	20	0.920835
59	22	0.829995
59	47	0.842652
59	51	0.922699
59	54	0.897367
59	55	0.897553
59	93	0.908766
59	101	0.839248
59	106	0.863884
59	143	1.3654
59	145	1.40964
59	154	1.34914
59	160	1.60267
59	177	2.4011
59	178	1.6461
60	1	0.875605
60	3	0.762723
60	6	0.878162
60	12	0.838548
60	23	0.782331
60	26	0.905667
60	30	0.905156
60	31	0.789147
60	33	0.799363
60	50	0.834611
60	62	0.792683
60	69	0.842934
60	106	0.783891
60	135	1.43625
60	153	1.44446
60	155	1.66874
60	167	2.33117
60	177	2.4588
61	4	0.791445
61	14	0.869049
61	15	0.765724
61	17	0.766746
61	35	0.89537
61	37	0.880288
61	38	0.802762
61	58	0.842325
61	65	0.818093
61	115	0.845056
61	117	0.884798
61	123	0.830928
61	147	0.876209
61	151	1.61043
61	168	1.80697
61	172	2.58584
61	173	0.804277
61	177	2.42996
62	1	0.875961
62	3	0.763078
62	6	0.878517
62	12	0.838903
62	23	0.782687
62	26	0.906022
62	30	0.905511
62	31	0.789502
62	33	0.799719
62	50	0.834966
62	60	0.792683
62	69	0.843289
62	106	0.784246
62	112	1.06467
62	156	1.78143
62	161	1.56377
62	170	2.28505
62	175	2.6014
63	25	0.86432
63	73	2.03261
63	77	0.89719
63	89	0.928099
63	105	0.872653
63	108	0.905978
63	111	0.890516
63	113	0.890324
63	114	0.893427
63	116	0.91127
63	117	0.928184
63	119	0.911439
63	138	0.900992
63	149	0.826374
63	153	1.03842
63	174	1.65652
63	177	2.05275
63	179	2.15185
64	27	0.831534
64	41	1.3485
64	43	0.858901
64	45	0.783806
64	49	0.714529
64	52	0.839624
64	66	0.871133
64	74	0.844279
64	75	0.844316
64	76	0.844456
64	83	0.890807
64	104	0.797544
64	129	0.854108
64	153	0.823254
64	157	2.75041
64	161	1.08534
64	163	1.9194
64	170	1.80661
65	4	0.791609
65	14	0.869213
65	15	0.765888
65	17	0.76691
65	35	0.895534
65	37	0.880452
65	38	0.802927
65	58	0.84249
65	61	0.818093
65	115	0.845221
65	123	0.831092
65	147	0.876374
65	155	1.67185
65	162	1.18733
65	172	2.61779
65	173	0.804441
65	176	2.19052
65	178	1.70691
66	27	0.881156
66	43	0.908523
66	45	0.833428
66	49	0.764151
66	52	0.889246
66	56	0.863112
66	64	0.871133
66	74	0.893901
66	75	0.893938
66	76	0.894078
66	83	0.940429
66	86	0.649536
66	104	0.847166
66	107	1.23256
66	129	0.90373
66	153	0.872876
66	166	2.84194
66	175	2.27533
66	180	1.80744
67	8	0.763287
67	13	0.856136
67	29	0.818268
67	42	0.703958
67	44	0.769771
67	48	0.861534
67	79	0.846517
67	80	0.823936
67	84	0.824192
67	88	0.867336
67	102	1.16118
67	129	0.837969
67	138	0.830004
67	150	0.836042
67	151	1.98533
67	156	2.01356
67	158	2.67129
67	165	1.88313
67	174	0.740017
68	21	0.823234
68	71	0.76591
68	77	0.814056
68	89	0.844965
68	94	0.825211
68	101	2.10102
68	105	0.789518
68	108	0.822843
68	111	0.807382
68	113	0.80719
68	114	0.810293
68	115	0.818561
68	116	0.828135
68	119	0.828305
68	136	1.64133
68	138	0.817858
68	146	1.85939
68	165	2.0647
68	171	2.01873
69	1	0.926212
69	3	0.813329
69	6	0.928768
69	12	0.889155
69	23	0.832938
69	26	0.956274
69	30	0.955762
69	31	0.839754
69	33	0.84997
69	50	0.885218
69	60	0.842934
69	62	0.843289
69	86	1.05014
69	92	1.15736
69	96	0.867223
69	106	0.834497
69	141	2.28815
69	158	2.51369
69	180	2.20804
70	85	0.898415
70	109	0.869663
70	110	0.876411
70	118	0.88553
70	120	0.875198
70	124	0.864672
70	126	0.863092
70	127	0.820995
70	130	0.878043
70	131	0.868408
70	132	0.894677
70	134	0.894859
70	141	1.99375
70	143	1.31716
70	147	0.914798
70	156	1.56156
70	159	2.41191
70	161	1.34391
70	173	1.50357
71	40	0.771363
71	68	0.76591
71	77	0.815028
71	89	0.845937
71	91	0.819831
71	94	0.826183
71	105	0.79049
71	108	0.823816
71	111	0.808354
71	114	0.811265
71	116	0.829108
71	117	0.846021
71	119	0.829277
71	138	0.81883
71	145	1.59576
71	160	1.7888
71	161	1.57827
71	167	2.45959
71	176	2.31584
72	78	0.881423
72	90	1.15346
72	100	0.866425
72	109	0.874893
72	118	0.89076
72	120	0.880428
72	124	0.869902
72	126	0.868322
72	127	0.826225
72	128	1.52842
72	130	0.883273
72	131	0.873638
72	132	0.899907
72	134	0.900089
72	143	1.69219
72	150	0.894208
72	152	1.46663
72	153	1.71356
72	163	2.553
73	41	0.732964
73	63	2.03261
73	79	0.775342
73	80	0.75276
73	84	0.753016
73	88	0.796161
73	101	0.686532
73	103	2.08684
73	105	2.64482
73	136	0.77681
73	150	0.764866
73	161	0.729371
73	165	0.706884
73	168	0.662724
73	174	0.668841
73	176	0.642993
73	177	0.645023
73	179	0.627306
73	180	0.650822
74	27	0.854302
74	39	0.920881
74	43	0.881669
74	45	0.806574
74	49	0.737297
74	52	0.862392
74	64	0.844279
74	66	0.893901
74	75	0.867085
74	76	0.867224
74	83	0.913575
74	104	0.820312
74	121	1.43725
74	127	2.03312
74	129	0.876877
74	136	1.56811
74	145	1.92175
74	148	1.84595
74	149	1.68683
74	153	0.846022
75	27	0.854339
75	39	0.920918
75	43	0.881706
75	45	0.806611
75	49	0.737334
75	52	0.862429
75	64	0.844316
75	66	0.893938
75	74	0.867085
75	76	0.867261
75	83	0.913612
75	104	0.820349
75	129	0.876914
75	137	1.5407
75	142	1.18009
75	148	1.61342
75	151	1.86114
75	153	0.846059
75	164	1.81771
75	167	2.55304
76	27	0.854479
76	39	0.921057
76	43	0.881845
76	45	0.80675
76	49	0.737474
76	52	0.862569
76	64	0.844456
76	66	0.894078
76	74	0.867224
76	75	0.867261
76	83	0.913751
76	92	1.24968
76	104	0.820489
76	129	0.877053
76	145	1.74812
76	153	0.846198
76	160	1.94116
76	162	1.465
76	165	1.81785
76	180	2.30036
77	40	0.819508
77	53	1.6553
77	63	0.89719
77	68	0.814056
77	71	0.815028
77	90	1.25256
77	91	0.867976
77	94	0.874328
77	99	1.30017
77	105	0.838635
77	108	0.871961
77	111	0.856499
77	113	0.856307
77	114	0.85941
77	116	0.877253
77	119	0.877422
77	125	1.56493
77	138	0.866975
77	153	1.81266
77	174	2.43076
78	72	0.881423
78	100	0.842282
78	103	0.883211
78	107	1.45842
78	109	0.850751
78	118	0.866617
78	120	0.856285
78	124	0.845759
78	126	0.844179
78	130	0.85913
78	131	0.849495
78	132	0.875764
78	134	0.875946
78	139	0.867983
78	143	1.43682
78	149	1.24615
78	154	1.42057
78	157	3.12864
78	164	0.800503
78	168	1.84954
79	8	0.820572
79	13	0.913421
79	29	0.875553
79	42	0.761243
79	44	0.827056
79	67	0.846517
79	73	0.775342
79	80	0.881221
79	84	0.881477
79	88	0.924622
79	127	1.43503
79	129	0.895254
79	137	1.17516
79	138	0.88729
79	145	1.32366
79	150	0.893327
79	172	2.471
79	174	0.797302
79	177	2.31512
79	180	1.8759
80	8	0.797991
80	13	0.890839
80	29	0.852971
80	42	0.738662
80	44	0.804474
80	48	0.896237
80	67	0.823936
80	73	0.75276
80	79	0.881221
80	84	0.858895
80	88	0.90204
80	122	1.68592
80	128	1.72099
80	129	0.872672
80	138	0.864708
80	143	1.88476
80	145	1.929
80	150	0.870745
80	162	1.64588
80	164	2.0575
80	174	0.774721
81	2	1.15608
81	12	1.16269
81	108	1.03651
81	120	1.27876
81	121	0.955742
81	125	0.878819
81	130	1.0899
81	134	1.02417
81	141	0.842457
81	158	0.806394
81	159	0.807505
81	161	0.884715
81	162	0.946161
81	168	0.818068
81	169	0.852494
81	172	0.783506
81	175	0.790435
81	177	0.800367
81	178	0.835143
81	179	0.782649
81	180	0.806165
82	26	0.555486
82	51	1.45811
82	85	1.14622
82	101	0.839125
82	130	1.18217
82	134	1.11644
82	142	0.972151
82	146	0.900444
82	150	1.24189
82	152	0.934667
82	156	0.844867
82	157	0.768397
82	161	0.881964
82	163	0.807884
82	166	0.770034
82	168	0.815317
82	174	0.821435
82	176	0.795586
82	177	0.797616
82	178	0.832393
82	180	0.803415
83	27	0.90083
83	39	0.967408
83	43	0.928196
83	45	0.853101
83	46	0.869598
83	49	0.783824
83	52	0.908919
83	64	0.890807
83	66	0.940429
83	74	0.913575
83	75	0.913612
83	76	0.913751
83	102	1.05604
83	104	0.866839
83	129	0.923404
83	145	1.70826
83	153	0.892549
83	155	1.90965
83	156	1.90842
83	162	1.42514
83	168	2.07673
84	8	0.798247
84	13	0.891095
84	23	1.5931
84	29	0.853227
84	42	0.738917
84	44	0.80473
84	48	0.896493
84	67	0.824192
84	73	0.753016
84	79	0.881477
84	80	0.858895
84	88	0.902296
84	99	1.4269
84	125	1.69166
84	129	0.872928
84	138	0.864964
84	144	1.70854
84	150	0.871001
84	165	2.03199
84	171	1.98602
84	174	0.774976
85	70	0.898415
85	82	1.14622
85	100	0.864504
85	103	0.905433
85	109	0.872973
85	118	0.888839
85	120	0.878508
85	124	0.867981
85	126	0.866402
85	130	0.881352
85	131	0.871717
85	132	0.897987
85	134	0.898169
85	137	1.42767
85	139	0.890205
85	140	1.77704
85	146	1.4406
85	150	0.892288
85	153	1.5533
85	164	0.822725
85	173	1.71835
85	176	2.29625
86	16	1.15231
86	29	1.26859
86	42	2.20826
86	66	0.649536
86	69	1.05014
86	87	0.915777
86	124	0.693568
86	132	0.905068
86	140	0.914138
86	144	0.963807
86	154	0.968481
86	155	0.906666
86	158	0.848254
86	167	0.84315
86	170	0.851864
86	171	0.914932
86	175	0.832294
86	176	0.840196
86	177	0.842226
86	178	0.877003
86	179	0.824509
86	180	0.848025
87	25	2.01439
87	26	0.932105
87	33	1.91558
87	58	1.63692
87	86	0.915777
87	93	1.48662
87	110	0.823991
87	118	0.83311
87	124	0.812252
87	131	0.815988
87	132	0.842258
87	134	0.842439
87	150	0.836559
87	157	0.687496
87	160	0.770887
87	164	0.766996
87	167	0.71764
87	168	0.734417
87	178	0.751492
87	179	0.698998
87	180	0.722514
88	8	0.841392
88	13	0.93424
88	29	0.896372
88	42	0.782062
88	44	0.847875
88	48	0.939638
88	67	0.867336
88	73	0.796161
88	79	0.924622
88	80	0.90204
88	84	0.902296
88	128	1.60275
88	129	0.916073
88	138	0.908109
88	142	1.30164
88	149	1.57584
88	150	0.914146
88	151	1.98269
88	152	1.54096
88	154	1.75027
88	155	2.01216
88	174	0.818121
89	19	0.806495
89	25	0.861212
89	40	0.850417
89	63	0.928099
89	68	0.844965
89	71	0.845937
89	91	0.898886
89	94	0.905237
89	105	0.869544
89	108	0.90287
89	111	0.887408
89	113	0.887216
89	114	0.890319
89	116	0.908162
89	119	0.908331
89	144	1.12404
89	156	1.57792
89	159	2.42827
89	163	2.19433
89	169	1.54371
89	171	1.40153
89	173	1.51993
90	39	1.04606
90	52	1.3929
90	72	1.15346
90	77	1.25256
90	99	0.996374
90	115	1.01746
90	117	0.971417
90	118	0.736989
90	119	0.864306
90	133	0.864488
90	146	0.933247
90	149	0.948648
90	158	0.836447
90	160	0.884591
90	161	0.914768
90	168	0.848121
90	170	0.840057
90	172	0.813558
90	176	0.82839
90	178	0.865196
90	179	0.812702
90	180	0.836218
91	19	0.780389
91	21	0.877155
91	40	0.824312
91	71	0.819831
91	77	0.867976
91	89	0.898886
91	94	0.879132
91	105	0.843439
91	108	0.876764
91	111	0.861303
91	113	0.861111
91	114	0.864214
91	116	0.882056
91	117	0.89897
91	119	0.882226
91	138	0.871779
91	152	1.1448
91	158	2.2725
91	161	1.39712
91	164	1.54311
91	168	1.78308
91	177	2.40607
91	178	1.65108
92	1	0.623513
92	9	0.923461
92	69	1.15736
92	76	1.24968
92	94	1.21634
92	116	1.07242
92	132	1.01229
92	137	0.947219
92	149	0.944587
92	150	1.17341
92	153	0.917274
92	157	0.797139
92	158	0.832386
92	161	0.910706
92	164	0.876638
92	166	0.798775
92	169	0.878486
92	172	0.809497
92	175	0.816426
92	176	0.824328
92	178	0.861135
92	179	0.808641
92	180	0.832157
93	2	0.908218
93	5	0.909401
93	7	0.908218
93	22	0.786447
93	28	0.941872
93	32	0.821486
93	47	0.799104
93	54	0.853819
93	55	0.854005
93	57	0.923747
93	59	0.908766
93	87	1.48662
93	102	0.887739
93	104	0.819397
93	106	0.820336
93	123	0.854572
93	128	0.816055
93	133	2.08868
93	139	0.871952
93	145	1.53996
93	153	1.51708
93	171	1.56372
93	179	2.63051
94	19	0.786741
94	25	0.841458
94	40	0.830664
94	68	0.825211
94	71	0.826183
94	77	0.874328
94	89	0.905237
94	91	0.879132
94	92	1.21634
94	97	1.02732
94	105	0.849791
94	108	0.883116
94	111	0.867654
94	113	0.867463
94	114	0.870566
94	116	0.888408
94	117	0.905322
94	119	0.888578
94	146	1.5792
94	154	1.65429
94	156	1.91494
94	176	2.43486
94	178	1.95125
95	19	1.60111
95	30	0.681668
95	42	2.02292
95	47	1.39197
95	108	0.767726
95	120	1.00998
95	138	0.887644
95	143	0.911684
95	148	0.892188
95	152	0.947945
95	156	0.858145
95	159	0.818032
95	165	0.872756
95	167	0.811819
95	168	0.828595
95	169	0.863022
95	170	0.820532
95	171	0.8836
95	172	0.794033
95	175	0.800963
95	176	0.808865
95	178	0.845671
95	179	0.793177
95	180	0.816693
96	69	0.867223
96	98	1.0315
96	106	0.796954
96	115	0.811852
96	131	1.03236
96	132	0.722154
96	134	0.757816
96	147	0.798937
96	150	0.88327
96	156	0.918671
96	157	0.8422
96	161	0.955768
96	162	1.01721
96	163	0.881688
96	166	0.843837
96	167	0.872344
96	168	0.889121
96	170	0.881058
96	172	0.854559
96	176	0.86939
96	177	0.87142
96	178	0.906197
96	179	0.853702
96	180	0.877219
97	28	0.575448
97	32	1.32846
97	94	1.02732
97	105	0.986035
97	124	0.611768
97	131	1.13347
97	134	0.85893
97	144	0.9927
97	145	0.967041
97	150	0.984384
97	156	0.91837
97	157	0.841899
97	160	0.92529
97	163	0.881386
97	166	0.843536
97	168	0.88882
97	171	0.943824
97	173	0.944848
97	174	0.894937
97	175	0.861187
97	176	0.869089
97	177	0.871119
97	179	0.853401
97	180	0.876917
98	5	1.26891
98	18	0.894189
98	24	1.43814
98	54	1.35438
98	96	1.0315
98	113	1.13236
98	122	0.92585
98	126	1.05354
98	140	0.875156
98	150	1.16538
98	151	0.860291
98	158	0.809272
98	159	0.810382
98	161	0.887592
98	162	0.949039
98	167	0.804168
98	170	0.812882
98	172	0.786383
98	175	0.793312
98	176	0.801215
98	177	0.803244
98	178	0.838021
98	179	0.785527
98	180	0.809043
99	24	1.40925
99	33	1.43356
99	77	1.30017
99	84	1.4269
99	90	0.996374
99	103	0.58016
99	113	1.10347
99	115	1.06507
99	143	0.909909
99	149	0.927347
99	160	0.86329
99	163	0.819387
99	165	0.87098
99	166	0.781536
99	167	0.810043
99	168	0.82682
99	169	0.861247
99	171	0.881825
99	172	0.792258
99	175	0.799187
99	176	0.807089
99	177	0.809119
99	179	0.791401
99	180	0.814918
100	72	0.866425
100	78	0.842282
100	85	0.864504
100	103	0.868213
100	109	0.835752
100	110	0.8425
100	118	0.851619
100	120	0.841287
100	124	0.830761
100	126	0.829181
100	130	0.844132
100	131	0.834497
100	132	0.860766
100	134	0.860948
100	137	1.65241
100	140	2.00178
100	142	1.29179
100	144	1.5472
100	147	0.880887
100	148	1.72513
100	150	0.855067
100	154	1.74042
100	158	2.65881
100	164	0.785504
101	11	0.858553
101	12	1.79097
101	20	0.80777
101	22	0.71693
101	30	1.57872
101	47	0.729587
101	51	0.809634
101	54	0.784301
101	55	0.784487
101	59	0.839248
101	68	2.10102
101	73	0.686532
101	82	0.839125
101	131	1.92699
101	139	1.3236
101	141	0.726764
101	145	0.780596
101	153	0.775589
101	154	0.810928
101	167	0.685598
101	177	0.684674
101	178	0.71945
101	179	0.666956
101	180	0.690472
102	20	0.991208
102	21	1.34533
102	25	1.41551
102	67	1.16118
102	83	1.05604
102	93	0.887739
102	112	0.998275
102	114	1.2821
102	121	1.00012
102	138	1.02643
102	140	0.916655
102	146	0.94757
102	151	0.901789
102	157	0.815523
102	165	0.906604
102	166	0.81716
102	168	0.862444
102	169	0.89687
102	170	0.854381
102	175	0.834811
102	176	0.842713
102	177	0.844743
102	178	0.87952
102	179	0.827025
102	180	0.850542
103	24	0.893139
103	73	2.08684
103	78	0.883211
103	85	0.905433
103	99	0.58016
103	100	0.868213
103	109	0.876681
103	110	0.883429
103	118	0.892548
103	120	0.882216
103	124	0.87169
103	127	0.828013
103	130	0.885061
103	131	0.875425
103	132	0.901695
103	133	1.66424
103	134	0.901877
103	139	0.893913
103	143	1.07128
103	147	0.921815
103	158	1.97341
103	163	1.93208
103	164	0.826433
103	167	1.97935
103	173	1.25769
104	5	0.863581
104	10	0.864788
104	28	0.896051
104	36	0.847388
104	43	0.834933
104	52	0.815657
104	57	0.877927
104	64	0.797544
104	66	0.847166
104	74	0.820312
104	75	0.820349
104	76	0.820489
104	83	0.866839
104	93	0.819397
104	123	0.808752
104	125	1.44194
104	128	0.770234
104	139	0.826131
104	142	1.20342
104	152	1.44274
104	153	0.799286
104	165	1.78228
104	167	2.57637
104	168	2.08102
104	170	2.41632
105	19	0.751048
105	21	0.847814
105	40	0.794971
105	63	0.872653
105	68	0.789518
105	71	0.79049
105	73	2.64482
105	77	0.838635
105	89	0.869544
105	91	0.843439
105	94	0.849791
105	97	0.986035
105	108	0.847423
105	111	0.831961
105	113	0.83177
105	114	0.834873
105	115	0.843141
105	116	0.852715
105	119	0.852885
105	121	1.18901
105	122	1.43042
105	138	0.842437
105	169	1.83946
105	171	1.69727
105	174	2.26873
106	1	0.867169
106	2	0.863336
106	3	0.754286
106	7	0.863336
106	11	0.883189
106	12	0.830111
106	22	0.741565
106	30	0.896719
106	31	0.78071
106	47	0.754222
106	50	0.826174
106	51	0.834269
106	54	0.808937
106	55	0.809123
106	59	0.863884
106	60	0.783891
106	62	0.784246
106	69	0.834497
106	93	0.820336
106	96	0.796954
106	121	1.10104
106	140	1.7864
106	157	3.23311
106	165	1.65527
106	174	2.18076
106	180	2.13777
107	39	1.60639
107	66	1.23256
107	78	1.45842
107	115	1.57779
107	124	1.27659
107	144	0.874613
107	146	0.855859
107	147	1.56487
107	148	0.834325
107	155	0.817471
107	157	0.723812
107	159	0.760169
107	160	0.807203
107	162	0.898826
107	165	0.814893
107	167	0.753956
107	169	0.805159
107	170	0.762669
107	172	0.73617
107	175	0.7431
107	176	0.751002
107	177	0.753032
107	178	0.787808
107	179	0.735314
107	180	0.75883
108	9	1.16149
108	19	0.784373
108	21	0.881139
108	25	0.839091
108	63	0.905978
108	68	0.822843
108	71	0.823816
108	77	0.871961
108	81	1.03651
108	89	0.90287
108	91	0.876764
108	94	0.883116
108	95	0.767726
108	105	0.847423
108	111	0.865287
108	113	0.865095
108	114	0.868198
108	116	0.886041
108	117	0.902954
108	119	0.88621
108	138	0.875763
108	152	1.28892
108	160	1.75177
108	165	1.62846
108	166	3.14547
108	173	1.7009
109	16	0.864103
109	34	0.812165
109	70	0.869663
109	72	0.874893
109	78	0.850751
109	85	0.872973
109	100	0.835752
109	103	0.876681
109	110	0.850969
109	117	1.21848
109	118	0.860088
109	120	0.849756
109	121	1.28769
109	124	0.83923
109	126	0.83765
109	130	0.852601
109	131	0.842965
109	132	0.869235
109	134	0.869417
109	136	1.41855
109	148	1.69639
109	150	0.863536
109	164	0.793973
109	168	2.14065
109	169	1.93813
109	173	1.91435
109	176	2.49226
110	16	0.87085
110	23	1.23528
110	34	0.818913
110	70	0.876411
110	87	0.823991
110	100	0.8425
110	103	0.883429
110	109	0.850969
110	118	0.866835
110	120	0.856503
110	121	1.11994
110	124	0.845977
110	126	0.844397
110	127	0.8023
110	130	0.859348
110	131	0.849713
110	132	0.875982
110	134	0.876164
110	136	1.2508
110	139	0.868201
110	141	2.23678
110	150	0.870284
110	156	1.8046
110	161	1.58694
110	164	0.800721
110	176	2.32451
110	180	2.15668
111	9	1.30331
111	19	0.768912
111	21	0.865677
111	25	0.823629
111	53	1.52032
111	63	0.890516
111	68	0.807382
111	71	0.808354
111	77	0.856499
111	89	0.887408
111	91	0.861303
111	94	0.867654
111	105	0.831961
111	108	0.865287
111	113	0.849633
111	114	0.852736
111	115	0.861004
111	116	0.870579
111	117	0.887493
111	119	0.870748
111	138	0.860301
111	140	1.90141
111	148	1.62476
111	151	1.87248
111	152	1.43074
111	155	1.90195
111	165	1.77028
112	7	0.925924
112	36	1.15712
112	47	1.66637
112	51	1.37147
112	54	1.34424
112	62	1.06467
112	102	0.998275
112	120	1.28438
112	138	1.16205
112	142	0.971232
112	144	0.918279
112	152	0.933748
112	153	0.887613
112	155	0.861137
112	159	0.803835
112	160	0.850869
112	161	0.881046
112	163	0.806965
112	165	0.858558
112	167	0.797622
112	168	0.814398
112	175	0.786766
112	176	0.794668
112	177	0.796697
112	178	0.831474
112	179	0.77898
112	180	0.802496
113	19	0.76872
113	21	0.865485
113	25	0.823437
113	40	0.812643
113	63	0.890324
113	68	0.80719
113	77	0.856307
113	89	0.887216
113	91	0.861111
113	94	0.867463
113	98	1.13236
113	99	1.10347
113	105	0.83177
113	108	0.865095
113	111	0.849633
113	114	0.852544
113	115	0.860812
113	116	0.870387
113	117	0.887301
113	119	0.870556
113	122	1.39574
113	136	1.2852
113	137	1.49033
113	138	0.860109
113	169	1.80478
113	172	2.78617
113	176	2.35891
114	19	0.771823
114	21	0.868588
114	25	0.82654
114	40	0.815746
114	63	0.893427
114	68	0.810293
114	71	0.811265
114	77	0.85941
114	89	0.890319
114	91	0.864214
114	94	0.870566
114	102	1.2821
114	105	0.834873
114	108	0.868198
114	111	0.852736
114	113	0.852544
114	115	0.863915
114	116	0.87349
114	117	0.890404
114	119	0.873659
114	121	1.44983
114	122	1.69123
114	128	1.72631
114	137	1.78581
114	144	1.6806
114	165	2.00405
114	169	2.10027
115	15	0.792851
115	17	0.793873
115	37	0.907415
115	38	0.829889
115	40	0.824014
115	58	0.869452
115	61	0.845056
115	65	0.845221
115	68	0.818561
115	90	1.01746
115	96	0.811852
115	99	1.06507
115	105	0.843141
115	107	1.57779
115	111	0.861004
115	113	0.860812
115	114	0.863915
115	116	0.881758
115	119	0.881927
115	123	0.858055
115	136	1.2468
115	138	0.87148
115	147	0.903337
115	164	1.72893
115	172	2.74778
115	173	0.831404
115	176	2.32051
116	19	0.789665
116	21	0.886431
116	25	0.844383
116	40	0.833588
116	63	0.91127
116	68	0.828135
116	71	0.829108
116	77	0.877253
116	89	0.908162
116	91	0.882056
116	92	1.07242
116	94	0.888408
116	105	0.852715
116	108	0.886041
116	111	0.870579
116	113	0.870387
116	114	0.87349
116	115	0.881758
116	117	0.908246
116	119	0.891502
116	122	1.32778
116	137	1.42236
116	138	0.881055
116	141	2.20321
116	149	1.33594
116	153	1.54799
116	162	1.28774
116	166	3.1576
116	171	1.59463
117	6	0.80109
117	11	1.09787
117	61	0.884798
117	63	0.928184
117	71	0.846021
117	90	0.971417
117	91	0.89897
117	94	0.905322
117	108	0.902954
117	109	1.21848
117	111	0.887493
117	113	0.887301
117	114	0.890404
117	116	0.908246
117	119	0.908416
117	120	1.24729
117	123	1.12915
117	134	0.992697
117	147	1.03382
117	150	1.11815
117	154	0.910417
117	158	0.79019
117	162	0.929957
117	167	0.785087
117	170	0.7938
117	171	0.856868
117	178	0.818939
117	179	0.766445
117	180	0.789961
118	24	0.876545
118	70	0.88553
118	72	0.89076
118	78	0.866617
118	85	0.888839
118	87	0.83311
118	90	0.736989
118	100	0.851619
118	103	0.892548
118	109	0.860088
118	110	0.866835
118	120	0.865622
118	124	0.855096
118	126	0.853516
118	130	0.868467
118	131	0.858832
118	132	0.885101
118	134	0.885283
118	139	0.87732
118	140	1.52083
118	147	0.905222
118	152	1.05016
118	158	2.17785
118	159	2.37047
118	162	1.03684
118	164	0.80984
118	165	1.3897
118	175	2.34009
118	179	2.41052
119	19	0.789835
119	21	0.8866
119	25	0.844552
119	40	0.833758
119	63	0.911439
119	68	0.828305
119	71	0.829277
119	77	0.877422
119	89	0.908331
119	90	0.864306
119	91	0.882226
119	94	0.888578
119	105	0.852885
119	108	0.88621
119	111	0.870748
119	113	0.870556
119	114	0.873659
119	115	0.881927
119	116	0.891502
119	117	0.908416
119	138	0.881224
119	146	1.3117
119	154	1.38678
119	162	1.16416
119	169	1.61323
119	172	2.59462
119	177	2.43874
119	178	1.68374
119	180	1.99952
120	16	0.869637
120	34	0.8177
120	56	1.4089
120	70	0.875198
120	72	0.880428
120	78	0.856285
120	81	1.27876
120	85	0.878508
120	95	1.00998
120	100	0.841287
120	103	0.882216
120	109	0.849756
120	110	0.856503
120	112	1.28438
120	117	1.24729
120	118	0.865622
120	121	1.31649
120	124	0.844764
120	126	0.843185
120	127	0.801087
120	130	0.858135
120	131	0.8485
120	132	0.87477
120	134	0.874951
120	136	1.44735
120	139	0.866988
120	147	0.89489
120	161	1.78349
120	164	0.799508
120	179	2.89154
121	25	1.58323
121	74	1.43725
121	81	0.955742
121	102	1.00012
121	105	1.18901
121	106	1.10104
121	109	1.28769
121	110	1.11994
121	114	1.44983
121	120	1.31649
121	125	0.876993
121	143	0.89933
121	144	0.920122
121	146	0.901368
121	147	1.10302
121	148	0.879834
121	149	0.916769
121	155	0.86298
121	159	0.805678
121	165	0.860402
121	166	0.770958
121	168	0.816241
121	169	0.850668
121	170	0.808178
121	171	0.871246
121	172	0.781679
121	176	0.796511
121	178	0.833317
121	179	0.780823
121	180	0.804339
122	6	1.1117
122	43	1.48021
122	80	1.68592
122	98	0.92585
122	105	1.43042
122	113	1.39574
122	114	1.69123
122	116	1.32778
122	123	1.43976
122	140	0.837682
122	145	0.861693
122	146	0.868598
122	148	0.847064
122	151	0.822817
122	152	0.902821
122	155	0.83021
122	159	0.772908
122	160	0.819942
122	165	0.827632
122	168	0.783471
122	169	0.817898
122	171	0.838476
122	172	0.748909
122	173	0.8395
122	174	0.789589
122	176	0.763741
122	177	0.76577
122	178	0.800547
122	179	0.748053
122	180	0.771569
123	4	0.804443
123	10	0.899963
123	14	0.882048
123	18	0.840451
123	28	0.931226
123	32	0.81084
123	35	0.908369
123	36	0.882563
123	37	0.893287
123	38	0.815761
123	57	0.913102
123	58	0.855324
123	61	0.830928
123	65	0.831092
123	93	0.854572
123	104	0.808752
123	115	0.858055
123	117	1.12915
123	122	1.43976
123	127	1.79421
123	128	0.805409
123	139	0.861306
123	144	1.42913
123	147	0.889208
123	149	1.44793
123	162	1.39973
123	168	2.05132
123	170	2.38662
123	173	0.817275
123	178	1.91931
124	24	0.855687
124	34	0.807174
124	70	0.864672
124	72	0.869902
124	78	0.845759
124	85	0.867981
124	86	0.693568
124	87	0.812252
124	97	0.611768
124	100	0.830761
124	103	0.87169
124	107	1.27659
124	109	0.83923
124	110	0.845977
124	118	0.855096
124	120	0.844764
124	126	0.832658
124	127	0.790561
124	128	1.09122
124	130	0.847609
124	131	0.837974
124	132	0.864243
124	134	0.864425
124	147	0.884364
124	150	0.858545
124	159	2.34975
124	164	0.788982
124	172	2.44658
124	177	2.29069
124	179	2.38979
124	180	1.85147
125	17	2.00156
125	33	1.69832
125	47	1.91237
125	77	1.56493
125	81	0.878819
125	84	1.69166
125	104	1.44194
125	121	0.876993
125	133	0.755686
125	134	1.2758
125	137	0.842479
125	141	0.763707
125	142	0.896152
125	143	0.822407
125	144	0.843199
125	151	0.778664
125	152	0.858668
125	158	0.727645
125	159	0.728755
125	162	0.867412
125	163	0.731885
125	166	0.694035
125	169	0.773745
125	170	0.731255
125	171	0.794323
125	172	0.704756
125	174	0.745436
125	178	0.756394
125	179	0.7039
125	180	0.727416
126	16	0.857531
126	24	0.854108
126	34	0.805594
126	41	1.80568
126	70	0.863092
126	72	0.868322
126	78	0.844179
126	85	0.866402
126	98	1.05354
126	100	0.829181
126	109	0.83765
126	110	0.844397
126	118	0.853516
126	120	0.843185
126	124	0.832658
126	127	0.788982
126	130	0.846029
126	131	0.836394
126	132	0.862664
126	134	0.862846
126	139	0.854882
126	142	1.05089
126	147	0.882784
126	150	0.856965
126	155	1.76141
126	156	1.76017
126	162	1.27689
126	164	0.787402
126	169	1.72597
126	172	2.70735
126	176	2.28009
127	8	1.98055
127	17	2.38353
127	20	1.75479
127	37	1.41876
127	70	0.820995
127	72	0.826225
127	74	2.03312
127	79	1.43503
127	103	0.828013
127	110	0.8023
127	120	0.801087
127	123	1.79421
127	124	0.790561
127	126	0.788982
127	130	0.803932
127	131	0.794297
127	132	0.820567
127	134	0.820748
127	148	0.776318
127	151	0.752071
127	154	0.82128
127	158	0.701052
127	162	0.840819
127	165	0.756886
127	167	0.695949
127	168	0.712726
127	169	0.747152
127	170	0.704662
127	175	0.685093
127	176	0.692995
127	179	0.677307
127	180	0.700823
128	3	1.82216
128	5	0.860238
128	10	0.861446
128	18	0.801933
128	28	0.892708
128	32	0.772323
128	36	0.844046
128	51	1.68006
128	53	0.796356
128	57	0.874584
128	72	1.52842
128	80	1.72099
128	88	1.60275
128	93	0.816055
128	104	0.770234
128	114	1.72631
128	123	0.805409
128	124	1.09122
128	131	1.61292
128	139	0.822788
128	140	0.77694
128	152	0.842079
128	154	0.831283
128	162	0.850823
128	163	0.715296
128	165	0.766889
128	166	0.677446
128	171	0.777734
128	173	0.778758
128	177	0.705028
128	178	0.739805
128	179	0.687311
128	180	0.710827
129	29	0.867004
129	42	0.752694
129	43	0.891498
129	44	0.818507
129	45	0.816403
129	46	0.775723
129	48	0.91027
129	49	0.747126
129	52	0.872221
129	64	0.854108
129	66	0.90373
129	67	0.837969
129	74	0.876877
129	75	0.876914
129	76	0.877053
129	79	0.895254
129	80	0.872672
129	83	0.923404
129	84	0.872928
129	88	0.916073
129	135	1.58329
129	136	1.26075
129	138	0.878741
129	148	1.53859
129	150	0.884778
129	153	0.855851
129	156	1.81454
129	161	1.59689
129	162	1.33126
129	173	1.75655
129	174	0.788754
129	175	2.63451
129	179	2.70494
130	16	0.872482
130	24	0.869058
130	34	0.820545
130	46	0.773465
130	70	0.878043
130	72	0.883273
130	78	0.85913
130	81	1.0899
130	82	1.18217
130	85	0.881352
130	100	0.844132
130	103	0.885061
130	109	0.852601
130	110	0.859348
130	118	0.868467
130	120	0.858135
130	124	0.847609
130	126	0.846029
130	127	0.803932
130	131	0.851345
130	132	0.877614
130	134	0.877796
130	139	0.869833
130	142	1.103
130	147	0.897735
130	150	0.871916
130	161	1.59463
130	163	2.42869
130	164	0.802353
130	165	1.68185
130	170	2.3159
130	178	1.84859
130	180	2.16436
131	16	0.862847
131	24	0.859423
131	34	0.810909
131	70	0.868408
131	72	0.873638
131	78	0.849495
131	85	0.871717
131	87	0.815988
131	96	1.03236
131	97	1.13347
131	100	0.834497
131	101	1.92699
131	103	0.875425
131	109	0.842965
131	110	0.849713
131	118	0.858832
131	120	0.8485
131	124	0.837974
131	126	0.836394
131	127	0.794297
131	128	1.61292
131	130	0.851345
131	132	0.867979
131	134	0.868161
131	137	1.67243
131	139	0.860197
131	142	1.31181
131	143	1.7767
131	146	1.68536
131	147	0.8881
131	150	0.86228
131	152	1.55113
131	164	0.792717
131	174	2.41616
