1	71	0.863866
1	76	1.23761
1	93	0.86849
1	98	0.917597
1	153	0.916345
1	154	0.903961
1	156	1.30319
1	163	0.891818
1	165	0.912537
1	169	0.925385
1	176	1.04057
1	178	1.22219
2	5	0.749852
2	49	1.56502
2	95	0.831112
2	97	0.807287
2	99	0.810791
2	120	1.596
2	121	0.78924
2	163	0.785921
2	165	0.80664
2	169	0.819488
2	173	1.6436
2	179	0.799668
3	46	0.896896
3	68	1.20073
3	69	0.914107
3	87	1.18157
3	90	0.905712
3	127	0.890675
3	151	0.892718
3	155	0.903101
3	161	0.906848
3	174	1.20936
3	177	1.21157
3	178	0.889943
4	14	0.90035
4	16	0.906055
4	64	1.40285
4	84	0.87701
4	131	0.888338
4	132	0.919486
4	148	0.89906
4	152	1.12979
4	155	0.911917
4	164	1.10185
4	166	1.16913
4	173	0.897784
5	2	0.749852
5	98	0.81193
5	124	0.823894
5	144	0.788923
5	147	0.801982
5	153	0.810678
5	163	0.786152
5	165	0.80687
5	169	0.819718
5	174	1.66181
5	175	1.63021
5	176	1.51305
6	46	1.49925
6	129	1.6831
6	155	1.61218
6	166	0.79711
6	168	0.814501
6	170	0.796176
6	171	0.798239
6	172	0.797933
6	174	0.795225
6	175	0.79676
6	177	0.800847
6	180	0.803209
7	94	0.822114
7	104	1.61912
7	106	1.66446
7	118	0.809928
7	139	0.786508
7	150	0.813908
7	153	0.798525
7	163	0.773999
7	164	0.792735
7	165	0.794717
7	169	0.807565
7	180	1.5215
8	57	1.24663
8	64	0.868531
8	101	0.916966
8	107	0.868279
8	118	0.924629
8	139	0.901209
8	163	0.8887
8	165	0.909418
8	166	1.19271
8	169	0.922267
8	177	1.16854
8	178	1.19917
9	29	0.755524
9	31	1.43257
9	32	0.751539
9	35	0.871429
9	41	0.840323
9	60	0.829596
9	102	0.790555
9	141	1.69545
9	144	0.77004
9	158	0.7694
9	175	1.67392
9	176	0.821593
10	35	1.31076
10	75	0.788313
10	103	0.840112
10	129	0.784232
10	137	0.788382
10	138	0.7898
10	140	0.791058
10	145	0.80246
10	163	1.84351
10	164	1.64398
10	173	0.788927
10	176	0.826717
11	35	1.34121
11	56	1.7145
11	146	0.775318
11	149	0.803442
11	168	0.816576
11	169	1.7411
11	171	0.800314
11	172	0.800008
11	174	0.7973
11	175	0.798836
11	177	0.802922
11	180	0.805284
12	29	0.854344
12	32	0.850358
12	35	0.970248
12	37	1.05204
12	41	0.939143
12	60	0.928416
12	100	1.4232
12	144	0.86886
12	158	0.868219
12	166	1.18775
12	173	1.14451
12	176	0.920413
13	28	1.38137
13	94	1.14187
13	132	1.14079
13	149	0.902267
13	152	0.900116
13	169	1.12873
13	171	0.89914
13	172	0.898833
13	174	0.896126
13	175	0.897661
13	177	0.901748
13	180	0.904109
14	4	0.90035
14	58	0.851265
14	73	0.879204
14	120	1.27804
14	126	0.862801
14	130	1.26987
14	133	1.33447
14	148	0.85913
14	151	0.861604
14	156	0.86646
14	158	0.843451
14	161	0.875734
14	171	1.32543
15	112	1.25653
15	116	1.41407
15	142	0.887376
15	161	1.27265
15	162	0.861556
15	167	1.25232
15	168	0.878275
15	170	0.85995
15	172	0.861707
15	174	0.858999
15	175	0.860534
15	177	0.864621
15	180	0.866983
16	4	0.906055
16	75	1.38279
16	116	0.848559
16	131	0.854113
16	136	0.831583
16	148	0.864835
16	155	0.877692
16	156	0.872165
16	161	0.881439
16	167	1.32719
16	173	0.86356
16	176	1.16413
16	179	1.3267
17	103	0.902799
17	112	0.864021
17	136	1.42784
17	137	0.851068
17	138	0.852487
17	140	0.853745
17	145	0.865146
17	167	0.869717
17	171	1.24301
17	173	0.851614
17	176	0.889403
17	177	1.26227
17	179	1.27385
18	50	1.27368
18	94	0.893908
18	115	0.854313
18	118	0.881723
18	128	0.87189
18	144	0.848565
18	149	1.25269
18	154	0.857935
18	162	1.34255
18	163	0.845793
18	165	0.866512
18	169	0.87936
18	173	1.33835
19	81	0.849765
19	88	0.828355
19	98	0.87851
19	121	0.85605
19	124	0.890474
19	128	0.878828
19	139	0.865241
19	143	1.37789
19	169	0.886299
19	173	1.27374
19	178	1.32344
19	179	0.866479
19	180	1.23192
20	53	0.821774
20	74	0.876847
20	89	0.842538
20	110	0.841236
20	123	0.896644
20	135	1.24535
20	144	0.865846
20	159	1.37819
20	160	1.30851
20	167	0.897712
20	168	1.27521
20	178	0.880582
20	179	0.876821
21	113	1.20806
21	147	1.32879
21	159	0.845577
21	163	1.35469
21	165	1.30224
21	168	0.884276
21	170	0.865951
21	171	0.868015
21	172	0.867708
21	174	0.865001
21	177	0.870623
21	179	0.859864
21	180	0.872984
22	90	1.18487
22	103	0.90541
22	112	0.866632
22	129	0.84953
22	136	1.41483
22	137	0.85368
22	138	0.855098
22	140	0.856356
22	143	1.33434
22	145	0.867758
22	147	0.853521
22	166	1.27343
22	176	0.892015
23	39	1.56494
23	70	0.87406
23	85	1.123
23	113	0.888606
23	116	0.842866
23	126	0.862813
23	127	0.859572
23	133	1.33036
23	155	0.871999
23	156	0.866472
23	161	0.875746
23	173	0.857866
23	176	1.18961
24	52	1.29452
24	77	1.38341
24	97	1.28688
24	142	0.891372
24	143	0.842352
24	155	1.22775
24	162	0.865553
24	166	0.864881
24	171	0.86601
24	172	0.865703
24	175	0.864531
24	177	0.868618
24	180	0.87098
25	41	0.879952
25	60	0.869225
25	118	1.35956
25	121	1.4576
25	132	0.845134
25	136	0.791455
25	153	1.42882
25	156	0.832038
25	169	1.34693
25	172	0.828489
25	175	0.827317
25	176	0.861222
25	177	0.831404
25	180	0.833765
26	67	1.33555
26	118	1.4031
26	123	0.851549
26	132	1.40252
26	138	0.835387
26	139	1.45222
26	140	0.836645
26	145	0.848047
26	171	0.839877
26	172	0.839571
26	174	0.836863
26	178	0.835488
26	179	0.831726
26	180	0.844847
27	71	1.47332
27	88	1.49349
27	152	0.839227
27	158	1.38139
27	162	0.837793
27	168	0.854512
27	169	1.24453
27	170	0.836187
27	171	0.83825
27	172	0.837944
27	174	0.835236
27	175	0.836772
27	177	0.840858
27	180	0.84322
28	13	1.38137
28	95	0.857945
28	114	0.85603
28	118	0.848684
28	122	1.41218
28	125	1.44244
28	128	0.838851
28	134	0.836591
28	139	0.825263
28	150	0.852664
28	154	0.824896
28	163	0.812754
28	169	0.846321
28	176	1.36952
29	9	0.755524
29	12	0.854344
29	32	0.794746
29	35	0.914636
29	41	0.88353
29	60	0.872803
29	102	0.833762
29	141	1.38185
29	144	0.813247
29	158	0.812607
29	170	1.39455
29	176	0.8648
29	178	1.42477
29	179	1.40572
30	67	0.85571
30	84	0.812779
30	91	1.31958
30	113	0.864293
30	116	0.818552
30	127	0.835259
30	148	0.834828
30	151	0.837303
30	152	1.4294
30	155	0.847685
30	156	0.842159
30	161	0.851432
30	164	1.40146
30	179	1.45615
31	9	1.43257
31	65	0.906811
31	80	0.920252
31	89	0.905901
31	108	0.973128
31	110	0.904599
31	111	1.16255
31	119	1.02281
31	123	0.960007
31	143	1.0542
31	164	0.945174
31	175	0.935304
31	178	0.943945
31	179	0.940184
32	9	0.751539
32	12	0.850358
32	29	0.794746
32	35	0.910651
32	37	1.29575
32	41	0.879545
32	44	0.865646
32	60	0.868818
32	111	1.60071
32	144	0.809262
32	158	0.808621
32	164	1.36418
32	176	0.860815
32	180	1.34639
33	53	0.781238
33	74	0.836311
33	79	0.891851
33	80	0.816353
33	90	1.28489
33	96	0.87188
33	108	0.869229
33	110	0.8007
33	123	0.856107
33	136	1.51485
33	153	1.45474
33	177	1.34927
33	178	0.840046
33	179	0.836285
34	138	1.39233
34	139	1.41363
34	152	0.839703
34	154	1.44846
34	166	0.837597
34	167	1.34038
34	168	0.854987
34	170	0.836663
34	171	0.838726
34	174	0.835712
34	175	0.837247
34	177	0.841334
34	178	0.834337
34	180	0.843695
35	9	0.871429
35	10	1.31076
35	11	1.34121
35	12	0.970248
35	29	0.914636
35	32	0.910651
35	51	1.26143
35	60	0.988708
35	107	0.90596
35	130	0.793148
35	144	0.929152
35	158	0.928511
35	176	0.980705
35	178	0.898607
36	44	1.35711
36	85	0.853668
36	119	0.806343
36	123	1.46022
36	134	1.57996
36	154	1.59537
36	166	0.812664
36	168	0.830055
36	170	0.81173
36	171	0.813794
36	172	0.813487
36	174	0.81078
36	175	0.812315
36	177	0.816402
36	180	0.818763
37	12	1.05204
37	32	1.29575
37	75	1.20043
37	137	1.26128
37	140	1.18569
37	151	0.899645
37	154	0.891503
37	156	0.904501
37	161	0.913775
37	163	0.879361
37	165	0.90008
37	171	0.901259
37	175	0.89978
37	177	0.903867
37	180	0.906228
38	77	0.790777
38	83	1.57525
38	95	0.840667
38	98	0.821255
38	115	0.803997
38	124	0.833219
38	134	0.819314
38	136	0.780034
38	150	0.835386
38	155	1.51395
38	165	0.816195
38	167	0.830114
38	169	0.829043
38	173	1.47781
38	180	1.43598
39	23	1.56494
39	82	1.43659
39	109	0.841335
39	146	0.793853
39	157	0.819479
39	159	0.796412
39	161	1.50107
39	168	0.835111
39	169	1.49223
39	170	0.816786
39	172	0.818543
39	174	0.815835
39	175	0.81737
39	177	0.821457
39	180	0.823819
40	62	1.54965
40	71	1.61123
40	96	1.36927
40	141	0.817541
40	143	0.799365
40	146	0.798026
40	157	0.823652
40	162	0.822565
40	165	1.46285
40	170	0.820959
40	172	0.822716
40	174	0.820009
40	175	0.821544
40	177	0.825631
40	180	0.827992
41	9	0.840323
41	12	0.939143
41	25	0.879952
41	29	0.88353
41	32	0.879545
41	60	0.957602
41	76	1.24211
41	107	0.874854
41	125	1.118
41	143	1.28114
41	144	0.898046
41	158	0.897406
41	160	1.16027
41	176	0.949599
41	179	1.20764
42	53	0.760977
42	79	0.871591
42	80	0.796092
42	89	0.781741
42	96	0.85162
42	108	0.848968
42	110	0.780439
42	111	1.71168
42	123	0.835847
42	167	0.836915
42	168	1.44917
42	172	1.47887
42	176	1.36727
42	178	0.819786
42	179	0.816024
43	49	1.39185
43	62	0.789521
43	65	1.63113
43	66	0.789521
43	94	1.5262
43	112	0.830204
43	129	0.813102
43	137	0.817251
43	138	0.81867
43	140	0.819928
43	145	0.831329
43	147	0.817093
43	172	1.4501
43	173	0.817796
43	176	0.855586
44	32	0.865646
44	36	1.35711
44	72	1.43422
44	122	1.01787
44	123	0.914946
44	126	0.902856
44	127	0.899616
44	147	0.897207
44	152	1.11103
44	156	0.906516
44	158	0.883507
44	172	1.08681
44	176	0.9357
44	178	0.898884
44	179	0.895123
45	51	1.79841
45	62	0.783158
45	66	0.783158
45	91	1.27998
45	103	0.862618
45	112	0.823841
45	129	0.806739
45	137	0.810888
45	138	0.812307
45	139	1.49028
45	140	0.813565
45	145	0.824966
45	167	0.829537
45	176	0.849223
45	178	1.43559
46	3	0.896896
46	6	1.49925
46	49	1.0508
46	56	0.852977
46	70	0.87941
46	72	1.45647
46	83	1.22681
46	86	0.846023
46	92	0.830572
46	105	0.888638
46	113	0.893957
46	126	0.868163
46	132	0.884919
46	155	0.877349
46	161	0.881096
46	166	1.17261
47	76	0.868826
47	115	1.38525
47	140	1.24841
47	145	1.2043
47	146	0.85248
47	147	1.32602
47	149	0.880604
47	159	0.855039
47	161	1.2279
47	170	0.875413
47	171	0.877477
47	172	0.87717
47	174	0.874462
47	175	0.875998
47	177	0.880085
47	180	0.882446
48	90	1.24873
48	103	0.913516
48	112	0.874738
48	129	0.857636
48	133	0.84591
48	137	0.861785
48	138	0.863204
48	140	0.864462
48	145	0.875864
48	164	1.27001
48	167	0.880434
48	171	1.29385
48	173	0.862331
48	176	0.900121
48	178	1.34375
48	180	1.25222
49	2	1.56502
49	43	1.39185
49	46	1.0508
49	139	1.23198
49	157	0.872539
49	162	0.871452
49	167	1.15873
49	168	0.888171
49	170	0.869846
49	171	0.871909
49	172	0.871603
49	174	0.868895
49	175	0.87043
49	177	0.874517
49	179	0.863759
49	180	0.876879
50	18	1.27368
50	128	1.28383
50	129	1.24855
50	142	0.893068
50	152	0.868682
50	153	1.26603
50	158	1.32099
50	160	0.878699
50	166	0.866576
50	168	0.883967
50	171	0.867705
50	172	0.867399
50	174	0.864691
50	175	0.866226
50	177	0.870313
50	180	0.872675
51	35	1.26143
51	45	1.79841
51	101	0.807776
51	116	0.781043
51	134	0.803346
51	140	1.69068
51	145	1.64656
51	154	0.791651
51	155	0.810176
51	156	0.804649
51	158	0.78164
51	161	0.813923
51	172	0.8011
51	174	0.798393
51	175	0.799928
51	180	0.806376
52	24	1.29452
52	64	0.840228
52	77	0.855697
52	114	0.903673
52	134	0.884234
52	136	0.844954
52	139	0.872906
52	150	0.900306
52	158	0.862527
52	163	0.860397
52	165	0.881115
52	169	0.893964
52	173	1.30908
52	176	1.17716
52	178	1.35877
52	180	1.26725
53	20	0.821774
53	33	0.781238
53	42	0.760977
53	59	0.800848
53	79	0.850234
53	89	0.760384
53	96	0.830263
53	108	0.827611
53	110	0.759083
53	123	0.81449
53	127	1.67365
53	149	1.52491
53	162	1.61476
53	172	1.59024
53	178	0.798429
53	179	0.794668
54	77	1.44459
54	83	1.35023
54	86	0.836853
54	92	0.821402
54	110	0.815675
54	123	0.871082
54	131	0.8446
54	137	0.853502
54	138	0.85492
54	139	1.35718
54	140	0.856178
54	145	0.86758
54	153	1.37732
54	161	0.871926
54	174	1.26964
54	178	0.855021
54	179	0.85126
55	73	0.868826
55	84	0.826702
55	92	0.814831
55	113	0.878216
55	116	0.832476
55	130	1.33715
55	133	1.40174
55	148	0.848751
55	149	1.30725
55	151	0.851226
55	155	0.861608
55	156	0.856082
55	161	0.865355
55	173	0.847476
55	177	1.41197
55	178	0.84845
55	180	1.35108
56	11	1.7145
56	46	0.852977
56	67	0.867206
56	69	0.870188
56	104	1.27799
56	124	1.30119
56	131	0.835603
56	147	0.844346
56	148	0.846325
56	151	0.848799
56	155	0.859182
56	156	0.853655
56	158	0.830646
56	169	1.26484
56	173	0.845049
56	177	1.24126
56	178	0.846024
57	8	1.24663
57	74	1.35226
57	103	1.27151
57	142	0.871635
57	151	1.43955
57	158	1.48281
57	160	0.857267
57	162	0.845816
57	168	0.862534
57	170	0.84421
57	171	0.846273
57	172	0.845966
57	174	0.843259
57	175	0.844794
57	177	0.848881
57	179	0.838122
57	180	0.851243
58	14	0.851265
58	61	0.81616
58	109	1.31955
58	116	0.833699
58	127	0.850406
58	130	1.32903
58	131	0.839253
58	132	0.870402
58	148	0.849975
58	151	0.852449
58	155	0.862832
58	156	0.857305
58	161	0.866579
58	174	1.40163
58	178	0.849674
58	179	1.41543
58	180	1.34296
59	53	0.800848
59	74	0.855921
59	80	0.835963
59	89	0.821611
59	96	0.89149
59	100	1.55863
59	110	0.82031
59	123	0.875717
59	136	1.46458
59	144	0.844919
59	146	1.40823
59	164	0.860884
59	167	0.876785
59	168	1.22992
59	176	1.14802
59	178	0.859656
59	179	0.855895
60	9	0.829596
60	12	0.928416
60	25	0.869225
60	29	0.872803
60	32	0.868818
60	35	0.988708
60	41	0.957602
60	102	0.907834
60	105	1.11909
60	107	0.864127
60	144	0.887319
60	148	1.24161
60	158	0.886679
60	167	1.21699
60	170	1.20532
60	173	1.18584
60	176	0.938872
60	178	1.23554
61	58	0.81616
61	69	0.847888
61	73	0.844099
61	85	1.27007
61	92	0.790104
61	105	0.84817
61	117	1.42145
61	126	0.827695
61	132	0.844451
61	146	1.59688
61	147	0.822046
61	148	0.824024
61	151	0.826499
61	155	0.836881
61	156	0.831355
61	161	0.840628
61	167	1.49973
61	168	1.41856
62	40	1.54965
62	43	0.789521
62	45	0.783158
62	75	0.8264
62	90	1.3707
62	103	0.878199
62	112	0.839421
62	129	0.822319
62	137	0.826469
62	138	0.827887
62	140	0.829145
62	145	0.840547
62	164	1.39198
62	166	1.45926
62	167	0.845117
62	173	0.827014
62	176	0.864804
62	177	1.43508
63	69	1.16639
63	79	1.07382
63	86	1.30842
63	117	0.907977
63	119	0.895804
63	124	1.16058
63	143	0.879597
63	151	1.2178
63	158	1.26107
63	159	0.880818
63	166	0.902126
63	168	0.919517
63	172	0.902949
63	174	0.900241
63	175	0.901777
63	177	0.905863
63	179	0.895105
63	180	0.908225
64	4	1.40285
64	8	0.868531
64	52	0.840228
64	87	0.867379
64	91	1.37721
64	115	0.810573
64	124	0.839795
64	128	0.828149
64	133	0.802166
64	150	0.841962
64	153	0.826579
64	154	0.814195
64	163	0.802052
64	165	0.822771
64	169	0.835619
64	173	1.48313
64	177	1.50219
64	180	1.4413
65	31	0.906811
65	43	1.63113
65	104	1.42266
65	107	0.782174
65	108	0.849286
65	114	0.845871
65	116	0.804129
65	123	0.836165
65	125	1.30788
65	126	0.824075
65	132	0.840831
65	146	1.49517
65	154	0.814737
65	160	1.35015
65	165	0.823314
65	169	0.836162
65	178	0.820103
65	179	0.816342
66	43	0.789521
66	45	0.783158
66	75	0.8264
66	103	0.878199
66	112	0.839421
66	120	1.42316
66	125	1.41177
66	129	0.822319
66	137	0.826469
66	138	0.827887
66	140	0.829145
66	145	0.840547
66	149	1.3851
66	167	0.845117
66	173	0.827014
66	174	1.4876
66	176	0.864804
66	179	1.5014
67	26	1.33555
67	30	0.85571
67	56	0.867206
67	70	0.89364
67	72	1.52098
67	86	0.860253
67	92	0.844801
67	125	1.13489
67	126	0.882392
67	127	0.879152
67	131	0.867999
67	132	0.899148
67	147	0.876743
67	155	0.891578
67	156	0.886052
67	161	0.895325
67	171	1.19368
67	174	1.21073
67	177	1.21295
68	3	1.20073
68	96	1.24385
68	126	1.34944
68	127	1.27747
68	129	0.865282
68	134	0.87728
68	137	0.869432
68	140	0.872108
68	145	0.88351
68	148	1.27015
68	153	0.877969
68	155	1.25052
68	162	0.874883
68	167	0.88808
68	169	0.88701
68	174	0.872326
68	175	0.873861
68	177	0.877948
68	180	0.88031
69	3	0.914107
69	56	0.870188
69	61	0.847888
69	63	1.16639
69	84	0.859654
69	86	0.863234
69	92	0.847783
69	122	1.20172
69	127	0.882134
69	130	1.23521
69	131	0.870981
69	146	1.41927
69	148	0.881703
69	155	0.89456
69	156	0.889033
69	161	0.898307
69	170	1.31045
69	173	0.880428
69	175	1.27621
70	23	0.87406
70	46	0.87941
70	67	0.89364
70	76	1.33991
70	113	0.902223
70	116	0.856482
70	126	0.876429
70	147	0.870779
70	148	0.872758
70	151	0.875232
70	156	0.880088
70	157	1.27707
70	158	0.857079
70	161	0.889362
70	164	1.25076
70	170	1.29428
70	176	1.14288
70	178	0.872457
70	179	1.30544
71	1	0.863866
71	27	1.47332
71	40	1.61123
71	111	0.770906
71	115	0.802788
71	118	0.830198
71	128	0.820365
71	133	0.794382
71	150	0.834178
71	153	0.818795
71	154	0.80641
71	159	1.53055
71	163	0.794268
71	164	0.813005
71	165	0.814987
71	169	0.827835
71	175	1.46284
71	178	1.52729
71	179	0.808015
72	44	1.43422
72	46	1.45647
72	67	1.52098
72	101	0.820362
72	127	1.59634
72	128	0.818192
72	129	0.803936
72	137	0.808085
72	138	0.809503
72	140	0.810761
72	141	0.808512
72	145	0.822163
72	148	1.58902
72	165	0.812814
72	169	0.825663
72	170	0.81193
72	175	0.812514
72	177	0.816601
72	180	0.818963
73	14	0.879204
73	55	0.868826
73	61	0.844099
73	84	0.855865
73	113	0.907379
73	116	0.861638
73	120	1.22646
73	131	0.867192
73	132	0.898341
73	148	0.877914
73	149	1.1884
73	152	1.27796
73	155	0.890771
73	161	0.894518
73	169	1.31669
73	173	0.876639
73	177	1.29312
73	178	0.877613
73	179	1.3047
74	20	0.876847
74	33	0.836311
74	57	1.35226
74	59	0.855921
74	79	0.905308
74	80	0.829809
74	89	0.815458
74	96	0.885336
74	108	0.882685
74	110	0.814156
74	111	1.4676
74	123	0.869564
74	136	1.43974
74	162	1.25931
74	164	0.854731
74	167	0.870631
74	172	1.23479
74	173	1.25511
74	178	0.853502
74	179	0.849741
75	10	0.788313
75	16	1.38279
75	37	1.20043
75	62	0.8264
75	66	0.8264
75	103	0.90586
75	111	1.50539
75	112	0.867082
75	129	0.849981
75	130	0.881354
75	137	0.85413
75	138	0.855548
75	140	0.856806
75	141	1.29967
75	145	0.868208
75	160	1.27618
75	167	0.872778
75	173	0.854675
75	176	0.892465
75	178	1.3426
76	1	1.23761
76	41	1.24211
76	47	0.868826
76	70	1.33991
76	135	0.854123
76	147	1.42089
76	152	0.858342
76	155	1.30742
76	159	0.834928
76	160	0.86836
76	162	0.856908
76	163	1.44678
76	166	0.856237
76	170	0.855302
76	171	0.857366
76	172	0.857059
76	174	0.854352
76	175	0.855887
76	177	0.859974
76	180	0.862335
77	24	1.38341
77	38	0.790777
77	52	0.855697
77	54	1.44459
77	81	0.814554
77	87	0.882847
77	94	0.865636
77	97	0.838886
77	115	0.826041
77	118	0.85345
77	144	0.820292
77	147	0.833352
77	150	0.857431
77	153	0.842048
77	154	0.829663
77	157	1.40024
77	165	0.838239
77	168	1.34794
77	169	0.851088
77	175	1.38321
77	178	1.44766
78	79	1.10225
78	82	1.09701
78	134	1.23382
78	135	0.894296
78	138	1.1931
78	141	0.892058
78	153	1.23454
78	156	1.2407
78	157	0.898168
78	160	0.908533
78	162	0.897082
78	163	1.28551
78	166	0.89641
78	170	0.895476
78	171	0.897539
78	172	0.897233
78	174	0.894525
78	175	0.89606
78	176	0.929966
78	177	0.900147
78	180	0.902509
79	33	0.891851
79	42	0.871591
79	53	0.850234
79	63	1.07382
79	74	0.905308
79	78	1.10225
79	80	0.885349
79	89	0.870998
79	96	0.940877
79	108	0.938225
79	110	0.869696
79	123	0.925104
79	136	1.38304
79	141	1.20518
79	142	1.11759
79	146	1.3267
79	157	1.20068
79	164	0.910271
79	167	0.926172
79	178	0.909043
79	179	0.905281
80	31	0.920252
80	33	0.816353
80	42	0.796092
80	59	0.835963
80	74	0.829809
80	79	0.885349
80	85	1.25339
80	89	0.7955
80	96	0.865378
80	108	0.862727
80	110	0.794198
80	117	1.40477
80	123	0.849606
80	133	1.46075
80	135	1.37203
80	164	0.834773
80	167	0.850673
80	171	1.45171
80	174	1.46876
80	178	0.833544
80	179	0.829783
81	19	0.849765
81	77	0.814554
81	95	0.864445
81	99	0.844123
81	102	0.842541
81	105	1.34008
81	115	0.827774
81	124	0.856996
81	139	0.831763
81	144	0.822026
81	150	0.859164
81	153	0.843781
81	163	0.819254
81	164	0.837991
81	166	1.45007
81	169	0.852821
81	171	1.40663
81	175	1.39207
81	178	1.45653
81	179	0.833001
81	180	1.365
82	39	1.43659
82	78	1.09701
82	88	0.86052
82	126	0.906377
82	129	0.896737
82	132	0.923133
82	136	0.869454
82	137	0.900886
82	138	0.902304
82	142	1.11235
82	145	0.914964
82	151	0.905181
82	156	0.910037
82	157	1.19544
82	159	1.24612
82	163	0.884897
82	165	0.905616
82	168	1.14315
82	169	0.918464
82	173	0.901431
82	175	1.17841
83	38	1.57525
83	46	1.22681
83	54	1.35023
83	146	0.815565
83	150	1.38205
83	152	0.841538
83	156	1.4343
83	157	0.841191
83	160	0.851555
83	162	0.840104
83	165	1.42665
83	168	0.856823
83	170	0.838498
83	171	0.840561
83	172	0.840255
83	174	0.837547
83	175	0.839082
83	177	0.843169
83	178	0.836172
83	179	0.83241
83	180	0.845531
84	4	0.87701
84	30	0.812779
84	55	0.826702
84	69	0.859654
84	73	0.855865
84	92	0.80187
84	113	0.865255
84	127	0.836221
84	130	1.37287
84	131	0.825068
84	133	1.43746
84	148	0.835791
84	151	0.838265
84	156	0.843121
84	157	1.4309
84	161	0.852395
84	173	0.834515
84	175	1.41387
84	176	1.29671
84	178	0.835489
84	179	1.45927
85	23	1.123
85	36	0.853668
85	61	1.27007
85	80	1.25339
85	88	1.29924
85	98	1.15887
85	120	0.895099
85	143	0.882232
85	147	1.15725
85	159	0.883453
85	165	1.1307
85	166	0.904761
85	170	0.903827
85	171	0.90589
85	172	0.905583
85	173	0.900527
85	174	0.902876
85	175	0.904411
85	176	0.938316
85	177	0.908498
85	180	0.91086
86	46	0.846023
86	54	0.836853
86	63	1.30842
86	67	0.860253
86	69	0.863234
86	107	0.801141
86	126	0.843042
86	127	0.839802
86	130	1.37724
86	131	0.828649
86	133	1.44184
86	148	0.839371
86	151	0.841845
86	155	0.852228
86	156	0.846701
86	157	1.43528
86	158	0.823692
86	168	1.38298
86	173	0.838096
86	178	0.83907
86	179	1.46365
87	3	1.18157
87	64	0.867379
87	77	0.882847
87	88	0.863171
87	95	0.932738
87	115	0.896067
87	121	0.890866
87	124	0.92529
87	143	1.29937
87	149	1.10957
87	150	0.927457
87	158	0.889678
87	162	1.19943
87	163	0.887547
87	164	0.906284
87	165	0.908266
87	169	0.921114
87	173	1.19523
87	175	1.18047
87	178	1.24493
87	179	0.901294
88	19	0.828355
88	27	1.49349
88	82	0.86052
88	85	1.29924
88	87	0.863171
88	94	0.845959
88	98	0.823623
88	101	0.826111
88	121	0.801163
88	128	0.823941
88	133	0.797958
88	134	0.821681
88	135	1.41787
88	139	0.810353
88	143	1.6019
88	150	0.837754
88	163	0.797844
88	165	0.818563
88	169	0.831411
88	170	1.51724
88	172	1.47744
88	179	0.811591
89	20	0.842538
89	31	0.905901
89	42	0.781741
89	53	0.760384
89	59	0.821611
89	74	0.815458
89	79	0.870998
89	80	0.7955
89	96	0.851027
89	108	0.848375
89	110	0.779846
89	117	1.42673
89	123	0.835254
89	133	1.4827
89	164	0.820421
89	166	1.51711
89	167	0.836322
89	170	1.49335
89	175	1.45911
89	178	0.819193
89	179	0.815431
89	180	1.43204
90	3	0.905712
90	22	1.18487
90	33	1.28489
90	48	1.24873
90	62	1.3707
90	103	1.12903
90	116	0.857032
90	124	0.89324
90	129	1.2679
90	134	0.879335
90	137	1.30843
90	151	0.875782
90	154	0.86764
90	155	0.886165
90	156	0.880638
90	165	0.876217
90	169	0.889065
90	170	0.875333
90	172	0.877089
90	174	0.874382
90	177	0.880004
90	180	0.882365
91	30	1.31958
91	45	1.27998
91	64	1.37721
91	95	1.17162
91	117	0.883848
91	126	1.23531
91	146	0.85413
91	150	1.1787
91	156	1.23094
91	157	0.879756
91	159	0.856689
91	160	0.89012
91	166	0.877997
91	168	0.895388
91	170	0.877063
91	171	0.879127
91	174	0.876112
91	175	0.877648
91	176	0.911553
91	177	0.881735
91	178	0.874737
91	180	0.884096
92	46	0.830572
92	54	0.821402
92	55	0.814831
92	61	0.790104
92	67	0.844801
92	69	0.847783
92	84	0.80187
92	101	1.55152
92	105	0.848065
92	116	0.807644
92	126	0.827591
92	127	0.82435
92	135	1.41564
92	148	0.82392
92	151	0.826394
92	155	0.836777
92	156	0.83125
92	164	1.47148
92	167	1.52667
92	172	1.4752
92	173	0.822644
92	176	1.36361
93	1	0.86849
93	94	0.847007
93	98	0.824671
93	101	0.827159
93	107	0.778472
93	109	1.40934
93	112	1.50993
93	114	0.842168
93	115	0.807412
93	124	0.836634
93	130	0.842106
93	144	0.801663
93	150	0.838802
93	153	0.823419
93	154	0.811034
93	159	1.52753
93	163	0.798892
93	165	0.819611
93	169	0.832459
93	171	1.47437
93	172	1.45425
93	180	1.43274
94	7	0.822114
94	13	1.14187
94	18	0.893908
94	43	1.5262
94	77	0.865636
94	88	0.845959
94	93	0.847007
94	95	0.915526
94	97	0.891701
94	98	0.896114
94	99	0.895205
94	114	0.913612
94	121	0.873654
94	139	0.882845
94	154	0.882478
94	160	1.24522
94	163	0.870336
94	168	1.21192
94	169	0.903903
94	172	1.24162
94	176	1.13002
94	178	1.31164
95	2	0.831112
95	28	0.857945
95	38	0.840667
95	81	0.864445
95	87	0.932738
95	91	1.17162
95	94	0.915526
95	99	0.89228
95	114	0.910687
95	118	0.903341
95	134	0.891248
95	136	0.851968
95	139	0.87992
95	154	0.879553
95	163	0.867411
95	170	1.29701
95	173	1.27753
95	174	1.29438
95	176	1.14562
95	177	1.2966
95	178	1.32723
95	179	0.881158
96	33	0.87188
96	40	1.36927
96	42	0.85162
96	53	0.830263
96	59	0.89149
96	68	1.24385
96	74	0.885336
96	79	0.940877
96	80	0.865378
96	89	0.851027
96	108	0.918254
96	110	0.849725
96	112	1.27099
96	123	0.905133
96	130	1.17987
96	144	0.874335
96	164	0.8903
96	171	1.23543
96	174	1.25248
96	177	1.25469
96	178	0.889072
96	179	0.88531
97	2	0.807287
97	24	1.28688
97	77	0.838886
97	94	0.891701
97	102	0.866872
97	109	1.2362
97	115	0.852106
97	119	1.37417
97	124	0.881328
97	128	0.869682
97	134	0.867423
97	139	0.856095
97	143	1.40557
97	150	0.883496
97	153	0.868113
97	154	0.855728
97	162	1.30563
97	163	0.843586
97	164	0.862322
97	167	0.878223
97	169	0.877153
97	170	1.32091
97	172	1.28111
98	1	0.917597
98	5	0.81193
98	19	0.87851
98	38	0.821255
98	85	1.15887
98	88	0.823623
98	93	0.824671
98	94	0.896114
98	114	0.891275
98	115	0.856519
98	121	0.851318
98	124	0.885741
98	147	0.86383
98	149	1.27173
98	150	0.887909
98	154	0.860141
98	163	0.847999
98	169	0.881566
98	171	1.35719
98	173	1.35739
98	175	1.34263
98	178	1.40709
98	180	1.31556
99	2	0.810791
99	81	0.844123
99	94	0.895205
99	95	0.89228
99	102	0.870376
99	107	0.82667
99	121	0.850409
99	125	1.29705
99	128	0.873186
99	134	0.870927
99	139	0.859599
99	149	1.27038
99	150	0.887
99	153	0.871617
99	154	0.859232
99	157	1.35832
99	163	0.84709
99	169	0.880657
99	170	1.37552
99	174	1.37289
99	176	1.22413
99	179	0.860837
99	180	1.31421
100	12	1.4232
100	59	1.55863
100	108	1.46407
100	119	0.799844
100	121	1.63816
100	122	0.831471
100	125	0.818109
100	138	1.56795
100	142	0.832657
100	148	1.54062
100	152	0.808272
100	157	0.807924
100	160	0.818289
100	166	0.806166
100	168	0.823557
100	170	0.805232
100	171	0.807295
100	172	0.806989
100	173	0.801932
100	174	0.804281
100	175	0.805816
100	177	0.809903
100	180	0.812265
101	8	0.916966
101	51	0.807776
101	72	0.820362
101	88	0.826111
101	92	1.55152
101	93	0.827159
101	104	1.31796
101	111	0.827126
101	118	0.886417
101	119	1.33491
101	122	1.17292
101	124	0.88823
101	130	0.893701
101	139	0.862997
101	144	0.853259
101	150	0.890397
101	153	0.875014
101	164	0.869224
101	165	0.871206
101	169	0.884054
101	172	1.24185
101	174	1.27901
101	178	1.31186
102	9	0.790555
102	29	0.833762
102	60	0.907834
102	81	0.842541
102	97	0.866872
102	99	0.870376
102	104	1.34913
102	107	0.825087
102	113	0.892781
102	119	1.36609
102	128	0.871604
102	148	0.863317
102	151	0.865791
102	152	1.29724
102	158	0.847638
102	160	1.27662
102	161	0.879921
102	162	1.29754
102	169	0.879074
102	170	1.31282
102	176	0.899831
102	177	1.31241
102	178	0.863015
103	10	0.840112
103	17	0.902799
103	22	0.90541
103	45	0.862618
103	48	0.913516
103	57	1.27151
103	62	0.878199
103	66	0.878199
103	75	0.90586
103	90	1.12903
103	112	0.918882
103	129	0.90178
103	137	0.905929
103	138	0.907347
103	140	0.908606
103	145	0.920007
103	154	1.31358
103	162	1.17855
103	168	1.12433
103	170	1.19383
103	173	0.906474
103	174	1.1912
103	176	0.944264
103	179	1.205
104	7	1.61912
104	56	1.27799
104	65	1.42266
104	101	1.31796
104	102	1.34913
104	117	0.85092
104	122	0.870373
104	141	0.840717
104	146	0.821201
104	148	1.31772
104	149	0.849325
104	159	0.823761
104	160	0.857192
104	162	0.845741
104	167	1.2931
104	170	0.844135
104	171	0.846198
104	172	0.845891
104	174	0.843184
104	175	0.844719
104	176	0.878624
104	177	0.848806
104	179	0.838047
104	180	0.851167
105	46	0.888638
105	60	1.11909
105	61	0.84817
105	81	1.34008
105	92	0.848065
105	123	1.14349
105	129	0.876016
105	137	0.880165
105	138	0.881583
105	139	1.24381
105	140	0.882841
105	144	1.33958
105	145	0.894243
105	151	0.88446
105	152	0.88705
105	153	1.26395
105	154	1.27865
105	155	0.894842
105	161	0.898589
105	165	1.26247
105	166	0.884944
105	171	0.886074
105	175	0.884595
105	177	0.888682
105	180	0.891043
106	7	1.66446
106	108	1.28651
106	109	0.854898
106	122	0.856588
106	124	1.38629
106	141	0.826931
106	143	0.808754
106	144	1.50746
106	146	0.807415
106	147	1.4569
106	152	0.833389
106	157	0.833041
106	160	0.843406
106	166	0.831283
106	167	1.33844
106	168	0.848674
106	169	1.34993
106	170	0.830349
106	171	0.832412
106	172	0.832106
106	174	0.829398
106	175	0.830933
106	177	0.83502
106	178	0.828023
106	180	0.837382
107	8	0.868279
107	35	0.90596
107	41	0.874854
107	60	0.864127
107	65	0.782174
107	86	0.801141
107	93	0.778472
107	99	0.82667
107	102	0.825087
107	122	1.36239
107	124	0.839542
107	126	0.823281
107	132	0.840036
107	135	1.37175
107	143	1.55578
107	149	1.36598
107	155	0.832467
107	156	0.82694
107	158	0.803931
107	169	0.835367
107	171	1.45144
107	174	1.46849
107	175	1.43688
107	176	0.856124
107	179	0.815547
108	31	0.973128
108	33	0.869229
108	42	0.848968
108	53	0.827611
108	65	0.849286
108	74	0.882685
108	79	0.938225
108	80	0.862727
108	89	0.848375
108	96	0.918254
108	100	1.46407
108	106	1.28651
108	110	0.847073
108	123	0.902481
108	144	0.871683
108	146	1.31367
108	160	1.16865
108	164	0.887648
108	167	0.903549
108	170	1.20486
108	171	1.18518
108	173	1.18538
108	174	1.20222
108	178	0.88642
108	179	0.882658
109	39	0.841335
109	58	1.31955
109	93	1.40934
109	97	1.2362
109	106	0.854898
109	112	1.17629
109	131	1.30446
109	135	0.885259
109	143	0.864844
109	149	0.891629
109	159	0.866064
109	160	0.899496
109	161	1.19241
109	166	0.887373
109	167	1.17208
109	168	0.904763
109	169	1.18357
109	170	0.886438
109	171	0.888502
109	172	0.888195
109	174	0.885488
109	175	0.887023
109	177	0.89111
109	178	0.884112
109	180	0.893471
110	20	0.841236
110	31	0.904599
110	33	0.8007
110	42	0.780439
110	53	0.759083
110	54	0.815675
110	59	0.82031
110	74	0.814156
110	79	0.869696
110	80	0.794198
110	89	0.779846
110	96	0.849725
110	108	0.847073
110	123	0.833952
110	133	1.50462
110	144	0.803154
110	148	1.55156
110	152	1.49969
110	164	0.819119
110	167	0.83502
110	173	1.49579
110	174	1.51264
110	175	1.48103
110	176	1.36387
110	178	0.817891
110	179	0.814129
111	31	1.16255
111	32	1.60071
111	42	1.71168
111	71	0.770906
111	74	1.4676
111	75	1.50539
111	101	0.827126
111	113	0.846133
111	115	0.807379
111	123	1.42273
111	129	1.52571
111	131	0.805946
111	132	0.837095
111	150	0.838769
111	151	0.819143
111	161	0.833272
111	162	0.820299
111	165	0.819578
111	169	0.832426
111	170	0.818693
111	171	0.820757
111	174	0.817742
111	175	0.819278
111	177	0.823365
111	178	0.816367
111	180	0.825726
112	15	1.25653
112	17	0.864021
112	22	0.866632
112	43	0.830204
112	45	0.823841
112	48	0.874738
112	62	0.839421
112	66	0.839421
112	75	0.867082
112	93	1.50993
112	96	1.27099
112	103	0.918882
112	109	1.17629
112	115	1.45035
112	129	0.863002
112	137	0.867151
112	138	0.86857
112	140	0.869828
112	145	0.881229
112	147	0.866993
112	164	1.21748
112	167	0.8858
112	170	1.261
112	173	0.867697
112	176	0.905487
112	177	1.26059
113	21	1.20806
113	23	0.888606
113	30	0.864293
113	46	0.893957
113	55	0.878216
113	70	0.902223
113	73	0.907379
113	84	0.865255
113	102	0.892781
113	111	0.846133
113	116	0.871029
113	122	1.14579
113	127	0.887735
113	131	0.876582
113	142	1.15423
113	148	0.887304
113	151	0.889779
113	155	0.900161
113	157	1.23732
113	158	0.871626
113	161	0.903908
113	163	1.41054
113	165	1.3581
113	171	1.23484
113	173	0.886029
113	178	0.887003
113	179	1.26569
113	180	1.19322
114	28	0.85603
114	52	0.903673
114	65	0.845871
114	93	0.842168
114	94	0.913612
114	95	0.910687
114	98	0.891275
114	115	0.874017
114	121	0.868815
114	124	0.903239
114	128	0.891593
114	134	0.889334
114	146	1.3704
114	150	0.905407
114	153	0.890024
114	159	1.29507
114	160	1.22539
114	163	0.865497
114	164	0.884234
114	165	0.886216
114	168	1.19209
114	169	0.899064
114	173	1.24211
114	175	1.22735
114	176	1.11019
114	177	1.26117
114	178	1.29181
114	179	0.879244
115	18	0.854313
115	38	0.803997
115	47	1.38525
115	64	0.810573
115	71	0.802788
115	77	0.826041
115	81	0.827774
115	87	0.896067
115	93	0.807412
115	97	0.852106
115	98	0.856519
115	111	0.807379
115	112	1.45035
115	114	0.874017
115	118	0.86667
115	121	0.834059
115	122	1.32574
115	139	0.84325
115	147	0.846572
115	154	0.842883
115	163	0.830741
115	165	0.851459
115	167	0.865378
115	172	1.39467
115	173	1.41499
115	174	1.43184
115	177	1.43406
115	180	1.37316
116	15	1.41407
116	16	0.848559
116	23	0.842866
116	30	0.818552
116	51	0.781043
116	55	0.832476
116	58	0.833699
116	65	0.804129
116	70	0.856482
116	73	0.861638
116	90	0.857032
116	92	0.807644
116	113	0.871029
116	126	0.845235
116	131	0.830842
116	132	0.861991
116	151	0.844038
116	155	0.854421
116	156	0.848894
116	161	0.858168
116	164	1.37503
116	168	1.34904
116	169	1.44171
116	171	1.39887
116	174	1.41591
116	175	1.38431
116	178	0.841263
116	179	1.42971
117	61	1.42145
117	63	0.907977
117	80	1.40477
117	89	1.42673
117	91	0.883848
117	104	0.85092
117	124	1.23802
117	125	0.881551
117	132	1.21372
117	135	0.867495
117	138	1.24212
117	140	1.23102
117	143	0.84708
117	146	0.845741
117	159	0.8483
117	160	0.881732
117	161	1.21051
117	162	0.87028
117	166	0.869609
117	168	0.886999
117	169	1.20166
117	170	0.868674
117	171	0.870738
117	172	0.870431
117	174	0.867724
117	175	0.869259
117	177	0.873346
117	179	0.862587
117	180	0.875707
118	7	0.809928
118	8	0.924629
118	18	0.881723
118	25	1.35956
118	26	1.4031
118	28	0.848684
118	71	0.830198
118	77	0.85345
118	95	0.903341
118	101	0.886417
118	115	0.86667
118	121	0.861469
118	128	0.884247
118	133	0.858264
118	134	0.881987
118	136	0.842707
118	139	0.87066
118	153	0.882677
118	154	0.870293
118	157	1.26371
118	159	1.31439
118	163	0.85815
118	167	0.892788
118	168	1.21141
118	169	0.891717
118	171	1.26123
118	172	1.24111
118	175	1.24667
118	178	1.31113
119	31	1.02281
119	36	0.806343
119	63	0.895804
119	97	1.37417
119	100	0.799844
119	101	1.33491
119	102	1.36609
119	122	0.882741
119	132	1.3336
119	137	1.42649
119	141	0.853084
119	142	0.883928
119	146	0.833568
119	149	0.861692
119	150	1.35736
119	157	0.859194
119	160	0.869559
119	162	0.858108
119	163	1.45441
119	166	0.857436
119	168	0.874827
119	169	1.32155
119	170	0.856502
119	171	0.858565
119	172	0.858259
119	173	0.853202
119	174	0.855551
119	175	0.857086
119	177	0.861173
119	180	0.863535
120	2	1.596
120	14	1.27804
120	66	1.42316
120	73	1.22646
120	85	0.895099
120	125	0.866039
120	126	1.29363
120	135	0.851982
120	141	0.849744
120	143	0.831567
120	147	1.30817
120	149	0.858353
120	150	1.23702
120	151	1.29479
120	152	0.856202
120	157	0.855855
120	159	0.832788
120	162	0.854768
120	163	1.33407
120	166	0.854096
120	168	0.871487
120	170	0.853162
120	171	0.855225
120	172	0.854919
120	174	0.852211
120	175	0.853747
120	176	0.887652
120	177	0.857833
120	179	0.847075
120	180	0.860195
121	2	0.78924
121	19	0.85605
121	25	1.4576
121	87	0.890866
121	88	0.801163
121	94	0.873654
121	98	0.851318
121	99	0.850409
121	100	1.63816
121	114	0.868815
121	115	0.834059
121	118	0.861469
121	124	0.863281
121	125	1.30048
121	133	0.825653
121	139	0.838049
121	142	1.27866
121	144	0.828311
121	150	0.865449
121	153	0.850066
121	154	0.837681
121	159	1.41243
121	163	0.825539
121	164	0.844276
121	165	0.846258
121	169	0.859106
121	170	1.37895
121	171	1.35927
121	173	1.35948
121	176	1.22756
121	179	0.839286
122	28	1.41218
122	44	1.01787
122	69	1.20172
122	100	0.831471
122	101	1.17292
122	104	0.870373
122	106	0.856588
122	107	1.36239
122	113	1.14579
122	115	1.32574
122	119	0.882741
122	128	1.25925
122	134	1.24073
122	142	0.915554
122	146	0.865195
122	149	0.893319
122	152	0.891168
122	154	1.25614
122	157	0.890821
122	159	0.867754
122	166	0.889062
122	168	0.906453
122	170	0.888128
122	171	0.890192
122	172	0.889885
122	173	0.884828
122	174	0.887177
122	175	0.888713
122	176	0.922618
122	177	0.8928
122	180	0.895161
123	20	0.896644
123	26	0.851549
123	31	0.960007
123	33	0.856107
123	36	1.46022
123	42	0.835847
123	44	0.914946
123	53	0.81449
123	54	0.871082
123	59	0.875717
123	65	0.836165
123	74	0.869564
123	79	0.925104
123	80	0.849606
123	89	0.835254
123	96	0.905133
123	105	1.14349
123	108	0.902481
123	110	0.833952
123	111	1.42273
123	136	1.39487
123	139	1.31463
123	144	0.858562
123	164	0.874527
123	166	1.25348
123	167	0.890428
123	174	1.22708
123	175	1.19548
123	177	1.2293
123	178	0.873299
123	179	0.869537
123	180	1.16841
124	5	0.823894
124	19	0.890474
124	38	0.833219
124	56	1.30119
124	63	1.16058
124	64	0.839795
124	81	0.856996
124	87	0.92529
124	90	0.89324
124	93	0.836634
124	97	0.881328
124	98	0.885741
124	101	0.88823
124	106	1.38629
124	107	0.839542
124	114	0.903239
124	117	1.23802
124	121	0.863281
124	125	1.22617
124	128	0.886059
124	130	0.903176
124	134	0.8838
124	141	1.29193
124	147	0.875794
124	153	0.88449
124	154	0.872105
124	163	0.859963
124	172	1.26484
124	174	1.30201
124	177	1.30423
124	178	1.33486
124	179	0.87371
125	28	1.44244
125	41	1.118
125	65	1.30788
125	66	1.41177
125	67	1.13489
125	99	1.29705
125	100	0.818109
125	117	0.881551
125	120	0.866039
125	121	1.30048
125	124	1.22617
125	141	0.871348
125	142	0.902192
125	143	0.853172
125	146	0.851833
125	149	0.879957
125	153	1.27171
125	154	1.2864
125	157	0.877459
125	159	0.854392
125	160	0.887823
125	162	0.876372
125	166	0.8757
125	168	0.893091
125	170	0.874766
125	171	0.87683
125	172	0.876523
125	174	0.873815
125	175	0.875351
125	177	0.879438
125	178	0.87244
125	180	0.881799
126	14	0.862801
126	23	0.862813
126	44	0.902856
126	46	0.868163
126	61	0.827695
126	65	0.824075
126	67	0.882392
126	68	1.34944
126	70	0.876429
126	82	0.906377
126	86	0.843042
126	91	1.23531
126	92	0.827591
126	107	0.823281
126	116	0.845235
126	120	1.29363
126	127	0.861941
126	128	1.48356
126	131	0.850789
126	132	0.881937
126	142	1.26041
126	151	0.863985
126	155	0.874368
126	156	0.868841
126	157	1.3435
126	158	0.845832
126	161	0.878115
126	171	1.34102
126	172	1.3209
126	173	0.860235
126	176	1.20931
126	178	0.861209
126	179	1.37187
127	3	0.890675
127	23	0.859572
127	30	0.835259
127	44	0.899616
127	53	1.67365
127	58	0.850406
127	67	0.879152
127	68	1.27747
127	69	0.882134
127	72	1.59634
127	84	0.836221
127	86	0.839802
127	92	0.82435
127	113	0.887735
127	126	0.861941
127	130	1.21349
127	131	0.847548
127	132	0.878697
127	136	0.825018
127	147	0.856292
127	148	0.85827
127	151	0.860745
127	155	0.871127
127	156	0.865601
127	160	1.25253
127	161	0.874874
127	164	1.24521
127	170	1.28873
127	173	0.856995
127	176	1.13734
127	178	0.857969
127	179	1.2999
127	180	1.22742
128	18	0.87189
128	19	0.878828
128	28	0.838851
128	50	1.28383
128	64	0.828149
128	71	0.820365
128	72	0.818192
128	88	0.823941
128	97	0.869682
128	99	0.873186
128	102	0.871604
128	114	0.891593
128	118	0.884247
128	122	1.25925
128	124	0.886059
128	126	1.48356
128	134	0.872154
128	135	1.26861
128	136	0.832874
128	139	0.860826
128	142	1.26768
128	153	0.872844
128	154	0.860459
128	160	1.33177
128	163	0.848317
128	165	0.869036
128	167	0.882955
128	169	0.881884
128	170	1.36798
128	174	1.36534
128	176	1.21658
128	177	1.36756
128	179	0.862064
129	6	1.6831
129	10	0.784232
129	22	0.84953
129	43	0.813102
129	45	0.806739
129	48	0.857636
129	50	1.24855
129	62	0.822319
129	66	0.822319
129	68	0.865282
129	72	0.803936
129	75	0.849981
129	82	0.896737
129	90	1.2679
129	103	0.90178
129	105	0.876016
129	111	1.52571
129	112	0.863002
129	130	0.877274
129	133	0.834174
129	137	0.850049
129	138	0.851468
129	140	0.852726
129	145	0.864128
129	147	0.849891
129	157	1.3155
129	167	0.868698
129	172	1.2929
129	173	0.850595
129	175	1.29846
129	176	0.888385
129	178	1.36292
129	179	1.34387
129	180	1.2714
130	14	1.26987
130	35	0.793148
130	55	1.33715
130	58	1.32903
130	69	1.23521
130	75	0.881354
130	84	1.37287
130	86	1.37724
130	93	0.842106
130	96	1.17987
130	101	0.893701
130	124	0.903176
130	127	1.21349
130	129	0.877274
130	137	0.881423
130	138	0.882842
130	140	0.8841
130	145	0.895501
130	149	0.890459
130	151	1.28663
130	153	0.889961
130	161	1.20189
130	165	0.886153
130	169	0.899001
130	170	0.885269
130	171	0.887332
130	172	0.887025
130	173	0.881969
130	174	0.884318
130	175	0.885853
130	176	0.919758
130	177	0.88994
130	179	0.879181
130	180	0.892302
131	4	0.888338
131	16	0.854113
131	54	0.8446
131	56	0.835603
131	58	0.839253
131	67	0.867999
131	69	0.870981
131	73	0.867192
131	84	0.825068
131	86	0.828649
131	109	1.30446
131	111	0.805946
131	113	0.876582
131	116	0.830842
131	126	0.850789
131	127	0.847548
131	132	0.867544
131	148	0.847118
131	149	1.28404
131	151	0.849592
131	152	1.37359
131	155	0.859975
131	156	0.854448
131	158	0.831439
131	161	0.863722
131	162	1.37389
131	164	1.34565
131	166	1.41293
131	167	1.40084
131	170	1.38917
131	173	0.845842
131	178	0.846816
131	179	1.40034
131	180	1.32787
