1	49	1.06611
1	78	0.914563
1	88	1.05637
1	171	0.963617
1	173	1.04107
1	174	1.01175
1	175	1.02217
1	176	1.02812
1	177	1.03471
1	178	1.02677
1	179	1.03562
1	180	0.791306
2	30	1.07289
2	68	1.07101
2	108	1.0053
2	142	0.991689
2	149	0.992082
2	156	0.995194
2	163	0.864761
2	169	1.0097
2	170	1.02074
2	173	0.883083
2	175	0.915203
2	180	1.18532
3	29	0.991505
3	34	0.849118
3	73	0.938852
3	89	1.02799
3	152	0.995941
3	157	0.996424
3	162	1.04761
3	166	1.03996
3	174	1.01603
3	176	0.970778
3	179	0.972077
3	180	1.15767
4	38	1.01343
4	108	1.01808
4	112	0.933141
4	137	1.04637
4	156	1.0087
4	163	1.03489
4	174	1.00814
4	176	1.02451
4	177	1.0311
4	178	1.02316
4	179	1.03201
4	180	0.817867
5	37	1.06478
5	43	0.870024
5	47	1.01412
5	76	1.02929
5	136	0.915329
5	143	0.9301
5	156	1.00691
5	170	1.03246
5	171	1.01465
5	177	0.958518
5	179	0.970179
5	180	1.19703
6	13	0.971145
6	94	1.00785
6	128	1.01932
6	151	1.04185
6	154	1.00916
6	167	1.03205
6	171	0.988359
6	175	1.01908
6	177	1.03162
6	178	1.02368
6	179	1.03254
6	180	0.816049
7	22	1.01333
7	38	1.0184
7	46	1.04018
7	59	1.02492
7	68	1.10675
7	75	0.81479
7	82	1.03693
7	90	0.992751
7	94	1.04635
7	147	1.05203
7	171	0.918053
7	178	0.938759
8	16	0.982939
8	22	1.05175
8	36	0.923865
8	66	1.03666
8	80	1.0579
8	87	0.980858
8	93	1.02717
8	99	1.08136
8	111	0.988028
8	114	1.02803
8	163	0.997124
8	180	0.84237
9	20	1.15488
9	22	1.01
9	38	1.01507
9	60	0.94831
9	61	0.950062
9	82	1.03359
9	90	0.989414
9	147	1.04869
9	161	0.962829
9	165	0.941256
9	175	0.983327
9	176	0.962185
10	96	1.02142
10	98	1.03036
10	101	0.931124
10	120	0.942502
10	140	0.939025
10	144	1.02358
10	160	0.955885
10	172	1.02473
10	176	1.02771
10	177	1.03429
10	178	1.02636
10	179	1.03521
11	18	1.15357
11	34	1.12314
11	126	0.90841
11	150	0.89636
11	153	1.26237
11	167	1.25534
11	172	0.893232
11	173	0.909157
11	175	0.89026
11	176	0.89621
11	177	0.902798
11	179	0.903715
12	100	0.940351
12	109	1.01177
12	121	1.04716
12	127	0.978595
12	132	0.960324
12	144	0.985457
12	153	1.03149
12	155	0.918397
12	156	1.02203
12	169	1.03654
12	170	1.04758
12	171	1.02977
13	6	0.971145
13	51	1.01679
13	55	0.921504
13	67	0.942999
13	73	0.95052
13	85	0.905701
13	89	1.03966
13	157	1.00809
13	162	1.05927
13	166	1.05163
13	178	0.971846
13	180	1.16934
14	46	0.97972
14	101	1.0433
14	127	0.968653
14	137	0.925952
14	138	1.05034
14	152	0.992208
14	154	1.02209
14	156	1.02136
14	165	1.0416
14	171	1.0291
14	174	0.987884
14	179	0.94393
15	27	1.0114
15	99	1.08428
15	111	0.990951
15	114	1.03095
15	134	0.996009
15	135	0.99911
15	146	1.0052
15	162	0.861899
15	165	0.933605
15	173	1.03406
15	178	1.01976
15	179	1.02862
16	8	0.982939
16	140	1.02838
16	151	0.947314
16	154	1.01563
16	157	1.04377
16	158	0.929348
16	164	1.02507
16	165	1.03514
16	169	1.0294
16	171	1.02264
16	174	0.993608
16	179	0.949654
17	19	1.11059
17	32	0.890412
17	55	0.7943
17	63	1.30604
17	73	0.823316
17	89	0.912456
17	105	1.16502
17	157	0.880889
17	162	0.932071
17	166	0.924425
17	174	1.21942
17	180	1.04213
18	11	1.15357
18	121	1.04251
18	122	1.02782
18	124	0.920034
18	140	1.03086
18	148	0.896989
18	149	1.01427
18	164	1.02755
18	168	0.92586
18	169	1.03188
18	171	1.02512
18	172	0.907314
19	17	1.11059
19	108	1.02916
19	112	1.05458
19	131	0.999738
19	145	0.901063
19	149	1.01594
19	158	0.909248
19	164	1.02922
19	170	1.0446
19	171	1.02679
19	172	0.934964
19	175	0.949398
20	9	1.15488
20	39	1.12324
20	59	0.932812
20	60	1.04495
20	65	0.849487
20	90	1.08605
20	91	1.0896
20	94	1.13965
20	118	0.894781
20	136	1.1617
20	137	0.821004
20	138	0.828134
20	174	0.882936
21	81	1.05176
21	92	0.968232
21	120	0.961302
21	144	0.907557
21	145	1.02023
21	149	0.941021
21	153	0.953588
21	163	1.01813
21	165	0.964376
21	167	1.05796
21	170	0.969681
21	172	1.05414
21	180	1.13426
22	7	1.01333
22	8	1.05175
22	9	1.01
22	24	0.966733
22	46	0.988595
22	60	0.900062
22	82	0.985345
22	90	0.941166
22	94	0.994765
22	103	1.1
22	171	1.00542
22	176	1.01716
22	178	1.02613
23	34	1.00104
23	121	1.08852
23	139	0.990636
23	143	1.00287
23	166	1.05387
23	171	1.11096
23	173	0.977434
23	175	0.958537
23	176	0.964486
23	177	0.971075
23	178	0.96314
23	179	0.971992
23	180	0.938651
24	22	0.966733
24	27	1.08844
24	38	0.971806
24	39	0.983333
24	60	0.905047
24	90	0.946152
24	94	0.99975
24	124	1.03558
24	136	1.0218
24	147	1.00543
24	152	1.04132
24	175	1.03729
24	177	1.00579
25	49	0.960012
25	50	0.95022
25	58	0.934952
25	116	0.944383
25	127	1.0642
25	134	0.977557
25	149	1.06078
25	152	1.06334
25	160	1.00866
25	161	0.995695
25	167	0.981314
25	168	0.982162
25	174	1.08343
26	79	1.0057
26	81	0.968654
26	87	0.923659
26	93	0.969975
26	96	1.07205
26	99	1.02416
26	111	0.93083
26	114	0.970828
26	123	1.01355
26	136	1.00626
26	152	1.04785
26	168	1.04794
26	179	1.02399
27	15	1.0114
27	24	1.08844
27	35	0.976666
27	36	0.961568
27	78	1.00333
27	115	1.16375
27	172	0.968645
27	174	0.955257
27	175	0.965673
27	176	0.971622
27	177	0.978211
27	178	0.970276
27	179	0.979128
28	32	0.831653
28	49	0.952636
28	95	0.846295
28	121	0.827698
28	153	0.879448
28	170	0.854163
28	173	1.12678
28	174	1.09747
28	175	1.10788
28	176	1.11383
28	177	1.12042
28	178	1.11249
28	179	1.12134
29	3	0.991505
29	55	0.951288
29	73	0.980305
29	89	1.06944
29	137	0.915914
29	148	0.928977
29	153	0.950159
29	156	0.939373
29	157	1.03788
29	162	1.08906
29	166	1.08141
29	170	0.924875
29	178	0.941557
29	180	1.19912
30	2	1.07289
30	56	1.22438
30	74	0.910277
30	103	0.900231
30	110	0.985167
30	113	0.913747
30	121	1.13649
30	134	0.932261
30	146	0.93501
30	161	0.950399
30	167	0.936017
30	168	0.936865
30	172	1.17738
30	180	0.986618
31	54	1.02724
31	86	0.877949
31	103	1.00668
31	110	1.09162
31	124	1.03694
31	151	1.05226
31	154	0.935463
31	160	1.06981
31	161	1.05685
31	164	0.91297
31	167	1.04247
31	168	1.04332
31	173	0.915426
31	178	0.935367
32	17	0.890412
32	28	0.831653
32	55	0.96573
32	73	0.994747
32	89	1.08389
32	125	0.872404
32	130	1.00559
32	133	0.948411
32	148	0.957994
32	157	1.05232
32	162	1.1035
32	166	1.09586
32	168	0.986865
32	180	1.21356
33	54	1.02434
33	66	1.0578
33	79	1.08404
33	81	1.047
33	87	1.002
33	93	1.04832
33	99	1.10251
33	111	1.00917
33	114	1.04917
33	125	0.834297
33	174	0.968756
33	176	0.923503
33	178	0.932467
33	179	0.924802
34	3	0.849118
34	11	1.12314
34	23	1.00104
34	102	1.06146
34	128	1.02154
34	135	1.0282
34	137	0.8535
34	148	0.866563
34	150	0.911396
34	160	1.06161
34	161	1.04865
34	162	1.10916
34	167	1.03427
34	168	1.03512
35	27	0.976666
35	73	0.945912
35	98	0.961925
35	121	1.04332
35	138	1.04717
35	149	1.01508
35	150	0.945596
35	152	0.989045
35	155	0.870204
35	165	1.03844
35	169	1.0327
35	171	1.02593
35	179	0.905678
35	180	1.20832
36	8	0.923865
36	27	0.961568
36	63	1.02115
36	107	1.03544
36	135	0.933858
36	142	1.03354
36	147	0.870866
36	153	1.0465
36	157	1.06592
36	164	1.04722
36	165	1.05729
36	169	1.05155
36	170	1.06259
36	179	0.89058
37	5	1.06478
37	71	0.971985
37	106	1.00739
37	120	1.06008
37	141	0.9336
37	144	1.00634
37	147	0.90032
37	154	1.04365
37	156	1.04291
37	159	0.885827
37	165	1.06316
37	170	1.06846
37	171	1.05065
37	177	0.908373
38	4	1.01343
38	7	1.0184
38	9	1.01507
38	24	0.971806
38	39	0.98342
38	46	0.993668
38	52	0.960241
38	82	0.990417
38	92	0.986113
38	94	0.999837
38	118	1.06045
38	136	1.02189
38	147	1.00552
38	163	0.97405
38	178	1.01231
39	20	1.12324
39	24	0.983333
39	38	0.98342
39	46	1.0052
39	60	0.916662
39	82	1.00194
39	90	0.957766
39	94	1.01136
39	141	1.00258
39	147	1.01704
39	152	1.01288
39	164	0.974285
39	174	1.03297
39	176	0.987719
39	178	0.996682
40	62	0.948674
40	96	1.07567
40	97	0.990787
40	113	0.984881
40	134	1.0034
40	135	1.00109
40	147	1.0079
40	160	1.0345
40	161	1.02153
40	167	1.00715
40	168	1.008
40	171	1.01457
40	173	1.01533
40	175	1.04745
40	180	0.842259
41	76	1.03315
41	112	1.0001
41	138	0.993549
41	146	1.0234
41	149	0.961458
41	153	0.974024
41	164	0.974745
41	168	0.997996
41	169	0.979071
41	170	0.990118
41	171	0.972309
41	172	0.979449
41	175	0.993884
41	179	0.97404
41	180	1.15469
42	71	0.982904
42	83	0.977791
42	86	0.967216
42	104	1.04184
42	115	0.96591
42	116	0.977008
42	130	0.988531
42	137	0.998991
42	143	0.97689
42	151	1.02373
42	161	1.02832
42	167	1.01394
42	175	1.03681
42	177	1.00531
42	178	1.02463
43	5	0.870024
43	89	0.908601
43	114	1.19109
43	125	1.15164
43	138	0.877135
43	155	1.20667
43	156	0.848156
43	157	0.877034
43	161	1.24149
43	162	0.928216
43	163	1.21155
43	164	0.858332
43	166	0.920571
43	170	0.873704
43	180	1.03828
44	77	0.966635
44	131	0.973519
44	141	1.00711
44	146	0.996993
44	150	1.03346
44	160	1.02534
44	161	1.01238
44	168	0.998849
44	169	1.00733
44	170	1.01838
44	171	1.00057
44	173	0.981264
44	176	0.992242
44	178	1.00121
44	179	0.99354
45	104	0.997705
45	117	1.05336
45	133	1.01143
45	140	0.991773
45	149	1.03428
45	162	0.919038
45	163	1.00689
45	169	0.996704
45	172	0.993527
45	173	1.00945
45	174	0.980139
45	176	0.996504
45	177	1.00309
45	178	0.995158
45	179	1.00401
46	7	1.04018
46	14	0.97972
46	22	0.988595
46	38	0.993668
46	39	1.0052
46	60	0.926909
46	82	1.01219
46	90	0.968014
46	94	1.02161
46	106	1.11759
46	136	1.04366
46	155	0.994753
46	164	1.01549
46	175	1.05007
46	180	0.844876
47	5	1.01412
47	99	0.95031
47	131	0.972942
47	141	1.02755
47	142	0.988747
47	147	0.994273
47	149	0.98914
47	150	1.05391
47	153	1.00171
47	154	0.992987
47	157	1.02113
47	162	0.920054
47	165	1.01249
47	169	1.00675
47	174	1.05794
48	101	0.950719
48	111	1.11839
48	123	0.932637
48	124	1.09444
48	125	0.985807
48	126	1.06871
48	138	0.95775
48	149	0.925659
48	153	0.938226
48	154	0.929506
48	165	0.949014
48	169	0.943273
48	170	0.95432
48	176	1.07501
48	177	1.06465
48	180	1.11889
49	1	1.06611
49	25	0.960012
49	28	0.952636
49	63	0.904542
49	83	0.937935
49	103	0.938296
49	113	0.951812
49	146	0.973075
49	151	0.983874
49	152	1.10776
49	160	1.00143
49	167	0.974082
49	168	0.97493
49	175	1.10374
49	178	1.09156
49	179	1.08389
50	25	0.95022
50	69	1.0382
50	74	0.938551
50	83	0.928143
50	91	1.12255
50	100	1.05246
50	104	0.992188
50	113	0.94202
50	116	0.92736
50	134	0.960534
50	152	1.08985
50	165	1.04375
50	166	1.03153
50	167	0.964291
50	168	0.965139
50	170	1.05696
51	13	1.01679
51	93	1.01871
51	98	0.948605
51	116	1.13812
51	125	1.01788
51	137	0.967805
51	144	1.11041
51	159	0.970397
51	168	1.071
51	170	1.03803
51	173	0.958894
51	175	0.939997
51	176	0.945946
51	177	0.952535
51	178	0.944601
51	179	0.953452
52	38	0.960241
52	89	0.896683
52	92	0.931494
52	131	0.990528
52	137	1.0831
52	157	0.904666
52	160	0.945692
52	163	1.07163
52	172	1.05827
52	173	1.07419
52	175	1.0553
52	176	1.06125
52	177	1.06783
52	178	1.0599
52	179	1.06875
52	180	0.764678
53	108	0.940627
53	124	1.09512
53	138	0.959497
53	145	1.0485
53	149	0.927406
53	154	0.931253
53	155	1.04152
53	156	0.930519
53	165	0.950761
53	169	0.94502
53	170	0.956067
53	171	0.938257
53	172	1.0824
53	176	1.0757
53	177	1.06533
53	180	1.12064
54	31	1.02724
54	33	1.02434
54	56	0.891923
54	77	0.916024
54	82	1.10214
54	114	1.04292
54	122	0.952665
54	142	0.938713
54	148	1.08906
54	153	0.951673
54	156	0.942219
54	169	0.95672
54	170	0.967767
54	171	0.949957
54	175	1.11382
54	180	1.13234
55	13	0.921504
55	17	0.7943
55	29	0.951288
55	32	0.96573
55	73	0.898635
55	89	0.987774
55	127	1.10412
55	133	1.0649
55	157	0.956207
55	159	1.04519
55	162	1.00739
55	163	1.0488
55	164	1.06467
55	166	0.999744
55	179	1.0794
55	180	1.11745
56	30	1.22438
56	54	0.891923
56	79	0.998049
56	112	0.970272
56	141	1.06042
56	144	0.898168
56	153	0.944199
56	155	1.01138
56	157	0.963622
56	165	0.954987
56	167	1.05609
56	169	0.949246
56	170	0.960292
56	171	0.942483
56	172	1.05226
56	180	1.12487
57	87	1.03401
57	93	1.08033
57	94	0.959052
57	111	1.04118
57	114	1.08118
57	121	0.917116
57	154	0.96036
57	157	0.907235
57	161	0.951945
57	165	0.930372
57	175	1.06539
57	176	1.07134
57	177	1.07793
57	178	1.07
57	179	1.07885
57	180	0.767248
58	25	0.934952
58	88	0.969628
58	94	0.896367
58	101	0.860815
58	108	0.904776
58	115	0.988237
58	119	1.11941
58	127	1.06067
58	136	0.835064
58	172	1.05613
58	173	1.07205
58	174	1.04274
58	176	1.05911
58	177	1.0657
58	178	1.05776
58	179	1.06661
59	7	1.02492
59	20	0.932812
59	79	1.00144
59	81	0.964398
59	108	1.10313
59	111	0.926574
59	114	0.966573
59	118	0.957719
59	131	1.12877
59	149	1.10958
59	156	1.09375
59	172	0.953756
59	173	0.969681
59	174	0.940368
59	178	0.955387
59	179	0.964238
60	9	0.94831
60	20	1.04495
60	22	0.900062
60	24	0.905047
60	39	0.916662
60	46	0.926909
60	82	0.923658
60	90	0.87948
60	91	0.883027
60	94	0.933078
60	139	1.11564
60	147	0.938758
60	154	1.14759
60	156	1.14531
60	158	1.11953
60	173	1.12756
60	178	1.1475
61	9	0.950062
61	88	1.06073
61	121	1.01971
61	124	0.999146
61	139	0.956822
61	140	1.00807
61	143	0.940937
61	144	0.958008
61	145	0.952524
61	154	0.995319
61	155	0.945541
61	156	0.994585
61	157	1.02346
61	164	1.00476
61	169	1.00909
61	171	1.00232
61	180	1.18471
62	40	0.948674
62	63	0.867366
62	64	0.977141
62	107	1.13083
62	115	0.888878
62	116	0.899976
62	117	0.931931
62	128	0.924175
62	146	0.935898
62	154	1.15161
62	157	1.09849
62	158	1.12354
62	161	0.951287
62	167	0.936906
62	168	0.937754
62	175	1.1637
62	177	1.13219
63	17	1.30604
63	36	1.02115
63	49	0.904542
63	62	0.867366
63	88	0.900498
63	110	0.974994
63	128	0.913113
63	130	0.900438
63	131	1.16551
63	147	1.1053
63	159	1.0908
63	160	0.953188
63	161	0.940225
63	166	0.993087
63	167	0.925844
63	168	0.926692
63	177	1.11335
64	62	0.977141
64	67	0.943851
64	71	1.00459
64	74	1.00988
64	104	1.06352
64	115	0.987591
64	130	1.01021
64	132	0.971486
64	135	1.02955
64	150	1.00495
64	151	1.04541
64	152	0.988898
64	154	0.972794
64	167	1.03562
64	168	1.03647
64	171	0.951992
64	178	0.972698
65	20	0.849487
65	102	0.983241
65	104	0.989677
65	117	1.04533
65	133	1.02968
65	138	0.994095
65	143	1.05313
65	150	1.0149
65	163	1.02514
65	166	0.934808
65	170	0.995925
65	172	1.01177
65	174	0.998385
65	175	1.0088
65	176	1.01475
65	177	1.02134
65	179	1.02226
66	8	1.03666
66	33	1.0578
66	78	0.933058
66	80	1.03952
66	81	1.00747
66	85	0.936672
66	87	0.962474
66	93	1.00879
66	99	1.06298
66	111	0.969645
66	114	1.00964
66	136	1.04508
66	139	0.970959
66	155	0.959678
66	158	0.974846
66	174	1.03911
66	176	0.993854
67	13	0.942999
67	64	0.943851
67	110	0.959922
67	128	1.02171
67	138	1.04122
67	144	0.975661
67	151	0.970914
67	155	1.03647
67	158	1.02781
67	161	0.9726
67	164	1.02241
67	165	1.03248
67	167	0.98249
67	169	1.02674
67	176	1.01039
67	178	1.00904
67	179	1.01789
68	2	1.07101
68	7	1.10675
68	75	1.05379
68	105	0.960726
68	130	1.21277
68	155	0.943601
68	159	0.941963
68	163	0.927897
68	168	1.19405
68	171	1.15705
68	173	0.93046
68	174	0.901147
68	175	0.911563
68	176	0.917512
68	177	0.924101
68	178	0.916166
68	179	0.925017
69	50	1.0382
69	92	0.948117
69	150	1.01908
69	151	0.964313
69	153	0.98292
69	160	0.962315
69	163	1.02931
69	165	0.944425
69	171	0.953611
69	172	1.01595
69	173	1.03188
69	174	1.00256
69	175	1.01298
69	176	1.01893
69	177	1.02552
69	178	1.01758
69	179	1.02644
70	77	1.01414
70	79	0.919734
70	121	0.933053
70	135	1.01181
70	150	1.02284
70	152	0.995398
70	154	0.976297
70	167	0.977772
70	170	0.959519
70	172	1.01972
70	173	1.03564
70	174	1.00633
70	175	1.01674
70	176	1.02269
70	177	1.02928
70	178	1.02135
70	179	1.0302
71	37	0.971985
71	42	0.982904
71	64	1.00459
71	75	1.05003
71	77	1.092
71	108	1.06125
71	116	0.92742
71	119	0.963583
71	134	0.960593
71	135	0.958284
71	146	0.963342
71	158	1.02608
71	160	0.991693
71	166	1.03159
71	167	0.96435
71	168	0.965198
71	169	1.03012
71	178	1.05405
72	104	1.02847
72	105	1.01568
72	136	0.988882
72	145	1.01947
72	148	0.987404
72	153	1.06
72	157	0.998368
72	163	0.982855
72	164	1.029
72	165	1.0215
72	168	1.06769
72	172	0.969493
72	174	0.956104
72	175	0.96652
72	176	0.97247
72	177	0.979058
72	178	0.971124
72	179	0.979975
73	3	0.938852
73	13	0.95052
73	17	0.823316
73	29	0.980305
73	32	0.994747
73	35	0.945912
73	55	0.898635
73	89	1.01679
73	123	1.02423
73	124	1.0528
73	130	1.07735
73	157	0.985223
73	162	1.03641
73	166	1.02876
73	170	1.02565
73	173	1.02239
73	175	1.05451
73	180	1.14647
74	30	0.910277
74	50	0.938551
74	64	1.00988
74	75	1.05532
74	87	1.09548
74	95	0.983717
74	117	0.96467
74	135	0.963578
74	139	1.01137
74	140	1.01436
74	159	1.00135
74	160	0.996988
74	163	1.00496
74	166	1.03689
74	167	0.969644
74	168	0.970492
74	176	1.03426
74	178	1.04322
75	7	0.81479
75	68	1.05379
75	71	1.05003
75	74	1.05532
75	90	0.960288
75	95	1.09513
75	97	1.0647
75	102	1.10826
75	105	0.867687
75	127	0.902856
75	134	1.0773
75	147	0.858419
75	151	1.09085
75	161	1.09544
75	167	1.08106
75	168	1.08191
75	172	0.883542
75	173	0.865857
76	5	1.02929
76	41	1.03315
76	88	0.959897
76	97	0.968877
76	99	0.989873
76	102	1.01244
76	113	0.962972
76	115	0.937214
76	116	0.948312
76	135	0.979177
76	143	1.01347
76	161	0.999624
76	162	1.06013
76	167	0.985242
76	168	0.98609
76	171	1.04051
76	177	1.04189
76	179	1.05355
77	44	0.966635
77	54	0.916024
77	70	1.01414
77	71	1.092
77	78	1.00652
77	107	0.957238
77	119	0.95724
77	122	0.969292
77	126	1.03244
77	137	1.02207
77	149	0.955734
77	154	0.959581
77	164	0.969022
77	167	1.04928
77	170	0.984394
77	171	0.966585
77	176	1.03875
77	180	1.14897
78	1	0.914563
78	27	1.00333
78	66	0.933058
78	77	1.00652
78	90	1.0145
78	101	1.05467
78	135	0.97562
78	142	1.02921
78	144	0.996142
78	149	1.02961
78	154	1.03345
78	157	1.0616
78	163	0.901744
78	164	1.04289
78	169	1.04722
78	170	1.05827
78	171	1.04046
78	177	0.920682
78	178	0.940007
79	26	1.0057
79	33	1.08404
79	56	0.998049
79	59	1.00144
79	70	0.919734
79	80	1.06576
79	87	0.988713
79	93	1.03503
79	99	1.08922
79	111	0.995883
79	114	1.03588
79	118	1.02703
79	122	0.969458
79	123	0.935198
79	136	1.07132
79	148	0.94072
79	158	0.925329
79	172	0.951044
79	175	0.965479
80	8	1.0579
80	66	1.03952
80	79	1.06576
80	81	1.02871
80	87	0.98372
80	93	1.03004
80	99	1.08422
80	111	0.990891
80	114	1.03089
80	118	1.02204
80	132	0.948111
80	136	1.06632
80	150	0.981577
80	152	0.965523
80	161	0.941005
80	169	0.925392
80	170	0.932641
80	175	0.961503
80	178	0.949324
81	21	1.05176
81	26	0.968654
81	33	1.047
81	59	0.964398
81	66	1.00747
81	80	1.02871
81	87	0.951671
81	93	0.997987
81	99	1.05217
81	111	0.958842
81	114	0.99884
81	118	0.989986
81	136	1.03427
81	145	0.96898
81	159	0.963264
81	170	0.988453
81	172	1.00288
81	173	0.985195
81	174	1.04142
81	178	1.00514
82	7	1.03693
82	9	1.03359
82	22	0.985345
82	38	0.990417
82	39	1.00194
82	46	1.01219
82	54	1.10214
82	60	0.923658
82	90	0.964763
82	91	0.96831
82	94	1.01836
82	119	0.919794
82	135	1.04588
82	136	1.04041
82	139	0.978405
82	147	1.02404
82	163	0.972001
82	172	1.00801
82	173	0.990323
82	177	0.990938
83	42	0.977791
83	49	0.937935
83	50	0.928143
83	84	1.11932
83	95	0.97331
83	102	0.986432
83	123	1.04401
83	134	0.95548
83	146	0.958229
83	148	1.04953
83	151	0.969029
83	157	1.00908
83	160	0.98658
83	161	0.973618
83	162	1.03412
83	163	1.02385
83	165	1.03222
83	167	0.959237
83	168	0.960085
83	175	1.07429
83	179	1.05445
84	83	1.11932
84	90	1.14147
84	97	1.0928
84	114	1.00825
84	119	1.02198
84	126	0.973877
84	138	1.04846
84	148	0.976612
84	150	0.961828
84	161	1.05866
84	163	0.972062
84	170	1.05029
84	172	0.9587
84	173	0.974625
84	174	0.945312
84	175	0.955728
84	176	0.961677
84	177	0.968266
84	178	0.960331
84	179	0.969183
84	180	0.873959
85	13	0.905701
85	66	0.936672
85	89	0.882611
85	102	0.914255
85	111	0.978038
85	127	1.0462
85	139	1.07078
85	142	0.956441
85	151	0.933617
85	154	0.943717
85	155	1.07072
85	156	0.941438
85	163	1.05502
85	172	1.04166
85	173	1.05758
85	174	1.02827
85	175	1.03869
85	176	1.04463
85	177	1.05122
85	178	1.04329
85	179	1.05214
86	31	0.877949
86	42	0.967216
86	96	1.03834
86	116	1.03576
86	127	1.04619
86	128	0.993135
86	131	0.985182
86	143	1.08301
86	150	1.04478
86	153	0.96095
86	159	1.06908
86	166	0.874548
86	170	0.935666
86	172	1.04165
86	173	1.05757
86	174	1.02826
86	176	1.04463
86	177	1.05121
86	178	1.04328
86	179	1.05213
86	180	0.759332
87	8	0.980858
87	26	0.923659
87	33	1.002
87	57	1.03401
87	66	0.962474
87	74	1.09548
87	79	0.988713
87	80	0.98372
87	81	0.951671
87	93	0.952992
87	99	1.00718
87	110	1.04102
87	111	0.913847
87	114	0.953845
87	118	0.944992
87	126	1.04675
87	129	1.01209
87	156	1.05984
87	176	1.05306
87	177	1.0427
87	179	1.05436
88	1	1.05637
88	58	0.969628
88	61	1.06073
88	63	0.900498
88	76	0.959897
88	95	0.984112
88	116	0.933108
88	129	1.03189
88	130	0.944632
88	134	0.966281
88	135	0.963973
88	147	1.05444
88	151	0.97983
88	160	0.997382
88	161	0.98442
88	162	1.04493
88	163	1.04355
88	167	0.970038
88	168	0.970886
88	174	1.1181
88	176	1.07285
89	3	1.02799
89	13	1.03966
89	17	0.912456
89	29	1.06944
89	32	1.08389
89	43	0.908601
89	52	0.896683
89	55	0.987774
89	73	1.01679
89	85	0.882611
89	139	0.916897
89	140	0.919893
89	146	0.990456
89	151	0.938751
89	152	0.964955
89	157	1.07436
89	159	0.906884
89	162	1.12554
89	166	1.1179
89	174	0.985044
89	180	1.23561
90	7	0.992751
90	9	0.989414
90	20	1.08605
90	22	0.941166
90	24	0.946152
90	39	0.957766
90	46	0.968014
90	60	0.87948
90	75	0.960288
90	78	1.0145
90	82	0.964763
90	84	1.14147
90	91	0.924132
90	94	0.974183
90	112	1.00651
90	136	0.996234
90	140	1.05539
90	147	0.979863
90	150	1.11651
90	159	1.04238
90	173	1.06432
91	20	1.0896
91	50	1.12255
91	60	0.883027
91	82	0.96831
91	90	0.924132
91	93	1.02266
91	94	0.97773
91	104	1.03574
91	113	1.09475
91	136	0.999781
91	138	0.985339
91	144	0.919783
91	147	0.98341
91	155	1.01553
91	156	0.95636
91	163	1.02041
91	164	0.966535
91	170	0.981908
91	171	0.964099
91	173	1.03873
91	179	1.051
92	21	0.968232
92	38	0.986113
92	52	0.931494
92	69	0.948117
92	120	1.02631
92	122	1.01958
92	134	1.01608
92	140	1.02262
92	142	1.00563
92	149	1.00603
92	153	1.01859
92	156	1.00914
92	160	0.971564
92	164	1.01931
92	165	1.02938
92	168	0.999857
92	169	1.02364
92	170	1.03469
92	171	1.01688
92	173	0.963626
92	174	1.01986
92	177	0.964241
93	8	1.02717
93	26	0.969975
93	33	1.04832
93	51	1.01871
93	57	1.08033
93	66	1.00879
93	79	1.03503
93	80	1.03004
93	81	0.997987
93	87	0.952992
93	91	1.02266
93	99	1.0535
93	111	0.960163
93	114	1.00016
93	129	0.923832
93	136	1.0356
93	150	1.00601
93	161	0.965442
93	175	0.985941
93	176	0.964798
93	177	0.954436
93	179	0.966096
94	6	1.00785
94	7	1.04635
94	20	1.13965
94	22	0.994765
94	24	0.99975
94	38	0.999837
94	39	1.01136
94	46	1.02161
94	57	0.959052
94	58	0.896367
94	60	0.933078
94	82	1.01836
94	90	0.974183
94	91	0.97773
94	101	0.97179
94	136	1.04983
94	147	1.03346
94	159	0.966682
94	165	0.978662
94	167	1.01013
94	175	1.02073
94	177	0.989228
95	28	0.846295
95	74	0.983717
95	75	1.09513
95	83	0.97331
95	88	0.984112
95	97	0.993092
95	98	1.0338
95	106	1.06491
95	110	1.05861
95	115	0.961429
95	135	1.00339
95	140	0.956353
95	149	0.998859
95	151	1.01925
95	156	0.983032
95	161	1.02384
95	162	1.08435
95	167	1.00946
95	168	1.01031
95	170	0.968534
95	172	0.98296
95	177	0.96589
96	10	1.02142
96	26	1.07205
96	40	1.07567
96	86	1.03834
96	109	0.957338
96	122	1.06632
96	141	0.981622
96	155	1.00114
96	157	0.997133
96	159	0.999499
96	161	1.04184
96	164	1.02776
96	169	1.02623
96	171	1.02946
96	172	0.972071
96	173	0.987996
96	174	0.958683
96	175	0.969099
96	176	0.975048
96	177	0.981637
96	178	0.973703
96	179	0.982554
96	180	0.857146
97	40	0.990787
97	75	1.0647
97	76	0.968877
97	84	1.0928
97	95	0.993092
97	103	0.943233
97	110	1.02817
97	113	0.956748
97	117	0.974044
97	128	0.966288
97	135	0.972953
97	136	0.973079
97	140	1.00673
97	143	0.98785
97	150	1.06785
97	151	0.988811
97	158	1.00762
97	161	0.9934
97	167	0.979019
97	168	0.979867
97	176	1.02663
97	177	1.01627
97	179	1.02793
98	10	1.03036
98	35	0.961925
98	51	0.948605
98	95	1.0338
98	101	1.02158
98	109	0.966283
98	137	1.00585
98	141	0.990567
98	148	0.998927
98	149	1.07199
98	150	0.984143
98	157	1.00532
98	160	1.04635
98	164	1.03595
98	166	0.980549
98	169	1.03442
98	172	0.981016
98	174	0.967628
98	175	0.978043
98	176	0.983993
98	177	0.990581
98	178	0.982647
98	179	0.991498
99	8	1.08136
99	15	1.08428
99	26	1.02416
99	33	1.10251
99	47	0.95031
99	66	1.06298
99	76	0.989873
99	79	1.08922
99	80	1.08422
99	81	1.05217
99	87	1.00718
99	93	1.0535
99	100	0.917239
99	105	0.920314
99	111	1.01435
99	114	1.05435
99	127	0.955483
99	133	0.916261
99	136	1.08978
99	165	0.908532
99	174	0.974713
99	179	0.93076
99	180	0.745408
100	12	0.940351
100	50	1.05246
100	99	0.917239
100	101	0.951817
100	128	1.02937
100	129	1.06101
100	133	1.03239
100	138	0.970069
100	140	0.959719
100	145	1.06447
100	148	1.0324
100	153	0.997183
100	159	1.04192
100	160	0.976578
100	163	1.02785
100	172	1.01449
100	173	1.03042
100	174	1.0011
100	175	1.01152
100	176	1.01747
100	177	1.02406
100	178	1.01612
100	179	1.02497
100	180	0.795565
101	10	0.931124
101	14	1.0433
101	48	0.950719
101	58	0.860815
101	78	1.05467
101	94	0.97179
101	98	1.02158
101	100	0.951817
101	118	1.02114
101	123	1.01085
101	131	0.987678
101	138	1.03597
101	149	1.00388
101	153	1.01644
101	154	1.00772
101	163	0.93474
101	164	1.01716
101	165	1.02723
101	167	0.974574
101	170	1.03254
101	171	1.01473
101	178	0.973002
101	179	0.965338
101	180	1.19711
102	34	1.06146
102	65	0.983241
102	75	1.10826
102	76	1.01244
102	83	0.986432
102	85	0.914255
102	103	0.986793
102	116	0.985649
102	128	1.00985
102	130	0.997173
102	139	0.948542
102	141	0.986302
102	146	1.02157
102	160	1.04992
102	161	1.03696
102	162	1.09747
102	165	0.950508
102	167	1.02258
102	168	1.02343
102	169	0.956468
102	170	0.963718
102	171	0.959694
102	172	0.978145
102	177	0.961074
103	22	1.1
103	30	0.900231
103	31	1.00668
103	49	0.938296
103	97	0.943233
103	102	0.986793
103	112	1.0059
103	116	0.922668
103	117	0.954623
103	123	1.06554
103	128	0.946867
103	130	0.934191
103	132	1.08243
103	133	1.06148
103	146	0.95859
103	147	1.05626
103	152	1.09984
103	160	0.986941
103	161	0.973979
103	165	1.05375
103	166	1.02684
103	167	0.959598
103	168	0.960446
103	172	1.08138
104	42	1.04184
104	45	0.997705
104	50	0.992188
104	64	1.06352
104	65	0.989677
104	72	1.02847
104	91	1.03574
104	110	1.07243
104	113	1.00101
104	115	0.975253
104	117	1.01831
104	125	0.888666
104	128	1.01055
104	135	1.01722
104	143	0.939092
104	146	1.02227
104	149	1.00048
104	151	1.03307
104	155	0.943697
104	161	1.03766
104	166	1.09052
104	168	1.02413
104	178	0.986836
104	180	0.79382
105	17	1.16502
105	68	0.960726
105	72	1.01568
105	75	0.867687
105	99	0.920314
105	120	0.96627
105	125	1.09649
105	134	1.02417
105	148	1.03948
105	156	0.989472
105	157	0.938627
105	158	1.04198
105	159	1.049
105	166	0.913856
105	168	1.00795
105	172	1.02157
105	173	1.0375
105	174	1.00818
105	175	1.0186
105	176	1.02455
105	177	1.03114
105	178	1.0232
105	179	1.03205
105	180	0.79864
106	37	1.00739
106	46	1.11759
106	95	1.06491
106	125	1.02084
106	127	0.950462
106	129	0.992438
106	130	1.12448
106	132	0.965574
106	148	0.963835
106	150	0.949051
106	153	1.09806
106	157	1.03643
106	158	0.966328
106	162	0.987862
106	164	1.06706
106	167	1.09103
106	172	0.945923
106	173	0.961848
106	174	0.932535
106	175	0.942951
106	176	0.9489
106	177	0.955489
106	178	0.947555
106	179	0.956406
107	36	1.03544
107	62	1.13083
107	77	0.957238
107	108	0.993541
107	109	1.03931
107	124	0.999544
107	126	0.97381
107	135	1.02469
107	140	0.996918
107	142	0.979927
107	144	0.946856
107	145	0.952923
107	151	0.979074
107	152	0.954283
107	153	0.992887
107	154	0.984167
107	156	0.983433
107	163	0.950816
107	165	1.00367
107	169	0.997934
107	170	1.00898
107	171	0.991171
107	173	0.969138
107	178	0.989079
107	180	1.17355
108	2	1.0053
108	4	1.01808
108	19	1.02916
108	53	0.940627
108	58	0.904776
108	59	1.10313
108	71	1.06125
108	107	0.993541
108	119	0.926494
108	121	1.02028
108	129	0.967035
108	131	0.975839
108	140	1.00863
108	141	1.02287
108	144	0.958572
108	153	1.0046
108	155	0.973824
108	156	0.995149
108	157	1.02403
108	164	1.00532
108	165	1.01539
108	170	1.0207
108	171	1.00289
108	172	1.01471
108	178	1.01696
109	12	1.01177
109	96	0.957338
109	98	0.966283
109	107	1.03931
109	114	1.00127
109	130	1.09501
109	133	0.978552
109	136	0.997481
109	138	1.04148
109	139	0.989774
109	143	1.00201
109	145	1.01062
109	148	0.978559
109	151	1.04999
109	155	0.989713
109	159	0.988075
109	168	1.07629
109	169	1.03606
109	170	1.04331
109	172	0.960647
109	173	0.976572
109	174	0.947259
109	175	0.957675
109	176	0.963624
109	178	0.962279
109	179	0.97113
110	30	0.985167
110	31	1.09162
110	63	0.974994
110	67	0.959922
110	87	1.04102
110	95	1.05861
110	97	1.02817
110	104	1.07243
110	113	1.02226
110	119	0.898299
110	120	0.963383
110	123	0.970667
110	128	1.0318
110	129	0.93884
110	130	1.01913
110	134	1.04078
110	136	0.926254
110	137	0.963126
110	151	1.05433
110	159	0.946897
110	160	1.07188
110	161	1.05891
110	167	1.04453
110	168	1.04538
110	175	1.00095
110	180	0.795753
111	8	0.988028
111	15	0.990951
111	26	0.93083
111	33	1.00917
111	48	1.11839
111	57	1.04118
111	59	0.926574
111	66	0.969645
111	79	0.995883
111	80	0.990891
111	81	0.958842
111	85	0.978038
111	87	0.913847
111	93	0.960163
111	99	1.01435
111	114	0.961016
111	118	0.952162
111	123	1.02608
111	136	0.996451
111	139	1.01232
111	141	1.05008
111	153	1.05279
111	169	1.02025
111	171	1.02348
111	172	1.04193
111	174	1.08047
112	4	0.933141
112	19	1.05458
112	41	1.0001
112	56	0.970272
112	90	1.00651
112	103	1.0059
112	118	0.980159
112	120	1.03774
112	121	1.0457
112	123	1.02443
112	126	0.916755
112	131	1.00126
112	138	1.04955
112	140	1.03405
112	145	0.895868
112	150	0.964278
112	154	1.0213
112	160	0.920021
112	165	1.04081
112	168	0.948315
112	169	1.03507
112	170	1.04612
112	171	1.02831
112	177	0.912699
112	179	0.924359
112	180	1.21069
113	30	0.913747
113	40	0.984881
113	49	0.951812
113	50	0.94202
113	76	0.962972
113	91	1.09475
113	97	0.956748
113	104	1.00101
113	110	1.02226
113	117	0.968139
113	122	1.06201
113	123	1.02775
113	134	0.969357
113	135	0.967048
113	137	1.0202
113	146	0.972106
113	152	1.06205
113	156	1.04366
113	157	0.992818
113	158	1.01788
113	160	1.00046
113	166	1.04036
113	167	0.973113
113	168	0.973961
113	178	1.04585
113	179	1.03818
114	8	1.02803
114	15	1.03095
114	26	0.970828
114	33	1.04917
114	43	1.19109
114	54	1.04292
114	57	1.08118
114	59	0.966573
114	66	1.00964
114	79	1.03588
114	80	1.03089
114	81	0.99884
114	84	1.00825
114	87	0.953845
114	93	1.00016
114	99	1.05435
114	109	1.00127
114	111	0.961016
114	118	0.992161
114	119	0.860575
114	132	0.949832
114	136	1.03645
114	168	0.967336
114	169	0.927113
114	175	0.963224
114	178	0.951045
114	179	0.94338
115	27	1.16375
115	42	0.96591
115	58	0.988237
115	62	0.888878
115	64	0.987591
115	76	0.937214
115	95	0.961429
115	104	0.975253
115	116	0.910426
115	117	0.942381
115	128	0.934625
115	133	1.07826
115	134	0.943599
115	135	0.94129
115	142	1.11324
115	151	0.957148
115	158	1.07245
115	159	1.05855
115	160	0.974699
115	161	0.961737
115	162	1.02224
115	163	1.06216
115	167	0.947356
115	168	0.948204
115	169	1.07649
115	178	1.10042
115	179	1.09276
116	25	0.944383
116	42	0.977008
116	50	0.92736
116	51	1.13812
116	62	0.899976
116	71	0.92742
116	76	0.948312
116	86	1.03576
116	88	0.933108
116	102	0.985649
116	103	0.922668
116	115	0.910426
116	119	1.00271
116	128	0.945723
116	151	0.968246
116	152	1.10938
116	160	0.985797
116	161	0.972835
116	162	1.03334
116	167	0.958454
116	168	0.959302
116	170	1.0765
116	173	1.07324
116	174	1.12947
116	176	1.08421
116	177	1.07385
116	179	1.08551
117	45	1.05336
117	62	0.931931
117	65	1.04533
117	74	0.96467
117	97	0.974044
117	103	0.954623
117	104	1.01831
117	113	0.968139
117	115	0.942381
117	118	1.09062
117	123	1.02439
117	128	0.977678
117	129	0.992559
117	130	0.965003
117	134	0.986653
117	137	1.01685
117	146	0.989402
117	148	1.02991
117	160	1.01775
117	161	1.00479
117	162	1.0653
117	166	1.05765
117	167	0.99041
117	168	0.991258
117	169	1.01856
117	175	1.05467
117	176	1.03353
117	180	0.849472
118	20	0.894781
118	38	1.06045
118	59	0.957719
118	79	1.02703
118	80	1.02204
118	81	0.989986
118	87	0.944992
118	101	1.02114
118	111	0.952162
118	112	0.980159
118	114	0.992161
118	117	1.09062
118	120	1.03251
118	136	1.0276
118	137	1.00418
118	144	1.1136
118	156	1.05572
118	157	1.00487
118	158	0.999749
118	168	1.07419
118	172	0.979344
118	173	0.995269
118	174	0.965956
118	176	0.982321
118	177	0.98891
118	178	0.980975
118	179	0.989827
118	180	0.864884
119	58	1.11941
119	71	0.963583
119	77	0.95724
119	82	0.919794
119	84	1.02198
119	108	0.926494
119	110	0.898299
119	114	0.860575
119	116	1.00271
119	130	0.954312
119	139	1.06779
119	141	1.04821
119	146	0.960997
119	148	1.05657
119	152	1.01434
119	155	1.06773
119	158	1.05906
119	159	1.06609
119	167	0.920868
119	168	0.935588
119	169	0.895365
119	172	1.03866
119	174	1.02527
119	175	1.03569
119	176	1.04164
119	177	1.04822
119	178	1.04029
119	179	1.04914
120	10	0.942502
120	21	0.961302
120	37	1.06008
120	92	1.02631
120	105	0.96627
120	110	0.963383
120	112	1.03774
120	118	1.03251
120	121	1.02734
120	122	1.01265
120	129	0.934451
120	136	0.921865
120	140	1.01569
120	149	0.999097
120	150	1.01663
120	152	0.97306
120	154	1.00294
120	156	1.00221
120	159	0.942508
120	163	0.946117
120	164	1.01238
120	165	1.02245
120	169	1.01671
120	170	1.02776
120	171	1.00995
120	172	0.982125
120	178	0.98438
120	179	0.976716
120	180	1.19233
121	12	1.04716
121	18	1.04251
121	23	1.08852
121	28	0.827698
121	30	1.13649
121	35	1.04332
121	57	0.917116
121	61	1.01971
121	70	0.933053
121	108	1.02028
121	112	1.0457
121	120	1.02734
121	140	1.02365
121	142	1.00666
121	144	0.973592
121	150	0.998872
121	154	1.0109
121	156	1.01017
121	158	0.938647
121	164	1.02034
121	165	1.03041
121	166	0.888819
121	167	0.96819
121	169	1.02467
121	170	1.03572
121	171	1.01791
121	174	1.00291
121	176	0.957655
121	177	0.947293
122	18	1.02782
122	54	0.952665
122	77	0.969292
122	79	0.969458
122	92	1.01958
122	96	1.06632
122	113	1.06201
122	120	1.01265
122	125	0.927755
122	131	0.976176
122	133	1.00376
122	137	1.00028
122	138	1.02447
122	142	0.991981
122	149	0.992374
122	152	0.966337
122	153	1.00494
122	154	0.996221
122	156	0.995487
122	157	1.02436
122	158	0.997953
122	162	0.924326
122	164	1.00566
122	165	1.01573
122	167	1.0275
122	170	1.02103
122	171	1.00323
122	173	1.00598
122	176	1.01696
122	177	1.0066
123	26	1.01355
123	48	0.932637
123	73	1.02423
123	79	0.935198
123	83	1.04401
123	101	1.01085
123	103	1.06554
123	110	0.970667
123	111	1.02608
123	112	1.02443
123	113	1.02775
123	117	1.02439
123	132	1.00373
123	144	0.952329
123	150	0.987203
123	153	0.99836
123	156	0.988906
123	161	0.983346
123	162	0.890066
123	163	0.997438
123	165	1.00915
123	167	0.993236
123	169	1.00341
123	174	0.970688
123	175	0.981103
123	176	0.987053
123	177	0.993642
123	178	0.985707
123	179	0.994558
123	180	1.17903
124	18	0.920034
124	24	1.03558
124	31	1.03694
124	48	1.09444
124	53	1.09512
124	61	0.999146
124	73	1.0528
124	107	0.999544
124	126	0.995027
124	133	0.997755
124	135	0.983786
124	136	0.957716
124	139	1.00898
124	146	0.988844
124	151	0.999644
124	154	1.02033
124	160	1.0172
124	161	1.00423
124	163	0.993212
124	164	0.997834
124	166	1.05709
124	167	0.989852
124	168	0.9907
124	169	0.996299
124	172	0.97985
124	173	0.995775
124	177	0.989416
124	178	0.981481
124	179	0.990333
124	180	0.827215
125	32	0.872404
125	33	0.834297
125	43	1.15164
125	48	0.985807
125	51	1.01788
125	104	0.888666
125	105	1.09649
125	106	1.02084
125	122	0.927755
125	126	1.06547
125	130	0.946612
125	132	1.06995
125	137	1.07513
125	153	0.920199
125	154	0.911692
125	155	1.07936
125	157	0.858568
125	158	1.0707
125	159	1.07772
125	167	0.913168
125	169	0.887665
125	170	0.894914
125	172	1.0503
125	173	1.06622
125	174	1.03691
125	175	1.04732
125	176	1.05327
125	177	1.05986
125	178	1.05193
125	179	1.06078
126	11	0.90841
126	48	1.06871
126	77	1.03244
126	84	0.973877
126	87	1.04675
126	107	0.97381
126	112	0.916755
126	124	0.995027
126	125	1.06547
126	129	1.03707
126	130	1.02951
126	133	1.00846
126	140	0.965635
126	142	1.00732
126	145	1.04053
126	149	1.00814
126	150	0.993685
126	158	1.01096
126	159	1.01799
126	160	0.982495
126	165	0.964605
126	167	0.996069
126	172	0.990558
126	173	1.00648
126	174	0.977169
126	175	0.987585
126	176	0.993535
126	177	1.00012
126	178	0.992189
126	179	1.00104
127	12	0.978595
127	14	0.968653
127	25	1.0642
127	55	1.10412
127	58	1.06067
127	75	0.902856
127	85	1.0462
127	86	1.04619
127	99	0.955483
127	106	0.950462
127	132	0.99957
127	134	1.05934
127	136	0.96431
127	141	0.98947
127	145	1.02989
127	146	1.06852
127	155	1.00898
127	158	1.00032
127	159	1.00735
127	162	0.925227
127	163	0.993281
127	165	0.996933
127	171	1.00612
127	172	0.979919
127	174	0.966531
127	175	0.976947
127	176	0.982896
127	177	0.989485
127	178	0.98155
127	179	0.990402
128	6	1.01932
128	34	1.02154
128	62	0.924175
128	63	0.913113
128	67	1.02171
128	86	0.993135
128	97	0.966288
128	100	1.02937
128	102	1.00985
128	103	0.946867
128	104	1.01055
128	110	1.0318
128	115	0.934625
128	116	0.945723
128	117	0.977678
128	130	0.957247
128	132	1.04934
128	135	0.976587
128	143	1.00281
128	146	0.981645
128	147	1.02317
128	151	0.992445
128	152	1.06675
128	154	1.05065
128	159	1.00868
128	160	1.01
128	161	0.997034
128	164	1.02816
128	168	0.983501
128	172	1.0483
128	174	1.08684
129	87	1.01209
129	88	1.03189
129	93	0.923832
129	100	1.06101
129	106	0.992438
129	108	0.967035
129	110	0.93884
129	117	0.992559
129	120	0.934451
129	126	1.03707
129	132	1.04155
129	133	1.0398
129	136	0.897323
129	147	1.05378
129	148	1.03981
129	150	1.02502
129	153	0.96844
129	155	1.05096
129	156	0.957653
129	158	1.0423
129	159	1.04932
129	161	0.951519
129	166	0.882038
129	169	0.935906
129	172	1.0219
129	173	1.03782
129	174	1.00851
129	175	1.01892
129	176	1.02487
129	177	1.03146
129	178	1.02353
130	32	1.00559
130	42	0.988531
130	63	0.900438
130	64	1.01021
130	68	1.21277
130	73	1.07735
130	88	0.944632
130	102	0.997173
130	103	0.934191
130	106	1.12448
130	109	1.09501
130	110	1.01913
130	117	0.965003
130	119	0.954312
130	125	0.946612
130	126	1.02951
130	128	0.957247
130	132	1.04357
130	134	0.966221
130	135	0.963912
130	146	0.96897
130	151	0.97977
130	160	0.997321
130	161	0.984359
130	162	1.04487
130	166	1.03722
130	167	0.969978
130	168	0.970826
130	177	1.02546
130	179	1.03712
130	180	0.851766
131	19	0.999738
131	44	0.973519
131	47	0.972942
131	52	0.990528
131	59	1.12877
131	63	1.16551
131	86	0.985182
131	101	0.987678
131	108	0.975839
131	112	1.00126
131	122	0.976176
131	137	1.01696
131	140	0.979216
131	142	0.962225
131	143	0.994857
131	147	1.01522
131	149	0.962618
131	153	0.975184
131	154	0.966465
131	156	0.965731
131	157	0.994608
131	162	0.941002
131	164	0.975906
131	165	0.985973
131	168	1.05889
131	169	0.980232
131	170	0.991278
131	171	0.973469
131	176	1.03364
131	178	1.0426
131	179	1.03494
132	12	0.960324
132	64	0.971486
132	80	0.948111
132	103	1.08243
132	106	0.965574
132	114	0.949832
132	123	1.00373
132	125	1.06995
132	127	0.99957
132	128	1.04934
132	129	1.04155
132	130	1.04357
132	139	1.02416
132	143	1.03639
132	144	1.06425
132	145	1.04501
132	150	0.998159
132	152	0.970712
132	155	1.0241
132	158	1.01544
132	161	1.00024
132	163	1.00839
132	164	0.986157
132	166	0.930755
132	170	0.991872
132	173	1.01096
132	174	0.981643
132	176	0.998009
132	177	1.0046
132	178	0.996663
132	179	1.00551
132	180	0.815538
133	32	0.948411
133	45	1.01143
133	55	1.0649
133	65	1.02968
133	99	0.916261
133	100	1.03239
133	103	1.06148
133	109	0.978552
133	115	1.07826
133	122	1.00376
133	124	0.997755
133	126	1.00846
133	129	1.0398
133	135	1.02322
133	137	1.01812
133	139	1.02241
133	141	1.00284
133	143	1.03465
133	146	1.0293
133	151	0.977598
133	155	1.02235
133	159	1.02071
133	164	0.965206
133	169	0.963671
133	171	0.966897
133	173	1.00921
133	174	0.979897
133	175	0.990313
133	177	1.00285
133	178	0.994916
133	179	1.00377
133	180	0.794586
134	15	0.996009
134	25	0.977557
134	30	0.932261
134	40	1.0034
134	50	0.960534
134	71	0.960593
134	75	1.0773
134	83	0.95548
134	88	0.966281
134	92	1.01608
134	105	1.02417
134	110	1.04078
134	113	0.969357
134	115	0.943599
134	117	0.986653
134	127	1.05934
134	130	0.966221
134	138	1.02377
134	146	0.99062
134	148	1.0297
134	151	1.00142
134	158	1.01431
134	160	1.01897
134	161	1.00601
134	166	1.05887
134	167	0.991627
134	168	0.992475
134	169	1.01835
134	172	1.04002
134	173	1.02234
134	174	1.07857
134	176	1.03331
134	180	0.849262
135	15	0.99911
135	34	1.0282
135	36	0.933858
135	40	1.00109
135	64	1.02955
135	70	1.01181
135	71	0.958284
135	74	0.963578
135	76	0.979177
135	78	0.97562
135	82	1.04588
135	88	0.963973
135	95	1.00339
135	97	0.972953
135	104	1.01722
135	107	1.02469
135	113	0.967048
135	115	0.94129
135	124	0.983786
135	128	0.976587
135	130	0.963912
135	133	1.02322
135	137	1.01974
135	146	0.988311
135	151	0.999111
135	160	1.01666
135	165	1.01549
