1	11	1.08707
1	57	1.37038
1	83	1.17651
1	91	1.15546
1	99	1.20867
1	102	1.18597
1	103	1.19808
1	107	1.21391
1	117	0.680431
1	150	0.74029
1	172	1.00989
1	179	1.26876
2	105	1.20294
2	108	1.23378
2	111	1.15509
2	113	1.21899
2	116	1.19801
2	119	1.22158
2	140	0.928313
2	149	0.875142
2	150	1.12767
2	152	0.819016
2	155	1.23309
2	156	1.06111
3	70	1.06089
3	73	1.13472
3	82	1.06907
3	90	1.12607
3	92	1.03887
3	97	1.09577
3	127	1.1382
3	139	0.990627
3	156	1.16718
3	160	0.981904
3	161	1.23282
3	173	0.982527
4	60	1.23768
4	71	1.16776
4	82	1.22276
4	90	1.27975
4	92	1.19255
4	97	1.24946
4	124	0.97501
4	138	0.817058
4	139	1.14431
4	142	0.799434
4	169	1.0746
4	173	1.13621
5	7	1.13587
5	24	1.07745
5	43	1.04433
5	44	1.04737
5	47	1.04476
5	50	0.914929
5	56	1.1303
5	77	1.08841
5	93	0.937673
5	129	1.06674
5	149	1.00083
5	158	1.45476
6	13	1.1742
6	14	1.30981
6	27	1.11737
6	31	1.23923
6	69	1.12005
6	81	1.17416
6	145	0.494014
6	151	1.3012
6	160	1.19109
6	164	1.0907
6	171	1.27804
6	180	0.884187
7	5	1.13587
7	20	1.2286
7	24	1.23079
7	46	1.21946
7	47	1.1981
7	77	1.24175
7	129	1.22008
7	149	1.15417
7	157	0.632057
7	165	0.793254
7	174	0.676806
7	177	1.62131
8	21	1.24524
8	55	1.17554
8	62	1.14712
8	65	1.14627
8	67	1.21918
8	78	1.25642
8	79	1.25652
8	122	0.828515
8	132	0.956126
8	140	0.885276
8	156	1.01808
8	175	1.16946
9	17	0.202772
9	111	0.38824
9	113	0.254318
9	119	0.269097
9	135	1.20116
9	143	1.32208
9	144	1.2175
9	159	1.1708
9	169	1.23891
9	178	1.12714
9	179	1.15863
9	180	1.16573
10	12	1.26152
10	48	1.19087
10	49	1.18413
10	74	1.26572
10	86	1.22532
10	123	1.13883
10	132	0.426865
10	146	0.349135
10	162	1.20554
10	176	1.1483
10	177	1.46149
10	178	1.50248
11	1	1.08707
11	38	1.06975
11	84	1.06369
11	85	1.05062
11	91	1.02533
11	99	1.07854
11	102	1.05584
11	103	1.06795
11	107	1.08377
11	141	1.0499
11	162	0.877982
11	174	1.40298
12	10	1.26152
12	28	1.26075
12	34	1.21905
12	74	1.24776
12	120	1.19432
12	123	1.12087
12	124	0.664381
12	133	0.966954
12	136	0.729085
12	162	1.18758
12	176	1.13033
12	179	1.32714
13	6	1.1742
13	25	1.09085
13	26	1.10538
13	27	0.957146
13	52	1.11263
13	61	1.11549
13	69	0.959832
13	81	1.01394
13	93	0.942449
13	139	1.26379
13	151	1.14098
13	160	1.03086
14	6	1.30981
14	19	1.2726
14	27	1.09275
14	52	1.24824
14	69	1.09544
14	81	1.14955
14	137	0.825171
14	151	1.27659
14	153	1.03607
14	160	1.16647
14	162	0.682513
14	169	1.09612
15	96	1.16557
15	104	1.23155
15	109	1.23793
15	110	1.23117
15	114	1.24029
15	115	1.20938
15	121	0.678045
15	144	0.998247
15	155	1.23931
15	156	0.892567
15	164	1.04144
15	172	1.11365
16	54	1.02132
16	64	1.09065
16	85	1.06496
16	91	1.03967
16	94	1.03201
16	99	1.09288
16	102	1.07018
16	103	1.08229
16	107	1.09811
16	127	0.722976
16	133	1.40652
16	150	1.23824
17	9	0.202772
17	100	1.22813
17	105	1.18708
17	108	1.21792
17	113	1.20313
17	116	1.18215
17	119	1.20572
17	141	1.16072
17	146	0.75959
17	147	0.77907
17	155	1.21723
17	164	1.65117
18	58	0.425158
18	96	1.17846
18	101	1.25191
18	110	1.24406
18	112	1.25228
18	115	1.22227
18	136	1.14578
18	152	0.910614
18	155	1.2522
18	160	0.967437
18	164	1.05432
18	172	1.3738
19	14	1.2726
19	31	1.20202
19	36	1.22709
19	61	1.2385
19	69	1.08284
19	81	1.13695
19	125	1.16573
19	126	0.653713
19	151	1.26399
19	160	1.15388
19	166	0.916395
19	174	0.953013
20	7	1.2286
20	24	1.17017
20	39	1.17023
20	43	1.13706
20	44	1.1401
20	46	1.15885
20	77	1.18114
20	129	1.15947
20	137	0.800319
20	141	0.829583
20	148	1.01881
20	149	1.09355
20	170	1.24423
21	8	1.24524
21	29	1.18856
21	42	1.16047
21	58	0.513849
21	62	1.08716
21	65	1.08631
21	67	1.15922
21	78	1.19646
21	79	1.19656
21	129	0.940135
21	136	1.12331
21	174	1.26957
21	175	1.1095
22	100	1.19522
22	105	1.15417
22	108	1.18501
22	111	1.10633
22	113	1.17023
22	116	1.14924
22	119	1.17281
22	130	0.58425
22	134	0.65101
22	150	1.0789
22	155	1.18433
22	168	1.02892
22	177	1.67002
23	100	1.0746
23	105	1.03354
23	111	0.985701
23	113	1.0496
23	116	1.02861
23	119	1.05219
23	120	1.0399
23	129	1.03344
23	140	1.2019
23	150	0.958278
23	151	1.10134
23	155	1.0637
23	157	1.31813
24	5	1.07745
24	7	1.23079
24	20	1.17017
24	43	1.13925
24	47	1.13967
24	56	1.22522
24	77	1.18333
24	124	1.04916
24	127	0.668182
24	129	1.16166
24	142	0.873581
24	149	1.09574
24	174	1.26013
25	13	1.09085
25	31	0.458243
25	73	0.363207
25	132	1.08281
25	134	1.09333
25	143	1.13107
25	148	1.0921
25	156	1.08422
25	172	1.01321
25	173	1.05403
25	177	0.950042
25	178	0.936129
25	180	0.974718
26	13	1.10538
26	30	1.20218
26	31	1.17041
26	36	1.19547
26	61	1.20688
26	69	1.05123
26	81	1.10534
26	124	0.782969
26	141	0.640868
26	151	1.23238
26	160	1.12226
26	162	0.468946
26	178	1.97944
27	6	1.11737
27	13	0.957146
27	14	1.09275
27	30	1.05394
27	36	1.04724
27	52	1.05579
27	61	1.05865
27	81	0.957103
27	142	0.862395
27	151	1.08414
27	160	0.974029
27	168	1.55234
27	169	1.13756
28	12	1.26075
28	49	1.18336
28	51	1.18872
28	74	1.26495
28	120	1.21152
28	123	1.13806
28	130	0.715516
28	133	0.948389
28	161	0.894261
28	162	1.20477
28	168	1.16018
28	176	1.14753
29	21	1.18856
29	45	1.16163
29	55	1.11886
29	65	1.08959
29	67	1.1625
29	78	1.19975
29	79	1.19984
29	84	1.18114
29	130	0.771992
29	148	0.749421
29	158	0.843602
29	164	1.53708
29	175	1.11278
30	26	1.20218
30	27	1.05394
30	31	1.17581
30	36	1.20087
30	61	1.21228
30	69	1.05663
30	72	0.999545
30	81	1.11073
30	130	0.963374
30	136	0.958379
30	151	1.23777
30	153	0.933204
30	160	1.12766
31	6	1.23923
31	19	1.20202
31	25	0.458243
31	26	1.17041
31	30	1.17581
31	61	1.18052
31	69	1.02486
31	81	1.07897
31	129	0.567152
31	148	0.732747
31	151	1.20601
31	160	1.09589
31	177	1.84109
32	35	0.741773
32	69	1.18551
32	72	0.995088
32	98	0.988712
32	124	1.04136
32	142	1.05786
32	166	0.968673
32	167	0.935136
32	168	0.927859
32	177	0.865876
32	178	0.851963
32	179	0.883453
32	180	0.890552
33	66	1.18189
33	105	1.15541
33	108	1.18625
33	111	1.10757
33	116	1.15048
33	117	0.692834
33	119	1.17406
33	128	1.14496
33	130	0.992823
33	132	1.04397
33	150	1.08015
33	151	1.22321
33	161	1.17157
34	12	1.21905
34	48	1.1484
34	49	1.14166
34	51	1.14701
34	74	1.22325
34	98	0.893099
34	120	1.16981
34	123	1.09636
34	131	0.508886
34	162	1.16307
34	170	0.802155
34	176	1.10582
34	178	1.72608
35	32	0.741773
35	100	1.19034
35	108	1.18013
35	111	1.10145
35	113	1.16535
35	116	1.14436
35	119	1.16794
35	120	1.15565
35	150	1.07403
35	151	1.21709
35	163	0.937493
35	164	1.2833
35	166	0.622868
36	19	1.22709
36	26	1.19547
36	27	1.04724
36	30	1.20087
36	52	1.20272
36	69	1.04992
36	81	1.10403
36	98	0.948594
36	131	0.56438
36	151	1.23107
36	160	1.12096
36	176	0.631884
36	178	1.78157
37	88	1.19443
37	104	1.18815
37	109	1.19453
37	110	1.18777
37	112	1.19599
37	114	1.19689
37	115	1.16598
37	135	1.21146
37	140	1.08702
37	149	0.778483
37	164	0.998038
37	167	1.10111
37	175	0.784691
38	11	1.06975
38	64	1.18912
38	75	1.10969
38	83	1.15918
38	94	1.13047
38	99	1.19134
38	102	1.16864
38	103	1.18075
38	107	1.19658
38	156	0.500843
38	165	0.64546
38	171	1.34017
38	177	1.47351
39	20	1.17023
39	43	1.1393
39	44	1.14234
39	46	1.1611
39	47	1.13973
39	56	1.22527
39	77	1.18338
39	80	1.18617
39	121	0.567117
39	134	1.04596
39	147	0.872193
39	149	1.0958
39	163	1.39848
40	58	0.580692
40	60	1.17468
40	70	1.15158
40	71	1.10476
40	76	1.2235
40	82	1.15975
40	92	1.12955
40	97	1.18646
40	127	1.22889
40	158	1.26675
40	162	0.811422
40	173	1.07321
40	176	1.17223
41	59	0.736785
41	88	1.15179
41	96	1.07954
41	101	1.15299
41	104	1.14552
41	110	1.14514
41	112	1.15336
41	114	1.15426
41	115	1.12335
41	142	0.877261
41	155	1.15328
41	164	0.955407
41	173	1.16861
41	174	1.26381
42	21	1.16047
42	45	1.13353
42	55	1.09076
42	62	1.06234
42	65	1.0615
42	67	1.1344
42	78	1.17165
42	79	1.17174
42	86	1.15341
42	93	0.669629
42	118	1.00442
42	158	1.18672
42	169	1.145
42	175	1.08469
43	5	1.04433
43	20	1.13706
43	24	1.13925
43	39	1.1393
43	44	1.10917
43	47	1.10656
43	56	1.1921
43	77	1.15021
43	80	1.153
43	87	0.776865
43	148	1.22208
43	149	1.06263
43	162	0.860931
43	175	1.17799
44	5	1.04737
44	20	1.1401
44	39	1.14234
44	43	1.10917
44	46	1.13096
44	47	1.1096
44	56	1.19514
44	77	1.15325
44	125	1.28022
44	129	1.13158
44	138	0.698578
44	149	1.06567
44	172	1.26042
44	175	0.859568
45	29	1.16163
45	42	1.13353
45	55	1.08864
45	62	1.06022
45	65	1.05937
45	67	1.13228
45	78	1.16953
45	79	1.16962
45	84	1.15092
45	139	0.741777
45	152	0.736916
45	163	1.28519
45	168	1.31058
45	175	1.08256
46	7	1.21946
46	20	1.15885
46	39	1.1611
46	44	1.13096
46	47	1.12835
46	56	1.2139
46	77	1.172
46	124	0.579907
46	129	1.15033
46	134	0.716366
46	149	1.08442
46	159	1.40135
46	180	1.20819
47	5	1.04476
47	7	1.1981
47	24	1.13967
47	39	1.13973
47	43	1.10656
47	44	1.1096
47	46	1.12835
47	77	1.15064
47	129	1.12897
47	135	1.06721
47	149	1.06305
47	150	0.7717
47	164	1.4722
47	166	0.811762
48	10	1.19087
48	34	1.1484
48	49	1.09552
48	51	1.10087
48	74	1.17711
48	86	1.13671
48	120	1.12367
48	123	1.05021
48	124	0.975196
48	132	1.09605
48	136	1.0399
48	160	0.972721
48	162	1.11692
48	176	1.05968
49	10	1.18413
49	28	1.18336
49	34	1.14166
49	48	1.09552
49	51	1.09413
49	74	1.17037
49	120	1.11693
49	123	1.04347
49	125	1.23797
49	139	0.759844
49	152	0.754984
49	162	1.11018
49	168	1.32865
49	176	1.05294
50	5	0.914929
50	52	0.333625
50	56	0.161675
50	99	0.386948
50	132	1.18043
50	146	1.24172
50	168	1.10965
50	169	1.14552
50	174	1.12139
50	176	1.17277
50	177	1.04766
50	178	1.03375
50	179	1.06524
50	180	1.07234
51	28	1.18872
51	34	1.14701
51	48	1.10087
51	49	1.09413
51	74	1.17573
51	86	1.13532
51	120	1.12229
51	121	0.844376
51	123	1.04883
51	137	1.0154
51	138	1.02881
51	149	1.18359
51	162	1.11554
51	176	1.0583
52	13	1.11263
52	14	1.24824
52	27	1.05579
52	36	1.20272
52	50	0.333625
52	61	1.21413
52	69	1.05848
52	81	1.11259
52	122	0.725388
52	148	0.779278
52	151	1.23963
52	160	1.12951
52	171	1.75428
53	101	1.13234
53	104	1.12486
53	109	1.13124
53	110	1.12449
53	112	1.13271
53	114	1.1336
53	115	1.1027
53	136	1.02621
53	140	1.02374
53	142	0.691332
53	152	0.807611
53	155	1.13263
53	164	0.934754
53	171	1.88904
53	176	0.913689
54	16	1.02132
54	75	1.04693
54	83	1.09642
54	85	1.10066
54	91	1.07537
54	94	1.06771
54	99	1.12858
54	102	1.10588
54	103	1.11799
54	107	1.13381
54	128	1.08425
54	143	0.804901
54	152	0.849365
54	165	1.23608
54	168	1.42303
55	8	1.17554
55	29	1.11886
55	42	1.09076
55	45	1.08864
55	62	1.01746
55	65	1.01661
55	67	1.08952
55	78	1.12676
55	79	1.12686
55	84	1.10816
55	148	0.810446
55	165	1.09074
55	170	1.03586
55	175	1.0398
55	180	1.3916
56	5	1.1303
56	24	1.22522
56	39	1.22527
56	43	1.1921
56	44	1.19514
56	46	1.2139
56	50	0.161675
56	77	1.23618
56	80	1.23897
56	129	1.21451
56	149	1.1486
56	158	0.70151
56	168	1.07457
56	176	0.606981
56	178	1.75667
57	1	1.37038
57	75	1.28019
57	85	1.33392
57	91	1.30863
57	94	1.30097
57	99	1.36184
57	102	1.33914
57	107	1.36707
57	122	0.715657
57	126	0.634089
57	128	1.31751
57	133	1.02499
57	138	0.564465
57	143	0.618656
57	179	1.38518
58	18	0.425158
58	21	0.513849
58	40	0.580692
58	77	0.405046
58	92	0.448416
58	122	1.28579
58	152	1.30352
58	163	1.18082
58	165	1.22219
58	171	1.12894
58	174	1.19802
58	176	1.24939
58	177	1.12429
58	179	1.14187
58	180	1.14897
59	41	0.736785
59	111	0.685794
59	115	0.516156
59	146	1.19336
59	148	1.14136
59	151	0.29971
59	153	1.11944
59	161	1.09601
59	167	1.06856
59	171	1.00396
59	172	1.06247
59	174	1.07303
59	177	0.999303
59	178	0.98539
59	179	1.01688
59	180	1.02398
60	4	1.23768
60	40	1.17468
60	71	1.10789
60	73	1.22853
60	76	1.22662
60	82	1.16288
60	90	1.21987
60	92	1.13268
60	97	1.18958
60	133	1.17539
60	138	0.714868
60	139	1.08443
60	170	1.14537
60	173	1.07633
60	175	0.875858
60	176	0.919601
61	13	1.11549
61	19	1.2385
61	26	1.20688
61	27	1.05865
61	30	1.21228
61	31	1.18052
61	52	1.21413
61	69	1.06134
61	81	1.11544
61	127	0.646965
61	129	0.909473
61	151	1.24248
61	160	1.13237
61	162	0.713917
61	167	1.3474
61	169	1.12753
62	8	1.14712
62	21	1.08716
62	42	1.06234
62	45	1.06022
62	55	1.01746
62	65	0.988188
62	67	1.0611
62	78	1.09834
62	79	1.09844
62	84	1.07974
62	86	1.0801
62	87	0.987901
62	127	1.00502
62	139	1.33155
62	162	1.07197
62	175	1.01138
63	68	0.527863
63	76	0.170091
63	84	0.317721
63	90	0.373945
63	97	0.258603
63	98	1.21669
63	152	1.27308
63	165	1.19176
63	166	1.19665
63	170	1.16835
63	171	1.09851
63	172	1.15702
63	174	1.16758
63	178	1.07994
63	179	1.11143
63	180	1.11853
64	16	1.09065
64	38	1.18912
64	75	1.11626
64	83	1.16575
64	85	1.16999
64	91	1.1447
64	94	1.13704
64	99	1.19791
64	102	1.17521
64	103	1.18732
64	106	0.724595
64	107	1.20314
64	162	0.650586
64	167	1.28407
64	173	1.08039
64	176	1.01139
65	8	1.14627
65	21	1.08631
65	29	1.08959
65	42	1.0615
65	45	1.05937
65	55	1.01661
65	62	0.988188
65	67	1.06025
65	78	1.09749
65	79	1.09759
65	86	1.07925
65	121	0.793082
65	154	1.39045
65	162	0.821443
65	165	1.46289
65	175	1.01053
66	33	1.18189
66	105	1.15886
66	108	1.1897
66	111	1.11102
66	113	1.17491
66	119	1.1775
66	120	1.16521
66	131	0.815335
66	137	0.664693
66	141	1.1325
66	150	1.08359
66	151	1.22666
66	155	1.18901
66	157	1.00228
66	160	0.833584
66	179	1.49882
67	8	1.21918
67	21	1.15922
67	29	1.1625
67	42	1.1344
67	45	1.13228
67	55	1.08952
67	62	1.0611
67	65	1.06025
67	78	1.1704
67	79	1.1705
67	86	1.15216
67	122	0.954021
67	140	1.01078
67	146	0.903994
67	166	1.13514
67	175	1.08344
67	176	1.00756
68	63	0.527863
68	89	1.17351
68	96	1.10373
68	101	1.17718
68	109	1.17609
68	110	1.16933
68	112	1.17755
68	114	1.17845
68	115	1.14754
68	121	0.80863
68	123	1.08021
68	136	1.07105
68	142	0.975438
68	155	1.17747
68	164	0.979598
68	175	1.15405
68	176	1.19779
69	6	1.12005
69	13	0.959832
69	14	1.09544
69	19	1.08284
69	26	1.05123
69	30	1.05663
69	31	1.02486
69	32	1.18551
69	36	1.04992
69	52	1.05848
69	61	1.06134
69	81	0.959789
69	150	1.02654
69	151	1.08683
69	160	0.976715
69	167	1.2117
69	176	0.939027
70	3	1.06089
70	40	1.15158
70	71	1.08478
70	73	1.20542
70	76	1.20352
70	82	1.13978
70	90	1.19677
70	92	1.10957
70	97	1.16648
70	121	0.581376
70	127	1.20891
70	130	0.993459
70	134	1.06022
70	139	1.06133
70	141	0.781659
70	173	1.05323
70	179	1.58652
71	4	1.16776
71	40	1.10476
71	60	1.10789
71	70	1.08478
71	73	1.15861
71	76	1.1567
71	82	1.09296
71	87	0.62502
71	90	1.14996
71	92	1.06276
71	97	1.11966
71	106	1.05809
71	127	1.1621
71	142	0.847533
71	150	1.1574
71	163	1.51209
71	173	1.00642
71	175	1.02615
72	30	0.999545
72	32	0.995088
72	97	0.987625
72	138	1.13998
72	144	0.972559
72	154	0.992159
72	155	0.783121
72	157	1.01284
72	163	0.952646
72	166	0.998909
72	167	0.965372
72	170	0.970608
72	174	0.969841
72	177	0.896111
72	178	0.882199
72	179	0.913689
72	180	0.920788
73	3	1.13472
73	25	0.363207
73	60	1.22853
73	70	1.20542
73	71	1.15861
73	76	1.27734
73	90	1.2706
73	92	1.1834
73	97	1.2403
73	106	1.17873
73	127	1.28274
73	139	1.13516
73	154	0.845565
73	158	0.731892
73	165	0.918001
73	173	1.12706
73	176	0.637363
73	177	1.74606
74	10	1.26572
74	12	1.24776
74	28	1.26495
74	34	1.22325
74	48	1.17711
74	49	1.17037
74	51	1.17573
74	86	1.21156
74	95	0.501708
74	120	1.19852
74	122	0.846972
74	123	1.12507
74	143	0.749972
74	154	1.10872
74	162	1.19178
74	167	1.17319
74	170	1.12628
74	176	1.13454
75	38	1.10969
75	54	1.04693
75	57	1.28019
75	64	1.11626
75	83	1.08632
75	85	1.09057
75	91	1.06528
75	94	1.05762
75	99	1.11848
75	102	1.09578
75	103	1.1079
75	107	1.12372
75	128	1.07416
75	136	1.06937
75	140	1.05466
75	142	0.829088
75	153	1.04419
75	166	1.17902
76	40	1.2235
76	60	1.22662
76	63	0.170091
76	70	1.20352
76	71	1.1567
76	73	1.27734
76	82	1.21169
76	90	1.26869
76	92	1.18149
76	97	1.2384
76	106	1.17683
76	139	1.13325
76	142	0.617667
76	146	0.736454
76	150	0.927534
76	157	0.959465
76	171	1.81537
76	173	1.12515
77	5	1.08841
77	7	1.24175
77	20	1.18114
77	24	1.18333
77	39	1.18338
77	43	1.15021
77	44	1.15325
77	46	1.172
77	47	1.15064
77	56	1.23618
77	58	0.405046
77	80	1.19708
77	122	0.943038
77	127	0.568824
77	129	1.17262
77	147	0.912491
77	149	1.10671
77	175	0.952837
77	179	1.61256
78	8	1.25642
78	21	1.19646
78	29	1.19975
78	42	1.17165
78	45	1.16953
78	55	1.12676
78	62	1.09834
78	65	1.09749
78	67	1.1704
78	79	1.20774
78	84	1.18904
78	86	1.1894
78	95	0.60585
78	121	0.615491
78	139	0.903439
78	143	0.854113
78	157	1.1241
78	175	1.12068
78	180	1.58615
79	8	1.25652
79	21	1.19656
79	29	1.19984
79	42	1.17174
79	45	1.16962
79	55	1.12686
79	62	1.09844
79	65	1.09759
79	67	1.1705
79	78	1.20774
79	84	1.18914
79	86	1.1895
79	127	0.710587
79	131	1.07084
79	137	0.920197
79	141	0.949461
79	162	0.777539
79	166	1.26592
79	175	1.12078
80	39	1.18617
80	43	1.153
80	56	1.23897
80	77	1.19708
80	105	1.16612
80	111	1.11828
80	116	1.16119
80	119	1.18477
80	120	1.17248
80	126	0.747197
80	129	1.17541
80	136	0.90023
80	141	1.13977
80	149	1.10949
80	155	1.19628
80	160	0.833052
80	172	1.23942
80	173	0.951304
80	174	1.0465
81	6	1.17416
81	13	1.01394
81	14	1.14955
81	19	1.13695
81	26	1.10534
81	27	0.957103
81	30	1.11073
81	31	1.07897
81	36	1.10403
81	52	1.11259
81	61	1.11544
81	69	0.959789
81	127	0.583915
81	129	0.846423
81	136	1.02959
81	151	1.14093
81	160	1.03082
81	167	1.28435
81	179	1.62765
82	3	1.06907
82	4	1.22276
82	40	1.15975
82	60	1.16288
82	70	1.13978
82	71	1.09296
82	76	1.21169
82	90	1.20495
82	92	1.11775
82	97	1.17466
82	98	1.24892
82	106	1.11309
82	127	1.21709
82	136	0.950137
82	139	1.06951
82	141	0.743332
82	146	0.828644
82	150	1.01972
82	170	1.15798
82	173	1.06141
83	1	1.17651
83	38	1.15918
83	54	1.09642
83	64	1.16575
83	75	1.08632
83	84	1.15312
83	85	1.14005
83	91	1.11476
83	94	1.1071
83	99	1.16797
83	102	1.14527
83	103	1.15738
83	107	1.17321
83	128	1.12364
83	132	0.88471
83	137	0.592495
83	145	1.00197
83	161	1.0123
83	170	1.03641
83	179	1.42662
84	11	1.06369
84	29	1.18114
84	45	1.15092
84	55	1.10816
84	62	1.07974
84	63	0.317721
84	78	1.18904
84	79	1.18914
84	83	1.15312
84	91	1.13208
84	94	1.12442
84	103	1.1747
84	107	1.19052
84	128	1.14096
84	131	0.92015
84	141	0.798772
84	144	1.22936
84	161	1.18932
84	174	1.15184
84	175	1.10208
85	11	1.05062
85	16	1.06496
85	54	1.10066
85	57	1.33392
85	64	1.16999
85	75	1.09057
85	83	1.14005
85	91	1.11901
85	94	1.11135
85	99	1.17221
85	102	1.14952
85	103	1.16163
85	107	1.17745
85	128	1.12789
85	138	0.493518
85	152	0.592174
85	154	0.906454
85	159	1.47291
85	160	0.648997
85	178	1.84794
86	10	1.22532
86	42	1.15341
86	48	1.13671
86	51	1.13532
86	62	1.0801
86	65	1.07925
86	67	1.15216
86	74	1.21156
86	78	1.1894
86	79	1.1895
86	123	1.08467
86	130	1.00926
86	132	1.06041
86	137	0.768199
86	143	0.835802
86	153	0.979093
86	162	1.15138
86	167	1.25902
86	175	1.10244
86	176	1.09414
87	43	0.776865
87	62	0.987901
87	71	0.62502
87	105	0.486394
87	114	0.501535
87	125	1.07524
87	132	1.12733
87	152	1.17379
87	158	1.10795
87	161	1.09127
87	167	1.06382
87	169	1.09242
87	170	1.06906
87	171	0.999215
87	172	1.05773
87	176	1.11966
87	177	0.994559
87	178	0.980646
87	179	1.01214
87	180	1.01923
88	37	1.19443
88	41	1.15179
88	89	1.18725
88	96	1.11747
88	101	1.19092
88	104	1.18344
88	109	1.18982
88	114	1.19218
88	115	1.16128
88	123	1.09395
88	126	0.786767
88	136	1.08479
88	140	1.08232
88	145	1.1132
88	150	1.00939
88	153	0.914626
88	155	1.19121
88	161	1.12354
88	164	0.993334
88	173	0.990874
89	68	1.17351
89	88	1.18725
89	96	1.11499
89	104	1.18097
89	109	1.18735
89	110	1.18059
89	112	1.18881
89	114	1.18971
89	115	1.1588
89	123	1.09147
89	136	1.08231
89	140	1.07984
89	154	0.792736
89	155	1.18873
89	158	0.679063
89	164	0.990858
89	171	1.55988
89	173	0.653531
89	176	0.584533
89	177	1.69323
90	3	1.12607
90	4	1.27975
90	60	1.21987
90	63	0.373945
90	70	1.19677
90	71	1.14996
90	73	1.2706
90	76	1.26869
90	82	1.20495
90	92	1.17475
90	97	1.23165
90	106	1.17008
90	117	0.766807
90	126	0.908768
90	127	1.27408
90	137	0.825732
90	139	1.12651
90	144	1.28558
90	154	1.25208
90	162	0.683074
90	173	1.11841
91	1	1.15546
91	11	1.02533
91	16	1.03967
91	54	1.07537
91	57	1.30863
91	64	1.1447
91	75	1.06528
91	83	1.11476
91	84	1.13208
91	85	1.11901
91	94	1.08606
91	98	1.30938
91	102	1.12423
91	103	1.13634
91	106	0.70588
91	107	1.15216
91	117	0.715604
91	128	1.1026
91	157	1.11211
91	170	1.21844
91	173	1.06167
92	3	1.03887
92	4	1.19255
92	40	1.12955
92	58	0.448416
92	60	1.13268
92	70	1.10957
92	71	1.06276
92	73	1.1834
92	76	1.18149
92	82	1.11775
92	90	1.17475
92	97	1.14445
92	106	1.08289
92	122	0.986408
92	127	1.18689
92	134	1.12963
92	139	1.03931
92	146	0.936381
92	169	1.09276
92	173	1.03121
92	174	1.20414
93	5	0.937673
93	13	0.942449
93	42	0.669629
93	119	0.506923
93	125	1.08054
93	130	1.16775
93	135	1.05996
93	143	1.18089
93	153	1.12
93	155	0.30147
93	158	1.11325
93	164	1.01488
93	168	1.06184
93	169	1.09772
93	171	1.00451
93	174	1.07359
93	177	0.999858
93	178	0.985945
93	179	1.01744
93	180	1.02453
94	16	1.03201
94	38	1.13047
94	54	1.06771
94	57	1.30097
94	64	1.13704
94	75	1.05762
94	83	1.1071
94	84	1.12442
94	85	1.11135
94	91	1.08606
94	99	1.13926
94	102	1.11656
94	103	1.12868
94	107	1.1445
94	117	0.682852
94	128	1.09494
94	129	0.794675
94	144	1.20162
94	163	1.40212
94	166	1.0875
94	176	0.959922
95	74	0.501708
95	78	0.60585
95	105	0.532458
95	112	0.529389
95	128	0.497502
95	143	1.22761
95	144	1.12303
95	151	0.263737
95	153	1.16672
95	158	1.15997
95	161	1.14328
95	163	1.10311
95	166	1.14938
95	169	1.14444
95	170	1.12108
95	171	1.05123
95	176	1.17168
95	177	1.04658
95	178	1.03267
95	179	1.06416
95	180	1.07125
96	15	1.16557
96	18	1.17846
96	41	1.07954
96	68	1.10373
96	88	1.11747
96	89	1.11499
96	101	1.11867
96	104	1.11119
96	109	1.11757
96	110	1.11082
96	112	1.11904
96	114	1.11993
96	115	1.08902
96	135	1.20105
96	140	1.01007
96	145	1.00935
96	155	1.11895
96	160	0.768773
96	164	0.921081
96	172	1.17514
96	176	0.818027
96	180	1.39953
97	3	1.09577
97	4	1.24946
97	40	1.18646
97	60	1.18958
97	63	0.258603
97	70	1.16648
97	71	1.11966
97	72	0.987625
97	73	1.2403
97	76	1.2384
97	82	1.17466
97	90	1.23165
97	92	1.14445
97	106	1.13979
97	127	1.24379
97	129	0.763288
97	139	1.09621
97	140	0.931754
97	149	0.878583
97	154	1.13674
97	158	1.02306
97	173	1.08811
98	32	0.988712
98	34	0.893099
98	36	0.948594
98	63	1.21669
98	82	1.24892
98	91	1.30938
98	144	0.966183
98	152	1.06896
98	153	1.00988
98	154	0.985782
98	156	1.02391
98	159	0.919483
98	161	0.986441
98	165	0.987641
98	167	0.958995
98	168	0.951718
98	170	0.964231
98	174	0.963464
98	177	0.889735
98	178	0.875822
98	179	0.907312
98	180	0.914411
99	1	1.20867
99	11	1.07854
99	16	1.09288
99	38	1.19134
99	50	0.386948
99	54	1.12858
99	57	1.36184
99	64	1.19791
99	75	1.11848
99	83	1.16797
99	85	1.17221
99	94	1.13926
99	102	1.17743
99	103	1.18954
99	107	1.20537
99	128	1.1558
99	144	1.07396
99	147	0.748164
99	149	0.782302
99	165	1.11289
99	175	0.788511
99	179	1.44823
100	17	1.22813
100	22	1.19522
100	23	1.0746
100	35	1.19034
100	105	1.17343
100	108	1.20427
100	111	1.12559
100	113	1.18949
100	116	1.1685
100	119	1.19208
100	121	0.51696
100	126	0.771015
100	128	1.16298
100	133	1.16192
100	141	1.14708
100	150	1.09817
100	151	1.24123
100	155	1.20359
100	166	1.0337
100	169	0.95893
100	170	1.13189
100	174	1.07032
101	18	1.25191
101	41	1.15299
101	53	1.13234
101	68	1.17718
101	88	1.19092
101	96	1.11867
101	104	1.18464
101	109	1.19102
101	110	1.18427
101	112	1.19249
101	115	1.16247
101	123	1.09514
101	136	1.08598
101	139	0.686673
101	140	1.08352
101	143	0.637347
101	145	0.979215
101	147	0.703801
101	155	1.1924
101	160	0.738635
101	164	0.994531
101	171	1.76324
101	180	1.36939
102	1	1.18597
102	11	1.05584
102	16	1.07018
102	38	1.16864
102	54	1.10588
102	57	1.33914
102	64	1.17521
102	75	1.09578
102	83	1.14527
102	85	1.14952
102	91	1.12423
102	94	1.11656
102	99	1.17743
102	103	1.16684
102	107	1.18267
102	127	0.590346
102	128	1.13311
102	131	0.950598
102	141	0.829221
102	146	0.914532
102	149	0.96815
102	158	1.11263
102	163	1.4603
103	1	1.19808
103	11	1.06795
103	16	1.08229
103	38	1.18075
103	54	1.11799
103	64	1.18732
103	75	1.1079
103	83	1.15738
103	84	1.1747
103	85	1.16163
103	91	1.13634
103	94	1.12868
103	99	1.18954
103	102	1.16684
103	107	1.19478
103	118	0.85271
103	126	0.805374
103	128	1.14522
103	134	1.03016
103	146	0.836915
103	159	1.71514
103	162	0.57968
103	173	1.00948
104	15	1.23155
104	37	1.18815
104	41	1.14552
104	53	1.12486
104	88	1.18344
104	89	1.18097
104	96	1.11119
104	101	1.18464
104	109	1.18354
104	110	1.17679
104	112	1.18501
104	114	1.1859
104	115	1.155
104	123	1.08767
104	127	0.531305
104	140	1.07604
104	141	0.770179
104	146	0.855491
104	153	0.951809
104	154	1.16726
104	164	0.987056
104	169	1.01187
104	180	1.54056
105	2	1.20294
105	17	1.18708
105	22	1.15417
105	23	1.03354
105	33	1.15541
105	66	1.15886
105	80	1.16612
105	87	0.486394
105	95	0.532458
105	100	1.17343
105	108	1.16322
105	111	1.08454
105	113	1.14843
105	116	1.12745
105	119	1.15102
105	128	1.12193
105	139	0.830047
105	151	1.20018
105	155	1.16254
105	156	1.06729
105	157	1.05071
105	167	1.20394
105	173	1.00026
106	64	0.724595
106	71	1.05809
106	73	1.17873
106	76	1.17683
106	82	1.11309
106	90	1.17008
106	91	0.70588
106	92	1.08289
106	97	1.13979
106	112	0.641401
106	113	0.62791
106	119	0.64269
106	137	1.15746
106	139	1.03464
106	141	1.07894
106	144	0.999007
106	151	0.375748
106	154	1.01861
106	173	1.02654
106	174	0.996289
106	175	1.05597
106	177	0.922559
106	178	0.908646
106	179	0.940136
106	180	0.947235
107	1	1.21391
107	11	1.08377
107	16	1.09811
107	38	1.19658
107	54	1.13381
107	57	1.36707
107	64	1.20314
107	75	1.12372
107	83	1.17321
107	84	1.19052
107	85	1.17745
107	91	1.15216
107	94	1.1445
107	99	1.20537
107	102	1.18267
107	103	1.19478
107	117	0.5388
107	125	1.19278
107	128	1.16104
107	129	0.650623
107	138	0.611137
107	148	0.816218
107	156	0.951891
107	157	0.935311
107	177	1.92456
108	2	1.23378
108	17	1.21792
108	22	1.18501
108	33	1.18625
108	35	1.18013
108	66	1.1897
108	100	1.20427
108	105	1.16322
108	111	1.11538
108	113	1.17928
108	116	1.15829
108	117	0.551117
108	119	1.18186
108	126	0.693078
108	128	1.15277
108	137	0.610042
108	141	1.13687
108	146	0.724618
108	150	1.08795
108	151	1.23102
108	155	1.19338
108	159	1.60285
108	166	0.955761
108	170	1.05395
108	180	1.40969
109	15	1.23793
109	37	1.19453
109	53	1.13124
109	68	1.17609
109	88	1.18982
109	89	1.18735
109	96	1.11757
109	101	1.19102
109	104	1.18354
109	110	1.18317
109	112	1.19139
109	114	1.19228
109	115	1.16138
109	123	1.09405
109	127	0.571885
109	132	1.07371
109	136	1.08489
109	140	1.08242
109	144	1.24134
109	152	0.893564
109	153	0.99239
109	155	1.19131
109	160	0.950386
109	164	0.993434
109	173	1.06864
109	175	0.955898
110	15	1.23117
110	18	1.24406
110	37	1.18777
110	41	1.14514
110	53	1.12449
110	68	1.16933
110	89	1.18059
110	96	1.11082
110	101	1.18427
110	104	1.17679
110	109	1.18317
110	112	1.18464
110	114	1.18553
110	115	1.15462
110	135	1.17893
110	136	1.07813
110	137	0.577755
110	140	1.07567
110	141	0.607019
110	155	1.18455
110	159	1.57056
110	161	0.997564
110	163	1.2381
110	164	0.986682
110	169	0.848705
110	175	0.752157
111	2	1.15509
111	9	0.38824
111	22	1.10633
111	23	0.985701
111	33	1.10757
111	35	1.10145
111	59	0.685794
111	66	1.11102
111	80	1.11828
111	100	1.12559
111	105	1.08454
111	108	1.11538
111	113	1.10059
111	116	1.07961
111	117	0.771556
111	119	1.10318
111	120	1.09089
111	128	1.07409
111	141	1.05818
111	142	0.82627
111	143	0.898084
111	148	1.04897
111	150	1.00927
111	151	1.15233
111	155	1.11469
111	178	2.19831
112	18	1.25228
112	37	1.19599
112	41	1.15336
112	53	1.13271
112	68	1.17755
112	89	1.18881
112	95	0.529389
112	96	1.11904
112	101	1.19249
112	104	1.18501
112	106	0.641401
112	109	1.19139
112	110	1.18464
112	114	1.19375
112	115	1.16284
112	123	1.09551
112	131	0.860692
112	136	1.08636
112	140	1.08389
112	144	1.1699
112	147	0.844106
112	152	0.822118
112	155	1.19277
112	164	0.994902
112	169	0.981
112	172	1.2853
113	2	1.21899
113	9	0.254318
113	17	1.20313
113	22	1.17023
113	23	1.0496
113	35	1.16535
113	66	1.17491
113	100	1.18949
113	105	1.14843
113	106	0.62791
113	108	1.17928
113	111	1.10059
113	116	1.1435
113	119	1.16708
113	120	1.15479
113	128	1.13798
113	138	0.709971
113	141	1.12208
113	145	1.10603
113	150	1.07317
113	151	1.21623
113	153	0.907453
113	155	1.17859
113	165	1.19534
113	172	1.27181
113	174	1.07889
114	15	1.24029
114	37	1.19689
114	41	1.15426
114	53	1.1336
114	68	1.17845
114	87	0.501535
114	88	1.19218
114	89	1.18971
114	96	1.11993
114	104	1.1859
114	109	1.19228
114	110	1.18553
114	112	1.19375
114	115	1.16374
114	118	0.85863
114	123	1.09641
114	125	1.32331
114	130	0.969323
114	136	1.08725
114	140	1.08478
114	143	0.795862
114	147	0.862315
114	155	1.19367
114	156	1.08243
114	157	1.06585
114	164	0.995794
115	15	1.20938
115	18	1.22227
115	37	1.16598
115	41	1.12335
115	53	1.1027
115	59	0.516156
115	68	1.14754
115	88	1.16128
115	89	1.1588
115	96	1.08902
115	101	1.16247
115	104	1.155
115	109	1.16138
115	110	1.15462
115	112	1.16284
115	114	1.16374
115	118	0.791215
115	123	1.0655
115	135	1.26201
115	136	1.05634
115	143	0.728447
115	155	1.16276
115	160	0.829734
115	161	1.08065
115	164	0.964889
115	166	1.00656
115	180	1.46049
116	2	1.19801
116	17	1.18215
116	22	1.14924
116	23	1.02861
116	33	1.15048
116	35	1.14436
116	80	1.16119
116	100	1.1685
116	105	1.12745
116	108	1.15829
116	111	1.07961
116	113	1.1435
116	119	1.14609
116	120	1.1338
116	128	1.117
116	134	0.947493
116	138	0.653082
116	141	1.10109
116	146	0.754246
116	149	0.807863
116	150	1.05218
116	151	1.19525
116	155	1.15761
116	166	0.985388
116	174	1.02201
116	175	0.814072
116	178	2.0075
117	1	0.680431
117	33	0.692834
117	90	0.766807
117	91	0.715604
117	94	0.682852
117	107	0.5388
117	108	0.551117
117	111	0.771556
117	126	1.2708
117	131	1.23018
117	132	1.1663
117	133	1.13844
117	135	1.09363
117	142	1.22551
117	147	1.2087
117	149	1.15964
117	153	1.15367
117	156	1.1677
117	162	1.21587
117	166	1.13632
117	168	1.09551
117	170	1.10802
117	172	1.09669
117	177	1.03352
117	178	1.01961
117	179	1.0511
117	180	1.0582
118	42	1.00442
118	103	0.85271
118	114	0.85863
118	115	0.791215
118	126	1.16636
118	128	0.808534
118	134	1.07237
118	145	1.05728
118	146	1.12314
118	147	1.10426
118	148	1.07114
118	154	1.02513
118	155	0.636257
118	157	1.04581
118	159	0.958831
118	161	1.02579
118	163	0.985617
118	167	0.998343
118	168	0.991066
118	169	1.02694
118	170	1.00358
118	171	0.933739
118	174	1.00281
118	175	1.06249
118	177	0.929083
118	178	0.91517
118	179	0.94666
118	180	0.953759
119	2	1.22158
119	9	0.269097
119	17	1.20572
119	22	1.17281
119	23	1.05219
119	33	1.17406
119	35	1.16794
119	66	1.1775
119	80	1.18477
119	93	0.506923
119	100	1.19208
119	105	1.15102
119	106	0.64269
119	108	1.18186
119	111	1.10318
119	113	1.16708
119	116	1.14609
119	120	1.15738
119	128	1.14057
119	134	1.01916
119	141	1.12467
119	143	0.778942
119	145	1.12081
119	149	0.879532
119	150	1.07576
119	151	1.21882
119	152	0.823407
119	155	1.18118
119	164	1.71749
120	12	1.19432
120	23	1.0399
120	28	1.21152
120	34	1.16981
120	35	1.15565
120	48	1.12367
120	49	1.11693
120	51	1.12229
120	66	1.16521
120	74	1.19852
120	80	1.17248
120	111	1.09089
120	113	1.15479
120	116	1.1338
120	119	1.15738
120	123	1.07163
120	129	0.494792
120	131	0.592536
120	133	0.915832
120	141	1.11238
120	147	0.57595
120	151	1.20653
120	155	1.16889
120	162	1.13834
120	164	1.44805
120	165	0.940678
120	172	1.01715
120	176	1.0811
120	177	1.76873
120	180	1.24154
121	15	0.678045
121	39	0.567117
121	51	0.844376
121	65	0.793082
121	68	0.80863
121	70	0.581376
121	78	0.615491
121	100	0.51696
121	122	1.20249
121	127	1.30066
121	130	1.20888
121	131	1.23765
121	132	1.17376
121	135	1.1011
121	143	1.22202
121	145	1.16919
121	151	0.273378
121	154	1.13704
121	160	1.18142
121	165	1.1389
121	166	1.14379
121	169	1.13885
121	170	1.11549
121	171	1.04565
121	173	1.14498
121	176	1.1661
121	177	1.04099
121	178	1.02708
121	179	1.05857
121	180	1.06567
122	8	0.828515
122	52	0.725388
122	57	0.715657
122	58	1.28579
122	67	0.954021
122	74	0.846972
122	77	0.943038
122	92	0.986408
122	121	1.20249
122	124	1.10388
122	133	1.03332
122	135	0.988504
122	137	1.1633
122	138	1.17227
122	144	1.00485
122	145	1.0566
122	152	1.10763
122	156	1.06258
122	164	0.943422
122	165	1.0263
122	166	1.0312
122	167	0.997659
122	168	0.990382
122	170	1.0029
122	172	0.991565
122	174	1.00213
122	176	1.0535
122	177	0.928399
122	178	0.914486
122	180	0.953075
123	10	1.13883
123	12	1.12087
123	28	1.13806
123	34	1.09636
123	48	1.05021
123	49	1.04347
123	51	1.04883
123	68	1.08021
123	74	1.12507
123	86	1.08467
123	88	1.09395
123	89	1.09147
123	101	1.09514
123	104	1.08767
123	109	1.09405
123	112	1.09551
123	114	1.09641
123	115	1.0655
123	120	1.07163
123	138	0.816939
123	147	0.937583
123	148	1.02202
123	150	1.10918
123	155	1.09543
123	162	1.06488
123	164	0.897559
123	170	1.24744
123	173	1.09067
123	175	0.97793
123	176	1.00764
123	180	1.60317
124	4	0.97501
124	12	0.664381
124	24	1.04916
124	26	0.782969
124	32	1.04136
124	46	0.579907
124	48	0.975196
124	122	1.10388
124	128	0.849528
124	130	1.11028
124	135	1.00249
124	136	1.04886
124	138	1.18626
124	140	1.04639
124	143	1.12341
124	156	1.07656
124	157	1.05911
124	161	1.03909
124	163	0.998919
124	165	1.04029
124	168	1.00437
124	169	1.04025
124	170	1.01688
124	171	0.947041
124	172	1.00555
124	174	1.01611
124	175	1.0758
124	177	0.942385
124	178	0.928472
124	179	0.959962
124	180	0.967061
125	19	1.16573
125	44	1.28022
125	49	1.23797
125	87	1.07524
125	93	1.08054
125	107	1.19278
125	114	1.32331
125	129	1.0396
125	130	1.01547
125	132	0.980348
125	134	0.990868
125	135	0.907682
125	138	1.09145
125	142	1.03956
125	144	0.924025
125	147	1.02275
125	154	0.943624
125	158	0.960972
125	161	0.944283
125	165	0.945483
125	167	0.916837
125	168	0.90956
125	169	0.945438
125	170	0.922074
125	171	0.852233
125	172	0.910743
125	175	0.980988
125	177	0.847577
125	178	0.833664
125	179	0.865154
125	180	0.872253
126	19	0.653713
126	57	0.634089
126	80	0.747197
126	88	0.786767
126	90	0.908768
126	100	0.771015
126	103	0.805374
126	108	0.693078
126	117	1.2708
126	118	1.16636
126	133	1.1091
126	144	1.08063
126	146	1.19824
126	147	1.17935
126	154	1.10023
126	158	1.11757
126	159	1.03393
126	165	1.10208
126	166	1.10698
126	167	1.07344
126	168	1.06616
126	169	1.10204
126	170	1.07868
126	171	1.00883
126	172	1.06735
126	174	1.07791
126	177	1.00418
126	178	0.990266
126	179	1.02176
126	180	1.02885
127	3	1.1382
127	16	0.722976
127	24	0.668182
127	40	1.22889
127	61	0.646965
127	62	1.00502
127	70	1.20891
127	71	1.1621
127	73	1.28274
127	77	0.568824
127	79	0.710587
127	81	0.583915
127	82	1.21709
127	90	1.27408
127	92	1.18689
127	97	1.24379
127	102	0.590346
127	104	0.531305
127	109	0.571885
127	121	1.30066
127	134	1.16985
127	139	1.13865
127	159	1.05631
127	163	1.0831
127	166	1.12936
127	171	1.03122
127	173	1.13055
127	174	1.10029
127	175	1.15997
127	177	1.02656
127	178	1.01265
127	179	1.04414
127	180	1.05124
128	33	1.14496
128	54	1.08425
128	57	1.31751
128	75	1.07416
128	83	1.12364
128	84	1.14096
128	85	1.12789
128	91	1.1026
128	94	1.09494
128	95	0.497502
128	99	1.1558
128	100	1.16298
128	102	1.13311
128	103	1.14522
128	105	1.12193
128	107	1.16104
128	108	1.15277
128	111	1.07409
128	113	1.13798
128	116	1.117
128	118	0.808534
128	119	1.14057
128	124	0.849528
128	135	1.27933
128	138	0.691575
128	141	1.09557
128	149	0.846356
128	150	1.04666
128	151	1.18973
128	152	0.790231
128	155	1.15209
128	161	1.09797
128	169	0.949113
128	172	1.25342
129	5	1.06674
129	7	1.22008
129	20	1.15947
129	21	0.940135
129	23	1.03344
129	24	1.16166
129	31	0.567152
129	44	1.13158
129	46	1.15033
129	47	1.12897
129	56	1.21451
129	61	0.909473
129	77	1.17262
129	80	1.17541
129	81	0.846423
129	94	0.794675
129	97	0.763288
129	107	0.650623
129	120	0.494792
129	125	1.0396
129	135	1.01903
129	139	1.07101
129	144	1.03537
129	149	1.08504
129	153	1.07907
129	158	1.07232
129	169	1.05679
129	170	1.03342
129	171	0.963581
129	172	1.02209
129	173	1.06291
129	177	0.958925
129	178	0.945012
129	179	0.976502
129	180	0.983601
130	22	0.58425
130	28	0.715516
130	29	0.771992
130	30	0.963374
130	33	0.992823
130	70	0.993459
130	86	1.00926
130	93	1.16775
130	114	0.969323
130	121	1.20888
130	124	1.11028
130	125	1.01547
130	131	1.13145
130	135	0.994896
130	136	1.04127
130	138	1.17866
130	144	1.01124
130	146	1.12885
130	147	1.10997
130	148	1.07685
130	149	1.0609
130	153	1.05493
130	159	0.964539
130	163	0.991325
130	164	0.949814
130	167	1.00405
130	169	1.03265
130	171	0.939446
130	172	0.997957
130	174	1.00852
130	176	1.0599
130	177	0.93479
130	178	0.920878
130	179	0.952368
130	180	0.959467
131	34	0.508886
131	36	0.56438
131	66	0.815335
131	79	1.07084
131	84	0.92015
131	102	0.950598
131	112	0.860692
131	117	1.23018
131	120	0.592536
131	121	1.23765
131	130	1.13145
131	142	1.15554
131	145	1.09176
131	147	1.13873
131	148	1.10562
131	151	0.595039
131	154	1.05961
131	156	1.09774
131	159	0.993306
131	161	1.06026
131	162	1.1459
131	163	1.02009
131	164	0.978581
131	165	1.06146
131	166	1.06636
131	168	1.02554
131	169	1.06142
131	171	0.968214
131	172	1.02672
131	174	1.03729
131	175	1.09697
131	176	1.08866
131	177	0.963558
131	178	0.949645
131	179	0.981135
131	180	0.988234
132	8	0.956126
132	10	0.426865
132	25	1.08281
132	33	1.04397
132	48	1.09605
132	50	1.18043
132	83	0.88471
132	86	1.06041
132	87	1.12733
132	109	1.07371
132	117	1.1663
132	121	1.17376
132	125	0.980348
132	138	1.14354
132	139	1.01175
132	140	1.00368
132	142	1.09165
132	143	1.0807
132	151	0.736612
132	153	1.01981
132	156	1.03385
132	157	1.0164
132	159	0.929418
132	161	0.996377
132	163	0.956205
132	164	0.914694
132	165	0.997576
132	166	1.00247
132	167	0.968931
132	168	0.961654
132	169	0.997531
132	170	0.974167
132	172	0.962836
132	174	0.9734
132	177	0.89967
132	178	0.885757
132	179	0.917247
132	180	0.924346
133	12	0.966954
133	16	1.40652
133	28	0.948389
133	57	1.02499
133	60	1.17539
133	100	1.16192
133	117	1.13844
133	120	0.915832
133	122	1.03332
133	126	1.1091
133	134	1.01511
133	135	0.931921
133	136	0.978293
133	137	1.10672
133	138	1.11569
133	142	1.0638
133	143	1.05284
133	144	0.948264
133	145	1.00002
133	148	1.01387
133	152	1.05104
133	157	0.988542
133	158	0.985211
133	159	0.901565
133	160	1.01224
133	163	0.928351
133	164	0.88684
133	165	0.969722
133	168	0.9338
133	171	0.876472
133	172	0.934983
133	173	0.975801
133	174	0.945546
133	175	1.00523
133	177	0.871816
133	178	0.857904
133	179	0.889394
133	180	0.896493
134	22	0.65101
134	25	1.09333
134	39	1.04596
134	46	0.716366
134	70	1.06022
134	92	1.12963
134	103	1.03016
134	116	0.947493
134	118	1.07237
134	119	1.01916
134	125	0.990868
134	127	1.16985
134	133	1.01511
134	138	1.15406
134	140	1.0142
134	142	1.10217
134	145	1.03839
134	147	1.08536
134	152	1.08942
134	157	1.02692
134	158	1.02358
134	159	0.939938
134	160	1.05061
134	161	1.0069
134	163	0.966724
134	164	0.925213
134	166	1.01299
134	167	0.97945
134	169	1.00805
134	170	0.984687
134	171	0.914846
134	173	1.01417
134	174	0.98392
134	176	1.0353
134	177	0.91019
134	178	0.896277
134	179	0.927767
134	180	0.934866
135	9	1.20116
135	37	1.21146
135	47	1.06721
135	93	1.05996
135	96	1.20105
135	110	1.17893
135	115	1.26201
135	117	1.09363
135	121	1.1011
135	122	0.988504
135	124	1.00249
135	125	0.907682
135	128	1.27933
135	129	1.01903
135	130	0.994896
135	133	0.931921
135	136	0.93348
135	137	1.06191
135	138	1.07088
135	140	0.931013
135	142	1.01899
135	148	0.969061
135	157	0.94373
135	163	0.883539
135	166	0.929801
135	169	0.924865
135	170	0.901501
135	171	0.83166
135	173	0.930988
135	174	0.900734
135	175	0.960415
135	176	0.95211
135	177	0.827004
135	178	0.813091
135	179	0.844581
135	180	0.85168
136	12	0.729085
136	18	1.14578
136	21	1.12331
136	30	0.958379
136	48	1.0399
136	53	1.02621
136	68	1.07105
136	75	1.06937
136	80	0.90023
136	81	1.02959
136	82	0.950137
136	88	1.08479
136	89	1.08231
136	101	1.08598
136	109	1.08489
136	110	1.07813
136	112	1.08636
136	114	1.08725
136	115	1.05634
136	124	1.04886
136	130	1.04127
136	133	0.978293
136	135	0.93348
136	140	0.977385
136	148	1.01543
136	149	0.999487
136	153	0.993516
136	160	1.0138
136	163	0.92991
136	164	0.888399
136	166	0.976173
136	167	0.942636
136	169	0.971236
136	170	0.947872
136	171	0.878031
136	174	0.947105
136	176	0.998481
136	179	0.890953
136	180	0.898052
137	14	0.825171
137	20	0.800319
137	51	1.0154
137	66	0.664693
137	79	0.920197
137	83	0.592495
137	86	0.768199
137	90	0.825732
137	106	1.15746
137	108	0.610042
137	110	0.577755
137	122	1.1633
137	133	1.10672
137	135	1.06191
137	143	1.18283
137	146	1.19586
137	148	1.14386
137	153	1.12194
137	154	1.09785
137	157	1.11853
137	158	1.1152
137	159	1.03155
137	161	1.09851
137	163	1.05834
137	164	1.01683
137	165	1.09971
137	166	1.1046
137	167	1.07106
137	168	1.06379
137	169	1.09966
137	170	1.0763
137	171	1.00646
137	172	1.06497
137	174	1.07553
