1	5	0.869474
1	15	0.846896
1	21	0.940279
1	53	1.00927
1	58	0.900634
1	81	0.870596
1	94	1.37901
1	130	0.872102
1	131	1.62659
1	152	1.37924
1	154	1.33383
1	155	0.916171
2	4	0.973066
2	8	0.829388
2	12	0.822932
2	14	0.917414
2	22	0.908006
2	30	0.935007
2	38	0.908787
2	112	1.012
2	153	1.21732
2	162	0.932869
2	171	1.2707
2	174	2.25506
3	20	0.916754
3	43	0.917683
3	60	0.885205
3	71	0.859341
3	76	0.914698
3	92	0.91565
3	98	0.886668
3	111	0.924266
3	148	1.11322
3	162	1.06264
3	168	1.68761
3	178	1.8899
4	2	0.973066
4	8	0.879267
4	12	0.87281
4	14	0.967292
4	30	0.984886
4	38	0.958665
4	110	1.1506
4	152	1.26846
4	154	1.22305
4	162	0.982748
4	169	1.69825
5	1	0.869474
5	15	0.719007
5	21	0.81239
5	23	0.80177
5	24	0.890452
5	26	0.782719
5	53	0.88138
5	58	0.772745
5	81	0.742707
5	131	1.59983
5	171	1.51317
5	175	2.4164
6	18	1.10274
6	78	1.30477
6	127	0.884307
6	128	0.884621
6	135	0.905509
6	144	0.916666
6	150	0.888296
6	151	0.907586
6	158	0.886807
6	159	1.56498
6	160	0.915614
6	173	1.68122
7	34	0.875341
7	37	1.17752
7	43	0.923018
7	71	0.864676
7	73	0.912516
7	98	0.892004
7	111	0.929602
7	145	0.881653
7	147	1.16439
7	149	0.923959
7	176	1.83437
7	178	1.56896
8	2	0.829388
8	4	0.879267
8	11	0.750607
8	12	0.729132
8	22	0.814206
8	30	0.841208
8	38	0.814987
8	123	0.726262
8	162	0.83907
8	171	1.50255
8	173	1.62798
8	175	2.40578
9	93	0.937898
9	102	0.888082
9	105	0.921421
9	107	0.909904
9	108	0.911827
9	114	0.929277
9	131	1.38588
9	142	1.88776
9	145	1.32248
9	152	1.13853
9	175	0.808916
9	177	0.895909
10	64	1.54572
10	82	0.875962
10	95	0.897467
10	106	0.923411
10	117	0.900243
10	120	0.888949
10	121	0.916017
10	129	0.885839
10	133	0.911113
10	159	1.33365
10	164	1.36653
10	173	1.44989
11	8	0.750607
11	12	0.744151
11	14	0.838632
11	22	0.829225
11	30	0.856226
11	38	0.830005
11	70	0.767166
11	96	1.93798
11	99	1.92079
11	116	1.62658
11	123	0.74128
11	162	0.854088
12	2	0.822932
12	4	0.87281
12	8	0.729132
12	11	0.744151
12	22	0.80775
12	30	0.834751
12	38	0.808531
12	59	1.89956
12	70	0.745691
12	81	1.80852
12	145	1.72281
12	162	0.832613
13	19	0.912328
13	25	0.890007
13	35	0.860581
13	42	0.91995
13	44	0.919559
13	112	1.041
13	131	1.38637
13	155	0.895508
13	162	0.949293
13	173	1.42514
13	177	0.875871
13	178	1.91093
14	2	0.917414
14	4	0.967292
14	11	0.838632
14	22	0.902232
14	30	0.929233
14	38	0.903012
14	84	0.991582
14	123	0.814287
14	156	1.26686
14	162	0.927095
14	167	1.59084
14	178	1.91903
15	1	0.846896
15	5	0.719007
15	21	0.789812
15	24	0.867874
15	26	0.760142
15	53	0.858802
15	54	0.744528
15	58	0.750167
15	130	0.721635
15	143	2.05066
15	145	2.04569
15	154	1.81633
15	155	0.765704
16	40	0.895771
16	59	1.73117
16	60	0.848438
16	67	0.895806
16	71	0.822574
16	72	1.27839
16	73	0.870414
16	78	1.28014
16	92	0.878884
16	98	0.849901
16	111	0.887499
16	155	0.860478
16	163	1.76784
17	41	1.39683
17	88	0.870006
17	90	0.907214
17	102	0.853077
17	105	0.886416
17	107	0.874899
17	108	0.876822
17	114	0.894272
17	125	1.06708
17	132	2.22131
17	165	1.49444
17	175	0.773911
17	177	0.860905
18	6	1.10274
18	35	1.33693
18	108	1.24509
18	160	0.840533
18	163	0.86642
18	164	0.903456
18	169	0.873597
18	171	0.922719
18	172	0.851882
18	174	0.806936
18	178	0.836238
18	179	0.85286
18	180	0.868036
19	13	0.912328
19	25	0.846299
19	33	0.913471
19	35	0.816873
19	42	0.876241
19	44	0.87585
19	81	1.5794
19	112	1.21172
19	155	0.851799
19	157	1.60021
19	162	0.905585
19	177	0.832163
19	180	1.71575
20	3	0.916754
20	60	0.842448
20	67	0.889816
20	71	0.816584
20	73	0.864424
20	76	0.871942
20	81	1.49686
20	92	0.872894
20	98	0.843912
20	111	0.88151
20	115	1.09075
20	168	1.79682
20	172	1.72856
21	1	0.940279
21	5	0.81239
21	15	0.789812
21	23	0.872576
21	26	0.853525
21	53	0.952185
21	58	0.84355
21	77	1.63586
21	94	1.3998
21	99	1.50736
21	112	0.910975
21	140	1.59702
21	155	0.859087
22	2	0.908006
22	8	0.814206
22	11	0.829225
22	12	0.80775
22	14	0.902232
22	30	0.919825
22	38	0.893605
22	72	1.16086
22	123	0.804879
22	137	1.20403
22	146	1.38941
22	162	0.917687
22	174	2.39798
23	5	0.80177
23	21	0.872576
23	24	0.950637
23	26	0.842905
23	32	1.28703
23	37	1.57656
23	53	0.941565
23	54	0.827292
23	58	0.83293
23	112	0.900355
23	155	0.848468
23	161	1.46227
23	168	1.7657
24	5	0.890452
24	15	0.867874
24	23	0.950637
24	26	0.931586
24	53	1.03025
24	58	0.921611
24	112	0.989036
24	116	1.04396
24	130	0.89308
24	145	1.41479
24	148	1.22606
24	155	0.937149
24	162	1.17548
24	170	1.92843
25	13	0.890007
25	19	0.846299
25	33	0.89115
25	35	0.794552
25	42	0.853921
25	44	0.85353
25	123	0.770456
25	130	1.8057
25	141	1.56233
25	145	1.53968
25	155	0.829479
25	157	1.64619
25	162	0.883264
25	177	0.809842
26	5	0.782719
26	15	0.760142
26	21	0.853525
26	23	0.842905
26	24	0.931586
26	53	0.922514
26	58	0.813879
26	99	1.3603
26	112	0.881304
26	130	0.785347
26	155	0.829417
26	159	1.42285
26	164	1.45573
26	175	2.31689
27	38	1.65132
27	92	1.57118
27	97	1.67295
27	123	0.745137
27	143	0.800465
27	161	0.794614
27	167	0.769502
27	169	0.763371
27	170	0.742206
27	171	0.812494
27	172	0.741657
27	176	0.711766
27	179	0.742635
27	180	0.757811
28	49	1.17384
28	68	1.36329
28	111	1.10071
28	127	1.07313
28	147	0.886732
28	166	0.837127
28	168	0.842414
28	169	0.853557
28	170	0.832391
28	172	0.831843
28	176	0.801951
28	178	0.816199
28	179	0.83282
28	180	0.847996
29	49	0.811069
29	87	0.841794
29	95	0.813962
29	100	0.838933
29	104	0.777158
29	106	0.839906
29	117	0.816738
29	120	0.805444
29	121	0.832511
29	129	0.802334
29	133	0.827607
29	140	1.64227
29	156	1.56501
29	161	1.71146
29	168	2.01489
30	2	0.935007
30	4	0.984886
30	8	0.841208
30	11	0.856226
30	12	0.834751
30	14	0.929233
30	22	0.919825
30	38	0.920606
30	123	0.83188
30	137	1.29354
30	145	1.52641
30	154	1.29705
30	159	1.51233
30	162	0.944689
30	164	1.54521
31	49	0.823781
31	70	0.780085
31	80	0.824589
31	101	0.800344
31	104	0.78987
31	109	0.840352
31	117	0.82945
31	120	0.818156
31	121	0.845224
31	129	0.815046
31	133	0.840319
31	148	1.47326
31	162	1.42268
31	172	1.9794
31	179	2.06708
32	23	1.28703
32	33	1.21942
32	94	0.887141
32	116	0.88362
32	134	1.57414
32	140	0.830827
32	151	1.20479
32	152	0.874241
32	168	0.78196
32	170	0.771938
32	171	0.842226
32	173	0.817603
32	178	0.755745
32	179	0.772366
32	180	0.787543
33	19	0.913471
33	25	0.89115
33	32	1.21942
33	35	0.861724
33	42	0.921093
33	44	0.920702
33	84	0.97293
33	115	0.93967
33	123	0.837628
33	142	1.87772
33	154	1.08307
33	155	0.896651
33	162	0.950436
33	166	1.82233
33	177	0.877014
34	7	0.875341
34	36	0.79047
34	37	1.89063
34	40	0.843033
34	60	0.7957
34	67	0.843068
34	71	0.769836
34	73	0.817676
34	76	0.825194
34	92	0.826146
34	98	0.797163
34	111	0.834761
34	139	1.57058
34	152	1.51016
34	180	1.91617
35	13	0.860581
35	18	1.33693
35	19	0.816873
35	25	0.794552
35	33	0.861724
35	42	0.824494
35	44	0.824104
35	112	1.53127
35	115	0.843071
35	123	0.74103
35	143	1.81821
35	155	0.800052
35	162	0.853838
35	163	2.02666
35	177	0.780416
36	34	0.79047
36	40	0.853002
36	60	0.805669
36	71	0.779805
36	76	0.835163
36	92	0.836115
36	98	0.807132
36	111	0.84473
36	136	1.5238
36	145	0.796782
36	149	0.839088
36	155	0.817709
36	159	1.62239
36	168	2.02213
36	177	1.77661
37	7	1.17752
37	23	1.57656
37	34	1.89063
37	40	1.54404
37	90	0.841697
37	108	0.811305
37	114	0.828755
37	144	0.84534
37	158	0.815481
37	160	0.844288
37	165	0.790816
37	166	0.757805
37	177	0.795387
37	178	0.736877
37	179	0.753498
37	180	0.768675
38	2	0.908787
38	4	0.958665
38	8	0.814987
38	11	0.830005
38	12	0.808531
38	14	0.903012
38	22	0.893605
38	27	1.65132
38	30	0.920606
38	70	0.831546
38	123	0.80566
38	131	1.52621
38	137	1.22994
38	154	1.23345
38	162	0.918468
38	180	1.68486
39	52	0.831509
39	59	1.90813
39	83	0.808958
39	88	0.796088
39	90	0.833296
39	93	0.828974
39	102	0.779158
39	105	0.812498
39	107	0.800981
39	108	0.802904
39	114	0.820354
39	136	1.61871
39	161	1.81361
39	163	1.94479
39	175	0.699993
39	177	0.786986
40	16	0.895771
40	34	0.843033
40	36	0.853002
40	37	1.54404
40	43	0.89071
40	67	0.9056
40	70	0.837135
40	73	0.880208
40	77	1.3994
40	92	0.888678
40	98	0.859695
40	111	0.897293
40	130	1.61355
40	139	1.224
40	145	0.849345
40	180	1.56959
41	17	1.39683
41	53	1.44434
41	90	1.49479
41	123	0.782039
41	148	0.872068
41	149	1.32469
41	161	0.831515
41	164	0.830132
41	167	0.806403
41	168	0.78913
41	171	0.849395
41	174	0.733613
41	176	0.748667
41	178	0.762914
41	179	0.779536
41	180	0.794712
42	13	0.91995
42	19	0.876241
42	25	0.853921
42	33	0.921093
42	35	0.824494
42	44	0.883472
42	79	1.22167
42	115	0.90244
42	123	0.800399
42	143	1.39911
42	155	0.859421
42	162	0.913207
42	165	1.61617
42	169	1.63998
42	172	1.71155
42	177	0.839784
43	3	0.917683
43	7	0.923018
43	40	0.89071
43	60	0.843377
43	67	0.890745
43	71	0.817513
43	73	0.865353
43	84	1.13866
43	92	0.873822
43	94	1.29398
43	111	0.882438
43	145	0.83449
43	146	1.43068
43	148	1.28943
43	155	0.855417
43	174	2.43925
44	13	0.919559
44	19	0.87585
44	25	0.85353
44	33	0.920702
44	35	0.824104
44	42	0.883472
44	86	1.64504
44	115	0.902049
44	123	0.800008
44	142	1.48558
44	155	0.85903
44	162	0.912816
44	171	0.897027
44	175	1.80026
44	176	1.77365
44	177	0.839393
45	66	0.820885
45	80	0.866684
45	87	0.8966
45	100	0.893739
45	106	0.894712
45	109	0.882446
45	117	0.871544
45	120	0.860251
45	121	0.887318
45	124	1.44368
45	129	0.85714
45	133	0.882414
45	166	1.4662
45	175	1.83626
45	178	1.54425
45	179	1.36139
46	50	1.19042
46	73	0.823326
46	91	1.1545
46	102	1.29602
46	134	1.19057
46	140	0.868265
46	146	0.87903
46	154	0.928805
46	159	0.884235
46	163	0.823365
46	169	0.830541
46	170	0.809376
46	171	0.879664
46	173	0.855041
46	178	0.793183
46	179	0.809805
46	180	0.824981
47	74	0.859315
47	85	0.884747
47	126	0.841683
47	128	0.84449
47	135	0.865377
47	138	0.852308
47	139	1.41703
47	141	1.56322
47	144	0.876534
47	150	0.848165
47	151	0.867454
47	158	0.846676
47	160	0.875483
47	164	1.55936
47	175	0.739588
47	177	1.68071
47	180	1.76262
48	54	1.61673
48	62	0.841049
48	118	0.864967
48	122	0.842734
48	126	0.844723
48	135	0.868418
48	138	0.855348
48	144	0.879575
48	150	0.851205
48	151	0.870495
48	154	1.31267
48	158	0.849716
48	160	0.878523
48	163	1.75544
48	164	1.56082
48	165	1.76405
48	175	0.742629
49	28	1.17384
49	29	0.811069
49	31	0.823781
49	82	0.837485
49	95	0.858991
49	99	1.43606
49	101	0.832661
49	104	0.822187
49	106	0.884935
49	109	0.872669
49	117	0.861767
49	121	0.877541
49	123	1.80213
49	129	0.847363
49	133	0.872636
49	142	2.07798
49	162	1.27339
50	46	1.19042
50	97	0.805233
50	116	1.29617
50	119	0.841613
50	126	0.839548
50	127	0.842041
50	134	0.839082
50	135	0.863243
50	138	0.850173
50	144	0.8744
50	146	1.61952
50	150	0.84603
50	151	0.86532
50	158	0.844541
50	160	0.873348
50	161	1.74923
50	180	1.88906
51	79	1.33768
51	97	0.80514
51	126	0.839455
51	127	0.841948
51	128	0.842262
51	134	0.838989
51	135	0.86315
51	138	0.85008
51	141	1.53281
51	144	0.874307
51	150	0.845937
51	151	0.865227
51	158	0.844448
51	159	1.49608
51	160	0.873255
51	166	2.02005
51	173	1.61232
52	39	0.831509
52	69	0.900975
52	83	0.8622
52	88	0.849329
52	93	0.882216
52	102	0.8324
52	105	0.86574
52	107	0.854222
52	108	0.856146
52	114	0.873596
52	124	1.74774
52	163	1.47377
52	165	1.48238
52	168	1.64602
52	175	0.753235
52	177	0.840228
52	179	1.66545
53	1	1.00927
53	5	0.88138
53	15	0.858802
53	21	0.952185
53	23	0.941565
53	24	1.03025
53	26	0.922514
53	41	1.44434
53	58	0.912539
53	79	1.14744
53	81	0.882502
53	130	0.884007
53	145	1.31992
53	148	1.13119
53	155	0.928077
53	161	1.40214
53	165	1.54194
54	15	0.744528
54	23	0.827292
54	48	1.61673
54	58	0.798266
54	76	1.48768
54	117	0.830031
54	126	1.57839
54	129	0.815628
54	133	0.840901
54	151	1.37251
54	155	0.813803
54	161	0.804257
54	169	0.773014
54	175	0.707173
54	176	0.721409
54	179	0.752278
54	180	0.767454
55	59	1.66114
55	65	0.942758
55	69	0.942283
55	78	1.21011
55	83	0.903507
55	90	0.927845
55	93	0.923523
55	96	1.42496
55	102	0.873707
55	105	0.907047
55	107	0.895529
55	108	0.897453
55	113	1.16582
55	114	0.914903
55	152	1.30044
55	175	0.794542
55	177	0.881535
55	180	1.70645
56	61	1.10433
56	103	0.913372
56	119	0.885611
56	122	0.881556
56	126	0.883545
56	134	0.883079
56	135	0.90724
56	142	1.89198
56	144	0.918397
56	147	1.51008
56	149	0.90946
56	150	0.890027
56	151	0.909317
56	158	0.888538
56	159	1.31262
56	160	0.917345
56	162	1.08739
56	168	1.71236
57	73	0.847479
57	93	0.941581
57	106	1.02937
57	114	0.975368
57	117	0.924215
57	129	0.992332
57	139	0.976297
57	146	0.948152
57	156	0.946787
57	164	0.929523
57	168	0.888521
57	169	0.899663
57	172	0.877949
57	174	0.833003
57	176	0.848058
57	178	0.862305
57	179	0.878927
57	180	0.894103
58	1	0.900634
58	5	0.772745
58	15	0.750167
58	21	0.84355
58	23	0.83293
58	24	0.921611
58	26	0.813879
58	53	0.912539
58	54	0.798266
58	81	0.773866
58	112	0.871329
58	130	0.775372
58	132	2.29161
58	147	1.5261
58	155	0.819442
58	161	1.42495
58	165	1.56474
58	167	1.60247
59	12	1.89956
59	16	1.73117
59	39	1.90813
59	55	1.66114
59	120	0.782096
59	121	0.809163
59	122	0.770636
59	123	0.718138
59	129	0.778986
59	133	0.804259
59	134	0.772159
59	152	0.817511
59	154	0.834636
59	158	0.777619
59	160	0.806425
59	174	0.669712
59	179	0.715636
59	180	0.730812
60	3	0.885205
60	16	0.848438
60	20	0.842448
60	34	0.7957
60	36	0.805669
60	43	0.843377
60	71	0.785035
60	73	0.832875
60	76	0.840393
60	96	1.73604
60	98	0.812363
60	111	0.84996
60	125	1.59014
60	136	1.6828
60	145	0.802012
60	148	1.60674
60	149	0.844318
60	156	1.73124
61	56	1.10433
61	104	1.31154
61	114	1.20543
61	132	0.769956
61	134	1.44478
61	135	1.18412
61	141	0.883126
61	142	0.81148
61	154	0.925688
61	156	0.874548
61	159	0.881118
61	164	0.857284
61	170	0.806259
61	172	0.80571
61	174	0.760764
61	178	0.790066
61	179	0.806688
61	180	0.821864
62	48	0.841049
62	97	0.787919
62	113	1.17164
62	118	0.842477
62	126	0.822233
62	127	0.824726
62	128	0.82504
62	134	0.821767
62	136	1.37755
62	144	0.857085
62	145	0.805842
62	150	0.828715
62	151	0.848005
62	158	0.827226
62	159	1.47614
62	160	0.856033
62	174	2.45131
62	179	1.89531
63	72	0.916066
63	93	1.11441
63	98	1.37373
63	111	1.15996
63	113	0.898936
63	128	1.27216
63	146	0.862709
63	147	0.847396
63	158	1.16835
63	164	0.84408
63	165	0.830801
63	169	0.81422
63	170	0.793055
63	173	0.83872
63	176	0.762615
63	178	0.776862
63	179	0.793484
63	180	0.80866
64	10	1.54572
64	74	1.64708
64	98	1.85132
64	132	0.701263
64	137	0.835683
64	146	0.80722
64	152	0.83987
64	153	0.792728
64	160	1.51484
64	161	0.789974
64	163	0.751555
64	167	0.764862
64	171	0.807854
64	172	0.737017
64	173	0.783231
64	176	0.707126
64	178	0.721373
64	180	0.753171
65	55	0.942758
65	69	0.917675
65	83	0.8789
65	88	0.866029
65	90	0.903238
65	93	0.898916
65	96	1.43938
65	102	0.8491
65	105	0.88244
65	107	0.870922
65	108	0.872846
65	114	0.890296
65	131	1.56221
65	137	1.26594
65	153	1.42216
65	171	1.47554
65	172	1.81621
65	175	0.769935
65	177	0.856928
66	45	0.820885
66	82	0.792495
66	87	0.841833
66	100	0.838972
66	101	0.787671
66	104	0.777197
66	106	0.839945
66	109	0.827679
66	113	1.41172
66	117	0.816777
66	120	0.805483
66	121	0.83255
66	129	0.802373
66	131	0.788011
66	133	0.827646
66	137	1.49742
66	152	1.54634
66	171	1.70702
66	175	2.61025
67	16	0.895806
67	20	0.889816
67	34	0.843068
67	40	0.9056
67	43	0.890745
67	70	0.83717
67	71	0.832403
67	76	0.88776
67	92	0.888712
67	98	0.85973
67	99	1.23568
67	111	0.897328
67	125	1.10698
67	142	1.87759
67	149	0.891686
67	155	0.870307
67	166	1.8222
67	171	1.28903
67	179	1.7174
68	28	1.36329
68	76	0.830095
68	88	0.802106
68	92	0.831047
68	98	0.802065
68	107	0.806999
68	108	0.808922
68	109	0.839772
68	111	0.839663
68	114	0.826372
68	117	0.82887
68	120	0.817576
68	129	0.814466
68	133	0.839739
68	137	1.46927
68	159	1.68806
68	163	1.91556
68	175	0.706011
68	179	2.10723
69	52	0.900975
69	55	0.942283
69	65	0.917675
69	83	0.878425
69	88	0.865554
69	90	0.902763
69	102	0.848625
69	105	0.881964
69	107	0.870447
69	108	0.872371
69	114	0.889821
69	141	1.21607
69	145	1.19342
69	147	1.3768
69	165	1.41544
69	166	1.70332
69	174	2.15451
69	175	0.76946
69	177	0.856453
70	11	0.767166
70	12	0.745691
70	31	0.780085
70	38	0.831546
70	40	0.837135
70	67	0.83717
70	87	0.843127
70	98	0.791266
70	106	0.841239
70	111	0.828864
70	116	1.25635
70	129	0.803667
70	130	1.8932
70	133	0.82894
70	153	1.55053
70	155	0.801843
70	162	0.855628
70	171	1.60391
70	175	2.50714
71	3	0.859341
71	7	0.864676
71	16	0.822574
71	20	0.816584
71	34	0.769836
71	36	0.779805
71	43	0.817513
71	60	0.785035
71	67	0.832403
71	73	0.807011
71	76	0.814528
71	92	0.81548
71	94	1.33172
71	98	0.786498
71	111	0.824096
71	125	1.31058
71	137	1.28304
71	174	2.47699
71	176	2.36926
72	16	1.27839
72	22	1.16086
72	63	0.916066
72	101	1.3407
72	119	1.11936
72	133	0.994746
72	137	0.9322
72	155	1.11897
72	161	0.886491
72	163	0.848071
72	165	0.871829
72	168	0.844105
72	169	0.855248
72	170	0.834083
72	172	0.833534
72	173	0.879748
72	174	0.788588
72	176	0.803642
72	179	0.834511
72	180	0.849687
73	7	0.912516
73	16	0.870414
73	20	0.864424
73	34	0.817676
73	40	0.880208
73	43	0.865353
73	46	0.823326
73	57	0.847479
73	60	0.832875
73	71	0.807011
73	76	0.862368
73	92	0.86332
73	98	0.834338
73	111	0.871936
73	149	0.866294
73	155	0.844915
73	169	1.54574
73	175	2.17986
73	178	1.88786
73	179	1.705
74	47	0.859315
74	64	1.64708
74	91	0.872341
74	110	1.14728
74	118	0.863784
74	119	0.845606
74	122	0.841552
74	126	0.843541
74	127	0.846034
74	128	0.846348
74	135	0.867235
74	138	0.854166
74	140	1.46213
74	141	1.47175
74	150	0.850023
74	151	0.869313
74	158	0.848534
74	160	0.877341
74	172	1.7665
74	180	1.67115
75	89	1.19123
75	109	1.01189
75	110	0.930673
75	117	1.13352
75	127	1.16886
75	140	0.876312
75	141	0.89429
75	149	0.95714
75	151	1.05468
75	153	0.872585
75	156	0.885711
75	159	0.892281
75	165	0.855169
75	166	0.822158
75	169	0.838588
75	172	0.816874
75	173	0.863088
75	178	0.80123
75	179	0.817851
75	180	0.833027
76	3	0.914698
76	20	0.871942
76	34	0.825194
76	36	0.835163
76	54	1.48768
76	60	0.840393
76	67	0.88776
76	68	0.830095
76	71	0.814528
76	73	0.862368
76	92	0.870838
76	94	1.22879
76	111	0.879454
76	140	1.42601
76	145	0.831505
76	149	0.873811
76	155	0.852433
76	167	1.67272
76	177	1.55311
76	179	1.81806
77	21	1.63586
77	40	1.3994
77	86	0.760842
77	95	1.32786
77	125	0.878953
77	135	1.45836
77	140	0.821667
77	147	0.817119
77	154	0.882206
77	155	1.44687
77	159	0.837636
77	165	0.800523
77	166	0.767513
77	171	0.833066
77	172	0.762229
77	173	0.808443
77	176	0.732337
77	178	0.746585
77	179	0.763206
77	180	0.778382
78	6	1.30477
78	16	1.28014
78	55	1.21011
78	91	1.35679
78	132	0.804365
78	135	1.1322
78	137	0.938785
78	142	0.845889
78	146	0.910322
78	151	1.02351
78	153	0.89583
78	161	0.893076
78	169	0.861833
78	171	0.910956
78	172	0.840119
78	174	0.795173
78	175	0.795992
78	176	0.810228
78	179	0.841096
78	180	0.856273
79	42	1.22167
79	51	1.33768
79	53	1.14744
79	89	1.26188
79	92	1.21019
79	136	0.890281
79	139	0.923866
79	144	1.11328
79	146	0.89572
79	157	0.885112
79	163	0.840055
79	168	0.836089
79	169	0.847232
79	170	0.826067
79	171	0.896355
79	173	0.871732
79	176	0.795626
79	178	0.809874
79	179	0.826495
79	180	0.841671
80	31	0.824589
80	45	0.866684
80	82	0.838294
80	94	1.19788
80	95	0.8598
80	99	1.30544
80	100	0.884771
80	101	0.83347
80	104	0.822996
80	106	0.885744
80	109	0.873478
80	117	0.862576
80	120	0.851282
80	121	0.878349
80	129	0.848172
80	132	2.33096
80	133	0.873445
80	152	1.19812
80	157	1.48858
80	166	1.89196
81	1	0.870596
81	5	0.742707
81	12	1.80852
81	19	1.5794
81	20	1.49686
81	53	0.882502
81	58	0.773866
81	103	0.814695
81	107	1.54173
81	111	1.52527
81	126	0.784868
81	135	0.808563
81	142	0.732671
81	155	0.789404
81	158	0.789861
81	160	0.818668
81	161	0.779858
81	168	0.737472
81	171	0.797738
81	179	0.727879
81	180	0.743055
82	10	0.875962
82	49	0.837485
82	66	0.792495
82	80	0.838294
82	87	0.868211
82	95	0.840379
82	100	0.86535
82	101	0.814049
82	104	0.803574
82	109	0.854057
82	117	0.843155
82	120	0.831861
82	121	0.858928
82	129	0.828751
82	132	2.32651
82	133	0.854024
82	143	1.38259
82	154	1.14826
82	165	1.59965
82	166	1.88752
82	177	1.51776
83	39	0.808958
83	52	0.8622
83	55	0.903507
83	65	0.8789
83	69	0.878425
83	88	0.826779
83	90	0.863987
83	93	0.859666
83	102	0.80985
83	105	0.843189
83	107	0.831672
83	108	0.833595
83	114	0.851045
83	137	1.24767
83	163	1.69395
83	165	1.70256
83	169	1.72637
83	173	1.5827
83	175	0.730684
83	177	0.817678
83	179	1.88563
84	14	0.991582
84	33	0.97293
84	43	1.13866
84	93	1.05451
84	107	1.11652
84	121	0.993163
84	126	1.16418
84	132	0.841881
84	141	0.955051
84	159	0.953043
84	161	0.930592
84	163	0.892173
84	164	0.929209
84	166	0.882919
84	167	0.90548
84	171	0.948472
84	172	0.877635
84	174	0.832689
84	178	0.861991
84	179	0.878613
84	180	0.893789
85	47	0.884747
85	91	0.897773
85	97	0.834658
85	115	1.04346
85	118	0.889216
85	119	0.871038
85	122	0.866984
85	125	1.15854
85	126	0.868973
85	127	0.871466
85	128	0.87178
85	138	0.879598
85	144	0.903824
85	147	1.54725
85	150	0.875455
85	151	0.894745
85	158	0.873966
85	160	0.902773
85	168	1.74953
85	169	1.6097
85	170	1.87751
85	177	1.50401
86	44	1.64504
86	77	0.760842
86	111	2.1643
86	127	2.13673
86	131	0.758553
86	132	0.672833
86	156	0.777425
86	157	0.768182
86	158	2.1727
86	161	0.761544
86	163	0.723125
86	164	0.760161
86	165	0.746882
86	166	0.713872
86	167	0.736432
86	168	0.719159
86	170	0.709136
86	173	0.754802
86	176	0.678696
86	178	0.692944
86	179	0.709565
86	180	0.724741
87	29	0.841794
87	45	0.8966
87	66	0.841833
87	70	0.843127
87	82	0.868211
87	95	0.889716
87	99	1.23438
87	100	0.914688
87	101	0.863386
87	104	0.852912
87	106	0.91566
87	109	0.903394
87	120	0.881199
87	121	0.908266
87	124	1.7984
87	129	0.878089
87	133	0.903362
87	146	1.26353
87	159	1.29693
87	171	1.28774
87	176	2.16437
87	177	1.45115
88	17	0.870006
88	39	0.796088
88	52	0.849329
88	65	0.866029
88	68	0.802106
88	69	0.865554
88	83	0.826779
88	90	0.851116
88	93	0.846795
88	102	0.796979
88	105	0.830318
88	107	0.818801
88	108	0.820724
88	112	1.44921
88	114	0.838174
88	116	1.36035
88	136	1.61851
88	153	1.65454
88	173	1.83334
88	175	0.717814
88	177	0.804807
88	178	2.31913
89	75	1.19123
89	79	1.26188
89	103	0.888349
89	115	1.11394
89	118	0.878765
89	119	0.860587
89	122	0.856532
89	127	0.861015
89	128	0.861329
89	130	0.818988
89	134	0.858056
89	135	0.882216
89	138	0.869146
89	149	0.884436
89	150	0.865004
89	151	0.884293
89	153	1.3577
89	158	0.863515
89	160	0.892322
89	161	1.51658
89	175	0.756427
89	176	2.28771
89	180	1.65641
90	17	0.907214
90	37	0.841697
90	39	0.833296
90	41	1.49479
90	55	0.927845
90	65	0.903238
90	69	0.902763
90	83	0.863987
90	88	0.851116
90	93	0.884003
90	102	0.834187
90	105	0.867527
90	107	0.856009
90	108	0.857933
90	114	0.875383
90	156	1.30615
90	161	1.4526
90	162	1.13106
90	166	1.88027
90	168	1.75603
90	175	0.755022
90	177	0.842015
90	180	1.59242
91	46	1.1545
91	74	0.872341
91	78	1.35679
91	85	0.897773
91	119	0.856774
91	122	0.852719
91	126	0.854708
91	127	0.857202
91	128	0.857516
91	134	0.854242
91	135	0.878403
91	138	0.865333
91	139	1.50755
91	143	1.63605
91	144	0.88956
91	148	1.44235
91	150	0.861191
91	151	0.88048
91	158	0.859701
91	160	0.888508
91	162	1.39177
91	167	1.89083
91	175	0.752614
92	3	0.91565
92	16	0.878884
92	20	0.872894
92	27	1.57118
92	34	0.826146
92	36	0.836115
92	40	0.888678
92	43	0.873822
92	67	0.888712
92	68	0.831047
92	71	0.81548
92	73	0.86332
92	76	0.870838
92	79	1.21019
92	98	0.842808
92	111	0.880406
92	139	1.25913
92	145	0.832457
92	149	0.874763
92	154	1.1533
92	170	1.89631
92	177	1.52281
92	179	1.78776
93	9	0.937898
93	39	0.828974
93	52	0.882216
93	55	0.923523
93	57	0.941581
93	63	1.11441
93	65	0.898916
93	83	0.859666
93	84	1.05451
93	88	0.846795
93	90	0.884003
93	99	0.874948
93	102	0.829866
93	105	0.863205
93	107	0.851688
93	108	0.853611
93	114	0.871061
93	139	1.27048
93	168	1.77967
93	174	2.35509
93	175	0.7507
93	177	0.837694
93	180	1.61606
94	1	1.37901
94	21	1.3998
94	32	0.887141
94	43	1.29398
94	71	1.33172
94	76	1.22879
94	80	1.19788
94	125	0.94245
94	137	0.924391
94	140	0.885163
94	148	0.919235
94	153	0.881437
94	157	0.885319
94	160	1.13267
94	163	0.840263
94	165	0.86402
94	168	0.836297
94	173	0.87194
94	174	0.78078
94	176	0.795834
94	178	0.810081
94	179	0.826703
94	180	0.841879
95	10	0.897467
95	29	0.813962
95	49	0.858991
95	77	1.32786
95	80	0.8598
95	82	0.840379
95	87	0.889716
95	100	0.886855
95	101	0.835554
95	104	0.82508
95	106	0.887828
95	109	0.875562
95	117	0.86466
95	120	0.853366
95	121	0.880434
95	129	0.850256
95	133	0.87553
95	136	1.16331
95	156	1.21176
95	159	1.26191
95	176	2.12934
95	178	1.86393
95	179	1.68108
96	11	1.93798
96	55	1.42496
96	60	1.73604
96	65	1.43938
96	100	1.37632
96	132	0.730513
96	133	1.21135
96	136	0.83103
96	141	0.843683
96	143	0.825075
96	146	0.836469
96	148	0.859776
96	159	0.841674
96	162	0.882555
96	165	0.804562
96	166	0.771551
96	168	0.776838
96	169	0.787981
96	172	0.766267
96	173	0.812481
96	174	0.721321
96	178	0.750623
96	179	0.767244
96	180	0.78242
97	27	1.67295
97	50	0.805233
97	51	0.80514
97	62	0.787919
97	85	0.834658
97	103	0.82142
97	122	0.789604
97	124	1.97183
97	126	0.791593
97	127	0.794086
97	128	0.7944
97	134	0.791127
97	135	0.815288
97	138	0.802218
97	144	0.826445
97	150	0.798075
97	151	0.817365
97	153	1.40779
97	158	0.796586
97	160	0.825393
97	173	1.5866
97	174	2.44553
97	175	0.689499
97	180	1.70649
98	3	0.886668
98	7	0.892004
98	16	0.849901
98	20	0.843912
98	34	0.797163
98	36	0.807132
98	40	0.859695
98	60	0.812363
98	63	1.37373
98	64	1.85132
98	67	0.85973
98	68	0.802065
98	70	0.791266
98	71	0.786498
98	73	0.834338
98	92	0.842808
98	111	0.851424
98	113	1.33476
98	131	1.71673
98	137	1.42047
98	145	0.803475
98	149	0.845781
98	152	1.46938
98	155	0.824403
98	172	1.97074
99	11	1.92079
99	21	1.50736
99	26	1.3603
99	49	1.43606
99	67	1.23568
99	80	1.30544
99	87	1.23438
99	93	0.874948
99	102	0.825131
99	105	0.858471
99	107	0.846954
99	114	0.866327
99	128	0.850868
99	138	0.858686
99	145	0.831669
99	150	0.854543
99	158	0.853054
99	160	0.881861
99	168	0.800665
99	169	0.811808
99	176	0.760202
99	177	0.832959
99	178	0.77445
99	179	0.791071
99	180	0.806247
100	29	0.838933
100	45	0.893739
100	66	0.838972
100	80	0.884771
100	82	0.86535
100	87	0.914688
100	95	0.886855
100	96	1.37632
100	101	0.860525
100	104	0.850051
100	106	0.912799
100	109	0.900533
100	117	0.889631
100	120	0.878338
100	121	0.905405
100	129	0.875228
100	133	0.900501
100	139	1.31222
100	140	1.44879
100	149	0.894782
100	153	1.3591
100	156	1.37153
100	157	1.54227
100	167	1.6955
100	173	1.53791
101	31	0.800344
101	49	0.832661
101	66	0.787671
101	72	1.3407
101	80	0.83347
101	82	0.814049
101	87	0.863386
101	95	0.835554
101	100	0.860525
101	104	0.79875
101	106	0.861498
101	109	0.849232
101	117	0.83833
101	120	0.827036
101	121	0.854104
101	125	1.41141
101	129	0.823926
101	131	0.809564
101	133	0.8492
101	143	1.6217
101	145	1.61674
101	149	0.84348
101	154	1.38738
101	178	2.20469
101	180	1.83879
102	9	0.888082
102	17	0.853077
102	39	0.779158
102	46	1.29602
102	52	0.8324
102	55	0.873707
102	65	0.8491
102	69	0.848625
102	83	0.80985
102	88	0.796979
102	90	0.834187
102	93	0.829866
102	99	0.825131
102	105	0.813389
102	107	0.801872
102	108	0.803795
102	112	1.49062
102	114	0.821245
102	115	0.850533
102	130	2.03861
102	136	1.65993
102	153	1.69595
102	162	1.53329
102	172	2.09
102	175	0.700884
102	177	0.787878
103	56	0.913372
103	81	0.814695
103	89	0.888349
103	97	0.82142
103	110	1.2253
103	113	1.20854
103	118	0.875978
103	119	0.857801
103	122	0.853746
103	127	0.858228
103	128	0.858542
103	131	0.847733
103	134	0.855269
103	135	0.87943
103	138	0.86636
103	144	0.890587
103	150	0.862217
103	151	0.881507
103	156	1.46289
103	157	1.63363
103	158	0.860728
103	160	0.889535
103	164	1.54591
103	167	1.78687
103	177	1.66726
103	180	1.74917
104	29	0.777158
104	31	0.78987
104	49	0.822187
104	61	1.31154
104	66	0.777197
104	80	0.822996
104	82	0.803574
104	87	0.852912
104	95	0.82508
104	100	0.850051
104	101	0.79875
104	106	0.851024
104	109	0.838758
104	117	0.827856
104	120	0.816562
104	121	0.84363
104	123	1.82334
104	125	1.32859
104	129	0.813452
104	131	0.79909
104	133	0.838725
104	136	1.42124
104	149	0.833006
104	161	1.61614
104	175	2.41387
104	179	1.939
105	9	0.921421
105	17	0.886416
105	39	0.812498
105	52	0.86574
105	55	0.907047
105	65	0.88244
105	69	0.881964
105	83	0.843189
105	88	0.830318
105	90	0.867527
105	93	0.863205
105	99	0.858471
105	102	0.813389
105	107	0.835211
105	108	0.837135
105	112	1.21395
105	114	0.854585
105	115	0.883873
105	130	1.76194
105	146	1.44844
105	147	1.6793
105	156	1.4317
105	164	1.51472
105	173	1.59808
105	175	0.734224
105	177	0.821217
105	178	2.08387
106	10	0.923411
106	29	0.839906
106	45	0.894712
106	49	0.884935
106	57	1.02937
106	66	0.839945
106	70	0.841239
106	80	0.885744
106	87	0.91566
106	95	0.887828
106	100	0.912799
106	101	0.861498
106	104	0.851024
106	109	0.901506
106	116	1.11096
106	117	0.890604
106	120	0.87931
106	121	0.906378
106	129	0.8762
106	133	0.901474
106	143	1.48676
106	149	0.895754
106	154	1.25243
106	162	1.24248
106	164	1.50059
106	168	1.86745
106	170	1.99543
106	177	1.62193
107	9	0.909904
107	17	0.874899
107	39	0.800981
107	52	0.854222
107	55	0.895529
107	65	0.870922
107	68	0.806999
107	69	0.870447
107	81	1.54173
107	83	0.831672
107	84	1.11652
107	88	0.818801
107	90	0.856009
107	93	0.851688
107	99	0.846954
107	102	0.801872
107	105	0.835211
107	108	0.825618
107	114	0.843067
107	115	0.872356
107	156	1.3918
107	157	1.56254
107	162	1.21672
107	169	1.70186
107	172	1.77343
107	175	0.722707
107	176	2.30938
107	177	0.8097
108	9	0.911827
108	17	0.876822
108	18	1.24509
108	37	0.811305
108	39	0.802904
108	52	0.856146
108	55	0.897453
108	65	0.872846
108	68	0.808922
108	69	0.872371
108	83	0.833595
108	88	0.820724
108	90	0.857933
108	93	0.853611
108	102	0.803795
108	105	0.837135
108	107	0.825618
108	110	1.4196
108	114	0.844991
108	115	0.874279
108	140	1.73445
108	145	1.72141
108	153	1.64476
108	156	1.65719
108	162	1.4821
108	163	1.93483
108	175	0.72463
108	177	0.811623
109	31	0.840352
109	45	0.882446
109	49	0.872669
109	66	0.827679
109	68	0.839772
109	75	1.01189
109	80	0.873478
109	82	0.854057
109	87	0.903394
109	95	0.875562
109	100	0.900533
109	101	0.849232
109	104	0.838758
109	106	0.901506
109	117	0.878338
109	120	0.867044
109	121	0.894112
109	129	0.863934
109	130	1.52103
109	131	0.849572
109	133	0.889208
109	141	1.27767
109	149	0.883488
109	157	1.36153
109	163	1.46843
109	170	1.76865
109	174	2.2161
109	177	1.39515
109	180	1.47707
110	4	1.1506
110	74	1.14728
110	75	0.930673
110	103	1.2253
110	108	1.4196
110	113	0.930203
110	125	0.940498
110	133	0.968968
110	136	0.888537
110	138	1.24128
110	139	0.922121
110	142	0.829543
110	143	0.882581
110	147	0.878663
110	150	1.12316
110	154	0.943751
110	155	1.09319
110	160	1.01504
110	161	0.87673
110	164	0.875347
110	167	0.851618
110	168	0.834344
110	171	0.89461
110	173	0.869987
110	174	0.778827
110	176	0.793882
110	178	0.808129
110	179	0.824751
110	180	0.839927
111	3	0.924266
111	7	0.929602
111	16	0.887499
111	20	0.88151
111	28	1.10071
111	34	0.834761
111	36	0.84473
111	40	0.897293
111	43	0.882438
111	60	0.84996
111	63	1.15996
111	67	0.897328
111	68	0.839663
111	70	0.828864
111	71	0.824096
111	73	0.871936
111	76	0.879454
111	81	1.52527
111	86	2.1643
111	92	0.880406
111	98	0.851424
111	125	1.23423
111	139	1.31603
111	141	1.46221
111	145	0.841073
111	149	0.883379
111	152	1.25561
111	155	0.862
111	157	1.54607
112	2	1.012
112	13	1.041
112	19	1.21172
112	21	0.910975
112	23	0.900355
112	24	0.989036
112	26	0.881304
112	35	1.53127
112	58	0.871329
112	88	1.44921
112	102	1.49062
112	105	1.21395
112	119	0.884396
112	126	0.882331
112	129	1.16278
112	130	0.842797
112	133	0.988804
112	150	0.888813
112	151	0.908103
112	155	0.886867
112	158	0.887324
112	160	0.916131
112	167	0.852208
112	172	0.824364
112	174	0.779418
112	176	0.794472
112	178	0.80872
112	179	0.825341
112	180	0.840517
113	55	1.16582
113	62	1.17164
113	63	0.898936
113	66	1.41172
113	98	1.33476
113	103	1.20854
113	110	0.930203
113	126	1.18511
113	134	1.34858
113	135	1.08792
113	141	0.89382
113	146	0.886606
113	152	0.919256
113	153	0.872115
113	154	0.936382
113	156	0.885241
113	158	1.12938
113	163	0.830941
113	165	0.854699
113	167	0.844248
113	168	0.826975
113	170	0.816953
113	171	0.887241
113	172	0.816404
113	173	0.862618
113	174	0.771458
113	176	0.786512
113	178	0.80076
113	179	0.817381
113	180	0.832557
114	9	0.929277
114	17	0.894272
114	37	0.828755
114	39	0.820354
114	52	0.873596
114	55	0.914903
114	57	0.975368
114	61	1.20543
114	65	0.890296
114	68	0.826372
114	69	0.889821
114	83	0.851045
114	88	0.838174
114	90	0.875383
114	93	0.871061
114	99	0.866327
114	102	0.821245
114	105	0.854585
114	107	0.843067
114	108	0.844991
114	115	0.891729
114	124	1.91518
114	131	1.49119
114	147	1.61118
114	154	1.19843
114	167	1.68755
114	170	1.94144
114	175	0.74208
114	177	0.829073
114	180	1.64985
115	20	1.09075
115	33	0.93967
115	35	0.843071
115	42	0.90244
115	44	0.902049
115	85	1.04346
115	89	1.11394
115	102	0.850533
115	105	0.883873
115	107	0.872356
115	108	0.874279
115	114	0.891729
115	118	1.29092
115	122	1.32673
115	138	1.22268
115	148	0.909005
115	150	1.10456
115	151	0.977392
115	155	0.877998
115	160	0.996442
115	161	0.868452
115	162	0.931784
115	165	0.85379
115	171	0.886333
115	172	0.815496
115	175	0.771368
115	177	0.858361
115	179	0.816473
115	180	0.831649
116	11	1.62658
116	24	1.04396
116	32	0.88362
116	50	1.29617
116	70	1.25635
116	88	1.36035
116	106	1.11096
116	120	1.13045
116	122	1.2763
116	128	1.18093
116	146	0.892407
116	147	0.877095
116	148	0.915714
116	152	0.925057
116	153	0.877916
116	154	0.942182
116	156	0.891042
116	157	0.881799
116	165	0.860499
116	166	0.827489
116	167	0.850049
116	169	0.843919
116	172	0.822205
116	173	0.868419
116	174	0.777259
116	175	0.778077
116	176	0.792313
116	178	0.806561
116	179	0.823182
116	180	0.838358
117	10	0.900243
117	29	0.816738
117	31	0.82945
117	45	0.871544
117	49	0.861767
117	54	0.830031
117	57	0.924215
117	66	0.816777
117	68	0.82887
117	75	1.13352
117	80	0.862576
117	82	0.843155
117	95	0.86466
117	100	0.889631
117	101	0.83833
117	104	0.827856
117	106	0.890604
117	109	0.878338
117	120	0.856142
117	121	0.88321
117	129	0.853032
117	133	0.878306
117	145	1.37664
117	149	0.872586
117	164	1.39544
117	165	1.59867
117	166	1.88654
117	169	1.62248
117	175	2.2566
117	177	1.51678
118	48	0.864967
118	62	0.842477
118	74	0.863784
118	85	0.889216
118	89	0.878765
118	103	0.875978
118	115	1.29092
118	119	0.848217
118	122	0.844162
118	126	0.846151
118	127	0.848644
118	128	0.848958
118	134	0.845685
118	135	0.869846
118	138	0.856776
118	140	1.62437
118	144	0.881003
118	146	1.56384
118	149	0.872066
118	150	0.852633
118	151	0.871923
118	152	1.42738
118	153	1.53468
118	154	1.38197
118	158	0.851144
118	159	1.59725
118	160	0.879951
118	164	1.63013
118	165	1.83335
118	175	0.744057
119	50	0.841613
119	56	0.885611
119	72	1.11936
119	74	0.845606
119	85	0.871038
119	89	0.860587
119	91	0.856774
119	103	0.857801
119	112	0.884396
119	118	0.848217
119	122	0.825984
119	124	1.88277
119	126	0.827973
119	127	0.830467
119	134	0.827508
119	135	0.851668
119	138	0.838598
119	141	1.41804
119	144	0.862825
119	148	1.20666
119	149	0.853888
119	150	0.834456
119	151	0.853745
119	158	0.832967
119	160	0.861774
119	169	1.64123
119	173	1.49755
119	175	0.725879
119	176	2.24874
119	177	1.53553
119	179	1.80048
120	10	0.888949
120	29	0.805444
120	31	0.818156
120	45	0.860251
120	59	0.782096
120	66	0.805483
120	68	0.817576
120	80	0.851282
120	82	0.831861
120	87	0.881199
120	95	0.853366
120	100	0.878338
120	101	0.827036
120	104	0.816562
120	106	0.87931
120	109	0.867044
120	116	1.13045
120	117	0.856142
120	121	0.871916
120	129	0.841739
120	130	1.7673
120	131	0.827377
120	133	0.867012
120	146	1.4538
120	149	0.861293
120	152	1.31733
120	156	1.43706
120	162	1.26197
120	171	1.47801
120	175	2.38124
120	178	2.08923
121	10	0.916017
121	29	0.832511
121	31	0.845224
121	45	0.887318
121	49	0.877541
121	59	0.809163
121	66	0.83255
121	80	0.878349
121	82	0.858928
121	84	0.993163
121	87	0.908266
121	95	0.880434
121	100	0.905405
121	101	0.854104
121	104	0.84363
121	106	0.906378
121	109	0.894112
121	117	0.88321
121	120	0.871916
121	129	0.868806
121	130	1.59868
121	131	0.854444
121	133	0.894079
121	141	1.35532
121	146	1.28518
121	149	0.88836
121	166	1.84256
121	167	1.59242
121	168	1.71833
121	170	1.84631
121	171	1.30939
121	173	1.43483
122	48	0.842734
122	56	0.881556
122	59	0.770636
122	74	0.841552
122	85	0.866984
122	89	0.856532
122	91	0.852719
122	97	0.789604
122	103	0.853746
122	115	1.32673
122	116	1.2763
122	118	0.844162
122	119	0.825984
122	125	1.44181
122	126	0.823919
122	128	0.826726
122	134	0.823453
122	135	0.847614
122	138	0.834544
122	144	0.85877
122	146	1.59965
122	148	1.45841
122	149	0.849833
122	150	0.830401
122	151	0.849691
122	158	0.828912
122	160	0.857719
122	169	1.89297
122	171	1.62387
122	172	1.96454
122	175	0.721824
122	180	1.86919
123	8	0.726262
123	11	0.74128
123	14	0.814287
123	22	0.804879
123	25	0.770456
123	27	0.745137
123	30	0.83188
123	33	0.837628
123	35	0.74103
123	38	0.80566
123	41	0.782039
123	42	0.800399
123	44	0.800008
123	49	1.80213
123	59	0.718138
123	104	1.82334
123	133	1.56021
123	143	0.772262
123	144	1.57519
123	149	1.4897
123	150	1.7144
123	155	0.775957
123	159	0.788861
123	160	1.60628
123	162	0.829742
123	165	0.751749
123	170	0.714003
123	173	0.759668
123	174	0.668508
123	177	0.75632
123	179	0.714431
123	180	0.729607
124	45	1.44368
124	52	1.74774
124	87	1.7984
124	97	1.97183
124	114	1.91518
124	119	1.88277
124	132	0.69236
124	139	0.826463
124	142	0.733884
124	143	0.786923
124	146	0.798317
124	147	0.783005
124	148	0.821624
124	152	0.830967
124	153	0.783826
124	154	0.848092
124	156	0.796952
124	159	0.803522
124	160	1.80424
124	161	0.781071
124	163	0.742652
124	164	0.779688
124	167	0.755959
124	169	0.749829
124	171	0.798952
124	172	0.728115
124	173	0.774329
124	174	0.683169
124	176	0.698223
124	178	0.712471
124	179	0.729092
124	180	0.744268
125	17	1.06708
125	60	1.59014
125	67	1.10698
125	71	1.31058
125	77	0.878953
125	85	1.15854
125	94	0.94245
125	101	1.41141
125	104	1.32859
125	110	0.940498
125	111	1.23423
125	122	1.44181
125	126	1.29836
125	141	0.904114
125	152	0.929551
125	156	0.895536
125	157	0.886293
125	161	0.879655
125	166	0.831983
125	167	0.854543
125	168	0.83727
125	169	0.848413
125	170	0.827247
125	171	0.897536
125	172	0.826699
125	173	0.872913
125	174	0.781753
125	175	0.782571
125	176	0.796807
125	177	0.869564
125	178	0.811055
125	179	0.827676
125	180	0.842852
126	47	0.841683
126	48	0.844723
126	50	0.839548
126	51	0.839455
126	54	1.57839
126	56	0.883545
126	62	0.822233
126	74	0.843541
126	81	0.784868
126	84	1.16418
126	85	0.868973
126	91	0.854708
126	97	0.791593
126	112	0.882331
126	113	1.18511
126	118	0.846151
126	119	0.827973
126	122	0.823919
126	125	1.29836
126	128	0.828715
126	134	0.825442
126	135	0.849603
126	138	0.836533
126	143	1.50865
126	144	0.86076
126	145	0.809516
126	150	0.83239
126	151	0.85168
126	158	0.830901
126	160	0.859708
126	171	1.48041
126	173	1.60585
126	177	1.64383
126	178	2.09164
126	179	1.90878
127	6	0.884307
127	28	1.07313
127	50	0.842041
127	51	0.841948
127	62	0.824726
127	74	0.846034
127	75	1.16886
127	85	0.871466
127	86	2.13673
127	89	0.861015
127	91	0.857202
127	97	0.794086
127	103	0.858228
127	118	0.848644
127	119	0.830467
127	128	0.831208
127	131	0.820399
127	132	2.36088
127	134	0.827935
127	135	0.852096
127	138	0.839026
127	140	1.42502
127	141	1.43464
127	144	0.863253
127	145	0.812009
127	149	0.854315
127	150	0.834883
127	151	0.854173
127	156	1.34776
127	158	0.833394
127	160	0.862201
127	161	1.49421
127	167	1.67173
127	175	0.726307
127	177	1.55212
128	6	0.884621
128	47	0.84449
128	51	0.842262
128	62	0.82504
128	63	1.27216
128	74	0.846348
128	85	0.87178
128	89	0.861329
128	91	0.857516
128	97	0.7944
128	99	0.850868
128	103	0.858542
128	116	1.18093
128	118	0.848958
128	122	0.826726
128	126	0.828715
128	127	0.831208
128	134	0.828249
128	135	0.85241
128	138	0.83934
128	144	0.863567
128	145	0.812323
128	147	1.73514
128	148	1.36303
128	150	0.835197
128	151	0.854487
128	154	1.3224
128	157	1.65827
128	158	0.833708
128	160	0.862515
128	164	1.57056
128	169	1.7976
128	172	1.86916
128	175	0.726621
128	178	2.13971
129	10	0.885839
129	29	0.802334
129	31	0.815046
129	45	0.85714
129	49	0.847363
129	54	0.815628
129	57	0.992332
129	59	0.778986
129	66	0.802373
129	68	0.814466
129	70	0.803667
129	80	0.848172
129	82	0.828751
129	87	0.878089
129	95	0.850256
129	100	0.875228
129	101	0.823926
129	104	0.813452
129	106	0.8762
129	109	0.863934
