1	50	0.719349
1	115	2.75492
1	141	0.715656
1	144	0.714705
1	157	0.728967
1	160	0.719889
1	162	0.715602
1	163	0.715435
1	167	2.57221
1	168	0.731504
1	170	0.71377
1	173	0.724806
2	56	2.60277
2	136	0.712968
2	150	2.77928
2	157	0.722821
2	160	0.713742
2	162	0.709456
2	168	0.725358
2	169	0.707891
2	170	0.707623
2	172	0.729647
2	173	0.71866
2	177	0.751169
3	45	3.54239
3	53	0.725846
3	105	1.80336
3	106	0.70789
3	117	0.72693
3	130	0.704542
3	151	0.723758
3	168	0.729699
3	169	0.712231
3	170	0.711964
3	172	0.733988
3	173	0.723001
4	62	2.44065
4	73	0.696452
4	103	0.69262
4	105	2.87257
4	151	0.722725
4	157	0.726129
4	163	0.712597
4	168	0.728666
4	169	0.711199
4	172	0.732955
4	173	0.721968
4	177	0.754477
5	7	0.829074
5	100	1.63348
5	123	1.91418
5	128	0.806016
5	133	0.78497
5	136	0.785286
5	143	2.06443
5	168	0.797676
5	170	0.779941
5	172	0.801965
5	173	0.790978
5	177	0.823487
6	53	0.721674
6	130	0.700369
6	136	0.713136
6	146	3.19647
6	155	2.12687
6	157	0.722989
6	168	0.725526
6	169	0.708058
6	170	0.707791
6	172	0.729815
6	173	0.718828
6	177	0.751336
7	5	0.829074
7	48	0.795257
7	71	0.770654
7	90	0.797102
7	93	0.803018
7	100	2.139
7	108	0.773013
7	111	1.62458
7	121	1.83152
7	128	0.811902
7	133	0.790857
7	177	0.829373
8	16	0.809696
8	17	0.816422
8	44	0.78325
8	81	0.813717
8	87	0.800449
8	95	0.788357
8	135	1.34724
8	137	1.35107
8	148	0.784485
8	155	0.806849
8	165	0.796474
8	179	2.93941
9	66	2.20409
9	80	0.745452
9	83	0.741956
9	91	0.728162
9	96	0.722155
9	100	0.736343
9	101	0.725595
9	107	0.702384
9	109	0.700988
9	112	0.692686
9	143	0.704674
9	176	3.14069
10	31	0.684124
10	41	0.670731
10	60	0.760351
10	90	0.722256
10	93	0.728172
10	108	0.698167
10	115	2.80086
10	118	0.729413
10	128	0.737056
10	133	0.71601
10	155	2.52059
10	177	0.754527
11	67	0.709574
11	76	0.742126
11	80	0.747739
11	86	0.731898
11	91	0.730448
11	101	0.727881
11	103	2.9448
11	107	0.70467
11	109	0.703274
11	112	0.694972
11	143	0.70696
11	158	2.40509
12	64	0.70616
12	102	0.713885
12	130	0.703933
12	147	1.78169
12	162	0.713187
12	168	0.729089
12	169	0.711622
12	170	0.711354
12	172	0.733379
12	173	0.722391
12	177	0.7549
12	178	3.55735
13	79	0.742576
13	136	0.713345
13	151	0.719794
13	157	0.723197
13	159	2.90685
13	163	0.709666
13	168	0.725735
13	169	0.708267
13	170	0.708
13	172	0.730024
13	173	0.719037
13	175	2.44645
14	61	0.813902
14	142	0.697596
14	147	0.764192
14	149	0.733408
14	151	2.20487
14	161	0.74193
14	165	0.742944
14	172	2.06568
14	174	0.67495
14	178	0.679803
14	179	0.671274
14	180	0.680279
15	17	0.729112
15	39	0.649392
15	40	0.719376
15	47	0.704165
15	77	0.730996
15	81	0.726408
15	87	0.71314
15	95	0.701048
15	97	3.49559
15	148	0.697175
15	155	0.719539
15	165	0.709164
15	166	2.27583
16	8	0.809696
16	40	0.78338
16	44	0.759945
16	81	0.790412
16	87	0.777144
16	95	0.765052
16	124	0.79715
16	145	1.85077
16	148	0.76118
16	155	0.783543
16	161	1.99349
16	164	2.16707
16	165	0.773168
17	8	0.816422
17	15	0.729112
17	40	0.790106
17	42	2.2873
17	44	0.76667
17	47	0.774895
17	81	0.797137
17	87	0.783869
17	95	0.771777
17	123	1.29893
17	155	0.790269
17	165	0.779894
17	179	2.46493
18	47	4.87167
18	57	0.692077
18	143	0.658923
18	145	0.681648
18	156	0.69138
18	159	0.627362
18	166	0.661306
18	171	0.648879
18	175	0.667193
18	176	0.634
18	178	0.615077
18	179	0.606548
18	180	0.615553
19	58	1.52618
19	65	0.75928
19	102	0.912749
19	139	0.831587
19	149	0.807996
19	157	1.93831
19	161	0.816518
19	174	0.749538
19	175	0.806507
19	176	0.773315
19	178	0.754391
19	179	0.745862
19	180	0.754867
20	25	1.08416
20	70	0.748595
20	84	0.747516
20	85	0.788759
20	102	0.776682
20	116	1.89186
20	157	0.789349
20	163	0.775817
20	169	0.774419
20	172	0.796175
20	173	0.785188
20	177	0.817697
20	178	3.00945
21	56	0.706463
21	58	0.755324
21	67	0.688781
21	76	0.721333
21	80	0.726946
21	86	0.711104
21	88	2.98335
21	89	0.70818
21	96	0.703648
21	101	0.707088
21	107	0.683877
21	114	2.73821
21	143	0.686167
22	69	0.687192
22	117	0.718271
22	125	0.703736
22	136	0.70865
22	145	2.83445
22	160	0.709424
22	163	0.704971
22	165	2.91775
22	168	0.72104
22	169	0.703572
22	170	0.703305
22	172	0.725329
22	173	0.714342
23	43	2.22589
23	133	2.39974
23	143	0.725427
23	154	0.73735
23	158	0.730428
23	161	0.743708
23	171	0.715383
23	174	0.676728
23	175	0.733697
23	176	0.700505
23	178	0.681581
23	179	0.673052
23	180	0.682057
24	129	0.69485
24	130	0.693434
24	141	0.702743
24	150	2.94283
24	154	2.81242
24	157	0.716054
24	160	0.706975
24	162	0.702689
24	163	0.702522
24	169	0.701124
24	172	0.722881
24	173	0.711893
24	177	0.744402
25	20	1.08416
25	71	1.96138
25	73	1.6366
25	145	0.817172
25	149	0.804206
25	155	0.824116
25	159	0.762886
25	164	0.798865
25	171	0.784403
25	174	0.745748
25	176	0.769524
25	179	0.742072
25	180	0.751077
26	40	2.22805
26	139	0.746749
26	147	0.753942
26	153	0.724119
26	156	0.745856
26	159	0.681838
26	161	0.73168
26	167	0.726829
26	172	2.48196
26	176	0.688476
26	178	0.669553
26	179	0.661024
26	180	0.670029
27	40	2.3562
27	89	0.743165
27	96	0.738634
27	109	0.717467
27	112	0.709165
27	120	0.718696
27	143	0.721153
27	153	0.731874
27	168	2.35592
27	176	0.696231
27	178	0.677307
27	179	0.668778
27	180	0.677783
28	31	0.676018
28	41	0.662625
28	43	0.72728
28	48	0.712305
28	49	0.70773
28	71	0.687702
28	98	0.721189
28	118	0.721307
28	128	0.72895
28	133	0.707905
28	135	3.10564
28	156	2.62804
28	177	0.746421
29	45	0.640935
29	131	0.679278
29	145	0.689545
29	149	0.676578
29	150	0.679818
29	153	0.67754
29	159	0.635258
29	170	4.92677
29	174	0.618121
29	176	0.641897
29	178	0.622974
29	179	0.614444
29	180	0.623449
30	41	0.745604
30	52	0.783299
30	60	0.835224
30	90	0.797129
30	93	0.803045
30	118	0.804286
30	128	0.811929
30	133	0.790884
30	138	1.30161
30	143	2.05093
30	176	2.2638
30	177	0.8294
31	10	0.684124
31	28	0.676018
31	41	0.669587
31	48	0.719267
31	71	0.694664
31	93	0.727029
31	108	0.697024
31	118	0.728269
31	128	0.735912
31	133	0.714867
31	137	2.08918
31	177	0.753384
31	179	3.67752
32	134	0.774139
32	141	0.773869
32	143	2.37177
32	150	1.92512
32	153	1.72248
32	157	0.78718
32	160	0.778101
32	162	0.773815
32	163	0.773648
32	168	0.789717
32	170	0.771982
32	172	0.794007
32	173	0.783019
33	46	1.82403
33	134	1.30356
33	142	0.768632
33	145	0.817411
33	152	0.77007
33	158	0.799686
33	160	1.30237
33	164	0.799104
33	166	0.797068
33	171	0.784642
33	176	0.769763
33	179	0.74231
33	180	0.751315
34	103	0.740753
34	126	1.83056
34	134	0.761221
34	136	0.76441
34	158	2.2065
34	160	0.765184
34	162	0.760897
34	163	0.76073
34	168	0.776799
34	169	0.759332
34	170	0.759064
34	171	2.37239
34	172	0.781089
34	173	0.770101
35	76	1.85108
35	87	1.13614
35	91	1.7637
35	139	0.79658
35	141	0.772785
35	156	0.795687
35	167	0.77666
35	168	0.788634
35	169	0.771167
35	170	0.770899
35	173	0.781936
35	174	0.714531
35	179	0.710855
35	180	0.71986
36	56	2.16495
36	85	0.765178
36	110	0.783859
36	126	1.93994
36	130	0.743148
36	144	0.751506
36	149	2.32485
36	160	0.75669
36	163	0.752236
36	168	0.768305
36	170	0.75057
36	172	0.772595
36	173	0.761607
36	177	0.794116
37	41	0.652412
37	43	0.717067
37	46	0.698039
37	49	0.697517
37	61	2.77491
37	71	0.677489
37	90	0.703937
37	93	0.709853
37	108	0.679848
37	118	0.711094
37	128	0.718737
37	133	0.697691
37	156	3.35483
37	177	0.736208
38	80	2.19621
38	97	0.710148
38	114	0.77476
38	118	2.82392
38	120	0.709871
38	142	0.686275
38	154	0.724251
38	167	0.725758
38	174	0.663629
38	175	0.720598
38	176	0.687405
38	178	0.668482
38	179	0.659953
38	180	0.668958
39	15	0.649392
39	40	0.710385
39	44	0.68695
39	47	0.695174
39	77	0.722005
39	81	0.717417
39	87	0.704149
39	95	0.692057
39	124	0.724154
39	148	0.688185
39	154	2.50526
39	155	0.710548
39	165	0.700173
39	180	3.63752
40	15	0.719376
40	16	0.78338
40	17	0.790106
40	26	2.22805
40	27	2.3562
40	39	0.710385
40	47	0.765158
40	81	0.787401
40	87	0.774133
40	95	0.762041
40	148	0.758169
40	155	0.780533
40	156	1.27841
40	165	0.770158
41	10	0.670731
41	28	0.662625
41	30	0.745604
41	31	0.669587
41	37	0.652412
41	43	0.720849
41	46	0.701821
41	48	0.705874
41	93	0.713635
41	118	0.714876
41	133	0.701474
41	159	3.50254
41	166	2.64702
41	177	0.73999
42	17	2.2873
42	65	0.678398
42	68	0.714236
42	70	0.699469
42	107	3.02912
42	169	0.725292
42	172	0.747048
42	173	0.736061
42	174	0.668656
42	175	0.725626
42	176	0.692433
42	178	0.673509
42	179	0.66498
42	180	0.673985
43	23	2.22589
43	28	0.72728
43	37	0.717067
43	41	0.720849
43	46	0.766475
43	60	0.810469
43	90	0.772374
43	108	0.748285
43	118	0.779531
43	128	0.787174
43	131	1.43048
43	133	0.766128
43	140	2.50836
43	177	0.804645
44	8	0.78325
44	16	0.759945
44	17	0.76667
44	39	0.68695
44	47	0.741723
44	62	1.09992
44	81	0.763966
44	87	0.750698
44	95	0.738606
44	103	3.13617
44	120	2.56176
44	124	0.770703
44	148	0.734733
44	155	0.757097
44	165	0.746722
45	3	3.54239
45	29	0.640935
45	81	0.732011
45	87	0.718742
45	95	0.706651
45	128	2.16663
45	132	0.698945
45	137	0.743521
45	148	0.702778
45	155	0.725142
45	165	0.714767
45	176	0.67055
45	178	0.651626
45	179	0.643097
45	180	0.652102
46	33	1.82403
46	37	0.698039
46	41	0.701821
46	43	0.766475
46	52	0.739516
46	60	0.791441
46	72	2.10873
46	90	0.753346
46	94	0.759701
46	108	0.729257
46	118	0.760503
46	128	0.768146
46	133	0.7471
46	167	2.59155
46	177	0.785617
47	15	0.704165
47	17	0.774895
47	18	4.87167
47	39	0.695174
47	40	0.765158
47	44	0.741723
47	81	0.77219
47	87	0.758922
47	95	0.74683
47	97	1.38799
47	124	0.778928
47	137	0.328318
47	148	0.742958
47	155	0.765322
47	165	0.754946
48	7	0.795257
48	28	0.712305
48	31	0.719267
48	41	0.705874
48	52	0.743569
48	71	0.730951
48	90	0.757399
48	98	0.764438
48	104	0.758488
48	128	0.772199
48	131	2.2997
48	133	0.751153
48	145	2.05253
48	175	2.47249
48	177	0.78967
49	28	0.70773
49	37	0.697517
49	52	0.738994
49	60	0.79092
49	62	1.43124
49	93	0.75874
49	94	0.759179
49	98	0.759863
49	108	0.728736
49	113	2.44606
49	118	0.759981
49	128	0.767624
49	129	2.90661
49	133	0.746579
49	177	0.785095
50	1	0.719349
50	106	0.7382
50	110	0.775563
50	143	2.61423
50	149	2.15096
50	151	0.754068
50	154	2.03717
50	157	0.757472
50	160	0.748394
50	162	0.744107
50	168	0.760009
50	169	0.742542
50	170	0.742274
50	172	0.764299
50	173	0.753311
51	125	2.01509
51	134	1.89117
51	137	0.802765
51	138	0.800198
51	145	0.777442
51	159	0.723156
51	164	0.759135
51	166	0.757099
51	167	0.768146
51	168	1.30857
51	174	0.706018
51	175	0.762987
51	176	0.729794
51	178	0.710871
51	179	0.702342
52	30	0.783299
52	46	0.739516
52	48	0.743569
52	49	0.738994
52	90	0.745414
52	97	3.11641
52	98	0.752453
52	104	0.746503
52	108	0.721326
52	118	0.752571
52	128	0.760214
52	129	2.1359
52	133	0.739169
52	156	1.57531
52	177	0.777685
53	3	0.725846
53	6	0.721674
53	70	0.725022
53	106	0.746503
53	110	0.783866
53	141	0.752464
53	158	1.97461
53	160	0.756697
53	161	1.83204
53	163	0.752243
53	169	0.750845
53	170	0.750578
53	172	0.772602
53	173	0.761615
53	180	3.00206
54	90	1.88252
54	99	0.786499
54	127	0.732956
54	145	0.771968
54	158	0.754244
54	160	2.05977
54	161	0.767524
54	162	1.65215
54	166	0.751626
54	167	0.762673
54	171	0.739199
54	174	0.700544
54	176	0.724321
54	178	0.705397
54	179	0.696868
54	180	0.705873
55	62	0.830299
55	93	1.62651
55	114	0.799046
55	115	0.733743
55	130	2.19665
55	136	1.79014
55	147	0.777157
55	164	0.741032
55	166	0.738996
55	167	0.750043
55	171	0.72657
55	174	0.687915
55	175	0.744884
55	178	0.692768
55	179	0.684238
55	180	0.693244
56	2	2.60277
56	21	0.706463
56	36	2.16495
56	76	0.776818
56	83	0.778933
56	86	0.766589
56	109	0.737965
56	112	0.729663
56	126	0.772465
56	128	1.3413
56	149	0.751411
56	166	0.744035
56	175	0.749922
56	178	0.697806
56	179	0.689277
56	180	0.698282
57	18	0.692077
57	63	1.87477
57	66	0.785041
57	86	1.76693
57	89	1.91356
57	142	0.728458
57	146	0.72101
57	154	0.766434
57	156	0.786968
57	158	0.759512
57	171	0.744467
57	175	0.762781
57	176	0.729588
57	178	0.710665
57	179	0.702136
57	180	0.711141
58	19	1.52618
58	21	0.755324
58	67	0.793127
58	76	0.825679
58	80	0.831292
58	86	0.815451
58	89	0.812526
58	91	0.814001
58	96	0.807994
58	99	1.67729
58	107	0.788223
58	109	0.786827
58	112	0.778525
58	129	2.04498
58	143	0.790514
58	154	1.96134
59	75	0.75053
59	79	0.758303
59	125	0.724157
59	148	2.15078
59	151	0.73552
59	157	0.738924
59	160	0.729845
59	162	0.725559
59	165	1.92254
59	168	0.741461
59	169	0.723993
59	170	0.723726
59	172	0.74575
59	173	0.734763
59	177	0.767272
59	180	3.15198
60	10	0.760351
60	30	0.835224
60	43	0.810469
60	46	0.791441
60	49	0.79092
60	93	0.803256
60	104	0.798429
60	108	0.773251
60	118	0.804496
60	128	0.812139
60	133	0.791094
60	161	1.60246
60	165	1.54305
60	171	1.91093
60	176	2.43015
60	177	0.829611
61	14	0.813902
61	37	2.77491
61	76	0.967864
61	100	0.843279
61	119	0.81482
61	124	0.830094
61	146	0.778109
61	158	0.816611
61	161	0.829891
61	163	1.01501
61	171	0.801566
61	175	0.81988
61	176	0.786687
61	178	0.767764
61	179	0.759235
61	180	0.76824
62	4	2.44065
62	44	1.09992
62	49	1.43124
62	55	0.830299
62	115	0.812172
62	116	0.796157
62	131	0.827501
62	153	0.825763
62	166	0.817425
62	167	0.828472
62	169	1.15411
62	174	0.766344
62	176	0.79012
62	178	0.771197
62	179	0.762667
62	180	0.771672
63	57	1.87477
63	70	0.772512
63	102	0.800598
63	105	0.743
63	125	0.798498
63	141	0.799954
63	142	2.9564
63	144	0.799003
63	153	1.63058
63	160	0.804187
63	162	0.7999
63	163	0.799733
63	169	0.798335
63	170	0.798067
63	172	0.820092
63	173	0.809104
64	12	0.70616
64	69	0.715388
64	119	2.48746
64	121	2.22208
64	141	0.733387
64	151	0.743294
64	157	0.746698
64	158	2.48827
64	160	0.737619
64	162	0.733333
64	168	0.749235
64	169	0.731768
64	170	0.7315
64	172	0.753525
64	173	0.742537
64	177	0.775046
65	19	0.75928
65	42	0.678398
65	75	2.91373
65	113	0.735653
65	123	0.713575
65	124	2.95955
65	129	0.684062
65	131	0.694857
65	156	0.714856
65	161	0.70068
65	164	0.686818
65	174	0.6337
65	175	0.690669
65	178	0.638553
65	179	0.630024
65	180	0.639029
66	9	2.20409
66	57	0.785041
66	91	1.79068
66	152	0.727271
66	153	0.762607
66	154	0.76381
66	159	0.720325
66	166	0.754269
66	167	0.765316
66	171	0.741843
66	172	1.8626
66	174	0.703188
66	175	0.760157
66	178	0.708041
66	179	0.699511
66	180	0.708517
67	11	0.709574
67	21	0.688781
67	58	0.793127
67	80	0.764748
67	82	2.2374
67	83	0.761251
67	86	0.748907
67	89	0.745982
67	91	0.747457
67	96	0.74145
67	101	0.74489
67	107	0.721679
67	109	0.720283
67	112	0.711981
67	165	2.04407
67	176	2.93118
68	42	0.714236
68	74	2.69498
68	84	0.699272
68	122	0.732688
68	125	0.726338
68	126	2.28756
68	131	2.62539
68	134	0.728063
68	136	0.731252
68	160	0.732026
68	162	0.72774
68	163	0.727573
68	168	0.743642
68	169	0.726175
68	170	0.725907
68	172	0.747931
68	173	0.736944
69	22	0.687192
69	64	0.715388
69	102	0.723113
69	110	0.75387
69	134	0.722738
69	138	2.07192
69	144	0.721518
69	151	0.732376
69	157	0.73578
69	160	0.726701
69	163	0.722248
69	170	0.720582
69	171	2.51488
69	172	0.742606
69	173	0.731619
69	176	3.0341
69	177	0.764128
70	20	0.748595
70	42	0.699469
70	53	0.725022
70	63	0.772512
70	79	0.745716
70	122	0.71792
70	136	0.716484
70	148	2.76769
70	151	0.722933
70	153	2.56438
70	155	2.27244
70	160	0.717258
70	163	0.712805
70	170	0.711139
70	172	0.733163
70	173	0.722176
70	177	0.754685
71	7	0.770654
71	25	1.96138
71	28	0.687702
71	31	0.694664
71	37	0.677489
71	48	0.730951
71	93	0.738712
71	94	0.739151
71	98	0.739835
71	104	0.733885
71	108	0.708707
71	116	2.76908
71	118	0.739953
71	128	0.747596
71	133	0.72655
71	161	2.58818
71	177	0.765067
72	46	2.10873
72	81	1.15089
72	111	0.847902
72	115	0.795571
72	116	0.779557
72	126	0.829255
72	127	0.782155
72	152	0.773827
72	156	0.830899
72	157	1.62405
72	159	0.766881
72	171	0.788398
72	173	1.11028
72	174	0.749743
72	178	0.754596
72	179	0.746067
72	180	0.755072
73	4	0.696452
73	25	1.6366
73	121	2.13978
73	125	0.722646
73	130	0.714794
73	134	0.724372
73	136	0.727561
73	144	0.723151
73	157	0.737413
73	162	0.724048
73	163	0.723881
73	168	0.73995
73	170	0.722215
73	172	0.74424
73	173	0.733252
73	177	0.765761
73	178	3.56189
74	68	2.69498
74	86	0.759871
74	96	0.752415
74	101	0.755855
74	107	0.732644
74	109	0.731248
74	112	0.722946
74	121	0.77545
74	133	1.67393
74	138	0.780415
74	143	0.734934
74	159	0.703373
74	168	1.89137
74	174	0.686235
74	178	0.691088
74	179	0.682559
74	180	0.691564
75	59	0.75053
75	65	2.91373
75	102	0.76603
75	117	0.778465
75	122	0.77028
75	126	1.57003
75	140	0.738058
75	141	0.765386
75	151	0.775293
75	157	0.778697
75	158	1.94596
75	163	0.765165
75	167	1.57454
75	168	0.781234
75	169	0.763767
75	172	0.785524
75	173	0.774536
75	177	0.807045
76	11	0.742126
76	21	0.721333
76	35	1.85108
76	56	0.776818
76	58	0.825679
76	61	0.967864
76	80	0.7973
76	83	0.793804
76	86	0.781459
76	89	0.778534
76	91	0.780009
76	96	0.774003
76	101	0.777443
76	107	0.754232
76	109	0.752836
76	112	0.744534
76	129	2.10837
76	176	2.81466
77	15	0.730996
77	39	0.722005
77	87	0.785753
77	95	0.773661
77	104	1.65699
77	134	0.772309
77	142	2.62608
77	144	0.771088
77	148	0.769789
77	155	0.792153
77	157	0.78535
77	163	0.771818
77	164	1.50832
77	165	0.781778
77	169	0.77042
77	172	0.792177
77	173	0.781189
77	180	2.50476
78	83	1.80382
78	86	2.1163
78	101	2.44183
78	122	0.734904
78	127	0.704167
78	142	0.694401
78	151	0.739917
78	156	0.752911
78	160	0.734242
78	164	0.724872
78	168	0.745858
78	169	0.72839
78	172	0.750147
78	173	0.73916
78	175	0.728724
78	178	0.676608
78	179	0.668079
78	180	0.677084
79	13	0.742576
79	59	0.758303
79	70	0.745716
79	88	1.55275
79	135	1.93346
79	136	0.776616
79	141	0.773158
79	144	0.772207
79	159	2.63272
79	160	0.777391
79	162	0.773104
79	163	0.772937
79	168	0.789006
79	169	0.771539
79	170	0.771271
79	172	0.793296
79	173	0.782308
79	175	2.17231
80	9	0.745452
80	11	0.747739
80	21	0.726946
80	38	2.19621
80	58	0.831292
80	67	0.764748
80	76	0.7973
80	83	0.799416
80	86	0.787072
80	89	0.784147
80	91	0.785622
80	103	1.91903
80	107	0.759844
80	109	0.758448
80	112	0.750146
80	140	2.41908
80	143	0.762135
80	175	1.514
81	8	0.813717
81	15	0.726408
81	16	0.790412
81	17	0.797137
81	39	0.717417
81	40	0.787401
81	44	0.763966
81	45	0.732011
81	47	0.77219
81	72	1.15089
81	95	0.769073
81	98	1.84772
81	113	1.52339
81	124	0.80117
81	148	0.765201
81	155	0.787564
81	165	0.777189
81	179	3.49312
82	67	2.2374
82	103	0.717804
82	126	0.759259
82	136	2.18923
82	145	0.751171
82	149	0.738205
82	151	2.24462
82	154	0.740369
82	155	0.758116
82	159	0.696885
82	166	0.730829
82	167	0.741876
82	174	0.679747
82	175	0.736716
82	176	0.703524
82	178	0.6846
82	179	0.676071
82	180	0.685076
83	9	0.741956
83	56	0.778933
83	67	0.761251
83	76	0.793804
83	78	1.80382
83	80	0.799416
83	89	0.78065
83	91	0.782125
83	96	0.776119
83	100	0.790307
83	101	0.779559
83	107	0.756348
83	109	0.754952
83	112	0.74665
83	143	0.758638
83	152	2.16051
83	175	1.52199
83	178	2.54323
84	20	0.747516
84	68	0.699272
84	85	0.724668
84	117	0.725026
84	130	0.702638
84	134	0.712217
84	136	0.715405
84	144	0.710996
84	151	0.721854
84	162	0.711893
84	163	0.711726
84	164	2.72379
84	166	2.43234
84	170	0.71006
84	171	2.85867
84	172	0.732084
84	173	0.721097
84	177	0.753606
85	20	0.788759
85	36	0.765178
85	84	0.724668
85	100	2.18764
85	119	2.14554
85	122	0.758083
85	129	0.745296
85	134	0.753459
85	141	0.753189
85	144	0.752238
85	149	2.15533
85	157	0.7665
85	160	0.757422
85	162	0.753135
85	164	2.17736
85	170	0.751302
85	172	0.773327
85	173	0.762339
85	177	0.794848
86	11	0.731898
86	21	0.711104
86	56	0.766589
86	57	1.76693
86	58	0.815451
86	67	0.748907
86	74	0.759871
86	76	0.781459
86	78	2.1163
86	80	0.787072
86	89	0.768306
86	96	0.763774
86	100	0.777962
86	101	0.767214
86	107	0.744003
86	109	0.742607
86	112	0.734305
86	138	1.42272
86	142	2.84856
87	8	0.800449
87	15	0.71314
87	16	0.777144
87	17	0.783869
87	35	1.13614
87	39	0.704149
87	40	0.774133
87	44	0.750698
87	45	0.718742
87	47	0.758922
87	77	0.785753
87	95	0.755805
87	124	0.787902
87	140	2.45438
87	148	0.751933
87	152	2.18782
87	155	0.774296
87	165	0.763921
87	174	2.66975
88	21	2.98335
88	79	1.55275
88	131	0.783393
88	146	0.737434
88	147	0.811478
88	152	0.74632
88	153	0.781655
88	155	0.800604
88	166	0.773318
88	167	0.784365
88	170	1.24047
88	171	0.760891
88	174	0.722236
88	175	0.779205
88	176	0.746012
88	177	1.28025
88	178	0.727089
88	179	0.71856
88	180	0.727565
89	21	0.70818
89	27	0.743165
89	57	1.91356
89	58	0.812526
89	67	0.745982
89	76	0.778534
89	80	0.784147
89	83	0.78065
89	86	0.768306
89	91	0.766856
89	96	0.760849
89	100	0.775037
89	101	0.764289
89	107	0.741078
89	109	0.739682
89	112	0.73138
89	132	2.00144
89	140	2.88619
89	165	1.64443
90	7	0.797102
90	10	0.722256
90	30	0.797129
90	37	0.703937
90	43	0.772374
90	46	0.753346
90	48	0.757399
90	52	0.745414
90	54	1.88252
90	93	0.76516
90	98	0.766283
90	108	0.735156
90	113	1.78234
90	118	0.766401
90	123	2.58606
90	128	0.774044
90	133	0.752999
90	135	2.15989
90	177	0.791515
91	9	0.728162
91	11	0.730448
91	35	1.7637
91	58	0.814001
91	66	1.79068
91	67	0.747457
91	76	0.780009
91	80	0.785622
91	83	0.782125
91	89	0.766856
91	96	0.762324
91	100	0.776512
91	101	0.765764
91	107	0.742553
91	109	0.741157
91	112	0.732855
91	143	0.744844
91	152	2.81538
91	166	1.78174
92	94	1.97713
92	97	0.711727
92	113	0.767161
92	117	2.02569
92	138	0.759389
92	145	0.736633
92	149	0.723666
92	150	0.726906
92	156	0.746365
92	158	0.718908
92	160	2.79139
92	167	0.727337
92	171	0.703864
92	174	0.665209
92	175	0.722178
92	176	0.688985
92	178	0.670061
92	179	0.661532
92	180	0.670537
93	7	0.803018
93	10	0.728172
93	30	0.803045
93	31	0.727029
93	37	0.709853
93	41	0.713635
93	49	0.75874
93	55	1.62651
93	60	0.803256
93	71	0.738712
93	90	0.76516
93	108	0.741072
93	116	2.0726
93	118	0.772317
93	128	0.77996
93	133	0.758915
93	139	1.6332
93	177	0.797431
93	180	3.0617
94	46	0.759701
94	49	0.759179
94	71	0.739151
94	92	1.97713
94	108	0.741511
94	117	0.769291
94	118	0.772756
94	122	0.761105
94	127	2.26683
94	133	0.759354
94	135	1.52287
94	140	0.728883
94	141	0.756211
94	151	0.766119
94	157	0.769523
94	170	0.754325
94	173	0.765362
94	177	0.79787
94	180	2.65449
95	8	0.788357
95	15	0.701048
95	16	0.765052
95	17	0.771777
95	39	0.692057
95	40	0.762041
95	44	0.738606
95	45	0.706651
95	47	0.74683
95	77	0.773661
95	81	0.769073
95	87	0.755805
95	98	1.9445
95	124	0.775811
95	137	2.00155
95	145	1.8166
95	148	0.739841
95	155	0.762204
95	165	0.751829
95	174	3.35703
96	9	0.722155
96	21	0.703648
96	27	0.738634
96	58	0.807994
96	67	0.74145
96	74	0.752415
96	76	0.774003
96	83	0.776119
96	86	0.763774
96	89	0.760849
96	91	0.762324
96	101	0.759758
96	107	0.736546
96	109	0.735151
96	112	0.726849
96	115	1.79786
96	143	0.738837
96	147	1.36683
96	174	3.24171
96	176	2.67168
97	15	3.49559
97	38	0.710148
97	47	1.38799
97	52	3.11641
97	92	0.711727
97	140	0.701404
97	143	0.719176
97	146	0.685675
97	147	0.75972
97	152	0.694561
97	154	0.7311
97	156	0.751634
97	159	0.687615
97	161	0.737458
97	174	0.670478
97	175	0.727447
97	176	0.694254
97	178	0.675331
97	179	0.666801
97	180	0.675807
98	28	0.721189
98	48	0.764438
98	49	0.759863
98	52	0.752453
98	71	0.739835
98	81	1.84772
98	90	0.766283
98	95	1.9445
98	107	1.56136
98	116	0.728454
98	133	0.760037
98	138	0.79282
98	147	0.787882
98	150	0.760337
98	151	2.09589
98	161	0.76562
98	177	0.798554
98	178	0.703493
98	179	0.694964
98	180	0.703969
99	54	0.786499
99	58	1.67729
99	112	2.07646
99	116	0.739728
99	119	0.761823
99	121	0.799128
99	127	0.742326
99	152	0.733998
99	156	0.79107
99	157	2.08942
99	158	0.763614
99	164	0.763031
99	167	0.772043
99	170	1.33649
99	174	0.709914
99	175	0.766883
99	176	0.73369
99	178	0.714767
99	179	0.706238
99	180	0.715243
100	5	1.63348
100	7	2.139
100	9	0.736343
100	61	0.843279
100	83	0.790307
100	85	2.18764
100	86	0.777962
100	89	0.775037
100	91	0.776512
100	101	0.773946
100	107	0.750735
100	112	0.741037
100	152	0.72841
100	159	0.721464
100	170	1.76665
100	174	0.704326
100	175	0.761295
100	178	0.709179
100	179	0.70065
100	180	0.709655
101	9	0.725595
101	11	0.727881
101	21	0.707088
101	67	0.74489
101	74	0.755855
101	76	0.777443
101	78	2.44183
101	83	0.779559
101	86	0.767214
101	89	0.764289
101	91	0.765764
101	96	0.759758
101	100	0.773946
101	107	0.739987
101	109	0.738591
101	112	0.730289
101	114	1.29529
101	129	2.00414
101	143	0.742277
101	180	3.05276
102	12	0.713885
102	19	0.912749
102	20	0.776682
102	63	0.800598
102	69	0.723113
102	75	0.76603
102	110	0.772514
102	129	0.733219
102	142	2.60149
102	144	0.740161
102	151	0.75102
102	157	0.754424
102	162	0.741058
102	163	0.740892
102	168	0.756961
102	169	0.739493
102	170	0.739226
102	173	0.750263
102	174	2.70786
102	178	2.60865
103	4	0.69262
103	11	2.9448
103	34	0.740753
103	44	3.13617
103	80	1.91903
103	82	0.717804
103	142	0.684661
103	144	0.719319
103	145	0.733439
103	160	0.724502
103	162	0.720216
103	163	0.720049
103	169	0.718651
103	171	0.700671
103	173	0.72942
103	175	0.718985
103	176	0.685792
103	178	0.666868
103	179	0.658339
103	180	0.667344
104	48	0.758488
104	52	0.746503
104	60	0.798429
104	71	0.733885
104	77	1.65699
104	108	0.736245
104	128	0.775133
104	133	0.754088
104	141	1.9898
104	146	0.707889
104	148	0.748696
104	154	0.753313
104	159	0.709829
104	164	0.745808
104	167	0.75482
104	168	2.03957
104	170	1.90504
104	177	0.792605
104	178	0.697544
104	179	0.689015
104	180	0.69802
105	3	1.80336
105	4	2.87257
105	63	0.743
105	106	1.40621
105	116	0.783203
105	132	0.80556
105	145	0.824813
105	146	0.768586
105	148	0.809393
105	152	0.777472
105	161	0.820369
105	164	0.806506
105	166	0.80447
105	171	0.792044
105	172	1.04946
105	174	0.753389
105	175	0.810358
105	176	0.777165
105	178	0.758242
105	179	0.749713
105	180	0.758718
106	3	0.70789
106	50	0.7382
106	53	0.746503
106	105	1.40621
106	110	0.765909
106	125	0.733051
106	134	0.734777
106	139	2.06978
106	141	0.734507
106	144	0.733556
106	151	0.744415
106	155	2.00185
106	157	0.747818
106	160	0.73874
106	162	0.734453
106	169	0.732888
106	170	0.732621
106	172	0.754645
106	173	0.743658
106	174	3.72597
106	177	0.776166
107	9	0.702384
107	11	0.70467
107	21	0.683877
107	42	3.02912
107	58	0.788223
107	67	0.721679
107	74	0.732644
107	76	0.754232
107	80	0.759844
107	83	0.756348
107	86	0.744003
107	89	0.741078
107	91	0.742553
107	96	0.736546
107	98	1.56136
107	100	0.750735
107	101	0.739987
107	109	0.71538
107	112	0.707077
107	127	2.35854
107	143	0.719066
107	176	2.40387
108	7	0.773013
108	10	0.698167
108	31	0.697024
108	37	0.679848
108	43	0.748285
108	46	0.729257
108	49	0.728736
108	52	0.721326
108	60	0.773251
108	71	0.708707
108	90	0.735156
108	93	0.741072
108	94	0.741511
108	104	0.736245
108	118	0.742312
108	128	0.749956
108	133	0.72891
108	138	2.36695
108	153	2.46698
108	167	2.27261
108	175	2.77871
108	177	0.767427
109	9	0.700988
109	11	0.703274
109	27	0.717467
109	56	0.737965
109	58	0.786827
109	67	0.720283
109	74	0.731248
109	76	0.752836
109	80	0.758448
109	83	0.754952
109	86	0.742607
109	89	0.739682
109	91	0.741157
109	96	0.735151
109	101	0.738591
109	107	0.71538
109	112	0.705682
109	131	2.17875
109	143	0.71767
109	155	1.74787
109	164	2.24787
109	179	3.70486
110	36	0.783859
110	50	0.775563
110	53	0.783866
110	69	0.75387
110	102	0.772514
110	106	0.765909
110	117	0.784949
110	121	1.55251
110	129	0.763976
110	140	0.744541
110	142	2.96746
110	144	0.770919
110	148	1.84495
110	157	0.785181
110	164	1.84971
110	168	0.787718
110	169	0.77025
110	170	0.769983
110	172	0.792007
110	173	0.78102
110	175	1.95338
110	177	0.813529
111	7	1.62458
111	72	0.847902
111	116	0.751932
111	125	2.09328
111	139	0.804167
111	140	0.753044
111	142	0.744764
111	146	0.737316
111	147	0.81136
111	153	0.781537
111	154	0.78274
111	156	0.803274
111	161	0.789098
111	166	0.7732
111	169	1.62367
111	173	1.49138
111	174	0.722118
111	175	0.779087
111	176	0.745894
111	177	1.292
111	178	0.726971
111	179	0.718442
111	180	0.727447
112	9	0.692686
112	11	0.694972
112	27	0.709165
112	56	0.729663
112	58	0.778525
112	67	0.711981
112	74	0.722946
112	76	0.744534
112	80	0.750146
112	83	0.74665
112	86	0.734305
112	89	0.73138
112	91	0.732855
112	96	0.726849
112	99	2.07646
112	100	0.741037
112	101	0.730289
112	107	0.707077
112	109	0.705682
112	137	2.36498
112	143	0.709368
112	167	2.09391
112	180	3.49277
113	49	2.44606
113	65	0.735653
113	81	1.52339
113	90	1.78234
113	92	0.767161
113	138	0.820092
113	139	0.80796
113	153	0.785331
113	158	0.779611
113	159	0.743049
113	161	0.792891
113	164	0.779029
113	165	0.793905
113	167	0.78804
113	171	0.764567
113	172	1.63236
113	174	0.725911
113	175	0.782881
113	176	0.749688
113	177	1.2834
113	178	0.730764
113	179	0.722235
113	180	0.73124
114	21	2.73821
114	38	0.77476
114	55	0.799046
114	101	1.29529
114	135	0.810798
114	136	1.46787
114	139	0.817139
114	140	0.766016
114	142	0.757736
114	153	0.794509
114	154	0.795712
114	164	0.788207
114	166	0.786172
114	167	0.797219
114	168	1.12987
114	171	0.773745
114	172	1.38406
114	174	0.73509
114	175	0.792059
114	178	0.739943
114	179	0.731414
114	180	0.740419
115	1	2.75492
115	10	2.80086
115	55	0.733743
115	62	0.812172
115	72	0.795571
115	96	1.79786
115	120	0.716029
115	126	0.749298
115	131	0.730944
115	139	0.751836
115	145	0.741211
115	146	0.684985
115	149	0.728245
115	156	0.750943
115	164	0.722904
115	165	0.73778
115	171	0.708442
115	175	0.726756
115	176	0.693563
115	177	1.57641
115	178	0.67464
115	179	0.666111
115	180	0.675116
116	20	1.89186
116	62	0.796157
116	71	2.76908
116	72	0.779557
116	93	2.0726
116	98	0.728454
116	99	0.739728
116	105	0.783203
116	111	0.751932
116	125	2.60475
116	138	0.747953
116	146	0.66897
116	147	0.743015
116	150	0.71547
116	154	0.714395
116	155	0.732141
116	156	0.734929
116	167	0.715901
116	171	0.692428
116	175	0.710742
116	176	0.677549
116	178	0.658626
116	179	0.650097
116	180	0.659102
117	3	0.72693
117	22	0.718271
117	75	0.778465
117	84	0.725026
117	92	2.02569
117	94	0.769291
117	110	0.784949
117	122	0.758441
117	125	0.752091
117	136	0.757006
117	141	0.753547
117	144	0.752596
117	151	0.763455
117	152	2.44881
117	155	1.20662
117	162	0.753493
117	163	0.753327
117	168	0.769396
117	169	0.751928
117	171	1.8415
117	172	0.773685
117	173	0.762698
117	177	0.795206
117	179	3.16361
118	10	0.729413
118	28	0.721307
118	30	0.804286
118	31	0.728269
118	37	0.711094
118	38	2.82392
118	41	0.714876
118	43	0.779531
118	46	0.760503
118	49	0.759981
118	52	0.752571
118	60	0.804496
118	71	0.739953
118	90	0.766401
118	93	0.772317
118	94	0.772756
118	108	0.742312
118	128	0.781201
118	133	0.760155
118	148	2.03328
118	150	2.03263
118	167	1.63561
118	171	2.17293
118	177	0.798672
119	61	0.81482
119	64	2.48746
119	85	2.14554
119	99	0.761823
119	120	0.72211
119	121	0.765082
119	137	0.772615
119	150	0.737565
119	153	0.735287
119	154	0.73649
119	158	0.729568
119	159	0.693006
119	161	0.742848
119	163	2.17589
119	166	0.72695
119	167	0.737997
119	168	1.85908
119	171	0.714523
119	174	0.675868
119	176	0.699644
119	178	0.680721
119	179	0.672192
119	180	0.681197
120	27	0.718696
120	38	0.709871
120	44	2.56176
120	115	0.716029
120	119	0.72211
120	130	2.56971
120	137	0.766948
120	138	0.764381
120	139	0.752249
120	142	0.692846
120	146	0.685398
120	153	0.72962
120	154	0.730823
120	158	0.7239
120	159	0.687338
120	161	0.737181
120	164	0.723318
120	165	0.738194
120	167	0.732329
120	173	1.92981
120	175	0.72717
120	177	1.73043
120	179	0.666524
120	180	0.67553
121	7	1.83152
121	64	2.22208
121	73	2.13978
121	74	0.77545
121	99	0.799128
121	110	1.55251
121	119	0.765082
121	135	0.788881
121	146	0.728371
121	150	0.77487
121	155	0.791542
121	158	0.766873
121	161	0.780153
121	164	0.766291
121	165	0.781167
121	166	0.764255
121	168	1.59371
121	171	0.751828
121	174	0.713173
121	175	0.770142
121	176	0.73695
121	178	0.718026
121	179	0.709497
121	180	0.718502
122	68	0.732688
122	70	0.71792
122	75	0.77028
122	78	0.734904
122	85	0.758083
122	94	0.761105
122	117	0.758441
122	130	0.736053
122	134	0.745632
122	136	0.748821
122	141	0.745362
122	144	0.744411
122	145	1.40147
122	162	0.745308
122	163	0.745141
122	168	0.76121
122	169	0.743743
122	170	0.743475
122	172	0.7655
122	173	0.754512
122	174	2.94189
122	175	1.82143
122	176	2.37186
122	177	0.787021
122	178	2.84267
123	5	1.91418
123	17	1.29893
123	65	0.713575
123	90	2.58606
123	127	0.736246
123	132	0.756005
123	133	1.96444
123	137	0.800581
123	139	0.785882
123	142	0.726479
123	148	0.759839
123	152	0.727918
123	153	0.763253
123	155	0.782202
123	158	0.757533
123	159	0.720972
123	164	0.756951
123	166	0.754915
123	167	0.765962
123	171	0.742489
123	174	0.703834
123	176	0.72761
123	177	2.08712
123	178	0.708687
123	179	0.700158
123	180	0.709163
124	16	0.79715
124	39	0.724154
124	44	0.770703
124	47	0.778928
124	61	0.830094
124	65	2.95955
124	81	0.80117
124	87	0.787902
124	95	0.775811
124	130	0.764879
124	148	0.771938
124	151	0.784095
124	154	1.88697
124	155	0.794302
124	160	0.778421
124	162	0.774134
124	163	0.773967
124	164	2.02279
124	165	0.783927
124	167	1.62036
124	169	0.772569
124	170	0.772301
124	171	2.15767
124	172	0.794326
124	173	0.783338
124	177	0.815847
125	22	0.703736
125	51	2.01509
125	59	0.724157
125	63	0.798498
125	68	0.726338
125	73	0.722646
125	106	0.733051
125	111	2.09328
125	116	2.60475
125	117	0.752091
125	129	0.731119
125	130	0.729704
125	134	0.739282
125	144	0.738061
125	145	2.28113
125	147	1.94667
125	151	0.748919
125	157	0.752323
125	160	0.743245
125	162	0.738958
125	168	0.75486
125	169	0.737393
125	170	0.737126
125	172	0.75915
125	173	0.748163
125	177	0.780671
126	34	1.83056
126	36	1.93994
126	56	0.772465
126	68	2.28756
126	72	0.829255
126	75	1.57003
126	82	0.759259
126	115	0.749298
126	132	0.755642
126	145	0.774894
126	146	0.718668
126	147	0.792713
126	149	0.761928
126	150	0.765168
126	157	2.10235
126	158	0.75717
126	159	0.720608
126	166	0.754552
126	167	0.765599
126	171	0.742126
126	174	0.703471
126	175	0.76044
126	178	0.708323
126	179	0.699794
126	180	0.708799
127	54	0.732956
127	72	0.782155
127	78	0.704167
127	94	2.26683
127	99	0.742326
127	107	2.35854
127	123	0.736246
127	132	0.708543
127	135	0.732079
127	138	0.750551
127	142	0.679017
127	144	2.62003
127	147	0.745613
127	149	0.714829
127	150	0.718068
127	152	0.680455
127	154	0.716993
127	161	0.723351
127	166	0.707453
127	173	2.6043
127	174	0.656371
127	175	0.71334
127	176	0.680147
127	178	0.661224
127	179	0.652695
127	180	0.6617
128	5	0.806016
128	7	0.811902
128	10	0.737056
128	28	0.72895
128	30	0.811929
128	31	0.735912
128	37	0.718737
128	43	0.787174
128	45	2.16663
128	46	0.768146
128	48	0.772199
128	49	0.767624
128	52	0.760214
128	56	1.3413
128	60	0.812139
128	71	0.747596
128	90	0.774044
128	93	0.77996
128	104	0.775133
128	108	0.749956
128	118	0.781201
128	133	0.767799
128	140	2.53199
128	150	1.51781
128	154	1.3874
128	177	0.806315
128	179	2.98022
129	24	0.69485
129	49	2.90661
129	52	2.1359
129	58	2.04498
129	65	0.684062
129	76	2.10837
129	85	0.745296
129	101	2.00414
129	102	0.733219
129	110	0.763976
129	125	0.731119
129	134	0.732845
129	135	0.750028
129	138	0.7685
129	147	0.763562
129	152	0.698404
129	156	0.755476
129	164	0.727437
129	165	0.742314
129	168	0.748423
129	169	0.730956
129	172	0.752712
129	173	0.741725
129	175	0.731289
129	177	0.774234
129	178	0.679173
129	179	0.670644
129	180	0.679649
130	3	0.704542
130	6	0.700369
130	12	0.703933
130	24	0.693434
130	36	0.743148
130	55	2.19665
130	73	0.714794
130	84	0.702638
130	120	2.56971
130	122	0.736053
130	124	0.764879
130	125	0.729704
130	134	0.731429
130	136	0.734618
130	137	2.50406
130	141	0.731159
130	147	1.98466
130	151	0.741067
130	160	0.735392
130	162	0.731105
130	163	0.730939
130	168	0.747008
130	169	0.72954
130	170	0.729273
130	171	2.77029
130	172	0.751297
130	173	0.74031
130	177	0.772819
131	29	0.679278
131	43	1.43048
131	48	2.2997
131	62	0.827501
131	65	0.694857
131	68	2.62539
131	88	0.783393
131	109	2.17875
131	115	0.730944
131	135	0.760824
131	137	0.781863
131	140	0.716042
131	146	0.700314
131	147	0.774358
131	149	0.743574
131	152	0.7092
131	158	0.738816
131	160	2.4032
131	161	0.752096
131	164	0.738233
131	167	0.747245
131	171	0.723771
131	174	0.685116
131	175	0.742085
131	176	0.708892
131	178	0.689969
131	179	0.68144
131	180	0.690445
132	45	0.698945
132	89	2.00144
132	105	0.80556
132	123	0.756005
132	126	0.755642
132	127	0.708543
132	135	0.751838
132	138	0.770311
132	142	0.698776
132	144	2.13527
132	146	0.691328
132	147	0.765373
132	149	0.734588
132	150	0.737828
132	152	0.700214
132	153	0.73555
132	156	0.757287
132	158	0.72983
132	163	2.33172
132	165	0.744124
132	171	0.714786
132	173	2.11953
132	174	0.676131
132	175	0.7331
132	176	0.699907
132	177	1.92015
132	178	0.680984
132	179	0.672454
132	180	0.681459
133	5	0.78497
133	7	0.790857
133	10	0.71601
133	23	2.39974
133	28	0.707905
133	30	0.790884
133	31	0.714867
133	37	0.697691
133	41	0.701474
133	43	0.766128
133	46	0.7471
133	48	0.751153
133	49	0.746579
133	52	0.739169
133	60	0.791094
133	71	0.72655
133	74	1.67393
133	90	0.752999
133	93	0.758915
133	94	0.759354
133	98	0.760037
133	104	0.754088
133	108	0.72891
133	118	0.760155
133	123	1.96444
133	128	0.767799
133	149	1.65143
133	176	2.32756
133	177	0.78527
133	178	2.79837
134	32	0.774139
134	33	1.30356
134	34	0.761221
134	51	1.89117
134	68	0.728063
134	69	0.722738
134	73	0.724372
134	77	0.772309
134	84	0.712217
134	85	0.753459
134	106	0.734777
134	122	0.745632
134	125	0.739282
134	129	0.732845
134	130	0.731429
134	140	0.71341
134	141	0.740737
134	144	0.739787
134	151	0.750645
134	152	3.21569
134	153	2.26544
134	154	2.33768
134	157	0.754049
134	162	0.740684
134	164	2.4735
134	168	0.756586
134	169	0.739119
134	170	0.738851
134	172	0.760875
134	173	0.749888
134	177	0.782397
135	8	1.34724
135	28	3.10564
135	79	1.93346
135	90	2.15989
135	94	1.52287
135	114	0.810798
135	121	0.788881
135	127	0.732079
135	129	0.750028
135	131	0.760824
135	132	0.751838
135	137	0.796414
135	139	0.781715
135	142	0.722312
135	146	0.714864
135	147	0.788909
135	152	0.72375
135	153	0.759086
135	154	0.760289
135	155	0.778035
135	156	0.780823
135	164	0.752784
135	167	0.761795
135	174	0.699667
135	175	0.756636
135	176	0.723443
135	177	1.66096
135	178	0.70452
135	179	0.69599
135	180	0.704996
136	2	0.712968
136	5	0.785286
136	6	0.713136
136	13	0.713345
136	22	0.70865
136	34	0.76441
136	55	1.79014
136	68	0.731252
136	70	0.716484
136	73	0.727561
136	79	0.776616
136	82	2.18923
136	84	0.715405
136	114	1.46787
136	117	0.757006
136	122	0.748821
136	130	0.734618
136	151	0.753834
136	153	2.02084
136	157	0.757238
136	160	0.748159
136	161	2.05532
136	162	0.743872
136	163	0.743706
136	168	0.759775
136	169	0.742307
136	170	0.74204
136	172	0.764064
136	173	0.753077
136	177	0.785586
136	179	3.68589
137	8	1.35107
137	31	2.08918
137	45	0.743521
137	47	0.328318
137	51	0.802765
137	95	2.00155
137	112	2.36498
137	119	0.772615
137	120	0.766948
137	123	0.800581
137	130	2.50406
137	131	0.781863
137	135	0.796414
137	144	1.87991
137	145	0.79213
137	149	0.779164
137	150	0.782403
137	152	0.74479
137	153	0.780126
137	154	0.781328
137	156	0.801862
137	158	0.774406
137	164	0.773824
137	166	0.771788
137	167	0.782835
137	171	0.759361
137	174	0.720706
137	175	0.777675
137	176	0.744483
137	178	0.725559
137	179	0.71703
137	180	0.726035
138	30	1.30161
138	51	0.800198
138	69	2.07192
138	74	0.780415
138	86	1.42272
138	92	0.759389
138	98	0.79282
138	108	2.36695
138	113	0.820092
138	116	0.747953
138	120	0.764381
138	127	0.750551
138	129	0.7685
138	132	0.770311
138	139	0.800188
138	141	1.53305
138	142	0.740785
138	143	0.766838
138	150	0.779836
138	152	0.742223
138	153	0.777558
138	154	0.778761
138	157	2.20121
138	159	0.735277
138	164	0.771256
138	171	0.756794
138	174	0.718139
138	175	0.775108
138	176	0.741915
138	177	1.48806
138	178	0.722992
138	179	0.714463
138	180	0.723468
139	19	0.831587
139	26	0.746749
139	35	0.79658
139	93	1.6332
139	106	2.06978
139	111	0.804167
139	113	0.80796
139	114	0.817139
139	115	0.751836
139	120	0.752249
139	123	0.785882
139	135	0.781715
139	138	0.800188
139	144	1.57919
139	145	0.777432
139	149	0.764465
139	150	0.767705
139	151	1.85222
139	152	0.730091
139	153	0.765427
139	158	0.759707
139	159	0.723145
139	162	1.63263
139	167	0.768136
139	171	0.744663
139	172	1.71303
139	174	0.706008
139	175	0.762977
139	176	0.729784
139	177	1.36407
139	178	0.710861
139	179	0.702331
139	180	0.711337
140	43	2.50836
140	75	0.738058
140	80	2.41908
140	87	2.45438
140	89	2.88619
140	94	0.728883
140	97	0.701404
140	110	0.744541
140	111	0.753044
140	114	0.766016
140	128	2.53199
140	131	0.716042
140	134	0.71341
140	142	0.677531
140	144	0.712189
140	145	0.726309
140	148	0.71089
140	150	0.716582
140	157	0.726451
140	158	0.708585
140	160	0.717372
140	162	0.713086
140	163	0.712919
140	169	0.711521
140	170	0.711253
