1	19	1.13575
1	153	0.998019
1	154	0.923274
1	155	1.03194
1	158	1.03126
1	160	1.01532
1	161	1.04001
1	163	1.04397
1	169	0.908178
1	174	0.9186
1	175	1.03948
1	177	0.921844
2	65	1.10348
2	67	1.09546
2	92	1.02544
2	106	0.970355
2	110	0.983395
2	115	1.02339
2	123	1.02254
2	125	0.889414
2	153	0.940105
2	164	1.00137
2	166	0.954359
2	179	0.992375
3	27	0.975201
3	29	1.00231
3	62	1.08591
3	71	1.03444
3	72	1.00094
3	105	0.898366
3	115	0.92062
3	125	1.02082
3	137	0.987086
3	157	1.08039
3	175	0.990168
3	176	1.00502
4	12	1.12466
4	126	1.01714
4	135	1.09183
4	140	1.01722
4	147	1.03957
4	150	1.02235
4	151	1.00404
4	152	0.923368
4	156	1.00785
4	162	0.928102
4	175	0.905314
4	177	0.925947
5	56	1.02388
5	75	0.951866
5	98	1.054
5	117	1.00588
5	120	1.01282
5	135	1.10019
5	145	1.02862
5	151	1.0124
5	156	1.01621
5	174	0.935206
5	176	0.932668
5	180	0.933632
6	27	0.875804
6	29	0.902909
6	38	0.845545
6	42	0.845545
6	57	0.926247
6	72	0.901542
6	125	0.921419
6	157	0.980991
6	166	1.21367
6	171	1.1915
6	172	1.18911
6	180	1.21144
7	43	0.825601
7	53	0.904292
7	59	0.919086
7	87	0.926952
7	90	0.956074
7	95	0.858437
7	107	0.860408
7	112	0.94915
7	155	1.11625
7	173	1.23069
7	175	1.21775
7	177	1.23838
8	37	0.989549
8	109	1.0128
8	155	1.031
8	158	1.03031
8	160	1.01438
8	161	1.03906
8	163	1.04303
8	167	0.938766
8	171	0.934015
8	173	0.951074
8	178	1.02941
8	179	0.994197
9	36	0.910021
9	95	1.02125
9	103	1.03784
9	112	1.11197
9	142	1.0366
9	143	1.04084
9	148	0.93772
9	149	0.965436
9	154	1.04148
9	169	0.96057
9	177	0.974237
9	180	0.969419
10	18	1.05513
10	101	0.998021
10	126	1.02297
10	136	1.04043
10	147	1.0454
10	150	1.02818
10	151	1.00987
10	166	0.953421
10	168	0.96396
10	169	0.942341
10	177	0.956007
10	179	0.991437
11	111	0.986428
11	139	1.06166
11	141	1.01634
11	142	1.01534
11	143	1.01958
11	144	1.02727
11	154	1.02021
11	162	0.961778
11	167	0.939622
11	168	0.967576
11	171	1.03961
11	173	0.95193
12	4	1.12466
12	27	1.24704
12	102	1.20786
12	142	1.21623
12	169	0.892682
12	170	0.9188
12	172	0.897172
12	173	0.899895
12	176	0.901039
12	177	0.905739
12	179	0.887164
12	180	0.897509
13	151	0.896682
13	153	0.999323
13	155	1.03325
13	158	1.03256
13	160	1.01662
13	161	1.04131
13	162	0.975684
13	163	1.04527
13	164	0.989665
13	177	0.973529
13	178	1.03166
13	180	0.968711
14	33	0.993507
14	61	1.0866
14	116	1.06303
14	119	0.982779
14	139	1.03884
14	141	0.993519
14	143	0.996758
14	144	1.00445
14	171	1.01679
14	172	0.916404
14	173	0.935855
14	179	0.978978
15	116	1.07947
15	122	0.992235
15	137	0.972016
15	139	1.05528
15	141	1.00995
15	142	1.00896
15	144	1.02089
15	155	0.873602
15	165	1.00277
15	171	1.03323
15	178	0.965192
15	180	0.990913
16	122	1.001
16	127	0.943203
16	131	1.04993
16	136	1.05695
16	141	1.01871
16	142	1.01772
16	146	1.02549
16	156	1.0302
16	164	0.987331
16	167	0.951194
16	169	0.957529
16	174	0.967951
17	30	0.998546
17	80	1.00924
17	114	1.05132
17	139	1.05647
17	141	1.01115
17	142	1.01015
17	143	1.01439
17	144	1.02209
17	165	0.928755
17	171	1.03442
17	173	0.914022
17	179	0.957144
18	10	1.05513
18	86	1.01906
18	98	1.06668
18	108	0.963518
18	117	1.00842
18	144	0.896406
18	147	1.05047
18	150	1.03325
18	151	1.01494
18	156	1.01874
18	174	0.947889
18	175	0.9305
19	1	1.13575
19	110	1.24362
19	113	1.18298
19	117	1.23289
19	164	0.878772
19	167	0.911898
19	169	0.896453
19	173	0.903666
19	174	0.907486
19	177	0.909511
19	179	0.890935
19	180	0.90128
20	40	0.893723
20	82	0.935628
20	109	0.989133
20	115	0.978591
20	126	0.994848
20	168	1.02025
20	169	1.02531
20	172	1.0298
20	174	1.03634
20	177	1.03837
20	179	1.01979
20	180	1.03014
21	94	0.981121
21	117	1.00067
21	135	1.09498
21	136	1.03775
21	145	1.0234
21	147	1.04272
21	163	0.887287
21	165	1.01936
21	169	0.973287
21	171	0.962201
21	172	0.959809
21	179	1.02238
22	124	0.969927
22	135	0.876929
22	141	0.979057
22	153	1.02741
22	158	0.939413
22	167	1.03567
22	169	1.02023
22	170	1.04634
22	172	1.02472
22	177	1.03328
22	179	1.01471
22	180	1.02505
23	25	1.10523
23	48	1.00368
23	113	0.987619
23	137	1.04074
23	155	0.971948
23	158	0.971264
23	160	0.955327
23	161	0.980013
23	163	0.983975
23	169	1.05079
23	170	1.00728
23	175	0.979491
23	178	0.970364
24	124	0.967616
24	138	1.03542
24	153	0.946806
24	155	0.980729
24	158	0.980045
24	160	0.964108
24	161	0.988794
24	163	0.992756
24	167	1.04447
24	170	1.0073
24	174	1.06123
24	176	1.05869
24	178	0.979145
25	23	1.10523
25	139	0.984568
25	151	1.05941
25	155	1.01412
25	158	1.03141
25	162	0.973508
25	168	0.962605
25	170	0.993787
25	174	0.978701
25	176	0.976026
25	177	0.980726
25	179	0.962151
25	180	0.972495
26	109	1.09721
26	155	1.11541
26	158	1.11473
26	159	0.855737
26	160	1.09879
26	161	1.12347
26	163	1.12744
26	164	0.894548
26	167	0.858411
26	171	0.85366
26	175	1.12295
26	176	0.87263
26	180	0.873594
27	3	0.975201
27	6	0.875804
27	12	1.24704
27	57	0.975787
27	62	1.03605
27	71	0.984587
27	72	0.951082
27	125	0.970959
27	134	0.973581
27	147	0.922281
27	157	1.03053
27	159	1.02565
27	169	1.03466
28	36	0.842861
28	43	0.921259
28	53	0.99995
28	90	1.05173
28	103	0.970675
28	104	1.01265
28	107	0.956066
28	112	1.04481
28	167	1.02715
28	173	1.03946
28	176	1.04137
28	178	1.01661
28	179	1.08258
29	3	1.00231
29	6	0.902909
29	38	0.92219
29	42	0.92219
29	57	1.00289
29	71	1.01169
29	72	0.978187
29	118	0.996587
29	148	1.03046
29	157	1.05764
29	165	1.07402
29	167	1.04698
29	173	1.05929
30	17	0.998546
30	40	0.997259
30	112	1.03881
30	140	1.06852
30	143	1.09141
30	167	0.980378
30	170	0.991052
30	173	0.972147
30	174	0.975966
30	176	0.97329
30	177	0.977991
30	179	0.959415
30	180	0.96976
31	34	1.08915
31	36	0.823963
31	87	1.00371
31	88	0.976532
31	95	0.935197
31	103	0.951778
31	104	0.993753
31	112	1.02591
31	170	0.995356
31	174	1.04929
31	177	1.05253
31	178	1.02199
31	179	1.08796
32	108	0.826714
32	123	1.21279
32	133	0.843383
32	140	1.20326
32	149	0.805529
32	150	1.20839
32	151	1.19007
32	156	1.19388
32	157	0.717393
32	164	1.19161
32	168	0.822283
32	175	0.793696
33	14	0.993507
33	52	1.03283
33	98	0.910193
33	140	1.04164
33	142	1.06747
33	160	1.05876
33	168	0.974351
33	173	0.986628
33	174	0.990447
33	176	0.987772
33	177	0.992472
33	179	0.973896
33	180	0.984241
34	31	1.08915
34	43	1.04274
34	56	0.826541
34	88	1.11691
34	90	1.17322
34	104	1.13413
34	107	1.07755
34	112	1.16629
34	133	0.910255
34	170	0.824025
34	174	0.877957
34	178	0.850663
34	179	0.916631
35	94	0.937498
35	126	0.976666
35	131	0.987101
35	140	0.976747
35	145	0.979782
35	147	0.999097
35	156	0.967372
35	157	0.958936
35	165	0.975736
35	176	1.05009
35	177	1.05587
35	179	1.0913
35	180	1.05105
36	9	0.910021
36	28	0.842861
36	31	0.823963
36	59	0.871038
36	79	1.26055
36	87	0.878905
36	88	0.851724
36	90	0.908026
36	107	0.812361
36	112	0.901102
36	148	1.30454
36	169	1.32739
36	172	1.31391
37	8	0.989549
37	41	1.14059
37	84	1.03797
37	148	0.973452
37	155	1.00413
37	158	1.02142
37	169	0.969654
37	173	0.976867
37	174	0.980687
37	176	0.978011
37	177	0.982712
37	179	0.964136
37	180	0.974481
38	6	0.845545
38	29	0.92219
38	42	0.864826
38	57	0.945528
38	62	1.00579
38	71	0.954328
38	72	0.920823
38	111	1.17705
38	125	0.9407
38	147	1.0242
38	157	1.00027
38	168	1.1582
38	171	1.12549
38	178	1.1197
39	87	0.958567
39	107	1.04055
39	121	0.904072
39	123	0.916282
39	135	0.854537
39	140	0.918071
39	155	1.04959
39	160	1.03297
39	161	1.05766
39	163	1.06162
39	169	1.04645
39	177	1.05951
39	179	1.04093
39	180	1.05128
40	20	0.893723
40	30	0.997259
40	84	1.04363
40	153	1.02058
40	158	1.05382
40	160	1.03789
40	161	1.06257
40	163	1.06653
40	166	0.917841
40	168	0.92838
40	173	0.912734
40	175	1.06205
40	178	1.05292
40	179	0.955857
41	37	1.14059
41	44	1.20009
41	56	0.932765
41	137	0.933122
41	145	0.937499
41	146	0.920376
41	147	0.956815
41	148	1.07329
41	150	0.939597
41	151	0.921283
41	156	0.92509
41	165	0.933453
41	166	1.10722
41	171	1.08506
42	6	0.845545
42	29	0.92219
42	38	0.864826
42	55	1.05826
42	57	0.945528
42	62	1.00579
42	71	0.954328
42	72	0.920823
42	108	1.15551
42	125	0.9407
42	157	1.00027
42	171	1.11838
42	173	1.13544
42	180	1.13831
43	7	0.825601
43	28	0.921259
43	34	1.04274
43	87	0.957303
43	88	0.930122
43	103	0.905368
43	104	0.947344
43	107	0.890759
43	112	0.9795
43	157	1.05673
43	167	1.13367
43	169	1.14
43	172	1.12653
43	174	1.15043
44	41	1.20009
44	52	1.07315
44	70	1.221
44	135	1.01843
44	138	0.919717
44	158	1.08092
44	162	0.931798
44	167	0.941403
44	170	0.952077
44	172	0.930449
44	176	0.934315
44	177	0.939016
44	179	0.92044
44	180	0.930785
45	60	0.916591
45	65	1.02451
45	69	0.973716
45	81	0.878972
45	89	1.1344
45	106	0.891386
45	110	0.904425
45	115	0.944425
45	123	0.943573
45	154	1.1424
45	164	0.922398
45	170	1.0838
45	178	1.11044
45	180	1.13616
46	89	0.94782
46	93	1.02184
46	111	0.981199
46	121	1.08563
46	141	1.04203
46	142	1.04104
46	143	1.04527
46	144	1.05297
46	154	1.04591
46	157	0.857457
46	169	0.940727
46	171	1.06531
46	172	0.927249
46	177	0.954393
47	53	1.05455
47	79	0.88152
47	87	1.07721
47	88	1.05003
47	90	1.10633
47	95	1.00869
47	103	1.02527
47	104	1.06725
47	107	1.01067
47	118	0.891635
47	162	0.964184
47	164	0.978165
47	177	0.962029
47	178	0.93149
48	23	1.00368
48	77	0.863831
48	105	0.92227
48	110	1.01744
48	113	0.908306
48	115	1.05744
48	123	1.05659
48	142	0.956743
48	161	0.937574
48	164	1.03542
48	176	1.06145
48	177	1.06615
48	179	1.04758
48	180	1.05792
49	95	1.17773
49	117	1.13136
49	139	1.05617
49	160	1.12118
49	163	1.10819
49	166	0.933218
49	167	0.942331
49	169	0.926887
49	172	0.931377
49	174	0.937919
49	176	0.935243
49	177	0.939944
49	179	0.921368
49	180	0.931713
50	91	1.01291
50	102	1.03233
50	139	0.816769
50	149	0.959655
50	153	1.02914
50	158	1.06238
50	160	1.04644
50	161	1.07112
50	163	1.07509
50	168	0.976409
50	171	0.943703
50	172	0.941311
50	175	1.0706
50	177	0.968456
51	124	1.1392
51	125	1.14599
51	140	1.10973
51	147	1.08748
51	150	1.11138
51	167	0.942233
51	169	0.926789
51	172	0.931279
51	173	0.934001
51	174	0.937821
51	176	0.935145
51	177	0.939846
51	179	0.92127
51	180	0.931615
52	33	1.03283
52	44	1.07315
52	70	0.934462
52	97	0.982437
52	148	0.946353
52	153	0.982623
52	155	1.01655
52	158	1.01586
52	160	0.999925
52	161	1.02461
52	163	1.02857
52	172	0.955725
52	174	0.979625
52	178	1.01496
52	179	1.0183
53	7	0.904292
53	28	0.99995
53	47	1.05455
53	83	0.953143
53	87	1.03599
53	95	0.967478
53	103	0.98406
53	104	1.02603
53	107	0.96945
53	111	1.0433
53	112	1.05819
53	154	1.01793
53	159	0.993824
53	178	0.985961
53	180	1.01168
54	79	0.92169
54	98	1.11774
54	114	1.01405
54	116	1.0434
54	121	1.01748
54	128	0.996238
54	139	1.0192
54	141	0.973882
54	142	0.972885
54	143	0.977122
54	144	0.984818
54	159	0.979524
54	171	0.997156
54	176	0.996417
54	180	0.997381
55	42	1.05826
55	64	1.00509
55	113	1.01818
55	124	0.9894
55	145	0.93373
55	153	0.96859
55	158	1.00183
55	160	0.985892
55	161	1.01058
55	163	1.01454
55	166	1.00802
55	167	0.990605
55	175	1.01006
55	178	1.00093
55	180	1.00579
56	5	1.02388
56	34	0.826541
56	41	0.932765
56	78	1.11033
56	105	1.01957
56	117	0.97464
56	127	1.01282
56	135	1.06895
56	145	0.997376
56	147	1.01669
56	151	0.981159
56	156	0.984966
56	169	1.02715
56	175	1.02018
56	178	1.01028
57	6	0.926247
57	27	0.975787
57	29	1.00289
57	38	0.945528
57	42	0.945528
57	62	1.08649
57	71	1.03503
57	72	1.00152
57	127	1.00188
57	133	1.05893
57	157	1.08097
57	160	0.943204
57	170	0.972698
57	171	1.00512
57	176	1.02409
58	105	1.01132
58	135	1.0607
58	136	1.00347
58	140	0.986091
58	145	0.989126
58	147	1.00844
58	150	0.991224
58	151	0.97291
58	152	1.00941
58	154	1.01342
58	156	0.976716
58	173	1.0043
58	174	1.00875
58	175	0.991358
58	178	0.981452
59	7	0.919086
59	36	0.871038
59	87	1.05079
59	90	1.07991
59	95	0.982272
59	103	0.998853
59	104	1.04083
59	107	0.984243
59	112	1.07298
59	118	0.95838
59	134	0.95403
59	137	1.00506
59	171	1.00402
59	176	1.02299
59	179	1.0642
60	45	0.916591
60	64	0.934564
60	74	0.964068
60	81	0.923523
60	106	0.935936
60	110	0.948976
60	115	0.988976
60	119	1.12919
60	120	1.09632
60	123	0.988124
60	129	1.03229
60	157	0.993022
60	164	0.966949
60	168	1.09791
60	170	1.03278
60	178	1.05942
61	14	1.0866
61	116	1.11691
61	119	0.957428
61	120	0.924559
61	122	1.02968
61	139	1.09272
61	141	1.0474
61	142	1.0464
61	144	1.05833
61	154	1.05127
61	163	0.818531
61	165	0.925238
61	171	1.07067
61	174	0.914953
61	179	0.953627
61	180	0.913379
62	3	1.08591
62	27	1.03605
62	38	1.00579
62	42	1.00579
62	57	1.08649
62	66	1.20545
62	71	1.09529
62	72	1.06179
62	125	1.08166
62	133	0.899409
62	154	0.871785
62	157	1.14124
62	166	0.867769
62	171	0.845602
62	175	0.849722
62	177	0.870355
63	101	1.03299
63	105	1.08325
63	118	0.862625
63	135	1.13263
63	136	1.0754
63	140	1.05802
63	145	1.06106
63	150	1.06315
63	151	1.04484
63	156	1.04865
63	162	0.935174
63	164	0.949155
63	169	0.919352
63	171	0.908266
63	172	0.905874
63	174	0.929775
64	55	1.00509
64	60	0.934564
64	67	1.03447
64	69	0.991689
64	74	0.93749
64	106	0.909359
64	110	0.922399
64	115	0.962399
64	123	0.961546
64	129	1.00572
64	130	1.12333
64	159	1.06728
64	164	0.940371
64	171	1.0652
64	174	1.08671
64	178	1.05942
65	2	1.10348
65	45	1.02451
65	74	1.07199
65	79	0.856262
65	81	1.03144
65	106	1.04386
65	108	0.949156
65	110	1.0569
65	115	1.0969
65	123	1.09605
65	148	0.900255
65	149	0.92797
65	164	1.07487
65	173	0.929078
65	175	0.916138
65	180	0.931953
66	62	1.20545
66	104	1.27813
66	129	1.26115
66	139	1.27888
66	146	1.37135
66	153	0.837332
66	158	0.870571
66	161	0.87932
66	163	0.883282
66	166	0.874444
66	170	0.894231
66	174	0.879145
66	176	0.87647
66	178	0.869671
66	179	0.862595
66	180	0.872939
67	2	1.09546
67	64	1.03447
67	69	1.11817
67	78	0.995208
67	81	1.02343
67	106	1.03584
67	110	1.04888
67	115	1.08888
67	123	1.08803
67	157	0.828754
67	164	1.06685
67	165	0.932731
67	166	0.923103
67	170	0.868513
67	171	0.900937
67	179	0.96112
68	86	1.01733
68	106	0.983736
68	110	0.996775
68	115	1.03678
68	123	1.03592
68	131	1.03674
68	133	1.0113
68	144	0.92752
68	145	1.02943
68	148	0.945731
68	150	1.03152
68	152	0.979669
68	156	1.01702
68	164	1.01475
68	173	0.974554
68	178	0.951709
68	179	1.01768
69	45	0.973716
69	64	0.991689
69	67	1.11817
69	74	1.02119
69	81	0.980647
69	106	0.993061
69	110	1.0061
69	115	1.0461
69	123	1.04525
69	126	0.911849
69	132	0.957099
69	154	0.987203
69	159	0.963098
69	164	1.02407
69	177	0.985773
69	179	1.0212
69	180	0.980955
70	44	1.221
70	52	0.934462
70	97	0.898211
70	100	0.917593
70	113	0.947991
70	132	1.10204
70	133	1.15977
70	152	1.12814
70	153	0.898397
70	155	0.93232
70	160	0.915699
70	161	0.940384
70	163	0.944346
70	170	1.07354
70	173	1.12302
70	175	0.939863
70	178	0.930736
71	3	1.03444
71	27	0.984587
71	29	1.01169
71	38	0.954328
71	42	0.954328
71	57	1.03503
71	62	1.09529
71	72	1.01033
71	119	1.00996
71	125	1.0302
71	130	1.0041
71	146	0.911513
71	157	1.08977
71	176	0.964951
71	177	0.970733
71	178	0.940194
71	179	1.00616
72	3	1.00094
72	6	0.901542
72	27	0.951082
72	29	0.978187
72	38	0.920823
72	42	0.920823
72	57	1.00152
72	62	1.06179
72	71	1.01033
72	108	1.05419
72	125	0.996697
72	137	1.01809
72	157	1.05627
72	165	1.04885
72	172	1.01466
72	175	1.02118
72	177	1.04181
72	178	1.01127
73	102	1.0546
73	109	1.06713
73	120	0.916463
73	124	1.07222
73	155	1.08533
73	156	0.834385
73	158	1.08465
73	160	1.06871
73	161	1.09339
73	162	0.912256
73	163	1.09736
73	165	0.917142
73	166	0.907514
73	167	0.8901
73	171	0.885348
73	175	1.09287
73	178	1.08375
73	179	0.945531
74	60	0.964068
74	64	0.93749
74	65	1.07199
74	69	1.02119
74	81	0.926449
74	106	0.938862
74	110	0.951902
74	115	0.991902
74	123	0.99105
74	128	1.03652
74	129	1.03522
74	149	1.03368
74	159	1.0198
74	162	1.04463
74	164	0.969875
74	169	1.02881
74	173	1.03478
74	178	1.01194
75	5	0.951866
75	81	1.10262
75	103	1.03773
75	117	1.0324
75	156	1.03318
75	159	0.980278
75	160	1.02222
75	161	1.01176
75	162	0.980373
75	167	0.989978
75	169	0.974534
75	170	1.00065
75	171	0.970906
75	173	0.981747
75	174	0.985566
75	177	0.987591
75	179	0.969015
75	180	0.97936
76	99	1.06629
76	114	1.00758
76	121	1.01101
76	122	0.949693
76	134	0.976235
76	139	1.01273
76	141	0.967411
76	142	0.966414
76	143	0.970651
76	144	0.978347
76	146	0.974186
76	152	1.0484
76	154	0.971286
76	168	1.05893
76	170	0.993801
76	171	0.990685
76	178	1.02044
76	180	1.04616
77	48	0.863831
77	91	1.0387
77	124	1.07573
77	132	0.895928
77	153	1.05492
77	155	1.08884
77	157	0.827665
77	158	1.08816
77	160	1.07222
77	161	1.09691
77	162	0.926757
77	163	1.10087
77	172	0.897457
77	175	1.09639
77	176	0.918819
77	178	1.08726
77	179	0.960031
77	180	0.919783
78	56	1.11033
78	67	0.995208
78	81	1.15872
78	88	1.06734
78	101	1.0867
78	106	1.13087
78	155	1.04287
78	159	0.947694
78	162	0.947789
78	167	0.957394
78	169	0.94195
78	170	0.968068
78	172	0.94644
78	173	0.949163
78	174	0.952982
78	176	0.950306
78	177	0.955007
78	179	0.936431
78	180	0.946776
79	36	1.26055
79	47	0.88152
79	54	0.92169
79	65	0.856262
79	86	1.02021
79	91	0.96791
79	105	1.05449
79	117	1.00956
79	129	0.84555
79	141	0.94977
79	147	1.05161
79	151	1.01608
79	158	0.910126
79	172	1.03979
79	174	1.04633
79	176	1.04366
79	177	1.04836
79	179	1.02978
79	180	1.04013
80	17	1.00924
80	91	1.13594
80	103	1.11184
80	114	1.07226
80	123	1.07742
80	149	0.952833
80	151	1.10615
80	158	1.07816
80	162	0.948182
80	166	0.948674
80	169	0.942343
80	170	0.96846
80	172	0.946833
80	173	0.949555
80	175	0.953028
80	176	0.950699
80	177	0.9554
80	179	0.936824
80	180	0.947169
81	45	0.878972
81	60	0.923523
81	65	1.03144
81	67	1.02343
81	69	0.980647
81	74	0.926449
81	75	1.10262
81	78	1.15872
81	106	0.898317
81	110	0.911357
81	115	0.951357
81	123	0.950504
81	129	0.994674
81	148	1.05269
81	152	1.08663
81	162	1.09136
81	164	0.92933
81	170	1.03203
81	176	1.08343
82	20	0.935628
82	86	1.03106
82	94	1.00086
82	101	1.01508
82	105	1.06534
82	126	1.04003
82	145	1.04315
82	147	1.06246
82	148	0.925816
82	150	1.04524
82	151	1.02693
82	154	0.963762
82	156	1.03074
82	165	1.0391
82	173	0.95464
82	174	0.959089
82	175	0.9417
82	178	0.931794
82	179	0.997762
83	53	0.953143
83	121	1.02535
83	122	0.964031
83	127	1.00413
83	142	0.980752
83	143	0.984989
83	144	0.992685
83	152	1.02954
83	153	0.977871
83	157	0.935184
83	158	1.01111
83	160	0.995173
83	161	1.01986
83	163	1.02382
83	169	1.01845
83	170	0.974944
83	171	1.00502
83	175	1.01934
83	179	1.06755
83	180	1.0273
84	37	1.03797
84	40	1.04363
84	97	0.969421
84	109	0.985335
84	113	1.0192
84	120	1.01355
84	124	0.990417
84	134	0.932448
84	149	0.998391
84	153	0.969607
84	154	1.00862
84	155	1.00353
84	158	1.00285
84	160	0.986909
84	161	1.01159
84	163	1.01556
84	164	1.02333
84	169	0.993525
84	178	1.00195
84	180	1.00237
85	106	1.03568
85	115	0.979629
85	122	1.05635
85	123	0.96423
85	136	0.96305
85	147	0.943767
85	151	0.992963
85	153	1.05297
85	159	0.999795
85	162	0.99989
85	166	1.00038
85	168	0.988986
85	169	0.994051
85	170	1.02017
85	172	0.998541
85	173	1.00126
85	176	1.00241
85	177	1.00711
85	179	0.988532
85	180	0.998877
86	18	1.01906
86	68	1.01733
86	79	1.02021
86	82	1.03106
86	95	1.00657
86	96	0.894096
86	118	0.966297
86	130	1.07006
86	131	0.997338
86	136	1.00436
86	138	1.00764
86	140	0.986984
86	145	0.990019
86	146	0.972896
86	147	1.00933
86	151	0.973802
86	156	0.977609
86	171	1.01194
86	174	1.03345
86	175	1.01606
87	7	0.926952
87	31	1.00371
87	36	0.878905
87	39	0.958567
87	43	0.957303
87	47	1.07721
87	53	1.03599
87	59	1.05079
87	88	1.03147
87	95	0.990138
87	103	1.00672
87	104	1.04869
87	107	0.99211
87	122	1.01872
87	157	0.935245
87	166	1.02959
87	173	1.02449
87	175	1.01155
87	178	1.00164
87	180	1.02736
88	31	0.976532
88	34	1.11691
88	36	0.851724
88	43	0.930122
88	47	1.05003
88	78	1.06734
88	87	1.03147
88	90	1.06059
88	95	0.962958
88	103	0.979539
88	104	1.02151
88	107	0.964929
88	112	1.05367
88	119	1.03705
88	138	0.968766
88	169	0.984152
88	171	0.973065
88	174	0.994574
88	176	0.992036
88	180	0.993
89	45	1.1344
89	46	0.94782
89	114	0.978162
89	129	0.919486
89	146	1.02968
89	160	1.00223
89	161	0.991771
89	162	0.99869
89	163	0.989237
89	167	1.0083
89	168	0.987786
89	169	0.99285
89	170	1.01897
89	172	0.997341
89	173	1.00006
89	174	1.00388
89	176	1.00121
89	177	1.00591
89	179	0.987332
89	180	0.997677
90	7	0.956074
90	28	1.05173
90	34	1.17322
90	36	0.908026
90	47	1.10633
90	59	1.07991
90	88	1.06059
90	95	1.01926
90	103	1.03584
90	104	1.07782
90	107	1.02123
90	112	1.10997
90	146	0.893206
90	149	0.943625
90	164	0.968562
90	165	0.959467
90	170	0.89525
90	174	0.949182
90	175	0.931793
90	178	0.921887
90	180	0.947608
91	50	1.01291
91	77	1.0387
91	79	0.96791
91	80	1.13594
91	98	1.16396
91	102	0.933523
91	109	0.946062
91	113	0.979928
91	137	1.0247
91	153	0.930334
91	155	0.964257
91	158	0.963573
91	159	1.02574
91	160	0.947636
91	161	0.972321
91	163	0.976283
91	167	1.02842
91	172	1.02127
91	173	1.04073
91	175	0.9718
91	178	0.962673
92	2	1.02544
92	114	1.05323
92	129	0.994558
92	131	1.06817
92	136	1.05722
92	150	1.06183
92	155	1.04185
92	156	1.08826
92	164	0.946814
92	165	0.957446
92	166	0.970827
92	167	0.97994
92	168	0.959432
92	170	0.990614
92	172	0.968986
92	173	0.971709
92	174	0.975528
92	176	0.972852
92	177	0.977553
92	179	0.958977
92	180	0.969322
93	46	1.02184
93	96	1.01095
93	114	0.974288
93	116	1.00363
93	121	0.97772
93	122	0.916401
93	129	1.00868
93	130	1.10657
93	139	0.979441
93	140	0.969408
93	141	0.934119
93	142	0.933122
93	143	0.937358
93	144	0.945055
93	167	1.0532
93	169	1.05953
93	170	1.01602
93	171	0.957393
93	175	1.05257
93	178	1.04266
93	179	1.10863
94	21	0.981121
94	35	0.937498
94	82	1.00086
94	105	0.98202
94	120	0.944035
94	131	0.967146
94	135	1.0314
94	136	0.974171
94	140	0.956792
94	145	0.959827
94	149	1.05818
94	150	0.961924
94	154	1.06841
94	156	0.947417
94	157	0.970042
94	165	0.955781
94	167	1.04698
94	172	1.03983
94	174	1.06373
94	179	1.10241
94	180	1.06216
95	7	0.858437
95	9	1.02125
95	31	0.935197
95	47	1.00869
95	49	1.17773
95	53	0.967478
95	59	0.982272
95	86	1.00657
95	87	0.990138
95	88	0.962958
95	90	1.01926
95	103	0.938204
95	104	0.980179
95	107	0.923594
95	112	1.01234
95	120	1.07171
95	156	0.989637
95	165	1.07239
95	170	1.00818
95	175	1.04472
95	178	1.03481
96	86	0.894096
96	93	1.01095
96	116	1.10066
96	128	0.946921
96	130	0.986253
96	134	0.878138
96	141	1.03115
96	143	1.03439
96	144	1.04208
96	148	0.916365
96	149	0.944081
96	153	1.02727
96	155	1.06119
96	158	1.06051
96	160	1.04457
96	163	1.07322
96	165	0.959922
96	167	0.932881
96	171	1.05442
96	177	0.952882
96	178	1.05961
97	52	0.982437
97	70	0.898211
97	84	0.969421
97	99	1.07272
97	100	0.965568
97	120	1.06377
97	124	0.967182
97	133	1.08647
97	153	0.946372
97	155	0.980295
97	157	0.960476
97	158	0.979611
97	160	0.963674
97	161	0.988359
97	162	1.05957
97	163	0.992321
97	164	1.07355
97	169	1.04375
97	175	0.987838
97	176	1.05163
97	178	0.978711
98	5	1.054
98	18	1.06668
98	33	0.910193
98	54	1.11774
98	91	1.16396
98	121	1.09323
98	138	0.932655
98	139	1.05934
98	146	1.1518
98	148	0.942694
98	155	1.08889
98	166	0.945228
98	169	0.938897
98	170	0.965015
98	172	0.943387
98	173	0.94611
98	174	0.949929
98	175	0.949582
98	176	0.947254
98	177	0.951954
98	179	0.933379
98	180	0.943723
99	76	1.06629
99	97	1.07272
99	116	0.951267
99	124	1.03646
99	129	0.94137
99	144	1.05606
99	145	1.03391
99	148	0.983001
99	150	1.00865
99	160	1.02412
99	162	0.985043
99	167	0.994648
99	168	0.974139
99	169	0.979204
99	170	1.00532
99	172	0.983694
99	173	0.986416
99	174	0.990236
99	176	0.98756
99	177	0.992261
99	178	0.980762
99	179	0.973685
99	180	0.98403
100	70	0.917593
100	97	0.965568
100	109	0.981482
100	111	0.961207
100	113	1.01535
100	124	0.986564
100	127	1.01309
100	137	1.01737
100	143	0.960187
100	149	1.03229
100	152	1.03851
100	153	0.965754
100	155	0.999677
100	158	0.998993
100	160	0.983056
100	161	1.00774
100	162	1.04324
100	163	1.0117
100	165	1.04813
100	167	1.02109
100	175	1.00722
100	178	0.998093
100	180	1.03627
101	10	0.998021
101	63	1.03299
101	78	1.0867
101	82	1.01508
101	126	0.970931
101	131	0.981366
101	133	1.04624
101	135	1.04562
101	136	0.98839
101	140	0.971011
101	145	0.974047
101	146	0.956923
101	148	0.980671
101	150	0.976144
101	151	0.95783
101	154	1.01862
101	156	0.961637
101	165	0.970001
101	166	1.0146
101	167	0.997186
101	168	1.02514
101	172	0.990042
101	179	1.05262
102	12	1.20786
102	50	1.03233
102	73	1.0546
102	91	0.933523
102	109	0.965475
102	113	0.999341
102	124	0.970557
102	137	0.985429
102	149	1.00034
102	152	1.00657
102	153	0.949747
102	155	0.98367
102	158	0.982986
102	159	0.986469
102	160	0.967049
102	161	0.991735
102	163	0.995697
102	164	1.02528
102	167	0.989143
102	173	1.00145
102	175	0.991213
102	177	1.00914
102	178	0.982086
103	9	1.03784
103	28	0.970675
103	31	0.951778
103	43	0.905368
103	47	1.02527
103	53	0.98406
103	59	0.998853
103	75	1.03773
103	80	1.11184
103	87	1.00672
103	88	0.979539
103	90	1.03584
103	95	0.938204
103	104	0.99676
103	107	0.940175
103	112	1.02892
103	130	1.05769
103	144	0.969588
103	166	1.02173
103	171	0.999563
103	172	0.997171
103	176	1.01853
103	178	0.993777
104	28	1.01265
104	31	0.993753
104	34	1.13413
104	43	0.947344
104	47	1.06725
104	53	1.02603
104	59	1.04083
104	66	1.27813
104	87	1.04869
104	88	1.02151
104	90	1.07782
104	95	0.980179
104	103	0.99676
104	107	0.982151
104	112	1.07089
104	148	0.906523
104	157	0.846104
104	168	0.950993
104	169	0.929373
104	171	0.918287
104	174	0.939795
104	175	0.922407
104	177	0.94304
104	179	0.978469
105	3	0.898366
105	48	0.92227
105	56	1.01957
105	58	1.01132
105	63	1.08325
105	79	1.05449
105	82	1.06534
105	94	0.98202
105	126	1.02119
105	131	1.03162
105	137	1.01993
105	140	1.02127
105	147	1.04362
105	150	1.0264
105	151	1.00809
105	156	1.01189
105	162	0.985196
105	164	0.999177
105	172	0.955896
105	173	0.975348
105	175	0.962408
105	176	0.977259
105	177	0.983041
105	178	0.952502
106	2	0.970355
106	45	0.891386
106	60	0.935936
106	64	0.909359
106	65	1.04386
106	67	1.03584
106	68	0.983736
106	69	0.993061
106	74	0.938862
106	78	1.13087
106	81	0.898317
106	85	1.03568
106	110	0.923771
106	115	0.963771
106	123	0.962918
106	129	1.00709
106	132	1.03268
106	154	1.06278
106	164	0.941743
106	165	1.06839
106	168	1.0693
106	174	1.05811
106	176	1.05557
106	179	1.09678
107	7	0.860408
107	28	0.956066
107	34	1.07755
107	36	0.812361
107	39	1.04055
107	43	0.890759
107	47	1.01067
107	53	0.96945
107	59	0.984243
107	87	0.99211
107	88	0.964929
107	90	1.02123
107	95	0.923594
107	103	0.940175
107	104	0.982151
107	112	1.01431
107	127	1.08617
107	134	1.03942
107	152	1.11158
107	163	1.0145
107	170	1.05699
107	171	1.08941
107	172	1.08702
107	178	1.08362
108	18	0.963518
108	32	0.826714
108	42	1.15551
108	65	0.949156
108	72	1.05419
108	129	0.938444
108	132	0.997734
108	135	0.940536
108	141	1.04266
108	145	1.03099
108	148	1.00112
108	149	1.00781
108	152	0.970339
108	153	1.09102
108	159	1.00306
108	166	1.00365
108	167	1.01276
108	168	0.992254
108	169	0.997318
108	172	1.00181
108	173	1.00453
108	175	1.008
108	176	1.00567
108	179	0.991799
108	180	1.00214
109	8	1.0128
109	20	0.989133
109	26	1.09721
109	73	1.06713
109	84	0.985335
109	91	0.946062
109	100	0.981482
109	102	0.965475
109	132	0.987164
109	153	0.962286
109	155	0.996209
109	158	0.995525
109	159	0.993162
109	160	0.979588
109	161	1.00427
109	162	1.01799
109	163	1.00824
109	164	1.03197
109	165	1.02288
109	166	1.01325
109	170	0.958661
109	172	0.988693
109	175	1.00375
109	176	1.01006
109	178	0.994625
110	2	0.983395
110	19	1.24362
110	45	0.904425
110	48	1.01744
110	60	0.948976
110	64	0.922399
110	65	1.0569
110	67	1.04888
110	68	0.996775
110	69	1.0061
110	74	0.951902
110	81	0.911357
110	106	0.923771
110	111	1.05652
110	115	0.97681
110	123	0.975958
110	129	1.02013
110	132	1.00104
110	149	1.02091
110	164	0.954783
110	166	1.02713
110	169	1.01605
110	170	0.972537
110	174	1.02647
110	176	1.02393
110	180	1.0249
111	11	0.986428
111	38	1.17705
111	46	0.981199
111	53	1.0433
111	100	0.961207
111	110	1.05652
111	116	0.962761
111	141	1.05708
111	143	1.04138
111	144	1.06755
111	150	1.02014
111	153	0.942011
111	155	0.975934
111	158	0.975249
111	160	0.959313
111	161	0.983998
111	163	0.98796
111	168	0.967727
111	170	0.998909
111	173	0.980004
111	174	0.983824
111	175	0.983476
111	176	0.981148
111	178	0.97435
111	179	0.967273
111	180	0.977618
112	7	0.94915
112	9	1.11197
112	28	1.04481
112	30	1.03881
112	31	1.02591
112	34	1.16629
112	36	0.901102
112	43	0.9795
112	53	1.05819
112	59	1.07298
112	88	1.05367
112	90	1.10997
112	95	1.01234
112	103	1.02892
112	104	1.07089
112	107	1.01431
112	119	1.00121
112	135	0.79465
112	150	0.859834
112	154	0.963405
112	164	0.978112
112	165	0.969016
112	173	0.954282
112	176	0.956194
112	177	0.961976
112	178	0.931437
113	19	1.18298
113	23	0.987619
113	48	0.908306
113	55	1.01818
113	70	0.947991
113	84	1.0192
113	91	0.979928
113	100	1.01535
113	102	0.999341
113	124	1.01696
113	153	0.996152
113	155	1.03008
113	158	1.02939
113	160	1.01345
113	161	1.03814
113	162	0.971232
113	163	1.0421
113	166	0.966491
113	168	0.97703
113	172	0.941932
113	173	0.961384
113	174	0.965833
113	175	1.03762
113	177	0.969077
113	178	1.02849
113	179	1.00451
113	180	0.964259
114	17	1.05132
114	54	1.01405
114	76	1.00758
114	80	1.07226
114	89	0.978162
114	92	1.05323
114	93	0.974288
114	116	1.064
114	121	1.03809
114	122	0.976766
114	125	1.02561
114	138	0.955683
114	139	1.03981
114	141	0.994484
114	142	0.993487
114	143	0.997724
114	144	1.00542
114	146	1.00126
114	154	0.998358
114	163	0.885069
114	165	0.991776
114	168	0.992689
114	171	1.01776
114	173	0.977042
114	175	0.964103
114	177	0.984736
114	178	0.954197
115	2	1.02339
115	3	0.92062
115	20	0.978591
115	45	0.944425
115	48	1.05744
115	60	0.988976
115	64	0.962399
115	65	1.0969
115	67	1.08888
115	68	1.03678
115	69	1.0461
115	74	0.991902
115	81	0.951357
115	85	0.979629
115	106	0.963771
115	110	0.97681
115	120	1.01166
115	123	1.01596
115	129	1.06013
115	159	0.98262
115	164	0.994783
115	168	1.01325
115	169	0.991629
115	170	0.948119
115	171	0.980543
115	176	0.999514
115	177	1.0053
116	14	1.06303
116	15	1.07947
116	54	1.0434
116	61	1.11691
116	93	1.00363
116	96	1.10066
116	99	0.951267
116	111	0.962761
116	114	1.064
116	119	0.975187
116	120	0.942318
116	121	1.06743
116	122	1.00611
116	139	1.06915
116	141	1.02383
116	142	1.02283
116	143	1.02707
116	144	1.03477
116	146	1.0306
116	149	0.927155
116	153	0.919116
116	159	0.913281
116	166	0.93337
116	171	1.0471
116	175	0.915323
116	176	0.930174
116	177	0.935956
116	178	0.905417
117	5	1.00588
117	18	1.00842
117	19	1.23289
117	21	1.00067
117	49	1.13136
117	56	0.97464
117	75	1.0324
117	79	1.00956
117	119	1.05821
117	120	0.963583
117	126	0.976259
117	132	0.990308
117	134	0.944239
117	135	1.05095
117	136	0.993718
117	137	0.974997
117	138	0.98993
117	140	0.976339
117	145	0.979375
117	147	0.99869
117	150	0.981472
117	151	0.963158
117	155	0.896853
117	156	0.966965
117	157	0.922046
117	165	0.975329
117	166	1.0164
117	171	0.99423
118	29	0.996587
118	47	0.891635
118	59	0.95838
118	63	0.862625
118	86	0.966297
118	124	0.950755
118	130	1.01467
118	138	1.04322
118	146	0.965863
118	150	0.922941
118	152	1.02248
118	155	0.902953
118	158	0.920241
118	161	0.92795
118	162	1.0553
118	163	0.925416
118	166	1.05579
118	167	1.0649
118	168	1.04439
118	169	1.04946
118	172	1.05395
118	173	1.05667
118	174	1.06049
118	175	1.06014
118	176	1.05781
118	177	1.06251
118	179	1.04394
118	180	1.05428
119	14	0.982779
119	60	1.12919
119	61	0.957428
119	71	1.00996
119	88	1.03705
119	112	1.00121
119	116	0.975187
119	117	1.05821
119	124	0.978203
119	133	0.966814
119	139	0.983021
119	143	1.05381
119	147	1.00866
119	153	0.957392
119	155	0.991316
119	158	0.990631
119	160	0.974695
119	161	0.99938
119	163	1.00334
119	169	0.988173
119	172	0.992663
119	173	0.995386
119	175	0.998858
119	176	0.99653
119	177	1.00123
119	178	0.989731
119	179	0.982655
119	180	0.993
120	5	1.01282
120	60	1.09632
120	61	0.924559
120	73	0.916463
120	84	1.01355
120	94	0.944035
120	95	1.07171
120	97	1.06377
120	115	1.01166
120	116	0.942318
120	117	0.963583
120	131	0.993638
120	142	1.02388
120	144	1.04711
120	145	0.986319
120	150	0.988416
120	151	0.970102
120	153	1.085
120	156	0.973909
120	167	1.00477
120	168	0.984259
120	170	1.01544
120	172	0.993813
120	176	0.99768
120	177	1.00238
120	178	0.990881
120	179	0.983804
120	180	0.994149
121	39	0.904072
121	46	1.08563
121	54	1.01748
121	76	1.01101
121	83	1.02535
121	93	0.97772
121	98	1.09323
121	114	1.03809
121	116	1.06743
121	125	1.02905
121	129	1.07248
121	139	1.04324
121	141	0.997917
121	142	0.996919
121	143	1.00116
121	144	1.00885
121	146	1.00469
121	154	1.00179
121	159	0.955011
121	162	0.979842
121	163	0.87802
121	164	0.993823
121	165	0.984727
121	168	0.98564
121	170	0.92051
121	171	1.02119
121	173	0.969993
121	174	0.974442
121	180	0.972868
122	15	0.992235
122	16	1.001
122	61	1.02968
122	76	0.949693
122	83	0.964031
122	85	1.05635
122	87	1.01872
122	93	0.916401
122	114	0.976766
122	116	1.00611
122	125	0.967726
122	128	1.07605
122	129	1.01116
122	134	1.00727
122	137	1.0583
122	138	1.05296
122	139	0.981919
122	141	0.936597
122	142	0.9356
122	143	0.939837
122	144	0.947533
122	146	0.943371
122	154	0.940471
122	165	1.08905
122	166	1.07943
122	169	1.06835
122	171	0.959871
122	172	1.05487
122	178	1.05147
123	2	1.02254
123	32	1.21279
123	39	0.916282
123	45	0.943573
123	48	1.05659
123	60	0.988124
123	64	0.961546
123	65	1.09605
123	67	1.08803
123	68	1.03592
123	69	1.04525
123	74	0.99105
123	80	1.07742
123	81	0.950504
123	85	0.96423
123	106	0.962918
123	110	0.975958
123	115	1.01596
123	129	1.05927
123	132	0.961222
123	134	0.915153
123	137	0.966181
123	150	0.887754
123	162	0.992052
123	164	0.993931
123	168	0.997849
123	169	0.97623
123	174	0.986652
123	175	0.969263
124	22	0.969927
124	24	0.967616
124	51	1.1392
124	55	0.9894
124	73	1.07222
124	77	1.07573
124	84	0.990417
124	97	0.967182
124	99	1.03646
124	100	0.986564
124	102	0.970557
124	113	1.01696
124	118	0.950755
124	119	0.978203
124	130	1.05452
124	134	0.946406
124	137	0.997434
124	142	0.943186
124	153	0.967368
124	155	1.00129
124	158	1.00061
124	160	0.98467
124	161	1.00936
124	163	1.01332
124	170	0.963972
124	171	0.996397
124	172	0.994005
124	175	1.00883
124	178	0.999707
124	180	1.01633
125	2	0.889414
125	3	1.02082
125	6	0.921419
125	27	0.970959
125	38	0.9407
125	42	0.9407
125	51	1.14599
125	62	1.08166
125	71	1.0302
125	72	0.996697
125	114	1.02561
125	121	1.02905
125	122	0.967726
125	128	1.02198
125	135	0.860619
125	138	0.998892
125	139	1.03077
125	142	0.984447
125	143	0.988684
125	144	0.99638
125	149	1.01914
125	154	0.989319
125	157	1.07615
125	171	1.00872
125	172	1.0008
125	174	1.0247
125	175	1.00731
125	176	1.02216
125	178	0.997406
125	180	1.02313
126	4	1.01714
126	10	1.02297
126	20	0.994848
126	35	0.976666
126	69	0.911849
126	82	1.04003
126	101	0.970931
126	105	1.02119
126	117	0.976259
126	131	1.00631
126	136	1.01334
126	137	0.994618
126	140	0.99596
126	145	0.998995
126	146	0.981872
126	147	1.01831
126	150	1.00109
126	151	0.982778
126	152	1.01897
126	154	1.02298
126	156	0.986585
126	159	0.998877
126	162	1.02371
126	165	0.994949
126	167	1.00155
126	172	0.994408
126	173	1.01386
126	175	1.00092
126	176	1.01577
126	180	1.01673
127	16	0.943203
127	56	1.01282
127	57	1.00188
127	83	1.00413
127	100	1.01309
127	107	1.08617
127	132	0.994585
127	143	0.986584
127	144	1.01276
127	146	1.00826
127	148	0.997966
127	151	0.990637
127	158	0.962642
127	161	0.970352
127	162	1.00001
127	166	1.0005
127	167	1.00961
127	168	0.989105
127	169	0.994169
127	170	1.02029
127	171	0.990541
127	172	0.998659
127	173	1.00138
127	174	1.0052
127	175	1.00485
127	176	1.00253
127	177	1.00723
127	178	0.995727
127	179	0.988651
127	180	0.998996
128	54	0.996238
128	74	1.03652
128	96	0.946921
128	122	1.07605
128	125	1.02198
128	130	0.960969
128	131	0.99371
128	136	0.982755
128	147	0.963472
128	149	1.00625
128	155	0.967386
128	156	1.0138
128	159	1.0015
128	160	1.00284
128	163	0.989849
128	166	1.00209
128	167	1.0112
128	168	0.990694
128	169	0.995759
128	170	1.02188
128	171	0.99213
128	172	1.00025
128	173	1.00297
128	174	1.00679
128	175	1.00644
128	176	1.00412
128	177	1.00882
128	178	0.997317
128	179	0.99024
128	180	1.00058
129	60	1.03229
129	64	1.00572
129	66	1.26115
129	74	1.03522
129	79	0.84555
129	81	0.994674
129	89	0.919486
129	92	0.994558
129	93	1.00868
129	99	0.94137
129	106	1.00709
129	108	0.938444
129	110	1.02013
129	115	1.06013
129	121	1.07248
129	122	1.01116
129	123	1.05927
129	130	0.95943
129	139	1.0742
129	141	1.02888
129	142	1.02788
129	143	1.03212
129	144	1.03982
129	164	1.0381
129	165	0.9331
129	168	0.934012
129	171	1.05215
129	175	0.905426
129	176	0.920277
129	178	0.89552
129	179	0.961489
130	64	1.12333
130	71	1.0041
130	86	1.07006
130	93	1.10657
130	96	0.986253
130	103	1.05769
130	118	1.01467
130	124	1.05452
130	128	0.960969
130	129	0.95943
130	131	1.03304
130	135	0.961522
130	149	0.98382
130	152	0.946351
130	155	1.00672
130	159	0.979074
130	161	1.03172
130	162	0.979169
130	166	0.979661
130	167	0.988775
130	168	0.968266
130	169	0.97333
130	170	0.999448
130	171	0.969702
130	172	0.97782
130	173	0.980543
130	174	0.984362
130	176	0.981687
130	177	0.986387
130	179	0.967812
130	180	0.978156
131	16	1.04993
131	35	0.987101
131	68	1.03674
131	86	0.997338
131	92	1.06817
131	94	0.967146
131	101	0.981366
131	105	1.03162
131	120	0.993638
131	126	1.00631
131	128	0.99371
131	130	1.03304
131	135	1.08101
131	136	1.02377
131	138	0.970619
131	139	0.847985
131	140	1.00639
131	145	1.00943
131	146	0.992306
131	147	1.02875
131	148	0.963155
131	150	1.01153
131	151	0.993213
131	156	0.99702
131	165	1.00538
131	168	1.00762
131	170	0.942495
131	171	0.974919
131	174	0.996427
131	175	0.979038
131	177	0.999671
131	179	1.0351
132	69	0.957099
132	70	1.10204
132	77	0.895928
132	106	1.03268
132	108	0.997734
132	109	0.987164
132	110	1.00104
132	117	0.990308
132	123	0.961222
132	127	0.994585
132	138	1.00229
132	139	0.915116
132	145	0.989927
132	152	0.981556
132	153	1.04996
132	155	0.944673
132	159	1.01428
132	162	1.01437
132	163	0.967136
132	166	1.01487
132	167	1.02398
132	168	1.00347
132	170	1.03465
132	171	1.00491
132	172	1.01303
132	173	1.01575
132	174	1.01957
132	176	1.01689
132	177	1.02159
132	178	1.01009
132	179	1.00302
132	180	1.01336
133	32	0.843383
133	34	0.910255
133	57	1.05893
133	62	0.899409
133	68	1.0113
133	70	1.15977
133	97	1.08647
133	101	1.04624
133	119	0.966814
133	134	1.01664
133	143	1.04363
133	148	0.990557
133	149	0.99725
133	152	0.959781
133	156	1.04882
133	158	1.01969
133	160	1.03786
133	161	1.0274
133	162	0.992599
133	165	0.97971
133	166	0.993091
133	168	0.981696
133	169	0.98676
133	170	1.01288
133	171	0.983132
133	172	0.99125
133	173	0.993973
133	174	0.997792
133	176	0.995116
133	177	0.999817
133	178	0.988318
133	179	0.981241
133	180	0.991586
134	27	0.973581
134	59	0.95403
134	76	0.976235
134	84	0.932448
134	96	0.878138
134	107	1.03942
134	117	0.944239
134	122	1.00727
134	123	0.915153
134	124	0.946406
134	133	1.01664
134	135	0.853407
134	138	1.03176
134	140	0.916942
134	148	1.0418
134	149	1.04849
134	159	1.04374
134	160	0.934063
134	161	0.923601
134	162	1.04384
134	166	1.04433
134	167	1.05344
134	168	1.03294
134	169	1.038
134	170	1.06412
134	171	1.03437
134	173	1.04521
134	174	1.04903
134	176	1.04636
134	177	1.05106
134	178	1.03956
134	179	1.03248
134	180	1.04283
135	4	1.09183
135	5	1.10019
135	21	1.09498
135	22	0.876929
135	39	0.854537
135	44	1.01843
135	56	1.06895
135	58	1.0607
135	63	1.13263
135	94	1.0314
135	101	1.04562
135	108	0.940536
135	112	0.79465
135	117	1.05095
135	125	0.860619
135	130	0.961522
135	131	1.08101
135	134	0.853407
135	136	1.08803
135	137	1.06931
135	140	1.07065
135	146	1.05656
135	147	1.093
135	150	1.07578
135	151	1.05747
135	156	1.06128
135	165	1.06964
135	166	0.925565
135	167	0.90815
135	168	0.936104
135	173	0.920458
135	175	0.907518
135	177	0.928151
135	180	0.923333
136	10	1.04043
136	16	1.05695
136	21	1.03775
136	58	1.00347
136	63	1.0754
136	85	0.96305
136	86	1.00436
136	92	1.05722
136	94	0.974171
136	101	0.98839
136	117	0.993718
136	126	1.01334
136	128	0.982755
136	131	1.02377
136	135	1.08803
136	140	1.01342
136	145	1.01645
136	146	0.999331
136	147	1.03577
136	150	1.01855
136	151	1.00024
136	156	1.00404
136	157	0.89178
136	159	0.966041
136	161	0.891584
136	164	1.00485
136	165	1.01241
136	166	0.98613
136	168	0.99667
136	169	0.97505
136	175	0.968083
136	176	0.982934
136	177	0.988716
136	178	0.958178
137	3	0.987086
137	15	0.972016
137	23	1.04074
137	41	0.933122
137	59	1.00506
137	72	1.01809
137	91	1.0247
137	100	1.01737
137	102	0.985429
137	105	1.01993
137	117	0.974997
137	122	1.0583
137	123	0.966181
137	124	0.997434
137	126	0.994618
137	135	1.06931
137	140	0.994698
137	141	1.00656
137	145	0.997733
137	149	1.01123
