1	56	1.20113
1	57	1.15878
1	63	1.24604
1	100	1.18232
1	112	1.19972
1	136	1.16888
1	154	0.732818
1	166	0.725648
1	169	0.7091
1	176	0.720169
1	177	1.24313
1	179	0.714721
2	69	1.13478
2	83	1.00777
2	113	0.985946
2	114	1.00454
2	121	1.00527
2	122	0.886058
2	132	1.10875
2	169	0.899676
2	176	0.910745
2	177	1.05191
2	178	1.10104
2	180	0.90935
3	63	0.724816
3	67	0.669557
3	86	1.1734
3	111	0.729711
3	121	0.716791
3	135	0.754094
3	147	1.21867
3	162	1.19983
3	170	1.20932
3	174	1.20374
3	179	1.20175
3	180	1.19329
4	60	0.708974
4	91	1.17104
4	101	1.18136
4	135	1.1853
4	137	1.20462
4	140	0.732419
4	144	0.696781
4	149	1.22777
4	152	1.23382
4	155	1.19611
4	159	0.755689
4	180	0.704146
5	30	0.786378
5	35	0.631339
5	73	0.685235
5	112	1.19037
5	146	0.738933
5	149	1.22334
5	155	1.19168
5	163	0.748971
5	167	1.18511
5	177	1.23377
5	179	1.1921
5	180	1.18364
6	88	1.18491
6	95	0.806092
6	110	1.20401
6	111	1.20842
6	131	1.17849
6	136	0.766084
6	141	1.19005
6	142	0.703344
6	154	1.21966
6	172	0.697436
6	173	0.627523
6	176	1.21447
7	22	0.790981
7	129	1.18979
7	142	1.22845
7	145	0.709313
7	160	1.18299
7	163	1.20841
7	164	1.21179
7	165	0.720558
7	168	1.18008
7	169	0.708348
7	170	1.19848
7	177	0.674264
8	27	0.734705
8	78	0.701319
8	115	1.16218
8	119	1.15141
8	123	1.23912
8	137	1.20086
8	149	1.22401
8	152	1.23007
8	155	1.19235
8	161	0.717428
8	168	0.750933
8	175	0.697826
9	38	1.13269
9	69	1.10451
9	92	1.06198
9	113	0.955675
9	114	0.974272
9	117	0.861459
9	130	0.956061
9	132	1.07848
9	147	0.919599
9	173	0.868102
9	177	1.02164
9	178	1.07076
10	53	0.614978
10	62	0.719649
10	119	0.78235
10	150	1.21649
10	151	1.20614
10	162	0.755106
10	170	0.72209
10	172	1.19259
10	174	1.20046
10	175	1.19584
10	179	1.19847
10	180	1.19001
11	19	0.717691
11	34	1.16285
11	47	1.1131
11	55	1.23343
11	56	1.20128
11	61	0.718738
11	63	1.24619
11	112	1.19987
11	157	0.746205
11	172	0.751909
11	177	1.24328
11	178	0.673043
12	21	1.17554
12	28	1.18383
12	74	1.21781
12	79	1.21781
12	86	1.17478
12	147	1.22005
12	158	1.21018
12	160	0.770452
12	169	0.700491
12	175	0.715408
12	176	0.71156
12	179	0.706112
13	79	0.709082
13	111	0.702812
13	119	0.761066
13	135	0.727195
13	155	0.69537
13	162	1.1805
13	167	1.17543
13	168	1.17159
13	173	1.24551
13	175	1.17979
13	178	1.27322
13	180	1.17395
14	116	1.20952
14	117	0.667344
14	133	1.20093
14	142	1.22548
14	151	0.746183
14	157	0.738196
14	162	1.18601
14	163	1.20544
14	168	1.17711
14	169	0.722856
14	170	1.1955
14	180	0.73253
15	46	1.146
15	70	1.23711
15	75	0.721357
15	81	1.21588
15	107	0.765964
15	120	0.674865
15	131	1.16856
15	151	0.731918
15	154	1.20973
15	169	1.21819
15	176	1.20454
15	179	0.714212
16	102	0.697863
16	109	0.740924
16	145	1.20948
16	152	0.683034
16	164	0.719814
16	168	0.752277
16	171	1.20692
16	172	1.19384
16	174	1.20171
16	175	1.19709
16	179	1.19972
16	180	1.19125
17	80	1.21333
17	81	1.21318
17	110	1.19139
17	111	1.19579
17	134	0.757325
17	141	1.17742
17	154	1.20704
17	155	0.730832
17	167	0.738889
17	173	0.656964
17	175	0.720751
17	176	1.20184
18	35	1.1955
18	46	0.974053
18	72	1.09118
18	80	1.04407
18	88	1.00302
18	118	0.891452
18	130	0.918232
18	141	1.00816
18	150	0.878111
18	154	1.03778
18	164	0.914703
18	169	1.04624
19	11	0.717691
19	81	0.723974
19	139	1.21704
19	141	0.730638
19	145	1.20561
19	155	0.716449
19	166	0.707999
19	171	1.20305
19	174	1.19784
19	175	1.19322
19	179	1.19585
19	180	1.18739
20	32	1.06195
20	52	1.08525
20	65	1.1179
20	66	1.17275
20	67	1.17275
20	139	0.774558
20	157	0.802819
20	166	1.1316
20	169	0.787479
20	173	1.16505
20	174	0.788829
20	177	0.753395
20	178	1.19275
21	12	1.17554
21	33	1.12006
21	49	1.20756
21	74	1.12906
21	79	1.12906
21	86	1.08602
21	141	0.80988
21	147	1.13129
21	158	1.12142
21	167	0.803748
21	174	0.772043
21	176	0.781762
21	177	0.736609
22	7	0.790981
22	42	1.10878
22	71	0.76662
22	87	0.74693
22	91	1.10739
22	135	1.12165
22	137	1.14097
22	138	1.15444
22	149	1.16412
22	152	1.17018
22	155	1.13246
22	165	0.799467
22	175	0.802175
23	62	0.6494
23	80	1.31693
23	131	1.26947
23	136	0.711098
23	141	1.28103
23	154	1.31064
23	161	1.29738
23	162	0.684856
23	164	0.656968
23	165	0.633616
23	169	1.3191
23	176	1.30545
23	178	0.563584
24	104	1.15878
24	105	0.8438
24	135	1.10185
24	137	1.12118
24	138	1.13464
24	149	1.14432
24	152	1.15038
24	155	1.11267
24	173	1.17619
24	175	0.79708
24	176	0.793232
24	177	0.748079
24	178	0.724341
25	80	1.15886
25	81	1.15872
25	88	1.11782
25	89	1.11082
25	110	1.13693
25	111	1.14133
25	124	0.747233
25	133	0.81594
25	141	1.12296
25	147	0.78222
25	154	1.15257
25	167	0.812646
25	177	0.745507
26	28	1.10513
26	33	1.13012
26	49	1.21762
26	74	1.13911
26	79	1.13911
26	86	1.09608
26	128	0.815096
26	145	0.767097
26	147	1.14135
26	158	1.13148
26	163	0.810879
26	167	0.799187
26	178	0.70831
27	8	0.734705
27	83	0.768898
27	94	0.839604
27	101	0.778452
27	107	1.114
27	149	0.774031
27	150	1.15741
27	171	1.1466
27	172	1.13351
27	174	1.14138
27	175	1.13677
27	179	1.13939
27	180	1.13093
28	12	1.18383
28	26	1.10513
28	33	1.12835
28	49	1.21585
28	74	1.13734
28	79	1.13734
28	86	1.09431
28	106	0.755261
28	131	1.09784
28	150	0.794844
28	171	0.803284
28	173	0.747005
28	176	0.806944
29	70	1.15907
29	80	1.13798
29	98	1.15451
29	106	1.15136
29	111	1.12045
29	134	0.81437
29	154	1.13169
29	161	1.11843
29	166	0.779426
29	174	0.764229
29	175	0.777795
29	176	1.1265
29	179	0.768499
30	5	0.786378
30	68	0.720931
30	92	1.17763
30	108	1.12524
30	114	1.08992
30	121	1.09066
30	132	1.19413
30	161	1.09872
30	172	0.807822
30	176	0.797848
30	177	1.13729
30	178	1.18642
30	179	0.7924
31	87	0.745372
31	104	1.16181
31	110	0.81499
31	120	1.15599
31	135	1.10489
31	138	1.13767
31	149	1.14736
31	152	1.15341
31	155	1.1157
31	158	1.12318
31	172	0.806744
31	174	0.78705
31	177	0.751616
32	20	1.06195
32	52	1.08525
32	65	1.1179
32	66	1.17275
32	67	1.17275
32	73	0.754315
32	77	0.769627
32	151	0.796632
32	161	0.807824
32	166	1.1316
32	169	0.773305
32	173	1.16505
32	178	1.19275
33	21	1.12006
33	26	1.13012
33	28	1.12835
33	40	0.713559
33	74	1.16233
33	79	1.16233
33	86	1.11929
33	131	1.12283
33	145	0.803457
33	158	1.15469
33	176	0.813561
33	177	0.768408
33	179	0.808113
34	11	1.16285
34	53	1.29481
34	55	1.13502
34	56	1.10287
34	57	1.06052
34	83	0.764779
34	112	1.10146
34	140	1.0976
34	153	0.803133
34	162	0.815753
34	171	0.759712
34	177	1.14487
34	179	0.757924
35	5	0.631339
35	18	1.1955
35	75	0.644506
35	89	1.29063
35	110	1.31674
35	111	1.32114
35	136	0.721431
35	141	1.30277
35	145	0.632705
35	150	0.630709
35	154	1.33238
35	169	1.34084
35	175	0.646657
36	87	0.746726
36	97	1.16292
36	108	0.766726
36	129	1.12735
36	159	1.122
36	162	1.12655
36	164	1.14935
36	166	1.15812
36	168	1.11765
36	170	1.13605
36	175	0.80197
36	179	0.792675
36	180	0.796728
37	108	1.13852
37	113	1.08462
37	114	1.10321
37	121	1.10394
37	132	1.20742
37	139	0.772963
37	161	1.112
37	166	0.802432
37	173	0.737015
37	175	0.800801
37	177	1.15058
37	178	1.1997
37	179	0.791505
38	9	1.13269
38	80	0.647651
38	82	0.649916
38	83	1.29221
38	113	1.27039
38	121	1.28971
38	126	0.682946
38	132	1.39319
38	149	0.64079
38	167	0.656236
38	169	0.623181
38	177	1.33635
38	178	1.38547
39	68	0.597307
39	71	0.642516
39	87	0.622826
39	115	1.25979
39	119	1.24902
39	137	1.29847
39	149	1.32162
39	152	1.32767
39	155	1.28996
39	170	0.693588
39	173	1.35348
39	175	0.678071
39	180	0.672828
40	33	0.713559
40	70	1.33103
40	102	0.629303
40	112	1.28556
40	143	0.624919
40	149	0.633302
40	154	1.30365
40	163	0.660439
40	166	0.632241
40	175	1.28467
40	177	1.32897
40	179	1.28729
40	180	1.27883
41	46	1.08199
41	58	0.86963
41	69	0.710153
41	72	1.19912
41	77	0.764297
41	80	1.15201
41	110	1.13007
41	111	1.13447
41	141	1.1161
41	147	0.770603
41	154	1.14571
41	172	0.789019
41	176	1.14052
42	22	1.10878
42	77	0.769022
42	125	0.807487
42	135	1.10661
42	138	1.13939
42	147	0.775328
42	149	1.14908
42	150	0.771669
42	152	1.15513
42	155	1.11742
42	169	1.14266
42	173	1.18094
42	176	0.783768
43	63	0.70094
43	101	1.21181
43	132	0.628539
43	141	1.21373
43	143	0.682622
43	148	0.72529
43	154	1.24334
43	155	1.22656
43	161	1.23009
43	162	0.736845
43	163	0.718142
43	174	1.22898
43	179	1.22699
43	180	1.21852
44	103	0.754684
44	121	1.21064
44	137	1.22369
44	148	0.696726
44	152	1.25289
44	154	0.66855
44	155	1.21518
44	162	0.708281
44	163	0.689578
44	170	0.675265
44	174	1.21759
44	177	1.25727
44	179	1.2156
44	180	1.20714
45	68	0.614743
45	119	1.17233
45	123	1.26003
45	135	1.20246
45	138	1.23525
45	149	1.24493
45	152	1.25098
45	155	1.21327
45	158	1.22075
45	162	0.74404
45	167	0.713645
45	168	0.748615
45	176	0.691659
45	180	0.690264
46	15	1.146
46	18	0.974053
46	41	1.08199
46	81	1.11709
46	89	1.06919
46	110	1.09529
46	111	1.0997
46	120	0.811085
46	137	0.845985
46	154	1.11094
46	157	0.86015
46	170	0.875244
46	176	1.10575
46	177	0.810727
47	11	1.1131
47	53	1.24506
47	55	1.08526
47	56	1.05312
47	57	1.01076
47	63	1.09803
47	112	1.05171
47	120	0.802139
47	125	0.870653
47	140	1.04785
47	145	0.83683
47	175	0.850782
47	176	0.846934
47	177	1.09512
48	52	1.23695
48	58	0.719472
48	65	1.26961
48	66	1.32445
48	67	1.32445
48	76	0.626294
48	147	0.620445
48	160	0.687778
48	166	1.28331
48	169	0.617817
48	173	1.31676
48	175	0.632734
48	178	1.34446
49	21	1.20756
49	26	1.21762
49	28	1.21585
49	74	1.24983
49	78	0.704244
49	79	1.24983
49	86	1.20679
49	123	0.683786
49	131	1.21033
49	141	0.725021
49	150	0.684803
49	151	0.709161
49	158	1.24219
49	176	0.696903
50	80	0.836161
50	88	0.869802
50	97	0.820292
50	123	0.809643
50	129	0.858142
50	150	1.10444
50	165	1.10536
50	167	1.07943
50	171	1.09363
50	172	1.08054
50	174	1.08841
50	175	1.0838
50	179	1.08642
50	180	1.07796
51	56	0.731978
51	59	0.799194
51	81	0.72957
51	111	0.729487
51	125	1.16551
51	126	1.13699
51	141	0.736234
51	167	1.16619
51	168	0.765071
51	171	1.18038
51	172	1.1673
51	174	1.17517
51	175	1.17055
51	179	1.17318
51	180	1.16472
52	20	1.08525
52	32	1.08525
52	48	1.23695
52	65	1.14119
52	66	1.19604
52	67	1.19604
52	139	0.712299
52	148	0.777114
52	151	0.748547
52	162	0.788669
52	166	1.1549
52	173	1.18834
52	175	0.740137
52	176	0.736289
52	178	1.21605
53	10	0.614978
53	34	1.29481
53	47	1.24506
53	56	1.33324
53	57	1.29088
53	112	1.33183
53	131	0.676261
53	136	1.30099
53	140	1.32797
53	153	0.678778
53	154	0.651666
53	163	0.672695
53	176	0.639017
53	177	1.37523
53	178	0.570125
54	83	0.709091
54	99	0.757072
54	100	0.749906
54	114	0.749723
54	145	1.17167
54	157	1.16105
54	160	0.766576
54	162	0.760064
54	171	1.16911
54	172	1.15603
54	174	1.1639
54	175	1.15929
54	177	1.20358
54	179	1.16191
54	180	1.15345
55	11	1.23343
55	34	1.13502
55	47	1.08526
55	57	1.13109
55	63	1.21835
55	112	1.17204
55	118	0.767871
55	136	1.1412
55	140	1.16818
55	163	0.800308
55	169	0.755561
55	172	0.776605
55	173	0.706692
55	177	1.21544
55	178	0.697739
56	1	1.20113
56	11	1.20128
56	34	1.10287
56	47	1.05312
56	51	0.731978
56	53	1.33324
56	57	1.09895
56	63	1.18621
56	112	1.13989
56	144	0.741866
56	147	0.742185
56	153	0.790387
56	176	0.750626
56	177	1.1833
56	180	0.749231
57	1	1.15878
57	34	1.06052
57	47	1.01076
57	53	1.29088
57	55	1.13109
57	56	1.09895
57	63	1.14385
57	112	1.09753
57	136	1.0667
57	137	0.796305
57	145	0.796096
57	147	0.797759
57	157	0.81047
57	177	1.14094
57	179	0.800752
57	180	0.804805
58	41	0.86963
58	48	0.719472
58	86	0.876397
58	129	1.11065
58	146	1.13502
58	156	1.15312
58	159	1.1053
58	160	1.10385
58	162	1.10985
58	163	1.12927
58	164	1.13265
58	168	1.10095
58	170	1.11934
58	177	0.772197
58	178	0.748458
58	180	0.815955
59	51	0.799194
59	81	1.12443
59	114	1.09624
59	122	0.793154
59	124	0.774414
59	126	0.866538
59	141	1.08867
59	154	1.11828
59	160	1.09401
59	163	1.11943
59	170	1.1095
59	173	0.757903
59	176	1.11309
59	177	1.1436
59	178	1.19273
59	180	0.816447
60	4	0.708974
60	95	1.13371
60	96	1.21234
60	129	1.18793
60	130	0.758218
60	156	1.23041
60	159	1.18258
60	160	1.18113
60	162	1.18713
60	164	1.20993
60	168	1.17823
60	169	0.719128
60	170	1.19662
60	171	0.726537
60	172	0.740171
60	174	0.720478
60	175	0.734045
61	11	0.718738
61	86	0.762615
61	96	0.733549
61	134	1.18433
61	142	0.719449
61	143	0.701725
61	146	0.727207
61	153	1.17619
61	164	0.728059
61	165	1.21085
61	167	1.18492
61	171	1.19912
61	172	1.18604
61	174	1.19391
61	175	1.18929
61	179	1.19192
61	180	1.18345
62	10	0.719649
62	23	0.6494
62	117	0.677107
62	123	1.2113
62	135	1.15372
62	136	0.82231
62	137	1.17305
62	138	1.18651
62	144	0.734928
62	149	1.19619
62	152	1.20225
62	154	0.756336
62	155	1.16453
62	165	0.744828
62	166	1.19461
62	169	1.18978
62	173	1.22806
63	1	1.24604
63	3	0.724816
63	11	1.24619
63	43	0.70094
63	47	1.09803
63	55	1.21835
63	56	1.18621
63	57	1.14385
63	85	0.761932
63	100	1.1674
63	112	1.1848
63	118	0.74448
63	120	0.698444
63	140	1.18094
63	152	0.730951
63	176	0.743239
63	177	1.2282
64	120	0.715632
64	122	0.73574
64	129	1.18173
64	143	1.22527
64	148	1.19423
64	159	1.17638
64	160	1.17493
64	162	1.18093
64	163	1.20035
64	164	1.20373
64	168	1.17203
64	170	1.19042
64	171	0.756767
64	173	0.700489
64	174	0.750708
64	178	0.691535
64	180	0.759032
65	20	1.1179
65	32	1.1179
65	48	1.26961
65	52	1.14119
65	66	1.22869
65	67	1.22869
65	100	1.13877
65	106	0.69856
65	117	0.683662
65	138	0.764599
65	145	0.740139
65	147	0.741802
65	152	0.737954
65	166	1.18755
65	169	0.739174
65	173	1.221
65	178	1.2487
66	20	1.17275
66	32	1.17275
66	48	1.32445
66	52	1.19604
66	65	1.22869
66	67	1.28354
66	71	0.643823
66	109	0.721132
66	120	0.630735
66	134	0.715952
66	136	0.754152
66	165	0.67667
66	166	1.2424
66	169	0.664461
66	173	1.27584
66	178	1.30355
67	3	0.669557
67	20	1.17275
67	32	1.17275
67	48	1.32445
67	52	1.19604
67	65	1.22869
67	66	1.28354
67	93	0.647869
67	118	0.689221
67	128	0.725875
67	142	0.703862
67	145	0.677876
67	166	1.2424
67	173	1.27584
67	176	0.68798
67	178	1.30355
68	30	0.720931
68	39	0.597307
68	45	0.614743
68	119	0.729473
68	135	0.695601
68	145	1.26657
68	150	1.27483
68	164	0.674339
68	165	1.27574
68	166	0.655327
68	167	1.24982
68	168	0.706803
68	171	1.26401
68	172	1.25093
68	174	1.2588
68	175	1.25418
68	179	1.25681
68	180	1.24834
69	2	1.13478
69	9	1.10451
69	41	0.710153
69	85	0.676565
69	108	1.29611
69	113	1.24221
69	114	1.2608
69	121	1.26153
69	132	1.36501
69	148	0.698697
69	152	0.645584
69	153	0.697633
69	161	1.26959
69	166	0.663351
69	176	0.657872
69	177	1.30817
69	178	1.35729
69	179	0.652424
70	15	1.23711
70	29	1.15907
70	40	1.33103
70	72	1.25545
70	89	1.1603
70	110	1.1864
70	117	0.645556
70	127	0.760218
70	130	0.740158
70	132	0.656211
70	141	1.17243
70	151	0.724395
70	154	1.20205
70	159	0.762285
70	160	0.77103
70	161	1.18879
70	169	1.21051
70	176	1.19685
70	178	0.643246
71	22	0.76662
71	39	0.642516
71	66	0.643823
71	98	0.709286
71	117	1.28234
71	127	1.18032
71	129	0.730439
71	133	0.720336
71	150	1.223
71	153	1.18925
71	157	1.20411
71	158	0.732301
71	162	0.747437
71	167	1.19799
71	171	1.21218
71	174	1.20697
71	175	1.20235
71	179	1.20498
71	180	1.19651
72	18	1.09118
72	41	1.19912
72	70	1.25545
72	88	1.19332
72	106	1.24775
72	110	1.21243
72	117	0.66672
72	124	0.689873
72	139	0.70931
72	141	1.19846
72	144	0.724541
72	154	1.22807
72	156	0.743371
72	157	0.737571
72	158	0.770545
72	161	1.21482
72	169	1.23653
72	176	1.22288
72	178	0.664409
73	5	0.685235
73	32	0.754315
73	74	0.726121
73	88	1.17035
73	108	1.21837
73	111	1.19386
73	121	1.18379
73	127	0.744786
73	132	1.28726
73	139	0.672715
73	141	1.17549
73	146	1.21199
73	153	0.736466
73	154	1.2051
73	168	1.17792
73	170	1.19632
73	174	0.686986
73	175	0.700553
73	178	1.27955
74	12	1.21781
74	21	1.12906
74	26	1.13911
74	28	1.13734
74	33	1.16233
74	49	1.24983
74	73	0.726121
74	79	1.17133
74	84	0.790973
74	86	1.12829
74	98	1.19582
74	131	1.13183
74	132	0.700254
74	147	1.17356
74	158	1.16369
74	162	0.80856
74	165	0.75732
74	176	0.756179
74	177	0.711026
74	179	0.750732
75	15	0.721357
75	35	0.644506
75	87	1.24179
75	103	0.827244
75	107	1.13891
75	130	1.1521
75	153	1.14858
75	155	0.74239
75	156	0.738532
75	162	0.780841
75	164	0.752953
75	165	1.18324
75	167	1.15732
75	168	0.785416
75	171	1.17151
75	172	1.15843
75	174	1.1663
75	175	1.16168
75	179	1.16431
75	180	1.15584
76	48	0.626294
76	103	0.822955
76	117	1.2238
76	124	1.20917
76	133	0.749451
76	140	0.75105
76	148	0.764997
76	151	1.15411
76	159	0.77432
76	163	0.75785
76	165	1.16537
76	167	1.13945
76	170	0.743536
76	171	1.15364
76	172	1.14056
76	174	1.14843
76	175	1.14381
76	178	1.23724
76	179	1.14644
76	180	1.13798
77	32	0.769627
77	41	0.764297
77	42	0.769022
77	126	1.12411
77	128	0.749912
77	133	0.737296
77	138	0.726373
77	139	1.18149
77	150	1.17832
77	157	1.15944
77	163	0.745694
77	165	1.17923
77	170	0.731381
77	171	1.1675
77	172	1.15442
77	173	1.2234
77	174	1.16229
77	175	1.15767
77	179	1.1603
77	180	1.15184
78	8	0.701319
78	49	0.704244
78	109	0.779707
78	122	1.17742
78	139	1.18456
78	145	1.17313
78	152	0.721816
78	153	1.14764
78	157	1.16251
78	159	0.784252
78	161	0.757554
78	165	1.1823
78	168	0.791059
78	170	0.753469
78	171	1.17057
78	172	1.15749
78	174	1.16536
78	175	1.16074
78	179	1.16337
78	180	1.15491
79	12	1.21781
79	13	0.709082
79	21	1.12906
79	26	1.13911
79	28	1.13734
79	33	1.16233
79	49	1.24983
79	74	1.17133
79	86	1.12829
79	98	1.19582
79	112	0.796058
79	118	0.755645
79	131	1.13183
79	141	0.782522
79	147	1.17356
79	158	1.16369
79	166	0.759883
79	171	0.750744
79	173	0.694466
79	180	0.753009
80	17	1.21333
80	18	1.04407
80	23	1.31693
80	25	1.15886
80	29	1.13798
80	38	0.647651
80	41	1.15201
80	50	0.836161
80	88	1.1462
80	89	1.13921
80	99	0.789553
80	111	1.16971
80	127	0.788246
80	130	0.768186
80	141	1.15134
80	142	0.756047
80	154	1.18095
80	169	1.18941
80	171	0.736505
80	173	0.680227
81	15	1.21588
81	17	1.21318
81	19	0.723974
81	25	1.15872
81	46	1.11709
81	51	0.72957
81	59	1.12443
81	89	1.13906
81	94	0.820331
81	110	1.16517
81	111	1.16957
81	134	0.78864
81	141	1.1512
81	145	0.738113
81	154	1.18081
81	169	1.18927
81	170	0.767582
81	173	0.688279
81	176	1.17562
81	180	0.746823
82	38	0.649916
82	116	1.17919
82	126	0.791126
82	128	1.15921
82	133	1.1706
82	135	0.788184
82	143	1.20002
82	148	1.16898
82	151	0.754688
82	153	0.782191
82	159	1.15112
82	160	1.14968
82	162	1.15568
82	163	1.1751
82	164	1.17848
82	165	0.74357
82	167	0.764416
82	168	1.14677
82	170	1.16517
82	174	0.732711
83	2	1.00777
83	27	0.768898
83	34	0.764779
83	38	1.29221
83	54	0.709091
83	92	1.2215
83	108	1.1691
83	113	1.1152
83	114	1.13379
83	121	1.13452
83	125	0.751889
83	132	1.238
83	136	0.806793
83	140	1.13389
83	145	0.718066
83	161	1.14258
83	164	0.752662
83	175	0.732018
83	177	1.18116
83	178	1.23028
84	74	0.790973
84	101	0.772518
84	128	1.1642
84	129	1.16147
84	139	0.737567
84	148	1.17397
84	158	1.16964
84	159	1.15612
84	160	1.15467
84	162	1.16067
84	163	1.18009
84	164	1.18347
84	168	1.15177
84	170	1.17016
84	172	0.771532
84	175	0.765405
84	176	1.17375
84	177	0.716404
84	178	0.692666
84	180	0.760162
85	63	0.761932
85	69	0.676565
85	121	0.753907
85	123	0.73234
85	125	1.15935
85	133	0.770736
85	134	1.15944
85	146	0.769096
85	151	1.1747
85	152	0.733168
85	157	1.16616
85	159	0.795605
85	165	1.18596
85	167	1.16003
85	171	1.17423
85	172	1.16114
85	174	1.16901
85	175	1.1644
85	179	1.16702
85	180	1.15856
86	3	1.1734
86	12	1.17478
86	21	1.08602
86	26	1.09608
86	28	1.09431
86	33	1.11929
86	49	1.20679
86	58	0.876397
86	61	0.762615
86	74	1.12829
86	79	1.12829
86	98	1.15278
86	106	0.734129
86	131	1.08879
86	139	0.761821
86	143	0.783969
86	147	1.13053
86	153	0.825572
86	158	1.12066
86	174	0.776092
86	176	0.785811
87	22	0.74693
87	31	0.745372
87	36	0.746726
87	39	0.622826
87	75	1.24179
87	104	0.662434
87	115	0.737508
87	132	0.619441
87	144	1.23995
87	145	1.2292
87	150	1.23746
87	156	0.685438
87	157	1.21857
87	162	0.727747
87	165	1.23837
87	167	1.21245
87	172	1.21356
87	174	1.22143
87	175	1.21681
87	179	1.21944
87	180	1.21097
88	6	1.18491
88	18	1.00302
88	25	1.11782
88	50	0.869802
88	72	1.19332
88	73	1.17035
88	80	1.1462
88	89	1.09816
88	100	0.816028
88	110	1.12427
88	111	1.12867
88	118	0.775047
88	141	1.1103
88	145	0.763701
88	154	1.13991
88	165	0.774946
88	168	0.830761
88	169	1.14837
88	176	1.13472
88	178	0.704914
88	179	0.768358
89	25	1.11082
89	35	1.29063
89	46	1.06919
89	70	1.1603
89	80	1.13921
89	81	1.13906
89	88	1.09816
89	110	1.11727
89	118	0.790996
89	120	0.74496
89	131	1.09175
89	141	1.1033
89	147	0.781314
89	154	1.13291
89	158	0.826999
89	161	1.11966
89	164	0.814247
89	165	0.790895
89	170	0.809119
89	176	1.12772
89	177	0.744602
90	105	0.75991
90	111	0.730713
90	116	1.23321
90	117	0.642761
90	128	1.21323
90	143	1.25404
90	146	1.23487
90	148	1.223
90	156	1.25297
90	160	1.2037
90	162	1.2097
90	164	1.2325
90	168	1.2008
90	169	0.698273
90	170	1.21919
90	171	0.705682
90	172	0.719317
90	173	0.649404
90	174	0.699624
90	176	1.22278
90	179	0.703894
91	4	1.17104
91	22	1.10739
91	101	1.10128
91	115	1.08586
91	119	1.07509
91	120	1.15632
91	123	1.16279
91	133	0.805341
91	135	1.10522
91	138	1.13801
91	149	1.14769
91	152	1.15374
91	155	1.11603
91	160	0.838954
91	161	0.803512
91	163	0.813739
91	171	0.776402
91	173	1.17955
91	174	0.770343
91	176	0.780062
91	178	0.71117
92	9	1.06198
92	30	1.17763
92	83	1.2215
92	108	1.25359
92	113	1.19968
92	114	1.21828
92	121	1.21901
92	123	0.685066
92	124	0.654755
92	126	0.746879
92	132	1.32249
92	140	1.21837
92	147	0.689742
92	157	0.702453
92	161	1.22707
92	168	0.755138
92	169	0.687114
92	174	0.688464
92	176	0.698183
92	177	1.26564
92	178	1.31477
93	67	0.647869
93	138	0.701008
93	145	1.23299
93	150	1.24125
93	152	0.674364
93	153	1.2075
93	155	0.700582
93	156	0.696723
93	157	1.22237
93	158	0.723897
93	160	0.745545
93	161	0.710102
93	166	0.692132
93	167	1.21624
93	169	1.24805
93	171	1.23043
93	172	1.21735
93	174	1.22522
93	175	1.2206
93	179	1.22323
93	180	1.21477
94	27	0.839604
94	81	0.820331
94	109	1.13166
94	111	0.820248
94	117	0.732296
94	120	0.754082
94	127	0.846958
94	128	1.11622
94	142	1.15215
94	143	1.15703
94	146	1.13785
94	148	1.12599
94	156	1.15596
94	159	1.10813
94	162	1.11269
94	163	1.13211
94	166	1.14426
94	168	1.10378
94	170	1.12218
94	173	0.738939
94	177	0.753724
95	6	0.806092
95	60	1.13371
95	106	0.793712
95	126	0.89409
95	133	1.09961
95	139	0.821404
95	142	1.12416
95	148	1.098
95	156	1.12797
95	158	1.09366
95	159	1.08014
95	160	1.0787
95	162	1.08469
95	163	1.10412
95	164	1.10749
95	168	1.07579
95	169	0.834325
95	170	1.09418
95	176	1.09778
95	178	0.776503
95	179	0.839946
95	180	0.843999
96	60	1.21234
96	61	0.733549
96	106	0.705063
96	109	1.1823
96	125	0.780464
96	133	1.17824
96	142	1.20278
96	144	0.747986
96	146	1.18849
96	148	1.17662
96	153	0.796507
96	156	1.20659
96	159	1.15876
96	160	1.15732
96	163	1.18274
96	164	1.18612
96	166	1.19489
96	170	1.17281
96	173	0.696807
96	177	0.711592
96	178	0.687854
96	179	0.751298
97	36	1.16292
97	50	0.820292
97	100	1.15727
97	122	0.699609
97	131	0.761541
97	133	1.1894
97	135	0.77005
97	144	0.715536
97	146	1.19965
97	148	1.18779
97	150	0.712196
97	156	1.21776
97	157	0.728566
97	159	1.16993
97	160	1.16849
97	163	1.19391
97	164	1.19728
97	166	1.20605
97	168	1.16558
97	170	1.18397
97	177	0.679143
97	180	0.722901
98	29	1.15451
98	71	0.709286
98	74	1.19582
98	79	1.19582
98	86	1.15278
98	127	0.789074
98	139	0.717003
98	141	1.16787
98	143	1.22355
98	147	1.19805
98	154	1.19748
98	155	0.754922
98	158	1.18818
98	159	1.17465
98	165	0.742133
98	168	1.1703
98	170	1.1887
98	173	0.681055
98	174	0.731275
98	175	0.744841
98	176	1.19229
98	180	0.739598
99	54	0.757072
99	80	0.789553
99	104	0.763219
99	126	0.824848
99	128	1.13711
99	129	1.13437
99	142	1.17304
99	143	1.17791
99	146	1.15874
99	151	0.788409
99	156	1.17685
99	157	0.780422
99	160	1.12758
99	161	1.13859
99	162	1.13357
99	163	1.153
99	164	1.15637
99	166	1.16514
99	168	1.12467
99	169	0.765082
99	170	1.14306
99	177	0.730998
99	178	0.70726
100	1	1.18232
100	54	0.749906
100	63	1.1674
100	65	1.13877
100	88	0.816028
100	97	1.15727
100	112	1.12108
100	122	0.744298
100	136	1.09024
100	152	0.756697
100	157	0.773256
100	163	1.14032
100	164	1.1437
100	165	0.770126
100	166	1.15247
100	168	1.112
100	170	1.13039
100	171	0.765326
100	173	1.18592
100	174	0.759267
100	175	0.772834
100	177	1.16449
100	178	1.21362
101	4	1.18136
101	27	0.778452
101	43	1.21181
101	84	0.772518
101	91	1.10128
101	102	1.17266
101	105	0.788292
101	116	0.761439
101	118	1.13476
101	119	1.08541
101	123	1.17311
101	125	0.761444
101	136	0.816347
101	137	1.13486
101	138	1.14833
101	147	0.729284
101	149	1.15801
101	152	1.16406
101	155	1.12635
101	165	0.738865
101	166	1.15643
101	169	1.15159
101	170	0.75709
102	16	0.697863
102	40	0.629303
102	101	1.17266
102	115	1.15724
102	119	1.14647
102	123	1.23417
102	135	1.1766
102	136	0.807927
102	137	1.19592
102	138	1.20939
102	143	0.727463
102	149	1.21907
102	150	0.717205
102	152	1.22512
102	155	1.18741
102	158	1.19489
102	166	1.21749
102	167	0.751291
102	169	1.21265
102	172	0.73928
102	173	1.25093
102	176	0.729305
102	177	0.684152
102	179	0.723857
103	44	0.754684
103	75	0.827244
103	76	0.822955
103	128	1.10703
103	133	1.11841
103	142	1.14296
103	143	1.14783
103	146	1.12866
103	152	0.813259
103	156	1.14677
103	159	1.09894
103	160	1.0975
103	162	1.10349
103	163	1.12292
103	164	1.12629
103	166	1.13506
103	168	1.09459
103	170	1.11298
103	173	0.765609
103	174	0.815829
103	175	0.829395
103	176	1.11658
103	178	0.756656
103	179	0.820099
104	24	1.15878
104	31	1.16181
104	87	0.662434
104	99	0.763219
104	105	0.764398
104	115	1.15704
104	118	1.19562
104	123	1.23397
104	135	1.1764
104	137	1.19572
104	138	1.20919
104	141	0.741949
104	149	1.21887
104	152	1.22492
104	153	0.753592
104	155	1.18721
104	166	1.21729
104	167	0.735817
104	169	1.21245
104	171	0.710171
104	173	1.25073
104	175	0.717679
104	176	0.713831
104	178	0.644939
105	24	0.8438
105	90	0.75991
105	101	0.788292
105	104	0.764398
105	108	0.745934
105	118	1.12502
105	119	0.856956
105	130	1.10483
105	134	1.10945
105	140	0.804209
105	144	1.13755
105	151	1.12471
105	157	1.11617
105	165	1.13597
105	167	1.11004
105	168	0.834286
105	169	1.14185
105	170	0.796696
105	171	1.12424
105	172	1.11115
105	174	1.11902
105	175	1.11441
105	179	1.11703
105	180	1.10857
106	28	0.755261
106	29	1.15136
106	65	0.69856
106	72	1.24775
106	86	0.734129
106	95	0.793712
106	96	0.705063
106	108	1.2076
106	112	0.716735
106	129	0.710464
106	132	1.2765
106	141	1.16472
106	149	0.681622
106	154	1.19434
106	156	0.685152
106	158	0.712325
106	171	1.18518
106	172	1.1721
106	175	1.17536
106	176	1.18915
106	177	1.21965
106	178	1.26878
106	179	1.17798
106	180	1.16952
107	15	0.765964
107	27	1.114
107	75	1.13891
107	116	0.796781
107	125	1.10889
107	127	1.0919
107	128	0.810962
107	140	0.799945
107	144	1.13707
107	151	1.12423
107	153	1.10083
107	156	0.783138
107	160	0.83196
107	161	0.796517
107	162	0.825448
107	165	1.13549
107	166	0.778546
107	167	1.10957
107	171	1.12376
107	174	1.11855
107	175	1.11393
107	177	1.15823
107	179	1.11656
107	180	1.10809
108	30	1.12524
108	36	0.766726
108	37	1.13852
108	69	1.29611
108	73	1.21837
108	83	1.1691
108	92	1.25359
108	105	0.745934
108	106	1.2076
108	113	1.14728
108	114	1.16588
108	121	1.16661
108	129	0.730749
108	130	0.723388
108	132	1.27009
108	140	1.16598
108	145	0.685263
108	147	0.686926
108	157	0.699637
108	165	0.696507
108	167	0.717353
108	168	0.752322
108	177	1.21324
108	178	1.26237
109	16	0.740924
109	66	0.721132
109	78	0.779707
109	94	1.13166
109	96	1.1823
109	117	0.705785
109	129	1.15789
109	133	1.17201
109	134	0.812788
109	143	1.20143
109	144	0.763606
109	146	1.18226
109	148	1.17039
109	150	0.760266
109	159	1.15254
109	160	1.15109
109	162	1.15709
109	163	1.17651
109	164	1.17989
109	167	0.794352
109	168	1.14819
109	170	1.16658
109	176	1.17017
109	177	0.727213
109	178	0.703475
110	6	1.20401
110	17	1.19139
110	25	1.13693
110	31	0.81499
110	35	1.31674
110	41	1.13007
110	46	1.09529
110	70	1.1864
110	72	1.21243
110	81	1.16517
110	88	1.12427
110	89	1.11727
110	111	1.14778
110	113	0.789459
110	144	0.736225
110	149	0.751525
110	152	0.732696
110	154	1.15902
110	156	0.755055
110	160	0.803877
110	161	1.14576
110	169	1.16748
110	177	0.699831
110	178	0.676093
110	179	0.739537
111	3	0.729711
111	6	1.20842
111	13	0.702812
111	17	1.19579
111	25	1.14133
111	29	1.12045
111	35	1.32114
111	41	1.13447
111	46	1.0997
111	51	0.729487
111	73	1.19386
111	80	1.16971
111	81	1.16957
111	88	1.12867
111	90	0.730713
111	94	0.820248
111	110	1.14778
111	125	0.771853
111	126	0.796831
111	141	1.13381
111	150	0.736035
111	154	1.16342
111	169	1.17188
111	179	0.742687
111	180	0.74674
112	1	1.19972
112	5	1.19037
112	11	1.19987
112	34	1.10146
112	40	1.28556
112	47	1.05171
112	53	1.33183
112	55	1.17204
112	56	1.13989
112	57	1.09753
112	63	1.1848
112	79	0.796058
112	100	1.12108
112	106	0.716735
112	118	0.769659
112	136	1.10764
112	140	1.13462
112	169	0.757348
112	173	0.708479
112	174	0.758699
112	175	0.772265
112	176	0.768417
112	177	1.18189
112	178	0.699526
112	179	0.76297
113	2	0.985946
113	9	0.955675
113	37	1.08462
113	38	1.27039
113	69	1.24221
113	83	1.1152
113	92	1.19968
113	108	1.14728
113	110	0.789459
113	114	1.11197
113	118	0.77248
113	120	1.15753
113	121	1.1127
113	131	0.808483
113	132	1.21618
113	140	1.11207
113	158	0.808483
113	161	1.12076
113	166	0.776718
113	171	0.767579
113	172	0.781213
113	174	0.76152
113	176	0.771239
113	177	1.15934
113	178	1.20846
113	180	0.769844
114	2	1.00454
114	9	0.974272
114	30	1.08992
114	37	1.10321
114	54	0.749723
114	59	1.09624
114	69	1.2608
114	83	1.13379
114	92	1.21828
114	108	1.16588
114	113	1.11197
114	118	0.770044
114	121	1.1313
114	132	1.23478
114	135	0.814556
114	140	1.13066
114	151	0.781061
114	161	1.13936
114	162	0.821183
114	167	0.790788
114	172	0.778777
114	174	0.759084
114	175	0.77265
114	176	0.768803
114	177	1.17793
114	178	1.22706
115	8	1.16218
115	39	1.25979
115	87	0.737508
115	91	1.08586
115	102	1.15724
115	104	1.15704
115	119	1.06999
115	123	1.15769
115	124	0.745477
115	129	0.824288
115	135	1.10012
115	137	1.11944
115	138	1.13291
115	146	0.812545
115	147	0.780464
115	149	1.14259
115	152	1.14864
115	155	1.11093
115	158	1.11841
115	166	1.14101
115	169	1.13617
115	170	0.80827
115	174	0.779187
115	176	0.788905
115	177	0.743752
115	179	0.783457
116	14	1.20952
116	82	1.17919
116	90	1.23321
116	101	0.761439
116	107	0.796781
116	120	0.705682
116	125	0.774196
116	128	1.16516
116	129	1.16242
116	142	1.20109
116	143	1.20597
116	144	0.741717
116	145	0.740373
116	148	1.17493
116	156	1.2049
116	159	1.15707
116	160	1.15563
116	162	1.16162
116	163	1.18105
116	164	1.18442
116	168	1.15272
116	170	1.17111
116	172	0.760452
116	173	0.690539
116	175	0.754325
116	177	0.705324
116	178	0.681586
117	9	0.861459
117	14	0.667344
117	62	0.677107
117	65	0.683662
117	70	0.645556
117	71	1.28234
117	72	0.66672
117	76	1.2238
117	90	0.642761
117	94	0.732296
117	109	0.705785
117	126	1.18312
117	139	1.2405
117	144	1.23982
117	146	0.683822
117	151	1.22698
117	153	1.20358
117	157	1.21845
117	159	0.710331
117	160	0.719075
117	167	1.21232
117	171	1.22651
117	172	1.21343
117	174	1.2213
117	175	1.21668
117	177	1.26098
117	179	1.21931
117	180	1.21085
118	18	0.891452
118	55	0.767871
118	63	0.74448
118	67	0.689221
118	79	0.755645
118	88	0.775047
118	89	0.790996
118	101	1.13476
118	104	1.19562
118	105	1.12502
118	112	0.769659
118	113	0.77248
118	114	0.770044
118	119	1.10856
118	132	0.672079
118	149	1.18117
118	152	1.18722
118	155	1.14951
118	156	1.19129
118	159	1.14346
118	162	1.14801
118	167	1.14294
118	168	1.13911
118	170	1.1575
118	171	1.15713
118	175	1.14731
118	179	1.14993
118	180	1.14147
119	8	1.15141
119	10	0.78235
119	13	0.761066
119	39	1.24902
119	45	1.17233
119	68	0.729473
119	91	1.07509
119	101	1.08541
119	102	1.14647
119	105	0.856956
119	115	1.06999
119	118	1.10856
119	123	1.14692
119	135	1.08935
119	137	1.10867
119	143	0.804546
119	149	1.13182
119	151	0.818647
119	152	1.13787
119	155	1.10016
119	158	1.10764
119	166	1.13024
119	169	1.1254
119	171	0.802729
119	173	1.16368
119	174	0.79667
119	175	0.810237
119	176	0.806389
119	178	0.737497
120	15	0.674865
120	31	1.15599
120	46	0.811085
120	47	0.802139
120	63	0.698444
120	64	0.715632
120	66	0.630735
120	89	0.74496
120	91	1.15632
120	94	0.754082
120	113	1.15753
120	116	0.705682
120	121	1.17686
120	132	1.28033
120	137	1.1899
120	138	1.20337
120	152	1.2191
120	155	1.18139
120	156	0.692039
120	159	0.732117
120	162	0.734349
120	171	1.18902
120	172	1.17594
120	174	1.18381
120	175	1.17919
120	177	1.22349
120	178	1.27262
120	179	1.18182
120	180	1.17335
121	2	1.00527
121	3	0.716791
121	30	1.09066
121	37	1.10394
121	38	1.28971
121	44	1.21064
121	69	1.26153
121	73	1.18379
121	83	1.13452
121	85	0.753907
121	92	1.21901
121	108	1.16661
121	113	1.1127
121	114	1.1313
121	120	1.17686
121	125	0.758933
121	130	0.763235
121	132	1.23551
121	134	0.775636
121	138	0.74957
121	140	1.1314
121	147	0.726773
121	149	0.741755
121	156	0.745285
121	161	1.14009
121	168	0.792169
121	172	0.745189
121	177	1.17866
121	178	1.22779
121	180	0.733819
122	2	0.886058
122	59	0.793154
122	64	0.73574
122	78	1.17742
122	97	0.699609
122	100	0.744298
122	124	1.21873
122	126	1.11981
122	127	1.13134
122	130	1.14379
122	133	0.727355
122	134	1.14841
122	138	0.716432
122	139	1.17719
122	144	1.17651
122	146	0.725716
122	151	1.16367
122	158	0.73932
122	160	0.760968
122	163	0.735754
122	164	0.726568
122	167	1.14901
122	171	1.1632
122	172	1.15012
122	173	1.2191
122	174	1.15799
122	175	1.15337
122	178	1.2468
122	179	1.156
122	180	1.14754
123	8	1.23912
123	45	1.26003
123	49	0.683786
123	50	0.809643
123	62	1.2113
123	85	0.73234
123	91	1.16279
123	92	0.685066
123	101	1.17311
123	102	1.23417
123	104	1.23397
123	115	1.15769
123	119	1.14692
123	124	0.670219
123	135	1.17705
123	137	1.19637
123	138	1.20984
123	148	0.754472
123	149	1.21952
123	150	0.701547
123	152	1.22558
123	155	1.18786
123	157	0.717917
123	158	1.19534
123	164	0.738139
123	166	1.21794
123	172	0.723622
123	173	1.25138
123	176	0.713647
123	177	0.668494
123	179	0.708199
124	25	0.747233
124	59	0.774414
124	72	0.689873
124	76	1.20917
124	92	0.654755
124	115	0.745477
124	122	1.21873
124	123	0.670219
124	126	1.16849
124	128	0.721231
124	134	1.19709
124	145	1.21444
124	148	0.724161
124	151	1.21235
124	153	1.18895
124	157	1.20382
124	158	0.72058
124	161	0.706786
124	164	0.707828
124	165	1.22361
124	166	0.688815
124	167	1.19769
124	168	0.740291
124	169	1.2295
124	171	1.21188
124	172	1.1988
124	174	1.20667
124	175	1.20205
124	176	1.21584
124	179	1.20468
124	180	1.19622
125	42	0.807487
125	47	0.870653
125	51	1.16551
125	83	0.751889
125	85	1.15935
125	96	0.780464
125	101	0.761444
125	107	1.10889
125	111	0.771853
125	116	0.774196
125	121	0.758933
125	127	1.10962
125	130	1.12207
125	139	1.15547
125	143	0.74864
125	144	1.15479
125	149	0.757023
125	151	1.14195
125	152	0.738194
125	157	1.13342
125	164	0.774974
125	165	1.15321
125	167	1.12729
125	171	1.14148
125	172	1.1284
125	174	1.13627
125	175	1.13165
125	176	1.14544
125	178	1.22508
125	179	1.13428
125	180	1.12582
126	38	0.682946
126	51	1.13699
126	59	0.866538
126	77	1.12411
126	82	0.791126
126	92	0.746879
126	95	0.89409
126	99	0.824848
126	111	0.796831
126	117	1.18312
126	122	1.11981
126	124	1.16849
126	127	1.08111
126	130	1.09356
126	139	1.12695
126	143	0.773617
126	145	1.11552
126	148	0.816285
126	151	1.11344
126	153	1.09004
126	159	0.825608
126	165	1.1247
126	166	0.780939
126	167	1.09877
126	170	0.794824
126	171	1.11297
126	172	1.09988
126	174	1.10776
126	175	1.10314
126	178	1.19656
126	179	1.10576
126	180	1.0973
127	70	0.760218
127	71	1.18032
127	73	0.744786
127	80	0.788246
127	94	0.846958
127	98	0.789074
127	107	1.0919
127	122	1.13134
127	125	1.10962
127	126	1.08111
127	129	0.810227
127	130	1.10509
127	139	1.13849
127	140	0.801723
127	142	0.790727
127	144	1.13781
127	150	1.13532
127	153	1.10157
127	155	0.788774
127	157	1.11643
127	158	0.812089
127	159	0.824993
127	160	0.833737
127	165	1.13623
127	167	1.11031
127	171	1.1245
127	172	1.11142
127	174	1.11929
127	175	1.11467
127	176	1.12846
127	179	1.1173
127	180	1.10883
128	26	0.815096
128	67	0.725875
128	77	0.749912
128	82	1.15921
128	84	1.1642
128	90	1.21323
128	94	1.11622
128	99	1.13711
128	103	1.10703
128	107	0.810962
128	116	1.16516
128	124	0.721231
128	131	0.801903
128	133	1.15657
128	139	0.740668
128	142	1.18111
128	144	0.755899
128	146	1.16681
128	148	1.15495
128	153	0.80442
128	156	1.18492
128	158	1.15062
128	159	1.13709
128	162	1.14165
128	163	1.16107
128	164	1.16444
128	168	1.13274
128	169	0.753589
128	170	1.15114
128	171	0.760999
128	172	0.774633
128	176	1.15473
128	178	0.695767
129	7	1.18979
129	36	1.12735
129	50	0.858142
129	58	1.11065
129	60	1.18793
129	64	1.18173
129	71	0.730439
129	84	1.16147
129	99	1.13437
129	106	0.710464
129	108	0.730749
129	109	1.15789
129	115	0.824288
129	116	1.16242
129	127	0.810227
129	143	1.18326
129	146	1.16408
129	148	1.15222
129	150	0.750046
129	153	0.801907
129	156	1.18219
129	157	0.766417
129	159	1.13436
129	160	1.13292
129	162	1.13891
129	163	1.15834
129	164	1.16171
129	168	1.13001
129	169	0.751077
129	170	1.1484
129	173	0.702208
129	177	0.716993
129	179	0.756698
130	9	0.956061
130	18	0.918232
130	60	0.758218
130	70	0.740158
130	75	1.1521
130	80	0.768186
130	105	1.10483
130	108	0.723388
130	121	0.763235
130	122	1.14379
130	125	1.12207
130	126	1.09356
130	127	1.10509
130	136	1.09717
130	137	0.74489
130	139	1.15094
130	143	0.752942
130	150	1.14777
130	151	1.13742
130	153	1.11402
130	154	0.767433
130	155	0.768714
130	157	1.12888
130	165	1.14868
130	166	0.760264
130	167	1.12276
130	170	0.774149
130	171	1.13695
130	172	1.12387
130	175	1.12712
130	177	1.17142
130	178	1.22055
130	179	1.12975
130	180	1.12128
131	6	1.17849
131	15	1.16856
131	23	1.26947
131	28	1.09784
131	33	1.12283
131	49	1.21033
131	53	0.676261
131	74	1.13183
131	79	1.13183
131	86	1.08879
131	89	1.09175
131	97	0.761541
131	113	0.808483
131	128	0.801903
131	132	0.708082
131	133	0.789287
131	140	0.790886
131	142	0.77989
131	153	1.10141
131	154	1.13349
131	157	1.11628
131	158	1.12419
131	159	0.814156
131	160	0.8229
131	161	1.12024
131	162	0.816389
131	163	0.797686
131	168	0.820963
131	169	1.14195
131	172	1.11126
131	174	1.11913
131	175	1.11451
131	179	1.11714
131	180	1.10868
132	2	1.10875
132	9	1.07848
132	30	1.19413
132	37	1.20742
132	38	1.39319
132	43	0.628539
132	69	1.36501
132	70	0.656211
132	73	1.28726
132	74	0.700254
132	83	1.238
132	87	0.619441
132	92	1.32249
132	106	1.2765
132	108	1.27009
132	113	1.21618
132	114	1.23478
132	118	0.672079
132	120	1.28033
132	121	1.23551
132	131	0.708082
132	134	0.71126
132	136	0.74946
132	140	1.23487
132	151	0.683096
132	156	0.680909
132	158	0.708082
132	161	1.24357
132	167	0.692824
132	169	0.659769
132	176	0.670838
132	177	1.28214
132	178	1.33127
132	179	0.66539
133	14	1.20093
133	25	0.81594
133	71	0.720336
133	76	0.749451
133	77	0.737296
133	82	1.1706
133	85	0.770736
133	91	0.805341
133	95	1.09961
133	96	1.17824
133	97	1.1894
133	103	1.11841
133	109	1.17201
133	122	0.727355
133	128	1.15657
133	131	0.789287
133	142	1.1925
133	143	1.19737
133	146	1.1782
133	148	1.16634
133	156	1.19631
133	159	1.14848
133	160	1.14704
133	161	1.15805
133	162	1.15303
133	163	1.17246
133	164	1.17583
133	165	0.753183
133	170	1.16252
133	173	0.692104
133	174	0.742324
133	176	1.16611
133	177	0.70689
133	179	0.746595
133	180	0.750648
134	17	0.757325
134	29	0.81437
134	61	1.18433
134	66	0.715952
134	81	0.78864
134	85	1.15944
134	105	1.10945
134	109	0.812788
134	121	0.775636
134	122	1.14841
134	124	1.19709
134	132	0.71126
134	136	1.10179
134	137	0.757291
134	141	0.795304
134	144	1.15487
134	149	0.773726
134	150	1.15238
134	151	1.14203
134	152	0.754897
134	153	1.11863
134	156	0.777257
134	157	1.1335
134	165	1.15329
134	166	0.772665
134	167	1.12737
134	170	0.786551
134	171	1.14156
134	172	1.12848
134	173	1.19746
134	174	1.13635
134	175	1.13174
134	176	1.14553
134	177	1.17603
134	179	1.13436
134	180	1.1259
135	3	0.754094
135	4	1.1853
135	13	0.727195
135	22	1.12165
135	24	1.10185
135	31	1.10489
135	42	1.10661
135	45	1.20246
135	62	1.15372
135	68	0.695601
135	82	0.788184
135	91	1.10522
135	97	0.77005
135	102	1.1766
135	104	1.1764
135	114	0.814556
135	115	1.10012
135	119	1.08935
135	123	1.17705
135	136	0.851139
135	137	1.1388
135	138	1.15227
135	140	0.799395
135	147	0.764077
135	149	1.16195
135	150	0.760418
135	152	1.168
135	155	1.13029
135	158	1.13777
135	166	1.16037
135	169	1.15553
135	173	1.19381
135	174	0.762799
135	175	0.776365
135	176	0.772517
135	180	0.771122
136	1	1.16888
136	6	0.766084
136	23	0.711098
136	35	0.721431
136	53	1.30099
136	55	1.1412
136	57	1.0667
136	62	0.82231
136	66	0.754152
136	83	0.806793
136	100	1.09024
136	101	0.816347
136	102	0.807927
