1	35	0.998997
1	75	1.07396
1	85	1.07739
1	90	1.02934
1	96	1.07627
1	100	1.02173
1	106	0.905544
1	107	1.01725
1	115	1.0719
1	116	1.05041
1	166	0.939103
1	178	0.742005
2	97	0.981264
2	109	1.05001
2	110	1.04976
2	113	1.03166
2	124	1.07091
2	127	1.05636
2	133	0.823778
2	143	0.964382
2	162	0.925964
2	175	1.07732
2	177	0.893358
2	178	1.08272
3	37	1.03034
3	91	0.88274
3	106	1.09227
3	117	0.846842
3	137	0.832903
3	145	1.03351
3	167	1.04382
3	169	1.04899
3	174	1.03725
3	176	1.05199
3	179	1.04779
3	180	1.04438
4	5	1.17601
4	97	0.980525
4	102	1.0689
4	109	1.04927
4	113	1.03092
4	124	1.07018
4	125	0.947454
4	127	1.05562
4	146	0.723537
4	161	0.760258
4	173	1.06261
4	178	1.08198
5	4	1.17601
5	24	1.21731
5	28	1.20352
5	70	0.9101
5	73	0.895411
5	114	0.966173
5	115	0.960759
5	116	0.939272
5	156	0.941676
5	165	0.930065
5	177	0.931547
5	180	0.924996
6	53	1.34219
6	84	1.14026
6	121	1.11209
6	161	0.942242
6	162	0.913466
6	164	0.938655
6	170	0.938305
6	171	0.9323
6	176	0.936976
6	177	0.935916
6	179	0.932774
6	180	0.929365
7	44	0.976061
7	134	0.931057
7	137	0.918703
7	148	0.950368
7	150	0.900977
7	156	0.937664
7	163	0.920945
7	165	0.926052
7	167	1.19555
7	174	1.22869
7	178	0.938173
7	179	1.18139
8	64	0.845607
8	100	0.818146
8	104	0.794159
8	115	0.86832
8	116	0.846833
8	163	0.832519
8	165	0.837626
8	166	1.81058
8	171	1.79292
8	172	0.862704
8	175	0.844339
8	178	0.849747
9	50	0.880432
9	54	0.935519
9	58	0.947644
9	79	0.95956
9	92	0.931381
9	94	1.12969
9	119	0.936261
9	122	0.914446
9	129	0.931469
9	131	0.963288
9	171	1.21237
9	179	1.26342
10	54	1.0485
10	71	1.08936
10	92	1.04436
10	95	1.02041
10	119	1.04924
10	122	1.02742
10	129	1.04445
10	131	1.07627
10	153	0.895292
10	168	0.944815
10	169	0.895951
10	179	0.871265
11	30	1.03267
11	47	1.05372
11	79	1.08118
11	92	1.053
11	103	1.00119
11	119	1.05788
11	121	0.651286
11	122	1.03607
11	129	1.05309
11	131	1.08491
11	151	0.956747
11	153	0.941877
12	29	0.96915
12	35	1.06955
12	104	1.0683
12	116	1.12097
12	119	0.790832
12	134	0.789841
12	166	1.10049
12	173	0.743933
12	178	1.12389
12	179	1.1101
12	180	1.1067
13	69	1.02923
13	70	1.03302
13	74	1.00566
13	75	1.08574
13	90	1.04111
13	94	0.765606
13	96	1.08805
13	100	1.03351
13	115	1.08368
13	160	1.00954
13	179	0.899337
13	180	0.93299
14	25	0.994906
14	39	1.05306
14	41	0.9237
14	44	0.944711
14	105	0.996103
14	112	1.03808
14	140	0.989135
14	168	0.997957
14	174	0.998581
14	177	1.01226
14	178	1.02928
14	179	1.00912
14	180	1.00571
15	30	0.9964
15	32	0.990192
15	92	1.01673
15	95	0.992782
15	119	1.02161
15	122	0.999797
15	129	1.01682
15	131	1.04864
15	153	0.982561
15	159	0.91162
15	168	1.03208
15	172	0.981156
15	173	1.01702
16	40	0.922043
16	104	0.973969
16	107	1.01037
16	115	0.950442
16	121	1.04292
16	122	1.04155
16	131	0.978695
16	150	0.992361
16	165	1.01744
16	174	1.00524
16	178	1.02956
16	179	1.01578
16	180	1.01237
17	36	0.975645
17	40	1.05897
17	49	1.06552
17	67	0.985956
17	83	0.999836
17	84	0.992829
17	91	1.00782
17	98	0.995614
17	140	1.00818
17	172	0.949492
17	175	1.01781
17	177	0.989244
17	180	0.960522
18	37	1.08601
18	43	1.03342
18	135	0.867797
18	140	1.00056
18	144	0.905298
18	147	1.01043
18	155	1.00479
18	157	0.994299
18	166	1.01093
18	167	1.01658
18	176	1.02474
18	179	1.02054
18	180	1.01713
19	38	0.957714
19	91	1.01654
19	98	1.00434
19	102	1.01886
19	106	0.916544
19	127	1.00558
19	142	1.03049
19	163	1.01472
19	165	1.01982
19	166	0.950103
19	168	1.05705
19	178	1.03194
19	179	0.983497
20	35	0.976584
20	90	1.00692
20	95	1.00228
20	104	0.975326
20	109	0.964865
20	113	1.02786
20	116	1.028
20	124	0.897169
20	166	1.00752
20	172	1.04387
20	178	1.03091
20	179	1.01713
20	180	1.01372
21	84	0.987493
21	85	1.04194
21	98	0.990277
21	115	1.03646
21	116	1.01497
21	144	0.998359
21	155	0.991311
21	156	1.01737
21	163	1.00065
21	167	0.960701
21	175	1.01248
21	177	1.00892
21	179	0.946541
22	26	0.962828
22	97	0.940193
22	102	1.02857
22	109	1.00894
22	110	1.00869
22	113	0.990585
22	124	1.02984
22	127	1.01529
22	138	1.02657
22	167	0.95492
22	172	0.963382
22	175	1.03625
22	178	1.04165
23	81	1.23757
23	91	0.908952
23	98	0.896749
23	117	1.36488
23	122	0.887753
23	129	0.904776
23	131	0.936594
23	165	1.29179
23	175	0.918947
23	176	0.914776
23	177	0.913715
23	179	0.910574
23	180	0.907165
24	5	1.21731
24	53	0.953929
24	64	1.0411
24	72	0.996324
24	76	0.988574
24	80	0.975622
24	89	0.986069
24	104	0.989653
24	133	1.05136
24	172	1.0582
24	176	0.830215
24	177	0.871904
24	178	1.04524
25	14	0.994906
25	34	0.981096
25	69	0.991029
25	70	0.994821
25	74	0.967462
25	85	1.05097
25	96	1.04985
25	100	0.995306
25	115	1.04548
25	116	1.02399
25	157	1.03243
25	172	0.933578
25	180	0.944609
26	22	0.962828
26	79	0.922126
26	92	0.968921
26	139	1.04064
26	157	0.988573
26	164	1.0207
26	167	1.01085
26	169	1.01602
26	171	1.01434
26	174	1.00428
26	176	1.01902
26	179	1.01481
26	180	1.01141
27	87	0.993991
27	102	1.02184
27	109	1.00221
27	110	1.00196
27	113	0.983861
27	124	1.02312
27	127	1.00857
27	130	0.924401
27	143	1.03085
27	160	1.00765
27	174	0.944746
27	175	1.02952
27	178	1.03493
28	5	1.20352
28	50	1.04931
28	54	1.1044
28	95	1.07631
28	103	1.04844
28	119	1.10514
28	122	1.08333
28	129	1.10035
28	131	1.13217
28	133	0.788536
28	148	0.60146
28	154	0.794415
28	173	1.10055
28	176	0.816427
29	12	0.96915
29	78	0.909619
29	97	0.907965
29	102	0.996337
29	109	0.976708
29	110	0.976459
29	113	0.958358
29	124	0.997616
29	127	0.983064
29	149	1.20163
29	171	1.12142
29	173	0.99005
29	175	1.00402
29	178	1.00942
30	11	1.03267
30	15	0.9964
30	32	0.948608
30	92	0.975148
30	95	0.951198
30	119	0.980028
30	122	0.958213
30	129	0.975237
30	131	1.00706
30	144	0.919352
30	149	1.09756
30	158	1.11525
30	170	1.07113
30	173	0.97544
31	48	0.917656
31	72	1.12226
31	75	0.987328
31	91	1.16625
31	154	0.999645
31	164	0.984456
31	168	0.967415
31	170	0.984106
31	171	0.978101
31	174	0.96804
31	176	0.982778
31	177	0.981717
31	179	0.978575
31	180	0.975166
32	15	0.990192
32	30	0.948608
32	58	0.985203
32	71	1.01394
32	79	0.99712
32	119	0.97382
32	122	0.952005
32	129	0.969029
32	131	1.00085
32	166	1.005
32	169	1.06308
32	173	0.969233
32	177	1.10077
32	179	1.0384
33	59	0.904783
33	81	1.05401
33	87	1.1678
33	121	1.0666
33	128	0.986502
33	147	0.977342
33	149	0.957687
33	153	0.981889
33	155	0.971701
33	167	0.983489
33	170	0.992982
33	174	0.976915
33	179	0.987451
33	180	0.984042
34	25	0.981096
34	69	0.953127
34	73	1.10092
34	74	0.92956
34	85	1.01306
34	90	0.965013
34	96	1.01195
34	100	0.957404
34	115	1.00758
34	116	0.98609
34	133	0.995121
34	143	1.10126
34	158	1.01471
34	172	0.990487
35	1	0.998997
35	12	1.06955
35	20	0.976584
35	68	0.99699
35	70	0.948398
35	74	0.921039
35	90	0.956492
35	96	1.00343
35	100	0.948883
35	115	0.999057
35	116	0.977569
35	155	1.08119
35	172	1.05904
35	180	1.07007
36	17	0.975645
36	38	0.913009
36	40	1.02299
36	46	1.02481
36	49	1.02954
36	83	0.963856
36	84	0.956849
36	91	0.971837
36	98	0.959634
36	101	1.0476
36	138	1.10849
36	161	1.01471
36	167	1.03684
36	175	0.981832
37	3	1.03034
37	18	1.08601
37	88	0.91742
37	101	1.23239
37	112	1.155
37	114	0.992733
37	123	0.923643
37	135	0.960707
37	137	0.949275
37	142	0.967287
37	144	0.949221
37	156	0.968236
37	163	0.951517
37	165	0.956624
37	175	0.963338
38	19	0.957714
38	36	0.913009
38	41	1.00419
38	46	0.998151
38	49	1.00289
38	67	0.923321
38	83	0.937201
38	84	0.930194
38	91	0.945181
38	98	0.932979
38	145	1.12441
38	152	1.11538
38	164	1.10562
38	175	0.955176
38	177	1.16182
39	14	1.05306
39	82	0.879054
39	93	1.04584
39	127	0.854677
39	128	1.05025
39	138	1.02678
39	148	0.876411
39	159	1.06982
39	171	1.05072
39	174	1.04066
39	175	0.835205
39	176	1.0554
39	177	1.05434
39	179	1.0512
39	180	1.04779
40	16	0.922043
40	17	1.05897
40	36	1.02299
40	46	1.10813
40	67	1.0333
40	83	1.04718
40	84	1.04018
40	91	1.05516
40	103	0.999083
40	106	0.801135
40	126	1.06984
40	157	0.989558
40	169	0.892774
40	175	1.06516
40	180	0.901741
41	14	0.9237
41	38	1.00419
41	67	1.04116
41	83	1.05504
41	84	1.04803
41	91	1.06302
41	98	1.05081
41	103	1.00694
41	107	0.884502
41	126	1.07769
41	132	1.08012
41	160	0.94995
41	172	0.862373
41	174	0.887049
41	175	1.07301
42	117	1.00724
42	132	1.06334
42	134	1.05453
42	135	1.05361
42	136	1.05011
42	138	0.895948
42	143	0.943535
42	147	0.905875
42	148	1.07384
42	156	1.06113
42	160	0.920337
42	163	1.04442
42	165	1.04952
42	173	1.04227
42	180	0.84379
43	18	1.03342
43	117	0.9175
43	123	0.926805
43	132	0.973602
43	134	0.964791
43	139	0.942181
43	142	0.970448
43	148	0.984102
43	150	0.93471
43	156	0.971397
43	159	1.10797
43	163	0.954678
43	165	0.959786
43	176	1.17557
43	180	1.18854
44	7	0.976061
44	14	0.944711
44	108	0.923907
44	112	0.808286
44	114	1.09669
44	117	1.0183
44	123	1.0276
44	148	1.0849
44	150	1.03551
44	156	1.07219
44	162	0.955742
44	163	1.05547
44	165	1.06058
44	167	0.874921
44	178	1.0727
45	93	0.896039
45	114	0.993695
45	130	1.15138
45	136	0.958175
45	139	0.939982
45	142	0.968249
45	144	0.950183
45	148	0.981903
45	150	0.932511
45	153	1.14845
45	156	0.969198
45	161	1.11646
45	163	0.952479
45	165	0.957587
45	166	1.09103
46	36	1.02481
46	38	0.998151
46	40	1.10813
46	67	1.03512
46	83	1.049
46	84	1.04199
46	91	1.05698
46	98	1.04478
46	111	1.01042
46	120	0.775633
46	132	1.07408
46	158	0.940634
46	161	0.885828
46	170	0.89652
46	175	1.06697
47	11	1.05372
47	52	1.2101
47	57	0.983896
47	66	0.944053
47	102	1.10753
47	104	0.912851
47	122	1.12346
47	139	0.938713
47	156	0.96793
47	165	0.956318
47	175	0.963031
47	176	0.958861
47	178	0.968439
47	179	0.954659
47	180	0.951249
48	31	0.917656
48	105	0.9321
48	124	1.05028
48	125	0.990504
48	127	1.03573
48	129	1.04251
48	131	1.07433
48	134	1.05497
48	144	1.04256
48	147	0.907011
48	163	1.04486
48	165	1.04997
48	171	0.760221
48	173	1.04271
48	178	1.06209
49	17	1.06552
49	36	1.02954
49	38	1.00289
49	67	1.03985
49	83	1.05373
49	84	1.04673
49	91	1.06171
49	98	1.04951
49	111	1.04148
49	132	1.07881
49	146	0.880165
49	164	0.931027
49	175	1.07171
49	178	0.694359
49	180	0.958504
50	9	0.880432
50	28	1.04931
50	60	1.12319
50	71	0.989535
50	79	0.972712
50	92	0.944532
50	95	0.920582
50	118	1.08351
50	119	0.949412
50	122	0.927597
50	129	0.944621
50	131	0.976439
50	141	1.13984
50	145	1.161
50	173	0.944825
51	99	0.945692
51	117	1.20015
51	126	1.07328
51	142	1.1024
51	143	0.92874
51	147	0.945272
51	154	0.97645
51	159	0.974008
51	160	0.943473
51	170	0.960911
51	175	1.11651
51	176	0.959582
51	177	0.958521
51	179	0.95538
51	180	0.951971
52	47	1.2101
52	87	0.94408
52	97	0.883557
52	102	0.971929
52	109	0.9523
52	110	0.952051
52	113	0.93395
52	124	0.973208
52	127	0.958656
52	145	1.0992
52	167	1.0884
52	173	0.965642
52	175	0.979609
52	178	0.985017
52	180	1.10789
53	6	1.34219
53	24	0.953929
53	55	0.94978
53	57	0.958959
53	64	0.939363
53	72	0.894586
53	77	0.953647
53	80	0.873884
53	101	1.16427
53	104	0.887915
53	126	0.942775
53	132	0.945199
53	164	1.14553
53	167	1.15351
53	172	0.95646
53	178	0.943503
54	9	0.935519
54	10	1.0485
54	28	1.1044
54	59	1.11797
54	92	0.999619
54	95	0.975669
54	106	0.868831
54	108	0.99893
54	119	1.0045
54	122	0.982684
54	129	0.999708
54	131	1.03153
54	153	0.959811
54	160	1.04598
54	173	0.999911
54	179	0.935785
55	53	0.94978
55	57	1.05655
55	64	1.03695
55	72	0.992176
55	76	0.984425
55	77	1.05124
55	80	0.971473
55	107	1.0219
55	126	1.04036
55	128	0.918384
55	138	1.0133
55	157	1.04895
55	169	0.95217
55	171	0.876432
55	172	1.05405
55	178	1.04109
56	105	1.01682
56	114	1.05202
56	135	1.01999
56	137	1.00856
56	139	0.998304
56	142	1.02657
56	144	1.00851
56	150	0.990833
56	156	1.02752
56	162	0.990972
56	163	1.0108
56	164	0.902167
56	165	1.01591
56	168	0.969542
56	172	1.04099
56	180	0.929644
57	47	0.983896
57	53	0.958959
57	55	1.05655
57	72	1.00135
57	76	0.993604
57	77	1.06042
57	80	0.980652
57	104	0.994683
57	105	0.992133
57	125	1.05054
57	133	1.05639
57	143	1.0047
57	154	0.86998
57	172	1.06323
57	176	0.891992
57	178	1.05027
58	9	0.947644
58	32	0.985203
58	59	1.13009
58	60	0.891189
58	79	1.03992
58	92	1.01174
58	95	0.987794
58	119	1.01662
58	122	0.994809
58	126	1.03068
58	129	1.01183
58	131	1.04365
58	147	0.999777
58	160	1.01424
58	168	0.977589
58	172	0.926661
59	33	0.904783
59	54	1.11797
59	58	1.13009
59	71	1.15883
59	91	0.631489
59	92	1.11383
59	95	1.08988
59	119	1.11871
59	122	1.0969
59	129	1.11392
59	131	1.14574
59	157	0.868908
59	168	0.820989
59	172	0.770061
59	173	1.11412
59	177	0.809814
60	50	1.12319
60	58	0.891189
60	124	0.887871
60	125	0.991373
60	158	1.01915
60	161	1.03186
60	163	0.959988
60	164	1.02827
60	166	1.01278
60	168	1.01123
60	174	1.01185
60	176	1.02659
60	177	1.02553
60	178	0.932476
60	179	1.02239
60	180	1.01898
61	82	0.983828
61	105	1.10759
61	117	0.956488
61	118	0.934231
61	123	0.965792
61	128	0.977661
61	135	1.00286
61	136	0.999362
61	139	0.981168
61	148	1.02309
61	150	0.973698
61	156	1.01038
61	160	1.09696
61	163	0.993666
61	164	0.992936
61	165	0.998773
61	178	1.01089
62	87	1.07135
62	97	1.01083
62	102	1.0992
62	105	0.916765
62	109	1.07957
62	110	1.07932
62	113	1.06122
62	124	1.10048
62	127	1.08593
62	160	0.906139
62	167	0.810099
62	172	0.818561
62	173	1.09291
62	174	0.843237
62	175	1.10688
62	176	0.816624
62	178	1.11229
63	88	0.959938
63	99	1.05458
63	118	0.956967
63	123	0.966162
63	134	1.00415
63	135	1.00322
63	137	0.991793
63	139	0.981538
63	140	1.09081
63	144	0.991739
63	148	1.02346
63	150	0.974067
63	151	1.04839
63	156	1.01075
63	163	0.994035
63	165	0.999143
63	171	0.958445
64	8	0.845607
64	24	1.0411
64	53	0.939363
64	55	1.03695
64	72	0.981758
64	76	0.974007
64	77	1.04082
64	80	0.961055
64	89	1.10298
64	103	1.06696
64	104	0.975086
64	126	1.02995
64	130	0.953391
64	138	1.01225
64	172	1.04363
64	174	0.973737
64	178	1.03067
65	67	1.07783
65	116	0.974061
65	132	1.0095
65	135	1.04135
65	141	1.00324
65	147	0.984068
65	151	0.993529
65	156	0.9876
65	158	0.990932
65	162	0.974868
65	169	0.995385
65	171	0.993702
65	174	0.98364
65	176	0.998378
65	177	0.997317
65	179	0.994176
65	180	0.990767
66	47	0.944053
66	70	1.07972
66	82	1.04461
66	126	0.957535
66	140	0.976666
66	152	0.999538
66	154	1.01772
66	166	0.987035
66	170	1.00218
66	171	0.996174
66	173	1.00769
66	174	0.986112
66	175	1.00076
66	176	1.00085
66	177	0.999789
66	179	0.996648
66	180	0.993239
67	17	0.985956
67	38	0.923321
67	40	1.0333
67	41	1.04116
67	46	1.03512
67	49	1.03985
67	65	1.07783
67	83	0.974167
67	91	0.982148
67	98	0.969945
67	103	0.926068
67	126	0.996823
67	141	1.02954
67	159	0.978824
67	171	0.974686
67	175	0.992143
67	176	1.04642
68	35	0.99699
68	76	1.05528
68	80	1.10172
68	91	1.02044
68	113	0.959472
68	124	0.99873
68	127	0.984179
68	129	0.919183
68	142	1.00908
68	150	0.973343
68	163	0.993311
68	165	0.998419
68	170	1.00229
68	173	0.991165
68	177	0.9999
68	179	0.996759
68	180	0.99335
69	13	1.02923
69	25	0.991029
69	34	0.953127
69	70	0.966852
69	74	0.939493
69	75	1.01957
69	85	1.023
69	90	0.974946
69	96	1.02188
69	100	0.967337
69	112	0.999722
69	115	1.01751
69	116	0.996023
69	139	0.894955
69	145	1.07716
69	149	1.08135
69	179	1.0522
70	5	0.9101
70	13	1.03302
70	25	0.994821
70	35	0.948398
70	66	1.07972
70	69	0.966852
70	75	1.02337
70	85	1.02679
70	90	0.978738
70	96	1.02567
70	100	0.971128
70	115	1.0213
70	116	0.999815
70	118	0.966761
70	159	0.972377
70	170	1.02202
70	174	1.06659
71	10	1.08936
71	32	1.01394
71	50	0.989535
71	59	1.15883
71	73	0.989763
71	79	1.06866
71	92	1.04048
71	95	1.01653
71	118	0.804178
71	119	1.04536
71	122	1.02355
71	129	1.04057
71	131	1.07239
71	158	0.903548
71	168	0.930258
71	172	0.87933
71	173	1.04078
71	174	0.904006
72	24	0.996324
72	31	1.12226
72	53	0.894586
72	55	0.992176
72	57	1.00135
72	64	0.981758
72	76	0.929231
72	77	0.996042
72	80	0.916279
72	104	0.93031
72	126	0.98517
72	133	0.992015
72	138	1.10169
72	145	1.04084
72	152	1.03182
72	162	1.11086
72	172	0.998855
72	178	0.985898
73	5	0.895411
73	34	1.10092
73	71	0.989763
73	117	1.15703
73	154	0.995329
73	155	0.958509
73	156	1.06857
73	158	0.971015
73	159	0.992887
73	164	0.98014
73	166	0.964647
73	167	0.970298
73	169	0.975468
73	171	0.973785
73	177	0.977401
73	178	1.07838
73	179	0.974259
73	180	0.97085
74	13	1.00566
74	25	0.967462
74	34	0.92956
74	35	0.921039
74	69	0.939493
74	75	0.996007
74	85	0.99943
74	90	0.951379
74	96	0.998313
74	100	0.94377
74	115	0.993944
74	116	0.972456
74	128	1.05676
74	133	0.981487
74	161	1.0579
74	168	1.13941
74	170	1.06859
74	176	1.08655
75	1	1.07396
75	13	1.08574
75	31	0.987328
75	69	1.01957
75	70	1.02337
75	74	0.996007
75	85	1.07951
75	90	1.03146
75	96	1.07839
75	99	0.926032
75	100	1.02385
75	114	0.66784
75	115	1.07402
75	116	1.05254
75	125	1.06018
75	133	1.06157
75	141	0.884748
75	154	0.879618
76	24	0.988574
76	55	0.984425
76	57	0.993604
76	64	0.974007
76	68	1.05528
76	72	0.929231
76	77	0.988292
76	80	0.908528
76	101	1.11963
76	104	0.922559
76	126	0.97742
76	132	0.979843
76	133	0.984265
76	148	0.900425
76	155	1.13948
76	162	1.18969
76	172	0.991105
76	178	0.978147
77	53	0.953647
77	55	1.05124
77	57	1.06042
77	64	1.04082
77	72	0.996042
77	76	0.988292
77	80	0.97534
77	104	0.989371
77	106	0.911035
77	126	1.04423
77	132	1.04665
77	133	1.05108
77	146	0.933302
77	147	1.07373
77	148	0.783706
77	149	1.00714
77	172	1.05792
77	176	0.998673
77	178	1.04496
78	29	0.909619
78	121	1.04615
78	123	0.987682
78	135	1.02475
78	136	1.02125
78	137	1.01331
78	139	1.00306
78	142	1.03133
78	144	1.01326
78	148	1.04498
78	153	0.93699
78	156	1.03227
78	158	0.959803
78	162	1.00794
78	163	1.01556
78	164	0.919138
78	165	1.02066
78	172	1.04574
78	177	0.975337
79	9	0.95956
79	11	1.08118
79	26	0.922126
79	32	0.99712
79	50	0.972712
79	58	1.03992
79	71	1.06866
79	95	0.99971
79	119	1.02854
79	122	1.00673
79	126	1.0426
79	129	1.02375
79	131	1.05557
79	155	0.944828
79	158	0.946899
79	160	1.01026
79	172	0.922681
79	173	1.02395
79	177	0.962433
80	24	0.975622
80	53	0.873884
80	55	0.971473
80	57	0.980652
80	64	0.961055
80	68	1.10172
80	72	0.916279
80	76	0.908528
80	77	0.97534
80	104	0.909607
80	106	1.07419
80	107	0.946008
80	132	0.966891
80	133	0.971313
80	149	1.1703
80	155	1.18592
80	172	0.978153
80	178	0.965195
80	180	1.1748
81	23	1.23757
81	33	1.05401
81	93	0.948843
81	117	0.968105
81	121	1.03587
81	123	0.97741
81	135	1.01447
81	136	1.01098
81	137	1.00304
81	139	0.992786
81	141	0.900465
81	144	1.00299
81	150	0.985315
81	151	0.93556
81	153	0.920689
81	156	1.022
81	163	1.00528
81	165	1.01039
81	177	0.959037
81	178	1.02251
82	39	0.879054
82	61	0.983828
82	66	1.04461
82	107	1.02893
82	108	1.04732
82	114	1.03174
82	121	1.02111
82	134	1.00063
82	135	0.99971
82	136	0.996216
82	142	1.00629
82	144	0.988224
82	148	1.01994
82	150	0.970552
82	156	1.00724
82	161	0.976213
82	163	0.99052
82	165	0.995627
82	173	0.988373
82	174	1.03148
83	17	0.999836
83	36	0.963856
83	38	0.937201
83	40	1.04718
83	41	1.05504
83	46	1.049
83	49	1.05373
83	67	0.974167
83	84	0.981041
83	91	0.996028
83	98	0.983825
83	103	0.939948
83	107	1.01237
83	130	0.994575
83	132	1.01313
83	133	0.960416
83	154	0.966295
83	157	1.08909
83	175	1.00602
83	176	0.988307
84	6	1.14026
84	17	0.992829
84	21	0.987493
84	36	0.956849
84	38	0.930194
84	40	1.04018
84	41	1.04803
84	46	1.04199
84	49	1.04673
84	83	0.981041
84	91	0.989021
84	98	0.976819
84	111	1.05405
84	126	1.0037
84	132	1.00612
84	141	0.941226
84	152	0.953362
84	169	0.962109
84	175	0.999016
84	176	0.958109
85	1	1.07739
85	21	1.04194
85	25	1.05097
85	34	1.01306
85	69	1.023
85	70	1.02679
85	74	0.99943
85	75	1.07951
85	90	1.03488
85	96	1.08182
85	100	1.02727
85	115	1.07745
85	116	1.05596
85	120	1.11053
85	125	1.02732
85	145	0.873056
85	152	0.86403
85	154	0.846764
85	162	0.943072
85	177	0.910466
85	179	0.848092
86	87	1.07135
86	97	1.01083
86	102	1.0992
86	109	1.07957
86	110	1.07932
86	113	1.06122
86	124	1.10048
86	127	1.08593
86	133	0.82815
86	145	0.86032
86	171	0.784303
86	172	0.857978
86	173	1.09291
86	174	0.882654
86	175	1.10688
86	177	0.89773
86	178	1.11229
87	27	0.993991
87	33	1.1678
87	52	0.94408
87	62	1.07135
87	86	1.07135
87	97	0.892419
87	102	0.98079
87	107	0.97469
87	109	0.961162
87	110	0.960912
87	113	0.942811
87	124	0.982069
87	127	0.967517
87	151	1.04935
87	155	1.05523
87	166	0.977063
87	167	1.02462
87	169	1.03514
87	173	0.974503
87	175	0.98847
87	178	0.993878
88	37	0.91742
88	63	0.959938
88	93	0.909821
88	94	0.971712
88	99	1.15053
88	117	0.929084
88	134	0.976374
88	135	0.975451
88	136	0.971957
88	139	0.953764
88	142	0.982031
88	146	1.06076
88	148	0.995685
88	150	0.946293
88	153	1.12947
88	156	0.98298
88	163	0.966261
88	165	0.971369
88	167	1.1196
88	168	1.17899
88	175	0.978082
88	178	0.983489
89	24	0.986069
89	64	1.10298
89	109	1.14496
89	124	1.07726
89	130	0.952767
89	148	1.15808
89	152	0.964914
89	153	0.956463
89	154	0.983094
89	159	0.980652
89	161	0.971491
89	162	0.942716
89	164	0.967905
89	167	0.958062
89	168	0.950864
89	170	0.967555
89	173	1.1238
89	174	0.951488
89	176	0.966226
89	177	0.965165
89	179	0.962024
89	180	0.958615
90	1	1.02934
90	13	1.04111
90	20	1.00692
90	34	0.965013
90	35	0.956492
90	69	0.974946
90	70	0.978738
90	74	0.951379
90	75	1.03146
90	85	1.03488
90	94	0.864154
90	96	1.03377
90	100	0.979223
90	115	1.0294
90	116	1.00791
90	120	1.06248
90	133	1.01694
90	149	1.02704
90	159	0.950971
90	164	1.00406
90	170	1.00061
90	172	1.02051
90	174	1.04518
91	3	0.88274
91	17	1.00782
91	19	1.01654
91	23	0.908952
91	31	1.16625
91	36	0.971837
91	38	0.945181
91	40	1.05516
91	41	1.06302
91	46	1.05698
91	49	1.06171
91	59	0.631489
91	67	0.982148
91	68	1.02044
91	83	0.996028
91	84	0.989021
91	98	0.991806
91	126	1.01868
91	132	1.02111
91	146	1.01518
91	158	1.10671
91	172	1.08249
91	175	1.014
92	9	0.931381
92	10	1.04436
92	11	1.053
92	15	1.01673
92	26	0.968921
92	30	0.975148
92	50	0.944532
92	54	0.999619
92	58	1.01174
92	59	1.11383
92	71	1.04048
92	95	0.971531
92	119	1.00036
92	122	0.978546
92	129	0.995569
92	131	1.02739
92	151	0.985751
92	157	1.06832
92	164	0.953029
92	168	1.0204
92	173	0.995773
92	176	0.967539
92	179	0.946854
93	39	1.04584
93	45	0.896039
93	81	0.948843
93	88	0.909821
93	107	1.19571
93	114	0.985133
93	120	1.0328
93	121	0.974508
93	123	0.916044
93	134	0.95403
93	135	0.953108
93	137	0.941676
93	139	0.93142
93	142	0.959688
93	143	1.28436
93	144	0.941622
93	148	0.973341
93	153	1.17499
93	156	0.960637
93	163	0.943918
93	165	0.949025
93	169	1.17565
93	178	0.961146
94	9	1.12969
94	13	0.765606
94	88	0.971712
94	90	0.864154
94	101	1.02339
94	102	0.837928
94	137	0.876301
94	138	1.03336
94	146	1.07933
94	149	1.02802
94	150	0.93396
94	157	1.03154
94	160	1.04587
94	161	1.06725
94	162	1.03847
94	166	1.04817
94	169	1.05899
94	170	1.06331
94	173	0.813527
94	174	1.04724
94	176	1.06198
94	177	1.06092
94	179	1.05778
94	180	1.05437
95	10	1.02041
95	15	0.992782
95	20	1.00228
95	28	1.07631
95	30	0.951198
95	50	0.920582
95	54	0.975669
95	58	0.987794
95	59	1.08988
95	71	1.01653
95	79	0.99971
95	92	0.971531
95	99	1.05091
95	103	0.919714
95	108	1.06897
95	119	0.976411
95	122	0.954596
95	129	0.971619
95	131	1.00344
95	152	1.02177
95	153	1.02985
95	161	0.997862
95	173	0.971823
95	180	1.03948
96	1	1.07627
96	13	1.08805
96	25	1.04985
96	34	1.01195
96	35	1.00343
96	69	1.02188
96	70	1.02567
96	74	0.998313
96	75	1.07839
96	85	1.08182
96	90	1.03377
96	100	1.02616
96	106	0.806093
96	115	1.07633
96	116	1.05484
96	120	1.10941
96	133	1.06387
96	138	0.958858
96	141	0.876849
96	157	0.994516
96	158	0.919887
96	161	0.865081
96	169	0.897732
96	172	0.895669
97	2	0.981264
97	4	0.980525
97	22	0.940193
97	29	0.907965
97	52	0.883557
97	62	1.01083
97	86	1.01083
97	87	0.892419
97	102	0.920267
97	109	0.900639
97	110	0.900389
97	113	0.882288
97	120	0.985011
97	124	0.921546
97	127	0.906994
97	133	1.19347
97	154	1.19935
97	161	1.19271
97	170	1.2034
97	173	0.91398
97	175	0.927947
97	176	1.22136
97	178	0.933355
97	179	1.20068
98	17	0.995614
98	19	1.00434
98	21	0.990277
98	23	0.896749
98	36	0.959634
98	38	0.932979
98	41	1.05081
98	46	1.04478
98	49	1.04951
98	67	0.969945
98	83	0.983825
98	84	0.976819
98	91	0.991806
98	103	0.935726
98	126	1.00648
98	132	1.0089
98	134	0.859894
98	149	1.0717
98	158	1.08939
98	159	0.995632
98	164	1.04872
98	169	1.06723
98	175	1.0018
98	180	1.0762
99	51	0.945692
99	63	1.05458
99	75	0.926032
99	88	1.15053
99	95	1.05091
99	105	0.984552
99	116	0.96706
99	137	1.05512
99	140	0.977583
99	145	0.983285
99	157	0.971324
99	159	1.01619
99	160	0.985658
99	162	0.978258
99	166	0.987953
99	168	0.986405
99	169	0.998774
99	170	1.0031
99	174	0.98703
99	176	1.00177
99	177	1.00071
99	178	0.990413
99	179	0.997566
99	180	0.994157
100	1	1.02173
100	8	0.818146
100	13	1.03351
100	25	0.995306
100	34	0.957404
100	35	0.948883
100	69	0.967337
100	70	0.971128
100	74	0.94377
100	75	1.02385
100	85	1.02727
100	90	0.979223
100	96	1.02616
100	112	0.965454
100	115	1.02179
100	116	1.0003
100	120	1.05487
100	133	1.00933
100	154	1.0166
100	162	1.11291
100	170	1.02066
100	172	1.04055
100	176	1.03862
100	179	1.01793
101	36	1.0476
101	37	1.23239
101	53	1.16427
101	76	1.11963
101	94	1.02339
101	109	0.993339
101	125	0.941848
101	136	0.985868
101	142	0.951149
101	146	0.994415
101	151	0.972218
101	155	0.957114
101	157	0.946623
101	158	0.96962
101	160	0.960957
101	161	0.982332
101	167	0.968903
101	169	0.974073
101	170	0.978395
101	171	0.97239
101	174	0.962329
101	176	0.977066
101	177	0.976006
101	179	0.972864
101	180	0.969455
102	4	1.0689
102	19	1.01886
102	22	1.02857
102	27	1.02184
102	29	0.996337
102	47	1.10753
102	52	0.971929
102	62	1.0992
102	86	1.0992
102	87	0.98079
102	94	0.837928
102	97	0.920267
102	104	0.924756
102	109	0.98901
102	110	0.988761
102	113	0.97066
102	124	1.00992
102	127	0.995366
102	158	1.0185
102	161	0.963693
102	166	0.938265
102	168	1.04521
102	173	1.00235
102	175	1.01632
102	178	1.02173
102	179	0.971659
103	11	1.00119
103	28	1.04844
103	40	0.999083
103	41	1.00694
103	64	1.06696
103	67	0.926068
103	83	0.939948
103	95	0.919714
103	98	0.935726
103	104	1.26944
103	122	0.926729
103	124	1.04124
103	129	0.943753
103	131	0.975571
103	148	1.12206
103	157	0.923309
103	163	1.11336
103	165	1.0914
103	168	0.93839
103	170	0.955081
103	175	0.957924
103	176	0.953753
103	177	0.952692
103	178	1.08585
103	179	0.949551
103	180	0.946142
104	8	0.794159
104	12	1.0683
104	16	0.973969
104	20	0.975326
104	24	0.989653
104	47	0.912851
104	53	0.887915
104	57	0.994683
104	64	0.975086
104	72	0.93031
104	76	0.922559
104	77	0.989371
104	80	0.909607
104	102	0.924756
104	103	1.26944
104	107	0.960039
104	118	1.07639
104	126	0.978499
104	128	1.11982
104	132	0.980922
104	133	0.985344
104	171	1.07786
104	172	0.992184
104	176	1.1496
104	177	1.19129
104	178	0.979226
105	14	0.996103
105	48	0.9321
105	56	1.01682
105	57	0.992133
105	61	1.10759
105	62	0.916765
105	99	0.984552
105	106	1.03873
105	116	1.0428
105	126	1.01793
105	128	0.99329
105	138	0.969821
105	146	1.01579
105	158	0.990995
105	159	1.01287
105	160	0.982332
105	161	1.00371
105	162	0.974931
105	168	0.983079
105	169	0.995448
105	171	0.993765
105	173	1.06808
105	174	0.983704
105	176	0.998441
105	177	0.997381
105	179	0.994239
105	180	0.99083
106	1	0.905544
106	3	1.09227
106	19	0.916544
106	40	0.801135
106	54	0.868831
106	77	0.911035
106	80	1.07419
106	96	0.806093
106	105	1.03873
106	132	0.890461
106	135	0.922311
106	138	1.02732
106	149	1.02198
106	155	1.03599
106	158	1.0485
106	159	1.07037
106	161	1.06121
106	162	1.03243
106	164	1.05762
106	169	1.05295
106	170	1.05727
106	171	1.05127
106	174	1.0412
106	176	1.05594
106	177	1.05488
106	179	1.05174
106	180	1.04833
107	1	1.01725
107	16	1.01037
107	41	0.884502
107	55	1.0219
107	80	0.946008
107	82	1.02893
107	83	1.01237
107	87	0.97469
107	93	1.19571
107	104	0.960039
107	109	0.98291
107	110	0.982661
107	115	0.941239
107	124	1.00382
107	127	0.989266
107	132	1.01732
107	135	1.03402
107	156	0.980263
107	160	0.989939
107	162	0.982538
107	171	1.00137
107	175	1.01022
107	176	1.00605
107	177	1.00499
107	178	1.01563
107	179	1.00185
107	180	0.998437
108	44	0.923907
108	54	0.99893
108	82	1.04732
108	95	1.06897
108	116	0.985119
108	118	1.00635
108	129	1.02176
108	141	1.00591
108	147	0.986744
108	149	0.967089
108	153	0.991291
108	154	1.01792
108	157	0.970611
108	158	0.993608
108	159	1.01548
108	163	1.03598
108	164	1.00273
108	166	0.98724
108	167	0.992891
108	168	0.985692
108	170	1.00238
108	171	0.996378
108	173	1.0104
108	174	0.986317
108	176	1.00105
108	179	0.996853
108	180	0.993444
109	2	1.05001
109	4	1.04927
109	20	0.964865
109	22	1.00894
109	27	1.00221
109	29	0.976708
109	52	0.9523
109	62	1.07957
109	86	1.07957
109	87	0.961162
109	89	1.14496
109	97	0.900639
109	101	0.993339
109	102	0.98901
109	107	0.98291
109	110	0.969132
109	113	0.951031
109	124	0.990289
109	127	0.975737
109	133	0.961212
109	160	1.07862
109	169	0.993103
109	170	0.971144
109	173	0.982723
109	175	0.99669
109	178	1.0021
109	180	1.00207
110	2	1.04976
110	22	1.00869
110	27	1.00196
110	29	0.976459
110	52	0.952051
110	62	1.07932
110	86	1.07932
110	87	0.960912
110	97	0.900389
110	102	0.988761
110	107	0.982661
110	109	0.969132
110	112	0.956584
110	113	0.950782
110	120	1.0535
110	124	0.99004
110	127	0.975488
110	130	1.03601
110	145	1.03402
110	146	0.964373
110	155	1.05383
110	164	1.01523
110	170	1.01179
110	173	0.982474
110	175	0.996441
110	178	1.00185
110	180	1.04271
111	46	1.01042
111	49	1.04148
111	84	1.05405
111	128	0.983911
111	129	1.07524
111	130	0.975603
111	131	1.04137
111	138	0.960443
111	142	1.04285
111	145	0.97058
111	147	0.974752
111	152	0.98775
111	155	0.969111
111	157	0.958619
111	159	1.00349
111	162	0.965553
111	164	0.990741
111	167	0.980899
111	169	0.986069
111	170	0.990391
111	171	0.984386
111	173	1.06388
111	174	0.974325
111	176	0.989063
111	177	0.988002
111	178	1.06195
111	179	0.984861
111	180	0.981452
112	14	1.03808
112	37	1.155
112	44	0.808286
112	69	0.999722
112	100	0.965454
112	110	0.956584
112	115	0.844012
112	121	0.856779
112	125	1.0052
112	136	0.90847
112	141	1.04528
112	149	1.00645
112	151	1.03557
112	153	1.03066
112	154	1.05729
112	157	1.00998
112	159	1.05485
112	160	1.02431
112	161	1.04569
112	162	1.01691
112	165	0.8984
112	166	1.02661
112	167	1.03226
112	171	1.03574
112	174	1.02568
112	176	1.04042
112	179	1.03622
112	180	1.03281
113	2	1.03166
113	4	1.03092
113	20	1.02786
113	22	0.990585
113	27	0.983861
113	29	0.958358
113	52	0.93395
113	62	1.06122
113	68	0.959472
113	86	1.06122
113	87	0.942811
113	97	0.882288
113	102	0.97066
113	109	0.951031
113	110	0.950782
113	120	1.0354
113	124	0.971938
113	127	0.957386
113	140	1.11273
113	145	1.05638
113	146	0.986728
113	172	1.05404
113	173	0.964372
113	174	1.07871
113	175	0.97834
113	178	0.983747
113	179	1.03141
113	180	1.06507
114	5	0.966173
114	37	0.992733
114	44	1.09669
114	45	0.993695
114	56	1.05202
114	75	0.66784
114	82	1.03174
114	93	0.985133
114	120	0.844552
114	123	1.0137
114	134	1.05169
114	136	1.04727
114	137	1.03933
114	139	1.02908
114	144	1.03928
114	150	1.02161
114	151	1.00161
114	153	0.98674
114	154	0.961386
114	161	0.954747
114	163	1.04157
114	165	1.04668
114	173	1.03943
114	174	1.01001
114	175	1.05339
114	177	1.02509
114	178	1.0588
114	179	0.962713
115	1	1.0719
115	5	0.960759
115	8	0.86832
115	13	1.08368
115	16	0.950442
115	21	1.03646
115	25	1.04548
115	34	1.00758
115	35	0.999057
115	69	1.01751
115	70	1.0213
115	74	0.993944
115	75	1.07402
115	85	1.07745
115	90	1.0294
115	96	1.07633
115	100	1.02179
115	107	0.941239
115	112	0.844012
115	116	1.05047
115	120	1.10504
115	133	1.05951
115	143	1.02989
115	149	0.925641
115	160	1.00669
115	170	0.899214
115	176	0.917173
115	179	0.896488
116	1	1.05041
116	5	0.939272
116	8	0.846833
116	12	1.12097
116	20	1.028
116	21	1.01497
116	25	1.02399
116	34	0.98609
116	35	0.977569
116	65	0.974061
116	69	0.996023
116	70	0.999815
116	74	0.972456
116	75	1.05254
116	85	1.05596
116	90	1.00791
116	96	1.05484
116	99	0.96706
116	100	1.0003
116	105	1.0428
116	108	0.985119
116	115	1.05047
116	120	1.08356
116	133	1.03802
116	145	0.946938
116	164	0.928149
116	167	0.936133
116	172	0.944596
116	177	0.984348
117	3	0.846842
117	23	1.36488
117	42	1.00724
117	43	0.9175
117	44	1.0183
117	51	1.20015
117	61	0.956488
117	73	1.15703
117	81	0.968105
117	88	0.929084
117	121	0.993771
117	123	0.935307
117	130	1.05092
117	134	0.973293
117	135	0.97237
117	136	0.968876
117	137	0.960938
117	139	0.950683
117	142	0.97895
117	144	0.960884
117	145	1.04894
117	148	0.992604
117	150	0.943212
117	153	1.048
117	156	0.979899
117	163	0.96318
117	165	0.968288
117	166	0.990577
117	173	0.961034
118	50	1.08351
118	61	0.934231
118	63	0.956967
118	70	0.966761
118	71	0.804178
118	104	1.07639
118	108	1.00635
118	123	1.02455
118	140	0.996771
118	142	0.873698
118	144	0.974235
118	146	1.0383
118	147	1.00664
118	151	1.01611
118	153	1.01119
118	158	1.01351
118	159	1.03538
118	161	1.02622
118	162	0.997445
118	167	1.01279
118	168	1.00559
118	169	1.01796
118	170	1.02228
118	171	1.01628
118	174	1.00622
118	176	1.02096
118	177	1.01989
118	179	1.01675
118	180	1.01334
119	9	0.936261
119	10	1.04924
119	11	1.05788
119	12	0.790832
119	15	1.02161
119	28	1.10514
119	30	0.980028
119	32	0.97382
119	50	0.949412
119	54	1.0045
119	58	1.01662
119	59	1.11871
119	71	1.04536
119	79	1.02854
119	92	1.00036
119	95	0.976411
119	120	0.875996
119	122	0.983426
119	126	1.0193
119	129	1.00045
119	131	1.03227
119	146	0.949471
119	152	1.0101
119	157	1.11563
119	159	0.947242
119	166	0.960763
119	168	1.06771
119	170	0.996883
119	173	1.00065
120	46	0.775633
120	85	1.11053
120	90	1.06248
120	93	1.0328
120	96	1.10941
120	97	0.985011
120	100	1.05487
120	110	1.0535
120	113	1.0354
120	114	0.844552
120	115	1.10504
120	116	1.08356
120	119	0.875996
120	122	0.869433
120	124	1.07466
120	127	1.06011
120	129	0.840452
120	131	0.806579
120	132	0.839254
120	150	0.94953
120	155	1.05694
120	163	0.854677
120	169	1.0739
120	173	1.0671
120	174	1.06215
120	176	1.07689
120	178	1.08647
120	179	1.07269
120	180	1.06928
121	6	1.11209
121	11	0.651286
121	16	1.04292
121	33	1.0666
121	78	1.04615
121	81	1.03587
121	82	1.02111
121	93	0.974508
121	112	0.856779
121	117	0.993771
121	132	1.04987
121	134	1.04106
121	135	1.04014
121	136	1.03664
121	139	1.01845
121	140	0.990568
121	142	1.04672
121	144	1.02865
121	147	1.00499
121	148	1.06037
121	150	1.01098
121	156	1.04767
121	163	1.03095
121	164	0.91543
121	165	1.03606
121	170	0.911981
121	171	0.858203
121	172	1.06113
121	173	1.0288
121	178	1.04818
121	180	0.942908
122	9	0.914446
122	10	1.02742
122	11	1.03607
122	15	0.999797
122	16	1.04155
122	23	0.887753
122	28	1.08333
122	30	0.958213
122	32	0.952005
122	47	1.12346
122	50	0.927597
122	54	0.982684
122	58	0.994809
122	59	1.0969
122	71	1.02355
122	79	1.00673
122	92	0.978546
122	95	0.954596
122	103	0.926729
122	119	0.983426
122	120	0.869433
122	126	0.997485
122	129	0.978634
122	131	1.01045
122	140	1.06891
122	151	1.02649
122	157	1.10906
122	158	1.03443
122	173	0.978838
122	177	1.04997
122	179	0.987594
123	37	0.923643
123	43	0.926805
123	44	1.0276
123	61	0.965792
123	63	0.966162
123	78	0.987682
123	81	0.97741
123	93	0.916044
123	114	1.0137
123	117	0.935307
123	118	1.02455
123	130	1.10403
123	134	0.982597
123	136	0.97818
123	137	0.970243
123	141	1.08088
123	142	0.988254
123	144	0.970188
123	148	1.00191
123	150	0.952516
123	154	1.07575
123	156	0.989203
123	159	1.03016
123	161	1.06911
123	163	0.972484
123	165	0.977592
123	170	1.0798
123	171	1.02603
123	172	1.00267
123	174	1.12438
123	175	0.984305
123	178	0.989712
124	2	1.07091
124	4	1.07018
124	20	0.897169
124	22	1.02984
124	27	1.02312
124	29	0.997616
124	48	1.05028
124	52	0.973208
124	60	0.887871
124	62	1.10048
124	68	0.99873
124	86	1.10048
124	87	0.982069
124	89	1.07726
124	97	0.921546
124	102	1.00992
124	103	1.04124
124	107	1.00382
124	109	0.990289
124	110	0.99004
124	113	0.971938
124	120	1.07466
124	127	0.996645
124	138	0.986533
124	155	0.945491
124	157	1.02219
124	159	0.853807
124	168	0.974272
124	169	0.925407
124	173	1.00363
124	175	1.0176
124	178	1.02301
125	4	0.947454
125	48	0.990504
125	57	1.05054
125	60	0.991373
125	75	1.06018
125	85	1.02732
125	101	0.941848
125	112	1.0052
125	130	0.96698
125	145	0.961956
125	147	0.966128
125	152	0.979127
125	153	0.970675
125	154	0.997306
125	156	1.11474
125	158	0.972992
125	160	0.964329
125	161	0.985704
125	162	0.956929
125	163	1.15207
125	164	0.982118
125	165	1.13011
125	166	0.966624
125	167	0.972275
125	168	0.965076
125	169	0.977446
125	170	0.981767
125	174	0.965701
125	175	1.11956
125	177	0.979378
125	179	0.976237
125	180	0.972828
126	40	1.06984
126	41	1.07769
126	51	1.07328
126	53	0.942775
126	55	1.04036
126	58	1.03068
126	64	1.02995
126	66	0.957535
126	67	0.996823
126	72	0.98517
126	76	0.97742
126	77	1.04423
126	79	1.0426
126	84	1.0037
126	91	1.01868
126	98	1.00648
126	104	0.978499
126	105	1.01793
126	119	1.0193
126	122	0.997485
126	129	1.01451
126	131	1.04633
126	140	0.978416
126	151	0.936
126	155	0.941873
126	170	0.899829
126	173	1.01471
126	175	1.02868
126	176	0.917788
126	177	0.959477
126	178	1.03409
126	180	0.930756
127	2	1.05636
127	4	1.05562
127	19	1.00558
127	22	1.01529
127	27	1.00857
127	29	0.983064
127	39	0.854677
127	48	1.03573
127	52	0.958656
127	62	1.08593
127	68	0.984179
127	86	1.08593
127	87	0.967517
127	97	0.906994
127	102	0.995366
127	107	0.989266
127	109	0.975737
127	110	0.975488
127	113	0.957386
127	120	1.06011
127	124	0.996645
127	140	1.04112
127	143	1.0932
127	153	0.98383
127	154	0.958476
127	162	1.05478
127	164	0.965978
127	168	1.03335
127	171	0.908751
127	173	0.989079
127	175	1.00305
127	177	1.02218
127	178	1.00845
128	33	0.986502
128	39	1.05025
128	55	0.918384
128	61	0.977661
128	74	1.05676
128	104	1.11982
128	105	0.99329
128	111	0.983911
128	130	0.997047
128	134	0.984066
128	135	0.980164
128	141	1.01537
128	145	0.992023
128	150	1.05859
128	151	1.00566
128	152	1.00919
128	153	1.00074
128	156	0.926412
128	157	0.980062
128	158	1.00306
128	159	1.02493
128	166	0.996691
128	167	1.00234
128	168	0.995144
128	171	1.00583
128	172	1.03304
128	174	0.995768
128	175	0.931231
128	176	1.01051
128	177	1.00945
128	178	0.936226
128	179	1.0063
128	180	1.00289
129	9	0.931469
129	10	1.04445
129	11	1.05309
129	15	1.01682
129	23	0.904776
129	28	1.10035
129	30	0.975237
129	32	0.969029
129	48	1.04251
129	50	0.944621
129	54	0.999708
129	58	1.01183
129	59	1.11392
129	68	0.919183
129	71	1.04057
129	79	1.02375
129	92	0.995569
129	95	0.971619
129	103	0.943753
129	108	1.02176
129	111	1.07524
129	119	1.00045
129	120	0.840452
129	122	0.978634
129	126	1.01451
129	131	1.02748
129	133	0.951408
129	143	1.09201
129	147	1.05435
129	173	0.995861
129	174	1.00591
129	179	0.958614
129	180	0.992266
130	27	0.924401
130	45	1.15138
130	64	0.953391
130	83	0.994575
130	89	0.952767
130	110	1.03601
130	111	0.975603
130	117	1.05092
130	123	1.10403
130	125	0.96698
130	128	0.997047
130	134	1.02012
130	136	0.987899
130	141	1.00706
130	143	0.971356
130	151	0.997349
130	152	1.00089
130	153	0.992435
130	157	0.971754
130	158	0.994751
130	159	1.01662
130	160	0.986089
130	164	1.00388
130	166	0.988383
130	167	0.994034
130	168	0.986836
130	169	0.999205
130	170	1.00353
130	171	0.997522
130	176	1.0022
130	177	1.00114
130	178	0.972279
130	179	0.997996
130	180	0.994587
131	9	0.963288
131	10	1.07627
131	11	1.08491
131	15	1.04864
131	16	0.978695
131	23	0.936594
131	28	1.13217
131	30	1.00706
131	32	1.00085
131	48	1.07433
131	50	0.976439
131	54	1.03153
131	58	1.04365
131	59	1.14574
131	71	1.07239
131	79	1.05557
131	92	1.02739
131	95	1.00344
131	103	0.975571
131	111	1.04137
131	119	1.03227
131	120	0.806579
131	122	1.01045
131	126	1.04633
131	129	1.02748
131	158	0.971581
131	162	1.01972
131	166	0.891346
131	167	0.9389
131	169	0.949426
131	172	0.947363
131	173	1.02768
131	174	0.972039
131	178	0.694248
132	41	1.08012
132	42	1.06334
132	43	0.973602
132	46	1.07408
132	49	1.07881
132	53	0.945199
132	65	1.0095
132	76	0.979843
132	77	1.04665
132	80	0.966891
132	83	1.01313
132	84	1.00612
132	91	1.02111
132	98	1.0089
132	104	0.980922
132	106	0.890461
132	107	1.01732
132	120	0.839254
132	121	1.04987
132	137	1.01704
132	144	1.01699
132	150	0.999314
132	152	0.973353
132	154	0.956088
132	159	0.9105
132	163	1.01928
132	165	1.02439
132	167	0.971575
132	169	0.9821
132	172	1.04947
132	174	1.00471
132	175	1.0311
132	177	1.01979
132	178	1.03651
132	179	0.957415
133	2	0.823778
133	24	1.05136
133	28	0.788536
133	34	0.995121
133	57	1.05639
133	72	0.992015
133	74	0.981487
133	75	1.06157
133	76	0.984265
133	77	1.05108
133	80	0.971313
133	83	0.960416
133	86	0.82815
133	90	1.01694
133	96	1.06387
133	97	1.19347
133	100	1.00933
133	104	0.985344
133	109	0.961212
133	115	1.05951
133	116	1.03802
133	129	0.951408
133	135	0.982058
133	137	1.00283
133	150	1.06049
133	157	1.00091
133	158	1.02391
133	160	1.01524
133	162	1.00784
133	168	1.01599
