1	7	0.692507
1	24	0.687778
1	51	0.775959
1	61	0.76769
1	68	0.691493
1	70	0.738669
1	80	0.723848
1	92	0.740319
1	93	0.695993
1	120	0.69483
1	126	2.73242
1	179	4.13928
2	60	0.709485
2	89	0.755681
2	109	0.722772
2	110	0.723118
2	115	0.713008
2	119	0.741608
2	125	0.737499
2	159	0.722828
2	167	2.58873
2	169	0.686538
2	174	0.684761
2	180	4.16572
3	39	1.63741
3	128	1.66752
3	154	0.788317
3	162	0.7643
3	170	0.743486
3	173	0.703075
3	175	0.695864
3	176	0.711219
3	177	0.670344
3	178	0.69928
3	179	0.703843
3	180	0.718414
4	74	0.739146
4	108	0.724473
4	109	0.718296
4	110	0.718642
4	112	0.751704
4	115	0.708532
4	119	0.737132
4	125	0.733022
4	162	2.31713
4	169	0.682062
4	174	0.680284
4	179	4.35645
5	16	3.91822
5	69	0.663067
5	149	0.67034
5	161	0.677273
5	162	0.693907
5	170	0.673093
5	171	0.627792
5	173	0.632682
5	176	0.640826
5	178	0.628887
5	179	0.63345
5	180	0.648021
6	72	0.726896
6	74	0.738628
6	89	0.750687
6	108	0.723956
6	115	0.708014
6	119	0.736614
6	125	0.732505
6	159	0.717833
6	162	2.27461
6	169	0.681544
6	171	4.31577
6	174	0.679766
7	1	0.692507
7	22	0.760399
7	42	0.73011
7	43	0.723126
7	61	0.767617
7	68	0.691421
7	70	0.738596
7	80	0.723775
7	93	0.695921
7	117	3.66856
7	120	0.694758
7	174	2.97592
8	32	1.50828
8	34	0.683295
8	80	0.861309
8	155	0.854793
8	160	0.796361
8	165	0.778184
8	171	0.783749
8	172	0.780918
8	174	0.819224
8	175	0.781427
8	179	0.789406
8	180	0.803977
9	31	0.763359
9	62	0.696344
9	75	0.739153
9	77	0.724899
9	85	0.717475
9	88	0.707736
9	94	0.696377
9	99	0.696446
9	105	1.16801
9	150	5.41462
9	153	0.727274
9	167	0.71137
10	95	1.66026
10	117	0.733772
10	122	0.814753
10	156	0.726863
10	159	1.29283
10	170	0.743324
10	173	0.702913
10	175	0.695701
10	177	0.670182
10	178	0.699118
10	179	0.70368
10	180	0.718252
11	48	0.75783
11	57	2.9705
11	58	0.751721
11	71	0.719043
11	79	0.712007
11	84	3.17844
11	97	0.714853
11	100	0.729143
11	114	0.729351
11	128	0.70155
11	129	0.701589
11	133	0.692309
12	19	0.691039
12	103	0.73427
12	123	0.67641
12	124	0.70513
12	131	0.72567
12	135	0.726993
12	142	0.732758
12	143	0.732847
12	144	0.755147
12	152	2.71502
12	153	0.733201
12	174	3.85038
13	27	1.62396
13	109	0.80082
13	110	0.801166
13	112	0.834228
13	115	0.791056
13	119	0.819656
13	125	0.815547
13	137	2.68182
13	145	2.97738
13	159	0.800875
13	169	0.764586
13	174	0.762808
14	108	0.726321
14	109	0.720143
14	110	0.72049
14	112	0.753552
14	115	0.71038
14	119	0.73898
14	125	0.73487
14	137	1.88655
14	159	0.720199
14	160	4.77164
14	169	0.68391
14	174	0.682132
15	60	0.694866
15	89	0.741062
15	108	0.714331
15	109	0.708153
15	110	0.708499
15	112	0.741561
15	113	3.10276
15	115	0.698389
15	119	0.726989
15	125	0.72288
15	151	3.63162
15	169	0.671919
15	174	0.670142
16	5	3.91822
16	39	0.806494
16	62	0.758783
16	75	0.801593
16	77	0.787338
16	85	0.779915
16	88	0.770175
16	94	0.758816
16	99	0.758886
16	153	0.789714
16	157	1.07547
16	167	0.773809
16	169	1.97802
17	62	0.763559
17	64	0.755847
17	75	0.806369
17	77	0.792114
17	85	0.784691
17	88	0.774951
17	90	2.7455
17	94	0.763593
17	99	0.763662
17	117	3.5066
17	136	1.62598
17	153	0.79449
17	167	0.778585
18	30	0.59146
18	141	0.595886
18	155	0.638185
18	157	0.654235
18	162	0.633255
18	163	0.610197
18	168	0.590618
18	172	0.56431
18	176	0.580174
18	178	0.568235
18	179	0.572797
18	180	0.587369
19	12	0.691039
19	47	0.719871
19	104	0.715492
19	107	0.721724
19	123	0.663071
19	124	0.691792
19	131	0.712331
19	132	2.87789
19	135	0.713654
19	142	0.719419
19	143	0.719508
19	144	0.741809
19	148	4.29713
20	31	0.831131
20	41	0.738261
20	53	1.19975
20	64	0.756404
20	77	0.792671
20	83	1.49662
20	85	0.785248
20	88	0.775508
20	94	0.764149
20	99	0.764218
20	153	0.795047
20	167	0.779142
20	178	5.62268
21	30	5.2
21	41	0.671466
21	64	0.689609
21	69	0.68213
21	75	0.740131
21	77	0.725876
21	85	0.718453
21	88	0.708713
21	94	0.697354
21	99	0.697424
21	153	0.728252
21	167	0.712347
21	175	2.67012
22	7	0.760399
22	29	0.833011
22	32	0.745246
22	33	0.787673
22	42	0.798075
22	51	0.843851
22	53	1.3022
22	67	0.755854
22	68	0.759385
22	80	0.791739
22	93	0.763885
22	118	2.63218
22	151	3.41871
23	72	4.2153
23	117	0.656659
23	137	0.715348
23	155	0.691954
23	158	0.661703
23	164	0.685368
23	165	0.615345
23	170	0.66621
23	172	0.618079
23	173	0.625799
23	177	0.593068
23	178	0.622004
23	180	0.641138
24	1	0.687778
24	29	0.760318
24	32	0.672553
24	51	0.771158
24	53	2.53889
24	67	0.683161
24	68	0.686692
24	70	0.733868
24	76	0.72314
24	80	0.719046
24	93	0.691192
24	120	0.690029
24	136	4.12182
25	48	0.847122
25	66	0.820212
25	91	0.772272
25	95	0.723876
25	98	0.764527
25	111	0.777354
25	114	0.818644
25	127	1.8418
25	133	0.781601
25	140	2.24461
25	146	0.701597
25	158	3.43316
25	159	0.791723
26	104	0.787727
26	116	1.89404
26	123	0.735306
26	124	0.764026
26	131	0.784566
26	134	1.74506
26	135	0.785889
26	142	0.791654
26	143	0.791743
26	144	0.814043
26	153	0.792097
26	158	0.751494
26	179	4.33013
27	13	1.62396
27	64	0.78747
27	94	0.795215
27	99	0.795285
27	108	0.372135
27	128	1.55169
27	153	0.826113
27	164	0.809175
27	167	0.810208
27	172	0.741886
27	175	0.742395
27	177	0.716875
27	180	0.764945
28	47	0.717595
28	96	0.697416
28	103	0.718656
28	104	0.713216
28	107	0.719448
28	123	0.660795
28	131	0.710055
28	135	0.711379
28	142	0.717143
28	143	0.717232
28	144	0.739533
28	172	4.17041
28	180	3.06535
29	22	0.833011
29	24	0.760318
29	32	0.749895
29	33	0.792321
29	43	0.795739
29	65	0.812771
29	67	0.760503
29	76	0.800482
29	93	0.768533
29	120	0.76737
29	148	2.45264
29	161	1.73035
29	173	4.09636
30	18	0.59146
30	21	5.2
30	55	0.788641
30	113	0.697398
30	161	0.673032
30	170	0.668852
30	171	0.623552
30	172	0.620721
30	176	0.636586
30	177	0.59571
30	178	0.624646
30	179	0.629209
30	180	0.64378
31	9	0.763359
31	20	0.831131
31	41	0.741323
31	62	0.767178
31	81	2.3229
31	85	0.78831
31	88	0.77857
31	94	0.767211
31	99	0.767281
31	153	0.798109
31	154	2.37713
31	162	3.08862
31	167	0.782204
32	8	1.50828
32	22	0.745246
32	24	0.672553
32	29	0.749895
32	43	0.707974
32	61	0.752465
32	65	0.725006
32	67	0.672738
32	68	0.676268
32	70	0.723444
32	80	0.708623
32	93	0.680768
32	157	4.55548
33	22	0.787673
33	29	0.792321
33	42	0.757384
33	43	0.7504
33	51	0.803161
33	61	0.794891
33	65	0.767432
33	68	0.718694
33	76	0.755143
33	92	0.76752
33	93	0.723194
33	106	5.11951
33	168	1.70266
33	180	2.1058
34	8	0.683295
34	56	0.794889
34	72	0.769473
34	105	3.32963
34	108	0.766532
34	110	0.760701
34	112	0.793762
34	115	0.750591
34	119	0.77919
34	125	0.775081
34	127	3.0796
34	159	0.76041
34	169	0.72412
34	174	0.722343
35	54	0.753175
35	103	0.776411
35	104	0.770971
35	107	0.777203
35	111	0.753119
35	123	0.71855
35	124	0.747271
35	134	1.76139
35	135	0.769134
35	142	0.774899
35	143	0.774988
35	144	0.797288
35	162	2.30714
35	176	4.26555
36	63	0.764888
36	66	0.79403
36	79	0.775118
36	91	0.74609
36	95	0.697695
36	98	0.738345
36	100	0.792254
36	106	4.88049
36	114	0.792462
36	127	1.88541
36	128	0.764661
36	133	0.75542
36	159	0.765542
36	173	3.17492
37	38	0.794671
37	71	0.791732
37	91	0.755668
37	95	0.707272
37	97	0.787541
37	100	0.801831
37	111	0.76075
37	128	0.774238
37	129	0.774278
37	133	0.764997
37	146	0.684992
37	160	3.40286
37	170	1.34162
37	172	3.75791
38	37	0.794671
38	71	0.782481
38	79	0.775445
38	91	0.746417
38	95	0.698022
38	97	0.778291
38	98	0.738673
38	100	0.792581
38	129	0.765027
38	133	0.755747
38	159	0.765869
38	162	2.36434
38	167	2.41549
38	168	3.58934
39	3	1.63741
39	16	0.806494
39	41	0.722018
39	62	0.747874
39	64	0.740162
39	75	0.790683
39	77	0.776429
39	88	0.759265
39	94	0.747907
39	99	0.747976
39	152	2.53814
39	153	0.778804
39	157	3.09906
39	167	0.7629
40	80	1.76829
40	111	0.650548
40	128	0.988968
40	134	0.855508
40	149	0.785768
40	166	0.732857
40	168	0.766697
40	170	0.78852
40	172	0.740389
40	176	0.756254
40	177	0.715378
40	178	0.744314
40	179	0.748877
40	180	0.763448
41	20	0.738261
41	21	0.671466
41	31	0.741323
41	39	0.722018
41	64	0.666596
41	75	0.717117
41	85	0.695439
41	88	0.6857
41	94	0.674341
41	99	0.67441
41	147	3.90327
41	153	0.705238
41	156	3.57386
41	167	0.689334
42	7	0.73011
42	22	0.798075
42	33	0.757384
42	51	0.813563
42	57	0.952289
42	61	0.805293
42	65	0.777834
42	67	0.725566
42	68	0.729096
42	70	0.776272
42	80	0.761451
42	93	0.733596
42	138	2.39819
42	165	5.14787
43	7	0.723126
43	29	0.795739
43	32	0.707974
43	33	0.7504
43	51	0.806579
43	65	0.77085
43	67	0.718582
43	68	0.722113
43	70	0.769288
43	76	0.758561
43	80	0.754467
43	93	0.726612
43	171	3.17378
43	174	1.71973
43	178	3.96986
44	45	4.91137
44	74	0.692587
44	109	0.671737
44	110	0.672084
44	125	0.686464
44	134	0.710539
44	151	0.657635
44	158	0.639044
44	169	0.635503
44	174	0.633726
44	175	0.595929
44	176	0.611284
44	177	0.570409
44	178	0.599345
44	180	0.618479
45	44	4.91137
45	54	0.742965
45	59	0.739133
45	101	0.771764
45	104	0.760761
45	118	1.23133
45	123	0.708341
45	124	0.737061
45	131	0.757601
45	135	0.758924
45	142	0.764689
45	143	0.764778
45	144	0.787078
45	158	0.724529
45	176	2.38562
46	94	1.17442
46	107	1.02163
46	109	1.00299
46	156	0.766807
46	162	0.804082
46	166	0.727604
46	170	0.783268
46	171	0.737967
46	172	0.735137
46	175	0.735645
46	176	0.751001
46	177	0.710126
46	178	0.739062
46	179	0.743625
46	180	0.758196
47	19	0.719871
47	28	0.717595
47	59	0.736034
47	104	0.757663
47	107	0.763895
47	116	1.48924
47	131	0.754502
47	135	0.755826
47	140	0.761281
47	142	0.761591
47	143	0.761679
47	144	0.78398
47	158	0.721431
47	179	3.92533
47	180	3.51415
48	11	0.75783
48	25	0.847122
48	53	0.885136
48	79	0.811292
48	86	1.7003
48	92	0.822587
48	95	0.733869
48	97	0.814138
48	128	0.800835
48	129	0.800874
48	133	0.791594
48	139	3.05736
48	146	0.711589
48	149	3.14027
48	159	0.801716
48	162	2.13264
49	67	1.3349
49	79	1.58078
49	90	0.776636
49	120	0.293362
49	152	0.814354
49	161	0.76303
49	168	0.737027
49	169	0.750802
49	171	0.71355
49	172	0.710719
49	174	0.749025
49	175	0.711228
49	176	0.726583
49	177	0.685708
49	178	0.714644
49	180	0.733778
50	58	0.785135
50	71	0.752458
50	79	0.745421
50	87	8.8
50	91	0.716394
50	92	0.756716
50	95	0.667998
50	98	0.708649
50	100	0.762557
50	114	0.762766
50	128	0.734964
50	129	0.735004
50	133	0.725723
50	140	1.99209
50	159	0.735845
50	164	2.12191
51	1	0.775959
51	22	0.843851
51	24	0.771158
51	33	0.803161
51	42	0.813563
51	43	0.806579
51	65	0.823611
51	68	0.774873
51	70	0.822049
51	80	0.807227
51	82	1.99622
51	93	0.779373
51	120	0.77821
51	148	1.64257
51	150	4.20845
51	175	2.96487
52	110	2.92198
52	112	1.53919
52	145	0.757072
52	149	0.704328
52	150	0.67335
52	151	0.721164
52	165	0.656215
52	167	0.727271
52	170	0.70708
52	173	0.666669
52	175	0.659458
52	176	0.674814
52	177	0.633938
52	178	0.662874
52	179	0.667437
52	180	0.682008
53	20	1.19975
53	22	1.3022
53	24	2.53889
53	48	0.885136
53	59	0.430743
53	97	0.84216
53	111	0.815368
53	128	0.828857
53	129	0.828896
53	133	0.819615
53	170	0.801495
53	171	0.756195
53	175	0.753873
53	177	0.728353
53	179	0.761852
53	180	0.776423
54	35	0.753175
54	45	0.742965
54	96	0.719687
54	101	0.74649
54	104	0.735487
54	107	0.741719
54	120	0.707386
54	123	0.683066
54	124	0.711787
54	135	0.73365
54	142	0.739415
54	143	0.739504
54	144	0.761804
54	145	1.73752
54	158	0.699255
54	166	5.6262
54	170	2.26581
55	30	0.788641
55	77	0.893658
55	103	1.29032
55	112	0.449275
55	132	0.851173
55	143	0.318702
55	148	0.81728
55	149	0.806869
55	163	0.807378
55	172	0.76149
55	173	0.76921
55	175	0.761999
55	176	0.777355
55	177	0.736479
55	178	0.765415
55	179	0.769978
55	180	0.784549
56	34	0.794889
56	72	0.789858
56	89	0.813649
56	108	0.786918
56	109	0.78074
56	110	0.781086
56	112	0.814148
56	115	0.770976
56	119	0.799576
56	122	1.54568
56	125	0.795467
56	151	2.00239
56	159	0.780796
56	167	2.12083
56	169	0.744506
56	174	0.742729
56	178	4.90692
57	11	2.9705
57	42	0.952289
57	93	2.10828
57	130	0.809894
57	139	0.773557
57	147	0.731967
57	156	0.730886
57	161	0.751527
57	165	0.696481
57	168	0.725524
57	170	0.747346
57	173	0.706936
57	175	0.699724
57	176	0.71508
57	177	0.674205
57	179	0.707703
57	180	0.722275
58	11	0.751721
58	50	0.785135
58	66	0.824095
58	95	0.72776
58	97	0.808029
58	98	0.768411
58	100	0.822319
58	114	0.822527
58	128	0.794726
58	129	0.794766
58	133	0.785485
58	146	0.70548
58	154	1.80571
58	159	0.795607
58	162	2.5172
58	163	3.20985
58	170	2.8341
59	45	0.739133
59	47	0.736034
59	53	0.430743
59	96	0.715855
59	103	0.737094
59	107	0.737887
59	123	0.679234
59	124	0.707955
59	131	0.728494
59	135	0.729817
59	140	0.735273
59	142	0.735582
59	143	0.735671
59	144	0.757972
59	153	0.736025
59	174	3.20166
59	175	5.22939
60	2	0.709485
60	15	0.694866
60	74	0.753768
60	81	2.14984
60	108	0.739096
60	109	0.732918
60	110	0.733265
60	112	0.766327
60	115	0.723155
60	119	0.751754
60	125	0.747645
60	126	0.711623
60	136	2.31469
60	159	0.732974
60	169	0.696684
60	171	4.95672
60	174	0.694907
61	1	0.76769
61	7	0.767617
61	32	0.752465
61	33	0.794891
61	42	0.805293
61	65	0.815341
61	67	0.763073
61	68	0.766604
61	70	0.813779
61	80	0.798958
61	83	1.68721
61	84	2.00915
61	92	0.815429
61	93	0.771103
61	120	0.769941
61	163	3.66868
61	167	3.02718
62	9	0.696344
62	16	0.758783
62	17	0.763559
62	31	0.767178
62	39	0.747874
62	64	0.692451
62	75	0.742973
62	77	0.728718
62	85	0.721295
62	86	1.65032
62	88	0.711555
62	94	0.700196
62	99	0.700266
62	153	0.731094
62	167	0.715189
62	177	6.61908
62	178	2.6676
63	36	0.764888
63	66	0.774152
63	89	1.51033
63	98	0.718467
63	100	0.772376
63	119	1.45511
63	128	0.744783
63	129	0.744822
63	133	0.735541
63	135	0.973354
63	154	0.762252
63	164	0.736579
63	170	0.717421
63	173	0.677011
63	178	0.673215
63	179	0.677778
63	180	0.69235
64	17	0.755847
64	20	0.756404
64	21	0.689609
64	27	0.78747
64	39	0.740162
64	41	0.666596
64	62	0.692451
64	73	2.75209
64	75	0.735261
64	77	0.721006
64	85	0.713583
64	88	0.703843
64	94	0.692484
64	99	0.692554
64	137	2.28836
64	153	0.723382
64	167	0.707477
64	171	4.83647
65	29	0.812771
65	32	0.725006
65	33	0.767432
65	42	0.777834
65	43	0.77085
65	51	0.823611
65	61	0.815341
65	67	0.735614
65	68	0.739145
65	70	0.78632
65	73	2.19646
65	80	0.771499
65	83	0.950849
65	92	0.78797
65	93	0.743644
65	120	0.742482
65	172	4.97286
65	174	2.82679
66	25	0.820212
66	36	0.79403
66	58	0.824095
66	63	0.774152
66	78	1.08391
66	91	0.755354
66	95	0.706959
66	97	0.787228
66	98	0.747609
66	114	0.801726
66	128	0.773925
66	129	0.773964
66	133	0.764683
66	146	0.684679
66	158	2.94249
66	159	0.774805
66	169	2.90456
66	176	3.94774
67	22	0.755854
67	24	0.683161
67	29	0.760503
67	32	0.672738
67	42	0.725566
67	43	0.718582
67	49	1.3349
67	61	0.763073
67	65	0.735614
67	68	0.686876
67	70	0.734052
67	76	0.723324
67	80	0.719231
67	92	0.735702
67	93	0.691376
67	120	0.690213
67	174	2.79149
67	178	5.04162
68	1	0.691493
68	7	0.691421
68	22	0.759385
68	24	0.686692
68	32	0.676268
68	33	0.718694
68	42	0.729096
68	43	0.722113
68	51	0.774873
68	61	0.766604
68	65	0.739145
68	67	0.686876
68	70	0.737583
68	80	0.722761
68	93	0.694907
68	113	2.12605
68	138	3.62736
68	168	3.9472
69	5	0.663067
69	21	0.68213
69	77	0.713527
69	85	0.706104
69	88	0.696364
69	94	0.685005
69	99	0.685074
69	131	2.56375
69	138	0.667872
69	159	3.18597
69	164	0.698965
69	167	0.699998
69	168	0.657984
69	171	0.634506
69	176	0.64754
69	177	0.606665
69	178	0.635601
69	179	0.640163
69	180	0.654735
70	1	0.738669
70	7	0.738596
70	24	0.733868
70	32	0.723444
70	42	0.776272
70	43	0.769288
70	51	0.822049
70	61	0.813779
70	65	0.78632
70	67	0.734052
70	68	0.737583
70	76	0.774031
70	80	0.769937
70	93	0.742082
70	113	2.31773
70	116	2.51711
70	120	0.74092
70	138	3.81904
70	154	2.2024
71	11	0.719043
71	37	0.791732
71	38	0.782481
71	50	0.752458
71	79	0.772506
71	90	2.42218
71	91	0.743478
71	95	0.695083
71	97	0.775352
71	98	0.735733
71	100	0.789642
71	114	0.78985
71	128	0.762049
71	129	0.762088
71	133	0.752807
71	159	0.762929
71	160	4.28167
71	170	2.22042
71	174	2.49064
72	6	0.726896
72	23	4.2153
72	34	0.769473
72	56	0.789858
72	74	0.776174
72	82	2.97976
72	89	0.788233
72	108	0.761501
72	109	0.755324
72	110	0.75567
72	112	0.788732
72	115	0.74556
72	119	0.77416
72	125	0.77005
72	132	1.20687
72	158	2.28671
72	159	0.755379
72	169	0.71909
72	174	0.717312
73	64	2.75209
73	65	2.19646
73	135	1.67182
73	161	0.74338
73	162	0.760014
73	163	0.736956
73	164	0.758358
73	165	0.688335
73	166	0.683536
73	168	0.717377
73	172	0.691069
73	173	0.698789
73	174	0.729375
73	175	0.691578
73	176	0.706933
73	177	0.666058
73	178	0.694994
73	179	0.699557
73	180	0.714128
74	4	0.739146
74	6	0.738628
74	44	0.692587
74	60	0.753768
74	72	0.776174
74	81	1.07467
74	89	0.799965
74	108	0.773233
74	109	0.767055
74	112	0.800464
74	115	0.757292
74	119	0.785891
74	125	0.781782
74	159	0.767111
74	166	4.56724
74	169	0.730821
74	174	0.729044
74	175	3.5048
74	180	2.51808
75	9	0.739153
75	16	0.801593
75	17	0.806369
75	21	0.740131
75	39	0.790683
75	41	0.717117
75	62	0.742973
75	64	0.735261
75	77	0.771528
75	85	0.764104
75	88	0.754364
75	94	0.743006
75	99	0.743075
75	105	2.665
75	132	2.92648
75	153	0.773903
75	154	2.34168
75	164	2.94759
75	167	0.757998
76	24	0.72314
76	29	0.800482
76	33	0.755143
76	43	0.758561
76	67	0.723324
76	70	0.774031
76	91	0.735359
76	92	0.775681
76	93	0.731355
76	95	0.686963
76	98	0.727614
76	114	0.781731
76	122	2.68841
76	128	0.753929
76	129	0.753969
76	130	2.64975
76	133	0.744688
76	136	2.61153
76	159	0.75481
76	174	3.79952
77	9	0.724899
77	16	0.787338
77	17	0.792114
77	20	0.792671
77	21	0.725876
77	39	0.776429
77	55	0.893658
77	62	0.728718
77	64	0.721006
77	69	0.713527
77	75	0.771528
77	85	0.74985
77	88	0.74011
77	94	0.728751
77	99	0.728821
77	153	0.759649
77	158	3.34838
77	161	2.96548
77	167	0.743744
77	168	3.62021
78	66	1.08391
78	100	1.43966
78	119	1.29136
78	125	1.42252
78	137	0.817012
78	141	0.751318
78	145	0.817865
78	148	0.775532
78	152	0.823377
78	160	0.735186
78	166	0.71221
78	170	0.767873
78	172	0.719742
78	173	0.727462
78	175	0.720251
78	176	0.735607
78	177	0.694731
78	178	0.723667
78	179	0.72823
78	180	0.742802
79	11	0.712007
79	36	0.775118
79	38	0.775445
79	48	0.811292
79	49	1.58078
79	50	0.745421
79	71	0.772506
79	91	0.736442
79	95	0.688046
79	97	0.768315
79	111	0.741524
79	114	0.782814
79	128	0.755012
79	129	0.755052
79	132	2.32357
79	133	0.745771
79	138	3.35541
79	146	0.665767
79	149	3.45788
79	159	0.755893
80	1	0.723848
80	7	0.723775
80	8	0.861309
80	22	0.791739
80	24	0.719046
80	32	0.708623
80	40	1.76829
80	42	0.761451
80	43	0.754467
80	51	0.807227
80	61	0.798958
80	65	0.771499
80	67	0.719231
80	68	0.722761
80	70	0.769937
80	92	0.771587
80	93	0.727261
80	120	0.726098
80	154	3.18433
80	164	3.79024
81	31	2.3229
81	60	2.14984
81	74	1.07467
81	101	0.79716
81	110	1.54865
81	123	0.733737
81	124	0.762457
81	131	0.782997
81	142	0.790085
81	143	0.790174
81	144	0.812474
81	158	0.749925
81	164	0.77359
81	165	0.703567
81	168	0.732609
81	171	0.709132
81	175	0.70681
81	178	0.710226
81	179	0.714789
81	180	0.72936
82	51	1.99622
82	72	2.97976
82	99	2.23179
82	132	0.763189
82	141	0.705082
82	146	0.659753
82	149	0.718885
82	155	0.747381
82	161	0.725817
82	164	0.740795
82	169	0.713589
82	171	0.676337
82	172	0.673506
82	173	0.681226
82	174	0.711812
82	175	0.674015
82	176	0.68937
82	177	0.648495
82	178	0.677431
82	179	0.681994
82	180	0.696565
83	20	1.49662
83	61	1.68721
83	65	0.950849
83	87	0.748131
83	93	1.99427
83	101	0.50117
83	147	0.796005
83	151	0.825468
83	162	0.832199
83	163	0.809141
83	164	0.830543
83	165	0.760519
83	166	0.755721
83	168	0.789562
83	170	0.811384
83	171	0.766084
83	172	0.763253
83	175	0.763762
83	176	0.779118
83	179	0.771741
83	180	0.786313
84	11	3.17844
84	61	2.00915
84	118	0.806455
84	135	0.748149
84	137	0.805482
84	138	0.744409
84	145	0.806335
84	153	0.554351
84	160	0.723656
84	163	0.7541
84	164	0.775501
84	165	0.705478
84	168	0.73452
84	170	0.756343
84	171	0.711043
84	172	0.708212
84	173	0.715932
84	175	0.708721
84	177	0.683201
84	178	0.712137
84	180	0.731271
85	9	0.717475
85	16	0.779915
85	17	0.784691
85	20	0.785248
85	21	0.718453
85	31	0.78831
85	41	0.695439
85	62	0.721295
85	64	0.713583
85	69	0.706104
85	75	0.764104
85	77	0.74985
85	88	0.732687
85	94	0.721328
85	99	0.721397
85	139	2.67971
85	153	0.752225
85	158	2.70815
85	163	2.44764
85	167	0.736321
85	172	4.48818
86	48	1.7003
86	62	1.65032
86	130	0.823676
86	139	0.787338
86	142	2.12441
86	153	1.0889
86	155	0.786872
86	157	0.802922
86	160	0.72844
86	165	0.710263
86	166	0.705464
86	168	0.739305
86	170	0.761128
86	172	0.712997
86	173	0.720717
86	175	0.713505
86	176	0.728861
86	177	0.687986
86	178	0.716922
86	179	0.721484
86	180	0.736056
87	50	8.8
87	83	0.748131
87	116	0.689835
87	126	0.633469
87	132	0.668131
87	137	0.675717
87	141	0.610024
87	148	0.634237
87	149	0.623827
87	156	0.610118
87	161	0.630759
87	163	0.624335
87	164	0.645737
87	167	0.64677
87	168	0.604756
87	170	0.626579
87	171	0.581279
87	172	0.578448
87	173	0.586168
87	175	0.578957
87	178	0.582373
87	180	0.601507
88	9	0.707736
88	16	0.770175
88	17	0.774951
88	20	0.775508
88	21	0.708713
88	31	0.77857
88	39	0.759265
88	41	0.6857
88	62	0.711555
88	64	0.703843
88	69	0.696364
88	75	0.754364
88	77	0.74011
88	85	0.732687
88	94	0.711588
88	99	0.711657
88	122	1.81178
88	151	2.26849
88	153	0.742485
88	157	2.34846
88	165	5.99062
88	167	0.726581
89	2	0.755681
89	6	0.750687
89	15	0.741062
89	56	0.813649
89	63	1.51033
89	72	0.788233
89	74	0.799965
89	108	0.785292
89	109	0.779115
89	110	0.779461
89	112	0.812523
89	115	0.769351
89	119	0.797951
89	125	0.793841
89	126	0.757819
89	149	3.25964
89	154	1.54052
89	155	2.68311
89	159	0.77917
89	168	3.477
89	169	0.742881
89	174	0.741103
90	17	2.7455
90	49	0.776636
90	71	2.42218
90	102	0.740085
90	104	2.74789
90	105	0.745676
90	139	0.733829
90	147	0.692238
90	154	0.752449
90	160	0.674931
90	164	0.726776
90	166	0.651955
90	168	0.685796
90	169	0.699571
90	171	0.662318
90	172	0.659487
90	173	0.667207
90	176	0.675352
90	177	0.634476
90	178	0.663412
90	179	0.667975
90	180	0.682546
91	25	0.772272
91	36	0.74609
91	37	0.755668
91	38	0.746417
91	50	0.716394
91	66	0.755354
91	71	0.743478
91	76	0.735359
91	79	0.736442
91	97	0.739288
91	98	0.699669
91	100	0.753578
91	114	0.753786
91	118	1.97171
91	128	0.725985
91	129	0.726024
91	133	0.716743
91	145	2.61413
91	146	0.636739
91	152	2.27728
91	159	0.726865
91	175	5.44038
92	1	0.740319
92	33	0.76752
92	48	0.822587
92	50	0.756716
92	61	0.815429
92	65	0.78797
92	67	0.735702
92	76	0.775681
92	80	0.771587
92	93	0.743732
92	95	0.699341
92	97	0.77961
92	102	2.32162
92	114	0.794108
92	120	0.74257
92	128	0.766307
92	129	0.766346
92	133	0.757065
92	152	1.81569
92	159	0.767187
92	164	2.25836
92	167	2.41509
92	175	4.97879
93	1	0.695993
93	7	0.695921
93	22	0.763885
93	24	0.691192
93	29	0.768533
93	32	0.680768
93	33	0.723194
93	42	0.733596
93	43	0.726612
93	51	0.779373
93	57	2.10828
93	61	0.771103
93	65	0.743644
93	67	0.691376
93	68	0.694907
93	70	0.742082
93	76	0.731355
93	80	0.727261
93	83	1.99427
93	92	0.743732
93	120	0.698244
93	140	3.0477
93	170	3.59999
94	9	0.696377
94	16	0.758816
94	17	0.763593
94	20	0.764149
94	21	0.697354
94	27	0.795215
94	31	0.767211
94	39	0.747907
94	41	0.674341
94	46	1.17442
94	62	0.700196
94	64	0.692484
94	69	0.685005
94	75	0.743006
94	77	0.728751
94	85	0.721328
94	88	0.711588
94	99	0.700299
94	152	2.1086
94	153	0.731127
94	167	0.715222
94	168	3.88184
94	171	4.69801
95	10	1.66026
95	25	0.723876
95	36	0.697695
95	37	0.707272
95	38	0.698022
95	48	0.733869
95	50	0.667998
95	58	0.72776
95	66	0.706959
95	71	0.695083
95	76	0.686963
95	79	0.688046
95	92	0.699341
95	98	0.651274
95	100	0.705182
95	114	0.705391
95	128	0.677589
95	129	0.677629
95	133	0.668348
95	146	0.588344
95	147	3.90296
95	159	0.67847
95	173	5.68345
96	28	0.697416
96	54	0.719687
96	59	0.715855
96	101	0.748486
96	102	2.50679
96	103	0.742923
96	104	0.737483
96	107	0.743715
96	120	0.709382
96	121	3.81636
96	123	0.685062
96	124	0.713783
96	131	0.734323
96	135	0.735646
96	138	0.693823
96	140	0.741102
96	142	0.741411
96	143	0.7415
96	144	0.7638
96	153	0.741854
96	158	0.701251
96	161	3.11937
96	169	3.46434
97	11	0.714853
97	37	0.787541
97	38	0.778291
97	48	0.814138
97	53	0.84216
97	58	0.808029
97	66	0.787228
97	71	0.775352
97	79	0.768315
97	91	0.739288
97	92	0.77961
97	98	0.731543
97	111	0.74437
97	114	0.78566
97	126	2.70806
97	128	0.757858
97	129	0.757898
97	133	0.748617
97	140	1.84021
97	146	0.668613
97	155	2.50671
97	161	2.64586
97	179	4.11492
98	25	0.764527
98	36	0.738345
98	38	0.738673
98	50	0.708649
98	58	0.768411
98	63	0.718467
98	66	0.747609
98	71	0.735733
98	76	0.727614
98	91	0.699669
98	95	0.651274
98	97	0.731543
98	100	0.745833
98	111	0.704752
98	114	0.746041
98	126	3.59968
98	128	0.71824
98	129	0.718279
98	130	2.40457
98	133	0.708998
98	156	3.79359
98	159	0.71912
98	170	3.28412
99	9	0.696446
99	16	0.758886
99	17	0.763662
99	20	0.764218
99	21	0.697424
99	27	0.795285
99	31	0.767281
99	39	0.747976
99	41	0.67441
99	62	0.700266
99	64	0.692554
99	69	0.685074
99	75	0.743075
99	77	0.728821
99	82	2.23179
99	85	0.721397
99	88	0.711657
99	94	0.700299
99	139	1.51031
99	153	0.731196
99	163	1.27824
99	167	0.715291
99	177	7.37432
100	11	0.729143
100	36	0.792254
100	37	0.801831
100	38	0.792581
100	50	0.762557
100	58	0.822319
100	63	0.772376
100	71	0.789642
100	78	1.43966
100	91	0.753578
100	95	0.705182
100	98	0.745833
100	102	2.30277
100	111	0.75866
100	114	0.79995
100	117	3.62484
100	121	3.61233
100	128	0.772148
100	129	0.772188
100	133	0.762907
100	137	1.83814
100	146	0.682903
100	159	0.773029
101	45	0.771764
101	54	0.74649
101	81	0.79716
101	83	0.50117
101	96	0.748486
101	103	0.769725
101	104	0.764286
101	107	0.770518
101	111	0.746434
101	120	0.736184
101	123	0.711865
101	124	0.740586
101	131	0.761125
101	135	0.762448
101	136	0.759946
101	138	0.720626
101	142	0.768213
101	143	0.768302
101	144	0.790603
101	149	2.79763
101	153	0.768656
101	155	2.2211
101	178	4.62724
101	180	3.41813
102	90	0.740085
102	92	2.32162
102	96	2.50679
102	100	2.30277
102	106	0.706839
102	121	0.715959
102	129	1.90334
102	141	0.705744
102	145	0.77229
102	151	0.736383
102	152	0.777803
102	155	0.748043
102	157	0.764093
102	160	0.689611
102	161	0.726479
102	166	0.666635
102	168	0.700476
102	170	0.722299
102	171	0.676999
102	172	0.674168
102	174	0.712474
102	176	0.690032
102	178	0.678093
102	179	0.682656
102	180	0.697227
103	12	0.73427
103	28	0.718656
103	35	0.776411
103	55	1.29032
103	59	0.737094
103	96	0.742923
103	101	0.769725
103	104	0.758723
103	107	0.764955
103	123	0.706302
103	124	0.735023
103	131	0.755563
103	132	2.6652
103	135	0.756886
103	136	0.754384
103	138	0.715063
103	140	0.762342
103	142	0.762651
103	143	0.76274
103	144	0.78504
103	153	0.763094
103	155	3.22299
103	158	0.722491
103	163	3.48453
103	170	3.10878
104	19	0.715492
104	26	0.787727
104	28	0.713216
104	35	0.770971
104	45	0.760761
104	47	0.757663
104	54	0.735487
104	90	2.74789
104	96	0.737483
104	101	0.764286
104	103	0.758723
104	107	0.759516
104	123	0.700863
104	127	1.59102
104	131	0.750123
104	135	0.751446
104	140	0.756902
104	142	0.757211
104	143	0.7573
104	144	0.7796
104	145	2.01784
104	153	0.757654
104	158	0.717051
104	164	2.12365
104	172	4.96242
105	9	1.16801
105	34	3.32963
105	75	2.665
105	90	0.745676
105	137	0.777029
105	145	0.777882
105	148	0.735549
105	151	0.741974
105	154	0.772721
105	159	1.99157
105	160	0.695203
105	161	0.732071
105	162	0.748705
105	165	0.677025
105	166	0.672227
105	168	0.706068
105	170	0.72789
105	171	0.68259
105	172	0.679759
105	175	0.680268
105	176	0.695624
105	177	0.654748
105	178	0.683684
105	179	0.688247
105	180	0.702819
106	33	5.11951
106	36	4.88049
106	102	0.706839
106	138	0.662439
106	145	0.724365
106	146	0.612489
106	148	0.682032
106	149	0.671621
106	150	0.640643
106	157	0.716167
106	158	0.669866
106	160	0.641686
106	163	0.67213
106	165	0.623508
106	166	0.61871
106	168	0.65255
106	171	0.629073
106	172	0.626242
106	173	0.633962
106	175	0.626751
106	176	0.642107
106	177	0.601231
106	178	0.630167
106	179	0.63473
106	180	0.649301
107	19	0.721724
107	28	0.719448
107	35	0.777203
107	46	1.02163
107	47	0.763895
107	54	0.741719
107	59	0.737887
107	96	0.743715
107	101	0.770518
107	103	0.764955
107	104	0.759516
107	111	0.741663
107	121	3.77131
107	122	1.98006
107	123	0.707095
107	124	0.735815
107	131	0.756355
107	135	0.757678
107	142	0.763443
107	143	0.763532
107	144	0.785832
107	148	3.79661
107	153	0.763886
107	156	3.33042
107	158	0.723283
108	4	0.724473
108	6	0.723956
108	14	0.726321
108	15	0.714331
108	27	0.372135
108	34	0.766532
108	56	0.786918
108	60	0.739096
108	72	0.761501
108	74	0.773233
108	89	0.785292
108	109	0.752383
108	110	0.752729
108	112	0.785791
108	115	0.742619
108	119	0.771219
108	125	0.76711
108	126	0.731087
108	134	1.3912
108	149	2.94458
108	159	0.752439
108	166	5.61424
108	169	0.716149
108	174	0.714372
108	180	3.56508
109	2	0.722772
109	4	0.718296
109	13	0.80082
109	14	0.720143
109	15	0.708153
109	44	0.671737
109	46	1.00299
109	56	0.78074
109	60	0.732918
109	72	0.755324
109	74	0.767055
109	89	0.779115
109	108	0.752383
109	110	0.746552
109	112	0.779613
109	115	0.736442
109	119	0.765041
109	125	0.760932
109	126	0.724909
109	147	3.6412
109	151	2.41813
109	157	2.4981
109	159	0.746261
109	169	0.709971
109	174	0.708194
109	176	4.44382
110	2	0.723118
110	4	0.718642
110	13	0.801166
110	14	0.72049
110	15	0.708499
110	34	0.760701
110	44	0.672084
110	52	2.92198
110	56	0.781086
110	60	0.733265
110	72	0.75567
110	81	1.54865
110	89	0.779461
110	108	0.752729
110	109	0.746552
110	112	0.77996
110	115	0.736788
110	119	0.765388
110	125	0.761278
110	126	0.725256
110	141	4.72231
110	145	2.10298
110	152	1.76613
110	159	0.746607
110	169	0.710318
110	174	0.70854
111	25	0.777354
111	35	0.753119
111	37	0.76075
111	40	0.650548
111	53	0.815368
111	79	0.741524
111	97	0.74437
111	98	0.704752
111	100	0.75866
111	101	0.746434
111	107	0.741663
111	114	0.758869
111	123	0.68301
111	128	0.731067
111	129	0.731107
111	130	2.21542
111	131	0.732271
111	135	0.733594
111	136	0.731092
111	142	0.739359
111	143	0.739448
111	144	0.761748
111	156	3.60444
111	158	0.699199
111	162	2.77807
111	171	4.81924
112	4	0.751704
112	13	0.834228
112	14	0.753552
112	15	0.741561
112	34	0.793762
112	52	1.53919
112	55	0.449275
112	56	0.814148
112	60	0.766327
112	72	0.788732
112	74	0.800464
112	89	0.812523
112	108	0.785791
112	109	0.779613
112	110	0.77996
112	115	0.76985
112	119	0.79845
112	125	0.79434
112	126	0.758318
112	127	1.11013
112	141	3.33952
112	159	0.779669
112	165	4.58642
112	169	0.74338
112	174	0.741602
112	179	2.9709
113	15	3.10276
113	30	0.697398
113	68	2.12605
113	70	2.31773
113	127	0.795926
113	128	2.52034
113	145	0.76837
113	147	0.702998
113	148	0.726037
113	149	0.715626
113	151	0.732462
113	156	0.701918
113	161	0.722559
113	162	0.739193
113	163	0.716135
113	166	0.662715
113	169	0.710331
113	170	0.718378
113	171	0.673078
113	172	0.670247
113	173	0.677968
113	175	0.670756
113	176	0.686112
113	177	0.645237
113	178	0.674172
113	179	0.678735
113	180	0.693307
114	11	0.729351
114	25	0.818644
114	36	0.792462
114	50	0.762766
114	58	0.822527
114	66	0.801726
114	71	0.78985
114	76	0.781731
114	79	0.782814
114	91	0.753786
114	92	0.794108
114	95	0.705391
114	97	0.78566
114	98	0.746041
114	100	0.79995
114	111	0.758869
114	116	1.53007
114	128	0.772357
114	129	0.772396
114	133	0.763115
114	136	1.32598
114	146	0.683111
114	159	0.773237
114	164	1.82127
114	169	2.84207
114	178	4.76408
114	179	3.96616
115	2	0.713008
115	4	0.708532
115	6	0.708014
115	13	0.791056
115	14	0.71038
115	15	0.698389
115	34	0.750591
115	56	0.770976
115	60	0.723155
115	72	0.74556
115	74	0.757292
115	89	0.769351
115	108	0.742619
115	109	0.736442
115	110	0.736788
115	112	0.76985
115	119	0.755278
115	125	0.751169
115	126	0.715146
115	156	3.2977
115	159	0.736497
115	163	3.16398
115	164	2.36576
115	167	2.52248
115	169	0.700208
115	174	0.69843
115	180	4.09947
116	26	1.89404
116	47	1.48924
116	70	2.51711
116	87	0.689835
116	114	1.53007
116	117	0.743538
116	122	0.824519
116	124	2.45767
116	136	0.780475
116	137	0.802228
116	147	0.737709
116	150	0.719359
116	155	0.778833
116	156	0.736629
116	162	0.773903
116	165	0.702224
116	168	0.731266
116	169	0.745042
116	170	0.753089
116	171	0.707789
116	172	0.704958
116	175	0.705467
116	176	0.720823
116	177	0.679947
116	178	0.708883
116	179	0.713446
116	180	0.728017
117	7	3.66856
117	10	0.733772
117	17	3.5066
117	23	0.656659
117	100	3.62484
117	116	0.743538
117	121	0.673941
117	127	0.757829
117	132	0.721834
117	141	0.663726
117	148	0.68794
117	150	0.646551
117	155	0.706026
117	156	0.663821
117	161	0.684462
117	162	0.701096
117	163	0.678038
117	164	0.699439
117	165	0.629416
117	170	0.680281
117	173	0.639871
117	175	0.632659
117	176	0.648015
117	177	0.60714
117	178	0.636075
117	179	0.640638
117	180	0.65521
118	22	2.63218
118	45	1.23133
118	84	0.806455
118	91	1.97171
118	123	2.10035
118	136	0.76733
118	138	0.72801
118	149	0.737192
118	152	0.795448
118	155	0.765689
118	156	0.723484
118	157	0.781738
118	159	1.52593
118	160	0.707257
118	161	0.744124
118	162	0.760758
118	163	0.737701
118	166	0.684281
118	168	0.718121
118	170	0.739944
118	171	0.694644
118	172	0.691813
118	175	0.692322
118	176	0.707678
118	177	0.666802
118	178	0.695738
118	179	0.700301
118	180	0.714872
119	2	0.741608
119	4	0.737132
119	6	0.736614
119	13	0.819656
119	14	0.73898
119	15	0.726989
119	34	0.77919
119	56	0.799576
119	60	0.751754
119	63	1.45511
119	72	0.77416
119	74	0.785891
119	78	1.29136
119	89	0.797951
119	108	0.771219
119	109	0.765041
119	110	0.765388
119	112	0.79845
119	115	0.755278
119	125	0.779768
119	126	0.743746
119	130	1.63413
119	147	3.35256
119	155	2.62789
119	159	0.765097
119	169	0.728807
119	174	0.72703
119	175	4.81164
120	1	0.69483
120	7	0.694758
120	24	0.690029
120	29	0.76737
120	49	0.293362
120	51	0.77821
120	54	0.707386
120	61	0.769941
120	65	0.742482
120	67	0.690213
120	70	0.74092
120	80	0.726098
120	92	0.74257
120	93	0.698244
120	96	0.709382
120	101	0.736184
120	124	0.701482
120	135	0.723345
120	136	0.720842
120	138	0.681522
120	140	0.728801
120	142	0.72911
120	143	0.729199
120	144	0.751499
120	152	1.57066
120	153	0.729552
120	173	4.09911
120	177	7.95157
120	180	2.79097
121	96	3.81636
121	100	3.61233
121	102	0.715959
121	107	3.77131
121	117	0.673941
121	126	0.690383
121	145	0.733484
121	146	0.621608
121	147	0.668112
121	148	0.691151
121	149	0.68074
121	150	0.649762
121	152	0.738996
121	158	0.678986
121	160	0.650805
121	162	0.704307
121	164	0.70265
121	167	0.703684
121	168	0.66167
121	170	0.683492
121	171	0.638192
121	172	0.635361
121	173	0.643082
121	176	0.651226
121	177	0.610351
121	178	0.639286
121	179	0.643849
121	180	0.658421
122	10	0.814753
122	56	1.54568
122	76	2.68841
122	88	1.81178
122	107	1.98006
122	116	0.824519
122	130	0.82381
122	133	0.342311
122	135	1.19104
122	145	0.811253
122	150	0.727532
122	154	0.806093
122	155	0.787006
122	156	0.744801
122	157	0.803056
122	160	0.728575
122	163	0.759019
122	164	0.78042
122	166	0.705599
122	169	0.753215
122	170	0.761262
122	171	0.715962
122	173	0.720851
122	175	0.71364
122	176	0.728996
122	177	0.68812
122	178	0.717056
122	179	0.721619
122	180	0.73619
123	12	0.67641
123	19	0.663071
123	26	0.735306
123	28	0.660795
123	35	0.71855
123	45	0.708341
123	54	0.683066
123	59	0.679234
123	81	0.733737
123	96	0.685062
123	101	0.711865
123	103	0.706302
123	104	0.700863
123	107	0.707095
123	111	0.68301
123	118	2.10035
123	124	0.677163
123	131	0.697702
123	135	0.699025
123	136	0.696523
123	138	0.657203
123	142	0.70479
123	143	0.704879
123	144	0.72718
123	153	0.705233
123	158	0.664631
123	161	3.52443
123	169	3.8694
123	176	4.91257
124	12	0.70513
124	19	0.691792
124	26	0.764026
124	35	0.747271
124	45	0.737061
124	54	0.711787
124	59	0.707955
124	81	0.762457
124	96	0.713783
124	101	0.740586
124	103	0.735023
124	107	0.735815
124	116	2.45767
124	120	0.701482
124	123	0.677163
124	131	0.726423
124	135	0.727746
124	136	0.725244
124	138	0.685924
124	140	0.733202
124	142	0.733511
124	143	0.7336
124	144	0.7559
124	145	2.64304
124	153	0.733954
124	158	0.693351
124	163	3.54708
124	164	2.74886
124	169	3.76966
125	2	0.737499
125	4	0.733022
125	6	0.732505
125	13	0.815547
125	14	0.73487
125	15	0.72288
125	34	0.775081
125	44	0.686464
125	56	0.795467
125	60	0.747645
125	72	0.77005
125	74	0.781782
125	78	1.42252
125	89	0.793841
125	108	0.76711
125	109	0.760932
125	110	0.761278
125	112	0.79434
125	115	0.751169
125	119	0.779768
125	126	0.739636
125	130	1.76529
125	151	2.26066
125	158	3.28111
125	159	0.760988
125	164	2.22237
125	169	0.724698
125	173	5.26422
125	174	0.722921
126	1	2.73242
126	60	0.711623
126	87	0.633469
126	89	0.757819
126	97	2.70806
126	98	3.59968
126	108	0.731087
126	109	0.724909
126	110	0.725256
126	112	0.758318
126	115	0.715146
126	119	0.743746
126	121	0.690383
126	125	0.739636
126	133	1.49876
126	156	0.680263
126	159	0.724965
126	160	0.664036
126	163	0.69448
126	164	0.715881
126	165	0.645858
126	169	0.688676
126	172	0.648592
126	173	0.656312
126	174	0.686898
126	175	0.649101
126	176	0.664457
126	179	0.65708
126	180	0.671651
127	25	1.8418
127	34	3.0796
127	36	1.88541
127	104	1.59102
127	112	1.11013
127	113	0.795926
127	117	0.757829
127	136	0.794766
127	143	1.18206
127	151	0.781464
127	152	0.822884
127	154	0.812211
127	155	0.793125
127	161	0.771561
127	162	0.788195
127	163	0.765137
127	165	0.716515
127	166	0.711717
127	168	0.745558
127	170	0.76738
127	171	0.72208
127	172	0.719249
127	173	0.72697
127	174	0.757555
127	175	0.719758
127	176	0.735114
127	177	0.694239
127	178	0.723174
127	180	0.742309
128	3	1.66752
128	11	0.70155
128	27	1.55169
128	36	0.764661
128	37	0.774238
128	40	0.988968
128	48	0.800835
128	50	0.734964
128	53	0.828857
128	58	0.794726
128	63	0.744783
128	66	0.773925
128	71	0.762049
128	76	0.753929
128	79	0.755012
128	91	0.725985
128	92	0.766307
128	95	0.677589
128	97	0.757858
128	98	0.71824
128	100	0.772148
128	111	0.731067
128	113	2.52034
128	114	0.772357
128	129	0.744595
128	133	0.735314
128	146	0.65531
128	159	0.745436
128	161	3.68675
128	170	3.43339
129	11	0.701589
129	37	0.774278
129	38	0.765027
129	48	0.800874
129	50	0.735004
129	53	0.828896
129	58	0.794766
129	63	0.744822
129	66	0.773964
129	71	0.762088
129	76	0.753969
129	79	0.755052
129	91	0.726024
129	92	0.766346
129	95	0.677629
129	97	0.757898
129	98	0.718279
129	100	0.772188
129	102	1.90334
129	111	0.731107
129	114	0.772396
129	128	0.744595
129	133	0.735353
129	139	2.87038
129	146	0.655349
129	154	1.23417
129	157	1.95834
129	159	0.745475
129	173	4.88193
129	176	3.90406
130	57	0.809894
130	76	2.64975
130	86	0.823676
130	98	2.40457
130	111	2.21542
130	119	1.63413
130	122	0.82381
130	125	1.76529
130	144	0.755839
130	148	0.760039
130	150	0.71865
130	151	0.766464
130	154	0.797211
130	157	0.794175
130	160	0.719693
130	161	0.756561
130	162	0.773195
130	163	0.750137
130	164	0.771539
130	165	0.701515
130	166	0.696717
130	168	0.730558
130	171	0.70708
130	172	0.704249
130	173	0.71197
130	175	0.704758
130	176	0.720114
130	177	0.679239
130	178	0.708174
130	179	0.712737
130	180	0.727309
131	12	0.72567
131	19	0.712331
131	26	0.784566
131	28	0.710055
131	45	0.757601
131	47	0.754502
131	59	0.728494
131	69	2.56375
131	81	0.782997
131	96	0.734323
131	101	0.761125
131	103	0.755563
131	104	0.750123
131	107	0.756355
131	111	0.732271
131	123	0.697702
131	124	0.726423
131	135	0.748286
131	136	0.745783
131	138	0.706463
131	139	2.68224
131	140	0.753741
131	142	0.75405
131	143	0.754139
131	144	0.77644
131	153	0.754493
131	155	2.18862
131	158	0.713891
131	161	2.32777
131	176	3.71592
131	179	3.79683
132	19	2.87789
132	55	0.851173
132	72	1.20687
132	75	2.92648
132	79	2.32357
132	82	0.763189
132	87	0.668131
132	103	2.6652
132	117	0.721834
132	147	0.716005
132	149	0.728633
132	151	0.745469
132	154	0.776216
132	158	0.726878
132	160	0.698697
132	162	0.752199
132	163	0.729142
132	164	0.750543
132	165	0.68052
132	166	0.675721
132	167	0.751576
132	168	0.709562
132	170	0.731385
132	171	0.686085
132	172	0.683254
132	175	0.683763
132	177	0.658243
132	178	0.687179
132	179	0.691742
132	180	0.706313
133	11	0.692309
133	25	0.781601
133	36	0.75542
133	37	0.764997
133	38	0.755747
133	48	0.791594
133	50	0.725723
133	53	0.819615
133	58	0.785485
133	63	0.735541
133	66	0.764683
133	71	0.752807
133	76	0.744688
133	79	0.745771
133	91	0.716743
133	92	0.757065
133	95	0.668348
133	97	0.748617
133	98	0.708998
133	100	0.762907
133	114	0.763115
133	122	0.342311
133	126	1.49876
133	128	0.735314
133	129	0.735353
133	140	1.48523
133	146	0.646068
133	159	0.736194
133	160	3.24445
133	176	2.82471
133	177	7.65504
134	26	1.74506
134	35	1.76139
134	40	0.855508
134	44	0.710539
134	108	1.3912
