1	55	1.06524
1	57	1.04567
1	81	1.03103
1	98	0.764761
1	117	0.990129
1	121	1.06537
1	122	1.06098
1	130	1.03304
1	133	1.04871
1	148	1.04809
1	165	1.60085
1	168	1.10388
2	34	0.707008
2	53	1.11925
2	60	1.11592
2	75	1.22706
2	83	0.69666
2	87	1.2562
2	97	0.878405
2	125	1.20669
2	160	1.24548
2	163	1.01741
2	164	1.25123
2	166	1.22356
3	10	0.969627
3	27	0.943715
3	38	0.919676
3	42	1.00106
3	45	0.880202
3	79	0.956102
3	117	0.887763
3	124	0.946133
3	146	0.9225
3	152	1.46798
3	157	1.36441
3	169	1.38742
4	6	0.993118
4	57	1.07228
4	77	1.08095
4	81	1.05764
4	90	1.15429
4	112	1.04282
4	121	1.09198
4	133	1.07532
4	136	1.00385
4	153	0.959096
4	167	1.14952
4	168	1.19679
5	52	1.08276
5	53	0.962579
5	59	1.08355
5	60	0.959252
5	67	1.20356
5	75	1.07039
5	87	1.09953
5	98	0.945928
5	135	1.07216
5	152	1.18489
5	164	1.09456
5	166	1.06689
6	4	0.993118
6	29	0.905458
6	57	0.929916
6	106	0.915555
6	112	0.900455
6	117	1.56205
6	121	0.949617
6	122	0.945232
6	130	0.91729
6	133	0.932955
6	150	1.39638
6	151	1.27309
7	10	1.70709
7	66	1.45171
7	134	0.911461
7	135	0.905591
7	141	0.957378
7	165	0.78164
7	167	0.864035
7	171	0.820479
7	173	0.750724
7	175	0.814117
7	176	0.795175
7	178	0.784544
8	122	0.981767
8	130	0.943063
8	143	1.03742
8	163	0.957121
8	165	0.902828
8	167	0.985223
8	168	0.957999
8	171	0.941667
8	173	0.871912
8	174	0.932536
8	176	0.916363
8	178	0.905732
9	63	1.0317
9	76	0.851985
9	77	1.06199
9	80	0.976783
9	86	1.3949
9	106	1.03896
9	112	1.02386
9	121	1.07302
9	122	1.06864
9	130	1.04069
9	133	1.05636
9	153	1.13115
10	3	0.969627
10	7	1.70709
10	27	1.04991
10	33	1.13415
10	38	1.02587
10	42	1.10725
10	61	1.04848
10	79	1.0623
10	109	0.688026
10	146	1.0287
10	153	0.873706
10	161	0.938494
11	17	0.972412
11	19	1.08829
11	28	1.05192
11	43	1.01984
11	47	1.00612
11	69	1.15875
11	83	0.826283
11	86	1.16344
11	125	1.06406
11	129	0.879196
11	169	1.07467
11	179	1.50155
12	14	0.833205
12	55	0.933526
12	94	0.945128
12	101	0.919951
12	121	0.933661
12	122	0.929276
12	130	0.901334
12	133	0.916999
12	140	0.879299
12	148	0.916379
12	159	1.42384
12	175	1.38965
12	179	1.71465
13	78	0.999999
13	88	1.10732
13	89	1.10824
13	92	1.01755
13	99	1.06478
13	104	1.11168
13	117	0.769177
13	140	1.02437
13	159	0.956282
13	170	1.76862
13	174	0.980025
13	179	0.949691
14	12	0.833205
14	63	0.906702
14	106	0.913963
14	112	0.898863
14	121	0.948025
14	122	0.94364
14	130	0.915698
14	133	0.931363
14	136	0.859894
14	148	0.930743
14	149	1.32545
14	161	1.41226
14	177	1.76978
15	65	0.860276
15	123	0.662572
15	132	0.777594
15	133	0.739696
15	138	1.00243
15	150	1.10238
15	158	1.04015
15	159	1.02623
15	162	1.02487
15	172	0.989174
15	176	0.972805
15	178	0.962174
15	179	0.967232
16	25	0.937652
16	66	1.0054
16	91	0.985917
16	103	1.02873
16	108	0.998545
16	127	1.00026
16	128	1.05
16	132	0.986502
16	136	1.37325
16	142	1.02573
16	143	1.01318
16	147	1.04024
16	149	1.2363
17	11	0.972412
17	19	0.915675
17	24	0.916142
17	28	0.879305
17	32	0.894732
17	43	0.847219
17	69	0.98613
17	90	1.44801
17	125	0.891447
17	137	0.940095
17	168	1.49052
17	169	0.902051
17	172	1.62171
18	23	1.06962
18	46	1.01644
18	64	0.927677
18	65	1.05571
18	73	1.0289
18	82	1.059
18	100	1.0604
18	137	1.10023
18	156	1.04299
18	157	1.0891
18	175	1.33198
18	180	1.03465
19	11	1.08829
19	17	0.915675
19	28	0.995184
19	37	1.10545
19	47	0.949379
19	64	1.12836
19	118	0.985729
19	125	1.00733
19	137	1.05597
19	141	1.17804
19	145	1.17155
19	166	1.23442
19	169	1.01793
20	21	1.04406
20	23	1.03709
20	46	0.983917
20	48	0.985347
20	58	1.06211
20	73	0.996372
20	76	0.966468
20	82	1.02647
20	131	1.41652
20	148	1.03446
20	156	1.01046
20	166	1.22425
20	180	1.00212
21	20	1.04406
21	23	1.02615
21	25	0.859041
21	31	0.999881
21	48	0.974406
21	56	1.04206
21	82	1.01553
21	83	1.10631
21	148	1.02352
21	156	0.999518
21	166	1.15833
21	171	1.47754
21	180	0.991179
22	128	1.0455
22	142	1.12457
22	148	1.11998
22	161	0.977032
22	165	0.880815
22	166	1.002
22	168	0.935987
22	170	0.84335
22	171	0.919654
22	173	0.8499
22	177	0.889492
22	178	0.883719
22	179	0.888778
23	18	1.06962
23	20	1.03709
23	21	1.02615
23	31	0.992909
23	36	0.993441
23	76	0.927529
23	82	1.00856
23	98	1.10527
23	148	1.01655
23	156	0.992546
23	161	1.27148
23	167	1.39712
23	180	0.984207
24	17	0.916142
24	32	1.01108
24	37	1.10591
24	43	0.963565
24	47	0.949846
24	69	1.10248
24	97	1.1608
24	98	0.951035
24	125	1.00779
24	137	1.05644
24	161	1.11724
24	169	1.0184
24	176	1.49269
25	16	0.937652
25	21	0.859041
25	48	1.10234
25	144	1.0702
25	148	0.673133
25	150	1.1115
25	159	1.03535
25	160	0.979519
25	172	0.998294
25	173	0.937474
25	174	0.998097
25	176	0.981924
25	178	0.971293
26	39	1.07061
26	41	1.00766
26	78	1.06676
26	160	0.900199
26	165	0.889069
26	166	1.01025
26	170	0.851604
26	171	0.927908
26	172	0.918974
26	173	0.858154
26	175	0.921546
26	177	0.897746
26	178	0.891973
27	3	0.943715
27	10	1.04991
27	33	1.10824
27	45	0.960487
27	49	0.958448
27	61	1.02257
27	79	1.03639
27	115	1.02736
27	124	1.02642
27	146	1.00278
27	150	1.0753
27	169	1.17401
27	174	1.45181
28	11	1.05192
28	17	0.879305
28	19	0.995184
28	32	0.974241
28	43	0.926728
28	69	1.06564
28	118	0.949359
28	125	0.970956
28	134	0.927224
28	137	1.0196
28	165	1.63203
28	167	1.08778
28	169	0.98156
28	178	1.42131
29	6	0.905458
29	64	0.98551
29	77	0.993289
29	94	1.01579
29	106	0.970259
29	112	0.955159
29	117	1.2369
29	121	1.00432
29	122	0.999936
29	130	0.971994
29	133	0.987659
29	148	0.987039
29	166	1.09157
29	179	1.71481
30	39	0.971254
30	52	1.00459
30	53	0.884414
30	54	1.21877
30	59	1.00538
30	68	0.981568
30	75	0.992222
30	85	0.958333
30	87	1.02136
30	157	1.12804
30	158	1.27277
30	164	1.0164
30	166	0.988722
30	171	1.39189
31	21	0.999881
31	23	0.992909
31	46	0.939734
31	56	1.00882
31	65	0.979002
31	71	1.03621
31	73	0.952189
31	137	1.02352
31	148	0.990277
31	156	0.966276
31	161	1.08854
31	172	1.39265
31	178	1.54771
31	180	0.957936
32	17	0.894732
32	24	1.01108
32	28	0.974241
32	37	1.0845
32	43	0.942155
32	47	0.928436
32	118	0.964786
32	125	0.986383
32	135	1.03142
32	137	1.03503
32	162	1.2238
32	169	0.996987
32	174	1.34141
32	176	1.44685
33	10	1.13415
33	27	1.10824
33	45	1.04472
33	49	1.04268
33	54	0.907795
33	61	1.10681
33	79	1.12062
33	100	0.788367
33	117	1.05228
33	124	1.11065
33	146	1.08702
33	158	0.961794
33	165	1.51776
33	175	1.05995
34	2	0.707008
34	40	0.970575
34	56	1.08646
34	87	0.878971
34	120	1.08719
34	138	0.966245
34	149	1.05596
34	163	0.97738
34	168	0.978259
34	172	0.952991
34	174	0.952795
34	175	0.955564
34	176	0.936622
34	178	0.925991
35	42	1.05058
35	45	0.929722
35	49	0.927683
35	79	1.00562
35	80	0.963638
35	93	0.946083
35	126	0.981221
35	139	1.01613
35	142	0.98843
35	143	0.975879
35	146	0.97202
35	162	1.33519
35	172	1.48689
35	180	1.25072
36	23	0.993441
36	48	0.941696
36	56	1.00935
36	65	0.979535
36	73	0.952721
36	82	0.98282
36	131	1.16016
36	137	1.02405
36	141	0.911507
36	148	0.99081
36	156	0.966808
36	169	1.04626
36	173	1.90966
36	180	0.958469
37	19	1.10545
37	24	1.10591
37	32	1.0845
37	43	1.03699
37	47	1.02327
37	69	1.1759
37	118	1.05962
37	137	1.12987
37	152	1.00523
37	153	0.867682
37	162	1.08487
37	169	1.09182
37	177	1.28999
37	180	1.0004
38	3	0.919676
38	10	1.02587
38	42	1.0573
38	45	0.936447
38	49	0.934408
38	61	0.998532
38	71	1.04318
38	79	1.01235
38	117	0.944008
38	124	1.00238
38	146	0.978745
38	158	1.20943
38	168	1.26842
38	178	1.55468
39	26	1.07061
39	30	0.971254
39	53	0.895065
39	59	1.01603
39	60	0.891737
39	68	0.992219
39	75	1.00287
39	87	1.03201
39	125	0.982502
39	152	0.940208
39	156	0.922227
39	164	1.02705
39	166	0.999373
39	170	1.92606
40	34	0.970575
40	70	0.900106
40	72	1.04507
40	78	0.93256
40	84	0.993291
40	88	1.03988
40	92	0.950115
40	96	1.02309
40	99	0.997339
40	104	1.04424
40	138	1.37709
40	161	1.09842
40	174	1.36843
40	179	0.882252
41	26	1.00766
41	70	0.902211
41	78	0.934665
41	88	1.04199
41	89	1.04291
41	92	0.952219
41	96	1.02519
41	99	0.999443
41	104	1.04635
41	140	0.959034
41	162	0.956904
41	170	1.86311
41	171	1.03755
41	179	0.884357
42	3	1.00106
42	10	1.10725
42	35	1.05058
42	38	1.0573
42	45	1.01783
42	49	1.01579
42	61	1.07991
42	71	1.05474
42	79	1.09373
42	117	1.02539
42	141	0.964528
42	145	0.958041
42	146	1.06013
42	167	1.23272
42	171	1.34012
43	11	1.01984
43	17	0.847219
43	24	0.963565
43	28	0.926728
43	32	0.942155
43	37	1.03699
43	47	0.880923
43	69	1.03355
43	118	0.917273
43	137	0.987518
43	151	0.998597
43	168	1.40131
43	169	0.949474
43	174	1.49841
43	175	1.44047
44	52	0.589886
44	59	0.712744
44	113	0.780769
44	133	0.761195
44	135	1.13572
44	139	0.603295
44	160	1.0229
44	162	1.07737
44	167	1.09416
44	168	1.06694
44	170	0.974303
44	175	1.04425
44	176	1.0253
44	177	1.02044
44	178	1.01467
45	3	0.880202
45	27	0.960487
45	33	1.04472
45	35	0.929722
45	38	0.936447
45	42	1.01783
45	49	0.894934
45	61	0.959058
45	79	0.972874
45	124	0.962904
45	144	1.307
45	146	0.939271
45	151	1.11235
45	153	1.27736
45	154	1.62886
46	18	1.01644
46	20	0.983917
46	31	0.939734
46	48	0.914259
46	56	0.981912
46	65	0.952098
46	73	0.925284
46	82	0.955383
46	103	1.03754
46	120	1.04701
46	148	0.963373
46	156	0.939371
46	163	1.51448
46	176	1.70738
46	180	0.931032
47	11	1.00612
47	19	0.949379
47	24	0.949846
47	32	0.928436
47	37	1.02327
47	43	0.880923
47	69	1.01983
47	103	1.00234
47	118	0.903554
47	125	0.925151
47	137	0.9738
47	151	1.06693
47	160	1.70735
47	169	0.935755
47	171	1.52977
48	20	0.985347
48	21	0.974406
48	25	1.10234
48	36	0.941696
48	46	0.914259
48	50	1.17202
48	65	0.953528
48	73	0.926714
48	82	0.956813
48	109	1.23733
48	136	1.53794
48	137	0.998042
48	148	0.964802
48	156	0.940801
48	180	0.932461
49	27	0.958448
49	33	1.04268
49	35	0.927683
49	38	0.934408
49	42	1.01579
49	45	0.894934
49	61	0.957019
49	79	0.970835
49	117	0.902496
49	124	0.960865
49	134	1.17249
49	146	0.937232
49	161	1.20741
49	163	1.38997
49	177	1.56493
50	48	1.17202
50	85	1.01618
50	126	0.83338
50	140	0.889245
50	144	0.985001
50	145	1.03006
50	151	1.04862
50	157	0.984112
50	169	0.998108
50	171	0.922033
50	172	0.913098
50	174	0.912902
50	175	0.915671
50	177	0.89187
50	178	0.886097
51	54	1.21084
51	57	1.05223
51	58	0.902606
51	63	1.0306
51	94	1.08339
51	101	1.05822
51	106	1.03786
51	118	1.18335
51	122	1.06754
51	130	1.0396
51	133	1.05527
51	140	1.01757
51	148	1.05464
51	149	1.0641
51	157	1.12011
52	5	1.08276
52	30	1.00459
52	44	0.589886
52	53	0.928405
52	59	1.04937
52	60	0.925078
52	68	1.02556
52	75	1.03621
52	85	1.00232
52	87	1.06535
52	135	0.943003
52	153	0.918192
52	164	1.06039
52	166	1.03271
52	173	1.83858
52	177	1.3405
53	2	1.11925
53	5	0.962579
53	30	0.884414
53	39	0.895065
53	52	0.928405
53	59	0.92919
53	68	0.905378
53	74	0.870815
53	75	0.916033
53	87	0.945171
53	136	1.30083
53	138	1.52936
53	156	1.30546
53	164	0.940208
53	166	0.912533
53	175	1.46276
54	30	1.21877
54	33	0.907795
54	51	1.21084
54	84	0.97589
54	92	0.932713
54	96	1.00569
54	99	0.979937
54	104	1.02684
54	132	1.25211
54	167	0.939283
54	168	0.91206
54	176	0.870423
54	177	0.865565
54	178	0.859792
54	179	0.864851
54	180	0.944267
55	1	1.06524
55	12	0.933526
55	57	1.02864
55	67	1.13234
55	77	1.03731
55	81	1.014
55	94	1.05981
55	106	1.01428
55	122	1.04396
55	130	1.01602
55	133	1.03168
55	136	0.960216
55	155	1.14959
55	158	1.15483
55	171	1.27395
55	180	1.10884
56	21	1.04206
56	31	1.00882
56	34	1.08646
56	36	1.00935
56	46	0.981912
56	65	1.02118
56	71	1.16197
56	73	0.994367
56	82	1.02447
56	115	1.05986
56	120	0.929392
56	137	1.06569
56	148	1.03246
56	156	1.00845
56	163	1.39686
56	180	1.00011
57	1	1.04567
57	4	1.07228
57	6	0.929916
57	51	1.05223
57	55	1.02864
57	63	0.987456
57	101	1.01507
57	121	1.02878
57	122	1.02439
57	130	0.996452
57	133	1.01212
57	141	0.755249
57	156	0.952576
57	173	1.7534
57	175	1.10988
57	176	1.27325
58	20	1.06211
58	51	0.902606
58	83	1.11612
58	125	0.729648
58	145	1.08673
58	146	0.85736
58	150	1.08298
58	163	0.994156
58	164	0.610681
58	166	1.06105
58	167	1.02226
58	168	0.995035
58	171	0.978702
58	176	0.953398
58	177	0.94854
58	178	0.942767
59	5	1.08355
59	30	1.00538
59	39	1.01603
59	44	0.712744
59	52	1.04937
59	53	0.92919
59	60	0.925863
59	68	1.02634
59	85	1.00311
59	87	1.06614
59	135	1.06586
59	163	1.2884
59	164	1.06117
59	166	1.0335
59	169	1.09804
59	177	1.46335
60	2	1.11592
60	5	0.959252
60	39	0.891737
60	52	0.925078
60	59	0.925863
60	68	0.902051
60	75	0.912705
60	85	0.878816
60	87	0.941844
60	125	0.892334
60	144	1.29749
60	157	1.30183
60	162	1.48503
60	164	0.936881
60	166	0.909205
60	175	1.54471
61	10	1.04848
61	27	1.02257
61	33	1.10681
61	38	0.998532
61	42	1.07991
61	45	0.959058
61	49	0.957019
61	79	1.03496
61	117	0.96662
61	124	1.02499
61	129	1.03104
61	146	1.00136
61	150	1.00982
61	156	1.1711
61	157	1.08552
61	160	1.52695
62	86	1.32726
62	102	1.02
62	110	0.987315
62	118	1.16074
62	119	0.989998
62	123	0.98006
62	126	1.01871
62	127	1.00044
62	139	1.05362
62	141	0.985745
62	142	1.02592
62	143	1.01337
62	145	0.979258
62	147	1.04043
62	164	1.05482
62	175	1.34037
63	9	1.0317
63	14	0.906702
63	51	1.0306
63	57	0.987456
63	77	0.996125
63	94	1.01863
63	101	0.993448
63	112	0.957995
63	121	1.00716
63	122	1.00277
63	130	0.974831
63	133	0.990496
63	150	0.927695
63	155	1.14288
63	177	1.39171
63	179	1.57127
63	180	1.10213
64	18	0.927677
64	19	1.12836
64	29	0.98551
64	86	1.02587
64	88	0.821836
64	122	0.819121
64	151	1.11344
64	153	1.09789
64	163	1.00231
64	170	0.91055
64	171	0.986855
64	172	0.97792
64	173	0.9171
64	175	0.980493
64	176	0.961551
64	177	0.956692
64	178	0.95092
65	15	0.860276
65	18	1.05571
65	31	0.979002
65	36	0.979535
65	46	0.952098
65	48	0.953528
65	56	1.02118
65	73	0.964553
65	82	0.994652
65	135	1.23489
65	137	1.03588
65	141	1.13232
65	148	1.00264
65	156	0.97864
65	168	1.44778
65	169	1.26707
65	180	0.9703
66	7	1.45171
66	16	1.0054
66	91	0.954244
66	108	0.966872
66	113	1.0001
66	124	1.00128
66	126	0.986851
66	128	1.01833
66	132	0.954829
66	139	1.02176
66	142	0.994059
66	143	0.981508
66	147	1.00857
66	159	0.929385
66	163	0.865676
66	170	1.74173
66	172	0.987221
67	5	1.20356
67	55	1.13234
67	68	1.18836
67	89	1.17572
67	131	0.93588
67	138	0.888374
67	149	0.978093
67	151	1.01064
67	152	0.944288
67	153	0.995092
67	161	0.941432
67	167	0.927612
67	168	0.900388
67	173	0.814301
67	176	0.858751
67	177	0.853893
67	178	0.84812
68	30	0.981568
68	39	0.992219
68	52	1.02556
68	53	0.905378
68	59	1.02634
68	60	0.902051
68	67	1.18836
68	74	0.967969
68	75	1.01319
68	87	1.04233
68	114	1.09164
68	125	0.992815
68	150	0.990424
68	155	1.20561
68	164	1.03736
68	166	1.00969
68	177	1.45444
69	11	1.15875
69	17	0.98613
69	24	1.10248
69	28	1.06564
69	37	1.1759
69	43	1.03355
69	47	1.01983
69	116	0.774671
69	118	1.05618
69	125	1.07778
69	137	1.12643
69	145	0.751772
69	159	1.14707
69	169	1.08839
69	171	1.13385
69	172	1.20491
69	178	1.35997
70	40	0.900106
70	41	0.902211
70	72	0.971071
70	78	0.858564
70	84	0.919295
70	88	0.965886
70	89	0.96681
70	92	0.876119
70	96	0.949093
70	99	0.923343
70	104	0.970248
70	140	0.882934
70	145	1.30152
70	156	1.50533
70	161	1.45056
70	175	1.66263
70	179	0.808256
71	31	1.03621
71	38	1.04318
71	42	1.05474
71	56	1.16197
71	101	0.88225
71	152	1.01881
71	153	1.06961
71	158	1.00062
71	163	0.974028
71	168	0.974907
71	171	0.958574
71	172	0.949639
71	173	0.88882
71	174	0.949443
71	176	0.93327
71	177	0.928412
71	178	0.922639
71	180	1.00711
72	40	1.04507
72	70	0.971071
72	78	1.00352
72	84	1.06426
72	88	1.11085
72	89	1.11177
72	90	1.24665
72	92	1.02108
72	96	1.09405
72	97	1.1598
72	99	1.0683
72	100	1.05674
72	104	1.11521
72	114	1.11096
72	140	1.02789
72	151	0.88645
72	179	0.953217
72	180	1.18418
73	18	1.0289
73	20	0.996372
73	31	0.952189
73	36	0.952721
73	46	0.925284
73	48	0.926714
73	56	0.994367
73	65	0.964553
73	82	0.967838
73	97	1.23261
73	98	1.02284
73	137	1.00907
73	148	0.975828
73	156	0.951826
73	158	1.30297
73	162	1.34145
73	177	1.54656
73	180	0.943487
74	53	0.870815
74	68	0.967969
74	87	1.00776
74	95	0.998337
74	110	0.935294
74	125	0.958252
74	127	0.948423
74	128	0.998164
74	142	0.973898
74	143	0.961346
74	147	0.988407
74	157	0.941946
74	161	0.972752
74	164	1.0028
74	166	0.975124
74	172	1.27686
74	173	1.82835
74	178	1.43192
75	2	1.22706
75	5	1.07039
75	30	0.992222
75	39	1.00287
75	52	1.03621
75	53	0.916033
75	60	0.912705
75	68	1.01319
75	85	0.989952
75	87	1.05298
75	116	0.765864
75	125	1.00347
75	151	0.662201
75	153	0.827212
75	164	1.04802
75	166	1.02034
75	170	1.95061
75	178	1.35117
75	179	1.42908
76	9	0.851985
76	20	0.966468
76	23	0.927529
76	96	0.786092
76	102	1.0442
76	128	1.07438
76	129	1.05853
76	132	1.01089
76	133	0.810342
76	137	0.73654
76	141	1.1059
76	142	1.05012
76	143	1.03756
76	147	1.06463
76	159	0.997122
76	172	0.960064
76	173	0.899244
76	175	0.962637
76	180	1.01754
77	4	1.08095
77	9	1.06199
77	29	0.993289
77	55	1.03731
77	63	0.996125
77	81	1.0031
77	94	1.04892
77	100	1.11722
77	101	1.02374
77	106	1.00339
77	112	0.988286
77	121	1.03745
77	130	1.00512
77	133	1.02079
77	134	1.1418
77	135	1.13675
77	150	1.07022
77	151	0.946924
77	177	1.53424
78	13	0.999999
78	26	1.06676
78	40	0.93256
78	41	0.934665
78	70	0.858564
78	72	1.00352
78	84	0.951749
78	88	0.99834
78	89	0.999263
78	92	0.908573
78	96	0.981547
78	99	0.955797
78	104	1.0027
78	140	0.915388
78	162	1.01601
78	163	1.04616
78	165	1.53349
78	170	1.92221
78	179	0.84071
79	3	0.956102
79	10	1.0623
79	27	1.03639
79	33	1.12062
79	35	1.00562
79	38	1.01235
79	42	1.09373
79	45	0.972874
79	49	0.970835
79	61	1.03496
79	117	0.980435
79	124	1.0388
79	146	1.01517
79	158	1.01161
79	162	1.05009
79	166	0.81152
79	169	0.889889
79	170	1.9563
79	176	1.27314
80	9	0.976783
80	35	0.963638
80	87	0.787663
80	104	0.705351
80	124	0.830229
80	133	0.93514
80	149	1.08784
80	155	1.04278
80	158	1.03584
80	162	1.02056
80	163	1.00925
80	165	0.954961
80	167	1.03736
80	171	0.9938
80	173	0.924046
80	174	0.984669
80	175	0.987438
80	176	0.968496
80	177	0.963638
80	178	0.957865
81	1	1.03103
81	4	1.05764
81	55	1.014
81	77	1.0031
81	94	1.0256
81	101	1.00043
81	107	1.34114
81	112	0.964974
81	114	1.12041
81	121	1.01414
81	122	1.00975
81	129	1.04042
81	130	0.98181
81	131	1.2318
81	133	0.997475
81	136	0.926006
81	140	0.959775
81	148	0.996855
81	157	1.09489
81	174	1.39571
82	18	1.059
82	20	1.02647
82	21	1.01553
82	23	1.00856
82	36	0.98282
82	46	0.955383
82	48	0.956813
82	56	1.02447
82	65	0.994652
82	73	0.967838
82	115	0.973655
82	117	1.18727
82	137	1.03917
82	148	1.00593
82	149	1.04129
82	156	0.981925
82	167	1.25375
82	171	1.36115
82	172	1.43221
82	180	0.973585
83	2	0.69666
83	11	0.826283
83	21	1.10631
83	58	1.11612
83	89	0.946098
83	100	1.08282
83	119	1.02075
83	147	0.774489
83	157	1.05165
83	160	0.961862
83	167	1.03313
83	168	1.0059
83	170	0.913266
83	171	0.989571
83	172	0.980636
83	174	0.98044
83	175	0.983209
83	177	0.959408
83	178	0.953635
83	179	0.958694
84	40	0.993291
84	54	0.97589
84	70	0.919295
84	72	1.06426
84	78	0.951749
84	85	0.984271
84	86	1.14323
84	88	1.05907
84	89	1.05999
84	92	0.969304
84	96	1.04228
84	99	1.01653
84	104	1.06343
84	118	0.97671
84	140	0.976119
84	154	1.23099
84	155	1.05295
84	173	1.79987
84	179	0.901441
84	180	1.0122
85	30	0.958333
85	50	1.01618
85	52	1.00232
85	59	1.00311
85	60	0.878816
85	75	0.989952
85	84	0.984271
85	89	1.03179
85	92	0.941095
85	96	1.01407
85	99	0.988319
85	104	1.03522
85	115	1.17751
85	120	1.04705
85	125	0.96958
85	135	1.29198
85	145	1.18292
85	164	1.01413
85	166	0.986452
85	174	1.60197
85	179	0.873232
86	9	1.3949
86	11	1.16344
86	62	1.32726
86	64	1.02587
86	84	1.14323
86	135	0.976287
86	136	0.901207
86	145	0.999199
86	155	0.940151
86	156	0.948054
86	160	0.863466
86	161	0.948552
86	164	1.05795
86	168	0.907507
86	172	0.88224
86	174	0.882044
86	175	0.884813
86	176	0.865871
86	178	0.85524
86	179	0.860298
86	180	0.939714
87	2	1.2562
87	5	1.09953
87	30	1.02136
87	34	0.878971
87	39	1.03201
87	52	1.06535
87	53	0.945171
87	59	1.06614
87	60	0.941844
87	68	1.04233
87	74	1.00776
87	75	1.05298
87	80	0.787663
87	125	1.03261
87	145	0.857778
87	157	0.976007
87	164	1.07716
87	166	1.04948
87	169	0.999017
87	174	1.27682
87	179	1.54389
88	13	1.10732
88	40	1.03988
88	41	1.04199
88	64	0.821836
88	70	0.965886
88	72	1.11085
88	78	0.99834
88	84	1.05907
88	89	1.10659
88	92	1.01589
88	96	1.08887
88	99	1.06312
88	104	1.11002
88	140	1.02271
88	149	0.927251
88	151	0.784266
88	152	1.08682
88	171	1.24711
88	174	1.28407
88	176	1.38952
88	179	0.948032
89	13	1.10824
89	41	1.04291
89	67	1.17572
89	70	0.96681
89	72	1.11177
89	78	0.999263
89	83	0.946098
89	84	1.05999
89	85	1.03179
89	88	1.10659
89	90	1.21469
89	92	1.01682
89	96	1.08979
89	99	1.06404
89	104	1.11095
89	140	1.02363
89	144	1.04915
89	150	0.977785
89	151	0.85449
89	156	1.13907
89	179	0.948955
90	4	1.15429
90	17	1.44801
90	72	1.24665
90	89	1.21469
90	121	1.01337
90	144	0.972979
90	150	1.01429
90	154	0.921195
90	158	0.952052
90	167	0.953566
90	168	0.926343
90	171	0.91001
90	172	0.901075
90	173	0.840256
90	174	0.900879
90	175	0.903648
90	176	0.884706
90	177	0.879848
90	178	0.874075
90	179	0.879134
90	180	0.95855
91	16	0.985917
91	66	0.954244
91	93	0.932226
91	102	0.968655
91	108	0.947386
91	109	0.912388
91	111	0.995802
91	113	0.980615
91	119	0.938653
91	123	0.928715
91	126	0.967364
91	127	0.949099
91	132	0.935343
91	139	1.00227
91	142	0.974573
91	143	0.962022
91	147	0.989083
91	156	1.21764
91	160	1.57348
91	167	1.2885
91	178	1.62202
91	180	1.23079
92	13	1.01755
92	40	0.950115
92	41	0.952219
92	54	0.932713
92	70	0.876119
92	72	1.02108
92	78	0.908573
92	84	0.969304
92	85	0.941095
92	88	1.01589
92	89	1.01682
92	96	0.999101
92	99	0.973351
92	104	1.02026
92	120	0.634637
92	140	0.932942
92	167	1.04519
92	168	1.09246
92	170	1.97816
92	173	1.77515
92	178	1.37872
92	179	0.858265
93	35	0.946083
93	91	0.932226
93	102	0.966124
93	107	1.32661
93	108	0.944855
93	110	0.933439
93	113	0.978084
93	123	0.926184
93	126	0.964833
93	127	0.946568
93	128	0.996309
93	132	0.932812
93	138	1.38984
93	139	0.999742
93	142	0.972042
93	143	0.959491
93	144	1.07602
93	147	0.986552
93	154	1.39788
93	164	1.00094
93	177	1.46868
93	180	1.1791
94	12	0.945128
94	29	1.01579
94	51	1.08339
94	55	1.05981
94	63	1.01863
94	77	1.04892
94	81	1.0256
94	101	1.04624
94	103	0.826423
94	106	1.02589
94	112	1.01079
94	122	1.05556
94	130	1.02762
94	133	1.04329
94	136	0.971817
94	140	1.00559
94	153	1.05602
94	156	1.17558
94	158	1.23473
94	168	1.29371
94	169	1.11301
94	171	1.35385
95	74	0.998337
95	102	1.03291
95	108	1.01164
95	110	1.00023
95	114	1.03792
95	119	1.00291
95	123	0.99297
95	126	1.03162
95	127	1.01335
95	128	1.06309
95	132	0.999598
95	139	1.06653
95	143	1.02628
95	145	0.894168
95	146	1.02242
95	147	1.05334
95	155	1.15188
95	157	1.0124
95	160	1.45383
95	164	1.06773
95	168	1.21611
95	171	1.27625
96	40	1.02309
96	41	1.02519
96	54	1.00569
96	70	0.949093
96	72	1.09405
96	76	0.786092
96	78	0.981547
96	84	1.04228
96	85	1.01407
96	88	1.08887
96	89	1.08979
96	92	0.999101
96	98	0.963834
96	99	1.04633
96	104	1.09323
96	109	0.879571
96	117	1.1892
96	140	1.00592
96	144	1.0949
96	175	1.34212
96	178	1.58921
96	179	0.931239
97	2	0.878405
97	24	1.1608
97	72	1.1598
97	73	1.23261
97	114	1.01602
97	125	1.02151
97	130	1.0162
97	134	1.0156
97	149	1.01866
97	151	1.05121
97	152	0.984853
97	153	1.03566
97	154	0.935806
97	163	0.940075
97	167	0.968177
97	170	0.848316
97	171	0.924621
97	173	0.854866
97	175	0.918259
97	176	0.899317
97	177	0.894458
97	178	0.888686
97	179	0.893744
98	1	0.764761
98	5	0.945928
98	23	1.10527
98	24	0.951035
98	73	1.02284
98	96	0.963834
98	110	0.93991
98	117	1.02642
98	151	1.12304
98	153	1.10749
98	158	1.03849
98	160	0.968743
98	161	1.05383
98	165	0.957613
98	168	1.01278
98	171	0.996452
98	172	0.987517
98	173	0.926697
98	174	0.987321
98	175	0.99009
98	176	0.971148
98	177	0.966289
98	178	0.960517
99	13	1.06478
99	40	0.997339
99	41	0.999443
99	54	0.979937
99	70	0.923343
99	72	1.0683
99	78	0.955797
99	84	1.01653
99	85	0.988319
99	88	1.06312
99	89	1.06404
99	92	0.973351
99	96	1.04633
99	103	1.03437
99	104	1.06748
99	109	1.07828
99	116	1.20261
99	120	1.04383
99	140	0.980166
99	149	1.24193
99	157	1.29794
99	179	0.905489
99	180	1.39668
100	18	1.0604
100	33	0.788367
100	72	1.05674
100	77	1.11722
100	83	1.08282
100	108	1.11019
100	110	1.04661
100	145	1.05342
100	150	1.04968
100	153	1.05644
100	154	0.956586
100	160	0.917692
100	168	0.961733
100	170	0.869096
100	171	0.945401
100	172	0.936466
100	173	0.875646
100	174	0.93627
100	176	0.920096
100	177	0.915238
100	178	0.909465
100	180	0.99394
101	12	0.919951
101	51	1.05822
101	57	1.01507
101	63	0.993448
101	71	0.88225
101	77	1.02374
101	81	1.00043
101	94	1.04624
101	106	1.00071
101	109	0.684117
101	112	0.985609
101	121	1.03477
101	122	1.03039
101	130	1.00244
101	133	1.01811
101	136	0.94664
101	140	0.98041
101	148	1.01749
101	158	1.04851
101	160	1.34521
101	163	1.11714
101	168	1.1075
101	170	1.9932
102	62	1.02
102	76	1.0442
102	91	0.968655
102	93	0.966124
102	95	1.03291
102	105	1.05266
102	119	0.972551
102	123	0.962613
102	126	1.00126
102	128	1.03274
102	129	0.951642
102	132	0.969241
102	139	1.03617
102	142	1.00847
102	143	0.99592
102	144	1.00178
102	146	0.992061
102	147	1.02298
102	154	1.32364
102	167	1.16256
102	168	1.20983
102	174	1.30693
102	176	1.41237
103	16	1.02873
103	46	1.03754
103	47	1.00234
103	94	0.826423
103	99	1.03437
103	107	1.02411
103	136	1.00395
103	137	0.786107
103	142	0.768809
103	145	1.10195
103	152	1.05415
103	155	1.0429
103	157	1.056
103	159	1.02204
103	160	0.966213
103	162	1.02069
103	163	1.00938
103	172	0.984987
103	173	0.924167
103	175	0.98756
103	177	0.96376
103	178	0.957987
103	179	0.963046
104	13	1.11168
104	40	1.04424
104	41	1.04635
104	54	1.02684
104	70	0.970248
104	72	1.11521
104	78	1.0027
104	80	0.705351
104	84	1.06343
104	85	1.03522
104	88	1.11002
104	89	1.11095
104	92	1.02026
104	96	1.09323
104	99	1.06748
104	115	0.770052
104	136	0.974643
104	140	1.02707
104	160	1.33513
104	161	0.9245
104	173	1.7801
104	175	1.13658
104	179	0.952394
104	180	0.992435
105	102	1.05266
105	108	1.03139
105	110	1.01997
105	111	1.07981
105	116	0.940866
105	119	1.02266
105	123	1.01272
105	124	1.0658
105	126	1.05137
105	127	1.0331
105	131	1.1731
105	132	1.01935
105	139	1.08628
105	142	1.05858
105	143	1.04603
105	146	1.04217
105	147	1.07309
105	151	0.837204
105	164	1.08748
105	166	0.980837
105	169	1.05921
105	175	1.27908
105	176	1.44245
105	180	1.13494
106	6	0.915555
106	9	1.03896
106	14	0.913963
106	29	0.970259
106	51	1.03786
106	55	1.01428
106	77	1.00339
106	94	1.02589
106	101	1.00071
106	107	1.36447
106	109	0.898561
106	112	0.965256
106	115	0.99458
106	121	1.01442
106	122	1.01003
106	130	0.982091
106	133	0.997756
106	136	0.926287
106	140	0.960056
106	148	0.997136
106	149	1.06222
106	156	1.20381
106	177	1.50654
106	178	1.6082
107	81	1.34114
107	93	1.32661
107	103	1.02411
107	106	1.36447
107	115	0.997988
107	127	1.24764
107	130	1.18809
107	144	0.945311
107	152	0.942575
107	157	0.944421
107	158	0.924384
107	159	0.910465
107	160	0.854633
107	163	0.897796
107	165	0.843503
107	168	0.898675
107	170	0.806038
107	173	0.812587
107	174	0.873211
107	176	0.857038
107	177	0.85218
107	178	0.846407
107	179	0.851466
108	16	0.998545
108	66	0.966872
108	91	0.947386
108	93	0.944855
108	95	1.01164
108	100	1.11019
108	105	1.03139
108	111	1.00843
108	113	0.993243
108	123	0.941344
108	126	0.979993
108	128	1.01147
108	132	0.947971
108	134	1.13477
108	139	1.0149
108	142	0.987202
108	143	0.97465
108	147	1.00171
108	151	0.939891
108	159	1.41596
108	164	1.0161
108	166	1.08352
108	168	1.3426
108	174	1.4397
109	10	0.688026
109	48	1.23733
109	91	0.912388
109	96	0.879571
109	99	1.07828
109	101	0.684117
109	106	0.898561
109	120	1.16182
109	136	1.04659
109	144	1.09953
109	151	1.16315
109	160	1.00885
109	162	1.06333
109	163	1.05202
109	164	0.608519
109	167	1.08012
109	168	1.05289
109	170	0.960257
109	171	1.03656
109	173	0.966807
109	174	1.02743
109	175	1.0302
109	176	1.01126
109	177	1.0064
110	62	0.987315
110	74	0.935294
110	93	0.933439
110	95	1.00023
110	98	0.93991
110	100	1.04661
110	105	1.01997
110	111	0.997015
110	113	0.981828
110	117	1.16528
110	119	0.939865
110	123	0.929928
110	126	0.968577
110	127	0.950312
110	132	0.936556
110	136	1.15626
110	139	1.00349
110	142	0.975786
110	143	0.963235
110	146	0.959376
110	147	0.990296
110	153	1.04133
110	158	1.22004
110	164	1.00469
110	173	1.96172
111	91	0.995802
111	105	1.07981
111	108	1.00843
111	110	0.997015
111	113	1.04166
111	114	0.985563
111	119	0.999698
111	123	0.98976
111	126	1.02841
111	127	1.01014
111	128	1.05989
111	132	0.996388
111	138	1.26952
111	139	1.06332
111	142	1.03562
111	143	1.02307
111	146	1.01921
111	147	1.05013
111	153	0.926058
111	157	0.96004
111	160	1.40147
111	162	1.14325
111	164	1.06452
111	167	1.11649
111	177	1.34836
112	4	1.04282
112	6	0.900455
112	9	1.02386
112	14	0.898863
112	29	0.955159
112	63	0.957995
112	77	0.988286
112	81	0.964974
112	94	1.01079
112	101	0.985609
112	106	0.965256
112	121	0.999318
112	122	0.994933
112	130	0.966991
112	133	0.982656
112	135	1.01476
112	136	0.911187
112	140	0.944956
112	148	0.982036
112	163	1.2373
112	166	0.968572
112	167	1.18038
112	168	1.22765
112	173	1.91034
112	176	1.43019
113	44	0.780769
113	66	1.0001
113	91	0.980615
113	93	0.978084
113	108	0.993243
113	110	0.981828
113	111	1.04166
113	119	0.98451
113	123	0.974573
113	124	1.02765
113	126	1.01322
113	127	0.994957
113	128	1.0447
113	129	1.08859
113	132	0.981201
113	139	1.04813
113	142	1.02043
113	143	1.00788
113	147	1.03494
113	152	1.24662
113	153	1.10908
113	159	1.42013
113	163	1.35642
113	164	1.04933
113	166	1.0877
113	169	1.16607
114	68	1.09164
114	72	1.11096
114	81	1.12041
114	95	1.03792
114	97	1.01602
114	111	0.985563
114	121	0.877683
114	129	1.03309
114	133	1.14901
114	149	1.03759
114	152	1.00379
114	155	0.992531
114	160	0.915846
114	161	1.00093
114	162	0.970319
114	163	0.959009
114	165	0.904716
114	167	0.987111
114	170	0.86725
114	171	0.943555
114	172	0.93462
114	174	0.934424
114	175	0.937193
114	177	0.913392
114	178	0.907619
114	179	0.912678
115	27	1.02736
115	56	1.05986
115	82	0.973655
115	85	1.17751
115	104	0.770052
115	106	0.99458
115	107	0.997988
115	120	1.09306
115	128	0.829667
115	131	1.01962
115	134	1.05878
115	135	1.05291
115	138	0.97212
115	139	0.841941
115	150	1.07208
115	157	1.02988
115	161	1.02518
115	162	0.994565
115	166	1.05014
115	170	0.891496
115	171	0.967801
115	172	0.958866
115	173	0.898046
115	174	0.95867
115	175	0.961439
115	176	0.942496
115	178	0.931865
116	69	0.774671
116	75	0.765864
116	99	1.20261
116	105	0.940866
116	119	1.0328
116	125	0.851818
116	129	1.06804
116	134	1.06949
116	138	0.982828
116	143	0.940866
116	144	1.04148
116	151	1.1051
116	155	1.02749
116	157	1.04059
116	158	1.02055
116	159	1.00663
116	162	1.00527
116	164	0.732851
116	165	0.93967
116	170	0.902205
116	171	0.978509
116	172	0.969574
116	173	0.908754
116	174	0.969378
116	176	0.953205
116	177	0.948347
116	178	0.942574
117	1	0.990129
117	3	0.887763
117	6	1.56205
117	13	0.769177
117	29	1.2369
117	33	1.05228
117	38	0.944008
117	42	1.02539
117	49	0.902496
117	61	0.96662
117	79	0.980435
117	82	1.18727
117	96	1.1892
117	98	1.02642
117	110	1.16528
117	124	0.970465
117	141	1.01902
117	146	0.946833
117	149	0.976164
117	153	0.993162
117	158	0.924167
117	159	0.910248
117	165	0.843287
117	167	0.925682
117	173	0.812371
117	177	0.851963
117	180	0.930665
118	19	0.985729
118	28	0.949359
118	32	0.964786
118	37	1.05962
118	43	0.917273
118	47	0.903554
118	51	1.18335
118	62	1.16074
118	69	1.05618
118	84	0.97671
118	122	1.04379
118	125	0.961501
118	128	1.01656
118	137	1.01015
118	140	1.23747
118	141	1.03293
118	147	0.945122
118	159	0.924152
118	160	0.868321
118	161	0.953407
118	165	0.857191
118	169	0.972105
118	170	0.819725
118	173	0.826275
118	174	0.886899
118	175	0.889668
118	177	0.865867
118	178	0.860094
119	62	0.989998
119	83	1.02075
119	91	0.938653
119	95	1.00291
119	102	0.972551
119	105	1.02266
119	110	0.939865
119	111	0.999698
119	113	0.98451
119	116	1.0328
119	123	0.93261
119	124	0.985691
119	126	0.97126
119	127	0.952994
119	128	1.00274
119	132	0.939238
119	134	1.12402
119	139	1.00617
119	142	0.978469
119	143	0.965917
119	146	0.962059
119	147	0.992978
119	155	1.26762
119	162	1.31134
119	164	1.00737
119	169	1.15114
119	176	1.53439
119	180	1.22687
120	34	1.08719
120	46	1.04701
120	56	0.929392
120	85	1.04705
120	92	0.634637
120	99	1.04383
120	109	1.16182
120	115	1.09306
120	127	0.747279
120	131	1.02924
120	135	1.06253
120	137	0.795574
120	143	0.782088
120	146	0.820752
120	153	1.08845
120	154	0.988603
120	161	1.03479
120	162	1.00418
120	163	0.992872
120	165	0.938579
120	167	1.02097
120	168	0.99375
120	172	0.968483
120	174	0.968287
120	175	0.971056
120	176	0.952114
120	177	0.947255
120	178	0.941483
120	180	1.02596
121	1	1.06537
121	4	1.09198
121	6	0.949617
121	9	1.07302
121	12	0.933661
121	14	0.948025
121	29	1.00432
121	57	1.02878
121	63	1.00716
121	77	1.03745
121	81	1.01414
121	90	1.01337
121	101	1.03477
121	106	1.01442
121	112	0.999318
121	114	0.877683
121	122	1.0441
121	130	1.01615
121	133	1.03182
121	136	0.96035
121	140	0.994119
121	148	1.0312
121	149	0.796153
121	165	1.55285
121	167	1.00861
121	168	1.05588
121	171	1.11601
121	178	1.34213
121	179	1.42004
122	1	1.06098
122	6	0.945232
122	8	0.981767
122	9	1.06864
122	12	0.929276
122	14	0.94364
122	29	0.999936
122	51	1.06754
122	55	1.04396
122	57	1.02439
122	63	1.00277
122	64	0.819121
122	81	1.00975
122	94	1.05556
122	101	1.03039
122	106	1.01003
122	112	0.994933
122	118	1.04379
122	121	1.0441
122	130	1.01177
122	131	1.11745
122	133	1.02743
122	140	0.989734
122	148	1.02681
122	149	0.924536
122	159	1.25762
122	166	0.925185
122	172	1.31545
122	179	1.54842
123	15	0.662572
123	62	0.98006
123	91	0.928715
123	93	0.926184
123	95	0.99297
123	102	0.962613
123	105	1.01272
123	108	0.941344
123	110	0.929928
123	111	0.98976
123	113	0.974573
123	119	0.93261
123	126	0.961322
123	127	0.943057
123	128	0.992798
123	132	0.929301
123	139	0.996231
123	142	0.968531
123	143	0.95598
123	146	0.952121
123	147	0.983041
123	150	0.970663
123	158	1.19109
123	160	1.48779
123	162	1.22957
123	164	0.997433
123	165	1.74705
123	172	1.38127
123	178	1.53633
124	3	0.946133
124	27	1.02642
124	33	1.11065
124	38	1.00238
124	45	0.962904
124	49	0.960865
124	61	1.02499
124	66	1.00128
124	79	1.0388
124	80	0.830229
124	105	1.0658
124	113	1.02765
124	117	0.970465
124	119	0.985691
124	127	0.996138
124	131	1.15548
124	132	0.982382
124	139	1.04931
124	142	1.02161
124	144	1.01424
124	146	1.0052
124	147	1.03612
124	149	0.962565
124	150	0.942875
124	154	1.3361
124	164	1.05051
124	165	1.71927
124	166	0.963214
124	176	1.42483
125	2	1.20669
125	11	1.06406
125	17	0.891447
125	19	1.00733
125	24	1.00779
125	28	0.970956
125	32	0.986383
125	39	0.982502
125	47	0.925151
125	58	0.729648
125	60	0.892334
125	68	0.992815
125	69	1.07778
125	74	0.958252
125	75	1.00347
125	85	0.96958
125	87	1.03261
125	97	1.02151
125	116	0.851818
125	118	0.961501
125	137	1.03175
125	144	0.942811
125	155	1.08663
125	164	1.02765
125	165	1.64784
125	166	0.999969
125	169	0.993702
125	172	1.28206
125	175	1.19003
125	179	1.51503
126	35	0.981221
126	50	0.83338
126	62	1.01871
126	66	0.986851
126	91	0.967364
126	93	0.964833
126	95	1.03162
126	102	1.00126
126	105	1.05137
126	108	0.979993
126	110	0.968577
126	111	1.02841
126	113	1.01322
126	119	0.97126
126	123	0.961322
126	127	0.981706
126	128	1.03145
126	131	1.25526
126	132	0.96795
126	134	1.11424
126	135	1.10918
126	141	1.00661
126	142	1.00718
126	143	0.994629
126	147	1.02169
126	164	1.03608
126	166	1.063
126	171	1.3822
126	175	1.36124
126	176	1.52461
127	16	1.00026
127	62	1.00044
127	74	0.948423
127	91	0.949099
127	93	0.946568
127	95	1.01335
127	105	1.0331
127	107	1.24764
127	110	0.950312
127	111	1.01014
127	113	0.994957
127	119	0.952994
127	120	0.747279
127	123	0.943057
127	124	0.996138
127	126	0.981706
127	128	1.01318
127	132	0.949685
127	139	1.01662
127	142	0.988915
127	143	0.976364
127	146	0.972505
127	147	1.00342
127	161	1.03219
127	164	1.01782
127	171	1.26524
127	172	1.3363
127	174	1.3022
127	175	1.24427
127	178	1.49136
127	180	1.10013
128	16	1.05
128	22	1.0455
128	66	1.01833
128	74	0.998164
128	76	1.07438
128	93	0.996309
128	95	1.06309
128	102	1.03274
128	108	1.01147
128	111	1.05989
128	113	1.0447
128	115	0.829667
128	118	1.01656
128	119	1.00274
128	123	0.992798
128	126	1.03145
128	127	1.01318
128	129	0.898838
128	131	1.09022
128	132	0.999426
128	139	1.06636
128	142	1.03866
128	143	1.0261
128	146	1.02225
128	147	1.05317
128	153	0.919328
128	164	1.06756
128	167	1.10976
128	177	1.34163
128	178	1.44328
128	180	1.05205
129	11	0.879196
129	61	1.03104
129	76	1.05853
129	81	1.04042
129	102	0.951642
129	113	1.08859
129	114	1.03309
129	116	1.06804
129	128	0.898838
129	135	1.0268
129	138	0.946008
129	143	0.981724
129	144	1.00466
129	145	1.04971
129	147	0.827402
129	148	0.973314
129	150	1.04596
129	155	0.990665
129	157	1.00377
129	160	0.91398
129	162	0.968453
129	163	0.957143
129	166	1.02403
129	167	0.985245
129	168	0.958021
129	169	1.01776
129	172	0.932754
129	174	0.932558
129	175	0.935327
129	177	0.911526
129	178	0.905754
130	1	1.03304
130	6	0.91729
130	8	0.943063
130	9	1.04069
130	12	0.901334
130	14	0.915698
130	29	0.971994
130	51	1.0396
130	55	1.01602
130	57	0.996452
130	63	0.974831
130	77	1.00512
130	81	0.98181
130	94	1.02762
130	97	1.0162
130	101	1.00244
130	106	0.982091
130	107	1.18809
130	112	0.966991
130	121	1.01615
130	122	1.01177
130	133	0.999492
130	136	0.928023
130	138	1.25132
130	140	0.961792
130	148	0.998872
130	155	1.08133
130	159	1.21891
130	166	0.886481
130	168	1.14556
130	173	1.82825
131	20	1.41652
131	36	1.16016
131	67	0.93588
131	81	1.2318
131	105	1.1731
131	115	1.01962
131	120	1.02924
131	122	1.11745
131	124	1.15548
131	126	1.25526
131	128	1.09022
131	149	0.998018
131	150	1.00825
131	153	1.01502
131	156	0.960859
131	157	0.966059
131	158	0.946021
131	159	0.932102
131	161	0.961357
131	162	0.930744
131	163	0.919434
131	167	0.947536
131	170	0.827675
131	172	0.895045
131	173	0.834225
131	174	0.894848
131	175	0.897617
131	176	0.878675
131	177	0.873817
131	178	0.868044
131	179	0.873103
131	180	0.952519
132	15	0.777594
132	16	0.986502
132	54	1.25211
132	66	0.954829
132	76	1.01089
132	91	0.935343
132	93	0.932812
132	95	0.999598
132	102	0.969241
132	105	1.01935
132	108	0.947971
132	110	0.936556
132	111	0.996388
132	113	0.981201
132	119	0.939238
132	123	0.929301
132	124	0.982382
132	126	0.96795
132	127	0.949685
132	128	0.999426
132	134	1.15727
132	139	1.00286
132	142	0.975159
132	143	0.962607
132	147	0.989669
132	151	0.96239
132	154	1.47891
132	158	1.30611
132	164	1.00406
132	174	1.4622
132	175	1.40427
132	180	1.26012
133	1	1.04871
133	4	1.07532
133	6	0.932955
133	9	1.05636
133	12	0.916999
133	14	0.931363
133	15	0.739696
133	29	0.987659
133	44	0.761195
133	51	1.05527
133	55	1.03168
133	57	1.01212
133	63	0.990496
133	76	0.810342
133	77	1.02079
133	80	0.93514
133	81	0.997475
133	94	1.04329
133	101	1.01811
133	106	0.997756
133	112	0.982656
133	114	1.14901
133	121	1.03182
133	122	1.02743
133	130	0.999492
133	136	0.943688
133	140	0.977457
133	141	1.01174
133	148	1.01454
133	163	1.33685
133	166	1.06813
133	174	1.4243
133	179	1.69137
134	7	0.911461
134	28	0.927224
134	49	1.17249
134	77	1.1418
134	97	1.0156
134	108	1.13477
134	115	1.05878
134	116	1.06949
134	119	1.12402
134	126	1.11424
134	132	1.15727
134	144	1.00611
134	147	0.87776
134	153	1.05417
134	155	0.992114
134	159	0.97126
134	162	0.969902
134	164	0.824068
134	165	0.904298
134	166	1.02548
134	167	0.986694
134	168	0.95947
134	170	0.866833
134	171	0.943137
134	172	0.934203
134	173	0.873383
134	174	0.934006
134	175	0.936775
134	176	0.917833
134	177	0.912975
134	178	0.907202
134	179	0.912261
134	180	0.991677
135	5	1.07216
135	7	0.905591
135	32	1.03142
135	44	1.13572
135	52	0.943003
135	59	1.06586
135	65	1.23489
135	77	1.13675
135	85	1.29198
135	86	0.976287
135	112	1.01476
135	115	1.05291
135	120	1.06253
135	126	1.10918
135	129	1.0268
135	144	1.00024
135	152	0.9975
135	154	0.948452
135	157	0.999347
135	160	0.909558
135	161	0.994644
135	163	0.952721
135	165	0.898428
135	168	0.9536
135	170	0.860963
135	171	0.937267
135	172	0.928333
135	173	0.867513
135	174	0.928136
135	175	0.930905
135	177	0.907105
135	178	0.901332
135	180	0.985807
136	4	1.00385
136	14	0.859894
136	16	1.37325
136	48	1.53794
136	53	1.30083
136	55	0.960216
136	81	0.926006
136	86	0.901207
136	94	0.971817
136	101	0.94664
136	103	1.00395
136	104	0.974643
136	106	0.926287
136	109	1.04659
136	110	1.15626
136	112	0.911187
136	121	0.96035
136	130	0.928023
136	133	0.943688
136	140	0.905988
136	142	1.11333
136	146	1.15581
136	147	0.962822
136	150	0.966462
136	159	0.89031
136	163	0.877641
136	165	0.823348
