1	18	0.830401
1	113	1.00404
1	132	1.04951
1	153	0.967666
1	155	1.03133
1	169	1.03666
1	170	1.03031
1	173	0.963868
1	175	1.02365
1	177	1.02908
1	178	0.97679
1	180	1.0495
2	11	0.939855
2	117	0.959656
2	138	0.969406
2	143	1.00112
2	148	0.973592
2	156	1.04507
2	158	0.961266
2	161	1.04889
2	170	1.02367
2	175	1.01701
2	177	1.02244
2	180	1.04286
3	51	1.06181
3	81	0.91871
3	110	1.08699
3	111	1.08695
3	112	1.11244
3	114	1.08688
3	121	1.16683
3	142	0.851256
3	158	0.885224
3	161	0.873755
3	178	0.871197
4	27	0.831968
4	60	0.963914
4	93	0.993708
4	135	1.02047
4	142	1.03863
4	147	1.02623
4	150	0.984493
4	158	1.03154
4	166	1.02245
4	174	1.0345
4	178	1.02596
4	179	1.02667
5	22	0.892542
5	33	0.837489
5	64	0.941383
5	65	0.888664
5	79	1.17799
5	82	1.20542
5	109	0.913868
5	115	0.920457
5	116	1.20118
5	128	1.19976
5	149	0.897324
5	152	0.903939
6	35	0.966164
6	80	0.966955
6	108	1.04093
6	133	1.03685
6	144	0.956199
6	152	1.04093
6	153	0.942974
6	163	1.04492
6	164	1.02102
6	165	0.987379
6	168	1.04838
6	172	0.948323
7	97	0.856734
7	130	1.02687
7	139	1.01692
7	140	0.982481
7	150	0.95739
7	162	1.01843
7	169	0.977155
7	171	1.03882
7	172	1.02261
7	173	1.03848
7	174	1.03907
7	178	1.03053
8	51	0.989607
8	52	0.879885
8	94	1.03359
8	110	1.01479
8	111	1.01475
8	112	1.04024
8	114	1.01468
8	121	1.09463
8	149	0.983088
8	159	0.979799
8	162	0.98303
8	177	0.974356
9	19	0.99348
9	22	1.02115
9	49	1.02407
9	62	1.05098
9	91	1.05349
9	149	1.02593
9	152	1.03255
9	159	0.984747
9	163	0.956144
9	166	0.956976
9	178	0.949323
9	179	0.956303
10	21	1.01725
10	49	1.02772
10	82	0.938157
10	103	0.97519
10	109	1.04612
10	115	1.05271
10	117	1.0467
10	137	1.03092
10	152	1.0362
10	168	0.921663
10	172	0.933552
10	176	0.968953
11	2	0.939855
11	28	0.930538
11	65	1.02908
11	86	1.0152
11	92	0.977713
11	103	0.983351
11	153	1.06324
11	163	0.95987
11	171	1.05592
11	178	1.04763
11	179	1.04834
11	180	0.94706
12	50	1.09479
12	76	1.00989
12	106	1.15584
12	121	0.853228
12	131	1.0228
12	133	1.01823
12	153	0.899066
12	159	0.943614
12	162	0.946844
12	164	1.00241
12	168	1.02977
12	176	1.02214
13	33	0.976598
13	48	0.98611
13	65	1.02777
13	78	0.944846
13	91	1.06399
13	100	0.988545
13	103	0.982043
13	115	1.05957
13	117	1.05355
13	144	0.946151
13	146	0.952664
13	149	1.03643
14	27	0.940419
14	63	0.983328
14	77	0.972113
14	96	1.03231
14	119	1.06491
14	142	1.04581
14	150	0.956823
14	163	0.969984
14	164	0.946079
14	168	0.97344
14	176	0.965814
14	177	1.09573
14	180	1.05976
15	131	1.03925
15	139	1.05886
15	146	0.994721
15	155	0.967032
15	161	0.991235
15	166	1.04642
15	169	0.972365
15	170	0.966015
15	171	1.02683
15	173	1.02584
15	175	0.95935
15	177	0.964782
15	180	0.985199
16	21	1.07822
16	45	1.02753
16	91	0.98963
16	148	0.963115
16	149	0.967696
16	157	0.986948
16	165	1.03505
16	166	0.974078
16	172	0.969667
16	174	0.986126
16	175	1.06341
16	178	0.977585
16	179	0.978297
17	26	1.08835
17	37	1.02389
17	69	0.946942
17	94	0.954412
17	97	1.0405
17	110	0.935604
17	111	0.935569
17	112	0.961056
17	114	0.935502
17	121	1.01545
17	150	1.06518
17	170	1.07804
17	180	1.03199
18	1	0.830401
18	74	0.933963
18	107	0.867467
18	141	1.08474
18	157	1.12665
18	158	1.12287
18	169	0.861
18	172	1.10937
18	173	1.12523
18	175	0.877685
18	177	0.844024
18	178	1.11728
18	179	1.118
19	9	0.99348
19	65	0.94969
19	90	0.988219
19	91	0.985907
19	109	0.974893
19	115	0.981483
19	126	1.09694
19	137	1.092
19	149	0.95835
19	152	0.964965
19	159	1.03383
19	173	0.985489
19	179	1.00539
20	49	1.02158
20	132	0.942507
20	147	0.975288
20	153	0.990626
20	156	1.03044
20	157	0.984378
20	167	0.96804
20	169	1.06025
20	171	0.983305
20	174	0.983556
20	176	1.04492
20	177	1.04327
20	179	0.975727
21	10	1.01725
21	16	1.07822
21	23	1.0348
21	49	0.97661
21	61	1.02552
21	91	1.00602
21	92	0.918439
21	103	0.924077
21	117	0.995583
21	147	1.03854
21	149	0.978468
21	152	0.985083
21	173	1.02596
22	5	0.892542
22	9	1.02115
22	65	0.97736
22	89	1.06126
22	110	0.957258
22	111	0.957223
22	114	0.957155
22	117	1.00314
22	121	1.0371
22	157	1.01183
22	158	1.0603
22	167	1.0442
22	173	1.03335
23	21	1.0348
23	34	1.1117
23	104	1.06001
23	124	1.02074
23	129	0.980443
23	162	0.96533
23	166	0.973923
23	167	0.970455
23	171	0.985721
23	172	0.969512
23	174	0.985971
23	178	0.97743
23	179	0.978142
24	65	1.03813
24	73	1.11005
24	81	0.984547
24	108	0.976382
24	127	1.02706
24	128	0.965402
24	131	0.976865
24	134	0.983476
24	138	1.03637
24	163	0.980379
24	164	0.956474
24	168	0.983835
24	176	0.97621
25	29	0.990702
25	101	0.995617
25	127	1.05973
25	136	0.984547
25	141	1.10034
25	146	0.99391
25	151	1.05332
25	165	0.977947
25	169	0.971554
25	170	0.965203
25	175	0.958538
25	177	0.96397
25	180	0.984387
26	17	1.08835
26	36	0.975797
26	42	1.14329
26	122	0.970743
26	124	0.980516
26	157	0.976364
26	165	0.982907
26	169	0.976515
26	170	0.970164
26	174	1.01451
26	175	0.963499
26	177	0.968931
26	180	0.989348
27	4	0.831968
27	14	0.940419
27	113	1.08678
27	119	0.834262
27	126	1.08011
27	132	0.907822
27	156	1.13445
27	158	0.849127
27	161	1.13827
27	169	1.1194
27	170	1.11305
27	174	0.838805
27	180	1.13224
28	11	0.930538
28	52	0.873432
28	86	1.00008
28	142	0.917981
28	156	1.05938
28	159	1.04856
28	161	1.0632
28	169	1.04433
28	170	1.03798
28	173	0.925
28	176	1.0508
28	177	1.03675
28	179	0.944902
28	180	1.05717
29	25	0.990702
29	34	0.990775
29	83	0.925363
29	94	1.04497
29	97	1.13106
29	110	1.02617
29	111	1.02613
29	112	1.05162
29	114	1.02606
29	121	1.10601
29	135	0.967415
29	136	0.898302
29	144	0.90835
29	179	0.911229
30	56	0.999803
30	58	0.90904
30	94	0.971818
30	108	0.922937
30	126	1.02186
30	133	0.951468
30	142	0.910139
30	153	0.920956
30	156	1.0762
30	165	1.06754
30	169	1.06115
30	175	1.04814
30	177	1.05357
30	180	1.07398
31	70	0.96414
31	72	0.968774
31	77	0.91005
31	96	0.845943
31	116	1.07156
31	132	0.98716
31	156	1.06103
31	165	1.05237
31	169	1.04598
31	170	1.03963
31	171	0.9025
31	175	1.03296
31	177	1.0384
31	180	1.05881
32	41	1.03946
32	56	1.04277
32	82	1.05501
32	100	0.906378
32	123	1.03271
32	133	1.05485
32	135	1.03947
32	151	1.05303
32	164	1.03902
32	168	1.06638
32	169	0.90684
32	174	0.863588
32	176	1.05876
32	178	0.859883
33	5	0.837489
33	13	0.976598
33	57	0.968964
33	62	0.956014
33	73	1.21063
33	91	0.958523
33	92	0.870938
33	96	1.04629
33	109	0.94751
33	117	0.948082
33	152	0.937582
33	167	1.11272
33	168	1.09912
33	179	1.12176
34	23	1.1117
34	29	0.990775
34	90	1.1083
34	94	0.916694
34	97	1.00278
34	104	0.89812
34	110	0.897887
34	111	0.897852
34	112	0.923339
34	114	0.897784
34	121	0.977731
34	123	1.15095
34	133	1.13717
34	157	1.08134
35	6	0.966164
35	75	1.07242
35	81	0.937419
35	82	0.925335
35	108	0.929254
35	118	0.935236
35	136	1.11488
35	146	1.13144
35	163	0.933251
35	164	0.909345
35	168	0.936707
35	170	1.16087
35	174	1.12453
35	176	0.929081
36	26	0.975797
36	37	0.867482
36	63	1.07122
36	117	0.937843
36	123	1.02766
36	128	1.0429
36	151	1.04798
36	152	1.05389
36	159	0.96085
36	163	1.05788
36	164	1.03398
36	166	0.933079
36	168	1.06134
36	174	0.929131
37	17	1.02389
37	36	0.867482
37	94	1.04038
37	97	1.12647
37	110	1.02157
37	111	1.02153
37	112	1.04702
37	114	1.02147
37	121	1.10141
37	160	0.941184
37	165	0.93777
37	169	0.949445
37	170	0.942539
37	175	0.96613
38	89	0.892624
38	96	1.11227
38	102	0.98398
38	118	1.05193
38	123	1.01972
38	124	0.942015
38	131	1.04643
38	137	0.97122
38	151	1.04004
38	159	0.913054
38	163	1.04994
38	164	1.02604
38	168	1.0534
38	170	0.917682
39	52	0.846696
39	99	0.958094
39	125	0.903871
39	127	1.04098
39	162	1.04105
39	164	0.970377
39	165	0.946468
39	166	1.04964
39	169	0.958144
39	172	1.04523
39	173	1.06109
39	174	1.06169
39	178	1.05315
39	179	1.05386
40	50	0.996339
40	72	0.903721
40	96	0.990187
40	133	0.919781
40	135	0.904402
40	146	1.13203
40	157	1.08698
40	163	0.92786
40	164	0.903954
40	168	0.931316
40	172	1.11764
40	176	0.92369
40	177	1.1514
40	180	1.11543
41	32	1.03946
41	93	0.938041
41	108	1.13287
41	109	1.15745
41	113	0.901758
41	129	0.948504
41	160	0.939721
41	161	0.953246
41	167	1.13795
41	170	0.928025
41	171	1.12808
41	175	0.92136
41	177	0.926793
41	180	0.94721
42	26	1.14329
42	80	1.10778
42	133	1.11431
42	141	0.903335
42	144	0.928816
42	147	0.936154
42	156	1.11008
42	166	0.932373
42	171	0.944171
42	173	0.943826
42	174	0.944421
42	177	1.1229
42	178	0.93588
42	179	0.936592
43	106	1.18007
43	108	1.00456
43	111	0.988589
43	131	1.00505
43	133	1.00048
43	135	0.985103
43	145	0.993008
43	150	0.9954
43	160	0.971123
43	163	1.00856
43	164	0.984655
43	168	1.01202
43	176	1.00439
43	178	0.932426
43	180	0.926437
44	57	1.03364
44	103	0.941251
44	108	1.00225
44	115	1.01877
44	117	1.01276
44	133	0.998167
44	138	1.00987
44	152	1.00226
44	158	1.00173
44	164	0.982341
44	168	1.0097
44	174	0.991404
44	177	1.01768
44	178	0.987699
44	179	0.994679
45	16	1.02753
45	61	1.02328
45	145	1.04878
45	147	0.987859
45	154	0.99253
45	155	0.99045
45	161	1.01465
45	168	0.972531
45	169	0.995784
45	170	0.989433
45	173	0.975273
45	175	0.982768
45	176	1.00225
45	178	0.988195
45	180	1.00862
46	81	1.01296
46	123	0.978571
46	131	1.00528
46	135	0.985334
46	138	1.02173
46	144	1.00367
46	154	0.994904
46	161	1.01703
46	167	0.997499
46	168	1.01225
46	171	0.987628
46	173	0.986644
46	174	1.00327
46	175	0.985141
46	180	1.01099
47	82	0.971046
47	93	1.00662
47	99	1.01712
47	140	1.0225
47	142	1.01051
47	149	0.987944
47	153	1.01344
47	158	1.00342
47	166	0.994326
47	167	0.990858
47	174	1.00637
47	176	1.00184
47	178	0.997833
47	179	0.998545
47	180	0.964227
48	13	0.98611
48	64	0.968618
48	115	1.00652
48	118	0.981994
48	123	1.03966
48	128	0.999669
48	132	0.977211
48	141	0.977173
48	158	1.0153
48	165	1.00619
48	170	0.993449
48	174	1.01826
48	177	0.992217
48	179	1.01043
48	180	1.01263
49	9	1.02407
49	10	1.02772
49	20	1.02158
49	21	0.97661
49	62	1.01399
49	91	1.0165
49	92	0.928916
49	109	1.00549
49	115	1.01208
49	124	1.0331
49	137	1.06231
49	142	0.948776
49	152	0.99556
49	167	0.966651
49	174	0.972422
50	12	1.09479
50	40	0.996339
50	65	0.913118
50	76	1.06407
50	107	0.942616
50	118	1.08247
50	128	1.06551
50	144	0.893294
50	158	0.903219
50	160	0.927889
50	163	1.08049
50	164	1.05658
50	168	1.08395
50	170	0.929244
50	176	1.07632
50	179	0.896172
51	3	1.06181
51	8	0.989607
51	94	0.926907
51	97	1.013
51	99	1.11548
51	110	0.908099
51	111	0.908064
51	112	0.933551
51	114	0.907997
51	118	1.04607
51	121	0.987944
51	125	0.966886
51	134	1.03784
51	151	1.07501
51	168	1.05291
51	180	1.06258
52	8	0.879885
52	28	0.873432
52	39	0.846696
52	66	0.926873
52	76	1.06235
52	83	1.07125
52	86	1.03588
52	128	1.06379
52	130	0.992612
52	131	1.07525
52	159	0.931366
52	163	1.07877
52	164	1.05486
52	168	1.08222
52	175	0.959584
52	176	1.0746
53	66	0.9436
53	76	1.02892
53	86	1.08864
53	129	1.05057
53	140	1.07877
53	141	0.938868
53	145	0.937584
53	148	0.956943
53	162	0.959312
53	164	1.08567
53	167	0.964438
53	171	0.979703
53	173	0.979358
53	177	1.05646
53	178	0.971412
53	179	0.972125
54	83	1.08044
54	121	1.00437
54	129	1.08341
54	136	1.05338
54	141	0.92978
54	150	1.08652
54	154	1.09641
54	157	0.971689
54	166	0.958819
54	167	0.955351
54	171	0.970616
54	172	0.954408
54	173	0.970271
54	174	0.970867
54	178	0.962325
54	179	0.963038
55	71	0.846798
55	75	0.871396
55	83	0.94091
55	144	1.05942
55	147	1.06676
55	161	0.922353
55	166	1.06298
55	167	1.05951
55	169	0.966753
55	171	1.07478
55	173	1.07443
55	174	1.07503
55	176	0.951422
55	178	1.06649
55	179	1.0672
55	180	0.913806
56	30	0.999803
56	32	1.04277
56	73	0.886673
56	76	1.14576
56	77	1.13893
56	137	0.905091
56	143	0.900492
56	148	1.16967
56	150	0.926868
56	154	0.926141
56	156	0.944445
56	169	0.929395
56	175	0.916379
56	177	0.921811
56	178	1.14332
56	179	1.1503
56	180	0.942228
57	33	0.968964
57	44	1.03364
57	62	1.05385
57	65	1.02014
57	69	0.875761
57	91	1.05636
57	92	0.96877
57	100	1.0133
57	103	0.974409
57	109	1.04534
57	117	1.04591
57	131	0.967291
57	143	1.05678
57	151	0.973239
57	152	1.03541
57	171	0.954866
57	179	0.973784
58	30	0.90904
58	113	1.01514
58	116	0.935981
58	143	1.02937
58	145	0.990713
58	148	1.01007
58	152	0.957779
58	153	1.04015
58	162	1.01244
58	165	0.974674
58	167	1.01757
58	169	0.98635
58	171	1.03283
58	172	1.01662
58	173	1.03249
58	178	1.02454
58	179	1.02525
59	67	0.909352
59	105	1.0901
59	136	1.12667
59	139	0.918231
59	145	0.898012
59	148	0.917371
59	153	0.947452
59	161	1.13518
59	168	1.11695
59	170	1.17267
59	171	0.940131
59	172	0.923923
59	173	0.939786
59	174	0.940382
59	177	1.1626
59	178	0.93184
59	179	0.932553
60	4	0.963914
60	64	0.931173
60	73	0.977216
60	116	1.04552
60	130	1.00781
60	136	1.03293
60	151	0.973482
60	160	1.02528
60	161	1.03881
60	164	1.02624
60	169	1.01994
60	170	1.01359
60	172	0.963272
60	174	0.970751
60	175	1.00692
60	178	0.967047
60	180	1.03277
61	21	1.02552
61	45	1.02328
61	79	0.920475
61	90	1.04813
61	139	0.967161
61	141	1.00052
61	154	1.01498
61	155	1.0129
61	160	1.02358
61	162	0.985726
61	167	0.945005
61	169	1.01824
61	170	1.01189
61	174	0.950776
61	175	1.00522
61	177	1.01065
61	180	1.03107
62	9	1.05098
62	33	0.956014
62	49	1.01399
62	57	1.05385
62	69	0.88721
62	87	1.04755
62	91	1.04341
62	103	0.961459
62	109	1.03239
62	115	1.03898
62	117	1.03296
62	128	0.97343
62	133	0.999641
62	134	0.947522
62	149	1.01585
62	172	0.974478
62	180	0.972263
63	14	0.983328
63	36	1.07122
63	81	1.02952
63	98	0.895857
63	104	1.04853
63	116	0.941464
63	118	1.02734
63	123	0.995134
63	127	0.957724
63	133	1.01728
63	137	1.03847
63	156	0.962029
63	158	0.958903
63	163	1.02535
63	164	1.00145
63	168	1.02881
63	176	1.02119
64	5	0.941383
64	48	0.968618
64	60	0.931173
64	92	0.974832
64	103	0.98047
64	115	1.05799
64	117	1.05198
64	120	0.996025
64	126	1.02309
64	134	0.893827
64	137	1.01815
64	141	0.978009
64	151	1.03556
64	152	1.04148
64	163	1.04547
64	164	1.02156
64	168	1.04892
65	5	0.888664
65	11	1.02908
65	13	1.02777
65	19	0.94969
65	22	0.97736
65	24	1.03813
65	50	0.913118
65	57	1.02014
65	92	0.922113
65	106	1.23201
65	109	0.998686
65	115	1.00527
65	117	0.999257
65	149	0.982142
65	164	1.04355
65	173	0.971437
65	177	1.01434
65	178	0.984358
66	52	0.926873
66	53	0.9436
66	81	1.03888
66	88	0.994393
66	98	0.942344
66	106	1.23901
66	117	1.00378
66	134	1.0053
66	144	0.975703
66	148	0.968296
66	150	1.01856
66	158	0.988349
66	171	0.991057
66	172	0.974848
66	174	0.991307
66	176	1.02299
66	178	0.982766
66	179	0.983479
67	59	0.909352
67	93	1.02747
67	124	1.05545
67	140	1.04335
67	155	1.05371
67	156	1.00822
67	157	0.997455
67	158	0.993674
67	162	0.975991
67	166	0.984584
67	168	0.975401
67	170	1.03112
67	171	0.996382
67	172	0.980173
67	173	0.996036
67	174	0.996632
67	178	0.988091
67	179	0.988803
68	119	1.07815
68	130	0.945579
68	133	0.870298
68	143	0.938886
68	161	0.851467
68	162	1.06947
68	164	0.9081
68	166	1.07806
68	167	1.07459
68	169	0.895867
68	171	1.08986
68	172	1.07365
68	173	1.08951
68	174	1.09011
68	175	0.912551
68	176	0.880535
68	178	1.08157
68	179	1.08228
69	17	0.946942
69	57	0.875761
69	62	0.88721
69	76	0.871827
69	107	1.07952
69	135	0.932556
69	152	0.887776
69	160	1.08088
69	161	1.09441
69	164	0.928581
69	167	1.07848
69	168	0.853726
69	172	1.07754
69	174	1.09399
69	175	1.06252
69	177	1.06795
69	178	1.08545
69	179	1.08617
70	31	0.96414
70	105	0.967613
70	122	1.06294
70	132	0.957046
70	138	0.978492
70	145	0.955725
70	148	0.975083
70	150	1.03733
70	158	0.995136
70	165	1.04542
70	166	0.986047
70	169	1.05709
70	172	0.981636
70	173	0.997499
70	174	0.998095
70	175	1.07378
70	178	0.989553
70	179	0.990266
71	55	0.846798
71	123	0.922605
71	127	0.900283
71	128	0.882612
71	136	1.09206
71	141	0.940885
71	143	1.05016
71	146	1.10142
71	149	0.926148
71	150	1.07654
71	160	1.08441
71	166	0.895088
71	169	1.07906
71	173	0.874513
71	175	1.06605
71	176	1.08553
71	177	1.07148
71	180	1.0919
72	31	0.968774
72	40	0.903721
72	96	1.0502
72	105	1.01741
72	131	0.984358
72	135	0.964415
72	137	1.10836
72	147	1.01443
72	150	0.974712
72	151	0.977971
72	152	0.983883
72	154	1.05185
72	164	0.963967
72	168	0.991329
72	170	1.05482
72	171	1.00283
72	176	0.983703
72	180	1.00878
73	24	1.11005
73	33	1.21063
73	56	0.886673
73	60	0.977216
73	75	1.01148
73	78	1.05907
73	120	0.94662
73	140	0.950476
73	143	0.919119
73	144	1.06038
73	156	0.963071
73	165	0.954414
73	166	1.06393
73	171	1.04434
73	172	1.0525
73	175	0.935005
73	176	0.954486
73	177	0.940438
73	180	0.960855
74	18	0.933963
74	78	1.08315
74	80	0.958851
74	85	0.954361
74	87	1.14965
74	93	0.949687
74	108	1.07321
74	128	1.07553
74	130	0.93389
74	141	1.1338
74	145	1.14093
74	146	0.968378
74	150	0.943496
74	156	0.961072
74	165	0.952415
74	169	0.946022
74	170	0.939671
74	175	0.933006
74	180	0.958856
75	35	1.07242
75	55	0.871396
75	73	1.01148
75	106	0.95494
75	122	1.04843
75	130	1.04207
75	141	0.965483
75	143	1.0253
75	149	0.950746
75	154	1.05095
75	160	1.05955
75	162	0.950687
75	164	0.971224
75	169	1.05421
75	173	0.899111
75	175	1.04119
75	177	1.04662
75	179	0.919013
75	180	1.06704
76	12	1.00989
76	50	1.06407
76	52	1.06235
76	53	1.02892
76	56	1.14576
76	69	0.871827
76	82	0.987678
76	86	0.952703
76	118	0.997578
76	128	0.980616
76	133	0.987515
76	143	1.05285
76	149	1.00158
76	154	0.999949
76	163	0.995594
76	164	0.971688
76	168	0.99905
76	173	0.949948
76	176	0.991424
76	180	0.95688
77	14	0.972113
77	31	0.91005
77	56	1.13893
77	81	1.01831
77	86	0.97125
77	107	1.00947
77	118	1.01613
77	123	0.98392
77	128	0.999163
77	133	1.00606
77	138	0.978212
77	147	0.955709
77	150	1.00098
77	162	0.994699
77	163	1.01414
77	164	0.990235
77	168	1.0176
77	169	1.003
77	175	1.01969
77	176	1.00997
78	13	0.944846
78	73	1.05907
78	74	1.08315
78	98	0.91421
78	120	1.0347
78	142	1.01355
78	145	0.967052
78	147	1.00115
78	148	0.98641
78	153	1.01649
78	154	1.00031
78	158	1.00646
78	161	0.965786
78	162	0.98878
78	167	0.993906
78	170	1.00328
78	171	1.00917
78	173	1.00883
78	174	1.00942
78	179	1.00159
79	5	1.17799
79	61	0.920475
79	85	0.95341
79	126	1.03236
79	130	1.03051
79	132	0.971615
79	133	0.955224
79	147	1.0044
79	148	0.989653
79	157	1.01349
79	158	1.00971
79	162	0.992023
79	166	1.00062
79	167	0.997148
79	170	0.973887
79	172	0.996205
79	173	1.01207
79	174	1.01266
79	176	0.965462
79	179	1.00484
80	6	0.966955
80	42	1.10778
80	74	0.958851
80	95	0.997072
80	102	0.969183
80	105	1.04375
80	127	0.988138
80	129	1.0177
80	143	0.974669
80	151	0.981725
80	154	1.00032
80	155	0.998238
80	157	0.940851
80	161	1.02244
80	164	1.03448
80	165	1.00996
80	175	0.990556
80	177	0.995988
80	179	0.98227
80	180	1.0164
81	3	0.91871
81	24	0.984547
81	35	0.937419
81	46	1.01296
81	63	1.02952
81	66	1.03888
81	77	1.01831
81	86	0.973289
81	101	0.956676
81	117	1.02036
81	118	1.01816
81	123	0.985959
81	148	1.0343
81	161	1.0105
81	163	1.01618
81	164	0.992274
81	168	1.01964
81	174	1.01165
81	176	1.01201
81	179	1.01492
82	5	1.20542
82	10	0.938157
82	32	1.05501
82	35	0.925335
82	47	0.971046
82	76	0.987678
82	89	0.976256
82	96	1.06642
82	131	1.00058
82	135	0.980638
82	150	0.990934
82	152	1.00011
82	159	0.996687
82	160	0.999959
82	163	1.0041
82	164	0.98019
82	167	0.959196
82	168	1.00755
82	176	0.999925
82	179	0.968243
83	29	0.925363
83	52	1.07125
83	54	1.08044
83	55	0.94091
83	128	0.989518
83	132	1.05427
83	145	1.04213
83	150	0.991335
83	160	0.999206
83	163	1.0045
83	164	0.98059
83	166	0.989199
83	167	0.97948
83	168	1.00795
83	169	0.993861
83	170	0.98751
83	174	0.985251
83	175	0.980845
83	177	0.986278
83	180	1.00669
84	92	1.08011
84	122	1.00345
84	143	1.04062
84	145	0.969675
84	149	0.993615
84	151	0.994318
84	156	0.967799
84	157	1.01287
84	166	0.999997
84	167	0.996529
84	169	0.997603
84	170	0.990697
84	171	1.01179
84	172	0.995586
84	173	1.01145
84	174	1.01204
84	176	0.982272
84	178	1.0035
84	179	1.00422
84	180	0.944657
85	74	0.954361
85	79	0.95341
85	98	1.0732
85	102	0.964692
85	103	1.06708
85	128	0.975183
85	136	1.01207
85	142	0.960065
85	145	1.04059
85	152	0.998393
85	153	0.970882
85	154	0.995828
85	155	0.993747
85	161	1.01795
85	162	1.01866
85	165	1.00547
85	170	0.99273
85	175	0.986065
85	177	0.991498
85	180	1.01191
86	11	1.0152
86	28	1.00008
86	52	1.03588
86	53	1.08864
86	76	0.952703
86	77	0.97125
86	81	0.973289
86	89	1.03758
86	107	1.07601
86	125	0.988541
86	128	0.954143
86	131	0.965606
86	135	0.945663
86	148	1.04894
86	151	0.959219
86	163	0.969121
86	164	0.945215
86	168	0.972577
86	170	1.06264
86	175	1.08623
86	176	0.964951
87	62	1.04755
87	74	1.14965
87	132	0.941086
87	136	1.02378
87	138	0.962533
87	142	0.986268
87	145	0.939766
87	152	1.04812
87	157	0.982958
87	161	1.03229
87	166	0.970087
87	167	0.96662
87	168	1.01407
87	171	0.981885
87	172	0.965676
87	173	0.98154
87	174	0.982135
87	177	1.05971
87	178	0.973594
87	179	0.974306
87	180	1.02374
88	66	0.994393
88	108	1.01892
88	113	1.00812
88	114	0.991606
88	126	1.03091
88	131	1.01941
88	135	0.999464
88	151	1.01302
88	155	0.995023
88	161	0.934937
88	163	1.02292
88	164	0.999016
88	166	1.0187
88	170	0.972431
88	171	1.0305
88	172	1.01429
88	174	1.03075
88	175	0.996021
88	177	0.96236
88	178	1.02221
88	179	1.02292
88	180	0.92639
89	22	1.06126
89	38	0.892624
89	82	0.976256
89	86	1.03758
89	96	0.906931
89	125	0.96811
89	133	0.996814
89	139	1.00671
89	143	0.981503
89	146	1.03276
89	154	1.00715
89	158	1.02591
89	161	1.02928
89	163	0.982247
89	167	1.01335
89	168	0.959762
89	172	1.01241
89	173	1.02827
89	177	1.00282
89	178	1.02032
89	179	1.02104
89	180	1.02324
90	19	0.988219
90	34	1.1083
90	61	1.04813
90	92	0.960642
90	95	0.974737
90	103	0.966281
90	109	1.03721
90	117	1.03779
90	131	0.953442
90	138	0.975123
90	148	0.979308
90	149	1.02067
90	152	1.02729
90	153	0.943831
90	158	0.966982
90	161	1.03951
90	169	1.02064
90	170	1.01429
90	173	0.940033
90	175	1.00763
90	179	0.959935
90	180	1.03348
91	9	1.05349
91	13	1.06399
91	16	0.98963
91	19	0.985907
91	21	1.00602
91	33	0.958523
91	49	1.0165
91	57	1.05636
91	62	1.04341
91	92	0.95833
91	103	0.963968
91	109	1.0349
91	115	1.04149
91	120	1.02176
91	131	0.950779
91	148	0.976645
91	149	1.01836
91	159	0.985716
91	164	1.00948
91	167	0.948226
91	171	0.938354
91	177	0.980273
92	11	0.977713
92	21	0.918439
92	33	0.870938
92	49	0.928916
92	57	0.96877
92	64	0.974832
92	65	0.922113
92	84	1.08011
92	90	0.960642
92	91	0.95833
92	109	0.947317
92	115	0.953906
92	116	1.08648
92	117	0.947888
92	138	1.11206
92	149	0.930773
92	151	1.09633
92	152	0.937388
92	159	1.12532
92	165	1.12518
92	179	1.09687
92	180	1.0839
93	4	0.993708
93	41	0.938041
93	47	1.00662
93	67	1.02747
93	74	0.949687
93	113	0.96179
93	114	1.05607
93	126	0.955116
93	130	0.982275
93	132	1.06956
93	146	1.01676
93	149	1.03555
93	156	1.00946
93	160	0.999753
93	161	1.01328
93	162	1.03549
93	165	1.0008
93	167	0.994774
93	169	0.994408
93	170	0.988057
93	173	0.983919
93	177	0.986824
93	180	1.00724
94	8	1.03359
94	17	0.954412
94	29	1.04497
94	30	0.971818
94	34	0.916694
94	37	1.04038
94	51	0.926907
94	97	1.05698
94	104	0.952319
94	110	0.952085
94	111	0.95205
94	112	0.977537
94	114	0.951982
94	121	1.03193
94	125	1.01087
94	139	1.02226
94	141	1.05562
94	143	1.09215
94	159	1.03759
94	161	1.00473
94	165	1.03745
94	171	0.990233
94	180	0.996181
95	80	0.997072
95	90	0.974737
95	111	1.03838
95	117	0.994632
95	127	0.979161
95	132	0.95882
95	135	1.04538
95	137	0.957105
95	138	0.980266
95	143	1.07219
95	157	1.00069
95	158	0.99691
95	162	0.979227
95	164	1.04141
95	165	1.0175
95	166	0.98782
95	171	0.999618
95	172	0.983409
95	173	0.999273
95	174	0.999868
95	176	1.01384
95	178	0.991327
95	179	0.992039
96	14	1.03231
96	31	0.845943
96	33	1.04629
96	38	1.11227
96	40	0.990187
96	72	1.0502
96	82	1.06642
96	89	0.906931
96	116	0.888526
96	125	1.09376
96	128	1.05936
96	131	1.07082
96	135	1.05088
96	137	0.985527
96	142	0.871997
96	145	0.95252
96	147	0.891602
96	152	1.07035
96	163	1.07434
96	164	1.05043
96	165	0.927219
96	168	1.07779
96	178	0.891938
97	7	0.856734
97	17	1.0405
97	29	1.13106
97	34	1.00278
97	37	1.12647
97	51	1.013
97	94	1.05698
97	104	1.03841
97	110	1.03817
97	111	1.03814
97	112	1.06363
97	114	1.03807
97	116	0.883557
97	120	0.958436
97	121	1.11802
97	124	0.951353
97	125	1.09696
97	143	0.976946
97	149	0.925682
97	151	0.893405
97	159	0.922393
97	164	0.94616
97	179	0.893949
98	63	0.895857
98	66	0.942344
98	78	0.91421
98	85	1.0732
98	113	1.03225
98	139	0.931503
98	143	1.03596
98	149	0.950126
98	150	1.06234
98	151	0.917849
98	153	0.90229
98	154	1.06161
98	155	1.05953
98	159	1.06909
98	161	1.08373
98	165	1.07126
98	169	1.06486
98	174	0.915118
98	175	1.05185
98	177	1.05728
98	178	0.911413
98	179	0.918393
98	180	1.0777
99	39	0.958094
99	47	1.01712
99	51	1.11548
99	100	1.05383
99	106	0.896613
99	122	0.990108
99	130	0.983747
99	136	1.00887
99	137	0.971576
99	143	0.966977
99	154	0.992626
99	161	1.01475
99	162	1.04599
99	165	1.00227
99	170	0.989529
99	172	1.00357
99	173	0.994418
99	175	0.982864
99	176	1.00234
99	177	0.988296
99	178	1.00734
99	179	1.01432
99	180	1.00871
100	13	0.988545
100	32	0.906378
100	57	1.0133
100	99	1.05383
100	104	1.11058
100	119	0.984186
100	131	1.00741
100	133	1.02832
100	134	1.01014
100	144	0.980539
100	145	0.953774
100	158	0.993185
100	160	1.04562
100	162	0.975502
100	166	0.984096
100	167	0.980628
100	171	0.995893
100	172	0.979684
100	173	0.995548
100	174	0.996143
100	176	1.03855
100	178	0.987602
100	179	0.988315
101	25	0.995617
101	81	0.956676
101	115	0.911186
101	120	0.98063
101	127	1.01657
101	130	1.00583
101	134	1.05128
101	140	0.961447
101	145	0.994912
101	147	1.02901
101	148	1.01427
101	153	1.04435
101	155	0.971807
101	156	0.926317
101	157	1.0381
101	159	1.02305
101	160	0.94786
101	171	1.03703
101	172	1.02082
101	173	1.03669
101	174	1.03728
101	176	0.94079
101	178	1.02874
101	179	1.02945
102	38	0.98398
102	80	0.969183
102	85	0.964692
102	107	0.960342
102	124	0.960356
102	129	0.970481
102	132	1.1395
102	138	1.08895
102	147	1.06645
102	151	1.07322
102	155	0.95102
102	156	0.971404
102	160	0.961699
102	165	0.962747
102	166	1.07444
102	167	1.06472
102	169	0.956354
102	170	0.950003
102	171	1.05484
102	173	1.05386
102	175	0.943338
102	176	0.962819
102	177	0.948771
102	180	0.969188
103	10	0.97519
103	11	0.983351
103	13	0.982043
103	21	0.924077
103	44	0.941251
103	57	0.974409
103	62	0.961459
103	64	0.98047
103	85	1.06708
103	90	0.966281
103	91	0.963968
103	105	1.00499
103	109	0.952955
103	115	0.959544
103	117	0.953527
103	137	1.1411
103	149	0.936412
103	152	0.943027
103	154	1.08459
103	159	1.08293
103	166	1.05516
103	169	1.09446
103	172	1.04373
103	180	1.04152
104	23	1.06001
104	34	0.89812
104	63	1.04853
104	94	0.952319
104	97	1.03841
104	100	1.11058
104	110	0.933511
104	111	0.933476
104	112	0.958963
104	114	0.933409
104	118	1.04159
104	120	0.960843
104	121	1.01336
104	122	0.956472
104	142	1.04414
104	144	1.06819
104	149	1.1028
104	154	0.958991
104	160	0.967589
104	165	0.968637
104	171	1.05215
104	177	0.95466
104	179	1.07106
104	180	0.975077
105	59	1.0901
105	70	0.967613
105	72	1.01741
105	80	1.04375
105	103	1.00499
105	108	1.03756
105	112	0.94307
105	113	0.9983
105	123	1.01133
105	138	0.940079
105	140	1.03337
105	148	0.944264
105	160	1.03626
105	162	0.956565
105	163	1.04155
105	164	1.01765
105	166	0.925564
105	168	1.04501
105	171	0.905973
105	174	0.921616
105	175	1.0179
105	176	1.03738
105	177	1.02333
105	180	1.04375
106	12	1.15584
106	43	1.18007
106	65	1.23201
106	66	1.23901
106	75	0.95494
106	99	0.896613
106	116	0.917058
106	130	0.879343
106	140	0.893931
106	142	1.18814
106	146	0.913832
106	154	0.888223
106	155	0.886142
106	156	0.906526
106	160	0.896821
106	161	0.910346
106	165	0.897869
106	169	0.891476
106	172	1.20431
106	173	1.19516
106	175	0.87846
106	177	0.883892
106	178	1.20808
106	180	0.904309
107	18	0.867467
107	50	0.942616
107	69	1.07952
107	77	1.00947
107	86	1.07601
107	102	0.960342
107	121	0.958895
107	129	1.00886
107	130	0.982598
107	135	1.07702
107	136	1.00772
107	140	0.997186
107	153	1.00473
107	155	0.989397
107	158	1.02788
107	159	0.998954
107	161	1.0136
107	167	1.01179
107	169	0.994731
107	170	0.98838
107	175	0.981715
107	176	1.0012
107	177	0.987147
107	179	1.02084
107	180	1.00756
108	6	1.04093
108	24	0.976382
108	30	0.922937
108	35	0.929254
108	41	1.13287
108	43	1.00456
108	44	1.00225
108	74	1.07321
108	88	1.01892
108	105	1.03756
108	109	0.970724
108	128	0.993037
108	131	1.0045
108	135	0.984557
108	136	0.947342
108	145	1.01387
108	151	0.998112
108	152	1.00402
108	159	0.988713
108	162	0.991943
108	163	1.00801
108	164	0.984109
108	168	1.01147
108	175	1.01693
108	180	0.9473
109	5	0.913868
109	10	1.04612
109	19	0.974893
109	33	0.94751
109	41	1.15745
109	49	1.00549
109	57	1.04534
109	62	1.03239
109	65	0.998686
109	90	1.03721
109	91	1.0349
109	92	0.947317
109	103	0.952955
109	108	0.970724
109	115	1.03048
109	117	1.02446
109	134	0.947137
109	139	0.997957
109	142	0.957927
109	149	1.00735
109	151	0.984303
109	169	1.02483
109	172	0.974093
109	176	1.00949
109	178	0.977868
110	3	1.08699
110	8	1.01479
110	17	0.935604
110	22	0.957258
110	29	1.02617
110	34	0.897887
110	37	1.02157
110	51	0.908099
110	94	0.952085
110	97	1.03817
110	104	0.933511
110	111	0.933242
110	112	0.958729
110	114	0.933175
110	121	1.01312
110	125	0.992064
110	149	1.05851
110	154	1.05687
110	160	1.05849
110	161	1.02235
110	172	1.01602
110	175	1.08344
110	176	1.05142
110	178	1.01979
110	179	1.02677
110	180	1.0138
111	3	1.08695
111	8	1.01475
111	17	0.935569
111	22	0.957223
111	29	1.02613
111	34	0.897852
111	37	1.02153
111	43	0.988589
111	51	0.908064
111	94	0.95205
111	95	1.03838
111	97	1.03814
111	104	0.933476
111	110	0.933242
111	112	0.958694
111	114	0.93314
111	121	1.01309
111	125	0.992029
111	137	1.11018
111	159	1.05202
111	169	1.06355
111	170	1.05665
111	174	1.0203
111	176	1.04822
111	179	1.02358
111	180	1.01061
112	3	1.11244
112	8	1.04024
112	17	0.961056
112	29	1.05162
112	34	0.923339
112	37	1.04702
112	51	0.933551
112	94	0.977537
112	97	1.06363
112	104	0.958963
112	105	0.94307
112	110	0.958729
112	111	0.958694
112	114	0.958627
112	121	1.03857
112	125	1.01752
112	135	1.04876
112	141	1.03904
112	154	1.02267
112	156	1.00274
112	161	0.988149
112	166	0.993244
112	172	0.981817
112	174	0.989296
112	179	0.992571
113	1	1.00404
113	27	1.08678
113	41	0.901758
113	58	1.01514
113	88	1.00812
113	93	0.96179
113	98	1.03225
113	105	0.9983
113	121	0.981215
113	136	0.971118
113	137	0.933821
113	141	1.08963
113	144	1.04028
113	145	1.09676
113	146	0.980481
113	152	1.05456
113	153	1.02705
113	156	0.973175
113	159	0.962348
113	160	0.96347
113	165	0.964518
113	166	1.04383
113	175	0.945109
113	176	0.96459
113	177	0.950541
113	178	1.03618
114	3	1.08688
114	8	1.01468
114	17	0.935502
114	22	0.957155
114	29	1.02606
114	34	0.897784
114	37	1.02147
114	51	0.907997
114	88	0.991606
114	93	1.05607
114	94	0.951982
114	97	1.03807
114	104	0.933409
114	110	0.933175
114	111	0.93314
114	112	0.958627
114	121	1.01302
114	122	1.07247
114	125	0.991962
114	150	1.04685
114	151	1.02609
114	152	1.03805
114	160	1.05836
114	164	1.07885
114	171	1.00772
114	178	1.01966
115	5	0.920457
115	10	1.05271
115	13	1.05957
115	19	0.981483
115	44	1.01877
115	48	1.00652
115	49	1.01208
115	62	1.03898
115	64	1.05799
115	65	1.00527
115	91	1.04149
115	92	0.953906
115	101	0.911186
115	103	0.959544
115	109	1.03048
115	117	1.03105
115	119	0.961617
115	129	0.986541
115	140	1.01474
115	146	0.97307
115	149	1.01393
115	152	1.02055
115	159	0.997879
115	160	1.00115
115	166	0.970108
115	176	0.994081
115	177	0.992436
116	5	1.20118
116	31	1.07156
116	58	0.935981
116	60	1.04552
116	63	0.941464
116	92	1.08648
116	96	0.888526
116	97	0.883557
116	106	0.917058
116	122	1.01055
116	140	1.01878
116	143	0.987422
116	150	1.0138
116	154	1.01307
116	155	1.01099
116	160	1.02167
116	162	0.995675
116	164	1.01621
116	168	0.941357
116	169	1.01632
116	170	1.00997
116	171	0.945083
116	174	0.960726
116	175	1.00331
116	176	1.02279
116	177	1.00874
116	180	1.02916
117	2	0.959656
117	10	1.0467
117	13	1.05355
117	21	0.995583
117	22	1.00314
117	33	0.948082
117	36	0.937843
117	44	1.01276
117	57	1.04591
117	62	1.03296
117	64	1.05198
117	65	0.999257
117	66	1.00378
117	81	1.02036
117	90	1.03779
117	92	0.947888
117	95	0.994632
117	103	0.953527
117	109	1.02446
117	115	1.03105
117	121	0.917888
117	123	1.00802
117	152	1.01453
117	159	1.00827
117	162	1.0115
117	167	0.970783
117	180	0.96686
118	35	0.935236
118	38	1.05193
118	48	0.981994
118	50	1.08247
118	51	1.04607
118	63	1.02734
118	76	0.997578
118	77	1.01613
118	81	1.01816
118	104	1.04159
118	122	0.99074
118	123	0.983776
118	125	1.03342
118	133	1.00592
118	135	0.990539
118	137	1.03152
118	140	0.990217
118	151	1.00409
118	152	1.01001
118	158	0.951961
118	162	0.976588
118	163	1.014
118	166	0.945587
118	168	1.01745
118	171	0.925996
118	173	0.925012
118	176	1.00983
119	14	1.06491
119	27	0.834262
119	68	1.07815
119	100	0.984186
119	115	0.961617
119	128	0.954771
119	129	0.98368
119	130	1.05626
119	131	0.960082
119	134	1.0297
119	138	0.996101
119	144	1.0001
119	147	1.00744
119	148	0.992693
119	150	0.986787
119	153	1.02277
119	157	1.01653
119	158	1.01275
119	160	0.998291
119	167	1.00019
119	169	1.00655
119	171	1.01545
119	173	1.01511
119	174	1.0157
119	177	0.989575
119	178	1.00716
119	179	1.00787
120	64	0.996025
120	73	0.94662
120	78	1.0347
120	91	1.02176
120	97	0.958436
120	101	0.98063
120	104	0.960843
120	140	0.991797
120	144	1.036
120	146	1.0117
120	148	1.05825
120	150	0.986815
120	154	0.986089
120	155	0.984008
120	156	1.00439
120	160	0.994687
120	161	1.00821
120	165	0.995735
120	166	1.03955
120	168	1.01624
120	169	0.989342
120	170	0.982991
120	171	1.01996
120	174	1.0356
120	175	0.976326
120	176	0.995807
120	177	0.981758
120	180	1.00218
121	3	1.16683
121	8	1.09463
121	12	0.853228
121	17	1.01545
121	22	1.0371
121	29	1.10601
121	34	0.977731
121	37	1.10141
121	51	0.987944
121	54	1.00437
121	94	1.03193
121	97	1.11802
121	104	1.01336
121	107	0.958895
121	110	1.01312
121	111	1.01309
121	112	1.03857
121	113	0.981215
121	114	1.01302
121	117	0.917888
121	125	1.07191
121	129	0.929556
121	146	0.916085
121	155	0.968114
121	158	0.919498
121	176	0.937097
121	178	0.905471
121	179	0.912451
122	26	0.970743
122	70	1.06294
122	75	1.04843
122	84	1.00345
122	99	0.990108
122	104	0.956472
122	114	1.07247
122	116	1.01055
122	118	0.99074
122	124	0.988973
122	127	1.02609
122	129	0.999098
122	137	0.960668
122	140	0.987426
122	146	1.00733
122	155	0.979637
122	157	0.9788
122	160	0.990316
122	163	1.02006
122	167	1.01117
122	169	0.984971
122	170	0.97862
122	171	1.0013
122	172	1.00946
122	175	0.971955
122	177	0.977388
122	179	1.02022
122	180	0.997805
123	32	1.03271
123	34	1.15095
123	36	1.02766
123	38	1.01972
123	46	0.978571
123	48	1.03966
123	63	0.995134
123	71	0.922605
123	77	0.98392
123	81	0.985959
123	105	1.01133
123	117	1.00802
123	118	0.983776
123	128	0.966813
123	133	0.973712
123	135	0.958334
123	136	0.989655
123	152	0.977801
123	159	1.03103
123	163	0.981791
123	164	0.957885
123	167	0.993536
123	168	0.985247
123	169	1.04256
123	173	0.98268
123	175	1.05924
123	176	0.977621
123	180	0.989613
124	23	1.02074
124	26	0.980516
124	38	0.942015
124	49	1.0331
124	67	1.05545
124	97	0.951353
124	102	0.960356
124	122	0.988973
124	126	0.955453
124	130	0.982612
124	136	1.00774
124	140	0.9972
124	143	0.965842
124	149	1.06353
124	154	0.991492
124	156	1.00979
124	158	1.03884
124	160	1.00009
124	165	1.00114
124	166	1.03247
124	169	0.994745
124	170	0.988394
124	173	1.01189
124	174	1.02852
124	175	0.981729
124	177	0.987161
124	178	1.02482
124	180	1.00758
125	39	0.903871
125	51	0.966886
125	86	0.988541
125	89	0.96811
125	94	1.01087
125	96	1.09376
125	97	1.09696
125	110	0.992064
125	111	0.992029
125	112	1.01752
125	114	0.991962
125	118	1.03342
125	121	1.07191
125	131	1.02792
125	133	1.02335
125	143	1.04309
125	147	0.952781
125	150	1.01827
125	159	0.988541
125	163	1.03143
125	164	1.00753
125	165	0.988398
125	167	0.95105
125	168	1.03489
125	169	1.00007
125	172	0.949342
125	174	0.956822
125	178	0.953117
125	179	0.960097
126	19	1.09694
126	27	1.08011
126	30	1.02186
126	64	1.02309
126	79	1.03236
126	88	1.03091
126	93	0.955116
126	124	0.955453
126	128	1.05414
126	129	0.965578
126	139	1.07905
126	144	1.06306
126	146	0.973807
126	148	1.08531
126	154	0.948198
126	155	0.946117
126	156	0.966501
126	157	1.02452
126	159	0.955674
126	161	0.970321
126	165	0.957844
126	169	0.951451
126	170	0.9451
126	173	1.04604
126	175	0.938435
126	176	0.957916
126	177	0.943867
126	178	1.05896
126	180	0.964284
127	24	1.02706
127	25	1.05973
127	39	1.04098
127	63	0.957724
127	71	0.900283
127	80	0.988138
127	95	0.979161
127	101	1.01657
127	122	1.02609
127	136	0.967334
127	138	0.987352
127	139	0.984803
127	148	0.983943
127	150	1.00047
127	151	0.989227
127	153	1.01402
127	157	1.00778
127	158	1.004
127	159	0.992718
127	160	1.01198
127	162	0.986313
127	165	1.00856
127	166	0.994907
127	169	1.02024
127	171	1.0067
127	173	1.00636
127	174	1.00695
127	175	1.03692
127	178	0.998413
127	179	0.999125
128	5	1.19976
128	24	0.965402
128	36	1.0429
128	48	0.999669
128	50	1.06551
128	52	1.06379
128	62	0.97343
128	71	0.882612
128	74	1.07553
128	76	0.980616
128	77	0.999163
128	83	0.989518
128	85	0.975183
128	86	0.954143
128	96	1.05936
128	108	0.993037
128	119	0.954771
128	123	0.966813
128	126	1.05414
128	131	0.993519
128	133	0.988955
128	135	0.973577
128	148	0.981963
128	161	0.958167
128	163	0.997034
128	164	0.973128
128	168	1.00049
128	176	0.992864
128	177	0.98559
128	179	0.962589
129	23	0.980443
129	41	0.948504
129	53	1.05057
129	54	1.08341
129	80	1.0177
129	102	0.970481
129	107	1.00886
129	115	0.986541
129	119	0.98368
129	121	0.929556
129	122	0.999098
129	126	0.965578
129	135	1.04768
129	136	1.01786
129	140	1.00733
129	143	0.975968
129	146	1.02723
129	147	0.984182
129	155	0.999536
129	156	1.01992
129	157	0.950079
129	164	1.04371
129	165	1.01126
129	169	1.00487
129	170	0.998519
129	171	0.97258
129	176	1.01133
129	177	0.997287
129	178	0.984518
129	180	1.0177
130	7	1.02687
130	52	0.992612
130	60	1.00781
130	68	0.945579
130	74	0.93389
130	75	1.04207
130	79	1.03051
130	93	0.982275
130	99	0.983747
130	101	1.00583
130	106	0.879343
130	107	0.982598
130	119	1.05626
130	124	0.982612
130	136	0.991603
130	141	1.11055
130	142	1.03716
130	144	1.0612
130	154	0.975357
130	155	0.973276
130	157	1.02266
130	159	0.982833
130	160	0.983955
130	161	0.99748
130	169	0.97861
130	170	0.972259
130	172	1.05333
130	176	0.985075
130	177	0.971027
130	178	1.0571
130	180	0.991444
131	12	1.0228
131	15	1.03925
131	24	0.976865
131	38	1.04643
131	43	1.00505
131	46	1.00528
131	52	1.07525
131	57	0.967291
131	72	0.984358
131	82	1.00058
131	86	0.965606
131	88	1.01941
131	90	0.953442
131	91	0.950779
131	96	1.07082
131	100	1.00741
131	108	1.0045
131	119	0.960082
131	125	1.02792
131	128	0.993519
131	133	1.00042
131	135	0.985039
131	137	1.05451
131	147	0.960584
131	150	0.995336
131	154	0.997999
131	155	1.02356
131	161	0.963478
131	163	1.0085
131	166	0.968573
131	168	1.01195
131	174	0.964625
132	1	1.04951
132	20	0.942507
132	27	0.907822
132	31	0.98716
132	48	0.977211
132	70	0.957046
132	79	0.971615
132	83	1.05427
132	87	0.941086
132	93	1.06956
132	95	0.95882
132	102	1.1395
132	134	1.00061
132	138	0.96701
132	139	0.964462
132	141	0.945526
132	151	0.968885
132	153	0.993683
132	157	0.987435
132	161	1.03571
132	162	0.965971
132	163	1.03998
132	165	1.06844
132	166	0.974565
132	171	0.986362
132	172	0.970154
132	173	0.986017
132	174	0.986613
132	175	1.0968
132	176	1.06478
132	177	1.06314
132	178	0.978071
132	179	0.978784
132	180	1.02716
133	6	1.03685
133	12	1.01823
133	30	0.951468
133	32	1.05485
133	34	1.13717
133	40	0.919781
133	42	1.11431
133	43	1.00048
133	44	0.998167
133	62	0.999641
133	63	1.01728
133	68	0.870298
133	76	0.987515
133	77	1.00606
133	79	0.955224
133	89	0.996814
133	100	1.02832
133	118	1.00592
133	123	0.973712
133	125	1.02335
133	128	0.988955
133	131	1.00042
133	134	0.95109
133	135	0.980475
133	147	0.981485
133	151	0.99403
133	152	0.999943
133	154	1.0189
133	156	0.998974
133	159	1.01724
133	163	1.00393
133	164	0.980027
133	168	1.00739
133	176	0.999763
133	179	0.988801
134	24	0.983476
134	51	1.03784
134	62	0.947522
134	64	0.893827
134	66	1.0053
134	100	1.01014
134	101	1.05128
134	109	0.947137
134	119	1.0297
134	132	1.00061
134	133	0.95109
134	136	0.923754
134	141	1.00057
134	144	1.02605
134	147	1.03339
134	151	1.02393
134	152	0.948088
134	153	1.04873
134	155	0.992345
134	156	0.946855
134	157	1.04248
134	158	1.0387
134	162	1.02101
134	164	0.988892
134	166	1.02961
134	167	1.02614
134	171	1.04141
134	172	1.0252
134	173	1.04106
134	174	1.04166
134	175	0.993343
134	176	0.961328
134	177	0.959682
134	178	1.03311
134	179	1.03383
134	180	0.923712
135	4	1.02047
135	29	0.967415
135	32	1.03947
135	40	0.904402
135	43	0.985103
135	46	0.985334
135	69	0.932556
135	72	0.964415
135	82	0.980638
135	86	0.945663
