1	7	1.09177
1	8	1.08761
1	40	1.08255
1	46	0.975334
1	47	1.08263
1	57	1.04616
1	62	1.07894
1	108	1.04193
1	118	1.08293
1	128	1.00613
1	158	1.14559
1	164	1.24127
2	95	1.17309
2	106	0.80095
2	109	0.838396
2	151	1.03405
2	161	0.952909
2	170	0.8992
2	174	0.979904
2	176	0.929346
2	177	0.913429
2	178	0.908647
2	179	0.880241
2	180	0.907746
3	45	0.606947
3	57	0.801626
3	58	1.21806
3	110	0.643646
3	123	0.684349
3	163	1.03089
3	164	1.12261
3	175	1.03302
3	176	1.01849
3	178	0.997793
3	179	0.969387
3	180	0.996892
4	6	0.980481
4	33	0.885617
4	44	0.974925
4	72	0.976907
4	83	0.910588
4	87	0.964493
4	97	0.941047
4	99	0.869447
4	130	0.913719
4	149	1.27033
4	158	1.27207
4	163	1.79693
5	30	0.854916
5	42	1.08855
5	48	1.10443
5	52	1.05829
5	53	0.96668
5	66	1.04163
5	73	1.00638
5	76	1.06505
5	127	0.858999
5	132	1.06985
5	166	1.21831
5	178	1.53901
6	4	0.980481
6	27	1.04037
6	59	1.05091
6	83	1.0558
6	84	1.11707
6	88	1.02149
6	97	1.08626
6	99	1.01466
6	118	1.02083
6	130	1.05893
6	166	1.30693
6	171	1.1802
7	1	1.09177
7	10	1.08382
7	40	1.07822
7	46	0.971007
7	47	1.0783
7	57	1.04183
7	93	1.055
7	117	0.970286
7	128	1.0018
7	166	1.11313
7	171	0.986394
7	177	1.49411
8	1	1.08761
8	29	1.12243
8	40	1.07406
8	46	0.966851
8	47	1.07414
8	57	1.03768
8	107	0.871184
8	108	1.03345
8	128	0.997644
8	133	0.968292
8	164	1.02433
8	172	1.74491
9	32	1.03151
9	75	1.06943
9	80	1.04649
9	86	1.09987
9	125	1.03941
9	126	0.960526
9	135	1.0729
9	138	1.05864
9	164	1.05907
9	165	0.9992
9	171	1.06011
9	176	1.4903
10	7	1.08382
10	14	0.635873
10	29	1.12297
10	40	1.07461
10	46	0.967392
10	47	1.07468
10	57	1.03822
10	108	1.03399
10	128	0.998185
10	152	1.04298
10	175	1.39173
10	176	1.46787
11	122	1.05156
11	134	0.955653
11	137	1.05211
11	141	1.06759
11	142	1.00866
11	143	1.07089
11	144	1.05887
11	146	1.05897
11	151	0.894921
11	166	1.00944
11	175	1.27787
11	177	1.43153
12	17	0.856307
12	22	0.93135
12	28	0.928411
12	43	0.983419
12	67	0.908622
12	69	0.971979
12	84	0.974159
12	133	1.25083
12	135	0.937463
12	141	0.941547
12	151	1.27901
12	160	1.81921
13	53	1.17204
13	75	0.724555
13	143	0.931292
13	164	1.02449
13	165	0.96784
13	169	0.968643
13	172	0.887234
13	174	0.97093
13	177	0.904455
13	178	0.899672
13	179	0.871267
13	180	0.898771
14	10	0.635873
14	41	1.10775
14	52	0.525686
14	130	0.669415
14	151	1.15242
14	173	0.994049
14	174	1.09827
14	175	1.06224
14	176	1.04771
14	178	1.02701
14	179	0.998609
14	180	1.02611
15	30	1.20233
15	78	0.936667
15	81	0.932841
15	82	0.945025
15	94	0.888891
15	106	0.96246
15	109	0.945774
15	114	0.957424
15	134	1.47083
15	154	0.925686
15	157	0.92022
15	166	1.56573
16	23	0.930746
16	72	0.974895
16	83	0.908576
16	84	0.969845
16	87	0.962481
16	97	0.939035
16	99	0.867435
16	122	0.921195
16	130	0.911707
16	173	1.77459
16	176	1.25354
16	177	1.33106
17	12	0.856307
17	22	0.947784
17	43	0.999853
17	67	0.925056
17	69	0.988414
17	85	0.83296
17	93	0.947656
17	100	1.7434
17	135	0.953897
17	141	0.957982
17	147	1.26414
17	149	1.31276
18	56	0.644006
18	57	0.85471
18	66	0.8303
18	134	1.10337
18	135	0.667501
18	140	1.0709
18	172	0.977829
18	173	0.957301
18	174	1.06152
18	177	0.99505
18	178	0.990267
18	179	0.961861
18	180	0.989366
19	81	1.00525
19	82	1.01744
19	95	0.95947
19	102	1.07833
19	103	1.00973
19	106	1.03487
19	109	1.01819
19	154	0.998099
19	157	0.992633
19	158	0.575843
19	173	1.6238
19	178	1.12
19	179	1.5828
20	85	1.6113
20	95	0.967656
20	106	1.04306
20	109	1.02637
20	129	0.963257
20	130	1.01077
20	142	0.977364
20	144	1.02757
20	146	1.02768
20	154	1.00628
20	157	1.00082
20	167	1.27333
20	171	1.04286
21	35	1.11411
21	42	1.03957
21	45	1.05614
21	52	1.00931
21	53	0.9177
21	66	0.992652
21	68	0.843583
21	73	0.957402
21	76	1.01607
21	108	1.00723
21	145	1.19463
21	161	1.43849
21	175	1.42335
22	12	0.93135
22	17	0.947784
22	28	1.01989
22	43	1.0749
22	67	1.0001
22	69	1.06346
22	93	1.0227
22	121	1.08616
22	127	0.981688
22	135	1.02894
22	141	1.03302
22	158	1.11754
22	178	1.6617
23	16	0.930746
23	27	0.992651
23	44	1.07241
23	83	1.00808
23	87	1.06198
23	97	1.03854
23	99	0.966937
23	107	0.781117
23	122	1.0207
23	130	1.01121
23	150	0.866828
23	160	1.4466
23	179	1.84554
24	42	1.17412
24	45	1.19068
24	51	0.831635
24	52	1.14385
24	53	1.05224
24	73	1.09194
24	76	1.15061
24	108	1.14177
24	127	0.785136
24	132	1.15541
24	151	0.988813
24	167	1.24818
24	169	1.27645
25	55	0.948104
25	81	1.01599
25	95	0.97021
25	102	1.08907
25	103	1.02047
25	106	1.04561
25	109	1.02893
25	119	0.98626
25	147	0.833834
25	157	1.00337
25	160	1.49221
25	161	1.3501
25	167	1.21138
26	90	1.75036
26	124	0.93094
26	144	1.66313
26	164	0.901821
26	168	0.760282
26	169	0.845973
26	171	0.889839
26	174	0.84826
26	175	0.81223
26	176	0.797702
26	177	0.781785
26	179	0.748597
26	180	0.776102
27	6	1.04037
27	23	0.992651
27	34	1.06377
27	44	1.03482
27	72	1.0368
27	83	0.970481
27	84	1.03175
27	97	1.00094
27	99	0.929341
27	140	1.05539
27	160	1.27923
27	177	1.27564
27	180	1.31465
28	12	0.928411
28	22	1.01989
28	43	1.07196
28	51	1.01508
28	67	0.99716
28	69	1.06052
28	84	1.0627
28	85	0.905064
28	133	1.14408
28	135	1.026
28	141	1.03009
28	150	1.13268
28	176	1.63134
29	8	1.12243
29	10	1.12297
29	40	1.11737
29	46	1.01016
29	47	1.11745
29	57	1.08098
29	93	1.09415
29	108	1.07675
29	117	1.14842
29	118	1.00516
29	127	0.931953
29	128	1.04095
29	145	1.28985
29	147	1.01745
30	5	0.854916
30	15	1.20233
30	45	0.85718
30	135	0.86465
30	149	1.12207
30	150	1.09636
30	169	1.01759
30	170	0.939176
30	172	0.936184
30	173	0.915657
30	177	0.953405
30	178	0.948622
30	179	0.920217
30	180	0.947721
31	32	0.959243
31	65	0.972093
31	70	1.37732
31	75	0.997165
31	80	0.974217
31	86	1.0276
31	114	1.00644
31	125	0.96714
31	131	1.01893
31	138	0.986372
31	147	1.07934
31	158	1.12969
31	161	1.5956
31	165	0.92693
32	9	1.03151
32	31	0.959243
32	65	0.965133
32	80	0.967256
32	86	1.02064
32	117	1.37862
32	125	0.960179
32	129	1.31512
32	131	1.01197
32	135	0.993668
32	136	1.19638
32	138	0.979411
32	158	1.29801
32	165	0.91997
33	4	0.885617
33	34	1.05422
33	59	0.95605
33	72	1.02726
33	83	0.960936
33	84	1.02221
33	87	1.01484
33	97	0.991395
33	99	0.919796
33	124	1.06494
33	130	0.964068
33	171	1.07414
33	176	1.50433
33	178	1.52157
34	27	1.06377
34	33	1.05422
34	51	0.880576
34	59	1.07431
34	72	1.14551
34	79	0.830368
34	83	1.07919
34	87	1.1331
34	97	1.10965
34	99	1.03805
34	122	1.09181
34	147	0.919577
34	153	0.973542
34	170	1.82881
35	21	1.11411
35	48	1.14287
35	52	1.09673
35	53	1.00512
35	66	1.08007
35	73	1.04482
35	76	1.10349
35	85	1.1991
35	108	1.09465
35	120	0.877567
35	127	0.398088
35	132	1.10829
35	168	1.58363
35	170	1.39282
36	65	0.999813
36	75	1.02488
36	80	1.00194
36	86	1.05532
36	125	0.99486
36	131	1.04665
36	135	1.02835
36	138	1.01409
36	151	1.08208
36	152	1.11627
36	156	1.44223
36	165	0.95465
36	174	1.23883
37	50	1.02727
37	78	1.08472
37	81	1.08089
37	95	1.03511
37	102	1.15397
37	103	1.08537
37	106	1.11051
37	109	1.09383
37	114	1.10548
37	124	0.968739
37	148	0.856117
37	154	1.07374
37	166	1.10468
37	178	1.42538
38	67	1.02172
38	69	1.08508
38	90	1.01097
38	94	1.24682
38	96	1.06112
38	135	1.05056
38	136	0.902782
38	141	1.05465
38	147	0.954052
38	150	1.05643
38	159	1.0527
38	161	1.47032
39	56	0.988664
39	60	0.96369
39	64	0.967137
39	90	0.952713
39	96	1.00287
39	121	1.22623
39	125	0.958817
39	126	1.25474
39	131	1.01061
39	138	0.978049
39	148	1.23251
39	150	0.998174
39	157	1.42932
39	159	0.994446
40	1	1.08255
40	7	1.07822
40	8	1.07406
40	10	1.07461
40	29	1.11737
40	46	0.961788
40	57	1.03261
40	79	0.915056
40	88	0.992629
40	93	1.04579
40	108	1.02839
40	128	0.99258
40	151	1.12244
40	152	1.15663
40	175	1.50539
41	14	1.10775
41	89	0.941643
41	101	0.967207
41	110	0.965149
41	115	1.46345
41	118	1.35019
41	127	1.27698
41	137	0.963067
41	139	0.954639
41	142	0.919613
41	143	0.981844
41	144	0.969824
41	146	0.969925
41	154	0.948534
41	166	0.92039
42	5	1.08855
42	21	1.03957
42	24	1.17412
42	45	1.06902
42	48	1.06833
42	52	1.02219
42	66	1.00553
42	73	0.970281
42	76	1.02895
42	94	1.18575
42	120	1.28696
42	132	1.03374
42	153	0.946946
42	157	1.11504
42	166	1.16679
43	12	0.983419
43	17	0.999853
43	22	1.0749
43	28	1.07196
43	67	1.05217
43	69	1.11553
43	85	0.960072
43	93	1.07477
43	112	0.791809
43	135	1.08101
43	141	1.08509
43	155	0.962722
43	169	1.02198
43	179	1.67348
43	180	1.30996
44	4	0.974925
44	23	1.07241
44	27	1.03482
44	59	1.04536
44	83	1.05024
44	87	1.10415
44	97	1.0807
44	99	1.0091
44	122	1.06286
44	130	1.05338
44	149	0.813191
44	164	0.910609
44	166	1.03838
44	172	1.63119
44	176	1.34183
45	3	0.606947
45	21	1.05614
45	24	1.19068
45	30	0.85718
45	42	1.06902
45	48	1.08489
45	53	0.947142
45	66	1.02209
45	73	0.986844
45	76	1.04551
45	100	1.42602
45	108	1.03667
45	124	1.08464
45	132	1.05031
45	166	1.22057
46	1	0.975334
46	7	0.971007
46	8	0.966851
46	10	0.967392
46	29	1.01016
46	40	0.961788
46	47	0.961867
46	57	0.9254
46	79	1.11214
46	93	0.938573
46	108	0.921172
46	128	0.885367
46	133	1.29134
46	165	1.60193
46	174	1.47628
47	1	1.08263
47	7	1.0783
47	8	1.07414
47	10	1.07468
47	29	1.11745
47	46	0.961867
47	57	1.03269
47	62	0.692046
47	93	1.04586
47	108	1.02846
47	117	0.839303
47	128	0.992659
47	160	1.36671
47	172	1.57496
47	176	1.2856
48	5	1.10443
48	35	1.14287
48	42	1.06833
48	45	1.08489
48	52	1.03807
48	53	0.946456
48	66	1.02141
48	70	1.22763
48	73	0.986158
48	76	1.04483
48	88	0.918008
48	132	1.04962
48	164	1.07568
48	171	1.07672
48	175	1.43077
49	56	1.07546
49	60	1.05049
49	70	0.987522
49	71	1.02811
49	90	1.03951
49	96	1.08966
49	128	1.01965
49	138	1.06485
49	149	0.99191
49	150	1.08497
49	152	1.09566
49	159	1.08124
49	164	1.08933
49	169	1.3491
49	174	1.21822
50	37	1.02727
50	69	0.878077
50	110	1.17987
50	112	1.03991
50	145	1.01112
50	146	0.969961
50	167	0.974646
50	168	0.896224
50	170	0.903497
50	172	0.900506
50	173	0.879978
50	175	0.948171
50	176	0.933643
50	178	0.912944
50	179	0.884538
50	180	0.912043
51	24	0.831635
51	28	1.01508
51	34	0.880576
51	130	0.885149
51	131	0.661439
51	161	1.04382
51	163	1.03265
51	167	1.06126
51	168	0.982835
51	171	1.11239
51	173	0.966589
51	176	1.02025
51	177	1.00434
51	178	0.999555
51	179	0.971149
51	180	0.998654
52	5	1.05829
52	14	0.525686
52	21	1.00931
52	24	1.14385
52	35	1.09673
52	42	1.02219
52	48	1.03807
52	53	0.900315
52	58	0.584904
52	66	0.975267
52	73	0.940017
52	76	0.998686
52	132	1.00348
52	166	1.05423
52	168	1.88046
52	170	1.68965
53	5	0.96668
53	13	1.17204
53	21	0.9177
53	24	1.05224
53	35	1.00512
53	45	0.947142
53	48	0.946456
53	52	0.900315
53	66	0.883658
53	73	0.848408
53	76	0.907077
53	108	0.898238
53	132	0.911871
53	150	1.20643
53	160	1.7862
53	174	1.40276
54	77	0.962252
54	92	0.986653
54	98	0.900366
54	113	0.924397
54	123	0.903493
54	124	1.28851
54	130	0.928792
54	137	0.938838
54	139	0.93041
54	142	0.895384
54	143	0.957615
54	144	0.945595
54	146	0.945696
54	157	1.3727
54	171	1.29771
54	177	1.80542
55	25	0.948104
55	78	0.933444
55	81	0.929618
55	82	0.941802
55	95	0.883834
55	102	1.0027
55	103	0.934093
55	106	0.959237
55	109	0.942551
55	119	0.899884
55	126	0.872846
55	140	1.25989
55	154	0.922463
55	157	0.916996
55	168	1.9254
55	170	1.73459
56	18	0.644006
56	39	0.988664
56	49	1.07546
56	64	1.00624
56	71	0.980424
56	90	0.991818
56	96	1.04197
56	128	0.971965
56	131	1.04971
56	136	0.879469
56	138	1.01716
56	150	1.03728
56	151	1.04892
56	159	1.03355
56	177	1.58552
56	180	1.62453
57	1	1.04616
57	3	0.801626
57	7	1.04183
57	8	1.03768
57	10	1.03822
57	18	0.85471
57	29	1.08098
57	40	1.03261
57	46	0.9254
57	47	1.03269
57	93	1.0094
57	108	0.991997
57	126	1.18893
57	128	0.956192
57	147	1.14144
57	167	1.51898
58	3	1.21806
58	52	0.584904
58	90	0.700994
58	91	0.910728
58	99	0.830472
58	123	0.828647
58	158	1.10751
58	166	1.05938
58	170	0.962139
58	173	0.93862
58	174	1.04284
58	175	1.00681
58	177	0.976368
58	178	0.971586
58	179	0.94318
58	180	0.970684
59	6	1.05091
59	33	0.95605
59	34	1.07431
59	44	1.04536
59	72	1.04734
59	84	1.04229
59	87	1.03493
59	97	1.01148
59	99	0.939881
59	107	0.948098
59	122	0.993641
59	130	0.984153
59	151	1.07338
59	152	1.10758
59	166	1.22902
59	180	1.649
60	39	0.96369
60	49	1.05049
60	64	0.981269
60	71	0.95545
60	90	0.966844
60	94	1.34165
60	96	1.017
60	125	0.972949
60	128	0.946991
60	131	1.02474
60	138	0.992181
60	147	1.04888
60	149	1.0975
60	150	1.01231
60	151	1.16706
60	159	1.00858
60	178	1.64339
61	72	0.906268
61	94	0.94672
61	97	1.05115
61	99	1.115
61	103	1.0612
61	151	0.992981
61	153	1.03982
61	156	0.935145
61	161	0.911839
61	167	0.929279
61	173	0.834611
61	174	0.938834
61	175	0.902803
61	176	0.888275
61	177	0.872359
61	179	0.839171
61	180	0.866675
62	1	1.07894
62	47	0.692046
62	84	0.888809
62	154	0.960589
62	155	1.0601
62	158	1.10515
62	159	0.77351
62	168	0.952511
62	170	0.959785
62	173	0.936266
62	174	1.04049
62	175	1.00446
62	176	0.98993
62	177	0.974014
62	178	0.969231
62	179	0.940826
62	180	0.96833
63	92	1.03376
63	101	0.990086
63	110	0.988028
63	123	0.950601
63	132	0.987332
63	136	0.952384
63	139	0.977518
63	142	0.942492
63	143	1.00472
63	144	0.992702
63	146	0.992804
63	147	1.0349
63	159	0.999481
63	162	1.08509
63	163	1.57887
63	164	1.14969
63	176	1.58092
64	39	0.967137
64	56	1.00624
64	60	0.981269
64	71	0.958897
64	90	0.970292
64	96	1.02044
64	112	1.12277
64	125	0.976396
64	128	0.950438
64	131	1.02819
64	138	0.995628
64	147	0.947125
64	150	1.01575
64	155	1.29368
64	159	1.01202
64	170	1.85636
64	171	1.0942
65	31	0.972093
65	32	0.965133
65	36	0.999813
65	75	1.00306
65	79	1.02404
65	80	0.980107
65	86	1.03349
65	107	1.10614
65	118	1.01725
65	125	0.97303
65	131	1.02482
65	135	1.00652
65	138	0.992262
65	162	1.19468
65	165	0.932821
65	167	1.49079
65	169	1.51906
66	5	1.04163
66	18	0.8303
66	21	0.992652
66	35	1.08007
66	42	1.00553
66	45	1.02209
66	48	1.02141
66	52	0.975267
66	53	0.883658
66	73	0.92336
66	76	0.982029
66	108	0.97319
66	129	1.1845
66	132	0.986823
66	153	1.171
66	158	1.16739
66	178	1.71154
67	12	0.908622
67	17	0.925056
67	22	1.0001
67	28	0.99716
67	38	1.02172
67	43	1.05217
67	68	0.979959
67	69	1.04073
67	84	1.04291
67	85	0.885275
67	93	0.999971
67	129	1.12608
67	135	1.00621
67	141	1.0103
67	152	1.21097
67	161	1.57487
67	167	1.43615
68	21	0.843583
68	67	0.979959
68	71	0.97301
68	77	0.749334
68	108	0.785651
68	129	1.08589
68	152	1.04132
68	156	0.995311
68	158	1.06367
68	162	1.06997
68	167	0.989445
68	170	0.918296
68	172	0.915305
68	174	0.999
68	175	0.96297
68	178	0.927743
68	180	0.926841
69	12	0.971979
69	17	0.988414
69	22	1.06346
69	28	1.06052
69	38	1.08508
69	43	1.11553
69	50	0.878077
69	67	1.04073
69	84	1.10627
69	85	0.948632
69	93	1.06333
69	119	0.923425
69	135	1.06957
69	141	1.07365
69	174	0.956605
69	175	1.18279
69	177	1.33646
69	180	1.37546
70	31	1.37732
70	48	1.22763
70	49	0.987522
70	71	0.892486
70	75	0.978336
70	79	1.02543
70	90	0.903881
70	96	0.954033
70	98	1.30283
70	120	0.929706
70	150	0.949342
70	159	0.945614
70	166	0.889402
70	171	0.914444
70	177	0.806391
70	178	0.801608
70	179	0.773202
70	180	0.800707
71	49	1.02811
71	56	0.980424
71	60	0.95545
71	64	0.958897
71	68	0.97301
71	70	0.892486
71	90	0.944473
71	96	0.994626
71	125	0.950578
71	128	0.924619
71	131	1.00237
71	138	0.96981
71	149	1.10028
71	150	0.989934
71	159	0.986206
71	162	1.13309
71	165	1.45224
71	180	1.74545
72	4	0.976907
72	16	0.974895
72	27	1.0368
72	33	1.02726
72	34	1.14551
72	59	1.04734
72	61	0.906268
72	83	1.05223
72	87	1.10613
72	97	1.08269
72	99	1.01109
72	122	1.06485
72	130	1.05536
72	133	0.907253
72	145	1.08965
72	155	1.16381
72	162	0.898687
72	172	1.68388
73	5	1.00638
73	21	0.957402
73	24	1.09194
73	35	1.04482
73	42	0.970281
73	45	0.986844
73	48	0.986158
73	52	0.940017
73	53	0.848408
73	66	0.92336
73	76	0.946779
73	107	1.09873
73	108	0.93794
73	132	0.951573
73	133	1.19583
73	145	1.37823
73	171	1.25291
73	178	1.70035
74	89	1.00771
74	101	1.03328
74	110	1.03122
74	112	1.13727
74	113	1.0147
74	123	0.993791
74	126	1.00912
74	137	1.02914
74	139	1.02071
74	142	0.985682
74	143	1.04791
74	144	1.03589
74	146	1.03599
74	147	1.07809
74	148	0.986878
74	155	1.30818
74	165	1.36221
74	166	0.98646
74	167	1.33917
75	9	1.06943
75	13	0.724555
75	31	0.997165
75	36	1.02488
75	65	1.00306
75	70	0.978336
75	80	1.00518
75	86	1.05856
75	114	1.0374
75	118	1.04232
75	125	0.998102
75	131	1.04989
75	135	1.03159
75	138	1.01733
75	155	1.0269
75	157	0.902412
75	165	0.957892
75	173	1.77866
75	178	1.27486
76	5	1.06505
76	21	1.01607
76	24	1.15061
76	35	1.10349
76	42	1.02895
76	45	1.04551
76	48	1.04483
76	52	0.998686
76	53	0.907077
76	66	0.982029
76	73	0.946779
76	108	0.996609
76	120	1.15376
76	132	1.01024
76	140	1.19431
76	149	0.808395
76	157	0.981838
76	175	1.2609
76	179	1.81709
77	54	0.962252
77	68	0.749334
77	91	1.00874
77	92	1.08349
77	110	1.03776
77	111	1.01984
77	116	0.89013
77	120	1.22196
77	122	1.03512
77	123	1.00033
77	137	1.03568
77	142	0.992223
77	143	1.05445
77	144	1.04243
77	146	1.04254
77	155	1.17454
77	166	0.993001
77	176	1.40524
77	180	1.52177
78	15	0.936667
78	37	1.08472
78	55	0.933444
78	81	1.00133
78	82	1.01352
78	94	0.957385
78	95	0.955551
78	102	1.07441
78	103	1.00581
78	106	1.03095
78	109	1.01427
78	114	1.02592
78	129	0.998782
78	134	1.11022
78	147	0.931311
78	150	1.00991
78	154	0.994179
78	156	1.40964
78	157	0.988713
78	173	2.02963
79	34	0.830368
79	40	0.915056
79	46	1.11214
79	65	1.02404
79	70	1.02543
79	86	0.775509
79	154	0.887673
79	156	1.04271
79	169	1.04411
79	170	0.965698
79	171	1.08798
79	172	0.962706
79	173	0.942179
79	174	1.0464
79	175	1.01037
79	176	0.995843
79	177	0.979927
79	178	0.975144
79	179	0.946739
79	180	0.974243
80	9	1.04649
80	31	0.974217
80	32	0.967256
80	36	1.00194
80	65	0.980107
80	75	1.00518
80	86	1.03561
80	114	1.01445
80	115	0.901914
80	118	1.01937
80	125	0.975154
80	131	1.02694
80	135	1.00864
80	138	0.994386
80	147	0.800943
80	149	0.849563
80	163	1.37616
80	165	0.934944
80	172	1.66756
80	173	1.89926
81	15	0.932841
81	19	1.00525
81	25	1.01599
81	37	1.08089
81	55	0.929618
81	78	1.00133
81	82	1.00969
81	95	0.951725
81	102	1.07059
81	103	1.00198
81	104	1.00312
81	106	1.02713
81	109	1.01044
81	147	0.961461
81	154	0.990353
81	157	0.984887
81	165	1.36205
81	169	1.36728
81	174	1.23639
81	178	1.55597
82	15	0.945025
82	19	1.01744
82	55	0.941802
82	78	1.01352
82	81	1.00969
82	94	0.965742
82	95	0.963908
82	102	1.08277
82	103	1.01417
82	106	1.03931
82	109	1.02262
82	119	0.979958
82	148	1.10718
82	152	1.23429
82	154	1.00254
82	157	0.99707
82	162	1.16336
82	164	1.22796
82	166	1.35574
82	174	1.35686
83	4	0.910588
83	6	1.0558
83	16	0.908576
83	23	1.00808
83	27	0.970481
83	33	0.960936
83	34	1.07919
83	44	1.05024
83	72	1.05223
83	87	1.03981
83	97	1.01637
83	99	0.944767
83	105	1.19097
83	122	0.998527
83	129	1.23058
83	130	0.989039
83	133	1.25311
83	134	1.34202
83	153	1.21708
83	162	1.24454
84	6	1.11707
84	12	0.974159
84	16	0.969845
84	27	1.03175
84	28	1.0627
84	33	1.02221
84	59	1.04229
84	62	0.888809
84	67	1.04291
84	69	1.10627
84	87	1.10108
84	93	1.06551
84	99	1.00604
84	107	0.897992
84	119	1.14685
84	135	1.07175
84	141	1.07583
84	156	1.38343
84	157	1.12716
84	158	0.955458
84	175	1.40622
85	17	0.83296
85	20	1.6113
85	28	0.905064
85	35	1.1991
85	43	0.960072
85	67	0.885275
85	69	0.948632
85	113	1.41702
85	121	0.930117
85	135	0.914116
85	138	1.58687
85	141	0.9182
85	152	0.88583
85	153	0.944496
85	169	0.841221
85	174	0.843508
85	175	0.807477
85	176	0.79295
85	177	0.777033
85	179	0.743845
85	180	0.771349
86	9	1.09987
86	31	1.0276
86	32	1.02064
86	36	1.05532
86	65	1.03349
86	75	1.05856
86	79	0.775509
86	80	1.03561
86	104	0.906378
86	114	1.06783
86	118	1.07275
86	125	1.02853
86	129	0.932189
86	131	1.08032
86	135	1.06202
86	138	1.04777
86	153	0.918683
86	164	1.01075
86	165	0.988324
86	170	1.77395
86	178	1.45923
87	4	0.964493
87	16	0.962481
87	23	1.06198
87	33	1.01484
87	34	1.1331
87	44	1.10415
87	59	1.03493
87	72	1.10613
87	83	1.03981
87	84	1.10108
87	97	1.07027
87	99	0.998672
87	104	0.890655
87	122	1.05243
87	130	1.04294
87	136	0.797725
87	153	0.90296
87	155	1.19555
87	165	1.24958
87	174	1.12393
87	179	1.90631
88	6	1.02149
88	40	0.992629
88	48	0.918008
88	95	1.10959
88	125	0.719567
88	126	1.08657
88	152	1.04711
88	156	1.0011
88	159	0.778166
88	161	0.977797
88	164	1.05835
88	165	1.0017
88	168	0.916814
88	169	1.0025
88	171	1.04637
88	172	0.921097
88	173	0.900569
88	176	0.954234
88	178	0.933535
88	179	0.905129
88	180	0.932633
89	41	0.941643
89	74	1.00771
89	98	0.952368
89	101	0.99498
89	111	0.974998
89	113	0.9764
89	115	1.27212
89	119	1.4129
89	123	0.955495
89	137	0.990841
89	139	0.982412
89	142	0.947386
89	143	1.00962
89	144	0.997597
89	146	0.997698
89	152	1.32352
89	153	1.22511
89	154	0.976307
89	158	1.22151
89	159	1.00438
89	171	1.31822
90	26	1.75036
90	38	1.01097
90	39	0.952713
90	49	1.03951
90	56	0.991818
90	58	0.700994
90	60	0.966844
90	64	0.970292
90	70	0.903881
90	71	0.944473
90	96	1.00602
90	118	0.884215
90	125	0.961972
90	128	0.936013
90	131	1.01376
90	138	0.981204
90	150	1.00133
90	159	0.9976
90	165	1.2971
90	171	1.04358
90	180	1.59031
91	58	0.910728
91	77	1.00874
91	110	0.987406
91	111	0.969482
91	113	0.970883
91	116	1.1684
91	123	0.949979
91	137	0.985324
91	139	0.976895
91	141	1.0008
91	142	0.94187
91	143	1.0041
91	144	0.99208
91	145	1.37864
91	146	0.992182
91	150	1.18485
91	151	1.22442
91	154	0.970791
91	159	0.998859
91	166	0.942647
91	176	1.68351
92	54	0.986653
92	63	1.03376
92	77	1.08349
92	104	0.891905
92	107	0.843135
92	111	1.04424
92	113	1.04564
92	129	0.917716
92	132	1.06147
92	137	1.06008
92	139	1.05165
92	142	1.01662
92	143	1.07886
92	144	1.06684
92	145	1.12264
92	146	1.06694
92	148	0.875496
92	159	1.07361
92	160	1.50862
92	166	1.0174
92	179	1.90756
93	7	1.055
93	17	0.947656
93	22	1.0227
93	29	1.09415
93	40	1.04579
93	43	1.07477
93	46	0.938573
93	47	1.04586
93	57	1.0094
93	67	0.999971
93	69	1.06333
93	84	1.06551
93	117	0.688317
93	128	0.969365
93	134	0.736263
93	135	1.02881
93	141	1.0329
93	167	0.934896
93	170	1.46658
93	173	1.65567
93	179	1.61467
93	180	1.25115
94	15	0.888891
94	38	1.24682
94	42	1.18575
94	60	1.34165
94	61	0.94672
94	78	0.957385
94	82	0.965742
94	103	0.958034
94	109	0.966491
94	123	1.31694
94	125	1.02397
94	134	0.943573
94	140	0.911095
94	154	0.946403
94	157	0.940937
94	160	0.862297
94	171	0.943302
94	172	0.818028
94	175	0.865693
94	176	0.851165
94	179	0.80206
94	180	0.829564
95	2	1.17309
95	19	0.95947
95	20	0.967656
95	25	0.97021
95	37	1.03511
95	55	0.883834
95	78	0.955551
95	81	0.951725
95	82	0.963908
95	88	1.10959
95	102	1.0248
95	103	0.9562
95	106	0.981344
95	109	0.964658
95	114	0.976308
95	119	0.921991
95	150	1.19983
95	154	0.944569
95	157	0.939103
95	162	1.20266
95	169	1.52704
95	174	1.39616
96	38	1.06112
96	39	1.00287
96	49	1.08966
96	56	1.04197
96	60	1.017
96	64	1.02044
96	70	0.954033
96	71	0.994626
96	90	1.00602
96	119	1.00162
96	125	1.01212
96	128	0.986166
96	131	1.06391
96	138	1.03136
96	140	1.1944
96	150	1.05148
96	153	0.813829
96	158	0.810221
96	159	1.04775
96	162	0.841296
96	168	1.85991
96	173	1.85818
97	4	0.941047
97	6	1.08626
97	16	0.939035
97	23	1.03854
97	27	1.00094
97	33	0.991395
97	34	1.10965
97	44	1.0807
97	59	1.01148
97	61	1.05115
97	72	1.08269
97	83	1.01637
97	87	1.07027
97	99	0.975226
97	122	1.02899
97	130	1.0195
97	150	1.04074
97	158	1.01249
97	162	1.04357
97	169	1.36795
97	171	1.10921
97	175	1.46326
98	54	0.900366
98	70	1.30283
98	89	0.952368
98	111	0.95795
98	122	0.973233
98	123	0.938447
98	130	0.963745
98	137	0.973792
98	139	0.965364
98	141	0.989271
98	142	0.930338
98	143	0.992569
98	144	0.980549
98	146	0.98065
98	153	1.05881
98	154	0.959259
98	155	1.3514
98	158	1.0552
98	159	0.987327
98	165	1.40542
98	166	0.931115
98	177	1.65963
99	4	0.869447
99	6	1.01466
99	16	0.867435
99	23	0.966937
99	27	0.929341
99	33	0.919796
99	34	1.03805
99	44	1.0091
99	58	0.830472
99	59	0.939881
99	61	1.115
99	72	1.01109
99	83	0.944767
99	84	1.00604
99	87	0.998672
99	97	0.975226
99	115	1.12696
99	122	0.957387
99	130	0.947899
99	156	1.50432
99	174	1.30092
99	180	1.71978
100	17	1.7434
100	45	1.42602
100	112	0.92506
100	115	0.916198
100	120	0.92619
100	122	1.26199
100	136	0.99324
100	143	1.36635
100	148	0.994003
100	162	0.940321
100	163	0.831184
100	167	0.859793
100	168	0.781371
100	170	0.788645
100	171	0.910927
100	173	0.765125
100	174	0.869348
100	176	0.81879
100	178	0.798091
100	179	0.769685
100	180	0.79719
101	41	0.967207
101	63	0.990086
101	74	1.03328
101	89	0.99498
101	110	1.01849
101	111	1.00056
101	116	0.828403
101	123	0.981059
101	124	0.904127
101	132	1.01779
101	137	1.0164
101	139	1.00798
101	142	0.97295
101	143	1.03518
101	144	1.02316
101	146	1.02326
101	156	1.24458
101	159	1.02994
101	162	0.847686
101	166	0.973727
101	168	1.86629
101	172	1.63287
101	176	1.34352
102	19	1.07833
102	25	1.08907
102	37	1.15397
102	55	1.0027
102	78	1.07441
102	81	1.07059
102	82	1.08277
102	95	1.0248
102	103	1.07506
102	104	0.999127
102	106	1.1002
102	109	1.08352
102	112	1.13311
102	114	1.09517
102	117	1.08843
102	119	1.04085
102	120	1.35145
102	121	0.97644
102	124	1.09534
102	148	0.982718
102	154	1.06343
102	157	1.05796
102	174	1.2324
103	19	1.00973
103	25	1.02047
103	37	1.08537
103	55	0.934093
103	61	1.0612
103	78	1.00581
103	81	1.00198
103	82	1.01417
103	94	0.958034
103	95	0.9562
103	102	1.07506
103	106	1.0316
103	109	1.01492
103	114	1.02657
103	118	0.959891
103	119	0.97225
103	127	0.886688
103	152	1.12456
103	154	0.994828
103	155	1.31874
103	157	0.989362
103	167	1.34973
103	177	1.62697
104	81	1.00312
104	86	0.906378
104	87	0.890655
104	92	0.891905
104	102	0.999127
104	132	0.902211
104	141	0.793909
104	157	1.07562
104	158	1.10107
104	160	0.996978
104	162	1.10738
104	168	0.948426
104	169	1.03412
104	171	1.07798
104	172	0.952708
104	173	0.93218
104	174	1.0364
104	175	1.00037
104	176	0.985845
104	177	0.969929
104	178	0.965146
104	179	0.936741
104	180	0.964245
105	83	1.19097
105	112	1.03968
105	114	0.60872
105	135	0.982093
105	136	1.10786
105	140	0.993343
105	141	0.780108
105	146	0.801415
105	154	1.00474
105	156	0.980282
105	160	0.944545
105	164	1.03753
105	167	0.974416
105	168	0.895993
105	171	1.02555
105	172	0.900276
105	173	0.879748
105	174	0.983971
105	177	0.917496
105	178	0.912714
105	179	0.884308
105	180	0.911812
106	2	0.80095
106	15	0.96246
106	19	1.03487
106	20	1.04306
106	25	1.04561
106	37	1.11051
106	55	0.959237
106	78	1.03095
106	81	1.02713
106	82	1.03931
106	95	0.981344
106	102	1.1002
106	103	1.0316
106	109	1.04006
106	114	1.05171
106	119	0.997394
106	149	0.797701
106	154	1.01997
106	156	1.22741
106	157	1.01451
106	161	1.26535
106	163	1.3243
106	165	1.14967
106	170	1.65831
106	174	1.02401
107	8	0.871184
107	23	0.781117
107	59	0.948098
107	65	1.10614
107	73	1.09873
107	84	0.897992
107	92	0.843135
107	134	1.07675
107	139	1.00349
107	145	1.06181
107	152	1.07722
107	155	1.05451
107	162	1.10587
107	163	0.996731
107	167	1.02534
107	169	1.03261
107	170	0.954191
107	171	1.07647
107	172	0.9512
107	173	0.930672
107	174	1.0349
107	176	0.984337
107	177	0.96842
107	178	0.963638
107	179	0.935232
107	180	0.962736
108	1	1.04193
108	8	1.03345
108	10	1.03399
108	21	1.00723
108	24	1.14177
108	29	1.07675
108	35	1.09465
108	40	1.02839
108	45	1.03667
108	46	0.921172
108	47	1.02846
108	53	0.898238
108	57	0.991997
108	66	0.97319
108	68	0.785651
108	73	0.93794
108	76	0.996609
108	128	0.951964
108	129	0.931769
108	132	1.0014
108	148	0.889549
108	165	1.26488
108	166	1.13811
108	171	1.01137
108	173	1.96261
108	177	1.51908
109	2	0.838396
109	15	0.945774
109	19	1.01819
109	20	1.02637
109	25	1.02893
109	37	1.09383
109	55	0.942551
109	78	1.01427
109	81	1.01044
109	82	1.02262
109	94	0.966491
109	95	0.964658
109	102	1.08352
109	103	1.01492
109	106	1.04006
109	114	1.03502
109	119	0.980708
109	148	0.81178
109	153	0.840494
109	154	1.00329
109	157	0.99782
109	166	1.06034
109	169	1.19234
109	172	1.65315
109	175	1.28765
109	179	1.84385
110	3	0.643646
110	41	0.965149
110	50	1.17987
110	63	0.988028
110	74	1.03122
110	77	1.03776
110	91	0.987406
110	101	1.01849
110	113	0.999906
110	118	0.971165
110	132	1.01573
110	137	1.01435
110	139	1.00592
110	141	1.02983
110	142	0.970892
110	143	1.03312
110	144	1.0211
110	146	1.0212
110	147	1.0633
110	149	1.03208
110	154	0.999813
110	166	0.97167
110	171	1.13053
110	174	1.25839
110	175	1.48458
110	176	1.56072
111	77	1.01984
111	89	0.974998
111	91	0.969482
111	92	1.04424
111	98	0.95795
111	101	1.00056
111	113	0.981981
111	116	0.93039
111	117	0.999204
111	123	0.961077
111	137	0.996422
111	139	0.987993
111	141	1.0119
111	142	0.952968
111	143	1.0152
111	144	1.00318
111	146	1.00328
111	147	1.04537
111	150	0.946842
111	153	0.922206
111	154	0.981888
111	159	1.00996
111	166	0.953745
111	167	1.24578
111	172	1.73486
111	173	1.96655
111	175	1.36936
112	43	0.791809
112	50	1.03991
112	64	1.12277
112	74	1.13727
112	100	0.92506
112	102	1.13311
112	105	1.03968
112	127	1.09435
112	137	1.06405
112	144	0.984923
112	145	0.976468
112	154	1.15252
112	156	0.94586
112	158	1.01421
112	160	0.910123
112	161	0.922554
112	162	1.02052
112	168	0.861571
112	169	0.947262
112	170	0.868845
112	171	0.991128
112	174	0.949549
112	176	0.898991
112	177	0.883074
112	178	0.878291
112	179	0.849886
112	180	0.87739
113	54	0.924397
113	74	1.0147
113	85	1.41702
113	89	0.9764
113	91	0.970883
113	92	1.04564
113	110	0.999906
113	111	0.981981
113	122	0.997265
113	123	0.962478
113	130	0.987777
113	137	0.997823
113	139	0.989395
113	140	1.13605
113	141	1.0133
113	142	0.954369
113	143	1.0166
113	144	1.00458
113	146	1.00468
113	147	1.04678
113	154	0.98329
113	156	1.17984
113	160	1.35989
113	164	0.84755
113	165	1.1021
113	169	1.10733
113	179	1.75883
114	15	0.957424
114	31	1.00644
114	37	1.10548
114	75	1.0374
114	78	1.02592
114	80	1.01445
114	86	1.06783
114	95	0.976308
114	102	1.09517
114	103	1.02657
114	105	0.60872
114	106	1.05171
114	109	1.03502
114	118	1.05159
114	131	1.05916
114	135	1.04086
114	136	0.529591
114	138	1.02661
114	154	1.01494
114	156	1.05919
114	157	1.00947
114	161	1.09713
114	163	1.15608
114	165	0.967166
114	168	1.6809
114	169	0.986675
114	173	1.67918
114	179	1.63818
115	41	1.46345
115	80	0.901914
115	89	1.27212
115	99	1.12696
115	100	0.916198
115	122	0.883695
115	123	1.12514
115	145	0.967606
115	146	0.874526
115	147	1.04885
115	149	1.04288
115	151	0.994834
115	155	0.960299
115	162	1.01166
115	163	0.902522
115	164	0.994247
115	165	0.937597
115	167	0.931132
115	170	0.859983
115	171	0.982265
115	173	0.836464
115	174	0.940687
115	175	0.904656
115	176	0.890128
115	177	0.874212
115	178	0.869429
115	179	0.841024
115	180	0.868528
116	77	0.89013
116	91	1.1684
116	101	0.828403
116	111	0.93039
116	121	1.08435
116	128	1.06143
116	136	1.12163
116	141	0.814399
116	146	0.835705
116	148	1.12239
116	156	0.994049
116	159	0.851953
116	161	0.970743
116	162	1.06871
116	163	0.959573
116	164	1.0513
116	167	0.988183
116	168	0.90976
116	169	0.995451
116	170	0.917034
116	172	0.914042
116	173	0.893514
116	175	0.961707
116	176	0.947179
116	177	0.931263
116	178	0.92648
116	179	0.898075
116	180	0.925579
117	7	0.970286
117	29	1.14842
117	32	1.37862
117	47	0.839303
117	93	0.688317
117	102	1.08843
117	111	0.999204
117	119	1.02164
117	133	1.06003
117	140	1.00891
117	142	1.02949
117	152	1.04186
117	158	1.0642
117	161	0.972538
117	162	1.07051
117	163	0.961369
117	168	0.911556
117	169	0.997246
117	170	0.91883
117	171	1.04111
117	172	0.915838
117	174	0.999533
117	175	0.963503
117	176	0.948975
117	177	0.933059
117	178	0.928276
117	179	0.89987
117	180	0.927375
118	1	1.08293
118	6	1.02083
118	29	1.00516
118	41	1.35019
118	65	1.01725
118	75	1.04232
118	80	1.01937
118	86	1.07275
118	90	0.884215
118	103	0.959891
118	110	0.971165
118	114	1.05159
118	125	1.01229
118	131	1.06408
118	137	0.876113
118	138	1.03153
118	155	0.994786
118	158	1.03984
118	165	0.972084
118	171	1.01675
118	172	0.891479
118	173	0.870951
118	174	0.975174
118	176	0.924616
118	177	0.908699
118	178	0.903917
118	179	0.875511
118	180	0.903016
119	25	0.98626
119	55	0.899884
119	69	0.923425
119	82	0.979958
119	84	1.14685
119	89	1.4129
119	95	0.921991
119	96	1.00162
119	102	1.04085
119	103	0.97225
119	106	0.997394
119	109	0.980708
119	117	1.02164
119	122	1.02448
119	129	1.00283
119	132	1.1023
119	146	1.01531
119	154	0.960619
119	157	0.955153
119	169	0.913652
119	170	0.835235
119	171	0.957518
119	174	0.915939
119	175	0.879909
119	176	0.865381
119	177	0.849464
119	179	0.816276
119	180	0.84378
120	35	0.877567
120	42	1.28696
120	70	0.929706
120	76	1.15376
120	77	1.22196
120	100	0.92619
120	102	1.35145
120	125	1.12518
120	127	1.09548
120	155	0.97029
120	156	0.94699
120	158	1.01534
120	159	1.18378
120	160	0.911253
120	161	0.923683
120	163	0.912514
120	164	1.00424
120	168	0.8627
120	169	0.948391
120	170	0.869974
120	172	0.866983
120	173	0.846455
120	174	0.950678
120	175	0.914648
120	176	0.90012
120	177	0.884203
120	178	0.879421
120	179	0.851015
120	180	0.87852
121	22	1.08616
121	39	1.22623
121	85	0.930117
121	102	0.97644
121	116	1.08435
121	138	0.890329
121	140	0.989818
121	141	0.771222
121	143	0.90606
121	144	0.828254
121	145	1.00736
121	149	1.08264
121	151	1.03459
121	159	0.808776
121	162	1.05142
121	163	0.942281
121	164	1.03401
121	167	0.970891
121	169	0.978159
121	170	0.899742
121	171	1.02202
121	172	0.89675
121	173	0.876223
121	175	0.944415
121	176	0.929888
121	177	0.913971
121	178	0.909188
121	179	0.880783
121	180	0.908287
122	11	1.05156
122	16	0.921195
122	23	1.0207
122	34	1.09181
122	44	1.06286
122	59	0.993641
122	72	1.06485
122	77	1.03512
122	83	0.998527
122	87	1.05243
122	97	1.02899
122	98	0.973233
122	99	0.957387
122	100	1.26199
122	113	0.997265
122	115	0.883695
122	119	1.02448
122	139	1.00328
122	142	0.968251
122	143	1.03048
122	144	1.01846
122	146	1.01856
122	154	0.997172
122	156	1.26105
122	162	0.864157
122	164	0.928762
122	169	1.18854
122	176	1.35999
122	177	1.43751
123	3	0.684349
123	54	0.903493
123	58	0.828647
123	63	0.950601
123	74	0.993791
123	77	1.00033
123	89	0.955495
123	91	0.949979
123	94	1.31694
123	98	0.938447
123	101	0.981059
123	111	0.961077
123	113	0.962478
123	115	1.12514
123	130	0.966872
123	132	0.978305
123	137	0.976919
123	139	0.968491
123	142	0.933465
123	143	0.995696
123	144	0.983676
123	146	0.983777
123	154	0.962386
123	157	1.24623
123	159	0.990454
123	164	1.1702
123	166	0.934242
123	177	1.67895
123	178	1.61868
124	26	0.93094
124	33	1.06494
124	37	0.968739
124	45	1.08464
124	54	1.28851
124	101	0.904127
124	102	1.09534
124	130	1.06202
124	137	1.02628
124	145	1.00344
124	152	1.01884
124	153	1.07751
124	155	0.996128
124	156	0.972828
124	158	1.04118
124	163	0.938352
124	164	1.03008
124	168	0.888539
124	169	0.97423
124	170	0.895813
124	171	1.0181
124	172	0.892821
124	173	0.872293
124	174	0.976517
124	175	0.940486
124	176	0.925958
124	177	0.910042
124	178	0.905259
124	179	0.876854
124	180	0.904358
125	9	1.03941
125	31	0.96714
125	32	0.960179
125	36	0.99486
125	39	0.958817
125	60	0.972949
125	64	0.976396
125	65	0.97303
125	71	0.950578
125	75	0.998102
125	80	0.975154
125	86	1.02853
125	88	0.719567
125	90	0.961972
125	94	1.02397
125	96	1.01212
125	118	1.01229
125	120	1.12518
125	128	0.942118
125	131	1.01987
125	134	0.910112
125	135	1.00157
125	138	0.987309
125	150	1.00743
125	156	1.20953
125	157	0.953266
125	159	1.00371
125	165	0.927867
125	168	1.83124
125	175	1.23233
125	179	1.78852
126	9	0.960526
126	39	1.25474
126	55	0.872846
126	57	1.18893
126	74	1.00912
126	88	1.08657
126	128	1.04677
126	133	1.03611
126	135	1.00172
126	143	0.934577
126	152	1.01793
126	155	0.995223
126	158	1.04028
126	160	0.936185
126	161	0.948616
126	163	0.937446
126	164	1.02917
126	167	0.966056
126	168	0.887633
126	170	0.894907
126	171	1.01719
126	172	0.891915
126	173	0.871388
126	174	0.975611
126	175	0.93958
126	176	0.925052
126	177	0.909136
126	178	0.904353
126	179	0.875948
126	180	0.903452
127	5	0.858999
127	22	0.981688
127	24	0.785136
127	29	0.931953
127	35	0.398088
127	41	1.27698
127	103	0.886688
127	112	1.09435
127	120	1.09548
127	136	1.16253
127	137	0.802909
127	139	0.925095
127	140	1.04801
127	145	1.06556
127	149	1.14083
127	151	1.09278
127	153	1.13963
127	159	0.704302
127	160	0.999211
127	164	1.0922
127	168	0.950659
127	170	0.957933
127	171	1.08022
127	172	0.954942
127	173	0.934414
127	174	1.03864
127	175	1.00261
127	177	0.972162
127	178	0.96738
127	179	0.938974
127	180	0.966478
128	1	1.00613
128	7	1.0018
128	8	0.997644
128	10	0.998185
128	29	1.04095
128	40	0.99258
128	46	0.885367
128	47	0.992659
128	49	1.01965
128	56	0.971965
128	57	0.956192
128	60	0.946991
128	64	0.950438
128	71	0.924619
128	90	0.936013
128	93	0.969365
128	96	0.986166
128	108	0.951964
128	116	1.06143
128	125	0.942118
128	126	1.04677
128	131	0.993908
128	133	1.08928
128	138	0.96135
128	140	1.43381
128	150	0.981475
128	157	1.22134
128	159	0.977747
128	162	1.08071
128	163	1.5745
128	164	1.14532
128	180	1.69307
129	20	0.963257
129	32	1.31512
129	66	1.1845
129	67	1.12608
129	68	1.08589
129	78	0.998782
129	83	1.23058
129	86	0.932189
129	92	0.917716
129	108	0.931769
129	119	1.00283
129	134	1.02258
129	140	0.9901
129	149	1.08292
129	150	1.0572
129	151	1.03488
129	156	0.977039
129	158	1.04539
129	160	0.941302
129	164	1.03429
129	167	0.971172
129	168	0.89275
129	169	0.97844
129	170	0.900023
129	172	0.897032
129	174	0.980727
129	175	0.944697
129	176	0.930169
129	177	0.914253
129	178	0.90947
129	179	0.881064
129	180	0.908569
130	4	0.913719
130	6	1.05893
130	14	0.669415
130	16	0.911707
130	20	1.01077
130	23	1.01121
130	33	0.964068
130	44	1.05338
130	51	0.885149
130	54	0.928792
130	59	0.984153
130	72	1.05536
130	83	0.989039
130	87	1.04294
130	97	1.0195
130	98	0.963745
130	99	0.947899
130	113	0.987777
130	123	0.966872
130	124	1.06202
130	139	0.993789
130	140	1.35869
130	142	0.958763
130	143	1.02099
130	144	1.00897
130	146	1.00908
130	155	1.27071
130	159	1.01575
130	160	1.58252
130	161	1.44042
130	162	1.00558
130	166	0.959541
130	171	1.07122
130	180	1.61794
131	31	1.01893
131	32	1.01197
131	36	1.04665
131	39	1.01061
131	51	0.661439
131	56	1.04971
131	60	1.02474
131	64	1.02819
131	65	1.02482
131	71	1.00237
131	75	1.04989
131	80	1.02694
131	86	1.08032
131	90	1.01376
131	96	1.06391
131	114	1.05916
131	118	1.06408
131	125	1.01987
131	128	0.993908
131	135	1.05335
131	138	1.0391
131	147	0.70044
131	150	1.05922
131	156	1.17877
131	158	0.750797
131	159	1.05549
131	160	1.35881
131	165	0.979657
131	169	1.10625
131	172	1.56706
131	174	0.975373
131	176	1.2777
131	179	1.75776
131	180	1.39423
132	5	1.06985
132	24	1.15541
132	35	1.10829
132	42	1.03374
132	45	1.05031
132	48	1.04962
132	52	1.00348
132	53	0.911871
132	63	0.987332
132	66	0.986823
132	73	0.951573
132	76	1.01024
132	92	1.06147
132	101	1.01779
132	104	0.902211
132	108	1.0014
132	110	1.01573
132	119	1.1023
132	123	0.978305
132	137	1.01365
132	139	1.00522
132	142	0.970196
132	143	1.03243
132	144	1.02041
132	145	1.13295
132	146	1.02051
132	149	0.909171
132	150	0.939153
132	152	1.01292
132	159	1.02719
132	167	1.23809
132	174	1.13548
132	175	1.36167
132	176	1.43781
132	180	1.55434
133	8	0.968292
133	12	1.25083
133	28	1.14408
133	46	1.29134
133	72	0.907253
133	73	1.19583
133	83	1.25311
133	117	1.06003
133	126	1.03611
133	128	1.08928
133	134	0.996185
133	141	0.842247
133	148	1.07899
133	151	1.00848
133	153	1.05532
133	155	0.973947
133	156	0.950646
133	158	1.019
133	161	0.92734
133	163	0.91617
133	164	1.0079
133	165	0.951245
133	166	0.970871
133	168	0.866357
133	169	0.952048
133	172	0.870639
133	173	0.850112
133	174	0.954335
133	175	0.918304
133	176	0.903776
133	177	0.88786
133	178	0.883077
133	179	0.854672
133	180	0.882176
134	11	0.955653
134	15	1.47083
134	18	1.10337
134	78	1.11022
134	83	1.34202
134	93	0.736263
134	94	0.943573
134	107	1.07675
134	125	0.910112
134	129	1.02258
134	133	0.996185
134	135	1.13314
134	144	0.98819
134	149	1.03788
134	150	1.01216
134	152	0.978009
134	153	1.03668
134	154	1.15579
134	155	0.955299
134	161	0.908692
134	162	1.00666
134	166	0.952224
134	168	0.847709
134	169	0.9334
134	170	0.854983
134	171	0.977266
134	172	0.851992
134	173	0.831464
134	174	0.935687
134	175	0.899657
134	176	0.885129
134	177	0.869212
134	178	0.86443
134	179	0.836024
134	180	0.863528
135	9	1.0729
135	12	0.937463
135	17	0.953897
135	18	0.667501
135	22	1.02894
135	28	1.026
135	30	0.86465
135	32	0.993668
135	36	1.02835
135	38	1.05056
135	43	1.08101
135	65	1.00652
135	67	1.00621
135	69	1.06957
135	75	1.03159
135	80	1.00864
135	84	1.07175
135	85	0.914116
135	86	1.06202
135	93	1.02881
135	105	0.982093
135	114	1.04086
135	125	1.00157
135	126	1.00172
135	131	1.05335
135	134	1.13314
135	138	1.0208
135	141	1.03914
135	157	1.1763
135	162	1.03567
135	163	1.52945
135	165	0.961355
135	166	1.22804
135	171	1.10131
135	174	1.22917
136	32	1.19638
136	38	0.902782
136	56	0.879469
