1	83	1.07682
1	89	1.1404
1	95	1.20408
1	129	0.713815
1	133	1.2285
1	135	1.25884
1	144	1.22517
1	151	0.711839
1	156	1.2635
1	166	0.769811
1	169	0.724615
1	180	0.884629
2	10	0.678607
2	17	1.17855
2	29	0.763028
2	55	1.22274
2	76	1.1851
2	102	1.19463
2	105	1.16546
2	135	1.24481
2	141	0.842403
2	144	1.21114
2	145	0.748721
2	178	0.767146
3	70	1.14417
3	81	1.19141
3	85	0.753617
3	88	1.15609
3	122	1.18425
3	123	1.25571
3	142	0.760254
3	147	0.718778
3	153	1.22256
3	162	0.763726
3	169	1.24563
3	178	0.807005
4	29	0.751315
4	73	1.22145
4	102	1.17653
4	105	1.14736
4	106	1.2371
4	135	1.22671
4	144	1.19304
4	153	1.19233
4	160	0.751908
4	167	0.677731
4	175	0.869884
4	176	0.751536
5	23	0.691565
5	88	1.15089
5	108	1.17268
5	116	1.19266
5	119	1.20924
5	122	1.17905
5	123	1.25051
5	168	0.760866
5	169	1.24043
5	171	0.682674
5	175	0.840246
5	179	0.828483
6	47	1.10645
6	97	1.19818
6	120	1.25255
6	121	1.22497
6	124	1.225
6	138	0.675885
6	141	0.839886
6	155	1.20978
6	160	0.761103
6	164	1.18515
6	165	0.728928
6	168	0.799701
7	35	1.13267
7	46	1.14348
7	60	1.18116
7	104	1.26153
7	112	1.22839
7	133	1.2164
7	146	0.805793
7	151	0.731459
7	154	0.768031
7	159	1.23452
7	165	0.755012
7	169	0.744236
8	38	0.628627
8	54	1.21882
8	71	1.23044
8	87	1.14548
8	96	1.2075
8	107	1.24387
8	113	1.21008
8	152	0.769198
8	163	0.858133
8	172	0.834215
8	173	0.715142
8	177	1.15044
9	38	0.687502
9	88	1.14228
9	94	1.22534
9	116	1.18404
9	119	1.20063
9	122	1.17044
9	123	1.2419
9	148	0.85368
9	159	0.751237
9	167	0.738622
9	169	1.23182
9	173	0.774017
10	2	0.678607
10	73	0.651997
10	96	0.720735
10	123	0.699747
10	135	0.68368
10	142	1.23617
10	167	1.26862
10	173	1.22953
10	174	1.24915
10	178	1.1835
10	179	1.12157
10	180	1.10951
11	34	0.666539
11	90	1.27663
11	98	1.13653
11	110	1.17408
11	120	1.2346
11	121	1.20701
11	124	1.20705
11	134	0.777358
11	136	0.757585
11	142	0.764363
11	161	0.841261
11	164	1.1672
12	83	1.08768
12	84	1.1953
12	89	1.15126
12	92	0.812491
12	95	1.21495
12	101	0.732047
12	133	1.23937
12	144	1.23604
12	156	1.27436
12	157	0.825112
12	158	0.723501
12	169	0.711162
13	128	1.2673
13	130	1.27198
13	131	1.18428
13	132	1.18428
13	141	0.839292
13	149	1.16059
13	157	0.831509
13	158	0.729897
13	159	0.698948
13	171	1.19838
13	172	1.13367
13	174	0.70505
14	79	1.19213
14	111	1.19438
14	117	1.20978
14	126	1.19276
14	156	1.24326
14	163	0.820301
14	164	1.19752
14	165	0.683915
14	176	1.16611
14	177	0.757188
14	178	0.719615
14	179	0.822305
15	37	1.0661
15	61	1.1035
15	63	1.10145
15	64	1.17955
15	100	0.764053
15	104	1.1907
15	112	1.15756
15	133	1.14557
15	159	1.16369
15	161	0.800814
15	175	0.885119
15	178	0.770667
15	180	0.884204
16	39	1.06546
16	73	1.17091
16	76	1.11646
16	105	1.09682
16	106	1.18656
16	135	1.17617
16	138	0.760394
16	144	1.1425
16	153	1.14179
16	162	0.805857
16	171	0.806017
16	172	0.925904
16	173	0.80683
17	2	1.17855
17	55	1.14406
17	58	1.13395
17	102	1.11595
17	105	1.08678
17	106	1.17651
17	144	1.13245
17	147	0.729821
17	153	1.13174
17	166	0.816767
17	168	0.853121
17	171	0.774929
17	180	0.931586
18	49	1.16174
18	74	1.0282
18	77	1.13644
18	82	1.24451
18	117	1.15231
18	126	1.13529
18	129	0.790721
18	154	0.825316
18	157	0.915472
18	164	1.14004
18	167	0.770296
18	171	0.804878
18	176	1.10863
19	109	1.18467
19	125	1.15932
19	127	1.13172
19	131	1.12118
19	132	1.12118
19	137	0.820856
19	143	1.17728
19	151	0.794419
19	161	0.88382
19	171	1.13528
19	172	1.07057
19	173	0.811366
19	174	0.794688
20	79	0.766134
20	104	0.722033
20	110	0.744166
20	119	0.738495
20	135	0.726232
20	157	1.11809
20	158	1.18978
20	173	1.19296
20	174	1.21257
20	175	1.08099
20	178	1.14692
20	179	1.08499
20	180	1.07294
21	74	1.20209
21	77	1.31033
21	92	0.770184
21	111	1.3108
21	114	0.644497
21	117	1.3262
21	126	1.30918
21	156	1.35968
21	160	0.711807
21	165	0.679631
21	170	0.682978
21	174	0.656347
21	176	1.28253
22	28	0.679965
22	83	1.18768
22	84	1.2953
22	89	1.25126
22	95	1.31495
22	133	1.33937
22	144	1.33604
22	149	0.69901
22	151	0.621636
22	156	1.37436
22	157	0.748364
22	172	0.757657
22	173	0.638584
23	5	0.691565
23	58	0.791172
23	113	0.773729
23	123	0.754057
23	141	1.13211
23	154	1.18497
23	155	0.725318
23	163	1.11233
23	174	1.22699
23	175	1.09541
23	178	1.16134
23	179	1.09941
23	180	1.08736
24	43	0.733233
24	115	1.18823
24	125	1.1438
24	128	1.18867
24	129	0.843632
24	130	1.19335
24	131	1.10565
24	132	1.10566
24	140	0.82393
24	151	0.841655
24	162	0.857629
24	171	1.11976
24	172	1.05505
25	38	0.748627
25	65	1.08968
25	69	0.742108
25	70	1.08195
25	108	1.11567
25	119	1.15223
25	122	1.12204
25	123	1.1935
25	140	0.80047
25	153	1.16034
25	163	0.978133
25	169	1.18342
25	173	0.835142
26	83	1.18317
26	84	1.29078
26	89	1.24675
26	95	1.31043
26	135	1.36519
26	144	1.33152
26	151	0.629944
26	156	1.36985
26	158	0.65506
26	171	0.646079
26	176	0.685302
26	177	0.72677
26	180	0.802735
27	83	1.01635
27	84	1.12396
27	89	1.07993
27	95	1.14361
27	133	1.16803
27	135	1.19837
27	144	1.1647
27	156	1.20303
27	157	0.889165
27	159	0.756605
27	166	0.82041
27	176	0.817795
27	178	0.821691
28	22	0.679965
28	125	0.765173
28	135	0.771294
28	155	0.758623
28	158	1.17505
28	164	0.771533
28	166	1.16822
28	168	1.11846
28	173	1.17823
28	174	1.19784
28	178	1.13219
28	179	1.07027
28	180	1.05821
29	2	0.763028
29	4	0.751315
29	40	0.743308
29	64	0.753614
29	93	0.766774
29	145	1.18511
29	154	1.16251
29	162	1.18971
29	166	1.1749
29	172	1.10853
29	178	1.13888
29	179	1.07696
29	180	1.0649
30	69	0.752656
30	125	1.15276
30	127	1.12516
30	128	1.19763
30	130	1.20231
30	131	1.11461
30	132	1.11462
30	140	0.811019
30	154	0.865315
30	171	1.12872
30	172	1.06401
30	173	0.845691
30	174	0.829012
31	70	0.789727
31	96	0.724857
31	98	0.735079
31	127	0.747078
31	144	0.695188
31	150	1.14969
31	162	1.18491
31	163	1.08507
31	165	1.21132
31	167	1.2192
31	168	1.12034
31	179	1.07216
31	180	1.0601
32	50	0.792487
32	51	1.15601
32	59	1.14478
32	71	1.15986
32	80	1.127
32	113	1.13949
32	129	1.14186
32	139	0.805218
32	155	1.15817
32	170	0.835023
32	174	0.808392
32	176	0.863481
32	177	1.07986
33	63	0.826066
33	72	0.71928
33	109	0.71694
33	121	0.689162
33	132	0.744342
33	161	1.15059
33	163	1.11495
33	174	1.22961
33	175	1.09803
33	177	1.14946
33	178	1.16396
33	179	1.10204
33	180	1.08998
34	11	0.666539
34	88	0.737104
34	99	0.657487
34	133	0.669906
34	135	0.627644
34	143	0.634686
34	151	1.28111
34	158	1.25364
34	167	1.29591
34	168	1.19705
34	174	1.27643
34	178	1.21078
34	179	1.14886
34	180	1.1368
35	7	1.13267
35	57	1.1056
35	60	1.05273
35	61	1.0459
35	63	1.04385
35	104	1.13311
35	112	1.09996
35	133	1.08798
35	159	1.10609
35	170	0.849251
35	171	0.838486
35	173	0.839299
35	175	0.996057
35	178	0.881605
36	41	0.998032
36	103	1.06375
36	110	1.08108
36	120	1.1416
36	121	1.11402
36	124	1.11405
36	139	0.847036
36	143	1.11138
36	155	1.09883
36	159	0.844109
36	161	0.939342
36	164	1.0742
36	171	0.866076
36	178	0.909195
37	15	1.0661
37	46	1.01931
37	57	1.10986
37	64	1.12622
37	91	1.03867
37	104	1.13737
37	112	1.10422
37	133	1.09224
37	137	0.830573
37	151	0.804137
37	159	1.11035
37	172	0.940158
37	178	0.86339
37	179	0.96608
38	8	0.628627
38	9	0.687502
38	25	0.748627
38	89	0.71683
38	128	0.643398
38	143	0.65044
38	148	1.23841
38	163	1.19934
38	174	1.314
38	175	1.18243
38	176	1.25613
38	178	1.24835
38	179	1.18643
38	180	1.17437
39	16	1.06546
39	48	1.0958
39	52	1.09602
39	55	1.09961
39	73	1.11642
39	102	1.0715
39	105	1.04233
39	106	1.13206
39	145	0.853267
39	152	0.883442
39	153	1.0873
39	163	0.972377
39	171	0.828572
39	176	0.867796
40	29	0.743308
40	86	1.17166
40	99	1.25466
40	111	1.22198
40	117	1.23738
40	126	1.22036
40	138	0.658683
40	149	0.765546
40	152	0.759176
40	156	1.27086
40	161	0.777573
40	164	1.22512
40	169	0.700949
40	176	1.19371
41	36	0.998032
41	75	1.06307
41	85	0.851074
41	90	1.18346
41	93	1.07421
41	97	1.08706
41	121	1.11385
41	124	1.11388
41	138	0.815719
41	149	0.922583
41	155	1.09866
41	164	1.07403
41	170	0.872108
41	177	0.942035
42	65	1.17443
42	81	1.21394
42	108	1.20042
42	116	1.2204
42	119	1.23698
42	122	1.20679
42	123	1.27825
42	129	0.692923
42	145	0.731775
42	149	0.76832
42	168	0.785272
42	169	1.26817
42	170	0.717846
42	178	0.7502
43	24	0.733233
43	58	0.657726
43	65	0.70732
43	81	0.628534
43	131	0.672991
43	154	1.2705
43	157	1.21804
43	164	0.604782
43	168	1.23313
43	173	1.29291
43	175	1.18094
43	178	1.24687
43	179	1.18495
43	180	1.17289
44	53	1.23738
44	71	1.25205
44	87	1.16709
44	92	0.805289
44	96	1.22911
44	107	1.26548
44	113	1.23169
44	155	1.25037
44	157	0.817911
44	159	0.68535
44	165	0.714736
44	167	0.672736
44	177	1.17205
44	178	0.750437
45	66	1.03247
45	115	1.15588
45	125	1.11145
45	127	1.08385
45	129	0.838222
45	130	1.161
45	131	1.07331
45	132	1.07331
45	151	0.836245
45	152	0.907249
45	157	0.962972
45	158	0.861361
45	171	1.08741
45	172	1.0227
46	7	1.14348
46	37	1.01931
46	60	1.06354
46	61	1.05671
46	63	1.05466
46	104	1.14391
46	112	1.11077
46	133	1.09878
46	139	0.825625
46	142	0.841034
46	158	0.853647
46	159	1.1169
46	176	0.883889
46	180	1.00132
47	6	1.10645
47	97	1.08453
47	98	1.04084
47	103	1.06105
47	110	1.07839
47	120	1.13891
47	121	1.11132
47	124	1.11135
47	141	0.927113
47	164	1.07151
47	167	0.774154
47	168	0.886928
47	178	0.851855
47	180	0.965393
48	39	1.0958
48	73	1.20125
48	76	1.1468
48	102	1.15633
48	105	1.12716
48	106	1.2169
48	114	0.728498
48	135	1.20651
48	142	0.752582
48	144	1.17284
48	145	0.780908
48	149	0.817454
48	153	1.17213
48	169	0.752857
48	180	0.91287
49	18	1.16174
49	79	1.16652
49	86	1.11844
49	111	1.16876
49	117	1.18416
49	118	0.745371
49	126	1.16715
49	138	0.704604
49	156	1.21765
49	157	0.860821
49	164	1.1719
49	174	0.734362
49	175	0.907798
49	176	1.14049
49	178	0.793346
50	32	0.792487
50	93	0.696002
50	109	0.713093
50	124	0.709327
50	153	0.703191
50	155	0.684658
50	160	1.23175
50	161	1.16525
50	163	1.1296
50	168	1.16487
50	170	1.22304
50	176	1.18639
50	178	1.17861
50	179	1.11669
50	180	1.10463
51	32	1.15601
51	59	1.1839
51	80	1.16613
51	87	1.11402
51	96	1.17604
51	107	1.21241
51	113	1.17862
51	140	0.762724
51	142	0.792951
51	155	1.1973
51	159	0.774616
51	169	0.793226
51	174	0.780717
51	177	1.11898
51	178	0.839702
52	39	1.09602
52	58	1.17455
52	73	1.20147
52	76	1.14702
52	102	1.15655
52	105	1.12738
52	106	1.21711
52	135	1.20672
52	153	1.17234
52	160	0.758438
52	163	0.862648
52	165	0.726262
52	167	0.684261
52	172	0.83873
52	180	0.8755
53	44	1.23738
53	59	1.17307
53	80	1.1553
53	87	1.10319
53	91	0.839406
53	107	1.20158
53	113	1.16779
53	129	1.17016
53	147	0.709043
53	151	0.738017
53	155	1.18647
53	158	0.763132
53	176	0.793374
53	177	1.10815
53	179	0.89996
54	8	1.21882
54	80	1.15835
54	87	1.10624
54	96	1.16826
54	107	1.20463
54	113	1.17084
54	129	1.1732
54	148	0.787456
54	153	0.919692
54	155	1.18952
54	158	0.715962
54	159	0.685013
54	169	0.703623
54	177	1.1112
54	179	0.852789
55	2	1.22274
55	17	1.14406
55	39	1.09961
55	58	1.17815
55	76	1.15061
55	105	1.13097
55	106	1.2207
55	140	0.735232
55	144	1.17665
55	146	0.827291
55	149	0.830331
55	153	1.17594
55	160	0.808686
55	165	0.77651
55	171	0.769091
56	70	1.10138
56	94	1.19637
56	100	0.804619
56	108	1.1351
56	116	1.15508
56	119	1.17166
56	122	1.14147
56	123	1.21293
56	153	1.17977
56	159	0.746146
56	165	0.775532
56	169	1.20285
56	170	0.778879
56	172	0.888
56	174	0.752248
57	35	1.1056
57	37	1.10986
57	61	1.14725
57	63	1.1452
57	64	1.22331
57	91	1.13575
57	101	0.744331
57	104	1.23446
57	112	1.20131
57	159	1.20744
57	168	0.804995
57	173	0.727616
57	174	0.710938
57	175	0.884375
57	179	0.872612
58	17	1.13395
58	23	0.791172
58	43	0.657726
58	52	1.17455
58	55	1.17815
58	73	1.19496
58	102	1.15004
58	105	1.12087
58	106	1.2106
58	140	0.748423
58	144	1.16654
58	153	1.16583
58	162	0.782122
58	171	0.782282
58	172	0.902169
59	32	1.14478
59	51	1.1839
59	53	1.17307
59	96	1.1648
59	107	1.20117
59	113	1.16738
59	129	1.16975
59	150	0.777688
59	155	1.18606
59	163	0.880543
59	165	0.744158
59	167	0.702157
59	170	0.747505
59	175	0.89431
59	177	1.10774
60	7	1.18116
60	35	1.05273
60	46	1.06354
60	61	1.09439
60	63	1.09234
60	67	1.1599
60	91	1.08289
60	104	1.18159
60	112	1.14845
60	141	0.895326
60	159	1.15458
60	162	0.776789
60	171	0.776949
60	176	0.816172
60	177	0.85764
60	179	0.922758
61	15	1.1035
61	35	1.0459
61	46	1.05671
61	57	1.14725
61	60	1.09439
61	64	1.16361
61	104	1.17476
61	112	1.14162
61	118	0.808732
61	133	1.12963
61	146	0.871788
61	151	0.797454
61	157	0.924181
61	159	1.14775
61	165	0.821007
61	170	0.824354
62	66	1.06571
62	127	1.1171
62	128	1.18957
62	130	1.19425
62	131	1.10655
62	132	1.10656
62	143	1.16266
62	149	1.08286
62	159	0.772181
62	162	0.793988
62	168	0.87234
62	169	0.790791
62	171	1.12066
62	172	1.05594
62	177	0.87484
62	179	0.939957
63	15	1.10145
63	33	0.826066
63	35	1.04385
63	46	1.05466
63	57	1.1452
63	60	1.09234
63	64	1.16157
63	67	1.15103
63	69	0.761768
63	104	1.17271
63	112	1.13957
63	139	0.834949
63	159	1.1457
63	169	0.850632
63	174	0.838124
63	176	0.893212
64	15	1.17955
64	29	0.753614
64	37	1.12622
64	57	1.22331
64	61	1.16361
64	63	1.16157
64	91	1.15212
64	104	1.25082
64	112	1.21767
64	133	1.20569
64	134	0.723976
64	149	0.775852
64	150	0.755561
64	159	1.2238
64	160	0.754207
64	169	0.711255
64	180	0.871269
65	25	1.08968
65	42	1.17443
65	43	0.70732
65	70	1.01457
65	88	1.02649
65	92	0.929848
65	108	1.04828
65	116	1.06826
65	119	1.08484
65	122	1.05466
65	123	1.12612
65	141	0.950253
65	153	1.09296
65	154	0.852314
65	169	1.11603
65	172	0.951763
65	177	0.912568
66	45	1.03247
66	62	1.06571
66	92	0.935691
66	125	1.10965
66	127	1.08206
66	128	1.15453
66	130	1.15921
66	131	1.07151
66	132	1.07152
66	147	0.792611
66	149	1.04782
66	166	0.879557
66	169	0.834362
66	171	1.08561
66	172	1.0209
66	177	0.918411
66	179	0.983528
67	60	1.1599
67	63	1.15103
67	99	1.21394
67	104	1.24028
67	112	1.20713
67	117	1.19666
67	126	1.17965
67	146	0.76347
67	150	0.746219
67	157	0.815863
67	159	1.21327
67	164	1.1844
67	165	0.712689
67	168	0.783462
67	171	0.70527
67	175	0.862841
67	176	1.15299
68	109	1.22076
68	115	1.23984
68	125	1.19541
68	127	1.16782
68	128	1.24029
68	130	1.24497
68	131	1.15727
68	132	1.15727
68	147	0.692095
68	152	0.792072
68	165	0.744621
68	166	0.779041
68	170	0.747968
68	171	1.17137
68	172	1.10666
68	173	0.738016
68	180	0.893859
69	25	0.742108
69	30	0.752656
69	63	0.761768
69	82	1.31906
69	84	0.691762
69	126	1.20984
69	128	0.636878
69	131	0.705326
69	143	0.64392
69	156	1.26034
69	164	1.21459
69	171	1.20977
69	175	1.10948
69	176	1.18318
69	178	1.17541
69	179	1.11348
69	180	1.10143
70	3	1.14417
70	25	1.08195
70	31	0.789727
70	56	1.10138
70	65	1.01457
70	94	1.10183
70	108	1.04056
70	116	1.06054
70	119	1.07712
70	122	1.04693
70	123	1.11839
70	148	0.911501
70	150	0.871973
70	169	1.10831
70	173	0.831837
70	177	0.911716
70	180	0.987681
71	8	1.23044
71	32	1.15986
71	44	1.25205
71	80	1.16997
71	96	1.17989
71	100	0.756211
71	107	1.21625
71	113	1.18246
71	129	1.18483
71	155	1.20114
71	162	0.719546
71	165	0.727124
71	166	0.761544
71	169	0.716348
71	172	0.839592
71	177	1.12283
71	179	0.865515
72	33	0.71928
72	81	1.17265
72	88	1.13733
72	94	1.22039
72	108	1.15912
72	116	1.1791
72	119	1.19568
72	122	1.16549
72	123	1.23695
72	138	0.70158
72	140	0.713344
72	141	0.865581
72	151	0.731069
72	153	1.2038
72	169	1.22687
72	176	0.786427
72	177	0.827895
73	4	1.22145
73	10	0.651997
73	16	1.17091
73	39	1.11642
73	48	1.20125
73	52	1.20147
73	58	1.19496
73	101	0.714944
73	102	1.17695
73	135	1.22713
73	144	1.19346
73	153	1.19275
73	160	0.737011
73	163	0.841221
73	166	0.739255
73	172	0.817303
73	179	0.843225
74	18	1.0282
74	21	1.20209
74	77	1.03476
74	79	1.03298
74	86	0.984908
74	99	1.06791
74	111	1.03523
74	117	1.05063
74	126	1.03361
74	129	0.925012
74	137	0.949471
74	156	1.08411
74	159	0.917202
74	161	1.01244
74	164	1.03836
74	167	0.904587
74	171	0.939169
74	176	1.00695
75	41	1.06307
75	93	1.13942
75	97	1.15227
75	98	1.10857
75	103	1.12879
75	110	1.14612
75	120	1.20664
75	121	1.17906
75	124	1.17909
75	136	0.764683
75	137	0.785395
75	155	1.16387
75	164	1.13924
75	168	0.853284
75	171	0.775092
75	174	0.759227
75	175	0.932664
75	178	0.818212
76	2	1.1851
76	16	1.11646
76	48	1.1468
76	52	1.14702
76	55	1.15061
76	102	1.1225
76	105	1.09333
76	106	1.18307
76	134	0.825873
76	135	1.17268
76	138	0.770886
76	140	0.78265
76	144	1.13901
76	147	0.771402
76	152	0.871379
76	153	1.1383
76	154	0.836947
76	170	0.827275
77	18	1.13644
77	21	1.31033
77	74	1.03476
77	79	1.14121
77	86	1.09314
77	99	1.17614
77	111	1.14346
77	117	1.15886
77	126	1.14184
77	134	0.787986
77	138	0.732999
77	142	0.774991
77	148	0.859099
77	164	1.1466
77	166	0.820461
77	169	0.775265
77	176	1.11519
77	180	0.935279
78	109	1.17511
78	115	1.19419
78	118	1.15673
78	125	1.14976
78	127	1.12216
78	128	1.19463
78	130	1.19931
78	131	1.11161
78	132	1.11162
78	136	0.748969
78	148	0.839855
78	168	0.837571
78	171	1.12572
78	172	1.06101
78	174	0.743513
78	176	0.798602
78	178	0.802498
78	180	0.916035
79	14	1.19213
79	20	0.766134
79	49	1.16652
79	74	1.03298
79	77	1.14121
79	91	0.854257
79	99	1.17436
79	111	1.14169
79	117	1.15709
79	126	1.14007
79	134	0.778365
79	139	0.749961
79	156	1.19057
79	163	0.912806
79	164	1.14482
79	173	0.769815
79	176	1.11341
79	178	0.812121
80	32	1.127
80	51	1.16613
80	53	1.1553
80	54	1.15835
80	71	1.16997
80	87	1.08501
80	96	1.14703
80	107	1.1834
80	113	1.14961
80	141	0.892791
80	146	0.832614
80	150	0.815363
80	154	0.794852
80	155	1.16829
80	173	0.775227
80	174	0.758548
80	177	1.08997
80	178	0.817533
81	3	1.19141
81	42	1.21394
81	43	0.628534
81	72	1.17265
81	85	0.742821
81	91	0.838345
81	94	1.14907
81	108	1.0878
81	116	1.10778
81	119	1.12436
81	122	1.09417
81	123	1.16563
81	153	1.13247
81	161	0.826356
81	169	1.15555
81	175	0.910661
81	178	0.796209
81	179	0.898899
82	18	1.24451
82	69	1.31906
82	86	1.20122
82	99	1.28421
82	111	1.25153
82	117	1.26693
82	126	1.24992
82	136	0.666003
82	139	0.657373
82	156	1.30042
82	160	0.716008
82	161	0.749679
82	162	0.676253
82	164	1.25467
82	165	0.683832
82	176	1.22326
82	177	0.757105
82	179	0.822222
83	1	1.07682
83	12	1.08768
83	22	1.18768
83	26	1.18317
83	27	1.01635
83	84	0.975951
83	89	0.931918
83	95	0.995602
83	100	0.951797
83	133	1.02002
83	135	1.05036
83	144	1.01669
83	147	0.870184
83	148	0.995768
83	156	1.05502
83	158	0.924273
83	161	0.988558
83	171	0.915292
84	12	1.1953
84	22	1.2953
84	26	1.29078
84	27	1.12396
84	69	0.691762
84	83	0.975951
84	89	1.03953
84	95	1.10322
84	133	1.12764
84	135	1.15798
84	144	1.1243
84	150	0.824932
84	156	1.16263
84	159	0.762016
84	162	0.783824
84	167	0.749402
84	172	0.90387
84	179	0.929793
85	3	0.753617
85	41	0.851074
85	81	0.742821
85	107	0.709125
85	113	0.754569
85	123	0.734897
85	130	0.68916
85	139	1.22259
85	148	1.13865
85	154	1.17223
85	158	1.19146
85	161	1.13523
85	168	1.13486
85	174	1.21425
85	175	1.08267
85	178	1.1486
85	179	1.08668
85	180	1.07462
86	40	1.17166
86	49	1.11844
86	74	0.984908
86	77	1.09314
86	82	1.20122
86	99	1.12629
86	111	1.09361
86	117	1.10901
86	118	0.827718
86	126	1.092
86	145	0.857268
86	150	0.873523
86	156	1.1425
86	158	0.841556
86	164	1.09675
86	165	0.839993
86	173	0.833387
86	176	1.06534
86	177	0.913266
87	8	1.14548
87	44	1.16709
87	51	1.11402
87	53	1.10319
87	54	1.10624
87	80	1.08501
87	96	1.09492
87	107	1.13129
87	113	1.0975
87	129	1.09987
87	139	0.822559
87	140	0.807741
87	149	0.90284
87	155	1.11618
87	158	0.850581
87	168	0.919792
87	171	0.8416
87	173	0.842413
87	177	1.03786
88	3	1.15609
88	5	1.15089
88	9	1.14228
88	34	0.737104
88	65	1.02649
88	72	1.13733
88	94	1.11375
88	116	1.07246
88	119	1.08904
88	122	1.05885
88	123	1.13031
88	153	1.09716
88	154	0.858997
88	157	0.949153
88	167	0.803977
88	169	1.12023
88	171	0.838559
88	176	0.877783
88	178	0.881679
89	1	1.1404
89	12	1.15126
89	22	1.25126
89	26	1.24675
89	27	1.07993
89	38	0.71683
89	83	0.931918
89	84	1.03953
89	95	1.05918
89	133	1.0836
89	135	1.11394
89	144	1.08027
89	149	0.863771
89	156	1.1186
89	162	0.802371
89	170	0.813297
89	176	0.841754
89	179	0.94834
89	180	0.959188
90	11	1.27663
90	41	1.18346
90	93	1.25981
90	103	1.24918
90	110	1.26651
90	120	1.32703
90	121	1.29945
90	124	1.29948
90	137	0.66515
90	143	1.29681
90	148	0.735324
90	151	0.638714
90	152	0.709717
90	155	1.28426
90	164	1.25963
90	166	0.696686
90	171	0.654848
90	172	0.774734
90	176	0.694071
90	179	0.800657
91	37	1.03867
91	53	0.839406
91	57	1.13575
91	60	1.08289
91	64	1.15212
91	79	0.854257
91	81	0.838345
91	99	0.844198
91	100	1.08149
91	112	1.13012
91	121	0.802341
91	127	0.873631
91	130	0.784685
91	152	1.08249
91	154	1.09183
91	159	1.13625
91	175	1.00227
91	178	1.0682
91	179	1.00627
91	180	0.994216
92	12	0.812491
92	21	0.770184
92	44	0.805289
92	65	0.929848
92	66	0.935691
92	93	0.825744
92	119	0.839334
92	134	1.11354
92	140	1.1371
92	148	1.05049
92	165	1.13768
92	166	1.09646
92	168	1.0467
92	171	1.0948
92	173	1.10647
92	174	1.12608
92	177	1.04593
92	178	1.06043
92	179	0.998511
92	180	0.986453
93	29	0.766774
93	41	1.07421
93	50	0.696002
93	75	1.13942
93	90	1.25981
93	92	0.825744
93	98	1.11971
93	103	1.13993
93	110	1.15726
93	120	1.21778
93	121	1.19019
93	124	1.19023
93	129	0.713615
93	143	1.18756
93	149	0.789012
93	155	1.17501
93	157	0.838365
93	164	1.15038
93	172	0.847658
93	173	0.728585
94	9	1.22534
94	56	1.19637
94	70	1.10183
94	72	1.22039
94	81	1.14907
94	88	1.11375
94	108	1.13554
94	116	1.15552
94	118	0.746996
94	119	1.1721
94	122	1.14192
94	138	0.706229
94	146	0.810052
94	150	0.792801
94	151	0.735718
94	152	0.806722
94	153	1.18022
94	169	1.2033
94	177	0.832544
94	179	0.897661
95	1	1.20408
95	12	1.21495
95	22	1.31495
95	26	1.31043
95	27	1.14361
95	83	0.995602
95	84	1.10322
95	89	1.05918
95	133	1.14729
95	135	1.17763
95	142	0.781191
95	144	1.14395
95	147	0.739715
95	150	0.825772
95	156	1.18228
95	167	0.750241
95	170	0.795588
95	171	0.784823
95	176	0.824046
95	178	0.827942
96	8	1.2075
96	10	0.720735
96	31	0.724857
96	44	1.22911
96	51	1.17604
96	54	1.16826
96	59	1.1648
96	71	1.17989
96	80	1.14703
96	87	1.09492
96	107	1.19331
96	113	1.15952
96	155	1.1782
96	158	0.775136
96	160	0.805749
96	167	0.731572
96	171	0.766154
96	177	1.09989
96	178	0.809273
96	179	0.911963
97	6	1.19818
97	41	1.08706
97	47	1.08453
97	75	1.15227
97	98	1.13256
97	103	1.15278
97	110	1.17011
97	120	1.23063
97	121	1.20305
97	124	1.20308
97	143	1.20041
97	149	0.819625
97	152	0.813255
97	155	1.18786
97	162	0.758226
97	168	0.836577
97	173	0.759199
97	174	0.74252
97	176	0.797609
97	178	0.801505
98	11	1.13653
98	31	0.735079
98	47	1.04084
98	75	1.10857
98	93	1.11971
98	97	1.13256
98	103	1.10908
98	110	1.12641
98	120	1.18694
98	121	1.15935
98	124	1.15938
98	141	0.894754
98	142	0.772745
98	143	1.15671
98	154	0.796815
98	155	1.14416
98	161	0.849643
98	164	1.11954
98	166	0.818215
98	170	0.787142
98	180	0.933034
99	34	0.657487
99	40	1.25466
99	67	1.21394
99	74	1.06791
99	77	1.17614
99	79	1.17436
99	82	1.28421
99	86	1.12629
99	91	0.844198
99	111	1.17661
99	117	1.19201
99	118	0.754086
99	126	1.17499
99	140	0.725083
99	148	0.839419
99	154	0.77938
99	156	1.22549
99	164	1.17975
99	169	0.755585
99	170	0.769708
99	173	0.759756
99	176	1.14834
100	15	0.764053
100	56	0.804619
100	71	0.756211
100	83	0.951797
100	91	1.08149
100	120	0.745026
100	121	0.753591
100	122	0.826294
100	131	0.834053
100	140	1.16179
100	142	1.1378
100	161	1.07176
100	167	1.17025
100	168	1.07139
100	169	1.1541
100	170	1.12956
100	173	1.13116
100	174	1.15078
100	175	1.0192
100	178	1.08513
100	179	1.0232
100	180	1.01114
101	12	0.732047
101	57	0.744331
101	73	0.714944
101	106	0.765668
101	107	0.736922
101	119	0.75889
101	120	0.726048
101	124	0.758625
101	130	0.716957
101	134	1.20547
101	152	1.16665
101	157	1.12353
101	158	1.19522
101	161	1.13899
101	163	1.10335
101	166	1.18838
101	167	1.23749
101	168	1.13862
101	173	1.1984
101	175	1.08643
101	178	1.15236
101	179	1.09044
101	180	1.07838
102	2	1.19463
102	4	1.17653
102	17	1.11595
102	39	1.0715
102	48	1.15633
102	52	1.15655
102	58	1.15004
102	73	1.17695
102	76	1.1225
102	105	1.10286
102	106	1.1926
102	135	1.18221
102	144	1.14854
102	149	0.838103
102	150	0.817812
102	151	0.760729
102	153	1.14783
102	158	0.785844
102	159	0.754896
102	169	0.773506
102	170	0.787628
102	176	0.816086
102	180	0.933519
103	36	1.06375
103	47	1.06105
103	75	1.12879
103	90	1.24918
103	93	1.13993
103	97	1.15278
103	98	1.10908
103	110	1.14663
103	118	0.751816
103	120	1.20715
103	121	1.17957
103	124	1.1796
103	141	0.875049
103	143	1.17693
103	146	0.814872
103	151	0.740538
103	155	1.16438
103	160	0.796267
103	164	1.13975
103	166	0.79851
103	174	0.740807
103	175	0.914243
103	177	0.837364
104	7	1.26153
104	15	1.1907
104	20	0.722033
104	35	1.13311
104	37	1.13737
104	46	1.14391
104	57	1.23446
104	60	1.18159
104	61	1.17476
104	63	1.17271
104	64	1.25082
104	67	1.24028
104	112	1.22882
104	133	1.21684
104	137	0.735202
104	142	0.721268
104	157	0.835493
104	158	0.733882
104	159	1.23495
104	162	0.72474
104	166	0.766738
104	169	0.721543
104	172	0.844787
104	176	0.764123
105	2	1.16546
105	4	1.14736
105	16	1.09682
105	17	1.08678
105	39	1.04233
105	48	1.12716
105	52	1.12738
105	55	1.13097
105	58	1.12087
105	76	1.09333
105	102	1.10286
105	106	1.16343
105	129	0.784238
105	135	1.15304
105	137	0.808698
105	144	1.11937
105	148	0.878872
105	152	0.853265
105	153	1.11866
105	167	0.763814
105	171	0.798396
105	174	0.78253
105	175	0.955967
105	179	0.944205
106	4	1.2371
106	16	1.18656
106	17	1.17651
106	39	1.13206
106	48	1.2169
106	52	1.21711
106	55	1.2207
106	58	1.2106
106	76	1.18307
106	101	0.765668
106	102	1.1926
106	105	1.16343
106	129	0.733983
106	134	0.757504
106	135	1.24277
106	144	1.2091
106	147	0.703033
106	148	0.828617
106	151	0.732007
106	153	1.20839
106	154	0.768578
106	170	0.758906
106	174	0.732275
106	176	0.787364
107	8	1.24387
107	44	1.26548
107	51	1.21241
107	53	1.20158
107	54	1.20463
107	59	1.20117
107	71	1.21625
107	80	1.1834
107	85	0.709125
107	87	1.13129
107	96	1.19331
107	101	0.736922
107	113	1.19589
107	118	0.714538
107	129	1.19825
107	155	1.21457
107	159	0.697427
107	160	0.758989
107	163	0.863198
107	171	0.719394
107	174	0.703529
107	176	0.758617
107	177	1.13625
107	179	0.865203
108	5	1.17268
108	25	1.11567
108	42	1.20042
108	56	1.1351
108	65	1.04828
108	70	1.04056
108	72	1.15912
108	81	1.0878
108	94	1.13554
108	114	0.803556
108	116	1.09425
108	119	1.11083
108	122	1.08065
108	123	1.15211
108	134	0.840635
108	136	0.820862
108	137	0.841574
108	142	0.82764
108	147	0.786164
108	153	1.11895
108	154	0.85171
108	159	0.809305
108	169	1.14202
108	180	0.987929
109	19	1.18467
109	33	0.71694
109	50	0.713093
109	68	1.22076
109	78	1.17511
109	115	1.25842
109	118	1.22097
109	125	1.21399
109	127	1.18639
109	128	1.25886
109	130	1.26354
109	131	1.17585
109	132	1.17585
109	136	0.734453
109	137	0.755165
109	138	0.69924
109	145	0.769558
109	149	1.15216
109	154	0.765301
109	158	0.753845
109	171	1.18995
109	172	1.12524
109	174	0.728997
109	179	0.890672
110	11	1.17408
110	20	0.744166
110	36	1.08108
110	47	1.07839
110	75	1.14612
110	90	1.26651
110	93	1.15726
110	97	1.17011
110	98	1.12641
110	103	1.14663
110	120	1.22448
110	121	1.1969
110	124	1.19693
110	139	0.727993
110	140	0.713174
110	143	1.19426
110	155	1.18171
110	160	0.786628
110	163	0.890838
110	164	1.15708
110	165	0.754452
110	172	0.86692
110	173	0.747846
110	174	0.731168
110	175	0.904604
111	14	1.19438
111	21	1.3108
111	40	1.22198
111	49	1.16876
111	74	1.03523
111	77	1.14346
111	79	1.14169
111	82	1.25153
111	86	1.09361
111	99	1.17661
111	114	0.713919
111	117	1.15933
111	126	1.14231
111	139	0.722595
111	141	0.860012
111	145	0.76633
111	146	0.799835
111	156	1.19281
111	159	0.719668
111	164	1.14707
111	166	0.783473
111	172	0.861521
111	176	1.11566
111	178	0.784754
111	180	0.898292
112	7	1.22839
112	15	1.15756
112	35	1.09996
112	37	1.10422
112	46	1.11077
112	57	1.20131
112	60	1.14845
112	61	1.14162
112	63	1.13957
112	64	1.21767
112	67	1.20713
112	91	1.13012
112	104	1.22882
112	133	1.18369
112	140	0.736967
112	142	0.767194
112	145	0.79552
112	159	1.20181
112	162	0.770666
112	165	0.778245
112	167	0.736244
112	169	0.767469
112	172	0.890712
112	177	0.851517
112	178	0.813945
113	8	1.21008
113	23	0.773729
113	32	1.13949
113	44	1.23169
113	51	1.17862
113	53	1.16779
113	54	1.17084
113	59	1.16738
113	71	1.18246
113	80	1.14961
113	85	0.754569
113	87	1.0975
113	96	1.15952
113	107	1.19589
113	114	0.737123
113	129	1.16446
113	155	1.18078
113	159	0.742871
113	162	0.764679
113	166	0.806677
113	167	0.730256
113	168	0.84303
113	171	0.764838
113	177	1.10246
113	179	0.910647
114	21	0.644497
114	48	0.728498
114	108	0.803556
114	111	0.713919
114	113	0.737123
114	126	0.721845
114	127	0.76066
114	130	0.671714
114	131	0.769832
114	133	0.743646
114	138	1.26858
114	140	1.23024
114	148	1.14363
114	150	1.16918
114	162	1.2044
114	165	1.23082
114	168	1.13984
114	172	1.12323
114	173	1.19961
114	174	1.21923
114	175	1.08765
114	176	1.16135
114	178	1.15358
114	179	1.09165
114	180	1.07959
115	24	1.18823
115	45	1.15588
115	68	1.23984
115	78	1.19419
115	109	1.25842
115	125	1.23306
115	127	1.20547
115	128	1.27794
115	130	1.28262
115	131	1.19492
115	132	1.19493
115	134	0.72958
115	136	0.709806
115	140	0.686357
115	143	1.25103
115	147	0.675108
115	149	1.17123
115	152	0.775086
115	158	0.729198
115	167	0.685634
115	171	1.20903
115	172	1.14431
115	174	0.704351
115	175	0.877787
115	177	0.800908
115	180	0.876873
116	5	1.19266
116	9	1.18404
116	42	1.2204
116	56	1.15508
116	65	1.06826
116	70	1.06054
116	72	1.1791
116	81	1.10778
116	88	1.07246
116	94	1.15552
116	108	1.09425
116	119	1.13081
116	122	1.10062
116	123	1.17208
116	137	0.792599
116	139	0.763256
116	148	0.862773
116	150	0.823245
116	151	0.766162
116	153	1.13893
116	160	0.821891
116	168	0.860488
116	169	1.162
116	170	0.793062
116	172	0.902183
116	178	0.825416
117	14	1.20978
117	18	1.15231
117	21	1.3262
117	40	1.23738
117	49	1.18416
117	67	1.19666
117	74	1.05063
117	77	1.15886
117	79	1.15709
117	82	1.26693
117	86	1.10901
117	99	1.19201
117	111	1.15933
117	126	1.15771
117	134	0.754795
117	139	0.726392
117	147	0.700324
117	150	0.786381
117	156	1.20822
117	157	0.856025
117	161	0.818698
117	168	0.823624
117	171	0.745432
117	172	0.865318
117	173	0.746245
117	174	0.729566
117	176	1.13106
118	49	0.745371
118	61	0.808732
118	78	1.15673
118	86	0.827718
118	94	0.746996
118	99	0.754086
118	103	0.751816
118	107	0.714538
118	109	1.22097
118	123	0.74031
118	124	0.736241
118	127	1.16802
118	128	1.24049
118	131	1.15747
118	132	1.15748
118	140	1.21388
118	148	1.12727
118	153	0.730105
118	156	0.682452
118	171	1.17157
118	172	1.10686
118	173	1.18325
118	174	1.20286
118	175	1.07129
118	176	1.14499
118	178	1.13721
118	179	1.07529
118	180	1.06323
119	5	1.20924
119	9	1.20063
119	20	0.738495
119	25	1.15223
119	42	1.23698
119	56	1.17166
119	65	1.08484
119	70	1.07712
119	72	1.19568
119	81	1.12436
119	88	1.08904
119	92	0.839334
119	94	1.1721
119	101	0.75889
119	108	1.11083
119	116	1.13081
119	122	1.1172
119	123	1.18866
119	134	0.750725
119	138	0.695739
119	148	0.821838
119	153	1.15551
119	158	0.750344
119	169	1.17858
119	170	0.752128
119	175	0.898933
119	177	0.822054
119	180	0.898019
120	6	1.25255
120	11	1.2346
120	36	1.1416
120	47	1.13891
120	75	1.20664
120	90	1.32703
120	93	1.21778
120	97	1.23063
120	98	1.18694
120	100	0.745026
120	101	0.726048
120	103	1.20715
120	110	1.22448
120	121	1.25742
120	124	1.25745
120	136	0.69811
120	140	0.674661
120	141	0.826897
120	143	1.25478
120	145	0.733215
120	147	0.663412
120	148	0.788996
120	155	1.24223
120	164	1.2176
120	169	0.705163
120	173	0.709333
120	176	0.747743
120	177	0.789212
121	6	1.22497
121	11	1.20701
121	33	0.689162
121	36	1.11402
121	41	1.11385
121	47	1.11132
121	75	1.17906
121	90	1.29945
121	91	0.802341
121	93	1.19019
121	97	1.20305
121	98	1.15935
121	100	0.753591
121	103	1.17957
121	110	1.1969
121	120	1.25742
121	124	1.22987
121	138	0.671462
121	143	1.2272
121	145	0.74178
121	146	0.775285
121	155	1.21465
121	158	0.726067
121	160	0.75668
121	164	1.19002
121	166	0.758924
121	167	0.682503
121	172	0.836972
121	175	0.874657
122	3	1.18425
122	5	1.17905
122	9	1.17044
122	25	1.12204
122	42	1.20679
122	56	1.14147
122	65	1.05466
122	70	1.04693
122	72	1.16549
122	81	1.09417
122	88	1.05885
122	94	1.14192
122	100	0.826294
122	108	1.08065
122	116	1.10062
122	119	1.1172
122	123	1.15848
122	136	0.779379
122	142	0.786157
122	148	0.870265
122	150	0.830737
122	152	0.844658
122	153	1.12532
122	159	0.767821
122	168	0.86798
122	169	1.1484
122	170	0.800554
122	173	0.790601
122	180	0.946445
123	3	1.25571
123	5	1.25051
123	9	1.2419
123	10	0.699747
123	23	0.754057
123	25	1.1935
123	42	1.27825
123	56	1.21293
123	65	1.12612
123	70	1.11839
123	72	1.23695
123	81	1.16563
123	85	0.734897
123	88	1.13031
123	108	1.15211
123	116	1.17208
123	118	0.74031
123	119	1.18866
123	122	1.15848
123	136	0.734757
123	138	0.699543
123	146	0.803367
123	152	0.800036
123	153	1.19678
123	160	0.784761
123	162	0.745007
123	167	0.710585
123	168	0.823359
123	169	1.21986
124	6	1.225
124	11	1.20705
124	36	1.11405
124	41	1.11388
124	47	1.11135
124	50	0.709327
124	75	1.17909
124	90	1.29948
124	93	1.19023
124	97	1.20308
124	98	1.15938
124	101	0.758625
124	103	1.1796
124	110	1.19693
124	118	0.736241
124	120	1.25745
124	121	1.22987
124	137	0.751399
124	143	1.22723
124	147	0.695989
124	155	1.21468
124	160	0.780692
124	164	1.19005
124	167	0.706515
124	173	0.74191
124	174	0.725231
124	175	0.898668
124	176	0.78032
124	178	0.784216
125	19	1.15932
125	24	1.1438
125	28	0.765173
125	30	1.15276
125	45	1.11145
125	66	1.10965
125	68	1.19541
125	78	1.14976
125	109	1.21399
125	115	1.23306
125	127	1.16104
125	128	1.23351
125	130	1.23819
125	131	1.15049
125	132	1.1505
125	143	1.2066
125	145	0.747673
125	147	0.677871
125	149	1.1268
125	151	0.706845
125	163	0.866783
125	164	0.930068
125	169	0.719622
125	170	0.733744
125	171	1.1646
125	172	1.09988
125	174	0.707113
125	178	0.766098
125	179	0.868788
125	180	0.879635
126	14	1.19276
126	18	1.13529
126	21	1.30918
126	40	1.22036
126	49	1.16715
126	67	1.17965
126	69	1.20984
126	74	1.03361
126	77	1.14184
126	79	1.14007
126	82	1.24992
126	86	1.092
126	99	1.17499
126	111	1.14231
126	114	0.721845
126	117	1.15771
126	136	0.739151
126	145	0.774255
126	146	0.807761
126	149	0.810801
126	154	0.769998
126	156	1.1912
126	164	1.14545
126	169	0.746203
126	172	0.869447
126	173	0.750374
126	174	0.733695
126	176	1.11404
126	177	0.830252
126	179	0.89537
127	19	1.13172
127	30	1.12516
127	31	0.747078
127	45	1.08385
127	62	1.1171
127	66	1.08206
127	68	1.16782
127	78	1.12216
127	91	0.873631
127	109	1.18639
127	114	0.76066
127	115	1.20547
127	118	1.16802
127	125	1.16104
127	128	1.20591
127	129	0.774219
127	130	1.21059
127	131	1.1229
127	132	1.1229
127	140	0.754517
127	143	1.179
127	145	0.81307
127	147	0.743268
127	149	1.09921
127	161	0.861642
127	167	0.753794
127	171	1.137
127	172	1.07229
127	174	0.77251
127	177	0.869068
127	180	0.945033
128	13	1.2673
128	24	1.18867
128	30	1.19763
128	38	0.643398
128	62	1.18957
128	66	1.15453
128	68	1.24029
128	69	0.636878
128	78	1.19463
128	109	1.25886
128	115	1.27794
128	118	1.24049
128	125	1.23351
128	127	1.20591
128	130	1.28307
128	131	1.19537
128	132	1.19537
128	139	0.710059
128	143	1.25147
128	145	0.753794
128	148	0.809576
128	149	1.17168
128	159	0.707132
128	160	0.768694
128	162	0.72894
128	163	0.872904
128	165	0.736518
128	167	0.694518
128	170	0.739865
128	171	1.20947
128	172	1.14476
128	174	0.713234
128	179	0.874908
129	1	0.713815
129	18	0.790721
129	24	0.843632
129	32	1.14186
129	42	0.692923
129	45	0.838222
129	53	1.17016
129	54	1.1732
129	59	1.16975
129	71	1.18483
129	74	0.925012
129	87	1.09987
129	93	0.713615
129	105	0.784238
129	106	0.733983
129	107	1.19825
129	113	1.16446
129	127	0.774219
129	130	0.685272
129	138	1.23434
129	144	0.722328
129	152	1.13362
129	155	1.18315
129	160	1.17247
129	173	1.16537
129	175	1.05341
129	176	1.12711
129	177	1.10483
129	178	1.11933
129	179	1.05741
129	180	1.04535
130	13	1.27198
130	24	1.19335
130	30	1.20231
130	45	1.161
130	62	1.19425
130	66	1.15921
130	68	1.24497
130	78	1.19931
130	85	0.68916
130	91	0.784685
130	101	0.716957
130	109	1.26354
130	114	0.671714
130	115	1.28262
130	125	1.23819
130	127	1.21059
130	128	1.28307
130	129	0.685272
130	131	1.20005
130	132	1.20005
130	134	0.708793
130	138	0.653806
130	142	0.695798
130	143	1.25615
130	149	1.17636
130	160	0.739024
130	163	0.843234
130	171	1.21415
130	172	1.14944
130	173	0.700243
130	177	0.780121
130	178	0.742549
130	180	0.856086
131	13	1.18428
131	19	1.12118
131	24	1.10565
131	30	1.11461
131	43	0.672991
131	45	1.07331
131	62	1.10655
131	66	1.07151
131	68	1.15727
131	69	0.705326
131	78	1.11161
131	100	0.834053
131	109	1.17585
131	114	0.769832
131	115	1.19492
131	118	1.15747
131	125	1.15049
131	127	1.1229
131	128	1.19537
131	130	1.20005
131	132	1.11236
131	134	0.80691
131	137	0.807849
131	143	1.16846
131	149	1.08866
131	150	0.838496
131	151	0.781413
131	154	0.817985
131	171	1.12645
131	172	1.06174
131	173	0.79836
131	175	0.955118
131	176	0.83677
131	179	0.943356
132	13	1.18428
132	19	1.12118
132	24	1.10566
132	30	1.11462
132	33	0.744342
132	45	1.07331
132	62	1.10656
132	66	1.07152
132	68	1.15727
132	78	1.11162
132	109	1.17585
132	115	1.19493
132	118	1.15748
132	125	1.1505
132	127	1.1229
132	128	1.19537
132	130	1.20005
132	131	1.11236
132	134	0.781629
132	141	0.890642
132	142	0.768633
132	143	1.16846
132	149	1.08867
132	157	0.882858
132	158	0.781247
132	161	0.845531
132	162	0.772105
132	166	0.814103
132	167	0.737683
132	171	1.12646
132	172	1.06175
132	175	0.929836
132	178	0.815384
132	180	0.928922
133	1	1.2285
133	7	1.2164
133	12	1.23937
133	15	1.14557
133	22	1.33937
133	27	1.16803
133	34	0.669906
133	35	1.08798
133	37	1.09224
133	46	1.09878
133	61	1.12963
133	64	1.20569
133	83	1.02002
133	84	1.12764
133	89	1.0836
133	95	1.14729
133	104	1.21684
133	112	1.18369
133	114	0.743646
133	135	1.20205
133	142	0.767729
133	144	1.16837
133	147	0.726253
133	156	1.2067
133	159	1.18982
133	161	0.844627
133	162	0.771201
133	163	0.915166
133	166	0.813199
133	167	0.736779
133	171	0.771361
133	174	0.755496
133	176	0.810584
133	177	0.852053
133	178	0.81448
134	11	0.777358
134	64	0.723976
134	76	0.825873
134	77	0.787986
134	79	0.778365
134	92	1.11354
134	101	1.20547
134	106	0.757504
134	108	0.840635
134	115	0.72958
134	117	0.754795
134	119	0.750725
134	130	0.708793
134	131	0.80691
134	132	0.781629
134	138	1.23995
134	139	1.19893
134	145	1.17117
134	151	1.19527
134	152	1.13923
134	157	1.09611
134	161	1.11158
134	162	1.17577
134	164	0.738702
134	165	1.20219
134	167	1.21007
134	168	1.1112
134	170	1.16937
134	172	1.09459
134	173	1.17098
134	174	1.19059
134	175	1.05902
134	177	1.11044
134	178	1.12494
134	179	1.06302
134	180	1.05096
135	1	1.25884
135	2	1.24481
135	4	1.22671
135	10	0.68368
135	16	1.17617
135	20	0.726232
135	26	1.36519
135	27	1.19837
135	28	0.771294
135	34	0.627644
135	48	1.20651
135	52	1.20672
135	73	1.22713
135	76	1.17268
135	83	1.05036
135	84	1.15798
135	89	1.11394
135	95	1.17763
135	102	1.18221
135	105	1.15304
135	106	1.24277
135	133	1.20205
135	136	0.71869
135	142	0.725468
135	144	1.19871
135	146	0.7873
135	149	0.79034
135	153	1.198
135	154	0.749537
135	156	1.23704
135	165	0.736518
135	169	0.725743
135	170	0.739865
135	175	0.886671
135	177	0.809791
135	178	0.772219
136	11	0.757585
136	75	0.764683
136	78	0.748969
136	82	0.666003
136	108	0.820862
136	109	0.734453
136	115	0.709806
136	120	0.69811
136	122	0.779379
136	123	0.734757
136	126	0.739151
136	135	0.71869
136	140	1.23353
136	141	1.12764
136	146	1.16875
136	147	1.25151
136	149	1.15344
136	151	1.22719
136	153	0.724551
136	155	0.706018
136	156	0.676899
136	159	1.22492
136	160	1.21001
136	162	1.20769
136	163	1.10786
136	165	1.23411
136	169	1.22584
136	170	1.2013
136	171	1.19123
136	172	1.12652
136	173	1.2029
136	174	1.22252
136	175	1.09094
136	176	1.16464
136	178	1.15687
136	179	1.09494
136	180	1.08288
137	19	0.820856
137	37	0.830573
137	74	0.949471
137	75	0.785395
137	90	0.66515
137	104	0.735202
137	105	0.808698
137	108	0.841574
137	109	0.755165
137	116	0.792599
137	124	0.751399
137	131	0.807849
137	138	1.21117
137	140	1.17283
137	142	1.14884
137	143	0.746444
137	145	1.14239
137	146	1.10805
137	147	1.19081
137	150	1.11177
137	151	1.16649
137	152	1.11045
137	155	0.72673
137	157	1.06734
137	158	1.13902
137	162	1.14699
137	165	1.17341
137	166	1.13218
137	167	1.18129
137	170	1.1406
137	173	1.1422
137	174	1.16181
137	175	1.03024
137	177	1.08166
137	178	1.09616
137	179	1.03424
137	180	1.02218
138	6	0.675885
138	16	0.760394
138	40	0.658683
138	41	0.815719
138	49	0.704604
138	72	0.70158
138	76	0.770886
138	77	0.732999
138	94	0.706229
138	109	0.69924
138	114	1.26858
