1	50	1.25299
1	57	1.3048
1	79	1.25927
1	86	1.17132
1	97	1.19446
1	126	0.672631
1	150	0.706048
1	155	1.21365
1	168	1.10538
1	170	0.983551
1	178	1.36581
1	179	0.995365
2	35	0.955231
2	46	1.07449
2	74	1.03488
2	93	1.12093
2	109	1.04786
2	111	1.0482
2	126	0.838089
2	138	1.05372
2	159	1.09507
2	162	1.17643
2	165	1.12982
2	171	1.44015
3	44	1.21387
3	61	1.16221
3	76	1.31884
3	132	0.921861
3	142	1.15767
3	145	1.23598
3	147	0.767993
3	159	1.27204
3	162	1.11831
3	163	1.05717
3	165	1.07169
3	175	0.971475
4	30	1.19623
4	35	1.13993
4	71	1.25405
4	74	1.21958
4	90	1.18445
4	109	1.23256
4	111	1.2329
4	118	0.810244
4	141	0.844393
4	155	0.840468
4	161	1.15648
4	166	1.18469
5	38	1.14405
5	89	1.18793
5	92	1.18765
5	96	1.20534
5	99	1.20525
5	101	1.20518
5	119	0.768896
5	132	0.95754
5	140	0.909743
5	159	1.27922
5	165	1.10737
5	172	1.09562
6	32	0.99623
6	49	1.07228
6	54	1.06788
6	67	1.09068
6	72	1.05061
6	81	1.06277
6	82	1.06296
6	118	1.03415
6	123	1.10801
6	142	1.118
6	151	1.05277
6	164	1.3255
7	48	1.21069
7	66	1.21714
7	70	1.23136
7	78	1.2957
7	80	1.12895
7	117	0.797166
7	135	0.545671
7	138	1.23077
7	152	1.19361
7	168	1.01633
7	175	1.1086
7	179	1.27708
8	36	1.24649
8	42	1.19126
8	73	1.17272
8	95	1.20824
8	104	1.22337
8	105	1.22325
8	106	0.85909
8	142	1.13912
8	143	0.858074
8	154	0.729677
8	161	0.9984
8	180	1.39088
9	34	1.2677
9	56	1.30336
9	65	1.3712
9	84	1.34796
9	147	0.735711
9	153	0.865323
9	155	0.767311
9	163	1.04019
9	172	1.19051
9	174	1.13535
9	175	1.2336
10	36	1.07867
10	42	1.02344
10	51	1.03579
10	63	1.10459
10	73	1.0049
10	95	1.04042
10	104	1.05554
10	105	1.05543
10	141	1.01689
10	146	1.02181
10	156	1.24965
10	170	1.30425
11	27	1.08182
11	68	1.12711
11	94	1.10897
11	100	1.16563
11	115	1.17795
11	140	1.01928
11	146	1.07183
11	153	1.04282
11	163	1.21769
11	169	1.31775
11	179	0.839368
11	180	0.832552
12	14	1.30259
12	25	1.22946
12	53	1.26866
12	69	1.15773
12	136	1.23932
12	147	0.749364
12	151	1.21914
12	152	1.00696
12	154	0.828247
12	161	1.09697
12	166	1.12519
12	172	1.04131
13	51	1.19707
13	63	1.26587
13	73	1.16618
13	95	1.20169
13	104	1.21682
13	105	1.21671
13	131	0.850643
13	142	1.13258
13	149	1.01349
13	150	0.864565
13	153	0.948788
13	161	1.16678
14	12	1.30259
14	39	1.18142
14	69	1.17122
14	112	0.965924
14	124	1.24231
14	134	0.719984
14	136	1.25281
14	140	0.837408
14	151	1.23263
14	152	1.02045
14	164	1.02405
14	173	1.29233
15	89	1.1743
15	92	1.17402
15	96	1.19171
15	99	1.19162
15	101	1.19155
15	118	0.91517
15	120	0.858172
15	134	1.21755
15	139	0.818522
15	148	1.03079
15	159	1.26559
15	172	1.20574
16	52	1.26509
16	58	1.31075
16	75	1.18119
16	83	1.20027
16	88	1.16475
16	98	0.134156
16	126	0.938216
16	139	0.830972
16	143	1.13353
16	155	1.20196
16	172	1.06704
16	174	1.32588
17	50	1.24239
17	57	1.2942
17	62	1.32417
17	86	1.16072
17	97	1.18386
17	144	0.854543
17	149	0.991958
17	155	1.20305
17	157	0.881907
17	170	1.12054
17	175	1.00113
17	179	0.984765
18	29	1.20722
18	52	1.27898
18	75	1.19508
18	83	1.21416
18	88	1.17864
18	120	0.794928
18	123	0.925785
18	138	1.24618
18	147	0.850551
18	148	0.96755
18	168	1.29527
18	172	1.08093
19	33	1.29824
19	40	1.22625
19	75	1.18788
19	83	1.20697
19	88	1.17144
19	127	0.90978
19	130	0.968661
19	138	1.23899
19	144	0.780959
19	158	1.05335
19	172	1.07373
19	174	1.1237
20	37	1.30551
20	50	1.16342
20	62	1.24519
20	79	1.1697
20	86	1.08174
20	97	1.10489
20	121	1.04337
20	131	0.923892
20	135	0.866486
20	137	0.968102
20	155	1.12407
20	168	1.33714
20	179	0.905793
21	59	1.09867
21	61	1.09366
21	76	1.2503
21	125	1.15351
21	129	1.16394
21	144	0.794712
21	145	1.16743
21	159	1.20349
21	162	1.08813
21	163	0.988625
21	172	1.02976
21	173	1.29881
21	175	0.941298
22	50	1.17094
22	57	1.22275
22	62	1.25271
22	86	1.08926
22	97	1.11241
22	106	1.15819
22	122	1.1635
22	134	0.938542
22	141	0.98542
22	145	1.16722
22	154	1.02878
22	157	1.03416
22	179	0.913312
23	56	0.493622
23	107	0.3389
23	109	0.47534
23	124	0.391783
23	136	0.44897
23	159	0.256625
23	167	1.31699
23	169	1.3159
23	171	1.26492
23	173	1.28124
23	174	1.3294
23	177	1.30197
23	178	1.25896
24	38	1.0778
24	43	1.16884
24	89	1.12168
24	92	1.1214
24	96	1.13909
24	99	1.139
24	101	1.13893
24	114	0.881714
24	148	0.994834
24	155	0.909434
24	159	1.21297
24	163	1.18232
24	172	1.16978
25	12	1.22946
25	39	1.10828
25	53	1.20901
25	69	1.09808
25	118	1.18305
25	130	1.0808
25	136	1.17967
25	139	0.740929
25	144	0.893098
25	151	1.1595
25	152	0.947318
25	163	1.14068
25	168	1.28092
26	60	1.3759
26	66	1.30819
26	78	1.38674
26	80	1.21999
26	120	0.660956
26	124	1.30548
26	133	0.638916
26	134	1.31512
26	142	0.801804
26	168	1.1613
26	169	1.12111
26	172	1.00852
26	175	1.19964
27	11	1.08182
27	41	1.20148
27	64	1.23146
27	68	1.23412
27	94	1.21598
27	100	1.27265
27	116	1.13525
27	133	0.890007
27	135	0.94173
27	139	0.872397
27	170	1.29056
27	179	0.946387
27	180	0.939571
28	63	1.26761
28	80	1.10552
28	100	1.28498
28	104	1.21856
28	105	1.21845
28	127	0.973704
28	154	0.86687
28	161	1.13559
28	164	1.0807
28	172	1.07993
28	175	1.08517
28	179	0.958716
28	180	0.9519
29	18	1.20722
29	40	1.14948
29	58	1.24067
29	75	1.11111
29	88	1.09466
29	126	0.861426
29	128	0.743307
29	132	1.00332
29	138	1.16221
29	148	0.966455
29	155	1.13187
29	172	0.996953
29	179	1.55492
30	4	1.19623
30	90	1.10503
30	93	1.22621
30	109	1.15314
30	111	1.15347
30	118	0.901622
30	120	0.844623
30	142	0.985471
30	151	1.13299
30	152	0.920815
30	159	1.20034
30	163	1.20473
30	165	1.20394
31	34	1.10176
31	56	1.13742
31	65	1.20527
31	84	1.18202
31	85	1.20366
31	134	0.778947
31	137	0.865977
31	142	0.875525
31	145	1.19513
31	152	1.4123
31	167	1.21176
31	172	1.02457
31	175	1.06766
32	6	0.99623
32	49	1.11215
32	54	1.10775
32	67	1.13055
32	72	1.09049
32	81	1.10264
32	82	1.10283
32	128	0.868492
32	140	1.08071
32	143	1.18192
32	146	1.10248
32	147	0.974641
32	151	1.09264
32	161	1.32225
33	19	1.29824
33	40	1.24769
33	52	1.29322
33	75	1.20932
33	83	1.2284
33	88	1.19288
33	118	0.893984
33	119	0.857832
33	131	0.924075
33	134	0.881255
33	148	1.00961
33	155	1.23009
33	160	1.10996
33	172	1.09516
34	9	1.2677
34	31	1.10176
34	56	1.0607
34	65	1.12854
34	85	1.12693
34	116	1.04303
34	131	0.906912
34	145	1.1184
34	149	1.06976
34	156	1.14373
34	157	1.05779
34	172	0.947847
34	174	1.27508
34	175	0.990937
35	2	0.955231
35	4	1.13993
35	46	1.12347
35	71	1.11832
35	74	1.08385
35	90	1.04872
35	93	1.1699
35	109	1.09683
35	111	1.09717
35	119	0.935525
35	134	0.958948
35	135	0.944362
35	158	1.29958
35	170	1.29319
36	8	1.24649
36	10	1.07867
36	51	1.227
36	63	1.29579
36	95	1.23162
36	104	1.24675
36	105	1.24664
36	112	0.859565
36	113	0.929737
36	125	1.22689
36	130	0.869576
36	158	0.95426
36	167	1.04644
36	174	1.02461
37	20	1.30551
37	57	1.4131
37	79	1.36757
37	86	1.27961
37	97	1.30276
37	114	0.750086
37	121	0.897149
37	144	0.803103
37	154	0.825091
37	155	1.32194
37	160	0.963557
37	174	1.14584
37	179	1.10366
38	5	1.14405
38	24	1.0778
38	43	1.10458
38	89	1.05741
38	92	1.05713
38	96	1.07483
38	99	1.07473
38	101	1.07466
38	120	0.813063
38	146	0.909141
38	155	0.900287
38	159	1.14871
38	162	1.219
38	180	1.60877
39	14	1.18142
39	25	1.10828
39	53	1.14748
39	69	1.03655
39	118	1.12152
39	124	1.10764
39	136	1.11814
39	141	0.877718
39	144	0.899089
39	151	1.09797
39	152	0.885788
39	162	1.19251
39	170	1.16508
39	177	1.31361
40	19	1.22625
40	29	1.14948
40	33	1.24769
40	58	1.2669
40	75	1.13733
40	83	1.15641
40	88	1.12089
40	140	0.827474
40	146	0.761857
40	155	1.1581
40	162	1.07172
40	163	1.02588
40	167	1.14287
40	168	1.16612
40	172	1.02318
41	27	1.20148
41	64	1.2441
41	68	1.24677
41	94	1.22863
41	100	1.2853
41	127	0.984827
41	130	1.04371
41	134	0.787757
41	136	1.20183
41	146	1.19149
41	156	1.0674
41	163	1.10359
41	175	1.00259
41	179	0.959032
41	180	0.952216
42	8	1.19126
42	10	1.02344
42	51	1.17178
42	63	1.24057
42	73	1.14088
42	95	1.1764
42	104	1.19153
42	105	1.19142
42	112	1.04507
42	113	1.11524
42	117	1.03604
42	125	1.17167
42	126	0.822456
42	141	0.84601
42	164	1.1032
43	24	1.16884
43	38	1.10458
43	89	1.14846
43	92	1.14818
43	96	1.16587
43	99	1.16578
43	101	1.16571
43	114	0.74778
43	129	1.2002
43	150	0.78929
43	159	1.23975
43	169	1.14844
43	174	1.14354
43	175	0.947384
43	176	1.21763
44	3	1.21387
44	59	1.12089
44	61	1.11588
44	76	1.27251
44	77	1.26949
44	129	1.18616
44	142	1.11135
44	149	0.843914
44	152	1.2716
44	155	0.681203
44	159	1.22571
44	160	0.866952
44	163	1.01084
44	173	1.2106
44	176	1.12333
45	95	1.21443
45	96	1.1858
45	99	1.18571
45	101	1.18564
45	104	1.22956
45	105	1.22944
45	108	1.13511
45	110	1.18478
45	132	0.865613
45	154	0.790628
45	160	0.929094
45	169	1.11628
45	174	1.11138
45	177	1.18316
45	180	0.962892
46	2	1.07449
46	35	1.12347
46	90	1.16799
46	93	1.28917
46	109	1.2161
46	111	1.21644
46	132	0.887418
46	134	0.722196
46	138	1.22195
46	151	1.19596
46	152	0.983777
46	157	0.81781
46	163	1.03803
46	168	1.17827
46	171	1.34758
47	56	1.15752
47	65	1.22537
47	84	1.20212
47	85	1.22376
47	124	1.19361
47	137	0.663633
47	145	1.21522
47	153	0.717568
47	157	1.15462
47	167	1.00942
47	169	0.992491
47	172	1.04467
47	175	1.08776
47	179	1.29342
47	180	1.32804
48	7	1.21069
48	60	1.23519
48	66	1.16747
48	70	1.18169
48	78	1.24603
48	80	1.07928
48	118	0.782995
48	124	1.16477
48	128	0.675471
48	134	1.17441
48	157	0.86588
48	170	1.10451
48	172	1.07356
48	175	1.05893
48	178	1.48677
49	6	1.07228
49	32	1.11215
49	55	1.17288
49	72	1.16653
49	81	1.17869
49	82	1.17888
49	115	1.28465
49	146	1.17853
49	151	1.16869
49	165	0.851438
49	173	1.10874
49	175	0.751222
49	176	1.02146
49	177	1.01916
49	179	1.25321
50	1	1.25299
50	17	1.24239
50	20	1.16342
50	22	1.17094
50	79	1.22547
50	86	1.13751
50	97	1.16066
50	139	0.641736
50	154	0.815893
50	155	1.17984
50	157	0.821269
50	173	1.29801
50	175	0.940492
50	179	0.96156
50	180	1.4771
51	10	1.03579
51	13	1.19707
51	36	1.227
51	42	1.17178
51	73	1.15323
51	95	1.18875
51	104	1.20388
51	105	1.20377
51	119	0.823484
51	131	0.889727
51	140	0.964331
51	142	1.11964
51	153	0.987871
51	169	1.2628
51	175	1.06174
52	16	1.26509
52	18	1.27898
52	33	1.29322
52	58	1.31243
52	83	1.20195
52	88	1.16642
52	117	0.81461
52	139	0.493781
52	155	1.20363
52	156	0.85734
52	163	0.893535
52	172	1.06871
52	179	1.29452
52	180	1.32914
53	12	1.26866
53	25	1.20901
53	39	1.14748
53	69	1.13728
53	106	1.12347
53	118	1.22225
53	124	1.20837
53	139	0.768121
53	142	0.948619
53	147	0.863395
53	150	0.908782
53	151	1.1987
53	152	0.986518
53	165	1.16709
53	177	1.33481
54	6	1.06788
54	32	1.10775
54	55	1.16848
54	67	1.2022
54	72	1.16213
54	81	1.17429
54	82	1.17448
54	115	1.28025
54	118	0.793032
54	136	1.18447
54	137	0.867333
54	156	1.05994
54	164	1.08437
54	174	1.19129
54	175	0.995139
55	49	1.17288
55	54	1.16848
55	67	1.19128
55	72	1.15122
55	81	1.16338
55	82	1.16357
55	121	0.970664
55	134	0.808368
55	136	1.17355
55	146	1.16321
55	151	1.15337
55	154	0.898605
55	157	0.903982
55	168	1.26444
55	170	1.14261
56	9	1.30336
56	23	0.493622
56	31	1.13742
56	34	1.0607
56	47	1.15752
56	84	1.14096
56	85	1.16259
56	124	1.13244
56	128	0.735911
56	134	0.830706
56	157	1.09345
56	162	1.19237
56	172	0.983504
56	174	1.2417
56	175	1.02659
56	179	1.54753
57	1	1.3048
57	17	1.2942
57	22	1.22275
57	37	1.4131
57	79	1.27728
57	86	1.18933
57	97	1.21247
57	131	0.631336
57	145	1.26729
57	149	0.79418
57	162	0.950183
57	163	0.90435
57	164	0.892586
57	176	1.07359
57	178	1.30502
57	179	1.01337
58	16	1.31075
58	29	1.24067
58	40	1.2669
58	52	1.31243
58	75	1.22853
58	83	1.24761
58	88	1.21208
58	117	0.876949
58	119	0.616617
58	121	0.802334
58	127	0.83711
58	155	1.24929
58	166	1.02722
58	170	0.974283
58	172	1.11437
58	180	1.39148
59	21	1.09867
59	44	1.12089
59	61	1.06923
59	76	1.22587
59	77	1.22284
59	117	1.13559
59	125	1.12908
59	133	0.832375
59	139	0.814765
59	142	1.0647
59	144	0.966934
59	145	1.143
59	159	1.17906
59	163	0.964194
59	164	1.20275
59	167	1.3315
60	26	1.3759
60	48	1.23519
60	66	1.24164
60	70	1.25586
60	78	1.3202
60	80	1.15345
60	124	1.23894
60	134	1.24858
60	156	0.898102
60	157	0.714076
60	164	0.922532
60	169	1.03435
60	170	0.952706
60	172	0.921761
60	175	1.1331
60	177	1.10123
61	3	1.16221
61	21	1.09366
61	44	1.11588
61	59	1.06923
61	76	1.22085
61	77	1.21783
61	129	1.13449
61	142	1.05968
61	149	0.91998
61	155	0.757268
61	159	1.17405
61	163	0.95918
61	166	1.10149
61	174	1.12531
61	176	1.19939
61	177	1.19708
62	17	1.32417
62	20	1.24519
62	22	1.25271
62	79	1.30724
62	86	1.21929
62	97	1.24243
62	113	0.930646
62	126	0.637858
62	131	0.657354
62	132	0.779756
62	145	1.29725
62	155	1.26162
62	162	0.976201
62	173	1.18688
62	179	1.04334
62	180	1.36597
63	10	1.10459
63	13	1.26587
63	28	1.26761
63	36	1.29579
63	42	1.24057
63	73	1.22203
63	95	1.25755
63	104	1.27267
63	105	1.27256
63	106	1.00034
63	135	0.7661
63	137	0.867716
63	146	0.832494
63	155	0.823639
63	175	0.995522
63	176	1.26576
64	27	1.23146
64	41	1.2441
64	68	1.27674
64	94	1.2586
64	100	1.31527
64	112	1.14658
64	125	1.22899
64	136	1.2318
64	137	0.715561
64	155	0.671484
64	164	0.932601
64	166	1.01571
64	167	1.06135
64	176	1.11361
64	178	1.34503
64	179	0.989006
64	180	0.98219
65	9	1.3712
65	31	1.20527
65	34	1.12854
65	47	1.22537
65	84	1.2088
65	85	1.23044
65	116	0.883591
65	130	0.960608
65	143	0.92329
65	145	1.2219
65	157	1.1613
65	160	0.933359
65	161	1.06362
65	165	1.01971
65	170	1.0389
65	172	1.05135
65	175	1.09444
66	7	1.21714
66	26	1.30819
66	48	1.16747
66	60	1.24164
66	70	1.18815
66	78	1.25248
66	80	1.08574
66	113	0.998055
66	134	1.18087
66	135	0.667357
66	138	1.18755
66	146	0.73375
66	164	0.986013
66	166	1.06912
66	172	0.985241
66	175	1.06538
66	179	1.39877
67	6	1.09068
67	32	1.13055
67	54	1.2022
67	55	1.19128
67	72	1.18493
67	81	1.19709
67	82	1.19728
67	115	1.30305
67	117	1.15129
67	123	1.00097
67	126	0.937705
67	128	0.819586
67	131	0.957201
67	135	0.899795
67	136	1.20727
67	148	1.04273
67	151	1.18709
68	11	1.12711
68	27	1.23412
68	41	1.24677
68	64	1.27674
68	94	1.26127
68	100	1.31794
68	123	0.867637
68	136	1.23447
68	142	0.877628
68	146	1.22413
68	147	0.792403
68	152	1.4144
68	153	0.922015
68	157	0.876663
68	172	1.08435
68	179	0.991673
68	180	0.984857
69	12	1.15773
69	14	1.17122
69	25	1.09808
69	39	1.03655
69	53	1.13728
69	106	1.01254
69	116	1.13675
69	118	1.11132
69	120	0.913543
69	124	1.09744
69	132	1.12304
69	133	0.891503
69	136	1.10794
69	151	1.08777
69	152	0.875589
69	155	1.00077
69	173	1.53016
70	7	1.23136
70	48	1.18169
70	60	1.25586
70	66	1.18815
70	78	1.2667
70	80	1.09995
70	106	0.955356
70	124	1.18544
70	132	0.900928
70	134	1.19508
70	138	1.20177
70	140	0.853131
70	141	0.782585
70	158	1.07634
70	166	1.12289
70	169	1.1516
70	175	1.0796
71	4	1.25405
71	35	1.11832
71	74	1.19797
71	90	1.16284
71	93	1.28402
71	109	1.21095
71	111	1.21129
71	121	0.982199
71	138	1.2168
71	141	0.866782
71	142	0.916482
71	146	0.871712
71	152	0.97863
71	157	0.915518
71	158	1.16054
71	159	1.25816
71	164	1.12397
72	6	1.05061
72	32	1.09049
72	49	1.16653
72	54	1.16213
72	55	1.15122
72	67	1.18493
72	81	1.15702
72	82	1.15721
72	114	0.853651
72	119	0.814996
72	133	0.772109
72	136	1.1672
72	146	1.15686
72	151	1.14702
72	155	0.881372
72	170	1.17266
72	176	1.3235
72	177	1.32119
73	8	1.17272
73	10	1.0049
73	13	1.16618
73	42	1.14088
73	51	1.15323
73	63	1.22203
73	95	1.15785
73	104	1.17298
73	105	1.17287
73	116	0.92052
73	125	1.15312
73	142	1.08874
73	143	0.960219
73	148	0.869938
73	150	0.798327
73	158	1.08222
73	166	1.12876
73	171	1.36697
74	2	1.03488
74	4	1.21958
74	35	1.08385
74	71	1.19797
74	109	1.17648
74	111	1.17682
74	120	0.793944
74	122	1.1839
74	123	0.924801
74	138	1.18234
74	149	1.04388
74	151	1.15634
74	152	0.944164
74	153	0.979179
74	154	0.928451
74	159	1.22369
74	165	1.15327
74	176	1.32329
75	16	1.18119
75	18	1.19508
75	19	1.18788
75	29	1.11111
75	33	1.20932
75	40	1.13733
75	58	1.22853
75	83	1.11805
75	88	1.08252
75	116	0.892437
75	123	0.80009
75	126	0.736827
75	138	1.15007
75	152	1.34685
75	154	0.803739
75	161	1.07246
75	172	0.984809
75	180	1.46494
76	3	1.31884
76	21	1.2503
76	44	1.27251
76	59	1.22587
76	61	1.22085
76	77	1.37446
76	125	1.2807
76	130	0.872654
76	142	1.21632
76	144	0.684951
76	155	0.659655
76	158	0.957338
76	159	1.33068
76	161	0.975662
76	162	0.97837
76	163	1.11581
76	165	0.931754
76	178	1.3332
77	44	1.26949
77	59	1.22284
77	61	1.21783
77	76	1.37446
77	106	0.766038
77	125	1.27768
77	129	1.28811
77	140	0.663813
77	142	1.2133
77	145	1.2916
77	146	0.598196
77	152	1.17974
77	159	1.32766
77	163	1.11279
77	166	0.933568
77	174	0.957378
77	177	1.02916
77	178	1.26289
78	7	1.2957
78	26	1.38674
78	48	1.24603
78	60	1.3202
78	66	1.25248
78	70	1.2667
78	80	1.16429
78	124	1.24978
78	133	0.641381
78	138	1.2661
78	144	0.77594
78	146	0.759499
78	149	0.913356
78	154	0.797928
78	156	0.987331
78	171	1.33308
78	175	1.14394
78	177	1.19046
79	1	1.25927
79	20	1.1697
79	37	1.36757
79	50	1.22547
79	57	1.27728
79	62	1.30724
79	86	1.1438
79	97	1.16694
79	112	0.990947
79	118	0.757735
79	120	0.700737
79	134	0.745007
79	137	0.832037
79	143	0.96364
79	145	1.22176
79	155	1.18613
79	171	1.37039
79	173	1.31736
79	179	0.967845
80	7	1.12895
80	26	1.21999
80	28	1.10552
80	48	1.07928
80	60	1.15345
80	66	1.08574
80	70	1.09995
80	78	1.16429
80	124	1.08304
80	134	1.09267
80	138	1.09936
80	147	0.651177
80	160	0.868526
80	162	1.00149
80	171	1.26521
80	173	1.21217
80	174	1.05081
80	175	0.97719
80	180	1.39126
81	6	1.06277
81	32	1.10264
81	49	1.17869
81	54	1.17429
81	55	1.16338
81	67	1.19709
81	72	1.15702
81	82	1.16937
81	115	1.27514
81	121	0.963299
81	136	1.17936
81	141	0.847882
81	146	1.16902
81	147	0.812358
81	151	1.15918
81	153	0.941969
81	157	0.896618
81	160	1.02971
81	169	1.21689
81	177	1.28377
82	6	1.06296
82	32	1.10283
82	49	1.17888
82	54	1.17448
82	55	1.16357
82	67	1.19728
82	72	1.15721
82	81	1.16937
82	115	1.27533
82	123	0.849313
82	134	0.762726
82	136	1.17955
82	142	0.859304
82	146	1.16921
82	151	1.15937
82	163	1.07856
82	166	1.14991
82	172	1.06602
82	175	0.977562
82	176	1.2478
83	16	1.20027
83	18	1.21416
83	19	1.20697
83	33	1.2284
83	40	1.15641
83	52	1.20195
83	58	1.24761
83	75	1.11805
83	88	1.1016
83	112	1.05842
83	119	0.789054
83	127	1.00955
83	134	0.812477
83	138	1.16915
83	154	0.902714
83	155	1.13881
83	158	1.15311
83	163	1.12831
83	165	1.12753
83	172	1.00389
84	9	1.34796
84	31	1.18202
84	47	1.20212
84	56	1.14096
84	65	1.2088
84	85	1.20719
84	106	1.09214
84	112	1.07259
84	124	1.17704
84	133	0.76034
84	135	0.812064
84	140	0.944075
84	143	1.04528
84	144	0.8949
84	145	1.19866
84	157	1.13805
84	161	1.18561
84	167	1.25947
84	172	1.02811
84	175	1.0712
85	31	1.20366
85	34	1.12693
85	47	1.22376
85	56	1.16259
85	65	1.23044
85	84	1.20719
85	106	1.11378
85	118	0.674263
85	124	1.19868
85	134	0.661534
85	145	1.22029
85	148	0.789887
85	153	0.802499
85	157	1.15969
85	163	0.977369
85	171	1.28692
85	172	1.04974
85	175	1.09283
85	179	1.37836
85	180	1.41297
86	1	1.17132
86	17	1.16072
86	20	1.08174
86	22	1.08926
86	37	1.27961
86	50	1.13751
86	57	1.18933
86	62	1.21929
86	79	1.1438
86	97	1.07898
86	121	0.98021
86	122	1.13007
86	133	0.751605
86	139	0.733995
86	145	1.1338
86	154	0.908152
86	160	1.04662
86	162	1.17958
86	173	1.39026
86	177	1.30068
86	179	0.879887
87	91	1.45937
87	98	1.32293
87	102	1.32183
87	103	1.53613
87	107	1.47455
87	108	1.28661
87	110	1.33627
87	127	0.853747
87	139	0.572757
87	147	0.66803
87	148	0.785029
87	149	0.862341
87	157	1.31451
87	163	1.19631
87	164	0.960747
87	169	1.07257
87	171	1.28206
87	175	0.871512
87	180	1.11439
88	16	1.16475
88	18	1.17864
88	19	1.17144
88	29	1.09466
88	33	1.19288
88	40	1.12089
88	52	1.16642
88	58	1.21208
88	75	1.08252
88	83	1.1016
88	128	0.66106
88	130	1.01181
88	138	1.13362
88	139	0.671935
88	141	0.802733
88	155	1.10329
88	167	1.18867
88	172	0.968366
88	175	0.970691
88	178	1.47236
88	180	1.50729
89	5	1.18793
89	15	1.1743
89	24	1.12168
89	38	1.05741
89	43	1.14846
89	92	1.10101
89	96	1.11871
89	99	1.11861
89	101	1.11854
89	112	1.06019
89	129	1.15303
89	132	1.02342
89	133	0.791888
89	134	1.14455
89	135	0.843612
89	137	0.945228
89	139	0.774278
89	159	1.19259
89	165	1.17325
89	172	1.1615
89	179	1.57502
90	4	1.18445
90	30	1.10503
90	35	1.04872
90	46	1.16799
90	71	1.16284
90	93	1.21442
90	106	0.92795
90	109	1.14136
90	111	1.14169
90	112	0.954241
90	122	1.14877
90	138	1.14721
90	150	0.765042
90	151	1.12121
90	152	0.909035
90	153	0.849266
90	159	1.18856
90	160	0.937004
90	172	1.0116
90	178	1.4248
90	179	1.42512
91	87	1.45937
91	98	1.24382
91	102	1.24272
91	103	1.45702
91	107	1.39545
91	108	1.2075
91	110	1.25717
91	148	0.66658
91	156	0.817867
91	157	1.2354
91	163	1.1172
91	165	0.853279
91	166	0.925407
91	167	0.971044
91	169	0.954117
91	174	0.949218
91	178	1.25473
91	180	1.03528
92	5	1.18765
92	15	1.17402
92	24	1.1214
92	38	1.05713
92	43	1.14818
92	89	1.10101
92	96	1.11843
92	99	1.11833
92	101	1.11827
92	112	1.05991
92	114	0.783023
92	129	1.15275
92	134	1.14427
92	135	0.753204
92	146	0.819598
92	159	1.19231
92	160	0.996493
92	162	1.12946
92	164	1.07186
92	176	1.25287
92	178	1.48429
93	2	1.12093
93	30	1.22621
93	35	1.1699
93	46	1.28917
93	71	1.28402
93	90	1.21442
93	109	1.26253
93	111	1.26287
93	118	0.879575
93	122	1.26995
93	123	0.953433
93	128	0.772051
93	135	0.85226
93	141	0.913724
93	147	0.878199
93	150	0.923587
93	151	1.24239
93	152	1.03021
93	159	1.30974
93	163	1.18268
93	172	1.17014
94	11	1.10897
94	27	1.21598
94	41	1.22863
94	64	1.2586
94	68	1.26127
94	100	1.2998
94	112	1.13111
94	115	1.31211
94	117	1.1025
94	119	0.842164
94	125	1.21352
94	126	0.888911
94	128	0.770792
94	134	0.865587
94	136	1.21633
94	141	0.912465
94	146	1.20599
94	153	1.00655
94	156	1.14523
94	169	1.28148
94	179	0.973533
94	180	0.966717
95	8	1.20824
95	10	1.04042
95	13	1.20169
95	36	1.23162
95	42	1.1764
95	45	1.21443
95	51	1.18875
95	63	1.25755
95	73	1.15785
95	104	1.2085
95	105	1.20839
95	113	1.05283
95	119	0.713298
95	121	0.899016
95	125	1.18864
95	128	0.641926
95	141	0.783599
95	142	1.12426
95	146	0.788528
95	152	1.37007
95	166	1.1239
95	179	1.45354
96	5	1.20534
96	15	1.19171
96	24	1.13909
96	38	1.07483
96	43	1.16587
96	45	1.1858
96	89	1.11871
96	92	1.11843
96	99	1.13603
96	101	1.13596
96	112	1.07761
96	127	0.946856
96	129	1.17045
96	134	1.16196
96	142	0.846363
96	144	0.818034
96	154	0.840022
96	159	1.21
96	160	0.978488
96	163	1.06562
96	167	1.1826
96	175	0.964621
96	180	1.50122
97	1	1.19446
97	17	1.18386
97	20	1.10489
97	22	1.11241
97	37	1.30276
97	50	1.16066
97	57	1.21247
97	62	1.24243
97	79	1.16694
97	86	1.07898
97	114	0.868512
97	122	1.15322
97	123	0.939867
97	142	0.949858
97	143	1.07191
97	145	1.15695
97	146	0.905087
97	147	0.864633
97	155	1.12131
97	170	1.18752
97	174	1.26427
97	175	1.06812
97	179	0.903033
98	16	0.134156
98	87	1.32293
98	91	1.24382
98	102	1.10628
98	103	1.32058
98	107	1.25901
98	108	1.07106
98	110	1.12072
98	114	0.837482
98	115	1.24424
98	118	1.15183
98	119	0.798827
98	122	1.15584
98	127	1.01932
98	129	1.15608
98	140	0.939674
98	152	1.4556
98	157	1.09896
98	160	1.05095
98	161	1.18121
98	163	0.980762
98	171	1.44764
98	180	0.898842
99	5	1.20525
99	15	1.19162
99	24	1.139
99	38	1.07473
99	43	1.16578
99	45	1.18571
99	89	1.11861
99	92	1.11833
99	96	1.13603
99	101	1.13587
99	112	1.07751
99	129	1.17035
99	130	1.01012
99	134	1.16187
99	135	0.739578
99	142	0.850742
99	146	0.805972
99	152	1.38751
99	155	0.797117
99	159	1.20991
99	165	1.06922
99	170	1.08841
99	171	1.37955
100	11	1.16563
100	27	1.27265
100	28	1.28498
100	41	1.2853
100	64	1.31527
100	68	1.31794
100	94	1.2998
100	112	1.18778
100	114	0.778002
100	115	1.36878
100	136	1.273
100	139	0.67885
100	146	1.26266
100	147	0.774123
100	148	0.891122
100	155	0.805723
100	157	0.858383
100	165	1.07782
100	167	1.19559
100	168	1.21884
100	170	1.09701
100	179	1.0302
100	180	1.02339
101	5	1.20518
101	15	1.19155
101	24	1.13893
101	38	1.07466
101	43	1.16571
101	45	1.18564
101	89	1.11854
101	92	1.11827
101	96	1.13596
101	99	1.13587
101	112	1.07744
101	126	0.893504
101	129	1.17028
101	131	0.913
101	134	1.1618
101	139	0.78626
101	150	0.926922
101	154	0.960417
101	156	1.14982
101	157	0.965794
101	159	1.20984
101	164	1.17425
101	176	1.35526
102	87	1.32183
102	91	1.24272
102	98	1.10628
102	103	1.31948
102	107	1.25791
102	108	1.06996
102	110	1.11963
102	115	1.24314
102	118	1.15074
102	119	0.731824
102	121	0.917542
102	122	1.15474
102	129	1.15498
102	132	0.920469
102	133	0.688937
102	153	0.896212
102	157	1.09787
102	163	0.979665
102	164	1.05932
102	168	1.21132
102	176	1.24032
102	179	1.47207
102	180	0.897745
103	87	1.53613
103	91	1.45702
103	98	1.32058
103	102	1.31948
103	107	1.47221
103	108	1.28426
103	110	1.33393
103	112	0.853243
103	116	0.786237
103	129	1.36928
103	142	0.703881
103	150	0.664045
103	157	1.31216
103	160	0.836006
103	163	1.19396
103	165	0.922355
103	174	1.01829
103	175	0.822139
103	176	1.09238
103	177	1.09007
103	180	1.11204
104	8	1.22337
104	10	1.05554
104	13	1.21682
104	28	1.21856
104	36	1.24675
104	42	1.19153
104	45	1.22956
104	51	1.20388
104	63	1.27267
104	73	1.17298
104	95	1.2085
104	105	1.22352
104	125	1.20377
104	131	0.720353
104	140	0.794957
104	142	1.13939
104	148	0.805886
104	155	0.720486
104	158	1.01817
104	167	1.11035
104	172	0.980832
104	173	1.24988
104	175	0.892369
104	179	1.39436
105	8	1.22325
105	10	1.05543
105	13	1.21671
105	28	1.21845
105	36	1.24664
105	42	1.19142
105	45	1.22944
105	51	1.20377
105	63	1.27256
105	73	1.17287
105	95	1.20839
105	104	1.22352
105	125	1.20366
105	133	0.659658
105	134	0.725968
105	142	1.13928
105	147	0.737321
105	153	0.866933
105	156	1.00561
105	160	0.954671
105	161	1.08493
105	166	1.11315
105	168	1.18204
105	171	1.35136
106	8	0.85909
106	22	1.15819
106	53	1.12347
106	63	1.00034
106	69	1.01254
106	70	0.955356
106	77	0.766038
106	84	1.09214
106	85	1.11378
106	90	0.92795
106	110	0.983215
106	118	1.09751
106	123	1.05263
106	127	1.0225
106	151	1.07396
106	157	1.04464
106	170	0.942276
106	172	0.934693
106	173	0.889545
106	174	0.937704
106	175	0.977783
106	177	0.910276
106	178	0.867264
107	23	0.3389
107	87	1.47455
107	91	1.39545
107	98	1.25901
107	102	1.25791
107	103	1.47221
107	108	1.22269
107	110	1.27235
107	120	0.631714
107	122	1.30747
107	126	0.699308
107	129	1.3077
107	130	0.931935
107	139	0.592064
107	157	1.25059
107	161	1.03494
107	162	1.03765
107	163	1.13239
107	169	1.09187
107	171	1.30137
107	177	1.15875
107	180	1.05047
108	45	1.13511
108	87	1.28661
108	91	1.2075
108	98	1.07106
108	102	1.06996
108	103	1.28426
108	107	1.22269
108	110	1.08441
108	115	1.20792
108	118	1.11551
108	122	1.11952
108	129	1.11976
108	132	0.873031
108	133	0.641499
108	152	1.34116
108	154	0.798046
108	157	1.06264
108	162	1.06948
108	163	0.944442
108	175	0.922645
108	176	1.19289
108	177	1.19058
108	178	1.42431
108	180	0.862522
109	2	1.04786
109	4	1.23256
109	23	0.47534
109	30	1.15314
109	35	1.09683
109	46	1.2161
109	71	1.21095
109	74	1.17648
109	90	1.14136
109	93	1.26253
109	111	1.1898
109	122	1.19688
109	123	0.899011
109	131	0.855244
109	138	1.19532
109	150	0.869165
109	151	1.16932
109	152	0.957145
109	155	0.855377
109	157	0.908037
109	159	1.23667
109	165	1.12748
109	166	1.1996
109	175	1.02726
109	178	1.52892
110	45	1.18478
110	87	1.33627
110	91	1.25717
110	98	1.12072
110	102	1.11963
110	103	1.33393
110	106	0.983215
110	107	1.27235
110	108	1.08441
110	115	1.25758
110	118	1.16518
110	122	1.16919
110	128	0.668771
110	129	1.16942
110	135	0.74898
110	144	0.831815
110	146	0.815373
110	147	0.77492
110	157	1.11231
110	162	1.12523
110	163	0.994107
110	164	1.06764
110	176	1.24864
110	178	1.48007
110	180	0.912187
111	2	1.0482
111	4	1.2329
111	30	1.15347
111	35	1.09717
111	46	1.21644
111	71	1.21129
111	74	1.17682
111	90	1.14169
111	93	1.26287
111	109	1.1898
111	122	1.19722
111	127	0.945792
111	133	0.682411
111	138	1.19566
111	143	0.967355
111	144	0.816971
111	151	1.16966
111	152	0.957482
111	156	1.02836
111	157	0.844335
111	158	1.08936
111	159	1.23701
111	167	1.18154
111	175	0.963557
111	179	1.46554
112	14	0.965924
112	36	0.859565
112	42	1.04507
112	64	1.14658
112	79	0.990947
112	83	1.05842
112	84	1.07259
112	89	1.06019
112	90	0.954241
112	92	1.05991
112	94	1.13111
112	96	1.07761
112	99	1.07751
112	100	1.18778
112	101	1.07744
112	103	0.853243
112	113	1.00866
112	137	1.08363
112	162	0.967471
112	168	0.943026
112	174	0.947884
112	176	0.917529
112	177	0.920457
112	178	0.877444
112	179	0.861514
112	180	0.854698
113	36	0.929737
113	42	1.11524
113	62	0.930646
113	66	0.998055
113	95	1.05283
113	112	1.00866
113	117	1.02445
113	120	1.14793
113	124	1.04498
113	144	1.08978
113	145	0.926326
113	149	1.02458
113	154	1.08891
113	161	0.951381
113	162	0.957035
113	164	0.960342
113	165	0.969867
113	166	0.954934
113	169	0.923952
113	171	0.872973
113	173	0.88929
113	174	0.937448
113	176	0.907093
113	177	0.910021
113	178	0.867008
114	24	0.881714
114	37	0.750086
114	43	0.74778
114	72	0.853651
114	92	0.783023
114	97	0.868512
114	98	0.837482
114	100	0.778002
114	124	0.744099
114	130	1.14401
114	132	1.17095
114	139	1.32177
114	143	1.13068
114	151	0.65383
114	153	1.17715
114	156	1.10774
114	161	1.07853
114	166	1.08208
114	167	1.05218
114	168	1.05974
114	169	1.0511
114	170	1.06917
114	171	1.00012
114	173	1.01644
114	174	1.0646
114	176	1.03424
114	177	1.03717
114	178	0.994155
115	11	1.17795
115	49	1.28465
115	54	1.28025
115	67	1.30305
115	81	1.27514
115	82	1.27533
115	94	1.31211
115	98	1.24424
115	100	1.36878
115	102	1.24314
115	108	1.20792
115	110	1.25758
115	125	1.2825
115	131	0.736647
115	136	1.28531
115	137	0.780857
115	141	0.740705
115	147	0.70518
115	152	1.32718
115	153	0.834792
115	155	0.73678
115	160	0.922529
115	163	1.11762
115	164	0.997897
115	167	1.12664
115	168	1.1499
115	172	0.997125
115	176	1.1789
115	179	1.04251
115	180	1.0357
116	27	1.13525
116	34	1.04303
116	65	0.883591
116	69	1.13675
116	73	0.92052
116	75	0.892437
116	103	0.786237
116	118	1.11361
116	128	1.22081
116	129	0.911154
116	130	1.03323
116	132	1.06017
116	133	1.20075
116	144	1.10614
116	145	0.789148
116	160	1.0438
116	161	0.967741
116	162	0.973396
116	164	0.976702
116	165	0.986228
116	166	0.971295
116	168	0.94895
116	169	0.940312
116	170	0.958382
116	171	0.889334
116	173	0.90565
116	174	0.953809
116	176	0.923454
116	177	0.926381
116	178	0.883369
117	7	0.797166
117	42	1.03604
117	52	0.81461
117	58	0.876949
117	59	1.13559
117	67	1.15129
117	94	1.1025
117	113	1.02445
117	122	1.04039
117	127	1.04847
117	139	1.22085
117	144	1.116
117	145	0.847124
117	154	1.11513
117	156	1.00682
117	158	0.974044
117	162	0.983261
117	163	0.952407
117	164	0.986568
117	165	0.996093
117	166	0.98116
117	168	0.958815
117	169	0.950178
117	170	0.968247
117	173	0.915516
117	174	0.963674
117	176	0.933319
117	177	0.936247
117	178	0.893234
117	179	0.877304
117	180	0.870488
118	4	0.810244
118	6	1.03415
118	15	0.91517
118	25	1.18305
118	30	0.901622
118	33	0.893984
118	39	1.12152
118	48	0.782995
118	53	1.22225
118	54	0.793032
118	69	1.11132
118	79	0.757735
118	85	0.674263
118	93	0.879575
118	98	1.15183
118	102	1.15074
118	106	1.09751
118	108	1.11551
118	110	1.16518
118	116	1.11361
118	149	1.12362
118	152	0.960557
118	154	1.18794
118	159	0.606438
118	163	1.02522
118	166	1.05397
118	171	0.972008
118	176	1.00613
118	177	1.00906
118	178	0.966043
118	180	0.943297
119	5	0.768896
119	33	0.857832
119	35	0.935525
119	51	0.823484
119	58	0.616617
119	72	0.814996
119	83	0.789054
119	94	0.842164
119	95	0.713298
119	98	0.798827
119	102	0.731824
119	125	0.654961
119	127	1.17683
119	132	1.19838
119	135	1.26453
119	144	1.24436
119	149	1.17916
119	156	1.13517
119	158	1.1024
119	161	1.10596
119	162	1.11161
119	164	1.11492
119	165	1.12445
119	166	1.10951
119	167	1.07962
119	168	1.08717
119	169	1.07853
119	170	1.0966
119	171	1.02755
119	176	1.06167
119	177	1.0646
119	178	1.02159
120	15	0.858172
120	18	0.794928
120	26	0.660956
120	30	0.844623
120	38	0.813063
120	69	0.913543
120	74	0.793944
120	79	0.700737
120	107	0.631714
120	113	1.14793
120	124	0.684597
120	126	1.26835
120	131	1.25366
120	138	0.600024
120	141	1.24709
120	149	1.17429
120	159	0.549439
120	160	1.17714
120	161	1.10109
120	162	1.10674
120	164	1.11005
120	165	1.11957
120	166	1.10464
120	167	1.07474
120	169	1.07366
120	170	1.09173
120	171	1.02268
120	172	1.08414
120	174	1.08715
120	176	1.0568
120	177	1.05973
120	178	1.01671
121	20	1.04337
121	37	0.897149
121	55	0.970664
121	58	0.802334
121	71	0.982199
121	81	0.963299
121	86	0.98021
121	95	0.899016
121	102	0.917542
121	129	0.894515
121	141	1.16096
121	143	1.0671
121	148	1.13282
121	153	1.11357
121	154	1.15248
121	158	1.01139
121	160	1.09101
121	161	1.01495
121	164	1.02391
121	165	1.03344
121	167	0.988608
121	168	0.99616
121	169	0.987523
121	170	1.00559
121	171	0.936544
121	173	0.952861
121	174	1.00102
121	176	0.970664
121	177	0.973592
121	178	0.930579
121	179	0.914649
121	180	0.907833
122	22	1.1635
122	74	1.1839
122	86	1.13007
122	90	1.14877
122	93	1.26995
122	97	1.15322
122	98	1.15584
122	102	1.15474
122	107	1.30747
122	108	1.11952
122	109	1.19688
122	110	1.16919
122	111	1.19722
122	117	1.04039
122	128	0.708683
122	130	1.05943
122	131	0.846298
122	133	0.737168
122	135	0.788892
122	145	1.20803
122	149	1.00914
122	150	0.86022
122	151	1.17674
122	155	1.1724
122	158	1.14411
122	159	1.24409
122	163	1.02922
122	164	1.10755
122	166	1.19066
122	173	1.37583
122	175	1.01831
122	179	0.954119
122	180	0.947303
123	6	1.10801
123	18	0.925785
123	67	1.00097
123	68	0.867637
123	74	0.924801
123	75	0.80009
123	82	0.849313
123	93	0.953433
123	97	0.939867
123	106	1.05263
123	109	0.899011
123	128	1.25861
123	135	1.16411
123	141	1.15155
123	149	1.07874
123	150	1.17268
123	153	1.10416
123	158	1.00198
123	159	0.680296
123	160	1.0816
123	161	1.00554
123	163	0.980341
123	164	1.0145
123	165	1.02403
123	166	1.00909
123	169	0.978112
123	170	0.996181
123	171	0.927133
123	172	0.988597
123	173	0.943449
123	174	0.991608
123	176	0.961253
123	177	0.964181
123	178	0.921168
124	14	1.24231
124	23	0.391783
124	26	1.30548
124	39	1.10764
124	47	1.19361
124	48	1.16477
124	53	1.20837
124	56	1.13244
124	60	1.23894
124	69	1.09744
124	70	1.18544
124	78	1.24978
124	80	1.08304
124	84	1.17704
124	85	1.19868
124	113	1.04498
124	114	0.744099
124	120	0.684597
124	136	1.17903
124	137	0.815897
124	142	0.825445
124	146	0.780675
124	150	0.785608
124	151	1.15885
124	152	0.946676
124	157	1.12954
124	170	1.06311
124	171	1.35425
124	172	1.01959
124	173	1.30122
124	174	1.13986
124	175	1.06268
124	177	1.21164
125	21	1.15351
125	36	1.22689
125	42	1.17167
125	59	1.12908
125	64	1.22899
125	73	1.15312
125	76	1.2807
125	77	1.27768
125	94	1.21352
125	95	1.18864
125	104	1.20377
125	105	1.20366
125	115	1.2825
125	119	0.654961
125	128	0.583589
125	129	1.19434
125	132	0.843605
125	136	1.18672
125	142	1.11953
125	145	1.19783
125	146	1.17638
125	148	0.806736
125	157	0.773997
125	163	1.01903
125	164	0.982454
125	166	1.06556
125	167	1.1112
125	169	1.09427
125	171	1.30377
125	172	0.981682
125	173	1.25073
125	175	0.893219
125	178	1.39488
125	179	0.943922
125	180	0.937106
126	1	0.672631
126	2	0.838089
126	16	0.938216
126	29	0.861426
126	42	0.822456
126	62	0.637858
126	67	0.937705
126	75	0.736827
126	94	0.888911
126	101	0.893504
126	107	0.699308
126	120	1.26835
126	129	0.755544
126	135	1.23037
126	137	1.19362
126	140	1.20118
126	147	1.27482
126	150	1.23895
126	154	1.20933
126	158	1.06824
126	159	0.617033
126	161	1.0718
126	162	1.07746
126	164	1.08077
126	166	1.07536
126	167	1.04546
126	169	1.04438
126	170	1.06245
126	171	0.993397
126	173	1.00971
126	174	1.05787
126	176	1.02752
126	177	1.03045
126	178	0.987432
126	179	0.971502
126	180	0.964686
127	19	0.90978
127	28	0.973704
127	41	0.984827
127	58	0.83711
127	83	1.00955
127	87	0.853747
127	96	0.946856
127	98	1.01932
127	106	1.0225
127	111	0.945792
127	117	1.04847
127	119	1.17683
127	128	1.22847
127	133	1.20842
127	136	0.983124
127	148	1.09328
127	150	1.14255
127	151	0.835668
127	153	1.07403
127	158	0.971846
127	161	0.975408
127	162	0.981062
127	164	0.984369
127	165	0.993895
127	166	0.978962
127	167	0.949064
127	168	0.956617
127	169	0.947979
127	170	0.966049
127	171	0.897
127	172	0.958465
127	173	0.913317
127	174	0.961476
127	176	0.931121
127	177	0.934048
127	180	0.868289
128	29	0.743307
128	32	0.868492
128	48	0.675471
128	56	0.735911
128	67	0.819586
128	88	0.66106
128	93	0.772051
128	94	0.770792
128	95	0.641926
128	110	0.668771
128	116	1.22081
128	122	0.708683
128	123	1.25861
128	125	0.583589
128	127	1.22847
128	129	0.637425
128	135	1.31618
128	137	1.27942
128	143	1.20976
128	144	1.29601
128	145	0.515419
128	151	0.543803
128	156	1.18682
128	158	1.15405
128	161	1.15761
128	162	1.16326
128	164	1.16657
128	165	1.1761
128	167	1.13127
128	169	1.13018
128	171	1.0792
128	173	1.09552
128	174	1.14368
128	175	1.18376
128	176	1.11332
128	177	1.11625
128	178	1.07324
129	21	1.16394
129	43	1.2002
129	44	1.18616
129	61	1.13449
129	77	1.28811
129	89	1.15303
129	92	1.15275
129	96	1.17045
129	98	1.15608
129	99	1.17035
129	101	1.17028
129	102	1.15498
129	103	1.36928
129	107	1.3077
129	108	1.11976
129	110	1.16942
129	116	0.911154
129	121	0.894515
129	125	1.19434
129	126	0.755544
129	128	0.637425
129	134	1.19629
129	137	0.81925
129	141	0.779098
129	145	1.20827
129	149	0.937884
129	150	0.788961
129	153	0.873185
129	155	0.775173
129	159	1.24433
129	162	1.09389
129	163	1.02946
129	168	1.18829
129	169	1.14811
129	172	1.03552
129	177	1.21499
129	180	0.947539
130	19	0.968661
130	25	1.0808
130	36	0.869576
130	41	1.04371
130	65	0.960608
130	76	0.872654
130	88	1.01181
130	99	1.01012
130	107	0.931935
130	114	1.14401
130	116	1.03323
130	122	1.05943
130	131	1.1226
130	135	1.12859
130	136	1.04201
130	139	1.21327
130	142	1.04533
130	154	1.10755
130	156	0.999235
130	158	0.966464
130	160	1.04608
130	161	0.970026
130	162	0.975681
130	163	0.944827
130	164	0.978988
130	165	0.988513
130	167	0.943683
130	168	0.951235
130	169	0.942598
130	170	0.960667
130	171	0.891619
130	173	0.907935
130	175	0.996174
130	176	0.925739
130	177	0.928667
130	178	0.885654
130	179	0.869723
131	13	0.850643
131	20	0.923892
131	33	0.924075
131	34	0.906912
131	51	0.889727
131	57	0.631336
131	62	0.657354
131	67	0.957201
131	101	0.913
131	104	0.720353
131	109	0.855244
131	115	0.736647
131	120	1.25366
131	122	0.846298
131	130	1.1226
131	133	1.29013
131	135	1.21568
131	137	1.17893
131	139	1.30036
131	140	1.18649
131	148	1.17498
131	150	1.22426
131	152	0.967259
131	156	1.08633
131	158	1.05356
131	159	0.636529
131	161	1.05712
131	162	1.06277
131	166	1.06067
131	167	1.03077
131	168	1.03833
131	169	1.02969
131	171	0.97871
131	173	0.995027
131	174	1.04319
131	176	1.01283
131	177	1.01576
131	178	0.972745
131	179	0.956815
132	3	0.921861
132	5	0.95754
132	29	1.00332
132	45	0.865613
132	46	0.887418
132	62	0.779756
132	69	1.12304
132	70	0.900928
132	89	1.02342
132	102	0.920469
132	108	0.873031
132	114	1.17095
132	116	1.06017
132	119	1.19838
132	125	0.843605
132	133	1.22998
132	135	1.15553
132	139	1.24021
132	147	1.19999
132	148	1.11483
132	153	1.09559
132	158	0.993404
132	160	1.07302
132	162	1.00262
132	166	1.00052
132	167	0.970623
132	168	0.978175
132	169	0.969538
132	170	0.987607
132	171	0.918559
132	173	0.934875
132	174	0.983034
132	176	0.952679
132	177	0.955607
132	178	0.912594
132	179	0.896663
132	180	0.889847
133	26	0.638916
133	27	0.890007
133	59	0.832375
133	69	0.891503
133	72	0.772109
133	78	0.641381
133	84	0.76034
133	86	0.751605
133	89	0.791888
133	102	0.688937
133	105	0.659658
133	108	0.641499
133	111	0.682411
133	116	1.20075
133	122	0.737168
133	127	1.20842
133	131	1.29013
133	132	1.22998
133	135	1.29612
133	139	1.38079
133	145	0.543904
133	147	1.34057
133	149	1.21075
133	151	0.572288
133	158	1.13399
133	161	1.13755
133	164	1.14651
133	165	1.15604
133	166	1.14111
133	167	1.11121
133	168	1.11876
133	169	1.11012
133	170	1.12819
133	171	1.05915
133	172	1.12061
133	173	1.07546
133	174	1.12362
133	176	1.09327
133	177	1.09619
133	178	1.05318
134	14	0.719984
134	15	1.21755
134	22	0.938542
134	26	1.31512
134	31	0.778947
134	33	0.881255
134	35	0.958948
134	41	0.787757
134	46	0.722196
134	48	1.17441
134	55	0.808368
134	56	0.830706
134	60	1.24858
134	66	1.18087
134	70	1.19508
134	79	0.745007
134	80	1.09267
134	82	0.762726
134	83	0.812477
134	85	0.661534
134	89	1.14455
134	92	1.14427
134	94	0.865587
134	96	1.16196
134	99	1.16187
134	101	1.1618
134	105	0.725968
134	129	1.19629
134	138	1.19449
134	152	0.956314
134	159	1.23584
134	160	1.12223
134	168	1.02738
134	170	1.03681
134	173	0.984082
134	174	1.03224
134	175	1.07232
134	177	1.00481
134	178	0.961801
134	180	0.939054
135	7	0.545671
135	20	0.866486
135	27	0.94173
135	35	0.944362
135	63	0.7661
135	66	0.667357
135	67	0.899795
135	84	0.812064
135	89	0.843612
135	92	0.753204
135	93	0.85226
135	99	0.739578
135	110	0.74898
135	119	1.26453
