1	7	0.787594
1	13	0.705567
1	23	0.701214
1	31	0.695233
1	45	1.94898
1	75	0.707719
1	82	0.754373
1	85	0.702739
1	87	0.749606
1	88	0.743525
1	145	4.97447
1	165	0.659341
2	22	1.40083
2	81	1.14973
2	163	0.753469
2	167	0.721071
2	171	0.751883
2	172	0.716269
2	175	0.677946
2	176	0.692983
2	177	0.750364
2	178	0.713924
2	179	0.719162
2	180	0.702934
3	24	4.8
3	100	0.791548
3	119	0.79478
3	131	0.790933
3	135	1.92421
3	144	0.81349
3	146	0.807367
3	148	0.789205
3	149	0.795615
3	151	0.823861
3	155	0.794894
3	180	2.82203
4	58	0.733285
4	72	0.7071
4	73	0.707028
4	76	0.706952
4	120	0.711437
4	137	0.720224
4	141	0.753113
4	143	0.712958
4	144	0.735329
4	155	0.716733
4	163	2.64726
4	169	4.38013
5	14	0.702389
5	25	0.694575
5	58	0.741154
5	62	0.754368
5	64	0.754264
5	72	0.714969
5	73	0.714897
5	76	0.714821
5	136	0.686809
5	150	0.725333
5	158	2.86914
5	169	4.17919
6	118	0.627077
6	156	0.64131
6	158	0.623391
6	166	0.591348
6	172	0.593393
6	173	0.60338
6	175	0.55507
6	176	0.570106
6	177	0.627488
6	178	0.591048
6	179	0.596286
6	180	0.580058
7	1	0.787594
7	13	0.789774
7	68	2.45761
7	75	0.791926
7	82	0.838581
7	88	0.827732
7	92	0.823347
7	135	0.832562
7	152	1.72308
7	159	0.76576
7	165	0.743549
7	173	3.82361
8	29	0.787628
8	72	0.725967
8	73	0.725896
8	76	0.725819
8	82	0.769461
8	87	0.764693
8	103	1.28799
8	146	1.46877
8	164	0.690072
8	178	0.673754
8	179	0.678992
8	180	0.662764
9	13	0.704005
9	29	0.770978
9	31	0.693671
9	68	3.94239
9	75	0.706157
9	78	0.64798
9	82	0.752811
9	85	0.701177
9	87	0.748044
9	88	0.741963
9	92	0.737578
9	104	2.84486
10	41	0.730498
10	90	0.741074
10	101	0.714578
10	105	0.7461
10	108	0.729819
10	120	0.708426
10	122	3.06668
10	134	0.730296
10	137	0.717213
10	143	0.709947
10	159	0.674762
10	173	3.8033
11	86	0.42077
11	134	0.859671
11	137	0.831207
11	168	0.829334
11	169	0.79643
11	172	0.802105
11	175	0.763783
11	176	0.778819
11	177	0.8362
11	178	0.79976
11	179	0.804998
11	180	0.78877
12	87	1.74829
12	137	1.17514
12	163	0.756425
12	167	0.724027
12	169	0.71355
12	171	0.754839
12	173	0.729213
12	175	0.680903
12	176	0.695939
12	178	0.71688
12	179	0.722119
12	180	0.705891
13	1	0.705567
13	7	0.789774
13	9	0.704005
13	23	0.703394
13	82	0.756553
13	85	0.704918
13	87	0.751785
13	92	0.741319
13	159	0.683732
13	164	3.51242
13	165	0.661521
13	173	3.57925
14	5	0.702389
14	19	0.76263
14	25	0.685399
14	58	0.731978
14	62	0.745192
14	64	0.745087
14	72	0.705792
14	73	0.705721
14	76	0.705644
14	150	0.716157
14	160	1.76239
14	166	5.27722
15	20	0.750728
15	86	0.813971
15	89	0.819167
15	101	0.797514
15	120	0.791363
15	134	0.813233
15	135	0.824501
15	137	0.800149
15	143	0.792884
15	152	1.88875
15	161	3.0632
15	174	3.02649
16	67	0.792837
16	86	0.818495
16	90	0.828534
16	93	0.829083
16	101	0.802038
16	117	2.25738
16	120	0.795887
16	137	0.804673
16	143	0.797408
16	156	2.11407
16	162	0.73546
16	165	3.71343
17	71	0.712898
17	83	0.700954
17	89	0.739691
17	101	0.718039
17	106	0.705411
17	112	3.36718
17	113	0.668882
17	120	0.711887
17	133	3.58908
17	134	0.733757
17	137	0.720674
17	143	0.713409
17	159	0.678223
18	20	0.731119
18	67	0.768703
18	83	0.76082
18	86	0.794362
18	89	0.799558
18	105	0.809428
18	108	0.793146
18	134	0.793624
18	137	0.78054
18	143	0.773275
18	157	4.98989
18	172	2.72129
18	173	1.35504
19	14	0.76263
19	25	0.754816
19	58	0.801395
19	62	0.81461
19	64	0.814505
19	72	0.77521
19	73	0.775138
19	76	0.775062
19	135	1.22286
19	136	0.74705
19	150	0.785575
19	161	3.24816
19	178	3.56926
20	15	0.750728
20	18	0.731119
20	67	0.683362
20	71	0.687423
20	86	0.709021
20	90	0.71906
20	105	0.724086
20	108	0.707805
20	134	0.708282
20	137	0.695199
20	143	0.687933
20	154	2.65366
20	179	4.64425
21	46	0.720808
21	86	0.719444
21	93	0.730032
21	105	0.73451
21	106	0.690359
21	108	0.718228
21	126	1.85123
21	134	0.718706
21	135	0.729973
21	137	0.705622
21	143	0.698357
21	162	0.636408
21	180	5.5362
22	2	1.40083
22	38	0.749841
22	39	0.809795
22	40	0.809708
22	42	0.749604
22	44	0.809504
22	48	0.809423
22	53	0.809367
22	59	0.796864
22	154	1.14752
22	157	0.717203
22	174	0.742957
22	180	4.88308
23	1	0.701214
23	13	0.703394
23	29	0.770367
23	75	0.705546
23	78	0.647369
23	82	0.752201
23	85	0.700566
23	87	0.747433
23	92	0.736967
23	159	0.67938
23	160	2.40967
23	164	5.09632
23	165	0.657169
24	3	4.8
24	145	0.66411
24	157	0.634095
24	158	0.672773
24	161	0.667982
24	170	0.670774
24	171	0.678389
24	176	0.619489
24	177	0.67687
24	178	0.64043
24	179	0.645668
24	180	0.62944
25	5	0.694575
25	14	0.685399
25	19	0.754816
25	58	0.724164
25	62	0.737378
25	64	0.737273
25	72	0.697978
25	73	0.697907
25	76	0.69783
25	97	2.60334
25	136	0.669818
25	140	4.65532
25	150	0.708343
26	28	0.834693
26	33	0.726208
26	50	0.726168
26	57	0.706529
26	60	0.717949
26	65	0.700554
26	69	0.700331
26	115	3.76234
26	127	3.30017
26	136	0.663856
26	140	0.682945
26	150	0.702381
26	165	0.640478
27	38	0.749841
27	39	0.809795
27	40	0.809708
27	42	0.749604
27	44	0.809504
27	48	0.809423
27	53	0.809367
27	59	0.796864
27	118	4.54138
27	135	1.6192
27	157	0.717203
27	168	3.12758
27	174	0.742957
28	26	0.834693
28	33	0.89524
28	47	1.04413
28	50	0.8952
28	57	0.875561
28	60	0.886981
28	65	0.869586
28	69	0.869363
28	130	1.88518
28	150	0.871413
28	164	3.35613
28	165	0.809511
28	167	3.37271
29	8	0.787628
29	9	0.770978
29	23	0.770367
29	75	0.776871
29	82	0.823526
29	85	0.771892
29	88	0.812677
29	92	0.808293
29	138	2.61111
29	157	4.42572
29	159	0.750705
29	165	0.728494
29	172	2.15712
30	59	0.724722
30	106	0.701471
30	134	0.729817
30	137	0.716734
30	141	0.749623
30	143	0.709468
30	146	0.725717
30	149	0.713965
30	154	2.70021
30	155	0.713243
30	157	0.645061
30	174	0.670815
30	178	4.53927
31	1	0.695233
31	9	0.693671
31	75	0.699564
31	82	0.746219
31	85	0.694585
31	87	0.741451
31	88	0.73537
31	92	0.730985
31	135	0.740201
31	159	0.673398
31	162	4.97932
31	165	0.651187
31	177	2.40126
32	115	1.76947
32	121	0.627238
32	123	0.629215
32	124	0.653471
32	129	0.6342
32	132	2.30482
32	141	0.668346
32	146	0.64444
32	148	1.09102
32	149	1.09743
32	151	0.660934
32	155	1.09671
32	175	8.94231
33	26	0.726208
33	28	0.89524
33	35	1.52935
33	50	0.786716
33	57	0.767076
33	60	0.778496
33	65	0.761101
33	69	0.760878
33	136	0.724404
33	140	0.743492
33	150	0.762928
33	160	2.51888
33	165	0.701026
33	178	4.66737
34	108	1.96377
34	112	0.719823
34	131	1.60932
34	153	0.763521
34	156	0.72968
34	166	0.679718
34	168	0.708992
34	170	0.709762
34	172	0.681763
34	176	0.658476
34	177	0.715858
34	178	0.679418
34	179	0.684656
34	180	0.668428
35	33	1.52935
35	49	0.613304
35	123	1.27078
35	167	0.768631
35	168	0.791058
35	169	0.758154
35	171	0.799443
35	172	0.763829
35	173	0.773817
35	175	0.725507
35	176	0.740543
35	178	0.761484
35	179	0.766723
35	180	0.750495
36	72	0.758962
36	73	0.75889
36	74	2.13562
36	76	0.758814
36	85	0.750821
36	92	0.787222
36	102	0.7626
36	135	0.796437
36	148	0.762906
36	150	0.769326
36	155	0.768595
36	159	0.729634
36	160	1.96182
36	173	4.7153
37	54	0.754882
37	134	1.82674
37	146	1.9361
37	161	0.713191
37	169	0.682308
37	170	0.715983
37	171	0.723598
37	172	0.687983
37	173	0.697971
37	175	0.649661
37	177	0.722078
37	178	0.685638
37	179	0.690877
37	180	0.674649
38	22	0.749841
38	27	0.749841
38	39	0.726504
38	40	0.726417
38	42	0.666313
38	44	0.726213
38	48	0.726132
38	53	0.726076
38	59	0.713573
38	147	1.8367
38	157	0.633912
38	174	0.659666
38	176	5.77023
39	22	0.809795
39	27	0.809795
39	38	0.726504
39	40	0.786372
39	42	0.726268
39	44	0.786168
39	48	0.786086
39	53	0.78603
39	59	0.773527
39	139	1.68643
39	152	2.93089
39	156	4.00649
39	157	0.693866
39	174	0.71962
40	22	0.809708
40	27	0.809708
40	38	0.726417
40	39	0.786372
40	42	0.726181
40	44	0.786081
40	48	0.785999
40	53	0.785943
40	59	0.77344
40	113	3.23628
40	156	1.71381
40	157	0.693779
40	162	4.09166
40	174	0.719533
41	10	0.730498
41	46	0.773091
41	61	0.760114
41	86	0.771727
41	89	0.776922
41	101	0.75527
41	105	0.786792
41	108	0.770511
41	134	0.770988
41	137	0.757905
41	143	0.750639
41	150	1.88933
41	172	3.1132
41	176	5.00037
42	22	0.749604
42	27	0.749604
42	38	0.666313
42	39	0.726268
42	40	0.726181
42	44	0.725977
42	48	0.725895
42	53	0.725839
42	59	0.713336
42	95	3.43965
42	139	3.4723
42	157	0.633675
42	174	0.659429
43	60	0.678916
43	65	0.661521
43	69	0.661298
43	77	0.697212
43	82	4.43728
43	104	0.663321
43	144	0.681213
43	149	0.663338
43	155	0.662617
43	165	0.601446
43	172	0.603115
43	177	0.63721
43	179	0.606008
43	180	0.58978
44	22	0.809504
44	27	0.809504
44	38	0.726213
44	39	0.786168
44	40	0.786081
44	42	0.725977
44	48	0.785795
44	53	0.785739
44	59	0.773236
44	77	1.88934
44	128	2.04844
44	157	0.693575
44	174	0.719329
44	179	4.55022
45	1	1.94898
45	57	0.794971
45	65	0.788996
45	69	0.788772
45	71	0.785806
45	108	0.806188
45	124	0.791703
45	131	0.710721
45	134	0.806665
45	165	0.72892
45	175	0.692267
45	177	0.764684
45	179	0.733483
45	180	0.717255
46	21	0.720808
46	41	0.773091
46	61	0.762015
46	90	0.783667
46	93	0.784215
46	101	0.757171
46	105	0.788693
46	108	0.772412
46	120	0.751019
46	125	2.06049
46	137	0.759806
46	143	0.75254
46	154	1.99404
46	169	4.88715
47	28	1.04413
47	85	1.61516
47	139	0.802619
47	154	0.833669
47	155	0.901089
47	158	0.77111
47	161	0.766319
47	164	0.755085
47	168	0.768341
47	172	0.741112
47	173	0.751099
47	178	0.738767
47	179	0.744005
47	180	0.727777
48	22	0.809423
48	27	0.809423
48	38	0.726132
48	39	0.786086
48	40	0.785999
48	42	0.725895
48	44	0.785795
48	53	0.785658
48	59	0.773155
48	115	2.1366
48	140	2.91674
48	157	0.693494
48	170	3.47496
48	174	0.719248
49	35	0.613304
49	81	0.793941
49	85	0.74363
49	87	0.790497
49	88	0.784416
49	114	0.769696
49	120	0.756108
49	137	0.764895
49	143	0.75763
49	144	0.78
49	155	0.761404
49	160	1.60283
49	165	0.700233
49	180	5.64783
50	26	0.726168
50	28	0.8952
50	33	0.786716
50	57	0.767037
50	60	0.778457
50	65	0.761061
50	69	0.760838
50	136	0.724364
50	140	0.743452
50	150	0.762889
50	153	1.80994
50	165	0.700986
50	167	3.80163
50	168	3.26987
51	81	0.720855
51	96	0.697078
51	97	1.06603
51	110	0.698634
51	119	0.688204
51	123	0.685566
51	124	0.709822
51	141	0.724697
51	146	0.700791
51	148	0.682629
51	149	0.689039
51	151	0.717285
51	155	0.688318
51	176	6.83643
52	61	4.95626
52	66	0.638279
52	78	0.623533
52	142	0.707372
52	168	0.662231
52	169	0.629327
52	170	0.663002
52	171	0.670616
52	172	0.635002
52	175	0.596679
52	176	0.611716
52	177	0.669097
52	178	0.632657
52	179	0.637895
52	180	0.621667
53	22	0.809367
53	27	0.809367
53	38	0.726076
53	39	0.78603
53	40	0.785943
53	42	0.725839
53	44	0.785739
53	48	0.785658
53	59	0.773099
53	150	1.82476
53	154	1.5676
53	157	0.693438
53	162	5.36456
53	174	0.719192
54	37	0.754882
54	72	0.469236
54	123	3.01288
54	159	0.706074
54	166	0.683488
54	169	0.679858
54	171	0.721147
54	172	0.685533
54	173	0.69552
54	175	0.64721
54	176	0.662247
54	177	0.719628
54	178	0.683188
54	179	0.688426
54	180	0.672198
55	70	1.45499
55	102	0.737968
55	117	3.62088
55	121	0.739235
55	123	0.741212
55	129	0.746197
55	131	0.740003
55	141	0.780343
55	144	0.762559
55	146	0.756437
55	148	0.738275
55	149	0.744685
55	151	0.772931
55	155	0.743963
55	178	3.89751
56	86	5.1535
56	107	0.706728
56	116	0.693565
56	136	0.644262
56	142	0.694923
56	164	0.636527
56	166	0.620509
56	169	0.616878
56	171	0.658168
56	173	0.632541
56	175	0.584231
56	177	0.656648
56	178	0.620209
56	179	0.625447
56	180	0.609219
57	26	0.706529
57	28	0.875561
57	33	0.767076
57	45	0.794971
57	50	0.767037
57	60	0.758817
57	65	0.741422
57	69	0.741199
57	125	2.71823
57	136	0.704725
57	140	0.723813
57	150	0.743249
57	159	4.2525
57	160	2.34234
57	165	0.681347
58	4	0.733285
58	5	0.741154
58	14	0.731978
58	19	0.801395
58	25	0.724164
58	62	0.783957
58	64	0.783852
58	72	0.744557
58	73	0.744486
58	76	0.744409
58	113	3.76168
58	136	0.716397
58	150	0.754922
58	159	2.42082
58	167	3.21389
59	22	0.796864
59	27	0.796864
59	30	0.724722
59	38	0.713573
59	39	0.773527
59	40	0.77344
59	42	0.713336
59	44	0.773236
59	48	0.773155
59	53	0.773099
59	126	2.06345
59	157	0.680935
59	158	3.59593
59	170	3.53036
59	174	0.706689
60	26	0.717949
60	28	0.886981
60	33	0.778496
60	43	0.678916
60	50	0.778457
60	57	0.758817
60	65	0.752842
60	69	0.752619
60	95	2.07663
60	97	1.91752
60	136	0.716145
60	140	0.735233
60	150	0.754669
60	165	0.692767
60	178	4.84928
61	41	0.760114
61	46	0.762015
61	52	4.95626
61	67	0.734992
61	71	0.739054
61	83	0.727109
61	86	0.760651
61	98	1.35028
61	105	0.775717
61	108	0.759435
61	120	0.738043
61	134	0.759913
61	137	0.746829
61	140	1.79324
61	143	0.739564
62	5	0.754368
62	14	0.745192
62	19	0.81461
62	25	0.737378
62	58	0.783957
62	64	0.797066
62	72	0.757772
62	73	0.7577
62	76	0.757624
62	125	1.21375
62	136	0.729612
62	147	2.91123
62	150	0.768136
62	180	4.88286
63	103	0.745233
63	110	0.75634
63	121	0.741296
63	131	0.742063
63	141	0.782403
63	144	0.76462
63	146	0.758497
63	147	2.83614
63	148	0.740335
63	149	0.746745
63	151	0.774991
63	155	0.746024
63	163	2.23245
63	166	4.27761
63	174	0.703595
64	5	0.754264
64	14	0.745087
64	19	0.814505
64	25	0.737273
64	58	0.783852
64	62	0.797066
64	72	0.757667
64	73	0.757595
64	76	0.757519
64	113	3.40203
64	136	0.729507
64	150	0.768032
64	166	3.66585
64	174	1.9417
65	26	0.700554
65	28	0.869586
65	33	0.761101
65	43	0.661521
65	45	0.788996
65	50	0.761061
65	57	0.741422
65	60	0.752842
65	69	0.735224
65	136	0.698749
65	140	0.717838
65	150	0.737274
65	153	2.59591
65	165	0.675371
65	170	3.7113
65	171	3.28047
66	52	0.638279
66	98	0.750587
66	143	5.30106
66	147	0.658782
66	153	0.70367
66	166	0.619867
66	168	0.649141
66	169	0.616236
66	170	0.649911
66	172	0.621912
66	175	0.583589
66	176	0.598625
66	177	0.656007
66	178	0.619567
66	179	0.624805
66	180	0.608577
67	16	0.792837
67	18	0.768703
67	20	0.683362
67	61	0.734992
67	83	0.713062
67	86	0.746605
67	93	0.757192
67	105	0.76167
67	106	0.71752
67	120	0.723996
67	126	2.91244
67	127	2.57882
67	134	0.745866
67	137	0.732783
67	143	0.725517
67	163	4.02209
68	7	2.45761
68	9	3.94239
68	111	0.703896
68	152	0.750993
68	158	0.698665
68	161	0.693874
68	169	0.662992
68	170	0.696666
68	171	0.704281
68	172	0.668667
68	173	0.678654
68	176	0.645381
68	177	0.702762
68	178	0.666322
68	179	0.67156
68	180	0.655332
69	26	0.700331
69	28	0.869363
69	33	0.760878
69	43	0.661298
69	45	0.788772
69	50	0.760838
69	57	0.741199
69	60	0.752619
69	65	0.735224
69	112	3.50295
69	136	0.698526
69	139	2.55772
69	140	0.717615
69	150	0.737051
69	160	3.14923
69	165	0.675148
70	55	1.45499
70	108	1.58832
70	134	1.4532
70	154	0.817749
70	156	0.773109
70	167	0.729994
70	168	0.752421
70	169	0.719517
70	171	0.760806
70	173	0.735179
70	175	0.686869
70	176	0.701906
70	177	0.759287
70	178	0.722847
70	179	0.728085
70	180	0.711857
71	17	0.712898
71	20	0.687423
71	45	0.785806
71	61	0.739054
71	89	0.755862
71	90	0.760705
71	101	0.734209
71	106	0.721581
71	120	0.728057
71	134	0.749928
71	137	0.736844
71	143	0.729579
71	159	0.694393
71	162	0.66763
71	168	3.16281
71	169	4.19388
71	174	2.78203
72	4	0.7071
72	5	0.714969
72	8	0.725967
72	14	0.705792
72	19	0.77521
72	25	0.697978
72	36	0.758962
72	54	0.469236
72	58	0.744557
72	62	0.757772
72	64	0.757667
72	73	0.7183
72	76	0.718224
72	136	0.690212
72	150	0.728737
72	157	6.10499
72	169	2.91922
73	4	0.707028
73	5	0.714897
73	8	0.725896
73	14	0.705721
73	19	0.775138
73	25	0.697907
73	36	0.75889
73	58	0.744486
73	62	0.7577
73	64	0.757595
73	72	0.7183
73	76	0.718152
73	98	1.5253
73	117	3.23498
73	136	0.69014
73	150	0.728665
73	172	5.48285
74	36	2.13562
74	109	0.729665
74	141	0.567102
74	147	0.761219
74	155	2.08337
74	156	0.772267
74	164	0.738323
74	166	0.722305
74	168	0.751578
74	169	0.718674
74	172	0.724349
74	173	0.734337
74	175	0.686027
74	176	0.701063
74	178	0.722004
74	179	0.727243
74	180	0.711015
75	1	0.707719
75	7	0.791926
75	9	0.706157
75	23	0.705546
75	29	0.776871
75	31	0.699564
75	82	0.758705
75	85	0.70707
75	87	0.753937
75	88	0.747856
75	92	0.743471
75	135	0.752686
75	142	2.84601
75	154	2.91147
75	159	0.685884
75	165	0.663673
75	171	3.99814
76	4	0.706952
76	5	0.714821
76	8	0.725819
76	14	0.705644
76	19	0.775062
76	25	0.69783
76	36	0.758814
76	58	0.744409
76	62	0.757624
76	64	0.757519
76	72	0.718224
76	73	0.718152
76	136	0.690064
76	150	0.728589
76	160	1.41011
76	161	3.23751
76	180	5.4551
77	43	0.697212
77	44	1.88934
77	89	1.37753
77	120	1.47955
77	126	0.780452
77	154	0.805288
77	158	0.742729
77	160	0.81366
77	166	0.710687
77	169	0.707056
77	170	0.740731
77	172	0.712731
77	175	0.674409
77	176	0.689445
77	178	0.710386
77	179	0.715624
77	180	0.699396
78	9	0.64798
78	23	0.647369
78	52	0.623533
78	88	0.689679
78	143	5.70106
78	148	0.660979
78	149	0.667389
78	151	0.695635
78	155	0.666667
78	159	0.627707
78	165	0.605496
78	169	0.60149
78	173	0.617153
78	177	0.641261
78	178	0.604821
78	179	0.610059
78	180	0.593831
79	91	0.736088
79	96	0.731055
79	102	0.7163
79	104	3.48988
79	114	0.730586
79	124	0.7438
79	126	3.55994
79	131	0.718334
79	139	2.60841
79	141	0.758674
79	144	0.740891
79	146	0.734768
79	148	0.716606
79	149	0.723016
79	151	0.751262
79	155	0.722295
79	174	0.679866
80	100	0.709725
80	114	0.721362
80	119	0.712957
80	121	0.708343
80	123	0.710319
80	124	0.734575
80	129	0.715304
80	131	0.70911
80	141	0.74945
80	144	0.731667
80	146	0.725544
80	148	0.707382
80	149	0.713792
80	151	0.742038
80	152	2.49545
80	155	0.713071
80	158	3.73499
80	179	4.14252
81	2	1.14973
81	49	0.793941
81	51	0.720855
81	96	0.778936
81	99	1.4545
81	100	0.76683
81	110	0.780492
81	129	0.772409
81	131	0.766215
81	138	5.1607
81	141	0.806555
81	146	0.782649
81	148	0.764487
81	149	0.770897
81	151	0.799143
81	155	0.770175
81	168	2.75846
81	174	0.727747
82	1	0.754373
82	7	0.838581
82	8	0.769461
82	9	0.752811
82	13	0.756553
82	23	0.752201
82	29	0.823526
82	31	0.746219
82	43	4.43728
82	75	0.758705
82	85	0.753725
82	87	0.800592
82	88	0.794511
82	92	0.790126
82	117	1.68677
82	118	3.40017
82	140	1.08363
82	165	0.710328
83	17	0.700954
83	18	0.76082
83	61	0.727109
83	67	0.713062
83	90	0.74876
83	93	0.749309
83	98	2.59455
83	101	0.722264
83	106	0.709637
83	108	0.737505
83	120	0.716113
83	134	0.737983
83	137	0.724899
83	143	0.717634
83	150	2.99897
83	159	0.682448
83	162	0.655686
83	178	4.58087
84	91	0.784932
84	100	0.767793
84	113	0.722838
84	121	0.766411
84	127	1.91619
84	129	0.773372
84	131	0.767179
84	141	0.807518
84	142	2.13376
84	144	0.789735
84	146	0.783612
84	148	0.76545
84	149	0.77186
84	151	0.800106
84	152	2.54275
84	155	0.771139
84	173	4.64327
84	174	0.72871
85	1	0.702739
85	9	0.701177
85	13	0.704918
85	23	0.700566
85	29	0.771892
85	31	0.694585
85	36	0.750821
85	47	1.61516
85	49	0.74363
85	75	0.70707
85	82	0.753725
85	87	0.748957
85	88	0.742876
85	92	0.738491
85	153	3.33518
85	159	0.680904
85	165	0.658693
85	174	4.41433
86	11	0.42077
86	15	0.813971
86	16	0.818495
86	18	0.794362
86	20	0.709021
86	21	0.719444
86	41	0.771727
86	56	5.1535
86	61	0.760651
86	67	0.746605
86	101	0.755807
86	106	0.743179
86	108	0.771048
86	128	1.10657
86	134	0.771525
86	137	0.758441
86	143	0.751176
86	159	0.715991
86	177	2.83668
87	1	0.749606
87	8	0.764693
87	9	0.748044
87	12	1.74829
87	13	0.751785
87	23	0.747433
87	31	0.741451
87	49	0.790497
87	75	0.753937
87	82	0.800592
87	85	0.748957
87	88	0.789743
87	92	0.785358
87	111	3.23562
87	135	0.794573
87	142	2.53589
87	150	2.85852
87	159	0.727771
87	165	0.70556
88	1	0.743525
88	7	0.827732
88	9	0.741963
88	29	0.812677
88	31	0.73537
88	49	0.784416
88	75	0.747856
88	78	0.689679
88	82	0.794511
88	85	0.742876
88	87	0.789743
88	92	0.779277
88	130	1.87376
88	135	0.788492
88	145	2.86637
88	158	2.55056
88	159	0.72169
88	162	4.76446
88	165	0.699479
89	15	0.819167
89	17	0.739691
89	18	0.799558
89	41	0.776922
89	71	0.755862
89	77	1.37753
89	105	0.792525
89	106	0.748375
89	113	0.711846
89	120	0.754851
89	127	1.76478
89	134	0.776721
89	135	0.787989
89	137	0.763637
89	143	0.756372
89	159	0.721186
89	162	0.694424
89	174	3.52907
89	179	4.0384
90	10	0.741074
90	16	0.828534
90	20	0.71906
90	46	0.783667
90	71	0.760705
90	83	0.74876
90	105	0.797368
90	106	0.753218
90	108	0.781086
90	113	0.716689
90	116	1.88345
90	120	0.759694
90	134	0.781564
90	137	0.76848
90	143	0.761215
90	153	2.31216
90	161	3.42802
90	162	0.699267
90	164	4.28728
91	79	0.736088
91	84	0.784932
91	102	0.745437
91	103	0.750641
91	107	1.7484
91	110	0.761748
91	124	0.772936
91	129	0.753665
91	131	0.747471
91	141	0.787811
91	144	0.770028
91	146	0.763905
91	148	0.745743
91	149	0.752153
91	151	0.780399
91	155	0.751432
91	159	3.26669
91	170	3.18347
91	179	3.65656
92	7	0.823347
92	9	0.737578
92	13	0.741319
92	23	0.736967
92	29	0.808293
92	31	0.730985
92	36	0.787222
92	75	0.743471
92	82	0.790126
92	85	0.738491
92	87	0.785358
92	88	0.779277
92	107	2.32795
92	135	0.784107
92	150	2.50269
92	159	0.717305
92	165	0.695094
92	171	3.33219
92	177	3.46443
93	16	0.829083
93	21	0.730032
93	46	0.784215
93	67	0.757192
93	83	0.749309
93	105	0.797917
93	106	0.753767
93	108	0.781635
93	113	0.717238
93	120	0.760243
93	133	1.03011
93	134	0.782113
93	137	0.769029
93	138	5.0282
93	143	0.761764
93	145	2.66279
93	159	0.726578
93	162	0.699816
93	173	3.20797
94	105	2.66738
94	110	2.83145
94	118	0.681867
94	132	0.700578
94	156	0.6961
94	158	0.678181
94	160	0.749111
94	161	0.67339
94	163	0.685382
94	166	0.646138
94	167	0.652985
94	168	0.675412
94	170	0.676182
94	171	0.683797
94	173	0.65817
94	175	0.60986
94	178	0.645838
94	179	0.651076
94	180	0.634848
95	42	3.43965
95	60	2.07663
95	96	1.55114
95	113	0.700011
95	132	0.741205
95	153	0.770568
95	156	0.736727
95	163	0.726009
95	164	0.702783
95	168	0.716039
95	169	0.683134
95	170	0.716809
95	171	0.724424
95	172	0.68881
95	175	0.650487
95	176	0.665523
95	177	0.722904
95	178	0.686465
95	179	0.691703
95	180	0.675475
96	51	0.697078
96	79	0.731055
96	81	0.778936
96	95	1.55114
96	104	2.46526
96	110	0.756715
96	119	0.746285
96	121	0.741671
96	123	0.743647
96	129	0.748632
96	131	0.742438
96	132	3.19922
96	141	0.782778
96	144	0.764995
96	146	0.758872
96	148	0.74071
96	149	0.74712
96	151	0.775366
96	155	0.746399
96	177	3.70364
97	25	2.60334
97	51	1.06603
97	60	1.91752
97	101	1.37336
97	133	0.78695
97	147	0.766884
97	158	0.760012
97	160	0.830942
97	161	0.755221
97	163	0.767213
97	166	0.727969
97	167	0.734816
97	169	0.724338
97	170	0.758013
97	173	0.740001
97	176	0.706727
97	177	0.764108
97	178	0.727668
97	179	0.732907
97	180	0.716679
98	61	1.35028
98	66	0.750587
98	73	1.5253
98	83	2.59455
98	109	0.752625
98	149	1.43024
98	161	0.772517
98	164	0.761284
98	166	0.745266
98	167	0.752112
98	169	0.741635
98	170	0.77531
98	172	0.74731
98	173	0.757298
98	175	0.708987
98	176	0.724024
98	177	0.781405
98	178	0.744965
98	179	0.750203
98	180	0.733975
99	81	1.4545
99	119	2.27896
99	130	0.75596
99	146	2.7241
99	156	0.731393
99	158	0.713474
99	160	0.784405
99	163	0.720675
99	164	0.697449
99	166	0.681431
99	167	0.688278
99	168	0.710705
99	169	0.677801
99	172	0.683476
99	173	0.693463
99	175	0.645153
99	176	0.66019
99	177	0.717571
99	178	0.681131
99	179	0.686369
99	180	0.670141
100	3	0.791548
100	80	0.709725
100	81	0.76683
100	84	0.767793
100	110	0.744609
100	114	0.742584
100	119	0.734179
100	123	0.731541
100	124	0.755797
100	126	2.01295
100	129	0.736526
100	131	0.730332
100	136	3.13008
100	144	0.752889
100	146	0.746766
100	148	0.728604
100	151	0.76326
100	155	0.734293
100	157	0.66611
100	158	3.54543
100	179	3.95296
101	10	0.714578
101	15	0.797514
101	16	0.802038
101	17	0.718039
101	41	0.75527
101	46	0.757171
101	71	0.734209
101	83	0.722264
101	86	0.755807
101	97	1.37336
101	106	0.726722
101	107	2.54848
101	108	0.75459
101	120	0.733198
101	134	0.755068
101	135	0.766336
101	143	0.734719
101	159	0.699533
101	162	0.672771
101	174	3.94731
101	177	3.68497
102	36	0.7626
102	55	0.737968
102	79	0.7163
102	91	0.745437
102	110	0.74196
102	119	0.731529
102	123	0.728892
102	124	0.753148
102	128	1.66041
102	129	0.733877
102	140	0.712939
102	141	0.768023
102	144	0.750239
102	146	0.744117
102	148	0.725955
102	149	0.732365
102	150	2.42877
102	151	0.760611
102	162	0.665921
102	167	4.56539
102	174	0.689215
102	178	4.01066
103	8	1.28799
103	63	0.745233
103	91	0.750641
103	110	0.747164
103	119	0.736734
103	121	0.73212
103	123	0.734096
103	129	0.739081
103	131	0.732887
103	136	3.15296
103	141	0.773227
103	144	0.755444
103	146	0.749321
103	148	0.731159
103	149	0.737569
103	151	0.765815
103	154	1.98525
103	155	0.736847
103	157	0.668665
103	162	0.671125
103	172	5.79554
103	174	0.694419
104	9	2.84486
104	43	0.663321
104	79	3.48988
104	96	2.46526
104	122	0.699443
104	139	0.740348
104	158	0.708839
104	160	0.77977
104	161	0.704048
104	164	0.692815
104	167	0.683643
104	168	0.70607
104	170	0.70684
104	171	0.714455
104	172	0.678841
104	173	0.688828
104	175	0.640518
104	176	0.655555
104	177	0.712936
104	178	0.676496
104	179	0.681734
104	180	0.665506
105	10	0.7461
105	18	0.809428
105	20	0.724086
105	21	0.73451
105	41	0.786792
105	46	0.788693
105	61	0.775717
105	67	0.76167
105	89	0.792525
105	90	0.797368
105	93	0.797917
105	94	2.66738
105	106	0.758245
105	120	0.764721
105	134	0.786591
105	137	0.773507
105	143	0.766242
105	159	0.731056
105	162	0.704294
105	171	2.33338
105	174	2.72797
105	177	2.46563
105	178	3.08578
106	17	0.705411
106	21	0.690359
106	30	0.701471
106	67	0.71752
106	71	0.721581
106	83	0.709637
106	86	0.743179
106	89	0.748375
106	90	0.753218
106	93	0.753767
106	101	0.726722
106	105	0.758245
106	108	0.741963
106	120	0.72057
106	134	0.742441
106	135	0.753708
106	137	0.729357
106	143	0.722092
106	156	2.60032
106	157	3.6794
106	160	1.27449
106	162	0.660144
106	175	8.93778
107	56	0.706728
107	91	1.7484
107	92	2.32795
107	101	2.54848
107	110	1.49321
107	118	0.736493
107	130	0.775293
107	142	0.775179
107	145	0.724144
107	154	0.795366
107	160	0.803738
107	163	0.740008
107	164	0.716782
107	166	0.700764
107	169	0.697134
107	171	0.738423
107	173	0.712796
107	175	0.664486
107	176	0.679523
107	177	0.736904
107	178	0.700464
107	179	0.705702
107	180	0.689474
108	10	0.729819
108	18	0.793146
108	20	0.707805
108	21	0.718228
108	34	1.96377
108	41	0.770511
108	45	0.806188
108	46	0.772412
108	61	0.759435
108	70	1.58832
108	83	0.737505
108	86	0.771048
108	90	0.781086
108	93	0.781635
108	101	0.75459
108	106	0.741963
108	134	0.770309
108	135	0.781577
108	137	0.757225
108	140	3.15107
108	142	2.12633
108	143	0.74996
108	159	0.714775
108	170	3.70929
109	74	0.729665
109	98	0.752625
109	115	0.685288
109	129	2.78847
109	130	0.696434
109	142	0.69632
109	144	3.73296
109	152	0.706276
109	154	0.716507
109	156	0.671867
109	161	0.649157
109	167	0.628752
109	169	0.618275
109	170	0.651949
109	171	0.659564
109	173	0.633937
109	175	0.585627
109	176	0.600664
109	177	0.658045
109	178	0.621605
109	179	0.626843
109	180	0.610615
110	51	0.698634
110	63	0.75634
110	81	0.780492
110	91	0.761748
110	94	2.83145
110	96	0.756715
110	100	0.744609
110	102	0.74196
110	103	0.747164
110	107	1.49321
110	114	0.756247
110	119	0.747841
110	121	0.743227
110	124	0.76946
110	129	0.750189
110	132	2.12527
110	144	0.766551
110	146	0.760429
110	148	0.742267
110	149	0.748677
110	151	0.776923
110	155	0.747955
110	159	3.0115
110	164	3.788
110	174	0.705527
111	68	0.703896
111	87	3.23562
111	115	0.715202
111	126	0.721585
111	130	0.726348
111	132	0.706259
111	148	1.84838
111	152	0.73619
111	155	2.85328
111	158	0.683862
111	160	0.754792
111	161	0.679071
111	163	0.691063
111	166	0.651819
111	167	0.658666
111	168	0.681093
111	171	0.689478
111	172	0.653864
111	173	0.663851
111	175	0.615541
111	176	0.630577
111	177	0.687959
111	178	0.651519
111	179	0.656757
111	180	0.640529
112	17	3.36718
112	34	0.719823
112	69	3.50295
112	117	0.717831
112	118	0.690379
112	132	0.709091
112	146	2.21031
112	147	0.693565
112	152	0.739021
112	157	0.648015
112	158	0.686693
112	160	0.757624
112	163	0.693894
112	166	0.65465
112	167	0.661497
112	168	0.683924
112	170	0.684694
112	171	0.692309
112	173	0.666682
112	175	0.618372
112	176	0.633409
112	177	0.69079
112	178	0.65435
112	179	0.659588
112	180	0.64336
113	17	0.668882
113	40	3.23628
113	58	3.76168
113	64	3.40203
113	84	0.722838
113	89	0.711846
113	90	0.716689
113	93	0.717238
113	95	0.700011
113	114	0.697629
113	119	0.689224
113	134	0.705912
113	137	0.692828
113	141	0.725717
113	143	0.685563
113	149	0.690059
113	151	0.718305
113	155	0.689338
113	156	0.677753
113	157	0.621155
113	170	0.657835
113	171	0.66545
113	175	0.591513
113	176	0.606549
113	179	0.632729
113	180	0.616501
114	49	0.769696
114	79	0.730586
114	80	0.721362
114	100	0.742584
114	110	0.756247
114	113	0.697629
114	118	2.45845
114	119	0.745816
114	121	0.741202
114	123	0.743178
114	124	0.767435
114	129	0.748163
114	131	0.74197
114	141	0.782309
114	142	1.73789
114	144	0.764526
114	146	0.758404
114	148	0.740242
114	149	0.746651
114	151	0.774898
114	155	0.74593
114	156	1.8286
114	162	0.680207
114	164	1.55984
114	174	0.703502
114	175	10.5199
115	26	3.76234
115	32	1.76947
115	48	2.1366
115	109	0.685288
115	111	0.715202
115	118	0.713657
115	132	0.732368
115	137	2.20734
115	138	0.693855
115	154	0.77253
115	156	0.72789
115	160	0.780901
115	161	0.70518
115	163	0.717172
115	164	0.693946
115	166	0.677928
115	167	0.684775
115	168	0.707202
115	170	0.707972
115	171	0.715587
115	172	0.679973
115	173	0.68996
115	176	0.656686
115	177	0.714068
115	178	0.677628
115	179	0.682866
115	180	0.666638
116	56	0.693565
116	90	1.88345
116	117	0.750783
116	119	1.69427
116	131	1.81073
116	134	2.03006
116	138	0.703529
116	145	0.710981
116	147	0.726516
116	153	0.771404
116	156	0.737563
116	158	0.719644
116	160	0.790575
116	166	0.687602
116	167	0.694448
116	169	0.683971
116	170	0.717645
116	171	0.72526
116	172	0.689646
116	173	0.699633
116	175	0.651323
116	176	0.66636
116	177	0.723741
116	178	0.687301
116	179	0.692539
116	180	0.676311
117	16	2.25738
117	55	3.62088
117	73	3.23498
117	82	1.68677
117	112	0.717831
117	116	0.750783
117	133	0.736708
117	142	0.752141
117	145	0.701106
117	153	0.761529
117	154	0.772328
117	156	0.727688
117	158	0.709769
117	163	0.716971
117	164	0.693745
117	166	0.677727
117	167	0.684573
117	169	0.674096
117	171	0.715385
117	172	0.679771
117	173	0.689759
117	175	0.641449
117	176	0.656485
117	177	0.713866
117	178	0.677426
117	179	0.682665
117	180	0.666437
118	6	0.627077
118	27	4.54138
118	82	3.40017
118	94	0.681867
118	107	0.736493
118	112	0.690379
118	114	2.45845
118	115	0.713657
118	126	0.72004
118	139	0.713826
118	147	0.689189
118	153	0.734077
118	154	0.744876
118	161	0.677527
118	164	0.666293
118	167	0.657121
118	168	0.679548
118	170	0.680319
118	172	0.652319
118	173	0.662307
118	175	0.613997
118	176	0.629033
118	177	0.686414
118	178	0.649974
118	179	0.655212
118	180	0.638984
119	3	0.79478
119	51	0.688204
119	80	0.712957
119	96	0.746285
119	99	2.27896
119	100	0.734179
119	102	0.731529
119	103	0.736734
119	110	0.747841
119	113	0.689224
119	114	0.745816
119	116	1.69427
119	121	0.732796
119	123	0.734773
119	124	0.759029
119	129	0.739758
119	131	0.733564
119	144	0.75612
119	146	0.749998
119	148	0.731836
119	149	0.738246
119	151	0.766492
119	155	0.737524
119	158	3.30394
119	174	0.695096
119	177	2.93978
119	179	3.71146
120	4	0.711437
120	10	0.708426
120	15	0.791363
120	16	0.795887
120	17	0.711887
120	46	0.751019
120	49	0.756108
120	61	0.738043
120	67	0.723996
120	71	0.728057
120	77	1.47955
120	83	0.716113
120	89	0.754851
120	90	0.759694
120	93	0.760243
120	101	0.733198
120	105	0.764721
120	106	0.72057
120	130	3.0561
120	134	0.748917
120	137	0.735833
120	143	0.728568
120	159	0.693382
120	161	3.6678
120	162	0.66662
120	171	3.2365
120	174	3.63109
121	32	0.627238
121	55	0.739235
121	63	0.741296
121	80	0.708343
121	84	0.766411
121	96	0.741671
121	103	0.73212
121	110	0.743227
121	114	0.741202
121	119	0.732796
121	123	0.730159
121	124	0.754415
121	129	0.735144
121	131	0.72895
121	141	0.76929
121	144	0.751506
121	146	0.745384
121	148	0.727222
121	149	0.733632
121	151	0.761878
121	155	0.73291
121	156	2.94784
121	159	3.12945
121	162	0.667188
121	166	4.73412
121	170	3.04622
121	174	0.690482
121	177	2.74763
122	10	3.06668
122	104	0.699443
122	127	0.716832
122	128	0.729903
122	134	3.76409
122	140	0.680034
122	141	2.41016
122	145	0.660572
122	147	0.676107
122	152	0.721563
122	154	0.731794
122	156	0.687154
122	160	0.740166
122	161	0.664444
122	163	0.676436
122	164	0.65321
122	166	0.637192
122	168	0.666466
122	169	0.633562
122	170	0.667236
122	171	0.674851
122	172	0.639237
122	173	0.649224
122	176	0.615951
122	177	0.673332
122	178	0.636892
122	179	0.64213
122	180	0.625902
123	32	0.629215
123	35	1.27078
123	51	0.685566
123	54	3.01288
123	55	0.741212
123	80	0.710319
123	96	0.743647
123	100	0.731541
123	102	0.728892
123	103	0.734096
123	114	0.743178
123	119	0.734773
123	121	0.730159
123	124	0.756391
123	129	0.73712
123	131	0.730926
123	135	2.06241
123	141	0.771266
123	144	0.753483
123	146	0.74736
123	147	4.33368
123	148	0.729198
123	149	0.735608
123	151	0.763854
123	155	0.734887
123	156	3.98887
123	157	0.666704
123	162	0.669164
123	174	0.692458
124	32	0.653471
124	45	0.791703
124	51	0.709822
124	79	0.7438
124	80	0.734575
124	91	0.772936
124	100	0.755797
124	102	0.753148
124	110	0.76946
124	114	0.767435
124	119	0.759029
124	121	0.754415
124	123	0.756391
124	129	0.761377
124	131	0.755183
124	140	0.740438
124	141	0.795523
124	144	0.777739
124	146	0.771617
124	147	3.68225
124	148	0.753455
124	149	0.759865
124	151	0.788111
124	152	2.26184
124	153	2.32042
124	155	0.759143
124	157	0.690961
124	159	3.51904
124	165	4.9368
124	174	0.716715
125	46	2.06049
125	57	2.71823
125	62	1.21375
125	128	0.790987
125	133	0.757258
125	138	0.714204
125	145	0.721657
125	149	1.64395
125	151	1.81376
125	152	0.782647
125	154	0.792878
125	160	0.80125
125	161	0.725529
125	163	0.737521
125	164	0.714295
125	166	0.698277
125	167	0.705124
125	168	0.727551
125	169	0.694646
125	170	0.728321
125	171	0.735936
125	172	0.700322
125	173	0.710309
125	175	0.661999
125	176	0.677035
125	177	0.734416
125	178	0.697977
125	179	0.703215
125	180	0.686987
126	21	1.85123
126	59	2.06345
126	67	2.91244
126	77	0.780452
126	79	3.55994
126	100	2.01295
126	111	0.721585
126	118	0.72004
126	132	0.738751
126	139	0.747863
126	145	0.707691
126	150	0.746589
126	153	0.768114
126	154	0.778913
126	160	0.787284
126	161	0.711563
126	163	0.723555
126	166	0.684311
126	167	0.691158
126	168	0.713585
126	169	0.680681
126	170	0.714355
126	171	0.72197
126	172	0.686356
126	173	0.696343
126	175	0.648033
126	176	0.663069
126	177	0.720451
126	178	0.684011
126	179	0.689249
126	180	0.673021
127	26	3.30017
127	67	2.57882
127	84	1.91619
127	89	1.76478
127	122	0.716832
127	138	0.710112
127	139	0.757736
127	142	0.768599
127	144	1.35676
127	145	0.717565
127	152	0.778555
127	154	0.788786
127	158	0.726228
127	160	0.797158
127	161	0.721437
127	163	0.733429
127	164	0.710203
127	166	0.694185
127	167	0.701032
127	168	0.723458
127	169	0.690554
127	170	0.724229
127	172	0.696229
127	173	0.706217
127	175	0.657907
127	176	0.672943
127	177	0.730324
127	178	0.693884
127	179	0.699123
127	180	0.682895
128	44	2.04844
128	86	1.10657
128	102	1.66041
128	122	0.729903
128	125	0.790987
128	130	0.781785
128	132	0.761696
128	133	0.766237
128	134	1.54547
128	137	1.51701
128	139	0.770808
128	152	0.791627
128	153	0.791059
128	154	0.801858
128	155	1.70782
128	160	0.810229
128	161	0.734508
128	163	0.7465
128	164	0.723274
128	167	0.714103
128	169	0.703625
128	170	0.7373
128	171	0.744915
128	172	0.709301
128	173	0.719288
128	174	0.726374
128	176	0.686014
128	177	0.743395
128	178	0.706956
128	179	0.712194
128	180	0.695966
129	32	0.6342
129	55	0.746197
129	80	0.715304
129	81	0.772409
129	84	0.773372
129	91	0.753665
129	96	0.748632
129	100	0.736526
129	102	0.733877
129	103	0.739081
129	109	2.78847
129	110	0.750189
129	114	0.748163
129	119	0.739758
129	121	0.735144
129	123	0.73712
129	124	0.761377
129	130	1.60157
129	131	0.735912
129	141	0.776251
129	144	0.758468
129	146	0.752345
129	148	0.734183
129	149	0.740593
129	151	0.768839
129	153	1.0974
129	155	0.739872
129	157	0.67169
129	170	2.2128
129	172	4.5056
129	174	0.697443
129	176	6.39277
130	28	1.88518
130	88	1.87376
130	99	0.75596
130	107	0.775293
130	109	0.696434
130	111	0.726348
130	120	3.0561
130	128	0.781785
130	129	1.60157
130	132	0.743514
130	149	2.48376
130	152	0.773445
130	153	0.772877
130	156	0.739036
130	158	0.721117
130	160	0.792047
130	163	0.728318
130	164	0.705092
130	166	0.689074
130	167	0.695921
130	169	0.685444
130	170	0.719118
130	172	0.691119
130	173	0.701106
130	175	0.652796
130	176	0.667832
130	177	0.725214
130	178	0.688774
130	179	0.694012
130	180	0.677784
131	3	0.790933
131	34	1.60932
131	45	0.710721
131	55	0.740003
131	63	0.742063
131	79	0.718334
131	80	0.70911
131	81	0.766215
131	84	0.767179
131	91	0.747471
131	96	0.742438
131	100	0.730332
131	103	0.732887
131	114	0.74197
131	116	1.81073
131	119	0.733564
131	121	0.72895
131	123	0.730926
131	124	0.755183
131	129	0.735912
131	141	0.770058
131	144	0.752274
131	146	0.746152
131	148	0.72799
131	149	0.7344
131	151	0.762646
131	155	0.733678
131	161	3.3553
131	162	0.667955
131	163	2.99757
131	174	0.69125
131	180	5.5729
132	32	2.30482
132	94	0.700578
132	95	0.741205
132	96	3.19922
132	110	2.12527
132	111	0.706259
132	112	0.709091
132	115	0.732368
132	126	0.738751
132	128	0.761696
132	130	0.743514
132	139	0.732537
132	141	1.41723
132	142	0.7434
132	145	0.692366
132	147	0.707901
132	151	2.4618
132	152	0.753356
132	153	0.752789
132	156	0.718948
132	158	0.701029
132	163	0.70823
132	164	0.685004
132	166	0.668986
132	169	0.665355
132	170	0.69903
132	172	0.67103
132	173	0.681018
132	175	0.632708
132	176	0.647744
132	177	0.705125
132	178	0.668685
132	179	0.673924
132	180	0.657696
133	17	3.58908
133	93	1.03011
133	97	0.78695
133	117	0.736708
133	125	0.757258
133	128	0.766237
133	136	0.69728
133	137	2.29439
133	138	0.689454
133	139	0.737078
133	141	0.968924
133	145	0.696906
133	146	2.43221
133	152	0.757897
133	153	0.757329
133	158	0.705569
133	160	0.7765
133	162	0.66935
133	163	0.712771
133	164	0.689545
133	167	0.680373
133	168	0.7028
133	169	0.669896
133	170	0.703571
133	171	0.711185
133	172	0.675571
133	173	0.685559
133	174	0.692645
133	175	0.637249
133	176	0.652285
133	177	0.709666
133	179	0.678465
133	180	0.662237
134	10	0.730296
134	11	0.859671
134	15	0.813233
134	17	0.733757
134	18	0.793624
134	20	0.708282
134	21	0.718706
134	30	0.729817
134	37	1.82674
134	41	0.770988
134	45	0.806665
134	61	0.759913
134	67	0.745866
134	70	1.4532
134	71	0.749928
134	83	0.737983
134	86	0.771525
134	89	0.776721
134	90	0.781564
134	93	0.782113
134	101	0.755068
134	105	0.786591
134	106	0.742441
134	108	0.770309
134	113	0.705912
134	116	2.03006
134	120	0.748917
134	122	3.76409
134	128	1.54547
134	135	0.782055
134	137	0.757703
134	143	0.750438
134	162	0.68849
134	171	3.14333
135	3	1.92421
135	7	0.832562
135	15	0.824501
135	19	1.22286
135	21	0.729973
135	27	1.6192
135	31	0.740201
135	36	0.796437
135	75	0.752686
135	87	0.794573
135	88	0.788492
135	89	0.787989
135	92	0.784107
135	101	0.766336
135	106	0.753708
135	108	0.781577
135	123	2.06241
135	134	0.782055
135	137	0.768971
135	139	0.767486
135	143	0.761706
135	147	0.742849
135	148	0.706771
135	151	1.23997
135	155	1.71167
135	159	0.72652
135	164	0.719952
135	165	0.704309
135	171	0.741593
135	172	0.705979
135	177	0.740074
135	178	0.703634
135	179	0.708872
135	180	0.692644
136	5	0.686809
136	19	0.74705
136	25	0.669818
136	26	0.663856
136	33	0.724404
136	50	0.724364
136	56	0.644262
136	57	0.704725
136	58	0.716397
136	60	0.716145
136	62	0.729612
136	64	0.729507
136	65	0.698749
136	69	0.698526
136	72	0.690212
136	73	0.69014
136	76	0.690064
136	100	3.13008
136	103	3.15296
136	133	0.69728
136	148	2.38182
136	149	2.74521
136	150	0.700577
136	158	0.670341
136	165	0.638674
136	167	0.645145
136	170	0.668343
136	172	0.640343
136	173	0.650331
136	175	0.602021
136	176	0.617057
136	177	0.674438
136	179	0.643237
136	180	0.627009
137	4	0.720224
137	10	0.717213
137	11	0.831207
137	12	1.17514
137	15	0.800149
137	16	0.804673
137	17	0.720674
137	18	0.78054
137	20	0.695199
137	21	0.705622
137	30	0.716734
137	41	0.757905
137	46	0.759806
137	49	0.764895
137	61	0.746829
137	67	0.732783
137	71	0.736844
137	83	0.724899
137	86	0.758441
137	89	0.763637
137	90	0.76848
137	93	0.769029
137	105	0.773507
137	106	0.729357
137	108	0.757225
137	113	0.692828
137	115	2.20734
137	120	0.735833
137	128	1.51701
137	133	2.29439
137	134	0.757703
137	135	0.768971
137	143	0.737354
137	159	0.702168
137	173	4.47225
137	179	4.01879
138	29	2.61111
138	81	5.1607
138	93	5.0282
138	115	0.693855
138	116	0.703529
138	125	0.714204
138	127	0.710112
138	133	0.689454
138	145	0.653853
138	152	0.714843
138	153	0.714276
138	154	0.725074
