1	22	0.70007
1	26	0.755151
1	92	1.24835
1	94	1.19756
1	108	1.23762
1	114	1.15679
1	116	0.70646
1	146	1.2021
1	147	1.17648
1	149	0.733832
1	158	0.709475
1	173	1.18113
2	19	0.719554
2	33	0.659417
2	65	0.708328
2	125	0.789601
2	140	1.19732
2	157	1.21832
2	160	0.716589
2	163	1.19097
2	170	1.20663
2	174	1.19704
2	178	1.20309
2	180	1.18693
3	63	0.670019
3	126	0.726802
3	136	1.19426
3	145	0.732058
3	150	1.19093
3	162	1.23247
3	166	1.18664
3	167	0.732991
3	171	1.20043
3	176	1.19357
3	177	1.20198
3	180	0.745255
4	32	0.864231
4	87	1.03939
4	112	0.897414
4	157	1.06499
4	158	1.05163
4	159	0.901981
4	166	0.931796
4	167	1.04621
4	169	1.06141
4	170	1.0533
4	178	1.04976
4	180	1.0336
5	70	0.708349
5	74	1.18653
5	94	1.21841
5	114	1.17764
5	120	1.18733
5	121	1.20517
5	132	1.22395
5	165	0.738686
5	172	1.20062
5	176	0.726203
5	177	0.714447
5	178	0.713691
6	19	1.087
6	32	0.875143
6	98	0.89092
6	129	0.90579
6	136	0.922382
6	142	1.04362
6	147	1.02672
6	158	1.05069
6	173	1.03137
6	178	1.04882
6	179	1.07948
6	180	1.03266
7	21	0.867661
7	76	0.692019
7	98	1.19266
7	103	0.714844
7	121	0.682999
7	131	0.635214
7	170	1.21425
7	175	1.22932
7	176	1.17533
7	177	1.18373
7	178	1.21071
7	180	1.19455
8	105	0.65846
8	106	0.751174
8	139	0.737401
8	147	0.753034
8	154	1.19528
8	161	1.20326
8	163	1.19973
8	164	1.20647
8	165	1.18804
8	175	0.694277
8	178	1.21185
8	180	1.19569
9	41	0.689583
9	94	0.691065
9	102	0.759097
9	139	1.20819
9	150	1.19326
9	159	1.20693
9	166	1.18896
9	168	0.734616
9	170	0.726137
9	171	1.20275
9	176	1.1959
9	177	1.20431
10	80	0.750532
10	108	0.704503
10	158	1.2043
10	163	1.19031
10	164	1.19705
10	166	0.743054
10	169	1.21408
10	170	1.20597
10	175	0.681742
10	177	0.717044
10	178	1.20243
10	180	1.18627
11	44	1.13866
11	59	1.19892
11	85	1.25165
11	111	1.21497
11	123	1.1675
11	127	0.693098
11	165	0.736145
11	171	0.720285
11	172	0.725369
11	173	1.20857
11	174	1.21996
11	176	0.723662
12	62	1.17478
12	91	0.664652
12	112	1.20691
12	114	1.17851
12	117	0.723946
12	142	1.2151
12	146	1.22382
12	147	1.1982
12	148	0.759241
12	161	0.726221
12	167	0.726199
12	173	1.20285
13	117	0.706751
13	124	0.773562
13	126	1.19836
13	155	0.710361
13	163	1.19554
13	165	1.18385
13	167	1.2041
13	169	1.21931
13	173	0.698234
13	177	0.706847
13	178	1.20766
13	180	1.1915
14	60	1.22896
14	72	1.26779
14	88	1.28939
14	98	1.25626
14	105	1.36468
14	122	0.680042
14	134	0.657248
14	166	0.667765
14	172	0.655219
14	175	1.29293
14	178	0.641001
15	62	1.01811
15	94	1.0626
15	96	0.901792
15	107	0.837769
15	108	1.10266
15	112	1.05023
15	121	1.04937
15	124	1.02142
15	135	1.03669
15	145	1.05888
15	154	0.936299
15	178	0.927691
16	18	0.69536
16	61	0.743672
16	77	0.744501
16	85	0.697801
16	99	0.713726
16	138	1.2026
16	147	1.18725
16	162	1.21286
16	170	1.21289
16	177	1.18238
16	178	1.20935
16	180	1.19319
17	27	0.604605
17	60	1.14518
17	71	1.19331
17	73	1.19332
17	88	1.20562
17	98	1.17248
17	105	1.2809
17	124	0.783006
17	134	0.731783
17	137	0.767406
17	145	0.717514
17	175	1.20915
18	16	0.69536
18	69	1.09819
18	85	1.24876
18	90	0.746543
18	111	1.21208
18	123	1.16461
18	153	0.697542
18	158	0.719605
18	172	0.739909
18	173	1.20568
18	174	1.21708
18	179	1.25379
19	2	0.719554
19	6	1.087
19	121	1.2151
19	132	1.23388
19	138	1.22261
19	144	0.721054
19	146	1.23288
19	147	1.20726
19	161	0.709193
19	164	0.720072
19	166	0.733024
19	168	1.20142
20	61	0.727524
20	85	0.681653
20	98	0.669738
20	103	0.764562
20	123	0.751045
20	135	1.18826
20	138	1.20845
20	164	1.20982
20	169	1.22685
20	176	1.17982
20	177	1.18823
20	180	1.19904
21	7	0.867661
21	107	0.873936
21	108	1.10186
21	114	1.02103
21	124	1.02062
21	135	1.03589
21	138	1.05607
21	142	1.05762
21	146	1.06634
21	147	1.04072
21	160	0.925912
21	169	0.934123
22	1	0.70007
22	133	1.20658
22	160	1.23216
22	162	1.22176
22	165	0.750744
22	166	1.17593
22	170	0.729896
22	171	1.18972
22	176	1.18287
22	177	1.19128
22	178	0.725749
22	179	0.697988
23	56	0.891284
23	111	1.05192
23	123	1.00446
23	131	1.07027
23	157	0.898285
23	168	1.03504
23	169	0.885601
23	175	1.08159
23	176	1.02759
23	177	1.036
23	179	1.09364
23	180	0.93051
24	136	0.788518
24	138	0.789362
24	140	1.13836
24	151	0.754253
24	154	1.12756
24	156	1.12681
24	159	0.779029
24	163	1.13201
24	169	1.15578
24	170	1.14767
24	177	0.782835
24	178	1.14413
24	180	1.12798
25	53	0.774317
25	114	0.820446
25	120	0.781273
25	126	0.764899
25	151	1.15066
25	159	1.13134
25	160	1.16961
25	162	1.1592
25	166	1.11338
25	171	1.12716
25	174	0.761214
25	176	1.12031
25	177	1.12872
26	1	0.755151
26	118	0.76971
26	144	1.12469
26	150	0.79147
26	155	0.7851
26	158	1.14702
26	161	1.13656
26	164	1.13977
26	165	1.12134
26	169	1.1568
26	176	0.793342
26	178	1.14515
26	180	1.12899
27	17	0.604605
27	59	1.30428
27	69	1.20643
27	85	1.35701
27	108	0.618524
27	111	1.32033
27	114	0.682579
27	123	1.27286
27	137	0.68218
27	148	0.666264
27	172	0.644528
27	173	1.31393
27	174	1.32532
28	54	1.12256
28	67	1.16548
28	75	1.10971
28	77	1.10928
28	86	0.787984
28	96	1.15969
28	120	0.793262
28	122	1.10978
28	131	1.156
28	144	0.794961
28	153	0.752017
28	173	0.772308
28	175	1.16732
29	74	0.784088
29	126	1.13062
29	133	0.781996
29	149	1.12921
29	157	1.15515
29	158	1.14179
29	159	0.772031
29	167	1.13636
29	170	1.14346
29	173	0.767223
29	176	0.787593
29	178	1.13992
29	180	1.12376
30	66	0.71264
30	71	1.13129
30	72	1.12199
30	73	1.1313
30	88	1.14359
30	98	1.11046
30	105	1.21888
30	143	1.09527
30	149	0.799976
30	164	0.795518
30	166	0.80847
30	175	1.14712
30	177	0.78246
31	45	0.723066
31	48	0.721151
31	73	0.603682
31	137	0.635521
31	150	1.28506
31	153	1.33338
31	155	1.30476
31	156	0.622167
31	159	1.29872
31	171	1.29455
31	176	1.2877
31	177	1.29611
31	180	0.598827
32	4	0.864231
32	6	0.875143
32	80	0.734684
32	141	0.714755
32	150	1.12582
32	155	1.14552
32	159	1.13949
32	162	1.16736
32	164	0.714253
32	166	1.12153
32	171	1.13532
32	176	1.12846
32	177	1.13687
33	2	0.659417
33	54	0.668593
33	70	0.64078
33	108	0.634337
33	150	1.28763
33	153	1.33595
33	154	0.654731
33	155	1.30733
33	166	1.28333
33	171	1.29712
33	176	1.29027
33	177	1.29868
33	178	0.646123
34	64	1.09062
34	111	0.789479
34	113	0.750872
34	127	0.771291
34	158	1.15188
34	163	1.13788
34	164	1.14463
34	165	1.12619
34	168	0.801969
34	169	1.16166
34	170	1.15355
34	173	0.781485
34	180	1.13385
35	48	1.07223
35	58	0.776464
35	93	1.16182
35	95	1.16112
35	100	1.07343
35	103	1.13041
35	127	1.17401
35	134	0.793212
35	144	0.79176
35	146	0.76546
35	168	1.13411
35	178	0.776965
35	179	1.19271
36	104	0.736963
36	127	0.778323
36	140	1.13879
36	144	1.1241
36	150	0.807014
36	158	1.14643
36	162	0.781876
36	165	1.12075
36	167	1.14101
36	169	1.15622
36	173	0.788517
36	178	1.14457
36	180	1.12841
37	46	1.20909
37	61	1.13855
37	67	1.16159
37	75	1.10583
37	80	1.09835
37	82	0.728648
37	115	0.837341
37	122	1.10589
37	140	0.770442
37	155	0.777154
37	168	1.11689
37	172	0.787103
37	175	1.16344
38	39	1.11134
38	48	1.07189
38	65	1.22682
38	95	1.16077
38	100	1.07309
38	103	1.13006
38	108	0.778474
38	149	0.808531
38	160	0.752315
38	168	1.13377
38	172	0.804478
38	175	0.755713
38	179	1.19237
39	38	1.11134
39	41	1.18636
39	70	0.778737
39	79	1.21594
39	93	1.14058
39	100	1.05219
39	103	1.10916
39	125	0.819146
39	168	1.11287
39	169	0.754346
39	172	0.798298
39	175	0.749532
39	179	1.17147
40	100	0.888819
40	110	0.807369
40	128	0.854205
40	148	0.833703
40	150	0.808389
40	156	1.08088
40	161	1.08961
40	163	1.08608
40	164	1.09282
40	165	1.07439
40	167	1.09465
40	170	1.10174
40	178	1.0982
40	180	1.08205
41	9	0.689583
41	39	1.18636
41	79	1.31187
41	93	1.2365
41	95	1.2358
41	100	1.14812
41	103	1.20509
41	110	0.718453
41	157	0.691784
41	168	1.20879
41	173	0.700976
41	175	0.674287
41	179	1.26739
41	180	0.724009
42	87	0.854957
42	140	0.847726
42	148	1.076
42	151	1.10839
42	152	1.11127
42	155	1.0951
42	157	0.833119
42	159	1.08906
42	166	1.0711
42	169	0.820434
42	171	1.08489
42	176	1.07804
42	177	1.08645
42	178	0.850168
43	107	1.1136
43	116	1.09436
43	129	0.847034
43	141	1.0814
43	150	0.867826
43	151	0.829361
43	153	0.829039
43	156	1.07434
43	160	0.819242
43	163	1.07954
43	164	1.08628
43	169	1.10332
43	178	1.09166
43	180	1.07551
44	11	1.13866
44	69	0.978873
44	85	1.12945
44	111	1.09277
44	123	1.0453
44	129	0.829985
44	134	1.09638
44	144	0.854933
44	172	0.854356
44	173	1.08637
44	174	1.09777
44	175	0.805591
44	179	1.13448
44	180	0.855314
45	31	0.723066
45	140	1.09034
45	151	0.852829
45	154	1.07953
45	161	1.08752
45	163	1.08399
45	164	1.09073
45	167	1.09255
45	168	0.893281
45	170	1.09965
45	175	0.846108
45	177	0.881411
45	178	1.09611
45	180	1.07995
46	37	1.20909
46	75	1.21644
46	76	1.20934
46	80	1.20896
46	114	0.739808
46	122	1.21651
46	131	1.26273
46	135	0.723367
46	168	1.2275
46	172	0.701757
46	174	1.24939
46	177	0.688294
46	178	0.687539
46	179	0.659777
47	57	0.701617
47	93	0.673496
47	103	0.745213
47	138	0.682696
47	141	1.22411
47	142	0.690948
47	147	0.699623
47	149	1.22366
47	158	1.23624
47	163	1.22225
47	165	1.21056
47	167	1.23082
47	178	1.23437
47	180	1.21822
48	31	0.721151
48	35	1.07223
48	38	1.07189
48	65	1.16647
48	93	1.10113
48	94	0.847816
48	95	1.10042
48	100	1.01274
48	103	1.06972
48	140	0.876298
48	155	0.88301
48	158	0.872654
48	168	1.07342
48	179	1.13202
49	83	0.806526
49	94	0.824868
49	149	1.08279
49	150	0.866432
49	151	0.827966
49	156	1.07617
49	157	1.10873
49	165	1.06969
49	167	1.08994
49	169	1.10515
49	170	1.09704
49	176	0.868304
49	178	1.0935
49	180	1.07734
50	136	1.21496
50	141	0.709854
50	145	0.697517
50	149	0.71381
50	150	1.21164
50	151	1.24463
50	158	0.689453
50	160	1.26358
50	164	0.709352
50	166	1.20734
50	171	1.22113
50	174	0.688576
50	176	1.21428
50	177	1.22269
51	54	1.20001
51	75	1.18717
51	78	1.29166
51	99	1.23534
51	102	0.724955
51	122	1.18723
51	131	1.23345
51	134	0.704096
51	147	0.712059
51	163	0.699084
51	172	0.702067
51	174	1.22011
51	175	1.24477
51	179	0.660087
52	129	1.16129
52	145	0.757131
52	151	1.17471
52	152	1.17759
52	155	1.16142
52	158	0.749067
52	160	1.19365
52	162	1.18325
52	171	1.15121
52	174	0.748191
52	176	1.14436
52	177	1.15277
52	178	0.755154
52	179	0.727392
52	180	0.770329
53	25	0.774317
53	112	1.16603
53	121	1.16516
53	124	1.13722
53	129	0.737228
53	132	1.18394
53	138	1.17267
53	142	1.17422
53	146	1.18294
53	147	1.15732
53	155	0.75165
53	159	0.74433
53	167	0.750292
53	172	1.16061
53	174	0.740418
54	28	1.12256
54	33	0.668593
54	51	1.20001
54	61	1.15875
54	67	1.18179
54	96	1.17601
54	99	1.1742
54	127	1.17699
54	131	1.17232
54	133	0.770625
54	159	0.76066
54	168	1.13709
54	172	0.777928
54	173	0.755852
54	178	0.76371
55	62	0.705566
55	69	1.21704
55	73	0.653526
55	96	0.607596
55	105	0.56313
55	121	0.67145
55	137	1.2931
55	142	0.649029
55	162	1.3455
55	168	0.646121
55	173	1.32454
55	176	1.3066
55	177	1.31501
55	179	1.37265
55	180	1.32583
56	23	0.891284
56	77	0.750781
56	99	0.720006
56	130	0.726808
56	149	1.16419
56	152	0.723056
56	156	1.15758
56	157	1.19014
56	163	1.16278
56	164	1.16952
56	165	1.15109
56	167	1.17135
56	175	0.682642
56	178	1.1749
56	180	1.15875
57	47	0.701617
57	81	0.794044
57	86	0.775262
57	91	0.708809
57	92	1.2265
57	102	1.1441
57	120	1.14463
57	121	1.16247
57	124	1.13453
57	132	1.18125
57	142	1.17153
57	146	1.18025
57	147	1.15463
57	162	0.752945
57	167	0.770356
58	35	0.776464
58	108	0.728954
58	111	0.740875
58	149	1.15729
58	152	0.746606
58	158	1.16987
58	161	1.15941
58	165	1.14418
58	169	1.17965
58	170	1.17154
58	171	0.749874
58	176	0.753251
58	178	1.168
58	179	1.19866
58	180	1.15184
59	11	1.19892
59	27	1.30428
59	69	1.03913
59	85	1.18971
59	93	0.735001
59	109	0.745083
59	111	1.15303
59	119	0.754935
59	123	1.10556
59	134	1.15664
59	150	0.747558
59	164	0.750731
59	166	0.763683
59	174	1.15802
59	179	1.19474
60	14	1.22896
60	17	1.14518
60	71	1.14861
60	72	1.1393
60	73	1.14862
60	81	0.768341
60	88	1.16091
60	98	1.12777
60	105	1.23619
60	119	0.759758
60	153	0.713593
60	165	0.766735
60	173	0.733883
60	175	1.16444
60	180	0.756917
61	16	0.743672
61	20	0.727524
61	37	1.13855
61	54	1.15875
61	76	1.1388
61	96	1.19588
61	99	1.19407
61	107	0.684081
61	122	1.14597
61	131	1.19219
61	142	0.789537
61	154	0.782611
61	161	0.776936
61	168	1.15696
61	174	1.17885
62	12	1.17478
62	15	1.01811
62	55	0.705566
62	102	1.11303
62	120	1.11356
62	121	1.13141
62	126	0.810034
62	131	0.803482
62	132	1.15019
62	135	1.11873
62	138	1.13892
62	147	1.12356
62	156	0.851827
62	167	0.816223
62	168	1.11772
62	170	0.817459
63	3	0.670019
63	94	1.25645
63	99	0.683996
63	103	0.750979
63	120	1.22537
63	127	0.663127
63	132	1.262
63	135	1.23054
63	138	1.25073
63	146	1.26099
63	147	1.23537
63	150	0.691819
63	153	0.653031
63	172	1.23867
63	173	1.24003
63	178	0.681179
64	34	1.09062
64	74	0.81255
64	125	0.838609
64	131	0.793713
64	140	1.12602
64	141	1.12153
64	151	0.775717
64	153	0.775395
64	154	1.11522
64	156	1.11447
64	161	1.1232
64	164	1.12641
64	170	1.13533
64	173	0.795685
64	178	1.13179
64	180	1.11564
65	2	0.708328
65	38	1.22682
65	48	1.16647
65	79	1.33142
65	82	1.2807
65	93	1.25606
65	95	1.25535
65	100	1.16767
65	113	0.656562
65	151	0.667207
65	163	0.706269
65	168	1.22835
65	169	0.665299
65	172	0.709252
65	174	0.688071
65	179	1.28695
66	30	0.71264
66	94	1.26019
66	112	1.24782
66	123	1.20269
66	139	1.23811
66	140	0.669733
66	142	1.25601
66	154	0.680784
66	163	0.683412
66	165	0.69717
66	170	0.676322
66	173	1.24376
66	176	1.22582
66	177	1.23423
66	179	1.29187
66	180	0.687351
67	28	1.16548
67	37	1.16159
67	54	1.18179
67	80	1.16147
67	96	1.21893
67	122	1.16901
67	127	1.2199
67	131	1.21524
67	143	0.733769
67	145	0.721371
67	161	0.722327
67	163	0.730629
67	164	0.733206
67	168	1.18001
67	172	0.733612
67	175	1.22656
67	176	0.731905
68	69	0.803463
68	94	0.670795
68	122	0.740762
68	128	1.14937
68	135	0.737548
68	137	0.75359
68	150	1.16903
68	152	1.2049
68	153	1.21735
68	159	1.18269
68	160	1.22097
68	171	1.17852
68	174	0.694757
68	175	1.22566
68	176	1.17167
68	177	1.18008
68	178	0.70172
69	18	1.09819
69	27	1.20643
69	44	0.978873
69	55	1.21704
69	59	1.03913
69	68	0.803463
69	84	0.907474
69	85	1.09186
69	111	1.05518
69	123	1.00772
69	127	0.824931
69	130	0.852602
69	163	0.854219
69	172	0.857201
69	173	1.04879
69	174	1.06018
69	179	1.09689
70	5	0.708349
70	33	0.64078
70	39	0.778737
70	106	0.758248
70	145	1.19296
70	146	0.724393
70	149	1.18699
70	156	1.18038
70	158	1.19957
70	163	1.18558
70	164	1.19232
70	165	1.17389
70	169	1.20935
70	176	0.74841
70	177	0.736654
70	178	1.1977
70	180	1.18155
71	17	1.19331
71	30	1.13129
71	60	1.14861
71	72	1.18743
71	73	1.19675
71	88	1.20904
71	98	1.17591
71	105	1.28432
71	110	0.730024
71	123	0.776689
71	143	1.16072
71	145	0.722383
71	154	0.729013
71	167	0.723317
71	171	0.729539
71	175	1.21257
71	179	0.692644
72	14	1.26779
72	30	1.12199
72	60	1.1393
72	71	1.18743
72	73	1.18744
72	88	1.19974
72	98	1.1666
72	105	1.27502
72	134	0.733301
72	138	0.724336
72	143	1.15142
72	150	0.727693
72	155	0.721323
72	165	0.742048
72	172	0.731272
72	175	1.20327
72	177	0.717809
73	17	1.19332
73	30	1.1313
73	31	0.603682
73	55	0.653526
73	60	1.14862
73	71	1.19675
73	72	1.18744
73	88	1.20905
73	98	1.17592
73	105	1.28433
73	136	0.76771
73	143	1.16073
73	172	0.77549
73	175	1.21258
73	177	0.762027
73	178	0.761271
73	180	0.776447
74	5	1.18653
74	29	0.784088
74	64	0.81255
74	111	1.14723
74	123	1.09977
74	141	0.764562
74	142	1.15308
74	146	1.1618
74	163	0.761483
74	164	0.76406
74	166	1.11597
74	170	0.754394
74	173	1.14084
74	174	1.15223
74	176	1.1229
74	177	1.13131
74	179	1.18895
74	180	0.765423
75	28	1.10971
75	37	1.10583
75	46	1.21644
75	51	1.18717
75	76	1.10609
75	77	1.11276
75	99	1.16136
75	116	0.762552
75	131	1.15948
75	143	0.786028
75	154	0.780261
75	168	1.12424
75	170	0.775799
75	172	0.785871
75	174	1.14613
75	175	1.1708
75	177	0.772408
75	179	0.743891
76	7	0.692019
76	46	1.20934
76	61	1.1388
76	75	1.10609
76	96	1.15606
76	99	1.15426
76	122	1.10615
76	127	1.15704
76	131	1.15237
76	141	0.80253
76	143	0.802591
76	157	0.771166
76	161	0.791149
76	168	1.11714
76	174	1.13903
76	175	1.16369
76	178	0.788216
76	179	0.760454
77	16	0.744501
77	28	1.10928
77	56	0.750781
77	75	1.11276
77	80	1.10527
77	96	1.16273
77	99	1.16093
77	113	1.19721
77	122	1.11282
77	127	1.16371
77	131	1.15904
77	158	0.768745
77	164	0.788644
77	167	0.777743
77	171	0.783966
77	172	0.78905
77	174	1.1457
77	175	1.17037
78	51	1.29166
78	79	0.603255
78	98	1.23863
78	103	0.740992
78	105	1.34705
78	122	1.21775
78	131	1.26397
78	133	0.678106
78	150	0.681831
78	152	0.677059
78	159	0.668142
78	161	1.24809
78	162	0.656693
78	163	1.24456
78	165	1.23287
78	175	1.27529
78	176	0.683703
78	180	1.24052
79	39	1.21594
79	41	1.31187
79	65	1.33142
79	78	0.603255
79	93	1.26608
79	95	1.26537
79	100	1.17769
79	103	1.23467
79	122	0.712345
79	132	0.656179
79	145	1.26157
79	156	0.711819
79	168	1.23837
79	171	0.682438
79	172	0.687522
79	177	0.674059
79	178	0.673304
79	179	1.29697
80	10	0.750532
80	32	0.734684
80	37	1.09835
80	46	1.20896
80	67	1.16147
80	77	1.10527
80	91	0.716849
80	96	1.15568
80	99	1.15387
80	122	1.10577
80	127	1.15666
80	128	0.831939
80	131	1.15199
80	148	0.811437
80	161	0.778417
80	174	1.13865
80	175	1.16331
80	178	0.775484
81	57	0.794044
81	60	0.768341
81	96	0.741942
81	111	1.14874
81	112	0.760223
81	123	1.10127
81	131	0.75801
81	142	0.783375
81	147	0.792051
81	154	1.14321
81	169	1.17144
81	171	1.13126
81	174	1.15373
81	176	1.1244
81	177	1.13281
81	178	1.15979
81	179	1.19045
81	180	1.14363
82	37	0.728648
82	65	1.2807
82	86	0.704822
82	89	0.71718
82	93	1.21537
82	103	1.18395
82	115	0.761459
82	131	0.687173
82	138	1.20885
82	143	1.18236
82	147	1.1935
82	153	1.22589
82	163	0.70824
82	164	0.710816
82	168	1.18766
82	171	1.18707
82	174	0.690041
82	177	1.18862
82	179	1.24626
83	49	0.806526
83	109	0.700138
83	125	1.18226
83	142	0.707508
83	147	0.716184
83	148	1.19419
83	152	1.22946
83	154	0.700582
83	155	1.21329
83	159	1.20725
83	160	1.24552
83	162	1.23512
83	163	0.70321
83	166	1.18929
83	171	1.20308
83	176	1.19623
83	177	1.20464
83	179	0.664212
83	180	0.707149
84	69	0.907474
84	108	0.793945
84	126	1.10678
84	132	0.788607
84	142	0.821266
84	149	1.10537
84	154	1.09951
84	156	1.09875
84	157	1.13131
84	159	0.802681
84	160	0.767786
84	161	1.10749
84	164	1.1107
84	165	1.09227
84	167	1.11252
84	170	1.11962
84	171	0.814866
84	178	1.11608
84	180	1.09992
85	11	1.25165
85	16	0.697801
85	18	1.24876
85	20	0.681653
85	27	1.35701
85	44	1.12945
85	59	1.18971
85	69	1.09186
85	105	0.657767
85	111	1.20576
85	116	0.719031
85	123	1.15829
85	126	0.724854
85	134	1.20937
85	139	0.736709
85	144	0.742927
85	172	0.74235
85	174	1.21076
85	179	1.24747
86	28	0.787984
86	57	0.775262
86	82	0.704822
86	126	1.16039
86	131	0.739228
86	133	0.755973
86	136	0.755497
86	154	1.15312
86	156	1.15237
86	158	1.17156
86	161	1.1611
86	162	0.73456
86	163	1.15757
86	167	1.16614
86	169	1.18134
86	170	1.17323
86	173	0.7412
86	178	1.16969
86	179	1.20035
86	180	1.15354
87	4	1.03939
87	42	0.854957
87	109	1.16296
87	113	0.707558
87	116	1.1835
87	132	0.728905
87	146	0.734525
87	151	0.718203
87	152	0.751896
87	157	1.19604
87	163	1.16868
87	164	1.17542
87	167	1.17725
87	169	1.19245
87	170	1.18434
87	173	0.738171
87	174	1.17475
87	176	0.758541
87	178	1.1808
87	180	1.16465
88	14	1.28939
88	17	1.20562
88	30	1.14359
88	60	1.16091
88	71	1.20904
88	72	1.19974
88	73	1.20905
88	98	1.18821
88	105	1.29662
88	140	0.711167
88	143	1.17302
88	149	0.73188
88	152	0.719476
88	157	0.69656
88	161	0.716543
88	170	0.717756
88	172	0.727827
88	175	1.22487
88	179	0.685848
89	82	0.71718
89	94	0.730492
89	106	0.783766
89	115	1.10913
89	119	0.779433
89	126	1.17199
89	138	0.768699
89	144	1.16083
89	149	1.17058
89	154	1.16471
89	156	1.16396
89	160	0.723471
89	161	1.1727
89	163	1.16917
89	167	1.17773
89	169	1.19294
89	175	0.72687
89	177	0.762172
89	178	1.18129
89	180	1.16513
90	18	0.746543
90	107	0.672172
90	120	0.775189
90	133	1.17164
90	140	0.75965
90	148	1.14589
90	152	1.18116
90	153	1.19361
90	155	1.16499
90	157	0.745044
90	158	0.756007
90	159	1.15895
90	160	1.19722
90	162	1.18682
90	166	1.14099
90	168	0.774719
90	171	1.15478
90	176	1.14793
90	177	1.15634
90	180	0.777269
91	12	0.664652
91	57	0.708809
91	80	0.716849
91	95	0.677895
91	111	1.22907
91	120	0.695701
91	122	0.721647
91	123	1.1816
91	124	0.750076
91	131	0.672775
91	133	1.22845
91	138	0.689888
91	151	1.23509
91	164	1.23474
91	165	1.21631
91	173	1.22267
91	176	1.20474
91	177	1.21315
91	178	1.24012
91	179	1.27078
91	180	1.22396
92	1	1.24835
92	57	1.2265
92	94	1.23993
92	97	0.693667
92	102	1.20832
92	115	0.760399
92	120	1.20885
92	124	1.19875
92	134	0.712191
92	135	1.21401
92	138	1.2342
92	139	0.70452
92	140	0.693501
92	142	1.23575
92	146	1.24447
92	147	1.21885
92	169	0.666209
92	170	0.70009
92	172	1.22214
92	176	0.708455
92	179	0.668182
93	35	1.16182
93	39	1.14058
93	41	1.2365
93	47	0.673496
93	48	1.10113
93	59	0.735001
93	65	1.25606
93	79	1.26608
93	82	1.21537
93	95	1.19001
93	100	1.10233
93	103	1.1593
93	134	0.75557
93	141	0.753638
93	145	1.1862
93	153	0.711174
93	154	0.747931
93	157	0.722273
93	164	0.753136
93	168	1.16301
93	172	0.753541
93	179	1.22161
94	1	1.19756
94	5	1.21841
94	9	0.691065
94	15	1.0626
94	48	0.847816
94	49	0.824868
94	63	1.25645
94	66	1.26019
94	68	0.670795
94	89	0.730492
94	92	1.23993
94	114	1.14837
94	120	1.15806
94	124	1.14796
94	132	1.19468
94	145	1.18541
94	147	1.16806
94	155	0.714585
94	162	0.695817
94	163	0.721552
94	168	1.16222
94	174	0.703353
95	35	1.16112
95	38	1.16077
95	41	1.2358
95	48	1.10042
95	65	1.25535
95	79	1.26537
95	91	0.677895
95	93	1.19001
95	100	1.10162
95	103	1.1586
95	110	0.746149
95	123	0.792814
95	127	1.2022
95	143	0.750906
95	145	1.1855
95	168	1.1623
95	169	0.706796
95	172	0.750749
95	175	0.701983
95	177	0.737286
95	178	0.73653
95	179	1.2209
96	15	0.901792
96	28	1.15969
96	54	1.17601
96	55	0.607596
96	61	1.19588
96	67	1.21893
96	76	1.15606
96	77	1.16273
96	80	1.15568
96	81	0.741942
96	99	1.21133
96	101	0.715422
96	122	1.16323
96	131	1.20945
96	132	0.698218
96	148	0.751296
96	156	0.753858
96	162	0.700844
96	168	1.17422
96	174	1.19611
96	175	1.22077
96	180	0.730518
97	92	0.693667
97	113	0.700493
97	114	0.791233
97	146	0.72746
97	154	1.17134
97	156	1.17059
97	157	1.20315
97	160	0.701019
97	161	1.17933
97	162	0.724466
97	163	1.1758
97	164	1.18254
97	165	1.16411
97	166	0.765729
97	167	1.18436
97	169	1.19957
97	170	1.19146
97	171	0.748099
97	177	0.73972
97	178	1.18792
97	179	1.21858
97	180	1.17176
98	6	0.89092
98	7	1.19266
98	14	1.25626
98	17	1.17248
98	20	0.669738
98	30	1.11046
98	60	1.12777
98	71	1.17591
98	72	1.1666
98	73	1.17592
98	78	1.23863
98	88	1.18821
98	99	0.719033
98	105	1.26349
98	133	0.723131
98	137	0.768087
98	143	1.13989
98	144	0.731012
98	169	0.686483
98	171	0.725351
98	175	1.19174
98	179	0.688455
99	16	0.713726
99	51	1.23534
99	54	1.1742
99	56	0.720006
99	61	1.19407
99	63	0.683996
99	75	1.16136
99	76	1.15426
99	77	1.16093
99	80	1.15387
99	96	1.21133
99	98	0.719033
99	104	0.684645
99	122	1.16142
99	123	0.80034
99	131	1.20764
99	156	0.782573
99	168	1.17241
99	172	0.758275
99	173	0.736199
99	174	1.1943
99	175	1.21897
100	35	1.07343
100	38	1.07309
100	39	1.05219
100	40	0.888819
100	41	1.14812
100	48	1.01274
100	65	1.16767
100	79	1.17769
100	93	1.10233
100	95	1.10162
100	103	1.07092
100	107	0.742389
100	127	1.11452
100	139	0.840887
100	145	1.09781
100	168	1.07462
100	169	0.802576
100	172	0.846528
100	173	0.824452
100	174	0.825347
100	178	0.83231
100	179	1.13322
101	96	0.715422
101	123	1.13633
101	127	0.723269
101	130	0.750939
101	135	1.16792
101	137	1.14597
101	138	1.1881
101	145	1.19011
101	146	1.19837
101	148	0.777274
101	151	0.713494
101	152	0.747187
101	153	0.713172
101	157	1.21008
101	170	1.19839
101	173	1.17741
101	174	1.1888
101	175	0.706773
101	177	0.742076
101	178	1.19485
101	179	1.22551
101	180	1.17869
102	9	0.759097
102	51	0.724955
102	57	1.1441
102	62	1.11303
102	92	1.20832
102	113	1.204
102	116	0.769247
102	121	1.14429
102	124	1.11635
102	132	1.16307
102	134	0.794595
102	135	1.13161
102	138	1.1518
102	142	1.15334
102	146	1.16206
102	147	1.13645
102	158	0.772261
102	159	0.775297
102	168	1.13061
102	173	1.1411
102	177	0.779103
102	178	0.778347
102	179	0.750586
103	7	0.714844
103	20	0.764562
103	35	1.13041
103	38	1.13006
103	39	1.10916
103	41	1.20509
103	47	0.745213
103	48	1.06972
103	63	0.750979
103	78	0.740992
103	79	1.23467
103	82	1.18395
103	93	1.1593
103	95	1.1586
103	100	1.07092
103	107	0.721119
103	127	1.17149
103	145	1.15479
103	165	0.836035
103	168	1.13159
103	172	0.825259
103	173	0.803182
103	179	1.1902
104	36	0.736963
104	99	0.684645
104	118	1.26307
104	130	1.23308
104	141	0.696144
104	148	1.21715
104	149	0.7001
104	151	1.24955
104	152	1.25243
104	153	1.26487
104	155	1.23625
104	156	0.720344
104	157	0.664779
104	158	0.675742
104	159	1.23022
104	160	1.26849
104	163	0.693065
104	166	1.21226
104	167	0.68474
104	171	1.22605
104	176	1.21919
104	177	1.2276
104	179	0.654067
105	8	0.65846
105	14	1.36468
105	17	1.2809
105	30	1.21888
105	55	0.56313
105	60	1.23619
105	71	1.28432
105	72	1.27502
105	73	1.28433
105	78	1.34705
105	85	0.657767
105	88	1.29662
105	98	1.26349
105	143	1.24831
105	156	0.709391
105	157	0.653826
105	160	0.63293
105	166	0.697641
105	167	0.673787
105	172	0.685094
105	175	1.30016
105	178	0.670876
106	8	0.751174
106	70	0.758248
106	89	0.783766
106	109	0.771755
106	117	1.17449
106	119	1.14542
106	126	0.760312
106	136	1.13108
106	148	1.12836
106	151	1.16075
106	152	1.16363
106	153	1.17608
106	154	0.772198
106	159	1.14142
106	160	1.1797
106	162	1.16929
106	163	0.774826
106	166	1.12346
106	171	1.13725
106	174	0.756627
106	176	1.1304
106	177	1.13881
106	180	0.778766
107	15	0.837769
107	21	0.873936
107	43	1.1136
107	61	0.684081
107	90	0.672172
107	100	0.742389
107	103	0.721119
107	118	0.640198
107	124	0.718789
107	137	1.16423
107	140	1.20734
107	144	1.19265
107	149	1.2024
107	152	0.657186
107	156	1.19578
107	158	1.21498
107	159	0.648269
107	161	1.20452
107	167	1.20955
107	169	1.22476
107	170	1.21665
107	178	1.21311
107	179	1.24377
107	180	1.19695
108	1	1.23762
108	10	0.704503
108	15	1.10266
108	21	1.10186
108	27	0.618524
108	33	0.634337
108	38	0.778474
108	58	0.728954
108	84	0.793945
108	112	1.21683
108	124	1.18802
108	132	1.23474
108	135	1.20329
108	138	1.22347
108	142	1.22502
108	143	1.19698
108	145	1.22547
108	146	1.23374
108	147	1.20812
108	155	0.733724
108	167	0.732366
108	168	1.20228
108	170	0.733601
108	176	0.741966
109	59	0.745083
109	83	0.700138
109	87	1.16296
109	106	0.771755
109	112	0.741787
109	117	0.750064
109	126	1.16403
109	141	1.16306
109	144	1.15287
109	154	1.15676
109	156	1.156
109	157	1.18856
109	159	0.746355
109	161	1.16474
109	163	1.16121
109	164	1.16795
109	166	0.77617
109	167	1.16977
109	169	1.18498
109	170	1.17687
109	171	0.75854
109	173	0.741547
109	176	0.761917
109	178	1.17333
109	180	1.15717
110	40	0.807369
110	41	0.718453
110	71	0.730024
110	95	0.746149
110	117	1.1962
110	125	1.13814
110	128	1.12981
110	129	1.16905
110	130	1.166
110	132	0.733735
110	139	1.16439
110	143	0.765235
110	145	0.752837
110	151	1.18246
110	152	1.18534
110	153	1.19779
110	157	0.73381
110	159	1.16313
110	162	1.191
110	164	0.764672
110	166	1.14517
110	170	0.755006
110	171	1.15896
110	176	1.15211
110	177	1.16052
111	11	1.21497
111	18	1.21208
111	23	1.05192
111	27	1.32033
111	34	0.789479
111	44	1.09277
111	58	0.740875
111	59	1.15303
111	69	1.05518
111	74	1.14723
111	81	1.14874
111	85	1.20576
111	91	1.22907
111	118	0.730255
111	123	1.12161
111	147	0.765586
111	163	0.752612
111	169	0.711642
111	170	0.745523
111	172	0.755594
111	173	1.16268
111	174	1.17407
111	176	0.753887
111	179	1.21079
111	180	0.756552
112	4	0.897414
112	12	1.20691
112	15	1.05023
112	53	1.16603
112	66	1.24782
112	81	0.760223
112	108	1.21683
112	109	0.741787
112	124	1.13559
112	132	1.18231
112	138	1.17104
112	142	1.17259
112	143	1.14455
112	146	1.18131
112	147	1.15569
112	152	0.739489
112	158	0.727536
112	159	0.730573
112	166	0.760388
112	168	1.14985
112	169	0.703889
112	172	1.15898
112	173	1.16034
112	178	0.733623
112	179	0.705861
113	34	0.750872
113	65	0.656562
113	77	1.19721
113	87	0.707558
113	97	0.700493
113	102	1.204
113	114	1.19484
113	122	1.1977
113	131	1.24392
113	132	1.24115
113	144	0.717564
113	147	1.21453
113	148	1.19921
113	149	0.72104
113	157	0.68572
113	164	0.716582
113	165	0.727763
113	166	1.19431
113	168	1.20869
113	170	0.706916
113	171	1.2081
113	174	1.23058
113	175	1.25524
113	176	1.20125
113	177	1.20966
113	180	0.717945
114	1	1.15679
114	5	1.17764
114	12	1.17851
114	21	1.02103
114	25	0.820446
114	27	0.682579
114	46	0.739808
114	94	1.14837
114	97	0.791233
114	113	1.19484
114	120	1.11729
114	121	1.13513
114	124	1.10719
114	132	1.15391
114	134	0.809757
114	135	1.12246
114	142	1.14419
114	146	1.15291
114	147	1.12729
114	170	0.797656
114	171	0.802644
114	172	1.13058
114	173	1.13194
114	174	0.786546
114	179	0.765748
114	180	0.808685
115	37	0.837341
115	82	0.761459
115	89	1.10913
115	92	0.760399
115	121	0.843651
115	124	0.873166
115	127	0.787644
115	129	0.795543
115	136	0.812135
115	139	0.814273
115	140	1.11325
115	141	1.10875
115	144	1.09856
115	149	1.10831
115	156	1.10169
115	161	1.11043
115	163	1.1069
115	164	1.11364
115	165	1.09521
115	167	1.11546
115	169	1.13067
115	170	1.12256
115	172	1.10021
115	174	1.11297
115	177	0.806452
115	179	1.14968
115	180	1.10286
116	1	0.70646
116	43	1.09436
116	75	0.762552
116	85	0.719031
116	87	1.1835
116	102	0.769247
116	118	0.721019
116	122	0.771182
116	128	0.788595
116	144	1.17342
116	152	0.738007
116	154	1.1773
116	156	1.17655
116	157	1.20911
116	158	1.19575
116	160	0.694195
116	161	1.18528
116	163	1.18175
116	164	1.1885
116	165	1.17006
116	167	1.19032
116	169	1.20553
116	170	1.19742
116	173	0.724282
116	175	0.697593
116	178	1.19388
116	180	1.17772
117	12	0.723946
117	13	0.706751
117	106	1.17449
117	109	0.750064
117	110	1.1962
117	119	1.17953
117	129	1.18144
117	130	1.17839
117	139	1.17679
117	146	0.730395
117	148	1.16247
117	153	1.21019
117	155	1.18157
117	156	0.780415
117	159	1.17553
117	160	1.2138
117	162	1.2034
117	166	1.15757
117	168	0.754525
117	169	0.712165
117	171	1.17136
117	174	0.734937
117	176	1.16451
117	177	1.17292
117	178	0.7419
117	179	0.714138
117	180	0.757075
118	26	0.76971
118	104	1.26307
118	107	0.640198
118	111	0.730255
118	116	0.721019
118	125	1.15032
118	128	1.14199
118	133	1.188
118	135	0.765948
118	139	1.17657
118	141	0.744435
118	143	0.744495
118	148	1.16225
118	150	1.16165
118	151	1.19464
118	152	1.19752
118	153	1.20997
118	155	1.18135
118	156	0.768635
118	159	1.17531
118	162	1.20318
118	166	1.15735
118	168	0.742746
118	170	0.734266
118	176	1.16429
118	177	1.1727
118	180	0.745295
119	59	0.754935
119	60	0.759758
119	89	0.779433
119	106	1.14542
119	117	1.17953
119	126	0.755979
119	130	1.14932
119	135	0.795085
119	136	1.13612
119	144	0.774052
119	148	1.1334
119	150	1.1328
119	151	1.16579
119	152	1.16867
119	153	1.18112
119	155	1.1525
119	159	1.14646
119	160	1.18473
119	162	1.17433
119	163	0.770493
119	166	1.1285
119	167	0.762169
119	168	0.771883
119	171	1.14229
119	174	0.752294
119	176	1.13544
119	177	1.14385
119	179	0.731496
120	5	1.18733
120	25	0.781273
120	28	0.793262
120	57	1.14463
120	62	1.11356
120	63	1.22537
120	90	0.775189
120	91	0.695701
120	92	1.20885
120	94	1.15806
120	114	1.11729
120	121	1.14482
120	124	1.11688
120	126	0.751058
120	128	0.810791
120	132	1.1636
120	133	0.761251
120	135	1.13214
120	138	1.15233
120	142	1.15387
120	146	1.16259
120	147	1.13698
120	157	0.737287
120	158	0.74825
120	163	0.765572
120	166	0.781101
120	172	1.14027
120	173	1.14163
121	5	1.20517
121	7	0.682999
121	15	1.04937
121	19	1.2151
121	53	1.16516
121	55	0.67145
121	57	1.16247
121	62	1.13141
121	102	1.14429
121	114	1.13513
121	115	0.843651
121	120	1.14482
121	124	1.13472
121	135	1.14999
121	139	0.787773
121	142	1.17172
121	143	1.14369
121	146	1.18044
121	161	0.782129
121	164	0.793008
121	168	1.14898
121	169	0.749462
121	170	0.783342
121	171	0.78833
121	172	1.15812
121	173	1.15948
121	174	0.772233
121	179	0.751434
122	14	0.680042
122	28	1.10978
122	37	1.10589
122	46	1.21651
122	51	1.18723
122	61	1.14597
122	67	1.16901
122	68	0.740762
122	76	1.10615
122	77	1.11282
122	78	1.21775
122	79	0.712345
122	80	1.10577
122	91	0.721647
122	96	1.16323
122	99	1.16142
122	113	1.1977
122	116	0.771182
122	131	1.15954
122	136	0.786721
122	137	0.832152
122	147	0.804492
122	161	0.783216
122	168	1.12431
122	172	0.794501
122	173	0.772424
122	174	1.14619
122	175	1.17086
123	11	1.1675
123	18	1.16461
123	20	0.751045
123	23	1.00446
123	27	1.27286
123	44	1.0453
123	59	1.10556
123	66	1.20269
123	69	1.00772
123	71	0.776689
123	74	1.09977
123	81	1.10127
123	85	1.15829
123	91	1.1816
123	95	0.792814
123	99	0.80034
123	101	1.13633
123	111	1.12161
123	132	0.7804
123	134	1.12522
123	153	0.769375
123	154	0.806132
123	159	0.794474
123	164	0.811337
123	168	0.81015
123	171	0.806658
123	173	1.11521
123	174	1.12661
123	179	1.16332
124	13	0.773562
124	15	1.02142
124	17	0.783006
124	21	1.02062
124	53	1.13722
124	57	1.13453
124	91	0.750076
124	92	1.19875
124	94	1.14796
124	102	1.11635
124	107	0.718789
124	108	1.18802
124	112	1.13559
124	114	1.10719
124	115	0.873166
124	120	1.11688
124	121	1.13472
124	132	1.1535
124	135	1.12205
124	138	1.14223
124	142	1.14378
124	146	1.1525
124	147	1.12688
124	151	0.780884
124	152	0.814577
124	162	0.794212
124	169	0.778977
124	176	0.821222
124	178	0.808711
125	2	0.789601
125	39	0.819146
125	64	0.838609
125	83	1.18226
125	110	1.13814
125	118	1.15032
125	128	1.08415
125	130	1.12033
125	134	1.13439
125	139	1.11873
125	141	0.790621
125	150	1.1038
125	152	1.13968
125	153	1.15213
125	154	0.784914
125	155	1.12351
125	159	1.11747
125	160	1.15574
125	161	0.77924
125	162	1.14534
125	163	0.787542
125	165	0.801301
125	166	1.09951
125	167	0.779218
125	171	1.1133
125	176	1.10644
125	177	1.11485
125	179	0.748545
125	180	0.791482
126	3	0.726802
126	13	1.19836
126	25	0.764899
126	29	1.13062
126	62	0.810034
126	84	1.10678
126	85	0.724854
126	86	1.16039
126	89	1.17199
126	106	0.760312
126	109	1.16403
126	119	0.755979
126	120	0.751058
126	141	1.17161
126	144	1.16142
126	148	0.773916
126	149	1.17117
126	156	1.16455
126	158	1.18375
126	160	0.700017
126	163	1.16975
126	164	1.1765
126	165	1.15806
126	167	1.17832
126	168	0.750588
126	170	1.18542
126	171	0.747097
126	173	0.730104
126	178	1.18188
126	180	1.16572
127	11	0.693098
127	34	0.771291
127	35	1.17401
127	36	0.778323
127	54	1.17699
127	63	0.663127
127	67	1.2199
127	69	0.824931
127	76	1.15704
127	77	1.16371
127	80	1.15666
127	95	1.2022
127	100	1.11452
127	101	0.723269
127	103	1.17149
127	115	0.787644
127	131	1.21043
127	142	0.738723
127	148	1.16571
127	151	1.19811
127	156	0.761704
127	158	0.717102
127	159	1.17878
127	166	1.16082
127	167	0.7261
127	168	1.1752
127	169	0.693454
127	170	0.727335
127	174	1.19708
127	176	1.16775
127	177	1.17616
127	179	1.2338
128	40	0.854205
128	68	1.14937
128	80	0.831939
128	110	1.12981
128	116	0.788595
128	118	1.14199
128	120	0.810791
128	125	1.08415
128	129	1.11505
128	133	1.12182
128	139	1.1104
128	140	0.795253
128	145	0.799673
128	148	1.09607
128	150	1.09547
128	151	1.12847
128	152	1.13135
128	153	1.14379
128	155	1.11518
128	158	0.791609
128	160	1.14741
128	162	1.13701
128	163	0.808931
128	166	1.09118
128	167	0.800607
128	169	0.767961
128	171	1.10497
128	174	0.790732
128	175	1.15211
128	176	1.09811
128	177	1.10652
128	179	0.769934
129	6	0.90579
129	43	0.847034
129	44	0.829985
129	52	1.16129
129	53	0.737228
129	110	1.16905
129	115	0.795543
129	117	1.18144
129	128	1.11505
129	130	1.15124
129	133	1.16106
129	136	1.13803
129	148	1.13531
129	150	1.13471
129	151	1.1677
129	152	1.17058
129	155	1.15441
129	157	0.714038
129	158	0.725002
129	159	1.14837
129	160	1.18665
129	162	1.17624
129	164	0.744901
129	166	1.13041
129	169	0.701354
129	170	0.735235
129	171	1.1442
129	174	0.724125
129	175	1.19134
129	176	1.13735
129	177	1.14576
129	179	0.703326
129	180	0.746263
130	56	0.726808
130	69	0.852602
130	101	0.750939
130	104	1.23308
130	110	1.166
130	117	1.17839
130	119	1.14932
130	125	1.12033
130	129	1.15124
130	133	1.15801
130	136	1.13498
130	138	0.758142
130	139	1.14659
130	142	0.766394
130	148	1.13226
130	150	1.13166
130	151	1.16466
130	153	1.17998
130	155	1.15136
130	158	0.744773
130	160	1.1836
130	162	1.17319
130	164	0.764672
130	165	0.775854
130	166	1.12737
130	167	0.753771
130	168	0.763485
130	170	0.755006
130	171	1.14116
130	174	0.743896
130	176	1.1343
130	177	1.14271
130	178	0.750859
131	7	0.635214
131	23	1.07027
131	28	1.156
131	46	1.26273
131	51	1.23345
131	54	1.17232
131	61	1.19219
131	62	0.803482
131	64	0.793713
131	67	1.21524
131	75	1.15948
131	76	1.15237
131	77	1.15904
131	78	1.26397
131	80	1.15199
131	81	0.75801
131	82	0.687173
131	86	0.739228
131	91	0.672775
131	96	1.20945
131	99	1.20764
131	113	1.24392
131	122	1.15954
131	127	1.21043
131	139	0.739987
131	146	0.719906
131	153	0.703262
131	165	0.756405
131	168	1.17053
131	171	0.740544
131	174	1.19242
131	175	1.21708
131	179	0.703649
131	180	0.746586
132	5	1.22395
132	19	1.23388
132	53	1.18394
132	57	1.18125
132	62	1.15019
132	63	1.262
132	79	0.656179
132	84	0.788607
132	87	0.728905
132	94	1.19468
132	96	0.698218
132	102	1.16307
132	108	1.23474
132	110	0.733735
132	112	1.18231
132	113	1.24115
132	114	1.15391
132	120	1.1636
132	123	0.7804
132	124	1.1535
132	134	0.740364
132	135	1.16876
132	142	1.1905
132	144	0.738911
132	146	1.19922
132	147	1.1736
132	151	0.69629
132	155	0.728386
132	162	0.709618
132	168	1.16776
132	173	1.17825
132	176	0.736628
132	178	0.724116
132	180	0.739292
133	22	1.20658
133	29	0.781996
133	54	0.770625
133	78	0.678106
133	86	0.755973
133	90	1.17164
133	91	1.22845
133	98	0.723131
133	118	1.188
133	120	0.761251
133	128	1.12182
133	129	1.16106
133	130	1.15801
133	141	0.76247
133	144	0.76295
133	148	1.14208
133	150	1.14148
133	151	1.17448
133	152	1.17736
133	153	1.1898
133	155	1.16118
133	156	0.786671
133	159	1.15515
133	160	1.19342
133	161	0.751088
133	162	1.18302
133	166	1.13719
133	167	0.751067
133	171	1.15098
133	173	1.16206
133	174	0.741192
133	176	1.14412
133	177	1.15253
133	179	0.720393
133	180	0.763331
134	14	0.657248
134	17	0.731783
134	35	0.793212
134	44	1.09638
134	51	0.704096
134	59	1.15664
134	72	0.733301
134	85	1.20937
134	92	0.712191
134	93	0.75557
134	102	0.794595
134	114	0.809757
134	123	1.12522
134	125	1.13439
134	132	0.740364
134	138	0.764771
134	142	0.773023
134	146	0.745983
134	147	0.781698
134	157	1.19897
134	160	1.19765
134	164	1.17836
134	165	1.15993
134	166	1.14142
134	167	1.18018
134	170	1.18728
134	171	1.15521
134	172	1.16493
134	173	1.16629
134	174	1.17769
134	176	1.14836
134	177	1.15677
134	178	1.18374
134	179	1.2144
134	180	1.16758
135	15	1.03669
135	20	1.18826
135	21	1.03589
135	46	0.723367
135	62	1.11873
135	63	1.23054
135	68	0.737548
135	92	1.21401
135	101	1.16792
135	102	1.13161
135	108	1.20329
135	114	1.12246
135	118	0.765948
135	119	0.795085
135	120	1.13214
135	121	1.14999
135	124	1.12205
135	132	1.16876
135	137	0.828938
135	138	1.1575
135	140	0.774626
135	142	1.15904
135	143	1.13101
135	145	1.1595
135	147	1.14214
135	160	0.739123
135	161	0.780002
135	162	0.76257
135	163	0.788304
135	166	0.803833
135	167	0.77998
135	168	1.1363
135	170	0.781215
135	172	1.14544
135	173	1.1468
135	175	0.742521
136	3	1.19426
136	6	0.922382
136	24	0.788518
136	50	1.21496
136	73	0.76771
136	86	0.755497
136	106	1.13108
136	115	0.812135
136	119	1.13612
136	122	0.786721
136	129	1.13803
136	130	1.13498
136	139	1.13338
136	146	0.736175
136	148	1.11906
136	150	1.11846
136	151	1.15145
136	152	1.15433
136	153	1.16678
136	155	1.13816
136	157	0.73063
136	159	1.13212
136	160	1.17039
136	161	0.750613
136	162	1.15999
136	165	0.772674
136	166	1.11416
136	168	0.760305
136	171	1.12795
136	173	1.13903
136	174	0.740716
136	175	1.17509
136	176	1.1211
136	177	1.12951
136	179	0.719918
136	180	0.762855
137	17	0.767406
137	27	0.68218
137	31	0.635521
137	55	1.2931
137	68	0.75359
137	98	0.768087
137	101	1.14597
137	107	1.16423
137	122	0.832152
137	135	0.828938
137	139	0.801687
137	140	1.13653
137	141	1.13203
137	144	1.12184
137	149	1.13159
137	154	1.12572
137	156	1.12497
137	157	1.15753
137	158	1.14417
137	159	0.79006
137	160	0.755165
137	161	1.1337
137	163	1.13017
137	164	1.13692
137	165	1.11848
137	166	0.819875
137	167	1.13874
137	169	1.15395
137	170	1.14584
137	172	1.12349
137	175	0.758563
137	176	0.805622
137	177	0.793866
137	178	1.1423
137	179	1.17296
137	180	1.12614
138	16	1.2026
138	19	1.22261
138	20	1.20845
138	21	1.05607
138	24	0.789362
138	47	0.682696
138	53	1.17267
138	62	1.13892
138	63	1.25073
138	72	0.724336
138	82	1.20885
138	89	0.768699
