1	105	1.19434
1	115	0.778297
1	156	0.893567
1	158	0.887094
1	165	0.849907
1	166	0.8902
1	172	0.852195
1	173	0.804155
1	175	0.820762
1	178	0.819282
1	179	0.783434
1	180	0.79149
2	12	0.941495
2	21	0.913434
2	31	0.825913
2	55	0.873951
2	69	0.779273
2	81	0.823614
2	86	0.875102
2	129	2.98
2	146	0.84034
2	152	0.775564
2	156	2.13458
2	174	0.808196
3	58	0.934898
3	64	0.926007
3	87	0.945337
3	91	0.951786
3	95	0.933353
3	99	0.926823
3	102	2.58731
3	107	0.952824
3	108	0.948403
3	161	1.45912
3	175	2.0086
3	176	0.880539
4	53	1.03324
4	94	0.987524
4	118	0.483511
4	125	1.01557
4	128	0.00926777
4	165	0.95048
4	173	0.904728
4	176	0.926549
4	177	0.914467
4	178	0.919855
4	179	0.884006
4	180	0.892063
5	37	0.302205
5	77	1.43787
5	144	0.921525
5	147	0.878071
5	158	0.887281
5	166	0.890387
5	170	0.792642
5	175	0.820948
5	177	0.814081
5	178	0.819469
5	179	0.783621
5	180	0.791677
6	14	3.6
6	42	0.882849
6	49	0.946154
6	54	0.939006
6	56	0.937563
6	65	0.926882
6	68	0.926024
6	79	0.968724
6	80	1.14816
6	128	0.952831
6	146	0.925007
6	175	1.72496
7	11	0.849244
7	18	0.788342
7	22	0.945349
7	23	0.945379
7	35	0.856224
7	47	0.918772
7	102	0.781038
7	150	0.79368
7	162	0.865735
7	178	1.58149
7	180	3.36558
8	30	1.03328
8	113	1.38167
8	144	0.924824
8	155	0.841567
8	163	0.915642
8	164	0.872176
8	170	0.795941
8	175	0.824248
8	177	0.81738
8	178	0.822768
8	179	0.78692
8	180	0.794976
9	36	0.861418
9	40	2.79455
9	43	0.871663
9	71	0.892386
9	73	0.885066
9	88	0.9136
9	97	0.828795
9	98	0.828602
9	149	0.856016
9	164	2.49002
9	168	0.749599
9	171	0.741278
10	38	0.881458
10	41	0.803939
10	42	0.801374
10	49	0.864679
10	54	0.85753
10	56	0.856088
10	65	0.845407
10	79	0.887248
10	132	2.57292
10	146	0.843531
10	152	0.778755
10	158	2.58773
11	7	0.849244
11	18	0.799676
11	22	0.956682
11	23	0.956713
11	35	0.867558
11	47	0.930105
11	60	2.43826
11	114	1.91471
11	150	0.805014
11	162	0.877069
12	2	0.941495
12	21	1.02287
12	69	0.888708
12	81	0.933049
12	86	0.984538
12	133	1.25092
12	145	0.958564
12	146	0.949775
12	150	0.90019
12	152	0.884999
12	168	3.47012
12	174	0.917632
13	59	1.03779
13	123	0.662889
13	149	0.430803
13	162	0.240975
13	164	0.979445
13	167	0.899503
13	170	0.903211
13	173	0.914911
13	177	0.92465
13	178	0.930038
13	179	0.894189
13	180	0.902246
14	6	3.6
14	99	0.785614
14	113	0.806081
14	135	0.750978
14	139	0.810836
14	142	0.807591
14	143	0.809987
14	157	0.707364
14	175	0.734115
14	176	0.73933
14	178	0.732635
14	180	0.704843
15	58	0.833189
15	87	0.843628
15	91	0.850078
15	95	0.831644
15	99	0.825114
15	107	0.851116
15	108	0.846695
15	110	2.18261
15	111	0.887087
15	113	0.845581
15	151	2.77736
15	176	0.77883
16	93	0.898064
16	100	0.884194
16	105	0.870548
16	106	0.858674
16	122	0.88488
16	123	0.839976
16	147	2.45243
16	162	0.86052
16	166	2.57864
16	168	0.763989
16	171	0.755667
16	176	0.783728
17	64	0.923324
17	82	0.956541
17	87	0.942654
17	95	0.93067
17	99	0.92414
17	107	0.950141
17	108	0.94572
17	113	0.944607
17	152	2.83143
17	166	1.39814
17	170	2.61019
17	176	0.877856
18	7	0.788342
18	11	0.799676
18	22	0.89578
18	23	0.895811
18	35	0.806656
18	45	0.876545
18	47	0.869204
18	63	0.877757
18	102	0.73147
18	150	0.744112
18	156	1.55406
18	162	0.816167
18	173	3.83775
19	37	0.869347
19	44	2.05328
19	67	0.825317
19	70	0.816097
19	71	0.892172
19	75	0.81705
19	88	0.913386
19	97	0.828581
19	98	0.828388
19	144	2.90075
19	149	0.855802
19	168	0.749385
19	171	0.741063
20	31	0.68786
20	118	0.82789
20	133	1.00043
20	142	0.183662
20	161	0.947842
20	166	0.969634
20	170	0.871888
20	173	0.883588
20	175	0.900195
20	177	0.893328
20	178	0.898715
20	179	0.862867
20	180	0.870923
21	2	0.913434
21	12	1.02287
21	31	0.907287
21	34	0.970678
21	69	0.860647
21	81	0.904988
21	121	1.24006
21	127	0.881966
21	146	0.921714
21	152	0.856938
21	153	1.71052
21	157	3.89801
21	174	0.88957
22	7	0.945349
22	11	0.956682
22	18	0.89578
22	23	1.05282
22	33	1.30134
22	35	0.963662
22	47	1.02621
22	59	1.56682
22	150	0.901118
22	162	0.973173
22	164	2.28447
23	7	0.945379
23	11	0.956713
23	18	0.895811
23	22	1.05282
23	35	0.963693
23	47	1.02624
23	144	1.1603
23	150	0.901149
23	162	0.973204
23	177	1.64509
23	180	3.34683
24	46	0.748949
24	63	0.891561
24	74	0.740329
24	90	0.821051
24	119	0.809235
24	120	0.811321
24	124	0.843356
24	136	0.840451
24	138	0.834395
24	139	0.824683
24	142	0.821438
24	143	0.823835
24	173	4.45742
25	93	0.973405
25	100	0.959536
25	105	0.945889
25	106	0.934015
25	122	0.960221
25	123	0.915317
25	163	0.81436
25	167	3.86476
25	168	0.83933
25	171	0.831009
25	174	0.881248
25	176	0.859069
25	179	2.34655
26	108	3.13027
26	129	0.798158
26	134	0.782679
26	155	0.763939
26	159	0.81576
26	165	0.775764
26	172	0.778053
26	173	0.730012
26	175	0.746619
26	177	0.739752
26	178	0.745139
26	179	0.709291
26	180	0.717347
27	32	1.39526
27	101	0.867584
27	104	0.874502
27	140	0.841435
27	146	1.1124
27	163	0.905673
27	169	0.824195
27	173	0.797672
27	175	0.814278
27	177	0.807411
27	178	0.812799
27	179	0.776951
27	180	0.785007
28	35	1.64998
28	87	0.894549
28	155	0.838303
28	159	0.890124
28	166	0.890422
28	167	0.788969
28	172	0.852417
28	173	0.804377
28	175	0.820984
28	177	0.814116
28	178	0.819504
28	179	0.783656
28	180	0.791712
29	38	0.942975
29	41	0.865457
29	42	0.862891
29	49	0.926196
29	54	0.919047
29	56	0.917605
29	65	0.906924
29	68	0.906066
29	79	0.948765
29	128	0.932873
29	150	2.10259
29	165	2.4535
29	166	1.64004
30	8	1.03328
30	63	0.984184
30	64	0.891269
30	82	0.924486
30	87	0.910599
30	95	0.898616
30	99	0.892085
30	107	0.918087
30	108	0.913666
30	110	1.59743
30	113	0.912552
30	140	2.6098
30	176	0.845801
31	2	0.825913
31	20	0.68786
31	21	0.907287
31	34	0.883157
31	55	0.867804
31	69	0.773125
31	81	0.817467
31	86	0.868955
31	127	0.794445
31	146	0.834192
31	150	0.784607
31	170	4.01662
31	174	0.802049
32	27	1.39526
32	77	0.936519
32	78	0.870976
32	83	0.918017
32	96	0.894969
32	115	0.906466
32	133	1.7565
32	137	0.927607
32	139	0.918426
32	142	0.915181
32	143	0.917578
32	154	2.23402
32	162	0.923713
33	22	1.30134
33	73	0.896725
33	107	0.580966
33	140	0.905593
33	141	0.935136
33	151	0.920452
33	166	0.947876
33	169	0.888353
33	170	0.85013
33	174	0.905831
33	175	0.878437
33	178	0.876957
33	179	0.841109
33	180	0.849165
34	21	0.970678
34	31	0.883157
34	55	0.931195
34	69	0.836517
34	76	0.904441
34	80	1.85665
34	81	0.880858
34	111	0.951518
34	127	0.857837
34	134	2.87986
34	146	0.897584
34	152	0.832808
34	164	1.81174
34	174	0.865441
35	7	0.856224
35	11	0.867558
35	18	0.806656
35	22	0.963662
35	23	0.963693
35	28	1.64998
35	45	0.944427
35	47	0.937085
35	63	0.945639
35	102	0.799351
35	145	1.84215
35	150	0.811993
35	162	0.884049
35	163	2.10999
36	9	0.861418
36	37	0.932278
36	70	0.879028
36	71	0.955103
36	73	0.947782
36	75	0.879981
36	88	0.976317
36	97	0.891512
36	98	0.891319
36	135	2.648
36	147	1.27454
36	168	0.812316
36	171	0.803994
36	176	2.39626
37	5	0.302205
37	19	0.869347
37	36	0.932278
37	67	0.896391
37	70	0.887171
37	71	0.963246
37	73	0.955926
37	75	0.888124
37	97	0.899655
37	98	0.899462
37	160	1.52472
37	168	0.820459
37	171	0.812138
37	179	4.31701
38	10	0.881458
38	29	0.942975
38	41	0.846955
38	54	0.900546
38	56	0.899103
38	65	0.888422
38	68	0.887564
38	79	0.930263
38	89	1.05158
38	128	0.914371
38	146	0.886546
38	152	0.821771
38	153	3.34179
38	174	2.05262
39	45	1.36778
39	53	0.875064
39	57	0.879434
39	116	0.881417
39	119	0.875649
39	124	0.90977
39	125	1.53395
39	136	0.906865
39	137	0.900278
39	138	0.900809
39	139	0.891097
39	142	0.887853
39	143	0.890249
39	174	3.10359
40	9	2.79455
40	106	0.334537
40	135	0.820543
40	151	0.845695
40	153	0.821842
40	163	0.895075
40	166	0.873119
40	169	0.813597
40	173	0.787074
40	175	0.80368
40	177	0.796813
40	178	0.802201
40	179	0.766352
40	180	0.774409
41	10	0.803939
41	29	0.865457
41	38	0.846955
41	42	0.76687
41	49	0.830175
41	56	0.821585
41	65	0.810903
41	68	0.810046
41	74	1.9834
41	79	0.852745
41	121	3.34441
41	128	0.836852
41	146	0.809028
41	152	0.744252
42	6	0.882849
42	10	0.801374
42	29	0.862891
42	41	0.76687
42	46	3.9
42	49	0.827609
42	54	0.820461
42	56	0.819019
42	65	0.808337
42	68	0.80748
42	79	0.850179
42	146	0.806462
42	152	0.741686
42	176	2.17412
43	9	0.871663
43	67	0.898493
43	73	0.958027
43	75	0.890226
43	88	0.986562
43	97	0.901757
43	98	0.901564
43	102	0.834395
43	117	1.19933
43	134	2.53572
43	149	0.928978
43	168	0.822561
43	171	0.814239
43	177	2.76123
44	19	2.05328
44	109	0.797487
44	125	0.959687
44	148	0.905591
44	162	0.021888
44	163	0.956845
44	164	0.913378
44	165	0.894595
44	166	0.934889
44	170	0.837144
44	177	0.858583
44	178	0.86397
44	179	0.828122
44	180	0.836178
45	18	0.876545
45	35	0.944427
45	39	1.36778
45	68	0.738614
45	85	0.854307
45	86	0.96623
45	150	0.881882
45	152	0.866692
45	162	0.953938
45	174	0.899324
45	177	0.865063
45	178	0.870451
45	179	0.834602
45	180	0.842659
46	24	0.748949
46	42	3.9
46	60	0.782914
46	94	0.796721
46	97	0.795203
46	98	0.79501
46	138	0.816963
46	143	0.806403
46	171	0.707686
46	177	0.723664
46	178	0.729051
46	179	0.693203
46	180	0.701259
47	7	0.918772
47	11	0.930105
47	18	0.869204
47	22	1.02621
47	23	1.02624
47	35	0.937085
47	102	0.861899
47	121	1.13668
47	126	1.26856
47	150	0.874541
47	162	0.946596
47	167	5.04425
48	72	0.877707
48	93	0.947155
48	100	0.933286
48	105	0.919639
48	106	0.907766
48	122	0.933972
48	123	0.889068
48	147	1.86536
48	154	2.02839
48	162	0.909612
48	171	0.804759
48	172	2.57131
48	174	0.854998
48	176	0.832819
49	6	0.946154
49	10	0.864679
49	29	0.926196
49	41	0.830175
49	42	0.827609
49	54	0.883766
49	56	0.882324
49	65	0.871642
49	68	0.870785
49	74	0.982172
49	79	0.913484
49	146	0.869767
49	152	0.804991
49	166	2.44741
49	177	3.65978
50	63	0.513725
50	75	1.66445
50	116	0.360951
50	132	0.938619
50	151	0.897124
50	163	0.946504
50	166	0.924548
50	169	0.865026
50	172	0.886543
50	173	0.838503
50	175	0.855109
50	177	0.848242
50	178	0.85363
50	179	0.817781
50	180	0.825838
51	80	0.855069
51	91	0.86848
51	98	1.63369
51	107	0.869518
51	113	0.863983
51	123	0.853481
51	139	1.01829
51	171	0.769172
51	174	0.819411
51	176	0.797232
51	177	0.78515
51	178	0.790538
51	179	0.75469
51	180	0.762746
52	58	0.870391
52	64	0.8615
52	82	0.894717
52	87	0.88083
52	91	0.887279
52	95	0.868846
52	99	0.862316
52	107	0.888317
52	108	0.883896
52	113	0.882783
52	130	1.00697
52	149	0.90271
52	160	2.38926
52	171	3.56609
52	176	0.816032
53	4	1.03324
53	39	0.875064
53	103	0.877763
53	116	0.857273
53	118	0.895681
53	120	0.853591
53	124	0.885626
53	136	0.882721
53	137	0.876134
53	138	0.876664
53	139	0.866953
53	142	0.863708
53	143	0.866105
53	156	2.20262
53	159	2.75801
54	6	0.939006
54	10	0.85753
54	29	0.919047
54	38	0.900546
54	42	0.820461
54	49	0.883766
54	56	0.875175
54	59	1.11517
54	65	0.864494
54	68	0.863636
54	79	0.906336
54	104	1.91997
54	135	3.16134
54	146	0.862619
54	152	0.797843
55	2	0.873951
55	31	0.867804
55	34	0.931195
55	76	0.889087
55	81	0.865505
55	86	0.916993
55	109	0.919306
55	114	1.63535
55	127	0.842483
55	131	1.61161
55	146	0.882231
55	150	0.832646
55	152	0.817455
55	174	0.850087
55	177	3.36999
56	6	0.937563
56	10	0.856088
56	29	0.917605
56	38	0.899103
56	41	0.821585
56	42	0.819019
56	49	0.882324
56	54	0.875175
56	61	2.02976
56	65	0.863052
56	68	0.862194
56	79	0.904893
56	125	1.47831
56	141	3.0122
56	146	0.861176
57	39	0.879434
57	96	0.847866
57	103	0.882133
57	114	1.4775
57	115	0.859363
57	118	0.900051
57	119	0.855875
57	124	0.889996
57	136	0.887091
57	137	0.880504
57	139	0.871323
57	142	0.868078
57	143	0.870475
57	152	2.36705
57	179	4.27284
58	3	0.934898
58	15	0.833189
58	52	0.870391
58	82	0.873019
58	87	0.859131
58	91	0.865581
58	95	0.847148
58	99	0.840618
58	107	0.866619
58	108	0.862198
58	113	0.861084
58	125	1.78315
58	145	2.354
58	149	0.881012
58	163	2.62183
58	176	0.794333
59	13	1.03779
59	22	1.56682
59	54	1.11517
59	85	1.52546
59	158	0.902146
59	164	0.883742
59	165	0.864959
59	169	0.84573
59	172	0.867247
59	173	0.819207
59	174	0.863207
59	175	0.835814
59	177	0.828946
59	178	0.834334
59	179	0.798486
59	180	0.806542
60	11	2.43826
60	46	0.782914
60	107	1.64664
60	112	0.798101
60	131	0.892669
60	134	0.817988
60	164	0.829856
60	166	0.851367
60	167	0.749913
60	169	0.791845
60	172	0.813362
60	174	0.809322
60	175	0.781928
60	178	0.780448
60	179	0.7446
60	180	0.752656
61	56	2.02976
61	93	0.551232
61	138	0.693368
61	151	0.901083
61	153	0.877229
61	156	0.931873
61	157	0.832316
61	169	0.868984
61	170	0.830761
61	172	0.890502
61	173	0.842461
61	175	0.859068
61	177	0.8522
61	178	0.857588
61	179	0.82174
61	180	0.829796
62	92	0.795215
62	126	0.841421
62	128	1.21607
62	146	2.02346
62	147	0.843069
62	154	0.868967
62	158	0.852279
62	169	0.795863
62	171	0.763101
62	172	0.81738
62	173	0.769339
62	175	0.785946
62	177	0.779079
62	178	0.784466
62	179	0.748618
62	180	0.756674
63	18	0.877757
63	24	0.891561
63	30	0.984184
63	35	0.945639
63	50	0.513725
63	108	0.946222
63	113	0.945108
63	137	0.959044
63	138	0.959575
63	139	0.949863
63	144	1.23321
63	150	0.883095
63	151	2.0289
63	162	0.95515
63	176	0.878357
63	178	3.02887
64	3	0.926007
64	17	0.923324
64	30	0.891269
64	52	0.8615
64	82	0.864127
64	87	0.85024
64	91	0.85669
64	95	0.838257
64	99	0.831726
64	104	2.04463
64	107	0.857728
64	108	0.853307
64	110	1.57405
64	113	0.852193
64	176	0.785442
64	178	3.16876
65	6	0.926882
65	10	0.845407
65	29	0.906924
65	38	0.888422
65	41	0.810903
65	42	0.808337
65	49	0.871642
65	54	0.864494
65	56	0.863052
65	68	0.851513
65	79	0.894212
65	80	2.39519
65	84	1.89256
65	128	0.878319
65	150	2.8941
65	152	0.785719
66	72	0.926104
66	89	1.42951
66	93	0.995552
66	100	0.981683
66	105	0.968036
66	106	0.956163
66	122	0.982369
66	123	0.937465
66	131	1.61879
66	150	2.62736
66	158	2.0863
66	162	0.958009
66	168	0.861477
66	171	0.853156
66	174	0.903395
66	176	0.881216
67	19	0.825317
67	37	0.896391
67	43	0.898493
67	70	0.843141
67	71	0.919216
67	73	0.911896
67	75	0.844094
67	88	0.94043
67	97	0.855625
67	98	0.855432
67	149	0.882846
67	154	1.74081
67	155	2.95208
67	165	2.51745
67	168	0.776429
67	171	0.768107
68	6	0.926024
68	29	0.906066
68	38	0.887564
68	41	0.810046
68	42	0.80748
68	45	0.738614
68	49	0.870785
68	54	0.863636
68	56	0.862194
68	65	0.851513
68	79	0.893354
68	128	0.877462
68	146	0.849637
68	152	0.784862
68	164	2.12742
68	177	3.42105
69	2	0.779273
69	12	0.888708
69	21	0.860647
69	31	0.773125
69	34	0.836517
69	76	0.794409
69	81	0.770827
69	86	0.822315
69	109	0.824628
69	111	0.841486
69	145	2.99654
69	146	0.787552
69	150	0.737967
69	152	0.722777
69	156	3.14676
69	174	0.755409
70	19	0.816097
70	36	0.879028
70	37	0.887171
70	67	0.843141
70	71	0.909996
70	73	0.902676
70	75	0.834874
70	88	0.93121
70	97	0.846405
70	98	0.846212
70	127	0.801523
70	149	0.873626
70	152	3.97187
70	164	1.74843
70	166	1.82969
70	168	0.767209
70	171	0.758887
71	9	0.892386
71	19	0.892172
71	36	0.955103
71	37	0.963246
71	67	0.919216
71	70	0.909996
71	88	1.00729
71	97	0.92248
71	98	0.922287
71	127	0.877598
71	141	1.01019
71	149	0.949702
71	155	2.0283
71	165	1.59367
71	168	0.843284
71	171	0.834963
71	180	3.69432
72	48	0.877707
72	66	0.926104
72	76	0.835543
72	93	0.899198
72	100	0.885329
72	105	0.871682
72	106	0.859808
72	122	0.886014
72	123	0.84111
72	129	1.57282
72	149	0.87154
72	157	5.05264
72	162	0.861655
72	168	0.765123
72	171	0.756802
72	174	0.807041
72	176	0.784862
73	9	0.885066
73	33	0.896725
73	36	0.947782
73	37	0.955926
73	43	0.958027
73	67	0.911896
73	70	0.902676
73	75	0.903628
73	88	0.999965
73	97	0.915159
73	98	0.914967
73	149	0.942381
73	156	1.37829
73	159	1.93368
73	160	3.21679
73	168	0.835964
73	171	0.827642
74	24	0.740329
74	41	1.9834
74	49	0.982172
74	92	0.911164
74	125	0.996133
74	126	0.957371
74	146	0.684133
74	150	0.911848
74	159	0.971037
74	169	0.911813
74	170	0.87359
74	172	0.93333
74	175	0.901896
74	177	0.895029
74	178	0.900416
74	179	0.864568
74	180	0.872624
75	19	0.81705
75	36	0.879981
75	37	0.888124
75	43	0.890226
75	50	1.66445
75	67	0.844094
75	70	0.834874
75	73	0.903628
75	88	0.932163
75	97	0.847358
75	98	0.847165
75	125	1.74567
75	127	0.802476
75	147	2.92336
75	149	0.874579
75	168	0.768162
75	171	0.75984
76	34	0.904441
76	55	0.889087
76	69	0.794409
76	72	0.835543
76	86	0.890238
76	97	1.6472
76	120	0.859297
76	123	1.48222
76	138	0.88237
76	139	0.872659
76	142	0.869414
76	143	0.871811
76	172	0.827372
76	174	0.823332
76	175	0.795939
76	177	0.789071
76	179	0.758611
76	180	0.766667
77	5	1.43787
77	32	0.936519
77	78	0.853628
77	83	0.90067
77	84	0.865725
77	85	0.901166
77	115	0.889119
77	116	0.891398
77	118	0.929807
77	119	0.88563
77	120	0.887716
77	136	0.916846
77	137	0.910259
77	138	0.91079
77	141	1.63469
77	142	0.897834
77	143	0.90023
77	171	3.83721
78	32	0.870976
78	77	0.853628
78	83	0.835126
78	90	0.831903
78	115	0.823575
78	116	0.825855
78	118	0.864264
78	119	0.820087
78	120	0.822173
78	126	2.25675
78	127	2.87492
78	136	0.851303
78	137	0.844716
78	138	0.845247
78	139	0.835536
78	142	0.832291
78	143	0.834687
78	175	3.00641
79	6	0.968724
79	10	0.887248
79	29	0.948765
79	38	0.930263
79	41	0.852745
79	42	0.850179
79	49	0.913484
79	54	0.906336
79	56	0.904893
79	65	0.894212
79	68	0.893354
79	121	0.914303
79	128	0.920161
79	146	0.892336
79	152	0.827561
79	159	0.800203
79	169	2.14245
79	179	4.87561
80	6	1.14816
80	34	1.85665
80	51	0.855069
80	65	2.39519
80	90	0.865684
80	106	0.872758
80	122	0.898963
80	123	0.85406
80	136	0.885084
80	138	0.879028
80	142	0.866072
80	145	0.868826
80	174	0.81999
80	175	0.792596
80	176	0.797811
80	177	0.785729
80	178	0.791117
80	180	0.763325
81	2	0.823614
81	12	0.933049
81	21	0.904988
81	31	0.817467
81	34	0.880858
81	55	0.865505
81	69	0.770827
81	86	0.866656
81	92	2.91192
81	109	0.868969
81	111	0.885828
81	114	1.15004
81	127	0.792146
81	146	0.831894
81	150	0.782308
81	152	0.767118
81	170	3.59325
81	174	0.79975
82	17	0.956541
82	30	0.924486
82	52	0.894717
82	58	0.873019
82	64	0.864127
82	87	0.883457
82	91	0.889907
82	95	0.871474
82	99	0.864944
82	107	0.890945
82	108	0.886524
82	113	0.88541
82	114	1.3224
82	146	0.872982
82	149	0.905338
82	154	1.88149
82	158	1.76617
82	170	3.7656
82	176	0.818659
83	32	0.918017
83	77	0.90067
83	78	0.835126
83	84	0.833638
83	90	0.878944
83	103	0.893386
83	109	0.902469
83	119	0.867128
83	120	0.869215
83	124	0.90125
83	128	0.893218
83	137	0.891757
83	138	0.892288
83	139	0.882577
83	142	0.879332
83	143	0.881728
83	155	2.62071
83	173	3.07348
83	176	2.36814
84	65	1.89256
84	77	0.865725
84	83	0.833638
84	103	1.3027
84	131	0.979276
84	135	0.885398
84	140	0.895691
84	154	0.951556
84	157	0.841783
84	158	0.934867
84	164	0.916463
84	166	0.937974
84	170	0.840228
84	173	0.851928
84	175	0.868535
84	177	0.861667
84	178	0.867055
84	179	0.831207
84	180	0.839263
85	45	0.854307
85	59	1.52546
85	77	0.901166
85	90	0.87944
85	103	0.893882
85	115	0.871113
85	116	0.873392
85	118	0.911801
85	119	0.867624
85	120	0.86971
85	130	2.19776
85	136	0.89884
85	137	0.892253
85	138	0.892784
85	139	0.883073
85	142	0.879828
85	143	0.882224
85	148	2.56044
85	162	0.88836
86	2	0.875102
86	12	0.984538
86	31	0.868955
86	45	0.96623
86	55	0.916993
86	69	0.822315
86	76	0.890238
86	81	0.866656
86	101	2.1009
86	109	0.920458
86	111	0.937316
86	127	0.843635
86	146	0.883382
86	150	0.833797
86	151	2.01184
86	152	0.818606
86	159	1.85434
86	174	0.851239
86	176	2.8773
87	3	0.945337
87	15	0.843628
87	17	0.942654
87	28	0.894549
87	30	0.910599
87	52	0.88083
87	58	0.859131
87	64	0.85024
87	82	0.883457
87	91	0.87602
87	95	0.857587
87	99	0.851057
87	107	0.877058
87	108	0.872637
87	113	0.871523
87	121	1.16455
87	146	0.859095
87	175	3.22313
87	176	0.804772
87	178	2.94979
88	9	0.9136
88	19	0.913386
88	36	0.976317
88	43	0.986562
88	67	0.94043
88	70	0.93121
88	71	1.00729
88	73	0.999965
88	75	0.932163
88	97	0.943694
88	98	0.943501
88	102	0.876332
88	117	0.831267
88	127	0.898812
88	154	1.21762
88	166	1.1808
88	168	0.864498
88	171	0.856177
88	172	1.76055
88	179	5.22876
89	38	1.05158
89	66	1.42951
89	124	0.969464
89	133	0.960908
89	149	0.989522
89	151	0.902688
89	153	0.878834
89	154	0.943694
89	156	0.933478
89	157	0.833921
89	160	0.886702
89	165	0.889818
89	167	0.828658
89	169	0.870589
89	170	0.832366
89	175	0.860673
89	177	0.853805
89	178	0.859193
89	179	0.823345
89	180	0.831401
90	24	0.821051
90	78	0.831903
90	80	0.865684
90	83	0.878944
90	85	0.87944
90	94	1.70144
90	96	0.855897
90	116	0.869673
90	118	0.908081
90	120	0.865991
90	124	0.898026
90	126	2.14864
90	136	0.895121
90	137	0.888534
90	138	0.889065
90	139	0.879353
90	142	0.876109
90	143	0.878505
90	175	2.89831
90	178	2.62497
91	3	0.951786
91	15	0.850078
91	51	0.86848
91	52	0.887279
91	58	0.865581
91	64	0.85669
91	82	0.889907
91	87	0.87602
91	95	0.864036
91	99	0.857506
91	107	0.883508
91	108	0.879087
91	113	0.877973
91	134	1.95106
91	146	0.865544
91	149	0.897901
91	160	2.21988
91	168	2.74271
91	169	2.27901
91	176	0.811222
92	62	0.795215
92	74	0.911164
92	81	2.91192
92	111	2.61509
92	134	0.774873
92	154	0.821835
92	155	0.756133
92	158	0.805146
92	160	0.764843
92	163	0.830208
92	164	0.786742
92	165	0.767959
92	166	0.808252
92	167	0.706799
92	169	0.74873
92	170	0.710507
92	172	0.770247
92	175	0.738813
92	177	0.731946
92	178	0.737334
92	180	0.709542
93	16	0.898064
93	25	0.973405
93	48	0.947155
93	61	0.551232
93	66	0.995552
93	72	0.899198
93	100	0.954777
93	105	0.94113
93	106	0.929257
93	111	0.962567
93	122	0.955463
93	123	0.910559
93	140	1.85137
93	148	1.53976
93	153	2.8586
93	162	0.931103
93	168	0.834572
93	171	0.82625
93	174	0.87649
93	176	0.85431
93	178	2.43371
94	4	0.987524
94	46	0.796721
94	90	1.70144
94	137	1.37201
94	151	0.83775
94	157	0.768983
94	158	0.862067
94	160	0.821764
94	161	0.843382
94	162	1.74147
94	163	0.887129
94	165	0.82488
94	170	0.767428
94	171	0.772889
94	172	0.827168
94	173	0.779128
94	175	0.795735
94	177	0.788867
94	178	0.794255
94	179	0.758407
94	180	0.766463
95	3	0.933353
95	15	0.831644
95	17	0.93067
95	30	0.898616
95	52	0.868846
95	58	0.847148
95	64	0.838257
95	82	0.871474
95	87	0.857587
95	91	0.864036
95	99	0.839073
95	107	0.865074
95	108	0.860653
95	113	0.85954
95	127	2.25932
95	146	0.847111
95	149	0.879467
95	152	3.12964
95	166	0.987459
95	171	3.41997
95	176	0.792789
96	32	0.894969
96	57	0.847866
96	90	0.855897
96	103	0.870339
96	115	0.847569
96	116	0.849849
96	118	0.888257
96	119	0.844081
96	120	0.846167
96	124	0.878202
96	125	1.55892
96	131	2.31681
96	136	0.875297
96	137	0.86871
96	138	0.869241
96	139	0.859529
96	142	0.856285
96	143	0.858681
96	159	2.83538
96	162	0.864816
96	163	2.39761
97	9	0.828795
97	19	0.828581
97	36	0.891512
97	37	0.899655
97	43	0.901757
97	46	0.795203
97	67	0.855625
97	70	0.846405
97	71	0.92248
97	73	0.915159
97	75	0.847358
97	76	1.6472
97	88	0.943694
97	98	0.858696
97	102	0.791527
97	127	0.814007
97	140	2.66956
97	149	0.88611
97	164	2.04063
97	168	0.779693
97	171	0.771371
97	174	2.38762
98	9	0.828602
98	19	0.828388
98	36	0.891319
98	37	0.899462
98	43	0.901564
98	46	0.79501
98	51	1.63369
98	67	0.855432
98	70	0.846212
98	71	0.922287
98	73	0.914967
98	75	0.847165
98	88	0.943501
98	97	0.858696
98	102	0.791334
98	127	0.813814
98	133	1.65271
98	149	0.885918
98	156	1.51058
98	168	0.7795
98	170	4.01434
98	171	0.771179
99	3	0.926823
99	14	0.785614
99	15	0.825114
99	17	0.92414
99	30	0.892085
99	52	0.862316
99	58	0.840618
99	64	0.831726
99	82	0.864944
99	87	0.851057
99	91	0.857506
99	95	0.839073
99	107	0.858544
99	108	0.854123
99	111	0.894515
99	113	0.853009
99	146	0.840581
99	153	3.48909
99	163	1.46897
99	172	2.51393
99	174	2.19993
99	176	0.786258
100	16	0.884194
100	25	0.959536
100	48	0.933286
100	66	0.981683
100	72	0.885329
100	93	0.954777
100	105	0.927261
100	106	0.915388
100	122	0.941593
100	123	0.89669
100	128	0.922588
100	132	1.77815
100	145	1.13841
100	149	0.92712
100	158	1.79296
100	162	0.917234
100	168	0.820702
100	171	0.812381
100	172	2.45121
100	174	0.86262
100	175	3.27482
100	176	0.840441
101	27	0.867584
101	86	2.1009
101	110	0.867279
101	121	0.89115
101	129	0.834389
101	132	0.86636
101	136	1.53307
101	140	0.810006
101	143	1.65283
101	155	0.80017
101	163	0.874245
101	164	0.830778
101	167	0.750835
101	168	0.768326
101	170	0.754544
101	171	0.760005
101	172	0.814284
101	173	0.766243
101	175	0.78285
101	177	0.775983
101	178	0.78137
101	179	0.745522
101	180	0.753578
102	3	2.58731
102	7	0.781038
102	18	0.73147
102	35	0.799351
102	43	0.834395
102	47	0.861899
102	88	0.876332
102	97	0.791527
102	98	0.791334
102	119	3.57662
102	150	0.736807
102	160	0.752885
102	161	0.774503
102	162	0.808863
102	163	0.81825
102	167	0.69484
102	168	0.712331
102	169	0.736772
102	171	0.70401
102	172	0.758289
102	177	0.719988
102	179	0.689527
102	180	0.697584
103	53	0.877763
103	57	0.882133
103	83	0.893386
103	84	1.3027
103	85	0.893882
103	96	0.870339
103	115	0.881835
103	116	0.884115
103	118	0.922523
103	119	0.878347
103	120	0.880433
103	124	0.912468
103	132	1.74837
103	136	0.909563
103	137	0.902976
103	138	0.903507
103	139	0.893796
103	142	0.890551
103	143	0.892947
103	158	1.76318
103	162	0.899082
103	172	2.42142
103	176	2.8372
104	27	0.874502
104	54	1.91997
104	64	2.04463
104	109	2.31647
104	129	0.841308
104	141	0.846468
104	148	0.82991
104	155	0.807088
104	157	0.763018
104	160	0.815798
104	161	0.837416
104	165	0.818914
104	166	0.859208
104	167	0.757754
104	168	0.775245
104	169	0.799685
104	170	0.761462
104	172	0.821203
104	175	0.789769
104	177	0.782902
104	178	0.788289
104	179	0.752441
104	180	0.760497
105	1	1.19434
105	16	0.870548
105	25	0.945889
105	48	0.919639
105	66	0.968036
105	72	0.871682
105	93	0.94113
105	100	0.927261
105	106	0.901741
105	109	0.918192
105	122	0.927947
105	123	0.883043
105	126	2.42605
105	128	0.908941
105	141	2.00234
105	149	0.913473
105	151	1.90242
105	161	2.62623
105	162	0.903587
105	168	0.807056
105	171	0.798734
105	174	0.848973
105	176	0.826794
106	16	0.858674
106	25	0.934015
106	40	0.334537
106	48	0.907766
106	66	0.956163
106	72	0.859808
106	80	0.872758
106	93	0.929257
106	100	0.915388
106	105	0.901741
106	109	0.906319
106	111	0.923177
106	112	2.38393
106	122	0.916073
106	123	0.871169
106	149	0.901599
106	159	0.92293
106	162	0.891714
106	168	0.795182
106	171	0.786861
106	174	0.8371
106	176	0.814921
106	179	4.15923
106	180	3.02538
107	3	0.952824
107	15	0.851116
107	17	0.950141
107	30	0.918087
107	33	0.580966
107	51	0.869518
107	52	0.888317
107	58	0.866619
107	60	1.64664
107	64	0.857728
107	82	0.890945
107	87	0.877058
107	91	0.883508
107	95	0.865074
107	99	0.858544
107	108	0.880125
107	111	0.920517
107	113	0.879011
107	146	0.866583
107	148	1.88143
107	149	0.898939
107	165	2.45882
107	176	0.81226
107	177	2.85773
108	3	0.948403
108	15	0.846695
108	17	0.94572
108	26	3.13027
108	30	0.913666
108	52	0.883896
108	58	0.862198
108	63	0.946222
108	64	0.853307
108	82	0.886524
108	87	0.872637
108	91	0.879087
108	95	0.860653
108	99	0.854123
108	107	0.880125
108	111	0.916095
108	113	0.87459
108	117	0.896976
108	134	2.23336
108	146	0.862161
108	149	0.894518
108	160	2.50218
108	174	1.51225
108	176	0.807839
109	44	0.797487
109	55	0.919306
109	69	0.824628
109	81	0.868969
109	83	0.902469
109	86	0.920458
109	104	2.31647
109	105	0.918192
109	106	0.906319
109	110	1.8459
109	115	0.890918
109	122	0.932525
109	123	0.887621
109	124	0.921551
109	131	1.76457
109	136	0.918646
109	137	0.912059
109	139	0.902878
109	141	2.54057
109	150	0.83611
109	168	0.811634
109	171	0.803312
109	174	0.853552
109	176	0.831372
110	15	2.18261
110	30	1.59743
110	64	1.57405
110	101	0.867279
110	109	1.8459
110	135	0.830837
110	141	0.870673
110	154	0.896995
110	156	0.886779
110	157	0.787223
110	158	0.880307
110	159	0.883115
110	160	0.840004
110	164	0.861902
110	165	0.843119
110	166	0.883413
110	169	0.823891
110	170	0.785668
110	172	0.845408
110	175	0.813974
110	177	0.807107
110	178	0.812494
110	179	0.776646
110	180	0.784702
111	15	0.887087
111	34	0.951518
111	69	0.841486
111	81	0.885828
111	86	0.937316
111	92	2.61509
111	93	0.962567
111	99	0.894515
111	106	0.923177
111	107	0.920517
111	108	0.916095
111	113	0.914982
111	122	0.949383
111	123	0.90448
111	131	0.829471
111	150	0.852968
111	154	1.41231
111	161	2.22935
111	162	0.925024
111	174	0.87041
111	176	0.848231
111	177	2.58785
112	60	0.798101
112	106	2.38393
112	144	0.846294
112	145	0.821948
112	147	0.802841
112	148	0.785859
112	153	0.763879
112	156	0.818523
112	157	0.718966
112	162	3.80766
112	164	0.793646
112	165	0.774863
112	166	0.815157
112	167	0.713703
112	169	0.755634
112	170	0.717411
112	172	0.777152
112	173	0.729111
112	175	0.745718
112	177	0.73885
112	178	0.744238
112	179	0.70839
112	180	0.716446
113	8	1.38167
113	14	0.806081
113	15	0.845581
113	17	0.944607
113	30	0.912552
113	51	0.863983
113	52	0.882783
113	58	0.861084
113	63	0.945108
113	64	0.852193
113	82	0.88541
113	87	0.871523
113	91	0.877973
113	95	0.85954
113	99	0.853009
113	107	0.879011
113	108	0.87459
113	111	0.914982
113	133	1.96981
113	144	1.74488
113	146	0.861048
113	147	2.28431
113	148	2.64658
113	149	0.893404
113	176	0.806725
114	11	1.91471
114	55	1.63535
114	57	1.4775
114	81	1.15004
114	82	1.3224
114	134	0.891873
114	135	0.872676
114	144	0.95639
114	151	0.897828
114	155	0.873133
114	156	0.928618
114	157	0.829062
114	158	0.922146
114	160	0.881843
114	163	0.947208
114	164	0.903741
114	167	0.823798
114	170	0.827506
114	172	0.887247
114	173	0.839206
114	175	0.855813
114	177	0.848946
114	178	0.854333
114	179	0.818485
114	180	0.826541
115	1	0.778297
115	32	0.906466
115	57	0.859363
115	77	0.889119
115	78	0.823575
115	85	0.871113
115	96	0.847569
115	103	0.881835
115	109	0.890918
115	116	0.861345
115	118	0.899754
115	119	0.855577
115	120	0.857663
115	124	0.889699
115	136	0.886793
115	137	0.880206
115	138	0.880737
115	139	0.871026
115	142	0.867781
115	143	0.870177
115	161	2.21018
115	162	0.876313
115	172	1.93606
115	173	3.05717
115	175	2.75967
116	39	0.881417
116	50	0.360951
116	53	0.857273
116	77	0.891398
116	78	0.825855
116	85	0.873392
116	90	0.869673
116	96	0.849849
116	103	0.884115
116	115	0.861345
116	118	0.902034
116	119	0.857857
116	120	0.859943
116	124	0.891979
116	128	0.883947
116	136	0.889073
116	137	0.882486
116	138	0.883017
116	142	0.870061
116	143	0.872457
116	144	1.08044
116	150	2.20863
116	162	0.878593
116	174	2.01181
116	180	4.66019
117	43	1.19933
117	88	0.831267
117	108	0.896976
117	118	1.88619
117	133	0.949196
117	142	1.24196
117	144	0.949537
117	147	0.906083
117	148	0.889102
117	156	0.921765
117	157	0.822209
117	158	0.915293
117	159	0.918101
117	160	0.87499
117	164	0.896889
117	165	0.878106
117	169	0.858877
117	170	0.820654
117	172	0.880394
117	173	0.832354
117	175	0.84896
117	177	0.842093
117	178	0.847481
117	179	0.811633
117	180	0.819689
118	4	0.483511
118	20	0.82789
118	53	0.895681
118	57	0.900051
118	77	0.929807
118	78	0.864264
118	85	0.911801
118	90	0.908081
118	96	0.888257
118	103	0.922523
118	115	0.899754
118	116	0.902034
118	117	1.88619
118	119	0.896266
118	120	0.898352
118	124	0.930387
118	136	0.927481
118	137	0.920895
118	138	0.921425
118	139	0.911714
118	142	0.908469
118	143	0.910865
118	148	2.47179
118	162	0.917001
118	163	1.7705
118	174	2.50146
119	24	0.809235
119	39	0.875649
119	57	0.855875
119	77	0.88563
119	78	0.820087
119	83	0.867128
119	85	0.867624
119	96	0.844081
119	102	3.57662
119	103	0.878347
119	115	0.855577
119	116	0.857857
119	118	0.896266
119	120	0.854175
119	124	0.886211
119	128	0.878179
119	132	1.50124
119	133	1.15385
119	136	0.883305
119	137	0.876718
119	138	0.877249
119	139	0.867538
119	142	0.864293
119	143	0.866689
119	151	1.72461
119	177	2.80692
120	24	0.811321
120	53	0.853591
120	76	0.859297
120	77	0.887716
120	78	0.822173
120	83	0.869215
120	85	0.86971
120	90	0.865991
120	96	0.846167
120	103	0.880433
120	115	0.857663
120	116	0.859943
120	118	0.898352
120	119	0.854175
120	124	0.888297
120	127	2.66575
120	129	1.65647
120	136	0.885391
120	137	0.878804
120	138	0.879335
120	139	0.869624
120	142	0.866379
120	143	0.868775
120	169	2.7087
120	176	2.38941
120	178	2.52391
121	21	1.24006
121	41	3.34441
121	47	1.13668
121	79	0.914303
121	87	1.16455
121	101	0.89115
121	134	0.873905
121	144	0.938422
121	148	0.877987
121	151	0.87986
121	154	0.920867
121	155	0.855165
121	156	0.91065
121	158	0.904178
121	159	0.906986
121	163	0.92924
121	165	0.866991
121	167	0.805831
121	168	0.823321
121	170	0.809539
121	172	0.869279
121	175	0.837845
121	177	0.830978
121	178	0.836366
121	179	0.800518
121	180	0.808574
122	16	0.88488
122	25	0.960221
122	48	0.933972
122	66	0.982369
122	72	0.886014
122	80	0.898963
122	93	0.955463
122	100	0.941593
122	105	0.927947
122	106	0.916073
122	109	0.932525
122	111	0.949383
122	123	0.897375
122	128	0.923274
122	132	1.39932
122	149	0.927805
122	161	2.34649
122	162	0.917919
122	163	1.02741
122	165	2.30609
122	168	0.821388
122	171	0.813067
122	174	0.863306
122	175	2.89598
122	176	0.841127
122	178	2.62264
123	13	0.662889
123	16	0.839976
123	25	0.915317
123	48	0.889068
123	51	0.853481
123	66	0.937465
123	72	0.84111
123	76	1.48222
123	80	0.85406
123	93	0.910559
123	100	0.89669
123	105	0.883043
123	106	0.871169
123	109	0.887621
123	111	0.90448
123	122	0.897375
123	128	0.87837
123	133	1.51621
123	149	0.882902
123	155	3.20499
123	162	0.873016
123	168	0.776484
123	169	3.27171
123	171	0.768163
123	174	0.818402
123	176	0.796223
124	24	0.843356
124	39	0.90977
124	53	0.885626
124	57	0.889996
124	83	0.90125
124	89	0.969464
124	90	0.898026
124	96	0.878202
124	103	0.912468
124	109	0.921551
124	115	0.889699
124	116	0.891979
124	118	0.930387
124	119	0.886211
124	120	0.888297
124	130	1.57815
124	131	1.15875
124	136	0.917426
124	137	0.91084
124	138	0.91137
124	139	0.901659
124	142	0.898414
124	143	0.90081
124	150	2.16732
124	162	0.906946
124	169	3.01957
124	175	3.10812
125	4	1.01557
125	39	1.53395
125	44	0.959687
125	56	1.47831
125	58	1.78315
125	74	0.996133
125	75	1.74567
125	96	1.55892
125	129	0.87532
125	144	0.924358
125	148	0.863923
125	155	0.841101
125	157	0.79703
125	160	0.849811
125	164	0.87171
125	165	0.852927
125	166	0.893221
125	167	0.791767
125	170	0.795475
125	172	0.855216
125	173	0.807175
125	174	0.851176
125	175	0.823782
125	177	0.816915
125	178	0.822302
125	179	0.786454
125	180	0.79451
126	47	1.26856
126	62	0.841421
126	74	0.957371
126	78	2.25675
126	90	2.14864
126	105	2.42605
126	130	0.876911
126	132	0.86853
126	140	0.812176
126	141	0.841719
126	145	0.86125
126	147	0.842143
126	153	0.803181
126	154	0.868041
126	156	0.857825
126	159	0.854161
126	164	0.832948
126	166	0.854459
126	167	0.753005
126	169	0.794937
126	170	0.756713
126	173	0.768413
126	175	0.78502
126	177	0.778153
126	178	0.78354
126	179	0.747692
126	180	0.755748
127	21	0.881966
127	31	0.794445
127	34	0.857837
127	55	0.842483
127	70	0.801523
127	71	0.877598
127	75	0.802476
127	78	2.87492
127	81	0.792146
127	86	0.843635
127	88	0.898812
127	95	2.25932
127	97	0.814007
127	98	0.813814
127	120	2.66575
127	160	0.775364
127	167	0.71732
127	168	0.734811
127	169	0.759252
127	171	0.726489
127	174	0.776729
127	175	0.749335
127	177	0.742468
127	178	0.747855
127	179	0.712007
127	180	0.720063
128	4	0.00926777
128	6	0.952831
128	29	0.932873
128	38	0.914371
128	41	0.836852
128	62	1.21607
128	65	0.878319
128	68	0.877462
128	79	0.920161
128	83	0.893218
128	100	0.922588
128	105	0.908941
128	116	0.883947
128	119	0.878179
128	122	0.923274
128	123	0.87837
128	136	0.909395
128	139	0.893627
128	142	0.890382
128	143	0.892779
128	152	0.811668
128	157	4.84935
128	159	1.0795
128	161	1.96081
128	168	0.802382
128	171	0.794061
128	173	2.8078
128	174	0.8443
128	176	0.822121
129	2	2.98
129	26	0.798158
129	72	1.57282
129	101	0.834389
129	104	0.841308
129	120	1.65647
129	125	0.87532
129	130	0.872975
129	134	0.817143
129	138	1.70841
129	141	0.837783
129	144	0.88166
129	151	0.823099
129	154	0.864105
129	155	0.798403
129	158	0.847416
129	159	0.850224
129	160	0.807113
129	161	0.828731
129	167	0.749069
129	169	0.791
129	171	0.758238
129	172	0.812517
129	173	0.764477
129	175	0.781084
129	177	0.774216
129	178	0.779604
129	179	0.743756
129	180	0.751812
130	52	1.00697
130	85	2.19776
130	124	1.57815
130	126	0.876911
130	129	0.872975
130	133	0.921671
130	134	0.857496
130	137	1.03892
130	138	1.31922
130	150	0.831388
130	153	0.839597
130	155	0.838756
130	156	0.894241
130	158	0.887769
130	161	0.869084
130	163	0.912831
130	165	0.850581
130	166	0.890875
130	167	0.789421
130	169	0.831353
130	170	0.793129
130	172	0.85287
130	173	0.804829
130	175	0.821436
130	176	0.826651
130	177	0.814569
130	178	0.819956
130	179	0.784108
130	180	0.792164
131	55	1.61161
131	60	0.892669
131	66	1.61879
131	84	0.979276
131	96	2.31681
131	109	1.76457
131	111	0.829471
131	124	1.15875
131	140	0.867442
131	141	0.896985
131	148	0.880428
131	151	0.882301
131	152	0.835048
131	154	0.923308
131	156	0.913091
131	157	0.813535
131	158	0.906619
131	159	0.909427
131	160	0.866316
131	161	0.887934
131	165	0.869431
131	166	0.909725
131	167	0.808272
131	170	0.81198
131	172	0.87172
131	173	0.82368
131	175	0.840286
131	177	0.833419
131	178	0.838807
131	179	0.802958
131	180	0.811015
132	10	2.57292
132	50	0.938619
132	100	1.77815
132	101	0.86636
132	103	1.74837
132	119	1.50124
132	122	1.39932
132	126	0.86853
132	134	0.849114
132	145	0.889285
132	148	0.853196
132	157	0.786303
132	159	0.882195
132	160	0.839084
132	161	0.860702
132	163	0.90445
132	164	0.860983
132	165	0.8422
132	166	0.882494
132	169	0.822971
132	170	0.784748
132	171	0.790209
132	172	0.844489
132	173	0.796448
132	175	0.813055
132	176	0.818269
132	177	0.806187
132	178	0.811575
132	179	0.775727
132	180	0.783783
133	12	1.25092
133	20	1.00043
133	32	1.7565
133	89	0.960908
133	98	1.65271
133	113	1.96981
133	117	0.949196
133	119	1.15385
133	123	1.51621
133	130	0.921671
133	134	0.86584
133	140	0.856936
133	145	0.90601
133	155	0.8471
133	158	0.896113
133	159	0.898921
133	160	0.85581
133	161	0.877428
133	163	0.921175
133	164	0.877708
133	165	0.858925
133	167	0.797765
133	169	0.839697
133	170	0.801474
133	172	0.861214
133	173	0.813173
133	175	0.82978
133	177	0.822913
133	178	0.8283
133	179	0.792452
133	180	0.800508
134	26	0.782679
134	34	2.87986
134	43	2.53572
134	60	0.817988
134	91	1.95106
134	92	0.774873
134	108	2.23336
134	114	0.891873
134	121	0.873905
134	129	0.817143
134	130	0.857496
134	132	0.849114
134	133	0.86584
134	144	0.866181
134	153	0.783766
134	154	0.848626
134	156	0.83841
134	157	0.738853
134	161	0.813252
134	163	0.856999
134	164	0.813533
134	167	0.73359
134	169	0.775521
134	170	0.737298
134	171	0.742759
134	173	0.748998
134	174	0.792999
134	175	0.765605
134	177	0.758737
134	178	0.764125
134	179	0.728277
134	180	0.736333
135	14	0.750978
135	36	2.648
135	40	0.820543
135	54	3.16134
135	84	0.885398
135	110	0.830837
135	114	0.872676
135	141	0.803107
135	147	0.803531
135	150	0.75636
135	154	0.829429
135	157	0.719657
135	158	0.812741
135	159	0.815549
135	160	0.772438
135	161	0.794056
135	162	2.78225
135	164	0.794336
135	165	0.775553
135	167	0.714393
135	169	0.756325
135	170	0.718102
135	171	0.723562
135	172	0.777842
135	173	0.729801
135	175	0.746408
135	176	0.751623
135	177	0.739541
135	178	0.744928
135	179	0.70908
135	180	0.717136
136	24	0.840451
136	39	0.906865
136	53	0.882721
136	57	0.887091
136	77	0.916846
136	78	0.851303
136	80	0.885084
136	85	0.89884
136	90	0.895121
136	96	0.875297
136	101	1.53307
136	103	0.909563
136	109	0.918646
136	115	0.886793
136	116	0.889073
136	118	0.927481
136	119	0.883305
136	120	0.885391
136	124	0.917426
136	128	0.909395
136	137	0.907934
136	138	0.908465
136	139	0.898754
136	142	0.895509
136	143	0.897905
136	156	0.731118
136	158	1.23545
136	161	2.16782
136	162	0.90404
136	169	2.62876
136	172	1.89369
136	180	4.22806
137	32	0.927607
137	39	0.900278
137	53	0.876134
137	57	0.880504
137	63	0.959044
137	77	0.910259
137	78	0.844716
137	83	0.891757
137	85	0.892253
137	90	0.888534
137	94	1.37201
137	96	0.86871
137	103	0.902976
137	109	0.912059
137	115	0.880206
137	116	0.882486
137	118	0.920895
137	119	0.876718
137	120	0.878804
137	124	0.91084
137	130	1.03892
137	136	0.907934
137	138	0.901878
137	139	0.892167
137	142	0.888922
137	143	0.891318
137	144	1.10265
137	162	0.897453
137	165	1.97899
137	173	2.86639
137	174	1.43127
137	180	4.07964
138	24	0.834395
138	39	0.900809
138	46	0.816963
138	53	0.876664
138	61	0.693368
138	63	0.959575
138	76	0.88237
138	77	0.91079
138	78	0.845247
138	80	0.879028
138	83	0.892288
138	85	0.892784
138	90	0.889065
138	96	0.869241
138	103	0.903507
138	115	0.880737
138	116	0.883017
138	118	0.921425
138	119	0.877249
138	120	0.879335
138	124	0.91137
138	129	1.70841
138	130	1.31922
138	136	0.908465
138	137	0.901878
138	139	0.892697
138	142	0.889453
138	143	0.891849
138	155	2.69392
138	162	0.897984
138	163	0.980612
138	168	3.22433
138	176	2.44135
