1	13	0.893915
1	18	0.892833
1	22	0.789428
1	37	0.869715
1	45	0.841381
1	54	0.904598
1	149	1.52766
1	154	0.811413
1	158	0.802508
1	171	2.79886
1	172	0.786131
1	176	0.838503
2	65	2.13389
2	78	0.900321
2	83	0.949639
2	86	0.939442
2	94	0.979115
2	95	0.927609
2	99	0.965263
2	139	0.938199
2	154	1.3377
2	158	1.39383
2	167	0.914646
2	168	0.927018
3	105	0.874195
3	126	0.886386
3	130	0.824762
3	151	1.56698
3	155	0.850685
3	169	1.30168
3	171	0.823492
3	174	0.812601
3	175	0.856624
3	178	0.816113
3	179	0.815682
3	180	0.827607
4	61	1.38827
4	89	0.93937
4	134	0.919831
4	152	0.637245
4	153	0.959351
4	163	0.974223
4	164	0.930162
4	165	0.580986
4	175	0.941236
4	177	0.924666
4	178	0.900725
4	179	0.900294
5	22	0.925242
5	45	0.977196
5	54	1.04041
5	115	0.975566
5	145	1.38521
5	154	0.947227
5	158	0.938322
5	162	1.02982
5	172	0.921946
5	173	2.15018
5	176	0.974317
6	17	0.810001
6	34	0.876659
6	47	0.86466
6	55	0.848817
6	63	0.906204
6	79	2.15006
6	118	0.784704
6	121	0.841546
6	133	0.841808
6	162	0.855666
6	164	0.814029
6	166	2.21652
7	44	0.944508
7	86	0.934158
7	93	0.925131
7	94	0.973832
7	95	0.922325
7	99	0.959979
7	117	1.14989
7	139	0.932915
7	161	1.85337
7	167	0.909363
7	168	0.921734
7	177	1.73856
8	71	0.777125
8	95	2.92122
8	150	0.801576
8	153	0.778607
8	156	0.790325
8	157	0.813019
8	169	0.812168
8	174	0.716469
8	177	0.743922
8	179	0.71955
8	180	0.731475
9	17	0.797499
9	40	0.869298
9	47	0.852157
9	55	0.836315
9	63	0.893701
9	118	0.772201
9	121	0.829043
9	133	0.829305
9	145	0.821384
9	162	0.843164
9	164	0.801526
9	166	1.72921
9	172	2.94496
10	23	0.783257
10	41	0.852466
10	42	0.765358
10	49	0.760333
10	50	0.828369
10	53	0.828689
10	59	0.89282
10	62	0.893408
10	64	0.878314
10	107	1.89826
10	161	2.6617
10	169	0.853842
10	180	0.773149
11	60	0.816311
11	66	0.81696
11	91	0.856795
11	108	0.84047
11	123	0.829329
11	139	0.835528
11	142	0.859744
11	149	2.10999
11	164	2.59817
11	165	0.836191
11	167	0.811976
11	172	0.77589
11	176	0.828261
12	135	0.92734
12	136	0.893693
12	138	0.881438
12	146	0.897035
12	147	0.922528
12	150	0.916737
12	151	0.914499
12	152	0.90952
12	156	0.905486
12	157	0.92818
12	168	1.23896
12	170	1.52093
12	179	2.39534
13	1	0.893915
13	18	0.969497
13	22	0.866092
13	37	0.94638
13	45	0.918046
13	54	0.981263
13	145	1.87579
13	154	0.888078
13	158	0.879172
13	166	1.24219
13	167	1.98672
13	172	0.862796
13	176	0.915168
14	81	0.846214
14	91	0.84601
14	101	0.803282
14	108	0.829685
14	123	0.818543
14	125	0.855214
14	142	0.848958
14	164	1.97612
14	165	0.825406
14	167	0.80119
14	168	0.813562
14	176	0.817476
14	178	2.80374
15	33	0.938745
15	46	0.925624
15	67	0.959161
15	79	1.56792
15	100	0.90551
15	133	0.905321
15	140	1.6252
15	159	1.89545
15	164	0.877542
15	165	0.916383
15	169	0.940292
15	177	0.872045
15	180	0.859599
16	66	0.811974
16	80	0.86979
16	81	0.852013
16	92	0.841087
16	121	2.35658
16	122	0.862229
16	123	0.824342
16	142	0.854757
16	143	2.34189
16	158	0.787279
16	167	0.806989
16	172	0.770903
16	176	0.823275
17	6	0.810001
17	9	0.797499
17	34	0.856536
17	40	0.861678
17	47	0.844537
17	55	0.828695
17	63	0.886081
17	109	2.2481
17	119	2.31219
17	133	0.821685
17	145	0.813764
17	162	0.835544
17	164	0.793906
18	1	0.892833
18	13	0.969497
18	22	0.86501
18	37	0.945298
18	45	0.916963
18	54	0.980181
18	113	1.48023
18	154	0.886995
18	155	1.88241
18	158	0.87809
18	172	0.861714
18	176	0.914085
18	177	1.69667
19	79	1.68202
19	127	0.82725
19	136	0.808024
19	138	0.795769
19	146	0.811365
19	147	0.836859
19	148	0.869417
19	150	0.831067
19	151	0.828829
19	152	0.82385
19	156	0.819816
19	157	0.842511
19	178	3.05677
20	26	0.713184
20	69	0.789259
20	111	3.43973
20	153	0.78581
20	160	0.814331
20	163	0.800682
20	172	0.73516
20	173	0.733991
20	175	0.767695
20	177	0.751124
20	178	0.727184
20	179	0.726753
20	180	0.738678
21	112	0.971926
21	119	0.984225
21	136	0.879589
21	153	0.928232
21	155	0.904177
21	159	0.937924
21	165	0.882459
21	170	0.907848
21	173	0.876413
21	175	0.910116
21	177	0.893546
21	178	0.869605
21	179	0.869174
22	1	0.789428
22	5	0.925242
22	13	0.866092
22	18	0.86501
22	37	0.841892
22	45	0.813558
22	54	0.876776
22	106	1.94879
22	154	0.78359
22	158	0.774685
22	171	2.71716
22	172	0.758309
22	176	0.81068
23	10	0.783257
23	41	0.851473
23	42	0.764365
23	49	0.759339
23	50	0.827375
23	53	0.827696
23	59	0.891826
23	62	0.892414
23	64	0.877321
23	118	2.43664
23	169	0.852849
23	177	2.34585
23	180	0.772156
24	72	0.853462
24	80	0.860301
24	81	0.842524
24	92	0.831599
24	97	2.2471
24	101	0.799593
24	122	0.85274
24	123	0.814854
24	125	0.851525
24	142	0.845269
24	149	2.32988
24	168	0.809873
24	172	0.761415
25	75	0.838347
25	99	3.5451
25	103	0.694716
25	126	0.785497
25	131	0.772626
25	155	0.749795
25	159	0.783542
25	163	0.788722
25	170	0.753466
25	171	0.722602
25	173	0.722031
25	175	0.755734
25	179	0.714792
26	20	0.713184
26	97	0.796564
26	107	0.813049
26	116	3.49383
26	143	0.766446
26	155	0.759631
26	161	0.771876
26	166	0.799243
26	171	0.732439
26	174	0.721547
26	175	0.765571
26	178	0.725059
26	179	0.724628
27	31	1.2194
27	42	0.867345
27	49	0.862319
27	50	0.930355
27	53	0.930676
27	59	0.994806
27	62	0.995394
27	64	0.980301
27	134	2.13311
27	149	1.25859
27	169	0.955829
27	180	0.875136
28	30	0.852335
28	113	0.875251
28	116	1.10117
28	129	0.815313
28	157	2.01103
28	166	0.871417
28	170	0.835477
28	171	0.804613
28	173	0.804041
28	174	0.793722
28	175	0.837745
28	178	0.797234
28	179	0.796803
29	100	0.742602
29	122	0.784499
29	125	0.783284
29	142	0.777027
29	144	0.764215
29	148	0.805141
29	156	0.755541
29	157	0.778235
29	164	0.714634
29	169	0.777384
29	175	4.31098
29	177	0.709138
29	180	0.696691
30	28	0.852335
30	100	2.06587
30	131	0.851563
30	149	0.840894
30	151	1.20891
30	161	0.840977
30	166	0.868343
30	170	0.832403
30	171	0.801539
30	172	0.802137
30	174	0.790648
30	178	0.79416
30	179	0.793729
31	27	1.2194
31	120	0.897765
31	126	0.926359
31	128	0.922058
31	143	0.897472
31	148	0.833719
31	149	0.90282
31	165	1.39004
31	171	0.863464
31	174	0.852573
31	175	0.896597
31	176	0.916434
31	178	0.856085
31	179	0.855654
32	40	1.71585
32	60	1.86054
32	137	0.829999
32	159	0.854613
32	164	0.815731
32	166	0.860477
32	168	0.842728
32	171	0.793672
32	173	0.793101
32	174	0.782781
32	175	0.826805
32	178	0.786293
32	179	0.785862
32	180	0.797787
33	15	0.938745
33	36	0.920228
33	39	0.838688
33	48	0.908431
33	52	0.885094
33	67	0.940755
33	82	0.983159
33	100	0.887103
33	103	3.12478
33	133	0.886915
33	167	1.21959
33	169	0.921886
33	177	0.853639
33	180	0.841193
34	6	0.876659
34	17	0.856536
34	40	0.928336
34	47	0.911195
34	55	0.895353
34	63	0.952739
34	84	1.4173
34	89	1.91382
34	121	0.888081
34	133	0.888343
34	145	0.880422
34	162	0.902202
34	164	0.860564
34	175	2.05099
35	90	0.877913
35	96	0.743501
35	98	0.766364
35	107	0.873306
35	148	1.56635
35	156	1.81879
35	160	0.872463
35	166	0.8595
35	167	0.829379
35	170	0.82356
35	171	0.792695
35	173	0.792124
35	178	0.785316
35	179	0.784885
36	33	0.920228
36	52	0.884983
36	57	0.967748
36	61	0.878194
36	100	0.886992
36	126	1.42495
36	133	0.886804
36	154	1.93344
36	164	0.859025
36	165	0.897866
36	167	1.96572
36	169	0.921775
36	177	0.853528
36	180	0.841082
37	1	0.869715
37	13	0.94638
37	18	0.945298
37	22	0.841892
37	45	0.893846
37	54	0.957063
37	104	1.54896
37	115	0.892217
37	126	1.67032
37	154	0.863878
37	158	0.854972
37	168	2.05711
37	172	0.838596
37	176	0.890968
38	60	0.798159
38	91	0.838643
38	92	0.827922
38	122	0.849063
38	123	0.811176
38	125	0.847848
38	129	2.60688
38	142	0.841591
38	165	0.818039
38	167	0.793824
38	168	0.806195
38	172	0.757738
38	176	0.810109
38	177	2.49546
39	33	0.838688
39	46	0.825567
39	48	0.826781
39	57	0.886208
39	61	0.796654
39	67	0.859104
39	100	0.805453
39	118	2.77234
39	160	2.27757
39	164	0.777485
39	165	0.816326
39	169	0.840235
39	177	0.771989
39	180	0.759542
40	9	0.869298
40	17	0.861678
40	32	1.71585
40	34	0.928336
40	47	0.916336
40	55	0.900494
40	63	0.95788
40	109	1.12115
40	118	0.83638
40	133	0.893484
40	145	0.885563
40	162	0.907343
40	164	0.865705
40	168	2.08784
41	10	0.852466
41	23	0.851473
41	42	0.833574
41	49	0.828548
41	50	0.896584
41	53	0.896905
41	59	0.961035
41	62	0.961623
41	64	0.94653
41	85	1.0606
41	167	1.68588
41	169	0.922058
41	179	2.68828
41	180	0.841365
42	10	0.765358
42	23	0.764365
42	27	0.867345
42	41	0.833574
42	49	0.74144
42	50	0.809476
42	53	0.809797
42	59	0.873927
42	62	0.874515
42	64	0.859421
42	105	2.59576
42	137	2.32097
42	169	0.834949
42	180	0.754256
43	80	1.1556
43	133	1.34157
43	145	0.907534
43	155	0.892811
43	159	0.926559
43	161	0.905056
43	163	0.931738
43	169	0.671771
43	170	0.896482
43	171	0.865618
43	174	0.854727
43	178	0.858239
43	179	0.857808
43	180	0.869733
44	7	0.944508
44	51	0.878695
44	73	0.926028
44	86	0.887125
44	93	0.878097
44	94	0.926798
44	95	0.875291
44	99	0.912946
44	121	1.51742
44	132	0.87649
44	162	1.80597
44	167	0.862329
44	168	0.874701
44	177	2.12249
45	1	0.841381
45	5	0.977196
45	13	0.918046
45	18	0.916963
45	22	0.813558
45	37	0.893846
45	54	0.928729
45	115	0.863882
45	118	2.23998
45	131	1.94042
45	149	1.54695
45	154	0.835544
45	158	0.826638
45	172	0.810262
45	176	0.862634
46	15	0.925624
46	39	0.825567
46	48	0.895311
46	52	0.871973
46	61	0.865184
46	67	0.927634
46	100	0.873983
46	129	1.74787
46	158	1.81009
46	164	0.846015
46	165	0.884856
46	169	0.908765
46	172	2.25747
46	177	0.840519
46	180	0.828072
47	6	0.86466
47	9	0.852157
47	17	0.844537
47	34	0.911195
47	40	0.916336
47	55	0.883353
47	63	0.94074
47	110	1.57387
47	118	0.81924
47	121	0.876081
47	140	1.65443
47	145	0.868422
47	162	0.890202
47	164	0.848564
47	167	2.40814
48	33	0.908431
48	39	0.826781
48	46	0.895311
48	52	0.873187
48	61	0.866397
48	67	0.928848
48	100	0.875196
48	130	1.96235
48	131	1.43041
48	164	0.847229
48	165	0.886069
48	169	0.909979
48	172	2.2602
48	177	0.841732
48	180	0.829286
49	10	0.760333
49	23	0.759339
49	27	0.862319
49	41	0.828548
49	42	0.74144
49	50	0.804451
49	53	0.804771
49	58	2.75941
49	59	0.868901
49	62	0.869489
49	64	0.854396
49	65	0.743731
49	159	2.50222
49	169	0.829924
49	180	0.749231
50	10	0.828369
50	23	0.827375
50	27	0.930355
50	41	0.896584
50	42	0.809476
50	49	0.804451
50	53	0.872807
50	59	0.936938
50	62	0.937526
50	64	0.922432
50	89	1.90307
50	105	2.10587
50	166	1.55108
50	169	0.89796
50	180	0.817267
51	44	0.878695
51	73	0.907248
51	78	0.829224
51	83	0.878542
51	86	0.868345
51	93	0.859318
51	94	0.908019
51	95	0.856512
51	99	0.894167
51	115	0.861085
51	129	0.817567
51	155	1.80133
51	167	0.84355
51	168	0.855922
51	170	1.89337
51	178	2.32915
52	33	0.885094
52	36	0.884983
52	46	0.871973
52	48	0.873187
52	57	0.932614
52	61	0.84306
52	100	0.851859
52	102	1.49561
52	133	0.85167
52	164	0.823892
52	165	0.862732
52	169	0.886641
52	173	2.73442
52	175	1.82501
52	177	0.818395
52	180	0.805948
53	10	0.828689
53	23	0.827696
53	27	0.930676
53	41	0.896905
53	42	0.809797
53	49	0.804771
53	50	0.872807
53	59	0.937258
53	62	0.937846
53	64	0.922753
53	121	1.70453
53	137	1.99488
53	159	1.97595
53	169	0.898281
53	180	0.817588
54	1	0.904598
54	5	1.04041
54	13	0.981263
54	18	0.980181
54	22	0.876776
54	37	0.957063
54	45	0.928729
54	115	0.9271
54	120	1.5803
54	154	0.898761
54	158	0.889855
54	162	1.1857
54	168	1.49803
54	172	0.873479
54	176	0.925851
54	180	2.1938
55	6	0.848817
55	9	0.836315
55	17	0.828695
55	34	0.895353
55	40	0.900494
55	47	0.883353
55	63	0.924897
55	118	0.803397
55	121	0.860239
55	131	1.75451
55	133	0.860501
55	141	2.2413
55	145	0.85258
55	162	0.87436
55	164	0.832722
55	176	2.03571
56	102	1.87847
56	124	0.842349
56	135	0.876469
56	136	0.842822
56	138	0.830567
56	144	0.863288
56	146	0.846163
56	147	0.871657
56	148	0.904215
56	150	0.865865
56	151	0.863627
56	152	0.858648
56	156	0.854614
56	157	0.877309
56	162	1.99692
56	164	2.19938
57	36	0.967748
57	39	0.886208
57	52	0.932614
57	61	0.925824
57	67	0.988275
57	100	0.934623
57	133	0.934435
57	134	1.71333
57	153	1.33991
57	161	1.55588
57	164	0.906656
57	165	0.945496
57	169	0.969406
57	170	1.71884
57	177	0.901159
57	180	0.888713
58	49	2.75941
58	61	0.800026
58	91	0.840302
58	100	0.808825
58	103	0.730913
58	123	0.812836
58	138	1.95122
58	142	0.84325
58	149	0.798155
58	158	0.775773
58	169	0.843607
58	170	0.789663
58	175	0.791931
58	177	0.775361
58	178	0.75142
58	179	0.750989
58	180	0.762914
59	10	0.89282
59	23	0.891826
59	27	0.994806
59	41	0.961035
59	42	0.873927
59	49	0.868901
59	50	0.936938
59	53	0.937258
59	62	1.00198
59	64	0.986883
59	110	0.991605
59	153	1.57492
59	164	1.56201
59	169	0.962411
59	172	2.2971
59	180	0.881718
60	11	0.816311
60	32	1.86054
60	38	0.798159
60	66	0.836504
60	72	0.88748
60	92	0.865618
60	101	0.833611
60	108	0.860014
60	122	0.886759
60	123	0.848872
60	125	0.885543
60	142	0.879287
60	154	2.35423
60	166	1.64199
60	167	0.831519
60	168	0.843891
60	176	0.847805
61	4	1.38827
61	36	0.878194
61	39	0.796654
61	46	0.865184
61	48	0.866397
61	52	0.84306
61	57	0.925824
61	58	0.800026
61	67	0.898721
61	100	0.845069
61	143	2.21898
61	149	2.23651
61	164	0.817102
61	165	0.855942
61	169	0.879852
61	177	0.811605
61	180	0.799159
62	10	0.893408
62	23	0.892414
62	27	0.995394
62	41	0.961623
62	42	0.874515
62	49	0.869489
62	50	0.937526
62	53	0.937846
62	59	1.00198
62	64	0.987471
62	129	1.39378
62	145	1.32123
62	167	1.43216
62	169	0.962999
62	174	2.39587
62	180	0.882306
63	6	0.906204
63	9	0.893701
63	17	0.886081
63	34	0.952739
63	40	0.95788
63	47	0.94074
63	55	0.924897
63	69	1.66079
63	118	0.860784
63	121	0.917625
63	133	0.917887
63	145	0.909966
63	160	1.38333
63	162	0.931746
63	164	0.890108
63	176	1.85974
63	177	1.78732
64	10	0.878314
64	23	0.877321
64	27	0.980301
64	41	0.94653
64	42	0.859421
64	49	0.854396
64	50	0.922432
64	53	0.922753
64	59	0.986883
64	62	0.987471
64	65	0.861713
64	68	1.43562
64	102	1.41408
64	158	2.0227
64	168	1.84487
64	169	0.947905
64	180	0.867212
65	2	2.13389
65	49	0.743731
65	64	0.861713
65	103	0.724546
65	127	0.822831
65	142	2.54651
65	150	0.826648
65	151	0.82441
65	152	0.819431
65	156	0.815397
65	166	0.819237
65	169	0.837241
65	171	0.752432
65	175	0.785565
65	178	0.745053
65	179	0.744622
65	180	0.756547
66	11	0.81696
66	16	0.811974
66	60	0.836504
66	81	0.877192
66	92	0.866267
66	101	0.83426
66	108	0.860663
66	122	0.887408
66	123	0.849521
66	125	0.886192
66	140	1.70596
66	142	0.879936
66	145	2.34875
66	162	0.859181
66	172	0.796083
66	176	0.848454
66	177	2.30987
67	15	0.959161
67	33	0.940755
67	39	0.859104
67	46	0.927634
67	48	0.928848
67	57	0.988275
67	61	0.898721
67	100	0.90752
67	121	1.2969
67	129	2.0134
67	145	1.94085
67	162	1.58546
67	164	0.879552
67	165	0.918393
67	169	0.942302
67	177	0.874056
67	180	0.861609
68	64	1.43562
68	102	0.881599
68	128	0.881007
68	130	0.823684
68	134	0.834141
68	140	0.915635
68	147	1.27167
68	155	0.849606
68	160	0.902182
68	165	1.61804
68	170	0.853278
68	171	0.822414
68	173	0.821842
68	174	0.811523
68	175	0.855546
68	178	0.815035
68	179	0.814604
69	20	0.789259
69	63	1.66079
69	107	0.889124
69	110	0.915792
69	135	1.13452
69	139	1.56328
69	143	0.842521
69	149	0.847869
69	158	0.825487
69	160	0.888281
69	162	0.872209
69	163	0.874632
69	166	0.875318
69	171	0.808513
69	173	0.807942
69	174	0.797622
69	175	0.841645
70	80	0.880855
70	90	1.74932
70	91	0.862874
70	92	0.852153
70	101	0.820146
70	108	0.846549
70	122	0.873294
70	123	0.835407
70	125	0.872078
70	129	2.43806
70	132	0.832216
70	142	0.865822
70	158	0.798345
70	161	2.44146
70	167	0.818054
70	168	0.830426
70	172	0.781969
70	176	0.83434
71	8	0.777125
71	75	0.919327
71	83	1.28522
71	95	1.13139
71	119	0.910822
71	121	0.853157
71	152	1.83788
71	153	0.854829
71	160	0.88335
71	161	0.843019
71	164	0.82564
71	168	0.852637
71	170	0.834446
71	171	0.803582
71	174	0.792691
71	175	0.836714
71	178	0.796203
71	179	0.795772
72	24	0.853462
72	60	0.88748
72	81	0.928168
72	91	0.927964
72	92	0.917243
72	101	0.885236
72	108	0.911639
72	113	1.48562
72	123	0.900498
72	125	0.937169
72	142	0.930913
72	145	1.74093
72	159	1.36839
72	167	0.883145
72	168	0.895516
72	171	2.37102
72	172	0.847059
72	176	0.899431
73	44	0.926028
73	51	0.907248
73	78	0.876557
73	83	0.925875
73	86	0.915678
73	90	0.966065
73	93	0.90665
73	94	0.955351
73	95	0.903844
73	99	0.941499
73	103	0.826313
73	129	0.864899
73	132	0.905043
73	159	1.20973
73	167	0.890882
73	168	0.903254
73	172	2.16441
73	179	2.69558
74	102	2.11184
74	116	0.835042
74	120	2.62489
74	124	0.821435
74	127	0.841134
74	135	0.855555
74	136	0.821908
74	138	0.809653
74	143	1.92704
74	144	0.842375
74	146	0.82525
74	147	0.850743
74	148	0.883301
74	150	0.844952
74	151	0.842714
74	152	0.837735
74	156	0.833701
74	157	0.856395
75	25	0.838347
75	71	0.919327
75	76	0.919924
75	90	0.954779
75	128	0.928156
75	137	0.905889
75	142	0.826141
75	147	0.878443
75	152	1.28107
75	157	0.859976
75	159	0.930502
75	166	0.936366
75	170	0.900426
75	172	0.87016
75	173	0.86899
75	175	0.902694
75	178	0.862183
75	179	0.861752
76	75	0.919924
76	106	0.83861
76	116	0.910629
76	126	0.867074
76	129	0.814879
76	131	0.854204
76	132	1.49131
76	141	0.824528
76	149	0.843535
76	157	1.82049
76	159	0.86512
76	160	0.883947
76	164	0.826238
76	171	0.804179
76	173	0.803608
76	175	0.837312
76	178	0.7968
76	179	0.796369
77	116	0.835042
77	124	0.821435
77	127	0.841134
77	135	0.855555
77	136	0.821908
77	137	1.98373
77	138	0.809653
77	144	0.842375
77	146	0.82525
77	147	0.850743
77	148	0.883301
77	150	0.844952
77	151	0.842714
77	152	0.837735
77	156	0.833701
77	157	0.856395
77	158	2.47211
77	164	2.1844
78	2	0.900321
78	51	0.829224
78	73	0.876557
78	79	0.818278
78	83	0.847851
78	86	0.837654
78	93	0.828626
78	94	0.877327
78	95	0.825821
78	99	0.863475
78	104	2.13125
78	115	0.830393
78	132	0.82702
78	139	0.836411
78	162	2.32707
78	166	2.04886
78	167	0.812858
78	168	0.82523
79	6	2.15006
79	15	1.56792
79	19	1.68202
79	78	0.818278
79	83	0.867596
79	93	0.848372
79	95	0.845566
79	122	0.887843
79	123	0.849957
79	142	0.880371
79	162	0.859616
79	166	0.862725
79	168	0.844975
79	170	0.826784
79	174	0.785029
79	176	0.848889
79	178	0.788541
79	179	0.78811
80	16	0.86979
80	24	0.860301
80	43	1.1556
80	70	0.880855
80	101	0.892076
80	113	1.70172
80	119	1.01138
80	122	0.945224
80	123	0.907337
80	125	0.944008
80	142	0.937752
80	158	0.870275
80	162	0.916997
80	165	0.9142
80	167	0.889985
80	171	2.58713
80	172	0.853899
80	176	0.90627
81	14	0.846214
81	16	0.852013
81	24	0.842524
81	66	0.877192
81	72	0.928168
81	91	0.917027
81	101	0.874299
81	108	0.900702
81	118	1.85105
81	120	1.83833
81	122	0.927447
81	123	0.889561
81	140	1.15634
81	142	0.919975
81	158	0.852498
81	162	0.89922
81	168	0.884579
81	173	2.5641
81	176	0.888493
82	33	0.983159
82	87	0.887356
82	101	1.66666
82	116	0.670137
82	117	0.938906
82	121	0.900566
82	135	1.1744
82	143	0.884998
82	149	0.890346
82	155	0.878183
82	160	0.930758
82	161	0.890428
82	166	0.917795
82	170	0.881855
82	174	0.840099
82	175	0.884123
82	177	0.867552
82	178	0.843611
82	179	0.84318
83	2	0.949639
83	51	0.878542
83	71	1.28522
83	73	0.925875
83	78	0.847851
83	79	0.867596
83	86	0.886972
83	93	0.877944
83	94	0.926645
83	95	0.875139
83	99	0.912793
83	115	0.879711
83	132	0.876338
83	139	0.885729
83	167	0.862176
83	168	0.874548
83	170	1.81286
83	176	1.6075
83	178	2.24863
84	34	1.4173
84	90	0.94289
84	98	0.831342
84	109	0.961961
84	134	0.8694
84	143	0.891681
84	144	1.02245
84	147	0.945843
84	150	1.05078
84	153	0.90892
84	161	0.897111
84	163	0.923792
84	168	0.906728
84	170	0.888537
84	171	0.857673
84	173	0.857102
84	174	0.846782
84	178	0.850294
84	179	0.849863
85	41	1.0606
85	97	0.92013
85	129	0.866705
85	130	0.857275
85	131	0.906029
85	148	0.999659
85	149	0.89536
85	153	0.907252
85	156	1.2521
85	157	1.19115
85	160	0.935773
85	161	0.895443
85	170	0.886869
85	173	0.855433
85	174	0.845114
85	175	0.889137
85	176	0.908974
85	178	0.848626
85	179	0.848195
86	2	0.939442
86	7	0.934158
86	44	0.887125
86	51	0.868345
86	73	0.915678
86	78	0.837654
86	83	0.886972
86	93	0.867747
86	94	0.916448
86	95	0.864942
86	99	0.902596
86	103	0.78741
86	126	1.72661
86	129	0.825996
86	132	0.86614
86	160	1.7136
86	167	0.851979
86	168	0.864351
86	175	2.01202
86	177	2.11758
87	82	0.887356
87	98	0.763851
87	101	1.55186
87	117	0.878099
87	119	0.897423
87	129	0.800883
87	134	0.80191
87	138	1.82625
87	146	1.43527
87	149	0.829538
87	153	0.84143
87	155	0.817375
87	161	0.829621
87	163	0.856302
87	170	0.821047
87	173	0.789611
87	174	0.779292
87	175	0.823315
87	178	0.782804
87	179	0.782373
88	112	0.858731
88	116	0.871469
88	117	1.66004
88	124	0.857863
88	127	0.877562
88	135	0.891982
88	136	0.858336
88	138	0.846081
88	143	1.62893
88	144	0.878802
88	146	0.861677
88	147	0.887171
88	148	0.919729
88	150	0.881379
88	151	0.879141
88	152	0.874162
88	156	0.870128
88	157	0.892822
88	159	1.91504
88	176	2.32113
89	4	0.93937
89	34	1.91382
89	50	1.90307
89	104	0.836487
89	118	0.777816
89	120	0.819383
89	136	1.78586
89	140	0.878304
89	141	0.805431
89	153	0.83633
89	160	0.86485
89	161	0.82452
89	163	0.851202
89	170	0.815947
89	171	0.785082
89	173	0.784511
89	174	0.774191
89	175	0.818215
89	178	0.777703
89	179	0.777272
90	35	0.877913
90	70	1.74932
90	73	0.966065
90	75	0.954779
90	84	0.94289
90	104	0.890439
90	130	0.840304
90	142	1.05548
90	143	0.873042
90	153	0.890282
90	155	0.866227
90	165	1.45415
90	166	0.905839
90	170	0.869898
90	173	0.838463
90	174	0.828143
90	175	0.872166
90	177	0.855596
90	178	0.831655
90	179	0.831224
91	11	0.856795
91	14	0.84601
91	38	0.838643
91	58	0.840302
91	70	0.862874
91	72	0.927964
91	81	0.917027
91	101	0.874095
91	103	0.807434
91	120	1.74139
91	122	0.927243
91	125	0.926027
91	142	0.919771
91	158	0.852294
91	164	1.54924
91	167	0.872003
91	172	0.835918
91	176	0.888289
91	177	1.66331
91	179	2.8155
92	16	0.841087
92	24	0.831599
92	38	0.827922
92	60	0.865618
92	66	0.866267
92	70	0.852153
92	72	0.917243
92	97	1.45946
92	119	1.2377
92	122	0.916522
92	123	0.878635
92	125	0.915306
92	134	2.41675
92	142	0.90905
92	154	2.26199
92	158	0.841573
92	162	0.888295
92	165	0.885498
92	168	0.873654
92	176	0.877568
93	7	0.925131
93	44	0.878097
93	51	0.859318
93	73	0.90665
93	78	0.828626
93	79	0.848372
93	83	0.877944
93	86	0.867747
93	94	0.907421
93	95	0.855914
93	99	0.893569
93	103	0.778382
93	110	1.28169
93	115	0.860487
93	132	0.857113
93	139	0.866505
93	141	2.24419
93	163	1.68761
93	167	0.842952
93	168	0.855324
93	180	2.65774
94	2	0.979115
94	7	0.973832
94	44	0.926798
94	51	0.908019
94	73	0.955351
94	78	0.877327
94	83	0.926645
94	86	0.916448
94	93	0.907421
94	95	0.904615
94	99	0.94227
94	129	0.865669
94	132	0.905814
94	139	0.915206
94	141	1.62639
94	145	1.38724
94	154	1.46588
94	167	0.891653
94	168	0.904025
94	176	1.42079
94	179	2.50056
95	2	0.927609
95	7	0.922325
95	8	2.92122
95	44	0.875291
95	51	0.856512
95	71	1.13139
95	73	0.903844
95	78	0.825821
95	79	0.845566
95	83	0.875139
95	86	0.864942
95	93	0.855914
95	94	0.904615
95	99	0.890763
95	103	0.775577
95	129	0.814163
95	139	0.863699
95	160	0.977253
95	167	0.840146
95	168	0.852518
95	180	2.07282
96	35	0.743501
96	104	0.756027
96	119	0.811863
96	120	0.738923
96	130	0.705893
96	131	0.754647
96	134	0.71635
96	140	0.797844
96	141	0.724972
96	160	0.784391
96	161	0.744061
96	169	5.94351
96	170	0.735487
96	171	0.704623
96	173	0.704051
96	174	0.693732
96	175	0.737755
96	177	0.721184
96	178	0.697244
96	179	0.696813
96	180	0.708738
97	24	2.2471
97	26	0.796564
97	85	0.92013
97	92	1.45946
97	105	0.868645
97	110	0.925221
97	117	0.905858
97	130	0.819212
97	140	0.911164
97	141	0.838291
97	148	0.790136
97	149	0.857298
97	153	0.86919
97	155	0.845135
97	159	0.878882
97	165	1.34646
97	170	0.848806
97	173	0.817371
97	174	0.807051
97	175	0.851074
97	178	0.810563
97	179	0.810132
98	35	0.766364
98	84	0.831342
98	87	0.763851
98	113	0.798124
98	117	0.815401
98	119	0.834726
98	121	0.777061
98	132	2.95043
98	135	2.87402
98	140	0.820707
98	141	0.747835
98	153	0.778733
98	155	0.754678
98	161	0.766923
98	163	0.793605
98	167	0.764169
98	171	0.727486
98	173	0.726914
98	174	0.716595
98	175	0.760618
98	178	0.720106
98	179	0.719675
99	2	0.965263
99	7	0.959979
99	25	3.5451
99	44	0.912946
99	51	0.894167
99	73	0.941499
99	78	0.863475
99	83	0.912793
99	86	0.902596
99	93	0.893569
99	94	0.94227
99	95	0.890763
99	105	1.11108
99	115	0.895335
99	128	0.954047
99	129	0.851817
99	132	0.891962
99	139	0.901353
99	161	1.26584
99	167	0.877801
99	168	0.890172
99	176	1.22344
100	15	0.90551
100	29	0.742602
100	30	2.06587
100	33	0.887103
100	36	0.886992
100	39	0.805453
100	46	0.873983
100	48	0.875196
100	52	0.851859
100	57	0.934623
100	58	0.808825
100	61	0.845069
100	67	0.90752
100	107	1.90796
100	119	1.6498
100	133	0.85368
100	164	0.825901
100	165	0.864741
100	166	1.96186
100	169	0.888651
100	177	0.820404
100	180	0.807958
101	14	0.803282
101	24	0.799593
101	60	0.833611
101	66	0.83426
101	70	0.820146
101	72	0.885236
101	80	0.892076
101	81	0.874299
101	82	1.66666
101	87	1.55186
101	91	0.874095
101	103	0.764706
101	108	0.85777
101	122	0.884515
101	123	0.846629
101	125	0.8833
101	132	0.843437
101	139	0.852828
101	142	0.877043
101	153	1.65214
101	167	0.829276
101	174	2.8668
101	176	0.845561
102	52	1.49561
102	56	1.87847
102	64	1.41408
102	68	0.881599
102	74	2.11184
102	105	0.863706
102	106	0.847433
102	120	0.847303
102	130	0.814273
102	153	0.86425
102	154	0.838882
102	155	0.840195
102	160	0.892771
102	161	0.852441
102	163	0.879122
102	166	0.879807
102	173	0.812431
102	174	0.802112
102	175	0.846135
102	176	0.865972
102	177	0.829564
102	178	0.805624
102	179	0.805193
103	25	0.694716
103	33	3.12478
103	58	0.730913
103	65	0.724546
103	73	0.826313
103	86	0.78741
103	91	0.807434
103	93	0.778382
103	95	0.775577
103	101	0.764706
103	108	0.791109
103	122	0.817854
103	125	0.816638
103	129	0.736631
103	142	0.810382
103	146	3.69168
103	166	0.792735
103	167	0.762614
103	171	0.725931
103	173	0.725359
103	174	0.71504
103	175	0.759063
103	178	0.718552
103	179	0.718121
104	37	1.54896
104	78	2.13125
104	89	0.836487
104	90	0.890439
104	96	0.756027
104	120	0.839522
104	133	1.5918
104	140	0.898443
104	143	0.839229
104	151	1.1873
104	153	0.856469
104	158	0.822195
104	159	0.866162
104	160	0.88499
104	163	0.871341
104	166	0.872026
104	167	0.841905
104	170	0.836086
104	171	0.805222
104	174	0.794331
104	175	0.838354
104	178	0.797842
104	179	0.797411
104	180	0.809337
105	3	0.874195
105	42	2.59576
105	50	2.10587
105	97	0.868645
105	99	1.11108
105	102	0.863706
105	106	0.838951
105	118	0.797253
105	130	0.80579
105	132	1.29751
105	137	0.840847
105	143	0.838528
105	149	0.843875
105	160	0.884288
105	161	0.843958
105	166	0.871324
105	170	0.835384
105	171	0.80452
105	173	0.803948
105	174	0.793629
105	175	0.837652
105	177	0.821081
105	178	0.797141
105	179	0.79671
105	180	0.808635
106	22	1.94879
106	76	0.83861
106	102	0.847433
106	105	0.838951
106	110	0.895527
106	113	0.858886
106	115	1.64545
106	120	0.822548
106	124	1.47415
106	128	0.846841
106	131	0.838272
106	141	0.808597
106	143	0.822255
106	145	0.830163
106	146	1.5373
106	155	0.81544
106	161	0.827685
106	163	0.854367
106	166	0.855052
106	173	0.787676
106	174	0.777356
106	175	0.82138
106	176	0.841217
106	178	0.780868
106	179	0.780437
106	180	0.792363
107	10	1.89826
107	26	0.813049
107	35	0.873306
107	69	0.889124
107	100	1.90796
107	109	0.938716
107	131	0.884452
107	132	0.688834
107	134	0.846155
107	141	0.854777
107	143	0.868435
107	149	0.873783
107	152	1.43911
107	155	0.86162
107	159	0.895368
107	162	0.898124
107	163	0.900547
107	166	0.901232
107	169	0.785714
107	170	0.865292
107	171	0.834428
107	173	0.833856
107	174	0.823537
107	177	0.850989
107	178	0.827049
107	179	0.826618
108	11	0.84047
108	14	0.829685
108	60	0.860014
108	66	0.860663
108	70	0.846549
108	72	0.911639
108	81	0.900702
108	101	0.85777
108	103	0.791109
108	120	1.81509
108	122	0.910918
108	123	0.873032
108	125	0.909703
108	132	0.86984
108	142	0.903446
108	158	0.835969
108	160	1.33303
108	162	0.882691
108	163	1.45846
108	165	0.879894
108	167	0.855679
108	168	0.86805
108	172	0.819593
108	174	2.85053
108	176	0.871964
108	178	2.45058
109	17	2.2481
109	40	1.12115
109	84	0.961961
109	107	0.938716
109	110	0.965384
109	115	0.77398
109	121	0.90768
109	127	0.94576
109	131	0.908129
109	134	0.869832
109	137	0.894432
109	140	0.951326
109	141	0.878454
109	155	0.885298
109	162	0.921801
109	163	0.924224
109	165	1.0606
109	166	0.92491
109	167	0.894789
109	169	0.463461
109	170	0.888969
109	171	0.858105
109	173	0.857534
109	174	0.847214
109	175	0.891237
109	178	0.850726
109	179	0.850295
110	47	1.57387
110	59	0.991605
110	69	0.915792
110	93	1.28169
110	97	0.925221
110	106	0.895527
110	109	0.965384
110	120	0.895397
110	126	0.923991
110	130	0.862366
110	131	0.91112
110	133	1.41967
110	139	1.00534
110	141	0.881445
110	153	0.912343
110	155	0.888289
110	159	0.922036
110	160	0.940864
110	161	0.900534
110	163	0.927215
110	169	0.749865
110	171	0.861096
110	173	0.860525
110	174	0.850205
110	176	0.914065
110	178	0.853717
110	179	0.853286
111	20	3.43973
111	112	0.904944
111	114	0.952381
111	116	0.917683
111	124	0.904076
111	127	0.923775
111	135	0.938196
111	136	0.904549
111	138	0.892294
111	144	0.925016
111	146	0.907891
111	147	0.933384
111	148	0.965942
111	150	0.927593
111	151	0.925355
111	152	0.920376
111	156	0.916342
111	157	0.939036
111	159	0.731583
111	168	1.06106
111	169	0.938185
111	175	0.959678
111	176	1.13767
111	177	0.869939
111	179	2.21743
112	21	0.971926
112	88	0.858731
112	111	0.904944
112	114	0.904388
112	116	0.86969
112	124	0.856084
112	127	0.875783
112	131	1.91217
112	135	0.890203
112	136	0.856557
112	138	0.844302
112	144	0.877023
112	146	0.859898
112	147	0.885392
112	148	0.91795
112	150	0.8796
112	151	0.877362
112	152	0.872383
112	156	0.868349
112	157	0.891043
112	163	1.84238
112	169	0.890192
112	170	2.39872
112	175	2.01537
112	177	0.821946
113	18	1.48023
113	28	0.875251
113	72	1.48562
113	80	1.70172
113	98	0.798124
113	106	0.858886
113	117	0.912371
113	120	0.858755
113	121	0.87403
113	134	0.836182
113	137	0.860782
113	141	0.844804
113	149	0.863811
113	151	1.48319
113	153	0.875702
113	155	0.851648
113	159	0.885395
113	160	0.904223
113	163	0.890574
113	166	0.89126
113	167	0.861139
113	169	1.2179
113	170	0.855319
113	171	0.824455
113	174	0.813564
113	178	0.817076
113	179	0.816645
114	111	0.952381
114	112	0.904388
114	116	0.917127
114	124	0.903521
114	126	1.05164
114	127	0.92322
114	135	0.93764
114	136	0.903993
114	138	0.891739
114	144	0.92446
114	146	0.907335
114	147	0.932829
114	148	0.965387
114	150	0.927037
114	151	0.924799
114	152	0.91982
114	156	0.915786
114	157	0.93848
114	167	1.59241
114	168	1.43843
114	169	0.937629
114	170	1.7204
114	174	2.55612
114	176	1.51504
114	177	0.869383
115	5	0.975566
115	37	0.892217
115	45	0.863882
115	51	0.861085
115	54	0.9271
115	78	0.830393
115	83	0.879711
115	93	0.860487
115	99	0.895335
115	106	1.64545
115	109	0.77398
115	139	0.868271
115	144	0.879674
115	147	0.888042
115	148	0.9206
115	150	0.882251
115	151	0.880013
115	152	0.875034
115	155	1.93059
115	156	0.871
115	157	0.893694
115	158	0.825009
115	160	1.34087
115	167	0.844719
115	168	0.85709
115	171	2.41382
115	172	0.808633
115	176	0.861004
115	177	0.824597
115	180	2.43643
116	26	3.49383
116	28	1.10117
116	74	0.835042
116	76	0.910629
116	77	0.835042
116	82	0.670137
116	88	0.871469
116	111	0.917683
116	112	0.86969
116	114	0.917127
116	124	0.868822
116	127	0.888521
116	135	0.902942
116	136	0.869295
116	138	0.85704
116	144	0.889762
116	146	0.872637
116	147	0.89813
116	148	0.930688
116	150	0.892339
116	151	0.890101
116	152	0.885122
116	156	0.881088
116	157	0.903782
116	165	0.879022
116	169	0.902931
116	176	1.3569
116	177	0.834684
116	180	1.97606
117	7	1.14989
117	82	0.938906
117	87	0.878099
117	88	1.66004
117	97	0.905858
117	98	0.815401
117	113	0.912371
117	118	0.834466
117	120	0.876033
117	128	0.900326
117	131	0.891757
117	137	0.878059
117	139	1.10114
117	141	0.862082
117	148	0.886485
117	150	1.20137
117	152	1.49906
117	159	0.902673
117	160	0.921501
117	163	0.907852
117	166	0.908537
117	170	0.872597
117	172	0.84233
117	173	0.841161
117	174	0.830842
117	175	0.874865
117	177	0.858294
117	178	0.834354
117	179	0.833923
117	180	0.845848
118	6	0.784704
118	9	0.772201
118	23	2.43664
118	39	2.77234
118	40	0.83638
118	45	2.23998
118	47	0.81924
118	55	0.803397
118	63	0.860784
118	81	1.85105
118	89	0.777816
118	105	0.797253
118	117	0.834466
118	136	0.797723
118	140	0.839772
118	146	0.801064
118	147	0.826558
118	150	0.820766
118	151	0.818528
118	152	0.813549
118	155	0.773743
118	156	0.809515
118	157	0.832209
118	160	0.826318
118	162	0.810246
118	163	0.812669
118	164	0.768609
118	168	0.795605
118	172	0.747148
118	178	0.739171
118	179	0.73874
119	17	2.31219
119	21	0.984225
119	71	0.910822
119	80	1.01138
119	87	0.897423
119	92	1.2377
119	96	0.811863
119	98	0.834726
119	100	1.6498
119	124	0.666771
119	126	0.923952
119	127	1.00985
119	130	0.862327
119	134	0.872784
119	137	0.897384
119	140	0.954279
119	143	0.895065
119	149	0.900413
119	153	0.912305
119	159	0.921997
119	160	0.940825
119	161	0.900495
119	163	0.927176
119	166	0.927862
119	168	0.910112
119	169	0.527554
119	171	0.861057
119	173	0.860486
119	174	0.850166
119	175	0.894189
119	178	0.853678
119	179	0.853247
120	31	0.897765
120	54	1.5803
120	74	2.62489
120	81	1.83833
120	89	0.819383
120	91	1.74139
120	96	0.738923
120	102	0.847303
120	104	0.839522
120	106	0.822548
120	108	1.81509
120	110	0.895397
120	113	0.858755
120	117	0.876033
120	128	0.846711
120	130	0.789387
120	140	0.881339
120	149	0.827473
120	153	0.839365
120	155	0.81531
120	158	0.805091
120	159	0.849057
120	163	0.854237
120	166	0.854922
120	168	0.837172
120	170	0.818981
120	171	0.788117
120	173	0.787546
120	174	0.777226
120	175	0.821249
120	178	0.780738
120	179	0.780307
121	6	0.841546
121	9	0.829043
121	16	2.35658
121	34	0.888081
121	44	1.51742
121	47	0.876081
121	53	1.70453
121	55	0.860239
121	63	0.917625
121	67	1.2969
121	71	0.853157
121	82	0.900566
121	98	0.777061
121	109	0.90768
121	113	0.87403
121	125	1.12515
121	127	0.87379
121	135	0.888211
121	137	0.839719
121	138	0.84231
121	141	0.823741
121	142	1.02772
121	144	0.875031
121	145	0.845308
121	146	0.857906
121	152	0.870391
121	156	0.866357
121	157	0.889051
121	162	0.867088
121	164	0.82545
121	171	0.803392
121	178	0.796013
121	179	0.795582
122	16	0.862229
122	24	0.85274
122	29	0.784499
122	38	0.849063
122	60	0.886759
122	66	0.887408
122	70	0.873294
122	79	0.887843
122	80	0.945224
122	81	0.927447
122	91	0.927243
122	92	0.916522
122	101	0.884515
122	103	0.817854
122	108	0.910918
122	123	0.899777
122	125	0.936448
122	131	1.47016
122	132	0.896585
122	137	1.36419
122	139	0.905976
122	142	0.930191
122	154	1.79644
122	158	0.862714
122	159	1.34526
122	162	0.909436
122	167	0.882424
122	168	0.894795
122	172	0.846338
122	174	2.79244
122	175	1.57336
122	176	0.898709
122	180	2.37051
123	11	0.829329
123	14	0.818543
123	16	0.824342
123	24	0.814854
123	38	0.811176
123	58	0.812836
123	60	0.848872
123	66	0.849521
123	70	0.835407
123	72	0.900498
123	79	0.849957
123	80	0.907337
123	81	0.889561
123	92	0.878635
123	101	0.846629
123	108	0.873032
123	122	0.899777
123	125	0.898561
123	132	0.858698
123	139	0.86809
123	142	0.892305
123	149	1.59042
123	153	2.0915
123	158	0.824827
123	162	0.871549
123	163	1.9141
123	166	1.59793
123	167	0.844537
123	168	0.856909
123	172	0.808451
123	176	0.860823
123	177	2.19266
123	178	2.90622
124	56	0.842349
124	74	0.821435
124	77	0.821435
124	88	0.857863
124	106	1.47415
124	111	0.904076
124	112	0.856084
124	114	0.903521
124	116	0.868822
124	119	0.666771
124	127	0.874915
124	132	0.855361
124	135	0.889335
124	136	0.855689
124	138	0.843434
124	144	0.876155
124	146	0.85903
124	147	0.884524
124	148	0.917082
124	150	0.878732
124	151	0.876494
124	152	0.871515
124	156	0.867481
124	157	0.890175
124	165	0.865415
124	169	0.889324
124	173	2.3774
124	175	1.46799
124	177	0.821078
124	178	2.28711
124	179	2.72574
125	14	0.855214
125	24	0.851525
125	29	0.783284
125	38	0.847848
125	60	0.885543
125	66	0.886192
125	70	0.872078
125	72	0.937169
125	80	0.944008
125	91	0.926027
125	92	0.915306
125	101	0.8833
125	103	0.816638
125	108	0.909703
125	121	1.12515
125	122	0.936448
125	123	0.898561
125	132	0.895369
125	139	0.904761
125	142	0.928976
125	153	1.62907
125	158	0.861498
125	162	0.90822
125	163	1.45167
125	164	1.61616
125	165	0.905423
125	167	0.881208
125	168	0.89358
125	170	2.00801
125	172	0.845122
125	176	0.897494
125	177	1.73023
125	179	2.88242
126	3	0.886386
126	25	0.785497
126	31	0.926359
126	36	1.42495
126	37	1.67032
126	76	0.867074
126	86	1.72661
126	110	0.923991
126	114	1.05164
126	119	0.923952
126	130	0.817981
126	134	0.828438
126	140	0.909933
126	141	0.83706
126	143	0.850719
126	149	0.856067
126	152	1.69675
126	153	0.867959
126	159	0.877652
126	160	0.896479
126	161	0.856149
126	165	1.64049
126	166	0.883516
126	167	0.853395
126	170	0.847576
126	171	0.816711
126	172	0.817309
126	173	0.81614
126	174	0.80582
126	175	0.849844
126	178	0.809332
126	179	0.808901
126	180	0.820826
127	19	0.82725
127	65	0.822831
127	74	0.841134
127	77	0.841134
127	88	0.877562
127	109	0.94576
127	111	0.923775
127	112	0.875783
127	114	0.92322
127	116	0.888521
127	119	1.00985
127	121	0.87379
127	124	0.874915
127	129	0.834915
127	135	0.909034
127	136	0.875388
127	138	0.863133
127	144	0.895854
127	146	0.878729
127	147	0.904223
127	148	0.936781
127	150	0.898431
127	151	0.896193
127	152	0.891214
127	156	0.88718
127	157	0.909874
127	161	2.03145
127	162	1.60011
127	165	0.885114
127	167	2.06643
127	168	1.91245
127	169	0.909023
127	177	0.840777
127	178	2.63019
128	31	0.922058
128	68	0.881007
128	75	0.928156
128	99	0.954047
128	106	0.846841
128	117	0.900326
128	120	0.846711
128	131	0.862435
128	134	0.824138
128	135	1.06407
128	137	0.848737
128	140	0.905632
128	141	0.832759
128	143	0.846418
128	146	1.43973
128	149	0.851766
128	151	1.50266
128	156	1.53062
128	157	1.46967
128	159	0.873351
128	160	0.892178
128	163	0.87853
128	166	0.879215
128	168	0.861466
128	170	0.843275
128	171	0.81241
128	173	0.811839
128	174	0.801519
128	175	0.845543
128	177	0.828972
128	178	0.805031
128	179	0.8046
128	180	0.816525
129	28	0.815313
129	38	2.60688
129	46	1.74787
129	51	0.817567
129	62	1.39378
129	67	2.0134
129	70	2.43806
129	73	0.864899
129	76	0.814879
129	85	0.866705
129	86	0.825996
129	87	0.800883
129	94	0.865669
129	95	0.814163
129	99	0.851817
129	103	0.736631
129	127	0.834915
129	144	0.836156
129	146	0.819031
129	148	0.877082
129	150	0.838733
129	151	0.836495
129	152	0.831516
129	156	0.827482
129	157	0.850176
129	160	0.844285
129	161	0.803955
129	167	0.8012
129	168	0.813572
129	170	0.795381
129	173	0.763945
129	175	0.797649
129	178	0.757138
129	179	0.756707
130	3	0.824762
130	48	1.96235
130	68	0.823684
130	85	0.857275
130	90	0.840304
130	96	0.705893
130	97	0.819212
130	102	0.814273
130	105	0.80579
130	110	0.862366
130	119	0.862327
130	120	0.789387
130	126	0.817981
130	139	2.01298
130	140	0.848308
130	141	0.775436
130	149	0.794443
130	150	2.11321
130	152	2.4109
130	159	0.816027
130	161	0.794525
130	166	0.821891
130	168	0.804142
130	170	0.785951
130	171	0.755087
130	173	0.754515
130	174	0.744196
130	176	0.808056
130	177	0.771648
130	178	0.747708
130	179	0.747277
130	180	0.759202
131	25	0.772626
131	30	0.851563
131	45	1.94042
131	48	1.43041
131	55	1.75451
131	76	0.854204
131	85	0.906029
131	96	0.754647
131	106	0.838272
131	107	0.884452
131	109	0.908129
131	110	0.91112
131	112	1.91217
131	117	0.891757
131	122	1.47016
131	128	0.862435
131	134	0.815568
131	140	0.897062
131	150	1.58127
131	155	0.831034
131	160	0.883609
131	161	0.843279
131	162	0.867537
131	163	0.86996
131	166	0.870645
131	170	0.834705
131	171	0.803841
131	172	0.804439
131	173	0.803269
131	174	0.79295
131	175	0.836973
131	176	0.85681
131	178	0.796462
131	179	0.796031
131	180	0.807956
132	44	0.87649
132	70	0.832216
132	73	0.905043
132	76	1.49131
132	78	0.82702
132	83	0.876338
132	86	0.86614
132	93	0.857113
132	94	0.905814
132	98	2.95043
132	99	0.891962
132	101	0.843437
132	105	1.29751
132	107	0.688834
132	108	0.86984
132	122	0.896585
132	123	0.858698
132	124	0.855361
132	125	0.895369
132	136	0.855834
132	138	0.843579
132	139	0.864898
132	142	0.889113
132	146	0.859175
132	147	0.884669
132	148	0.917227
132	151	0.87664
132	152	0.87166
132	155	1.52319
132	156	0.867626
132	157	0.890321
132	167	0.841345
132	168	0.853717
132	170	1.61524
132	172	0.805259
132	174	2.45096
133	6	0.841808
133	9	0.829305
133	15	0.905321
133	17	0.821685
133	33	0.886915
133	34	0.888343
133	36	0.886804
133	40	0.893484
133	43	1.34157
133	52	0.85167
133	55	0.860501
133	57	0.934435
133	63	0.917887
133	100	0.85368
133	104	1.5918
133	110	1.41967
133	138	0.842572
133	145	0.84557
133	146	0.858168
