1	46	1.15884
1	57	1.28102
1	67	1.18933
1	78	1.15677
1	91	1.26567
1	136	0.798504
1	143	0.797272
1	145	0.741984
1	158	1.15629
1	166	1.06282
1	178	0.977494
1	180	0.971326
2	38	1.00398
2	75	1.05073
2	84	1.01146
2	85	1.00504
2	93	1.06487
2	99	1.0735
2	143	0.938256
2	160	1.03131
2	166	1.2038
2	174	0.811684
2	179	1.18927
2	180	1.11231
3	87	0.897263
3	111	0.873979
3	114	0.911807
3	115	0.912127
3	148	0.922606
3	156	0.89137
3	170	0.961671
3	171	1.40595
3	174	1.04533
3	175	0.801186
3	177	1.36311
3	178	1.35212
4	58	0.977247
4	66	0.923213
4	69	0.935066
4	111	0.939652
4	114	0.97748
4	115	0.9778
4	149	1.11345
4	162	1.27545
4	172	1.12345
4	175	0.866859
4	180	1.25474
5	14	0.999554
5	52	0.984248
5	86	0.950289
5	96	1.05742
5	141	1.03768
5	163	1.07197
5	164	1.07721
5	167	1.00125
5	169	1.11431
5	170	1.10247
5	174	1.10233
5	178	0.954349
6	17	1.0092
6	24	1.0135
6	48	0.988295
6	55	1.0539
6	70	1.01613
6	138	1.05129
6	141	1.06164
6	144	1.05674
6	145	0.974373
6	149	1.06242
6	154	1.08946
6	164	1.10116
7	118	1.04814
7	126	1.03316
7	127	0.983542
7	129	1.06978
7	130	1.04233
7	133	0.988226
7	141	1.02628
7	142	1.15219
7	161	1.05506
7	167	1.05129
7	172	1.03707
7	178	0.960631
8	41	0.935917
8	66	1.00995
8	69	1.02181
8	94	1.04358
8	111	1.02639
8	114	1.06422
8	115	1.06454
8	147	0.960545
8	163	1.01802
8	175	0.953601
8	177	1.14296
8	179	1.20277
9	10	1.08453
9	15	1.01543
9	36	1.04983
9	59	1.06464
9	60	0.964247
9	65	1.02447
9	140	1.00656
9	149	1.01384
9	157	0.945331
9	169	1.10084
9	172	1.03501
9	178	1.17246
10	9	1.08453
10	13	1.03684
10	29	0.98583
10	51	1.01614
10	59	1.07731
10	60	0.976916
10	65	1.03714
10	138	0.95574
10	157	0.887206
10	162	1.12888
10	171	1.16816
10	178	1.11433
11	46	0.976538
11	57	1.09872
11	67	1.00703
11	78	0.974472
11	91	1.08337
11	117	0.968793
11	141	1.05679
11	143	1.02481
11	151	0.998495
11	154	1.09153
11	158	0.973988
11	178	1.20503
12	30	1.01227
12	100	1.03907
12	113	1.04262
12	147	1.00356
12	160	0.935582
12	162	0.920189
12	171	0.900412
12	172	0.981511
12	176	0.968395
12	177	0.914738
12	179	0.895039
13	10	1.03684
13	29	0.925472
13	43	1.0077
13	51	0.955781
13	59	1.01695
13	60	0.916558
13	65	0.976785
13	142	1.17851
13	149	0.966154
13	157	0.97371
13	161	1.0219
13	168	1.27603
13	175	1.20778
14	5	0.999554
14	53	1.06496
14	74	1.08906
14	80	1.01468
14	96	0.99
14	117	1.01877
14	131	0.890313
14	158	1.22393
14	167	0.93383
14	170	1.03505
14	174	1.03492
14	178	0.886933
14	180	1.24884
15	9	1.01543
15	36	0.9934
15	43	0.998958
15	51	0.947042
15	59	1.00821
15	60	0.907819
15	65	0.968045
15	138	1.08947
15	149	0.957415
15	151	1.04152
15	161	1.06912
15	167	1.12483
15	168	1.32325
16	17	0.93847
16	24	0.942776
16	26	1.04228
16	48	0.917567
16	50	1.05302
16	55	0.983172
16	70	0.945404
16	139	1.0312
16	141	1.08576
16	150	1.01942
16	154	1.01873
16	171	1.28782
16	178	1.234
17	6	1.0092
17	16	0.93847
17	24	0.930419
17	26	1.02993
17	50	1.04066
17	55	0.970816
17	70	0.933047
17	144	0.973658
17	164	1.1064
17	173	1.19682
17	174	0.908327
17	175	1.22207
17	177	1.2261
18	21	0.934145
18	32	0.884438
18	42	0.9615
18	47	1.0327
18	62	1.0374
18	71	1.03675
18	148	0.992685
18	156	0.961449
18	161	1.01532
18	165	1.03268
18	166	1.27959
18	168	1.26945
18	172	1.05681
19	44	1.07463
19	66	1.18092
19	117	0.972596
19	121	1.16584
19	147	0.95123
19	159	0.921976
19	168	0.847945
19	170	1.00532
19	173	0.86897
19	176	0.916061
19	177	0.862405
19	179	0.842706
20	61	0.991969
20	72	0.981514
20	76	0.951499
20	100	0.985616
20	105	0.999969
20	109	1.00358
20	141	1.09356
20	149	1.09434
20	155	0.969601
20	160	1.00052
20	162	1.25635
20	175	1.24875
20	180	0.909817
21	18	0.934145
21	32	0.893052
21	47	1.04132
21	56	0.983128
21	62	1.04601
21	71	1.04536
21	131	0.895624
21	144	0.98198
21	152	1.13537
21	155	1.00052
21	164	1.164
21	169	1.20111
21	176	1.15098
22	46	0.976538
22	57	1.09872
22	67	1.00703
22	78	0.974472
22	91	1.08337
22	135	1.04165
22	153	0.956303
22	154	1.09153
22	155	0.879342
22	158	0.973988
22	168	1.22673
22	180	1.14538
23	66	1.08718
23	94	1.1208
23	107	0.816145
23	111	1.10362
23	114	1.14145
23	115	1.14177
23	137	0.955862
23	148	1.15225
23	152	0.966474
23	161	0.924879
23	175	1.03083
23	176	0.982077
23	180	1.09765
24	6	1.0135
24	16	0.942776
24	17	0.930419
24	26	1.03423
24	48	0.909516
24	50	1.04497
24	53	1.04086
24	70	0.937354
24	154	1.01068
24	158	1.19983
24	165	1.06932
24	176	1.10916
24	180	1.22474
25	38	1.03657
25	75	1.08332
25	84	1.04406
25	85	1.03764
25	99	1.1061
25	142	0.965543
25	155	1.09128
25	160	1.0639
25	165	0.890438
25	171	1.10585
25	172	0.914572
25	177	1.06301
25	179	1.12282
25	180	1.04586
26	16	1.04228
26	17	1.02993
26	24	1.03423
26	48	1.00902
26	55	1.07463
26	70	1.03686
26	144	1.07747
26	149	0.968388
26	154	1.11019
26	161	0.936905
26	162	1.13039
26	174	0.809053
26	175	1.12279
26	179	1.18664
27	67	0.924222
27	78	0.891661
27	91	1.00056
27	103	1.18174
27	113	0.926814
27	116	0.927022
27	123	0.951475
27	125	0.985317
27	127	0.90917
27	141	1.24102
27	164	1.28054
27	174	1.08247
27	175	0.873894
27	176	1.26752
28	81	1.07079
28	87	1.04809
28	94	1.04199
28	111	1.02481
28	114	1.06264
28	115	1.06296
28	117	0.925509
28	133	0.975453
28	138	1.00315
28	142	1.13942
28	168	1.23693
28	170	1.1125
28	174	0.854951
28	175	0.952015
29	10	0.98583
29	13	0.925472
29	36	0.951132
29	43	0.956691
29	51	0.904774
29	59	0.965944
29	60	0.865551
29	65	0.925777
29	74	1.24808
29	137	1.26606
29	145	1.17851
29	149	0.915147
29	165	1.25244
29	174	1.10723
30	12	1.01227
30	44	0.987574
30	77	0.936756
30	96	1.00736
30	131	0.907674
30	142	1.20292
30	150	1.01067
30	163	1.11128
30	167	0.95119
30	170	1.05241
30	174	1.05228
30	175	1.23219
30	178	0.904293
31	40	1.07875
31	79	1.11874
31	82	1.0193
31	102	1.09463
31	106	1.06365
31	113	1.02943
31	116	1.02964
31	134	1.02943
31	137	1.03505
31	140	1.01711
31	146	1.01133
31	174	0.876216
31	175	0.97651
31	180	1.17684
32	18	0.884438
32	21	0.893052
32	33	0.857425
32	42	0.920407
32	47	0.99161
32	56	0.933421
32	62	0.996305
32	144	0.932274
32	148	0.951593
32	156	0.920356
32	159	1.22352
32	165	1.19177
32	171	1.40718
32	177	1.36434
33	32	0.857425
33	59	0.733243
33	98	0.765527
33	101	0.777053
33	108	0.839313
33	109	1.14648
33	110	0.782173
33	170	1.19776
33	172	1.11123
33	173	1.05102
33	174	1.19762
33	179	1.02475
33	180	1.05272
34	41	0.930257
34	45	0.964988
34	68	1.03036
34	73	1.0964
34	112	0.944902
34	142	1.10399
34	154	1.07522
34	160	1.04653
34	165	0.964728
34	167	0.999655
34	170	1.10088
34	174	1.10074
34	176	1.00457
34	179	1.19711
35	74	0.98818
35	83	1.02512
35	97	0.999647
35	102	1.0414
35	106	1.01041
35	113	0.976196
35	116	0.976403
35	146	0.982448
35	156	1.01346
35	161	1.03007
35	167	1.03089
35	168	1.22931
35	175	0.923275
35	177	1.16511
35	180	1.14796
36	9	1.04983
36	15	0.9934
36	29	0.951132
36	43	1.03336
36	51	0.981441
36	59	1.04261
36	60	0.942218
36	65	1.00244
36	117	1.03561
36	137	1.12388
36	143	1.09162
36	149	0.991814
36	150	1.05727
36	174	0.965048
36	178	1.27184
37	44	1.00436
37	52	0.950977
37	77	0.95354
37	80	1.04882
37	96	1.02415
37	103	0.982027
37	136	1.01056
37	164	1.08083
37	167	0.967975
37	169	1.11793
37	170	1.0692
37	173	1.17125
37	174	1.06906
37	178	0.921078
37	180	1.18338
38	2	1.00398
38	25	1.03657
38	53	0.978577
38	84	0.982107
38	85	0.975691
38	93	1.03552
38	99	1.04415
38	142	0.903593
38	151	0.962087
38	155	1.02933
38	160	1.00195
38	167	1.04539
38	168	1.24381
38	173	1.15032
38	180	1.16245
39	110	1.01646
39	120	1.03028
39	121	1.0244
39	127	0.962295
39	128	1.01429
39	129	1.04854
39	130	1.02108
39	133	1.00913
39	149	1.04796
39	152	1.05808
39	172	1.05797
39	173	1.17713
39	175	1.20237
39	178	0.939384
39	180	0.942461
40	31	1.07875
40	82	0.962035
40	86	0.954422
40	97	0.995612
40	102	1.03736
40	106	1.00638
40	107	0.902383
40	113	0.972161
40	116	0.972368
40	153	0.994818
40	155	1.05276
40	171	1.24388
40	175	0.919241
40	179	1.26085
40	180	1.18389
41	8	0.935917
41	34	0.930257
41	97	1.00322
41	134	1.03771
41	145	1.08649
41	147	1.04548
41	156	0.982039
41	160	0.952495
41	166	0.931165
41	170	0.829119
41	172	1.02343
41	173	0.96322
41	176	1.01031
41	177	0.956656
41	179	0.936957
42	18	0.9615
42	32	0.920407
42	56	1.01048
42	62	1.07337
42	71	1.07272
42	92	0.984588
42	131	0.922979
42	144	1.00934
42	148	1.02865
42	156	0.997418
42	158	1.17537
42	173	1.18814
42	174	0.899649
42	176	1.0847
42	177	1.21743
43	13	1.0077
43	15	0.998958
43	29	0.956691
43	36	1.03336
43	51	0.987
43	59	1.04817
43	60	0.947777
43	65	1.008
43	141	1.06868
43	143	1.0367
43	149	0.997373
43	150	1.00235
43	152	1.07958
43	169	1.14531
43	178	1.21692
44	19	1.07463
44	30	0.987574
44	37	1.00436
44	52	0.954907
44	77	0.95747
44	80	1.05275
44	153	0.899247
44	158	1.06341
44	167	0.971905
44	170	1.07313
44	171	1.14831
44	174	1.07299
44	175	1.10143
44	178	0.925008
44	179	1.16528
45	34	0.964988
45	68	0.931561
45	73	0.997604
45	122	1.20123
45	140	1.04904
45	148	0.963014
45	149	0.911008
45	153	1.01969
45	154	0.976416
45	160	0.947734
45	167	0.900855
45	170	1.00208
45	171	1.26876
45	173	1.19663
45	174	1.00194
45	178	1.21493
46	1	1.15884
46	11	0.976538
46	22	0.976538
46	57	0.978845
46	67	0.887161
46	78	0.854599
46	79	0.979064
46	91	0.963494
46	103	1.14447
46	112	1.17058
46	138	1.1934
46	153	1.15675
46	154	0.971654
46	155	1.07979
46	158	0.854116
46	165	1.19041
47	18	1.0327
47	21	1.04132
47	32	0.99161
47	56	1.08169
47	62	1.14457
47	71	1.14392
47	74	0.963207
47	131	0.994181
47	140	0.963254
47	143	0.948929
47	148	1.09986
47	151	0.922617
47	152	0.991805
47	156	1.06862
47	162	1.14369
47	173	1.11085
48	6	0.988295
48	16	0.917567
48	24	0.909516
48	26	1.00902
48	50	1.01976
48	55	0.949912
48	70	0.912144
48	117	0.968023
48	144	0.952754
48	145	1.01511
48	154	0.985475
48	161	1.07168
48	164	1.1419
48	166	1.33595
48	167	1.12739
48	175	1.25757
49	76	1.11323
49	100	1.04527
49	119	1.00681
49	153	1.04247
49	154	0.899481
49	156	0.971329
49	159	0.9923
49	166	0.907239
49	168	0.91827
49	170	0.818408
49	172	0.999503
49	173	0.939294
49	176	0.986386
49	177	0.93273
49	178	0.937916
49	179	0.913031
50	16	1.05302
50	17	1.04066
50	24	1.04497
50	48	1.01976
50	55	1.08536
50	70	1.04759
50	117	1.10347
50	134	0.983907
50	138	0.97889
50	144	1.0882
50	145	0.901973
50	147	0.966054
50	154	1.12093
50	158	1.10641
50	161	0.958542
50	180	1.13132
51	10	1.01614
51	13	0.955781
51	15	0.947042
51	29	0.904774
51	36	0.981441
51	43	0.987
51	59	0.996252
51	60	0.89586
51	65	0.956086
51	134	1.18129
51	149	0.945456
51	151	1.12833
51	153	1.13962
51	155	1.06266
51	163	1.22091
51	167	1.21163
52	5	0.984248
52	37	0.950977
52	44	0.954907
52	77	0.904089
52	80	0.999372
52	96	0.974694
52	143	1.02409
52	147	1.03288
52	162	1.21885
52	167	0.918523
52	168	1.2795
52	170	1.01975
52	173	1.18601
52	174	1.01961
52	175	1.21125
52	178	0.871627
53	14	1.06496
53	24	1.04086
53	38	0.978577
53	78	0.922785
53	91	1.03168
53	105	1.01061
53	109	1.01422
53	114	1.0359
53	118	0.990451
53	130	1.02336
53	158	0.922301
53	165	0.982924
53	172	0.97897
53	177	0.912197
53	179	0.892498
53	180	0.92046
54	63	1.07211
54	95	1.1192
54	100	1.08674
54	105	1.10109
54	109	1.1047
54	124	0.972529
54	140	0.893227
54	142	1.00328
54	158	1.01278
54	160	1.10164
54	169	0.98751
54	175	1.06607
54	176	0.937381
54	178	1.05912
54	179	1.12992
54	180	1.01094
55	6	1.0539
55	16	0.983172
55	17	0.970816
55	26	1.07463
55	48	0.949912
55	50	1.08536
55	70	0.97775
55	117	1.03363
55	132	0.929655
55	135	1.02798
55	136	0.958879
55	144	1.01836
55	154	1.05108
55	162	1.15241
55	164	1.02915
55	179	1.20866
55	180	1.1317
56	21	0.983128
56	32	0.933421
56	42	1.01048
56	47	1.08169
56	62	1.08638
56	71	1.08573
56	103	0.943217
56	122	1.13704
56	131	0.935992
56	144	1.02235
56	148	1.04167
56	152	1.01339
56	156	1.01043
56	159	1.0209
56	172	1.01329
56	177	1.16172
56	180	1.14457
57	1	1.28102
57	11	1.09872
57	22	1.09872
57	46	0.978845
57	67	1.00934
57	78	0.976778
57	91	1.08567
57	112	0.959391
57	135	1.03091
57	149	0.993346
57	150	0.926231
57	154	1.09383
57	157	0.913677
57	158	0.976295
57	171	1.19463
57	176	1.01906
58	4	0.977247
58	81	1.04617
58	87	1.02346
58	94	1.01736
58	111	1.00018
58	112	1.03738
58	114	1.03801
58	115	1.03833
58	134	1.06521
58	150	1.00422
58	153	1.02355
58	156	1.01757
58	157	0.991662
58	170	1.08787
58	175	0.927388
58	176	1.09705
58	178	1.21879
59	9	1.06464
59	10	1.07731
59	13	1.01695
59	15	1.00821
59	29	0.965944
59	33	0.733243
59	36	1.04261
59	43	1.04817
59	51	0.996252
59	60	0.957029
59	65	1.01726
59	136	1.05019
59	140	1.06328
59	159	1.09934
59	165	1.06759
59	167	1.10594
59	180	1.22301
60	9	0.964247
60	10	0.976916
60	13	0.916558
60	15	0.907819
60	29	0.865551
60	36	0.942218
60	43	0.947777
60	51	0.89586
60	59	0.957029
60	65	0.916863
60	122	1.32108
60	124	1.24819
60	132	1.12657
60	149	0.906233
60	163	1.22082
60	174	1.02799
60	179	1.40558
61	20	0.991969
61	63	0.991208
61	72	1.00173
61	76	0.971718
61	95	1.0383
61	100	1.00583
61	105	1.02019
61	109	1.02379
61	142	0.922375
61	146	1.09767
61	151	1.06282
61	155	0.997149
61	158	0.931876
61	161	1.09041
61	163	1.15539
61	165	1.10776
61	171	1.32317
61	180	0.930035
62	18	1.0374
62	21	1.04601
62	32	0.996305
62	42	1.07337
62	47	1.14457
62	56	1.08638
62	71	1.14861
62	86	0.871895
62	107	0.819856
62	143	0.92731
62	144	1.08523
62	148	1.10455
62	156	1.07332
62	161	0.92859
62	167	0.9843
62	175	1.11448
62	178	1.10753
62	179	1.17833
63	54	1.07211
63	61	0.991208
63	72	0.980753
63	76	0.950738
63	95	1.01732
63	100	0.984854
63	105	0.999208
63	109	1.00282
63	112	1.00495
63	136	1.00737
63	146	1.01469
63	158	0.910897
63	160	0.999754
63	173	1.16806
63	175	1.19331
63	177	1.19735
63	179	1.25716
63	180	0.909056
64	83	1.10127
64	89	1.09378
64	90	0.87916
64	97	1.0758
64	102	1.11755
64	106	1.08657
64	113	1.05235
64	116	1.05256
64	134	0.982092
64	140	0.969772
64	151	0.929134
64	155	1.13295
64	156	1.08961
64	157	0.908542
64	172	0.998216
64	173	1.11737
64	175	0.999428
64	177	1.14665
65	9	1.02447
65	10	1.03714
65	13	0.976785
65	15	0.968045
65	29	0.925777
65	36	1.00244
65	43	1.008
65	51	0.956086
65	59	1.01726
65	60	0.916863
65	90	0.999264
65	138	1.09718
65	145	1.02026
65	149	0.966459
65	152	1.11843
65	164	1.14705
65	171	1.3096
65	176	1.13403
66	4	0.923213
66	8	1.00995
66	19	1.18092
66	23	1.08718
66	87	0.96943
66	94	0.963329
66	111	0.946147
66	114	0.983975
66	115	0.984295
66	148	0.994774
66	149	1.05331
66	151	0.994239
66	157	0.973646
66	166	1.2861
66	170	1.03384
66	172	1.06332
66	175	0.873354
66	178	1.20077
67	1	1.18933
67	11	1.00703
67	22	1.00703
67	27	0.924222
67	46	0.887161
67	57	1.00934
67	78	0.885094
67	79	1.00956
67	90	1.01791
67	91	0.993989
67	117	1.03818
67	139	1.07162
67	154	1.00215
67	158	0.884611
67	159	1.14457
67	161	1.09547
67	165	1.11283
67	179	1.34521
68	34	1.03036
68	45	0.931561
68	73	1.06298
68	86	0.948972
68	134	1.03103
68	137	1.03665
68	148	1.02839
68	149	0.976381
68	153	0.989368
68	154	1.04179
68	160	1.01311
68	162	1.19915
68	167	0.966227
68	170	1.06745
68	172	1.04716
68	174	1.06731
68	178	1.18461
69	4	0.935066
69	8	1.02181
69	81	1.00399
69	87	0.981284
69	94	0.975182
69	111	0.958
69	114	0.995828
69	115	0.996148
69	140	1.10756
69	142	1.25114
69	155	1.00126
69	156	0.975391
69	161	1.09452
69	164	1.16474
69	170	1.04569
69	173	1.25516
69	174	0.966665
69	175	0.885207
70	6	1.01613
70	16	0.945404
70	17	0.933047
70	24	0.937354
70	26	1.03686
70	48	0.912144
70	50	1.04759
70	55	0.97775
70	117	0.99586
70	136	1.01972
70	140	1.03281
70	144	0.980592
70	149	1.05125
70	154	1.01331
70	159	1.06887
70	175	1.20565
70	178	1.19871
70	179	1.2695
71	18	1.03675
71	21	1.04536
71	42	1.07272
71	47	1.14392
71	56	1.08573
71	62	1.14861
71	131	0.998227
71	133	0.846785
71	144	1.08458
71	148	1.1039
71	156	1.07267
71	161	0.854136
71	162	1.04762
71	163	0.919119
71	171	1.0869
71	177	1.04406
71	179	1.10387
71	180	1.02691
72	20	0.981514
72	61	1.00173
72	63	0.980753
72	76	0.961263
72	95	1.02784
72	100	0.995379
72	105	1.00973
72	109	1.01334
72	134	1.11292
72	137	1.11854
72	139	1.0637
72	142	0.91192
72	155	0.994296
72	160	1.01028
72	161	1.08756
72	169	1.19488
72	178	1.2665
72	180	0.919581
73	34	1.0964
73	45	0.997604
73	68	1.06298
73	117	0.887855
73	124	1.0375
73	133	0.937799
73	135	1.0142
73	138	0.965497
73	148	1.09443
73	149	1.04242
73	154	1.10783
73	159	0.994252
73	160	1.07915
73	161	0.94515
73	162	1.13863
73	167	1.03227
73	170	1.13349
73	174	1.13336
74	14	1.08906
74	29	1.24808
74	35	0.98818
74	47	0.963207
74	84	1.02852
74	109	1.02612
74	132	0.999098
74	139	0.991971
74	148	0.979688
74	157	1.03077
74	161	0.998905
74	164	0.951455
74	169	0.932921
74	171	0.884963
74	172	0.966061
74	176	0.952945
74	177	0.899288
74	178	0.904474
74	179	0.87959
75	2	1.05073
75	25	1.08332
75	84	1.02886
75	85	1.02244
75	93	1.08227
75	98	1.01624
75	99	1.09089
75	131	0.958305
75	138	1.03655
75	142	0.950343
75	145	0.959633
75	147	1.02371
75	151	0.988609
75	153	0.999903
75	155	1.07608
75	157	0.968016
75	160	1.0487
75	167	1.07191
75	168	1.27033
76	20	0.951499
76	49	1.11323
76	61	0.971718
76	63	0.950738
76	72	0.961263
76	95	0.997826
76	100	0.965364
76	105	0.979718
76	109	0.983325
76	140	1.1541
76	142	0.881906
76	145	1.08448
76	150	1.10542
76	158	0.891407
76	160	0.980264
76	161	1.14105
76	165	1.15841
76	179	1.39079
76	180	0.889566
77	30	0.936756
77	37	0.95354
77	44	0.95747
77	52	0.904089
77	80	1.00194
77	96	0.977257
77	98	0.935501
77	131	0.87757
77	151	1.04974
77	157	1.02915
77	163	1.14232
77	165	1.09469
77	166	1.3416
77	167	0.921087
77	170	1.02231
77	174	1.02217
77	178	0.87419
77	179	1.32707
77	180	1.25011
78	1	1.15677
78	11	0.974472
78	22	0.974472
78	27	0.891661
78	46	0.854599
78	53	0.922785
78	57	0.976778
78	67	0.885094
78	79	0.976997
78	91	0.961428
78	117	1.06494
78	132	1.09296
78	143	1.12095
78	147	1.12974
78	154	0.969588
78	158	0.852049
78	169	1.22956
78	178	1.30117
78	180	1.29501
79	31	1.11874
79	46	0.979064
79	67	1.00956
79	78	0.976997
79	85	1.03911
79	90	0.909248
79	91	1.08589
79	93	1.09894
79	99	1.10756
79	113	1.01215
79	116	1.01236
79	136	0.986766
79	138	1.00716
79	147	0.994326
79	151	0.959222
79	153	0.970516
79	166	1.25108
79	168	1.24094
79	175	0.95923
80	14	1.01468
80	37	1.04882
80	44	1.05275
80	52	0.999372
80	77	1.00194
80	96	1.07254
80	131	0.972853
80	136	0.954778
80	142	1.11144
80	145	0.898257
80	161	0.954826
80	162	1.14831
80	167	1.01637
80	169	1.06215
80	170	1.11759
80	171	1.18759
80	174	1.11745
80	176	1.01202
80	178	0.969473
81	28	1.07079
81	58	1.04617
81	69	1.00399
81	87	1.03186
81	94	1.02575
81	111	1.00857
81	114	1.0464
81	115	1.04672
81	122	1.12716
81	133	0.954563
81	148	1.0572
81	153	0.945615
81	158	1.10978
81	159	1.01102
81	164	1.03214
81	170	1.09626
81	172	1.0034
81	175	0.935779
81	180	1.13469
82	31	1.0193
82	40	0.962035
82	83	0.961637
82	89	0.954148
82	97	0.936165
82	102	0.977917
82	106	0.946931
82	113	0.912713
82	116	0.912921
82	140	1.08884
82	155	0.993316
82	158	1.22366
82	159	1.12489
82	161	0.966588
82	162	1.26928
82	168	1.32992
82	174	0.947939
82	175	0.859793
82	180	1.24857
83	35	1.02512
83	64	1.10127
83	82	0.961637
83	89	1.0132
83	97	0.995215
83	98	0.992518
83	106	1.00598
83	107	0.959273
83	113	0.971764
83	116	0.971971
83	124	1.16035
83	136	1.06796
83	156	1.00903
83	157	1.01982
83	161	1.02564
83	169	1.17533
83	171	1.30077
83	172	1.1095
83	174	0.940154
83	175	0.918843
84	2	1.01146
84	25	1.04406
84	38	0.982107
84	74	1.02852
84	75	1.02886
84	85	0.983173
84	93	1.043
84	98	0.976969
84	99	1.05163
84	131	0.919039
84	142	0.911076
84	146	1.02278
84	150	0.979889
84	155	1.03682
84	160	1.00943
84	163	1.0805
84	164	1.08574
84	173	1.17616
84	176	1.07272
84	178	1.19446
85	2	1.00504
85	25	1.03764
85	38	0.975691
85	75	1.02244
85	79	1.03911
85	84	0.983173
85	93	1.03659
85	99	1.04521
85	122	1.14915
85	131	0.912623
85	141	1.01461
85	142	0.90466
85	143	0.982632
85	152	1.02551
85	153	0.967614
85	155	1.0304
85	160	1.00302
85	166	1.24818
85	175	1.1698
85	177	1.17384
86	5	0.950289
86	40	0.954422
86	62	0.871895
86	68	0.948972
86	98	1.02582
86	125	0.963899
86	129	0.953048
86	130	0.977771
86	135	1.01489
86	139	1.06185
86	161	1.06879
86	162	0.974623
86	163	1.01802
86	166	0.943681
86	171	0.954847
86	172	1.03595
86	173	0.975737
86	176	1.02283
86	177	0.969172
86	179	0.949473
87	3	0.897263
87	28	1.04809
87	58	1.02346
87	66	0.96943
87	69	0.981284
87	81	1.03186
87	111	0.985869
87	114	1.0237
87	115	1.02402
87	117	1.03597
87	133	1.08591
87	138	1.11361
87	146	1.10053
87	147	1.10077
87	156	1.00326
87	164	1.16348
87	170	1.07356
87	174	0.965408
87	175	0.913076
87	176	1.15046
88	108	0.977396
88	119	1.02562
88	121	1.02359
88	123	1.00379
88	125	1.03763
88	126	1.01109
88	127	0.961481
88	128	1.01348
88	129	1.04772
88	130	1.02027
88	133	1.03889
88	134	1.0716
88	135	1.11529
88	142	1.20286
88	146	1.0535
88	155	0.95298
88	172	1.08773
88	173	1.20688
88	178	0.938569
88	180	0.941647
89	64	1.09378
89	82	0.954148
89	83	1.0132
89	97	0.987725
89	102	1.02948
89	106	0.998492
89	113	0.964274
89	116	0.964481
89	124	1.11128
89	141	1.04963
89	150	0.9833
89	155	1.04488
89	156	1.00154
89	157	0.970747
89	158	1.1668
89	161	1.01815
89	167	1.07464
89	173	1.17957
89	175	0.911354
89	180	1.19171
90	64	0.87916
90	65	0.999264
90	67	1.01791
90	79	0.909248
90	95	0.865931
90	108	1.07874
90	120	0.995173
90	143	1.06496
90	148	0.889125
90	159	1.0272
90	163	1.01647
90	164	1.0198
90	166	0.942138
90	168	0.953169
90	169	1.00126
90	172	1.0344
90	173	0.974194
90	176	1.02129
90	177	0.967629
90	179	0.947931
91	1	1.26567
91	11	1.08337
91	22	1.08337
91	27	1.00056
91	46	0.963494
91	53	1.03168
91	57	1.08567
91	67	0.993989
91	78	0.961428
91	79	1.08589
91	132	0.943008
91	153	0.955982
91	154	1.07848
91	158	0.960945
91	161	0.972281
91	163	1.03726
91	173	1.13292
91	174	0.844428
91	175	1.15817
91	176	1.02948
91	178	1.15122
92	42	0.984588
92	95	0.900584
92	115	0.947005
92	119	0.991723
92	127	1.05989
92	130	0.991552
92	148	0.923778
92	150	1.033
92	151	1.03179
92	156	0.956242
92	162	0.938671
92	163	0.982066
92	165	1.00395
92	168	0.91876
92	169	0.966852
92	171	0.918895
92	172	0.999993
92	173	0.939785
92	176	0.986877
92	177	0.93322
92	179	0.913521
93	2	1.06487
93	38	1.03552
93	75	1.08227
93	79	1.09894
93	84	1.043
93	85	1.03659
93	98	1.03038
93	99	1.10504
93	124	1.02359
93	131	0.972452
93	134	0.956607
93	135	1.00029
93	142	0.964489
93	153	0.914944
93	155	1.09023
93	158	1.07911
93	160	1.06285
93	163	0.996225
93	165	0.948597
93	168	1.18537
93	178	1.11018
94	8	1.04358
94	23	1.1208
94	28	1.04199
94	58	1.01736
94	66	0.963329
94	69	0.975182
94	81	1.02575
94	111	0.979768
94	114	1.0176
94	115	1.01792
94	142	1.18863
94	145	0.97544
94	150	0.996378
94	155	0.93875
94	156	0.997158
94	159	1.08111
94	161	1.03201
94	163	1.09699
94	167	1.08772
94	170	1.06746
94	175	0.906974
94	177	1.22193
95	54	1.1192
95	61	1.0383
95	63	1.01732
95	72	1.02784
95	76	0.997826
95	90	0.865931
95	92	0.900584
95	100	1.03194
95	103	0.914917
95	105	1.0463
95	109	1.0499
95	122	0.958549
95	142	0.948483
95	158	0.957985
95	160	1.04684
95	168	1.19763
95	173	1.10414
95	175	1.12938
95	176	1.0007
95	177	1.13342
95	179	1.19323
95	180	0.956144
96	5	1.05742
96	14	0.99
96	30	1.00736
96	37	1.02415
96	52	0.974694
96	77	0.977257
96	80	1.07254
96	98	1.00611
96	124	1.08282
96	131	0.948175
96	132	0.961197
96	141	1.02117
96	143	0.989189
96	149	1.02195
96	164	1.06069
96	167	0.991692
96	169	1.0978
96	170	1.09292
96	171	1.22324
96	174	1.09278
96	178	0.944795
96	180	1.16324
97	35	0.999647
97	40	0.995612
97	41	1.00322
97	64	1.0758
97	82	0.936165
97	83	0.995215
97	89	0.987725
97	102	1.01149
97	106	0.980509
97	113	0.946291
97	116	0.946498
97	134	1.0457
97	142	1.17696
97	155	1.02689
97	156	0.983554
97	159	1.06944
97	161	1.00017
97	171	1.2531
97	174	0.892485
97	175	0.893371
97	176	1.07754
97	177	1.21026
97	178	1.19928
98	33	0.765527
98	75	1.01624
98	77	0.935501
98	83	0.992518
98	84	0.976969
98	86	1.02582
98	93	1.03038
98	96	1.00611
98	99	1.03901
98	113	0.943594
98	116	0.943802
98	132	1.05325
98	139	1.05866
98	159	1.13162
98	161	0.997469
98	166	1.34678
98	169	1.18985
98	170	1.05116
98	172	1.12401
98	174	1.05102
98	175	0.890674
98	176	1.13972
98	178	0.903039
99	2	1.0735
99	25	1.1061
99	38	1.04415
99	75	1.09089
99	79	1.10756
99	84	1.05163
99	85	1.04521
99	93	1.10504
99	98	1.03901
99	122	1.11123
99	131	0.981078
99	133	0.938633
99	140	0.959028
99	142	0.973115
99	146	0.953248
99	149	0.977466
99	151	0.918391
99	155	1.09886
99	160	1.07147
99	171	1.17875
99	174	0.818131
99	177	1.13591
99	178	1.12492
100	12	1.03907
100	20	0.985616
100	49	1.04527
100	54	1.08674
100	61	1.00583
100	63	0.984854
100	72	0.995379
100	76	0.965364
100	95	1.03194
100	103	1.04452
100	105	1.01383
100	109	1.01744
100	122	0.926087
100	135	1.14214
100	142	0.916022
100	147	1.08061
100	149	1.10458
100	158	0.925523
100	160	1.01438
100	169	1.18042
100	174	0.945243
100	175	1.25898
100	180	0.923682
101	33	0.777053
101	104	1.0114
101	110	0.995696
101	112	1.09157
101	118	1.00613
101	119	1.00567
101	121	1.00364
101	123	0.983835
101	125	1.01768
101	126	0.991144
101	127	0.94153
101	128	0.99353
101	129	1.02777
101	130	1.00032
101	132	1.06477
101	135	1.16309
101	142	1.25066
101	150	1.05841
101	155	1.00078
101	158	1.24191
101	175	1.27993
101	178	0.918619
101	180	0.921697
102	31	1.09463
102	35	1.0414
102	40	1.03736
102	64	1.11755
102	82	0.977917
102	89	1.02948
102	97	1.01149
102	106	1.02226
102	112	0.978391
102	113	0.988043
102	116	0.98825
102	138	1.00121
102	139	0.957008
102	143	0.979582
102	149	1.01234
102	155	1.06865
102	156	1.02531
102	158	1.12873
102	159	1.02996
102	161	1.04192
102	169	1.08819
102	170	0.990634
102	175	0.935123
102	180	1.15364
103	27	1.18174
103	37	0.982027
103	46	1.14447
103	56	0.943217
103	95	0.914917
103	100	1.04452
103	110	1.07058
103	118	0.972973
103	127	1.07422
103	137	0.978816
103	142	0.927206
103	147	1.01543
103	158	0.936708
103	159	0.986174
103	163	0.975448
103	165	0.997331
103	166	0.901112
103	168	0.912143
103	171	0.912277
103	173	0.933168
103	174	1.07977
103	176	0.98026
103	177	0.926603
103	179	0.906904
104	101	1.0114
104	107	0.900957
104	108	0.973336
104	110	1.01159
104	117	1.03951
104	118	1.02202
104	119	1.02156
104	120	1.02541
104	125	1.03357
104	126	1.00703
104	127	0.957421
104	128	1.00942
104	130	1.01621
104	142	1.16631
104	147	1.0172
104	158	1.15755
104	161	1.02894
104	162	1.20318
104	168	1.26382
104	172	1.05118
104	174	0.881838
104	176	1.06689
104	177	1.19961
104	178	0.934509
104	180	0.937587
105	20	0.999969
105	53	1.01061
105	54	1.10109
105	61	1.02019
105	63	0.999208
105	72	1.00973
105	76	0.979718
105	95	1.0463
105	100	1.01383
105	109	1.03179
105	122	0.94044
105	134	1.10111
105	137	1.10673
105	141	1.10645
105	142	0.930375
105	151	1.04816
105	153	1.05945
105	155	0.982489
105	158	0.939877
105	160	1.02873
105	165	1.0931
105	174	0.947896
105	176	1.13295
105	179	1.32549
105	180	0.938036
106	31	1.06365
106	35	1.01041
106	40	1.00638
106	64	1.08657
106	82	0.946931
106	83	1.00598
106	89	0.998492
106	97	0.980509
106	102	1.02226
106	107	0.966653
106	113	0.957057
106	116	0.957265
106	122	1.24063
106	136	1.07534
106	139	1.05153
106	140	1.08843
106	146	1.08265
106	155	1.03766
106	156	0.994321
106	157	1.0272
106	161	1.01093
106	167	1.1311
106	172	1.11688
106	175	0.904137
106	176	1.13258
107	23	0.816145
107	40	0.902383
107	62	0.819856
107	83	0.959273
107	104	0.900957
107	106	0.966653
107	116	0.959584
107	120	0.964006
107	121	0.898021
107	140	1.07848
107	145	1.12157
107	147	1.08056
107	151	1.0903
107	152	1.05768
107	156	0.890422
107	159	1.05131
107	160	0.860877
107	162	0.997186
107	163	1.04058
107	169	1.02537
107	171	0.977409
107	172	1.05851
107	173	0.9983
107	176	1.04539
107	177	0.991735
107	179	0.972036
108	33	0.839313
108	88	0.977396
108	90	1.07874
108	104	0.973336
108	110	0.957632
108	118	0.968062
108	119	0.967606
108	120	0.971453
108	121	0.965574
108	122	0.886037
108	123	0.945771
108	125	0.979613
108	126	0.95308
108	127	0.903466
108	128	0.955466
108	129	0.989708
108	130	0.962255
108	133	1.14895
108	134	1.18167
108	149	1.18779
108	151	1.12871
108	159	1.20541
108	161	0.974985
108	164	1.22653
108	173	1.31695
108	176	1.2135
108	180	0.883632
109	20	1.00358
109	33	1.14648
109	53	1.01422
109	54	1.1047
109	61	1.02379
109	63	1.00282
109	72	1.01334
109	74	1.02612
109	76	0.983325
109	95	1.0499
109	100	1.01744
109	105	1.03179
109	122	0.944048
109	137	1.04411
109	139	0.989271
109	142	0.933983
109	150	0.977494
109	158	0.943484
109	159	1.06223
109	160	1.03234
109	163	1.07811
109	164	1.08335
109	167	1.06884
109	169	1.12045
109	172	1.05461
109	177	1.20305
109	180	0.941643
110	33	0.782173
110	39	1.01646
110	101	0.995696
110	103	1.07058
110	104	1.01159
110	108	0.957632
110	112	1.09669
110	118	1.00631
110	119	1.00586
110	120	1.0097
110	121	1.00383
110	123	0.984022
110	125	1.01786
110	126	0.991331
110	127	0.941717
110	128	0.993717
110	129	1.02796
110	130	1.00051
110	137	1.13015
110	139	1.07531
110	145	1.0426
110	165	1.11652
110	174	0.971311
110	175	1.28505
110	176	1.15636
110	177	1.28909
110	178	0.918805
110	180	0.921883
111	3	0.873979
111	4	0.939652
111	8	1.02639
111	23	1.10362
111	28	1.02481
111	58	1.00018
111	66	0.946147
111	69	0.958
111	81	1.00857
111	87	0.985869
111	94	0.979768
111	112	1.07413
111	114	1.00041
111	115	1.00073
111	132	1.04733
111	136	1.07656
111	140	1.08965
111	143	1.07532
111	148	1.01121
111	152	1.1182
111	156	0.979976
111	157	1.02842
111	161	1.0766
111	170	1.05028
111	172	1.11809
111	173	1.23725
111	175	0.889793
111	177	1.26653
112	34	0.944902
112	46	1.17058
112	57	0.959391
112	58	1.03738
112	63	1.00495
112	101	1.09157
112	102	0.978391
112	110	1.09669
112	111	1.07413
112	126	1.04838
112	129	1.00727
112	136	1.0157
112	138	0.997262
112	139	1.01507
112	149	0.984619
112	150	1.02216
112	151	1.02095
112	152	0.988325
112	159	0.981953
112	162	0.927834
112	163	0.971228
112	164	0.974549
112	166	0.896892
112	168	0.907923
112	171	0.908057
112	172	0.989156
112	176	0.976039
112	177	0.922383
112	179	0.902684
113	12	1.04262
113	27	0.926814
113	31	1.02943
113	35	0.976196
113	40	0.972161
113	64	1.05235
113	79	1.01215
113	82	0.912713
113	83	0.971764
113	89	0.964274
113	97	0.946291
113	98	0.943594
113	102	0.988043
113	106	0.957057
113	116	0.923047
113	117	1.01936
113	134	1.10202
113	139	1.0528
113	143	1.07537
113	155	1.00344
113	156	0.960103
113	161	0.976714
113	169	1.18398
113	173	1.2373
113	174	0.9488
113	175	0.869919
113	177	1.26658
113	178	1.25559
113	179	1.32639
114	3	0.911807
114	4	0.97748
114	8	1.06422
114	23	1.14145
114	28	1.06264
114	53	1.0359
114	58	1.03801
114	66	0.983975
114	69	0.995828
114	81	1.0464
114	87	1.0237
114	94	1.0176
114	111	1.00041
114	115	1.03856
114	117	0.989705
114	139	1.02315
114	140	1.06004
114	142	1.20362
114	143	1.04572
114	145	0.990431
114	148	1.04904
114	150	1.01137
114	153	1.0307
114	156	1.0178
114	165	1.06436
114	170	1.08811
114	174	0.919147
114	175	0.92762
114	180	1.21977
115	3	0.912127
115	4	0.9778
115	8	1.06454
115	23	1.14177
115	28	1.06296
115	58	1.03833
115	66	0.984295
115	69	0.996148
115	81	1.04672
115	87	1.02402
115	92	0.947005
115	94	1.01792
115	111	1.00073
115	114	1.03856
115	147	0.99743
115	148	1.04936
115	152	1.03151
115	155	0.896659
115	156	1.01812
115	163	1.0549
115	165	1.00727
115	167	1.04563
115	170	1.08843
115	171	1.22268
115	172	1.03141
115	173	1.15056
115	175	0.927941
115	176	1.04712
115	178	1.16886
116	27	0.927022
116	31	1.02964
116	35	0.976403
116	40	0.972368
116	64	1.05256
116	79	1.01236
116	82	0.912921
116	83	0.971971
116	89	0.964481
116	97	0.946498
116	98	0.943802
116	102	0.98825
116	106	0.957265
116	107	0.959584
116	113	0.923047
116	117	1.01102
116	147	1.07583
116	152	1.10991
116	155	1.00365
116	156	0.96031
116	161	0.976922
116	163	1.1333
116	166	1.33258
116	167	1.12403
116	174	0.940465
116	175	0.870127
116	177	1.25824
116	178	1.24726
116	179	1.31805
117	11	0.968793
117	14	1.01877
117	19	0.972596
117	28	0.925509
117	36	1.03561
117	48	0.968023
117	50	1.10347
117	55	1.03363
117	67	1.03818
117	70	0.99586
117	73	0.887855
117	78	1.06494
117	87	1.03597
117	104	1.03951
117	113	1.01936
117	114	0.989705
117	116	1.01102
117	121	1.03175
117	123	1.01195
117	127	0.969645
117	130	1.02843
117	144	1.03647
117	154	1.06919
117	160	0.912316
117	169	0.975179
117	171	0.927221
117	176	0.995204
117	177	0.941547
117	179	0.921848
117	180	0.949811
118	7	1.04814
118	53	0.990451
118	101	1.00613
118	103	0.972973
118	104	1.02202
118	108	0.968062
118	110	1.00631
118	119	1.01629
118	120	1.02013
118	121	1.01425
118	122	0.934718
118	123	0.994451
118	125	1.02829
118	126	1.00176
118	128	1.00415
118	129	1.03839
118	130	1.01094
118	132	0.972281
118	138	1.0219
118	144	1.01897
118	147	1.00907
118	157	0.953368
118	168	1.25568
118	172	1.04304
118	175	1.18744
118	176	1.05875
118	177	1.19148
118	178	0.929235
118	179	1.25129
118	180	0.932313
119	49	1.00681
119	88	1.02562
119	92	0.991723
119	101	1.00567
119	104	1.02156
119	108	0.967606
119	110	1.00586
119	118	1.01629
119	120	1.01968
119	121	1.0138
119	123	0.993995
119	125	1.02784
119	126	1.0013
119	127	0.951691
119	128	1.00369
119	129	1.03793
119	130	1.01048
119	132	1.00536
119	139	1.01078
119	141	1.06534
119	152	1.07623
119	161	1.02321
119	166	1.2989
119	167	1.09035
119	168	1.28877
119	172	1.07613
119	174	0.906784
119	176	1.09183
119	178	0.928779
119	180	0.931857
120	39	1.03028
120	90	0.995173
120	104	1.02541
120	107	0.964006
120	108	0.971453
120	110	1.0097
120	118	1.02013
120	119	1.01968
120	121	1.01765
120	122	0.938109
120	123	0.997843
120	125	1.03169
120	126	1.00515
120	127	0.955538
120	128	1.00754
120	129	1.04178
120	130	1.01433
120	133	1.06539
120	138	1.09309
120	144	1.02236
120	145	1.01617
120	150	1.03711
120	155	0.97948
120	157	1.02455
120	158	1.2206
120	171	1.3055
120	174	0.944887
120	175	1.25862
120	178	0.932627
120	180	0.935704
121	19	1.16584
121	39	1.0244
121	88	1.02359
121	101	1.00364
121	107	0.898021
121	108	0.965574
121	110	1.00383
121	117	1.03175
121	118	1.01425
121	119	1.0138
121	120	1.01765
121	123	0.991964
121	125	1.02581
121	126	0.999273
121	127	0.949659
121	128	1.00166
121	129	1.0359
121	132	0.977482
121	146	1.01402
121	149	1.03824
121	153	0.990456
121	159	1.05586
121	161	1.02118
121	166	1.27102
121	172	1.04824
121	175	1.19264
121	176	1.06395
121	177	1.19668
121	178	0.926748
121	180	0.929826
122	45	1.20123
122	56	1.13704
122	60	1.32108
122	81	1.12716
122	85	1.14915
122	95	0.958549
122	99	1.11123
122	100	0.926087
122	105	0.94044
122	106	1.24063
122	108	0.886037
122	109	0.944048
122	118	0.934718
122	120	0.938109
122	127	0.870122
122	128	0.922122
122	129	0.956364
122	131	1.26431
122	134	0.923083
122	142	0.842628
122	156	1.1644
122	160	0.940987
122	166	0.816534
122	170	1.01148
122	172	0.908798
122	173	0.84859
122	176	0.895681
122	177	0.842025
122	179	0.822326
122	180	0.850289
123	27	0.951475
123	88	1.00379
123	101	0.983835
123	108	0.945771
123	110	0.984022
123	117	1.01195
123	118	0.994451
123	119	0.993995
123	120	0.997843
123	121	0.991964
123	125	1.006
123	126	0.97947
123	127	0.929856
123	128	0.981856
123	129	1.0161
123	130	0.988644
123	132	1.05394
123	134	1.10857
123	136	1.08316
123	141	1.11391
123	143	1.08193
123	144	0.996681
123	150	1.04758
123	163	1.14819
123	172	1.1247
123	173	1.24385
123	174	0.955357
123	175	1.2691
123	177	1.27313
123	178	0.906944
123	180	0.910022
124	54	0.972529
124	60	1.24819
124	73	1.0375
124	83	1.16035
124	89	1.11128
124	93	1.02359
124	96	1.08282
124	127	1.19515
124	128	1.1174
124	135	0.934704
124	140	0.975726
124	141	0.962573
124	145	1.01881
124	146	0.988036
124	151	0.98755
124	154	1.01965
124	158	0.899087
124	160	1.06196
124	163	0.937828
124	164	0.941149
124	165	0.95971
124	166	0.863492
124	168	0.874523
124	169	0.922615
124	171	0.874657
124	172	0.955756
124	173	0.895547
124	176	0.942639
124	177	0.888983
124	179	0.869284
124	180	0.897246
125	27	0.985317
125	86	0.963899
125	88	1.03763
125	101	1.01768
125	104	1.03357
125	108	0.979613
125	110	1.01786
125	118	1.02829
125	119	1.02784
125	120	1.03169
125	121	1.02581
125	123	1.006
125	126	1.01331
125	127	0.963698
125	128	1.0157
125	129	1.04994
125	130	1.02249
125	133	1.01324
125	146	1.02786
125	151	0.993001
125	152	1.06219
125	155	0.927334
125	157	0.972408
125	158	1.16846
125	161	1.03522
125	163	1.08558
125	165	1.03795
125	166	1.28486
125	176	1.07779
125	178	0.940787
125	179	1.27033
125	180	0.943865
126	7	1.03316
126	88	1.01109
126	101	0.991144
126	104	1.00703
126	108	0.95308
126	110	0.991331
126	112	1.04838
126	118	1.00176
126	119	1.0013
126	120	1.00515
126	121	0.999273
126	123	0.97947
126	125	1.01331
126	127	0.937165
126	128	0.989165
126	129	1.02341
126	130	0.995953
126	144	1.00399
126	147	1.05836
126	149	1.08233
126	150	1.01522
126	155	0.957588
126	157	1.00266
126	159	1.09995
126	161	1.00868
126	165	1.0682
126	166	1.31511
126	172	1.09234
126	173	1.21149
126	175	1.23673
126	176	1.10805
126	178	0.914254
126	180	0.917331
127	7	0.983542
127	27	0.90917
127	39	0.962295
127	88	0.961481
127	92	1.05989
127	101	0.94153
127	103	1.07422
127	104	0.957421
127	108	0.903466
127	110	0.941717
127	117	0.969645
127	119	0.951691
127	120	0.955538
127	121	0.949659
127	122	0.870122
127	123	0.929856
127	124	1.19515
127	125	0.963698
127	126	0.937165
127	129	0.973793
127	130	0.946339
127	136	1.10276
127	137	1.13379
127	144	0.954376
127	149	1.13429
127	152	1.1444
127	161	0.95907
127	167	1.15852
127	169	1.21013
127	176	1.16
127	177	1.29273
127	178	0.864639
127	179	1.35254
128	39	1.01429
128	88	1.01348
128	101	0.99353
128	104	1.00942
128	108	0.955466
128	110	0.993717
128	118	1.00415
128	119	1.00369
128	120	1.00754
128	121	1.00166
128	122	0.922122
128	123	0.981856
128	124	1.1174
128	125	1.0157
128	126	0.989165
128	129	1.02579
128	130	0.998339
128	135	1.0941
128	137	1.05604
128	139	1.0012
128	142	1.18167
128	144	1.00638
128	149	1.05654
128	159	1.07416
128	161	1.01107
128	164	1.09528
128	166	1.28932
128	167	1.08077
128	168	1.27919
128	172	1.06654
128	174	0.897202
128	178	0.916639
128	180	0.919717
129	7	1.06978
129	39	1.04854
129	86	0.953048
129	88	1.04772
129	101	1.02777
129	108	0.989708
129	110	1.02796
129	112	1.00727
129	118	1.03839
129	119	1.03793
129	120	1.04178
129	121	1.0359
129	122	0.956364
129	123	1.0161
129	125	1.04994
129	126	1.02341
129	127	0.973793
129	128	1.02579
129	130	1.03258
129	135	1.07879
129	136	1.00969
129	137	1.04073
129	140	1.02279
129	144	1.04062
129	151	0.98215
129	155	0.916483
129	162	1.20323
129	163	1.07473
129	164	1.07996
129	167	1.06545
129	175	1.19563
129	176	1.06694
129	178	0.950881
129	180	0.953959
130	7	1.04233
130	39	1.02108
130	53	1.02336
130	86	0.977771
130	88	1.02027
130	92	0.991552
130	101	1.00032
130	104	1.01621
130	108	0.962255
130	110	1.00051
130	117	1.02843
130	118	1.01094
130	119	1.01048
130	120	1.01433
130	123	0.988644
130	125	1.02249
130	126	0.995953
130	127	0.946339
130	128	0.998339
130	129	1.03258
130	132	1.00519
130	135	1.10351
130	141	1.06517
130	144	1.01316
130	146	1.04173
130	147	1.04198
130	158	1.18233
130	161	1.01786
130	165	1.05182
130	169	1.14179
130	171	1.26723
130	173	1.19511
130	174	0.906613
130	178	0.923428
130	180	0.926506
131	14	0.890313
131	21	0.895624
131	30	0.907674
131	42	0.922979
131	47	0.994181
131	56	0.935992
131	71	0.998227
131	75	0.958305
131	77	0.87757
131	80	0.972853
131	84	0.919039
131	85	0.912623
131	93	0.972452
131	96	0.948175
131	99	0.981078
131	122	1.26431
131	135	1.16812
131	136	1.09902
131	137	1.13005
131	144	0.934845
131	146	1.10633
131	150	1.06344
131	152	1.14066
131	155	0.966267
131	156	0.922927
131	160	0.938884
131	161	1.09907
131	163	1.16405
131	167	0.892005
131	168	1.3532
131	170	0.993229
131	174	0.99309
131	175	1.28495
131	178	0.845108
131	179	1.34881
131	180	1.27184
132	55	0.929655
132	60	1.12657
132	74	0.999098
132	78	1.09296
132	91	0.943008
132	96	0.961197
132	98	1.05325
132	101	1.06477
132	111	1.04733
132	118	0.972281
132	119	1.00536
132	121	0.977482
132	123	1.05394
132	130	1.00519
132	137	0.983379
132	138	1.00605
132	140	1.01791
132	143	1.0285
132	145	1.061
132	150	1.03094
132	151	1.02973
132	153	1.0409
132	156	0.969883
132	157	1.06265
132	159	0.990737
132	164	0.983332
132	165	1.00189
132	166	0.905675
132	169	0.964798
132	170	0.816962
132	171	0.91684
132	172	0.997939
132	173	0.937731
132	174	1.08433
132	175	0.923987
132	176	0.984822
132	177	0.931166
132	179	0.911467
133	7	0.988226
133	28	0.975453
133	39	1.00913
133	71	0.846785
133	73	0.937799
133	81	0.954563
133	87	1.08591
133	88	1.03889
133	99	0.938633
133	108	1.14895
133	120	1.06539
133	125	1.01324
133	134	1.02952
133	135	0.994185
133	137	1.00068
133	138	1.02334
133	140	1.03521
133	141	1.02205
133	144	1.00146
133	146	1.04752
133	148	0.959341
133	151	1.04703
133	157	1.07994
133	159	1.00803
133	160	0.96226
133	162	0.953915
133	163	0.997309
133	164	1.00063
133	166	0.922973
133	168	0.934004
133	169	0.982096
133	171	0.934138
133	172	1.01524
133	173	0.955028
133	176	1.00212
