1	4	1.10511
1	19	1.02126
1	23	1.01612
1	37	1.10841
1	47	1.06595
1	70	0.898115
1	125	1.03707
1	140	1.10307
1	143	1.31793
1	150	1.40377
1	168	1.86589
1	174	0.95315
2	5	0.905357
2	14	0.845615
2	23	0.947182
2	37	1.03947
2	47	0.997009
2	105	0.926882
2	125	0.968128
2	140	1.03413
2	146	1.48107
2	174	0.884208
2	180	2.37567
3	31	1.03488
3	42	0.928084
3	54	1.06912
3	62	1.13327
3	63	1.04614
3	69	1.10487
3	76	1.10514
3	124	1.10971
3	127	1.12315
3	144	1.33004
3	161	1.93455
3	178	0.966798
4	1	1.10511
4	5	0.99314
4	19	1.0401
4	23	1.03496
4	47	1.08479
4	125	1.05591
4	140	1.12191
4	152	0.881286
4	153	2.38113
4	157	1.35785
4	158	0.909681
4	174	0.97199
5	2	0.905357
5	4	0.99314
5	19	0.90929
5	37	0.996444
5	47	0.953987
5	105	0.883859
5	125	0.925105
5	140	0.991106
5	158	1.53489
5	166	1.47549
5	174	0.841185
5	176	2.01359
6	42	0.912041
6	45	1.13464
6	54	1.05308
6	62	1.11723
6	63	1.0301
6	69	1.08883
6	76	1.08909
6	163	2.28836
6	168	0.98809
6	173	1.20607
6	174	1.07637
6	178	0.950755
7	31	1.03488
7	42	0.928084
7	54	1.06912
7	62	1.13327
7	63	1.04614
7	69	1.10487
7	76	1.10514
7	135	0.859953
7	138	0.918799
7	172	1.61976
7	178	0.966798
7	180	2.04532
8	17	1.10574
8	73	1.10682
8	74	1.09651
8	85	1.04785
8	95	1.09568
8	98	1.02589
8	103	1.0097
8	119	1.31854
8	130	0.571256
8	141	0.711045
8	170	2.98335
8	175	0.918828
9	10	1.10072
9	64	1.05377
9	72	0.751971
9	99	1.04207
9	108	1.06819
9	113	1.06759
9	117	1.04209
9	118	1.0812
9	154	0.964468
9	166	0.83193
9	167	1.51139
9	169	2.72225
10	9	1.10072
10	83	0.892279
10	86	1.01249
10	94	1.00094
10	108	1.01437
10	113	1.01376
10	117	0.988263
10	118	1.02737
10	129	1.03438
10	138	1.05681
10	154	0.91064
10	166	1.29045
10	175	2.49651
11	15	1.03544
11	18	0.992568
11	28	0.995324
11	29	0.964131
11	34	0.963727
11	38	1.07159
11	39	1.03346
11	131	0.661878
11	149	1.0745
11	164	1.49432
11	166	1.00306
11	167	1.56028
11	175	2.08688
12	60	0.685428
12	65	0.981665
12	78	1.0166
12	84	0.992385
12	88	1.07403
12	101	1.02138
12	104	1.01826
12	106	0.999515
12	107	0.999962
12	116	0.984167
12	143	0.623414
12	161	1.54504
12	170	3.21516
13	16	0.930218
13	48	0.934005
13	80	0.913638
13	81	0.91221
13	89	0.884021
13	96	0.874986
13	102	0.858571
13	112	0.964895
13	114	0.946088
13	121	1.55941
13	127	0.904903
13	134	1.45666
13	180	2.29224
14	2	0.845615
14	44	0.535954
14	86	0.662038
14	139	1.07636
14	149	0.443074
14	156	1.04963
14	159	1.0606
14	169	0.944955
14	171	0.994163
14	172	1.00452
14	177	0.983472
14	179	0.99849
14	180	0.974644
15	11	1.03544
15	18	1.0023
15	21	1.00526
15	29	0.973867
15	34	0.973463
15	39	1.04319
15	115	0.993964
15	139	1.24584
15	142	0.9577
15	149	1.08424
15	166	1.01279
15	174	1.44637
15	175	2.18798
16	13	0.930218
16	56	1.15663
16	80	1.02867
16	81	1.02724
16	89	0.999049
16	96	0.990015
16	102	0.9736
16	112	1.07992
16	114	1.06112
16	127	1.01993
16	131	1.27266
16	142	1.46738
16	151	1.79685
17	8	1.10574
17	33	1.08471
17	79	1.03473
17	85	1.00246
17	98	0.980496
17	103	0.964306
17	127	0.986172
17	130	1.05559
17	140	1.09011
17	148	0.954667
17	175	0.873436
17	177	2.02013
17	178	1.74477
18	11	0.992568
18	15	1.0023
18	21	0.962387
18	28	0.962189
18	29	0.930996
18	34	0.930591
18	38	1.03846
18	39	1.00032
18	139	1.03949
18	146	0.773862
18	149	1.04136
18	159	1.17768
18	166	0.969922
18	170	3.19553
19	1	1.02126
19	4	1.0401
19	5	0.90929
19	20	2.08023
19	23	0.951114
19	37	1.0434
19	47	1.00094
19	105	0.930815
19	125	0.972061
19	138	0.919125
19	140	1.03806
19	159	1.55487
19	160	1.57126
19	174	0.888141
20	19	2.08023
20	53	0.896948
20	85	1.60685
20	94	0.856859
20	117	0.844178
20	118	0.883287
20	132	0.897996
20	142	0.904674
20	154	0.766555
20	171	0.75193
20	172	0.762284
20	176	0.769452
20	177	0.741239
20	180	0.73241
21	15	1.00526
21	18	0.962387
21	28	0.965143
21	29	0.93395
21	34	0.933546
21	38	1.04141
21	39	1.00328
21	115	0.954047
21	126	1.23566
21	131	1.4864
21	132	1.50348
21	149	1.04432
21	158	1.76474
21	166	0.972876
22	33	1.0545
22	51	1.01029
22	61	1.09441
22	79	1.00452
22	85	0.972249
22	95	1.02007
22	98	0.950284
22	103	0.934094
22	130	1.28333
22	146	1.27375
22	148	0.924455
22	172	1.74279
22	175	0.843224
22	176	1.81357
23	1	1.01612
23	2	0.947182
23	4	1.03496
23	19	0.951114
23	37	1.03827
23	47	0.995811
23	105	0.925684
23	125	0.96693
23	140	1.03293
23	144	1.45507
23	148	1.62768
23	156	1.60731
23	158	1.36915
23	174	0.88301
24	42	0.845875
24	56	1.32165
24	63	0.963935
24	69	1.02266
24	75	1.028
24	76	1.02293
24	81	1.01177
24	89	0.983581
24	96	0.974547
24	112	1.06446
24	132	1.45476
24	147	1.47277
24	158	1.71602
24	178	0.88459
25	26	0.971113
25	30	0.947786
25	44	0.997164
25	55	0.979335
25	58	0.976925
25	87	0.965478
25	92	1.03308
25	100	0.99278
25	129	0.993003
25	145	0.896843
25	152	0.983958
25	164	1.75076
25	173	1.73141
25	179	1.73417
26	25	0.971113
26	40	0.929871
26	41	1.00517
26	58	0.983894
26	67	0.957016
26	87	0.972447
26	92	1.04005
26	100	0.999749
26	120	0.97438
26	131	0.944793
26	152	0.990927
26	154	1.75948
26	173	1.75788
26	174	1.62818
27	33	1.1655
27	61	1.20541
27	79	1.11552
27	85	1.08325
27	95	1.13107
27	98	1.06128
27	103	1.04509
27	119	1.81665
27	127	0.999943
27	139	1.32542
27	148	1.03545
27	150	0.975546
27	174	1.52595
27	175	0.954225
28	11	0.995324
28	18	0.962189
28	21	0.965143
28	29	0.933753
28	34	0.933348
28	38	1.04121
28	39	1.00308
28	115	0.953849
28	124	1.35485
28	133	1.53196
28	149	1.04412
28	150	1.3439
28	166	0.972679
28	172	1.89718
29	11	0.964131
29	15	0.973867
29	18	0.930996
29	21	0.93395
29	28	0.933753
29	34	0.902155
29	38	1.01002
29	39	0.971885
29	77	1.3928
29	115	0.922656
29	143	1.24184
29	149	1.01293
29	160	1.83214
29	166	0.941486
29	174	1.87808
30	25	0.947786
30	40	0.906543
30	58	0.960567
30	59	0.959358
30	67	0.933689
30	70	0.906912
30	71	0.992445
30	87	0.94912
30	100	0.976421
30	120	0.951053
30	129	0.976644
30	142	1.4743
30	151	1.80377
30	152	0.967599
30	162	2.21704
31	3	1.03488
31	7	1.03488
31	35	1.06119
31	42	0.784234
31	45	1.00683
31	54	0.925274
31	62	0.98942
31	63	0.902293
31	69	0.961023
31	76	0.961286
31	77	1.28263
31	147	1.11962
31	171	2.03626
31	178	0.822948
31	179	1.90038
32	65	1.01713
32	68	1.10473
32	82	1.05417
32	104	1.05373
32	106	1.03498
32	107	1.03543
32	109	1.03672
32	110	1.1017
32	116	1.01963
32	120	1.03734
32	150	0.868999
32	155	1.66327
32	156	1.25252
32	164	1.56845
32	173	1.5491
33	17	1.08471
33	22	1.0545
33	27	1.1655
33	49	0.741074
33	73	1.08579
33	74	1.07548
33	83	0.972433
33	95	1.07465
33	98	1.00486
33	103	0.988669
33	123	1.06745
33	130	1.37846
33	134	1.42791
33	165	2.32043
33	175	0.897799
34	11	0.963727
34	15	0.973463
34	18	0.930591
34	21	0.933546
34	28	0.933348
34	29	0.902155
34	38	1.00961
34	39	0.97148
34	46	1.33858
34	115	0.922251
34	141	1.42418
34	148	1.59447
34	149	1.01252
34	166	0.941081
34	178	1.97357
35	31	1.06119
35	42	0.954392
35	45	1.17699
35	54	1.09543
35	62	1.15958
35	63	1.07245
35	69	1.13118
35	76	1.13144
35	128	0.935723
35	145	0.849315
35	157	1.5973
35	160	1.50824
35	178	0.993106
35	179	1.68664
36	68	1.09148
36	78	1.03881
36	88	1.09624
36	101	1.04359
36	104	1.04047
36	106	1.02172
36	107	1.02217
36	109	1.02346
36	110	1.08845
36	116	1.00638
36	126	0.673947
36	164	1.42652
36	165	1.76286
36	177	1.78543
36	178	1.51006
37	1	1.10841
37	2	1.03947
37	5	0.996444
37	19	1.0434
37	23	1.03827
37	47	1.0881
37	105	1.01797
37	124	1.03642
37	125	1.05922
37	130	1.11928
37	140	1.12522
37	143	0.939631
37	164	1.72492
37	165	2.06125
37	174	0.975295
38	11	1.07159
38	18	1.03846
38	21	1.04141
38	28	1.04121
38	29	1.01002
38	34	1.00961
38	39	1.07934
38	79	0.0329631
38	115	1.03012
38	144	1.35732
38	148	1.52993
38	149	1.12039
38	166	1.04895
38	176	1.75009
38	179	1.8089
39	11	1.03346
39	15	1.04319
39	18	1.00032
39	21	1.00328
39	28	1.00308
39	29	0.971885
39	34	0.97148
39	38	1.07934
39	115	0.991981
39	121	0.923516
39	149	1.08225
39	166	1.01081
39	171	1.49625
39	177	1.73585
39	179	1.36036
39	180	1.65634
40	26	0.929871
40	30	0.906543
40	55	0.938092
40	58	0.935682
40	59	0.934474
40	67	0.908805
40	71	0.967561
40	87	0.924236
40	97	1.0943
40	100	0.951537
40	120	0.926169
40	129	0.95176
40	152	0.942715
40	162	1.84139
40	165	2.0727
40	173	1.71701
41	26	1.00517
41	44	1.03122
41	58	1.01099
41	67	0.984107
41	71	1.04286
41	87	0.999539
41	92	1.06714
41	100	1.02684
41	120	1.00147
41	124	0.907066
41	129	1.02706
41	152	1.01802
41	153	2.51292
41	159	1.38418
41	166	0.982069
41	174	1.44652
42	3	0.928084
42	6	0.912041
42	7	0.928084
42	24	0.845875
42	31	0.784234
42	35	0.954392
42	45	0.900035
42	54	0.818479
42	62	0.882625
42	63	0.795499
42	69	0.854228
42	76	0.854491
42	115	1.93771
42	147	1.73856
42	154	2.51817
42	178	0.716154
43	65	0.999637
43	66	0.929492
43	70	0.760637
43	78	1.03457
43	84	1.01036
43	101	1.03935
43	104	1.03624
43	106	1.01749
43	107	1.01793
43	109	1.01923
43	110	1.08421
43	116	1.00214
43	128	1.19823
43	136	1.72869
43	155	2.06055
43	158	1.41164
44	14	0.535954
44	25	0.997164
44	41	1.03122
44	55	1.01235
44	59	1.00874
44	67	0.983066
44	71	1.04182
44	87	0.998497
44	92	1.0661
44	100	1.0258
44	129	1.02602
44	135	0.880636
44	152	1.01698
44	156	1.47068
44	161	1.92296
44	162	1.89164
45	6	1.13464
45	31	1.00683
45	35	1.17699
45	42	0.900035
45	54	1.04108
45	62	1.10522
45	63	1.01809
45	69	1.07682
45	76	1.07709
45	97	1.32281
45	122	1.65544
45	126	0.881696
45	148	1.6693
45	150	1.26541
45	178	0.93875
46	34	1.33858
46	62	1.17167
46	120	1.37218
46	122	0.908475
46	131	0.984262
46	150	1.01392
46	158	0.912081
46	165	0.819007
46	167	0.841032
46	169	0.772274
46	173	0.833492
46	176	0.839004
46	177	0.810791
46	178	0.826348
46	179	0.825808
46	180	0.801962
47	1	1.06595
47	2	0.997009
47	4	1.08479
47	5	0.953987
47	19	1.00094
47	23	0.995811
47	37	1.0881
47	105	0.975512
47	125	1.01676
47	133	1.20267
47	140	1.08276
47	152	1.13157
47	157	1.60814
47	159	1.50267
47	167	1.78003
47	174	0.932837
48	13	0.934005
48	50	1.04338
48	52	1.01069
48	81	1.03103
48	89	1.00284
48	91	1.08392
48	96	0.993802
48	102	0.977387
48	112	1.08371
48	114	1.0649
48	131	1.09874
48	133	1.00027
48	143	1.1459
48	147	1.13383
48	168	1.69386
48	171	2.05048
49	33	0.741074
49	67	0.513582
49	96	0.352767
49	109	0.770399
49	110	0.503362
49	153	0.995818
49	155	1.0439
49	167	1.03337
49	168	1.05481
49	170	0.950149
49	172	1.02417
49	173	1.02583
49	176	1.03134
49	177	1.00313
49	179	1.01814
49	180	0.994297
50	48	1.04338
50	52	1.00125
50	75	1.03781
50	80	1.02301
50	89	0.993394
50	91	1.07448
50	102	0.967945
50	105	0.969661
50	112	1.07427
50	114	1.05546
50	133	0.990831
50	141	1.11403
50	143	0.794591
50	166	0.96638
50	169	2.8567
50	172	1.43371
51	22	1.01029
51	73	1.04158
51	74	1.03127
51	79	1.01489
51	85	0.982614
51	95	1.03044
51	98	0.960649
51	103	0.944459
51	123	1.02324
51	140	1.07027
51	148	0.93482
51	157	1.46497
51	168	1.33357
51	173	1.55154
51	175	0.853589
51	176	1.4955
51	178	1.65443
52	48	1.01069
52	50	1.00125
52	75	1.00512
52	80	0.990321
52	81	0.988893
52	91	1.04179
52	102	0.935254
52	105	0.93697
52	112	1.04158
52	114	1.02277
52	122	1.47568
52	127	0.981585
52	133	0.95814
52	144	1.31693
52	158	1.23101
52	159	1.57372
52	162	1.89013
53	20	0.896948
53	64	0.994078
53	86	1.00663
53	90	1.00718
53	99	0.982385
53	108	1.00851
53	113	1.0079
53	117	0.982402
53	118	1.02151
53	129	1.02852
53	132	1.06455
53	137	1.28231
53	145	1.02599
53	149	1.07923
53	154	0.904779
53	173	1.86056
53	177	2.23881
54	3	1.06912
54	6	1.05308
54	7	1.06912
54	31	0.925274
54	35	1.09543
54	42	0.818479
54	45	1.04108
54	60	0.77857
54	62	1.02367
54	63	0.936539
54	69	0.995269
54	76	0.995531
54	136	1.60681
54	150	1.14441
54	167	1.90983
54	171	1.96316
54	178	0.857194
55	25	0.979335
55	40	0.938092
55	44	1.01235
55	58	0.992115
55	59	0.990907
55	67	0.965237
55	87	0.980669
55	92	1.04827
55	100	1.00797
55	120	0.982602
55	129	1.00819
55	134	1.16335
55	144	1.25136
55	150	1.02008
55	152	0.999148
55	153	2.63689
55	156	1.4036
56	16	1.15663
56	24	1.32165
56	81	1.11893
56	140	0.620074
56	153	0.897947
56	160	0.950897
56	161	0.933354
56	164	0.938333
56	169	0.866738
56	170	0.852279
56	172	0.9263
56	173	0.927957
56	176	0.933468
56	177	0.905255
56	178	0.920812
56	179	0.920273
56	180	0.896427
57	64	0.983655
57	86	0.996209
57	90	0.996756
57	94	0.984659
57	108	0.998082
57	111	0.925152
57	113	0.997478
57	117	0.971978
57	118	1.01109
57	123	1.02007
57	125	1.0011
57	141	1.21163
57	149	1.06881
57	154	0.894355
57	160	1.48249
57	161	1.81383
57	165	2.01382
58	25	0.976925
58	26	0.983894
58	30	0.960567
58	40	0.935682
58	41	1.01099
58	55	0.992115
58	59	0.988497
58	71	1.02158
58	87	0.978259
58	92	1.04586
58	100	1.00556
58	135	0.915891
58	136	1.58482
58	146	1.20666
58	152	0.996738
58	164	1.82187
58	171	1.94117
59	30	0.959358
59	40	0.934474
59	44	1.00874
59	55	0.990907
59	58	0.988497
59	67	0.961619
59	71	1.02038
59	83	1.17591
59	87	0.97705
59	92	1.04465
59	100	1.00435
59	126	1.10441
59	129	1.00457
59	135	1.2816
59	145	1.33366
59	152	0.995529
59	180	2.46697
60	12	0.685428
60	54	0.77857
60	68	0.876772
60	116	0.726469
60	132	1.12544
60	149	0.628439
60	153	0.961371
60	165	0.976895
60	167	0.99892
60	168	1.02036
60	170	0.915702
60	171	0.97937
60	172	0.989723
60	176	0.996892
60	177	0.968678
60	179	0.983696
60	180	0.95985
61	22	1.09441
61	27	1.20541
61	74	1.11539
61	85	1.06674
61	95	1.11456
61	97	1.09626
61	98	1.04477
61	103	1.02858
61	123	1.10736
61	127	1.06326
61	134	1.18213
61	140	1.15439
61	148	1.01894
61	161	1.87466
61	166	1.12482
61	172	1.59214
61	175	0.937713
62	3	1.13327
62	6	1.11723
62	7	1.13327
62	31	0.98942
62	35	1.15958
62	42	0.882625
62	45	1.10522
62	46	1.17167
62	54	1.02367
62	63	1.00068
62	69	1.05941
62	76	1.05968
62	111	0.970782
62	133	1.21172
62	137	1.12552
62	148	1.42755
62	155	1.81793
62	178	0.921339
63	3	1.04614
63	6	1.0301
63	7	1.04614
63	24	0.963935
63	31	0.902293
63	35	1.07245
63	42	0.795499
63	45	1.01809
63	54	0.936539
63	62	1.00068
63	69	0.972288
63	76	0.97255
63	142	0.791112
63	155	1.52364
63	162	1.53385
63	163	2.49177
63	167	1.49479
63	178	0.834213
64	9	1.05377
64	53	0.994078
64	57	0.983655
64	72	0.902901
64	86	0.965538
64	90	0.966085
64	94	0.953988
64	99	0.941291
64	108	0.967412
64	113	0.966807
64	117	0.941308
64	118	0.980417
64	149	1.03814
64	154	0.863685
64	160	1.73884
64	166	1.32033
64	167	1.99979
64	174	1.78478
65	12	0.981665
65	32	1.01713
65	43	0.999637
65	66	0.860112
65	78	0.96519
65	88	1.02262
65	101	0.969971
65	104	0.966856
65	106	0.948108
65	107	0.948555
65	109	0.949848
65	110	1.01483
65	116	0.93276
65	124	1.38896
65	130	1.47182
65	139	1.72788
65	151	1.76921
65	166	1.46396
66	43	0.929492
66	65	0.860112
66	68	0.947714
66	78	0.895045
66	84	0.870833
66	88	0.952477
66	101	0.899825
66	104	0.896711
66	106	0.877963
66	107	0.878409
66	109	0.879702
66	110	0.944686
66	116	0.862614
66	120	0.880322
66	128	1.67735
66	131	1.61242
66	143	1.65957
66	172	2.29869
67	26	0.957016
67	30	0.933689
67	40	0.908805
67	41	0.984107
67	44	0.983066
67	49	0.513582
67	55	0.965237
67	59	0.961619
67	71	0.994706
67	87	0.951381
67	92	1.01898
67	100	0.978682
67	129	0.978905
67	137	1.15901
67	152	0.96986
67	178	1.84014
67	179	1.74001
67	180	2.036
68	32	1.10473
68	36	1.09148
68	60	0.876772
68	66	0.947714
68	72	0.91114
68	82	1.0549
68	84	1.02858
68	101	1.05757
68	104	1.05446
68	106	1.03571
68	107	1.03616
68	109	1.03745
68	110	1.10243
68	116	1.02036
68	133	1.43068
68	135	1.03609
68	141	1.47622
68	167	2.00803
69	3	1.10487
69	6	1.08883
69	7	1.10487
69	24	1.02266
69	31	0.961023
69	35	1.13118
69	42	0.854228
69	45	1.07682
69	54	0.995269
69	62	1.05941
69	63	0.972288
69	72	0.874835
69	76	1.03128
69	137	1.30817
69	147	1.10841
69	152	1.32327
69	162	2.01079
69	173	1.88641
69	178	0.892943
70	1	0.898115
70	30	0.906912
70	43	0.760637
70	88	0.193876
70	89	0.971182
70	110	0.541282
70	130	1.12414
70	142	1.13897
70	158	1.07683
70	159	1.05267
70	167	1.00578
70	170	0.922558
70	171	0.986226
70	172	0.996579
70	173	0.998236
70	174	1.02368
70	176	1.00375
70	179	0.990552
70	180	0.966706
71	30	0.992445
71	40	0.967561
71	41	1.04286
71	44	1.04182
71	58	1.02158
71	59	1.02038
71	67	0.994706
71	87	1.01014
71	92	1.07774
71	100	1.03744
71	120	1.01207
71	126	0.754667
71	129	1.03766
71	132	1.02248
71	135	0.931859
71	144	1.36966
71	152	1.02862
71	175	2.4304
71	178	1.92137
72	9	0.751971
72	64	0.902901
72	68	0.91114
72	69	0.874835
72	85	0.261947
72	104	1.033
72	133	1.09176
72	156	1.04593
72	157	1.03627
72	158	1.08107
72	160	1.02542
72	161	1.00787
72	162	1.00617
72	164	1.01285
72	165	0.987991
72	173	1.00248
72	176	1.00799
72	179	0.994792
72	180	0.970946
73	8	1.10682
73	33	1.08579
73	51	1.04158
73	74	1.0522
73	79	1.03581
73	85	1.00354
73	95	1.05136
73	98	0.981576
73	103	0.965386
73	123	1.04416
73	140	1.09119
73	145	0.64255
73	148	0.955747
73	152	0.913975
73	159	1.28508
73	163	2.55941
73	175	0.874516
73	176	1.42107
73	180	1.77586
74	8	1.09651
74	33	1.07548
74	51	1.03127
74	61	1.11539
74	73	1.0522
74	79	1.0255
74	83	0.860604
74	95	1.04105
74	98	0.971265
74	103	0.955076
74	115	1.27406
74	123	1.03385
74	126	0.789099
74	140	1.08088
74	148	0.945436
74	155	1.96708
74	173	1.85292
74	174	1.72322
74	175	0.864206
75	24	1.028
75	50	1.03781
75	52	1.00512
75	80	1.02688
75	81	1.02546
75	89	0.997267
75	91	1.07835
75	96	0.988232
75	102	0.971817
75	112	1.07814
75	114	1.05933
75	121	1.27884
75	127	1.01815
75	133	0.994703
75	144	1.2641
75	150	1.03282
75	167	1.79824
75	168	1.49495
75	173	1.71293
76	3	1.10514
76	6	1.08909
76	7	1.10514
76	24	1.02293
76	31	0.961286
76	35	1.13144
76	42	0.854491
76	45	1.07709
76	54	0.995531
76	62	1.05968
76	63	0.97255
76	69	1.03128
76	133	0.81515
76	146	0.711331
76	158	0.772446
76	170	3.133
76	175	1.9191
76	176	1.25114
76	178	0.893205
77	29	1.3928
77	31	1.28263
77	80	0.926549
77	81	0.925121
77	83	0.994474
77	84	1.11426
77	91	0.978013
77	96	0.887897
77	102	0.871482
77	112	0.977806
77	114	0.958998
77	120	1.2893
77	134	0.910211
77	159	0.859514
77	163	0.756721
77	171	0.793073
77	176	0.810595
77	177	0.782382
77	179	0.7974
77	180	0.773554
78	12	1.0166
78	36	1.03881
78	43	1.03457
78	65	0.96519
78	66	0.895045
78	84	0.97591
78	88	1.05755
78	101	1.0049
78	104	1.00179
78	106	0.98304
78	107	0.983487
78	109	0.98478
78	110	1.04976
78	116	0.967692
78	128	0.80624
78	138	0.726616
78	139	1.22417
78	168	1.33642
78	169	2.85057
78	177	1.93265
79	17	1.03473
79	22	1.00452
79	27	1.11552
79	38	0.0329631
79	51	1.01489
79	73	1.03581
79	74	1.0255
79	85	0.976845
79	95	1.02467
79	98	0.95488
79	103	0.938691
79	111	1.56954
79	123	1.01747
79	127	1.64681
79	138	1.47474
79	140	1.0645
79	143	1.53658
79	148	0.929051
79	175	0.847821
79	176	2.24647
80	13	0.913638
80	16	1.02867
80	50	1.02301
80	52	0.990321
80	75	1.02688
80	77	0.926549
80	81	1.01066
80	89	0.982469
80	91	1.06355
80	96	0.973434
80	102	0.95702
80	112	1.06334
80	114	1.04454
80	127	1.00335
80	135	0.886606
80	146	1.17737
80	147	0.995233
80	160	1.59759
80	164	1.79258
80	175	2.38515
81	13	0.91221
81	16	1.02724
81	24	1.01177
81	48	1.03103
81	52	0.988893
81	56	1.11893
81	75	1.02546
81	77	0.925121
81	80	1.01066
81	89	0.981041
81	91	1.06212
81	93	1.16407
81	96	0.972007
81	102	0.955592
81	112	1.06192
81	114	1.04311
81	115	1.46919
81	126	0.984225
81	152	1.4849
81	154	2.04965
82	32	1.05417
82	68	1.0549
82	84	0.978021
82	86	0.991218
82	99	0.966971
82	101	1.00701
82	108	0.993091
82	109	0.986891
82	110	1.05187
82	116	0.969802
82	117	0.966987
82	118	1.0061
82	124	0.895533
82	137	0.986438
82	149	1.06382
82	150	0.884581
82	154	0.889364
82	163	2.64698
82	164	1.58403
82	165	1.92037
83	10	0.892279
83	33	0.972433
83	59	1.17591
83	74	0.860604
83	77	0.994474
83	84	0.73693
83	112	0.737951
83	139	1.02873
83	144	1.07431
83	145	1.14623
83	159	1.01298
83	163	0.910184
83	168	0.987529
83	169	0.897328
83	171	0.946536
83	172	0.95689
83	176	0.964058
83	177	0.935845
83	178	0.951402
83	179	0.950862
83	180	0.927017
84	12	0.992385
84	43	1.01036
84	66	0.870833
84	68	1.02858
84	77	1.11426
84	78	0.97591
84	82	0.978021
84	83	0.73693
84	88	1.03334
84	101	0.980691
84	104	0.977577
84	106	0.958828
84	107	0.959275
84	109	0.960568
84	110	1.02555
84	116	0.94348
84	120	0.961188
84	138	0.901462
84	151	1.44035
84	157	1.64267
84	175	2.34116
85	8	1.04785
85	17	1.00246
85	20	1.60685
85	22	0.972249
85	27	1.08325
85	51	0.982614
85	61	1.06674
85	72	0.261947
85	73	1.00354
85	79	0.976845
85	95	0.992396
85	98	0.922608
85	103	0.906418
85	119	1.43452
85	123	0.985195
85	140	1.03223
85	148	0.896779
85	162	1.3979
85	163	2.35582
85	175	0.815549
85	176	1.21748
86	10	1.01249
86	14	0.662038
86	53	1.00663
86	57	0.996209
86	64	0.965538
86	82	0.991218
86	90	0.978639
86	94	0.966543
86	99	0.953845
86	108	0.979966
86	113	0.979361
86	117	0.953862
86	118	0.992971
86	121	1.45926
86	129	0.999977
86	149	1.05069
86	152	1.33021
86	154	0.876239
86	157	1.80677
86	168	1.67537
86	172	1.76653
87	25	0.965478
87	26	0.972447
87	30	0.94912
87	40	0.924236
87	41	0.999539
87	44	0.998497
87	55	0.980669
87	58	0.978259
87	59	0.97705
87	67	0.951381
87	71	1.01014
87	92	1.03441
87	100	0.994114
87	120	0.968745
87	122	1.25042
87	137	0.962248
87	150	0.860391
87	152	0.985291
87	155	1.65466
87	167	1.62581
87	169	2.83667
88	12	1.07403
88	36	1.09624
88	65	1.02262
88	66	0.952477
88	70	0.193876
88	78	1.05755
88	84	1.03334
88	101	1.06234
88	104	1.05922
88	106	1.04047
88	107	1.04092
88	109	1.04221
88	110	1.1072
88	116	1.02512
88	120	1.04283
88	121	0.945546
88	128	0.631471
88	161	1.53532
88	165	1.73531
88	167	1.46494
88	169	2.6758
89	13	0.884021
89	16	0.999049
89	24	0.983581
89	48	1.00284
89	50	0.993394
89	70	0.971182
89	75	0.997267
89	80	0.982469
89	81	0.981041
89	91	1.03393
89	96	0.943817
89	102	0.927402
89	112	1.03373
89	114	1.01492
89	127	0.973733
89	133	0.950288
89	135	1.27031
89	141	1.71044
89	142	1.53857
89	145	1.32237
89	156	1.86035
90	53	1.00718
90	57	0.996756
90	64	0.966085
90	86	0.978639
90	94	0.967089
90	99	0.954392
90	108	0.980512
90	113	0.979908
90	117	0.954408
90	118	0.993518
90	123	1.0025
90	125	0.983531
90	129	1.00052
90	142	1.08423
90	149	1.05124
90	151	1.41369
90	154	0.876785
90	160	1.52695
90	164	1.72194
90	171	1.84124
90	174	1.5729
91	48	1.08392
91	50	1.07448
91	52	1.04179
91	75	1.07835
91	77	0.978013
91	80	1.06355
91	81	1.06212
91	89	1.03393
91	96	1.0249
91	102	1.00848
91	105	1.0102
91	112	1.11481
91	114	1.096
91	119	1.82254
91	128	0.913377
91	133	1.03137
91	145	0.826969
91	157	1.57496
91	158	1.12679
91	167	1.74685
91	179	1.66429
92	25	1.03308
92	26	1.04005
92	41	1.06714
92	44	1.0661
92	55	1.04827
92	58	1.04586
92	59	1.04465
92	67	1.01898
92	71	1.07774
92	87	1.03441
92	100	1.06171
92	120	1.03634
92	129	1.06194
92	146	0.923344
92	148	1.24299
92	151	1.23031
92	152	1.05289
92	156	1.22262
92	165	1.87489
92	168	1.30123
92	180	1.81795
93	81	1.16407
93	118	1.04386
93	123	0.792401
93	136	0.958457
93	140	0.665216
93	146	1.06473
93	149	0.79041
93	161	0.917895
93	162	0.916196
93	163	0.864135
93	164	0.922874
93	167	0.920038
93	168	0.941481
93	169	0.85128
93	171	0.900488
93	172	0.910841
93	173	0.912498
93	176	0.91801
93	177	0.889797
93	179	0.904814
93	180	0.880968
94	10	1.00094
94	20	0.856859
94	57	0.984659
94	64	0.953988
94	86	0.966543
94	90	0.967089
94	99	0.942296
94	108	0.968416
94	113	0.967812
94	115	0.853222
94	117	0.942312
94	118	0.981422
94	123	0.990405
94	125	0.971435
94	129	0.988427
94	142	0.813711
94	148	1.15587
94	149	1.03914
94	154	0.864689
94	170	3.25788
94	171	1.57072
94	177	1.81033
95	8	1.09568
95	22	1.02007
95	27	1.13107
95	33	1.07465
95	51	1.03044
95	61	1.11456
95	73	1.05136
95	74	1.04105
95	79	1.02467
95	85	0.992396
95	98	0.970431
95	103	0.954242
95	121	1.25881
95	136	1.47519
95	137	1.11465
95	139	1.36266
95	140	1.08005
95	148	0.944602
95	158	1.15815
95	160	1.51725
95	175	0.863372
95	177	2.07115
96	13	0.874986
96	16	0.990015
96	24	0.974547
96	48	0.993802
96	49	0.352767
96	75	0.988232
96	77	0.887897
96	80	0.973434
96	81	0.972007
96	89	0.943817
96	91	1.0249
96	102	0.918368
96	105	0.920084
96	112	1.02469
96	114	1.00588
96	127	0.964699
96	133	0.941254
96	154	1.57804
96	162	1.70082
96	176	1.52039
96	177	1.9547
96	180	1.87518
97	40	1.0943
97	45	1.32281
97	61	1.09626
97	105	1.01509
97	115	0.966056
97	129	1.12538
97	135	1.07471
97	139	0.949444
97	145	1.06694
97	154	0.881873
97	159	0.933689
97	162	0.882957
97	167	0.886798
97	169	0.81804
97	170	0.80358
97	171	0.867248
97	173	0.879258
97	174	0.904698
97	176	0.88477
97	177	0.856557
97	179	0.871574
97	180	0.847728
98	8	1.02589
98	17	0.980496
98	22	0.950284
98	27	1.06128
98	33	1.00486
98	51	0.960649
98	61	1.04477
98	73	0.981576
98	74	0.971265
98	79	0.95488
98	85	0.922608
98	95	0.970431
98	103	0.884453
98	130	1.21586
98	136	1.58445
98	140	1.01026
98	145	0.967582
98	148	0.874814
98	160	1.6265
98	163	2.88444
98	166	1.208
98	175	0.793584
99	9	1.04207
99	53	0.982385
99	64	0.941291
99	82	0.966971
99	86	0.953845
99	90	0.954392
99	94	0.942296
99	108	0.955719
99	113	0.955114
99	117	0.929615
99	118	0.968724
99	123	0.977707
99	125	0.958737
99	128	1.34253
99	129	0.97573
99	130	1.5044
99	145	1.25613
99	147	1.31269
99	149	1.02645
99	154	0.851992
99	156	1.79411
99	171	2.22934
100	25	0.99278
100	26	0.999749
100	30	0.976421
100	40	0.951537
100	41	1.02684
100	44	1.0258
100	55	1.00797
100	58	1.00556
100	59	1.00435
100	67	0.978682
100	71	1.03744
100	87	0.994114
100	92	1.06171
100	115	0.997925
100	120	0.996047
100	129	1.02164
100	132	0.780774
100	144	1.12796
100	152	1.01259
100	153	2.51349
100	159	1.38474
100	162	1.70115
100	171	1.71543
101	12	1.02138
101	36	1.04359
101	43	1.03935
101	65	0.969971
101	66	0.899825
101	68	1.05757
101	78	1.0049
101	82	1.00701
101	84	0.980691
101	88	1.06234
101	106	0.987821
101	107	0.988268
101	109	0.989561
101	110	1.05454
101	116	0.972473
101	120	0.990181
101	126	0.964606
101	138	1.20064
101	147	1.25043
101	148	1.75221
101	152	1.46529
101	166	1.43428
101	173	2.02842
102	13	0.858571
102	16	0.9736
102	48	0.977387
102	50	0.967945
102	52	0.935254
102	75	0.971817
102	77	0.871482
102	80	0.95702
102	81	0.955592
102	89	0.927402
102	91	1.00848
102	96	0.918368
102	105	0.903669
102	112	1.00828
102	114	0.989469
102	127	0.948284
102	133	0.924839
102	134	1.15408
102	137	1.11267
102	146	1.09506
102	161	1.84661
102	162	1.81529
102	163	2.77321
103	8	1.0097
103	17	0.964306
103	22	0.934094
103	27	1.04509
103	33	0.988669
103	51	0.944459
103	61	1.02858
103	73	0.965386
103	74	0.955076
103	79	0.938691
103	85	0.906418
103	95	0.954242
103	98	0.884453
103	123	0.94704
103	127	1.22699
103	128	1.13454
103	140	0.99407
103	148	0.858624
103	151	1.5938
103	165	2.23838
103	168	1.66472
103	175	0.777394
103	179	1.88545
104	12	1.01826
104	32	1.05373
104	36	1.04047
104	43	1.03624
104	65	0.966856
104	66	0.896711
104	68	1.05446
104	72	1.033
104	78	1.00179
104	84	0.977577
104	88	1.05922
104	106	0.984707
104	107	0.985154
104	109	0.986447
104	110	1.05143
104	116	0.969358
104	120	0.987067
104	132	1.24857
104	135	1.15795
104	143	1.27864
104	145	1.21001
104	159	1.85254
104	172	1.91775
105	2	0.926882
105	5	0.883859
105	19	0.930815
105	23	0.925684
105	37	1.01797
105	47	0.975512
105	50	0.969661
105	52	0.93697
105	91	1.0102
105	96	0.920084
105	97	1.01509
105	102	0.903669
105	114	0.991185
105	125	0.946631
105	127	0.95
105	133	0.926555
105	140	1.01263
105	154	1.6394
105	155	1.75196
105	168	1.41982
105	172	1.51098
105	174	0.86271
105	180	1.93654
106	12	0.999515
106	32	1.03498
106	36	1.02172
106	43	1.01749
106	65	0.948108
106	66	0.877963
106	68	1.03571
106	78	0.98304
106	84	0.958828
106	88	1.04047
106	101	0.987821
106	104	0.984707
106	107	0.966405
106	109	0.967698
106	110	1.03268
106	116	0.95061
106	120	0.968318
106	127	1.21531
106	133	1.37897
106	134	1.33418
106	150	1.19091
106	154	1.87261
106	168	1.65303
106	179	1.87377
107	12	0.999962
107	32	1.03543
107	36	1.02217
107	43	1.01793
107	65	0.948555
107	66	0.878409
107	68	1.03616
107	78	0.983487
107	84	0.959275
107	88	1.04092
107	101	0.988268
107	104	0.985154
107	106	0.966405
107	109	0.968145
107	110	1.03313
107	116	0.951057
107	120	0.968765
107	122	1.45141
107	124	1.07233
107	159	1.54944
107	166	1.14733
107	173	1.74148
107	178	1.84437
107	179	1.74424
108	9	1.06819
108	10	1.01437
108	53	1.00851
108	57	0.998082
108	64	0.967412
108	82	0.993091
108	86	0.979966
108	90	0.980512
108	94	0.968416
108	99	0.955719
108	113	0.981235
108	117	0.955735
108	118	0.994845
108	122	1.32879
108	123	1.00383
108	125	0.984858
108	133	1.12682
108	149	1.05257
108	152	1.05572
108	153	2.55557
108	154	0.878112
108	158	1.08411
108	161	1.77455
108	179	1.62162
109	32	1.03672
109	36	1.02346
109	43	1.01923
109	49	0.770399
109	65	0.949848
109	66	0.879702
109	68	1.03745
109	78	0.98478
109	82	0.986891
109	84	0.960568
109	88	1.04221
109	101	0.989561
109	104	0.986447
109	106	0.967698
109	107	0.968145
109	110	1.03442
109	116	0.95235
109	120	0.970058
109	127	1.33837
109	133	1.50203
109	139	1.66384
109	158	1.45933
109	166	1.39993
109	176	1.93803
110	32	1.1017
110	36	1.08845
110	43	1.08421
110	49	0.503362
110	65	1.01483
110	66	0.944686
110	68	1.10243
110	70	0.541282
110	78	1.04976
110	82	1.05187
110	84	1.02555
110	88	1.1072
110	101	1.05454
110	104	1.05143
110	106	1.03268
110	107	1.03313
110	109	1.03442
110	111	0.994055
110	116	1.01733
110	134	1.1902
110	142	1.10867
110	177	2.10529
110	178	1.82992
110	179	1.72979
111	57	0.925152
111	62	0.970782
111	79	1.56954
111	110	0.994055
111	112	0.997285
111	136	0.976884
111	140	0.81621
111	147	1.06863
111	157	0.964719
111	160	0.953865
111	161	0.936322
111	162	0.934623
111	163	0.882562
111	165	0.91644
111	167	0.938464
111	168	0.959907
111	169	0.869706
111	170	0.855247
111	171	0.918914
111	172	0.929268
111	173	0.930925
111	177	0.908223
111	179	0.923241
111	180	0.899395
112	13	0.964895
112	16	1.07992
112	24	1.06446
112	48	1.08371
112	50	1.07427
112	52	1.04158
112	75	1.07814
112	77	0.977806
112	80	1.06334
112	81	1.06192
112	83	0.737951
112	89	1.03373
112	91	1.11481
112	96	1.02469
112	102	1.00828
112	111	0.997285
112	114	1.09579
112	131	0.917176
112	133	1.03116
112	141	1.28377
112	152	1.16712
112	154	1.73186
112	172	1.60344
112	174	1.60057
113	9	1.06759
113	10	1.01376
113	53	1.0079
113	57	0.997478
113	64	0.966807
113	86	0.979361
113	90	0.979908
113	94	0.967812
113	99	0.955114
113	108	0.981235
113	117	0.955131
113	118	0.994241
113	123	1.00322
113	125	0.984253
113	129	1.00125
113	141	0.84278
113	149	1.05196
113	150	0.609176
113	152	0.726138
113	154	0.877508
113	168	1.0713
113	169	2.58545
113	170	3.11509
113	177	1.66753
114	13	0.946088
114	16	1.06112
114	48	1.0649
114	50	1.05546
114	52	1.02277
114	75	1.05933
114	77	0.958998
114	80	1.04454
114	81	1.04311
114	89	1.01492
114	91	1.096
114	96	1.00588
114	102	0.989469
114	105	0.991185
114	112	1.09579
114	115	0.96789
114	119	1.70775
114	127	1.0358
114	133	1.01236
114	136	1.32905
114	155	1.66091
114	159	1.35471
114	172	1.41992
114	174	1.41705
114	176	1.4907
115	15	0.993964
115	21	0.954047
115	28	0.953849
115	29	0.922656
115	34	0.922251
115	38	1.03012
115	39	0.991981
115	42	1.93771
115	74	1.27406
115	81	1.46919
115	94	0.853222
115	97	0.966056
115	100	0.997925
115	114	0.96789
115	119	0.914319
115	149	1.03302
115	153	0.825945
115	158	0.934543
115	164	0.86633
115	166	0.961582
115	172	0.854298
115	173	0.855955
115	177	0.833253
115	179	0.84827
115	180	0.824425
116	12	0.984167
116	32	1.01963
116	36	1.00638
116	43	1.00214
116	60	0.726469
116	65	0.93276
116	66	0.862614
116	68	1.02036
116	78	0.967692
116	82	0.969802
116	84	0.94348
116	88	1.02512
116	101	0.972473
116	104	0.969358
116	106	0.95061
116	107	0.951057
116	109	0.95235
116	110	1.01733
116	120	0.95297
116	141	1.32592
116	152	1.20927
116	157	1.68584
116	159	1.58038
116	176	1.71637
116	177	2.15067
117	9	1.04209
117	10	0.988263
117	20	0.844178
117	53	0.982402
117	57	0.971978
117	64	0.941308
117	82	0.966987
117	86	0.953862
117	90	0.954408
117	94	0.942312
117	99	0.929615
117	108	0.955735
117	113	0.955131
117	118	0.968741
117	123	0.977724
117	125	0.958754
117	129	0.975746
117	139	1.51069
117	145	1.00636
117	146	1.24506
117	149	1.02646
117	151	1.55203
117	154	0.852008
117	168	1.62295
117	175	2.45283
117	176	1.78488
118	9	1.0812
118	10	1.02737
118	20	0.883287
118	53	1.02151
118	57	1.01109
118	64	0.980417
118	82	1.0061
118	86	0.992971
118	90	0.993518
118	93	1.04386
118	94	0.981422
118	99	0.968724
118	108	0.994845
118	113	0.994241
118	117	0.968741
118	123	1.01683
118	125	0.997864
118	129	1.01486
118	131	1.11474
118	138	1.10005
118	143	1.1619
118	146	1.33197
118	149	1.06557
118	154	0.891118
118	156	1.63125
118	164	1.94718
118	178	2.03072
119	8	1.31854
119	27	1.81665
119	85	1.43452
119	91	1.82254
119	114	1.70775
119	115	0.914319
119	124	0.997885
119	136	0.87348
119	141	0.959627
119	142	0.968255
119	150	1.00795
119	151	0.881612
119	155	0.845592
119	158	0.90611
119	160	0.850461
119	162	0.83122
119	163	0.779158
119	165	0.813036
119	167	0.835061
119	169	0.766303
119	170	0.751843
119	172	0.825865
119	173	0.827521
119	176	0.833033
119	177	0.80482
119	179	0.819837
119	180	0.795991
120	26	0.97438
120	30	0.951053
120	32	1.03734
120	40	0.926169
120	41	1.00147
120	46	1.37218
120	55	0.982602
120	66	0.880322
120	71	1.01207
120	77	1.2893
120	84	0.961188
120	87	0.968745
120	88	1.04283
120	92	1.03634
120	100	0.996047
120	101	0.990181
120	104	0.987067
120	106	0.968318
120	107	0.968765
120	109	0.970058
120	116	0.95297
120	124	1.23513
120	131	1.09119
120	135	1.01765
120	142	1.28591
120	152	0.987224
120	171	2.04293
120	173	1.90428
121	13	1.55941
121	39	0.923516
121	75	1.27884
121	86	1.45926
121	88	0.945546
121	95	1.25881
121	130	1.00514
121	131	1.03
121	137	1.02312
121	139	0.94942
121	140	1.11511
121	143	1.02324
121	155	0.897305
121	156	0.922686
121	157	0.913029
121	159	0.933665
121	160	0.902174
121	163	0.830872
121	165	0.864749
121	166	0.984862
121	168	0.908217
121	170	0.803557
121	171	0.867224
121	172	0.877578
121	173	0.879235
121	174	0.904674
121	176	0.884746
121	177	0.856533
121	179	0.87155
121	180	0.847705
122	45	1.65544
122	46	0.908475
122	52	1.47568
122	87	1.25042
122	107	1.45141
122	108	1.32879
122	127	0.956869
122	128	1.00989
122	132	0.978195
122	134	0.949267
122	145	1.03182
122	149	1.38431
122	151	0.89823
122	157	0.877934
122	158	0.922729
122	161	0.849537
122	163	0.795777
122	164	0.854516
122	165	0.829655
122	167	0.851679
122	168	0.873123
122	169	0.782921
122	170	0.768462
122	171	0.832129
122	172	0.842483
122	173	0.84414
122	176	0.849651
122	177	0.821438
122	179	0.836456
122	180	0.81261
123	33	1.06745
123	51	1.02324
123	57	1.02007
123	61	1.10736
123	73	1.04416
123	74	1.03385
123	79	1.01747
123	85	0.985195
123	90	1.0025
123	93	0.792401
123	94	0.990405
123	99	0.977707
123	103	0.94704
123	108	1.00383
123	113	1.00322
123	117	0.977724
123	118	1.01683
123	125	1.00685
123	132	0.88037
123	140	1.07285
123	144	1.22755
123	146	1.08052
123	147	0.898375
123	148	0.937401
123	154	0.900101
123	156	1.37979
123	169	2.97255
123	172	1.54955
123	175	0.85617
123	180	1.97512
124	3	1.10971
124	28	1.35485
124	37	1.03642
124	41	0.907066
124	65	1.38896
124	82	0.895533
124	107	1.07233
124	119	0.997885
124	120	1.23513
124	136	0.985479
124	137	1.08341
124	141	1.07163
124	153	0.909511
124	155	0.957591
124	157	0.973315
124	161	0.944918
124	162	0.943219
124	163	0.891158
124	165	0.925035
124	166	1.04515
124	168	0.968503
124	169	0.878302
124	170	0.863843
124	171	0.92751
124	172	0.937864
124	174	0.96496
124	176	0.945032
124	177	0.916819
124	179	0.931836
124	180	0.907991
125	1	1.03707
125	2	0.968128
125	4	1.05591
125	5	0.925105
125	19	0.972061
125	23	0.96693
125	37	1.05922
125	47	1.01676
125	57	1.0011
125	90	0.983531
125	94	0.971435
125	99	0.958737
125	105	0.946631
125	108	0.984858
125	113	0.984253
125	117	0.958754
125	118	0.997864
125	123	1.00685
125	137	1.21854
125	140	1.05388
125	142	1.17842
125	145	0.962221
125	149	1.05559
125	154	0.881131
125	158	1.26204
125	161	1.95248
125	168	1.57881
125	174	0.903956
125	176	1.74074
125	178	1.89967
125	179	1.79954
126	21	1.23566
126	36	0.673947
126	45	0.881696
126	59	1.10441
126	71	0.754667
126	74	0.789099
126	81	0.984225
126	101	0.964606
126	129	0.684265
126	132	1.12704
126	139	1.06317
126	142	1.13372
126	149	0.610565
126	152	1.11029
126	156	1.03644
126	157	1.02678
126	158	1.07158
126	160	1.01593
126	163	0.944625
126	164	1.00336
126	165	0.978502
126	166	1.09862
126	168	1.02197
126	169	0.931769
126	170	0.91731
126	171	0.980977
126	172	0.991331
126	173	0.992988
126	176	0.998499
126	177	0.970286
126	179	0.985303
126	180	0.961458
127	3	1.12315
127	13	0.904903
127	16	1.01993
127	17	0.986172
127	27	0.999943
127	52	0.981585
127	61	1.06326
127	75	1.01815
127	79	1.64681
127	80	1.00335
127	89	0.973733
127	96	0.964699
127	102	0.948284
127	103	1.22699
127	105	0.95
127	106	1.21531
127	109	1.33837
127	114	1.0358
127	122	0.956869
127	133	0.97117
127	154	0.8845
127	156	0.925337
127	163	0.833523
127	164	0.892262
127	166	0.987513
127	167	0.889425
127	173	0.881886
127	176	0.887398
127	177	0.859184
127	178	0.874742
127	179	0.874202
127	180	0.850356
128	35	0.935723
128	43	1.19823
128	66	1.67735
128	78	0.80624
128	88	0.631471
128	91	0.913377
128	99	1.34253
128	103	1.13454
128	122	1.00989
128	130	1.06081
128	131	1.08568
128	137	1.0788
128	140	0.801032
128	150	1.11534
128	155	0.952979
128	156	0.978359
128	158	1.0135
128	160	0.957848
128	162	0.938607
128	164	0.945284
128	167	0.942448
128	168	0.963891
128	169	0.87369
128	170	0.85923
128	171	0.922898
128	172	0.933251
128	173	0.934908
128	175	0.893592
128	176	0.94042
128	177	0.912207
128	178	0.927764
128	179	0.927224
128	180	0.903378
129	10	1.03438
129	25	0.993003
129	30	0.976644
129	40	0.95176
129	41	1.02706
129	44	1.02602
129	53	1.02852
129	55	1.00819
129	59	1.00457
129	67	0.978905
129	71	1.03766
129	86	0.999977
129	90	1.00052
129	92	1.06194
129	94	0.988427
129	97	1.12538
129	99	0.97573
129	100	1.02164
129	113	1.00125
129	117	0.975746
129	118	1.01486
129	126	0.684265
129	135	0.861457
129	138	0.920303
129	147	0.970084
129	149	1.07258
129	152	1.01282
129	154	0.898123
129	157	1.66151
129	164	1.76743
129	178	1.85097
129	179	1.75084
129	180	2.04683
130	8	0.571256
130	17	1.05559
130	22	1.28333
130	33	1.37846
130	37	1.11928
130	65	1.47182
130	70	1.12414
130	98	1.21586
130	99	1.5044
130	121	1.00514
130	128	1.06081
130	145	1.08275
130	146	1.04729
130	150	1.07549
130	151	0.949153
130	153	0.865053
130	157	0.928856
130	160	0.918002
130	161	0.900459
130	162	0.89876
130	163	0.846699
130	164	0.905438
130	165	0.880577
130	168	0.924045
130	169	0.833843
130	170	0.819384
130	171	0.883052
130	172	0.893405
130	176	0.900574
130	177	0.87236
130	179	0.887378
130	180	0.863532
131	11	0.661878
131	16	1.27266
131	21	1.4864
131	26	0.944793
131	46	0.984262
131	48	1.09874
131	66	1.61242
131	112	0.917176
131	118	1.11474
131	120	1.09119
131	121	1.03
131	128	1.08568
131	132	1.05398
131	135	1.11538
131	143	1.06394
131	155	0.937997
131	157	0.953721
131	158	0.998515
131	160	0.942866
131	161	0.925323
131	162	0.923625
131	163	0.871564
131	164	0.930302
131	167	0.927466
131	168	0.948909
131	169	0.858708
131	170	0.844248
131	171	0.907916
131	172	0.91827
131	173	0.919926
131	176	0.925438
131	177	0.897225
131	179	0.912242
131	180	0.888397
132	20	0.897996
132	21	1.50348
132	24	1.45476
132	53	1.06455
132	60	1.12544
132	71	1.02248
132	100	0.780774
132	104	1.24857
132	122	0.978195
132	123	0.88037
132	126	1.12704
132	131	1.05398
132	135	1.09866
132	136	0.949171
132	140	0.753185
132	146	1.05544
132	149	0.878379
132	151	0.957302
132	153	0.873202
132	155	0.921282
132	158	0.981801
132	162	0.90691
132	163	0.854849
132	164	0.913588
132	165	0.888727
132	167	0.910751
132	168	0.932195
132	169	0.841993
132	172	0.901555
132	173	0.903212
132	175	0.861896
132	177	0.88051
132	178	0.896067
132	179	0.895528
132	180	0.871682
133	28	1.53196
133	47	1.20267
133	48	1.00027
133	50	0.990831
133	52	0.95814
133	62	1.21172
133	68	1.43068
133	72	1.09176
133	75	0.994703
133	76	0.81515
133	89	0.950288
133	91	1.03137
133	96	0.941254
133	102	0.924839
133	105	0.926555
133	106	1.37897
133	108	1.12682
133	109	1.50203
133	112	1.03116
133	114	1.01236
133	127	0.97117
133	153	0.828431
133	157	0.892235
133	161	0.863838
133	163	0.810078
133	168	0.887424
133	169	0.797222
133	170	0.782763
133	171	0.84643
133	173	0.858441
133	176	0.863952
133	177	0.835739
133	179	0.850757
133	180	0.826911
134	13	1.45666
134	33	1.42791
134	55	1.16335
134	61	1.18213
134	77	0.910211
134	102	1.15408
134	106	1.33418
134	110	1.1902
134	122	0.949267
134	137	1.01817
134	138	1.05159
134	141	1.00639
134	143	1.01829
134	149	1.13755
134	150	1.05471
134	157	0.908078
134	158	0.952872
134	159	0.928714
134	161	0.879681
134	162	0.877982
134	163	0.825921
134	164	0.884659
134	165	0.859798
134	167	0.881823
134	168	0.903266
134	169	0.813065
134	170	0.798606
134	171	0.862273
134	172	0.872627
134	173	0.874283
134	174	0.899723
134	176	0.879795
134	177	0.851582
134	178	0.867139
134	180	0.842754
135	7	0.859953
