1	33	0.636048
1	99	1.07979
1	100	1.05849
1	106	1.04433
1	108	1.04301
1	112	1.06501
1	114	1.05006
1	128	1.00374
1	156	1.19482
1	171	1.49407
1	173	1.05395
1	178	1.50945
2	75	1.2628
2	90	1.00624
2	118	1.08049
2	127	1.06344
2	129	1.05321
2	132	1.03308
2	143	1.05249
2	147	1.04817
2	150	1.06007
2	164	1.91308
2	171	1.07198
2	179	0.59546
3	8	1.07561
3	10	1.07455
3	15	1.07066
3	30	0.980312
3	43	1.07014
3	65	1.02335
3	130	1.05968
3	144	0.999177
3	145	0.980934
3	154	1.22105
3	174	1.61252
3	179	1.0856
4	19	0.957146
4	29	0.910672
4	31	1.0387
4	37	0.925291
4	46	0.889214
4	61	0.936543
4	70	0.906677
4	80	0.936173
4	93	0.944768
4	153	1.47166
4	158	1.44228
4	172	1.61733
5	6	0.617845
5	23	0.712817
5	44	0.424087
5	82	1.06435
5	86	0.66978
5	126	1.0723
5	143	1.0959
5	147	1.09157
5	175	0.954791
5	178	0.961671
5	179	1.14536
5	180	1.01667
6	5	0.617845
6	12	0.963129
6	21	1.04797
6	23	1.03751
6	40	1.12302
6	45	1.09033
6	51	1.05567
6	53	1.04562
6	113	1.1022
6	155	1.2941
6	167	1.56416
6	179	1.04271
7	54	0.873216
7	77	0.977756
7	87	1.03881
7	118	1.08047
7	123	1.04774
7	125	1.4894
7	129	1.05319
7	132	1.03305
7	133	1.46558
7	142	1.02041
7	150	1.06005
7	173	1.05489
8	3	1.07561
8	10	1.08033
8	30	0.986094
8	43	1.07593
8	105	0.968408
8	115	1.05122
8	128	0.994143
8	130	1.06547
8	148	1.11879
8	161	1.30873
8	179	1.09139
8	180	1.37951
9	81	0.95063
9	103	0.961439
9	111	0.920797
9	116	0.939375
9	117	0.924207
9	121	0.917575
9	134	0.924302
9	136	0.927761
9	138	0.950069
9	160	1.39194
9	167	1.45286
9	177	1.68183
10	3	1.07455
10	8	1.08033
10	30	0.985032
10	43	1.07486
10	115	1.05016
10	128	0.993082
10	130	1.06441
10	133	1.29203
10	144	0.984144
10	157	1.2361
10	166	1.29483
10	179	1.09033
11	12	0.972848
11	21	1.05769
11	23	1.04723
11	39	0.919858
11	40	1.13274
11	45	1.10005
11	51	1.06539
11	53	1.05534
11	66	1.0352
11	148	0.964591
11	155	1.15331
11	175	1.7551
12	6	0.963129
12	11	0.972848
12	21	0.905907
12	40	0.980952
12	45	0.948265
12	51	0.913608
12	53	0.903557
12	66	0.883412
12	113	0.960133
12	124	1.3647
12	151	1.41984
12	157	1.71222
13	37	1.11278
13	126	0.707466
13	132	0.83341
13	162	0.939028
13	163	0.977134
13	169	0.915206
13	172	0.961627
13	174	0.921711
13	175	0.899376
13	176	0.904632
13	177	0.91843
13	180	0.961257
14	64	0.924583
14	86	0.911292
14	99	0.961485
14	100	0.940188
14	106	0.926025
14	108	0.924714
14	112	0.946709
14	114	0.931759
14	125	1.56652
14	137	1.09847
14	173	0.935646
14	174	1.84815
15	3	1.07066
15	30	0.981145
15	43	1.07098
15	77	1.09877
15	91	0.601852
15	115	1.04628
15	128	0.989195
15	130	1.06052
15	158	1.05789
15	176	1.6052
15	177	1.55694
15	179	1.08644
16	63	1.05266
16	111	1.03925
16	116	1.05783
16	117	1.04266
16	134	1.04276
16	136	1.04621
16	138	1.06852
16	148	0.829088
16	162	1.34419
16	163	1.19276
16	173	1.05981
16	174	1.46363
17	102	1.0259
17	105	0.733594
17	107	1.06138
17	116	1.06214
17	117	1.04697
17	121	1.04034
17	134	1.04707
17	136	1.05052
17	137	0.768839
17	138	1.07283
17	175	1.67448
17	176	1.61999
18	19	1.05775
18	31	1.1393
18	37	1.0259
18	39	1.03431
18	49	0.989456
18	61	1.03715
18	73	1.08796
18	80	1.03678
18	93	1.04538
18	95	1.3312
18	113	0.993311
18	166	1.41092
19	4	0.957146
19	18	1.05775
19	36	0.992928
19	37	1.00488
19	49	0.968434
19	61	1.01613
19	73	1.06694
19	80	1.01576
19	93	1.02435
19	125	0.970744
19	148	0.617829
19	164	2.243
19	177	1.30558
20	87	0.899392
20	92	0.916853
20	96	0.927907
20	105	1.29398
20	126	0.889456
20	127	0.923998
20	129	0.913772
20	142	0.880995
20	143	0.913051
20	147	0.908728
20	150	0.920629
20	152	1.53551
20	162	1.95946
21	6	1.04797
21	11	1.05769
21	12	0.905907
21	23	0.98029
21	35	1.23586
21	40	1.0658
21	45	1.03311
21	51	0.998452
21	53	0.988401
21	91	1.06281
21	158	1.18273
21	178	1.79348
21	179	0.931358
22	87	1.01366
22	92	1.03112
22	119	1.00702
22	124	0.946291
22	126	1.00372
22	132	1.0079
22	142	0.995264
22	143	1.02732
22	144	1.04184
22	150	1.0349
22	160	1.41851
22	166	0.97228
22	177	1.7084
23	5	0.712817
23	6	1.03751
23	11	1.04723
23	21	0.98029
23	40	1.05534
23	45	1.02265
23	51	0.987991
23	53	0.97794
23	66	0.957796
23	91	1.05235
23	105	1.04997
23	172	1.5641
23	180	1.46107
24	74	1.01733
24	84	1.03287
24	97	1.0596
24	109	1.05183
24	123	0.996791
24	124	1.02434
24	127	1.01247
24	132	0.982106
24	142	0.969467
24	144	1.1199
24	147	0.9972
24	150	1.0091
24	178	1.89815
25	60	0.868014
25	84	1.01108
25	96	1.11814
25	138	1.02087
25	154	0.953168
25	159	0.862836
25	160	0.909636
25	161	0.955864
25	165	0.875899
25	168	0.869956
25	171	0.875262
25	175	0.850365
25	180	0.912246
26	79	1.02532
26	98	0.717482
26	102	0.989789
26	103	1.04809
26	117	1.01086
26	121	1.00423
26	122	1.48034
26	134	1.01096
26	136	1.01442
26	138	1.03672
26	161	1.16066
26	166	0.970553
26	171	1.75479
27	42	0.959296
27	48	0.955587
27	85	1.06644
27	99	1.04161
27	100	1.02032
27	108	1.00484
27	112	1.02684
27	114	1.01189
27	152	1.04224
27	155	1.13981
27	165	1.71264
27	173	1.01577
27	180	1.21181
28	90	0.931306
28	109	1.02787
28	118	1.00556
28	123	0.972829
28	127	0.988509
28	132	0.958145
28	143	0.977562
28	145	0.846203
28	147	0.973238
28	150	0.98514
28	170	1.73299
28	172	1.207
28	173	0.979986
28	178	1.6427
29	4	0.910672
29	31	1.07181
29	36	0.946454
29	46	0.922325
29	61	0.969654
29	67	1.03284
29	68	1.30535
29	73	1.02047
29	80	0.969284
29	93	0.97788
29	115	0.98242
29	120	1.41616
29	146	1.52044
29	151	1.14913
30	3	0.980312
30	8	0.986094
30	10	0.985032
30	15	0.981145
30	43	0.980628
30	65	0.933835
30	77	1.00842
30	115	0.955926
30	130	0.970169
30	145	1.07136
30	151	1.0492
30	170	1.95815
30	179	0.996089
30	180	1.32913
31	4	1.0387
31	18	1.1393
31	29	1.07181
31	36	1.07448
31	46	1.05035
31	47	0.568526
31	70	1.06781
31	73	1.14849
31	80	1.09731
31	93	1.1059
31	149	1.06684
31	161	1.08797
31	166	1.22991
31	175	1.68854
32	50	1.14656
32	55	1.10375
32	58	1.19096
32	60	1.19125
32	69	1.11465
32	82	1.0938
32	122	1.12921
32	139	0.625539
32	149	0.788402
32	158	1.09811
32	165	1.38114
32	170	1.50933
32	179	1.17481
33	1	0.636048
33	45	1.05806
33	51	1.0234
33	53	1.01335
33	82	0.990008
33	87	1.01967
33	99	0.915214
33	158	0.994321
33	171	0.905347
33	172	0.942701
33	173	0.720649
33	178	0.88733
33	179	1.07102
33	180	0.942331
34	82	0.952072
34	85	1.03671
34	90	0.937365
34	100	0.990587
34	114	0.982157
34	141	1.01765
34	142	0.951564
34	147	0.979297
34	148	0.986354
34	158	0.956384
34	165	1.74791
34	168	1.6627
34	173	0.986044
34	179	1.03308
35	21	1.23586
35	108	1.16595
35	121	1.19797
35	131	0.968183
35	162	0.891071
35	163	0.929176
35	165	0.876952
35	169	0.867248
35	170	0.859081
35	172	0.913669
35	175	0.851418
35	177	0.870472
35	178	0.858298
35	180	0.913299
36	19	0.992928
36	29	0.946454
36	31	1.07448
36	46	0.924996
36	49	0.924631
36	61	0.972325
36	73	1.02314
36	78	1.17595
36	80	0.971955
36	93	0.98055
36	115	0.985091
36	145	1.3113
36	152	1.3995
36	161	1.49829
37	4	0.925291
37	13	1.11278
37	18	1.0259
37	19	1.00488
37	46	0.936944
37	49	0.936579
37	70	0.954407
37	73	1.03508
37	80	0.983903
37	93	0.992499
37	115	0.997039
37	130	1.26828
37	179	1.204
37	180	1.5274
38	83	1.21112
38	94	0.976556
38	96	0.991175
38	97	1.03439
38	118	1.00431
38	119	0.956021
38	124	1.27349
38	126	0.952724
38	129	0.97704
38	142	0.944263
38	147	0.971995
38	150	0.983897
38	179	1.28517
38	180	1.60857
39	11	0.919858
39	18	1.03431
39	138	0.900126
39	156	1.01246
39	162	0.995055
39	164	0.926928
39	167	1.01259
39	168	0.974994
39	173	0.749863
39	174	0.977738
39	175	0.955403
39	176	0.960659
39	178	0.962283
39	180	1.01728
40	6	1.12302
40	11	1.13274
40	12	0.980952
40	21	1.0658
40	23	1.05534
40	45	1.10815
40	53	1.06345
40	91	1.13785
40	113	1.12002
40	139	0.780194
40	148	0.774241
40	166	1.10612
40	170	1.66398
40	174	1.40879
41	86	1.06231
41	99	1.11251
41	100	1.09121
41	106	1.07705
41	108	1.07574
41	112	1.09773
41	113	0.687283
41	114	1.08278
41	144	1.10605
41	152	0.86417
41	158	0.961715
41	159	1.64566
41	173	1.08667
41	175	1.56352
42	27	0.959296
42	64	0.939767
42	84	1.30635
42	85	1.0015
42	86	0.926476
42	99	0.976669
42	100	0.955372
42	106	0.941209
42	108	0.939898
42	112	0.961892
42	114	0.946943
42	135	1.2743
42	160	1.77004
42	173	0.95083
42	179	1.30951
43	3	1.07014
43	8	1.07593
43	10	1.07486
43	15	1.07098
43	30	0.980628
43	65	1.02367
43	104	0.958149
43	115	1.04576
43	128	0.988677
43	130	1.06
43	140	1.10241
43	163	1.2375
43	166	1.20571
43	174	1.50838
43	179	1.08592
44	5	0.424087
44	85	1.09334
44	86	1.01833
44	99	1.06852
44	100	1.04722
44	106	1.03306
44	108	1.03175
44	112	1.05374
44	114	1.03879
44	133	1.24071
44	144	1.06206
44	158	1.10032
44	166	1.2435
44	173	1.04268
44	175	1.70213
45	6	1.09033
45	11	1.10005
45	12	0.948265
45	21	1.03311
45	23	1.02265
45	33	1.05806
45	40	1.10815
45	51	1.04081
45	53	1.03076
45	54	0.948793
45	113	1.08734
45	137	1.09693
45	139	1.21802
45	151	1.19285
45	166	1.54395
46	4	0.889214
46	29	0.922325
46	31	1.05035
46	36	0.924996
46	37	0.936944
46	49	0.900502
46	61	0.948196
46	67	1.01138
46	73	0.999007
46	80	0.947826
46	93	0.956421
46	113	1.13625
46	154	1.46505
46	176	1.958
46	179	1.15931
47	31	0.568526
47	57	0.82919
47	72	0.787601
47	73	0.716835
47	146	1.10375
47	159	1.03294
47	162	1.06012
47	170	1.02813
47	172	1.08272
47	173	0.465096
47	175	1.02047
47	176	1.02572
47	177	1.03952
47	178	1.02735
47	180	1.08235
48	27	0.955587
48	68	1.48753
48	83	1.21379
48	85	0.997786
48	86	0.922767
48	88	1.34597
48	99	0.97296
48	100	0.951663
48	106	0.9375
48	108	0.936189
48	112	0.958183
48	114	0.943234
48	144	0.966504
48	173	0.947121
48	180	1.61124
49	18	0.989456
49	19	0.968434
49	36	0.924631
49	37	0.936579
49	46	0.900502
49	61	0.947831
49	65	0.938505
49	73	0.998642
49	80	0.947461
49	93	0.956056
49	115	0.960597
49	141	1.21726
49	146	1.53806
49	158	1.37467
49	160	1.58383
50	32	1.14656
50	55	1.00207
50	58	1.08929
50	60	1.08958
50	69	1.01297
50	76	0.893385
50	82	0.992124
50	137	0.850333
50	158	0.996437
50	171	1.74954
50	172	1.32922
50	179	1.07313
51	6	1.05567
51	11	1.06539
51	12	0.913608
51	21	0.998452
51	23	0.987991
51	33	1.0234
51	45	1.04081
51	53	0.996102
51	66	0.975957
51	91	1.07051
51	95	1.15909
51	113	1.05268
51	156	1.39176
51	158	1.09564
51	162	1.42204
51	166	1.23882
52	72	0.919532
52	91	1.28264
52	101	0.958327
52	102	0.909956
52	103	0.968261
52	105	1.39959
52	107	0.945442
52	116	0.946197
52	120	1.79779
52	121	0.924397
52	124	1.47562
52	134	0.931124
52	136	0.934583
52	138	0.956891
52	166	0.89072
52	173	0.948184
53	6	1.04562
53	11	1.05534
53	12	0.903557
53	21	0.988401
53	23	0.97794
53	33	1.01335
53	40	1.06345
53	45	1.03076
53	51	0.996102
53	54	0.93629
53	91	1.06046
53	113	1.04263
53	139	1.20551
53	152	1.29072
53	161	1.3895
53	180	1.46028
54	7	0.873216
54	45	0.948793
54	53	0.93629
54	116	0.889961
54	123	0.522336
54	152	1.10312
54	161	1.07578
54	163	1.04804
54	165	0.99582
54	168	0.989877
54	170	0.977949
54	172	1.03254
54	175	0.970286
54	176	0.975543
54	177	0.989341
54	180	1.03217
55	32	1.10375
55	50	1.00207
55	58	1.04647
55	60	1.04676
55	69	0.970158
55	82	0.94931
55	91	0.856243
55	115	0.990158
55	130	1.12518
55	154	1.36665
55	158	0.953623
55	174	1.75812
55	179	1.03032
56	57	0.959369
56	104	1.16213
56	110	0.969473
56	119	0.916842
56	123	0.932407
56	127	0.948087
56	132	0.917723
56	142	0.905084
56	143	0.93714
56	147	0.932816
56	150	0.944718
56	158	1.26652
56	166	0.8821
56	173	0.939564
56	174	1.71236
56	175	1.86832
57	47	0.82919
57	56	0.959369
57	77	0.999957
57	88	1.15414
57	94	1.02493
57	96	1.03954
57	110	1.05702
57	119	1.00439
57	123	1.01996
57	127	1.03564
57	132	1.00527
57	139	1.16464
57	142	0.992632
57	147	1.02037
57	150	1.03227
57	168	1.83503
58	32	1.19096
58	50	1.08929
58	55	1.04647
58	60	1.13398
58	69	1.05737
58	82	1.03653
58	88	1.16454
58	89	0.871843
58	115	1.07737
58	135	1.07121
58	141	1.20038
58	158	1.04084
58	161	1.35903
58	179	1.11754
59	65	1.36415
59	68	0.943805
59	94	1.30244
59	127	1.21828
59	145	0.983854
59	153	0.927034
59	161	0.90621
59	167	0.857902
59	169	0.816541
59	170	0.808374
59	171	0.825608
59	174	0.823046
59	176	0.805968
59	177	0.819765
59	178	0.807591
59	180	0.862592
60	25	0.868014
60	32	1.19125
60	50	1.08958
60	55	1.04676
60	58	1.13398
60	69	1.05766
60	82	1.03681
60	115	1.07766
60	131	1.12686
60	157	1.06516
60	158	1.04113
60	166	1.12389
60	167	1.25079
60	179	1.11782
61	4	0.936543
61	18	1.03715
61	19	1.01613
61	29	0.969654
61	36	0.972325
61	46	0.948196
61	49	0.947831
61	65	0.9862
61	73	1.04634
61	80	0.995155
61	89	0.971285
61	93	1.00375
61	95	1.52069
61	104	1.35285
61	115	1.00829
61	145	1.27148
61	155	1.45725
62	79	1.00632
62	91	0.720787
62	95	0.946771
62	101	1.01916
62	102	0.970785
62	111	0.988448
62	116	1.00703
62	121	0.985225
62	134	0.991953
62	136	0.995411
62	138	1.01772
62	139	0.994072
62	144	1.0284
62	159	1.86077
62	166	0.951548
62	171	1.7722
62	180	1.24884
63	16	1.05266
63	72	0.971502
63	79	0.997462
63	81	1.00942
63	102	0.961927
63	107	0.997412
63	117	0.982999
63	121	0.976367
63	131	1.2667
63	134	0.983095
63	136	0.986553
63	138	1.00886
63	169	1.74702
63	173	1.00015
63	174	1.56639
63	179	0.869177
63	180	1.19257
64	14	0.924583
64	42	0.939767
64	71	0.653169
64	85	1.04691
64	86	0.97189
64	99	1.02208
64	100	1.00079
64	106	0.986624
64	108	0.985313
64	112	1.00731
64	114	0.992357
64	144	1.01563
64	145	1.07045
64	167	1.52627
64	170	1.95723
64	172	1.43124
64	173	0.996244
65	3	1.02335
65	30	0.933835
65	43	1.02367
65	49	0.938505
65	59	1.36415
65	61	0.9862
65	80	0.985829
65	93	0.994425
65	106	0.98247
65	112	1.00315
65	114	0.988204
65	122	1.45225
65	141	0.973916
65	157	1.21578
65	172	1.30637
65	173	0.992091
65	179	1.03913
66	11	1.0352
66	12	0.883412
66	23	0.957796
66	51	0.975957
66	69	0.96341
66	82	0.942562
66	106	0.966914
66	108	0.965603
66	112	0.987597
66	114	0.972648
66	130	0.875838
66	131	1.20908
66	158	0.946875
66	170	1.76397
66	173	0.976535
66	174	1.50877
66	176	1.61025
66	179	1.02357
67	29	1.03284
67	46	1.01138
67	69	1.05147
67	77	0.624561
67	80	1.05834
67	82	1.03063
67	93	1.06693
67	126	1.03858
67	147	1.05785
67	150	1.06975
67	155	0.972013
67	158	1.03494
67	166	1.00713
67	168	1.45964
67	169	1.59847
67	176	1.51931
67	179	1.11164
67	180	1.04402
68	29	1.30535
68	48	1.48753
68	59	0.943805
68	94	1.01793
68	114	0.971462
68	133	0.969296
68	159	0.875809
68	160	0.922609
68	162	0.90299
68	168	0.882929
68	169	0.879168
68	172	0.925589
68	174	0.885673
68	175	0.863338
68	176	0.868594
68	177	0.882392
68	178	0.870218
68	180	0.925219
69	32	1.11465
69	50	1.01297
69	55	0.970158
69	58	1.05737
69	60	1.05766
69	66	0.96341
69	67	1.05147
69	82	0.96021
69	115	1.00106
69	140	1.15362
69	144	0.946239
69	153	1.14311
69	158	0.964523
69	167	1.38382
69	178	1.72449
69	179	1.04122
70	4	0.906677
70	31	1.06781
70	37	0.954407
70	93	0.973884
70	101	0.981694
70	120	1.09634
70	121	0.947763
70	129	0.969847
70	132	0.949709
70	134	0.954491
70	136	0.957949
70	138	0.980257
70	143	0.969127
70	150	0.976704
70	155	1.03724
70	165	1.61008
70	168	1.52487
70	178	1.64798
71	64	0.653169
71	86	0.742991
71	92	0.671034
71	110	0.401466
71	116	0.738912
71	119	0.663185
71	162	1.05656
71	163	1.09467
71	167	1.0741
71	169	1.03274
71	171	1.04181
71	172	1.07916
71	174	1.03925
71	175	1.01691
71	176	1.02217
71	177	1.03597
71	178	1.02379
71	180	1.07879
72	47	0.787601
72	52	0.919532
72	63	0.971502
72	76	1.04502
72	81	0.987925
72	103	0.998733
72	107	0.975914
72	111	0.958091
72	117	0.961501
72	121	0.954869
72	125	1.47002
72	136	0.965055
72	138	0.987363
72	144	0.998039
72	158	0.948996
72	163	1.48077
72	173	0.978656
72	176	1.85312
73	18	1.08796
73	19	1.06694
73	29	1.02047
73	31	1.14849
73	36	1.02314
73	37	1.03508
73	46	0.999007
73	47	0.716835
73	49	0.998642
73	61	1.04634
73	80	1.04597
73	93	1.05456
73	115	1.0591
73	141	1.07763
73	153	1.26441
73	155	1.23505
73	161	1.23628
73	166	1.37822
74	24	1.01733
74	83	0.688546
74	96	1.03312
74	109	1.06857
74	110	1.0506
74	118	1.04626
74	126	0.994672
74	127	1.02921
74	129	1.01899
74	142	0.986211
74	143	1.01827
74	150	1.02585
74	166	0.963227
74	170	1.71501
74	171	1.60935
74	172	1.18902
74	173	1.02069
74	176	1.56129
74	179	0.762598
75	2	1.2628
75	115	1.8959
75	120	0.900912
75	133	0.876579
75	147	1.93001
75	151	0.951129
75	155	0.88903
75	160	0.829893
75	161	0.87612
75	167	0.827812
75	170	0.778285
75	171	0.795519
75	172	0.832873
75	174	0.792957
75	175	0.770622
75	176	0.775878
75	177	0.789676
75	178	0.777502
75	180	0.832503
76	50	0.893385
76	72	1.04502
76	90	1.06359
76	110	0.743706
76	119	1.00543
76	148	1.10776
76	151	1.07886
76	155	1.01677
76	159	0.910828
76	160	0.957629
76	164	0.869883
76	169	0.914188
76	170	0.906021
76	171	0.923255
76	174	0.920692
76	176	0.903614
76	177	0.917412
76	178	0.905238
76	180	0.960239
77	7	0.977756
77	15	1.09877
77	30	1.00842
77	57	0.999957
77	67	0.624561
77	101	1.07682
77	118	0.737192
77	127	0.638027
77	128	1.01646
77	134	1.04961
77	138	1.07538
77	147	0.796385
77	167	0.98033
77	168	0.942731
77	171	0.948037
77	173	1.06667
77	177	0.942194
77	179	1.11371
77	180	0.985021
78	36	1.17595
78	87	0.961219
78	117	0.789744
78	132	0.854907
78	156	0.98475
78	159	0.940161
78	163	1.00545
78	164	0.899215
78	168	0.947282
78	169	0.94352
78	170	0.935354
78	171	0.952587
78	173	0.662201
78	174	0.950025
78	175	0.92769
78	176	0.932947
78	177	0.946745
78	178	0.934571
78	180	0.989572
79	26	1.02532
79	62	1.00632
79	63	0.997462
79	81	1.01388
79	101	1.01476
79	102	0.966388
79	107	1.00187
79	111	0.984051
79	117	0.987461
79	134	0.987556
79	136	0.991015
79	138	1.01332
79	144	1.024
79	146	1.32267
79	148	0.970571
79	151	0.951357
79	153	1.18865
79	171	1.75465
79	173	1.00462
79	177	1.65833
80	4	0.936173
80	18	1.03678
80	19	1.01576
80	29	0.969284
80	31	1.09731
80	36	0.971955
80	37	0.983903
80	46	0.947826
80	49	0.947461
80	61	0.995155
80	65	0.985829
80	67	1.05834
80	73	1.04597
80	93	1.00338
80	98	0.776279
80	144	1.05071
80	146	1.38161
80	157	1.30267
80	162	1.54462
80	165	1.79107
81	9	0.95063
81	63	1.00942
81	72	0.987925
81	79	1.01388
81	103	1.03665
81	116	1.01459
81	117	0.999422
81	121	0.99279
81	125	1.40686
81	134	0.999517
81	136	1.00298
81	137	0.938815
81	138	1.02528
81	140	1.28253
81	151	1.03473
81	158	0.986916
81	166	0.959113
81	168	1.73029
81	172	1.4177
81	173	1.01658
82	5	1.06435
82	32	1.0938
82	33	0.990008
82	34	0.952072
82	50	0.992124
82	55	0.94931
82	58	1.03653
82	60	1.03681
82	66	0.942562
82	67	1.03063
82	69	0.96021
82	115	0.980209
82	135	0.961123
82	139	1.06495
82	146	1.4111
82	153	1.27708
82	158	0.943675
82	163	1.42267
82	174	1.69355
82	179	1.02037
83	38	1.21112
83	48	1.21379
83	74	0.688546
83	138	0.808135
83	147	0.818394
83	151	1.10517
83	154	1.02747
83	156	0.981725
83	157	1.03103
83	161	1.03016
83	162	0.964317
83	165	0.950198
83	168	0.944256
83	170	0.932328
83	172	0.986916
83	173	0.657872
83	174	0.947
83	175	0.924665
83	176	0.929921
83	177	0.943719
83	180	0.986546
84	24	1.03287
84	25	1.01108
84	42	1.30635
84	96	0.976297
84	107	1.1374
84	143	0.961574
84	146	0.964235
84	152	1.01379
84	159	0.893426
84	162	0.920608
84	164	0.85248
84	168	0.900546
84	170	0.888618
84	171	0.905852
84	172	0.943206
84	174	0.90329
84	175	0.880955
84	176	0.886212
84	177	0.90001
84	178	0.887836
84	180	0.942837
85	27	1.06644
85	34	1.03671
85	42	1.0015
85	44	1.09334
85	48	0.997786
85	64	1.04691
85	86	1.03362
85	89	0.735701
85	91	0.765611
85	99	1.08381
85	100	1.06252
85	106	1.04835
85	108	1.04704
85	112	1.06904
85	114	1.05409
85	149	1.20176
85	154	1.27601
85	162	1.54805
85	163	1.39661
85	167	1.49173
85	173	1.05797
86	5	0.66978
86	14	0.911292
86	41	1.06231
86	42	0.926476
86	44	1.01833
86	48	0.922767
86	64	0.97189
86	71	0.742991
86	85	1.03362
86	95	1.40947
86	99	1.00879
86	106	0.973333
86	108	0.972022
86	112	0.994016
86	114	0.979067
86	128	0.932747
86	144	1.00234
86	154	1.40038
86	168	1.83366
86	173	0.982953
86	180	1.41803
87	7	1.03881
87	20	0.899392
87	22	1.01366
87	33	1.01967
87	78	0.961219
87	90	0.942545
87	92	0.992603
87	110	1.02113
87	119	0.968503
87	127	0.999747
87	129	0.989521
87	132	0.969383
87	142	0.956744
87	143	0.988801
87	144	1.11481
87	147	0.984477
87	150	0.996378
87	151	1.0744
87	160	1.49148
87	165	1.85517
87	166	0.933761
88	48	1.34597
88	57	1.15414
88	58	1.16454
88	106	1.11669
88	136	0.916363
88	141	1.04174
88	154	0.980976
88	163	0.95593
88	164	0.849697
88	165	0.903706
88	167	0.935363
88	168	0.897763
88	169	0.894002
88	171	0.903069
88	172	0.940423
88	174	0.900507
88	175	0.878172
88	176	0.883429
88	177	0.897226
88	178	0.885052
88	180	0.940053
89	58	0.871843
89	61	0.971285
89	85	0.735701
89	90	0.838428
89	100	0.584794
89	117	0.624897
89	132	0.69006
89	155	1.09785
89	156	1.0365
89	159	0.991909
89	160	1.03871
89	167	1.03663
89	168	0.99903
89	170	0.987102
89	172	1.04169
89	174	1.00177
89	175	0.979438
89	176	0.984695
89	177	0.998493
89	178	0.986319
89	179	1.17001
89	180	1.04132
90	2	1.00624
90	28	0.931306
90	34	0.937365
90	76	1.06359
90	87	0.942545
90	89	0.838428
90	96	0.97106
90	97	1.01428
90	109	1.00651
90	110	0.988537
90	118	0.984199
90	126	0.932609
90	127	0.967151
90	128	0.908421
90	129	0.956924
90	130	1.13728
90	142	0.924148
90	143	0.956204
90	144	1.15687
90	147	0.95188
90	174	1.77022
90	176	1.87169
91	15	0.601852
91	21	1.06281
91	23	1.05235
91	40	1.13785
91	51	1.07051
91	52	1.28264
91	53	1.06046
91	55	0.856243
91	62	0.720787
91	85	0.765611
91	106	0.853901
91	107	0.9359
91	123	1.06393
91	132	1.04924
91	142	1.0366
91	143	1.06866
91	147	1.06434
91	175	0.927553
91	176	0.932809
91	177	0.946607
91	178	0.934433
91	180	0.989434
92	20	0.916853
92	22	1.03112
92	71	0.671034
92	87	0.992603
92	109	1.05657
92	113	1.05463
92	118	1.03426
92	119	0.985964
92	123	1.00153
92	126	0.982667
92	127	1.01721
92	129	1.00698
92	132	0.986845
92	139	1.09131
92	142	0.974206
92	143	1.00626
92	147	1.00194
92	149	1.25417
92	150	1.01384
92	151	1.06614
92	158	1.27406
92	160	1.48322
92	178	1.88481
93	4	0.944768
93	18	1.04538
93	19	1.02435
93	29	0.97788
93	31	1.1059
93	36	0.98055
93	37	0.992499
93	46	0.956421
93	49	0.956056
93	61	1.00375
93	65	0.994425
93	67	1.06693
93	70	0.973884
93	73	1.05456
93	80	1.00338
93	115	1.01652
93	155	0.954121
93	159	1.63805
93	162	1.2805
93	163	1.12907
93	166	1.09729
93	176	1.50142
93	177	1.45316
94	38	0.976556
94	57	1.02493
94	59	1.30244
94	68	1.01793
94	97	1.06077
94	109	1.053
94	110	1.03503
94	118	1.03069
94	119	0.9824
94	123	0.997964
94	126	0.979102
94	127	1.01364
94	132	0.98328
94	140	1.1095
94	142	0.970641
94	147	0.998374
94	150	1.01028
94	157	1.15408
94	158	1.06962
94	161	1.07086
94	166	0.947657
94	169	1.69609
94	173	1.00512
95	18	1.3312
95	51	1.15909
95	61	1.52069
95	62	0.946771
95	86	1.40947
95	102	0.906839
95	108	1.17627
95	129	0.943363
95	132	0.923225
95	134	0.928007
95	136	0.931466
95	143	0.942643
95	147	0.938319
95	150	0.95022
95	156	0.858595
95	157	0.907901
95	158	0.915406
95	171	0.826432
95	172	0.863786
95	174	0.82387
95	176	0.806791
95	178	0.808415
95	180	0.863416
96	20	0.927907
96	25	1.11814
96	38	0.991175
96	57	1.03954
96	74	1.03312
96	84	0.976297
96	90	0.97106
96	98	0.788891
96	109	1.06762
96	119	0.997018
96	123	1.01258
96	126	0.993721
96	129	1.01804
96	142	0.98526
96	143	1.01732
96	147	1.01299
96	150	1.02489
96	151	1.02291
96	152	1.13328
96	162	1.55723
96	166	0.962276
96	171	1.8262
96	173	1.01974
97	24	1.0596
97	38	1.03439
97	90	1.01428
97	94	1.06077
97	118	1.08853
97	119	1.04023
97	120	1.14532
97	124	0.823151
97	127	1.07148
97	128	1.01275
97	129	1.06125
97	132	1.04111
97	142	1.02848
97	143	1.06053
97	147	1.05621
97	148	0.897505
97	150	1.06811
97	156	1.38233
97	166	1.00549
97	168	1.57385
97	172	1.26126
97	173	1.06296
97	178	1.69696
97	179	0.834834
98	26	0.717482
98	80	0.776279
98	96	0.788891
98	103	0.800573
98	111	0.830618
98	115	0.667774
98	132	0.734067
98	134	0.628397
98	139	1.17414
98	154	1.08334
98	155	1.09894
98	156	1.03759
98	162	1.02019
98	165	1.00607
98	167	1.03772
98	168	1.00012
98	170	0.988197
98	171	1.00543
98	172	1.04278
98	174	1.00287
98	175	0.980533
98	176	0.98579
98	177	0.999588
98	178	0.987414
98	180	1.04241
99	1	1.07979
99	14	0.961485
99	27	1.04161
99	33	0.915214
99	41	1.11251
99	42	0.976669
99	44	1.06852
99	48	0.97296
99	64	1.02208
99	85	1.08381
99	86	1.00879
99	100	1.03769
99	106	1.02353
99	108	1.02221
99	112	1.04421
99	114	1.02926
99	128	0.98294
99	137	0.874029
99	146	1.34126
99	155	1.17788
99	161	1.1791
99	163	1.35283
99	166	1.32105
99	167	1.44794
99	173	1.03315
100	1	1.05849
100	14	0.940188
100	27	1.02032
100	34	0.990587
100	41	1.09121
100	42	0.955372
100	44	1.04722
100	48	0.951663
100	64	1.00079
100	85	1.06252
100	89	0.584794
100	99	1.03769
100	106	1.00223
100	108	1.00092
100	112	1.02291
100	114	1.00796
100	128	0.961643
100	144	1.03123
100	145	0.884993
100	148	0.882036
100	153	1.10011
100	155	1.07076
100	164	2.50721
100	166	1.21392
100	169	1.69721
100	173	1.01185
101	52	0.958327
101	62	1.01916
101	70	0.981694
101	77	1.07682
101	79	1.01476
101	103	1.03753
101	107	1.01471
101	111	0.996887
101	113	0.739487
101	116	1.01546
101	117	1.0003
101	121	0.993664
101	130	1.03857
101	134	1.00039
101	136	1.00385
101	138	1.02616
101	144	1.03683
101	155	1.01394
101	157	1.09838
101	159	1.69787
101	166	0.959987
101	170	1.71496
101	171	1.60929
101	173	1.01745
101	178	1.62467
101	179	0.762545
102	17	1.0259
102	26	0.989789
102	52	0.909956
102	62	0.970785
102	63	0.961927
102	79	0.966388
102	95	0.906839
102	103	0.989157
102	107	0.966338
102	111	0.948515
102	116	0.967094
102	117	0.951925
102	121	0.945293
102	134	0.952021
102	136	0.955479
102	138	0.977787
102	140	1.07855
102	156	1.33479
102	157	1.12313
102	158	0.93942
102	165	1.61152
102	166	0.911616
102	171	1.63404
102	173	0.96908
102	177	1.53772
102	178	1.64942
103	9	0.961439
103	26	1.04809
103	52	0.968261
103	72	0.998733
103	81	1.03665
103	98	0.800573
103	101	1.03753
103	102	0.989157
103	107	1.02464
103	111	1.00682
103	113	0.968078
103	116	1.0254
103	117	1.01023
103	120	1.30163
103	121	1.0036
103	130	1.0485
103	134	1.01033
103	135	0.955929
103	136	1.01378
103	138	1.03609
103	146	1.4059
103	149	1.22262
103	158	0.997725
103	166	0.969921
103	167	1.51259
103	168	1.73015
104	43	0.958149
104	56	1.16213
104	61	1.35285
104	107	1.28755
104	122	0.929981
104	128	1.11538
104	141	1.01631
104	147	1.03944
104	148	1.06214
104	149	1.00056
104	153	0.979061
104	156	0.909798
104	163	0.930496
104	164	0.824263
104	165	0.878272
104	167	0.909928
104	169	0.868568
104	170	0.860401
104	171	0.877635
104	172	0.914989
104	174	0.875073
104	175	0.852738
104	176	0.857994
104	177	0.871792
104	178	0.859618
104	180	0.914619
105	8	0.968408
105	17	0.733594
105	20	1.29398
105	23	1.04997
105	52	1.39959
105	116	1.00286
105	118	0.745547
105	135	1.11614
105	154	1.00641
105	155	1.02202
105	157	1.00998
105	161	1.00911
105	162	0.943263
105	165	0.929144
105	167	0.960801
105	168	0.923201
105	169	0.91944
105	170	0.911273
105	171	0.928507
105	172	0.965861
105	174	0.925945
105	175	0.90361
105	176	0.908867
105	177	0.922664
105	178	0.91049
105	180	0.965491
106	1	1.04433
106	14	0.926025
106	41	1.07705
106	42	0.941209
106	44	1.03306
106	48	0.9375
106	64	0.986624
106	65	0.98247
106	66	0.966914
106	85	1.04835
106	86	0.973333
106	88	1.11669
106	91	0.853901
106	99	1.02353
106	100	1.00223
106	108	0.986755
106	112	1.00875
106	114	0.9938
106	128	0.94748
106	141	1.15253
106	144	1.01707
106	145	1.12419
106	152	1.21239
106	166	1.45312
106	169	1.9364
106	173	0.997687
106	179	1.05856
107	17	1.06138
107	52	0.945442
107	63	0.997412
107	72	0.975914
107	79	1.00187
107	84	1.1374
107	91	0.9359
107	101	1.01471
107	102	0.966338
107	103	1.02464
107	104	1.28755
107	111	0.984001
107	113	1.1175
107	116	1.00258
107	117	0.987411
107	121	0.980779
107	134	0.987506
107	136	0.990965
107	137	1.0881
107	138	1.01327
107	141	1.23453
107	144	1.02395
107	148	1.20323
107	158	0.974906
107	160	1.6011
107	166	0.947102
107	173	1.00457
108	1	1.04301
108	14	0.924714
108	27	1.00484
108	35	1.16595
108	41	1.07574
108	42	0.939898
108	44	1.03175
108	48	0.936189
108	64	0.985313
108	66	0.965603
108	85	1.04704
108	86	0.972022
108	95	1.17627
108	99	1.02221
108	100	1.00092
108	106	0.986755
108	112	1.00744
108	113	0.838386
108	114	0.992489
108	128	0.946169
108	130	0.925723
108	133	1.2532
108	144	1.01576
108	149	1.09293
108	159	1.79677
108	165	1.68567
108	173	0.996376
109	24	1.05183
109	28	1.02787
109	74	1.06857
109	90	1.00651
109	92	1.05657
109	94	1.053
109	96	1.06762
109	110	1.0851
109	118	1.08076
109	119	1.03247
109	123	1.04803
109	126	1.02917
109	130	1.10294
109	132	1.03335
109	137	0.986196
109	142	1.02071
109	143	1.05276
109	144	1.12253
109	145	1.10429
109	147	1.04844
109	149	1.27014
109	150	1.06034
109	158	1.29003
109	161	1.29127
109	162	1.61643
109	173	1.05519
109	179	1.03866
110	56	0.969473
110	57	1.05702
110	71	0.401466
110	74	1.0506
110	76	0.743706
110	87	1.02113
110	90	0.988537
110	94	1.03503
110	109	1.0851
110	118	1.06279
110	119	1.0145
110	123	1.03006
110	126	1.0112
110	127	1.04574
110	129	1.03551
110	130	0.817395
110	132	1.01538
110	142	1.00274
110	143	1.03479
110	147	1.03047
110	150	1.04237
110	155	1.00451
110	159	1.68844
110	172	1.17954
110	173	1.03722
110	175	1.6063
110	177	1.50354
110	178	1.61524
111	9	0.920797
111	16	1.03925
111	62	0.988448
111	72	0.958091
111	79	0.984051
111	98	0.830618
111	101	0.996887
111	102	0.948515
111	103	1.00682
111	107	0.984001
111	116	0.984757
111	117	0.969588
111	121	0.962956
111	130	1.00786
111	134	0.969684
111	136	0.973142
111	137	0.96872
111	138	0.99545
111	140	1.31243
111	144	1.00613
111	152	1.17501
111	158	0.957083
111	159	1.9565
111	163	1.44752
111	166	0.929279
111	173	0.986743
111	176	1.81987
111	179	1.02118
112	1	1.06501
112	14	0.946709
112	27	1.02684
112	41	1.09773
112	42	0.961892
112	44	1.05374
112	48	0.958183
112	64	1.00731
112	65	1.00315
112	66	0.987597
112	85	1.06904
112	86	0.994016
112	99	1.04421
112	100	1.02291
112	106	1.00875
112	108	1.00744
112	114	1.01448
112	120	1.2018
112	128	0.968163
112	144	1.03775
112	149	1.1228
112	152	1.04514
112	153	1.17206
112	157	1.22714
112	166	1.28587
112	167	1.41277
112	171	1.73806
112	173	1.01837
112	180	1.21471
113	6	1.1022
113	12	0.960133
113	18	0.993311
113	40	1.12002
113	41	0.687283
113	45	1.08734
113	46	1.13625
113	51	1.05268
113	53	1.04263
113	92	1.05463
113	101	0.739487
113	103	0.968078
113	107	1.1175
113	108	0.838386
113	114	0.748724
113	123	1.0461
113	127	1.06178
113	128	1.00305
113	138	0.85913
113	142	1.01878
113	143	1.05083
113	150	1.05841
113	157	1.01609
113	162	0.949377
113	174	0.932059
113	176	0.914981
113	177	0.928778
113	178	0.916604
113	180	0.971605
114	1	1.05006
114	14	0.931759
114	27	1.01189
114	34	0.982157
114	41	1.08278
114	42	0.946943
114	44	1.03879
114	48	0.943234
114	64	0.992357
114	65	0.988204
114	66	0.972648
114	68	0.971462
114	85	1.05409
114	86	0.979067
114	99	1.02926
114	100	1.00796
114	106	0.9938
114	108	0.992489
114	112	1.01448
114	113	0.748724
114	128	0.953214
114	130	0.836062
114	144	1.0228
114	167	1.29324
114	168	1.5108
114	169	1.64962
114	173	1.00342
114	174	1.469
114	176	1.57047
114	180	1.09518
115	8	1.05122
115	10	1.05016
115	15	1.04628
115	29	0.98242
115	30	0.955926
115	36	0.985091
115	37	0.997039
115	43	1.04576
115	49	0.960597
115	55	0.990158
115	58	1.07737
115	60	1.07766
115	61	1.00829
115	69	1.00106
115	73	1.0591
115	75	1.8959
115	82	0.980209
115	93	1.01652
115	98	0.667774
115	124	0.846655
115	128	0.963975
115	139	0.926962
115	152	1.01217
115	158	0.984522
115	160	1.31888
115	163	1.28468
115	166	1.25289
115	177	1.60876
115	179	1.06122
116	9	0.939375
116	16	1.05783
116	17	1.06214
116	52	0.946197
116	54	0.889961
116	62	1.00703
116	71	0.738912
116	81	1.01459
116	101	1.01546
116	102	0.967094
116	103	1.0254
116	105	1.00286
116	107	1.00258
116	111	0.984757
116	117	0.988166
116	121	0.981534
116	130	1.02644
116	134	0.988262
116	136	0.99172
116	138	1.01403
116	141	1.18453
116	144	1.0247
116	155	1.34195
116	156	1.63806
116	158	0.975661
116	166	0.947857
116	172	1.51699
116	173	1.00532
116	179	1.09056
116	180	1.41396
117	9	0.924207
117	16	1.04266
117	17	1.04697
117	26	1.01086
117	63	0.982999
117	72	0.961501
117	78	0.789744
117	79	0.987461
117	81	0.999422
117	89	0.624897
117	101	1.0003
117	102	0.951925
117	103	1.01023
117	107	0.987411
117	111	0.969588
117	116	0.988166
117	121	0.966366
117	130	1.01127
117	131	1.25699
117	134	0.973093
117	136	0.976552
117	138	0.99886
117	153	1.14021
117	158	0.960493
117	165	1.68369
117	166	0.932689
117	170	1.81188
117	173	0.990153
117	175	1.71265
117	177	1.60989
117	179	0.859467
118	2	1.08049
118	7	1.08047
118	28	1.00556
118	38	1.00431
118	74	1.04626
118	77	0.737192
118	90	0.984199
118	92	1.03426
118	94	1.03069
118	97	1.08853
118	105	0.745547
118	109	1.08076
118	110	1.06279
118	119	1.01016
118	123	1.02572
118	126	1.00686
118	129	1.03117
118	130	0.897533
118	135	0.798046
118	142	0.998398
118	143	1.03045
118	144	0.917125
118	147	1.02613
118	150	1.03803
118	160	1.29379
118	162	1.41103
118	164	2.5211
118	166	0.975414
118	168	1.57227
118	173	1.03288
118	179	0.833253
119	22	1.00702
119	38	0.956021
119	56	0.916842
119	57	1.00439
119	71	0.663185
119	76	1.00543
119	87	0.968503
119	92	0.985964
119	94	0.9824
119	96	0.997018
119	97	1.04023
119	109	1.03247
119	110	1.0145
119	118	1.01016
119	123	0.977429
119	126	0.958567
119	127	0.993109
119	129	0.982883
119	130	1.07911
119	132	0.962745
119	142	0.950106
119	143	0.982162
119	147	0.977839
119	150	0.98974
119	153	1.29558
119	155	1.26622
119	156	1.56233
119	157	1.35067
119	159	1.95016
119	161	1.26745
119	173	0.984586
120	29	1.41616
120	52	1.79779
120	70	1.09634
120	75	0.900912
120	97	1.14532
120	103	1.30163
120	112	1.2018
120	145	1.03368
120	146	0.933815
120	154	0.953339
120	155	0.968944
120	156	0.907595
120	157	0.956902
120	159	0.863006
120	160	0.909807
120	161	0.956034
120	162	0.890188
120	163	0.928294
120	165	0.876069
120	167	0.907726
120	168	0.870127
120	169	0.866366
120	170	0.858199
120	171	0.875433
120	173	1.04241
120	174	0.87287
120	175	0.850535
120	176	0.855792
120	177	0.86959
120	178	0.857416
120	180	0.912417
121	9	0.917575
121	17	1.04034
121	26	1.00423
121	35	1.19797
121	52	0.924397
121	62	0.985225
121	63	0.976367
121	70	0.947763
121	72	0.954869
121	81	0.99279
121	101	0.993664
121	102	0.945293
121	103	1.0036
121	107	0.980779
121	111	0.962956
121	116	0.981534
121	117	0.966366
121	130	1.00464
121	133	1.28523
121	134	0.966461
121	135	0.858261
121	136	0.96992
121	138	0.992228
121	154	1.19921
121	158	0.953861
121	161	1.14608
121	162	1.47124
121	166	0.926057
121	169	1.77131
121	172	1.31989
121	173	0.983521
121	178	1.7556
122	26	1.48034
122	32	1.12921
122	65	1.45225
122	104	0.929981
122	126	1.37098
122	128	1.54069
122	133	0.903445
122	148	1.00689
122	150	1.42204
122	151	0.977995
122	152	0.930324
122	153	0.92381
122	154	0.900291
122	156	0.854547
122	157	0.903854
122	159	0.809958
122	160	0.856759
122	161	0.902986
122	163	0.875246
122	165	0.823021
122	167	0.854678
122	168	0.817079
122	169	0.813318
122	170	0.805151
122	171	0.822385
122	172	0.859738
122	174	0.819822
122	176	0.802744
122	177	0.816542
122	178	0.804368
122	180	0.859369
123	7	1.04774
123	24	0.996791
123	28	0.972829
123	54	0.522336
123	56	0.932407
123	57	1.01996
123	91	1.06393
123	92	1.00153
123	94	0.997964
123	96	1.01258
123	109	1.04803
123	110	1.03006
123	113	1.0461
123	118	1.02572
123	119	0.977429
123	126	0.974132
123	127	1.00867
123	128	0.949944
123	129	0.998447
123	132	0.978309
123	139	0.791562
123	143	0.997727
123	147	0.993403
123	150	1.0053
123	156	1.27044
123	158	0.974311
123	162	1.30071
123	164	2.41078
123	165	1.54716
123	170	1.67535
123	173	1.00015
123	177	1.47336
123	179	0.722937
124	12	1.3647
124	22	0.946291
124	24	1.02434
124	38	1.27349
124	52	1.47562
124	97	0.823151
124	115	0.846655
124	125	0.98935
124	137	1.11351
124	143	0.953048
124	146	0.978546
124	147	0.880764
124	152	1.0281
124	153	1.02159
124	155	1.01367
124	156	0.952326
124	157	1.00163
124	159	0.907737
124	160	0.954538
124	161	1.00076
124	162	0.934919
124	164	0.866791
124	165	0.9208
124	168	0.914858
124	169	0.911096
124	170	0.90293
124	171	0.920163
124	172	0.957517
124	174	0.917601
124	175	0.895266
124	176	0.900523
124	177	0.914321
124	178	0.902147
124	180	0.957148
125	7	1.4894
125	14	1.56652
125	19	0.970744
125	72	1.47002
125	81	1.40686
125	124	0.98935
125	126	1.21427
125	127	1.14968
125	140	0.963381
125	141	0.977901
125	149	0.962147
125	151	0.994836
125	152	0.947165
125	155	0.932737
125	157	0.920695
125	160	0.8736
125	161	0.919827
125	163	0.892087
125	164	0.785854
125	165	0.839862
125	167	0.871519
125	168	0.83392
125	169	0.830159
125	170	0.821992
125	171	0.839226
125	172	0.87658
125	174	0.836663
125	175	0.814328
125	176	0.819585
125	177	0.833383
125	178	0.821209
125	179	1.0049
125	180	0.87621
126	5	1.0723
126	13	0.707466
126	20	0.889456
126	22	1.00372
126	38	0.952724
126	67	1.03858
126	74	0.994672
126	90	0.932609
126	92	0.982667
126	94	0.979102
126	96	0.993721
126	109	1.02917
126	110	1.0112
126	118	1.00686
126	119	0.958567
126	122	1.37098
126	123	0.974132
126	125	1.21427
126	127	0.989812
126	128	0.931082
126	129	0.979585
126	132	0.959448
126	141	0.892652
126	142	0.946809
126	143	0.978865
126	144	0.882558
126	147	0.974541
126	150	0.986443
126	153	1.07943
126	157	1.13452
126	164	2.48653
126	166	0.923825
126	172	1.22511
126	173	0.981289
126	178	1.66081
127	2	1.06344
127	20	0.923998
127	24	1.01247
127	28	0.988509
127	56	0.948087
127	57	1.03564
127	59	1.21828
127	74	1.02921
127	77	0.638027
127	87	0.999747
127	90	0.967151
127	92	1.01721
127	94	1.01364
127	97	1.07148
127	110	1.04574
127	113	1.06178
127	119	0.993109
127	123	1.00867
127	125	1.14968
127	126	0.989812
127	129	1.01413
127	132	0.993989
127	140	1.02534
127	142	0.98135
127	143	1.01341
127	147	1.00908
127	150	1.02098
127	153	1.01484
127	154	1.03983
127	166	0.958367
127	167	1.25554
127	170	1.6865
127	171	1.58084
127	173	1.01583
127	178	1.59622
127	180	1.05748
128	1	1.00374
128	8	0.994143
128	10	0.993082
128	15	0.989195
128	43	0.988677
128	77	1.01646
128	86	0.932747
128	90	0.908421
128	97	1.01275
128	99	0.98294
128	100	0.961643
128	104	1.11538
128	106	0.94748
128	108	0.946169
128	112	0.968163
128	113	1.00305
128	114	0.953214
128	115	0.963975
128	122	1.54069
128	123	0.949944
128	126	0.931082
128	129	0.955397
128	130	0.978218
128	133	1.36015
128	135	0.933181
128	142	0.922621
128	147	0.950353
128	148	1.03106
128	150	0.962255
128	154	1.27413
128	160	1.42893
128	172	1.39481
128	173	0.957101
128	175	1.82157
128	179	1.00414
128	180	1.29178
129	2	1.05321
129	7	1.05319
129	20	0.913772
129	38	0.97704
129	70	0.969847
129	74	1.01899
129	87	0.989521
129	90	0.956924
129	92	1.00698
129	95	0.943363
129	96	1.01804
129	97	1.06125
129	110	1.03551
129	118	1.03117
129	119	0.982883
129	123	0.998447
129	126	0.979585
129	127	1.01413
129	128	0.955397
129	131	1.42714
129	132	0.983763
129	135	0.994404
129	139	1.09824
129	142	0.971124
129	143	1.00318
129	144	1.11348
129	147	0.998857
129	148	1.09228
129	150	1.01076
129	152	1.18344
129	154	1.33535
129	163	1.45595
129	166	0.94814
129	173	1.0056
129	175	1.88279
129	176	1.8283
129	179	1.02961
130	3	1.05968
130	8	1.06547
130	10	1.06441
130	15	1.06052
130	30	0.970169
130	37	1.26828
130	43	1.06
130	55	1.12518
130	66	0.875838
130	90	1.13728
130	101	1.03857
130	103	1.0485
130	108	0.925723
130	109	1.10294
130	110	0.817395
130	111	1.00786
130	114	0.836062
130	116	1.02644
130	117	1.01127
130	118	0.897533
130	119	1.07911
130	121	1.00464
130	128	0.978218
130	134	1.01137
130	136	1.01482
130	138	1.03713
130	143	1.02901
130	156	0.941953
130	164	0.856418
130	170	0.892556
130	172	0.947144
130	174	0.907228
130	175	0.884893
130	176	0.89015
130	177	0.903948
130	178	0.891774
130	179	1.07546
130	180	0.946775
131	35	0.968183
131	60	1.12686
131	63	1.2667
131	66	1.20908
131	117	1.25699
131	129	1.42714
131	134	1.21649
131	140	0.986063
131	141	1.00058
131	146	0.920289
131	149	0.984829
131	150	1.24727
131	152	0.969847
131	153	0.963333
131	154	0.939813
131	157	0.943376
131	159	0.849481
131	160	0.896281
131	161	0.942509
131	162	0.876662
131	163	0.914768
131	164	0.808535
131	165	0.862544
131	167	0.8942
131	168	0.856601
131	169	0.85284
131	170	0.844673
131	171	0.861907
131	172	0.899261
131	173	1.12945
131	174	0.859345
131	175	0.83701
131	176	0.842266
131	177	0.856064
131	178	0.84389
131	180	0.898891
132	2	1.03308
132	7	1.03305
132	13	0.83341
132	22	1.0079
132	24	0.982106
132	28	0.958145
132	56	0.917723
132	57	1.00527
132	70	0.949709
132	78	0.854907
132	87	0.969383
132	89	0.69006
132	91	1.04924
132	92	0.986845
132	94	0.98328
132	95	0.923225
132	97	1.04111
132	98	0.734067
132	109	1.03335
132	110	1.01538
132	119	0.962745
132	123	0.978309
132	126	0.959448
132	127	0.993989
132	129	0.983763
132	142	0.950986
132	143	0.983043
132	147	0.978719
132	150	0.99062
132	153	1.20538
132	156	1.47213
132	158	1.176
132	163	1.35097
132	166	0.928003
132	169	1.80247
132	173	0.985466
132	175	1.77781
