1	7	1.03371
1	17	1.00361
1	18	0.747657
1	37	1.05341
1	39	1.05233
1	40	1.05152
1	49	1.12092
1	130	1.25228
1	146	1.09409
1	161	1.81699
1	167	1.0398
1	173	1.39328
2	16	0.985473
2	30	1.06103
2	36	1.03679
2	44	1.1213
2	51	1.09006
2	53	1.09037
2	118	1.18817
2	135	1.16962
2	153	0.940625
2	160	1.07495
2	166	1.39405
2	173	1.46736
3	44	1.32479
3	54	1.54705
3	143	0.932026
3	162	0.922221
3	164	0.827499
3	172	0.837893
3	173	0.895229
3	176	0.811454
3	177	0.757087
3	178	0.777368
3	179	0.787377
3	180	0.837382
4	58	0.956597
4	65	0.969837
4	69	0.931651
4	70	1.02363
4	72	0.943332
4	79	0.976263
4	94	0.933001
4	127	1.12617
4	140	0.855403
4	149	2.19819
4	153	0.8311
4	162	1.50355
5	16	0.985473
5	30	1.06103
5	36	1.03679
5	44	1.1213
5	51	1.09006
5	53	1.09037
5	145	0.970065
5	152	1.53106
5	153	0.940625
5	155	1.68754
5	160	1.07495
5	168	1.0674
6	19	0.85937
6	22	0.992609
6	26	0.991076
6	41	1.01136
6	45	0.973196
6	63	0.94599
6	67	0.917055
6	123	0.966883
6	140	1.52785
6	151	1.30739
6	169	0.781977
6	179	2.0397
7	1	1.03371
7	17	0.844705
7	31	1.11849
7	33	2.09099
7	37	0.894506
7	39	0.893426
7	40	0.892608
7	49	0.962016
7	83	1.1174
7	146	0.935178
7	154	1.58541
7	167	0.880895
8	78	1.04464
8	107	1.06091
8	117	1.01716
8	129	1.01629
8	132	1.08579
8	136	1.05921
8	137	1.06254
8	139	1.0517
8	140	1.50462
8	150	0.892043
8	165	1.45917
8	172	1.44044
9	20	0.984571
9	38	0.914781
9	47	1.08289
9	57	0.942495
9	62	0.958328
9	73	1.02723
9	154	0.821903
9	160	0.94184
9	167	0.885822
9	178	2.00919
9	179	1.74072
10	43	0.989944
10	52	0.955435
10	75	0.85985
10	76	0.936476
10	77	0.924706
10	84	0.976225
10	85	0.892983
10	113	1.19383
10	125	0.966506
10	146	0.922359
10	151	1.4303
10	169	2.22464
11	12	1.01034
11	32	0.927755
11	35	0.927289
11	56	1.7024
11	59	0.938356
11	61	0.938649
11	66	0.938988
11	68	1.00293
11	127	1.39864
11	134	0.893238
11	138	1.7107
11	165	0.830182
12	11	1.01034
12	32	1.04808
12	46	1.08233
12	59	1.05868
12	61	1.05898
12	66	1.05932
12	68	1.12326
12	149	1.40187
12	153	1.6272
12	165	0.950509
12	167	0.8722
12	172	1.3974
13	16	1.03593
13	36	1.08724
13	44	1.17176
13	51	1.14051
13	53	1.14083
13	140	1.69973
13	145	0.742524
13	146	0.918736
13	149	1.64001
13	153	0.99108
13	160	1.1254
14	52	1.08222
14	75	0.986634
14	76	1.06326
14	77	1.05149
14	84	1.10301
14	85	1.01977
14	87	1.06879
14	141	1.35229
14	146	1.04914
14	153	1.4907
14	155	1.08536
14	164	1.35461
15	103	1.09281
15	112	1.04685
15	117	1.03561
15	132	1.10423
15	136	1.07765
15	137	1.08099
15	139	1.07015
15	166	1.09714
15	169	0.886807
15	173	1.17045
15	175	1.42003
15	180	1.56236
16	2	0.985473
16	5	0.985473
16	13	1.03593
16	30	0.895626
16	44	0.955896
16	51	0.92465
16	53	0.924967
16	146	0.788254
16	153	0.775218
16	160	0.909543
16	170	1.74281
16	178	2.34957
17	1	1.00361
17	7	0.844705
17	31	1.08838
17	37	0.864404
17	39	0.863324
17	40	0.862506
17	49	0.931914
17	118	0.923788
17	144	1.47692
17	146	0.905076
17	164	1.98373
17	167	0.850793
17	180	1.69956
18	1	0.747657
18	67	0.684735
18	110	0.789766
18	116	1.12193
18	125	0.442999
18	159	1.08341
18	163	1.00914
18	175	1.03984
18	176	0.985799
18	177	0.931433
18	178	0.951713
18	179	0.961723
18	180	1.01173
19	6	0.85937
19	22	0.943266
19	23	1.14562
19	41	0.962019
19	45	0.923852
19	63	0.896647
19	64	0.888126
19	67	0.867712
19	108	1.51304
19	123	0.91754
19	126	1.68029
19	166	1.94194
19	169	0.732634
20	9	0.984571
20	38	1.01469
20	47	1.1828
20	57	1.04241
20	62	1.05824
20	73	1.12714
20	98	1.52736
20	118	1.06619
20	130	1.20439
20	157	1.42005
20	160	1.04175
20	167	0.985734
21	35	1.04677
21	46	1.08149
21	59	1.05784
21	61	1.05813
21	66	1.05847
21	68	1.12241
21	82	0.699694
21	134	1.01272
21	138	1.10205
21	147	0.934133
21	165	0.949667
21	169	2.49561
22	6	0.992609
22	19	0.943266
22	26	1.07497
22	41	1.09526
22	45	1.05709
22	64	1.02137
22	67	1.00095
22	91	1.07185
22	143	0.633357
22	144	0.924836
22	165	1.35667
22	169	0.865873
22	177	2.65029
23	19	1.14562
23	41	1.29761
23	45	1.25945
23	63	1.23224
23	64	1.22372
23	67	1.20331
23	105	0.927088
23	111	1.06373
23	151	1.60909
23	156	1.07404
23	168	0.969679
23	169	1.06823
24	29	1.00064
24	55	1.1136
24	58	1.00577
24	65	1.01901
24	70	1.0728
24	72	0.992505
24	79	1.02544
24	118	1.07576
24	123	1.02761
24	133	1.03083
24	144	1.52421
24	153	0.880274
24	163	1.90427
25	27	1.00906
25	43	1.069
25	75	0.938911
25	76	1.01554
25	77	1.00377
25	84	1.05529
25	85	0.972043
25	87	1.02106
25	91	0.774918
25	123	0.824957
25	125	1.04557
25	140	1.70671
25	169	2.2806
26	6	0.991076
26	22	1.07497
26	41	1.09372
26	45	1.05556
26	63	1.02835
26	64	1.01983
26	67	0.999418
26	90	1.00184
26	141	1.90628
26	159	1.11246
26	167	1.2897
26	169	0.86434
26	173	1.23253
27	25	1.00906
27	43	1.07078
27	52	1.03627
27	75	0.940683
27	76	1.01731
27	77	1.00554
27	84	1.05706
27	85	0.973815
27	87	1.02284
27	145	1.03554
27	159	1.22612
27	172	1.92855
27	173	1.34619
28	32	1.0096
28	35	1.00914
28	46	1.04385
28	59	1.0202
28	61	1.0205
28	66	1.02084
28	68	1.08478
28	122	1.27534
28	134	0.975086
28	147	1.13907
28	165	0.91203
28	166	1.40679
28	175	1.72968
29	24	1.00064
29	58	0.976229
29	65	0.989469
29	69	0.951282
29	70	1.04326
29	72	0.962963
29	79	0.995894
29	91	1.01915
29	125	1.02747
29	153	0.850732
29	158	0.871927
29	170	1.99499
29	175	1.42444
29	180	1.56677
30	2	1.06103
30	5	1.06103
30	16	0.895626
30	36	0.946942
30	44	1.03145
30	51	1.00021
30	53	1.00053
30	94	0.952678
30	153	0.850777
30	156	1.0401
30	160	0.985103
30	163	1.69838
30	172	1.73142
30	175	1.39863
31	7	1.11849
31	17	1.08838
31	37	1.13819
31	39	1.13711
31	40	1.13629
31	49	1.2057
31	88	0.912297
31	98	1.49582
31	128	0.964117
31	142	1.27444
31	143	1.19164
31	146	1.17886
31	167	1.12457
32	11	0.927755
32	12	1.04808
32	28	1.0096
32	35	0.96503
32	46	0.999743
32	59	0.976097
32	61	0.97639
32	66	0.976729
32	68	1.04067
32	83	0.989733
32	105	0.962252
32	165	0.867923
32	174	1.47391
32	179	2.37657
33	7	2.09099
33	52	1.69519
33	57	0.870885
33	91	0.904319
33	100	0.874198
33	104	0.844665
33	110	0.886457
33	140	0.760207
33	160	0.87023
33	167	0.814212
33	175	0.789829
33	178	0.701703
33	179	0.711713
33	180	0.761717
34	50	0.776498
34	117	1.06685
34	119	1.05871
34	120	1.06731
34	124	1.09742
34	128	1.01996
34	129	1.06598
34	131	1.1023
34	136	1.10889
34	137	1.11222
34	139	1.10139
34	146	1.23525
34	159	1.24963
34	172	1.95206
35	11	0.927289
35	21	1.04677
35	28	1.00914
35	32	0.96503
35	46	0.999277
35	59	0.975631
35	61	0.975924
35	66	0.976263
35	68	1.0402
35	109	0.857363
35	113	1.34429
35	142	1.11525
35	165	0.867457
35	178	2.58154
36	2	1.03679
36	5	1.03679
36	13	1.08724
36	30	0.946942
36	44	1.00721
36	50	0.832816
36	51	0.975966
36	53	0.976283
36	94	0.928435
36	105	1.1701
36	153	0.826534
36	155	1.83284
36	160	0.960859
36	163	1.97533
37	1	1.05341
37	7	0.894506
37	17	0.864404
37	31	1.13819
37	39	0.913126
37	40	0.912307
37	49	0.981715
37	94	0.924188
37	108	1.37795
37	118	0.97359
37	133	1.55604
37	135	1.58242
37	146	0.954878
37	158	1.57723
37	167	0.900595
38	9	0.914781
38	20	1.01469
38	47	1.11301
38	57	0.972616
38	62	0.988449
38	73	1.05735
38	97	0.937927
38	122	0.94118
38	126	1.08269
38	146	1.28323
38	157	1.49233
38	160	0.971961
38	165	2.01876
38	167	0.915943
39	1	1.05233
39	7	0.893426
39	17	0.863324
39	31	1.13711
39	37	0.913126
39	40	0.911228
39	49	0.980635
39	88	1.32265
39	94	0.923108
39	115	1.3651
39	118	0.97251
39	128	1.37447
39	146	0.953798
39	167	0.899515
39	174	1.97996
40	1	1.05152
40	7	0.892608
40	17	0.862506
40	31	1.13629
40	37	0.912307
40	39	0.911228
40	49	0.979817
40	94	0.92229
40	108	0.77419
40	118	0.971692
40	146	0.95298
40	147	0.935364
40	164	1.95248
40	167	0.898697
40	169	2.49684
41	6	1.01136
41	19	0.962019
41	22	1.09526
41	23	1.29761
41	26	1.09372
41	45	1.07584
41	63	1.04864
41	64	1.04012
41	67	1.0197
41	71	0.891998
41	105	1.32828
41	116	1.36589
41	135	1.28645
41	142	1.54477
41	169	0.884626
42	81	1.06574
42	86	1.04831
42	89	1.00702
42	92	1.10052
42	93	1.04556
42	99	1.07235
42	102	1.07213
42	104	1.01925
42	106	1.07204
42	110	1.06105
42	116	0.773236
42	141	1.66529
42	163	1.54086
42	172	1.5739
42	173	0.991541
43	10	0.989944
43	25	1.069
43	27	1.07078
43	75	1.00063
43	76	1.07725
43	77	1.06548
43	82	0.813215
43	84	1.117
43	85	1.03376
43	87	1.08278
43	134	1.01359
43	150	1.42266
43	151	1.81479
43	158	1.08576
43	173	1.3887
44	2	1.1213
44	3	1.32479
44	5	1.1213
44	13	1.17176
44	16	0.955896
44	30	1.03145
44	36	1.00721
44	51	1.06048
44	53	1.0608
44	108	0.636777
44	111	1.01973
44	113	1.32862
44	114	1.79703
44	153	0.911047
44	160	1.04537
45	6	0.973196
45	19	0.923852
45	22	1.05709
45	23	1.25945
45	26	1.05556
45	41	1.07584
45	63	1.01047
45	64	1.00195
45	67	0.981538
45	122	0.810947
45	123	1.03137
45	166	0.942401
45	168	0.8024
45	169	0.846459
45	177	2.91043
45	180	1.40762
46	12	1.08233
46	21	1.08149
46	28	1.04385
46	32	0.999743
46	35	0.999277
46	59	1.01034
46	61	1.01064
46	66	1.01098
46	68	1.07492
46	118	0.859754
46	134	0.965226
46	140	1.7855
46	142	1.09953
46	152	1.38929
46	165	0.90217
46	176	1.75594
47	9	1.08289
47	20	1.1828
47	38	1.11301
47	57	1.14073
47	62	1.15656
47	73	1.22546
47	118	0.986523
47	138	1.09259
47	146	1.13128
47	147	0.924678
47	160	1.14007
47	167	1.08405
47	172	1.84808
48	107	0.962296
48	112	0.929797
48	119	0.910416
48	120	0.919012
48	124	0.949122
48	128	1.20454
48	129	0.917684
48	131	0.954007
48	132	0.987176
48	136	0.960596
48	137	0.963928
48	139	0.953094
48	146	1.41984
48	159	1.43421
48	169	0.76975
48	170	2.3744
49	1	1.12092
49	7	0.962016
49	17	0.931914
49	31	1.2057
49	37	0.981715
49	39	0.980635
49	40	0.979817
49	94	0.991698
49	118	1.0411
49	138	0.645311
49	146	1.02239
49	149	1.40527
49	165	1.41954
49	167	0.968105
49	178	2.24531
49	180	1.21034
50	34	0.776498
50	36	0.832816
50	72	0.555128
50	93	0.873639
50	133	1.10255
50	139	0.526484
50	166	1.08444
50	168	1.11574
50	171	1.05258
50	174	1.02197
50	175	1.02716
50	176	0.973122
50	177	0.918756
50	178	0.939036
50	179	0.949046
50	180	0.999051
51	2	1.09006
51	5	1.09006
51	13	1.14051
51	16	0.92465
51	30	1.00021
51	36	0.975966
51	44	1.06048
51	53	1.02955
51	94	0.981702
51	100	1.3138
51	118	1.13946
51	149	2.00549
51	153	0.879801
51	158	1.11571
51	159	1.29858
51	160	1.01413
52	10	0.955435
52	14	1.08222
52	27	1.03627
52	33	1.69519
52	75	0.966117
52	76	1.04274
52	84	1.08249
52	85	0.99925
52	87	1.04827
52	97	0.996327
52	134	0.979082
52	145	0.639378
52	146	1.02863
52	163	1.49935
52	164	1.62611
52	171	0.992014
53	2	1.09037
53	5	1.09037
53	13	1.14083
53	16	0.924967
53	30	1.00053
53	36	0.976283
53	44	1.0608
53	51	1.02955
53	94	0.982019
53	108	0.675245
53	153	0.880118
53	156	1.0685
53	160	1.01444
53	166	1.10414
53	174	1.43321
53	178	2.60434
54	3	1.54705
54	80	0.929302
54	96	1.15143
54	101	0.968249
54	116	1.14295
54	117	0.904384
54	120	0.904843
54	122	0.896689
54	124	0.934953
54	129	0.903515
54	131	0.939838
54	132	0.973007
54	136	0.946427
54	137	0.949759
54	139	0.938925
54	170	2.18138
55	24	1.1136
55	56	0.768901
55	58	1.0892
55	65	1.10244
55	69	1.06425
55	70	1.15623
55	72	1.07593
55	79	1.10886
55	98	1.13229
55	123	1.11104
55	125	1.14044
55	140	0.988001
55	146	0.815887
55	153	0.963699
55	165	1.55142
55	175	1.1999
55	179	2.10873
56	11	1.7024
56	55	0.768901
56	73	1.00806
56	118	1.00599
56	130	0.988323
56	141	0.888143
56	151	0.908676
56	158	1.04822
56	160	0.795102
56	161	0.884924
56	168	0.997185
56	171	0.934028
56	174	0.903417
56	177	0.800202
56	178	0.820483
56	179	0.830492
56	180	0.880497
57	9	0.942495
57	20	1.04241
57	33	0.870885
57	38	0.972616
57	47	1.14073
57	62	1.01616
57	73	1.08507
57	90	0.965287
57	97	0.965641
57	115	1.08216
57	122	0.968894
57	123	1.20606
57	160	0.999675
57	162	1.33346
57	167	0.943657
57	175	1.69084
57	180	1.83317
58	4	0.956597
58	24	1.00577
58	29	0.976229
58	55	1.0892
58	65	0.994604
58	69	0.956418
58	70	1.0484
58	79	1.00103
58	94	0.957767
58	100	1.30547
58	108	0.908112
58	123	1.00321
58	125	1.0326
58	133	1.0862
58	140	0.880169
58	155	1.81716
58	176	2.02731
59	11	0.938356
59	12	1.05868
59	21	1.05784
59	28	1.0202
59	32	0.976097
59	35	0.975631
59	46	1.01034
59	61	0.986991
59	66	0.987331
59	68	1.05127
59	122	1.26666
59	128	1.12169
59	134	0.94158
59	147	1.13039
59	165	0.878524
59	171	1.51341
59	176	2.08842
60	107	1.00889
60	112	0.976392
60	117	0.965148
60	119	0.957011
60	120	0.965607
60	121	1.00032
60	124	0.995717
60	129	0.964279
60	131	1.0006
60	132	1.03377
60	136	1.00719
60	137	1.01052
60	138	1.06641
60	154	1.47912
60	156	1.13058
60	161	1.66325
60	172	1.8219
61	11	0.938649
61	12	1.05898
61	21	1.05813
61	28	1.0205
61	32	0.97639
61	35	0.975924
61	46	1.01064
61	59	0.986991
61	66	0.987623
61	68	1.05156
61	96	1.1315
61	134	0.941873
61	141	2.01507
61	143	1.2191
61	147	1.00028
61	161	1.76503
61	165	0.878817
62	9	0.958328
62	20	1.05824
62	38	0.988449
62	47	1.15656
62	57	1.01616
62	73	1.1009
62	83	0.955588
62	90	0.981121
62	97	0.981474
62	122	0.984727
62	156	1.07506
62	160	1.01551
62	165	1.78511
62	167	0.95949
62	171	1.226
62	176	1.801
63	6	0.94599
63	19	0.896647
63	23	1.23224
63	26	1.02835
63	41	1.04864
63	45	1.01047
63	64	0.974747
63	67	0.954332
63	90	0.956756
63	91	1.02523
63	96	0.906321
63	111	0.996879
63	123	1.00416
63	153	1.92831
63	158	0.813208
63	169	0.819254
63	178	2.54302
64	19	0.888126
64	22	1.02137
64	23	1.22372
64	26	1.01983
64	41	1.04012
64	45	1.00195
64	63	0.974747
64	67	0.945812
64	90	0.948235
64	91	1.01671
64	108	0.948264
64	123	0.995639
64	144	1.61974
64	148	1.52415
64	152	1.70082
64	166	1.37716
64	169	0.810733
65	4	0.969837
65	24	1.01901
65	29	0.989469
65	55	1.10244
65	58	0.994604
65	69	0.969658
65	70	1.06164
65	72	0.981338
65	79	1.01427
65	95	1.28444
65	125	1.04584
65	133	1.3277
65	140	0.893409
65	143	1.52961
65	153	0.869107
65	159	1.53176
65	168	1.43851
66	11	0.938988
66	12	1.05932
66	21	1.05847
66	28	1.02084
66	32	0.976729
66	35	0.976263
66	46	1.01098
66	59	0.987331
66	61	0.987623
66	68	1.0519
66	123	1.1707
66	134	0.942212
66	156	1.29695
66	165	0.879156
66	167	1.46307
66	171	1.44789
66	180	1.79781
67	6	0.917055
67	18	0.684735
67	19	0.867712
67	22	1.00095
67	23	1.20331
67	26	0.999418
67	41	1.0197
67	45	0.981538
67	63	0.954332
67	64	0.945812
67	90	0.927821
67	91	0.996298
67	116	1.11205
67	123	0.975225
67	153	2.14252
67	159	1.21029
67	163	1.87968
67	169	0.790319
68	11	1.00293
68	12	1.12326
68	21	1.12241
68	28	1.08478
68	32	1.04067
68	35	1.0402
68	46	1.07492
68	59	1.05127
68	61	1.05156
68	66	1.0519
68	91	0.919261
68	134	1.00615
68	142	1.16509
68	150	1.23847
68	157	1.27916
68	165	0.943096
68	175	1.45408
68	176	1.82149
69	4	0.931651
69	29	0.951282
69	55	1.06425
69	58	0.956418
69	65	0.969658
69	70	1.02345
69	72	0.943152
69	79	0.976083
69	91	0.999335
69	94	0.932821
69	96	1.35351
69	122	1.35856
69	123	0.978262
69	125	1.00766
69	140	0.855223
69	143	1.44112
69	154	1.80292
69	166	1.49002
70	4	1.02363
70	24	1.0728
70	29	1.04326
70	55	1.15623
70	58	1.0484
70	65	1.06164
70	69	1.02345
70	72	1.03513
70	79	1.06806
70	91	1.09132
70	94	1.0248
70	113	1.48022
70	128	0.940862
70	140	0.947203
70	158	0.987661
70	159	1.17053
70	164	1.96668
70	173	1.2906
71	41	0.891998
71	76	0.653627
71	79	0.708301
71	94	0.970918
71	99	0.675851
71	147	1.14039
71	155	0.976025
71	156	1.04744
71	161	0.96016
71	164	0.94585
71	172	0.956244
71	173	1.01358
71	174	0.978653
71	176	0.929805
71	177	0.875438
71	178	0.895718
71	179	0.905728
71	180	0.955733
72	4	0.943332
72	24	0.992505
72	29	0.962963
72	50	0.555128
72	55	1.07593
72	65	0.981338
72	69	0.943152
72	70	1.03513
72	79	0.987764
72	91	1.01102
72	94	0.944502
72	123	0.989943
72	138	0.975195
72	140	0.866904
72	153	0.842601
72	167	1.20549
72	169	2.36876
72	170	1.96844
73	9	1.02723
73	20	1.12714
73	38	1.05735
73	47	1.22546
73	56	1.00806
73	57	1.08507
73	62	1.1009
73	90	1.05002
73	97	1.05038
73	115	0.830379
73	122	1.05363
73	147	0.848444
73	153	2.00165
73	158	0.886547
73	160	1.08441
73	167	1.02839
73	180	1.58139
74	81	1.0753
74	86	1.05787
74	89	1.01657
74	92	1.11007
74	93	1.05511
74	95	0.814336
74	99	1.0819
74	102	1.08169
74	104	1.02881
74	105	0.925815
74	106	1.0816
74	110	1.0706
74	157	1.25638
74	160	1.05437
74	162	1.07392
74	165	0.940039
74	174	1.43748
74	179	2.34013
75	10	0.85985
75	14	0.986634
75	25	0.938911
75	27	0.940683
75	43	1.00063
75	52	0.966117
75	76	0.947158
75	77	0.935388
75	84	0.986908
75	87	0.952685
75	108	0.98952
75	116	1.32644
75	125	0.977188
75	134	0.883497
75	135	1.247
75	146	0.933042
75	155	1.95158
75	167	1.60191
75	171	1.58673
76	10	0.936476
76	14	1.06326
76	25	1.01554
76	27	1.01731
76	43	1.07725
76	52	1.04274
76	71	0.653627
76	75	0.947158
76	77	1.01201
76	84	1.06353
76	85	0.980291
76	87	1.02931
76	108	1.06615
76	114	2.00385
76	115	0.986715
76	125	1.05381
76	127	0.860637
76	161	1.76953
76	171	1.38781
77	10	0.924706
77	14	1.05149
77	25	1.00377
77	27	1.00554
77	43	1.06548
77	75	0.935388
77	76	1.01201
77	84	1.05176
77	85	0.96852
77	87	1.01754
77	97	0.965597
77	100	1.17888
77	108	1.05438
77	122	1.07897
77	134	0.948352
77	146	0.997897
77	155	1.69057
77	171	1.32572
77	173	1.28374
77	176	1.90072
78	8	1.04464
78	80	1.00524
78	101	1.04418
78	107	1.02406
78	112	0.991563
78	113	1.42913
78	119	0.972182
78	121	1.01549
78	124	1.01089
78	129	0.97945
78	131	1.01577
78	135	0.941763
78	136	1.02236
78	137	1.02569
78	139	1.01486
78	151	1.6656
78	154	1.47909
78	157	1.31416
78	169	0.831516
78	180	1.63141
79	4	0.976263
79	24	1.02544
79	29	0.995894
79	55	1.10886
79	58	1.00103
79	65	1.01427
79	69	0.976083
79	70	1.06806
79	71	0.708301
79	72	0.987764
79	94	0.977433
79	100	1.29564
79	123	1.02287
79	125	1.05227
79	128	1.05076
79	140	0.899835
79	153	0.875533
79	168	1.18718
79	176	2.01748
79	180	1.7924
80	54	0.929302
80	78	1.00524
80	100	1.15028
80	101	1.04163
80	109	0.95783
80	111	1.13587
80	112	0.989009
80	117	0.977765
80	119	0.969628
80	120	0.978223
80	121	1.01294
80	129	0.976896
80	131	1.01322
80	132	1.04639
80	136	1.01981
80	137	1.02314
80	139	1.01231
80	151	1.68123
80	170	2.07525
80	174	1.51089
81	42	1.06574
81	74	1.0753
81	86	1.02344
81	89	0.982143
81	92	1.07564
81	93	1.02068
81	98	1.49944
81	99	1.04748
81	102	1.04726
81	104	0.99438
81	106	1.04717
81	110	1.03617
81	111	1.19821
81	135	1.01973
81	150	1.35145
81	160	1.01994
81	165	0.905609
81	168	1.10416
81	176	1.93446
82	21	0.699694
82	43	0.813215
82	94	1.08763
82	121	0.719062
82	131	0.49881
82	134	0.878165
82	150	1.04996
82	155	0.978825
82	156	1.05024
82	157	1.01435
82	162	1.04337
82	163	0.955947
82	168	1.07522
82	172	0.959044
82	174	0.981453
82	175	0.986645
82	176	0.932605
82	177	0.878238
82	178	0.898518
82	179	0.908528
82	180	0.958533
83	7	1.1174
83	32	0.989733
83	62	0.955588
83	97	1.29849
83	109	1.06434
83	136	0.848748
83	144	0.958512
83	152	0.948321
83	156	0.994789
83	157	0.958903
83	158	1.07081
83	164	0.893202
83	171	0.956616
83	172	0.903597
83	175	0.931198
83	176	0.877157
83	177	0.822791
83	178	0.843071
83	179	0.853081
83	180	0.903086
84	10	0.976225
84	14	1.10301
84	25	1.05529
84	27	1.05706
84	43	1.117
84	52	1.08249
84	75	0.986908
84	76	1.06353
84	77	1.05176
84	85	1.02004
84	87	1.06906
84	97	1.01712
84	108	1.10589
84	116	1.03811
84	134	0.999872
84	148	1.33008
84	154	1.496
84	157	1.33108
84	158	0.953478
84	161	1.68013
84	167	1.31358
85	10	0.892983
85	14	1.01977
85	25	0.972043
85	27	0.973815
85	43	1.03376
85	52	0.99925
85	76	0.980291
85	77	0.96852
85	84	1.02004
85	87	0.985817
85	97	0.933875
85	108	1.02265
85	125	1.01032
85	127	0.808856
85	134	0.916629
85	143	1.17182
85	146	0.966174
85	162	1.18624
85	168	1.08072
85	173	1.29404
85	177	3.18875
86	42	1.04831
86	74	1.05787
86	81	1.02344
86	89	0.964713
86	92	1.05821
86	93	1.00325
86	99	1.03005
86	102	1.02983
86	104	0.976951
86	106	1.02974
86	110	1.01874
86	130	1.06062
86	140	0.892493
86	148	1.27529
86	150	1.23559
86	155	1.60845
86	160	1.00252
86	165	0.88818
86	174	1.45737
86	176	1.81861
87	14	1.06879
87	25	1.02106
87	27	1.02284
87	43	1.08278
87	52	1.04827
87	75	0.952685
87	76	1.02931
87	77	1.01754
87	84	1.06906
87	85	0.985817
87	91	1.28414
87	97	0.982895
87	108	1.07167
87	122	1.36462
87	125	1.05934
87	134	0.965649
87	143	1.44717
87	145	1.25873
87	146	1.01519
87	147	1.22834
87	158	1.26645
87	171	1.61137
88	31	0.912297
88	39	1.32265
88	92	0.947163
88	96	0.991154
88	97	1.12536
88	120	1.10709
88	123	0.994343
88	145	1.02733
88	151	0.900993
88	163	0.870228
88	164	0.862931
88	166	0.958206
88	168	0.989502
88	171	0.926345
88	172	0.873325
88	173	0.930661
88	175	0.900926
88	176	0.846886
88	177	0.79252
88	178	0.8128
88	179	0.822809
88	180	0.872814
89	42	1.00702
89	74	1.01657
89	81	0.982143
89	86	0.964713
89	91	1.16444
89	92	1.01692
89	93	0.961956
89	97	0.927184
89	99	0.988749
89	102	0.988533
89	104	0.935653
89	106	0.98844
89	110	0.977445
89	122	1.24491
89	125	1.00363
89	140	0.851195
89	150	1.48365
89	160	0.961218
89	162	1.34188
89	165	0.846883
89	168	1.23636
89	179	2.60809
90	26	1.00184
90	57	0.965287
90	62	0.981121
90	63	0.956756
90	64	0.948235
90	67	0.927821
90	73	1.05002
90	113	1.62391
90	120	0.942004
90	121	0.97672
90	131	0.976999
90	132	1.01017
90	136	0.983589
90	137	0.986921
90	142	1.39487
90	156	1.32533
90	160	0.964632
90	167	0.908614
90	168	1.22097
90	169	0.792743
90	174	1.69004
90	180	1.82619
91	22	1.07185
91	25	0.774918
91	29	1.01915
91	33	0.904319
91	63	1.02523
91	64	1.01671
91	67	0.996298
91	68	0.919261
91	69	0.999335
91	70	1.09132
91	72	1.01102
91	87	1.28414
91	89	1.16444
91	101	0.820077
91	136	0.791932
91	149	0.936742
91	169	0.86122
91	175	0.952709
91	177	0.844302
91	178	0.864582
91	179	0.874592
91	180	0.924597
92	42	1.10052
92	74	1.11007
92	81	1.07564
92	86	1.05821
92	88	0.947163
92	89	1.01692
92	93	1.05546
92	99	1.08225
92	102	1.08203
92	104	1.02915
92	106	1.08194
92	110	1.07095
92	123	1.11352
92	130	1.20772
92	140	0.944695
92	144	1.51798
92	145	1.03807
92	160	1.05472
92	165	0.940383
92	173	1.34872
92	175	1.59829
93	42	1.04556
93	50	0.873639
93	74	1.05511
93	81	1.02068
93	86	1.00325
93	89	0.961956
93	92	1.05546
93	99	1.02729
93	102	1.02707
93	104	0.974193
93	106	1.02698
93	108	1.0545
93	109	1.16953
93	110	1.01598
93	125	1.04217
93	126	1.13186
93	140	0.889735
93	143	1.34462
93	144	1.63609
93	160	0.999758
93	165	0.885422
93	171	1.50882
93	175	1.71641
94	4	0.933001
94	30	0.952678
94	36	0.928435
94	37	0.924188
94	39	0.923108
94	40	0.92229
94	49	0.991698
94	51	0.981702
94	53	0.982019
94	58	0.957767
94	69	0.932821
94	70	1.0248
94	71	0.970918
94	72	0.944502
94	79	0.977433
94	82	1.08763
94	98	1.84508
94	133	1.33898
94	145	1.35246
94	153	0.83227
94	160	0.966596
94	167	0.910577
94	175	1.91268
95	65	1.28444
95	74	0.814336
95	101	0.737933
95	106	0.848757
95	120	1.14126
95	122	0.996418
95	136	0.709787
95	141	0.926331
95	145	1.0732
95	151	0.946865
95	155	0.938978
95	156	1.01039
95	163	0.9161
95	169	0.855309
95	170	0.898562
95	171	0.972217
95	173	0.976533
95	174	0.941606
95	175	0.946798
95	176	0.892757
95	177	0.838391
95	178	0.858671
95	179	0.868681
95	180	0.918686
96	54	1.15143
96	61	1.1315
96	63	0.906321
96	69	1.35351
96	88	0.991154
96	98	0.954773
96	102	0.961527
96	136	0.867349
96	145	1.05485
96	147	1.08499
96	148	0.951501
96	152	0.945569
96	156	0.992037
96	159	0.972015
96	161	0.904761
96	164	0.890451
96	170	0.880211
96	171	0.953865
96	174	0.923254
96	176	0.874406
96	177	0.82004
96	178	0.84032
96	179	0.85033
96	180	0.900334
97	38	0.937927
97	52	0.996327
97	57	0.965641
97	62	0.981474
97	73	1.05038
97	77	0.965597
97	83	1.29849
97	84	1.01712
97	85	0.933875
97	87	0.982895
97	88	1.12536
97	89	0.927184
97	99	0.992516
97	102	0.992301
97	104	0.939421
97	105	1.27101
97	106	0.992208
97	110	0.981213
97	111	1.40765
97	130	1.38592
97	135	1.22918
97	146	0.963251
97	160	0.964986
97	167	0.908968
97	174	1.78268
98	20	1.52736
98	31	1.49582
98	55	1.13229
98	81	1.49944
98	94	1.84508
98	96	0.954773
98	109	0.997693
98	113	0.912886
98	130	0.94426
98	145	0.990945
98	150	0.927859
98	154	0.879473
98	162	0.921273
98	164	0.82655
98	170	0.81631
98	171	0.889965
98	172	0.836945
98	173	0.894281
98	174	0.859353
98	175	0.864546
98	176	0.810505
98	177	0.756139
98	178	0.776419
98	179	0.786429
98	180	0.836434
99	42	1.07235
99	71	0.675851
99	74	1.0819
99	81	1.04748
99	86	1.03005
99	89	0.988749
99	92	1.08225
99	93	1.02729
99	97	0.992516
99	102	1.05387
99	104	1.00099
99	106	1.05377
99	108	1.08129
99	110	1.04278
99	123	1.13284
99	125	1.06896
99	140	0.916528
99	151	1.79414
99	158	1.06511
99	159	1.24798
99	160	1.02655
99	161	1.79175
99	162	1.26024
99	165	0.912215
99	173	1.36805
100	33	0.874198
100	51	1.3138
100	58	1.30547
100	77	1.17888
100	79	1.29564
100	80	1.15028
100	113	0.970928
100	129	0.813004
100	135	0.990694
100	144	0.949902
100	152	0.939711
100	153	0.868663
100	156	0.986179
100	158	1.0622
100	161	0.898903
100	168	1.01116
100	170	0.874352
100	173	0.952323
100	174	0.917395
100	175	0.922588
100	176	0.868547
100	177	0.814181
100	178	0.834461
100	179	0.844471
100	180	0.894476
101	54	0.968249
101	78	1.04418
101	80	1.04163
101	91	0.820077
101	95	0.737933
101	103	1.07392
101	107	1.06046
101	112	1.02796
101	117	1.01671
101	119	1.00858
101	120	1.01717
101	121	1.05189
101	124	1.04728
101	129	1.01584
101	131	1.05217
101	132	1.08534
101	137	1.06209
101	139	1.05125
101	140	1.75187
101	144	1.27458
101	149	1.69216
101	152	1.35566
101	166	1.032
101	169	0.867909
101	174	1.36107
102	42	1.07213
102	74	1.08169
102	81	1.04726
102	86	1.02983
102	89	0.988533
102	92	1.08203
102	93	1.02707
102	96	0.961527
102	97	0.992301
102	99	1.05387
102	104	1.00077
102	105	0.915445
102	106	1.05356
102	108	1.08108
102	110	1.04256
102	125	1.06875
102	140	0.916312
102	151	1.59745
102	152	1.4217
102	156	1.0624
102	160	1.02634
102	161	1.59506
102	162	1.06355
102	165	0.912
102	172	1.75372
103	15	1.09281
103	101	1.07392
103	107	1.05379
103	112	1.02129
103	117	1.01005
103	119	1.00191
103	120	1.01051
103	121	1.04522
103	124	1.04062
103	129	1.00918
103	130	1.03852
103	131	1.0455
103	132	1.07867
103	134	0.981857
103	136	1.05209
103	137	1.05542
103	139	1.04459
103	148	1.25319
103	157	1.25418
103	164	1.85559
103	165	1.78062
103	166	1.1062
103	168	0.966202
103	169	0.861247
103	180	1.57142
104	33	0.844665
104	42	1.01925
104	74	1.02881
104	81	0.99438
104	86	0.976951
104	89	0.935653
104	92	1.02915
104	93	0.974193
104	97	0.939421
104	99	1.00099
104	102	1.00077
104	106	1.00068
104	108	1.0282
104	110	0.989683
104	125	1.01587
104	126	1.30745
104	127	1.15724
104	133	1.3183
104	140	0.863433
104	148	1.71609
104	154	1.88201
104	159	1.52236
104	160	0.973456
104	165	0.85912
104	168	1.42911
105	23	0.927088
105	32	0.962252
105	36	1.1701
105	41	1.32828
105	74	0.925815
105	97	1.27101
105	102	0.915445
105	154	0.984185
105	157	0.996963
105	158	1.10887
105	159	1.01283
105	162	1.02598
105	164	0.931262
105	166	1.02654
105	168	1.05783
105	170	0.921022
105	171	0.994676
105	172	0.941657
105	173	0.998993
105	174	0.964065
105	176	0.915217
105	177	0.860851
105	178	0.881131
105	179	0.891141
105	180	0.941145
106	42	1.07204
106	74	1.0816
106	81	1.04717
106	86	1.02974
106	89	0.98844
106	92	1.08194
106	93	1.02698
106	95	0.848757
106	97	0.992208
106	99	1.05377
106	102	1.05356
106	104	1.00068
106	108	1.08099
106	110	1.04247
106	125	1.06865
106	140	0.916219
106	143	1.09393
106	158	0.913206
106	159	1.09608
106	160	1.02624
106	165	0.911907
106	166	1.14283
106	169	2.43658
106	173	1.21615
106	180	1.60805
107	8	1.06091
107	48	0.962296
107	60	1.00889
107	78	1.02406
107	101	1.06046
107	103	1.05379
107	109	1.12427
107	112	1.00783
107	119	0.988453
107	120	0.997049
107	121	1.03176
107	124	1.02716
107	129	0.995721
107	131	1.03204
107	133	1.09744
107	134	0.968397
107	135	1.12383
107	136	1.03863
107	137	1.04196
107	139	1.03113
107	145	1.11092
107	146	1.28713
107	150	1.45554
107	164	2.09764
107	169	0.847787
107	180	1.81347
108	19	1.51304
108	37	1.37795
108	40	0.77419
108	44	0.636777
108	53	0.675245
108	58	0.908112
108	64	0.948264
108	75	0.98952
108	76	1.06615
108	77	1.05438
108	84	1.10589
108	85	1.02265
108	87	1.07167
108	93	1.0545
108	99	1.08129
108	102	1.08108
108	104	1.0282
108	106	1.08099
108	110	1.06999
108	137	0.533203
108	175	0.973363
108	176	0.919322
108	177	0.864956
108	178	0.885236
108	179	0.895246
108	180	0.945251
109	35	0.857363
109	80	0.95783
109	83	1.06434
109	93	1.16953
109	98	0.997693
109	107	1.12427
109	114	0.945349
109	119	0.889774
109	131	0.776987
109	137	0.738116
109	141	0.950899
109	149	0.955398
109	154	0.986293
109	157	0.999071
109	161	0.94768
109	165	0.937431
109	168	1.05994
109	170	0.92313
109	172	0.943765
109	173	1.0011
109	175	0.971366
109	176	0.917325
109	177	0.862959
109	178	0.883239
109	179	0.893249
109	180	0.943254
110	18	0.789766
110	33	0.886457
110	42	1.06105
110	74	1.0706
110	81	1.03617
110	86	1.01874
110	89	0.977445
110	92	1.07095
110	93	1.01598
110	97	0.981213
110	99	1.04278
110	102	1.04256
110	104	0.989683
110	106	1.04247
110	108	1.06999
110	118	1.15619
110	123	1.20018
110	125	1.05766
110	138	1.26226
110	140	0.905224
110	158	1.13245
110	160	1.01525
110	162	1.32759
110	165	0.900912
110	168	1.22207
110	179	2.59379
111	23	1.06373
111	44	1.01973
111	63	0.996879
111	80	1.13587
111	81	1.19821
111	97	1.40765
111	141	0.92911
111	143	1.01611
111	144	0.976891
111	148	0.972631
111	149	0.933609
111	152	0.9667
111	159	0.993145
111	160	0.85726
111	162	1.0063
111	163	0.918878
111	164	0.911581
111	168	1.03815
111	171	0.974995
111	172	0.921976
111	173	0.979312
111	175	0.949577
111	176	0.895536
111	177	0.84117
111	178	0.86145
111	179	0.87146
111	180	0.921465
112	15	1.04685
112	48	0.929797
112	60	0.976392
112	78	0.991563
112	80	0.989009
112	101	1.02796
112	103	1.02129
112	107	1.00783
112	117	0.964091
112	119	0.955954
112	120	0.96455
112	121	0.999265
112	123	1.18974
112	124	0.99466
112	127	0.939761
112	129	0.963222
112	131	0.999545
112	132	1.03271
112	136	1.00613
112	137	1.00947
112	139	0.998632
112	141	2.0987
112	156	1.31599
112	167	1.48211
112	168	1.21163
112	171	1.46693
112	174	1.6807
113	10	1.19383
113	35	1.34429
113	44	1.32862
113	70	1.48022
113	78	1.42913
113	90	1.62391
113	98	0.912886
113	100	0.970928
113	126	0.97005
113	144	0.913873
113	150	0.949872
113	151	0.886625
113	156	0.95015
113	157	0.914264
113	158	1.02617
113	163	0.85586
113	164	0.848563
113	170	0.838323
113	171	0.911978
113	172	0.858958
113	173	0.916294
113	174	0.881366
113	175	0.886559
113	176	0.832518
113	177	0.778152
113	178	0.798432
113	179	0.808442
113	180	0.858447
114	44	1.79703
114	76	2.00385
114	109	0.945349
114	126	0.895694
114	128	0.936117
114	131	1.73232
114	136	1.73521
114	142	0.898846
114	148	0.835257
114	150	0.875516
114	151	0.812269
114	155	0.804382
114	158	0.951814
114	161	0.788517
114	162	0.868929
114	164	0.774207
114	165	0.778268
114	170	0.763967
114	172	0.784601
114	173	0.841937
114	174	0.80701
114	175	0.812202
114	176	0.758162
114	177	0.703796
114	178	0.724076
114	179	0.734086
114	180	0.78409
115	39	1.3651
115	57	1.08216
115	73	0.830379
115	76	0.986715
115	121	0.935436
115	124	0.89727
115	139	0.760573
115	143	0.995031
115	144	0.955813
115	147	1.08504
115	150	0.991812
115	152	0.945622
115	158	1.06811
115	159	0.972067
115	162	0.985226
115	166	0.985779
115	168	1.01707
115	170	0.880263
115	171	0.953918
115	172	0.900898
115	174	0.923306
115	175	0.928499
115	176	0.874458
115	177	0.820092
115	178	0.840372
115	179	0.850382
115	180	0.900387
116	18	1.12193
116	41	1.36589
116	42	0.773236
116	54	1.14295
116	67	1.11205
116	75	1.32644
116	84	1.03811
116	130	1.00002
116	134	1.23534
116	138	1.02176
116	142	1.00695
116	145	1.04671
116	149	0.904342
116	150	0.983623
116	156	0.983901
116	157	0.948015
116	161	0.896624
116	163	0.889611
116	165	0.886375
116	170	0.872074
116	173	0.950045
116	174	0.915117
116	175	0.92031
116	176	0.866269
116	177	0.811903
116	178	0.832183
116	179	0.842193
116	180	0.892198
117	8	1.01716
117	15	1.03561
117	34	1.06685
117	54	0.904384
117	60	0.965148
117	80	0.977765
117	101	1.01671
117	103	1.01005
117	112	0.964091
117	119	0.94471
117	120	0.953305
117	121	0.988021
117	124	0.983415
117	127	0.884988
117	129	0.951978
117	131	0.9883
117	132	1.02147
117	136	0.99489
117	137	0.998222
117	139	0.987388
117	142	1.33075
117	148	1.44384
117	149	1.95701
117	157	1.44483
117	162	1.26237
117	167	1.42734
117	169	0.804044
117	172	1.95253
118	2	1.18817
118	17	0.923788
118	20	1.06619
118	24	1.07576
118	37	0.97359
118	39	0.97251
118	40	0.971692
118	46	0.859754
118	47	0.986523
118	49	1.0411
118	51	1.13946
118	56	1.00599
118	110	1.15619
118	120	0.993369
118	121	1.02808
118	125	0.809424
118	129	0.992042
118	132	1.06153
118	136	1.03495
118	137	1.03829
118	139	1.02745
118	151	0.935663
118	152	0.95272
118	155	0.927776
118	167	0.959979
118	177	0.82719
118	178	0.84747
118	179	0.85748
118	180	0.907484
119	34	1.05871
119	48	0.910416
119	60	0.957011
119	78	0.972182
119	80	0.969628
119	101	1.00858
119	103	1.00191
119	107	0.988453
119	109	0.889774
119	112	0.955954
119	117	0.94471
119	120	0.945169
119	121	0.979885
119	124	0.975279
119	129	0.943841
119	131	0.980164
119	132	1.01333
119	134	0.916517
119	136	0.986753
119	137	0.990085
119	139	0.979252
119	142	1.14766
119	147	0.846036
119	156	1.07812
119	164	1.86315
119	169	0.795907
119	170	2.0072
119	174	1.44283
119	179	2.34548
120	34	1.06731
120	48	0.919012
120	54	0.904843
120	60	0.965607
120	80	0.978223
120	88	1.10709
120	90	0.942004
120	95	1.14126
120	101	1.01717
120	103	1.01051
120	107	0.997049
120	112	0.96455
120	117	0.953305
120	118	0.993369
120	119	0.945169
120	121	0.98848
120	122	0.945611
120	124	0.983874
120	131	0.988759
120	134	0.925113
120	136	0.995348
120	139	0.987847
120	145	1.198
120	146	1.37421
120	147	1.16761
120	157	1.58331
120	165	2.10974
120	169	0.804502
120	173	1.50865
121	60	1.00032
121	78	1.01549
121	80	1.01294
121	82	0.719062
121	90	0.97672
121	101	1.05189
121	103	1.04522
121	107	1.03176
121	112	0.999265
121	115	0.935436
121	117	0.988021
121	118	1.02808
121	119	0.979885
121	120	0.98848
121	122	0.980327
121	124	1.01859
121	129	0.987152
121	131	1.02347
121	132	1.05664
121	136	1.03006
121	137	1.0334
121	138	1.12141
121	139	1.02256
121	147	0.953501
121	150	1.32851
121	161	1.71825
121	162	1.18674
121	176	1.91153
121	180	1.68645
122	28	1.27534
122	38	0.94118
122	45	0.810947
122	54	0.896689
122	57	0.968894
122	59	1.26666
122	62	0.984727
122	69	1.35856
122	73	1.05363
122	77	1.07897
122	87	1.36462
122	89	1.24491
122	95	0.996418
122	120	0.945611
122	121	0.980327
122	126	0.97133
122	131	0.980606
122	132	1.01378
122	136	0.987195
122	139	0.979694
122	144	0.915153
122	160	0.968239
122	167	0.912221
122	176	0.833798
122	177	0.779432
122	178	0.799712
122	179	0.809721
122	180	0.859726
123	6	0.966883
123	19	0.91754
123	24	1.02761
123	25	0.824957
123	45	1.03137
123	55	1.11104
123	57	1.20606
123	58	1.00321
123	63	1.00416
123	64	0.995639
123	66	1.1707
123	67	0.975225
123	69	0.978262
123	72	0.989943
123	79	1.02287
123	88	0.994343
123	92	1.11352
123	99	1.13284
123	110	1.20018
123	112	1.18974
123	153	0.877711
123	160	0.741322
123	169	0.840147
123	173	0.961371
123	174	0.926443
123	175	0.931635
123	177	0.823229
123	178	0.843509
123	179	0.853519
123	180	0.903524
124	34	1.09742
124	48	0.949122
124	54	0.934953
124	60	0.995717
124	78	1.01089
124	101	1.04728
124	103	1.04062
124	107	1.02716
124	112	0.99466
124	115	0.89727
124	117	0.983415
124	119	0.975279
124	120	0.983874
124	121	1.01859
124	129	0.982547
124	130	1.11537
124	131	1.01887
124	132	1.05204
124	134	0.955223
124	136	1.02546
124	137	1.02879
124	139	1.01796
124	144	1.42564
124	147	0.915335
124	148	1.33004
124	152	1.50672
124	162	1.14858
124	167	1.31354
124	169	0.834612
124	178	2.68325
125	10	0.966506
125	18	0.442999
125	25	1.04557
125	29	1.02747
125	55	1.14044
125	58	1.0326
125	65	1.04584
125	69	1.00766
125	75	0.977188
125	76	1.05381
125	79	1.05227
125	85	1.01032
125	87	1.05934
125	89	1.00363
125	93	1.04217
125	99	1.06896
125	102	1.06875
125	104	1.01587
125	106	1.06865
125	110	1.05766
125	118	0.809424
125	128	0.738884
125	141	1.76237
125	142	1.0492
125	146	1.0397
125	152	1.33896
125	153	0.907107
125	158	0.785682
125	174	1.34437
125	175	1.33819
125	177	2.98333
126	19	1.68029
126	38	1.08269
126	93	1.13186
126	104	1.30745
126	113	0.97005
126	114	0.895694
126	122	0.97133
126	131	0.739318
126	132	0.714887
126	133	0.997093
126	135	0.989816
126	139	0.784707
126	144	0.949025
126	148	0.944764
126	150	0.985023
126	151	0.921777
126	155	0.91389
126	157	0.949415
126	159	0.965279
126	162	0.978437
126	170	0.873474
126	172	0.894109
126	174	0.916518
126	175	0.92171
126	176	0.867669
126	177	0.813303
126	178	0.833583
126	179	0.843593
126	180	0.893598
127	4	1.12617
127	11	1.39864
127	76	0.860637
127	85	0.808856
127	104	1.15724
127	112	0.939761
127	117	0.884988
127	128	1.09127
127	130	1.04707
127	134	0.968461
127	139	0.634495
127	140	0.937738
127	143	1.03389
127	148	0.990414
127	154	0.982287
127	157	0.995065
127	158	1.10697
127	161	0.943675
127	162	1.02409
127	164	0.929365
127	166	1.02464
127	167	0.991743
127	170	0.919124
127	172	0.939759
127	173	0.997095
127	174	0.962168
127	175	0.96736
127	176	0.913319
127	177	0.858953
127	178	0.879233
127	179	0.889243
127	180	0.939248
128	31	0.964117
128	34	1.01996
128	39	1.37447
128	48	1.20454
128	59	1.12169
128	70	0.940862
128	79	1.05076
128	114	0.936117
128	125	0.738884
128	127	1.09127
128	139	0.769942
128	143	1.02867
128	145	1.08853
128	148	0.985188
128	152	0.979256
128	154	0.977061
128	155	0.954313
128	158	1.10174
128	162	1.01886
128	163	0.931435
128	164	0.924138
128	166	1.01941
128	168	1.05071
128	170	0.913898
128	171	0.987552
128	172	0.934532
128	173	0.991868
128	176	0.908093
128	177	0.853726
128	178	0.874007
128	179	0.884016
128	180	0.934021
129	8	1.01629
129	34	1.06598
129	48	0.917684
129	54	0.903515
129	60	0.964279
129	78	0.97945
129	80	0.976896
129	100	0.813004
129	101	1.01584
129	103	1.00918
129	107	0.995721
129	112	0.963222
129	117	0.951978
129	118	0.992042
129	119	0.943841
129	121	0.987152
129	124	0.982547
129	131	0.987432
129	132	1.0206
129	134	0.923785
129	136	0.994021
129	137	0.997353
129	139	0.986519
129	142	0.878442
129	146	0.783421
129	147	0.576819
129	165	1.51896
129	169	0.803175
129	175	1.16743
129	177	2.81257
129	178	2.34474
129	179	2.07627
130	1	1.25228
130	20	1.20439
130	56	0.988323
130	86	1.06062
130	92	1.20772
130	97	1.38592
130	98	0.94426
130	103	1.03852
130	116	1.00002
130	124	1.11537
130	127	1.04707
130	132	0.908857
130	133	0.993316
130	149	0.901966
130	151	0.917999
130	152	0.935056
130	155	0.910113
130	157	0.945638
130	158	1.05754
130	162	0.97466
130	164	0.879937
130	167	0.942316
130	168	1.00651
130	171	0.943352
130	172	0.890332
130	173	0.947668
130	174	0.912741
130	176	0.863892
130	177	0.809526
130	178	0.829806
130	179	0.839816
130	180	0.889821
131	34	1.1023
131	48	0.954007
131	54	0.939838
131	60	1.0006
131	78	1.01577
131	80	1.01322
131	82	0.49881
131	90	0.976999
131	101	1.05217
131	103	1.0455
131	107	1.03204
131	109	0.776987
131	112	0.999545
131	114	1.73232
131	117	0.9883
131	119	0.980164
131	120	0.988759
131	121	1.02347
131	122	0.980606
131	124	1.01887
131	126	0.739318
131	129	0.987432
131	132	1.05692
131	136	1.03034
131	137	1.03368
131	139	1.02284
131	150	1.10826
131	158	0.771351
131	167	1.13145
131	169	0.839498
131	174	1.33004
131	175	1.32386
131	177	2.969
132	8	1.08579
132	15	1.10423
132	48	0.987176
132	54	0.973007
132	60	1.03377
132	80	1.04639
132	90	1.01017
132	101	1.08534
132	103	1.07867
132	112	1.03271
132	117	1.02147
132	118	1.06153
132	119	1.01333
132	121	1.05664
132	122	1.01378
132	124	1.05204
132	126	0.714887
132	129	1.0206
132	130	0.908857
132	131	1.05692
132	134	0.993277
132	136	1.06351
132	137	1.06684
132	139	1.05601
132	143	0.92764
132	150	1.08383
132	153	1.86202
132	157	1.12452
132	163	1.59918
132	167	1.10702
132	168	0.836542
132	169	0.872667
132	175	1.29943
132	178	2.47673
133	24	1.03083
133	37	1.55604
133	50	1.10255
133	58	1.0862
133	65	1.3277
133	94	1.33898
133	104	1.3183
133	107	1.09744
133	126	0.997093
133	130	0.993316
133	135	0.981708
133	137	0.711292
133	138	1.01505
133	141	0.893136
133	144	0.940917
133	149	0.897635
133	150	0.976915
133	152	0.930725
133	156	0.977193
133	159	0.957171
133	164	0.875607
133	168	1.00218
133	169	0.822113
133	170	0.865366
133	171	0.939021
133	172	0.886001
133	174	0.90841
133	175	0.913602
133	176	0.859562
133	177	0.805195
133	178	0.825475
133	179	0.835485
133	180	0.88549
134	11	0.893238
134	21	1.01272
134	28	0.975086
134	43	1.01359
134	46	0.965226
134	52	0.979082
134	59	0.94158
134	61	0.941873
134	66	0.942212
134	68	1.00615
134	75	0.883497
134	77	0.948352
134	82	0.878165
134	84	0.999872
134	85	0.916629
134	87	0.965649
134	103	0.981857
134	107	0.968397
134	116	1.23534
134	119	0.916517
134	120	0.925113
134	124	0.955223
134	127	0.968461
134	129	0.923785
134	132	0.993277
134	139	0.959195
134	145	1.14299
134	146	0.946006
134	148	1.52731
134	156	1.34469
134	163	2.00296
134	165	0.833405
134	171	1.49563
134	176	2.07063
