1	71	1.22405
1	77	1.18883
1	94	0.709009
1	117	1.25723
1	121	1.15426
1	125	1.19544
1	127	1.19316
1	148	0.723658
1	160	0.727917
1	175	0.715934
1	176	1.18702
1	177	0.724786
2	13	0.866796
2	39	0.644835
2	75	0.696278
2	110	0.696098
2	111	1.16729
2	135	1.18835
2	143	1.24047
2	145	0.689342
2	150	1.22076
2	159	1.18749
2	179	1.20176
2	180	1.19387
3	50	0.73112
3	64	0.718507
3	108	0.732924
3	111	1.17989
3	117	0.678157
3	119	1.20168
3	122	1.18062
3	145	0.732574
3	165	1.20855
3	178	1.20841
3	179	1.21437
3	180	1.20648
4	21	1.26182
4	40	1.13611
4	52	0.700631
4	63	1.24484
4	67	1.24058
4	73	1.12414
4	110	0.727642
4	122	1.17663
4	131	0.753992
4	146	1.21588
4	159	0.716025
4	171	0.7033
5	27	0.66329
5	114	1.20934
5	123	0.733151
5	124	1.19885
5	137	1.22052
5	141	1.22971
5	142	1.16513
5	151	1.18823
5	152	1.18823
5	157	0.717014
5	166	0.751963
5	177	0.738207
6	131	1.19114
6	132	0.712069
6	144	0.718872
6	147	0.754942
6	153	1.18155
6	156	1.1953
6	164	1.20027
6	168	1.20786
6	170	1.21183
6	172	1.21204
6	174	0.681845
6	178	0.7401
7	25	0.750656
7	33	0.738525
7	76	1.17337
7	117	1.26293
7	119	0.693082
7	121	1.15996
7	125	1.20114
7	127	1.19886
7	163	0.706936
7	166	1.20756
7	173	1.19618
7	180	0.712094
8	21	1.23582
8	62	1.28836
8	63	1.21884
8	67	1.21458
8	73	1.09814
8	86	0.728371
8	136	1.15439
8	146	1.18988
8	163	0.729078
8	171	0.711538
8	177	0.701001
8	180	0.734236
9	77	1.19116
9	92	0.690697
9	109	0.723695
9	118	1.18642
9	127	1.19548
9	145	0.729121
9	148	0.699869
9	156	0.749766
9	165	1.194
9	174	1.24118
9	179	1.19982
9	180	1.19194
10	124	1.20235
10	133	1.18834
10	137	1.22402
10	141	1.23321
10	142	1.16863
10	143	0.713832
10	151	1.19173
10	152	1.19173
10	166	0.745334
10	167	0.73518
10	174	0.689569
10	175	0.722726
11	33	0.766833
11	38	1.21949
11	66	1.18235
11	74	1.20351
11	79	1.22026
11	87	1.1624
11	103	1.20197
11	123	1.21002
11	128	0.680914
11	166	0.720923
11	172	0.733036
11	175	0.698315
12	25	1.21143
12	89	1.18018
12	95	1.14128
12	96	0.749487
12	115	0.697059
12	116	1.19675
12	122	0.734286
12	123	0.685498
12	156	0.739322
12	173	1.21142
12	175	1.22365
12	177	1.23529
13	2	0.866796
13	91	0.886849
13	124	1.05504
13	133	1.04103
13	137	1.07671
13	141	1.0859
13	142	1.02132
13	151	1.04443
13	152	1.04443
13	155	0.930749
13	175	0.91745
13	176	1.03114
14	16	1.21142
14	87	1.18303
14	103	1.2226
14	116	1.16827
14	118	1.17655
14	135	0.729725
14	162	0.730536
14	165	0.738062
14	167	0.697033
14	174	1.23131
14	177	1.20681
14	179	0.712015
15	23	0.771524
15	93	0.721756
15	146	0.709071
15	161	0.684211
15	162	1.18999
15	169	1.20406
15	170	0.705687
15	171	1.21375
15	177	1.21414
15	178	1.19134
15	179	1.1973
15	180	1.18941
16	14	1.21142
16	26	1.1411
16	38	1.23169
16	66	1.19455
16	79	1.23246
16	87	1.1746
16	103	1.21417
16	134	0.751577
16	138	0.692781
16	147	0.745821
16	173	0.741521
16	174	0.672723
17	39	1.27933
17	89	1.16887
17	95	1.12997
17	116	1.18543
17	158	0.724094
17	166	0.715805
17	171	0.712586
17	172	0.727918
17	173	1.2001
17	175	1.21233
17	176	0.720335
17	177	1.22397
18	45	0.806117
18	49	1.23371
18	89	1.17647
18	95	1.13757
18	97	0.684069
18	116	1.19303
18	158	0.699294
18	168	0.713614
18	173	1.20771
18	175	1.21994
18	177	1.23158
18	179	0.695833
19	77	1.04157
19	104	0.955208
19	117	1.10997
19	121	1.007
19	125	1.04817
19	146	1.05574
19	152	0.893827
19	166	1.05459
19	173	1.04321
19	174	0.860748
19	175	0.893905
19	176	1.03976
20	151	0.712716
20	157	1.22188
20	163	0.72264
20	168	0.730928
20	169	1.19875
20	170	0.706584
20	171	1.20843
20	172	0.720432
20	177	1.20883
20	178	1.18603
20	179	1.19198
20	180	1.1841
21	4	1.26182
21	8	1.23582
21	35	1.13711
21	42	0.797952
21	48	1.21671
21	67	1.24172
21	73	1.12528
21	136	1.18154
21	163	0.705805
21	176	0.696015
21	178	0.693974
21	180	0.710963
22	50	1.1363
22	65	1.15312
22	110	1.13068
22	118	1.1119
22	129	0.743882
22	147	0.797177
22	150	1.14431
22	154	1.13172
22	163	1.12531
22	174	1.16666
22	178	0.782335
22	179	0.784672
22	180	0.799324
23	15	0.771524
23	28	1.25151
23	61	1.18617
23	101	0.724976
23	117	1.17135
23	121	1.06839
23	125	1.10956
23	127	1.10728
23	144	0.793601
23	173	1.1046
23	176	1.10114
23	177	0.798583
23	179	0.817166
24	63	0.746106
24	78	0.785608
24	136	0.811261
24	159	1.11863
24	165	1.12708
24	167	1.14583
24	170	0.767976
24	171	1.14935
24	172	0.781825
24	174	1.17425
24	178	1.12694
24	179	1.1329
24	180	1.12502
25	7	0.750656
25	12	1.21143
25	43	1.09225
25	52	0.80039
25	56	0.804465
25	89	1.11481
25	94	0.776746
25	95	1.07591
25	116	1.13137
25	150	0.772975
25	173	1.14604
25	175	1.15827
25	177	1.16991
26	16	1.1411
26	54	1.11953
26	74	1.15382
26	79	1.17057
26	87	1.11271
26	103	1.15228
26	112	0.763222
26	123	1.16032
26	136	1.08966
26	154	0.76678
26	168	0.8086
26	170	0.784255
26	177	0.772235
27	5	0.66329
27	48	0.651553
27	75	1.27329
27	129	0.623602
27	143	0.628062
27	148	1.33648
27	155	1.28625
27	159	0.66907
27	160	1.31943
27	164	1.28707
27	170	1.29863
27	172	1.29884
27	173	0.672597
28	23	1.25151
28	61	1.37451
28	76	1.27014
28	96	0.68364
28	117	1.3597
28	118	0.671929
28	121	1.25673
28	125	1.29791
28	142	0.671231
28	165	0.669337
28	174	0.582697
28	176	1.28949
28	177	0.624707
29	38	1.17387
29	66	1.13674
29	74	1.15789
29	79	1.17465
29	87	1.11679
29	103	1.15636
29	104	0.809575
29	120	0.80239
29	122	1.08997
29	136	1.09374
29	149	0.77776
29	167	0.760726
29	177	0.757125
30	50	1.13301
30	65	1.14983
30	85	1.12363
30	110	1.12739
30	118	1.10861
30	120	0.813205
30	126	0.771614
30	143	0.750194
30	150	1.14102
30	161	1.15313
30	174	1.16337
30	176	0.786226
30	179	0.786523
31	43	0.747137
31	90	1.25905
31	109	1.30681
31	111	0.665899
31	126	0.606009
31	142	1.29161
31	151	1.31472
31	152	1.31472
31	154	1.31832
31	155	1.29476
31	162	0.639439
31	171	0.612871
31	180	0.635569
32	50	0.793795
32	68	0.745567
32	102	1.12515
32	128	1.18406
32	140	1.17316
32	145	1.12705
32	156	1.11119
32	168	1.12375
32	170	1.12772
32	172	1.12793
32	173	0.793914
32	176	0.785412
32	179	0.785709
33	7	0.738525
33	11	0.766833
33	103	0.770452
33	138	1.15077
33	143	1.16582
33	153	0.845964
33	154	0.774936
33	167	1.14004
33	171	1.14356
33	175	1.13232
33	178	1.12115
33	179	1.12711
33	180	1.11923
34	91	0.804561
34	114	1.1027
34	124	1.0922
34	133	1.07819
34	137	1.11387
34	141	1.12306
34	142	1.05848
34	151	1.08159
34	152	1.08159
34	157	0.822822
34	166	0.857771
34	176	1.0683
34	177	0.844015
34	180	0.877249
35	21	1.13711
35	40	1.01141
35	62	1.18966
35	63	1.12013
35	67	1.11587
35	73	0.999431
35	106	1.08329
35	122	1.05192
35	144	0.844875
35	146	1.09118
35	154	0.844402
35	174	0.807848
35	175	0.841004
35	178	0.866103
36	99	1.23689
36	111	0.726192
36	131	0.723855
36	133	1.21505
36	136	0.717932
36	137	1.25073
36	141	1.25992
36	142	1.19534
36	143	0.644881
36	149	0.683263
36	151	1.21845
36	152	1.21845
36	165	0.707258
36	176	1.20516
37	101	0.778979
37	106	0.852931
37	112	1.11791
37	134	1.07865
37	148	1.1192
37	156	1.06482
37	158	1.07698
37	160	1.10215
37	168	1.07738
37	170	1.08135
37	172	1.08156
37	173	0.879374
37	174	0.810577
37	180	0.88582
38	11	1.21949
38	16	1.23169
38	29	1.17387
38	66	1.22324
38	74	1.2444
38	79	1.26115
38	87	1.20329
38	103	1.24287
38	144	0.680615
38	162	0.722702
38	165	0.730227
38	171	0.696134
38	175	0.676745
38	178	0.701843
39	2	0.644835
39	17	1.27933
39	57	1.24906
39	89	1.19402
39	95	1.15512
39	116	1.21059
39	117	0.678047
39	153	0.769914
39	157	0.683149
39	166	0.718097
39	167	0.707943
39	173	1.22526
39	175	1.23749
39	177	1.24913
40	4	1.13611
40	35	1.01141
40	62	1.1898
40	63	1.12028
40	67	1.11601
40	73	0.999574
40	106	1.08343
40	119	0.863535
40	122	1.05206
40	146	1.09132
40	157	0.828119
40	174	0.807302
40	175	0.840459
40	176	0.867597
41	53	0.869848
41	65	0.823413
41	115	1.12199
41	119	1.07808
41	120	1.0462
41	125	0.848633
41	130	0.79084
41	132	1.11424
41	162	1.08347
41	169	1.09754
41	170	0.85946
41	178	1.08482
41	179	1.09077
41	180	1.08289
42	21	0.797952
42	68	1.12046
42	112	0.831937
42	115	1.10375
42	145	0.869072
42	152	0.832018
42	157	1.10243
42	158	0.862994
42	165	1.06671
42	171	1.08899
42	174	1.11389
42	178	1.06658
42	179	1.07254
42	180	1.06465
43	25	1.09225
43	31	0.747137
43	49	1.11823
43	57	1.11604
43	80	0.821025
43	89	1.061
43	95	1.0221
43	116	1.07756
43	125	0.866721
43	173	1.09224
43	175	1.10447
43	176	0.883814
43	177	1.11611
43	179	0.884111
44	55	0.832831
44	104	1.04406
44	126	1.09513
44	135	1.07722
44	147	1.09126
44	149	1.09138
44	155	0.837515
44	157	1.12052
44	158	0.855113
44	161	0.823613
44	170	0.845089
44	171	1.10707
44	179	1.09062
44	180	1.08274
45	18	0.806117
45	51	1.10018
45	55	1.09201
45	58	1.05135
45	59	1.17405
45	88	1.04407
45	90	1.0281
45	97	0.856412
45	109	1.07586
45	157	0.8284
45	161	1.11207
45	170	0.861613
45	174	1.12231
45	177	0.849593
46	56	0.694361
46	64	0.696475
46	67	0.681987
46	79	0.664036
46	138	1.24145
46	144	1.23481
46	153	0.747991
46	157	1.24769
46	163	0.710495
46	165	1.21197
46	169	1.22456
46	178	1.21183
46	179	1.21779
46	180	1.2099
47	81	1.12234
47	86	0.750325
47	96	0.781888
47	105	0.781188
47	128	1.22207
47	129	0.700748
47	145	1.16507
47	156	1.1492
47	158	1.16137
47	159	0.746217
47	160	1.18653
47	168	1.16176
47	170	1.16573
47	172	1.16594
47	173	0.749743
48	21	1.21671
48	27	0.651553
48	54	0.736883
48	60	0.80838
48	63	1.19973
48	81	0.816091
48	106	1.16289
48	112	0.717458
48	113	1.10779
48	116	1.14358
48	168	0.762835
48	175	1.17048
48	177	1.18212
48	178	1.15931
48	180	1.15739
49	18	1.23371
49	43	1.11823
49	57	1.19583
49	89	1.14079
49	95	1.10189
49	115	0.74146
49	116	1.15736
49	147	0.766043
49	166	0.748711
49	171	0.745492
49	173	1.17203
49	175	1.18426
49	176	0.753241
49	177	1.1959
49	179	0.753538
50	3	0.73112
50	22	1.1363
50	30	1.13301
50	32	0.793795
50	82	1.20916
50	85	1.17268
50	105	1.13129
50	110	1.17644
50	118	1.15765
50	143	0.729648
50	163	1.17106
50	166	0.761151
50	167	0.750996
50	174	1.21242
50	175	0.738542
51	45	1.10018
51	55	1.19035
51	58	1.14968
51	88	1.1424
51	90	1.12643
51	109	1.1742
51	138	0.724038
51	139	0.767465
51	149	0.766625
51	151	0.764142
51	154	1.18571
51	161	1.21041
51	174	1.22065
51	175	0.737137
51	177	0.74599
52	4	0.700631
52	25	0.80039
52	67	0.728161
52	87	0.752868
52	88	0.783975
52	125	0.729786
52	133	1.16273
52	143	1.20203
52	151	1.16612
52	152	1.16612
52	155	1.14616
52	160	1.17934
52	172	1.15875
52	179	1.16331
52	180	1.15543
53	41	0.869848
53	65	1.1777
53	82	1.18799
53	85	1.15151
53	101	0.669527
53	110	1.15527
53	118	1.13649
53	123	0.738078
53	147	0.774222
53	150	1.1689
53	157	0.721941
53	161	1.181
53	163	1.14989
53	174	1.19125
53	175	0.734282
54	26	1.11953
54	48	0.736883
54	66	1.17298
54	74	1.19414
54	79	1.21089
54	87	1.15303
54	103	1.1926
54	122	1.12621
54	123	1.20064
54	133	0.764369
54	136	1.12998
54	173	0.757927
54	176	0.749424
54	177	0.731138
54	180	0.764373
55	44	0.832831
55	45	1.09201
55	51	1.19035
55	58	1.14151
55	88	1.13423
55	90	1.11826
55	109	1.16603
55	130	1.25501
55	150	1.19013
55	152	0.711557
55	166	0.734244
55	168	0.756852
55	169	0.729481
55	174	1.21248
55	178	0.736734
56	25	0.804465
56	46	0.694361
56	75	0.767727
56	82	0.706477
56	114	1.18047
56	124	1.16998
56	133	1.15597
56	134	0.769512
56	137	1.19165
56	139	0.754143
56	141	1.20084
56	142	1.13626
56	151	1.15937
56	152	1.15937
56	176	1.14608
57	39	1.24906
57	43	1.11604
57	49	1.19583
57	89	1.1386
57	93	0.763498
57	95	1.0997
57	97	0.742228
57	116	1.15516
57	144	0.730426
57	154	0.729953
57	156	0.784177
57	166	0.749164
57	173	1.16984
57	175	1.18206
57	177	1.1937
58	45	1.05135
58	51	1.14968
58	55	1.14151
58	88	1.09356
58	90	1.0776
58	92	0.787131
58	97	0.804251
58	105	1.09069
58	109	1.12536
58	139	0.818907
58	141	0.792935
58	154	1.13687
58	161	1.16157
58	166	0.811187
58	174	1.17181
58	175	0.788579
59	45	1.17405
59	88	1.21627
59	90	1.2003
59	106	1.25078
59	109	1.24807
59	115	0.681704
59	123	0.670143
59	135	0.711493
59	150	1.27217
59	154	1.25958
59	161	1.28427
59	162	0.712304
59	174	1.29452
59	175	0.666347
59	176	0.693485
59	177	0.675199
60	48	0.80838
60	85	0.805378
60	102	1.11723
60	112	1.15636
60	126	0.806309
60	131	1.0991
60	143	0.784889
60	155	1.10741
60	158	1.11543
60	160	1.1406
60	162	0.83974
60	164	1.10823
60	168	1.11583
60	170	1.11979
60	172	1.12001
60	174	0.760626
61	23	1.18617
61	28	1.37451
61	117	1.29436
61	121	1.19139
61	125	1.23256
61	127	1.23028
61	139	0.693408
61	150	0.652385
61	165	0.716563
61	166	1.23898
61	173	1.2276
61	175	0.66308
61	176	1.22415
61	178	0.688178
61	179	0.690516
61	180	0.705167
62	8	1.28836
62	35	1.18966
62	40	1.1898
62	63	1.29853
62	67	1.29427
62	73	1.17782
62	99	0.677948
62	106	1.26168
62	107	0.696215
62	122	1.23031
62	146	1.26957
62	155	0.673264
62	169	0.677811
62	176	0.687104
62	179	0.687401
62	180	0.702053
63	4	1.24484
63	8	1.21884
63	24	0.746106
63	35	1.12013
63	40	1.12028
63	48	1.19973
63	62	1.29853
63	67	1.22474
63	73	1.1083
63	123	0.705819
63	136	1.16456
63	144	0.705893
63	146	1.20005
63	159	0.734137
63	162	0.74798
63	166	0.724631
63	180	0.74411
64	3	0.718507
64	46	0.696475
64	65	0.710755
64	116	1.16712
64	141	1.23309
64	142	1.16851
64	151	1.19162
64	152	1.19162
64	165	0.779412
64	167	0.738383
64	168	1.18007
64	170	1.18404
64	172	1.18425
64	174	0.692772
64	175	1.19402
64	177	1.20566
64	180	0.768016
65	22	1.15312
65	30	1.14983
65	41	0.823413
65	53	1.1777
65	64	0.710755
65	82	1.22599
65	85	1.1895
65	110	1.19326
65	118	1.17448
65	155	0.701145
65	161	1.219
65	162	0.733803
65	163	1.18789
65	173	0.723487
65	174	1.22924
65	177	0.696699
65	179	0.715282
66	11	1.18235
66	16	1.19455
66	29	1.13674
66	38	1.22324
66	54	1.17298
66	74	1.20727
66	79	1.22402
66	103	1.20573
66	107	0.75649
66	122	1.13934
66	123	1.21377
66	148	0.727964
66	166	0.742848
66	171	0.739629
66	174	0.687083
66	175	0.72024
66	177	0.729092
67	4	1.24058
67	8	1.21458
67	21	1.24172
67	35	1.11587
67	40	1.11601
67	46	0.681987
67	52	0.728161
67	62	1.29427
67	63	1.22474
67	73	1.10404
67	90	0.746906
67	91	0.68084
67	106	1.1879
67	108	0.748767
67	131	0.781522
67	136	1.16029
67	171	0.730831
68	32	0.745567
68	42	1.12046
68	87	0.723442
68	102	0.730913
68	110	0.734045
68	111	1.17353
68	120	1.16344
68	159	1.19374
68	160	0.702298
68	164	0.72059
68	168	0.735531
68	171	1.22446
68	173	1.20098
68	175	1.21321
68	178	1.20205
68	179	1.20801
68	180	1.20012
69	82	0.691684
69	115	1.20955
69	125	0.719068
69	138	1.202
69	143	1.21705
69	149	1.17909
69	152	0.708943
69	156	0.766643
69	158	0.739919
69	160	0.721005
69	167	1.19126
69	169	1.1851
69	171	1.19479
69	172	0.743743
69	178	1.17238
69	179	1.17834
69	180	1.17045
70	83	1.05623
70	92	0.831341
70	99	1.09441
70	114	1.09707
70	122	0.885373
70	124	1.08658
70	133	1.07257
70	137	1.10825
70	141	1.11744
70	142	1.05286
70	143	0.823895
70	151	1.07596
70	152	1.07596
70	175	0.832789
70	176	1.06268
70	178	0.857887
70	180	0.874876
71	1	1.22405
71	76	1.15681
71	91	1.21576
71	105	0.757352
71	111	0.762683
71	113	0.778205
71	117	1.24637
71	121	1.1434
71	125	1.18457
71	127	1.18229
71	147	0.730207
71	155	0.703565
71	157	0.677926
71	166	1.19099
71	173	1.17961
71	176	1.17616
71	177	0.699119
72	89	0.874447
72	90	0.857365
72	94	1.1057
72	133	0.863984
72	139	1.08061
72	140	0.804364
72	144	1.0923
72	145	0.858876
72	157	1.10517
72	159	1.06101
72	160	0.833884
72	165	1.06946
72	169	1.08204
72	171	1.09173
72	178	1.06932
72	179	1.07528
72	180	1.06739
73	4	1.12414
73	8	1.09814
73	21	1.12528
73	35	0.999431
73	40	0.999574
73	62	1.17782
73	63	1.1083
73	67	1.10404
73	90	0.869436
73	122	1.04009
73	136	1.04385
73	146	1.07934
73	150	0.823277
73	159	0.866087
73	164	0.864248
73	167	0.846426
73	175	0.833972
74	11	1.20351
74	26	1.15382
74	29	1.15789
74	38	1.2444
74	54	1.19414
74	66	1.20727
74	81	0.787744
74	87	1.18732
74	103	1.22689
74	122	1.1605
74	136	1.16427
74	164	0.719547
74	168	0.734488
74	177	0.698123
74	178	0.714369
74	179	0.716707
74	180	0.731358
75	2	0.696278
75	27	1.27329
75	56	0.767727
75	98	1.12129
75	102	1.12262
75	105	0.814018
75	120	0.80105
75	148	1.16304
75	158	1.12083
75	160	1.14599
75	166	1.13432
75	168	1.12122
75	170	1.12519
75	172	1.1254
75	173	0.782573
75	176	0.774071
75	177	1.14681
75	178	0.77203
76	7	1.17337
76	28	1.27014
76	71	1.15681
76	77	1.12159
76	82	0.744254
76	87	0.79472
76	91	1.15938
76	121	1.08701
76	122	0.814176
76	125	1.12819
76	126	0.774118
76	127	1.12591
76	144	0.765462
76	150	0.750897
76	166	1.13461
76	173	1.12323
76	175	0.761592
76	176	1.11977
77	1	1.18883
77	9	1.19116
77	19	1.04157
77	76	1.12159
77	117	1.21115
77	121	1.10818
77	122	0.811822
77	125	1.14935
77	127	1.14707
77	137	0.767215
77	148	0.766961
77	157	0.746897
77	166	1.15577
77	173	1.14439
77	175	0.759237
77	176	1.14094
77	177	0.76809
77	178	0.784336
78	24	0.785608
78	106	1.13572
78	109	1.13301
78	110	1.14348
78	118	1.1247
78	141	1.18239
78	142	1.11781
78	150	1.15711
78	151	1.14091
78	152	1.14091
78	154	1.14452
78	156	0.799146
78	160	0.753509
78	165	0.795008
78	173	0.777166
78	174	1.17946
78	175	0.741525
78	177	0.750377
79	11	1.22026
79	16	1.23246
79	26	1.17057
79	29	1.17465
79	38	1.26115
79	46	0.664036
79	54	1.21089
79	66	1.22402
79	87	1.20407
79	103	1.24364
79	122	1.17725
79	135	0.738636
79	136	1.18102
79	147	0.733431
79	149	0.722978
79	166	0.716099
79	169	0.711336
79	177	0.702343
79	179	0.720926
80	43	0.821025
80	83	0.750069
80	90	0.702835
80	101	1.27095
80	103	0.666284
80	132	1.22189
80	138	1.22209
80	139	1.20375
80	149	1.19918
80	154	0.670768
80	156	0.724991
80	159	1.18416
80	161	0.666768
80	167	1.21135
80	169	1.20519
80	170	0.688243
80	178	1.19247
80	179	1.19843
80	180	1.19054
81	47	1.12234
81	48	0.816091
81	74	0.787744
81	90	0.836957
81	97	0.817165
81	100	1.10714
81	145	1.10648
81	146	1.11742
81	148	1.145
81	152	0.801415
81	153	1.07687
81	155	1.09476
81	158	1.10278
81	164	1.09558
81	167	0.813947
81	170	1.10714
81	172	1.10736
81	175	1.11712
81	176	0.828632
82	50	1.20916
82	53	1.18799
82	56	0.706477
82	65	1.22599
82	69	0.691684
82	76	0.744254
82	84	0.694515
82	85	1.19979
82	106	0.69488
82	110	1.20355
82	118	1.18477
82	150	1.21718
82	153	0.760107
82	154	1.20459
82	161	1.22929
82	163	1.19817
82	174	1.23953
82	175	0.685682
82	180	0.727769
83	70	1.05623
83	80	0.750069
83	99	1.16441
83	101	0.720964
83	114	1.16707
83	124	1.15658
83	126	0.798245
83	133	1.14257
83	137	1.17825
83	140	0.768182
83	141	1.18744
83	142	1.12286
83	151	1.14596
83	152	1.14596
83	173	0.82136
83	174	0.752562
83	176	1.13268
83	177	0.794571
84	82	0.694515
84	88	0.776088
84	108	0.749178
84	116	0.766302
84	119	1.15256
84	131	0.781934
84	132	1.18872
84	134	0.757549
84	135	1.15184
84	138	1.18891
84	144	1.18227
84	145	0.748829
84	154	0.71525
84	162	1.15795
84	165	1.15943
84	167	1.17818
84	173	1.15823
84	178	1.15929
84	179	1.16525
84	180	1.15737
85	30	1.12363
85	50	1.17268
85	53	1.15151
85	60	0.805378
85	65	1.1895
85	82	1.19979
85	100	0.760332
85	105	1.12192
85	110	1.16706
85	118	1.14828
85	154	1.1681
85	161	1.1928
85	162	0.760573
85	163	1.16169
85	166	0.737225
85	167	0.72707
85	173	0.750257
85	174	1.20304
85	177	0.723469
85	179	0.742052
86	8	0.728371
86	47	0.750325
86	104	1.12224
86	113	1.11133
86	129	1.20747
86	130	0.691496
86	132	1.19228
86	147	1.16944
86	149	1.16956
86	151	0.766248
86	153	0.813668
86	155	0.752542
86	157	1.1987
86	159	1.15454
86	160	0.751227
86	161	0.73864
86	165	1.16299
86	167	1.18173
86	179	1.16881
86	180	1.16092
87	11	1.1624
87	14	1.18303
87	16	1.1746
87	26	1.11271
87	29	1.11679
87	38	1.20329
87	52	0.752868
87	54	1.15303
87	68	0.723442
87	74	1.18732
87	76	0.79472
87	79	1.20407
87	103	1.18578
87	123	1.19382
87	136	1.12316
87	146	0.760405
87	174	0.702992
87	176	0.763287
87	177	0.745001
87	178	0.761247
88	45	1.04407
88	51	1.1424
88	52	0.783975
88	55	1.13423
88	58	1.09356
88	59	1.21627
88	84	0.776088
88	90	1.07032
88	105	1.08341
88	109	1.11808
88	111	0.839672
88	115	0.782613
88	130	1.20706
88	132	0.764323
88	146	0.791512
88	150	1.14218
88	154	1.12959
88	161	1.15429
88	174	1.16453
88	177	0.776108
88	178	0.792354
89	12	1.18018
89	17	1.16887
89	18	1.17647
89	25	1.11481
89	39	1.19402
89	43	1.061
89	49	1.14079
89	57	1.1386
89	72	0.874447
89	95	1.04466
89	116	1.10012
89	152	0.755488
89	155	0.768865
89	166	0.778175
89	167	0.76802
89	168	0.800783
89	169	0.773412
89	173	1.1148
89	175	1.12702
89	177	1.13866
89	179	0.783002
90	31	1.25905
90	45	1.0281
90	51	1.12643
90	55	1.11826
90	58	1.0776
90	59	1.2003
90	67	0.746906
90	72	0.857365
90	73	0.869436
90	80	0.702835
90	81	0.836957
90	88	1.07032
90	109	1.10211
90	130	1.19109
90	150	1.12622
90	154	1.11363
90	159	0.770599
90	161	1.13832
90	169	0.75633
90	174	1.14857
90	178	0.763583
91	13	0.886849
91	34	0.804561
91	67	0.68084
91	71	1.21576
91	76	1.15938
91	108	1.19467
91	116	0.726868
91	127	1.18486
91	133	0.714503
91	137	0.680397
91	142	0.727796
91	151	0.699424
91	159	1.17493
91	161	0.671816
91	164	1.17287
91	169	1.19597
91	170	1.18443
91	172	1.18464
91	176	1.17873
91	178	1.18325
91	179	1.1892
91	180	1.18132
92	9	0.690697
92	58	0.787131
92	70	0.831341
92	125	0.711618
92	128	1.23743
92	134	1.17839
92	138	0.688473
92	140	1.22653
92	145	1.18043
92	147	0.741513
92	153	1.15081
92	156	1.16456
92	157	0.689232
92	158	1.17673
92	163	1.18586
92	164	1.16953
92	166	1.19022
92	168	1.17712
92	170	1.18109
92	172	1.1813
92	173	0.737213
92	176	0.728711
93	15	0.721756
93	57	0.763498
93	97	0.755634
93	102	1.18743
93	107	1.2029
93	108	1.20024
93	129	0.726608
93	131	1.16931
93	132	0.73703
93	134	1.1873
93	145	1.18933
93	150	0.729267
93	152	0.739884
93	153	1.15972
93	156	1.17347
93	157	0.727622
93	158	1.18563
93	164	1.17843
93	168	1.18603
93	170	1.19
93	172	1.19021
93	174	0.706806
94	1	0.709009
94	25	0.776746
94	72	1.1057
94	113	1.13302
94	115	1.22171
94	117	0.678655
94	118	0.752171
94	120	1.14593
94	134	0.741792
94	136	0.760253
94	143	1.22921
94	157	1.2204
94	159	1.17623
94	160	0.70808
94	163	0.733025
94	165	1.18468
94	171	1.20695
94	172	0.730818
94	175	1.19571
94	177	1.20735
94	179	1.1905
94	180	1.18261
95	12	1.14128
95	17	1.12997
95	18	1.13757
95	25	1.07591
95	39	1.15512
95	43	1.0221
95	49	1.10189
95	57	1.0997
95	89	1.04466
95	116	1.06122
95	130	1.1668
95	132	0.809888
95	135	0.857967
95	138	0.799722
95	146	0.837077
95	159	0.844935
95	173	1.0759
95	174	0.779664
95	175	1.08812
95	176	0.839959
95	177	1.09976
95	179	0.840256
96	12	0.749487
96	28	0.68364
96	47	0.781888
96	111	1.1166
96	119	1.13838
96	126	1.15559
96	130	0.723059
96	144	1.16809
96	146	0.795063
96	147	1.15171
96	148	0.77853
96	149	1.15183
96	157	1.18097
96	160	0.78279
96	165	1.14525
96	170	0.791679
96	171	1.16753
96	172	0.805528
96	173	1.14405
96	176	1.1406
96	178	1.14512
96	179	1.15108
96	180	1.14319
97	18	0.684069
97	45	0.856412
97	57	0.742228
97	58	0.804251
97	81	0.817165
97	93	0.755634
97	109	0.750242
97	117	1.20554
97	121	1.10257
97	125	1.14375
97	127	1.14146
97	133	1.14522
97	137	1.1809
97	151	1.14861
97	152	1.14861
97	154	0.722089
97	167	1.15873
97	168	0.763909
97	171	1.16225
97	173	1.13878
97	178	1.13985
97	179	1.14581
97	180	1.13792
98	75	1.12129
98	100	1.14663
98	106	0.732953
98	107	1.15954
98	111	0.796172
98	113	0.811693
98	128	1.20297
98	140	1.19207
98	142	0.779132
98	145	1.14597
98	147	0.763696
98	153	1.11635
98	155	1.13425
98	158	1.14227
98	160	1.16743
98	164	1.13507
98	165	0.777238
98	168	1.14267
98	169	0.741601
98	170	1.14663
98	171	0.743144
98	172	1.14684
98	180	0.765842
99	36	1.23689
99	62	0.677948
99	70	1.09441
99	83	1.16441
99	114	1.20525
99	115	0.736361
99	120	0.775121
99	124	1.19476
99	133	1.18075
99	137	1.21642
99	141	1.22561
99	142	1.16103
99	151	1.18414
99	152	1.18414
99	158	0.7519
99	163	1.18133
99	171	0.740392
99	174	0.687846
99	176	1.17085
99	177	0.729856
99	178	0.746101
99	180	0.76309
100	81	1.10714
100	85	0.760332
100	98	1.14663
100	102	1.14797
100	111	0.821153
100	112	1.1871
100	126	0.761263
100	127	0.768035
100	129	0.735382
100	145	1.14987
100	147	0.788677
100	148	1.18838
100	153	1.12025
100	156	1.134
100	160	1.17133
100	164	1.13897
100	168	1.14656
100	170	1.15053
100	171	0.768126
100	172	1.15074
100	174	0.71558
100	175	1.16051
100	180	0.790824
101	23	0.724976
101	37	0.778979
101	53	0.669527
101	80	1.27095
101	83	0.720964
101	120	1.18804
101	129	1.27126
101	131	0.708346
101	133	0.680349
101	135	1.2192
101	141	0.642622
101	148	0.64599
101	149	1.23336
101	161	0.637663
101	162	1.2253
101	167	1.24553
101	168	0.683483
101	169	1.23937
101	171	1.24906
101	174	1.27396
101	178	1.22665
101	179	1.23261
101	180	1.22472
102	32	1.12515
102	60	1.11723
102	68	0.730913
102	75	1.12262
102	93	1.18743
102	100	1.14797
102	113	0.831558
102	115	0.758977
102	140	1.19341
102	148	1.18582
102	155	1.13559
102	156	1.13144
102	158	1.14361
102	162	0.789577
102	168	1.144
102	170	1.14797
102	171	0.763009
102	172	1.14818
102	174	0.710463
102	176	0.770758
102	177	1.16959
102	179	0.771055
102	180	0.785707
103	11	1.20197
103	14	1.2226
103	16	1.21417
103	26	1.15228
103	29	1.15636
103	33	0.770452
103	38	1.24287
103	54	1.1926
103	66	1.20573
103	74	1.22689
103	79	1.24364
103	80	0.666284
103	87	1.18578
103	114	0.711476
103	122	1.15896
103	123	1.2334
103	136	1.16273
103	137	0.709911
103	149	0.731421
103	166	0.724542
103	167	0.714387
103	171	0.721323
103	176	0.729072
103	178	0.727032
104	19	0.955208
104	29	0.809575
104	44	1.04406
104	86	1.12224
104	115	1.14472
104	128	0.746922
104	129	1.15217
104	132	1.13698
104	140	0.746787
104	143	1.15222
104	155	0.777622
104	158	0.79522
104	161	0.76372
104	162	1.10621
104	163	0.801252
104	164	0.794599
104	165	1.10769
104	167	1.12644
104	169	1.12028
104	171	1.12996
104	177	1.13036
104	178	1.10755
104	179	1.11351
104	180	1.10562
105	47	0.781188
105	50	1.13129
105	58	1.09069
105	71	0.757352
105	75	0.814018
105	85	1.12192
105	88	1.08341
105	107	0.806356
105	109	1.1152
105	110	1.12568
105	118	1.10689
105	119	1.10761
105	124	0.799962
105	127	0.789404
105	156	0.827726
105	158	0.801003
105	161	1.15141
105	163	1.1203
105	165	1.11448
105	168	0.815323
105	171	1.13675
105	174	1.16165
105	179	1.1203
105	180	1.11242
106	35	1.08329
106	37	0.852931
106	40	1.08343
106	48	1.16289
106	59	1.25078
106	62	1.26168
106	67	1.1879
106	78	1.13572
106	82	0.69488
106	98	0.732953
106	109	1.1526
106	114	0.721761
106	116	0.766668
106	127	0.731517
106	142	0.767595
106	143	1.19641
106	148	0.719943
106	154	1.16411
106	156	0.769839
106	170	0.733091
106	174	1.19905
106	175	1.1629
106	178	1.15174
106	179	1.1577
106	180	1.14981
107	62	0.696215
107	66	0.75649
107	93	1.2029
107	98	1.15954
107	105	0.806356
107	108	1.17368
107	126	0.751797
107	129	0.725916
107	131	1.14275
107	140	1.20888
107	143	0.730377
107	144	0.743141
107	152	0.739192
107	153	1.13316
107	155	1.15105
107	156	1.14691
107	160	1.18424
107	164	1.15187
107	165	0.792753
107	168	1.15947
107	170	1.16344
107	172	1.16365
107	175	1.17341
107	176	0.766409
107	177	1.18506
108	3	0.732924
108	67	0.748767
108	84	0.749178
108	91	1.19467
108	93	1.20024
108	107	1.17368
108	124	0.770202
108	131	1.14008
108	134	1.15808
108	138	0.727246
108	140	1.20622
108	153	1.13049
108	155	1.14839
108	157	0.728005
108	158	1.15641
108	160	1.18158
108	164	1.14921
108	168	1.15681
108	169	0.758191
108	170	1.16077
108	171	0.759735
108	172	1.16098
108	176	0.767484
108	177	1.18239
108	178	0.765444
109	9	0.723695
109	31	1.30681
109	45	1.07586
109	51	1.1742
109	55	1.16603
109	58	1.12536
109	59	1.24807
109	78	1.13301
109	88	1.11808
109	90	1.10211
109	97	0.750242
109	105	1.1152
109	106	1.1526
109	114	0.744112
109	123	0.738366
109	126	0.747096
109	130	1.23886
109	154	1.16139
109	161	1.18609
109	166	0.757178
109	171	0.753959
109	173	0.770211
109	174	1.19633
109	176	0.761708
109	179	0.762006
110	2	0.696098
110	4	0.727642
110	22	1.13068
110	30	1.12739
110	50	1.17644
110	53	1.15527
110	65	1.19326
110	68	0.734045
110	78	1.14348
110	82	1.20355
110	85	1.16706
110	105	1.12568
110	118	1.15204
110	123	0.750548
110	133	0.788835
110	143	0.737858
110	150	1.18445
110	154	1.17186
110	160	0.758735
110	161	1.19656
110	162	0.792709
110	163	1.16545
110	174	1.2068
110	175	0.746751
110	178	0.77185
111	2	1.16729
111	3	1.17989
111	31	0.665899
111	36	0.726192
111	68	1.17353
111	71	0.762683
111	88	0.839672
111	96	1.1166
111	98	0.796172
111	100	0.821153
111	122	1.09185
111	134	0.821133
111	139	1.13093
111	143	1.16432
111	144	1.14262
111	146	0.799694
111	147	1.12624
111	148	0.783161
111	154	0.778834
111	167	1.13853
111	169	1.13237
111	171	1.14205
111	175	1.13081
111	178	1.11965
111	179	1.1256
111	180	1.11772
112	26	0.763222
112	37	1.11791
112	42	0.831937
112	48	0.717458
112	60	1.15636
112	100	1.1871
112	113	0.790799
112	131	1.16641
112	132	0.699928
112	134	1.1844
112	139	0.733189
112	140	1.23254
112	143	0.693967
112	145	1.18644
112	148	1.22495
112	149	0.732348
112	153	1.15682
112	155	1.17472
112	156	1.17057
112	157	0.69052
112	164	1.17554
112	168	1.18313
112	169	0.720706
112	170	1.1871
112	172	1.18731
112	173	0.738501
112	177	1.20872
113	48	1.10779
113	71	0.778205
113	86	1.11133
113	94	1.13302
113	98	0.811693
113	102	0.831558
113	112	0.790799
113	117	0.773517
113	123	1.14328
113	128	0.773557
113	131	0.861039
113	136	0.855116
113	144	1.11962
113	147	1.10324
113	159	1.08833
113	161	0.790356
113	162	1.0953
113	165	1.09678
113	167	1.11553
113	169	1.10937
113	171	1.11905
113	172	0.82568
113	174	1.14395
113	177	1.11945
113	178	1.09664
113	179	1.1026
113	180	1.09472
114	5	1.20934
114	34	1.1027
114	56	1.18047
114	70	1.09707
114	83	1.16707
114	99	1.20525
114	103	0.711476
114	106	0.721761
114	109	0.744112
114	120	0.76668
114	124	1.19742
114	129	0.699208
114	133	1.18341
114	137	1.21909
114	141	1.22828
114	142	1.1637
114	147	0.752503
114	151	1.1868
114	152	1.1868
114	161	1.2151
114	163	1.18399
114	165	0.766045
114	170	0.733435
114	176	1.17352
114	177	0.721415
114	178	0.737661
114	180	0.754649
115	12	0.697059
115	41	1.12199
115	42	1.10375
115	49	0.74146
115	59	0.681704
115	69	1.20955
115	88	0.782613
115	94	1.22171
115	99	0.736361
115	102	0.758977
115	104	1.14472
115	120	1.14672
115	130	0.670631
115	135	1.17788
115	139	1.19662
115	143	1.23
115	151	0.745383
115	156	0.775999
115	159	1.17702
115	167	1.20422
115	168	0.763595
115	169	1.19806
115	170	0.739251
115	171	1.20774
115	178	1.18533
115	179	1.19129
115	180	1.1834
116	12	1.19675
116	14	1.16827
116	17	1.18543
116	18	1.19303
116	25	1.13137
116	39	1.21059
116	43	1.07756
116	48	1.14358
116	49	1.15736
116	57	1.15516
116	64	1.16712
116	84	0.766302
116	89	1.10012
116	91	0.726868
116	95	1.06122
116	106	0.766668
116	123	0.761266
116	130	1.22226
116	132	0.754537
116	137	0.765447
116	138	0.744371
116	147	0.79741
116	157	0.745129
116	168	0.802687
116	171	0.776859
116	173	1.13136
116	175	1.14359
116	177	1.15523
117	1	1.25723
117	3	0.678157
117	7	1.26293
117	19	1.10997
117	23	1.17135
117	28	1.3597
117	39	0.678047
117	61	1.29436
117	71	1.24637
117	77	1.21115
117	94	0.678655
117	97	1.20554
117	113	0.773517
117	121	1.17658
117	125	1.21775
117	127	1.21547
117	136	0.749736
117	145	0.722554
117	146	1.22532
117	150	0.674884
117	166	1.22417
117	169	0.703424
117	173	1.21279
117	174	0.652422
117	175	0.685579
117	176	1.20933
117	177	0.694431
117	179	0.713015
118	9	1.18642
118	14	1.17655
118	22	1.1119
118	28	0.671929
118	30	1.10861
118	50	1.15765
118	53	1.13649
118	65	1.17448
118	78	1.1247
118	82	1.18477
118	85	1.14828
118	94	0.752171
118	105	1.10689
118	110	1.15204
118	135	0.804241
118	138	0.745996
118	150	1.16567
118	154	1.15308
118	155	0.772394
118	161	1.17778
118	163	1.14667
118	166	0.781704
118	167	0.771549
118	169	0.776941
118	171	0.778484
118	174	1.18802
118	177	0.767948
118	179	0.786531
119	3	1.20168
119	7	0.693082
119	40	0.863535
119	41	1.07808
119	84	1.15256
119	96	1.13838
119	105	1.10761
119	126	1.15189
119	129	1.18604
119	138	1.17105
119	152	0.726018
119	153	0.800521
119	156	0.783717
119	157	1.17728
119	158	0.756993
119	160	0.73808
119	162	1.14008
119	163	0.763026
119	164	0.756372
119	167	1.16031
119	169	1.15415
119	170	0.746969
119	171	1.16383
119	172	0.760818
119	174	1.18874
119	178	1.14143
119	179	1.14739
119	180	1.1395
120	29	0.80239
120	30	0.813205
120	41	1.0462
120	68	1.16344
120	75	0.80105
120	94	1.14593
120	99	0.775121
120	101	1.18804
120	114	0.76668
120	115	1.14672
120	128	0.739737
120	132	1.13898
120	133	0.799222
120	142	0.812515
120	143	1.15422
120	149	1.11627
120	158	0.788035
120	159	1.10124
120	162	1.1082
120	167	1.12843
120	168	0.802355
120	171	1.13196
120	172	0.79186
120	173	1.10849
120	174	1.15686
120	177	1.13235
120	178	1.10955
120	179	1.11551
120	180	1.10762
121	1	1.15426
121	7	1.15996
121	19	1.007
121	23	1.06839
121	28	1.25673
121	61	1.19139
121	71	1.1434
121	76	1.08701
121	77	1.10818
121	97	1.10257
121	117	1.17658
121	123	1.15752
121	125	1.11478
121	127	1.1125
121	142	0.833343
121	144	0.781837
121	146	1.12235
121	150	0.767271
121	157	0.765626
121	159	0.810081
121	164	0.808242
121	165	0.831449
121	166	1.1212
121	173	1.10982
121	174	0.744809
121	175	0.777966
121	176	1.10637
121	177	0.786819
121	178	0.803064
122	3	1.18062
122	4	1.17663
122	12	0.734286
122	29	1.08997
122	35	1.05192
122	40	1.05206
122	54	1.12621
122	62	1.23031
122	66	1.13934
122	70	0.885373
122	73	1.04009
122	74	1.1605
122	76	0.814176
122	77	0.811822
122	79	1.17725
122	103	1.15896
122	111	1.09185
122	127	0.774903
122	136	1.09634
122	140	0.738069
122	147	1.12696
122	151	0.78261
122	153	0.83003
122	154	0.759002
122	155	0.768904
122	157	1.15622
122	163	0.792534
122	179	1.12633
122	180	1.11844
123	5	0.733151
123	11	1.21002
123	12	0.685498
123	26	1.16032
123	53	0.738078
123	54	1.20064
123	59	0.670143
123	63	0.705819
123	66	1.21377
123	87	1.19382
123	103	1.2334
123	109	0.738366
123	110	0.750548
123	113	1.14328
123	116	0.761266
123	121	1.15752
123	125	1.1987
123	127	1.19641
123	140	0.68928
123	145	0.743792
123	146	1.20626
123	162	1.19345
123	164	0.737092
123	167	1.21368
123	172	0.741538
123	176	1.19028
123	178	1.1948
123	179	1.20076
123	180	1.19287
124	5	1.19885
124	10	1.20235
124	13	1.05504
124	34	1.0922
124	56	1.16998
124	70	1.08658
124	83	1.15658
124	99	1.19476
124	105	0.799962
124	108	0.770202
124	114	1.19742
124	130	0.68513
124	133	1.17291
124	137	1.20859
124	141	1.21778
124	142	1.1532
124	151	1.17631
124	152	1.17631
124	159	0.764991
124	161	1.20461
124	162	0.778834
124	163	1.1735
124	164	0.763152
124	169	0.750722
124	171	0.752266
124	173	0.768518
124	174	0.69972
124	175	0.732877
124	176	1.16302
124	177	0.741729
125	1	1.19544
125	7	1.20114
125	19	1.04817
125	23	1.10956
125	28	1.29791
125	41	0.848633
125	43	0.866721
125	52	0.729786
125	61	1.23256
125	69	0.719068
125	71	1.18457
125	76	1.12819
125	77	1.14935
125	92	0.711618
125	97	1.14375
125	117	1.21775
125	121	1.11478
125	123	1.1987
125	127	1.15368
125	135	0.758212
125	144	0.716937
125	146	1.16352
125	159	0.745181
125	166	1.16238
125	173	1.151
125	175	0.713066
125	176	1.14754
125	177	0.721919
125	178	0.738165
125	179	0.740502
126	30	0.771614
126	31	0.606009
126	44	1.09513
126	60	0.806309
126	76	0.774118
126	83	0.798245
126	96	1.15559
126	100	0.761263
126	107	0.751797
126	109	0.747096
126	119	1.15189
126	129	1.20325
126	132	1.18806
126	135	1.15118
126	138	1.18825
126	139	1.16991
126	140	0.698011
126	142	0.770923
126	143	1.2033
126	144	1.18161
126	156	0.773167
126	159	1.15032
126	166	1.16894
126	167	1.17751
126	170	0.736419
126	171	1.18104
126	176	1.15411
126	178	1.15863
126	179	1.16459
126	180	1.1567
127	1	1.19316
127	7	1.19886
127	9	1.19548
127	23	1.10728
127	61	1.23028
127	71	1.18229
127	76	1.12591
127	77	1.14707
127	91	1.18486
127	97	1.14146
127	100	0.768035
127	105	0.789404
127	106	0.731517
127	117	1.21547
127	121	1.1125
127	122	0.774903
127	123	1.19641
127	125	1.15368
127	137	0.730297
127	139	0.752647
127	146	1.16124
127	159	0.754433
127	166	1.16009
127	171	0.741708
127	173	1.14871
127	175	0.722319
127	176	1.14526
127	177	0.731171
127	178	0.747417
127	180	0.764406
128	11	0.680914
128	32	1.18406
128	47	1.22207
128	92	1.23743
128	98	1.20297
128	104	0.746922
128	113	0.773557
128	120	0.739737
128	131	1.18618
128	134	1.20417
128	135	0.730765
128	139	0.715947
128	140	1.25231
128	145	1.20621
128	153	1.17659
128	155	1.19449
128	156	1.19034
128	157	0.673279
128	158	1.20251
128	163	1.21164
128	164	1.19531
128	165	0.739102
128	167	0.698073
128	168	1.20291
128	170	1.20687
128	172	1.20708
128	173	0.72126
128	174	0.652463
128	175	1.21685
128	179	0.713055
128	180	0.727706
129	22	0.743882
129	27	0.623602
129	47	0.700748
129	86	1.20747
129	93	0.726608
129	100	0.735382
129	101	1.27126
129	104	1.15217
129	107	0.725916
129	114	0.699208
129	119	1.18604
129	126	1.20325
129	134	0.735363
129	139	1.20406
129	143	1.23745
129	144	1.21575
129	149	1.1995
129	151	0.716671
129	154	0.693064
129	156	0.747287
129	157	1.22863
129	162	1.19143
129	164	0.719942
129	167	1.21166
129	169	1.2055
129	171	1.21519
129	172	0.724388
129	176	1.18826
129	178	1.19278
129	179	1.19874
129	180	1.19085
130	41	0.79084
130	55	1.25501
130	86	0.691496
130	88	1.20706
130	90	1.19109
130	95	1.1668
130	96	0.723059
130	109	1.23886
130	115	0.670631
130	116	1.22226
130	124	0.68513
130	139	0.685601
130	141	0.659629
130	144	0.659144
130	147	0.695214
130	150	1.26296
130	155	1.2268
130	158	1.23482
130	162	0.70123
130	166	1.24832
130	167	0.667727
130	168	1.23522
130	170	1.23918
130	172	1.2394
130	173	1.23694
130	174	1.28531
130	175	1.24916
130	176	0.682412
130	177	1.2608
130	180	0.69736
131	4	0.753992
131	6	1.19114
131	36	0.723855
131	60	1.0991
131	67	0.781522
131	84	0.781934
131	93	1.16931
131	101	0.708346
131	107	1.14275
131	108	1.14008
131	112	1.16641
131	113	0.861039
131	128	1.18618
131	140	1.17528
131	145	1.12918
131	148	1.16769
131	150	0.762406
131	153	1.09956
131	156	1.11331
131	158	1.12548
131	160	1.15064
131	164	1.11828
131	167	0.785555
131	168	1.12588
131	170	1.12984
131	172	1.13005
131	173	0.808742
131	174	0.739944
131	175	1.13982
131	176	0.800239
131	179	0.800537
132	6	0.712069
132	41	1.11424
132	80	1.22189
132	84	1.18872
132	86	1.19228
132	88	0.764323
132	93	0.73703
132	95	0.809888
132	104	1.13698
132	112	0.699928
132	116	0.754537
132	120	1.13898
132	126	1.18806
132	133	0.742171
132	134	0.745784
132	139	1.18887
132	143	1.22226
132	146	0.724344
132	149	1.1843
132	159	1.16928
132	161	0.699485
132	162	1.17624
132	165	1.17773
132	168	0.745305
132	169	1.19031
132	170	0.72096
132	171	1.2
132	172	0.734809
132	176	1.17307
132	178	1.17759
132	179	1.18355
132	180	1.17566
133	10	1.18834
133	13	1.04103
133	34	1.07819
133	36	1.21505
133	52	1.16273
133	54	0.764369
133	56	1.15597
133	70	1.07257
133	72	0.863984
133	83	1.14257
133	91	0.714503
133	97	1.14522
133	99	1.18075
133	101	0.680349
133	110	0.788835
133	114	1.18341
133	120	0.799222
133	124	1.17291
133	132	0.742171
133	137	1.19458
133	141	1.20377
133	142	1.13919
133	151	1.1623
133	152	1.1623
133	161	1.1906
133	163	1.15949
133	164	0.77538
133	166	0.767712
133	171	0.764493
133	174	0.711947
133	175	0.745104
133	176	1.14901
133	180	0.787191
134	16	0.751577
134	37	1.07865
134	56	0.769512
134	84	0.757549
134	92	1.17839
134	93	1.1873
134	94	0.741792
134	108	1.15808
134	111	0.821133
134	112	1.1844
134	128	1.20417
134	129	0.735363
134	132	0.745784
134	138	0.735618
134	140	1.19328
134	144	0.752587
134	145	1.14717
134	148	1.18569
134	150	0.738022
134	153	1.11756
134	155	1.13545
134	156	1.13131
134	158	1.14347
134	160	1.16864
134	163	1.15261
134	164	1.13627
134	165	0.8022
134	168	1.14387
134	169	0.766562
134	170	1.14783
134	172	1.14805
134	175	1.15781
134	180	0.790804
135	2	1.18835
135	14	0.729725
135	44	1.07722
135	59	0.711493
135	79	0.738636
135	84	1.15184
135	95	0.857967
135	101	1.2192
135	115	1.17788
135	118	0.804241
135	125	0.758212
135	126	1.15118
135	128	0.730765
135	139	1.152
135	140	0.73063
135	144	1.16369
135	147	1.14731
135	151	0.775171
135	157	1.17657
135	160	0.76015
135	161	0.747564
135	164	0.778442
135	165	1.14085
135	167	1.1596
135	169	1.15344
135	170	0.769039
135	171	1.16312
135	175	1.15188
135	176	1.13619
135	177	1.16352
135	178	1.14071
135	179	1.14667
135	180	1.13879
136	8	1.15439
136	21	1.18154
136	24	0.811261
136	26	1.08966
136	29	1.09374
136	36	0.717932
136	54	1.12998
136	63	1.16456
136	67	1.16029
136	73	1.04385
136	74	1.16427
136	79	1.18102
136	87	1.12316
136	94	0.760253
136	103	1.16273
136	113	0.855116
136	117	0.749736
136	122	1.09634
136	139	0.797506
136	146	1.1356
136	147	0.807118
136	148	1.16317
136	159	0.799292
136	162	0.813135
136	164	1.11376
136	166	1.13445
136	168	1.12135
136	169	0.785023
136	170	1.12532
136	171	0.786567
136	172	1.12553
136	174	0.734021
136	175	1.1353
136	176	0.794316
137	5	1.22052
137	10	1.22402
137	13	1.07671
137	34	1.11387
137	36	1.25073
137	56	1.19165
137	70	1.10825
137	77	0.767215
137	83	1.17825
137	91	0.680397
137	97	1.1809
137	99	1.21642
137	103	0.709911
137	114	1.21909
137	116	0.765447
137	124	1.20859
137	127	0.730297
137	133	1.19458
137	139	0.741326
137	141	1.23945
137	142	1.17487
