1	19	0.791384
1	23	0.880237
1	34	0.829162
1	44	0.898615
1	45	0.823921
1	68	0.797346
1	118	0.890258
1	133	0.817399
1	134	0.837004
1	154	0.848575
1	159	1.60732
1	180	3.74208
2	37	0.954186
2	38	0.937197
2	47	0.928803
2	54	0.908204
2	56	0.915507
2	58	0.990951
2	76	0.96306
2	78	0.943541
2	85	0.919371
2	148	1.32356
2	159	1.80616
2	177	2.88391
3	9	0.941353
3	15	1.02795
3	17	0.892298
3	21	0.913856
3	22	0.990955
3	25	0.960228
3	32	0.959805
3	107	1.14583
3	152	2.20689
3	167	0.888738
3	170	2.45175
3	175	0.864508
4	10	0.980713
4	23	0.971488
4	34	0.920413
4	44	0.989866
4	45	0.915172
4	68	0.888596
4	88	0.903394
4	133	0.90865
4	143	2.21723
4	154	0.939826
4	158	3.03155
4	165	0.784106
5	38	0.943509
5	54	0.914516
5	56	0.921819
5	58	0.997264
5	78	0.949853
5	80	0.939548
5	85	0.925683
5	134	0.947248
5	149	0.947047
5	150	0.876637
5	151	2.66416
5	179	2.41817
6	10	0.918393
6	19	0.820316
6	20	0.575259
6	68	0.826277
6	81	0.861168
6	82	1.57711
6	104	0.868553
6	114	0.898051
6	177	0.813139
6	178	0.804932
6	179	0.828849
6	180	0.793417
7	20	0.945695
7	24	0.912678
7	26	0.801254
7	33	0.819778
7	42	0.909502
7	53	0.850536
7	133	1.90562
7	144	2.81468
7	146	0.778435
7	161	0.820858
7	172	0.891854
8	39	2.48853
8	72	0.819859
8	93	0.868988
8	103	0.842515
8	110	0.885485
8	112	0.850483
8	120	0.86125
8	128	0.835734
8	132	0.850522
8	161	2.60372
8	172	0.864393
8	175	0.751394
9	3	0.941353
9	15	0.939816
9	17	0.804161
9	21	0.82572
9	22	0.902819
9	25	0.872092
9	32	0.871669
9	167	0.800602
9	169	2.36953
9	175	0.776372
9	179	2.59459
10	4	0.980713
10	6	0.918393
10	23	0.96762
10	34	0.916545
10	44	0.985998
10	45	0.911304
10	68	0.884729
10	133	0.904782
10	154	0.935958
10	161	1.82293
10	173	2.25731
10	174	1.8325
11	61	0.702287
11	117	2.74115
11	143	0.763641
11	157	0.750564
11	160	0.779049
11	165	0.806772
11	173	0.775395
11	176	0.763619
11	177	0.766165
11	178	0.757958
11	179	0.781875
11	180	0.746442
12	47	0.829715
12	56	0.816419
12	58	0.891864
12	76	0.863972
12	77	0.934046
12	78	0.844454
12	85	0.820283
12	126	1.917
12	145	0.80853
12	149	0.841647
12	150	0.771238
12	163	3.56551
13	130	0.737869
13	143	0.684383
13	153	0.713813
13	162	0.680927
13	165	0.727515
13	166	0.675812
13	170	0.725981
13	174	0.705686
13	177	0.686908
13	178	0.678701
13	179	0.702618
13	180	0.667185
14	41	0.927127
14	71	1.17228
14	86	0.916523
14	94	0.943971
14	97	0.93928
14	105	0.946123
14	108	0.975982
14	119	0.912669
14	129	0.931049
14	140	0.950299
14	160	2.69261
14	169	2.2328
15	3	1.02795
15	9	0.939816
15	17	0.890761
15	21	0.912319
15	22	0.989418
15	25	0.958691
15	32	0.958268
15	127	1.20179
15	161	1.69964
15	162	3.08027
15	167	0.887201
15	175	0.862972
16	30	0.935351
16	74	0.92142
16	81	0.902549
16	87	0.943172
16	91	0.881134
16	92	0.880432
16	98	0.920001
16	104	0.909933
16	114	0.939431
16	130	1.68733
16	145	0.873997
16	153	2.06734
16	167	2.48835
17	3	0.892298
17	9	0.804161
17	15	0.890761
17	21	0.776664
17	22	0.853763
17	25	0.823036
17	32	0.822613
17	77	0.905715
17	118	0.866772
17	123	3.10973
17	147	2.19427
17	167	0.751546
17	175	0.727317
18	65	0.920688
18	73	2.56283
18	90	0.925438
18	97	0.901962
18	108	0.938665
18	117	0.930617
18	119	0.875352
18	121	0.917409
18	122	1.05967
18	129	0.893732
18	131	0.908499
18	140	0.912982
18	179	2.65931
19	1	0.791384
19	6	0.820316
19	23	0.869543
19	34	0.818468
19	44	0.88792
19	45	0.813227
19	68	0.786651
19	88	0.801448
19	118	0.879564
19	133	0.806705
19	134	0.826309
19	136	4.7076
19	151	1.10221
20	6	0.575259
20	7	0.945695
20	24	1.00019
20	26	0.888767
20	33	0.907291
20	42	0.997016
20	53	0.938049
20	146	0.865949
20	161	0.908371
20	172	0.979368
20	176	2.35537
20	179	2.28515
21	3	0.913856
21	9	0.82572
21	15	0.912319
21	17	0.776664
21	22	0.875322
21	25	0.844595
21	32	0.844172
21	118	0.88833
21	142	2.13928
21	146	3.25361
21	167	0.773105
21	175	0.748875
22	3	0.990955
22	9	0.902819
22	15	0.989418
22	17	0.853763
22	21	0.875322
22	25	0.921693
22	28	1.49627
22	32	0.921271
22	118	0.965429
22	167	0.850203
22	175	0.825974
22	177	1.94698
22	180	3.00399
23	1	0.880237
23	4	0.971488
23	10	0.96762
23	19	0.869543
23	34	0.90732
23	45	0.902079
23	68	0.875504
23	71	1.91854
23	88	0.890301
23	134	0.915162
23	138	1.68606
23	154	0.926733
23	165	2.50878
24	7	0.912678
24	20	1.00019
24	26	0.85575
24	33	0.874274
24	42	0.963999
24	53	0.905032
24	122	0.95167
24	146	0.832932
24	155	2.24895
24	161	0.875354
24	167	2.15173
24	172	0.946351
24	174	1.80302
25	3	0.960228
25	9	0.872092
25	15	0.958691
25	17	0.823036
25	21	0.844595
25	22	0.921693
25	32	0.890544
25	77	0.973645
25	118	0.934702
25	122	1.58424
25	153	2.47656
25	159	2.48932
25	167	0.819476
25	175	0.795247
26	7	0.801254
26	20	0.888767
26	24	0.85575
26	27	0.784804
26	33	0.76285
26	42	0.852574
26	53	0.793608
26	77	0.900325
26	122	0.840245
26	130	3.07719
26	138	2.64647
26	146	0.721507
26	161	0.763929
26	172	0.834926
27	26	0.784804
27	45	0.835523
27	53	0.834086
27	68	0.808948
27	74	0.600693
27	103	1.9309
27	153	0.822714
27	154	0.860177
27	161	0.804408
27	172	0.875405
27	177	0.795809
27	178	0.787603
27	179	0.81152
27	180	0.776087
28	22	1.49627
28	36	0.780174
28	156	0.883012
28	165	0.845874
28	169	0.822151
28	171	0.797441
28	172	1.93506
28	173	0.814496
28	174	0.824044
28	176	0.80272
28	177	0.805266
28	178	0.797059
28	179	0.820977
28	180	0.785544
29	30	0.843074
29	70	0.779816
29	74	0.829144
29	81	0.810272
29	83	0.810393
29	87	0.850896
29	91	0.788857
29	92	0.788155
29	98	0.827724
29	104	0.817656
29	114	0.847155
29	147	2.42433
29	154	0.82661
29	174	3.24945
30	16	0.935351
30	29	0.843074
30	62	0.873505
30	70	0.864741
30	81	0.895197
30	91	0.873783
30	92	0.873081
30	98	0.91265
30	104	0.902582
30	114	0.93208
30	116	1.7017
30	133	1.64874
30	150	2.94467
30	154	0.911535
31	50	0.59979
31	117	0.337964
31	134	0.64025
31	151	0.898393
31	163	0.864358
31	166	0.878549
31	169	0.90653
31	173	0.898875
31	174	0.908423
31	176	0.887099
31	177	0.889645
31	178	0.881438
31	179	0.905355
31	180	0.869922
32	3	0.959805
32	9	0.871669
32	15	0.958268
32	17	0.822613
32	21	0.844172
32	22	0.921271
32	25	0.890544
32	77	0.973222
32	118	0.934279
32	148	1.86095
32	153	2.33081
32	159	2.34356
32	167	0.819054
32	175	0.794824
33	7	0.819778
33	20	0.907291
33	24	0.874274
33	26	0.76285
33	42	0.871098
33	53	0.812131
33	59	0.818387
33	122	0.858769
33	127	2.47708
33	146	0.740031
33	161	0.782453
33	165	2.92419
33	172	0.85345
34	1	0.829162
34	4	0.920413
34	10	0.916545
34	19	0.818468
34	23	0.90732
34	44	0.925698
34	45	0.851004
34	68	0.824429
34	80	1.61649
34	118	0.917341
34	133	0.844482
34	134	0.864087
34	154	0.875658
34	164	2.68127
34	174	2.46009
35	47	1.62761
35	66	0.858542
35	75	1.68005
35	144	0.83328
35	146	0.763854
35	164	0.810378
35	166	0.786583
35	168	0.824684
35	169	0.814563
35	174	0.816456
35	176	0.795132
35	177	0.797678
35	178	0.789471
35	179	0.813388
35	180	0.777956
36	28	0.780174
36	99	0.705827
36	131	3.8028
36	160	0.754129
36	162	0.735264
36	168	0.76825
36	169	0.758129
36	170	0.780317
36	171	0.733418
36	173	0.750474
36	174	0.760022
36	177	0.741244
36	178	0.733037
36	179	0.756954
36	180	0.721522
37	2	0.954186
37	38	0.88144
37	47	0.873046
37	54	0.852447
37	56	0.85975
37	76	0.907303
37	78	0.887784
37	85	0.863614
37	127	0.869426
37	134	0.885179
37	144	1.83718
37	149	0.884978
37	150	0.814568
37	165	1.85774
37	171	3.07219
38	2	0.937197
38	5	0.943509
38	37	0.88144
38	47	0.856056
38	54	0.835458
38	58	0.918205
38	60	2.44492
38	76	0.890314
38	78	0.870795
38	85	0.846625
38	88	0.843329
38	145	0.834871
38	149	0.867989
38	167	2.2204
38	169	2.28166
39	8	2.48853
39	89	0.781756
39	137	0.851874
39	158	0.778561
39	168	0.825658
39	169	0.815537
39	170	0.837725
39	171	0.790826
39	172	1.24279
39	173	0.807882
39	174	0.81743
39	177	0.798652
39	178	0.790445
39	179	0.814362
39	180	0.77893
40	52	0.941322
40	70	0.838766
40	74	0.888093
40	81	0.869222
40	83	0.869343
40	87	0.909845
40	91	0.847807
40	92	0.847105
40	98	0.886674
40	104	0.876606
40	114	0.906104
40	137	1.61116
40	141	1.86637
40	142	3.31668
40	145	0.84067
41	14	0.927127
41	86	0.845974
41	94	0.873422
41	97	0.868731
41	101	0.884864
41	105	0.875574
41	108	0.905433
41	119	0.842121
41	121	0.884178
41	122	1.5138
41	129	0.8605
41	140	0.87975
41	145	2.71796
41	170	2.69063
41	172	0.891053
42	7	0.909502
42	20	0.997016
42	24	0.963999
42	26	0.852574
42	33	0.871098
42	53	0.901856
42	95	1.85609
42	122	0.948494
42	131	0.0219437
42	146	0.829755
42	161	0.872178
42	172	0.943175
42	175	3.96903
43	72	0.856559
43	84	0.866405
43	103	0.879216
43	109	0.869668
43	111	0.926143
43	112	0.887183
43	116	1.72852
43	123	2.75583
43	128	0.872435
43	132	0.887222
43	135	0.913007
43	148	2.12334
43	154	0.885866
43	172	0.901094
43	175	0.788094
44	1	0.898615
44	4	0.989866
44	10	0.985998
44	19	0.88792
44	34	0.925698
44	45	0.920457
44	68	0.893881
44	88	0.908679
44	95	0.988163
44	118	0.986794
44	133	0.913935
44	134	0.93354
44	147	0.742413
44	154	0.945111
44	162	2.93858
44	175	3.10111
45	1	0.823921
45	4	0.915172
45	10	0.911304
45	19	0.813227
45	23	0.902079
45	27	0.835523
45	34	0.851004
45	44	0.920457
45	68	0.819188
45	88	0.833985
45	133	0.839242
45	134	0.858846
45	144	2.04756
45	154	0.870417
45	160	2.99821
45	174	2.12843
46	82	0.84361
46	93	0.890174
46	109	0.854154
46	110	0.906671
46	111	0.910628
46	112	0.871668
46	120	0.882435
46	122	1.60428
46	128	0.85692
46	132	0.871707
46	135	0.897492
46	146	0.77216
46	152	2.53625
46	167	2.91761
46	172	0.885579
46	175	0.772579
47	2	0.928803
47	12	0.829715
47	35	1.62761
47	37	0.873046
47	38	0.856056
47	54	0.827064
47	56	0.834366
47	58	0.909811
47	76	0.88192
47	77	0.951993
47	78	0.862401
47	85	0.838231
47	99	3.44125
47	100	0.893895
47	127	0.844042
47	150	0.789185
48	60	0.792142
48	83	2.17773
48	105	0.78019
48	160	0.805241
48	163	0.767069
48	164	0.805057
48	165	0.832964
48	166	0.781261
48	170	0.83143
48	173	0.801586
48	174	0.811134
48	176	0.789811
48	177	0.792356
48	178	0.78415
48	179	0.808067
48	180	0.772634
49	57	0.878773
49	63	0.832171
49	82	0.831073
49	84	0.838353
49	93	0.877637
49	110	0.894134
49	111	0.898091
49	112	0.859132
49	120	0.869899
49	125	1.99612
49	126	3.1427
49	128	0.844383
49	132	0.859171
49	135	0.884956
49	145	2.19506
49	172	0.873042
50	31	0.59979
50	65	0.883568
50	94	0.869534
50	99	0.772153
50	105	0.871686
50	108	0.901545
50	117	0.893497
50	119	0.838233
50	121	0.88029
50	129	0.856612
50	131	0.871379
50	140	0.875862
50	159	0.818436
50	172	0.887164
50	175	3.1675
50	177	2.65213
51	97	1.91761
51	127	0.827181
51	156	0.867884
51	157	0.774537
51	163	0.764851
51	166	0.779042
51	169	0.807022
51	170	0.829211
51	171	0.782312
51	172	1.3913
51	174	0.808915
51	176	0.787592
51	177	0.790137
51	178	0.781931
51	179	0.805848
51	180	0.770415
52	40	0.941322
52	62	0.912803
52	70	0.90404
52	74	0.953367
52	83	0.934617
52	87	0.975119
52	91	0.913081
52	92	0.912379
52	96	2.50236
52	98	0.951948
52	104	0.94188
52	114	0.971378
52	116	1.2477
52	145	0.905944
52	149	1.8072
52	170	2.39688
53	7	0.850536
53	20	0.938049
53	24	0.905032
53	26	0.793608
53	27	0.834086
53	33	0.812131
53	42	0.901856
53	59	0.849145
53	77	0.949606
53	122	0.889527
53	127	1.82971
53	146	0.770789
53	159	2.2776
53	160	3.20692
53	161	0.813211
53	172	0.884208
54	2	0.908204
54	5	0.914516
54	37	0.852447
54	38	0.835458
54	47	0.827064
54	56	0.813768
54	58	0.889212
54	76	0.861321
54	77	0.931394
54	85	0.817632
54	134	0.839197
54	145	0.805878
54	149	0.838996
54	150	0.768586
54	167	1.96191
54	176	2.31844
54	178	3.3543
55	57	0.979927
55	67	0.89302
55	130	0.879717
55	132	1.08203
55	140	0.774801
55	142	0.823875
55	148	0.895488
55	153	0.85566
55	158	0.808664
55	168	0.855761
55	169	0.84564
55	170	0.867828
55	173	0.837985
55	174	0.847533
55	178	0.820548
55	179	0.844465
55	180	0.809033
56	2	0.915507
56	5	0.921819
56	12	0.816419
56	37	0.85975
56	47	0.834366
56	54	0.813768
56	58	0.896515
56	76	0.868624
56	78	0.849105
56	85	0.824935
56	127	0.830746
56	134	0.846499
56	149	0.846298
56	150	0.775889
56	158	3.26878
56	175	2.61522
56	179	1.71666
57	49	0.878773
57	55	0.979927
57	60	2.65508
57	64	0.88218
57	80	1.23825
57	82	0.889288
57	93	0.935852
57	103	0.909379
57	110	0.952349
57	111	0.956306
57	120	0.928113
57	128	0.902598
57	132	0.917385
57	135	0.94317
57	149	0.904257
57	155	2.52778
57	172	0.931257
58	2	0.990951
58	5	0.997264
58	12	0.891864
58	38	0.918205
58	47	0.909811
58	54	0.889212
58	56	0.896515
58	76	0.944068
58	78	0.92455
58	85	0.900379
58	88	0.897083
58	139	1.84354
58	145	0.888626
58	150	0.851334
58	151	2.68475
58	156	1.3593
58	179	2.43876
59	33	0.818387
59	53	0.849145
59	63	0.849593
59	79	0.867124
59	109	0.859039
59	119	0.841532
59	131	0.874679
59	132	0.876592
59	135	0.902377
59	140	0.879162
59	146	0.777045
59	157	3.65338
59	160	2.30184
59	161	0.819467
59	167	0.801694
59	169	1.84203
59	172	0.890464
60	38	2.44492
60	48	0.792142
60	57	2.65508
60	83	0.814273
60	86	0.800639
60	92	0.792035
60	104	0.821536
60	105	0.830239
60	106	0.825246
60	114	0.851034
60	131	0.829932
60	150	0.748308
60	176	0.763576
60	177	0.766122
60	178	0.757916
60	179	0.781833
60	180	0.7464
61	11	0.702287
61	73	0.714806
61	90	0.783208
61	104	4.0468
61	108	0.796434
61	112	0.768143
61	117	0.788386
61	120	0.77891
61	132	0.768182
61	135	0.793967
61	140	0.770751
61	161	0.711057
61	166	0.691363
61	168	0.729464
61	177	0.702458
61	179	0.718169
61	180	0.682736
62	30	0.873505
62	52	0.912803
62	70	0.810247
62	74	0.859575
62	81	0.840703
62	83	0.840824
62	87	0.881327
62	91	0.819288
62	92	0.818586
62	98	0.858155
62	104	0.848087
62	114	0.877586
62	116	2.22282
62	118	1.92318
62	145	0.812151
62	154	0.857041
62	174	3.1598
63	49	0.832171
63	59	0.849593
63	64	0.835578
63	69	2.91337
63	72	0.840121
63	82	0.842686
63	88	0.832995
63	93	0.889251
63	109	0.85323
63	110	0.905747
63	112	0.870745
63	128	0.855996
63	132	0.870784
63	135	0.896569
63	141	2.13322
63	168	2.30148
63	175	0.771656
64	57	0.88218
64	63	0.835578
64	82	0.83448
64	84	0.84176
64	88	0.824789
64	103	0.854571
64	109	0.845024
64	111	0.901499
64	112	0.862539
64	122	1.48851
64	126	3.64031
64	128	0.84779
64	132	0.862578
64	135	0.888363
64	161	2.44356
64	172	0.876449
64	175	0.76345
65	18	0.920688
65	50	0.883568
65	79	0.89859
65	90	0.923085
65	97	0.899609
65	106	0.901459
65	113	3.88924
65	117	0.928263
65	118	0.918117
65	121	0.915056
65	124	1.26053
65	129	0.891378
65	131	0.906145
65	134	0.895131
65	140	0.910628
65	150	0.824521
65	166	2.63638
65	172	0.92193
66	35	0.858542
66	72	1.70355
66	101	0.699454
66	107	0.909191
66	141	0.870804
66	155	0.832522
66	160	0.840085
66	166	0.816105
66	169	0.844085
66	171	0.819375
66	172	0.627016
66	173	0.83643
66	174	0.845978
66	176	0.824654
66	177	0.8272
66	178	0.818993
66	179	0.84291
66	180	0.807478
67	55	0.89302
67	69	0.818319
67	70	1.37054
67	81	1.4228
67	109	0.492738
67	141	0.874205
67	155	0.835923
67	157	0.815
67	162	0.824621
67	168	0.857607
67	170	0.869674
67	171	0.822776
67	173	0.839831
67	176	0.828055
67	177	0.830601
67	178	0.822395
67	179	0.846312
67	180	0.810879
68	1	0.797346
68	4	0.888596
68	6	0.826277
68	10	0.884729
68	19	0.786651
68	23	0.875504
68	27	0.808948
68	34	0.824429
68	44	0.893881
68	45	0.819188
68	88	0.807409
68	95	2.31883
68	118	0.885525
68	133	0.812666
68	134	0.83227
68	138	2.01516
68	150	3.2042
68	154	0.843842
69	63	2.91337
69	67	0.818319
69	87	0.842708
69	90	0.834804
69	91	0.780669
69	98	0.819536
69	105	0.818171
69	106	0.813179
69	114	0.838967
69	135	1.56695
69	140	0.822347
69	142	0.749174
69	150	0.73624
69	163	0.728767
69	176	0.751509
69	177	0.754054
69	179	0.769765
69	180	0.734332
70	29	0.779816
70	30	0.864741
70	40	0.838766
70	52	0.90404
70	62	0.810247
70	67	1.37054
70	74	0.850811
70	81	0.831939
70	83	0.83206
70	87	0.872563
70	91	0.810525
70	92	0.809823
70	98	0.849392
70	104	0.839324
70	114	0.868822
70	154	0.848277
70	159	2.7983
70	161	2.84827
71	14	1.17228
71	23	1.91854
71	98	1.56006
71	136	0.798475
71	147	0.903317
71	158	0.810913
71	160	0.843889
71	164	0.843705
71	166	0.819909
71	167	0.821829
71	168	0.85801
71	169	0.847889
71	170	0.870078
71	174	0.849782
71	176	0.828458
71	178	0.822798
71	179	0.846715
71	180	0.811282
72	8	0.819859
72	43	0.856559
72	63	0.840121
72	66	1.70355
72	82	0.839023
72	84	0.846303
72	93	0.885587
72	99	0.76598
72	103	0.859114
72	110	0.902084
72	120	0.877848
72	123	2.53444
72	128	0.852333
72	133	0.834589
72	149	0.853992
72	159	0.812263
72	170	2.6563
72	175	0.767992
73	18	2.56283
73	61	0.714806
73	101	1.97854
73	126	0.779244
73	148	0.845417
73	156	0.85643
73	158	0.758593
73	163	0.753397
73	165	0.819292
73	169	0.795569
73	170	0.817757
73	171	0.770859
73	173	0.787914
73	174	0.797462
73	176	0.776138
73	177	0.778684
73	178	0.770477
73	180	0.758962
74	16	0.92142
74	27	0.600693
74	29	0.829144
74	40	0.888093
74	52	0.953367
74	62	0.859575
74	70	0.850811
74	81	0.881267
74	83	0.881388
74	87	0.921891
74	91	0.859852
74	92	0.859151
74	98	0.898719
74	104	0.888651
74	114	0.91815
74	154	0.897605
74	162	2.35926
74	175	2.52179
74	178	2.7293
75	35	1.68005
75	90	0.91425
75	97	0.890774
75	101	0.906908
75	106	0.892625
75	117	0.919428
75	119	0.864164
75	121	0.906221
75	125	2.28854
75	127	0.870544
75	129	0.882544
75	131	0.897311
75	134	0.886297
75	140	0.901793
75	147	1.42282
75	161	0.842099
75	167	0.824326
75	169	2.65791
75	172	0.913096
76	2	0.96306
76	12	0.863972
76	37	0.907303
76	38	0.890314
76	47	0.88192
76	54	0.861321
76	56	0.868624
76	58	0.944068
76	78	0.896658
76	85	0.872488
76	88	0.869192
76	100	1.56448
76	133	1.87615
76	134	0.894053
76	145	0.860735
76	147	2.04096
76	149	0.893852
76	150	0.823442
76	152	2.83343
77	12	0.934046
77	17	0.905715
77	25	0.973645
77	26	0.900325
77	32	0.973222
77	47	0.951993
77	53	0.949606
77	54	0.931394
77	85	0.942561
77	102	2.06192
77	115	1.2435
77	125	2.30156
77	127	0.948373
77	141	1.98461
77	144	2.18009
77	146	0.877506
77	161	0.919928
77	167	0.902155
77	172	0.990925
77	175	0.877926
78	2	0.943541
78	5	0.949853
78	12	0.844454
78	37	0.887784
78	38	0.870795
78	47	0.862401
78	56	0.849105
78	58	0.92455
78	76	0.896658
78	85	0.852969
78	88	0.849673
78	118	0.94477
78	127	0.858781
78	134	0.874534
78	145	0.841216
78	149	0.874333
78	150	0.803923
78	157	3.65859
78	159	1.37774
78	180	3.5125
79	59	0.867124
79	65	0.89859
79	86	0.857108
79	94	0.884556
79	97	0.879865
79	105	0.886708
79	106	0.881715
79	108	0.916567
79	117	0.908519
79	118	1.13422
79	119	0.853254
79	121	0.895312
79	131	0.886401
79	140	0.890884
79	150	0.804777
79	164	2.59202
79	167	0.813416
79	168	2.26275
79	172	0.902186
79	176	3.07607
80	5	0.939548
80	34	1.61649
80	57	1.23825
80	86	1.42531
80	125	0.886057
80	130	0.915597
80	137	0.917858
80	151	0.873384
80	162	0.858655
80	163	0.839348
80	165	0.905243
80	166	0.85354
80	169	0.88152
80	171	0.85681
80	173	0.873865
80	174	0.883413
80	176	0.86209
80	178	0.856429
80	179	0.880346
80	180	0.844913
81	6	0.861168
81	16	0.902549
81	29	0.810272
81	30	0.895197
81	40	0.869222
81	62	0.840703
81	67	1.4228
81	70	0.831939
81	74	0.881267
81	83	0.862516
81	87	0.903019
81	91	0.840981
81	92	0.840279
81	98	0.879847
81	100	1.60851
81	104	0.869779
81	114	0.899278
81	133	1.92018
81	145	0.833843
81	154	0.878733
81	173	3.33492
82	6	1.57711
82	46	0.84361
82	49	0.831073
82	57	0.889288
82	63	0.842686
82	64	0.83448
82	72	0.839023
82	109	0.852132
82	110	0.904649
82	111	0.908607
82	112	0.869647
82	120	0.880414
82	128	0.854898
82	132	0.869686
82	133	0.837154
82	135	0.895471
82	137	2.12043
82	152	2.61933
82	154	0.86833
82	156	2.20755
82	172	0.883557
83	29	0.810393
83	40	0.869343
83	48	2.17773
83	52	0.934617
83	60	0.814273
83	62	0.840824
83	70	0.83206
83	74	0.881388
83	81	0.862516
83	87	0.90314
83	91	0.841102
83	92	0.8404
83	98	0.879969
83	104	0.8699
83	114	0.899399
83	122	0.899401
83	139	2.22589
83	145	0.833965
83	154	0.878854
83	156	1.74165
83	167	2.53479
84	43	0.866405
84	49	0.838353
84	64	0.84176
84	72	0.846303
84	88	0.839177
84	96	2.54233
84	103	0.868959
84	110	0.911929
84	111	0.915886
84	112	0.876927
84	120	0.887694
84	128	0.862178
84	132	0.876966
84	135	0.902751
84	141	1.9483
84	154	0.87561
84	159	0.822109
84	168	2.11656
84	172	0.890837
84	175	0.777838
84	179	2.85966
85	2	0.919371
85	5	0.925683
85	12	0.820283
85	37	0.863614
85	38	0.846625
85	47	0.838231
85	54	0.817632
85	56	0.824935
85	58	0.900379
85	76	0.872488
85	77	0.942561
85	78	0.852969
85	88	0.825503
85	102	2.18056
85	127	0.834611
85	134	0.850364
85	139	2.4194
85	145	0.817045
85	149	0.850163
85	150	0.779753
85	155	2.82552
85	168	2.27151
86	14	0.916523
86	41	0.845974
86	60	0.800639
86	79	0.857108
86	80	1.42531
86	90	0.881603
86	94	0.862818
86	97	0.858127
86	101	0.87426
86	106	0.859977
86	108	0.894829
86	117	0.886781
86	119	0.831516
86	121	0.873574
86	129	0.849896
86	131	0.864663
86	140	0.869146
86	148	1.72677
86	159	0.81172
86	164	2.49009
86	167	0.791678
86	177	3.28712
87	16	0.943172
87	29	0.850896
87	40	0.909845
87	52	0.975119
87	62	0.881327
87	69	0.842708
87	70	0.872563
87	74	0.921891
87	81	0.903019
87	83	0.90314
87	91	0.881604
87	92	0.880902
87	98	0.920471
87	102	1.5255
87	104	0.910403
87	114	0.939902
87	122	0.939904
87	154	0.919357
87	157	3.94585
87	161	1.71496
87	168	1.61645
87	170	1.93674
88	4	0.903394
88	19	0.801448
88	23	0.890301
88	38	0.843329
88	44	0.908679
88	45	0.833985
88	58	0.897083
88	63	0.832995
88	64	0.824789
88	68	0.807409
88	76	0.869192
88	78	0.849673
88	84	0.839177
88	85	0.825503
88	93	0.878462
88	111	0.898916
88	130	1.98445
88	135	0.88578
88	145	0.813749
88	152	2.4041
88	165	2.37644
88	169	2.84673
89	39	0.781756
89	115	0.830046
89	123	0.759373
89	125	0.770862
89	129	2.87257
89	135	2.2932
89	141	0.793044
89	143	0.746916
89	149	0.802036
89	159	0.760307
89	163	0.724153
89	165	0.790048
89	168	0.776446
89	169	0.766325
89	170	0.788514
89	171	0.741615
89	173	0.75867
89	174	0.768218
89	176	0.746895
89	177	0.74944
89	178	0.741234
89	179	0.765151
89	180	0.729718
90	18	0.925438
90	61	0.783208
90	65	0.923085
90	69	0.834804
90	75	0.91425
90	86	0.881603
90	94	0.90905
90	97	0.904359
90	101	0.920493
90	105	0.911203
90	106	0.90621
90	108	0.941061
90	129	0.896129
90	131	0.910896
90	140	0.915378
90	148	1.11635
90	149	1.28102
90	159	0.857952
90	161	0.855684
90	166	2.76215
90	172	0.926681
90	176	2.36373
90	178	3.39959
91	16	0.881134
91	29	0.788857
91	30	0.873783
91	40	0.847807
91	52	0.913081
91	62	0.819288
91	69	0.780669
91	70	0.810525
91	74	0.859852
91	81	0.840981
91	83	0.841102
91	87	0.881604
91	92	0.818864
91	98	0.858433
91	104	0.848365
91	114	0.877863
91	122	0.877866
91	124	2.01958
91	138	1.40875
91	145	0.812429
91	154	0.857319
91	155	2.73771
91	175	3.82536
92	16	0.880432
92	29	0.788155
92	30	0.873081
92	40	0.847105
92	52	0.912379
92	60	0.792035
92	62	0.818586
92	70	0.809823
92	74	0.859151
92	81	0.840279
92	83	0.8404
92	87	0.880902
92	91	0.818864
92	98	0.857731
92	104	0.847663
92	114	0.877161
92	122	0.877164
92	143	3.22653
92	145	0.811727
92	149	1.47624
92	154	0.856617
92	176	2.55894
92	177	2.87192
93	8	0.868988
93	46	0.890174
93	49	0.877637
93	57	0.935852
93	63	0.889251
93	72	0.885587
93	88	0.878462
93	109	0.898696
93	110	0.951214
93	120	0.926978
93	128	0.901463
93	132	0.91625
93	135	0.942035
93	146	0.816703
93	149	0.903122
93	150	2.1825
93	159	0.861393
93	161	1.86692
93	167	2.2252
93	169	2.28646
93	172	0.930122
93	173	2.3013
93	175	0.817122
94	14	0.943971
94	41	0.873422
94	50	0.869534
94	79	0.884556
94	86	0.862818
94	90	0.90905
94	97	0.885574
94	101	0.901708
94	105	0.892418
94	106	0.887425
94	108	0.922277
94	115	1.419
94	119	0.858964
94	121	0.901021
94	129	0.877344
94	131	0.892111
94	138	1.55343
94	140	0.896594
94	149	2.05899
94	150	0.810486
94	153	2.36417
94	161	0.836899
94	171	3.5906
94	172	0.907896
95	42	1.85609
95	44	0.988163
95	68	2.31883
95	97	1.3145
95	107	0.90605
95	124	0.89158
95	130	0.87502
95	142	0.819178
95	143	0.821534
95	148	0.890791
95	159	0.834925
95	162	0.818078
95	163	0.798772
95	165	0.864666
95	166	0.812963
95	168	0.851065
95	171	0.816233
95	173	0.833288
95	174	0.842836
95	176	0.821513
95	177	0.824058
95	178	0.815852
95	179	0.839769
95	180	0.804336
96	52	2.50236
96	84	2.54233
96	106	1.20488
96	124	0.853179
96	136	0.753128
96	138	0.845629
96	139	0.812824
96	148	0.852391
96	152	0.793266
96	153	0.812563
96	155	0.79098
96	158	0.765567
96	160	0.798543
96	163	0.760371
96	168	0.812664
96	169	0.802543
96	170	0.824731
96	173	0.794888
96	174	0.804436
96	176	0.783112
96	177	0.785658
96	178	0.777451
96	179	0.801368
96	180	0.765936
97	14	0.93928
97	18	0.901962
97	41	0.868731
97	51	1.91761
97	65	0.899609
97	75	0.890774
97	79	0.879865
97	86	0.858127
97	90	0.904359
97	94	0.885574
97	95	1.3145
97	101	0.897017
97	106	0.882734
97	117	0.909537
97	119	0.854273
97	121	0.89633
97	129	0.872653
97	131	0.88742
97	134	0.876406
97	140	0.891902
97	148	1.35172
97	166	2.99752
97	167	0.814435
97	174	1.89387
98	16	0.920001
98	29	0.827724
98	30	0.91265
98	40	0.886674
98	52	0.951948
98	62	0.858155
98	69	0.819536
98	70	0.849392
98	71	1.56006
98	74	0.898719
98	81	0.879847
98	83	0.879969
98	87	0.920471
98	91	0.858433
98	92	0.857731
98	104	0.887232
98	114	0.91673
98	122	0.916732
98	145	0.851296
98	154	0.896185
98	156	1.76618
98	165	2.1503
98	168	2.10252
98	173	2.63542
99	36	0.705827
99	47	3.44125
99	50	0.772153
99	72	0.76598
99	101	0.804327
99	105	0.795037
99	111	0.835564
99	112	0.796604
99	114	3.00811
99	129	0.779963
99	132	0.796643
99	135	0.822428
99	136	0.69839
99	140	0.799212
99	156	0.808666
99	163	0.705633
99	168	0.757926
99	172	0.810515
99	173	0.74015
99	175	0.697515
99	177	0.73092
99	178	0.722713
99	179	0.74663
99	180	0.711197
100	47	0.893895
100	76	1.56448
100	81	1.60851
100	110	0.249508
100	121	1.16158
100	137	0.914905
100	141	0.905286
100	144	0.897284
100	147	0.933995
100	148	0.928415
100	152	0.86929
100	156	0.939428
100	162	0.855702
100	164	0.874382
100	166	0.850587
100	169	0.878567
100	170	0.900756
100	171	0.853857
100	173	0.870912
100	174	0.88046
100	176	0.859136
100	178	0.853476
100	179	0.877393
100	180	0.84196
101	41	0.884864
101	66	0.699454
101	73	1.97854
101	75	0.906908
101	86	0.87426
101	90	0.920493
101	94	0.901708
101	97	0.897017
101	99	0.804327
101	106	0.898867
101	117	0.925671
101	121	0.912464
101	127	0.876786
101	131	0.903553
101	134	0.892539
101	140	0.908036
101	145	1.67953
101	150	0.821929
101	159	0.85061
101	160	2.30977
101	161	0.848342
101	167	0.830568
101	172	0.919338
101	178	3.18109
102	77	2.06192
102	85	2.18056
102	87	1.5255
102	111	0.755216
102	124	0.877662
102	125	0.831562
102	143	0.807616
102	144	0.845743
102	147	0.882454
102	148	0.876873
102	155	0.815463
102	156	0.887887
102	158	0.790049
102	164	0.822841
102	165	0.850748
102	168	0.837147
102	169	0.827025
102	170	0.849214
102	171	0.802315
102	173	0.81937
102	174	0.828918
102	177	0.810141
102	178	0.801934
102	179	0.825851
102	180	0.790418
103	8	0.842515
103	27	1.9309
103	43	0.879216
103	57	0.909379
103	64	0.854571
103	72	0.859114
103	84	0.868959
103	109	0.872223
103	110	0.92474
103	111	0.928698
103	112	0.889738
103	120	0.900505
103	128	0.874989
103	132	0.889777
103	135	0.915562
103	146	0.790229
103	148	1.77627
103	149	0.876648
103	150	2.62442
103	154	0.888421
103	156	1.87399
103	159	0.83492
103	172	0.903648
103	174	2.31842
103	175	0.790649
104	6	0.868553
104	16	0.909933
104	29	0.817656
104	30	0.902582
104	40	0.876606
104	52	0.94188
104	60	0.821536
104	61	4.0468
104	62	0.848087
104	70	0.839324
104	74	0.888651
104	81	0.869779
104	83	0.8699
104	87	0.910403
104	91	0.848365
104	92	0.847663
104	98	0.887232
104	114	0.906662
104	122	0.906664
104	145	0.841228
104	146	2.30916
104	154	0.886117
104	157	2.24218
104	160	0.890646
104	178	1.76196
105	14	0.946123
105	41	0.875574
105	48	0.78019
105	50	0.871686
105	60	0.830239
105	69	0.818171
105	79	0.886708
105	90	0.911203
105	94	0.892418
105	99	0.795037
105	108	0.924429
105	117	0.916381
105	119	0.861116
105	121	0.903174
105	129	0.879496
105	131	0.894263
105	140	0.898746
105	146	3.07684
105	150	0.812639
105	161	0.839052
105	163	3.62424
105	167	0.821278
105	169	1.19852
105	172	0.910048
105	178	2.52964
106	60	0.825246
106	65	0.901459
106	69	0.813179
106	75	0.892625
106	79	0.881715
106	86	0.859977
106	90	0.90621
106	94	0.887425
106	96	1.20488
106	97	0.882734
106	101	0.898867
106	108	0.919436
106	117	0.911388
106	119	0.856124
106	129	0.874503
106	131	0.88927
106	140	0.893753
106	158	3.07432
106	159	0.836327
106	161	0.834059
106	163	3.72288
106	167	0.816285
106	170	1.0994
106	172	0.905056
106	177	1.9054
107	3	1.14583
107	66	0.909191
107	95	0.90605
107	112	1.15988
107	113	0.831297
107	121	1.36947
107	128	0.844501
107	142	0.843447
107	144	0.88393
107	147	0.920641
107	148	0.91506
107	151	0.857076
107	152	0.855935
107	158	0.828236
107	160	0.861212
107	164	0.861028
107	168	0.875334
107	169	0.865212
107	170	0.887401
107	172	0.273846
107	173	0.857557
107	176	0.845782
107	177	0.848328
107	178	0.840121
107	179	0.864038
107	180	0.828605
108	14	0.975982
108	18	0.938665
108	41	0.905433
108	50	0.901545
108	61	0.796434
108	79	0.916567
108	86	0.894829
108	90	0.941061
108	94	0.922277
108	105	0.924429
108	106	0.919436
108	115	1.39666
108	117	0.94624
108	118	1.1775
108	121	0.933032
108	122	1.4495
108	129	0.909355
108	131	0.924122
108	139	2.45393
108	140	0.928605
108	150	0.842498
108	155	2.86005
108	159	0.871179
108	167	0.851137
108	172	0.939907
108	179	3.04914
109	43	0.869668
109	46	0.854154
109	59	0.859039
109	63	0.85323
109	64	0.845024
109	67	0.492738
109	82	0.852132
109	93	0.898696
109	103	0.872223
109	110	0.915193
109	111	0.91915
109	112	0.880191
109	120	0.890958
109	128	0.865442
109	132	0.88023
109	135	0.906015
109	146	0.780682
109	149	0.867101
109	154	0.878874
109	159	0.825373
109	164	2.20122
109	166	3.08369
109	171	3.13417
109	172	0.894101
109	174	1.98004
109	175	0.781102
110	8	0.885485
110	46	0.906671
110	49	0.894134
110	57	0.952349
110	63	0.905747
110	72	0.902084
110	82	0.904649
110	84	0.911929
110	93	0.951214
110	100	0.249508
110	103	0.92474
110	109	0.915193
110	112	0.932708
110	120	0.943475
110	128	0.917959
110	132	0.932747
110	133	0.900215
110	135	0.958532
110	136	5.1924
110	146	0.833199
110	159	0.87789
110	165	1.44861
110	170	0.918205
110	175	0.833619
110	178	2.44709
110	180	2.78122
111	43	0.926143
111	46	0.910628
111	49	0.898091
111	57	0.956306
111	64	0.901499
111	82	0.908607
111	84	0.915886
111	88	0.898916
111	99	0.835564
111	102	0.755216
111	103	0.928698
111	109	0.91915
111	113	3.31076
111	120	0.947432
111	128	0.921917
111	132	0.936704
111	133	0.904172
111	135	0.962489
111	146	0.837157
111	156	1.28663
111	159	0.881847
111	171	2.10838
111	172	0.950576
111	175	0.837576
111	179	1.58927
111	180	3.02947
112	8	0.850483
112	43	0.887183
112	46	0.871668
112	49	0.859132
112	61	0.768143
112	63	0.870745
112	64	0.862539
112	82	0.869647
112	84	0.876927
112	99	0.796604
112	103	0.889738
112	107	1.15988
112	109	0.880191
112	110	0.932708
112	120	0.908472
112	128	0.882957
112	132	0.897744
112	133	0.865212
112	135	0.923529
112	137	1.72204
112	142	3.42755
112	145	2.49313
112	146	0.798197
112	154	0.896388
112	168	2.1455
112	175	0.798616
113	65	3.88924
113	107	0.831297
113	111	3.31076
113	130	0.800267
113	136	0.716776
113	141	0.792909
113	144	0.784908
113	146	0.715482
113	153	0.776211
113	162	0.743326
113	164	0.762006
113	165	0.789913
113	166	0.738211
113	168	0.776312
113	169	0.766191
113	170	0.788379
113	171	0.74148
113	173	0.758536
113	174	0.768084
113	176	0.74676
113	177	0.749306
113	178	0.741099
113	179	0.765016
113	180	0.729583
114	6	0.898051
114	16	0.939431
114	29	0.847155
114	30	0.93208
114	40	0.906104
114	52	0.971378
114	60	0.851034
114	62	0.877586
114	69	0.838967
114	70	0.868822
114	74	0.91815
114	81	0.899278
114	83	0.899399
114	87	0.939902
114	91	0.877863
114	92	0.877161
114	98	0.91673
114	99	3.00811
114	104	0.906662
114	122	0.936163
114	127	1.25492
114	145	0.870726
114	149	1.38488
114	154	0.915616
114	156	1.31792
114	162	3.1334
114	170	1.97456
115	77	1.2435
115	89	0.830046
115	94	1.419
115	108	1.39666
115	121	1.44572
115	125	0.868363
115	132	1.1665
115	137	0.900164
115	148	0.913674
115	152	0.85455
115	153	0.873847
115	157	0.831341
115	158	0.82685
115	160	0.859826
115	163	0.821655
115	164	0.859642
115	165	0.887549
115	168	0.873948
115	169	0.863826
115	170	0.886015
115	171	0.839116
115	173	0.856172
115	174	0.86572
115	176	0.844396
115	177	0.846942
115	178	0.838735
115	180	0.827219
116	30	1.7017
116	43	1.72852
116	52	1.2477
116	62	2.22282
116	133	0.877016
116	138	0.903795
116	139	0.87099
116	142	0.838944
116	143	0.8413
116	144	0.879426
116	147	0.916137
116	152	0.851432
116	156	0.92157
116	160	0.856709
116	164	0.856524
116	166	0.832729
116	168	0.87083
116	169	0.860709
116	171	0.835998
116	172	0.430586
116	173	0.853054
116	175	0.81042
116	176	0.841278
116	177	0.843824
116	178	0.835617
116	179	0.859534
116	180	0.824101
117	11	2.74115
117	18	0.930617
117	31	0.337964
117	50	0.893497
117	61	0.788386
117	65	0.928263
117	75	0.919428
117	79	0.908519
117	86	0.886781
117	97	0.909537
117	101	0.925671
117	105	0.916381
117	106	0.911388
117	108	0.94624
117	119	0.882927
117	121	0.924984
117	129	0.901307
117	131	0.916074
117	140	0.920557
117	144	1.29123
117	145	1.61164
117	146	3.66039
117	150	0.83445
117	159	0.863131
117	167	0.843089
117	172	0.931859
117	173	1.79691
118	1	0.890258
118	17	0.866772
118	19	0.879564
118	21	0.88833
118	22	0.965429
118	25	0.934702
118	32	0.934279
118	34	0.917341
118	44	0.986794
118	62	1.92318
118	65	0.918117
118	68	0.885525
118	78	0.94477
118	79	1.13422
118	108	1.1775
118	119	1.23482
118	134	0.925183
118	147	0.9447
118	154	0.936754
118	162	0.866407
118	167	0.863212
118	168	0.899393
118	171	0.864562
118	175	0.838983
118	176	0.869841
118	178	0.86418
118	180	0.852665
119	14	0.912669
119	18	0.875352
119	41	0.842121
119	50	0.838233
119	59	0.841532
119	75	0.864164
119	79	0.853254
119	86	0.831516
119	94	0.858964
119	97	0.854273
119	105	0.861116
119	106	0.856124
119	117	0.882927
119	118	1.23482
119	121	0.86972
119	127	0.834043
119	129	0.846042
119	131	0.86081
119	133	1.48152
119	134	0.849796
119	140	0.865292
119	149	2.09397
119	159	0.807866
119	161	0.805598
119	167	0.787825
119	172	0.876595
119	176	3.17668
119	177	3.48965
120	8	0.86125
120	46	0.882435
120	49	0.869899
120	57	0.928113
120	61	0.77891
120	72	0.877848
120	82	0.880414
120	84	0.887694
120	93	0.926978
120	103	0.900505
120	109	0.890958
120	110	0.943475
120	111	0.947432
120	112	0.908472
120	124	1.54524
120	128	0.893724
120	130	1.36513
120	132	0.908512
120	133	0.87598
120	135	0.934297
120	139	1.85724
120	149	0.895383
120	159	0.853655
120	162	3.18849
120	171	2.97157
120	172	0.922383
120	173	2.24225
120	175	0.809384
121	18	0.917409
121	41	0.884178
121	50	0.88029
121	65	0.915056
121	75	0.906221
121	79	0.895312
121	86	0.873574
121	94	0.901021
121	97	0.89633
121	100	1.16158
121	101	0.912464
121	105	0.903174
121	107	1.36947
121	108	0.933032
121	115	1.44572
121	117	0.924984
121	119	0.86972
121	127	0.8761
121	129	0.8881
121	131	0.902867
121	134	0.891853
121	140	0.907349
121	148	1.92103
121	150	0.821242
121	153	2.39089
121	161	0.847655
121	167	0.829882
121	168	2.35509
122	18	1.05967
122	24	0.95167
122	25	1.58424
122	26	0.840245
122	33	0.858769
122	41	1.5138
122	42	0.948494
122	46	1.60428
122	53	0.889527
122	64	1.48851
122	83	0.899401
122	87	0.939904
122	91	0.877866
122	92	0.877164
122	98	0.916732
122	104	0.906664
122	108	1.4495
122	114	0.936163
122	146	0.817427
122	152	0.858858
122	161	0.859849
122	172	0.930846
122	173	0.86048
122	174	0.870028
122	176	0.848705
122	177	0.851251
122	178	0.843044
122	179	0.866961
122	180	0.831528
123	17	3.10973
123	43	2.75583
123	72	2.53444
123	89	0.759373
123	139	0.803434
123	142	0.771388
123	143	0.773744
123	148	0.843001
123	151	0.785017
123	152	0.783876
123	156	0.854014
123	157	0.760667
123	158	0.756177
123	160	0.789153
123	162	0.770288
123	163	0.750981
123	165	0.816876
123	166	0.765173
123	168	0.803274
123	170	0.815342
123	171	0.768443
123	173	0.785498
123	175	0.742864
123	176	0.773722
123	177	0.776268
123	178	0.768062
123	179	0.791979
123	180	0.756546
124	65	1.26053
124	91	2.01958
124	95	0.89158
124	96	0.853179
124	102	0.877662
124	120	1.54524
124	135	0.790948
124	148	0.90059
124	149	0.886452
124	156	0.911603
124	157	0.818256
124	158	0.813766
124	160	0.846742
124	162	0.827877
124	164	0.846557
124	165	0.874465
124	166	0.822762
124	167	0.824682
124	168	0.860863
124	170	0.872931
124	171	0.826032
124	172	1.09536
124	173	0.843087
124	176	0.831311
124	177	0.833857
124	178	0.825651
124	179	0.849568
124	180	0.814135
125	49	1.99612
125	75	2.28854
125	77	2.30156
125	80	0.886057
125	89	0.770862
125	102	0.831562
125	115	0.868363
125	139	0.814924
125	143	0.785233
125	145	0.807235
125	147	0.860071
125	148	0.85449
125	151	0.796506
125	152	0.795365
125	154	1.59229
125	157	0.772157
125	160	0.800642
125	162	0.781777
125	165	0.828365
125	166	0.776662
125	169	0.804642
125	170	0.826831
125	171	0.779932
125	173	0.796987
125	174	0.806535
125	176	0.785212
125	177	0.787757
125	178	0.779551
125	179	0.803468
125	180	0.768035
126	12	1.917
126	49	3.1427
126	64	3.64031
126	73	0.779244
126	130	0.817857
126	136	0.734366
126	138	0.826867
126	141	0.810499
126	142	0.762016
126	147	0.839209
126	153	0.793801
126	155	0.772218
126	157	0.751295
126	158	0.746805
126	161	0.775494
126	162	0.760916
126	164	0.779596
126	165	0.807503
126	166	0.755801
126	168	0.793902
126	169	0.783781
126	170	0.805969
126	171	0.75907
126	173	0.776126
126	174	0.785674
126	176	0.76435
126	177	0.766896
126	179	0.782606
126	180	0.747173
127	15	1.20179
127	33	2.47708
127	37	0.869426
127	47	0.844042
127	51	0.827181
127	53	1.82971
127	56	0.830746
127	75	0.870544
127	77	0.948373
127	78	0.858781
127	85	0.834611
127	101	0.876786
127	114	1.25492
127	119	0.834043
127	121	0.8761
127	128	1.43079
127	131	0.867189
127	140	0.871672
127	145	0.822857
127	149	0.855974
127	161	0.811978
127	164	0.816079
127	167	0.794204
127	168	0.830385
127	169	0.820264
127	174	0.822157
127	176	0.800833
127	177	0.803379
127	178	0.795173
127	180	0.783657
128	8	0.835734
128	43	0.872435
128	46	0.85692
128	49	0.844383
128	57	0.902598
128	63	0.855996
128	64	0.84779
128	72	0.852333
128	82	0.854898
128	84	0.862178
128	93	0.901463
128	103	0.874989
128	107	0.844501
128	109	0.865442
128	110	0.917959
128	111	0.921917
128	112	0.882957
128	120	0.893724
128	127	1.43079
128	130	1.4859
128	132	0.882996
128	135	0.908781
128	146	0.783448
128	149	0.869867
128	150	2.24422
128	154	0.88164
128	158	4.12535
128	159	0.828139
128	172	0.896867
128	173	2.36302
128	175	0.783868
129	14	0.931049
129	18	0.893732
129	41	0.8605
129	50	0.856612
129	65	0.891378
129	75	0.882544
129	86	0.849896
129	89	2.87257
129	90	0.896129
129	94	0.877344
129	97	0.872653
129	99	0.779963
129	105	0.879496
129	106	0.874503
129	108	0.909355
129	117	0.901307
129	119	0.846042
129	121	0.8881
129	131	0.879189
129	134	0.868175
129	140	0.883672
129	142	2.81649
129	149	1.26505
129	150	0.797565
129	153	1.57023
129	159	0.826246
129	161	0.823978
129	167	0.806204
129	172	0.894974
129	173	2.06733
129	177	2.66073
130	13	0.737869
130	16	1.68733
130	26	3.07719
130	55	0.879717
130	80	0.915597
130	88	1.98445
130	95	0.87502
130	113	0.800267
130	120	1.36513
130	126	0.817857
130	128	1.4859
130	139	0.844464
130	146	0.783474
130	147	0.889611
130	148	0.88403
130	151	0.826047
130	155	0.82262
130	161	0.825896
130	162	0.811318
130	164	0.829998
130	166	0.806203
130	169	0.834183
130	170	0.856371
130	171	0.809472
130	173	0.826528
130	174	0.836076
130	175	0.783894
130	176	0.814752
130	177	0.817298
130	178	0.809091
130	179	0.833008
130	180	0.797575
131	18	0.908499
131	36	3.8028
131	42	0.0219437
131	50	0.871379
131	59	0.874679
131	60	0.829932
131	65	0.906145
131	75	0.897311
131	79	0.886401
131	86	0.864663
131	90	0.910896
131	94	0.892111
131	97	0.88742
131	101	0.903553
131	105	0.894263
131	106	0.88927
131	108	0.924122
131	117	0.916074
131	119	0.86081
131	121	0.902867
131	127	0.867189
131	129	0.879189
131	134	0.882942
131	137	1.67859
131	140	0.898439
131	144	2.12927
131	149	1.83266
131	150	0.812332
131	151	3.09115
131	159	0.841013
131	161	0.838745
131	165	2.14983
131	167	0.820971
131	172	0.909742
132	8	0.850522
132	43	0.887222
132	46	0.871707
132	49	0.859171
132	55	1.08203
132	57	0.917385
132	59	0.876592
132	61	0.768182
132	63	0.870784
132	64	0.862578
132	82	0.869686
132	84	0.876966
132	93	0.91625
132	99	0.796643
132	103	0.889777
132	109	0.88023
132	110	0.932747
132	111	0.936704
132	112	0.897744
132	115	1.1665
132	120	0.908512
132	128	0.882996
132	133	0.865252
132	135	0.923568
132	141	1.90761
132	146	0.798236
132	149	0.884655
132	154	0.896427
132	156	1.73953
132	159	0.842926
132	164	2.40514
132	172	0.911655
132	175	0.798656
132	176	2.88919
132	177	3.20217
133	1	0.817399
133	4	0.90865
133	7	1.90562
133	10	0.904782
133	19	0.806705
133	30	1.64874
133	34	0.844482
