1	64	1.17453
1	97	0.71103
1	110	1.21812
1	112	1.1821
1	113	1.27097
1	119	1.17254
1	120	1.17256
1	122	1.21142
1	132	0.941366
1	138	0.926326
1	158	0.894445
1	179	1.39949
2	38	0.534491
2	51	0.481752
2	61	0.463696
2	96	0.484805
2	118	0.363634
2	171	1.18183
2	172	1.23931
2	174	1.13828
2	177	1.21393
2	178	1.25177
2	179	1.17012
2	180	1.19345
3	13	1.22758
3	19	0.941768
3	50	1.18807
3	97	0.797027
3	103	1.22322
3	106	1.2253
3	123	1.16237
3	124	1.19863
3	127	1.17588
3	144	0.961061
3	163	1.10967
3	164	1.05749
4	5	1.14909
4	26	1.0563
4	40	1.09539
4	58	1.1198
4	74	1.01817
4	104	1.0478
4	108	1.01986
4	134	0.923944
4	158	1.0348
4	159	1.32369
4	166	1.34456
4	169	0.895187
5	4	1.14909
5	21	1.24236
5	26	1.24414
5	49	0.739488
5	73	1.23627
5	100	1.23787
5	108	1.2077
5	133	0.876825
5	147	0.848739
5	165	1.01047
5	169	1.08303
5	179	1.40627
6	26	1.23889
6	73	1.23101
6	74	1.20076
6	100	1.23262
6	108	1.20245
6	125	0.672122
6	136	1.20362
6	158	0.746347
6	167	1.20267
6	169	1.07777
6	172	1.01362
6	179	1.25139
7	93	1.24107
7	110	1.24913
7	112	1.21312
7	119	1.20355
7	120	1.20358
7	122	1.24243
7	125	0.607914
7	130	0.769269
7	150	1.04762
7	155	0.883341
7	174	1.44253
7	179	1.18719
8	55	1.16185
8	56	1.1644
8	61	1.24582
8	68	1.20676
8	89	1.19162
8	128	1.25262
8	132	1.17782
8	138	0.847808
8	147	0.763444
8	158	0.815927
8	173	1.1918
8	176	1.26437
9	39	1.12277
9	42	1.22342
9	117	1.20884
9	123	1.19342
9	124	1.22968
9	127	1.20693
9	129	0.71072
9	137	1.22992
9	148	1.01449
9	172	0.994752
9	178	0.934956
9	179	1.23253
10	82	0.526209
10	100	0.466525
10	114	0.446819
10	122	0.440106
10	128	0.434324
10	171	1.1979
10	173	1.23039
10	174	1.15435
10	175	1.14138
10	178	1.26785
10	179	1.18619
10	180	1.20952
11	19	0.907823
11	52	1.16029
11	82	1.21215
11	94	1.18493
11	101	1.16023
11	105	1.16191
11	109	1.22948
11	114	1.27625
11	144	0.927117
11	154	0.861514
11	164	1.02355
11	178	1.15397
12	15	1.05141
12	41	1.00884
12	69	1.00328
12	71	1.12396
12	96	0.979426
12	102	1.1563
12	107	1.04051
12	128	1.05063
12	143	1.05545
12	157	1.08609
12	178	1.15799
12	180	1.33282
13	3	1.22758
13	72	1.15454
13	103	1.24129
13	117	1.19586
13	123	1.18044
13	124	1.2167
13	127	1.19396
13	132	0.750854
13	147	0.651449
13	148	0.990947
13	174	1.46433
13	177	1.03361
14	53	1.18578
14	77	1.27058
14	79	1.16147
14	81	1.27833
14	83	1.22568
14	134	0.740936
14	136	1.18259
14	148	1.09048
14	152	0.958486
14	154	0.766803
14	172	1.11906
14	176	1.30023
15	12	1.05141
15	69	1.19303
15	86	1.23892
15	96	1.16918
15	107	1.23027
15	115	1.25387
15	134	1.25431
15	142	1.00883
15	159	0.974736
15	161	0.759324
15	169	1.08373
15	180	1.06815
16	30	1.22036
16	45	1.23831
16	77	1.27575
16	79	1.16665
16	83	1.23086
16	129	0.973557
16	130	1.07745
16	134	0.879466
16	136	1.18776
16	137	0.913448
16	148	1.09566
16	149	1.04203
17	40	1.27092
17	65	0.796091
17	74	1.1937
17	100	1.22556
17	104	1.22333
17	108	1.19539
17	129	0.904214
17	136	1.19656
17	138	0.952856
17	162	1.01562
17	168	1.20772
17	169	1.07072
18	48	1.14529
18	105	1.07325
18	106	1.17373
18	109	1.14082
18	114	1.18759
18	123	1.11079
18	124	1.14705
18	127	1.12431
18	145	1.01856
18	152	0.982351
18	158	0.875652
18	165	0.984897
18	171	1.32601
19	3	0.941768
19	11	0.907823
19	106	0.822607
19	127	0.709764
19	139	1.03798
19	166	1.04699
19	172	1.0508
19	174	0.949777
19	175	0.936802
19	177	1.02542
19	178	1.06327
19	179	0.98161
19	180	1.00494
20	21	1.16118
20	24	1.15911
20	58	1.22646
20	73	1.15509
20	97	0.77653
20	100	1.15669
20	108	1.12652
20	132	1.00687
20	136	1.1277
20	151	1.17646
20	154	0.874961
20	169	1.00185
20	180	1.34225
21	5	1.24236
21	20	1.16118
21	47	1.18449
21	73	1.1417
21	100	1.1433
21	108	1.11313
21	134	0.850841
21	136	1.1143
21	148	1.24871
21	154	0.876708
21	164	1.03874
21	169	0.988457
21	178	1.16917
22	72	1.26716
22	111	1.32655
22	117	1.30848
22	123	1.29306
22	124	1.32932
22	127	1.30657
22	135	1.27481
22	146	0.817341
22	154	0.660231
22	161	0.818701
22	173	1.12109
22	177	1.07489
22	178	0.95269
23	93	1.14437
23	95	1.12771
23	110	1.15243
23	112	1.11641
23	113	1.20527
23	119	1.10685
23	120	1.10687
23	122	1.14572
23	146	0.820106
23	164	0.825032
23	167	1.2043
23	169	1.14588
23	176	1.19642
24	20	1.15911
24	40	1.18659
24	47	1.18242
24	58	1.211
24	74	1.10937
24	100	1.14123
24	108	1.11106
24	138	0.799241
24	152	0.874059
24	166	1.07713
24	169	0.986386
24	170	0.915428
24	174	1.52775
25	34	1.03195
25	41	1.11089
25	60	1.13322
25	69	1.10533
25	87	0.858757
25	102	1.25835
25	115	1.16616
25	128	1.15267
25	134	1.16661
25	139	1.28647
25	141	0.753316
25	166	1.16524
25	172	1.12274
26	4	1.0563
26	5	1.24414
26	6	1.23889
26	47	1.18627
26	73	1.14348
26	74	1.11322
26	108	1.11491
26	140	0.866356
26	156	1.17046
26	160	0.941106
26	169	0.990239
26	170	0.955992
26	171	1.25829
27	78	1.17703
27	80	1.31445
27	88	1.09146
27	90	1.14983
27	92	1.1499
27	116	1.12697
27	145	1.0406
27	149	0.949399
27	153	0.819845
27	154	1.15602
27	163	1.02692
27	167	1.35401
27	176	0.939319
28	37	1.09815
28	55	1.10248
28	56	1.10503
28	68	1.14739
28	75	1.22156
28	85	1.17654
28	89	1.13225
28	126	0.792862
28	132	1.11846
28	151	0.955049
28	163	0.867762
28	175	1.63488
28	178	0.946008
29	46	1.18244
29	88	1.12217
29	90	1.18053
29	92	1.18061
29	116	1.15768
29	121	1.11721
29	132	0.929624
29	146	0.954829
29	154	1.18672
29	155	1.08391
29	161	0.956189
29	176	0.970025
29	180	1.26501
30	16	1.22036
30	51	1.17222
30	79	1.0923
30	81	1.20915
30	83	1.1565
30	121	1.11653
30	126	1.04152
30	131	0.897929
30	133	0.962795
30	136	1.11341
30	144	0.967812
30	148	1.02131
30	177	1.31687
31	93	1.12955
31	112	1.1016
31	113	1.19046
31	116	1.11375
31	119	1.09203
31	120	1.09206
31	122	1.13091
31	146	1.0197
31	150	0.936098
31	151	1.01163
31	153	0.869729
31	154	0.86259
31	177	1.27725
31	179	1.45262
32	64	1.24834
32	95	1.26721
32	112	1.25591
32	119	1.24634
32	120	1.24637
32	122	1.28522
32	142	0.927668
32	150	1.09041
32	151	1.16594
32	152	0.711372
32	172	0.871945
32	175	1.50102
32	177	0.934351
32	178	0.812148
33	46	1.10706
33	78	1.13236
33	80	1.26978
33	88	1.04679
33	90	1.10515
33	92	1.10523
33	121	1.04183
33	134	0.967771
33	137	1.00175
33	154	1.11134
33	155	1.27982
33	158	1.07862
33	164	1.15567
33	176	0.894647
34	25	1.03195
34	44	1.04181
34	54	1.00834
34	60	1.09942
34	69	1.07153
34	86	1.11741
34	102	1.22455
34	107	1.10876
34	115	1.13236
34	154	0.837795
34	159	1.21168
34	164	0.999831
34	178	1.13025
34	180	1.30509
35	37	1.05161
35	38	1.03489
35	55	1.05594
35	56	1.05848
35	75	1.17501
35	85	1.12999
35	89	1.08571
35	126	0.880139
35	128	1.1467
35	132	1.07191
35	144	0.806428
35	149	0.877518
35	175	1.72215
35	180	1.20812
36	57	1.22135
36	84	1.3112
36	94	1.17451
36	98	1.28006
36	101	1.14981
36	105	1.15149
36	109	1.21906
36	114	1.26583
36	130	0.879403
36	133	0.767875
36	155	0.993475
36	159	1.08117
36	160	0.925455
36	166	1.10204
37	28	1.09815
37	35	1.05161
37	38	1.03269
37	56	1.05629
37	68	1.09865
37	75	1.17281
37	85	1.12779
37	89	1.08351
37	97	0.754877
37	131	0.849028
37	132	1.06971
37	152	1.04499
37	176	1.38674
37	179	1.44334
38	2	0.534491
38	35	1.03489
38	37	1.03269
38	61	1.12099
38	68	1.08193
38	75	1.1561
38	85	1.11108
38	89	1.06679
38	128	1.12779
38	130	1.09423
38	132	1.053
38	144	0.987717
38	151	1.22361
38	180	1.38941
39	9	1.12277
39	42	1.07458
39	99	1.14712
39	103	1.10543
39	111	1.07807
39	117	1.06
39	124	1.08084
39	127	1.0581
39	130	1.10408
39	137	1.08109
39	141	0.914794
39	163	1.14618
39	164	1.094
39	178	1.22442
40	4	1.09539
40	17	1.27092
40	24	1.18659
40	58	1.25394
40	74	1.15231
40	100	1.18417
40	108	1.154
40	125	0.749442
40	132	0.870588
40	136	1.15518
40	148	1.11068
40	160	0.956849
40	169	1.02933
40	177	1.15334
40	180	1.20597
41	12	1.00884
41	25	1.11089
41	54	1.08728
41	71	1.27115
41	86	1.19635
41	96	1.12662
41	102	1.30349
41	107	1.1877
41	115	1.2113
41	139	1.12233
41	151	0.907847
41	157	0.826909
41	164	0.768382
41	170	0.839398
41	175	1.58767
42	9	1.22342
42	39	1.07458
42	50	1.17093
42	103	1.20608
42	111	1.17872
42	117	1.16065
42	123	1.14524
42	124	1.18149
42	127	1.15875
42	131	0.735172
42	133	0.800038
42	152	0.931134
42	170	0.972503
42	174	1.58483
42	178	1.03191
43	53	1.11628
43	63	1.18192
43	99	1.23284
43	106	1.19323
43	111	1.16378
43	117	1.14572
43	118	1.20082
43	123	1.1303
43	127	1.14381
43	141	0.787508
43	151	1.10618
43	154	0.80468
43	164	0.966716
43	170	1.03773
43	176	1.33811
44	34	1.04181
44	49	1.10033
44	62	0.96008
44	71	1.23586
44	86	1.16106
44	102	1.2682
44	107	1.15242
44	115	1.17602
44	128	1.16253
44	134	1.17646
44	141	0.853691
44	153	0.878002
44	154	0.870862
44	162	1.05049
44	171	1.40621
45	16	1.23831
45	77	1.21936
45	79	1.11025
45	81	1.22711
45	83	1.17446
45	118	1.2191
45	121	1.13449
45	130	0.968393
45	136	1.13137
45	148	1.03926
45	153	0.803419
45	154	0.796279
45	168	1.16801
45	169	1.27916
45	170	1.02933
46	29	1.18244
46	33	1.10706
46	78	1.24281
46	88	1.15724
46	90	1.2156
46	92	1.21568
46	121	1.15228
46	151	0.887083
46	154	1.22179
46	156	1.0331
46	163	0.799797
46	165	0.779812
46	171	1.12093
46	174	1.43096
46	176	1.0051
47	21	1.18449
47	24	1.18242
47	26	1.18627
47	58	1.24977
47	100	1.18
47	104	1.17778
47	108	1.14983
47	126	0.882032
47	129	0.810942
47	136	1.15101
47	138	0.859583
47	165	0.936947
47	169	1.02516
47	171	1.27806
47	176	1.27615
48	18	1.14529
48	66	1.26285
48	67	1.14985
48	82	1.16243
48	94	1.13521
48	101	1.11051
48	105	1.11219
48	109	1.17976
48	114	1.22653
48	137	0.839113
48	147	0.863499
48	158	0.915983
48	159	1.20488
48	162	1.01062
48	168	1.20273
49	5	0.739488
49	44	1.10033
49	59	0.615998
49	88	0.767507
49	96	1.1062
49	107	1.16729
49	109	0.650529
49	110	0.692591
49	115	1.19089
49	145	1.08167
49	173	0.97541
49	177	0.975015
49	178	1.01286
49	179	0.931206
49	180	0.954541
50	3	1.18807
50	42	1.17093
50	111	1.17442
50	117	1.15635
50	118	1.21146
50	123	1.14093
50	124	1.17719
50	127	1.15444
50	135	1.12268
50	138	0.934463
50	144	0.883201
50	153	0.824737
50	155	1.10378
50	165	1.01183
50	180	1.28489
51	2	0.481752
51	30	1.17222
51	77	1.22762
51	79	1.11851
51	81	1.23537
51	83	1.18272
51	118	1.22736
51	121	1.14275
51	136	1.13963
51	141	0.852203
51	148	1.04752
51	157	1.08994
51	160	1.08754
51	162	1.049
51	172	1.22163
52	11	1.16029
52	67	1.07619
52	76	1.14453
52	82	1.08876
52	84	1.19822
52	98	1.16709
52	101	1.03684
52	105	1.03852
52	109	1.10609
52	114	1.15286
52	144	0.831059
52	153	0.772595
52	167	1.30676
52	168	1.13718
52	170	0.998508
52	171	1.3008
53	14	1.18578
53	43	1.11628
53	103	1.16207
53	106	1.16415
53	118	1.17174
53	121	1.08713
53	123	1.10122
53	124	1.13747
53	136	1.08401
53	147	0.927355
53	148	0.991905
53	154	0.894854
53	155	1.18104
53	157	1.11542
53	160	1.11302
53	163	1.10907
54	34	1.00834
54	41	1.08728
54	60	1.10961
54	69	1.08171
54	71	1.2024
54	96	1.05786
54	102	1.23474
54	115	1.14255
54	128	1.12906
54	133	0.791629
54	134	1.14299
54	141	0.713871
54	152	0.922726
54	174	1.57642
54	178	1.0235
54	179	1.32107
55	8	1.16185
55	28	1.10248
55	35	1.05594
55	61	1.14204
55	68	1.10298
55	75	1.17714
55	85	1.13212
55	89	1.08784
55	128	1.14883
55	132	1.07404
55	141	0.685954
55	144	0.768728
55	167	1.24443
55	171	1.23847
55	176	1.23655
55	180	1.17042
56	8	1.1644
56	28	1.10503
56	35	1.05848
56	37	1.05629
56	61	1.14458
56	68	1.10553
56	75	1.17969
56	85	1.13467
56	89	1.09038
56	128	1.15138
56	161	0.901002
56	165	0.936761
56	168	1.11426
56	173	1.20339
56	177	1.15719
56	178	1.03499
57	36	1.22135
57	62	0.768736
57	76	1.21601
57	82	1.16024
57	84	1.26971
57	94	1.13303
57	98	1.23857
57	101	1.10832
57	105	1.11001
57	109	1.17757
57	114	1.22434
57	125	0.690277
57	146	0.836628
57	150	1.19746
57	172	1.03177
57	176	1.21295
57	180	1.14681
58	4	1.1198
58	20	1.22646
58	24	1.211
58	40	1.25394
58	47	1.24977
58	73	1.20698
58	74	1.17672
58	104	1.20635
58	108	1.17841
58	125	0.755323
58	140	0.88798
58	143	0.934482
58	158	0.829548
58	159	1.11845
58	169	1.05374
58	172	1.09682
58	176	1.27799
59	49	0.615998
59	64	1.08415
59	95	1.10302
59	110	1.12773
59	112	1.09172
59	113	1.18058
59	116	1.10387
59	119	1.08216
59	120	1.08218
59	122	1.12103
59	142	1.10073
59	150	0.92622
59	151	1.00175
59	155	0.978934
59	162	0.872373
59	173	1.15361
59	175	1.67408
60	25	1.13322
60	34	1.09942
60	54	1.10961
60	69	1.17279
60	86	1.21868
60	96	1.14894
60	102	1.32582
60	107	1.21003
60	115	1.23363
60	134	1.23407
60	143	0.834964
60	151	0.946547
60	160	0.863212
60	166	1.0398
60	171	1.18039
60	173	1.1059
60	178	0.937506
61	2	0.463696
61	8	1.24582
61	38	1.12099
61	55	1.14204
61	56	1.14458
61	68	1.18695
61	75	1.26111
61	85	1.21609
61	89	1.17181
61	128	1.2328
61	131	0.84704
61	132	1.15801
61	141	0.834148
61	151	1.15282
61	154	0.851319
61	168	1.22305
61	177	1.26598
62	44	0.96008
62	57	0.768736
62	68	0.922744
62	78	0.796195
62	82	0.893239
62	143	1.12118
62	160	1.08237
62	165	1.0741
62	166	0.997677
62	171	0.944014
62	172	1.00149
62	174	0.900464
62	175	0.88749
62	177	0.976106
62	178	1.01396
62	179	0.932297
62	180	0.955632
63	43	1.18192
63	72	1.14095
63	91	0.802258
63	99	1.2694
63	111	1.20034
63	117	1.18228
63	118	1.23739
63	123	1.16686
63	124	1.20312
63	127	1.18037
63	135	1.14861
63	140	0.920428
63	143	0.96693
63	146	0.934122
63	147	0.809513
63	156	1.22453
63	173	1.23787
64	1	1.17453
64	32	1.24834
64	59	1.08415
64	93	1.16408
64	95	1.14743
64	110	1.17214
64	113	1.22499
64	119	1.12656
64	120	1.12658
64	122	1.16544
64	129	0.66228
64	143	0.783974
64	150	0.970624
64	160	0.812222
64	173	1.05491
64	174	1.43943
64	175	1.57538
64	178	0.886516
65	17	0.796091
65	71	0.459606
65	84	0.659164
65	88	1.12661
65	90	1.18497
65	92	1.18505
65	107	0.706006
65	110	0.72944
65	112	0.753433
65	154	1.19116
65	156	1.03
65	168	1.01577
65	174	0.919895
65	176	0.974464
65	177	0.995537
65	178	1.03339
65	179	0.951728
65	180	0.975063
66	48	1.26285
66	67	1.22847
66	82	1.24105
66	84	1.35051
66	94	1.21383
66	98	1.31937
66	101	1.18913
66	105	1.19081
66	109	1.25838
66	114	1.30515
66	134	0.703267
66	141	0.711962
66	144	0.794737
66	150	1.24708
66	151	1.03063
66	157	0.949696
66	162	0.908759
66	168	1.10086
67	48	1.14985
67	52	1.07619
67	66	1.22847
67	76	1.18382
67	82	1.12805
67	94	1.10083
67	98	1.20637
67	101	1.07613
67	105	1.07781
67	109	1.14538
67	114	1.19215
67	134	0.65543
67	141	0.664125
67	142	1.08928
67	147	0.713797
67	150	1.19924
67	167	1.2226
67	175	1.66262
68	8	1.20676
68	28	1.14739
68	37	1.09865
68	38	1.08193
68	55	1.10298
68	56	1.10553
68	61	1.18695
68	62	0.922744
68	75	1.22205
68	85	1.17703
68	89	1.13275
68	132	1.11895
68	134	0.807659
68	138	0.950391
68	140	0.976942
68	158	0.91851
68	163	1.04774
68	169	1.31641
69	12	1.00328
69	15	1.19303
69	25	1.10533
69	34	1.07153
69	54	1.08171
69	60	1.17279
69	71	1.26559
69	86	1.19079
69	91	0.710255
69	96	1.12105
69	107	1.18214
69	115	1.20574
69	131	0.68073
69	154	0.68501
69	169	1.16789
69	173	1.14587
69	174	1.53039
69	179	1.27504
70	93	1.29585
70	110	1.30391
70	112	1.2679
70	113	1.35676
70	116	1.28005
70	119	1.25833
70	120	1.25836
70	122	1.29721
70	140	0.901976
70	147	0.791061
70	150	1.1024
70	151	1.17793
70	154	0.75856
70	161	0.91703
70	162	0.938186
70	164	0.920596
70	177	1.17322
70	178	1.05102
71	12	1.12396
71	41	1.27115
71	44	1.23586
71	54	1.2024
71	65	0.459606
71	69	1.26559
71	86	1.31147
71	96	1.24173
71	107	1.30282
71	115	1.32642
71	128	1.31293
71	143	0.689424
71	147	0.532006
71	151	0.801006
71	156	0.947024
71	173	0.960363
71	174	1.34488
71	175	1.48083
72	13	1.15454
72	22	1.26716
72	63	1.14095
72	97	0.742642
72	99	1.19187
72	103	1.15018
72	106	1.15226
72	111	1.12281
72	117	1.10475
72	123	1.08933
72	127	1.10284
72	137	1.12583
72	144	0.906676
72	158	0.926057
72	165	1.0353
72	172	1.19333
72	177	1.25573
72	178	1.13353
73	5	1.23627
73	6	1.23101
73	20	1.15509
73	21	1.1417
73	26	1.14348
73	58	1.20698
73	74	1.10535
73	100	1.13721
73	104	1.13498
73	126	0.961158
73	136	1.10821
73	137	0.829958
73	139	1.33783
73	154	0.821844
73	160	1.04001
73	163	1.03606
73	169	0.982366
73	172	1.1741
74	4	1.01817
74	6	1.20076
74	17	1.1937
74	24	1.10937
74	26	1.11322
74	40	1.15231
74	58	1.17672
74	73	1.10535
74	87	0.882318
74	100	1.10695
74	108	1.07678
74	125	0.804807
74	136	1.07795
74	145	1.02194
74	150	1.31199
74	157	1.01461
74	169	0.952108
74	173	1.25491
74	177	1.20871
75	28	1.22156
75	35	1.17501
75	37	1.17281
75	38	1.1561
75	55	1.17714
75	56	1.17969
75	61	1.26111
75	68	1.22205
75	85	1.25119
75	89	1.20691
75	128	1.26791
75	152	0.87899
75	153	0.694447
75	157	0.90787
75	165	0.881536
75	172	1.03956
75	177	1.10197
75	178	0.979766
75	179	1.27734
76	52	1.14453
76	57	1.21601
76	67	1.18382
76	82	1.19639
76	84	1.30585
76	94	1.16917
76	98	1.27472
76	101	1.14447
76	105	1.14615
76	109	1.21372
76	114	1.26049
76	132	0.902716
76	142	1.17879
76	145	0.998705
76	146	0.927921
76	149	0.907505
76	155	1.057
76	158	0.855795
76	164	0.932847
77	14	1.27058
77	16	1.27575
77	45	1.21936
77	51	1.22762
77	79	1.14769
77	81	1.26455
77	83	1.2119
77	91	0.830013
77	118	1.25654
77	121	1.17193
77	134	0.778901
77	135	0.937363
77	136	1.16881
77	147	0.837268
77	148	1.07671
77	157	1.02533
77	161	0.963237
77	166	1.19952
77	168	1.1765
78	27	1.17703
78	33	1.13236
78	46	1.24281
78	62	0.796195
78	80	1.40552
78	88	1.18254
78	90	1.2409
78	92	1.24098
78	116	1.21805
78	121	1.17758
78	126	0.846291
78	142	1.11496
78	143	0.896895
78	145	0.934871
78	150	1.22492
78	152	0.89866
78	154	1.24709
78	158	0.791961
78	176	1.03039
79	14	1.16147
79	16	1.16665
79	30	1.0923
79	45	1.11025
79	51	1.11851
79	77	1.14769
79	81	1.15544
79	83	1.10279
79	118	1.14744
79	121	1.06282
79	136	1.0597
79	139	1.18511
79	148	0.967598
79	150	1.18707
79	165	0.863357
79	169	1.15201
79	172	1.02138
79	178	0.961588
79	180	1.13642
80	27	1.31445
80	33	1.26978
80	78	1.40552
80	88	1.31996
80	90	1.37832
80	92	1.3784
80	116	1.35547
80	121	1.315
80	143	0.754101
80	149	0.700877
80	154	1.38451
80	157	0.784746
80	159	0.938065
80	162	0.743809
80	169	1.04706
80	170	0.797235
80	171	1.09953
80	176	1.16781
80	179	1.15421
81	14	1.27833
81	30	1.20915
81	45	1.22711
81	51	1.23537
81	77	1.26455
81	79	1.15544
81	83	1.21965
81	118	1.26429
81	121	1.17968
81	132	0.925491
81	136	1.17656
81	137	0.8017
81	140	0.937002
81	141	0.776414
81	148	1.08446
81	149	0.930279
81	150	1.31153
81	165	0.987814
81	178	1.08604
82	10	0.526209
82	11	1.21215
82	48	1.16243
82	52	1.08876
82	57	1.16024
82	62	0.893239
82	66	1.24105
82	67	1.12805
82	76	1.19639
82	94	1.1134
82	97	0.70559
82	98	1.21895
82	101	1.0887
82	109	1.15795
82	114	1.20472
82	143	0.993938
82	150	1.32197
82	154	0.804021
82	158	0.889005
82	179	1.39405
83	14	1.22568
83	16	1.23086
83	30	1.1565
83	45	1.17446
83	51	1.18272
83	77	1.2119
83	79	1.10279
83	81	1.21965
83	118	1.21165
83	121	1.12703
83	136	1.12391
83	146	0.766652
83	148	1.03181
83	151	0.911042
83	155	0.895728
83	167	1.15084
83	169	1.09242
83	170	0.842593
83	172	0.961798
83	174	1.45492
84	36	1.3112
84	52	1.19822
84	57	1.26971
84	65	0.659164
84	66	1.35051
84	76	1.30585
84	94	1.22287
84	98	1.32841
84	101	1.19817
84	105	1.19985
84	109	1.26741
84	114	1.31419
84	140	0.84248
84	146	0.856174
84	149	0.835757
84	157	0.919626
84	163	0.913278
84	164	0.8611
84	169	1.18194
84	178	0.991523
85	28	1.17654
85	35	1.12999
85	37	1.12779
85	38	1.11108
85	55	1.13212
85	56	1.13467
85	61	1.21609
85	68	1.17703
85	75	1.25119
85	89	1.16189
85	97	0.77771
85	126	1.01545
85	128	1.22289
85	129	0.944364
85	132	1.1481
85	137	0.884255
85	144	0.941744
85	151	1.17764
85	159	1.25002
85	162	1.05577
86	15	1.23892
86	34	1.11741
86	41	1.19635
86	44	1.16106
86	60	1.21868
86	69	1.19079
86	71	1.31147
86	96	1.16694
86	97	0.745217
86	102	1.34381
86	115	1.25162
86	125	0.854407
86	128	1.23813
86	131	0.839369
86	132	0.975554
86	134	1.25207
86	137	0.851762
86	145	1.07154
86	153	0.850788
86	165	1.03788
86	171	1.37899
87	25	0.858757
87	74	0.882318
87	92	0.747352
87	117	0.754971
87	118	0.839526
87	120	0.881789
87	148	1.01311
87	149	1.14954
87	155	1.05032
87	156	1.01668
87	168	1.00245
87	170	1.06366
87	172	1.0076
87	173	0.982612
87	174	0.906575
87	175	0.8936
87	177	0.982217
87	178	1.02007
87	179	0.938408
87	180	0.961743
88	27	1.09146
88	29	1.12217
88	33	1.04679
88	46	1.15724
88	49	0.767507
88	65	1.12661
88	78	1.18254
88	80	1.31996
88	90	1.15533
88	92	1.15541
88	116	1.13248
88	121	1.09202
88	129	0.91248
88	135	0.976852
88	154	1.16153
88	157	1.06482
88	158	0.929241
88	163	1.05847
88	164	1.00629
88	171	1.3796
88	176	0.944828
89	8	1.19162
89	28	1.13225
89	35	1.08571
89	37	1.08351
89	38	1.06679
89	55	1.08784
89	56	1.09038
89	61	1.17181
89	68	1.13275
89	75	1.20691
89	85	1.16189
89	125	0.813126
89	128	1.1786
89	132	1.10381
89	135	0.934963
89	149	0.939061
89	153	0.809507
89	161	0.960837
89	170	1.03542
89	175	1.78369
89	178	1.09483
90	27	1.14983
90	29	1.18053
90	33	1.10515
90	46	1.2156
90	65	1.18497
90	78	1.2409
90	80	1.37832
90	88	1.15533
90	92	1.21378
90	116	1.19085
90	121	1.15038
90	126	0.951593
90	131	0.808
90	137	0.820393
90	140	0.955695
90	145	1.04017
90	154	1.21989
90	163	1.02649
90	164	0.974315
90	169	1.29516
90	170	1.04533
90	176	1.00319
91	63	0.802258
91	69	0.710255
91	77	0.830013
91	94	0.814248
91	112	0.818579
91	113	0.831955
91	115	0.768723
91	138	1.15951
91	153	1.21799
91	156	1.02207
91	160	1.09387
91	164	1.08119
91	168	1.00783
91	170	1.06905
91	172	1.01299
91	173	0.988001
91	174	0.911964
91	175	0.898989
91	177	0.987606
91	178	1.02546
91	179	0.943797
91	180	0.967132
92	27	1.1499
92	29	1.18061
92	33	1.10523
92	46	1.21568
92	65	1.18505
92	78	1.24098
92	80	1.3784
92	87	0.747352
92	88	1.15541
92	90	1.21378
92	116	1.19092
92	121	1.15046
92	133	0.719669
92	146	0.816193
92	149	0.795777
92	154	1.21997
92	161	0.817553
92	166	1.05384
92	169	1.14196
92	174	1.50446
92	176	1.00327
92	177	1.07374
93	7	1.24107
93	23	1.14437
93	31	1.12955
93	64	1.16408
93	70	1.29585
93	95	1.18295
93	110	1.20766
93	112	1.17165
93	113	1.26051
93	119	1.16209
93	120	1.16211
93	122	1.20096
93	143	0.966822
93	151	1.08168
93	152	0.968587
93	153	0.784044
93	160	0.99507
93	161	0.935374
93	162	0.95653
93	163	0.991118
93	172	1.12916
93	177	1.19157
94	11	1.18493
94	36	1.17451
94	48	1.13521
94	57	1.13303
94	66	1.21383
94	67	1.10083
94	76	1.16917
94	82	1.1134
94	84	1.22287
94	91	0.814248
94	98	1.19173
94	101	1.06148
94	105	1.06317
94	109	1.13073
94	114	1.1775
94	135	0.921597
94	146	0.946112
94	153	0.796142
94	159	1.16288
94	161	0.947472
94	162	0.968628
94	170	1.02205
94	179	1.37903
95	23	1.12771
95	32	1.26721
95	59	1.10302
95	64	1.14743
95	93	1.18295
95	104	1.15033
95	110	1.19101
95	112	1.155
95	113	1.24386
95	119	1.14543
95	120	1.14546
95	122	1.18431
95	129	0.862311
95	134	0.768221
95	140	0.937504
95	150	0.989497
95	151	1.06503
95	160	1.01225
95	162	0.973713
95	164	0.956124
95	168	1.16582
95	172	1.14634
95	179	1.38412
96	2	0.484805
96	12	0.979426
96	15	1.16918
96	41	1.12662
96	49	1.1062
96	54	1.05786
96	60	1.14894
96	69	1.12105
96	71	1.24173
96	86	1.16694
96	102	1.27407
96	107	1.15829
96	115	1.18189
96	128	1.1684
96	129	0.940652
96	132	1.00433
96	134	1.18233
96	141	0.855257
96	152	1.06411
96	161	1.0309
96	165	1.06666
96	170	1.10548
96	171	1.40778
97	1	0.71103
97	3	0.797027
97	20	0.77653
97	37	0.754877
97	72	0.742642
97	82	0.70559
97	85	0.77771
97	86	0.745217
97	109	0.628848
97	153	1.35747
97	157	1.22072
97	165	1.22508
97	167	1.11698
97	170	1.20854
97	171	1.095
97	172	1.15248
97	173	1.12749
97	174	1.05145
97	175	1.03848
97	177	1.12709
97	178	1.16494
97	179	1.08328
97	180	1.10662
98	36	1.28006
98	52	1.16709
98	57	1.23857
98	66	1.31937
98	67	1.20637
98	76	1.27472
98	82	1.21895
98	84	1.32841
98	94	1.19173
98	101	1.16703
98	105	1.16871
98	109	1.23628
98	114	1.28305
98	133	0.67295
98	135	0.744959
98	138	0.729228
98	148	0.984362
98	156	1.05988
98	160	0.830529
98	171	1.14771
98	177	1.02703
98	179	1.20239
98	180	1.07966
99	39	1.14712
99	43	1.23284
99	63	1.2694
99	72	1.19187
99	103	1.27862
99	106	1.28071
99	111	1.25126
99	118	1.2883
99	123	1.21778
99	124	1.25403
99	127	1.23129
99	132	0.761237
99	135	1.19953
99	137	1.25428
99	145	0.857226
99	149	0.766025
99	151	0.930832
99	152	0.821014
99	164	0.791368
99	165	0.82356
99	166	1.02408
99	175	1.61066
99	180	1.09662
100	5	1.23787
100	6	1.23262
100	10	0.466525
100	17	1.22556
100	20	1.15669
100	21	1.1433
100	24	1.14123
100	40	1.18417
100	47	1.18
100	73	1.13721
100	74	1.10695
100	104	1.13658
100	108	1.10864
100	130	0.916451
100	133	0.804923
100	136	1.10982
100	151	1.04584
100	155	1.03052
100	167	1.28564
100	168	1.11606
100	169	0.98397
100	172	1.09659
100	173	1.20519
101	11	1.16023
101	36	1.14981
101	48	1.11051
101	52	1.03684
101	57	1.10832
101	66	1.18913
101	67	1.07613
101	76	1.14447
101	82	1.0887
101	84	1.19817
101	94	1.06148
101	98	1.16703
101	105	1.03846
101	109	1.10603
101	114	1.1528
101	131	0.722245
101	138	0.843389
101	144	0.792127
101	145	0.954419
101	165	0.920753
101	167	1.26783
101	173	1.18738
101	174	1.5719
101	176	1.25995
102	12	1.1563
102	25	1.25835
102	34	1.22455
102	41	1.30349
102	44	1.2682
102	54	1.23474
102	60	1.32582
102	86	1.34381
102	96	1.27407
102	107	1.33516
102	115	1.35876
102	128	1.34527
102	129	0.715621
102	134	1.3592
102	135	0.779993
102	144	0.713
102	145	0.875292
102	148	1.0194
102	153	0.654537
102	156	1.09492
102	157	0.86796
102	159	1.02128
102	173	1.10825
102	176	1.18083
103	3	1.22322
103	13	1.24129
103	39	1.10543
103	42	1.20608
103	53	1.16207
103	72	1.15018
103	99	1.27862
103	106	1.23902
103	111	1.20957
103	117	1.1915
103	123	1.17609
103	124	1.21234
103	125	0.743124
103	127	1.1896
103	137	1.21259
103	141	0.715194
103	159	1.10625
103	160	0.950531
103	162	0.911991
103	163	0.946579
103	166	1.12712
103	168	1.10409
103	170	0.965417
103	180	1.19966
104	4	1.0478
104	17	1.22333
104	47	1.17778
104	58	1.20635
104	73	1.13498
104	95	1.15033
104	100	1.13658
104	110	1.17504
104	119	1.12946
104	120	1.12948
104	122	1.16834
104	135	0.963247
104	136	1.10759
104	137	0.838766
104	140	0.974068
104	146	0.987762
104	148	1.20265
104	150	0.973524
104	151	1.04906
104	152	1.02234
104	158	0.915636
104	167	1.37195
104	169	0.981741
104	177	1.24531
105	11	1.16191
105	18	1.07325
105	36	1.15149
105	48	1.11219
105	52	1.03852
105	57	1.11001
105	66	1.19081
105	67	1.07781
105	76	1.14615
105	84	1.19985
105	94	1.06317
105	98	1.16871
105	101	1.03846
105	109	1.10771
105	114	1.15448
105	125	0.879024
105	126	1.00758
105	131	0.863986
105	135	1.00086
105	148	1.24026
105	149	1.00496
105	160	1.08643
105	164	1.0303
105	167	1.40957
106	3	1.2253
106	18	1.17373
106	19	0.822607
106	43	1.19323
106	53	1.16415
106	72	1.15226
106	99	1.28071
106	103	1.23902
106	111	1.21165
106	117	1.19359
106	123	1.17817
106	124	1.21442
106	126	0.915611
106	127	1.19168
106	134	0.75043
106	135	1.15992
106	137	1.21467
106	138	0.893162
106	141	0.759126
106	142	1.18428
106	156	1.22382
106	158	0.861281
106	161	0.934767
106	166	1.17105
107	12	1.04051
107	15	1.23027
107	34	1.10876
107	41	1.1877
107	44	1.15242
107	49	1.16729
107	60	1.21003
107	65	0.706006
107	69	1.18214
107	71	1.30282
107	96	1.15829
107	102	1.33516
107	115	1.24297
107	128	1.22949
107	134	1.24342
107	135	0.878501
107	140	0.889322
107	143	0.935824
107	148	1.1179
107	151	1.04741
107	152	0.937589
107	153	0.753046
107	155	1.03209
107	169	1.22879
108	4	1.01986
108	5	1.2077
108	6	1.20245
108	17	1.19539
108	20	1.12652
108	21	1.11313
108	24	1.11106
108	26	1.11491
108	40	1.154
108	47	1.14983
108	58	1.17841
108	74	1.07678
108	100	1.10864
108	135	0.864891
108	136	1.07965
108	137	0.74041
108	147	0.764797
108	148	1.10429
108	156	1.17981
108	165	0.926525
108	169	0.953799
108	172	1.08455
108	175	1.71362
108	177	1.14696
109	11	1.22948
109	18	1.14082
109	36	1.21906
109	48	1.17976
109	49	0.650529
109	52	1.10609
109	57	1.17757
109	66	1.25838
109	67	1.14538
109	76	1.21372
109	82	1.15795
109	84	1.26741
109	94	1.13073
109	97	0.628848
109	98	1.23628
109	101	1.10603
109	105	1.10771
109	114	1.22205
109	130	0.899393
109	137	0.735393
109	147	0.75978
109	153	0.734419
109	160	0.945445
109	169	1.21016
109	170	0.960331
109	175	1.70861
109	180	1.19457
110	1	1.21812
110	7	1.24913
110	23	1.15243
110	49	0.692591
110	59	1.12773
110	64	1.17214
110	65	0.72944
110	70	1.30391
110	93	1.20766
110	95	1.19101
110	104	1.17504
110	112	1.17971
110	113	1.26857
110	119	1.17014
110	120	1.17017
110	122	1.20902
110	130	0.941454
110	141	0.752169
110	143	0.959258
110	150	1.01421
110	151	1.08974
110	157	0.989903
110	158	0.854324
110	159	1.14322
110	170	1.00239
110	172	1.1216
110	173	1.2302
111	22	1.32655
111	39	1.07807
111	42	1.17872
111	43	1.16378
111	50	1.17442
111	63	1.20034
111	72	1.12281
111	99	1.25126
111	103	1.20957
111	106	1.21165
111	117	1.16414
111	123	1.14872
111	124	1.18497
111	125	0.822508
111	127	1.16223
111	131	0.807469
111	135	1.13047
111	137	1.18522
111	139	1.32773
111	144	0.877352
111	145	1.03964
111	147	0.84425
111	150	1.32969
111	154	0.811749
111	155	1.09794
111	161	0.970219
111	162	0.991374
112	1	1.1821
112	7	1.21312
112	23	1.11641
112	31	1.1016
112	32	1.25591
112	59	1.09172
112	65	0.753433
112	70	1.2679
112	91	0.818579
112	93	1.17165
112	95	1.155
112	110	1.17971
112	113	1.23256
112	116	1.15584
112	119	1.13413
112	120	1.13415
112	122	1.17301
112	133	0.85392
112	135	0.925928
112	140	0.936749
112	145	1.02123
112	146	0.950443
112	148	1.16533
112	150	0.978194
112	151	1.05373
112	153	0.800473
112	156	1.24085
112	173	1.25419
113	1	1.27097
113	23	1.20527
113	31	1.19046
113	59	1.18058
113	64	1.22499
113	70	1.35676
113	91	0.831955
113	93	1.26051
113	95	1.24386
113	110	1.26857
113	112	1.23256
113	116	1.24471
113	119	1.22299
113	120	1.22302
113	122	1.26187
113	134	0.780842
113	137	0.814824
113	141	0.789538
113	147	0.83921
113	150	1.06706
113	151	1.14259
113	152	0.998392
113	153	0.813849
113	160	1.02488
113	161	0.965179
113	162	0.986335
113	166	1.20146
113	168	1.17844
114	10	0.446819
114	11	1.27625
114	18	1.18759
114	36	1.26583
114	48	1.22653
114	52	1.15286
114	57	1.22434
114	66	1.30515
114	67	1.19215
114	76	1.26049
114	82	1.20472
114	84	1.31419
114	94	1.1775
114	98	1.28305
114	101	1.1528
114	105	1.15448
114	109	1.22205
114	131	0.720351
114	132	0.856536
114	133	0.785217
114	138	0.841496
114	139	1.24062
114	149	0.861324
114	156	1.17215
114	162	0.904256
114	167	1.26593
114	170	0.957682
114	173	1.18549
115	15	1.25387
115	25	1.16616
115	34	1.13236
115	41	1.2113
115	44	1.17602
115	49	1.19089
115	54	1.14255
115	60	1.23363
115	69	1.20574
115	71	1.32642
115	86	1.25162
115	91	0.768723
115	96	1.18189
115	102	1.35876
115	107	1.24297
115	125	0.754236
115	128	1.25309
115	129	0.811701
115	134	1.26702
115	137	0.751591
115	138	0.860342
115	143	0.933395
115	153	0.750617
115	156	1.191
115	164	0.905513
115	166	1.13823
115	173	1.20433
115	177	1.15814
116	27	1.12697
116	29	1.15768
116	31	1.11375
116	59	1.10387
116	70	1.28005
116	78	1.21805
116	80	1.35547
116	88	1.13248
116	90	1.19085
116	92	1.19092
116	112	1.15584
116	113	1.24471
116	119	1.14628
116	120	1.1463
116	122	1.18516
116	133	0.724758
116	134	0.638305
116	139	1.18016
116	142	1.07215
116	151	1.06587
116	154	1.19704
116	160	0.882337
116	161	0.822641
116	165	0.8584
116	166	1.05892
116	167	1.20547
116	170	0.897223
116	174	1.50955
116	176	0.980339
116	179	1.2542
117	9	1.20884
117	13	1.19586
117	22	1.30848
117	39	1.06
117	42	1.16065
117	43	1.14572
117	50	1.15635
117	63	1.18228
117	72	1.10475
117	87	0.754971
117	103	1.1915
117	106	1.19359
117	111	1.16414
117	118	1.20118
117	123	1.13065
117	124	1.16691
117	127	1.14417
117	135	1.1124
117	137	1.16716
117	146	0.823812
117	150	1.18465
117	154	0.666701
117	156	1.11422
117	160	0.884867
117	162	0.846327
117	167	1.208
117	168	1.03843
117	169	1.14958
117	171	1.20205
117	178	0.959161
118	2	0.363634
118	43	1.20082
118	45	1.2191
118	50	1.21146
118	51	1.22736
118	53	1.17174
118	63	1.23739
118	77	1.25654
118	79	1.14744
118	81	1.26429
118	83	1.21165
118	87	0.839526
118	99	1.2883
118	117	1.20118
118	124	1.22202
118	127	1.19927
118	129	0.819481
118	133	0.811844
118	135	1.16751
118	136	1.16855
118	137	1.22226
118	143	0.941175
118	148	1.07645
118	149	0.887951
118	157	0.97182
118	161	0.909727
118	163	0.965471
118	165	0.945486
118	170	0.984309
118	172	1.10351
118	174	1.59663
119	1	1.17254
119	7	1.20355
119	23	1.10685
119	31	1.09203
119	32	1.24634
119	59	1.08216
119	64	1.12656
119	70	1.25833
119	93	1.16209
119	95	1.14543
119	104	1.12946
119	110	1.17014
119	112	1.13413
119	113	1.22299
119	116	1.14628
119	120	1.12459
119	122	1.16344
119	134	0.649773
119	137	0.683754
119	139	1.19162
119	149	0.812333
119	150	0.968631
119	151	1.04416
119	155	0.961826
119	156	1.12316
119	168	1.04737
119	169	1.15852
119	170	0.908691
119	173	1.1365
119	174	1.52102
119	176	1.20907
120	1	1.17256
120	7	1.20358
120	23	1.10687
120	31	1.09206
120	32	1.24637
120	59	1.08218
120	64	1.12658
120	70	1.25836
120	87	0.881789
120	93	1.16211
120	95	1.14546
120	104	1.12948
120	110	1.17017
120	112	1.13415
120	113	1.22302
120	116	1.1463
120	119	1.12459
120	122	1.16347
120	130	0.965634
120	131	0.78924
120	135	0.926115
120	148	1.16552
120	150	0.968654
120	151	1.04419
120	152	0.985203
120	154	0.79352
120	157	1.01408
120	162	0.973145
120	165	0.987748
120	179	1.38355
120	180	1.26081
121	29	1.11721
121	30	1.11653
121	33	1.04183
121	45	1.13449
121	46	1.15228
121	51	1.14275
121	53	1.08713
121	77	1.17193
121	78	1.17758
121	79	1.06282
121	80	1.315
121	81	1.17968
121	83	1.12703
121	88	1.09202
121	90	1.15038
121	92	1.15046
121	126	0.905756
121	136	1.08394
121	147	0.798943
121	148	0.991835
121	150	1.28439
121	153	0.773582
121	154	1.15657
121	159	1.14032
121	161	0.924912
121	168	1.13817
121	169	1.24932
121	170	0.999494
121	171	1.30179
121	172	1.1187
121	176	0.939872
121	178	1.0589
122	1	1.21142
122	7	1.24243
122	10	0.440106
122	23	1.14572
122	31	1.13091
122	32	1.28522
122	59	1.12103
122	64	1.16544
122	70	1.29721
122	93	1.20096
122	95	1.18431
122	104	1.16834
122	110	1.20902
122	112	1.17301
122	113	1.26187
122	116	1.18516
122	119	1.16344
122	120	1.16347
122	131	0.713638
122	142	1.1259
122	149	0.854611
122	150	1.00751
122	151	1.08304
122	156	1.16544
122	157	0.93848
122	161	0.876387
122	165	0.912146
122	168	1.08965
122	171	1.25326
122	177	1.13258
122	178	1.01038
122	180	1.18521
123	3	1.16237
123	9	1.19342
123	13	1.18044
123	18	1.11079
123	22	1.29306
123	42	1.14524
123	43	1.1303
123	50	1.14093
123	53	1.10122
123	63	1.16686
123	72	1.08933
123	99	1.21778
123	103	1.17609
123	106	1.17817
123	111	1.14872
123	117	1.13065
123	124	1.15149
123	127	1.12875
123	131	0.825803
123	134	0.804216
123	135	1.09699
123	137	1.15174
123	138	0.946948
123	140	0.973498
123	146	0.987193
123	147	0.862583
123	160	1.04825
123	161	0.988552
123	163	1.0443
123	164	0.992119
123	166	1.22483
123	177	1.24474
123	180	1.29737
124	3	1.19863
124	9	1.22968
124	13	1.2167
124	18	1.14705
124	22	1.32932
124	39	1.08084
124	42	1.18149
124	50	1.17719
124	53	1.13747
124	63	1.20312
124	99	1.25403
124	103	1.21234
124	106	1.21442
124	111	1.18497
124	117	1.16691
124	118	1.22202
124	123	1.15149
124	127	1.165
124	135	1.13324
124	137	1.18799
124	138	0.914766
124	141	0.78073
124	142	1.20588
124	144	0.863504
124	145	1.0258
124	146	0.955011
124	147	0.830402
124	149	0.934595
124	153	0.805041
124	163	1.01212
124	165	0.99213
124	166	1.19265
124	170	1.03095
124	173	1.25876
125	6	0.672122
125	7	0.607914
125	40	0.749442
125	57	0.690277
125	58	0.755323
125	74	0.804807
125	86	0.854407
125	89	0.813126
125	103	0.743124
125	105	0.879024
125	111	0.822508
125	115	0.754236
125	136	0.795526
125	146	1.24896
125	150	1.09502
125	156	1.14055
125	157	1.19972
125	158	1.25535
125	159	1.13865
125	163	1.18495
125	165	1.20408
125	166	1.12766
125	167	1.09597
125	168	1.12631
125	170	1.18753
125	171	1.07399
125	172	1.13147
125	173	1.10648
125	174	1.03044
125	175	1.01747
125	177	1.10608
125	178	1.14393
125	179	1.06228
125	180	1.08561
126	28	0.792862
126	30	1.04152
126	35	0.880139
126	47	0.882032
126	73	0.961158
126	78	0.846291
126	85	1.01545
126	90	0.951593
126	105	1.00758
126	106	0.915611
126	121	0.905756
126	137	1.15729
126	145	1.08724
126	147	1.21711
126	149	1.1479
126	150	0.969516
126	157	1.07421
126	158	1.12985
126	160	1.08684
126	161	1.10422
126	162	1.08234
126	163	1.05945
126	167	0.970472
126	168	1.00081
126	170	1.06203
126	171	0.948492
126	172	1.00597
126	173	0.980979
126	174	0.904942
126	175	0.891968
126	177	0.980584
126	178	1.01843
126	179	0.936775
126	180	0.96011
127	3	1.17588
127	9	1.20693
127	13	1.19396
127	18	1.12431
127	19	0.709764
127	22	1.30657
127	39	1.0581
127	42	1.15875
127	43	1.14381
127	50	1.15444
127	63	1.18037
127	72	1.10284
127	99	1.23129
127	103	1.1896
127	106	1.19168
127	111	1.16223
127	117	1.14417
127	118	1.19927
127	123	1.12875
127	124	1.165
127	129	0.731678
127	133	0.724041
127	135	1.1105
127	137	1.16525
127	142	1.07143
127	143	0.853372
127	148	1.03545
127	155	0.94964
127	159	1.03734
127	162	0.84308
127	168	1.03518
127	170	0.896506
127	175	1.64478
127	176	1.19688
127	180	1.13075
128	8	1.25262
128	10	0.434324
128	12	1.05063
128	25	1.15267
128	35	1.1467
128	38	1.12779
128	44	1.16253
128	54	1.12906
128	55	1.14883
128	56	1.15138
128	61	1.2328
128	71	1.31293
128	75	1.26791
128	85	1.22289
128	86	1.23813
128	89	1.1786
128	96	1.1684
128	102	1.34527
128	107	1.22949
128	115	1.25309
128	130	0.88425
128	132	1.16481
128	134	1.25353
128	135	0.844731
128	139	1.22812
128	142	1.12011
128	144	0.777739
128	147	0.744636
128	153	0.719275
128	156	1.15965
128	157	0.932699
128	158	0.79712
128	159	1.08602
128	176	1.24556
128	177	1.1268
128	179	1.30217
129	9	0.71072
129	16	0.973557
129	17	0.904214
129	47	0.810942
129	64	0.66228
129	85	0.944364
129	88	0.91248
129	95	0.862311
129	96	0.940652
129	102	0.715621
129	115	0.811701
129	118	0.819481
129	127	0.731678
129	131	1.27746
129	146	1.18734
129	154	1.24008
129	155	1.11256
129	156	1.07892
129	157	1.13809
129	159	1.07702
129	161	1.1681
129	162	1.14621
129	164	1.13804
129	165	1.14245
129	166	1.06603
129	168	1.06469
129	170	1.1259
129	171	1.01237
129	172	1.06984
129	173	1.04486
129	174	0.968818
129	175	0.955843
129	177	1.04446
129	178	1.08231
129	179	1.00065
129	180	1.02399
130	7	0.769269
130	16	1.07745
130	36	0.879403
130	38	1.09423
130	39	1.10408
130	45	0.968393
130	100	0.916451
130	109	0.899393
130	110	0.941454
130	120	0.965634
130	128	0.88425
130	134	1.18711
130	135	1.09275
130	144	1.15054
130	146	1.11367
130	156	1.00525
130	158	1.12006
130	159	1.00336
130	160	1.07705
130	163	1.04965
130	164	1.06438
130	165	1.06878
130	166	0.992363
130	168	0.991021
130	170	1.05223
130	171	0.9387
130	172	0.996175
130	173	0.971187
130	174	0.89515
130	175	0.882176
130	176	0.949719
130	177	0.970792
130	178	1.00864
130	179	0.926983
130	180	0.950318
131	30	0.897929
131	37	0.849028
131	42	0.735172
131	61	0.84704
131	69	0.68073
131	86	0.839369
131	90	0.808
131	101	0.722245
131	105	0.863986
131	111	0.807469
131	114	0.720351
131	120	0.78924
131	122	0.713638
131	123	0.825803
131	129	1.27746
131	141	1.32276
131	143	1.2129
131	146	1.2107
131	153	1.29821
131	160	1.17409
131	161	1.19147
131	162	1.16958
131	164	1.16141
131	166	1.0894
131	168	1.08806
131	169	1.06497
131	170	1.14927
131	171	1.03573
131	172	1.09321
131	173	1.06822
131	174	0.992185
131	175	0.97921
131	176	1.04675
131	177	1.06783
131	178	1.10568
131	179	1.02402
131	180	1.04735
132	1	0.941366
132	8	1.17782
132	13	0.750854
132	20	1.00687
132	28	1.11846
132	29	0.929624
132	35	1.07191
132	37	1.06971
132	38	1.053
132	40	0.870588
132	55	1.07404
132	61	1.15801
132	68	1.11895
132	76	0.902716
132	81	0.925491
132	85	1.1481
132	86	0.975554
132	89	1.10381
132	96	1.00433
132	99	0.761237
132	114	0.856536
132	128	1.16481
132	136	0.916672
132	142	1.02325
132	157	1.05605
132	162	1.06417
132	164	1.05601
132	169	0.959571
132	171	0.93033
132	172	0.987806
132	173	0.962818
132	174	0.886781
132	175	0.873806
132	177	0.962423
132	178	1.00027
132	179	0.918614
132	180	0.941949
133	5	0.876825
133	30	0.962795
133	36	0.767875
133	42	0.800038
133	54	0.791629
133	92	0.719669
133	98	0.67295
133	100	0.804923
133	112	0.85392
133	114	0.785217
133	116	0.724758
133	118	0.811844
133	127	0.724041
133	136	0.845354
133	141	1.30952
133	142	1.11542
133	146	1.19747
133	147	1.29112
133	156	1.08906
133	157	1.14823
133	158	1.20386
133	159	1.08716
133	162	1.15635
133	163	1.13346
133	164	1.14818
133	165	1.15258
133	166	1.07617
133	167	1.04448
133	168	1.07482
133	170	1.13604
133	171	1.0225
133	173	1.05499
133	174	0.978953
133	175	0.965978
133	177	1.05459
133	178	1.09244
133	179	1.01079
133	180	1.03412
134	4	0.923944
134	14	0.740936
134	15	1.25431
134	16	0.879466
134	21	0.850841
134	25	1.16661
134	33	0.967771
134	44	1.17646
134	54	1.14299
134	60	1.23407
134	66	0.703267
134	67	0.65543
134	68	0.807659
134	77	0.778901
134	86	1.25207
134	95	0.768221
134	96	1.18233
134	102	1.3592
134	106	0.75043
134	107	1.24342
134	113	0.780842
134	115	1.26702
134	116	0.638305
134	119	0.649773
134	123	0.804216
134	128	1.25353
134	130	1.18711
134	145	1.1578
