1	41	1.19533
1	106	1.21915
1	138	1.18417
1	141	0.955683
1	160	0.933102
1	163	0.945821
1	164	0.927549
1	170	0.926403
1	177	0.924754
1	178	0.921272
1	179	0.940691
1	180	0.924726
2	21	1.14061
2	118	0.914612
2	136	1.27497
2	144	0.890417
2	157	1.18408
2	160	0.944111
2	163	0.956829
2	164	0.938557
2	177	0.935762
2	178	0.93228
2	179	0.951699
2	180	0.935735
3	18	1.217
3	31	0.913419
3	68	1.15449
3	74	0.926218
3	91	0.903534
3	104	1.22455
3	124	0.890007
3	170	0.952198
3	177	0.950549
3	178	0.947067
3	179	0.966486
3	180	0.950521
4	68	0.950906
4	80	0.925254
4	127	0.939249
4	145	0.924289
4	155	0.927593
4	163	1.17085
4	164	1.20535
4	166	0.926987
4	169	0.928593
4	172	0.939843
4	174	0.937286
4	177	1.22604
5	21	1.05241
5	119	0.833566
5	127	1.05709
5	130	0.966088
5	147	1.05246
5	150	1.02498
5	159	1.05383
5	167	0.866124
5	169	1.04643
5	172	1.05768
5	174	1.05512
5	177	0.933906
6	41	1.01357
6	72	0.91654
6	82	1.11627
6	144	0.979259
6	147	1.04419
6	156	0.825681
6	166	1.03655
6	169	1.03816
6	172	1.04941
6	174	1.04685
6	175	1.05501
6	176	0.878318
7	13	0.997791
7	65	0.964375
7	73	1.00159
7	76	0.932083
7	95	0.890299
7	96	0.972619
7	110	0.975845
7	133	1.03478
7	164	0.974494
7	165	1.29855
7	175	0.965402
8	90	0.89739
8	113	1.08875
8	114	0.939236
8	138	0.948593
8	139	1.26711
8	153	0.949804
8	165	0.886284
8	167	0.951419
8	171	0.93992
8	173	0.945213
8	175	1.24158
8	176	0.94214
9	36	0.781744
9	48	0.944232
9	100	0.913661
9	113	0.939093
9	149	1.03344
9	157	1.06
9	169	1.04397
9	174	1.05266
9	176	1.05234
9	177	1.0537
9	178	1.05022
9	180	1.05368
10	74	1.17137
10	130	0.928972
10	151	0.937668
10	156	0.947094
10	159	1.1797
10	162	0.937899
10	165	0.883413
10	168	0.946296
10	171	0.937048
10	173	0.942341
10	176	0.939269
10	177	1.24889
11	122	0.952854
11	153	1.19299
11	154	0.902223
11	163	0.949855
11	164	0.931583
11	171	1.21233
11	174	1.19377
11	175	0.935907
11	177	0.928788
11	178	0.925307
11	179	0.944725
11	180	0.928761
12	72	0.941668
12	117	1.03328
12	126	1.05658
12	139	0.897141
12	147	1.05723
12	150	1.02976
12	166	1.0496
12	167	0.86558
12	169	1.0512
12	172	1.06245
12	174	1.0599
12	179	0.896201
13	7	0.997791
13	65	1.06437
13	73	1.10159
13	76	1.03208
13	95	0.990299
13	96	1.07262
13	109	0.991351
13	110	1.07585
13	114	0.919335
13	165	1.0165
13	168	0.690538
13	175	1.0654
14	23	0.838199
14	103	1.00957
14	105	1.05725
14	122	0.939963
14	144	1.10929
14	145	1.00063
14	147	1.01097
14	150	0.983492
14	166	1.00333
14	169	1.00494
14	172	1.01619
14	174	1.01363
14	176	1.00835
15	84	1.1222
15	105	1.06927
15	120	0.853606
15	145	1.01265
15	146	0.985766
15	150	0.995511
15	152	0.996515
15	165	0.969475
15	169	1.01696
15	171	0.948073
15	172	1.02821
15	174	1.02565
15	176	0.974949
16	69	0.933103
16	113	1.0403
16	116	1.00082
16	118	1.02842
16	133	0.990623
16	155	1.0098
16	157	1.02683
16	164	0.930335
16	167	1.02845
16	172	1.02205
16	174	1.01949
16	176	1.01917
16	178	0.955043
17	28	0.893248
17	71	1.02474
17	125	0.92844
17	131	0.993721
17	142	0.987905
17	150	1.09141
17	164	1.01468
17	168	0.986045
17	175	1.019
17	177	1.01188
17	178	1.0084
17	179	1.02782
17	180	1.01185
18	3	1.217
18	27	0.913183
18	101	0.992945
18	134	1.0245
18	135	1.03151
18	151	1.00267
18	153	1.01193
18	164	0.906725
18	167	1.01355
18	168	1.01129
18	173	1.00734
18	175	0.865659
18	176	1.00427
19	48	0.817425
19	133	0.9774
19	150	1.10964
19	151	1.00944
19	154	0.987338
19	159	0.957677
19	163	1.03497
19	164	1.0167
19	170	1.01555
19	177	1.0139
19	178	1.01042
19	179	1.02984
19	180	1.01388
20	78	0.99214
20	101	1.0016
20	146	1.04125
20	151	1.01132
20	156	1.02075
20	158	1.01154
20	162	1.01155
20	166	0.947371
20	167	1.0222
20	173	1.01599
20	175	0.924852
20	176	1.01292
20	177	0.9866
21	2	1.14061
21	5	1.05241
21	126	1.01066
21	145	1.00097
21	151	0.92809
21	152	0.984837
21	155	1.00428
21	157	0.885553
21	159	1.01267
21	166	1.00367
21	172	1.01653
21	174	1.01397
21	177	0.945517
22	122	1.2534
22	132	0.897429
22	135	0.938459
22	136	0.87304
22	151	0.909616
22	157	0.918877
22	158	0.909836
22	168	0.918243
22	171	0.908996
22	173	0.914289
22	174	1.27634
22	176	0.911216
22	180	1.37195
23	14	0.838199
23	29	0.867786
23	37	1.00106
23	48	1.07278
23	69	0.948434
23	81	1.01447
23	94	0.973825
23	100	1.02713
23	113	1.05563
23	114	1.05508
23	116	1.01615
23	144	0.99052
23	165	1.15225
24	63	0.928691
24	97	0.963051
24	115	0.995294
24	130	1.00705
24	146	1.02951
24	148	1.04699
24	153	0.898729
24	154	0.995903
24	160	1.03082
24	177	1.02247
24	178	1.01899
24	179	1.03841
24	180	1.02244
25	45	0.95374
25	75	1.03369
25	104	0.922446
25	118	1.0005
25	133	0.985145
25	161	1.0383
25	170	1.0233
25	171	0.979646
25	174	0.961085
25	177	1.02165
25	178	1.01817
25	179	1.03759
25	180	1.02162
26	96	1.01916
26	100	0.996086
26	110	1.02238
26	113	1.02459
26	116	0.985106
26	128	0.95557
26	133	1.02352
26	140	1.03076
26	170	0.976668
26	173	1.00653
26	175	1.01194
26	176	1.00346
26	179	0.94675
27	18	0.913183
27	64	1.01643
27	91	0.969479
27	133	0.97999
27	135	0.933727
27	149	1.02701
27	163	1.03756
27	170	1.01814
27	173	1.02498
27	177	1.01649
27	178	1.01301
27	179	1.03243
27	180	1.01647
28	17	0.893248
28	30	0.946567
28	43	0.993527
28	70	0.879818
28	84	1.05089
28	118	1.01096
28	132	1.01948
28	143	1.02445
28	157	1.04093
28	162	1.0319
28	168	1.04029
28	173	1.03634
28	176	1.03327
29	23	0.867786
29	76	0.991846
29	95	0.950062
29	103	0.990514
29	166	1.02862
29	167	1.02596
29	168	1.02371
29	172	1.0112
29	175	1.02517
29	176	1.01668
29	178	1.01457
29	179	1.03398
29	180	1.01802
30	28	0.946567
30	83	0.96038
30	144	1.13298
30	146	0.953308
30	147	0.990529
30	152	0.964057
30	155	0.983499
30	159	0.991895
30	166	0.982893
30	168	1.03936
30	169	0.984499
30	172	0.995749
30	174	0.993192
30	180	1.08221
31	3	0.913419
31	68	0.909348
31	83	1.11713
31	85	1.14994
31	139	0.973263
31	158	1.02126
31	160	0.989995
31	161	0.9983
31	163	1.00271
31	170	0.983296
31	177	0.981647
31	178	0.978165
31	179	0.997584
31	180	0.981619
32	38	1.06926
32	56	1.0149
32	91	1.08551
32	101	0.966176
32	138	0.983949
32	153	0.985161
32	156	0.985323
32	158	0.976117
32	162	0.976128
32	167	0.986776
32	168	0.984524
32	170	1.03206
32	171	0.975276
32	173	0.98057
33	40	0.952236
33	126	0.983094
33	128	0.993195
33	144	1.15674
33	145	0.973412
33	147	0.983747
33	148	0.977514
33	159	0.985113
33	166	0.97611
33	167	1.01793
33	169	0.977717
33	172	0.988966
33	174	0.98641
33	179	1.04855
34	38	0.944396
34	92	0.990812
34	112	0.936911
34	122	1.00577
34	134	0.990996
34	143	1.03641
34	146	1.154
34	156	1.0168
34	161	0.998358
34	164	0.9845
34	177	0.981706
34	178	0.978224
34	179	0.997643
34	180	0.981678
35	107	1.11759
35	112	0.935836
35	130	1.06815
35	135	0.934977
35	142	0.956653
35	148	1.00515
35	152	1.07854
35	163	1.0017
35	164	0.983426
35	170	0.982281
35	177	0.980631
35	178	0.97715
35	179	0.996569
35	180	0.980604
36	9	0.781744
36	37	1.07493
36	48	1.14665
36	69	1.0223
36	81	1.08834
36	94	1.0477
36	100	1.101
36	109	0.955234
36	113	1.1295
36	116	1.09002
36	129	0.803
36	143	1.09956
36	165	0.980385
36	180	0.697267
37	23	1.00106
37	36	1.07493
37	55	1.00873
37	81	0.962577
37	93	1.16964
37	94	0.921927
37	100	0.975233
37	108	0.94894
37	113	1.00373
37	116	0.964252
37	118	0.97756
37	144	0.938622
37	165	1.20352
37	179	0.862993
38	32	1.06926
38	34	0.944396
38	71	0.994324
38	125	0.998704
38	142	0.957489
38	145	1.075
38	161	0.998119
38	164	0.984261
38	168	1.05631
38	170	0.983116
38	177	0.981467
38	178	0.977985
38	179	0.997404
38	180	0.981439
39	73	0.938546
39	76	1.13007
39	100	1.03258
39	110	1.07844
39	130	0.967226
39	163	0.999952
39	166	0.967543
39	170	0.980535
39	171	0.975302
39	172	0.980399
39	174	0.977842
39	176	0.977523
39	179	0.994823
39	180	0.978858
40	33	0.952236
40	65	0.98965
40	81	0.962168
40	96	0.997895
40	100	0.974824
40	110	1.00112
40	112	1.14952
40	116	0.963844
40	157	0.995892
40	171	0.999064
40	172	0.985072
40	174	0.982515
40	175	0.990678
40	177	1.05586
41	1	1.19533
41	6	1.01357
41	82	1.05283
41	90	1.07452
41	117	0.956793
41	145	0.970409
41	146	0.943522
41	163	0.94163
41	165	0.927231
41	169	0.974713
41	170	0.98957
41	172	0.985963
41	174	0.983406
41	175	0.991569
42	121	0.937607
42	122	0.949181
42	124	1.20321
42	132	0.972786
42	134	1.00681
42	136	0.948398
42	156	0.994399
42	157	0.994234
42	158	0.985193
42	170	1.04024
42	171	0.984353
42	173	0.989646
42	176	0.986574
42	179	1.01032
43	28	0.993527
43	130	0.966014
43	133	1.11638
43	134	0.996548
43	151	0.97471
43	158	0.97493
43	162	0.974941
43	167	0.98559
43	168	0.983338
43	170	1.06953
43	171	0.97409
43	174	1.00142
43	175	1.01502
43	176	0.976311
44	58	1.09458
44	98	1.10702
44	112	0.9128
44	137	1.15405
44	139	0.949211
44	140	1.1418
44	154	0.93103
44	160	0.965944
44	161	0.974248
44	170	0.959245
44	175	0.964714
44	177	0.957595
44	178	0.954114
44	179	0.973533
44	180	0.957568
45	25	0.95374
45	56	0.95433
45	115	0.923694
45	121	1.21408
45	134	1.05385
45	147	1.1246
45	160	0.959217
45	161	0.967521
45	163	0.971935
45	164	0.953663
45	172	1.10556
45	177	0.950868
45	178	0.947387
45	179	0.966806
45	180	0.950841
46	115	0.969201
46	132	1.03862
46	137	1.05568
46	143	1.04359
46	149	1.0335
46	153	1.06007
46	155	0.889188
46	162	1.05104
46	168	1.05943
46	171	1.05018
46	172	0.856898
46	173	1.05548
46	175	0.851802
46	176	1.05241
46	180	0.933803
47	58	1.05095
47	108	1.01792
47	123	1.04338
47	137	1.05487
47	141	0.89262
47	148	0.828329
47	156	1.05941
47	157	1.05925
47	168	1.05861
47	169	0.904023
47	171	1.04937
47	173	1.05466
47	176	1.05159
47	177	0.936529
47	178	0.940555
48	9	0.944232
48	19	0.817425
48	23	1.07278
48	36	1.14665
48	50	0.828341
48	55	1.08046
48	69	0.96826
48	81	1.0343
48	94	0.993651
48	100	1.04696
48	113	1.07546
48	116	1.03598
48	143	1.04551
48	157	0.779541
48	165	1.14287
49	102	1.03655
49	118	1.02749
49	138	0.880279
49	139	1.04025
49	143	0.880632
49	148	1.07316
49	157	0.883607
49	161	1.06529
49	168	0.920976
49	170	1.05029
49	173	0.933832
49	177	1.04864
49	178	1.04516
49	179	1.06457
49	180	1.04861
50	48	0.828341
50	55	0.818152
50	69	1.10257
50	80	1.03803
50	110	0.843625
50	116	0.885444
50	158	1.04836
50	164	1.0539
50	169	1.04137
50	173	1.05281
50	174	1.05006
50	176	1.04974
50	178	1.04762
50	179	1.06704
50	180	1.05108
51	66	0.967194
51	68	0.969102
51	87	1.00052
51	99	1.07466
51	111	1.23172
51	123	1.06793
51	132	1.12496
51	147	0.952819
51	150	0.925343
51	152	0.926347
51	155	0.945788
51	159	0.954185
51	166	0.945183
51	172	0.958039
51	174	0.955482
52	63	0.967674
52	75	0.987092
52	96	0.612865
52	121	1.04171
52	124	1.00091
52	135	0.888849
52	148	1.08597
52	154	1.03489
52	160	1.0698
52	163	1.08252
52	176	0.959929
52	177	1.06145
52	178	1.05797
52	179	1.07739
52	180	1.06142
53	87	0.852369
53	94	0.969841
53	121	1.00092
53	135	1.07713
53	147	0.896513
53	156	1.05771
53	157	1.05755
53	158	1.04851
53	161	0.900223
53	162	1.04852
53	167	1.05916
53	171	1.04767
53	172	0.87747
53	173	1.05296
53	176	1.04989
54	86	1.06674
54	89	0.988723
54	111	1.04605
54	117	1.00133
54	145	1.01494
54	146	0.988055
54	155	1.01825
54	159	1.02664
54	166	1.01764
54	169	1.01925
54	171	0.904755
54	172	1.0305
54	173	0.951808
54	174	1.02794
54	176	0.931631
54	178	0.965572
55	37	1.00873
55	48	1.08046
55	50	0.818152
55	69	0.956114
55	75	1.02237
55	81	1.02215
55	88	1.06406
55	93	1.0988
55	94	0.981504
55	100	1.03481
55	108	1.00852
55	109	1.10753
55	113	1.06331
55	116	1.02383
55	122	0.731015
55	144	0.998199
56	32	1.0149
56	45	0.95433
56	82	0.841835
56	122	1.0463
56	142	0.99826
56	149	1.01683
56	154	0.995672
56	160	1.03059
56	163	1.0433
56	164	1.02503
56	167	0.956757
56	170	1.02389
56	172	0.967887
56	177	1.02224
56	179	1.03818
56	180	1.02221
57	76	0.997197
57	90	1.05585
57	95	0.955413
57	101	0.964002
57	110	1.04096
57	145	1.00936
57	148	1.04792
57	153	0.902012
57	168	0.955552
57	169	1.01366
57	171	0.921355
57	174	1.02235
57	175	1.03052
57	178	1.01992
57	179	1.03934
57	180	1.02337
58	44	1.09458
58	47	1.05095
58	77	0.943511
58	123	1.0072
58	149	0.996507
58	154	1.00228
58	157	1.02307
58	158	1.01403
58	162	1.01404
58	167	1.02469
58	168	1.02244
58	171	1.01319
58	173	1.01848
58	176	1.01541
58	177	0.899684
58	179	0.862522
59	66	0.949083
59	97	0.977739
59	102	1.00965
59	124	0.961199
59	139	1.01336
59	160	1.03009
59	161	1.03839
59	164	1.02453
59	170	1.02339
59	171	0.932759
59	173	0.979813
59	176	0.959636
59	177	1.02174
59	178	1.01826
59	179	1.03768
59	180	1.02171
60	77	0.987291
60	82	0.872857
60	98	0.918736
60	125	0.975362
60	131	0.998599
60	141	1.04769
60	155	1.0312
60	160	1.02511
60	164	1.01955
60	170	1.01841
60	172	0.998909
60	175	1.02388
60	177	1.01676
60	178	1.01328
60	179	1.0327
60	180	1.01673
61	134	1.03644
61	141	0.908873
61	146	1.00743
61	149	0.997297
61	151	1.0146
61	153	1.02386
61	154	1.05537
61	158	1.01482
61	160	0.939858
61	162	1.01483
61	167	1.02548
61	168	1.02323
61	171	1.01398
61	173	1.01927
61	175	0.891035
61	176	1.0162
62	72	0.976412
62	89	0.990285
62	103	1.02544
62	121	1.01998
62	145	1.0165
62	150	0.999362
62	152	1.00037
62	153	0.891972
62	155	1.01981
62	159	1.0282
62	169	1.02081
62	172	1.03206
62	174	1.0295
62	175	1.03766
62	176	0.938191
62	178	0.972132
63	24	0.928691
63	52	0.967674
63	105	1.06391
63	122	0.949064
63	136	1.28639
63	141	0.955927
63	154	0.898433
63	160	0.933347
63	164	0.927793
63	169	1.22296
63	170	0.926648
63	176	1.22555
63	177	0.924999
63	178	0.921517
63	179	0.940936
63	180	0.924971
64	27	1.01643
64	91	0.9717
64	98	0.896289
64	103	0.955777
64	141	1.04964
64	145	1.02921
64	154	0.992149
64	156	0.950561
64	160	1.02706
64	161	1.03537
64	167	0.965332
64	170	1.02036
64	177	1.01871
64	178	1.01523
64	179	1.03465
64	180	1.01869
65	7	0.964375
65	13	1.06437
65	40	0.98965
65	70	1.51031
65	73	1.06817
65	76	0.998667
65	95	0.956883
65	96	1.0392
65	98	1.0354
65	99	1.00886
65	108	0.773777
65	110	1.04243
65	114	0.842004
65	129	0.761787
65	165	0.939171
65	175	1.03199
66	51	0.967194
66	59	0.949083
66	68	1.04202
66	86	1.0672
66	99	0.935921
66	117	1.00179
66	140	0.906433
66	150	0.998261
66	152	0.999265
66	159	1.0271
66	162	0.980034
66	166	1.0181
66	169	1.01971
66	172	1.03096
66	174	1.0284
66	180	1.02873
67	121	0.965886
67	135	1.0421
67	140	1.04215
67	151	1.01325
67	153	1.02252
67	155	0.958502
67	156	1.02268
67	160	0.96994
67	166	0.943636
67	167	1.02413
67	168	1.02188
67	171	1.01263
67	173	1.01792
67	176	1.01485
67	177	0.982865
67	179	0.945703
68	3	1.15449
68	4	0.950906
68	31	0.909348
68	51	0.969102
68	66	1.04202
68	87	1.07534
68	102	0.887689
68	108	1.00287
68	147	1.02765
68	151	0.847472
68	152	1.00117
68	159	1.02901
68	166	1.02001
68	169	1.02162
68	172	1.03287
68	174	1.03031
69	16	0.933103
69	23	0.948434
69	36	1.0223
69	48	0.96826
69	50	1.10257
69	55	0.956114
69	81	0.909955
69	94	0.869306
69	100	0.922611
69	113	0.951112
69	116	0.911631
69	129	1.23972
69	143	0.921167
69	144	0.886001
69	165	1.4171
69	175	1.05199
70	28	0.879818
70	65	1.51031
70	95	1.73095
70	96	1.54647
70	159	0.861624
70	162	0.861233
70	165	0.806746
70	170	0.865614
70	172	0.865478
70	173	0.865675
70	174	0.862921
70	176	0.862602
70	177	0.863965
70	178	0.860484
70	179	0.879902
70	180	0.863938
71	17	1.02474
71	38	0.994324
71	75	0.990932
71	115	1.00446
71	118	1.01048
71	124	0.971092
71	142	1.00766
71	143	0.930746
71	151	0.976258
71	157	0.933721
71	161	1.04829
71	162	0.96524
71	177	1.03163
71	178	1.02815
71	179	1.04757
71	180	1.03161
72	6	0.91654
72	12	0.941668
72	62	0.976412
72	119	1.04439
72	127	0.939793
72	139	1.00518
72	141	1.04449
72	154	0.986998
72	164	1.01636
72	169	1.02475
72	170	1.01521
72	175	1.02068
72	177	1.01356
72	178	1.01008
72	179	1.0295
72	180	1.01354
73	7	1.00159
73	13	1.10159
73	39	0.938546
73	65	1.06817
73	76	1.03588
73	88	0.949638
73	95	0.994094
73	96	1.07641
73	110	1.07964
73	111	1.00958
73	125	1.06385
73	142	0.789621
73	154	0.817489
73	165	1.01827
73	175	1.0692
74	3	0.926218
74	10	1.17137
74	90	1.04913
74	117	1.02227
74	119	1.02527
74	142	0.970468
74	154	0.96788
74	161	1.0111
74	163	1.01551
74	164	0.997241
74	170	0.996095
74	173	0.961688
74	174	0.896073
74	177	0.994446
74	178	0.990964
74	179	1.01038
74	180	0.994419
75	25	1.03369
75	52	0.987092
75	55	1.02237
75	71	0.990932
75	94	0.935561
75	113	1.01737
75	116	0.977886
75	149	0.977335
75	162	0.994868
75	166	0.986257
75	167	1.00552
75	169	0.987864
75	170	1.03895
75	172	0.999113
75	173	0.99931
75	174	0.996557
75	178	1.05022
76	7	0.932083
76	13	1.03208
76	29	0.991846
76	39	1.13007
76	57	0.997197
76	65	0.998667
76	73	1.03588
76	93	1.17591
76	95	0.924591
76	96	1.00691
76	99	0.976567
76	110	1.01014
76	125	0.994346
76	129	1.03241
76	173	0.896687
76	175	0.999694
76	176	0.87651
77	58	0.943511
77	60	0.987291
77	102	0.977221
77	132	1.07052
77	138	1.02948
77	140	0.990728
77	142	0.965329
77	148	1.01383
77	160	0.997656
77	161	1.00596
77	162	1.06433
77	164	0.992102
77	170	0.990956
77	177	0.989307
77	178	0.985825
77	179	1.00524
77	180	0.98928
78	20	0.99214
78	84	1.12028
78	123	0.987066
78	132	0.981484
78	136	0.957096
78	138	1.00172
78	142	1.07766
78	148	0.894737
78	156	1.0031
78	157	1.00293
78	158	0.993891
78	162	0.993902
78	171	0.993051
78	173	0.998344
78	176	0.995272
78	177	1.00294
78	178	1.00696
79	119	0.92139
79	120	1.01044
79	124	1.17746
79	130	0.976119
79	134	1.00665
79	138	0.992868
79	140	1.01372
79	149	0.967514
79	151	0.984816
79	159	0.952539
79	160	1.0088
79	162	0.985047
79	167	0.995695
79	168	0.993443
79	171	0.984196
79	173	0.989489
79	180	1.04198
80	4	0.925254
80	50	1.03803
80	83	0.971843
80	127	1.00662
80	139	0.98433
80	144	1.09158
80	146	0.964772
80	150	0.974517
80	155	0.994962
80	159	1.00336
80	169	0.995963
80	171	0.963759
80	172	1.00721
80	174	1.00466
80	175	1.01282
80	177	1.02055
80	180	1.0408
81	23	1.01447
81	36	1.08834
81	37	0.962577
81	40	0.962168
81	48	1.0343
81	55	1.02215
81	69	0.909955
81	88	1.15617
81	94	0.935346
81	100	0.988651
81	113	1.01715
81	114	1.12763
81	116	0.977671
81	129	1.04741
81	143	0.987207
81	161	0.88753
81	164	0.900747
82	6	1.11627
82	41	1.05283
82	56	0.841835
82	60	0.872857
82	97	0.85443
82	106	1.05452
82	128	1.09289
82	141	0.822332
82	155	1.07641
82	159	1.08481
82	166	1.07581
82	168	0.843648
82	169	1.07741
82	172	1.08866
82	174	1.08611
82	175	1.09427
82	177	0.866242
83	30	0.96038
83	31	1.11713
83	80	0.971843
83	108	1.21066
83	127	0.985838
83	128	0.990662
83	146	0.943992
83	150	0.953737
83	152	0.954741
83	158	1.00054
83	161	1.03879
83	165	0.927701
83	166	0.973577
83	169	0.975183
83	172	0.986433
83	174	0.983876
83	175	0.992039
83	179	1.03552
84	15	1.1222
84	28	1.05089
84	78	1.12028
84	120	1.01503
84	139	0.955767
84	141	0.99508
84	154	0.937585
84	160	0.9725
84	161	0.980804
84	163	0.985218
84	164	0.966946
84	170	0.9658
84	174	1.09093
84	175	0.97127
84	177	0.964151
84	178	0.960669
84	179	0.980088
84	180	0.964124
85	31	1.14994
85	111	0.916439
85	120	0.991601
85	126	1.02449
85	137	0.970851
85	138	0.974024
85	153	0.975236
85	156	0.975398
85	157	0.975233
85	162	0.966202
85	166	1.06626
85	167	0.976851
85	168	0.974599
85	171	0.965351
85	172	1.04884
85	173	0.970644
85	176	0.967572
85	178	1.10952
86	54	1.06674
86	66	1.0672
86	112	1.02046
86	122	0.828486
86	126	1.05218
86	131	0.938077
86	145	1.0425
86	146	1.01561
86	147	1.05283
86	152	1.02636
86	158	0.854646
86	159	1.0542
86	163	0.871604
86	166	1.04519
86	172	1.05805
86	174	1.05549
86	175	1.06366
86	179	0.889625
87	51	1.00052
87	53	0.852369
87	68	1.07534
87	117	1.03511
87	119	0.866853
87	126	1.05841
87	127	1.06369
87	140	0.865147
87	153	0.891058
87	155	1.05203
87	159	1.06043
87	165	1.00555
87	169	1.05303
87	172	1.06428
87	174	1.06172
87	175	1.06989
87	176	0.937278
87	180	0.987445
88	55	1.06406
88	73	0.949638
88	81	1.15617
88	110	1.08953
88	116	1.13135
88	147	0.965835
88	148	0.994064
88	150	0.938359
88	167	0.977458
88	169	0.959805
88	171	0.965958
88	173	0.971251
88	174	0.968498
88	176	0.968179
88	177	0.969542
88	178	0.96606
88	179	0.985479
88	180	0.969514
89	54	0.988723
89	62	0.990285
89	102	1.12369
89	103	0.973409
89	107	0.951697
89	128	0.984258
89	145	0.964475
89	146	0.937588
89	152	0.948337
89	155	0.967778
89	166	0.967173
89	168	1.0783
89	169	0.968779
89	171	1.04411
89	172	0.980029
89	173	1.09116
89	174	0.977472
89	179	1.06374
90	8	0.89739
90	41	1.07452
90	57	1.05585
90	74	1.04913
90	101	0.959979
90	120	0.995329
90	137	0.974579
90	139	1.09043
90	140	0.9986
90	149	0.952398
90	153	0.978965
90	156	0.979126
90	157	0.978961
90	158	0.96992
90	171	0.96908
90	173	0.974373
90	176	0.9713
90	178	1.13068
91	3	0.903534
91	27	0.969479
91	32	1.08551
91	64	0.9717
91	102	0.959676
91	117	1.14599
91	148	0.996285
91	154	0.945196
91	155	1.07079
91	157	1.03519
91	161	0.988415
91	163	0.992829
91	169	1.06264
91	170	0.973411
91	177	0.971762
91	178	0.96828
91	179	0.987699
91	180	0.971735
92	34	0.990812
92	102	1.0158
92	105	0.875474
92	110	0.872864
92	120	0.915765
92	131	1.00972
92	133	0.991379
92	139	1.0195
92	148	1.0524
92	160	1.03623
92	164	1.03068
92	166	1.02779
92	170	1.02953
92	171	1.01023
92	174	0.991671
92	177	1.02788
92	178	1.0244
92	179	1.04382
92	180	1.02785
93	37	1.16964
93	55	1.0988
93	76	1.17591
93	100	1.07842
93	116	1.16609
93	129	0.94138
93	136	0.918231
93	150	0.926586
93	161	0.974422
93	165	0.90055
93	168	0.963434
93	172	0.959282
93	173	0.959479
93	174	0.956726
93	176	0.956407
93	177	0.957769
93	178	0.954288
93	179	0.973707
93	180	0.957742
94	23	0.973825
94	36	1.0477
94	37	0.921927
94	48	0.993651
94	53	0.969841
94	55	0.981504
94	69	0.869306
94	75	0.935561
94	81	0.935346
94	100	0.948002
94	108	0.92171
94	113	0.976502
94	116	0.937022
94	129	1.21065
94	143	0.946558
94	144	0.911392
94	152	1.12723
94	159	1.01547
94	165	1.38804
95	7	0.890299
95	13	0.990299
95	29	0.950062
95	57	0.955413
95	65	0.956883
95	70	1.73095
95	73	0.994094
95	76	0.924591
95	96	0.965127
95	98	0.961326
95	99	0.934783
95	110	0.968353
95	111	0.898296
95	114	1.06264
95	125	0.952562
95	129	0.982426
95	165	1.15981
95	174	0.781089
95	175	0.95791
96	7	0.972619
96	13	1.07262
96	26	1.01916
96	40	0.997895
96	52	0.612865
96	65	1.0392
96	70	1.54647
96	73	1.07641
96	76	1.00691
96	95	0.965127
96	98	1.04365
96	109	0.950186
96	110	1.05067
96	111	0.980616
96	114	0.878169
96	125	1.03488
96	150	0.754738
96	165	0.975337
96	175	1.04023
97	24	0.963051
97	59	0.977739
97	82	0.85443
97	101	1.01399
97	109	0.988283
97	143	1.01649
97	151	1.02371
97	153	1.03297
97	157	1.03297
97	158	1.02393
97	159	0.967944
97	162	1.02394
97	167	1.03459
97	168	1.03234
97	171	1.02309
97	173	1.02838
97	174	0.961782
97	175	0.975386
97	176	1.02531
98	44	1.10702
98	60	0.918736
98	64	0.896289
98	65	1.0354
98	95	0.961326
98	96	1.04365
98	102	0.934912
98	110	1.04687
98	137	1.03123
98	146	0.988383
98	166	1.01797
98	167	1.03723
98	169	1.01957
98	171	1.02573
98	174	1.02827
98	175	1.03643
98	176	1.02795
98	177	0.912122
98	180	0.932374
99	51	1.07466
99	65	1.00886
99	66	0.935921
99	76	0.976567
99	95	0.934783
99	107	1.058
99	110	1.02033
99	143	0.992589
99	150	1.05916
99	155	0.952026
99	157	1.00907
99	163	1.02383
99	171	0.999184
99	172	0.919736
99	175	1.00989
99	176	1.0014
99	177	1.00277
99	178	0.999286
99	179	1.0187
99	180	1.00274
100	9	0.913661
100	23	1.02713
100	26	0.996086
100	36	1.101
100	37	0.975233
100	39	1.03258
100	40	0.974824
100	48	1.04696
100	55	1.03481
100	69	0.922611
100	81	0.988651
100	93	1.07842
100	94	0.948002
100	113	1.02981
100	114	1.01513
100	116	0.990327
100	117	0.859772
100	143	0.999863
100	144	0.964697
100	165	1.1123
101	18	0.992945
101	20	1.0016
101	32	0.966176
101	57	0.964002
101	90	0.959979
101	97	1.01399
101	135	1.03197
101	147	0.997193
101	149	0.985827
101	158	1.00335
101	159	0.965611
101	160	1.02188
101	162	1.00336
101	167	1.01401
101	168	1.01176
101	171	1.00251
101	173	1.0078
101	176	1.00473
101	179	0.99764
101	180	1.05505
102	49	1.03655
102	59	1.00965
102	68	0.887689
102	77	0.977221
102	89	1.12369
102	91	0.959676
102	92	1.0158
102	98	0.934912
102	124	0.946149
102	133	0.970187
102	156	0.989184
102	163	1.02776
102	164	1.00948
102	168	1.04914
102	170	1.00834
102	171	1.01495
102	177	1.00669
102	178	1.00321
102	179	1.02263
102	180	1.00666
103	14	1.00957
103	29	0.990514
103	62	1.02544
103	64	0.955777
103	89	0.973409
103	124	1.12734
103	129	0.997279
103	139	0.935388
103	144	1.04263
103	145	0.999628
103	146	0.972741
103	147	1.00996
103	150	0.982486
103	152	0.98349
103	155	1.00293
103	159	1.01133
103	164	0.950927
103	169	1.00393
103	172	1.01518
103	174	1.01263
104	3	1.22455
104	25	0.922446
104	118	1.01236
104	120	1.02557
104	121	0.952576
104	140	1.02884
104	142	1.00968
104	144	0.95756
104	149	0.98264
104	153	1.00921
104	156	1.00937
104	157	1.0092
104	162	1.00017
104	163	0.879772
104	167	1.01082
104	168	1.00857
104	171	0.999321
104	173	1.00461
104	176	1.00154
104	180	0.955207
105	14	1.05725
105	15	1.06927
105	63	1.06391
105	92	0.875474
105	107	1.03453
105	117	1.03369
105	124	1.01312
105	126	1.05699
105	127	1.06227
105	138	0.794105
105	146	1.02042
105	152	1.03117
105	155	1.05061
105	159	1.05901
105	162	0.828952
105	166	1.05001
105	169	1.05161
105	172	1.06286
105	173	0.847659
105	174	1.06031
105	180	0.877649
106	1	1.21915
106	82	1.05452
106	107	0.95933
106	111	1.10513
106	117	0.958493
106	127	0.987068
106	128	0.991891
106	145	0.972108
106	147	0.982442
106	148	0.912428
106	150	0.954966
106	152	0.95597
106	155	0.975412
106	159	0.983809
106	166	0.974806
106	169	0.976412
106	170	1.01338
106	172	0.987662
106	173	1.01089
106	174	0.985105
106	180	1.04088
107	35	1.11759
107	89	0.951697
107	99	1.058
107	105	1.03453
107	106	0.95933
107	114	0.98769
107	117	0.964301
107	120	0.979303
107	127	0.992876
107	128	0.997699
107	145	0.977916
107	148	1.02236
107	152	0.961779
107	155	0.98122
107	156	1.04801
107	159	0.989617
107	165	0.934738
107	169	0.982221
107	171	1.07377
107	172	0.99347
107	174	0.990914
108	37	0.94894
108	47	1.01792
108	55	1.00852
108	65	0.773777
108	68	1.00287
108	83	1.21066
108	94	0.92171
108	112	0.938954
108	113	1.00352
108	116	0.964035
108	127	1.06946
108	129	0.96736
108	148	1.00827
108	168	0.989414
108	170	0.985399
108	171	0.980166
108	172	1.13027
108	174	1.11157
108	176	0.982387
108	179	0.999687
108	180	0.983722
109	13	0.991351
109	36	0.955234
109	55	1.10753
109	96	0.950186
109	97	0.988283
109	113	1.11258
109	116	1.17483
109	131	0.962225
109	137	0.982302
109	155	0.969649
109	166	0.969043
109	167	0.988302
109	170	0.982036
109	171	0.976803
109	172	0.9819
109	174	0.979343
109	175	0.987505
109	176	0.979024
109	178	0.976905
109	179	0.996324
109	180	0.980359
110	7	0.975845
110	13	1.07585
110	26	1.02238
110	39	1.07844
110	40	1.00112
110	50	0.843625
110	57	1.04096
110	65	1.04243
110	73	1.07964
110	76	1.01014
110	88	1.08953
110	92	0.872864
110	95	0.968353
110	96	1.05067
110	98	1.04687
110	99	1.02033
110	111	0.983842
110	125	1.03811
110	140	0.752742
110	141	0.810878
110	165	1.15816
110	175	1.04346
111	51	1.23172
111	54	1.04605
111	73	1.00958
111	85	0.916439
111	95	0.898296
111	96	0.980616
111	106	1.10513
111	110	0.983842
111	140	0.992217
111	154	0.939715
111	159	1.06426
111	161	0.982933
111	165	0.909061
111	166	1.09422
111	168	0.971945
111	171	0.962697
111	173	0.96799
111	174	1.0581
111	175	0.973399
111	178	0.962799
111	179	0.982218
111	180	0.966253
112	34	0.936911
112	35	0.935836
112	40	1.14952
112	44	0.9128
112	86	1.02046
112	108	0.938954
112	115	0.946807
112	131	0.955819
112	139	0.965597
112	143	1.07968
112	148	0.998503
112	154	0.947415
112	160	0.982329
112	163	0.995048
112	166	1.10339
112	170	0.97563
112	173	1.13288
112	176	1.1127
112	177	0.973981
112	178	0.970499
112	179	0.989918
112	180	0.973953
113	8	1.08875
113	9	0.939093
113	16	1.0403
113	23	1.05563
113	26	1.02459
113	36	1.1295
113	37	1.00373
113	48	1.07546
113	55	1.06331
113	69	0.951112
113	75	1.01737
113	81	1.01715
113	94	0.976502
113	100	1.02981
113	108	1.00352
113	109	1.11258
113	116	1.01883
113	144	0.993198
113	156	0.751812
113	163	0.779182
113	165	1.13773
113	179	0.797203
114	8	0.939236
114	13	0.919335
114	23	1.05508
114	65	0.842004
114	81	1.12763
114	95	1.06264
114	96	0.878169
114	100	1.01513
114	107	0.98769
114	123	1.00494
114	154	0.987943
114	161	1.03116
114	162	1.01178
114	166	1.00317
114	169	1.00477
114	172	1.01602
114	173	1.01622
114	174	1.01347
114	176	1.01315
114	177	1.01451
114	178	1.01103
114	179	1.03045
114	180	1.01448
115	24	0.995294
115	45	0.923694
115	46	0.969201
115	71	1.00446
115	112	0.946807
115	122	1.01567
115	123	1.02531
115	125	1.0244
115	133	0.955098
115	148	1.01612
115	151	1.08717
115	154	0.965036
115	156	1.02204
115	158	1.03246
115	160	0.99995
115	163	1.01267
115	164	0.994396
115	167	1.03682
115	170	0.993251
115	175	0.998721
115	177	0.991602
115	178	0.98812
115	179	1.00754
115	180	0.991574
116	16	1.00082
116	23	1.01615
116	26	0.985106
116	36	1.09002
116	37	0.964252
116	40	0.963844
116	48	1.03598
116	50	0.885444
116	55	1.02383
116	69	0.911631
116	75	0.977886
116	81	0.977671
116	88	1.13135
116	93	1.16609
116	94	0.937022
116	100	0.990327
116	108	0.964035
116	109	1.17483
116	113	1.01883
116	129	1.02259
116	143	0.988883
116	144	0.953717
116	152	0.939171
116	173	0.886869
117	12	1.03328
117	41	0.956793
117	54	1.00133
117	66	1.00179
117	74	1.02227
117	87	1.03511
117	91	1.14599
117	100	0.859772
117	105	1.03369
117	106	0.958493
117	107	0.964301
117	122	1.00149
117	128	0.996861
117	145	0.977079
117	150	0.959936
117	152	0.960941
117	155	0.980382
117	156	1.01723
117	159	0.988779
117	166	0.979776
117	169	0.981383
117	170	1.09254
117	174	0.990076
117	179	1.06262
118	2	0.914612
118	16	1.02842
118	25	1.0005
118	28	1.01096
118	37	0.97756
118	49	1.02749
118	71	1.01048
118	104	1.01236
118	124	0.937085
118	126	1.04535
118	133	0.961122
118	142	0.973648
118	148	1.02215
118	154	0.97106
118	158	1.05421
118	161	1.01428
118	163	1.01869
118	164	1.00042
118	165	0.940407
118	170	0.999275
118	172	1.0697
118	177	0.997626
118	179	1.01356
118	180	0.997598
119	5	0.833566
119	72	1.04439
119	74	1.02527
119	79	0.92139
119	87	0.866853
119	122	1.07367
119	124	0.989063
119	132	0.92635
119	133	1.0131
119	138	0.885315
119	141	1.08053
119	148	1.07413
119	160	1.05795
119	162	0.920162
119	163	1.07067
119	164	1.0524
119	168	0.926012
119	170	1.05125
119	175	1.05672
119	176	0.918692
119	177	1.0496
119	178	1.04612
119	179	1.06554
119	180	1.04958
120	15	0.853606
120	79	1.01044
120	84	1.01503
120	85	0.991601
120	90	0.995329
120	92	0.915765
120	104	1.02557
120	107	0.979303
120	124	1.05342
120	130	1.02978
120	134	1.06032
120	143	1.03126
120	149	1.02118
120	153	1.04774
120	156	1.0479
120	157	1.04774
120	162	1.03871
120	165	0.984223
120	168	1.04711
120	169	0.865182
120	171	1.03786
120	173	1.04315
120	176	1.04008
120	178	0.901714
120	180	0.91794
121	42	0.937607
121	45	1.21408
121	52	1.04171
121	53	1.00092
121	62	1.01998
121	67	0.965886
121	104	0.952576
121	132	0.953297
121	134	0.987322
121	135	0.994327
121	137	0.970363
121	140	0.994384
121	151	0.965484
121	153	0.974749
121	156	0.97491
121	157	0.974745
121	162	0.965715
121	163	1.04563
121	164	1.08013
121	166	1.06159
121	167	0.976363
121	168	0.974112
121	173	0.970157
121	175	1.03907
121	176	0.967084
122	11	0.952854
122	14	0.939963
122	22	1.2534
122	34	1.00577
122	42	0.949181
122	55	0.731015
122	56	1.0463
122	63	0.949064
122	86	0.828486
122	115	1.01567
122	117	1.00149
122	119	1.07367
122	133	1.00634
122	144	0.997497
122	160	1.05119
122	161	1.05949
122	163	1.06391
122	170	1.04449
122	174	0.875293
122	175	1.04996
122	176	0.920731
122	177	1.04284
122	178	1.03936
122	179	1.05878
122	180	1.04281
123	47	1.04338
123	51	1.06793
123	58	1.0072
123	78	0.987066
123	114	1.00494
123	115	1.02531
123	128	0.941317
123	135	1.03509
123	137	1.01112
123	149	0.988943
123	151	1.00624
123	153	1.01551
123	156	1.01567
123	157	1.01551
123	158	1.00646
123	161	0.93576
123	162	1.00648
123	166	0.93043
123	167	1.01712
123	168	1.01487
123	169	0.937153
123	171	1.00562
123	173	1.01092
123	176	1.00785
123	178	0.973685
123	180	0.989911
124	3	0.890007
124	42	1.20321
124	52	1.00091
124	59	0.961199
124	71	0.971092
124	79	1.17746
124	102	0.946149
124	103	1.12734
124	105	1.01312
124	118	0.937085
124	119	0.989063
124	120	1.05342
124	127	1.08721
124	133	0.921732
124	139	0.949851
124	141	0.989164
124	154	0.931669
124	160	0.966584
124	161	0.974888
124	167	1.13689
124	170	0.959884
124	175	0.965354
124	177	0.958235
124	178	0.954753
124	179	0.974172
124	180	0.958208
125	17	0.92844
125	38	0.998704
125	60	0.975362
125	73	1.06385
125	76	0.994346
125	95	0.952562
125	96	1.03488
125	110	1.03811
125	115	1.0244
125	126	1.01619
125	136	0.981009
125	146	0.979619
125	155	1.00981
125	156	1.02701
125	158	1.0178
125	160	0.955822
125	165	0.963328
125	169	1.01081
125	170	0.961504
125	172	1.02206
125	173	1.02226
125	174	1.0195
125	175	1.02767
125	176	1.01918
125	177	0.968747
125	180	0.988999
126	12	1.05658
126	21	1.01066
126	33	0.983094
126	85	1.02449
126	86	1.05218
126	87	1.05841
126	105	1.05699
126	118	1.04535
126	125	1.01619
126	128	1.02016
126	136	0.998871
126	146	0.973489
126	147	1.01071
126	150	0.983234
126	152	0.984238
126	155	1.00368
126	157	0.90798
126	159	1.01208
126	164	0.947261
126	165	0.957198
126	166	1.00307
126	168	0.945349
126	169	1.00468
126	170	0.9607
126	174	1.01337
126	178	0.971969
127	4	0.939249
127	5	1.05709
127	72	0.939793
127	80	1.00662
127	83	0.985838
127	87	1.06369
127	105	1.06227
127	106	0.987068
127	107	0.992876
127	108	1.06946
127	124	1.08721
127	147	1.01599
127	150	0.988512
127	152	0.989516
127	154	1.03408
127	155	1.00896
127	159	1.01735
127	163	0.876304
127	166	1.00835
127	168	0.908893
127	169	1.00996
127	172	1.02121
127	174	1.01865
127	175	1.02681
127	178	0.935513
127	180	0.951739
128	26	0.95557
128	33	0.993195
128	82	1.09289
128	83	0.990662
128	89	0.984258
128	106	0.991891
128	107	0.997699
128	117	0.996861
128	123	0.941317
128	126	1.02016
128	135	0.919609
128	145	1.01048
128	147	1.02081
128	150	0.993335
128	152	0.994339
128	155	1.01378
128	157	0.960641
128	159	1.02218
128	162	0.99216
128	163	0.965422
128	166	1.01317
128	169	1.01478
128	172	1.02603
128	174	1.02347
128	178	1.02463
128	180	1.04086
129	36	0.803
129	65	0.761787
129	69	1.23972
129	76	1.03241
129	81	1.04741
129	93	0.94138
129	94	1.21065
129	95	0.982426
129	103	0.997279
129	108	0.96736
129	116	1.02259
129	133	0.965883
129	146	0.961458
129	158	0.999643
129	163	1.02345
129	166	0.991043
129	167	1.0103
129	168	1.00805
129	170	1.00404
129	171	0.998803
129	172	1.0039
129	173	1.0041
129	174	1.00134
129	177	1.00239
129	178	0.998905
129	179	1.01832
129	180	1.00236
130	5	0.966088
130	10	0.928972
130	24	1.00705
130	35	1.06815
130	39	0.967226
130	43	0.966014
130	79	0.976119
130	120	1.02978
130	136	0.967578
130	138	1.01221
130	140	1.03305
130	141	1.03722
130	148	0.972929
130	149	0.986851
130	151	1.00415
130	153	1.01342
130	156	1.01358
130	158	1.00437
130	162	1.00438
130	163	1.02595
130	165	0.949898
130	167	1.01503
130	168	1.01278
130	173	1.00883
130	174	1.00578
130	175	1.01938
130	176	1.00575
131	17	0.993721
131	60	0.998599
131	86	0.938077
131	92	1.00972
131	109	0.962225
131	112	0.955819
131	139	0.992231
131	142	0.976637
131	143	0.997298
131	148	1.02514
131	150	1.14301
131	153	0.984102
131	154	0.974049
131	158	0.988096
131	160	1.00896
131	161	1.01727
131	162	1.03179
131	163	1.02168
131	164	1.00341
131	165	0.943396
131	170	1.00226
131	174	0.984884
131	176	1.03032
131	177	1.00061
131	178	0.997133
131	179	1.01655
131	180	1.00059
132	22	0.897429
132	28	1.01948
132	42	0.972786
132	46	1.03862
132	51	1.12496
132	77	1.07052
132	78	0.981484
132	119	0.92635
132	121	0.953297
132	135	1.02951
132	136	0.964087
132	149	0.983361
132	151	1.00066
132	153	1.00993
132	156	1.01009
132	157	1.00992
132	158	1.00088
132	161	0.992791
132	164	1.00601
132	167	1.01154
132	168	1.00929
132	171	1.00004
132	172	0.970037
132	173	1.00534
132	175	0.964942
132	176	1.00226
132	180	1.04694
133	7	1.03478
133	16	0.990623
133	19	0.9774
133	25	0.985145
133	26	1.02352
133	27	0.97999
133	43	1.11638
133	92	0.991379
133	102	0.970187
133	115	0.955098
133	118	0.961122
133	119	1.0131
133	122	1.00634
133	124	0.921732
133	129	0.965883
133	137	0.99876
133	141	1.0132
133	142	0.958295
133	146	1.1432
133	160	0.990621
133	164	0.985067
133	170	0.983922
133	172	1.0319
133	176	1.05864
133	177	0.982273
133	178	0.978791
133	179	0.99821
133	180	0.982245
134	18	1.0245
134	34	0.990996
134	42	1.00681
134	43	0.996548
134	45	1.05385
134	61	1.03644
134	79	1.00665
134	120	1.06032
134	121	0.987322
134	140	1.06359
134	146	0.995237
134	148	0.832389
134	149	1.01739
134	153	1.04395
134	156	1.04411
134	157	1.04395
134	158	1.03491
134	162	1.03492
134	166	0.90136
134	167	1.04557
134	168	1.04332
134	171	1.03407
134	172	0.883937
134	173	1.03936
134	175	0.878841
134	176	1.03629
134	179	0.903428
134	180	0.960841
135	18	1.03151
135	22	0.938459
135	27	0.933727
135	35	0.934977
135	52	0.888849
135	53	1.07713
135	67	1.0421
135	101	1.03197
135	121	0.994327
135	123	1.03509
135	128	0.919609
135	132	1.02951
135	136	1.00512
135	138	1.04975
135	153	1.05096
135	154	1.05054
135	156	1.05112
135	158	1.04191
135	160	0.935026
135	164	0.927268
135	165	0.987437
135	167	1.05257
135	168	1.05032
135	170	0.940708
135	171	1.04107
135	173	1.04637
135	174	0.872598
135	176	1.04329
136	2	1.27497
136	22	0.87304
136	42	0.948398
136	63	1.28639
136	78	0.957096
136	93	0.918231
136	125	0.981009
136	126	0.998871
136	130	0.967578
136	132	0.964087
136	135	1.00512
136	144	0.933893
136	148	0.971674
136	149	0.958973
136	151	0.976274
136	153	0.985539
136	156	0.9857
136	157	0.985535
136	158	0.976494
136	162	0.976505
136	163	1.02469
136	167	0.987153
136	168	0.984902
136	169	1.04737
136	171	0.975654
136	173	0.980947
136	175	1.01813
136	176	0.977875
136	177	1.07987
137	44	1.15405
137	46	1.05568
137	47	1.05487
137	85	0.970851
137	90	0.974579
137	98	1.03123
137	109	0.982302
137	121	0.970363
137	123	1.01112
137	133	0.99876
137	149	1.00043
137	151	1.01773
137	153	1.02699
137	156	1.02715
137	157	1.02699
137	158	1.01795
137	160	0.94623
137	162	1.01796
137	163	0.903971
137	167	1.02861
137	168	1.02636
137	170	0.951911
137	171	1.01711
137	173	1.0224
137	174	0.883802
137	176	1.01933
137	178	0.963181
137	179	0.921993
137	180	0.979407
138	1	1.18417
138	8	0.948593
138	32	0.983949
138	49	0.880279
138	77	1.02948
138	78	1.00172
138	79	0.992868
138	85	0.974024
138	105	0.794105
138	119	0.885315
138	130	1.01221
138	135	1.04975
138	140	1.0498
138	145	0.98175
138	149	1.0036
138	150	1.06843
138	151	1.0209
138	153	1.03017
138	156	1.03033
138	157	1.03016
138	158	1.02112
138	162	1.02113
138	167	1.03178
138	168	1.02953
138	169	0.953149
138	171	1.02028
138	173	1.02558
138	175	0.923907
138	176	1.0225
139	8	1.26711
139	12	0.897141
139	31	0.973263
139	44	0.949211
139	49	1.04025
139	59	1.01336
139	72	1.00518
139	80	0.98433
139	84	0.955767
139	90	1.09043
139	92	1.0195
139	103	0.935388
139	112	0.965597
139	124	0.949851
139	131	0.992231
139	140	0.910679
139	141	1.04132
139	144	0.965048
139	147	0.975116
139	148	1.03491
139	154	0.983827
139	163	1.03146
139	164	1.01319
139	170	1.01204
139	171	0.955934
139	176	0.98281
139	177	1.01039
139	178	1.00691
139	179	1.02633
139	180	1.01036
140	26	1.03076
140	44	1.1418
140	66	0.906433
140	67	1.04215
140	77	0.990728
140	79	1.01372
140	87	0.865147
140	90	0.9986
140	104	1.02884
140	110	0.752742
140	111	0.992217
140	121	0.994384
140	130	1.03305
140	134	1.06359
140	138	1.0498
140	139	0.910679
140	144	0.999368
140	149	1.02445
140	152	0.989465
140	153	1.05101
140	156	1.05118
140	157	1.05101
140	158	1.04197
140	161	0.913002
140	167	1.05263
140	168	1.05038
140	171	1.04113
140	173	1.04642
140	175	0.885153
140	176	1.04335
140	177	0.946901
141	1	0.955683
141	47	0.89262
141	60	1.04769
141	61	0.908873
141	63	0.955927
141	64	1.04964
141	72	1.04449
141	82	0.822332
141	84	0.99508
141	110	0.810878
141	119	1.08053
141	124	0.989164
141	130	1.03722
141	133	1.0132
141	139	1.04132
141	142	1.02573
141	149	0.997329
141	155	0.980674
141	159	0.935846
141	161	1.06636
141	163	1.07077
141	164	1.0525
141	165	0.992486
141	167	0.937255
141	170	1.05135
141	175	1.05682
141	176	0.975121
141	177	1.04971
141	178	1.04622
141	179	1.06564
141	180	1.04968
142	17	0.987905
142	35	0.956653
142	38	0.957489
142	56	0.99826
142	71	1.00766
142	73	0.789621
142	74	0.970468
142	77	0.965329
142	78	1.07766
142	104	1.00968
142	118	0.973648
142	131	0.976637
142	133	0.958295
142	141	1.02573
142	153	1.04754
142	154	0.968233
142	155	1.09931
142	157	1.06371
142	160	1.00315
142	161	1.01145
142	162	1.09523
142	163	1.01586
142	164	0.997593
142	165	0.937579
142	170	0.996447
142	172	1.06702
142	174	1.04832
142	177	0.994798
142	178	0.991317
142	179	1.01074
142	180	0.994771
143	28	1.02445
143	34	1.03641
143	36	1.09956
143	46	1.04359
143	48	1.04551
143	49	0.880632
143	69	0.921167
143	71	0.930746
143	81	0.987207
143	94	0.946558
143	97	1.01649
143	99	0.992589
143	100	0.999863
143	112	1.07968
