1	20	1.04126
1	24	1.1435
1	33	0.266939
1	53	1.10296
1	60	1.09715
1	83	1.13007
1	88	1.11141
1	123	1.13047
1	151	1.71249
1	166	1.24517
1	169	1.04055
2	7	0.89271
2	19	0.993859
2	29	0.986652
2	34	0.956443
2	42	0.96189
2	46	0.944306
2	47	0.94045
2	52	0.942936
2	63	1.01792
2	71	0.991405
2	105	1.32296
2	154	1.99377
3	6	0.919654
3	18	0.917857
3	26	1.0062
3	31	0.982
3	35	0.981606
3	36	0.981317
3	41	0.981086
3	54	0.962499
3	108	0.926391
3	122	0.969695
3	176	1.4286
3	177	1.68703
4	73	1.04881
4	90	1.27558
4	115	1.06987
4	127	1.23731
4	128	1.06952
4	132	1.07818
4	134	1.07043
4	144	1.08608
4	150	1.03495
4	157	1.06839
4	162	1.06776
4	167	0.951175
5	45	0.948602
5	101	0.954694
5	126	0.98352
5	134	0.957107
5	135	0.957297
5	138	1.69785
5	143	0.973196
5	144	0.972762
5	145	0.940191
5	153	1.38261
5	160	0.950591
5	162	0.954437
6	3	0.919654
6	9	1.02566
6	18	0.910052
6	26	0.998398
6	31	0.974194
6	35	0.9738
6	36	0.973511
6	41	0.973281
6	69	0.699725
6	108	0.918586
6	122	0.961889
6	180	2.3242
7	2	0.89271
7	19	0.985542
7	22	1.55152
7	29	0.978336
7	42	0.953573
7	46	0.935989
7	47	0.932133
7	52	0.93462
7	63	1.0096
7	71	0.983088
7	109	0.990418
7	124	1.52852
8	20	1.02009
8	30	1.11027
8	44	1.00676
8	51	1.08859
8	53	1.08179
8	60	1.07598
8	67	0.669818
8	83	1.1089
8	88	1.09024
8	141	1.70028
8	169	1.01938
8	173	1.14946
9	6	1.02566
9	18	1.02387
9	26	1.11221
9	31	1.08801
9	35	1.08762
9	36	1.08733
9	41	1.0871
9	108	1.0324
9	122	1.07571
9	136	1.02775
9	139	1.03428
9	146	1.0629
10	25	1.30613
10	81	0.931645
10	126	0.996095
10	130	0.995626
10	133	0.97
10	134	0.969683
10	135	0.969872
10	136	1.45773
10	145	0.952766
10	151	0.904336
10	152	0.941098
10	162	0.967013
11	19	1.09832
11	22	1.04848
11	29	1.09111
11	34	1.0609
11	42	1.06635
11	47	1.04491
11	52	1.0474
11	63	1.12238
11	71	1.09587
11	122	1.0917
11	125	0.979939
11	173	1.25842
12	24	1.11747
12	44	1.0019
12	51	1.08373
12	53	1.07693
12	83	1.10404
12	88	1.08538
12	101	0.977948
12	123	1.10444
12	124	1.0322
12	125	1.00276
12	127	1.40822
12	169	1.01452
13	55	1.05198
13	65	1.03826
13	66	1.03813
13	74	1.105
13	86	1.07744
13	87	1.07898
13	89	1.07533
13	91	1.06418
13	95	1.06438
13	142	0.896553
13	176	1.1918
13	180	1.44924
14	37	0.990888
14	115	0.869164
14	127	0.982491
14	144	0.832877
14	153	1.04867
14	163	0.973664
14	170	0.959338
14	175	0.954356
14	177	0.916783
14	178	0.963271
14	179	0.871388
14	180	0.916831
15	20	0.907965
15	24	1.01021
15	30	0.998145
15	51	0.976462
15	53	0.969668
15	60	0.963859
15	83	0.996775
15	88	0.978117
15	111	1.54227
15	125	0.895494
15	169	0.907261
15	173	1.57977
16	81	0.979377
16	89	0.477014
16	135	0.14483
16	141	1.10659
16	166	1.06808
16	173	1.12135
16	174	1.03987
16	176	1.07426
16	177	1.04369
16	178	1.09018
16	179	0.998293
16	180	1.04374
17	62	0.943649
17	75	1.01009
17	76	0.989821
17	96	0.947006
17	97	0.960427
17	99	0.955297
17	102	0.942764
17	106	0.992151
17	147	1.84166
17	152	0.930138
17	163	1.23598
17	173	0.944351
18	3	0.917857
18	6	0.910052
18	9	1.02387
18	26	0.996601
18	31	0.972398
18	35	0.972004
18	36	0.971715
18	41	0.971484
18	69	1.33515
18	108	0.916789
18	114	1.62059
18	122	0.960093
19	2	0.993859
19	7	0.985542
19	11	1.09832
19	34	1.04928
19	46	1.03714
19	47	1.03328
19	49	0.763869
19	52	1.03577
19	63	1.11075
19	71	1.08424
19	125	0.96831
19	158	1.14264
19	166	1.55613
20	1	1.04126
20	8	1.02009
20	15	0.907965
20	30	0.965051
20	44	0.861546
20	50	1.42963
20	51	0.943368
20	53	0.936574
20	60	0.930765
20	83	0.96368
20	88	0.945023
20	166	1.82309
20	169	0.874167
21	72	0.922861
21	85	0.964095
21	109	1.03603
21	113	0.910161
21	129	0.929231
21	130	0.978243
21	132	0.960055
21	134	0.952299
21	143	0.968388
21	145	0.935383
21	160	0.945783
21	162	0.949629
21	166	2.17219
22	7	1.55152
22	11	1.04848
22	90	1.00368
22	139	1.01967
22	166	0.947516
22	168	0.95045
22	171	0.907917
22	172	0.920126
22	174	0.919305
22	175	0.9607
22	176	0.953704
22	179	0.877732
22	180	0.923175
23	55	1.02221
23	65	1.00849
23	66	1.00837
23	74	1.07523
23	82	1.06438
23	86	1.04767
23	87	1.04921
23	89	1.04556
23	90	1.50865
23	91	1.03441
23	95	1.03461
23	153	0.958425
23	167	1.18425
24	1	1.1435
24	12	1.11747
24	15	1.01021
24	30	1.0673
24	38	0.712489
24	44	0.963791
24	60	1.03301
24	88	1.04727
24	93	1.90993
24	123	1.06633
24	125	0.964644
24	139	0.704824
24	169	0.976411
25	10	1.30613
25	100	1.03941
25	107	0.993546
25	122	0.991105
25	142	0.997322
25	156	0.985103
25	161	0.91451
25	167	0.97753
25	172	0.896557
25	175	0.937131
25	176	0.930135
25	179	0.854163
25	180	0.899606
26	3	1.0062
26	6	0.998398
26	9	1.11221
26	18	0.996601
26	31	1.06074
26	35	1.06035
26	36	1.06006
26	41	1.05983
26	108	1.00514
26	122	1.04844
26	124	1.16725
26	139	0.986218
26	173	1.4002
27	124	0.935538
27	126	2.19553
27	127	0.902942
27	154	0.842877
27	159	0.926235
27	161	0.852187
27	164	0.848193
27	170	0.87979
27	174	0.833413
27	175	0.874808
27	177	0.837234
27	179	0.79184
27	180	0.837283
28	62	0.93754
28	76	0.983712
28	96	0.940897
28	97	0.954317
28	98	0.881297
28	99	0.949188
28	100	0.931192
28	102	0.936654
28	106	0.986041
28	123	0.972807
28	147	1.49042
28	151	1.92573
28	173	0.938242
29	2	0.986652
29	7	0.978336
29	11	1.09111
29	42	1.04752
29	46	1.02993
29	47	1.02608
29	63	1.10354
29	71	1.07703
29	109	1.08436
29	125	0.961103
29	142	0.599746
29	171	1.70736
29	174	1.53815
30	8	1.11027
30	15	0.998145
30	20	0.965051
30	24	1.0673
30	44	0.951726
30	50	1.57037
30	51	1.03355
30	69	0.723052
30	83	1.05386
30	88	1.0352
30	123	1.05426
30	125	0.95258
30	163	1.39017
30	169	0.964347
31	3	0.982
31	6	0.974194
31	9	1.08801
31	18	0.972398
31	26	1.06074
31	35	1.03615
31	36	1.03586
31	41	1.03563
31	54	1.01704
31	108	0.980932
31	122	1.02424
31	153	0.66523
31	164	1.02009
31	179	2.7625
32	102	1.27216
32	131	0.944621
32	134	0.951495
32	136	0.969734
32	148	0.955717
32	153	1.02403
32	158	0.965264
32	161	0.907096
32	172	0.889143
32	175	0.929717
32	176	0.922721
32	178	0.938632
32	179	0.846749
32	180	0.892192
33	1	0.266939
33	46	0.748496
33	77	1.26434
33	155	1.06246
33	168	1.02702
33	170	1.04226
33	171	0.984491
33	172	0.9967
33	173	1.07737
33	174	0.995879
33	176	1.03028
33	177	0.999701
33	179	0.954306
33	180	0.999749
34	2	0.956443
34	11	1.0609
34	19	1.04928
34	42	1.01731
34	46	0.999722
34	47	0.995866
34	52	0.998353
34	63	1.07334
34	71	1.04682
34	109	1.05415
34	122	1.18618
34	125	0.930894
34	153	0.984026
34	170	1.6697
35	3	0.981606
35	6	0.9738
35	9	1.08762
35	18	0.972004
35	26	1.06035
35	31	1.03615
35	36	1.03546
35	41	1.03523
35	54	1.01665
35	108	0.980538
35	117	1.04532
35	122	1.02384
35	178	1.0475
35	180	1.74338
36	3	0.981317
36	6	0.973511
36	9	1.08733
36	18	0.971715
36	26	1.06006
36	31	1.03586
36	35	1.03546
36	41	1.03494
36	54	1.01636
36	92	0.489143
36	108	0.980249
36	122	1.02355
36	169	1.35857
36	171	2.05805
37	14	0.990888
37	45	1.16263
37	84	0.926971
37	134	1.06103
37	137	0.977138
37	159	0.991942
37	161	0.917894
37	166	0.927331
37	174	0.89912
37	175	0.940515
37	177	0.902942
37	178	0.94943
37	179	0.857547
37	180	0.90299
38	24	0.712489
38	53	0.923058
38	93	0.997804
38	103	0.5489
38	112	1.0282
38	127	1.05526
38	163	1.04643
38	165	1.06618
38	172	0.986547
38	174	0.985726
38	176	1.02012
38	177	0.989548
38	178	1.03604
38	180	0.989596
39	59	0.926201
39	68	1.0008
39	75	0.984537
39	76	0.96427
39	84	1.70331
39	94	1.85284
39	97	0.934876
39	98	0.861856
39	99	0.929746
39	100	0.911751
39	102	0.917213
39	106	0.9666
39	152	0.904587
39	173	0.9188
40	45	1.01129
40	72	0.990355
40	119	0.767157
40	128	1.01889
40	129	0.996726
40	130	1.04574
40	133	1.02011
40	143	1.03588
40	144	1.03545
40	157	1.01776
40	160	1.01328
40	162	1.01712
40	166	1.24791
40	172	1.87188
41	3	0.981086
41	6	0.973281
41	9	1.0871
41	18	0.971484
41	26	1.05983
41	31	1.03563
41	35	1.03523
41	36	1.03494
41	54	1.01613
41	61	0.677454
41	84	2.09669
41	108	0.980018
41	122	1.02332
41	159	0.992532
42	2	0.96189
42	7	0.953573
42	11	1.06635
42	29	1.04752
42	34	1.01731
42	46	1.00517
42	52	1.0038
42	63	1.07878
42	71	1.05227
42	79	0.93177
42	109	1.0596
42	125	0.936341
42	141	1.42019
42	180	1.7121
43	72	1.00803
43	113	0.99533
43	120	0.546035
43	121	0.927755
43	128	1.03657
43	129	1.0144
43	132	1.04522
43	135	1.03766
43	149	2.29387
43	150	1.00199
43	154	0.951075
43	157	1.03544
43	160	1.03095
43	162	1.0348
44	8	1.00676
44	12	1.0019
44	20	0.861546
44	24	0.963791
44	30	0.951726
44	51	0.930044
44	53	0.923249
44	83	0.950356
44	88	0.931698
44	123	0.950759
44	125	0.849075
44	146	1.45903
44	169	0.860842
44	175	1.9917
45	5	0.948602
45	37	1.16263
45	40	1.01129
45	101	1.00199
45	110	0.963413
45	115	1.00385
45	128	1.0035
45	130	1.03035
45	134	1.0044
45	143	1.02049
45	144	1.02006
45	156	1.04478
45	157	1.00237
45	162	1.00173
45	178	1.41902
46	2	0.944306
46	7	0.935989
46	19	1.03714
46	29	1.02993
46	33	0.748496
46	34	0.999722
46	42	1.00517
46	47	0.983729
46	52	0.986216
46	56	1.42193
46	63	1.0612
46	71	1.03468
46	109	1.04201
46	125	0.918757
46	178	1.41453
47	2	0.94045
47	7	0.932133
47	11	1.04491
47	19	1.03328
47	29	1.02608
47	34	0.995866
47	46	0.983729
47	52	0.98236
47	63	1.05734
47	70	0.599354
47	71	1.03083
47	109	1.03816
47	117	1.78881
47	125	0.914901
47	159	1.46487
48	72	0.974041
48	115	1.00292
48	116	0.991086
48	128	1.00258
48	129	0.980411
48	130	1.02942
48	133	1.0038
48	134	1.00348
48	144	1.01913
48	157	1.00145
48	160	0.996963
48	162	1.00081
48	167	1.06106
48	168	1.78757
48	173	1.20412
49	19	0.763869
49	57	1.02127
49	71	0.878315
49	82	1.0471
49	86	1.03039
49	89	1.02829
49	91	1.01713
49	95	1.01733
49	118	1.01346
49	127	0.998587
49	157	0.810806
49	168	0.960202
49	170	0.975434
49	177	0.932879
49	180	0.932927
50	20	1.42963
50	30	1.57037
50	82	0.980845
50	86	0.96414
50	87	0.965683
50	89	0.962034
50	91	0.950881
50	95	0.951081
50	149	0.869299
50	159	0.955626
50	174	0.862804
50	176	0.897203
50	178	0.913114
50	179	0.821231
50	180	0.866674
51	8	1.08859
51	12	1.08373
51	15	0.976462
51	20	0.943368
51	30	1.03355
51	44	0.930044
51	53	1.00507
51	60	0.999262
51	83	1.03218
51	88	1.01352
51	125	0.930897
51	155	1.01931
51	163	1.12168
51	168	1.81975
51	169	0.942664
52	2	0.942936
52	7	0.93462
52	11	1.0474
52	19	1.03577
52	34	0.998353
52	42	1.0038
52	46	0.986216
52	47	0.98236
52	63	1.05983
52	67	0.74372
52	71	1.03331
52	109	1.04064
52	122	1.05664
52	125	0.917388
52	172	2.30638
53	1	1.10296
53	8	1.08179
53	12	1.07693
53	15	0.969668
53	20	0.936574
53	38	0.923058
53	44	0.923249
53	51	1.00507
53	60	0.992468
53	83	1.02538
53	88	1.00673
53	125	0.924103
53	158	1.37493
53	169	0.93587
53	173	1.32937
54	3	0.962499
54	31	1.01704
54	35	1.01665
54	36	1.01636
54	41	1.01613
54	81	0.967186
54	122	1.00473
54	129	0.982155
54	143	1.02131
54	145	0.988307
54	153	1.19188
54	157	1.00319
54	159	1.38149
54	160	0.998707
54	167	1.4177
55	13	1.05198
55	23	1.02221
55	57	0.989282
55	65	0.959229
55	66	0.9591
55	74	1.02596
55	79	1.27393
55	82	1.01511
55	86	0.998405
55	87	0.999948
55	89	0.996299
55	91	0.985146
55	95	0.985347
55	131	1.42174
55	165	1.50172
56	46	1.42193
56	57	0.950363
56	86	0.959485
56	87	0.961028
56	89	0.95738
56	91	0.946227
56	95	0.946427
56	138	0.950506
56	149	0.864644
56	157	1.29827
56	165	0.938607
56	166	0.886361
56	167	0.939943
56	179	0.816576
56	180	0.862019
57	49	1.02127
57	55	0.989282
57	56	0.950363
57	65	0.975566
57	66	0.975438
57	73	1.30149
57	74	1.0423
57	82	1.03145
57	87	1.01629
57	89	1.01264
57	91	1.00148
57	95	1.00168
57	108	0.965472
57	114	0.639099
57	164	2.20957
58	85	0.606078
58	106	0.657849
58	150	0.761124
58	159	1.06188
58	161	0.987829
58	164	0.983836
58	167	1.05085
58	168	1.0002
58	170	1.01543
58	172	0.969876
58	176	1.00345
58	177	0.972876
58	178	1.01937
58	179	0.927482
58	180	0.972925
59	39	0.926201
59	67	0.764049
59	68	1.07357
59	75	1.0573
59	76	1.03704
59	96	0.994222
59	97	1.00764
59	98	0.934622
59	100	0.984517
59	102	0.98998
59	106	1.03937
59	152	0.977353
59	169	1.94187
59	173	0.991567
59	175	1.391
60	1	1.09715
60	8	1.07598
60	15	0.963859
60	20	0.930765
60	24	1.03301
60	51	0.999262
60	53	0.992468
60	83	1.01957
60	88	1.00092
60	107	1.18021
60	123	1.01998
60	125	0.918294
60	156	1.30918
60	163	1.42195
60	169	0.930061
61	41	0.677454
61	67	1.13659
61	105	0.994834
61	107	1.03733
61	119	1.04896
61	138	1.03187
61	143	0.933347
61	150	0.802112
61	156	1.02888
61	167	1.02131
61	172	0.940338
61	174	0.939517
61	175	0.980912
61	179	0.897944
61	180	0.943387
62	17	0.943649
62	28	0.93754
62	75	1.0492
62	76	1.02893
62	90	1.01578
62	96	0.986119
62	97	0.999539
62	98	0.926519
62	99	0.99441
62	100	0.976414
62	102	0.981877
62	106	1.03126
62	152	0.96925
62	165	1.12463
62	171	2.2321
62	173	0.983464
63	2	1.01792
63	7	1.0096
63	11	1.12238
63	19	1.11075
63	29	1.10354
63	34	1.07334
63	42	1.07878
63	46	1.0612
63	47	1.05734
63	52	1.05983
63	71	1.1083
63	125	0.99237
63	142	0.957759
63	164	1.74187
63	169	1.36589
63	173	0.667712
64	107	0.969967
64	118	0.956555
64	119	0.981601
64	121	0.937351
64	127	0.941686
64	129	1.4696
64	132	0.995395
64	163	0.93286
64	170	0.918533
64	172	0.872977
64	174	0.872157
64	175	0.913552
64	176	0.906555
64	177	0.875978
64	179	0.830584
64	180	0.876027
65	13	1.03826
65	23	1.00849
65	55	0.959229
65	57	0.975566
65	66	0.945384
65	74	1.01225
65	82	1.00139
65	86	0.984689
65	87	0.986232
65	89	0.982583
65	91	0.971431
65	95	0.971631
65	108	0.935418
65	151	0.82455
65	154	1.1006
65	179	2.71475
66	13	1.03813
66	23	1.00837
66	55	0.9591
66	57	0.975438
66	65	0.945384
66	74	1.01212
66	82	1.00127
66	86	0.984561
66	87	0.986104
66	89	0.982455
66	91	0.971302
66	95	0.971502
66	108	0.93529
66	153	0.760639
66	154	2.33193
66	175	1.27683
67	8	0.669818
67	52	0.74372
67	59	0.764049
67	61	1.13659
67	76	0.71515
67	136	1.09968
67	139	1.11863
67	142	1.11986
67	156	1.10764
67	171	1.00688
67	172	1.01909
67	175	1.05966
67	176	1.05267
67	178	1.06858
67	179	0.976697
67	180	1.02214
68	39	1.0008
68	59	1.07357
68	76	1.11164
68	96	1.06882
68	98	1.00923
68	99	1.07712
68	100	1.05912
68	101	0.750306
68	102	1.06458
68	106	1.11397
68	119	1.01579
68	123	1.10073
68	146	0.652136
68	152	1.05196
68	164	2.11166
68	173	1.06617
69	6	0.699725
69	18	1.33515
69	30	0.723052
69	114	1.10536
69	120	1.09755
69	121	1.05197
69	139	1.08714
69	140	1.08728
69	146	1.11883
69	157	0.362277
69	159	1.0796
69	163	1.04748
69	170	1.03315
69	171	0.975387
69	174	0.986775
69	179	0.945202
69	180	0.990645
70	47	0.599354
70	72	0.922787
70	77	0.738732
70	119	1.13007
70	143	0.382909
70	149	1.02712
70	158	1.09757
70	164	1.0354
70	166	1.04883
70	168	1.05177
70	169	1.04676
70	170	1.067
70	171	1.00923
70	172	1.02144
70	177	1.02444
70	179	0.97905
70	180	1.02449
71	2	0.991405
71	7	0.983088
71	11	1.09587
71	19	1.08424
71	29	1.07703
71	34	1.04682
71	42	1.05227
71	46	1.03468
71	47	1.03083
71	49	0.878315
71	52	1.03331
71	63	1.1083
71	92	1.04028
71	109	1.08911
71	112	1.53365
71	125	0.965856
71	146	0.826164
72	21	0.922861
72	40	0.990355
72	43	1.00803
72	48	0.974041
72	70	0.922787
72	81	0.945432
72	109	1.29046
72	110	0.94248
72	126	1.00988
72	134	0.983469
72	143	0.999558
72	144	0.999124
72	150	0.947993
72	151	0.918123
72	155	1.75058
72	157	0.981437
72	162	0.980799
73	4	1.04881
73	57	1.30149
73	97	0.349292
73	119	1.00488
73	123	0.853955
73	130	1.01723
73	132	0.999048
73	145	0.974375
73	150	0.955815
73	157	0.989259
73	158	0.972377
73	160	0.984776
73	164	0.910215
73	165	0.975892
73	172	0.896255
73	178	0.945745
73	180	0.899305
74	13	1.105
74	23	1.07523
74	55	1.02596
74	57	1.0423
74	65	1.01225
74	66	1.01212
74	82	1.06813
74	86	1.05142
74	87	1.05297
74	89	1.04932
74	91	1.03817
74	95	1.03837
74	108	1.00215
74	148	1.32439
74	175	1.032
74	176	1.46998
74	178	1.03154
75	17	1.01009
75	39	0.984537
75	59	1.0573
75	62	1.0492
75	96	1.05256
75	97	1.06598
75	98	0.992958
75	99	1.06085
75	100	1.04285
75	102	1.04832
75	106	1.0977
75	123	1.08447
75	138	0.794319
75	142	1.138
75	168	1.43141
75	169	1.54614
75	173	1.0499
76	17	0.989821
76	28	0.983712
76	39	0.96427
76	59	1.03704
76	62	1.02893
76	67	0.71515
76	68	1.11164
76	96	1.03229
76	97	1.04571
76	98	0.972691
76	100	1.02259
76	102	1.02805
76	103	1.08101
76	106	1.07744
76	109	0.517675
76	137	1.20059
76	161	2.10828
76	173	1.02964
77	33	1.26434
77	70	0.738732
77	85	0.976204
77	113	0.92227
77	124	0.970677
77	126	0.990821
77	129	0.941341
77	130	0.990352
77	133	0.964726
77	134	0.964408
77	144	0.980063
77	145	0.947492
77	150	0.928932
77	152	0.935824
77	157	0.962376
77	160	0.957892
77	162	0.961738
77	178	1.93037
78	103	0.438159
78	120	1.0929
78	128	0.583259
78	129	0.631419
78	131	1.03843
78	133	0.643783
78	142	1.08371
78	155	1.04871
78	159	1.07495
78	163	1.04283
78	164	0.996908
78	168	1.01327
78	169	1.00826
78	175	1.02352
78	177	0.985948
78	178	1.03244
78	179	0.940554
78	180	0.985997
79	42	0.93177
79	55	1.27393
79	84	0.956761
79	90	1.01328
79	125	0.680765
79	163	0.989613
79	165	1.00937
79	166	0.957121
79	167	1.0107
79	170	0.975287
79	171	0.917522
79	173	1.0104
79	175	0.970305
79	176	0.963309
79	178	0.97922
79	179	0.887337
79	180	0.93278
80	101	1.04171
80	110	1.00314
80	113	1.00199
80	116	1.03173
80	117	0.787362
80	126	1.07054
80	128	1.04322
80	132	1.05188
80	133	1.04444
80	135	1.04432
80	141	1.19352
80	145	1.02721
80	150	1.00865
80	154	0.957733
80	157	1.04209
80	160	1.03761
80	169	1.34087
80	174	1.87115
81	10	0.931645
81	16	0.979377
81	54	0.967186
81	72	0.945432
81	113	0.932732
81	115	0.974314
81	116	0.962477
81	126	1.00128
81	129	0.951802
81	134	0.97487
81	135	0.97506
81	139	1.51319
81	140	1.61463
81	143	0.990959
81	150	0.939394
81	151	0.909524
81	157	0.972838
81	160	0.968354
82	23	1.06438
82	49	1.0471
82	50	0.980845
82	55	1.01511
82	57	1.03145
82	65	1.00139
82	66	1.00127
82	74	1.06813
82	86	1.04057
82	87	1.04211
82	89	1.03846
82	91	1.02731
82	95	1.02751
82	108	0.991299
82	111	0.93379
82	154	2.1737
82	155	0.754289
82	165	1.26148
83	1	1.13007
83	8	1.1089
83	12	1.10404
83	15	0.996775
83	20	0.96368
83	30	1.05386
83	44	0.950356
83	51	1.03218
83	53	1.02538
83	60	1.01957
83	88	1.03383
83	112	1.55596
83	117	1.37851
83	123	1.05289
83	125	0.951209
83	146	0.848474
83	159	1.05457
83	169	0.962976
84	37	0.926971
84	39	1.70331
84	41	2.09669
84	79	0.956761
84	118	0.933443
84	127	0.918574
84	146	0.981097
84	158	0.925987
84	161	0.867818
84	164	0.863825
84	166	0.877256
84	169	0.875179
84	174	0.849044
84	175	0.890439
84	176	0.883443
84	177	0.852866
84	178	0.899354
84	179	0.807471
84	180	0.852914
85	21	0.964095
85	58	0.606078
85	77	0.976204
85	101	1.02229
85	113	0.982565
85	115	1.02415
85	116	1.01231
85	124	1.03097
85	126	1.05112
85	128	1.0238
85	132	1.03246
85	144	1.04036
85	145	1.00779
85	150	0.989226
85	156	0.914027
85	157	1.02267
85	160	1.01819
85	175	1.28873
85	177	1.98514
86	13	1.07744
86	23	1.04767
86	49	1.03039
86	50	0.96414
86	55	0.998405
86	56	0.959485
86	65	0.984689
86	66	0.984561
86	74	1.05142
86	82	1.04057
86	87	1.02541
86	89	1.02176
86	91	1.01061
86	95	1.01081
86	101	1.14741
86	104	1.44849
86	108	0.974594
86	140	1.12206
86	156	1.20721
87	13	1.07898
87	23	1.04921
87	50	0.965683
87	55	0.999948
87	56	0.961028
87	57	1.01629
87	65	0.986232
87	66	0.986104
87	74	1.05297
87	82	1.04211
87	86	1.02541
87	89	1.0233
87	91	1.01215
87	95	1.01235
87	108	0.976138
87	148	0.911213
87	165	0.761707
87	173	0.471513
87	179	3.28807
88	1	1.11141
88	8	1.09024
88	12	1.08538
88	15	0.978117
88	20	0.945023
88	24	1.04727
88	30	1.0352
88	44	0.931698
88	51	1.01352
88	53	1.00673
88	60	1.00092
88	83	1.03383
88	121	1.13473
88	123	1.03424
88	125	0.932552
88	127	1.15394
88	137	1.01666
88	151	1.93723
88	169	0.944319
89	13	1.07533
89	16	0.477014
89	23	1.04556
89	49	1.02829
89	50	0.962034
89	55	0.996299
89	56	0.95738
89	57	1.01264
89	65	0.982583
89	66	0.982455
89	74	1.04932
89	82	1.03846
89	86	1.02176
89	87	1.0233
89	91	1.0085
89	92	1.25356
89	95	1.0087
89	104	1.43869
89	158	1.47036
90	4	1.27558
90	22	1.00368
90	23	1.50865
90	62	1.01578
90	79	1.01328
90	119	1.01501
90	124	1.00769
90	140	1.00607
90	147	0.938451
90	154	0.915029
90	164	0.920346
90	170	0.951942
90	172	0.906386
90	174	0.905565
90	175	0.94696
90	177	0.909387
90	178	0.955875
90	179	0.863992
90	180	0.909435
91	13	1.06418
91	23	1.03441
91	49	1.01713
91	50	0.950881
91	55	0.985146
91	56	0.946227
91	57	1.00148
91	65	0.971431
91	66	0.971302
91	74	1.03817
91	82	1.02731
91	86	1.01061
91	87	1.01215
91	89	1.0085
91	95	0.997549
91	108	0.961336
91	109	0.941716
91	114	1.12252
91	120	1.36098
91	178	1.76568
92	36	0.489143
92	71	1.04028
92	89	1.25356
92	120	1.05544
92	121	1.00986
92	128	0.929066
92	137	1.02268
92	139	1.04503
92	141	1.01139
92	153	1.08038
92	165	1.02512
92	167	1.02646
92	170	0.991041
92	171	0.933277
92	173	1.02615
92	175	0.98606
92	176	0.979063
92	177	0.948486
92	179	0.903092
92	180	0.948535
93	24	1.90993
93	38	0.997804
93	105	0.888588
93	109	0.970896
93	117	0.912417
93	131	0.88957
93	137	0.91129
93	142	0.934858
93	147	0.866157
93	154	0.842735
93	156	0.922638
93	159	0.926094
93	162	1.76973
93	166	0.861483
93	170	0.879648
93	174	0.833271
93	175	0.874666
93	177	0.837093
93	179	0.791698
93	180	0.837141
94	39	1.85284
94	103	0.949982
94	104	0.893072
94	112	0.859592
94	115	0.912422
94	123	1.76228
94	126	0.93939
94	129	0.88991
94	130	0.938921
94	143	0.929066
94	145	0.896061
94	158	0.894063
94	161	0.835895
94	162	0.910308
94	163	0.877824
94	165	0.897578
94	166	0.845332
94	168	0.848266
94	178	0.867431
94	180	0.820991
95	13	1.06438
95	23	1.03461
95	49	1.01733
95	50	0.951081
95	55	0.985347
95	56	0.946427
95	57	1.00168
95	65	0.971631
95	66	0.971502
95	74	1.03837
95	82	1.02751
95	86	1.01081
95	87	1.01235
95	89	1.0087
95	91	0.997549
95	105	1.53942
95	108	0.961536
95	140	0.695274
95	172	2.09083
95	175	1.15512
96	17	0.947006
96	28	0.940897
96	59	0.994222
96	62	0.986119
96	68	1.06882
96	75	1.05256
96	76	1.03229
96	97	1.0029
96	98	0.929876
96	99	0.997767
96	100	0.979771
96	102	0.985233
96	103	1.0382
96	106	1.03462
96	119	1.08879
96	123	1.02139
96	146	0.725136
96	173	0.986821
96	174	2.33895
96	178	1.25735
97	17	0.960427
97	28	0.954317
97	39	0.934876
97	59	1.00764
97	62	0.999539
97	73	0.349292
97	75	1.06598
97	76	1.04571
97	96	1.0029
97	98	0.943297
97	99	1.01119
97	100	0.993192
97	102	0.998654
97	106	1.04804
97	123	1.03481
97	141	0.734027
97	152	0.986028
97	172	1.26622
97	173	1.00024
97	179	2.99976
98	28	0.881297
98	39	0.861856
98	59	0.934622
98	62	0.926519
98	68	1.00923
98	75	0.992958
98	76	0.972691
98	96	0.929876
98	97	0.943297
98	99	0.938167
98	100	0.920172
98	102	0.925634
98	103	0.978596
98	106	0.975021
98	123	0.961786
98	152	0.913008
98	159	1.11686
98	173	0.927221
98	174	2.52458
98	178	1.44298
99	17	0.955297
99	28	0.949188
99	39	0.929746
99	62	0.99441
99	68	1.07712
99	75	1.06085
99	96	0.997767
99	97	1.01119
99	98	0.938167
99	100	0.988062
99	102	0.993524
99	103	1.04649
99	105	1.53762
99	106	1.04291
99	123	1.02968
99	124	0.773077
99	152	0.980898
99	167	0.862961
99	171	2.40368
99	173	0.995112
100	25	1.03941
100	28	0.931192
100	39	0.911751
100	59	0.984517
100	62	0.976414
100	68	1.05912
100	75	1.04285
100	76	1.02259
100	96	0.979771
100	97	0.993192
100	98	0.920172
100	99	0.988062
100	101	1.32434
100	102	0.975529
100	103	1.02849
100	106	1.02492
100	123	1.01168
100	146	1.22616
100	152	0.962903
100	163	1.49691
100	173	0.977116
101	5	0.954694
101	12	0.977948
101	45	1.00199
101	68	0.750306
101	80	1.04171
101	85	1.02229
101	86	1.14741
101	100	1.32434
101	105	0.969954
101	129	0.987427
101	139	1.015
101	140	1.01514
101	143	1.02658
101	144	1.02615
101	155	0.981223
101	159	1.00746
101	162	1.00782
101	163	0.975341
101	178	0.964948
101	179	0.873065
101	180	0.918508
102	17	0.942764
102	28	0.936654
102	32	1.27216
102	39	0.917213
102	59	0.98998
102	62	0.981877
102	68	1.06458
102	75	1.04832
102	76	1.02805
102	96	0.985233
102	97	0.998654
102	98	0.925634
102	99	0.993524
102	100	0.975529
102	106	1.03038
102	109	0.814114
102	123	1.01714
102	152	0.968365
102	155	1.27423
102	165	1.78142
102	173	0.982578
103	38	0.5489
103	76	1.08101
103	78	0.438159
103	94	0.949982
103	96	1.0382
103	98	0.978596
103	99	1.04649
103	100	1.02849
103	106	1.08334
103	116	1.03752
103	128	1.04901
103	129	1.02684
103	131	1.16542
103	133	1.05023
103	135	1.0501
103	150	1.01444
103	152	1.02133
103	157	1.04788
103	160	1.0434
103	173	1.03554
103	176	1.54051
103	180	1.79794
104	86	1.44849
104	89	1.43869
104	94	0.893072
104	114	1.01573
104	131	0.953443
104	140	0.997645
104	147	0.93003
104	154	0.906608
104	155	0.96373
104	161	0.915918
104	162	0.992485
104	164	0.911925
104	165	0.977602
104	168	0.92829
104	170	0.943521
104	174	0.897145
104	175	0.93854
104	177	0.900966
104	178	0.947455
104	179	0.855572
104	180	0.901015
105	2	1.32296
105	61	0.994834
105	93	0.888588
105	95	1.53942
105	99	1.53762
105	101	0.969954
105	117	0.955656
105	119	0.985955
105	138	0.968867
105	147	0.909396
105	156	0.965877
105	158	0.953453
105	165	0.956968
105	166	0.904722
105	169	0.902645
105	174	0.87651
105	175	0.917905
105	176	0.910909
105	177	0.880332
105	178	0.926821
105	179	0.834937
105	180	0.88038
106	17	0.992151
106	28	0.986041
106	39	0.9666
106	58	0.657849
106	59	1.03937
106	62	1.03126
106	68	1.11397
106	75	1.0977
106	76	1.07744
106	96	1.03462
106	97	1.04804
106	98	0.975021
106	99	1.04291
106	100	1.02492
106	102	1.03038
106	103	1.08334
106	120	0.935335
106	147	1.68424
106	152	1.01775
106	156	0.965798
106	165	1.48338
106	173	1.03197
107	25	0.993546
107	60	1.18021
107	61	1.03733
107	64	0.969967
107	116	0.295544
107	118	1.0034
107	137	0.997022
107	139	1.01937
107	140	1.0195
107	147	0.95189
107	152	1.16096
107	156	1.00837
107	157	0.787662
107	165	0.999461
107	166	0.947215
107	167	1.0008
107	168	0.950149
107	175	0.960399
107	176	0.953402
107	178	0.969314
107	179	0.877431
107	180	0.922874
108	3	0.926391
108	6	0.918586
108	9	1.0324
108	18	0.916789
108	26	1.00514
108	31	0.980932
108	35	0.980538
108	36	0.980249
108	41	0.980018
108	57	0.965472
108	65	0.935418
108	66	0.93529
108	74	1.00215
108	82	0.991299
108	86	0.974594
108	87	0.976138
108	91	0.961336
108	95	0.961536
108	122	0.968627
108	127	1.60053
108	137	1.46325
108	167	1.3144
108	175	1.60476
109	7	0.990418
109	21	1.03603
109	29	1.08436
109	34	1.05415
109	42	1.0596
109	46	1.04201
109	47	1.03816
109	52	1.04064
109	71	1.08911
109	72	1.29046
109	76	0.517675
109	91	0.941716
109	93	0.970896
109	102	0.814114
109	114	1.0774
109	125	0.973185
109	153	1.09453
109	168	0.989963
109	170	1.00519
109	176	0.993216
109	178	1.00913
109	179	0.917245
109	180	0.962688
110	45	0.963413
110	72	0.94248
110	80	1.00314
110	113	0.92978
110	115	0.971362
110	116	0.959525
110	124	0.978187
110	126	0.998331
110	128	0.971016
110	132	0.979675
110	133	0.972236
110	135	0.972108
110	143	0.988007
110	144	0.987573
110	145	0.955002
110	148	1.46409
110	150	0.936442
110	152	0.943334
110	153	0.655507
110	160	0.965402
110	162	0.969248
110	172	2.1074
110	180	1.86712
111	15	1.54227
111	82	0.93379
111	114	1.02559
111	119	1.01645
111	124	1.00913
111	130	0.763662
111	131	0.963304
111	137	0.985024
111	141	0.973733
111	147	0.939891
111	148	0.9744
111	158	0.983948
111	160	0.805153
111	163	0.967709
111	166	0.935217
111	167	0.988799
111	170	0.953382
111	171	0.895617
111	173	0.988492
111	175	0.948401
111	176	0.941404
111	177	0.910827
111	179	0.865433
111	180	0.910876
112	38	1.0282
112	71	1.53365
112	83	1.55596
112	94	0.859592
112	118	0.948064
112	119	0.97311
112	128	1.42244
112	141	0.930392
112	142	0.965251
112	148	0.931059
112	149	0.87016
112	158	0.940607
112	164	0.878445
112	166	0.891876
112	167	0.945459
112	168	0.89481
112	169	0.889799
112	170	0.910042
112	171	0.852277
112	172	0.864486
112	175	0.90506
112	176	0.898064
112	178	0.913975
112	180	0.867535
113	21	0.910161
113	43	0.99533
113	77	0.92227
113	80	1.00199
113	81	0.932732
113	85	0.982565
113	110	0.92978
113	115	0.970213
113	118	1.53428
113	120	1.35003
113	121	1.73175
113	126	0.997182
113	129	0.947701
113	133	0.971087
113	134	0.970769
113	135	0.970958
113	143	0.986858
113	144	0.986424
113	145	0.953853
113	150	0.935292
113	154	0.884376
113	155	1.39088
113	160	0.964253
113	162	0.968099
114	18	1.62059
114	57	0.639099
114	69	1.10536
114	91	1.12252
114	104	1.01573
114	109	1.0774
114	111	1.02559
114	115	0.468274
114	118	1.02417
114	136	1.02119
114	148	1.00717
114	153	1.07549
114	155	1.00636
114	156	1.02914
114	158	1.01672
114	162	0.482295
114	164	0.954555
114	166	0.967986
114	168	0.97092
114	170	0.986152
114	171	0.928387
114	174	0.939775
114	176	0.974174
114	179	0.898202
114	180	0.943645
115	4	1.06987
115	14	0.869164
115	45	1.00385
115	48	1.00292
115	81	0.974314
115	85	1.02415
115	94	0.912422
115	110	0.971362
115	113	0.970213
115	114	0.468274
115	116	0.999959
115	126	1.03876
115	128	1.01145
115	129	0.989284
115	132	1.02011
115	133	1.01267
115	134	1.01235
115	135	1.01254
115	145	0.995435
115	151	0.947005
115	160	1.00584
115	161	1.87807
115	162	1.00968
115	170	1.28137
115	176	1.54987
116	48	0.991086
116	80	1.03173
116	81	0.962477
116	85	1.01231
116	103	1.03752
116	107	0.295544
116	110	0.959525
116	115	0.999959
116	126	1.02693
116	128	0.999612
116	130	1.02646
116	132	1.00827
116	134	1.00051
116	143	1.0166
116	144	1.01617
116	145	0.983598
116	149	2.14188
116	151	0.935168
116	152	0.97193
116	157	0.998482
116	160	0.993999
116	162	0.997844
116	170	0.968695
116	174	1.88035
116	176	1.23719
117	35	1.04532
117	47	1.78881
117	80	0.787362
117	83	1.37851
117	93	0.912417
117	105	0.955656
117	118	0.984738
117	137	0.978357
117	141	0.967066
117	142	1.00193
117	146	1.03239
117	148	0.967734
117	155	0.966925
117	156	0.989706
117	161	0.919113
117	166	0.928551
117	167	0.982133
117	170	0.946716
117	172	0.90116
117	174	0.900339
117	175	0.941734
117	176	0.934738
117	177	0.904161
117	178	0.950649
117	180	0.904209
118	49	1.01346
118	64	0.956555
118	84	0.933443
118	107	1.0034
118	112	0.948064
118	113	1.53428
118	114	1.02417
118	117	0.984738
118	123	0.614266
118	130	0.727557
118	142	1.00718
118	157	1.07042
118	161	0.924366
118	163	0.966296
118	164	0.920373
118	166	0.933804
118	167	0.987386
118	169	0.931727
118	171	0.894204
118	175	0.946987
118	176	0.939991
118	177	0.909414
118	178	0.955903
118	179	0.864019
118	180	0.909462
119	40	0.767157
119	61	1.04896
119	64	0.981601
119	68	1.01579
119	70	1.13007
119	73	1.00488
119	90	1.01501
119	96	1.08879
119	105	0.985955
119	111	1.01645
119	112	0.97311
119	123	0.666156
119	127	1.00017
119	137	1.00866
119	148	0.998033
119	153	1.06635
119	156	1.02001
119	162	0.956892
119	168	0.961784
119	170	0.977015
119	171	0.91925
119	174	0.930638
119	177	0.93446
119	178	0.980949
119	179	0.889065
119	180	0.934508
120	43	0.546035
120	69	1.09755
120	78	1.0929
120	91	1.36098
120	92	1.05544
120	106	0.935335
120	113	1.35003
120	131	0.988266
120	134	0.912712
120	141	0.998694
120	149	0.938462
120	155	0.998553
120	163	0.992671
120	164	0.946748
120	165	1.01242
120	167	1.01376
120	168	0.963112
120	169	0.958102
120	171	0.920579
120	172	0.932788
120	173	1.01345
120	174	0.931967
120	175	0.973362
120	176	0.966366
120	177	0.935789
120	179	0.890394
120	180	0.935837
121	43	0.927755
121	64	0.937351
121	69	1.05197
121	88	1.13473
121	92	1.00986
121	113	1.73175
121	131	0.942687
121	133	1.28471
121	142	0.987975
121	146	1.01844
121	147	0.919274
121	149	0.892883
121	153	1.0221
121	155	0.952974
121	163	0.947092
121	164	0.901169
121	166	0.9146
121	168	0.917533
121	169	0.912523
121	170	0.932765
121	172	0.887209
121	174	0.886388
121	175	0.927783
121	176	0.920787
121	178	0.936698
121	179	0.844815
121	180	0.890258
122	3	0.969695
122	6	0.961889
122	9	1.07571
122	11	1.0917
122	18	0.960093
122	25	0.991105
122	26	1.04844
122	31	1.02424
122	34	1.18618
122	35	1.02384
122	36	1.02355
122	41	1.02332
122	52	1.05664
122	54	1.00473
122	108	0.968627
122	130	0.634433
122	138	1.00892
122	160	0.675924
122	168	0.947707
122	170	0.962939
122	172	0.917383
122	173	0.998048
122	175	0.957957
122	176	0.950961
122	178	0.966872
122	179	0.874989
122	180	0.920432
123	1	1.13047
123	12	1.10444
123	24	1.06633
123	28	0.972807
123	30	1.05426
123	44	0.950759
123	60	1.01998
123	68	1.10073
123	73	0.853955
123	75	1.08447
123	83	1.05289
123	88	1.03424
123	94	1.76228
123	96	1.02139
123	97	1.03481
123	98	0.961786
123	99	1.02968
123	100	1.01168
123	102	1.01714
123	118	0.614266
123	119	0.666156
123	125	0.951612
123	152	1.00452
123	165	0.978059
123	168	1.27132
123	169	0.963379
123	173	1.01873
124	7	1.52852
124	12	1.0322
124	26	1.16725
124	27	0.935538
124	77	0.970677
124	85	1.03097
124	90	1.00769
124	99	0.773077
124	110	0.978187
124	111	1.00913
124	125	0.385418
124	133	1.01949
124	143	1.03526
124	144	1.03483
124	145	1.00226
124	150	0.983699
124	152	0.990592
124	157	1.01714
124	160	1.01266
124	167	1.00511
124	172	0.92414
124	174	0.923319
124	175	0.964714
124	177	0.927141
124	178	0.973629
124	179	0.881746
124	180	0.927189
125	11	0.979939
125	12	1.00276
125	15	0.895494
125	19	0.96831
125	24	0.964644
125	29	0.961103
125	30	0.95258
125	34	0.930894
125	42	0.936341
125	44	0.849075
125	46	0.918757
125	47	0.914901
125	51	0.930897
125	52	0.917388
125	53	0.924103
125	60	0.918294
125	63	0.99237
125	71	0.965856
125	79	0.680765
125	83	0.951209
125	88	0.932552
125	109	0.973185
125	123	0.951612
125	124	0.385418
125	169	0.861696
125	174	1.84681
125	179	3.43492
126	5	0.98352
126	10	0.996095
126	27	2.19553
126	72	1.00988
126	77	0.990821
126	80	1.07054
126	81	1.00128
126	85	1.05112
126	94	0.93939
126	110	0.998331
126	113	0.997182
126	115	1.03876
126	116	1.02693
126	128	1.03842
126	132	1.04708
126	133	1.03964
126	143	1.05541
126	145	1.0224
126	150	1.00384
126	154	0.952927
126	157	1.03729
126	160	1.0328
126	162	1.03665
126	165	0.707599
126	168	1.00086
126	176	1.0027
126	177	1.26113
126	180	1.26013
127	4	1.23731
127	12	1.40822
127	14	0.982491
127	27	0.902942
127	38	1.05526
127	49	0.998587
127	64	0.941686
127	84	0.918574
127	88	1.15394
127	108	1.60053
127	119	1.00017
127	140	0.991224
127	149	0.897218
127	156	0.98009
127	159	0.983545
127	166	0.918934
127	167	0.972517
127	168	0.921868
127	171	0.879335
127	172	0.891544
127	174	0.890723
127	175	0.932118
127	176	0.925122
127	177	0.894545
127	178	0.941033
127	179	0.84915
127	180	0.894593
128	4	1.06952
128	40	1.01889
128	43	1.03657
128	45	1.0035
128	48	1.00258
128	78	0.583259
128	80	1.04322
128	85	1.0238
128	92	0.929066
128	103	1.04901
128	110	0.971016
128	112	1.42244
128	115	1.01145
128	116	0.999612
128	126	1.03842
128	132	1.01976
128	134	1.01201
128	135	1.01219
128	139	0.686335
128	143	1.02809
128	144	1.02766
128	145	0.995089
128	152	0.983421
128	157	1.00997
128	159	0.921042
128	160	1.00549
128	162	1.00934
128	177	1.94404
129	21	0.929231
129	40	0.996726
129	43	1.0144
129	48	0.980411
129	54	0.982155
129	64	1.4696
129	77	0.941341
129	78	0.631419
129	81	0.951802
129	94	0.88991
129	101	0.987427
129	103	1.02684
129	113	0.947701
129	115	0.989284
129	130	1.01578
129	131	1.35868
129	132	0.997596
129	133	0.990157
129	135	0.990029
129	142	1.43852
129	144	1.00549
129	150	0.954363
129	151	0.924493
129	154	0.903446
129	157	0.987807
129	160	0.983324
129	162	0.987169
129	169	1.84666
130	10	0.995626
130	21	0.978243
130	40	1.04574
130	45	1.03035
130	48	1.02942
130	73	1.01723
130	77	0.990352
130	94	0.938921
130	111	0.763662
130	116	1.02646
130	118	0.727557
130	122	0.634433
130	129	1.01578
130	132	1.04661
130	133	1.03917
130	134	1.03885
130	135	1.03904
130	141	1.35198
130	143	1.05494
130	144	1.05451
130	145	1.02193
130	150	1.00337
130	151	0.973504
130	154	0.952458
130	157	1.03682
130	162	1.03618
130	170	1.11795
130	171	2.19882
131	32	0.944621
131	55	1.42174
131	78	1.03843
131	93	0.88957
131	103	1.16542
131	104	0.953443
131	111	0.963304
131	120	0.988266
131	121	0.942687
131	129	1.35868
131	135	1.30283
131	146	1.00954
131	149	0.883987
131	153	1.0132
131	158	0.954434
131	161	0.896266
131	165	0.957949
131	166	0.905703
131	167	0.959286
131	171	0.866104
131	172	0.878313
131	173	0.958978
131	174	0.877492
131	175	0.918887
131	176	0.911891
131	178	0.927802
131	179	0.835919
131	180	0.881362
132	4	1.07818
132	21	0.960055
132	43	1.04522
132	64	0.995395
132	73	0.999048
132	80	1.05188
132	85	1.03246
132	110	0.979675
132	115	1.02011
132	116	1.00827
132	126	1.04708
132	128	1.01976
132	129	0.997596
132	130	1.04661
132	134	1.02066
132	135	1.02085
132	140	0.361733
132	143	1.03675
132	144	1.03632
132	149	2.16425
132	150	0.985187
132	154	0.934271
132	157	1.01863
132	160	1.01415
132	162	1.01799
132	168	1.25773
132	172	1.75729
132	178	0.821123
133	10	0.97
133	40	1.02011
133	48	1.0038
133	77	0.964726
133	78	0.643783
133	80	1.04444
133	103	1.05023
133	110	0.972236
133	113	0.971087
133	115	1.01267
133	121	1.28471
133	124	1.01949
133	126	1.03964
133	129	0.990157
133	130	1.03917
133	134	1.01323
133	135	1.01341
133	138	1.1072
133	143	1.02931
133	144	1.02888
133	145	0.996309
133	150	0.977748
133	152	0.984641
133	157	1.01119
133	158	1.20639
133	160	1.00671
133	162	1.01055
133	173	1.16084
133	176	1.74613
134	4	1.07043
134	5	0.957107
134	10	0.969683
134	21	0.952299
134	32	0.951495
134	37	1.06103
134	45	1.0044
134	48	1.00348
134	72	0.983469
134	77	0.964408
134	81	0.97487
134	113	0.970769
134	115	1.01235
134	116	1.00051
134	120	0.912712
134	128	1.01201
134	130	1.03885
134	132	1.02066
134	133	1.01323
134	135	1.0131
134	143	1.029
134	145	0.995991
134	150	0.977431
134	152	0.984323
134	153	0.801686
134	157	1.01088
134	158	1.21612
134	160	1.00639
134	162	1.01024
134	177	2.01429
135	5	0.957297
135	10	0.969872
135	16	0.14483
135	43	1.03766
135	80	1.04432
135	81	0.97506
135	103	1.0501
135	110	0.972108
135	113	0.970958
135	115	1.01254
135	128	1.01219
135	129	0.990029
135	130	1.03904
135	131	1.30283
135	132	1.02085
135	133	1.01341
135	134	1.0131
135	143	1.02919
135	145	0.99618
135	147	1.58368
135	148	1.53232
135	150	0.97762
135	151	0.94775
135	152	0.984512
135	154	0.926704
135	157	1.01106
135	160	1.00658
135	162	1.01043
135	167	0.949562
135	177	1.93635
136	9	1.02775
136	10	1.45773
136	32	0.969734
136	67	1.09968
136	114	1.02119
136	137	0.980624
136	143	1.00718
136	144	0.507778
136	147	0.935492
136	152	1.09681
136	153	1.03832
136	155	0.969191
136	156	0.991972
136	158	0.979548
136	159	0.995428
136	163	0.963309
136	164	0.917386
136	165	0.983063
136	166	0.930817
136	167	0.9844
136	168	0.933751
136	170	0.948983
136	171	0.891218
136	174	0.902606
136	175	0.944001
136	176	0.937004
136	177	0.906427
136	178	0.952916
136	179	0.861033
136	180	0.906476
137	37	0.977138
137	76	1.20059
137	88	1.01666
137	92	1.02268
137	93	0.91129
137	107	0.997022
137	108	1.46325
137	111	0.985024
137	117	0.978357
137	119	1.00866
137	136	0.980624
137	138	0.991568
137	146	1.03126
137	147	0.932098
137	149	0.905707
137	151	0.929722
137	153	1.03492
137	156	0.988578
137	160	0.848446
137	162	0.9844
137	165	0.979669
137	168	0.930357
137	170	0.945588
137	171	0.887824
137	172	0.900033
137	174	0.899212
137	175	0.940607
137	177	0.903033
137	178	0.949522
137	179	0.857639
137	180	0.903082
138	5	1.69785
138	56	0.950506
138	61	1.03187
138	75	0.794319
138	105	0.968867
138	122	1.00892
138	133	1.1072
138	137	0.991568
138	139	1.01391
138	140	1.01405
138	141	0.980277
138	146	1.0456
138	147	0.946436
138	148	0.980944
138	149	0.920045
138	154	0.923014
138	155	0.980135
138	160	0.789012
138	162	0.924965
138	164	0.92833
138	171	0.902162
138	172	0.914371
138	173	0.995036
138	174	0.91355
138	175	0.954945
138	176	0.947948
138	177	0.917371
138	178	0.96386
138	179	0.871977
138	180	0.91742
139	9	1.03428
139	22	1.01967
139	24	0.704824
139	26	0.986218
139	67	1.11863
139	69	1.08714
139	81	1.51319
139	92	1.04503
139	101	1.015
139	107	1.01937
139	128	0.686335
139	138	1.01391
139	140	1.02206
139	142	1.02314
139	143	1.01372
139	146	1.05361
139	147	0.954442
139	155	0.988142
139	156	1.01092
139	163	0.98226
139	165	1.00201
139	166	0.949768
139	167	1.00335
139	168	0.952702
139	172	0.922377
139	174	0.921556
139	176	0.955955
139	177	0.925378
139	178	0.971867
139	179	0.879983
139	180	0.925426
140	69	1.08728
140	81	1.61463
140	86	1.12206
140	90	1.00607
140	95	0.695274
140	101	1.01514
140	104	0.997645
140	107	1.0195
140	127	0.991224
140	132	0.361733
140	138	1.01405
140	139	1.02206
140	142	1.02328
140	146	1.05375
140	149	0.928189
140	152	1.20478
140	155	0.988279
140	157	0.831479
140	159	1.01452
140	163	0.982398
140	165	1.00215
140	166	0.949906
140	167	1.00349
140	168	0.952839
140	170	0.968071
140	171	0.910306
140	175	0.963089
140	176	0.956093
140	177	0.925516
140	178	0.972004
140	179	0.880121
140	180	0.925564
141	8	1.70028
141	16	1.10659
141	42	1.42019
141	80	1.19352
141	92	1.01139
141	97	0.734027
141	111	0.973733
141	112	0.930392
141	117	0.967066
141	120	0.998694
141	130	1.35198
141	138	0.980277
141	146	1.01997
141	148	0.955315
141	151	0.918431
141	153	1.02363
141	154	0.897384
141	159	0.980743
141	161	0.906695
141	164	0.902701
141	165	0.968378
141	167	0.969715
141	168	0.919066
141	169	0.914055
141	170	0.934297
141	171	0.876533
141	172	0.888742
