1	61	1.12381
1	75	1.05554
1	79	1.00961
1	95	1.12706
1	132	1.09094
1	137	1.01735
1	160	1.21715
1	161	0.990095
1	163	1.09515
1	170	0.994493
1	175	1.44265
1	176	0.92081
2	21	0.97403
2	25	1.09855
2	30	1.04967
2	50	1.03338
2	58	1.00397
2	63	1.09772
2	99	1.0783
2	136	1.33096
2	139	0.924117
2	151	1.15074
2	155	1.09192
2	175	1.27662
3	114	0.91656
3	115	0.910291
3	116	0.946861
3	119	0.951019
3	120	0.946545
3	124	0.92311
3	129	1.38236
3	131	0.954834
3	133	0.94106
3	134	0.941021
3	152	1.32699
3	161	1.67842
4	16	1.14404
4	21	0.97069
4	25	1.09521
4	30	1.04634
4	39	1.05998
4	50	1.03004
4	58	1.00063
4	63	1.09438
4	106	1.15206
4	122	0.957485
4	158	1.25263
4	168	1.35393
5	57	1.09289
5	60	1.08982
5	82	1.00973
5	83	1.08498
5	89	1.05228
5	90	1.04022
5	93	1.0267
5	94	1.02668
5	106	1.30294
5	135	1.04928
5	153	1.01078
5	164	1.33036
6	24	0.993367
6	37	1.16913
6	76	1.04471
6	152	0.866264
6	158	0.981961
6	160	0.979109
6	162	1.10293
6	163	1.07805
6	166	1.12291
6	173	1.3327
6	176	0.90371
6	177	1.50733
7	36	1.32703
7	109	1.02095
7	116	0.813585
7	139	0.988098
7	147	0.939487
7	157	0.989525
7	163	0.648668
7	169	0.957321
7	171	0.857568
7	173	0.883125
7	177	0.860967
7	180	0.896697
8	64	1.06605
8	73	1.04329
8	74	1.01799
8	78	1.1124
8	80	1.07617
8	126	0.893871
8	127	1.0594
8	135	0.700015
8	140	1.11785
8	155	1.06115
8	176	1.99695
8	178	0.960138
9	91	1.05861
9	96	1.07092
9	102	1.04965
9	108	1.0706
9	113	1.10948
9	139	1.04413
9	158	1.41169
9	159	1.11421
9	166	1.13807
9	169	1.12964
9	172	0.917605
9	179	0.99468
10	34	0.92695
10	45	0.914237
10	49	0.905728
10	84	0.977467
10	86	0.944965
10	92	0.998833
10	105	1.02978
10	136	1.60388
10	146	1.44205
10	147	1.37009
10	170	0.852424
10	179	0.854558
11	46	0.678915
11	62	0.772889
11	70	1.15817
11	148	0.999444
11	162	0.617825
11	165	1.13272
11	166	0.515323
11	167	1.03397
11	171	0.994608
11	175	1.04035
11	177	0.998007
11	180	1.03374
12	32	0.942423
12	45	0.920176
12	49	0.911667
12	52	0.971311
12	84	0.983407
12	86	0.950905
12	92	1.00477
12	152	1.00596
12	154	1.28555
12	170	0.858363
12	172	2.1473
12	179	0.860498
13	23	1.08377
13	29	1.05164
13	59	1.00516
13	64	1.08793
13	71	0.860668
13	73	1.06517
13	74	1.03987
13	80	1.09805
13	97	0.695685
13	153	0.905343
13	176	2.24079
13	178	0.982021
14	68	1.10507
14	102	1.05324
14	108	1.07418
14	109	0.96834
14	113	1.11307
14	146	1.23071
14	147	1.15876
14	161	0.991736
14	166	1.14165
14	172	0.921194
14	179	0.998269
14	180	1.29814
15	24	0.891246
15	31	0.964614
15	43	0.927986
15	76	0.942593
15	121	1.59304
15	125	1.36393
15	139	1.45481
15	158	0.87984
15	162	1.00081
15	163	0.97593
15	166	1.02079
15	176	0.801588
16	4	1.14404
16	21	0.960103
16	25	1.08462
16	30	1.03575
16	39	1.04939
16	58	0.990043
16	63	1.0838
16	121	1.0367
16	145	0.822353
16	154	1.19223
16	155	1.07799
16	174	1.66173
17	61	1.07016
17	67	1.03416
17	72	1.04679
17	75	1.00189
17	95	1.07341
17	103	0.88168
17	132	1.03729
17	163	1.0415
17	170	0.940844
17	173	1.4563
17	176	0.867161
17	179	1.34458
17	180	1.28815
18	56	0.976597
18	68	0.956677
18	71	1.51429
18	96	0.926116
18	102	0.90485
18	108	0.925795
18	113	0.964682
18	128	1.50737
18	149	1.68736
18	161	0.843346
18	166	0.993265
18	172	0.772804
18	179	0.849879
19	44	0.981145
19	46	1.19436
19	51	0.965923
19	62	1.03621
19	109	1.00019
19	128	0.940777
19	132	1.04197
19	145	0.941432
19	150	1.06222
19	162	1.07107
19	163	1.04619
19	174	1.78081
20	28	1.05606
20	36	0.929368
20	42	0.998503
20	66	1.03949
20	77	1.14392
20	129	1.18696
20	136	0.949553
20	151	1.34404
20	155	1.04541
20	160	1.24443
20	162	1.0706
20	166	1.09058
20	178	0.944407
21	2	0.97403
21	4	0.97069
21	16	0.960103
21	25	0.911273
21	39	0.876045
21	50	0.84611
21	58	0.816697
21	63	0.91045
21	101	0.947304
21	117	1.40201
21	138	1.42442
21	155	0.904646
21	180	1.8438
22	38	0.981737
22	44	0.96316
22	51	0.947937
22	62	1.01823
22	106	1.25979
22	132	1.02399
22	137	1.04728
22	150	1.04423
22	154	1.28656
22	160	1.11981
22	162	1.05308
22	163	1.0282
22	175	1.34531
23	13	1.08377
23	59	0.945406
23	64	1.02818
23	73	1.00542
23	74	0.980117
23	78	1.07453
23	80	1.0383
23	135	1.0128
23	155	1.02328
23	160	1.12647
23	169	1.08497
23	174	1.76272
23	178	0.922268
24	6	0.993367
24	15	0.891246
24	31	0.927141
24	43	0.890512
24	76	0.905119
24	136	1.66106
24	158	0.842366
24	159	1.3243
24	162	0.96334
24	163	0.938457
24	166	0.983319
24	173	1.73481
24	176	0.764115
25	2	1.09855
25	4	1.09521
25	16	1.08462
25	21	0.911273
25	30	0.986918
25	39	1.00056
25	50	0.970626
25	58	0.941213
25	153	1.21838
25	155	1.02916
25	157	1.19085
25	160	1.37056
25	165	1.18605
26	27	0.988852
26	67	1.05969
26	72	1.07232
26	95	1.09894
26	137	1.02336
26	143	1.30296
26	149	1.19938
26	151	1.00212
26	161	0.961974
26	163	1.06703
26	170	0.966372
26	176	0.892689
26	179	1.46503
27	26	0.988852
27	67	0.937624
27	72	0.950254
27	75	0.905354
27	95	0.976872
27	106	1.65333
27	132	0.940751
27	161	0.839907
27	163	0.944963
27	165	1.32884
27	167	1.73427
27	170	0.844305
27	176	0.770621
28	20	1.05606
28	36	0.917137
28	42	0.986273
28	66	1.02726
28	117	1.04418
28	123	1.25652
28	135	1.02946
28	137	1.10072
28	155	1.03318
28	162	1.05837
28	166	1.07835
28	178	0.932177
28	179	1.54239
29	13	1.05164
29	48	0.734832
29	59	0.913282
29	64	0.996057
29	73	0.973296
29	74	0.947993
29	78	1.04241
29	80	1.00617
29	127	0.989404
29	155	0.991152
29	157	1.14525
29	167	1.54587
29	177	1.85317
29	178	0.890145
30	2	1.04967
30	4	1.04634
30	16	1.03575
30	25	0.986918
30	39	0.951689
30	50	0.921754
30	58	0.892342
30	63	0.986095
30	70	0.966092
30	99	0.966673
30	104	1.14686
30	155	0.980291
30	160	1.37667
30	178	1.72374
31	15	0.964614
31	24	0.927141
31	37	1.1029
31	43	0.96388
31	47	1.16879
31	76	0.978488
31	129	1.37434
31	135	1.31815
31	158	0.915735
31	162	1.03671
31	163	1.01183
31	166	1.05669
31	169	1.39032
31	176	0.837483
32	12	0.942423
32	34	0.98041
32	49	0.959189
32	52	1.01883
32	53	1.00644
32	84	1.03093
32	86	0.998426
32	92	1.05229
32	141	1.54693
32	142	1.50902
32	144	1.19947
32	165	1.03198
32	170	0.905884
32	179	0.908019
33	91	1.10333
33	96	1.11564
33	102	1.09437
33	108	1.11532
33	109	0.963878
33	113	1.15421
33	117	0.851889
33	125	0.89035
33	136	1.04176
33	160	1.10824
33	166	1.18279
33	171	1.68365
33	172	0.962328
33	179	1.0394
34	10	0.92695
34	32	0.98041
34	40	1.08421
34	45	0.958164
34	52	1.0093
34	84	1.02139
34	86	0.988892
34	92	1.04276
34	157	0.91531
34	168	1.43687
34	170	0.896351
34	175	1.32052
34	177	1.62324
34	179	0.898485
35	58	1.92667
35	69	1.77835
35	122	0.870653
35	129	0.833714
35	156	0.814431
35	159	0.854963
35	165	0.892732
35	168	0.793097
35	169	0.854373
35	171	0.75462
35	173	0.780178
35	174	0.744903
35	175	0.800366
35	180	0.793749
36	7	1.32703
36	20	0.929368
36	28	0.917137
36	42	0.859578
36	66	0.900564
36	99	0.892871
36	128	1.52535
36	135	0.902767
36	136	0.810628
36	154	1.89588
36	155	0.906489
36	162	0.931675
36	166	0.951654
36	178	0.805482
37	6	1.16913
37	31	1.1029
37	43	1.06627
37	76	1.08088
37	128	0.76322
37	144	0.949978
37	145	0.763876
37	151	1.06661
37	158	1.01813
37	162	1.1391
37	163	1.11422
37	166	1.15908
37	172	1.9955
37	176	0.939877
38	22	0.981737
38	44	0.911636
38	46	1.12485
38	51	0.896413
38	62	0.966701
38	127	0.974627
38	132	0.972465
38	138	1.13081
38	150	0.992707
38	152	1.25191
38	159	1.30783
38	162	1.00156
38	163	0.976677
38	175	1.59025
39	4	1.05998
39	16	1.04939
39	21	0.876045
39	25	1.00056
39	30	0.951689
39	50	0.935397
39	58	0.905985
39	63	0.999738
39	101	1.03659
39	142	1.37198
39	154	1.2462
39	155	0.993934
39	169	1.03794
39	171	1.65485
40	34	1.08421
40	49	1.06299
40	52	1.12263
40	53	1.11024
40	84	1.13473
40	86	1.10223
40	92	1.15609
40	104	0.896036
40	110	1.05967
40	135	1.01218
40	151	1.22546
40	170	1.00968
40	179	1.01182
40	180	1.31129
41	56	1.15628
41	71	0.848363
41	91	1.09349
41	96	1.1058
41	102	1.08453
41	108	1.10548
41	109	0.900853
41	113	1.14437
41	140	1.34938
41	142	1.33775
41	143	1.12501
41	150	1.14412
41	172	0.952489
41	179	1.02956
42	20	0.998503
42	28	0.986273
42	36	0.859578
42	66	0.969699
42	99	0.962007
42	135	0.971903
42	136	0.879764
42	144	1.39053
42	151	1.50717
42	153	1.25538
42	155	0.975625
42	160	1.40756
42	162	1.00081
42	166	1.02079
42	178	0.874617
43	15	0.927986
43	24	0.890512
43	31	0.96388
43	37	1.06627
43	47	1.15885
43	76	0.941859
43	101	1.01755
43	123	1.37787
43	157	1.24218
43	158	0.879106
43	162	1.00008
43	163	0.975196
43	166	1.02006
43	173	1.77547
43	176	0.800854
44	19	0.981145
44	22	0.96316
44	38	0.911636
44	51	0.877837
44	62	0.948125
44	71	0.878792
44	126	1.15583
44	127	0.95605
44	132	0.953888
44	137	0.977181
44	150	0.97413
44	162	0.982983
44	163	0.9581
44	176	2.25891
44	179	1.31751
45	10	0.914237
45	12	0.920176
45	34	0.958164
45	49	0.936942
45	52	0.996585
45	53	0.984199
45	84	1.00868
45	86	0.976179
45	92	1.03005
45	103	1.10915
45	143	1.40997
45	147	1.37623
45	170	0.883638
45	178	1.67724
45	179	0.885772
46	11	0.678915
46	19	1.19436
46	38	1.12485
46	51	1.09105
46	62	1.16134
46	88	0.983273
46	109	0.958852
46	123	1.0592
46	128	0.899437
46	132	1.1671
46	137	1.19039
46	150	1.18734
46	151	1.20283
46	162	1.1962
46	163	1.17131
47	31	1.16879
47	43	1.15885
47	118	0.956622
47	127	0.849172
47	144	0.998428
47	146	0.940305
47	147	0.960905
47	152	0.992531
47	153	1.02338
47	159	0.979328
47	163	0.787737
47	164	0.933841
47	174	0.869268
47	175	0.924732
47	180	0.918115
48	29	0.734832
48	66	0.749751
48	75	0.747124
48	85	0.463788
48	102	0.709705
48	146	1.06019
48	153	1.14326
48	154	1.07213
48	164	1.05372
48	167	1.03823
48	171	0.998866
48	173	1.02442
48	175	1.04461
48	177	1.00227
48	180	1.03799
49	10	0.905728
49	12	0.911667
49	32	0.959189
49	40	1.06299
49	45	0.936942
49	53	0.97569
49	84	1.00017
49	86	0.967671
49	92	1.02154
49	128	1.1041
49	144	1.29086
49	158	1.54844
49	168	1.64974
49	170	0.875129
49	179	0.877264
50	2	1.03338
50	4	1.03004
50	21	0.84611
50	25	0.970626
50	30	0.921754
50	39	0.935397
50	58	0.87605
50	63	0.969803
50	88	1.15119
50	99	0.950381
50	101	1.00666
50	155	0.963999
50	158	1.51169
50	164	1.43854
50	175	1.49663
51	19	0.965923
51	22	0.947937
51	38	0.896413
51	44	0.877837
51	46	1.09105
51	62	0.932902
51	126	1.25531
51	132	0.938666
51	137	0.961959
51	150	0.958907
51	159	1.1182
51	162	0.967761
51	163	0.942878
51	174	1.81138
51	179	1.41699
52	12	0.971311
52	32	1.01883
52	34	1.0093
52	40	1.12263
52	45	0.996585
52	53	1.03533
52	84	1.05982
52	86	1.02731
52	92	1.08118
52	104	1.04552
52	128	1.07155
52	157	1.09563
52	164	1.44274
52	170	0.934772
52	179	0.936907
52	180	1.46077
53	32	1.00644
53	40	1.11024
53	45	0.984199
53	49	0.97569
53	52	1.03533
53	84	1.04743
53	86	1.01493
53	92	1.06879
53	103	0.752794
53	105	1.09974
53	106	1.11381
53	121	0.985044
53	168	1.31568
53	170	0.922386
53	172	2.00232
53	179	0.92452
54	55	0.966804
54	57	0.963882
54	60	0.960817
54	65	0.964956
54	69	1.03217
54	82	0.880723
54	83	0.955976
54	89	0.923275
54	90	0.911215
54	93	0.897696
54	94	0.897673
54	135	1.21256
54	156	1.43782
54	160	0.889323
54	169	1.28473
54	174	1.96248
55	54	0.966804
55	60	1.05502
55	65	1.05916
55	69	1.12637
55	82	0.974923
55	83	1.05018
55	89	1.01748
55	90	1.00542
55	93	0.991897
55	94	0.991873
55	117	1.00664
55	118	1.37702
55	145	1.05987
55	153	1.11081
55	160	0.983524
55	170	1.58115
56	18	0.976597
56	41	1.15628
56	91	1.01674
56	102	1.00778
56	108	1.02873
56	113	1.06761
56	118	1.04976
56	142	1.22827
56	150	1.06736
56	161	0.946279
56	164	1.10314
56	166	1.0962
56	171	1.51114
56	172	0.875737
56	173	1.28932
56	179	0.952811
57	5	1.09289
57	54	0.963882
57	60	1.05209
57	69	1.12344
57	77	0.955223
57	83	1.04725
57	89	1.01455
57	90	1.00249
57	93	0.988974
57	94	0.98895
57	122	1.02446
57	136	1.35888
57	143	1.15885
57	158	1.3196
57	160	0.980601
57	179	1.32091
58	2	1.00397
58	4	1.00063
58	16	0.990043
58	21	0.816697
58	25	0.941213
58	30	0.892342
58	35	1.92667
58	39	0.905985
58	50	0.87605
58	63	0.94039
58	99	0.920968
58	101	0.977244
58	110	0.98764
58	135	0.940148
58	148	1.74563
58	155	0.934586
59	13	1.00516
59	23	0.945406
59	29	0.913282
59	64	0.949571
59	73	0.926809
59	74	0.901507
59	78	0.995922
59	80	0.959686
59	106	0.87213
59	127	0.942918
59	140	1.39729
59	155	0.944666
59	173	1.44671
59	174	1.72937
59	178	0.843658
59	179	1.33499
60	5	1.08982
60	54	0.960817
60	55	1.05502
60	57	1.05209
60	82	0.968936
60	83	1.04419
60	89	1.01149
60	90	0.999428
60	93	0.98591
60	94	0.985886
60	125	1.00507
60	137	1.05517
60	138	0.989026
60	152	1.11012
60	161	1.46155
60	173	1.57655
61	1	1.12381
61	17	1.07016
61	67	1.04446
61	72	1.05709
61	75	1.01219
61	95	1.0837
61	123	1.19459
61	139	1.1116
61	151	0.986882
61	159	1.18168
61	161	0.946739
61	163	1.0518
61	169	1.19711
61	170	0.951137
61	175	1.46411
61	176	0.877453
62	11	0.772889
62	19	1.03621
62	22	1.01823
62	38	0.966701
62	44	0.948125
62	46	1.16134
62	51	0.932902
62	125	0.979297
62	127	1.01112
62	137	1.03225
62	150	1.0292
62	159	1.14026
62	161	1.43577
62	162	1.03805
62	163	1.01317
62	178	1.54426
63	2	1.09772
63	4	1.09438
63	16	1.0838
63	21	0.91045
63	30	0.986095
63	39	0.999738
63	50	0.969803
63	58	0.94039
63	79	0.752264
63	99	1.01472
63	101	1.071
63	144	0.94278
63	155	1.02834
63	172	1.9883
63	175	1.1853
63	178	1.30687
64	8	1.06605
64	13	1.08793
64	23	1.02818
64	29	0.996057
64	59	0.949571
64	73	1.00958
64	74	0.984282
64	78	1.0787
64	80	1.04246
64	153	0.610401
64	155	1.02744
64	171	1.33799
64	175	0.98808
64	176	1.94585
64	177	1.2908
64	178	0.926433
65	54	0.964956
65	55	1.05916
65	69	1.12452
65	79	0.9596
65	82	0.973075
65	83	1.04833
65	89	1.01563
65	90	1.00357
65	93	0.990048
65	94	0.990024
65	137	1.05931
65	138	0.933199
65	152	1.05429
65	160	0.981675
65	174	1.80339
65	179	1.409
66	20	1.03949
66	28	1.02726
66	36	0.900564
66	42	0.969699
66	48	0.749751
66	88	0.980037
66	99	1.00299
66	105	1.00409
66	135	1.01289
66	136	0.920749
66	142	1.63241
66	152	1.22703
66	155	1.01661
66	161	1.57846
66	162	1.0418
66	166	1.06178
66	178	0.915603
67	17	1.03416
67	26	1.05969
67	27	0.937624
67	61	1.04446
67	72	1.02109
67	75	0.976194
67	95	1.04771
67	105	1.0925
67	137	0.916803
67	139	0.9896
67	158	1.35716
67	161	0.910746
67	163	1.0158
67	169	1.07511
67	170	0.915144
67	172	2.1451
67	176	0.84146
68	14	1.10507
68	18	0.956677
68	91	0.996822
68	96	1.00913
68	102	0.987862
68	108	1.00881
68	113	1.04769
68	122	1.1769
68	129	1.17402
68	132	1.0272
68	150	1.04745
68	161	0.926359
68	165	1.04698
68	167	1.45241
68	172	0.855817
68	173	1.58508
68	179	0.932892
69	35	1.77835
69	54	1.03217
69	55	1.12637
69	57	1.12344
69	65	1.12452
69	82	1.04029
69	83	1.11554
69	90	1.07078
69	93	1.05726
69	94	1.05723
69	121	0.916714
69	125	0.687602
69	127	1.10538
69	157	0.725787
69	160	1.04889
69	169	0.863997
69	171	1.48091
70	11	1.15817
70	30	0.966092
70	80	0.796355
70	99	0.835092
70	130	1.0107
70	132	0.825508
70	141	0.960611
70	152	1.04508
70	157	1.06349
70	162	0.631547
70	167	0.970897
70	169	1.03128
70	171	0.931532
70	172	0.88352
70	174	0.921814
70	177	0.934931
70	180	0.970661
71	13	0.860668
71	18	1.51429
71	41	0.848363
71	44	0.878792
71	97	1.14039
71	100	0.711339
71	118	1.00744
71	143	1.01389
71	152	1.04335
71	167	0.969166
71	169	1.02955
71	171	0.929801
71	173	0.955359
71	174	0.920084
71	175	0.975547
71	177	0.9332
71	180	0.96893
72	17	1.04679
72	26	1.07232
72	27	0.950254
72	61	1.05709
72	67	1.02109
72	75	0.988823
72	95	1.06034
72	97	0.804689
72	145	0.963402
72	151	0.963519
72	159	1.1096
72	161	0.923376
72	163	1.02843
72	167	1.38744
72	170	0.927774
72	172	2.19502
72	176	0.85409
73	8	1.04329
73	13	1.06517
73	23	1.00542
73	29	0.973296
73	59	0.926809
73	64	1.00958
73	74	0.961521
73	78	1.05594
73	80	1.0197
73	106	0.932143
73	147	1.00827
73	154	1.12898
73	155	1.00468
73	156	1.07381
73	170	1.28037
73	172	1.99072
73	178	0.903672
74	8	1.01799
74	13	1.03987
74	23	0.980117
74	29	0.947993
74	59	0.901507
74	64	0.984282
74	73	0.961521
74	78	1.03063
74	80	0.994397
74	105	0.862418
74	106	0.906841
74	127	0.977629
74	151	1.29781
74	155	0.979377
74	158	1.43876
74	161	1.43679
74	177	1.72642
74	178	0.87837
75	1	1.05554
75	17	1.00189
75	27	0.905354
75	48	0.747124
75	61	1.01219
75	67	0.976194
75	72	0.988823
75	95	1.01544
75	105	1.06023
75	132	0.979321
75	135	1.22357
75	143	1.41704
75	151	0.918619
75	158	1.5778
75	163	0.983533
75	170	0.882875
75	176	0.809191
75	180	1.52268
76	6	1.04471
76	15	0.942593
76	24	0.905119
76	31	0.978488
76	37	1.08088
76	43	0.941859
76	77	0.905877
76	101	1.03216
76	118	1.38609
76	149	1.24827
76	151	1.37167
76	158	0.893714
76	160	1.27206
76	162	1.01469
76	163	0.989804
76	166	1.03467
76	176	0.815462
76	180	1.4575
77	20	1.14392
77	57	0.955223
77	76	0.905877
77	89	0.914617
77	93	0.889038
77	94	0.889014
77	98	1.05583
77	112	1.31664
77	115	1.09063
77	138	0.963378
77	139	0.942158
77	163	0.939214
77	165	0.94974
77	166	0.984076
77	170	0.838556
77	174	0.80191
77	176	0.764872
77	180	0.850757
78	8	1.1124
78	23	1.07453
78	29	1.04241
78	59	0.995922
78	64	1.0787
78	73	1.05594
78	74	1.03063
78	80	1.08881
78	106	1.00126
78	127	1.07204
78	137	0.874933
78	144	1.05772
78	145	0.871614
78	154	1.24149
78	155	1.07379
78	158	1.31529
78	174	1.71099
78	178	0.972785
79	1	1.00961
79	63	0.752264
79	65	0.9596
79	107	0.938667
79	127	0.904667
79	139	1.04466
79	145	1.07037
79	157	1.04608
79	159	1.01447
79	165	1.05224
79	167	0.953492
79	169	1.01388
79	173	0.939684
79	174	0.904409
79	175	0.959873
79	177	0.917525
79	180	0.953255
80	8	1.07617
80	13	1.09805
80	23	1.0383
80	29	1.00617
80	59	0.959686
80	64	1.04246
80	70	0.796355
80	73	1.0197
80	74	0.994397
80	78	1.08881
80	106	0.96502
80	127	1.03581
80	129	1.14946
80	144	1.18991
80	146	1.32494
80	155	1.03756
80	159	1.15001
80	175	1.43244
80	178	0.936549
81	82	0.798624
81	85	0.8759
81	95	0.901435
81	100	0.730184
81	101	0.984207
81	129	0.970857
81	142	0.938036
81	145	1.048
81	147	0.973683
81	153	1.03615
81	164	0.946619
81	167	0.931129
81	169	0.991517
81	171	0.891764
81	173	0.917321
81	174	0.882046
81	175	0.93751
81	177	0.895163
81	180	0.930893
82	5	1.00973
82	54	0.880723
82	55	0.974923
82	60	0.968936
82	65	0.973075
82	69	1.04029
82	81	0.798624
82	83	0.964095
82	89	0.931395
82	90	0.919334
82	93	0.905816
82	94	0.905792
82	127	0.953941
82	137	0.975073
82	140	1.2808
82	160	0.897443
82	161	1.21522
82	172	2.00513
82	177	1.50486
83	5	1.08498
83	54	0.955976
83	55	1.05018
83	57	1.04725
83	60	1.04419
83	65	1.04833
83	69	1.11554
83	82	0.964095
83	89	1.00665
83	90	0.994587
83	93	0.981068
83	94	0.981044
83	105	0.682827
83	127	1.02919
83	147	1.06466
83	152	0.905767
83	156	1.1302
83	168	1.36046
83	176	2.20188
84	10	0.977467
84	12	0.983407
84	32	1.03093
84	34	1.02139
84	40	1.13473
84	45	1.00868
84	49	1.00017
84	52	1.05982
84	53	1.04743
84	86	1.03941
84	92	1.09328
84	118	1.32203
84	138	0.974057
84	152	1.09515
84	164	1.3754
84	165	1.02349
84	168	1.54985
84	170	0.946868
84	179	0.949003
85	48	0.463788
85	81	0.8759
85	107	1.04828
85	111	1.033
85	112	0.985312
85	114	1.02502
85	115	1.01875
85	116	1.05532
85	119	1.05948
85	120	1.055
85	124	1.03157
85	131	1.06329
85	133	1.04952
85	134	1.04948
85	141	1.38435
85	168	1.39576
85	170	1.37206
85	172	0.881468
85	179	1.29577
86	10	0.944965
86	12	0.950905
86	32	0.998426
86	34	0.988892
86	40	1.10223
86	45	0.976179
86	49	0.967671
86	52	1.02731
86	53	1.01493
86	84	1.03941
86	88	1.05815
86	92	1.06078
86	105	1.09172
86	106	1.31808
86	156	1.28968
86	160	1.1781
86	167	1.39901
86	170	0.914366
86	179	0.916501
86	180	1.36353
87	98	1.03996
87	107	1.02281
87	111	1.00753
87	112	0.959843
87	114	0.999548
87	115	0.99328
87	116	1.02985
87	119	1.03401
87	120	1.02953
87	124	1.0061
87	128	0.994936
87	130	1.19307
87	131	1.03782
87	133	1.02405
87	134	1.02401
87	142	1.49125
87	165	1.01421
87	168	1.54057
87	172	0.855998
87	180	1.38415
88	46	0.983273
88	50	1.15119
88	66	0.980037
88	86	1.05815
88	95	1.01817
88	96	1.15108
88	108	1.11746
88	136	0.890101
88	154	0.931941
88	155	0.985962
88	162	1.01115
88	163	0.986265
88	166	1.03113
88	167	0.898044
88	170	0.885607
88	171	0.858679
88	173	0.884236
88	176	0.811923
88	178	0.884955
88	180	0.897808
89	5	1.05228
89	54	0.923275
89	55	1.01748
89	57	1.01455
89	60	1.01149
89	65	1.01563
89	77	0.914617
89	82	0.931395
89	83	1.00665
89	90	0.961886
89	93	0.948368
89	94	0.948344
89	104	0.89303
89	109	0.978481
89	127	0.996494
89	137	1.01763
89	149	1.09906
89	160	0.939995
89	169	1.08135
89	171	1.69826
89	172	2.15134
90	5	1.04022
90	54	0.911215
90	55	1.00542
90	57	1.00249
90	60	0.999428
90	65	1.00357
90	69	1.07078
90	82	0.919334
90	83	0.994587
90	89	0.961886
90	93	0.936307
90	94	0.936283
90	121	0.957577
90	127	0.984433
90	137	1.00556
90	143	1.02615
90	154	1.11311
90	160	0.927934
90	170	1.26451
90	176	2.12962
90	177	1.47458
91	9	1.05861
91	33	1.10333
91	41	1.09349
91	56	1.01674
91	68	0.996822
91	96	0.966261
91	97	0.780083
91	101	1.0309
91	102	0.944995
91	108	0.965941
91	113	1.00483
91	123	1.09791
91	125	0.924027
91	136	0.892384
91	142	1.43445
91	161	0.883492
91	166	1.03341
91	172	0.81295
91	175	1.36742
91	176	2.32519
91	179	0.890024
92	10	0.998833
92	12	1.00477
92	32	1.05229
92	34	1.04276
92	40	1.15609
92	45	1.03005
92	49	1.02154
92	52	1.08118
92	53	1.06879
92	84	1.09328
92	86	1.06078
92	103	0.93527
92	105	1.14559
92	123	1.11229
92	135	1.04263
92	136	1.43614
92	144	1.13928
92	153	1.00412
92	170	0.968234
92	178	1.50337
92	179	0.970368
93	5	1.0267
93	54	0.897696
93	55	0.991897
93	57	0.988974
93	60	0.98591
93	65	0.990048
93	69	1.05726
93	77	0.889038
93	82	0.905816
93	83	0.981068
93	89	0.948368
93	90	0.936307
93	94	0.922765
93	127	0.970915
93	137	0.992046
93	148	1.81819
93	156	1.23797
93	158	1.36694
93	160	0.914416
93	164	1.29379
93	169	1.08488
93	170	1.44453
94	5	1.02668
94	54	0.897673
94	55	0.991873
94	57	0.98895
94	60	0.985886
94	65	0.990024
94	69	1.05723
94	77	0.889014
94	82	0.905792
94	83	0.981044
94	89	0.948344
94	90	0.936283
94	93	0.922765
94	127	0.970891
94	137	0.992022
94	145	1.07368
94	157	1.0971
94	160	0.914392
94	164	1.44421
94	165	1.0923
94	168	1.61866
94	174	1.91306
95	1	1.12706
95	17	1.07341
95	26	1.09894
95	27	0.976872
95	61	1.0837
95	67	1.04771
95	72	1.06034
95	75	1.01544
95	81	0.901435
95	88	1.01817
95	132	1.05084
95	144	1.06242
95	146	1.19745
95	151	0.990137
95	159	1.02252
95	161	0.949994
95	163	1.05505
95	170	0.954392
95	175	1.30494
95	176	0.880708
95	178	1.42651
95	179	1.32131
96	9	1.07092
96	18	0.926116
96	33	1.11564
96	41	1.1058
96	68	1.00913
96	88	1.15108
96	91	0.966261
96	101	1.04321
96	102	0.957301
96	108	0.978247
96	113	1.01713
96	126	1.3512
96	132	0.996642
96	136	0.90469
96	139	1.14401
96	150	1.01688
96	154	1.43777
96	157	1.09131
96	161	0.895798
96	165	1.08651
96	166	1.04572
96	170	1.58917
96	172	0.825256
96	179	0.90233
97	13	0.695685
97	71	1.14039
97	72	0.804689
97	91	0.780083
97	123	1.06634
97	124	0.766982
97	131	0.832232
97	139	1.10909
97	149	1.05602
97	152	1.0921
97	156	1.03837
97	157	1.11051
97	159	1.0789
97	162	0.680289
97	163	0.688932
97	164	1.03341
97	166	0.577787
97	169	1.07831
97	171	0.978557
97	173	1.00411
97	174	0.96884
97	175	1.0243
97	177	0.981956
97	180	1.01769
98	77	1.05583
98	87	1.03996
98	100	1.13933
98	105	0.820564
98	107	1.02272
98	111	1.00744
98	112	0.959755
98	114	0.999461
98	115	0.993193
98	116	1.02976
98	119	1.03392
98	120	1.02945
98	121	1.16757
98	124	1.00601
98	131	1.03773
98	133	1.02396
98	134	1.02392
98	146	1.27436
98	151	0.966596
98	170	1.4745
98	172	0.855911
98	179	1.39821
98	180	1.34179
99	2	1.0783
99	30	0.966673
99	36	0.892871
99	42	0.962007
99	50	0.950381
99	58	0.920968
99	63	1.01472
99	66	1.00299
99	70	0.835092
99	105	0.909889
99	111	0.985155
99	119	1.01163
99	120	1.00716
99	122	1.19108
99	133	1.00167
99	134	1.00163
99	147	1.29172
99	155	1.00892
99	156	1.35726
99	162	1.0341
99	166	1.05408
99	177	1.77389
99	178	0.90791
99	179	1.48754
100	71	0.711339
100	81	0.730184
100	98	1.13933
100	107	1.12218
100	111	1.1069
100	112	1.05921
100	114	1.09892
100	115	1.09265
100	116	1.12922
100	119	1.13337
100	120	1.1289
100	124	1.10547
100	131	1.13719
100	133	1.12342
100	134	1.12338
100	149	0.884408
100	169	0.866695
100	170	1.22635
100	172	0.955366
100	175	1.13369
100	177	1.43642
100	178	1.25526
101	21	0.947304
101	39	1.03659
101	43	1.01755
101	50	1.00666
101	58	0.977244
101	63	1.071
101	76	1.03216
101	81	0.984207
101	91	1.0309
101	96	1.04321
101	108	1.04289
101	113	1.08177
101	125	0.944324
101	139	1.03521
101	143	1.24201
101	146	1.28023
101	147	1.20827
101	153	1.01004
101	155	1.06519
101	162	1.09038
101	163	1.0655
101	166	1.11036
101	176	0.891154
101	177	1.69044
101	179	0.966972
102	9	1.04965
102	14	1.05324
102	18	0.90485
102	33	1.09437
102	41	1.08453
102	48	0.709705
102	56	1.00778
102	68	0.987862
102	91	0.944995
102	96	0.957301
102	108	0.956981
102	113	0.995867
102	121	1.31105
102	132	0.975376
102	136	0.883424
102	145	1.0967
102	146	1.41784
102	150	0.995618
102	160	1.29983
102	161	0.874532
102	166	1.02445
102	168	1.64168
102	172	0.80399
102	178	1.64689
102	179	0.881064
103	17	0.88168
103	45	1.10915
103	53	0.752794
103	92	0.93527
103	106	0.975359
103	109	1.084
103	112	1.19612
103	122	1.03664
103	123	1.0084
103	126	1.01678
103	128	1.04241
103	132	1.01506
103	142	0.966884
103	161	0.943141
103	162	0.821096
103	164	0.975467
103	169	1.02036
103	171	0.920612
103	173	0.946169
103	174	0.910894
103	175	0.966358
103	176	0.873856
103	177	0.924011
103	179	0.949674
103	180	0.959741
104	30	1.14686
104	40	0.896036
104	52	1.04552
104	89	0.89303
104	107	0.916389
104	116	0.985872
104	117	1.0441
104	121	1.00002
104	138	1.05447
104	140	0.955874
104	143	0.98681
104	145	1.05896
104	149	0.980176
104	152	1.01626
104	153	1.04711
104	162	0.812311
104	164	0.957572
104	165	1.04083
104	171	0.902717
104	174	0.892999
104	175	0.948463
104	176	0.855961
104	177	0.906116
104	179	0.931779
104	180	0.941846
105	10	1.02978
105	53	1.09974
105	66	1.00409
105	67	1.0925
105	74	0.862418
105	75	1.06023
105	83	0.682827
105	86	1.09172
105	92	1.14559
105	98	0.820564
105	99	0.909889
105	108	0.901622
105	124	0.793036
105	134	0.696887
105	151	1.03492
105	156	1.03206
105	161	0.99478
105	170	0.999178
105	171	0.97225
105	173	0.997807
105	174	0.962532
105	175	1.018
105	176	0.925494
105	179	1.00131
105	180	1.01138
106	4	1.15206
106	5	1.30294
106	22	1.25979
106	27	1.65333
106	53	1.11381
106	59	0.87213
106	73	0.932143
106	74	0.906841
106	78	1.00126
106	80	0.96502
106	86	1.31808
106	103	0.975359
106	107	0.941518
106	114	0.918254
106	124	0.924804
106	128	0.944517
106	131	0.956528
106	133	0.942755
106	134	0.942715
106	139	0.953247
106	167	0.862081
106	171	0.822716
106	172	0.774704
106	175	0.868463
106	178	0.848992
106	180	0.861845
107	79	0.938667
107	85	1.04828
107	87	1.02281
107	98	1.02272
107	100	1.12218
107	104	0.916389
107	106	0.941518
107	111	0.990292
107	112	0.942603
107	114	0.982309
107	115	0.976041
107	116	1.01261
107	119	1.01677
107	120	1.01229
107	124	0.988859
107	130	1.14056
107	131	1.02058
107	133	1.00681
107	134	1.00677
107	143	1.226
107	150	1.03039
107	160	0.955808
107	161	1.38479
107	165	0.961696
107	172	0.838759
107	177	1.67443
107	178	1.49327
108	9	1.0706
108	14	1.07418
108	18	0.925795
108	33	1.11532
108	41	1.10548
108	56	1.02873
108	68	1.00881
108	88	1.11746
108	91	0.965941
108	96	0.978247
108	101	1.04289
108	102	0.956981
108	105	0.901622
108	113	1.01681
108	130	1.23176
108	132	0.996322
108	136	0.90437
108	150	1.01656
108	151	1.33702
108	153	1.08523
108	161	0.895478
108	165	1.0529
108	166	1.0454
108	170	1.55556
108	172	0.824936
108	179	0.90201
108	180	1.42284
109	7	1.02095
109	14	0.96834
109	19	1.00019
109	33	0.963878
109	41	0.900853
109	46	0.958852
109	89	0.978481
109	103	1.084
109	140	0.984513
109	141	0.960434
109	143	1.01545
109	144	1.0508
109	145	1.0876
109	155	0.886001
109	159	1.0317
109	163	0.906405
109	164	0.98621
109	165	1.06947
109	167	0.97072
109	168	0.969832
109	171	0.931355
109	173	0.956913
109	174	0.921638
109	175	0.977101
109	177	0.934754
109	178	0.957631
109	180	0.970484
110	40	1.05967
110	58	0.98764
110	127	1.04602
110	129	0.969684
110	134	0.966489
110	139	1.02112
110	142	0.936864
110	143	0.974684
110	145	1.04683
110	148	0.895427
110	149	0.96805
110	150	0.839286
110	154	0.963853
110	155	0.964185
110	164	0.945446
110	165	1.0287
110	166	0.873443
110	167	0.929956
110	168	0.929068
110	169	0.990344
110	171	0.890591
110	173	0.916148
110	174	0.880873
110	175	0.936337
110	176	0.843835
110	177	0.89399
110	180	0.92972
111	85	1.033
111	87	1.00753
111	98	1.00744
111	99	0.985155
111	100	1.1069
111	107	0.990292
111	112	0.927322
111	114	0.967028
111	115	0.96076
111	116	0.99733
111	119	1.00149
111	120	0.997013
111	123	1.2486
111	124	0.973578
111	131	1.0053
111	133	0.991528
111	134	0.991489
111	136	1.57245
111	138	1.05867
111	149	1.26883
111	150	1.01511
111	158	0.902986
111	160	0.940527
111	161	1.5312
111	165	1.1081
111	169	1.25111
111	172	0.823478
111	175	1.51811
112	77	1.31664
112	85	0.985312
112	87	0.959843
112	98	0.959755
112	100	1.05921
112	103	1.19612
112	107	0.942603
112	111	0.927322
112	114	0.919339
112	115	0.913071
112	116	0.949641
112	119	0.953799
112	120	0.949325
112	124	0.925889
112	131	0.957614
112	133	0.94384
112	134	0.9438
112	135	0.947363
112	149	1.39337
112	150	0.967417
112	151	0.886474
112	152	1.30431
112	157	1.23744
112	158	0.855297
112	160	0.892838
112	167	1.63807
112	172	0.775789
112	179	1.65902
113	9	1.10948
113	14	1.11307
113	18	0.964682
113	33	1.15421
113	41	1.14437
113	56	1.06761
113	68	1.04769
113	91	1.00483
113	96	1.01713
113	101	1.08177
113	102	0.995867
113	108	1.01681
113	118	1.21637
113	129	1.04486
113	132	1.03521
113	135	0.988665
113	136	0.943256
113	137	0.902531
113	142	1.39487
113	146	1.22035
113	150	1.05545
113	161	0.934364
113	166	1.08428
113	167	1.32325
113	168	1.44419
113	172	0.863822
113	179	0.940896
113	180	1.28777
114	3	0.91656
114	85	1.02502
114	87	0.999548
114	98	0.999461
114	100	1.09892
114	106	0.918254
114	107	0.982309
114	111	0.967028
114	112	0.919339
114	115	0.952777
114	116	0.989347
114	119	0.993504
114	120	0.98903
114	124	0.965595
114	131	0.997319
114	133	0.983545
114	134	0.983506
114	135	0.987068
114	137	1.08515
114	156	1.39654
114	157	1.10525
114	158	0.895003
114	159	1.22803
114	160	0.932544
114	161	1.52354
114	169	1.24346
114	172	0.815495
114	177	1.81318
114	180	1.4704
115	3	0.910291
115	77	1.09063
115	85	1.01875
115	87	0.99328
115	98	0.993193
115	100	1.09265
115	107	0.976041
115	111	0.96076
115	112	0.913071
115	114	0.952777
115	116	0.983079
115	119	0.987236
115	120	0.982762
115	124	0.959327
115	131	0.991051
115	133	0.977277
115	134	0.977238
115	135	0.9808
115	137	0.991337
115	141	1.52158
115	148	1.88295
115	149	1.16736
115	150	1.00085
115	151	0.919912
115	153	1.03896
115	160	0.926276
115	170	1.5093
115	172	0.809227
115	180	1.37658
116	3	0.946861
116	7	0.813585
116	85	1.05532
116	87	1.02985
116	98	1.02976
116	100	1.12922
116	104	0.985872
116	107	1.01261
116	111	0.99733
116	112	0.949641
116	114	0.989347
116	115	0.983079
116	119	1.02381
116	120	1.01933
116	124	0.995897
116	131	1.02762
116	133	1.01385
116	134	1.01381
116	135	1.01737
116	145	1.01256
116	149	1.1919
116	150	1.03742
116	151	0.956482
116	158	0.925305
116	161	1.45427
116	165	1.03118
116	167	1.4366
116	169	1.17419
116	171	1.7911
116	172	0.845797
117	21	1.40201
117	28	1.04418
117	33	0.851889
117	55	1.00664
117	104	1.0441
117	118	0.986985
117	122	1.02538
117	126	1.00551
117	132	0.979735
117	136	0.940771
117	139	1.03988
117	149	0.986807
117	152	1.02289
117	155	0.774012
117	156	0.969159
117	158	0.940844
117	159	1.00969
117	160	0.978385
117	162	0.785773
117	163	0.794416
117	164	0.964203
117	168	0.947825
117	171	0.909348
117	172	0.861336
117	173	0.934906
117	174	0.899631
117	175	0.955095
117	177	0.912747
117	180	0.948477
118	47	0.956622
118	55	1.37702
118	56	1.04976
118	71	1.00744
118	76	1.38609
118	84	1.32203
118	113	1.21637
118	117	0.986985
118	120	1.07083
118	121	0.94291
118	122	0.961638
118	129	0.924698
118	130	0.924774
118	141	0.874684
118	142	0.891878
118	147	0.927525
118	150	1.0195
118	151	0.908278
118	153	0.989996
118	154	0.918867
118	156	0.905416
118	167	0.88497
118	169	0.945358
118	173	0.871162
118	174	0.835887
118	175	0.891351
118	177	0.849004
118	178	0.871881
118	179	0.874667
118	180	0.884734
119	3	0.951019
119	85	1.05948
119	87	1.03401
119	98	1.03392
119	99	1.01163
119	100	1.13337
119	107	1.01677
119	111	1.00149
119	112	0.953799
119	114	0.993504
119	115	0.987236
119	116	1.02381
119	120	1.02349
119	124	1.00005
119	126	1.25417
119	130	1.16834
119	131	1.03178
119	133	1.018
119	134	1.01797
119	145	0.970864
119	151	0.960639
119	153	1.02181
119	158	0.929462
119	160	0.967003
119	164	1.3414
119	172	0.849954
119	173	1.52758
119	175	1.39949
119	179	1.41585
119	180	1.35943
120	3	0.946545
120	85	1.055
120	87	1.02953
120	98	1.02945
120	99	1.00716
120	100	1.1289
120	107	1.01229
120	111	0.997013
120	112	0.949325
120	114	0.98903
120	115	0.982762
120	116	1.01933
120	118	1.07083
120	119	1.02349
120	124	0.99558
120	126	1.03699
120	131	1.0273
120	133	1.01353
120	134	1.01349
120	136	1.23664
120	148	1.64861
120	150	1.03711
120	152	0.843959
120	158	0.924988
120	160	0.962529
120	171	1.53221
120	172	0.84548
120	173	1.31039
120	178	1.30387
120	179	1.19867
121	15	1.59304
121	16	1.0367
121	53	0.985044
121	69	0.916714
121	90	0.957577
121	98	1.16757
121	102	1.31105
121	104	1.00002
121	118	0.94291
121	123	0.953062
121	125	1.03887
121	128	0.987075
121	135	0.988835
121	140	0.918432
121	143	0.949368
121	144	0.984717
121	145	1.02152
121	147	0.947194
121	153	1.00967
121	156	0.925085
121	157	0.997232
121	163	1.06199
121	168	0.903751
121	169	0.965027
121	170	0.892202
121	171	0.865274
121	174	0.855557
121	175	0.91102
121	177	0.868673
121	178	0.89155
121	180	0.904403
122	4	0.957485
122	35	0.870653
122	57	1.02446
122	68	1.1769
122	99	1.19108
122	103	1.03664
122	117	1.02538
122	118	0.961638
122	123	0.971789
122	126	0.980166
122	130	0.96317
122	133	1.02978
122	138	1.03575
122	141	0.91308
122	146	0.945321
122	150	0.850878
122	152	0.997547
122	154	0.957263
122	155	0.975777
122	156	0.943812
122	157	1.01596
122	163	0.996181
122	164	0.938857
122	168	0.922479
122	169	0.983755
122	171	0.884001
122	172	0.83599
122	174	0.874284
122	176	0.837246
122	177	0.887401
122	180	0.923131
123	28	1.25652
123	43	1.37787
123	46	1.0592
123	61	1.19459
123	91	1.09791
123	92	1.11229
123	97	1.06634
123	103	1.0084
123	111	1.2486
123	121	0.953062
123	122	0.971789
123	125	1.02936
123	141	0.884835
123	142	0.902029
123	143	0.93985
123	145	1.012
123	146	0.917076
123	152	0.969302
123	153	1.00015
123	155	0.986353
123	158	0.887252
123	160	0.924793
123	164	0.910611
123	165	0.993868
123	168	0.894233
123	169	0.955509
123	171	0.855756
123	174	0.846039
123	175	0.901503
123	176	0.809
123	177	0.859155
123	180	0.894885
124	3	0.92311
124	85	1.03157
124	87	1.0061
124	97	0.766982
124	98	1.00601
124	100	1.10547
124	105	0.793036
124	106	0.924804
124	107	0.988859
124	111	0.973578
124	112	0.925889
124	114	0.965595
124	115	0.959327
124	116	0.995897
124	119	1.00005
124	120	0.99558
124	131	1.00387
124	133	0.990095
124	134	0.990056
124	135	0.993618
124	150	1.01367
124	151	0.93273
124	156	1.2404
124	158	0.901553
124	160	0.939094
124	164	1.29623
124	165	0.944311
124	169	1.08732
124	172	0.822045
124	174	1.76507
124	176	2.31208
124	180	1.31426
125	15	1.36393
125	33	0.89035
125	60	1.00507
125	62	0.979297
125	69	0.687602
125	91	0.924027
125	101	0.944324
125	121	1.03887
125	123	1.02936
125	126	1.03773
125	129	1.02066
125	133	0.866475
125	140	0.994725
125	142	0.987841
125	143	1.02566
125	144	1.06101
125	145	1.09781
125	150	0.687574
125	156	1.00138
125	157	1.07353
125	164	0.996423
125	165	1.07968
125	166	0.721731
125	167	0.980933
125	168	0.980045
125	169	1.04132
125	171	0.941568
125	172	0.893556
125	173	0.967125
125	174	0.93185
125	175	0.987314
125	177	0.944967
125	180	0.980697
126	8	0.893871
126	44	1.15583
126	51	1.25531
126	96	1.3512
126	103	1.01678
126	117	1.00551
126	119	1.25417
126	120	1.03699
126	122	0.980166
126	125	1.03773
126	139	0.994664
126	140	0.917291
126	141	0.893212
126	143	0.948227
126	146	0.925453
126	150	0.985651
126	153	1.00852
126	157	0.996091
126	159	0.964476
126	162	1.12231
126	164	0.918988
126	167	0.903499
126	168	0.90261
126	169	0.963886
126	171	0.864133
126	173	0.889691
126	174	0.854416
126	175	0.90988
126	176	0.817377
126	177	0.867532
126	178	0.890409
126	180	0.903262
127	8	1.0594
127	29	0.989404
127	38	0.974627
127	44	0.95605
127	47	0.849172
127	59	0.942918
127	62	1.01112
127	69	1.10538
127	74	0.977629
127	78	1.07204
127	79	0.904667
127	80	1.03581
127	82	0.953941
127	83	1.02919
127	89	0.996494
127	90	0.984433
127	93	0.970915
127	94	0.970891
127	110	1.04602
127	137	1.04017
127	138	0.878266
127	140	1.41637
127	143	1.192
127	148	1.80401
127	150	1.03712
127	155	1.02079
127	157	0.932497
127	160	0.962542
127	162	1.04597
127	163	1.02109
127	167	1.33312
127	170	1.43036
127	178	0.919781
128	18	1.50737
128	19	0.940777
128	36	1.52535
128	37	0.76322
128	46	0.899437
128	49	1.1041
128	52	1.07155
128	87	0.994936
128	103	1.04241
128	106	0.944517
128	121	0.987075
128	140	0.942927
128	142	0.936042
128	143	0.973863
128	145	1.04601
128	146	0.951088
128	149	0.967228
128	152	1.00331
128	153	1.03416
128	154	0.963031
128	155	0.826587
128	156	0.94958
128	159	0.990112
128	165	1.02788
128	167	0.929134
128	168	0.928246
128	169	0.989522
128	171	0.889769
128	173	0.915327
128	175	0.935515
128	177	0.893168
128	179	0.918832
128	180	0.928898
129	3	1.38236
129	20	1.18696
129	31	1.37434
129	35	0.833714
129	68	1.17402
129	80	1.14946
129	81	0.970857
129	110	0.969684
129	113	1.04486
129	118	0.924698
129	125	1.02066
129	130	0.926231
129	132	1.17861
129	138	0.998812
129	139	0.977592
129	140	0.90022
129	144	0.966505
129	145	1.0033
129	146	0.908382
129	147	0.928982
129	149	0.924521
129	156	0.906873
129	157	0.97902
129	158	0.878558
129	166	0.88215
129	167	0.886427
129	168	0.885539
129	169	0.946815
129	173	0.87262
129	175	0.892809
129	177	0.850461
129	178	0.873338
129	180	0.886191
130	70	1.0107
130	87	1.19307
130	107	1.14056
130	108	1.23176
130	118	0.924774
130	119	1.16834
130	122	0.96317
130	129	0.926231
130	133	1.07872
130	134	1.02702
130	135	0.970699
130	138	0.998888
130	142	0.89341
130	144	0.966581
130	145	1.00338
130	147	0.929057
130	152	0.960683
130	154	0.920399
130	155	1.02472
130	157	0.979095
130	159	0.94748
130	161	0.869668
130	164	0.901993
130	166	0.933978
130	167	0.886503
130	168	0.885615
130	169	0.946891
130	171	0.847138
130	173	0.872695
130	174	0.83742
130	175	0.892884
130	177	0.850537
130	180	0.886267
131	3	0.954834
131	85	1.06329
131	87	1.03782
131	97	0.832232
131	98	1.03773
131	100	1.13719
131	106	0.956528
131	107	1.02058
131	111	1.0053
131	112	0.957614
131	114	0.997319
131	115	0.991051
131	116	1.02762
131	119	1.03178
131	120	1.0273
131	124	1.00387
131	133	1.02182
131	134	1.02178
131	135	1.02534
131	137	0.994264
131	144	1.17705
131	146	1.31208
131	150	1.0454
131	151	0.964454
131	157	1.01436
131	158	0.933277
131	160	0.970818
131	165	1.00956
131	169	1.15257
131	171	1.76948
131	172	0.853769
131	173	1.54766
131	178	1.54114
132	1	1.09094
132	17	1.03729
132	19	1.04197
132	22	1.02399
132	27	0.940751
132	38	0.972465
132	44	0.953888
132	46	1.1671
132	51	0.938666
132	68	1.0272
132	70	0.825508
132	75	0.979321
132	95	1.05084
132	96	0.996642
132	102	0.975376
132	103	1.01506
132	108	0.996322
132	113	1.03521
132	117	0.979735
132	129	1.17861
132	139	1.10908
132	141	1.56653
132	150	1.03496
132	153	1.08391
132	157	1.05638
132	161	0.913873
132	162	1.04381
132	163	1.01893
132	169	1.19459
132	170	0.918271
132	171	1.8115
132	172	0.843331
132	176	0.844587
132	179	0.920406
133	3	0.94106
133	85	1.04952
133	87	1.02405
133	98	1.02396
133	99	1.00167
133	100	1.12342
133	106	0.942755
133	107	1.00681
133	111	0.991528
133	112	0.94384
133	114	0.983545
133	115	0.977277
133	116	1.01385
133	119	1.018
133	120	1.01353
133	122	1.02978
133	124	0.990095
133	125	0.866475
133	130	1.07872
133	131	1.02182
133	134	1.00801
133	135	1.01157
133	137	0.884563
133	140	1.38853
133	150	1.03162
133	151	0.95068
133	156	1.19595
133	158	0.919503
133	160	0.957044
133	164	1.25178
133	172	0.839995
133	173	1.43796
133	174	1.72062
133	180	1.26981
134	3	0.941021
134	85	1.04948
134	87	1.02401
134	98	1.02392
134	99	1.00163
134	100	1.12338
134	105	0.696887
134	106	0.942715
134	107	1.00677
134	110	0.966489
134	111	0.991489
134	112	0.9438
134	114	0.983506
134	115	0.977238
134	116	1.01381
134	119	1.01797
134	120	1.01349
134	124	0.990056
134	130	1.02702
134	131	1.02178
134	133	1.00801
134	135	1.01153
134	139	0.905662
134	140	1.33683
134	150	1.03158
134	151	0.950641
134	158	0.919464
134	160	0.957005
134	171	1.60808
134	172	0.839956
134	173	1.38626
134	175	1.25817
134	177	1.56089
134	178	1.37974
135	5	1.04928
135	8	0.700015
135	23	1.0128
135	28	1.02946
135	31	1.31815
135	36	0.902767
135	40	1.01218
135	42	0.971903
135	54	1.21256
