1	115	0.8831
1	119	1.05785
1	134	0.916276
1	160	1.04846
1	161	1.04654
1	163	0.91418
1	168	1.05426
1	172	1.044
1	173	1.04539
1	175	1.0578
1	176	1.04569
1	178	0.891065
2	146	1.15904
2	147	0.933195
2	158	0.935358
2	159	0.909817
2	161	0.932492
2	167	0.952463
2	172	0.929945
2	173	0.931337
2	175	0.943751
2	176	0.931642
2	178	1.21232
2	180	1.23481
3	25	0.954822
3	41	0.917895
3	75	1.03311
3	113	0.911892
3	125	1.23382
3	129	0.869368
3	131	0.906545
3	133	0.932378
3	138	1.17911
3	165	0.941523
3	168	1.19205
3	170	0.932464
4	112	1.03836
4	129	1.04143
4	146	0.80922
4	149	1.03731
4	158	1.05688
4	160	1.05594
4	161	1.05402
4	166	0.895062
4	172	1.05147
4	173	1.05286
4	176	1.05317
4	178	0.862496
5	111	1.03579
5	130	0.987222
5	142	1.04861
5	143	1.06684
5	145	1.01795
5	154	0.818471
5	157	1.06106
5	169	0.886329
5	170	1.05827
5	171	1.05167
5	178	1.05982
5	179	0.916205
6	83	0.922306
6	119	0.944114
6	149	0.916096
6	153	0.94368
6	160	0.934725
6	161	0.932804
6	162	1.20477
6	170	1.21436
6	172	0.930257
6	175	0.944064
6	176	0.931954
6	177	1.18368
7	8	1.02179
7	38	1.02253
7	79	0.866057
7	88	0.945738
7	126	1.04391
7	149	1.03874
7	153	1.06632
7	164	0.771233
7	172	1.0529
7	173	1.05429
7	175	1.06671
7	176	1.0546
8	7	1.02179
8	15	0.992889
8	26	0.939051
8	57	1.32024
8	104	0.90292
8	137	1.25364
8	154	0.94961
8	163	0.920478
8	177	0.935081
8	178	0.922814
8	179	0.918578
8	180	0.918578
9	34	0.782565
9	105	1.08165
9	127	1.07224
9	147	1.04686
9	149	1.02945
9	150	0.989247
9	159	1.02348
9	172	1.04361
9	175	1.05741
9	176	1.0453
9	177	0.900765
9	180	0.936312
10	57	1.00506
10	91	0.999772
10	150	0.952254
10	160	1.06302
10	164	0.88893
10	167	1.08107
10	171	0.900134
10	172	1.05855
10	173	1.05994
10	175	1.07235
10	176	1.06025
10	177	0.863772
11	47	0.927946
11	51	0.889111
11	92	1.13758
11	124	0.94032
11	141	0.950452
11	144	0.941049
11	154	1.19999
11	157	0.941138
11	164	1.26901
11	170	0.938346
11	171	0.931744
11	178	0.939894
12	105	0.82096
12	124	0.933322
12	148	1.03993
12	151	1.06228
12	158	0.926926
12	162	1.05257
12	166	1.04881
12	174	1.04809
12	175	0.912101
12	177	1.06044
12	179	1.04394
12	180	1.04394
13	128	1.02643
13	146	1.07017
13	153	0.859858
13	164	1.04958
13	168	1.0574
13	170	0.901441
13	172	0.919911
13	174	1.04809
13	176	0.91205
13	177	1.06045
13	179	1.04394
13	180	1.04394
14	112	0.916894
14	132	1.19208
14	147	0.933249
14	160	0.934467
14	161	0.932546
14	166	1.22174
14	169	0.945952
14	172	0.929999
14	173	0.931392
14	174	1.19252
14	175	0.943805
14	176	0.931696
15	8	0.992889
15	97	0.921435
15	129	1.00781
15	150	1.04895
15	155	1.077
15	156	1.05525
15	158	0.892649
15	168	1.08167
15	173	0.900528
15	175	0.877825
15	179	1.06822
15	180	1.06822
16	44	0.952207
16	56	1.09292
16	88	1.00368
16	98	1.04502
16	103	1.09501
16	113	1.02358
16	125	0.863616
16	128	0.930183
16	148	0.862799
16	153	1.05808
16	170	1.04416
16	171	1.03755
17	63	0.855691
17	131	0.980524
17	137	0.902725
17	146	1.07196
17	148	1.04172
17	156	1.03277
17	165	0.853597
17	174	1.04988
17	177	1.06224
17	178	1.04997
17	179	1.04573
17	180	1.04573
18	52	1.10095
18	108	0.935066
18	146	0.953492
18	147	1.22907
18	149	1.26431
18	156	0.914302
18	162	0.935903
18	174	0.931418
18	177	0.943773
18	178	0.931506
18	179	0.927271
18	180	0.927271
19	83	1.19442
19	133	1.16709
19	137	1.23252
19	151	0.942667
19	154	0.955358
19	156	0.911357
19	166	0.929196
19	169	0.943468
19	174	0.928474
19	177	0.940829
19	179	0.924326
19	180	0.924326
20	33	0.905543
20	35	1.21547
20	73	0.932913
20	75	1.02083
20	97	0.929277
20	124	0.922159
20	134	0.932534
20	136	1.1894
20	157	0.922977
20	170	0.920184
20	171	0.913582
20	180	1.20343
21	36	1.01132
21	53	1.06833
21	148	1.0029
21	155	1.01569
21	163	1.00881
21	164	1.01254
21	166	1.01178
21	167	0.870782
21	174	1.01105
21	176	0.942607
21	177	1.02341
21	179	1.00691
21	180	1.00691
22	52	1.05501
22	54	1.03347
22	97	1.00839
22	103	1.05016
22	144	1.002
22	145	0.958977
22	156	1.00811
22	157	1.00209
22	165	1.00836
22	167	1.02232
22	168	0.90399
22	169	0.960078
22	171	0.992697
23	69	0.965528
23	108	1.00874
23	143	0.953824
23	151	1.01929
23	153	0.960005
23	154	1.03198
23	155	1.00973
23	166	1.00582
23	174	1.00509
23	176	1.0122
23	177	1.01745
23	179	1.00095
23	180	1.00095
24	54	0.961308
24	70	1.03604
24	76	0.998326
24	132	0.951101
24	147	1.01567
24	158	1.01783
24	159	0.992294
24	168	1.02269
24	173	1.01381
24	175	1.02623
24	176	1.01412
24	179	0.989027
24	180	0.970697
25	3	0.954822
25	32	1.04138
25	118	0.967078
25	127	0.926423
25	131	0.995721
25	132	0.975417
25	134	1.03399
25	140	0.988091
25	153	1.03556
25	157	1.02443
25	165	1.0307
25	170	1.02164
25	171	1.01504
26	8	0.939051
26	79	1.02386
26	101	0.958286
26	150	0.995108
26	154	1.04541
26	158	0.925859
26	159	0.986974
26	162	1.02301
26	166	1.01925
26	174	1.01853
26	177	1.03088
26	179	1.01438
26	180	1.01438
27	91	1.09669
27	104	0.989216
27	113	0.978478
27	127	1.0367
27	155	1.01366
27	162	1.01351
27	163	1.00677
27	167	0.878571
27	173	0.938959
27	174	1.00902
27	177	1.02138
27	179	1.00487
27	180	1.00487
28	42	0.853264
28	62	0.962159
28	78	0.996947
28	112	1.02858
28	141	1.02497
28	151	1.02852
28	152	1.00787
28	160	1.01377
28	166	1.01504
28	177	1.02668
28	178	1.01441
28	179	1.01017
28	180	1.01017
29	96	1.01541
29	124	1.01367
29	139	0.951279
29	143	1.02028
29	145	0.971378
29	157	1.01449
29	167	1.03472
29	168	0.941383
29	170	1.0117
29	171	1.0051
29	172	1.02263
29	175	0.980625
29	178	1.01325
30	37	0.894053
30	51	1.04224
30	73	1.10421
30	80	0.848428
30	96	1.09519
30	108	0.83933
30	144	1.09418
30	157	1.09427
30	164	0.812745
30	165	1.10054
30	169	0.811587
30	170	1.09148
30	171	1.08487
30	178	1.09302
31	95	1.0273
31	96	1.06226
31	154	1.00287
31	155	0.980622
31	156	0.958868
31	159	1.07996
31	162	0.98047
31	164	0.977474
31	166	0.976707
31	169	0.990979
31	173	1.02672
31	177	0.98834
31	179	0.971837
31	180	0.971837
32	25	1.04138
32	120	1.07523
32	122	1.05422
32	126	1.02161
32	150	0.957509
32	151	0.995122
32	152	0.974481
32	162	0.985414
32	163	0.978682
32	174	0.980929
32	177	0.993284
32	178	0.981017
32	179	0.976781
32	180	0.976781
33	20	0.905543
33	92	1.00883
33	107	1.01971
33	121	1.02342
33	128	0.964439
33	154	1.07124
33	155	1.10519
33	165	0.993699
33	168	0.995408
33	170	0.984641
33	171	0.978039
33	172	0.985142
33	173	0.986535
33	176	0.986839
34	9	0.782565
34	70	0.85044
34	109	0.851438
34	136	1.07767
34	148	1.08311
34	151	1.10546
34	156	1.07415
34	163	1.08902
34	164	1.09275
34	172	0.874799
34	175	0.832798
34	177	1.10362
34	179	1.08712
34	180	1.08712
35	20	1.21547
35	52	0.854707
35	94	1.00588
35	132	0.980057
35	140	1.11557
35	149	0.965181
35	154	1.00719
35	159	0.959215
35	160	0.983811
35	163	0.978054
35	175	0.99315
35	176	0.98104
35	179	0.976154
35	180	0.976154
36	21	1.01132
36	51	0.944966
36	53	0.955183
36	114	0.950046
36	116	0.965392
36	143	1.00278
36	145	0.95388
36	150	1.14234
36	157	0.996994
36	165	1.00326
36	170	0.994201
36	171	0.987599
36	176	1.09515
36	178	0.995749
37	30	0.894053
37	41	1.11024
37	138	0.994569
37	142	1.10568
37	158	0.980327
37	162	0.980358
37	168	0.98518
37	171	1.08667
37	172	0.974914
37	174	0.975872
37	175	0.98872
37	176	0.976611
37	179	0.971725
37	180	0.971725
38	7	1.02253
38	68	1.02897
38	130	0.95724
38	136	1.05419
38	139	0.995591
38	159	0.949786
38	163	1.06885
38	164	1.05784
38	167	0.992432
38	169	0.985867
38	172	0.969914
38	173	0.971307
38	175	0.983721
38	176	0.971612
39	59	0.965246
39	88	1.04974
39	89	0.89823
39	109	1.09628
39	123	0.777622
39	124	1.09218
39	128	0.805402
39	133	1.09012
39	144	1.09291
39	153	1.10413
39	165	1.09927
39	171	1.08361
39	178	1.09176
39	180	0.764702
40	99	1.0295
40	104	1.07987
40	106	1.02337
40	125	0.97881
40	149	0.961745
40	152	1.0599
40	158	0.981319
40	159	0.955778
40	161	0.978453
40	172	0.975906
40	173	0.977299
40	175	0.989713
40	176	0.977604
40	180	1.03954
41	3	0.917895
41	37	1.11024
41	107	1.01979
41	120	0.978719
41	128	1.08002
41	131	0.958794
41	138	0.958741
41	143	0.993289
41	144	0.987416
41	157	0.987505
41	165	0.993771
41	170	0.984713
41	171	0.978111
41	172	1.05293
42	28	0.853264
42	84	1.06987
42	103	0.788293
42	139	1.1124
42	141	0.873605
42	149	1.07256
42	158	1.09213
42	161	1.08927
42	170	0.851969
42	172	1.08672
42	173	1.08811
42	175	1.10053
42	176	1.08842
42	178	0.834333
43	87	1.06584
43	94	1.09591
43	111	1.07986
43	113	1.08177
43	118	0.81381
43	130	0.931093
43	145	1.06202
43	146	0.765973
43	150	0.894681
43	157	1.10513
43	165	1.1114
43	170	1.10234
43	171	1.09574
43	177	0.806199
44	16	0.952207
44	85	1.07892
44	148	0.969758
44	151	0.992108
44	152	0.971467
44	164	0.979404
44	166	0.978637
44	169	0.992909
44	172	1.09127
44	173	1.07197
44	174	0.977914
44	177	0.99027
44	179	0.973767
44	180	0.973767
45	57	0.929524
45	76	1.0426
45	88	1.17908
45	126	0.974022
45	139	1.00869
45	151	0.973331
45	158	0.988429
45	159	0.962888
45	160	0.987484
45	170	1.01011
45	172	0.983016
45	173	0.984409
45	175	0.996823
45	176	0.984713
46	56	1.00554
46	126	1.06424
46	133	1.03705
46	152	0.970642
46	154	1.00397
46	155	0.981728
46	161	1.08489
46	163	0.974843
46	164	0.97858
46	166	0.977812
46	174	0.97709
46	177	0.989445
46	179	0.972943
46	180	0.972943
47	11	0.927946
47	62	1.15637
47	94	0.982458
47	110	1.04961
47	113	0.96831
47	124	0.990857
47	142	0.979222
47	157	0.991675
47	165	0.997941
47	168	0.965148
47	170	0.988882
47	171	0.98228
47	178	0.99043
47	180	1.03278
48	61	1.02843
48	89	0.95073
48	136	0.967965
48	152	0.975107
48	153	1.03829
48	156	0.964439
48	164	0.983045
48	167	1.01866
48	173	1.07905
48	174	0.981555
48	175	1.05635
48	177	0.99391
48	179	0.977408
48	180	0.977408
49	77	1.05139
49	135	1.08207
49	142	1.07304
49	150	0.958909
49	155	0.986967
49	156	0.965213
49	163	0.980082
49	164	0.983818
49	167	0.987143
49	168	0.991636
49	174	0.982329
49	177	0.994684
49	179	0.978182
49	180	0.978182
50	78	0.963694
50	95	0.982297
50	113	1.09449
50	135	0.967534
50	136	1.04662
50	153	0.989128
50	168	0.985971
50	169	0.991658
50	172	0.975705
50	173	0.977098
50	175	0.989512
50	176	0.977402
50	177	1.02511
50	178	1.03816
51	11	0.889111
51	30	1.04224
51	36	0.944966
51	53	0.91103
51	63	0.973226
51	107	0.985121
51	131	0.924128
51	134	0.962397
51	143	0.958624
51	146	1.08816
51	152	1.1843
51	165	0.959106
51	168	1.0963
51	170	0.950048
51	175	1.13555
52	18	1.10095
52	22	1.05501
52	35	0.854707
52	82	1.03923
52	115	0.81221
52	130	0.932019
52	140	1.02144
52	142	1.04533
52	143	1.06357
52	144	1.0577
52	157	1.05779
52	170	1.05499
52	171	1.04839
52	177	0.807125
52	178	1.05654
53	21	1.06833
53	36	0.955183
53	51	0.91103
53	79	0.963371
53	96	0.96398
53	97	0.969357
53	123	1.15933
53	136	1.13237
53	142	0.950604
53	145	0.919943
53	163	1.14703
53	165	0.969323
53	167	0.983283
53	170	0.960264
53	171	0.953662
54	22	1.03347
54	24	0.961308
54	79	1.16122
54	95	0.955764
54	100	0.951621
54	102	0.937814
54	129	1.23323
54	158	0.954584
54	160	0.953639
54	167	0.971689
54	170	1.07192
54	172	0.949172
54	173	0.950564
54	175	0.962978
54	176	0.950869
55	60	1.00289
55	90	1.07797
55	102	0.941794
55	121	1.08091
55	130	0.940478
55	149	0.93899
55	159	0.933023
55	160	0.957619
55	161	0.955699
55	165	1.15754
55	172	0.953152
55	173	0.954544
55	175	0.966958
55	176	0.954849
55	178	1.18563
56	16	1.09292
56	46	1.00554
56	61	0.841793
56	82	1.03228
56	94	1.04162
56	113	1.02747
56	133	1.04796
56	134	1.0604
56	144	1.05075
56	164	0.906149
56	165	1.0571
56	168	0.848903
56	169	0.904991
56	170	1.04805
56	171	1.04144
57	8	1.32024
57	10	1.00506
57	45	0.929524
57	124	1.0729
57	139	0.972469
57	147	0.950043
57	158	0.952205
57	159	0.926664
57	160	0.95126
57	162	1.06562
57	167	0.96931
57	172	0.946793
57	173	0.948185
57	176	0.94849
57	177	1.04453
58	110	1.13404
58	121	0.982687
58	123	0.946203
58	147	1.07306
58	152	0.943795
58	154	0.977127
58	159	1.16476
58	162	0.954728
58	164	0.951732
58	166	0.950965
58	174	0.950242
58	176	1.12296
58	178	0.950331
58	179	0.946095
58	180	0.946095
59	39	0.965246
59	74	0.979322
59	117	1.16566
59	132	0.950214
59	137	1.21402
59	152	0.944011
59	162	0.954944
59	163	0.948212
59	164	0.951948
59	167	1.14941
59	169	0.965454
59	174	0.950459
59	177	0.962814
59	179	0.946312
59	180	0.946312
60	55	1.00289
60	95	1.05662
60	104	0.945318
60	105	1.08807
60	126	1.04103
60	141	0.921763
60	149	1.03587
60	155	0.859533
60	158	1.05544
60	160	1.05449
60	166	0.915057
60	172	1.05003
60	175	1.06383
60	176	1.05172
60	177	0.869441
61	48	1.02843
61	56	0.841793
61	115	1.07213
61	133	0.873304
61	134	0.942906
61	148	1.04092
61	164	1.05057
61	165	0.8896
61	168	1.05839
61	174	1.04908
61	176	0.945942
61	177	1.06144
61	178	1.04917
61	179	1.04493
61	180	1.04493
62	28	0.962159
62	47	1.15637
62	74	0.978901
62	162	0.954524
62	163	0.947791
62	164	0.951528
62	166	0.95076
62	167	1.07245
62	170	1.13366
62	173	1.13283
62	174	0.950038
62	177	0.962393
62	178	0.950126
62	179	0.945891
62	180	0.945891
63	17	0.855691
63	51	0.973226
63	96	1.02618
63	107	1.05753
63	131	0.996542
63	134	1.03481
63	141	1.03457
63	144	1.02516
63	145	0.98214
63	156	1.00292
63	159	1.01399
63	165	1.03152
63	170	1.02246
63	171	1.01586
63	174	0.947284
63	179	0.984768
64	67	0.929149
64	89	0.984937
64	96	0.984554
64	110	0.999796
64	127	1.04344
64	138	1.03446
64	141	0.971479
64	149	1.00064
64	156	0.991188
64	158	1.02022
64	160	1.01927
64	167	1.03732
64	172	1.0148
64	175	1.02861
64	176	1.0165
64	178	0.932207
65	118	1.01715
65	121	1.04176
65	123	1.00528
65	138	1.02802
65	144	0.95215
65	151	1.02351
65	167	0.90997
65	168	1.01863
65	169	1.02431
65	170	0.971185
65	171	0.976861
65	174	1.00932
65	176	0.981795
65	177	1.02167
65	179	1.00517
65	180	1.00517
66	73	1.02745
66	101	1.0226
66	108	1.01638
66	117	1.02984
66	121	0.872962
66	124	1.01669
66	127	0.931588
66	133	1.01463
66	140	0.981167
66	141	1.02682
66	142	1.00506
66	143	1.02329
66	167	1.03774
66	169	0.988632
66	170	1.01472
66	180	1.00018
67	64	0.929149
67	76	1.00665
67	87	1.08683
67	104	0.999231
67	114	0.850027
67	151	1.03323
67	153	0.942939
67	162	1.02352
67	163	1.01679
67	164	1.02053
67	166	1.01976
67	173	0.983694
67	177	1.03139
67	178	1.01912
67	179	1.01489
67	180	1.01489
68	38	1.02897
68	70	0.96493
68	106	0.878579
68	124	1.01684
68	144	1.01757
68	158	0.962113
68	161	0.956637
68	164	1.01782
68	165	1.02393
68	169	1.03132
68	170	1.01487
68	171	1.00827
68	174	1.01633
68	177	1.02868
68	179	1.01218
68	180	1.01218
69	23	0.965528
69	108	0.990213
69	122	1.01608
69	140	0.988381
69	144	1.02463
69	154	0.894612
69	157	1.02472
69	159	1.0023
69	163	0.974634
69	166	0.984085
69	170	1.02193
69	171	1.01533
69	172	1.02243
69	173	1.02382
69	175	1.03624
69	176	1.02413
70	24	1.03604
70	34	0.85044
70	68	0.96493
70	80	1.0226
70	83	1.01595
70	91	0.965126
70	122	1.01755
70	159	1.00377
70	161	1.02645
70	163	1.0048
70	172	1.0239
70	173	1.0253
70	175	1.03771
70	176	1.0256
70	178	0.98169
70	180	1.00419
71	90	0.873551
71	117	0.953891
71	132	1.01522
71	146	1.03754
71	151	1.02966
71	155	1.02011
71	156	0.998353
71	160	1.00612
71	161	0.984672
71	162	1.01995
71	163	1.01322
71	174	1.01547
71	175	0.975323
71	177	1.02782
71	179	1.01132
71	180	1.01132
72	82	0.958797
72	120	0.963372
72	128	0.992272
72	137	0.947976
72	146	1.03601
72	154	1.04082
72	162	1.01842
72	164	1.01542
72	168	1.02324
72	172	0.96305
72	174	1.01393
72	176	0.95519
72	177	1.02629
72	178	1.01402
72	179	1.00979
72	180	1.00979
73	20	0.932913
73	30	1.10421
73	66	1.02745
73	90	1.06911
73	97	1.0211
73	118	0.933856
73	125	0.935925
73	140	0.978462
73	144	1.01471
73	156	0.998277
73	165	1.02107
73	166	0.971861
73	170	1.01201
73	171	1.00541
73	176	0.967541
73	178	1.01356
74	59	0.979322
74	62	0.978901
74	114	0.858295
74	118	1.03889
74	135	1.0265
74	150	1.00764
74	155	1.0357
74	156	1.01395
74	163	1.02882
74	165	0.947057
74	166	1.03179
74	173	0.991962
74	175	0.969259
74	178	1.03115
74	179	1.02692
74	180	1.02692
75	3	1.03311
75	20	1.02083
75	111	1.07745
75	112	0.881138
75	116	1.07112
75	131	1.07401
75	133	1.09985
75	138	0.783355
75	142	1.09027
75	160	0.866333
75	165	1.10899
75	167	1.12295
75	169	0.852384
75	170	1.09993
75	172	0.87754
75	175	0.835539
75	178	1.10148
76	24	0.998326
76	45	1.0426
76	67	1.00665
76	109	1.03281
76	121	1.02226
76	136	0.976222
76	148	0.981655
76	153	0.996122
76	156	0.972695
76	161	1.02352
76	163	0.987564
76	166	0.990534
76	168	0.999119
76	174	0.989812
76	177	1.00217
76	179	0.985664
76	180	0.985664
77	49	1.05139
77	80	0.991249
77	102	0.98119
77	108	1.0293
77	122	0.986195
77	132	0.993509
77	142	1.03293
77	149	0.978386
77	158	0.99796
77	159	0.972419
77	160	0.997015
77	162	0.998649
77	169	1.0085
77	172	0.992548
77	173	0.99394
77	175	1.00635
77	176	0.994245
78	28	0.996947
78	50	0.963694
78	114	1.03816
78	126	0.97928
78	129	1.15695
78	132	0.980916
78	135	0.980103
78	147	0.991524
78	155	0.955058
78	158	0.993687
78	160	0.992742
78	161	0.990821
78	172	0.988274
78	173	0.989666
78	175	1.00208
78	176	0.989971
78	179	1.01884
79	7	0.866057
79	26	1.02386
79	53	0.963371
79	54	1.16122
79	82	0.986624
79	103	1.05325
79	111	0.979907
79	120	0.996395
79	121	0.972157
79	131	0.97647
79	140	0.96884
79	143	1.01097
79	145	0.962068
79	170	1.00239
79	171	0.995787
79	174	1.08022
79	178	1.00394
80	30	0.848428
80	70	1.0226
80	77	0.991249
80	84	0.98214
80	91	0.94021
80	110	0.983979
80	112	0.985882
80	129	1.19667
80	147	1.00224
80	159	0.978858
80	172	0.998987
80	173	1.00038
80	175	1.01279
80	176	1.00068
80	177	1.00468
80	178	1.01774
80	180	1.04023
81	97	1.05303
81	136	0.97935
81	146	1.01502
81	147	0.993665
81	150	0.969521
81	152	0.986493
81	153	0.991369
81	155	0.997578
81	156	0.975824
81	157	1.01238
81	160	1.04022
81	162	0.997426
81	166	0.993663
81	168	1.00225
81	177	1.0053
81	179	0.988793
81	180	0.988793
82	52	1.03923
82	56	1.03228
82	72	0.958797
82	79	0.986624
82	116	0.954708
82	117	0.99864
82	125	0.998426
82	130	1.11364
82	131	0.957598
82	157	0.98631
82	163	1.02491
82	165	0.992576
82	167	1.00654
82	169	1.01275
82	170	0.983517
82	171	0.976915
82	178	0.985065
83	6	0.922306
83	19	1.19442
83	70	1.01595
83	91	0.933557
83	95	0.998926
83	105	1.03038
83	142	0.995201
83	147	0.995584
83	158	0.997746
83	160	0.996801
83	164	0.964988
83	167	1.01485
83	173	0.993726
83	174	0.956223
83	175	1.00614
83	176	0.994031
83	179	0.993706
84	42	1.06987
84	80	0.98214
84	102	0.972081
84	123	1.02731
84	126	0.974444
84	137	0.96741
84	139	1.00911
84	145	1.10348
84	148	0.987707
84	149	0.969277
84	160	0.987906
84	161	0.985985
84	169	0.999391
84	174	0.995237
84	175	0.997245
84	176	0.985135
84	178	0.991894
85	44	1.07892
85	110	0.973487
85	119	1.00235
85	147	0.991745
85	149	0.974333
85	151	0.974555
85	160	0.992962
85	161	0.991041
85	166	1.02626
85	168	0.99876
85	169	1.00445
85	172	0.988494
85	173	0.989887
85	175	1.0023
85	176	0.990192
85	178	0.993695
85	179	1.03452
86	88	0.92927
86	101	0.977629
86	105	0.99647
86	119	1.07434
86	141	0.98185
86	149	1.1071
86	151	0.985396
86	157	0.972536
86	158	1.10244
86	163	0.968956
86	164	0.972692
86	166	0.971925
86	171	0.963141
86	173	1.11031
86	174	0.971203
86	178	0.971291
86	179	0.967056
86	180	0.967056
87	43	1.06584
87	67	1.08683
87	113	0.942207
87	120	0.956784
87	133	0.962693
87	138	1.03181
87	140	0.92923
87	142	0.953118
87	143	0.971355
87	144	0.965482
87	146	1.03661
87	150	1.16532
87	153	0.976703
87	165	0.971837
87	167	0.985798
87	170	0.962779
87	171	0.956177
87	175	1.08399
88	7	0.945738
88	16	1.00368
88	39	1.04974
88	45	1.17908
88	86	0.92927
88	107	0.993883
88	109	0.964878
88	111	0.936327
88	114	1.0397
88	134	0.971159
88	137	0.943282
88	139	1.12132
88	143	0.967385
88	144	0.961512
88	165	0.967868
88	168	1.11142
88	170	0.958809
88	171	0.952207
89	39	0.89823
89	48	0.95073
89	64	0.984937
89	94	1.12738
89	122	0.964065
89	143	1.09584
89	156	0.95426
89	157	1.12303
89	159	0.950289
89	162	0.975861
89	169	0.986371
89	171	1.14928
89	173	0.97181
89	174	0.971376
89	176	0.972115
89	177	0.983731
89	179	0.967229
89	180	0.967229
90	55	1.07797
90	71	0.873551
90	73	1.06911
90	113	1.03581
90	124	1.05836
90	129	0.993285
90	140	1.02283
90	142	1.04672
90	143	1.06496
90	165	1.06544
90	167	1.0794
90	168	0.81714
90	170	1.05638
90	171	1.04978
90	175	0.856382
90	176	0.890523
90	178	1.05793
90	180	0.884773
91	10	0.999772
91	27	1.09669
91	70	0.965126
91	80	0.94021
91	83	0.933557
91	111	1.17494
91	119	0.955366
91	125	0.944412
91	135	0.933337
91	137	0.92548
91	139	0.967185
91	148	1.1403
91	161	0.944055
91	168	0.951774
91	172	0.941509
91	173	0.942901
91	174	1.14783
91	175	0.955315
91	178	1.14448
92	11	1.13758
92	33	1.00883
92	123	1.01949
92	131	0.949458
92	148	1.01538
92	149	0.864221
92	150	1.00011
92	151	1.03773
92	155	1.02817
92	158	0.859556
92	162	1.02802
92	164	1.02502
92	166	1.02426
92	171	0.873938
92	174	1.02353
92	177	1.03589
92	178	1.02362
92	179	1.01939
92	180	1.01939
93	95	0.953264
93	131	1.20976
93	133	1.06654
93	136	0.93404
93	139	0.972348
93	144	1.10953
93	145	1.22252
93	152	0.941182
93	160	0.951139
93	162	0.952115
93	163	0.945382
93	165	1.08283
93	172	0.946672
93	173	0.948064
93	175	0.960478
93	176	0.948369
93	177	0.959985
93	179	0.943482
93	180	0.943482
94	35	1.00588
94	43	1.09591
94	47	0.982458
94	56	1.04162
94	89	1.12738
94	97	1.00195
94	109	0.998927
94	117	1.00798
94	129	0.929761
94	134	1.00521
94	138	0.913273
94	140	0.959309
94	143	1.00143
94	156	1.03033
94	165	1.00192
94	166	1.00392
94	168	0.926215
94	170	0.992858
94	171	0.986256
94	178	0.994406
95	31	1.0273
95	50	0.982297
95	54	0.955764
95	60	1.05662
95	83	0.998926
95	93	0.953264
95	99	0.999787
95	112	0.993772
95	122	1.00052
95	144	0.985926
95	149	0.992716
95	158	1.01229
95	161	1.00942
95	162	0.995365
95	163	1.01044
95	172	1.00688
95	173	1.00827
95	175	1.02068
95	176	1.00857
95	178	0.987325
96	29	1.01541
96	30	1.09519
96	31	1.06226
96	53	0.96398
96	63	1.02618
96	64	0.984554
96	98	1.00386
96	113	0.982425
96	114	0.905431
96	124	1.00497
96	126	1.0051
96	129	0.939901
96	140	0.969448
96	142	0.993337
96	145	0.962676
96	165	1.01206
96	167	1.02602
96	169	1.03324
96	177	1.00924
96	178	1.00455
97	15	0.921435
97	20	0.929277
97	22	1.00839
97	53	0.969357
97	73	1.0211
97	81	1.05303
97	94	1.00195
97	107	1.04345
97	111	0.985893
97	120	1.00238
97	125	1.00429
97	145	0.968054
97	157	1.01117
97	162	1.0157
97	165	1.01743
97	167	1.03139
97	169	1.01861
97	170	1.00838
97	171	1.00177
97	177	0.994609
98	16	1.04502
98	96	1.00386
98	109	1.00621
98	113	0.979573
98	120	0.994151
98	127	0.939104
98	128	1.04839
98	140	0.966597
98	145	0.959824
98	153	1.01407
98	157	1.00294
98	160	1.0101
98	165	1.0092
98	167	1.02316
98	169	0.996148
98	170	1.00015
98	171	0.993544
98	172	1.0213
98	174	0.98854
98	178	1.00169
99	40	1.0295
99	95	0.999787
99	136	0.986346
99	137	1.00344
99	144	0.981006
99	150	0.976516
99	154	1.02682
99	155	1.00457
99	156	0.982819
99	157	0.979467
99	162	1.00442
99	163	0.997688
99	164	1.00143
99	166	1.00066
99	169	1.01493
99	170	1.00004
99	174	0.999936
99	177	1.01229
99	179	0.995788
99	180	0.995788
100	54	0.951621
100	122	0.996382
100	128	0.982031
100	135	0.994564
100	136	1.0016
100	138	1.02239
100	147	1.00598
100	153	1.01616
100	155	0.970187
100	156	1.05213
100	159	0.982606
100	161	1.00528
100	168	1.013
100	169	1.01869
100	172	1.00273
100	173	1.00413
100	176	1.00443
100	177	0.980095
100	178	0.993145
100	180	1.01564
101	26	0.958286
101	66	1.0226
101	86	0.977629
101	103	1.05802
101	111	0.984686
101	113	0.986596
101	116	0.978359
101	117	1.02229
101	127	0.965206
101	129	0.944072
101	133	1.00708
101	141	1.01927
101	143	1.01574
101	145	0.966847
101	155	0.988342
101	160	1.0362
101	165	1.01623
101	171	1.00057
101	174	1.01464
101	176	1.03955
102	54	0.937814
102	55	0.941794
102	77	0.98119
102	84	0.972081
102	110	0.97392
102	125	0.991831
102	135	0.980756
102	148	1.03752
102	150	1.11714
102	151	1.02256
102	158	0.99434
102	159	0.968799
102	160	0.993395
102	161	0.991474
102	163	1.06482
102	172	0.988928
102	173	0.99032
102	175	1.00273
102	176	0.990625
102	177	1.02865
102	178	1.0417
103	16	1.09501
103	22	1.05016
103	42	0.788293
103	79	1.05325
103	101	1.05802
103	119	0.904743
103	131	1.02422
103	142	1.04048
103	143	1.05871
103	144	1.05284
103	145	1.00982
103	151	0.904763
103	152	0.96676
103	155	0.900946
103	157	1.05293
103	162	0.931943
103	165	1.0592
103	170	1.05014
103	171	1.04354
103	177	0.910853
103	178	1.05169
104	8	0.90292
104	27	0.989216
104	40	1.07987
104	60	0.945318
104	67	0.999231
104	120	1.0692
104	130	0.968764
104	154	1.00928
104	155	0.987034
104	156	0.96528
104	159	1.10282
104	163	0.980149
104	164	0.983885
104	166	0.983118
104	169	0.997391
104	172	1.06888
104	175	1.02688
104	177	0.994751
104	178	0.982484
104	179	0.978249
104	180	0.978249
105	9	1.08165
105	12	0.82096
105	60	1.08807
105	83	1.03038
105	86	0.99647
105	106	1.0858
105	114	1.08822
105	126	1.02934
105	130	1.02566
105	147	1.04158
105	152	0.915764
105	159	1.0182
105	161	1.04088
105	162	0.880948
105	166	0.905474
105	172	1.03833
105	173	1.03972
105	174	0.876251
105	175	1.05214
105	176	1.04003
105	179	0.913734
106	40	1.02337
106	68	0.878579
106	105	1.0858
106	107	0.872072
106	122	1.0414
106	128	1.02705
106	141	0.934612
106	147	1.051
106	153	1.06118
106	157	0.892402
106	158	1.05317
106	159	1.02762
106	160	1.05222
106	161	1.0503
106	162	0.903379
106	166	0.927905
106	167	1.07027
106	168	1.05802
106	173	1.04915
106	174	0.898682
106	176	1.04945
107	33	1.01971
107	41	1.01979
107	51	0.985121
107	63	1.05753
107	88	0.993883
107	97	1.04345
107	106	0.872072
107	116	1.00555
107	117	1.04948
107	122	0.962085
107	127	0.900582
107	131	1.00844
107	133	1.03427
107	135	0.998024
107	139	0.911435
107	141	1.04646
107	144	1.03706
107	157	1.03715
107	170	1.03436
107	171	1.02775
107	172	0.982782
107	180	0.969172
108	18	0.935066
108	23	1.00874
108	30	0.83933
108	66	1.01638
108	69	0.990213
108	77	1.0293
108	109	1.02138
108	118	1.01368
108	138	1.02455
108	151	1.02004
108	152	0.999401
108	153	0.98469
108	154	1.03273
108	155	1.01049
108	161	1.01209
108	162	1.01033
108	163	1.0036
108	164	1.00734
108	166	1.00657
108	174	1.00585
108	177	1.0182
108	179	1.0017
108	180	1.0017
109	34	0.851438
109	39	1.09628
109	76	1.03281
109	88	0.964878
109	94	0.998927
109	98	1.00621
109	108	1.02138
109	111	0.98287
109	117	1.02047
109	124	1.00733
109	128	1.04589
109	131	0.979432
109	135	1.03404
109	142	0.995691
109	143	1.01393
109	145	0.96503
109	153	1.01928
109	154	0.925781
109	157	1.00814
109	165	1.01441
109	167	1.02837
109	169	0.993639
109	171	0.998749
110	47	1.04961
110	58	1.13404
110	64	0.999796
110	80	0.983979
110	85	0.973487
110	102	0.97392
110	112	0.972172
110	114	1.03516
110	122	0.978924
110	135	0.977106
110	137	0.969249
110	148	1.00509
110	154	0.952366
110	157	1.00634
110	158	0.99069
110	160	0.989745
110	161	0.987824
110	167	1.00779
110	169	1.00123
110	172	0.985277
110	173	0.98667
110	176	0.986974
110	178	1.00927
110	179	1.0501
111	5	1.03579
111	43	1.07986
111	75	1.07745
111	79	0.979907
111	88	0.936327
111	91	1.17494
111	97	0.985893
111	101	0.984686
111	109	0.98287
111	117	0.991923
111	131	0.950881
111	142	0.96714
111	145	0.936479
111	147	0.978755
111	157	0.979593
111	163	1.02352
111	165	0.985859
111	168	0.955269
111	169	1.01136
111	170	0.9768
111	171	0.970198
111	178	0.978348
111	179	1.04123
111	180	1.0229
112	4	1.03836
112	14	0.916894
112	28	1.02858
112	75	0.881138
112	80	0.985882
112	95	0.993772
112	110	0.972172
112	119	1.00104
112	124	1.02497
112	129	1.18859
112	135	0.979009
112	139	1.01286
112	149	0.973018
112	158	0.992593
112	159	0.967052
112	161	0.989727
112	166	1.04221
112	168	0.997446
112	169	1.00313
112	172	0.98718
112	175	1.00099
112	176	0.988877
112	178	1.00965
112	180	1.03214
113	3	0.911892
113	16	1.02358
113	27	0.978478
113	43	1.08177
113	47	0.96831
113	50	1.09449
113	56	1.02747
113	87	0.942207
113	90	1.03581
113	96	0.982425
113	98	0.979573
113	101	0.986596
113	125	1.0229
113	134	0.991059
113	142	0.969049
113	144	0.981413
113	154	0.969365
113	165	0.987768
113	166	1.05884
113	169	1.03722
113	170	0.97871
113	171	0.972108
113	178	0.980258
113	180	1.04877
114	36	0.950046
114	67	0.850027
114	74	0.858295
114	78	1.03816
114	88	1.0397
114	96	0.905431
114	105	1.08822
114	110	1.03516
114	119	1.06403
114	123	0.888501
114	128	1.02947
114	135	1.042
114	136	0.861544
114	137	1.03414
114	147	1.05342
114	159	1.03004
114	160	1.05464
114	161	1.05272
114	168	1.06044
114	172	1.05017
114	173	1.05156
114	175	1.06398
114	176	1.05187
114	178	0.853084
115	1	0.8831
115	52	0.81221
115	61	1.07213
115	122	0.977387
115	123	1.02122
115	125	1.0272
115	132	1.02501
115	139	0.926738
115	148	1.0171
115	150	1.00184
115	151	1.03945
115	154	1.05214
115	155	1.02989
115	156	1.00814
115	160	0.986878
115	166	1.02598
115	167	0.918399
115	168	1.03456
115	169	1.04025
115	171	0.98529
115	172	0.998084
115	174	1.02526
115	177	1.03761
115	179	1.02111
115	180	1.02111
116	36	0.965392
116	75	1.07112
116	82	0.954708
116	101	0.978359
116	107	1.00555
116	123	1.09903
116	126	1.04642
116	129	0.907377
116	133	0.970387
116	134	0.982823
116	137	0.954946
116	140	0.936924
116	141	0.98258
116	143	0.979049
116	145	0.930152
116	157	0.973266
116	159	1.13366
116	162	1.07165
116	163	1.08673
116	165	0.979532
116	167	0.993492
116	168	1.01848
116	170	0.970473
116	171	0.963871
116	177	1.05056
117	59	1.16566
117	66	1.02984
117	71	0.953891
117	82	0.99864
117	94	1.00798
117	101	1.02229
117	107	1.04948
117	109	1.02047
117	111	0.991923
117	129	0.951308
117	137	0.998878
117	142	1.00474
117	143	1.02298
117	145	0.974084
117	147	0.920966
117	151	0.923477
117	153	1.02833
117	156	1.0016
117	165	1.02346
117	167	1.03742
117	168	0.89748
117	170	1.01441
117	171	1.0078
117	172	0.978723
117	173	0.959426
117	178	1.01595
118	25	0.967078
118	43	0.81381
118	65	1.01715
118	73	0.933856
118	74	1.03889
118	108	1.01368
118	132	1.00978
118	140	1.0756
118	145	1.07609
118	146	1.0321
118	148	1.00187
118	150	0.98661
118	152	1.00358
118	155	1.01467
118	156	0.992913
118	158	0.973434
118	161	0.967958
118	162	1.01452
118	163	1.00778
118	164	1.01152
118	166	1.01075
118	170	0.98214
118	174	1.01003
118	177	1.02238
118	179	1.00588
118	180	1.00588
119	1	1.05785
119	6	0.944114
119	85	1.00235
119	86	1.07434
119	91	0.955366
119	103	0.904743
119	112	1.00104
119	114	1.06403
119	126	1.00515
119	135	1.00597
119	147	1.01739
119	152	0.993639
119	158	1.01955
119	159	0.994014
119	160	1.01861
119	161	1.01669
119	162	0.958823
119	166	0.983349
119	168	1.02441
119	172	1.01414
119	173	1.01553
119	174	0.954126
119	175	1.02795
119	176	1.01584
119	178	0.950783
119	179	0.991609
120	32	1.07523
120	41	0.978719
120	72	0.963372
120	79	0.996395
120	87	0.956784
120	97	1.00238
120	98	0.994151
120	104	1.0692
120	133	0.993202
120	135	0.985618
120	139	1.01947
120	154	0.949464
120	155	0.983414
120	158	0.999202
120	159	0.973661
120	163	1.02949
120	165	1.00235
120	167	1.01631
120	169	1.00974
120	170	0.993288
120	171	0.986686
120	172	0.993789
120	173	0.995182
120	175	1.0076
120	176	0.995486
120	177	0.993321
120	179	1.0472
121	33	1.02342
121	55	1.08091
121	58	0.982687
121	65	1.04176
121	66	0.872962
121	76	1.02226
121	79	0.972157
121	135	0.916572
121	136	1.02106
121	146	1.05672
121	150	1.01123
121	152	1.0282
121	155	1.03928
121	156	1.01753
121	161	0.868678
121	162	1.03913
121	163	1.0324
121	164	1.03614
121	166	1.03537
121	168	1.04395
121	169	1.04964
121	170	0.88286
121	173	0.882033
121	174	1.03465
121	176	0.89347
121	177	1.047
121	179	1.0305
121	180	1.0305
122	32	1.05422
122	69	1.01608
122	70	1.01755
122	77	0.986195
122	89	0.964065
122	95	1.00052
122	100	0.996382
122	106	1.0414
122	107	0.962085
122	110	0.978924
122	115	0.977387
122	123	1.02077
122	139	1.01961
122	141	1.02463
122	147	0.997182
122	148	0.981165
122	153	1.00735
122	158	0.999345
122	159	0.973804
122	160	0.9984
122	161	0.996479
122	162	0.993393
122	168	1.0042
122	169	1.00989
122	172	0.993932
122	173	0.995325
122	175	1.00774
122	176	0.995629
122	177	0.972302
122	179	1.02618
123	39	0.777622
123	53	1.15933
123	58	0.946203
123	65	1.00528
123	84	1.02731
123	92	1.01949
123	114	0.888501
123	115	1.02122
123	116	1.09903
123	122	1.02077
123	127	1.02584
123	130	0.98453
123	132	0.997917
123	149	1.01895
123	150	0.974743
123	152	0.991714
123	154	1.02505
123	155	1.0028
123	162	1.00265
123	163	0.995915
123	164	0.999652
123	166	0.998884
123	167	0.961781
123	169	1.01316
123	172	1.04147
123	174	0.998162
123	177	1.01052
123	178	0.99825
123	179	0.994015
123	180	0.994015
124	11	0.94032
124	12	0.933322
124	20	0.922159
124	29	1.01367
124	39	1.09218
124	47	0.990857
124	57	1.0729
124	66	1.01669
124	68	1.01684
124	90	1.05836
124	96	1.00497
124	109	1.00733
124	112	1.02497
124	134	1.01361
124	137	0.98573
124	138	0.92719
124	140	0.967708
124	142	0.991596
124	144	1.00396
124	145	0.960935
124	149	0.998864
124	156	1.04425
124	157	1.00405
124	162	0.993309
124	165	1.01032
124	170	1.00126
124	171	0.994655
124	173	1.00208
124	178	1.0028
124	180	1.00777
125	3	1.23382
125	16	0.863616
125	40	0.97881
125	73	0.935925
125	82	0.998426
125	91	0.944412
125	97	1.00429
125	102	0.991831
125	113	1.0229
125	115	1.0272
125	126	0.994194
125	127	1.03182
125	136	0.990556
125	150	0.980727
125	157	0.963636
125	159	0.98306
125	160	1.00766
125	161	1.00574
125	162	1.00863
125	163	1.0019
125	164	1.00564
125	166	1.00487
125	170	0.984209
125	171	0.989885
125	173	1.00458
125	175	1.01699
125	176	1.00489
125	177	1.0165
125	179	0.999999
125	180	0.999999
126	7	1.04391
126	32	1.02161
126	45	0.974022
126	46	1.06424
126	60	1.04103
126	78	0.97928
126	84	0.974444
126	96	1.0051
126	105	1.02934
126	116	1.04642
126	119	1.00515
126	125	0.994194
126	132	0.955649
126	135	0.98312
126	139	1.01697
126	147	0.994541
126	149	0.977129
126	150	1.02818
126	153	1.00471
126	158	0.996703
126	160	0.995758
126	161	0.993838
126	162	0.960789
126	163	0.975864
126	167	1.01381
126	172	0.991291
126	173	0.992683
126	175	1.0051
126	176	0.992988
126	178	0.952749
127	9	1.07224
127	25	0.926423
127	27	1.0367
127	64	1.04344
127	66	0.931588
127	98	0.939104
127	101	0.965206
127	107	0.900582
127	123	1.02584
127	125	1.03182
127	132	1.02963
127	134	0.94906
127	135	1.02075
127	144	0.92245
127	146	1.05195
127	149	1.01476
127	157	0.920912
127	159	1.00879
127	160	1.03339
127	162	1.03436
127	164	1.03137
127	165	0.895753
127	167	1.05144
127	170	0.941486
127	172	1.02892
127	173	1.03031
127	176	1.03062
127	177	1.04223
127	178	1.02997
127	179	1.02573
127	180	1.02573
128	13	1.02643
128	16	0.930183
128	33	0.964439
128	39	0.805402
128	41	1.08002
128	72	0.992272
128	98	1.04839
128	100	0.982031
128	106	1.02705
128	109	1.04589
128	114	1.02947
128	131	1.13197
128	140	1.14424
128	152	0.974092
128	156	0.963423
128	158	0.984994
128	159	0.959453
128	160	0.984049
128	161	0.982128
128	162	0.985025
128	164	0.982029
128	166	0.981262
128	170	1.05078
128	171	1.05645
128	173	0.980974
128	174	0.98054
128	175	0.993388
128	176	0.981279
128	177	0.992895
128	179	0.976392
128	180	0.976392
129	3	0.869368
129	4	1.04143
129	15	1.00781
129	54	1.23323
129	78	1.15695
129	80	1.19667
129	90	0.993285
129	94	0.929761
129	96	0.939901
129	101	0.944072
129	112	1.18859
129	116	0.907377
129	117	0.951308
129	141	0.948292
129	146	0.95972
129	151	0.951839
129	152	0.931198
129	154	0.96453
129	157	0.938978
129	158	1.15781
129	163	0.935398
129	165	0.945244
129	166	0.938367
129	169	0.95264
129	170	0.936186
129	175	1.14299
129	176	1.17713
129	177	0.95
129	178	0.937734
129	179	0.933498
129	180	0.933498
130	5	0.987222
130	38	0.95724
130	43	0.931093
130	52	0.932019
130	55	0.940478
130	82	1.11364
130	104	0.968764
130	105	1.02566
130	123	0.98453
130	133	1.03739
130	134	1.107
130	138	1.00727
130	143	1.05166
130	146	1.01064
130	148	0.980413
130	150	0.96515
130	157	1.07885
130	158	0.993024
130	159	0.967483
130	160	0.992079
130	161	0.990158
130	165	1.05369
130	166	0.989291
130	169	1.00356
130	172	0.987611
130	173	0.989004
130	174	0.988569
130	176	0.989308
130	177	1.00092
130	179	0.984422
130	180	0.984422
131	3	0.906545
131	17	0.980524
131	25	0.995721
131	41	0.958794
131	51	0.924128
131	63	0.996542
131	75	1.07401
131	79	0.97647
131	82	0.957598
131	92	0.949458
131	93	1.20976
131	103	1.02422
131	107	1.00844
131	109	0.979432
131	111	0.950881
131	128	1.13197
131	133	0.973277
131	134	0.985713
131	137	0.957836
131	140	0.939814
131	142	0.963702
131	145	0.933042
131	161	1.07223
131	165	0.982421
131	167	0.996382
131	168	1.02364
131	170	0.973363
131	171	0.966761
131	174	1.07212
131	177	1.05572
131	178	0.974911
131	179	1.1096
132	14	1.19208
132	24	0.951101
132	25	0.975417
132	35	0.980057
132	59	0.950214
132	71	1.01522
132	77	0.993509
132	78	0.980916
132	115	1.02501
132	118	1.00978
132	123	0.997917
132	126	0.955649
132	127	1.02963
132	141	1.0126
132	143	0.942716
132	146	1.02403
132	148	0.9938
132	152	0.995509
132	154	1.02884
132	155	1.00659
132	156	0.984841
132	161	0.976298
132	163	0.999709
132	164	1.00345
132	166	1.00268
132	167	0.929265
132	168	1.01126
132	169	1.01695
132	171	0.996155
132	174	1.00196
132	177	1.01431
132	179	0.997809
132	180	0.997809
133	3	0.932378
133	19	1.16709
133	39	1.09012
133	46	1.03705
133	56	1.04796
133	61	0.873304
133	66	1.01463
133	75	1.09985
133	87	0.962693
133	93	1.06654
133	101	1.00708
133	107	1.03427
133	116	0.970387
133	120	0.993202
133	130	1.03739
133	131	0.973277
133	134	1.01155
133	137	0.98367
133	140	0.965647
133	141	1.0113
133	142	0.989536
133	143	1.00777
133	144	1.0019
133	157	1.00199
133	159	0.995596
133	165	1.00825
133	168	0.880414
133	169	0.936502
133	170	0.999196
133	171	0.992594
133	173	0.94236
133	178	1.00074
133	179	0.966378
134	1	0.916276
134	20	0.932534
134	25	1.03399
134	51	0.962397
134	56	1.0604
134	61	0.942906
134	63	1.03481
134	88	0.971159
134	94	1.00521
134	113	0.991059
134	116	0.982823
134	124	1.01361
134	127	0.94906
134	130	1.107
134	131	0.985713
134	133	1.01155
134	137	0.996105
134	142	1.00197
134	143	1.02021
134	145	0.97131
134	152	1.03801
134	153	1.02556
134	154	0.938246
134	157	1.01442
134	165	1.02069
134	166	1.02772
134	167	1.03465
134	168	0.950017
134	169	1.0061
134	170	1.01163
134	171	1.00503
134	178	1.01318
134	179	1.03598
135	49	1.08207
135	50	0.967534
135	74	1.0265
135	78	0.980103
135	91	0.933337
135	100	0.994564
135	102	0.980756
135	107	0.998024
135	109	1.03404
135	110	0.977106
135	112	0.979009
135	114	1.042
135	119	1.00597
135	120	0.985618
135	121	0.916572
135	126	0.98312
135	127	1.02075
135	139	1.01779
135	147	0.995364
135	149	0.977952
135	152	1.06415
135	155	0.998334
135	157	1.01835
135	159	0.971986
135	160	0.996582
135	161	0.994661
135	168	1.00238
135	169	1.00807
135	171	1.0446
135	172	0.992114
135	173	0.993506
135	175	1.00592
135	176	0.993811
135	178	1.02129
136	20	1.1894
136	34	1.07767
136	38	1.05419
136	48	0.967965
136	50	1.04662
136	53	1.13237
136	76	0.976222
136	81	0.97935
136	93	0.93404
136	99	0.986346
136	100	1.0016
136	114	0.861544
136	121	1.02106
136	125	0.990556
136	141	0.999258
136	146	1.01069
136	148	0.980455
136	150	0.965192
136	151	1.0028
136	152	0.982164
136	153	0.954457
136	154	1.0155
136	155	0.993249
136	158	0.987333
136	162	0.993097
136	163	0.986364
136	164	0.990101
136	165	0.950307
136	166	0.989334
136	172	1.01451
136	177	1.00097
136	178	0.9887
136	179	0.984464
136	180	0.984464
137	8	1.25364
137	17	0.902725
137	19	1.23252
137	59	1.21402
137	72	0.947976
137	84	0.96741
137	88	0.943282
137	91	0.92548
137	99	1.00344
137	110	0.969249
137	114	1.03414
137	116	0.954946
137	117	0.998878
137	124	0.98573
137	131	0.957836
137	133	0.98367
137	134	0.996105
137	140	0.950206
137	143	0.992332
137	147	0.987507
137	155	0.968018
137	157	0.986548
137	158	0.98967
137	159	0.964128
137	160	0.988725
137	161	0.986804
137	167	1.00677
137	170	0.983756
137	171	0.977153
137	173	0.985649
137	174	0.994318
137	175	0.998063
137	176	0.985954
137	177	0.977925
137	180	1.01347
138	3	1.17911
138	37	0.994569
138	41	0.958741
138	64	1.03446
138	65	1.02802
138	75	0.783355
138	87	1.03181
138	94	0.913273
138	100	1.02239
138	108	1.02455
138	124	0.92719
138	130	1.00727
138	139	1.04562
138	142	0.954185
138	145	1.02345
138	149	1.00578
138	150	0.997479
138	153	1.03336
138	156	1.00378
138	157	0.908927
138	160	1.02441
138	161	1.02249
138	163	1.01865
138	164	1.02239
138	165	0.883768
138	166	1.02162
138	168	1.03021
138	170	0.929501
138	172	1.01994
138	174	1.0209
138	175	1.03375
138	176	1.02164
138	177	1.03325
138	179	1.01675
138	180	1.01675
139	29	0.951279
139	38	0.995591
139	42	1.1124
139	45	1.00869
139	57	0.972469
139	84	1.00911
139	88	1.12132
139	91	0.967185
139	93	0.972348
139	107	0.911435
139	112	1.01286
139	115	0.926738
139	120	1.01947
139	122	1.01961
139	126	1.01697
139	135	1.01779
139	138	1.04562
139	141	0.973975
139	146	0.881427
139	147	1.02921
139	149	1.0118
139	151	0.915563
139	153	1.03938
139	156	0.993684
139	158	1.03137
139	159	1.00583
139	161	1.02851
139	163	0.957817
139	164	0.946812
139	167	1.04848
139	169	1.04191
139	172	1.02596
