1	46	1.10185
1	71	1.14798
1	80	1.00255
1	81	1.05927
1	86	1.10892
1	97	1.10106
1	113	1.37817
1	116	1.54386
1	156	1.04521
1	159	1.02453
1	168	1.04117
1	177	1.83226
2	63	1.04711
2	68	1.03916
2	85	1.08502
2	122	1.06054
2	124	1.05717
2	126	1.05384
2	129	1.10971
2	130	1.05962
2	133	1.08552
2	141	0.929016
2	160	1.71856
2	163	1.77796
3	15	1.02392
3	42	1.10203
3	53	1.07522
3	64	1.05341
3	72	1.1195
3	93	1.09916
3	118	1.90685
3	120	1.11688
3	123	1.12178
3	135	1.04353
3	145	0.95804
3	149	1.42393
4	13	1.1152
4	18	0.996522
4	24	0.892512
4	31	0.863062
4	34	0.952909
4	35	0.953096
4	57	0.936285
4	62	1.00928
4	65	0.928583
4	127	1.56831
4	150	0.970031
4	163	2.15597
5	15	1.02801
5	29	1.10801
5	42	1.10613
5	53	1.07931
5	64	1.0575
5	72	1.1236
5	100	1.1332
5	108	1.74009
5	120	1.12098
5	135	1.04762
5	145	0.962134
5	174	2.26257
6	9	0.939842
6	17	0.929367
6	21	1.03314
6	25	0.922005
6	33	0.909875
6	38	1.00447
6	49	0.982131
6	51	0.981869
6	66	1.74737
6	113	0.938697
6	123	1.01108
6	128	2.03688
7	10	1.09685
7	12	0.994272
7	27	1.09442
7	32	1.07264
7	36	1.07244
7	41	1.07256
7	44	1.07294
7	109	1.08231
7	114	1.07618
7	149	1.67237
7	150	0.718331
7	166	1.95058
8	13	1.10705
8	18	0.988374
8	24	0.884364
8	28	1.01072
8	31	0.854913
8	34	0.94476
8	35	0.944947
8	57	0.928137
8	62	1.00113
8	144	1.36057
8	150	0.961882
8	176	2.43759
9	6	0.939842
9	17	0.919723
9	21	1.02349
9	30	0.992094
9	33	0.900231
9	38	0.994827
9	49	0.972487
9	51	0.972225
9	113	0.929053
9	115	2.14063
9	123	1.00144
9	150	1.37602
10	7	1.09685
10	12	0.963316
10	27	1.06346
10	32	1.04168
10	36	1.04148
10	41	1.0416
10	44	1.04198
10	90	1.03707
10	109	1.05136
10	114	1.04523
10	140	0.573522
10	169	1.02329
10	179	3.43267
11	39	1.01227
11	60	1.06781
11	73	1.03963
11	84	1.07788
11	92	1.06743
11	94	1.06699
11	100	0.966893
11	102	1.11981
11	110	0.984504
11	148	1.66892
11	154	1.02635
11	163	1.87837
11	167	0.989443
12	7	0.994272
12	10	0.963316
12	27	0.960886
12	32	0.939109
12	36	0.938906
12	41	0.93903
12	44	0.939409
12	65	0.912136
12	82	1.3338
12	90	0.934501
12	109	0.948784
12	114	0.942652
12	153	2.50873
13	4	1.1152
13	8	1.10705
13	31	1.08463
13	34	1.17447
13	35	1.17466
13	57	1.15785
13	62	1.23084
13	65	1.15015
13	137	0.985527
13	147	1.6728
13	150	1.1916
13	152	1.08065
13	162	1.67065
14	16	1.13034
14	23	1.12819
14	40	1.19199
14	45	1.1825
14	54	1.18277
14	55	1.1831
14	56	1.18341
14	67	0.695863
14	115	1.16833
14	134	1.08174
14	135	1.14231
14	152	1.35799
14	162	1.94799
15	3	1.02392
15	5	1.02801
15	29	0.956938
15	42	0.95506
15	53	0.928241
15	64	0.906433
15	72	0.972531
15	120	0.969908
15	123	0.974811
15	132	2.10631
15	135	0.896556
15	145	0.811066
15	152	1.87908
16	14	1.13034
16	22	1.00289
16	23	0.890073
16	26	0.902294
16	40	0.953878
16	45	0.944388
16	54	0.944658
16	55	0.944986
16	56	0.945298
16	117	1.27921
16	134	0.84363
16	135	0.904195
16	170	2.71931
17	6	0.929367
17	9	0.919723
17	21	1.01302
17	25	0.901886
17	30	0.981619
17	33	0.889756
17	38	0.984352
17	49	0.962012
17	51	0.96175
17	91	1.41135
17	113	0.918578
17	123	0.990962
17	168	2.47947
18	4	0.996522
18	8	0.988374
18	24	0.9954
18	28	1.12176
18	31	0.96595
18	34	1.0558
18	35	1.05598
18	57	1.03917
18	62	1.11217
18	118	1.59716
18	150	1.07292
18	163	1.43559
18	178	1.62393
19	43	0.915183
19	73	1.18409
19	77	1.24229
19	84	1.22234
19	92	1.21188
19	94	1.21145
19	102	1.26426
19	150	0.553028
19	151	2.22763
19	154	1.1708
19	167	1.1339
19	177	1.74145
20	22	1.11593
20	23	1.00311
20	26	1.01533
20	40	1.06691
20	45	1.05742
20	54	1.05769
20	55	1.05802
20	56	1.05833
20	134	0.956663
20	135	1.01723
20	146	0.660296
20	158	2.64568
20	165	1.20649
21	6	1.03314
21	9	1.02349
21	17	1.01302
21	25	1.00566
21	30	1.08539
21	33	0.993526
21	38	1.08812
21	49	1.06578
21	51	1.06552
21	69	1.06529
21	142	0.939513
21	145	3.18794
21	170	0.872904
22	16	1.00289
22	20	1.11593
22	26	1.01296
22	40	1.06455
22	45	1.05506
22	54	1.05532
22	55	1.05565
22	56	1.05597
22	134	0.954297
22	135	1.01486
22	161	1.09449
22	168	1.38992
22	174	2.29493
23	14	1.12819
23	16	0.890073
23	20	1.00311
23	26	0.900143
23	40	0.951727
23	45	0.942237
23	54	0.942506
23	55	0.942835
23	56	0.943147
23	110	2.51331
23	125	1.38637
23	134	0.841478
23	135	0.902043
24	4	0.892512
24	8	0.884364
24	18	0.9954
24	28	1.01775
24	31	0.86194
24	34	0.951787
24	35	0.951974
24	57	0.935163
24	62	1.00816
24	65	0.927461
24	150	0.968909
24	156	1.81534
24	162	2.23923
25	6	0.922005
25	17	0.901886
25	21	1.00566
25	30	0.974257
25	33	0.882394
25	38	0.97699
25	43	1.1397
25	49	0.95465
25	51	0.954388
25	69	0.954153
25	113	0.911216
25	123	0.9836
25	144	2.55229
26	16	0.902294
26	20	1.01533
26	22	1.01296
26	23	0.900143
26	40	0.963947
26	45	0.954458
26	54	0.954727
26	55	0.955056
26	56	0.955367
26	134	0.853699
26	135	0.914264
26	154	2.27075
26	157	1.61793
27	7	1.09442
27	10	1.06346
27	12	0.960886
27	32	1.03925
27	36	1.03905
27	41	1.03917
27	44	1.03955
27	69	0.956781
27	90	1.03464
27	108	1.79361
27	109	1.04893
27	114	1.0428
27	172	2.35584
28	8	1.01072
28	18	1.12176
28	24	1.01775
28	31	0.988297
28	34	1.07814
28	35	1.07833
28	57	1.06152
28	62	1.13451
28	150	1.09527
28	155	2.42045
28	163	0.807191
28	167	1.54608
29	5	1.10801
29	15	0.956938
29	42	1.03505
29	43	1.08491
29	53	1.00823
29	64	0.986424
29	72	1.05252
29	120	1.0499
29	123	1.0548
29	135	0.976547
29	145	0.891057
29	160	0.902566
29	173	2.21358
29	180	2.18984
30	9	0.992094
30	17	0.981619
30	21	1.08539
30	25	0.974257
30	33	0.962127
30	38	1.05672
30	49	1.03438
30	51	1.03412
30	69	1.03389
30	113	0.990949
30	123	1.06333
30	143	2.24707
30	153	0.943761
30	167	1.91854
31	4	0.863062
31	8	0.854913
31	13	1.08463
31	18	0.96595
31	24	0.86194
31	28	0.988297
31	34	0.922337
31	35	0.922524
31	57	0.905713
31	62	0.978706
31	65	0.898011
31	150	0.939459
31	162	1.29874
31	180	3.08287
32	7	1.07264
32	10	1.04168
32	12	0.939109
32	27	1.03925
32	36	1.01727
32	41	1.0174
32	44	1.01778
32	65	0.990503
32	90	1.01287
32	109	1.02715
32	114	1.02102
32	131	2.07359
32	144	0.883051
32	164	2.17693
33	6	0.909875
33	9	0.900231
33	17	0.889756
33	21	0.993526
33	25	0.882394
33	30	0.962127
33	38	0.96486
33	49	0.94252
33	51	0.942258
33	69	0.942023
33	113	0.899086
33	123	0.97147
33	160	1.66692
33	172	2.5733
34	4	0.952909
34	8	0.94476
34	13	1.17447
34	18	1.0558
34	24	0.951787
34	28	1.07814
34	31	0.922337
34	35	1.01237
34	57	0.99556
34	62	1.06855
34	78	1.16848
34	150	1.02931
34	166	0.911664
34	180	3.0078
35	4	0.953096
35	8	0.944947
35	13	1.17466
35	18	1.05598
35	24	0.951974
35	28	1.07833
35	31	0.922524
35	34	1.01237
35	57	0.995747
35	62	1.06874
35	144	0.984087
35	150	1.02949
35	163	1.54492
35	172	2.3919
36	7	1.07244
36	10	1.04148
36	12	0.938906
36	27	1.03905
36	32	1.01727
36	41	1.01719
36	43	0.745117
36	44	1.01757
36	65	0.9903
36	90	1.01266
36	109	1.02695
36	114	1.02082
36	140	1.69587
36	146	1.83489
37	46	1.03679
37	58	1.03995
37	81	0.994209
37	83	1.07514
37	86	1.04386
37	97	1.036
37	99	1.03435
37	120	1.06583
37	138	1.72021
37	140	1.48073
37	150	1.22803
37	156	0.980153
37	159	0.959473
37	168	0.976114
38	6	1.00447
38	9	0.994827
38	17	0.984352
38	21	1.08812
38	25	0.97699
38	30	1.05672
38	33	0.96486
38	49	1.03712
38	51	1.03685
38	113	0.993682
38	123	1.06607
38	154	0.659203
38	169	2.60809
38	176	1.74577
39	11	1.01227
39	47	0.956386
39	60	0.938581
39	73	0.910406
39	77	0.968609
39	92	0.938202
39	94	0.937768
39	99	0.94148
39	102	0.990584
39	108	0.904348
39	154	0.897124
39	164	2.27931
39	167	0.860217
39	176	2.06245
40	14	1.19199
40	16	0.953878
40	20	1.06691
40	22	1.06455
40	23	0.951727
40	26	0.963947
40	45	1.00604
40	48	1.37542
40	54	1.00631
40	55	1.00664
40	56	1.00695
40	135	0.965848
40	167	1.96122
40	174	2.02955
41	7	1.07256
41	10	1.0416
41	12	0.93903
41	27	1.03917
41	32	1.0174
41	36	1.01719
41	44	1.0177
41	65	0.990425
41	90	1.01279
41	109	1.02707
41	114	1.02094
41	153	1.40898
41	165	1.30742
41	176	2.16106
42	3	1.10203
42	5	1.10613
42	15	0.95506
42	29	1.03505
42	53	1.00635
42	64	0.984546
42	72	1.05064
42	120	1.04802
42	123	1.05292
42	135	0.974669
42	138	1.44697
42	145	0.889179
42	157	1.00697
42	166	2.18704
43	19	0.915183
43	25	1.1397
43	29	1.08491
43	36	0.745117
43	64	1.03441
43	72	1.10051
43	123	1.10279
43	145	0.939043
43	165	1.04564
43	171	0.967724
43	177	1.00697
43	178	0.999069
43	179	0.942205
43	180	0.962295
44	7	1.07294
44	10	1.04198
44	12	0.939409
44	27	1.03955
44	32	1.01778
44	36	1.01757
44	41	1.0177
44	65	0.990804
44	67	1.36464
44	90	1.01317
44	109	1.02745
44	114	1.02132
44	117	1.35715
44	161	1.95465
45	14	1.1825
45	16	0.944388
45	20	1.05742
45	22	1.05506
45	23	0.942237
45	26	0.954458
45	40	1.00604
45	54	0.996821
45	55	0.99715
45	56	0.997462
45	104	1.08106
45	134	0.895793
45	135	0.956358
45	155	3.01513
45	178	1.5902
46	1	1.10185
46	37	1.03679
46	48	1.42458
46	58	1.00794
46	71	1.05092
46	81	0.962208
46	83	1.04314
46	86	1.01186
46	97	1.004
46	99	1.00235
46	156	0.948152
46	157	0.736884
46	159	0.927471
46	168	0.944113
46	173	3.34823
47	39	0.956386
47	60	1.01192
47	73	0.983745
47	77	1.04195
47	84	1.022
47	92	1.01154
47	94	1.01111
47	99	1.01482
47	102	1.06392
47	109	1.03328
47	154	0.970463
47	160	1.64037
47	167	0.933556
47	168	1.60198
47	178	1.88811
48	40	1.37542
48	46	1.42458
48	143	0.933358
48	153	0.976725
48	161	0.981261
48	170	0.944291
48	171	0.910242
48	172	0.918471
48	174	0.938649
48	175	0.895102
48	177	0.949492
48	178	0.941587
48	179	0.884723
48	180	0.904813
49	6	0.982131
49	9	0.972487
49	17	0.962012
49	21	1.06578
49	25	0.95465
49	30	1.03438
49	33	0.94252
49	38	1.03712
49	51	1.01451
49	69	1.01428
49	113	0.971342
49	116	1.2579
49	123	1.04373
49	139	1.10954
49	173	3.06816
50	130	2.17098
50	138	0.936278
50	142	0.901161
50	151	0.84398
50	158	0.847704
50	159	0.854137
50	160	0.89675
50	162	0.876526
50	166	0.88887
50	173	0.820855
50	175	0.815195
50	178	0.861679
50	179	0.804815
50	180	0.824906
51	6	0.981869
51	9	0.972225
51	17	0.96175
51	21	1.06552
51	25	0.954388
51	30	1.03412
51	33	0.942258
51	38	1.03685
51	49	1.01451
51	69	1.01402
51	82	0.56369
51	113	0.97108
51	123	1.04346
51	162	2.24339
51	178	2.16285
52	85	1.01264
52	91	1.1623
52	98	0.994205
52	105	0.977414
52	106	1.72492
52	107	1.02496
52	111	0.980323
52	121	0.987993
52	122	0.988165
52	124	0.984802
52	126	0.981464
52	129	1.03734
52	130	0.987246
52	133	1.01314
52	161	1.93499
53	3	1.07522
53	5	1.07931
53	15	0.928241
53	29	1.00823
53	42	1.00635
53	64	0.957727
53	70	1.06961
53	72	1.02383
53	116	1.99824
53	120	1.0212
53	123	1.02611
53	132	1.63787
53	135	0.94785
53	145	0.86236
53	156	1.57674
54	14	1.18277
54	16	0.944658
54	20	1.05769
54	22	1.05532
54	23	0.942506
54	26	0.954727
54	40	1.00631
54	45	0.996821
54	55	0.997419
54	56	0.997731
54	134	0.896062
54	135	0.956628
54	136	0.916779
54	172	2.40567
54	178	1.74703
55	14	1.1831
55	16	0.944986
55	20	1.05802
55	22	1.05565
55	23	0.942835
55	26	0.955056
55	40	1.00664
55	45	0.99715
55	54	0.997419
55	56	0.99806
55	80	3.2
55	89	0.639459
55	134	0.896391
55	135	0.956956
55	174	1.46099
56	14	1.18341
56	16	0.945298
56	20	1.05833
56	22	1.05597
56	23	0.943147
56	26	0.955367
56	40	1.00695
56	45	0.997462
56	54	0.997731
56	55	0.99806
56	134	0.896703
56	135	0.957268
56	141	1.0826
56	171	2.95879
56	178	1.58047
57	4	0.936285
57	8	0.928137
57	13	1.15785
57	18	1.03917
57	24	0.935163
57	28	1.06152
57	31	0.905713
57	34	0.99556
57	35	0.995747
57	62	1.05193
57	65	0.971234
57	67	1.3395
57	150	1.01268
57	157	1.09954
57	178	2.51108
58	37	1.03995
58	46	1.00794
58	71	1.05408
58	81	0.965363
58	83	1.04629
58	86	1.01502
58	97	1.00716
58	104	0.48806
58	114	1.01783
58	120	1.03698
58	151	2.97784
58	154	1.36639
58	156	0.951307
58	159	0.930626
58	168	0.947268
59	89	0.932848
59	95	0.827296
59	111	1.57426
59	131	0.890681
59	155	0.837207
59	160	0.896544
59	161	0.901147
59	170	0.864177
59	172	0.838357
59	174	0.858535
59	176	0.846264
59	177	0.869378
59	179	0.804609
59	180	0.824699
60	11	1.06781
60	39	0.938581
60	47	1.01192
60	73	0.965939
60	77	1.02414
60	84	1.00419
60	92	0.993735
60	94	0.993301
60	102	1.04612
60	109	1.01547
60	110	0.910811
60	128	1.7637
60	154	0.952657
60	157	0.762357
60	167	0.91575
60	174	2.79278
61	91	1.42635
61	96	0.991253
61	98	0.980855
61	107	1.01161
61	111	0.966973
61	112	1.00294
61	115	0.930093
61	117	1.60154
61	121	0.974643
61	122	0.974814
61	124	0.971452
61	126	0.968114
61	129	1.02399
61	130	0.973896
61	133	0.999793
61	154	2.02189
62	4	1.00928
62	8	1.00113
62	13	1.23084
62	18	1.11217
62	24	1.00816
62	28	1.13451
62	31	0.978706
62	34	1.06855
62	35	1.06874
62	57	1.05193
62	65	1.04423
62	87	3.8
62	146	1.19928
62	150	1.08567
62	157	1.00482
62	174	1.45505
63	2	1.04711
63	85	0.988951
63	96	0.980911
63	105	0.953721
63	107	1.00127
63	111	0.95663
63	112	0.992598
63	113	1.09338
63	122	0.964472
63	124	0.961109
63	126	0.957771
63	129	1.01364
63	130	0.963553
63	133	0.98945
63	142	1.50856
63	180	3.04559
64	3	1.05341
64	5	1.0575
64	15	0.906433
64	29	0.986424
64	42	0.984546
64	43	1.03441
64	53	0.957727
64	70	1.0478
64	72	1.00202
64	89	1.21162
64	120	0.999394
64	123	1.0043
64	135	0.926042
64	145	0.840552
64	168	1.0403
64	179	4.14669
65	4	0.928583
65	12	0.912136
65	13	1.15015
65	24	0.927461
65	31	0.898011
65	32	0.990503
65	36	0.9903
65	41	0.990425
65	44	0.990804
65	57	0.971234
65	62	1.04423
65	114	0.994046
65	137	1.38325
65	150	1.00498
65	165	1.46203
65	167	2.53837
66	6	1.74737
66	85	0.979253
66	111	0.946932
66	114	0.674979
66	121	0.954602
66	124	0.951411
66	126	0.948073
66	130	0.953855
66	136	0.93885
66	173	0.857619
66	175	0.85196
66	176	0.883235
66	177	0.906349
66	178	0.898444
66	179	0.84158
66	180	0.86167
67	14	0.695863
67	44	1.36464
67	57	1.3395
67	127	0.989497
67	147	0.977849
67	150	1.0658
67	151	0.957503
67	166	1.00239
67	169	0.963296
67	170	0.977906
67	171	0.943857
67	172	0.952086
67	173	0.934377
67	174	0.972265
67	178	0.975202
67	179	0.918338
67	180	0.938428
68	2	1.03916
68	79	0.933025
68	88	1.10971
68	96	0.972962
68	105	0.945773
68	107	0.993318
68	111	0.948681
68	112	0.984649
68	121	0.956351
68	122	0.956523
68	124	0.953161
68	126	0.949822
68	129	1.0057
68	130	0.955604
68	131	1.91516
68	133	0.981501
68	175	2.98619
69	21	1.06529
69	25	0.954153
69	27	0.956781
69	30	1.03389
69	33	0.942023
69	49	1.01428
69	51	1.01402
69	84	0.675479
69	122	0.65766
69	123	1.04323
69	153	0.974648
69	161	0.979184
69	172	0.916394
69	176	0.924301
69	178	0.93951
69	179	0.882646
69	180	0.902736
70	53	1.06961
70	64	1.0478
70	72	1.1139
70	82	0.634353
70	105	1.05804
70	107	1.10559
70	112	1.09692
70	121	1.06862
70	124	1.06543
70	126	1.06209
70	133	1.09377
70	135	1.03793
70	137	1.62893
70	141	1.19623
70	145	0.952436
70	147	2.31621
71	1	1.14798
71	46	1.05092
71	58	1.05408
71	81	1.00834
71	83	1.08927
71	86	1.05799
71	90	1.05266
71	97	1.05013
71	108	1.06629
71	114	1.06081
71	120	1.07996
71	131	1.41125
71	156	0.994285
71	159	0.973605
71	168	0.990246
71	177	1.33643
71	180	2.83456
72	3	1.1195
72	5	1.1236
72	15	0.972531
72	29	1.05252
72	42	1.05064
72	43	1.10051
72	53	1.02383
72	64	1.00202
72	70	1.1139
72	120	1.06549
72	123	1.07039
72	135	0.99214
72	145	0.90665
72	146	0.691629
72	153	1.33938
72	170	2.02465
72	177	2.13016
73	11	1.03963
73	19	1.18409
73	39	0.910406
73	47	0.983745
73	60	0.965939
73	77	0.995967
73	84	0.976016
73	92	0.96556
73	94	0.965127
73	102	1.01794
73	108	0.931707
73	110	0.882636
73	154	0.924482
73	156	1.27132
73	164	2.15937
73	167	0.887575
73	172	2.2733
74	79	0.937916
74	85	0.985893
74	98	0.967455
74	105	0.950663
74	107	0.998209
74	111	0.953572
74	112	0.98954
74	119	1.72588
74	121	0.961242
74	122	0.961414
74	124	0.958051
74	126	0.954713
74	129	1.01059
74	130	0.960495
74	133	0.986392
74	136	2.02887
74	150	1.3954
75	78	0.901989
75	106	0.960845
75	109	1.01515
75	121	1.11576
75	132	0.916497
75	146	0.975174
75	155	0.880045
75	158	0.890336
75	162	0.919158
75	166	0.931502
75	169	0.892405
75	172	0.881195
75	174	0.901373
75	177	0.912216
75	178	0.904311
75	179	0.847447
75	180	0.867537
76	83	1.12382
76	89	0.976024
76	105	0.79065
76	108	0.934855
76	137	0.978473
76	151	0.88695
76	153	0.939787
76	155	0.880382
76	161	0.944323
76	169	0.892742
76	171	0.873304
76	175	0.858164
76	176	0.88944
76	177	0.912554
76	178	0.904649
76	179	0.847785
76	180	0.867875
77	19	1.24229
77	39	0.968609
77	47	1.04195
77	60	1.02414
77	73	0.995967
77	84	1.03422
77	92	1.02376
77	94	1.02333
77	99	1.02704
77	100	1.23463
77	102	1.07615
77	106	1.54281
77	108	0.98991
77	109	1.0455
77	138	1.3629
77	154	0.982685
77	165	1.80865
77	167	0.945779
78	34	1.16848
78	75	0.901989
78	90	1.73488
78	100	0.976319
78	111	0.911403
78	112	0.947371
78	121	0.919073
78	122	0.919245
78	124	0.915882
78	129	0.968417
78	133	0.944223
78	148	0.887853
78	166	0.890106
78	173	0.82209
78	174	0.859978
78	178	0.862915
78	179	0.806051
78	180	0.826141
79	68	0.933025
79	74	0.937916
79	95	4
79	96	0.970837
79	98	0.960439
79	101	1.26745
79	105	0.943648
79	107	0.991194
79	111	0.946557
79	112	0.982525
79	115	0.909677
79	121	0.954227
79	122	0.954398
79	124	0.951036
79	129	1.00357
79	130	0.95348
79	133	0.979377
79	164	0.999209
80	1	1.00255
80	55	3.2
80	81	0.862903
80	83	0.943831
80	95	0.801532
80	97	0.904697
80	156	0.848847
80	159	0.828167
80	160	0.87078
80	163	0.869409
80	168	0.844808
80	172	0.812592
80	175	0.789224
80	178	0.835708
80	179	0.778844
80	180	0.798935
81	1	1.05927
81	37	0.994209
81	46	0.962208
81	58	0.965363
81	71	1.00834
81	80	0.862903
81	83	1.00055
81	86	0.969281
81	90	0.963944
81	97	0.961421
81	114	0.972095
81	119	1.63448
81	120	0.991248
81	127	1.99172
81	146	1.69573
81	156	0.905571
81	159	0.884891
81	168	0.901532
82	12	1.3338
82	51	0.56369
82	70	0.634353
82	93	1.06921
82	123	0.0937056
82	132	1.02892
82	141	1.1511
82	143	1.00851
82	152	1.07204
82	163	1.05043
82	165	1.06331
82	169	1.00483
82	170	1.01944
82	172	0.993618
82	175	0.97025
82	178	1.01673
82	179	0.95987
82	180	0.979961
83	37	1.07514
83	46	1.04314
83	58	1.04629
83	71	1.08927
83	76	1.12382
83	80	0.943831
83	81	1.00055
83	86	1.05021
83	90	1.04487
83	97	1.04235
83	110	1.88669
83	114	1.05302
83	120	1.07218
83	144	0.819996
83	156	0.986498
83	159	0.965818
83	168	0.982459
83	177	1.93571
84	11	1.07788
84	19	1.22234
84	47	1.022
84	60	1.00419
84	69	0.675479
84	73	0.976016
84	77	1.03422
84	92	1.00381
84	94	1.00338
84	99	1.00709
84	102	1.05619
84	108	0.969958
84	109	1.02555
84	110	0.920888
84	115	1.69104
84	146	1.31817
84	152	1.8807
84	154	0.962734
84	167	0.925827
85	2	1.08502
85	52	1.01264
85	63	0.988951
85	66	0.979253
85	74	0.985893
85	93	1.61568
85	98	1.00842
85	105	0.991626
85	107	1.03917
85	121	1.0022
85	122	1.00238
85	124	0.999014
85	126	0.995675
85	129	1.05155
85	130	1.00146
85	133	1.02735
85	149	1.94046
85	157	1.0386
85	161	1.86858
86	1	1.10892
86	37	1.04386
86	46	1.01186
86	58	1.01502
86	71	1.05799
86	81	0.969281
86	83	1.05021
86	90	1.0136
86	97	1.01107
86	99	1.00942
86	114	1.02175
86	120	1.0409
86	143	1.76432
86	156	0.955224
86	159	0.934544
86	167	1.43579
86	168	0.951185
86	171	2.26357
86	174	1.50413
87	62	3.8
87	118	0.865928
87	127	0.849397
87	139	0.871911
87	141	0.96947
87	148	0.860041
87	152	0.890411
87	162	0.84995
87	163	0.868804
87	164	0.835728
87	166	0.862294
87	169	0.823197
87	171	0.803758
87	172	0.811987
87	175	0.788619
87	176	0.819894
87	178	0.835103
87	179	0.778239
87	180	0.798329
88	68	1.10971
88	98	0.409338
88	109	0.208193
88	120	0.158899
88	137	1.06924
88	143	0.987191
88	147	0.998067
88	148	1.02036
88	151	0.977721
88	152	1.05073
88	157	1.10593
88	170	0.998124
88	173	0.954595
88	174	0.992482
88	175	0.948936
88	176	0.980211
88	177	1.00333
88	178	0.99542
88	179	0.938556
88	180	0.958646
89	55	0.639459
89	59	0.932848
89	64	1.21162
89	76	0.976024
89	127	0.950907
89	130	1.5199
89	139	0.97342
89	140	1.04502
89	144	0.999165
89	155	0.912346
89	163	0.970313
89	169	0.924706
89	170	0.939317
89	172	0.913497
89	174	0.933675
89	175	0.890128
89	176	0.921404
89	178	0.936612
89	179	0.879749
89	180	0.899839
90	10	1.03707
90	12	0.934501
90	27	1.03464
90	32	1.01287
90	36	1.01266
90	41	1.01279
90	44	1.01317
90	71	1.05266
90	78	1.73488
90	81	0.963944
90	83	1.04487
90	86	1.0136
90	97	1.00574
90	109	1.02254
90	140	1.05814
90	143	2.58861
90	156	0.949887
90	159	0.929207
90	165	1.18374
90	168	0.945848
91	17	1.41135
91	52	1.1623
91	61	1.42635
91	131	0.975294
91	134	0.910984
91	138	1.02068
91	147	0.948732
91	155	0.921819
91	164	0.94671
91	166	0.973277
91	168	0.955185
91	170	0.948789
91	171	0.91474
91	172	0.922969
91	175	0.899601
91	176	0.930876
91	177	0.953991
91	178	0.946085
91	179	0.889221
91	180	0.909312
92	11	1.06743
92	19	1.21188
92	39	0.938202
92	47	1.01154
92	60	0.993735
92	73	0.96556
92	77	1.02376
92	84	1.00381
92	94	0.992923
92	99	0.996635
92	102	1.04574
92	108	0.959503
92	109	1.01509
92	110	0.910432
92	149	0.77194
92	152	0.772174
92	154	0.952278
92	167	0.915372
92	169	2.4718
92	173	3.17004
93	3	1.09916
93	82	1.06921
93	85	1.61568
93	108	0.947921
93	133	0.50734
93	150	1.00831
93	153	0.952853
93	157	1.02822
93	158	0.903739
93	160	0.952786
93	162	0.932562
93	164	0.918339
93	165	0.964289
93	169	0.905808
93	170	0.920419
93	175	0.87123
93	177	0.92562
93	178	0.917714
93	179	0.860851
93	180	0.880941
94	11	1.06699
94	19	1.21145
94	39	0.937768
94	47	1.01111
94	60	0.993301
94	73	0.965127
94	77	1.02333
94	84	1.00338
94	92	0.992923
94	99	0.996201
94	102	1.04531
94	108	0.959069
94	109	1.01466
94	110	0.909998
94	142	1.81467
94	154	0.951845
94	158	2.40043
94	161	0.905469
94	167	0.914938
94	177	1.85358
95	59	0.827296
95	79	4
95	80	0.801532
95	106	0.887595
95	108	0.861267
95	115	0.842669
95	125	0.895226
95	146	0.901924
95	147	0.833708
95	148	0.855999
95	156	0.8442
95	158	0.817086
95	163	0.864762
95	165	0.877636
95	171	0.799716
95	174	0.828123
95	177	0.838966
95	178	0.831061
95	179	0.774197
95	180	0.794287
96	61	0.991253
96	63	0.980911
96	68	0.972962
96	79	0.970837
96	98	1.00038
96	105	0.983585
96	107	1.03113
96	111	0.986494
96	112	1.02246
96	121	0.994164
96	122	0.994335
96	124	0.990973
96	126	0.987635
96	129	1.04351
96	130	0.993416
96	133	1.01931
96	152	1.02941
96	159	1.49508
96	166	1.30739
96	171	2.91718
97	1	1.10106
97	37	1.036
97	46	1.004
97	58	1.00716
97	71	1.05013
97	80	0.904697
97	81	0.961421
97	83	1.04235
97	86	1.01107
97	90	1.00574
97	99	1.00156
97	114	1.01389
97	120	1.03304
97	128	1.39942
97	142	2.13726
97	147	1.89231
97	148	1.41182
97	156	0.947364
97	159	0.926684
97	168	0.943325
98	52	0.994205
98	61	0.980855
98	74	0.967455
98	79	0.960439
98	85	1.00842
98	88	0.409338
98	96	1.00038
98	105	0.973187
98	106	1.13228
98	111	0.976096
98	112	1.01206
98	115	0.939216
98	121	0.983766
98	122	0.983937
98	124	0.980575
98	125	1.11449
98	126	0.977237
98	129	1.03311
98	130	0.983018
98	133	1.00892
98	175	3.43631
99	37	1.03435
99	39	0.94148
99	46	1.00235
99	47	1.01482
99	77	1.02704
99	84	1.00709
99	86	1.00942
99	92	0.996635
99	94	0.996201
99	97	1.00156
99	100	0.865282
99	102	1.04902
99	114	1.01224
99	154	0.955557
99	156	0.945714
99	159	0.925033
99	166	1.73363
99	167	0.91865
99	168	0.941675
99	176	2.29295
99	178	1.9651
100	5	1.1332
100	11	0.966893
100	77	1.23463
100	78	0.976319
100	99	0.865282
100	103	0.943288
100	138	1.05324
100	141	1.11301
100	144	1.04119
100	153	1.01378
100	160	1.01371
100	164	0.979266
100	165	1.02522
100	170	0.981345
100	172	0.955525
100	173	0.937817
100	174	0.975704
100	175	0.932157
100	178	0.978641
100	179	0.921777
100	180	0.941868
101	79	1.26745
101	103	0.837522
101	128	0.895735
101	133	2.15474
101	136	0.913282
101	139	0.909683
101	140	0.981281
101	142	0.912357
101	149	0.943996
101	151	0.855176
101	155	0.848609
101	157	0.983381
101	163	0.906576
101	165	0.91945
101	171	0.84153
101	173	0.832051
101	175	0.826391
101	177	0.880781
101	178	0.872875
101	179	0.816011
101	180	0.836102
102	11	1.11981
102	19	1.26426
102	39	0.990584
102	47	1.06392
102	60	1.04612
102	73	1.01794
102	77	1.07615
102	84	1.05619
102	92	1.04574
102	94	1.04531
102	99	1.04902
102	108	1.01189
102	109	1.06747
102	110	0.962815
102	119	0.596076
102	137	1.12474
102	140	1.00153
102	154	1.00466
102	167	0.967754
102	170	1.99035
102	175	3.24172
103	100	0.943288
103	101	0.837522
103	111	2.97426
103	127	0.844179
103	138	0.904483
103	139	0.866692
103	148	0.854822
103	155	0.805618
103	162	0.844731
103	163	0.863585
103	165	0.876459
103	166	0.857075
103	167	0.815959
103	169	0.817978
103	172	0.806768
103	175	0.7834
103	176	0.814675
103	177	0.837789
103	178	0.829884
103	179	0.77302
103	180	0.79311
104	45	1.08106
104	58	0.48806
104	107	0.739761
104	123	0.0558168
104	133	0.319985
104	146	1.10105
104	147	1.03283
104	148	1.05512
104	151	1.01249
104	152	1.08549
104	160	1.06526
104	162	1.04503
104	165	1.07676
104	166	1.05738
104	172	1.00707
104	173	0.989361
104	175	0.983702
104	176	1.01498
104	177	1.03809
104	178	1.03019
104	179	0.973322
104	180	0.993412
105	52	0.977414
105	63	0.953721
105	68	0.945773
105	70	1.05804
105	74	0.950663
105	76	0.79065
105	79	0.943648
105	85	0.991626
105	96	0.983585
105	98	0.973187
105	111	0.959304
105	112	0.995273
105	121	0.966975
105	122	0.967146
105	124	0.963784
105	126	0.960446
105	129	1.01632
105	130	0.966227
105	133	0.992124
105	145	3.81206
105	147	1.31869
105	149	0.726308
106	52	1.72492
106	75	0.960845
106	77	1.54281
106	95	0.887595
106	98	1.13228
106	117	0.995449
106	136	0.962178
106	142	0.961253
106	143	0.913542
106	149	0.992892
106	151	0.904072
106	157	1.03228
106	169	0.909865
106	171	0.890426
106	173	0.880947
106	174	0.918834
106	175	0.875287
106	176	0.906562
106	177	0.929677
106	178	0.921771
106	179	0.864907
106	180	0.884998
107	52	1.02496
107	61	1.01161
107	63	1.00127
107	68	0.993318
107	70	1.10559
107	74	0.998209
107	79	0.991194
107	85	1.03917
107	96	1.03113
107	104	0.739761
107	111	1.00685
107	112	1.04282
107	115	0.969971
107	119	1.24357
107	121	1.01452
107	122	1.01469
107	125	1.56739
107	126	1.00799
107	129	1.06386
107	130	1.01377
107	133	1.03967
107	136	1.54656
107	148	1.97901
108	5	1.74009
108	27	1.79361
108	39	0.904348
108	71	1.06629
108	73	0.931707
108	76	0.934855
108	77	0.98991
108	84	0.969958
108	92	0.959503
108	93	0.947921
108	94	0.959069
108	95	0.861267
108	102	1.01189
108	138	0.970043
108	154	0.918425
108	158	0.881468
108	166	0.922635
108	167	0.881518
108	171	0.864098
108	172	0.872327
108	178	0.895443
108	179	0.838579
108	180	0.85867
109	7	1.08231
109	10	1.05136
109	12	0.948784
109	27	1.04893
109	32	1.02715
109	36	1.02695
109	41	1.02707
109	44	1.02745
109	47	1.03328
109	60	1.01547
109	75	1.01515
109	77	1.0455
109	84	1.02555
109	88	0.208193
109	90	1.02254
109	92	1.01509
109	94	1.01466
109	102	1.06747
109	118	1.69599
109	154	0.974014
109	159	1.67898
109	167	0.937107
109	177	2.08931
110	11	0.984504
110	23	2.51331
110	60	0.910811
110	73	0.882636
110	83	1.88669
110	84	0.920888
110	92	0.910432
110	94	0.909998
110	102	0.962815
110	141	0.980739
110	143	0.838143
110	154	0.869354
110	160	0.881444
110	162	0.86122
110	166	0.873564
110	167	0.832447
110	173	0.805548
110	174	0.843435
110	177	0.854278
110	178	0.846372
110	179	0.789509
110	180	0.809599
111	52	0.980323
111	59	1.57426
111	61	0.966973
111	63	0.95663
111	66	0.946932
111	68	0.948681
111	74	0.953572
111	78	0.911403
111	79	0.946557
111	96	0.986494
111	98	0.976096
111	103	2.97426
111	105	0.959304
111	107	1.00685
111	112	0.998181
111	121	0.969883
111	122	0.970055
111	124	0.966692
111	126	0.963354
111	130	0.969136
111	133	0.995033
111	160	1.47885
111	177	1.08108
112	61	1.00294
112	63	0.992598
112	68	0.984649
112	70	1.09692
112	74	0.98954
112	78	0.947371
112	79	0.982525
112	96	1.02246
112	98	1.01206
112	105	0.995273
112	107	1.04282
112	111	0.998181
112	117	0.962099
112	121	1.00585
112	122	1.00602
112	124	1.00266
112	125	1.33174
112	126	0.999322
112	129	1.0552
112	130	1.0051
112	133	1.031
112	156	1.79782
112	159	2.09738
112	166	1.90969
113	1	1.37817
113	6	0.938697
113	9	0.929053
113	17	0.918578
113	25	0.911216
113	30	0.990949
113	33	0.899086
113	38	0.993682
113	49	0.971342
113	51	0.97108
113	63	1.09338
113	132	0.908758
113	135	1.5946
113	155	0.872306
113	158	0.882597
113	161	0.936247
113	166	0.923764
113	168	0.905672
113	172	0.873457
113	175	0.850088
113	177	0.904478
113	178	0.896572
113	179	0.839709
113	180	0.859799
114	7	1.07618
114	10	1.04523
114	12	0.942652
114	27	1.0428
114	32	1.02102
114	36	1.02082
114	41	1.02094
114	44	1.02132
114	58	1.01783
114	65	0.994046
114	66	0.674979
114	71	1.06081
114	81	0.972095
114	83	1.05302
114	86	1.02175
114	97	1.01389
114	99	1.01224
114	138	1.01807
114	149	0.864996
114	156	0.958038
114	159	0.937358
114	168	0.953999
114	169	2.56485
114	180	3.23935
115	9	2.14063
115	14	1.16833
115	61	0.930093
115	79	0.909677
115	84	1.69104
115	95	0.842669
115	98	0.939216
115	107	0.969971
115	116	0.923442
115	118	0.907671
115	121	0.933004
115	122	0.933175
115	126	0.926475
115	129	0.982348
115	130	0.932256
115	133	0.958154
115	146	0.947709
115	152	0.932154
115	154	0.899827
115	173	0.836021
115	174	0.873908
115	176	0.861637
115	178	0.876846
115	179	0.819982
115	180	0.840072
116	1	1.54386
116	49	1.2579
116	53	1.99824
116	115	0.923442
116	119	0.986379
116	125	0.975999
116	143	0.903604
116	149	0.982954
116	156	0.924972
116	158	0.897858
116	162	0.926681
116	164	0.912458
116	165	0.958408
116	169	0.899927
116	170	0.914537
116	171	0.880488
116	172	0.888718
116	173	0.871009
116	174	0.908896
116	175	0.865349
116	176	0.896625
116	177	0.919739
116	179	0.854969
116	180	0.87506
117	16	1.27921
117	44	1.35715
117	61	1.60154
117	106	0.995449
117	112	0.962099
117	125	1.00308
117	134	0.903814
117	148	0.963853
117	149	1.01004
117	152	0.994223
117	159	0.931373
117	160	0.973987
117	161	0.97859
117	162	0.953763
117	165	0.98549
117	167	0.92499
117	169	0.927009
117	171	0.90757
117	172	0.915799
117	173	0.898091
117	175	0.892431
117	176	0.923706
117	177	0.946821
117	178	0.938915
117	179	0.882051
117	180	0.902142
118	3	1.90685
118	18	1.59716
118	87	0.865928
118	109	1.69599
118	115	0.907671
118	131	0.925271
118	132	0.908248
118	141	1.03043
118	146	0.966926
118	147	0.898709
118	148	0.921
118	150	0.986657
118	152	0.95137
118	155	0.871796
118	162	0.91091
118	166	0.923254
118	169	0.884156
118	171	0.864717
118	172	0.872946
118	173	0.855238
118	174	0.893125
118	175	0.849578
118	176	0.880853
118	178	0.896062
118	179	0.839198
118	180	0.859289
119	74	1.72588
119	81	1.63448
119	102	0.596076
119	107	1.24357
119	116	0.986379
119	127	0.954077
119	145	0.879756
119	146	1.01065
119	147	0.942429
119	148	0.96472
119	151	0.922083
119	156	0.952921
119	157	1.05029
119	158	0.925807
119	163	0.973483
119	165	0.986357
119	168	0.948882
119	169	0.927876
119	170	0.942487
119	171	0.908437
119	174	0.936845
119	175	0.893298
119	176	0.924574
119	178	0.939782
119	179	0.882919
119	180	0.903009
120	3	1.11688
120	5	1.12098
120	15	0.969908
120	29	1.0499
120	37	1.06583
120	42	1.04802
120	53	1.0212
120	58	1.03698
120	64	0.999394
120	71	1.07996
120	72	1.06549
120	81	0.991248
120	83	1.07218
120	86	1.0409
120	88	0.158899
120	97	1.03304
120	123	1.06777
120	135	0.989517
120	140	0.590207
120	145	0.904027
120	150	1.02058
120	155	2.36442
120	156	0.977192
120	159	0.956511
120	168	0.973153
120	170	1.20053
120	179	4.53904
121	52	0.987993
121	61	0.974643
121	66	0.954602
121	68	0.956351
121	70	1.06862
121	74	0.961242
121	75	1.11576
121	78	0.919073
121	79	0.954227
121	85	1.0022
121	96	0.994164
121	98	0.983766
121	105	0.966975
121	107	1.01452
121	111	0.969883
121	112	1.00585
121	115	0.933004
121	122	0.977725
121	124	0.974363
121	126	0.971024
121	129	1.0269
121	130	0.976806
121	133	1.0027
121	138	0.851844
121	153	1.39915
121	161	1.24182
121	175	3.33578
122	2	1.06054
122	52	0.988165
122	61	0.974814
122	63	0.964472
122	68	0.956523
122	69	0.65766
122	74	0.961414
122	78	0.919245
122	79	0.954398
122	85	1.00238
122	96	0.994335
122	98	0.983937
122	105	0.967146
122	107	1.01469
122	111	0.970055
122	112	1.00602
122	115	0.933175
122	121	0.977725
122	124	0.974534
122	126	0.971196
122	129	1.02707
122	130	0.976978
122	133	1.00287
122	141	1.33506
122	150	0.908615
122	159	2.32856
122	176	2.70018
123	3	1.12178
123	6	1.01108
123	9	1.00144
123	15	0.974811
123	17	0.990962
123	25	0.9836
123	29	1.0548
123	30	1.06333
123	33	0.97147
123	38	1.06607
123	42	1.05292
123	43	1.10279
123	49	1.04373
123	51	1.04346
123	53	1.02611
123	64	1.0043
123	69	1.04323
123	72	1.07039
123	82	0.0937056
123	104	0.0558168
123	120	1.06777
123	134	2.57541
123	135	0.99442
123	141	0.655583
123	145	0.90893
123	165	1.31157
123	179	4.6816
124	2	1.05717
124	52	0.984802
124	61	0.971452
124	63	0.961109
124	66	0.951411
124	68	0.953161
124	70	1.06543
124	74	0.958051
124	78	0.915882
124	79	0.951036
124	85	0.999014
124	96	0.990973
124	98	0.980575
124	105	0.963784
124	111	0.966692
124	112	1.00266
124	121	0.974363
124	122	0.974534
124	126	0.967834
124	129	1.02371
124	130	0.973615
124	133	0.999512
124	134	3.22459
124	157	0.932893
124	165	1.20543
124	170	1.99226
124	178	1.73123
125	23	1.38637
125	95	0.895226
125	98	1.11449
125	107	1.56739
125	112	1.33174
125	116	0.975999
125	117	1.00308
125	140	1.03781
125	144	0.991955
125	148	0.95434
125	152	0.98471
125	153	0.964541
125	156	0.942541
125	160	0.964474
125	163	0.963103
125	164	0.930027
125	167	0.915477
125	171	0.898057
125	172	0.906286
125	173	0.888578
125	174	0.926465
125	175	0.882918
125	176	0.914193
125	177	0.937308
125	178	0.929402
125	179	0.872538
125	180	0.892629
126	2	1.05384
126	52	0.981464
126	61	0.968114
126	63	0.957771
126	66	0.948073
126	68	0.949822
126	70	1.06209
126	74	0.954713
126	85	0.995675
126	96	0.987635
126	98	0.977237
126	105	0.960446
126	107	1.00799
126	111	0.963354
126	112	0.999322
126	115	0.926475
126	121	0.971024
126	122	0.971196
126	124	0.967834
126	129	1.02037
126	130	0.970277
126	132	1.85582
126	133	0.996174
126	136	1.30779
126	139	2.06783
126	148	1.74025
126	168	1.85191
127	4	1.56831
127	67	0.989497
127	81	1.99172
127	87	0.849397
127	89	0.950907
127	103	0.844179
127	119	0.954077
127	128	0.902392
127	135	0.906128
127	138	0.954131
127	139	0.91634
127	148	0.90447
127	149	0.950653
127	156	0.892671
127	157	0.990038
127	160	0.914603
127	164	0.880157
127	165	0.926107
127	166	0.906723
127	168	0.888632
127	169	0.867626
127	176	0.864323
127	177	0.887437
127	178	0.879532
127	179	0.822668
127	180	0.842758
128	6	2.03688
128	60	1.7637
128	97	1.39942
128	101	0.895735
128	127	0.902392
128	131	0.917305
128	136	0.928503
128	140	0.996503
128	141	1.02246
128	142	0.927579
128	147	0.890744
128	148	0.913035
128	149	0.959218
128	157	0.998603
128	162	0.902944
128	167	0.874172
128	169	0.876191
128	172	0.864981
128	173	0.847272
128	174	0.88516
128	175	0.841613
128	176	0.872888
128	177	0.896002
128	178	0.888097
128	179	0.831233
128	180	0.851323
129	2	1.10971
129	52	1.03734
129	61	1.02399
129	63	1.01364
129	68	1.0057
129	74	1.01059
129	78	0.968417
129	79	1.00357
129	85	1.05155
129	96	1.04351
129	98	1.03311
129	105	1.01632
129	107	1.06386
129	112	1.0552
129	115	0.982348
129	121	1.0269
129	122	1.02707
129	124	1.02371
129	126	1.02037
129	130	1.02615
129	133	1.05205
129	139	1.57028
129	154	0.881767
129	158	2.55389
129	160	1.39275
129	164	2.18519
129	165	1.11469
130	2	1.05962
130	50	2.17098
130	52	0.987246
130	61	0.973896
130	63	0.963553
130	66	0.953855
130	68	0.955604
130	74	0.960495
130	79	0.95348
130	85	1.00146
130	89	1.5199
130	96	0.993416
130	98	0.983018
130	105	0.966227
130	107	1.01377
130	111	0.969136
130	112	1.0051
130	115	0.932256
130	121	0.976806
130	122	0.976978
130	124	0.973615
130	126	0.970277
130	129	1.02615
130	133	1.00196
130	139	1.65235
130	141	0.685276
130	168	1.43643
131	32	2.07359
131	59	0.890681
131	68	1.91516
131	71	1.41125
131	91	0.975294
131	118	0.925271
131	128	0.917305
131	134	0.859344
131	138	0.969045
131	143	0.886217
131	162	0.909293
131	163	0.928146
131	164	0.89507
131	165	0.94102
131	166	0.921637
131	168	0.903546
131	169	0.882539
131	170	0.89715
131	171	0.863101
131	172	0.87133
131	174	0.891508
131	175	0.847961
131	176	0.879237
131	177	0.902351
131	178	0.894446
131	179	0.837582
131	180	0.857672
132	15	2.10631
132	53	1.63787
132	75	0.916497
132	82	1.02892
132	113	0.908758
132	118	0.908248
132	126	1.85582
132	137	0.951247
132	141	1.01179
132	142	0.916905
132	156	0.890562
132	160	0.912494
132	161	0.917098
132	162	0.89227
132	163	0.911124
132	164	0.878048
132	166	0.904614
132	167	0.863498
132	169	0.865517
132	171	0.846078
132	173	0.836598
132	174	0.874486
132	175	0.830939
132	176	0.862214
132	177	0.885328
132	178	0.877423
132	179	0.820559
132	180	0.840649
133	2	1.08552
133	52	1.01314
133	61	0.999793
133	63	0.98945
133	68	0.981501
133	70	1.09377
133	74	0.986392
133	78	0.944223
133	79	0.979377
133	85	1.02735
133	93	0.50734
133	96	1.01931
133	98	1.00892
133	101	2.15474
133	104	0.319985
133	105	0.992124
133	107	1.03967
133	111	0.995033
133	112	1.031
133	115	0.958154
133	121	1.0027
133	122	1.00287
133	124	0.999512
133	126	0.996174
133	129	1.05205
133	130	1.00196
133	141	0.916238
133	151	2.19453
133	169	2.53197
134	14	1.08174
134	16	0.84363
134	20	0.956663
134	22	0.954297
134	23	0.841478
134	26	0.853699
134	45	0.895793
134	54	0.896062
134	55	0.896391
134	56	0.896703
134	91	0.910984
134	117	0.903814
134	123	2.57541
134	124	3.22459
134	131	0.859344
134	135	0.8556
134	143	0.821907
134	145	0.77011
134	151	0.812437
134	155	0.80587
134	162	0.844983
134	164	0.830761
134	169	0.81823
134	172	0.80702
134	174	0.827199
134	175	0.783652
134	177	0.838041
134	179	0.773272
134	180	0.793362
135	3	1.04353
135	5	1.04762
135	14	1.14231
135	15	0.896556
135	16	0.904195
135	20	1.01723
135	22	1.01486
135	23	0.902043
135	26	0.914264
135	29	0.976547
135	40	0.965848
135	42	0.974669
135	45	0.956358
135	53	0.94785
135	54	0.956628
135	55	0.956956
135	56	0.957268
135	64	0.926042
135	70	1.03793
135	72	0.99214
135	113	1.5946
135	120	0.989517
135	123	0.99442
135	127	0.906128
135	134	0.8556
135	137	1.07755
135	145	0.830675
135	156	1.33878
135	171	3.06045
136	54	0.916779
136	66	0.93885
136	74	2.02887
136	101	0.913282
136	106	0.962178
136	107	1.54656
136	126	1.30779
136	128	0.928503
136	141	1.04001
136	142	0.945125
136	146	0.976507
136	149	0.976764
136	152	0.960951
136	157	1.01615
136	158	0.891668
136	159	0.898102
136	160	0.940715
136	163	0.939344
136	164	0.906268
136	165	0.952218
136	168	0.914743
136	173	0.864819
136	174	0.902706
136	175	0.859159
136	176	0.890435
136	177	0.913549
136	178	0.905643
136	179	0.848779
136	180	0.86887
137	13	0.985527
137	65	1.38325
137	70	1.62893
137	76	0.978473
137	88	1.06924
137	102	1.12474
137	132	0.951247
137	135	1.07755
137	138	1.01366
137	146	1.00993
137	147	0.941708
137	150	1.02966
137	151	0.921362
137	155	0.914795
137	160	0.974133
137	161	0.978736
137	163	0.972762
137	165	0.985636
137	166	0.966253
137	168	0.948161
137	170	0.941766
137	171	0.907717
137	172	0.915946
137	173	0.898237
137	174	0.936124
137	175	0.892577
137	176	0.923853
137	177	0.946967
137	178	0.939061
137	179	0.882198
137	180	0.902288
138	37	1.72021
138	42	1.44697
138	50	0.936278
138	77	1.3629
138	91	1.02068
138	100	1.05324
138	103	0.904483
138	108	0.970043
138	114	1.01807
138	121	0.851844
138	127	0.954131
138	131	0.969045
138	137	1.01366
138	142	0.979318
138	143	0.931608
138	145	0.87981
138	150	1.03043
138	151	0.922138
138	158	0.925861
138	164	0.940461
138	165	0.986411
138	166	0.967028
138	167	0.925911
138	172	0.916721
138	173	0.899012
138	174	0.936899
138	175	0.893352
138	176	0.924628
138	177	0.947742
138	178	0.939837
138	179	0.882973
138	180	0.903063
139	49	1.10954
139	87	0.871911
139	89	0.97342
139	101	0.909683
139	103	0.866692
139	126	2.06783
139	127	0.91634
139	129	1.57028
139	130	1.65235
139	141	1.03641
139	142	0.941527
139	146	0.972909
139	148	0.926983
139	152	0.957353
139	157	1.01255
139	161	0.94172
139	162	0.916892
139	166	0.929236
139	167	0.88812
139	168	0.911145
139	169	0.890139
139	170	0.904749
139	171	0.8707
139	172	0.878929
139	173	0.861221
139	174	0.899108
139	175	0.855561
139	176	0.886836
139	177	0.90995
139	178	0.902045
139	179	0.845181
139	180	0.865271
140	10	0.573522
140	36	1.69587
140	37	1.48073
140	89	1.04502
140	90	1.05814
140	101	0.981281
140	102	1.00153
140	120	0.590207
140	125	1.03781
140	128	0.996503
140	144	1.0362
140	146	1.04451
140	147	0.97629
140	148	0.998581
140	149	1.04476
140	151	0.955944
140	154	0.996625
140	155	0.949377
140	160	1.00871
140	161	1.01332
140	163	1.00734
140	164	0.974268
140	170	0.976347
140	171	0.942298
140	172	0.950527
140	173	0.932819
140	174	0.970706
140	175	0.927159
140	176	0.958434
140	177	0.981549
140	179	0.916779
140	180	0.93687
141	2	0.929016
141	56	1.0826
141	70	1.19623
141	82	1.1511
141	87	0.96947
141	100	1.11301
141	110	0.980739
141	118	1.03043
141	122	1.33506
141	123	0.655583
141	128	1.02246
141	130	0.685276
141	132	1.01179
141	133	0.916238
141	136	1.04001
141	139	1.03641
141	143	0.991375
141	153	1.03474
141	155	0.975338
141	162	1.01445
141	164	1.00023
141	165	1.04618
