1	36	1.21641
1	56	0.755342
1	82	1.16524
1	112	0.747179
1	114	1.14655
1	120	1.19981
1	142	1.19389
1	144	1.23243
1	148	0.754993
1	171	1.24568
1	172	0.677945
1	176	0.665869
2	12	0.933946
2	37	0.689523
2	134	0.645779
2	136	0.710258
2	157	1.1944
2	158	1.19671
2	160	1.22453
2	171	0.614401
2	174	1.19579
2	175	1.19256
2	177	1.20668
2	179	1.18933
3	115	1.23767
3	135	0.711474
3	153	1.17237
3	156	1.20725
3	160	0.711206
3	162	1.20321
3	163	1.17596
3	164	1.19854
3	165	1.20502
3	170	0.743038
3	171	0.723316
3	174	0.716622
4	19	1.19638
4	37	1.23577
4	68	0.728018
4	76	1.09798
4	78	1.20335
4	79	1.19449
4	152	0.773463
4	161	0.695983
4	167	1.24689
4	169	1.22515
4	172	0.73299
4	180	0.677494
5	43	1.18719
5	50	1.18719
5	75	1.28855
5	89	0.743417
5	96	1.1939
5	106	1.1495
5	127	0.695055
5	143	0.730023
5	157	0.714251
5	168	0.721892
5	171	1.19176
5	180	1.20192
6	12	0.972768
6	35	1.20867
6	41	1.19541
6	44	0.674524
6	54	0.646188
6	94	1.20646
6	102	0.666259
6	108	1.13807
6	125	1.22947
6	145	1.17304
6	159	0.643732
6	180	1.24888
7	19	0.718101
7	94	0.707518
7	99	0.760714
7	105	0.705354
7	106	1.18831
7	125	0.700061
7	162	1.19723
7	165	1.19903
7	172	1.20958
7	178	1.17928
7	179	1.18584
7	180	1.24073
8	33	0.824909
8	40	1.09517
8	51	1.15494
8	64	0.968587
8	70	0.982636
8	87	0.999704
8	89	1.06334
8	91	1.05532
8	130	0.912896
8	133	0.925403
8	171	1.0803
8	178	0.936713
9	83	0.746777
9	97	0.704899
9	139	0.636123
9	144	0.719742
9	153	0.784696
9	161	1.20885
9	172	1.21388
9	175	1.19337
9	176	1.20268
9	177	1.2075
9	178	1.18358
9	179	1.19014
10	27	0.847133
10	30	1.15176
10	46	1.24037
10	68	0.706692
10	73	1.21925
10	76	1.10946
10	78	1.21483
10	79	1.20597
10	96	0.704509
10	124	0.688955
10	167	1.25836
10	180	0.656168
11	12	0.995937
11	60	1.26029
11	64	1.08423
11	66	0.783577
11	70	1.09828
11	87	1.11535
11	89	1.17899
11	91	1.17097
11	109	0.80147
11	138	0.75705
11	169	0.787407
11	171	1.19595
11	177	0.778642
12	2	0.933946
12	6	0.972768
12	11	0.995937
12	40	1.05013
12	51	1.10991
12	60	1.09961
12	64	0.923551
12	70	0.937601
12	87	0.954669
12	89	1.01831
12	91	1.01029
12	137	1.00592
12	138	0.987903
13	25	0.864894
13	65	0.714011
13	71	0.857504
13	112	0.753341
13	133	0.70176
13	161	1.14735
13	166	1.13295
13	170	1.1447
13	173	1.12408
13	174	1.13511
13	176	1.14118
13	177	1.146
13	179	1.12864
14	19	0.804854
14	85	0.8677
14	115	1.17105
14	146	0.743912
14	150	1.1663
14	151	0.733506
14	153	1.10575
14	156	1.14063
14	162	1.1366
14	163	1.10934
14	164	1.13192
14	165	1.1384
14	175	0.751554
15	66	0.635157
15	112	1.2878
15	116	1.31565
15	121	1.31032
15	126	1.24826
15	132	1.27375
15	133	1.33944
15	137	1.32477
15	163	0.714888
15	168	0.652156
15	170	0.639527
15	175	0.634669
15	177	0.630223
16	140	0.809529
16	148	1.13877
16	150	1.17092
16	153	1.11036
16	156	1.14524
16	160	0.773087
16	161	0.750126
16	162	1.14121
16	163	1.11395
16	164	1.13653
16	165	1.14302
16	175	0.80006
16	176	0.775057
17	21	0.833574
17	108	0.830838
17	144	0.736688
17	147	1.16505
17	150	0.75063
17	155	1.15057
17	165	0.742351
17	174	1.13169
17	175	1.12846
17	176	1.13776
17	177	1.14258
17	178	1.11866
17	179	1.12523
18	26	1.20927
18	58	1.25288
18	59	1.38545
18	63	1.32682
18	77	1.2829
18	97	1.37152
18	99	1.27115
18	102	0.653201
18	122	0.678654
18	159	0.630674
18	160	0.628055
18	169	0.659348
18	173	0.65988
19	4	1.19638
19	7	0.718101
19	14	0.804854
19	27	0.885102
19	61	1.18869
19	73	1.13099
19	76	1.0212
19	78	1.12657
19	79	1.1177
19	131	0.757518
19	167	1.1701
19	169	1.14837
19	176	0.737556
20	25	1.06067
20	44	1.13935
20	81	1.11292
20	86	1.19457
20	117	0.820402
20	120	1.12998
20	135	0.756534
20	142	1.12406
20	144	1.1626
20	152	0.810786
20	159	0.758886
20	171	1.17585
20	176	0.758236
21	17	0.833574
21	47	1.07139
21	57	1.16308
21	62	1.09305
21	80	0.846015
21	94	1.06872
21	100	0.858604
21	125	1.09174
21	137	0.826403
21	145	1.03531
21	167	1.09365
21	169	1.07192
21	173	0.839273
21	180	1.11115
22	92	1.23714
22	112	1.20247
22	116	1.23032
22	123	1.28516
22	126	1.16293
22	132	1.18842
22	133	1.25411
22	137	1.23944
22	139	0.647306
22	164	0.758589
22	172	0.689722
22	173	0.707502
22	174	0.681092
22	178	0.718685
23	58	1.05113
23	97	1.16977
23	99	1.06941
23	121	1.08754
23	132	1.05097
23	137	1.10199
23	154	0.861009
23	155	0.841658
23	161	0.811823
23	163	1.07251
23	164	1.0951
23	165	1.10158
23	174	0.8402
23	179	0.852776
24	44	0.712386
24	53	0.745283
24	80	0.717541
24	98	1.2054
24	112	1.20776
24	121	1.23029
24	123	1.29046
24	126	1.16822
24	132	1.19372
24	133	1.2594
24	137	1.24474
24	157	0.715795
24	166	0.682218
24	180	0.637525
25	13	0.864894
25	20	1.06067
25	36	1.09083
25	42	1.09171
25	54	1.15352
25	81	1.05716
25	120	1.07423
25	128	1.09671
25	142	1.06831
25	144	1.10685
25	161	0.827184
25	166	0.853388
25	176	0.852115
25	180	0.808695
26	18	1.20927
26	27	0.99949
26	49	0.852216
26	58	1.02771
26	59	1.16028
26	63	1.10165
26	77	1.05773
26	97	1.14635
26	99	1.04599
26	109	0.882607
26	143	1.05153
26	147	0.79592
26	168	0.881713
26	180	0.795802
27	10	0.847133
27	19	0.885102
27	26	0.99949
27	39	1.10157
27	58	1.0431
27	59	1.17567
27	63	1.11703
27	69	0.784891
27	77	1.07312
27	89	0.870814
27	97	1.16173
27	99	1.06137
27	143	1.06691
27	151	0.813753
28	78	0.730042
28	120	0.695498
28	134	0.661334
28	148	0.708939
28	158	1.23101
28	162	0.694745
28	164	0.700758
28	168	1.21132
28	173	1.21906
28	174	1.23009
28	175	1.22686
28	177	1.24098
28	178	1.21706
28	179	1.22362
29	57	1.18023
29	72	0.77211
29	83	1.05874
29	103	1.11431
29	105	1.11637
29	108	1.01749
29	125	1.10889
29	136	1.06244
29	145	1.05246
29	169	1.08907
29	173	0.874007
29	174	0.847597
29	175	0.869155
29	176	0.844151
30	10	1.15176
30	37	1.10289
30	46	1.09601
30	61	1.13259
30	73	1.0749
30	76	0.965098
30	78	1.07047
30	160	0.833596
30	167	1.11401
30	169	1.09227
30	171	0.845705
30	174	0.839011
30	176	0.835565
30	179	0.851587
31	128	0.693621
31	142	0.717454
31	147	1.2532
31	148	0.71935
31	150	0.697448
31	159	1.24655
31	165	0.689169
31	166	1.21768
31	167	0.675462
31	174	1.21985
31	175	1.21661
31	176	1.22591
31	178	1.20681
31	179	1.21338
32	50	0.69959
32	57	0.69896
32	77	0.776667
32	97	0.730641
32	126	0.828582
32	135	1.20307
32	147	1.19498
32	149	1.13612
32	156	0.755528
32	157	1.16023
32	174	1.16163
32	176	1.1677
32	177	1.17252
32	178	1.1486
32	179	1.15516
33	8	0.824909
33	34	0.615113
33	48	1.30108
33	54	1.37405
33	82	1.26018
33	102	0.611663
33	114	1.24149
33	120	1.29475
33	135	0.586785
33	139	1.39901
33	142	1.28883
33	143	0.639109
33	157	0.623337
33	171	1.34062
33	177	0.609045
34	33	0.615113
34	89	0.749894
34	90	0.890898
34	117	0.748044
34	128	0.749273
34	144	0.739157
34	155	1.18509
34	168	1.14744
34	170	1.1758
34	172	1.18348
34	173	1.15518
34	175	1.16298
34	177	1.1771
34	178	1.15318
34	179	1.15975
35	6	1.20867
35	83	1.14583
35	85	1.10822
35	94	1.17296
35	103	1.20139
35	105	1.20345
35	108	1.10457
35	117	0.775651
35	134	0.755004
35	143	0.764107
35	145	1.13954
35	166	0.714758
35	175	0.738489
35	178	0.754524
35	180	1.21538
36	1	1.21641
36	25	1.09083
36	82	1.12556
36	86	1.22472
36	104	0.713634
36	114	1.10687
36	128	1.18262
36	135	0.732106
36	142	1.15422
36	144	1.19276
36	146	0.751171
36	149	0.789685
36	171	1.20601
36	173	0.763664
36	175	0.758812
37	2	0.689523
37	4	1.23577
37	30	1.10289
37	46	1.1915
37	61	1.22808
37	73	1.17038
37	76	1.06058
37	78	1.16595
37	79	1.15709
37	143	0.795136
37	168	0.787006
37	169	1.18775
37	175	0.769518
37	177	0.765073
37	180	0.701095
38	67	0.742303
38	98	1.14672
38	110	1.16949
38	112	1.14908
38	121	1.1716
38	123	1.23177
38	126	1.10954
38	132	1.13503
38	133	1.20072
38	137	1.18605
38	163	0.823466
38	169	0.747566
38	172	0.730319
38	174	0.721689
38	177	0.738801
39	27	1.10157
39	64	1.10006
39	72	0.660963
39	91	1.18679
39	92	1.17835
39	97	1.24843
39	99	1.14807
39	105	0.798562
39	132	1.12963
39	133	1.19532
39	149	0.788881
39	155	0.737909
39	171	1.21177
39	172	0.745081
39	178	0.774044
40	8	1.09517
40	12	1.05013
40	64	1.13843
40	66	0.735716
40	70	1.15248
40	87	1.16955
40	89	1.23318
40	91	1.22516
40	102	0.733399
40	140	1.18577
40	143	0.760845
40	162	0.785153
40	171	1.25014
40	173	0.740079
40	178	0.751263
41	6	1.19541
41	57	1.25405
41	85	1.09496
41	94	1.15969
41	101	1.12191
41	125	1.18271
41	140	0.743082
41	143	0.759231
41	145	1.12628
41	149	0.764486
41	156	0.771933
41	169	1.16289
41	173	0.738465
41	177	0.729168
41	180	1.20212
42	25	1.09171
42	48	1.16735
42	67	1.19565
42	82	1.12644
42	86	1.2256
42	120	1.16101
42	128	1.1835
42	142	1.1551
42	144	1.19364
42	166	0.739703
42	169	0.767753
42	170	0.768292
42	177	0.758988
42	178	0.779469
42	180	0.69501
43	5	1.18719
43	50	1.22613
43	56	0.761455
43	75	1.3275
43	96	1.23284
43	106	1.18845
43	138	0.670948
43	140	1.16633
43	143	0.722604
43	154	0.696237
43	160	0.670012
43	171	1.2307
43	179	0.688004
43	180	1.24086
44	6	0.674524
44	20	1.13935
44	24	0.712386
44	65	0.732673
44	78	0.80092
44	79	0.775947
44	81	1.13584
44	96	1.20091
44	106	1.15652
44	136	0.796691
44	144	1.18553
44	177	1.1714
44	178	1.14748
44	179	1.15405
44	180	1.20893
45	96	1.207
45	106	1.1626
45	112	1.13676
45	114	1.10573
45	116	1.16462
45	122	0.784127
45	128	1.18147
45	137	1.17374
45	142	1.15307
45	152	0.788047
45	159	0.736147
45	161	0.710566
45	174	0.738943
45	179	0.751519
45	180	1.21502
46	10	1.24037
46	30	1.09601
46	37	1.1915
46	61	1.2212
46	73	1.1635
46	76	1.05371
46	79	1.15022
46	95	0.798114
46	127	0.742286
46	147	0.68333
46	167	1.20261
46	168	0.769123
46	169	1.18088
46	170	0.756494
46	173	0.756487
47	21	1.07139
47	57	1.26776
47	62	1.19773
47	65	1.19719
47	85	1.10868
47	108	1.10502
47	125	1.19642
47	130	0.750717
47	145	1.13999
47	147	0.690193
47	152	0.786044
47	158	0.773178
47	170	0.763357
47	172	0.745571
47	180	1.21583
48	33	1.30108
48	42	1.16735
48	53	0.778587
48	80	1.15353
48	81	1.1328
48	114	1.0966
48	120	1.14986
48	128	1.17235
48	132	0.825674
48	140	0.748721
48	142	1.14394
48	144	1.18249
48	161	0.689318
48	177	0.734807
48	179	0.73027
49	26	0.852216
49	66	1.1902
49	97	0.710683
49	111	0.772495
49	118	0.739267
49	154	1.15892
49	156	0.735571
49	170	1.17317
49	171	0.682387
49	173	1.15255
49	174	1.16358
49	175	1.16035
49	176	1.16965
49	177	1.17447
49	179	1.15711
50	5	1.18719
50	32	0.69959
50	43	1.22613
50	75	1.3275
50	96	1.23284
50	106	1.18845
50	140	1.16633
50	155	0.671542
50	163	0.771862
50	168	0.709129
50	171	1.2307
50	174	0.670084
50	179	0.68266
50	180	1.24086
51	8	1.15494
51	12	1.10991
51	60	1.37427
51	64	1.1982
51	87	1.22932
51	88	0.69413
51	89	1.29296
51	91	1.28494
51	140	1.24554
51	152	0.715259
51	158	0.702393
51	170	0.692571
51	171	1.30992
51	177	0.683267
51	178	0.703749
51	180	0.61929
52	111	1.10815
52	124	0.799052
52	129	1.11788
52	130	0.826906
52	147	0.766383
52	148	1.12302
52	150	1.15516
52	153	1.09461
52	156	1.12949
52	162	1.12545
52	163	1.0982
52	164	1.12078
52	165	1.12726
52	166	0.810958
52	170	0.839546
52	180	0.766265
53	24	0.745283
53	48	0.778587
53	77	1.09525
53	96	1.14934
53	97	1.18386
53	99	1.0835
53	106	1.10495
53	111	0.823839
53	120	0.799274
53	153	0.841824
53	164	0.804533
53	172	1.12622
53	173	1.09791
53	175	1.10571
53	178	1.09591
53	180	1.15736
54	6	0.646188
54	25	1.15352
54	33	1.37405
54	67	1.25746
54	81	1.20576
54	109	0.705744
54	120	1.22283
54	122	0.710987
54	127	0.678012
54	128	1.24531
54	142	1.21691
54	144	1.25545
54	158	0.702042
54	169	0.691681
54	171	1.2687
54	172	0.674434
55	71	0.888983
55	99	0.824428
55	112	0.78482
55	129	0.796839
55	139	0.67317
55	149	1.1007
55	152	1.10976
55	153	0.821744
55	161	1.13845
55	168	1.10743
55	173	1.11517
55	174	1.12621
55	176	1.13227
55	177	1.1371
55	178	1.11317
55	179	1.11974
56	1	0.755342
56	43	0.761455
56	79	0.833978
56	80	1.11118
56	114	0.883375
56	123	0.753587
56	127	1.13572
56	141	1.10843
56	146	1.12278
56	160	1.14387
56	161	1.12737
56	165	0.807668
56	173	1.10409
56	175	1.11189
56	177	1.12602
56	179	1.10866
57	21	1.16308
57	29	1.18023
57	32	0.69896
57	41	1.25405
57	47	1.26776
57	62	1.28942
57	83	1.23797
57	102	0.689184
57	145	1.23168
57	146	0.68337
57	155	0.670912
57	160	0.664038
57	169	1.26829
57	173	0.695864
57	178	0.707047
57	180	1.30752
58	18	1.25288
58	23	1.05113
58	26	1.02771
58	27	1.0431
58	59	1.20389
58	63	1.14526
58	77	1.10134
58	97	1.18996
58	99	1.08959
58	143	1.09513
58	152	0.835189
58	154	0.806894
58	157	0.81749
58	169	0.811962
58	179	0.798661
58	180	0.73922
59	18	1.38545
59	26	1.16028
59	27	1.17567
59	58	1.20389
59	63	1.27783
59	72	0.56481
59	76	0.875544
59	77	1.23391
59	97	1.32253
59	99	1.22216
59	100	1.21828
59	140	0.671324
59	156	0.700175
59	175	0.661855
59	178	0.677891
59	179	0.652873
60	11	1.26029
60	12	1.09961
60	51	1.37427
60	64	1.18791
60	70	1.20196
60	73	0.746537
60	87	1.21903
60	89	1.28266
60	91	1.27464
60	122	0.690936
60	127	0.657961
60	141	0.694598
60	148	0.731431
60	168	0.684798
60	171	1.29962
60	180	0.598887
61	19	1.18869
61	30	1.13259
61	37	1.22808
61	46	1.2212
61	73	1.20008
61	76	1.09028
61	78	1.19565
61	79	1.18679
61	88	0.723742
61	93	0.776471
61	133	0.72205
61	141	0.744612
61	152	0.744871
61	155	0.697225
61	167	1.23919
61	169	1.21745
61	174	0.695767
62	21	1.09305
62	47	1.19773
62	57	1.28942
62	80	0.748011
62	85	1.13034
62	105	1.22557
62	108	1.12668
62	125	1.21808
62	145	1.16165
62	147	0.668113
62	148	0.800538
62	159	0.712064
62	167	1.22
62	175	0.736418
62	176	0.711414
62	177	0.731972
62	180	1.23749
63	18	1.32682
63	26	1.10165
63	27	1.11703
63	58	1.14526
63	59	1.27783
63	77	1.17528
63	88	0.741988
63	97	1.26389
63	99	1.16353
63	100	1.15964
63	143	1.16907
63	157	0.745418
63	161	0.685637
63	169	0.73989
63	170	0.740429
63	177	0.731125
63	179	0.726589
64	8	0.968587
64	11	1.08423
64	12	0.923551
64	39	1.10006
64	40	1.13843
64	51	1.1982
64	60	1.18791
64	70	1.0259
64	87	1.04297
64	89	1.1066
64	98	0.925934
64	119	0.820277
64	143	0.879646
64	171	1.12356
64	177	0.849582
64	179	0.845045
64	180	0.785604
65	13	0.714011
65	44	0.732673
65	47	1.19719
65	68	0.708337
65	80	0.737829
65	83	1.1674
65	94	1.19453
65	101	1.15674
65	103	1.22296
65	108	1.12614
65	125	1.21754
65	131	0.721193
65	143	0.751854
65	145	1.16111
65	167	1.21946
65	178	0.742271
65	180	1.23695
66	11	0.783577
66	15	0.635157
66	40	0.735716
66	49	1.1902
66	79	0.769998
66	89	0.748761
66	107	0.732563
66	123	0.689606
66	149	1.15987
66	159	1.21208
66	160	1.21411
66	172	1.20265
66	175	1.18214
66	176	1.19144
66	177	1.19626
66	178	1.17234
66	179	1.17891
67	38	0.742303
67	42	1.19565
67	54	1.25746
67	68	0.690418
67	73	0.787543
67	82	1.14359
67	88	1.1925
67	114	1.1249
67	120	1.17816
67	122	0.731942
67	128	1.20065
67	142	1.17225
67	144	1.21079
67	157	0.718163
67	158	0.722996
67	171	1.22404
67	173	0.713168
68	4	0.728018
68	10	0.706692
68	65	0.708337
68	67	0.690418
68	90	0.871377
68	123	0.671219
68	127	1.21246
68	144	0.719637
68	152	1.17542
68	168	1.17309
68	170	1.20145
68	173	1.18083
68	174	1.19186
68	176	1.19793
68	177	1.20275
68	178	1.17883
68	179	1.18539
69	27	0.784891
69	79	0.722598
69	94	0.705066
69	103	0.685588
69	105	0.702902
69	110	0.729015
69	141	1.18144
69	145	0.761211
69	157	1.18674
69	159	1.21485
69	161	1.20038
69	166	1.18598
69	168	1.16937
69	172	1.20541
69	177	1.19903
69	178	1.17511
69	179	1.18167
70	8	0.982636
70	11	1.09828
70	12	0.937601
70	40	1.15248
70	60	1.20196
70	64	1.0259
70	87	1.05701
70	89	1.12065
70	91	1.11263
70	140	1.07324
70	143	0.890875
70	146	0.857615
70	159	0.840902
70	166	0.841526
70	171	1.13761
70	178	0.881292
70	180	0.796833
71	13	0.857504
71	55	0.888983
71	93	1.08979
71	129	1.07309
71	134	1.12146
71	148	1.07823
71	150	1.11037
71	153	1.04982
71	156	1.0847
71	161	0.819794
71	162	1.08066
71	163	1.05341
71	164	1.07599
71	165	1.08247
71	166	0.845998
71	167	0.889961
71	180	0.801306
72	29	0.77211
72	39	0.660963
72	59	0.56481
72	114	0.72186
72	116	0.665226
72	149	1.23378
72	150	0.654432
72	155	1.27816
72	160	1.28803
72	162	0.662141
72	163	0.692434
72	166	1.25713
72	168	1.24051
72	170	1.26888
72	174	1.25929
72	175	1.25605
72	176	1.26536
72	179	1.25282
73	10	1.21925
73	19	1.13099
73	30	1.0749
73	37	1.17038
73	46	1.1635
73	60	0.746537
73	61	1.20008
73	67	0.787543
73	76	1.03259
73	78	1.13796
73	79	1.1291
73	104	0.743308
73	109	0.806869
73	141	0.815774
73	154	0.787737
73	167	1.1815
73	169	1.15976
73	180	0.720063
74	101	0.834354
74	115	1.17961
74	118	1.15128
74	129	1.13758
74	135	0.742198
74	146	0.761263
74	148	1.14271
74	150	1.17486
74	153	1.1143
74	154	0.768155
74	156	1.14919
74	162	1.14515
74	163	1.11789
74	164	1.14047
74	165	1.14696
74	170	0.773762
74	176	0.7439
74	178	0.78494
75	5	1.28855
75	43	1.3275
75	50	1.3275
75	96	1.3342
75	102	0.632431
75	106	1.28981
75	109	0.65264
75	138	0.60822
75	139	1.39046
75	140	1.26769
75	141	0.661545
75	169	0.638577
75	170	0.639117
75	171	1.33207
75	177	0.629812
75	178	0.650294
75	180	1.34222
76	4	1.09798
76	10	1.10946
76	19	1.0212
76	30	0.965098
76	37	1.06058
76	46	1.05371
76	59	0.875544
76	61	1.09028
76	73	1.03259
76	78	1.02816
76	79	1.0193
76	143	0.948566
76	159	0.898594
76	161	0.873014
76	167	1.0717
76	169	1.04996
76	176	0.897944
76	179	0.913966
77	18	1.2829
77	26	1.05773
77	27	1.07312
77	32	0.776667
77	53	1.09525
77	58	1.10134
77	59	1.23391
77	63	1.17528
77	88	0.775136
77	92	0.801657
77	97	1.21998
77	99	1.11961
77	100	1.11573
77	140	0.778188
77	143	1.12515
77	152	0.796264
77	157	0.778565
77	180	0.700296
78	4	1.20335
78	10	1.21483
78	19	1.12657
78	28	0.730042
78	30	1.07047
78	37	1.16595
78	44	0.80092
78	61	1.19565
78	73	1.13796
78	76	1.02816
78	79	1.12467
78	151	0.776435
78	160	0.767509
78	167	1.17707
78	168	0.81197
78	169	1.15533
78	175	0.794482
78	180	0.726059
79	4	1.19449
79	10	1.20597
79	19	1.1177
79	37	1.15709
79	44	0.775947
79	46	1.15022
79	56	0.833978
79	61	1.18679
79	66	0.769998
79	69	0.722598
79	73	1.1291
79	76	1.0193
79	78	1.12467
79	140	0.778978
79	162	0.819435
79	167	1.16821
79	169	1.14647
79	180	0.701086
80	21	0.846015
80	24	0.717541
80	48	1.15353
80	56	1.11118
80	62	0.748011
80	65	0.737829
80	99	0.816767
80	110	0.787519
80	114	1.09394
80	128	1.16968
80	144	1.17982
80	163	1.13247
80	164	1.15505
80	165	1.16154
80	166	1.15265
80	167	0.741085
80	178	1.14178
80	179	1.14834
81	20	1.11292
81	25	1.05716
81	44	1.13584
81	48	1.1328
81	54	1.20576
81	82	1.0919
81	86	1.19105
81	102	0.781486
81	128	1.14895
81	138	0.757275
81	139	1.23073
81	142	1.12055
81	146	0.775672
81	160	0.75634
81	169	0.787632
81	171	1.17234
81	177	0.778867
81	179	0.774331
82	1	1.16524
82	33	1.26018
82	36	1.12556
82	42	1.12644
82	67	1.14359
82	81	1.0919
82	86	1.17355
82	113	0.816335
82	114	1.0557
82	135	0.742492
82	138	0.74316
82	139	1.21322
82	142	1.10304
82	144	1.14158
82	149	0.800071
82	166	0.745467
82	168	0.786685
82	170	0.774056
83	9	0.746777
83	29	1.05874
83	35	1.14583
83	57	1.23797
83	65	1.1674
83	101	1.10583
83	103	1.17204
83	105	1.17411
83	108	1.07522
83	125	1.16663
83	143	0.790188
83	145	1.1102
83	149	0.795443
83	155	0.744471
83	158	0.77925
83	165	0.798509
83	171	0.749706
83	180	1.18604
84	93	1.22035
84	107	1.22526
84	113	1.1943
84	138	0.697798
84	148	1.20878
84	150	1.24093
84	153	1.18037
84	156	1.21526
84	159	0.699481
84	162	1.21122
84	163	1.18396
84	164	1.20655
84	165	1.21303
84	166	0.700105
84	169	0.728155
84	170	0.728694
84	176	0.698832
84	177	0.71939
84	178	0.739871
85	14	0.8677
85	35	1.10822
85	41	1.09496
85	47	1.10868
85	62	1.13034
85	100	0.849589
85	101	1.06823
85	103	1.13444
85	104	0.780227
85	105	1.13651
85	108	1.03762
85	124	0.78977
85	125	1.12902
85	145	1.0726
85	155	0.805306
85	167	1.13094
85	172	0.812478
85	174	0.803848
85	180	1.14844
86	20	1.19457
86	36	1.22472
86	42	1.2256
86	81	1.19105
86	82	1.17355
86	114	1.15486
86	120	1.20812
86	128	1.2306
86	130	0.705934
86	142	1.2022
86	144	1.24074
86	146	0.706074
86	158	0.728395
86	161	0.663781
86	163	0.793935
86	171	1.25399
86	175	0.713715
86	176	0.688712
86	177	0.70927
87	8	0.999704
87	11	1.11535
87	12	0.954669
87	40	1.16955
87	51	1.22932
87	60	1.21903
87	64	1.04297
87	70	1.05701
87	88	0.828466
87	89	1.13772
87	91	1.1297
87	127	0.812699
87	131	0.817007
87	140	1.0903
87	149	0.852922
87	161	0.772115
87	171	1.15468
87	173	0.826901
87	174	0.800491
88	51	0.69413
88	61	0.723742
88	63	0.741988
88	67	1.1925
88	77	0.775136
88	87	0.828466
88	123	0.695534
88	128	1.18036
88	132	0.802098
88	142	1.15195
88	144	1.1905
88	154	1.16082
88	162	1.1704
88	163	1.14315
88	164	1.16573
88	165	1.17221
88	167	0.735909
88	173	1.15445
88	174	1.16548
88	178	1.15245
89	5	0.743417
89	8	1.06334
89	11	1.17899
89	12	1.01831
89	27	0.870814
89	34	0.749894
89	40	1.23318
89	51	1.29296
89	60	1.28266
89	64	1.1066
89	66	0.748761
89	70	1.12065
89	87	1.13772
89	91	1.19334
89	100	0.772455
89	124	0.712637
89	140	1.15394
89	155	0.728173
89	171	1.21832
89	180	0.679849
90	34	0.890898
90	68	0.871377
90	93	1.08801
90	95	1.08338
90	113	1.06196
90	117	1.08021
90	118	1.08502
90	119	0.855525
90	147	0.820971
90	148	1.07645
90	150	1.10859
90	153	1.04804
90	156	1.08292
90	162	1.07888
90	163	1.05163
90	164	1.07421
90	165	1.08069
90	174	0.867718
90	179	0.880294
90	180	0.820853
91	8	1.05532
91	11	1.17097
91	12	1.01029
91	39	1.18679
91	40	1.22516
91	51	1.28494
91	60	1.27464
91	70	1.11263
91	87	1.1297
91	89	1.19334
91	139	0.703941
91	140	1.14592
91	146	0.751643
91	149	0.790157
91	154	0.758535
91	161	0.70935
91	168	0.776772
91	171	1.2103
91	173	0.764136
91	177	0.754839
92	22	1.23714
92	39	1.17835
92	77	0.801657
92	98	1.1314
92	109	0.76058
92	110	1.15417
92	116	1.16161
92	121	1.15628
92	123	1.21645
92	126	1.09422
92	132	1.11971
92	133	1.1854
92	137	1.17073
92	140	0.751667
92	143	0.767816
92	165	0.776136
92	166	0.718467
92	167	1.19452
92	178	0.758233
92	180	0.673774
93	61	0.776471
93	71	1.08979
93	84	1.22035
93	90	1.08801
93	95	1.18221
93	107	1.19176
93	134	1.21851
93	153	1.14687
93	156	1.18175
93	159	0.744052
93	162	1.17772
93	163	1.15046
93	164	1.17304
93	165	1.17953
93	172	0.755478
93	174	0.746848
93	176	0.743402
93	178	0.784441
93	179	0.759424
93	180	0.699983
94	6	1.20646
94	7	0.707518
94	21	1.06872
94	35	1.17296
94	41	1.15969
94	65	1.19453
94	69	0.705066
94	101	1.13296
94	103	1.19918
94	125	1.19376
94	136	1.14731
94	140	0.761446
94	145	1.13733
94	157	0.761824
94	159	0.727623
94	163	0.832197
94	169	1.17394
94	178	0.768013
94	179	0.742995
94	180	1.21317
95	46	0.798114
95	90	1.08338
95	93	1.18221
95	100	0.779921
95	129	1.16551
95	134	1.21388
95	148	1.17065
95	150	1.20279
95	153	1.14224
95	156	1.17712
95	162	1.17308
95	163	1.14583
95	164	1.16841
95	165	1.17489
95	169	0.760057
95	170	0.760596
95	172	0.742811
95	176	0.730734
95	177	0.751292
95	180	0.687315
96	5	1.1939
96	10	0.704509
96	43	1.23284
96	44	1.20091
96	45	1.207
96	50	1.23284
96	53	1.14934
96	75	1.3342
96	106	1.19516
96	130	0.681396
96	136	0.770171
96	139	1.2958
96	140	1.17304
96	155	0.669078
96	157	0.699025
96	158	0.703858
96	168	0.706665
96	171	1.23741
96	175	0.689178
96	177	0.684732
96	180	1.24757
97	9	0.704899
97	18	1.37152
97	23	1.16977
97	26	1.14635
97	27	1.16173
97	32	0.730641
97	39	1.24843
97	49	0.710683
97	53	1.18386
97	58	1.18996
97	59	1.32253
97	63	1.26389
97	77	1.21998
97	99	1.20823
97	143	1.21377
97	159	0.698338
97	160	0.695719
97	166	0.698962
97	176	0.697688
97	177	0.718246
97	180	0.654269
98	24	1.2054
98	38	1.14672
98	64	0.925934
98	92	1.1314
98	110	1.11713
98	112	1.09672
98	116	1.12458
98	121	1.11925
98	123	1.17941
98	126	1.05718
98	132	1.08267
98	133	1.14836
98	137	1.1337
98	138	0.755128
98	151	0.763118
98	167	1.15748
98	168	0.798654
98	169	0.785485
98	178	0.797202
98	179	0.772184
98	180	0.712743
99	7	0.760714
99	18	1.27115
99	23	1.06941
99	26	1.04599
99	27	1.06137
99	39	1.14807
99	53	1.0835
99	55	0.824428
99	58	1.08959
99	59	1.22216
99	63	1.16353
99	77	1.11961
99	80	0.816767
99	97	1.20823
99	100	1.10398
99	127	0.795824
99	143	1.11341
99	157	0.81502
99	160	0.7782
99	176	0.78017
99	180	0.73675
100	21	0.858604
100	59	1.21828
100	63	1.15964
100	77	1.11573
100	85	0.849589
100	89	0.772455
100	95	0.779921
100	99	1.10398
100	112	0.789749
100	114	1.06855
100	115	0.746712
100	119	1.13754
100	120	1.12181
100	137	0.725424
100	142	1.11589
100	144	1.15444
100	156	0.771763
100	158	1.13035
100	170	1.13902
100	173	1.11839
100	178	1.11639
101	41	1.12191
101	65	1.15674
101	74	0.834354
101	83	1.10583
101	85	1.06823
101	94	1.13296
101	103	1.16139
101	105	1.16346
101	108	1.06457
101	115	0.787979
101	125	1.15597
101	141	0.801997
101	145	1.09954
101	156	0.81303
101	159	0.750355
101	166	0.750979
101	167	1.15789
101	169	1.13615
101	175	0.774709
101	178	0.790745
101	180	1.17538
102	6	0.666259
102	18	0.653201
102	33	0.611663
102	40	0.733399
102	57	0.689184
102	75	0.632431
102	81	0.781486
102	106	0.72295
102	110	1.22298
102	121	1.22509
102	126	1.16303
102	137	1.23954
102	145	0.806294
102	162	1.23732
102	163	1.21007
102	164	1.23265
102	165	1.23913
102	169	1.24159
102	177	1.24329
102	178	1.21937
102	179	1.22594
103	29	1.11431
103	35	1.20139
103	65	1.22296
103	69	0.685588
103	83	1.17204
103	85	1.13444
103	94	1.19918
103	101	1.16139
103	105	1.22967
103	107	0.755314
103	108	1.13079
103	119	0.698749
103	133	0.737224
103	145	1.16576
103	157	0.742346
103	165	0.766438
103	167	1.22411
103	169	1.20237
103	173	0.737351
103	175	0.732499
103	178	0.748535
103	180	1.2416
104	36	0.713634
104	73	0.743308
104	85	0.780227
104	114	0.773727
104	116	0.717093
104	117	0.701243
104	120	0.71476
104	127	1.20077
104	145	0.762943
104	147	1.21353
104	154	1.17551
104	159	1.20689
104	167	0.684313
104	168	1.1614
104	172	1.19745
104	173	1.16914
104	174	1.18018
104	175	1.17694
104	176	1.18625
104	177	1.19107
104	178	1.16715
104	179	1.17371
105	7	0.705354
105	29	1.11637
105	35	1.20345
105	39	0.798562
105	62	1.22557
105	69	0.702902
105	83	1.17411
105	85	1.13651
105	101	1.16346
105	103	1.22967
105	108	1.13285
105	125	1.22426
105	136	1.17781
105	145	1.16783
105	147	0.681508
105	155	0.729713
105	168	0.767301
105	169	1.20444
105	174	0.728255
105	175	0.749813
105	177	0.745367
105	180	1.24367
106	5	1.1495
106	7	1.18831
106	43	1.18845
106	44	1.15652
106	45	1.1626
106	50	1.18845
106	53	1.10495
106	75	1.28981
106	96	1.19516
106	102	0.72295
106	109	0.74316
106	118	0.766793
106	139	1.25141
106	140	1.12864
106	141	0.752065
106	149	0.75565
106	152	0.752323
106	159	0.700423
106	171	1.19302
106	176	0.699773
106	179	0.715795
106	180	1.20318
107	66	0.732563
107	84	1.22526
107	93	1.19176
107	103	0.755314
107	111	1.16533
107	113	1.16571
107	115	1.21709
107	117	1.18396
107	118	1.18877
107	131	0.727031
107	148	1.1802
107	149	0.762947
107	150	1.21234
107	152	0.75962
107	153	1.15179
107	163	1.15538
107	164	1.17796
107	165	1.18444
107	171	0.71721
107	172	0.719147
107	176	0.70707
107	177	0.727628
108	6	1.13807
108	17	0.830838
108	29	1.01749
108	35	1.10457
108	47	1.10502
108	62	1.12668
108	65	1.12614
108	83	1.07522
108	85	1.03762
108	101	1.06457
108	103	1.13079
108	105	1.13285
108	131	0.826643
108	139	0.776342
108	145	1.06894
108	162	0.881612
108	166	0.807955
108	167	1.12728
108	175	0.831686
108	177	0.82724
108	179	0.822704
108	180	1.14478
109	11	0.80147
109	26	0.882607
109	54	0.705744
109	73	0.806869
109	75	0.65264
109	92	0.76058
109	106	0.74316
109	121	0.766777
109	122	1.1485
109	127	1.16926
109	149	1.12316
109	151	1.15107
109	154	1.144
109	160	1.1774
109	162	0.777568
109	166	1.1465
109	168	1.12989
109	170	1.15825
109	172	1.16593
109	174	1.14866
109	177	1.15955
109	178	1.13563
109	179	1.14219
110	38	1.16949
110	69	0.729015
110	80	0.787519
110	92	1.15417
110	98	1.11713
110	102	1.22298
110	112	1.1195
110	116	1.14735
110	121	1.14202
110	123	1.20219
110	126	1.07995
110	132	1.10545
110	133	1.17114
110	136	1.13189
110	137	1.15647
110	138	0.749888
110	141	0.803213
110	152	0.803472
110	157	0.785773
110	167	1.18026
110	168	0.793414
110	176	0.750922
110	180	0.707503
111	49	0.772495
111	52	1.10815
111	53	0.823839
111	107	1.16533
111	117	1.15262
111	118	1.15742
111	129	1.14372
111	130	0.776723
111	134	1.19208
111	138	0.758466
111	147	0.716199
111	148	1.14885
111	150	1.181
111	153	1.12045
111	156	1.15533
111	159	0.76015
111	161	0.734569
111	162	1.15129
111	163	1.12404
111	164	1.14662
111	165	1.1531
111	169	0.788823
111	177	0.780058
112	1	0.747179
112	13	0.753341
112	15	1.2878
112	22	1.20247
112	24	1.20776
112	38	1.14908
112	45	1.13676
112	55	0.78482
112	98	1.09672
112	100	0.789749
112	110	1.1195
112	116	1.12694
112	122	0.789191
112	123	1.18178
112	126	1.05954
112	131	0.760523
112	132	1.08504
112	133	1.15072
112	137	1.13606
112	140	0.775035
112	160	0.738592
112	167	1.15984
112	169	0.769885
113	82	0.816335
113	84	1.1943
113	90	1.06196
113	107	1.16571
113	118	1.1578
113	129	1.14409
113	130	0.748615
113	132	0.842818
113	134	1.19246
113	148	1.14923
113	150	1.18137
113	151	0.738349
113	153	1.12082
113	155	0.736297
113	156	1.1557
113	162	1.15167
113	163	1.12441
113	164	1.14699
113	165	1.15348
113	169	0.760716
113	170	0.761255
113	171	0.741533
113	173	0.761248
114	1	1.14655
114	33	1.24149
114	36	1.10687
114	45	1.10573
114	48	1.0966
114	56	0.883375
114	67	1.1249
114	72	0.72186
114	80	1.09394
114	82	1.0557
114	86	1.15486
114	100	1.06855
114	104	0.773727
114	120	1.09027
114	128	1.11276
114	139	1.19453
114	142	1.08435
114	144	1.1229
114	146	0.811264
114	151	0.800857
114	161	0.768971
114	172	0.805978
114	173	0.823757
114	175	0.818905
115	3	1.23767
115	14	1.17105
115	74	1.17961
115	100	0.746712
115	101	0.787979
115	107	1.21709
115	117	1.20438
115	129	1.19548
115	138	0.696491
115	146	0.714888
115	148	1.20061
115	150	1.23276
115	153	1.1722
115	156	1.20708
115	158	0.737209
115	160	0.695556
115	162	1.20305
115	163	1.17579
115	164	1.19837
115	165	1.20486
115	170	0.727387
115	178	0.738565
115	179	0.713547
115	180	0.654106
116	15	1.31565
116	22	1.23032
116	45	1.16462
116	72	0.665226
116	92	1.16161
116	98	1.12458
116	104	0.717093
116	110	1.14735
116	112	1.12694
116	121	1.14946
116	123	1.20963
116	126	1.0874
116	132	1.11289
116	133	1.17858
116	136	1.13934
116	137	1.16391
116	141	0.789559
116	148	0.826392
116	155	0.742172
116	156	0.800591
116	166	0.738541
116	167	1.1877
116	168	0.779759
116	179	0.753289
116	180	0.693848
117	20	0.820402
117	34	0.748044
117	35	0.775651
117	90	1.08021
117	104	0.701243
117	107	1.18396
117	111	1.15262
117	115	1.20438
117	118	1.17605
117	129	1.16235
117	134	1.21071
117	147	0.678117
117	148	1.16748
117	149	0.777294
117	150	1.19963
117	153	1.13908
117	154	0.745672
117	156	1.17396
117	158	0.761101
117	162	1.16992
117	163	1.14267
117	164	1.16525
117	165	1.17173
117	168	0.763909
117	179	0.73744
118	49	0.739267
118	74	1.15128
118	90	1.08502
118	106	0.766793
118	107	1.18877
118	111	1.15742
118	113	1.1578
118	117	1.17605
118	122	0.774901
118	127	0.741926
118	134	1.21552
118	148	1.17229
118	150	1.20443
118	153	1.14388
118	154	0.750526
118	156	1.17876
118	162	1.17472
118	163	1.14747
118	164	1.17005
118	165	1.17653
118	170	0.756134
118	172	0.738348
118	174	0.729718
118	177	0.74683
118	178	0.767311
119	64	0.820277
119	90	0.855525
119	100	1.13754
119	103	0.698749
119	128	0.713901
119	132	0.761931
119	136	0.756502
119	138	1.18416
119	139	0.620165
119	141	1.16017
119	148	0.739629
119	153	0.768738
119	157	1.16547
119	163	0.755729
119	166	1.16471
119	169	1.17606
119	170	1.17646
119	172	1.18414
119	173	1.15584
119	174	1.16687
119	175	1.16364
119	176	1.17294
119	177	1.17776
119	178	1.15384
119	179	1.1604
120	1	1.19981
120	20	1.12998
120	25	1.07423
120	28	0.695498
120	33	1.29475
120	42	1.16101
120	48	1.14986
120	53	0.799274
120	54	1.22283
120	67	1.17816
120	86	1.20812
120	100	1.12181
120	104	0.71476
120	114	1.09027
120	128	1.16601
120	140	0.769408
120	142	1.13761
120	144	1.17615
120	157	0.769786
120	165	0.793878
120	171	1.1894
120	172	0.747011
120	178	0.775974
120	179	0.750957
120	180	0.691516
121	15	1.31032
121	23	1.08754
121	24	1.23029
121	38	1.1716
121	92	1.15628
121	98	1.11925
121	102	1.22509
121	109	0.766777
121	110	1.14202
121	116	1.14946
121	123	1.2043
121	126	1.08207
121	132	1.10756
121	133	1.17325
121	137	1.15858
121	150	0.790613
121	151	0.730347
121	154	0.747646
121	155	0.728295
121	167	1.18237
121	168	0.765882
121	173	0.753247
121	176	0.723391
121	178	0.76443
121	179	0.739413
122	18	0.678654
122	45	0.784127
122	54	0.710987
122	60	0.690936
122	67	0.731942
122	109	1.1485
122	112	0.789191
122	118	0.774901
122	134	0.7494
122	135	1.20005
122	147	1.19195
122	148	0.797005
122	151	1.16101
122	152	1.14216
122	155	1.17747
122	159	1.18531
122	160	1.18734
122	164	0.788824
122	170	1.16819
122	173	1.14757
122	174	1.1586
122	176	1.16467
122	177	1.16949
122	178	1.14557
122	179	1.15213
123	22	1.28516
123	24	1.29046
123	38	1.23177
123	56	0.753587
123	66	0.689606
123	68	0.671219
123	88	0.695534
123	92	1.21645
123	98	1.17941
123	110	1.20219
123	112	1.18178
123	116	1.20963
123	121	1.2043
123	126	1.14223
123	132	1.16773
123	133	1.23342
123	136	1.19417
123	137	1.21875
123	145	0.787979
123	150	0.731335
123	159	0.664763
123	164	0.745056
123	167	1.24254
123	169	0.693436
123	175	0.689117
123	179	0.680135
124	10	0.688955
124	52	0.799052
124	85	0.78977
124	89	0.712637
124	132	0.760046
124	138	1.195
124	146	1.18536
124	147	1.21107
124	149	1.15221
124	150	0.715842
124	151	1.18013
124	152	1.16127
124	155	1.19659
124	156	0.711944
124	162	0.72355
124	163	0.753844
124	164	0.729563
124	165	0.707563
124	166	1.17555
124	170	1.18731
124	172	1.19499
124	174	1.17772
124	175	1.17448
124	176	1.18378
124	177	1.18861
124	178	1.16468
124	179	1.17125
125	6	1.22947
125	7	0.700061
125	21	1.09174
125	29	1.10889
125	41	1.18271
125	47	1.19642
125	62	1.21808
125	65	1.21754
125	83	1.16663
125	85	1.12902
125	94	1.19376
125	101	1.15597
125	105	1.22426
125	130	0.736739
125	131	0.739478
125	135	0.717814
125	136	1.17032
125	145	1.16034
125	149	0.775393
125	152	0.772066
125	159	0.720166
125	167	1.21869
125	170	0.749379
125	175	0.74452
125	176	0.719516
125	177	0.740075
125	180	1.23618
126	15	1.24826
126	22	1.16293
126	24	1.16822
126	32	0.828582
126	38	1.10954
126	92	1.09422
126	98	1.05718
126	102	1.16303
126	110	1.07995
126	112	1.05954
126	116	1.0874
126	121	1.08207
126	123	1.14223
126	132	1.0455
126	133	1.11118
126	136	1.07194
126	137	1.09652
126	147	0.752329
126	154	0.819884
126	157	0.830481
126	166	0.796903
126	167	1.1203
126	172	0.807706
126	173	0.825486
126	174	0.799076
126	177	0.816188
126	178	0.836669
127	5	0.695055
127	46	0.742286
127	54	0.678012
127	56	1.13572
127	60	0.657961
127	68	1.21246
127	87	0.812699
127	99	0.795824
127	104	1.20077
127	109	1.16926
127	118	0.741926
127	131	1.16949
127	135	1.2208
127	152	1.16291
127	156	0.73823
127	159	1.20606
127	161	1.19159
127	163	0.78013
127	165	0.733849
127	167	0.720142
127	168	1.16058
127	174	1.17935
127	175	1.17612
127	176	1.18542
127	177	1.19024
127	178	1.16632
127	179	1.17289
128	25	1.09671
128	31	0.693621
128	34	0.749273
128	36	1.18262
128	42	1.1835
128	45	1.18147
128	48	1.17235
128	54	1.24531
128	67	1.20065
128	80	1.16968
128	81	1.14895
128	86	1.2306
128	88	1.18036
128	114	1.11276
128	119	0.713901
128	120	1.16601
128	130	0.73987
128	133	0.752376
128	135	0.720945
128	139	1.27028
128	141	0.774938
128	142	1.1601
128	144	1.19864
128	151	0.729603
128	169	0.75197
128	172	0.734724
128	175	0.747651
129	52	1.11788
129	55	0.796839
129	71	1.07309
129	74	1.13758
129	95	1.16551
129	111	1.14372
129	113	1.14409
129	115	1.19548
129	117	1.16235
129	134	1.20181
129	148	1.15858
129	150	1.19073
129	151	0.759537
129	153	1.13017
129	155	0.757485
129	156	1.16506
129	160	0.750611
129	162	1.16102
129	163	1.13376
129	164	1.15634
129	165	1.16283
129	167	0.797817
129	169	0.781904
129	172	0.764657
129	176	0.752581
129	177	0.773139
129	179	0.768603
129	180	0.709162
130	8	0.912896
130	47	0.750717
130	52	0.826906
130	86	0.705934
130	96	0.681396
130	111	0.776723
130	113	0.748615
130	125	0.736739
130	128	0.73987
130	131	1.13941
130	136	0.782472
130	149	1.12376
130	154	1.1446
130	155	1.16814
130	157	1.14787
130	160	1.178
130	165	0.735417
130	166	1.1471
130	170	1.15886
130	172	1.16654
130	173	1.13823
130	174	1.14926
130	175	1.14603
130	176	1.15533
130	177	1.16016
130	178	1.13623
130	179	1.1428
130	180	1.19768
131	19	0.757518
131	65	0.721193
131	87	0.817007
131	107	0.727031
131	108	0.826643
131	112	0.760523
131	125	0.739478
131	127	1.16949
131	130	1.13941
131	132	0.790639
131	144	0.732493
131	149	1.12339
131	153	0.797447
131	155	1.16777
131	158	1.14982
131	159	1.17561
131	160	1.17764
131	166	1.14674
131	167	0.724449
131	170	1.15849
131	172	1.16617
131	173	1.13786
131	174	1.1489
131	175	1.14566
131	176	1.15497
131	177	1.15979
131	178	1.13587
131	179	1.14243
132	15	1.27375
132	22	1.18842
132	23	1.05097
132	24	1.19372
132	38	1.13503
132	39	1.12963
132	48	0.825674
132	88	0.802098
132	92	1.11971
132	98	1.08267
132	110	1.10545
132	112	1.08504
132	113	0.842818
132	116	1.11289
132	119	0.761931
132	121	1.10756
132	123	1.16773
132	124	0.760046
132	126	1.0455
132	131	0.790639
132	133	1.13668
132	136	1.09743
132	137	1.12201
132	147	0.727376
132	165	0.82962
132	167	1.1458
132	169	0.8
132	174	0.774123
132	177	0.791235
133	8	0.925403
133	13	0.70176
133	15	1.33944
133	22	1.25411
133	24	1.2594
133	38	1.20072
133	39	1.19532
133	61	0.72205
133	92	1.1854
133	98	1.14836
133	103	0.737224
133	110	1.17114
133	112	1.15072
133	116	1.17858
133	121	1.17325
133	123	1.23342
133	126	1.11118
133	128	0.752376
133	132	1.13668
133	136	1.16312
133	137	1.1877
133	147	0.645679
133	154	0.713235
133	158	0.728664
133	159	0.68963
133	167	1.21148
133	173	0.718836
133	178	0.73002
133	180	0.645561
134	2	0.645779
134	28	0.661334
134	35	0.755004
134	71	1.12146
134	93	1.21851
134	95	1.21388
134	111	1.19208
134	113	1.19246
134	117	1.21071
134	118	1.21552
134	122	0.7494
134	129	1.20181
134	136	1.18703
134	138	0.699737
134	139	1.30112
134	146	0.718133
134	148	1.20695
134	150	1.23909
134	152	0.75332
134	153	1.17854
134	156	1.21342
134	160	0.698801
134	162	1.20938
134	163	1.18213
134	164	1.20471
134	165	1.21119
134	169	0.730094
134	170	0.730633
134	174	0.704217
134	175	0.725774
134	178	0.74181
135	3	0.711474
135	20	0.756534
135	32	1.20307
135	33	0.586785
135	36	0.732106
135	74	0.742198
135	82	0.742492
135	122	1.20005
135	125	0.717814
135	127	1.2208
135	128	0.720945
135	150	0.724771
135	151	1.20261
135	155	1.21908
135	156	0.720874
135	157	1.19881
135	159	1.22691
135	161	1.21244
135	162	0.73248
135	164	0.738492
135	166	1.19804
135	168	1.18143
135	170	1.2098
135	171	0.66769
135	173	1.18917
135	174	1.2002
135	175	1.19697
135	177	1.21109
135	178	1.18717
135	179	1.19374
135	180	1.24862
136	2	0.710258
136	29	1.06244
136	44	0.796691
136	94	1.14731
136	96	0.770171
136	105	1.17781
136	110	1.13189
136	116	1.13934
136	119	0.756502
136	123	1.19417
136	125	1.17032
136	126	1.07194
136	130	0.782472
136	132	1.09743
136	133	1.16312
136	134	1.18703
136	137	1.14846
136	145	1.11389
136	156	1.15027
136	158	0.804933
136	162	1.14624
136	163	1.11898
136	164	1.14156
136	165	1.14804
136	166	0.766523
136	168	0.807741
136	173	0.795105
136	174	0.768695
136	176	0.765249
136	177	0.785807
136	180	1.18974
137	12	1.00592
137	15	1.32477
137	21	0.826403
137	22	1.23944
137	23	1.10199
137	24	1.24474
137	38	1.18605
137	45	1.17374
137	92	1.17073
137	98	1.1337
137	100	0.725424
137	102	1.23954
137	110	1.15647
137	112	1.13606
137	116	1.16391
137	121	1.15858
137	123	1.21875
137	126	1.09652
137	132	1.12201
137	133	1.1877
137	136	1.14846
137	140	0.71071
137	152	0.728787
137	153	0.794471
137	154	0.700492
137	159	0.676887
137	167	1.19682
137	170	0.7061
137	172	0.688314
137	174	0.679683
137	176	0.676237
137	179	0.692259
138	11	0.75705
138	12	0.987903
138	43	0.670948
138	75	0.60822
138	81	0.757275
138	82	0.74316
138	84	0.697798
138	98	0.755128
138	110	0.749888
138	111	0.758466
138	115	0.696491
138	119	1.18416
138	124	1.195
138	134	0.699737
138	151	1.17845
138	154	1.17138
138	155	1.19492
138	158	1.17697
138	161	1.18829
138	165	0.717161
138	166	1.17388
138	168	1.15727
138	169	1.18523
138	170	1.18564
138	172	1.19332
138	173	1.16501
138	174	1.17604
138	175	1.17281
138	176	1.18211
138	177	1.18694
138	178	1.16301
138	179	1.16958
139	9	0.636123
139	22	0.647306
139	33	1.39901
139	55	0.67317
139	75	1.39046
139	81	1.23073
139	82	1.21322
139	91	0.703941
139	96	1.2958
139	106	1.25141
139	108	0.776342
139	114	1.19453
139	119	0.620165
139	128	1.27028
139	134	1.30112
139	144	1.28042
139	149	0.684789
139	152	0.681462
139	154	0.653167
139	156	1.26436
139	157	0.663763
139	160	0.626942
139	162	1.26032
139	163	1.23307
139	164	1.25565
139	165	1.26213
139	166	0.630185
139	171	1.29367
139	178	0.669951
139	179	0.644934
139	180	1.30382
140	16	0.809529
140	40	1.18577
140	41	0.743082
140	43	1.16633
140	48	0.748721
140	50	1.16633
140	51	1.24554
140	59	0.671324
140	70	1.07324
140	75	1.26769
140	77	0.778188
140	79	0.778978
140	87	1.0903
140	89	1.15394
140	91	1.14592
140	92	0.751667
140	94	0.761446
140	96	1.17304
140	106	1.12864
140	112	0.775035
