1	65	0.864806
1	75	0.893955
1	80	0.840535
1	90	0.870934
1	97	0.847909
1	100	0.922392
1	117	0.856536
1	151	2.42548
1	166	0.779304
1	170	2.45929
1	175	0.753916
1	178	0.802953
2	55	0.917793
2	73	0.973978
2	76	0.975872
2	88	0.859627
2	109	0.939119
2	125	0.93991
2	131	0.921446
2	138	0.955804
2	141	0.94949
2	166	3.0333
2	168	1.53584
2	175	0.834502
3	85	0.912092
3	138	0.939662
3	139	1.38862
3	161	0.853624
3	165	0.853483
3	167	0.862963
3	172	0.849689
3	174	0.831174
3	176	0.865009
3	177	0.818184
3	179	0.789517
3	180	0.780676
4	47	0.949664
4	96	1.51128
4	156	0.891431
4	165	0.867215
4	168	0.871583
4	169	0.815016
4	170	0.879593
4	173	0.832835
4	174	0.844907
4	177	0.831916
4	179	0.80325
4	180	0.794408
5	87	1.00305
5	126	0.931394
5	135	0.968233
5	140	0.941779
5	146	0.955185
5	149	0.943019
5	150	0.927269
5	152	0.937623
5	157	0.947342
5	160	1.95099
5	166	0.851719
5	173	2.5036
6	52	0.816287
6	124	0.843385
6	129	2.51583
6	135	0.86838
6	140	0.841926
6	143	0.827778
6	146	0.855332
6	149	0.843165
6	150	0.827416
6	152	0.837769
6	157	0.847488
6	158	2.38253
7	90	1.62944
7	146	0.647784
7	148	0.897041
7	160	0.866565
7	164	0.831508
7	165	0.868459
7	169	0.81626
7	171	0.817568
7	174	0.846151
7	176	0.879985
7	179	0.804494
7	180	0.795652
8	75	0.993193
8	90	0.970171
8	97	0.947146
8	110	0.872923
8	111	0.950612
8	112	0.957494
8	117	0.955773
8	154	4.77933
8	158	0.728895
8	165	1.70325
8	175	0.853153
8	178	0.90219
9	52	0.908898
9	64	0.960537
9	74	0.797274
9	121	0.93902
9	142	0.925768
9	143	0.920389
9	144	0.958292
9	150	0.920026
9	152	0.93038
9	157	0.940099
9	159	1.6547
9	162	2.92479
10	12	0.93124
10	18	0.915995
10	36	0.952633
10	49	1.01821
10	115	1.41435
10	133	1.3679
10	139	0.969442
10	145	0.925247
10	151	0.924713
10	154	0.841196
10	158	0.945641
10	174	2.66422
11	45	0.990085
11	126	0.832124
11	132	0.826771
11	135	0.868963
11	140	0.842509
11	142	0.833741
11	143	0.828362
11	144	0.866265
11	150	0.827999
11	152	0.838353
11	157	0.848072
11	175	4.14463
12	10	0.93124
12	18	0.812651
12	36	0.849289
12	46	0.849395
12	49	0.914871
12	106	3.14207
12	139	0.866098
12	145	0.821904
12	151	0.821369
12	154	0.737852
12	158	0.842298
12	162	1.76064
13	78	0.996616
13	89	1.38359
13	117	0.881093
13	142	0.885153
13	150	0.879411
13	156	0.8661
13	157	0.899484
13	175	0.778472
13	176	0.85341
13	178	0.82751
13	179	0.777919
13	180	0.769077
14	127	0.934116
14	132	1.5548
14	148	0.868227
14	150	1.08601
14	161	0.839786
14	165	0.839645
14	169	0.787446
14	170	0.852023
14	173	0.805264
14	176	0.851171
14	177	0.804346
14	179	0.77568
14	180	0.766838
15	22	0.860431
15	25	0.862693
15	47	0.80743
15	50	0.806876
15	63	0.794562
15	78	0.844356
15	83	0.826284
15	88	2.13755
15	89	0.813184
15	94	0.795186
15	99	0.880331
15	103	0.816351
15	178	2.98012
16	123	0.839545
16	132	0.820644
16	135	0.862837
16	142	0.827615
16	143	0.822236
16	144	0.860139
16	146	0.849789
16	149	0.837622
16	152	0.832226
16	154	0.714036
16	157	0.841946
16	158	2.27124
16	178	2.89309
17	124	1.16318
17	135	1.62323
17	160	0.856708
17	164	0.821652
17	165	0.858602
17	167	0.868082
17	171	0.807712
17	172	0.854809
17	173	0.824222
17	174	0.836294
17	177	0.823303
17	179	0.794637
17	180	0.785795
18	10	0.915995
18	12	0.812651
18	36	0.834044
18	46	0.83415
18	49	0.899626
18	102	0.827408
18	139	0.850853
18	145	0.806659
18	151	0.806124
18	154	0.722608
18	155	2.55554
18	158	0.827053
18	170	2.54854
19	64	0.165506
19	84	0.941233
19	96	0.931675
19	136	1.02129
19	168	0.93374
19	170	0.941751
19	171	0.878482
19	173	0.894992
19	174	0.907064
19	176	0.940899
19	177	0.894074
19	179	0.865408
19	180	0.856566
20	22	0.872518
20	25	0.874779
20	34	0.817425
20	40	0.828343
20	50	0.818963
20	63	0.806648
20	70	0.798142
20	78	0.856442
20	89	0.82527
20	94	0.807272
20	103	0.828437
20	110	4.13014
20	115	1.06372
21	49	0.410744
21	139	2.05419
21	162	0.841323
21	163	0.853572
21	168	0.861039
21	171	0.805781
21	172	0.852878
21	173	0.822291
21	174	0.834363
21	176	0.868198
21	177	0.821372
21	179	0.792706
21	180	0.783864
22	15	0.860431
22	20	0.872518
22	28	0.930031
22	34	0.919968
22	47	0.922059
22	48	0.8965
22	78	0.958985
22	89	0.927813
22	94	0.909815
22	103	0.930981
22	115	1.7508
22	129	2.11643
22	158	1.98313
23	33	1.23681
23	140	1.58954
23	159	0.894618
23	161	0.848734
23	163	0.845494
23	168	0.85296
23	169	0.796394
23	172	0.844799
23	173	0.814212
23	176	0.860119
23	177	0.813294
23	179	0.784628
23	180	0.775786
24	87	1.23182
24	121	0.925759
24	123	0.924437
24	124	0.922735
24	137	2.05529
24	140	0.921275
24	143	0.907128
24	149	0.922515
24	150	0.906765
24	152	0.917119
24	157	0.926838
24	162	2.49935
24	166	0.831215
25	15	0.862693
25	20	0.874779
25	34	0.92223
25	42	0.895407
25	47	0.92432
25	48	0.898761
25	83	0.943175
25	89	0.930074
25	94	0.912076
25	103	0.933242
25	120	0.902323
25	174	2.28781
25	177	2.54803
26	31	0.96989
26	75	0.966378
26	80	0.912958
26	90	0.943356
26	95	1.55269
26	97	0.920332
26	111	0.923798
26	117	0.928959
26	151	2.06644
26	166	0.851727
26	175	0.826338
26	176	2.04099
26	178	0.875376
27	54	0.890695
27	60	0.799311
27	73	0.936833
27	84	0.861607
27	93	0.904948
27	107	0.901319
27	120	1.09639
27	125	0.902765
27	134	0.918572
27	138	0.91866
27	141	0.912345
27	163	1.8739
27	166	3.02554
27	178	0.846394
28	22	0.930031
28	34	0.874939
28	40	0.885857
28	48	0.851471
28	50	0.876477
28	63	0.864162
28	78	0.913956
28	83	0.895884
28	89	0.882784
28	99	0.949931
28	103	0.885951
28	154	4.83383
28	167	1.36
28	169	1.31411
29	31	0.86728
29	33	0.870168
29	57	2.06148
29	65	0.834618
29	90	0.840746
29	92	0.841806
29	111	0.821188
29	112	0.828069
29	115	0.849631
29	117	0.826348
29	155	3.28304
29	166	0.749116
29	175	0.723728
29	178	0.772765
30	100	0.864304
30	126	0.961922
30	139	0.565146
30	155	0.919362
30	165	0.915232
30	167	0.924712
30	169	0.863033
30	170	0.92761
30	172	0.911439
30	174	0.892924
30	175	0.85182
30	176	0.926758
30	179	0.851267
30	180	0.842425
31	26	0.96989
31	29	0.86728
31	33	0.951597
31	79	0.890559
31	90	0.922174
31	92	0.923234
31	101	1.39708
31	111	0.902616
31	112	0.909498
31	133	1.04771
31	166	0.830545
31	175	0.805156
31	178	0.854194
31	180	4.28842
32	74	1.52926
32	126	0.807429
32	132	0.802075
32	135	0.844268
32	140	0.817814
32	142	0.809046
32	143	0.803666
32	144	0.84157
32	146	0.83122
32	149	0.819053
32	150	0.803304
32	152	0.813657
32	157	0.823377
32	173	3.88979
33	23	1.23681
33	29	0.870168
33	31	0.951597
33	72	1.87644
33	75	0.948085
33	92	0.926123
33	97	0.902039
33	111	0.905505
33	112	0.912387
33	120	0.889774
33	165	2.21874
33	166	0.833434
33	175	0.808045
33	178	0.857083
34	20	0.817425
34	22	0.919968
34	25	0.92223
34	28	0.874939
34	40	0.875794
34	47	0.866967
34	70	0.845593
34	78	0.903893
34	83	0.885821
34	89	0.872721
34	94	0.854723
34	103	0.875888
34	136	1.38033
34	145	2.29452
34	178	2.58475
35	44	1.0183
35	129	0.934744
35	149	1.20611
35	152	0.433247
35	161	0.894863
35	164	0.857771
35	167	0.904202
35	168	0.899089
35	172	0.890928
35	173	0.860341
35	174	0.872413
35	176	0.906248
35	177	0.859423
35	179	0.830757
35	180	0.821915
36	10	0.952633
36	12	0.849289
36	18	0.834044
36	46	0.870788
36	49	0.936264
36	66	0.925939
36	99	0.942771
36	127	1.31908
36	139	0.887491
36	145	0.843297
36	151	0.842762
36	154	0.759245
36	158	0.863691
36	161	2.28107
36	174	2.70585
37	69	0.877534
37	82	0.913736
37	105	0.851978
37	107	0.886987
37	125	0.888434
37	131	0.86997
37	134	0.90424
37	138	0.904328
37	141	0.898013
37	147	2.19342
37	158	0.880572
37	163	2.23244
37	167	1.89645
37	175	0.783025
37	178	0.832062
38	83	1.77689
38	143	1.49848
38	159	0.877335
38	162	0.815962
38	164	0.794359
38	165	0.83131
38	167	0.84079
38	168	0.835677
38	169	0.779111
38	170	0.843688
38	171	0.780419
38	174	0.809001
38	177	0.796011
38	179	0.767345
38	180	0.758503
39	68	1.26702
39	75	1.9348
39	147	0.839162
39	153	0.869608
39	155	0.825973
39	156	0.84606
39	162	0.806496
39	164	0.784893
39	170	0.834221
39	171	0.770953
39	172	0.81805
39	176	0.83337
39	177	0.786544
39	179	0.757878
39	180	0.749037
40	20	0.828343
40	28	0.885857
40	34	0.875794
40	48	0.852326
40	50	0.877332
40	63	0.865017
40	66	0.933954
40	70	0.856511
40	83	0.896739
40	89	0.883639
40	103	0.886806
40	120	0.855887
40	145	1.40682
40	151	1.44495
40	169	3.66791
41	54	0.862199
41	62	0.917896
41	82	0.899571
41	84	0.83311
41	105	0.837813
41	109	0.873478
41	116	2.34267
41	125	0.874269
41	131	0.855805
41	134	0.890075
41	138	0.890163
41	139	0.890208
41	141	0.883849
41	151	1.54848
41	162	2.51626
42	25	0.895407
42	80	1.40443
42	150	0.964445
42	162	0.885736
42	165	0.901084
42	168	0.905451
42	169	0.848885
42	170	0.913461
42	172	0.89729
42	173	0.866703
42	174	0.878775
42	176	0.91261
42	177	0.865785
42	179	0.837118
42	180	0.828277
43	44	0.895676
43	54	0.868664
43	68	0.928451
43	77	0.913056
43	108	3.4453
43	109	0.879943
43	125	0.880734
43	131	0.862271
43	134	0.896541
43	138	0.896629
43	141	0.890314
43	151	1.2063
43	174	1.85412
43	175	0.775326
43	178	0.824363
44	35	1.0183
44	43	0.895676
44	93	0.889546
44	105	0.850907
44	107	0.885917
44	109	0.886572
44	125	0.887363
44	131	0.868899
44	134	0.903169
44	138	0.903257
44	141	0.896943
44	160	2.66278
44	170	2.04839
44	175	0.781955
44	178	0.830992
45	11	0.990085
45	111	1.13008
45	125	1.06798
45	147	0.908704
45	153	0.93915
45	160	0.889491
45	165	0.891386
45	168	0.895753
45	169	0.839187
45	170	0.903763
45	173	0.857005
45	176	0.902912
45	177	0.856086
45	179	0.82742
45	180	0.818579
46	12	0.849395
46	18	0.83415
46	36	0.870788
46	49	0.936369
46	66	0.926045
46	99	0.942877
46	100	0.934726
46	101	1.14183
46	137	1.40146
46	139	0.887597
46	145	0.843403
46	151	0.842868
46	154	0.759351
46	158	0.863796
46	180	4.03317
47	4	0.949664
47	15	0.80743
47	22	0.922059
47	25	0.92432
47	34	0.866967
47	50	0.868504
47	63	0.85619
47	70	0.847684
47	78	0.905984
47	83	0.887912
47	89	0.874811
47	94	0.856813
47	103	0.877979
47	167	1.97322
47	177	2.78566
48	22	0.8965
48	25	0.898761
48	28	0.851471
48	40	0.852326
48	50	0.842945
48	63	0.830631
48	70	0.822124
48	78	0.880425
48	83	0.862353
48	89	0.849252
48	94	0.831254
48	98	1.18103
48	99	0.9164
48	103	0.85242
48	147	2.7048
48	178	2.56435
49	10	1.01821
49	12	0.914871
49	18	0.899626
49	21	0.410744
49	36	0.936264
49	46	0.936369
49	99	1.00835
49	102	0.929627
49	114	1.03875
49	139	0.953073
49	145	0.908878
49	151	0.908344
49	154	0.824827
49	158	0.929272
49	169	2.3573
49	175	3.52597
50	15	0.806876
50	20	0.818963
50	28	0.876477
50	40	0.877332
50	47	0.868504
50	48	0.842945
50	63	0.855636
50	70	0.84713
50	78	0.90543
50	83	0.887358
50	89	0.874258
50	94	0.85626
50	103	0.877426
50	153	1.61713
50	159	1.20884
50	179	3.87507
51	67	0.837821
51	96	0.788267
51	121	0.80248
51	124	0.799457
51	126	0.787612
51	132	0.782258
51	135	0.824451
51	140	0.797997
51	142	0.789229
51	143	0.783849
51	144	0.821753
51	149	0.799236
51	152	0.79384
51	157	0.80356
51	167	2.73922
51	174	3.29145
52	6	0.816287
52	9	0.908898
52	119	0.837098
52	124	0.868323
52	126	0.856479
52	135	0.893318
52	142	0.858096
52	143	0.852716
52	144	0.890619
52	146	0.88027
52	149	0.868103
52	152	0.862707
52	157	0.872427
52	166	0.776804
52	168	1.28921
52	175	4.59508
53	68	1.33265
53	86	0.865059
53	124	2.26512
53	137	0.835305
53	161	0.817517
53	165	0.817376
53	167	0.826856
53	169	0.765177
53	170	0.829754
53	171	0.766485
53	172	0.813582
53	173	0.782995
53	176	0.828902
53	177	0.782077
53	179	0.753411
53	180	0.744569
54	27	0.890695
54	41	0.862199
54	43	0.868664
54	55	0.838235
54	62	0.903979
54	76	0.896313
54	82	0.885654
54	95	1.63324
54	105	0.823895
54	118	1.11795
54	131	0.841888
54	138	0.876246
54	141	0.869931
54	158	0.85249
54	166	3.73021
54	178	0.80398
55	2	0.917793
55	54	0.838235
55	68	0.898022
55	73	0.884373
55	77	0.882627
55	84	0.809146
55	93	0.852488
55	107	0.848859
55	125	0.850305
55	128	2.23206
55	130	2.1696
55	131	0.831841
55	134	0.866111
55	136	2.06403
55	138	0.866199
55	141	0.859885
56	112	1.24838
56	116	0.893622
56	117	0.346813
56	149	1.33704
56	162	0.878687
56	163	0.890936
56	164	0.857085
56	165	0.894035
56	169	0.841836
56	171	0.843145
56	172	0.890242
56	173	0.859655
56	174	0.871727
56	177	0.858736
56	179	0.83007
56	180	0.821228
57	29	2.06148
57	126	0.993804
57	144	0.518907
57	156	0.910269
57	161	0.886194
57	165	0.886053
57	167	0.895533
57	168	0.89042
57	169	0.833854
57	171	0.835162
57	173	0.851672
57	174	0.863744
57	176	0.897579
57	177	0.850754
57	179	0.822087
57	180	0.813246
58	64	0.895044
58	96	0.859314
58	120	2.17555
58	121	0.873527
58	126	0.858659
58	135	0.895498
58	136	1.56917
58	142	0.860276
58	143	0.854897
58	144	0.8928
58	149	0.870283
58	150	0.854534
58	152	0.864887
58	154	0.746697
58	157	0.874607
58	178	2.77359
59	93	1.07388
59	109	1.30351
59	131	0.830251
59	159	0.928937
59	163	0.879813
59	164	0.845961
59	165	0.882912
59	169	0.830713
59	170	0.89529
59	172	0.879118
59	173	0.848531
59	176	0.894438
59	177	0.847613
59	178	0.868537
59	179	0.818947
59	180	0.810105
60	27	0.799311
60	65	4.50152
60	71	0.666288
60	119	0.809431
60	131	0.750504
60	137	0.7449
60	141	0.778547
60	144	0.802763
60	146	0.792413
60	150	0.764497
60	152	0.774851
60	157	0.78457
60	162	0.711623
60	173	0.69259
60	178	0.712596
60	179	0.663005
60	180	0.654164
61	77	1.22631
61	143	0.957584
61	148	0.895579
61	150	0.995957
61	153	0.914762
61	154	0.796688
61	155	0.871127
61	161	0.867139
61	163	0.863899
61	167	0.876478
61	169	0.814799
61	170	0.879375
61	173	0.832617
61	176	0.878524
61	177	0.831698
61	179	0.803032
61	180	0.794191
62	41	0.917896
62	54	0.903979
62	68	0.963766
62	82	0.941351
62	84	0.87489
62	93	0.918232
62	107	0.914603
62	125	0.916049
62	131	0.897586
62	134	0.931856
62	138	0.931944
62	141	0.925629
62	148	1.49301
62	153	1.49811
62	164	2.67217
62	165	1.81005
62	178	0.859678
63	15	0.794562
63	20	0.806648
63	28	0.864162
63	40	0.865017
63	47	0.85619
63	48	0.830631
63	50	0.855636
63	70	0.834816
63	78	0.893116
63	83	0.875044
63	88	1.22525
63	89	0.861944
63	94	0.843945
63	103	0.865111
63	108	4.0547
63	120	0.834192
63	176	1.79026
64	9	0.960537
64	19	0.165506
64	58	0.895044
64	81	0.919179
64	124	0.919962
64	126	0.908117
64	132	0.902764
64	140	0.918502
64	142	0.909734
64	143	0.904355
64	146	0.931908
64	149	0.919742
64	150	0.903992
64	157	0.924065
64	170	1.14273
64	172	1.26515
64	175	4.50055
65	1	0.864806
65	29	0.834618
65	60	4.50152
65	72	0.722216
65	80	0.859114
65	90	0.889513
65	92	0.890573
65	97	0.866488
65	108	0.797686
65	111	0.869955
65	112	0.876837
65	117	0.875116
65	130	0.890666
65	147	1.03917
65	166	0.797883
65	175	0.772495
65	178	0.821532
66	36	0.925939
66	40	0.933954
66	46	0.926045
66	70	0.903753
66	94	0.912883
66	98	0.953815
66	103	0.934048
66	142	0.928081
66	143	0.922702
66	146	0.950255
66	150	0.922339
66	151	0.898019
66	154	0.814502
66	155	1.15477
66	158	0.918948
66	165	1.53187
66	180	4.26939
67	51	0.837821
67	122	0.937663
67	123	0.935488
67	126	0.921941
67	127	1.32179
67	135	0.95878
67	140	0.932326
67	142	0.923558
67	143	0.918179
67	146	0.945732
67	150	0.917816
67	152	0.92817
67	154	0.80998
67	157	0.937889
67	159	1.75843
67	168	2.1465
67	172	2.21697
68	39	1.26702
68	43	0.928451
68	53	1.33265
68	55	0.898022
68	62	0.963766
68	102	0.684999
68	105	0.883683
68	107	0.918692
68	109	0.919347
68	110	3.06986
68	113	0.871701
68	125	0.920139
68	131	0.901675
68	134	0.935945
68	138	0.936033
68	141	0.929718
68	178	0.863767
69	37	0.877534
69	73	0.89559
69	82	0.886824
69	84	0.820363
69	105	0.825066
69	113	0.813084
69	115	1.89264
69	125	0.861522
69	131	0.843058
69	134	0.877329
69	138	0.877417
69	141	0.871102
69	156	2.65164
69	158	0.853661
69	175	0.756114
69	176	2.46926
69	178	0.805151
70	20	0.798142
70	34	0.845593
70	40	0.856511
70	47	0.847684
70	48	0.822124
70	50	0.84713
70	63	0.834816
70	66	0.903753
70	78	0.88461
70	83	0.866538
70	89	0.853437
70	94	0.835439
70	103	0.856605
70	120	0.825686
70	130	1.92339
70	133	2.12162
70	151	2.77012
71	60	0.666288
71	93	0.771925
71	103	4.77538
71	106	0.692148
71	109	0.768951
71	132	0.764044
71	134	0.785549
71	138	0.785637
71	141	0.779322
71	149	0.781022
71	150	0.765272
71	152	0.775626
71	157	0.785345
71	170	0.740123
71	174	0.705437
71	176	0.739272
71	179	0.66378
71	180	0.654939
72	33	1.87644
72	65	0.722216
72	80	2.22462
72	137	0.872056
72	155	0.858257
72	159	0.900152
72	160	0.852233
72	164	0.817176
72	165	0.854127
72	167	0.863607
72	170	0.866505
72	171	0.803237
72	172	0.850334
72	173	0.819747
72	174	0.831819
72	176	0.865653
72	179	0.790162
72	180	0.78132
73	2	0.973978
73	27	0.936833
73	55	0.884373
73	69	0.89559
73	93	0.908672
73	105	0.870034
73	109	0.905698
73	116	2.43326
73	119	1.27271
73	125	0.906489
73	130	0.792334
73	131	0.888026
73	134	0.922296
73	138	0.922384
73	141	0.916069
73	166	3.22228
73	175	0.801081
73	178	0.850118
74	9	0.797274
74	32	1.52926
74	121	1.11494
74	142	0.771399
74	155	0.928844
74	159	0.970739
74	164	0.887763
74	165	0.924714
74	168	0.929081
74	169	0.872515
74	171	0.873823
74	172	0.92092
74	173	0.890333
74	174	0.902405
74	176	0.93624
74	177	0.889415
74	179	0.860749
74	180	0.851907
75	1	0.893955
75	8	0.993193
75	26	0.966378
75	33	0.948085
75	39	1.9348
75	79	0.887047
75	92	0.919723
75	97	0.895638
75	111	0.899104
75	112	0.905986
75	117	0.904265
75	130	0.919815
75	153	1.37926
75	156	1.43021
75	164	2.55332
75	166	0.827033
75	175	0.801645
75	178	0.850682
76	2	0.975872
76	54	0.896313
76	77	0.940705
76	84	0.867225
76	93	0.910566
76	95	1.22918
76	105	0.871928
76	107	0.906937
76	125	0.908383
76	131	0.88992
76	134	0.92419
76	138	0.924278
76	141	0.917963
76	148	1.10001
76	154	5.98684
76	173	1.44495
76	175	0.802975
76	178	0.852012
77	43	0.913056
77	55	0.882627
77	61	1.22631
77	76	0.940705
77	84	0.863585
77	105	0.868287
77	107	0.903297
77	109	0.903952
77	131	0.88628
77	134	0.92055
77	138	0.920638
77	139	0.920682
77	141	0.914323
77	145	1.90126
77	153	2.04536
77	158	0.896882
77	172	2.09561
77	178	0.848372
78	13	0.996616
78	15	0.844356
78	20	0.856442
78	22	0.958985
78	28	0.913956
78	34	0.903893
78	47	0.905984
78	48	0.880425
78	50	0.90543
78	63	0.893116
78	70	0.88461
78	83	0.924838
78	89	0.911738
78	94	0.893739
78	103	0.914905
78	145	1.57943
78	173	2.81834
78	178	1.86966
79	31	0.890559
79	75	0.887047
79	80	0.833626
79	90	0.864025
79	92	0.865085
79	97	0.841
79	104	2.33731
79	111	0.844467
79	112	0.851348
79	115	0.87291
79	117	0.849627
79	120	0.828736
79	127	1.99222
79	139	0.868354
79	166	0.772395
79	172	2.88741
79	175	0.747007
79	178	0.796044
80	1	0.840535
80	26	0.912958
80	42	1.40443
80	65	0.859114
80	72	2.22462
80	79	0.833626
80	90	0.865242
80	92	0.866302
80	97	0.842218
80	108	0.773416
80	110	0.767994
80	111	0.845684
80	112	0.852566
80	113	2.65633
80	117	0.850845
80	139	0.869572
80	166	0.773613
80	175	0.748224
80	178	0.797261
81	64	0.919179
81	91	0.880322
81	121	0.897662
81	122	0.898515
81	124	0.894638
81	126	0.882793
81	132	0.87744
81	136	1.35095
81	140	0.893179
81	142	0.88441
81	144	0.916934
81	149	0.894418
81	150	0.878668
81	152	0.889022
81	157	0.898741
81	158	1.93352
81	166	0.803118
81	168	2.38901
81	172	2.45948
82	37	0.913736
82	41	0.899571
82	54	0.885654
82	62	0.941351
82	69	0.886824
82	84	0.856565
82	105	0.861268
82	107	0.896278
82	109	0.896933
82	131	0.87926
82	133	1.56089
82	134	0.91353
82	138	0.913618
82	141	0.907304
82	151	2.2094
82	159	1.90709
82	161	2.43243
82	175	0.792315
82	178	0.841353
83	15	0.826284
83	25	0.943175
83	28	0.895884
83	34	0.885821
83	38	1.77689
83	40	0.896739
83	47	0.887912
83	48	0.862353
83	50	0.887358
83	63	0.875044
83	70	0.866538
83	78	0.924838
83	89	0.893666
83	94	0.875668
83	103	0.896833
83	120	0.865914
83	145	1.91094
83	159	1.64675
83	161	2.1721
84	19	0.941233
84	27	0.861607
84	41	0.83311
84	55	0.809146
84	62	0.87489
84	69	0.820363
84	76	0.867225
84	77	0.863585
84	82	0.856565
84	93	0.833446
84	106	0.753668
84	118	1.41976
84	125	0.831263
84	131	0.812799
84	134	0.847069
84	138	0.847157
84	141	0.840843
84	169	4.67176
84	175	0.725854
85	3	0.912092
85	124	0.969871
85	131	1.43169
85	140	1.58545
85	159	0.893063
85	161	0.847179
85	162	0.83169
85	163	0.843939
85	168	0.851405
85	169	0.794839
85	170	0.859416
85	171	0.796147
85	172	0.843244
85	173	0.812657
85	174	0.82473
85	176	0.858564
85	177	0.811739
85	179	0.783073
85	180	0.774231
86	53	0.865059
86	88	0.931671
86	107	1.26004
86	128	0.920348
86	140	1.45962
86	142	1.2372
86	156	0.860328
86	162	0.820764
86	163	0.833013
86	164	0.799161
86	165	0.836112
86	168	0.840479
86	170	0.848489
86	171	0.785221
86	172	0.832318
86	173	0.801731
86	177	0.800813
86	179	0.772146
86	180	0.763305
87	5	1.00305
87	24	1.23182
87	103	0.74162
87	139	1.47803
87	156	0.929211
87	159	0.95102
87	161	0.905136
87	163	0.901896
87	164	0.868044
87	168	0.909362
87	169	0.852796
87	170	0.917373
87	171	0.854104
87	172	0.901202
87	174	0.882687
87	176	0.916521
87	177	0.869696
87	179	0.84103
87	180	0.832188
88	2	0.859627
88	15	2.13755
88	63	1.22525
88	86	0.931671
88	136	0.975909
88	147	0.901307
88	150	1.11858
88	156	0.908204
88	161	0.884129
88	163	0.880889
88	164	0.847037
88	167	0.893468
88	170	0.896366
88	171	0.833098
88	172	0.880195
88	173	0.849608
88	174	0.86168
88	177	0.848689
88	179	0.820023
88	180	0.811181
89	13	1.38359
89	15	0.813184
89	20	0.82527
89	22	0.927813
89	25	0.930074
89	28	0.882784
89	34	0.872721
89	40	0.883639
89	47	0.874811
89	48	0.849252
89	50	0.874258
89	63	0.861944
89	70	0.853437
89	78	0.911738
89	83	0.893666
89	94	0.862567
89	103	0.883733
89	159	1.70221
89	163	2.4361
89	178	2.25663
90	1	0.870934
90	7	1.62944
90	8	0.970171
90	26	0.943356
90	29	0.840746
90	31	0.922174
90	65	0.889513
90	79	0.864025
90	80	0.865242
90	97	0.872616
90	104	1.63104
90	111	0.876083
90	112	0.882964
90	115	0.904526
90	117	0.881243
90	165	2.44282
90	166	0.804011
90	167	2.1205
90	175	0.778623
90	178	0.82766
91	81	0.880322
91	121	0.884129
91	122	0.884982
91	123	0.882807
91	129	1.99534
91	132	0.863907
91	135	0.906099
91	140	0.879645
91	142	0.870877
91	143	0.865498
91	144	0.903401
91	146	0.893051
91	149	0.880885
91	150	0.865135
91	152	0.875489
91	157	0.885208
91	158	1.86203
91	161	2.4548
91	166	0.789585
91	176	2.20632
92	29	0.841806
92	31	0.923234
92	33	0.926123
92	65	0.890573
92	75	0.919723
92	79	0.865085
92	80	0.866302
92	102	1.8385
92	108	0.804874
92	110	0.799453
92	111	0.877142
92	112	0.884024
92	117	0.882303
92	120	0.861412
92	130	0.897854
92	153	1.86498
92	160	2.40719
92	166	0.805071
92	175	0.779683
92	177	2.66704
92	178	0.82872
93	27	0.904948
93	44	0.889546
93	55	0.852488
93	59	1.07388
93	62	0.918232
93	71	0.771925
93	73	0.908672
93	76	0.910566
93	84	0.833446
93	105	0.838149
93	109	0.873813
93	114	1.87506
93	125	0.874605
93	128	1.45915
93	131	0.856141
93	138	0.890499
93	139	0.890544
93	141	0.884184
93	164	3.52347
93	175	0.769196
93	178	0.818233
94	15	0.795186
94	20	0.807272
94	22	0.909815
94	25	0.912076
94	34	0.854723
94	47	0.856813
94	48	0.831254
94	50	0.85626
94	63	0.843945
94	66	0.912883
94	70	0.835439
94	78	0.893739
94	83	0.875668
94	89	0.862567
94	99	0.929715
94	101	2.20411
94	103	0.865735
94	118	0.910991
94	120	0.834816
94	156	2.09696
94	171	3.70521
95	26	1.55269
95	54	1.63324
95	76	1.22918
95	139	1.26403
95	147	0.896793
95	155	0.883605
95	156	0.903691
95	159	0.9255
95	160	0.877581
95	161	0.879616
95	167	0.888955
95	168	0.883843
95	169	0.827276
95	171	0.828585
95	172	0.875682
95	173	0.845095
95	174	0.857167
95	176	0.891001
95	177	0.844176
95	179	0.81551
95	180	0.806668
96	4	1.51128
96	19	0.931675
96	51	0.788267
96	58	0.859314
96	122	0.88811
96	123	0.885935
96	126	0.872387
96	135	0.909227
96	140	0.882773
96	142	0.874005
96	143	0.868625
96	144	0.906528
96	146	0.896179
96	148	2.54011
96	149	0.884012
96	150	0.868263
96	152	0.878616
96	154	0.760426
96	157	0.888335
96	166	0.792712
96	170	2.47305
97	1	0.847909
97	8	0.947146
97	26	0.920332
97	33	0.902039
97	65	0.866488
97	75	0.895638
97	79	0.841
97	80	0.842218
97	90	0.872616
97	110	0.775368
97	111	0.853058
97	112	0.85994
97	113	2.52261
97	117	0.858219
97	130	0.873769
97	136	1.063
97	139	0.876946
97	155	2.05611
97	164	3.29534
97	166	0.780987
97	175	0.755598
97	178	0.804635
98	48	1.18103
98	66	0.953815
98	109	1.34184
98	128	0.996556
98	135	0.866814
98	144	0.568453
98	148	0.940902
98	153	0.960085
98	155	0.91645
98	160	0.910426
98	161	0.912461
98	162	0.896972
98	163	0.909221
98	165	0.91232
98	167	0.9218
98	169	0.860121
98	170	0.924698
98	171	0.86143
98	176	0.923847
98	177	0.877021
98	179	0.848355
98	180	0.839513
99	15	0.880331
99	28	0.949931
99	36	0.942771
99	46	0.942877
99	48	0.9164
99	49	1.00835
99	94	0.929715
99	103	0.95088
99	122	0.305724
99	135	0.930466
99	140	1.086
99	143	0.603104
99	151	0.914851
99	154	0.831335
99	157	0.674593
99	158	0.93578
99	167	0.911125
99	168	0.906012
99	171	0.850754
99	177	0.866345
99	179	0.837679
99	180	0.828838
100	1	0.922392
100	30	0.864304
100	46	0.934726
100	111	0.927541
100	112	0.934423
100	121	0.950013
100	122	0.950867
100	132	0.929791
100	136	1.12463
100	139	0.951429
100	147	2.4695
100	150	0.93102
100	151	0.9067
100	152	0.941373
100	154	0.823183
100	155	2.11775
100	157	0.951092
100	158	0.927628
100	170	2.11075
100	175	0.830081
100	178	0.879118
101	31	1.39708
101	46	1.14183
101	94	2.20411
101	117	1.47626
101	128	0.941073
101	147	0.874155
101	153	0.904601
101	161	0.856978
101	162	0.841489
101	163	0.853738
101	164	0.819886
101	165	0.856837
101	167	0.866317
101	168	0.861204
101	169	0.804638
101	170	0.869215
101	172	0.853043
101	173	0.822456
101	174	0.834528
101	176	0.868363
101	177	0.821538
101	179	0.792872
101	180	0.78403
102	18	0.827408
102	49	0.929627
102	68	0.684999
102	92	1.8385
102	107	2.03347
102	110	0.779277
102	124	0.876415
102	130	0.877677
102	138	1.40832
102	145	0.83666
102	146	0.888361
102	149	0.876195
102	151	0.836125
102	152	0.870799
102	154	0.752609
102	157	0.880518
102	158	0.857054
102	159	0.868943
102	168	0.827286
102	170	0.835296
102	172	0.819125
102	176	0.834445
102	179	0.758953
102	180	0.750112
103	15	0.816351
103	20	0.828437
103	22	0.930981
103	25	0.933242
103	28	0.885951
103	34	0.875888
103	40	0.886806
103	47	0.877979
103	48	0.85242
103	50	0.877426
103	63	0.865111
103	66	0.934048
103	70	0.856605
103	71	4.77538
103	78	0.914905
103	83	0.896833
103	87	0.74162
103	89	0.883733
103	94	0.865735
103	99	0.95088
103	120	0.855981
103	127	0.718465
103	160	1.68957
103	170	1.07518
104	79	2.33731
104	90	1.63104
104	122	0.979416
104	136	0.943077
104	137	0.869086
104	138	0.934962
104	151	0.864364
104	155	0.855286
104	156	0.875373
104	160	0.849263
104	162	0.835809
104	164	0.814206
104	167	0.860637
104	168	0.855524
104	169	0.798958
104	170	0.863535
104	171	0.800266
104	172	0.847363
104	173	0.816776
104	174	0.828848
104	176	0.862683
104	177	0.815858
104	179	0.787192
104	180	0.77835
105	37	0.851978
105	41	0.837813
105	44	0.850907
105	54	0.823895
105	68	0.883683
105	69	0.825066
105	73	0.870034
105	76	0.871928
105	77	0.868287
105	82	0.861268
105	93	0.838149
105	107	0.83452
105	109	0.835174
105	118	1.91612
105	119	2.5788
105	125	0.835966
105	130	2.09842
105	134	0.851772
105	138	0.85186
105	141	0.845546
105	145	2.90703
105	158	0.828104
105	175	0.730557
105	178	0.779595
106	12	3.14207
106	71	0.692148
106	84	0.753668
106	109	0.794036
106	111	3.71529
106	123	0.808029
106	128	0.837066
106	134	0.810634
106	141	0.804407
106	142	0.796099
106	146	0.818273
106	149	0.806107
106	152	0.800711
106	157	0.81043
106	158	0.786966
106	162	0.737482
106	164	0.71588
106	166	0.714807
106	167	0.762311
106	172	0.749037
106	174	0.730522
106	175	0.689419
106	177	0.717531
106	179	0.688865
106	180	0.680024
107	27	0.901319
107	37	0.886987
107	44	0.885917
107	55	0.848859
107	62	0.914603
107	68	0.918692
107	76	0.906937
107	77	0.903297
107	82	0.896278
107	86	1.26004
107	102	2.03347
107	105	0.83452
107	109	0.870184
107	125	0.870976
107	131	0.852512
107	133	1.30546
107	134	0.886782
107	138	0.88687
107	139	0.886915
107	141	0.880555
107	158	0.863114
107	160	2.60216
107	168	2.03972
107	175	0.765567
107	178	0.814604
108	43	3.4453
108	63	4.0547
108	65	0.797686
108	80	0.773416
108	92	0.804874
108	112	0.791138
108	117	0.789417
108	123	0.805407
108	132	0.786506
108	135	0.828699
108	140	0.802245
108	144	0.826001
108	146	0.815651
108	152	0.798088
108	155	0.754338
108	162	0.73486
108	166	0.712185
108	168	0.754575
108	171	0.699317
108	172	0.746414
108	173	0.715827
108	175	0.686796
108	178	0.735833
108	179	0.686243
108	180	0.677401
109	2	0.939119
109	41	0.873478
109	43	0.879943
109	44	0.886572
109	59	1.30351
109	68	0.919347
109	71	0.768951
109	73	0.905698
109	77	0.903952
109	82	0.896933
109	93	0.873813
109	98	1.34184
109	105	0.835174
109	106	0.794036
109	107	0.870184
109	125	0.87163
109	130	1.62632
109	131	0.853167
109	134	0.887437
109	138	0.887525
109	141	0.88121
109	148	2.57393
109	158	0.863769
109	168	2.55881
109	175	0.766222
109	178	0.815259
110	8	0.872923
110	20	4.13014
110	68	3.06986
110	80	0.767994
110	92	0.799453
110	97	0.775368
110	102	0.779277
110	117	0.783995
110	122	0.802161
110	140	0.796824
110	142	0.788055
110	143	0.782676
110	146	0.810229
110	149	0.798063
110	155	0.748916
110	157	0.802386
110	167	0.754267
110	168	0.749154
110	171	0.693896
110	175	0.681375
110	176	0.756313
110	178	0.730412
110	179	0.680822
110	180	0.67198
111	8	0.950612
111	26	0.923798
111	29	0.821188
111	31	0.902616
111	33	0.905505
111	45	1.13008
111	65	0.869955
111	75	0.899104
111	79	0.844467
111	80	0.845684
111	90	0.876083
111	92	0.877142
111	97	0.853058
111	100	0.927541
111	106	3.71529
111	112	0.863406
111	117	0.861685
111	119	0.999731
111	120	0.840793
111	129	1.12966
111	130	0.877235
111	139	0.880412
111	164	2.64612
111	166	0.784453
111	175	0.759065
111	178	0.808102
112	8	0.957494
112	29	0.828069
112	31	0.909498
112	33	0.912387
112	56	1.24838
112	65	0.876837
112	75	0.905986
112	79	0.851348
112	80	0.852566
112	90	0.882964
112	92	0.884024
112	97	0.85994
112	100	0.934423
112	108	0.791138
112	111	0.863406
112	113	2.62106
112	117	0.868567
112	120	0.847675
112	130	0.884117
112	133	1.46524
112	139	0.887294
112	165	2.53166
112	166	0.791335
112	172	2.26998
112	175	0.765946
112	178	0.814984
113	68	0.871701
113	69	0.813084
113	80	2.65633
113	97	2.52261
113	112	2.62106
113	134	0.839791
113	138	0.839878
113	141	0.833564
113	142	0.825256
113	144	0.85778
113	146	0.84743
113	149	0.835264
113	150	0.819514
113	152	0.829868
113	154	0.711677
113	157	0.839587
113	160	0.780093
113	164	0.745037
113	165	0.781988
113	169	0.729789
113	174	0.759679
113	175	0.718576
113	177	0.746688
113	178	0.767613
113	179	0.718022
113	180	0.70918
114	49	1.03875
114	93	1.87506
114	133	0.931749
114	135	1.62966
114	148	0.867961
114	149	1.83404
114	153	0.887144
114	156	0.863596
114	159	0.885404
114	160	0.837485
114	161	0.839521
114	162	0.824032
114	163	0.836281
114	167	0.84886
114	168	0.843747
114	169	0.787181
114	171	0.788489
114	172	0.835586
114	173	0.804999
114	174	0.817071
114	176	0.850906
114	177	0.80408
114	178	0.825005
114	179	0.775414
114	180	0.766573
115	10	1.41435
115	20	1.06372
115	22	1.7508
115	29	0.849631
115	69	1.89264
115	79	0.87291
115	90	0.904526
115	117	0.890128
115	123	0.906119
115	139	0.908855
115	141	1.01139
115	143	0.888809
115	144	0.926712
115	146	0.916362
115	149	0.904196
115	152	0.8988
115	153	0.898684
115	155	0.855049
115	157	0.908519
115	160	0.849026
115	162	0.835572
115	164	0.813969
115	175	0.787508
115	178	0.836545
115	179	0.786954
115	180	0.778113
116	41	2.34267
116	56	0.893622
116	73	2.43326
116	136	0.879935
116	137	0.805944
116	142	2.72533
116	147	0.805333
116	148	0.816597
116	153	0.835779
116	155	0.792145
116	156	0.812231
116	160	0.786121
116	161	0.788156
116	162	0.772667
116	163	0.784916
116	165	0.788015
116	167	0.797495
116	168	0.792382
116	169	0.735816
116	171	0.737124
116	172	0.784221
116	173	0.753634
116	174	0.765706
116	176	0.799541
116	177	0.752716
116	179	0.72405
116	180	0.715208
117	1	0.856536
117	8	0.955773
117	13	0.881093
117	26	0.928959
117	29	0.826348
117	56	0.346813
117	65	0.875116
117	75	0.904265
117	79	0.849627
117	80	0.850845
117	90	0.881243
117	92	0.882303
117	97	0.858219
117	101	1.47626
117	108	0.789417
117	110	0.783995
117	111	0.861685
117	112	0.868567
117	115	0.890128
117	130	0.882396
117	139	0.885573
117	165	1.63009
117	166	0.789614
117	171	2.97736
117	175	0.764225
117	178	0.813263
117	179	3.5761
118	54	1.11795
118	84	1.41976
118	94	0.910991
118	105	1.91612
118	129	0.946382
118	136	0.99828
118	140	1.12452
118	147	0.923678
118	152	0.400496
118	153	0.954124
118	155	0.910489
118	159	0.952385
118	161	0.906501
118	162	0.891012
118	163	0.903261
118	164	0.869409
118	167	0.91584
118	169	0.854161
118	170	0.918738
118	171	0.855469
118	172	0.902566
118	173	0.871979
118	174	0.884051
118	176	0.917886
118	177	0.871061
118	179	0.842395
118	180	0.833553
119	52	0.837098
119	60	0.809431
119	73	1.27271
119	105	2.5788
119	111	0.999731
119	132	1.81147
119	133	0.963258
119	148	0.89947
119	155	0.875018
119	156	0.895104
119	159	0.916913
119	160	0.868994
119	161	0.871029
119	162	0.85554
119	163	0.867789
119	164	0.833938
119	165	0.870889
119	169	0.81869
119	170	0.883266
119	171	0.819998
119	172	0.867095
119	173	0.836508
119	174	0.84858
119	176	0.882415
119	177	0.835589
119	179	0.806923
119	180	0.798082
120	25	0.902323
120	27	1.09639
120	33	0.889774
120	40	0.855887
120	58	2.17555
120	63	0.834192
120	70	0.825686
120	79	0.828736
120	83	0.865914
120	92	0.861412
120	94	0.834816
120	103	0.855981
120	111	0.840793
120	112	0.847675
120	123	1.50285
120	132	1.8319
120	139	0.864681
120	163	0.803646
120	165	0.806746
120	167	0.816225
120	170	0.819123
120	174	0.784437
120	176	0.818272
120	178	0.792371
120	179	0.74278
120	180	0.733939
121	9	0.93902
121	24	0.925759
121	51	0.80248
121	58	0.873527
121	74	1.11494
121	81	0.897662
121	91	0.884129
121	100	0.950013
121	124	0.898445
121	126	0.8866
121	128	1.4904
121	132	0.881247
121	135	0.92344
121	136	1.32237
121	137	2.79839
121	140	0.896986
121	142	0.888217
121	143	0.882838
121	144	0.920741
121	145	0.85869
121	146	0.910391
121	149	0.898225
121	150	0.882476
121	152	0.892829
121	157	0.902548
121	166	0.806925
121	170	2.30848
121	172	2.43091
122	67	0.937663
122	81	0.898515
122	91	0.884982
122	96	0.88811
122	99	0.305724
122	100	0.950867
122	104	0.979416
122	110	0.802161
122	123	0.901001
122	124	0.899299
122	126	0.887454
122	132	0.8821
122	135	0.924293
122	140	0.897839
122	142	0.889071
122	143	0.883692
122	144	0.921595
122	146	0.911245
122	149	0.899078
122	150	0.883329
122	151	0.859009
122	152	0.893682
122	153	1.47926
122	157	0.903402
122	166	0.807779
122	171	3.13846
122	176	1.34783
122	179	3.7372
123	16	0.839545
123	24	0.924437
123	67	0.935488
123	91	0.882807
123	96	0.885935
123	106	0.808029
123	108	0.805407
123	115	0.906119
123	120	1.50285
123	122	0.901001
123	126	0.885279
123	128	1.06449
123	132	0.879925
123	135	0.922118
123	140	0.895664
123	142	0.886896
123	143	0.881517
123	144	0.91942
123	145	0.857369
123	146	0.90907
123	149	0.896904
123	150	0.881154
123	152	0.891507
123	155	1.88958
123	157	0.901227
123	160	2.49697
123	163	2.28035
123	166	0.805604
123	174	2.49659
124	6	0.843385
124	17	1.16318
124	24	0.922735
124	51	0.799457
124	52	0.868323
124	53	2.26512
124	64	0.919962
124	81	0.894638
124	85	0.969871
124	102	0.876415
124	121	0.898445
124	122	0.899299
124	126	0.883577
124	130	0.896684
124	132	0.878223
124	135	0.920416
124	140	0.893962
124	142	0.885194
124	143	0.879814
124	146	0.907368
124	148	1.63885
124	149	0.895201
124	150	0.879452
124	151	0.855132
124	152	0.889805
124	157	0.899525
124	163	1.96955
124	166	0.803902
124	177	2.44601
125	2	0.93991
125	27	0.902765
125	37	0.888434
125	41	0.874269
125	43	0.880734
125	44	0.887363
125	45	1.06798
125	55	0.850305
125	62	0.916049
125	68	0.920139
125	69	0.861522
125	73	0.906489
125	76	0.908383
125	84	0.831263
125	93	0.874605
125	105	0.835966
125	107	0.870976
125	109	0.87163
125	130	0.989936
125	131	0.853958
125	138	0.888316
125	139	0.888361
125	141	0.882001
125	158	0.86456
125	166	2.8872
125	172	1.46022
125	173	2.50478
125	175	0.767013
125	178	0.81605
125	179	3.66791
126	5	0.931394
126	11	0.832124
126	30	0.961922
126	32	0.807429
126	51	0.787612
126	52	0.856479
126	57	0.993804
126	58	0.858659
126	64	0.908117
126	67	0.921941
126	81	0.882793
126	96	0.872387
126	121	0.8866
126	122	0.887454
126	123	0.885279
126	124	0.883577
126	130	0.884839
126	140	0.882117
126	143	0.867969
126	144	0.905873
126	146	0.895523
126	148	2.27543
126	149	0.883356
126	150	0.867607
126	151	0.843287
126	152	0.87796
126	157	0.88768
126	158	1.80483
126	162	3.14234
126	167	2.27015
127	14	0.934116
127	36	1.31908
127	67	1.32179
127	79	1.99222
127	103	0.718465
127	136	0.97482
127	137	0.900829
127	148	0.911482
127	149	1.46344
127	153	0.930664
127	156	0.907116
127	157	1.00319
127	160	0.881006
127	162	0.867552
127	163	0.879801
127	164	0.845949
127	167	0.89238
127	168	0.887267
127	169	0.830701
127	170	0.895278
127	171	0.832009
127	172	0.879106
127	173	0.848519
127	174	0.860591
127	175	0.819488
127	176	0.894426
127	177	0.847601
127	178	0.868525
127	179	0.818935
127	180	0.810093
128	55	2.23206
128	86	0.920348
128	93	1.45915
128	98	0.996556
128	101	0.941073
128	106	0.837066
128	121	1.4904
128	123	1.06449
128	141	0.829173
128	147	0.889983
128	155	0.876794
128	157	0.95787
128	159	0.918689
128	160	0.87077
128	161	0.872805
128	162	0.857316
128	163	0.869565
128	164	0.835714
128	165	0.872664
128	167	0.882144
128	168	0.877032
128	169	0.820465
128	170	0.885042
128	171	0.821774
128	172	0.868871
128	173	0.838284
128	174	0.850356
128	176	0.884191
128	177	0.837365
128	179	0.808699
128	180	0.799857
129	6	2.51583
129	22	2.11643
129	35	0.934744
129	91	1.99534
129	111	1.12966
129	118	0.946382
129	137	0.846379
129	147	0.845769
129	148	0.857032
129	152	1.19311
129	153	0.876215
129	155	0.83258
129	156	0.852667
129	159	0.874475
129	160	0.826556
129	161	0.828592
129	162	0.813102
129	163	0.825352
129	164	0.7915
129	165	0.828451
129	167	0.837931
129	168	0.832818
129	169	0.776252
129	170	0.840828
129	171	0.77756
129	172	0.824657
129	173	0.79407
129	174	0.806142
129	176	0.839977
129	177	0.793151
129	179	0.764485
129	180	0.755644
130	55	2.1696
130	65	0.890666
130	70	1.92339
130	73	0.792334
130	75	0.919815
130	92	0.897854
130	97	0.873769
130	102	0.877677
130	105	2.09842
130	109	1.62632
130	111	0.877235
130	112	0.884117
130	117	0.882396
130	124	0.896684
130	125	0.989936
130	126	0.884839
130	132	0.879486
130	140	0.895224
130	144	0.91898
130	150	0.880714
130	152	0.891068
130	157	0.900787
130	163	0.840088
130	164	0.806237
130	165	0.843188
130	167	0.852667
130	168	0.847555
130	173	0.808807
130	177	0.807888
130	178	0.828813
130	179	0.779222
130	180	0.77038
131	2	0.921446
131	37	0.86997
131	41	0.855805
131	43	0.862271
131	44	0.868899
131	54	0.841888
131	55	0.831841
131	59	0.830251
131	60	0.750504
131	62	0.897586
131	68	0.901675
131	69	0.843058
131	73	0.888026
131	76	0.88992
131	77	0.88628
131	82	0.87926
131	84	0.812799
131	85	1.43169
131	93	0.856141
131	107	0.852512
131	109	0.853167
131	125	0.853958
131	134	0.869764
131	138	0.869852
131	139	0.869897
131	141	0.863538
131	158	0.846097
131	163	2.43138
131	168	2.08555
131	174	2.64761
131	175	0.74855
131	177	2.90783
131	178	0.797587
132	11	0.826771
132	14	1.5548
132	16	0.820644
132	32	0.802075
132	51	0.782258
132	64	0.902764
132	71	0.764044
132	81	0.87744
132	91	0.863907
132	100	0.929791
132	108	0.786506
132	119	1.81147
132	120	1.8319
132	121	0.881247
132	122	0.8821
132	123	0.879925
132	124	0.878223
132	130	0.879486
132	135	0.903217
132	136	1.22552
132	140	0.876763
132	142	0.867995
132	143	0.862616
132	144	0.900519
132	145	0.838468
132	149	0.878003
132	150	0.862253
132	151	0.837933
132	152	0.872607
132	154	0.754417
132	157	0.882326
132	162	3.1456
132	176	2.15238
133	10	1.3679
133	31	1.04771
133	70	2.12162
133	82	1.56089
133	107	1.30546
133	112	1.46524
133	114	0.931749
133	119	0.963258
133	136	0.972718
133	137	0.898727
133	138	0.680321
133	148	0.90938
133	153	0.928562
133	155	0.884927
133	156	0.905014
133	159	0.926823
133	160	0.878904
133	161	0.880939
133	162	0.86545
133	163	0.877699
133	164	0.843847
133	165	0.880798
133	167	0.890278
133	168	0.885165
133	169	0.828599
133	170	0.893176
133	171	0.829907
133	172	0.877004
133	173	0.846417
133	174	0.858489
133	176	0.892324
133	177	0.845499
133	179	0.816833
133	180	0.807991
134	27	0.918572
134	37	0.90424
134	41	0.890075
134	43	0.896541
134	44	0.903169
134	55	0.866111
134	62	0.931856
134	68	0.935945
134	69	0.877329
134	71	0.785549
134	73	0.922296
134	76	0.92419
134	77	0.92055
134	82	0.91353
134	84	0.847069
134	105	0.851772
134	106	0.810634
134	107	0.886782
134	109	0.887437
134	113	0.839791
134	131	0.869764
134	137	2.24197
134	138	0.904123
134	139	0.904167
134	141	0.897808
134	153	1.82424
134	158	0.880367
134	161	1.94129
134	166	3.30147
134	167	1.81385
134	170	1.75206
134	175	0.78282
134	176	1.69281
