1	32	0.706116
1	41	0.692214
1	46	0.692125
1	54	0.744541
1	60	0.728628
1	65	0.72889
1	101	0.710996
1	102	0.704493
1	137	1.56921
1	153	0.752222
1	156	0.739409
1	179	6.44015
2	24	0.756633
2	27	0.684637
2	33	0.683379
2	49	0.722116
2	50	0.721777
2	53	0.721542
2	58	0.771401
2	59	0.771326
2	61	0.771283
2	105	0.624903
2	152	3.28969
2	157	4.26505
3	10	0.699361
3	17	0.768675
3	22	0.767894
3	23	0.681837
3	38	0.729395
3	42	0.729549
3	44	0.729761
3	55	0.784512
3	112	3.18743
3	133	0.641136
3	172	0.685139
3	175	4.48168
4	59	0.664934
4	103	0.513038
4	106	1.13889
4	146	0.807306
4	148	0.826384
4	164	0.809456
4	167	0.767328
4	170	0.828001
4	174	0.795628
4	175	0.792614
4	176	0.780702
4	180	0.776266
5	12	0.780592
5	18	0.743924
5	21	0.752232
5	26	0.751795
5	28	0.726298
5	30	0.659132
5	34	0.726359
5	48	0.714036
5	109	0.7029
5	132	3.36016
5	152	0.668442
5	174	4.33192
6	7	0.80999
6	8	0.811118
6	41	0.765564
6	46	0.765474
6	54	0.81789
6	60	0.801977
6	65	0.802239
6	81	2.86486
6	114	2.18711
6	139	2.84703
6	153	0.825571
6	156	0.812758
7	6	0.80999
7	32	0.778898
7	46	0.764907
7	54	0.817323
7	60	0.80141
7	65	0.801672
7	101	0.783778
7	153	0.825004
7	156	0.812191
7	162	3.07604
7	163	2.88261
7	171	2.86784
8	6	0.811118
8	32	0.780026
8	41	0.766124
8	54	0.818451
8	60	0.802538
8	65	0.8028
8	102	0.778402
8	143	2.24156
8	153	0.826132
8	156	0.813319
8	173	2.33414
8	174	4.4196
9	77	0.739351
9	80	2.12513
9	85	0.724881
9	96	0.707077
9	121	0.71336
9	122	0.716757
9	129	0.728323
9	131	0.747772
9	135	5.14513
9	143	0.73888
9	156	0.762067
9	161	0.632236
10	3	0.699361
10	13	0.695842
10	17	0.764113
10	19	0.789688
10	38	0.724833
10	42	0.724987
10	44	0.725199
10	55	0.77995
10	127	3.82436
10	133	0.636574
10	142	3.39703
10	172	0.680576
11	56	0.780836
11	57	0.780808
11	62	0.780882
11	66	0.781038
11	68	0.827397
11	70	0.82762
11	71	0.827822
11	73	0.827966
11	138	0.758554
11	143	1.38554
11	175	2.99425
11	177	4.74274
12	5	0.780592
12	16	0.784091
12	18	0.846838
12	28	0.829213
12	30	0.762046
12	34	0.829273
12	48	0.81695
12	109	0.805814
12	140	2.47778
12	143	1.40975
12	151	5.10497
12	152	0.771356
13	10	0.695842
13	19	0.790731
13	22	0.764374
13	23	0.678318
13	38	0.725876
13	42	0.72603
13	44	0.726242
13	55	0.780993
13	133	0.637617
13	160	2.38659
13	161	5.95939
13	172	0.681619
14	45	3.23334
14	69	1.75811
14	95	0.808231
14	96	0.776876
14	107	0.802571
14	118	0.788721
14	121	0.783159
14	126	0.799567
14	129	0.798122
14	131	0.817571
14	139	2.69924
14	156	0.831866
15	34	0.875037
15	67	0.774185
15	86	0.228772
15	136	0.787419
15	139	0.86887
15	145	0.807545
15	151	0.788886
15	159	0.763561
15	163	0.832515
15	178	0.791921
15	179	0.772644
15	180	0.78965
16	12	0.784091
16	21	0.75573
16	26	0.755294
16	28	0.729797
16	30	0.66263
16	34	0.729857
16	37	0.693243
16	48	0.717534
16	109	0.706398
16	146	1.77586
16	152	0.67194
16	166	7.00343
17	3	0.768675
17	10	0.764113
17	22	0.832646
17	23	0.746589
17	38	0.794147
17	42	0.794301
17	44	0.794513
17	55	0.849264
17	83	1.93108
17	114	2.0293
17	130	4.31531
17	133	0.705888
17	172	0.749891
18	5	0.743924
18	12	0.846838
18	21	0.818478
18	26	0.818041
18	28	0.792545
18	30	0.725378
18	34	0.792605
18	37	0.755991
18	48	0.780282
18	104	1.7538
18	136	5.8242
18	152	0.734688
18	158	1.56561
19	10	0.789688
19	13	0.790731
19	23	0.772164
19	38	0.819722
19	42	0.819876
19	44	0.820088
19	55	0.874839
19	120	3.94304
19	133	0.731463
19	158	2.24458
19	168	4.0001
19	172	0.775465
20	72	0.809499
20	84	1.29356
20	93	0.812101
20	96	0.768744
20	103	0.796456
20	108	0.773045
20	121	0.775027
20	125	0.793024
20	129	0.789991
20	131	0.80944
20	149	4.00931
20	157	4.01828
20	161	0.693904
21	5	0.752232
21	16	0.75573
21	18	0.818478
21	26	0.826349
21	28	0.800852
21	30	0.733685
21	34	0.800913
21	48	0.788589
21	109	0.777454
21	137	1.67054
21	152	0.742995
21	157	4.54731
21	163	3.05841
22	3	0.767894
22	13	0.764374
22	17	0.832646
22	23	0.745807
22	38	0.793365
22	42	0.793519
22	44	0.793732
22	55	0.848483
22	110	3.06628
22	133	0.705106
22	146	3.83326
22	170	2.85513
22	172	0.749109
23	3	0.681837
23	13	0.678318
23	17	0.746589
23	19	0.772164
23	22	0.745807
23	38	0.707309
23	42	0.707463
23	44	0.707675
23	55	0.762426
23	132	3.78476
23	133	0.61905
23	172	0.663053
23	175	4.1872
24	2	0.756633
24	25	0.812384
24	27	0.731155
24	49	0.768635
24	50	0.768295
24	53	0.768061
24	58	0.817919
24	59	0.817844
24	61	0.817801
24	100	2.37584
24	109	0.765637
24	114	1.93154
24	171	4.22406
25	24	0.812384
25	33	0.739129
25	49	0.777867
25	50	0.777527
25	53	0.777292
25	58	0.827151
25	59	0.827076
25	61	0.827033
25	105	0.680653
25	109	0.774868
25	149	2.73488
25	160	4.19583
25	168	3.04458
26	5	0.751795
26	16	0.755294
26	18	0.818041
26	21	0.826349
26	28	0.800416
26	30	0.733249
26	34	0.800476
26	48	0.788153
26	109	0.777017
26	150	3.57798
26	151	4.21431
26	152	0.742559
26	172	1.52408
27	2	0.684637
27	24	0.731155
27	33	0.657901
27	49	0.696638
27	50	0.696298
27	53	0.696064
27	58	0.745922
27	59	0.745848
27	61	0.745805
27	84	0.722228
27	87	2.72921
27	109	0.69364
27	165	5.02498
28	5	0.726298
28	12	0.829213
28	16	0.729797
28	18	0.792545
28	21	0.800852
28	26	0.800416
28	30	0.707752
28	34	0.774979
28	48	0.762656
28	84	1.53647
28	92	2.64981
28	109	0.75152
28	152	0.717062
28	177	5.57827
29	31	4.28775
29	92	0.691658
29	134	0.678674
29	137	0.710026
29	155	0.616935
29	157	0.647908
29	166	0.613531
29	169	0.622837
29	174	0.654097
29	176	0.639171
29	177	0.629453
29	178	0.637006
29	179	0.617729
29	180	0.634735
30	5	0.659132
30	12	0.762046
30	16	0.66263
30	18	0.725378
30	21	0.733685
30	26	0.733249
30	28	0.707752
30	34	0.707812
30	37	0.671199
30	48	0.695489
30	109	0.684353
30	152	0.649895
30	164	3.16145
30	177	5.38047
31	29	4.28775
31	35	0.72441
31	40	0.773766
31	56	0.749149
31	57	0.74912
31	62	0.749195
31	66	0.74935
31	68	0.79571
31	70	0.795933
31	71	0.796134
31	73	0.796279
31	130	1.99137
31	138	0.726867
31	154	1.78319
32	1	0.706116
32	7	0.778898
32	8	0.780026
32	41	0.734472
32	46	0.734382
32	54	0.786798
32	60	0.770886
32	65	0.771147
32	101	0.753253
32	153	0.794479
32	154	2.3072
32	156	0.781667
32	162	2.73008
32	180	4.61404
33	2	0.683379
33	25	0.739129
33	27	0.657901
33	49	0.695381
33	50	0.695041
33	53	0.694806
33	58	0.744665
33	59	0.74459
33	61	0.744547
33	84	0.72097
33	90	3.90572
33	105	0.598167
33	109	0.692382
33	137	4.21745
34	5	0.726359
34	12	0.829273
34	15	0.875037
34	16	0.729857
34	18	0.792605
34	21	0.800913
34	26	0.800476
34	28	0.774979
34	30	0.707812
34	48	0.762717
34	109	0.751581
34	134	2.86423
34	152	0.717123
34	167	5.62327
35	31	0.72441
35	36	0.659438
35	43	0.712833
35	56	0.682662
35	57	0.682633
35	62	0.682708
35	66	0.682863
35	68	0.729223
35	70	0.729445
35	71	0.729647
35	73	0.729792
35	130	3.74581
35	138	0.66038
35	165	4.57939
36	35	0.659438
36	40	0.708794
36	43	0.714349
36	56	0.684178
36	57	0.684149
36	62	0.684224
36	66	0.684379
36	68	0.730739
36	70	0.730961
36	71	0.731163
36	73	0.731307
36	138	0.661896
36	161	6.4189
36	178	2.68881
37	16	0.693243
37	18	0.755991
37	30	0.671199
37	38	2.72678
37	48	0.726103
37	72	0.683035
37	109	0.714967
37	139	0.741094
37	148	0.711992
37	151	0.66111
37	152	0.680509
37	169	0.649976
37	176	0.66631
37	177	0.656591
37	180	0.661874
38	3	0.729395
38	10	0.724833
38	13	0.725876
38	17	0.794147
38	19	0.819722
38	22	0.793365
38	23	0.707309
38	37	2.72678
38	42	0.755021
38	44	0.755233
38	55	0.809984
38	133	0.666608
38	137	2.18279
38	162	3.76409
38	172	0.710611
39	63	0.752552
39	78	0.788497
39	79	0.776717
39	83	0.801361
39	86	0.757996
39	97	0.788472
39	98	0.777437
39	99	0.777335
39	128	0.735999
39	148	1.78886
39	159	6.46894
39	165	0.720309
39	173	0.74908
39	178	2.54574
40	31	0.773766
40	36	0.708794
40	43	0.762189
40	56	0.732018
40	57	0.731989
40	62	0.732064
40	66	0.732219
40	68	0.778579
40	70	0.778801
40	71	0.779003
40	73	0.779147
40	124	3.31572
40	138	0.709736
40	147	2.31509
40	162	4.08004
41	1	0.692214
41	6	0.765564
41	8	0.766124
41	32	0.734472
41	46	0.72048
41	54	0.772897
41	60	0.756984
41	65	0.757245
41	101	0.739351
41	102	0.732848
41	145	3.88022
41	148	2.95893
41	153	0.780578
41	156	0.767765
41	175	3.698
42	3	0.729549
42	10	0.724987
42	13	0.72603
42	17	0.794301
42	19	0.819876
42	22	0.793519
42	23	0.707463
42	38	0.755021
42	44	0.755387
42	55	0.810138
42	133	0.666762
42	168	2.93776
42	172	0.710765
42	177	3.95412
42	178	3.93173
43	35	0.712833
43	36	0.714349
43	40	0.762189
43	56	0.737573
43	57	0.737544
43	62	0.737619
43	66	0.737774
43	68	0.784134
43	70	0.784356
43	71	0.784558
43	73	0.784702
43	138	0.715291
43	154	3.11769
43	172	3.80091
43	173	2.88851
44	3	0.729761
44	10	0.725199
44	13	0.726242
44	17	0.794513
44	19	0.820088
44	22	0.793732
44	23	0.707675
44	38	0.755233
44	42	0.755387
44	55	0.81035
44	92	2.61316
44	133	0.666974
44	157	4.22455
44	164	3.32261
44	172	0.710977
45	14	3.23334
45	119	0.698992
45	125	1.41283
45	134	0.716995
45	148	0.723174
45	149	0.691048
45	154	0.726125
45	155	0.655256
45	157	0.686228
45	164	0.706246
45	172	0.695265
45	174	0.692418
45	178	0.675327
45	179	0.65605
45	180	0.673056
46	1	0.692125
46	6	0.765474
46	7	0.764907
46	32	0.734382
46	41	0.72048
46	54	0.772807
46	60	0.756894
46	65	0.757156
46	101	0.739262
46	102	0.732759
46	146	3.97021
46	153	0.780488
46	156	0.767675
46	158	2.23998
46	165	4.13552
47	64	0.803465
47	67	0.804328
47	74	0.849223
47	81	1.25981
47	86	0.811141
47	88	0.865404
47	97	0.841617
47	98	0.830582
47	99	0.830479
47	104	0.814904
47	142	1.9315
47	165	0.773453
47	170	2.55821
47	173	0.802224
47	178	5.67295
48	5	0.714036
48	12	0.81695
48	16	0.717534
48	18	0.780282
48	21	0.788589
48	26	0.788153
48	28	0.762656
48	30	0.695489
48	34	0.762717
48	37	0.726103
48	109	0.739257
48	114	2.36761
48	142	3.71705
48	147	3.10338
48	152	0.704799
49	2	0.722116
49	24	0.768635
49	25	0.777867
49	27	0.696638
49	33	0.695381
49	50	0.733778
49	53	0.733544
49	58	0.783402
49	59	0.783327
49	61	0.783284
49	84	0.759707
49	105	0.636904
49	109	0.73112
49	172	3.49981
49	173	2.5874
49	176	4.20156
50	2	0.721777
50	24	0.768295
50	25	0.777527
50	27	0.696298
50	33	0.695041
50	49	0.733778
50	53	0.733204
50	58	0.783062
50	59	0.782988
50	61	0.782944
50	84	0.759367
50	105	0.636564
50	109	0.73078
50	120	4.51575
50	124	2.2123
50	135	3.74373
51	53	2.12303
51	68	0.757571
51	108	1.04153
51	123	0.805691
51	140	0.764446
51	150	0.72796
51	155	0.706329
51	167	0.715192
51	169	0.712231
51	170	0.775865
51	171	0.760545
51	175	0.740478
51	177	0.718847
51	178	0.7264
51	179	0.707123
51	180	0.724129
52	91	0.795589
52	108	0.791502
52	110	2.06002
52	111	0.82671
52	117	0.809275
52	122	0.796882
52	125	0.811481
52	126	0.809893
52	128	1.70563
52	129	0.808448
52	131	0.827897
52	144	3.55708
52	153	0.855004
52	161	0.712361
52	168	0.756178
52	179	5.72715
53	2	0.721542
53	24	0.768061
53	25	0.777292
53	27	0.696064
53	33	0.694806
53	49	0.733544
53	50	0.733204
53	51	2.12303
53	58	0.782828
53	59	0.782753
53	61	0.78271
53	84	0.759133
53	100	3.01888
53	105	0.63633
53	109	0.730545
53	147	3.31035
54	1	0.744541
54	6	0.81789
54	7	0.817323
54	8	0.818451
54	32	0.786798
54	41	0.772897
54	46	0.772807
54	60	0.809311
54	65	0.809572
54	82	2.11591
54	102	0.785175
54	104	1.857
54	149	4.23197
54	153	0.832904
54	156	0.820091
54	164	3.33901
55	3	0.784512
55	10	0.77995
55	13	0.780993
55	17	0.849264
55	19	0.874839
55	22	0.848483
55	23	0.762426
55	38	0.809984
55	42	0.810138
55	44	0.81035
55	133	0.721725
55	143	1.8299
55	145	2.36362
55	169	6.11041
55	172	0.765728
55	175	2.1814
56	11	0.780836
56	31	0.749149
56	35	0.682662
56	36	0.684178
56	40	0.732018
56	43	0.737573
56	57	0.707372
56	62	0.707447
56	66	0.707602
56	68	0.753962
56	70	0.754184
56	71	0.754386
56	73	0.754531
56	119	4.04963
56	138	0.685119
56	145	3.26952
56	180	4.10719
57	11	0.780808
57	31	0.74912
57	35	0.682633
57	36	0.684149
57	40	0.731989
57	43	0.737544
57	56	0.707372
57	62	0.707419
57	66	0.707574
57	68	0.753934
57	70	0.754156
57	71	0.754358
57	73	0.754502
57	127	3.21926
57	138	0.68509
57	146	4.39676
57	170	3.41863
58	2	0.771401
58	24	0.817919
58	25	0.827151
58	27	0.745922
58	33	0.744665
58	49	0.783402
58	50	0.783062
58	53	0.782828
58	59	0.832612
58	61	0.832568
58	84	0.808991
58	105	0.686188
58	109	0.780404
58	130	2.88974
58	135	3.87155
58	143	2.3598
58	163	2.91101
59	2	0.771326
59	4	0.664934
59	24	0.817844
59	25	0.827076
59	27	0.745848
59	33	0.74459
59	49	0.783327
59	50	0.782988
59	53	0.782753
59	58	0.832612
59	61	0.832494
59	84	0.808917
59	105	0.686114
59	109	0.780329
59	158	1.62966
59	159	8.28956
59	165	2.39506
60	1	0.728628
60	6	0.801977
60	7	0.80141
60	8	0.802538
60	32	0.770886
60	41	0.756984
60	46	0.756894
60	54	0.809311
60	65	0.793659
60	80	1.42587
60	101	0.775765
60	102	0.769262
60	143	2.42143
60	153	0.816991
60	156	0.804179
60	166	6.94979
60	169	4.18177
61	2	0.771283
61	24	0.817801
61	25	0.827033
61	27	0.745805
61	33	0.744547
61	49	0.783284
61	50	0.782944
61	53	0.78271
61	58	0.832568
61	59	0.832494
61	84	0.808873
61	105	0.68607
61	109	0.780286
61	116	1.85197
61	166	8.04678
61	168	2.08187
61	174	1.91906
62	11	0.780882
62	31	0.749195
62	35	0.682708
62	36	0.684224
62	40	0.732064
62	43	0.737619
62	56	0.707447
62	57	0.707419
62	66	0.707649
62	68	0.754008
62	70	0.754231
62	71	0.754433
62	73	0.754577
62	134	4.17255
62	138	0.685165
62	140	4.14563
62	158	2.54558
63	39	0.752552
63	64	0.709199
63	67	0.710062
63	74	0.754956
63	78	0.747375
63	79	0.735595
63	86	0.716874
63	88	0.771137
63	97	0.74735
63	98	0.736316
63	99	0.736213
63	101	0.734781
63	137	2.55439
63	138	4.13973
63	148	4.26069
63	165	0.679187
63	173	0.707958
64	47	0.803465
64	63	0.709199
64	67	0.70783
64	74	0.752725
64	78	0.745144
64	79	0.733364
64	88	0.768906
64	97	0.745119
64	98	0.734084
64	99	0.733981
64	102	0.726047
64	115	5.46737
64	128	0.692645
64	134	2.13439
64	165	0.676955
64	173	0.705726
64	180	3.66804
65	1	0.72889
65	6	0.802239
65	7	0.801672
65	8	0.8028
65	32	0.771147
65	41	0.757245
65	46	0.757156
65	54	0.809572
65	60	0.793659
65	101	0.776027
65	102	0.769524
65	124	1.95699
65	128	3.47427
65	149	4.00781
65	153	0.817253
65	156	0.80444
65	164	3.11485
66	11	0.781038
66	31	0.74935
66	35	0.682863
66	36	0.684379
66	40	0.732219
66	43	0.737774
66	56	0.707602
66	57	0.707574
66	62	0.707649
66	68	0.754164
66	70	0.754386
66	71	0.754588
66	73	0.754732
66	113	1.33382
66	138	0.68532
66	168	4.50676
66	178	5.50073
67	15	0.774185
67	47	0.804328
67	63	0.710062
67	64	0.70783
67	74	0.753588
67	78	0.746007
67	79	0.734227
67	86	0.715506
67	88	0.769769
67	97	0.745982
67	98	0.734947
67	99	0.734844
67	128	0.693508
67	147	2.8012
67	165	0.677818
67	173	0.706589
67	176	5.52825
68	11	0.827397
68	31	0.79571
68	35	0.729223
68	36	0.730739
68	40	0.778579
68	43	0.784134
68	51	0.757571
68	56	0.753962
68	57	0.753934
68	62	0.754008
68	66	0.754164
68	70	0.800746
68	71	0.800948
68	73	0.801092
68	138	0.73168
68	141	5.64511
68	168	4.21945
68	170	2.09868
69	14	1.75811
69	97	1.20645
69	106	2.07246
69	144	0.717102
69	154	0.756209
69	160	0.711581
69	163	0.746005
69	164	0.73633
69	166	0.681936
69	169	0.691242
69	170	0.754876
69	171	0.739556
69	174	0.722503
69	175	0.719489
69	177	0.697858
69	178	0.705411
69	179	0.686134
69	180	0.70314
70	11	0.82762
70	31	0.795933
70	35	0.729445
70	36	0.730961
70	40	0.778801
70	43	0.784356
70	56	0.754184
70	57	0.754156
70	62	0.754231
70	66	0.754386
70	68	0.800746
70	71	0.80117
70	73	0.801314
70	138	0.731902
70	139	1.97759
70	141	5.81197
70	146	3.24367
70	163	2.59668
71	11	0.827822
71	31	0.796134
71	35	0.729647
71	36	0.731163
71	40	0.779003
71	43	0.784558
71	56	0.754386
71	57	0.754358
71	62	0.754433
71	66	0.754588
71	68	0.800948
71	70	0.80117
71	73	0.801516
71	136	4.07435
71	138	0.732104
71	160	3.83987
71	174	2.52582
71	180	2.97639
72	20	0.809499
72	37	0.683035
72	77	0.778008
72	85	0.763539
72	95	0.77709
72	111	0.785243
72	117	0.767808
72	121	0.752018
72	122	0.755415
72	125	0.770014
72	126	0.768426
72	129	0.766981
72	131	0.78643
72	138	1.72439
72	153	0.813537
72	155	5.85465
72	168	0.714711
72	174	3.15374
73	11	0.827966
73	31	0.796279
73	35	0.729792
73	36	0.731307
73	40	0.779147
73	43	0.784702
73	56	0.754531
73	57	0.754502
73	62	0.754577
73	66	0.754732
73	68	0.801092
73	70	0.801314
73	71	0.801516
73	119	3.66583
73	138	0.732249
73	140	2.16282
73	152	2.15955
73	167	4.94877
74	47	0.849223
74	63	0.754956
74	64	0.752725
74	67	0.753588
74	78	0.790901
74	82	2.06888
74	86	0.7604
74	88	0.814663
74	97	0.790876
74	98	0.779842
74	99	0.779739
74	101	0.778308
74	128	0.738403
74	154	1.25045
74	165	0.722713
74	173	0.751484
74	177	4.28589
74	179	6.44782
75	94	0.736472
75	95	0.718841
75	103	0.715196
75	106	0.715742
75	108	0.691786
75	111	0.726994
75	117	0.709559
75	118	0.69933
75	122	0.697166
75	123	1.7324
75	125	0.711765
75	126	0.710177
75	129	0.708732
75	131	0.728181
75	150	4.9602
75	153	0.755288
75	156	0.742475
75	168	0.656462
75	177	5.25852
76	129	0.837509
76	131	0.791706
76	139	0.81992
76	142	0.804279
76	145	0.758596
76	146	0.771741
76	153	0.370674
76	156	0.194646
76	159	0.714612
76	162	0.776963
76	163	0.783566
76	167	0.731763
76	169	0.728802
76	171	0.777117
76	175	0.757049
76	176	0.745137
76	177	0.735418
76	178	0.742972
76	180	0.7407
77	9	0.739351
77	72	0.778008
77	81	2.01942
77	89	0.801427
77	91	0.745641
77	95	0.768609
77	110	3.52897
77	117	0.759327
77	118	0.749098
77	122	0.746934
77	123	2.92883
77	125	0.761533
77	126	0.759945
77	129	0.7585
77	131	0.777949
77	153	0.805056
77	156	0.792244
77	161	0.662413
77	175	4.70646
78	39	0.788497
78	63	0.747375
78	64	0.745144
78	67	0.746007
78	74	0.790901
78	79	0.77154
78	86	0.752819
78	88	0.807083
78	97	0.783295
78	98	0.772261
78	99	0.772158
78	104	0.756583
78	128	0.730822
78	144	2.13255
78	146	2.38023
78	159	6.0415
78	165	0.715132
78	173	0.743903
78	179	4.30262
79	39	0.776717
79	63	0.735595
79	64	0.733364
79	67	0.734227
79	78	0.77154
79	83	0.784404
79	86	0.741039
79	88	0.795302
79	92	3.53703
79	97	0.771515
79	98	0.76048
79	99	0.760378
79	102	0.752443
79	104	0.744803
79	128	0.719042
79	132	4.31457
79	139	2.01213
79	143	3.10829
79	165	0.703352
79	173	0.732123
80	9	2.12513
80	60	1.42587
80	95	1.17573
80	128	0.772093
80	130	0.78498
80	141	0.743226
80	151	0.743136
80	153	0.330335
80	154	0.796969
80	159	0.717811
80	160	0.75234
80	166	0.722696
80	167	0.734962
80	169	0.732001
80	172	0.766109
80	174	0.763262
80	177	0.738617
80	178	0.746171
80	179	0.726894
80	180	0.743899
81	6	2.86486
81	47	1.25981
81	77	2.01942
81	140	0.779119
81	150	0.742634
81	155	0.721003
81	156	0.584232
81	158	0.830756
81	159	0.712715
81	161	0.705484
81	166	0.717599
81	170	0.790538
81	171	0.775219
81	172	0.761012
81	175	0.755151
81	176	0.743239
81	177	0.73352
81	178	0.741074
81	179	0.721797
81	180	0.738803
82	54	2.11591
82	74	2.06888
82	107	2.4993
82	112	0.735668
82	128	0.709541
82	132	0.704357
82	135	0.695044
82	137	0.756639
82	148	0.731465
82	160	0.689788
82	162	0.71761
82	164	0.714537
82	166	0.660143
82	168	0.691846
82	170	0.733083
82	171	0.717763
82	174	0.70071
82	175	0.697696
82	179	0.664341
82	180	0.681347
83	17	1.93108
83	39	0.801361
83	79	0.784404
83	86	0.765683
83	90	0.767519
83	98	0.785124
83	99	0.785021
83	102	0.777087
83	106	2.25546
83	109	1.03621
83	145	0.733387
83	153	1.20772
83	165	0.727995
83	173	0.756767
83	174	0.734854
83	175	0.73184
83	176	0.719928
83	177	0.710209
83	179	0.698486
83	180	0.715492
84	20	1.29356
84	27	0.722228
84	28	1.53647
84	33	0.72097
84	49	0.759707
84	50	0.759367
84	53	0.759133
84	58	0.808991
84	59	0.808917
84	61	0.808873
84	95	1.99938
84	116	0.747911
84	151	0.702853
84	156	0.977956
84	171	0.740032
84	174	0.722979
84	175	0.719965
84	176	0.708052
84	178	0.705887
84	179	0.68661
84	180	0.703616
85	9	0.724881
85	72	0.763539
85	93	0.766141
85	95	0.75414
85	96	0.722784
85	107	0.74848
85	108	0.727085
85	111	0.762293
85	117	0.744858
85	121	0.729067
85	122	0.732464
85	125	0.747063
85	126	0.745475
85	129	0.744031
85	131	0.76348
85	138	3.6949
85	143	0.754587
85	154	3.26796
85	168	0.691761
85	170	3.16628
85	171	3.48265
86	15	0.228772
86	39	0.757996
86	47	0.811141
86	63	0.716874
86	67	0.715506
86	74	0.7604
86	78	0.752819
86	79	0.741039
86	83	0.765683
86	88	0.776581
86	97	0.752794
86	98	0.741759
86	99	0.741657
86	101	0.740225
86	102	0.733722
86	128	0.700321
86	144	5.58457
86	162	2.98015
86	165	0.684631
86	173	0.713402
86	176	3.94225
87	27	2.72921
87	103	2.55165
87	128	0.716934
87	133	0.666947
87	135	0.702437
87	145	0.706636
87	148	0.738858
87	155	0.67094
87	156	0.730307
87	158	0.780693
87	159	0.662652
87	166	0.667536
87	168	0.699239
87	173	0.730015
87	174	0.708102
87	175	0.705088
87	176	0.693176
87	177	0.683458
87	178	0.691011
87	179	0.671734
87	180	0.68874
88	47	0.865404
88	63	0.771137
88	64	0.768906
88	67	0.769769
88	74	0.814663
88	78	0.807083
88	79	0.795302
88	86	0.776581
88	97	0.807057
88	98	0.796023
88	99	0.79592
88	101	0.794489
88	104	0.780345
88	112	2.07128
88	123	1.5879
88	128	0.754584
88	158	1.22479
88	161	8.82171
88	165	0.738894
88	170	1.97688
88	173	0.767665
89	77	0.801427
89	91	0.777541
89	93	0.81251
89	103	0.796865
89	106	0.79741
89	113	1.77252
89	117	0.791227
89	118	0.780998
89	121	0.775436
89	125	0.793433
89	126	0.791845
89	129	0.7904
89	131	0.809849
89	137	1.76797
89	153	0.836956
89	156	0.824144
89	161	0.694313
89	168	0.73813
89	172	3.6096
89	173	2.6972
89	180	5.23322
90	33	3.90572
90	83	0.767519
90	100	0.746304
90	101	0.556302
90	120	0.69642
90	131	1.11123
90	134	0.717903
90	145	0.691859
90	150	0.677794
90	154	0.727033
90	160	0.682404
90	162	0.710226
90	163	0.716829
90	166	0.65276
90	170	0.725699
90	171	0.71038
90	175	0.690312
90	177	0.668681
90	178	0.676235
90	179	0.656958
90	180	0.673964
91	52	0.795589
91	77	0.745641
91	89	0.777541
91	93	0.756724
91	96	0.713367
91	103	0.741079
91	107	0.739063
91	111	0.752876
91	113	2.21672
91	117	0.735441
91	121	0.71965
91	122	0.723048
91	125	0.737647
91	126	0.736059
91	129	0.734614
91	131	0.754063
91	145	4.83976
91	156	0.768358
91	163	3.60004
91	168	0.682344
91	170	3.26889
92	28	2.64981
92	29	0.691658
92	44	2.61316
92	79	3.53703
92	127	0.708329
92	130	0.719939
92	134	0.722798
92	142	0.742437
92	147	0.750643
92	155	0.661059
92	157	0.692031
92	159	0.65277
92	164	0.712049
92	168	0.689357
92	169	0.666961
92	171	0.715275
92	175	0.695207
92	176	0.683295
92	177	0.673576
92	178	0.68113
92	179	0.661853
92	180	0.678859
93	20	0.812101
93	85	0.766141
93	89	0.81251
93	91	0.756724
93	94	0.797323
93	95	0.779692
93	96	0.748337
93	100	1.0474
93	103	0.776048
93	108	0.752638
93	118	0.760181
93	121	0.75462
93	125	0.772616
93	129	0.769583
93	131	0.789032
93	139	1.26301
93	143	0.78014
93	150	5.41805
93	156	0.803327
93	161	0.673496
93	164	3.49735
93	168	0.717313
93	176	4.06591
94	75	0.736472
94	93	0.797323
94	96	0.753966
94	106	0.782223
94	108	0.758267
94	110	2.14472
94	111	0.793475
94	117	0.77604
94	118	0.765811
94	119	4.28454
94	121	0.760249
94	122	0.763646
94	125	0.778245
94	126	0.776657
94	129	0.775213
94	131	0.794661
94	143	0.785769
94	156	0.808956
94	160	5.20558
94	161	0.679125
94	164	2.85167
94	168	0.722943
94	171	2.24994
95	14	0.808231
95	72	0.77709
95	75	0.718841
95	77	0.768609
95	80	1.17573
95	84	1.99938
95	85	0.75414
95	93	0.779692
95	103	0.764046
95	106	0.764592
95	107	0.762031
95	108	0.740636
95	111	0.775844
95	113	1.85188
95	118	0.74818
95	126	0.759026
95	129	0.757582
95	131	0.777031
95	138	3.43268
95	143	0.768138
95	153	0.804138
95	156	0.791325
95	174	4.86202
96	9	0.707077
96	14	0.776876
96	20	0.768744
96	85	0.722784
96	91	0.713367
96	93	0.748337
96	94	0.753966
96	103	0.732691
96	107	0.730675
96	117	0.727053
96	118	0.716824
96	121	0.711263
96	122	0.71466
96	123	3.41183
96	126	0.727671
96	127	3.60144
96	129	0.726226
96	131	0.745675
96	147	2.56044
96	153	0.772782
96	161	0.630139
96	168	0.673956
96	172	4.58573
97	39	0.788472
97	47	0.841617
97	63	0.74735
97	64	0.745119
97	67	0.745982
97	69	1.20645
97	74	0.790876
97	78	0.783295
97	79	0.771515
97	86	0.752794
97	88	0.807057
97	98	0.772236
97	99	0.772133
97	101	0.770701
97	102	0.764198
97	104	0.756558
97	112	3.5582
97	128	0.730797
97	143	3.24373
97	158	2.71171
97	165	0.715107
97	171	3.78018
97	173	0.743878
98	39	0.777437
98	47	0.830582
98	63	0.736316
98	64	0.734084
98	67	0.734947
98	74	0.779842
98	78	0.772261
98	79	0.76048
98	83	0.785124
98	86	0.741759
98	88	0.796023
98	97	0.772236
98	99	0.761098
98	101	0.759667
98	102	0.753164
98	104	0.745523
98	116	2.54553
98	128	0.719762
98	145	3.64688
98	147	1.9563
98	163	2.40717
98	165	0.704072
98	169	7.39368
98	173	0.732843
99	39	0.777335
99	47	0.830479
99	63	0.736213
99	64	0.733981
99	67	0.734844
99	74	0.779739
99	78	0.772158
99	79	0.760378
99	83	0.785021
99	86	0.741657
99	88	0.79592
99	97	0.772133
99	98	0.761098
99	101	0.759564
99	102	0.753061
99	104	0.74542
99	112	2.3831
99	113	2.43967
99	128	0.719659
99	165	0.703969
99	168	4.40947
99	173	0.73274
99	174	4.24667
99	180	4.69724
100	24	2.37584
100	53	3.01888
100	90	0.746304
100	93	1.0474
100	108	1.93739
100	137	0.769568
100	142	0.757855
100	146	0.725316
100	149	0.712268
100	154	0.747345
100	155	0.676477
100	158	0.786229
100	160	0.702717
100	162	0.730539
100	166	0.673073
100	170	0.746012
100	171	0.730693
100	174	0.713639
100	175	0.710625
100	176	0.698713
100	177	0.688994
100	178	0.696548
100	179	0.677271
100	180	0.694276
101	1	0.710996
101	7	0.783778
101	32	0.753253
101	41	0.739351
101	46	0.739262
101	60	0.775765
101	63	0.734781
101	65	0.776027
101	74	0.778308
101	86	0.740225
101	88	0.794489
101	90	0.556302
101	97	0.770701
101	98	0.759667
101	99	0.759564
101	102	0.75163
101	113	1.9854
101	115	6.13263
101	134	2.79964
101	153	0.799359
101	156	0.786546
101	157	3.74481
101	165	0.702538
101	173	0.731309
102	1	0.704493
102	8	0.778402
102	41	0.732848
102	46	0.732759
102	54	0.785175
102	60	0.769262
102	64	0.726047
102	65	0.769524
102	79	0.752443
102	83	0.777087
102	86	0.733722
102	97	0.764198
102	98	0.753164
102	99	0.753061
102	101	0.75163
102	124	2.06036
102	128	0.711725
102	153	0.792856
102	156	0.780043
102	160	5.57213
102	165	0.696035
102	170	2.30011
102	171	2.61649
102	173	0.724806
102	180	4.70864
103	4	0.513038
103	20	0.796456
103	75	0.715196
103	87	2.55165
103	89	0.796865
103	91	0.741079
103	93	0.776048
103	95	0.764046
103	96	0.732691
103	106	0.760948
103	107	0.758387
103	108	0.736992
103	111	0.772199
103	116	4.17347
103	118	0.744536
103	121	0.738974
103	122	0.742371
103	125	0.75697
103	129	0.753937
103	131	0.773386
103	154	3.80566
103	156	0.787681
103	158	2.95188
103	161	0.65785
103	168	0.701668
104	18	1.7538
104	47	0.814904
104	54	1.857
104	78	0.756583
104	79	0.744803
104	88	0.780345
104	97	0.756558
104	98	0.745523
104	99	0.74542
104	128	0.704084
104	129	1.9616
104	131	1.91579
104	134	0.71983
104	136	0.67366
104	158	0.767843
104	165	0.688394
104	166	0.654687
104	167	0.666953
104	169	0.663992
104	173	0.717165
104	174	0.695253
104	176	0.680327
104	177	0.670608
104	179	0.658885
104	180	0.675891
105	2	0.624903
105	25	0.680653
105	33	0.598167
105	49	0.636904
105	50	0.636564
105	53	0.63633
105	58	0.686188
105	59	0.686114
105	61	0.68607
105	109	0.633906
105	130	0.621893
105	132	0.603823
105	133	0.55902
105	139	0.660033
105	153	7.97802
105	154	0.633882
105	162	0.617076
105	170	0.632549
105	171	0.617229
105	174	0.600176
105	175	0.597162
105	176	0.585249
105	178	0.583084
105	180	0.580813
106	4	1.13889
106	69	2.07246
106	75	0.715742
106	83	2.25546
106	89	0.79741
106	94	0.782223
106	95	0.764592
106	103	0.760948
106	108	0.737538
106	111	0.772745
106	115	0.680494
106	118	0.745081
106	121	0.73952
106	122	0.742917
106	125	0.757516
106	126	0.755928
106	129	0.754483
106	131	0.773932
106	139	3.01359
106	142	3.70311
106	143	0.765039
106	153	0.801039
106	156	0.788227
106	161	0.658396
106	168	0.702213
107	14	0.802571
107	82	2.4993
107	85	0.74848
107	91	0.739063
107	95	0.762031
107	96	0.730675
107	103	0.758387
107	108	0.734976
107	111	0.770184
107	117	0.752749
107	118	0.74252
107	121	0.736958
107	122	0.740356
107	125	0.754955
107	126	0.753367
107	128	4.08183
107	129	0.751922
107	131	0.771371
107	153	0.798478
107	156	0.785665
107	161	0.655835
107	163	3.13544
107	168	0.699652
107	171	3.12067
107	173	2.6768
108	20	0.773045
108	51	1.04153
108	52	0.791502
108	75	0.691786
108	85	0.727085
108	93	0.752638
108	94	0.758267
108	95	0.740636
108	100	1.93739
108	103	0.736992
108	106	0.737538
108	107	0.734976
108	111	0.748789
108	115	0.656539
108	117	0.731354
108	118	0.721125
108	121	0.715564
108	122	0.718961
108	125	0.73356
108	126	0.731972
108	129	0.730527
108	131	0.749976
108	143	0.741084
108	153	0.777083
108	154	3.57092
108	173	3.34174
108	175	4.85787
109	5	0.7029
109	12	0.805814
109	16	0.706398
109	21	0.777454
109	24	0.765637
109	25	0.774868
109	26	0.777017
109	27	0.69364
109	28	0.75152
109	30	0.684353
109	33	0.692382
109	34	0.751581
109	37	0.714967
109	48	0.739257
109	49	0.73112
109	50	0.73078
109	53	0.730545
109	58	0.780404
109	59	0.780329
109	61	0.780286
109	83	1.03621
109	105	0.633906
109	128	3.26424
109	133	7.70175
109	142	1.36
109	152	0.693663
109	180	4.39524
110	22	3.06628
110	52	2.06002
110	77	3.52897
110	94	2.14472
110	115	0.672442
110	132	0.706672
110	141	0.682988
110	144	0.697623
110	147	0.755446
110	148	0.73378
110	149	0.701654
110	151	0.682898
110	157	0.696834
110	158	0.775615
110	159	0.657574
110	162	0.719924
110	163	0.726527
110	164	0.716852
110	168	0.69416
110	169	0.671764
110	170	0.735397
110	172	0.705871
110	174	0.703024
110	175	0.70001
110	176	0.688098
110	177	0.678379
110	180	0.683662
111	52	0.82671
111	72	0.785243
111	75	0.726994
111	85	0.762293
111	91	0.752876
111	94	0.793475
111	95	0.775844
111	103	0.772199
111	106	0.772745
111	107	0.770184
111	108	0.748789
111	117	0.766562
111	118	0.756333
111	120	4.34121
111	121	0.750771
111	122	0.754168
111	125	0.768768
111	126	0.767179
111	129	0.765735
111	131	0.785184
111	156	0.799478
111	158	1.52541
111	161	0.669648
111	163	2.60864
111	167	5.91141
111	168	0.713465
111	170	2.2775
111	171	2.59388
112	3	3.18743
112	82	0.735668
112	88	2.07128
112	97	3.5582
112	99	2.3831
112	114	0.766608
112	116	0.720552
112	120	0.698713
112	136	0.674027
112	139	0.755477
112	140	0.716574
112	142	0.739835
112	144	0.690219
112	150	0.680088
112	154	0.729326
112	157	0.68943
112	159	0.650169
112	164	0.709447
112	166	0.655053
112	170	0.727993
112	173	0.717532
112	174	0.69562
112	175	0.692606
112	176	0.680693
112	177	0.670975
112	178	0.678528
112	179	0.659251
112	180	0.676257
113	66	1.33382
113	89	1.77252
113	91	2.21672
113	95	1.85188
113	99	2.43967
113	101	1.9854
113	116	0.775343
113	124	0.793198
113	140	0.771365
113	142	0.794626
113	145	0.748944
113	146	0.762088
113	148	0.781166
113	154	0.784117
113	155	0.713248
113	157	0.744221
113	158	0.823001
113	160	0.739489
113	162	0.767311
113	166	0.709844
113	170	0.782784
113	171	0.767464
113	174	0.750411
113	175	0.747397
113	176	0.735484
113	177	0.725766
113	178	0.733319
113	179	0.714042
113	180	0.731048
114	6	2.18711
114	17	2.0293
114	24	1.93154
114	48	2.36761
114	112	0.766608
114	121	1.91823
114	127	0.741757
114	135	0.725983
114	136	0.710056
114	139	0.791506
114	140	0.752603
114	146	0.743326
114	149	0.730278
114	150	0.716117
114	155	0.694487
114	159	0.686198
114	160	0.720727
114	164	0.745476
114	166	0.691083
114	167	0.703349
114	169	0.700388
114	171	0.748703
114	173	0.753561
114	174	0.731649
114	176	0.716723
114	177	0.707004
114	178	0.714558
114	179	0.695281
114	180	0.712286
115	64	5.46737
115	101	6.13263
115	106	0.680494
115	108	0.656539
115	110	0.672442
115	118	0.664082
115	121	0.658521
115	122	0.661918
115	126	0.674929
115	129	0.673484
115	131	0.692933
115	134	0.654655
115	146	0.641756
115	151	0.609952
115	153	0.72004
115	154	0.663785
115	158	0.702668
115	161	0.577397
115	163	0.653581
115	166	0.589512
115	167	0.601778
115	168	0.621214
115	169	0.598818
115	172	0.632925
115	175	0.627064
115	176	0.615152
115	178	0.612987
115	179	0.59371
115	180	0.610716
116	61	1.85197
116	84	0.747911
116	98	2.54553
116	103	4.17347
116	112	0.720552
116	113	0.775343
116	118	1.86599
116	120	0.688687
116	123	0.747792
116	134	0.71017
116	138	0.686681
116	139	0.745451
116	141	0.665557
116	145	0.684126
116	149	0.684223
116	160	0.674671
116	162	0.702493
116	163	0.709096
116	164	0.699421
116	166	0.645027
116	167	0.657293
116	169	0.654333
116	171	0.702647
116	172	0.68844
116	174	0.685593
116	176	0.670667
116	177	0.660948
116	178	0.668502
116	179	0.649225
116	180	0.666231
117	52	0.809275
117	72	0.767808
117	75	0.709559
117	77	0.759327
117	85	0.744858
117	89	0.791227
117	91	0.735441
117	94	0.77604
117	96	0.727053
117	107	0.752749
117	108	0.731354
117	111	0.766562
117	118	0.738898
117	121	0.733336
117	122	0.736734
117	123	2.00155
117	125	0.751333
117	126	0.749745
117	129	0.7483
117	131	0.767749
117	133	6.69825
117	143	0.758856
117	153	0.794856
117	154	2.49695
117	156	0.782044
117	161	0.652213
117	165	2.12665
117	168	0.69603
117	174	2.94117
117	179	6.28226
118	14	0.788721
118	75	0.69933
118	77	0.749098
118	89	0.780998
118	93	0.760181
118	94	0.765811
118	95	0.74818
118	96	0.716824
118	103	0.744536
118	106	0.745081
118	107	0.74252
118	108	0.721125
118	111	0.756333
118	115	0.664082
118	116	1.86599
118	117	0.738898
118	121	0.723107
118	122	0.726505
118	125	0.741104
118	126	0.739516
118	128	2.67402
118	129	0.738071
118	131	0.75752
118	140	2.24445
118	141	4.94292
118	143	0.748627
118	148	2.04606
118	153	0.784627
118	156	0.771815
118	161	0.641984
118	168	0.685801
118	169	6.71414
119	45	0.698992
119	56	4.04963
119	73	3.66583
119	94	4.28454
119	130	0.688953
119	133	0.626079
119	137	0.723164
119	140	0.688189
119	141	0.647199
119	145	0.665768
119	146	0.678913
119	150	0.651703
119	151	0.647109
119	152	0.666507
119	155	0.630073
119	157	0.661045
119	158	0.739825
119	162	0.684135
119	163	0.690738
119	164	0.681063
119	166	0.626669
119	167	0.638935
119	170	0.699608
119	174	0.667235
119	175	0.664221
119	176	0.652309
119	177	0.64259
119	178	0.650144
119	179	0.630867
119	180	0.647873
120	19	3.94304
120	50	4.51575
120	90	0.69642
120	111	4.34121
120	112	0.698713
120	116	0.688687
120	130	0.685472
120	132	0.667402
120	133	0.622599
120	134	0.688331
120	136	0.642162
120	139	0.723612
120	149	0.662384
120	150	0.648223
120	151	0.643629
120	152	0.663027
120	157	0.657565
120	160	0.652833
120	162	0.680655
120	166	0.623188
120	167	0.635455
120	169	0.632494
120	170	0.696128
120	171	0.680808
120	172	0.666601
120	174	0.663754
120	175	0.66074
120	176	0.648828
120	177	0.63911
120	178	0.646663
120	179	0.627386
120	180	0.644392
121	9	0.71336
121	14	0.783159
121	20	0.775027
121	72	0.752018
121	85	0.729067
121	89	0.775436
121	91	0.71965
121	93	0.75462
121	94	0.760249
121	96	0.711263
121	103	0.738974
121	106	0.73952
121	107	0.736958
121	108	0.715564
121	111	0.750771
121	114	1.91823
121	115	0.658521
121	117	0.733336
121	118	0.723107
121	122	0.720943
121	124	3.65463
121	125	0.735542
121	126	0.733954
121	129	0.732509
121	131	0.751958
121	137	2.83765
121	139	2.57815
121	143	0.743066
121	152	4.73907
121	153	0.779065
121	161	0.636422
121	168	0.680239
121	173	3.76688
122	9	0.716757
122	52	0.796882
122	72	0.755415
122	75	0.697166
122	77	0.746934
122	85	0.732464
122	91	0.723048
122	94	0.763646
122	96	0.71466
122	103	0.742371
122	106	0.742917
122	107	0.740356
122	108	0.718961
122	111	0.754168
122	115	0.661918
122	117	0.736734
122	118	0.726505
122	121	0.720943
122	125	0.738939
122	126	0.737351
122	129	0.735906
122	131	0.755355
122	142	2.17011
122	143	0.746463
122	144	5.92581
122	148	3.4464
122	152	3.64151
122	153	0.782463
122	156	0.76965
122	158	2.04473
122	161	0.639819
122	168	0.683637
122	176	4.28349
123	51	0.805691
123	75	1.7324
123	77	2.92883
123	88	1.5879
123	96	3.41183
123	116	0.747792
123	117	2.00155
123	127	0.732968
123	132	0.726507
123	135	0.717194
123	136	0.701267
123	137	0.778789
123	139	0.782717
123	140	0.743814
123	142	0.767076
123	146	0.734537
123	147	0.775282
123	149	0.721489
123	153	0.31551
123	155	0.685698
123	159	0.677409
123	162	0.73976
123	163	0.746362
123	164	0.736687
123	167	0.69456
123	169	0.691599
123	170	0.755233
123	171	0.739914
123	175	0.719846
123	176	0.707933
123	177	0.698215
123	178	0.705769
123	179	0.686492
123	180	0.703497
124	40	3.31572
124	50	2.2123
124	65	1.95699
124	102	2.06036
124	113	0.793198
124	121	3.65463
124	130	0.725166
124	134	0.728025
124	138	0.704536
124	141	0.683412
124	144	0.698047
124	146	0.715126
124	147	0.75587
124	148	0.734204
124	149	0.702078
124	150	0.687917
124	158	0.776038
124	159	0.657998
124	160	0.692526
124	162	0.720348
124	163	0.726951
124	164	0.717276
124	165	0.696589
124	166	0.662882
124	167	0.675148
124	169	0.672188
124	170	0.735821
124	171	0.720502
124	176	0.688522
124	177	0.678803
124	178	0.686357
124	179	0.66708
124	180	0.684086
125	20	0.793024
125	45	1.41283
125	52	0.811481
125	72	0.770014
125	75	0.711765
125	77	0.761533
125	85	0.747063
125	89	0.793433
125	91	0.737647
125	93	0.772616
125	94	0.778245
125	103	0.75697
125	106	0.757516
125	107	0.754955
125	108	0.73356
125	111	0.768768
125	117	0.751333
125	118	0.741104
125	121	0.735542
125	122	0.738939
125	126	0.75195
125	129	0.750505
125	131	0.769954
125	136	5.70145
125	143	0.761062
125	148	2.84453
125	153	0.797062
125	156	0.784249
125	161	0.654418
125	162	2.71953
125	164	3.11307
125	165	3.3384
125	168	0.698236
125	172	2.97987
126	14	0.799567
126	52	0.809893
126	72	0.768426
126	75	0.710177
126	77	0.759945
126	85	0.745475
126	89	0.791845
126	91	0.736059
126	94	0.776657
126	95	0.759026
126	96	0.727671
126	106	0.755928
126	107	0.753367
126	108	0.731972
126	111	0.767179
126	115	0.674929
126	117	0.749745
126	118	0.739516
126	121	0.733954
126	122	0.737351
126	125	0.75195
126	129	0.748917
126	130	2.25777
126	131	0.768366
126	135	3.23959
126	140	2.79587
126	142	1.3212
126	143	0.759474
126	153	0.795473
126	155	6.60678
126	156	0.782661
126	161	0.65283
126	168	0.696648
126	171	2.26428
126	178	5.06265
127	10	3.82436
127	57	3.21926
127	92	0.708329
127	96	3.60144
127	114	0.741757
127	123	0.732968
127	132	0.674417
127	133	0.629613
127	134	0.695346
127	140	0.691723
127	142	0.714985
127	143	0.724731
127	146	0.682447
127	147	0.723191
127	148	0.701525
127	149	0.669399
127	150	0.655237
127	155	0.633607
127	156	1.68326
127	157	0.664579
127	160	0.659847
127	162	0.687669
127	163	0.694272
127	164	0.684597
127	166	0.630203
127	168	0.661905
127	169	0.639509
127	170	0.703142
127	171	0.687823
127	174	0.670769
127	175	0.667755
127	176	0.655843
127	178	0.653678
127	180	0.651407
128	39	0.735999
128	52	1.70563
128	64	0.692645
128	65	3.47427
128	67	0.693508
128	74	0.738403
128	78	0.730822
128	79	0.719042
128	80	0.772093
128	82	0.709541
128	86	0.700321
128	87	0.716934
128	88	0.754584
128	97	0.730797
128	98	0.719762
128	99	0.719659
128	102	0.711725
128	104	0.704084
128	107	4.08183
128	109	3.26424
128	118	2.67402
128	133	0.628336
128	135	0.663826
128	140	0.690447
128	146	0.68117
128	149	0.668122
128	151	0.649366
128	160	0.65857
128	165	0.662633
128	166	0.628926
128	169	0.638232
128	170	0.701865
128	171	0.686546
128	173	0.691405
128	176	0.654566
128	178	0.652401
128	179	0.633124
128	180	0.65013
129	9	0.728323
129	14	0.798122
129	20	0.789991
129	52	0.808448
129	72	0.766981
129	75	0.708732
129	76	0.837509
129	77	0.7585
129	85	0.744031
129	89	0.7904
129	91	0.734614
129	93	0.769583
129	94	0.775213
129	95	0.757582
129	96	0.726226
129	103	0.753937
129	104	1.9616
129	106	0.754483
129	107	0.751922
129	108	0.730527
129	111	0.765735
129	115	0.673484
129	117	0.7483
129	118	0.738071
129	121	0.732509
129	122	0.735906
129	125	0.750505
129	126	0.748917
129	131	0.766922
129	139	1.20926
129	140	3.37345
129	143	0.758029
129	151	6.00063
129	152	3.37018
129	153	0.794029
129	156	0.781216
129	161	0.651386
129	162	3.05007
129	168	0.695203
129	176	4.01217
130	17	4.31531
130	31	1.99137
130	35	3.74581
130	58	2.88974
130	80	0.78498
130	92	0.719939
130	105	0.621893
130	119	0.688953
130	120	0.685472
130	124	0.725166
130	126	2.25777
130	134	0.706955
130	139	0.742236
130	143	0.736341
130	146	0.694056
130	147	0.7348
130	148	0.713134
130	149	0.681008
130	150	0.666847
130	152	0.681651
130	154	0.716085
130	157	0.676189
130	162	0.699278
130	163	0.705881
130	164	0.696206
130	166	0.641812
130	167	0.654079
130	168	0.673515
130	169	0.651118
130	170	0.714752
130	171	0.699432
130	174	0.682378
130	175	0.679364
130	176	0.667452
130	177	0.657734
130	178	0.665287
130	179	0.64601
130	180	0.663016
131	9	0.747772
131	14	0.817571
131	20	0.80944
131	52	0.827897
131	72	0.78643
131	75	0.728181
131	76	0.791706
131	77	0.777949
131	85	0.76348
131	89	0.809849
131	90	1.11123
131	91	0.754063
131	93	0.789032
131	94	0.794661
131	95	0.777031
131	96	0.745675
131	103	0.773386
131	104	1.91579
131	106	0.773932
131	107	0.771371
131	108	0.749976
131	111	0.785184
131	115	0.692933
131	117	0.767749
131	118	0.75752
