1	14	0.982319
1	41	1.01853
1	60	1.07469
1	64	1.07072
1	79	1.0498
1	89	1.09015
1	93	1.08872
1	95	1.14572
1	131	1.05382
1	161	0.785011
1	162	1.36965
1	169	1.72294
2	24	1.04243
2	34	1.106
2	44	1.08423
2	59	1.07529
2	66	1.14108
2	129	0.989045
2	133	0.600449
2	148	1.04779
2	150	1.07025
2	152	1.08402
2	163	0.991054
2	172	3.48036
3	11	1.03949
3	18	1.12681
3	21	1.02117
3	23	1.1233
3	27	1.1231
3	39	1.09846
3	42	1.09778
3	115	1.00878
3	137	1.14635
3	145	0.990928
3	148	1.04385
3	159	1.7879
4	41	1.01443
4	57	1.08226
4	60	1.0706
4	79	1.04571
4	89	1.08605
4	92	1.07709
4	93	1.08463
4	95	1.14163
4	132	0.821355
4	145	0.996124
4	151	1.07717
4	169	1.89205
5	10	1.02635
5	16	1.12272
5	63	1.12073
5	72	1.03191
5	76	1.03161
5	78	1.08855
5	81	1.08842
5	131	0.824699
5	150	1.05654
5	152	1.07031
5	169	1.75974
5	175	1.23416
6	25	0.934294
6	33	1.00769
6	57	0.972429
6	64	0.9568
6	79	0.935879
6	89	0.976225
6	93	0.9748
6	94	1.25113
6	95	1.0318
6	131	0.939897
6	137	2.0725
6	145	0.886297
7	24	0.929717
7	34	0.99328
7	44	0.971508
7	59	0.962574
7	66	1.02836
7	105	1.0086
7	121	1.58168
7	129	0.876327
7	148	0.935074
7	150	0.95753
7	152	0.971301
7	176	1.69514
8	102	2.07874
8	145	0.853068
8	151	0.899605
8	157	0.852887
8	159	0.87519
8	167	0.884059
8	171	0.868634
8	173	0.871063
8	176	0.931057
8	177	0.848971
8	178	0.868041
8	180	0.837282
9	20	1.02348
9	63	1.12094
9	72	1.03211
9	76	1.03181
9	78	1.08875
9	81	1.08862
9	105	1.10781
9	139	1.30279
9	150	1.05674
9	152	1.07051
9	161	1.20186
9	167	1.39325
10	5	1.02635
10	16	1.00941
10	20	0.909972
10	63	1.00742
10	65	0.974443
10	72	0.918599
10	76	0.918294
10	78	0.975235
10	81	0.975112
10	133	2.38277
10	150	0.943228
10	152	0.956999
11	3	1.03949
11	18	1.00709
11	21	0.901456
11	23	1.00359
11	27	1.00339
11	39	0.978752
11	42	0.978067
11	110	0.94492
11	145	0.871215
11	148	0.92414
11	156	1.33392
11	177	2.14024
12	55	1.81606
12	125	0.932764
12	161	0.923761
12	170	0.873834
12	173	0.858057
12	174	0.840912
12	175	0.86792
12	176	0.918052
12	177	0.835965
12	178	0.855036
12	179	0.868135
12	180	0.824277
13	28	1.03437
13	48	0.976319
13	58	1.04762
13	80	0.97967
13	82	0.984787
13	85	0.968521
13	98	0.98894
13	126	1.4127
13	131	0.935005
13	145	1.91569
13	169	0.877635
13	172	0.828828
14	1	0.982319
14	24	0.85232
14	59	0.885177
14	66	0.95096
14	93	0.893255
14	95	0.950254
14	107	0.883961
14	119	1.94677
14	177	0.800654
14	178	0.819725
14	179	0.832824
14	180	0.788966
15	28	1.02344
15	48	0.965391
15	58	1.03669
15	62	1.0037
15	69	1.01639
15	82	0.973859
15	85	0.957593
15	98	0.978012
15	136	1.12367
15	162	2.16287
15	169	0.866707
15	172	0.8179
16	5	1.12272
16	10	1.00941
16	72	1.01496
16	76	1.01466
16	78	1.0716
16	81	1.07148
16	116	0.701612
16	117	0.940367
16	125	1.05691
16	150	1.03959
16	152	1.05336
16	177	1.60292
16	180	1.98827
17	64	0.716681
17	102	0.244723
17	130	0.393333
17	151	1.05747
17	164	1.07964
17	165	1.06745
17	171	1.0265
17	174	1.01178
17	176	1.08892
17	177	1.00684
17	178	1.02591
17	179	1.039
17	180	0.995147
18	3	1.12681
18	11	1.00709
18	21	0.988774
18	23	1.09091
18	27	1.09071
18	39	1.06607
18	42	1.06539
18	110	1.03224
18	116	1.10272
18	126	1.33958
18	145	0.958533
18	148	1.01146
18	168	1.64432
19	22	0.911121
19	32	0.991333
19	35	0.986171
19	38	0.984914
19	43	0.988888
19	47	0.964877
19	50	0.943918
19	125	0.960252
19	132	1.87046
19	134	0.940789
19	143	1.63577
19	150	0.942932
19	169	0.863781
20	9	1.02348
20	10	0.909972
20	63	1.00435
20	72	0.91553
20	76	0.915225
20	78	0.972166
20	81	0.972043
20	117	0.840934
20	125	0.957479
20	150	0.940159
20	152	0.95393
20	156	1.7917
20	171	1.88488
21	3	1.02117
21	11	0.901456
21	18	0.988774
21	23	0.985268
21	27	0.985068
21	39	0.960431
21	42	0.959746
21	84	1.20182
21	92	0.933862
21	110	0.926599
21	145	0.852894
21	148	0.905819
21	180	2.66447
22	19	0.911121
22	32	0.990005
22	35	0.984843
22	38	0.983586
22	43	0.98756
22	47	0.963549
22	50	0.94259
22	68	3.4
22	116	0.956702
22	134	0.939461
22	150	0.941604
22	169	0.862453
22	176	0.822449
23	3	1.1233
23	11	1.00359
23	18	1.09091
23	21	0.985268
23	27	1.0872
23	39	1.06256
23	42	1.06188
23	92	1.036
23	104	1.1413
23	136	1.3271
23	145	0.955027
23	148	1.00795
23	164	1.27074
24	2	1.04243
24	7	0.929717
24	14	0.85232
24	34	0.981352
24	44	0.959579
24	59	0.950645
24	66	1.01643
24	129	0.864399
24	148	0.923146
24	150	0.945602
24	152	0.959373
24	163	1.02938
24	178	2.50133
25	6	0.934294
25	31	0.930805
25	33	0.992045
25	41	0.888961
25	60	0.945122
25	64	0.941154
25	79	0.920232
25	89	0.960578
25	93	0.959153
25	95	1.01615
25	113	1.50984
25	131	0.924251
25	167	2.07421
26	53	0.788157
26	136	0.950429
26	150	2.09318
26	162	0.861351
26	165	0.902947
26	168	0.882162
26	170	0.880203
26	171	0.861997
26	174	0.847281
26	175	0.874289
26	177	0.842334
26	179	0.874503
26	180	0.830646
27	3	1.1231
27	11	1.00339
27	18	1.09071
27	21	0.985068
27	23	1.0872
27	39	1.06236
27	42	1.06168
27	110	1.02853
27	142	0.965087
27	145	0.954827
27	148	1.00775
27	170	0.981892
27	177	2.22646
28	13	1.03437
28	15	1.02344
28	29	1.14543
28	48	1.07053
28	80	1.07388
28	85	1.06273
28	98	1.08315
28	107	0.951298
28	131	1.02922
28	159	1.63436
28	169	0.971846
28	172	0.92304
28	173	1.69567
29	28	1.14543
29	46	1.08306
29	62	1.12569
29	80	1.09073
29	82	1.09585
29	98	1.1
29	125	0.993158
29	131	1.04607
29	134	1.44951
29	154	1.39912
29	169	0.988698
29	172	0.939891
30	100	1.01452
30	102	1.07284
30	109	1.02494
30	114	1.01578
30	115	1.56058
30	116	1.05116
30	125	1.01712
30	130	1.03596
30	144	1.03172
30	146	1.05428
30	153	1.05931
30	154	1.42308
30	158	1.03851
31	25	0.930805
31	41	0.901119
31	57	0.96894
31	60	0.95728
31	64	0.953312
31	68	0.838498
31	79	0.93239
31	89	0.972736
31	93	0.971311
31	95	1.02831
31	131	0.936409
31	134	1.70204
31	139	1.94932
32	19	0.991333
32	22	0.990005
32	35	1.06506
32	38	1.0638
32	47	1.04376
32	49	1.26965
32	50	1.0228
32	86	1.0338
32	125	1.03914
32	134	1.01967
32	135	0.952298
32	150	1.02182
32	169	0.942665
32	175	1.91633
33	6	1.00769
33	25	0.992045
33	41	0.962358
33	57	1.03018
33	60	1.01852
33	64	1.01455
33	79	0.993629
33	89	1.03398
33	92	1.02502
33	93	1.03255
33	95	1.08955
33	116	1.21828
33	126	1.45514
33	167	1.60623
34	2	1.106
34	7	0.99328
34	24	0.981352
34	44	1.02314
34	59	1.01421
34	66	1.07999
34	105	1.06024
34	129	0.927963
34	133	1.26731
34	148	0.98671
34	150	1.00917
34	151	1.22048
34	152	1.02294
34	178	1.84938
35	19	0.986171
35	22	0.984843
35	32	1.06506
35	38	1.05864
35	43	1.06261
35	50	1.01764
35	116	1.03175
35	125	1.03397
35	134	1.01451
35	142	0.720642
35	150	1.01665
35	169	0.937503
35	178	1.42259
35	180	2.36736
36	77	0.813313
36	102	0.262342
36	109	0.689268
36	154	1.05247
36	161	1.05797
36	163	1.06854
36	165	1.03079
36	170	1.00805
36	171	0.989841
36	173	0.99227
36	174	0.975125
36	176	1.05226
36	179	1.00235
36	180	0.95849
37	67	0.893365
37	99	0.99435
37	114	1.00026
37	120	1.04041
37	144	1.0162
37	146	1.03876
37	147	1.06167
37	148	1.67081
37	149	1.03465
37	153	1.04379
37	158	1.02299
37	160	1.04638
37	163	1.39429
37	172	0.892589
38	19	0.984914
38	22	0.983586
38	32	1.0638
38	35	1.05864
38	43	1.06135
38	47	1.03734
38	50	1.01638
38	88	0.555303
38	116	1.0305
38	125	1.03272
38	145	2.06149
38	150	1.0154
38	165	1.44072
38	169	0.936246
39	3	1.09846
39	11	0.978752
39	18	1.06607
39	21	0.960431
39	23	1.06256
39	27	1.06236
39	42	1.03704
39	92	1.01116
39	110	1.00389
39	122	0.779848
39	145	0.93019
39	148	0.983115
39	151	1.35163
39	174	1.93716
40	63	0.345595
40	97	0.918826
40	133	1.03532
40	149	0.545078
40	161	1.07716
40	166	1.01299
40	168	1.02919
40	170	1.02723
40	171	1.00902
40	173	1.01145
40	177	0.989361
40	178	1.00843
40	179	1.02153
40	180	0.977673
41	1	1.01853
41	4	1.01443
41	25	0.888961
41	31	0.901119
41	33	0.962358
41	60	0.915435
41	64	0.911467
41	79	0.890545
41	89	0.930891
41	93	0.929467
41	95	0.986465
41	141	1.63769
41	143	1.96147
41	145	0.840963
42	3	1.09778
42	11	0.978067
42	18	1.06539
42	21	0.959746
42	23	1.06188
42	27	1.06168
42	39	1.03704
42	92	1.01047
42	107	0.817151
42	110	1.00321
42	145	0.929505
42	148	0.98243
42	172	3.51691
42	173	1.09855
43	19	0.988888
43	22	0.98756
43	35	1.06261
43	38	1.06135
43	47	1.04132
43	50	1.02036
43	86	1.03136
43	90	0.910378
43	125	1.03669
43	134	1.01723
43	139	1.86317
43	150	1.01937
43	164	1.25132
43	169	0.94022
44	2	1.08423
44	7	0.971508
44	24	0.959579
44	34	1.02314
44	59	0.992437
44	66	1.05822
44	86	0.999379
44	105	1.03846
44	129	0.90619
44	131	1.28714
44	142	1.33425
44	148	0.964937
44	150	0.987393
44	152	1.00116
44	155	1.95536
45	66	0.725739
45	114	1.4687
45	117	0.878969
45	137	0.965322
45	167	0.933804
45	170	0.936585
45	171	0.918379
45	173	0.920808
45	174	0.903663
45	175	0.93067
45	176	0.980802
45	177	0.898716
45	178	0.917786
45	179	0.930885
45	180	0.887027
46	29	1.08306
46	62	1.04648
46	69	1.05916
46	80	1.01151
46	82	1.01663
46	85	1.00037
46	98	1.02078
46	105	1.0397
46	110	0.986954
46	129	1.94403
46	131	0.96685
46	155	1.42836
46	169	0.909479
46	172	0.860673
46	179	1.30434
47	19	0.964877
47	22	0.963549
47	32	1.04376
47	38	1.03734
47	43	1.04132
47	50	0.996346
47	86	1.00735
47	116	1.01046
47	125	1.01268
47	134	0.993217
47	140	0.737091
47	150	0.99536
47	169	0.916209
47	171	0.73164
47	172	3.93891
48	13	0.976319
48	15	0.965391
48	28	1.07053
48	58	1.08378
48	62	1.05079
48	69	1.06348
48	71	1.3893
48	82	1.02095
48	85	1.00468
48	98	1.0251
48	131	0.971168
48	143	0.964455
48	162	1.91654
48	169	0.913797
48	172	0.864991
49	32	1.26965
49	127	1.26396
49	154	0.979834
49	167	0.932625
49	168	0.937365
49	170	0.935406
49	171	0.917201
49	172	0.849058
49	174	0.902484
49	175	0.929492
49	176	0.979624
49	177	0.897537
49	178	0.916608
49	179	0.929707
49	180	0.885849
50	19	0.943918
50	22	0.94259
50	32	1.0228
50	35	1.01764
50	38	1.01638
50	43	1.02036
50	47	0.996346
50	65	1.05597
50	86	0.986388
50	108	0.994208
50	116	0.989499
50	125	0.991721
50	134	0.972258
50	150	0.974401
50	169	0.89525
50	170	2.36124
51	104	0.976553
51	105	1.2108
51	133	0.926716
51	147	0.971521
51	163	0.979112
51	165	0.941366
51	167	0.915841
51	171	0.900416
51	172	0.832274
51	173	0.902845
51	174	0.8857
51	175	0.912708
51	176	0.962839
51	177	0.880753
51	179	0.912922
51	180	0.869065
52	102	1.00671
52	111	0.976736
52	119	0.977314
52	124	0.963415
52	127	0.969859
52	128	1.01461
52	138	0.979049
52	144	0.965593
52	146	0.98815
52	148	1.44925
52	149	0.984045
52	153	0.993185
52	158	0.972376
52	160	0.995768
52	161	1.89274
52	163	1.17274
53	26	0.788157
53	75	0.801765
53	136	0.868377
53	154	0.842578
53	161	0.848078
53	167	0.795369
53	168	0.800109
53	170	0.79815
53	171	0.779945
53	173	0.782373
53	174	0.765228
53	176	0.842368
53	177	0.760281
53	178	0.779352
53	179	0.792451
53	180	0.748593
54	78	0.650196
54	132	0.952343
54	137	0.942826
54	143	0.936768
54	149	1.64506
54	155	0.901954
54	162	0.895237
54	163	0.974579
54	166	0.899849
54	174	0.881167
54	175	0.908175
54	176	0.958307
54	177	0.87622
54	178	0.89529
54	179	0.90839
54	180	0.864532
55	12	1.81606
55	96	1.10901
55	109	1.03856
55	113	0.565009
55	119	1.05707
55	127	1.04961
55	130	1.04959
55	138	1.0588
55	146	1.0679
55	147	1.09082
55	152	1.06346
55	153	1.07294
55	158	1.05213
55	160	1.07552
55	169	1.37352
55	179	0.98269
56	96	1.03511
56	100	0.954242
56	107	2.0166
56	108	0.679567
56	109	0.964662
56	111	0.982589
56	118	1.93487
56	120	0.995656
56	124	0.969267
56	127	0.975712
56	138	0.984901
56	144	0.971445
56	149	0.989898
56	153	0.999038
56	158	0.978229
56	160	1.00162
57	4	1.08226
57	6	0.972429
57	31	0.96894
57	33	1.03018
57	60	0.983257
57	64	0.979289
57	68	0.864475
57	79	0.958367
57	89	0.998713
57	92	0.989754
57	93	0.997288
57	95	1.05429
57	116	1.04928
57	145	0.908785
57	159	1.96572
57	171	1.84409
58	13	1.04762
58	15	1.03669
58	48	1.08378
58	62	1.1221
58	69	1.13478
58	80	1.08713
58	82	1.09225
58	85	1.07599
58	98	1.0964
58	101	0.670596
58	105	1.11532
58	134	1.35291
58	156	2.00433
58	164	0.988344
58	169	0.985099
58	172	0.936293
59	2	1.07529
59	7	0.962574
59	14	0.885177
59	24	0.950645
59	34	1.01421
59	44	0.992437
59	66	1.04929
59	86	0.990445
59	105	1.02953
59	117	2.78623
59	129	0.897256
59	134	0.580153
59	148	0.956003
59	150	0.978459
59	152	0.99223
59	173	1.5077
60	1	1.07469
60	4	1.0706
60	25	0.945122
60	31	0.95728
60	33	1.01852
60	41	0.915435
60	57	0.983257
60	64	0.967628
60	79	0.946706
60	89	0.987052
60	93	0.985628
60	95	1.04263
60	123	0.892404
60	145	0.897124
60	155	1.95549
60	171	1.88261
61	97	1.05949
61	99	1.03256
61	114	1.03847
61	124	1.05223
61	128	1.10343
61	137	1.0935
61	138	1.06787
61	144	1.05441
61	147	1.09988
61	149	1.07286
61	153	1.082
61	158	1.06119
61	160	1.08458
61	165	0.937689
61	168	1.36021
61	178	1.76713
62	15	1.0037
62	29	1.12569
62	46	1.04648
62	48	1.05079
62	58	1.1221
62	69	1.10179
62	80	1.05415
62	82	1.05926
62	85	1.043
62	98	1.06342
62	105	1.08233
62	136	0.871308
62	137	1.40419
62	169	0.95211
62	172	0.903304
62	176	0.891888
62	178	2.07782
63	5	1.12073
63	9	1.12094
63	10	1.00742
63	20	1.00435
63	40	0.345595
63	72	1.01298
63	75	1.5908
63	76	1.01268
63	78	1.06962
63	81	1.06949
63	105	1.08868
63	112	0.904851
63	117	0.938384
63	125	1.05493
63	150	1.03761
63	151	1.67682
63	152	1.05138
64	1	1.07072
64	6	0.9568
64	17	0.716681
64	25	0.941154
64	31	0.953312
64	33	1.01455
64	41	0.911467
64	57	0.979289
64	60	0.967628
64	79	0.942738
64	89	0.983084
64	93	0.98166
64	95	1.03866
64	131	0.946757
64	142	1.89954
64	145	0.893156
64	161	1.84953
65	10	0.974443
65	50	1.05597
65	95	0.395692
65	118	1.05503
65	119	0.105009
65	123	1.08464
65	142	1.09447
65	155	1.03554
65	165	1.07042
65	170	1.04768
65	171	1.02947
65	174	1.01476
65	176	1.0919
65	177	1.00981
65	178	1.02888
65	179	1.04198
65	180	0.998121
66	2	1.14108
66	7	1.02836
66	14	0.95096
66	24	1.01643
66	34	1.07999
66	44	1.05822
66	45	0.725739
66	59	1.04929
66	86	1.05623
66	105	1.09531
66	129	0.96304
66	139	1.22974
66	148	1.02179
66	150	1.04424
66	151	1.25186
66	152	1.05801
66	156	1.63387
67	37	0.893365
67	89	0.627482
67	108	1.15734
67	112	1.10574
67	140	1.08704
67	153	0.350056
67	155	1.01652
67	156	1.01577
67	160	0.301075
67	164	1.06358
67	165	1.05139
67	175	1.02274
67	176	1.07287
67	177	0.990781
67	178	1.00985
67	179	1.02295
67	180	0.979093
68	22	3.4
68	31	0.838498
68	57	0.864475
68	79	0.827924
68	89	0.86827
68	95	0.923844
68	115	0.854043
68	121	0.862339
68	130	0.85362
68	137	0.840851
68	149	0.867831
68	153	0.876971
68	160	0.879554
68	161	0.862041
68	175	0.8062
68	179	0.806414
68	180	0.762557
69	15	1.01639
69	46	1.05916
69	48	1.06348
69	58	1.13478
69	62	1.10179
69	80	1.06683
69	82	1.07195
69	85	1.05568
69	98	1.0761
69	110	1.04227
69	129	2.01675
69	131	1.02216
69	134	0.683603
69	159	1.54983
69	169	0.964792
69	172	0.915986
69	179	1.37706
70	72	0.845018
70	76	0.844714
70	78	0.901655
70	81	0.901531
70	93	2.36479
70	127	0.869569
70	142	0.874833
70	145	0.794267
70	146	0.887861
70	149	0.883755
70	152	0.883419
70	155	0.815903
70	160	0.895478
70	177	0.790169
70	178	0.809239
70	179	0.822339
70	180	0.778481
71	48	1.3893
71	140	0.967439
71	143	0.931732
71	146	1.61956
71	155	0.896918
71	157	0.8751
71	164	0.943984
71	168	0.911012
71	170	0.909053
71	173	0.893276
71	174	0.876131
71	175	0.903139
71	176	0.95327
71	177	0.871184
71	178	0.890254
71	179	0.903354
71	180	0.859496
72	5	1.03191
72	9	1.03211
72	10	0.918599
72	16	1.01496
72	20	0.91553
72	63	1.01298
72	70	0.845018
72	76	0.923852
72	78	0.980793
72	81	0.980669
72	105	0.999856
72	117	0.84956
72	125	0.966106
72	150	0.948786
72	152	0.962557
72	163	1.41371
72	164	1.62279
72	176	1.69973
73	80	0.890051
73	92	0.377097
73	118	0.967472
73	123	0.997074
73	150	0.640261
73	159	0.948467
73	161	1.01004
73	162	0.941264
73	164	0.995048
73	166	0.945876
73	170	0.960117
73	171	0.941911
73	173	0.94434
73	174	0.927195
73	175	0.954202
73	176	1.00433
73	178	0.941318
73	180	0.910559
74	85	0.978867
74	113	1.02719
74	114	1.15897
74	118	0.958298
74	136	1.02117
74	142	0.997737
74	147	0.181161
74	157	0.91699
74	162	0.93209
74	163	1.01143
74	167	0.948162
74	170	0.950943
74	175	0.945028
74	176	0.99516
74	177	0.913073
74	178	0.932144
74	179	0.945243
74	180	0.901385
75	53	0.801765
75	63	1.5908
75	101	1.02536
75	110	1.62692
75	154	0.938238
75	159	0.882161
75	161	0.943737
75	162	0.874958
75	163	0.954301
75	168	0.895769
75	170	0.89381
75	171	0.875605
75	174	0.860888
75	175	0.887896
75	176	0.938028
75	178	0.875011
75	179	0.888111
75	180	0.844253
76	5	1.03161
76	9	1.03181
76	10	0.918294
76	16	1.01466
76	20	0.915225
76	63	1.01268
76	70	0.844714
76	72	0.923852
76	78	0.980488
76	81	0.980365
76	88	1.60316
76	91	1.80812
76	105	0.999551
76	108	1.26584
76	117	0.849256
76	125	0.965801
76	150	0.948481
76	152	0.962252
77	36	0.813313
77	94	1.18549
77	103	1.03781
77	104	1.28817
77	111	1.03316
77	119	1.03374
77	120	1.04623
77	124	1.01984
77	130	1.02626
77	138	1.03547
77	144	1.02202
77	147	1.06749
77	149	1.04047
77	153	1.04961
77	158	1.0288
77	160	1.05219
77	172	0.898405
77	176	1.49456
78	5	1.08855
78	9	1.08875
78	10	0.975235
78	16	1.0716
78	20	0.972166
78	54	0.650196
78	63	1.06962
78	70	0.901655
78	72	0.980793
78	76	0.980488
78	81	1.03731
78	105	1.05649
78	117	0.906197
78	125	1.02274
78	150	1.00542
78	152	1.01919
78	166	1.39412
78	175	1.17075
78	177	2.06977
79	1	1.0498
79	4	1.04571
79	6	0.935879
79	25	0.920232
79	31	0.93239
79	33	0.993629
79	41	0.890545
79	57	0.958367
79	60	0.946706
79	64	0.942738
79	68	0.827924
79	89	0.962163
79	93	0.960738
79	95	1.01774
79	129	2.63922
79	131	0.925835
79	145	0.872235
79	148	1.00895
79	167	1.64382
80	13	0.97967
80	28	1.07388
80	29	1.09073
80	46	1.01151
80	58	1.08713
80	62	1.05415
80	69	1.06683
80	73	0.890051
80	82	1.0243
80	85	1.00804
80	92	1.00189
80	98	1.02845
80	107	1.41495
80	110	0.994624
80	131	0.974519
80	134	1.23179
80	169	0.917149
80	171	1.97638
80	172	0.868342
81	5	1.08842
81	9	1.08862
81	10	0.975112
81	16	1.07148
81	20	0.972043
81	63	1.06949
81	70	0.901531
81	72	0.980669
81	76	0.980365
81	78	1.03731
81	101	0.896002
81	105	1.05637
81	112	1.07575
81	116	1.52811
81	117	0.906074
81	125	1.02262
81	150	1.0053
81	152	1.01907
81	168	2.0697
82	13	0.984787
82	15	0.973859
82	29	1.09585
82	46	1.01663
82	48	1.02095
82	58	1.09225
82	62	1.05926
82	69	1.07195
82	80	1.0243
82	84	0.98812
82	85	1.01315
82	92	1.007
82	98	1.03357
82	110	0.999741
82	117	2.81377
82	139	0.854982
82	169	0.922266
82	172	0.873459
82	178	1.506
83	99	0.98881
83	100	0.993458
83	108	0.819882
83	114	0.994725
83	119	1.02238
83	124	1.00848
83	127	1.01493
83	128	1.05968
83	142	1.29724
83	144	1.01066
83	146	1.03322
83	147	1.05613
83	149	1.02911
83	153	1.03825
83	158	1.01745
83	160	1.04084
83	165	1.16975
83	172	0.887049
83	180	2.94396
84	21	1.20182
84	82	0.98812
84	128	1.02071
84	135	1.01293
84	137	0.982576
84	141	1.00498
84	155	0.941703
84	165	0.976583
84	167	0.951057
84	168	0.955797
84	169	0.916297
84	171	0.935633
84	172	0.86749
84	173	0.938061
84	175	0.947924
84	176	0.998056
84	177	0.915969
84	178	0.935039
84	180	0.904281
85	13	0.968521
85	15	0.957593
85	28	1.06273
85	46	1.00037
85	48	1.00468
85	58	1.07599
85	62	1.043
85	69	1.05568
85	74	0.978867
85	80	1.00804
85	82	1.01315
85	92	0.990738
85	98	1.0173
85	105	1.03622
85	110	0.983474
85	163	0.971656
85	168	2.03669
85	169	0.905999
85	172	0.857193
85	176	1.25767
86	32	1.0338
86	43	1.03136
86	44	0.999379
86	47	1.00735
86	50	0.986388
86	59	0.990445
86	66	1.05623
86	135	0.987373
86	138	0.994513
86	143	1.17161
86	146	1.00361
86	148	0.962946
86	149	0.999509
86	150	0.985402
86	152	0.999173
86	158	0.987841
86	160	1.01123
86	169	0.906251
86	170	1.60587
86	179	2.08616
87	97	1.01037
87	118	1.01351
87	122	1.05604
87	142	1.05295
87	149	0.636618
87	152	0.387909
87	153	0.454349
87	159	0.994501
87	162	0.987299
87	165	1.0289
87	167	1.00337
87	170	1.00615
87	171	0.987945
87	172	0.919803
87	173	0.990374
87	174	0.973229
87	176	1.05037
87	177	0.968282
87	179	1.00045
87	180	0.956593
88	38	0.555303
88	76	1.60316
88	104	1.06024
88	135	1.06139
88	149	0.790352
88	150	0.165448
88	151	1.01507
88	156	0.98942
88	159	0.990655
88	167	0.999523
88	170	1.0023
88	171	0.984098
88	173	0.986527
88	174	0.969382
88	175	0.99639
88	176	1.04652
88	177	0.964435
88	178	0.983505
88	179	0.996605
88	180	0.952747
89	1	1.09015
89	4	1.08605
89	6	0.976225
89	25	0.960578
89	31	0.972736
89	33	1.03398
89	41	0.930891
89	57	0.998713
89	60	0.987052
89	64	0.983084
89	67	0.627482
89	68	0.86827
89	79	0.962163
89	92	0.99355
89	93	1.00108
89	95	1.05808
89	101	1.01974
89	113	1.47543
89	131	0.966181
89	145	0.912581
89	162	2.43306
90	43	0.910378
90	107	1.03486
90	120	0.807388
90	122	1.03932
90	151	1.00219
90	152	0.652681
90	154	1.03385
90	156	0.976541
90	160	0.67014
90	163	1.04992
90	166	0.975185
90	167	0.986644
90	171	0.971219
90	172	0.903077
90	173	0.973648
90	174	0.956503
90	175	0.983511
90	176	1.03364
90	177	0.951556
90	178	0.970626
90	180	0.939868
91	76	1.80812
91	111	0.792152
91	113	1.00574
91	139	0.960417
91	151	0.942257
91	152	0.746602
91	154	0.973919
91	156	0.916607
91	163	0.989982
91	166	0.915251
91	167	0.926711
91	170	0.929492
91	171	0.911286
91	173	0.913715
91	174	0.89657
91	175	0.923577
91	176	0.973709
91	177	0.891622
91	178	0.910693
91	179	0.923792
91	180	0.879934
92	4	1.07709
92	21	0.933862
92	23	1.036
92	33	1.02502
92	39	1.01116
92	42	1.01047
92	57	0.989754
92	73	0.377097
92	80	1.00189
92	82	1.007
92	85	0.990738
92	89	0.99355
92	93	0.992125
92	95	1.04912
92	98	1.01116
92	145	0.903621
92	155	1.5363
92	169	0.899851
92	172	0.851045
92	179	1.41229
92	180	2.56191
93	1	1.08872
93	4	1.08463
93	6	0.9748
93	14	0.893255
93	25	0.959153
93	31	0.971311
93	33	1.03255
93	41	0.929467
93	57	0.997288
93	60	0.985628
93	64	0.98166
93	70	2.36479
93	79	0.960738
93	89	1.00108
93	92	0.992125
93	95	1.05666
93	131	0.964757
93	145	0.911156
93	167	1.03292
93	172	2.86382
93	178	0.717321
94	6	1.25113
94	77	1.18549
94	101	1.10064
94	105	0.390181
94	123	1.00605
94	138	0.553315
94	139	1.00002
94	141	1.02023
94	143	0.991769
94	155	0.956955
94	157	0.935137
94	161	1.01902
94	162	0.950238
94	168	0.971049
94	173	0.953313
94	174	0.936168
94	175	0.963176
94	176	1.01331
94	177	0.931221
94	178	0.950291
94	179	0.963391
94	180	0.919533
95	1	1.14572
95	4	1.14163
95	6	1.0318
95	14	0.950254
95	25	1.01615
95	31	1.02831
95	33	1.08955
95	41	0.986465
95	57	1.05429
95	60	1.04263
95	64	1.03866
95	65	0.395692
95	68	0.923844
95	79	1.01774
95	89	1.05808
95	92	1.04912
95	93	1.05666
95	125	1.03144
95	143	1.2667
95	145	0.968155
95	154	1.4374
95	175	2.0465
96	55	1.10901
96	56	1.03511
96	99	1.00654
96	102	1.06951
96	103	1.04419
96	109	1.02161
96	111	1.03954
96	118	1.34013
96	124	1.02621
96	127	1.03266
96	130	1.03263
96	131	1.38794
96	138	1.04185
96	141	0.693822
96	144	1.02839
96	146	1.05095
96	147	1.07386
96	154	1.1883
96	158	1.03518
96	160	1.05857
96	166	2.02077
96	172	0.904779
97	40	0.918826
97	61	1.05949
97	87	1.01037
97	100	0.952603
97	106	0.987419
97	109	0.963024
97	114	0.95387
97	116	0.98925
97	119	0.981528
97	120	0.994017
97	124	0.967629
97	127	0.974074
97	130	0.974048
97	140	1.5314
97	144	0.969807
97	147	1.01528
97	149	0.988259
97	153	0.9974
97	158	0.976591
97	160	0.999982
97	164	1.61608
97	172	0.846194
98	13	0.98894
98	15	0.978012
98	28	1.08315
98	29	1.1
98	46	1.02078
98	48	1.0251
98	58	1.0964
98	62	1.06342
98	69	1.0761
98	80	1.02845
98	82	1.03357
98	85	1.0173
98	92	1.01116
98	105	1.05664
98	110	1.00389
98	113	0.96933
98	123	0.950348
98	131	0.983789
98	159	2.06219
98	169	0.926418
98	172	0.877612
98	174	2.0509
98	176	0.908332
99	37	0.99435
99	61	1.03256
99	83	0.98881
99	96	1.00654
99	102	0.983991
99	103	0.958667
99	106	0.960486
99	109	0.936091
99	111	0.954017
99	119	0.954595
99	120	0.967084
99	124	0.940696
99	127	0.94714
99	128	0.991892
99	130	0.947115
99	146	0.965432
99	148	1.19129
99	153	0.970466
99	158	0.949657
99	160	0.973049
99	166	2.27051
99	170	1.70159
99	176	1.2008
100	30	1.01452
100	56	0.954242
100	83	0.993458
100	97	0.952603
100	106	0.965134
100	108	0.679386
100	111	0.958665
100	114	0.931584
100	120	0.971732
100	127	0.951788
100	128	0.99654
100	130	0.951763
100	133	2.14948
100	135	1.42792
100	138	0.960978
100	144	0.947522
100	146	0.97008
100	147	0.992994
100	149	0.965974
100	153	0.975114
100	158	0.954306
100	160	0.977697
100	167	2.17099
101	58	0.670596
101	75	1.02536
101	81	0.896002
101	89	1.01974
101	94	1.10064
101	102	0.5489
101	110	0.761218
101	143	1.04443
101	154	1.06618
101	156	1.00886
101	157	0.987796
101	162	1.0029
101	165	1.04449
101	166	1.00751
101	167	1.01897
101	171	1.00354
101	173	1.00597
101	174	0.988827
101	175	1.01583
101	176	1.06597
101	178	1.00295
101	179	1.01605
101	180	0.972191
102	8	2.07874
102	17	0.244723
102	30	1.07284
102	36	0.262342
102	52	1.00671
102	96	1.06951
102	99	0.983991
102	101	0.5489
102	106	1.02346
102	109	0.99906
102	111	1.01699
102	117	0.910963
102	119	1.01756
102	127	1.01011
102	138	1.0193
102	144	1.00584
102	146	1.0284
102	149	1.0243
102	152	1.02396
102	153	1.03344
102	157	2.02951
102	158	1.01263
102	160	1.03602
102	172	0.88223
103	77	1.03781
103	96	1.04419
103	99	0.958667
103	106	0.998131
103	109	0.973736
103	111	0.991662
103	118	1.41981
103	119	0.99224
103	120	1.00473
103	124	0.978341
103	127	0.984785
103	128	1.02954
103	130	0.98476
103	132	1.33196
103	138	0.993975
103	144	0.980519
103	146	1.00308
103	147	1.02599
103	149	0.998971
103	153	1.00811
103	158	0.987303
103	160	1.01069
103	170	1.53153
103	176	1.03073
103	179	2.01182
104	23	1.1413
104	51	0.976553
104	77	1.28817
104	88	1.06024
104	115	0.990056
104	130	0.885812
104	133	0.956221
104	140	1.00651
104	143	0.970805
104	145	0.914355
104	151	0.960892
104	156	0.935243
104	160	0.881637
104	162	0.929275
104	165	0.970871
104	166	0.933886
104	169	0.910585
104	170	0.948127
104	171	0.929921
104	173	0.93235
104	174	0.915205
104	176	0.992344
104	177	0.910258
104	179	0.942427
104	180	0.898569
105	7	1.0086
105	9	1.10781
105	34	1.06024
105	44	1.03846
105	46	1.0397
105	51	1.2108
105	58	1.11532
105	59	1.02953
105	62	1.08233
105	63	1.08868
105	66	1.09531
105	72	0.999856
105	76	0.999551
105	78	1.05649
105	81	1.05637
105	85	1.03622
105	94	0.390181
105	98	1.05664
105	142	1.18324
105	150	1.02449
105	152	1.03826
105	161	1.13324
105	162	1.71788
105	169	0.945334
105	172	0.896528
105	175	1.54559
106	97	0.987419
106	99	0.960486
106	100	0.965134
106	102	1.02346
106	103	0.998131
106	112	0.804454
106	113	1.08039
106	114	0.9664
106	115	1.39413
106	119	0.994059
106	124	0.98016
106	127	0.986604
106	128	1.03136
106	130	0.986579
106	138	0.995794
106	144	0.982338
106	146	1.0049
106	147	1.02781
106	149	1.00079
106	152	1.00045
106	153	1.00993
106	155	2.12449
106	158	0.989122
106	160	1.01251
106	172	0.858725
106	173	2.23456
107	14	0.883961
107	28	0.951298
107	42	0.817151
107	56	2.0166
107	80	1.41495
107	90	1.03486
107	121	0.985859
107	125	0.994564
107	133	0.943728
107	143	0.958312
107	154	0.980061
107	155	0.923499
107	162	0.916782
107	163	0.996124
107	164	0.970565
107	165	0.958378
107	168	0.937593
107	170	0.935634
107	173	0.919857
107	174	0.902712
107	175	0.92972
107	176	0.979851
107	177	0.897765
107	178	0.916835
107	179	0.929934
107	180	0.886077
108	50	0.994208
108	56	0.679567
108	67	1.15734
108	76	1.26584
108	83	0.819882
108	100	0.679386
108	124	0.521794
108	132	1.05714
108	141	1.07003
108	142	1.06568
108	157	0.984936
108	159	1.00724
108	161	1.06882
108	163	1.07938
108	164	1.05382
108	165	1.04163
108	167	1.01611
108	169	0.981347
108	170	1.01889
108	171	1.00068
108	173	1.00311
108	174	0.985967
108	175	1.01297
108	177	0.98102
108	178	1.00009
108	179	1.01319
108	180	0.969331
109	30	1.02494
109	36	0.689268
109	55	1.03856
109	56	0.964662
109	96	1.02161
109	97	0.963024
109	99	0.936091
109	102	0.99906
109	103	0.973736
109	111	0.969086
109	124	0.955765
109	127	0.962209
109	128	1.00696
109	130	0.962184
109	134	0.960144
109	138	0.971399
109	141	1.11328
109	144	0.957943
109	146	0.980501
109	147	1.00341
109	148	1.36101
109	149	0.976395
109	153	0.985535
109	158	0.964726
109	160	0.988118
109	174	2.51308
109	176	1.37052
110	11	0.94492
110	18	1.03224
110	21	0.926599
110	27	1.02853
110	39	1.00389
110	42	1.00321
110	46	0.986954
110	69	1.04227
110	75	1.62692
110	80	0.994624
110	82	0.999741
110	85	0.983474
110	98	1.00389
110	101	0.761218
110	124	0.965216
110	136	1.13533
110	140	0.994284
110	146	0.989952
110	147	1.01287
110	148	0.949283
110	149	0.985846
110	153	0.994987
110	158	0.974178
110	160	0.997569
110	169	0.892588
110	172	0.843781
110	179	2.13699
111	52	0.976736
111	56	0.982589
111	77	1.03316
111	91	0.792152
111	96	1.03954
111	99	0.954017
111	100	0.958665
111	102	1.01699
111	103	0.991662
111	109	0.969086
111	114	0.959932
111	118	1.50519
111	120	1.00008
111	124	0.973691
111	127	0.980136
111	129	0.899011
111	138	0.989325
111	144	0.975869
111	146	0.998427
111	147	1.02134
111	153	1.00346
111	154	1.35335
111	158	0.982653
111	160	1.00604
111	170	1.61691
111	172	0.852256
111	175	1.96245
112	63	0.904851
112	67	1.10574
112	81	1.07575
112	106	0.804454
112	114	1.22284
112	115	1.00921
112	121	1.01751
112	135	1.02637
112	142	1.01408
112	143	0.989961
112	151	0.980048
112	156	0.954398
112	157	0.93333
112	160	0.873085
112	162	0.94843
112	164	1.00221
112	166	0.953042
112	167	0.964501
112	168	0.969241
112	170	0.967282
112	172	0.880934
112	174	0.93436
112	175	0.961368
112	176	1.0115
112	177	0.929413
112	178	0.948483
112	179	0.961583
112	180	0.917725
113	25	1.50984
113	55	0.565009
113	74	1.02719
113	89	1.47543
113	91	1.00574
113	98	0.96933
113	106	1.08039
113	118	0.973798
113	121	1.01667
113	132	1.0047
113	133	0.974537
113	141	1.01758
113	143	0.989121
113	151	0.979208
113	156	0.953558
113	159	0.954793
113	164	1.00137
113	167	0.963661
113	168	0.968401
113	171	0.948237
113	173	0.950665
113	174	0.93352
113	175	0.960528
113	176	1.01066
113	177	0.928573
113	178	0.947643
113	179	0.960743
113	180	0.916885
114	30	1.01578
114	37	1.00026
114	45	1.4687
114	61	1.03847
114	74	1.15897
114	83	0.994725
114	97	0.95387
114	100	0.931584
114	106	0.9664
114	111	0.959932
114	112	1.22284
114	119	0.960509
114	120	0.972998
114	124	0.94661
114	127	0.953055
114	128	0.997806
114	130	0.95303
114	138	0.962244
114	140	1.27616
114	144	0.948788
114	146	0.971346
114	147	0.99426
114	149	0.96724
114	152	0.966904
114	153	0.976381
114	158	0.955572
114	160	0.978963
114	163	1.15176
115	3	1.00878
115	30	1.56058
115	68	0.854043
115	104	0.990056
115	106	1.39413
115	112	1.00921
115	124	0.997192
115	126	0.955927
115	132	0.970379
115	135	0.991212
115	139	0.963051
115	143	0.954803
115	151	0.94489
115	157	0.898172
115	159	0.920475
115	163	0.992615
115	166	0.917884
115	167	0.929344
115	168	0.934084
115	171	0.913919
115	173	0.916348
115	174	0.899203
115	175	0.926211
115	176	0.976342
115	178	0.913326
115	179	0.926425
115	180	0.882568
116	16	0.701612
116	18	1.10272
116	22	0.956702
116	30	1.05116
116	33	1.21828
116	35	1.03175
116	38	1.0305
116	47	1.01046
116	50	0.989499
116	57	1.04928
116	81	1.52811
116	97	0.98925
116	130	0.98841
116	134	0.98637
116	147	1.02964
116	149	1.00262
116	150	0.988513
116	155	0.934769
116	156	0.93402
116	158	0.990952
116	160	1.01434
116	169	0.909362
116	174	0.913982
116	175	0.940989
116	177	0.909035
116	178	0.928105
116	179	0.941204
116	180	0.897346
117	16	0.940367
117	20	0.840934
117	45	0.878969
117	59	2.78623
117	63	0.938384
117	72	0.84956
117	76	0.849256
117	78	0.906197
117	81	0.906074
117	82	2.81377
117	102	0.910963
117	120	0.894055
117	129	0.792987
117	144	0.869845
117	145	0.798809
117	149	0.888297
117	152	0.887961
117	153	0.897438
117	158	0.876629
117	160	0.90002
117	162	0.813728
117	167	0.829799
117	168	0.834539
117	170	0.83258
117	175	0.826666
117	177	0.794711
117	179	0.826881
117	180	0.783023
118	56	1.93487
118	65	1.05503
118	73	0.967472
118	74	0.958298
118	87	1.01351
118	96	1.34013
118	103	1.41981
118	111	1.50519
118	113	0.973798
118	122	0.947443
118	135	0.956638
118	151	0.910317
118	154	0.941979
118	156	0.884667
118	157	0.863599
118	162	0.878699
118	163	0.958042
118	164	0.932482
118	165	0.920296
118	166	0.883311
118	167	0.89477
118	168	0.89951
118	171	0.879346
118	173	0.881774
118	174	0.864629
118	175	0.891637
118	176	0.941769
118	177	0.859682
118	178	0.878752
118	179	0.891852
118	180	0.847994
119	14	1.94677
119	52	0.977314
119	55	1.05707
119	65	0.105009
119	77	1.03374
119	83	1.02238
119	97	0.981528
119	99	0.954595
119	102	1.01756
119	103	0.99224
119	106	0.994059
119	114	0.960509
119	120	1.00066
119	122	0.89473
119	124	0.974269
119	127	0.980713
119	128	1.02546
119	130	0.980688
119	132	1.2107
119	134	0.978648
119	138	0.989903
119	144	0.976447
119	146	0.999004
119	147	1.02192
119	149	0.994899
119	153	1.00404
119	158	0.98323
119	160	1.00662
119	165	1.26597
119	172	0.852834
119	177	2.65484
120	37	1.04041
120	56	0.995656
120	77	1.04623
120	90	0.807388
120	97	0.994017
120	99	0.967084
120	100	0.971732
120	103	1.00473
120	111	1.00008
120	114	0.972998
120	117	0.894055
120	119	1.00066
120	121	1.11181
120	123	1.26729
120	124	0.986758
120	127	0.993202
120	128	1.03795
120	129	0.912078
120	130	0.993177
120	131	1.66215
120	138	1.00239
120	144	0.988936
120	146	1.01149
120	147	1.03441
120	149	1.00739
120	153	1.01653
120	157	2.31119
120	158	0.99572
120	160	1.01911
120	164	1.14833
120	172	0.865323
121	7	1.58168
121	68	0.862339
121	107	0.985859
121	112	1.01751
121	113	1.01667
121	120	1.11181
121	126	0.964223
121	132	0.978675
121	135	0.999508
121	138	0.74892
121	141	0.991563
121	142	0.987215
121	144	0.739742
121	155	0.928286
121	158	0.475172
121	159	0.928771
121	161	0.990348
121	162	0.921569
121	163	1.00091
121	164	0.975352
121	165	0.963165
121	167	0.93764
121	170	0.940421
121	171	0.922215
121	173	0.924644
121	174	0.907499
121	176	0.984638
121	177	0.902552
121	178	0.921622
121	179	0.934721
121	180	0.890863
122	39	0.779848
122	87	1.05604
122	90	1.03932
122	118	0.947443
122	119	0.89473
122	123	0.977045
122	131	0.959917
122	132	0.978342
122	137	0.968825
122	143	0.962766
122	146	1.11343
122	152	1.05581
122	153	1.12225
122	154	0.984515
122	155	0.927953
122	157	0.906135
122	159	0.928438
122	161	0.990015
122	162	0.921235
122	163	1.00058
122	166	0.925847
122	168	0.942047
122	170	0.940088
122	171	0.921882
122	173	0.924311
122	175	0.934173
122	176	0.984305
122	177	0.902218
122	178	0.921289
122	179	0.934388
122	180	0.89053
123	60	0.892404
123	65	1.08464
123	73	0.997074
123	94	1.00605
123	98	0.950348
123	120	1.26729
123	122	0.977045
123	136	0.997379
123	139	0.958079
123	141	0.978296
123	142	0.973948
123	143	0.949832
123	146	1.1702
123	151	0.939919
123	152	1.11258
123	154	0.971581
123	157	0.893201
123	161	0.97708
123	162	0.908301
123	163	0.987644
123	164	0.962084
123	165	0.949898
123	168	0.929112
123	170	0.927153
123	171	0.908948
123	175	0.921239
123	176	0.971371
123	177	0.889284
123	178	0.908355
123	179	0.921454
123	180	0.877596
124	52	0.963415
124	56	0.969267
124	61	1.05223
124	77	1.01984
124	83	1.00848
124	96	1.02621
124	97	0.967629
124	99	0.940696
124	103	0.978341
124	106	0.98016
124	108	0.521794
124	109	0.955765
124	110	0.965216
124	111	0.973691
124	114	0.94661
124	115	0.997192
124	119	0.974269
124	120	0.986758
124	128	1.01157
124	138	0.976004
124	144	0.962548
124	146	0.985105
124	147	1.00802
124	149	0.981
124	152	0.980663
124	153	0.99014
124	157	1.70838
124	158	0.969331
124	160	0.992723
124	166	1.69217
124	174	1.76502
124	175	1.46879
125	12	0.932764
125	16	1.05691
125	19	0.960252
125	20	0.957479
125	29	0.993158
125	30	1.01712
125	32	1.03914
125	35	1.03397
125	38	1.03272
125	43	1.03669
125	47	1.01268
125	50	0.991721
125	63	1.05493
125	72	0.966106
125	76	0.965801
125	78	1.02274
125	81	1.02262
125	95	1.03144
125	107	0.994564
125	126	0.972928
125	144	0.684483
125	146	0.959455
125	147	0.291245
125	150	0.990735
125	157	0.915173
125	164	0.984057
125	168	0.951085
125	169	0.911584
125	170	0.949126
125	176	0.993343
125	178	0.930327
125	180	0.899568
126	13	1.4127
126	18	1.33958
126	33	1.45514
126	115	0.955927
126	121	0.964223
126	125	0.972928
126	130	1.56647
126	141	0.96514
126	143	0.936677
126	154	0.958425
126	156	0.901114
126	157	0.880045
126	159	0.902348
126	162	0.895146
126	163	0.974488
126	164	0.948929
126	165	0.936742
126	166	0.899757
126	167	0.911217
126	168	0.915957
126	169	0.876456
126	170	0.913998
126	171	0.895792
126	172	0.82765
126	173	0.898221
126	174	0.881076
126	175	0.908084
126	176	0.958215
126	178	0.895199
126	179	0.908298
126	180	0.864441
127	49	1.26396
127	52	0.969859
127	55	1.04961
127	56	0.975712
127	70	0.869569
127	83	1.01493
127	96	1.03266
127	97	0.974074
127	99	0.94714
127	100	0.951788
127	102	1.01011
127	103	0.984785
127	106	0.986604
127	109	0.962209
127	111	0.980136
127	114	0.953055
127	119	0.980713
127	120	0.993202
127	128	1.01801
127	132	1.36553
127	134	0.971193
127	138	0.982448
127	146	0.99155
127	147	1.01446
127	149	0.987444
127	153	0.996585
127	154	1.30154
127	158	0.975776
127	160	0.999167
127	165	1.4208
127	174	2.20687
127	176	1.06431
128	52	1.01461
128	61	1.10343
128	83	1.05968
128	84	1.02071
128	99	0.991892
128	100	0.99654
128	103	1.02954
128	106	1.03136
128	109	1.00696
128	114	0.997806
128	119	1.02546
128	120	1.03795
128	124	1.01157
128	127	1.01801
128	130	1.01798
128	134	1.01594
128	138	1.0272
128	144	1.01374
128	146	1.0363
128	147	1.05922
128	149	1.0322
128	152	1.03186
128	153	1.04134
128	158	1.02053
128	160	1.04392
128	161	0.786643
128	168	1.13167
128	172	0.890131
128	173	1.56783
128	176	0.813469
128	177	2.09802
128	180	2.48336
129	2	0.989045
129	7	0.876327
129	24	0.864399
129	34	0.927963
129	44	0.90619
129	46	1.94403
129	59	0.897256
129	66	0.96304
129	69	2.01675
129	79	2.63922
129	111	0.899011
129	117	0.792987
129	120	0.912078
129	130	0.892109
129	138	0.901324
129	147	0.93334
129	148	0.869756
129	150	0.892212
129	152	0.905983
129	153	0.91546
129	158	0.894651
129	160	0.918043
129	164	0.885534
129	166	0.836362
129	167	0.847822
129	170	0.850603
129	171	0.832397
129	174	0.817681
129	175	0.844689
129	177	0.812734
129	178	0.831804
129	179	0.844903
129	180	0.801045
130	17	0.393333
130	30	1.03596
130	55	1.04959
130	68	0.85362
130	77	1.02626
130	96	1.03263
130	97	0.974048
130	99	0.947115
130	100	0.951763
130	103	0.98476
130	104	0.885812
130	106	0.986579
130	109	0.962184
130	114	0.95303
130	116	0.98841
130	119	0.980688
130	120	0.993177
130	126	1.56647
130	128	1.01798
130	129	0.892109
130	134	0.971168
130	135	0.974499
130	138	0.982423
130	144	0.968967
130	146	0.991525
130	147	1.01444
130	149	0.987419
130	153	0.996559
130	158	0.975751
130	160	0.999142
130	172	0.845354
130	175	1.93853
130	178	2.27813
131	1	1.05382
131	5	0.824699
131	6	0.939897
131	13	0.935005
131	25	0.924251
131	28	1.02922
131	29	1.04607
131	31	0.936409
131	44	1.28714
131	46	0.96685
131	48	0.971168
131	64	0.946757
131	69	1.02216
131	79	0.925835
131	80	0.974519
131	89	0.966181
131	93	0.964757
131	96	1.38794
131	98	0.983789
131	120	1.66215
131	122	0.959917
131	145	0.876253
131	150	1.13125
131	165	0.932769
131	166	0.895784
131	168	0.911984
131	171	0.891819
131	172	0.823677
131	173	0.894248
131	174	0.877103
131	175	0.904111
131	177	0.872156
131	179	0.904325
131	180	0.860468
132	4	0.821355
132	19	1.87046
132	54	0.952343
132	103	1.33196
132	108	1.05714
132	113	1.0047
132	115	0.970379
132	119	1.2107
132	121	0.978675
132	122	0.978342
132	127	1.36553
132	135	0.987537
132	139	0.959376
132	140	0.986836
132	143	0.951129
132	155	0.916315
132	156	0.915566
132	157	0.894497
132	162	0.909598
132	163	0.98894
132	164	0.963381
132	166	0.914209
132	168	0.930409
132	169	0.890908
132	171	0.910244
132	173	0.912673
132	174	0.895528
132	175	0.922536
132	176	0.972667
132	177	0.890581
132	178	0.909651
132	179	0.922751
132	180	0.878893
133	2	0.600449
133	10	2.38277
133	34	1.26731
133	40	1.03532
133	51	0.926716
133	100	2.14948
133	104	0.956221
133	107	0.943728
133	113	0.974537
133	137	0.927028
133	139	0.929216
133	141	0.949433
133	142	0.945085
133	151	0.911056
133	154	0.942718
133	155	0.886155
133	156	0.885406
133	159	0.886641
133	162	0.879438
133	164	0.933221
133	166	0.88405
133	167	0.895509
133	168	0.900249
133	170	0.89829
133	171	0.880085
133	173	0.882513
133	175	0.892376
133	176	0.942508
133	177	0.860421
133	178	0.879492
133	179	0.892591
133	180	0.848733
134	19	0.940789
134	22	0.939461
134	29	1.44951
134	31	1.70204
134	32	1.01967
134	35	1.01451
134	43	1.01723
134	47	0.993217
134	50	0.972258
134	58	1.35291
134	59	0.580153
134	69	0.683603
134	80	1.23179
134	109	0.960144
134	116	0.98637
134	119	0.978648
134	127	0.971193
134	128	1.01594
134	130	0.971168
134	144	0.966927
134	147	1.0124
134	150	0.971272
134	151	0.942428
134	154	0.974089
134	158	0.973711
134	160	0.997102
134	161	0.979589
134	164	0.964593
134	166	0.915421
134	168	0.931621
134	169	0.89212
134	176	0.973879
134	177	0.891793
134	178	0.910863
134	180	0.880105
135	32	0.952298
135	84	1.01293
135	86	0.987373
135	88	1.06139
135	100	1.42792
