1	106	0.853342
1	122	1.09697
1	126	0.880394
1	133	0.931261
1	144	0.932996
1	152	1.01513
1	157	0.96684
1	167	0.92312
1	171	0.867372
1	177	0.848002
1	179	0.863925
1	180	0.881364
2	20	0.941431
2	33	0.913494
2	35	0.957571
2	54	0.883928
2	71	0.926484
2	78	0.993025
2	104	0.966577
2	132	0.933081
2	138	1.33602
2	164	0.903457
2	172	1.5502
2	175	1.67279
3	17	1.05543
3	44	1.02802
3	50	1.0026
3	51	0.996394
3	65	1.0381
3	68	1.03856
3	141	1.11855
3	143	0.999241
3	152	1.11282
3	153	1.12367
3	157	1.27093
3	165	1.47729
4	26	0.942098
4	31	0.941534
4	77	0.896039
4	86	0.881172
4	92	0.929527
4	95	0.983547
4	103	0.962123
4	108	0.937095
4	110	1.85689
4	133	0.934064
4	138	1.23413
4	172	1.4483
5	23	0.937666
5	38	0.905717
5	43	0.907488
5	52	0.875863
5	69	0.914739
5	75	1.01646
5	81	0.978921
5	123	0.922987
5	133	0.927965
5	143	1.19269
5	167	1.78731
5	170	1.58075
6	19	1.09277
6	41	1.03305
6	46	1.03087
6	48	1.12106
6	58	0.986189
6	82	1.03844
6	90	1.09299
6	110	1.36161
6	138	0.738848
6	139	1.51988
6	148	1.04173
6	155	1.24705
7	17	1.06615
7	18	0.968988
7	44	1.03874
7	51	1.00712
7	65	1.04882
7	68	1.04928
7	104	1.1023
7	128	1.05091
7	142	1.02584
7	153	1.13439
7	155	1.37518
7	167	1.44088
8	84	1.10588
8	101	1.03049
8	111	1.02247
8	112	1.47016
8	119	0.910506
8	125	1.08725
8	127	1.11043
8	146	0.979583
8	162	1.05747
8	164	1.04789
8	172	1.02251
8	178	1.45441
9	24	0.956979
9	39	1.03238
9	53	0.98561
9	79	0.906831
9	89	1.44094
9	94	1.37647
9	99	0.88482
9	102	0.886412
9	113	0.931935
9	114	0.978979
9	168	0.846968
9	178	1.71697
10	34	0.611255
10	56	0.451906
10	113	0.667964
10	128	1.13637
10	147	1.09882
10	156	1.05111
10	162	0.536577
10	168	1.06447
10	177	0.990724
10	178	1.02806
10	179	1.00665
10	180	1.02409
11	59	0.793914
11	110	0.937478
11	116	1.1661
11	130	1.09053
11	153	0.670922
11	154	1.00963
11	174	0.895938
11	175	0.947118
11	176	0.887618
11	177	0.85747
11	179	0.873393
11	180	0.890833
12	31	1.06242
12	42	1.02065
12	67	1.02798
12	77	1.01692
12	92	1.05041
12	95	1.10443
12	98	1.07386
12	108	1.05798
12	137	0.917517
12	151	0.958235
12	156	1.42351
12	159	1.58768
13	21	1.05569
13	23	1.04836
13	38	1.01641
13	52	0.986559
13	69	1.02543
13	75	1.12715
13	81	1.08962
13	93	0.846186
13	123	1.03368
13	140	1.58357
13	165	1.20077
13	168	1.22889
14	21	0.942759
14	23	0.935428
14	38	0.903479
14	43	0.90525
14	52	0.873625
14	69	0.912501
14	75	1.01422
14	81	0.976683
14	85	1.50198
14	133	0.925727
14	136	1.45317
14	158	1.61073
15	24	0.997542
15	63	1.00299
15	72	0.953484
15	79	0.947394
15	99	0.925384
15	113	0.972498
15	114	1.01954
15	150	1.17234
15	165	1.43054
15	168	0.887531
15	178	1.64321
16	49	1.09943
16	57	0.885604
16	87	0.971626
16	109	0.940313
16	116	0.924243
16	131	0.942359
16	135	1.62198
16	141	0.99252
16	153	0.99764
16	162	0.904812
16	166	0.831687
16	175	1.81243
17	3	1.05543
17	7	1.06615
17	18	0.906599
17	30	1.02596
17	50	0.95093
17	65	0.986433
17	68	0.986891
17	123	1.26161
17	130	1.06082
17	141	1.06689
17	153	1.07201
17	158	1.22753
17	161	1.62699
18	7	0.968988
18	17	0.906599
18	30	0.928793
18	44	0.879186
18	50	0.853764
18	51	0.847563
18	65	0.889267
18	68	0.889726
18	94	1.73
18	141	0.96972
18	150	1.59964
18	152	1.49335
18	153	0.97484
19	6	1.09277
19	29	1.03681
19	46	0.973514
19	58	0.928829
19	60	0.805872
19	74	1.00643
19	80	1.07253
19	82	0.981077
19	89	1.60571
19	90	1.03563
19	147	1.4793
19	148	0.984371
19	158	1.24873
20	2	0.941431
20	27	1.02335
20	54	0.968258
20	71	1.01081
20	78	1.07736
20	104	1.05091
20	129	1.02916
20	132	1.01741
20	134	1.1526
20	136	0.987539
20	150	1.30723
20	156	1.71434
20	164	0.987788
21	13	1.05569
21	14	0.942759
21	69	1.0135
21	81	1.07769
21	91	0.841262
21	117	1.00267
21	131	1.03672
21	133	1.02673
21	160	1.04558
21	162	0.999176
21	166	0.926051
21	171	1.72823
21	174	1.56843
22	28	1.02208
22	40	0.903346
22	57	0.974459
22	59	1.04544
22	62	1.03023
22	87	1.06048
22	121	1.04295
22	131	1.03121
22	145	1.28457
22	162	0.993667
22	165	1.54139
22	166	0.920542
22	170	1.4514
23	5	0.937666
23	13	1.04836
23	14	0.935428
23	43	0.998922
23	52	0.967297
23	61	1.13209
23	69	1.00617
23	75	1.10789
23	81	1.07035
23	133	1.0194
23	149	1.36713
23	151	1.17758
23	165	1.49394
24	9	0.956979
24	15	0.997542
24	56	1.0897
24	73	1.00803
24	83	0.982574
24	99	0.988772
24	113	1.03589
24	114	1.08293
24	120	1.16321
24	130	1.05849
24	143	1.16748
24	167	1.76211
24	168	0.950919
25	33	0.889513
25	35	0.93359
25	54	0.859947
25	71	0.902502
25	78	0.969044
25	104	0.942596
25	116	0.901295
25	129	0.920847
25	132	0.9091
25	140	1.86863
25	160	1.31789
25	164	0.879476
25	178	1.69851
26	4	0.942098
26	67	0.990765
26	77	0.979707
26	86	0.96484
26	95	1.06721
26	98	1.03664
26	103	1.04579
26	108	1.02076
26	120	1.01158
26	126	1.04148
26	134	1.08107
26	157	1.28754
26	180	1.77205
27	20	1.02335
27	33	0.995417
27	54	0.965851
27	66	0.773998
27	71	1.00841
27	78	1.07495
27	116	1.0072
27	129	1.02675
27	132	1.015
27	155	1.50196
27	164	0.98538
27	173	1.56537
27	175	1.33053
28	22	1.02208
28	96	0.974802
28	117	0.986502
28	121	1.0323
28	131	1.02055
28	140	1.59128
28	141	1.07072
28	153	1.07584
28	161	1.18762
28	162	0.983007
28	166	0.909883
28	167	1.32506
28	170	1.1185
29	19	1.03681
29	41	0.977091
29	58	0.930227
29	64	1.10839
29	74	1.00783
29	82	0.982475
29	90	1.03703
29	129	1.03538
29	148	0.985769
29	158	0.89253
29	163	1.21405
29	166	1.49619
29	180	1.59101
30	17	1.02596
30	18	0.928793
30	44	0.998546
30	50	0.973124
30	51	0.966923
30	65	1.00863
30	68	1.00909
30	141	1.08908
30	147	0.914742
30	153	1.0942
30	165	1.1045
30	171	1.6192
30	179	1.57418
31	4	0.941534
31	12	1.06242
31	61	1.08865
31	67	0.990201
31	86	0.964276
31	92	1.01263
31	98	1.03608
31	103	1.04523
31	108	1.0202
31	133	1.01717
31	143	0.972452
31	166	1.63384
31	168	1.47862
32	84	1.11888
32	85	0.792434
32	101	1.04349
32	107	1.12204
32	115	1.14364
32	125	1.10024
32	127	1.12342
32	135	1.0105
32	148	1.05983
32	154	1.02446
32	162	1.07046
32	169	1.43742
32	172	1.0355
32	178	1.53418
33	2	0.913494
33	25	0.889513
33	27	0.995417
33	35	1.01396
33	71	0.982876
33	78	1.04942
33	100	1.20359
33	104	1.02297
33	116	0.981669
33	132	0.989474
33	150	1.18401
33	159	1.75529
33	163	1.3434
33	164	0.95985
34	10	0.611255
34	105	1.10398
34	106	1.01776
34	111	0.929619
34	115	1.0378
34	124	1.00663
34	125	0.994399
34	142	1.12943
34	146	0.886731
34	150	0.938533
34	162	0.964616
34	166	1.61124
34	172	0.929656
34	176	1.84057
35	2	0.957571
35	25	0.93359
35	33	1.01396
35	54	0.984398
35	71	1.02695
35	78	1.0935
35	89	1.03843
35	129	1.0453
35	132	1.03355
35	164	1.00393
35	171	1.61649
35	175	0.981223
35	179	1.57146
36	45	0.633252
36	64	0.774652
36	92	0.684341
36	108	0.882432
36	138	1.11157
36	157	1.02046
36	161	0.998071
36	165	0.993928
36	170	1.00027
36	171	0.920996
36	175	0.991274
36	177	0.901626
36	179	0.917549
36	180	0.934989
37	41	0.953159
37	58	0.906295
37	77	0.961994
37	80	1.05
37	82	0.958542
37	85	1.22037
37	86	0.947127
37	97	1.12541
37	98	1.01893
37	103	1.02808
37	108	1.00305
37	138	1.29211
37	148	0.961836
37	155	1.80031
38	5	0.905717
38	13	1.01641
38	14	0.903479
38	40	1.18073
38	43	0.966973
38	52	0.935348
38	69	0.974224
38	75	1.07594
38	76	1.21333
38	81	1.03841
38	97	1.19474
38	123	0.982472
38	133	0.98745
38	165	1.81877
39	9	1.03238
39	53	1.16496
39	72	1.09227
39	73	1.08343
39	83	1.05798
39	99	1.06417
39	113	1.11129
39	114	1.15833
39	138	0.629253
39	140	1.46937
39	165	1.08658
39	167	1.20315
39	168	1.02632
39	174	1.44148
40	22	0.903346
40	38	1.18073
40	58	0.731768
40	156	0.990379
40	160	1.04554
40	162	0.715186
40	167	1.00511
40	171	0.949366
40	174	0.968463
40	175	1.01964
40	177	0.929996
40	178	0.967331
40	179	0.945919
40	180	0.963358
41	6	1.03305
41	29	0.977091
41	37	0.953159
41	48	1.00398
41	64	1.04727
41	74	0.946715
41	80	1.01281
41	82	0.921361
41	90	0.975912
41	142	1.04853
41	148	0.924655
41	156	1.49591
41	171	1.8617
41	172	1.10385
42	12	1.02065
42	77	0.93738
42	86	0.922513
42	92	0.970867
42	95	1.02489
42	98	0.994316
42	102	0.930454
42	103	1.00346
42	108	0.978436
42	126	0.99915
42	142	1.07941
42	155	1.42876
42	160	1.20994
42	176	1.79054
43	5	0.907488
43	14	0.90525
43	23	0.998922
43	38	0.966973
43	52	0.937119
43	69	0.975995
43	75	1.07771
43	81	1.04018
43	123	0.984243
43	133	0.989221
43	154	1.23296
43	157	1.32364
43	172	1.28686
43	173	1.64429
44	3	1.02802
44	7	1.03874
44	18	0.879186
44	30	0.998546
44	50	0.923517
44	51	0.917316
44	65	0.95902
44	68	0.959478
44	138	1.12902
44	141	1.03947
44	144	1.63264
44	145	1.32954
44	147	1.39659
44	153	1.04459
45	36	0.633252
45	88	1.04427
45	96	1.06724
45	109	1.11095
45	117	1.07894
45	121	1.12474
45	131	1.113
45	143	0.815355
45	146	1.50512
45	153	1.16828
45	162	1.07545
45	164	1.09955
45	166	1.00233
45	167	1.40998
46	6	1.03087
46	19	0.973514
46	48	1.0018
46	64	1.0451
46	74	0.944535
46	80	1.01064
46	82	0.919181
46	90	0.973733
46	129	0.972086
46	136	0.783713
46	148	0.922475
46	156	1.51052
46	160	1.19366
46	177	2.01763
47	76	0.960233
47	87	0.996394
47	88	0.898404
47	96	0.921375
47	109	0.965081
47	117	0.933074
47	121	0.978868
47	131	0.967127
47	141	1.01729
47	152	1.20119
47	153	1.02241
47	156	1.71458
47	159	1.87876
47	162	0.92958
47	166	0.856455
48	6	1.12106
48	41	1.00398
48	46	1.0018
48	49	0.768873
48	58	0.957116
48	64	1.13528
48	74	1.03472
48	80	1.10082
48	90	1.06392
48	129	1.06227
48	145	1.34562
48	148	1.01266
48	150	1.34424
48	158	1.1821
48	160	1.43448
49	16	1.09943
49	48	0.768873
49	73	0.644478
49	84	0.608695
49	126	0.457192
49	160	1.11503
49	161	1.09593
49	169	1.06544
49	171	1.01886
49	173	1.06472
49	174	1.03795
49	177	0.999487
49	178	1.03682
49	179	1.01541
49	180	1.03285
50	3	1.0026
50	17	0.95093
50	18	0.853764
50	30	0.973124
50	44	0.923517
50	51	0.891894
50	65	0.933598
50	68	0.934057
50	100	1.12778
50	104	0.987075
50	141	1.01405
50	153	1.01917
50	172	1.12324
50	174	1.7213
50	179	1.83607
51	3	0.996394
51	7	1.00712
51	18	0.847563
51	30	0.966923
51	44	0.917316
51	50	0.891894
51	65	0.927397
51	68	0.927855
51	104	0.980873
51	110	1.62877
51	141	1.00785
51	145	1.20652
51	153	1.01297
51	160	1.29539
51	166	1.64667
52	5	0.875863
52	13	0.986559
52	14	0.873625
52	23	0.967297
52	38	0.935348
52	43	0.937119
52	69	0.94437
52	75	1.04609
52	81	1.00855
52	123	0.952619
52	128	1.17375
52	133	0.957596
52	156	1.59605
52	170	1.35715
52	178	1.65981
53	9	0.98561
53	39	1.16496
53	73	1.03666
53	83	1.0112
53	91	0.991361
53	99	1.0174
53	102	1.01899
53	113	1.06452
53	114	1.11156
53	126	1.08769
53	144	1.40991
53	147	1.17386
53	149	1.2368
53	168	0.97955
53	170	1.27363
54	2	0.883928
54	20	0.968258
54	25	0.859947
54	27	0.965851
54	35	0.984398
54	60	1.03447
54	71	0.953311
54	78	1.01985
54	104	0.993405
54	129	0.971655
54	130	1.31062
54	132	0.959908
54	160	1.72971
54	164	0.930285
54	172	1.65451
55	101	0.911591
55	106	0.991713
55	107	0.990148
55	111	0.90357
55	115	1.01175
55	124	0.980581
55	125	0.968349
55	127	0.991529
55	147	1.21245
55	148	0.927938
55	161	1.38134
55	162	0.938567
55	170	1.31222
55	171	1.91691
55	172	0.903607
56	10	0.451906
56	24	1.0897
56	72	1.04564
56	73	1.03681
56	79	1.03955
56	83	1.01135
56	99	1.01754
56	113	1.06466
56	114	1.1117
56	126	1.08783
56	163	1.16975
56	166	1.45189
56	168	0.979692
56	170	1.17857
56	180	1.5467
57	16	0.885604
57	22	0.974459
57	59	0.987157
57	87	1.0022
57	88	0.904207
57	91	1.35465
57	109	0.970884
57	121	0.984671
57	131	0.97293
57	141	1.02309
57	158	1.30658
57	162	0.935383
57	166	0.862258
57	172	1.48376
57	175	1.60635
58	6	0.986189
58	19	0.928829
58	29	0.930227
58	37	0.906295
58	40	0.731768
58	48	0.957116
58	64	1.00041
58	74	0.899851
58	80	0.965951
58	82	0.874497
58	90	0.929048
58	129	0.927402
58	148	0.877791
58	175	1.24925
58	176	1.78247
58	177	2.02584
59	11	0.793914
59	22	1.04544
59	57	0.987157
59	62	1.04293
59	87	1.07318
59	88	0.975189
59	96	0.99816
59	109	1.04187
59	121	1.05565
59	131	1.04391
59	162	1.00636
59	166	0.93324
59	167	1.31833
59	169	1.31766
59	170	1.11176
59	174	1.55666
60	19	0.805872
60	54	1.03447
60	62	0.730942
60	108	0.679397
60	113	0.621423
60	147	1.05396
60	151	1.11552
60	154	1.09802
60	166	1.00332
60	170	1.0445
60	171	0.965228
60	175	1.03551
60	177	0.945858
60	178	0.983193
60	179	0.961781
60	180	0.979221
61	23	1.13209
61	31	1.08865
61	95	0.860397
61	132	1.06432
61	142	1.02686
61	159	0.920987
61	167	0.948543
61	169	0.939374
61	170	0.972068
61	171	0.892795
61	173	0.938663
61	175	0.963073
61	177	0.873425
61	178	0.91076
61	179	0.889349
61	180	0.906788
62	22	1.03023
62	59	1.04293
62	60	0.730942
62	93	0.998979
62	96	0.982949
62	109	1.02666
62	117	0.994649
62	120	1.11181
62	131	1.0287
62	141	1.07886
62	143	1.11608
62	153	1.08398
62	162	0.991154
62	166	0.918029
62	168	1.62225
62	175	1.47357
63	15	1.00299
63	72	1.02232
63	73	1.01348
63	79	1.01623
63	83	0.988022
63	97	0.851207
63	99	0.99422
63	102	0.995812
63	113	1.04133
63	114	1.08838
63	126	1.06451
63	146	1.68695
63	150	1.21704
63	160	1.30729
63	164	1.28138
63	168	0.956368
64	29	1.10839
64	36	0.774652
64	41	1.04727
64	46	1.0451
64	48	1.13528
64	58	1.00041
64	74	1.07801
64	80	1.14411
64	82	1.05266
64	90	1.10721
64	112	1.66322
64	119	1.10357
64	129	1.10556
64	143	0.956755
64	148	1.05595
64	151	1.11845
64	152	1.07033
65	3	1.0381
65	7	1.04882
65	17	0.986433
65	18	0.889267
65	30	1.00863
65	44	0.95902
65	50	0.933598
65	51	0.927397
65	68	0.96956
65	104	1.02258
65	135	1.19622
65	136	0.929339
65	141	1.04955
65	153	1.05467
65	154	1.21019
65	163	1.40842
65	179	1.97691
66	27	0.773998
66	102	0.829884
66	111	0.848602
66	120	1.08699
66	122	1.14991
66	132	0.749083
66	141	0.619368
66	142	1.05439
66	144	0.985942
66	155	0.980812
66	157	1.01979
66	161	0.997393
66	174	0.939415
66	177	0.900947
66	178	0.938283
66	179	0.916871
66	180	0.93431
67	12	1.02798
67	26	0.990765
67	31	0.990201
67	77	0.944706
67	86	0.929839
67	92	0.978194
67	95	1.03221
67	98	1.00164
67	103	1.01079
67	108	0.985762
67	126	1.00648
67	133	0.982731
67	140	1.73885
67	143	0.877998
67	154	1.05901
67	169	1.47196
67	178	1.56872
68	3	1.03856
68	7	1.04928
68	17	0.986891
68	18	0.889726
68	30	1.00909
68	44	0.959478
68	50	0.934057
68	51	0.927855
68	65	0.96956
68	93	1.21357
68	104	1.02304
68	128	1.29476
68	134	1.15532
68	141	1.05001
68	153	1.05513
68	164	1.3743
68	168	1.59627
69	5	0.914739
69	13	1.02543
69	14	0.912501
69	21	1.0135
69	23	1.00617
69	38	0.974224
69	43	0.975995
69	52	0.94437
69	75	1.08496
69	81	1.04743
69	123	0.991494
69	133	0.996472
69	152	1.07928
69	155	1.49463
69	161	1.42288
69	164	1.2499
69	165	1.44376
70	73	0.82027
70	96	0.926351
70	105	0.488387
70	124	0.713876
70	130	1.14609
70	138	1.12298
70	141	0.638695
70	144	0.998023
70	161	1.00947
70	168	0.986774
70	171	0.932399
70	174	0.951497
70	175	1.00268
70	177	0.913029
70	178	0.950364
70	179	0.928952
70	180	0.946392
71	2	0.926484
71	20	1.01081
71	25	0.902502
71	27	1.00841
71	33	0.982876
71	35	1.02695
71	54	0.953311
71	78	1.06241
71	104	1.03596
71	116	0.994659
71	129	1.01421
71	149	1.30493
71	152	1.06727
71	154	1.1347
71	164	0.97284
71	175	1.31118
71	179	1.90142
72	15	0.953484
72	39	1.09227
72	56	1.04564
72	63	1.02232
72	73	0.963975
72	79	0.966724
72	83	0.938516
72	99	0.944714
72	113	0.991828
72	114	1.03887
72	118	1.42701
72	126	1.015
72	143	0.683669
72	161	1.14085
72	168	0.906861
72	177	1.81775
72	179	1.6314
73	24	1.00803
73	39	1.08343
73	49	0.644478
73	53	1.03666
73	56	1.03681
73	63	1.01348
73	70	0.82027
73	72	0.963975
73	79	0.957885
73	83	0.929677
73	99	0.935875
73	113	0.98299
73	114	1.03003
73	118	1.74333
73	135	1.16702
73	166	1.66137
73	168	0.898023
74	19	1.00643
74	29	1.00783
74	41	0.946715
74	46	0.944535
74	48	1.03472
74	58	0.899851
74	64	1.07801
74	80	1.04355
74	82	0.952098
74	90	1.00665
74	129	1.005
74	130	1.08624
74	136	1.09539
74	137	1.3162
74	144	1.71957
74	148	0.955392
74	164	1.47943
75	5	1.01646
75	13	1.12715
75	14	1.01422
75	23	1.10789
75	38	1.07594
75	43	1.07771
75	52	1.04609
75	69	1.08496
75	81	1.14914
75	122	0.70169
75	123	1.09321
75	133	1.09819
75	142	0.952787
75	149	1.12444
75	158	0.830926
75	177	1.90729
75	180	1.5294
76	38	1.21333
76	47	0.960233
76	115	0.708915
76	116	0.968501
76	131	0.5957
76	139	0.974189
76	160	1.02338
76	161	1.00428
76	165	1.00014
76	170	1.00648
76	173	0.973076
76	174	0.946306
76	175	0.997487
76	176	0.937987
76	177	0.907839
76	178	0.945174
76	179	0.923762
76	180	0.941201
77	4	0.896039
77	12	1.01692
77	26	0.979707
77	37	0.961994
77	42	0.93738
77	67	0.944706
77	86	0.918781
77	92	0.967135
77	95	1.02116
77	98	0.990584
77	103	0.999731
77	108	0.974704
77	123	1.24885
77	130	1.04807
77	133	0.971673
77	135	1.3241
77	142	1.33664
77	176	2.04777
78	2	0.993025
78	20	1.07736
78	25	0.969044
78	27	1.07495
78	33	1.04942
78	35	1.0935
78	54	1.01985
78	71	1.06241
78	116	1.0612
78	129	1.08075
78	132	1.069
78	137	0.831349
78	147	0.998668
78	161	1.16755
78	164	1.03938
78	167	1.305
78	168	1.21655
78	177	1.84446
79	9	0.906831
79	15	0.947394
79	56	1.03955
79	63	1.01623
79	72	0.966724
79	73	0.957885
79	83	0.932425
79	99	0.938623
79	102	0.940215
79	112	1.59035
79	113	0.985738
79	114	1.03278
79	126	1.00891
79	145	1.10512
79	160	1.19399
79	168	0.900771
79	170	1.27195
79	171	1.87664
80	19	1.07253
80	37	1.05
80	41	1.01281
80	46	1.01064
80	48	1.10082
80	58	0.965951
80	64	1.14411
80	74	1.04355
80	82	1.0182
80	89	1.31492
80	90	1.07275
80	129	1.0711
80	137	1.0212
80	144	1.42456
80	148	1.02149
80	154	1.08123
80	160	1.21033
80	170	1.28829
81	5	0.978921
81	13	1.08962
81	14	0.976683
81	21	1.07769
81	23	1.07035
81	38	1.03841
81	43	1.04018
81	52	1.00855
81	69	1.04743
81	75	1.14914
81	123	1.05568
81	133	1.06065
81	136	0.687609
81	140	1.6483
81	146	1.47721
81	149	1.13868
81	161	1.24463
81	163	1.16669
82	6	1.03844
82	19	0.981077
82	29	0.982475
82	37	0.958542
82	41	0.921361
82	46	0.919181
82	58	0.874497
82	64	1.05266
82	74	0.952098
82	80	1.0182
82	90	0.981296
82	129	0.979649
82	137	0.952483
82	148	0.930038
82	159	1.62265
82	161	1.28869
82	163	1.21075
82	177	1.96559
83	24	0.982574
83	39	1.05798
83	53	1.0112
83	56	1.01135
83	63	0.988022
83	72	0.938516
83	73	0.929677
83	79	0.932425
83	99	0.910415
83	113	0.95753
83	114	1.00457
83	126	0.980702
83	135	0.981387
83	168	0.872563
83	173	1.40668
83	175	1.17184
83	176	1.70506
83	179	1.76208
84	8	1.10588
84	32	1.11888
84	49	0.608695
84	101	0.976028
84	107	1.05459
84	111	0.968007
84	115	1.07618
84	124	1.04502
84	125	1.03279
84	127	1.05597
84	130	0.855212
84	136	0.864362
84	146	0.925119
84	150	0.976921
84	161	1.42138
84	162	1.003
84	168	1.47037
84	172	0.968044
84	177	2.09828
85	14	1.50198
85	32	0.792434
85	37	1.22037
85	127	0.856857
85	131	0.672064
85	140	0.956957
85	147	0.99521
85	157	1.00595
85	159	0.934675
85	163	0.99614
85	167	0.962232
85	169	0.953062
85	173	0.952351
85	174	0.925581
85	175	0.976762
85	176	0.917262
85	177	0.887113
85	179	0.903037
85	180	0.920476
86	4	0.881172
86	26	0.96484
86	31	0.964276
86	37	0.947127
86	42	0.922513
86	67	0.929839
86	77	0.918781
86	92	0.952268
86	95	1.00629
86	98	0.975717
86	102	0.911855
86	103	0.984864
86	108	0.959837
86	133	0.956806
86	145	1.27407
86	150	1.27269
86	158	1.11056
86	166	1.71422
86	176	1.94355
87	16	0.971626
87	22	1.06048
87	47	0.996394
87	57	1.0022
87	59	1.07318
87	88	0.990229
87	96	1.0132
87	109	1.05691
87	117	1.0249
87	121	1.07069
87	122	0.88393
87	131	1.05895
87	150	1.1753
87	151	1.11714
87	154	1.13645
87	156	1.58241
87	162	1.0214
87	166	0.94828
87	180	1.71164
88	45	1.04427
88	47	0.898404
88	57	0.904207
88	59	0.975189
88	87	0.990229
88	96	0.91521
88	109	0.958916
88	116	0.942846
88	117	0.926909
88	121	0.972703
88	131	0.960962
88	134	1.27287
88	145	1.42888
88	150	1.4275
88	153	1.01624
88	162	0.923415
88	163	1.58689
88	166	0.85029
88	175	1.56514
89	9	1.44094
89	19	1.60571
89	35	1.03843
89	80	1.31492
89	101	0.908196
89	124	0.977187
89	125	0.964955
89	127	0.988135
89	144	0.889582
89	162	0.935173
89	165	0.896889
89	169	0.870536
89	172	0.900213
89	173	0.869825
89	175	0.894236
89	178	0.841923
89	179	0.820511
89	180	0.83795
90	6	1.09299
90	19	1.03563
90	29	1.03703
90	41	0.975912
90	46	0.973733
90	48	1.06392
90	58	0.929048
90	64	1.10721
90	74	1.00665
90	80	1.07275
90	82	0.981296
90	122	0.849108
90	129	1.0342
90	130	0.811634
90	134	0.985844
90	139	1.72238
90	148	0.98459
90	159	1.71176
90	169	1.51459
91	21	0.841262
91	53	0.991361
91	57	1.35465
91	96	1.21186
91	124	0.999381
91	139	0.936611
91	144	0.955255
91	149	1.00184
91	161	0.966706
91	167	0.945379
91	169	0.936209
91	172	0.965886
91	173	0.935498
91	174	0.908728
91	175	0.959909
91	176	0.900409
91	177	0.870261
91	178	0.907596
91	179	0.886184
91	180	0.903623
92	4	0.929527
92	12	1.05041
92	31	1.01263
92	36	0.684341
92	42	0.970867
92	67	0.978194
92	77	0.967135
92	86	0.952268
92	95	1.05464
92	98	1.02407
92	102	0.96021
92	103	1.03322
92	108	1.00819
92	126	1.0289
92	133	1.00516
92	147	1.15474
92	155	1.39537
92	157	1.13813
92	163	1.24569
92	177	2.00053
93	13	0.846186
93	62	0.998979
93	68	1.21357
93	109	0.997917
93	114	0.93582
93	117	0.96591
93	121	1.0117
93	124	1.01706
93	131	0.999963
93	132	1.07159
93	139	0.89818
93	153	1.05524
93	166	0.889291
93	169	0.897779
93	173	0.897068
93	175	0.921478
93	176	0.861978
93	178	0.869165
93	179	0.847753
93	180	0.865193
94	9	1.37647
94	18	1.73
94	99	1.42665
94	106	1.13586
94	150	0.908444
94	155	0.883807
94	156	0.864325
94	159	0.851504
94	160	0.919487
94	161	0.900388
94	169	0.869891
94	170	0.902586
94	171	0.823313
94	173	0.86918
94	174	0.84241
94	175	0.893591
94	176	0.834091
94	177	0.803942
94	178	0.841278
94	179	0.819866
94	180	0.837305
95	4	0.983547
95	12	1.10443
95	26	1.06721
95	42	1.02489
95	61	0.860397
95	67	1.03221
95	77	1.02116
95	86	1.00629
95	92	1.05464
95	98	1.07809
95	102	1.01423
95	103	1.08724
95	108	1.06221
95	126	1.08293
95	133	1.05918
95	136	0.644358
95	158	0.801919
95	169	1.33816
95	173	1.33653
95	174	1.57716
95	179	1.69193
96	28	0.974802
96	45	1.06724
96	47	0.921375
96	59	0.99816
96	62	0.982949
96	70	0.926351
96	87	1.0132
96	88	0.91521
96	91	1.21186
96	109	0.981886
96	117	0.94988
96	121	0.995673
96	122	1.03455
96	131	0.983933
96	137	1.22704
96	141	1.03409
96	153	1.03921
96	162	0.946385
96	163	1.48531
96	166	0.873261
96	169	1.70003
97	37	1.12541
97	38	1.19474
97	63	0.851207
97	124	0.747609
97	133	0.717585
97	147	1.01781
97	154	1.06187
97	155	0.989575
97	159	0.957272
97	160	1.02525
97	162	0.729195
97	163	1.01874
97	167	0.984829
97	169	0.975659
97	170	1.00835
97	171	0.929081
97	174	0.948178
97	176	0.939859
97	178	0.947046
97	179	0.925634
97	180	0.943073
98	12	1.07386
98	26	1.03664
98	31	1.03608
98	37	1.01893
98	42	0.994316
98	67	1.00164
98	77	0.990584
98	86	0.975717
98	92	1.02407
98	95	1.07809
98	102	0.983658
98	103	1.05667
98	108	1.03164
98	122	0.773236
98	126	1.05235
98	130	0.735761
98	133	1.02861
98	145	1.06599
98	172	1.07966
98	174	1.67771
98	177	1.97883
98	178	1.53547
99	9	0.88482
99	15	0.925384
99	24	0.988772
99	39	1.06417
99	53	1.0174
99	56	1.01754
99	63	0.99422
99	72	0.944714
99	73	0.935875
99	79	0.938623
99	83	0.910415
99	94	1.42665
99	102	0.918205
99	113	0.963728
99	114	1.01077
99	126	0.9869
99	152	1.19001
99	154	1.25744
99	157	1.34812
99	168	0.878761
99	172	1.31134
99	173	1.66877
100	33	1.20359
100	50	1.12778
100	101	1.32761
100	128	0.968651
100	143	1.04722
100	150	0.92751
100	151	0.992672
100	153	0.840144
100	156	0.883391
100	157	0.941846
100	160	0.938552
100	162	1.11461
100	165	0.91531
100	170	0.921651
100	171	0.842378
100	174	0.861475
100	175	0.912656
100	176	0.853156
100	177	0.823008
100	178	0.860343
100	179	0.838931
100	180	0.85637
101	8	1.03049
101	32	1.04349
101	55	0.911591
101	84	0.976028
101	89	0.908196
101	100	1.32761
101	105	1.06697
101	106	0.98076
101	107	0.979195
101	111	0.892616
101	115	1.00079
101	124	0.969628
101	125	0.957396
101	127	0.980576
101	138	1.1089
101	142	1.26776
101	150	0.90153
101	157	1.35986
101	162	0.927614
101	170	1.47624
101	172	0.892653
101	173	1.6805
102	9	0.886412
102	42	0.930454
102	53	1.01899
102	63	0.995812
102	66	0.829884
102	79	0.940215
102	86	0.911855
102	92	0.96021
102	95	1.01423
102	98	0.983658
102	99	0.918205
102	103	0.992806
102	108	0.967778
102	113	0.96532
102	114	1.01236
102	119	1.17574
102	126	0.988492
102	147	1.31722
102	157	1.30061
102	168	0.880353
102	169	1.62289
102	179	1.97665
103	4	0.962123
103	26	1.04579
103	31	1.04523
103	37	1.02808
103	42	1.00346
103	67	1.01079
103	77	0.999731
103	86	0.984864
103	92	1.03322
103	95	1.08724
103	98	1.05667
103	102	0.992806
103	108	1.04079
103	126	1.0615
103	133	1.03776
103	149	1.07749
103	158	0.783981
103	159	1.5174
103	168	1.23243
103	174	1.55922
103	175	1.08375
103	176	1.61697
104	2	0.966577
104	7	1.1023
104	20	1.05091
104	25	0.942596
104	33	1.02297
104	50	0.987075
104	51	0.980873
104	54	0.993405
104	65	1.02258
104	68	1.02304
104	71	1.03596
104	116	1.03475
104	135	0.995458
104	137	0.949392
104	141	1.10303
104	146	1.51818
104	153	1.10815
104	155	1.35734
104	158	0.886139
104	164	1.01293
104	166	1.4898
104	174	1.66138
105	34	1.10398
105	70	0.488387
105	101	1.06697
105	106	1.14709
105	111	1.05895
105	115	1.16713
105	123	0.759896
105	124	1.13596
105	125	1.12373
105	127	1.14691
105	132	1.12118
105	139	1.46986
105	146	1.01606
105	148	1.08332
105	150	1.06787
105	152	0.781673
105	161	1.12528
105	162	1.09395
105	167	1.26273
105	172	1.05899
105	176	1.55881
105	180	1.4243
106	1	0.853342
106	34	1.01776
106	55	0.991713
106	94	1.13586
106	101	0.98076
106	105	1.14709
106	107	1.05932
106	111	0.972739
106	115	1.08091
106	124	1.04975
106	125	1.03752
106	127	1.0607
106	128	0.990303
106	132	1.03497
106	148	0.997107
106	150	0.981652
106	151	0.947338
106	156	1.41261
106	162	1.00774
106	167	1.38027
106	172	0.972776
106	178	1.47637
107	32	1.12204
107	55	0.990148
107	84	1.05459
107	101	0.979195
107	106	1.05932
107	111	0.971174
107	115	1.07935
107	124	1.04819
107	125	1.03595
107	127	1.05913
107	132	1.03341
107	139	1.25667
107	148	0.995542
107	150	0.980088
107	162	1.00617
107	165	0.93296
107	166	1.11629
107	171	1.44766
107	172	0.971211
107	176	1.34562
107	177	1.58899
107	180	1.2111
108	4	0.937095
108	12	1.05798
108	26	1.02076
108	31	1.0202
108	36	0.882432
108	37	1.00305
108	42	0.978436
108	60	0.679397
108	67	0.985762
108	77	0.974704
108	86	0.959837
108	92	1.00819
108	95	1.06221
108	98	1.03164
108	102	0.967778
108	103	1.04079
108	123	1.15633
108	126	1.03647
108	128	1.26919
108	133	1.01273
108	170	1.4526
108	172	1.29944
108	178	1.75526
109	16	0.940313
109	45	1.11095
109	47	0.965081
109	57	0.970884
109	59	1.04187
109	62	1.02666
109	87	1.05691
109	88	0.958916
109	93	0.997917
109	96	0.981886
109	116	1.00952
109	117	0.993586
109	121	1.03938
109	134	0.98762
109	143	0.922398
109	152	1.03597
109	153	1.08292
109	157	1.19409
109	159	1.71354
109	162	0.990091
109	166	0.916967
109	173	1.51473
109	174	1.75536
110	4	1.85689
110	6	1.36161
110	11	0.937478
110	51	1.62877
110	114	1.45584
110	120	0.959471
110	140	0.843271
110	142	0.926865
110	143	0.997643
110	159	0.820989
110	160	0.888972
110	163	0.882454
110	167	0.848546
110	171	0.792798
110	173	0.838665
110	174	0.811895
110	175	0.863076
110	176	0.803576
110	177	0.773428
110	178	0.810763
110	179	0.789351
110	180	0.80679
111	8	1.02247
111	34	0.929619
111	55	0.90357
111	66	0.848602
111	84	0.968007
111	101	0.892616
111	105	1.05895
111	106	0.972739
111	107	0.971174
111	115	0.992772
111	124	0.961607
111	125	0.949375
111	127	0.972555
111	128	1.2523
111	132	0.946828
111	136	0.947802
111	146	0.841708
111	150	0.893509
111	162	0.919593
111	171	2.0404
111	172	0.884633
111	173	1.63997
111	180	1.80384
112	8	1.47016
112	64	1.66322
112	79	1.59035
112	121	1.54861
112	139	0.849818
112	140	0.853311
112	145	0.919687
112	149	0.915046
112	154	0.935628
112	155	0.863333
112	159	0.831029
112	163	0.892495
112	165	0.87577
112	170	0.882111
112	171	0.802838
112	173	0.848706
112	174	0.821936
112	175	0.873116
112	177	0.783468
112	178	0.820803
112	179	0.799391
112	180	0.816831
113	9	0.931935
113	10	0.667964
113	15	0.972498
113	24	1.03589
113	39	1.11129
113	53	1.06452
113	56	1.06466
113	60	0.621423
113	63	1.04133
113	72	0.991828
113	73	0.98299
113	79	0.985738
113	83	0.95753
113	99	0.963728
113	102	0.96532
113	114	1.05789
113	119	1.15338
113	126	1.03401
113	136	0.906722
113	149	1.3578
113	168	0.925876
113	171	1.99932
113	174	1.83952
114	9	0.978979
114	15	1.01954
114	24	1.08293
114	39	1.15833
114	53	1.11156
114	56	1.1117
114	63	1.08838
114	72	1.03887
114	73	1.03003
114	79	1.03278
114	83	1.00457
114	93	0.93582
114	99	1.01077
114	102	1.01236
114	110	1.45584
114	113	1.05789
114	120	0.808078
114	123	0.904148
114	126	1.08106
114	146	1.50212
114	163	1.1916
114	164	1.09655
114	168	0.972919
114	170	1.20042
115	32	1.14364
115	34	1.0378
115	55	1.01175
115	76	0.708915
115	84	1.07618
115	101	1.00079
115	105	1.16713
115	106	1.08091
115	107	1.07935
115	111	0.992772
115	119	0.983117
115	124	1.06978
115	125	1.05755
115	127	1.08073
115	135	1.00334
115	142	1.01588
115	146	0.949884
115	148	1.01714
115	161	1.29348
115	162	1.02777
115	168	1.34247
115	172	0.992809
115	178	1.52702
115	180	1.5925
116	11	1.1661
116	16	0.924243
116	25	0.901295
116	27	1.0072
116	33	0.981669
116	71	0.994659
116	76	0.968501
116	78	1.0612
116	88	0.942846
116	104	1.03475
116	109	1.00952
116	117	0.977516
116	122	1.02437
116	129	1.013
116	131	1.01157
116	132	1.00126
116	143	1.09589
116	146	1.78565
116	151	1.25758
116	153	1.06685
116	162	0.974021
116	163	1.47513
116	164	0.971633
116	166	0.900897
117	21	1.00267
117	28	0.986502
117	45	1.07894
117	47	0.933074
117	62	0.994649
117	87	1.0249
117	88	0.926909
117	93	0.96591
117	96	0.94988
117	109	0.993586
117	116	0.977516
117	119	1.09188
117	121	1.00737
117	131	0.995633
117	141	1.04579
117	153	1.05091
117	154	1.12608
117	158	1.00279
117	162	0.958085
117	166	0.88496
117	172	1.17997
117	173	1.5374
117	176	1.83578
117	180	1.70126
118	72	1.42701
118	73	1.74333
118	126	1.55604
118	130	0.999808
118	134	0.964939
118	139	0.833101
118	141	1.56175
118	146	0.819451
118	154	0.918911
118	159	0.814312
118	161	0.863196
118	163	0.875778
118	167	0.841869
118	169	0.832699
118	170	0.865394
118	173	0.831988
118	174	0.805218
118	175	0.856399
118	176	0.796899
118	177	0.766751
118	178	0.804086
118	179	0.782674
118	180	0.800113
119	8	0.910506
119	64	1.10357
119	102	1.17574
119	113	1.15338
119	115	0.983117
119	117	1.09188
119	145	1.02772
119	147	0.999594
119	151	1.06116
119	153	0.747522
119	154	1.04366
119	155	0.971362
119	158	1.0712
119	163	1.00052
119	165	0.983799
119	167	0.966615
119	171	0.910867
119	173	0.956734
119	174	0.929964
119	175	0.981145
119	176	0.921645
119	177	0.891497
119	178	0.928832
119	179	0.90742
119	180	0.924859
120	24	1.16321
120	26	1.01158
120	62	1.11181
120	66	1.08699
120	110	0.959471
120	114	0.808078
120	129	0.787892
120	133	0.859291
120	135	1.02969
120	141	0.814134
120	143	1.10368
120	150	0.983965
120	151	1.04913
120	155	0.959328
120	156	0.939846
120	157	0.998301
120	159	0.927024
120	160	0.995007
120	167	0.954581
120	170	0.978106
120	174	0.91793
120	177	0.879463
120	178	0.916798
120	179	0.895386
120	180	0.912825
121	22	1.04295
121	28	1.0323
121	45	1.12474
121	47	0.978868
121	57	0.984671
121	59	1.05565
121	87	1.07069
121	88	0.972703
121	93	1.0117
121	96	0.995673
121	109	1.03938
121	112	1.54861
121	117	1.00737
121	130	0.733151
121	131	1.04143
121	138	0.862866
121	141	1.09159
121	149	1.19337
121	152	0.955713
121	153	1.09671
121	161	1.29932
121	162	1.00388
121	166	0.930754
121	173	1.43447
121	176	1.73285
122	1	1.09697
122	66	1.14991
122	75	0.70169
122	87	0.88393
122	90	0.849108
122	96	1.03455
122	98	0.773236
122	116	1.02437
122	133	0.79205
122	142	1.09582
122	147	1.05048
122	149	1.07396
122	154	1.09454
122	162	0.80366
122	163	1.05141
122	165	1.03468
122	167	1.0175
122	168	1.01613
122	169	1.00833
122	171	0.961753
122	176	0.972531
122	177	0.942383
122	178	0.979718
122	179	0.958306
122	180	0.975745
123	5	0.922987
123	13	1.03368
123	17	1.26161
123	38	0.982472
123	43	0.984243
123	52	0.952619
123	69	0.991494
123	75	1.09321
123	77	1.24885
123	81	1.05568
123	105	0.759896
123	108	1.15633
123	114	0.904148
123	126	0.904493
123	133	1.00472
123	145	0.9828
123	148	0.932625
123	152	1.01371
123	164	0.974778
123	173	0.911819
123	175	0.936229
123	176	0.876729
123	177	0.846581
123	178	0.883916
123	179	0.862504
123	180	0.879944
124	34	1.00663
124	55	0.980581
124	70	0.713876
124	84	1.04502
124	89	0.977187
124	91	0.999381
124	93	1.01706
124	97	0.747609
124	101	0.969628
124	105	1.13596
124	106	1.04975
124	107	1.04819
124	111	0.961607
124	115	1.06978
124	125	1.02639
124	127	1.04957
124	132	1.02384
124	146	0.91872
124	148	0.985976
124	150	0.970521
124	151	1.05528
124	162	0.996604
124	168	1.39976
124	169	1.48755
124	172	0.961644
124	180	1.64979
125	8	1.08725
125	32	1.10024
125	34	0.994399
125	55	0.968349
125	84	1.03279
125	89	0.964955
125	101	0.957396
125	105	1.12373
125	106	1.03752
125	107	1.03595
125	111	0.949375
125	115	1.05755
125	124	1.02639
125	127	1.03733
125	145	1.0597
125	146	0.906487
125	148	0.973743
125	154	1.01947
125	159	1.6296
125	162	0.984372
125	164	1.12266
125	170	1.22652
125	172	0.949412
125	175	1.19595
125	178	1.52918
125	180	1.59466
126	1	0.880394
126	26	1.04148
126	42	0.99915
126	49	0.457192
126	53	1.08769
126	56	1.08783
126	63	1.06451
126	67	1.00648
126	72	1.015
126	79	1.00891
126	83	0.980702
126	92	1.0289
126	95	1.08293
126	98	1.05235
126	99	0.9869
126	102	0.988492
126	103	1.0615
126	108	1.03647
126	113	1.03401
126	114	1.08106
126	118	1.55604
126	123	0.904493
126	134	0.877918
126	164	1.09689
126	165	1.29075
126	167	1.40732
126	168	0.949048
126	178	1.50342
127	8	1.11043
127	32	1.12342
127	55	0.991529
127	84	1.05597
127	85	0.856857
127	89	0.988135
127	101	0.980576
127	105	1.14691
127	106	1.0607
127	107	1.05913
127	111	0.972555
127	115	1.08073
127	124	1.04957
127	125	1.03733
127	132	1.03479
127	137	1.02885
127	146	0.929667
127	148	0.996923
127	150	0.981469
127	154	1.08889
127	158	0.9656
127	162	1.00755
127	164	1.19208
127	167	1.50251
127	168	1.41405
127	172	0.972592
127	175	1.26537
127	180	1.66408
128	7	1.05091
128	10	1.13637
128	52	1.17375
128	68	1.29476
128	100	0.968651
128	106	0.990303
128	108	1.26919
128	111	1.2523
128	130	1.07212
128	146	0.891762
128	148	1.04549
128	155	0.918927
128	157	0.9579
128	158	1.01876
128	159	0.886623
128	160	0.954606
128	161	0.935507
128	163	0.948089
128	164	0.967259
128	167	0.91418
128	170	0.937705
128	171	0.858432
128	174	0.87753
128	176	0.86921
128	177	0.839062
128	178	0.876397
128	179	0.854985
128	180	0.872425
129	20	1.02916
129	25	0.920847
129	27	1.02675
129	29	1.03538
129	35	1.0453
129	46	0.972086
129	48	1.06227
129	54	0.971655
129	58	0.927402
129	64	1.10556
129	71	1.01421
129	74	1.005
129	78	1.08075
129	80	1.0711
129	82	0.979649
129	90	1.0342
129	116	1.013
129	120	0.787892
129	132	1.02081
129	148	0.982943
129	158	0.849887
129	159	1.58331
129	164	0.991184
129	166	1.45355
129	168	1.29834
129	169	1.38613
129	172	1.02707
129	175	1.14966
129	179	1.7399
130	11	1.09053
130	17	1.06082
130	24	1.05849
130	54	1.31062
130	70	1.14609
130	74	1.08624
130	77	1.04807
130	84	0.855212
130	90	0.811634
130	98	0.735761
130	118	0.999808
130	121	0.733151
130	128	1.07212
130	136	1.17856
130	147	1.03457
130	157	1.04531
130	159	0.974037
130	165	1.01878
130	166	0.983937
130	169	0.992424
130	172	1.0221
130	173	0.991714
130	174	0.964944
130	175	1.01612
130	176	0.956624
130	177	0.926476
130	178	0.963811
130	179	0.942399
130	180	0.959839
131	16	0.942359
131	21	1.03672
131	22	1.03121
131	28	1.02055
131	45	1.113
131	47	0.967127
131	57	0.97293
131	59	1.04391
131	62	1.0287
131	76	0.5957
131	85	0.672064
131	87	1.05895
131	88	0.960962
131	93	0.999963
131	96	0.983933
131	116	1.01157
131	117	0.995633
131	121	1.04143
131	141	1.07985
131	144	1.24742
131	153	1.08497
131	156	1.35005
131	157	0.994774
131	162	0.992138
131	163	1.10233
131	166	0.919013
131	177	1.85717
131	179	1.67082
131	180	1.47928
132	2	0.933081
132	20	1.01741
132	25	0.9091
132	27	1.015
132	33	0.989474
132	35	1.03355
132	54	0.959908
132	61	1.06432
132	66	0.749083
132	78	1.069
132	93	1.07159
132	105	1.12118
132	106	1.03497
132	107	1.03341
132	111	0.946828
132	116	1.00126
132	124	1.02384
132	127	1.03479
132	129	1.02081
132	138	0.968848
132	148	0.971196
132	149	1.29936
132	150	0.955742
132	154	1.12913
132	157	1.21981
132	162	0.981825
132	164	0.979437
132	169	1.54209
132	172	0.946865
132	179	1.89585
133	1	0.931261
133	4	0.934064
133	5	0.927965
133	14	0.925727
133	21	1.02673
133	23	1.0194
133	31	1.01717
133	38	0.98745
133	43	0.989221
133	52	0.957596
133	67	0.982731
133	69	0.996472
133	75	1.09819
133	77	0.971673
133	81	1.06065
133	86	0.956806
133	92	1.00516
133	95	1.05918
133	97	0.717585
133	98	1.02861
133	103	1.03776
133	108	1.01273
133	120	0.859291
133	122	0.79205
133	123	1.00472
133	139	1.66532
133	151	1.02526
133	166	1.52495
133	172	1.09847
133	177	1.99765
134	20	1.1526
134	26	1.08107
134	68	1.15532
134	88	1.27287
134	90	0.985844
134	109	0.98762
134	118	0.964939
134	126	0.877918
134	141	0.883629
134	146	0.944308
134	151	1.06127
134	152	1.05874
134	155	0.971473
134	156	0.951991
134	157	1.01045
134	159	0.939169
134	161	0.988053
134	163	1.00063
134	165	0.98391
134	168	0.965353
134	170	0.990251
134	171	0.910978
134	173	0.956845
134	174	0.930075
134	175	0.981256
134	177	0.891608
134	178	0.928943
134	179	0.907531
134	180	0.92497
135	16	1.62198
135	32	1.0105
135	65	1.19622
135	73	1.16702
135	77	1.3241
135	83	0.981387
135	104	0.995458
135	115	1.00334
135	120	1.02969
135	136	1.09573
135	138	1.05359
135	146	0.896345
135	147	0.951741
135	152	1.01078
135	154	0.995805
135	155	0.923509
135	158	1.02334
135	159	0.891206
135	160	0.959189
135	161	0.94009
135	163	0.952671
135	165	0.935946
135	167	0.918763
135	169	0.909593
135	170	0.942287
135	173	0.908882
135	176	0.873792
135	177	0.843644
135	178	0.88098
135	179	0.859568
135	180	0.877007
136	14	1.45317
136	20	0.987539
136	46	0.783713
136	65	0.929339
136	74	1.09539
136	81	0.687609
136	84	0.864362
136	95	0.644358
136	111	0.947802
136	113	0.906722
136	130	1.17856
136	135	1.09573
136	139	1.01185
136	145	1.08172
136	149	1.07708
136	156	1.00589
136	158	1.1252
136	163	1.05453
136	164	1.0737
136	165	1.0378
136	167	1.02062
136	169	1.01145
136	171	0.964872
136	172	1.04113
136	173	1.01074
136	175	1.03515
136	176	0.97565
136	177	0.945502
136	178	0.982838
136	179	0.961426
136	180	0.978865
137	12	0.917517
137	74	1.3162
137	78	0.831349
137	80	1.0212
137	82	0.952483
137	96	1.22704
137	104	0.949392
137	127	1.02885
137	142	1.0514
137	151	1.06763
137	152	1.06509
137	153	0.721681
137	154	1.05012
137	155	0.977826
137	156	0.958343
137	157	1.0168
137	158	1.07766
137	159	0.945522
137	161	0.994406
137	163	1.00699
137	167	0.973079
137	168	0.971705
137	170	0.996604
137	171	0.917331
137	172	0.993586
137	173	0.963198
137	174	0.936428
137	176	0.928109
137	177	0.897961
137	178	0.935296
137	180	0.931323
138	2	1.33602
138	4	1.23413
138	6	0.738848
138	36	1.11157
138	37	1.29211
138	39	0.629253
138	44	1.12902
138	70	1.12298
138	101	1.1089
138	121	0.862866
138	132	0.968848
138	135	1.05359
138	139	0.969716
138	140	0.97321
138	144	0.988361
138	149	1.03494
138	155	0.983231
138	156	0.963749
138	158	1.08307
138	159	0.950928
138	165	0.995668
138	167	0.978485
138	169	0.969315
138	170	1.00201
138	171	0.922736
138	174	0.941834
138	176	0.933514
138	177	0.903366
138	178	0.940702
138	179	0.91929
138	180	0.936729
139	6	1.51988
139	76	0.974189
139	90	1.72238
139	91	0.936611
139	93	0.89818
139	105	1.46986
139	107	1.25667
139	112	0.849818
139	118	0.833101
139	133	1.66532
139	136	1.01185
139	138	0.969716
139	146	0.81247
139	148	1.64259
139	152	0.926901
139	156	0.820152
139	158	0.939468
139	160	0.875313
139	161	0.856214
139	163	0.868796
139	165	0.852071
139	167	0.834887
139	170	0.858412
139	172	0.855394
139	173	0.825007
139	174	0.798237
139	175	0.849417
139	176	0.789917
139	177	0.759769
139	178	0.797104
139	179	0.775692
139	180	0.793132
140	13	1.58357
140	25	1.86863
140	28	1.59128
140	39	1.46937
140	67	1.73885
140	81	1.6483
140	85	0.956957
140	110	0.843271
140	112	0.853311
140	138	0.97321
140	142	0.9167
140	143	0.987478
140	144	0.848257
140	151	0.932927
140	154	0.915423
140	156	0.823645
140	158	0.942962
140	159	0.810824
140	163	0.872289
140	166	0.820723
140	167	0.838381
140	168	0.837007
140	169	0.829211
140	170	0.861905
140	171	0.782632
140	173	0.8285
140	174	0.80173
140	175	0.852911
140	176	0.79341
140	177	0.763262
140	178	0.800598
140	179	0.779186
140	180	0.796625
141	3	1.11855
141	16	0.99252
141	17	1.06689
141	18	0.96972
141	28	1.07072
141	30	1.08908
141	44	1.03947
141	47	1.01729
141	50	1.01405
141	51	1.00785
141	57	1.02309
141	62	1.07886
141	65	1.04955
141	66	0.619368
141	68	1.05001
141	70	0.638695
141	96	1.03409
141	104	1.10303
141	117	1.04579
141	118	1.56175
141	120	0.814134
141	121	1.09159
141	131	1.07985
141	134	0.883629
141	144	1.34274
141	151	0.9801
