1	131	0.724578
1	133	0.735455
1	150	1.20859
1	158	1.1921
1	159	1.20538
1	161	1.18392
1	162	1.18733
1	164	1.20183
1	166	0.623187
1	169	0.760023
1	178	1.22085
1	180	0.763331
2	126	1.20025
2	134	0.78294
2	149	0.712814
2	152	1.19419
2	153	0.664738
2	158	1.1991
2	159	1.21238
2	161	1.19092
2	162	1.19433
2	164	1.20883
2	171	0.740385
2	172	0.703606
3	128	1.21994
3	138	0.727561
3	158	1.1843
3	159	1.19757
3	160	1.215
3	161	1.17612
3	164	1.19402
3	166	0.630002
3	169	0.766838
3	174	0.733346
3	177	0.748918
3	178	1.21305
4	69	0.815743
4	83	1.18425
4	114	1.21405
4	115	1.18937
4	118	0.704507
4	123	1.206
4	130	1.18911
4	163	1.21973
4	166	0.610146
4	167	1.19748
4	169	0.746982
4	178	0.729628
5	119	1.02374
5	120	1.0876
5	134	1.09189
5	139	1.01587
5	141	1.05783
5	144	1.06106
5	155	1.02576
5	159	1.00102
5	166	0.781966
5	169	1.03625
5	170	0.89764
5	180	0.922109
6	63	1.31616
6	73	1.18591
6	89	1.28606
6	96	1.09348
6	104	1.15374
6	105	0.698224
6	106	1.16956
6	112	1.19509
6	162	0.784345
6	164	0.771977
6	169	0.671932
6	180	0.67524
7	88	1.17807
7	118	0.713592
7	129	1.22994
7	136	1.21804
7	139	1.1828
7	142	1.18721
7	151	1.21124
7	155	1.1927
7	156	0.648624
7	170	0.734906
7	173	0.755703
7	176	0.754163
8	26	0.76105
8	81	0.711667
8	103	0.704259
8	130	0.712139
8	158	0.703947
8	172	1.21521
8	173	1.19274
8	174	1.20213
8	176	1.19734
8	177	1.21054
8	179	1.19315
8	180	1.18889
9	92	1.21478
9	129	1.21837
9	136	1.20646
9	139	1.17123
9	144	1.21643
9	145	0.740724
9	149	0.699579
9	155	1.18112
9	169	1.19161
9	173	0.731967
9	175	0.719421
9	178	0.714978
10	22	0.700849
10	90	1.20283
10	97	1.15876
10	101	1.26087
10	113	1.20935
10	130	1.1764
10	131	0.717444
10	138	0.713612
10	145	0.761281
10	160	0.71396
10	163	1.20702
10	167	1.18477
11	43	0.673027
11	71	1.20686
11	73	1.19364
11	82	1.22442
11	86	0.793818
11	89	1.29378
11	96	1.1012
11	106	1.17728
11	112	1.20281
11	157	0.649207
11	171	0.742061
11	173	0.74688
12	60	0.776943
12	108	0.701113
12	114	0.687985
12	147	0.723661
12	167	0.703118
12	168	1.1983
12	170	1.20298
12	171	1.20185
12	173	1.19458
12	176	1.19918
12	177	1.21238
12	180	1.19073
13	33	1.15683
13	103	1.22131
13	113	1.21955
13	118	0.64209
13	123	1.2035
13	130	1.18661
13	151	0.792857
13	161	0.810825
13	163	1.21723
13	167	1.19497
13	169	0.684566
13	175	0.671654
14	42	0.674403
14	100	1.16984
14	101	1.26701
14	114	1.20748
14	115	1.1828
14	123	1.19943
14	128	0.832132
14	130	1.18254
14	135	0.717697
14	157	0.641222
14	167	1.1909
14	173	0.738895
15	50	0.655452
15	74	0.772136
15	144	0.710275
15	161	0.740845
15	164	0.714631
15	171	1.19897
15	172	1.21417
15	174	1.20109
15	176	1.1963
15	177	1.2095
15	179	1.19211
15	180	1.18785
16	142	0.733133
16	158	0.713471
16	161	0.735698
16	164	0.709484
16	167	0.70297
16	171	1.20174
16	174	1.20386
16	175	1.19754
16	176	1.19907
16	177	1.21227
16	179	1.19489
16	180	1.19063
17	65	0.718617
17	80	0.699559
17	105	1.18582
17	132	0.8151
17	152	1.1931
17	158	1.19801
17	159	1.21128
17	160	1.22872
17	161	1.18983
17	162	1.19324
17	175	0.675719
17	180	0.691938
18	92	1.06129
18	98	1.03212
18	109	1.07084
18	110	1.05243
18	132	1.02124
18	134	1.09376
18	142	1.02214
18	151	1.04617
18	154	0.86879
18	160	0.911413
18	172	0.908381
18	174	0.91685
19	93	0.727391
19	142	0.739925
19	143	0.715184
19	148	0.685523
19	150	0.725399
19	171	1.20174
19	174	1.20386
19	175	1.19754
19	176	1.19907
19	177	1.21227
19	179	1.19489
19	180	1.19063
20	90	0.681017
20	96	0.839325
20	112	0.709428
20	123	0.67932
20	144	0.684317
20	150	1.21088
20	159	1.20766
20	162	1.18961
20	173	1.19371
20	175	1.19678
20	177	1.2115
20	180	1.18986
21	97	1.01449
21	100	1.01943
21	101	1.1166
21	113	1.06508
21	122	0.954332
21	123	1.04902
21	130	1.03213
21	140	0.944633
21	157	0.858572
21	163	1.06275
21	165	0.847894
21	167	1.0405
22	10	0.700849
22	139	0.744988
22	161	0.732094
22	162	0.718248
22	167	0.699365
22	171	1.20428
22	173	1.19702
22	174	1.20641
22	175	1.20009
22	176	1.20162
22	179	1.19743
22	180	1.19317
23	34	0.933924
23	86	1.06003
23	117	1.04765
23	127	1.07346
23	139	1.01867
23	141	1.06064
23	144	1.06387
23	151	1.04711
23	154	0.857235
23	155	1.02857
23	170	0.917626
23	172	0.896826
24	55	0.690774
24	108	0.642152
24	128	0.643499
24	130	0.662851
24	134	0.587998
24	147	0.6647
24	170	1.30271
24	174	1.3037
24	175	1.29738
24	176	1.29891
24	177	1.31211
24	179	1.29472
24	180	1.29046
25	56	1.29729
25	60	1.24604
25	67	1.32924
25	92	1.34285
25	96	1.20438
25	120	1.37102
25	149	0.641792
25	154	0.592993
25	155	1.30918
25	170	0.653383
25	171	0.669362
25	176	0.67264
25	180	0.677852
26	8	0.76105
26	59	1.12253
26	121	1.12696
26	126	1.14103
26	158	1.13988
26	159	1.15316
26	161	1.13171
26	162	1.13511
26	164	1.14961
26	165	0.710295
26	168	0.817567
26	170	0.797848
26	173	0.818645
27	55	0.813877
27	78	0.754258
27	106	0.806068
27	120	0.717897
27	126	1.13603
27	132	0.800199
27	147	1.16917
27	161	1.12671
27	162	1.13011
27	173	1.13421
27	176	1.1388
27	179	1.13462
27	180	1.13036
28	40	0.619386
28	85	0.660784
28	122	0.666607
28	125	1.29887
28	138	0.629608
28	152	1.29442
28	158	1.29933
28	159	1.31261
28	161	1.29115
28	162	1.29456
28	164	1.30906
28	169	0.668885
28	171	0.663702
29	67	1.34162
29	71	1.32242
29	87	1.331
29	96	1.21675
29	104	1.27701
29	106	1.29284
29	112	1.31837
29	160	0.606172
29	167	0.738632
29	169	0.645101
29	171	0.639918
29	177	0.627181
29	180	0.648409
30	33	1.09664
30	83	1.12155
30	90	1.15285
30	113	1.15936
30	114	1.15136
30	130	1.12642
30	133	0.792576
30	154	0.735592
30	163	1.15704
30	167	1.13478
30	172	0.775183
30	175	0.804233
30	177	0.799224
31	89	0.753132
31	107	0.736182
31	123	0.789747
31	136	0.80317
31	162	0.811467
31	168	1.13551
31	170	1.14019
31	171	1.13906
31	172	1.15426
31	173	1.13179
31	175	1.13486
31	176	1.13639
31	180	1.12794
32	37	1.06828
32	75	1.10744
32	80	0.809182
32	85	0.790153
32	91	1.17504
32	122	0.795977
32	124	0.752935
32	127	1.17537
32	139	1.12058
32	141	1.16254
32	142	1.12498
32	144	1.16578
32	160	0.759325
33	13	1.15683
33	30	1.09664
33	90	1.14802
33	103	1.15628
33	123	1.13848
33	130	1.12159
33	156	0.677966
33	158	0.889443
33	163	1.15221
33	167	1.12995
33	168	0.783967
33	173	0.785046
33	178	0.768056
34	23	0.933924
34	82	0.727164
34	129	0.726052
34	141	0.74722
34	147	1.16259
34	151	0.761302
34	158	1.12831
34	159	1.14158
34	164	1.13804
34	176	1.13223
34	177	1.14543
34	179	1.12804
34	180	1.12378
35	50	1.34261
35	60	1.23622
35	70	1.31145
35	75	1.27633
35	110	1.32417
35	115	0.774861
35	133	0.632333
35	146	0.660122
35	149	0.624148
35	155	1.29936
35	157	0.558864
35	169	1.30985
35	176	0.654997
36	131	0.765304
36	147	1.15773
36	148	1.17994
36	150	1.13994
36	152	1.11854
36	159	1.13672
36	161	1.11527
36	162	1.11868
36	164	1.13318
36	170	0.779587
36	172	0.758787
36	176	0.798844
36	180	0.804056
37	32	1.06828
37	120	1.13126
37	127	1.11431
37	132	1.06303
37	138	0.843918
37	139	1.05952
37	141	1.10149
37	144	1.10472
37	151	1.08796
37	155	1.06942
37	157	0.785158
37	172	0.841234
37	174	0.849703
37	180	0.886502
38	119	0.861632
38	155	0.826499
38	159	0.814885
38	161	0.858929
38	164	0.832714
38	168	1.08749
38	170	1.09217
38	171	1.09103
38	172	1.10624
38	173	1.08377
38	175	1.08684
38	176	1.08837
38	179	1.08418
38	180	1.07992
39	65	1.29309
39	80	0.708877
39	83	1.20791
39	100	1.20008
39	110	0.782137
39	111	1.19193
39	123	1.22967
39	130	1.21278
39	163	1.2434
39	167	1.22114
39	172	0.655988
39	173	0.697584
39	177	0.680029
39	178	0.680595
40	28	0.619386
40	114	0.686773
40	125	0.746081
40	127	0.691074
40	152	0.741784
40	164	0.70842
40	168	1.22209
40	172	1.24084
40	173	1.21837
40	174	1.22776
40	175	1.22144
40	177	1.23617
40	179	1.21879
40	180	1.21453
41	50	0.793976
41	120	0.797278
41	132	0.87958
41	158	0.857143
41	162	0.865524
41	170	1.09037
41	172	1.10444
41	173	1.08197
41	174	1.09136
41	175	1.08504
41	176	1.08657
41	177	1.09976
41	179	1.08238
41	180	1.07812
42	14	0.674403
42	75	0.72309
42	91	0.705247
42	136	0.697133
42	137	0.704973
42	144	0.688707
42	170	1.22619
42	172	1.24026
42	173	1.21779
42	174	1.22718
42	175	1.22086
42	177	1.23559
42	179	1.2182
42	180	1.21394
43	11	0.673027
43	99	0.706967
43	111	0.727601
43	132	0.710126
43	159	0.665872
43	161	0.709916
43	171	1.22579
43	172	1.241
43	173	1.21853
43	175	1.2216
43	176	1.22313
43	177	1.23633
43	179	1.21894
43	180	1.21468
44	56	1.1999
44	67	1.23186
44	78	1.27417
44	89	1.29958
44	104	1.16726
44	106	1.18308
44	112	1.20861
44	116	0.713109
44	140	1.23553
44	160	0.675009
44	169	0.713938
44	173	0.713573
44	177	0.696018
44	178	0.696584
45	73	0.728888
45	84	0.715113
45	97	0.690764
45	141	0.680948
45	143	1.25848
45	144	0.682428
45	151	0.69503
45	159	1.22412
45	162	1.20607
45	172	1.23263
45	174	1.21955
45	175	1.21323
45	178	1.23959
45	180	1.20632
46	50	1.255
46	62	0.651994
46	75	1.18872
46	77	0.679503
46	80	0.733121
46	116	0.721365
46	127	1.25665
46	132	1.20536
46	151	1.2303
46	155	1.21175
46	167	1.22999
46	169	1.22224
46	170	0.701032
46	173	0.721829
47	52	0.833599
47	116	0.702425
47	121	1.20438
47	137	1.22522
47	140	0.691277
47	148	1.2738
47	158	1.21731
47	159	1.23058
47	161	1.20913
47	162	1.21254
47	164	1.22704
47	165	0.594539
47	176	0.701349
47	177	0.685333
48	110	0.679686
48	119	0.724461
48	136	0.699614
48	159	0.677714
48	161	0.721757
48	167	0.689029
48	171	1.225
48	172	1.24021
48	173	1.21774
48	174	1.22713
48	176	1.22234
48	177	1.23554
48	179	1.21815
48	180	1.21389
49	61	1.18999
49	80	0.742986
49	143	1.26774
49	150	1.2366
49	152	1.2152
49	159	1.23338
49	161	1.21193
49	162	1.21533
49	163	0.675493
49	164	1.22983
49	166	0.595222
49	168	0.730615
49	169	0.732058
49	173	0.731693
50	15	0.655452
50	35	1.34261
50	41	0.793976
50	46	1.255
50	53	1.26099
50	70	1.18693
50	88	1.16022
50	110	1.19966
50	127	1.21975
50	155	1.17485
50	173	0.698375
50	176	0.696835
50	177	0.680819
50	179	0.67987
51	108	1.14027
51	125	1.07017
51	148	1.12712
51	152	1.06572
51	153	0.820203
51	158	1.07063
51	159	1.0839
51	161	1.06245
51	163	0.844467
51	164	1.08036
51	165	0.792317
51	174	0.86754
51	178	1.09938
51	179	0.882163
52	47	0.833599
52	66	0.800233
52	92	0.853771
52	134	0.825592
52	167	0.88175
52	168	1.08696
52	170	1.09164
52	171	1.09051
52	174	1.09263
52	175	1.08631
52	176	1.08784
52	177	1.10104
52	179	1.08366
52	180	1.0794
53	50	1.26099
53	74	1.20065
53	139	1.20785
53	140	0.662722
53	142	1.21226
53	147	0.788773
53	151	1.23629
53	155	1.21775
53	164	0.774744
53	167	1.23599
53	169	1.22823
53	174	0.641207
53	178	0.657345
53	180	0.678006
54	116	0.775107
54	145	0.784327
54	146	0.779156
54	147	1.18846
54	148	1.21067
54	149	0.743182
54	150	1.17067
54	152	1.14927
54	156	0.668492
54	158	1.15418
54	159	1.16745
54	161	1.146
54	162	1.1494
54	164	1.16391
54	177	0.758015
55	24	0.690774
55	27	0.813877
55	74	1.12846
55	110	1.17036
55	117	1.16464
55	120	1.20739
55	133	0.773454
55	134	1.21169
55	139	1.13566
55	141	1.17763
55	142	1.14007
55	151	1.1641
55	156	0.690578
55	172	0.756061
55	178	0.780668
56	25	1.29729
56	44	1.1999
56	63	1.23759
56	71	1.12057
56	73	1.10734
56	82	1.13813
56	89	1.20749
56	104	1.07516
56	109	0.732448
56	112	1.11652
56	124	0.741868
56	156	0.679743
56	169	0.787187
56	171	0.782004
56	176	0.785283
57	116	0.767294
57	134	0.805495
57	137	1.16788
57	150	1.17646
57	152	1.15506
57	156	0.660679
57	158	1.15997
57	159	1.17325
57	160	1.19068
57	161	1.15179
57	162	1.1552
57	164	1.1697
57	174	0.734631
57	176	0.766218
57	180	0.771431
58	86	0.891777
58	92	0.910755
58	101	0.872196
58	110	0.929391
58	120	0.889371
58	143	1.08324
58	147	1.06989
58	150	1.0521
58	152	1.0307
58	164	1.04534
58	171	1.04219
58	172	1.0574
58	177	1.05272
58	179	1.03534
58	180	1.03108
59	26	1.12253
59	79	1.08001
59	135	0.825972
59	137	1.12668
59	147	1.15305
59	152	1.11385
59	154	0.765982
59	158	1.11877
59	159	1.13204
59	161	1.11059
59	162	1.11399
59	164	1.12849
59	165	0.73882
59	174	0.814042
59	175	0.834623
59	179	0.828665
60	12	0.776943
60	25	1.24604
60	35	1.23622
60	69	0.893991
60	75	1.04543
60	77	0.782539
60	85	0.817129
60	129	1.10571
60	134	1.1346
60	136	1.0938
60	144	1.10377
60	149	0.792476
60	151	1.08701
60	153	0.7444
60	155	1.06846
60	169	1.07895
61	49	1.18999
61	95	1.05866
61	121	1.09307
61	146	0.832001
61	147	1.14028
61	148	1.16249
61	157	0.730744
61	158	1.106
61	161	1.09782
61	162	1.10123
61	163	0.772215
61	164	1.11573
61	169	0.828781
61	173	0.828416
61	175	0.815869
61	178	1.13475
62	46	0.651994
62	87	0.720148
62	110	0.671863
62	126	0.699599
62	129	0.660715
62	162	0.700088
62	164	0.687719
62	168	1.2445
62	170	1.24918
62	171	1.24804
62	173	1.24078
62	174	1.25017
62	175	1.24385
62	176	1.24538
62	179	1.24119
62	180	1.23693
63	6	1.31616
63	56	1.23759
63	73	1.23713
63	78	1.31186
63	82	1.26791
63	87	1.25894
63	96	1.14469
63	104	1.20495
63	106	1.22077
63	145	0.682884
63	146	0.677713
63	155	0.768321
63	168	0.673049
63	170	0.65333
63	173	0.674127
63	180	0.6778
64	72	0.814377
64	87	0.814388
64	115	0.799874
64	150	0.791083
64	159	0.76413
64	161	0.808174
64	170	1.12144
64	171	1.12031
64	172	1.13552
64	173	1.11305
64	174	1.12243
64	175	1.11611
64	176	1.11764
64	177	1.13084
64	179	1.11346
64	180	1.1092
65	17	0.718617
65	39	1.29309
65	83	1.22681
65	97	1.21403
65	111	1.21082
65	113	1.26462
65	114	1.25661
65	116	0.687031
65	130	1.23168
65	163	1.26229
65	167	1.24004
65	168	0.686417
65	169	0.68786
65	171	0.682677
65	175	0.674949
65	178	0.670506
66	52	0.800233
66	86	0.716461
66	128	1.26369
66	137	1.23596
66	146	0.673108
66	147	1.26233
66	148	1.28453
66	150	1.24454
66	158	1.22804
66	161	1.21987
66	162	1.22327
66	164	1.23777
66	168	0.668445
66	172	0.627926
66	176	0.667983
66	177	0.651967
67	25	1.32924
67	29	1.34162
67	44	1.23186
67	71	1.15253
67	78	1.21403
67	81	0.85392
67	88	1.13704
67	96	1.04686
67	106	1.12295
67	112	1.14848
67	140	1.17539
67	160	0.703238
67	165	0.633452
67	168	0.740724
67	170	0.721005
67	174	0.708675
67	180	0.745474
68	114	0.843616
68	117	0.851584
68	126	0.877143
68	134	0.802591
68	141	0.859428
68	155	0.859048
68	168	1.07888
68	170	1.08356
68	171	1.08242
68	172	1.09763
68	173	1.07516
68	174	1.08455
68	175	1.07823
68	176	1.07976
68	177	1.09295
68	179	1.07557
68	180	1.07131
69	4	0.815743
69	60	0.893991
69	79	0.89533
69	129	0.799676
69	152	0.860043
69	158	0.830668
69	168	1.07888
69	170	1.08356
69	171	1.08242
69	172	1.09763
69	173	1.07516
69	174	1.08455
69	175	1.07823
69	176	1.07976
69	177	1.09295
69	179	1.07557
69	180	1.07131
70	35	1.31145
70	50	1.18693
70	92	1.17735
70	93	1.17875
70	109	1.18691
70	124	0.694259
70	126	0.851504
70	129	1.18094
70	134	1.20982
70	151	1.16223
70	155	1.14369
70	160	0.70065
70	167	1.16193
70	171	0.734396
70	172	0.697618
70	174	0.706087
70	178	0.722225
71	11	1.20686
71	29	1.32242
71	56	1.12057
71	67	1.15253
71	82	1.15089
71	87	1.14191
71	96	1.02767
71	104	1.08792
71	106	1.10375
71	112	1.12928
71	140	1.15619
71	145	0.7719
71	161	0.889767
71	163	0.706943
71	169	0.763508
71	173	0.763144
71	179	0.744639
71	180	0.766816
72	64	0.814377
72	102	1.14055
72	109	0.735596
72	113	0.84471
72	121	1.12985
72	125	1.14232
72	137	1.15069
72	150	1.15927
72	152	1.13787
72	154	0.708784
72	158	1.14278
72	161	1.13461
72	162	1.13801
72	164	1.15251
72	170	0.769174
72	171	0.785153
72	172	0.748375
72	178	1.17153
73	6	1.18591
73	11	1.19364
73	45	0.728888
73	56	1.10734
73	63	1.23713
73	78	1.18161
73	82	1.13766
73	87	1.12869
73	89	1.20702
73	96	1.01444
73	106	1.09052
73	112	1.11605
73	121	0.917866
73	138	0.760746
73	153	0.719193
73	156	0.692579
73	157	0.701986
73	159	0.882239
74	15	0.772136
74	53	1.20065
74	55	1.12846
74	91	1.15908
74	110	1.13932
74	117	1.13359
74	120	1.17635
74	127	1.1594
74	131	0.779979
74	138	0.776147
74	141	1.14658
74	142	1.10902
74	151	1.13305
74	155	1.11451
74	156	0.70798
74	160	0.776495
74	177	0.797504
74	178	0.79807
75	32	1.10744
75	35	1.27633
75	42	0.72309
75	46	1.18872
75	60	1.04543
75	76	1.07082
75	92	1.14223
75	93	1.14363
75	120	1.17041
75	121	0.905789
75	127	1.15347
75	134	1.17471
75	153	0.707116
75	163	0.731381
75	167	1.12681
75	168	0.786503
75	171	0.782763
75	179	0.769076
76	75	1.07082
76	88	1.07923
76	91	1.13842
76	107	1.15623
76	111	1.08288
76	117	1.11294
76	119	1.09184
76	129	1.1311
76	141	1.12593
76	151	1.1124
76	155	1.09386
76	160	0.809308
76	163	0.791672
76	169	1.10434
76	170	0.827075
76	172	0.806276
76	174	0.814745
76	178	0.830883
76	179	0.829368
77	46	0.679503
77	60	0.782539
77	99	0.738495
77	107	0.652312
77	117	0.70155
77	121	0.733027
77	155	0.709013
77	159	0.6974
77	168	1.20615
77	170	1.21083
77	171	1.2097
77	172	1.2249
77	173	1.20243
77	174	1.21182
77	175	1.2055
77	176	1.20703
77	177	1.22023
77	179	1.20284
77	180	1.19858
78	27	0.754258
78	44	1.27417
78	63	1.31186
78	67	1.21403
78	73	1.18161
78	82	1.2124
78	87	1.20342
78	88	1.17934
78	104	1.14943
78	105	0.764695
78	106	1.16525
78	112	1.19078
78	131	0.702958
78	133	0.713834
78	140	1.2177
78	153	0.657573
78	154	0.656851
78	169	0.738403
78	178	0.721049
79	59	1.08001
79	69	0.89533
79	129	0.89961
79	137	1.10527
79	147	1.13164
79	148	1.15384
79	150	1.11385
79	152	1.09245
79	153	0.745739
79	158	1.09736
79	159	1.11063
79	161	1.08918
79	162	1.09258
79	164	1.10709
79	165	0.717854
79	175	0.813658
79	176	0.824665
79	177	0.808649
79	178	1.12611
80	17	0.699559
80	32	0.809182
80	39	0.708877
80	46	0.733121
80	49	0.742986
80	148	0.738094
80	152	0.80221
80	165	1.24913
80	167	0.762333
80	168	1.15623
80	170	1.16091
80	171	1.15977
80	172	1.17498
80	173	1.15251
80	174	1.1619
80	175	1.15558
80	176	1.15711
80	177	1.17031
80	179	1.15292
80	180	1.14866
81	8	0.711667
81	67	0.85392
81	84	1.16432
81	86	1.17262
81	91	1.18572
81	94	1.18116
81	98	1.14565
81	120	1.20299
81	129	1.1784
81	141	1.17323
81	142	1.13566
81	151	1.1597
81	154	0.688075
81	155	1.14115
81	163	0.713062
81	167	1.15939
81	168	0.768184
81	173	0.769263
81	177	0.751707
81	178	0.752273
82	11	1.22442
82	34	0.727164
82	56	1.13813
82	63	1.26791
82	71	1.15089
82	73	1.13766
82	78	1.2124
82	87	1.15947
82	89	1.23781
82	96	1.04522
82	104	1.10548
82	112	1.14684
82	139	0.871181
82	140	1.17375
82	145	0.740419
82	151	0.840318
82	160	0.693098
82	163	0.675462
82	171	0.726844
82	176	0.730123
83	4	1.18425
83	30	1.12155
83	39	1.20791
83	65	1.22681
83	97	1.12886
83	100	1.1338
83	103	1.18119
83	113	1.17944
83	114	1.17144
83	123	1.16339
83	130	1.1465
83	131	0.679587
83	139	0.854186
83	150	0.8242
83	151	0.823323
83	167	1.15486
83	169	0.715032
83	176	0.713128
83	178	0.697678
83	179	0.696163
84	45	0.715113
84	81	1.16432
84	88	1.14014
84	98	1.15926
84	111	1.1438
84	116	0.78542
84	117	1.17385
84	120	1.21661
84	132	1.14838
84	136	1.18011
84	139	1.14488
84	144	1.19008
84	149	0.753496
84	151	1.17332
84	157	0.688212
84	163	0.729683
84	169	1.16526
84	173	0.785884
84	176	0.784344
84	179	0.767379
85	28	0.660784
85	32	0.790153
85	60	0.817129
85	106	0.782113
85	107	0.686901
85	143	0.748727
85	159	0.731989
85	161	0.776033
85	165	1.24913
85	168	1.15623
85	170	1.16091
85	171	1.15977
85	172	1.17498
85	173	1.15251
85	174	1.1619
85	175	1.15558
85	176	1.15711
85	177	1.17031
85	179	1.15292
85	180	1.14866
86	11	0.793818
86	23	1.06003
86	58	0.891777
86	66	0.716461
86	81	1.17262
86	110	1.18788
86	111	1.1521
86	129	1.20032
86	132	1.15668
86	136	1.18841
86	142	1.15758
86	144	1.19838
86	146	0.707669
86	151	1.18162
86	155	1.16307
86	162	0.816861
86	167	1.18131
86	170	0.683286
86	177	0.686528
86	180	0.707756
87	29	1.331
87	62	0.720148
87	63	1.25894
87	64	0.814388
87	71	1.14191
87	73	1.12869
87	78	1.20342
87	82	1.15947
87	89	1.22883
87	96	1.03625
87	104	1.09651
87	106	1.11233
87	112	1.13786
87	140	1.16478
87	153	0.709518
87	157	0.69231
87	163	0.733782
87	168	0.788904
87	175	0.777436
87	179	0.771478
88	7	1.17807
88	50	1.16022
88	67	1.13704
88	76	1.07923
88	78	1.17934
88	84	1.14014
88	94	1.15699
88	104	1.07243
88	106	1.08826
88	112	1.11379
88	136	1.14231
88	140	1.1407
88	142	1.11149
88	154	0.75665
88	157	0.740165
88	160	0.799274
88	166	0.701366
88	168	0.83676
88	176	0.836298
88	178	0.820848
88	179	0.819333
89	6	1.28606
89	11	1.29378
89	31	0.753132
89	44	1.29958
89	56	1.20749
89	73	1.20702
89	82	1.23781
89	87	1.22883
89	96	1.11459
89	104	1.17484
89	106	1.19067
89	112	1.2162
89	133	0.687384
89	140	1.24311
89	149	0.679199
89	154	0.6304
89	155	0.805781
89	170	0.69079
89	172	0.669991
89	175	0.69904
89	179	0.693082
90	10	1.20283
90	20	0.681017
90	30	1.15285
90	33	1.14802
90	95	0.957123
90	97	1.16015
90	100	1.16509
90	103	1.21249
90	113	1.21074
90	114	1.20273
90	115	1.17805
90	120	0.794431
90	123	1.19468
90	130	1.17779
90	145	0.758655
90	149	0.71751
90	156	0.64282
90	160	0.711335
90	163	1.20841
90	166	0.613427
90	167	1.18616
90	170	0.729102
91	32	1.17504
91	42	0.705247
91	74	1.15908
91	76	1.13842
91	81	1.18572
91	110	1.20098
91	118	0.727628
91	120	1.23801
91	129	1.21342
91	132	1.16979
91	135	0.74854
91	136	1.20151
91	139	1.16628
91	142	1.17068
91	153	0.689273
91	160	0.731174
91	163	0.713538
91	167	1.19441
91	169	1.18666
91	171	0.76492
91	175	0.757192
91	180	0.773411
92	9	1.21478
92	18	1.06129
92	25	1.34285
92	52	0.853771
92	58	0.910755
92	70	1.17735
92	75	1.14223
92	117	1.18435
92	118	0.680951
92	120	1.22711
92	127	1.21016
92	131	0.687981
92	132	1.15888
92	139	1.15537
92	142	1.15978
92	144	1.20057
92	154	0.641873
92	155	1.16527
92	170	0.702264
92	176	0.721521
92	178	0.706072
92	179	0.704556
93	19	0.727391
93	70	1.17875
93	75	1.14363
93	99	0.892345
93	118	0.726559
93	124	0.723715
93	127	1.21156
93	129	1.20391
93	132	1.16028
93	134	1.2328
93	136	1.192
93	142	1.16117
93	144	1.20197
93	151	1.18521
93	155	1.16666
93	157	0.670997
93	166	0.632198
93	167	1.1849
93	169	1.17715
93	170	0.747872
93	174	0.735542
93	178	0.75168
94	81	1.18116
94	88	1.15699
94	98	1.17611
94	107	1.23399
94	110	1.19642
94	118	0.74126
94	124	0.738415
94	132	1.16523
94	139	1.16172
94	141	1.20369
94	142	1.16613
94	144	1.20692
94	151	1.19016
94	153	0.702905
94	154	0.702183
94	155	1.17162
94	163	0.727169
94	165	0.67502
94	167	1.18986
94	168	0.782292
94	171	0.778552
94	179	0.764865
95	61	1.05866
95	90	0.957123
95	99	1.08945
95	109	0.809993
95	126	1.08993
95	137	1.09669
95	143	1.13641
95	147	1.12306
95	148	1.14527
95	150	1.10527
95	152	1.08387
95	153	0.783904
95	157	0.766696
95	158	1.08878
95	160	1.11949
95	161	1.0806
95	162	1.08401
95	163	0.808168
95	164	1.09851
95	165	0.756018
95	171	0.85955
95	180	0.868041
96	6	1.09348
96	11	1.1012
96	20	0.839325
96	25	1.20438
96	29	1.21675
96	63	1.14469
96	67	1.04686
96	71	1.02767
96	73	1.01444
96	82	1.04522
96	87	1.03625
96	89	1.11459
96	104	0.982259
96	106	0.998083
96	109	0.853832
96	112	1.02361
96	118	0.866097
96	124	0.863252
96	140	1.05053
96	156	0.801128
96	170	0.88741
96	171	0.903389
96	175	0.89566
97	10	1.15876
97	21	1.01449
97	45	0.690764
97	65	1.21403
97	83	1.12886
97	90	1.16015
97	100	1.12102
97	101	1.21819
97	103	1.16842
97	105	0.788191
97	113	1.16667
97	114	1.15866
97	117	0.848265
97	119	0.890862
97	123	1.15061
97	130	1.13372
97	149	0.729146
97	163	1.16434
97	167	1.14208
97	172	0.719938
97	174	0.728407
97	178	0.744545
97	180	0.765207
98	18	1.03212
98	81	1.14565
98	84	1.15926
98	94	1.17611
98	102	0.908449
98	107	1.19848
98	110	1.16091
98	117	1.15518
98	122	0.79065
98	134	1.20223
98	139	1.12621
98	141	1.16817
98	142	1.13061
98	149	0.760174
98	151	1.15464
98	153	0.712098
98	154	0.711375
98	155	1.1361
98	165	0.684213
98	167	1.15434
98	173	0.792563
98	177	0.775007
98	178	0.775573
99	43	0.706967
99	77	0.738495
99	93	0.892345
99	95	1.08945
99	128	1.17243
99	131	0.74574
99	137	1.1447
99	140	0.769208
99	143	1.18442
99	147	1.17107
99	148	1.19327
99	150	1.15328
99	152	1.13187
99	158	1.13678
99	159	1.15006
99	161	1.12861
99	162	1.13201
99	164	1.14651
99	170	0.760023
99	174	0.747693
99	175	0.768273
99	176	0.77928
99	178	1.16553
100	14	1.16984
100	21	1.01943
100	39	1.20008
100	83	1.1338
100	90	1.16509
100	97	1.12102
100	101	1.22313
100	103	1.17336
100	111	1.11781
100	113	1.17161
100	114	1.1636
100	116	0.79949
100	123	1.15555
100	130	1.13866
100	141	0.894528
100	153	0.719489
100	165	0.691604
100	166	0.663483
100	167	1.14702
100	169	0.800319
100	172	0.758358
100	173	0.799954
100	177	0.782399
101	10	1.26087
101	14	1.26701
101	21	1.1166
101	58	0.872196
101	97	1.21819
101	100	1.22313
101	103	1.27052
101	111	1.21498
101	113	1.26877
101	114	1.26076
101	123	1.25272
101	130	1.23583
101	133	0.660299
101	137	0.796822
101	160	0.645938
101	163	1.26644
101	166	0.548031
101	167	1.24419
101	171	0.679684
101	173	0.684502
101	175	0.671955
101	176	0.682962
101	178	0.667513
102	72	1.14055
102	98	0.908449
102	112	0.894196
102	125	1.13342
102	143	1.18151
102	147	1.16816
102	148	1.19037
102	150	1.15037
102	152	1.12897
102	158	1.13388
102	159	1.14715
102	160	1.16459
102	161	1.1257
102	162	1.12911
102	164	1.14361
102	165	0.664681
102	166	0.636559
102	169	0.773395
102	172	0.731434
102	173	0.773031
102	176	0.771491
102	178	1.16263
102	179	0.754526
103	8	0.704259
103	13	1.22131
103	33	1.15628
103	83	1.18119
103	90	1.21249
103	97	1.16842
103	100	1.17336
103	101	1.27052
103	113	1.219
103	114	1.211
103	115	1.18632
103	123	1.20295
103	130	1.18606
103	160	0.72329
103	163	1.21668
103	165	0.653504
103	166	0.625383
103	167	1.19442
103	168	0.760776
103	169	0.762219
103	171	0.757036
103	172	0.720258
103	176	0.760315
103	178	0.744865
104	6	1.15374
104	29	1.27701
104	44	1.16726
104	56	1.07516
104	63	1.20495
104	71	1.08792
104	78	1.14943
104	82	1.10548
104	87	1.09651
104	88	1.07243
104	89	1.17484
104	96	0.982259
104	105	0.821795
104	106	1.05834
104	112	1.08387
104	140	1.11079
104	148	0.864795
104	152	0.928911
104	156	0.688059
104	157	0.697466
104	164	0.895548
104	172	0.753541
104	177	0.777582
104	179	0.776633
105	6	0.698224
105	17	1.18582
105	78	0.764695
105	97	0.788191
105	104	0.821795
105	117	0.770532
105	123	0.774858
105	126	1.12508
105	132	0.810636
105	141	0.778375
105	142	0.80786
105	148	1.18042
105	150	1.14042
105	161	1.11575
105	162	1.11916
105	164	1.13366
105	167	0.777697
105	168	1.12697
105	170	1.13165
105	172	1.14572
105	173	1.12325
105	174	1.13264
105	175	1.12632
105	177	1.14105
105	178	1.15268
105	180	1.1194
106	6	1.16956
106	11	1.17728
106	27	0.806068
106	29	1.29284
106	44	1.18308
106	63	1.22077
106	67	1.12295
106	71	1.10375
106	73	1.09052
106	78	1.16525
106	85	0.782113
106	87	1.11233
106	88	1.08826
106	89	1.19067
106	96	0.998083
106	104	1.05834
106	112	1.0997
106	120	0.834381
106	131	0.754768
106	140	1.12661
106	172	0.748252
106	174	0.756721
106	176	0.788309
106	177	0.772293
106	179	0.771344
106	180	0.793521
107	31	0.736182
107	76	1.15623
107	77	0.652312
107	85	0.686901
107	94	1.23399
107	98	1.19848
107	110	1.21879
107	117	1.21306
107	127	1.23888
107	129	1.23123
107	132	1.1876
107	133	0.670433
107	134	1.26012
107	136	1.21932
107	137	0.806956
107	141	1.22606
107	142	1.18849
107	144	1.22929
107	155	1.19398
107	162	0.807415
107	169	1.20447
107	173	0.694637
107	175	0.68209
107	176	0.693097
107	178	0.677648
107	180	0.698309
108	12	0.701113
108	24	0.642152
108	51	1.14027
108	113	0.803773
108	119	1.20148
108	121	1.19283
108	125	1.20529
108	126	1.2069
108	128	1.2414
108	135	0.727837
108	143	1.25339
108	147	1.24003
108	148	1.26224
108	150	1.22225
108	152	1.20084
108	153	0.66857
108	159	1.21903
108	161	1.19758
108	162	1.20098
108	163	0.692834
108	164	1.21548
108	165	0.640685
108	173	0.749035
108	174	0.715908
108	175	0.736488
108	177	0.731479
109	18	1.07084
109	56	0.732448
109	70	1.18691
109	72	0.735596
109	95	0.809993
109	96	0.853832
109	114	0.681532
109	120	1.23666
109	121	0.720977
109	126	0.715059
109	129	1.21207
109	130	0.715359
109	139	1.16493
109	144	1.21013
109	147	0.717208
109	148	0.672426
109	152	0.736542
109	155	1.17482
109	169	1.18531
109	170	1.1848
109	171	1.18366
109	172	1.19887
109	173	1.1764
109	174	1.18579
109	175	1.17947
109	179	1.17681
109	180	1.17255
110	18	1.05243
110	35	1.32417
110	39	0.782137
110	48	0.679686
110	50	1.19966
110	55	1.17036
110	58	0.929391
110	62	0.671863
110	74	1.13932
110	86	1.18788
110	91	1.20098
110	94	1.19642
110	98	1.16091
110	107	1.21879
110	116	0.741233
110	124	0.696743
110	134	1.22255
110	135	0.7205
110	136	1.18175
110	138	0.702785
110	139	1.14652
110	151	1.17496
110	155	1.15641
110	169	1.1669
110	170	0.7209
110	176	0.740158
110	178	0.724708
111	39	1.19193
111	43	0.727601
111	65	1.21082
111	76	1.08288
111	84	1.1438
111	86	1.1521
111	100	1.11781
111	101	1.21498
111	113	1.16346
111	114	1.15545
111	120	1.18247
111	123	1.1474
111	124	0.7565
111	136	1.14597
111	138	0.762542
111	147	0.915893
111	151	1.13918
111	155	1.12063
111	156	0.694375
111	157	0.703782
111	163	1.16113
111	165	0.693104
111	167	1.13887
111	169	1.13112
111	175	0.788907
111	176	0.799914
111	177	0.783899
111	178	0.784465
112	6	1.19509
112	11	1.20281
112	20	0.709428
112	29	1.31837
112	44	1.20861
112	56	1.11652
112	67	1.14848
112	71	1.12928
112	73	1.11605
112	78	1.19078
112	82	1.14684
112	87	1.13786
112	88	1.11379
112	89	1.2162
112	96	1.02361
112	102	0.894196
112	104	1.08387
112	106	1.0997
112	118	0.736199
112	122	0.776397
112	133	0.754106
112	140	1.15214
112	160	0.739745
112	169	0.778674
112	172	0.736713
112	175	0.765763
112	178	0.76132
112	179	0.759805
113	10	1.20935
113	13	1.21955
113	21	1.06508
113	30	1.15936
113	65	1.26462
113	72	0.84471
113	83	1.17944
113	90	1.21074
113	97	1.16667
113	100	1.17161
113	101	1.26877
113	103	1.219
113	108	0.803773
113	111	1.16346
113	114	1.20925
113	123	1.2012
113	130	1.18431
113	131	0.676803
113	145	0.720639
113	157	0.614211
113	158	0.81628
113	163	1.21493
113	167	1.19267
113	169	0.712248
113	171	0.707065
113	176	0.710343
113	177	0.694327
113	178	0.694894
113	180	0.715555
114	4	1.21405
114	12	0.687985
114	14	1.20748
114	30	1.15136
114	40	0.686773
114	65	1.25661
114	68	0.843616
114	83	1.17144
114	90	1.20273
114	97	1.15866
114	100	1.1636
114	101	1.26076
114	103	1.211
114	109	0.681532
114	111	1.15545
114	113	1.20925
114	115	1.17656
114	123	1.19319
114	130	1.1763
114	152	0.86968
114	156	0.628828
114	163	1.20692
114	167	1.18466
114	168	0.734829
114	172	0.694311
114	173	0.735907
114	174	0.70278
114	175	0.72336
114	177	0.718352
115	4	1.18937
115	14	1.1828
115	35	0.774861
115	64	0.799874
115	90	1.17805
115	103	1.18632
115	114	1.17656
115	123	1.16851
115	124	0.730514
115	126	1.14514
115	128	1.17964
115	130	1.15162
115	140	0.763857
115	143	1.19163
115	146	0.779054
115	147	1.17827
115	152	1.13908
115	156	0.66839
115	158	1.14399
115	159	1.15727
115	161	1.13582
115	163	1.18224
115	164	1.15372
115	166	0.638998
115	167	1.15998
115	168	0.774391
115	169	0.775834
115	170	0.754672
115	176	0.773929
115	180	0.779141
116	44	0.713109
116	46	0.721365
116	47	0.702425
116	54	0.775107
116	57	0.767294
116	65	0.687031
116	84	0.78542
116	100	0.79949
116	110	0.741233
116	137	0.769
116	139	0.796199
116	149	1.16409
116	153	1.18703
116	154	1.18703
116	156	1.2337
116	157	1.21036
116	159	0.739261
116	165	1.2253
116	166	1.3037
116	168	1.1324
116	170	1.13708
116	171	1.13595
116	172	1.15115
116	173	1.12868
116	174	1.13807
116	175	1.13175
116	176	1.13328
116	177	1.14648
116	179	1.12909
116	180	1.12484
117	23	1.04765
117	55	1.16464
117	68	0.851584
117	74	1.13359
117	76	1.11294
117	77	0.70155
117	84	1.17385
117	92	1.18435
117	97	0.848265
117	98	1.15518
117	105	0.770532
117	107	1.21306
117	120	1.21252
117	127	1.19558
117	129	1.18793
117	132	1.1443
117	133	0.719671
117	134	1.21682
117	141	1.18276
117	144	1.18599
117	151	1.16923
117	153	0.66341
117	155	1.15069
117	159	0.826455
117	164	0.844285
117	166	0.607404
117	167	1.16893
117	170	0.723078
117	171	0.739057
117	174	0.710748
118	4	0.704507
118	7	0.713592
118	13	0.64209
118	91	0.727628
118	92	0.680951
118	93	0.726559
118	94	0.74126
118	96	0.866097
118	112	0.736199
118	143	0.714352
118	153	1.21433
118	154	1.21433
118	156	1.261
118	157	1.23766
118	162	0.727812
118	164	0.715444
118	165	1.2526
118	166	1.331
118	168	1.1597
118	170	1.16438
118	171	1.16325
118	172	1.17845
118	173	1.15598
118	174	1.16537
118	175	1.15905
118	176	1.16058
118	177	1.17378
118	179	1.15639
118	180	1.15213
119	5	1.02374
119	38	0.861632
119	48	0.724461
119	76	1.09184
119	97	0.890862
119	108	1.20148
119	125	1.13138
119	127	1.17448
119	128	1.16749
119	132	1.1232
119	137	1.13976
119	141	1.16166
119	144	1.16489
119	146	0.790057
119	148	1.18833
119	149	0.754083
119	151	1.14813
119	155	1.12959
119	156	0.679393
119	158	1.13184
119	159	1.14512
119	162	1.12707
119	164	1.14157
119	167	1.14783
119	170	0.765675
119	171	0.781654
119	174	0.753345
119	175	0.773925
119	177	0.768916
119	178	1.16059
119	179	0.767967
120	5	1.0876
120	25	1.37102
120	27	0.717897
120	37	1.13126
120	41	0.797278
120	55	1.20739
120	58	0.889371
120	74	1.17635
120	75	1.17041
120	81	1.20299
120	84	1.21661
120	90	0.794431
120	91	1.23801
120	92	1.22711
120	106	0.834381
120	109	1.23666
120	111	1.18247
120	117	1.21252
120	138	0.662765
120	141	1.22552
120	142	1.18795
120	144	1.22875
120	146	0.705262
120	153	0.621212
120	155	1.19344
120	163	0.645477
120	165	0.593327
120	169	1.20393
120	171	0.696859
120	174	0.66855
120	177	0.684122
121	26	1.12696
121	47	1.20438
121	61	1.09307
121	72	1.12985
121	73	0.917866
121	75	0.905789
121	77	0.733027
121	108	1.19283
121	109	0.720977
121	122	0.77344
121	125	1.12272
121	128	1.15883
121	137	1.1311
121	143	1.17082
121	148	1.17967
121	149	0.742964
121	150	1.13968
121	152	1.11828
121	153	0.694887
121	155	0.869546
121	158	1.12319
121	159	1.13646
121	160	1.15389
121	161	1.11501
121	162	1.11841
121	164	1.13292
121	166	0.638881
121	173	0.775352
121	178	1.15194
121	179	0.756848
121	180	0.779025
122	21	0.954332
122	28	0.666607
122	32	0.795977
122	98	0.79065
122	112	0.776397
122	121	0.77344
122	137	0.767551
122	142	0.779291
122	144	0.751286
122	148	0.724889
122	151	0.763887
122	153	1.16431
122	154	1.16431
122	155	0.749426
122	156	1.21098
122	157	1.18765
122	165	1.20259
122	166	1.28098
122	168	1.10969
122	169	1.11488
122	170	1.11437
122	171	1.11323
122	172	1.12844
122	173	1.10597
122	174	1.11536
122	175	1.10904
122	176	1.11057
122	177	1.12376
122	178	1.1354
122	179	1.10638
122	180	1.10212
123	4	1.206
123	13	1.2035
123	14	1.19943
123	20	0.67932
123	21	1.04902
123	31	0.789747
123	33	1.13848
123	39	1.22967
123	83	1.16339
123	90	1.19468
123	97	1.15061
123	100	1.15555
123	101	1.25272
123	103	1.20295
123	105	0.774858
123	111	1.1474
123	113	1.2012
123	114	1.19319
123	115	1.16851
123	130	1.16825
123	133	0.723998
123	134	0.785939
123	144	0.844256
123	157	0.650529
123	160	0.709637
123	163	1.19887
123	167	1.17661
123	168	0.747124
123	172	0.706605
123	175	0.735655
123	178	0.731212
123	179	0.729697
124	32	0.752935
124	56	0.741868
124	70	0.694259
124	93	0.723715
124	94	0.738415
124	96	0.863252
124	110	0.696743
124	111	0.7565
124	115	0.730514
124	132	0.739024
124	145	1.13497
124	147	0.726629
124	153	1.20209
124	154	1.20209
124	156	1.24875
124	157	1.22542
124	162	0.724968
124	165	1.24036
124	166	1.31875
124	167	0.706085
124	168	1.14746
124	170	1.15214
124	171	1.151
124	172	1.16621
124	173	1.14374
124	174	1.15313
124	175	1.14681
124	176	1.14834
124	177	1.16154
124	178	1.17317
124	179	1.14415
124	180	1.13989
125	28	1.29887
125	40	0.746081
125	51	1.07017
125	72	1.14232
125	102	1.13342
125	108	1.20529
125	119	1.13138
125	121	1.12272
125	128	1.1713
125	133	0.771011
125	137	1.14357
125	138	0.756303
125	143	1.18329
125	145	0.803971
125	146	0.7988
125	147	1.16993
125	148	1.19214
125	150	1.15214
125	152	1.13074
125	153	0.71475
125	158	1.13565
125	159	1.14893
125	161	1.12748
125	162	1.13088
125	163	0.739014
125	164	1.14538
125	166	0.658743
125	173	0.795215
125	174	0.762087
125	176	0.793675
125	177	0.777659
125	178	1.1644
125	180	0.798887
126	2	1.20025
126	26	1.14103
126	27	1.13603
126	62	0.699599
126	68	0.877143
126	70	0.851504
126	95	1.08993
126	105	1.12508
126	108	1.2069
126	109	0.715059
126	115	1.14514
126	128	1.17291
126	135	0.748236
126	137	1.14517
126	143	1.1849
126	147	1.17154
126	148	1.19375
126	150	1.15375
126	152	1.13235
126	153	0.688969
126	158	1.13726
126	159	1.15054
126	160	1.16797
126	162	1.13249
126	164	1.14699
126	170	0.748637
126	171	0.764616
126	173	0.769434
126	175	0.756887
126	176	0.767894
126	178	1.16601
126	179	0.750929
126	180	0.773106
127	23	1.07346
127	32	1.17537
127	37	1.11431
127	40	0.691074
127	46	1.25665
127	50	1.21975
127	74	1.1594
127	75	1.15347
127	92	1.21016
127	93	1.21156
127	107	1.23888
127	117	1.19558
127	119	1.17448
127	129	1.21375
127	132	1.17011
127	133	0.716005
127	134	1.24263
127	136	1.20184
127	143	0.839526
127	144	1.21181
127	145	0.748965
127	151	1.19505
127	159	0.822789
127	160	0.701644
127	163	0.684008
127	165	0.631858
127	167	1.19474
127	168	0.73913
127	169	1.18699
127	173	0.740208
127	174	0.707081
127	177	0.722653
127	178	0.723219
127	180	0.74388
128	3	1.21994
128	14	0.832132
128	24	0.643499
128	66	1.26369
128	99	1.17243
128	108	1.2414
128	115	1.17964
128	119	1.16749
128	121	1.15883
128	125	1.1713
128	126	1.17291
128	130	0.862971
128	140	0.73877
128	143	1.2194
128	146	0.753967
128	147	1.20604
128	150	1.18825
128	152	1.16685
128	156	0.643303
128	158	1.17176
128	159	1.18504
128	160	1.20247
128	161	1.16358
128	162	1.16699
128	163	0.694181
128	164	1.18149
128	165	0.642032
128	169	0.750746
128	170	0.729585
128	172	0.708785
128	176	0.748842
128	177	0.732826
128	178	1.20051
128	179	0.731877
129	7	1.22994
129	9	1.21837
129	34	0.726052
129	60	1.10571
129	62	0.660715
129	69	0.799676
129	70	1.18094
129	76	1.1311
129	79	0.89961
129	81	1.1784
129	86	1.20032
129	91	1.21342
129	93	1.20391
129	107	1.23123
129	109	1.21207
129	117	1.18793
129	127	1.21375
129	130	0.84314
129	131	0.69547
129	132	1.16246
129	134	1.23498
129	139	1.15896
129	141	1.20092
129	151	1.1874
129	155	1.16885
129	160	0.691986
129	166	0.594079
129	168	0.729472
129	169	1.17934
129	174	0.697423
129	177	0.712995
129	178	0.713561
129	179	0.712046
129	180	0.734223
130	4	1.18911
130	8	0.712139
130	10	1.1764
130	13	1.18661
130	14	1.18254
130	21	1.03213
130	24	0.662851
130	30	1.12642
130	33	1.12159
130	39	1.21278
130	65	1.23168
130	83	1.1465
130	90	1.17779
130	97	1.13372
130	100	1.13866
130	101	1.23583
130	103	1.18606
130	109	0.715359
130	113	1.18431
130	114	1.1763
130	115	1.15162
130	123	1.16825
130	128	0.862971
130	129	0.84314
130	133	0.74553
130	135	0.748536
130	145	0.77849
130	157	0.672062
130	160	0.73117
130	163	1.18198
130	167	1.15972
130	169	0.770099
130	171	0.764916
130	174	0.736607
130	176	0.768194
131	1	0.724578
131	10	0.717444
131	36	0.765304
131	74	0.779979
131	78	0.702958
131	83	0.679587
131	92	0.687981
131	99	0.74574
131	106	0.754768
131	113	0.676803
131	129	0.69547
131	145	1.15772
131	146	1.1659
131	148	0.691722
131	149	1.2019
131	153	1.22483
131	154	1.22483
131	155	0.716258
131	156	1.2715
131	157	1.24817
131	162	0.734842
131	164	0.722474
131	165	1.26311
131	166	1.3415
131	168	1.17021
131	170	1.17489
131	171	1.17375
131	172	1.18896
131	173	1.16649
131	174	1.17588
131	175	1.16956
131	176	1.17109
131	177	1.18428
131	178	1.19592
131	179	1.1669
131	180	1.16264
132	17	0.8151
132	18	1.02124
132	27	0.800199
132	37	1.06303
132	41	0.87958
132	43	0.710126
132	46	1.20536
132	84	1.14838
132	86	1.15668
132	91	1.16979
132	92	1.15888
132	93	1.16028
132	94	1.16523
132	105	0.810636
132	107	1.1876
132	117	1.1443
132	119	1.1232
132	124	0.739024
132	127	1.17011
132	129	1.16246
132	134	1.19135
132	136	1.15056
132	139	1.11532
132	141	1.15729
132	142	1.11973
132	144	1.16052
132	146	0.787564
132	155	1.12522
132	156	0.6769
132	160	0.745415
132	167	1.14346
132	170	0.763182
132	171	0.779161
132	175	0.771432
132	178	0.76699
132	179	0.765474
133	1	0.735455
133	30	0.792576
133	35	0.632333
133	55	0.773454
133	78	0.713834
133	89	0.687384
133	101	0.660299
133	107	0.670433
133	112	0.754106
133	117	0.719671
133	123	0.723998
133	125	0.771011
133	127	0.716005
133	130	0.74553
133	145	1.15772
133	146	1.1659
133	148	0.702598
133	149	1.2019
133	153	1.22483
133	154	1.22483
133	156	1.2715
133	157	1.24817
133	165	1.26311
133	166	1.3415
133	168	1.17021
133	170	1.17489
133	171	1.17375
133	172	1.18896
133	173	1.16649
133	174	1.17588
133	175	1.16956
133	176	1.17109
133	177	1.18428
133	178	1.19592
133	179	1.1669
133	180	1.16264
134	2	0.78294
134	5	1.09189
134	18	1.09376
134	24	0.587998
134	52	0.825592
134	55	1.21169
134	57	0.805495
134	60	1.1346
134	68	0.802591
134	70	1.20982
134	75	1.17471
134	93	1.2328
134	98	1.20223
134	107	1.26012
134	110	1.22255
134	117	1.21682
134	123	0.785939
134	127	1.24263
134	129	1.23498
134	132	1.19135
134	135	0.673684
134	136	1.22308
134	139	1.18785
134	140	0.68327
134	141	1.22981
134	142	1.19225
134	144	1.23304
134	145	0.703638
134	151	1.21628
134	155	1.19774
134	158	0.799279
134	163	0.638681
134	174	0.661754
134	175	0.682335
134	178	0.677892
134	180	0.698554
135	14	0.717697
135	59	0.825972
135	91	0.74854
135	108	0.727837
135	110	0.7205
135	126	0.748236
135	130	0.748536
135	134	0.673684
