1	33	0.800109
1	49	0.713943
1	70	0.636249
1	148	0.738889
1	164	0.703389
1	169	1.18443
1	172	1.19878
1	173	1.18788
1	175	1.21165
1	176	1.20882
1	179	1.1942
1	180	1.21424
2	19	0.733914
2	42	0.678798
2	77	0.763826
2	161	0.716551
2	165	0.699972
2	171	1.19048
2	172	1.19548
2	173	1.18457
2	175	1.20834
2	177	1.21932
2	179	1.19089
2	180	1.21093
3	41	1.14891
3	42	1.24024
3	62	1.26437
3	66	1.15055
3	74	0.753572
3	77	1.18017
3	99	1.22089
3	129	0.655702
3	149	0.726173
3	161	1.19488
3	172	0.730111
3	179	0.741293
4	5	1.25923
4	6	1.26395
4	57	1.16416
4	93	1.08412
4	96	1.15513
4	117	0.739016
4	137	1.26379
4	159	0.695124
4	167	1.20963
4	169	0.745054
4	170	0.707441
4	173	0.720173
5	4	1.25923
5	64	1.12872
5	93	1.07416
5	109	1.2196
5	115	1.24069
5	124	1.22377
5	137	1.25383
5	143	0.758296
5	151	0.706297
5	157	0.758784
5	178	0.675501
5	180	0.707956
6	4	1.26395
6	19	1.17484
6	93	1.07888
6	96	1.14989
6	115	1.24541
6	124	1.22849
6	134	0.734116
6	137	1.25855
6	147	0.725341
6	151	0.70119
6	152	0.732003
6	160	0.714283
7	25	1.27107
7	60	1.1285
7	85	1.24735
7	108	1.1743
7	120	1.18588
7	141	1.20665
7	150	0.705566
7	151	0.728467
7	167	1.18626
7	170	0.749647
7	177	0.725562
7	178	0.697671
8	34	1.12231
8	58	1.28697
8	61	1.14315
8	86	1.15997
8	94	1.2183
8	95	1.2183
8	145	0.764318
8	152	0.713166
8	158	0.71653
8	166	0.694065
8	173	0.716265
8	178	1.251
9	32	0.975809
9	46	1.04688
9	79	1.0481
9	98	1.03683
9	107	0.889584
9	121	1.091
9	125	1.05576
9	129	0.839097
9	131	1.0439
9	136	0.903384
9	145	0.973542
9	178	1.10173
10	12	1.24456
10	33	1.12547
10	56	1.16112
10	86	1.16529
10	94	1.22362
10	95	1.22362
10	150	0.69093
10	152	0.744643
10	160	0.726924
10	174	0.720807
10	176	0.723696
10	178	1.25632
11	78	1.17878
11	99	0.737148
11	103	0.767863
11	111	1.22479
11	124	1.19484
11	133	0.68475
11	137	1.2249
11	163	0.695934
11	168	0.70783
11	172	1.17913
11	177	1.20297
11	180	1.19459
12	10	1.24456
12	20	0.786268
12	33	1.12758
12	61	1.15058
12	86	1.16739
12	94	1.22573
12	95	1.22573
12	146	0.707387
12	172	0.717831
12	175	0.699918
12	177	0.692997
12	178	1.25843
13	23	0.740763
13	63	1.15512
13	72	0.771418
13	78	1.12824
13	80	1.12293
13	89	1.18603
13	90	1.14286
13	100	1.06529
13	111	1.17425
13	146	0.792905
13	149	0.799411
13	160	1.12527
13	170	0.8026
14	43	1.11145
14	55	1.05013
14	82	1.1188
14	85	1.16992
14	88	0.819673
14	104	1.25459
14	108	1.09688
14	110	1.169
14	123	0.768716
14	138	0.778018
14	141	1.12922
14	143	0.752607
14	145	0.782573
15	22	0.826295
15	98	1.11515
15	105	1.15596
15	121	1.16932
15	125	1.13407
15	128	1.13006
15	131	1.12222
15	134	0.785333
15	140	0.769165
15	143	1.09317
15	166	0.764119
15	176	0.762272
15	178	1.18004
16	64	1.08259
16	93	1.02803
16	96	1.09904
16	102	0.817557
16	109	1.17348
16	115	1.19457
16	124	1.17764
16	137	1.2077
16	147	0.790244
16	154	0.800764
16	161	1.13695
16	177	0.763188
16	178	0.735297
17	71	0.679401
17	80	1.29889
17	83	1.29825
17	89	1.36199
17	90	1.31882
17	100	1.24125
17	134	0.646881
17	148	0.721219
17	153	0.656827
17	160	1.30123
17	161	1.27957
17	175	0.617971
17	178	0.583159
18	38	0.749289
18	73	0.731124
18	94	0.77982
18	118	0.826544
18	155	1.1203
18	167	0.806197
18	170	1.13916
18	171	1.12632
18	175	1.14419
18	176	1.14136
18	177	1.15516
18	179	1.12673
18	180	1.14677
19	2	0.733914
19	6	1.17484
19	35	1.2082
19	64	1.04957
19	72	0.764808
19	96	1.06602
19	102	0.826273
19	115	1.16155
19	124	1.14462
19	137	1.17468
19	147	0.79896
19	167	1.12052
19	174	0.781785
20	12	0.786268
20	112	1.13007
20	113	0.800277
20	119	1.1399
20	122	1.11471
20	127	0.762855
20	130	1.16322
20	148	1.11527
20	163	1.1561
20	164	1.14602
20	165	1.13471
20	171	0.775888
20	179	0.780122
21	31	1.214
21	60	1.08701
21	76	1.07179
21	108	1.13281
21	120	1.14438
21	139	1.14008
21	141	1.16516
21	166	0.783518
21	167	1.14477
21	171	0.800681
21	173	0.805718
21	175	0.775822
21	178	0.74101
22	15	0.826295
22	105	0.760207
22	110	0.749885
22	116	0.793281
22	147	1.10783
22	152	1.13858
22	158	0.764711
22	169	1.1224
22	171	1.13176
22	174	1.15444
22	177	1.1606
22	179	1.13217
22	180	1.15221
23	13	0.740763
23	36	0.653288
23	64	0.809545
23	69	0.613002
23	109	0.688804
23	162	0.687052
23	169	1.20204
23	170	1.22425
23	174	1.23409
23	175	1.22927
23	176	1.22644
23	177	1.24024
23	179	1.21182
23	180	1.23186
24	29	1.04186
24	93	0.964485
24	102	0.87844
24	107	1.10598
24	109	1.10993
24	115	1.13102
24	124	1.11409
24	129	0.774495
24	135	1.09849
24	137	1.14415
24	145	0.90894
24	167	1.08999
24	172	0.848904
24	178	0.79618
25	7	1.27107
25	55	1.17616
25	67	0.771861
25	76	1.16189
25	107	0.675198
25	108	1.22291
25	120	1.23448
25	135	1.24337
25	141	1.25526
25	142	0.686572
25	153	0.720065
25	167	1.23487
25	171	0.706068
25	178	0.646396
26	28	1.05446
26	42	1.13058
26	66	1.0409
26	77	1.07052
26	87	0.805791
26	99	1.11123
26	110	1.16197
26	123	1.07893
26	129	0.813331
26	145	1.06618
26	150	0.842911
26	161	1.08523
26	166	0.877524
26	180	0.86747
27	106	0.83445
27	110	0.802605
27	130	0.836601
27	133	0.828776
27	144	1.09559
27	148	0.890518
27	169	1.06867
27	170	1.09087
27	173	1.07212
27	175	1.09589
27	176	1.09307
27	177	1.10687
27	179	1.07844
27	180	1.09848
28	26	1.05446
28	42	1.13149
28	62	1.15562
28	66	1.04181
28	77	1.07142
28	99	1.11214
28	123	1.07984
28	140	0.829526
28	145	1.06708
28	156	0.845294
28	161	1.08613
28	167	0.880519
28	172	0.834697
28	180	0.814427
29	24	1.04186
29	72	0.804907
29	93	0.976431
29	96	1.04744
29	109	1.12188
29	115	1.14296
29	124	1.12604
29	126	0.828093
29	137	1.1561
29	147	0.83906
29	161	1.08535
29	167	1.10194
29	168	0.883511
29	173	0.84882
30	51	0.846361
30	88	1.07164
30	107	0.851135
30	119	1.08496
30	133	1.12466
30	148	1.06033
30	150	0.830228
30	162	1.09711
30	163	1.10116
30	164	1.09108
30	165	1.07978
30	168	1.08927
30	175	0.857145
30	178	0.822333
31	21	1.214
31	76	1.14631
31	102	1.18092
31	104	1.36505
31	108	1.20734
31	120	1.21891
31	135	1.22779
31	141	1.23968
31	152	0.710164
31	153	0.722224
31	170	0.700532
31	174	0.686328
31	177	0.676447
31	179	0.712462
32	9	0.975809
32	75	1.12817
32	81	1.08176
32	121	1.13354
32	125	1.0983
32	126	0.832457
32	128	1.09429
32	131	1.08645
32	143	1.0574
32	147	0.843424
32	152	0.850085
32	156	0.851798
32	176	0.829138
32	178	1.14427
33	1	0.800109
33	10	1.12547
33	12	1.12758
33	34	1.01066
33	48	1.0912
33	56	1.04414
33	86	1.04831
33	94	1.10664
33	95	1.10664
33	127	0.840974
33	134	0.858057
33	155	0.86959
33	166	0.836843
33	178	1.13934
34	8	1.12231
34	33	1.01066
34	56	1.0463
34	58	1.17748
34	61	1.03366
34	86	1.05047
34	94	1.10881
34	95	1.10881
34	146	0.81458
34	147	0.827246
34	151	0.803095
34	157	0.855581
34	161	0.903894
34	178	1.14151
35	19	1.2082
35	57	1.19227
35	64	1.16679
35	96	1.18324
35	109	1.25768
35	115	1.27877
35	137	1.2919
35	150	0.659921
35	155	0.727281
35	161	1.22116
35	170	0.704002
35	173	0.716734
35	179	0.715932
35	180	0.684481
36	23	0.653288
36	103	1.18413
36	148	1.19882
36	155	0.738402
36	158	1.26623
36	159	0.702808
36	162	1.2356
36	163	1.23964
36	164	1.22957
36	165	1.21826
36	168	1.22775
36	172	0.715873
36	174	0.70092
36	180	0.695603
37	39	0.654565
37	60	0.771894
37	121	0.679587
37	135	0.697341
37	157	1.19192
37	163	0.680868
37	165	0.708382
37	170	1.23233
37	171	1.21948
37	173	1.21358
37	176	1.23452
37	177	1.24833
37	179	1.2199
37	180	1.23994
38	18	0.749289
38	117	0.720244
38	130	1.23985
38	145	1.18464
38	158	1.25931
38	162	1.22867
38	163	1.23272
38	164	1.22265
38	165	1.21134
38	168	1.22083
38	169	0.726282
38	176	0.677354
38	177	0.664583
38	180	0.669147
39	37	0.654565
39	119	1.2235
39	131	0.755591
39	134	0.719976
39	138	1.22652
39	146	0.698535
39	148	1.19887
39	151	0.68705
39	162	1.23565
39	163	1.2397
39	164	1.22962
39	165	1.21832
39	168	1.22781
39	180	0.688709
40	55	1.15666
40	60	1.15761
40	69	1.32092
40	82	1.22533
40	85	1.27645
40	108	1.20341
40	123	0.751564
40	135	1.22386
40	141	1.23575
40	166	0.695168
40	172	0.705384
40	174	0.690432
40	177	0.680551
40	180	0.685114
41	3	1.14891
41	42	1.11628
41	62	1.14041
41	66	1.02659
41	77	1.05621
41	84	1.09189
41	87	0.77829
41	99	1.09693
41	136	0.850117
41	145	1.05187
41	156	0.870836
41	161	1.07092
41	173	0.872222
41	177	0.835405
42	2	0.678798
42	3	1.24024
42	26	1.13058
42	28	1.13149
42	41	1.11628
42	62	1.23174
42	99	1.18826
42	102	0.771157
42	123	1.15596
42	145	1.1432
42	147	0.743844
42	153	0.762565
42	157	0.772179
42	161	1.16225
42	169	0.778486
43	14	1.11145
43	60	1.09493
43	74	0.772189
43	82	1.16265
43	85	1.21377
43	104	1.29844
43	108	1.14072
43	120	1.1523
43	141	1.17307
43	149	0.74479
43	159	0.735663
43	167	1.15268
43	168	0.795402
43	174	0.733775
43	177	0.723894
44	56	0.807631
44	58	0.673005
44	95	0.730972
44	118	0.759861
44	128	0.747835
44	157	1.13151
44	161	0.772564
44	169	1.14971
44	171	1.15907
44	174	1.18175
44	175	1.17694
44	176	1.17411
44	177	1.18791
44	179	1.15948
44	180	1.17952
45	50	1.13592
45	73	1.24178
45	105	1.18346
45	121	1.19681
45	125	1.16156
45	127	0.752198
45	128	1.15755
45	131	1.14971
45	142	0.745735
45	143	1.12066
45	151	0.736356
45	154	0.771027
45	160	1.15255
45	177	0.733451
45	179	0.769466
46	9	1.04688
46	75	1.19924
46	98	1.15044
46	102	0.79413
46	105	1.19126
46	121	1.20461
46	125	1.16937
46	128	1.16536
46	129	0.690185
46	131	1.15751
46	144	0.754064
46	146	0.75415
46	171	0.771541
46	178	1.21534
46	180	0.744324
47	58	0.702835
47	70	0.706219
47	92	0.753781
47	133	0.747116
47	148	0.808858
47	162	0.772656
47	166	1.17007
47	171	1.1568
47	172	1.1618
47	173	1.15089
47	174	1.17948
47	175	1.17466
47	176	1.17184
47	179	1.15721
47	180	1.17725
48	33	1.0912
48	56	1.12684
48	58	1.25802
48	61	1.1142
48	71	0.778333
48	86	1.13101
48	94	1.18935
48	95	1.18935
48	107	1.17797
48	143	0.764886
48	166	0.7246
48	169	0.771681
48	176	0.722753
48	178	1.22205
48	179	0.745998
49	1	0.713943
49	63	1.18839
49	78	1.1615
49	80	1.1562
49	83	1.15556
49	89	1.21929
49	90	1.17612
49	100	1.09856
49	102	0.790429
49	111	1.20752
49	136	0.750771
49	161	1.13687
49	170	0.760145
49	175	0.74298
49	176	0.74883
50	45	1.13592
50	68	0.773245
50	73	1.23282
50	79	1.14495
50	81	1.13607
50	105	1.17449
50	121	1.18785
50	128	1.14859
50	131	1.14075
50	152	0.744006
50	153	0.756065
50	157	0.76568
50	176	0.723058
50	178	1.19857
50	179	0.746303
51	30	0.846361
51	59	0.663886
51	61	0.777684
51	103	0.778513
51	121	0.705303
51	159	1.17127
51	162	0.72094
51	170	1.16417
51	171	1.15132
51	174	1.17401
51	175	1.16919
51	176	1.16636
51	177	1.18017
51	179	1.15174
51	180	1.17178
52	84	0.793863
52	103	1.07469
52	117	0.829173
52	122	1.08882
52	130	1.13733
52	132	1.11527
52	133	1.1537
52	147	0.800569
52	156	0.808943
52	158	1.15679
52	160	0.789511
52	162	1.12615
52	164	1.12013
52	165	1.10882
52	168	1.11831
52	176	0.786283
53	85	0.723894
53	93	0.977864
53	133	0.754747
53	135	0.782404
53	150	1.13158
53	158	0.743402
53	161	0.810025
53	170	1.11909
53	171	1.10624
53	173	1.10034
53	174	1.12893
53	175	1.12411
53	176	1.12128
53	177	1.13508
53	179	1.10666
53	180	1.1267
54	101	1.20134
54	133	1.2781
54	134	0.693696
54	144	0.672168
54	148	1.21377
54	153	0.703641
54	157	0.713256
54	158	1.28118
54	162	1.25055
54	163	1.2546
54	164	1.24452
54	165	1.23322
54	168	1.24271
54	176	0.670635
54	179	0.69388
54	180	0.662428
55	14	1.05013
55	25	1.17616
55	40	1.15666
55	60	1.0336
55	71	0.83611
55	85	1.15244
55	104	1.23711
55	120	1.09097
55	123	0.838772
55	135	1.09985
55	141	1.11174
55	152	0.801477
55	159	0.779528
55	167	1.09135
55	174	0.777641
55	175	0.77468
56	10	1.16112
56	33	1.04414
56	34	1.0463
56	44	0.807631
56	48	1.12684
56	58	1.21096
56	61	1.06714
56	86	1.08395
56	94	1.14228
56	95	1.14228
56	126	0.805697
56	136	0.80432
56	150	0.769613
56	151	0.792514
56	154	0.827185
56	178	1.17498
57	4	1.16416
57	35	1.19227
57	85	0.808075
57	93	0.979087
57	107	1.12058
57	109	1.12453
57	115	1.14562
57	123	1.08171
57	124	1.1287
57	129	0.740925
57	137	1.15876
57	151	0.793406
57	153	0.836278
57	167	1.10459
57	174	0.800382
57	179	0.826516
58	8	1.28697
58	34	1.17748
58	44	0.673005
58	47	0.702835
58	48	1.25802
58	56	1.21096
58	61	1.19832
58	86	1.21513
58	94	1.27347
58	95	1.27347
58	145	0.739851
58	159	0.66675
58	173	0.691798
58	174	0.664863
58	176	0.667752
58	178	1.30617
59	51	0.663886
59	97	1.23244
59	118	1.23557
59	138	1.24468
59	144	0.682053
59	155	0.715113
59	162	1.25381
59	163	1.25786
59	164	1.24778
59	165	1.23648
59	166	0.682367
59	167	1.24541
59	168	1.24597
59	170	0.691835
59	172	0.692583
59	176	0.68052
60	7	1.1285
60	21	1.08701
60	37	0.771894
60	40	1.15761
60	43	1.09493
60	55	1.0336
60	82	1.10227
60	85	1.15339
60	104	1.23807
60	107	0.802384
60	120	1.09192
60	141	1.11269
60	156	0.836904
60	166	0.816091
60	178	0.773582
60	180	0.806037
61	8	1.14315
61	12	1.15058
61	34	1.03366
61	48	1.1142
61	51	0.777684
61	56	1.06714
61	58	1.19832
61	86	1.07131
61	94	1.12964
61	95	1.12964
61	140	0.801211
61	160	0.797546
61	169	0.843246
61	170	0.805633
61	177	0.781548
61	178	1.16234
62	3	1.26437
62	28	1.15562
62	41	1.14041
62	42	1.23174
62	66	1.14205
62	68	1.18802
62	77	1.17167
62	84	1.20735
62	99	1.21239
62	136	0.727754
62	149	0.733939
62	151	0.715948
62	161	1.18638
62	170	0.737128
62	175	0.719964
62	176	0.725813
62	179	0.749058
63	13	1.15512
63	49	1.18839
63	69	1.29055
63	78	1.19304
63	83	1.18709
63	100	1.13009
63	111	1.23905
63	123	0.765438
63	143	1.15819
63	157	0.749817
63	159	0.706194
63	160	1.19007
63	161	1.16841
63	169	0.756124
63	176	0.707196
63	177	0.694425
63	179	0.730441
64	5	1.12872
64	16	1.08259
64	19	1.04957
64	23	0.809545
64	35	1.16679
64	93	0.953608
64	96	1.02462
64	109	1.09905
64	115	1.12014
64	137	1.13328
64	159	0.859065
64	161	1.06253
64	167	1.07911
64	171	0.879077
64	176	0.860066
64	177	0.847296
64	180	0.85186
65	97	1.18144
65	103	1.15135
65	107	0.706269
65	112	1.18083
65	123	0.776371
65	136	0.72007
65	148	1.16603
65	158	1.23344
65	162	1.20281
65	163	1.20686
65	164	1.19678
65	165	1.18548
65	168	1.19497
65	173	0.742175
65	176	0.718129
65	177	0.705358
65	179	0.741374
66	3	1.15055
66	26	1.0409
66	28	1.04181
66	41	1.02659
66	62	1.14205
66	77	1.05786
66	99	1.09857
66	110	1.14931
66	123	1.06627
66	142	0.85539
66	145	1.05352
66	150	0.82311
66	161	1.07257
66	174	0.852987
66	175	0.850027
66	179	0.879121
66	180	0.84767
67	25	0.771861
67	90	0.803686
67	114	1.19486
67	122	1.11225
67	132	1.1387
67	136	0.763121
67	138	1.14044
67	148	1.1128
67	153	0.794187
67	158	1.18021
67	160	0.764408
67	162	1.14958
67	163	1.15363
67	164	1.14355
67	165	1.13225
67	168	1.14173
67	175	0.755331
67	180	0.752973
68	50	0.773245
68	62	1.18802
68	73	0.709376
68	77	1.10382
68	82	0.800044
68	83	0.784212
68	90	0.769069
68	99	1.14454
68	106	1.14793
68	128	0.792769
68	141	0.763271
68	163	1.14757
68	164	1.13749
68	168	1.13567
68	172	1.14351
68	176	1.15355
68	179	1.13893
68	180	1.15897
69	23	0.613002
69	40	1.32092
69	63	1.29055
69	71	0.719104
69	76	1.18264
69	100	1.20072
69	108	1.24366
69	111	1.30968
69	126	0.666843
69	141	1.27601
69	162	1.26402
69	166	0.665371
69	167	1.25562
69	168	1.25618
69	169	0.712452
69	171	0.682534
69	176	0.663524
69	179	0.686769
70	1	0.636249
70	47	0.706219
70	114	1.30508
70	119	1.24765
70	122	1.22246
70	130	1.27097
70	144	0.672669
70	149	0.679262
70	155	0.705729
70	158	1.29043
70	163	1.26384
70	164	1.25377
70	165	1.24246
70	167	1.25139
70	168	1.25195
70	172	0.6832
70	178	0.630475
70	179	0.694381
71	17	0.679401
71	48	0.778333
71	55	0.83611
71	69	0.719104
71	124	0.794382
71	132	0.798032
71	153	1.1289
71	155	1.13203
71	156	1.1115
71	168	0.790695
71	170	1.1509
71	172	1.14305
71	174	1.16074
71	175	1.15592
71	176	1.15309
71	177	1.16689
71	179	1.13847
71	180	1.15851
72	13	0.771418
72	19	0.764808
72	29	0.804907
72	82	1.13353
72	93	0.915284
72	104	1.26932
72	120	1.12318
72	125	1.13765
72	128	1.13364
72	131	1.1258
72	133	0.692167
72	141	1.14395
72	154	1.11835
72	165	0.730866
72	168	0.715248
72	170	1.1398
72	179	1.12737
72	180	1.14741
73	18	0.731124
73	45	1.24178
73	50	1.23282
73	68	0.709376
73	75	1.28834
73	79	1.25081
73	81	1.24193
73	105	1.28036
73	125	1.25847
73	128	1.25445
73	131	1.24661
73	159	0.658188
73	166	0.661036
73	170	0.670504
73	171	0.678199
73	175	0.65334
73	177	0.646419
73	178	1.30444
74	3	0.753572
74	43	0.772189
74	112	0.807757
74	114	0.735401
74	119	0.785356
74	151	1.15907
74	154	1.12834
74	155	1.13093
74	158	0.736213
74	161	0.802836
74	169	1.12759
74	170	1.14979
74	171	1.13694
74	175	1.15481
74	176	1.15199
74	177	1.16579
74	179	1.13736
74	180	1.1574
75	32	1.12817
75	46	1.19924
75	73	1.28834
75	81	1.19158
75	98	1.18919
75	121	1.24336
75	125	1.20812
75	129	0.63307
75	131	1.19627
75	134	0.718476
75	135	1.20253
75	139	0.718356
75	145	0.767515
75	155	0.730009
75	160	1.1991
75	169	0.744344
75	170	0.70673
75	174	0.692526
75	178	1.25409
76	21	1.07179
76	25	1.16189
76	31	1.14631
76	69	1.18264
76	82	1.08705
76	84	0.818899
76	87	0.741433
76	102	1.03871
76	104	1.22284
76	108	1.06512
76	120	1.0767
76	139	1.07239
76	141	1.09747
76	153	0.844326
76	165	0.885674
76	167	1.07708
76	170	0.822633
76	172	0.823382
76	178	0.770657
77	2	0.763826
77	3	1.18017
77	26	1.07052
77	28	1.07142
77	41	1.05621
77	62	1.17167
77	66	1.05786
77	68	1.10382
77	99	1.12819
77	110	1.17893
77	123	1.09589
77	143	0.856719
77	145	1.08313
77	150	0.78182
77	157	0.857207
77	161	1.10219
77	171	0.833596
77	175	0.808737
77	180	0.806379
78	11	1.17878
78	13	1.12824
78	49	1.1615
78	63	1.19304
78	83	1.16021
78	89	1.22394
78	90	1.18078
78	100	1.10321
78	111	1.21217
78	126	0.756643
78	139	1.15342
78	142	0.752839
78	144	0.754858
78	150	0.720559
78	160	1.16319
78	161	1.14153
78	173	0.777371
78	174	0.750435
78	176	0.753325
78	180	0.745118
79	9	1.0481
79	50	1.14495
79	73	1.25081
79	81	1.15406
79	105	1.19249
79	121	1.20584
79	125	1.17059
79	128	1.16658
79	131	1.15874
79	139	0.757667
79	143	1.1297
79	144	0.73626
79	154	0.759533
79	155	0.76932
79	160	1.16158
79	171	0.753737
79	172	0.74679
79	173	0.758773
79	175	0.728878
79	178	1.21657
80	13	1.12293
80	17	1.29889
80	49	1.1562
80	83	1.1549
80	89	1.21864
80	90	1.17547
80	100	1.0979
80	111	1.20686
80	126	0.749698
80	129	0.684034
80	132	0.812454
80	139	1.14811
80	143	1.126
80	149	0.754505
80	154	0.771186
80	160	1.15788
80	161	1.13622
80	170	0.757694
80	175	0.74053
80	180	0.738173
81	32	1.08176
81	50	1.13607
81	73	1.24193
81	75	1.19158
81	79	1.15406
81	84	1.152
81	98	1.14278
81	105	1.1836
81	121	1.19696
81	125	1.16171
81	129	0.679573
81	131	1.14986
81	134	0.76498
81	145	0.814019
81	149	0.750045
81	170	0.753234
81	172	0.753982
81	173	0.765966
81	177	0.729149
81	178	1.20768
82	14	1.1188
82	40	1.22533
82	43	1.16265
82	60	1.10227
82	68	0.800044
82	72	1.13353
82	76	1.08705
82	85	1.22112
82	104	1.30579
82	108	1.14807
82	120	1.15964
82	139	1.15533
82	141	1.18042
82	144	0.751391
82	147	0.764144
82	150	0.717091
82	160	0.753086
82	178	0.709196
82	179	0.773102
82	180	0.741651
83	17	1.29825
83	49	1.15556
83	63	1.18709
83	68	0.784212
83	78	1.16021
83	80	1.1549
83	90	1.17483
83	92	0.776347
83	100	1.09727
83	111	1.20622
83	123	0.792268
83	139	1.14747
83	143	1.12536
83	149	0.742151
83	154	0.758831
83	160	1.15724
83	161	1.13558
83	176	0.734025
83	178	0.693364
83	180	0.725818
84	41	1.09189
84	52	0.793863
84	62	1.20735
84	76	0.818899
84	81	1.152
84	89	0.692385
84	99	1.16387
84	121	1.20378
84	128	1.16453
84	130	0.727439
84	137	0.72467
84	148	0.781356
84	158	0.708269
84	161	1.13786
84	162	0.745154
84	173	1.15194
84	175	1.17571
84	178	1.21451
84	179	1.15826
84	180	1.1783
85	7	1.24735
85	14	1.16992
85	40	1.27645
85	43	1.21377
85	53	0.723894
85	55	1.15244
85	57	0.808075
85	60	1.15339
85	82	1.22112
85	87	0.611294
85	104	1.35691
85	117	0.724071
85	129	1.25952
85	139	1.20645
85	141	1.23154
85	149	0.689306
85	150	0.648414
85	153	0.714187
85	154	0.705987
85	160	0.684408
85	167	1.21115
86	8	1.15997
86	10	1.16529
86	12	1.16739
86	33	1.04831
86	34	1.05047
86	48	1.13101
86	56	1.08395
86	58	1.21513
86	61	1.07131
86	87	0.72321
86	94	1.14646
86	95	1.14646
86	107	1.13508
86	117	0.835986
86	147	0.807382
86	150	0.76033
86	151	0.783231
86	155	0.827689
86	176	0.793096
86	177	0.780325
86	178	1.17916
87	26	0.805791
87	41	0.77829
87	76	0.741433
87	85	0.611294
87	86	0.72321
87	121	0.652051
87	130	0.649973
87	156	1.19241
87	159	1.23891
87	164	0.66839
87	167	0.664376
87	169	1.20961
87	170	1.23181
87	171	1.21896
87	172	1.22396
87	173	1.21306
87	174	1.24165
87	175	1.23683
87	176	1.234
87	179	1.21938
87	180	1.23942
88	14	0.819673
88	30	1.07164
88	101	1.09219
88	114	1.18669
88	116	1.16574
88	118	1.12316
88	122	1.10407
88	144	0.787109
88	148	1.10462
88	154	0.810382
88	158	1.17203
88	159	0.784575
88	162	1.1414
88	163	1.14545
88	164	1.13537
88	165	1.12407
88	168	1.13356
88	172	0.79764
88	175	0.779727
88	176	0.785576
88	178	0.744915
89	13	1.18603
89	17	1.36199
89	49	1.21929
89	78	1.22394
89	80	1.21864
89	84	0.692385
89	90	1.23857
89	100	1.161
89	111	1.26996
89	139	1.2112
89	143	1.18909
89	149	0.692931
89	154	0.709611
89	155	0.719398
89	156	0.707466
89	160	1.22098
89	161	1.19932
89	169	0.733733
89	172	0.696868
89	174	0.681916
89	180	0.676598
90	13	1.14286
90	17	1.31882
90	49	1.17612
90	67	0.803686
90	68	0.769069
90	78	1.18078
90	80	1.17547
90	83	1.17483
90	89	1.23857
90	100	1.11783
90	111	1.22679
90	139	1.16804
90	143	1.14593
90	149	0.727008
90	155	0.753476
90	160	1.17781
90	161	1.15615
90	173	0.742929
90	174	0.715993
90	175	0.713033
90	177	0.706112
90	178	0.678221
91	95	0.710106
91	100	0.772391
91	101	0.782552
91	130	0.704245
91	135	0.724077
91	157	1.14934
91	159	1.19685
91	162	0.72196
91	165	0.735118
91	167	0.718649
91	168	0.7195
91	169	1.16754
91	170	1.18975
91	171	1.1769
91	172	1.1819
91	173	1.171
91	174	1.19959
91	175	1.19477
91	176	1.19194
91	177	1.20574
91	179	1.17732
91	180	1.19736
92	47	0.753781
92	83	0.776347
92	103	1.14605
92	112	1.17554
92	114	1.2428
92	118	1.17927
92	122	1.16018
92	132	1.18663
92	138	1.18838
92	144	0.720232
92	148	1.16074
92	149	0.726825
92	155	0.753292
92	162	1.19752
92	163	1.20156
92	164	1.19149
92	165	1.18018
92	166	0.720546
92	168	1.18967
92	169	0.767627
92	175	0.71285
92	178	0.678037
93	4	1.08412
93	5	1.07416
93	6	1.07888
93	16	1.02803
93	24	0.964485
93	29	0.976431
93	53	0.977864
93	57	0.979087
93	64	0.953608
93	72	0.915284
93	96	0.970063
93	107	1.04055
93	115	1.06559
93	124	1.04866
93	135	1.03306
93	137	1.07872
93	142	0.934665
93	143	0.977284
93	147	0.949437
93	156	0.957811
93	167	1.02456
93	178	0.894489
94	8	1.2183
94	10	1.22362
94	12	1.22573
94	18	0.77982
94	33	1.10664
94	34	1.10881
94	48	1.18935
94	56	1.14228
94	58	1.27347
94	61	1.12964
94	86	1.14646
94	95	1.20479
94	107	1.19342
94	113	0.751285
94	139	0.730825
94	143	0.750019
94	145	0.779985
94	151	0.69802
94	170	0.7192
94	175	0.702036
94	178	1.23749
94	180	0.699679
95	8	1.2183
95	10	1.22362
95	12	1.22573
95	33	1.10664
95	34	1.10881
95	44	0.730972
95	48	1.18935
95	56	1.14228
95	58	1.27347
95	61	1.12964
95	86	1.14646
95	91	0.710106
95	94	1.20479
95	107	1.19342
95	129	0.663374
95	156	0.74838
95	165	0.800075
95	169	0.774648
95	177	0.71295
95	178	1.23749
95	179	0.748965
95	180	0.717513
96	4	1.15513
96	6	1.14989
96	16	1.09904
96	19	1.06602
96	29	1.04744
96	35	1.18324
96	64	1.02462
96	93	0.970063
96	109	1.11551
96	115	1.1366
96	124	1.11967
96	129	0.778409
96	135	1.10406
96	137	1.14973
96	144	0.842288
96	160	0.843983
96	161	1.07898
96	166	0.842602
96	175	0.834906
96	176	0.840755
96	177	0.827985
96	178	0.800094
97	59	1.23244
97	65	1.18144
97	101	1.09629
97	107	0.748859
97	116	1.16984
97	122	1.10817
97	130	1.15667
97	133	1.17305
97	138	1.13636
97	140	0.767612
97	148	1.10872
97	152	0.781666
97	158	1.17613
97	159	0.759717
97	160	0.763947
97	162	1.1455
97	163	1.14955
97	165	1.12817
97	168	1.13766
97	170	0.772033
97	171	0.779729
97	175	0.754869
97	179	0.783963
98	9	1.03683
98	15	1.11515
98	46	1.15044
98	75	1.18919
98	81	1.14278
98	102	0.795893
98	105	1.18121
98	121	1.19456
98	125	1.15932
98	128	1.15531
98	129	0.691948
98	131	1.14747
98	135	1.15372
98	139	0.777234
98	143	1.11842
98	145	0.826393
98	150	0.721528
98	154	0.7791
98	157	0.796915
98	160	1.1503
98	178	1.20529
98	179	0.777539
98	180	0.746087
99	3	1.22089
99	11	0.737148
99	26	1.11123
99	28	1.11214
99	41	1.09693
99	42	1.18826
99	62	1.21239
99	66	1.09857
99	68	1.14454
99	77	1.12819
99	84	1.16387
99	110	1.21965
99	123	1.13661
99	134	0.787493
99	140	0.771325
99	145	1.12385
99	150	0.731666
99	161	1.1429
99	166	0.766279
99	167	0.822318
99	172	0.776495
99	176	0.764432
99	177	0.751662
100	13	1.06529
100	17	1.24125
100	49	1.09856
100	63	1.13009
100	69	1.20072
100	78	1.10321
100	80	1.0979
100	83	1.09727
100	89	1.161
100	90	1.11783
100	91	0.772391
100	111	1.14922
100	113	0.831405
100	139	1.09047
100	143	1.06836
100	153	0.821012
100	159	0.787004
100	160	1.10024
100	161	1.07858
100	167	0.845891
100	171	0.807015
100	174	0.785116
100	178	0.747344
100	179	0.81125
101	54	1.20134
101	88	1.09219
101	91	0.782552
101	97	1.09629
101	116	1.142
101	119	1.10551
101	122	1.08032
101	127	0.804143
101	129	1.15762
101	132	1.10678
101	138	1.10852
101	155	0.832759
101	158	1.14829
101	160	0.801394
101	162	1.11766
101	163	1.12171
101	164	1.11163
101	165	1.10032
101	168	1.10981
101	174	0.795277
101	176	0.798166
101	177	0.785396
101	179	0.821411
101	180	0.789959
102	16	0.817557
102	19	0.826273
102	24	0.87844
102	31	1.18092
102	42	0.771157
102	46	0.79413
102	49	0.790429
102	76	1.03871
102	98	0.795893
102	111	0.739151
102	120	1.1113
102	128	0.784181
102	139	1.10699
102	141	1.13207
102	158	1.15072
102	162	1.12009
102	164	1.11406
102	165	1.10276
102	168	1.11224
102	171	1.11508
102	172	1.12008
102	177	1.14393
102	179	1.1155
102	180	1.13554
103	11	0.767863
103	36	1.18413
103	51	0.778513
103	52	1.07469
103	65	1.15135
103	92	1.14605
103	112	1.09343
103	123	0.853389
103	130	1.12658
103	133	1.14295
103	136	0.797087
103	138	1.10627
103	144	0.796679
103	148	1.07863
103	155	0.82974
103	158	1.14604
103	162	1.11541
103	163	1.11946
103	164	1.10938
103	165	1.09807
103	168	1.10756
103	172	0.80721
103	174	0.792257
103	180	0.78694
104	14	1.25459
104	31	1.36505
104	43	1.29844
104	55	1.23711
104	60	1.23807
104	72	1.26932
104	76	1.22284
104	82	1.30579
104	85	1.35691
104	108	1.28386
104	110	1.35599
104	117	0.667914
104	127	0.631001
104	128	0.69123
104	141	1.31621
104	146	0.626643
104	152	0.645971
104	156	0.647684
104	160	0.628252
104	161	0.715958
104	167	1.29582
104	169	0.673952
104	171	0.644034
104	172	0.637087
105	15	1.15596
105	22	0.760207
105	45	1.18346
105	46	1.19126
105	50	1.17449
105	73	1.28036
105	79	1.19249
105	81	1.1836
105	98	1.18121
105	121	1.23538
105	125	1.20014
105	128	1.19613
105	131	1.18828
105	134	0.719245
105	145	0.768283
105	157	0.738805
105	160	1.19112
105	166	0.698031
105	171	0.715194
105	172	0.708247
105	173	0.72023
105	176	0.696184
105	178	1.24611
105	180	0.687977
106	27	0.83445
106	68	1.14793
106	107	0.705848
106	116	1.19562
106	117	0.760597
106	118	1.15303
106	122	1.13395
106	130	1.18245
106	131	0.776382
106	132	1.1604
106	133	1.19882
106	138	1.16214
106	148	1.1345
106	153	0.750714
106	156	0.740368
106	158	1.20191
106	162	1.17128
106	163	1.17533
106	164	1.16525
106	165	1.15395
106	168	1.16343
106	170	0.729022
106	172	0.72977
106	173	0.741754
106	179	0.740952
107	9	0.889584
107	24	1.10598
107	25	0.675198
107	30	0.851135
107	48	1.17797
107	57	1.12058
107	60	0.802384
107	65	0.706269
107	86	1.13508
107	93	1.04055
107	94	1.19342
107	95	1.19342
107	97	0.748859
107	106	0.705848
107	111	0.685693
107	124	1.19016
107	132	0.730592
107	133	0.700174
107	137	1.22022
107	169	1.16009
107	174	1.19214
107	176	1.18449
107	178	1.22612
107	179	1.16987
107	180	1.18991
108	7	1.1743
108	14	1.09688
108	21	1.13281
108	25	1.22291
108	31	1.20734
108	40	1.20341
108	43	1.14072
108	69	1.24366
108	76	1.06512
108	82	1.14807
108	104	1.28386
108	120	1.13772
108	135	1.1466
108	138	0.798994
108	141	1.15849
108	145	0.803549
108	152	0.752397
108	156	0.75411
108	160	0.734677
108	167	1.1381
108	170	0.742764
108	171	0.75046
108	174	0.72856
108	178	0.690788
108	179	0.754694
109	5	1.2196
109	16	1.17348
109	23	0.688804
109	24	1.10993
109	29	1.12188
109	35	1.25768
109	57	1.12453
109	64	1.09905
109	96	1.11551
109	113	0.782725
109	115	1.21103
109	123	1.14712
109	124	1.19411
109	135	1.1785
109	137	1.22417
109	146	0.740945
109	153	0.772332
109	156	0.761986
109	159	0.738324
109	161	1.15342
109	166	0.741172
109	167	1.17
109	169	0.788254
109	171	0.758336
109	176	0.739325
110	14	1.169
110	22	0.749885
110	26	1.16197
110	27	0.802605
110	66	1.14931
110	77	1.17893
110	99	1.21965
110	104	1.35599
110	120	1.20984
110	127	0.69184
110	129	1.2586
110	132	1.20775
110	141	1.23061
110	142	0.685377
110	143	0.727996
110	146	0.687482
110	153	0.71887
110	155	0.720456
110	161	1.19364
110	162	1.21863
110	163	1.22268
110	164	1.2126
110	168	1.21078
110	171	0.704873
110	178	0.645201
110	180	0.677656
111	11	1.22479
111	13	1.17425
111	49	1.20752
111	63	1.23905
111	69	1.30968
111	78	1.21217
111	80	1.20686
111	83	1.20622
111	89	1.26996
111	90	1.22679
111	100	1.14922
111	102	0.739151
111	107	0.685693
111	139	1.19943
111	143	1.17732
111	145	0.769652
111	146	0.699172
111	154	0.722358
111	160	1.2092
111	161	1.18754
111	169	0.74648
111	173	0.721599
111	174	0.694663
111	175	0.691703
111	177	0.684782
111	178	0.656891
112	20	1.13007
112	65	1.18083
112	74	0.807757
112	92	1.17554
112	103	1.09343
112	118	1.12665
112	119	1.13274
112	122	1.10756
112	138	1.13576
112	139	0.795172
112	142	0.771746
112	146	0.773851
112	148	1.10811
112	149	0.780357
112	150	0.739466
112	154	0.797038
112	158	1.17552
112	162	1.14489
112	163	1.14894
112	164	1.13886
112	165	1.12756
112	167	1.13649
112	168	1.13705
112	171	0.791242
112	173	0.796278
112	177	0.759462
113	20	0.800277
113	94	0.751285
113	100	0.831405
113	109	0.782725
113	114	0.743276
113	130	0.763258
113	150	1.1574
113	151	1.15418
113	154	1.12346
113	155	1.12604
113	156	1.10551
113	157	1.1045
113	163	0.766618
113	164	0.781676
113	165	0.794132
113	166	1.14533
113	167	0.777662
113	169	1.1227
113	172	1.13706
113	173	1.12615
113	174	1.15475
113	175	1.14993
113	176	1.1471
113	177	1.1609
113	179	1.13247
113	180	1.15251
114	67	1.19486
114	70	1.30508
114	74	0.735401
114	88	1.18669
114	92	1.2428
114	113	0.743276
114	122	1.17482
114	126	0.703195
114	132	1.20127
114	133	1.2397
114	138	1.20302
114	142	0.69939
114	148	1.17537
114	154	0.724682
114	157	0.742498
114	158	1.24279
114	159	0.698875
114	162	1.21215
114	163	1.2162
114	164	1.20613
114	165	1.19482
114	168	1.20431
114	172	0.711939
114	175	0.694027
114	176	0.699876
114	178	0.659215
115	5	1.24069
115	6	1.24541
115	16	1.19457
115	19	1.16155
115	24	1.13102
115	29	1.14296
115	35	1.27877
115	57	1.14562
115	64	1.12014
115	93	1.06559
115	96	1.1366
115	109	1.21103
115	124	1.2152
115	136	0.727174
115	137	1.24526
115	145	0.797333
115	147	0.739519
115	154	0.750039
115	157	0.767855
115	159	0.724232
115	161	1.17451
115	167	1.19109
115	170	0.736548
115	174	0.722344
115	178	0.684572
115	179	0.748478
115	180	0.717027
116	22	0.793281
116	88	1.16574
116	97	1.16984
116	101	1.142
116	106	1.19562
116	118	1.17297
116	126	0.732577
116	130	1.20238
116	132	1.18033
116	133	1.21876
116	144	0.730792
116	145	1.14717
116	148	1.15443
116	150	0.696493
116	152	0.750206
116	155	0.763852
116	156	0.751919
116	158	1.22184
116	160	0.732487
116	162	1.19121
116	163	1.19526
116	164	1.18518
116	165	1.17388
116	168	1.18337
116	178	0.688597
116	179	0.752504
116	180	0.721052
117	4	0.739016
117	38	0.720244
117	52	0.829173
117	85	0.724071
117	86	0.835986
117	104	0.667914
117	106	0.760597
117	119	0.792721
117	131	0.777942
117	136	1.13312
117	140	1.13937
117	144	1.16486
117	151	1.16942
117	152	1.15412
117	153	1.13814
117	157	1.11973
117	163	0.766108
117	164	0.781166
117	166	1.16056
117	169	1.13794
117	172	1.15229
117	173	1.14139
117	174	1.16998
117	175	1.16516
117	176	1.16233
117	177	1.17614
117	179	1.14771
117	180	1.16775
118	18	0.826544
118	44	0.759861
118	59	1.23557
118	88	1.12316
118	92	1.17927
118	106	1.15303
118	112	1.12665
118	116	1.17297
118	119	1.13647
118	127	0.760586
118	129	1.18859
118	132	1.13774
118	138	1.13949
118	146	0.756228
118	147	0.768895
118	148	1.11184
118	158	1.17926
118	160	0.757837
118	162	1.14862
118	163	1.15267
118	164	1.1426
118	165	1.13129
118	168	1.14078
118	172	0.766672
118	173	0.778655
118	175	0.748759
118	177	0.741838
118	180	0.746402
119	20	1.1399
119	30	1.08496
119	39	1.2235
119	70	1.24765
119	74	0.785356
119	101	1.10551
119	112	1.13274
119	117	0.792721
119	118	1.13647
119	130	1.16589
119	132	1.14384
119	133	1.18226
119	140	0.756724
119	143	0.791965
119	148	1.11794
119	149	0.757957
119	151	0.739966
119	153	0.782838
119	158	1.18535
119	162	1.15472
119	164	1.14869
119	165	1.13739
119	167	1.14632
119	168	1.14687
119	173	0.773878
119	175	0.743982
119	176	0.749831
119	177	0.737061
120	7	1.18588
120	21	1.14438
120	25	1.23448
120	31	1.21891
120	43	1.1523
120	55	1.09097
120	60	1.09192
120	72	1.12318
120	76	1.0767
120	82	1.15964
120	102	1.1113
120	108	1.13772
120	110	1.20984
120	129	1.19805
120	134	0.778965
120	139	1.14498
120	140	0.762797
120	141	1.17006
120	143	0.798038
120	160	0.759132
120	166	0.757751
120	167	1.14968
120	169	0.804833
120	170	0.767219
120	172	0.767968
120	174	0.753015
120	175	0.750055
120	178	0.715243
121	9	1.091
121	15	1.16932
121	32	1.13354
121	37	0.679587
121	45	1.19681
121	46	1.20461
121	50	1.18785
121	51	0.705303
121	75	1.24336
121	79	1.20584
121	81	1.19696
121	84	1.20378
121	87	0.652051
121	98	1.19456
121	105	1.23538
121	125	1.21349
121	128	1.20948
121	131	1.20164
121	135	1.2079
121	139	0.744877
121	142	0.721451
121	154	0.746743
121	157	0.764558
121	160	1.20448
121	167	0.779823
121	169	0.770865
121	176	0.721937
121	177	0.709167
121	180	0.71373
122	20	1.11471
122	52	1.08882
122	67	1.11225
122	70	1.22246
122	88	1.10407
122	92	1.16018
122	97	1.10817
122	101	1.08032
122	106	1.13395
122	112	1.10756
122	114	1.17482
122	136	0.78659
122	138	1.1204
122	139	0.807589
122	151	0.774784
122	153	0.817656
122	156	0.807309
122	158	1.16017
122	159	0.783647
122	163	1.13358
122	164	1.12351
122	165	1.1122
122	167	1.12113
122	168	1.12169
122	171	0.803659
122	172	0.796712
122	174	0.781759
122	175	0.778799
122	180	0.776442
123	14	0.768716
123	26	1.07893
123	28	1.07984
123	40	0.751564
123	42	1.15596
123	55	0.838772
123	57	1.08171
123	63	0.765438
123	65	0.776371
123	66	1.06627
123	77	1.09589
123	83	0.792268
123	99	1.13661
123	103	0.853389
123	109	1.14712
123	124	1.15129
123	130	0.778101
123	135	1.13568
123	137	1.18135
123	138	0.802164
123	141	0.771327
123	161	1.1106
123	164	0.796519
123	172	1.13558
123	174	1.15327
123	175	1.14845
123	177	1.15942
123	179	1.131
123	180	1.15104
124	5	1.22377
124	6	1.22849
124	11	1.19484
124	16	1.17764
124	19	1.14462
124	24	1.11409
124	29	1.12604
124	57	1.1287
124	71	0.794382
124	93	1.04866
124	96	1.11967
124	107	1.19016
124	109	1.19411
124	115	1.2152
124	123	1.15129
124	134	0.761862
124	135	1.18266
124	137	1.22833
124	139	0.761741
124	140	0.745694
124	142	0.738315
124	150	0.706035
124	153	0.771808
124	159	0.7378
124	161	1.15758
124	167	1.17417
124	171	0.757811
124	172	0.750864
124	173	0.762848
124	177	0.726031
125	9	1.05576
125	15	1.13407
125	32	1.0983
125	45	1.16156
125	46	1.16937
125	72	1.13765
125	73	1.25847
125	75	1.20812
125	79	1.17059
125	81	1.16171
125	98	1.15932
125	105	1.20014
125	121	1.21349
125	126	0.742932
125	128	1.17424
125	131	1.16639
125	143	1.13735
125	145	0.811713
125	151	0.729748
125	159	0.738612
125	160	1.16923
125	163	0.786454
125	166	0.74146
125	171	0.758623
125	174	0.736724
125	175	0.733764
125	176	0.739613
125	178	1.22422
125	179	0.762858
125	180	0.731406
126	29	0.828093
126	32	0.832457
126	56	0.805697
126	69	0.666843
126	78	0.756643
126	80	0.749698
126	114	0.703195
126	116	0.732577
126	125	0.742932
126	137	0.720408
126	142	1.15865
126	146	1.17773
126	150	1.18039
126	151	1.17718
126	153	1.1459
126	155	1.14904
126	158	0.704007
126	159	1.175
126	165	0.754051
126	166	1.16833
126	170	1.1679
126	171	1.15505
126	172	1.16006
126	173	1.14915
126	174	1.17774
126	175	1.17292
126	176	1.1701
126	177	1.1839
126	179	1.15547
126	180	1.17551
127	20	0.762855
127	33	0.840974
127	45	0.752198
127	101	0.804143
127	104	0.631001
127	110	0.69184
127	118	0.760586
127	131	0.741029
127	136	1.14878
127	140	1.15504
127	148	0.779753
127	149	1.17416
127	152	1.16978
127	153	1.1538
127	154	1.15435
127	157	1.1354
127	162	0.743551
127	163	0.729195
127	165	0.75671
127	166	1.17623
127	169	1.1536
127	170	1.1758
127	171	1.16296
127	173	1.15705
127	174	1.18564
127	175	1.18082
127	176	1.178
127	177	1.1918
127	179	1.16337
127	180	1.18341
128	15	1.13006
128	32	1.09429
128	44	0.747835
128	45	1.15755
128	46	1.16536
128	50	1.14859
128	68	0.792769
128	72	1.13364
128	73	1.25445
128	79	1.16658
128	84	1.16453
128	98	1.15531
128	102	0.784181
128	104	0.69123
128	105	1.19613
128	121	1.20948
128	125	1.17424
128	131	1.16238
128	135	1.16864
128	143	1.13334
128	144	0.744116
128	150	0.709817
128	152	0.76353
128	153	0.775589
128	160	1.16522
128	170	0.753897
128	174	0.739693
128	176	0.742583
128	178	1.22021
128	179	0.765828
129	3	0.655702
129	9	0.839097
129	24	0.774495
129	26	0.813331
129	46	0.690185
129	57	0.740925
129	75	0.63307
129	80	0.684034
129	81	0.679573
129	85	1.25952
129	95	0.663374
129	96	0.778409
129	98	0.691948
129	101	1.15762
129	110	1.2586
129	118	1.18859
129	120	1.19805
129	137	0.654744
129	139	1.19374
129	141	1.21882
129	148	1.17006
129	149	1.21304
129	163	1.21088
129	165	1.1895
129	167	1.19843
129	168	1.19899
129	172	1.20683
129	173	1.19592
129	176	1.21687
129	179	1.20225
129	180	1.22229
130	20	1.16322
130	27	0.836601
130	38	1.23985
130	52	1.13733
130	70	1.27097
130	84	0.727439
130	87	0.649973
130	91	0.704245
130	97	1.15667
130	103	1.12658
130	106	1.18245
130	113	0.763258
130	116	1.20238
130	119	1.16589
130	123	0.778101
130	132	1.16716
130	133	1.20559
130	138	1.16891
130	140	0.726752
130	142	0.719372
130	143	0.761992
130	147	0.734145
130	148	1.14126
130	152	0.740806
130	158	1.20868
130	160	0.723087
130	162	1.17804
130	163	1.18209
130	164	1.17201
130	165	1.16071
130	168	1.1702
130	173	0.743905
131	9	1.0439
131	15	1.12222
131	32	1.08645
131	39	0.755591
131	45	1.14971
131	46	1.15751
131	50	1.14075
131	72	1.1258
131	73	1.24661
131	75	1.19627
131	79	1.15874
131	81	1.14986
131	98	1.14747
131	105	1.18828
131	106	0.776382
131	117	0.777942
131	121	1.20164
131	125	1.16639
131	127	0.741029
131	128	1.16238
131	135	1.1608
131	139	0.757992
131	143	1.12549
131	144	0.736585
131	145	0.807151
131	156	0.757712
131	160	1.15738
131	169	0.78398
131	170	0.746367
131	171	0.754062
131	173	0.759098
131	178	1.21236
131	179	0.758297
132	52	1.11527
132	67	1.1387
132	71	0.798032
132	80	0.812454
132	92	1.18663
132	101	1.10678
132	106	1.1604
132	107	0.730592
132	110	1.20775
132	114	1.20127
132	116	1.18033
132	118	1.13774
132	119	1.14384
132	130	1.16716
132	133	1.18353
132	136	0.744392
132	139	0.765391
132	143	0.784585
132	145	1.11195
132	148	1.11921
132	152	0.763399
132	157	0.785073
132	158	1.18662
132	160	0.745679
132	162	1.15599
132	163	1.16004
132	164	1.14996
132	165	1.13866
132	168	1.14814
132	172	0.754514
132	177	0.729681
132	179	0.765696
132	180	0.734245
133	11	0.68475
133	27	0.828776
133	30	1.12466
133	47	0.747116
133	52	1.1537
133	53	0.754747
133	54	1.2781
133	72	0.692167
133	97	1.17305
133	103	1.14295
133	106	1.19882
133	107	0.700174
133	114	1.2397
133	116	1.21876
133	119	1.18226
133	130	1.20559
133	132	1.18353
133	138	1.18528
133	139	0.734973
133	147	0.726319
133	148	1.15764
133	151	0.702168
133	158	1.22505
133	160	0.715261
133	162	1.19442
133	163	1.19846
133	164	1.18839
133	165	1.17708
133	167	1.18601
133	168	1.18657
133	169	0.760961
133	170	0.723348
133	171	0.731043
133	174	0.709144
134	6	0.734116
134	15	0.785333
134	17	0.646881
134	33	0.858057
134	39	0.719976
134	54	0.693696
134	75	0.718476
134	81	0.76498
134	99	0.787493
134	105	0.719245
134	120	0.778965
134	124	0.761862
134	138	0.766983
134	142	1.16247
134	146	1.18155
134	149	1.17008
134	150	1.18421
134	152	1.1657
134	154	1.15027
134	155	1.15285
134	156	1.13232
134	157	1.13131
134	164	0.761337
134	166	1.17214
134	169	1.14951
134	170	1.17172
134	171	1.15887
134	172	1.16387
134	173	1.15297
134	174	1.18156
134	175	1.17674
134	177	1.18771
134	178	1.21554
134	179	1.15929
134	180	1.17933
135	24	1.09849
135	25	1.24337
135	31	1.22779
135	37	0.697341
135	40	1.22386
135	53	0.782404
135	55	1.09985
135	75	1.20253
135	91	0.724077
135	93	1.03306
135	96	1.10406
135	98	1.15372
135	108	1.1466
135	109	1.1785
135	121	1.2079
135	123	1.13568
135	124	1.18266
135	128	1.16864
135	131	1.1608
135	137	1.21272
135	141	1.17895
135	142	0.739205
135	146	0.74131
135	156	0.762351
135	160	1.16364
135	163	0.786532
135	166	0.741538
135	167	1.15856
135	169	0.788619
135	172	0.751754
135	173	0.763737
135	174	0.736802
135	175	0.733841
