1	25	1.20084
1	47	0.961002
1	78	1.06517
1	92	0.914331
1	129	1.05336
1	153	0.928215
1	154	1.07272
1	171	0.906982
1	172	0.873073
1	175	0.879003
1	179	0.845876
1	180	0.880074
2	33	0.78225
2	35	0.845487
2	72	1.45858
2	129	0.782718
2	130	0.775478
2	138	0.80598
2	151	0.77738
2	152	0.799938
2	154	0.788692
2	164	1.76822
2	173	1.84086
2	177	0.846412
3	30	0.980874
3	63	0.898817
3	76	1.38696
3	92	1.28592
3	109	0.895174
3	129	0.904827
3	130	0.897586
3	137	1.25193
3	143	0.886661
3	153	1.24345
3	157	0.898171
3	178	0.839196
4	15	0.911066
4	22	0.880759
4	26	0.880252
4	39	0.946373
4	40	0.945639
4	43	0.850844
4	44	0.910329
4	101	1.26152
4	150	0.910578
4	161	1.42317
4	167	1.19528
4	170	1.31326
5	64	1.18272
5	70	1.02264
5	119	0.934183
5	130	1.15034
5	157	1.08272
5	164	0.92388
5	166	0.91949
5	171	0.909213
5	174	0.92323
5	175	0.881233
5	179	0.848107
5	180	0.882304
6	78	0.878138
6	82	0.869606
6	90	0.891497
6	105	0.916074
6	111	0.956743
6	120	0.904863
6	127	1.511
6	163	0.916564
6	167	1.07475
6	169	0.897308
6	178	1.49123
6	180	1.17304
7	15	0.913935
7	22	0.883628
7	26	0.883121
7	38	1.00641
7	40	0.948508
7	43	0.853713
7	44	0.913198
7	67	1.28718
7	122	1.24783
7	140	0.912482
7	150	0.913447
7	159	1.60973
8	55	0.799729
8	72	1.45858
8	110	0.787444
8	112	0.825297
8	116	0.810331
8	131	0.789781
8	139	0.816229
8	141	0.806634
8	148	0.800633
8	155	0.804857
8	164	1.76822
8	173	1.84086
9	91	0.884682
9	129	1.5602
9	146	1.46825
9	156	0.818481
9	161	0.783188
9	163	1.49337
9	170	0.790207
9	171	0.810244
9	172	0.776335
9	173	0.811956
9	179	0.749138
9	180	0.783336
10	51	1.49346
10	144	1.47648
10	154	1.50402
10	164	0.832102
10	166	0.827712
10	170	0.797398
10	171	0.817435
10	172	0.783526
10	174	0.831452
10	175	0.789456
10	179	0.756329
10	180	0.790527
11	35	1.0116
11	85	1.13043
11	110	1.11269
11	144	1.11823
11	158	0.923723
11	170	0.902507
11	171	0.922544
11	172	0.888635
11	174	0.936561
11	175	0.894564
11	179	0.861438
11	180	0.895635
12	106	1.00857
12	125	0.889052
12	128	0.919141
12	138	1.04667
12	143	1.25048
12	157	1.08743
12	168	0.878046
12	175	0.885597
12	176	0.917445
12	177	0.988104
12	179	0.852471
12	180	0.886668
13	94	0.809892
13	96	0.788368
13	113	0.794149
13	117	0.776807
13	125	0.73376
13	128	0.763849
13	146	0.778779
13	152	1.67132
13	159	2.11201
13	162	0.780596
13	166	1.74722
13	167	0.772275
13	177	0.832812
14	94	0.897402
14	96	0.875877
14	113	0.881658
14	117	0.864317
14	125	0.821269
14	128	0.851358
14	163	0.860082
14	167	0.859784
14	173	1.19056
14	175	1.43355
14	177	0.920321
14	178	1.66304
14	180	1.34485
15	4	0.911066
15	7	0.913935
15	22	0.835121
15	26	0.834615
15	39	0.900736
15	40	0.900002
15	43	0.805207
15	44	0.864692
15	107	1.26742
15	150	0.864941
15	158	1.31155
15	159	1.62553
15	180	1.39028
16	27	0.858593
16	50	0.89205
16	66	0.849167
16	74	0.852674
16	79	0.90029
16	85	0.882815
16	93	0.857195
16	106	0.881992
16	164	1.21492
16	169	0.857485
16	171	1.32471
16	176	1.32147
16	178	1.76004
17	55	1.18988
17	107	0.899
17	109	1.30729
17	130	1.31203
17	145	0.890842
17	161	0.852511
17	164	0.894234
17	170	0.85953
17	174	0.893584
17	175	0.851587
17	177	1.03188
17	179	0.818461
17	180	0.852658
18	69	0.916574
18	75	0.915321
18	78	0.832606
18	98	0.830436
18	99	0.892006
18	105	0.870542
18	120	0.859331
18	145	1.35757
18	163	0.871032
18	169	0.851775
18	173	1.34731
18	176	1.38121
18	180	1.5016
19	31	0.859166
19	87	0.874919
19	134	1.49132
19	139	0.894065
19	147	0.874873
19	148	0.87847
19	149	1.17989
19	155	0.882693
19	161	1.42162
19	163	0.874077
19	176	0.863657
19	178	0.804992
19	179	1.50066
20	62	0.869609
20	64	0.868382
20	116	0.88753
20	139	0.893428
20	144	0.861288
20	145	1.42174
20	147	0.874236
20	148	0.877832
20	149	1.45363
20	155	0.882055
20	174	1.35906
20	177	1.1454
20	178	0.804354
21	78	0.846576
21	82	0.838045
21	90	0.859935
21	91	1.1067
21	98	0.844406
21	99	0.905977
21	111	0.925181
21	118	1.45486
21	120	0.873302
21	158	1.3426
21	159	1.65659
21	163	0.885002
21	169	0.865746
22	4	0.880759
22	7	0.883628
22	15	0.835121
22	26	0.804307
22	39	0.870428
22	40	0.869694
22	43	0.774899
22	44	0.834384
22	135	1.38889
22	140	0.833668
22	150	0.834633
22	160	1.50744
22	172	1.68514
22	174	1.41889
23	58	1.36083
23	61	0.843902
23	63	0.835424
23	129	0.841434
23	130	0.834193
23	151	0.836095
23	154	0.847407
23	157	0.834778
23	162	0.852911
23	170	1.62035
23	174	1.39396
23	175	1.68937
23	177	0.905127
23	178	0.775802
24	25	0.831901
24	63	0.842454
24	77	0.832268
24	109	0.83881
24	114	0.833505
24	130	0.841222
24	154	0.854436
24	156	1.48095
24	157	0.841807
24	164	1.36459
24	169	1.5308
24	170	1.6112
24	177	0.912157
24	178	0.782832
25	1	1.20084
25	24	0.831901
25	68	0.815836
25	70	0.878839
25	100	0.863833
25	138	0.85981
25	143	0.818383
25	151	0.83121
25	154	0.842522
25	157	0.829893
25	164	1.47541
25	165	0.851811
25	169	1.64162
25	176	1.58195
26	4	0.880252
26	7	0.883121
26	15	0.834615
26	22	0.804307
26	39	0.869922
26	40	0.869188
26	43	0.774393
26	44	0.833878
26	136	1.49315
26	140	0.833162
26	150	0.834127
26	164	1.43784
26	169	1.60405
26	174	1.45807
27	16	0.858593
27	36	0.896611
27	37	0.804656
27	74	0.817801
27	79	0.865417
27	85	0.847942
27	93	0.822322
27	106	0.847119
27	134	1.76721
27	140	0.843121
27	152	1.36248
27	160	1.44977
27	169	0.822612
27	171	1.45077
28	54	0.994778
28	94	0.962346
28	96	0.940821
28	113	0.946603
28	117	0.929261
28	125	0.886214
28	128	0.916303
28	152	1.09908
28	164	1.07758
28	165	0.936835
28	167	0.924729
28	170	1.3242
28	177	0.985266
28	178	1.6227
29	36	0.898264
29	37	0.806309
29	48	1.24005
29	50	0.85883
29	66	0.815947
29	74	0.819454
29	79	0.86707
29	85	0.849595
29	106	0.848772
29	108	1.47608
29	140	0.844774
29	169	0.824265
29	172	1.67973
29	180	1.62019
30	3	0.980874
30	97	0.948637
30	100	0.956442
30	134	1.42329
30	143	0.910992
30	157	0.922502
30	166	1.09445
30	167	0.932314
30	168	0.882794
30	173	1.06971
30	175	1.3127
30	177	0.992851
30	178	0.863526
30	180	1.224
31	19	0.859166
31	110	0.83631
31	121	0.836404
31	137	1.47591
31	139	0.865095
31	141	0.8555
31	142	0.852866
31	147	0.845903
31	155	0.853723
31	165	1.45392
31	170	1.65186
31	174	1.42547
31	176	0.834687
31	178	0.776022
32	51	0.858822
32	59	0.918282
32	65	0.978053
32	71	0.918142
32	83	0.952685
32	95	1.00704
32	127	1.48596
32	149	1.03586
32	167	1.0497
32	168	0.876162
32	169	1.08728
32	176	0.915561
32	177	0.98622
32	178	1.46619
33	2	0.78225
33	46	0.874278
33	70	0.894932
33	89	1.74635
33	143	0.834475
33	151	0.847302
33	154	0.858614
33	157	0.845985
33	159	0.792243
33	165	0.867904
33	168	0.806277
33	171	1.38741
33	172	1.56409
33	174	1.29785
34	51	0.858822
34	59	0.918282
34	65	0.978053
34	71	0.918142
34	83	0.952685
34	95	1.00704
34	133	0.916281
34	161	1.33426
34	168	0.876162
34	173	1.05039
34	175	1.29338
34	176	0.915561
34	177	0.98622
34	178	1.52287
35	2	0.845487
35	11	1.0116
35	118	1.47357
35	129	0.915879
35	130	0.908638
35	135	1.20334
35	138	0.93914
35	143	0.897713
35	149	1.32791
35	154	0.921852
35	156	1.32948
35	157	0.909223
35	167	0.919035
35	168	0.869515
35	178	0.850248
36	27	0.896611
36	29	0.898264
36	37	0.877547
36	42	1.31617
36	50	0.930067
36	66	0.887185
36	74	0.890692
36	79	0.938308
36	93	0.895212
36	106	0.920009
36	132	1.00534
36	158	1.25893
36	167	1.23937
36	169	0.895503
36	178	1.65586
37	27	0.804656
37	29	0.806309
37	36	0.877547
37	50	0.838112
37	66	0.79523
37	74	0.798737
37	79	0.846353
37	85	0.828878
37	93	0.803257
37	106	0.828055
37	152	1.45171
37	153	1.4924
37	169	0.803548
37	173	1.50286
37	178	1.97534
38	7	1.00641
38	40	1.05969
38	68	1.35929
38	110	0.906316
38	113	1.0461
38	142	0.922872
38	143	1.27692
38	155	0.923729
38	168	0.865295
38	171	0.900826
38	173	0.902538
38	176	0.904693
38	177	0.975353
38	179	0.83972
38	180	0.873917
39	4	0.946373
39	15	0.900736
39	22	0.870428
39	26	0.869922
39	40	0.935309
39	43	0.840514
39	44	0.899999
39	49	0.93211
39	104	1.43291
39	140	0.899283
39	149	1.26538
39	150	0.900248
39	158	1.29878
39	166	1.24796
39	176	1.25712
40	4	0.945639
40	7	0.948508
40	15	0.900002
40	22	0.869694
40	26	0.869188
40	38	1.05969
40	39	0.935309
40	43	0.83978
40	44	0.899265
40	52	1.44568
40	107	1.3049
40	140	0.898548
40	150	0.899514
40	156	1.31719
40	165	1.24951
41	59	1.26875
41	60	1.49684
41	134	0.803553
41	153	0.857101
41	155	1.38416
41	160	0.831303
41	162	1.42638
41	166	0.846145
41	169	0.830898
41	170	0.815831
41	172	0.801959
41	173	0.83758
41	175	0.807888
41	179	0.774762
41	180	0.808959
42	36	1.31617
42	123	0.874351
42	132	0.873528
42	138	1.41969
42	144	1.52517
42	149	0.852739
42	155	1.41833
42	160	0.818917
42	170	0.803444
42	171	0.823481
42	172	0.789572
42	174	0.837498
42	175	0.795502
42	179	0.762375
42	180	0.796573
43	4	0.850844
43	7	0.853713
43	15	0.805207
43	22	0.774899
43	26	0.774393
43	39	0.840514
43	40	0.83978
43	44	0.80447
43	49	0.836581
43	132	1.40293
43	140	0.803753
43	150	0.804719
43	158	1.65652
43	165	1.557
43	170	1.75494
44	4	0.910329
44	7	0.913198
44	15	0.864692
44	22	0.834384
44	26	0.833878
44	39	0.899999
44	40	0.899265
44	43	0.80447
44	49	0.896066
44	140	0.863239
44	150	0.864204
44	165	1.15804
44	168	1.3851
44	170	1.35598
44	172	1.39584
44	178	1.65448
45	109	1.26423
45	125	1.33661
45	135	0.911064
45	146	1.18232
45	150	1.13679
45	156	0.894064
45	158	0.887007
45	161	0.858771
45	171	0.885827
45	172	0.851918
45	173	0.887539
45	174	0.899844
45	175	0.857848
45	177	0.988821
45	179	0.824721
45	180	0.858919
46	33	0.874278
46	47	1.26974
46	119	1.3788
46	127	0.81409
46	130	0.867506
46	138	0.898008
46	143	0.856581
46	151	0.869408
46	154	0.88072
46	157	0.868091
46	166	1.38837
46	167	0.877903
46	168	0.828383
46	169	1.4572
46	176	1.39753
46	177	0.93844
47	1	0.961002
47	46	1.26974
47	53	1.23821
47	67	0.897895
47	90	1.24742
47	113	1.166
47	161	0.858407
47	171	0.885463
47	172	0.851554
47	173	0.887175
47	174	0.89948
47	175	0.857484
47	177	1.02124
47	178	0.830665
47	179	0.824357
47	180	0.858555
48	29	1.24005
48	77	1.23899
48	87	1.16731
48	92	0.892048
48	143	1.26486
48	147	1.17043
48	158	0.885879
48	160	0.880134
48	166	0.894976
48	171	0.884699
48	172	0.85079
48	173	0.886411
48	174	0.898716
48	175	0.85672
48	179	0.823593
48	180	0.857791
49	39	0.93211
49	43	0.836581
49	44	0.896066
49	98	1.34619
49	105	1.05135
49	125	1.24262
49	141	1.09653
49	151	0.885305
49	157	0.883988
49	159	0.830245
49	163	1.11345
49	167	0.8938
49	173	0.881522
49	174	0.893827
49	179	0.818704
49	180	0.852902
50	16	0.89205
50	29	0.85883
50	36	0.930067
50	37	0.838112
50	66	0.84775
50	79	0.898873
50	85	0.881399
50	93	0.855778
50	106	0.880575
50	107	1.25221
50	140	0.876578
50	159	1.61033
50	165	1.19683
50	169	0.856069
50	170	1.39476
50	175	1.46378
51	10	1.49346
51	32	0.858822
51	34	0.858822
51	59	0.785161
51	65	0.844932
51	71	0.785022
51	83	0.819564
51	95	0.873922
51	150	0.795077
51	168	0.743042
51	172	1.6232
51	173	1.40937
51	176	0.78244
51	177	0.853099
51	179	1.77229
52	40	1.44568
52	78	1.58459
52	119	0.846778
52	130	1.56748
52	157	1.49986
52	159	0.772243
52	160	0.817243
52	170	0.801771
52	171	0.821808
52	172	0.787899
52	173	0.82352
52	174	0.835825
52	175	0.793829
52	178	0.76701
52	179	0.760702
52	180	0.7949
53	47	1.23821
53	93	0.856723
53	106	0.88152
53	121	0.867568
53	125	0.837458
53	126	1.33475
53	128	0.867547
53	144	0.864119
53	147	0.877067
53	155	0.884886
53	166	1.35684
53	167	0.875972
53	168	1.53519
53	169	0.857013
53	171	1.36924
53	177	0.93651
54	28	0.994778
54	62	1.33322
54	63	1.31217
54	129	1.24513
54	156	0.893801
54	163	1.17829
54	164	0.900231
54	166	0.895841
54	170	0.865527
54	172	0.851655
54	173	0.887276
54	174	0.899581
54	175	0.857585
54	176	0.889432
54	179	0.824458
54	180	0.858655
55	8	0.799729
55	17	1.18988
55	81	0.824034
55	86	1.44351
55	121	0.854804
55	131	0.857047
55	139	0.883495
55	141	0.8739
55	142	0.871265
55	147	0.864303
55	148	0.867899
55	155	0.872123
55	161	1.557
55	172	1.48696
55	175	1.51611
55	176	0.853087
55	178	0.794421
56	68	1.50475
56	89	0.820971
56	91	0.928517
56	103	1.22172
56	150	1.19476
56	153	0.875312
56	156	0.862316
56	160	0.849514
56	162	1.25944
56	163	1.26541
56	165	0.880175
56	170	0.834042
56	171	0.854079
56	174	0.868096
56	178	0.799281
56	179	0.792973
56	180	0.82717
57	120	1.10421
57	131	1.16835
57	132	0.987132
57	138	0.95504
57	139	0.924826
57	147	1.06442
57	155	0.953676
57	158	0.938265
57	164	0.951753
57	170	0.917049
57	172	0.903176
57	173	0.938797
57	174	0.951102
57	175	0.909106
57	176	0.940953
57	179	0.875979
57	180	0.910177
58	23	1.36083
58	81	1.45561
58	100	1.04453
58	128	1.24919
58	134	0.835177
58	140	1.2199
58	158	0.868671
58	160	0.862927
58	166	0.877768
58	170	0.847454
58	171	0.867491
58	172	0.833582
58	173	0.869203
58	174	0.881508
58	175	0.839512
58	179	0.806385
58	180	0.840583
59	32	0.918282
59	34	0.918282
59	41	1.26875
59	51	0.785161
59	65	0.904392
59	71	0.844482
59	83	0.879024
59	95	0.933382
59	150	0.854537
59	156	1.21385
59	161	1.45401
59	167	1.22612
59	168	0.802502
59	176	0.8419
59	177	0.912559
59	178	1.64261
60	41	1.49684
60	97	0.861198
60	108	0.85152
60	127	0.781062
60	129	0.841719
60	135	1.3158
60	138	0.86498
60	143	0.823553
60	154	0.847692
60	157	0.835063
60	162	0.853196
60	165	0.856982
60	167	0.844875
60	173	1.39821
60	174	1.3458
60	175	1.64121
60	177	0.905412
61	23	0.843902
61	84	1.32466
61	108	0.86538
61	109	0.845925
61	114	0.84062
61	118	1.619
61	129	0.855578
61	138	0.87884
61	143	0.837412
61	151	0.850239
61	153	1.42073
61	154	0.861551
61	156	1.47491
61	157	0.848922
61	162	0.867056
61	173	1.43119
61	178	0.789947
62	20	0.869609
62	54	1.33322
62	80	0.811708
62	81	0.816715
62	112	0.885245
62	121	0.847486
62	123	1.26993
62	131	0.849729
62	139	0.876176
62	141	0.866581
62	142	0.863947
62	144	0.844037
62	145	1.49893
62	149	1.53083
62	155	0.864804
62	160	1.52481
62	176	0.845768
63	3	0.898817
63	23	0.835424
63	24	0.842454
63	54	1.31217
63	109	0.837448
63	126	1.47026
63	130	0.83986
63	138	0.870362
63	143	0.828935
63	151	0.841762
63	154	0.853074
63	157	0.840445
63	159	0.786702
63	164	1.39497
63	169	1.56118
63	173	1.46761
63	177	0.910794
64	5	1.18272
64	20	0.868382
64	87	0.855803
64	131	0.848501
64	141	0.865354
64	142	0.862719
64	144	0.842809
64	147	0.855757
64	148	0.859354
64	155	0.863577
64	160	1.46379
64	163	0.85496
64	167	1.48365
64	168	1.63075
64	171	1.4648
64	176	0.844541
64	178	0.785875
65	32	0.978053
65	34	0.978053
65	51	0.844932
65	59	0.904392
65	71	0.904253
65	83	0.938795
65	95	0.993153
65	150	0.914308
65	165	1.02053
65	168	0.862273
65	170	1.21847
65	174	0.992078
65	175	1.28748
65	176	0.901671
65	177	0.97233
65	178	1.51697
65	179	1.40741
66	16	0.849167
66	29	0.815947
66	36	0.887185
66	37	0.79523
66	50	0.84775
66	74	0.808375
66	79	0.855991
66	85	0.838516
66	93	0.812895
66	106	0.837693
66	108	1.43793
66	118	0.810377
66	137	1.42577
66	140	0.833695
66	167	1.48374
66	169	0.813186
66	179	1.79067
66	180	1.58204
67	7	1.28718
67	47	0.897895
67	96	1.31029
67	105	1.33863
67	113	1.32687
67	134	0.81156
67	148	1.48838
67	156	0.852112
67	160	0.83931
67	161	0.816819
67	166	0.854152
67	170	0.823838
67	172	0.809966
67	173	0.845587
67	174	0.857892
67	175	0.815896
67	179	0.782769
67	180	0.816966
68	25	0.815836
68	38	1.35929
68	56	1.50475
68	88	1.5468
68	97	0.851876
68	100	0.859682
68	119	1.58825
68	129	0.832397
68	130	0.825156
68	132	1.39503
68	138	0.855659
68	143	0.814231
68	151	0.827058
68	157	0.825741
68	159	0.771999
68	165	0.84766
68	177	0.896091
68	178	0.766766
69	18	0.916574
69	75	0.949848
69	82	0.858601
69	90	0.880492
69	98	0.864963
69	99	0.926533
69	104	1.38367
69	105	0.905069
69	111	0.945738
69	120	0.893858
69	146	0.911766
69	152	1.12283
69	159	1.56352
69	163	0.905559
69	168	1.37707
69	169	0.886303
69	171	1.21113
69	176	1.20788
70	5	1.02264
70	25	0.878839
70	33	0.894932
70	86	1.43796
70	97	0.91488
70	101	0.878227
70	107	1.29899
70	109	0.885748
70	129	0.895401
70	136	1.25024
70	138	0.918662
70	143	0.877235
70	151	0.890062
70	154	0.901374
70	157	0.888745
70	169	1.36114
70	176	1.30147
70	177	0.959094
71	32	0.918142
71	34	0.918142
71	51	0.785022
71	59	0.844482
71	65	0.904253
71	83	0.878885
71	92	1.40477
71	95	0.933242
71	137	1.37078
71	150	0.854397
71	167	1.42875
71	168	0.802362
71	173	1.37276
71	174	1.32034
71	176	0.84176
71	177	0.91242
72	2	1.45858
72	8	1.45858
72	92	0.911436
72	112	0.929169
72	133	0.96414
72	135	0.929324
72	146	0.926334
72	148	1.03911
72	154	1.03764
72	164	0.918754
72	170	0.88405
72	171	0.904087
72	172	0.870178
72	173	0.905799
72	174	0.918104
72	175	0.876108
72	179	0.842981
72	180	0.877179
73	83	1.28239
73	88	0.856208
73	99	1.2509
73	140	1.37124
73	141	1.3826
73	149	0.868188
73	153	0.860164
73	157	1.39344
73	164	0.853598
73	166	0.849208
73	171	0.838931
73	172	0.805022
73	173	0.840643
73	174	0.852948
73	175	0.810952
73	178	0.784133
73	179	0.777825
73	180	0.812023
74	16	0.852674
74	27	0.817801
74	29	0.819454
74	36	0.890692
74	37	0.798737
74	66	0.808375
74	79	0.859498
74	85	0.842023
74	93	0.816402
74	106	0.8412
74	115	0.824848
74	118	0.813884
74	135	1.35199
74	152	1.38326
74	168	1.6375
74	169	0.816693
74	176	1.46831
74	178	1.90689
75	18	0.915321
75	69	0.949848
75	78	0.865881
75	90	0.87924
75	91	1.15129
75	98	0.863711
75	99	0.925281
75	105	0.903817
75	111	0.944486
75	119	1.32681
75	120	0.892606
75	123	1.09289
75	146	0.910514
75	152	1.26048
75	156	1.35535
75	163	0.904307
75	169	0.88505
75	175	1.55463
76	3	1.38696
76	99	1.31816
76	111	1.24727
76	122	0.863037
76	137	0.866403
76	139	1.38973
76	156	0.849811
76	162	1.46081
76	166	0.851851
76	171	0.841574
76	172	0.807665
76	173	0.843286
76	174	0.855591
76	175	0.813594
76	176	0.845442
76	178	0.786776
76	179	0.780468
76	180	0.814665
77	24	0.832268
77	48	1.23899
77	97	0.856394
77	100	0.864199
77	107	1.49626
77	109	0.827262
77	143	0.818749
77	151	0.831576
77	154	0.842888
77	156	1.50855
77	157	0.830259
77	159	0.776517
77	162	0.848392
77	168	0.790551
77	171	1.50198
77	177	0.900608
77	178	0.771283
77	179	1.82775
78	1	1.06517
78	6	0.878138
78	18	0.832606
78	21	0.846576
78	52	1.58459
78	75	0.865881
78	82	0.774633
78	99	0.842566
78	103	0.836586
78	105	0.821101
78	111	0.86177
78	114	0.80318
78	120	0.80989
78	146	0.827798
78	158	1.48794
78	159	1.80192
78	163	0.821591
78	180	1.56667
79	16	0.90029
79	27	0.865417
79	29	0.86707
79	36	0.938308
79	37	0.846353
79	50	0.898873
79	66	0.855991
79	74	0.859498
79	85	0.889639
79	93	0.864018
79	106	0.888816
79	115	0.872464
79	124	1.4767
79	127	1.7588
79	152	1.2154
79	158	1.3421
79	164	1.19391
79	169	0.864309
79	174	1.21414
80	62	0.811708
80	81	0.776065
80	87	0.81638
80	102	1.5418
80	103	0.830532
80	116	0.829628
80	131	0.809078
80	137	1.50996
80	139	0.835526
80	142	0.823296
80	144	0.803386
80	147	0.816334
80	148	0.819931
80	155	0.824154
80	162	0.823561
80	168	1.71503
80	174	1.45952
80	176	0.805118
80	179	1.87485
81	55	0.824034
81	58	1.45561
81	62	0.816715
81	80	0.776065
81	103	0.83554
81	110	0.811749
81	139	0.840534
81	141	0.830939
81	142	0.828304
81	144	0.808394
81	147	0.821342
81	148	0.824938
81	155	0.829161
81	161	1.82504
81	164	1.46852
81	166	1.5659
81	176	0.810126
81	178	0.75146
81	180	1.69545
82	6	0.869606
82	21	0.838045
82	69	0.858601
82	78	0.774633
82	90	0.787993
82	98	0.772464
82	99	0.834034
82	103	0.828055
82	105	0.81257
82	111	0.853239
82	114	0.794648
82	120	0.801359
82	133	1.41984
82	135	1.47153
82	163	0.81306
82	169	0.793803
82	176	1.58784
82	179	1.91686
82	180	1.70823
83	32	0.952685
83	34	0.952685
83	51	0.819564
83	59	0.879024
83	65	0.938795
83	71	0.878885
83	73	1.28239
83	95	0.967785
83	104	0.844867
83	150	0.88894
83	153	1.20614
83	160	1.25274
83	165	1.19264
83	168	0.836905
83	169	1.31017
83	175	1.45959
83	176	0.876303
83	177	0.946962
84	61	1.32466
84	115	1.28075
84	123	0.917018
84	128	1.22822
84	146	1.2021
84	149	0.895406
84	150	1.15656
84	151	1.26159
84	158	0.867328
84	160	0.861584
84	161	0.839092
84	170	0.846112
84	171	0.866148
84	172	0.832239
84	173	0.86786
84	174	0.880165
84	175	0.838169
84	176	0.870016
84	179	0.805042
84	180	0.83924
85	11	1.13043
85	16	0.882815
85	27	0.847942
85	29	0.849595
85	37	0.828878
85	50	0.881399
85	66	0.838516
85	74	0.842023
85	79	0.889639
85	93	0.846543
85	106	0.871341
85	108	1.41476
85	115	0.854989
85	118	0.844025
85	140	0.867343
85	167	1.46057
85	169	0.846834
85	172	1.61841
85	174	1.35217
85	180	1.55887
86	55	1.44351
86	70	1.43796
86	89	0.7902
86	126	0.822491
86	138	1.45729
86	145	0.834583
86	155	1.45592
86	156	0.831545
86	157	1.49804
86	158	0.824487
86	160	0.818743
86	164	0.837975
86	166	0.833585
86	170	0.803271
86	173	0.82502
86	174	0.837325
86	175	0.795328
86	179	0.762202
86	180	0.796399
87	19	0.874919
87	48	1.16731
87	64	0.855803
87	80	0.81638
87	110	0.852064
87	112	0.889917
87	116	0.874951
87	119	1.40833
87	124	1.6033
87	137	1.39118
87	142	0.868619
87	144	0.848709
87	145	1.40342
87	148	0.865254
87	152	0.874626
87	155	0.869477
87	162	0.868884
87	163	0.86086
87	171	1.4303
87	178	0.791775
88	68	1.5468
88	73	0.856208
88	132	0.898768
88	146	1.28235
88	147	1.37001
88	151	1.34184
88	158	0.8499
88	160	0.844156
88	161	0.821665
88	162	1.30149
88	164	0.863388
88	170	0.828684
88	171	0.848721
88	172	0.814812
88	173	0.850433
88	174	0.862738
88	175	0.820741
88	176	0.852589
88	177	1.08885
88	179	0.787615
88	180	0.821812
89	33	1.74635
89	56	0.820971
89	86	0.7902
89	99	1.5812
89	100	1.52617
89	118	0.790557
89	124	0.781918
89	150	1.65917
89	156	0.806573
89	158	0.799515
89	161	0.77128
89	164	0.813003
89	170	0.778299
89	171	0.798336
89	172	0.764427
89	173	0.800048
89	174	0.812353
89	175	0.770357
89	177	1.51121
89	179	0.73723
89	180	0.771427
90	6	0.891497
90	21	0.859935
90	47	1.24742
90	69	0.880492
90	75	0.87924
90	82	0.787993
90	98	0.794355
90	99	0.855925
90	103	0.849945
90	105	0.83446
90	111	0.87513
90	114	0.816539
90	115	0.823849
90	120	0.82325
90	152	1.29015
90	159	1.73084
90	163	0.834951
90	169	0.815694
90	171	1.37845
90	178	1.81378
90	180	1.49559
91	9	0.884682
91	21	1.1067
91	56	0.928517
91	75	1.15129
91	103	1.1297
91	123	0.956752
91	136	0.923813
91	140	1.1451
91	145	0.917157
91	154	1.25958
91	163	1.1734
91	164	0.920549
91	170	0.885845
91	171	0.905882
91	172	0.871973
91	173	0.907594
91	174	0.919899
91	175	0.877902
91	177	0.954778
91	179	0.844776
91	180	0.878973
92	1	0.914331
92	3	1.28592
92	48	0.892048
92	71	1.40477
92	72	0.911436
92	93	1.30112
92	121	1.45371
92	151	1.40013
92	164	0.85346
92	166	0.849069
92	168	0.803262
92	170	0.818755
92	171	0.838792
92	172	0.804883
92	173	0.840504
92	174	0.852809
92	175	0.810813
92	176	0.84266
92	177	1.14713
92	179	0.777686
92	180	0.811884
93	16	0.857195
93	27	0.822322
93	36	0.895212
93	37	0.803257
93	50	0.855778
93	53	0.856723
93	66	0.812895
93	74	0.816402
93	79	0.864018
93	85	0.846543
93	92	1.30112
93	106	0.84572
93	115	0.829368
93	118	0.818404
93	134	1.62269
93	140	0.841722
93	168	1.4722
93	169	0.821214
93	172	1.48294
93	179	1.63202
93	180	1.42339
94	13	0.809892
94	14	0.897402
94	28	0.962346
94	96	0.913133
94	108	1.20107
94	113	0.918914
94	117	0.901573
94	125	0.858525
94	128	0.888614
94	137	1.18891
94	140	0.89859
94	161	1.47477
94	162	0.905361
94	163	0.897338
94	165	0.909147
94	166	1.21563
94	167	0.89704
94	168	1.39398
94	175	1.43388
94	176	1.22479
94	177	0.957577
95	32	1.00704
95	34	1.00704
95	51	0.873922
95	59	0.933382
95	65	0.993153
95	71	0.933242
95	83	0.967785
95	102	1.04524
95	104	0.899225
95	108	1.02556
95	118	1.20319
95	150	0.943298
95	167	1.07137
95	168	0.891263
95	172	1.22921
95	175	1.25837
95	176	0.930661
95	177	1.00132
95	178	1.48785
96	13	0.788368
96	14	0.875877
96	28	0.940821
96	67	1.31029
96	94	0.913133
96	103	0.890807
96	113	0.897389
96	117	0.880048
96	118	0.853747
96	125	0.837001
96	128	0.86709
96	140	0.877065
96	153	1.23283
96	163	0.875813
96	165	0.887622
96	167	0.875515
96	168	1.44639
96	169	1.33687
96	170	1.41727
96	171	1.28044
96	177	0.936053
96	180	1.39759
97	30	0.948637
97	60	0.861198
97	68	0.851876
97	70	0.91488
97	77	0.856394
97	118	1.45939
97	126	1.27422
97	129	0.872589
97	134	1.62516
97	138	0.89585
97	143	0.854423
97	151	0.86725
97	154	0.878562
97	157	0.865933
97	159	0.812191
97	162	0.884067
97	164	1.19893
97	167	0.875745
97	169	1.36515
97	173	1.27157
97	176	1.30548
97	177	0.936283
98	18	0.830436
98	21	0.844406
98	49	1.34619
98	69	0.864963
98	75	0.863711
98	82	0.772464
98	90	0.794355
98	99	0.840396
98	103	0.834417
98	105	0.818932
98	108	0.825769
98	111	0.859601
98	114	0.80101
98	120	0.807721
98	126	1.56912
98	146	0.825629
98	160	1.60261
98	163	0.819422
98	165	1.54251
98	168	1.76957
98	169	0.800165
98	174	1.51406
99	18	0.892006
99	21	0.905977
99	69	0.926533
99	73	1.2509
99	75	0.925281
99	76	1.31816
99	78	0.842566
99	82	0.834034
99	89	1.5812
99	90	0.855925
99	98	0.840396
99	101	1.30734
99	105	0.880502
99	108	0.88734
99	111	0.921171
99	115	0.86989
99	120	0.869291
99	146	0.887199
99	158	1.26066
99	167	1.2411
99	169	0.861735
99	176	1.21901
100	25	0.863833
100	30	0.956442
100	58	1.04453
100	68	0.859682
100	77	0.864199
100	89	1.52617
100	104	0.841993
100	109	0.870742
100	119	1.14526
100	129	0.880395
100	130	0.873154
100	134	1.48366
100	143	0.862229
100	151	0.875056
100	154	0.886368
100	157	0.873739
100	161	1.41396
100	167	0.883551
100	168	0.834031
100	176	1.16398
100	177	0.944088
100	179	1.493
101	4	1.26152
101	70	0.878227
101	99	1.30734
101	112	1.43368
101	117	0.843625
101	125	0.800578
101	128	0.830667
101	139	1.37891
101	147	1.51851
101	148	1.54362
101	154	0.84191
101	157	0.829281
101	162	0.847414
101	164	0.839771
101	167	0.839093
101	168	0.789573
101	172	0.791194
101	173	0.826815
101	175	0.797124
101	177	0.89963
101	179	0.763997
101	180	0.798195
102	80	1.5418
102	95	1.04524
102	122	0.872814
102	134	0.819036
102	135	0.876588
102	142	1.31599
102	147	1.42615
102	155	1.3154
102	156	0.859588
102	160	0.846786
102	161	0.824295
102	162	1.35763
102	164	0.866018
102	166	0.861628
102	170	0.831314
102	171	0.851351
102	172	0.817442
102	173	0.853063
102	175	0.823371
102	179	0.790245
102	180	0.824442
103	56	1.22172
103	78	0.836586
103	80	0.830532
103	81	0.83554
103	82	0.828055
103	90	0.849945
103	91	1.1297
103	96	0.890807
103	98	0.834417
103	117	0.879247
103	120	0.863312
103	122	1.31768
103	124	1.50019
103	125	0.8362
103	128	0.866289
103	141	0.885406
103	147	0.875809
103	148	0.879406
103	149	1.3322
103	155	0.883629
103	172	1.50388
103	177	0.935252
103	179	1.65296
104	39	1.43291
104	69	1.38367
104	83	0.844867
104	95	0.899225
104	100	0.841993
104	109	0.805055
104	117	1.45239
104	137	0.828704
104	138	0.83797
104	139	1.46637
104	142	1.49581
104	151	0.809369
104	154	0.820681
104	163	1.54343
104	168	0.768344
104	172	0.769966
104	173	0.805587
104	174	0.817892
104	176	0.807743
104	177	0.878402
104	178	0.749077
104	179	0.742769
104	180	0.776967
105	6	0.916074
105	18	0.870542
105	49	1.05135
105	67	1.33863
105	69	0.905069
105	75	0.903817
105	78	0.821101
105	82	0.81257
105	90	0.83446
105	98	0.818932
105	99	0.880502
105	108	0.865875
105	111	0.899707
105	115	0.848426
105	120	0.847827
105	127	1.76389
105	135	1.18922
105	146	0.865735
105	163	0.859528
105	164	1.199
105	169	0.840271
105	170	1.44561
105	178	1.74412
106	12	1.00857
106	16	0.881992
106	27	0.847119
106	29	0.848772
106	36	0.920009
106	37	0.828055
106	50	0.880575
106	53	0.88152
106	66	0.837693
106	74	0.8412
106	79	0.888816
106	85	0.871341
106	93	0.84572
106	115	0.854166
106	118	0.843202
106	127	1.74104
106	136	1.23146
106	140	0.86652
106	159	1.63833
106	165	1.22483
106	169	0.846011
106	176	1.2827
106	178	1.72127
107	15	1.26742
107	17	0.899
107	40	1.3049
107	50	1.25221
107	70	1.29899
107	77	1.49626
107	109	1.42195
107	134	0.818562
107	135	0.876114
107	145	0.862152
107	149	0.880134
107	153	0.87211
107	161	0.823821
107	162	1.35919
107	164	0.865544
107	166	0.861154
107	169	0.845907
107	170	0.83084
107	172	0.816968
107	173	0.852589
107	174	0.864894
107	175	0.822898
107	179	0.789771
107	180	0.823968
108	29	1.47608
108	60	0.85152
108	61	0.86538
108	66	1.43793
108	85	1.41476
108	94	1.20107
108	95	1.02556
108	98	0.825769
108	99	0.88734
108	105	0.865875
108	116	1.33484
108	120	0.854665
108	131	1.5104
108	136	0.870009
108	151	0.857573
108	154	0.868885
108	157	0.856256
108	158	0.853258
108	161	0.825022
108	169	0.847109
108	171	0.852078
108	178	0.79728
108	179	0.790972
108	180	0.82517
109	3	0.895174
109	17	1.30729
109	24	0.83881
109	45	1.26423
109	61	0.845925
109	63	0.837448
109	70	0.885748
109	77	0.827262
109	100	0.870742
109	104	0.805055
109	107	1.42195
109	129	0.843457
109	130	0.836216
109	138	0.866719
109	143	0.825291
109	151	0.838118
109	154	0.84943
109	157	0.836801
109	160	1.42667
109	166	1.41527
109	176	1.42443
109	177	0.907151
109	178	0.777826
109	179	1.75345
110	8	0.787444
110	11	1.11269
110	31	0.83631
110	38	0.906316
110	81	0.811749
110	87	0.852064
110	112	0.880278
110	124	1.59699
110	131	0.844762
110	141	0.861615
110	142	0.85898
110	144	0.83907
110	147	0.852018
110	148	0.855614
110	152	0.864987
110	155	0.859837
110	159	0.787369
110	162	0.859245
110	166	1.41159
110	169	1.48042
110	171	1.42399
110	175	1.62984
110	176	0.840802
110	180	1.54113
111	6	0.956743
111	21	0.925181
111	69	0.945738
111	75	0.944486
111	76	1.24727
111	78	0.86177
111	82	0.853239
111	90	0.87513
111	98	0.859601
111	99	0.921171
111	105	0.899707
111	114	0.881785
111	115	0.889095
111	120	0.888496
111	122	1.14186
111	145	1.12448
111	146	0.906404
111	159	1.50376
111	163	0.900197
111	169	0.88094
111	170	1.28819
111	174	1.0618
111	175	1.35721
111	178	1.5867
112	8	0.825297
112	62	0.885245
112	72	0.929169
112	87	0.889917
112	101	1.43368
112	110	0.880278
112	119	1.32663
112	121	0.880372
112	123	1.09271
112	131	0.882615
112	139	0.909063
112	141	0.899468
112	142	0.896833
112	144	0.876923
112	145	1.32172
112	146	0.895282
112	147	0.889871
112	152	0.90284
112	155	0.897691
112	158	1.38701
112	163	0.889074
112	171	1.3486
112	176	0.878655
112	178	0.819989
112	179	1.67437
113	13	0.794149
113	14	0.881658
113	28	0.946603
113	38	1.0461
113	47	1.166
113	67	1.32687
113	94	0.918914
113	96	0.897389
113	117	0.885829
113	118	0.859528
113	125	0.842782
113	127	0.817483
113	128	0.872871
113	140	0.882846
113	146	0.887801
113	152	1.20873
113	162	0.889618
113	163	0.881594
113	165	0.893403
113	167	0.881296
113	169	1.35345
113	174	1.20747
113	175	1.50287
113	177	0.941834
113	178	1.73236
114	24	0.833505
114	61	0.84062
114	78	0.80318
114	82	0.794648
114	90	0.816539
114	98	0.80101
114	111	0.881785
114	120	0.829905
114	131	0.835147
114	141	0.852
114	144	0.829455
114	148	0.845999
114	149	1.45157
114	151	0.832813
114	154	0.844125
114	155	0.850222
114	157	0.831496
114	166	1.43416
114	172	1.62325
114	173	1.40941
114	174	1.357
114	175	1.65241
114	177	0.901846
114	178	0.772521
114	179	1.77233
115	74	0.824848
115	79	0.872464
115	84	1.28075
115	85	0.854989
115	90	0.823849
115	93	0.829368
115	99	0.86989
115	105	0.848426
115	106	0.854166
115	111	0.889095
115	120	0.837215
115	141	0.859309
115	142	0.856675
115	147	0.849712
115	148	0.853309
115	155	0.857532
115	160	1.42342
115	161	1.67116
115	168	1.59037
115	169	0.829659
115	173	1.38728
115	174	1.33487
115	178	0.779831
115	180	1.54157
116	8	0.810331
116	20	0.88753
116	80	0.829628
116	87	0.874951
116	108	1.33484
116	121	0.865406
116	131	0.867649
116	139	0.894097
116	141	0.884502
116	142	0.881867
116	144	0.861957
116	145	1.33491
116	147	0.874905
116	148	0.878501
116	150	0.876326
116	153	1.31419
116	155	0.882724
116	158	1.40021
116	159	0.810256
116	162	0.882132
116	163	0.874108
116	165	1.30069
116	166	1.34939
116	170	1.49863
116	172	1.53849
116	176	0.863689
117	13	0.776807
117	14	0.864317
117	28	0.929261
117	94	0.901573
117	96	0.880048
117	101	0.843625
117	103	0.879247
117	104	1.45239
117	113	0.885829
117	125	0.82544
117	127	0.800142
117	128	0.855529
117	133	1.10859
117	140	0.865505
117	146	0.87046
117	149	1.28485
117	162	0.872276
117	163	0.864253
117	165	0.876062
117	167	0.863955
117	171	1.27985
117	176	1.2766
117	177	0.924492
117	178	1.71518
117	179	1.60562
117	180	1.39699
118	21	1.45486
118	35	1.47357
118	61	1.619
118	66	0.810377
118	74	0.813884
118	85	0.844025
118	89	0.790557
118	93	0.818404
118	95	1.20319
118	96	0.853747
118	97	1.45939
118	106	0.843202
118	113	0.859528
118	125	0.79914
118	128	0.829229
118	138	1.47471
118	157	1.51546
118	163	0.837952
118	166	0.833942
118	169	0.818695
118	171	0.823664
118	172	0.789756
118	175	0.795685
118	177	0.898191
118	179	0.762558
118	180	0.796756
119	5	0.934183
119	46	1.3788
119	52	0.846778
119	68	1.58825
119	75	1.32681
119	87	1.40833
119	100	1.14526
119	112	1.32663
119	127	0.80659
119	136	0.874345
119	145	0.867689
119	153	0.877646
119	155	1.30071
119	156	0.86465
119	158	0.857593
119	160	0.851849
119	164	0.871081
119	170	0.836377
119	171	0.856413
119	172	0.822504
119	173	0.858125
119	174	0.87043
119	175	0.828434
119	176	0.860281
119	177	1.1303
119	179	0.795307
119	180	0.829505
120	6	0.904863
120	18	0.859331
120	21	0.873302
120	57	1.10421
120	69	0.893858
120	75	0.892606
120	78	0.80989
120	82	0.801359
120	90	0.82325
120	98	0.807721
120	99	0.869291
120	103	0.863312
120	105	0.847827
120	108	0.854665
120	111	0.888496
120	114	0.829905
120	115	0.837215
120	146	0.854524
120	152	1.38492
120	160	1.4722
120	163	0.848317
120	165	1.4121
120	167	1.49206
120	168	1.63916
120	169	0.82906
120	176	1.46997
120	180	1.59036
121	31	0.836404
121	53	0.867568
121	55	0.854804
121	62	0.847486
121	92	1.45371
121	112	0.880372
121	116	0.865406
121	122	1.44934
121	131	0.844856
121	139	0.871304
121	142	0.859074
121	144	0.839164
121	146	0.857522
121	147	0.852112
121	148	0.855709
121	150	0.853533
121	152	0.865081
121	153	1.41123
121	155	0.859932
121	163	0.851315
121	164	1.34906
121	171	1.45884
121	173	1.4217
121	174	1.36928
121	176	0.840896
121	178	0.78223
121	180	1.57599
122	7	1.24783
122	76	0.863037
122	102	0.872814
122	103	1.31768
122	111	1.14186
122	121	1.44934
122	126	0.85209
122	132	0.902953
122	135	0.878143
122	141	1.34446
122	145	0.864181
122	149	0.882164
122	151	1.39576
122	152	0.880959
122	157	1.35529
122	158	0.854086
122	161	0.82585
122	166	0.863183
122	170	0.832869
122	171	0.852906
122	172	0.818997
122	173	0.854618
122	174	0.866923
122	175	0.824927
122	177	1.14276
122	179	0.7918
122	180	0.825998
123	42	0.874351
123	62	1.26993
123	75	1.09289
123	84	0.917018
123	91	0.956752
123	112	1.09271
123	124	0.865895
123	131	1.28147
123	133	0.942366
123	135	0.90755
123	136	0.900244
123	137	0.907142
123	142	1.06738
123	143	1.27196
123	148	1.20265
123	154	1.20119
123	160	0.877749
123	161	0.855257
123	163	1.115
123	166	0.89259
123	170	0.862276
123	171	0.882313
123	172	0.848404
123	173	0.884025
123	174	0.89633
123	175	0.854334
123	179	0.821207
123	180	0.855405
124	79	1.4767
124	87	1.6033
124	89	0.781918
124	103	1.50019
124	110	1.59699
124	123	0.865895
124	133	0.875078
124	146	1.51877
124	149	0.844283
124	153	0.836258
124	155	1.49568
124	158	0.816205
124	160	0.810461
124	164	0.829692
124	166	0.825302
124	168	0.779495
124	170	0.794988
124	171	0.815025
124	172	0.781116
124	173	0.816737
124	174	0.829042
124	175	0.787046
124	176	0.818893
124	177	1.32527
124	178	0.760227
124	179	0.753919
124	180	0.788117
125	12	0.889052
125	13	0.73376
125	14	0.821269
125	28	0.886214
125	45	1.33661
125	49	1.24262
125	53	0.837458
125	94	0.858525
125	96	0.837001
125	101	0.800578
125	103	0.8362
125	113	0.842782
125	117	0.82544
125	118	0.79914
125	126	1.46556
125	127	0.757095
125	128	0.812482
125	140	0.822458
125	146	0.827413
125	152	1.41176
125	156	1.50663
125	159	1.85245
125	162	0.829229
125	163	0.821205
125	165	0.833015
125	167	0.820908
125	176	1.49681
125	177	0.881445
125	178	1.93539
126	53	1.33475
126	63	1.47026
126	86	0.822491
126	97	1.27422
126	98	1.56912
126	122	0.85209
126	125	1.46556
126	128	1.33739
126	132	0.880674
126	135	0.855864
126	137	0.855456
126	140	1.30809
126	143	1.49335
126	149	0.859884
126	153	0.85186
126	156	0.838864
126	159	0.781062
126	160	0.826062
126	161	0.803571
126	164	0.845294
126	166	0.840904
126	170	0.81059
126	171	0.830627
126	172	0.796718
126	173	0.832339
126	174	0.844644
126	175	0.802648
126	179	0.769521
126	180	0.803718
127	6	1.511
127	32	1.48596
127	46	0.81409
127	60	0.781062
127	79	1.7588
127	105	1.76389
127	106	1.74104
127	113	0.817483
127	117	0.800142
127	119	0.80659
127	125	0.757095
127	128	0.787184
127	130	0.785212
127	139	1.74893
127	142	1.77837
127	151	0.787114
127	154	0.798426
127	157	0.785797
127	158	0.782799
127	159	0.732055
127	160	0.777055
127	162	0.803931
127	165	0.807716
127	171	0.78162
127	172	0.747711
127	176	0.785487
127	177	0.856147
127	178	0.726822
127	179	0.720514
127	180	0.754711
128	12	0.919141
128	13	0.763849
128	14	0.851358
128	28	0.916303
128	53	0.867547
128	58	1.24919
128	84	1.22822
128	94	0.888614
128	96	0.86709
128	101	0.830667
128	103	0.866289
128	113	0.872871
128	117	0.855529
128	118	0.829229
128	125	0.812482
128	126	1.33739
128	127	0.787184
128	140	0.852547
128	146	0.857502
128	152	1.28359
128	160	1.37088
128	162	0.859318
128	163	0.851294
128	165	0.863104
128	167	0.850997
128	168	1.53783
128	176	1.36864
128	177	0.911534
128	178	1.80722
128	180	1.48903
129	1	1.05336
129	2	0.782718
129	3	0.904827
129	9	1.5602
129	23	0.841434
129	35	0.915879
129	54	1.24513
129	60	0.841719
129	61	0.855578
129	68	0.832397
129	70	0.895401
129	97	0.872589
129	100	0.880395
129	109	0.843457
129	135	1.31816
129	136	1.38324
129	143	0.834944
129	151	0.847771
129	152	0.87033
129	154	0.859083
129	157	0.846454
129	162	0.864588
129	165	0.868373
129	166	1.42532
129	168	0.806746
129	171	1.43772
129	173	1.40057
129	177	0.916804
129	178	0.787479
129	179	1.76349
130	2	0.775478
130	3	0.897586
130	5	1.15034
130	17	1.31203
130	23	0.834193
130	24	0.841222
130	35	0.908638
130	46	0.867506
130	52	1.56748
130	63	0.83986
130	68	0.825156
130	100	0.873154
130	109	0.836216
130	127	0.785212
130	136	1.37794
130	138	0.869131
130	143	0.827704
130	151	0.84053
130	153	1.38481
130	154	0.851842
130	157	0.839214
130	161	1.67915
130	162	0.857347
130	165	0.861132
130	167	0.849025
130	168	0.799505
130	174	1.34286
130	175	1.63826
130	177	0.909563
130	178	0.780238
130	180	1.54956
131	8	0.789781
131	55	0.857047
131	57	1.16835
131	62	0.849729
131	64	0.848501
131	80	0.809078
131	108	1.5104
131	110	0.844762
131	112	0.882615
131	114	0.835147
131	116	0.867649
131	121	0.844856
131	123	1.28147
131	133	1.36611
131	139	0.873547
131	141	0.863952
131	142	0.861317
131	144	0.841407
131	147	0.854355
131	148	0.857952
131	149	1.54237
131	150	0.855776
131	152	0.867324
131	155	0.862175
131	159	0.789706
131	165	1.47625
131	170	1.67419
131	171	1.53736
131	174	1.4478
131	176	0.843139
131	178	0.784473
132	36	1.00534
132	42	0.873528
132	43	1.40293
132	57	0.987132
132	68	1.39503
132	88	0.898768
132	122	0.902953
132	126	0.880674
132	133	0.941543
132	135	0.906727
132	138	1.10886
132	140	1.12741
132	146	1.13058
132	147	1.21824
132	148	1.24335
132	153	0.902723
132	156	0.889727
132	158	0.88267
132	161	0.854434
132	162	1.14972
132	164	0.896157
132	166	0.891767
132	169	0.876521
132	170	0.861453
132	171	0.88149
132	172	0.847581
132	174	0.895507
132	175	0.853511
132	177	0.937081
132	179	0.820384
132	180	0.854582
133	34	0.916281
133	72	0.96414
133	82	1.41984
133	117	1.10859
133	123	0.942366
133	124	0.875078
133	131	1.36611
133	132	0.941543
133	134	0.859181
133	137	0.916325
133	141	1.18271
133	143	1.3566
133	150	1.12898
133	155	1.15143
133	156	0.899733
133	159	0.841931
133	160	0.886931
133	161	0.86444
133	162	1.19366
133	164	0.906163
133	166	0.901773
133	170	0.871459
133	171	0.891496
133	172	0.857587
133	173	0.893208
133	174	0.905513
133	175	0.863517
133	177	0.981014
133	178	0.836698
133	179	0.83039
133	180	0.864588
134	19	1.49132
134	27	1.76721
134	30	1.42329
134	41	0.803553
134	58	0.835177
134	67	0.81156
134	93	1.62269
134	97	1.62516
134	100	1.48366
134	102	0.819036
134	107	0.818562
134	133	0.859181
134	136	0.81706
134	137	0.823958
134	145	0.810404
134	151	1.7217
134	153	0.820362
134	156	0.807366
134	159	0.749564
134	160	0.794564
134	161	0.772073
134	164	0.813796
134	166	0.809406
134	170	0.779092
134	171	0.799129
134	172	0.76522
134	173	0.800841
134	174	0.813146
134	175	0.771149
134	177	1.4687
134	179	0.738023
134	180	0.77222
135	22	1.38889
135	35	1.20334
135	45	0.911064
135	60	1.3158
135	72	0.929324
135	74	1.35199
135	82	1.47153
135	102	0.876588
135	105	1.18922
135	107	0.876114
135	122	0.878143
135	123	0.90755
135	126	0.855864
135	129	1.31816
135	132	0.906727
135	145	0.867955
135	147	1.31386
135	148	1.33898
135	153	0.877913
135	158	0.85786
135	160	0.852115
135	161	0.829624
135	166	0.866957
135	168	0.82115
135	170	0.836643
135	171	0.85668
135	172	0.822771
135	173	0.858392
135	174	0.870697
135	175	0.828701
135	177	1.0327
135	179	0.795574
135	180	0.829772
136	26	1.49315
136	70	1.25024
136	91	0.923813
136	106	1.23146
136	108	0.870009
136	119	0.874345
136	123	0.900244
136	129	1.38324
136	130	1.37794
