1	24	0.866268
1	53	0.985591
1	141	1.00331
1	151	0.975009
1	157	0.964137
1	171	1.03331
1	175	1.0329
1	176	1.02032
1	177	1.03685
1	178	1.02883
1	179	1.02389
1	180	1.02389
2	56	1.01427
2	59	1.16276
2	62	0.962039
2	67	1.01621
2	73	1.07034
2	78	0.96581
2	101	1.09775
2	109	0.887598
2	164	0.981076
2	167	1.00857
2	170	0.888377
2	180	0.951834
3	32	1.21756
3	104	0.894109
3	128	0.907196
3	129	1.22523
3	130	0.910022
3	147	0.921436
3	151	0.917002
3	154	0.882648
3	160	0.891741
3	161	0.875847
3	166	1.203
3	170	1.1597
4	29	0.993343
4	105	0.965393
4	114	1.05994
4	121	0.952413
4	125	1.05888
4	148	0.939962
4	151	1.04715
4	154	1.0128
4	160	1.02189
4	161	1.006
4	164	0.989296
4	180	0.960055
5	25	0.985931
5	61	1.02304
5	95	0.841122
5	108	1.04753
5	127	1.03677
5	145	1.03409
5	149	1.04084
5	153	1.02621
5	157	1.04236
5	168	0.969877
5	174	0.999186
5	178	0.956783
6	14	0.918996
6	56	0.882987
6	59	1.03148
6	62	0.830754
6	67	0.884923
6	73	0.939055
6	78	0.834525
6	107	1.09826
6	167	0.877283
6	169	1.22268
6	174	1.26327
6	178	1.22087
7	28	1.11766
7	51	0.995787
7	80	1.03569
7	87	0.99657
7	93	0.82994
7	110	1.00189
7	155	1.01405
7	163	1.01504
7	168	0.985538
7	170	1.02248
7	172	1.01679
7	178	0.972444
8	45	0.777803
8	65	0.940216
8	73	0.939329
8	154	1.08597
8	163	1.05104
8	164	1.02059
8	174	1.03077
8	176	1.02329
8	177	1.03982
8	178	1.0318
8	179	1.02686
8	180	1.02686
9	82	1.0273
9	85	1.05809
9	91	1.01981
9	117	0.946971
9	130	1.03899
9	151	1.04597
9	154	1.01162
9	160	1.02071
9	161	1.00481
9	165	0.938976
9	174	0.968317
9	177	0.925116
10	21	1.00005
10	61	0.942987
10	69	0.890399
10	96	1.04876
10	116	0.91137
10	139	1.02856
10	165	1.03606
10	175	1.0307
10	177	1.03465
10	178	1.02663
10	179	1.0217
10	180	1.0217
11	53	1.00469
11	60	1.00469
11	66	1.07969
11	74	1.01256
11	84	1.07922
11	101	1.1054
11	124	0.878687
11	136	0.985422
11	158	0.997994
11	163	0.867082
11	167	1.02115
11	174	0.968214
12	92	0.865078
12	104	0.901495
12	113	0.90982
12	123	0.902276
12	127	1.26783
12	128	0.914582
12	151	0.924388
12	160	0.899127
12	161	0.883233
12	165	1.20091
12	172	1.14164
12	175	1.19248
13	17	0.921004
13	48	1.03353
13	88	1.03265
13	90	1.03424
13	95	1.09026
13	98	1.05094
13	109	0.928532
13	133	0.968805
13	144	1.03738
13	162	0.984796
13	170	0.929312
13	176	0.995281
14	6	0.918996
14	20	1.15206
14	34	1.07115
14	56	1.03585
14	62	0.983621
14	73	1.09192
14	78	0.987392
14	154	0.898845
14	155	0.964245
14	158	0.916599
14	167	1.03015
14	173	0.951347
15	113	1.03084
15	130	1.03843
15	135	0.955837
15	143	1.02324
15	147	1.04985
15	151	1.04541
15	154	1.01106
15	160	1.02015
15	161	1.00426
15	170	0.896231
15	179	0.971671
15	180	0.959688
16	47	1.04077
16	48	0.998872
16	52	0.949573
16	59	0.853938
16	70	0.949622
16	77	1.08773
16	88	0.997998
16	95	1.05561
16	98	1.01628
16	144	1.00273
16	173	1.03826
16	178	1.00955
17	13	0.921004
17	48	0.868916
17	77	0.957777
17	88	0.868041
17	90	0.869626
17	95	0.925654
17	98	0.886328
17	116	0.902653
17	134	1.17216
17	159	1.19312
17	167	1.19001
17	180	1.24746
18	69	1.02146
18	114	1.01152
18	146	1.05991
18	150	1.0565
18	156	1.04368
18	165	0.979174
18	166	0.983689
18	168	0.990539
18	169	0.986005
18	176	0.961237
18	178	0.969744
18	179	0.964807
18	180	0.964807
19	55	0.965216
19	63	0.928878
19	64	0.968039
19	94	1.12001
19	115	1.02007
19	119	0.994975
19	131	0.909031
19	134	0.974959
19	146	0.977988
19	147	1.03142
19	150	0.968275
19	156	0.989486
19	176	1.14972
20	14	1.15206
20	56	1.11606
20	62	1.06382
20	67	1.11799
20	73	1.17212
20	78	1.06759
20	93	0.720248
20	127	0.942735
20	166	0.87627
20	167	1.11035
20	171	0.906642
20	176	0.898934
20	178	0.862752
21	10	1.00005
21	34	0.941999
21	44	0.932645
21	50	1.00602
21	54	1.00765
21	89	1.01256
21	96	0.946429
21	110	0.953354
21	124	1.01273
21	133	0.999345
21	135	1.08967
21	168	1.07295
21	170	1.03007
22	102	0.968878
22	111	0.942532
22	117	1.03977
22	131	0.92329
22	134	0.989218
22	140	0.976693
22	148	1.03229
22	156	1.00375
22	163	0.996947
22	164	1.08162
22	166	1.03223
22	169	1.02052
22	172	0.998697
23	43	0.907782
23	70	0.997045
23	76	0.963504
23	117	1.06777
23	122	0.974244
23	137	0.988706
23	145	0.989445
23	152	1.0453
23	153	0.981559
23	156	0.982083
23	157	0.997715
23	166	1.06024
23	169	1.04853
24	1	0.866268
24	53	1.0904
24	60	1.0904
24	66	1.1654
24	74	1.09827
24	84	1.16494
24	97	0.870621
24	124	0.819599
24	158	1.08371
24	167	1.10687
24	169	0.868534
24	171	0.910612
24	175	0.87136
25	5	0.985931
25	30	1.0404
25	39	1.02764
25	79	1.10746
25	137	0.96677
25	141	0.946397
25	142	0.955716
25	145	0.967509
25	147	0.942341
25	149	0.974255
25	157	0.97578
25	164	1.08737
25	178	1.02446
26	34	1.15448
26	38	0.908531
26	125	1.01294
26	128	0.991409
26	147	1.00565
26	150	0.978592
26	154	0.966861
26	158	0.999933
26	160	0.975954
26	161	0.960061
26	170	0.976186
26	173	1.03468
26	180	1.03964
27	53	1.00469
27	60	1.00469
27	66	1.07969
27	74	1.01256
27	80	0.892343
27	84	1.07922
27	119	0.899672
27	155	1.01685
27	158	0.997994
27	167	1.02115
27	168	0.988339
27	173	1.00395
28	7	1.11766
28	51	1.11225
28	72	1.03269
28	80	1.15215
28	87	1.11304
28	128	0.786777
28	132	0.894425
28	143	0.945666
28	153	0.804768
28	170	1.13895
28	172	1.13325
28	173	0.877156
28	179	0.894101
29	4	0.993343
29	104	0.9686
29	107	0.936158
29	113	0.976926
29	147	0.995927
29	151	0.991493
29	154	0.95714
29	160	0.966232
29	161	0.950339
29	162	1.08447
29	167	1.03498
29	173	1.08748
29	175	1.06341
30	25	1.0404
30	51	0.969947
30	72	0.890387
30	80	1.00985
30	87	0.97073
30	119	0.977415
30	133	0.982305
30	155	1.09459
30	159	1.03232
30	163	0.989196
30	170	0.99664
30	172	0.990947
30	175	1.05763
31	86	1.01075
31	124	0.986639
31	131	1.11694
31	139	1.05891
31	142	0.959006
31	145	0.970799
31	149	0.977545
31	152	1.03235
31	153	0.962913
31	157	0.97907
31	167	1.00998
31	170	0.984849
31	173	0.955068
32	3	1.21756
32	74	0.986623
32	78	0.940777
32	95	0.949462
32	111	0.949344
32	140	0.983504
32	147	0.983007
32	156	1.01056
32	158	1.05908
32	167	0.983535
32	178	0.980719
32	179	0.975782
32	180	0.975782
33	64	1.19187
33	89	0.887147
33	96	0.821016
33	100	0.895032
33	110	0.827941
33	139	1.36252
33	146	0.876123
33	147	0.893467
33	156	0.887622
33	160	0.863772
33	161	0.847879
33	167	1.31359
33	178	1.33737
34	14	1.07115
34	21	0.941999
34	26	1.15448
34	96	0.904839
34	110	0.911764
34	125	1.07562
34	131	0.890989
34	145	1.13181
34	146	0.959946
34	156	0.971445
34	161	1.16287
34	175	0.945678
34	179	0.93667
34	180	0.93667
35	69	1.05581
35	119	1.07703
35	120	1.05115
35	123	0.916171
35	124	0.870153
35	129	0.953022
35	131	0.991086
35	140	1.04449
35	156	1.07154
35	162	0.942974
35	171	0.961166
35	172	1.06649
35	173	1.04241
35	179	0.96293
36	84	0.827396
36	119	0.921775
36	120	0.958931
36	122	0.941538
36	140	0.992457
36	155	1.04443
36	164	1.04281
36	172	0.951143
36	174	1.053
36	176	1.04552
36	177	1.06204
36	178	1.05403
36	179	1.04909
36	180	1.04909
37	68	1.05581
37	92	1.01926
37	105	0.953381
37	128	1.06877
37	136	0.973985
37	141	1.04264
37	151	1.07857
37	154	1.04422
37	160	1.05331
37	161	1.03742
37	167	0.890589
37	174	0.956776
37	175	0.91901
37	178	0.914373
38	26	0.908531
38	85	0.964742
38	103	0.914334
38	130	0.945638
38	142	1.06
38	147	0.957052
38	151	0.952618
38	154	0.918264
38	160	0.927357
38	161	0.911463
38	162	1.13821
38	165	1.12557
38	168	1.1256
38	174	1.15491
39	25	1.02764
39	78	0.931207
39	96	1.0226
39	102	0.978303
39	110	1.02953
39	123	0.942493
39	134	0.90197
39	153	1.06792
39	154	0.919805
39	157	1.08407
39	161	0.920915
39	178	1.05937
39	179	1.05443
39	180	1.05443
40	46	0.97239
40	101	1.05607
40	112	1.04141
40	117	0.897542
40	122	1.03696
40	129	0.91223
40	137	1.05142
40	142	1.04037
40	149	1.05891
40	153	1.04428
40	157	1.06043
40	168	0.889579
40	169	0.878296
40	170	1.06621
41	45	0.665859
41	47	1.06582
41	48	1.02392
41	77	1.11279
41	88	1.02305
41	90	1.02464
41	95	1.08066
41	98	1.04134
41	144	1.02778
41	150	0.946009
41	155	1.03943
41	169	0.999635
41	172	0.951618
41	178	0.997824
42	68	0.91636
42	70	0.920967
42	130	0.922663
42	140	0.976002
42	156	0.916259
42	159	1.06519
42	160	0.941234
42	174	1.04785
42	175	1.05295
42	176	1.04037
42	177	1.05689
42	178	1.04888
42	179	1.04394
42	180	1.04394
43	23	0.907782
43	58	1.12493
43	61	0.922958
43	86	0.97396
43	94	0.894357
43	116	0.950629
43	137	0.93327
43	145	0.934009
43	149	0.940755
43	157	0.94228
43	171	1.14314
43	175	1.10389
43	176	1.13543
43	178	1.09925
44	21	0.932645
44	50	0.95508
44	54	0.956701
44	88	1.04248
44	89	0.961616
44	96	0.895485
44	110	0.90241
44	144	0.935428
44	152	0.948727
44	158	0.911909
44	162	1.14119
44	173	1.1442
44	177	1.11469
44	179	1.16114
45	8	0.777803
45	41	0.665859
45	54	0.709094
45	73	1.35145
45	78	1.24692
45	126	0.812234
45	129	0.740827
45	144	1.29004
45	146	1.3052
45	156	1.3167
45	167	1.28968
45	174	0.747485
45	179	0.750735
46	40	0.97239
46	71	1.28894
46	115	0.97187
46	119	0.946776
46	120	0.920894
46	134	0.92676
46	140	0.914235
46	141	1.09967
46	146	0.929788
46	156	0.941287
46	167	1.10917
46	172	0.936239
46	173	0.912152
46	178	1.13295
47	16	1.04077
47	41	1.06582
47	75	0.941174
47	77	1.1122
47	88	1.02246
47	90	1.02405
47	95	1.08007
47	98	1.04075
47	126	1.0009
47	136	1.01388
47	139	0.918893
47	167	0.86996
47	174	0.936147
47	179	0.939397
48	13	1.03353
48	16	0.998872
48	17	0.868916
48	41	1.02392
48	77	1.0703
48	90	0.982147
48	95	1.03817
48	98	0.998848
48	121	1.01579
48	144	0.985295
48	159	0.969094
48	172	0.943558
48	173	1.01847
48	179	1.03542
48	180	1.02343
49	80	0.962814
49	134	1.00409
49	146	0.997314
49	160	1.00606
49	161	1.02303
49	162	0.99057
49	164	0.989351
49	165	1.00999
49	171	1.00505
49	172	0.999511
49	175	1.00464
49	177	1.00858
49	178	1.00056
49	179	0.995628
49	180	0.995628
50	21	1.00602
50	44	0.95508
50	54	1.03008
50	75	0.995417
50	79	1.03099
50	89	1.03499
50	96	0.968863
50	110	0.975788
50	133	1.02178
50	143	1.04521
50	152	1.0221
50	158	0.985287
50	162	0.973684
50	173	0.976695
50	176	0.984169
51	7	0.995787
51	28	1.11225
51	30	0.969947
51	72	0.910826
51	87	0.991169
51	102	1.02476
51	141	0.981917
51	148	1.00363
51	159	0.969385
51	163	1.00963
51	170	1.01708
51	172	1.01139
51	175	0.994692
51	178	0.990055
51	180	1.02373
52	16	0.949573
52	76	0.975246
52	132	1.02305
52	137	1.00045
52	142	0.989394
52	145	1.00119
52	149	1.00793
52	153	0.993301
52	157	1.00946
52	163	1.00779
52	168	0.990164
52	170	1.01524
52	174	1.01947
52	176	1.01325
52	180	1.01074
53	1	0.985591
53	11	1.00469
53	24	1.0904
53	27	1.00469
53	60	0.955508
53	66	1.03051
53	74	0.963375
53	84	1.03004
53	132	1.03202
53	141	0.952765
53	158	0.948812
53	165	0.999108
53	167	0.971972
53	173	1.01475
53	180	1.01972
54	21	1.00765
54	44	0.956701
54	45	0.709094
54	50	1.03008
54	89	1.03662
54	96	0.970485
54	106	1.06235
54	110	0.97741
54	124	0.993935
54	144	1.01043
54	152	1.02373
54	158	0.986909
54	171	1.08495
54	173	1.06977
54	179	1.08671
55	19	0.965216
55	97	0.992402
55	111	0.956998
55	115	1.04879
55	120	0.997817
55	134	1.00368
55	140	0.991158
55	143	1.08572
55	146	1.00671
55	156	1.01821
55	159	0.967834
55	163	1.01141
55	165	1.00157
55	166	1.00202
55	170	0.958717
56	2	1.01427
56	6	0.882987
56	14	1.03585
56	20	1.11606
56	62	0.947612
56	67	1.00178
56	73	1.05591
56	78	0.951383
56	115	0.936275
56	163	0.96154
56	167	0.994141
56	168	1.03336
56	170	0.990481
56	175	1.02491
56	176	1.05645
57	71	1.08516
57	75	0.988591
57	82	1.03055
57	131	0.946932
57	134	1.01286
57	136	0.987413
57	139	0.954314
57	140	1.00034
57	146	1.01589
57	156	1.02739
57	164	0.992077
57	172	1.02234
57	173	0.998252
57	174	0.971568
57	179	0.974818
58	43	1.12493
58	77	0.897895
58	98	0.986378
58	119	0.987154
58	137	0.986767
58	142	1.01022
58	166	1.0114
58	169	1.01372
58	174	0.996428
58	175	1.00153
58	176	0.98895
58	177	1.00547
58	178	0.997458
58	179	0.99252
58	180	0.99252
59	2	1.16276
59	6	1.03148
59	16	0.853938
59	67	1.15027
59	110	1.10997
59	111	0.931437
59	125	0.771507
59	131	0.964618
59	151	0.819854
59	152	1.15629
59	156	0.816802
59	158	1.11947
59	172	0.835231
59	179	1.13488
59	180	1.13488
60	11	1.00469
60	24	1.0904
60	27	1.00469
60	53	0.955508
60	66	1.03051
60	74	0.963375
60	84	1.03004
60	118	1.03199
60	135	1.00928
60	143	1.07668
60	156	0.914825
60	158	0.948812
60	167	0.971972
60	170	0.949672
60	171	1.02335
61	5	1.02304
61	10	0.942987
61	43	0.922958
61	81	1.03209
61	83	1.05936
61	122	0.98942
61	142	0.992827
61	149	1.01137
61	152	1.00137
61	153	0.996735
61	157	1.01289
61	166	1.0163
61	167	0.979002
61	169	1.0046
61	170	1.01867
62	2	0.962039
62	6	0.830754
62	14	0.983621
62	20	1.06382
62	56	0.947612
62	65	1.01786
62	67	0.949548
62	73	1.00368
62	78	0.89915
62	106	1.06297
62	118	1.0942
62	127	1.12166
62	141	1.00839
62	167	0.941908
62	176	1.07786
62	177	1.04088
63	19	0.928878
63	68	1.06834
63	83	1.00702
63	101	1.03197
63	117	0.873442
63	128	1.0813
63	130	1.08413
63	143	0.949603
63	147	1.09554
63	151	1.09111
63	154	1.05675
63	160	1.06585
63	161	1.04995
63	169	0.854196
63	173	0.881093
63	176	0.888567
64	19	0.968039
64	33	1.19187
64	134	0.849917
64	142	0.839043
64	145	0.837804
64	150	0.839731
64	154	0.867752
64	166	1.07938
64	171	1.06992
64	174	1.0644
64	175	1.0695
64	176	1.05693
64	177	1.07345
64	178	1.06543
64	179	1.0605
64	180	1.0605
65	8	0.940216
65	62	1.01786
65	67	1.07203
65	80	0.784592
65	123	1.07071
65	126	0.974646
65	136	0.927106
65	142	1.06622
65	143	0.964713
65	145	1.07801
65	151	1.09282
65	157	1.08628
65	161	1.05167
65	167	1.06439
65	179	0.913148
65	180	0.901165
66	11	1.07969
66	24	1.1654
66	27	1.07969
66	53	1.03051
66	60	1.03051
66	74	1.03837
66	84	1.10504
66	115	0.814038
66	118	0.950559
66	129	0.933776
66	148	0.911608
66	158	1.02381
66	166	0.911549
66	167	1.04697
66	171	0.941921
66	179	0.943684
67	2	1.01621
67	6	0.884923
67	20	1.11799
67	56	1.00178
67	59	1.15027
67	62	0.949548
67	65	1.07203
67	73	1.05785
67	78	0.953319
67	129	1.00097
67	150	0.91341
67	164	1.02814
67	167	0.996077
67	170	0.935439
67	177	0.964428
67	178	0.965226
67	180	0.998896
68	37	1.05581
68	42	0.91636
68	63	1.06834
68	91	0.996375
68	114	1.03533
68	123	1.00043
68	130	1.01556
68	140	0.967621
68	147	1.02697
68	151	1.02254
68	153	0.928834
68	160	0.997276
68	161	0.981383
68	164	1.03543
68	169	0.974325
68	176	1.0087
68	177	0.971716
69	10	0.890399
69	18	1.02146
69	35	1.05581
69	100	1.03415
69	119	1.03223
69	120	1.00635
69	134	1.01222
69	140	0.999692
69	143	1.04742
69	146	1.01525
69	156	1.02674
69	163	1.01995
69	173	0.997609
69	174	0.992602
69	175	0.954836
69	177	0.949401
69	178	0.950199
70	16	0.949622
70	23	0.997045
70	42	0.920967
70	81	1.05074
70	133	0.986827
70	137	1.02253
70	142	1.01148
70	145	1.02327
70	153	1.01539
70	157	1.03154
70	158	0.986495
70	162	1.00282
70	163	1.02988
70	168	0.990214
70	169	0.978932
70	172	1.03163
70	178	0.977121
71	46	1.28894
71	57	1.08516
71	108	1.06385
71	116	1.12716
71	137	1.11708
71	149	1.11282
71	155	0.916593
71	164	0.914971
71	165	0.935615
71	166	0.94013
71	168	0.946979
71	174	0.925155
71	176	0.917678
71	177	0.9342
71	178	0.926185
71	179	0.921248
71	180	0.921248
72	28	1.03269
72	30	0.890387
72	51	0.910826
72	80	0.950726
72	87	0.911609
72	127	0.878797
72	133	0.923184
72	135	1.14511
72	136	1.1749
72	141	0.902357
72	152	1.11387
72	163	0.930075
72	170	0.937518
72	172	0.931825
72	173	1.144
72	177	1.11449
72	178	1.11529
73	2	1.07034
73	6	0.939055
73	8	0.939329
73	14	1.09192
73	20	1.17212
73	45	1.35145
73	56	1.05591
73	62	1.00368
73	67	1.05785
73	78	1.00745
73	118	0.919136
73	132	0.912585
73	148	0.880185
73	164	0.92952
73	167	1.05021
73	171	0.910498
73	172	0.820402
73	173	0.895316
74	11	1.01256
74	24	1.09827
74	27	1.01256
74	32	0.986623
74	53	0.963375
74	60	0.963375
74	66	1.03837
74	84	1.03791
74	93	1.13706
74	139	0.983696
74	158	0.956679
74	164	1.02146
74	165	0.971609
74	166	0.972065
74	167	0.979839
74	172	0.912341
74	177	0.957749
75	47	0.941174
75	50	0.995417
75	57	0.988591
75	107	0.961868
75	111	0.942471
75	115	1.03427
75	120	0.98329
75	128	1.02281
75	131	0.923228
75	132	1.13045
75	140	0.976631
75	146	0.992185
75	150	0.982472
75	156	1.00368
75	165	1.09754
75	170	1.05469
75	172	0.998635
75	173	0.974548
76	23	0.963504
76	52	0.975246
76	97	1.01901
76	106	1.0364
76	112	0.97898
76	133	1.02481
76	137	0.988992
76	138	1.05847
76	142	0.977937
76	145	0.98973
76	149	0.996476
76	153	0.981844
76	157	0.998001
76	158	0.952953
76	159	0.994437
76	163	0.996336
76	174	1.05751
76	175	1.01974
77	16	1.08773
77	17	0.957777
77	41	1.11279
77	47	1.1122
77	48	1.0703
77	58	0.897895
77	79	0.955216
77	88	1.06942
77	90	1.07101
77	95	1.12704
77	98	1.08771
77	116	1.10404
77	138	0.915581
77	158	0.866174
77	170	0.842427
77	171	0.916104
77	176	0.908397
77	180	0.905884
78	2	0.96581
78	6	0.834525
78	14	0.987392
78	20	1.06759
78	32	0.940777
78	39	0.931207
78	45	1.24692
78	56	0.951383
78	62	0.89915
78	67	0.953319
78	73	1.00745
78	127	1.10464
78	153	0.980975
78	162	1.05035
78	167	0.945679
78	169	1.02647
78	173	1.05336
78	180	1.05833
79	25	1.10746
79	50	1.03099
79	77	0.955216
79	84	0.950096
79	123	0.982155
79	137	1.04409
79	140	0.975803
79	142	1.06755
79	146	0.991357
79	147	1.0087
79	149	1.03983
79	154	0.969913
79	156	1.00286
79	160	0.979006
79	177	0.981033
79	178	0.973018
79	179	0.96808
79	180	0.96808
80	7	1.03569
80	27	0.892343
80	28	1.15215
80	30	1.00985
80	49	0.962814
80	65	0.784592
80	72	0.950726
80	87	1.03107
80	127	0.998257
80	133	1.04264
80	136	1.01376
80	138	0.997511
80	141	1.02182
80	163	1.04953
80	165	0.967207
80	170	1.05698
80	171	0.998034
80	172	1.05129
80	176	0.990327
81	61	1.03209
81	70	1.05074
81	102	0.953501
81	127	0.99878
81	137	1.0424
81	139	0.943946
81	141	1.02203
81	142	1.03135
81	145	1.04314
81	149	1.04989
81	150	1.03533
81	153	1.03525
81	155	0.960403
81	157	1.05141
81	158	1.00636
81	166	0.932315
81	168	0.931891
81	175	0.923434
81	179	0.964451
82	9	1.0273
82	57	1.03055
82	89	1.07067
82	92	1.12405
82	139	0.949848
82	153	1.09475
82	154	1.11464
82	158	1.13239
82	164	0.936709
82	168	0.968718
82	169	0.964184
82	171	0.952406
82	174	0.946893
82	175	0.951994
82	176	0.939416
82	177	0.955938
82	178	0.947923
82	179	0.942986
82	180	0.942986
83	61	1.05936
83	63	1.00702
83	91	0.935055
83	103	0.922933
83	113	0.946649
83	121	1.11964
83	124	1.04649
83	125	0.972944
83	128	0.951411
83	130	0.954237
83	147	0.965651
83	151	0.961217
83	154	0.926863
83	160	0.935956
83	161	0.920062
83	162	1.11931
83	168	1.10671
83	170	1.06383
83	177	1.09282
84	11	1.07922
84	24	1.16494
84	27	1.07922
84	36	0.827396
84	53	1.03004
84	60	1.03004
84	66	1.10504
84	74	1.03791
84	79	0.950096
84	93	1.20373
84	99	0.991262
84	121	0.893122
84	123	0.865988
84	152	0.865681
84	158	1.02335
84	167	1.04651
84	174	0.909497
84	176	0.903276
85	9	1.05809
85	38	0.964742
85	103	1.01914
85	125	1.06915
85	126	1.04656
85	128	1.04762
85	130	1.05045
85	147	1.06186
85	151	1.05743
85	154	1.02307
85	157	0.866955
85	160	1.03217
85	161	1.01627
85	167	0.915626
85	168	0.952504
85	170	0.909623
85	173	0.968119
85	176	0.975593
85	180	0.97308
86	31	1.01075
86	43	0.97396
86	94	1.01597
86	97	0.921366
86	117	0.938525
86	122	1.04042
86	126	1.02462
86	129	0.953213
86	137	1.05488
86	141	1.03451
86	145	1.05562
86	149	1.06237
86	152	0.916055
86	153	1.04774
86	157	1.06389
86	162	0.943165
86	173	1.03989
86	179	0.963121
86	180	0.951138
87	7	0.99657
87	28	1.11304
87	30	0.97073
87	51	0.991169
87	72	0.911609
87	80	1.03107
87	127	0.95914
87	133	1.00353
87	135	1.01905
87	141	0.9827
87	148	1.00281
87	151	0.927646
87	163	1.01042
87	165	1.00229
87	167	0.965445
87	170	1.01786
87	171	1.03312
87	172	1.01217
87	179	1.03488
87	180	1.0229
88	13	1.03265
88	16	0.997998
88	17	0.868041
88	41	1.02305
88	44	1.04248
88	47	1.02246
88	77	1.06942
88	90	0.981273
88	95	1.0373
88	98	0.997974
88	116	1.0143
88	136	0.971109
88	139	0.989184
88	143	1.06125
88	144	0.984421
88	155	1.00564
88	165	0.977098
88	168	0.977129
88	173	0.992743
88	177	0.963237
89	21	1.01256
89	33	0.887147
89	44	0.961616
89	50	1.03499
89	54	1.03662
89	82	1.07067
89	96	0.975399
89	110	0.982325
89	116	1.04522
89	121	0.995308
89	133	1.02832
89	144	1.01534
89	152	1.02864
89	158	0.991823
89	162	0.994978
89	166	0.982798
89	168	0.982374
89	174	1.01168
89	177	0.968482
89	180	1.00295
90	13	1.03424
90	17	0.869626
90	41	1.02464
90	47	1.02405
90	48	0.982147
90	77	1.07101
90	88	0.981273
90	95	1.03889
90	97	0.9895
90	98	0.999559
90	116	1.01588
90	118	1.03813
90	124	0.938478
90	136	0.972694
90	144	0.986006
90	167	0.961818
90	173	1.01431
90	174	1.028
90	176	1.02178
90	180	1.01927
91	9	1.01981
91	68	0.996375
91	83	0.935055
91	123	0.997029
91	125	1.03087
91	128	1.00934
91	129	1.01242
91	130	1.01216
91	133	0.986382
91	138	1.02004
91	147	1.02357
91	151	1.01914
91	154	0.984787
91	160	0.99388
91	161	0.977986
91	162	1.00237
91	164	1.03959
91	167	0.952892
91	171	1.02057
91	178	0.976676
92	12	0.865078
92	37	1.01926
92	82	1.12405
92	109	0.992091
92	113	0.971425
92	114	0.99878
92	123	0.96388
92	125	0.99772
92	130	0.979013
92	135	1.05248
92	136	1.08227
92	147	0.990426
92	151	0.985992
92	152	0.971217
92	154	0.951639
92	160	0.960731
92	161	0.944838
92	163	0.963929
92	174	1.06506
92	176	1.05884
92	179	1.06831
93	7	0.82994
93	20	0.720248
93	74	1.13706
93	84	1.20373
93	102	0.929247
93	140	0.889651
93	144	0.827309
93	146	0.84614
93	149	0.814319
93	153	0.850863
93	154	1.13974
93	158	1.1225
93	160	1.14883
93	161	1.13294
93	163	0.835815
93	167	1.14566
93	172	0.848337
93	177	1.15086
93	178	1.14285
93	179	1.13791
93	180	1.13791
94	19	1.12001
94	43	0.894357
94	86	1.01597
94	112	0.965269
94	122	0.960818
94	124	0.99639
94	133	1.05322
94	137	0.97528
94	142	0.964226
94	145	0.976019
94	149	0.982765
94	150	0.968212
94	153	0.968133
94	157	0.984289
94	159	1.02284
94	169	1.04532
94	172	0.984376
94	173	0.960288
94	175	1.04815
94	176	1.0797
94	178	1.04351
95	5	0.841122
95	13	1.09026
95	16	1.05561
95	17	0.925654
95	32	0.949462
95	41	1.08066
95	47	1.08007
95	48	1.03817
95	77	1.12704
95	88	1.0373
95	90	1.03889
95	98	1.05559
95	133	0.931092
95	136	1.02872
95	144	1.04203
95	164	0.984298
95	168	0.93448
95	169	0.923197
95	176	0.957568
95	177	0.920588
95	179	0.967039
96	10	1.04876
96	21	0.946429
96	33	0.821016
96	34	0.904839
96	39	1.0226
96	44	0.895485
96	50	0.968863
96	54	0.970485
96	89	0.975399
96	100	1.00296
96	110	0.916194
96	116	0.97909
96	133	0.962185
96	144	0.949211
96	145	1.05482
96	152	0.96251
96	155	1.15017
96	158	0.925692
96	169	1.11037
96	173	1.13727
96	176	1.14474
96	179	1.15421
97	24	0.870621
97	55	0.992402
97	76	1.01901
97	86	0.921366
97	90	0.9895
97	135	1.00553
97	139	1.01595
97	144	0.973711
97	146	0.992543
97	154	1.01715
97	159	1.03033
97	161	1.01826
97	162	1.00403
97	168	1.03482
97	171	1.01851
97	174	1.01299
97	175	1.01809
97	176	1.00552
97	177	1.02204
97	178	1.01402
97	179	1.00909
97	180	1.00909
98	13	1.05094
98	16	1.01628
98	17	0.886328
98	41	1.04134
98	47	1.04075
98	48	0.998848
98	58	0.986378
98	77	1.08771
98	88	0.997974
98	90	0.999559
98	95	1.05559
98	105	0.999706
98	106	0.981991
98	116	1.03259
98	136	0.989396
98	139	0.985847
98	144	1.00271
98	168	0.973791
98	170	0.930911
98	173	0.989406
98	174	1.0031
98	177	0.959899
99	84	0.991262
99	123	1.16011
99	124	0.989061
99	128	1.09954
99	141	1.12793
99	144	1.09398
99	150	1.1094
99	157	1.08876
99	160	1.12156
99	162	0.92776
99	164	0.926541
99	165	0.947185
99	166	0.9517
99	168	0.95855
99	171	0.942239
99	174	0.936726
99	175	0.941827
99	176	0.929248
99	177	0.945771
99	178	0.937755
99	179	0.932818
99	180	0.932818
100	33	0.895032
100	69	1.03415
100	96	1.00296
100	101	1.11103
100	102	1.01502
100	111	0.988678
100	119	1.05538
100	120	1.0295
100	126	1.03859
100	131	0.969435
100	134	1.03536
100	138	0.974809
100	140	1.02284
100	143	1.02866
100	144	1.02323
100	146	1.03839
100	149	0.851219
100	156	1.04989
100	163	1.04309
100	169	0.933253
100	175	0.936079
100	178	0.931443
101	2	1.09775
101	11	1.1054
101	40	1.05607
101	63	1.03197
101	100	1.11103
101	108	1.08745
101	121	0.955242
101	138	0.943827
101	149	1.13641
101	165	0.946375
101	166	0.95089
101	168	0.95774
101	169	0.953206
101	171	0.941429
101	172	1.17043
101	174	0.935916
101	175	0.941016
101	176	0.928438
101	177	0.944961
101	178	0.936945
101	179	0.932008
101	180	0.932008
102	22	0.968878
102	39	0.978303
102	51	1.02476
102	81	0.953501
102	93	0.929247
102	100	1.01502
102	111	0.9464
102	113	1.01351
102	115	1.0382
102	119	1.0131
102	127	0.949537
102	131	0.927157
102	136	0.967638
102	140	0.980561
102	146	0.996114
102	150	0.986401
102	156	1.00761
102	161	1.04907
102	163	1.00081
102	164	1.13466
102	170	1.04196
102	172	1.00257
102	175	1.07639
103	38	0.914334
103	83	0.922933
103	85	1.01914
103	104	0.984125
103	114	1.01981
103	117	1.02369
103	123	0.984907
103	125	1.01875
103	126	1.10979
103	128	0.997213
103	130	1.00004
103	136	1.06225
103	147	1.01145
103	151	1.00702
103	154	0.972665
103	158	0.996596
103	160	0.981757
103	161	0.965864
103	163	0.943908
103	164	1.06555
103	170	0.972849
103	173	1.03134
103	177	1.00184
104	3	0.894109
104	12	0.901495
104	29	0.9686
104	103	0.984125
104	105	1.03613
104	113	1.00784
104	117	1.01818
104	123	1.0003
104	128	1.0126
104	130	1.01543
104	138	1.04049
104	147	1.02684
104	150	0.999787
104	151	1.02241
104	154	0.988056
104	155	1.03873
104	159	0.976456
104	160	0.997149
104	161	0.981255
104	164	1.06004
104	167	0.973342
104	173	1.02583
104	179	1.04278
105	4	0.965393
105	37	0.953381
105	98	0.999706
105	104	1.03613
105	122	1.02024
105	128	1.01438
105	131	1.15924
105	134	1.03443
105	156	1.01142
105	159	0.99855
105	162	0.972246
105	164	0.971028
105	165	0.991672
105	166	0.996187
105	168	1.00304
105	169	0.998503
105	171	0.986725
105	174	0.981212
105	176	0.973735
105	177	0.990257
105	178	0.982242
105	179	0.977304
105	180	0.977304
106	54	1.06235
106	62	1.06297
106	76	1.0364
106	98	0.981991
106	113	1.0001
106	130	1.00011
106	142	1.00584
106	146	1.00994
106	148	1.00916
106	154	1.03455
106	155	0.97256
106	159	0.99846
106	164	0.970938
106	166	0.996097
106	169	0.998413
106	171	0.986636
106	174	0.981123
106	175	0.986223
106	176	0.973645
106	177	0.990167
106	178	0.982152
106	179	0.977215
106	180	0.977215
107	6	1.09826
107	29	0.936158
107	75	0.961868
107	111	0.964437
107	114	0.817647
107	117	1.08327
107	123	0.913331
107	138	1.06402
107	141	0.881156
107	145	0.860695
107	154	0.890643
107	162	1.04714
107	168	1.07793
107	169	1.0734
107	171	1.06162
107	172	0.868231
107	174	1.05611
107	175	1.06121
107	176	1.04863
107	177	1.06515
107	178	1.05714
107	179	1.0522
107	180	1.0522
108	5	1.04753
108	71	1.06385
108	101	1.08745
108	112	1.01835
108	117	0.928918
108	118	0.960389
108	122	1.0139
108	132	0.953838
108	137	1.02837
108	142	1.01731
108	145	1.0291
108	149	1.03585
108	150	1.0213
108	153	1.02122
108	156	0.843226
108	157	1.03737
108	163	1.03571
108	165	0.920923
108	170	1.04315
108	171	0.951751
108	172	1.03746
108	173	1.01337
108	176	0.944043
108	179	0.953514
109	2	0.887598
109	13	0.928532
109	92	0.992091
109	140	1.00159
109	142	0.953978
109	143	1.00376
109	148	1.0535
109	150	0.954665
109	158	1.00044
109	159	1.0428
109	160	0.966821
109	162	1.0165
109	163	0.947752
109	164	1.01528
109	168	1.04729
109	169	1.04275
109	172	0.960275
109	174	1.02546
109	175	1.03056
109	176	1.01799
109	177	1.03451
109	178	1.02649
109	179	1.02156
109	180	1.02156
110	7	1.00189
110	21	0.953354
110	33	0.827941
110	34	0.911764
110	39	1.02953
110	44	0.90241
110	50	0.975788
110	54	0.97741
110	59	1.10997
110	89	0.982325
110	96	0.916194
110	116	0.986015
110	132	1.11247
110	133	0.96911
110	144	0.956136
110	150	1.01468
110	152	0.969435
110	158	0.932618
110	165	1.07956
110	173	1.0952
110	175	1.07113
110	177	1.0657
110	178	1.0665
110	180	1.10017
111	22	0.942532
111	32	0.949344
111	55	0.956998
111	59	0.931437
111	75	0.942471
111	100	0.988678
111	102	0.9464
111	107	0.964437
111	115	1.01185
111	119	0.986756
111	120	0.960874
111	131	0.900812
111	134	0.96674
111	136	0.941293
111	140	0.954215
111	142	1.03454
111	143	1.18427
111	146	0.969769
111	156	0.981268
111	159	1.06638
111	162	1.11274
111	170	1.05726
111	176	1.12323
111	179	1.1327
112	40	1.04141
112	76	0.97898
112	94	0.965269
112	108	1.01835
112	122	0.98972
112	124	0.912572
112	126	1.06685
112	127	1.03968
112	131	1.04288
112	136	1.01931
112	137	1.00418
112	142	0.993128
112	143	1.05691
112	145	1.00492
112	149	1.01167
112	152	0.958283
112	153	0.997035
112	157	1.01319
112	158	0.968144
112	163	1.01153
112	169	0.961507
112	172	1.01328
112	173	0.98919
112	178	0.959696
112	180	0.993366
113	12	0.90982
113	15	1.03084
113	29	0.976926
113	83	0.946649
113	92	0.971425
113	102	1.01351
113	104	1.00784
113	106	1.0001
113	114	1.04352
113	121	1.00483
113	122	0.922994
113	123	1.00862
113	125	1.04246
113	130	1.02376
113	135	1.00862
113	136	1.03842
113	139	1.00395
113	151	1.03074
113	152	1.01596
113	154	0.996381
113	160	1.00547
113	161	0.98958
113	171	1.02269
113	176	1.01499
113	177	0.978007
114	4	1.05994
114	18	1.01152
114	68	1.03533
114	92	0.99878
114	103	1.01981
114	107	0.817647
114	113	1.04352
114	123	1.03598
114	125	1.06982
114	128	1.04828
114	130	1.05111
114	136	0.999868
114	147	1.06252
114	148	0.953834
114	151	1.05809
114	152	1.04332
114	154	1.02374
114	160	1.03283
114	161	1.01694
114	163	0.881528
114	165	0.953319
114	166	0.953774
114	171	0.984146
114	177	0.939459
114	178	0.940257
114	180	0.973927
115	19	1.02007
115	46	0.97187
115	55	1.04879
115	56	0.936275
115	66	0.814038
115	75	1.03427
115	102	1.0382
115	111	1.01185
115	119	1.07855
115	120	1.05267
115	123	0.951948
115	131	0.992608
115	134	1.05854
115	139	0.978203
115	140	1.04601
115	146	1.06157
115	148	0.966632
115	152	0.951641
115	156	1.07306
115	166	0.966572
115	167	0.92927
115	170	0.923267
115	171	0.996944
115	172	1.06802
115	173	1.04393
115	174	0.995457
116	10	0.91137
116	17	0.902653
116	43	0.950629
116	71	1.12716
116	77	1.10404
116	88	1.0143
116	89	1.04522
116	90	1.01588
116	96	0.97909
116	98	1.03259
116	110	0.986015
116	122	1.01709
116	129	1.00691
116	133	1.03201
116	136	1.00572
116	144	1.01903
116	145	1.03229
116	149	1.03904
116	151	0.909587
116	153	1.02441
116	161	0.948486
116	165	0.984232
116	166	0.984687
116	175	0.975806
116	177	0.970371
116	178	0.97117
116	179	1.01682
117	9	0.946971
117	22	1.03977
117	23	1.06777
117	40	0.897542
117	63	0.873442
117	86	0.938525
117	103	1.02369
117	104	1.01818
117	107	1.08327
117	108	0.928918
117	135	1.00045
117	139	1.01087
117	143	0.986212
117	155	0.999348
117	158	1.05206
117	164	0.997726
117	165	1.01837
117	166	1.02289
117	169	1.0252
117	171	1.01342
117	172	1.0119
117	174	1.00791
117	176	1.00043
117	177	1.01696
117	178	1.00894
117	179	1.004
117	180	1.004
118	60	1.03199
118	62	1.0942
118	66	0.950559
118	73	0.919136
118	90	1.03813
118	108	0.960389
118	122	1.03376
118	129	1.01067
118	135	0.975459
118	137	1.01361
118	145	1.03583
118	148	1.01095
118	154	1.06578
118	160	1.04992
118	162	0.973953
118	164	0.972734
118	166	0.997893
118	168	1.00474
118	169	1.00021
118	171	0.988431
118	173	0.98465
118	174	0.982918
118	175	0.988019
118	176	0.975441
118	177	0.991963
118	178	0.983948
118	179	0.979011
118	180	0.979011
119	19	0.994975
119	27	0.899672
119	30	0.977415
119	35	1.07703
119	36	0.921775
119	46	0.946776
119	58	0.987154
119	69	1.03223
119	100	1.05538
119	102	1.0131
119	111	0.986756
119	115	1.07855
119	120	1.02758
119	131	0.967513
119	133	0.971179
119	134	1.03344
119	135	0.991293
119	139	0.986622
119	140	1.02092
119	144	1.02131
119	146	1.03647
119	152	0.96006
119	156	1.04797
119	158	0.955433
119	162	0.987171
119	163	1.04117
119	171	1.00536
119	173	1.01883
119	175	0.96611
120	35	1.05115
120	36	0.958931
120	46	0.920894
120	55	0.997817
120	69	1.00635
120	75	0.98329
120	100	1.0295
120	111	0.960874
120	115	1.05267
120	119	1.02758
120	123	0.997524
120	131	0.941632
120	134	1.00756
120	136	0.982112
120	140	0.995035
120	146	1.01059
120	150	1.00088
120	152	0.997217
120	156	1.02209
120	157	0.926174
120	158	0.992589
120	159	0.977959
120	164	1.06154
120	166	1.01215
120	168	1.01172
120	171	1.04252
120	172	1.01704
120	173	0.992952
120	177	0.997831
120	180	1.0323
121	4	0.952413
121	48	1.01579
121	83	1.11964
121	84	0.893122
121	89	0.995308
121	101	0.955242
121	113	1.00483
121	122	1.00726
121	125	0.953145
121	132	1.00468
121	137	0.987114
121	139	1.00303
121	143	0.978374
121	153	1.0194
121	159	1.01741
121	161	1.04039
121	162	0.991106
121	163	1.00435
121	164	0.989888
121	166	1.01505
121	168	1.0219
121	169	1.01736
121	171	1.00559
121	174	1.00007
121	175	1.00517
121	176	0.992594
121	177	1.00912
121	178	1.0011
121	179	0.996164
121	180	0.996164
122	23	0.974244
122	36	0.941538
122	40	1.03696
122	61	0.98942
122	86	1.04042
122	94	0.960818
122	105	1.02024
122	108	1.0139
122	112	0.98972
122	113	0.922994
122	116	1.01709
122	118	1.03376
122	121	1.00726
122	127	1.06122
122	129	1.01698
122	137	0.999732
122	141	0.979358
122	142	0.988677
122	145	1.00047
122	149	1.00722
122	152	0.979823
122	153	0.992584
122	155	1.02284
122	157	1.00874
122	162	1.00693
122	163	1.00708
122	172	1.00883
122	173	0.98474
122	177	0.980438
122	180	1.01491
123	12	0.902276
123	35	0.916171
123	39	0.942493
123	65	1.07071
123	68	1.00043
123	79	0.982155
123	84	0.865988
123	91	0.997029
123	92	0.96388
123	99	1.16011
123	103	0.984907
123	104	1.0003
123	107	0.913331
123	113	1.00862
123	114	1.03598
123	115	0.951948
123	120	0.997524
123	125	1.03492
123	128	1.01339
123	147	1.02762
123	150	1.00057
123	152	1.00842
123	154	0.988837
123	158	1.0299
123	160	0.99793
123	161	0.982036
123	166	1.04946
123	176	1.07212
123	178	1.03594
123	180	1.06961
124	11	0.878687
124	21	1.01273
124	24	0.819599
124	31	0.986639
124	35	0.870153
124	54	0.993935
124	83	1.04649
124	90	0.938478
124	94	0.99639
124	99	0.989061
124	112	0.912572
124	130	0.931693
124	131	1.0731
124	143	1.01138
124	145	0.936181
124	148	1.06111
124	155	1.02452
124	162	1.02412
124	164	1.0229
124	165	1.04354
124	166	1.04806
124	168	1.0549
124	169	1.05037
124	171	1.03859
124	174	1.03308
124	175	1.03818
124	176	1.0256
124	177	1.04213
124	178	1.03411
124	179	1.02917
124	180	1.02917
125	4	1.05888
125	26	1.01294
125	34	1.07562
125	59	0.771507
125	83	0.972944
125	85	1.06915
125	91	1.03087
125	92	0.99772
125	103	1.01875
125	113	1.04246
125	114	1.06982
125	121	0.953145
125	123	1.03492
125	126	1.03427
125	127	1.0071
125	128	1.04722
125	132	0.973094
125	136	0.986729
125	138	0.970483
125	141	1.0211
125	147	1.06146
125	148	0.940694
125	150	1.03441
125	151	1.05703
125	154	1.02268
125	157	0.854662
125	160	1.03177
125	161	1.01588
125	173	0.955825
125	178	0.927117
125	180	0.960787
126	45	0.812234
126	47	1.0009
126	65	0.974646
126	85	1.04656
126	86	1.02462
126	100	1.03859
126	103	1.10979
126	112	1.06685
126	125	1.03427
126	129	1.00088
126	138	0.981042
126	143	0.951432
126	148	1.00116
126	151	1.08262
126	154	1.1204
126	155	0.964568
126	159	0.990468
126	163	1.08547
126	164	0.962946
126	165	0.98359
126	166	0.988105
126	168	0.994954
126	169	0.990421
126	171	0.978643
126	174	0.97313
126	175	0.978231
126	176	0.965652
126	177	0.982175
126	178	0.97416
126	179	0.969222
126	180	0.969222
127	5	1.03677
127	12	1.26783
127	20	0.942735
127	62	1.12166
127	72	0.878797
127	78	1.10464
127	80	0.998257
127	81	0.99878
127	87	0.95914
127	102	0.949537
127	112	1.03968
127	122	1.06122
127	125	1.0071
127	130	1.0588
127	134	0.969877
127	140	0.957352
127	141	0.949888
127	142	1.06453
127	146	0.972905
127	150	0.963193
127	154	1.09324
127	156	0.984404
127	163	0.977606
127	170	0.985049
127	172	0.979356
127	174	0.953537
127	175	0.958638
127	176	0.946059
127	177	0.962582
127	178	0.954566
127	179	0.949629
127	180	0.949629
128	3	0.907196
128	12	0.914582
128	26	0.991409
128	28	0.786777
128	37	1.06877
128	63	1.0813
128	75	1.02281
128	83	0.951411
128	85	1.04762
128	91	1.00934
128	99	1.09954
128	103	0.997213
128	104	1.0126
128	105	1.01438
128	114	1.04828
128	123	1.01339
128	125	1.04722
128	130	1.02852
128	135	1.0052
128	147	1.03993
128	151	1.0355
128	154	1.00114
128	160	1.01024
128	161	0.994342
128	162	1.00107
128	165	0.988439
128	168	0.98847
128	171	1.01927
128	172	0.92917
128	173	1.00408
128	177	0.974578
128	178	0.975376
129	3	1.22523
129	35	0.953022
129	40	0.91223
129	45	0.740827
129	66	0.933776
129	67	1.00097
129	86	0.953213
129	91	1.01242
129	116	1.00691
129	118	1.01067
129	122	1.01698
129	126	1.00088
129	143	0.986795
129	147	0.990676
129	148	1.03653
129	155	0.99993
129	157	1.00034
129	159	1.02583
129	161	1.05011
129	162	0.999527
129	164	0.998308
129	165	1.01895
129	166	1.02347
129	169	1.02578
129	171	1.01401
129	174	1.00849
129	175	1.01359
129	176	1.00102
129	177	1.01754
129	178	1.00952
129	179	1.00459
129	180	1.00459
130	3	0.910022
130	9	1.03899
130	15	1.03843
130	38	0.945638
130	42	0.922663
130	63	1.08413
130	68	1.01556
130	83	0.954237
130	85	1.05045
130	91	1.01216
130	92	0.979013
130	103	1.00004
130	104	1.01543
130	106	1.00011
130	113	1.02376
130	114	1.05111
130	124	0.931693
130	127	1.0588
130	128	1.02852
130	135	1.00864
130	146	0.930413
130	149	0.898593
130	151	1.03832
130	154	1.00397
130	160	1.01306
130	161	0.997168
130	164	1.04173
130	169	0.980627
130	171	1.02271
130	173	1.00752
130	177	0.978018
130	179	1.02447
131	19	0.909031
131	22	0.92329
131	31	1.11694
131	34	0.890989
131	35	0.991086
131	57	0.946932
131	59	0.964618
131	75	0.923228
131	100	0.969435
131	102	0.927157
131	105	1.15924
131	111	0.900812
131	112	1.04288
131	115	0.992608
131	119	0.967513
131	120	0.941632
131	124	1.0731
131	133	1.12993
131	134	0.947497
131	140	0.934972
131	144	0.935362
131	146	0.950526
131	147	1.03811
131	150	0.940813
131	152	1.11882
131	155	1.16183
131	156	0.962025
131	163	0.955226
131	172	0.956977
131	173	0.932889
131	175	1.12487
131	176	1.15641
131	177	1.11943
132	28	0.894425
132	52	1.02305
132	53	1.03202
132	73	0.912585
132	75	1.13045
132	108	0.953838
132	110	1.11247
132	121	1.00468
132	125	0.973094
132	135	0.977891
132	138	0.993262
132	139	0.988305
132	140	1.07813
132	148	1.01338
132	149	1.0028
132	153	1.03934
132	155	0.976788
132	156	1.01839
132	162	0.976384
132	163	1.0243
132	164	0.975166
132	165	0.99581
132	166	1.00032
132	168	1.00717
132	169	1.00264
132	171	0.990863
132	174	0.98535
132	175	0.990451
132	176	0.977872
132	177	0.994395
132	178	0.98638
132	179	0.981442
132	180	0.981442
133	13	0.968805
133	21	0.999345
133	30	0.982305
133	50	1.02178
133	70	0.986827
133	72	0.923184
133	76	1.02481
133	80	1.04264
133	87	1.00353
133	89	1.02832
133	91	0.986382
133	94	1.05322
133	95	0.931092
133	96	0.962185
133	110	0.96911
133	116	1.03201
133	119	0.971179
133	131	1.12993
133	146	0.998351
133	147	0.964637
133	151	0.985171
133	153	1.00307
133	156	0.982119
133	158	0.978609
133	160	1.00709
133	163	1.02199
133	170	1.02944
133	171	1.00344
133	172	1.02374
133	174	0.997924
133	175	1.00302
133	176	0.990446
133	178	0.998953
133	179	0.994016
133	180	0.994016
134	17	1.17216
134	19	0.974959
134	22	0.989218
134	39	0.90197
134	46	0.92676
134	49	1.00409
134	55	1.00368
134	57	1.01286
134	64	0.849917
134	69	1.01222
134	100	1.03536
134	105	1.03443
134	111	0.96674
134	115	1.05854
134	119	1.03344
134	120	1.00756
134	127	0.969877
134	131	0.947497
134	136	0.987978
134	138	1.03878
134	140	1.0009
134	144	1.00129
134	146	1.01645
134	150	1.00674
134	153	0.951738
134	155	1.03702
134	156	1.02795
134	159	0.974748
134	163	1.02115
134	165	1.00848
134	170	0.965631
134	173	0.998818
134	175	1.00005
134	179	1.04107
134	180	1.02909
135	15	0.955837
135	21	1.08967
135	60	1.00928
135	72	1.14511
135	87	1.01905
135	92	1.05248
135	97	1.00553
135	113	1.00862
135	117	1.00045
135	118	0.975459
135	119	0.991293
135	128	1.0052
135	130	1.00864
135	132	0.977891
135	138	0.981198
135	148	1.00132
135	150	1.01505
135	154	1.04307
135	155	0.964724
135	159	0.990624
135	161	1.04418
135	162	0.964321
135	163	1.00814
135	164	0.963102
135	165	0.983746
135	166	0.988261
135	168	0.99511
135	169	0.990577
135	170	1.0048
135	174	0.973286
135	175	0.978387
135	176	0.965809
135	177	0.982331
135	178	0.974316
135	179	0.969378
135	180	0.969378
136	11	0.985422
136	37	0.973985
136	47	1.01388
136	57	0.987413
136	65	0.927106
136	72	1.1749
136	80	1.01376
136	88	0.971109
136	90	0.972694
136	92	1.08227
136	95	1.02872
136	98	0.989396
136	102	0.967638
136	103	1.06225
136	111	0.941293
136	112	1.01931
136	113	1.03842
136	114	0.999868
136	116	1.00572
136	120	0.982112
136	125	0.986729
136	134	0.987978
136	141	1.06338
136	144	0.975842
136	149	1.01644
136	153	1.05298
136	156	1.00251
136	168	0.993462
136	171	0.977151
136	173	0.97337
136	175	0.976739
136	176	0.964161
136	177	0.980683
136	178	0.972668
136	179	0.96773
136	180	0.96773
137	23	0.988706
137	25	0.96677
137	40	1.05142
137	43	0.93327
137	52	1.00045
137	58	0.986767
137	70	1.02253
137	71	1.11708
137	76	0.988992
137	79	1.04409
137	81	1.0424
137	86	1.05488
137	94	0.97528
137	108	1.02837
137	112	1.00418
137	118	1.01361
137	121	0.987114
137	122	0.999732
137	138	1.00445
137	140	0.956194
