1	32	1.49121
1	110	1.46707
1	156	0.831249
1	167	0.853955
1	168	1.36084
1	169	0.822096
1	172	0.770836
1	173	0.74892
1	175	0.791667
1	178	0.827707
1	179	0.794532
1	180	0.779311
2	18	0.916249
2	22	0.916229
2	27	0.921695
2	31	0.886381
2	38	0.885662
2	43	0.861337
2	56	0.921083
2	108	1.28486
2	135	0.930846
2	144	1.36275
2	159	1.52116
2	169	1.2277
3	26	1.06275
3	48	0.890517
3	79	0.877812
3	95	1.07251
3	126	0.889024
3	127	0.912882
3	132	0.903366
3	136	0.920624
3	160	0.92452
3	166	1.61101
3	171	0.862475
3	175	1.62345
4	17	0.808494
4	24	0.797037
4	48	0.801639
4	64	0.78282
4	79	0.788934
4	92	1.59726
4	129	0.809617
4	130	0.797971
4	160	0.835643
4	166	1.98953
4	169	1.66057
4	171	0.773597
5	58	0.95312
5	139	0.898029
5	144	1.30724
5	146	0.870282
5	151	0.886433
5	152	0.886861
5	153	0.887955
5	157	0.899181
5	158	1.1519
5	162	1.51146
5	168	0.89958
5	176	1.43665
6	17	1.5744
6	143	1.45684
6	157	1.3636
6	161	0.833392
6	164	0.8136
6	166	0.805336
6	169	0.827354
6	170	0.785986
6	172	0.776093
6	173	0.754177
6	178	0.832965
6	180	0.784569
7	15	1.07995
7	112	0.94522
7	124	1.09151
7	151	1.04369
7	172	0.892826
7	173	0.87091
7	174	0.880173
7	176	0.919219
7	177	0.902518
7	178	0.949698
7	179	0.916523
7	180	0.901302
8	39	1.05161
8	44	1.35096
8	98	0.980693
8	134	0.92802
8	164	0.923557
8	168	0.856007
8	172	0.886051
8	173	0.864135
8	174	0.873397
8	178	0.942923
8	179	0.909748
8	180	0.894526
9	51	0.816936
9	55	1.41242
9	75	0.796044
9	83	0.786929
9	88	1.66761
9	94	0.756757
9	107	0.768401
9	122	0.819539
9	129	0.814652
9	157	0.813962
9	165	0.806754
9	170	2.09805
10	77	1.16961
10	127	0.975496
10	152	1.07958
10	160	0.911636
10	163	0.944704
10	172	0.887769
10	173	0.865853
10	174	0.875116
10	176	0.914162
10	177	0.897461
10	178	0.944641
10	180	0.896245
11	62	1.16033
11	138	1.27128
11	139	0.903557
11	141	0.899518
11	143	0.882986
11	146	0.87581
11	151	0.89196
11	152	0.892388
11	153	0.893483
11	160	0.931424
11	175	1.51817
11	179	1.46077
12	18	0.880825
12	27	0.886271
12	29	0.856937
12	31	0.850958
12	38	0.850239
12	43	0.825914
12	56	0.885659
12	81	1.01351
12	118	0.896045
12	135	0.895422
12	174	1.76472
12	177	1.52974
12	179	1.51697
13	44	0.804283
13	99	1.21402
13	121	0.881534
13	125	0.863741
13	127	0.886506
13	131	0.876786
13	132	0.87699
13	133	0.842479
13	136	0.894248
13	145	0.848681
13	150	1.42283
13	170	1.73002
13	178	1.41114
14	41	0.845037
14	50	0.89497
14	68	0.852802
14	83	0.865904
14	94	0.835732
14	107	0.847376
14	129	0.893628
14	155	1.43124
14	157	0.892938
14	165	0.88573
14	171	1.33439
14	174	1.64376
14	179	1.39601
15	7	1.07995
15	102	0.834515
15	110	0.82476
15	141	0.873893
15	142	0.857231
15	144	1.46305
15	151	0.866336
15	152	0.866764
15	153	0.867858
15	159	1.62145
15	160	0.9058
15	161	1.50282
15	168	0.879483
16	42	0.824403
16	68	0.851138
16	75	0.873355
16	94	0.834068
16	106	1.62213
16	107	0.845712
16	118	1.25835
16	119	1.19091
16	122	0.896851
16	129	0.891964
16	157	0.891273
16	165	0.884066
16	175	1.6634
17	4	0.808494
17	6	1.5744
17	44	0.821893
17	48	0.881751
17	59	1.06713
17	64	0.862931
17	79	0.869046
17	129	0.889729
17	130	0.878083
17	158	1.34986
17	159	1.66361
17	160	0.915754
17	171	0.853709
18	2	0.916249
18	12	0.880825
18	22	0.870698
18	29	0.846829
18	38	0.840131
18	43	0.815806
18	56	0.875551
18	61	1.38676
18	114	1.31964
18	118	0.885937
18	135	0.885314
18	167	1.35459
18	171	1.67534
19	71	0.833873
19	93	0.842277
19	98	0.88518
19	103	0.865711
19	113	1.53194
19	117	0.869811
19	120	0.854571
19	123	0.886432
19	145	0.873901
19	162	1.43751
19	168	0.897048
19	170	1.49199
19	171	1.32062
20	36	1.15704
20	79	0.857094
20	83	0.850053
20	107	0.831525
20	129	0.877777
20	130	0.866131
20	157	0.877086
20	160	0.903802
20	165	0.869879
20	166	1.4894
20	171	0.841757
20	174	1.69219
20	179	1.44444
21	120	0.874557
21	123	0.906418
21	143	0.894912
21	146	0.887736
21	149	0.886163
21	151	0.903886
21	153	0.905409
21	155	1.28824
21	161	1.14384
21	168	0.917034
21	173	1.67614
21	180	1.32091
22	2	0.916229
22	18	0.870698
22	27	0.876143
22	29	0.846809
22	31	0.84083
22	33	1.19154
22	43	0.815786
22	55	1.28084
22	56	0.875531
22	73	1.71983
22	74	1.45172
22	118	0.885917
22	135	0.885295
23	24	0.856988
23	35	0.922449
23	48	0.86159
23	64	0.842771
23	79	0.848885
23	108	1.31949
23	129	0.869568
23	130	0.857922
23	140	1.33106
23	150	1.3489
23	160	0.895594
23	171	0.833548
23	174	1.79407
24	4	0.797037
24	23	0.856988
24	35	0.931152
24	48	0.870293
24	64	0.851474
24	79	0.857588
24	114	1.20099
24	128	1.55855
24	129	0.878271
24	160	0.904297
24	171	0.842251
24	178	1.40919
24	179	1.61831
25	70	0.818709
25	97	0.819617
25	124	0.874315
25	128	1.5698
25	149	0.853513
25	150	1.43212
25	151	0.871237
25	152	0.871665
25	153	0.87276
25	156	1.42713
25	160	0.910701
25	165	1.36108
25	168	0.884385
26	3	1.06275
26	66	1.29099
26	76	1.18712
26	83	1.2757
26	156	0.893249
26	159	0.865752
26	161	0.890134
26	165	0.915278
26	173	0.81092
26	176	0.859228
26	177	0.842528
26	178	0.889708
26	180	0.841311
27	2	0.921695
27	12	0.886271
27	22	0.876143
27	29	0.852274
27	31	0.846296
27	38	0.845576
27	43	0.821252
27	56	0.880997
27	61	1.10486
27	89	2.01035
27	106	1.47119
27	135	0.89076
27	148	1.11081
28	54	0.858281
28	57	0.856505
28	76	0.839762
28	98	0.842199
28	103	0.82273
28	117	0.82683
28	120	0.81159
28	123	0.843451
28	140	0.847996
28	147	1.34505
28	163	1.47166
28	168	0.854067
28	173	2.02303
28	178	1.39078
29	12	0.856937
29	18	0.846829
29	22	0.846809
29	27	0.852274
29	31	0.816961
29	38	0.816242
29	43	0.791917
29	56	0.851662
29	86	1.56696
29	118	0.862049
29	135	0.861426
29	137	1.47324
29	140	1.54715
29	164	1.64021
30	37	0.910502
30	49	0.773148
30	59	0.923664
30	108	1.40752
30	138	1.44487
30	141	0.833754
30	143	0.817222
30	146	0.810046
30	149	0.808473
30	152	0.826624
30	153	0.827719
30	168	0.839344
30	177	1.64712
30	180	1.70224
31	2	0.886381
31	12	0.850958
31	22	0.84083
31	27	0.846296
31	29	0.816961
31	38	0.810263
31	43	0.785938
31	56	0.845684
31	86	1.44009
31	118	0.85607
31	135	0.855447
31	163	1.5073
31	164	1.51333
31	170	1.74529
32	1	1.49121
32	63	0.807419
32	116	0.868758
32	125	0.832815
32	126	0.831722
32	127	0.855579
32	131	0.845859
32	132	0.846064
32	133	0.811552
32	136	0.863321
32	145	0.817754
32	155	1.67368
32	161	1.52928
32	165	1.36997
33	22	1.19154
33	64	1.16561
33	75	0.967633
33	84	0.811843
33	136	0.91839
33	159	0.946428
33	163	0.970446
33	170	0.923405
33	173	0.891596
33	176	0.939904
33	177	0.923203
33	178	0.970384
33	179	0.937209
33	180	0.921987
34	105	0.841623
34	116	0.863884
34	121	0.845733
34	125	0.82794
34	126	0.826847
34	127	0.850705
34	130	0.824672
34	131	0.840985
34	132	0.841189
34	133	0.806678
34	159	1.50098
34	174	1.73927
34	176	1.47199
34	177	1.50429
35	23	0.922449
35	24	0.931152
35	48	0.935755
35	64	0.916935
35	69	1.32004
35	73	1.21251
35	79	0.92305
35	118	1.00176
35	129	0.943733
35	130	0.932087
35	155	1.38463
35	160	0.969758
35	171	0.907713
35	179	1.3494
36	20	1.15704
36	67	1.32414
36	146	1.32951
36	149	1.38141
36	155	0.851879
36	158	0.888791
36	162	0.822825
36	166	0.829689
36	167	0.883565
36	169	0.851706
36	175	0.821278
36	176	0.826838
36	179	0.824143
36	180	0.808921
37	30	0.910502
37	66	0.905205
37	69	1.36869
37	102	0.91646
37	142	0.939176
37	146	0.93213
37	149	0.930557
37	151	0.94828
37	152	0.948708
37	153	0.949803
37	156	1.19563
37	165	1.12958
37	178	1.18894
37	180	1.46595
38	2	0.885662
38	12	0.850239
38	18	0.840131
38	27	0.845576
38	29	0.816242
38	31	0.810263
38	43	0.785219
38	56	0.844964
38	118	0.85535
38	135	0.854728
38	147	1.55812
38	156	1.61055
38	167	1.43061
38	178	1.60386
39	8	1.05161
39	91	0.810913
39	97	0.798906
39	109	1.55754
39	110	0.808949
39	112	0.85583
39	139	0.862122
39	142	0.841421
39	149	0.832802
39	151	0.850525
39	152	0.850953
39	153	0.852048
39	175	1.76109
39	176	1.68415
40	72	0.781786
40	111	0.837783
40	121	0.853174
40	125	0.835381
40	126	0.834288
40	127	0.858145
40	131	0.848425
40	132	0.84863
40	133	0.814118
40	136	0.865887
40	147	1.32624
40	169	1.29709
40	173	2.00422
40	177	1.59386
41	14	0.845037
41	45	0.976451
41	50	0.843603
41	51	0.844544
41	68	0.801434
41	75	0.823652
41	83	0.814537
41	107	0.796009
41	118	1.39199
41	137	1.45046
41	157	0.84157
41	165	0.834362
41	167	1.35727
41	174	1.98739
42	16	0.824403
42	45	0.957481
42	51	0.825574
42	68	0.782464
42	75	0.804682
42	83	0.795567
42	94	0.765395
42	106	1.72906
42	107	0.777039
42	122	0.828177
42	148	1.36868
42	155	1.74815
42	157	0.8226
42	159	1.72239
42	165	0.815392
43	2	0.861337
43	12	0.825914
43	18	0.815806
43	22	0.815786
43	27	0.821252
43	29	0.791917
43	31	0.785938
43	38	0.785219
43	56	0.82064
43	101	1.25546
43	118	0.831026
43	135	0.830403
43	159	1.86229
43	165	1.58435
43	175	1.91023
44	8	1.35096
44	13	0.804283
44	17	0.821893
44	64	0.796219
44	79	0.802333
44	95	1.5095
44	111	0.817042
44	127	0.837403
44	131	0.827683
44	133	0.793377
44	136	0.845145
44	160	0.849042
44	164	1.88083
44	169	1.71904
44	171	0.786996
45	41	0.976451
45	42	0.957481
45	51	1.02733
45	60	1.01901
45	75	1.00643
45	94	0.967147
45	99	0.928247
45	107	0.978791
45	140	1.11921
45	148	0.990238
45	155	1.36971
45	157	1.02435
45	158	1.0302
45	165	1.01714
45	170	1.44424
46	53	0.746512
46	72	0.77065
46	77	0.806602
46	111	0.826647
46	116	0.860188
46	121	0.842038
46	125	0.824245
46	126	0.823152
46	131	0.837289
46	133	0.802982
46	136	0.854751
46	156	1.61232
46	165	1.54627
46	167	1.43238
46	172	2.01151
47	57	0.919479
47	71	0.853867
47	76	0.902736
47	84	0.939797
47	92	1.25369
47	103	0.885704
47	117	0.889804
47	118	1.25335
47	120	0.874564
47	122	0.922219
47	123	0.906425
47	144	1.45205
47	158	1.29671
47	164	1.47879
47	168	0.917041
48	3	0.890517
48	4	0.801639
48	17	0.881751
48	23	0.86159
48	24	0.870293
48	35	0.935755
48	64	0.856076
48	79	0.862191
48	130	0.871228
48	160	0.9089
48	171	0.846854
48	172	1.48172
48	173	1.70808
48	175	1.34236
48	179	1.28496
48	180	1.35285
49	30	0.773148
49	96	0.762688
49	97	0.759306
49	101	1.44191
49	118	1.69163
49	124	0.814004
49	139	0.822523
49	142	0.801822
49	143	0.801952
49	146	0.794776
49	149	0.793203
49	151	0.810926
49	152	0.811354
49	153	0.812449
49	162	2.09455
49	169	1.75528
50	14	0.89497
50	41	0.843603
50	60	0.88616
50	68	0.851368
50	75	0.873585
50	83	0.86447
50	94	0.834298
50	101	1.06986
50	107	0.845942
50	122	0.897081
50	157	0.891503
50	158	1.36294
50	165	0.884296
50	169	1.38323
50	171	1.60561
50	180	1.73512
51	9	0.816936
51	41	0.844544
51	42	0.825574
51	45	1.02733
51	68	0.852309
51	83	0.865411
51	94	0.835239
51	107	0.846884
51	115	1.55743
51	129	0.893135
51	144	1.27524
51	157	0.892445
51	162	1.47946
51	165	0.885237
51	171	1.36256
51	180	1.49208
52	70	0.828808
52	95	1.1927
52	102	0.849516
52	110	0.83976
52	124	0.884414
52	137	1.39706
52	139	0.892933
52	141	0.888894
52	143	0.872362
52	146	0.865186
52	149	0.863612
52	153	0.882858
52	157	0.894084
52	169	1.40224
52	177	1.69901
52	178	1.47712
53	46	0.746512
53	72	0.742769
53	99	1.66019
53	105	0.810046
53	116	0.832307
53	121	0.814157
53	125	0.796364
53	126	0.795271
53	127	0.819128
53	131	0.809408
53	132	0.809613
53	133	0.775101
53	136	0.82687
53	156	1.864
53	167	1.68406
53	169	1.78243
54	28	0.858281
54	71	0.831309
54	76	0.880179
54	84	0.917239
54	90	0.89826
54	93	0.839713
54	109	1.3678
54	117	0.867246
54	120	0.852007
54	123	0.883868
54	134	1.42981
54	140	0.888413
54	156	1.31151
54	168	0.894484
54	177	1.52671
54	179	1.51394
55	9	1.41242
55	22	1.28084
55	96	1.24376
55	117	1.0876
55	139	0.941377
55	147	0.92199
55	159	0.878468
55	161	0.90285
55	166	0.874795
55	173	0.823636
55	175	0.866383
55	176	0.871944
55	177	0.855243
55	178	0.902423
55	179	0.869249
55	180	0.854027
56	2	0.921083
56	12	0.885659
56	18	0.875551
56	22	0.875531
56	27	0.880997
56	29	0.851662
56	31	0.845684
56	38	0.844964
56	43	0.82064
56	81	1.23475
56	101	1.14085
56	118	0.890771
56	135	0.890148
56	148	1.39397
56	162	1.79349
56	163	1.60997
57	28	0.856505
57	47	0.919479
57	65	2.22306
57	90	0.896484
57	93	0.837937
57	98	0.88084
57	103	0.861371
57	117	0.865471
57	120	0.850231
57	123	0.882092
57	138	1.05977
57	145	0.869561
57	155	1.28448
57	168	0.892708
57	172	1.44602
57	176	1.22972
58	5	0.95312
58	91	0.89105
58	96	0.882424
58	119	1.00768
58	142	0.921558
58	143	0.921688
58	146	0.914512
58	149	0.912938
58	152	0.93109
58	153	0.932185
58	157	0.94341
58	160	0.970126
58	161	1.3136
58	165	1.1543
58	171	1.36115
58	177	1.43554
58	179	1.42277
59	17	1.06713
59	30	0.923664
59	98	1.04575
59	102	0.929621
59	122	1.01014
59	126	1.07189
59	129	0.964537
59	131	0.899726
59	151	0.961442
59	152	0.96187
59	153	0.962964
59	163	0.941475
59	170	0.894433
59	175	0.905372
59	177	0.894232
59	178	0.941412
59	180	0.893016
60	45	1.01901
60	50	0.88616
60	71	1.38459
60	80	1.05059
60	91	1.39891
60	94	0.826922
60	107	0.838566
60	126	1.19474
60	157	0.884128
60	162	0.816857
60	165	0.87692
60	168	1.04391
60	175	0.81531
60	176	0.82087
60	177	0.80417
60	179	0.818175
60	180	0.802953
61	18	1.38676
61	27	1.10486
61	83	1.4288
61	122	1.24696
61	136	1.23338
61	158	0.909361
61	162	0.843394
61	164	0.858522
61	166	0.850259
61	169	0.872276
61	170	0.830909
61	171	0.875336
61	174	0.808362
61	175	0.841847
61	176	0.847408
61	179	0.844712
61	180	0.829491
62	11	1.16033
62	63	1.15414
62	76	1.38998
62	129	1.25112
62	153	1.26337
62	154	0.871667
62	158	0.906907
62	159	0.851478
62	162	0.84094
62	164	0.856068
62	169	0.869822
62	174	0.805908
62	176	0.844954
62	177	0.828253
62	178	0.875433
62	179	0.842258
62	180	0.827036
63	32	0.807419
63	62	1.15414
63	72	0.795106
63	86	1.25912
63	89	2.00987
63	105	0.862383
63	111	0.851103
63	121	0.866494
63	125	0.848701
63	126	0.847608
63	127	0.871465
63	131	0.861745
63	132	0.86195
63	133	0.827438
63	136	0.879207
63	170	1.56433
63	171	1.39296
64	4	0.78282
64	17	0.862931
64	23	0.842771
64	24	0.851474
64	33	1.16561
64	35	0.916935
64	44	0.796219
64	48	0.856076
64	79	0.843371
64	99	1.42456
64	118	1.48315
64	129	0.864054
64	130	0.852408
64	134	1.74666
64	160	0.89008
64	165	1.56232
64	171	0.828034
65	57	2.22306
65	90	2.22654
65	102	2.39668
65	111	0.749721
65	125	0.747318
65	126	0.746225
65	132	0.760567
65	133	0.726056
65	136	0.777824
65	144	0.749184
65	161	0.722654
65	163	0.722289
65	166	0.694598
65	171	0.719675
65	172	0.665355
65	173	0.643439
65	175	0.686187
65	180	0.67383
66	26	1.29099
66	37	0.905205
66	96	0.772661
66	112	0.826203
66	114	1.37697
66	124	0.823976
66	139	0.832495
66	141	0.828456
66	142	0.811794
66	148	1.45004
66	149	0.803175
66	151	0.820899
66	152	0.821327
66	153	0.822421
66	160	0.860363
66	168	0.834047
66	177	1.80706
66	180	1.86218
67	36	1.32414
67	78	1.22898
67	85	1.09811
67	87	0.895461
67	91	0.874648
67	97	0.86264
67	102	0.882439
67	110	0.872683
67	139	0.925856
67	142	0.905155
67	143	0.905285
67	148	1.26729
67	149	0.896536
67	150	1.4141
67	152	0.914687
67	153	0.915782
67	168	0.927407
67	176	1.592
68	14	0.852802
68	16	0.851138
68	41	0.801434
68	42	0.782464
68	50	0.851368
68	51	0.852309
68	75	0.831417
68	83	0.822302
68	94	0.79213
68	101	1.34884
68	107	0.803774
68	114	1.52889
68	119	1.53112
68	129	0.850026
68	157	0.849335
68	165	0.842127
68	167	1.56384
68	177	1.95898
69	35	1.32004
69	37	1.36869
69	75	1.60345
69	131	1.45738
69	154	0.837913
69	155	0.836241
69	157	1.41398
69	159	0.817724
69	161	0.842107
69	164	0.822314
69	165	0.86725
69	170	0.794701
69	173	0.762892
69	174	0.772154
69	175	0.80564
69	176	0.8112
69	178	0.84168
69	179	0.808505
69	180	0.793283
70	25	0.818709
70	52	0.828808
70	78	1.47441
70	91	0.771835
70	104	1.56413
70	124	0.814524
70	141	0.819004
70	142	0.802342
70	143	0.802472
70	146	0.795296
70	147	1.60212
70	149	0.793723
70	151	0.811447
70	152	0.811875
70	153	0.812969
70	160	0.850911
70	168	0.824594
70	171	1.79535
70	180	1.92486
71	19	0.833873
71	47	0.853867
71	54	0.831309
71	60	1.38459
71	76	0.81279
71	90	0.830872
71	92	1.50146
71	93	0.772324
71	98	0.815227
71	103	0.795758
71	117	0.799858
71	120	0.784619
71	122	0.832273
71	123	0.81648
71	145	0.803948
71	168	0.827095
71	176	1.82923
71	178	1.63964
71	179	1.84877
72	40	0.781786
72	46	0.77065
72	53	0.742769
72	63	0.795106
72	77	0.802859
72	105	0.834185
72	116	0.856446
72	125	0.820502
72	126	0.819409
72	127	0.843267
72	131	0.833547
72	132	0.833751
72	133	0.79924
72	136	0.851009
72	154	1.67955
72	158	1.5056
72	161	1.70071
72	164	1.68767
72	176	1.79035
73	22	1.71983
73	35	1.21251
73	82	1.53903
73	130	1.32118
73	143	1.3997
73	155	0.836334
73	159	0.817818
73	161	0.8422
73	162	0.80728
73	164	0.822408
73	169	0.836162
73	170	0.794794
73	171	0.839222
73	174	0.772248
73	176	0.811294
73	177	0.794593
73	178	0.841773
73	179	0.808598
73	180	0.793377
74	22	1.45172
74	105	1.12796
74	136	1.17857
74	138	0.908511
74	141	1.22637
74	153	1.1588
74	156	0.885649
74	164	0.862742
74	166	0.854479
74	167	0.908355
74	168	1.10307
74	169	0.876496
74	170	0.835129
74	172	0.825236
74	174	0.812582
74	175	0.846067
74	176	0.851628
74	177	0.834927
74	178	0.882107
74	180	0.833711
75	9	0.796044
75	16	0.873355
75	33	0.967633
75	41	0.823652
75	42	0.804682
75	45	1.00643
75	50	0.873585
75	68	0.831417
75	69	1.60345
75	83	0.84452
75	94	0.814348
75	107	0.825992
75	122	0.87713
75	129	0.872243
75	135	1.31409
75	157	0.871553
75	162	1.6881
75	165	0.864345
75	166	1.67779
75	169	1.34882
76	26	1.18712
76	28	0.839762
76	47	0.902736
76	54	0.880179
76	62	1.38998
76	71	0.81279
76	84	0.898721
76	90	0.879741
76	93	0.821194
76	98	0.864097
76	103	0.844628
76	117	0.848728
76	118	1.34277
76	120	0.833488
76	123	0.865349
76	145	0.852818
76	161	1.58125
76	165	1.42194
76	168	0.875965
76	176	1.67088
77	10	1.16961
77	46	0.806602
77	72	0.802859
77	105	0.870137
77	111	0.858857
77	116	0.892397
77	121	0.874247
77	125	0.856454
77	126	0.855361
77	130	0.853186
77	131	0.869498
77	132	0.869703
77	133	0.835192
77	136	0.88696
77	140	1.44817
77	145	0.841393
77	165	1.39496
77	169	1.37944
77	176	1.6439
77	180	1.73133
78	67	1.22898
78	70	1.47441
78	84	0.917379
78	90	0.8984
78	98	0.882755
78	117	0.867386
78	120	0.852146
78	123	0.884008
78	130	1.07551
78	143	1.15404
78	149	1.28625
78	151	1.19317
78	164	0.842081
78	167	0.887693
78	168	0.894623
78	169	0.855835
78	170	0.814467
78	174	0.791921
78	179	0.828271
78	180	0.813049
79	3	0.877812
79	4	0.788934
79	17	0.869046
79	20	0.857094
79	23	0.848885
79	24	0.857588
79	35	0.92305
79	44	0.802333
79	48	0.862191
79	64	0.843371
79	129	0.870169
79	130	0.858523
79	137	1.27861
79	158	1.2635
79	160	0.896194
79	169	1.28379
79	170	1.67754
79	171	0.834149
79	172	1.76455
79	175	1.62519
80	60	1.05059
80	81	1.0113
80	82	0.878694
80	96	0.851616
80	112	0.905158
80	134	1.43063
80	138	1.32528
80	139	0.91145
80	140	1.29949
80	141	0.907411
80	142	0.890749
80	143	0.890879
80	146	0.883704
80	149	0.88213
80	151	0.899854
80	153	0.901376
80	157	0.912602
80	160	0.939318
80	168	0.913002
80	170	1.62452
80	180	1.58265
81	12	1.01351
81	56	1.23475
81	80	1.0113
81	87	1.11174
81	117	1.16002
81	137	0.940331
81	149	1.16535
81	150	0.937952
81	152	1.06995
81	155	0.909243
81	156	0.918223
81	164	0.895316
81	167	0.940929
81	169	0.90907
81	170	0.867703
81	175	0.878642
81	176	0.884202
81	177	0.867502
81	178	0.914682
81	179	0.881507
81	180	0.866285
82	73	1.53903
82	80	0.878694
82	87	0.824016
82	91	0.803203
82	104	1.38309
82	108	1.44909
82	110	0.801238
82	124	0.845892
82	139	0.854411
82	141	0.850372
82	142	0.83371
82	143	0.83384
82	146	0.826664
82	149	0.825091
82	151	0.842814
82	152	0.843242
82	153	0.844337
82	157	0.855563
82	159	1.68539
82	167	1.29356
82	170	1.78568
83	9	0.786929
83	14	0.865904
83	20	0.850053
83	26	1.2757
83	41	0.814537
83	42	0.795567
83	50	0.86447
83	51	0.865411
83	61	1.4288
83	68	0.822302
83	75	0.84452
83	85	1.26557
83	94	0.805232
83	107	0.816876
83	108	1.55216
83	122	0.868015
83	129	0.863128
83	157	0.862438
83	163	1.65075
83	165	0.85523
83	166	1.82396
84	33	0.811843
84	47	0.939797
84	54	0.917239
84	76	0.898721
84	78	0.917379
84	90	0.916802
84	93	0.858255
84	98	0.901157
84	103	0.881689
84	104	1.18419
84	117	0.885788
84	120	0.870549
84	123	0.90241
84	140	0.906955
84	145	0.889879
84	147	1.22218
84	159	1.48649
84	168	0.913026
84	169	1.19303
84	173	1.90016
84	180	1.54492
85	67	1.09811
85	83	1.26557
85	113	0.900007
85	141	1.11795
85	145	1.04833
85	149	1.15538
85	153	1.05038
85	158	0.959945
85	160	0.892043
85	161	0.928898
85	162	0.893978
85	163	0.928533
85	164	0.909106
85	167	0.954718
85	170	0.881492
85	172	0.871599
85	173	0.849683
85	174	0.858946
85	175	0.892431
85	179	0.895296
85	180	0.880074
86	29	1.56696
86	31	1.44009
86	63	1.25912
86	90	1.05728
86	136	1.38812
86	155	0.860409
86	160	1.21001
86	161	0.866275
86	163	0.86591
86	164	0.846483
86	166	0.838219
86	167	0.892095
86	169	0.860237
86	172	0.808976
86	173	0.78706
86	175	0.829808
86	176	0.835368
86	177	0.818668
86	178	0.865848
86	179	0.832673
86	180	0.817451
87	67	0.895461
87	81	1.11174
87	82	0.824016
87	96	0.796937
87	97	0.793556
87	109	1.46907
87	110	0.803599
87	112	0.85048
87	124	0.848253
87	139	0.856772
87	141	0.852733
87	142	0.836071
87	146	0.829025
87	149	0.827452
87	151	0.845175
87	152	0.845603
87	153	0.846698
87	163	1.48696
87	166	1.66017
87	173	2.03833
87	178	1.40608
88	9	1.66761
88	121	1.18161
88	129	1.23087
88	139	1.19657
88	147	0.888565
88	151	1.25505
88	154	0.865232
88	157	1.12267
88	161	0.869426
88	162	0.834506
88	164	0.849633
88	169	0.863387
88	171	0.866447
88	172	0.812127
88	173	0.790211
88	174	0.799473
88	175	0.832959
88	177	0.821819
88	178	0.868999
88	179	0.835824
88	180	0.820602
89	27	2.01035
89	63	2.00987
89	115	0.741665
89	132	1.9578
89	145	2.11705
89	148	0.822368
89	154	0.761712
89	155	0.760039
89	159	0.741523
89	161	0.765905
89	166	0.737849
89	169	0.759867
89	170	0.718499
89	171	0.762927
89	172	0.708606
89	174	0.695953
89	175	0.729438
89	176	0.734999
89	177	0.718298
89	179	0.732303
89	180	0.717082
90	54	0.89826
90	57	0.896484
90	65	2.22654
90	71	0.830872
90	76	0.879741
90	78	0.8984
90	84	0.916802
90	86	1.05728
90	93	0.839275
90	98	0.882178
90	103	0.862709
90	117	0.866809
90	120	0.851569
90	122	0.899224
90	123	0.88343
90	140	0.887975
90	163	1.12449
90	165	0.984261
90	168	0.894046
90	171	1.19112
90	173	1.67586
90	175	1.31014
91	39	0.810913
91	58	0.89105
91	60	1.39891
91	67	0.874648
91	70	0.771835
91	82	0.803203
91	96	0.776124
91	110	0.782786
91	114	1.44576
91	124	0.82744
91	137	1.57391
91	141	0.83192
91	142	0.815258
91	149	0.806639
91	151	0.824362
91	152	0.82479
91	153	0.825885
91	160	0.863827
91	161	1.75391
91	168	0.83751
91	169	1.57909
91	171	1.80147
92	4	1.59726
92	47	1.25369
92	71	1.50146
92	103	1.32232
92	145	1.21445
92	154	0.867721
92	155	0.866049
92	160	1.05816
92	162	0.836995
92	164	0.852122
92	167	0.897735
92	169	0.865876
92	172	0.814616
92	173	0.7927
92	174	0.801962
92	175	0.835448
92	176	0.841008
92	177	0.824308
92	178	0.871488
92	179	0.838313
92	180	0.823091
93	19	0.842277
93	54	0.839713
93	57	0.837937
93	71	0.772324
93	76	0.821194
93	84	0.858255
93	90	0.839275
93	98	0.823631
93	103	0.804162
93	104	1.52902
93	117	0.808262
93	120	0.793022
93	122	0.840677
93	123	0.824883
93	140	0.829428
93	145	0.812352
93	154	1.69153
93	158	1.51757
93	165	1.55338
93	168	0.835499
93	169	1.53786
93	180	1.88975
94	9	0.756757
94	14	0.835732
94	16	0.834068
94	42	0.765395
94	45	0.967147
94	50	0.834298
94	51	0.835239
94	60	0.826922
94	68	0.79213
94	75	0.814348
94	83	0.805232
94	107	0.786705
94	122	0.837843
94	129	0.832956
94	138	1.59066
94	148	1.43589
94	154	1.64981
94	157	0.832266
94	162	1.83542
94	165	0.825058
94	167	1.39777
94	179	1.78014
95	3	1.07251
95	44	1.5095
95	52	1.1927
95	105	1.03943
95	112	0.983731
95	133	1.23533
95	137	0.9207
95	141	1.13784
95	148	0.95194
95	154	0.891284
95	159	0.871095
95	161	0.895477
95	163	0.895113
95	169	0.889439
95	171	0.892499
95	174	0.825525
95	175	0.85901
95	176	0.864571
95	177	0.84787
95	178	0.89505
95	179	0.861875
95	180	0.846654
96	49	0.762688
96	55	1.24376
96	58	0.882424
96	66	0.772661
96	80	0.851616
96	87	0.796937
96	91	0.776124
96	102	0.783916
96	112	0.821041
96	134	1.73551
96	138	1.63016
96	141	0.823294
96	142	0.806632
96	143	0.806762
96	146	0.799586
96	149	0.798012
96	151	0.815736
96	152	0.816164
96	153	0.817259
96	164	1.69743
96	168	0.828884
96	177	1.83241
96	179	1.81964
97	25	0.819617
97	39	0.798906
97	49	0.759306
97	67	0.86264
97	87	0.793556
97	100	1.56504
97	110	0.770779
97	124	0.815432
97	142	0.80325
97	143	0.80338
97	146	0.796204
97	147	1.72616
97	149	0.794631
97	151	0.812355
97	152	0.812783
97	153	0.813877
97	157	0.825103
97	158	1.67673
97	160	0.851819
97	161	1.87185
97	167	1.59865
97	168	0.825502
97	169	1.69702
98	8	0.980693
98	19	0.88518
98	28	0.842199
98	57	0.88084
98	59	1.04575
98	71	0.815227
98	76	0.864097
98	78	0.882755
98	84	0.901157
98	90	0.882178
98	93	0.823631
98	103	0.847065
98	117	0.851164
98	120	0.835925
98	123	0.867786
98	135	1.31403
98	140	0.872331
98	145	0.855255
98	162	1.68804
98	166	1.67773
98	168	0.878402
98	172	1.82953
98	178	1.42365
99	13	1.21402
99	45	0.928247
99	53	1.66019
99	64	1.42456
99	120	1.24743
99	131	1.08051
99	147	0.90335
99	150	0.907053
99	151	1.16949
99	154	0.880017
99	156	0.887325
99	158	0.915257
99	159	0.859828
99	162	0.84929
99	166	0.856154
99	169	0.878172
99	172	0.826911
99	173	0.804995
99	174	0.814258
99	176	0.853303
99	178	0.883783
99	179	0.850608
99	180	0.835386
100	97	1.56504
100	107	1.31681
100	109	0.897077
100	116	0.911278
100	123	1.11088
100	125	1.1897
100	131	1.07077
100	144	0.912621
100	155	0.880224
100	161	0.88609
100	163	0.885725
100	164	0.866298
100	166	0.858034
100	168	1.0921
100	169	0.880052
100	170	0.838684
100	172	0.828791
100	174	0.816138
100	175	0.849623
100	177	0.838483
100	178	0.885663
100	179	0.852488
100	180	0.837266
101	43	1.25546
101	49	1.44191
101	50	1.06986
101	56	1.14085
101	68	1.34884
101	111	0.875606
101	120	1.0563
101	129	0.954193
101	150	0.947598
101	156	0.927869
101	158	0.955802
101	161	0.924755
101	162	0.889835
101	167	0.950575
101	169	0.918716
101	170	0.877349
101	172	0.867456
101	173	0.84554
101	174	0.854802
101	175	0.888288
101	177	0.877148
101	178	0.924328
101	179	0.891153
101	180	0.875931
102	15	0.834515
102	37	0.91646
102	52	0.849516
102	59	0.929621
102	65	2.39668
102	67	0.882439
102	96	0.783916
102	112	0.837458
102	139	0.843751
102	141	0.839712
102	143	0.82318
102	146	0.816004
102	149	0.81443
102	151	0.832154
102	152	0.832582
102	153	0.833676
102	157	0.844902
102	159	1.43234
102	162	1.47815
102	163	1.29463
102	164	1.30066
102	168	0.845302
102	176	1.40334
102	178	1.21375
103	19	0.865711
103	28	0.82273
103	47	0.885704
103	57	0.861371
103	71	0.795758
103	76	0.844628
103	84	0.881689
103	90	0.862709
103	92	1.32232
103	93	0.804162
103	98	0.847065
103	117	0.831696
103	119	1.25453
103	120	0.816456
103	122	0.864111
103	123	0.848317
103	140	0.852862
103	145	0.835786
103	158	1.36534
103	164	1.54741
103	167	1.28726
103	168	0.858933
103	170	1.77938
103	174	1.91737
104	70	1.56413
104	82	1.38309
104	84	1.18419
104	93	1.52902
104	110	1.32147
104	138	0.880533
104	142	1.25593
104	151	1.28289
104	155	0.84869
104	156	0.857671
104	158	0.885603
104	159	0.830174
104	163	0.854192
104	164	0.834764
104	165	0.8797
104	166	0.826501
104	170	0.807151
104	172	0.797258
104	173	0.775342
104	175	0.81809
104	176	0.82365
104	177	0.80695
104	178	0.85413
104	179	0.820955
104	180	0.805733
105	34	0.841623
105	53	0.810046
105	63	0.862383
105	72	0.834185
105	74	1.12796
105	77	0.870137
105	95	1.03943
105	111	0.890182
105	116	0.923723
105	121	0.905572
105	125	0.887779
105	126	0.886687
105	127	0.910544
105	130	0.884511
105	131	0.900824
105	132	0.901028
105	133	0.866517
105	136	0.918286
105	145	0.872719
105	154	1.40264
105	156	1.33054
105	164	1.41076
105	172	1.72973
105	177	1.54574
105	178	1.32385
106	16	1.62213
106	27	1.47119
106	42	1.72906
106	110	1.63044
106	113	0.7877
106	125	1.62181
106	130	1.4742
106	150	0.839434
106	154	0.812397
106	156	0.819705
106	159	0.792208
106	162	0.781671
106	164	0.796798
106	166	0.788535
106	167	0.842411
106	170	0.769185
106	171	0.813612
106	172	0.759292
106	173	0.737376
106	174	0.746638
106	175	0.780123
106	177	0.768983
106	178	0.816164
106	179	0.782989
106	180	0.767767
107	9	0.768401
107	14	0.847376
107	16	0.845712
107	20	0.831525
107	41	0.796009
107	42	0.777039
107	45	0.978791
107	50	0.845942
107	51	0.846884
107	60	0.838566
107	68	0.803774
107	75	0.825992
107	83	0.816876
107	94	0.786705
107	100	1.31681
107	122	0.849487
107	129	0.8446
107	134	1.64866
107	137	1.44361
107	140	1.51752
107	150	1.53536
107	157	0.84391
107	165	0.836702
107	172	1.92955
107	178	1.52367
108	2	1.28486
108	23	1.31949
108	30	1.40752
108	82	1.44909
108	83	1.55216
108	137	0.878463
108	141	1.40454
108	144	0.87977
108	154	0.849046
108	158	0.884287
108	161	0.85324
108	162	0.81832
108	163	0.852875
108	164	0.833448
108	166	0.825184
108	167	0.87906
108	168	1.28125
108	172	0.795941
108	173	0.774025
108	174	0.783288
108	175	0.816773
108	177	0.805633
108	178	0.852813
108	179	0.819638
108	180	0.804416
109	39	1.55754
109	54	1.3678
109	87	1.46907
109	100	0.897077
109	113	0.806865
109	121	1.35615
109	132	1.25636
109	137	0.860979
109	143	1.39046
109	145	1.41561
109	148	0.892219
109	159	0.811374
109	161	0.835756
109	162	0.800836
109	163	0.835391
109	166	0.8077
109	167	0.861576
109	169	0.829718
109	170	0.78835
109	173	0.756541
109	175	0.799289
109	176	0.80485
109	177	0.788149
109	178	0.835329
109	179	0.802154
109	180	0.786932
110	1	1.46707
110	15	0.82476
110	39	0.808949
110	52	0.83976
110	67	0.872683
110	82	0.801238
110	87	0.803599
110	91	0.782786
110	97	0.770779
110	104	1.32147
110	106	1.63044
110	124	0.825476
110	139	0.833995
110	141	0.829956
110	143	0.813424
110	146	0.806248
110	149	0.804675
110	151	0.822398
110	152	0.822826
110	153	0.823921
110	157	0.835147
110	164	1.4921
110	166	1.65928
110	168	0.835546
110	172	1.81107
110	177	1.62708
111	40	0.837783
111	44	0.817042
111	46	0.826647
111	63	0.851103
111	65	0.749721
111	77	0.858857
111	101	0.875606
111	105	0.890182
111	113	1.62267
111	116	0.912443
111	121	0.894293
111	125	0.8765
111	126	0.875407
111	127	0.899264
111	128	1.41322
111	130	0.873231
111	131	0.889544
111	132	0.889749
111	133	0.855237
111	136	0.907006
111	145	0.861439
111	163	1.34473
111	166	1.51794
111	173	1.8961
111	175	1.53038
111	178	1.26385
112	7	0.94522
112	39	0.85583
112	66	0.826203
112	80	0.905158
112	87	0.85048
112	95	0.983731
112	96	0.821041
112	102	0.837458
112	124	0.872356
112	135	1.15853
112	139	0.880875
112	142	0.860174
112	143	0.860304
112	146	0.853129
112	149	0.851555
112	151	0.869279
112	152	0.869707
112	153	0.870801
112	157	0.882027
112	160	0.908743
112	168	0.882426
112	172	1.67403
112	173	1.90039
112	174	1.72501
112	176	1.45773
112	177	1.49004
113	19	1.53194
113	85	0.900007
113	106	0.7877
113	109	0.806865
113	111	1.62267
113	125	1.75539
113	144	0.822409
113	150	0.818721
113	151	1.72544
113	155	0.790012
113	157	1.59305
113	159	0.771496
113	160	1.55517
113	161	0.795878
113	163	0.795514
113	167	0.821699
113	170	0.748473
113	172	0.73858
113	173	0.716664
113	174	0.725926
113	175	0.759411
113	176	0.764972
113	177	0.748271
113	178	0.795451
113	179	0.762276
113	180	0.747055
114	18	1.31964
114	24	1.20099
114	66	1.37697
114	68	1.52889
114	91	1.44576
114	145	1.14443
114	147	0.892495
114	150	0.896198
114	151	1.15841
114	152	1.1561
114	154	0.869162
114	156	0.87647
114	158	0.904402
114	159	0.848973
114	162	0.838435
114	164	0.853563
114	167	0.899175
114	169	0.867317
114	170	0.825949
114	173	0.79414
114	174	0.803403
114	175	0.836888
114	176	0.842449
114	177	0.825748
114	178	0.872928
114	179	0.839753
114	180	0.824532
115	51	1.55743
115	89	0.741665
115	116	1.4605
115	122	1.73041
115	130	1.59132
115	134	0.785199
115	139	1.6505
115	143	1.66984
115	144	0.827059
115	148	0.856991
115	150	0.823372
115	154	0.796335
115	155	0.794663
115	156	0.803643
115	162	0.765609
115	163	0.800164
115	166	0.772473
115	167	0.826349
115	170	0.753123
115	172	0.74323
115	173	0.721314
115	174	0.730576
115	175	0.764062
115	176	0.769622
115	179	0.766927
115	180	0.751705
116	32	0.868758
116	34	0.863884
116	46	0.860188
116	53	0.832307
116	72	0.856446
116	77	0.892397
116	100	0.911278
116	105	0.923723
116	111	0.912443
116	115	1.4605
116	121	0.927833
116	125	0.91004
116	126	0.908947
116	127	0.932805
116	130	0.906772
116	131	0.923085
116	132	0.923289
116	133	0.888778
116	136	0.940547
116	145	0.89498
116	159	1.33672
116	161	1.21809
116	163	1.19901
116	166	1.37222
116	173	1.75039
116	176	1.30772
116	179	1.32726
117	19	0.869811
117	28	0.82683
117	47	0.889804
117	54	0.867246
117	55	1.0876
117	57	0.865471
117	71	0.799858
117	76	0.848728
117	78	0.867386
117	81	1.16002
117	84	0.885788
117	90	0.866809
117	93	0.808262
117	98	0.851164
117	103	0.831696
117	120	0.820556
117	122	0.868211
117	123	0.852417
117	134	1.57935
117	140	0.856962
117	144	1.51453
117	145	0.839886
117	148	1.31923
117	167	1.28111
117	168	0.863033
117	173	2.08661
117	177	1.67625
118	12	0.896045
118	16	1.25835
118	18	0.885937
118	22	0.885917
118	29	0.862049
118	31	0.85607
118	35	1.00176
118	38	0.85535
118	41	1.39199
118	43	0.831026
118	47	1.25335
118	49	1.69163
118	56	0.890771
118	64	1.48315
118	76	1.34277
118	135	0.900534
118	136	1.23593
118	154	0.85877
118	165	0.888106
118	167	0.888783
118	170	0.815557
118	172	0.805664
118	174	0.793011
118	175	0.826496
118	176	0.832056
118	177	0.815356
118	180	0.814139
119	16	1.19091
119	58	1.00768
119	68	1.53112
119	103	1.25453
119	125	1.19059
119	128	0.897827
119	130	1.04298
119	131	1.07166
119	136	1.16849
119	144	0.92822
119	147	0.920829
119	148	0.958153
119	154	0.897496
119	156	0.904804
119	158	0.932737
119	159	0.877307
119	160	0.990376
119	161	0.90169
119	166	0.873634
119	172	0.844391
119	173	0.822475
119	174	0.831737
119	175	0.865223
119	176	0.870783
119	177	0.854083
119	178	0.901263
119	179	0.868088
119	180	0.852866
120	19	0.854571
120	21	0.874557
120	28	0.81159
120	47	0.874564
120	54	0.852007
120	57	0.850231
120	71	0.784619
120	76	0.833488
120	78	0.852146
120	84	0.870549
120	90	0.851569
120	93	0.793022
120	98	0.835925
120	99	1.24743
120	101	1.0563
120	103	0.816456
120	117	0.820556
120	122	0.852971
120	123	0.837177
120	140	0.841722
120	145	0.824646
120	154	1.52334
120	163	1.52543
120	165	1.38519
120	168	0.847793
120	171	1.59205
120	173	2.0768
120	180	1.72156
121	13	0.881534
121	34	0.845733
121	40	0.853174
121	46	0.842038
121	53	0.814157
121	63	0.866494
121	77	0.874247
121	88	1.18161
121	105	0.905572
121	109	1.35615
121	111	0.894293
121	116	0.927833
121	125	0.89189
121	126	0.890797
121	127	0.914654
121	130	0.888622
121	131	0.904934
121	132	0.905139
121	133	0.870627
121	136	0.922396
121	138	1.31281
121	140	1.28702
121	145	0.876829
121	147	1.24744
121	150	1.30486
121	154	1.37196
121	173	1.92542
121	178	1.29317
122	9	0.819539
122	16	0.896851
122	42	0.828177
122	47	0.922219
122	50	0.897081
122	59	1.01014
122	61	1.24696
122	71	0.832273
122	75	0.87713
122	83	0.868015
122	90	0.899224
122	93	0.840677
122	94	0.837843
122	103	0.864111
122	107	0.849487
122	115	1.73041
122	117	0.868211
122	120	0.852971
122	123	0.884832
122	145	0.872301
122	147	1.34231
122	156	1.39473
122	157	0.895048
122	158	1.29287
122	165	0.88784
122	168	0.895448
122	169	1.31316
122	176	1.57763
122	179	1.59716
123	19	0.886432
123	21	0.906418
123	28	0.843451
123	47	0.906425
123	54	0.883868
123	57	0.882092
123	71	0.81648
123	76	0.865349
123	78	0.884008
123	84	0.90241
123	90	0.88343
123	93	0.824883
123	98	0.867786
123	100	1.11088
123	103	0.848317
123	117	0.852417
123	120	0.837177
123	122	0.884832
123	140	0.873583
123	145	0.856507
123	150	1.32942
123	155	1.56208
123	163	1.39861
123	164	1.40464
123	165	1.25838
123	168	0.879654
123	170	1.63661
123	176	1.50732
123	180	1.59475
124	7	1.09151
124	25	0.874315
124	49	0.814004
124	52	0.884414
124	66	0.823976
124	70	0.814524
124	82	0.845892
124	87	0.848253
124	91	0.82744
124	97	0.815432
124	110	0.825476
124	112	0.872356
124	135	1.30482
124	137	1.33438
124	139	0.878648
124	141	0.874609
124	146	0.850902
124	149	0.849328
124	151	0.867052
124	152	0.86748
124	153	0.868574
124	155	1.65878
124	156	1.42113
124	157	0.8798
124	160	0.906516
124	162	1.67883
124	168	0.8802
124	175	1.68096
124	178	1.41443
124	179	1.62355
125	13	0.863741
125	32	0.832815
125	34	0.82794
125	40	0.835381
125	46	0.824245
125	53	0.796364
125	63	0.848701
125	65	0.747318
125	72	0.820502
125	77	0.856454
125	100	1.1897
125	105	0.887779
125	106	1.62181
125	111	0.8765
125	113	1.75539
125	116	0.91004
125	119	1.19059
125	121	0.89189
125	126	0.873004
125	127	0.896861
125	131	0.887141
125	132	0.887346
125	133	0.852834
125	136	0.904603
125	144	1.45674
125	145	0.859036
125	147	1.35083
125	156	1.40325
125	163	1.47744
125	169	1.32169
126	3	0.889024
126	32	0.831722
126	34	0.826847
126	40	0.834288
126	46	0.823152
126	53	0.795271
126	59	1.07189
126	60	1.19474
126	63	0.847608
126	65	0.746225
126	72	0.819409
126	77	0.855361
126	105	0.886687
126	111	0.875407
126	116	0.908947
126	121	0.890797
126	125	0.873004
126	127	0.895769
126	131	0.886048
126	132	0.886253
126	133	0.851742
126	134	1.57478
126	135	1.34018
126	136	0.90351
126	145	0.857943
126	156	1.45648
126	167	1.27654
126	170	1.76867
126	174	1.90666
126	178	1.44979
127	3	0.912882
127	10	0.975496
127	13	0.886506
127	32	0.855579
127	34	0.850705
127	40	0.858145
127	44	0.837403
127	53	0.819128
127	63	0.871465
127	72	0.843267
127	105	0.910544
127	111	0.899264
127	116	0.932805
127	121	0.914654
127	125	0.896861
127	126	0.895769
127	130	0.893593
127	131	0.909906
127	132	0.91011
127	133	0.875599
127	136	0.927368
127	137	1.18015
127	144	1.32038
127	145	0.881801
127	147	1.21447
127	155	1.50455
127	162	1.5246
127	163	1.34108
127	172	1.66609
127	175	1.52673
127	180	1.53722
128	24	1.55855
128	25	1.5698
128	111	1.41322
128	119	0.897827
128	132	1.34274
128	134	0.805577
128	139	1.4575
128	145	1.50199
128	147	0.840046
128	148	0.877369
128	154	0.816713
128	155	0.815041
128	156	0.824021
128	158	0.851954
128	159	0.796524
128	160	1.34571
128	161	0.820907
128	162	0.785987
128	163	0.820542
128	166	0.792851
128	167	0.846727
128	168	1.44832
128	170	0.773501
128	172	0.763608
128	173	0.741692
128	175	0.78444
128	176	0.79
128	177	0.7733
128	178	0.82048
128	179	0.787305
128	180	0.772083
129	4	0.809617
129	9	0.814652
129	14	0.893628
129	16	0.891964
129	17	0.889729
129	20	0.877777
129	23	0.869568
129	24	0.878271
129	35	0.943733
129	51	0.893135
129	59	0.964537
129	62	1.25112
129	64	0.864054
129	68	0.850026
129	75	0.872243
129	79	0.870169
129	83	0.863128
129	88	1.23087
129	94	0.832956
129	101	0.954193
129	107	0.8446
129	130	0.879206
129	144	1.40261
129	154	1.42122
129	157	0.890161
129	160	0.916877
129	165	0.882954
129	166	1.59652
129	171	0.854832
129	174	1.79931
129	176	1.53202
129	177	1.56433
130	4	0.797971
130	17	0.878083
130	20	0.866131
130	23	0.857922
130	34	0.824672
130	35	0.932087
130	48	0.871228
130	64	0.852408
130	73	1.32118
130	77	0.853186
130	78	1.07551
130	79	0.858523
130	105	0.884511
130	106	1.4742
130	111	0.873231
130	115	1.59132
130	116	0.906772
130	119	1.04298
130	121	0.888622
130	127	0.893593
130	129	0.879206
130	131	0.883873
130	132	0.884077
130	133	0.849566
130	136	0.901335
130	150	1.26064
130	154	1.32774
130	160	0.905232
130	161	1.3489
130	171	0.843186
130	172	1.65484
130	179	1.45807
131	13	0.876786
131	32	0.845859
131	34	0.840985
131	40	0.848425
131	44	0.827683
131	46	0.837289
131	53	0.809408
131	59	0.899726
131	63	0.861745
131	69	1.45738
131	72	0.833547
131	77	0.869498
131	99	1.08051
131	100	1.07077
131	105	0.900824
131	111	0.889544
131	116	0.923085
131	119	1.07166
131	121	0.904934
131	125	0.887141
131	126	0.886048
131	127	0.909906
131	130	0.883873
131	132	0.90039
131	133	0.865879
131	136	0.917648
131	145	0.872081
131	150	1.28932
131	173	1.90987
131	174	1.7345
131	177	1.49952
131	180	1.55464
132	3	0.903366
132	13	0.87699
132	32	0.846064
132	34	0.841189
132	40	0.84863
132	53	0.809613
132	63	0.86195
132	65	0.760567
132	72	0.833751
132	77	0.869703
132	89	1.9578
132	105	0.901028
132	109	1.25636
132	111	0.889749
132	116	0.923289
132	121	0.905139
132	125	0.887346
132	126	0.886253
132	127	0.91011
132	128	1.34274
132	130	0.884077
132	131	0.90039
132	133	0.866083
132	136	0.917852
132	145	0.872285
132	148	1.05825
132	155	1.43772
132	161	1.29333
132	164	1.28029
132	169	1.1185
132	174	1.65025
132	175	1.4599
133	13	0.842479
133	32	0.811552
133	34	0.806678
133	40	0.814118
133	44	0.793377
133	46	0.802982
133	53	0.775101
133	63	0.827438
133	65	0.726056
133	72	0.79924
133	77	0.835192
133	95	1.23533
133	105	0.866517
133	111	0.855237
133	116	0.888778
133	121	0.870627
133	125	0.852834
133	126	0.851742
133	127	0.875599
133	130	0.849566
133	131	0.865879
133	132	0.866083
133	136	0.883341
133	137	1.43968
133	140	1.51359
133	145	0.837774
133	148	1.38462
133	165	1.46039
133	167	1.3465
133	172	1.92563
133	174	1.97661
133	179	1.72886
134	8	0.92802
