1	40	1.04719
1	81	1.10233
1	82	1.00686
1	97	1.0954
1	99	1.01067
1	136	1.03228
1	139	1.37529
1	140	1.05367
1	142	1.05251
1	148	1.27826
1	156	1.22581
1	160	1.11536
2	19	1.09436
2	45	1.14236
2	55	1.08348
2	56	1.10577
2	65	1.02648
2	86	1.05727
2	131	0.97278
2	148	0.989771
2	170	0.951269
2	171	1.56187
2	173	1.51382
2	176	0.943334
3	5	1.13153
3	9	1.11136
3	82	1.00026
3	89	0.97448
3	92	1.11947
3	97	1.0888
3	99	1.00407
3	131	1.24269
3	141	1.2497
3	144	1.2508
3	150	0.98632
3	166	1.27436
4	106	1.05403
4	112	1.05149
4	117	1.15613
4	121	1.06071
4	122	1.18219
4	124	1.03798
4	127	1.07849
4	128	1.05789
4	151	1.0988
4	156	1.28648
4	166	1.35362
4	180	0.961109
5	3	1.13153
5	78	1.03049
5	82	1.00088
5	92	1.12008
5	99	1.00469
5	136	1.0263
5	150	0.986933
5	151	1.09625
5	154	0.941447
5	166	1.0582
5	173	1.56757
5	180	1.4597
6	28	1.08977
6	44	1.05377
6	60	0.991575
6	73	1.12447
6	84	1.09198
6	136	1.02533
6	138	0.977595
6	143	1.06626
6	156	0.994825
6	168	1.58136
6	170	0.975705
6	176	1.4617
7	50	1.25533
7	71	1.06114
7	88	0.654755
7	106	1.06007
7	112	1.05752
7	121	1.06675
7	124	1.04402
7	127	1.08453
7	128	1.06393
7	175	1.31835
7	177	1.82769
7	180	0.967147
8	32	0.937021
8	35	1.00232
8	38	1.00608
8	67	1.00091
8	77	0.958634
8	79	0.872567
8	89	1.81481
8	95	0.92774
8	133	0.95259
8	136	0.881646
8	173	1.92677
8	176	0.824085
9	3	1.11136
9	40	1.02103
9	81	1.07617
9	92	1.0999
9	97	1.06924
9	99	0.984509
9	103	0.941266
9	130	1.0527
9	143	1.1919
9	150	0.966756
9	151	1.07608
9	163	1.81432
10	18	0.700687
10	33	0.711867
10	62	0.996316
10	79	0.95024
10	91	1.13466
10	113	0.993165
10	116	0.984217
10	125	0.977934
10	168	0.884843
10	176	0.901758
10	177	0.842274
10	179	0.869316
11	69	1.05226
11	91	1.10156
11	93	1.02868
11	100	1.05493
11	101	1.05519
11	138	0.892305
11	150	1.12861
11	151	1.07923
11	161	1.0832
11	165	1.11525
11	178	1.86473
11	180	0.941543
12	53	0.404816
12	76	0.654183
12	78	0.670049
12	87	0.526739
12	124	1.1125
12	128	1.13241
12	168	1.02889
12	170	1.05374
12	176	1.0458
12	177	0.986318
12	178	0.992639
12	180	1.03563
13	58	0.929409
13	70	0.74163
13	84	0.771969
13	164	0.977039
13	171	0.946637
13	172	0.910121
13	173	0.949295
13	174	0.925167
13	175	0.947994
13	177	0.899151
13	178	0.905471
13	179	0.926193
14	25	1.08091
14	29	0.966706
14	45	1.1689
14	55	1.11002
14	65	1.05302
14	86	1.08381
14	122	0.722522
14	129	1.21433
14	170	0.977808
14	176	0.969874
14	178	1.78201
14	180	1.29546
15	78	1.03839
15	82	1.00877
15	92	1.12798
15	97	1.09731
15	99	1.01258
15	119	0.975195
15	140	1.05559
15	142	1.05442
15	150	0.994831
15	171	1.34479
15	173	1.29675
15	174	1.42727
16	27	0.907502
16	33	1.00218
16	43	0.879995
16	51	0.957369
16	61	0.923786
16	72	0.957364
16	74	0.955479
16	140	0.890619
16	145	0.960831
16	158	1.15977
16	162	1.35822
16	178	2.15166
17	41	0.921038
17	47	0.911464
17	53	0.978684
17	75	0.894396
17	80	0.953083
17	90	1.0062
17	105	1.28484
17	133	0.960727
17	161	0.963706
17	162	1.48542
17	163	0.815718
17	173	1.90017
18	10	0.700687
18	71	1.14279
18	112	1.13918
18	121	1.1484
18	124	1.12567
18	127	1.16618
18	128	1.14558
18	148	0.796776
18	151	1.18649
18	164	1.2574
18	170	1.13213
18	179	1.45238
18	180	1.0488
19	2	1.09436
19	25	1.0674
19	55	1.09651
19	56	1.1188
19	65	1.03951
19	86	1.0703
19	138	1.14112
19	144	1.20192
19	160	1.0479
19	170	0.964298
19	176	0.956364
19	180	1.62699
20	27	0.99348
20	33	1.08815
20	51	1.04335
20	61	1.00976
20	94	1.33939
20	103	1.01242
20	105	0.966105
20	119	1.52843
20	140	0.976597
20	143	1.23159
20	145	1.04681
20	146	0.970259
20	154	1.22386
21	54	0.696684
21	76	1.04181
21	83	1.10255
21	91	1.12421
21	93	1.05133
21	100	1.07758
21	101	1.07784
21	143	1.13736
21	155	1.59135
21	163	0.957864
21	170	1.56705
21	180	0.964194
22	28	1.05434
22	31	1.0552
22	46	1.01921
22	50	1.43842
22	57	0.985543
22	60	0.956152
22	73	1.08904
22	84	1.05656
22	136	0.989908
22	147	1.02227
22	170	0.940282
22	175	1.50144
22	176	1.41292
23	52	1.68756
23	115	1.52606
23	119	0.891625
23	156	0.91138
23	162	0.878016
23	167	0.808712
23	168	0.81353
23	173	0.821107
23	174	0.796978
23	175	0.819805
23	177	0.770962
23	178	0.777282
23	179	0.798004
24	27	0.529137
24	107	0.776922
24	124	0.627549
24	140	0.558219
24	165	1.06186
24	169	1.01865
24	170	1.02862
24	171	1.00869
24	173	1.01135
24	174	0.98722
24	175	1.01005
24	178	0.967524
24	179	0.988246
25	14	1.08091
25	19	1.0674
25	29	0.913211
25	45	1.1154
25	55	1.05653
25	65	0.99952
25	86	1.03031
25	119	1.38341
25	147	1.20467
25	148	1.18091
25	169	1.58283
25	170	0.924313
25	176	0.916378
26	76	0.999631
26	83	1.06037
26	85	0.983733
26	91	1.08203
26	100	1.03541
26	101	1.03566
26	143	1.23039
26	146	1.17228
26	152	1.23636
26	161	1.06367
26	163	0.915685
26	170	1.66008
26	180	0.922015
27	16	0.907502
27	20	0.99348
27	24	0.529137
27	33	1.09168
27	51	1.04687
27	61	1.01329
27	74	1.04498
27	94	1.14499
27	137	0.997895
27	145	1.05033
27	146	0.973783
27	168	1.6656
27	175	1.63446
28	6	1.08977
28	22	1.05434
28	44	1.01334
28	46	1.0142
28	57	0.980531
28	60	0.951139
28	84	1.05155
28	126	1.11196
28	129	1.3599
28	132	0.925608
28	143	1.02582
28	170	0.935269
28	178	1.92758
29	14	0.966706
29	25	0.913211
29	45	1.00119
29	55	0.942319
29	56	0.96461
29	65	0.885313
29	86	0.916105
29	110	0.898567
29	155	1.70508
29	165	1.49869
29	169	1.74735
29	170	0.810106
29	176	0.802171
30	58	1.01134
30	102	0.765455
30	106	1.02541
30	112	1.02286
30	119	1.00384
30	121	1.03209
30	124	1.00936
30	127	1.04987
30	128	1.02927
30	158	1.17244
30	160	1.09868
30	177	2.27386
30	180	0.932484
31	22	1.0552
31	46	1.01506
31	57	0.981392
31	60	0.952001
31	73	1.08489
31	84	1.05241
31	98	1.01786
31	137	1.02492
31	148	1.06365
31	158	0.9745
31	167	1.82944
31	170	0.936131
31	176	1.47806
32	8	0.937021
32	62	1.01283
32	67	1.0951
32	70	1.07851
32	77	1.05282
32	79	0.966756
32	136	0.975835
32	142	0.93195
32	145	1.06744
32	169	1.35069
32	174	1.60335
32	175	1.45171
32	176	0.918274
33	10	0.711867
33	16	1.00218
33	20	1.08815
33	27	1.09168
33	43	1.06417
33	51	1.14154
33	61	1.10796
33	74	1.13965
33	103	1.11061
33	137	1.09257
33	143	0.713621
33	164	1.26858
33	176	1.22237
33	178	1.7107
34	37	1.07311
34	47	1.08149
34	52	1.03841
34	53	1.14871
34	75	1.06442
34	80	1.12311
34	90	1.17622
34	105	0.942929
34	129	1.36926
34	149	1.25779
34	160	0.871306
34	161	1.13373
34	163	0.98574
34	175	1.53715
35	8	1.00232
35	38	1.16556
35	62	1.07813
35	67	1.16039
35	70	1.1438
35	77	1.11812
35	79	1.03205
35	120	1.18799
35	145	1.13273
35	153	1.03305
35	163	1.36194
35	170	1.16921
35	176	0.983569
35	180	1.25004
36	104	1.09212
36	107	1.0957
36	109	1.07562
36	111	0.909849
36	113	1.09812
36	114	1.09456
36	115	1.10325
36	116	1.08918
36	123	1.09599
36	125	1.08289
36	131	1.20619
36	139	1.32021
36	158	1.13404
36	165	1.37644
37	34	1.07311
37	47	0.955442
37	52	0.91237
37	53	1.02266
37	59	0.993996
37	75	0.938375
37	80	0.997062
37	90	1.05018
37	142	1.21383
37	146	1.0782
37	161	1.00768
37	163	0.859696
37	164	1.69127
37	180	1.64683
38	8	1.00608
38	35	1.16556
38	62	1.08189
38	70	1.14757
38	72	0.651149
38	77	1.12188
38	79	1.03581
38	119	1.29633
38	126	1.18094
38	133	1.11583
38	145	1.13649
38	159	1.16743
38	171	1.66593
38	176	0.98733
39	66	0.997879
39	68	1.00438
39	96	1.21911
39	102	0.953474
39	106	0.981935
39	112	0.979387
39	121	0.988613
39	124	0.965883
39	127	1.00639
39	128	0.985792
39	151	1.0267
39	156	1.39715
39	173	1.97366
39	180	0.889011
40	1	1.04719
40	9	1.02103
40	78	0.939554
40	81	1.00542
40	82	0.90994
40	92	1.02915
40	97	0.998478
40	99	0.91375
40	135	0.928159
40	136	0.935367
40	143	1.20166
40	151	1.00532
40	160	1.13309
40	177	2.30826
41	17	0.921038
41	47	0.973395
41	52	0.930323
41	59	1.01195
41	75	0.956328
41	80	1.01501
41	90	1.06813
41	122	1.27093
41	133	1.02266
41	138	1.35799
41	139	1.52471
41	161	1.02564
41	163	0.877649
41	166	1.44236
42	56	0.93135
42	85	1.25939
42	91	1.01977
42	144	0.986533
42	156	0.980262
42	163	0.882822
42	168	0.882412
42	169	0.897294
42	172	0.850813
42	174	0.86586
42	175	0.888686
42	177	0.839843
42	178	0.846164
42	179	0.866885
43	16	0.879995
43	33	1.06417
43	61	0.985782
43	72	1.01936
43	74	1.01747
43	94	1.14942
43	105	0.942123
43	137	0.970389
43	140	0.952615
43	145	1.02283
43	146	0.946277
43	158	1.0468
43	175	1.63889
43	179	1.79155
44	6	1.05377
44	28	1.01334
44	57	0.944539
44	60	0.915148
44	73	1.04804
44	84	1.01555
44	89	1.21849
44	98	0.981003
44	136	0.948904
44	137	0.988067
44	164	1.26703
44	170	0.899278
44	178	1.70914
44	179	1.46201
45	2	1.14236
45	14	1.1689
45	25	1.1154
45	29	1.00119
45	55	1.14451
45	65	1.0875
45	86	1.1183
45	120	1.24075
45	149	1.1102
45	157	1.1164
45	162	0.995915
45	170	1.0123
45	176	1.00436
45	179	1.54222
46	22	1.01921
46	28	1.0142
46	31	1.01506
46	57	0.945401
46	60	0.91601
46	73	1.0489
46	84	1.01642
46	98	0.981865
46	136	0.949766
46	144	1.31786
46	146	1.1743
46	159	1.40034
46	169	1.72866
46	170	0.900139
47	17	0.911464
47	34	1.08149
47	37	0.955442
47	41	0.973395
47	53	1.03104
47	59	1.00237
47	75	0.946754
47	80	1.00544
47	103	1.16537
47	146	1.35789
47	158	1.42119
47	161	1.01606
47	163	0.868075
47	165	1.66359
48	57	1.02637
48	76	1.22756
48	94	0.983829
48	136	0.952235
48	157	0.93039
48	166	0.958857
48	167	0.870282
48	169	0.889983
48	173	0.882677
48	174	0.858549
48	175	0.881375
48	177	0.832532
48	178	0.838853
48	179	0.859574
49	54	0.968678
49	69	1.00112
49	83	1.02876
49	85	0.952118
49	93	0.977539
49	100	1.00379
49	101	1.00405
49	138	1.434
49	139	1.60072
49	151	1.02809
49	161	1.03206
49	162	1.61298
49	163	0.88407
49	180	0.8904
50	7	1.25533
50	22	1.43842
50	51	1.13017
50	138	1.01127
50	157	0.939815
50	168	0.884527
50	171	0.889444
50	172	0.852928
50	173	0.892103
50	174	0.867975
50	175	0.890801
50	177	0.841958
50	178	0.848279
50	179	0.869
51	16	0.957369
51	20	1.04335
51	27	1.04687
51	33	1.14154
51	50	1.13017
51	61	1.06316
51	74	1.09485
51	103	1.06581
51	105	1.0195
51	119	0.892752
51	137	1.04776
51	140	1.02999
51	176	1.10467
51	177	1.70252
51	180	1.10643
52	23	1.68756
52	34	1.03841
52	37	0.91237
52	41	0.930323
52	59	0.959303
52	72	0.987203
52	75	0.903682
52	80	0.962369
52	90	1.01548
52	111	0.848729
52	133	0.970013
52	150	1.32868
52	161	0.972992
52	163	0.825003
52	175	1.665
53	12	0.404816
53	17	0.978684
53	34	1.14871
53	37	1.02266
53	47	1.03104
53	59	1.0696
53	75	1.01397
53	80	1.07266
53	90	1.12578
53	142	1.25722
53	154	1.17197
53	161	1.08328
53	163	0.935296
53	165	1.42729
53	169	1.67596
54	21	0.696684
54	49	0.968678
54	71	0.582756
54	73	0.632654
54	118	0.528935
54	154	1.17636
54	156	1.12784
54	157	1.08528
54	167	1.02517
54	168	1.02999
54	174	1.01344
54	175	1.03626
54	177	0.98742
54	178	0.993741
54	179	1.01446
55	2	1.08348
55	14	1.11002
55	19	1.09651
55	25	1.05653
55	29	0.942319
55	45	1.14451
55	56	1.10793
55	86	1.05942
55	95	0.844903
55	132	1.22065
55	142	1.30306
55	160	1.15698
55	170	0.953421
55	176	0.945486
55	180	1.73607
56	2	1.10577
56	19	1.1188
56	29	0.96461
56	42	0.93135
56	55	1.10793
56	65	1.05092
56	86	1.08171
56	98	1.05744
56	110	1.06417
56	147	1.16609
56	156	1.08987
56	158	1.05318
56	168	1.67641
56	170	0.975712
56	176	0.967778
57	22	0.985543
57	28	0.980531
57	31	0.981392
57	44	0.944539
57	46	0.945401
57	48	1.02637
57	60	0.882339
57	73	1.01523
57	84	0.982746
57	122	1.16547
57	137	0.955259
57	143	0.957022
57	150	1.48884
57	163	1.85031
57	170	0.866469
58	13	0.929409
58	30	1.01134
58	66	0.972712
58	71	0.957839
58	106	0.956769
58	112	0.95422
58	121	0.963446
58	124	0.940717
58	127	0.981226
58	128	0.960626
58	146	0.946631
58	167	1.79245
58	169	1.42858
58	176	1.44108
58	180	0.863844
59	37	0.993996
59	41	1.01195
59	47	1.00237
59	52	0.959303
59	53	1.0696
59	75	0.985307
59	80	1.04399
59	90	1.09711
59	133	1.05164
59	142	0.977949
59	157	1.22456
59	161	1.05462
59	163	0.906628
59	170	1.33012
59	174	1.64935
59	180	1.41095
60	6	0.991575
60	22	0.956152
60	28	0.951139
60	31	0.952001
60	44	0.915148
60	46	0.91601
60	57	0.882339
60	73	0.98584
60	84	0.953354
60	126	1.34576
60	137	0.925867
60	143	0.927631
60	159	1.33225
60	168	1.79273
60	170	0.837078
60	175	1.76159
61	16	0.923786
61	20	1.00976
61	27	1.01329
61	33	1.10796
61	43	0.985782
61	51	1.06316
61	74	1.06127
61	103	1.03222
61	137	1.01418
61	140	0.996405
61	146	0.990068
61	157	1.48152
61	159	1.32533
61	160	1.08883
61	165	1.40498
61	166	1.26641
62	10	0.996316
62	32	1.01283
62	35	1.07813
62	38	1.08189
62	67	1.07672
62	70	1.06013
62	77	1.03444
62	79	0.948379
62	136	0.957457
62	138	1.0531
62	145	1.04906
62	152	1.03442
62	162	1.23208
62	164	1.58341
62	171	1.69488
62	176	0.899896
63	87	1.05416
63	104	1.01456
63	108	1.02071
63	109	0.998058
63	113	1.02057
63	114	1.01701
63	115	1.02569
63	116	1.01162
63	118	1.05371
63	123	1.01843
63	125	1.00534
63	147	1.1498
63	154	1.02397
63	165	1.27929
63	166	1.14072
63	172	1.99238
64	69	0.968678
64	75	1.08888
64	104	0.906672
64	123	0.777809
64	131	1.01364
64	146	0.980402
64	158	1.00126
64	162	0.95536
64	167	0.886056
64	168	0.890875
64	169	0.905756
64	173	0.898451
64	174	0.874323
64	175	0.897149
64	177	0.848306
64	178	0.854627
64	179	0.875348
65	2	1.02648
65	14	1.05302
65	19	1.03951
65	25	0.99952
65	29	0.885313
65	45	1.0875
65	56	1.05092
65	86	1.00241
65	98	0.97814
65	110	0.984877
65	119	1.24215
65	134	1.62182
65	153	1.23884
65	157	1.26944
65	170	0.896415
65	175	1.54259
65	176	0.888481
66	39	0.997879
66	58	0.972712
66	102	0.702885
66	106	0.986781
66	112	0.984233
66	121	0.993459
66	122	1.04226
66	124	0.970729
66	127	1.01124
66	128	0.990638
66	133	1.03254
66	143	1.00252
66	145	1.05319
66	149	1.4226
66	176	1.61343
66	178	2.10176
66	180	0.893857
67	8	1.00091
67	32	1.0951
67	35	1.16039
67	62	1.07672
67	70	1.1424
67	77	1.11671
67	79	1.03064
67	117	0.738419
67	129	1.25629
67	133	1.11067
67	136	1.03972
67	145	1.13132
67	153	1.12042
67	164	1.38186
67	170	1.25659
67	171	1.49333
67	176	0.98216
68	39	1.00438
68	71	0.994352
68	106	0.993281
68	112	0.990733
68	117	0.889382
68	119	0.971712
68	121	0.999959
68	124	0.97723
68	127	1.01774
68	128	0.997139
68	133	1.03904
68	142	1.05538
68	143	1.00902
68	163	1.60028
68	168	1.60628
68	179	1.7278
68	180	0.900357
69	11	1.05226
69	49	1.00112
69	64	0.968678
69	76	0.973322
69	83	1.03406
69	85	0.957425
69	91	1.05572
69	93	0.982846
69	100	1.0091
69	101	1.00935
69	111	1.02417
69	132	1.23827
69	150	1.50413
69	161	1.03737
69	163	0.889377
69	176	1.75192
69	180	0.895707
70	13	0.74163
70	32	1.07851
70	35	1.1438
70	38	1.14757
70	62	1.06013
70	67	1.1424
70	77	1.10012
70	79	1.01406
70	89	1.25097
70	120	1.19301
70	133	1.09408
70	136	1.02313
70	145	1.11474
70	154	0.736811
70	167	1.60467
70	171	1.41098
70	176	0.965574
71	7	1.06114
71	18	1.14279
71	54	0.582756
71	58	0.957839
71	68	0.994352
71	106	0.971908
71	121	0.978585
71	124	0.955856
71	127	0.996366
71	128	0.975765
71	131	1.10078
71	146	0.96177
71	151	1.01667
71	168	1.65185
71	169	1.51968
71	171	1.68987
71	180	0.878984
72	16	0.957364
72	38	0.651149
72	43	1.01936
72	52	0.987203
72	90	1.12501
72	91	0.78807
72	107	0.936626
72	115	0.557879
72	136	0.805403
72	140	1.02998
72	146	1.02365
72	161	1.08252
72	163	0.934528
72	165	0.992203
72	172	0.90252
72	178	0.89787
72	179	0.918591
73	6	1.12447
73	22	1.08904
73	31	1.08489
73	44	1.04804
73	46	1.0489
73	54	0.632654
73	57	1.01523
73	60	0.98584
73	84	1.08625
73	94	1.18113
73	98	1.05169
73	129	1.50272
73	136	1.0196
73	143	1.06052
73	157	1.39745
73	162	1.27696
73	166	1.18235
73	170	0.96997
74	16	0.955479
74	27	1.04498
74	33	1.13965
74	43	1.01747
74	51	1.09485
74	61	1.06127
74	103	1.06392
74	105	1.01761
74	120	1.43284
74	130	0.845176
74	137	1.04587
74	140	1.0281
74	142	1.06189
74	145	1.09831
74	146	1.02176
74	158	0.989561
74	163	1.6068
74	168	1.61279
75	17	0.894396
75	34	1.06442
75	37	0.938375
75	41	0.956328
75	47	0.946754
75	52	0.903682
75	53	1.01397
75	59	0.985307
75	64	1.08888
75	80	0.988373
75	90	1.04149
75	133	0.996017
75	135	1.08987
75	155	1.81735
75	160	1.2948
75	161	0.998996
75	163	0.851007
75	166	1.47239
76	12	0.654183
76	21	1.04181
76	26	0.999631
76	48	1.22756
76	69	0.973322
76	83	1.00096
76	85	0.924322
76	91	1.02262
76	93	0.949743
76	100	0.975995
76	101	0.976252
76	135	1.15557
76	151	1.00029
76	161	1.00426
76	163	0.856274
76	166	1.53809
76	170	1.85876
76	180	0.862604
77	8	0.958634
77	32	1.05282
77	35	1.11812
77	38	1.12188
77	62	1.03444
77	67	1.11671
77	70	1.10012
77	79	0.988369
77	95	0.56264
77	122	0.880867
77	133	1.06839
77	136	0.997448
77	145	1.08905
77	164	1.49824
77	165	1.19087
77	174	1.6922
77	176	0.939887
77	179	1.69322
78	5	1.03049
78	12	0.670049
78	15	1.03839
78	40	0.939554
78	81	0.994696
78	82	0.89922
78	92	1.01843
78	97	0.987758
78	99	0.90303
78	110	0.963483
78	117	1.35646
78	135	1.17144
78	136	0.924647
78	140	0.946036
78	142	0.94487
78	146	1.38683
78	151	0.9946
78	179	2.19487
79	8	0.872567
79	10	0.95024
79	32	0.966756
79	35	1.03205
79	38	1.03581
79	62	0.948379
79	67	1.03064
79	70	1.01406
79	77	0.988369
79	120	1.5112
79	133	0.982326
79	136	0.911381
79	145	1.00298
79	157	1.38685
79	162	1.26636
79	165	1.31032
79	171	1.72916
79	176	0.853821
80	17	0.953083
80	34	1.12311
80	37	0.997062
80	41	1.01501
80	47	1.00544
80	52	0.962369
80	53	1.07266
80	59	1.04399
80	75	0.988373
80	90	1.10018
80	133	1.0547
80	139	1.13947
80	152	0.954076
80	155	1.40209
80	161	1.05768
80	163	0.909694
80	164	1.50306
80	169	1.44436
80	170	1.37779
81	1	1.10233
81	9	1.07617
81	40	1.00542
81	78	0.994696
81	82	0.965082
81	92	1.08429
81	97	1.05362
81	99	0.968892
81	103	0.673705
81	136	0.990508
81	140	1.0119
81	142	1.01073
81	150	0.951139
81	151	1.06046
81	165	1.17192
81	169	1.42059
81	170	1.35402
81	173	1.54272
81	174	1.67325
82	1	1.00686
82	3	1.00026
82	5	1.00088
82	15	1.00877
82	40	0.90994
82	78	0.89922
82	81	0.965082
82	92	0.988812
82	97	0.958144
82	99	0.873416
82	105	1.38884
82	110	0.933868
82	111	1.16678
82	140	0.916422
82	146	1.32767
82	150	0.855663
82	151	0.964986
82	157	1.7099
82	169	1.88204
83	21	1.10255
83	26	1.06037
83	49	1.02876
83	69	1.03406
83	76	1.00096
83	85	0.985063
83	91	1.08336
83	93	1.01048
83	96	0.986297
83	100	1.03674
83	101	1.03699
83	117	1.03398
83	143	1.12246
83	150	1.38341
83	161	1.065
83	162	1.32609
83	163	0.917015
83	174	1.87137
83	180	0.923345
84	6	1.09198
84	13	0.771969
84	22	1.05656
84	28	1.05155
84	31	1.05241
84	44	1.01555
84	46	1.01642
84	57	0.982746
84	60	0.953354
84	73	1.08625
84	136	0.98711
84	137	1.02627
84	143	1.02804
84	148	0.869221
84	167	1.63501
84	168	1.4033
84	170	0.937484
84	171	1.44132
84	173	1.39327
85	26	0.983733
85	42	1.25939
85	49	0.952118
85	69	0.957425
85	76	0.924322
85	83	0.985063
85	91	1.00672
85	93	0.933846
85	100	0.960098
85	101	0.960355
85	110	0.953278
85	126	1.55748
85	141	1.46038
85	143	1.37603
85	144	1.46148
85	151	0.984395
85	161	0.988365
85	163	0.840377
85	180	0.846707
86	2	1.05727
86	14	1.08381
86	19	1.0703
86	25	1.03031
86	29	0.916105
86	45	1.1183
86	55	1.05942
86	56	1.08171
86	65	1.00241
86	98	1.00893
86	110	1.01567
86	134	1.76396
86	135	0.813947
86	146	1.02934
86	154	1.07971
86	162	1.29108
86	170	0.927207
86	176	0.919273
86	179	1.83738
87	12	0.526739
87	63	1.05416
87	104	1.01575
87	107	1.01933
87	108	1.02189
87	109	0.999241
87	113	1.02175
87	114	1.01819
87	115	1.02688
87	116	1.0128
87	118	1.0549
87	123	1.01961
87	125	1.00652
87	141	1.38598
87	148	1.39596
87	152	1.3076
87	153	1.59515
87	154	1.29389
87	161	1.06183
88	7	0.654755
88	98	1.00767
88	112	0.892383
88	121	0.970072
88	124	1.06927
88	142	1.01005
88	156	1.0132
88	162	0.979835
88	166	0.999105
88	167	0.91053
88	168	0.915349
88	170	0.940199
88	171	0.920266
88	172	0.88375
88	173	0.922925
88	174	0.898797
88	175	0.921623
88	177	0.87278
88	178	0.879101
88	179	0.899822
89	3	0.97448
89	8	1.81481
89	44	1.21849
89	70	1.25097
89	92	0.963029
89	99	0.847633
89	115	0.908224
89	116	0.894148
89	118	0.936242
89	123	0.900957
89	125	0.887866
89	130	0.971553
89	134	0.819949
89	142	0.889473
89	145	1.34783
89	147	0.913468
89	173	0.80235
89	177	0.752205
89	178	0.758526
89	179	0.779247
90	17	1.0062
90	34	1.17622
90	37	1.05018
90	41	1.06813
90	52	1.01548
90	53	1.12578
90	59	1.09711
90	72	1.12501
90	75	1.04149
90	80	1.10018
90	105	0.957618
90	129	1.38395
90	133	1.10782
90	141	1.03892
90	147	1.07266
90	149	1.27248
90	161	1.1108
90	163	0.96281
90	165	1.20215
90	173	1.57295
91	10	1.13466
91	11	1.10156
91	21	1.12421
91	26	1.08203
91	42	1.01977
91	69	1.05572
91	72	0.78807
91	76	1.02262
91	83	1.08336
91	85	1.00672
91	93	1.03215
91	100	1.0584
91	101	1.05865
91	122	1.074
91	135	0.862914
91	151	1.08269
91	155	1.5904
91	156	1.17829
91	161	1.08666
91	163	0.938676
91	180	0.945006
92	3	1.11947
92	5	1.12008
92	9	1.0999
92	15	1.12798
92	40	1.02915
92	78	1.01843
92	81	1.08429
92	82	0.988812
92	89	0.963029
92	95	0.704249
92	97	1.07735
92	99	0.992622
92	110	1.05307
92	119	1.38173
92	130	0.945697
92	140	1.03563
92	144	1.17034
92	149	1.40281
92	150	0.974869
92	176	1.59365
92	180	1.59541
93	11	1.02868
93	21	1.05133
93	49	0.977539
93	69	0.982846
93	76	0.949743
93	83	1.01048
93	85	0.933846
93	91	1.03215
93	100	0.985519
93	101	0.985776
93	110	0.978699
93	111	1.13398
93	135	1.07948
93	146	1.29487
93	150	1.61394
93	151	1.00982
93	155	1.80697
93	156	1.39486
93	161	1.01379
93	163	0.865798
93	180	0.872128
94	20	1.33939
94	27	1.14499
94	43	1.14942
94	48	0.983829
94	73	1.18113
94	144	0.984357
94	151	1.12976
94	153	0.97215
94	154	1.02661
94	159	0.956961
94	160	1.01474
94	165	0.938322
94	167	0.875418
94	169	0.895119
94	172	0.848638
94	173	0.887813
94	174	0.863685
94	175	0.886511
94	177	0.837668
94	178	0.843989
94	179	0.86471
95	8	0.92774
95	55	0.844903
95	77	0.56264
95	92	0.704249
95	100	0.779281
95	109	0.78961
95	142	1.11664
95	147	1.14064
95	149	1.0962
95	151	0.64132
95	160	1.15644
95	162	1.08643
95	169	1.03682
95	171	1.02686
95	172	0.990343
95	173	1.02952
95	174	1.00539
95	175	1.02822
95	177	0.979372
95	178	0.985693
95	179	1.00641
96	39	1.21911
96	83	0.986297
96	100	1.02377
96	107	1.14881
96	129	0.967369
96	133	0.916907
96	155	0.915111
96	156	0.988792
96	160	1.02544
96	162	0.955428
96	164	0.926261
96	165	0.949027
96	167	0.886123
96	169	0.905824
96	171	0.895859
96	172	0.859343
96	173	0.898518
96	174	0.87439
96	175	0.897216
96	178	0.854694
96	179	0.875415
97	1	1.0954
97	3	1.0888
97	9	1.06924
97	15	1.09731
97	40	0.998478
97	78	0.987758
97	81	1.05362
97	82	0.958144
97	92	1.07735
97	99	0.961954
97	126	1.23921
97	136	0.983571
97	140	1.00496
97	142	1.00379
97	150	0.944201
97	151	1.05352
97	152	1.06374
97	154	1.05003
97	160	0.989196
97	166	1.16678
97	172	2.01844
97	180	1.56828
98	31	1.01786
98	44	0.981003
98	46	0.981865
98	56	1.05744
98	65	0.97814
98	73	1.05169
98	86	1.00893
98	88	1.00767
98	112	0.975199
98	121	0.984425
98	127	1.00221
98	128	0.981605
98	130	0.934796
98	132	1.06909
98	137	0.991722
98	150	1.33495
98	170	0.902933
98	172	2.03467
98	175	1.67127
98	176	0.894998
98	180	0.884823
99	1	1.01067
99	3	1.00407
99	5	1.00469
99	9	0.984509
99	15	1.01258
99	40	0.91375
99	78	0.90303
99	81	0.968892
99	82	0.873416
99	89	0.847633
99	92	0.992622
99	97	0.961954
99	110	0.937679
99	117	1.14415
99	130	1.09343
99	134	1.90914
99	140	0.920232
99	142	0.919066
99	148	1.32697
99	150	0.859474
99	151	0.968796
99	154	1.22489
99	177	2.33923
100	11	1.05493
100	21	1.07758
100	26	1.03541
100	49	1.00379
100	69	1.0091
100	76	0.975995
100	83	1.03674
100	85	0.960098
100	91	1.0584
100	93	0.985519
100	95	0.779281
100	96	1.02377
100	101	1.01203
100	110	1.00495
100	130	1.02073
100	131	1.23727
100	132	1.15502
100	150	1.42088
100	151	1.03607
100	161	1.04004
100	163	0.89205
100	167	2.02005
100	180	0.89838
101	11	1.05519
101	21	1.07784
101	26	1.03566
101	49	1.00405
101	69	1.00935
101	76	0.976252
101	83	1.03699
101	85	0.960355
101	91	1.05865
101	93	0.985776
101	100	1.01203
101	110	1.00521
101	111	0.846316
101	134	1.74182
101	151	1.03632
101	154	1.05758
101	158	1.0705
101	160	0.996748
101	161	1.0403
101	163	0.892307
101	164	1.62027
101	178	2.06239
101	180	0.898637
102	30	0.765455
102	39	0.953474
102	66	0.702885
102	106	0.718666
102	126	1.10421
102	127	0.473985
102	132	1.14025
102	136	0.751951
102	140	0.664471
102	156	1.11165
102	158	1.12419
102	160	1.1483
102	161	0.374429
102	162	1.07829
102	165	1.07189
102	168	1.0138
102	169	1.02868
102	171	1.01872
102	172	0.982203
102	174	0.997249
102	175	1.02008
102	177	0.971233
102	178	0.977553
102	179	0.998275
103	9	0.941266
103	20	1.01242
103	33	1.11061
103	47	1.16537
103	51	1.06581
103	61	1.03222
103	74	1.06392
103	81	0.673705
103	106	0.869833
103	112	0.708078
103	114	1.00795
103	115	1.01664
103	118	1.04466
103	123	1.00938
103	125	0.996284
103	127	0.625152
103	133	0.802436
103	140	0.999057
103	152	1.02344
103	171	0.90811
103	174	0.886641
103	177	0.860624
103	178	0.866945
103	179	0.887666
104	36	1.09212
104	63	1.01456
104	64	0.906672
104	87	1.01575
104	107	0.979726
104	108	0.98229
104	109	0.959639
104	113	0.982149
104	114	0.978588
104	115	0.987276
104	116	0.9732
104	117	1.09269
104	118	1.01529
104	123	0.980009
104	125	0.966918
104	131	1.25851
104	137	0.987465
104	138	1.20581
104	140	0.969691
104	150	0.908932
104	156	1.22304
104	161	1.02222
104	174	1.93007
104	180	1.69168
105	17	1.28484
105	20	0.966105
105	34	0.942929
105	43	0.942123
105	51	1.0195
105	74	1.01761
105	82	1.38884
105	90	0.957618
105	107	0.962781
105	114	0.961643
105	118	0.998349
105	119	0.934976
105	123	0.963065
105	125	0.949973
105	127	0.878838
105	137	0.970521
105	146	0.946409
105	151	1.02502
105	162	0.921367
105	168	0.856882
105	171	0.861799
105	175	0.863156
105	177	0.814313
105	179	0.841355
106	4	1.05403
106	7	1.06007
106	30	1.02541
106	39	0.981935
106	58	0.956769
106	66	0.986781
106	68	0.993281
106	71	0.971908
106	102	0.718666
106	103	0.869833
106	112	0.968289
106	121	0.977515
106	124	0.954785
106	127	0.995295
106	128	0.974695
106	131	1.19781
106	142	1.19798
106	145	1.03725
106	146	0.9607
106	151	1.0156
106	156	1.16234
106	172	2.08114
106	173	1.73885
106	180	0.877913
107	24	0.776922
107	36	1.0957
107	72	0.936626
107	87	1.01933
107	96	1.14881
107	104	0.979726
107	105	0.962781
107	108	0.985871
107	109	0.963221
107	113	0.98573
107	114	0.982169
107	115	0.990857
107	116	0.976782
107	118	1.01888
107	123	0.983591
107	125	0.970499
107	140	0.973273
107	142	0.972106
107	150	0.912514
107	152	1.29094
107	159	1.45291
107	160	1.2164
107	161	1.02581
107	180	1.79549
108	63	1.02071
108	87	1.02189
108	104	0.98229
108	107	0.985871
108	109	0.965785
108	111	0.978118
108	113	0.988294
108	114	0.984733
108	115	0.993421
108	116	0.979346
108	118	1.02144
108	123	0.986155
108	125	0.973063
108	135	0.923616
108	137	0.993611
108	140	0.975837
108	142	0.97467
108	147	1.31521
108	150	0.915078
108	159	1.36505
108	160	1.12855
108	161	1.02837
108	170	1.62681
108	177	2.30372
109	36	1.07562
109	63	0.998058
109	87	0.999241
109	95	0.78961
109	104	0.959639
109	107	0.963221
109	108	0.965785
109	113	0.965644
109	114	0.962083
109	115	0.970771
109	116	0.956695
109	118	0.998789
109	119	0.935416
109	123	0.963505
109	125	0.950413
109	137	0.97096
109	138	1.1949
109	142	0.95202
109	144	1.2557
109	150	0.892428
109	152	1.17623
109	161	1.00572
109	166	1.27927
109	167	2.03038
109	174	1.91917
110	29	0.898567
110	56	1.06417
110	65	0.984877
110	78	0.963483
110	82	0.933868
110	85	0.953278
110	86	1.01567
110	92	1.05307
110	93	0.978699
110	99	0.937679
110	100	1.00495
110	101	1.00521
110	122	1.12327
110	132	1.18078
110	144	1.27113
110	150	0.919926
110	151	1.02925
110	153	1.47921
110	158	1.19087
110	161	1.03322
110	168	1.8141
110	170	0.909669
110	176	0.901735
110	179	1.93562
110	180	0.89156
111	36	0.909849
111	52	0.848729
111	69	1.02417
111	82	1.16678
111	93	1.13398
111	101	0.846316
111	108	0.978118
111	123	0.833301
111	129	1.03679
111	131	1.08312
111	141	1.06409
111	156	1.05821
111	157	1.01565
111	158	1.07075
111	164	0.995678
111	165	1.01844
111	166	1.04411
111	168	0.960358
111	169	0.97524
111	171	0.965276
111	172	0.92876
111	173	0.967934
111	174	0.943806
111	175	0.966632
111	177	0.91779
111	178	0.92411
111	179	0.944832
112	4	1.05149
112	7	1.05752
112	18	1.13918
112	30	1.02286
112	39	0.979387
112	58	0.95422
112	66	0.984233
112	68	0.990733
112	88	0.892383
112	98	0.975199
112	103	0.708078
112	106	0.968289
112	121	0.974967
112	124	0.952237
112	127	0.992747
112	128	0.972146
112	133	1.01404
112	138	0.983357
112	143	0.984027
112	145	1.0347
112	146	0.958152
112	154	0.950974
112	157	1.28283
112	167	1.81883
112	175	1.55598
112	177	2.06531
112	180	0.875365
113	10	0.993165
113	36	1.09812
113	63	1.02057
113	87	1.02175
113	104	0.982149
113	107	0.98573
113	108	0.988294
113	109	0.965644
113	114	0.984592
113	115	0.993281
113	116	0.979205
113	118	1.0213
113	122	0.838504
113	123	0.986014
113	125	0.972923
113	126	1.08237
113	134	1.57743
113	137	0.99347
113	140	0.975696
113	142	0.97453
113	150	0.914937
113	160	0.832354
113	161	1.02823
113	170	1.33061
113	172	1.8616
113	177	2.00753
113	180	1.41144
114	36	1.09456
114	63	1.01701
114	87	1.01819
114	103	1.00795
114	104	0.978588
114	105	0.961643
114	107	0.982169
114	108	0.984733
114	109	0.962083
114	113	0.984592
114	115	0.989719
114	116	0.975644
114	118	1.01774
114	123	0.982453
114	125	0.969361
114	137	0.989909
114	140	0.972135
114	142	0.970968
114	147	0.978364
114	153	1.15379
114	154	0.852533
114	161	1.02467
114	163	1.48269
114	167	1.72039
114	172	1.82095
114	174	1.60918
114	180	1.37078
115	23	1.52606
115	36	1.10325
115	63	1.02569
115	72	0.557879
115	87	1.02688
115	89	0.908224
115	103	1.01664
115	104	0.987276
115	107	0.990857
115	108	0.993421
115	109	0.970771
115	113	0.993281
115	114	0.989719
115	116	0.984332
115	118	1.02643
115	119	0.963053
115	123	0.991141
115	125	0.97805
115	140	0.980823
115	148	1.00056
115	150	0.920064
115	160	0.837658
115	161	1.03336
115	162	1.10986
115	163	1.52865
115	174	1.65514
115	177	2.01283
116	10	0.984217
116	36	1.08918
116	63	1.01162
116	87	1.0128
116	89	0.894148
116	104	0.9732
116	107	0.976782
116	108	0.979346
116	109	0.956695
116	113	0.979205
116	114	0.975644
116	115	0.984332
116	118	1.01235
116	119	0.948977
116	123	0.977066
116	125	0.963974
116	140	0.966747
116	142	0.965581
116	143	1.03533
116	150	0.905989
116	155	1.48932
116	157	1.35945
116	159	1.20327
116	161	1.01928
116	166	1.14435
116	168	1.66375
116	176	1.54408
116	179	1.78527
117	4	1.15613
117	67	0.738419
117	68	0.889382
117	78	1.35646
117	83	1.03398
117	99	1.14415
117	104	1.09269
117	138	1.04848
117	139	0.991039
117	148	1.05047
117	151	0.933486
117	152	1.04198
117	153	1.01365
117	154	1.06811
117	158	1.03212
117	162	0.986224
117	164	0.957057
117	165	0.979823
117	166	1.00549
117	168	0.921738
117	169	0.93662
117	171	0.926655
117	172	0.890139
117	174	0.905186
117	175	0.928012
117	177	0.879169
117	178	0.88549
117	179	0.906211
117	180	0.928478
118	54	0.528935
118	63	1.05371
118	87	1.0549
118	89	0.936242
118	103	1.04466
118	104	1.01529
118	105	0.998349
118	107	1.01888
118	108	1.02144
118	109	0.998789
118	113	1.0213
118	114	1.01774
118	115	1.02643
118	116	1.01235
118	119	0.991071
118	123	1.01916
118	125	1.00607
118	131	1.04696
118	137	1.02662
118	142	1.00767
118	150	0.948082
118	156	1.01149
118	157	1.29373
118	160	0.901041
118	161	1.06137
118	171	1.63605
118	175	1.56688
118	176	1.47836
118	177	2.07621
119	15	0.975195
119	20	1.52843
119	23	0.891625
119	25	1.38341
119	30	1.00384
119	38	1.29633
119	51	0.892752
119	65	1.24215
119	68	0.971712
119	92	1.38173
119	105	0.934976
119	109	0.935416
119	115	0.963053
119	116	0.948977
119	118	0.991071
119	121	0.955945
119	123	0.955786
119	124	0.933216
119	125	0.942695
119	127	0.973725
119	128	0.953125
119	148	0.978335
119	162	0.914089
119	169	0.864485
119	171	0.854521
119	172	0.818005
119	174	0.833051
119	178	0.813355
119	180	0.856343
120	35	1.18799
120	45	1.24075
120	70	1.19301
120	74	1.43284
120	79	1.5112
120	121	1.48487
120	134	0.880237
120	138	0.981805
120	146	0.944589
120	147	0.973756
120	149	0.92932
120	152	0.975305
120	156	0.952912
120	157	0.910351
120	164	0.890382
120	165	0.913147
120	166	0.938818
120	167	0.850243
120	168	0.855062
120	169	0.869944
120	171	0.859979
120	172	0.823464
120	173	0.862638
120	174	0.83851
120	175	0.861336
120	177	0.812493
120	178	0.818814
120	179	0.839535
121	4	1.06071
121	7	1.06675
121	18	1.1484
121	30	1.03209
121	39	0.988613
121	58	0.963446
121	66	0.993459
121	68	0.999959
121	71	0.978585
121	88	0.970072
121	98	0.984425
121	106	0.977515
121	112	0.974967
121	119	0.955945
121	120	1.48487
121	124	0.961463
121	127	1.00197
121	128	0.981372
121	135	0.762896
121	142	1.11391
121	143	0.993253
121	145	1.04393
121	146	0.967378
121	151	1.02228
121	155	1.49038
121	159	1.20433
121	162	1.24003
121	166	1.14542
121	178	2.03347
121	180	0.884591
122	4	1.18219
122	14	0.722522
122	41	1.27093
122	57	1.16547
122	66	1.04226
122	77	0.880867
122	91	1.074
122	110	1.12327
122	113	0.838504
122	141	1.04819
122	148	1.07319
122	149	1.01871
122	152	1.0647
122	157	0.999745
122	158	1.05484
122	159	1.02118
122	160	1.07896
122	162	1.00894
122	165	1.00254
122	166	1.02821
122	167	0.939637
122	168	0.944456
122	169	0.959338
122	171	0.949373
122	172	0.912857
122	173	0.952032
122	174	0.927904
122	175	0.95073
122	177	0.901887
122	178	0.908208
122	179	0.928929
123	36	1.09599
123	63	1.01843
123	64	0.777809
123	87	1.01961
123	89	0.900957
123	103	1.00938
123	104	0.980009
123	105	0.963065
123	107	0.983591
123	108	0.986155
123	109	0.963505
123	111	0.833301
123	113	0.986014
123	114	0.982453
123	115	0.991141
123	116	0.977066
123	118	1.01916
123	119	0.955786
123	125	0.970783
123	137	0.991331
123	140	0.973556
123	141	1.13665
123	142	0.97239
123	149	1.37021
123	150	0.912798
123	152	1.05827
123	154	1.04457
123	161	1.02609
123	163	1.67472
123	167	1.91243
123	172	2.01298
124	4	1.03798
124	7	1.04402
124	12	1.1125
124	18	1.12567
124	24	0.627549
124	30	1.00936
124	39	0.965883
124	58	0.940717
124	66	0.970729
124	68	0.97723
124	71	0.955856
124	88	1.06927
124	106	0.954785
124	112	0.952237
124	119	0.933216
124	121	0.961463
124	127	0.979243
124	128	0.958643
124	130	0.996402
124	133	1.00054
124	141	1.21995
124	143	0.970523
124	145	1.0212
124	146	0.944648
124	150	1.39655
124	151	0.999549
124	152	1.14157
124	171	1.80203
124	174	1.88451
124	176	1.64435
124	180	0.861861
125	10	0.977934
125	36	1.08289
125	63	1.00534
125	87	1.00652
125	89	0.887866
125	103	0.996284
125	104	0.966918
125	105	0.949973
125	107	0.970499
125	108	0.973063
125	109	0.950413
125	113	0.972923
125	114	0.969361
125	115	0.97805
125	116	0.963974
125	118	1.00607
125	119	0.942695
125	123	0.970783
125	131	1.23701
125	132	1.15476
125	137	0.978239
125	140	0.960465
125	142	0.959298
125	143	1.15967
125	146	1.10156
125	150	0.899706
125	160	1.0911
125	161	1.013
125	163	1.78209
125	176	1.66842
125	179	1.9096
125	180	1.67018
126	28	1.11196
126	38	1.18094
126	60	1.34576
126	85	1.55748
126	97	1.23921
126	102	1.10421
126	113	1.08237
126	129	0.938341
126	130	1.03869
126	137	1.11505
126	138	0.988656
126	139	0.931215
126	152	0.982157
126	153	0.953827
126	157	0.917202
126	160	0.996416
126	164	0.897233
126	165	0.919999
126	166	0.94567
126	167	0.857095
126	168	0.861914
126	169	0.876795
126	171	0.866831
126	172	0.830315
126	173	0.86949
126	174	0.845362
126	175	0.868188
126	177	0.819345
126	178	0.825666
126	179	0.846387
127	4	1.07849
127	7	1.08453
127	18	1.16618
127	30	1.04987
127	39	1.00639
127	58	0.981226
127	66	1.01124
127	68	1.01774
127	71	0.996366
127	98	1.00221
127	102	0.473985
127	103	0.625152
127	105	0.878838
127	106	0.995295
127	112	0.992747
127	119	0.973725
127	121	1.00197
127	124	0.979243
127	128	0.999152
127	133	1.04105
127	143	1.01103
127	145	1.06171
127	146	0.985158
127	151	1.04006
127	153	1.16931
127	162	1.07941
127	163	1.49821
127	164	1.43074
127	172	1.83646
127	173	1.49417
127	179	1.62572
127	180	0.902371
128	4	1.05789
128	7	1.06393
128	12	1.13241
128	18	1.14558
128	30	1.02927
128	39	0.985792
128	58	0.960626
128	66	0.990638
128	68	0.997139
128	71	0.975765
128	98	0.981605
128	106	0.974695
128	112	0.972146
128	119	0.953125
128	121	0.981372
128	124	0.958643
128	127	0.999152
128	133	1.02045
128	141	1.13985
128	143	0.990433
128	145	1.04111
128	146	0.964557
128	148	1.14983
128	151	1.01946
128	152	1.06147
128	154	1.04776
128	158	1.06069
128	159	1.22343
128	169	1.55175
128	170	1.48519
128	171	1.72193
128	178	2.05257
128	180	0.88177
129	14	1.21433
129	28	1.3599
129	34	1.36926
129	67	1.25629
129	73	1.50272
129	90	1.38395
129	96	0.967369
129	111	1.03679
129	126	0.938341
129	130	1.02471
129	133	1.48246
129	144	0.952056
129	155	0.872105
129	157	0.903224
129	159	0.92466
129	162	0.912421
129	164	0.883255
129	165	0.906021
129	166	0.931691
129	167	0.843117
129	168	0.847935
129	169	0.862817
129	170	0.872785
129	171	0.852853
129	172	0.816337
129	173	0.855511
129	174	0.831383
129	175	0.85421
129	176	0.86485
129	177	0.805367
129	178	0.811687
129	179	0.832409
129	180	0.854676
130	9	1.0527
130	74	0.845176
130	89	0.971553
130	92	0.945697
130	98	0.934796
130	99	1.09343
130	100	1.02073
130	124	0.996402
130	126	1.03869
130	129	1.02471
130	133	0.913869
130	138	1.07503
130	141	1.05202
130	145	0.702211
130	152	1.06853
130	155	0.972457
130	158	1.05867
130	159	1.02501
130	160	1.08279
130	161	0.637029
130	162	1.01277
130	164	0.983607
130	165	1.00637
130	166	1.03204
130	168	0.948288
130	171	0.953205
130	172	0.916689
130	173	0.955864
130	174	0.931736
130	175	0.954562
130	177	0.905719
130	178	0.91204
130	179	0.932761
130	180	0.955028
131	2	0.97278
131	3	1.24269
131	36	1.20619
131	64	1.01364
131	71	1.10078
131	100	1.23727
131	104	1.25851
131	106	1.19781
131	111	1.08312
131	118	1.04696
131	125	1.23701
131	134	0.919445
131	141	0.997999
131	144	0.998391
131	154	1.04064
131	155	0.918439
131	157	0.949559
131	158	1.00466
131	159	0.970994
131	160	1.02877
131	162	0.958756
131	164	0.92959
131	165	0.952355
131	166	0.978026
131	167	0.889451
131	168	0.89427
131	169	0.909152
131	171	0.899187
131	172	0.862672
131	173	0.901846
131	174	0.877718
131	175	0.900544
131	177	0.851702
131	178	0.858022
131	179	0.878744
132	28	0.925608
132	55	1.22065
132	69	1.23827
132	98	1.06909
132	100	1.15502
132	102	1.14025
132	110	1.18078
132	125	1.15476
132	138	1.0247
132	140	1.06137
132	148	1.02669
132	149	0.972214
132	152	1.0182
132	155	0.922126
132	157	0.953245
132	159	0.974681
132	160	1.03246
132	161	0.771325
132	162	0.962442
132	163	0.898367
132	164	0.933276
132	165	0.956042
132	166	0.981713
132	167	0.893138
132	168	0.897957
132	169	0.912838
132	171	0.902874
132	172	0.866358
132	173	0.905533
132	174	0.881405
132	175	0.904231
132	177	0.855388
132	178	0.861709
132	179	0.88243
132	180	0.904697
133	8	0.95259
133	17	0.960727
133	38	1.11583
133	41	1.02266
133	52	0.970013
133	59	1.05164
133	66	1.03254
133	67	1.11067
133	68	1.03904
133	70	1.09408
133	75	0.996017
133	77	1.06839
133	79	0.982326
133	80	1.0547
133	90	1.10782
133	96	0.916907
133	103	0.802436
133	112	1.01404
133	124	1.00054
133	127	1.04105
133	128	1.02045
133	129	1.48246
133	130	0.913869
133	135	0.779565
133	136	0.991404
133	139	1.24443
133	145	1.08301
133	155	1.50705
133	156	1.09494
133	159	1.221
133	163	0.917339
133	165	1.30066
133	175	1.65034
133	176	0.933843
133	180	0.923669
134	65	1.62182
134	86	1.76396
134	89	0.819949
134	99	1.90914
134	101	1.74182
134	113	1.57743
134	120	0.880237
134	131	0.919445
134	138	0.923426
134	139	0.865984
134	141	0.900412
134	145	1.51792
134	149	0.870941
134	153	0.888596
134	154	0.943053
134	157	0.851972
134	158	0.90707
134	159	0.873407
134	160	0.931185
134	162	0.861169
134	164	0.832002
134	165	0.854768
134	166	0.880439
134	167	0.791864
134	168	0.796683
134	169	0.811565
134	171	0.8016
134	172	0.765084
134	173	0.804259
134	174	0.780131
134	175	0.802957
134	176	0.813598
134	177	0.754114
134	178	0.760435
134	179	0.781156
135	40	0.928159
135	75	1.08987
135	76	1.15557
135	78	1.17144
135	86	0.813947
135	91	0.862914
135	93	1.07948
135	108	0.923616
135	121	0.762896
135	133	0.779565
135	136	0.880247
135	139	1.03377
135	144	1.06859
135	147	1.08317
135	150	0.999578
135	152	1.08472
135	153	1.05639
135	154	1.11084
135	155	0.988641
135	156	1.06232
135	158	1.07486
135	159	1.0412
135	162	1.02896
135	164	0.999791
135	166	1.04823
135	167	0.959653
135	168	0.964472
135	169	0.979354
135	171	0.969389
135	172	0.932873
135	173	0.972048
135	174	0.94792
135	175	0.970746
135	177	0.921903
135	178	0.928224
135	179	0.948945
136	1	1.03228
136	5	1.0263
136	6	1.02533
136	8	0.881646
136	22	0.989908
136	32	0.975835
136	40	0.935367
136	44	0.948904
136	46	0.949766
136	48	0.952235
136	62	0.957457
136	67	1.03972
136	70	1.02313
136	72	0.805403
136	73	1.0196
136	77	0.997448
136	78	0.924647
136	79	0.911381
136	81	0.990508
136	84	0.98711
136	97	0.983571
136	102	0.751951
136	133	0.991404
136	135	0.880247
136	137	0.959623
136	142	0.940683
136	143	0.961387
136	148	1.24808
136	151	0.990412
136	157	1.47787
136	158	1.15894
136	170	0.870834
136	172	2.11443
136	174	1.90266
136	176	0.862899
