1	59	0.934583
1	94	1.03195
1	117	1.04014
1	126	1.04909
1	130	0.954424
1	144	1.0778
1	145	1.08019
1	160	1.01131
1	163	1.05408
1	166	1.04224
1	175	1.12045
1	179	1.0227
2	9	0.861498
2	35	0.932335
2	39	0.950457
2	47	0.909464
2	69	0.977245
2	82	0.917951
2	88	0.892262
2	141	1.40458
2	150	0.951441
2	152	1.2577
2	167	1.01483
2	179	1.26076
3	64	0.897437
3	68	1.00443
3	89	0.968961
3	92	0.892755
3	138	0.951645
3	147	0.947249
3	151	0.958791
3	158	1.27614
3	162	1.41029
3	171	1.23748
3	174	0.860472
3	178	0.920625
4	10	0.992304
4	19	0.990736
4	24	1.12452
4	27	0.999011
4	41	1.09087
4	43	0.701472
4	49	1.051
4	56	1.05104
4	127	0.963169
4	139	1.1025
4	142	0.991839
4	165	1.37727
5	14	1.39902
5	141	0.956495
5	143	1.02571
5	144	0.915384
5	149	0.922204
5	161	0.971578
5	164	0.894476
5	169	0.907897
5	175	0.923827
5	177	0.929751
5	178	0.982534
5	180	0.868229
6	44	0.91635
6	50	1.20811
6	110	1.34763
6	121	0.936749
6	123	0.920069
6	129	0.898575
6	145	0.949508
6	159	0.935787
6	166	0.911558
6	172	1.03916
6	175	1.36524
6	179	0.892022
7	36	1.04952
7	48	1.03087
7	94	1.04025
7	96	1.0514
7	146	1.07
7	148	0.914047
7	149	1.0413
7	163	1.06238
7	166	1.05054
7	168	1.00629
7	173	1.06731
7	178	1.0484
8	10	0.981007
8	24	1.11322
8	27	0.987714
8	41	1.07957
8	49	1.03971
8	56	1.03974
8	78	1.06957
8	127	0.94524
8	132	0.932019
8	139	1.0912
8	140	1.04407
8	153	1.11163
9	2	0.861498
9	26	0.951707
9	34	0.935442
9	39	0.953953
9	47	0.91296
9	82	0.921447
9	88	0.895758
9	105	1.00676
9	150	0.954937
9	167	1.01832
9	179	1.24501
9	180	1.6644
10	4	0.992304
10	8	0.981007
10	24	0.971254
10	27	0.845748
10	41	0.937608
10	49	0.89774
10	56	0.897773
10	78	0.927603
10	116	1.22615
10	136	1.36385
10	139	0.949234
10	176	1.33384
11	23	0.9573
11	30	0.962801
11	45	1.02313
11	70	1.07436
11	73	1.06782
11	75	1.1118
11	81	1.04064
11	86	1.10435
11	165	1.17598
11	172	1.17215
11	177	0.933213
11	179	0.804765
12	36	1.14525
12	37	1.07393
12	73	1.06142
12	127	0.972931
12	152	0.967825
12	162	0.89689
12	167	1.04515
12	168	0.90891
12	169	0.891215
12	175	0.907144
12	176	0.956365
12	180	0.851547
13	21	1.09216
13	23	0.955138
13	30	0.96064
13	45	1.02097
13	73	1.06566
13	81	1.03847
13	86	1.10219
13	90	1.13463
13	107	1.01186
13	134	0.875021
13	152	0.997971
13	172	1.16999
14	5	1.39902
14	29	1.14509
14	99	0.968446
14	111	0.951005
14	112	0.951055
14	128	0.894621
14	134	1.2676
14	138	0.915596
14	147	0.9112
14	151	0.922742
14	170	0.995337
14	178	0.884576
15	27	0.878421
15	49	0.930413
15	56	0.930446
15	106	0.919925
15	139	0.981906
15	147	0.964614
15	151	0.976157
15	164	1.49428
15	174	0.877838
15	175	1.30455
15	176	1.12345
15	178	0.937991
16	73	0.777204
16	85	0.761216
16	86	0.855686
16	138	0.791386
16	161	1.08846
16	162	1.03046
16	168	1.04248
16	171	1.07232
16	175	1.04071
16	176	1.08993
16	177	1.04664
16	180	0.985114
17	21	0.917634
17	49	1.18881
17	129	1.17043
17	130	0.983311
17	136	0.976064
17	137	0.975995
17	156	0.962774
17	162	0.902426
17	165	0.885143
17	169	0.896751
17	176	0.961901
17	180	0.857083
18	55	0.916677
18	95	0.90974
18	111	0.969688
18	112	0.969738
18	140	1.21178
18	147	0.929883
18	151	0.941426
18	169	1.42525
18	170	1.01402
18	174	0.843107
18	177	1.28428
18	178	0.90326
19	4	0.990736
19	41	0.93604
19	74	1.19982
19	95	0.910231
19	102	0.956321
19	111	0.970179
19	112	0.970229
19	139	0.947665
19	142	1.20414
19	170	1.01451
19	176	1.21527
20	74	0.808879
20	121	1.05227
20	129	1.01409
20	131	1.01472
20	132	0.771303
20	144	1.06263
20	145	1.06503
20	165	1.19863
20	166	1.02708
20	172	1.15468
20	179	1.00754
20	180	1.2468
21	13	1.09216
21	17	0.917634
21	23	0.938401
21	45	1.00423
21	70	1.05547
21	73	1.04892
21	75	1.06569
21	81	1.02174
21	86	1.08545
21	157	0.924446
21	172	1.15325
21	173	1.01394
22	61	1.33605
22	87	0.85633
22	95	0.88175
22	99	0.95914
22	101	0.983573
22	102	0.927841
22	111	0.941698
22	112	0.941748
22	139	0.919185
22	158	1.42062
22	167	1.15693
22	170	0.986031
23	11	0.9573
23	13	0.955138
23	21	0.938401
23	45	0.867211
23	70	0.918444
23	73	0.911903
23	81	0.884716
23	86	0.94843
23	168	1.41651
23	171	1.28403
23	172	1.01623
23	179	1.22224
24	4	1.12452
24	8	1.11322
24	10	0.971254
24	27	0.977961
24	33	0.834198
24	41	1.06982
24	49	1.02995
24	56	1.02999
24	58	0.86084
24	139	1.08145
24	162	1.09875
24	165	1.23538
25	34	1.0383
25	35	1.03869
25	69	1.0836
25	78	1.04344
25	82	1.02431
25	88	0.998617
25	124	1.06126
25	148	1.02395
25	150	1.0578
25	158	1.02237
25	167	1.12118
25	179	0.921929
26	9	0.951707
26	88	0.982471
26	91	0.707776
26	102	1.05758
26	111	1.07144
26	112	1.07149
26	141	1.0306
26	150	1.04165
26	167	1.10504
26	169	1.1562
26	170	1.11577
26	173	1.14207
27	4	0.999011
27	8	0.987714
27	10	0.845748
27	15	0.878421
27	24	0.977961
27	41	0.944315
27	49	0.904446
27	56	0.90448
27	108	1.22716
27	139	0.95594
27	177	1.41095
27	179	1.28251
28	91	1.23429
28	97	0.94138
28	106	0.905696
28	120	0.962742
28	128	0.933807
28	138	0.954782
28	147	0.950386
28	151	0.961928
28	161	1.44318
28	167	1.25004
28	174	0.86361
28	178	0.923763
29	14	1.14509
29	89	0.787664
29	101	0.620784
29	103	1.05758
29	135	1.07156
29	151	0.723129
29	163	1.09718
29	164	1.01587
29	166	1.08534
29	169	1.02929
29	177	1.05115
29	180	0.989624
30	11	0.962801
30	13	0.96064
30	45	0.872713
30	57	1.09914
30	59	0.89477
30	70	0.923945
30	73	0.917404
30	76	1.30144
30	81	0.890217
30	86	0.953931
30	172	1.02173
30	180	1.52061
31	76	1.14668
31	106	1.03271
31	114	1.04103
31	119	1.04309
31	120	1.08975
31	128	1.06082
31	143	0.897019
31	151	1.08894
31	167	0.783213
31	173	1.20176
31	174	0.99062
31	178	1.05077
32	44	0.926178
32	94	0.9111
32	113	0.89859
32	122	0.950043
32	126	0.928237
32	137	1.2059
32	156	1.22661
32	163	0.933227
32	166	0.921387
32	170	1.03001
32	174	1.48994
32	179	0.90185
33	24	0.834198
33	99	0.784863
33	103	1.03289
33	155	1.08345
33	162	0.999013
33	164	0.979916
33	166	0.929206
33	169	0.993337
33	173	1.0039
33	175	1.00927
33	176	1.05849
33	177	1.01519
33	180	0.953669
34	9	0.935442
34	25	1.0383
34	39	1.0244
34	47	0.983408
34	69	1.05119
34	82	0.991895
34	88	0.966207
34	150	1.02539
34	156	0.928012
34	160	0.979256
34	167	1.08877
34	175	1.08839
34	180	1.32976
35	2	0.932335
35	25	1.03869
35	39	1.02479
35	47	0.983797
35	61	1.04458
35	69	1.05158
35	82	0.992284
35	88	0.966595
35	137	1.02565
35	150	1.02577
35	167	1.08916
35	168	1.22299
35	179	1.02872
36	7	1.04952
36	12	1.14525
36	70	1.00467
36	73	0.99813
36	81	0.970943
36	86	1.03466
36	100	0.94638
36	156	1.03849
36	160	1.08973
36	163	0.986694
36	166	0.974854
36	172	1.10245
36	178	0.972715
37	12	1.07393
37	89	1.04544
37	114	0.987356
37	120	1.03608
37	128	1.00714
37	138	1.02812
37	147	1.02372
37	151	1.03527
37	154	0.994078
37	168	1.14379
37	171	1.0113
37	174	0.936947
37	178	0.9971
38	87	0.934107
38	93	1.10028
38	95	0.959528
38	99	1.03692
38	101	1.06135
38	102	1.00562
38	111	1.01948
38	112	1.01953
38	139	0.996963
38	158	1.06499
38	159	0.917865
38	170	1.06381
38	174	1.24553
39	2	0.950457
39	9	0.953953
39	34	1.0244
39	35	1.02479
39	47	1.00192
39	82	1.01041
39	88	0.984717
39	90	1.2204
39	98	0.938039
39	150	1.0439
39	167	1.10728
39	176	1.08371
39	179	1.0868
40	88	1.85089
40	112	1.83094
40	113	0.82494
40	117	0.845639
40	136	0.871007
40	146	0.867196
40	155	0.881806
40	160	0.844493
40	164	0.778272
40	165	0.780085
40	166	0.847737
40	175	0.807623
40	180	0.752026
41	4	1.09087
41	8	1.07957
41	10	0.937608
41	19	0.93604
41	24	1.06982
41	27	0.944315
41	49	0.996307
41	56	0.99634
41	90	1.07842
41	136	0.971748
41	139	1.0478
41	156	0.962464
41	164	1.31257
42	87	0.934107
42	95	0.959528
42	99	1.03692
42	101	1.06135
42	102	1.00562
42	108	1.02692
42	111	1.01948
42	112	1.01953
42	139	0.996963
42	152	1.0792
42	170	1.06381
42	171	1.14405
42	176	1.07918
43	4	0.701472
43	54	0.845437
43	65	1.13978
43	69	0.705137
43	102	0.620669
43	119	0.895477
43	160	1.10168
43	163	1.11676
43	166	1.10492
43	173	1.05944
43	175	1.06481
43	176	1.11403
43	179	1.08538
43	180	1.00921
44	6	0.91635
44	32	0.926178
44	100	1.10936
44	131	0.968305
44	135	0.966888
44	144	1.01622
44	160	1.25271
44	163	0.992506
44	166	0.980666
44	167	1.02058
44	170	1.08929
44	171	1.24561
44	178	0.978527
44	179	0.96113
45	11	1.02313
45	13	1.02097
45	21	1.00423
45	23	0.867211
45	30	0.872713
45	70	0.984276
45	73	0.977735
45	81	0.950548
45	86	1.01426
45	100	1.17139
45	105	1.00761
45	159	1.19917
45	172	1.08206
45	179	1.24586
46	93	0.917096
46	117	1.38639
46	124	0.908689
46	155	0.951527
46	158	0.900772
46	163	1.31896
46	168	0.87911
46	169	0.861415
46	172	1.17083
46	173	0.871977
46	175	0.877344
46	176	0.926565
46	177	0.883269
46	180	0.821747
47	2	0.909464
47	9	0.91296
47	34	0.983408
47	35	0.983797
47	39	1.00192
47	69	1.02871
47	82	0.969413
47	88	0.943724
47	149	1.21992
47	150	1.0029
47	157	1.15644
47	167	1.06629
47	169	1.26007
47	179	0.990649
48	7	1.03087
48	58	1.07904
48	123	0.964714
48	133	0.999124
48	135	0.942425
48	155	1.07219
48	159	0.980431
48	163	0.968043
48	166	0.956202
48	170	1.06482
48	171	1.14414
48	173	1.33765
48	178	0.954063
48	179	0.936666
49	4	1.051
49	8	1.03971
49	10	0.89774
49	15	0.930413
49	17	1.18881
49	24	1.02995
49	27	0.904446
49	41	0.996307
49	56	0.956472
49	78	0.986302
49	139	1.00793
49	143	0.980377
49	162	1.26442
49	171	1.09161
50	6	1.20811
50	67	0.89686
50	125	1.04925
50	142	1.02679
50	149	0.969663
50	156	1.02138
50	158	0.994713
50	164	0.941934
50	165	0.943747
50	166	0.980058
50	170	0.79198
50	173	0.965918
50	175	0.971285
50	180	0.915688
51	77	1.09864
51	113	1.06764
51	117	1.08834
51	118	1.07919
51	121	1.11562
51	136	0.911814
51	140	0.940835
51	156	0.90253
51	163	1.10227
51	165	1.2561
51	166	1.09043
51	167	0.721635
51	178	1.08829
51	179	1.0709
52	79	0.683406
52	89	0.841614
52	94	0.82838
52	149	1.08398
52	161	1.13336
52	168	1.08737
52	169	1.06968
52	172	0.533956
52	173	1.08024
52	175	1.08561
52	176	1.13483
52	177	1.09153
52	178	0.782564
52	180	1.03001
53	67	1.12647
53	71	1.0651
53	131	1.0531
53	135	1.05168
53	140	0.891957
53	141	0.979833
53	145	1.10341
53	155	0.825841
53	163	1.0773
53	165	1.20723
53	166	1.06546
53	172	1.19306
53	176	0.832925
53	178	1.06332
54	43	0.845437
54	62	1.04511
54	119	0.958549
54	120	1.00521
54	128	0.976275
54	138	0.99725
54	147	0.992854
54	151	1.0044
54	156	1.16766
54	157	0.944319
54	159	1.10334
54	173	1.40531
54	174	0.906077
54	178	0.96623
55	18	0.916677
55	104	1.09051
55	114	0.975268
55	119	0.977331
55	120	1.02399
55	128	0.995057
55	147	1.01164
55	151	1.02318
55	152	1.16405
55	154	1.21166
55	157	0.963101
55	174	0.924859
55	178	0.985013
55	179	1.16711
56	4	1.05104
56	8	1.03974
56	10	0.897773
56	15	0.930446
56	24	1.02999
56	27	0.90448
56	41	0.99634
56	49	0.956472
56	78	0.986335
56	98	1.02585
56	124	1.31393
56	139	1.00797
56	155	1.16444
56	159	1.12792
57	30	1.09914
57	67	0.873888
57	73	0.934928
57	125	1.03352
57	132	1.02876
57	140	1.01034
57	151	0.969557
57	152	1.01624
57	168	0.957323
57	171	0.987162
57	173	0.95019
57	175	0.955557
57	177	0.961481
57	180	0.899959
58	24	0.86084
58	48	1.07904
58	78	1.07502
58	126	0.964276
58	155	1.04929
58	161	1.02286
58	164	0.945753
58	165	0.947566
58	168	0.97687
58	169	0.959175
58	173	0.969737
58	176	1.02432
58	177	0.981028
58	180	0.919507
59	1	0.934583
59	30	0.89477
59	70	1.00633
59	81	0.972605
59	86	1.03632
59	109	1.00927
59	118	1.09749
59	121	0.867796
59	146	0.981319
59	154	0.9824
59	171	0.968007
59	172	1.10412
59	177	0.942327
59	180	0.880805
60	71	1.03159
60	94	1.02167
60	113	1.00916
60	117	1.02985
60	131	1.01959
60	136	1.02686
60	154	1.04449
60	163	1.04379
60	166	1.03195
60	167	0.836679
60	170	1.14057
60	172	1.15955
60	176	0.996846
60	177	1.12838
60	179	1.01242
61	22	1.33605
61	35	1.04458
61	85	0.936889
61	127	1.00598
61	152	1.00087
61	154	0.986189
61	160	0.977061
61	162	0.929937
61	166	0.975035
61	168	0.941957
61	169	0.924262
61	175	0.940191
61	177	0.946116
61	179	0.960769
61	180	0.884594
62	54	1.04511
62	80	0.960012
62	106	1.03241
62	119	1.0428
62	128	1.06052
62	138	1.0815
62	142	0.946689
62	147	1.0771
62	151	1.08864
62	152	0.957847
62	153	1.08441
62	157	1.02857
62	174	0.990325
62	177	1.08936
62	178	1.05048
63	76	1.27349
63	118	0.913347
63	121	0.949786
63	124	1.2126
63	126	0.931445
63	130	1.08527
63	131	0.912234
63	133	0.967516
63	144	0.96015
63	159	0.948823
63	166	0.924594
63	170	1.03322
63	172	1.05219
63	174	1.35425
63	179	0.905058
64	3	0.897437
64	83	0.965259
64	92	0.920537
64	98	1.10515
64	114	0.938663
64	119	0.940725
64	120	0.987386
64	128	0.958452
64	138	0.979427
64	147	0.975031
64	150	1.18749
64	151	0.986573
64	177	1.38236
64	178	0.948407
64	179	1.25391
65	43	1.13978
65	103	0.982978
65	105	0.744506
65	116	0.871978
65	133	1.05366
65	137	0.979687
65	146	1.03019
65	163	1.02258
65	166	1.01074
65	168	1.17703
65	170	1.11936
65	172	1.13834
65	174	1.26373
65	178	1.0086
65	179	0.991199
66	83	0.961656
66	92	0.916934
66	105	1.03357
66	114	0.93506
66	119	0.937123
66	125	1.12178
66	128	0.954849
66	134	1.02925
66	138	0.975824
66	147	0.971428
66	149	1.38453
66	151	0.98297
66	162	1.38985
66	174	0.884651
66	178	0.944805
67	50	0.89686
67	53	1.12647
67	57	0.873888
67	122	1.06554
67	123	1.04539
67	126	1.04373
67	129	1.0239
67	146	1.05634
67	162	1.11056
67	163	1.04872
67	166	1.03688
67	171	0.937756
67	177	1.00442
67	178	1.03474
67	179	1.01735
68	3	1.00443
68	92	1.02753
68	97	1.07302
68	119	1.04772
68	127	0.853929
68	138	1.08642
68	141	1.04064
68	147	1.08203
68	151	1.09357
68	157	1.03349
68	161	0.926705
68	164	1.26456
68	171	0.958602
68	174	0.99525
68	178	1.0554
69	2	0.977245
69	25	1.0836
69	34	1.05119
69	35	1.05158
69	43	0.705137
69	47	1.02871
69	78	1.05633
69	82	1.03719
69	88	1.01151
69	109	0.972896
69	143	0.960275
69	150	1.07068
69	167	1.13407
69	169	1.27914
69	179	1.00972
70	11	1.07436
70	21	1.05547
70	23	0.918444
70	30	0.923945
70	36	1.00467
70	45	0.984276
70	59	1.00633
70	73	1.02897
70	81	1.00178
70	86	1.06549
70	134	0.815367
70	165	1.31259
70	172	1.13329
70	173	1.19667
70	176	0.938292
70	177	1.06983
71	53	1.0651
71	60	1.03159
71	85	1.03309
71	118	0.964266
71	135	0.961735
71	143	0.932657
71	144	1.01107
71	145	1.01346
71	157	1.1479
71	160	1.05099
71	166	0.975513
71	170	1.08413
71	171	1.04389
71	172	1.10311
71	175	1.16012
71	179	0.955977
72	117	0.995906
72	121	1.0232
72	122	1.02666
72	126	1.00485
72	133	1.04093
72	146	1.01746
72	161	0.865674
72	163	1.00984
72	164	1.20353
72	166	0.998004
72	170	1.10663
72	171	0.897571
72	174	1.11677
72	178	0.995865
72	179	0.978468
72	180	1.25518
73	11	1.06782
73	12	1.06142
73	13	1.06566
73	16	0.777204
73	21	1.04892
73	23	0.911903
73	30	0.917404
73	36	0.99813
73	45	0.977735
73	57	0.934928
73	70	1.02897
73	81	0.995239
73	86	1.05895
73	164	1.30476
73	172	1.12675
73	179	0.937013
74	19	1.19982
74	20	0.808879
74	99	0.796291
74	112	0.785621
74	136	1.06809
74	141	1.03737
74	142	1.06021
74	144	0.89144
74	168	1.00647
74	169	0.988772
74	171	1.03631
74	174	0.982523
74	175	1.0047
74	176	1.05392
74	177	1.01063
74	180	0.949104
75	11	1.1118
75	21	1.06569
75	123	1.32843
75	137	0.984679
75	142	0.976874
75	153	0.950196
75	158	0.944793
75	164	0.892014
75	165	0.893827
75	168	0.923131
75	170	1.07813
75	171	0.95297
75	173	0.915998
75	176	0.970585
75	177	0.927289
75	180	0.865768
76	30	1.30144
76	31	1.14668
76	63	1.27349
76	143	1.02681
76	156	0.975024
76	162	0.914676
76	164	0.895579
76	165	0.897392
76	168	0.926696
76	169	0.909001
76	170	0.971305
76	171	0.956535
76	173	0.919563
76	176	0.97415
76	177	0.930854
76	180	0.869333
77	51	1.09864
77	105	0.811505
77	108	0.994409
77	115	1.01599
77	122	1.01274
77	125	1.01627
77	133	1.027
77	142	1.03554
77	145	1.02203
77	146	1.00354
77	163	0.995922
77	166	0.984081
77	170	1.0927
77	178	0.981942
77	179	0.964545
77	180	1.46914
78	8	1.06957
78	10	0.927603
78	25	1.04344
78	49	0.986302
78	56	0.986335
78	58	1.07502
78	69	1.05633
78	82	0.997033
78	88	0.971344
78	100	1.00388
78	104	1.00175
78	139	1.0378
78	150	1.03052
78	167	1.09391
78	176	1.07526
78	179	1.07834
79	52	0.683406
79	87	1.01189
79	95	1.03731
79	99	1.1147
79	101	1.13913
79	102	1.0834
79	111	1.09725
79	112	1.0973
79	139	1.07474
79	142	0.863748
79	152	0.874906
79	168	1.07224
79	170	1.14159
79	173	1.13326
80	62	0.960012
80	120	0.987188
80	121	0.874746
80	126	0.966702
80	140	1.03176
80	154	1.02298
80	158	1.00041
80	161	1.02473
80	163	0.875753
80	164	0.947627
80	169	0.961048
80	171	1.00858
80	173	0.971611
80	176	1.0262
80	177	0.982902
80	179	0.997556
80	180	0.921381
81	11	1.04064
81	13	1.03847
81	21	1.02174
81	23	0.884716
81	30	0.890217
81	36	0.970943
81	45	0.950548
81	59	0.972605
81	70	1.00178
81	73	0.995239
81	86	1.03177
81	93	1.13679
81	137	0.997989
81	143	0.951611
81	172	1.09956
81	177	1.12951
81	180	1.42045
82	2	0.917951
82	9	0.921447
82	25	1.02431
82	34	0.991895
82	35	0.992284
82	39	1.01041
82	47	0.969413
82	69	1.03719
82	78	0.997033
82	88	0.952211
82	137	1.02774
82	142	1.01659
82	150	1.01139
82	160	1.09969
82	164	1.39855
82	167	1.07478
82	171	1.09259
83	64	0.965259
83	66	0.961656
83	97	1.00606
83	114	0.978703
83	119	0.980765
83	120	1.02743
83	127	1.08578
83	128	0.998491
83	132	1.07256
83	138	1.01947
83	143	1.07923
83	147	1.01507
83	151	1.02661
83	154	1.17323
83	158	1.22911
83	174	0.928294
83	178	0.988447
84	103	1.05847
84	107	0.891368
84	109	0.843712
84	113	1.06343
84	118	1.07498
84	122	1.11488
84	129	1.07324
84	135	1.07245
84	150	0.814115
84	158	0.980979
84	159	1.11045
84	160	0.949423
84	163	1.09807
84	165	1.25175
84	166	1.08622
84	178	1.08409
84	179	1.06669
85	16	0.761216
85	61	0.936889
85	71	1.03309
85	110	1.08144
85	113	1.01066
85	123	1.04197
85	126	1.0403
85	129	1.02047
85	132	0.864913
85	135	1.01968
85	144	1.06901
85	145	1.0714
85	146	1.05291
85	160	0.989907
85	163	1.04529
85	166	1.03345
85	169	1.19044
85	172	1.16105
86	11	1.10435
86	13	1.10219
86	16	0.855686
86	21	1.08545
86	23	0.94843
86	30	0.953931
86	36	1.03466
86	45	1.01426
86	59	1.03632
86	70	1.06549
86	73	1.05895
86	81	1.03177
86	130	1.02749
86	134	0.889483
86	136	1.04242
86	159	0.968807
86	172	1.16328
86	177	1.14394
87	22	0.85633
87	38	0.934107
87	42	0.934107
87	79	1.01189
87	95	0.959136
87	99	1.03653
87	101	1.06096
87	102	1.00523
87	111	1.01908
87	112	1.01913
87	139	0.99657
87	149	1.21963
87	153	1.11385
87	169	1.25977
87	170	1.06342
87	171	1.05213
87	179	0.990352
88	2	0.892262
88	9	0.895758
88	25	0.998617
88	26	0.982471
88	34	0.966207
88	35	0.966595
88	39	0.984717
88	40	1.85089
88	47	0.943724
88	69	1.01151
88	78	0.971344
88	82	0.952211
88	148	0.926131
88	150	0.985702
88	161	0.853992
88	167	1.04909
88	169	1.09352
88	174	1.10508
89	3	0.968961
89	29	0.787664
89	37	1.04544
89	52	0.841614
89	97	1.03755
89	100	0.961707
89	114	1.01019
89	119	1.01225
89	120	1.05891
89	128	1.02998
89	138	1.05095
89	147	1.04655
89	151	1.0581
89	157	0.99802
89	173	1.29147
89	174	0.959778
89	175	1.21419
89	176	1.03309
89	178	1.01993
90	13	1.13463
90	39	1.2204
90	41	1.07842
90	99	0.948425
90	123	0.969511
90	135	0.947222
90	145	0.998949
90	151	1.10524
90	154	0.966883
90	158	0.944314
90	160	0.957755
90	163	0.97284
90	164	0.891535
90	165	0.893347
90	166	0.960999
90	167	1.05889
90	177	0.92681
90	179	0.941463
90	180	0.865288
91	26	0.707776
91	28	1.23429
91	95	0.841873
91	97	0.929193
91	133	0.75878
91	141	1.04219
91	152	1.0702
91	153	1.03835
91	159	1.07386
91	165	0.981982
91	169	0.993591
91	171	1.04113
91	174	0.987342
91	175	1.00952
91	176	1.05874
91	177	1.01544
91	178	0.798122
91	179	1.0301
91	180	0.953923
92	3	0.892755
92	64	0.920537
92	66	0.916934
92	68	1.02753
92	106	0.925659
92	107	0.989271
92	109	1.1316
92	114	0.933982
92	120	0.982704
92	128	0.95377
92	138	0.974745
92	147	0.970349
92	148	1.27046
92	151	0.981891
92	159	1.12174
92	165	1.53964
92	174	0.883572
92	178	0.943726
92	179	1.16843
93	38	1.10028
93	46	0.917096
93	81	1.13679
93	130	1.00603
93	136	0.998781
93	138	1.08693
93	144	1.04571
93	156	0.985491
93	158	0.958826
93	160	0.972267
93	163	1.01238
93	164	0.906047
93	168	0.937164
93	169	0.919468
93	171	0.967003
93	173	0.930031
93	175	0.935398
93	176	0.984618
93	180	0.8798
94	1	1.03195
94	7	1.04025
94	32	0.9111
94	52	0.82838
94	60	1.02167
94	107	1.03377
94	117	0.96349
94	118	0.95434
94	129	0.952604
94	133	1.00851
94	144	1.00114
94	145	1.00354
94	150	0.956517
94	163	0.977428
94	166	0.965587
94	168	1.21721
94	169	1.29236
94	170	1.07421
94	172	1.09319
94	175	1.20096
95	18	0.90974
95	19	0.910231
95	22	0.88175
95	38	0.959528
95	42	0.959528
95	79	1.03731
95	87	0.959136
95	91	0.841873
95	99	1.06195
95	101	1.08638
95	102	1.03065
95	111	1.0445
95	112	1.04455
95	139	1.02199
95	143	0.971429
95	161	1.05076
95	168	1.21515
95	170	1.08884
95	176	1.01779
95	180	1.44027
96	7	1.0514
96	103	0.94898
96	113	0.95394
96	115	1.00865
96	121	1.00193
96	122	1.00539
96	126	0.983588
96	144	1.01229
96	145	1.01469
96	146	0.996197
96	148	1.08949
96	153	1.11097
96	154	1.03203
96	155	0.977298
96	163	0.988578
96	166	0.976737
96	170	1.08536
96	174	1.26845
96	175	1.16549
96	178	0.974598
97	28	0.94138
97	68	1.07302
97	83	1.00606
97	89	1.03755
97	91	0.929193
97	114	0.979469
97	119	0.981531
97	120	1.02819
97	128	0.999257
97	138	1.02023
97	147	1.01584
97	151	1.02738
97	152	1.10513
97	155	1.09803
97	156	1.12584
97	157	0.967301
97	171	1.16998
97	174	0.92906
97	178	0.989213
97	179	1.1082
98	39	0.938039
98	56	1.02585
98	64	1.10515
98	108	1.07256
98	117	0.795319
98	123	0.872631
98	130	1.05359
98	131	0.935861
98	148	1.02779
98	149	0.981338
98	154	1.02896
98	161	1.03071
98	164	0.953609
98	165	0.955422
98	174	0.960782
98	175	0.98296
98	176	1.03218
98	177	0.988884
98	179	1.00354
98	180	0.927363
99	14	0.968446
99	22	0.95914
99	33	0.784863
99	38	1.03692
99	42	1.03692
99	74	0.796291
99	79	1.1147
99	87	1.03653
99	90	0.948425
99	95	1.06195
99	101	1.16377
99	102	1.10804
99	110	0.975241
99	111	1.12189
99	112	1.12194
99	139	1.09938
99	159	0.76814
99	169	1.08424
99	170	1.16623
99	173	1.07012
100	36	0.94638
100	44	1.10936
100	45	1.17139
100	78	1.00388
100	89	0.961707
100	135	1.00089
100	140	1.00638
100	152	1.01227
100	153	0.980422
100	155	1.02577
100	156	1.00169
100	160	0.988461
100	164	0.922241
100	167	1.0896
100	169	0.935662
100	171	0.983197
100	173	0.946225
100	175	0.951592
100	176	1.00081
100	177	0.957516
100	180	0.895994
101	22	0.983573
101	29	0.620784
101	38	1.06135
101	42	1.06135
101	79	1.13913
101	87	1.06096
101	95	1.08638
101	99	1.16377
101	102	1.13247
101	111	1.14633
101	112	1.14638
101	124	1.00862
101	139	1.12381
101	159	0.822609
101	167	0.706042
101	168	1.06357
101	170	1.19066
101	173	1.12459
101	177	0.997745
102	19	0.956321
102	22	0.927841
102	26	1.05758
102	38	1.00562
102	42	1.00562
102	43	0.620669
102	79	1.0834
102	87	1.00523
102	95	1.03065
102	99	1.10804
102	101	1.13247
102	111	1.0906
102	112	1.09065
102	139	1.06808
102	155	0.915085
102	162	1.15985
102	165	1.29647
102	170	1.13493
102	175	1.10327
102	176	0.922169
102	179	0.925257
103	29	1.05758
103	33	1.03289
103	65	0.982978
103	84	1.05847
103	96	0.94898
103	108	1.00751
103	123	0.956628
103	126	0.954968
103	131	0.935757
103	135	0.93434
103	144	0.983673
103	145	0.986067
103	146	0.967577
103	157	1.22865
103	158	1.1633
103	163	0.959958
103	166	0.948117
103	172	1.07572
103	174	1.34383
103	176	1.05977
103	178	0.945978
104	55	1.09051
104	78	1.00175
104	110	0.973761
104	113	1.01999
104	116	1.03684
104	123	0.944793
104	127	1.01416
104	131	1.00802
104	137	1.01169
104	156	0.998472
104	158	0.971806
104	163	0.800054
104	165	0.92084
104	167	1.08638
104	168	0.950144
104	171	0.979983
104	173	0.943011
104	176	0.997599
104	177	0.954303
104	179	0.968956
104	180	0.892781
105	9	1.00676
105	45	1.00761
105	65	0.744506
105	66	1.03357
105	77	0.811505
105	118	0.867084
105	122	0.797439
105	138	1.09138
105	146	0.750914
105	147	1.08698
105	151	1.09853
105	157	1.03845
105	158	1.04581
105	160	1.05926
105	167	1.16039
105	168	1.02415
105	169	1.00646
105	174	1.00021
105	175	1.02239
105	178	1.06036
105	180	0.966789
106	15	0.919925
106	28	0.905696
106	31	1.03271
106	62	1.03241
106	92	0.925659
106	107	0.999074
106	114	0.943785
106	119	0.945847
106	120	0.992508
106	128	0.963573
106	132	1.06624
106	138	0.984549
106	147	0.980152
106	151	0.991695
106	157	0.931618
106	159	1.07566
106	168	1.31662
106	174	0.893376
106	176	1.11926
106	178	0.953529
106	179	1.12235
106	180	1.54174
107	13	1.01186
107	84	0.891368
107	92	0.989271
107	94	1.03377
107	106	0.999074
107	111	0.970845
107	122	1.04652
107	134	1.09788
107	138	1.04816
107	142	1.03467
107	147	1.04376
107	151	1.05531
107	157	0.995229
107	158	1.00259
107	165	0.951628
107	170	0.781921
107	172	0.739346
107	173	0.973799
107	174	0.956988
107	175	0.979166
107	176	1.02839
107	178	1.01714
107	180	0.923569
108	27	1.22716
108	42	1.02692
108	77	0.994409
108	98	1.07256
108	103	1.00751
108	120	0.932737
108	124	1.01659
108	125	1.0632
108	136	1.04863
108	140	1.04003
108	160	1.02211
108	161	1.03299
108	164	0.955892
108	165	0.957705
108	169	0.969313
108	170	0.715745
108	171	1.01685
108	172	0.67317
108	174	0.963064
108	175	0.985243
108	176	1.03446
108	177	0.991167
108	180	0.929646
109	59	1.00927
109	69	0.972896
109	84	0.843712
109	92	1.1316
109	122	0.998863
109	125	1.04648
109	134	1.08723
109	142	1.02403
109	143	1.0704
109	146	0.952338
109	152	1.0292
109	154	1.01452
109	158	0.991947
109	160	1.00539
109	162	0.958264
109	163	0.839823
109	168	0.970285
109	170	0.734266
109	171	1.00012
109	176	1.01774
109	177	0.974443
109	179	0.989096
109	180	0.912921
110	6	1.34763
110	85	1.08144
110	99	0.975241
110	104	0.973761
110	138	1.11161
110	148	0.96586
110	151	1.13206
110	155	0.995212
110	156	0.971123
110	158	0.944458
110	160	0.957899
110	161	0.968781
110	162	0.910775
110	165	0.893491
110	167	1.05903
110	169	0.9051
110	170	0.931508
110	171	0.952634
110	173	0.915663
110	175	0.921029
110	176	0.97025
110	177	0.926954
110	180	0.865432
111	14	0.951005
111	18	0.969688
111	19	0.970179
111	22	0.941698
111	26	1.07144
111	38	1.01948
111	42	1.01948
111	79	1.09725
111	87	1.01908
111	95	1.0445
111	99	1.12189
111	101	1.14633
111	102	1.0906
111	107	0.970845
111	112	1.1045
111	125	0.926535
111	139	1.08194
111	150	0.893593
111	157	1.12581
111	159	0.91333
111	167	0.796762
111	169	1.22943
111	170	1.14879
111	177	1.08847
112	14	0.951055
112	18	0.969738
112	19	0.970229
112	22	0.941748
112	26	1.07149
112	38	1.01953
112	40	1.83094
112	42	1.01953
112	74	0.785621
112	79	1.0973
112	87	1.01913
112	95	1.04455
112	99	1.12194
112	101	1.14638
112	102	1.09065
112	111	1.1045
112	139	1.08199
112	148	0.906182
112	159	0.75747
112	167	0.640902
112	169	1.07357
112	170	1.14884
112	171	0.86594
112	175	0.982174
113	32	0.89859
113	40	0.82494
113	51	1.06764
113	60	1.00916
113	84	1.06343
113	85	1.01066
113	96	0.95394
113	104	1.01999
113	121	0.978269
113	122	0.981734
113	123	0.961589
113	129	0.940094
113	133	0.995999
113	135	0.9393
113	144	0.988633
113	145	0.991027
113	156	1.11422
113	159	0.977307
113	162	1.33117
113	163	0.964918
113	166	0.953077
113	167	0.933327
113	174	1.37756
113	175	1.2746
113	176	1.09349
114	31	1.04103
114	37	0.987356
114	55	0.975268
114	64	0.938663
114	66	0.93506
114	83	0.978703
114	89	1.01019
114	92	0.933982
114	97	0.979469
114	106	0.943785
114	119	0.95417
114	120	1.00083
114	127	1.18346
114	128	0.971896
114	132	1.17024
114	138	0.992871
114	142	1.21213
114	147	0.988475
114	151	1.00002
114	155	1.21618
114	159	1.17966
114	167	1.0631
114	174	0.901698
114	178	0.961852
114	179	1.22635
115	77	1.01599
115	96	1.00865
115	117	1.00569
115	118	0.996537
115	125	0.845475
115	126	1.01463
115	130	0.890952
115	131	0.995424
115	133	1.05071
115	135	0.994006
115	141	1.02278
115	144	1.04334
115	145	1.04573
115	146	1.02724
115	149	1.10823
115	155	0.868787
115	159	1.03201
115	163	1.01962
115	164	1.2467
115	166	1.00778
115	168	1.07323
115	170	1.11641
115	172	1.13538
115	179	0.988248
115	180	1.29835
116	10	1.22615
116	65	0.871978
116	104	1.03684
116	121	0.764863
116	122	0.924911
116	131	0.973839
116	132	1.05731
116	141	1.01678
116	145	0.831169
116	147	0.899833
116	150	1.05872
116	152	1.04479
116	153	1.01294
116	154	1.0301
116	158	1.00754
116	164	0.954756
116	165	0.956569
116	167	1.12211
116	168	0.985873
116	169	0.968178
116	170	0.660313
116	171	1.01571
116	173	0.97874
116	176	1.03333
116	177	0.990032
116	180	0.92851
117	1	1.04014
117	40	0.845639
117	46	1.38639
117	51	1.08834
117	60	1.02985
117	72	0.995906
117	94	0.96349
117	98	0.795319
117	115	1.00569
117	122	1.00243
117	129	0.960793
117	131	0.961416
117	133	1.0167
117	135	0.959999
117	140	1.00002
117	144	1.00933
117	145	1.01173
117	146	0.993236
117	153	1.06758
117	155	0.933906
117	162	1.17867
117	163	0.985617
117	164	1.31182
117	166	0.973777
117	170	1.0824
117	177	1.07253
117	178	0.971637
118	51	1.07919
118	59	1.09749
118	63	0.913347
118	71	0.964266
118	84	1.07498
118	94	0.95434
118	105	0.867084
118	115	0.996537
118	121	0.989818
118	122	0.993283
118	126	0.971478
118	131	0.952266
118	142	1.09112
118	144	1.00018
118	145	1.00258
118	150	1.03891
118	152	1.10227
118	155	1.09516
118	157	1.27113
118	159	0.988856
118	160	1.17422
118	163	0.976467
118	166	0.964627
118	170	1.07325
118	172	1.09223
118	178	0.962488
118	179	0.945091
119	31	1.04309
119	43	0.895477
119	54	0.958549
119	55	0.977331
119	62	1.0428
119	64	0.940725
119	66	0.937123
119	68	1.04772
119	83	0.980765
119	89	1.01225
119	97	0.981531
119	106	0.945847
119	114	0.95417
119	120	1.00289
119	128	0.973958
119	138	0.994934
119	140	1.25601
119	147	0.990537
119	150	1.13364
119	151	1.00208
119	154	1.24462
119	157	0.942003
119	159	1.15338
119	161	1.22995
119	167	1.03681
119	174	0.903761
119	178	0.963914
119	179	1.20006
120	28	0.962742
120	31	1.08975
120	37	1.03608
120	54	1.00521
120	55	1.02399
120	64	0.987386
120	80	0.987188
120	83	1.02743
120	89	1.05891
120	92	0.982704
120	97	1.02819
120	106	0.992508
120	108	0.932737
120	114	1.00083
120	119	1.00289
120	124	1.12741
120	128	1.02062
120	138	1.04159
120	147	1.0372
120	150	0.921661
120	151	1.04874
120	157	0.988663
120	159	0.941398
120	161	1.01797
120	164	1.35583
120	168	1.18235
120	174	0.950421
120	176	0.984998
120	178	1.01057
121	6	0.936749
121	20	1.05227
121	51	1.11562
121	59	0.867796
121	63	0.949786
121	72	1.0232
121	80	0.874746
121	96	1.00193
121	113	0.978269
121	116	0.764863
121	118	0.989818
121	122	1.02972
121	129	0.988082
121	133	1.04399
121	135	0.987288
121	141	1.01946
121	144	1.03662
121	145	1.03902
121	146	1.02053
121	157	1.04144
121	162	1.11023
121	163	1.01291
121	164	1.24339
121	166	1.00107
121	170	1.10969
121	173	1.13093
121	178	0.998926
121	179	0.981529
121	180	1.29503
122	32	0.950043
122	67	1.06554
122	72	1.02666
122	77	1.01274
122	84	1.11488
122	96	1.00539
122	105	0.797439
122	107	1.04652
122	109	0.998863
122	113	0.981734
122	116	0.924911
122	117	1.00243
122	118	0.993283
122	121	1.02972
122	123	1.01304
122	129	0.991547
122	131	0.99217
122	132	0.979579
122	133	1.04745
122	140	1.09164
122	144	1.04009
122	146	1.02399
122	149	1.26497
122	155	1.02552
122	160	1.10457
122	163	1.01637
122	166	1.00453
122	178	1.00239
122	179	0.984994
123	6	0.920069
123	48	0.964714
123	67	1.04539
123	75	1.32843
123	85	1.04197
123	90	0.969511
123	98	0.872631
123	103	0.956628
123	104	0.944793
123	113	0.961589
123	122	1.01304
123	126	0.991236
123	127	0.978499
123	131	0.972025
123	135	0.970608
123	136	1.04831
123	144	1.01994
123	145	1.02234
123	146	1.00384
123	156	1.03903
123	159	1.00861
123	163	0.996226
123	166	0.984385
123	170	1.09301
123	171	1.08317
123	172	1.11199
123	175	1.19941
123	177	1.14984
123	178	0.982246
123	179	0.964849
124	25	1.06126
124	46	0.908689
124	56	1.31393
124	63	1.2126
124	101	1.00862
124	108	1.01659
124	120	1.12741
124	127	0.992778
124	134	1.0457
124	137	0.990305
124	139	1.07159
124	142	0.9825
124	148	0.971822
124	152	0.987672
124	154	0.972988
124	156	0.977085
124	158	0.950419
124	161	0.974742
124	163	1.01598
124	164	0.89764
124	168	0.928757
124	169	0.911062
124	171	0.958596
124	172	0.867846
124	173	0.921624
124	174	0.904813
124	175	0.926991
124	176	0.976211
124	177	0.932915
124	180	0.871394
125	50	1.04925
125	57	1.03352
125	66	1.12178
125	77	1.01627
125	108	1.0632
125	109	1.04648
125	111	0.926535
125	115	0.845475
125	138	0.917712
125	139	0.898782
125	143	1.07549
125	144	0.876493
125	149	0.971984
125	153	1.00244
125	155	1.04779
125	156	1.0237
125	160	1.01048
125	162	0.963352
125	164	0.944256
125	165	0.946068
125	166	0.925688
125	169	0.957677
125	171	1.00521
125	173	0.96824
125	175	0.973606
125	176	1.02283
125	177	0.979531
125	178	0.943643
125	179	0.994184
125	180	0.918009
126	1	1.04909
126	32	0.928237
126	58	0.964276
126	63	0.931445
126	67	1.04373
126	72	1.00485
126	80	0.966702
126	85	1.0403
126	96	0.983588
126	103	0.954968
126	115	1.01463
126	118	0.971478
126	123	0.991236
126	129	0.969741
126	135	0.968947
126	140	1.02354
126	144	1.01828
126	146	1.00218
126	154	1.01215
126	162	1.20219
126	163	0.994565
126	166	0.982725
126	168	1.16187
126	170	1.09135
126	171	1.02938
126	172	1.11033
126	174	1.24858
126	175	1.14562
126	178	0.980585
126	179	0.963188
127	4	0.963169
127	8	0.94524
127	12	0.972931
127	61	1.00598
127	68	0.853929
127	83	1.08578
127	104	1.01416
127	114	1.18346
127	123	0.978499
127	124	0.992778
127	128	0.966237
127	130	1.03206
127	135	1.03246
127	143	1.06332
127	147	0.967723
127	153	0.990263
127	154	1.00743
127	155	1.03562
127	158	0.984861
127	159	1.02578
127	160	0.998302
127	164	0.932082
127	168	0.963199
127	169	0.945503
127	171	0.993038
127	173	0.956066
127	174	0.939254
127	175	0.961433
127	176	1.01065
127	177	0.967357
127	180	0.905835
128	14	0.894621
128	28	0.933807
128	31	1.06082
128	37	1.00714
128	54	0.976275
128	55	0.995057
128	62	1.06052
128	64	0.958452
128	66	0.954849
128	83	0.998491
128	89	1.02998
128	92	0.95377
128	97	0.999257
128	106	0.963573
128	114	0.971896
128	119	0.973958
128	120	1.02062
128	127	0.966237
128	137	1.00606
128	138	1.01266
128	141	1.15295
128	147	1.00826
128	151	1.01981
128	162	1.24372
128	164	1.37687
128	173	1.26442
128	174	0.921487
128	176	1.00604
128	177	1.13758
128	178	0.98164
128	179	1.00913
129	6	0.898575
129	17	1.17043
129	20	1.01409
129	67	1.0239
129	84	1.07324
129	85	1.02047
129	94	0.952604
129	113	0.940094
129	117	0.960793
129	121	0.988082
129	122	0.991547
129	126	0.969741
129	130	1.02345
129	131	0.95053
129	133	1.00581
129	134	0.885441
129	135	0.949113
129	137	1.00838
129	144	0.998447
129	145	1.00084
129	146	0.98235
129	153	1.13495
129	157	1.17725
129	159	0.98712
129	161	1.04134
129	163	0.974731
129	166	0.962891
129	169	1.28087
129	172	1.09049
129	178	0.960752
129	180	1.43084
130	1	0.954424
130	17	0.983311
130	63	1.08527
130	86	1.02749
130	93	1.00603
130	98	1.05359
130	115	0.890952
130	127	1.03206
130	129	1.02345
130	141	0.998945
130	144	0.92197
130	146	1.00116
130	149	0.964654
130	151	0.983636
130	153	0.995107
130	154	1.01227
130	156	1.01637
130	160	1.00315
130	161	1.01403
130	162	0.956022
130	165	0.938739
130	168	0.968043
130	171	0.997882
130	173	0.96091
130	174	0.944098
130	175	0.966277
130	176	1.0155
130	177	0.972201
130	178	0.98912
130	179	0.986854
130	180	0.910679
131	20	1.01472
131	44	0.968305
131	53	1.0531
131	60	1.01959
131	63	0.912234
131	98	0.935861
131	103	0.935757
131	104	1.00802
131	115	0.995424
131	116	0.973839
131	117	0.961416
131	118	0.952266
131	122	0.99217
131	123	0.972025
131	129	0.95053
131	135	0.949736
131	143	1.03517
131	144	0.999069
131	145	1.00146
131	146	0.982973
131	156	1.10226
131	159	0.987743
131	163	0.975354
131	166	0.963514
131	167	0.921364
131	170	1.07214
131	172	1.09111
131	173	1.33991
131	174	1.3656
131	175	1.26264
131	179	0.943977
132	8	0.932019
132	20	0.771303
132	57	1.02876
132	83	1.07256
132	85	0.864913
132	106	1.06624
132	114	1.17024
132	116	1.05731
132	122	0.979579
132	134	1.08756
132	140	1.02364
132	141	1.00152
132	143	1.07074
132	145	0.885837
132	151	0.91553
132	152	1.02953
132	153	0.997683
132	154	1.01485
132	155	1.04303
132	156	1.01895
132	157	0.984915
132	164	0.939501
132	165	0.941314
132	167	1.10686
132	168	0.970618
132	169	0.952923
132	171	1.00046
132	173	0.963485
132	174	0.946674
132	176	1.01807
132	178	0.921014
132	179	0.98943
132	180	0.913255
133	48	0.999124
133	63	0.967516
133	65	1.05366
133	72	1.04093
133	77	1.027
133	91	0.75878
133	94	1.00851
133	113	0.995999
133	115	1.05071
133	117	1.0167
133	121	1.04399
133	122	1.04745
133	129	1.00581
133	135	1.00502
133	141	1.08161
133	143	0.888336
133	144	1.05435
133	145	1.05675
133	146	1.03826
133	148	1.03981
133	152	0.934722
133	159	1.04303
133	160	1.00667
133	163	1.03064
133	165	1.309
133	166	1.0188
133	167	0.774529
133	170	1.12742
133	172	1.1464
133	173	1.19307
133	174	1.21876
133	177	1.06623
133	178	1.01666
133	179	0.99926
134	13	0.875021
134	14	1.2676
134	66	1.02925
134	70	0.815367
134	86	0.889483
134	107	1.09788
134	109	1.08723
134	124	1.0457
134	129	0.885441
134	132	1.08756
134	139	0.806252
134	142	1.06987
134	145	0.815936
134	148	1.05919
134	151	0.845629
134	153	1.04319
134	154	1.06036
134	158	1.03779
134	160	1.05123
134	161	1.06211
134	162	1.0041
134	164	0.985008
134	165	0.98682
134	166	0.833159
134	168	1.01612
134	169	0.998429
134	171	1.04596
134	172	0.602506
134	173	1.00899
134	174	0.99218
134	175	1.01436
134	176	1.06358
134	177	1.02028
134	180	0.958761
135	29	1.07156
135	44	0.966888
135	48	0.942425
135	53	1.05168
135	71	0.961735
135	84	1.07245
135	85	1.01968
135	90	0.947222
135	100	1.00089
135	103	0.93434
135	113	0.9393
135	115	0.994006
135	117	0.959999
135	121	0.987288
135	123	0.970608
135	126	0.968947
135	127	1.03246
135	129	0.949113
135	131	0.949736
135	133	1.00502
135	144	0.997652
135	146	0.981556
135	150	1.00893
135	155	1.06518
135	158	1.17579
135	159	0.986326
135	161	1.10524
135	163	0.973937
135	166	0.962096
135	167	0.9121
135	174	1.35633
135	177	1.2038
135	178	0.959957
135	179	0.94256
135	180	1.49474
136	10	1.36385
136	17	0.976064
136	40	0.871007
136	41	0.971748
136	51	0.911814
136	60	1.02686
136	74	1.06809
136	86	1.04242
136	93	0.998781
136	108	1.04863
136	123	1.04831
136	141	0.991698
136	142	1.01454
136	144	0.9369
136	146	1.01609
136	149	0.957407
136	153	0.987861
136	156	1.00912
136	160	0.9959
136	161	1.00678
136	162	0.948776
136	164	0.929679
136	165	0.931492
136	167	1.09703
136	168	0.960796
136	169	0.9431
136	171	0.990635
136	172	0.755442
136	173	0.953663
136	175	0.95903
136	176	1.00825
136	177	0.964954
136	178	1.00405
136	179	0.979607
136	180	0.903433
137	17	0.975995
137	32	1.2059
137	35	1.02565
137	65	0.979687
137	75	0.984679
137	81	0.997989
137	82	1.02774
137	104	1.01169
137	124	0.990305
137	128	1.00606
137	129	1.00838
137	138	0.948124
137	147	1.00754
137	148	1.00379
137	149	0.957338
137	152	1.01964
137	153	0.987791
137	154	1.00496
137	155	1.03314
137	156	1.00905
137	157	0.975024
137	160	0.99583
137	161	1.00671
137	162	0.948706
137	165	0.931422
137	168	0.960726
137	169	0.943031
137	171	0.990565
137	173	0.953594
137	175	0.95896
137	176	1.00818
137	177	0.964885
137	178	0.974055
137	179	0.979538
137	180	0.903363
138	3	0.951645
138	14	0.915596
138	16	0.791386
138	28	0.954782
138	37	1.02812
138	54	0.99725
138	62	1.0815
138	64	0.979427
138	66	0.975824
138	68	1.08642
138	83	1.01947
138	89	1.05095
138	92	0.974745
138	93	1.08693
138	97	1.02023
138	105	1.09138
138	106	0.984549
138	107	1.04816
138	110	1.11161
138	114	0.992871
138	119	0.994934
138	120	1.04159
138	125	0.917712
138	128	1.01266
138	137	0.948124
138	143	0.901746
138	147	1.02924
138	149	1.18047
138	151	1.04078
138	157	0.980704
138	161	0.981081
138	173	1.20648
138	174	0.942462
138	176	0.948107
138	178	1.00262
138	180	1.37058
139	4	1.1025
139	8	1.0912
139	10	0.949234
139	15	0.981906
139	19	0.947665
139	22	0.919185
139	24	1.08145
139	27	0.95594
139	38	0.996963
139	41	1.0478
139	42	0.996963
139	49	1.00793
139	56	1.00797
139	78	1.0378
139	79	1.07474
139	87	0.99657
139	95	1.02199
139	99	1.09938
139	101	1.12381
139	102	1.06808
139	111	1.08194
139	112	1.08199
139	124	1.07159
139	125	0.898782
139	134	0.806252
139	149	1.16154
139	156	0.949904
139	158	1.0327
139	159	0.885577
139	160	1.00115
139	161	0.962151
139	170	1.12627
139	179	0.932265
139	180	1.35165
140	8	1.04407
140	18	1.21178
140	51	0.940835
140	53	0.891957
140	57	1.01034
140	80	1.03176
140	100	1.00638
140	108	1.04003
140	117	1.00002
140	119	1.25601
140	122	1.09164
140	126	1.02354
140	132	1.02364
140	141	0.983099
140	145	0.997893
140	148	0.995261
140	149	0.948808
140	150	1.02505
140	156	1.00052
140	157	0.966493
140	160	0.9873
140	161	0.998181
140	162	0.940176
140	164	0.921079
140	165	0.922892
140	167	1.08843
140	168	0.952196
140	170	0.827038
140	171	0.982035
140	173	0.945063
140	174	0.928252
140	175	0.95043
140	176	0.99965
140	177	0.956354
140	180	0.894833
141	2	1.40458
141	5	0.956495
141	26	1.0306
141	53	0.979833
141	68	1.04064
141	74	1.03737
141	91	1.04219
141	115	1.02278
141	116	1.01678
141	121	1.01946
141	128	1.15295
141	130	0.998945
141	132	1.00152
141	133	1.08161
