1	14	0.701208
1	16	0.714217
1	17	0.83455
1	33	0.779868
1	117	1.81859
1	121	0.711551
1	123	0.739992
1	135	0.678739
1	162	0.687755
1	163	0.678661
1	178	6.42023
1	180	0.697208
2	7	0.860197
2	11	0.7563
2	19	0.738127
2	22	0.812786
2	23	0.821504
2	28	0.815394
2	34	0.798445
2	121	3.5184
2	128	0.795772
2	148	3.0354
2	151	0.818752
2	155	2.4526
3	4	0.712764
3	9	0.712162
3	13	0.786761
3	18	0.675279
3	20	0.785904
3	21	0.753858
3	35	0.730775
3	72	3.73381
3	128	0.723819
3	162	0.67816
3	164	4.41934
3	172	0.656985
4	3	0.712764
4	9	0.727903
4	13	0.802502
4	18	0.69102
4	20	0.801645
4	21	0.769599
4	128	0.73956
4	133	2.34745
4	162	0.693901
4	172	0.672726
4	176	5.4131
5	8	0.767788
5	12	0.72707
5	15	0.702089
5	25	0.669258
5	30	0.70616
5	36	0.657762
5	37	0.694068
5	98	0.692333
5	106	0.670667
5	120	0.684587
5	162	1.9716
5	178	6.29814
6	8	0.841075
6	12	0.800356
6	15	0.775376
6	25	0.742544
6	30	0.779447
6	36	0.731048
6	37	0.767355
6	98	0.765619
6	110	1.49626
6	120	0.757874
6	158	3.0447
6	159	5.30975
7	2	0.860197
7	19	0.757393
7	22	0.832053
7	26	0.838772
7	28	0.83466
7	34	0.817712
7	128	0.815039
7	133	1.65744
7	151	0.838018
7	163	3.82294
7	172	4.14914
8	5	0.767788
8	6	0.841075
8	12	0.712225
8	15	0.687245
8	25	1.04892
8	30	0.538738
8	36	1.02043
8	37	0.679224
8	104	4.51021
8	106	0.839041
8	118	4.59301
8	136	2.64742
9	3	0.712162
9	4	0.727903
9	13	0.8019
9	18	0.690417
9	20	0.801043
9	21	0.768997
9	54	1.43472
9	128	0.738957
9	132	6.05041
9	162	0.693299
9	172	0.672123
10	43	0.732055
10	77	0.74515
10	82	3.00007
10	85	0.72247
10	93	0.762905
10	99	0.741131
10	102	0.709321
10	105	0.740443
10	108	0.731619
10	155	4.24712
10	164	0.637407
10	180	0.688537
11	2	0.7563
11	19	0.653496
11	22	0.728155
11	23	0.736873
11	26	0.734875
11	28	0.730763
11	34	0.713814
11	106	0.706794
11	128	0.711141
11	135	4.42289
11	151	0.734121
11	162	3.70109
12	5	0.72707
12	6	0.800356
12	8	0.712225
12	15	0.829744
12	25	0.796913
12	30	0.833815
12	36	0.785417
12	37	0.821723
12	109	1.73395
12	110	3.00093
12	120	0.812242
12	171	4.76149
13	3	0.786761
13	4	0.802502
13	9	0.8019
13	18	0.765016
13	20	0.875642
13	21	0.843596
13	83	2.30825
13	88	0.0617041
13	128	0.813556
13	162	0.767897
13	164	6.31726
13	172	0.746722
14	1	0.701208
14	16	0.69921
14	17	0.819543
14	33	0.764862
14	35	0.725363
14	57	3.92726
14	121	0.696544
14	123	0.724985
14	133	4.54018
14	135	0.663733
14	162	0.672748
14	163	0.663654
14	180	0.682202
15	5	0.702089
15	6	0.775376
15	8	0.687245
15	12	0.829744
15	25	0.771933
15	30	0.808835
15	36	0.760437
15	37	0.796743
15	52	2.79851
15	98	0.795007
15	120	0.787262
15	142	4.09315
15	180	3.69248
16	1	0.714217
16	14	0.69921
16	17	0.832553
16	33	0.777871
16	121	0.709554
16	123	0.737994
16	135	0.676742
16	144	3.54638
16	146	4.23088
16	162	0.685758
16	163	0.676664
16	180	0.695211
17	1	0.83455
17	14	0.819543
17	16	0.832553
17	33	0.898204
17	135	0.797075
17	146	3.13178
17	148	2.02415
17	162	0.806091
17	163	0.796997
17	170	3.91184
17	180	0.815544
18	3	0.675279
18	4	0.69102
18	9	0.690417
18	13	0.765016
18	20	0.76416
18	21	0.732113
18	35	0.70903
18	69	0.787996
18	128	0.702074
18	133	2.81189
18	162	0.656415
18	164	5.55918
18	172	0.63524
19	2	0.738127
19	7	0.757393
19	11	0.653496
19	22	0.709983
19	23	0.718701
19	26	0.716702
19	28	0.71259
19	34	0.695642
19	106	0.688622
19	124	2.18455
19	128	0.692969
19	151	0.715948
19	154	6.70647
20	3	0.785904
20	4	0.801645
20	9	0.801043
20	13	0.875642
20	18	0.76416
20	21	0.842739
20	126	2.58547
20	128	0.8127
20	147	3.68412
20	162	0.767041
20	172	0.745866
20	179	3.23326
21	3	0.753858
21	4	0.769599
21	9	0.768997
21	13	0.843596
21	18	0.732113
21	20	0.842739
21	69	0.866575
21	128	0.780653
21	130	4.60053
21	146	2.53835
21	162	0.734995
21	172	0.71382
21	180	3.30075
22	2	0.812786
22	7	0.832053
22	11	0.728155
22	19	0.709983
22	23	0.79336
22	26	0.791361
22	28	0.787249
22	34	0.770301
22	49	1.85752
22	128	0.767628
22	139	3.41358
22	151	0.790607
22	157	5.48181
23	2	0.821504
23	11	0.736873
23	19	0.718701
23	22	0.79336
23	26	0.800079
23	28	0.795967
23	34	0.779019
23	106	0.771998
23	117	3.07817
23	128	0.776346
23	151	0.799325
23	165	3.80544
23	174	2.97257
24	29	0.731619
24	60	0.755964
24	62	0.824142
24	66	0.753277
24	70	0.801955
24	74	0.748178
24	75	0.796571
24	81	0.777628
24	87	0.815242
24	88	0.815377
24	104	4.68979
24	156	3.83341
24	179	2.11766
25	5	0.669258
25	6	0.742544
25	8	1.04892
25	12	0.796913
25	15	0.771933
25	30	0.776004
25	36	0.727605
25	37	0.763912
25	106	0.74051
25	120	0.75443
25	127	2.15427
25	152	6.08442
25	165	2.52363
26	7	0.838772
26	11	0.734875
26	19	0.716702
26	22	0.791361
26	23	0.800079
26	28	0.793969
26	34	0.77702
26	106	0.77
26	127	1.76506
26	128	0.774347
26	129	1.99922
26	151	0.797327
26	158	5.61257
27	98	1.0996
27	115	0.74388
27	133	0.75846
27	149	0.731559
27	152	0.686984
27	154	0.686498
27	165	0.728413
27	167	0.692994
27	168	0.71702
27	176	0.695816
27	177	0.684217
27	178	0.684633
27	179	0.723525
28	2	0.815394
28	7	0.83466
28	11	0.730763
28	19	0.71259
28	22	0.787249
28	23	0.795967
28	26	0.793969
28	34	0.772908
28	106	0.765888
28	136	3.38345
28	151	0.793215
28	160	3.7986
28	180	3.06068
29	24	0.731619
29	59	0.683125
29	66	0.670141
29	70	0.718819
29	74	0.665042
29	75	0.713435
29	81	0.694492
29	87	0.732106
29	88	0.732241
29	120	0.709121
29	127	3.2536
29	148	4.87318
29	151	0.722528
29	157	0.629511
30	5	0.70616
30	6	0.779447
30	8	0.538738
30	12	0.833815
30	15	0.808835
30	25	0.776004
30	36	0.764507
30	37	0.800814
30	98	0.799078
30	106	0.777413
30	120	0.791333
30	157	3.10019
30	158	2.36717
30	177	5.60849
31	32	0.645799
31	39	0.705517
31	42	0.7051
31	48	0.761059
31	53	0.907681
31	83	2.99386
31	98	0.68871
31	110	0.65494
31	121	0.649529
31	137	0.682974
31	142	0.613244
31	153	0.568905
31	169	5.63969
31	172	0.604558
32	31	0.645799
32	39	0.759146
32	42	0.758729
32	48	0.814687
32	98	0.742339
32	110	0.708569
32	121	0.703157
32	137	0.736603
32	141	3.08512
32	142	0.666872
32	153	0.622534
32	157	5.45816
32	172	0.658186
33	1	0.779868
33	14	0.764862
33	16	0.777871
33	17	0.898204
33	111	3.42311
33	121	0.775205
33	123	0.803646
33	135	0.742393
33	147	4.41134
33	155	1.89423
33	162	0.751409
33	163	0.742315
33	180	0.760863
34	2	0.798445
34	7	0.817712
34	11	0.713814
34	19	0.695642
34	22	0.770301
34	23	0.779019
34	26	0.77702
34	28	0.772908
34	106	0.74894
34	128	0.753287
34	134	2.75643
34	144	3.39832
34	151	0.776266
34	174	3.61639
35	3	0.730775
35	14	0.725363
35	18	0.70903
35	84	1.36508
35	122	0.738974
35	137	0.481745
35	162	0.711911
35	163	0.702817
35	167	0.686471
35	169	0.700696
35	172	0.690736
35	178	0.67811
35	180	0.721364
36	5	0.657762
36	6	0.731048
36	8	1.02043
36	12	0.785417
36	15	0.760437
36	25	0.727605
36	30	0.764507
36	37	0.752415
36	98	0.75068
36	106	0.729014
36	110	2.8066
36	120	0.742934
36	161	3.24062
36	177	6.15211
37	5	0.694068
37	6	0.767355
37	8	0.679224
37	12	0.821723
37	15	0.796743
37	25	0.763912
37	30	0.800814
37	36	0.752415
37	98	0.786986
37	106	0.765321
37	120	0.779241
37	129	1.81612
37	162	4.22345
37	174	3.84274
38	56	0.7718
38	65	0.626303
38	71	0.763149
38	79	0.780196
38	82	1.49518
38	91	0.753626
38	94	0.79961
38	96	0.784507
38	100	0.793952
38	103	0.794
38	140	0.69451
38	144	3.74816
38	160	0.69058
38	164	0.68853
38	179	4.80847
39	31	0.705517
39	32	0.759146
39	42	0.818448
39	48	0.874406
39	98	0.802058
39	110	0.768287
39	119	2.14192
39	121	0.762876
39	135	2.52978
39	137	0.796321
39	142	0.726591
39	153	0.682252
39	172	0.717905
39	178	6.13452
40	78	2.58466
40	97	0.391551
40	129	0.793615
40	145	0.655448
40	149	0.708536
40	154	0.663475
40	156	0.685326
40	158	0.701366
40	166	0.666205
40	174	0.708334
40	175	0.708051
40	176	0.672793
40	177	0.661194
40	178	0.66161
40	179	0.700502
41	54	1.89158
41	64	0.741687
41	80	0.756399
41	84	0.754552
41	86	0.750201
41	101	0.777139
41	112	0.752863
41	113	0.783137
41	114	0.749173
41	115	0.782002
41	116	0.781379
41	128	0.760318
41	148	4.24526
41	150	4.18493
41	160	0.675033
42	31	0.7051
42	32	0.758729
42	39	0.818448
42	48	0.873989
42	98	0.801641
42	110	0.767871
42	119	4.2633
42	121	0.762459
42	129	1.52203
42	137	0.795904
42	142	0.726174
42	153	0.681836
42	165	4.38152
42	172	0.717488
43	10	0.732055
43	44	0.760798
43	77	0.778334
43	85	0.755654
43	90	2.07244
43	92	0.748947
43	93	0.796089
43	99	0.774316
43	102	0.742505
43	105	0.773627
43	108	0.764803
43	164	0.670592
43	165	4.17256
43	170	4.58618
43	180	0.721721
44	43	0.760798
44	76	0.770362
44	77	0.773893
44	85	0.751213
44	92	0.744506
44	93	0.791648
44	99	0.769875
44	102	0.738064
44	105	0.769186
44	108	0.760362
44	147	3.37454
44	157	0.683449
44	167	4.59219
44	179	2.92367
44	180	0.71728
45	50	0.74956
45	60	0.725108
45	62	0.793287
45	66	0.722421
45	70	0.771099
45	74	0.717322
45	75	0.765715
45	81	0.746772
45	87	0.784386
45	88	0.784521
45	151	0.774808
45	157	0.681792
45	166	5.27822
45	168	3.27021
45	175	2.75811
46	55	0.660971
46	67	2.45776
46	73	0.368858
46	83	0.761407
46	129	0.77321
46	143	0.700656
46	145	0.635043
46	155	0.724066
46	158	0.680961
46	161	0.673853
46	165	0.684985
46	174	0.687929
46	175	0.687646
46	178	0.641205
46	179	0.680097
47	61	0.769745
47	76	0.795644
47	83	1.53945
47	92	0.769788
47	99	0.795156
47	102	0.763346
47	105	0.794468
47	108	0.785644
47	140	0.697413
47	153	0.676281
47	157	0.708731
47	158	3.14574
47	164	0.691433
47	173	6.46647
47	180	0.742562
48	31	0.761059
48	32	0.814687
48	39	0.874406
48	42	0.873989
48	53	1.23835
48	98	0.857599
48	110	0.823829
48	121	0.818418
48	126	2.59309
48	137	0.851863
48	140	5.10948
48	142	0.782133
48	148	1.75743
48	153	0.737794
48	172	0.773447
48	179	3.24088
49	22	1.85752
49	78	1.49616
49	116	0.152824
49	145	0.715415
49	159	0.732041
49	161	0.754225
49	166	0.726172
49	167	0.729938
49	170	0.753102
49	171	0.743174
49	173	0.719873
49	175	0.768018
49	176	0.73276
49	177	0.721161
49	178	0.721577
49	179	0.760469
50	45	0.74956
50	59	0.731921
50	60	0.721624
50	66	0.718938
50	70	0.767615
50	74	0.713838
50	75	0.762232
50	81	0.743289
50	87	0.780902
50	88	0.781038
50	142	0.690197
50	151	0.771324
50	157	0.678308
50	160	4.34778
50	165	3.2139
50	170	3.62752
51	65	0.610203
51	71	0.747048
51	78	0.776688
51	79	0.764095
51	91	0.737526
51	94	0.783509
51	96	0.768407
51	100	0.777851
51	103	0.777899
51	129	2.38822
51	135	0.705089
51	140	0.678409
51	153	6.55335
51	160	0.674479
51	164	0.672429
51	176	3.96231
52	15	2.79851
52	76	1.81013
52	111	0.713294
52	140	0.656957
52	145	0.65269
52	146	0.714113
52	150	0.740614
52	166	0.663447
52	168	0.69124
52	169	0.681438
52	171	0.680449
52	175	0.705293
52	176	0.670035
52	177	0.658436
52	178	0.658852
52	179	0.697744
53	31	0.907681
53	48	1.23835
53	78	0.825819
53	91	0.670752
53	94	0.716735
53	100	0.711077
53	112	0.685536
53	114	0.681846
53	115	0.714674
53	116	0.714051
53	126	2.82864
53	138	3.62821
53	141	2.50924
53	145	8.49319
53	153	1.4353
53	169	2.2478
53	172	0.920069
54	9	1.43472
54	41	1.89158
54	106	0.1238
54	113	0.186416
54	143	0.824131
54	152	0.767031
54	154	0.766545
54	159	0.775143
54	161	0.797327
54	167	0.77304
54	170	0.796204
54	173	0.762976
54	174	0.811403
54	176	0.775862
54	177	0.764264
54	178	0.764679
54	179	0.803571
55	46	0.660971
55	102	4.93938
55	104	0.64059
55	143	0.67091
55	152	0.613811
55	158	0.651215
55	161	0.644107
55	165	0.655239
55	166	0.616055
55	169	0.634045
55	170	0.642984
55	174	0.658183
55	176	0.622642
55	177	0.611044
55	178	0.611459
55	179	0.650351
56	38	0.7718
56	65	0.596987
56	71	0.733833
56	78	0.763472
56	79	0.75088
56	91	0.72431
56	94	0.770294
56	96	0.755191
56	100	0.764636
56	103	0.764684
56	111	2.97407
56	124	2.13652
56	135	0.691874
56	140	0.665194
56	160	0.661264
56	164	0.659214
56	166	6.75717
57	14	3.92726
57	85	1.1146
57	117	0.7246
57	127	0.754927
57	147	0.689823
57	152	0.652066
57	157	0.659138
57	159	0.660179
57	165	0.693495
57	168	0.682103
57	170	0.681239
57	173	0.648011
57	174	0.696439
57	176	0.660898
57	177	0.649299
57	178	0.649715
57	179	0.688607
58	103	0.644207
58	104	0.728284
58	108	1.18916
58	125	0.725192
58	128	1.13739
58	144	0.751713
58	146	0.754415
58	165	0.742933
58	166	0.703749
58	167	0.707514
58	168	0.731541
58	171	0.720751
58	173	0.69745
58	174	0.745877
58	175	0.745594
58	177	0.698738
58	179	0.738045
59	29	0.683125
59	50	0.731921
59	62	0.775648
59	66	0.704783
59	70	0.753461
59	74	0.699684
59	75	0.748077
59	81	0.729134
59	87	0.766747
59	88	0.766883
59	120	0.743763
59	129	1.94571
59	138	6.44721
59	142	0.676042
59	151	0.75717
59	155	2.74834
59	157	0.664153
60	24	0.755964
60	45	0.725108
60	50	0.721624
60	62	0.765351
60	66	0.694486
60	70	0.743164
60	74	0.689387
60	75	0.73778
60	81	0.718837
60	87	0.75645
60	88	0.756586
60	109	2.21125
60	120	0.733466
60	151	0.746873
60	157	0.653856
60	171	5.23878
60	179	4.28218
61	47	0.769745
61	76	0.758468
61	77	0.761999
61	85	0.739319
61	92	0.732612
61	93	0.779754
61	99	0.75798
61	102	0.72617
61	105	0.757292
61	107	2.71264
61	108	0.748468
61	153	0.639105
61	157	0.671554
61	164	0.654257
61	167	4.96754
61	175	4.02464
61	180	0.705386
62	24	0.824142
62	45	0.793287
62	59	0.775648
62	60	0.765351
62	66	0.762664
62	74	0.757565
62	75	0.805958
62	81	0.787015
62	87	0.824629
62	88	0.824764
62	131	3.11695
62	142	0.733924
62	146	1.94809
62	151	0.815051
62	157	0.722035
62	159	5.33343
62	163	3.35751
63	89	0.656302
63	100	2.28003
63	111	0.706938
63	120	1.8589
63	130	0.681913
63	131	0.684409
63	136	0.696107
63	145	0.646333
63	149	0.699422
63	163	0.677203
63	169	0.675082
63	171	0.674093
63	173	0.650792
63	174	0.69922
63	176	0.663679
63	177	0.65208
63	178	0.652495
63	179	0.691388
64	41	0.741687
64	80	0.728065
64	84	0.726217
64	86	0.721866
64	97	0.74446
64	101	0.748804
64	112	0.724528
64	113	0.754803
64	114	0.720839
64	115	0.753667
64	116	0.753044
64	132	0.658377
64	151	0.754963
64	160	0.646698
64	162	3.92426
64	163	0.67723
64	174	3.54355
64	179	4.3858
65	38	0.626303
65	51	0.610203
65	56	0.596987
65	67	0.566304
65	71	1.2417
65	78	0.530389
65	91	0.936057
65	94	0.624797
65	96	0.890731
65	100	0.619139
65	103	0.619187
65	132	2.58776
65	137	0.612634
65	142	2.59647
65	145	8.30681
65	160	1.15705
65	164	1.155
65	171	2.76581
66	24	0.753277
66	29	0.670141
66	45	0.722421
66	50	0.718938
66	59	0.704783
66	60	0.694486
66	62	0.762664
66	70	0.740477
66	74	0.6867
66	75	0.735093
66	81	0.71615
66	87	0.753764
66	88	0.753899
66	120	0.730779
66	127	1.94055
66	143	4.24663
66	157	0.651169
66	169	5.2958
67	46	2.45776
67	65	0.566304
67	71	0.790736
67	78	0.820375
67	79	0.807783
67	82	1.26999
67	91	0.781213
67	94	0.827197
67	96	0.812095
67	100	0.821539
67	103	0.821587
67	109	2.51234
67	132	5.36183
67	135	0.748777
67	137	0.815034
67	140	0.722097
67	160	0.718167
67	164	0.716117
68	80	1.69755
68	128	1.91196
68	133	0.716608
68	150	0.724543
68	155	0.725642
68	161	0.675429
68	166	0.647376
68	168	0.675168
68	169	0.665367
68	171	0.664378
68	174	0.689505
68	175	0.689221
68	176	0.653964
68	177	0.642365
68	178	0.642781
68	179	0.681673
68	180	0.686035
69	18	0.787996
69	21	0.866575
69	72	3.46619
69	94	0.86028
69	96	0.845178
69	97	0.849012
69	100	0.854623
69	103	0.85467
69	112	0.829081
69	113	0.859355
69	114	0.825391
69	115	0.85822
69	126	1.88854
69	147	2.98719
69	157	4.01384
69	162	0.790877
69	172	0.769702
69	175	3.26195
70	24	0.801955
70	29	0.718819
70	45	0.771099
70	50	0.767615
70	59	0.753461
70	60	0.743164
70	66	0.740477
70	74	0.735378
70	75	0.783771
70	81	0.764828
70	87	0.802441
70	88	0.802577
70	134	2.16195
70	142	0.711736
70	150	2.32038
70	151	0.792864
70	157	0.699847
70	160	4.98866
70	170	4.2684
71	38	0.763149
71	51	0.747048
71	56	0.733833
71	65	1.2417
71	67	0.790736
71	79	0.742229
71	89	8.4
71	91	0.715659
71	94	0.761643
71	96	0.74654
71	100	0.755985
71	103	0.756033
71	135	0.683223
71	140	0.656543
71	156	2.78067
71	160	0.652613
71	163	2.09854
71	164	0.650563
71	175	1.79055
72	3	3.73381
72	69	3.46619
72	110	0.696036
72	126	0.715695
72	139	0.698508
72	141	0.70771
72	149	0.679954
72	150	0.71479
72	158	0.672783
72	166	0.637623
72	167	0.641388
72	169	0.655614
72	170	0.664552
72	174	0.679751
72	175	0.679468
72	176	0.64421
72	178	0.633027
72	179	0.671919
73	46	0.368858
73	80	0.769741
73	84	0.767893
73	86	0.763542
73	97	0.786136
73	101	0.79048
73	106	0.769312
73	112	0.766205
73	113	0.796479
73	114	0.762515
73	115	0.795343
73	116	0.79472
73	125	3.58588
73	127	1.84737
73	132	0.700053
73	151	0.796639
73	160	0.688374
73	163	0.718906
73	177	6.48018
74	24	0.748178
74	29	0.665042
74	45	0.717322
74	50	0.713838
74	59	0.699684
74	60	0.689387
74	62	0.757565
74	66	0.6867
74	70	0.735378
74	81	0.711051
74	87	0.748665
74	88	0.7488
74	120	0.72568
74	141	1.91789
74	142	0.65796
74	151	0.739087
74	157	0.64607
74	168	4.05114
74	173	6.87862
75	24	0.796571
75	29	0.713435
75	45	0.765715
75	50	0.762232
75	59	0.748077
75	60	0.73778
75	62	0.805958
75	66	0.735093
75	70	0.783771
75	81	0.759444
75	87	0.797058
75	88	0.797193
75	109	2.06134
75	139	2.10886
75	142	0.706353
75	151	0.78748
75	157	0.694464
75	161	3.7739
75	178	6.56459
76	44	0.770362
76	47	0.795644
76	52	1.81013
76	61	0.758468
76	85	0.765218
76	92	0.758511
76	93	0.805653
76	99	0.783879
76	102	0.752069
76	105	0.783191
76	108	0.774367
76	120	0.777063
76	140	0.686135
76	144	2.69602
76	153	0.665003
76	157	0.697453
76	164	0.680155
76	172	3.67733
76	178	6.18252
76	180	0.731285
77	10	0.74515
77	43	0.778334
77	44	0.773893
77	61	0.761999
77	85	0.768749
77	92	0.762042
77	93	0.809184
77	99	0.78741
77	102	0.7556
77	105	0.786722
77	108	0.777898
77	140	0.689667
77	150	1.67402
77	153	0.668535
77	157	0.700984
77	164	0.683687
77	170	3.62204
77	171	4.17439
77	176	5.15155
77	180	0.734816
78	40	2.58466
78	49	1.49616
78	51	0.776688
78	53	0.825819
78	56	0.763472
78	65	0.530389
78	67	0.820375
78	79	0.771868
78	91	0.745298
78	94	0.791282
78	96	0.77618
78	100	0.785624
78	103	0.785672
78	123	0.774115
78	135	0.712862
78	137	0.779119
78	155	2.70836
78	160	0.682252
78	164	0.680202
78	174	3.93236
79	38	0.780196
79	51	0.764095
79	56	0.75088
79	67	0.807783
79	71	0.742229
79	78	0.771868
79	91	0.732706
79	94	0.77869
79	96	0.763587
79	100	0.773032
79	103	0.77308
79	122	3.91374
79	123	0.761522
79	135	0.70027
79	137	0.766527
79	139	3.7573
79	148	2.86458
79	160	0.66966
79	164	0.66761
79	174	3.50578
80	41	0.756399
80	64	0.728065
80	68	1.69755
80	73	0.769741
80	84	0.740929
80	86	0.736578
80	97	0.759172
80	101	0.763516
80	110	0.730243
80	112	0.73924
80	113	0.769515
80	114	0.735551
80	115	0.768379
80	116	0.767756
80	133	2.64304
80	137	0.758277
80	142	4.56219
80	151	0.769675
80	160	0.66141
80	161	4.84925
80	163	0.691942
81	24	0.777628
81	29	0.694492
81	45	0.746772
81	50	0.743289
81	59	0.729134
81	60	0.718837
81	62	0.787015
81	66	0.71615
81	70	0.764828
81	74	0.711051
81	75	0.759444
81	87	0.778115
81	88	0.77825
81	120	0.75513
81	127	2.23915
81	142	0.68741
81	151	0.768537
81	155	2.00579
81	157	0.675521
81	168	5.30976
81	176	6.00579
82	10	3.00007
82	38	1.49518
82	67	1.26999
82	91	0.172981
82	150	0.794021
82	154	0.714124
82	155	0.795119
82	156	0.735974
82	163	0.736965
82	164	0.704384
82	165	0.756038
82	166	0.716854
82	167	0.720619
82	170	0.743783
82	171	0.733856
82	173	0.710554
82	174	0.758982
82	175	0.758699
82	177	0.711843
82	178	0.712258
82	179	0.75115
83	13	2.30825
83	31	2.99386
83	46	0.761407
83	47	1.53945
83	127	0.817107
83	151	1.20443
83	158	0.751651
83	159	0.722359
83	162	0.745696
83	166	0.716491
83	167	0.720256
83	169	0.734481
83	170	0.74342
83	171	0.733492
83	173	0.710191
83	174	0.758619
83	175	0.758336
83	176	0.723078
83	177	0.71148
83	178	0.711895
83	179	0.750787
84	35	1.36508
84	41	0.754552
84	64	0.726217
84	73	0.767893
84	80	0.740929
84	97	0.757324
84	101	0.761669
84	110	0.728396
84	112	0.737393
84	113	0.767667
84	114	0.733703
84	115	0.766532
84	116	0.765909
84	123	0.751425
84	128	0.744848
84	151	0.767827
84	160	0.659563
84	161	4.64985
84	163	0.690095
84	179	3.57554
84	180	3.96212
85	10	0.72247
85	43	0.755654
85	44	0.751213
85	57	1.1146
85	61	0.739319
85	76	0.765218
85	77	0.768749
85	92	0.739362
85	93	0.786504
85	98	0.765659
85	99	0.76473
85	102	0.732919
85	105	0.764042
85	108	0.755218
85	122	2.42513
85	140	0.666986
85	153	0.645854
85	157	0.678304
85	164	0.661006
85	173	6.92462
85	175	3.58504
85	180	0.712136
86	41	0.750201
86	64	0.721866
86	73	0.763542
86	80	0.736578
86	97	0.752973
86	101	0.757318
86	106	0.73615
86	112	0.733042
86	113	0.763316
86	114	0.729352
86	115	0.762181
86	116	0.761558
86	123	0.747075
86	132	0.66689
86	137	0.752079
86	139	2.55006
86	141	2.24526
86	151	0.763476
86	160	0.655212
86	163	0.685744
86	166	6.38652
86	172	4.5006
87	24	0.815242
87	29	0.732106
87	45	0.784386
87	50	0.780902
87	59	0.766747
87	60	0.75645
87	62	0.824629
87	66	0.753764
87	70	0.802441
87	74	0.748665
87	75	0.797058
87	81	0.778115
87	88	0.815864
87	90	1.72539
87	120	0.792744
87	124	2.45996
87	135	4.09513
87	142	0.725023
87	149	4.43714
87	151	0.806151
87	157	0.713134
87	158	4.57936
88	13	0.0617041
88	24	0.815377
88	29	0.732241
88	45	0.784521
88	50	0.781038
88	59	0.766883
88	60	0.756586
88	62	0.824764
88	66	0.753899
88	70	0.802577
88	74	0.7488
88	75	0.797193
88	81	0.77825
88	87	0.815864
88	107	3.35053
88	120	0.792879
88	142	0.725159
88	150	2.39313
88	151	0.806286
88	157	0.71327
88	160	5.06141
88	167	5.60542
89	63	0.656302
89	71	8.4
89	104	0.624631
89	118	0.617417
89	122	0.656365
89	127	0.700712
89	131	0.627414
89	136	0.639112
89	138	0.620957
89	143	0.654952
89	149	0.642427
89	154	0.597366
89	158	0.635256
89	161	0.628148
89	170	0.627025
89	171	0.617098
89	173	0.593796
89	175	0.641941
89	176	0.606683
89	178	0.5955
89	179	0.634392
90	43	2.07244
90	87	1.72539
90	98	1.0475
90	109	0.820472
90	130	0.73229
90	137	0.582714
90	141	0.777555
90	150	0.784635
90	154	0.704738
90	156	0.726588
90	159	0.713336
90	160	0.697047
90	161	0.73552
90	167	0.711233
90	169	0.725458
90	170	0.734397
90	173	0.701168
90	174	0.749596
90	176	0.714055
90	177	0.702457
90	178	0.702872
90	179	0.741764
91	38	0.753626
91	51	0.737526
91	53	0.670752
91	56	0.72431
91	65	0.936057
91	67	0.781213
91	71	0.715659
91	78	0.745298
91	79	0.732706
91	82	0.172981
91	94	0.75212
91	96	0.737018
91	100	0.746462
91	103	0.74651
91	123	0.734953
91	134	1.78407
91	137	0.739957
91	140	0.64702
91	153	6.41587
91	160	0.64309
91	164	0.64104
91	177	5.87688
92	43	0.748947
92	44	0.744506
92	47	0.769788
92	61	0.732612
92	76	0.758511
92	77	0.762042
92	85	0.739362
92	93	0.779797
92	99	0.758023
92	102	0.726213
92	105	0.757335
92	108	0.748511
92	120	0.751207
92	131	5.26646
92	132	0.668028
92	134	2.77121
92	140	0.66028
92	153	0.639148
92	155	2.40717
92	157	0.671597
92	164	0.6543
92	169	4.72563
92	180	0.705429
93	10	0.762905
93	43	0.796089
93	44	0.791648
93	61	0.779754
93	76	0.805653
93	77	0.809184
93	85	0.786504
93	92	0.779797
93	99	0.805165
93	102	0.773355
93	105	0.804477
93	108	0.795653
93	132	0.71517
93	136	4.78078
93	140	0.707422
93	141	3.1759
93	144	3.01112
93	150	2.52765
93	153	0.68629
93	157	0.718739
93	162	3.60988
93	164	0.701442
93	180	0.752571
94	38	0.79961
94	51	0.783509
94	53	0.716735
94	56	0.770294
94	65	0.624797
94	67	0.827197
94	69	0.86028
94	71	0.761643
94	78	0.791282
94	79	0.77869
94	91	0.75212
94	96	0.783001
94	100	0.792445
94	103	0.792493
94	123	0.780936
94	136	3.98835
94	137	0.785941
94	146	2.90318
94	150	1.73522
94	160	0.689073
94	164	0.687024
94	170	3.68324
94	176	5.21275
95	114	3.02578
95	119	0.691613
95	124	0.713108
95	125	0.647005
95	129	0.752972
95	131	0.65288
95	137	2.84949
95	143	0.680418
95	145	0.614804
95	147	0.661075
95	156	0.644682
95	163	0.645674
95	165	0.664747
95	166	0.625562
95	167	0.629327
95	168	0.653354
95	169	0.643553
95	171	0.642564
95	173	0.619263
95	174	0.66769
95	175	0.667407
95	178	0.620966
95	179	0.659859
96	38	0.784507
96	51	0.768407
96	56	0.755191
96	65	0.890731
96	67	0.812095
96	69	0.845178
96	71	0.74654
96	78	0.77618
96	79	0.763587
96	91	0.737018
96	94	0.783001
96	100	0.777343
96	103	0.777391
96	123	0.765834
96	137	0.770839
96	140	0.677902
96	155	2.5236
96	160	0.673971
96	163	4.32182
96	164	0.671922
96	169	3.54043
96	172	4.64802
96	180	3.67479
97	40	0.391551
97	64	0.74446
97	69	0.849012
97	73	0.786136
97	80	0.759172
97	84	0.757324
97	86	0.752973
97	101	0.779911
97	106	0.758743
97	112	0.755636
97	113	0.78591
97	114	0.751946
97	115	0.784774
97	116	0.784151
97	119	2.45389
97	123	0.769668
97	128	0.76309
97	132	0.689484
97	137	0.774673
97	152	6.1329
97	160	0.677805
97	163	0.708337
97	164	4.19688
97	180	2.96808
98	5	0.692333
98	6	0.765619
98	15	0.795007
98	27	1.0996
98	30	0.799078
98	31	0.68871
98	32	0.742339
98	36	0.75068
98	37	0.786986
98	39	0.802058
98	42	0.801641
98	48	0.857599
98	85	0.765659
98	90	1.0475
98	99	0.784321
98	105	0.783633
98	108	0.774809
98	149	3.75925
98	153	0.665445
98	156	4.87274
98	157	0.697895
98	171	4.11359
98	172	0.701098
98	180	0.731727
99	10	0.741131
99	43	0.774316
99	44	0.769875
99	47	0.795156
99	61	0.75798
99	76	0.783879
99	77	0.78741
99	85	0.76473
99	92	0.758023
99	93	0.805165
99	98	0.784321
99	102	0.751581
99	105	0.782703
99	108	0.773879
99	120	0.776576
99	132	0.693396
99	149	3.03404
99	153	0.664516
99	159	5.44131
99	161	3.50609
99	163	3.46539
99	164	0.679668
99	175	3.15741
99	180	0.730797
100	38	0.793952
100	51	0.777851
100	53	0.711077
100	56	0.764636
100	63	2.28003
100	65	0.619139
100	67	0.821539
100	69	0.854623
100	71	0.755985
100	78	0.785624
100	79	0.773032
100	91	0.746462
100	94	0.792445
100	96	0.777343
100	103	0.786835
100	110	3.09622
100	123	0.775278
100	137	0.780283
100	140	0.687346
100	150	2.3564
100	160	0.683415
100	163	4.93379
100	164	0.681366
100	174	3.05793
101	41	0.777139
101	64	0.748804
101	73	0.79048
101	80	0.763516
101	84	0.761669
101	86	0.757318
101	97	0.779911
101	106	0.763087
101	110	0.750983
101	112	0.75998
101	113	0.790254
101	114	0.75629
101	115	0.789118
101	116	0.788495
101	128	0.767435
101	132	0.693828
101	134	2.67649
101	135	3.3522
101	138	4.72457
101	147	3.54281
101	151	0.790414
101	160	0.682149
101	163	0.712682
101	164	4.70734
102	10	0.709321
102	43	0.742505
102	44	0.738064
102	47	0.763346
102	55	4.93938
102	61	0.72617
102	76	0.752069
102	77	0.7556
102	85	0.732919
102	92	0.726213
102	93	0.773355
102	99	0.751581
102	105	0.750893
102	108	0.742069
102	120	0.744765
102	121	2.49799
102	122	3.06414
102	132	0.661586
102	140	0.653837
102	153	0.632705
102	157	0.665155
102	164	0.647857
102	169	3.75065
102	180	0.698987
103	38	0.794
103	51	0.777899
103	56	0.764684
103	58	0.644207
103	65	0.619187
103	67	0.821587
103	69	0.85467
103	71	0.756033
103	78	0.785672
103	79	0.77308
103	91	0.74651
103	94	0.792493
103	96	0.777391
103	100	0.786835
103	123	0.775326
103	135	0.714074
103	137	0.780331
103	140	0.687394
103	154	6.66684
103	160	0.683463
103	164	0.681414
103	165	1.92298
103	166	5.17809
103	180	2.31894
104	8	4.51021
104	24	4.68979
104	55	0.64059
104	58	0.728284
104	89	0.624631
104	119	0.691471
104	121	0.678421
104	136	0.664436
104	146	0.676086
104	152	0.623176
104	154	0.62269
104	155	0.703685
104	156	0.64454
104	165	0.664605
104	168	0.653212
104	171	0.642422
104	173	0.619121
104	174	0.667549
104	175	0.667265
104	176	0.632008
104	177	0.620409
104	179	0.659717
104	180	0.664079
105	10	0.740443
105	43	0.773627
105	44	0.769186
105	47	0.794468
105	61	0.757292
105	76	0.783191
105	77	0.786722
105	85	0.764042
105	92	0.757335
105	93	0.804477
105	98	0.783633
105	99	0.782703
105	102	0.750893
105	108	0.773191
105	132	0.692708
105	140	0.68496
105	141	3.06659
105	153	0.663828
105	157	0.696277
105	164	0.67898
105	168	3.70282
105	172	3.82491
105	173	6.5303
105	175	3.19072
105	180	0.730109
106	5	0.670667
106	8	0.839041
106	11	0.706794
106	19	0.688622
106	23	0.771998
106	25	0.74051
106	26	0.77
106	28	0.765888
106	30	0.777413
106	34	0.74894
106	36	0.729014
106	37	0.765321
106	54	0.1238
106	73	0.769312
106	86	0.73615
106	97	0.758743
106	101	0.763087
106	113	0.769086
106	116	0.767327
106	121	2.96049
106	139	3.3702
106	142	4.74819
106	151	0.769246
106	156	5.67668
106	163	0.691514
107	61	2.71264
107	88	3.35053
107	111	0.697553
107	120	2.89268
107	127	0.748323
107	131	0.675024
107	132	0.648964
107	135	0.667896
107	141	0.717793
107	147	0.683219
107	148	0.701561
107	149	0.690037
107	150	0.724873
107	154	0.644976
107	158	0.682866
107	159	0.653575
107	168	0.675498
107	170	0.674635
107	171	0.664708
107	173	0.641407
107	174	0.689835
107	175	0.689551
107	176	0.654294
107	177	0.642695
107	178	0.643111
107	179	0.682003
108	10	0.731619
108	43	0.764803
108	44	0.760362
108	47	0.785644
108	58	1.18916
108	61	0.748468
108	76	0.774367
108	77	0.777898
108	85	0.755218
108	92	0.748511
108	93	0.795653
108	98	0.774809
108	99	0.773879
108	102	0.742069
108	105	0.773191
108	120	0.767063
108	132	0.683884
108	140	0.676136
108	149	3.2988
108	153	0.655004
108	157	0.687453
108	164	0.670156
108	167	4.36506
108	170	3.10078
108	177	6.68234
108	180	0.721285
109	12	1.73395
109	60	2.21125
109	67	2.51234
109	75	2.06134
109	90	0.820472
109	127	0.814506
109	134	0.803892
109	145	0.703132
109	146	0.764555
109	148	0.767745
109	151	0.285853
109	152	0.711645
109	154	0.711159
109	156	0.73301
109	161	0.741942
109	165	0.753074
109	167	0.717655
109	168	0.741682
109	169	0.73188
109	172	0.72192
109	173	0.70759
109	174	0.756018
109	176	0.720477
109	177	0.708878
109	178	0.709294
109	179	0.748186
110	6	1.49626
110	12	3.00093
110	31	0.65494
110	32	0.708569
110	36	2.8066
110	39	0.768287
110	42	0.767871
110	48	0.823829
110	72	0.696036
110	80	0.730243
110	84	0.728396
110	100	3.09622
110	101	0.750983
110	112	0.726707
110	114	0.723018
110	115	0.755846
110	116	0.755223
110	144	0.707262
110	153	0.631675
110	167	0.663063
110	171	0.676299
110	172	0.667328
110	175	0.701143
110	176	0.665885
110	177	0.654286
110	178	0.654702
111	33	3.42311
111	52	0.713294
111	56	2.97407
111	63	0.706938
111	107	0.697553
111	114	2.33113
111	125	0.672174
111	138	0.671593
111	144	0.698696
111	145	0.639974
111	155	0.728997
111	156	0.669852
111	163	0.670843
111	165	0.689916
111	166	0.650732
111	168	0.678524
111	169	0.668722
111	170	0.677661
111	171	0.667733
111	172	0.658762
111	174	0.69286
111	175	0.692577
111	176	0.657319
111	177	0.645721
111	178	0.646136
111	179	0.685028
112	41	0.752863
112	53	0.685536
112	64	0.724528
112	69	0.829081
112	73	0.766205
112	80	0.73924
112	84	0.737393
112	86	0.733042
112	97	0.755636
112	101	0.75998
112	110	0.726707
112	113	0.765978
112	114	0.732015
112	115	0.764843
112	116	0.76422
112	123	0.749737
112	128	0.743159
112	129	1.59227
112	130	4.80712
112	137	0.754741
112	143	2.32379
112	151	0.766139
112	156	4.8365
112	160	0.657874
112	163	0.688406
112	176	5.05451
113	41	0.783137
113	54	0.186416
113	64	0.754803
113	69	0.859355
113	73	0.796479
113	80	0.769515
113	84	0.767667
113	86	0.763316
113	97	0.78591
113	101	0.790254
113	106	0.769086
113	112	0.765978
113	114	0.762289
113	115	0.795117
113	116	0.794494
113	121	3.02311
113	123	0.780011
113	124	2.64863
113	128	0.773433
113	131	4.81659
113	132	0.699827
113	137	0.785015
113	146	3.64773
113	151	0.796413
113	160	0.688148
113	163	0.71868
113	175	4.74917
114	41	0.749173
114	53	0.681846
114	64	0.720839
114	69	0.825391
114	73	0.762515
114	80	0.735551
114	84	0.733703
114	86	0.729352
114	95	3.02578
114	97	0.751946
114	101	0.75629
114	110	0.723018
114	111	2.33113
114	112	0.732015
114	113	0.762289
114	115	0.761153
114	116	0.76053
114	119	2.74089
114	123	0.746047
114	128	0.739469
114	132	0.665863
114	137	0.751051
114	149	3.47076
114	151	0.762449
114	157	4.34601
114	160	0.654184
114	163	0.684716
115	27	0.74388
115	41	0.782002
115	53	0.714674
115	64	0.753667
115	69	0.85822
115	73	0.795343
115	80	0.768379
115	84	0.766532
115	86	0.762181
115	97	0.784774
115	101	0.789118
115	110	0.755846
115	112	0.764843
115	113	0.795117
115	114	0.761153
115	116	0.793358
115	123	0.778875
115	128	0.772298
115	137	0.78388
115	140	4.66987
115	151	0.795277
115	160	0.687012
115	163	0.717545
115	167	4.46979
115	168	4.039
115	174	1.95903
115	179	2.80127
116	41	0.781379
116	49	0.152824
116	53	0.714051
116	64	0.753044
116	73	0.79472
116	80	0.767756
116	84	0.765909
116	86	0.761558
116	97	0.784151
116	101	0.788495
116	106	0.767327
116	110	0.755223
116	112	0.76422
116	113	0.794494
116	114	0.76053
116	115	0.793358
116	117	2.69463
116	122	2.99699
116	123	0.778252
116	128	0.771675
116	132	0.698068
116	137	0.783257
116	151	0.794654
116	152	6.98268
116	160	0.686389
116	162	2.96973
116	163	0.716922
116	179	3.43127
117	1	1.81859
117	23	3.07817
117	57	0.7246
117	116	2.69463
117	118	0.688496
117	129	0.798584
117	130	0.695997
117	131	0.698492
117	136	0.710191
117	137	1.95556
117	139	0.73206
117	146	0.721841
117	147	0.706688
117	154	0.668445
117	155	0.74944
117	159	0.677043
117	160	0.660754
117	165	0.710359
117	167	0.67494
117	169	0.689165
117	170	0.698104
117	171	0.688176
117	173	0.664875
117	176	0.677762
117	177	0.666164
117	178	0.666579
117	179	0.705471
117	180	0.709834
118	8	4.59301
118	89	0.617417
118	117	0.688496
118	134	0.708208
118	138	0.639067
118	139	0.679091
118	145	0.607448
118	146	0.668872
118	148	0.672061
118	149	0.660537
118	151	5.01173
118	152	0.615962
118	154	0.615476
118	155	0.696471
118	156	0.637326
118	165	0.65739
118	167	0.621971
118	168	0.645998
118	169	0.636197
118	170	0.645135
118	171	0.635208
118	173	0.611907
118	174	0.660334
118	175	0.660051
118	176	0.624793
118	177	0.613195
118	178	0.61361
118	179	0.652502
119	39	2.14192
119	42	4.2633
119	95	0.691613
119	97	2.45389
119	104	0.691471
119	114	2.74089
119	126	0.745008
119	138	0.687797
119	139	0.727821
119	146	0.717602
119	148	0.720791
119	149	0.709267
119	154	0.664206
119	155	0.745201
119	156	0.686056
119	162	0.696142
119	164	0.654465
119	165	0.70612
119	166	0.666936
119	169	0.684926
119	170	0.693865
119	173	0.660636
119	174	0.709064
119	175	0.708781
119	176	0.673523
119	177	0.661925
119	178	0.66234
119	179	0.701232
119	180	0.705595
120	5	0.684587
120	6	0.757874
120	12	0.812242
120	15	0.787262
120	25	0.75443
120	29	0.709121
120	30	0.791333
120	36	0.742934
120	37	0.779241
120	59	0.743763
120	60	0.733466
120	63	1.8589
120	66	0.730779
120	74	0.72568
120	76	0.777063
120	81	0.75513
120	87	0.792744
120	88	0.792879
120	92	0.751207
120	99	0.776576
120	102	0.744765
120	107	2.89268
120	108	0.767063
120	125	4.57056
120	143	2.6821
120	153	0.6577
120	155	1.41281
120	157	0.69015
120	160	4.60356
120	180	0.723981
121	1	0.711551
121	2	3.5184
121	14	0.696544
121	16	0.709554
121	31	0.649529
121	32	0.703157
121	33	0.775205
121	39	0.762876
121	42	0.762459
121	48	0.818418
121	102	2.49799
121	104	0.678421
121	106	2.96049
121	113	3.02311
121	135	0.674076
121	138	0.674747
121	142	0.670603
121	145	0.643128
121	146	0.704552
121	153	0.626264
121	162	0.683092
121	163	0.673998
121	167	0.657651
121	172	0.661917
121	173	0.647587
121	174	0.696015
121	175	0.695731
121	176	0.660474
121	177	0.648875
121	180	0.692545
122	35	0.738974
122	79	3.91374
122	85	2.42513
122	89	0.656365
122	102	3.06414
122	116	2.99699
122	125	0.678596
122	129	0.784563
122	133	0.726385
122	136	0.69617
122	138	0.678015
122	141	0.727241
122	144	0.705118
122	145	0.646396
122	147	0.692666
122	148	0.711009
122	155	0.735419
122	156	0.676274
122	159	0.663022
122	161	0.685206
122	166	0.657154
122	167	0.660919
122	168	0.684946
122	169	0.675144
122	170	0.684083
122	171	0.674155
122	175	0.698999
122	176	0.663741
122	177	0.652143
122	178	0.652558
122	179	0.69145
123	1	0.739992
123	14	0.724985
123	16	0.737994
123	33	0.803646
123	78	0.774115
123	79	0.761522
123	84	0.751425
123	86	0.747075
123	91	0.734953
123	94	0.780936
123	96	0.765834
123	97	0.769668
123	100	0.775278
123	103	0.775326
123	112	0.749737
123	113	0.780011
123	114	0.746047
123	115	0.778875
123	116	0.778252
123	130	3.79235
123	135	0.702517
123	153	6.63078
123	158	2.85046
123	159	5.11551
123	161	3.18029
123	162	0.711533
123	163	0.702438
123	164	0.669857
123	174	2.76966
123	180	0.720986
124	19	2.18455
124	56	2.13652
124	87	2.45996
124	95	0.713108
124	113	2.64863
124	125	0.709873
124	133	0.757662
124	137	1.31729
124	144	0.736395
124	145	0.677673
124	147	0.723943
124	148	0.742286
124	150	0.765598
124	154	0.6857
124	155	0.766696
124	157	0.693258
124	158	0.723591
124	159	0.694299
124	161	0.716483
124	165	0.727615
124	166	0.68843
124	169	0.706421
124	170	0.715359
124	171	0.705432
124	173	0.682131
124	174	0.730559
124	175	0.730276
124	176	0.695018
124	177	0.683419
124	178	0.683835
124	179	0.722727
125	58	0.725192
125	73	3.58588
125	95	0.647005
125	111	0.672174
125	120	4.57056
125	122	0.678596
125	124	0.709873
125	127	0.722944
125	133	0.691559
125	136	0.661343
125	142	0.639044
125	144	0.670292
125	147	0.65784
125	148	0.676183
125	150	0.699495
125	151	3.44829
125	155	0.700593
125	156	0.641448
125	159	0.628196
125	160	0.611907
125	161	0.65038
125	165	0.661512
125	167	0.626093
125	168	0.65012
125	169	0.640318
125	171	0.639329
125	173	0.616028
125	174	0.664456
125	175	0.664173
125	176	0.628915
125	177	0.617316
125	178	0.617732
125	179	0.656624
126	20	2.58547
126	48	2.59309
126	53	2.82864
126	69	1.88854
126	72	0.715695
126	119	0.745008
126	139	0.739842
126	143	0.733813
126	144	0.726921
126	145	0.668199
126	146	0.729623
126	147	0.71447
126	151	1.709
126	152	0.676713
126	154	0.676227
126	155	0.757222
126	156	0.698077
126	158	0.714117
126	160	0.668536
126	161	0.707009
126	165	0.718141
126	166	0.678957
126	167	0.682722
126	168	0.706749
126	169	0.696948
126	171	0.695959
126	174	0.721085
126	175	0.720802
126	176	0.685544
126	177	0.673946
126	178	0.674361
126	179	0.713253
126	180	0.717616
127	25	2.15427
127	26	1.76506
127	29	3.2536
127	57	0.754927
127	66	1.94055
127	73	1.84737
127	81	2.23915
127	83	0.817107
127	89	0.700712
127	107	0.748323
127	109	0.814506
127	125	0.722944
127	136	0.740517
127	141	0.771588
127	143	0.756357
127	147	0.737014
127	148	0.755356
127	152	0.699257
127	158	0.736661
127	161	0.729553
127	164	0.689031
127	166	0.701501
127	167	0.705266
127	169	0.719492
127	170	0.72843
127	171	0.718503
127	173	0.695202
127	174	0.74363
127	175	0.743346
127	176	0.708089
127	177	0.69649
127	178	0.696905
127	179	0.735798
128	2	0.795772
128	3	0.723819
128	4	0.73956
128	7	0.815039
128	9	0.738957
128	11	0.711141
128	13	0.813556
128	18	0.702074
128	19	0.692969
128	20	0.8127
128	21	0.780653
128	22	0.767628
128	23	0.776346
128	26	0.774347
128	34	0.753287
128	41	0.760318
128	58	1.13739
128	68	1.91196
128	84	0.744848
128	97	0.76309
128	101	0.767435
128	112	0.743159
128	113	0.773433
128	114	0.739469
128	115	0.772298
128	116	0.771675
128	129	2.33642
128	143	3.19239
128	151	0.773593
128	162	0.704955
128	165	3.97997
128	168	5.22707
128	171	4.94595
128	172	0.68378
129	26	1.99922
129	37	1.81612
129	40	0.793615
129	42	1.52203
129	46	0.77321
129	51	2.38822
129	59	1.94571
129	95	0.752972
129	112	1.59227
129	117	0.798584
129	122	0.784563
129	128	2.33642
129	131	0.755612
129	147	0.763807
129	149	0.770625
129	150	0.805461
129	152	0.726051
129	156	0.747415
129	157	0.733122
129	158	0.763454
129	159	0.734163
129	161	0.756347
129	165	0.767479
129	166	0.728294
129	167	0.73206
129	169	0.746285
129	170	0.755223
129	171	0.745296
129	173	0.721995
129	175	0.77014
129	176	0.734882
129	177	0.723283
129	178	0.723699
129	179	0.762591
130	21	4.60053
130	63	0.681913
130	90	0.73229
130	112	4.80712
130	117	0.695997
130	123	3.79235
130	133	0.694938
130	136	0.664722
130	141	0.695794
130	146	0.676373
130	147	0.661219
130	148	0.679562
130	149	0.668037
130	150	0.702874
130	152	0.623463
130	154	0.622976
130	156	0.644827
130	158	0.660867
130	159	0.631575
130	160	0.615286
130	161	0.653759
130	165	0.664891
130	167	0.629472
130	168	0.653499
130	169	0.643697
130	170	0.652635
130	171	0.642708
130	174	0.667835
130	175	0.667552
130	176	0.632294
130	177	0.620695
130	178	0.621111
130	179	0.660003
131	62	3.11695
131	63	0.684409
131	89	0.627414
131	92	5.26646
131	95	0.65288
131	107	0.675024
131	113	4.81659
131	117	0.698492
131	129	0.755612
131	134	0.718205
131	139	0.689088
131	144	0.676167
131	147	0.663715
131	148	0.682058
131	154	0.625472
131	156	0.647323
131	158	0.663362
131	159	0.634071
131	160	0.617782
131	161	0.656255
131	165	0.667387
131	166	0.628202
131	167	0.631968
131	169	0.646193
131	170	0.655131
131	171	0.645204
131	172	0.636233
131	174	0.670331
131	175	0.670048
131	176	0.63479
131	177	0.623191
131	178	0.623607
131	179	0.662499
132	9	6.05041
132	64	0.658377
132	65	2.58776
132	67	5.36183
132	73	0.700053
132	86	0.66689
132	92	0.668028
132	93	0.71517
132	97	0.689484
132	99	0.693396
132	101	0.693828
132	102	0.661586
132	105	0.692708
132	107	0.648964
132	108	0.683884
132	113	0.699827
132	114	0.665863
132	116	0.698068
132	133	0.671374
132	139	0.663028
132	141	0.67223
132	148	0.655998
132	151	0.699987
132	152	0.599899
132	157	0.60697
132	161	0.630195
132	162	0.631349
132	164	0.589673
132	166	0.602143
132	170	0.629072
132	173	0.595843
