1	19	0.993604
1	57	0.922778
1	112	1.01709
1	143	1.03764
1	148	1.02853
1	151	1.04067
1	155	0.927315
1	159	0.930317
1	163	1.02192
1	171	1.03369
1	177	1.01853
1	180	1.01901
2	10	0.893494
2	28	0.839972
2	29	1.05067
2	31	1.07058
2	128	0.940184
2	131	1.03921
2	139	0.954486
2	169	1.01012
2	174	1.02307
2	177	1.01778
2	179	1.13709
2	180	1.01825
3	6	1.27033
3	50	1.17008
3	53	1.23801
3	60	1.13386
3	63	1.19386
3	72	1.19386
3	132	0.835381
3	158	0.775701
3	161	0.824531
3	168	0.826657
3	178	0.852401
3	179	0.683533
4	113	0.948367
4	121	0.941303
4	128	1.02726
4	137	1.04511
4	141	1.03168
4	152	0.891755
4	155	0.983196
4	156	1.03728
4	170	1.01714
4	177	1.02351
4	178	1.02131
4	180	1.02398
5	58	0.942354
5	65	0.85373
5	67	1.01072
5	118	1.00676
5	160	1.02015
5	161	1.03534
5	171	0.99533
5	173	1.01786
5	174	1.03177
5	175	1.07742
5	177	1.00287
5	180	1.00761
6	3	1.27033
6	50	0.972224
6	53	1.04015
6	60	0.936007
6	63	0.996007
6	72	0.996007
6	115	0.989284
6	133	0.97056
6	144	0.931523
6	170	0.975226
6	177	0.972051
6	178	0.958042
7	11	1.06368
7	26	1.11551
7	36	1.11551
7	50	0.973489
7	60	0.937272
7	63	0.997272
7	68	0.97628
7	72	0.997272
7	83	0.955942
7	137	0.950898
7	160	0.957164
7	174	0.962603
8	18	0.851153
8	30	0.936867
8	33	1.27046
8	37	0.795008
8	71	0.898942
8	78	0.965609
8	114	1.14805
8	144	0.894681
8	146	1.18795
8	152	0.936944
8	158	0.920801
8	174	1.19797
9	37	0.99301
9	71	1.09694
9	78	1.16361
9	81	0.854195
9	106	0.901738
9	144	1.09268
9	152	1.13495
9	156	0.908085
9	158	1.1188
9	165	0.849046
9	178	0.888147
10	2	0.893494
10	21	0.970824
10	86	1.0059
10	96	0.958582
10	104	1.04945
10	116	1.03868
10	160	0.978719
10	165	0.956367
10	173	0.987275
10	174	0.984158
10	175	1.08022
10	176	1.09635
11	7	1.06368
11	26	1.10419
11	36	1.10419
11	53	1.03009
11	60	0.925952
11	63	0.985952
11	72	0.985952
11	124	1.00691
11	141	0.95162
11	156	0.980818
11	160	0.94413
11	165	0.921778
12	20	0.881692
12	91	1.20953
12	107	0.911645
12	108	0.906173
12	112	0.879196
12	117	0.923821
12	128	0.908655
12	129	0.885224
12	150	1.19826
12	153	1.18586
12	159	0.903597
12	178	1.20863
13	68	0.953015
13	103	1.05229
13	115	1.05396
13	116	0.994129
13	144	0.999244
13	148	0.951492
13	152	1.04151
13	153	0.927879
13	158	1.02536
13	172	0.916501
13	175	1.03566
13	176	1.0518
14	46	0.950715
14	48	1.08305
14	49	1.07962
14	77	1.0374
14	80	0.948175
14	92	1.05727
14	121	1.04378
14	153	0.933151
14	156	0.975859
14	157	0.980702
14	170	0.973104
14	174	0.944609
15	31	0.88576
15	55	0.984938
15	70	0.938287
15	103	1.02274
15	104	0.975344
15	113	0.98675
15	116	0.964577
15	126	1.05768
15	139	1.11547
15	144	1.00734
15	175	1.00611
15	176	1.02224
15	178	1.03386
16	91	0.956689
16	119	0.972885
16	124	1.10329
16	137	1.03424
16	139	0.921799
16	145	0.983578
16	150	1.04689
16	155	0.986296
16	163	1.05291
16	167	0.999983
16	172	1.0023
16	173	0.976473
16	176	0.970661
17	39	1.0609
17	59	1.00344
17	104	1.00615
17	114	0.97156
17	142	0.981276
17	155	0.963288
17	159	0.968843
17	160	0.955755
17	162	0.942816
17	166	1.05413
17	171	1.0873
17	175	1.01302
17	176	0.994242
18	8	0.851153
18	30	1.02258
18	37	0.880722
18	71	0.984656
18	78	1.05132
18	83	1.03603
18	144	0.980395
18	152	1.02266
18	158	1.00651
18	167	1.00829
18	169	1.08411
18	172	1.01986
18	178	1.05401
19	1	0.993604
19	29	0.898833
19	38	1.04964
19	44	1.04754
19	74	0.945266
19	84	0.991496
19	95	0.911578
19	99	1.03833
19	110	0.948928
19	120	0.96275
19	149	1.04618
19	164	1.06757
19	179	1.10283
20	12	0.881692
20	54	1.00789
20	107	0.994541
20	108	0.989069
20	128	0.991552
20	129	0.968121
20	145	1.01321
20	159	0.986493
20	164	0.980643
20	165	1.01389
20	166	1.02629
20	169	1.0831
20	177	1.067
21	10	0.970824
21	22	1.05654
21	38	1.0231
21	55	0.966196
21	96	0.865736
21	101	1.05424
21	103	1.004
21	116	0.945836
21	138	1.03384
21	143	1.03349
21	175	0.98737
21	176	1.0035
21	180	1.05659
22	21	1.05654
22	86	1.09162
22	96	1.0443
22	104	1.13516
22	116	1.1244
22	130	0.875236
22	143	0.849728
22	147	0.896519
22	174	0.842769
22	175	1.16593
22	176	1.18206
22	177	0.868089
22	180	0.872828
23	28	0.983817
23	29	1.19452
23	58	1.00574
23	84	1.04428
23	89	0.965632
23	109	0.946073
23	134	0.972228
23	165	0.980251
23	170	0.963191
23	172	0.986769
23	173	0.960945
23	175	1.02051
23	180	0.970038
24	42	0.936465
24	89	0.9859
24	100	0.916005
24	102	0.914607
24	107	0.935633
24	117	0.947809
24	128	0.932643
24	129	0.909212
24	144	1.13485
24	151	1.15422
24	152	1.05764
24	164	0.921735
24	165	1.12226
24	168	1.13562
25	68	1.14954
25	97	1.07796
25	109	1.17009
25	121	1.093
25	125	0.931604
25	149	0.937996
25	156	0.941192
25	163	0.93081
25	166	0.949314
25	167	1.10146
25	170	0.92105
25	174	0.932713
25	177	0.927422
25	180	0.927897
26	7	1.11551
26	11	1.10419
26	50	1.014
26	53	1.08192
26	60	0.977779
26	63	1.03778
26	72	1.03778
26	115	1.03106
26	150	0.963283
26	156	0.993588
26	175	0.875655
26	178	0.97365
26	179	0.804782
26	180	0.992398
27	39	0.912084
27	46	0.863867
27	48	0.996203
27	61	0.932483
27	77	0.95055
27	80	0.861327
27	82	0.956144
27	83	1.13762
27	90	1.05296
27	92	0.970418
27	121	0.956935
27	143	1.15124
27	165	1.11649
27	173	1.1474
28	2	0.839972
28	23	0.983817
28	74	0.98163
28	76	1.04059
28	84	1.02786
28	94	0.918526
28	99	1.07469
28	110	0.985293
28	111	1.05307
28	122	1.09768
28	124	0.987981
28	174	0.930635
28	178	0.941946
28	179	1.13919
29	2	1.05067
29	19	0.898833
29	23	1.19452
29	65	0.994926
29	81	0.936311
29	84	0.918175
29	95	0.838256
29	99	0.965008
29	110	0.875607
29	111	0.943387
29	150	1.14228
29	158	1.07595
29	160	1.1359
29	179	1.0295
30	8	0.936867
30	18	1.02258
30	37	0.966436
30	71	1.07037
30	78	1.13704
30	87	0.936727
30	101	0.943091
30	144	1.06611
30	152	1.10837
30	153	0.903918
30	158	1.09223
30	163	0.922337
30	169	0.956789
30	177	0.940696
31	2	1.07058
31	15	0.88576
31	47	1.04173
31	55	0.955236
31	58	0.946173
31	70	0.908586
31	96	0.854776
31	104	0.945642
31	116	0.934876
31	149	1.15435
31	165	1.13345
31	169	1.20266
31	175	0.97641
31	176	0.992543
32	65	1.0128
32	91	0.914287
32	98	0.877598
32	105	1.23332
32	135	1.09504
32	138	0.941036
32	142	0.961881
32	160	0.936361
32	161	0.951553
32	162	0.923422
32	163	1.14359
32	165	0.953376
32	166	1.12123
32	178	0.940488
33	8	1.27046
33	70	1.10934
33	84	1.06359
33	102	1.06874
33	120	1.08157
33	142	0.943351
33	160	0.917831
33	165	0.934846
33	168	0.945053
33	171	0.939311
33	172	0.941365
33	174	0.929449
33	177	0.924158
33	180	0.924633
34	36	0.87672
34	90	1.08102
34	117	0.968292
34	131	0.91392
34	145	0.913392
34	156	1.05094
34	157	1.04688
34	162	0.962589
34	164	0.956371
34	166	1.05906
34	171	1.05232
34	177	1.03717
34	178	1.03497
34	180	1.03764
35	65	1.07896
35	122	1.07068
35	135	0.973695
35	145	1.1743
35	148	0.929948
35	151	0.942095
35	162	1.2235
35	163	0.923342
35	166	0.941846
35	170	0.913582
35	171	0.935107
35	177	0.919954
35	179	1.04523
35	180	0.920429
36	7	1.11551
36	11	1.10419
36	34	0.87672
36	50	1.014
36	53	1.08192
36	60	0.977779
36	63	1.03778
36	72	1.03778
36	87	0.943953
36	105	1.0193
36	115	1.03106
36	143	0.929561
36	172	0.899765
36	178	0.933913
37	8	0.795008
37	9	0.99301
37	18	0.880722
37	30	0.966436
37	71	0.928511
37	78	0.995178
37	144	0.92425
37	152	0.966513
37	158	0.95037
37	162	1.15054
37	165	1.10203
37	176	1.05454
37	177	1.15514
37	178	1.14113
38	19	1.04964
38	21	1.0231
38	58	0.949125
38	68	0.997999
38	105	0.953824
38	139	1.07725
38	154	1.01558
38	168	1.0213
38	169	0.992741
38	170	0.99403
38	171	1.01555
38	174	1.00569
38	175	0.897638
38	177	1.0004
38	180	1.00088
39	17	1.0609
39	27	0.912084
39	48	1.06549
39	49	1.06206
39	61	1.00177
39	66	0.942989
39	77	1.01984
39	80	0.930619
39	82	1.02544
39	92	1.03971
39	118	0.996422
39	148	0.991287
39	150	0.980077
39	173	0.982249
39	178	0.990443
40	69	0.997471
40	74	1.01504
40	106	1.0132
40	125	0.998116
40	126	0.99353
40	137	1.01554
40	140	0.98156
40	143	1.01304
40	147	0.993953
40	159	0.990325
40	165	1.00462
40	170	0.987563
40	173	0.991411
40	174	0.999225
40	180	0.99441
41	73	1.04265
41	89	1.05469
41	102	0.983398
41	107	1.00442
41	108	0.998952
41	112	0.971975
41	117	1.0166
41	124	1.03203
41	128	1.00143
41	129	0.978004
41	163	0.981649
41	164	0.990526
41	171	0.992466
41	174	0.974688
41	178	0.985999
42	24	0.936465
42	64	0.983843
42	108	1.01985
42	112	0.992878
42	117	1.0375
42	122	0.893073
42	128	1.02234
42	129	0.998906
42	136	0.996789
42	160	1.01974
42	162	1.04589
42	164	1.01143
42	168	1.01074
42	172	1.00234
42	174	1.02518
43	55	0.960298
43	63	1.02238
43	71	0.949023
43	89	0.90713
43	96	1.13027
43	123	1.00729
43	128	1.02553
43	138	0.979144
43	162	0.96153
43	165	0.991484
43	166	1.00269
43	167	0.995688
43	177	0.980795
43	179	1.10011
43	180	0.981271
44	19	1.04754
44	80	1.10993
44	97	0.924318
44	129	1.03147
44	135	1.03865
44	149	0.995481
44	157	0.994622
44	159	0.984254
44	163	0.988296
44	166	1.0068
44	168	1.0058
44	171	1.00006
44	175	0.895539
44	177	0.984907
44	180	0.985383
45	109	0.963028
45	110	1.0428
45	111	0.944137
45	113	1.00861
45	114	0.995995
45	130	0.956081
45	135	0.958682
45	151	1.00444
45	164	0.987428
45	167	1.00141
45	170	1.02877
45	172	1.00372
45	173	0.9779
45	177	1.02559
45	179	1.10583
46	14	0.950715
46	27	0.863867
46	48	1.01728
46	49	1.01384
46	61	0.953558
46	77	0.971624
46	80	0.882401
46	82	0.977219
46	92	0.991492
46	119	1.09816
46	121	0.97801
46	146	1.08242
46	166	1.07704
46	175	1.00576
46	176	1.01716
46	180	1.1225
47	31	1.04173
47	57	1.07953
47	72	0.928711
47	75	0.992819
47	114	1.07481
47	118	1.04562
47	132	1.07482
47	143	0.875198
47	145	1.06382
47	151	0.872408
47	157	0.904332
47	160	1.05901
47	172	1.08254
47	173	1.05672
47	176	0.792956
47	178	1.06313
48	14	1.08305
48	27	0.996203
48	39	1.06549
48	46	1.01728
48	61	1.08589
48	77	1.10396
48	80	1.01474
48	82	1.10955
48	88	0.878897
48	92	1.12383
48	146	0.933048
48	154	0.962898
48	156	0.974316
48	165	0.915277
48	178	0.954378
48	179	0.78551
49	14	1.07962
49	39	1.06206
49	46	1.01384
49	61	1.08246
49	66	1.02367
49	76	0.888943
49	77	1.10053
49	80	1.0113
49	82	1.10612
49	92	1.12039
49	133	0.948619
49	152	0.832378
49	153	0.913332
49	163	0.931751
49	169	0.966203
49	174	0.92479
50	3	1.17008
50	6	0.972224
50	7	0.973489
50	26	1.014
50	36	1.014
50	53	0.939902
50	60	0.83576
50	63	0.89576
50	72	0.89576
50	115	0.889037
50	119	1.06735
50	127	1.10155
50	141	1.06367
50	161	1.04506
50	168	1.04719
50	171	1.0794
51	91	1.09576
51	97	1.02565
51	127	0.962059
51	155	1.08258
51	156	0.96938
51	160	1.07812
51	163	0.958998
51	167	1.04915
51	168	0.976505
51	169	0.947949
51	170	0.949238
51	171	0.970763
51	172	1.06072
51	177	0.95561
51	178	0.95341
51	180	0.956085
52	57	1.02834
52	62	1.11074
52	94	1.02206
52	100	1.01304
52	101	1.00758
52	119	1.00194
52	126	0.960536
52	139	0.950852
52	144	0.910201
52	154	0.94524
52	157	0.961502
52	160	1.00782
52	161	1.02301
52	168	0.910976
52	173	1.00553
52	174	1.01943
52	179	1.13345
53	3	1.23801
53	6	1.04015
53	11	1.03009
53	26	1.08192
53	36	1.08192
53	50	0.939902
53	60	0.903684
53	63	0.963684
53	72	0.963684
53	115	0.956962
53	133	0.984194
53	140	0.953631
53	153	0.948906
53	169	1.00178
53	174	0.960365
53	177	0.985684
53	178	0.971676
54	20	1.00789
54	64	0.996359
54	100	1.01821
54	102	1.01682
54	108	1.03237
54	117	1.05002
54	120	1.00227
54	128	1.03485
54	129	1.01142
54	143	1.00329
54	159	1.02979
54	165	0.968544
54	167	0.96193
54	171	1.01411
54	174	0.996335
54	177	1.02165
54	179	0.838778
55	15	0.984938
55	21	0.966196
55	31	0.955236
55	43	0.960298
55	86	1.00127
55	93	1.06807
55	96	0.953954
55	103	1.09222
55	104	1.04482
55	116	1.03405
55	153	0.954159
55	165	0.937826
55	172	0.94278
55	174	0.965617
55	175	1.07559
55	176	1.09172
55	178	0.976928
56	64	0.984207
56	89	1.07596
56	102	1.00466
56	107	1.02569
56	108	1.02022
56	117	1.03787
56	128	1.0227
56	129	0.999269
56	130	1.00644
56	150	0.974921
56	152	0.881565
56	159	1.01764
56	161	0.957418
56	164	1.01179
56	171	0.991755
56	178	0.985288
56	180	1.00404
57	1	0.922778
57	47	1.07953
57	52	1.02834
57	117	1.00867
57	138	1.00742
57	139	0.94578
57	141	0.984297
57	149	0.975353
57	155	1.01028
57	161	1.01794
57	167	1.02396
57	171	1.00002
57	172	1.02628
57	173	1.00045
57	175	1.06001
57	176	0.906963
57	177	1.00757
58	5	0.942354
58	23	1.00574
58	31	0.946173
58	38	0.949125
58	70	0.9987
58	86	0.992211
58	93	1.05501
58	96	0.944891
58	103	1.08315
58	104	1.03576
58	116	1.02499
58	125	1.00007
58	133	1.02494
58	158	0.887167
58	175	1.06653
58	176	1.08266
58	178	0.963867
59	17	1.00344
59	84	0.937953
59	106	1.01714
59	108	0.969132
59	115	1.04923
59	119	1.02403
59	129	0.98385
59	130	1.0058
59	139	0.972941
59	141	0.936658
59	162	1.01697
59	165	1.04692
59	167	1.05112
59	173	1.02762
59	177	0.959927
59	178	1.03403
59	180	0.964666
60	3	1.13386
60	6	0.936007
60	7	0.937272
60	11	0.925952
60	26	0.977779
60	36	0.977779
60	50	0.83576
60	53	0.903684
60	63	0.859543
60	72	0.859543
60	115	0.85282
60	134	1.13565
60	165	1.10174
60	168	1.1151
60	177	1.15486
60	178	1.14085
60	180	1.15959
61	27	0.932483
61	39	1.00177
61	46	0.953558
61	48	1.08589
61	49	1.08246
61	67	1.00301
61	77	1.04024
61	80	0.951018
61	82	1.04584
61	92	1.06011
61	121	1.04663
61	153	0.958758
61	165	0.942426
61	166	0.954817
61	174	0.970216
61	177	0.995536
61	178	0.981527
62	52	1.11074
62	123	0.937953
62	139	1.26601
62	143	0.930566
62	146	0.913659
62	156	0.925228
62	157	0.921172
62	166	0.933349
62	167	1.13868
62	168	0.932352
62	169	0.903797
62	173	1.1762
62	175	1.0864
62	176	0.978533
62	177	0.911457
62	179	1.01553
62	180	0.911933
63	3	1.19386
63	6	0.996007
63	7	0.997272
63	11	0.985952
63	26	1.03778
63	36	1.03778
63	43	1.02238
63	50	0.89576
63	53	0.963684
63	60	0.859543
63	72	0.919542
63	115	0.91282
63	118	1.04499
63	146	1.01768
63	149	1.0208
63	159	1.02973
63	174	1.0277
63	178	1.03901
64	42	0.983843
64	54	0.996359
64	56	0.984207
64	89	1.03328
64	91	1.06315
64	102	0.961985
64	107	0.983011
64	112	0.950562
64	117	0.995187
64	128	0.980021
64	129	0.95659
64	132	1.04523
64	134	1.05705
64	145	1.02246
64	146	1.04092
64	159	0.974963
64	177	1.07626
64	179	0.893386
65	5	0.85373
65	29	0.994926
65	32	1.0128
65	35	1.07896
65	74	1.04136
65	76	1.10032
65	81	1.10573
65	95	1.00767
65	99	1.13442
65	110	1.04502
65	111	1.1128
65	120	1.05884
65	131	0.835981
65	133	0.88776
65	153	0.852473
65	176	0.788648
65	179	1.19892
65	180	0.89399
66	39	0.942989
66	49	1.02367
66	71	0.968524
66	74	1.07258
66	78	1.03519
66	80	0.892232
66	82	0.98705
66	92	1.00132
66	118	1.06313
66	121	0.98784
66	144	0.964263
66	152	1.00653
66	158	0.990383
66	165	1.01805
66	174	1.04584
66	175	0.959157
66	176	0.970558
66	177	1.07116
67	5	1.01072
67	61	1.00301
67	83	1.01389
67	84	1.0239
67	94	0.987035
67	106	0.960025
67	109	0.95563
67	133	1.04438
67	138	0.977468
67	140	0.990782
67	145	0.977607
67	150	1.02149
67	155	0.980325
67	162	0.959853
67	169	1.06196
67	171	1.03833
67	173	0.970502
67	175	1.03006
68	7	0.97628
68	13	0.953015
68	25	1.14954
68	38	0.997999
68	69	0.948155
68	72	1.0619
68	132	0.987673
68	138	0.976532
68	140	0.989847
68	142	0.997377
68	156	1.03268
68	160	0.971857
68	161	0.987049
68	167	0.993076
68	172	0.995391
68	173	0.969566
68	174	0.983475
68	180	1.03149
69	40	0.997471
69	68	0.948155
69	75	1.12151
69	132	0.974336
69	134	1.00304
69	136	1.05742
69	141	0.99898
69	145	0.963335
69	154	1.01676
69	158	1.00549
69	161	0.973712
69	167	0.979739
69	171	1.01471
69	172	0.982054
69	173	0.95623
69	174	0.970138
69	178	0.962647
69	179	1.08416
70	15	0.938287
70	31	0.908586
70	33	1.10934
70	58	0.9987
70	86	0.954623
70	89	0.96155
70	96	0.907304
70	103	1.04557
70	104	0.99817
70	116	0.987403
70	133	0.987353
70	135	0.995263
70	137	1.02515
70	149	1.02996
70	174	1.03685
70	175	1.02894
70	176	1.04507
70	178	1.04816
71	8	0.898942
71	9	1.09694
71	18	0.984656
71	30	1.07037
71	37	0.928511
71	43	0.949023
71	66	0.968524
71	78	1.09911
71	133	0.978172
71	137	0.942637
71	139	1.04727
71	144	1.02818
71	152	1.07045
71	158	1.0543
71	159	0.956374
71	169	0.995755
71	172	0.931506
72	3	1.19386
72	6	0.996007
72	7	0.997272
72	11	0.985952
72	26	1.03778
72	36	1.03778
72	47	0.928711
72	50	0.89576
72	53	0.963684
72	60	0.859543
72	63	0.919542
72	68	1.0619
72	115	0.91282
72	165	1.02044
72	167	1.01382
72	170	1.07672
72	173	1.05134
72	174	1.04823
73	41	1.04265
73	76	0.984444
73	84	0.971718
73	89	0.980407
73	104	0.992334
73	110	0.92915
73	111	0.99693
73	119	1.06144
73	151	0.985878
73	155	1.05474
73	158	0.990322
73	164	1.07021
73	168	0.984632
73	170	0.957365
73	171	0.97889
73	177	0.963737
73	179	1.08305
73	180	0.964212
74	19	0.945266
74	28	0.98163
74	40	1.01504
74	65	1.04136
74	66	1.07258
74	81	0.982744
74	84	0.964608
74	90	1.00048
74	95	0.884689
74	99	1.01144
74	110	0.92204
74	111	0.98982
74	157	1.05059
74	160	1.00906
74	168	1.00006
74	170	1.04299
74	174	1.01449
74	179	1.07594
75	47	0.992819
75	69	1.12151
75	82	1.054
75	120	1.13366
75	127	0.94483
75	147	0.9384
75	149	0.948955
75	150	0.929163
75	156	0.952151
75	160	1.10689
75	161	1.09577
75	166	0.960273
75	168	0.959276
75	169	0.930721
75	171	0.953534
75	172	1.0895
75	176	1.00546
75	177	0.938381
75	180	0.938856
76	28	1.04059
76	49	0.888943
76	65	1.10032
76	73	0.984444
76	81	1.0417
76	90	1.05943
76	95	0.943646
76	99	1.0704
76	110	0.980996
76	111	1.04878
76	120	0.994818
76	124	1.00925
76	155	0.950935
76	160	0.946467
76	164	0.966406
76	165	0.924115
76	174	0.951906
76	178	0.963217
76	179	1.13489
77	14	1.0374
77	27	0.95055
77	39	1.01984
77	46	0.971624
77	48	1.10396
77	49	1.10053
77	61	1.04024
77	80	0.969084
77	82	1.0639
77	92	1.07818
77	121	1.06469
77	135	0.931475
77	146	0.963046
77	153	0.961606
77	156	1.00431
77	163	0.980025
77	175	0.88638
77	176	0.897781
77	178	0.984376
78	8	0.965609
78	9	1.16361
78	18	1.05132
78	30	1.13704
78	37	0.995178
78	66	1.03519
78	71	1.09911
78	79	1.0242
78	134	0.910336
78	144	1.09485
78	149	0.897332
78	152	1.13711
78	158	1.12097
78	164	0.918725
78	168	0.889792
78	174	0.904225
78	178	0.915536
78	179	0.746667
79	78	1.0242
79	87	1.12908
79	93	0.905425
79	132	1.10202
79	135	0.99204
79	137	0.959902
79	138	1.11505
79	148	0.948292
79	151	0.960439
79	152	1.01532
79	156	0.952069
79	164	1.12223
79	166	0.96019
79	168	0.959193
79	170	0.931927
79	171	0.953451
79	172	1.08489
79	177	0.938298
79	180	0.938774
80	14	0.948175
80	27	0.861327
80	39	0.930619
80	44	1.10993
80	46	0.882401
80	48	1.01474
80	49	1.0113
80	61	0.951018
80	66	0.892232
80	77	0.969084
80	82	0.974679
80	92	0.988952
80	121	0.97547
80	153	1.104
80	173	1.11858
80	176	1.04018
80	178	1.12677
80	179	0.957903
80	180	1.14552
81	9	0.854195
81	29	0.936311
81	65	1.10573
81	74	0.982744
81	76	1.0417
81	84	1.02897
81	88	0.900941
81	95	0.949056
81	99	1.07581
81	110	0.986406
81	111	1.05419
81	122	1.09879
81	127	1.00503
81	138	0.972425
81	148	0.977266
81	154	0.984942
81	163	0.972072
81	165	0.937321
81	179	1.1403
82	27	0.956144
82	39	1.02544
82	46	0.977219
82	48	1.10955
82	49	1.10612
82	61	1.04584
82	66	0.98705
82	75	1.054
82	77	1.0639
82	80	0.974679
82	92	1.08377
82	121	1.07029
82	135	0.887828
82	144	0.91421
82	147	0.983168
82	153	0.91796
82	162	0.950136
82	178	0.940729
82	180	0.959477
83	7	0.955942
83	18	1.03603
83	27	1.13762
83	67	1.01389
83	97	0.923186
83	126	0.991009
83	132	0.975382
83	142	0.971399
83	148	1.00141
83	150	0.982195
83	155	0.98012
83	157	1.00113
83	163	0.994801
83	168	1.01231
83	169	0.983752
83	170	0.985041
83	171	1.00657
83	176	1.05849
83	177	0.991413
83	180	0.991888
84	19	0.991496
84	23	1.04428
84	28	1.02786
84	29	0.918175
84	33	1.06359
84	59	0.937953
84	67	1.0239
84	73	0.971718
84	74	0.964608
84	81	1.02897
84	95	0.93092
84	99	1.05767
84	110	0.96827
84	111	1.03605
84	120	0.982093
84	149	0.984205
84	158	0.92571
84	169	1.03251
84	174	0.991098
84	179	1.12217
85	101	1.03236
85	124	0.991256
85	129	1.05389
85	130	1.03712
85	137	1.01323
85	148	1.00162
85	152	0.912237
85	154	1.0068
85	157	1.00134
85	158	0.93926
85	159	1.00668
85	160	0.99921
85	166	1.01352
85	168	1.01252
85	169	0.983964
85	170	0.985253
85	171	1.00678
85	173	1.00777
85	177	0.991624
85	180	0.9921
86	10	1.0059
86	22	1.09162
86	55	1.00127
86	58	0.992211
86	70	0.954623
86	96	0.900814
86	103	1.03908
86	104	0.99168
86	106	1.01027
86	116	0.980913
86	132	0.979656
86	133	0.980863
86	147	1.03912
86	151	0.989534
86	154	1.0052
86	160	0.979926
86	164	0.999865
86	175	1.02245
86	176	1.03858
86	178	0.996676
87	30	0.936727
87	36	0.943953
87	79	1.12908
87	94	0.994186
87	102	1.0176
87	138	0.984619
87	139	0.922979
87	141	1.01115
87	158	1.02691
87	161	0.995136
87	162	0.967005
87	166	0.993704
87	167	1.00116
87	170	1.0376
87	172	1.00348
87	173	0.977653
87	175	1.03721
87	176	0.93382
87	178	0.98407
87	179	1.10558
88	48	0.878897
88	81	0.900941
88	101	1.03254
88	105	1.02028
88	122	1.11691
88	126	0.958709
88	130	1.00867
88	131	1.06054
88	138	1.03746
88	139	0.975817
88	154	0.943414
88	160	1.03278
88	161	1.04797
88	167	1.054
88	169	0.964995
88	171	0.941361
88	173	1.03049
88	174	1.0444
88	176	0.848299
88	179	1.15842
88	180	0.953641
89	23	0.965632
89	24	0.9859
89	41	1.05469
89	43	0.90713
89	56	1.07596
89	64	1.03328
89	70	0.96155
89	73	0.980407
89	107	1.07476
89	112	1.04231
89	120	1.03919
89	128	1.07177
89	129	1.04834
89	136	1.04622
89	157	0.948543
89	159	1.06671
89	164	1.06086
89	168	0.898017
89	171	0.930228
89	172	0.889613
89	178	0.923761
90	27	1.05296
90	34	1.08102
90	74	1.00048
90	76	1.05943
90	95	0.966788
90	98	1.02021
90	109	0.930647
90	110	1.00414
90	111	1.07192
90	132	0.890718
90	138	0.903741
90	159	0.898458
90	161	0.879868
90	163	1.04211
90	164	0.910928
90	170	1.03235
90	173	0.899544
90	176	1.1058
90	177	1.03873
90	179	1.15804
90	180	1.0392
91	12	1.20953
91	16	0.956689
91	32	0.914287
91	51	1.09576
91	64	1.06315
91	113	0.98857
91	114	0.975953
91	123	0.969889
91	139	0.903184
91	142	0.985669
91	143	1.00692
91	151	1.00413
91	162	0.94721
91	164	0.967386
91	167	0.981367
91	170	1.02846
91	173	0.957858
91	174	0.971766
91	178	0.964275
91	179	1.08579
91	180	1.03002
92	14	1.05727
92	27	0.970418
92	39	1.03971
92	46	0.991492
92	48	1.12383
92	49	1.12039
92	61	1.06011
92	66	1.00132
92	77	1.07818
92	80	0.988952
92	82	1.08377
92	121	1.08456
92	126	1.00353
92	137	0.956694
92	142	0.958707
92	146	0.95838
92	158	0.903011
92	165	0.940609
92	176	0.893116
92	178	0.97971
92	179	0.810842
93	55	1.06807
93	58	1.05501
93	79	0.905425
93	100	0.957184
93	137	0.983607
93	141	0.970173
93	143	0.981112
93	145	1.06173
93	146	0.964206
93	156	0.975774
93	157	0.971718
93	161	1.07365
93	164	1.10471
93	168	0.982899
93	169	0.954343
93	173	1.09333
93	175	1.00353
93	176	1.02908
93	177	0.962003
93	179	0.932652
93	180	0.962479
94	28	0.918526
94	52	1.02206
94	67	0.987035
94	87	0.994186
94	119	0.990587
94	128	1.01874
94	155	1.004
94	156	1.00689
94	158	1.04344
94	159	1.00955
94	161	1.01166
94	162	0.983526
94	166	0.960244
94	167	1.01768
94	170	1.00414
94	171	0.993422
94	172	1.02
94	173	0.994174
94	176	0.90036
94	177	1.00096
94	179	1.1221
94	180	1.0057
95	19	0.911578
95	29	0.838256
95	65	1.00767
95	74	0.884689
95	76	0.943646
95	81	0.949056
95	84	0.93092
95	90	0.966788
95	99	0.977753
95	110	0.888352
95	111	0.956132
95	114	1.05764
95	120	0.902174
95	122	1.00074
95	127	1.14749
95	131	1.07962
95	159	1.1096
95	170	1.13606
95	174	1.10757
95	176	1.03228
95	177	1.13289
95	179	1.04225
96	10	0.958582
96	21	0.865736
96	22	1.0443
96	31	0.854776
96	43	1.13027
96	55	0.953954
96	58	0.944891
96	70	0.907304
96	86	0.900814
96	103	0.991757
96	104	0.944361
96	113	1.09979
96	116	0.933594
96	133	0.933543
96	152	1.04318
96	161	1.11903
96	163	1.14255
96	168	1.12115
96	175	0.975128
96	176	0.991261
96	179	0.97803
96	180	1.16565
97	25	1.07796
97	44	0.924318
97	51	1.02565
97	83	0.923186
97	120	0.951175
97	124	0.987194
97	129	0.97909
97	132	1.00301
97	140	1.00518
97	147	0.983598
97	153	1.00761
97	154	0.949679
97	155	0.994724
97	158	1.03416
97	159	1.00028
97	161	1.00238
97	167	1.00841
97	172	1.01072
97	173	0.984901
97	175	1.04446
97	178	0.991318
97	179	1.11283
98	32	0.877598
98	90	1.02021
98	109	0.906298
98	113	0.951882
98	118	0.910071
98	119	0.917582
98	121	0.967888
98	122	1.00759
98	123	1.08146
98	146	1.10152
98	148	1.12369
98	151	1.11571
98	152	0.986573
98	158	0.97043
98	162	0.910521
98	163	1.1185
98	167	0.944679
98	168	1.09711
98	169	1.15295
98	172	0.946994
98	173	0.921169
98	175	0.98073
99	19	1.03833
99	28	1.07469
99	29	0.965008
99	65	1.13442
99	74	1.01144
99	76	1.0704
99	81	1.07581
99	84	1.05767
99	95	0.977753
99	110	1.0151
99	111	1.08288
99	114	0.877815
99	122	1.12749
99	135	0.886149
99	142	0.918047
99	147	0.98149
99	154	0.94757
99	164	0.94224
99	173	0.930856
99	174	0.927739
99	176	0.852456
99	178	0.93905
99	179	1.169
100	24	0.916005
100	52	1.01304
100	54	1.01821
100	93	0.957184
100	108	0.999394
100	112	0.972417
100	113	1.03958
100	114	1.02546
100	118	1.09267
100	121	1.03252
100	126	0.989653
100	128	1.00188
100	136	0.976328
100	152	0.982972
100	153	1.00415
100	157	0.999772
100	162	1.0961
100	163	0.993446
100	164	0.990968
100	175	0.9887
100	177	0.990057
100	179	0.917827
100	180	0.990533
101	21	1.05424
101	30	0.943091
101	52	1.00758
101	85	1.03236
101	88	1.03254
101	109	0.964822
101	113	1.01041
101	118	0.968595
101	130	0.957875
101	139	0.925019
101	141	1.01752
101	143	1.02243
101	145	0.986799
101	150	1.01641
101	155	0.989517
101	161	0.997176
101	162	0.969045
101	165	0.999
101	170	1.04396
101	171	1.03325
101	172	1.00552
101	178	0.986111
101	180	1.04553
102	24	0.914607
102	33	1.06874
102	41	0.983398
102	54	1.01682
102	56	1.00466
102	64	0.961985
102	87	1.0176
102	107	1.00347
102	108	0.997996
102	112	0.971019
102	117	1.01564
102	120	0.967894
102	128	1.00048
102	129	0.977047
102	147	1.05
102	153	0.984794
102	156	1.0275
102	159	0.99542
102	164	0.989569
102	170	1.02475
102	171	1.01403
102	174	0.996252
102	180	1.02631
103	13	1.05229
103	15	1.02274
103	21	1.004
103	55	1.09222
103	58	1.08315
103	70	1.04557
103	86	1.03908
103	96	0.991757
103	104	1.08262
103	113	0.890384
103	116	1.07186
103	123	0.896109
103	133	1.07181
103	151	0.930353
103	154	0.946015
103	161	0.909624
103	162	0.946902
103	165	0.898393
103	167	0.891779
103	175	1.11339
103	176	1.12952
103	178	0.937495
103	180	0.956242
104	10	1.04945
104	15	0.975344
104	17	1.00615
104	22	1.13516
104	31	0.945642
104	55	1.04482
104	58	1.03576
104	70	0.99817
104	73	0.992334
104	86	0.99168
104	96	0.944361
104	103	1.08262
104	112	1.01318
104	116	1.02446
104	119	0.930101
104	126	0.959503
104	133	1.02441
104	134	0.930488
104	136	0.984869
104	151	0.928546
104	166	0.908977
104	170	0.952871
104	175	1.06599
104	176	1.08213
105	32	1.23332
105	36	1.0193
105	38	0.953824
105	88	1.02028
105	126	0.947894
105	127	0.954747
105	132	1.07874
105	135	1.00204
105	139	1.17738
105	141	0.956469
105	145	1.05597
105	149	0.958873
105	151	0.970439
105	152	0.992039
105	154	0.963478
105	163	0.951687
105	166	0.97019
105	168	0.969194
105	169	0.940638
105	171	0.963452
105	173	1.08757
105	177	0.948298
105	179	0.926894
105	180	0.948774
106	9	0.901738
106	40	1.0132
106	59	1.01714
106	67	0.960025
106	86	1.01027
106	122	1.05358
106	131	0.997216
106	132	0.985271
106	140	0.987445
106	142	0.994976
106	144	0.997447
106	145	0.97427
106	146	1.00264
106	148	1.02481
106	153	0.989877
106	156	1.0439
106	161	0.984647
106	170	1.04115
106	172	0.992989
106	173	0.967165
106	175	1.02672
106	176	0.937372
106	177	1.03797
106	178	0.973582
106	179	1.09509
107	12	0.911645
107	20	0.994541
107	24	0.935633
107	41	1.00442
107	56	1.02569
107	64	0.983011
107	89	1.07476
107	102	1.00347
107	108	1.01902
107	110	1.06292
107	112	0.992045
107	114	0.970467
107	117	1.03667
107	120	0.98892
107	125	1.06791
107	128	1.0215
107	129	0.998073
107	137	1.00869
107	154	1.04022
107	164	1.0106
107	168	1.00596
107	174	1.02039
107	175	0.933708
107	178	1.0317
107	179	0.862835
108	12	0.906173
108	20	0.989069
108	41	0.998952
108	42	1.01985
108	54	1.03237
108	56	1.02022
108	59	0.969132
108	100	0.999394
108	102	0.997996
108	107	1.01902
108	112	0.986573
108	117	1.0312
108	123	0.992203
108	129	0.992601
108	134	1.02839
108	136	0.990484
108	153	1.01082
108	159	1.01097
108	161	1.00572
108	163	1.02924
108	164	1.00512
108	174	1.02228
108	178	1.03359
108	179	0.86472
108	180	1.05234
109	23	0.946073
109	25	1.17009
109	45	0.963028
109	67	0.95563
109	90	0.930647
109	98	0.906298
109	101	0.964822
109	111	0.965838
109	118	0.951671
109	130	0.940951
109	133	1.0458
109	136	1.08247
109	140	0.98305
109	142	0.990581
109	145	0.969875
109	148	1.03413
109	153	0.985482
109	154	1.0418
109	156	1.05322
109	157	1.05807
109	159	0.978148
109	163	1.02893
109	172	0.988594
109	173	0.96277
109	175	1.02233
109	179	1.0907
110	19	0.948928
110	28	0.985293
110	29	0.875607
110	45	1.0428
110	65	1.04502
110	73	0.92915
110	74	0.92204
110	76	0.980996
110	81	0.986406
110	84	0.96827
110	90	1.00414
110	95	0.888352
110	99	1.0151
110	107	1.06292
110	111	0.993483
110	119	1.036
110	120	0.939524
110	122	1.03809
110	147	1.08403
110	150	1.03122
110	153	1.01882
110	161	1.01372
110	166	1.01488
110	178	1.04159
110	179	1.0796
110	180	1.06034
111	28	1.05307
111	29	0.943387
111	45	0.944137
111	65	1.1128
111	73	0.99693
111	74	0.98982
111	76	1.04878
111	81	1.05419
111	84	1.03605
111	90	1.07192
111	95	0.956132
111	99	1.08288
111	109	0.965838
111	110	0.993483
111	120	1.0073
111	122	1.10587
111	125	0.979134
111	131	0.903667
111	132	0.925908
111	136	0.99211
111	144	0.91641
111	146	0.921599
111	157	0.967711
111	170	0.960112
111	174	0.931618
111	179	1.14738
112	1	1.01709
112	12	0.879196
112	41	0.971975
112	42	0.992878
112	64	0.950562
112	89	1.04231
112	100	0.972417
112	102	0.971019
112	104	1.01318
112	107	0.992045
112	108	0.986573
112	117	1.00422
112	120	0.956471
112	128	0.989055
112	129	0.965624
112	136	0.963507
112	153	1.0651
112	159	0.983997
112	164	0.978147
112	166	1.06116
112	168	1.06213
112	170	1.10505
112	174	1.07656
112	176	1.00128
112	178	1.08787
112	179	0.919001
113	4	0.948367
113	15	0.98675
113	45	1.00861
113	91	0.98857
113	96	1.09979
113	98	0.951882
113	100	1.03958
113	101	1.01041
113	103	0.890384
113	121	1.05507
113	125	0.99947
113	127	0.991875
113	134	0.958065
113	139	0.95368
113	140	1.02863
113	155	1.01818
113	157	0.988047
113	159	1.02373
113	160	1.01064
113	162	0.997706
113	165	1.02766
113	168	0.93752
113	171	0.969732
113	172	1.03418
113	173	1.00835
113	175	1.06791
113	178	1.01477
114	8	1.14805
114	17	0.97156
114	45	0.995995
114	47	1.07481
114	91	0.975953
114	95	1.05764
114	99	0.877815
114	100	1.02546
114	107	0.970467
114	116	0.922375
114	119	0.992149
114	125	0.985345
114	126	0.972955
114	140	1.01602
114	145	1.00284
114	146	0.92781
114	152	1.06114
114	158	1.045
114	160	0.998028
114	164	1.00527
114	165	1.01504
114	167	1.01925
114	171	0.955607
114	172	1.02156
114	173	0.995737
114	174	1.00965
114	177	0.963148
115	6	0.989284
115	13	1.05396
115	26	1.03106
115	36	1.03106
115	50	0.889037
115	53	0.956962
115	59	1.04923
115	60	0.85282
115	63	0.91282
115	72	0.91282
115	116	1.08692
115	124	0.950118
115	130	1.13484
115	133	0.959845
115	139	1.1953
115	148	0.960481
115	157	0.960201
115	158	1.03698
115	161	1.08581
115	162	1.12309
115	166	0.972379
115	168	0.971382
115	172	1.07954
115	177	0.950487
115	178	0.948287
115	179	0.944816
115	180	0.950962
116	10	1.03868
116	13	0.994129
116	15	0.964577
116	21	0.945836
116	22	1.1244
116	31	0.934876
116	55	1.03405
116	58	1.02499
116	70	0.987403
116	86	0.980913
116	96	0.933594
116	103	1.07186
116	104	1.02446
116	114	0.922375
116	115	1.08692
116	131	0.944349
116	133	1.01364
116	153	0.960841
116	156	1.00355
116	157	1.00839
116	164	0.986799
116	167	0.937894
116	174	0.972299
116	175	1.05523
116	176	1.07136
116	177	0.997619
116	178	0.98361
117	12	0.923821
117	24	0.947809
117	34	0.968292
117	41	1.0166
117	42	1.0375
117	54	1.05002
117	56	1.03787
117	57	1.00867
117	64	0.995187
117	102	1.01564
117	107	1.03667
117	108	1.0312
117	112	1.00422
117	126	1.0493
117	128	1.03368
117	129	1.01025
117	135	0.972585
117	136	1.00813
117	144	0.998966
117	151	1.01834
117	159	1.02862
117	164	1.02277
117	165	0.986384
117	166	0.998775
117	174	1.01417
117	176	0.938891
117	179	0.856618
118	5	1.00676
118	39	0.996422
118	47	1.04562
118	63	1.04499
118	66	1.06313
118	98	0.910071
118	100	1.09267
118	101	0.968595
118	109	0.951671
118	125	1.05256
118	132	0.98465
118	142	0.994354
118	143	1.012
118	144	0.989835
118	145	0.973648
118	151	1.00921
118	152	1.03195
118	155	0.976366
118	161	0.984026
118	162	0.955895
118	166	0.989643
118	167	0.990053
118	172	0.992367
118	173	0.966543
118	176	0.92976
118	177	1.03036
118	178	0.97296
118	179	1.09447
119	16	0.972885
119	46	1.09816
119	50	1.06735
119	52	1.00194
119	59	1.02403
119	73	1.06144
119	94	0.990587
119	98	0.917582
119	104	0.930101
119	110	1.036
119	114	0.992149
119	134	0.999589
119	138	0.98102
119	139	0.91938
119	145	0.981159
119	154	1.01331
119	161	0.991536
119	162	0.963406
119	164	0.983582
119	165	0.99336
119	166	0.978078
119	167	0.997563
119	168	0.979045
119	170	1.02197
119	172	0.999878
119	174	0.987962
119	179	1.10198
119	180	1.02354
120	19	0.96275
120	33	1.08157
120	54	1.00227
120	65	1.05884
120	75	1.13366
120	76	0.994818
120	84	0.982093
120	89	1.03919
120	95	0.902174
120	97	0.951175
120	102	0.967894
120	107	0.98892
120	110	0.939524
120	111	1.0073
120	112	0.956471
120	128	0.985931
120	129	0.962499
120	141	1.01113
120	148	1.02123
120	153	0.997621
120	159	0.980872
120	161	0.992521
120	163	1.01604
120	164	0.975022
120	165	0.981289
120	172	0.986243
120	177	1.0344
120	179	1.09342
121	4	0.941303
121	14	1.04378
121	25	1.093
121	27	0.956935
121	46	0.97801
121	61	1.04663
121	66	0.98784
121	77	1.06469
121	80	0.97547
121	82	1.07029
121	92	1.08456
121	98	0.967888
121	100	1.03252
121	113	1.05507
121	127	0.984811
121	139	0.969686
121	148	0.957044
121	151	0.949058
121	157	0.980982
121	160	1.02665
121	165	1.04367
121	166	0.92949
121	167	1.04787
121	168	0.930456
121	172	1.05018
121	176	0.869606
121	177	0.970209
121	178	1.03078
121	180	0.974948
122	28	1.09768
122	35	1.07068
122	42	0.893073
122	81	1.09879
122	88	1.11691
122	95	1.00074
122	98	1.00759
122	99	1.12749
122	106	1.05358
122	110	1.03809
122	111	1.10587
122	124	0.912997
122	127	0.895573
122	133	0.87948
122	147	0.909401
122	150	0.856595
122	151	0.85982
122	156	0.8869
122	160	1.06635
122	162	1.05341
122	167	1.08757
122	169	0.897063
122	171	0.873429
122	172	1.08988
122	173	1.06406
122	177	0.88097
122	179	1.19199
123	43	1.00729
123	62	0.937953
123	91	0.969889
123	98	1.08146
123	103	0.896109
123	108	0.992203
123	126	1.02097
123	127	1.02782
123	129	1.00692
123	140	0.950944
123	142	0.947986
123	146	1.02357
123	149	1.03195
123	150	1.01215
123	157	1.03109
123	160	0.952239
123	163	1.02476
123	164	0.972179
123	166	1.04326
123	167	0.923274
123	168	1.04227
123	169	1.01371
123	170	1.015
123	171	1.03653
123	172	0.934841
123	173	0.960795
123	176	1.08845
123	177	1.02137
123	180	1.02185
124	11	1.00691
124	16	1.10329
124	28	0.987981
124	41	1.03203
124	76	1.00925
124	85	0.991256
124	97	0.987194
124	115	0.950118
124	122	0.912997
124	133	1.00387
124	138	1.05241
124	146	0.99671
124	148	1.0045
124	149	1.00508
124	150	0.98529
124	151	1.01665
124	155	1.04413
124	163	0.997896
124	165	1.0052
124	167	1.01069
124	168	1.0154
124	169	0.986847
124	170	0.988136
124	171	1.00966
124	175	0.958415
124	176	1.06158
124	177	0.994508
124	178	0.992308
124	179	0.887542
124	180	0.994983
125	25	0.931604
125	40	0.998116
125	58	1.00007
125	107	1.06791
125	111	0.979134
125	113	0.99947
125	114	0.985345
125	118	1.05256
125	126	0.998654
125	127	1.00551
125	141	1.00723
125	145	1.00679
125	146	1.00126
125	147	0.999077
125	150	0.98984
125	152	0.942857
125	154	1.01424
125	157	1.00877
125	158	0.969881
125	163	1.00245
125	166	1.02095
125	167	1.00086
125	168	1.01995
125	170	0.992687
125	171	1.01421
125	173	1.03839
125	175	0.948585
125	177	0.999058
125	178	0.996858
125	180	0.999534
126	15	1.05768
126	40	0.99353
126	52	0.960536
126	83	0.991009
126	88	0.958709
126	92	1.00353
126	100	0.989653
126	104	0.959503
126	105	0.947894
126	114	0.972955
126	117	1.0493
126	123	1.02097
126	125	0.998654
126	130	1.05535
126	137	1.01608
126	142	1.01319
126	153	1.00857
126	156	1.00824
126	163	0.997861
126	169	0.986812
126	170	0.988101
126	171	1.00963
126	172	1.00004
126	173	1.026
126	174	0.999763
126	175	0.936196
126	176	1.06155
126	177	0.994472
126	178	0.992272
126	180	0.994948
127	50	1.10155
127	51	0.962059
127	75	0.94483
127	81	1.00503
127	95	1.14749
127	105	0.954747
127	113	0.991875
127	121	0.984811
127	122	0.895573
127	123	1.02782
127	125	1.00551
127	135	1.05507
127	140	1.02094
127	142	1.01798
127	144	1.01585
127	148	1.01132
127	150	0.992107
127	161	1.01112
127	163	1.00471
127	165	1.01201
127	169	0.993665
127	170	0.994954
127	171	1.01648
127	172	1.00484
127	174	1.00662
127	175	0.940991
127	177	1.00133
127	178	0.999125
127	179	0.870118
127	180	1.0018
128	2	0.940184
128	4	1.02726
128	12	0.908655
128	20	0.991552
128	24	0.932643
128	41	1.00143
128	42	1.02234
128	43	1.02553
128	54	1.03485
128	56	1.0227
128	64	0.980021
128	89	1.07177
128	94	1.01874
128	100	1.00188
128	102	1.00048
128	107	1.0215
128	112	0.989055
128	117	1.03368
128	120	0.985931
128	129	0.995083
128	136	0.992966
128	152	0.938436
128	159	1.01346
128	165	1.00306
128	167	0.996443
128	168	1.01641
128	172	1.00801
128	174	1.03085
128	176	0.955565
128	178	1.04216
129	12	0.885224
129	20	0.968121
129	24	0.909212
129	41	0.978004
129	42	0.998906
129	44	1.03147
129	54	1.01142
129	56	0.999269
129	59	0.98385
129	64	0.95659
129	85	1.05389
129	89	1.04834
129	97	0.97909
129	102	0.977047
129	107	0.998073
129	108	0.992601
129	112	0.965624
129	117	1.01025
129	120	0.962499
129	123	1.00692
129	128	0.995083
129	136	0.969535
129	141	1.03905
129	148	1.04915
129	156	1.06824
129	159	0.990025
129	164	0.984175
129	165	1.0092
129	169	1.07841
129	177	1.06231
129	178	1.04831
130	22	0.875236
130	45	0.956081
130	56	1.00644
130	59	1.0058
130	85	1.03712
130	88	1.00867
130	101	0.957875
130	109	0.940951
130	115	1.13484
130	126	1.05535
130	131	0.985874
130	133	1.04405
130	136	1.08071
130	138	0.962789
130	142	0.983634
130	144	1.00501
130	146	1.0102
130	147	1.07397
130	152	1.02123
130	155	0.965646
130	158	1.00508
130	159	0.971201
130	160	0.958114
130	165	0.975129
130	167	0.979333
130	171	1.038
130	172	0.981647
130	173	0.955823
130	174	0.969731
130	175	1.01538
130	180	1.05028
131	2	1.03921
131	34	0.91392
131	65	0.835981
131	88	1.06054
131	95	1.07962
131	106	0.997216
131	111	0.903667
131	116	0.944349
131	130	0.985874
131	132	1.0258
131	136	1.0203
131	138	1.01466
131	140	1.02797
131	142	1.0355
131	149	0.95291
131	153	1.0304
131	154	0.979634
131	155	1.01752
131	158	1.05695
131	159	1.02307
131	160	1.00998
131	166	0.944403
131	167	1.0312
131	171	0.977581
131	172	1.03352
131	173	1.00769
131	175	1.06725
131	176	0.884519
131	177	0.985122
131	179	1.13562
131	180	0.989861
132	3	0.835381
132	47	1.07482
132	64	1.04523
132	68	0.987673
132	69	0.974336
132	79	1.10202
132	83	0.975382
132	86	0.979656
132	90	0.890718
132	97	1.00301
132	105	1.07874
132	106	0.985271
132	111	0.925908
132	118	0.98465
132	131	1.0258
132	139	0.941074
132	140	1.01603
132	150	0.982988
132	153	1.01846
132	155	1.00557
132	161	1.01323
132	162	0.9851
132	163	0.989004
132	165	1.01505
132	166	0.966644
132	167	1.01926
132	169	1.02346
132	172	1.02157
132	173	0.995748
132	174	1.00966
132	179	1.12368
132	180	1.0121
133	6	0.97056
133	49	0.948619
133	53	0.984194
133	58	1.02494
133	65	0.88776
133	67	1.04438
133	70	0.987353
133	71	0.978172
133	86	0.980863
133	96	0.933543
133	103	1.07181
133	104	1.02441
133	109	1.0458
133	115	0.959845
133	116	1.01364
133	122	0.87948
133	124	1.00387
133	130	1.04405
133	138	1.0189
133	143	1.02334
133	150	0.995016
133	151	1.02637
133	158	0.946194
133	159	1.01361
133	162	1.0323
133	168	1.02513
133	169	0.996574
133	170	0.997863
133	175	1.05518
133	176	1.07131
133	177	1.00423
133	180	1.00471
134	23	0.972228
134	60	1.13565
134	64	1.05705
134	69	1.00304
134	78	0.910336
134	104	0.930488
134	108	1.02839
134	113	0.958065
134	119	0.999589
134	135	1.05128
134	137	1.01915
134	140	0.98713
134	141	1.00571
134	143	1.01665
134	146	0.999744
134	147	0.99756
134	148	1.00754
134	151	1.01968
134	153	1.01164
134	154	1.01272
134	158	0.928476
134	161	0.977305
134	166	1.01943
134	168	1.01844
134	169	0.989881
134	172	0.971027
134	174	1.00283
134	175	0.90718
134	176	1.06462
134	177	0.997542
134	178	0.995342
134	180	0.998017
135	32	1.09504
135	35	0.973695
135	44	1.03865
135	45	0.958682
135	70	0.995263
135	77	0.931475
135	79	0.99204
135	82	0.887828
135	99	0.886149
135	105	1.00204
135	117	0.972585
135	127	1.05507
135	134	1.05128
135	136	1.03489
135	138	0.953477
135	142	0.936471
135	143	1.06773
135	146	1.05082
135	148	1.05861
135	149	1.05919
135	150	1.0394
135	155	0.945192
135	156	1.06239
135	161	0.929604
135	164	0.960663
135	168	1.06951
135	169	1.04096
135	170	1.04225
135	171	1.06377
