1	44	1.03997
1	50	1.04297
1	52	1.05196
1	62	1.00526
1	73	1.07958
1	74	1.05259
1	78	1.05645
1	145	0.906061
1	146	0.878747
1	162	0.926951
1	167	1.07121
1	175	0.895192
2	46	1.23211
2	52	1.18927
2	97	1.17353
2	138	0.940282
2	154	0.950482
2	156	0.925059
2	168	0.929358
2	169	0.958549
2	172	0.949505
2	177	0.916006
2	178	0.918455
2	180	0.912304
3	26	0.956721
3	86	1.02484
3	104	0.824079
3	138	0.787406
3	162	1.03917
3	171	1.05149
3	175	1.05583
3	176	1.04805
3	177	1.05322
3	178	1.05567
3	179	1.04706
3	180	1.04951
4	26	1.03081
4	28	1.07123
4	33	1.07123
4	54	1.00385
4	57	1.03081
4	84	1.17884
4	108	0.833371
4	168	1.04758
4	169	1.07677
4	170	0.82776
4	172	1.06772
4	178	0.764513
5	7	0.990108
5	11	0.990108
5	27	1.09237
5	56	0.940856
5	59	1.04942
5	79	0.938043
5	81	1.06511
5	92	0.826935
5	122	1.02292
5	131	1.07482
5	173	0.901609
5	174	1.11514
6	7	0.97913
6	11	0.97913
6	14	1.13007
6	27	1.08139
6	59	1.03844
6	63	1.03355
6	81	1.05413
6	159	0.884588
6	164	0.921172
6	168	0.859196
6	174	1.10416
6	179	0.942094
7	5	0.990108
7	6	0.97913
7	11	0.833358
7	14	0.984293
7	27	0.935623
7	59	0.892672
7	81	0.908356
7	130	1.17462
7	131	0.918069
7	170	1.22766
7	171	1.20269
7	174	0.958391
8	10	0.862434
8	12	0.982702
8	21	0.994847
8	29	0.951453
8	42	0.90831
8	55	0.909461
8	75	0.918534
8	77	0.918534
8	98	1.19971
8	139	0.953724
8	163	1.2076
8	167	1.19811
9	51	1.10975
9	69	1.03786
9	71	1.04536
9	82	0.998745
9	95	1.04576
9	98	0.865809
9	99	1.02485
9	146	0.891708
9	148	0.886023
9	169	1.07336
9	172	1.06432
9	180	0.963707
10	8	0.862434
10	21	0.999265
10	29	0.95587
10	40	1.0396
10	42	0.912727
10	55	0.913878
10	75	0.922951
10	77	0.922951
10	111	1.29495
10	130	0.951782
10	139	0.958141
10	151	1.27074
11	5	0.990108
11	6	0.97913
11	7	0.833358
11	14	0.984293
11	27	0.935623
11	59	0.892672
11	72	1.11273
11	81	0.908356
11	112	1.23065
11	131	0.918069
11	170	1.2621
11	174	0.958391
12	8	0.982702
12	21	1.11953
12	29	1.07614
12	42	1.03299
12	52	1.0691
12	55	1.03415
12	66	1.06805
12	75	1.04322
12	77	1.04322
12	140	1.04383
12	177	0.743166
12	179	0.744122
13	28	0.841965
13	33	0.851648
13	126	1.05719
13	140	0.841916
13	159	1.05864
13	163	1.0488
13	173	1.0401
13	174	1.08798
13	176	1.03971
13	177	1.04488
13	179	1.03872
13	180	1.04117
14	6	1.13007
14	7	0.984293
14	11	0.984293
14	59	1.04361
14	67	1.07201
14	81	1.05929
14	122	1.01711
14	152	0.853894
14	163	0.873503
14	173	0.971601
14	174	1.10933
14	175	0.907961
15	22	1.08507
15	25	1.06205
15	32	1.06597
15	41	0.927717
15	70	1.07275
15	82	1.02108
15	95	1.06809
15	160	0.872135
15	164	0.80492
15	169	1.09569
15	172	1.08665
15	180	0.845135
16	66	0.947695
16	84	1.02013
16	103	1.00383
16	104	1.05207
16	105	1.05207
16	109	1.05049
16	117	1.07856
16	167	1.05414
16	168	0.870816
16	170	0.93824
16	172	0.850371
16	174	1.08872
17	72	1.13546
17	110	0.948495
17	126	0.909471
17	141	0.915479
17	149	0.916705
17	152	1.20997
17	153	0.913741
17	154	0.970203
17	155	0.946532
17	156	0.94478
17	157	0.934595
17	171	1.25985
18	23	1.04385
18	44	0.911568
18	50	0.914567
18	52	0.923559
18	66	0.950039
18	73	0.951181
18	74	0.924188
18	78	0.92805
18	118	1.14461
18	128	1.4129
18	130	0.95404
18	167	0.942808
19	138	1.07157
19	141	1.02705
19	143	0.844851
19	149	1.02827
19	150	1.06351
19	153	1.02531
19	154	1.08177
19	156	1.05635
19	157	1.04616
19	160	0.98574
19	161	0.837466
19	177	0.93849
20	89	0.947423
20	100	1.20474
20	103	1.01421
20	104	1.06245
20	105	1.06245
20	109	1.06088
20	117	1.08894
20	167	1.06452
20	170	0.773795
20	173	0.816648
20	174	1.09911
20	180	0.808562
21	8	0.994847
21	10	0.999265
21	12	1.11953
21	42	1.04514
21	55	1.04629
21	75	1.05536
21	77	1.05536
21	119	0.855334
21	130	1.08419
21	145	0.957134
21	152	0.892198
21	167	0.902312
22	15	1.08507
22	42	1.25801
22	68	0.885374
22	69	1.2529
22	120	0.944852
22	150	0.950815
22	155	0.945403
22	157	0.933467
22	158	0.937544
22	177	0.934599
22	178	0.937048
22	180	0.930897
23	18	1.04385
23	49	1.01934
23	75	1.0041
23	77	1.0041
23	129	0.975486
23	136	1.02078
23	139	1.03929
23	156	0.923502
23	157	0.908183
23	168	1.02654
23	177	1.01319
23	179	1.00703
23	180	1.00948
24	43	0.897902
24	46	0.886283
24	114	0.896217
24	115	0.889721
24	136	0.911539
24	140	0.923571
24	142	0.94426
24	144	0.935816
24	147	0.907801
24	158	0.906889
24	163	1.26767
24	166	1.33534
24	175	1.30213
25	15	1.06205
25	41	0.880684
25	66	1.04754
25	69	1.01316
25	70	1.02572
25	95	1.02106
25	99	1.00015
25	119	0.926363
25	131	1.0089
25	169	1.04866
25	172	1.03962
25	174	0.91617
25	175	1.01729
26	3	0.956721
26	4	1.03081
26	28	1.03081
26	33	1.03081
26	40	0.783734
26	54	0.963422
26	57	0.990384
26	123	0.98297
26	139	1.05017
26	168	1.00715
26	169	1.03634
26	172	1.0273
26	176	1.11469
27	5	1.09237
27	6	1.08139
27	7	0.935623
27	11	0.935623
27	59	0.994937
27	81	1.01062
27	122	0.968438
27	131	1.02033
27	146	0.963081
27	174	1.06066
27	176	0.991002
27	178	0.937066
27	179	1.01579
28	4	1.07123
28	13	0.841965
28	26	1.03081
28	33	1.07123
28	54	1.00385
28	57	1.03081
28	118	0.942905
28	167	0.877589
28	168	1.04758
28	169	1.07677
28	170	0.942329
28	172	1.06772
29	8	0.951453
29	10	0.95587
29	12	1.07614
29	42	1.00175
29	55	1.0029
29	75	1.01197
29	77	1.01197
29	130	1.0408
29	137	1.00765
29	139	1.04716
29	143	0.95019
29	159	0.987279
29	168	0.961887
30	44	0.997921
30	50	1.00092
30	52	1.00991
30	58	1.01815
30	62	0.963215
30	66	1.03639
30	73	1.03753
30	74	1.01054
30	78	1.0144
30	132	0.976954
30	167	1.02916
30	171	0.935571
30	179	0.976021
31	98	0.905345
31	122	1.11618
31	125	0.996392
31	126	0.992901
31	127	1.03829
31	141	0.99891
31	149	1.00014
31	153	0.997171
31	155	1.02996
31	156	1.02821
31	157	1.01803
31	159	0.926444
31	176	0.959166
32	15	1.06597
32	41	0.884602
32	69	1.01707
32	70	1.02964
32	71	1.02457
32	82	0.977963
32	99	1.00407
32	139	0.908989
32	160	1.04459
32	166	0.995245
32	169	1.05258
32	171	0.957842
32	172	1.04354
33	4	1.07123
33	13	0.851648
33	26	1.03081
33	28	1.07123
33	54	1.00385
33	57	1.03081
33	98	0.888881
33	139	0.878183
33	168	1.04758
33	169	1.07677
33	172	1.06772
33	180	0.986779
34	75	0.962631
34	106	1.07071
34	124	0.945978
34	153	0.913498
34	162	0.998947
34	163	1.01691
34	164	1.01782
34	165	1.01856
34	173	1.00821
34	175	1.0156
34	176	1.00782
34	179	1.00684
34	180	1.00929
35	66	0.957234
35	102	1.02983
35	122	1.09549
35	126	0.976463
35	135	0.891951
35	138	1.02699
35	149	0.983697
35	150	1.01894
35	154	1.03719
35	155	1.01352
35	156	1.01177
35	157	1.00159
35	177	0.962297
36	111	1.28778
36	124	0.891109
36	138	0.93277
36	141	0.888247
36	149	0.889473
36	150	0.924711
36	153	0.886508
36	154	0.94297
36	155	0.919299
36	156	0.917548
36	157	0.907363
36	167	1.30795
36	178	1.30944
37	41	0.882564
37	51	1.08693
37	69	1.01504
37	71	1.02254
37	82	0.975924
37	87	0.932568
37	95	1.02294
37	99	1.00203
37	139	0.97174
37	168	0.978145
37	169	1.05054
37	172	1.0415
37	175	1.02478
38	69	0.916058
38	75	1.04912
38	136	0.978317
38	150	0.948821
38	161	1.02988
38	166	0.992991
38	170	1.01339
38	173	1.00874
38	176	1.00835
38	177	1.01352
38	178	1.01596
38	179	1.00736
38	180	1.00981
39	86	1.06565
39	89	0.986694
39	92	0.846459
39	93	1.12398
39	103	1.05348
39	104	1.10173
39	105	1.10173
39	109	1.10015
39	112	0.846833
39	117	1.12822
39	119	0.766563
39	159	0.836249
39	174	1.13838
39	180	0.913049
40	10	1.0396
40	26	0.783734
40	41	1.22178
40	142	0.57303
40	165	1.09549
40	169	0.577206
40	170	1.08979
40	173	1.08514
40	175	1.09253
40	176	1.08475
40	177	1.08992
40	178	1.09237
40	179	1.08377
40	180	1.08622
41	15	0.927717
41	25	0.880684
41	32	0.884602
41	37	0.882564
41	40	1.22178
41	70	0.891386
41	71	0.886323
41	95	0.886729
41	99	0.865819
41	131	0.874565
41	135	1.50621
41	161	1.47554
41	169	0.914327
41	172	0.905284
42	8	0.90831
42	10	0.912727
42	12	1.03299
42	21	1.04514
42	22	1.25801
42	29	1.00175
42	55	0.959754
42	75	0.968827
42	77	0.968827
42	92	0.951492
42	130	0.997657
42	139	1.00402
42	164	0.977866
42	180	1.01808
43	24	0.897902
43	46	0.973515
43	67	0.996967
43	79	1.11862
43	94	1.01881
43	100	0.968335
43	113	1.08299
43	128	1.00639
43	129	0.953477
43	133	0.995454
43	145	1.02942
43	147	0.995034
43	158	0.994122
43	178	0.976091
44	1	1.03997
44	18	0.911568
44	30	0.997921
44	47	1.07231
44	50	0.954767
44	52	0.96376
44	62	0.917062
44	73	0.991382
44	78	0.96825
44	131	1.06308
44	152	1.00217
44	163	1.02178
44	167	0.983009
44	173	1.11987
45	86	0.920101
45	96	0.739106
45	109	0.808578
45	126	0.885539
45	149	0.837266
45	159	1.10474
45	164	1.09581
45	166	1.07045
45	170	1.09085
45	171	1.08926
45	176	1.08581
45	177	1.09098
45	179	1.08483
45	180	1.08728
46	2	1.23211
46	24	0.886283
46	43	0.973515
46	76	0.969955
46	97	1.00456
46	115	0.965335
46	116	1.01164
46	136	0.987153
46	140	0.999184
46	142	1.01987
46	146	0.973155
46	158	0.982503
46	170	1.01039
46	175	0.9896
47	44	1.07231
47	50	1.07531
47	62	1.03761
47	66	1.11078
47	73	1.11193
47	74	1.08493
47	78	1.08879
47	130	1.11478
47	161	0.777811
47	167	1.10355
47	173	0.90717
47	175	0.84353
47	177	0.878836
47	178	0.801071
48	106	0.920594
48	114	0.96971
48	128	0.992648
48	129	0.939737
48	136	0.985032
48	139	1.00354
48	142	1.01775
48	144	1.00931
48	147	0.981294
48	151	0.975434
48	158	0.980382
48	160	1.14632
48	175	1.06377
48	178	1.02131
49	23	1.01934
49	101	0.940095
49	127	0.997046
49	134	0.973848
49	138	1.00219
49	149	0.958889
49	150	0.994128
49	153	0.955925
49	154	1.01239
49	155	0.988716
49	157	0.976779
49	166	1.13194
49	174	0.997607
49	178	1.05627
50	1	1.04297
50	18	0.914567
50	30	1.00092
50	44	0.954767
50	47	1.07531
50	52	0.966759
50	62	0.920061
50	74	0.967388
50	78	0.971249
50	148	1.0294
50	166	1.08475
50	167	0.986008
50	168	1.0049
50	179	1.08779
51	9	1.10975
51	37	1.08693
51	66	0.881577
51	71	1.09069
51	72	0.722754
51	82	1.04408
51	95	1.09109
51	99	1.07018
51	118	0.872698
51	131	1.07893
51	163	0.816876
51	169	1.11869
51	172	1.10965
51	173	0.914974
52	1	1.05196
52	2	1.18927
52	12	1.0691
52	18	0.923559
52	30	1.00991
52	44	0.96376
52	50	0.966759
52	62	0.929053
52	73	1.00337
52	74	0.97638
52	78	0.980241
52	167	0.995
52	171	0.942573
52	180	1.00232
53	90	0.99375
53	141	0.952591
53	149	0.953816
53	150	0.989055
53	153	0.950852
53	154	1.00731
53	155	0.983643
53	156	0.981892
53	157	0.971706
53	162	1.0795
53	163	1.01328
53	164	1.06308
53	165	1.05113
53	169	1.01538
54	4	1.00385
54	26	0.963422
54	28	1.00385
54	33	1.00385
54	57	0.963422
54	65	0.915699
54	123	0.956008
54	146	1.07246
54	168	0.980191
54	169	1.00938
54	172	1.00034
54	174	0.987784
54	176	1.10038
54	178	1.04645
55	8	0.909461
55	10	0.913878
55	12	1.03415
55	21	1.04629
55	29	1.0029
55	42	0.959754
55	66	0.994808
55	75	0.969978
55	77	0.969978
55	130	0.998809
55	144	1.31654
55	171	0.973676
55	175	0.977865
55	178	0.935405
56	5	0.940856
56	74	0.966931
56	78	0.970792
56	102	0.987156
56	124	1.17671
56	144	1.00891
56	147	0.980893
56	157	1.09046
56	158	0.979981
56	164	0.981866
56	167	0.985551
56	173	0.972258
56	178	0.979485
56	180	0.973334
57	4	1.03081
57	26	0.990384
57	28	1.03081
57	33	1.03081
57	54	0.963422
57	63	1.07358
57	123	0.98297
57	159	0.952217
57	168	1.00715
57	169	1.03634
57	172	1.0273
57	174	0.872338
57	177	1.00877
58	30	1.01815
58	109	1.13819
58	154	0.965195
58	158	1.07367
58	160	0.970378
58	164	0.987497
58	170	0.982537
58	171	0.980943
58	173	0.977888
58	176	0.977498
58	177	0.982666
58	178	0.985115
58	179	0.976514
58	180	0.978964
59	5	1.04942
59	6	1.03844
59	7	0.892672
59	11	0.892672
59	14	1.04361
59	27	0.994937
59	81	0.96767
59	122	0.925487
59	131	0.977383
59	161	1.02169
59	163	1.05295
59	174	1.01771
59	175	1.08741
59	178	1.04495
60	73	1.06218
60	103	1.20388
60	128	1.01402
60	129	1.21278
60	143	0.991857
60	151	0.962785
60	166	0.932219
60	167	0.961258
60	170	0.952614
60	173	0.947965
60	175	0.955352
60	176	0.947575
60	177	0.952743
60	179	0.946591
60	180	0.949041
61	83	0.965371
61	84	0.936269
61	86	0.932131
61	89	0.853179
61	93	0.990464
61	103	0.919968
61	104	0.96821
61	105	0.96821
61	108	1.1375
61	109	0.966635
61	117	0.9947
61	123	1.13818
61	168	1.06447
61	174	1.00486
61	180	1.16666
62	1	1.00526
62	30	0.963215
62	44	0.917062
62	47	1.03761
62	50	0.920061
62	52	0.929053
62	73	0.956676
62	74	0.929683
62	78	0.933544
62	112	1.16651
62	119	1.08624
62	130	0.959534
62	139	1.12413
62	167	0.948303
62	168	1.13053
63	6	1.03355
63	57	1.07358
63	81	0.962772
63	103	0.927911
63	109	0.974577
63	117	1.00264
63	140	1.02161
63	156	1.10301
63	165	0.975274
63	169	0.996795
63	174	1.01281
63	175	0.972313
63	178	0.972153
63	180	0.966003
64	93	1.19394
64	101	0.923127
64	124	0.943558
64	126	0.934687
64	127	0.980079
64	141	0.940696
64	147	1.31997
64	149	0.941921
64	153	0.938957
64	154	0.995419
64	155	0.971748
64	156	0.969997
64	157	0.959811
64	160	1.05702
64	167	0.930516
65	54	0.915699
65	104	0.952526
65	105	0.952526
65	117	0.979016
65	120	1.10425
65	125	1.22019
65	128	1.05508
65	138	1.11379
65	168	0.95943
65	169	0.98862
65	170	0.945949
65	171	0.944355
65	172	0.979577
65	179	0.939926
65	180	0.942376
66	12	1.06805
66	16	0.947695
66	18	0.950039
66	25	1.04754
66	30	1.03639
66	35	0.957234
66	47	1.11078
66	51	0.881577
66	55	0.994808
66	75	1.00388
66	77	1.00388
66	138	0.964136
66	160	1.00068
66	178	1.01541
66	179	1.00681
66	180	1.00926
67	14	1.07201
67	43	0.996967
67	81	0.996076
67	120	1.01326
67	140	1.02264
67	150	1.01923
67	155	1.01381
67	156	1.01206
67	157	1.00188
67	158	1.00595
67	161	0.913031
67	164	0.994089
67	171	0.974561
67	172	0.911669
67	174	1.04611
67	179	1.01501
68	22	0.885374
68	76	0.938391
68	100	0.925152
68	106	0.891151
68	121	0.960248
68	122	0.898878
68	129	0.910294
68	133	0.952271
68	136	0.955588
68	144	0.979865
68	147	0.95185
68	158	0.950939
68	159	1.19421
68	166	1.24867
68	172	1.14838
68	175	1.21546
69	9	1.03786
69	22	1.2529
69	25	1.01316
69	32	1.01707
69	37	1.01504
69	38	0.916058
69	70	1.02386
69	71	1.01879
69	82	0.972183
69	87	0.8652
69	95	1.0192
69	99	0.99829
69	169	1.0468
69	172	1.03776
69	174	0.856291
69	178	0.914955
70	15	1.07275
70	25	1.02572
70	32	1.02964
70	41	0.891386
70	69	1.02386
70	82	0.984747
70	87	0.835592
70	95	1.03176
70	99	1.01085
70	102	1.22655
70	131	1.0196
70	152	0.873739
70	159	0.90656
70	169	1.05936
70	172	1.05032
70	177	0.963111
71	9	1.04536
71	32	1.02457
71	37	1.02254
71	41	0.886323
71	51	1.09069
71	69	1.01879
71	82	0.979683
71	95	1.0267
71	99	1.00579
71	145	1.00043
71	161	0.923841
71	169	1.0543
71	170	1.01035
71	171	0.985372
71	172	1.04526
71	174	0.888437
72	11	1.11273
72	17	1.13546
72	51	0.722754
72	109	0.931225
72	133	0.894104
72	159	1.03012
72	161	1.03272
72	164	1.02119
72	170	1.01623
72	173	1.01158
72	175	1.01896
72	176	1.01119
72	177	1.01636
72	178	1.0188
72	179	1.0102
72	180	1.01265
73	1	1.07958
73	18	0.951181
73	30	1.03753
73	44	0.991382
73	47	1.11193
73	52	1.00337
73	60	1.06218
73	62	0.956676
73	74	1.004
73	78	1.00786
73	130	1.03385
73	137	0.922463
73	167	1.02262
73	172	0.856257
73	173	0.986978
73	180	0.978892
74	1	1.05259
74	18	0.924188
74	30	1.01054
74	47	1.08493
74	50	0.967388
74	52	0.97638
74	56	0.966931
74	62	0.929683
74	73	1.004
74	78	0.980871
74	130	1.00686
74	135	0.985481
74	167	0.99563
74	168	0.973885
74	170	1.04131
74	176	1.032
74	180	1.07608
75	8	0.918534
75	10	0.922951
75	12	1.04322
75	21	1.05536
75	23	1.0041
75	29	1.01197
75	34	0.962631
75	38	1.04912
75	42	0.968827
75	55	0.969978
75	66	1.00388
75	77	0.979051
75	130	1.00788
75	139	1.01424
75	151	1.00214
75	174	0.989357
75	176	1.10196
76	46	0.969955
76	68	0.938391
76	94	1.01525
76	107	0.993259
76	115	0.973394
76	120	0.99787
76	121	0.999871
76	128	1.00283
76	133	0.991894
76	140	1.00724
76	144	1.01949
76	146	1.02809
76	148	1.02241
76	158	0.990562
76	167	1.00058
76	172	0.977453
76	177	1.07984
77	8	0.918534
77	10	0.922951
77	12	1.04322
77	21	1.05536
77	23	1.0041
77	29	1.01197
77	42	0.968827
77	55	0.969978
77	66	1.00388
77	75	0.979051
77	130	1.00788
77	139	1.01424
77	143	1.01242
77	165	1.07415
77	168	1.02412
77	174	0.969631
77	178	1.0283
78	1	1.05645
78	18	0.92805
78	30	1.0144
78	44	0.96825
78	47	1.08879
78	50	0.971249
78	52	0.980241
78	56	0.970792
78	62	0.933544
78	73	1.00786
78	74	0.980871
78	119	0.939961
78	143	0.972558
78	162	1.06265
78	167	0.999491
78	177	1.0662
78	179	1.06715
79	5	0.938043
79	43	1.11862
79	80	0.930148
79	138	1.03397
79	155	1.07373
79	159	1.00378
79	166	0.969497
79	170	0.989892
79	171	0.988298
79	173	0.985244
79	174	1.03312
79	175	0.99263
79	176	0.984853
79	177	0.990021
79	178	0.99247
79	179	0.983869
79	180	0.986319
80	79	0.930148
80	101	1.04494
80	124	1.06537
80	125	1.05999
80	134	1.07869
80	138	1.10703
80	150	1.09897
80	153	1.06077
80	154	1.11723
80	155	1.09356
80	156	1.09181
80	157	1.08162
80	160	0.91263
80	163	0.795617
80	172	0.762994
80	176	0.841552
80	177	0.86538
81	5	1.06511
81	6	1.05413
81	7	0.908356
81	11	0.908356
81	14	1.05929
81	27	1.01062
81	59	0.96767
81	63	0.962772
81	67	0.996076
81	122	0.94117
81	131	0.993066
81	157	1.34037
81	165	0.941712
81	172	0.871241
81	173	1.00196
81	174	1.03339
81	176	0.949798
82	9	0.998745
82	15	1.02108
82	32	0.977963
82	37	0.975924
82	51	1.04408
82	69	0.972183
82	70	0.984747
82	71	0.979683
82	84	1.364
82	95	0.980089
82	99	0.959179
82	118	1.0135
82	143	0.933801
82	151	0.903799
82	169	1.00769
82	172	0.998645
82	174	0.891011
83	61	0.965371
83	84	0.975334
83	86	0.971196
83	89	0.892244
83	92	0.961638
83	93	1.02953
83	103	0.959034
83	104	1.00728
83	105	1.00728
83	109	1.0057
83	117	1.03377
83	122	1.14117
83	165	0.976064
83	167	1.00934
83	170	0.993461
83	173	1.03631
83	174	1.04393
84	4	1.17884
84	16	1.02013
84	61	0.936269
84	82	1.364
84	83	0.975334
84	86	0.942094
84	89	0.863142
84	93	1.00043
84	103	0.929931
84	104	0.978173
84	105	0.978173
84	109	0.976598
84	117	1.00466
84	118	0.978755
84	167	0.980241
84	172	0.89031
84	174	1.01483
84	177	0.992697
85	89	1.41565
85	95	0.897832
85	96	1.01356
85	132	0.972707
85	133	1.04592
85	158	1.01851
85	159	0.983645
85	162	0.95584
85	165	0.975453
85	170	0.969754
85	171	0.96816
85	173	0.965106
85	175	0.972492
85	176	0.964715
85	177	0.969884
85	178	0.972332
85	179	0.963731
85	180	0.966181
86	3	1.02484
86	39	1.06565
86	45	0.920101
86	61	0.932131
86	83	0.971196
86	84	0.942094
86	89	0.859004
86	93	0.996289
86	103	0.925793
86	104	0.974035
86	105	0.974035
86	109	0.97246
86	117	1.00053
86	137	1.17045
86	151	1.08299
86	167	0.976103
86	174	1.01069
86	177	1.20663
87	37	0.932568
87	69	0.8652
87	70	0.835592
87	91	0.864199
87	107	0.915133
87	119	1.05589
87	129	0.981729
87	151	1.05779
87	159	1.06151
87	163	1.05167
87	165	1.05332
87	170	1.04762
87	171	1.04603
87	176	1.04258
87	177	1.04775
87	178	1.0502
87	179	1.0416
87	180	1.04405
88	90	0.988828
88	110	0.980684
88	112	1.10827
88	125	0.945151
88	126	0.94166
88	138	0.992191
88	141	0.947668
88	148	1.0968
88	149	0.948894
88	150	0.984132
88	151	1.0306
88	153	0.945929
88	154	1.00239
88	155	0.97872
88	156	0.976969
88	157	0.966784
88	174	1.01781
88	179	1.15519
89	20	0.947423
89	39	0.986694
89	61	0.853179
89	83	0.892244
89	84	0.863142
89	85	1.41565
89	86	0.859004
89	93	0.917337
89	103	0.846841
89	104	0.895083
89	105	0.895083
89	109	0.893508
89	117	0.921574
89	119	1.30149
89	152	1.33835
89	167	0.897151
89	174	0.931738
89	178	1.34996
90	53	0.99375
90	88	0.988828
90	91	1.04496
90	113	0.948556
90	134	1.01407
90	138	1.04241
90	147	1.22962
90	149	0.999108
90	150	1.03435
90	153	0.996144
90	154	1.05261
90	155	1.02893
90	156	1.02718
90	157	1.017
90	165	0.887503
90	166	0.917326
90	167	0.84016
90	169	1.06067
90	175	0.884112
91	87	0.864199
91	90	1.04496
91	110	1.03681
91	123	0.98349
91	124	1.00666
91	125	1.00128
91	131	0.963255
91	134	1.01998
91	138	1.04832
91	141	1.0038
91	149	1.00502
91	150	1.04026
91	153	1.00206
91	155	1.03485
91	156	1.0331
91	157	1.02291
91	162	0.988172
91	172	0.889332
91	173	1.02005
92	5	0.826935
92	39	0.846459
92	42	0.951492
92	83	0.961638
92	126	1.12573
92	152	1.03122
92	158	0.984247
92	161	1.03792
92	164	1.02638
92	165	1.02712
92	170	1.02142
92	171	1.01983
92	173	1.01677
92	175	1.02416
92	176	1.01638
92	177	1.02155
92	178	1.024
92	179	1.0154
92	180	1.01785
93	39	1.12398
93	61	0.990464
93	64	1.19394
93	83	1.02953
93	84	1.00043
93	86	0.996289
93	89	0.917337
93	103	0.984127
93	104	1.03237
93	105	1.03237
93	109	1.03079
93	117	1.05886
93	145	0.81587
93	158	1.21476
93	166	0.838215
93	167	1.03444
93	171	0.800812
93	174	1.06902
93	179	0.841262
94	43	1.01881
94	76	1.01525
94	106	0.968006
94	114	1.01712
94	115	1.01063
94	120	1.0351
94	121	1.0371
94	128	1.04006
94	129	0.987148
94	136	1.03244
94	137	0.945989
94	140	1.04447
94	142	1.06516
94	147	1.02871
94	163	0.912406
94	166	0.980078
94	167	0.902912
94	173	1.0105
94	176	0.958341
95	9	1.04576
95	15	1.06809
95	25	1.02106
95	37	1.02294
95	41	0.886729
95	51	1.09109
95	69	1.0192
95	70	1.03176
95	71	1.0267
95	82	0.980089
95	85	0.897832
95	99	1.0062
95	122	1.04309
95	130	0.842345
95	134	1.22708
95	161	0.808881
95	169	1.0547
95	172	1.04566
95	176	0.886077
96	45	0.739106
96	85	1.01356
96	106	0.959725
96	107	1.02221
96	114	1.00884
96	115	1.00234
96	116	1.04865
96	128	1.03178
96	133	1.02084
96	136	1.02416
96	140	1.03619
96	142	1.05688
96	144	1.04844
96	147	1.02042
96	148	0.968204
96	158	1.01951
96	165	0.993723
96	175	0.990333
96	176	1.00181
97	2	1.17353
97	46	1.00456
97	106	0.965379
97	107	1.02786
97	114	1.01449
97	115	1.008
97	116	1.0543
97	128	1.03743
97	129	0.984522
97	132	0.968221
97	142	1.06254
97	144	1.05409
97	147	1.02608
97	151	0.842691
97	158	1.02517
97	168	1.03557
97	170	0.951814
97	174	0.829903
97	176	0.942504
98	8	1.19971
98	9	0.865809
98	31	0.905345
98	33	0.888881
98	106	1.15622
98	112	0.995224
98	133	0.980341
98	135	1.00346
98	152	1.01241
98	162	0.988691
98	164	1.00756
98	166	0.98221
98	170	1.0026
98	171	1.00101
98	173	0.997956
98	175	1.00534
98	177	1.00273
98	178	1.00518
98	179	0.996582
98	180	0.999032
99	9	1.02485
99	25	1.00015
99	32	1.00407
99	37	1.00203
99	41	0.865819
99	51	1.07018
99	69	0.99829
99	70	1.01085
99	71	1.00579
99	82	0.959179
99	95	1.0062
99	111	0.95141
99	119	0.924605
99	131	0.994033
99	160	1.09809
99	169	1.0338
99	171	1.01135
99	172	1.02475
99	178	0.973076
99	179	1.0518
100	20	1.20474
100	43	0.968335
100	68	0.925152
100	111	0.973128
100	114	0.96665
100	115	0.960154
100	120	0.98463
100	121	0.986632
100	128	0.989589
100	133	0.978655
100	136	0.981972
100	140	0.994004
100	142	1.01469
100	144	1.00625
100	145	1.04812
100	147	0.978234
100	148	1.01512
100	158	0.977322
100	168	0.987729
100	177	1.07256
100	178	0.994794
101	49	0.940095
101	64	0.923127
101	80	1.04494
101	108	1.04977
101	115	1.38866
101	122	1.19187
101	124	0.942016
101	125	0.936637
101	126	0.933146
101	127	0.978537
101	134	0.955339
101	139	0.970332
101	149	0.94038
101	150	0.975618
101	153	0.937415
101	154	0.993877
101	155	0.970206
101	156	0.968455
101	157	0.95827
101	165	1.02676
101	167	0.979421
101	169	1.00194
102	35	1.02983
102	56	0.987156
102	70	1.22655
102	110	1.0371
102	125	1.00157
102	126	0.998076
102	127	1.04347
102	131	0.891113
102	134	1.02027
102	141	1.00408
102	149	1.00531
102	150	1.04055
102	153	1.00235
102	154	1.05881
102	155	1.03514
102	156	1.03338
102	157	1.0232
102	161	0.818551
102	169	1.06687
102	171	0.880081
102	175	0.88427
102	179	0.920531
103	16	1.00383
103	20	1.01421
103	39	1.05348
103	60	1.20388
103	61	0.919968
103	63	0.927911
103	83	0.959034
103	84	0.929931
103	86	0.925793
103	89	0.846841
103	93	0.984127
103	104	0.961872
103	105	0.961872
103	109	0.960297
103	117	0.988363
103	123	1.09212
103	163	1.03058
103	167	0.96394
103	171	1.06085
103	174	0.998527
103	177	1.10035
103	180	1.1206
104	3	0.824079
104	16	1.05207
104	20	1.06245
104	39	1.10173
104	61	0.96821
104	65	0.952526
104	83	1.00728
104	84	0.978173
104	86	0.974035
104	89	0.895083
104	93	1.03237
104	103	0.961872
104	105	1.01011
104	109	1.00854
104	117	1.0366
104	151	0.882231
104	152	0.9165
104	162	1.00233
104	165	0.973957
104	167	1.01218
104	169	1.28172
104	174	1.04677
104	180	1.02612
105	16	1.05207
105	20	1.06245
105	39	1.10173
105	61	0.96821
105	65	0.952526
105	83	1.00728
105	84	0.978173
105	86	0.974035
105	89	0.895083
105	93	1.03237
105	103	0.961872
105	104	1.01011
105	109	1.00854
105	117	1.0366
105	145	1.00575
105	146	0.978432
105	159	0.973631
105	161	0.929157
105	162	1.02664
105	167	1.01218
105	168	0.94824
105	174	1.04677
105	180	1.05043
106	34	1.07071
106	48	0.920594
106	68	0.891151
106	94	0.968006
106	96	0.959725
106	97	0.965379
106	98	1.15622
106	107	0.94602
106	114	0.93265
106	116	0.972457
106	121	0.952631
106	128	0.955588
106	129	0.902677
106	131	1.2054
106	133	0.944654
106	136	0.947972
106	142	0.980692
106	144	0.972248
106	147	0.944234
106	158	0.943322
106	161	1.13284
106	172	1.13148
106	176	1.21004
107	76	0.993259
107	87	0.915133
107	96	1.02221
107	97	1.02786
107	106	0.94602
107	114	0.995135
107	115	0.988639
107	120	1.01312
107	128	1.01807
107	129	0.965162
107	133	1.00714
107	136	1.01046
107	140	1.02249
107	142	1.04318
107	144	1.03473
107	147	1.00672
107	158	1.00581
107	162	1.03911
107	163	0.972889
107	164	1.02269
107	165	1.01074
107	174	0.906223
107	179	1.04361
108	4	0.833371
108	61	1.1375
108	101	1.04977
108	110	0.969616
108	111	0.998671
108	132	1.01012
108	146	1.01429
108	148	1.01676
108	153	1.06775
108	154	0.913206
108	160	0.995004
108	161	1.02366
108	165	1.01286
108	166	0.986768
108	169	0.923079
108	171	1.00557
108	173	1.00251
108	175	1.0099
108	176	1.00212
108	177	1.00729
108	178	1.00974
108	179	1.00114
108	180	1.00359
109	16	1.05049
109	20	1.06088
109	39	1.10015
109	45	0.808578
109	58	1.13819
109	61	0.966635
109	63	0.974577
109	72	0.931225
109	83	1.0057
109	84	0.976598
109	86	0.97246
109	89	0.893508
109	93	1.03079
109	103	0.960297
109	104	1.00854
109	105	1.00854
109	117	1.03503
109	135	1.02476
109	161	0.994086
109	167	1.01061
109	172	0.992724
109	174	1.04519
109	178	1.01735
110	17	0.948495
110	88	0.980684
110	91	1.03681
110	102	1.0371
110	108	0.969616
110	124	0.992601
110	125	0.987221
110	126	0.98373
110	127	1.02912
110	134	1.00592
110	142	1.2502
110	143	0.884884
110	149	0.990964
110	150	1.0262
110	153	0.988
110	154	1.04446
110	155	1.02079
110	156	1.01904
110	157	1.00885
110	162	0.974977
110	166	0.976431
110	168	0.896581
110	176	0.954695
111	10	1.29495
111	36	1.28778
111	99	0.95141
111	100	0.973128
111	108	0.998671
111	136	0.955547
111	137	0.98774
111	148	0.998062
111	151	0.998639
111	154	0.822682
111	155	0.909529
111	160	0.976309
111	161	1.00496
111	162	0.974554
111	163	0.992519
111	165	0.994167
111	166	0.968073
111	170	0.988467
111	171	0.986874
111	173	0.983819
111	175	0.991206
111	177	0.988597
111	179	0.982445
111	180	0.984895
112	11	1.23065
112	39	0.846833
112	62	1.16651
112	88	1.10827
112	98	0.995224
112	113	0.982612
112	142	0.881844
112	146	0.996702
112	157	0.976915
112	158	0.984621
112	159	1.00347
112	160	0.97742
112	162	0.975666
112	163	0.993631
112	164	0.994539
112	165	0.995278
112	166	0.969184
112	171	0.987986
112	175	0.992317
112	176	0.98454
112	177	0.989709
112	178	0.992157
112	179	0.983556
112	180	0.986007
113	43	1.08299
113	90	0.948556
113	112	0.982612
113	117	0.943165
113	127	1.02121
113	153	1.10579
113	155	1.0381
113	157	1.05202
113	159	1.00388
113	160	0.977834
113	161	1.00649
113	162	0.976079
113	163	0.994044
113	164	0.994953
113	166	0.969598
113	170	0.989993
113	171	0.988399
113	173	0.985345
113	175	0.992731
113	176	0.984954
113	177	0.990123
113	178	0.992571
113	179	0.98397
113	180	0.98642
114	24	0.896217
114	48	0.96971
114	94	1.01712
114	96	1.00884
114	97	1.01449
114	100	0.96665
114	106	0.93265
114	107	0.995135
114	128	1.0047
114	129	0.951792
114	130	0.96109
114	133	0.993769
114	140	1.00912
114	142	1.02981
114	143	0.935011
114	144	1.02136
114	147	0.993349
114	153	1.44917
114	158	0.992437
114	163	0.958887
114	167	0.949392
114	168	1.00284
114	172	0.926264
114	177	1.02865
115	24	0.889721
115	46	0.965335
115	76	0.973394
115	94	1.01063
115	96	1.00234
115	97	1.008
115	100	0.960154
115	101	1.38866
115	107	0.988639
115	116	1.01508
115	121	0.995251
115	133	0.987274
115	136	0.990591
115	137	0.949937
115	140	1.00262
115	142	1.02331
115	144	1.01487
115	146	0.934368
115	147	0.986853
115	158	0.985941
115	165	0.954203
115	173	1.01445
115	176	0.96229
115	180	1.00637
116	46	1.01164
116	96	1.04865
116	97	1.0543
116	106	0.972457
116	115	1.01508
116	118	0.970824
116	120	1.03955
116	121	1.04155
116	122	0.980184
116	123	1.01847
116	128	1.04451
116	129	0.9916
116	136	1.03689
116	140	1.04893
116	142	1.06962
116	144	1.06117
116	146	0.933016
116	147	1.03316
116	148	0.927331
116	158	1.03224
116	159	0.928216
116	165	0.952851
116	166	0.982674
116	170	0.970248
116	174	0.848337
117	16	1.07856
117	20	1.08894
117	39	1.12822
117	61	0.9947
117	63	1.00264
117	65	0.979016
117	83	1.03377
117	84	1.00466
117	86	1.00053
117	89	0.921574
117	93	1.05886
117	103	0.988363
117	104	1.0366
117	105	1.0366
117	109	1.03503
117	113	0.943165
117	145	0.88959
117	147	1.22423
117	152	0.824654
117	167	1.03867
117	170	0.899509
117	174	1.07326
117	175	0.878721
117	179	0.914982
117	180	0.934275
118	18	1.14461
118	28	0.942905
118	51	0.872698
118	82	1.0135
118	84	0.978755
118	116	0.970824
118	132	1.01046
118	135	1.00836
118	138	0.955257
118	143	1.04675
118	146	1.01462
118	161	1.024
118	162	0.993589
118	163	1.01155
118	165	1.0132
118	166	0.987107
118	169	0.918044
118	170	1.0075
118	171	1.00591
118	172	1.04113
118	175	1.01024
118	176	1.00246
118	177	1.00763
118	178	1.01008
118	179	1.00148
118	180	1.00393
119	21	0.855334
119	25	0.926363
119	39	0.766563
119	62	1.08624
119	78	0.939961
119	87	1.05589
119	89	1.30149
119	99	0.924605
119	132	1.00819
119	135	1.00609
119	143	1.04448
119	145	1.02841
119	149	0.997562
119	159	1.01913
119	160	0.993076
119	161	1.02173
119	162	0.991321
119	170	1.00523
119	171	1.00364
119	173	1.00059
119	175	1.00797
119	176	1.0002
119	177	1.00536
119	178	1.00781
119	179	0.999212
119	180	1.00166
120	22	0.944852
120	65	1.10425
120	67	1.01326
120	76	0.99787
120	94	1.0351
120	100	0.98463
120	107	1.01312
120	116	1.03955
120	121	1.01973
120	123	0.99664
120	128	1.02268
120	129	0.969773
120	130	0.892103
120	131	0.9312
120	133	1.01175
120	136	1.01507
120	137	0.923483
120	140	1.0271
120	142	1.04779
120	144	1.03934
120	145	0.935227
120	147	1.01133
120	154	1.22564
120	158	1.01042
120	164	0.939697
120	172	0.857277
121	68	0.960248
121	76	0.999871
121	94	1.0371
121	100	0.986632
121	106	0.952631
121	115	0.995251
121	116	1.04155
121	120	1.01973
121	129	0.971774
121	130	0.957556
121	133	1.01375
121	136	1.01707
121	139	1.03558
121	140	1.0291
121	142	1.04979
121	144	1.04135
121	147	1.01333
121	151	0.901475
121	158	1.01242
121	159	0.968566
121	168	1.02283
121	170	1.0106
121	172	0.92273
121	176	1.00129
121	177	1.02512
121	179	1.02607
122	5	1.02292
122	14	1.01711
122	27	0.968438
122	31	1.11618
122	35	1.09549
122	59	0.925487
122	68	0.898878
122	81	0.94117
122	83	1.14117
122	95	1.04309
122	101	1.19187
122	116	0.980184
122	133	0.952381
122	134	1.1065
122	138	1.10239
122	144	0.979975
122	147	0.95196
122	158	0.951048
122	170	0.947974
122	173	0.943326
122	174	0.991206
122	176	0.942935
122	177	0.948103
122	178	0.950552
122	179	0.941951
122	180	0.944401
123	26	0.98297
123	54	0.956008
123	57	0.98297
123	61	1.13818
123	91	0.98349
123	103	1.09212
123	116	1.01847
123	120	0.99664
123	127	0.983847
123	133	0.990665
123	134	0.965083
123	142	1.0267
123	145	1.00943
123	147	0.990244
123	154	0.913884
123	155	1.00073
123	157	1.01465
123	158	0.989332
123	168	0.999739
123	169	1.02893
123	171	0.984664
123	172	1.01989
123	173	0.98161
123	175	0.988996
123	176	0.981219
123	178	0.988836
123	180	0.982685
124	34	0.945978
124	36	0.891109
124	56	1.17671
124	64	0.943558
124	80	1.06537
124	91	1.00666
124	101	0.942016
124	110	0.992601
124	125	0.957068
124	126	0.953577
124	127	0.998968
124	130	1.04157
124	134	0.975769
124	138	1.00411
124	141	0.959585
124	149	0.96081
124	150	0.996049
124	152	1.01976
124	153	0.957846
124	154	1.01431
124	155	0.990637
124	156	0.988886
124	157	0.978701
124	164	1.08917
124	168	1.02719
124	169	1.02238
124	173	1.13747
124	174	0.972705
125	31	0.996392
125	65	1.22019
125	80	1.05999
125	88	0.945151
125	91	1.00128
125	101	0.936637
125	102	1.00157
125	110	0.987221
125	124	0.957068
125	126	0.948197
125	127	0.993588
125	134	0.97039
125	138	0.998729
125	141	0.954206
125	149	0.955431
125	150	0.99067
125	152	0.986229
125	153	0.952467
125	154	1.00893
125	155	0.985258
125	156	0.983507
125	157	0.973321
125	159	1.01905
125	164	1.05563
125	167	0.996343
125	170	1.06108
125	177	1.0756
125	178	0.997836
126	13	1.05719
126	17	0.909471
126	31	0.992901
126	35	0.976463
126	45	0.885539
126	64	0.934687
126	88	0.94166
126	92	1.12573
126	101	0.933146
126	102	0.998076
126	110	0.98373
126	124	0.953577
126	125	0.948197
126	127	0.990097
126	134	0.966899
126	137	1.13589
126	138	0.995238
126	141	0.950714
126	149	0.95194
126	150	0.987179
126	153	0.948976
126	154	1.00544
126	155	0.981767
126	156	0.980015
126	157	0.96983
126	162	1.16852
126	167	1.09281
126	172	1.06968
126	179	1.17303
127	31	1.03829
127	49	0.997046
127	64	0.980079
127	101	0.978537
127	102	1.04347
127	110	1.02912
127	113	1.02121
127	123	0.983847
127	124	0.998968
127	125	0.993588
127	126	0.990097
127	132	0.993965
127	134	1.01229
127	135	0.92173
127	137	0.955895
127	138	1.04063
127	141	0.996106
127	145	0.967639
127	149	0.997331
127	150	1.03257
127	152	0.902704
127	153	0.994367
127	154	1.05083
127	155	1.02716
127	156	1.02541
127	157	1.01522
127	164	0.97211
127	169	1.0589
127	179	0.993031
128	18	1.4129
128	43	1.00639
128	48	0.992648
128	60	1.01402
128	65	1.05508
128	76	1.00283
128	94	1.04006
128	96	1.03178
128	97	1.03743
128	100	0.989589
128	106	0.955588
128	107	1.01807
128	114	1.0047
128	116	1.04451
128	120	1.02268
128	129	0.974731
128	133	1.01671
128	136	1.02003
128	140	1.03206
128	142	1.05275
128	147	1.01629
128	158	1.01538
128	163	0.840725
128	164	0.890522
128	165	0.878573
128	168	1.02578
128	175	0.875183
128	177	0.910488
128	178	0.832723
129	23	0.975486
129	43	0.953477
129	48	0.939737
129	60	1.21278
129	68	0.910294
129	87	0.981729
129	94	0.987148
129	97	0.984522
129	106	0.902677
129	107	0.965162
129	114	0.951792
129	116	0.9916
129	120	0.969773
129	121	0.971774
129	128	0.974731
129	131	1.08079
129	136	0.967114
129	139	0.985626
129	140	0.979146
129	142	0.999835
129	144	0.991391
129	146	1.0575
129	147	0.963377
129	158	0.962465
129	162	1.1057
129	166	1.10716
129	168	0.972871
129	170	1.09473
129	171	1.06975
130	7	1.17462
130	10	0.951782
130	18	0.95404
130	21	1.08419
130	29	1.0408
130	42	0.997657
130	47	1.11478
130	55	0.998809
130	62	0.959534
130	73	1.03385
130	74	1.00686
130	75	1.00788
130	77	1.00788
130	95	0.842345
130	114	0.96109
130	120	0.892103
130	121	0.957556
130	124	1.04157
130	133	0.990429
130	148	1.02643
130	156	0.97064
130	165	1.02254
130	167	1.02548
130	169	0.864425
130	173	1.01219
130	176	1.0118
130	178	1.01941
130	179	1.01081
130	180	1.01326
131	5	1.07482
131	7	0.918069
131	11	0.918069
131	25	1.0089
131	27	1.02033
131	41	0.874565
131	44	1.06308
131	51	1.07893
131	59	0.977383
131	70	1.0196
131	81	0.993066
131	91	0.963255
131	99	0.994033
131	102	0.891113
131	106	1.2054
131	120	0.9312
131	129	1.08079
131	133	1.02953
131	147	0.937873
131	154	0.89365
131	161	1.01637
131	163	1.00392
131	169	1.04254
131	172	1.0335
131	173	0.995221
131	174	1.0431
131	175	1.00261
131	176	0.994831
131	179	0.993847
131	180	0.996297
132	30	0.976954
132	85	0.972707
132	97	0.968221
132	108	1.01012
132	118	1.01046
132	119	1.00819
132	127	0.993965
132	140	0.958686
132	142	0.929699
132	148	1.00951
132	150	1.02737
132	152	1.00971
132	153	1.07854
132	157	1.02477
132	158	1.03248
132	159	1.0138
132	160	0.987754
132	163	1.00396
132	164	1.00487
132	165	1.00561
132	166	0.979518
132	170	0.999913
132	171	0.998319
132	173	0.995265
132	175	1.00265
132	176	0.994874
132	177	1.00004
132	178	1.00249
132	179	0.99389
132	180	0.996341
133	43	0.995454
133	68	0.952271
133	72	0.894104
133	76	0.991894
133	85	1.04592
133	96	1.02084
133	98	0.980341
133	100	0.978655
133	106	0.944654
133	107	1.00714
133	114	0.993769
133	115	0.987274
133	120	1.01175
133	121	1.01375
133	122	0.952381
133	123	0.990665
133	128	1.01671
133	130	0.990429
133	131	1.02953
133	136	1.00909
133	139	1.0276
133	140	1.02112
133	142	1.04181
133	144	1.03337
133	147	1.00535
133	148	1.00056
133	158	1.00444
133	173	1.08632
133	174	0.921561
133	177	1.05799
134	49	0.973848
134	80	1.07869
134	90	1.01407
134	91	1.01998
134	95	1.22708
134	101	0.955339
134	102	1.02027
134	110	1.00592
134	122	1.1065
134	123	0.965083
134	124	0.975769
134	125	0.97039
134	126	0.966899
134	127	1.01229
134	138	1.01743
134	141	0.972907
134	148	0.915877
134	149	0.974133
134	150	1.00937
134	153	0.971169
134	154	1.02763
134	155	1.00396
134	156	1.00221
134	157	0.992023
134	162	0.969766
134	168	0.89137
134	169	1.0357
134	170	0.958794
134	173	1.00165
134	179	0.974267
135	35	0.891951
135	41	1.50621
135	74	0.985481
135	98	1.00346
135	109	1.02476
135	118	1.00836
135	119	1.00609
135	127	0.92173
135	144	0.889157
135	146	1.00494
135	151	1.00799
135	152	1.00762
135	157	0.952535
135	158	0.960241
135	160	0.985658
135	161	1.01431
135	162	0.983903
135	164	1.00278
135	165	1.00352
135	167	1.00646
135	169	0.86164
135	170	0.997816
135	171	0.996223
135	173	0.993168
135	175	1.00055
135	176	0.992778
135	177	0.997946
135	178	1.00039
135	179	0.991794
135	180	0.994244
136	23	1.02078
136	24	0.911539
136	38	0.978317
136	46	0.987153
136	48	0.985032
136	68	0.955588
136	94	1.03244
136	96	1.02416
136	100	0.981972
136	106	0.947972
136	107	1.01046
136	111	0.955547
136	115	0.990591
136	116	1.03689
136	120	1.01507
136	121	1.01707
136	128	1.02003
136	129	0.967114
136	133	1.00909
136	140	1.02444
136	144	1.03669
136	148	0.997544
136	158	1.00776
136	164	1.03501
136	165	1.02306
136	166	1.05289
136	167	0.97572
136	168	1.01817
136	174	0.91855
136	180	1.07523
137	29	1.00765
137	73	0.922463
137	86	1.17045
137	94	0.945989
137	111	0.98774
137	115	0.949937
137	120	0.923483
137	126	1.13589
137	127	0.955895
137	143	1.03548
137	145	1.01941
137	148	1.00583
137	151	1.0064
137	152	1.00603
137	157	0.9867
137	159	1.01012
137	160	0.984074
137	162	0.982319
137	163	1.00028
137	165	1.00193
137	168	1.00971
137	170	0.996233
137	171	0.994639
137	173	0.991584
137	175	0.998971
137	176	0.991194
137	177	0.996362
137	178	0.998811
137	179	0.99021
137	180	0.99266
138	2	0.940282
138	3	0.787406
138	19	1.07157
138	35	1.02699
138	36	0.93277
138	49	1.00219
138	65	1.11379
138	66	0.964136
138	79	1.03397
138	80	1.10703
138	88	0.992191
138	90	1.04241
138	91	1.04832
138	118	0.955257
138	122	1.10239
138	124	1.00411
138	125	0.998729
138	126	0.995238
138	127	1.04063
138	134	1.01743
138	141	1.00125
138	145	0.944763
138	149	1.00247
138	150	1.03771
138	152	0.879827
138	153	0.999507
138	154	1.05597
138	155	1.0323
138	156	1.03055
138	157	1.02036
138	175	0.933894
138	178	0.891434
139	8	0.953724
139	10	0.958141
139	23	1.03929
139	26	1.05017
139	29	1.04716
139	32	0.908989
139	33	0.878183
139	37	0.97174
139	42	1.00402
139	48	1.00354
139	62	1.12413
139	75	1.01424
139	77	1.01424
139	101	0.970332
139	121	1.03558
139	129	0.985626
139	133	1.0276
139	142	1.06364
139	144	1.0552
139	150	0.937135
139	153	0.988306
139	155	0.920613
139	158	1.02627
139	169	0.843639
139	170	1.0232
139	173	1.01855
139	175	1.02593
139	176	1.01816
139	177	1.02333
139	178	1.02577
139	179	1.01717
139	180	1.01962
140	12	1.04383
140	13	0.841916
140	24	0.923571
140	46	0.999184
140	63	1.02161
140	67	1.02264
140	76	1.00724
140	94	1.04447
140	96	1.03619
140	100	0.994004
140	107	1.02249
140	114	1.00912
140	115	1.00262
140	116	1.04893
140	120	1.0271
140	121	1.0291
140	128	1.03206
140	129	0.979146
140	132	0.958686
140	133	1.02112
140	136	1.02444
140	142	1.05716
140	144	1.04872
140	147	1.0207
140	158	1.01979
140	160	1.00405
140	166	0.954706
140	168	1.0302
140	171	0.917303
140	176	0.932969
140	179	0.957753
140	180	0.977046
141	17	0.915479
141	19	1.02705
141	31	0.99891
141	36	0.888247
141	53	0.952591
141	64	0.940696
141	88	0.947668
141	91	1.0038
141	102	1.00408
141	124	0.959585
141	125	0.954206
141	126	0.950714
141	127	0.996106
141	134	0.972907
141	138	1.00125
141	143	1.04755
141	146	1.08944
141	149	0.957948
141	150	0.993187
141	151	1.01755
141	153	0.954984
141	154	1.01145
141	155	0.987775
141	156	0.986024
141	157	0.975839
141	160	1.18844
141	161	1.04017
141	163	1.07143
141	169	1.01951
141	172	1.0388
141	174	1.00476
141	176	1.11736
142	24	0.94426
142	40	0.57303
142	46	1.01987
142	48	1.01775
142	94	1.06516
142	96	1.05688
142	97	1.06254
142	100	1.01469
142	106	0.980692
142	107	1.04318
142	110	1.2502
142	112	0.881844
142	114	1.02981
142	115	1.02331
142	116	1.06962
142	120	1.04779
142	121	1.04979
142	123	1.0267
142	128	1.05275
142	129	0.999835
142	132	0.929699
142	133	1.04181
142	139	1.06364
142	140	1.05716
142	143	0.834171
142	147	1.04139
