1	9	0.936325
1	13	1.04605
1	14	0.928125
1	16	0.945443
1	36	1.00457
1	42	0.890571
1	47	0.983418
1	56	0.965043
1	121	0.906998
1	134	1.35295
1	144	0.996406
1	159	1.59174
2	44	0.988528
2	76	0.982277
2	88	0.967806
2	108	0.976745
2	125	0.942938
2	129	0.968197
2	140	0.973146
2	143	1.21949
2	154	0.96404
2	159	0.905427
2	170	0.93598
2	179	1.71622
3	12	1.04545
3	14	1.04562
3	36	1.12206
3	42	1.00807
3	47	1.10091
3	56	1.08254
3	92	1.09384
3	104	1.06123
3	121	1.02449
3	137	0.849695
3	144	1.1139
3	152	1.29838
4	23	0.583015
4	24	1.08234
4	49	1.06231
4	63	1.11783
4	108	1.07012
4	124	1.07986
4	125	1.03631
4	127	1.1031
4	135	1.45616
4	140	1.06652
4	154	1.05742
4	170	1.02935
5	32	1.0169
5	51	0.978284
5	61	1.1389
5	64	1.04696
5	79	1.0192
5	80	1.08999
5	83	1.07247
5	84	1.07245
5	85	1.07244
5	91	1.07243
5	112	0.974268
5	167	1.19515
6	11	1.0197
6	27	0.900496
6	28	0.895243
6	29	1.00043
6	46	0.9807
6	53	0.961174
6	73	0.983997
6	77	0.969058
6	97	0.937148
6	143	1.36679
6	154	0.957814
6	170	1.5686
7	27	1.01931
7	28	1.01405
7	31	1.10178
7	53	1.07998
7	60	1.04928
7	77	1.08787
7	93	1.12109
7	97	1.05596
7	116	0.434922
7	154	1.07662
7	171	1.59339
7	177	1.19988
8	71	0.405921
8	108	0.472079
8	113	1.14162
8	129	0.677326
8	155	1.14339
8	161	1.10819
8	168	1.05469
8	173	1.01742
8	175	1.03362
8	176	1.01068
8	177	1.04716
8	180	1.0403
9	1	0.936325
9	12	0.936582
9	13	1.05468
9	14	0.936751
9	16	0.954069
9	42	0.899196
9	47	0.992043
9	56	0.973668
9	92	1.09588
9	121	0.915623
9	144	1.00503
9	180	1.88928
10	94	1.05633
10	101	1.05245
10	109	1.08224
10	124	1.09933
10	129	1.08104
10	140	1.08599
10	153	1.22691
10	154	1.07688
10	158	1.11738
10	159	1.01827
10	161	0.884346
10	170	1.04882
11	6	1.0197
11	31	1.08761
11	46	1.08534
11	57	0.461178
11	73	1.08864
11	77	1.0737
11	93	1.10692
11	97	1.04179
11	122	1.03731
11	154	1.06246
11	174	1.12994
11	175	1.58467
12	3	1.04545
12	9	0.936582
12	13	1.04631
12	14	0.928382
12	16	0.9457
12	42	0.890827
12	56	0.965299
12	104	0.943995
12	121	0.907254
12	139	1.17698
12	144	0.996662
12	151	1.69598
13	1	1.04605
13	9	1.05468
13	12	1.04631
13	36	1.12292
13	42	1.00892
13	47	1.10177
13	56	1.0834
13	121	1.02535
13	144	1.11476
13	152	1.06871
13	160	0.995699
13	163	1.17751
14	1	0.928125
14	3	1.04562
14	9	0.936751
14	12	0.928382
14	16	0.945868
14	36	1.00499
14	42	0.890996
14	47	0.983843
14	104	0.944164
14	118	2.64672
14	144	0.996831
14	148	0.302471
15	25	0.345978
15	69	0.571899
15	126	1.06449
15	147	0.593653
15	163	1.09459
15	169	1.06272
15	170	1.10493
15	176	1.03165
15	177	1.06813
15	178	1.04114
15	179	1.06745
15	180	1.06127
16	1	0.945443
16	9	0.954069
16	12	0.9457
16	14	0.945868
16	36	1.02231
16	42	0.908314
16	56	0.982786
16	104	0.961482
16	121	0.924741
16	144	1.01415
16	157	1.15082
16	179	1.77397
17	113	0.948065
17	145	2.12748
17	149	0.91256
17	160	0.937853
17	161	0.914637
17	169	0.848203
17	171	0.841814
17	173	0.823869
17	176	0.817125
17	177	0.853611
17	179	0.852932
17	180	0.846745
18	61	1.12675
18	64	1.0348
18	69	1.11592
18	79	1.00704
18	80	1.07783
18	83	1.06032
18	84	1.0603
18	85	1.06029
18	91	1.06028
18	165	0.559633
18	176	1.70029
18	180	1.01469
19	27	1.55749
19	70	0.376468
19	117	0.98563
19	145	0.991398
19	146	0.988158
19	147	0.990158
19	150	0.98145
19	161	0.984722
19	175	0.910156
19	177	0.923696
19	179	0.923018
19	180	0.91683
20	32	0.916664
20	64	0.946723
20	69	1.02785
20	79	0.918966
20	80	0.989756
20	83	0.972237
20	84	0.972221
20	85	0.97221
20	91	0.972201
20	121	0.913384
20	159	1.37479
20	179	1.56839
21	111	0.743327
21	123	1.00489
21	146	1.11455
21	151	1.00469
21	160	1.0125
21	162	0.998106
21	163	0.95471
21	172	0.884679
21	174	0.989437
21	177	0.928254
21	178	0.901256
21	180	0.921388
22	33	0.890051
22	112	0.971477
22	117	0.900071
22	137	1.02726
22	155	1.01607
22	158	0.977626
22	161	0.980868
22	171	0.908044
22	174	0.981025
22	175	0.906301
22	179	0.919163
22	180	0.912976
23	4	0.583015
23	74	1.04841
23	93	0.470138
23	130	1.07598
23	133	1.02044
23	136	1.05389
23	146	1.07748
23	147	1.07948
23	150	1.07078
23	177	1.01302
23	178	0.986025
23	179	1.01234
23	180	1.00616
24	4	1.08234
24	37	1.04195
24	41	1.04472
24	44	1.04999
24	76	1.04374
24	88	1.02926
24	124	1.04795
24	125	1.0044
24	128	1.08212
24	129	1.02966
24	139	0.885543
24	140	1.0346
24	157	1.33238
25	15	0.345978
25	27	0.994177
25	28	0.988924
25	29	1.09411
25	53	1.05486
25	60	1.02415
25	73	1.07768
25	77	1.06274
25	97	1.03083
25	122	1.02635
25	153	0.797649
25	154	1.0515
25	176	2.04909
26	59	0.959434
26	107	0.975482
26	115	0.964064
26	117	0.954868
26	136	0.933801
26	138	0.937206
26	145	0.960637
26	146	0.957397
26	147	0.959396
26	150	0.950688
26	163	1.41779
26	172	0.84936
26	177	1.75295
27	6	0.900496
27	7	1.01931
27	19	1.55749
27	25	0.994177
27	28	0.880684
27	46	0.966141
27	53	0.946615
27	60	0.915911
27	73	0.969437
27	77	0.954498
27	97	0.922588
27	99	0.934982
27	139	1.25956
28	6	0.895243
28	7	1.01405
28	25	0.988924
28	27	0.880684
28	53	0.941362
28	68	1.45627
28	73	0.964184
28	77	0.949245
28	93	0.982467
28	97	0.917335
28	99	0.929729
28	154	0.938002
28	162	1.66119
29	6	1.00043
29	25	1.09411
29	50	0.786041
29	73	1.06937
29	79	0.991632
29	83	1.0449
29	84	1.04489
29	85	1.04488
29	91	1.04487
29	97	1.02252
29	144	0.729918
29	154	1.04319
29	175	1.83597
30	39	1.03652
30	40	1.04058
30	43	1.03936
30	45	1.0398
30	67	1.22585
30	70	1.06296
30	71	1.07238
30	95	1.00713
30	96	1.00709
30	103	1.05708
30	128	1.14136
30	139	0.944789
30	156	1.03515
31	7	1.10178
31	11	1.08761
31	46	1.04861
31	53	1.02908
31	60	0.998381
31	73	1.05191
31	77	1.03697
31	86	0.923327
31	97	1.00506
31	99	1.01745
31	128	0.909183
31	154	1.02572
31	170	1.48767
32	5	1.0169
32	20	0.916664
32	35	0.910715
32	61	1.01486
32	79	0.895158
32	80	0.965948
32	83	0.94843
32	84	0.948413
32	85	0.948402
32	91	0.948394
32	121	0.889576
32	149	1.1086
32	171	2.04125
33	22	0.890051
33	34	0.991965
33	38	1.06496
33	63	1.11058
33	94	1.02961
33	101	1.02574
33	109	1.05552
33	112	0.933252
33	129	1.05432
33	140	1.05927
33	159	0.991553
33	170	1.02211
33	180	1.33267
34	33	0.991965
34	49	0.947267
34	89	0.947651
34	101	0.91794
34	108	0.955076
34	109	0.947725
34	124	0.964817
34	125	0.921269
34	129	0.946528
34	140	0.951477
34	170	0.91431
34	174	1.21987
34	178	1.98146
35	32	0.910715
35	64	0.940773
35	69	1.0219
35	79	0.913016
35	80	0.983806
35	83	0.966288
35	84	0.966271
35	85	0.96626
35	91	0.966252
35	112	1.6653
35	118	0.861459
35	121	0.907434
35	170	1.47084
36	1	1.00457
36	3	1.12206
36	13	1.12292
36	14	1.00499
36	16	1.02231
36	42	0.967437
36	47	1.06028
36	56	1.04191
36	75	1.70468
36	121	0.983865
36	144	1.07327
36	152	0.715184
36	168	1.06391
37	24	1.04195
37	38	1.03182
37	63	1.07744
37	76	1.03526
37	92	0.363473
37	94	0.996468
37	101	0.992593
37	102	1.81175
37	108	1.02973
37	125	0.995923
37	129	1.02118
37	140	1.02613
37	159	0.958411
37	173	1.52871
38	33	1.06496
38	37	1.03182
38	49	1.02026
38	76	1.0336
38	109	1.02072
38	122	0.990224
38	125	0.994265
38	129	1.01952
38	140	1.02447
38	143	1.03957
38	154	1.01537
38	162	0.972708
38	168	1.59512
38	170	0.987306
39	30	1.03652
39	45	1.02644
39	52	1.00419
39	54	1.01075
39	70	1.0496
39	71	1.05901
39	74	0.964213
39	95	0.993769
39	96	0.99373
39	103	1.04371
39	128	0.69161
39	151	1.01404
39	156	1.02179
39	180	1.86397
40	30	1.04058
40	43	1.03006
40	52	1.00826
40	54	1.01481
40	70	1.05366
40	74	0.96828
40	89	1.02121
40	95	0.997836
40	96	0.997797
40	103	1.04778
40	139	0.891004
40	148	1.28123
40	156	1.02585
40	161	1.35153
41	24	1.04472
41	94	0.999237
41	101	0.995363
41	108	1.0325
41	109	1.02515
41	124	1.04224
41	125	0.998692
41	129	1.02395
41	140	1.0289
41	154	1.01979
41	164	0.546393
41	170	0.991733
41	173	1.48753
41	176	1.6473
42	1	0.890571
42	3	1.00807
42	9	0.899196
42	12	0.890827
42	13	1.00892
42	14	0.890996
42	16	0.908314
42	36	0.967437
42	47	0.946289
42	56	0.927914
42	104	0.906609
42	113	1.64725
42	116	1.68456
42	144	0.959277
43	30	1.03936
43	40	1.03006
43	45	1.02928
43	52	1.00703
43	74	0.967051
43	93	1.05917
43	95	0.996607
43	96	0.996568
43	99	1.00643
43	103	1.04655
43	135	1.15192
43	143	0.839556
43	156	1.02463
43	166	1.62042
44	2	0.988528
44	24	1.04999
44	88	1.02883
44	106	1.03264
44	109	1.03041
44	124	1.04751
44	125	1.00396
44	129	1.02922
44	134	1.25988
44	140	1.03417
44	154	1.02506
44	159	0.966447
44	160	1.32934
44	170	0.996999
45	30	1.0398
45	39	1.02644
45	43	1.02928
45	52	1.00747
45	54	1.01403
45	70	1.05288
45	74	0.967497
45	95	0.997053
45	96	0.997014
45	103	1.047
45	127	1.27573
45	148	1.1334
45	155	1.15924
45	156	1.02507
46	6	0.9807
46	11	1.08534
46	27	0.966141
46	31	1.04861
46	60	0.996115
46	73	1.04964
46	77	1.0347
46	97	1.00279
46	99	1.01519
46	122	0.998316
46	154	1.02346
46	155	0.46021
46	166	1.39825
46	178	1.80273
47	1	0.983418
47	3	1.10091
47	9	0.992043
47	13	1.10177
47	14	0.983843
47	36	1.06028
47	42	0.946289
47	56	1.02076
47	104	0.999457
47	121	0.962716
47	137	0.83966
47	144	1.05212
47	159	1.38465
47	163	1.39714
48	78	0.821765
48	87	1.02656
48	115	1.02762
48	117	1.01842
48	120	1.01597
48	136	0.997352
48	138	1.00076
48	145	1.02419
48	146	1.02095
48	147	1.02295
48	150	1.01424
48	156	1.03127
48	157	0.897328
48	169	1.904
49	4	1.06231
49	34	0.947267
49	38	1.02026
49	81	1.20856
49	88	1.00923
49	94	0.984911
49	108	1.01817
49	109	1.01082
49	124	1.02791
49	125	0.984366
49	140	1.01457
49	148	1.14048
49	158	1.44381
49	159	0.946854
49	170	0.977407
50	29	0.786041
50	90	0.818125
50	146	0.864467
50	153	1.1029
50	165	1.05026
50	168	1.00402
50	169	0.991087
50	171	0.984698
50	173	0.966754
50	175	0.982955
50	176	0.960009
50	177	0.996496
50	178	0.969498
50	179	0.995817
50	180	0.98963
51	5	0.978284
51	55	0.870026
51	121	1.79316
51	133	0.918471
51	161	0.972074
51	162	0.9809
51	164	0.963506
51	167	0.938792
51	174	0.972231
51	175	0.897507
51	176	0.874562
51	177	0.911048
51	178	0.88405
51	179	0.910369
51	180	0.904182
52	39	1.00419
52	40	1.00826
52	43	1.00703
52	45	1.00747
52	70	1.03063
52	71	1.04005
52	74	0.945245
52	95	0.974801
52	96	0.974763
52	99	0.984624
52	103	1.02475
52	114	1.10684
52	131	1.31426
52	156	1.00282
52	168	1.4135
53	6	0.961174
53	7	1.07998
53	25	1.05486
53	27	0.946615
53	28	0.941362
53	31	1.02908
53	60	0.976589
53	68	0.827248
53	73	1.03012
53	77	1.01518
53	97	0.983266
53	122	0.97879
53	154	1.00393
53	157	0.972612
53	175	1.97751
54	39	1.01075
54	40	1.01481
54	45	1.01403
54	70	1.03719
54	71	1.0466
54	74	0.951803
54	75	0.924524
54	89	1.00474
54	95	0.981359
54	96	0.981321
54	103	1.0313
54	134	1.19032
54	139	0.552726
54	156	1.00938
54	175	2.00446
55	51	0.870026
55	82	0.882543
55	132	0.824
55	149	0.888777
55	152	0.892064
55	153	0.936229
55	154	2.71252
55	157	0.918775
55	163	0.856285
55	165	0.883592
55	173	0.800086
55	176	0.793342
55	177	0.829828
55	178	0.802831
55	180	0.822962
56	1	0.965043
56	3	1.08254
56	9	0.973668
56	12	0.965299
56	13	1.0834
56	16	0.982786
56	36	1.04191
56	42	0.927914
56	47	1.02076
56	68	1.11648
56	104	0.981082
56	121	0.944341
56	123	1.46597
56	144	1.03375
56	155	1.23107
57	11	0.461178
57	80	1.08006
57	130	0.97914
57	148	1.06128
57	149	1.02932
57	153	1.07677
57	155	1.0666
57	165	1.02414
57	172	0.926798
57	174	1.03156
57	176	0.933886
57	177	0.970372
57	178	0.943375
57	179	0.969694
57	180	0.963506
58	64	0.969788
58	130	0.731285
58	135	1.03425
58	142	1.04696
58	143	1.04006
58	146	0.543051
58	152	1.03717
58	157	1.06388
58	160	1.05918
58	172	0.931358
58	175	0.961392
58	176	0.938447
58	178	0.947935
58	179	0.974254
58	180	0.968067
59	26	0.959434
59	86	0.645141
59	110	0.965955
59	111	1.01912
59	117	0.999283
59	120	0.996831
59	130	1.0003
59	136	0.978215
59	138	0.981621
59	145	1.00505
59	146	1.00181
59	147	1.00381
59	150	0.995103
59	155	0.850495
59	172	0.893775
59	176	2.48895
60	7	1.04928
60	25	1.02415
60	27	0.915911
60	31	0.998381
60	46	0.996115
60	53	0.976589
60	73	0.999411
60	77	0.984472
60	82	0.504185
60	93	1.01769
60	97	0.952562
60	99	0.964956
60	122	0.948086
60	126	1.65068
60	154	0.973229
60	172	1.93848
61	5	1.1389
61	18	1.12675
61	32	1.01486
61	62	0.923047
61	64	1.04492
61	69	1.12604
61	79	1.01716
61	80	1.08795
61	83	1.07043
61	84	1.07042
61	85	1.0704
61	91	1.0704
61	116	0.938787
61	118	0.965604
61	144	0.8254
61	179	1.5497
62	61	0.923047
62	95	0.660914
62	120	1.09954
62	143	1.02217
62	148	1.04796
62	155	1.05327
62	162	1.0269
62	164	1.0095
62	168	0.964572
62	173	0.927302
62	174	1.01823
62	175	0.943503
62	176	0.920558
62	177	0.957044
62	179	0.956365
62	180	0.950178
63	4	1.11783
63	33	1.11058
63	37	1.07744
63	92	0.350387
63	94	1.04043
63	98	1.59297
63	108	1.07369
63	109	1.06634
63	124	1.08343
63	129	1.06514
63	132	1.48598
63	140	1.07009
63	154	1.06099
63	159	1.00237
63	170	1.03292
63	178	1.02307
64	5	1.04696
64	18	1.0348
64	20	0.946723
64	35	0.940773
64	58	0.969788
64	61	1.04492
64	69	1.0341
64	79	0.925217
64	80	0.996007
64	83	0.978488
64	84	0.978472
64	85	0.978461
64	91	0.978452
64	121	0.919635
64	139	0.889401
64	164	1.84303
65	100	0.961742
65	106	1.12545
65	110	0.94543
65	111	0.99859
65	119	1.03276
65	120	0.976306
65	130	0.979778
65	136	0.95769
65	138	0.961096
65	145	0.984527
65	146	0.981287
65	147	0.983286
65	150	0.974578
65	152	1.49516
65	156	0.991609
65	165	1.62897
65	172	0.87325
66	72	1.01902
66	107	0.994283
66	110	0.940342
66	111	0.993502
66	117	0.97367
66	119	1.02767
66	130	0.97469
66	136	0.952602
66	138	0.956007
66	145	0.979438
66	146	0.976198
66	147	0.978198
66	150	0.96949
66	158	1.00438
66	163	1.19969
66	172	0.868161
66	178	2.06942
67	30	1.22585
67	82	1.07155
67	87	0.969506
67	99	0.336757
67	105	1.02909
67	116	1.12203
67	131	1.0441
67	132	1.013
67	137	1.12625
67	154	0.00401827
67	161	1.07986
67	168	1.02636
67	173	0.989089
67	174	1.08001
67	177	1.01883
67	178	0.991833
67	180	1.01196
68	28	1.45627
68	53	0.827248
68	56	1.11648
68	106	1.02941
68	115	0.996009
68	130	0.987834
68	138	0.969151
68	145	0.992582
68	147	0.991342
68	150	0.982634
68	155	1.02111
68	164	0.977338
68	168	0.932408
68	174	0.986063
68	176	0.888394
68	179	0.924201
68	180	0.918014
69	15	0.571899
69	18	1.11592
69	20	1.02785
69	35	1.0219
69	61	1.12604
69	64	1.0341
69	79	1.00634
69	80	1.07713
69	83	1.05961
69	84	1.05959
69	85	1.05958
69	91	1.05957
69	113	0.64224
69	118	0.954782
69	121	1.00076
69	168	1.34929
69	169	1.67399
70	19	0.376468
70	30	1.06296
70	39	1.0496
70	40	1.05366
70	45	1.05288
70	52	1.03063
70	54	1.03719
70	71	1.08546
70	74	0.990654
70	93	1.08277
70	95	1.02021
70	96	1.02017
70	98	2.40703
70	103	1.07016
70	151	0.597536
70	156	1.04823
70	170	0.853589
71	8	0.405921
71	30	1.07238
71	39	1.05901
71	52	1.04005
71	54	1.0466
71	70	1.08546
71	74	1.00007
71	75	0.972792
71	93	1.09219
71	95	1.02963
71	96	1.02959
71	99	1.03945
71	103	1.07957
71	156	1.05765
71	164	1.16491
71	165	1.12516
71	166	1.5654
72	66	1.01902
72	100	1.02305
72	107	1.06068
72	110	1.00674
72	111	1.0599
72	117	1.04007
72	130	1.04109
72	136	1.019
72	137	0.635922
72	138	1.02241
72	145	1.04584
72	146	1.0426
72	150	1.03589
72	151	0.823537
72	156	1.05292
72	163	1.1934
72	172	0.934559
72	178	2.06313
73	6	0.983997
73	11	1.08864
73	25	1.07768
73	27	0.969437
73	28	0.964184
73	29	1.06937
73	31	1.05191
73	46	1.04964
73	53	1.03012
73	60	0.999411
73	77	1.038
73	93	1.07122
73	97	1.00609
73	122	1.00161
73	126	1.75919
73	165	0.656693
73	173	1.63759
73	174	0.73983
74	23	1.04841
74	39	0.964213
74	40	0.96828
74	43	0.967051
74	45	0.967497
74	52	0.945245
74	54	0.951803
74	70	0.990654
74	71	1.00007
74	75	0.877991
74	89	0.958201
74	93	0.997387
74	95	0.934826
74	96	0.934787
74	103	0.984771
74	142	1.51199
74	156	0.962844
74	162	1.54233
75	36	1.70468
75	54	0.924524
75	71	0.972792
75	74	0.877991
75	82	0.913496
75	95	0.907546
75	96	0.907508
75	102	0.861456
75	103	0.957492
75	107	1.58836
75	116	0.963977
75	156	0.935565
75	174	0.921964
75	175	0.84724
75	177	0.860781
75	178	0.833783
75	179	0.860102
75	180	0.853915
76	2	0.982277
76	24	1.04374
76	37	1.03526
76	38	1.0336
76	88	1.02257
76	94	0.998253
76	101	0.994378
76	108	1.03151
76	122	0.993667
76	124	1.04126
76	125	0.997707
76	129	1.02297
76	140	1.02792
76	154	1.01881
76	159	0.960196
76	164	1.07781
76	165	1.03805
76	168	1.25298
76	169	1.57769
77	6	0.969058
77	7	1.08787
77	11	1.0737
77	25	1.06274
77	27	0.954498
77	28	0.949245
77	31	1.03697
77	46	1.0347
77	53	1.01518
77	60	0.984472
77	73	1.038
77	97	0.991149
77	99	1.00354
77	122	0.986673
77	127	0.811408
77	154	1.01182
77	157	0.725691
77	165	1.19272
77	173	2.17362
78	48	0.821765
78	94	0.722137
78	119	0.745883
78	138	0.668803
78	144	1.09029
78	155	1.08939
78	157	1.0821
78	158	1.05094
78	159	0.999403
78	164	1.04561
78	169	0.987748
78	172	0.949581
78	173	0.963414
78	174	1.05434
78	175	0.979615
78	176	0.95667
78	177	0.993156
78	178	0.966158
78	180	0.98629
79	5	1.0192
79	18	1.00704
79	20	0.918966
79	29	0.991632
79	32	0.895158
79	35	0.913016
79	61	1.01716
79	64	0.925217
79	69	1.00634
79	80	0.96825
79	83	0.950731
79	84	0.950715
79	85	0.950704
79	91	0.950695
79	118	0.845903
79	121	0.891878
79	123	1.41704
79	161	1.22659
79	177	1.99009
80	5	1.08999
80	18	1.07783
80	20	0.989756
80	32	0.965948
80	35	0.983806
80	57	1.08006
80	61	1.08795
80	64	0.996007
80	69	1.07713
80	79	0.96825
80	83	1.02152
80	84	1.02151
80	85	1.02149
80	91	1.02149
80	118	0.916693
80	121	0.962668
80	142	1.22786
80	144	1.09749
80	148	1.14204
81	49	1.20856
81	90	0.874635
81	124	0.711519
81	131	1.02311
81	148	1.08875
81	149	1.05679
81	151	1.07428
81	154	0.18127
81	162	1.06769
81	166	1.00092
81	168	1.00537
81	169	0.992433
81	171	0.986044
81	175	0.984301
81	176	0.961355
81	177	0.997841
81	178	0.970843
81	179	0.997162
81	180	0.990975
82	55	0.882543
82	60	0.504185
82	67	1.07155
82	75	0.913496
82	110	1.55949
82	112	0.9752
82	128	1.03512
82	135	0.982885
82	138	1.16741
82	149	0.982514
82	158	0.98135
82	160	1.00781
82	171	0.911768
82	175	0.910025
82	176	0.887079
82	177	0.923565
82	178	0.896568
82	179	0.922887
82	180	0.916699
83	5	1.07247
83	18	1.06032
83	20	0.972237
83	29	1.0449
83	32	0.94843
83	35	0.966288
83	61	1.07043
83	64	0.978488
83	69	1.05961
83	79	0.950731
83	80	1.02152
83	84	1.00399
83	85	1.00398
83	91	1.00397
83	118	0.899175
83	121	0.94515
83	128	1.03284
83	142	1.31231
83	161	1.29679
83	162	1.34265
84	5	1.07245
84	18	1.0603
84	20	0.972221
84	29	1.04489
84	32	0.948413
84	35	0.966271
84	61	1.07042
84	64	0.978472
84	69	1.05959
84	79	0.950715
84	80	1.02151
84	83	1.00399
84	85	1.00396
84	91	1.00395
84	118	0.899158
84	121	0.945133
84	131	1.25788
84	163	1.11719
84	164	1.18195
84	166	1.58244
85	5	1.07244
85	18	1.06029
85	20	0.97221
85	29	1.04488
85	32	0.948402
85	35	0.96626
85	61	1.0704
85	64	0.978461
85	69	1.05958
85	79	0.950704
85	80	1.02149
85	83	1.00398
85	84	1.00396
85	91	1.00394
85	118	0.899147
85	121	0.945122
85	153	0.667843
85	172	2.16893
85	177	1.08878
85	180	1.23369
86	31	0.923327
86	59	0.645141
86	110	0.900329
86	121	1.03035
86	139	1.0882
86	143	1.04426
86	157	1.06808
86	160	1.06337
86	161	1.04016
86	163	1.00559
86	166	0.982213
86	167	1.00688
86	169	0.973724
86	172	0.935558
86	175	0.965592
86	176	0.942646
86	177	0.979132
86	178	0.952135
86	179	0.978454
86	180	0.972266
87	48	1.02656
87	67	0.969506
87	90	1.00895
87	100	0.985837
87	107	1.02347
87	115	1.01205
87	117	1.00285
87	119	1.05686
87	120	1.0004
87	130	1.00387
87	136	0.981786
87	137	1.01983
87	138	0.985192
87	144	1.03413
87	145	1.00862
87	146	1.00538
87	147	1.00738
87	150	0.998674
87	172	0.897346
87	179	1.75843
88	2	0.967806
88	24	1.02926
88	44	1.02883
88	49	1.00923
88	76	1.02257
88	101	0.979907
88	108	1.01704
88	109	1.00969
88	116	1.25452
88	122	0.979195
88	124	1.02678
88	125	0.983236
88	129	1.00849
88	140	1.01344
88	141	1.39886
88	148	1.18568
88	154	1.00434
88	155	1.21152
88	159	0.945724
88	170	0.976277
89	34	0.947651
89	40	1.02121
89	54	1.00474
89	74	0.958201
89	93	1.05032
89	94	0.985296
89	95	0.987757
89	96	0.987719
89	99	0.99758
89	101	0.981422
89	103	1.0377
89	124	1.0283
89	125	0.984751
89	129	1.01001
89	140	1.01496
89	154	1.00585
89	157	1.05539
89	158	1.30211
89	162	1.11494
89	174	1.60556
90	50	0.818125
90	81	0.874635
90	87	1.00895
90	92	1.08423
90	100	0.983797
90	106	0.826679
90	107	1.02143
90	110	0.967486
90	119	1.05482
90	120	0.998361
90	130	1.00183
90	136	0.979746
90	138	0.983151
90	145	1.00658
90	146	1.00334
90	147	1.00534
90	150	0.996634
90	156	1.01366
90	171	2.03386
90	172	0.895305
91	5	1.07243
91	18	1.06028
91	20	0.972201
91	29	1.04487
91	32	0.948394
91	35	0.966252
91	61	1.0704
91	64	0.978452
91	69	1.05957
91	79	0.950695
91	80	1.02149
91	83	1.00397
91	84	1.00395
91	85	1.00394
91	114	1.45866
91	118	0.899138
91	121	0.945113
91	151	1.15553
91	160	1.34358
91	161	1.09704
92	3	1.09384
92	9	1.09588
92	37	0.363473
92	63	0.350387
92	90	1.08423
92	93	1.0332
92	130	1.07915
92	136	1.05706
92	138	1.06047
92	145	1.0839
92	146	1.08066
92	147	1.08266
92	148	1.10711
92	150	1.07395
92	158	1.07398
92	163	1.04266
92	173	0.986457
92	175	1.00266
92	176	0.979713
92	178	0.989201
92	180	1.00933
93	7	1.12109
93	11	1.10692
93	23	0.470138
93	28	0.982467
93	43	1.05917
93	60	1.01769
93	70	1.08277
93	71	1.09219
93	73	1.07122
93	74	0.997387
93	89	1.05032
93	92	1.0332
93	95	1.02694
93	96	1.0269
93	97	1.02437
93	103	1.07689
93	112	1.42718
93	122	1.0199
93	154	1.04504
93	158	1.15123
93	161	0.918193
94	10	1.05633
94	33	1.02961
94	37	0.996468
94	41	0.999237
94	49	0.984911
94	63	1.04043
94	76	0.998253
94	78	0.722137
94	89	0.985296
94	101	0.955584
94	105	1.2191
94	108	0.99272
94	122	0.954873
94	124	1.00246
94	125	0.958914
94	129	0.984173
94	140	0.989121
94	159	0.921402
94	170	0.951955
94	174	1.34787
94	180	1.71979
95	30	1.00713
95	39	0.993769
95	40	0.997836
95	43	0.996607
95	45	0.997053
95	52	0.974801
95	54	0.981359
95	62	0.660914
95	70	1.02021
95	71	1.02963
95	74	0.934826
95	75	0.907546
95	89	0.987757
95	93	1.02694
95	96	0.964343
95	99	0.974204
95	103	1.01433
95	135	1.1032
95	156	0.9924
95	166	1.5717
95	175	1.66932
96	30	1.00709
96	39	0.99373
96	40	0.997797
96	43	0.996568
96	45	0.997014
96	52	0.974763
96	54	0.981321
96	70	1.02017
96	71	1.02959
96	74	0.934787
96	75	0.907508
96	89	0.987719
96	93	1.0269
96	95	0.964343
96	99	0.974166
96	103	1.01429
96	133	1.68326
96	155	1.02449
96	156	0.992361
96	161	1.06894
96	163	1.49728
97	6	0.937148
97	7	1.05596
97	11	1.04179
97	25	1.03083
97	27	0.922588
97	28	0.917335
97	29	1.02252
97	31	1.00506
97	46	1.00279
97	53	0.983266
97	60	0.952562
97	73	1.00609
97	77	0.991149
97	93	1.02437
97	99	0.971633
97	122	0.954763
97	153	0.634284
97	154	0.979906
97	169	1.28471
97	176	1.88573
97	178	1.58979
98	63	1.59297
98	70	2.40703
98	106	0.965888
98	139	0.970424
98	153	0.967755
98	157	0.950302
98	158	0.919139
98	162	0.931206
98	166	0.864435
98	169	0.855946
98	170	0.898155
98	171	0.849557
98	172	0.81778
98	174	0.922538
98	175	0.847814
98	176	0.824868
98	177	0.861354
98	178	0.834357
98	179	0.860676
98	180	0.854488
99	27	0.934982
99	28	0.929729
99	31	1.01745
99	43	1.00643
99	46	1.01519
99	52	0.984624
99	60	0.964956
99	67	0.336757
99	71	1.03945
99	77	1.00354
99	89	0.99758
99	95	0.974204
99	96	0.974166
99	97	0.971633
99	103	1.02415
99	122	0.967157
99	123	0.70666
99	132	2.2772
99	154	0.9923
99	156	1.00222
99	178	1.81429
100	65	0.961742
100	72	1.02305
100	87	0.985837
100	90	0.983797
100	111	0.997533
100	115	0.986896
100	117	0.977701
100	119	1.0317
100	120	0.975248
100	130	0.978721
100	136	0.956633
100	138	0.960038
100	145	0.983469
100	146	0.980229
100	147	0.982229
100	149	1.1727
100	150	0.973521
100	152	1.26789
100	156	0.990551
100	159	1.3642
100	172	0.872192
100	177	1.71184
101	10	1.05245
101	33	1.02574
101	34	0.91794
101	37	0.992593
101	41	0.995363
101	76	0.994378
101	88	0.979907
101	89	0.981422
101	94	0.955584
101	108	0.988846
101	109	0.981495
101	116	0.687207
101	122	0.950999
101	124	0.998587
101	125	0.955039
101	129	0.980298
101	134	0.865732
101	140	0.985247
101	159	0.917528
101	169	1.68164
101	170	0.94808
101	176	2.28267
102	37	1.81175
102	75	0.861456
102	126	0.867881
102	134	0.930102
102	135	0.930846
102	149	0.930475
102	154	1.90076
102	157	0.960473
102	165	0.92529
102	166	0.874606
102	169	0.866117
102	170	0.908326
102	171	0.859728
102	173	0.841784
102	174	0.932709
102	175	0.857985
102	177	0.871526
102	178	0.844528
102	179	0.870847
102	180	0.86466
103	30	1.05708
103	39	1.04371
103	40	1.04778
103	43	1.04655
103	45	1.047
103	52	1.02475
103	54	1.0313
103	70	1.07016
103	71	1.07957
103	74	0.984771
103	75	0.957492
103	89	1.0377
103	93	1.07689
103	95	1.01433
103	96	1.01429
103	99	1.02415
103	113	0.329416
103	156	1.04235
103	160	0.614722
103	166	1.26178
103	172	2.21184
103	175	1.3594
104	3	1.06123
104	12	0.943995
104	14	0.944164
104	16	0.961482
104	42	0.906609
104	47	0.999457
104	56	0.981082
104	110	0.943919
104	115	0.986443
104	119	1.03125
104	121	0.923037
104	136	0.956179
104	137	0.981212
104	138	0.959585
104	144	1.01244
104	145	0.983016
104	146	0.979776
104	147	0.981775
104	150	0.973067
104	165	1.5637
104	170	1.42488
104	172	0.871739
104	179	1.71981
105	67	1.02909
105	94	1.2191
105	106	0.98564
105	121	1.68787
105	122	1.2092
105	133	0.888529
105	141	0.947946
105	143	0.946235
105	144	0.978237
105	151	0.957545
105	152	0.943342
105	155	0.977336
105	158	0.938891
105	160	0.965348
105	166	0.884186
105	167	0.908849
105	173	0.851364
105	175	0.867565
105	176	0.84462
105	177	0.881106
105	178	0.854108
105	179	0.880427
105	180	0.87424
106	44	1.03264
106	65	1.12545
106	68	1.02941
106	90	0.826679
106	98	0.965888
106	105	0.98564
106	111	0.501801
106	116	1.07858
106	123	1.05202
106	131	1.00065
106	139	1.08445
106	149	1.03433
106	150	0.751137
106	152	1.03762
106	157	1.06433
106	164	1.02784
106	166	0.978464
106	167	1.00313
106	173	0.945642
106	174	1.03657
106	175	0.961844
106	177	0.975384
106	179	0.974706
106	180	0.968518
107	26	0.975482
107	66	0.994283
107	72	1.06068
107	75	1.58836
107	87	1.02347
107	90	1.02143
107	110	0.982003
107	111	1.03516
107	115	1.02453
107	117	1.01533
107	118	2.55328
107	119	1.06933
107	120	1.01288
107	123	0.46976
107	130	1.01635
107	136	0.994263
107	138	0.997669
107	145	1.0211
107	146	1.01786
107	147	1.01986
107	150	1.01115
107	160	0.525852
107	172	0.909823
107	174	0.815803
108	2	0.976745
108	4	1.07012
108	8	0.472079
108	34	0.955076
108	37	1.02973
108	41	1.0325
108	49	1.01817
108	63	1.07369
108	76	1.03151
108	88	1.01704
108	94	0.99272
108	101	0.988846
108	109	1.01863
108	122	0.988134
108	124	1.03572
108	125	0.992175
108	129	1.01743
108	140	1.02238
108	149	0.96233
108	159	0.954663
108	167	1.46784
108	170	0.985216
108	179	1.34743
108	180	1.64638
109	10	1.08224
109	33	1.05552
109	34	0.947725
109	38	1.02072
109	41	1.02515
109	44	1.03041
109	49	1.01082
109	63	1.06634
109	88	1.00969
109	101	0.981495
109	108	1.01863
109	122	0.980784
109	124	1.02837
109	125	0.984824
109	129	1.01008
109	133	1.57089
109	140	1.01503
109	142	0.972094
109	149	1.18093
109	154	1.00593
109	159	0.947313
109	161	0.95657
109	164	1.44967
109	170	0.977865
110	59	0.965955
110	65	0.94543
110	66	0.940342
110	72	1.00674
110	82	1.55949
110	86	0.900329
110	90	0.967486
110	104	0.943919
110	107	0.982003
110	111	0.981221
110	117	0.961389
110	119	1.01539
110	120	0.958937
110	123	1.34058
110	130	0.96241
110	136	0.940322
110	138	0.943727
110	145	0.967158
110	146	0.963918
110	147	0.965917
110	150	0.957209
110	156	0.97424
110	159	1.56599
110	172	0.855881
111	21	0.743327
111	59	1.01912
111	65	0.99859
111	66	0.993502
111	72	1.0599
111	100	0.997533
111	106	0.501801
111	107	1.03516
111	110	0.981221
111	115	1.02375
111	119	1.06855
111	120	1.0121
111	130	1.01557
111	136	0.993482
111	138	0.996887
111	141	0.694853
111	145	1.02032
111	146	1.01708
111	147	1.01908
111	150	1.01037
111	156	1.0274
111	172	0.909041
111	175	1.54318
111	176	2.14597
112	5	0.974268
112	22	0.971477
112	33	0.933252
112	35	1.6653
112	82	0.9752
112	93	1.42718
112	113	1.01694
112	139	1.03155
112	152	0.984721
112	155	1.01872
112	161	0.983511
112	164	0.974943
112	165	0.976249
112	167	0.950229
112	168	0.930013
112	170	0.959286
112	171	0.910688
112	172	0.878911
112	174	0.983669
112	175	0.908945
112	176	0.885999
112	177	0.922485
112	178	0.895488
112	179	0.921807
112	180	0.915619
113	8	1.14162
113	17	0.948065
113	42	1.64725
113	69	0.64224
113	103	0.329416
113	112	1.01694
113	114	1.00707
113	116	1.0685
113	126	0.961659
113	129	0.904445
113	132	0.959476
113	153	1.07171
113	156	0.942959
113	158	1.02309
113	162	1.03516
113	163	0.991761
113	165	1.01907
113	166	0.968385
113	170	1.0021
113	173	0.935563
113	174	1.02649
113	177	0.965305
113	178	0.938307
113	179	0.964626
113	180	0.958439
114	52	1.10684
114	91	1.45866
114	113	1.00707
114	124	1.07534
114	128	1.02417
114	137	1.02003
114	142	0.984643
114	145	0.813886
114	149	0.971561
114	151	0.989052
114	160	0.996855
114	161	0.973638
114	162	0.982464
114	163	0.939068
114	164	0.96507
114	165	0.966376
114	166	0.915692
114	171	0.900815
114	174	0.973795
114	175	0.899072
114	176	0.876126
114	177	0.912612
114	178	0.885615
114	179	0.911934
114	180	0.905746
115	26	0.964064
115	48	1.02762
115	68	0.996009
115	87	1.01205
115	100	0.986896
115	104	0.986443
115	107	1.02453
115	111	1.02375
115	117	1.00391
115	119	1.05792
115	120	1.00146
115	130	1.00493
115	132	2.23681
115	136	0.982845
115	138	0.986251
115	145	1.00968
115	146	1.00644
115	147	1.00844
115	150	0.999733
115	153	0.818386
115	156	1.01676
115	170	0.79036
115	172	0.898405
115	177	1.23933
115	180	1.38423
116	7	0.434922
116	42	1.68456
116	61	0.938787
116	67	1.12203
116	75	0.963977
116	88	1.25452
116	101	0.687207
116	106	1.07858
116	113	1.0685
116	118	0.935794
116	157	1.06299
116	158	1.03183
116	159	0.980293
116	163	1.0005
116	164	1.0265
116	166	0.977126
116	168	0.981573
116	169	0.968637
116	171	0.962249
116	174	1.03523
116	176	0.93756
116	177	0.974046
116	178	0.947048
116	179	0.973367
116	180	0.96718
117	19	0.98563
117	22	0.900071
117	26	0.954868
117	48	1.01842
117	59	0.999283
117	66	0.97367
117	72	1.04007
117	87	1.00285
117	100	0.977701
117	107	1.01533
117	110	0.961389
117	115	1.00391
117	119	1.04872
117	120	0.992265
117	126	1.99013
117	130	0.995738
117	136	0.97365
117	138	0.977055
117	145	1.00049
117	146	0.997246
117	147	0.999245
117	150	0.990537
117	172	0.889209
117	174	0.970769
117	175	1.42549
117	179	1.04374
118	14	2.64672
118	35	0.861459
118	61	0.965604
118	69	0.954782
118	79	0.845903
118	80	0.916693
118	83	0.899175
118	84	0.899158
118	85	0.899147
118	91	0.899138
118	107	2.55328
118	116	0.935794
118	121	0.840321
118	132	0.82677
118	143	0.897728
118	164	0.885056
118	167	0.860342
118	169	0.82719
118	171	0.820801
118	172	0.789024
118	174	0.893782
118	175	0.819058
118	176	0.796112
118	178	0.805601
118	179	0.83192
118	180	0.825732
119	65	1.03276
119	66	1.02767
119	78	0.745883
119	87	1.05686
119	90	1.05482
119	100	1.0317
119	104	1.03125
119	107	1.06933
119	110	1.01539
119	111	1.06855
119	115	1.05792
119	117	1.04872
119	120	1.04627
119	130	1.04974
119	131	1.40416
119	136	1.02765
119	138	1.03106
119	145	1.05449
119	146	1.05125
119	147	1.05325
119	150	1.04454
119	152	1.15468
119	155	0.790681
119	162	0.880997
119	172	0.943212
119	177	1.59863
120	48	1.01597
120	59	0.996831
120	62	1.09954
120	65	0.976306
120	87	1.0004
120	90	0.998361
120	100	0.975248
120	107	1.01288
120	110	0.958937
120	111	1.0121
120	115	1.00146
120	117	0.992265
120	119	1.04627
120	130	0.993285
120	136	0.971197
120	138	0.974603
120	143	1.22946
120	144	1.0019
120	145	0.998033
120	146	0.994793
120	147	0.996793
120	150	0.988085
120	155	1.07229
120	156	1.00512
120	167	1.8466
120	172	0.886757
121	1	0.906998
121	3	1.02449
121	9	0.915623
121	12	0.907254
121	13	1.02535
121	16	0.924741
121	20	0.913384
121	32	0.889576
121	35	0.907434
121	36	0.983865
121	47	0.962716
121	51	1.79316
121	56	0.944341
121	64	0.919635
121	69	1.00076
121	79	0.891878
121	80	0.962668
121	83	0.94515
121	84	0.945133
121	85	0.945122
121	86	1.03035
121	91	0.945113
121	104	0.923037
121	105	1.68787
121	118	0.840321
121	137	1.15102
121	144	0.975704
122	11	1.03731
122	25	1.02635
122	38	0.990224
122	46	0.998316
122	53	0.97879
122	60	0.948086
122	73	1.00161
122	76	0.993667
122	77	0.986673
122	88	0.979195
122	93	1.0199
122	94	0.954873
122	97	0.954763
122	99	0.967157
122	101	0.950999
122	105	1.2092
122	108	0.988134
122	109	0.980784
122	125	0.954328
122	129	0.979587
122	140	0.984535
122	141	0.94437
122	142	0.817007
122	154	0.97543
122	162	0.847347
122	170	0.947369
122	172	2.64513
123	21	1.00489
123	56	1.46597
123	79	1.41704
123	99	0.70666
123	106	1.05202
123	107	0.46976
123	110	1.34058
123	133	0.954904
123	134	1.00606
123	142	1.01951
123	144	1.04461
123	148	1.03839
123	151	1.02392
123	157	1.03643
123	159	0.953729
123	163	0.973938
123	164	0.99994
123	165	1.00125
123	167	0.975225
123	171	0.935684
123	173	0.91774
123	174	1.00867
123	175	0.933941
123	176	0.910996
123	177	0.947482
123	178	0.920484
123	180	0.940616
124	4	1.07986
124	10	1.09933
124	24	1.04795
124	34	0.964817
124	41	1.04224
124	44	1.04751
124	49	1.02791
124	63	1.08343
124	76	1.04126
124	81	0.711519
124	88	1.02678
124	89	1.0283
124	94	1.00246
124	101	0.998587
124	108	1.03572
124	109	1.02837
124	114	1.07534
124	125	1.00192
124	129	1.02718
124	135	1.13882
124	140	1.03212
124	154	1.02302
124	158	0.946762
124	159	0.964405
124	168	1.382
124	170	0.994958
124	174	1.25021
125	2	0.942938
125	4	1.03631
125	24	1.0044
125	34	0.921269
125	37	0.995923
125	38	0.994265
125	41	0.998692
125	44	1.00396
125	49	0.984366
125	76	0.997707
125	88	0.983236
125	89	0.984751
125	94	0.958914
125	101	0.955039
125	108	0.992175
125	109	0.984824
125	122	0.954328
125	124	1.00192
125	127	0.946955
125	129	0.983627
125	140	0.988576
125	149	1.09928
125	154	0.97947
125	168	1.5432
125	170	0.951409
125	174	1.41141
125	180	1.78333
126	15	1.06449
126	60	1.65068
126	73	1.75919
126	102	0.867881
126	113	0.961659
126	117	1.99013
126	128	0.978762
126	131	0.892471
126	142	0.939235
126	149	0.926154
126	157	0.956152
126	159	0.873452
126	160	0.951447
126	163	0.893661
126	164	0.919663
126	165	0.920969
126	167	0.894949
126	169	0.861797
126	171	0.855408
126	172	0.82363
126	173	0.837463
126	174	0.928388
126	175	0.853665
126	176	0.830719
126	178	0.840207
126	179	0.866526
126	180	0.860339
127	4	1.1031
127	45	1.27573
127	77	0.811408
127	125	0.946955
127	135	1.00963
127	139	1.05938
127	146	0.995217
127	148	1.04122
127	149	1.00926
127	151	1.02675
127	155	1.04654
127	157	1.03926
127	161	1.01134
127	162	1.02017
127	163	0.976769
127	164	1.00277
127	167	0.978057
127	168	0.957841
127	169	0.944905
127	171	0.938516
127	173	0.920571
127	175	0.936773
127	176	0.913827
127	177	0.950313
127	178	0.923316
127	179	0.949635
127	180	0.943447
128	24	1.08212
128	30	1.14136
128	31	0.909183
128	39	0.69161
128	82	1.03512
128	83	1.03284
128	114	1.02417
128	126	0.978762
128	129	0.679267
128	133	0.98983
128	134	1.04098
128	151	1.05885
128	153	1.08881
128	157	1.07135
128	159	0.988655
128	161	1.04343
128	162	1.05226
128	165	1.03617
128	166	0.985488
128	167	1.01015
128	168	0.989935
128	173	0.952666
128	174	1.04359
128	175	0.968867
128	176	0.945921
128	177	0.982408
128	178	0.95541
128	179	0.981729
128	180	0.975542
129	2	0.968197
129	8	0.677326
129	10	1.08104
129	24	1.02966
129	33	1.05432
129	34	0.946528
129	37	1.02118
129	38	1.01952
129	41	1.02395
129	44	1.02922
129	63	1.06514
129	76	1.02297
129	88	1.00849
129	89	1.01001
129	94	0.984173
129	101	0.980298
129	108	1.01743
129	109	1.01008
129	113	0.904445
129	122	0.979587
129	124	1.02718
129	125	0.983627
129	128	0.679267
129	140	1.01383
129	142	0.95874
129	159	0.946116
129	167	1.67308
129	170	0.976668
129	177	1.70672
130	23	1.07598
130	57	0.97914
130	58	0.731285
130	59	1.0003
130	65	0.979778
130	66	0.97469
130	68	0.987834
130	72	1.04109
130	87	1.00387
130	90	1.00183
130	92	1.07915
130	100	0.978721
130	107	1.01635
130	110	0.96241
130	111	1.01557
130	115	1.00493
130	117	0.995738
130	119	1.04974
130	120	0.993285
130	136	0.97467
130	138	0.978075
130	145	1.00151
130	146	0.998266
130	147	1.00027
130	150	0.991558
130	151	1.1699
130	157	1.09773
130	160	1.35795
130	172	0.890229
130	179	1.72088
131	52	1.31426
131	67	1.0441
131	81	1.02311
131	84	1.25788
131	106	1.00065
131	119	1.40416
131	126	0.892471
131	132	0.890287
131	138	1.32708
131	139	1.00519
131	142	0.968146
131	144	0.993247
131	148	0.987027
131	161	0.957142
131	162	0.965968
131	163	0.922572
131	165	0.94988
131	167	0.923859
131	169	0.890708
131	171	0.884319
131	172	0.852541
131	173	0.866374
131	174	0.957299
131	175	0.882575
131	176	0.85963
131	177	0.896116
131	179	0.895437
131	180	0.88925
132	55	0.824
132	63	1.48598
132	67	1.013
132	99	2.2772
132	113	0.959476
132	115	2.23681
132	118	0.82677
132	131	0.890287
132	133	0.872445
132	134	0.923598
132	142	0.937052
132	143	0.930151
132	148	0.955933
132	149	0.923971
132	157	0.953969
132	158	0.922807
132	159	0.871269
132	161	0.926048
132	166	0.868102
132	169	0.859613
132	171	0.853225
132	172	0.821447
132	173	0.83528
132	174	0.926205
132	175	0.851481
132	176	0.828536
132	177	0.865022
132	178	0.838024
132	179	0.864343
132	180	0.858156
133	23	1.02044
133	51	0.918471
133	96	1.68326
133	105	0.888529
133	109	1.57089
133	123	0.954904
133	128	0.98983
133	132	0.872445
133	134	0.936849
133	137	0.985691
133	142	0.950303
133	144	0.975404
133	145	1.0666
133	147	1.31709
133	152	0.940509
133	155	0.974503
133	157	0.96722
133	158	0.936058
133	160	0.962515
133	162	0.948125
133	166	0.881353
133	167	0.906016
133	168	0.885801
133	169	0.872865
133	171	0.866476
133	173	0.848531
133	176	0.841787
133	177	0.878273
133	178	0.851275
133	179	0.877594
133	180	0.871407
134	1	1.35295
134	44	1.25988
134	54	1.19032
134	101	0.865732
134	102	0.930102
134	123	1.00606
134	128	1.04098
134	132	0.923598
134	133	0.936849
134	136	1.06207
134	142	1.00146
134	148	1.02034
134	149	0.988375
134	152	0.991662
134	160	1.01367
134	162	0.999278
134	163	0.955882
134	164	0.981884
134	165	0.98319
134	167	0.95717
134	168	0.936954
134	169	0.924018
134	171	0.917629
134	173	0.899684
134	174	0.990609
134	175	0.915886
134	177	0.929426
134	178	0.902429
134	179	0.928748
134	180	0.92256
135	4	1.45616
135	43	1.15192
135	58	1.03425
135	82	0.982885
135	95	1.1032
135	102	0.930846
135	124	1.13882
135	127	1.00963
135	141	0.997011
135	145	0.877368
135	148	1.02108
135	151	1.00661
135	155	1.0264
135	158	0.987955
135	160	1.01441
135	162	1.00002
135	163	0.956626
135	166	0.93325
135	167	0.957914
135	168	0.937698
135	169	0.924762
135	171	0.918373
135	172	0.886595
135	173	0.900428
135	174	0.991353
135	176	0.893684
135	177	0.93017
135	178	0.903173
135	179	0.929492
135	180	0.923304
136	23	1.05389
136	26	0.933801
136	48	0.997352
136	59	0.978215
136	65	0.95769
136	66	0.952602
136	72	1.019
136	87	0.981786
136	90	0.979746
136	92	1.05706
136	100	0.956633
136	104	0.956179
136	107	0.994263
136	110	0.940322
136	111	0.993482
136	115	0.982845
136	117	0.97365
136	119	1.02765
136	120	0.971197
136	130	0.97467
136	134	1.06207
136	138	0.955987
136	145	0.979418
136	146	0.976178
136	147	0.978177
136	148	0.814701
136	150	0.969469
136	151	0.943476
136	156	0.9865
136	169	1.87798
136	170	1.19953
136	171	2.04201
136	172	0.868141
137	3	0.849695
137	22	1.02726
137	47	0.83966
137	67	1.12625
137	72	0.635922
137	87	1.01983
137	104	0.981212
137	114	1.02003
137	121	1.15102
137	133	0.985691
137	139	1.08734
137	148	1.06918
137	149	1.03722
137	151	1.05471
137	152	1.0405
137	156	0.852595
137	160	1.06251
137	161	1.03929
137	162	1.04812
137	163	1.00472
137	164	1.03073
137	165	1.03203
137	166	0.981348
137	167	1.00601
137	168	0.985796
137	171	0.966471
137	173	0.948526
137	174	1.03945
137	175	0.964727
137	176	0.941782
137	178	0.95127
137	179	0.977589
137	180	0.971402
138	26	0.937206
138	48	1.00076
138	59	0.981621
138	65	0.961096
138	66	0.956007
138	68	0.969151
138	72	1.02241
138	78	0.668803
138	82	1.16741
138	87	0.985192
138	90	0.983151
138	92	1.06047
138	100	0.960038
138	104	0.959585
138	107	0.997669
138	110	0.943727
138	111	0.996887
138	115	0.986251
138	117	0.977055
138	119	1.03106
138	120	0.974603
138	130	0.978075
138	131	1.32708
138	136	0.955987
138	145	0.982824
138	146	0.979584
138	147	0.981583
138	150	0.972875
138	156	0.989906
138	160	1.00459
138	164	1.25116
138	172	0.871547
138	178	2.05612
139	12	1.17698
139	24	0.885543
139	27	1.25956
139	30	0.944789
139	40	0.891004
139	54	0.552726
139	64	0.889401
139	86	1.0882
139	98	0.970424
139	106	1.08445
139	112	1.03155
139	127	1.05938
139	131	1.00519
139	137	1.08734
139	142	1.05195
139	143	1.04505
139	152	1.04216
139	157	1.06887
139	158	1.0377
139	161	1.04095
139	163	1.00638
139	165	1.03368
139	166	0.983
139	167	1.00766
139	171	0.968122
139	173	0.950177
139	174	1.0411
139	175	0.966379
139	176	0.943433
139	177	0.979919
139	178	0.952922
139	179	0.979241
139	180	0.973053
140	2	0.973146
140	4	1.06652
140	10	1.08599
140	24	1.0346
140	33	1.05927
140	34	0.951477
140	37	1.02613
140	38	1.02447
140	41	1.0289
