1	31	0.760992
1	37	0.762238
1	43	0.697596
1	56	0.729669
1	68	0.723027
1	80	0.748381
1	106	0.671182
1	113	0.738321
1	125	2.37981
1	131	0.74467
1	172	3.69384
1	178	0.656198
2	10	0.784594
2	12	0.771788
2	13	0.76437
2	22	0.825943
2	29	0.844877
2	50	0.805584
2	52	0.799144
2	57	0.787046
2	153	0.826186
2	166	1.79795
2	172	2.15715
2	175	2.89859
3	54	0.727553
3	65	0.72302
3	93	0.711585
3	97	0.748957
3	102	0.7011
3	104	0.740985
3	116	0.716023
3	120	0.744736
3	160	0.714199
3	167	2.4637
3	168	0.671575
3	179	3.58056
4	56	0.816027
4	68	0.809385
4	72	0.802027
4	77	0.784361
4	80	0.834738
4	106	0.75754
4	113	0.824679
4	149	0.833188
4	150	1.12747
4	172	2.50125
4	175	3.24268
4	178	0.742555
5	20	3.96293
5	133	0.685378
5	152	0.697236
5	154	0.656232
5	169	0.674178
5	171	0.6533
5	174	0.674508
5	175	0.633089
5	176	0.620627
5	177	0.619039
5	179	0.647677
5	180	0.628438
6	22	0.816193
6	50	0.795834
6	52	0.789394
6	57	0.777295
6	127	0.796661
6	129	0.796708
6	134	0.791924
6	137	0.81689
6	144	1.08516
6	153	0.816436
6	174	1.5467
6	177	4.1452
7	54	0.720792
7	93	0.704823
7	97	0.742196
7	102	0.694339
7	104	0.734224
7	116	0.709262
7	120	0.737975
7	145	2.84865
7	157	0.775776
7	160	0.707437
7	168	0.664813
7	171	3.19808
8	56	1.73675
8	86	1.79861
8	135	0.769558
8	142	0.721892
8	154	0.71834
8	159	0.72282
8	167	0.745056
8	169	0.736286
8	175	0.695197
8	177	0.681147
8	179	0.709785
8	180	0.690547
9	103	0.653595
9	147	0.649128
9	152	0.699623
9	156	0.674795
9	157	4.06913
9	163	0.662141
9	164	0.650899
9	169	0.676564
9	176	0.623013
9	177	0.621425
9	179	0.650063
9	180	0.630824
10	2	0.784594
10	12	0.686787
10	13	0.679369
10	22	0.740942
10	26	0.676701
10	29	0.759876
10	50	0.720584
10	52	0.714144
10	57	0.702045
10	141	2.65168
10	153	0.741186
10	169	3.5581
11	12	0.773964
11	13	0.766546
11	22	0.828119
11	26	0.763878
11	29	0.847053
11	50	0.807761
11	52	0.801321
11	57	0.789222
11	88	1.05166
11	139	1.74729
11	153	0.828363
11	176	4.0501
12	2	0.771788
12	10	0.686787
12	11	0.773964
12	22	0.728136
12	26	0.663895
12	29	0.74707
12	50	0.707778
12	52	0.701338
12	57	0.689239
12	140	2.84021
12	153	0.72838
12	160	3.27912
13	2	0.76437
13	10	0.679369
13	11	0.766546
13	26	0.656477
13	29	0.739652
13	50	0.70036
13	52	0.69392
13	55	0.781865
13	57	0.681821
13	135	2.58084
13	153	0.720962
13	158	3.47789
14	19	0.780388
14	77	1.95492
14	80	0.833827
14	130	0.242724
14	154	0.815991
14	166	0.835446
14	173	0.805742
14	175	0.792848
14	176	0.780386
14	177	0.778798
14	179	0.807436
14	180	0.788197
15	17	0.686717
15	36	0.72804
15	44	0.733931
15	45	0.727745
15	47	0.716797
15	51	0.717184
15	60	0.703126
15	61	0.703512
15	66	0.70382
15	136	2.7611
15	156	3.25736
15	157	0.773342
16	34	0.710007
16	43	0.707277
16	68	0.732708
16	72	0.72535
16	106	0.680863
16	113	0.748002
16	131	0.754351
16	149	0.756511
16	155	3.02324
16	158	0.728992
16	160	3.08261
16	178	0.665878
17	15	0.686717
17	24	0.745369
17	28	0.7432
17	44	0.730222
17	47	0.713088
17	51	0.713475
17	60	0.699417
17	61	0.699803
17	66	0.700111
17	140	3.01121
17	150	3.11591
17	157	0.769634
18	58	1.19342
18	82	0.580471
18	106	1.89075
18	107	0.797994
18	165	0.780393
18	171	0.792619
18	174	0.813827
18	175	0.772408
18	176	0.759946
18	177	0.758358
18	178	0.755552
18	179	0.786996
18	180	0.767757
19	14	0.780388
19	24	4.07992
19	133	0.673178
19	138	0.648966
19	162	0.668183
19	169	0.661978
19	170	0.635289
19	174	0.662308
19	177	0.606839
19	178	0.604033
19	179	0.635477
19	180	0.616238
20	5	3.96293
20	23	0.731818
20	76	0.713375
20	86	0.692748
20	112	0.702663
20	114	0.73251
20	124	0.706008
20	126	0.700734
20	127	0.697249
20	129	0.697296
20	134	0.692512
20	137	0.717478
20	170	1.97464
21	86	0.770994
21	89	0.762785
21	114	0.810756
21	117	0.760447
21	124	0.784254
21	126	0.77898
21	127	0.775496
21	129	0.775542
21	134	0.770759
21	137	0.795725
21	141	1.98459
21	144	1.96142
21	164	3.19577
22	2	0.825943
22	6	0.816193
22	10	0.740942
22	11	0.828119
22	12	0.728136
22	26	0.71805
22	50	0.761933
22	55	0.843438
22	57	0.743394
22	99	1.92854
22	148	2.58896
22	153	0.782535
22	156	2.56257
23	20	0.731818
23	112	0.783211
23	114	0.813058
23	117	0.762749
23	122	1.96168
23	124	0.786556
23	126	0.781282
23	127	0.777798
23	129	0.777844
23	134	0.77306
23	137	0.798027
23	162	2.17098
23	173	2.99083
24	17	0.745369
24	19	4.07992
24	28	0.805562
24	36	0.786692
24	45	0.786397
24	47	0.77545
24	51	0.775837
24	60	0.761778
24	61	0.762165
24	66	0.762472
24	146	1.33006
24	157	0.831995
24	179	1.12816
25	110	1.98748
25	114	1.89338
25	148	0.724619
25	162	0.740056
25	169	0.733851
25	170	0.707161
25	172	0.697229
25	174	0.73418
25	175	0.692762
25	176	0.6803
25	177	0.678711
25	179	0.70735
25	180	0.688111
26	10	0.676701
26	11	0.763878
26	12	0.663895
26	13	0.656477
26	22	0.71805
26	29	0.736983
26	50	0.697691
26	52	0.691251
26	55	0.779197
26	57	0.679152
26	153	0.718293
26	162	2.84429
26	172	3.64712
27	51	0.773554
27	60	0.759496
27	61	0.759882
27	66	0.76019
27	111	0.775007
27	115	1.72012
27	118	0.758839
27	119	0.794543
27	128	0.780212
27	130	0.780284
27	145	3.06514
27	157	0.829712
27	167	2.26742
28	17	0.7432
28	24	0.805562
28	36	0.784524
28	44	0.790415
28	45	0.784229
28	47	0.773281
28	60	0.75961
28	61	0.759996
28	66	0.760303
28	132	2.44679
28	136	2.3714
28	155	2.21058
28	157	0.829826
29	2	0.844877
29	10	0.759876
29	11	0.847053
29	12	0.74707
29	13	0.739652
29	26	0.736983
29	50	0.780866
29	52	0.774427
29	57	0.762328
29	73	2.27541
29	99	2.41787
29	151	2.19095
29	153	0.801468
30	54	0.76104
30	70	0.736728
30	91	0.800016
30	93	0.745071
30	97	0.782444
30	104	0.774472
30	116	0.74951
30	120	0.778223
30	142	2.47086
30	152	2.16101
30	157	0.816024
30	160	0.747686
30	168	0.705061
30	173	2.95661
31	1	0.760992
31	39	0.744339
31	56	0.777903
31	62	0.771673
31	75	0.812932
31	77	0.746237
31	80	0.796614
31	106	0.719416
31	113	0.786555
31	148	1.89245
31	149	0.795063
31	165	2.62502
31	170	3.16902
31	178	0.704431
32	49	0.774688
32	58	0.757371
32	59	0.760012
32	91	0.809982
32	93	0.755037
32	102	0.744553
32	104	0.784438
32	116	0.759476
32	120	0.788189
32	140	2.34869
32	144	2.47999
32	160	0.757652
32	167	2.58851
32	168	0.715027
33	72	2.58575
33	87	1.75684
33	145	0.705065
33	151	0.762104
33	155	0.711874
33	167	0.727088
33	170	0.691629
33	171	0.69744
33	174	0.718648
33	175	0.677229
33	176	0.664767
33	177	0.663179
33	179	0.691817
33	180	0.672578
34	16	0.710007
34	39	0.683673
34	62	0.711007
34	68	0.710595
34	72	0.703237
34	78	0.692759
34	80	0.735949
34	106	0.65875
34	113	0.725889
34	131	0.732238
34	135	3.111
34	155	3.72343
34	158	0.706879
34	178	0.643765
35	46	1.99203
35	82	0.761688
35	87	0.750902
35	95	0.786085
35	96	0.746289
35	109	0.770508
35	111	0.759326
35	118	0.743158
35	119	0.778862
35	128	0.764532
35	130	0.764604
35	149	1.33241
35	153	0.777291
35	178	4.18177
36	15	0.72804
36	24	0.786692
36	28	0.784524
36	44	0.771546
36	45	0.765359
36	47	0.754411
36	51	0.754798
36	60	0.74074
36	61	0.741126
36	66	0.741434
36	85	1.84686
36	105	2.78999
36	157	0.810957
36	166	2.68641
37	1	0.762238
37	62	0.772919
37	68	0.772507
37	75	0.814179
37	77	0.747483
37	78	0.754671
37	80	0.79786
37	106	0.720662
37	113	0.787801
37	145	1.86782
37	158	0.768791
37	169	1.89118
37	176	3.85676
37	178	0.705677
38	79	0.731897
38	87	1.68173
38	112	0.72026
38	114	0.750107
38	126	0.718331
38	131	2.70504
38	134	0.71011
38	137	0.735076
38	165	0.667892
38	166	0.702505
38	170	0.674306
38	176	0.647445
38	179	0.674495
38	180	0.655256
39	31	0.744339
39	34	0.683673
39	68	0.706374
39	72	0.699017
39	75	0.748046
39	77	0.681351
39	78	0.688539
39	106	0.654529
39	113	0.721669
39	149	0.730177
39	158	0.702659
39	174	3.08337
39	178	0.639545
39	179	3.84722
40	54	0.766679
40	58	0.753044
40	70	0.742367
40	91	0.805655
40	97	0.788083
40	102	0.740226
40	115	0.802846
40	116	0.755149
40	120	0.783862
40	139	1.66292
40	160	0.753325
40	166	2.05854
40	168	0.7107
40	176	3.96573
41	85	0.692894
41	110	0.665934
41	118	0.643537
41	119	0.679241
41	128	0.664911
41	130	0.664983
41	138	0.631032
41	153	0.67767
41	157	4.86913
41	169	0.644044
41	170	0.617355
41	176	0.590494
41	179	0.617543
41	180	0.598305
42	130	2.24218
42	134	2.01559
42	140	0.749323
42	145	0.70424
42	147	0.690057
42	155	0.711049
42	165	0.684389
42	166	0.719002
42	169	0.717493
42	171	0.696615
42	173	0.689298
42	177	0.662354
42	179	0.690992
42	180	0.671753
43	1	0.697596
43	16	0.707277
43	72	0.700508
43	77	0.682841
43	78	0.690029
43	80	0.733219
43	106	0.65602
43	113	0.723159
43	131	0.729508
43	149	0.731668
43	154	3.83392
43	158	0.70415
43	174	3.09707
43	178	0.641035
44	15	0.733931
44	17	0.730222
44	28	0.790415
44	36	0.771546
44	45	0.77125
44	47	0.760303
44	51	0.76069
44	60	0.746631
44	61	0.747018
44	66	0.747325
44	69	1.5673
44	138	3.5297
44	142	2.45159
44	157	0.816848
45	15	0.727745
45	24	0.786397
45	28	0.784229
45	36	0.765359
45	44	0.77125
45	47	0.754116
45	51	0.754503
45	60	0.740445
45	61	0.740831
45	66	0.741139
45	141	1.55226
45	143	1.52665
45	157	0.810662
45	177	4.58912
46	35	1.99203
46	93	2.96056
46	105	0.689892
46	107	0.692475
46	143	0.752682
46	150	0.76458
46	161	0.731251
46	162	0.714183
46	169	0.707978
46	173	0.679783
46	175	0.666888
46	176	0.654427
46	179	0.681476
46	180	0.662238
47	15	0.716797
47	17	0.713088
47	24	0.77545
47	28	0.773281
47	36	0.754411
47	44	0.760303
47	45	0.754116
47	51	0.743556
47	60	0.729497
47	61	0.729884
47	66	0.730191
47	125	1.80523
47	141	1.79526
47	157	0.799714
47	180	4.43789
48	102	5.38983
48	146	0.665919
48	149	0.694478
48	151	0.705576
48	165	0.628686
48	169	0.66179
48	170	0.635101
48	171	0.640912
48	172	0.625169
48	173	0.633595
48	175	0.620701
48	176	0.608239
48	177	0.606651
48	179	0.635289
48	180	0.61605
49	32	0.774688
49	54	0.749973
49	59	0.738979
49	70	0.725662
49	91	0.788949
49	93	0.734005
49	101	3.31701
49	102	0.72352
49	104	0.763405
49	116	0.738443
49	120	0.767156
49	157	0.804957
49	159	2.60256
49	162	2.0652
49	168	0.693995
50	2	0.805584
50	6	0.795834
50	10	0.720584
50	11	0.807761
50	12	0.707778
50	13	0.70036
50	22	0.761933
50	26	0.697691
50	29	0.780866
50	52	0.735134
50	57	0.723035
50	100	2.53392
50	153	0.762176
50	155	2.22662
50	171	3.23404
51	15	0.717184
51	17	0.713475
51	24	0.775837
51	27	0.773554
51	36	0.754798
51	44	0.76069
51	45	0.754503
51	47	0.743556
51	60	0.729884
51	61	0.730271
51	66	0.730578
51	100	2.98269
51	150	2.40055
51	157	0.800101
51	160	2.73476
52	2	0.799144
52	6	0.789394
52	10	0.714144
52	11	0.801321
52	12	0.701338
52	13	0.69392
52	26	0.691251
52	29	0.774427
52	50	0.735134
52	55	0.81664
52	57	0.716596
52	153	0.755736
52	169	1.41486
52	178	3.58032
52	180	3.15107
53	89	0.729097
53	92	0.768518
53	112	0.747221
53	114	0.777068
53	117	0.726759
53	122	2.16107
53	123	0.75206
53	124	0.750566
53	126	0.745292
53	127	0.741807
53	129	0.741854
53	132	2.31047
53	134	0.73707
53	137	0.762036
53	165	3.49031
54	3	0.727553
54	7	0.720792
54	30	0.76104
54	40	0.766679
54	49	0.749973
54	65	0.741758
54	70	0.72198
54	102	0.719838
54	104	0.759723
54	116	0.734761
54	120	0.763474
54	160	0.732937
54	161	2.55859
54	168	0.690313
54	169	3.19878
54	174	2.73072
55	13	0.781865
55	22	0.843438
55	26	0.779197
55	52	0.81664
55	57	0.804541
55	81	0.464086
55	120	0.832651
55	131	1.38401
55	137	1.14089
55	139	0.835683
55	153	0.843682
55	172	0.773435
55	174	0.810386
55	176	0.756505
55	179	0.783555
55	180	0.764316
56	1	0.729669
56	4	0.816027
56	8	1.73675
56	31	0.777903
56	62	0.740351
56	68	0.739938
56	72	0.732581
56	75	0.78161
56	77	0.714915
56	78	0.722103
56	106	0.688093
56	113	0.755232
56	142	2.78323
56	158	0.736223
56	171	3.16045
56	178	0.673109
57	2	0.787046
57	6	0.777295
57	10	0.702045
57	11	0.789222
57	12	0.689239
57	13	0.681821
57	22	0.743394
57	26	0.679152
57	29	0.762328
57	50	0.723035
57	52	0.716596
57	55	0.804541
57	108	2.19837
57	132	2.69417
57	153	0.743637
57	164	3.44407
58	18	1.19342
58	32	0.757371
58	40	0.753044
58	59	0.721663
58	65	0.728124
58	85	3.20065
58	91	0.771632
58	97	0.754061
58	102	0.706204
58	104	0.746089
58	116	0.721127
58	120	0.74984
58	144	3.05223
58	157	0.787641
58	160	0.719302
58	168	0.676678
59	32	0.760012
59	49	0.738979
59	58	0.721663
59	91	0.774273
59	93	0.719329
59	94	0.720783
59	97	0.756702
59	102	0.708844
59	104	0.748729
59	116	0.723767
59	120	0.75248
59	121	2.11436
59	122	2.62044
59	157	0.790281
59	168	0.679319
59	171	3.54106
60	15	0.703126
60	17	0.699417
60	24	0.761778
60	27	0.759496
60	28	0.75961
60	36	0.74074
60	44	0.746631
60	45	0.740445
60	47	0.729497
60	51	0.729884
60	61	0.716212
60	66	0.71652
60	157	0.786043
60	159	3.01782
60	160	2.24373
60	179	3.1615
61	15	0.703512
61	17	0.699803
61	24	0.762165
61	27	0.759882
61	28	0.759996
61	36	0.741126
61	44	0.747018
61	45	0.740831
61	47	0.729884
61	51	0.730271
61	60	0.716212
61	66	0.716906
61	157	0.786429
61	159	3.04076
61	162	2.5034
61	169	2.88865
62	31	0.771673
62	34	0.711007
62	37	0.772919
62	56	0.740351
62	72	0.726351
62	75	0.775381
62	80	0.759062
62	106	0.681864
62	113	0.749003
62	131	0.755352
62	140	2.06725
62	149	0.757511
62	158	0.729993
62	161	2.48795
62	168	3.86709
62	178	0.666879
63	71	0.722728
63	83	0.743283
63	90	0.731704
63	96	0.726548
63	109	0.750766
63	110	0.745813
63	111	0.739585
63	118	0.723417
63	119	0.759121
63	123	0.748027
63	128	0.74479
63	130	0.744862
63	141	1.86459
63	156	0.722154
63	164	3.07576
63	165	3.5057
64	74	0.75405
64	76	0.744787
64	86	0.72416
64	92	0.755372
64	105	3.07818
64	112	0.734075
64	114	0.763922
64	117	0.713613
64	124	0.73742
64	126	0.732146
64	127	0.728661
64	129	0.728708
64	134	0.723924
64	137	0.74889
64	144	1.98662
64	154	3.185
65	3	0.72302
65	54	0.741758
65	58	0.728124
65	70	0.717447
65	91	0.780734
65	93	0.72579
65	102	0.715305
65	104	0.75519
65	116	0.730228
65	120	0.758941
65	125	2.67299
65	149	2.88556
65	151	2.68423
65	157	0.796742
65	160	0.728404
65	168	0.68578
66	15	0.70382
66	17	0.700111
66	24	0.762472
66	27	0.76019
66	28	0.760303
66	36	0.741434
66	44	0.747325
66	45	0.741139
66	47	0.730191
66	51	0.730578
66	60	0.71652
66	61	0.716906
66	148	2.77899
66	149	2.09298
66	157	0.786737
66	165	3.51156
67	71	0.709316
67	82	0.728534
67	83	0.729871
67	95	0.752932
67	96	0.713136
67	103	3.14916
67	109	0.737354
67	111	0.726173
67	118	0.710005
67	119	0.745709
67	128	0.731378
67	130	0.73145
67	131	0.74104
67	153	0.744138
67	156	0.708742
67	158	2.38598
67	173	3.21731
68	1	0.723027
68	4	0.809385
68	16	0.732708
68	34	0.710595
68	37	0.772507
68	39	0.706374
68	56	0.739938
68	72	0.725939
68	77	0.708273
68	78	0.715461
68	106	0.681451
68	113	0.74859
68	149	0.757099
68	150	2.36253
68	174	2.85067
68	178	0.666466
68	179	3.61451
69	44	1.5673
69	93	2.04938
69	103	0.727208
69	126	1.84185
69	133	0.761378
69	135	0.783449
69	147	0.722742
69	165	0.717074
69	167	0.758947
69	170	0.723489
69	173	0.721983
69	174	0.750508
69	175	0.709089
69	176	0.696627
69	177	0.695039
69	179	0.723677
69	180	0.704438
70	30	0.736728
70	40	0.742367
70	49	0.725662
70	54	0.72198
70	65	0.717447
70	91	0.760956
70	97	0.743384
70	102	0.695527
70	104	0.735412
70	116	0.71045
70	120	0.739163
70	135	2.13649
70	152	3.06927
70	157	0.776964
70	159	3.58238
70	160	0.708626
70	168	0.666001
71	63	0.722728
71	67	0.709316
71	82	0.732353
71	83	0.73369
71	87	0.721568
71	90	0.72211
71	96	0.716955
71	109	0.741173
71	110	0.73622
71	118	0.713824
71	119	0.749528
71	128	0.735197
71	130	0.735269
71	131	0.744859
71	142	2.41987
71	165	3.20572
71	168	3.20997
72	4	0.802027
72	16	0.72535
72	33	2.58575
72	34	0.703237
72	39	0.699017
72	43	0.700508
72	56	0.732581
72	62	0.726351
72	68	0.725939
72	75	0.76761
72	77	0.700915
72	78	0.708103
72	106	0.674094
72	149	0.749741
72	158	0.722223
72	162	2.54595
72	173	3.3658
72	178	0.659109
73	29	2.27541
73	76	2.01964
73	113	1.70895
73	125	0.743312
73	133	0.739989
73	148	0.719557
73	150	0.785392
73	151	0.772575
73	159	0.715323
73	161	0.752063
73	164	0.703124
73	165	0.695685
73	171	0.707911
73	174	0.729119
73	177	0.67365
73	178	0.670844
73	179	0.702288
73	180	0.683049
74	64	0.75405
74	76	0.784743
74	81	0.768444
74	86	0.764116
74	89	0.755907
74	92	0.795328
74	112	0.774031
74	117	0.753569
74	124	0.777376
74	126	0.772102
74	127	0.768617
74	129	0.768664
74	134	0.76388
74	137	0.788846
74	150	1.04222
74	163	2.41715
74	177	4.12886
74	179	2.2942
75	31	0.812932
75	37	0.814179
75	39	0.748046
75	56	0.78161
75	62	0.775381
75	72	0.76761
75	77	0.749944
75	78	0.757132
75	80	0.800322
75	106	0.723123
75	113	0.790262
75	131	0.796611
75	152	0.77683
75	158	0.771253
75	176	3.10341
75	177	3.26827
75	178	0.708138
75	180	2.87404
76	20	0.713375
76	64	0.744787
76	73	2.01964
76	74	0.784743
76	81	0.75918
76	89	0.746644
76	92	0.786065
76	114	0.794615
76	115	1.45202
76	117	0.744306
76	124	0.768113
76	126	0.762839
76	127	0.759354
76	129	0.759401
76	134	0.754617
76	137	0.779583
76	142	0.731108
76	146	3.31808
76	156	2.79612
77	4	0.784361
77	14	1.95492
77	31	0.746237
77	37	0.747483
77	39	0.681351
77	43	0.682841
77	56	0.714915
77	68	0.708273
77	72	0.700915
77	75	0.749944
77	78	0.690437
77	80	0.733626
77	106	0.656427
77	113	0.723567
77	131	0.729915
77	143	3.34265
77	155	3.59333
77	158	0.704557
77	178	0.641443
78	34	0.692759
78	37	0.754671
78	39	0.688539
78	43	0.690029
78	56	0.722103
78	68	0.715461
78	72	0.708103
78	75	0.757132
78	77	0.690437
78	80	0.740814
78	88	2.84126
78	106	0.663615
78	113	0.730755
78	121	2.77349
78	131	0.737103
78	148	3.87625
78	149	0.739263
78	158	0.711745
78	178	0.648631
79	38	0.731897
79	81	0.760105
79	86	0.755778
79	89	0.747569
79	92	0.78699
79	112	0.765693
79	117	0.745231
79	122	1.86575
79	123	0.770531
79	124	0.769038
79	126	0.763764
79	127	0.760279
79	129	0.760326
79	134	0.755542
79	137	0.780508
79	142	0.732033
79	158	2.06357
79	167	1.63922
79	177	4.59074
80	1	0.748381
80	4	0.834738
80	14	0.833827
80	31	0.796614
80	34	0.735949
80	37	0.79786
80	43	0.733219
80	62	0.759062
80	75	0.800322
80	77	0.733626
80	78	0.740814
80	106	0.706805
80	113	0.773944
80	136	2.63306
80	146	3.65128
80	149	0.782453
80	158	0.754934
80	167	2.33251
80	178	0.69182
81	55	0.464086
81	74	0.768444
81	76	0.75918
81	79	0.760105
81	86	0.738554
81	89	0.730345
81	92	0.769766
81	112	0.748469
81	114	0.778315
81	117	0.728006
81	124	0.751814
81	126	0.74654
81	127	0.743055
81	129	0.743102
81	134	0.738318
81	137	0.763284
81	139	1.86843
81	142	0.714809
81	170	3.48436
81	177	4.33611
82	18	0.580471
82	35	0.761688
82	67	0.728534
82	71	0.732353
82	83	0.752908
82	87	0.740785
82	95	0.775968
82	96	0.736172
82	109	0.760391
82	110	0.755438
82	111	0.749209
82	118	0.733041
82	119	0.768745
82	121	2.26824
82	128	0.754415
82	130	0.754487
82	145	3.34551
82	153	0.767174
82	156	0.731779
82	179	3.66465
83	63	0.743283
83	67	0.729871
83	71	0.73369
83	82	0.752908
83	87	0.742122
83	88	2.15274
83	90	0.742665
83	95	0.777305
83	98	2.1865
83	109	0.761728
83	110	0.756775
83	111	0.750546
83	118	0.734378
83	119	0.770082
83	122	2.59106
83	123	0.758989
83	128	0.755752
83	130	0.755824
83	156	0.733116
83	163	3.60433
84	90	0.738361
84	96	0.733205
84	109	0.757424
84	110	0.752471
84	114	0.779693
84	117	0.729384
84	118	0.730074
84	119	0.765778
84	124	0.753191
84	126	0.747917
84	127	0.744433
84	128	0.751448
84	129	0.744479
84	130	0.75152
84	134	0.739695
84	137	0.764662
84	143	1.9292
84	147	3.72086
84	148	2.86335
84	167	2.04015
85	36	1.84686
85	41	0.692894
85	58	3.20065
85	92	1.86145
85	121	0.792711
85	139	0.790003
85	146	0.768505
85	156	0.762606
85	157	0.159865
85	159	0.75091
85	165	0.731272
85	168	0.72378
85	169	0.764376
85	171	0.743498
85	172	0.727755
85	173	0.736181
85	175	0.723287
85	176	0.710825
85	177	0.709237
85	179	0.737875
85	180	0.718636
86	8	1.79861
86	20	0.692748
86	21	0.770994
86	64	0.72416
86	74	0.764116
86	79	0.755778
86	81	0.738554
86	89	0.726017
86	112	0.744141
86	114	0.773988
86	117	0.723679
86	124	0.747486
86	126	0.742212
86	127	0.738727
86	129	0.738774
86	134	0.73399
86	137	0.758956
86	142	0.710481
86	145	2.87288
86	171	3.22231
86	174	2.42818
87	33	1.75684
87	35	0.750902
87	38	1.68173
87	71	0.721568
87	82	0.740785
87	83	0.742122
87	90	0.730543
87	96	0.725387
87	109	0.749605
87	110	0.744652
87	111	0.738424
87	118	0.722256
87	119	0.75796
87	123	0.746867
87	128	0.743629
87	130	0.743701
87	131	0.753291
87	147	2.96191
87	153	0.756389
87	156	0.720994
87	170	3.38097
88	11	1.05166
88	78	2.84126
88	83	2.15274
88	96	1.63839
88	108	0.777465
88	125	0.764912
88	133	0.761589
88	143	0.795093
88	152	0.773447
88	154	0.732442
88	155	0.743944
88	161	0.773662
88	167	0.759158
88	170	0.723699
88	173	0.722194
88	174	0.750719
88	176	0.696838
88	177	0.695249
88	178	0.692444
88	179	0.723888
88	180	0.704649
89	21	0.762785
89	53	0.729097
89	74	0.755907
89	76	0.746644
89	79	0.747569
89	81	0.730345
89	86	0.726017
89	92	0.757229
89	100	1.82735
89	112	0.735932
89	114	0.765779
89	117	0.71547
89	124	0.739277
89	126	0.734003
89	127	0.730518
89	129	0.730565
89	134	0.725781
89	137	0.750747
89	160	1.57943
89	170	3.4801
89	178	4.36687
90	63	0.731704
90	71	0.72211
90	83	0.742665
90	84	0.738361
90	87	0.730543
90	95	0.765726
90	96	0.72593
90	100	1.85603
90	109	0.750148
90	110	0.745195
90	111	0.738967
90	118	0.722799
90	119	0.758503
90	123	0.747409
90	128	0.744172
90	130	0.744244
90	138	3.25704
90	146	2.72778
90	153	0.756932
90	156	0.721536
90	175	3.3891
91	30	0.800016
91	32	0.809982
91	40	0.805655
91	49	0.788949
91	58	0.771632
91	59	0.774273
91	65	0.780734
91	70	0.760956
91	93	0.769299
91	97	0.806671
91	102	0.758814
91	115	0.821434
91	116	0.773737
91	120	0.80245
91	133	1.68613
91	146	2.16513
91	157	0.840251
91	159	1.81954
91	168	0.729289
91	175	2.82645
91	180	3.40364
92	53	0.768518
92	64	0.755372
92	74	0.795328
92	76	0.786065
92	79	0.78699
92	81	0.769766
92	85	1.86145
92	89	0.757229
92	103	3.00907
92	112	0.775353
92	114	0.8052
92	117	0.754891
92	123	0.780192
92	124	0.778698
92	126	0.773424
92	127	0.769939
92	129	0.769986
92	134	0.765202
92	137	0.790168
92	140	1.58173
92	158	2.24589
92	166	2.701
93	3	0.711585
93	7	0.704823
93	30	0.745071
93	32	0.755037
93	46	2.96056
93	49	0.734005
93	59	0.719329
93	65	0.72579
93	69	2.04938
93	91	0.769299
93	94	0.715808
93	97	0.751727
93	102	0.70387
93	104	0.743755
93	115	0.76649
93	116	0.718793
93	120	0.747506
93	150	2.02863
93	157	0.785307
93	159	3.13693
93	160	0.716969
93	168	0.674344
94	59	0.720783
94	93	0.715808
94	96	0.719018
94	97	0.753181
94	102	0.705324
94	107	2.67066
94	109	0.743237
94	110	0.738284
94	111	0.732055
94	116	0.720247
94	118	0.715887
94	119	0.751591
94	120	0.74896
94	128	0.737261
94	130	0.737333
94	135	1.19766
94	153	0.75002
94	157	0.786761
94	160	0.718423
94	168	0.675798
94	172	2.90903
94	178	4.65691
95	35	0.786085
95	67	0.752932
95	82	0.775968
95	83	0.777305
95	90	0.765726
95	96	0.76057
95	108	1.76162
95	109	0.784789
95	110	0.779836
95	111	0.773607
95	118	0.757439
95	119	0.793143
95	123	0.78205
95	128	0.778813
95	130	0.778885
95	131	0.788474
95	132	2.25742
95	133	2.72126
95	153	0.791572
95	156	0.756177
95	173	3.13717
95	174	2.2345
96	35	0.746289
96	63	0.726548
96	67	0.713136
96	71	0.716955
96	82	0.736172
96	84	0.733205
96	87	0.725387
96	88	1.63839
96	90	0.72593
96	94	0.719018
96	95	0.76057
96	110	0.74004
96	111	0.733811
96	118	0.717643
96	128	0.739017
96	130	0.739089
96	131	0.748678
96	153	0.751776
96	156	0.716381
96	161	2.03107
96	168	3.4102
96	175	3.83027
97	3	0.748957
97	7	0.742196
97	30	0.782444
97	40	0.788083
97	58	0.754061
97	59	0.756702
97	70	0.743384
97	91	0.806671
97	93	0.751727
97	94	0.753181
97	102	0.741243
97	104	0.781128
97	115	0.803863
97	116	0.756166
97	120	0.784879
97	133	2.32285
97	155	1.6228
97	156	2.27989
97	157	0.82268
97	160	0.754341
97	168	0.711717
97	170	3.58284
97	173	2.73876
98	83	2.1865
98	107	0.723262
98	119	1.62462
98	123	1.94997
98	132	0.750179
98	134	1.33679
98	140	0.770595
98	144	0.778447
98	151	0.78255
98	155	0.73232
98	162	0.74497
98	164	0.713099
98	165	0.70566
98	166	0.740273
98	169	0.738764
98	171	0.717887
98	172	0.702143
98	173	0.710569
98	175	0.697675
98	176	0.685213
98	177	0.683625
98	179	0.712263
98	180	0.693024
99	22	1.92854
99	29	2.41787
99	112	1.75299
99	124	1.79678
99	132	0.752787
99	133	0.752572
99	136	0.74524
99	144	0.781056
99	146	0.745502
99	154	0.723426
99	155	0.734928
99	159	0.727906
99	164	0.715708
99	167	0.750142
99	171	0.720495
99	172	0.704751
99	173	0.713178
99	174	0.741702
99	175	0.700284
99	176	0.687822
99	177	0.686233
99	179	0.714872
99	180	0.695633
100	50	2.53392
100	51	2.98269
100	89	1.82735
100	90	1.85603
100	101	0.726964
100	105	0.729712
100	139	0.773425
100	145	0.734545
100	147	0.720362
100	151	0.791584
100	154	0.729852
100	163	0.733374
100	164	0.722133
100	165	0.714694
100	171	0.72692
100	172	0.711177
100	173	0.719603
100	174	0.748128
100	175	0.706709
100	176	0.694247
100	177	0.692659
100	179	0.721297
100	180	0.702058
101	49	3.31701
101	100	0.726964
101	110	3.21783
101	122	0.715997
101	135	0.727964
101	138	0.68168
101	139	0.720319
101	141	0.746713
101	144	0.734375
101	157	1.24567
101	159	0.681226
101	162	0.700898
101	164	0.669028
101	165	0.661589
101	166	0.696202
101	167	0.703462
101	169	0.694692
101	172	0.658071
101	174	0.695022
101	175	0.653603
101	176	0.641142
101	177	0.639553
101	180	0.648952
102	3	0.7011
102	7	0.694339
102	32	0.744553
102	40	0.740226
102	48	5.38983
102	49	0.72352
102	54	0.719838
102	58	0.706204
102	59	0.708844
102	65	0.715305
102	70	0.695527
102	91	0.758814
102	93	0.70387
102	94	0.705324
102	97	0.741243
102	104	0.73327
102	116	0.708308
102	120	0.737021
102	141	1.80865
102	149	2.03119
102	157	0.774822
102	160	0.706484
102	162	2.32983
102	168	0.66386
103	9	0.653595
103	67	3.14916
103	69	0.727208
103	92	3.00907
103	127	2.77826
103	143	0.737261
103	149	0.725244
103	151	0.736343
103	152	0.715615
103	154	0.674611
103	155	0.686112
103	156	0.690787
103	161	0.71583
103	164	0.666892
103	166	0.694066
103	169	0.692557
103	170	0.665868
103	171	0.671679
103	173	0.664362
103	174	0.692887
103	176	0.639006
103	177	0.637418
103	178	0.634612
103	180	0.646817
104	3	0.740985
104	7	0.734224
104	30	0.774472
104	32	0.784438
104	49	0.763405
104	54	0.759723
104	58	0.746089
104	59	0.748729
104	65	0.75519
104	70	0.735412
104	93	0.743755
104	97	0.781128
104	102	0.73327
104	115	0.795891
104	116	0.748193
104	120	0.776906
104	135	1.16653
104	149	1.77642
104	157	0.814707
104	160	0.746369
104	166	2.51869
104	168	0.703745
104	171	2.78638
104	178	4.62577
105	36	2.78999
105	46	0.689892
105	64	3.07818
105	100	0.729712
105	108	0.724517
105	138	0.684428
105	140	0.729271
105	147	0.670004
105	150	0.754043
105	152	0.720499
105	153	2.68895
105	154	0.679494
105	155	0.690996
105	159	0.683974
105	166	0.69895
105	167	0.70621
105	172	0.660819
105	173	0.669246
105	174	0.69777
105	175	0.656351
105	176	0.64389
105	177	0.642301
105	180	0.651701
106	1	0.671182
106	4	0.75754
106	16	0.680863
106	18	1.89075
106	31	0.719416
106	34	0.65875
106	37	0.720662
106	39	0.654529
106	43	0.65602
106	56	0.688093
106	62	0.681864
106	68	0.681451
106	72	0.674094
106	75	0.723123
106	77	0.656427
106	78	0.663615
106	80	0.706805
106	113	0.696745
106	131	0.703094
106	149	0.705254
106	158	0.677736
106	167	3.85807
106	172	5.09673
106	178	0.614621
107	18	0.797994
107	46	0.692475
107	94	2.67066
107	98	0.723262
107	112	2.5905
107	115	0.751574
107	128	2.60211
107	136	0.703891
107	155	0.69358
107	159	0.686558
107	163	0.685601
107	164	0.674359
107	169	0.700024
107	170	0.673335
107	171	0.679146
107	172	0.663403
107	173	0.671829
107	174	0.700354
107	175	0.658935
107	176	0.646473
107	177	0.644885
107	179	0.673523
107	180	0.654284
108	57	2.19837
108	88	0.777465
108	95	1.76162
108	105	0.724517
108	109	1.79536
108	118	2.09267
108	133	0.753802
108	143	0.787307
108	145	0.72935
108	154	0.724656
108	163	0.728179
108	167	0.751372
108	169	0.742603
108	170	0.715913
108	171	0.721725
108	172	0.705981
108	174	0.742932
108	175	0.701514
108	176	0.689052
108	177	0.687463
108	178	0.684658
108	179	0.716102
108	180	0.696863
109	35	0.770508
109	63	0.750766
109	67	0.737354
109	71	0.741173
109	82	0.760391
109	83	0.761728
109	84	0.757424
109	87	0.749605
109	90	0.750148
109	94	0.743237
109	95	0.784789
109	108	1.79536
109	110	0.764258
109	111	0.75803
109	118	0.741862
109	119	0.777565
109	128	0.763235
109	130	0.763307
109	131	0.772896
109	132	2.29116
109	139	2.39907
109	152	2.3753
109	156	0.740599
109	168	3.47525
110	25	1.98748
110	41	0.665934
110	63	0.745813
110	71	0.73622
110	82	0.755438
110	83	0.756775
110	84	0.752471
110	87	0.744652
110	90	0.745195
110	94	0.738284
110	95	0.779836
110	96	0.74004
110	101	3.21783
110	109	0.764258
110	118	0.736909
110	119	0.772612
110	123	0.761519
110	128	0.758282
110	130	0.758354
110	131	0.767943
110	153	0.771041
110	156	0.735646
110	160	1.72929
110	169	2.35127
110	173	2.78587
111	27	0.775007
111	35	0.759326
111	63	0.739585
111	67	0.726173
111	82	0.749209
111	83	0.750546
111	87	0.738424
111	90	0.738967
111	94	0.732055
111	95	0.773607
111	96	0.733811
111	109	0.75803
111	118	0.73068
111	119	0.766384
111	123	0.755291
111	128	0.752054
111	130	0.752126
111	131	0.761715
111	150	1.656
111	153	0.764813
111	156	0.729418
111	161	1.972
111	169	2.6122
111	179	2.90798
111	180	4.3484
112	20	0.702663
112	23	0.783211
112	38	0.72026
112	53	0.747221
112	64	0.734075
112	74	0.774031
112	79	0.765693
112	81	0.748469
112	86	0.744141
112	89	0.735932
112	92	0.775353
112	99	1.75299
112	107	2.5905
112	114	0.783903
112	117	0.733594
112	124	0.757401
112	126	0.752127
112	127	0.748642
112	129	0.748689
112	134	0.743905
112	137	0.768871
112	142	0.720396
112	144	1.48169
112	151	1.52607
112	177	4.54172
113	1	0.738321
113	4	0.824679
113	16	0.748002
113	31	0.786555
113	34	0.725889
113	37	0.787801
113	39	0.721669
113	43	0.723159
113	56	0.755232
113	62	0.749003
113	68	0.74859
113	73	1.70895
113	75	0.790262
113	77	0.723567
113	78	0.730755
113	80	0.773944
113	106	0.696745
113	131	0.770233
113	149	0.772393
113	151	1.62449
113	158	0.744875
113	161	1.86951
113	163	2.92843
113	176	4.47528
113	178	0.681761
114	20	0.73251
114	21	0.810756
114	23	0.813058
114	25	1.89338
114	38	0.750107
114	53	0.777068
114	64	0.763922
114	76	0.794615
114	81	0.778315
114	84	0.779693
114	86	0.773988
114	89	0.765779
114	92	0.8052
114	112	0.783903
114	117	0.763441
114	124	0.787248
114	126	0.781974
114	127	0.778489
114	129	0.778536
114	134	0.773752
114	137	0.798718
114	151	1.37196
114	154	2.52595
114	163	2.6759
114	164	2.56193
114	179	2.55295
115	27	1.72012
115	40	0.802846
115	76	1.45202
115	91	0.821434
115	93	0.76649
115	97	0.803863
115	104	0.795891
115	107	0.751574
115	116	0.770929
115	120	0.799641
115	123	1.58069
115	124	1.08669
115	128	1.05452
115	129	1.081
115	135	0.800348
115	141	0.819097
115	145	0.753823
115	157	0.837443
115	159	0.75361
115	160	0.769104
115	165	0.733972
115	168	0.72648
115	171	0.746198
115	173	0.738881
115	175	0.725987
115	179	0.740575
115	180	0.721336
116	3	0.716023
116	7	0.709262
116	30	0.74951
116	32	0.759476
116	40	0.755149
116	49	0.738443
116	54	0.734761
116	58	0.721127
116	59	0.723767
116	65	0.730228
116	70	0.71045
116	91	0.773737
116	93	0.718793
116	94	0.720247
116	97	0.756166
116	102	0.708308
116	104	0.748193
116	115	0.770929
116	120	0.751944
116	149	2.19545
116	157	0.789745
116	158	2.4826
116	160	0.721407
116	161	2.23914
116	164	3.18409
116	168	0.678783
116	175	4.03835
117	21	0.760447
117	23	0.762749
117	53	0.726759
117	64	0.713613
117	74	0.753569
117	76	0.744306
117	79	0.745231
117	81	0.728006
117	84	0.729384
117	86	0.723679
117	89	0.71547
117	92	0.754891
117	112	0.733594
117	114	0.763441
117	123	0.738432
117	124	0.736939
117	126	0.731665
117	127	0.72818
117	129	0.728227
117	134	0.723443
117	137	0.748409
117	139	2.83581
117	142	0.699934
117	160	2.55106
117	161	2.53285
117	173	3.60765
117	174	2.70498
118	27	0.758839
118	35	0.743158
118	41	0.643537
118	63	0.723417
118	67	0.710005
118	71	0.713824
118	82	0.733041
118	83	0.734378
118	84	0.730074
118	87	0.722256
118	90	0.722799
118	94	0.715887
118	95	0.757439
118	96	0.717643
118	108	2.09267
118	109	0.741862
118	110	0.736909
118	111	0.73068
118	119	0.750216
118	123	0.739123
118	125	2.13716
118	128	0.735886
118	130	0.735958
118	131	0.745547
118	143	2.10159
118	153	0.748645
118	164	3.33837
118	175	4.19263
119	27	0.794543
119	35	0.778862
119	41	0.679241
119	63	0.759121
119	67	0.745709
119	71	0.749528
119	82	0.768745
119	83	0.770082
119	84	0.765778
119	87	0.75796
119	90	0.758503
119	94	0.751591
119	95	0.793143
119	98	1.62462
119	109	0.777565
119	110	0.772612
119	111	0.766384
119	118	0.750216
119	123	0.774827
119	128	0.771589
119	130	0.771661
119	139	2.28649
119	143	1.6917
119	147	3.48336
119	153	0.784349
119	156	0.748954
119	168	3.36267
119	174	2.15566
120	3	0.744736
120	7	0.737975
120	30	0.778223
120	32	0.788189
120	40	0.783862
120	49	0.767156
120	54	0.763474
120	55	0.832651
120	58	0.74984
120	59	0.75248
120	65	0.758941
120	70	0.739163
120	91	0.80245
120	93	0.747506
120	94	0.74896
120	97	0.784879
120	102	0.737021
120	104	0.776906
120	115	0.799641
120	116	0.751944
120	136	2.05371
120	147	3.43387
120	152	2.21323
120	157	0.818458
120	160	0.75012
120	163	2.99296
120	168	0.707496
120	179	2.87002
121	59	2.11436
121	78	2.77349
121	82	2.26824
121	85	0.792711
121	127	1.31118
121	141	0.795882
121	142	0.729467
121	143	0.788566
121	145	0.730609
121	148	0.73463
121	153	1.42635
121	155	0.737417
121	159	0.730396
121	163	0.729438
121	164	0.718197
121	166	0.745371
121	167	0.752631
121	170	0.717173
121	171	0.722984
121	172	0.707241
121	173	0.715667
121	174	0.744192
121	175	0.702773
121	176	0.690311
121	177	0.688723
121	178	0.685917
121	179	0.717361
121	180	0.698122
122	23	1.96168
122	53	2.16107
122	59	2.62044
122	79	1.86575
122	83	2.59106
122	101	0.715997
122	136	0.740699
122	139	0.762458
122	143	0.781536
122	147	0.709395
122	150	0.793434
122	151	0.780618
122	155	0.730387
122	159	0.723365
122	160	0.738859
122	161	0.760105
122	162	0.743037
122	165	0.703728
122	167	0.745601
122	168	0.696235
122	169	0.736831
122	170	0.710142
122	172	0.70021
122	174	0.737161
122	176	0.683281
122	177	0.681692
122	179	0.71033
122	180	0.691091
123	53	0.75206
123	63	0.748027
123	79	0.770531
123	83	0.758989
123	87	0.746867
123	90	0.747409
123	92	0.780192
123	95	0.78205
123	98	1.94997
123	110	0.761519
123	111	0.755291
123	115	1.58069
123	117	0.738432
123	118	0.739123
123	119	0.774827
123	124	0.76224
123	126	0.756966
123	127	0.753481
123	128	0.760496
123	129	0.753528
123	130	0.760568
123	134	0.748744
123	137	0.77371
123	142	0.725235
123	152	2.58806
123	156	0.73786
123	161	2.30888
123	166	3.00745
123	169	2.94907
124	20	0.706008
124	21	0.784254
124	23	0.786556
124	53	0.750566
124	64	0.73742
124	74	0.777376
124	76	0.768113
124	79	0.769038
124	81	0.751814
124	84	0.753191
124	86	0.747486
124	89	0.739277
124	92	0.778698
124	99	1.79678
124	112	0.757401
124	114	0.787248
124	115	1.08669
124	117	0.736939
124	123	0.76224
124	126	0.755472
124	127	0.751987
124	129	0.752034
124	133	2.47376
124	134	0.74725
124	137	0.772216
124	142	0.723741
124	156	2.4308
124	158	2.05834
124	176	4.42065
125	1	2.37981
125	47	1.80523
125	65	2.67299
125	73	0.743312
125	88	0.764912
125	118	2.13716
125	137	1.98602
125	138	0.717037
125	143	0.774754
125	144	0.769732
125	150	0.786652
125	151	0.773836
125	154	0.712103
125	156	0.72828
125	159	0.716583
125	164	0.704385
125	166	0.731559
125	167	0.738819
125	168	0.689453
125	169	0.730049
125	170	0.70336
125	171	0.709172
125	172	0.693428
125	173	0.701854
125	174	0.730379
125	175	0.68896
125	177	0.67491
125	179	0.703548
125	180	0.68431
126	20	0.700734
126	21	0.77898
126	23	0.781282
126	38	0.718331
126	53	0.745292
126	64	0.732146
126	69	1.84185
126	74	0.772102
126	76	0.762839
126	79	0.763764
126	81	0.74654
126	84	0.747917
126	86	0.742212
126	89	0.734003
126	92	0.773424
126	112	0.752127
126	114	0.781974
126	117	0.731665
126	123	0.756966
126	124	0.755472
126	127	0.746713
126	129	0.74676
126	133	2.796
126	134	0.741976
126	137	0.766942
126	142	0.718467
126	152	2.4163
126	166	2.83568
126	172	3.19488
126	174	2.30924
127	6	0.796661
127	20	0.697249
127	21	0.775496
127	23	0.777798
127	53	0.741807
127	64	0.728661
127	74	0.768617
127	76	0.759354
127	79	0.760279
127	81	0.743055
127	84	0.744433
127	86	0.738727
127	89	0.730518
127	92	0.769939
127	103	2.77826
127	112	0.748642
127	114	0.778489
127	117	0.72818
127	121	1.31118
127	123	0.753481
127	124	0.751987
127	126	0.746713
127	129	0.743275
127	134	0.738492
127	137	0.763458
127	140	1.35092
127	142	0.714983
127	154	2.68059
127	156	2.38754
127	180	4.14802
128	27	0.780212
128	35	0.764532
128	41	0.664911
128	63	0.74479
128	67	0.731378
128	71	0.735197
128	82	0.754415
128	83	0.755752
128	84	0.751448
128	87	0.743629
128	90	0.744172
128	94	0.737261
128	95	0.778813
128	96	0.739017
128	107	2.60211
128	109	0.763235
128	110	0.758282
128	111	0.752054
128	115	1.05452
128	118	0.735886
128	119	0.771589
128	123	0.760496
128	130	0.757331
128	131	0.76692
128	143	1.49086
128	150	1.4667
128	153	0.770018
128	156	0.734623
128	175	3.58191
128	178	4.58836
129	6	0.796708
129	20	0.697296
129	21	0.775542
129	23	0.777844
129	53	0.741854
129	64	0.728708
129	74	0.768664
129	76	0.759401
129	79	0.760326
129	81	0.743102
129	84	0.744479
129	86	0.738774
129	89	0.730565
129	92	0.769986
129	112	0.748689
129	114	0.778536
129	115	1.081
129	117	0.728227
129	123	0.753528
129	124	0.752034
129	126	0.74676
129	127	0.743275
129	134	0.738538
129	137	0.763504
129	138	3.47633
129	141	1.54296
129	142	0.715029
129	143	1.51735
129	170	3.72807
129	180	4.18559
130	14	0.242724
130	27	0.780284
130	35	0.764604
130	41	0.664983
130	42	2.24218
130	63	0.744862
130	67	0.73145
130	71	0.735269
130	82	0.754487
130	83	0.755824
130	84	0.75152
130	87	0.743701
130	90	0.744244
130	94	0.737333
130	95	0.778885
130	96	0.739089
130	109	0.763307
130	110	0.758354
130	111	0.752126
130	118	0.735958
130	119	0.771661
130	123	0.760568
130	128	0.757331
130	131	0.766992
130	151	1.67727
130	153	0.77009
130	156	0.734695
130	163	2.98122
130	171	2.88856
130	176	4.52806
131	1	0.74467
131	16	0.754351
131	34	0.732238
131	38	2.70504
131	43	0.729508
131	55	1.38401
131	62	0.755352
131	67	0.74104
131	71	0.744859
131	75	0.796611
131	77	0.729915
131	78	0.737103
131	87	0.753291
131	95	0.788474
131	96	0.748678
131	106	0.703094
131	109	0.772896
131	110	0.767943
131	111	0.761715
131	113	0.770233
131	118	0.745547
131	128	0.76692
131	130	0.766992
131	142	3.07445
131	151	2.24038
131	156	0.744285
131	158	0.751224
131	162	2.74035
131	167	2.30452
131	178	0.688109
132	28	2.44679
132	53	2.31047
132	57	2.69417
132	95	2.25742
132	98	0.750179
132	99	0.752787
132	109	2.29116
132	139	0.752568
132	149	0.759629
132	150	0.783544
132	152	0.749999
132	161	0.750214
132	162	0.733147
132	163	0.712517
132	164	0.701276
132	165	0.693837
132	166	0.72845
132	167	0.735711
132	168	0.686345
132	169	0.726941
132	170	0.700252
132	171	0.706063
132	172	0.69032
132	173	0.698746
132	174	0.727271
132	175	0.685852
132	176	0.67339
132	177	0.671802
132	179	0.70044
132	180	0.681201
133	5	0.685378
133	19	0.673178
133	69	0.761378
133	73	0.739989
133	88	0.761589
133	91	1.68613
133	95	2.72126
133	97	2.32285
133	99	0.752572
133	108	0.753802
133	124	2.47376
133	126	2.796
133	135	0.759998
133	136	0.730594
133	138	0.713714
133	139	0.752353
133	146	0.730856
133	155	0.720282
133	161	0.75
133	163	0.712303
133	164	0.701062
133	166	0.728236
133	169	0.726726
133	173	0.698531
133	174	0.727056
133	175	0.685637
133	176	0.673176
133	177	0.671587
133	179	0.700225
133	180	0.680987
134	6	0.791924
134	20	0.692512
134	21	0.770759
134	23	0.77306
134	38	0.71011
134	42	2.01559
134	53	0.73707
134	64	0.723924
134	74	0.76388
134	76	0.754617
134	79	0.755542
134	81	0.738318
134	84	0.739695
134	86	0.73399
134	89	0.725781
134	92	0.765202
134	98	1.33679
134	112	0.743905
134	114	0.773752
134	117	0.723443
134	123	0.748744
134	124	0.74725
134	126	0.741976
134	127	0.738492
134	129	0.738538
134	137	0.75872
134	142	0.710246
134	166	2.39427
134	168	3.07483
134	169	2.33589
134	180	4.0721
135	8	0.769558
135	13	2.58084
135	34	3.111
135	69	0.783449
135	70	2.13649
135	94	1.19766
135	101	0.727964
135	104	1.16653
135	115	0.800348
135	133	0.759998
135	137	1.58869
135	144	0.788481
135	146	0.752927
135	149	0.781486
135	150	0.805401
135	151	0.792584
135	154	0.730852
135	162	0.755004
135	164	0.723133
135	167	0.757568
135	169	0.748798
135	170	0.722109
135	171	0.72792
135	172	0.712177
135	173	0.720603
135	175	0.707709
135	176	0.695247
135	177	0.693659
135	178	0.690853
135	179	0.722297
135	180	0.703058
136	15	2.7611
136	28	2.3714
136	80	2.63306
136	99	0.74524
136	107	0.703891
136	120	2.05371
136	122	0.740699
136	133	0.730594
136	137	2.36194
136	139	0.745021
136	140	0.751224
136	150	0.775997
136	152	0.742452
136	154	0.701447
136	159	0.705927
136	161	0.742667
136	162	0.725599
136	163	0.70497
136	164	0.693729
136	165	0.68629
