1	18	0.776782
1	48	0.921554
1	53	0.874242
1	63	0.805679
1	86	0.714868
1	92	0.761079
1	103	0.79133
1	141	0.806554
1	152	1.70811
1	154	0.786433
1	171	1.73131
1	176	1.84452
2	71	0.993358
2	77	0.990328
2	90	1.01958
2	100	1.02923
2	102	1.03633
2	104	1.02994
2	106	1.07457
2	111	0.99532
2	134	1.18146
2	138	0.991368
2	153	1.10994
2	174	1.3202
3	21	1.00019
3	43	1.03407
3	58	0.990435
3	80	0.979929
3	85	0.978285
3	96	1.08651
3	148	0.963488
3	155	0.876035
3	163	1.12184
3	168	1.30343
3	173	1.23122
3	179	1.23367
4	126	1.02127
4	130	1.01244
4	139	1.0491
4	140	0.985289
4	143	1.01309
4	145	1.02335
4	153	0.934917
4	163	1.08725
4	166	0.986376
4	170	1.08554
4	175	1.40596
4	177	1.19068
5	21	0.993397
5	43	1.02728
5	58	0.983645
5	79	1.02453
5	85	0.971494
5	96	1.07972
5	124	1.03689
5	149	1.23851
5	150	1.11264
5	155	1.09671
5	157	1.12578
5	163	1.11505
6	7	0.930299
6	28	1.06272
6	72	1.10279
6	94	1.03567
6	99	1.05108
6	115	1.0482
6	159	0.890087
6	164	1.07061
6	176	0.988421
6	177	1.21089
6	178	1.16327
6	179	1.26245
7	6	0.930299
7	19	0.912035
7	34	0.964598
7	42	0.889948
7	98	0.924244
7	115	0.909501
7	123	0.84994
7	138	1.07971
7	161	1.15576
7	167	1.4541
7	169	1.75825
7	176	0.849723
8	9	0.945072
8	27	0.94618
8	38	0.912074
8	52	0.845335
8	84	0.83415
8	87	0.935521
8	88	0.889114
8	131	0.903438
8	149	1.30301
8	151	1.36547
8	170	1.36212
8	178	1.41966
9	8	0.945072
9	22	1.00702
9	27	1.1234
9	36	1.03962
9	52	1.02256
9	84	1.01137
9	88	1.06633
9	109	1.06694
9	111	1.01058
9	157	1.10397
9	162	1.16816
9	164	1.24069
10	20	1.12578
10	65	1.03415
10	89	0.999412
10	109	1.08656
10	117	0.997955
10	120	0.972179
10	121	1.16013
10	124	1.03471
10	146	1.08924
10	161	1.1023
10	166	0.979963
10	176	1.21933
11	27	0.659377
11	57	0.959215
11	114	0.918497
11	140	0.875172
11	163	0.611275
11	169	0.985475
11	170	1.08573
11	172	1.00902
11	177	1.04454
11	178	1.06025
11	179	1.03035
11	180	0.997295
12	22	0.999847
12	36	1.03245
12	52	1.01538
12	80	0.988889
12	84	1.00419
12	87	1.10556
12	88	1.05916
12	152	1.01572
12	160	1.12589
12	164	1.19312
12	170	1.22825
12	171	1.03891
13	15	1.03018
13	66	1.03146
13	90	1.00635
13	100	1.016
13	102	1.0231
13	104	1.01671
13	106	1.06134
13	150	0.957934
13	153	0.992303
13	155	0.941999
13	175	1.46334
13	177	1.24807
14	24	0.997888
14	71	0.998194
14	77	0.995164
14	81	1.05059
14	90	1.02441
14	97	0.946801
14	102	1.04117
14	106	1.07941
14	146	0.925549
14	160	1.08533
14	177	1.29284
14	179	1.3444
15	13	1.03018
15	71	0.983705
15	81	1.0361
15	82	1.05688
15	100	1.01958
15	102	1.02668
15	104	1.02029
15	106	1.06492
15	142	0.924579
15	162	0.994236
15	179	1.25861
15	180	1.35792
16	91	0.893725
16	122	1.22139
16	127	0.898038
16	136	0.886297
16	139	0.921075
16	140	0.857261
16	142	1.24235
16	143	0.885061
16	145	0.895319
16	163	0.959222
16	171	1.23033
16	175	1.74009
17	89	1.01572
17	95	1.06694
17	101	1.02136
17	112	0.997599
17	120	0.988485
17	146	1.10554
17	158	0.964125
17	166	0.996269
17	170	1.06274
17	173	1.21701
17	175	1.38316
17	176	0.986619
18	1	0.776782
18	53	1.10422
18	59	0.941631
18	63	1.03566
18	86	0.944849
18	92	0.99106
18	103	1.02131
18	131	1.15498
18	133	1.08603
18	154	1.01641
18	171	1.13731
18	176	1.25052
18	178	1.38418
19	7	0.912035
19	30	0.930793
19	35	0.930333
19	82	1.31848
19	98	1.04468
19	99	1.03282
19	115	1.02993
19	116	1.12888
19	123	0.970373
19	147	1.12571
19	159	1.14785
19	166	1.26435
19	176	0.970156
20	10	1.12578
20	67	1.12557
20	110	1.13398
20	112	1.10337
20	117	1.12003
20	120	1.09425
20	122	0.882687
20	142	0.903649
20	152	0.868439
20	153	0.930352
20	166	1.10204
20	172	1.33453
20	179	1.23768
21	3	1.00019
21	5	0.993397
21	49	1.04132
21	58	0.900605
21	79	0.941491
21	85	0.888455
21	96	0.996684
21	131	1.06283
21	157	1.06265
21	158	1.13588
21	163	1.03201
21	168	1.46098
21	174	1.29414
22	9	1.00702
22	12	0.999847
22	27	1.00813
22	38	0.974027
22	83	0.979411
22	84	0.896103
22	87	0.997474
22	88	0.951067
22	131	0.965391
22	155	1.10186
22	158	1.20417
22	159	1.08713
22	175	1.62321
23	105	1.19316
23	127	1.15229
23	136	1.13194
23	154	1.07523
23	165	0.919922
23	168	0.876541
23	169	0.821471
23	170	0.921729
23	172	0.845018
23	173	0.872818
23	175	0.829676
23	177	0.880534
23	180	0.833292
24	14	0.997888
24	45	1.12831
24	66	0.984684
24	77	0.930316
24	81	0.985739
24	90	0.959567
24	100	0.969221
24	102	0.976321
24	104	0.96993
24	121	1.12383
24	171	1.06982
24	177	1.3643
24	178	1.31669
25	62	0.809117
25	103	0.981308
25	109	0.998375
25	125	0.963178
25	130	0.9654
25	136	0.967288
25	140	0.938252
25	145	0.97631
25	154	0.97641
25	164	1.15238
25	166	1.08835
25	172	1.44107
25	175	1.50793
26	41	0.936631
26	46	0.89868
26	69	0.966253
26	107	0.937849
26	113	0.921559
26	119	0.924598
26	125	0.935609
26	128	0.947153
26	129	0.922655
26	134	1.26584
26	151	1.34829
26	155	1.14402
26	162	1.23728
26	165	1.40908
27	8	0.94618
27	9	1.1234
27	11	0.659377
27	22	1.00813
27	36	1.04073
27	84	1.01248
27	87	1.11385
27	88	1.06744
27	131	1.08177
27	137	1.06072
27	147	0.872772
27	170	1.11057
27	175	1.43098
27	179	1.26727
28	6	1.06272
28	64	1.05693
28	72	1.09652
28	94	1.02939
28	97	0.89089
28	98	1.05666
28	115	1.04192
28	132	0.992952
28	144	1.0803
28	162	1.02412
28	164	1.09665
28	168	1.35826
28	174	1.19142
28	176	0.982143
29	57	0.98261
29	126	0.702835
29	139	0.723143
29	140	0.898567
29	154	0.708973
29	163	0.63467
29	170	1.10353
29	172	1.02682
29	174	1.07138
29	175	1.01147
29	177	1.06233
29	178	1.07804
29	179	1.04815
29	180	1.01509
30	19	0.930793
30	45	1.14604
30	64	0.94327
30	72	0.982855
30	94	0.915731
30	98	0.943002
30	99	0.931146
30	115	0.928259
30	144	0.966642
30	156	1.30906
30	165	1.34103
30	166	1.17773
30	173	1.43115
30	176	0.868482
31	40	0.938963
31	68	0.960194
31	69	0.955045
31	78	0.910802
31	107	0.926642
31	113	0.910351
31	116	1.09529
31	124	1.06918
31	128	0.935946
31	129	0.911448
31	154	0.937633
31	171	1.14059
31	175	1.65034
31	177	1.43507
32	74	1.0319
32	93	1.05413
32	101	1.06809
32	110	1.07494
32	112	1.04433
32	117	1.061
32	120	1.03522
32	152	0.853384
32	159	0.850264
32	165	1.13005
32	166	1.043
32	175	1.38634
32	178	1.12345
32	179	1.22262
33	114	0.778041
33	118	0.845178
33	126	0.836536
33	127	0.841332
33	139	0.864368
33	140	0.800555
33	143	0.828355
33	145	0.838613
33	159	0.86555
33	161	1.28672
33	163	0.902516
33	167	1.58506
33	179	1.63657
33	180	1.73588
34	7	0.964598
34	35	0.982896
34	42	1.06294
34	72	1.13709
34	94	1.06997
34	98	1.09724
34	115	1.0825
34	121	1.04767
34	138	0.9138
34	151	1.18634
34	157	1.01114
34	162	1.07533
34	173	1.33726
34	176	1.02272
35	19	0.930333
35	34	0.982896
35	64	0.94281
35	94	0.91527
35	97	1.08541
35	98	0.942542
35	99	0.930685
35	115	0.927799
35	144	0.966182
35	160	1.22393
35	162	1.21863
35	169	1.73564
35	171	1.13696
35	176	0.868021
36	9	1.03962
36	12	1.03245
36	27	1.04073
36	38	1.00663
36	52	0.939887
36	70	1.31276
36	76	0.914471
36	84	0.928701
36	87	1.03007
36	88	0.983666
36	111	1.11351
36	131	0.997989
36	132	1.23992
36	142	1.20143
36	147	1.14096
37	57	0.951769
37	69	1.02488
37	105	1.01189
37	113	0.980181
37	119	0.983221
37	128	1.00578
37	129	0.981278
37	141	1.02758
37	147	1.05734
37	154	1.00746
37	157	1.12328
37	161	1.10198
37	165	1.35927
37	171	1.10579
37	176	1.21901
38	8	0.912074
38	22	0.974027
38	36	1.00663
38	52	0.989558
38	80	0.963069
38	84	0.978373
38	87	1.07974
38	88	1.03334
38	131	1.04766
38	147	0.982565
38	150	1.03537
38	166	1.1212
38	167	1.32555
38	170	1.22036
38	174	1.27999
39	61	0.873584
39	72	0.76037
39	92	0.808699
39	95	0.931198
39	115	0.863053
39	141	0.813636
39	157	1.13958
39	169	0.937426
39	171	1.09191
39	172	0.960973
39	174	1.00553
39	175	0.945631
39	177	0.996489
39	179	0.982305
39	180	0.949247
40	31	0.938963
40	46	0.977234
40	50	0.963877
40	119	1.00315
40	125	1.01416
40	128	1.02571
40	129	1.00121
40	141	1.04752
40	144	1.03943
40	153	1.10506
40	154	1.02739
40	156	1.28785
40	161	1.06253
40	166	1.15652
40	174	1.31532
41	26	0.936631
41	68	1.03642
41	78	0.987024
41	105	1.01828
41	107	1.00286
41	119	0.989613
41	128	1.01217
41	129	0.98767
41	133	1.08859
41	144	1.11296
41	154	1.01386
41	155	1.12828
41	159	1.11355
41	161	1.13606
41	174	1.38884
42	7	0.889948
42	34	1.06294
42	64	1.02286
42	70	1.15246
42	94	0.995319
42	98	1.02259
42	99	1.01073
42	115	1.00785
42	137	1.1686
42	144	1.04623
42	151	1.22179
42	160	1.11608
42	171	1.02911
42	176	0.948069
42	178	1.27598
43	3	1.03407
43	5	1.02728
43	49	1.0752
43	58	0.934486
43	76	0.749947
43	79	0.975372
43	80	0.92398
43	85	0.922336
43	96	1.03057
43	135	1.16684
43	149	1.15511
43	163	1.0659
43	166	1.11507
43	168	1.4407
43	177	1.31937
44	63	0.780467
44	107	0.881784
44	120	0.815656
44	123	0.955049
44	130	0.7981
44	136	0.802241
44	169	0.938756
44	170	1.03901
44	171	1.09324
44	173	0.990103
44	174	1.00686
44	177	0.997819
44	178	1.01353
44	179	0.983635
44	180	0.950577
45	24	1.12831
45	30	1.14604
45	49	1.03383
45	67	1.07699
45	79	0.933999
45	89	1.13773
45	96	0.989192
45	139	1.02009
45	163	1.02452
45	168	0.814643
45	170	0.859832
45	171	0.914057
45	174	0.827682
45	178	0.834347
45	180	0.771394
46	26	0.89868
46	40	0.977234
46	57	0.92021
46	69	0.993317
46	107	0.964913
46	113	0.948623
46	119	0.951662
46	128	0.974217
46	129	0.949719
46	141	0.996026
46	148	1.13433
46	151	1.25115
46	153	1.09719
46	167	1.35299
46	168	1.47428
46	171	1.05847
47	56	0.909959
47	73	1.04241
47	118	0.97346
47	123	0.908102
47	130	0.955985
47	133	1.00242
47	136	0.957873
47	139	0.992651
47	140	0.928837
47	143	0.956637
47	145	0.966895
47	149	1.18392
47	158	1.14442
47	167	1.34823
47	173	1.3973
47	178	1.30057
48	1	0.921554
48	63	1.18043
48	86	1.08962
48	92	1.13583
48	103	1.16608
48	111	0.850628
48	121	1.15858
48	122	0.917588
48	132	0.97704
48	141	1.18131
48	152	0.90334
48	153	0.965253
48	154	1.16119
48	177	1.22102
48	179	1.27258
49	21	1.04132
49	43	1.0752
49	45	1.03383
49	58	1.03157
49	79	1.07245
49	80	1.02106
49	85	1.01942
49	96	1.12765
49	121	1.03389
49	133	0.928597
49	157	0.997362
49	159	0.953564
49	162	1.06155
49	163	1.16298
49	174	1.22885
49	179	1.32592
50	40	0.963877
50	68	0.985109
50	78	0.935716
50	105	0.966975
50	107	0.951556
50	113	0.935266
50	128	0.96086
50	129	0.936362
50	141	0.982669
50	144	1.0718
50	149	1.22893
50	152	1.07552
50	154	0.962548
50	165	1.35219
50	171	1.09871
50	172	1.54161
51	74	1.24111
51	110	1.07942
51	130	1.13565
51	143	1.13501
51	156	0.923058
51	161	0.997316
51	163	1.00878
51	168	0.858126
51	169	0.803056
51	171	0.957539
51	173	0.854403
51	175	0.811261
51	177	0.862119
51	178	0.877829
51	179	0.847936
51	180	0.814877
52	8	0.845335
52	9	1.02256
52	12	1.01538
52	36	0.939887
52	38	0.989558
52	80	0.896329
52	84	0.911634
52	87	1.01301
52	88	0.966598
52	131	0.980921
52	135	1.20548
52	147	1.01507
52	155	1.05194
52	173	1.40712
52	176	1.17674
52	180	1.50888
53	1	0.874242
53	18	1.10422
53	59	1.03909
53	86	1.04231
53	92	1.08852
53	103	1.11877
53	111	0.924241
53	125	1.10064
53	141	1.134
53	144	0.973234
53	146	0.927339
53	154	1.11387
53	155	0.988561
53	164	1.15435
53	165	1.25362
53	177	1.29463
54	77	1.07423
54	81	1.12966
54	85	1.04372
54	96	1.15194
54	100	1.11314
54	104	1.11385
54	106	1.15848
54	121	0.930782
54	138	0.796912
54	162	0.958443
54	163	1.18727
54	166	0.966949
54	169	1.47545
54	171	0.876769
54	178	1.12364
55	108	0.924299
55	126	0.954702
55	127	0.959498
55	136	0.947757
55	139	0.982535
55	140	0.918721
55	143	0.946521
55	145	0.956779
55	146	1.12065
55	148	1.26932
55	149	1.32367
55	152	1.17026
55	157	1.21094
55	159	0.983716
55	162	1.27513
55	163	1.02068
56	47	0.909959
56	91	0.967335
56	114	0.908357
56	126	0.966852
56	127	0.971647
56	139	0.994684
56	140	0.93087
56	143	0.958671
56	145	0.968929
56	152	1.0654
56	161	1.08479
56	163	1.03283
56	166	1.17878
56	168	1.50441
56	176	1.20181
56	178	1.33547
57	11	0.959215
57	29	0.98261
57	37	0.951769
57	46	0.92021
57	60	0.97686
57	68	0.992932
57	105	0.974798
57	107	0.959379
57	113	0.943089
57	119	0.946128
57	128	0.968683
57	129	0.944185
57	154	0.970371
57	161	1.21725
57	176	1.33428
57	179	1.56711
58	3	0.990435
58	5	0.983645
58	21	0.900605
58	43	0.934486
58	49	1.03157
58	75	0.93325
58	79	0.931739
58	85	0.878703
58	96	0.986932
58	135	1.17608
58	148	1.10999
58	163	1.02226
58	165	1.2876
58	171	1.03412
58	178	1.281
58	180	1.47948
59	18	0.941631
59	53	1.03909
59	63	0.970528
59	86	0.879717
59	103	0.95618
59	109	0.973247
59	121	0.948676
59	125	0.93805
59	141	0.971403
59	144	1.0686
59	151	1.28819
59	153	1.13423
59	154	0.951282
59	155	1.08392
59	164	1.24971
59	180	1.54086
60	57	0.97686
60	96	0.75276
60	107	0.839475
60	118	0.767059
60	120	0.773346
60	128	0.835822
60	133	1.20505
60	140	0.892817
60	160	1.11199
60	169	0.951382
60	172	0.974929
60	173	1.00273
60	174	1.01949
60	175	0.959587
60	178	1.02616
60	179	0.996262
60	180	0.963203
61	39	0.873584
61	97	0.977021
61	114	0.958844
61	118	1.02598
61	130	1.00851
61	132	1.07908
61	136	1.01039
61	139	1.04517
61	140	0.981358
61	143	1.00916
61	145	1.01942
61	156	1.25008
61	158	1.1193
61	159	1.04635
61	163	1.08332
61	164	1.18278
61	178	1.27545
62	25	0.809117
62	75	0.805151
62	89	0.890179
62	123	0.967886
62	136	0.815079
62	139	0.77254
62	154	0.75837
62	157	1.13522
62	158	1.11358
62	164	1.06636
62	170	1.03332
62	173	0.984411
62	174	1.00117
62	175	0.941269
62	178	1.00784
62	179	0.977944
62	180	0.944885
63	1	0.805679
63	18	1.03566
63	44	0.780467
63	48	1.18043
63	59	0.970528
63	86	0.973746
63	92	1.01996
63	103	1.05021
63	121	1.0427
63	141	1.06543
63	150	0.986712
63	154	1.04531
63	156	1.20387
63	157	0.999845
63	160	1.06933
63	165	1.23584
63	175	1.49212
64	28	1.05693
64	30	0.94327
64	35	0.94281
64	42	1.02286
64	72	1.09701
64	99	1.0453
64	111	0.98768
64	115	1.04241
64	123	0.98285
64	124	0.992179
64	132	1.11409
64	134	1.17382
64	144	1.08079
64	164	1.21779
64	167	1.35811
64	171	1.06358
64	176	0.982634
65	10	1.03415
65	70	1.08181
65	74	0.999299
65	89	1.02985
65	93	1.02153
65	101	1.03549
65	110	1.04234
65	112	1.01173
65	117	1.02839
65	120	1.00262
65	134	1.0687
65	147	0.910005
65	161	0.954647
65	166	1.0104
65	172	1.40135
65	173	1.30206
65	178	1.20533
66	13	1.03146
66	24	0.984684
66	71	0.98499
66	77	0.98196
66	81	1.03738
66	90	1.01121
66	100	1.02086
66	102	1.02797
66	104	1.02157
66	106	1.0662
66	111	0.969064
66	138	0.965112
66	147	0.996515
66	151	1.23765
66	152	1.02178
66	167	1.3395
66	173	1.38857
67	20	1.12557
67	45	1.07699
67	89	0.999204
67	93	0.990882
67	95	1.05042
67	110	1.0117
67	112	0.981084
67	117	0.997747
67	120	0.97197
67	121	1.07251
67	146	1.08903
67	147	0.970044
67	150	1.02285
67	159	0.992184
67	161	1.01469
67	166	0.979754
67	169	1.61718
68	31	0.960194
68	41	1.03642
68	50	0.985109
68	57	0.992932
68	69	1.06604
68	78	1.0218
68	109	0.930989
68	113	1.02134
68	119	1.02438
68	128	1.04694
68	129	1.02244
68	137	1.09003
68	158	1.04126
68	165	1.20402
68	170	1.13988
68	175	1.4603
68	176	1.06375
69	26	0.966253
69	31	0.955045
69	37	1.02488
69	46	0.993317
69	68	1.06604
69	105	1.0479
69	119	1.01923
69	122	1.01975
69	128	1.04179
69	129	1.01729
69	146	0.955886
69	154	1.04348
69	159	1.00238
69	161	1.02488
69	166	1.11887
69	177	1.32318
69	180	1.47405
70	36	1.31276
70	42	1.15246
70	65	1.08181
70	72	1.03871
70	88	1.01476
70	145	1.10495
70	148	1.0016
70	149	0.98336
70	157	1.01445
70	164	0.945591
70	168	0.867366
70	173	0.863643
70	174	0.880405
70	175	0.820501
70	177	0.871359
70	178	0.88707
70	179	0.857176
70	180	0.824117
71	2	0.993358
71	14	0.998194
71	15	0.983705
71	66	0.98499
71	77	0.930622
71	81	0.986045
71	90	0.959873
71	100	0.969527
71	102	0.976628
71	104	0.970236
71	106	1.01487
71	124	0.993464
71	133	1.01359
71	142	1.07689
71	161	1.06106
71	167	1.3594
71	172	1.50777
71	178	1.31174
72	6	1.10279
72	28	1.09652
72	30	0.982855
72	34	1.13709
72	39	0.76037
72	64	1.09701
72	70	1.03871
72	94	1.06947
72	99	1.08488
72	115	1.082
72	144	1.12038
72	149	1.04558
72	153	0.954082
72	162	0.997035
72	166	1.00554
72	170	1.1047
72	176	1.02222
72	179	1.26141
73	47	1.04241
73	114	1.04081
73	123	1.04259
73	127	1.1041
73	130	1.09047
73	134	1.02882
73	136	1.09236
73	139	1.12714
73	140	1.06333
73	143	1.09113
73	145	1.10138
73	149	1.0488
73	153	0.957299
73	158	1.0093
73	160	1.00555
73	161	0.914767
73	173	1.26218
73	179	1.26462
74	32	1.0319
74	51	1.24111
74	65	0.999299
74	93	0.956244
74	95	1.01579
74	101	0.970202
74	110	0.977058
74	112	0.946446
74	117	0.963109
74	120	0.937332
74	146	1.05439
74	156	1.32697
74	157	1.12294
74	159	1.07914
74	161	1.10164
74	162	1.18713
74	166	0.945116
74	171	1.10546
75	58	0.93325
75	62	0.805151
75	79	0.974135
75	85	0.921099
75	89	0.985382
75	93	0.97706
75	96	1.02933
75	110	0.997874
75	117	0.983925
75	120	0.958148
75	155	0.982622
75	163	1.06466
75	165	1.24768
75	166	0.965932
75	168	1.41002
75	170	1.18355
75	172	1.4371
75	176	1.10742
76	36	0.914471
76	43	0.749947
76	85	0.864958
76	87	0.711779
76	91	0.678621
76	95	0.811251
76	107	0.808738
76	145	0.706657
76	168	1.08137
76	171	1.18079
76	172	1.04985
76	173	1.07765
76	174	1.09441
76	175	1.03451
76	177	1.08537
76	178	1.10108
76	179	1.07118
76	180	1.03812
77	2	0.990328
77	14	0.995164
77	24	0.930316
77	54	1.07423
77	66	0.98196
77	71	0.930622
77	90	0.956842
77	100	0.966496
77	102	0.973597
77	104	0.967206
77	106	1.01184
77	135	1.16806
77	137	1.16559
77	162	1.10778
77	164	1.18031
77	171	1.0261
77	175	1.53586
77	176	1.13932
78	31	0.910802
78	41	0.987024
78	50	0.935716
78	68	1.0218
78	105	1.00366
78	107	0.988242
78	113	0.971952
78	119	0.974992
78	128	0.997547
78	129	0.973049
78	133	0.927001
78	146	0.905475
78	150	0.982632
78	154	0.999234
78	172	1.42118
78	175	1.48804
78	177	1.27277
78	179	1.32433
79	5	1.02453
79	21	0.941491
79	43	0.975372
79	45	0.933999
79	49	1.07245
79	58	0.931739
79	75	0.974135
79	80	0.921232
79	85	0.919588
79	96	1.02782
79	116	1.08023
79	133	1.07424
79	149	1.25574
79	159	1.09921
79	163	1.06315
79	164	1.27973
79	166	1.2157
79	170	1.31486
80	3	0.979929
80	12	0.988889
80	38	0.963069
80	43	0.92398
80	49	1.02106
80	52	0.896329
80	79	0.921232
80	84	0.885144
80	85	0.868196
80	87	0.986516
80	88	0.940109
80	137	1.10788
80	158	1.05911
80	163	1.01176
80	169	1.56707
80	170	1.15773
80	174	1.21736
80	178	1.21526
80	180	1.41375
81	14	1.05059
81	15	1.0361
81	24	0.985739
81	54	1.12966
81	66	1.03738
81	71	0.986045
81	90	1.01227
81	100	1.02192
81	102	1.02902
81	104	1.02263
81	106	1.06726
81	153	0.946232
81	156	1.12902
81	160	0.994486
81	161	0.9037
81	165	1.16099
81	173	1.25111
81	178	1.15438
81	180	1.35287
82	15	1.05688
82	19	1.31848
82	86	1.16379
82	91	1.09788
82	104	1.19406
82	134	0.964044
82	142	1.00167
82	145	1.12591
82	157	0.967782
82	162	0.941829
82	168	0.820695
82	171	0.920109
82	172	0.789172
82	174	0.833734
82	176	0.907661
82	177	0.824688
82	178	0.840398
82	179	0.810505
82	180	0.777446
83	22	0.979411
83	85	1.00586
83	86	0.885436
83	94	0.954349
83	100	0.913961
83	114	1.04631
83	121	1.05469
83	143	0.865323
83	150	1.08163
83	162	1.03235
83	170	0.956404
83	171	1.01063
83	172	0.879693
83	173	0.907493
83	175	0.864351
83	177	0.915209
83	178	0.930919
83	179	0.901026
83	180	0.867967
84	8	0.83415
84	9	1.01137
84	12	1.00419
84	22	0.896103
84	27	1.01248
84	36	0.928701
84	38	0.978373
84	52	0.911634
84	80	0.885144
84	87	1.00182
84	88	0.955413
84	109	1.03128
84	124	0.979426
84	131	0.969736
84	164	1.20504
84	169	1.64951
84	173	1.39443
84	174	1.2998
84	176	1.16405
85	3	0.978285
85	5	0.971494
85	21	0.888455
85	43	0.922336
85	49	1.01942
85	54	1.04372
85	58	0.878703
85	75	0.921099
85	76	0.864958
85	79	0.919588
85	80	0.868196
85	83	1.00586
85	96	0.974782
85	135	1.28185
85	150	1.14425
85	160	1.22687
85	163	1.01011
85	165	1.39337
85	179	1.48594
86	1	0.714868
86	18	0.944849
86	48	1.08962
86	53	1.04231
86	59	0.879717
86	63	0.973746
86	82	1.16379
86	83	0.885436
86	92	0.929147
86	103	0.959398
86	109	0.976465
86	125	0.941269
86	132	1.06998
86	141	0.974622
86	154	0.9545
86	160	1.10645
86	165	1.27295
86	168	1.43529
86	180	1.46483
87	8	0.935521
87	12	1.10556
87	22	0.997474
87	27	1.11385
87	36	1.03007
87	38	1.07974
87	52	1.01301
87	76	0.711779
87	80	0.986516
87	84	1.00182
87	88	1.05678
87	122	0.977774
87	131	1.07111
87	148	1.06259
87	155	0.975134
87	166	1.0769
87	168	1.40253
87	174	1.23569
87	177	1.2812
88	8	0.889114
88	9	1.06633
88	12	1.05916
88	22	0.951067
88	27	1.06744
88	36	0.983666
88	38	1.03334
88	52	0.966598
88	70	1.01476
88	80	0.940109
88	84	0.955413
88	87	1.05678
88	121	0.945422
88	131	1.0247
88	134	1.00165
88	162	0.973082
88	169	1.49009
88	172	1.3343
88	173	1.23501
88	178	1.13828
89	10	0.999412
89	17	1.01572
89	45	1.13773
89	62	0.890179
89	65	1.02985
89	67	0.999204
89	75	0.985382
89	95	1.04634
89	101	1.00075
89	110	1.00761
89	112	0.976997
89	117	0.99366
89	120	0.967884
89	124	1.00783
89	144	1.05232
89	153	1.11796
89	158	1.16996
89	166	0.975667
89	170	1.26857
89	174	1.32821
90	2	1.01958
90	13	1.00635
90	14	1.02441
90	24	0.959567
90	66	1.01121
90	71	0.959873
90	77	0.956842
90	81	1.01227
90	100	0.995747
90	102	1.00285
90	104	0.996457
90	106	1.04109
90	137	1.18821
90	149	1.17895
90	152	1.02553
90	156	1.27023
90	158	1.13944
90	165	1.3022
90	166	1.1389
90	171	1.04872
91	16	0.893725
91	56	0.967335
91	76	0.678621
91	82	1.09788
91	108	0.991792
91	114	0.9637
91	127	1.02699
91	130	1.01336
91	136	1.01525
91	139	1.05003
91	140	0.986213
91	143	1.01401
91	145	1.02427
91	151	1.14624
91	158	1.04428
91	159	1.05121
91	170	1.1429
91	172	1.39646
91	176	1.06678
91	180	1.39892
92	1	0.761079
92	18	0.99106
92	39	0.808699
92	48	1.13583
92	53	1.08852
92	63	1.01996
92	86	0.929147
92	103	1.00561
92	109	1.02268
92	121	0.998105
92	125	0.98748
92	132	1.0142
92	141	1.02083
92	148	1.03956
92	153	1.00241
92	154	1.00071
92	168	1.3795
92	173	1.30729
92	177	1.25818
92	179	1.30974
93	32	1.05413
93	65	1.02153
93	67	0.990882
93	74	0.956244
93	75	0.97706
93	95	1.03802
93	101	0.992432
93	109	0.965657
93	112	0.968676
93	117	0.985339
93	120	0.959562
93	134	1.09545
93	142	0.997225
93	146	1.07662
93	158	1.07593
93	166	0.967346
93	176	1.09842
93	177	1.27969
93	179	1.33125
93	180	1.43056
94	6	1.03567
94	28	1.02939
94	30	0.915731
94	34	1.06997
94	35	0.91527
94	42	0.995319
94	72	1.06947
94	83	0.954349
94	98	1.02961
94	99	1.01776
94	115	1.01487
94	116	1.04309
94	123	0.955311
94	137	1.22787
94	138	1.00853
94	151	1.28107
94	160	1.17536
94	171	1.08838
94	174	1.33736
94	176	0.955094
95	17	1.06694
95	39	0.931198
95	67	1.05042
95	74	1.01579
95	76	0.811251
95	89	1.04634
95	93	1.03802
95	101	1.05197
95	110	1.05883
95	112	1.02822
95	117	1.04488
95	120	1.0191
95	124	1.01478
95	137	1.22568
95	138	1.00633
95	146	1.13616
95	147	1.03774
95	148	1.16206
95	159	1.05988
95	166	1.02689
95	170	1.27553
96	3	1.08651
96	5	1.07972
96	21	0.996684
96	43	1.03057
96	45	0.989192
96	49	1.12765
96	54	1.15194
96	58	0.986932
96	60	0.75276
96	75	1.02933
96	79	1.02782
96	85	0.974782
96	121	1.05098
96	138	0.917105
96	146	0.924156
96	150	1.00131
96	157	1.01445
96	163	1.11834
96	174	1.24594
96	179	1.34301
96	180	1.44232
97	14	0.946801
97	28	0.89089
97	35	1.08541
97	61	0.977021
97	114	1.12879
97	125	0.925778
97	127	0.97293
97	152	1.11548
97	153	1.11476
97	163	0.821568
97	167	0.964127
97	169	0.892115
97	171	1.0466
97	172	0.915661
97	173	0.943461
97	174	0.960223
97	175	0.900319
97	177	0.951177
97	178	0.966887
97	179	0.936994
97	180	0.903935
98	7	0.924244
98	19	1.04468
98	28	1.05666
98	30	0.943002
98	34	1.09724
98	35	0.942542
98	42	1.02259
98	94	1.02961
98	99	1.04503
98	115	1.04214
98	123	0.982582
98	124	0.929693
98	132	1.0516
98	137	1.14059
98	144	1.08053
98	153	1.03982
98	155	0.989514
98	159	0.974785
98	164	1.15531
98	175	1.51086
98	176	0.982366
98	180	1.44645
99	6	1.05108
99	19	1.03282
99	30	0.931146
99	35	0.930685
99	42	1.01073
99	64	1.0453
99	72	1.08488
99	94	1.01776
99	98	1.04503
99	115	1.03029
99	123	0.970726
99	137	1.13164
99	144	1.06867
99	149	1.12237
99	155	0.980568
99	157	1.00964
99	162	1.07383
99	166	1.08233
99	170	1.18149
99	173	1.33575
99	176	0.970509
99	179	1.3382
100	2	1.02923
100	13	1.016
100	15	1.01958
100	24	0.969221
100	54	1.11314
100	66	1.02086
100	71	0.969527
100	77	0.966496
100	81	1.02192
100	83	0.913961
100	90	0.995747
100	102	1.0125
100	104	1.00611
100	106	1.05074
100	133	0.996716
100	135	1.18995
100	146	0.97519
100	152	1.0248
100	157	1.06548
100	166	1.13818
100	172	1.49089
100	178	1.29487
101	17	1.02136
101	32	1.06809
101	65	1.03549
101	74	0.970202
101	89	1.00075
101	93	0.992432
101	95	1.05197
101	110	1.01325
101	112	0.982634
101	117	0.999296
101	120	0.97352
101	138	0.879249
101	144	0.932195
101	146	1.09058
101	161	0.955294
101	162	1.04078
101	166	0.981304
101	167	1.25363
101	168	1.37492
101	173	1.30271
101	174	1.20808
101	179	1.30515
102	2	1.03633
102	13	1.0231
102	14	1.04117
102	15	1.02668
102	24	0.976321
102	66	1.02797
102	71	0.976628
102	77	0.973597
102	81	1.02902
102	90	1.00285
102	100	1.0125
102	104	1.01321
102	106	1.05784
102	111	0.938395
102	121	1.06831
102	131	1.03197
102	150	1.01865
102	156	1.23581
102	171	1.0143
102	173	1.3579
102	176	1.12751
102	180	1.45965
103	1	0.79133
103	18	1.02131
103	25	0.981308
103	48	1.16608
103	53	1.11877
103	59	0.95618
103	63	1.05021
103	86	0.959398
103	92	1.00561
103	121	1.02836
103	125	1.01773
103	131	0.920723
103	141	1.05108
103	154	1.03096
103	157	0.920537
103	158	0.993774
103	165	1.15653
103	166	0.993233
103	169	1.50173
103	172	1.34595
103	175	1.41281
103	176	1.01627
104	2	1.02994
104	13	1.01671
104	15	1.02029
104	24	0.96993
104	54	1.11385
104	66	1.02157
104	71	0.970236
104	77	0.967206
104	81	1.02263
104	82	1.19406
104	90	0.996457
104	100	1.00611
104	102	1.01321
104	106	1.05145
104	124	0.978336
104	146	0.976935
104	147	1.00129
104	155	1.03816
104	158	1.14046
104	159	1.02343
104	170	1.23908
104	172	1.49264
105	23	1.19316
105	37	1.01189
105	41	1.01828
105	50	0.966975
105	57	0.974798
105	69	1.0479
105	78	1.00366
105	109	1.04581
105	113	1.00321
105	119	1.00625
105	125	1.01726
105	128	1.02881
105	129	1.00431
105	141	1.05061
105	146	0.992557
105	147	1.01691
105	148	1.14123
105	154	1.03049
105	157	1.08285
105	171	1.06536
105	176	1.17858
105	177	1.35985
106	2	1.07457
106	13	1.06134
106	14	1.07941
106	15	1.06492
106	54	1.15848
106	66	1.0662
106	71	1.01487
106	77	1.01184
106	81	1.06726
106	90	1.04109
106	100	1.05074
106	102	1.05784
106	104	1.05145
106	124	0.877977
106	132	0.999889
106	134	1.05962
106	135	1.09134
106	142	0.9614
106	144	0.922471
106	149	1.0796
106	167	1.24391
106	168	1.3652
106	174	1.19836
107	26	0.937849
107	31	0.926642
107	41	1.00286
107	44	0.881784
107	46	0.964913
107	50	0.951556
107	57	0.959379
107	60	0.839475
107	76	0.808738
107	78	0.988242
107	113	0.987792
107	119	0.990831
107	125	1.00184
107	128	1.01339
107	129	0.988888
107	135	1.22563
107	138	1.00382
107	141	1.03519
107	151	1.27636
107	154	1.01507
107	155	1.07209
107	167	1.37821
107	169	1.68236
108	55	0.924299
108	91	0.991792
108	114	0.932814
108	118	0.999951
108	121	1.08375
108	126	0.991309
108	130	0.982475
108	131	1.0474
108	135	0.94882
108	136	0.984364
108	139	1.01914
108	140	0.955327
108	143	0.983128
108	145	0.993386
108	157	1.04722
108	159	1.02032
108	163	1.05729
108	164	1.18394
108	166	1.11991
108	168	1.44555
108	170	1.21907
108	173	1.37334
108	176	1.14295
109	9	1.06694
109	10	1.08656
109	25	0.998375
109	59	0.973247
109	68	0.930989
109	84	1.03128
109	86	0.976465
109	92	1.02268
109	93	0.965657
109	105	1.04581
109	110	0.924209
109	112	1.02125
109	125	1.0348
109	128	1.06047
109	141	1.06815
109	154	1.04803
109	167	0.918896
109	170	0.947142
109	171	1.00137
109	173	0.898231
109	175	0.855089
109	177	0.905947
109	179	0.891763
109	180	0.858705
110	20	1.13398
110	32	1.07494
110	51	1.07942
110	65	1.04234
110	67	1.0117
110	74	0.977058
110	75	0.997874
110	89	1.00761
110	95	1.05883
110	101	1.01325
110	109	0.924209
110	112	0.989489
110	117	1.00615
110	120	0.980376
110	122	0.934815
110	133	0.89248
110	146	1.09743
110	156	1.16527
110	160	1.03073
110	162	1.02543
110	166	0.988159
110	172	1.38666
110	176	1.05697
110	180	1.38911
111	2	0.99532
111	9	1.01058
111	36	1.11351
111	48	0.850628
111	53	0.924241
111	64	0.98768
111	66	0.969064
111	102	0.938395
111	129	0.981721
111	145	0.905692
111	160	1.08594
111	161	1.11959
111	165	1.02378
111	167	0.997339
111	169	0.925327
111	170	1.02558
111	171	1.07981
111	172	0.948874
111	173	0.976673
111	174	0.993435
111	175	0.933531
111	177	0.984389
111	178	1.0001
111	179	0.970206
111	180	0.937148
112	17	0.997599
112	20	1.10337
112	32	1.04433
112	65	1.01173
112	67	0.981084
112	74	0.946446
112	89	0.976997
112	93	0.968676
112	95	1.02822
112	101	0.982634
112	109	1.02125
112	110	0.989489
112	116	0.99551
112	117	0.97554
112	120	0.949764
112	142	1.05282
112	144	1.01389
112	146	1.06682
112	152	1.01761
112	156	1.26231
112	160	1.12778
112	162	1.12248
112	166	0.957547
112	167	1.33533
112	172	1.4837
113	26	0.921559
113	31	0.910351
113	37	0.980181
113	46	0.948623
113	50	0.935266
113	57	0.943089
113	68	1.02134
113	78	0.971952
113	105	1.00321
113	107	0.987792
113	119	0.974541
113	125	0.985552
113	128	0.997096
113	129	0.972598
113	131	1.10064
113	133	1.03169
113	137	1.22246
113	141	1.0189
113	150	1.08732
113	154	0.998783
113	159	1.05665
113	171	1.08297
113	172	1.52586
113	174	1.33194
113	176	1.19618
113	177	1.37745
114	11	0.918497
114	33	0.778041
114	56	0.908357
114	61	0.958844
114	73	1.04081
114	83	1.04631
114	91	0.9637
114	97	1.12879
114	108	0.932814
114	118	0.971859
114	126	0.963217
114	127	0.968013
114	130	0.954383
114	135	0.920728
114	136	0.956272
114	140	0.927236
114	143	0.955036
114	145	0.965294
114	148	1.25621
114	152	1.15715
114	159	0.992231
114	160	1.26732
114	161	1.17653
114	163	1.0292
114	166	1.27052
114	171	1.18034
114	173	1.52395
115	6	1.0482
115	7	0.909501
115	19	1.02993
115	28	1.04192
115	30	0.928259
115	34	1.0825
115	35	0.927799
115	39	0.863053
115	42	1.00785
115	64	1.04241
115	72	1.082
115	94	1.01487
115	98	1.04214
115	99	1.03029
115	116	0.972753
115	123	0.967839
115	132	1.06855
115	138	0.938188
115	144	1.06578
115	146	0.945238
115	164	1.17225
115	171	1.01804
115	172	1.46094
115	174	1.26702
115	176	0.967623
115	177	1.31253
115	179	1.36409
116	19	1.12888
116	31	1.09529
116	79	1.08023
116	94	1.04309
116	112	0.99551
116	115	0.972753
116	118	0.96597
116	128	1.03473
116	131	1.04321
116	138	1.13101
116	145	0.936305
116	152	1.05895
116	153	1.05824
116	154	0.902134
116	161	1.02985
116	162	1.01179
116	164	0.968883
116	169	0.835589
116	170	0.935847
116	171	0.990072
116	172	0.859136
116	173	0.886936
116	174	0.903698
116	175	0.843794
116	178	0.910362
116	179	0.880469
116	180	0.84741
117	10	0.997955
117	20	1.12003
117	32	1.061
117	65	1.02839
117	67	0.997747
117	74	0.963109
117	75	0.983925
117	89	0.99366
117	93	0.985339
117	95	1.04488
117	101	0.999296
117	110	1.00615
117	112	0.97554
117	120	0.966427
117	142	1.01751
117	144	0.978578
117	146	1.08349
117	148	1.08136
117	150	1.00984
117	152	0.982296
117	158	1.09621
117	159	0.979176
117	166	0.97421
117	168	1.4213
117	177	1.29997
117	178	1.25236
117	180	1.45084
118	33	0.845178
118	47	0.97346
118	60	0.767059
118	61	1.02598
118	108	0.999951
118	114	0.971859
118	116	0.96597
118	126	1.03035
118	127	1.03515
118	130	1.02152
118	134	1.1215
118	135	0.987865
118	136	1.02341
118	138	0.931405
118	139	1.05819
118	140	0.994372
118	143	1.02217
118	144	0.984351
118	145	1.03243
118	148	1.08713
118	150	1.01561
118	151	1.20394
118	159	1.05937
118	163	1.09633
118	169	1.60994
118	177	1.30575
118	178	1.25813
119	26	0.924598
119	37	0.983221
119	40	1.00315
119	41	0.989613
119	46	0.951662
119	57	0.946128
119	68	1.02438
119	69	1.01923
119	78	0.974992
119	105	1.00625
119	107	0.990831
119	113	0.974541
119	121	1.08273
119	125	0.988591
119	128	1.00014
119	129	0.975638
119	131	1.04639
119	141	1.02194
119	142	1.04074
119	147	0.980266
119	152	1.00553
119	153	1.06744
119	154	1.00182
119	157	1.0462
119	169	1.6274
119	174	1.27769
119	177	1.32321
119	180	1.47407
120	10	0.972179
120	17	0.988485
120	20	1.09425
120	32	1.03522
120	44	0.815656
120	60	0.773346
120	65	1.00262
120	67	0.97197
120	74	0.937332
120	75	0.958148
120	89	0.967884
120	93	0.959562
120	95	1.0191
120	101	0.97352
120	110	0.980376
120	112	0.949764
120	117	0.966427
120	134	1.12779
120	146	1.05771
120	148	1.09342
120	157	1.03503
120	159	0.991236
120	161	1.01374
120	166	0.948434
120	169	1.61623
120	172	1.46045
120	178	1.26442
120	180	1.4629
121	10	1.16013
121	24	1.12383
121	34	1.04767
121	48	1.15858
121	49	1.03389
121	54	0.930782
121	59	0.948676
121	63	1.0427
121	67	1.07251
121	83	1.05469
121	88	0.945422
121	92	0.998105
121	96	1.05098
121	102	1.06831
121	103	1.02836
121	108	1.08375
121	119	1.08273
121	125	1.01023
121	141	1.04358
121	147	1.08526
121	154	1.02346
121	170	0.922571
121	172	0.84586
121	173	0.873659
121	174	0.890421
121	177	0.881375
121	178	0.897086
121	179	0.867192
121	180	0.834134
122	16	1.22139
122	20	0.882687
122	48	0.917588
122	69	1.01975
122	87	0.977774
122	110	0.934815
122	125	0.968388
122	136	0.995189
122	139	0.952651
122	145	0.972652
122	147	1.12627
122	149	1.03438
122	151	0.989509
122	154	0.938481
122	157	1.06548
122	158	1.04384
122	161	1.05758
122	165	0.961772
122	167	0.935333
122	169	0.863321
122	170	0.963579
122	171	1.0178
122	172	0.886868
122	173	0.914668
122	174	0.93143
122	175	0.871526
122	177	0.922384
122	178	0.938094
122	180	0.875142
123	7	0.84994
123	19	0.970373
123	44	0.955049
123	47	0.908102
123	62	0.967886
123	64	0.98285
123	73	1.04259
123	94	0.955311
123	98	0.982582
123	99	0.970726
123	115	0.967839
123	124	1.08554
123	126	0.964995
123	127	0.969791
123	131	1.17461
123	136	0.95805
123	138	1.07708
123	139	0.992827
123	143	0.956814
123	144	1.00622
123	145	0.967072
123	146	1.08414
123	156	1.37845
123	160	1.24392
123	162	1.23862
123	163	1.03098
123	170	1.34628
123	173	1.50054
123	176	0.908062
124	5	1.03689
124	10	1.03471
124	31	1.06918
124	64	0.992179
124	71	0.993464
124	84	0.979426
124	89	1.00783
124	95	1.01478
124	98	0.929693
124	104	0.978336
124	106	0.877977
124	123	1.08554
124	152	1.12824
124	156	1.02489
124	157	1.10704
124	158	1.0854
124	160	1.06549
124	165	1.00333
124	167	0.976897
124	168	0.959954
124	170	1.00514
124	171	1.05937
124	172	0.928431
124	173	0.956231
124	174	0.972993
124	175	0.913089
124	177	0.963947
124	178	0.979657
124	179	0.949764
124	180	0.916705
125	25	0.963178
125	26	0.935609
125	40	1.01416
125	53	1.10064
125	59	0.93805
125	86	0.941269
125	92	0.98748
125	97	0.925778
125	103	1.01773
125	105	1.01726
125	107	1.00184
125	109	1.0348
125	113	0.985552
125	119	0.988591
125	121	1.01023
125	122	0.968388
125	128	1.01115
125	129	0.986648
125	141	1.03295
125	153	1.01605
125	154	1.01283
125	159	0.95102
125	160	1.06431
125	167	1.27186
125	168	1.39315
125	170	1.16667
125	173	1.32093
125	174	1.22631
125	176	1.09055
125	178	1.22421
126	4	1.02127
126	29	0.702835
126	33	0.836536
126	55	0.954702
126	56	0.966852
126	108	0.991309
126	114	0.963217
126	118	1.03035
126	123	0.964995
126	127	1.02651
126	130	1.01288
126	135	0.979223
126	136	1.01477
126	138	0.861431
126	139	1.04954
126	140	0.98573
126	143	1.01353
126	145	1.02379
126	146	0.868481
126	149	1.07151
126	159	1.05073
126	163	1.08769
126	166	1.03147
126	168	1.3571
126	169	1.53997
126	170	1.13063
126	172	1.38418
126	174	1.19026
126	175	1.45105
126	178	1.18816
127	16	0.898038
127	23	1.15229
127	33	0.841332
127	55	0.959498
127	56	0.971647
127	73	1.1041
127	91	1.02699
127	97	0.97293
127	114	0.968013
127	118	1.03515
127	123	0.969791
127	126	1.02651
127	130	1.01767
127	131	1.04215
127	135	0.984019
127	136	1.01956
127	139	1.05434
127	140	0.990526
127	143	1.01833
127	145	1.02858
127	150	1.02884
127	152	1.00129
127	155	1.0129
127	158	1.11521
127	159	1.05552
127	160	1.11146
127	161	1.02067
127	167	1.31901
127	179	1.37053
127	180	1.46984
128	26	0.947153
128	31	0.935946
128	37	1.00578
128	40	1.02571
128	41	1.01217
128	46	0.974217
128	50	0.96086
128	57	0.968683
128	60	0.835822
128	68	1.04694
128	69	1.04179
128	78	0.997547
128	105	1.02881
128	107	1.01339
128	109	1.06047
128	113	0.997096
128	116	1.03473
128	119	1.00014
128	125	1.01115
128	129	0.998193
128	135	1.22198
128	144	1.05311
128	148	1.15589
128	150	1.08438
128	154	1.02438
128	156	1.30153
128	159	1.05371
128	164	1.23423
128	171	1.08002
128	174	1.329
129	26	0.922655
129	31	0.911448
129	37	0.981278
129	40	1.00121
129	41	0.98767
129	46	0.949719
129	50	0.936362
129	57	0.944185
129	68	1.02244
129	69	1.01729
129	78	0.973049
129	105	1.00431
129	107	0.988888
129	111	0.981721
129	113	0.972598
129	119	0.975638
129	125	0.986648
129	128	0.998193
129	132	1.10813
129	133	1.00635
129	135	1.19958
129	141	1.02
129	146	0.984819
129	148	1.13349
129	154	0.99988
129	159	1.03131
129	162	1.1393
129	173	1.40123
129	174	1.3066
129	175	1.56738
129	178	1.3045
130	4	1.01244
130	25	0.9654
130	44	0.7981
130	47	0.955985
130	51	1.13565
130	61	1.00851
130	73	1.09047
130	91	1.01336
130	108	0.982475
130	114	0.954383
130	118	1.02152
130	126	1.01288
130	127	1.01767
130	131	1.01766
130	135	0.970389
130	136	1.00593
130	139	1.04071
130	140	0.976897
130	142	1.01201
130	143	1.0047
130	145	1.01495
130	147	0.951539
130	150	1.00434
130	159	1.04189
130	162	1.08167
130	163	1.07886
130	164	1.1542
130	171	0.999992
130	174	1.24897
130	175	1.50975
130	177	1.29448
130	179	1.34604
131	8	0.903438
131	18	1.15498
131	21	1.06283
131	22	0.965391
131	27	1.08177
131	36	0.997989
131	38	1.04766
131	52	0.980921
131	84	0.969736
131	87	1.07111
131	88	1.0247
131	102	1.03197
131	103	0.920723
131	108	1.0474
131	113	1.10064
131	116	1.04321
131	119	1.04639
131	123	1.17461
131	127	1.04215
131	130	1.01766
131	141	0.986297
131	142	1.06745
131	151	0.957587
131	163	0.890793
131	164	0.964693
131	173	0.882746
131	174	0.899508
131	175	0.839604
131	177	0.890462
131	178	0.906172
131	179	0.876278
131	180	0.84322
132	28	0.992952
132	36	1.23992
132	48	0.97704
132	61	1.07908
132	64	1.11409
132	86	1.06998
132	92	1.0142
132	98	1.0516
132	106	0.999889
132	115	1.06855
132	129	1.10813
132	151	0.974673
132	152	1.07185
132	153	1.07113
132	157	1.05064
132	158	1.029
132	161	1.04274
132	162	1.02469
132	163	0.92363
132	164	0.981779
132	165	0.946936
132	167	0.920497
132	168	0.903555
132	169	0.848485
132	171	1.00297
132	172	0.872032
132	174	0.916594
132	175	0.85669
132	176	0.990521
132	178	0.923258
132	179	0.893364
132	180	0.860306
133	18	1.08603
133	41	1.08859
133	47	1.00242
133	49	0.928597
133	60	1.20505
133	71	1.01359
133	78	0.927001
133	79	1.07424
133	100	0.996716
133	110	0.89248
133	113	1.03169
133	129	1.00635
133	134	1.07586
133	139	0.910316
133	141	0.917347
133	155	1.10318
133	157	1.0796
133	160	1.03805
133	161	1.0717
133	162	1.05364
133	164	1.01074
133	167	0.949454
133	168	0.932511
133	169	0.877441
133	171	1.03192
133	172	0.900988
133	173	0.928788
133	174	0.94555
133	175	0.885646
133	177	0.936504
133	178	0.952214
133	179	0.92232
133	180	0.889262
134	2	1.18146
134	26	1.26584
134	64	1.17382
134	65	1.0687
134	73	1.02882
134	82	0.964044
134	88	1.00165
134	93	1.09545
134	106	1.05962
134	118	1.1215
134	120	1.12779
134	133	1.07586
134	137	0.993844
134	139	1.07184
134	141	1.07887
134	153	1.04484
134	155	1.04793
134	156	0.942194
134	158	1.00271
134	162	0.998395
134	165	0.920643
134	167	0.894205
134	168	0.877262
134	169	0.822192
134	170	0.92245
134	171	0.976675
134	172	0.845739
134	173	0.873539
134	174	0.890301
134	175	0.830397
134	177	0.881255
134	178	0.896965
134	179	0.867071
134	180	0.834013
135	43	1.16684
135	52	1.20548
135	58	1.17608
135	77	1.16806
135	85	1.28185
135	100	1.18995
135	106	1.09134
135	107	1.22563
135	108	0.94882
135	114	0.920728
135	118	0.987865
135	126	0.979223
135	127	0.984019
135	128	1.22198
135	129	1.19958
135	130	0.970389
135	136	0.972278
135	140	0.943242
135	141	1.11058
135	143	0.971042
135	145	0.9813
135	149	0.951318
135	164	0.913548
135	165	0.878705
135	169	0.780254
135	170	0.880512
135	172	0.803801
135	173	0.831601
135	175	0.788459
135	177	0.839317
135	178	0.855027
135	179	0.825133
135	180	0.792075
136	16	0.886297
136	23	1.13194
136	25	0.967288
136	44	0.802241
136	47	0.957873
136	55	0.947757
136	61	1.01039
136	62	0.815079
136	73	1.09236
136	91	1.01525
136	108	0.984364
136	114	0.956272
136	118	1.02341
136	122	0.995189
136	123	0.95805
136	126	1.01477
136	127	1.01956
136	130	1.00593
136	135	0.972278
136	139	1.0426
136	140	0.978785
136	143	1.00659
136	145	1.01684
136	147	0.955681
136	153	1.04285
136	157	1.02162
136	158	1.09486
136	159	1.04378
136	163	1.08075
136	164	1.15834
136	165	1.25761
136	166	1.09431
136	169	1.60281
136	170	1.19347
136	172	1.44703
137	27	1.06072
137	42	1.1686
137	68	1.09003
137	77	1.16559
137	80	1.10788
137	90	1.18821
137	94	1.22787
137	95	1.22568
137	98	1.14059
137	99	1.13164
137	113	1.22246
137	134	0.993844
137	141	1.10812
137	147	1.05837
137	151	0.921614
137	152	1.01879
137	155	1.02117
137	156	0.915428
137	160	0.956034
137	161	0.989686
137	162	0.971629
137	164	0.92872
137	166	0.961648
137	167	0.867438
