1	3	1.16617
1	44	0.927234
1	61	1.0845
1	70	1.15702
1	81	1.11332
1	87	1.11316
1	126	0.670582
1	148	1.1257
1	163	1.04727
1	171	1.11734
1	176	0.995017
2	4	1.11763
2	5	1.02397
2	7	1.12222
2	21	1.01764
2	25	1.10644
2	29	1.09298
2	30	1.09265
2	33	1.09231
2	125	0.88929
2	143	0.659842
2	150	0.940583
2	179	1.34191
3	1	1.16617
3	32	1.09776
3	44	0.887758
3	48	1.07372
3	61	1.04502
3	70	1.11754
3	81	1.07385
3	87	1.07369
3	136	0.938352
3	167	0.910125
3	171	1.07786
3	176	1.0553
4	2	1.11763
4	7	1.1179
4	21	1.01333
4	25	1.10212
4	29	1.08867
4	30	1.08833
4	33	1.088
4	126	0.812568
4	129	1.05164
4	150	0.936268
4	167	0.991824
4	180	1.08729
5	2	1.02397
5	7	1.02424
5	21	0.91967
5	25	1.00846
5	29	0.995009
5	30	0.994673
5	33	0.99434
5	38	0.84255
5	63	1.59937
5	123	1.13248
5	129	0.957981
5	150	0.842609
6	67	1.05395
6	71	1.04447
6	84	1.02581
6	142	1.04641
6	149	1.07416
6	155	1.09237
6	158	1.08802
6	159	1.10096
6	161	1.07242
6	172	0.823478
6	173	0.771613
6	174	1.30222
7	2	1.12222
7	4	1.1179
7	5	1.02424
7	21	1.01792
7	25	1.10671
7	29	1.09326
7	30	1.09292
7	33	1.09259
7	65	1.535
7	137	0.603688
7	140	0.828186
7	150	0.940857
8	45	0.990304
8	54	0.963526
8	89	0.972495
8	102	0.950112
8	105	0.92622
8	106	0.992167
8	108	0.924346
8	114	0.946141
8	124	0.968826
8	136	0.567028
8	150	2.22277
8	171	0.976504
9	22	1.23482
9	27	1.02678
9	31	1.13627
9	37	1.23336
9	49	1.10778
9	50	1.10753
9	136	0.802209
9	147	0.795016
9	154	1.15986
9	176	0.91916
10	32	1.109
10	44	0.899004
10	48	1.08496
10	61	1.05627
10	70	1.12879
10	81	1.08509
10	87	1.08493
10	133	1.07494
10	147	0.946715
10	171	1.08911
10	173	0.892386
10	177	1.0814
11	56	1.04291
11	103	1.03471
11	118	1.06034
11	119	1.0455
11	132	1.06925
11	138	1.09579
11	139	0.858346
11	145	1.06848
11	153	0.94434
11	154	1.10776
11	156	1.08246
11	179	1.10309
12	113	0.651358
12	131	0.727015
12	166	1.10435
12	167	1.09709
12	171	0.527448
12	174	1.03239
12	175	1.04956
12	176	1.07924
12	177	1.06842
12	178	1.05593
12	179	1.05132
12	180	1.07134
13	19	1.12384
13	52	1.0549
13	59	1.04841
13	64	1.04225
13	77	1.02589
13	82	1.08331
13	95	1.04936
13	99	0.626922
13	101	1.10064
13	107	1.08372
13	127	1.24575
13	179	1.04927
14	43	1.45924
14	67	0.934695
14	91	0.958337
14	93	0.951998
14	110	0.973156
14	115	0.95475
14	146	0.967115
14	149	0.954908
14	151	1.314
14	155	0.973119
14	159	0.981705
14	161	0.953167
15	47	0.891815
15	94	0.966257
15	110	0.975811
15	112	0.969137
15	116	0.966644
15	129	1.42152
15	141	0.983621
15	144	0.969197
15	148	1.29361
15	149	0.957563
15	158	0.971426
15	161	0.955822
16	142	1.23833
16	162	0.988859
16	167	0.986979
16	171	0.867393
16	173	0.996743
16	174	0.922282
16	175	0.939448
16	176	0.969129
16	177	0.958316
16	178	0.945819
16	179	0.941209
16	180	0.961229
17	59	1.04698
17	101	1.09922
17	107	1.0823
17	108	1.02619
17	114	1.04798
17	124	1.07067
17	138	1.09484
17	145	1.06753
17	156	1.08151
17	176	0.970561
17	178	0.986444
17	180	0.920847
18	42	1.06626
18	56	1.03924
18	75	0.951675
18	104	0.86958
18	109	1.08139
18	119	1.04182
18	121	1.09718
18	131	1.07292
18	132	1.06557
18	139	1.0502
18	145	1.0648
18	156	1.07878
19	13	1.12384
19	36	0.719331
19	52	1.04823
19	64	1.03558
19	77	1.01922
19	82	1.07664
19	95	1.04269
19	101	1.09397
19	107	1.07705
19	134	1.0992
19	169	1.11066
19	177	1.08114
20	76	0.881584
20	82	0.563351
20	122	0.531445
20	123	1.07964
20	164	1.0853
20	172	1.08636
20	173	1.09998
20	174	1.02552
20	176	1.07237
20	178	1.04906
20	179	1.04445
20	180	1.06447
21	2	1.01764
21	4	1.01333
21	5	0.91967
21	7	1.01792
21	25	1.00214
21	29	0.988684
21	30	0.988348
21	33	0.988015
21	38	0.836225
21	80	1.13011
21	150	0.836284
21	152	1.55399
22	9	1.23482
22	27	1.02786
22	31	1.13735
22	37	1.23444
22	49	1.10885
22	50	1.10861
22	123	0.907446
22	135	0.669458
22	151	0.946648
22	154	1.16093
23	28	1.08644
23	51	1.05786
23	97	0.883146
23	123	1.17353
23	141	1.08426
23	142	1.03045
23	149	1.0582
23	152	0.825234
23	155	1.07641
23	158	1.07206
23	159	1.08499
23	161	1.05646
24	92	1.00989
24	119	1.00497
24	152	0.993625
24	164	0.975003
24	168	0.954006
24	171	1.08697
24	175	0.932397
24	176	0.962077
24	177	0.951265
24	178	0.938767
24	179	0.934157
24	180	0.954177
25	2	1.10644
25	4	1.10212
25	5	1.00846
25	7	1.10671
25	21	1.00214
25	29	1.07748
25	30	1.07714
25	33	1.07681
25	38	0.925018
25	135	1.04862
25	150	0.925077
25	152	0.938312
25	164	1.08763
26	58	1.03249
26	93	1.03306
26	115	1.03581
26	116	1.04505
26	120	1.48845
26	134	0.582099
26	142	1.00822
26	144	1.0476
26	155	1.05418
26	158	1.04983
26	159	1.06277
26	161	1.03423
26	178	1.00032
27	9	1.02678
27	22	1.02786
27	31	0.929311
27	34	0.983026
27	37	1.0264
27	39	0.859479
27	43	0.85938
27	49	0.900813
27	50	0.900571
27	60	0.921475
27	151	1.49401
27	154	0.952893
27	177	1.47232
28	23	1.08644
28	93	1.02523
28	112	1.03971
28	141	1.0542
28	142	1.00039
28	144	1.03977
28	148	0.874258
28	149	1.02814
28	155	1.04635
28	159	1.05494
28	161	1.0264
28	167	1.0562
28	180	1.15167
29	2	1.09298
29	4	1.08867
29	5	0.995009
29	7	1.09326
29	21	0.988684
29	25	1.07748
29	30	1.06369
29	33	1.06335
29	96	1.25718
29	111	0.939166
29	129	1.027
29	148	0.887996
29	150	0.911624
30	2	1.09265
30	4	1.08833
30	5	0.994673
30	7	1.09292
30	21	0.988348
30	25	1.07714
30	29	1.06369
30	33	1.06302
30	111	1.03283
30	128	0.71194
30	129	1.02666
30	150	0.911287
30	178	1.32466
31	9	1.13627
31	22	1.13735
31	27	0.929311
31	37	1.13589
31	39	0.968972
31	43	0.968873
31	49	1.01031
31	50	1.01006
31	60	1.03097
31	104	1.09881
31	128	0.67312
31	154	1.06239
31	163	1.32221
32	3	1.09776
32	10	1.109
32	44	0.858823
32	48	1.04478
32	61	1.01608
32	70	1.08861
32	72	0.719215
32	81	1.04491
32	87	1.04475
32	148	1.05729
32	164	1.14223
32	171	1.04893
32	172	1.22156
33	2	1.09231
33	4	1.088
33	5	0.99434
33	7	1.09259
33	21	0.988015
33	25	1.07681
33	29	1.06335
33	30	1.06302
33	111	0.817053
33	129	1.02633
33	150	0.910954
33	153	1.18847
33	177	1.10355
34	27	0.983026
34	49	1.06402
34	50	1.06378
34	56	0.746829
34	98	1.06019
34	108	1.03548
34	124	1.07996
34	142	0.831317
34	149	0.583417
34	177	1.0395
34	178	1.027
34	179	1.02239
34	180	1.04241
35	36	0.693162
35	54	1.04817
35	89	1.05714
35	98	1.03371
35	102	1.03475
35	105	1.01086
35	106	1.07681
35	108	1.00899
35	114	1.03078
35	124	1.05347
35	171	1.06115
35	174	1.39656
35	180	0.994711
36	19	0.719331
36	35	0.693162
36	157	1.07417
36	158	1.03097
36	160	1.05399
36	164	1.03872
36	167	1.04364
36	170	1.05809
36	172	1.03978
36	173	1.05341
36	176	1.02579
36	179	0.997873
36	180	1.01789
37	9	1.23336
37	22	1.23444
37	27	1.0264
37	31	1.13589
37	49	1.10739
37	50	1.10715
37	130	0.609025
37	154	1.15947
37	179	1.08622
37	180	0.782283
38	5	0.84255
38	21	0.836225
38	25	0.925018
38	102	0.867678
38	108	0.841912
38	124	0.886392
38	129	0.874536
38	139	0.857774
38	148	0.902431
38	161	2.63543
38	168	0.848672
38	175	0.827063
38	177	0.845931
38	180	0.848844
39	27	0.859479
39	31	0.968972
39	49	0.940474
39	50	0.940232
39	81	0.960069
39	87	0.959911
39	88	1.18953
39	140	0.911837
39	142	1.33237
39	170	0.959057
39	171	0.964088
39	176	0.926762
39	178	0.903452
39	180	0.918862
40	51	1.01521
40	57	0.984186
40	69	0.992076
40	91	1.01897
40	112	1.02711
40	115	1.01538
40	141	1.0416
40	142	0.987794
40	146	1.02775
40	152	0.946698
40	158	1.0294
40	159	1.04234
40	161	1.0138
40	169	1.34203
41	54	0.741884
41	115	0.898438
41	145	0.685338
41	163	1.0312
41	167	1.04322
41	168	1.0173
41	169	1.02355
41	170	1.05766
41	174	0.978523
41	176	1.02537
41	177	1.01456
41	178	1.00206
41	179	0.997449
41	180	1.01747
42	18	1.06626
42	100	1.34918
42	103	0.97509
42	118	1.00071
42	119	0.985874
42	121	1.04124
42	129	1.01787
42	132	1.00963
42	138	1.03617
42	145	1.00886
42	148	0.889954
42	154	1.04814
42	156	1.02283
42	171	1.01967
43	14	1.45924
43	27	0.85938
43	31	0.968873
43	49	0.940375
43	50	0.940133
43	88	0.962392
43	131	0.96129
43	139	0.927692
43	141	1.16749
43	156	0.967149
43	166	0.951772
43	177	0.91585
43	179	0.898742
43	180	0.918763
44	1	0.927234
44	3	0.887758
44	10	0.899004
44	32	0.858823
44	48	0.834782
44	61	0.806085
44	68	0.932297
44	70	0.878608
44	81	0.834911
44	87	0.834753
44	133	0.824758
44	148	0.847291
44	166	2.96841
44	171	0.83893
45	8	0.990304
45	53	1.02788
45	54	1.02986
45	92	0.922914
45	98	1.0154
45	102	1.01644
45	105	0.992552
45	106	1.0585
45	108	0.990678
45	114	1.01247
45	124	1.03516
45	171	1.04284
45	176	1.18665
45	177	1.1972
46	77	0.992463
46	81	0.680033
46	82	1.04989
46	91	0.914147
46	95	1.01593
46	107	1.0503
46	121	1.06791
46	132	1.0363
46	156	1.04951
46	161	0.686489
46	177	0.998209
46	178	0.985711
46	179	0.981101
46	180	1.00112
47	15	0.891815
47	51	0.933819
47	58	0.930676
47	76	0.907083
47	116	0.943235
47	122	0.933164
47	144	0.945787
47	146	0.946361
47	149	0.934153
47	157	1.40013
47	158	0.948017
47	159	0.96095
47	161	0.932412
47	177	1.74101
48	3	1.07372
48	10	1.08496
48	32	1.04478
48	44	0.834782
48	61	0.992043
48	70	1.06457
48	81	1.02087
48	87	1.02071
48	133	1.01072
48	147	1.11695
48	148	1.03325
48	160	0.941016
48	171	1.02489
48	177	1.25164
49	9	1.10778
49	22	1.10885
49	27	0.900813
49	31	1.01031
49	34	1.06402
49	37	1.10739
49	39	0.940474
49	43	0.940375
49	50	0.981566
49	60	1.00247
49	92	0.97736
49	125	1.0427
49	154	1.03389
49	178	1.25698
50	9	1.10753
50	22	1.10861
50	27	0.900571
50	31	1.01006
50	34	1.06378
50	37	1.10715
50	39	0.940232
50	43	0.940133
50	49	0.981566
50	60	1.00223
50	80	0.702995
50	97	1.18479
50	137	1.39864
50	154	1.03365
51	23	1.05786
51	40	1.01521
51	47	0.933819
51	71	0.969882
51	122	0.998577
51	137	0.993046
51	141	1.02562
51	142	0.971821
51	146	1.01177
51	147	1.00372
51	155	1.01778
51	161	0.997825
51	166	0.894464
51	172	1.22811
51	178	1.3706
52	13	1.0549
52	19	1.04823
52	59	0.972801
52	64	0.966644
52	77	0.95028
52	82	1.0077
52	95	0.973749
52	101	1.02504
52	107	1.00812
52	129	0.98463
52	133	0.989993
52	134	1.03026
52	135	1.05121
52	164	1.09022
52	175	1.34323
53	45	1.02788
53	54	1.0011
53	89	1.01007
53	98	0.986636
53	102	0.987684
53	105	0.963792
53	106	1.02974
53	108	0.961919
53	114	0.983714
53	124	1.0064
53	126	1.1188
53	154	1.04254
53	166	0.982987
53	171	1.01408
53	180	1.39352
54	8	0.963526
54	35	1.04817
54	41	0.741884
54	45	1.02986
54	53	1.0011
54	89	1.01205
54	98	0.988617
54	105	0.965774
54	106	1.03172
54	108	0.9639
54	114	0.985695
54	124	1.00838
54	147	1.23736
54	171	1.01606
54	176	1.3615
55	93	0.915234
55	115	1.04443
55	154	0.579986
55	157	1.04698
55	166	1.02372
55	167	1.01646
55	168	0.990537
55	172	1.0126
55	173	1.02622
55	175	0.968928
55	176	0.998609
55	177	0.987797
55	178	0.975299
55	179	0.970689
55	180	0.990709
56	11	1.04291
56	18	1.03924
56	34	0.746829
56	74	1.02269
56	79	1.02173
56	86	0.926281
56	109	0.998429
56	131	0.989955
56	132	0.982608
56	138	1.00915
56	145	0.98184
56	156	0.995814
56	170	1.14546
56	171	0.992654
56	178	1.42058
57	40	0.984186
57	128	1.1086
57	144	0.84135
57	155	0.852899
57	167	1.01691
57	169	0.997243
57	172	1.01305
57	173	1.02668
57	174	0.952215
57	175	0.969381
57	176	0.999062
57	177	0.988249
57	178	0.975751
57	179	0.971141
57	180	0.991162
58	26	1.03249
58	47	0.930676
58	72	0.917268
58	91	0.999852
58	113	0.992654
58	115	0.996265
58	122	0.995434
58	134	1.14388
58	136	1.42927
58	141	1.02248
58	144	1.00806
58	149	0.996423
58	155	1.01463
58	159	1.02322
58	161	0.994682
59	13	1.04841
59	17	1.04698
59	52	0.972801
59	64	0.960152
59	65	1.665
59	68	1.09104
59	77	0.943788
59	82	1.00121
59	95	0.967257
59	101	1.01854
59	107	1.00162
59	129	0.978138
59	133	0.983501
59	177	0.827726
59	179	1.0714
60	27	0.921475
60	31	1.03097
60	49	1.00247
60	50	1.00223
60	82	1.02962
60	95	0.995668
60	101	1.04696
60	105	0.975799
60	107	1.03004
60	108	0.973926
60	114	0.995721
60	124	1.01841
60	157	1.02574
60	164	1.15012
60	180	1.30635
61	1	1.0845
61	3	1.04502
61	10	1.05627
61	32	1.01608
61	44	0.806085
61	48	0.992043
61	70	1.03587
61	81	0.992172
61	87	0.992015
61	133	0.98202
61	137	1.188
61	148	1.00455
61	163	1.32376
61	170	1.01226
61	171	0.996192
62	84	1.16487
62	99	1.02598
62	116	0.80437
62	155	0.769967
62	160	1.00674
62	163	0.98437
62	165	1.02162
62	169	0.976725
62	170	1.01084
62	173	1.00616
62	175	0.948864
62	176	0.978544
62	177	0.967732
62	178	0.955234
62	179	0.950624
62	180	0.970644
63	5	1.59937
63	65	0.874451
63	121	1.43734
63	152	0.949302
63	157	0.966127
63	160	0.945955
63	169	0.915936
63	172	0.931745
63	173	0.945369
63	174	0.870908
63	175	0.888074
63	176	0.917755
63	177	0.906942
63	178	0.894444
63	179	0.889834
63	180	0.909855
64	13	1.04225
64	19	1.03558
64	52	0.966644
64	59	0.960152
64	73	1.06767
64	77	0.937631
64	82	0.995054
64	95	0.9611
64	96	0.933455
64	101	1.01239
64	107	0.995467
64	129	0.971981
64	133	0.977344
64	134	1.01761
64	165	1.1258
64	180	1.43927
65	7	1.535
65	59	1.665
65	63	0.874451
65	112	0.945413
65	116	0.94292
65	120	0.860303
65	122	0.932849
65	131	0.945707
65	132	0.93836
65	145	0.937592
65	156	0.951566
65	161	0.932097
65	175	0.881399
65	178	0.887769
65	179	0.88316
65	180	0.90318
66	86	1.17917
66	155	0.804961
66	162	1.00997
66	168	0.982168
66	169	0.988421
66	170	1.02253
66	171	0.752538
66	172	1.00423
66	173	1.01785
66	174	0.943393
66	175	0.960559
66	176	0.99024
66	177	0.979427
66	178	0.96693
66	179	0.96232
66	180	0.98234
67	6	1.05395
67	14	0.934695
67	91	0.983117
67	93	0.976779
67	94	0.988382
67	112	0.991263
67	116	0.98877
67	117	1.27871
67	142	0.951943
67	146	0.991896
67	149	0.979688
67	155	0.9979
67	158	0.993552
67	161	0.977947
67	163	1.23101
67	169	1.21883
68	44	0.932297
68	59	1.09104
68	81	1.11838
68	87	1.11823
68	95	1.09199
68	101	1.14328
68	105	1.07212
68	107	1.12636
68	114	1.09204
68	124	1.11473
68	127	1.40688
68	137	0.872678
68	162	0.940281
68	166	0.495931
68	171	1.1224
69	40	0.992076
69	93	0.973528
69	110	0.994685
69	122	0.975448
69	141	1.0025
69	142	0.948692
69	144	0.988072
69	146	0.988645
69	149	0.976437
69	153	1.37274
69	155	0.994649
69	158	0.990301
69	159	1.00323
69	161	0.974696
69	168	1.30545
69	170	1.01803
70	1	1.15702
70	3	1.11754
70	10	1.12879
70	32	1.08861
70	44	0.878608
70	48	1.06457
70	61	1.03587
70	81	1.0647
70	87	1.06454
70	133	1.05454
70	148	1.07708
70	150	2.12255
70	162	0.567857
70	163	0.636008
70	169	0.623826
70	171	1.06872
71	6	1.04447
71	51	0.969882
71	93	0.967307
71	94	0.97891
71	110	0.988464
71	122	0.969227
71	129	1.13281
71	141	0.996275
71	146	0.982424
71	149	0.970216
71	155	0.988427
71	158	0.98408
71	159	0.997013
71	161	0.968475
71	166	0.871768
71	174	1.68415
72	32	0.719215
72	58	0.917268
72	109	0.7896
72	132	0.64953
72	136	1.07735
72	151	1.05612
72	167	1.0699
72	168	1.04397
72	172	1.06604
72	173	1.07966
72	174	1.0052
72	175	1.02236
72	176	1.05205
72	177	1.04123
72	178	1.02873
72	179	1.02412
72	180	1.04415
73	64	1.06767
73	82	1.04686
73	109	0.997235
73	135	0.999091
73	136	0.999852
73	164	0.987475
73	168	0.966477
73	169	0.97273
73	170	1.00684
73	173	1.00216
73	174	0.927702
73	175	0.944868
73	176	0.974549
73	177	0.963736
73	178	0.951239
73	179	0.946629
73	180	0.966649
74	56	1.02269
74	79	1.08815
74	86	0.992696
74	103	1.01449
74	118	1.04011
74	119	1.02527
74	121	1.08064
74	131	1.05637
74	132	1.04902
74	138	1.07557
74	145	1.04826
74	148	0.92981
74	156	1.06223
74	165	0.893743
74	170	0.997691
74	171	1.05907
74	180	1.20722
75	18	0.951675
75	116	1.11602
75	152	0.999263
75	153	0.963235
75	156	1.01602
75	165	1.01079
75	167	0.985565
75	169	0.965896
75	170	1.00001
75	172	0.981705
75	173	0.995329
75	175	0.938034
75	176	0.967715
75	177	0.956903
75	178	0.944405
75	179	0.939795
75	180	0.959815
76	20	0.881584
76	47	0.907083
76	80	1.00727
76	84	0.924478
76	91	0.976259
76	110	0.991078
76	115	0.972672
76	122	0.971841
76	141	0.998889
76	142	0.945085
76	144	0.984465
76	146	0.985038
76	155	0.991042
76	158	0.986694
76	159	0.999627
76	161	0.971089
76	178	1.8023
77	13	1.02589
77	19	1.01922
77	46	0.992463
77	52	0.95028
77	59	0.943788
77	64	0.937631
77	82	0.97869
77	85	1.31716
77	95	0.944735
77	96	0.917091
77	101	0.996023
77	107	0.979103
77	125	1.24509
77	129	0.955617
77	133	0.96098
77	134	1.00124
77	172	1.31688
78	100	0.95687
78	118	0.971342
78	119	0.932371
78	135	0.997603
78	166	0.99817
78	167	0.990911
78	168	0.964989
78	169	0.971242
78	171	1.01437
78	172	0.987051
78	173	1.00068
78	175	0.94338
78	176	0.973061
78	177	0.962248
78	178	0.949751
78	179	0.945141
78	180	0.965161
79	56	1.02173
79	74	1.08815
79	88	1.05652
79	109	1.06389
79	118	1.03916
79	119	1.02432
79	127	0.982274
79	131	1.05542
79	132	1.04807
79	138	1.07461
79	145	1.0473
79	147	1.0477
79	148	0.804258
79	156	1.06128
79	167	0.986201
79	176	1.13138
79	177	1.14192
80	21	1.13011
80	50	0.702995
80	76	1.00727
80	97	1.0647
80	143	1.08049
80	158	0.603086
80	165	1.06946
80	166	1.0515
80	168	1.01832
80	169	1.02457
80	170	1.05868
80	174	0.979542
80	175	0.996708
80	176	1.02639
80	177	1.01558
80	178	1.00308
80	179	0.998469
80	180	1.01849
81	1	1.11332
81	3	1.07385
81	10	1.08509
81	32	1.04491
81	39	0.960069
81	44	0.834911
81	46	0.680033
81	48	1.02087
81	61	0.992172
81	68	1.11838
81	70	1.0647
81	87	1.02084
81	117	1.12797
81	127	1.47872
81	129	0.828815
81	133	1.01085
81	148	1.03338
81	171	1.02502
82	13	1.08331
82	19	1.07664
82	20	0.563351
82	46	1.04989
82	52	1.0077
82	59	1.00121
82	60	1.02962
82	64	0.995054
82	73	1.04686
82	77	0.97869
82	95	1.00216
82	101	1.05345
82	107	1.03653
82	129	1.01304
82	133	1.0184
82	134	1.05867
82	157	1.13785
82	160	1.1681
83	112	0.716507
83	115	0.880832
83	133	0.642409
83	135	1.05457
83	158	0.745009
83	165	1.0731
83	167	1.04787
83	168	1.02195
83	169	1.0282
83	170	1.06232
83	173	1.05764
83	174	0.983176
83	175	1.00034
83	176	1.03002
83	177	1.01921
83	178	1.00671
83	179	1.0021
83	180	1.02212
84	6	1.02581
84	62	1.16487
84	76	0.924478
84	94	0.960242
84	110	0.969797
84	113	0.947779
84	115	0.95139
84	122	0.950559
84	141	0.977607
84	142	0.923803
84	143	1.13773
84	146	0.963756
84	149	0.951548
84	155	0.96976
84	158	0.965412
84	159	0.978345
84	161	0.949807
84	175	1.61263
85	77	1.31716
85	151	0.966368
85	156	0.978748
85	160	0.99049
85	166	0.9874
85	168	0.954219
85	169	0.960472
85	170	0.994585
85	171	0.991921
85	172	0.97628
85	173	0.989905
85	174	0.915444
85	175	0.93261
85	176	0.962291
85	177	0.951478
85	178	0.93898
85	179	0.93437
85	180	0.95439
86	56	0.926281
86	66	1.17917
86	74	0.992696
86	88	0.961066
86	109	0.968439
86	118	0.943705
86	119	0.928864
86	121	0.984229
86	131	0.959964
86	132	0.952617
86	133	0.948492
86	138	0.979158
86	139	1.55436
86	145	0.951849
86	154	0.991129
86	156	0.965823
86	165	1.18169
86	171	0.962663
87	1	1.11316
87	3	1.07369
87	10	1.08493
87	32	1.04475
87	39	0.959911
87	44	0.834753
87	48	1.02071
87	61	0.992015
87	68	1.11823
87	70	1.06454
87	81	1.02084
87	127	1.46865
87	133	1.01069
87	147	0.893806
87	148	1.03322
87	168	1.04613
87	171	1.02486
87	172	0.891342
88	39	1.18953
88	43	0.962392
88	79	1.05652
88	86	0.961066
88	103	0.982857
88	109	1.03322
88	119	0.99364
88	121	1.04901
88	125	0.996856
88	128	0.749516
88	131	1.02474
88	133	1.01327
88	138	1.04393
88	145	1.01663
88	147	1.01703
88	156	1.0306
88	165	0.983166
88	171	1.02744
88	176	1.34635
89	8	0.972495
89	35	1.05714
89	53	1.01007
89	54	1.01205
89	98	0.997586
89	102	0.998634
89	105	0.974743
89	106	1.04069
89	108	0.972869
89	114	0.994664
89	117	1.35268
89	124	1.01735
89	134	1.05112
89	148	1.03339
89	154	1.05349
89	166	0.792482
89	171	1.02503
89	172	1.12612
89	180	1.20302
90	100	0.8795
90	139	0.896721
90	141	1.69706
90	153	0.891211
90	159	1.76306
90	164	0.908617
90	165	0.938765
90	166	0.9208
90	167	0.913541
90	169	0.893872
90	170	0.927986
90	172	0.909681
90	174	0.848844
90	175	0.86601
90	176	0.895691
90	177	0.884879
90	178	0.872381
90	179	0.867771
90	180	0.887791
91	14	0.958337
91	40	1.01897
91	46	0.914147
91	58	0.999852
91	67	0.983117
91	76	0.976259
91	92	0.998396
91	93	1.00042
91	110	1.02158
91	113	0.99956
91	115	1.00317
91	137	0.996809
91	141	1.02939
91	142	0.975584
91	144	1.01496
91	146	1.01554
91	147	1.00749
91	161	1.00159
91	163	1.31439
91	168	1.29031
92	24	1.00989
92	45	0.922914
92	49	0.97736
92	91	0.998396
92	116	0.941338
92	117	1.00063
92	163	1.00802
92	164	1.01512
92	165	1.04527
92	167	1.02004
92	168	0.994122
92	172	1.01618
92	173	1.02981
92	174	0.955347
92	175	0.972513
92	176	1.00219
92	177	0.991381
92	178	0.978883
92	179	0.974274
92	180	0.994294
93	14	0.951998
93	26	1.03306
93	28	1.02523
93	55	0.915234
93	67	0.976779
93	69	0.973528
93	71	0.967307
93	91	1.00042
93	112	1.00857
93	113	0.993221
93	141	1.02305
93	146	1.0092
93	149	0.996991
93	155	1.0152
93	158	1.01085
93	159	1.02379
93	161	0.99525
93	166	0.928613
93	173	1.21039
93	175	1.43592
94	15	0.966257
94	67	0.988382
94	71	0.97891
94	84	0.960242
94	111	1.06428
94	112	1.02017
94	115	1.00844
94	116	1.01768
94	125	0.992579
94	127	0.947321
94	141	1.03465
94	142	0.980849
94	144	1.02023
94	146	1.0208
94	152	0.984969
94	158	1.02246
94	159	1.03539
94	161	1.00685
94	167	1.19506
94	175	1.38729
95	13	1.04936
95	19	1.04269
95	46	1.01593
95	52	0.973749
95	59	0.967257
95	60	0.995668
95	64	0.9611
95	68	1.09199
95	77	0.944735
95	82	1.00216
95	96	0.94056
95	101	1.01949
95	107	1.00257
95	125	1.13797
95	129	0.979086
95	133	0.984449
95	134	1.02471
95	140	1.47737
95	152	0.98111
95	160	1.0363
96	29	1.25718
96	64	0.933455
96	77	0.917091
96	95	0.94056
96	98	1.21688
96	101	0.991847
96	107	0.974927
96	116	0.965489
96	138	1.19633
96	142	0.928662
96	144	0.968042
96	158	0.970271
96	159	0.983205
96	173	0.961264
96	174	0.886803
96	176	0.93365
96	177	0.922837
96	178	0.910339
96	179	0.905729
96	180	0.925749
97	23	0.883146
97	50	1.18479
97	80	1.0647
97	110	0.905295
97	121	0.680063
97	135	1.01724
97	140	0.977771
97	157	1.04107
97	162	1.01243
97	165	1.03577
97	166	1.0178
97	169	0.990877
97	172	1.00669
97	173	1.02031
97	174	0.945849
97	175	0.963015
97	176	0.992696
97	178	0.969385
97	179	0.964776
97	180	0.984796
98	34	1.06019
98	35	1.03371
98	45	1.0154
98	53	0.986636
98	54	0.988617
98	89	0.997586
98	96	1.21688
98	102	0.975203
98	105	0.951311
98	106	1.01726
98	108	0.949437
98	114	0.971232
98	124	0.993917
98	134	1.02769
98	148	1.00996
98	154	1.03006
98	157	0.844484
98	171	1.0016
98	175	1.22187
98	178	1.1907
99	13	0.626922
99	62	1.02598
99	119	0.868128
99	124	1.02229
99	140	0.986895
99	144	0.991004
99	160	1.03002
99	166	1.02693
99	168	0.993748
99	169	1
99	170	1.03411
99	172	1.01581
99	173	1.02943
99	174	0.954973
99	175	0.972139
99	176	1.00182
99	177	0.991007
99	178	0.97851
99	179	0.9739
99	180	0.99392
100	42	1.34918
100	78	0.95687
100	90	0.8795
100	119	1.16835
100	149	1.37339
100	153	0.933713
100	163	0.944019
100	166	0.963303
100	167	0.956044
100	168	0.930122
100	169	0.936374
100	170	0.970488
100	172	0.952183
100	173	0.965808
100	174	0.891347
100	175	0.908513
100	176	0.938193
100	177	0.927381
100	178	0.914883
100	179	0.910273
100	180	0.930293
101	13	1.10064
101	17	1.09922
101	19	1.09397
101	52	1.02504
101	59	1.01854
101	60	1.04696
101	64	1.01239
101	68	1.14328
101	77	0.996023
101	82	1.05345
101	95	1.01949
101	96	0.991847
101	107	1.05386
101	123	1.0671
101	129	1.03037
101	133	1.03574
101	134	1.076
101	165	0.710877
101	168	1.10224
101	170	0.814825
101	179	1.32829
102	8	0.950112
102	35	1.03475
102	38	0.867678
102	45	1.01644
102	53	0.987684
102	89	0.998634
102	98	0.975203
102	105	0.952359
102	106	1.01831
102	108	0.950486
102	111	1.01102
102	114	0.97228
102	124	0.994965
102	134	1.02874
102	135	1.11946
102	139	1.37389
102	148	1.011
102	154	1.03111
102	157	1.03408
102	162	1.34852
102	171	1.00264
103	11	1.03471
103	42	0.97509
103	74	1.01449
103	88	0.982857
103	104	1.27609
103	109	0.990229
103	118	0.965495
103	119	0.950654
103	121	1.00602
103	125	0.95387
103	130	1.22426
103	131	0.981755
103	132	0.974407
103	138	1.00095
103	145	0.973639
103	147	0.974041
103	148	1.12012
103	150	0.849547
103	154	1.01292
103	156	0.987614
103	171	0.984454
103	180	1.39752
104	18	0.86958
104	31	1.09881
104	103	1.27609
104	138	0.983108
104	139	0.98039
104	151	0.983438
104	162	0.999091
104	163	0.985186
104	164	0.992286
104	167	0.99721
104	168	0.971289
104	169	0.977541
104	170	1.01165
104	172	0.99335
104	173	1.00697
104	174	0.932513
104	175	0.949679
104	176	0.97936
104	177	0.968548
104	178	0.95605
104	179	0.95144
104	180	0.97146
105	8	0.92622
105	35	1.01086
105	45	0.992552
105	53	0.963792
105	54	0.965774
105	60	0.975799
105	68	1.07212
105	89	0.974743
105	98	0.951311
105	102	0.952359
105	106	0.994414
105	108	0.926594
105	111	0.987124
105	114	0.948389
105	124	0.971073
105	128	1.0242
105	130	1.39806
105	134	1.00484
105	154	1.00722
105	160	1.32096
105	165	1.25785
105	171	0.978752
106	8	0.992167
106	35	1.07681
106	45	1.0585
106	53	1.02974
106	54	1.03172
106	89	1.04069
106	98	1.01726
106	102	1.01831
106	105	0.994414
106	108	0.992541
106	111	1.05307
106	114	1.01434
106	124	1.03702
106	134	1.07079
106	137	0.98452
106	140	1.20902
106	147	0.943878
106	148	1.05306
106	154	1.07316
106	162	1.05212
106	168	1.0962
106	171	1.0447
107	13	1.08372
107	17	1.0823
107	19	1.07705
107	46	1.0503
107	52	1.00812
107	59	1.00162
107	60	1.03004
107	64	0.995467
107	68	1.12636
107	77	0.979103
107	82	1.03653
107	95	1.00257
107	96	0.974927
107	101	1.05386
107	129	1.01345
107	133	1.01882
107	134	1.05908
107	150	2.25469
107	151	0.74813
107	163	0.768149
107	172	0.58929
107	179	0.970117
108	8	0.924346
108	17	1.02619
108	34	1.03548
108	35	1.00899
108	38	0.841912
108	45	0.990678
108	53	0.961919
108	54	0.9639
108	60	0.973926
108	89	0.972869
108	98	0.949437
108	102	0.950486
108	105	0.926594
108	106	0.992541
108	114	0.946515
108	124	0.9692
108	125	1.28495
108	135	1.23839
108	148	0.98524
108	154	1.00534
108	160	1.18327
108	171	0.976879
108	175	1.5304
109	18	1.08139
109	56	0.998429
109	72	0.7896
109	73	0.997235
109	79	1.06389
109	86	0.968439
109	88	1.03322
109	103	0.990229
109	118	1.01585
109	119	1.00101
109	121	1.05638
109	127	0.95897
109	131	1.03211
109	132	1.02477
109	134	1.01621
109	136	1.3016
109	137	1.01372
109	138	1.05131
109	143	0.990706
109	145	1.024
109	147	1.0244
109	156	1.03797
109	171	1.03481
110	14	0.973156
110	15	0.975811
110	69	0.994685
110	71	0.988464
110	76	0.991078
110	84	0.969797
110	91	1.02158
110	97	0.905295
110	112	1.02972
110	113	1.01438
110	122	1.01716
110	125	1.00213
110	141	1.04421
110	142	0.990403
110	144	1.02978
110	146	1.03036
110	149	1.01815
110	155	1.03636
110	158	1.03201
110	159	1.04495
110	162	1.18675
110	166	0.742399
110	177	1.21319
110	179	1.45687
111	29	0.939166
111	30	1.03283
111	33	0.817053
111	94	1.06428
111	102	1.01102
111	105	0.987124
111	106	1.05307
111	114	1.00704
111	118	1.01845
111	119	1.00361
111	124	1.02973
111	131	1.03471
111	138	1.0539
111	145	1.02659
111	153	0.995602
111	156	1.04057
111	159	0.780061
111	171	1.03741
111	172	1.01407
111	175	0.970401
111	176	1.00008
111	178	0.976771
111	179	0.972162
111	180	0.992182
112	15	0.969137
112	28	1.03971
112	40	1.02711
112	65	0.945413
112	67	0.991263
112	83	0.716507
112	93	1.00857
112	94	1.02017
112	110	1.02972
112	113	1.00771
112	115	1.01132
112	122	1.01049
112	139	1.3632
112	142	0.98373
112	144	1.02311
112	146	1.02368
112	149	1.01148
112	155	1.02969
112	158	1.02534
112	159	1.03827
112	161	1.00973
112	164	1.14778
112	165	0.99054
112	172	1.22712
113	12	0.651358
113	58	0.992654
113	84	0.947779
113	91	0.99956
113	93	0.993221
113	110	1.01438
113	112	1.00771
113	115	0.995973
113	116	1.00521
113	120	1.74617
113	122	0.995142
113	125	0.980115
113	126	0.917729
113	137	0.98961
113	141	1.02219
113	144	1.00777
113	146	1.00834
113	147	1.00029
113	149	0.996131
113	155	1.01434
113	158	1.00999
113	159	1.02293
113	161	0.99439
113	167	1.09698
113	177	1.25271
114	8	0.946141
114	17	1.04798
114	35	1.03078
114	45	1.01247
114	53	0.983714
114	54	0.985695
114	60	0.995721
114	68	1.09204
114	89	0.994664
114	98	0.971232
114	102	0.97228
114	105	0.948389
114	106	1.01434
114	108	0.946515
114	111	1.00704
114	124	0.990995
114	134	1.02477
114	137	1.15247
114	143	0.808124
114	148	1.00703
114	154	1.02714
114	171	0.998673
114	172	1.10937
114	175	1.28303
114	179	1.49019
115	14	0.95475
115	26	1.03581
115	40	1.01538
115	41	0.898438
115	55	1.04443
115	58	0.996265
115	76	0.972672
115	83	0.880832
115	84	0.95139
115	91	1.00317
115	94	1.00844
115	112	1.01132
115	113	0.995973
115	116	1.00882
115	122	0.998754
115	128	0.921215
115	142	0.971997
115	144	1.01138
115	146	1.01195
115	149	0.999742
115	155	1.01795
115	158	1.01361
115	159	1.02654
115	161	0.998001
115	175	1.56511
116	15	0.966644
116	26	1.04505
116	47	0.943235
116	62	0.80437
116	65	0.94292
116	67	0.98877
116	75	1.11602
116	92	0.941338
116	94	1.01768
116	96	0.965489
116	113	1.00521
116	115	1.00882
116	122	1.00799
116	127	0.947709
116	141	1.03504
116	142	0.981237
116	144	1.02062
116	146	1.02119
116	149	1.00898
116	155	1.02719
116	158	1.02285
116	159	1.03578
116	161	1.00724
116	168	1.23326
116	169	1.24515
117	67	1.27871
117	81	1.12797
117	89	1.35268
117	92	1.00063
117	121	1.07736
117	150	0.855241
117	151	0.956898
117	153	0.948341
117	157	1.00119
117	160	0.981021
117	162	0.972551
117	163	0.958647
117	164	0.965746
117	166	0.97793
117	167	0.970671
117	168	0.944749
117	172	0.96681
117	173	0.980435
117	174	0.905974
117	175	0.92314
117	176	0.952821
117	177	0.942008
117	178	0.92951
117	179	0.9249
117	180	0.944921
118	11	1.06034
118	42	1.00071
118	74	1.04011
118	78	0.971342
118	79	1.03916
118	86	0.943705
118	103	0.965495
118	109	1.01585
118	111	1.01845
118	119	0.976278
118	121	1.03164
118	131	1.00738
118	132	1.00003
118	133	0.995906
118	137	0.988989
118	138	1.02657
118	145	0.999264
118	147	0.999666
118	150	0.875172
118	156	1.01324
118	162	1.05932
118	171	1.01008
118	173	0.89675
118	174	1.42735
118	179	1.32944
119	11	1.0455
119	18	1.04182
119	24	1.00497
119	42	0.985874
119	74	1.02527
119	78	0.932371
119	79	1.02432
119	86	0.928864
119	88	0.99364
119	99	0.868128
119	100	1.16835
119	103	0.950654
119	109	1.00101
119	111	1.00361
119	118	0.976278
119	121	1.0168
119	125	0.964653
119	131	0.992538
119	132	0.985191
119	138	1.01173
119	145	0.984423
119	150	0.860331
119	154	1.0237
119	156	0.998397
119	171	0.995237
119	174	1.38838
120	26	1.48845
120	65	0.860303
120	113	1.74617
120	125	0.91035
120	128	1.01315
120	151	0.907685
120	153	0.899127
120	156	1.60909
120	160	0.931807
120	162	0.923338
120	165	0.946681
120	166	0.928717
120	167	0.921458
120	168	0.895536
120	169	0.901788
120	170	0.935902
120	172	0.917597
120	173	0.931222
120	174	0.856761
120	175	0.873927
120	176	0.903608
120	177	0.892795
120	178	0.880297
120	179	0.875687
120	180	0.895707
121	18	1.09718
121	42	1.04124
121	46	1.06791
121	63	1.43734
121	74	1.08064
121	86	0.984229
121	88	1.04901
121	97	0.680063
121	103	1.00602
121	109	1.05638
121	117	1.07736
121	118	1.03164
121	119	1.0168
121	125	1.02002
121	127	0.974761
121	131	1.0479
121	132	1.04056
121	133	1.03643
121	138	1.0671
121	145	1.03979
121	147	1.04019
121	156	1.05376
121	160	0.677336
121	167	0.832238
121	171	1.0506
121	176	0.977417
122	20	0.531445
122	47	0.933164
122	51	0.998577
122	58	0.995434
122	65	0.932849
122	69	0.975448
122	71	0.969227
122	76	0.971841
122	84	0.950559
122	110	1.01716
122	112	1.01049
122	113	0.995142
122	115	0.998754
122	116	1.00799
122	142	0.971166
122	144	1.01055
122	146	1.01112
122	149	0.998912
122	155	1.01712
122	158	1.01278
122	159	1.02571
122	161	0.997171
122	165	1.07309
122	172	1.30967
122	173	1.2578
122	179	1.69049
123	5	1.13248
123	20	1.07964
123	22	0.907446
123	23	1.17353
123	101	1.0671
123	136	0.986959
123	139	0.962685
123	143	1.01576
123	144	1.15216
123	152	0.993204
123	160	0.989856
123	162	0.981386
123	163	0.967482
123	164	0.974582
123	165	1.00473
123	166	0.986765
123	167	0.979506
123	168	0.953584
123	169	0.959837
123	170	0.99395
123	173	0.98927
123	174	0.914809
123	175	0.931975
123	176	0.961656
123	177	0.950843
123	178	0.938345
123	179	0.933736
123	180	0.953756
124	8	0.968826
124	17	1.07067
124	34	1.07996
124	35	1.05347
124	38	0.886392
124	45	1.03516
124	53	1.0064
124	54	1.00838
124	60	1.01841
124	68	1.11473
124	89	1.01735
124	98	0.993917
124	99	1.02229
124	102	0.994965
124	105	0.971073
124	106	1.03702
124	108	0.9692
124	111	1.02973
124	114	0.990995
124	126	0.865984
124	134	1.04745
124	147	1.06627
124	148	1.02972
124	154	1.04982
124	167	1.04524
124	168	1.2186
124	169	1.23049
124	171	1.02136
125	2	0.88929
125	49	1.0427
125	77	1.24509
125	88	0.996856
125	94	0.992579
125	95	1.13797
125	103	0.95387
125	108	1.28495
125	110	1.00213
125	113	0.980115
125	119	0.964653
125	120	0.91035
125	121	1.02002
125	131	0.995754
125	132	0.988406
125	144	0.995519
125	145	0.987638
125	149	0.983885
125	155	1.0021
125	159	1.01068
125	162	0.980857
125	167	0.978977
125	168	0.953055
125	169	0.959307
125	175	0.931446
125	178	0.937816
125	179	0.933206
125	180	0.953226
126	1	0.670582
126	4	0.812568
126	53	1.1188
126	113	0.917729
126	124	0.865984
126	139	1.01496
126	152	1.04548
126	153	1.00945
126	158	1.0578
126	160	1.04213
126	162	1.03366
126	163	1.01976
126	164	1.02686
126	165	1.05701
126	166	1.03904
126	167	1.03178
126	168	1.00586
126	169	1.01211
126	170	1.04623
126	172	1.02792
126	173	1.04155
126	174	0.967085
126	175	0.984251
126	176	1.01393
126	177	1.00312
126	178	0.990621
126	179	0.986011
126	180	1.00603
127	13	1.24575
127	68	1.40688
127	79	0.982274
127	81	1.47872
127	87	1.46865
127	94	0.947321
127	109	0.95897
127	116	0.947709
127	121	0.974761
127	137	0.932106
127	138	0.96969
127	141	0.964685
127	142	0.910882
127	144	0.950261
127	145	0.942381
127	156	0.956355
127	159	0.965424
127	161	0.936886
127	169	0.91405
127	171	0.953195
127	173	0.943483
127	174	0.869022
127	175	0.886188
127	176	0.915869
127	177	0.905056
127	178	0.892558
127	179	0.887948
127	180	0.907969
128	30	0.71194
128	31	0.67312
128	57	1.1086
128	88	0.749516
128	105	1.0242
128	115	0.921215
128	120	1.01315
128	138	0.55742
128	146	0.628249
128	160	1.09213
128	162	1.08366
128	163	1.06975
128	164	1.07685
128	165	1.107
128	166	1.08904
128	167	1.08178
128	168	1.05586
128	169	1.06211
128	170	1.09622
128	172	1.07792
128	173	1.09154
128	174	1.01708
128	175	1.03425
128	176	1.06393
128	177	1.05311
128	178	1.04062
128	179	1.03601
128	180	1.05603
129	4	1.05164
129	5	0.957981
129	15	1.42152
129	29	1.027
129	30	1.02666
129	33	1.02633
129	38	0.874536
129	42	1.01787
129	52	0.98463
129	59	0.978138
129	64	0.971981
129	71	1.13281
129	77	0.955617
129	81	0.828815
129	82	1.01304
129	95	0.979086
129	101	1.03037
129	107	1.01345
129	149	1.04208
129	150	0.874595
129	169	0.970357
129	172	0.986165
129	174	0.925329
129	175	0.942495
129	177	0.961363
129	178	0.948865
129	179	0.944255
129	180	0.964275
130	37	0.609025
130	103	1.22426
130	105	1.39806
130	135	0.984925
130	140	0.945458
130	142	1.26621
130	143	1.01449
130	146	1.00212
130	151	0.96446
130	153	0.955903
130	157	1.00876
130	162	0.980114
130	163	0.966209
130	164	0.973309
130	165	1.00346
130	166	0.985492
130	167	0.978233
130	168	0.952311
130	169	0.958564
130	170	0.992678
130	172	0.974373
130	173	0.987997
130	174	0.913536
130	175	0.930702
130	176	0.960383
130	177	0.94957
130	178	0.937073
130	179	0.932463
130	180	0.952483
131	12	0.727015
131	18	1.07292
131	43	0.96129
131	56	0.989955
131	65	0.945707
131	74	1.05637
131	79	1.05542
131	86	0.959964
131	88	1.02474
131	103	0.981755
131	109	1.03211
131	111	1.03471
131	118	1.00738
131	119	0.992538
131	121	1.0479
131	125	0.995754
131	132	1.01629
131	134	0.915479
131	135	1.07286
131	137	1.00525
131	138	1.04283
131	145	1.01552
131	147	1.01593
131	150	0.891431
131	156	1.0295
131	162	1.30192
131	169	1.35789
131	171	1.02634
131	180	1.26811
132	11	1.06925
132	18	1.06557
132	42	1.00963
132	46	1.0363
132	56	0.982608
132	65	0.93836
132	72	0.64953
132	74	1.04902
132	79	1.04807
132	86	0.952617
132	103	0.974407
132	109	1.02477
132	118	1.00003
132	119	0.985191
132	121	1.04056
132	125	0.988406
132	131	1.01629
132	133	1.00482
132	136	1.16153
132	138	1.03549
132	140	1.41948
132	145	1.00818
132	150	0.884084
132	151	1.31072
132	154	1.04746
132	156	1.02215
132	170	1.01924
132	171	1.01899
132	173	1.10001
133	10	1.07494
133	44	0.824758
133	48	1.01072
133	52	0.989993
133	59	0.983501
133	61	0.98202
133	64	0.977344
133	70	1.05454
133	77	0.96098
133	81	1.01085
133	82	1.0184
133	83	0.642409
133	86	0.948492
133	87	1.01069
133	88	1.01327
133	95	0.984449
133	101	1.03574
133	107	1.01882
133	118	0.995906
133	121	1.03643
133	132	1.00482
133	138	1.03136
133	143	0.851782
133	145	1.00405
133	156	1.01802
133	171	1.01487
133	173	1.10116
133	174	1.63176
133	176	1.27963
133	178	1.29551
134	19	1.0992
134	26	0.582099
134	52	1.03026
134	58	1.14388
134	64	1.01761
134	77	1.00124
134	82	1.05867
134	89	1.05112
134	95	1.02471
134	98	1.02769
134	101	1.076
134	102	1.02874
134	105	1.00484
134	106	1.07079
134	107	1.05908
134	109	1.01621
134	114	1.02477
134	124	1.04745
134	131	0.915479
134	135	1.04235
134	141	0.587676
134	146	0.822747
134	157	1.06618
134	161	0.632139
134	164	1.03073
134	171	1.05513
134	175	0.988123
134	177	1.00699
134	178	0.994493
134	179	0.989883
134	180	1.0099
135	22	0.669458
135	25	1.04862
135	52	1.05121
135	73	0.999091
135	78	0.997603
135	83	1.05457
135	97	1.01724
135	102	1.11946
135	108	1.23839
135	130	0.984925
135	131	1.07286
135	134	1.04235
135	136	1.00423
135	140	0.964001
135	143	1.03303
135	148	1.02461
135	163	0.984752
135	164	0.991852
135	165	1.022
135	167	0.996777
135	168	0.970855
135	170	1.01122
135	172	0.992916
135	173	1.00654
135	174	0.93208
135	175	0.949246
135	176	0.978926
135	177	0.968114
135	178	0.955616
135	179	0.951006
135	180	0.971026
136	3	0.938352
136	8	0.567028
136	9	0.802209
136	58	1.42927
136	72	1.07735
136	73	0.999852
136	109	1.3016
136	123	0.986959
136	132	1.16153
136	135	1.00423
136	137	0.995924
136	139	0.980716
136	151	0.983764
136	152	1.01123
136	157	1.02806
136	160	1.00789
136	162	0.999417
136	163	0.985513
136	164	0.992612
136	166	1.0048
136	167	0.997537
136	168	0.971615
136	170	1.01198
136	172	0.993677
136	173	1.0073
136	174	0.93284
136	176	0.979687
136	177	0.968874
136	178	0.956376
136	179	0.951766
136	180	0.971787
137	7	0.603688
137	50	1.39864
137	51	0.993046
137	61	1.188
137	68	0.872678
137	91	0.996809
137	106	0.98452
137	109	1.01372
137	113	0.98961
137	114	1.15247
137	118	0.988989
137	127	0.932106
137	131	1.00525
137	136	0.995924
137	138	1.02444
137	143	1.02472
137	144	1.00501
137	145	0.997134
137	149	0.99338
137	155	1.01159
137	156	1.01111
137	158	1.00724
137	161	0.991639
137	170	1.00292
137	171	1.00795
137	172	0.984611
137	173	0.998236
137	176	0.970622
137	177	0.959809
137	179	0.942701
137	180	0.962721
138	11	1.09579
138	17	1.09484
138	42	1.03617
138	56	1.00915
138	74	1.07557
138	79	1.07461
138	86	0.979158
138	88	1.04393
138	96	1.19633
138	103	1.00095
138	104	0.983108
138	109	1.05131
138	111	1.0539
138	118	1.02657
138	119	1.01173
138	121	1.0671
138	127	0.96969
138	128	0.55742
138	131	1.04283
138	132	1.03549
138	133	1.03136
138	137	1.02444
138	145	1.03472
138	147	1.03512
138	150	0.910625
138	151	1.18649
138	153	1.24973
138	156	1.04869
138	166	0.694009
138	171	1.04553
138	172	1.02765
139	11	0.858346
139	18	1.0502
139	38	0.857774
139	43	0.927692
139	86	1.55436
139	90	0.896721
139	102	1.37389
139	104	0.98039
139	112	1.3632
139	123	0.962685
139	126	1.01496
139	136	0.980716
139	140	0.940489
139	151	0.959491
139	152	0.986961
139	160	0.983614
139	163	0.96124
139	164	0.968339
139	165	0.998488
139	167	0.973264
139	168	0.947342
139	169	0.953595
139	170	0.987708
139	173	0.983028
139	174	0.908567
139	175	0.925733
139	176	0.955414
139	177	0.944601
139	178	0.932103
139	179	0.927493
139	180	0.947514
140	7	0.828186
140	39	0.911837
140	95	1.47737
140	97	0.977771
140	99	0.986895
140	106	1.20902
140	130	0.945458
140	132	1.41948
140	135	0.964001
140	139	0.940489
140	143	0.993562
140	151	0.943536
140	152	0.971007
140	153	0.934979
140	155	1.31167
140	157	0.987831
140	164	0.952385
140	165	0.982533
140	166	0.964568
140	167	0.957309
140	168	0.931387
140	169	0.93764
140	170	0.971754
140	172	0.953449
140	173	0.967073
140	174	0.892612
140	175	0.909778
140	176	0.939459
140	177	0.928646
140	178	0.916148
140	179	0.911539
140	180	0.931559
141	15	0.983621
141	23	1.08426
141	28	1.0542
141	40	1.0416
141	43	1.16749
141	51	1.02562
141	58	1.02248
141	69	1.0025
141	71	0.996275
141	76	0.998889
141	84	0.977607
141	90	1.69706
141	91	1.02939
141	93	1.02305
141	94	1.03465
141	110	1.04421
141	113	1.02219
141	116	1.03504
141	127	0.964685
141	134	0.587676
141	142	0.998214
141	144	1.03759
141	146	1.03817
141	149	1.02596
141	155	1.04417
141	157	0.659685
141	158	1.03982
141	159	1.05276
141	161	1.02422
141	168	1.01819
141	177	1.00056
141	180	0.940303
142	6	1.04641
142	16	1.23833
142	23	1.03045
142	26	1.00822
142	28	1.00039
142	34	0.831317
142	39	1.33237
142	40	0.987794
142	51	0.971821
142	67	0.951943
142	69	0.948692
142	76	0.945085
142	84	0.923803
142	91	0.975584
142	94	0.980849
142	96	0.928662
142	110	0.990403
142	112	0.98373
