1	36	0.893403
1	86	0.828931
1	96	0.81189
1	97	0.805852
1	98	0.808089
1	135	2.63461
1	142	0.799769
1	149	0.813478
1	151	1.56872
1	153	0.83123
1	155	2.18716
2	56	0.884211
2	58	0.938642
2	68	0.90858
2	69	0.837272
2	79	0.958196
2	81	0.887383
2	139	0.835368
2	142	0.913355
2	146	0.880395
2	162	1.5119
2	164	2.65626
2	178	2.33376
3	12	0.863509
3	14	0.744595
3	21	0.815748
3	35	0.781404
3	53	0.756787
3	54	0.846177
3	72	0.805698
3	127	0.856307
3	135	2.37088
3	145	0.759874
3	163	2.2132
3	177	2.22375
4	9	0.868525
4	20	0.834309
4	41	0.801115
4	44	0.804481
4	49	0.774616
4	60	0.835088
4	62	0.835588
4	117	0.983504
4	147	0.852291
4	175	2.00278
4	179	3.35405
5	8	0.979263
5	14	0.84317
5	21	0.914324
5	35	0.879979
5	53	0.855363
5	54	0.944752
5	106	0.860001
5	126	1.52952
5	127	0.954883
5	128	2.11573
5	145	0.85845
5	157	2.69459
6	9	0.847511
6	20	0.813294
6	41	0.7801
6	42	0.772561
6	44	0.783466
6	49	0.753601
6	60	0.814073
6	62	0.814573
6	118	1.57528
6	141	1.50684
6	147	0.831276
6	179	3.69619
7	71	0.879049
7	74	0.965088
7	80	0.855801
7	89	0.907291
7	93	0.907647
7	94	0.883004
7	99	1.45923
7	102	0.865779
7	136	0.923971
7	157	2.60578
7	159	1.44712
7	162	1.81835
8	5	0.979263
8	12	0.991205
8	35	0.909099
8	53	0.884482
8	54	0.973872
8	118	1.40938
8	123	1.27273
8	127	0.984002
8	143	1.48658
8	145	0.88757
8	178	2.60047
9	4	0.868525
9	6	0.847511
9	39	1.37019
9	41	0.898744
9	42	0.891205
9	49	0.872245
9	60	0.932717
9	62	0.933217
9	106	1.07781
9	126	1.74732
9	147	0.94992
9	178	2.94682
10	55	1.30148
10	105	1.22469
10	123	0.884393
10	137	0.90566
10	147	0.585394
10	162	0.836693
10	167	0.803462
10	172	0.807365
10	174	0.708198
10	178	0.776644
10	179	0.754079
10	180	0.719315
11	30	0.706458
11	32	0.700682
11	40	0.703461
11	50	0.768371
11	59	0.727649
11	70	0.704182
11	76	0.706349
11	78	0.767134
11	84	0.736815
11	125	2.60476
11	141	0.706036
11	167	3.44939
12	3	0.863509
12	8	0.991205
12	14	0.855112
12	21	0.926266
12	35	0.891921
12	53	0.867304
12	54	0.956694
12	145	0.870392
12	154	2.23359
12	161	1.06977
12	176	2.10076
12	179	2.14338
13	16	0.887419
13	27	0.781549
13	31	0.781779
13	52	0.750671
13	63	0.807642
13	67	0.868666
13	73	0.783167
13	85	1.54463
13	104	0.779927
13	145	2.58925
13	160	2.45349
13	173	0.78681
14	3	0.744595
14	5	0.84317
14	12	0.855112
14	21	0.807351
14	35	0.773007
14	53	0.74839
14	54	0.837779
14	112	1.73912
14	120	2.50285
14	127	0.84791
14	145	0.751477
14	169	2.37241
15	75	0.896045
15	87	0.91896
15	88	0.918664
15	91	0.918464
15	92	0.918347
15	137	0.92449
15	143	0.864996
15	144	1.43344
15	151	1.52669
15	164	2.93132
15	169	0.853641
15	173	1.41745
16	13	0.887419
16	25	0.95734
16	48	0.635723
16	52	0.904731
16	63	0.961702
16	67	1.02273
16	73	0.937227
16	143	0.762332
16	155	1.41253
16	173	0.94087
16	180	4.25844
17	19	0.19802
17	67	0.554328
17	83	1.03744
17	97	1.01688
17	103	0.917261
17	113	0.979476
17	119	0.892526
17	162	0.88071
17	165	0.839744
17	170	0.885905
17	175	0.841493
17	179	0.798095
17	180	0.763331
18	30	0.851227
18	46	0.827509
18	50	0.913139
18	59	0.872417
18	70	0.84895
18	76	0.851118
18	78	0.911903
18	84	0.881583
18	99	1.4902
18	141	0.850805
18	159	1.4781
18	172	2.21485
18	177	2.50781
19	17	0.19802
19	22	0.871282
19	23	0.878063
19	66	0.855996
19	71	0.85888
19	77	0.908094
19	80	0.835632
19	94	0.862836
19	102	0.84561
19	120	1.40965
19	136	0.903802
19	161	2.27111
19	176	3.3021
20	4	0.834309
20	6	0.813294
20	42	0.856988
20	44	0.867893
20	49	0.838028
20	60	0.8985
20	62	0.899
20	104	0.862108
20	134	1.72386
20	137	1.32834
20	138	1.88817
20	147	0.915703
20	168	2.5563
21	3	0.815748
21	5	0.914324
21	12	0.926266
21	14	0.807351
21	43	1.7059
21	53	0.819543
21	54	0.908933
21	72	0.868454
21	127	0.919063
21	138	2.0379
21	140	1.85643
21	141	1.86623
21	145	0.82263
22	19	0.871282
22	74	0.927236
22	77	0.890411
22	80	0.81795
22	83	0.819135
22	89	0.869439
22	93	0.869795
22	102	0.827927
22	136	0.886119
22	157	0.665121
22	159	1.10888
22	165	0.938382
22	174	5.8736
23	19	0.878063
23	47	0.905952
23	71	0.847978
23	77	0.897192
23	83	0.825916
23	89	0.87622
23	93	0.876576
23	94	0.851933
23	102	0.834707
23	133	0.926801
23	164	0.797861
23	174	5.6494
23	179	1.40519
24	29	0.829468
24	36	0.941677
24	82	0.81904
24	90	0.87774
24	96	0.860165
24	98	0.856363
24	136	0.889821
24	149	0.861752
24	153	0.879504
24	165	2.49222
24	167	1.93063
24	171	1.43858
24	175	1.83195
25	16	0.95734
25	27	0.851469
25	31	0.851699
25	52	0.820592
25	63	0.877562
25	72	0.865802
25	73	0.853088
25	107	0.886826
25	122	1.26428
25	148	1.47077
25	158	2.64568
25	167	2.27233
25	173	0.856731
26	101	0.933759
26	108	0.847721
26	111	0.893699
26	116	0.860399
26	119	0.843115
26	135	0.797721
26	145	0.786819
26	149	0.891072
26	152	1.24521
26	153	0.908824
26	157	1.63003
26	170	0.836494
26	180	4.04668
27	13	0.781549
27	25	0.851469
27	31	0.829969
27	52	0.798861
27	63	0.855831
27	67	0.916856
27	72	0.844072
27	73	0.831357
27	107	0.865096
27	140	1.81182
27	162	2.25928
27	166	2.01186
27	169	1.94546
27	173	0.835
28	38	0.841333
28	75	0.833228
28	87	0.856142
28	88	0.855847
28	91	0.855647
28	92	0.85553
28	124	0.870826
28	126	1.69042
28	128	2.27664
28	130	1.52391
28	137	0.861673
28	143	0.802179
28	152	2.47067
28	169	0.790824
29	24	0.829468
29	86	0.845671
29	90	0.846206
29	96	0.82863
29	97	0.822592
29	98	0.824829
29	107	0.849193
29	135	1.20435
29	136	0.858286
29	149	0.830217
29	153	0.84797
29	165	1.38474
29	174	5.5338
29	179	1.28959
30	11	0.706458
30	18	0.851227
30	39	0.618609
30	40	0.841887
30	46	0.821167
30	59	0.866076
30	70	0.842608
30	76	0.844776
30	78	0.905561
30	84	0.875242
30	131	4.28329
30	135	2.179
30	141	0.844463
30	166	1.12596
31	13	0.781779
31	25	0.851699
31	27	0.829969
31	52	0.799091
31	63	0.856061
31	67	0.917086
31	73	0.831587
31	104	0.828347
31	107	0.865326
31	114	1.30093
31	137	0.982405
31	155	1.69769
31	173	0.83523
31	180	4.5436
32	11	0.700682
32	40	0.836111
32	46	0.815391
32	50	0.901022
32	55	0.878628
32	70	0.836832
32	76	0.839
32	78	0.899785
32	84	0.869465
32	139	0.909762
32	141	0.838687
32	151	1.32602
32	165	2.64699
32	179	3.33799
33	75	0.971045
33	87	0.99396
33	88	0.993664
33	91	0.993464
33	92	0.993347
33	128	1.54785
33	137	0.99949
33	139	0.662741
33	143	0.939996
33	154	3.18117
33	168	1.74141
33	169	0.928641
33	170	1.15727
34	56	0.815729
34	58	0.870161
34	61	0.879637
34	65	0.877683
34	68	0.840099
34	69	0.768791
34	79	0.889714
34	81	0.818902
34	134	1.51487
34	142	0.844874
34	146	0.811913
34	148	1.64272
34	172	2.3107
34	177	2.60366
35	3	0.781404
35	5	0.879979
35	8	0.909099
35	12	0.891921
35	14	0.773007
35	53	0.785199
35	54	0.874589
35	57	1.18653
35	72	0.83411
35	127	0.884719
35	137	1.81355
35	145	0.788286
35	151	2.3791
35	160	2.44783
36	1	0.893403
36	24	0.941677
36	82	0.899715
36	86	0.957879
36	97	0.934801
36	98	0.937038
36	112	0.871244
36	115	2.12982
36	126	1.44072
36	142	0.928718
36	149	0.942426
36	153	0.960178
36	159	1.44713
36	178	2.64022
37	82	0.79601
37	86	0.854175
37	90	0.85471
37	96	0.837134
37	97	0.831096
37	98	0.833333
37	118	1.67169
37	125	1.69538
37	136	0.86679
37	141	1.60325
37	142	0.825013
37	149	0.838721
37	153	0.856473
37	164	3.18528
38	28	0.841333
38	75	0.832104
38	87	0.855018
38	88	0.854723
38	91	0.854523
38	92	0.854406
38	122	1.64206
38	124	0.869703
38	137	0.860549
38	143	0.801055
38	146	1.81078
38	168	2.55314
38	169	0.7897
38	170	1.969
39	9	1.37019
39	30	0.618609
39	41	1.59186
39	74	0.792974
39	165	0.854881
39	168	0.864272
39	171	0.896454
39	172	0.866519
39	174	0.767352
39	175	0.856631
39	177	0.844121
39	178	0.835798
39	179	0.813233
39	180	0.778469
40	11	0.703461
40	30	0.841887
40	32	0.836111
40	46	0.818169
40	55	0.881406
40	59	0.863078
40	70	0.839611
40	78	0.902563
40	84	0.872244
40	125	0.876501
40	141	0.841465
40	155	1.5802
40	171	1.22909
40	180	4.42611
41	4	0.801115
41	6	0.7801
41	9	0.898744
41	39	1.59186
41	42	0.823794
41	44	0.8347
41	49	0.804834
41	60	0.865306
41	62	0.865806
41	104	0.828914
41	118	1.97741
41	129	1.56467
41	147	0.882509
41	150	2.25264
42	6	0.772561
42	9	0.891205
42	20	0.856988
42	41	0.823794
42	44	0.82716
42	49	0.797295
42	60	0.857767
42	62	0.858267
42	104	0.821375
42	137	1.40695
42	147	0.87497
42	150	2.13878
42	156	2.51006
42	159	1.86154
43	21	1.7059
43	105	1.4618
43	114	0.860885
43	132	0.859861
43	142	1.30481
43	148	0.838258
43	157	0.774518
43	164	0.755157
43	167	0.762177
43	174	0.666914
43	175	0.756192
43	178	0.73536
43	179	0.712795
43	180	0.67803
44	4	0.804481
44	6	0.783466
44	20	0.867893
44	41	0.8347
44	42	0.82716
44	49	0.8082
44	60	0.868672
44	62	0.869172
44	104	0.83228
44	147	0.885875
44	159	0.751837
44	163	1.771
44	176	2.83214
44	179	2.87475
45	50	0.547732
45	75	1.56907
45	87	1.48857
45	99	0.874725
45	114	0.84458
45	159	0.83859
45	160	0.799246
45	162	0.779104
45	165	0.738138
45	175	0.739888
45	176	0.696951
45	178	0.719055
45	179	0.69649
45	180	0.661726
46	18	0.827509
46	30	0.821167
46	32	0.815391
46	40	0.818169
46	50	0.88308
46	55	0.860686
46	76	0.821058
46	78	0.881843
46	84	0.851524
46	140	1.18424
46	141	0.820745
46	154	3.4736
46	160	1.44016
46	172	1.99723
47	23	0.905952
47	66	0.883885
47	77	0.935983
47	80	0.863522
47	83	0.864707
47	89	0.915011
47	93	0.915367
47	94	0.890725
47	102	0.873499
47	117	0.79592
47	132	1.18632
47	136	0.931691
47	154	3.25668
47	175	1.8152
47	177	2.07327
48	16	0.635723
48	73	1.25464
48	85	1.02377
48	105	1.26865
48	113	1.08518
48	165	0.81656
48	167	0.824295
48	171	0.858133
48	172	0.828198
48	174	0.729031
48	176	0.775373
48	177	0.8058
48	178	0.797477
48	179	0.774912
48	180	0.740148
49	4	0.774616
49	6	0.753601
49	9	0.872245
49	20	0.838028
49	41	0.804834
49	42	0.797295
49	44	0.8082
49	60	0.838807
49	62	0.839307
49	104	0.802415
49	115	2.74936
49	121	1.70353
49	132	2.20944
49	139	1.76137
49	147	0.85601
50	11	0.768371
50	18	0.913139
50	32	0.901022
50	45	0.547732
50	46	0.88308
50	55	0.946316
50	59	0.927988
50	70	0.904521
50	76	0.906689
50	84	0.937154
50	114	0.753642
50	141	0.906375
50	163	1.44017
50	165	1.85293
50	180	3.99631
51	56	0.912811
51	58	0.967243
51	65	0.974765
51	68	0.937181
51	69	0.865873
51	79	0.986796
51	81	0.915983
51	122	1.51868
51	141	1.58996
51	142	0.941956
51	145	1.97184
51	146	0.908995
51	159	1.6564
51	160	1.83608
52	13	0.750671
52	16	0.904731
52	25	0.820592
52	27	0.798861
52	31	0.799091
52	63	0.824954
52	67	0.885978
52	72	0.813194
52	73	0.800479
52	104	0.797239
52	120	1.66751
52	135	2.6565
52	161	2.52897
52	162	1.85089
52	173	0.804122
53	3	0.756787
53	5	0.855363
53	8	0.884482
53	12	0.867304
53	14	0.74839
53	21	0.819543
53	35	0.785199
53	54	0.849972
53	72	0.809493
53	106	1.63226
53	117	2.06056
53	127	0.860102
53	145	0.763669
53	146	2.3392
53	159	2.30819
54	3	0.846177
54	5	0.944752
54	8	0.973872
54	12	0.956694
54	14	0.837779
54	21	0.908933
54	35	0.874589
54	53	0.849972
54	127	0.949492
54	130	1.50252
54	137	1.22086
54	145	0.853059
54	150	1.95269
54	155	2.40484
54	170	1.86468
55	10	1.30148
55	32	0.878628
55	40	0.881406
55	46	0.860686
55	50	0.946316
55	59	0.905594
55	70	0.882127
55	76	0.884295
55	78	0.94508
55	84	0.91476
55	134	1.70629
55	137	1.31078
55	141	0.883982
55	143	1.84456
55	171	2.14365
56	2	0.884211
56	34	0.815729
56	51	0.912811
56	58	0.831226
56	61	0.840702
56	65	0.838748
56	68	0.801164
56	69	0.729857
56	81	0.779967
56	112	1.1901
56	142	0.805939
56	146	0.772979
56	162	2.13722
56	165	3.19791
56	170	1.95522
57	35	1.18653
57	78	0.615806
57	91	0.915289
57	98	1.12732
57	106	1.06223
57	136	0.321115
57	156	0.890995
57	157	0.880187
57	159	0.960563
57	168	0.869502
57	172	0.871749
57	174	0.772582
57	175	0.861861
57	176	0.818924
57	179	0.818463
57	180	0.783699
58	2	0.938642
58	34	0.870161
58	51	0.967243
58	56	0.831226
58	61	0.895134
58	65	0.89318
58	69	0.784288
58	79	0.905211
58	81	0.834398
58	142	0.860371
58	145	1.67569
58	146	0.82741
58	151	1.4712
58	158	2.60393
58	163	2.37941
58	173	1.36197
59	11	0.727649
59	18	0.872417
59	30	0.866076
59	40	0.863078
59	50	0.927988
59	55	0.905594
59	70	0.863799
59	76	0.865967
59	78	0.926752
59	84	0.896432
59	120	1.66637
59	121	1.11538
59	132	1.62129
59	141	0.865653
59	157	2.63718
59	177	2.50824
60	4	0.835088
60	6	0.814073
60	9	0.932717
60	20	0.8985
60	41	0.865306
60	42	0.857767
60	44	0.868672
60	49	0.838807
60	62	0.899779
60	104	0.862887
60	129	1.31336
60	143	1.80329
60	147	0.916482
60	152	2.49793
60	169	1.7815
60	170	1.91332
61	34	0.879637
61	56	0.840702
61	58	0.895134
61	65	0.902656
61	68	0.865072
61	69	0.793764
61	79	0.914687
61	81	0.843874
61	95	0.963431
61	127	1.24049
61	141	1.44582
61	142	0.869847
61	146	0.836886
61	170	1.70149
61	173	1.51398
61	179	3.63518
62	4	0.835588
62	6	0.814573
62	9	0.933217
62	20	0.899
62	41	0.865806
62	42	0.858267
62	44	0.869172
62	49	0.839307
62	60	0.899779
62	104	0.863387
62	126	1.48662
62	129	1.0823
62	147	0.916982
62	169	1.55044
62	170	1.68226
62	176	3.57334
63	13	0.807642
63	16	0.961702
63	25	0.877562
63	27	0.855831
63	31	0.856061
63	52	0.824954
63	67	0.942948
63	73	0.85745
63	104	0.854209
63	107	0.891188
63	127	1.033
63	144	1.32247
63	155	2.03416
63	164	2.82036
63	173	0.861093
63	177	2.33448
64	100	0.877363
64	101	0.918841
64	108	0.832803
64	110	1.21555
64	113	0.915147
64	116	0.845481
64	119	0.828197
64	123	1.14513
64	124	0.894501
64	147	0.911746
64	149	0.876154
64	153	0.893906
64	158	2.52347
64	170	0.821576
64	175	2.05143
64	178	2.47287
65	34	0.877683
65	51	0.974765
65	56	0.838748
65	58	0.89318
65	61	0.902656
65	68	0.863118
65	69	0.79181
65	79	0.912733
65	81	0.841921
65	126	1.24428
65	142	0.867893
65	146	0.834932
65	158	2.49438
65	160	1.43038
65	163	2.26986
65	175	2.02234
66	19	0.855996
66	47	0.883885
66	71	0.825911
66	74	0.91195
66	77	0.875125
66	80	0.802663
66	83	0.803849
66	89	0.854153
66	93	0.854509
66	94	0.829866
66	102	0.81264
66	114	1.71046
66	135	2.55467
66	136	0.870833
66	152	2.15166
66	155	2.10722
66	166	1.50163
67	13	0.868666
67	16	1.02273
67	17	0.554328
67	27	0.916856
67	31	0.917086
67	52	0.885978
67	63	0.942948
67	72	0.931188
67	73	0.918474
67	104	0.915233
67	107	0.952212
67	117	1.33048
67	127	1.30634
67	144	1.59582
67	156	2.22663
67	173	0.922117
67	178	2.77119
68	2	0.90858
68	34	0.840099
68	51	0.937181
68	56	0.801164
68	61	0.865072
68	65	0.863118
68	69	0.754226
68	79	0.875149
68	81	0.804336
68	95	0.923892
68	142	0.830309
68	146	0.797348
68	159	1.34945
68	164	2.86504
68	167	2.21978
68	169	1.40686
68	172	2.08621
69	2	0.837272
69	34	0.768791
69	51	0.865873
69	56	0.729857
69	58	0.784288
69	61	0.793764
69	65	0.79181
69	68	0.754226
69	79	0.803842
69	81	0.733029
69	95	0.852585
69	132	2.20349
69	138	2.16596
69	140	1.98449
69	142	0.759001
69	146	0.726041
69	152	2.83456
70	11	0.704182
70	18	0.84895
70	30	0.842608
70	32	0.836832
70	40	0.839611
70	50	0.904521
70	55	0.882127
70	59	0.863799
70	76	0.8425
70	78	0.903284
70	84	0.872965
70	99	1.61073
70	129	1.1879
70	141	0.842186
70	156	2.24715
70	168	2.372
70	175	2.37027
71	7	0.879049
71	19	0.85888
71	23	0.847978
71	66	0.825911
71	74	0.914834
71	77	0.87801
71	80	0.805548
71	83	0.806734
71	89	0.857037
71	93	0.857393
71	94	0.832751
71	102	0.815525
71	141	1.35735
71	144	1.4415
71	167	2.29412
71	172	2.16054
71	178	2.61687
72	3	0.805698
72	21	0.868454
72	25	0.865802
72	27	0.844072
72	35	0.83411
72	52	0.813194
72	53	0.809493
72	67	0.931188
72	73	0.84569
72	127	0.909013
72	132	0.718834
72	133	0.682582
72	145	0.81258
72	150	0.853306
72	162	0.947296
72	173	0.849333
72	174	6.9432
73	13	0.783167
73	16	0.937227
73	25	0.853088
73	27	0.831357
73	31	0.831587
73	48	1.25464
73	52	0.800479
73	63	0.85745
73	67	0.918474
73	72	0.84569
73	104	0.829735
73	107	0.866714
73	125	1.70026
73	139	1.36926
73	165	3.10648
73	170	1.86379
73	173	0.836618
74	7	0.965088
74	22	0.927236
74	39	0.792974
74	66	0.91195
74	71	0.914834
74	77	0.964048
74	80	0.891587
74	83	0.892772
74	89	0.943076
74	93	0.943432
74	94	0.91879
74	102	0.901564
74	126	1.1701
74	132	1.31929
74	145	1.49196
74	156	1.82504
74	176	3.25682
75	15	0.896045
75	28	0.833228
75	33	0.971045
75	38	0.832104
75	45	1.56907
75	87	0.846913
75	88	0.846618
75	91	0.846418
75	92	0.846301
75	124	0.861597
75	125	1.46804
75	137	0.852444
75	143	0.792949
75	161	2.49166
75	166	1.56616
75	168	2.21572
75	169	0.781594
76	11	0.706349
76	18	0.851118
76	30	0.844776
76	32	0.839
76	46	0.821058
76	50	0.906689
76	55	0.884295
76	59	0.865967
76	70	0.8425
76	78	0.905452
76	84	0.875133
76	106	1.28769
76	115	2.64632
76	127	1.69186
76	141	0.844354
76	166	2.08743
76	169	2.02103
77	19	0.908094
77	22	0.890411
77	23	0.897192
77	47	0.935983
77	66	0.875125
77	71	0.87801
77	74	0.964048
77	83	0.855948
77	93	0.906608
77	94	0.881965
77	102	0.864739
77	122	1.37415
77	130	1.33894
77	136	0.922931
77	140	1.43563
77	151	1.62282
77	163	2.53103
77	177	2.54158
78	11	0.767134
78	18	0.911903
78	30	0.905561
78	32	0.899785
78	40	0.902563
78	46	0.881843
78	55	0.94508
78	57	0.615806
78	59	0.926752
78	70	0.903284
78	76	0.905452
78	84	0.935918
78	126	1.69101
78	130	1.5245
78	141	0.905139
78	143	1.77662
78	166	1.82123
78	177	2.72714
79	2	0.958196
79	34	0.889714
79	51	0.986796
79	58	0.905211
79	61	0.914687
79	65	0.912733
79	68	0.875149
79	69	0.803842
79	81	0.853952
79	95	0.973508
79	120	1.5248
79	127	1.06519
79	142	0.879924
79	146	0.846964
79	152	2.11079
79	156	1.98547
79	157	2.49561
79	171	1.71523
80	7	0.855801
80	19	0.835632
80	22	0.81795
80	47	0.863522
80	66	0.802663
80	71	0.805548
80	74	0.891587
80	83	0.783486
80	89	0.833789
80	93	0.834146
80	94	0.809503
80	102	0.792277
80	112	1.21592
80	115	2.4745
80	134	1.73273
80	136	0.85047
80	163	2.81096
80	170	1.98103
81	2	0.887383
81	34	0.818902
81	51	0.915983
81	56	0.779967
81	58	0.834398
81	61	0.843874
81	65	0.841921
81	68	0.804336
81	69	0.733029
81	79	0.853952
81	95	0.902695
81	110	1.37552
81	142	0.809111
81	146	0.776151
81	158	2.68344
81	160	1.61944
81	161	2.48906
81	172	2.17651
82	24	0.81904
82	36	0.899715
82	37	0.79601
82	86	0.835243
82	90	0.835778
82	96	0.818202
82	97	0.812164
82	98	0.814401
82	107	0.838765
82	121	1.71606
82	129	1.66848
82	136	0.847858
82	138	2.18445
82	142	0.806081
82	145	2.39465
82	149	0.819789
82	153	0.837541
82	169	2.13661
83	17	1.03744
83	22	0.819135
83	23	0.825916
83	47	0.864707
83	66	0.803849
83	71	0.806734
83	74	0.892772
83	77	0.855948
83	80	0.783486
83	89	0.834975
83	93	0.835332
83	94	0.810689
83	102	0.793463
83	134	2.00215
83	136	0.851655
83	146	2.09223
83	159	2.06122
83	162	2.43245
84	11	0.736815
84	18	0.881583
84	30	0.875242
84	32	0.869465
84	40	0.872244
84	46	0.851524
84	50	0.937154
84	55	0.91476
84	59	0.896432
84	70	0.872965
84	76	0.875133
84	78	0.935918
84	85	0.679817
84	132	1.55177
84	141	0.874819
84	168	2.18237
84	171	1.78728
84	177	2.43871
84	178	2.60208
85	13	1.54463
85	48	1.02377
85	84	0.679817
85	96	1.11884
85	123	0.956902
85	124	0.585654
85	149	0.631436
85	153	0.594201
85	162	0.909202
85	168	0.877627
85	169	0.90732
85	171	0.909809
85	174	0.780707
85	175	0.869986
85	176	0.827049
85	177	0.857476
85	178	0.849153
85	179	0.826588
85	180	0.791824
86	1	0.828931
86	29	0.845671
86	36	0.957879
86	37	0.854175
86	82	0.835243
86	90	0.893943
86	96	0.876367
86	97	0.870329
86	98	0.872566
86	134	1.39915
86	136	0.906023
86	142	0.864246
86	148	1.527
86	149	0.877954
86	153	0.895706
86	166	1.58203
86	171	1.8365
86	175	2.22987
86	178	2.65131
87	15	0.91896
87	28	0.856142
87	33	0.99396
87	38	0.855018
87	45	1.48857
87	75	0.846913
87	88	0.869532
87	91	0.869332
87	92	0.869215
87	95	0.946039
87	117	1.11422
87	124	0.884512
87	137	0.875358
87	143	0.815864
87	144	1.37956
87	162	1.73308
87	169	0.804509
87	177	2.39157
87	178	2.55494
88	15	0.918664
88	28	0.855847
88	33	0.993664
88	38	0.854723
88	75	0.846618
88	87	0.869532
88	91	0.869037
88	92	0.86892
88	95	0.945744
88	114	2.05996
88	124	0.884216
88	133	1.83385
88	137	0.875063
88	139	1.42203
88	143	0.815568
88	145	2.04277
88	151	1.83829
88	162	2.09856
88	169	0.804213
89	7	0.907291
89	22	0.869439
89	23	0.87622
89	47	0.915011
89	66	0.854153
89	71	0.857037
89	74	0.943076
89	80	0.833789
89	83	0.834975
89	93	0.885635
89	94	0.860992
89	102	0.843767
89	112	1.12954
89	136	0.901959
89	138	1.81067
89	169	1.76283
89	170	1.89466
89	171	2.08371
89	175	2.47707
90	24	0.87774
90	29	0.846206
90	37	0.85471
90	82	0.835778
90	86	0.893943
90	96	0.876903
90	97	0.870864
90	98	0.873101
90	107	0.897466
90	127	1.4736
90	133	1.85188
90	136	0.906559
90	142	0.864781
90	143	1.82456
90	146	1.77637
90	149	0.87849
90	153	0.896242
90	172	2.48212
90	173	1.74708
91	15	0.918464
91	28	0.855647
91	33	0.993464
91	38	0.854523
91	57	0.915289
91	75	0.846418
91	87	0.869332
91	88	0.869037
91	92	0.86872
91	95	0.945544
91	112	1.42102
91	123	1.86225
91	124	0.884016
91	137	0.874863
91	139	1.6916
91	141	1.93047
91	143	0.815368
91	169	0.804013
91	175	2.76855
92	15	0.918347
92	28	0.85553
92	33	0.993347
92	38	0.854406
92	75	0.846301
92	87	0.869215
92	88	0.86892
92	91	0.86872
92	95	0.945427
92	124	0.883899
92	134	1.26083
92	137	0.874746
92	139	1.0146
92	143	0.815251
92	148	1.38867
92	158	2.56358
92	169	0.803896
92	171	1.69818
92	176	3.40021
93	7	0.907647
93	22	0.869795
93	23	0.876576
93	47	0.915367
93	66	0.854509
93	71	0.857393
93	74	0.943432
93	77	0.906608
93	80	0.834146
93	83	0.835332
93	89	0.885635
93	94	0.861349
93	99	1.40411
93	102	0.844123
93	141	1.32557
93	146	1.42301
93	170	1.58123
93	172	2.12876
93	176	3.47231
94	7	0.883004
94	19	0.862836
94	23	0.851933
94	47	0.890725
94	66	0.829866
94	71	0.832751
94	74	0.91879
94	77	0.881965
94	80	0.809503
94	83	0.810689
94	89	0.860992
94	93	0.861349
94	102	0.81948
94	110	1.1776
94	118	1.24384
94	136	0.877673
94	140	1.16561
94	154	3.45496
94	158	2.48552
94	161	2.29115
95	61	0.963431
95	68	0.923892
95	69	0.852585
95	79	0.973508
95	81	0.902695
95	87	0.946039
95	88	0.945744
95	91	0.945544
95	92	0.945427
95	118	1.41838
95	142	0.928668
95	143	0.892076
95	146	0.895707
95	148	1.48515
95	150	1.69362
95	159	1.41638
95	168	2.18975
95	169	0.880721
95	173	1.4181
95	178	2.60946
96	1	0.81189
96	24	0.860165
96	29	0.82863
96	37	0.837134
96	82	0.818202
96	85	1.11884
96	86	0.876367
96	90	0.876903
96	97	0.853288
96	98	0.855525
96	107	0.87989
96	110	1.78379
96	114	2.18065
96	136	0.888983
96	142	0.847205
96	146	1.87903
96	149	0.860914
96	153	0.878666
96	159	1.84802
96	171	2.2263
97	1	0.805852
97	17	1.01688
97	29	0.822592
97	36	0.934801
97	37	0.831096
97	82	0.812164
97	86	0.870329
97	90	0.870864
97	96	0.853288
97	98	0.849487
97	107	0.873851
97	129	1.62992
97	136	0.882944
97	138	2.14589
97	140	1.96442
97	142	0.841167
97	148	2.10943
97	149	0.854875
97	153	0.872628
97	173	2.04237
98	1	0.808089
98	24	0.856363
98	29	0.824829
98	36	0.937038
98	37	0.833333
98	57	1.12732
98	82	0.814401
98	86	0.872566
98	90	0.873101
98	96	0.855525
98	97	0.849487
98	112	1.63306
98	117	1.96131
98	123	2.07429
98	136	0.885181
98	137	1.75435
98	142	0.843404
98	149	0.857112
98	153	0.874865
98	166	2.33275
99	7	1.45923
99	18	1.4902
99	45	0.874725
99	70	1.61073
99	93	1.40411
99	109	1.368
99	148	0.881424
99	160	0.858717
99	161	0.825556
99	163	0.813653
99	165	0.797609
99	167	0.805344
99	172	0.809247
99	174	0.71008
99	175	0.799359
99	176	0.756422
99	177	0.786849
99	178	0.778526
99	179	0.755961
99	180	0.721197
100	64	0.877363
100	101	0.906397
100	105	0.903219
100	108	0.820359
100	109	0.889377
100	111	0.866338
100	113	0.902703
100	116	0.833037
100	119	0.815753
100	123	1.75275
100	126	0.874488
100	135	0.77036
100	137	1.43281
100	143	1.9666
100	144	1.90511
100	147	0.899302
100	149	0.86371
100	150	2.16464
100	170	0.809132
100	171	2.26568
101	26	0.933759
101	64	0.918841
101	100	0.906397
101	103	0.881966
101	105	0.944698
101	106	1.01151
101	108	0.861837
101	110	1.6232
101	111	0.907816
101	113	0.944182
101	116	0.874516
101	119	0.857231
101	126	0.915967
101	130	1.51451
101	133	1.79395
101	144	1.70515
101	149	0.905188
101	153	0.92294
101	156	2.33596
101	167	2.55777
101	170	0.850611
102	7	0.865779
102	19	0.84561
102	22	0.827927
102	23	0.834707
102	47	0.873499
102	66	0.81264
102	71	0.815525
102	74	0.901564
102	77	0.864739
102	80	0.792277
102	83	0.793463
102	89	0.843767
102	93	0.844123
102	94	0.81948
102	123	1.71216
102	132	1.98958
102	136	0.860447
102	140	1.77058
102	151	1.95776
102	155	2.5762
102	170	2.03604
103	17	0.917261
103	101	0.881966
103	105	0.878788
103	108	0.795927
103	109	0.864946
103	111	0.841906
103	113	0.878272
103	116	0.808606
103	119	0.791322
103	121	1.65293
103	124	0.857626
103	135	0.745928
103	139	1.71077
103	147	0.874871
103	149	0.839279
103	153	0.857031
103	160	2.19575
103	162	2.3873
103	169	2.07348
103	170	0.784701
103	173	2.01779
104	13	0.779927
104	20	0.862108
104	31	0.828347
104	41	0.828914
104	42	0.821375
104	44	0.83228
104	49	0.802415
104	52	0.797239
104	60	0.862887
104	62	0.863387
104	63	0.854209
104	67	0.915233
104	73	0.829735
104	129	0.932228
104	131	4.13357
104	147	0.88009
104	161	1.90175
104	162	1.22367
104	172	1.58919
104	173	0.833378
104	176	2.93274
105	10	1.22469
105	43	1.4618
105	48	1.26865
105	100	0.903219
105	101	0.944698
105	103	0.878788
105	108	0.858659
105	109	0.927677
105	110	1.62433
105	111	0.904638
105	113	0.941003
105	116	0.871338
105	119	0.854053
105	122	1.55085
105	124	0.920358
105	147	0.937602
105	149	0.90201
105	150	1.96581
105	153	0.919762
105	170	0.847433
105	173	1.69029
106	5	0.860001
106	9	1.07781
106	53	1.63226
106	57	1.06223
106	76	1.28769
106	101	1.01151
106	107	1.01241
106	128	0.90911
106	131	0.827309
106	149	0.684686
106	154	0.847956
106	156	0.894021
106	157	0.883212
106	160	0.924244
106	166	0.933321
106	167	0.870871
106	172	0.874775
106	175	0.864886
106	177	0.852376
106	178	0.844054
106	179	0.821488
106	180	0.786724
107	25	0.886826
107	27	0.865096
107	29	0.849193
107	31	0.865326
107	63	0.891188
107	67	0.952212
107	73	0.866714
107	82	0.838765
107	90	0.897466
107	96	0.87989
107	97	0.873851
107	106	1.01241
107	121	1.3252
107	125	1.71403
107	127	1.41658
107	142	0.867768
107	149	0.881477
107	153	0.899229
107	160	1.86803
107	172	2.4251
107	173	0.870357
107	177	2.71806
108	26	0.847721
108	64	0.832803
108	100	0.820359
108	101	0.861837
108	103	0.795927
108	105	0.858659
108	109	0.844817
108	111	0.821777
108	113	0.858143
108	116	0.788477
108	119	0.771193
108	124	0.837497
108	126	0.829928
108	134	1.00435
108	144	1.08113
108	147	0.854742
108	149	0.81915
108	150	1.34066
108	164	2.57901
108	167	1.93375
108	170	0.764572
108	180	4.63872
109	99	1.368
109	100	0.889377
109	103	0.864946
109	105	0.927677
109	108	0.844817
109	111	0.890796
109	113	0.927161
109	116	0.857496
109	119	0.840211
109	121	0.992753
109	124	0.906515
109	126	0.898947
109	135	0.794818
109	147	0.92376
109	149	0.888168
109	151	1.46685
109	153	0.90592
109	161	2.40521
109	165	2.78782
109	166	1.47971
109	170	0.83359
109	172	2.09265
110	64	1.21555
110	81	1.37552
110	94	1.1776
110	96	1.78379
110	101	1.6232
110	105	1.62433
110	117	0.957513
110	122	0.923313
110	150	0.866231
110	152	0.823337
110	156	0.829659
110	159	0.899227
110	163	0.81482
110	164	0.79949
110	165	0.798775
110	168	0.808166
110	171	0.840348
110	172	0.810414
110	176	0.757588
110	178	0.779692
110	179	0.757127
110	180	0.722363
111	26	0.893699
111	100	0.866338
111	101	0.907816
111	103	0.841906
111	105	0.904638
111	108	0.821777
111	109	0.890796
111	113	0.904122
111	116	0.834456
111	119	0.817172
111	126	0.875907
111	128	2.28281
111	135	0.771778
111	140	1.62677
111	144	1.72071
111	147	0.900721
111	149	0.865129
111	153	0.882881
111	166	1.82682
111	169	1.76041
111	170	0.810551
111	173	1.70473
111	175	2.47465
112	14	1.73912
112	36	0.871244
112	56	1.1901
112	80	1.21592
112	89	1.12954
112	91	1.42102
112	98	1.63306
112	148	0.939112
112	151	0.941242
112	157	0.875372
112	158	0.860343
112	162	0.896263
112	166	0.925481
112	168	0.864688
112	171	0.896869
112	172	0.866935
112	174	0.767768
112	175	0.857046
112	176	0.814109
112	177	0.844536
112	178	0.836214
112	179	0.813648
112	180	0.778884
113	17	0.979476
113	48	1.08518
113	64	0.915147
113	100	0.902703
113	101	0.944182
113	103	0.878272
113	105	0.941003
113	108	0.858143
113	109	0.927161
113	111	0.904122
113	116	0.870822
113	119	0.853537
113	121	1.14196
113	135	0.808144
113	139	1.1998
113	147	0.937086
113	149	0.901494
113	153	0.919246
113	157	2.66376
113	159	1.5051
113	163	2.52426
113	168	2.27847
113	170	0.846916
113	173	1.50682
114	31	1.30093
114	43	0.860885
114	45	0.84458
114	50	0.753642
114	66	1.71046
114	88	2.05996
114	96	2.18065
114	117	0.926202
114	128	0.813437
114	132	0.872882
114	147	1.38191
114	152	0.792026
114	155	0.817458
114	156	0.798348
114	163	0.783508
114	164	0.768178
114	167	0.775198
114	171	0.809037
114	172	0.779102
114	174	0.679935
114	175	0.769214
114	176	0.726277
114	177	0.756704
114	179	0.725816
114	180	0.691052
115	36	2.12982
115	49	2.74936
115	76	2.64632
115	80	2.4745
115	141	0.782047
115	143	0.740977
115	144	0.810404
115	148	0.774353
115	157	0.710613
115	158	0.695584
115	162	0.731504
115	163	0.706582
115	164	0.691252
115	165	0.690538
115	166	0.760722
115	167	0.698272
115	171	0.732111
115	172	0.702176
115	173	0.780157
115	175	0.692287
115	176	0.64935
115	177	0.679777
115	178	0.671455
115	179	0.648889
115	180	0.614125
116	26	0.860399
116	64	0.845481
116	100	0.833037
116	101	0.874516
116	103	0.808606
116	105	0.871338
116	108	0.788477
116	109	0.857496
116	111	0.834456
116	113	0.870822
116	118	1.10402
116	119	0.783871
116	124	0.850176
116	126	0.842607
116	128	1.68182
116	131	4.38315
116	135	0.738478
116	146	1.13302
116	147	0.867421
116	149	0.831829
116	153	0.849581
116	161	2.15132
116	170	0.777251
116	172	1.83877
116	177	2.13173
117	4	0.983504
117	47	0.79592
117	53	2.06056
117	67	1.33048
117	87	1.11422
117	98	1.96131
117	110	0.957513
117	114	0.926202
117	136	1.1551
117	150	0.887216
117	156	0.850644
117	157	0.839836
117	162	0.860726
117	164	0.820475
117	165	0.81976
117	166	0.889944
117	168	0.829151
117	172	0.831398
117	174	0.732231
117	175	0.82151
117	176	0.778573
117	177	0.809
117	178	0.800677
117	179	0.778112
117	180	0.743348
118	6	1.57528
118	8	1.40938
118	37	1.67169
118	41	1.97741
118	94	1.24384
118	95	1.41838
118	116	1.10402
118	122	0.905208
118	130	0.877072
118	133	0.882831
118	137	0.890604
118	139	0.95607
118	141	0.87218
118	143	0.831109
118	155	0.830664
118	158	0.785717
118	162	0.821636
118	163	0.796714
118	165	0.78067
118	166	0.850854
118	173	0.87029
118	174	0.693141
118	176	0.739483
118	178	0.761587
118	179	0.739022
118	180	0.704258
119	17	0.892526
119	26	0.843115
119	64	0.828197
119	100	0.815753
119	101	0.857231
119	103	0.791322
119	105	0.854053
119	108	0.771193
119	109	0.840211
119	111	0.817172
119	113	0.853537
119	116	0.783871
119	120	2.02881
119	124	0.832891
119	126	0.825322
119	129	1.43023
119	135	0.721194
119	141	1.77452
119	147	0.850136
119	148	1.90973
119	149	0.814544
119	153	0.832296
119	163	2.86012
119	166	1.96477
119	167	2.71129
119	170	0.759966
120	14	2.50285
120	19	1.40965
120	52	1.66751
120	59	1.66637
120	79	1.5248
120	119	2.02881
120	121	0.909943
120	128	0.795016
120	131	0.713216
120	134	0.862195
120	138	0.806505
120	140	0.847706
120	141	0.840553
120	150	0.816499
120	151	0.834989
120	154	0.733863
120	155	0.799038
120	163	0.765088
120	165	0.749043
120	168	0.758434
120	172	0.760682
120	174	0.661514
120	176	0.707856
120	177	0.738283
120	178	0.72996
120	179	0.707395
120	180	0.672631
121	49	1.70353
121	59	1.11538
121	82	1.71606
121	103	1.65293
121	107	1.3252
121	109	0.992753
121	113	1.14196
121	120	0.909943
121	128	0.867895
121	130	0.918323
121	135	0.829311
121	150	0.889377
121	151	0.907867
121	153	0.960237
121	156	0.852806
121	160	0.883029
121	161	0.849868
121	162	0.862888
121	164	0.822636
121	165	0.821922
121	171	0.863495
121	172	0.83356
121	174	0.734393
121	175	0.823671
121	176	0.780734
121	177	0.811161
121	179	0.780273
121	180	0.745509
122	25	1.26428
122	38	1.64206
122	51	1.51868
122	77	1.37415
122	105	1.55085
122	110	0.923313
122	118	0.905208
122	123	0.874226
122	131	0.749733
122	142	1.39386
122	145	0.838427
122	149	1.2229
122	154	0.77038
122	155	0.835554
122	163	0.801604
122	164	0.786275
122	167	0.793295
122	169	0.824644
122	170	0.831722
122	171	0.827133
122	172	0.797198
122	174	0.698031
122	175	0.78731
122	176	0.744373
122	177	0.7748
122	178	0.766477
122	179	0.743912
122	180	0.709148
123	8	1.27273
123	10	0.884393
123	64	1.14513
123	85	0.956902
123	91	1.86225
123	98	2.07429
123	100	1.75275
123	102	1.71216
123	122	0.874226
123	130	0.84609
123	140	0.848351
123	145	0.802556
123	153	1.18873
123	154	0.734508
123	155	0.799683
123	158	0.754735
123	159	0.85014
123	160	0.810796
123	161	0.777635
123	162	0.790654
123	163	0.765733
123	164	0.750403
123	169	0.788772
123	173	0.839308
123	174	0.662159
123	175	0.751438
123	176	0.708501
123	179	0.70804
123	180	0.673276
124	28	0.870826
124	38	0.869703
124	64	0.894501
124	75	0.861597
124	85	0.585654
124	87	0.884512
124	88	0.884216
124	91	0.884016
124	92	0.883899
124	103	0.857626
124	105	0.920358
124	108	0.837497
124	109	0.906515
124	116	0.850176
124	119	0.832891
124	127	1.04307
124	134	1.25576
124	137	0.890042
124	143	0.830548
124	149	0.880848
124	153	0.8986
124	160	1.49452
124	168	2.0882
124	169	0.819193
124	170	0.826271
124	171	1.69312
124	173	1.31656
124	175	2.08648
124	180	4.89014
125	11	2.60476
125	37	1.69538
125	40	0.876501
125	73	1.70026
125	75	1.46804
125	107	1.71403
125	131	0.734779
125	134	0.883758
125	144	0.890473
125	152	0.795168
125	153	1.34907
125	155	0.8206
125	156	0.80149
125	158	0.775652
125	160	0.831714
125	161	0.798553
125	163	0.78665
125	164	0.771321
125	167	0.778341
125	168	0.779997
125	170	0.816768
125	171	0.812179
125	172	0.782244
125	174	0.683077
125	175	0.772356
125	176	0.729419
125	177	0.759846
125	178	0.751523
125	179	0.728958
125	180	0.694194
126	5	1.52952
126	9	1.74732
126	28	1.69042
126	36	1.44072
126	62	1.48662
126	65	1.24428
126	74	1.1701
126	78	1.69101
126	100	0.874488
126	101	0.915967
126	108	0.829928
126	109	0.898947
126	111	0.875907
126	116	0.842607
126	119	0.825322
126	147	0.908872
126	150	0.839996
126	153	0.891032
126	157	0.792616
126	158	0.777586
126	161	0.800486
126	163	0.788584
126	165	0.77254
126	169	0.811624
126	170	0.818702
126	172	0.784178
126	176	0.731353
126	177	0.76178
126	179	0.730892
126	180	0.696128
127	3	0.856307
127	5	0.954883
127	8	0.984002
127	14	0.84791
127	21	0.919063
127	35	0.884719
127	53	0.860102
127	54	0.949492
127	61	1.24049
127	63	1.033
127	67	1.30634
127	72	0.909013
127	76	1.69186
127	79	1.06519
127	90	1.4736
127	107	1.41658
127	124	1.04307
127	136	1.13097
127	145	0.863189
127	159	0.910774
127	165	0.810322
127	166	0.880506
127	168	0.819713
127	171	0.851895
127	175	0.812072
127	176	0.769135
127	177	0.799562
127	178	0.791239
127	179	0.768674
127	180	0.73391
128	5	2.11573
128	28	2.27664
128	33	1.54785
128	106	0.90911
128	111	2.28281
128	114	0.813437
128	116	1.68182
128	120	0.795016
128	121	0.867895
128	131	0.671167
128	138	0.764457
128	139	0.882395
128	144	0.826862
128	148	0.79081
128	152	0.731557
128	153	1.90318
128	161	0.734941
128	163	0.723039
128	164	0.70771
128	166	0.777179
128	167	0.71473
128	168	0.716386
128	169	0.746079
128	171	0.748568
128	174	0.619466
128	175	0.708745
128	176	0.665808
128	177	0.696235
128	178	0.687912
128	179	0.665347
128	180	0.630583
129	41	1.56467
129	60	1.31336
129	62	1.0823
129	70	1.1879
129	82	1.66848
129	97	1.62992
129	104	0.932228
129	119	1.43023
129	132	0.92486
129	133	0.921603
129	134	0.932594
129	135	0.826831
129	136	0.992002
129	144	0.939309
129	150	0.886898
129	152	0.844004
129	158	0.824488
129	159	0.919894
129	162	0.860408
129	164	0.820156
129	168	0.828833
129	171	0.861015
129	172	0.83108
129	173	0.909062
129	174	0.731913
129	175	0.821192
129	176	0.778255
129	177	0.808682
129	178	0.800359
129	179	0.777794
129	180	0.74303
130	28	1.52391
130	54	1.50252
130	77	1.33894
130	78	1.5245
130	101	1.51451
130	118	0.877072
130	121	0.918323
130	123	0.84609
130	133	0.859584
130	136	1.22981
130	139	0.932823
130	145	0.810291
130	149	1.18769
130	152	0.781986
130	153	1.15046
130	156	0.788308
130	157	0.777499
130	160	0.818531
130	161	0.78537
130	162	0.79839
130	163	0.773468
130	166	0.827608
130	167	0.765158
130	168	0.766815
130	171	0.798997
130	172	0.769062
130	173	0.847043
130	175	0.759173
130	177	0.746663
130	178	0.738341
130	179	0.715775
130	180	0.681011
131	30	4.28329
131	104	4.13357
131	106	0.827309
131	116	4.38315
131	120	0.713216
131	122	0.749733
131	125	0.734779
131	128	0.671167
131	135	0.632584
131	140	0.723857
131	144	0.745061
131	145	0.678062
131	148	0.70901
131	151	0.71114
131	152	0.649757
131	155	0.675189
131	156	0.656079
131	158	0.630241
131	159	0.725646
131	160	0.686302
131	163	0.641239
131	164	0.625909
131	165	0.625194
131	167	0.632929
131	172	0.636833
131	174	0.537666
131	175	0.626944
131	176	0.584007
131	177	0.614434
131	178	0.606112
131	179	0.583546
131	180	0.548782
132	43	0.859861
132	47	1.18632
132	49	2.20944
132	59	1.62129
132	69	2.20349
132	72	0.718834
132	74	1.31929
132	84	1.55177
132	102	1.98958
132	114	0.872882
132	129	0.92486
132	134	0.879592
132	138	0.823902
132	140	0.865103
132	148	0.850255
132	152	0.791002
132	154	0.75126
132	158	0.771487
132	160	0.827548
132	161	0.794387
132	162	0.807407
132	166	0.836624
132	171	0.808013
132	172	0.778079
132	173	0.85606
132	174	0.678911
132	175	0.76819
132	176	0.725253
132	177	0.75568
132	178	0.747357
132	179	0.724792
132	180	0.690028
133	23	0.926801
133	72	0.682582
133	88	1.83385
133	90	1.85188
133	101	1.79395
133	118	0.882831
133	129	0.921603
133	130	0.859584
133	136	1.50925
133	142	1.6381
133	145	0.81605
133	147	1.15579
133	148	0.846998
133	151	0.849128
133	152	0.787745
133	154	0.748002
133	155	0.813177
133	157	0.783258
133	159	0.863635
133	160	0.82429
133	162	0.804149
133	164	0.763897
133	165	0.763183
133	166	0.833367
133	168	0.772574
133	172	0.774821
133	174	0.675654
133	175	0.764932
133	176	0.721995
133	177	0.752422
133	178	0.7441
133	179	0.721534
133	180	0.68677
134	20	1.72386
134	34	1.51487
134	55	1.70629
134	80	1.73273
134	83	2.00215
134	86	1.39915
134	92	1.26083
134	108	1.00435
134	120	0.862195
134	124	1.25576
134	125	0.883758
134	129	0.932594
134	132	0.879592
134	137	0.884107
134	139	0.949574
134	148	0.857989
134	151	0.86012
134	158	0.77922
134	160	0.835282
134	161	0.80212
134	163	0.790218
134	164	0.774889
134	165	0.774174
134	166	0.844358
134	167	0.781909
134	170	0.820336
134	171	0.815747
134	172	0.785812
134	175	0.775924
134	176	0.732987
134	177	0.763414
134	178	0.755091
134	179	0.732526
134	180	0.697762
135	1	2.63461
135	3	2.37088
135	26	0.797721
135	29	1.20435
135	30	2.179
135	52	2.6565
135	66	2.55467
135	100	0.77036
135	103	0.745928
135	109	0.794818
135	111	0.771778
135	113	0.808144
135	116	0.738478
135	119	0.721194
135	121	0.829311
135	129	0.826831
135	131	0.632584
135	138	0.725873
135	147	0.804743
135	149	0.769151
135	151	0.754357
135	153	0.786903
135	156	0.699295
135	157	0.688487
135	159	0.768863
135	160	0.729519
135	165	0.668411
135	170	0.714573
135	172	0.680049
135	176	0.627224
135	177	0.657651
135	178	0.649328
135	179	0.626763
135	180	0.591999
136	7	0.923971
136	19	0.903802
136	22	0.886119
136	24	0.889821
136	29	0.858286
136	37	0.86679
136	47	0.931691
136	57	0.321115
136	66	0.870833
136	77	0.922931
136	80	0.85047
136	82	0.847858
136	83	0.851655
136	86	0.906023
136	89	0.901959
136	90	0.906559
136	94	0.877673
136	96	0.888983
136	97	0.882944
136	98	0.885181
136	102	0.860447
136	117	1.1551
136	127	1.13097
136	129	0.992002
136	130	1.22981
136	133	1.50925
136	142	0.876861
136	149	0.89057
136	153	0.908322
136	166	1.52654
136	171	1.78101
136	173	1.40445
136	175	2.17438
136	179	3.52565
137	10	0.90566
137	15	0.92449
137	20	1.32834
137	28	0.861673
137	31	0.982405
137	33	0.99949
137	35	1.81355
137	38	0.860549
137	42	1.40695
137	54	1.22086
137	55	1.31078
137	75	0.852444
137	87	0.875358
137	88	0.875063
137	91	0.874863
137	92	0.874746
137	98	1.75435
137	100	1.43281
137	118	0.890604
137	124	0.890042
137	134	0.884107
137	143	0.821394
137	144	0.890822
137	147	0.594688
137	149	0.906027
137	155	0.82095
137	157	0.791031
137	169	0.810039
137	171	0.812528
137	172	0.782594
137	175	0.772705
137	176	0.729768
137	177	0.760195
137	179	0.729307
137	180	0.694543
138	20	1.88817
138	21	2.0379
138	69	2.16596
138	82	2.18445
138	89	1.81067
138	97	2.14589
138	120	0.806505
138	128	0.764457
138	132	0.823902
138	135	0.725873
138	139	0.893884
138	143	0.768923
138	144	0.838351
138	147	1.15451
138	150	0.78594
138	151	0.80443
138	152	0.743046
138	154	0.703303
138	155	0.768478
138	159	0.818936
138	161	0.74643
138	163	0.734528
138	165	0.718484
138	166	0.788668
138	167	0.726218
138	168	0.727875
138	172	0.730122
138	173	0.808104
138	174	0.630955
138	175	0.720234
138	176	0.677297
138	177	0.707724
138	178	0.699401
138	179	0.676836
138	180	0.642072
139	2	0.835368
139	32	0.909762
139	33	0.662741
139	49	1.76137
139	73	1.36926
139	88	1.42203
139	91	1.6916
