1	17	0.98615
1	18	1.07215
1	25	0.947923
1	28	1.06886
1	34	1.01583
1	121	1.03641
1	123	1.36588
1	161	0.921523
1	166	2.62865
1	174	1.95386
2	11	1.02392
2	20	0.994984
2	35	0.879706
2	37	0.955386
2	70	0.981064
2	73	0.969235
2	78	0.965728
2	141	1.86777
2	158	0.816806
2	162	0.850228
2	172	3.35661
2	176	1.34842
3	8	0.847297
3	23	0.846411
3	24	0.923384
3	43	0.87289
3	44	0.893507
3	50	0.871859
3	129	1.99211
3	145	0.880124
3	152	0.798479
3	156	3.22921
3	158	0.730819
3	177	0.770004
4	12	0.91185
4	14	1.032
4	15	0.997137
4	31	0.944704
4	38	0.964452
4	49	2.08919
4	84	1.48287
4	105	1.74028
4	129	0.936428
4	146	0.841396
4	153	0.941633
4	166	0.860684
5	29	0.865403
5	32	0.847343
5	45	0.83416
5	47	0.833653
5	48	0.833307
5	52	0.833111
5	56	0.833034
5	65	0.896661
5	74	5.7
5	140	0.799192
5	145	0.853727
5	180	2.06979
6	58	0.724951
6	70	0.759516
6	78	0.74418
6	126	0.746251
6	133	0.730199
6	135	0.734465
6	159	0.662683
6	164	0.679239
6	166	0.648637
6	174	0.688405
6	179	0.629037
6	180	0.641988
7	33	0.868197
7	41	0.866143
7	55	0.851069
7	60	0.833489
7	62	0.850642
7	63	0.850674
7	67	0.891825
7	92	1.7807
7	140	0.812534
7	156	3.4772
7	166	0.771144
7	173	0.81777
8	3	0.847297
8	23	0.845698
8	24	0.922671
8	43	0.872177
8	44	0.892794
8	50	0.871146
8	145	0.879411
8	152	0.797766
8	158	0.730106
8	162	3.79792
8	176	1.82988
8	177	0.769291
9	25	0.810371
9	31	0.883915
9	34	0.878274
9	35	0.809415
9	73	0.898944
9	78	0.895437
9	137	1.90233
9	153	0.880844
9	161	0.78397
9	162	0.779937
9	165	3.66019
9	166	0.799895
10	94	0.913788
10	103	1.97546
10	122	0.918981
10	124	0.921609
10	127	0.917087
10	128	0.950139
10	130	0.94345
10	133	0.942255
10	134	0.942262
10	135	0.946521
10	155	1.99015
10	174	2.55137
11	2	1.02392
11	35	0.883639
11	37	0.959319
11	58	0.950433
11	70	0.984997
11	73	0.973168
11	78	0.969661
11	132	1.04191
11	158	0.820739
11	162	0.854161
11	172	3.96775
11	173	1.55784
12	4	0.91185
12	14	0.942874
12	15	0.908007
12	31	0.855574
12	38	0.875321
12	129	0.847297
12	146	0.752265
12	153	0.852503
12	166	0.771553
12	170	3.06679
12	174	2.34188
13	26	0.832005
13	51	0.884274
13	54	0.878912
13	57	0.882503
13	66	0.928579
13	71	0.838051
13	80	0.887663
13	146	0.772652
13	150	2.95176
13	155	2.29313
13	173	0.838566
14	4	1.032
14	12	0.942874
14	15	1.02816
14	31	0.975728
14	38	0.995476
14	76	1.27295
14	146	0.87242
14	153	0.972657
14	166	0.891708
14	167	3.03183
14	170	2.28869
15	4	0.997137
15	12	0.908007
15	14	1.02816
15	31	0.940861
15	38	0.960609
15	61	1.58143
15	129	0.932585
15	139	2.3859
15	146	0.837553
15	153	0.937791
15	163	2.36324
15	166	0.856841
16	84	0.945974
16	88	0.23052
16	119	0.841361
16	124	1.46946
16	148	0.856868
16	164	0.844985
16	165	0.807205
16	167	0.814808
16	171	0.808004
16	172	0.802745
16	174	0.854151
16	180	0.807734
17	1	0.98615
17	18	0.903795
17	25	0.779566
17	28	0.900503
17	34	0.847469
17	92	1.70186
17	98	0.868201
17	105	0.83248
17	121	0.868055
17	161	0.753166
17	169	3.20565
18	1	1.07215
18	17	0.903795
18	25	0.865568
18	28	0.986506
18	34	0.933471
18	98	0.954203
18	105	0.918482
18	108	1.35719
18	121	0.954057
18	131	1.92609
18	150	2.94608
18	161	0.839168
19	64	0.825769
19	87	0.823802
19	99	0.852937
19	113	0.826534
19	122	0.806728
19	124	0.809356
19	126	0.846054
19	128	0.837886
19	130	0.831197
19	133	0.830002
19	134	0.830009
19	157	2.63025
19	169	3.0282
20	2	0.994984
20	22	0.976237
20	35	0.854705
20	37	0.930385
20	58	0.921499
20	70	0.956063
20	73	0.944234
20	78	0.940728
20	116	1.50358
20	120	4.36445
20	147	2.04591
20	158	0.791806
20	162	0.825228
21	30	1.54037
21	33	0.934443
21	36	0.933647
21	41	0.93239
21	55	0.917316
21	60	0.899736
21	62	0.916889
21	63	0.91692
21	67	0.958071
21	101	1.78591
21	118	2.6862
21	166	0.837391
21	173	0.884017
22	20	0.976237
22	35	0.860959
22	37	0.936639
22	58	0.927753
22	70	0.962317
22	73	0.950488
22	78	0.946981
22	129	0.927183
22	148	1.46994
22	158	0.798059
22	162	0.831481
22	167	2.50368
22	177	3.04062
23	3	0.846411
23	8	0.845698
23	24	0.921785
23	43	0.871291
23	44	0.891908
23	50	0.87026
23	137	2.54332
23	145	0.878525
23	152	0.79688
23	158	0.72922
23	176	3.02519
23	177	0.768405
24	3	0.923384
24	8	0.922671
24	23	0.921785
24	43	0.948264
24	44	0.968881
24	50	0.947233
24	136	1.77617
24	143	1.17837
24	145	0.955497
24	152	0.873853
24	158	0.806193
24	177	0.845378
24	178	4.72541
25	1	0.947923
25	9	0.810371
25	17	0.779566
25	18	0.865568
25	28	0.862277
25	30	0.870804
25	34	0.809242
25	98	0.829974
25	105	0.794253
25	121	0.829828
25	129	2.1628
25	152	3.28087
25	161	0.714939
26	13	0.832005
26	51	0.852786
26	54	0.847424
26	57	0.851014
26	66	0.897091
26	71	0.806563
26	80	0.856175
26	90	0.78787
26	121	0.859417
26	136	2.89842
26	146	0.741164
26	155	2.90462
26	173	0.807078
27	29	0.935403
27	32	0.917343
27	45	0.90416
27	47	0.903653
27	48	0.903307
27	52	0.903111
27	56	0.903034
27	65	0.966661
27	116	1.23455
27	140	0.869192
27	145	0.923727
27	152	2.48024
27	173	2.61626
28	1	1.06886
28	17	0.900503
28	18	0.986506
28	25	0.862277
28	34	0.93018
28	98	0.950912
28	105	0.915191
28	121	0.950765
28	129	1.22308
28	149	3.1029
28	157	1.86951
28	161	0.835876
29	5	0.865403
29	27	0.935403
29	32	0.917529
29	45	0.904346
29	47	0.90384
29	48	0.903493
29	52	0.903298
29	56	0.903221
29	59	1.38274
29	65	0.966847
29	145	0.923913
29	152	2.53143
29	163	2.51392
30	21	1.54037
30	25	0.870804
30	34	0.938708
30	47	0.469719
30	70	0.479212
30	71	0.906439
30	80	0.956051
30	154	0.911151
30	155	0.924485
30	161	0.844404
30	172	0.84869
30	173	0.906955
30	179	0.840728
30	180	0.853679
31	4	0.944704
31	9	0.883915
31	12	0.855574
31	14	0.975728
31	15	0.940861
31	38	0.908176
31	88	0.930281
31	123	1.24697
31	129	0.880152
31	142	1.98167
31	146	0.78512
31	153	0.885358
31	162	3.9031
31	166	0.804408
32	5	0.847343
32	27	0.917343
32	29	0.917529
32	45	0.886286
32	47	0.885779
32	48	0.885433
32	52	0.885237
32	56	0.88516
32	65	0.948787
32	139	0.989106
32	140	0.851318
32	145	0.905853
32	174	1.4216
32	179	4.7339
33	7	0.868197
33	21	0.934443
33	36	0.913696
33	41	0.912439
33	55	0.897365
33	60	0.879786
33	62	0.896939
33	63	0.89697
33	67	0.938121
33	76	2.61389
33	157	1.99545
33	166	0.81744
33	168	2.57853
33	173	0.864066
34	1	1.01583
34	9	0.878274
34	17	0.847469
34	18	0.933471
34	25	0.809242
34	28	0.93018
34	30	0.938708
34	98	0.897877
34	105	0.862156
34	121	0.897731
34	151	1.6557
34	161	0.782842
34	174	2.63778
34	176	2.73789
35	2	0.879706
35	9	0.809415
35	11	0.883639
35	20	0.854705
35	22	0.860959
35	58	0.806221
35	70	0.840786
35	73	0.828956
35	78	0.82545
35	121	0.828872
35	143	2.36745
35	158	0.676528
35	162	0.70995
35	176	3.56804
36	21	0.933647
36	33	0.913696
36	41	0.911642
36	55	0.896569
36	60	0.878989
36	62	0.896142
36	63	0.896173
36	67	0.937324
36	140	0.858034
36	147	2.85281
36	151	1.2088
36	166	0.816644
36	173	0.86327
36	175	3.05527
37	2	0.955386
37	11	0.959319
37	20	0.930385
37	22	0.936639
37	58	0.881901
37	70	0.916465
37	73	0.904636
37	78	0.90113
37	129	0.881331
37	148	1.60122
37	158	0.752208
37	161	3.36748
37	162	0.78563
37	167	2.63496
38	4	0.964452
38	12	0.875321
38	14	0.995476
38	15	0.960609
38	31	0.908176
38	88	0.950028
38	101	1.18559
38	129	0.899899
38	137	2.10501
38	146	0.804867
38	153	0.905105
38	165	3.86287
38	166	0.824155
39	51	0.637245
39	104	1.18619
39	151	0.874114
39	157	0.865362
39	159	0.808742
39	163	0.840223
39	169	0.848343
39	170	0.826731
39	171	0.788317
39	172	0.783058
39	175	0.801427
39	178	0.77307
39	179	0.775097
39	180	0.788047
40	61	1.88258
40	97	0.882754
40	100	0.93009
40	104	0.921689
40	107	0.919777
40	109	0.919947
40	110	0.920148
40	111	0.926918
40	112	0.919083
40	114	2.43522
40	115	0.917442
40	132	2.30201
40	177	0.820162
41	7	0.866143
41	21	0.93239
41	33	0.912439
41	36	0.911642
41	55	0.895312
41	60	0.877732
41	62	0.894885
41	63	0.894916
41	67	0.936067
41	131	1.39547
41	141	2.93752
41	159	2.62659
41	166	0.815386
41	173	0.862013
42	51	3.02738
42	103	0.781511
42	123	0.826609
42	131	0.810824
42	143	0.806399
42	160	0.740033
42	167	0.725346
42	169	0.778568
42	172	0.713283
42	175	0.731652
42	176	0.750332
42	178	0.703295
42	179	0.705322
42	180	0.718272
43	3	0.87289
43	8	0.872177
43	23	0.871291
43	24	0.948264
43	44	0.918387
43	50	0.896739
43	84	1.73461
43	88	0.934951
43	98	0.908189
43	105	1.99202
43	143	2.72279
43	145	0.905003
43	152	0.823358
43	158	0.755699
43	177	0.794883
44	3	0.893507
44	8	0.892794
44	23	0.891908
44	24	0.968881
44	43	0.918387
44	50	0.917356
44	88	0.955569
44	108	1.47132
44	145	0.925621
44	149	2.5523
44	152	0.843976
44	158	0.776316
44	167	3.69623
44	177	0.815501
45	5	0.83416
45	27	0.90416
45	29	0.904346
45	32	0.886286
45	47	0.872596
45	48	0.87225
45	52	0.872054
45	56	0.871977
45	65	0.935604
45	90	0.824163
45	106	1.96645
45	139	2.5784
45	140	0.838135
45	145	0.89267
45	152	2.57325
46	76	1.81316
46	89	0.866715
46	91	0.911112
46	97	0.846333
46	100	0.89367
46	104	0.885269
46	107	0.883357
46	109	0.883527
46	110	0.883728
46	111	0.890497
46	112	0.882663
46	115	0.881022
46	137	1.72223
46	177	0.783742
46	180	4.00037
47	5	0.833653
47	27	0.903653
47	29	0.90384
47	30	0.469719
47	32	0.885779
47	45	0.872596
47	48	0.871743
47	52	0.871548
47	56	0.871471
47	65	0.935097
47	90	0.823657
47	140	0.837629
47	145	0.892163
47	155	2.14119
47	171	3.77644
48	5	0.833307
48	27	0.903307
48	29	0.903493
48	32	0.885433
48	45	0.87225
48	47	0.871743
48	52	0.871201
48	56	0.871124
48	65	0.934751
48	86	1.41327
48	90	0.82331
48	140	0.837282
48	145	0.891817
48	161	3.97614
48	170	2.50048
49	4	2.08919
49	87	1.58722
49	141	0.829442
49	149	0.810986
49	150	0.827309
49	164	0.81874
49	168	0.833773
49	169	0.841785
49	170	0.820173
49	172	0.7765
49	175	0.79487
49	176	0.813549
49	178	0.766512
49	179	0.768539
49	180	0.78149
50	3	0.871859
50	8	0.871146
50	23	0.87026
50	24	0.947233
50	43	0.896739
50	44	0.917356
50	72	1.89873
50	84	1.29464
50	88	0.933921
50	98	0.907159
50	145	0.903973
50	152	0.822328
50	158	0.754668
50	176	3.48342
50	177	0.793853
51	13	0.884274
51	26	0.852786
51	39	0.637245
51	42	3.02738
51	54	0.899693
51	57	0.903283
51	66	0.94936
51	71	0.858831
51	80	0.908444
51	88	0.938594
51	93	0.770959
51	121	0.911685
51	146	0.793433
51	147	1.94105
51	173	0.859347
52	5	0.833111
52	27	0.903111
52	29	0.903298
52	32	0.885237
52	45	0.872054
52	47	0.871548
52	48	0.871201
52	56	0.870929
52	65	0.934555
52	77	1.82902
52	90	0.823115
52	116	2.11012
52	140	0.837087
52	145	0.891622
52	151	2.81136
53	107	3.74008
53	146	0.712007
53	149	0.754142
53	150	0.770465
53	157	0.801961
53	164	0.761896
53	168	0.776929
53	170	0.763329
53	172	0.719656
53	174	0.771062
53	175	0.738025
53	176	0.756705
53	178	0.709668
53	179	0.711695
53	180	0.724645
54	13	0.878912
54	26	0.847424
54	51	0.899693
54	57	0.897922
54	59	0.914758
54	66	0.943999
54	71	0.85347
54	80	0.903082
54	90	0.834778
54	101	1.78091
54	105	1.93679
54	118	2.6812
54	121	0.906324
54	146	0.788071
54	173	0.853986
55	7	0.851069
55	21	0.917316
55	33	0.897365
55	36	0.896569
55	41	0.895312
55	60	0.862658
55	62	0.879811
55	63	0.879842
55	67	0.920994
55	117	1.36098
55	140	0.841703
55	164	3.08704
55	166	0.800313
55	168	2.66899
55	173	0.846939
56	5	0.833034
56	27	0.903034
56	29	0.903221
56	32	0.88516
56	45	0.871977
56	47	0.871471
56	48	0.871124
56	52	0.870929
56	65	0.934478
56	90	0.823038
56	96	1.5389
56	123	2.32042
56	140	0.83701
56	145	0.891545
56	159	3.21693
57	13	0.882503
57	26	0.851014
57	51	0.903283
57	54	0.897922
57	66	0.947589
57	71	0.85706
57	80	0.906673
57	88	0.936822
57	93	0.769187
57	118	1.43863
57	121	0.909914
57	146	0.791662
57	156	2.20687
57	173	0.857576
57	175	3.38987
58	6	0.724951
58	11	0.950433
58	20	0.921499
58	22	0.927753
58	35	0.806221
58	37	0.881901
58	70	0.907579
58	72	1.30713
58	73	0.89575
58	78	0.892244
58	121	0.895666
58	129	0.872445
58	136	1.46155
58	158	0.743322
58	162	0.776744
58	179	5.34127
59	29	1.38274
59	54	0.914758
59	60	0.890131
59	67	0.948467
59	69	0.182587
59	71	0.873897
59	80	0.923509
59	91	1.19034
59	125	0.892768
59	166	0.827786
59	168	0.87342
59	173	0.874412
59	176	0.853196
59	178	0.806159
59	180	0.821136
60	7	0.833489
60	21	0.899736
60	33	0.879786
60	36	0.878989
60	41	0.877732
60	55	0.862658
60	59	0.890131
60	62	0.862231
60	63	0.862262
60	67	0.903414
60	77	1.59403
60	140	0.824123
60	166	0.782733
60	173	0.829359
60	174	1.85768
60	178	5.16196
61	15	1.58143
61	40	1.88258
61	130	0.300852
61	141	0.880346
61	151	0.91846
61	155	0.9032
61	159	0.853088
61	164	0.869644
61	167	0.839468
61	169	0.892689
61	172	0.827404
61	174	0.87881
61	175	0.845774
61	178	0.817416
61	179	0.819443
61	180	0.832394
62	7	0.850642
62	21	0.916889
62	33	0.896939
62	36	0.896142
62	41	0.894885
62	55	0.879811
62	60	0.862231
62	63	0.879416
62	67	0.920567
62	140	0.841276
62	144	1.008
62	146	3.30361
62	162	3.32955
62	166	0.799886
62	173	0.846512
63	7	0.850674
63	21	0.91692
63	33	0.89697
63	36	0.896173
63	41	0.894916
63	55	0.879842
63	60	0.862262
63	62	0.879416
63	67	0.920598
63	90	2.42796
63	140	0.841307
63	151	2.09601
63	166	0.799917
63	169	2.56677
63	173	0.846543
64	19	0.825769
64	75	0.843981
64	113	0.875809
64	122	0.856004
64	124	0.858632
64	126	0.895329
64	127	0.854109
64	128	0.887161
64	130	0.880473
64	133	0.879278
64	134	0.879285
64	135	0.883544
64	154	1.72105
64	161	0.781792
64	166	2.326
64	172	3.75952
65	5	0.896661
65	27	0.966661
65	29	0.966847
65	32	0.948787
65	45	0.935604
65	47	0.935097
65	48	0.934751
65	52	0.934555
65	56	0.934478
65	77	1.15931
65	90	0.886664
65	98	1.98139
65	140	0.900636
65	145	0.955171
65	151	2.14166
65	173	2.82213
66	13	0.928579
66	26	0.897091
66	51	0.94936
66	54	0.943999
66	57	0.947589
66	71	0.903137
66	80	0.952749
66	88	0.982899
66	90	0.884445
66	93	0.815264
66	121	0.955991
66	136	1.19106
66	146	0.837738
66	155	1.19727
66	161	2.96618
66	173	0.903653
66	178	4.06989
67	7	0.891825
67	21	0.958071
67	33	0.938121
67	36	0.937324
67	41	0.936067
67	55	0.920994
67	59	0.948467
67	60	0.903414
67	62	0.920567
67	63	0.920598
67	102	1.01251
67	119	3.15883
67	125	2.05881
67	140	0.882459
67	154	2.60275
67	166	0.841068
67	173	0.887694
68	82	0.866074
68	89	0.850438
68	91	0.894835
68	93	0.739898
68	97	0.830057
68	100	0.877393
68	104	0.868993
68	106	1.37424
68	107	0.86708
68	109	0.86725
68	110	0.867451
68	111	0.874221
68	112	0.866386
68	115	0.864745
68	168	2.09249
68	172	4.52698
68	177	0.767465
69	59	0.182587
69	83	0.917121
69	91	0.950275
69	97	0.885496
69	100	0.932833
69	104	0.924432
69	107	0.92252
69	109	0.92269
69	110	0.922891
69	111	0.92966
69	112	0.921826
69	115	0.920185
69	140	1.48672
69	153	0.91805
69	169	1.25759
69	177	0.822905
69	178	5.0732
70	2	0.981064
70	6	0.759516
70	11	0.984997
70	20	0.956063
70	22	0.962317
70	30	0.479212
70	35	0.840786
70	37	0.916465
70	58	0.907579
70	73	0.930314
70	78	0.926808
70	121	0.93023
70	129	0.90701
70	139	2.2794
70	158	0.777886
70	159	3.02043
70	162	0.811308
70	169	2.20058
71	13	0.838051
71	26	0.806563
71	30	0.906439
71	51	0.858831
71	54	0.85347
71	57	0.85706
71	59	0.873897
71	66	0.903137
71	80	0.862221
71	88	0.892371
71	90	0.793916
71	93	0.724736
71	106	2.6308
71	117	2.04104
71	121	0.865463
71	146	0.74721
71	168	3.34905
71	173	0.813124
72	50	1.89873
72	58	1.30713
72	135	1.29787
72	139	0.876222
72	140	0.854155
72	147	0.854511
72	148	0.855249
72	156	0.842287
72	164	0.843366
72	166	0.812765
72	168	0.858399
72	169	0.866411
72	170	0.844799
72	174	0.852532
72	175	0.819495
72	178	0.791138
72	179	0.793164
72	180	0.806115
73	2	0.969235
73	9	0.898944
73	11	0.973168
73	20	0.944234
73	22	0.950488
73	35	0.828956
73	37	0.904636
73	58	0.89575
73	70	0.930314
73	78	0.914978
73	90	1.76574
73	98	1.27352
73	121	0.918401
73	129	0.89518
73	140	2.13367
73	158	0.766056
73	162	0.799479
73	165	3.79197
74	5	5.7
74	101	0.836226
74	123	0.809497
74	136	0.780141
74	142	0.745718
74	144	0.775108
74	149	0.730657
74	150	0.74698
74	154	0.758632
74	167	0.708234
74	168	0.753444
74	171	0.70143
74	172	0.696171
74	174	0.747577
74	176	0.73322
74	177	0.693615
74	178	0.686183
74	179	0.68821
74	180	0.70116
75	64	0.843981
75	81	0.851235
75	85	0.840159
75	87	0.842014
75	94	0.819747
75	95	0.69768
75	99	0.871149
75	113	0.844745
75	122	0.82494
75	124	0.827568
75	126	0.864265
75	127	0.823046
75	130	0.849409
75	133	0.848214
75	134	0.848221
75	135	0.85248
75	141	2.87395
75	159	2.56303
75	160	3.16671
76	14	1.27295
76	33	2.61389
76	46	1.81316
76	96	0.905639
76	123	0.904701
76	137	0.865355
76	148	0.845498
76	159	0.817059
76	160	0.818125
76	164	0.833615
76	167	0.803438
76	168	0.848648
76	169	0.85666
76	172	0.791375
76	175	0.809744
76	176	0.828424
76	178	0.781387
76	179	0.783414
76	180	0.796364
77	52	1.82902
77	60	1.59403
77	65	1.15931
77	80	0.157515
77	144	0.937611
77	154	0.921136
77	159	0.884359
77	160	0.885425
77	165	0.863134
77	166	0.870313
77	167	0.870738
77	169	0.923959
77	171	0.863934
77	174	0.91008
77	175	0.877044
77	176	0.895723
77	178	0.848686
77	179	0.850713
77	180	0.863664
78	2	0.965728
78	6	0.74418
78	9	0.895437
78	11	0.969661
78	20	0.940728
78	22	0.946981
78	35	0.82545
78	37	0.90113
78	58	0.892244
78	70	0.926808
78	73	0.914978
78	121	0.914894
78	125	2.12771
78	129	0.891674
78	142	2.74853
78	144	2.34841
78	158	0.76255
78	162	0.795972
78	169	2.0905
79	81	0.901521
79	85	0.890445
79	93	6.6
79	94	0.870032
79	96	1.65738
79	99	0.921435
79	113	0.895031
79	122	0.875226
79	124	0.877854
79	126	0.914551
79	127	0.873331
79	128	0.906383
79	130	0.899695
79	133	0.8985
79	134	0.898507
79	135	0.902766
79	138	1.16081
79	147	1.41585
79	161	0.801014
80	13	0.887663
80	26	0.856175
80	30	0.956051
80	51	0.908444
80	54	0.903082
80	57	0.906673
80	59	0.923509
80	66	0.952749
80	71	0.862221
80	77	0.157515
80	88	0.941983
80	90	0.843528
80	93	0.774348
80	121	0.915075
80	138	2.52883
80	140	1.83975
80	146	0.796822
80	173	0.862737
80	180	4.01832
81	75	0.851235
81	79	0.901521
81	87	0.880331
81	94	0.858064
81	99	0.909467
81	113	0.883063
81	122	0.863258
81	124	0.865886
81	126	0.902583
81	127	0.861363
81	128	0.894415
81	130	0.887727
81	133	0.886532
81	134	0.886539
81	135	0.890798
81	143	1.39332
81	161	0.789046
81	164	1.78691
81	166	2.36984
81	179	5.00735
82	68	0.866074
82	83	0.884822
82	89	0.873579
82	91	0.917976
82	97	0.853197
82	100	0.900534
82	104	0.892133
82	107	0.890221
82	109	0.890391
82	110	0.890592
82	111	0.897361
82	112	0.889527
82	115	0.887885
82	140	2.25248
82	153	0.885751
82	162	0.784843
82	164	2.62653
82	173	2.23306
82	176	2.63478
82	177	0.790606
83	69	0.917121
83	82	0.884822
83	89	0.869186
83	91	0.913583
83	97	0.848804
83	100	0.896141
83	104	0.88774
83	107	0.885827
83	109	0.885998
83	110	0.886199
83	111	0.892968
83	112	0.885134
83	115	0.883492
83	137	1.6271
83	144	1.75546
83	153	0.881358
83	162	0.78045
83	165	3.38497
83	171	3.0829
83	177	0.786213
84	4	1.48287
84	16	0.945974
84	43	1.73461
84	50	1.29464
84	91	0.687999
84	139	0.915435
84	149	0.874825
84	160	0.867089
84	163	0.897504
84	165	0.844799
84	167	0.852402
84	169	0.905624
84	170	0.884012
84	171	0.845598
84	174	0.891745
84	175	0.858708
84	176	0.877388
84	178	0.830351
84	179	0.832378
84	180	0.845328
85	75	0.840159
85	79	0.890445
85	87	0.869255
85	94	0.846988
85	98	1.12526
85	99	0.89839
85	113	0.871987
85	122	0.852182
85	124	0.854809
85	126	0.891507
85	127	0.850287
85	128	0.883339
85	130	0.87665
85	131	1.34502
85	133	0.875456
85	134	0.875463
85	135	0.879722
85	153	0.874844
85	161	0.777969
85	175	3.13199
85	177	4.2726
86	48	1.41327
86	123	0.900021
86	130	1.17551
86	142	0.836241
86	146	0.779045
86	147	0.84008
86	149	0.82118
86	153	1.77156
86	159	0.812379
86	160	0.813445
86	161	0.782409
86	166	0.798334
86	168	0.843967
86	169	0.85198
86	171	0.791954
86	172	0.786695
86	174	0.838101
86	176	0.823744
86	178	0.776707
86	179	0.778733
86	180	0.791684
87	19	0.823802
87	49	1.58722
87	75	0.842014
87	81	0.880331
87	85	0.869255
87	94	0.848843
87	99	0.900245
87	108	1.57809
87	113	0.873842
87	122	0.854036
87	124	0.856664
87	126	0.893362
87	127	0.852142
87	128	0.885194
87	130	0.878505
87	133	0.87731
87	134	0.877317
87	135	0.881577
87	140	2.78738
87	152	0.810029
87	174	3.06958
88	16	0.23052
88	31	0.930281
88	38	0.950028
88	43	0.934951
88	44	0.955569
88	50	0.933921
88	51	0.938594
88	57	0.936822
88	66	0.982899
88	71	0.892371
88	80	0.941983
88	141	2.52075
88	146	0.826972
88	152	0.86054
88	153	0.92721
88	158	0.79288
88	162	3.96943
88	164	1.99314
88	166	0.84626
88	173	0.892886
88	174	1.90129
88	177	0.832065
89	46	0.866715
89	68	0.850438
89	82	0.873579
89	83	0.869186
89	91	0.90234
89	93	0.747403
89	97	0.837561
89	100	0.884898
89	104	0.876497
89	107	0.874585
89	109	0.874755
89	110	0.874956
89	111	0.881725
89	112	0.873891
89	115	0.87225
89	119	2.21556
89	153	0.870115
89	161	3.79021
89	162	0.769208
89	163	1.13449
89	177	0.77497
89	180	3.48601
90	26	0.78787
90	45	0.824163
90	47	0.823657
90	48	0.82331
90	52	0.823115
90	54	0.834778
90	56	0.823038
90	63	2.42796
90	65	0.886664
90	66	0.884445
90	71	0.793916
90	73	1.76574
90	80	0.843528
90	128	1.47564
90	136	0.820137
90	137	0.810147
90	148	0.79029
90	168	0.793439
90	173	0.794432
90	176	0.773216
90	178	0.726178
90	180	0.741156
91	46	0.911112
91	59	1.19034
91	68	0.894835
91	69	0.950275
91	82	0.917976
91	83	0.913583
91	84	0.687999
91	89	0.90234
91	97	0.881958
91	100	0.929295
91	103	2.20076
91	104	0.920894
91	107	0.918982
91	109	0.919152
91	110	0.919353
91	111	0.926122
91	112	0.918288
91	115	0.916647
91	125	2.30256
91	142	2.92339
91	162	0.813605
91	177	0.819367
92	7	1.7807
92	17	1.70186
92	101	0.952863
92	106	0.899488
92	135	0.767343
92	136	0.896778
92	137	0.886788
92	138	0.864636
92	145	0.554492
92	151	0.903864
92	159	0.838492
92	162	0.804489
92	163	0.869973
92	167	0.824871
92	170	0.856481
92	171	0.818067
92	172	0.812808
92	174	0.864214
92	175	0.831177
92	176	0.849857
92	178	0.80282
92	180	0.817797
93	51	0.770959
93	57	0.769187
93	66	0.815264
93	68	0.739898
93	71	0.724736
93	79	6.6
93	80	0.774348
93	89	0.747403
93	98	0.777736
93	111	0.771185
93	112	0.763351
93	115	0.76171
93	136	0.750956
93	141	0.719928
93	156	0.708148
93	173	0.725251
93	174	0.718392
93	175	0.685356
93	177	0.66443
93	178	0.656998
93	179	0.659025
93	180	0.671976
94	10	0.913788
94	75	0.819747
94	79	0.870032
94	81	0.858064
94	85	0.846988
94	87	0.848843
94	99	0.877978
94	113	0.851575
94	122	0.831769
94	124	0.834397
94	126	0.871095
94	127	0.829875
94	128	0.862927
94	130	0.856238
94	133	0.855043
94	134	0.855051
94	135	0.85931
94	148	2.61187
94	153	0.854431
94	156	1.85895
94	168	1.85137
94	180	4.07393
95	75	0.69768
95	100	0.747148
95	106	0.726456
95	107	0.736835
95	109	0.737005
95	110	0.737207
95	111	0.743976
95	114	0.705538
95	115	0.7345
95	124	0.712331
95	125	0.716398
95	127	0.707809
95	134	0.732984
95	135	0.737243
95	147	0.693162
95	161	0.635491
95	175	0.658146
95	176	0.676826
95	177	0.637221
95	178	0.629788
95	179	0.631815
95	180	0.644766
96	56	1.5389
96	76	0.905639
96	79	1.65738
96	103	0.879602
96	121	1.10235
96	126	0.504676
96	136	0.895344
96	138	0.863202
96	143	0.90449
96	144	0.89031
96	149	0.845859
96	150	0.862183
96	155	0.887169
96	156	0.852535
96	159	0.837058
96	172	0.811374
96	174	0.86278
96	175	0.829743
96	176	0.848423
96	178	0.801385
96	179	0.803412
96	180	0.816363
97	40	0.882754
97	46	0.846333
97	68	0.830057
97	69	0.885496
97	82	0.853197
97	83	0.848804
97	89	0.837561
97	91	0.881958
97	100	0.864516
97	104	0.856116
97	107	0.854203
97	109	0.854373
97	110	0.854575
97	111	0.861344
97	112	0.853509
97	115	0.851868
97	132	1.92756
97	153	0.849733
97	157	1.83582
97	162	0.748826
97	166	3.41988
97	175	3.60948
97	177	0.754589
98	17	0.868201
98	18	0.954203
98	25	0.829974
98	28	0.950912
98	34	0.897877
98	43	0.908189
98	50	0.907159
98	65	1.98139
98	73	1.27352
98	85	1.12526
98	93	0.777736
98	112	1.82213
98	125	0.884481
98	152	0.833778
98	158	0.766119
98	161	0.803574
98	171	0.813119
98	172	0.80786
98	174	0.859265
98	177	0.805303
98	178	0.797871
98	179	0.799898
98	180	0.812849
99	19	0.852937
99	75	0.871149
99	79	0.921435
99	81	0.909467
99	85	0.89839
99	87	0.900245
99	94	0.877978
99	113	0.902977
99	122	0.883172
99	124	0.885799
99	126	0.922497
99	127	0.881277
99	128	0.914329
99	130	0.90764
99	133	0.906446
99	134	0.906453
99	135	0.910712
99	151	1.1967
99	152	0.839164
99	158	6.52386
99	160	2.19782
99	169	1.68785
99	173	0.983992
100	40	0.93009
100	46	0.89367
100	68	0.877393
100	69	0.932833
100	82	0.900534
100	83	0.896141
100	89	0.884898
100	91	0.929295
100	95	0.747148
100	97	0.864516
100	104	0.903452
100	107	0.901539
100	109	0.90171
100	110	0.901911
100	111	0.90868
100	112	0.900846
100	115	0.899204
100	123	1.69078
100	148	2.71307
100	154	2.34859
100	160	3.19098
100	162	0.796162
100	174	2.27876
100	177	0.801925
101	21	1.78591
101	38	1.18559
101	54	1.78091
101	74	0.836226
101	92	0.952863
101	107	0.376789
101	110	0.412549
101	116	0.962235
101	118	0.921847
101	136	0.921134
101	143	0.930281
101	155	0.91296
101	156	0.878326
101	157	0.919469
101	159	0.862849
101	164	0.879405
101	165	0.841624
101	167	0.849228
101	174	0.888571
101	175	0.855534
101	176	0.874214
101	178	0.827176
101	179	0.829203
101	180	0.842154
102	67	1.01251
102	109	0.860425
102	124	1.61982
102	134	0.925978
102	139	0.885003
102	147	0.863293
102	149	0.844393
102	156	0.851069
102	157	0.892212
102	158	0.768166
102	163	0.867073
102	164	0.852147
102	165	0.814367
102	167	0.82197
102	168	0.86718
102	170	0.85358
102	171	0.815166
102	172	0.809907
102	174	0.861313
102	175	0.828276
102	176	0.846956
102	178	0.799919
102	179	0.801946
102	180	0.814896
103	10	1.97546
103	42	0.781511
103	91	2.20076
103	96	0.879602
103	111	1.72475
103	119	0.803954
103	144	0.844274
103	150	0.816147
103	151	0.856394
103	157	0.847642
103	159	0.791022
103	160	0.792088
103	164	0.807578
103	165	0.769798
103	168	0.822611
103	170	0.809011
103	172	0.765338
103	174	0.816744
103	175	0.783707
103	176	0.802387
103	178	0.75535
103	179	0.757377
103	180	0.770327
104	39	1.18619
104	40	0.921689
104	46	0.885269
104	68	0.868993
104	69	0.924432
104	82	0.892133
104	83	0.88774
104	89	0.876497
104	91	0.920894
104	97	0.856116
104	100	0.903452
104	107	0.893139
104	109	0.893309
104	110	0.89351
104	111	0.90028
104	112	0.892445
104	115	0.890804
104	120	3.73555
104	132	1.10858
104	153	0.888669
104	162	0.787762
104	170	1.47998
104	177	0.793524
104	179	4.06737
105	4	1.74028
105	17	0.83248
105	18	0.918482
105	25	0.794253
105	28	0.915191
105	34	0.862156
105	43	1.99202
105	54	1.93679
105	112	1.13322
105	126	0.88139
105	127	0.840171
105	128	0.873223
105	130	0.866534
105	133	0.865339
105	134	0.865346
105	135	0.869605
105	142	0.821685
105	143	0.865255
105	158	0.730397
105	161	0.767853
105	175	0.790508
105	176	0.809187
105	178	0.76215
105	179	0.764177
105	180	0.777128
106	45	1.96645
106	68	1.37424
106	71	2.6308
106	92	0.899488
106	95	0.726456
106	130	0.493375
106	132	0.917873
106	139	0.858886
106	143	0.876906
106	144	0.862726
106	148	0.837913
106	154	0.846251
106	155	0.859585
106	157	0.866094
106	163	0.840955
106	167	0.795853
106	169	0.849074
106	170	0.827463
106	171	0.789049
106	173	0.842055
106	174	0.835196
106	175	0.802159
106	178	0.773801
106	179	0.775828
106	180	0.788779
107	40	0.919777
107	46	0.883357
107	53	3.74008
107	68	0.86708
107	69	0.92252
107	82	0.890221
107	83	0.885827
107	89	0.874585
107	91	0.918982
107	95	0.736835
107	97	0.854203
107	100	0.901539
107	101	0.376789
107	104	0.893139
107	109	0.891397
107	110	0.891598
107	111	0.898367
107	112	0.890533
107	115	0.888891
107	117	1.33575
107	123	1.77595
107	153	0.886757
107	162	0.785849
107	171	3.43797
107	177	0.791612
108	18	1.35719
108	44	1.47132
108	87	1.57809
108	117	0.953503
108	128	0.634283
108	131	0.922965
108	132	0.959507
108	133	0.473768
108	138	0.877252
108	148	0.879548
108	151	0.91648
108	154	0.887885
108	155	0.90122
108	157	0.907729
108	159	0.851108
108	160	0.852175
108	164	0.867664
108	171	0.830683
108	172	0.825424
108	173	0.883689
108	175	0.843793
108	176	0.862473
108	178	0.815436
108	179	0.817463
108	180	0.830413
109	40	0.919947
109	46	0.883527
109	68	0.86725
109	69	0.92269
109	82	0.890391
109	83	0.885998
109	89	0.874755
109	91	0.919152
109	95	0.737005
109	97	0.854373
109	100	0.90171
109	102	0.860425
109	104	0.893309
109	107	0.891397
109	110	0.891768
109	111	0.898537
109	112	0.890703
109	115	0.889062
109	118	1.29397
109	132	1.5633
109	153	0.886927
109	162	0.78602
109	166	3.05562
109	172	4.48913
109	177	0.791782
110	40	0.920148
110	46	0.883728
110	68	0.867451
110	69	0.922891
110	82	0.890592
110	83	0.886199
110	89	0.874956
110	91	0.919353
110	95	0.737207
110	97	0.854575
110	100	0.901911
110	101	0.412549
110	104	0.89351
110	107	0.891598
110	109	0.891768
110	111	0.898739
110	112	0.890904
110	115	0.889263
110	119	3.02561
110	139	1.9672
110	142	2.54641
110	153	0.887128
110	162	0.786221
110	175	3.26408
110	177	0.791983
111	40	0.926918
111	46	0.890497
111	68	0.874221
111	69	0.92966
111	82	0.897361
111	83	0.892968
111	89	0.881725
111	91	0.926122
111	93	0.771185
111	95	0.743976
111	97	0.861344
111	100	0.90868
111	103	1.72475
111	104	0.90028
111	107	0.898367
111	109	0.898537
111	110	0.898739
111	112	0.897673
111	115	0.896032
111	143	1.20018
111	144	2.04725
111	162	0.79299
111	173	1.99905
111	177	0.798753
111	180	4.19703
112	40	0.919083
112	46	0.882663
112	68	0.866386
112	69	0.921826
112	82	0.889527
112	83	0.885134
112	89	0.873891
112	91	0.918288
112	93	0.763351
112	97	0.853509
112	98	1.82213
112	100	0.900846
112	104	0.892445
112	105	1.13322
112	107	0.890533
112	109	0.890703
112	110	0.890904
112	111	0.897673
112	114	2.28016
112	115	0.888198
112	129	1.40878
112	153	0.886063
112	159	3.27301
112	162	0.785156
112	177	0.790918
113	19	0.826534
113	64	0.875809
113	75	0.844745
113	79	0.895031
113	81	0.883063
113	85	0.871987
113	87	0.873842
113	94	0.851575
113	99	0.902977
113	122	0.856768
113	124	0.859396
113	125	2.21092
113	126	0.896094
113	127	0.854874
113	128	0.887926
113	130	0.881237
113	133	0.880042
113	134	0.880049
113	135	0.884308
113	152	0.812761
113	153	0.87943
113	157	1.77575
113	161	0.782556
113	163	2.22988
113	171	3.75906
113	173	2.38342
114	40	2.43522
114	95	0.705538
114	112	2.28016
114	119	0.801487
114	139	0.837967
114	141	0.815812
114	142	0.812418
114	145	1.88528
114	147	0.816256
114	150	0.81368
114	156	0.804032
114	160	0.789621
114	163	0.820036
114	164	0.805111
114	168	0.820144
114	169	0.828156
114	170	0.806544
114	171	0.76813
114	172	0.762871
114	174	0.814277
114	175	0.78124
114	176	0.79992
114	178	0.752883
114	179	0.75491
114	180	0.76786
115	40	0.917442
115	46	0.881022
115	68	0.864745
115	69	0.920185
115	82	0.887885
115	83	0.883492
115	89	0.87225
115	91	0.916647
115	93	0.76171
115	95	0.7345
115	97	0.851868
115	100	0.899204
115	104	0.890804
115	107	0.888891
115	109	0.889062
115	110	0.889263
115	111	0.896032
115	112	0.888198
115	153	0.884421
115	157	1.57691
115	160	3.3984
115	162	0.783514
115	168	2.15999
115	170	3.2111
115	174	2.48619
115	177	0.789277
116	20	1.50358
116	27	1.23455
116	52	2.11012
116	101	0.962235
116	120	0.83944
116	121	0.788523
116	137	0.89616
116	139	0.897276
116	143	0.915297
116	144	0.901117
116	153	0.450536
116	155	0.897976
116	157	0.904485
116	159	0.847864
116	163	0.879346
116	165	0.82664
116	168	0.879453
116	170	0.865853
116	172	0.82218
116	174	0.873586
116	175	0.84055
116	176	0.859229
116	177	0.819624
116	178	0.812192
116	179	0.814219
116	180	0.82717
117	55	1.36098
117	71	2.04104
117	107	1.33575
117	108	0.953503
117	122	0.723999
117	143	0.918305
117	144	0.904125
117	147	0.878574
117	148	0.879312
117	153	0.499667
117	154	0.88765
117	156	0.86635
117	157	0.907493
117	160	0.851939
117	163	0.882354
117	165	0.829649
117	167	0.837252
117	170	0.868862
117	171	0.830448
117	172	0.825189
117	174	0.876595
117	175	0.843558
117	176	0.862238
117	178	0.815201
117	179	0.817228
117	180	0.830178
118	21	2.6862
118	54	2.6812
118	57	1.43863
118	101	0.921847
118	109	1.29397
118	132	0.915875
118	138	0.83362
118	141	0.834733
118	154	0.844253
118	155	0.857588
118	156	0.822953
118	157	0.864097
118	159	0.807476
118	160	0.808542
118	165	0.786252
118	166	0.793431
118	167	0.793855
118	169	0.847077
118	171	0.787051
118	172	0.781792
118	174	0.833198
118	175	0.800161
118	176	0.818841
118	177	0.779236
118	178	0.771804
118	179	0.773831
118	180	0.786781
119	16	0.841361
119	67	3.15883
119	89	2.21556
119	103	0.803954
119	110	3.02561
119	114	0.801487
119	125	0.812347
119	132	0.869809
119	136	0.819695
119	139	0.810822
119	151	0.826781
119	154	0.798187
119	156	0.776887
119	159	0.76141
119	160	0.762476
119	163	0.792891
119	168	0.792998
119	169	0.80101
119	170	0.779399
119	171	0.740985
119	172	0.735726
119	174	0.787131
119	175	0.754095
119	176	0.772774
119	177	0.733169
119	178	0.725737
119	179	0.727764
119	180	0.740715
120	20	4.36445
120	104	3.73555
120	116	0.83944
120	129	0.801752
120	139	0.789466
120	141	0.767311
120	142	0.763916
120	149	0.748855
120	151	0.805425
120	155	0.790165
120	156	0.755531
120	157	0.796674
120	160	0.74112
120	162	0.70605
120	163	0.771535
120	165	0.718829
120	169	0.779654
120	170	0.758042
120	171	0.719629
120	172	0.71437
120	174	0.765775
120	175	0.732739
120	176	0.751418
120	177	0.711813
120	178	0.704381
120	179	0.706408
120	180	0.719359
121	1	1.03641
121	17	0.868055
121	18	0.954057
121	25	0.829828
121	26	0.859417
121	28	0.950765
121	34	0.897731
121	35	0.828872
121	51	0.911685
121	54	0.906324
121	57	0.909914
121	58	0.895666
121	66	0.955991
121	70	0.93023
121	71	0.865463
121	73	0.918401
121	78	0.914894
121	80	0.915075
121	96	1.10235
121	116	0.788523
121	151	1.48977
121	152	2.03421
121	158	0.765972
121	161	0.803428
121	162	0.799394
121	163	2.0167
121	173	0.865978
121	177	4.47684
122	10	0.918981
122	19	0.806728
122	64	0.856004
122	75	0.82494
122	79	0.875226
122	81	0.863258
122	85	0.852182
122	87	0.854036
122	94	0.831769
122	99	0.883172
122	113	0.856768
122	117	0.723999
122	124	0.839591
122	126	0.876288
122	127	0.835068
122	128	0.86812
122	130	0.861432
122	133	0.860237
122	134	0.860244
122	135	0.864503
122	138	2.76508
122	145	0.8746
122	149	2.68231
122	152	0.792955
122	153	0.859625
122	155	1.79697
122	161	0.762751
122	180	4.25456
123	1	1.36588
123	31	1.24697
123	42	0.826609
123	56	2.32042
123	74	0.809497
123	76	0.904701
123	86	0.900021
123	100	1.69078
123	107	1.77595
123	132	0.944519
123	137	0.884416
123	147	0.863821
123	150	0.861245
123	157	0.89274
123	160	0.837186
123	163	0.867601
123	164	0.852676
123	167	0.822499
123	168	0.867708
123	170	0.854109
123	171	0.815695
123	172	0.810436
123	174	0.861842
123	175	0.828805
123	176	0.847485
123	178	0.800447
123	179	0.802474
123	180	0.815425
124	10	0.921609
124	16	1.46946
124	19	0.809356
124	64	0.858632
124	75	0.827568
124	79	0.877854
124	81	0.865886
124	85	0.854809
124	87	0.856664
124	94	0.834397
124	95	0.712331
124	99	0.885799
124	102	1.61982
124	113	0.859396
124	122	0.839591
124	126	0.878916
124	127	0.837696
124	128	0.870748
124	130	0.864059
124	131	2.21763
124	133	0.862865
124	134	0.862872
124	135	0.867131
124	136	2.5728
124	145	0.877228
124	152	0.795583
124	153	0.862253
124	164	3.23208
125	59	0.892768
125	67	2.05881
125	78	2.12771
125	91	2.30256
125	95	0.716398
125	98	0.884481
125	113	2.21092
125	119	0.812347
125	139	0.848827
125	141	0.826672
125	149	0.808217
125	150	0.82454
125	151	0.864787
125	155	0.849527
125	156	0.814892
125	160	0.800481
125	164	0.815971
125	165	0.778191
125	167	0.785794
125	169	0.839016
125	170	0.817404
125	171	0.77899
125	174	0.825137
125	175	0.7921
125	176	0.81078
125	177	0.771175
125	178	0.763743
125	179	0.76577
125	180	0.77872
126	6	0.746251
126	19	0.846054
126	64	0.895329
126	75	0.864265
126	79	0.914551
126	81	0.902583
126	85	0.891507
126	87	0.893362
126	94	0.871095
126	96	0.504676
126	99	0.922497
126	105	0.88139
126	113	0.896094
126	122	0.876288
126	124	0.878916
126	127	0.874394
126	128	0.907446
126	130	0.900757
126	132	1.05664
126	133	0.899562
126	134	0.899569
126	135	0.903829
126	145	0.913925
126	146	3.91638
126	153	0.89895
126	161	0.802076
126	169	1.36285
126	175	2.73856
126	177	3.87917
127	10	0.917087
127	64	0.854109
127	75	0.823046
127	79	0.873331
127	81	0.861363
127	85	0.850287
127	87	0.852142
127	94	0.829875
127	95	0.707809
127	99	0.881277
127	105	0.840171
127	113	0.854874
127	122	0.835068
127	124	0.837696
127	126	0.874394
127	128	0.866226
127	130	0.859537
127	133	0.858342
127	134	0.85835
127	135	0.862609
127	145	0.872706
127	152	0.791061
127	153	0.85773
127	154	1.80771
127	155	1.17666
127	158	6.97614
127	161	0.760856
127	170	2.4628
127	173	1.43627
128	10	0.950139
128	19	0.837886
128	64	0.887161
128	79	0.906383
128	81	0.894415
128	85	0.883339
128	87	0.885194
128	90	1.47564
128	94	0.862927
128	99	0.914329
128	105	0.873223
128	108	0.634283
128	113	0.887926
128	122	0.86812
128	124	0.870748
128	126	0.907446
128	127	0.866226
128	130	0.892589
128	133	0.891394
128	134	0.891402
128	135	0.895661
128	145	0.905758
128	150	2.22317
128	152	0.824113
128	153	0.890782
128	161	0.793908
128	168	1.79958
128	176	2.22588
128	177	4.13076
129	3	1.99211
129	4	0.936428
129	12	0.847297
129	15	0.932585
129	22	0.927183
129	25	2.1628
129	28	1.22308
129	31	0.880152
129	37	0.881331
129	38	0.899899
129	58	0.872445
129	70	0.90701
129	73	0.89518
129	78	0.891674
129	112	1.40878
129	120	0.801752
129	145	1.0139
129	146	0.776843
129	153	0.877081
129	157	0.866797
129	158	0.742752
129	162	0.776174
129	165	0.788952
129	166	0.796131
129	171	0.789752
129	174	0.835899
129	178	0.774504
129	179	0.776531
129	180	0.789482
130	10	0.94345
130	19	0.831197
130	61	0.300852
130	64	0.880473
130	75	0.849409
130	79	0.899695
130	81	0.887727
130	85	0.87665
130	86	1.17551
130	87	0.878505
130	94	0.856238
130	99	0.90764
130	105	0.866534
130	106	0.493375
130	113	0.881237
130	122	0.861432
130	124	0.864059
130	126	0.900757
130	127	0.859537
130	128	0.892589
130	133	0.884706
130	134	0.884713
130	135	0.888972
130	145	0.899069
130	146	3.58002
130	150	1.63521
130	152	0.817424
130	153	0.884094
130	161	0.787219
130	179	4.85011
131	18	1.92609
131	41	1.39547
131	42	0.810824
131	85	1.34502
131	108	0.922965
131	124	2.21763
131	132	0.928734
131	137	0.868631
131	147	0.848036
131	148	0.848774
131	151	0.885707
131	152	0.82057
131	153	1.21127
131	155	0.870447
131	156	0.835812
131	157	0.876955
131	159	0.820335
131	160	0.821401
131	163	0.851816
131	165	0.799111
131	167	0.806714
131	170	0.838324
131	172	0.794651
131	173	0.852916
131	174	0.846057
131	175	0.81302
131	176	0.8317
131	178	0.784663
131	179	0.78669
131	180	0.79964
132	11	1.04191
132	40	2.30201
132	97	1.92756
132	104	1.10858
132	106	0.917873
132	108	0.959507
132	109	1.5633
132	118	0.915875
132	119	0.869809
132	123	0.944519
132	126	1.05664
132	131	0.928734
132	142	0.88074
132	148	0.885316
132	149	0.865679
132	150	0.882002
132	158	0.789452
132	163	0.888358
132	165	0.835653
132	167	0.843256
132	168	0.888466
132	169	0.896478
132	170	0.874866
132	171	0.836452
132	172	0.831193
132	174	0.882599
132	176	0.868242
132	178	0.821205
132	179	0.823232
132	180	0.836182
133	6	0.730199
133	10	0.942255
133	19	0.830002
133	64	0.879278
133	75	0.848214
133	79	0.8985
133	81	0.886532
133	85	0.875456
133	87	0.87731
133	94	0.855043
133	99	0.906446
133	105	0.865339
133	108	0.473768
133	113	0.880042
133	122	0.860237
133	124	0.862865
133	126	0.899562
133	127	0.858342
133	128	0.891394
133	130	0.884706
133	134	0.883518
133	135	0.887777
133	144	1.71184
133	145	0.897874
133	152	0.816229
133	153	0.882899
133	157	1.05598
133	161	0.786025
133	167	3.4333
133	170	2.69017
133	178	5.26954
134	10	0.942262
134	19	0.830009
134	64	0.879285
134	75	0.848221
134	79	0.898507
134	81	0.886539
134	85	0.875463
134	87	0.877317
134	94	0.855051
134	95	0.732984
134	99	0.906453
134	102	0.925978
134	105	0.865346
134	113	0.880049
134	122	0.860244
134	124	0.862872
134	126	0.899569
134	127	0.85835
134	128	0.891402
134	130	0.884713
134	133	0.883518
134	135	0.887784
134	145	0.897881
134	150	2.54378
134	152	0.816236
134	153	0.882906
134	154	2.51621
134	156	2.12777
134	161	0.786032
134	175	3.31076
134	176	2.54649
135	6	0.734465
135	10	0.946521
135	64	0.883544
135	72	1.29787
135	75	0.85248
135	79	0.902766
135	81	0.890798
135	85	0.879722
135	87	0.881577
135	92	0.767343
135	94	0.85931
135	95	0.737243
135	99	0.910712
135	105	0.869605
135	113	0.884308
135	122	0.864503
135	124	0.867131
135	126	0.903829
135	127	0.862609
135	128	0.895661
135	130	0.888972
135	133	0.887777
135	134	0.887784
135	144	2.52904
135	145	0.90214
135	147	3.44438
135	152	0.820495
135	153	0.887165
135	161	0.790291
135	163	2.32731
135	164	2.87431
136	24	1.77617
136	26	2.89842
136	58	1.46155
136	66	1.19106
136	74	0.780141
136	90	0.820137
136	92	0.896778
136	93	0.750956
136	96	0.895344
136	101	0.921134
136	119	0.819695
136	124	2.5728
136	142	0.830626
136	144	0.860016
136	147	0.834465
136	150	0.831889
136	151	0.872135
136	154	0.843541
136	157	0.863384
136	161	0.776794
136	163	0.838245
136	164	0.82332
