1	49	0.700757
1	92	0.696602
1	111	0.751235
1	161	1.19802
1	163	1.21376
1	170	1.19013
1	171	1.20583
1	173	0.726342
1	174	1.19477
1	177	1.19507
1	178	0.728196
1	179	1.20469
2	18	1.0755
2	25	1.16718
2	51	1.20183
2	53	1.19599
2	59	0.787495
2	81	1.28184
2	112	1.23666
2	139	1.23923
2	147	0.69469
2	171	0.698521
2	177	0.712247
2	178	0.709547
3	28	0.649694
3	43	1.23576
3	66	0.735038
3	101	0.729716
3	122	1.16321
3	168	1.19193
3	170	1.19732
3	175	0.719997
3	176	0.776583
3	177	1.20226
3	178	1.1996
3	179	1.21187
4	119	0.744872
4	135	0.715975
4	144	1.20643
4	151	1.17988
4	157	1.19211
4	163	0.69877
4	167	1.20811
4	174	0.723125
4	175	1.22998
4	176	1.19001
4	177	0.712253
4	180	1.19382
5	15	1.17102
5	25	1.11718
5	53	1.14599
5	63	1.35575
5	81	1.23184
5	112	1.18666
5	124	0.71148
5	131	0.711926
5	139	1.18923
5	164	0.734435
5	166	0.711645
5	180	0.736753
6	32	1.16545
6	56	1.17102
6	64	0.698697
6	76	1.15212
6	132	1.23857
6	138	1.21387
6	141	0.741702
6	143	0.695243
6	147	1.25437
6	154	1.20478
6	168	0.738853
6	176	0.733924
7	12	0.666984
7	82	0.771888
7	123	0.71973
7	135	0.698933
7	152	1.17497
7	158	1.20187
7	159	0.733385
7	166	1.20929
7	167	1.21233
7	172	1.20968
7	176	1.19424
7	180	1.19805
8	35	0.847739
8	93	0.948634
8	152	0.927169
8	159	1.03335
8	161	1.05458
8	168	1.04132
8	170	1.0467
8	171	1.06239
8	172	0.885234
8	174	1.05134
8	177	1.05164
8	179	1.06125
9	92	0.696246
9	104	0.728129
9	113	0.718204
9	154	0.736231
9	159	1.18088
9	161	1.20211
9	169	1.20249
9	171	1.20992
9	174	1.19887
9	177	1.19917
9	179	1.20879
9	180	0.728207
10	15	1.20927
10	18	1.06374
10	53	1.18424
10	61	1.30195
10	112	1.22491
10	115	1.18458
10	128	0.723357
10	139	1.22748
10	147	0.704563
10	161	0.740699
10	177	0.722121
10	179	0.709618
11	34	0.77572
11	49	1.20518
11	84	1.1387
11	86	1.20911
11	94	1.16125
11	102	1.24235
11	105	1.20287
11	143	0.711972
11	150	0.712175
11	160	1.2412
11	167	0.713868
11	175	0.694066
12	7	0.666984
12	48	1.21466
12	52	1.19602
12	67	1.1856
12	68	0.75887
12	114	1.17579
12	119	1.16138
12	141	0.744688
12	147	0.710049
12	172	1.22126
12	175	1.24578
12	178	0.724906
13	87	1.0667
13	96	0.997906
13	111	0.921966
13	138	0.900234
13	146	1.05844
13	148	1.04466
13	165	0.875356
13	166	1.06581
13	169	0.897897
13	173	1.05831
13	178	1.0527
13	180	1.05457
14	79	1.23209
14	113	1.18716
14	114	1.15347
14	118	0.749687
14	126	1.18081
14	135	0.721215
14	146	0.718148
14	158	0.709569
14	160	1.22477
14	172	1.19894
14	175	1.22346
14	179	0.70499
15	5	1.17102
15	10	1.20927
15	42	0.682484
15	47	1.18593
15	63	1.3234
15	81	1.19949
15	104	0.74388
15	112	1.15431
15	139	1.15689
15	143	0.716914
15	146	0.746946
15	167	0.71881
16	60	0.661616
16	130	0.764825
16	138	0.72608
16	146	1.20818
16	148	1.1944
16	152	1.18123
16	157	1.2026
16	164	1.20928
16	165	0.701201
16	174	0.738345
16	176	1.2005
16	180	1.20431
17	113	1.28999
17	114	1.2563
17	119	1.24189
17	126	1.28364
17	157	0.65798
17	161	0.679893
17	169	0.657586
17	171	0.647589
17	172	1.30176
17	173	0.656762
17	175	1.32629
18	2	1.0755
18	10	1.06374
18	47	1.0404
18	53	0.968125
18	63	1.17788
18	65	0.88816
18	81	1.05397
18	98	0.842966
18	112	1.00879
18	139	1.01137
18	148	0.942277
18	167	0.925109
19	80	1.07725
19	113	1.14643
19	114	1.11274
19	119	1.09833
19	124	0.755718
19	126	1.14008
19	128	0.784561
19	142	0.790422
19	160	1.18404
19	172	1.1582
19	174	0.794198
19	175	1.18272
19	180	0.780992
20	39	1.18986
20	73	1.10719
20	82	0.844469
20	85	1.12446
20	94	1.086
20	102	1.16711
20	105	1.12762
20	139	1.13251
20	159	0.805966
20	160	1.16595
20	165	0.741522
20	166	0.740351
20	180	0.765459
21	97	0.7699
21	104	1.13089
21	120	0.814228
21	146	1.14339
21	149	0.777185
21	151	1.12558
21	157	1.13781
21	158	1.14334
21	164	1.14449
21	174	0.778122
21	176	1.13571
21	179	0.754747
21	180	1.13952
22	95	0.758497
22	130	0.814538
22	142	1.13737
22	148	1.12705
22	154	1.12198
22	155	0.765732
22	164	1.14194
22	166	1.1482
22	167	1.15125
22	168	0.791419
22	171	0.76346
22	178	1.13509
22	180	1.13696
23	45	1.24869
23	63	1.44701
23	74	0.583042
23	92	0.637141
23	112	1.27792
23	141	0.688518
23	147	0.653879
23	171	1.288
23	173	0.666882
23	174	1.27695
23	176	0.680741
23	177	1.27725
23	179	1.28687
24	75	0.802424
24	99	0.727937
24	136	1.09547
24	147	0.778158
24	151	1.1228
24	166	1.14798
24	167	1.15103
24	169	0.791986
24	173	1.14048
24	175	1.1729
24	176	1.13293
24	177	0.795715
24	180	1.13674
25	2	1.16718
25	5	1.11718
25	47	1.13208
25	51	1.06564
25	63	1.26956
25	81	1.14565
25	95	0.768795
25	109	0.787373
25	112	1.10047
25	124	0.759878
25	139	1.10305
25	174	0.798357
25	180	0.785151
26	84	1.07593
26	85	1.13693
26	86	1.14634
26	94	1.09847
26	102	1.17957
26	105	1.14009
26	139	1.14498
26	150	0.762387
26	155	0.780106
26	160	1.17842
26	164	0.786909
26	173	0.787007
26	178	0.78886
27	155	1.14858
27	156	0.776643
27	159	1.11793
27	166	0.767325
27	167	0.767286
27	169	1.13954
27	170	1.13128
27	171	1.14697
27	174	1.13592
27	176	0.804072
27	177	1.13622
27	178	0.792067
27	179	1.14584
28	3	0.649694
28	34	1.25531
28	106	0.630158
28	120	0.685227
28	136	1.26812
28	140	0.64284
28	146	1.31327
28	156	1.32005
28	158	1.31321
28	162	0.649275
28	166	1.32064
28	169	0.634519
28	180	1.30939
29	65	0.708633
29	87	1.14672
29	130	0.810414
29	135	0.776784
29	145	0.804246
29	148	1.12469
29	156	1.14525
29	157	1.13289
29	164	1.13957
29	166	1.14584
29	170	0.792365
29	176	1.13079
29	180	1.1346
30	99	1.3515
30	100	0.718518
30	111	0.65148
30	113	1.28622
30	115	0.642376
30	119	1.23812
30	125	0.629636
30	126	1.27986
30	146	0.631796
30	160	1.32382
30	172	1.29799
30	175	1.32251
30	178	0.62844
31	45	1.18645
31	84	1.1492
31	85	1.2102
31	94	1.17174
31	95	0.711329
31	105	1.21336
31	139	1.21825
31	143	0.700642
31	144	0.716519
31	160	1.25169
31	162	0.741045
31	177	0.730019
32	6	1.16545
32	98	1.18563
32	103	0.772731
32	108	0.770819
32	117	1.11393
32	132	1.13154
32	138	1.10684
32	141	0.802553
32	146	0.786126
32	147	1.14734
32	165	1.13785
32	171	0.771745
32	178	1.11086
33	117	1.29446
33	122	1.255
33	125	1.30123
33	132	1.31207
33	142	0.674144
33	147	1.32787
33	150	0.637873
33	156	0.648923
33	165	1.31838
33	167	0.639566
33	170	0.686349
33	175	0.619765
33	178	1.29139
34	11	0.77572
34	28	1.25531
34	108	0.775553
34	113	0.777869
34	141	1.08987
34	143	1.13793
34	150	1.15398
34	153	0.802937
34	165	0.763934
34	172	1.1246
34	173	1.1167
34	176	1.10916
34	180	1.11296
35	8	0.847739
35	77	0.646431
35	83	1.15578
35	133	0.672275
35	143	1.24723
35	150	1.26328
35	155	0.662655
35	161	0.692687
35	166	1.23351
35	169	0.670379
35	172	1.2339
35	173	1.226
35	176	1.21846
35	180	1.22227
36	72	1.19346
36	88	0.686518
36	91	0.660198
36	98	1.29632
36	107	1.2325
36	111	1.18997
36	127	0.7263
36	129	1.23911
36	138	1.21753
36	154	1.20844
36	161	0.721096
36	171	0.688791
36	174	0.71339
36	178	1.22155
37	74	0.743376
37	84	0.878891
37	96	0.915369
37	107	1.09422
37	122	1.04688
37	125	1.09311
37	131	1.1158
37	138	1.07925
37	147	1.11975
37	154	1.07016
37	155	1.09829
37	157	0.828435
37	174	0.842643
37	178	1.08327
38	53	0.748925
38	104	1.21201
38	116	0.682831
38	157	1.21893
38	164	1.22561
38	165	0.67494
38	166	1.23188
38	167	1.23493
38	171	0.687485
38	172	1.23228
38	173	1.22438
38	174	0.712084
38	179	0.688708
38	180	1.22064
39	20	1.18986
39	73	1.20714
39	85	1.22442
39	94	1.18596
39	100	0.751386
39	102	1.26706
39	105	1.22758
39	118	0.696202
39	120	0.710987
39	121	0.698144
39	139	1.23246
39	142	0.671106
39	160	1.26591
39	176	0.673313
40	49	0.842322
40	61	0.799829
40	98	0.762837
40	136	1.05318
40	144	1.10705
40	145	0.903644
40	151	1.08051
40	152	1.07136
40	162	0.883487
40	164	1.09942
40	166	1.10569
40	173	1.09818
40	176	1.09064
40	180	1.09445
41	67	1.19629
41	99	1.28546
41	110	0.751441
41	114	1.18648
41	119	1.17207
41	126	1.21382
41	144	0.686157
41	151	0.705332
41	160	1.25778
41	163	0.686175
41	165	0.673386
41	172	1.23194
41	175	1.25647
41	178	0.696957
42	15	0.682484
42	119	0.724646
42	137	1.20726
42	147	0.674469
42	153	0.704759
42	156	1.22882
42	159	0.730201
42	164	1.22314
42	167	1.23245
42	171	0.678301
42	173	1.22191
42	175	1.25433
42	176	1.21436
42	180	1.21817
43	3	1.23576
43	44	0.795614
43	116	1.23366
43	129	1.21702
43	131	1.232
43	132	1.22015
43	147	1.23594
43	152	0.678811
43	165	1.22645
43	167	0.653625
43	168	0.695338
43	174	0.691978
43	176	0.69041
43	178	1.19947
44	43	0.795614
44	67	0.870991
44	81	0.813716
44	137	1.07866
44	151	1.07563
44	152	1.06649
44	155	0.858888
44	156	1.10022
44	164	1.09454
44	166	1.10081
44	171	0.856616
44	172	1.1012
44	173	1.0933
44	180	1.08957
45	23	1.24869
45	31	1.18645
45	53	1.10006
45	68	0.766802
45	81	1.18591
45	86	1.14467
45	102	1.1779
45	105	1.13842
45	112	1.14073
45	119	0.768157
45	145	0.766722
45	160	1.17675
45	165	0.709267
45	170	0.754841
45	180	0.733205
46	106	1.16174
46	118	0.791117
46	131	0.731763
46	140	1.17426
46	146	0.759578
46	157	0.755588
46	159	1.14652
46	161	1.16775
46	163	1.1835
46	169	1.16813
46	170	1.15987
46	172	0.714694
46	174	1.16451
46	178	0.756223
46	179	1.17443
47	15	1.18593
47	18	1.0404
47	25	1.13208
47	51	1.16674
47	53	1.1609
47	64	0.724687
47	71	0.792627
47	81	1.24675
47	101	0.713046
47	112	1.20157
47	115	1.16124
47	119	0.783228
47	134	0.756155
47	139	1.20414
47	179	0.738106
48	12	1.21466
48	52	1.15848
48	65	1.1984
48	80	1.10277
48	113	1.17195
48	114	1.13826
48	119	1.12385
48	128	0.747142
48	149	0.75584
48	168	0.760138
48	171	0.732179
48	172	1.18372
48	174	0.756778
48	175	1.20824
48	177	0.745905
49	1	0.700757
49	11	1.20518
49	40	0.842322
49	73	1.14721
49	83	0.800655
49	84	1.10348
49	85	1.16449
49	86	1.17389
49	94	1.12603
49	102	1.20713
49	105	1.16765
49	150	0.696521
49	154	0.731385
49	160	1.20598
49	176	0.734999
50	100	0.834012
50	111	1.12512
50	117	1.15976
50	125	1.16653
50	129	1.17425
50	131	1.18923
50	132	1.17737
50	147	1.19317
50	153	0.759367
50	154	1.14358
50	155	1.17171
50	156	0.728512
50	169	0.742906
50	171	0.732909
50	175	0.699353
51	2	1.20183
51	25	1.06564
51	47	1.16674
51	53	1.09446
51	61	1.21217
51	63	1.30422
51	81	1.18031
51	97	0.748875
51	112	1.13513
51	121	0.780361
51	123	0.770744
51	124	0.718618
51	139	1.1377
51	158	0.738301
51	180	0.743891
52	12	1.19602
52	48	1.15848
52	67	1.12943
52	99	1.2186
52	119	1.10521
52	126	1.14696
52	149	0.751006
52	156	0.722948
52	159	0.779245
52	160	1.19092
52	164	0.736419
52	170	0.760374
52	172	1.16508
52	175	1.18961
52	176	0.750376
53	2	1.19599
53	5	1.14599
53	10	1.18424
53	18	0.968125
53	38	0.748925
53	45	1.10006
53	47	1.1609
53	51	1.09446
53	66	0.771307
53	76	0.855396
53	112	1.12929
53	115	1.08897
53	139	1.13186
53	151	0.809222
53	168	0.81778
53	178	0.800847
54	100	1.19903
54	101	0.677192
54	131	0.687595
54	147	0.697198
54	149	1.2432
54	156	0.696632
54	162	1.23926
54	163	1.26991
54	168	1.2409
54	170	1.24628
54	172	0.670526
54	174	1.25092
54	175	0.667473
54	177	1.25122
54	178	0.712055
54	179	1.26083
55	85	0.79403
55	129	0.792809
55	145	1.09611
55	152	0.811331
55	159	1.10674
55	161	1.12798
55	162	1.11308
55	167	0.786144
55	168	1.11471
55	169	1.12836
55	170	1.1201
55	171	1.13579
55	173	0.809071
55	174	1.12474
55	178	0.810924
55	179	1.13465
56	6	1.17102
56	58	0.739171
56	90	1.07923
56	96	0.891648
56	103	0.795309
56	111	1.08485
56	117	1.11949
56	121	1.09389
56	125	1.12626
56	138	1.11241
56	141	0.825131
56	147	1.1529
56	165	1.14341
56	172	0.76382
56	178	1.11643
56	179	0.795546
57	136	0.744979
57	145	1.22091
57	150	0.664094
57	152	0.690973
57	157	0.689932
57	158	0.685343
57	159	1.23154
57	162	1.23788
57	168	1.23951
57	169	1.25316
57	171	1.26059
57	174	1.24954
57	175	0.645985
57	177	1.24984
57	178	0.690567
57	179	1.25945
58	56	0.739171
58	81	0.630328
58	102	0.631185
58	121	0.721091
58	132	0.664629
58	137	1.23231
58	148	1.23331
58	152	1.22014
58	164	1.24819
58	167	1.2575
58	168	0.701188
58	170	0.706258
58	173	1.24695
58	175	1.27938
58	176	1.23941
58	180	1.24322
59	2	0.787495
59	65	0.766653
59	102	0.775312
59	105	0.810058
59	111	0.851421
59	131	0.803921
59	146	1.12132
59	156	1.1281
59	168	1.10792
59	171	1.12899
59	173	1.12119
59	174	1.11794
59	176	1.11364
59	177	1.11824
59	179	1.12785
59	180	1.11745
60	16	0.661616
60	69	0.704444
60	107	0.686365
60	123	1.2182
60	153	1.2373
60	157	0.686642
60	161	1.25079
60	164	0.685326
60	168	1.23753
60	169	1.25117
60	170	1.24291
60	171	1.2586
60	173	0.685424
60	176	0.699282
60	177	1.24785
60	179	1.25747
61	10	1.30195
61	40	0.799829
61	51	1.21217
61	109	0.683091
61	112	1.247
61	115	1.20667
61	116	0.664822
61	139	1.24957
61	156	0.665079
61	158	0.675278
61	168	1.23601
61	174	1.24603
61	175	0.63592
61	177	1.24633
61	178	0.680502
61	179	1.25594
62	127	1.0779
62	135	1.09708
62	144	0.856564
62	145	1.05405
62	149	1.07496
62	153	1.07243
62	156	0.85194
62	157	0.866729
62	162	1.07102
62	163	1.10167
62	166	0.842622
62	171	1.09373
62	172	0.825835
62	173	0.86551
62	174	1.08268
62	177	1.08298
62	179	1.09259
63	5	1.35575
63	15	1.3234
63	18	1.17788
63	23	1.44701
63	25	1.26956
63	51	1.30422
63	81	1.38423
63	97	0.635219
63	112	1.33905
63	115	1.29872
63	144	0.619068
63	156	0.614445
63	159	0.670742
63	161	0.651147
63	164	0.627917
63	170	0.651871
63	180	0.630235
64	6	0.698697
64	47	0.724687
64	72	0.765683
64	86	0.735178
64	87	1.20134
64	94	0.777373
64	99	0.662132
64	125	0.728406
64	157	1.1875
64	159	1.17171
64	162	1.17804
64	167	1.2035
64	169	1.19332
64	177	1.19
64	178	1.18734
64	179	1.19961
64	180	1.18921
65	18	0.88816
65	29	0.708633
65	48	1.1984
65	59	0.766653
65	75	1.16197
65	80	1.12405
65	99	1.25852
65	108	0.676752
65	114	1.15954
65	119	1.14513
65	126	1.18688
65	150	0.662231
65	160	1.23084
65	170	0.710707
65	172	1.205
65	175	1.22952
65	180	0.689071
66	3	0.735038
66	53	0.771307
66	103	1.18599
66	104	1.17797
66	125	0.722088
66	126	0.709879
66	127	0.747376
66	143	1.21156
66	148	1.17668
66	158	1.19041
66	160	0.673239
66	162	0.734619
66	166	1.19783
66	167	1.20088
66	173	1.19033
66	176	1.18279
66	180	1.18659
67	12	1.1856
67	41	1.19629
67	44	0.870991
67	52	1.12943
67	75	1.11163
67	80	1.07371
67	89	0.771534
67	113	1.14289
67	114	1.1092
67	124	0.728875
67	126	1.13654
67	134	0.762028
67	160	1.1805
67	162	0.767509
67	172	1.15466
67	175	1.17919
67	178	0.753782
67	179	0.743979
68	12	0.75887
68	45	0.766802
68	95	0.768408
68	113	0.774761
68	117	0.78044
68	143	1.15754
68	144	1.14518
68	150	1.17359
68	157	1.13086
68	158	1.13639
68	165	0.760826
68	166	1.14381
68	167	1.14686
68	169	0.783367
68	173	1.13631
68	175	1.16873
68	176	1.12877
68	180	1.13257
69	60	0.704444
69	70	0.783496
69	101	1.17303
69	106	0.762209
69	114	0.784241
69	136	1.10085
69	137	1.13121
69	144	1.15473
69	146	1.14599
69	148	1.13221
69	150	1.18314
69	155	0.758845
69	157	1.14041
69	159	0.808474
69	167	1.15641
69	170	0.789602
69	178	1.14025
69	180	1.14212
70	69	0.783496
70	76	0.820879
70	88	0.75303
70	101	0.731467
70	145	1.12237
70	152	0.766736
70	153	1.14075
70	154	0.77472
70	159	1.13301
70	162	1.13934
70	168	1.14098
70	169	1.15462
70	170	1.14636
70	171	1.16205
70	174	1.151
70	176	0.778335
70	177	1.1513
70	179	1.16092
71	47	0.792627
71	94	0.845313
71	98	0.688227
71	102	0.742081
71	109	0.797739
71	129	0.777035
71	152	1.12512
71	156	1.15886
71	157	1.14649
71	160	0.747497
71	162	1.13704
71	168	1.13867
71	170	1.14405
71	173	1.15194
71	176	1.1444
71	177	1.14899
71	179	1.15861
71	180	1.14821
72	36	1.19346
72	64	0.765683
72	91	0.749286
72	107	1.14616
72	111	1.10363
72	116	1.1694
72	118	1.10619
72	121	1.11267
72	124	0.763999
72	131	1.16774
72	138	1.13119
72	147	1.17169
72	156	0.773482
72	158	0.783682
72	162	0.802632
72	165	1.1622
72	167	0.764125
72	178	1.13521
73	20	1.10719
73	39	1.20714
73	49	1.14721
73	78	0.720499
73	84	1.08074
73	85	1.14174
73	86	1.15115
73	94	1.10328
73	102	1.18438
73	105	1.1449
73	118	0.809218
73	139	1.14978
73	143	0.747648
73	145	0.808208
73	154	0.782715
73	158	0.7691
73	160	1.18323
73	180	0.774691
74	23	0.583042
74	37	0.743376
74	110	0.719223
74	117	0.660782
74	129	0.646624
74	143	1.27965
74	146	1.25855
74	148	1.24477
74	152	1.2316
74	156	1.26533
74	159	0.705613
74	162	0.678466
74	166	1.26592
74	173	1.25842
74	175	1.29084
74	176	1.25087
74	179	0.654936
74	180	1.25468
75	24	0.802424
75	65	1.16197
75	67	1.11163
75	79	1.18044
75	99	1.2008
75	113	1.13551
75	114	1.10182
75	115	0.773778
75	119	1.08741
75	126	1.12916
75	160	1.17312
75	162	0.773568
75	169	0.758812
75	172	1.14728
75	173	0.757988
75	175	1.17181
75	176	0.771847
75	177	0.762542
76	6	1.15212
76	53	0.855396
76	70	0.820879
76	87	0.811701
76	107	1.10849
76	109	1.09258
76	111	1.06596
76	116	1.13173
76	117	1.1006
76	121	1.075
76	124	0.780075
76	131	1.13007
76	132	1.11821
76	133	0.805848
76	138	1.09352
76	142	0.814779
76	147	1.13401
76	176	0.816987
76	178	1.09754
77	35	0.646431
77	101	0.690592
77	130	1.18126
77	135	1.22808
77	141	0.745237
77	145	1.18505
77	146	0.728811
77	148	0.717843
77	151	0.73383
77	161	1.21692
77	162	1.20202
77	168	1.20366
77	170	1.20904
77	171	1.22473
77	173	0.723602
77	174	1.21368
77	177	1.21398
77	178	0.725455
77	179	1.2236
78	73	0.720499
78	86	0.704576
78	90	0.750962
78	94	0.74677
78	103	1.20376
78	119	0.731927
78	126	0.685595
78	139	0.698342
78	160	0.648954
78	163	1.22384
78	164	1.20934
78	166	1.2156
78	169	1.20847
78	170	1.20021
78	172	1.216
78	176	1.20056
78	177	1.20515
78	179	1.21477
78	180	1.20436
79	14	1.23209
79	75	1.18044
79	80	1.14252
79	91	1.26459
79	103	0.702033
79	113	1.2117
79	114	1.17801
79	119	1.1636
79	126	1.20535
79	137	0.717411
79	140	0.719364
79	158	0.706849
79	160	1.24931
79	163	0.701291
79	164	0.710122
79	170	0.734076
79	172	1.22347
79	175	1.24799
79	180	0.71244
80	19	1.07725
80	48	1.10277
80	65	1.12405
80	67	1.07371
80	79	1.14252
80	99	1.16289
80	113	1.0976
80	119	1.0495
80	126	1.09125
80	142	0.819877
80	153	0.825512
80	155	0.801325
80	158	0.804856
80	160	1.13521
80	170	0.832082
80	172	1.10937
80	173	0.808226
80	175	1.1339
80	178	0.810079
81	2	1.28184
81	5	1.23184
81	15	1.19949
81	18	1.05397
81	25	1.14565
81	44	0.813716
81	45	1.18591
81	47	1.24675
81	51	1.18031
81	58	0.630328
81	63	1.38423
81	112	1.21514
81	115	1.17481
81	136	0.750918
81	142	0.706304
81	167	0.671726
81	168	0.713439
81	174	0.710079
81	176	0.708511
82	7	0.771888
82	20	0.844469
82	120	1.09141
82	133	1.11514
82	134	1.11537
82	137	0.835148
82	145	1.08177
82	150	0.803337
82	151	0.838185
82	153	1.10015
82	160	0.782156
82	161	1.11364
82	162	1.09874
82	163	1.12939
82	169	1.11402
82	174	1.1104
82	177	1.1107
82	179	1.12032
82	180	0.830177
83	35	1.15578
83	49	0.800655
83	88	1.10631
83	106	0.822703
83	108	0.816142
83	133	0.82896
83	136	1.05929
83	143	1.12552
83	144	1.11316
83	157	1.09884
83	158	1.10437
83	160	0.78044
83	169	0.827064
83	171	0.817068
83	173	1.10429
83	175	1.13672
83	176	1.09675
83	178	1.09868
83	180	1.10056
84	11	1.1387
84	26	1.07593
84	31	1.1492
84	37	0.878891
84	49	1.10348
84	73	1.08074
84	85	1.09801
84	86	1.10742
84	94	1.05955
84	102	1.14065
84	105	1.10117
84	123	0.827473
84	139	1.10606
84	141	0.820036
84	144	0.789454
84	155	0.7915
84	160	1.1395
84	171	0.789228
84	177	0.802954
85	20	1.12446
85	26	1.13693
85	31	1.2102
85	39	1.22442
85	49	1.16449
85	55	0.79403
85	73	1.14174
85	84	1.09801
85	86	1.16842
85	102	1.20166
85	105	1.16218
85	114	0.75018
85	136	0.78795
85	137	0.738877
85	139	1.16706
85	140	0.74083
85	142	0.743336
85	160	1.2005
85	170	0.755541
85	172	0.69201
86	11	1.20911
86	26	1.14634
86	45	1.14467
86	49	1.17389
86	64	0.735178
86	73	1.15115
86	78	0.704576
86	84	1.10742
86	85	1.16842
86	93	0.780271
86	94	1.12996
86	102	1.21106
86	104	0.75869
86	105	1.17158
86	135	0.764823
86	137	0.763739
86	139	1.17647
86	160	1.20991
86	171	0.747375
86	179	0.748598
87	13	1.0667
87	29	1.14672
87	64	1.20134
87	76	0.811701
87	98	0.650229
87	106	0.751762
87	112	0.752315
87	125	0.758347
87	128	1.16648
87	151	1.16524
87	152	1.15609
87	153	0.772584
87	158	1.18299
87	163	0.74637
87	164	1.18415
87	167	1.19346
87	173	1.18291
87	176	1.17537
87	179	0.747349
87	180	1.17918
88	36	0.686518
88	70	0.75303
88	83	1.10631
88	100	0.827211
88	128	1.16011
88	137	1.16189
88	139	0.738867
88	140	0.744425
88	141	1.14971
88	144	1.1854
88	150	1.21381
88	152	1.14972
88	159	0.778007
88	163	0.726351
88	169	0.736104
88	172	1.18443
88	173	1.17653
88	176	1.16899
88	178	1.17093
88	180	1.1728
89	67	0.771534
89	120	1.14767
89	140	1.17641
89	148	0.760573
89	149	1.15894
89	153	1.15641
89	154	0.776576
89	158	0.762961
89	160	0.720531
89	163	1.18565
89	164	0.766234
89	168	1.15664
89	169	1.17028
89	170	1.16202
89	171	1.17771
89	172	0.726656
89	174	1.16666
89	175	0.723603
89	177	1.16696
89	179	1.17658
90	56	1.07923
90	78	0.750962
90	107	1.13705
90	109	1.12115
90	111	1.09453
90	115	0.818722
90	116	1.16029
90	117	1.12917
90	122	1.08971
90	124	0.77988
90	131	1.15864
90	132	1.14678
90	144	0.793987
90	145	0.83867
90	147	1.16258
90	155	1.14112
90	164	0.802835
90	165	1.15309
90	172	0.763258
90	175	0.760205
90	178	1.1261
91	36	0.660198
91	72	0.749286
91	79	1.26459
91	92	0.679219
91	119	1.17157
91	126	1.21332
91	150	0.684341
91	151	0.719189
91	154	0.719204
91	158	0.70559
91	159	1.2023
91	160	1.25728
91	166	0.686072
91	168	1.21027
91	169	1.22391
91	172	1.23144
91	173	0.70896
91	174	1.22029
91	175	1.25597
91	177	1.22059
91	179	1.23021
92	1	0.696602
92	9	0.696246
92	23	0.637141
92	91	0.679219
92	95	0.702849
92	112	0.714001
92	141	1.20399
92	146	1.23096
92	148	1.21717
92	151	1.21315
92	152	1.204
92	156	1.23774
92	158	1.2309
92	161	0.740117
92	165	0.695268
92	166	1.23832
92	167	1.24137
92	173	1.23082
92	174	0.732411
92	178	1.22521
92	180	1.22708
93	8	0.948634
93	86	0.780271
93	98	0.66538
93	122	0.796248
93	123	0.799523
93	128	1.11549
93	141	1.10509
93	146	1.13205
93	150	1.16919
93	153	0.787736
93	154	1.1132
93	158	1.132
93	160	0.72465
93	164	1.13315
93	166	1.13942
93	167	1.14246
93	168	0.789236
93	172	1.13981
93	176	1.12437
93	178	1.12631
93	180	1.12818
94	11	1.16125
94	20	1.086
94	26	1.09847
94	31	1.17174
94	39	1.18596
94	49	1.12603
94	64	0.777373
94	71	0.845313
94	73	1.10328
94	78	0.74677
94	84	1.05955
94	86	1.12996
94	102	1.1632
94	105	1.12372
94	124	0.775689
94	139	1.1286
94	155	0.791841
94	160	1.16204
94	168	0.817528
94	175	0.756013
94	179	0.790792
95	22	0.758497
95	25	0.768795
95	31	0.711329
95	68	0.768408
95	92	0.702849
95	100	1.13702
95	123	1.15956
95	127	1.18412
95	140	1.19865
95	149	1.18119
95	156	0.71902
95	163	1.2079
95	164	0.732492
95	167	0.709663
95	168	1.17888
95	169	1.19253
95	170	1.18427
95	171	1.19996
95	174	1.18891
95	177	1.18921
95	179	1.19882
95	180	0.734811
96	13	0.997906
96	37	0.915369
96	56	0.891648
96	98	0.729809
96	102	0.783663
96	126	0.825719
96	132	0.817107
96	139	0.838466
96	141	1.08729
96	148	1.10047
96	153	1.10062
96	156	1.12104
96	160	0.789079
96	168	1.10085
96	169	1.11449
96	170	1.10623
96	173	1.11412
96	174	1.11087
96	176	1.10658
96	177	1.11117
96	179	1.12079
96	180	1.11038
97	21	0.7699
97	51	0.748875
97	63	0.635219
97	104	0.756073
97	137	0.761121
97	140	1.19357
97	143	0.729107
97	149	1.17611
97	153	1.17358
97	154	0.764174
97	161	1.18707
97	162	1.17217
97	163	1.20282
97	166	0.731042
97	168	1.17381
97	169	1.18745
97	170	1.17919
97	171	1.19488
97	172	0.714254
97	174	1.18383
97	177	1.18413
97	179	1.19374
98	18	0.842966
98	32	1.18563
98	36	1.29632
98	40	0.762837
98	71	0.688227
98	87	0.650229
98	93	0.66538
98	96	0.729809
98	109	1.23312
98	111	1.2065
98	117	1.24114
98	121	1.21553
98	122	1.20168
98	125	1.24791
98	129	1.25563
98	131	1.27061
98	138	1.23405
98	147	1.27455
98	167	0.61873
98	176	0.655515
98	177	0.64621
98	178	1.23807
98	180	0.643877
99	24	0.727937
99	30	1.3515
99	41	1.28546
99	52	1.2186
99	64	0.662132
99	65	1.25852
99	75	1.2008
99	80	1.16289
99	113	1.23206
99	114	1.19837
99	118	0.720248
99	119	1.18396
99	126	1.22571
99	134	0.6936
99	144	0.674555
99	146	0.68871
99	155	0.6766
99	160	1.26967
99	163	0.674572
99	172	1.24384
99	174	0.698927
99	175	1.26836
99	180	0.685721
100	30	0.718518
100	39	0.751386
100	50	0.834012
100	54	1.19903
100	88	0.827211
100	95	1.13702
100	127	1.11135
100	130	1.08371
100	133	1.12087
100	134	1.1211
100	145	1.08751
100	156	0.825087
100	161	1.11938
100	162	1.10448
100	167	0.81573
100	169	1.11976
100	170	1.11149
100	171	1.12719
100	172	0.798981
100	174	1.11614
100	175	0.795928
100	177	1.11644
100	178	0.84051
100	179	1.12605
101	3	0.729716
101	47	0.713046
101	54	0.677192
101	69	1.17303
101	70	0.731467
101	77	0.690592
101	127	0.742053
101	134	0.723816
101	140	0.722861
101	143	1.22293
101	144	1.21057
101	148	1.18805
101	151	1.18402
101	156	1.20862
101	157	1.19625
101	158	1.20178
101	159	0.756444
101	164	1.20293
101	166	1.2092
101	172	1.2096
101	173	1.2017
101	176	1.19416
101	179	0.705767
101	180	1.19796
102	11	1.24235
102	20	1.16711
102	26	1.17957
102	39	1.26706
102	45	1.1779
102	49	1.20713
102	58	0.631185
102	59	0.775312
102	71	0.742081
102	73	1.18438
102	84	1.14065
102	85	1.20166
102	86	1.21106
102	94	1.1632
102	96	0.783663
102	105	1.20482
102	118	0.732257
102	120	0.747042
102	139	1.2097
102	149	0.709999
102	160	1.24315
102	168	0.714297
102	174	0.710936
102	175	0.652782
103	32	0.772731
103	56	0.795309
103	66	1.18599
103	78	1.20376
103	79	0.702033
103	113	0.730757
103	114	0.757034
103	118	1.13555
103	120	0.790071
103	137	1.15554
103	141	1.14336
103	142	1.16685
103	147	0.725535
103	150	1.20746
103	151	1.15251
103	152	1.14336
103	158	1.17026
103	161	0.761671
103	163	0.72961
103	164	1.17142
103	173	1.17018
103	176	1.16264
103	178	1.16457
103	179	0.73059
103	180	1.16645
104	9	0.728129
104	15	0.74388
104	21	1.13089
104	38	1.21201
104	66	1.17797
104	86	0.75869
104	97	0.756073
104	108	0.73877
104	117	0.746765
104	124	1.17036
104	140	0.758014
104	141	1.13533
104	144	1.17103
104	149	0.763357
104	150	1.19944
104	151	1.14448
104	158	1.16224
104	161	0.772
104	165	0.727151
104	166	1.16966
104	173	1.16216
104	175	1.19458
104	176	1.15462
104	178	1.15655
104	180	1.15842
105	11	1.20287
105	20	1.12762
105	26	1.14009
105	31	1.21336
105	39	1.22758
105	45	1.13842
105	49	1.16765
105	59	0.810058
105	73	1.1449
105	84	1.10117
105	85	1.16218
105	86	1.17158
105	94	1.12372
105	102	1.20482
105	107	0.731198
105	123	0.759329
105	136	0.786522
105	137	0.737448
105	139	1.17022
105	142	0.741907
105	154	0.7405
105	157	0.731475
105	160	1.20366
105	174	0.745682
105	179	0.722307
106	28	0.630158
106	46	1.16174
106	69	0.762209
106	83	0.822703
106	87	0.751762
106	111	0.768082
106	115	0.758979
106	136	0.799455
106	137	0.750381
106	140	1.175
106	144	0.734243
106	153	1.155
106	156	0.729619
106	159	1.14726
106	161	1.1685
106	162	1.1536
106	163	1.18424
106	165	1.18988
106	168	1.15523
106	169	1.16888
106	170	1.16061
106	171	1.17631
106	174	1.16526
106	177	1.16556
106	179	1.17517
107	36	1.2325
107	37	1.09422
107	60	0.686365
107	72	1.14616
107	76	1.10849
107	90	1.13705
107	105	0.731198
107	109	1.1693
107	114	0.766163
107	116	1.20845
107	121	1.15172
107	122	1.13787
107	129	1.19181
107	130	0.789573
107	131	1.20679
107	137	0.754859
107	138	1.17024
107	141	0.769303
107	145	0.783405
107	147	1.21073
107	154	1.16115
107	163	0.738739
107	170	0.771524
107	172	0.707992
107	178	1.17426
108	32	0.770819
108	34	0.775553
108	65	0.676752
108	83	0.816142
108	104	0.73877
108	129	0.720366
108	135	1.18173
108	136	0.792893
108	138	0.739789
108	140	1.17707
108	145	1.1387
108	147	0.723624
108	149	1.15961
108	153	1.15708
108	154	0.746872
108	159	1.14934
108	161	1.17057
108	163	1.18632
108	168	1.15731
108	169	1.17095
108	170	1.16269
108	171	1.17838
108	174	1.16733
108	177	1.16763
108	179	1.17724
109	25	0.787373
109	61	0.683091
109	71	0.797739
109	76	1.09258
109	90	1.12115
109	98	1.23312
109	107	1.1693
109	116	1.19254
109	117	1.16142
109	121	1.13581
109	125	1.16818
109	127	0.779505
109	129	1.1759
109	131	1.19088
109	132	1.17903
109	138	1.15433
109	144	0.742222
109	146	0.756377
109	147	1.19483
109	155	1.17336
109	163	0.742239
109	172	0.711493
109	173	0.751168
109	178	1.15835
109	180	0.753389
110	41	0.751441
110	74	0.719223
110	124	1.1509
110	127	1.13466
110	130	1.10702
110	135	1.15384
110	144	0.794117
110	149	1.13172
110	151	0.813292
110	153	1.12919
110	159	1.12145
110	161	1.14268
110	162	1.12778
110	163	1.15843
110	164	0.802966
110	166	0.780176
110	167	0.780137
110	168	1.12942
110	170	1.1348
110	171	1.15049
110	174	1.13944
110	175	0.760335
110	177	1.13974
110	178	0.804917
110	179	1.14936
110	180	0.805284
111	1	0.751235
111	13	0.921966
111	30	0.65148
111	36	1.18997
111	50	1.12512
111	56	1.08485
111	59	0.851421
111	72	1.10363
111	76	1.06596
111	90	1.09453
111	98	1.2065
111	106	0.768082
111	116	1.16592
111	117	1.1348
111	123	0.800692
111	125	1.14156
111	129	1.14928
111	131	1.16426
111	138	1.12771
111	147	1.16821
111	148	0.765861
111	155	1.14674
111	161	0.794751
111	171	0.762447
111	172	0.731944
111	178	1.13173
112	2	1.23666
112	5	1.18666
112	10	1.22491
112	15	1.15431
112	18	1.00879
112	23	1.27792
112	25	1.10047
112	45	1.14073
112	47	1.20157
112	51	1.13513
112	53	1.12929
112	61	1.247
112	63	1.33905
112	81	1.21514
112	87	0.752315
112	92	0.714001
112	115	1.12963
112	137	0.750934
112	139	1.17253
112	148	0.737984
112	155	0.736841
112	163	0.734813
112	164	0.743644
112	172	0.704067
112	177	0.748296
112	178	0.745595
112	179	0.735793
113	9	0.718204
113	14	1.18716
113	17	1.28999
113	19	1.14643
113	30	1.28622
113	34	0.777869
113	48	1.17195
113	67	1.14289
113	68	0.774761
113	75	1.13551
113	79	1.2117
113	80	1.0976
113	99	1.23206
113	103	0.730757
113	114	1.13308
113	119	1.11868
113	126	1.16042
113	132	0.721171
113	137	0.746135
113	144	0.729997
113	147	0.72594
113	160	1.20438
113	165	0.717226
113	167	0.716017
113	172	1.17855
113	175	1.20307
113	177	0.743497
114	12	1.17579
114	14	1.15347
114	17	1.2563
114	19	1.11274
114	41	1.18648
114	48	1.13826
114	65	1.15954
114	67	1.1092
114	69	0.784241
114	75	1.10182
114	79	1.17801
114	85	0.75018
114	99	1.19837
114	103	0.757034
114	107	0.766163
114	113	1.13308
114	119	1.08499
114	126	1.12673
114	133	0.76794
114	144	0.756275
114	158	0.761851
114	160	1.17069
114	161	0.788353
114	163	0.756292
114	166	0.742333
114	172	1.14486
114	175	1.16938
114	177	0.769775
115	10	1.18458
115	30	0.642376
115	47	1.16124
115	53	1.08897
115	61	1.20667
115	63	1.29872
115	75	0.773778
115	81	1.17481
115	90	0.818722
115	106	0.758979
115	112	1.12963
115	119	0.799688
115	137	1.11727
115	139	1.13221
115	143	1.15314
115	148	1.11827
115	150	1.16919
115	155	0.755615
115	156	1.13883
115	158	1.13199
115	162	0.778095
115	167	1.14246
115	168	0.781302
115	169	0.763339
115	176	1.12437
115	177	0.767069
115	179	0.754566
115	180	1.12818
116	38	0.682831
116	43	1.23366
116	61	0.664822
116	72	1.1694
116	76	1.13173
116	90	1.16029
116	107	1.20845
116	109	1.19254
116	111	1.16592
116	121	1.17496
116	122	1.16111
116	125	1.20733
116	129	1.21505
116	132	1.21817
116	138	1.19348
116	145	0.768637
116	147	1.23397
116	148	0.727141
116	150	0.70828
116	153	0.750185
116	155	1.21251
116	157	0.734118
116	162	0.74848
116	163	0.723971
116	165	1.22448
116	167	0.709972
116	176	0.746758
116	177	0.737453
116	178	1.19749
117	32	1.11393
117	33	1.29446
117	50	1.15976
117	56	1.11949
117	68	0.78044
117	74	0.660782
117	76	1.1006
117	90	1.12917
117	98	1.24114
117	104	0.746765
117	109	1.16142
117	111	1.1348
117	120	0.796155
117	121	1.14383
117	122	1.12998
117	125	1.17621
117	129	1.18393
117	132	1.18705
117	138	1.16235
117	142	0.756273
117	146	0.749831
117	147	1.20285
117	157	0.745841
117	161	0.767754
117	164	0.744525
117	165	1.19336
117	170	0.768479
117	171	0.73545
117	177	0.749176
117	178	1.16637
118	14	0.749687
118	39	0.696202
118	46	0.791117
118	72	1.10619
118	73	0.809218
118	99	0.720248
118	102	0.732257
118	103	1.13555
118	119	0.820646
118	121	1.11175
118	126	0.774313
118	129	1.15184
118	131	1.16682
118	132	1.15496
118	138	1.13027
118	147	1.17076
118	148	1.12625
118	150	1.17717
118	154	1.12118
118	156	1.14681
118	159	0.826201
118	162	0.799053
118	163	0.774544
118	165	1.16127
118	166	1.1474
118	167	1.15044
118	173	1.13989
118	174	0.798899
118	176	1.13235
118	178	1.13429
118	180	1.13616
119	4	0.744872
119	12	1.16138
119	17	1.24189
119	19	1.09833
119	30	1.23812
119	41	1.17207
119	42	0.724646
119	45	0.768157
119	47	0.783228
119	48	1.12385
119	52	1.10521
119	65	1.14513
119	75	1.08741
119	78	0.731927
119	79	1.1636
119	80	1.0495
119	91	1.17157
119	99	1.18396
119	113	1.11868
119	114	1.08499
119	115	0.799688
119	118	0.820646
119	126	1.11232
119	156	0.770329
119	160	1.15628
119	162	0.799479
119	172	1.13045
119	175	1.15497
119	176	0.797757
119	179	0.775949
119	180	0.786119
120	21	0.814228
120	28	0.685227
120	39	0.710987
120	82	1.09141
120	89	1.14767
120	102	0.747042
120	103	0.790071
120	117	0.796155
120	123	1.11969
120	130	1.11661
120	135	1.16344
120	140	1.15878
120	141	0.819893
120	145	1.12041
120	149	1.14132
120	151	0.808486
120	153	1.13878
120	154	0.808502
120	159	1.13104
120	161	1.15228
120	162	1.13738
120	163	1.16802
120	164	0.79816
120	166	0.77537
120	169	1.15265
120	170	1.14439
120	171	1.16009
120	174	1.14903
120	175	0.75553
120	177	1.14933
120	179	1.15895
121	39	0.698144
121	51	0.780361
121	56	1.09389
121	58	0.721091
121	72	1.11267
121	76	1.075
121	98	1.21553
121	107	1.15172
121	109	1.13581
121	116	1.17496
121	117	1.14383
121	118	1.11175
121	122	1.10438
121	125	1.1506
121	129	1.15832
121	131	1.1733
121	132	1.16145
121	134	0.795515
121	137	0.792607
121	138	1.13675
121	142	0.797066
121	146	0.790624
121	147	1.17724
121	148	0.779657
121	149	0.799904
121	154	1.12766
121	155	1.15578
121	163	0.776487
121	173	0.785415
121	178	1.14077
121	180	0.787636
122	3	1.16321
122	33	1.255
122	37	1.04688
122	90	1.08971
122	93	0.796248
122	98	1.20168
122	107	1.13787
122	116	1.16111
122	117	1.12998
122	121	1.10438
122	125	1.13675
122	129	1.14447
122	131	1.15945
122	132	1.14759
122	138	1.1229
122	142	0.784175
122	143	0.747701
122	147	1.16339
122	152	0.774784
122	154	1.1138
122	155	1.14193
122	156	0.758954
122	157	0.773742
122	161	0.795656
122	162	0.788104
122	165	1.1539
122	166	0.749636
122	174	0.78795
122	176	0.786382
122	178	1.12691
122	179	0.764574
123	7	0.71973
123	51	0.770744
123	60	1.2182
123	84	0.827473
123	93	0.799523
123	95	1.15956
123	105	0.759329
123	111	0.800692
123	120	1.11969
123	125	0.778847
123	128	0.781589
123	134	1.14364
123	145	1.11005
123	149	1.13096
123	152	0.778058
123	153	1.12842
123	159	1.12068
123	161	1.14192
123	162	1.12702
123	163	1.15766
123	165	1.1633
123	168	1.12865
123	169	1.1423
123	170	1.13403
123	171	1.14973
123	172	0.736123
123	174	1.13868
123	177	1.13898
123	178	0.777652
123	179	1.14859
123	180	0.778019
124	5	0.71148
124	19	0.755718
124	25	0.759878
124	51	0.718618
124	67	0.728875
124	72	0.763999
124	76	0.780075
124	90	0.77988
124	94	0.775689
124	104	1.17036
124	110	1.1509
124	129	0.707411
124	136	1.13772
124	138	0.726834
124	143	1.20396
124	147	0.710669
124	156	1.18964
124	157	1.17728
124	158	1.18281
124	160	0.677872
124	162	1.16782
124	163	1.19847
124	166	1.19023
124	169	1.1831
124	170	1.17484
124	171	1.19053
124	173	1.18273
124	174	1.17948
124	176	1.17519
124	177	1.17978
124	179	1.18939
124	180	1.17899
125	30	0.629636
125	33	1.30123
125	37	1.09311
125	50	1.16653
125	56	1.12626
125	64	0.728406
125	66	0.722088
125	87	0.758347
125	98	1.24791
125	109	1.16818
125	111	1.14156
125	116	1.20733
125	117	1.17621
125	121	1.1506
125	122	1.13675
125	123	0.778847
125	127	0.778111
125	129	1.1907
125	132	1.19382
125	138	1.16912
125	147	1.20962
125	154	1.16003
125	155	1.18816
125	161	0.772906
125	165	1.20013
125	166	0.726887
125	169	0.750599
125	173	0.749775
125	175	0.707046
125	177	0.754328
125	178	1.17314
125	179	0.741825
126	14	1.18081
126	17	1.28364
126	19	1.14008
126	30	1.27986
126	41	1.21382
126	52	1.14696
126	65	1.18688
126	66	0.709879
126	67	1.13654
126	75	1.12916
126	78	0.685595
126	79	1.20535
126	80	1.09125
126	91	1.21332
126	96	0.825719
126	99	1.22571
126	113	1.16042
126	114	1.12673
126	118	0.774313
126	119	1.11232
126	160	1.19803
126	164	0.737468
126	166	0.714678
126	167	0.714639
126	168	0.756352
126	172	1.17219
126	173	0.737566
126	175	1.19672
126	177	0.74212
126	178	0.739419
126	179	0.729616
126	180	0.739786
127	36	0.7263
127	62	1.0779
127	66	0.747376
127	95	1.18412
127	100	1.11135
127	101	0.742053
127	109	0.779505
127	110	1.13466
127	125	0.778111
127	128	0.780852
127	133	1.16798
127	135	1.17764
127	140	1.17298
127	145	1.13461
127	146	0.780271
127	147	0.762059
127	149	1.15552
127	150	0.750443
127	152	0.777322
127	153	1.15299
127	159	1.14525
127	162	1.15158
127	163	1.18223
127	168	1.15322
127	169	1.16686
127	170	1.1586
127	171	1.17429
127	172	0.735387
127	173	0.775062
127	174	1.16324
127	177	1.16354
127	179	1.17315
127	180	0.777283
128	10	0.723357
128	19	0.784561
128	48	0.747142
128	87	1.16648
128	88	1.16011
128	93	1.11549
128	123	0.781589
128	127	0.780852
128	136	1.11309
128	137	1.14345
128	139	0.756103
128	141	1.13127
128	142	1.15477
128	143	1.17932
128	144	1.16696
128	146	1.15823
128	149	0.767004
128	150	1.19537
128	151	1.14042
128	157	1.15265
128	159	0.795243
128	162	0.768096
128	163	0.743587
128	164	1.15933
128	165	0.730799
128	166	1.1656
128	167	1.16864
128	169	0.75334
128	172	1.16599
128	173	1.15809
128	176	1.15055
128	177	0.75707
128	180	1.15436
129	36	1.23911
129	43	1.21702
129	50	1.17425
129	55	0.792809
129	71	0.777035
129	74	0.646624
129	98	1.25563
129	107	1.19181
129	108	0.720366
129	109	1.1759
129	111	1.14928
129	116	1.21505
129	117	1.18393
129	118	1.15184
129	121	1.15832
129	122	1.14447
129	124	0.707411
129	125	1.1907
129	131	1.21339
129	132	1.20154
129	138	1.17684
129	142	0.742115
129	144	0.721518
129	147	1.21734
129	154	1.16775
129	155	1.19588
129	157	0.731683
129	159	0.773192
129	168	0.749251
129	171	0.721292
129	172	0.690789
129	175	0.687736
129	176	0.744323
129	178	1.18086
130	16	0.764825
130	22	0.814538
130	29	0.810414
130	77	1.18126
130	100	1.08371
130	107	0.789573
130	110	1.10702
130	120	1.11661
130	132	0.77086
130	133	1.14034
130	135	1.15
130	140	1.14535
130	141	0.810267
130	142	1.13552
130	149	1.12788
130	152	0.790892
130	153	1.12535
130	154	0.798876
130	155	1.14826
130	159	1.11761
130	161	1.13884
130	162	1.12394
130	166	0.765744
130	167	0.765705
130	168	1.12558
130	169	1.13922
130	170	1.13096
130	171	1.14665
130	172	0.748956
130	174	1.1356
130	177	1.1359
130	178	0.790485
130	179	1.14552
130	180	0.790852
131	5	0.711926
131	37	1.1158
131	43	1.232
131	46	0.731763
131	50	1.18923
131	54	0.687595
131	59	0.803921
131	72	1.16774
131	76	1.13007
131	90	1.15864
131	98	1.27061
131	107	1.20679
131	109	1.19088
131	111	1.16426
131	118	1.16682
131	121	1.1733
131	122	1.15945
131	129	1.21339
131	132	1.21652
131	142	0.73577
131	143	0.699296
131	145	0.759857
131	147	1.23232
131	154	1.18273
131	155	1.21085
131	158	0.720749
131	159	0.766847
131	160	0.678319
131	161	0.747251
131	165	1.22282
131	170	0.747976
131	172	0.684444
131	178	1.19584
131	180	0.72634
132	6	1.23857
132	32	1.13154
132	33	1.31207
132	43	1.22015
132	50	1.17737
132	58	0.664629
132	76	1.11821
132	90	1.14678
132	96	0.817107
132	109	1.17903
132	113	0.721171
132	116	1.21817
132	117	1.18705
132	118	1.15496
132	121	1.16145
132	122	1.14759
132	125	1.19382
132	129	1.20154
132	130	0.77086
132	131	1.21652
132	138	1.17996
132	142	0.740604
132	146	0.734163
132	147	1.22046
132	148	0.723195
132	151	0.739182
132	160	0.683153
132	161	0.752085
132	165	1.21097
132	166	0.706066
132	169	0.729778
132	172	0.689278
132	177	0.733507
132	178	1.18398
133	35	0.672275
133	76	0.805848
133	82	1.11514
133	83	0.82896
133	100	1.12087
133	114	0.76794
133	127	1.16798
133	130	1.14034
133	134	1.17773
133	135	1.18716
133	139	0.753033
133	140	1.1825
133	145	1.14413
133	148	0.743687
133	149	1.16504
133	150	0.724826
133	151	0.759674
133	156	0.735876
133	159	1.15477
133	161	1.176
133	162	1.1611
133	163	1.19175
133	164	0.749347
133	165	1.19739
133	168	1.16274
133	169	1.17638
133	170	1.16812
133	171	1.18381
133	173	0.749445
133	174	1.17276
133	175	0.706717
133	176	0.763304
133	177	1.17306
133	178	0.751299
133	179	1.18267
134	47	0.756155
134	67	0.762028
134	82	1.11537
134	99	0.6936
134	100	1.1211
134	101	0.723816
134	121	0.795515
134	123	1.14364
134	133	1.17773
134	140	1.18273
134	143	0.732003
134	145	1.14436
134	148	0.751067
134	149	1.16527
134	151	0.767054
134	153	1.16274
134	155	1.18565
134	158	0.753455
134	159	1.155
134	161	1.17623
134	162	1.16133
134	163	1.19198
134	164	0.756727
134	165	1.19762
134	167	0.733899
134	168	1.16297
134	169	1.17661
134	170	1.16835
134	171	1.18404
134	174	1.17299
134	176	0.770684
134	177	1.17329
134	178	0.758679
134	179	1.1829
134	180	0.759046
135	4	0.715975
135	7	0.698933
135	14	0.721215
135	29	0.776784
135	62	1.09708
135	77	1.22808
135	86	0.764823
135	108	1.18173
135	110	1.15384
135	120	1.16344
135	127	1.17764
135	130	1.15
135	133	1.18716
135	148	0.749243
135	149	1.17471
135	150	0.730382
135	153	1.17217
135	154	0.765246
