1	5	0.871267
1	53	0.898772
1	68	0.940339
1	111	0.931412
1	114	0.926926
1	118	0.961902
1	126	0.942724
1	131	0.958318
1	132	0.957158
1	138	1.63644
1	161	1.05747
1	180	1.93252
2	42	0.857599
2	57	0.839567
2	62	0.824065
2	78	0.805121
2	92	0.848889
2	96	0.846294
2	106	0.869748
2	113	0.858458
2	145	0.847198
2	155	1.98223
2	163	2.32846
2	178	0.826781
3	4	0.884214
3	8	0.841867
3	22	0.824028
3	24	0.82345
3	25	0.82313
3	28	0.823061
3	37	0.893191
3	52	0.871966
3	69	0.826102
3	89	0.819105
3	169	1.65607
3	174	2.55767
4	3	0.884214
4	8	0.883378
4	22	0.865539
4	24	0.864961
4	25	0.864642
4	28	0.864572
4	37	0.934703
4	89	0.860617
4	150	1.71838
4	168	1.88257
5	1	0.871267
5	70	1.62674
5	101	0.848273
5	108	0.829983
5	111	0.816905
5	112	0.827623
5	114	0.812418
5	118	0.847394
5	126	0.828216
5	131	0.84381
5	132	0.84265
5	173	2.4917
6	108	1.37882
6	109	0.861028
6	129	1.65433
6	150	0.888811
6	166	0.862705
6	168	0.852394
6	171	0.872631
6	173	0.856128
6	174	0.816168
6	175	0.755179
6	177	0.816951
6	180	0.807739
7	13	0.908509
7	17	0.811686
7	23	0.876367
7	29	0.880842
7	32	0.854598
7	35	0.773949
7	47	0.835843
7	51	0.835913
7	54	0.821466
7	55	0.821498
7	87	1.96241
7	149	2.14431
8	3	0.841867
8	4	0.883378
8	22	0.823192
8	24	0.822614
8	25	0.822295
8	28	0.822225
8	37	0.892355
8	58	0.856637
8	69	0.825266
8	89	0.818269
8	140	1.22791
8	179	3.16648
9	50	0.82564
9	126	1.1696
9	142	0.890637
9	167	0.966951
9	168	0.967327
9	173	0.971062
9	174	0.931101
9	175	0.870112
9	176	0.94316
9	177	0.931885
9	179	0.885628
9	180	0.922673
10	43	0.823123
10	44	0.82005
10	50	0.898682
10	53	0.792973
10	108	0.838692
10	112	0.836332
10	118	0.856103
10	126	0.836924
10	131	0.852519
10	132	0.851359
10	169	1.94741
10	170	2.27351
11	17	1.62861
11	78	0.825822
11	106	0.890449
11	113	0.879159
11	137	0.87729
11	145	0.8679
11	148	1.45669
11	157	0.809186
11	177	0.816702
11	178	0.847482
11	179	0.770445
11	180	0.80749
12	41	0.868641
12	57	0.836831
12	58	0.841067
12	78	0.802385
12	92	0.846153
12	113	0.855722
12	130	0.862824
12	136	1.97218
12	138	0.817608
12	145	0.844462
12	160	2.2175
12	178	0.824045
13	7	0.908509
13	16	0.910085
13	23	0.987515
13	32	0.965746
13	35	0.885097
13	47	0.946991
13	51	0.947062
13	54	0.932614
13	55	0.932647
13	84	0.87719
13	172	1.41308
13	177	2.12025
14	53	0.89431
14	64	1.55071
14	68	0.935877
14	82	0.930626
14	100	0.941508
14	111	0.92695
14	114	0.922464
14	126	0.938262
14	128	2.04845
14	131	0.953856
14	132	0.952696
14	173	0.896989
15	127	0.757047
15	137	0.806971
15	141	0.819412
15	147	3.27604
15	160	0.794978
15	171	0.802064
15	173	0.78556
15	175	0.684611
15	176	0.757659
15	177	0.746384
15	179	0.700126
15	180	0.737171
16	13	0.910085
16	17	0.813261
16	23	0.877942
16	32	0.856173
16	35	0.775525
16	47	0.837418
16	51	0.837489
16	54	0.823042
16	55	0.823074
16	74	2.40444
16	93	0.856839
16	174	1.82325
17	7	0.811686
17	11	1.62861
17	16	0.813261
17	29	0.895167
17	35	0.788274
17	47	0.850168
17	51	0.850239
17	54	0.835791
17	55	0.835823
17	93	0.869588
17	97	0.848745
17	172	2.26363
18	30	0.877901
18	42	0.842997
18	62	0.809463
18	76	0.796815
18	78	0.790519
18	92	0.834287
18	106	0.855146
18	113	0.843856
18	130	0.850958
18	137	2.22076
18	138	0.805743
18	161	2.3422
18	178	0.812179
19	26	0.787108
19	27	0.865106
19	31	0.859908
19	38	0.842962
19	45	0.830617
19	59	0.877609
19	71	0.79155
19	72	1.47597
19	94	0.821427
19	97	0.82538
19	103	0.800614
19	152	0.837181
19	163	3.05255
20	122	0.846744
20	133	0.81197
20	137	1.78919
20	139	0.839693
20	142	0.819009
20	143	0.823829
20	144	0.818224
20	147	0.839041
20	151	0.822738
20	156	0.828092
20	158	0.825144
20	172	0.793557
20	180	2.78568
21	63	1.5599
21	118	1.61826
21	135	0.850404
21	154	0.857366
21	165	0.835209
21	166	0.86384
21	168	0.853529
21	173	0.857263
21	174	0.817302
21	175	0.756314
21	177	0.818086
21	179	0.771829
21	180	0.808874
22	3	0.824028
22	4	0.865539
22	8	0.823192
22	24	0.804775
22	25	0.804456
22	28	0.804386
22	37	0.874516
22	52	0.853291
22	58	0.838798
22	69	0.807427
22	89	0.80043
22	120	2.29114
22	172	2.24908
23	7	0.876367
23	13	0.987515
23	16	0.877942
23	29	0.959848
23	35	0.852955
23	47	0.914849
23	51	0.91492
23	54	0.900472
23	55	0.900504
23	97	0.913426
23	154	1.63191
23	166	1.58984
23	172	1.60822
24	3	0.82345
24	4	0.864961
24	8	0.822614
24	22	0.804775
24	25	0.803878
24	28	0.803808
24	37	0.873938
24	52	0.852713
24	58	0.83822
24	69	0.806849
24	83	2.14135
24	89	0.799852
24	109	2.27506
25	3	0.82313
25	4	0.864642
25	8	0.822295
25	22	0.804456
25	24	0.803878
25	28	0.803489
25	37	0.873619
25	52	0.852394
25	58	0.837901
25	69	0.80653
25	89	0.799533
25	167	2.28904
25	169	2.19262
26	19	0.787108
26	27	0.872932
26	34	0.857099
26	45	0.838444
26	59	0.885436
26	69	0.802218
26	71	0.799377
26	89	0.795221
26	94	0.829253
26	103	0.80844
26	138	2.47774
26	146	2.12584
26	152	0.845008
27	19	0.865106
27	26	0.872932
27	31	0.945732
27	34	0.935096
27	38	0.928786
27	45	0.916442
27	59	0.963434
27	69	0.880216
27	103	0.886438
27	130	0.84736
27	152	0.923006
27	166	0.858808
27	179	3.27688
28	3	0.823061
28	4	0.864572
28	8	0.822225
28	22	0.804386
28	24	0.803808
28	25	0.803489
28	37	0.873549
28	52	0.852324
28	58	0.837831
28	69	0.80646
28	89	0.799463
28	109	1.8951
28	161	2.58124
29	7	0.880842
29	17	0.895167
29	23	0.959848
29	32	0.938079
29	35	0.85743
29	47	0.919324
29	51	0.919395
29	54	0.904948
29	55	0.90498
29	97	0.917901
29	120	0.919591
29	141	0.798209
29	179	3.27723
30	18	0.877901
30	52	0.935437
30	62	0.901206
30	76	0.888557
30	78	0.882261
30	92	0.926029
30	96	0.923435
30	106	0.946888
30	113	0.935599
30	134	2.22718
30	164	1.08982
30	170	1.54891
30	178	0.903922
31	19	0.859908
31	27	0.945732
31	34	0.929899
31	38	0.923589
31	45	0.911244
31	59	0.958236
31	69	0.875018
31	97	0.906007
31	103	0.88124
31	135	1.56774
31	152	0.917808
31	169	1.3412
31	178	1.89629
32	7	0.854598
32	13	0.965746
32	16	0.856173
32	29	0.938079
32	35	0.831186
32	47	0.89308
32	51	0.89315
32	54	0.878703
32	55	0.878735
32	93	0.9125
32	97	0.891656
32	150	0.61361
32	173	0.782511
32	175	3.81172
33	84	0.834955
33	125	3.64402
33	140	0.779628
33	146	0.776447
33	150	0.817189
33	155	0.756357
33	165	0.762452
33	174	0.744545
33	175	0.683556
33	176	0.756604
33	177	0.745329
33	179	0.699072
33	180	0.736117
34	26	0.857099
34	27	0.935096
34	31	0.929899
34	38	0.912953
34	39	1.93744
34	45	0.900608
34	69	0.864382
34	71	0.861541
34	89	0.857385
34	94	0.891418
34	97	0.895371
34	152	0.907172
34	161	1.57037
34	170	1.64763
35	7	0.773949
35	13	0.885097
35	16	0.775525
35	17	0.788274
35	23	0.852955
35	29	0.85743
35	32	0.831186
35	47	0.812431
35	51	0.812502
35	54	0.798054
35	55	0.798086
35	97	0.811008
35	169	2.2607
35	171	2.53695
36	63	0.849551
36	110	0.827941
36	115	0.822651
36	117	0.813822
36	119	1.05261
36	124	0.823028
36	143	0.810098
36	144	0.804493
36	147	0.82531
36	151	0.809007
36	156	0.81436
36	158	0.811412
36	170	0.786898
36	179	3.85982
37	3	0.893191
37	4	0.934703
37	8	0.892355
37	22	0.874516
37	24	0.873938
37	25	0.873619
37	28	0.873549
37	52	0.922455
37	58	0.907961
37	69	0.87659
37	89	0.869594
37	140	2.1147
37	170	1.57766
37	171	1.5278
38	19	0.842962
38	27	0.928786
38	31	0.923589
38	34	0.912953
38	45	0.894298
38	59	0.94129
38	71	0.855231
38	83	1.15692
38	89	0.851075
38	97	0.88906
38	103	0.864294
38	152	0.900862
38	166	2.11157
38	167	1.82434
39	34	1.93744
39	61	0.7856
39	81	0.893944
39	98	1.97681
39	104	0.86956
39	120	0.856735
39	163	0.787815
39	171	0.856997
39	175	0.739545
39	176	0.812592
39	177	0.801317
39	178	0.832098
39	179	0.75506
39	180	0.792105
40	126	1.32205
40	132	1.12048
40	134	0.881471
40	152	0.98947
40	162	0.891451
40	164	0.961424
40	166	0.930706
40	167	0.920019
40	174	0.884169
40	175	0.82318
40	176	0.896228
40	177	0.884952
40	179	0.838695
40	180	0.87574
41	12	0.868641
41	57	0.895582
41	58	0.899818
41	62	0.88008
41	78	0.861136
41	92	0.904904
41	96	0.902309
41	106	0.925763
41	113	0.914473
41	138	0.876359
41	153	1.74098
41	164	1.45878
41	170	1.91787
41	178	0.882796
42	2	0.857599
42	18	0.842997
42	57	0.881804
42	62	0.866302
42	76	0.853653
42	78	0.847357
42	83	1.18391
42	96	0.888531
42	106	0.911984
42	113	0.900695
42	130	0.907797
42	135	1.98146
42	145	0.889435
42	146	2.23083
42	178	0.869018
43	10	0.823123
43	44	0.868997
43	68	0.883486
43	77	0.825499
43	108	0.887638
43	109	1.48385
43	111	0.874559
43	112	0.885278
43	114	0.870073
43	126	0.885871
43	131	0.901465
43	132	0.900305
43	152	0.883575
43	153	2.07036
43	164	1.78816
44	10	0.82005
44	43	0.868997
44	68	0.880413
44	70	1.31488
44	77	0.822426
44	82	0.875162
44	101	0.902855
44	111	0.871487
44	112	0.882205
44	114	0.867
44	118	0.901976
44	131	0.898393
44	132	0.897232
44	168	2.17513
44	169	1.80914
45	19	0.830617
45	26	0.838444
45	27	0.916442
45	31	0.911244
45	34	0.900608
45	38	0.894298
45	59	0.928946
45	69	0.845727
45	71	0.842886
45	89	0.838731
45	94	0.872763
45	109	1.24599
45	152	0.888517
45	164	1.5503
45	174	2.58488
46	60	0.847889
46	63	0.916559
46	85	1.91521
46	110	0.894949
46	121	1.74417
46	125	0.845572
46	143	0.877106
46	144	0.871501
46	147	0.892318
46	148	0.853119
46	150	1.70085
46	151	0.876015
46	156	0.881369
46	158	0.878421
46	170	0.853907
47	7	0.835843
47	13	0.946991
47	16	0.837418
47	17	0.850168
47	23	0.914849
47	29	0.919324
47	32	0.89308
47	35	0.812431
47	51	0.874395
47	54	0.859948
47	55	0.85998
47	93	0.893745
47	150	1.65648
47	170	1.78078
47	178	2.00977
48	91	0.417347
48	98	0.853999
48	99	2.68408
48	122	0.900581
48	124	0.890597
48	129	0.839387
48	139	0.893531
48	144	0.872062
48	147	0.892879
48	151	0.876576
48	156	0.881929
48	158	0.878981
48	169	0.848077
48	172	0.847395
48	179	2.69496
49	98	0.942093
49	105	1.04937
49	120	1.18614
49	123	0.93358
49	124	0.978691
49	125	0.934226
49	142	0.96094
49	147	0.980973
49	148	0.941774
49	151	0.96467
49	156	0.970023
49	169	0.936171
49	172	0.935489
49	174	1.64365
49	177	1.85125
50	9	0.82564
50	10	0.898682
50	77	0.901058
50	100	0.964676
50	108	0.963198
50	111	0.950119
50	114	0.945632
50	118	0.980608
50	126	0.96143
50	127	2.00776
50	131	0.977025
50	132	0.975864
50	150	1.44436
50	152	0.959135
50	164	1.10957
51	7	0.835913
51	13	0.947062
51	16	0.837489
51	17	0.850239
51	23	0.91492
51	29	0.919395
51	32	0.89315
51	35	0.812502
51	47	0.874395
51	54	0.860019
51	55	0.860051
51	93	0.893816
51	136	1.27755
51	171	1.64971
51	177	2.48267
52	3	0.871966
52	22	0.853291
52	24	0.852713
52	25	0.852394
52	28	0.852324
52	30	0.935437
52	37	0.922455
52	76	0.85435
52	78	0.848054
52	92	0.891822
52	113	0.901392
52	121	1.51496
52	135	1.49637
52	178	0.869715
52	180	2.39372
53	1	0.898772
53	10	0.792973
53	14	0.89431
53	82	0.848085
53	101	0.875778
53	108	0.857488
53	111	0.844409
53	112	0.855127
53	114	0.839923
53	118	0.874899
53	120	1.61505
53	131	0.871315
53	132	0.870155
53	152	0.853425
53	154	1.59667
53	157	2.60327
54	7	0.821466
54	13	0.932614
54	16	0.823042
54	17	0.835791
54	23	0.900472
54	29	0.904948
54	32	0.878703
54	35	0.798054
54	47	0.859948
54	51	0.860019
54	55	0.845604
54	93	0.879369
54	97	0.858525
54	164	1.47101
54	165	2.21893
54	172	2.00603
55	7	0.821498
55	13	0.932647
55	16	0.823074
55	17	0.835823
55	23	0.900504
55	29	0.90498
55	32	0.878735
55	35	0.798086
55	47	0.85998
55	51	0.860051
55	54	0.845604
55	93	0.879401
55	97	0.858557
55	134	1.8625
55	157	2.29043
55	176	1.68566
56	85	0.808796
56	115	2.0229
56	120	0.836784
56	133	2.17356
56	153	0.843616
56	166	0.82712
56	167	0.816433
56	168	0.816809
56	171	0.837047
56	173	0.820543
56	174	0.780583
56	175	0.719594
56	176	0.792642
56	177	0.781366
56	179	0.735109
56	180	0.772154
57	2	0.839567
57	12	0.836831
57	41	0.895582
57	42	0.881804
57	70	1.14416
57	76	0.835622
57	78	0.829326
57	92	0.873094
57	96	0.870499
57	106	0.893953
57	113	0.882663
57	138	0.844549
57	145	0.871403
57	167	1.73483
57	178	0.850986
57	180	2.76231
58	8	0.856637
58	12	0.841067
58	22	0.838798
58	24	0.83822
58	25	0.837901
58	28	0.837831
58	37	0.907961
58	41	0.899818
58	76	0.839857
58	88	1.87293
58	96	0.874734
58	106	0.898188
58	113	0.886898
58	163	2.66228
58	169	1.31569
58	178	0.855221
59	19	0.877609
59	26	0.885436
59	27	0.963434
59	31	0.958236
59	38	0.94129
59	45	0.928946
59	61	1.80841
59	64	1.05334
59	69	0.892719
59	71	0.889878
59	89	0.885723
59	94	0.919755
59	97	0.923708
59	103	0.898942
59	152	0.935509
59	171	0.650834
59	175	3.42883
60	46	0.847889
60	90	0.85721
60	122	0.877152
60	124	0.867168
60	125	0.822703
60	133	0.842378
60	138	2.10248
60	139	0.870101
60	142	0.849417
60	144	0.848633
60	148	0.830251
60	156	0.8585
60	158	0.855552
60	166	1.65832
60	170	0.831038
60	172	0.823965
60	177	2.38387
61	39	0.7856
61	59	1.80841
61	71	0.774511
61	82	0.814802
61	89	2.90748
61	112	0.821845
61	126	0.822438
61	131	0.838032
61	132	0.836872
61	152	0.820142
61	168	0.796363
61	172	0.784057
61	176	0.772196
61	177	0.760921
61	178	0.791702
61	179	0.714664
61	180	0.751709
62	2	0.824065
62	18	0.809463
62	30	0.901206
62	41	0.88008
62	42	0.866302
62	76	0.82012
62	78	0.813824
62	92	0.857592
62	96	0.854997
62	106	0.87845
62	127	2.11561
62	130	0.874263
62	137	1.47782
62	138	0.829047
62	145	0.855901
62	177	2.45961
62	178	0.835484
63	21	1.5599
63	36	0.849551
63	46	0.916559
63	110	0.940751
63	129	0.884629
63	133	0.911049
63	138	1.66249
63	139	0.938772
63	142	0.918088
63	143	0.922908
63	144	0.917303
63	148	0.898922
63	151	0.921817
63	156	0.927171
63	158	0.924223
63	167	0.931102
63	177	1.94389
64	14	1.55071
64	59	1.05334
64	111	2.19815
64	130	0.903774
64	154	0.873495
64	159	0.901518
64	163	0.820712
64	165	0.851338
64	171	0.889895
64	173	0.873391
64	174	0.833431
64	175	0.772442
64	176	0.84549
64	177	0.834215
64	178	0.864995
64	179	0.787957
64	180	0.825002
65	82	2.04331
65	113	2.14742
65	121	0.842967
65	127	0.794149
65	150	0.855346
65	154	0.822766
65	165	0.800609
65	168	0.818928
65	171	0.839166
65	173	0.822663
65	174	0.782702
65	175	0.721713
65	176	0.794761
65	177	0.783486
65	179	0.737228
65	180	0.774274
66	84	0.965258
66	114	0.851915
66	132	1.12148
66	134	0.872151
66	137	0.93622
66	143	1.05215
66	153	0.937881
66	158	1.17457
66	159	0.942935
66	160	0.924227
66	166	0.921385
66	167	0.910698
66	173	0.914809
66	174	0.874848
66	175	0.813859
66	177	0.875632
66	179	0.829375
66	180	0.86642
67	79	0.801194
67	102	0.882431
67	117	0.853438
67	123	0.817534
67	129	0.811435
67	139	0.865578
67	142	0.844894
67	143	0.849714
67	144	0.84411
67	148	0.825728
67	151	0.848624
67	153	1.05054
67	156	0.853977
67	158	0.851029
67	160	1.05073
67	169	0.820125
67	172	0.819442
67	175	4.30124
68	1	0.940339
68	14	0.935877
68	43	0.883486
68	44	0.880413
68	77	0.836915
68	100	0.900533
68	108	0.899055
68	111	0.885976
68	114	0.881489
68	118	0.916465
68	126	0.897287
68	131	0.912881
68	132	0.911721
68	150	1.71072
68	152	0.894992
68	160	1.65833
68	164	1.37593
68	173	1.87962
69	3	0.826102
69	8	0.825266
69	22	0.807427
69	24	0.806849
69	25	0.80653
69	26	0.802218
69	27	0.880216
69	28	0.80646
69	31	0.875018
69	34	0.864382
69	37	0.87659
69	45	0.845727
69	59	0.892719
69	94	0.836537
69	119	1.55481
69	152	0.852291
69	162	2.30723
69	174	2.46189
70	5	1.62674
70	44	1.31488
70	57	1.14416
70	126	1.09226
70	136	0.972894
70	137	0.941526
70	146	0.912056
70	155	0.891967
70	160	0.929533
70	165	0.898062
70	171	0.936618
70	173	0.920115
70	174	0.880155
70	175	0.819166
70	176	0.892214
70	177	0.880938
70	179	0.834681
70	180	0.871726
71	19	0.79155
71	26	0.799377
71	34	0.861541
71	38	0.855231
71	45	0.842886
71	59	0.889878
71	61	0.774511
71	77	0.791374
71	101	0.871803
71	103	0.812882
71	108	0.853513
71	118	0.870924
71	126	0.851746
71	131	0.86734
71	134	2.3683
71	152	0.84945
71	155	2.36428
71	170	1.69003
72	19	1.47597
72	108	1.13159
72	136	0.965336
72	147	0.679673
72	158	1.20803
72	159	0.940684
72	160	0.921975
72	163	0.859878
72	166	0.919134
72	168	0.908823
72	171	0.92906
72	172	0.896517
72	173	0.912557
72	174	0.872597
72	176	0.884655
72	177	0.87338
72	179	0.827123
72	180	0.864168
73	105	2.15796
73	107	1.79655
73	115	0.858197
73	116	2.13812
73	122	0.868558
73	123	0.813463
73	125	0.814109
73	129	0.807364
73	139	0.861507
73	143	0.845644
73	144	0.840039
73	145	0.843433
73	147	0.860856
73	148	0.821657
73	156	0.849906
73	158	0.846958
73	170	0.822444
73	172	0.815371
74	16	2.40444
74	96	2.72597
74	104	0.832517
74	105	0.8088
74	137	0.824862
74	146	0.795392
74	149	0.840831
74	157	0.756758
74	160	0.81287
74	163	0.750772
74	165	0.781398
74	173	0.803451
74	174	0.763491
74	176	0.77555
74	177	0.764275
74	178	0.795055
74	179	0.718017
74	180	0.755062
75	123	1.67757
75	132	1.49677
75	140	0.856557
75	143	1.42745
75	159	0.889561
75	162	0.828757
75	163	0.808755
75	164	0.898729
75	166	0.868011
75	167	0.857324
75	171	0.877938
75	173	0.861434
75	174	0.821474
75	175	0.760485
75	176	0.833533
75	177	0.822258
75	179	0.776
75	180	0.813045
76	18	0.796815
76	30	0.888557
76	42	0.853653
76	52	0.85435
76	57	0.835622
76	58	0.839857
76	62	0.82012
76	78	0.801175
76	92	0.844943
76	96	0.842348
76	106	0.865802
76	113	0.854512
76	130	0.861614
76	138	0.816399
76	164	1.63209
76	166	2.14873
76	176	2.59261
76	178	0.822835
77	43	0.825499
77	44	0.822426
77	50	0.901058
77	68	0.836915
77	71	0.791374
77	100	0.842547
77	101	0.859357
77	103	0.800437
77	111	0.827989
77	114	0.823502
77	118	0.858478
77	126	0.8393
77	131	0.854895
77	132	0.853735
77	152	0.837005
77	160	1.97079
77	170	2.14748
77	172	2.2234
78	2	0.805121
78	11	0.825822
78	12	0.802385
78	18	0.790519
78	30	0.882261
78	41	0.861136
78	42	0.847357
78	52	0.848054
78	57	0.829326
78	62	0.813824
78	76	0.801175
78	96	0.836052
78	106	0.859506
78	113	0.848216
78	145	0.836957
78	149	1.84551
78	165	2.61091
78	167	2.09241
78	178	0.816539
79	67	0.801194
79	102	0.867651
79	110	0.852777
79	122	0.857849
79	123	0.802754
79	125	0.8034
79	133	0.823075
79	135	2.26531
79	139	0.850798
79	145	0.832724
79	147	0.850146
79	148	0.810948
79	151	0.833843
79	156	0.839197
79	158	0.836249
79	159	2.24127
79	167	2.13519
79	170	0.811735
79	172	0.804662
80	95	0.885738
80	98	0.870289
80	121	1.31803
80	122	0.916871
80	123	0.861776
80	124	0.906886
80	125	0.862422
80	141	1.39561
80	143	0.893956
80	145	0.891746
80	147	0.909168
80	148	0.869969
80	151	0.892865
80	156	0.898219
80	158	0.895271
80	162	1.81985
80	163	2.41949
80	169	0.864367
80	172	0.863684
81	39	0.893944
81	83	0.956443
81	86	0.892633
81	94	1.32775
81	102	0.754139
81	103	1.57152
81	134	0.865785
81	149	0.945822
81	163	0.855763
81	164	0.945737
81	165	0.886389
81	168	0.904708
81	169	0.893084
81	173	0.908442
81	174	0.868482
81	175	0.807493
81	177	0.869266
81	179	0.823008
81	180	0.860053
82	14	0.930626
82	44	0.875162
82	53	0.848085
82	61	0.814802
82	65	2.04331
82	100	0.895283
82	103	0.853173
82	108	0.893804
82	111	0.880725
82	112	0.891443
82	114	0.876239
82	118	0.911215
82	126	0.892036
82	131	0.907631
82	132	0.906471
82	137	1.20379
82	152	0.889741
82	153	1.2256
82	177	2.18559
83	24	2.14135
83	38	1.15692
83	42	1.18391
83	81	0.956443
83	92	0.912628
83	119	0.92667
83	135	0.896134
83	155	0.874844
83	159	0.931119
83	162	0.870315
83	165	0.880939
83	166	0.90957
83	167	0.898882
83	172	0.886952
83	173	0.902993
83	175	0.802043
83	176	0.875091
83	179	0.817559
83	180	0.854604
84	13	0.87719
84	33	0.834955
84	66	0.965258
84	94	1.50205
84	124	1.21239
84	146	0.897383
84	149	0.942821
84	153	0.928514
84	156	1.34137
84	157	0.858749
84	160	0.91486
84	161	0.911801
84	167	0.901331
84	173	0.905441
84	175	0.804492
84	176	0.87754
84	177	0.866265
84	179	0.820007
84	180	0.857052
85	46	1.91521
85	56	0.808796
85	90	1.36339
85	104	0.87231
85	120	0.859485
85	122	1.77025
85	149	0.880624
85	150	0.875928
85	163	0.790565
85	167	0.839134
85	168	0.83951
85	169	0.827886
85	170	0.834276
85	173	0.843244
85	176	0.815343
85	177	0.804068
85	178	0.834848
85	179	0.75781
85	180	0.794855
86	81	0.892633
86	115	0.903308
86	117	0.894478
86	123	0.858574
86	125	0.85922
86	133	0.878895
86	139	0.906618
86	142	0.885934
86	143	0.890755
86	144	0.88515
86	147	0.905967
86	148	0.866768
86	151	0.889664
86	156	0.895017
86	157	2.63309
86	158	0.892069
86	160	1.3502
86	165	1.81571
86	169	0.861165
87	7	1.96241
87	141	0.940124
87	145	0.788098
87	152	0.921563
87	154	0.906375
87	158	1.10566
87	160	0.91569
87	161	0.912631
87	163	0.853593
87	165	0.884219
87	166	0.912849
87	168	0.902538
87	170	0.897304
87	172	0.890231
87	173	0.906272
87	175	0.805323
87	177	0.867095
87	179	0.820838
87	180	0.857883
88	58	1.87293
88	114	1.67262
88	131	1.11704
88	155	0.829306
88	157	0.810762
88	159	0.885581
88	160	0.866873
88	161	0.863814
88	165	0.835401
88	166	0.864031
88	168	0.85372
88	171	0.873958
88	172	0.841414
88	174	0.817494
88	176	0.829553
88	177	0.818278
88	179	0.77202
88	180	0.809066
89	3	0.819105
89	4	0.860617
89	8	0.818269
89	22	0.80043
89	24	0.799852
89	25	0.799533
89	26	0.795221
89	28	0.799463
89	34	0.857385
89	37	0.869594
89	38	0.851075
89	45	0.838731
89	59	0.885723
89	61	2.90748
89	94	0.82954
89	97	0.833493
89	152	0.845295
89	166	1.51162
89	176	1.95551
90	60	0.85721
90	85	1.36339
90	95	0.87821
90	110	0.904271
90	123	0.854247
90	125	0.854893
90	129	0.848148
90	133	0.874568
90	139	0.902292
90	140	1.81037
90	142	0.881607
90	144	0.880823
90	148	0.862441
90	151	0.885337
90	156	0.89069
90	157	2.37953
90	158	0.887742
90	169	0.856838
90	172	0.856156
90	178	1.50232
91	48	0.417347
91	94	1.82282
91	105	0.905552
91	122	1.54099
91	142	1.49447
91	146	0.892144
91	149	0.937583
91	154	0.900307
91	155	0.872055
91	157	0.85351
91	161	0.906562
91	162	0.867525
91	167	0.896093
91	168	0.896469
91	174	0.860243
91	175	0.799254
91	176	0.872302
91	177	0.861026
91	179	0.814769
91	180	0.851814
92	2	0.848889
92	12	0.846153
92	18	0.834287
92	30	0.926029
92	41	0.904904
92	52	0.891822
92	57	0.873094
92	62	0.857592
92	76	0.844943
92	83	0.912628
92	96	0.87982
92	106	0.903274
92	113	0.891984
92	116	1.77112
92	130	0.899086
92	138	0.853871
92	145	0.880725
92	155	2.48399
92	170	1.80974
92	178	0.860307
93	16	0.856839
93	17	0.869588
93	32	0.9125
93	47	0.893745
93	51	0.893816
93	54	0.879369
93	55	0.879401
93	97	0.892322
93	113	1.02811
93	140	0.879202
93	151	1.1711
93	156	1.32285
93	158	1.28565
93	159	0.912205
93	162	0.851401
93	164	0.921374
93	168	0.880344
93	175	0.783129
93	177	0.844902
93	180	0.83569
94	19	0.821427
94	26	0.829253
94	34	0.891418
94	45	0.872763
94	59	0.919755
94	69	0.836537
94	81	1.32775
94	84	1.50205
94	89	0.82954
94	91	1.82282
94	100	0.884869
94	101	0.90168
94	108	0.88339
94	111	0.870311
94	112	0.881029
94	118	0.900801
94	126	0.881622
94	132	0.896057
94	152	0.879327
94	169	1.63591
95	80	0.885738
95	90	0.87821
95	98	0.85157
95	115	0.88779
95	122	0.898152
95	124	0.888167
95	129	0.836957
95	139	0.891101
95	142	0.870417
95	143	0.875237
95	147	0.890449
95	148	0.85125
95	151	0.874146
95	156	0.8795
95	158	0.876551
95	159	1.76947
95	160	1.71638
95	169	0.845647
95	171	1.84322
95	173	1.93767
96	2	0.846294
96	30	0.923435
96	41	0.902309
96	42	0.888531
96	57	0.870499
96	58	0.874734
96	62	0.854997
96	74	2.72597
96	76	0.842348
96	78	0.836052
96	92	0.87982
96	106	0.900679
96	113	0.889389
96	130	0.896492
96	136	1.14727
96	138	0.851276
96	145	0.87813
96	167	1.3396
96	172	1.6452
96	178	0.857713
97	17	0.848745
97	19	0.82538
97	23	0.913426
97	29	0.917901
97	31	0.906007
97	32	0.891656
97	34	0.895371
97	35	0.811008
97	38	0.88906
97	54	0.858525
97	55	0.858557
97	59	0.923708
97	89	0.833493
97	93	0.892322
97	103	0.846712
97	152	0.88328
97	159	0.54042
97	163	1.6845
97	175	3.73783
97	180	1.46181
98	39	1.97681
98	48	0.853999
98	49	0.942093
98	80	0.870289
98	95	0.85157
98	102	0.892504
98	122	0.882702
98	124	0.872718
98	133	0.847928
98	142	0.854967
98	145	0.857577
98	146	1.8368
98	147	0.875
98	148	0.835801
98	149	1.21042
98	151	0.858697
98	156	0.86405
98	158	0.861102
98	169	0.830198
98	172	0.829516
98	176	2.18843
99	48	2.68408
99	100	3.26677
99	104	0.811678
99	105	0.787961
99	128	0.728896
99	135	0.775753
99	136	0.835391
99	137	0.804023
99	140	0.777735
99	159	0.810738
99	163	0.729933
99	164	0.819907
99	167	0.778501
99	171	0.799115
99	173	0.782612
99	174	0.742651
99	176	0.75471
99	177	0.743435
99	178	0.774216
99	179	0.697178
99	180	0.734223
100	14	0.941508
100	50	0.964676
100	68	0.900533
100	77	0.842547
100	82	0.895283
100	94	0.884869
100	99	3.26677
100	101	0.922976
100	103	0.864055
100	108	0.904686
100	111	0.891607
100	112	0.902326
100	114	0.887121
100	118	0.922097
100	126	0.902918
100	130	0.84813
100	131	0.918513
100	132	0.917353
100	152	0.900623
100	172	0.877956
100	176	1.30347
100	177	1.58513
101	5	0.848273
101	44	0.902855
101	53	0.875778
101	71	0.871803
101	77	0.859357
101	94	0.90168
101	100	0.922976
101	103	0.880866
101	108	0.921497
101	111	0.908418
101	112	0.919136
101	114	0.903932
101	118	0.938908
101	126	0.919729
101	131	0.935324
101	132	0.934164
101	137	1.4077
101	152	0.917434
101	159	1.4828
101	165	1.89522
101	170	1.6064
101	178	1.83539
102	67	0.882431
102	79	0.867651
102	81	0.754139
102	98	0.892504
102	110	0.934015
102	123	0.883991
102	124	0.929102
102	125	0.884637
102	129	0.877892
102	133	0.904312
102	139	0.932035
102	143	0.916172
102	144	0.910567
102	147	0.931384
102	148	0.892185
102	150	1.2641
102	154	1.48801
102	156	0.920434
102	158	0.917486
102	170	0.892972
102	177	2.1715
102	180	2.18619
103	19	0.800614
103	26	0.80844
103	27	0.886438
103	31	0.88124
103	38	0.864294
103	59	0.898942
103	71	0.812882
103	77	0.800437
103	81	1.57152
103	82	0.853173
103	97	0.846712
103	100	0.864055
103	101	0.880866
103	111	0.849498
103	112	0.860216
103	126	0.860809
103	131	0.876403
103	132	0.875243
103	152	0.858514
103	164	1.74669
103	169	1.87968
103	172	2.2817
104	39	0.86956
104	74	0.832517
104	85	0.87231
104	99	0.811678
104	115	1.26291
104	123	1.60596
104	124	1.38647
104	140	0.879181
104	142	1.34778
104	161	0.890417
104	162	0.85138
104	163	0.831379
104	164	0.921353
104	171	0.900561
104	172	0.868017
104	173	0.884058
104	174	0.844097
104	175	0.783108
104	176	0.856156
104	177	0.844881
104	179	0.798624
104	180	0.835669
105	49	1.04937
105	73	2.15796
105	74	0.8088
105	91	0.905552
105	99	0.787961
105	116	0.867177
105	124	1.65356
105	127	0.831828
105	137	0.881752
105	144	1.47572
105	149	0.89772
105	150	0.893024
105	161	0.8667
105	162	0.827663
105	166	0.866918
105	167	0.85623
105	168	0.856606
105	171	0.876844
105	174	0.82038
105	176	0.832439
105	177	0.821164
105	179	0.774907
105	180	0.811952
106	2	0.869748
106	11	0.890449
106	18	0.855146
106	30	0.946888
106	41	0.925763
106	42	0.911984
106	57	0.893953
106	58	0.898188
106	62	0.87845
106	76	0.865802
106	78	0.859506
106	92	0.903274
106	96	0.900679
106	113	0.912843
106	130	0.919945
106	138	0.87473
106	141	1.58011
106	145	0.901584
106	146	1.73332
106	161	1.50625
106	171	1.53365
106	174	2.159
106	178	0.881166
107	73	1.79655
107	126	1.53242
107	127	0.835511
107	129	1.58301
107	140	0.859147
107	141	0.897876
107	146	0.855966
107	149	0.901404
107	152	1.19984
107	154	0.864128
107	155	0.835876
107	161	0.870383
107	164	0.901319
107	165	0.841971
107	167	0.859914
107	168	0.86029
107	174	0.824064
107	175	0.763075
107	176	0.836123
107	177	0.824848
107	178	0.855628
107	179	0.77859
107	180	0.815635
108	5	0.829983
108	6	1.37882
108	10	0.838692
108	43	0.887638
108	50	0.963198
108	53	0.857488
108	68	0.899055
108	71	0.853513
108	72	1.13159
108	82	0.893804
108	94	0.88339
108	100	0.904686
108	101	0.921497
108	112	0.900847
108	114	0.885642
108	118	0.920618
108	126	0.90144
108	131	0.917034
108	132	0.915874
108	146	1.8375
108	152	0.899144
108	162	2.10853
108	169	1.36159
109	6	0.861028
109	24	2.27506
109	28	1.8951
109	43	1.48385
109	45	1.24599
109	120	0.876133
109	141	0.893744
109	154	0.859995
109	157	0.813199
109	161	0.866251
109	164	0.897187
109	166	0.866469
109	167	0.855781
109	168	0.856157
109	169	0.844534
109	171	0.876395
109	173	0.859892
109	174	0.819931
109	175	0.758942
109	176	0.83199
109	178	0.851496
109	179	0.774458
109	180	0.811503
110	36	0.827941
110	46	0.894949
110	63	0.940751
110	79	0.852777
110	90	0.904271
110	102	0.934015
110	123	0.869118
110	129	0.863018
110	133	0.889438
110	139	0.917162
110	142	0.896478
110	143	0.901298
110	147	0.91651
110	148	0.877311
110	151	0.900207
110	156	0.905561
110	157	2.09368
110	158	0.902612
110	161	0.910219
110	169	0.871709
110	171	0.937622
110	178	1.21647
110	179	3.4631
111	1	0.931412
111	5	0.816905
111	14	0.92695
111	43	0.874559
111	44	0.871487
111	50	0.950119
111	53	0.844409
111	64	2.19815
111	68	0.885976
111	77	0.827989
111	82	0.880725
111	94	0.870311
111	100	0.891607
111	101	0.908418
111	103	0.849498
111	112	0.887768
111	114	0.872563
111	131	0.903955
111	132	0.902795
111	136	1.07781
111	152	0.886065
111	168	1.53972
111	172	1.57575
111	176	2.00126
112	5	0.827623
112	10	0.836332
112	43	0.885278
112	44	0.882205
112	53	0.855127
112	61	0.821845
112	82	0.891443
112	94	0.881029
112	100	0.902326
112	101	0.919136
112	103	0.860216
112	108	0.900847
112	111	0.887768
112	114	0.883281
112	118	0.918257
112	126	0.899079
112	131	0.914674
112	132	0.913514
112	152	0.896784
112	153	1.30507
112	162	1.9028
112	168	1.52185
112	178	1.71095
112	180	2.27975
113	2	0.858458
113	11	0.879159
113	12	0.855722
113	18	0.843856
113	30	0.935599
113	41	0.914473
113	42	0.900695
113	52	0.901392
113	57	0.882663
113	58	0.886898
113	65	2.14742
113	76	0.854512
113	78	0.848216
113	92	0.891984
113	93	1.02811
113	96	0.889389
113	106	0.912843
113	127	1.94569
113	130	0.908656
113	138	0.86344
113	145	0.890294
113	161	1.42934
113	173	1.5512
113	178	0.869877
114	1	0.926926
114	5	0.812418
114	14	0.922464
114	43	0.870073
114	44	0.867
114	50	0.945632
114	53	0.839923
114	66	0.851915
114	68	0.881489
114	77	0.823502
114	82	0.876239
114	88	1.67262
114	100	0.887121
114	101	0.903932
114	108	0.885642
114	111	0.872563
114	112	0.883281
114	118	0.903053
114	126	0.883874
114	131	0.899469
114	132	0.898309
114	166	1.49902
114	176	1.94291
114	180	2.23927
115	36	0.822651
115	56	2.0229
115	73	0.858197
115	86	0.903308
115	95	0.88779
115	104	1.26291
115	117	0.899732
115	124	0.908938
115	125	0.864474
115	129	0.857729
115	130	1.59488
115	133	0.884148
115	139	0.911872
115	142	0.891188
115	144	0.890403
115	147	0.91122
115	148	0.872021
115	154	1.64839
115	156	0.900271
115	158	0.897323
115	168	1.58868
115	169	0.866419
115	170	0.872809
115	172	0.865736
116	73	2.13812
116	92	1.77112
116	105	0.867177
116	127	0.833315
116	131	0.847285
116	134	0.81917
116	155	0.83368
116	156	1.76271
116	159	0.889955
116	160	0.871246
116	162	0.82915
116	163	0.809149
116	164	0.899123
116	165	0.839775
116	166	0.868405
116	170	0.85286
116	172	0.845788
116	173	0.861828
116	174	0.821868
116	175	0.760879
116	177	0.822652
116	178	0.853432
116	179	0.776394
116	180	0.813439
117	36	0.813822
117	67	0.853438
117	86	0.894478
117	115	0.899732
117	123	0.854999
117	124	0.900109
117	125	0.855644
117	129	0.848899
117	133	0.875319
117	142	0.882358
117	143	0.887179
117	144	0.881574
117	147	0.902391
117	148	0.863192
117	151	0.886088
117	154	1.63184
117	156	0.891442
117	158	0.888493
117	163	2.55271
117	165	1.82105
117	168	1.57212
117	169	0.857589
117	170	0.863979
117	171	1.48237
117	172	0.856907
118	1	0.961902
118	5	0.847394
118	10	0.856103
118	21	1.61826
118	44	0.901976
118	50	0.980608
118	53	0.874899
118	68	0.916465
118	71	0.870924
118	77	0.858478
118	82	0.911215
118	94	0.900801
118	100	0.922097
118	101	0.938908
118	108	0.920618
118	112	0.918257
118	114	0.903053
118	126	0.91885
118	131	0.934445
118	132	0.933285
118	138	1.72085
118	149	0.742566
118	152	0.916555
118	155	1.89339
118	162	1.63998
118	174	1.79464
119	36	1.05261
119	69	1.55481
119	83	0.92667
119	136	0.931449
119	143	1.31013
119	146	0.870611
119	148	1.68421
119	149	0.916049
119	150	0.911353
119	151	1.318
119	157	0.831977
119	161	0.885029
119	162	0.845992
119	163	0.82599
119	164	0.915964
119	165	0.856616
119	167	0.874559
119	168	0.874935
119	171	0.895173
119	173	0.87867
119	174	0.838709
119	175	0.77772
119	176	0.850768
119	177	0.839493
119	179	0.793236
119	180	0.830281
120	22	2.29114
120	29	0.919591
120	39	0.856735
120	49	1.18614
120	53	1.61505
120	56	0.836784
120	85	0.859485
120	109	0.876133
120	141	0.905085
120	150	0.903916
120	151	1.76757
120	153	0.894305
120	157	0.82454
120	159	0.899359
120	160	0.880651
120	163	0.818554
120	164	0.908528
120	165	0.849179
120	166	0.87781
120	167	0.867122
120	171	0.887736
120	173	0.871233
120	175	0.770284
120	176	0.843331
120	177	0.832056
120	179	0.785799
120	180	0.822844
121	46	1.74417
121	52	1.51496
121	65	0.842967
121	80	1.31803
121	125	1.41324
121	134	0.832639
121	135	0.868438
121	143	1.56074
121	150	0.90798
121	154	0.8754
121	159	0.903423
121	160	0.884715
121	163	0.822617
121	164	0.912591
121	166	0.881873
121	167	0.871186
121	169	0.859938
121	170	0.866329
121	171	0.8918
121	173	0.875297
121	174	0.835336
121	175	0.774347
121	176	0.847395
121	177	0.83612
121	178	0.8669
121	179	0.789863
121	180	0.826908
122	20	0.846744
122	48	0.900581
122	60	0.877152
122	73	0.868558
122	79	0.857849
122	80	0.916871
122	85	1.77025
122	91	1.54099
122	95	0.898152
122	98	0.882702
122	123	0.874189
122	129	0.86809
122	130	1.72628
122	133	0.89451
122	141	1.67679
122	142	0.901549
122	143	0.90637
122	144	0.900765
122	147	0.921582
122	148	0.882383
122	151	0.905279
122	156	0.910632
122	158	0.907684
122	160	1.5035
122	167	1.4505
122	169	0.87678
122	170	0.88317
122	172	0.876098
123	49	0.93358
123	67	0.817534
123	73	0.813463
123	75	1.67757
123	79	0.802754
123	80	0.861776
123	86	0.858574
123	90	0.854247
123	102	0.883991
123	104	1.60596
123	110	0.869118
123	117	0.854999
123	122	0.874189
123	127	2.33094
123	129	0.812995
123	133	0.839415
123	139	0.867139
123	142	0.846454
123	143	0.851275
123	144	0.84567
123	147	0.866487
123	151	0.850184
123	153	1.71495
123	156	0.855537
123	158	0.852589
123	168	1.93173
123	170	0.828075
123	172	0.821003
124	36	0.823028
124	48	0.890597
124	49	0.978691
124	60	0.867168
124	80	0.906886
124	84	1.21239
124	95	0.888167
124	98	0.872718
124	102	0.929102
124	104	1.38647
124	105	1.65356
124	115	0.908938
124	117	0.900109
124	125	0.864851
124	129	0.858106
124	133	0.884525
124	142	0.891565
124	143	0.896385
124	145	0.894175
124	147	0.911597
124	151	0.895294
124	158	0.897699
124	168	1.71224
124	169	0.866796
124	170	0.873186
124	171	1.6225
124	172	0.866113
124	173	1.71695
125	33	3.64402
125	46	0.845572
125	49	0.934226
125	60	0.822703
125	73	0.814109
125	79	0.8034
125	80	0.862422
125	86	0.85922
125	90	0.854893
125	102	0.884637
125	115	0.864474
125	117	0.855644
125	121	1.41324
125	124	0.864851
125	139	0.867784
125	142	0.8471
125	143	0.85192
125	144	0.846315
125	145	0.84971
125	149	1.01764
125	151	0.850829
125	156	0.856183
125	158	0.853235
125	161	1.41696
125	165	1.78304
125	169	0.822331
125	170	0.828721
125	172	0.821648
126	1	0.942724
126	5	0.828216
126	9	1.1696
126	10	0.836924
126	14	0.938262
126	40	1.32205
126	43	0.885871
126	50	0.96143
126	61	0.822438
126	68	0.897287
126	70	1.09226
126	71	0.851746
126	77	0.8393
126	82	0.892036
126	94	0.881622
126	100	0.902918
126	101	0.919729
126	103	0.860809
126	107	1.53242
126	108	0.90144
126	112	0.899079
126	114	0.883874
126	118	0.91885
126	131	0.915267
126	132	0.914106
126	152	0.897377
126	153	1.73573
126	178	2.14161
127	15	0.757047
127	50	2.00776
127	62	2.11561
127	65	0.794149
127	105	0.831828
127	107	0.835511
127	113	1.94569
127	116	0.833315
127	123	2.33094
127	149	0.863859
127	150	0.859162
127	153	0.849551
127	155	0.79833
127	157	0.779786
127	159	0.854605
127	161	0.832838
127	162	0.793801
127	164	0.863774
127	165	0.804425
127	166	0.833056
127	167	0.822368
127	171	0.842982
127	173	0.826479
127	174	0.786518
127	176	0.798577
127	177	0.787302
127	179	0.741045
127	180	0.77809
128	14	2.04845
128	99	0.728896
128	136	0.854055
128	137	0.822687
128	140	0.796399
128	141	0.835128
128	142	2.82972
128	144	2.69057
128	149	0.838655
128	150	0.833959
128	153	0.824348
128	155	0.773127
128	157	0.754583
128	161	0.807635
128	162	0.768598
128	163	0.748597
128	164	0.838571
128	165	0.779222
128	167	0.797165
128	168	0.797541
128	173	0.801276
128	174	0.761315
128	175	0.700326
128	176	0.773374
128	177	0.762099
128	179	0.715842
128	180	0.752887
129	6	1.65433
129	48	0.839387
129	63	0.884629
129	67	0.811435
129	73	0.807364
129	90	0.848148
129	95	0.836957
129	102	0.877892
129	107	1.58301
129	110	0.863018
129	115	0.857729
129	117	0.848899
129	122	0.86809
129	123	0.812995
129	124	0.858106
129	130	2.0093
129	139	0.861039
129	142	0.840355
129	143	0.845175
129	144	0.839571
129	147	0.860388
129	148	0.821189
129	151	0.844084
129	156	0.849438
129	158	0.84649
129	161	1.88595
129	170	0.821976
129	172	0.814903
129	174	2.5387
130	12	0.862824
130	18	0.850958
130	27	0.84736
130	42	0.907797
130	62	0.874263
130	64	0.903774
130	76	0.861614
130	92	0.899086
130	96	0.896492
130	100	0.84813
130	106	0.919945
130	113	0.908656
130	115	1.59488
130	122	1.72628
130	129	2.0093
130	138	0.870542
130	139	1.62101
130	145	0.897396
130	153	0.908448
130	159	0.913502
130	161	0.891734
130	167	0.881265
130	168	0.881641
130	174	0.845415
130	175	0.784426
130	176	0.857473
130	177	0.846198
130	178	0.876979
130	179	0.799941
130	180	0.836986
131	1	0.958318
131	5	0.84381
131	10	0.852519
131	14	0.953856
131	43	0.901465
131	44	0.898393
131	50	0.977025
131	53	0.871315
131	61	0.838032
131	68	0.912881
131	71	0.86734
131	77	0.854895
131	82	0.907631
131	88	1.11704
131	100	0.918513
131	101	0.935324
131	103	0.876403
131	108	0.917034
131	111	0.903955
131	112	0.914674
131	114	0.899469
131	116	0.847285
131	118	0.934445
131	126	0.915267
131	132	0.929701
131	146	1.03571
131	152	0.912971
131	155	1.56015
131	174	1.4614
131	177	1.66901
131	179	3.36153
132	1	0.957158
132	5	0.84265
132	10	0.851359
132	14	0.952696
132	40	1.12048
132	43	0.900305
132	44	0.897232
132	50	0.975864
132	53	0.870155
132	61	0.836872
132	66	1.12148
132	68	0.911721
132	75	1.49677
132	77	0.853735
132	82	0.906471
132	94	0.896057
132	100	0.917353
132	101	0.934164
132	103	0.875243
132	108	0.915874
132	111	0.902795
132	112	0.913514
132	114	0.898309
132	118	0.933285
132	126	0.914106
132	131	0.929701
132	141	1.70764
132	152	0.911811
132	154	1.81065
132	160	1.53435
132	173	1.75565
133	20	0.81197
133	56	2.17356
133	60	0.842378
133	63	0.911049
133	79	0.823075
133	86	0.878895
133	90	0.874568
133	98	0.847928
133	102	0.904312
133	110	0.889438
133	115	0.884148
133	117	0.875319
133	122	0.89451
133	123	0.839415
133	124	0.884525
133	137	1.50074
133	139	0.887459
133	142	0.866775
133	144	0.86599
133	145	0.869385
133	147	0.886807
133	148	0.847609
133	151	0.870504
133	158	0.87291
133	159	1.57584
133	169	0.842006
133	170	0.848396
133	171	1.64958
133	172	0.841323
133	173	1.74404
133	174	2.27493
134	30	2.22718
134	40	0.881471
134	55	1.8625
134	66	0.872151
134	71	2.3683
134	81	0.865785
134	116	0.81917
134	121	0.832639
134	141	0.846186
134	146	0.804275
134	152	2.25831
134	153	0.835407
134	154	0.812438
134	155	0.784186
134	157	0.765641
134	159	0.840461
134	161	0.818693
134	162	0.779656
134	166	0.818911
134	167	0.808224
134	168	0.8086
134	170	0.803366
134	171	0.828838
134	173	0.812334
134	174	0.772374
134	175	0.711385
134	176	0.784433
134	177	0.773158
134	179	0.7269
134	180	0.763945
135	21	0.850404
135	31	1.56774
135	42	1.98146
135	52	1.49637
135	79	2.26531
135	83	0.896134
135	99	0.775753
135	121	0.868438
135	138	0.833301
135	145	1.34701
135	149	0.885513
135	150	0.880816
135	153	0.871206
135	154	0.848237
135	159	0.87626
135	160	0.857552
135	161	0.854493
135	163	0.795454
135	164	0.885428
135	165	0.82608
135	166	0.85471
135	167	0.844023
135	171	0.864637
135	173	0.848133
135	174	0.808173
135	175	0.747184
135	176	0.820232
135	177	0.808957
135	179	0.762699
135	180	0.799744
136	12	1.97218
136	51	1.27755
136	70	0.972894
136	72	0.965336
136	96	1.14727
136	99	0.835391
136	111	1.07781
136	119	0.931449
136	128	0.854055
136	137	0.929182
136	142	1.21164
136	146	0.899713
136	147	0.813761
136	150	0.940454
136	151	1.22757
136	160	0.91719
136	162	0.875094
136	163	0.855092
136	164	0.945066
136	165	0.885718
136	166	0.914348
136	167	0.903661
136	168	0.904037
136	171	0.924275
136	173	0.907771
136	174	0.867811
136	175	0.806822
136	176	0.87987
136	177	0.868595
136	178	0.899375
136	179	0.822337
136	180	0.859382
137	11	0.87729
137	15	0.806971
137	18	2.22076
137	20	1.78919
137	62	1.47782
137	66	0.93622
137	70	0.941526
137	74	0.824862
137	82	1.20379
137	99	0.804023
137	101	1.4077
137	105	0.881752
137	128	0.822687
137	133	1.50074
137	136	0.929182
137	149	0.913783
137	159	0.90453
137	161	0.882762
137	162	0.843725
137	165	0.85435
137	167	0.872293
137	168	0.872669
137	169	0.861045
137	170	0.867435
137	171	0.892906
137	172	0.860363
137	174	0.836443
137	175	0.775454
137	176	0.848501
137	177	0.837226
137	179	0.790969
137	180	0.828014
138	1	1.63644
138	12	0.817608
138	18	0.805743
138	26	2.47774
138	41	0.876359
138	57	0.844549
138	60	2.10248
138	62	0.829047
138	63	1.66249
138	76	0.816399
