1	7	0.0374668
1	10	0.684353
1	127	1.10566
1	145	0.532303
1	165	1.15085
1	170	1.10141
1	171	1.05421
1	174	1.03787
1	175	1.05286
1	176	1.04756
1	179	1.04766
1	180	1.00726
2	33	0.930393
2	116	0.971468
2	123	1.02563
2	137	0.984953
2	142	1.00086
2	145	0.991639
2	148	0.974697
2	153	1.00075
2	158	1.27549
2	161	1.84783
2	166	0.873215
2	173	0.852019
3	12	0.92332
3	40	1.03916
3	54	1.09651
3	63	0.979872
3	100	0.932103
3	110	1.74192
3	117	0.979865
3	124	0.938023
3	136	0.976624
3	146	1.46343
3	163	0.911548
3	180	0.826518
4	68	0.983322
4	96	0.947227
4	128	1.50189
4	140	0.987
4	141	1.60244
4	142	1.00237
4	145	0.993152
4	147	0.984958
4	148	0.97621
4	153	1.00227
4	166	0.874728
4	173	0.853533
5	16	0.951529
5	42	1.02701
5	46	0.987595
5	49	0.908143
5	56	0.903636
5	74	0.975975
5	87	1.04835
5	89	1.03034
5	103	0.947808
5	106	0.927677
5	173	0.839128
5	178	2.37311
6	77	0.743929
6	108	0.882167
6	152	0.821099
6	157	0.796275
6	164	0.826448
6	165	0.861305
6	168	0.811499
6	171	0.764668
6	175	0.76332
6	176	0.758021
6	177	0.809851
6	179	0.758119
7	1	0.0374668
7	35	1.1659
7	76	1.09765
7	79	1.08051
7	83	1.17146
7	101	1.04643
7	134	1.09633
7	141	0.564299
7	162	2.60585
7	166	0.983842
7	178	0.990475
7	180	0.964658
8	50	1.10281
8	52	1.01373
8	107	1.08518
8	109	0.520309
8	126	1.10268
8	132	2.02317
8	135	1.07438
8	143	1.0921
8	144	1.11802
8	172	1.02376
8	177	0.968401
8	178	0.98029
9	52	1.00147
9	70	0.666689
9	76	0.502252
9	156	1.1162
9	168	1.1016
9	169	1.04963
9	171	1.05477
9	174	1.03843
9	175	1.05342
9	176	1.04812
9	177	1.09995
9	179	1.04822
10	1	0.684353
10	35	1.06025
10	36	0.965811
10	60	1.02615
10	79	0.974855
10	83	1.06581
10	134	0.990675
10	159	0.899676
10	166	0.878188
10	178	0.884822
10	179	2.12181
10	180	0.859005
11	23	1.0272
11	37	0.946531
11	38	0.934645
11	49	0.924471
11	56	0.919964
11	74	0.992303
11	87	1.06468
11	94	0.956339
11	132	2.09973
11	158	0.999606
11	172	1.08947
11	173	0.855456
12	3	0.92332
12	40	1.05448
12	54	1.11183
12	62	0.991601
12	115	0.955333
12	124	0.953343
12	131	0.943012
12	159	0.80998
12	163	0.926867
12	172	0.911121
12	173	2.63762
12	180	0.841837
13	36	0.65303
13	131	0.988788
13	150	0.985633
13	154	1.01899
13	156	0.996181
13	168	0.981577
13	169	0.929604
13	171	0.934746
13	174	0.918406
13	175	0.933398
13	176	0.9281
13	177	0.979929
14	78	2.02489
14	127	0.891484
14	141	0.936223
14	164	0.901809
14	165	0.936667
14	168	0.88686
14	171	0.840029
14	174	0.823689
14	175	0.838681
14	176	0.833383
14	177	0.885212
14	179	0.833481
15	36	0.978831
15	60	1.03917
15	76	1.00501
15	101	0.9538
15	119	0.985601
15	134	1.0037
15	157	1.68461
15	159	0.912697
15	163	0.957055
15	170	1.48874
15	178	0.897842
15	180	0.872025
16	5	0.951529
16	23	1.02516
16	38	0.932601
16	49	0.922428
16	56	0.917921
16	67	1.36246
16	74	0.99026
16	87	1.06263
16	94	0.954295
16	158	0.997562
16	172	1.79272
16	173	0.853412
17	43	0.81625
17	66	1.19347
17	80	0.74641
17	96	1.16639
17	114	1.21217
17	133	1.19983
17	140	1.20616
17	142	1.22153
17	147	1.20412
17	148	1.19537
17	153	1.22143
17	154	1.0269
18	58	0.95957
18	123	1.02142
18	125	0.965348
18	129	0.85925
18	137	0.980739
18	142	0.996645
18	145	0.987425
18	147	0.979231
18	148	0.970483
18	153	0.996539
18	173	0.847806
18	177	2.03843
19	123	1.11784
19	125	1.06177
19	140	1.0777
19	142	1.09307
19	145	1.08385
19	147	1.07565
19	148	1.06691
19	151	1.04035
19	153	1.09296
19	160	1.40797
19	168	1.16385
19	173	0.944229
20	104	0.994053
20	105	0.986204
20	118	0.926379
20	121	0.962977
20	126	0.985351
20	136	1.49683
20	138	0.991376
20	143	0.97478
20	144	1.0007
20	146	1.4921
20	172	0.906433
20	178	0.862966
21	54	0.444067
21	117	1.20225
21	156	1.00215
21	159	0.934444
21	161	0.971672
21	165	1.03736
21	171	0.940719
21	174	0.924379
21	175	0.939371
21	176	0.934072
21	177	0.985902
21	179	0.93417
22	125	0.968553
22	137	0.983945
22	140	0.984479
22	142	0.99985
22	145	0.990631
22	147	0.982437
22	148	0.973689
22	153	0.999744
22	160	1.46587
22	162	0.869253
22	169	1.7858
22	173	0.851011
23	11	1.0272
23	16	1.02516
23	42	1.10065
23	49	0.981776
23	64	0.624042
23	87	1.12198
23	89	1.10397
23	94	1.01364
23	97	2.05541
23	103	1.02144
23	128	0.868658
23	158	1.05691
23	173	0.91276
24	55	1.11786
24	79	1.06563
24	85	1.07124
24	110	1.10045
24	134	1.08144
24	139	1.01163
24	158	0.606249
24	162	2.28825
24	163	1.0348
24	166	0.968958
24	169	1.24053
24	178	0.975592
24	180	0.949775
25	50	0.967353
25	61	0.964637
25	92	0.91113
25	112	0.94944
25	121	0.944844
25	133	0.944139
25	138	0.973244
25	143	0.956647
25	144	0.982567
25	158	0.961154
25	159	2.29641
25	177	1.16123
25	178	0.844833
26	68	0.956365
26	116	0.946023
26	125	0.944117
26	137	0.959508
26	139	1.6395
26	140	0.960042
26	142	0.975414
26	145	0.966195
26	147	0.958001
26	148	0.949252
26	153	0.975308
26	173	0.826575
26	179	1.79286
27	103	0.978262
27	140	0.803813
27	149	0.993716
27	153	1.0115
27	156	0.979975
27	157	0.950147
27	168	0.965371
27	171	0.91854
27	174	0.9022
27	175	0.917192
27	176	0.911893
27	177	0.963723
27	179	0.911991
28	96	1.01543
28	111	1.24841
28	116	1.04119
28	133	1.04888
28	137	1.05467
28	142	1.07058
28	145	1.06136
28	147	1.05317
28	148	1.04442
28	153	1.07047
28	162	0.939983
28	165	0.574274
28	178	2.06725
29	68	0.966905
29	82	1.13502
29	95	0.942515
29	96	0.930809
29	137	0.970048
29	142	0.985954
29	145	0.976735
29	147	0.968541
29	148	0.959792
29	152	2.12593
29	153	0.985848
29	159	0.879799
29	173	0.837115
30	44	0.897733
30	54	1.09324
30	62	0.973009
30	73	1.18289
30	88	1.02146
30	100	0.928831
30	115	0.936741
30	130	0.966793
30	131	0.92442
30	133	0.948369
30	163	0.908275
30	170	2.02753
30	180	0.823246
31	35	0.904238
31	76	1.46704
31	122	0.973933
31	128	0.991322
31	157	0.93897
31	161	0.938316
31	165	1.004
31	168	0.954194
31	170	0.954566
31	171	0.907363
31	174	0.891023
31	177	0.952546
31	179	0.900815
32	79	1.07561
32	83	1.16657
32	101	1.04154
32	102	1.59288
32	134	1.09143
32	139	1.02162
32	150	1.12662
32	159	1.00044
32	161	1.06337
32	163	1.04479
32	166	0.978947
32	178	0.985581
32	180	0.959764
33	2	0.930393
33	48	0.980144
33	125	0.936927
33	132	0.86279
33	137	0.952318
33	140	0.952852
33	142	0.968224
33	145	0.959004
33	147	0.95081
33	148	0.942062
33	153	0.968118
33	158	1.20698
33	179	2.11962
34	39	1.05991
34	44	1.0253
34	53	1.11025
34	86	1.05028
34	130	1.09436
34	131	1.05199
34	133	1.07594
34	162	0.967045
34	166	2.20506
34	167	0.550987
34	172	1.0201
34	176	1.24137
34	180	0.950816
35	7	1.1659
35	10	1.06025
35	31	0.904238
35	36	1.05309
35	76	1.07927
35	84	0.942035
35	85	1.06775
35	134	1.07795
35	139	1.00814
35	158	1.27968
35	166	0.965465
35	178	0.972099
35	180	0.946282
36	10	0.965811
36	13	0.65303
36	15	0.978831
36	35	1.05309
36	85	0.973305
36	101	0.933617
36	119	0.965417
36	134	0.983512
36	163	0.936871
36	166	0.871025
36	176	2.38649
36	178	0.877659
36	180	0.851842
37	11	0.946531
37	38	0.911276
37	46	0.980554
37	49	0.901102
37	56	0.896595
37	74	0.968934
37	87	1.04131
37	89	1.0233
37	94	0.93297
37	114	1.29843
37	158	0.976237
37	169	2.11108
37	173	0.832087
38	11	0.934645
38	16	0.932601
38	37	0.911276
38	42	1.00809
38	49	0.889216
38	74	0.957048
38	87	1.02942
38	89	1.01141
38	94	0.921083
38	120	1.20637
38	158	0.96435
38	164	2.13282
38	173	0.8202
39	34	1.05991
39	110	1.00481
39	115	0.967622
39	130	0.997674
39	134	0.985797
39	135	1.18444
39	144	0.570313
39	161	0.932026
39	167	0.934409
39	174	0.884733
39	178	0.879944
39	179	0.894525
39	180	0.854127
40	3	1.03916
40	12	1.05448
40	44	1.03216
40	86	1.05714
40	115	1.07117
40	124	1.06918
40	131	1.05885
40	156	0.819817
40	163	1.04271
40	169	1.55992
40	172	1.02696
40	179	1.47672
40	180	0.957675
41	52	0.963379
41	90	1.00615
41	99	0.989059
41	107	1.03483
41	118	0.993351
41	126	1.05232
41	135	1.02403
41	138	1.05835
41	143	1.04175
41	144	1.06767
41	163	1.29511
41	170	1.06878
41	172	0.973404
41	179	1.63316
42	5	1.02701
42	23	1.10065
42	38	1.00809
42	46	1.07736
42	51	0.688758
42	74	1.06574
42	89	1.12011
42	94	1.02978
42	102	0.969748
42	152	1.32084
42	158	1.07305
42	163	1.6709
42	173	0.928896
43	17	0.81625
43	133	0.689767
43	147	0.511543
43	149	1.06756
43	150	1.04327
43	152	1.04881
43	156	1.05381
43	161	1.02333
43	170	1.03958
43	171	0.992379
43	174	0.976039
43	175	0.991031
43	176	0.985733
43	179	0.985831
44	30	0.897733
44	34	1.0253
44	40	1.03216
44	47	0.999852
44	100	0.925108
44	130	0.963071
44	131	0.920698
44	136	0.969629
44	156	1.76931
44	162	0.835752
44	163	0.904553
44	170	1.86183
44	172	0.888807
44	180	0.819523
45	63	1.14918
45	65	0.978866
45	131	1.05335
45	155	0.951605
45	159	0.909575
45	160	0.953949
45	161	0.946802
45	165	1.01249
45	169	0.910708
45	171	0.915849
45	175	0.914502
45	176	0.909203
45	179	0.909301
45	180	0.868903
46	5	0.987595
46	37	0.980554
46	42	1.07736
46	49	0.958494
46	58	1.06623
46	74	1.02633
46	87	1.0987
46	89	1.08069
46	94	0.990361
46	103	0.998159
46	108	0.952654
46	167	1.74894
46	173	0.889478
46	177	1.28562
47	44	0.999852
47	62	1.07513
47	70	1.05563
47	71	1.1269
47	100	1.03095
47	117	1.07871
47	124	1.03687
47	130	1.06891
47	131	1.02654
47	139	1.6163
47	162	0.941593
47	164	1.33982
47	172	0.994648
47	180	0.925364
48	33	0.980144
48	116	1.02122
48	125	1.01931
48	137	1.0347
48	140	1.03524
48	142	1.05061
48	145	1.04139
48	147	1.0332
48	148	1.02445
48	153	1.0505
48	155	1.16794
48	162	0.920012
48	174	1.76403
48	177	0.989368
49	5	0.908143
49	11	0.924471
49	16	0.922428
49	23	0.981776
49	37	0.901102
49	38	0.889216
49	46	0.958494
49	87	1.01925
49	89	1.00124
49	94	0.91091
49	152	1.8537
49	158	0.954177
49	165	1.66969
49	173	0.810027
50	8	1.10281
50	25	0.967353
50	69	1.01453
50	104	1.05028
50	113	1.02395
50	118	0.982604
50	121	1.0192
50	126	1.04158
50	138	1.0476
50	143	1.031
50	144	1.05692
50	155	1.77813
50	172	0.962657
50	178	0.91919
51	42	0.688758
51	90	0.887889
51	105	0.458883
51	156	1.06282
51	160	1.03948
51	168	1.04821
51	169	0.996239
51	170	1.04858
51	171	1.00138
51	174	0.98504
51	175	1.00003
51	177	1.04656
51	178	0.980251
51	179	0.994832
52	8	1.01373
52	9	1.00147
52	41	0.963379
52	78	0.935523
52	84	2.00405
52	99	0.889234
52	104	0.9612
52	126	0.952498
52	135	0.924205
52	139	0.866155
52	143	0.941927
52	144	0.967846
52	158	0.946433
52	178	0.830112
53	34	1.11025
53	63	1.05783
53	70	1.03474
53	100	1.01006
53	103	1.05799
53	115	1.01797
53	117	1.05782
53	124	1.01598
53	130	1.04802
53	131	1.00565
53	170	0.909789
53	172	0.973756
53	176	2.08605
53	180	0.904472
54	3	1.09651
54	12	1.11183
54	21	0.444067
54	30	1.09324
54	88	1.21324
54	115	1.12852
54	117	1.16837
54	124	1.12653
54	130	1.15857
54	131	1.1162
54	164	0.829189
54	169	1.34223
54	175	1.42877
54	180	1.01503
55	24	1.11786
55	65	1.52109
55	76	1.04611
55	79	1.02897
55	83	1.11992
55	85	1.03458
55	101	0.994895
55	108	1.17524
55	134	1.04479
55	158	1.13738
55	159	0.953792
55	163	0.998149
55	178	0.938937
55	180	0.91312
56	5	0.903636
56	11	0.919964
56	16	0.917921
56	37	0.896595
56	58	0.98227
56	74	0.942368
56	87	1.01474
56	89	0.996734
56	94	0.906403
56	103	0.914201
56	154	1.04237
56	158	0.94967
56	173	0.80552
56	178	2.57794
57	85	0.905223
57	97	0.866575
57	126	2.33597
57	134	0.91543
57	145	0.921367
57	147	0.913173
57	153	0.93048
57	159	0.824431
57	174	0.814366
57	175	0.829358
57	177	0.875889
57	178	0.809577
57	179	0.824158
57	180	0.78376
58	18	0.95957
58	46	1.06623
58	56	0.98227
58	61	0.843572
58	79	1.03562
58	89	1.10898
58	121	0.614088
58	134	1.05144
58	164	1.0285
58	173	0.917761
58	175	0.965372
58	177	1.0119
58	178	0.945591
58	179	0.960172
58	180	0.919774
59	91	0.98093
59	99	0.960575
59	105	1.02469
59	112	1.00606
59	118	0.964866
59	121	1.00146
59	126	1.02384
59	138	1.02986
59	143	1.01327
59	144	1.03919
59	158	1.01777
59	161	1.24708
59	168	1.10654
59	172	0.944919
59	174	1.82023
60	10	1.02615
60	15	1.03917
60	71	1.15851
60	76	1.04517
60	83	1.11898
60	101	0.993955
60	134	1.04385
60	139	0.97404
60	149	1.0417
60	159	0.952852
60	163	0.99721
60	166	0.931363
60	174	2.03412
60	178	0.937997
60	180	0.91218
61	25	0.964637
61	58	0.843572
61	72	1.01466
61	90	0.992683
61	91	0.995952
61	92	0.982771
61	118	0.979888
61	126	1.03886
61	135	1.01057
61	136	1.17408
61	138	1.04488
61	143	1.02829
61	144	1.05421
61	165	1.59213
61	178	0.916474
62	12	0.991601
62	30	0.973009
62	47	1.07513
62	63	1.04815
62	86	0.994263
62	88	1.09301
62	102	0.933638
62	114	1.2783
62	119	1.00837
62	124	1.0063
62	130	1.03835
62	151	1.4034
62	172	0.964083
62	177	1.46592
62	180	0.894799
63	3	0.979872
63	45	1.14918
63	53	1.05783
63	62	1.04815
63	86	0.997853
63	98	0.807624
63	100	1.00397
63	115	1.01188
63	117	1.05174
63	124	1.00989
63	131	0.999564
63	163	0.983419
63	168	1.72535
63	172	0.967673
63	180	0.898389
64	23	0.624042
64	121	0.978978
64	145	0.713969
64	146	1.10523
64	156	1.03603
64	157	1.0062
64	167	1.00793
64	168	1.02142
64	169	0.969452
64	171	0.974593
64	174	0.958253
64	175	0.973246
64	176	0.967947
64	177	1.01978
64	179	0.968045
65	45	0.978866
65	55	1.52109
65	93	1.09256
65	151	0.966934
65	161	0.932898
65	164	0.963725
65	167	0.935281
65	169	0.896803
65	170	0.949147
65	174	0.885605
65	175	0.900597
65	176	0.895298
65	177	0.947128
65	179	0.895396
65	180	0.854998
66	17	1.19347
66	75	1.06843
66	95	0.967186
66	123	1.0354
66	137	0.994719
66	142	1.01062
66	145	1.00141
66	147	0.993211
66	148	0.984463
66	153	1.01052
66	162	0.880027
66	173	0.861786
66	177	0.744019
66	178	1.5203
66	180	2.38163
67	16	1.36246
67	100	0.89764
67	108	1.06046
67	127	0.994413
67	141	1.03915
67	144	0.0416258
67	146	1.0736
67	157	0.974565
67	164	1.00474
67	169	0.937817
67	170	0.990161
67	174	0.926618
67	175	0.94161
67	176	0.936312
67	177	0.988141
67	179	0.93641
68	4	0.983322
68	26	0.956365
68	29	0.966905
68	95	0.976201
68	116	0.990249
68	125	0.988343
68	137	1.00373
68	140	1.00427
68	142	1.01964
68	145	1.01042
68	147	1.00223
68	148	0.993478
68	156	1.18652
68	159	0.913485
68	163	1.50537
68	167	1.76493
69	50	1.01453
69	75	0.842684
69	113	1.03934
69	138	0.651779
69	146	1.06934
69	149	1.01388
69	155	0.974455
69	156	1.00013
69	165	1.03534
69	168	0.98553
69	170	0.985901
69	174	0.922359
69	175	0.937351
69	176	0.932053
69	177	0.983882
69	179	0.932151
70	9	0.666689
70	47	1.05563
70	53	1.03474
70	73	1.51054
70	86	0.974769
70	100	0.98089
70	115	0.988801
70	117	1.02865
70	120	1.56327
70	124	0.98681
70	130	1.01885
70	131	0.97648
70	132	0.916698
70	136	1.02541
70	172	0.944589
70	180	0.875305
71	47	1.1269
71	60	1.15851
71	83	0.345106
71	150	1.01107
71	161	0.991137
71	164	1.02196
71	165	1.05682
71	168	1.00702
71	169	0.955043
71	171	0.960184
71	172	0.982522
71	174	0.943844
71	175	0.958836
71	176	0.953538
71	177	1.00537
71	179	0.953636
72	61	1.01466
72	78	1.00026
72	90	0.971061
72	92	0.961149
72	93	1.0322
72	99	0.953974
72	110	1.06294
72	126	1.01724
72	135	0.988945
72	138	1.02326
72	143	1.00667
72	144	1.03259
72	155	1.71611
72	164	1.64952
72	172	0.938319
72	178	0.894852
73	30	1.18289
73	70	1.51054
73	83	0.362836
73	149	1.03519
73	150	1.0109
73	151	1.025
73	152	1.01644
73	160	0.998109
73	167	0.993345
73	169	0.954867
73	171	0.960009
73	174	0.943669
73	175	0.958661
73	176	0.953363
73	177	1.00519
73	179	0.953461
74	5	0.975975
74	11	0.992303
74	16	0.99026
74	37	0.968934
74	38	0.957048
74	42	1.06574
74	46	1.02633
74	56	0.942368
74	89	1.06907
74	94	0.978742
74	102	0.91871
74	146	0.80234
74	152	1.40913
74	158	1.02201
74	173	0.877859
74	179	2.09725
75	66	1.06843
75	69	0.842684
75	109	0.979625
75	116	1.0671
75	123	1.12127
75	137	1.08059
75	140	1.08112
75	142	1.09649
75	145	1.08728
75	147	1.07908
75	148	1.07033
75	153	1.09639
75	154	1.05482
75	159	0.99034
75	162	0.965897
75	170	1.40515
76	7	1.09765
76	9	0.502252
76	15	1.00501
76	31	1.46704
76	35	1.07927
76	55	1.04611
76	60	1.04517
76	79	0.993875
76	101	0.959799
76	134	1.00969
76	136	1.46495
76	139	0.939884
76	159	0.918696
76	166	0.897208
76	178	0.903841
76	180	0.878024
77	6	0.743929
77	98	0.984989
77	113	0.918833
77	144	2.75223
77	150	0.869076
77	152	0.87462
77	156	0.879625
77	165	0.914827
77	167	0.851525
77	171	0.818189
77	172	0.840527
77	174	0.801849
77	175	0.816841
77	176	0.811543
77	177	0.863372
77	179	0.811641
78	14	2.02489
78	52	0.935523
78	72	1.00026
78	90	0.97829
78	93	1.03942
78	112	1.00669
78	118	0.965495
78	119	0.98984
78	121	1.00209
78	127	0.667527
78	135	0.996174
78	139	0.938124
78	143	1.0139
78	144	1.03982
78	171	1.28153
78	178	0.902081
79	7	1.08051
79	10	0.974855
79	24	1.06563
79	32	1.07561
79	55	1.02897
79	58	1.03562
79	76	0.993875
79	101	0.942661
79	132	1.87709
79	134	0.992556
79	155	1.0009
79	159	0.901558
79	163	0.945916
79	175	1.53388
79	178	0.886703
79	180	0.860886
80	17	0.74641
80	137	0.924754
80	143	0.792465
80	157	0.998435
80	160	1.00493
80	161	0.997781
80	165	1.06347
80	169	0.961686
80	170	1.01403
80	172	0.989165
80	174	0.950488
80	175	0.96548
80	176	0.960181
80	177	1.01201
80	179	0.960279
80	180	0.919881
81	89	0.301688
81	100	0.782529
81	132	0.959657
81	143	0.944991
81	154	1.04945
81	160	1.00331
81	161	0.996164
81	163	1.00329
81	167	0.998546
81	168	1.01204
81	171	0.96521
81	174	0.94887
81	175	0.963863
81	177	1.01039
81	179	0.958662
81	180	0.918264
82	29	1.13502
82	93	0.252889
82	116	0.722015
82	142	0.317513
82	160	1.09318
82	161	1.08603
82	165	1.15171
82	167	1.08841
82	169	1.04994
82	173	1.00612
82	174	1.03874
82	175	1.05373
82	176	1.04843
82	177	1.10026
82	178	1.03395
82	179	1.04853
83	7	1.17146
83	10	1.06581
83	32	1.16657
83	55	1.11992
83	60	1.11898
83	71	0.345106
83	73	0.362836
83	85	1.0733
83	101	1.03361
83	134	1.08351
83	141	0.43549
83	159	0.992511
83	163	1.03687
83	173	3.40887
83	178	0.977656
83	180	0.951839
84	35	0.942035
84	52	2.00405
84	89	0.0940765
84	141	1.01832
84	146	1.05276
84	154	1.00636
84	155	0.957879
84	157	0.95373
84	160	0.960223
84	164	0.983903
84	165	1.01876
84	167	0.955459
84	170	0.969325
84	175	0.920775
84	176	0.915477
84	177	0.967306
84	179	0.915575
85	24	1.07124
85	35	1.06775
85	36	0.973305
85	55	1.03458
85	57	0.905223
85	83	1.0733
85	97	1.54459
85	101	0.948274
85	119	0.980075
85	134	0.998169
85	139	0.928359
85	162	2.49993
85	163	0.951529
85	165	0.496881
85	166	0.885683
85	178	0.892316
85	180	0.866499
86	34	1.05028
86	40	1.05714
86	62	0.994263
86	63	0.997853
86	70	0.974769
86	98	0.847442
86	115	0.957995
86	117	0.997847
86	124	0.956005
86	130	0.988047
86	131	0.945674
86	136	0.994606
86	157	1.8775
86	163	0.929529
86	172	0.913784
86	177	1.7042
86	180	0.8445
87	5	1.04835
87	11	1.06468
87	16	1.06263
87	23	1.12198
87	37	1.04131
87	38	1.02942
87	46	1.0987
87	49	1.01925
87	56	1.01474
87	94	1.05111
87	102	0.991083
87	136	0.535467
87	158	1.09438
87	160	0.752596
87	166	2.5649
87	173	0.950231
87	178	1.61018
88	30	1.02146
88	54	1.21324
88	62	1.09301
88	100	1.04883
88	102	0.982086
88	106	0.987352
88	115	1.05674
88	117	1.09659
88	124	1.05475
88	130	1.08679
88	131	1.04442
88	139	1.65857
88	149	1.05236
88	162	0.959476
88	168	1.33109
88	172	1.01253
88	180	0.943247
89	5	1.03034
89	23	1.10397
89	37	1.0233
89	38	1.01141
89	42	1.12011
89	46	1.08069
89	49	1.00124
89	56	0.996734
89	58	1.10898
89	74	1.06907
89	81	0.301688
89	84	0.0940765
89	94	1.03311
89	157	0.975851
89	158	1.07638
89	173	0.932225
89	180	2.82655
90	41	1.00615
90	51	0.887889
90	61	0.992683
90	72	0.971061
90	78	0.97829
90	92	0.939176
90	107	0.977771
90	118	0.936293
90	121	0.97289
90	126	0.995265
90	129	0.856493
90	135	0.966972
90	138	1.00129
90	143	0.984693
90	144	1.01061
90	146	0.913173
90	171	2.35517
91	59	0.98093
91	61	0.995952
91	92	0.942445
91	104	1.00724
91	107	0.98104
91	112	0.980755
91	126	0.998534
91	129	0.859762
91	135	0.970241
91	138	1.00456
91	143	0.987962
91	144	1.01388
91	156	0.452787
91	158	0.992469
91	159	1.70305
91	166	2.68526
91	178	0.876148
92	25	0.91113
92	61	0.982771
92	72	0.961149
92	90	0.939176
92	91	0.942445
92	104	0.994054
92	105	0.986205
92	111	1.16878
92	118	0.92638
92	121	0.962978
92	122	0.900256
92	133	0.962273
92	135	0.95706
92	139	0.899009
92	143	0.974781
92	144	1.0007
92	158	0.979287
92	180	2.84896
93	65	1.09256
93	72	1.0322
93	78	1.03942
93	82	0.252889
93	99	0.993136
93	107	1.03891
93	112	1.03862
93	118	0.997427
93	119	1.02177
93	121	1.03402
93	126	1.0564
93	135	1.02811
93	138	1.06242
93	143	1.04583
93	144	1.07175
93	167	1.543
93	174	1.85434
93	178	0.934014
94	11	0.956339
94	16	0.954295
94	23	1.01364
94	37	0.93297
94	38	0.921083
94	42	1.02978
94	46	0.990361
94	49	0.91091
94	56	0.906403
94	74	0.978742
94	87	1.05111
94	89	1.03311
94	102	0.882746
94	122	1.78342
94	149	1.49037
94	156	1.59304
94	158	0.986044
94	173	0.841894
95	29	0.942515
95	66	0.967186
95	68	0.976201
95	96	0.940105
95	123	1.02003
95	125	0.963953
95	137	0.979345
95	140	0.979879
95	141	1.30686
95	142	0.99525
95	145	0.986031
95	147	0.977837
95	148	0.969089
95	153	0.995144
95	166	0.867607
95	172	1.72018
95	173	0.846411
95	177	1.67567
96	4	0.947227
96	17	1.16639
96	28	1.01543
96	29	0.930809
96	95	0.940105
96	123	1.00832
96	132	0.87811
96	137	0.967638
96	140	0.968172
96	145	0.974325
96	147	0.96613
96	148	0.957382
96	153	0.983438
96	166	0.8559
96	168	1.37643
96	172	1.35997
96	173	0.834705
96	175	2.02702
97	23	2.05541
97	57	0.866575
97	85	1.54459
97	129	0.837283
97	141	0.970991
97	152	0.931228
97	154	0.959038
97	156	0.936233
97	161	0.90575
97	164	0.936577
97	169	0.869656
97	170	0.921999
97	171	0.874797
97	174	0.858457
97	175	0.873449
97	176	0.868151
97	177	0.91998
97	179	0.868249
98	63	0.807624
98	77	0.984989
98	86	0.847442
98	116	1.00247
98	127	1.05718
98	141	1.10192
98	147	0.238334
98	164	1.06751
98	167	1.03906
98	168	1.05256
98	169	1.00059
98	170	1.05293
98	171	1.00573
98	174	0.989388
98	175	1.00438
98	176	0.999082
98	177	1.05091
98	179	0.99918
99	41	0.989059
99	52	0.889234
99	59	0.960575
99	72	0.953974
99	93	0.993136
99	107	0.960684
99	112	0.9604
99	118	0.919206
99	121	0.955803
99	126	0.978178
99	138	0.984203
99	143	0.967607
99	144	0.993526
99	150	1.50831
99	158	0.972113
99	164	1.35553
99	172	0.899259
99	175	1.95511
100	3	0.932103
100	30	0.928831
100	44	0.925108
100	47	1.03095
100	53	1.01006
100	63	1.00397
100	67	0.89764
100	70	0.98089
100	81	0.782529
100	88	1.04883
100	102	0.88946
100	115	0.964117
100	124	0.962126
100	130	0.994169
100	131	0.951796
100	159	2.41857
100	163	0.935651
100	180	0.850621
101	7	1.04643
101	15	0.9538
101	32	1.04154
101	36	0.933617
101	55	0.994895
101	60	0.993955
101	76	0.959799
101	79	0.942661
101	83	1.03361
101	85	0.948274
101	119	0.940386
101	129	3.10262
101	134	0.95848
101	136	0.656641
101	163	0.91184
101	165	1.07469
101	166	0.845994
101	178	0.852628
101	180	0.826811
102	32	1.59288
102	42	0.969748
102	62	0.933638
102	74	0.91871
102	87	0.991083
102	88	0.982086
102	94	0.882746
102	100	0.88946
102	122	0.897391
102	131	0.88505
102	146	0.961461
102	147	1.8261
102	156	0.892257
102	162	0.800104
102	164	0.892601
102	173	0.781863
102	176	0.824175
102	177	0.876004
102	179	0.824273
103	5	0.947808
103	23	1.02144
103	27	0.978262
103	46	0.998159
103	53	1.05799
103	56	0.914201
103	107	1.33173
103	140	0.983159
103	142	0.998531
103	144	0.55301
103	147	0.981117
103	148	0.972369
103	153	0.998425
103	170	0.945853
103	173	0.849692
103	175	0.897303
103	176	0.892004
103	177	0.943834
103	179	0.892102
104	20	0.994053
104	50	1.05028
104	52	0.9612
104	91	1.00724
104	92	0.994054
104	105	1.051
104	106	0.51597
104	107	1.03265
104	112	1.03236
104	114	0.611103
104	118	0.991171
104	135	1.02185
104	138	1.05617
104	143	1.03957
104	144	1.06549
104	172	0.971225
104	175	1.51029
104	178	0.927757
104	180	2.82274
105	20	0.986204
105	51	0.458883
105	59	1.02469
105	92	0.986205
105	104	1.051
105	107	1.0248
105	118	0.983322
105	121	1.01992
105	126	1.04229
105	133	1.01921
105	135	1.014
105	138	1.04832
105	139	0.955951
105	143	1.03172
105	144	1.05764
105	151	1.17473
105	161	1.43877
105	175	1.94882
105	178	0.919909
106	5	0.927677
106	88	0.987352
106	104	0.51597
106	118	1.17754
106	122	1.03552
106	141	1.06515
106	151	1.03394
106	154	1.05319
106	155	1.00471
106	160	1.00705
106	162	0.938236
106	167	1.00229
106	168	1.01578
106	169	0.963811
106	170	1.01616
106	174	0.952613
106	175	0.967605
106	176	0.962306
106	177	1.01414
106	179	0.962405
107	8	1.08518
107	41	1.03483
107	90	0.977771
107	91	0.98104
107	93	1.03891
107	99	0.960684
107	103	1.33173
107	104	1.03265
107	105	1.0248
107	110	0.731496
107	126	1.02395
107	129	0.885176
107	135	0.995655
107	138	1.02997
107	143	1.01338
107	144	1.0393
107	168	1.26707
107	172	0.945029
107	175	1.91766
107	178	0.901562
108	6	0.882167
108	46	0.952654
108	55	1.17524
108	67	1.06046
108	141	1.05262
108	144	0.0944134
108	146	1.08707
108	148	1.15172
108	156	1.01786
108	160	0.994527
108	161	0.987381
108	165	1.05307
108	167	0.989763
108	169	0.951286
108	170	1.00363
108	171	0.956427
108	173	0.907469
108	175	0.95508
108	176	0.949781
108	177	1.00161
108	179	0.949879
109	8	0.520309
109	75	0.979625
109	117	1.0273
109	145	0.979853
109	146	1.0833
109	152	1.00909
109	155	0.988416
109	156	1.0141
109	157	0.984268
109	160	0.99076
109	164	1.01444
109	165	1.0493
109	167	0.985996
109	169	0.947519
109	170	0.999863
109	171	0.95266
109	174	0.93632
109	175	0.951313
109	176	0.946014
109	177	0.997843
109	179	0.946112
110	3	1.74192
110	24	1.10045
110	39	1.00481
110	72	1.06294
110	107	0.731496
110	124	0.160554
110	125	1.01124
110	134	1.02738
110	140	1.02717
110	145	1.03332
110	148	1.01638
110	151	1.00765
110	153	1.04244
110	159	0.936387
110	168	0.989492
110	169	0.937519
110	176	0.936015
110	177	0.987844
110	178	0.921532
110	179	0.936113
110	180	0.895715
111	28	1.24841
111	92	1.16878
111	135	1.38533
111	150	0.962322
111	152	0.967866
111	155	0.947191
111	157	0.943042
111	161	0.942388
111	162	0.880718
111	165	1.00807
111	167	0.944771
111	168	0.958266
111	169	0.906294
111	170	0.958638
111	171	0.911435
111	174	0.895095
111	175	0.910087
111	176	0.904789
111	177	0.956618
111	178	0.890306
111	179	0.904887
112	25	0.94944
112	59	1.00606
112	78	1.00669
112	91	0.980755
112	93	1.03862
112	99	0.9604
112	104	1.03236
112	118	0.964691
112	120	0.369818
112	121	1.00129
112	126	1.02366
112	129	0.884892
112	135	0.99537
112	138	1.02969
112	139	0.93732
112	143	1.01309
112	144	1.03901
112	161	0.994231
112	170	0.770157
112	173	3.75554
112	178	0.901277
113	50	1.02395
113	69	1.03934
113	77	0.918833
113	138	0.661205
113	140	0.443823
113	141	1.03577
113	148	0.90908
113	149	1.01475
113	150	0.990458
113	151	1.00456
113	154	1.02381
113	155	0.975327
113	156	1.00101
113	157	0.971179
113	161	0.970525
113	165	1.03621
113	167	0.972908
113	170	0.986774
113	175	0.938224
113	177	0.984755
113	179	0.933023
114	17	1.21217
114	37	1.29843
114	62	1.2783
114	104	0.611103
114	127	0.998737
114	139	0.962196
114	146	1.07792
114	150	0.998169
114	151	1.01227
114	161	0.978235
114	164	1.00906
114	165	1.04392
114	167	0.980618
114	169	0.94214
114	170	0.994484
114	171	0.947282
114	174	0.930942
114	175	0.945934
114	176	0.940636
114	177	0.992465
114	179	0.940734
114	180	0.900336
115	12	0.955333
115	30	0.936741
115	39	0.967622
115	40	1.07117
115	53	1.01797
115	54	1.12852
115	63	1.01188
115	70	0.988801
115	86	0.957995
115	88	1.05674
115	100	0.964117
115	117	1.01188
115	124	0.970037
115	130	1.00208
115	132	0.899924
115	149	1.11256
115	152	1.18402
115	161	1.53182
115	162	0.87476
115	172	0.927815
115	174	2.10498
115	180	0.858531
116	2	0.971468
116	26	0.946023
116	28	1.04119
116	48	1.02122
116	68	0.990249
116	75	1.0671
116	82	0.722015
116	98	1.00247
116	123	1.03407
116	129	0.871903
116	137	0.993393
116	140	0.993927
116	142	1.0093
116	145	1.00008
116	147	0.991885
116	148	0.983137
116	153	1.00919
116	154	1.48633
116	159	0.903144
116	162	0.878701
116	166	0.881655
116	172	1.90373
117	3	0.979865
117	21	1.20225
117	47	1.07871
117	53	1.05782
117	54	1.16837
117	63	1.05174
117	70	1.02865
117	86	0.997847
117	88	1.09659
117	109	1.0273
117	115	1.01188
117	119	1.01196
117	120	0.660919
117	124	1.00989
117	130	1.04193
117	131	0.999558
117	133	1.02351
117	136	1.04849
117	161	1.6769
117	162	0.914612
117	165	1.14508
117	172	0.967667
117	180	0.898383
118	20	0.926379
118	41	0.993351
118	50	0.982604
118	59	0.964866
118	61	0.979888
118	78	0.965495
118	90	0.936293
118	92	0.92638
118	93	0.997427
118	99	0.919206
118	104	0.991171
118	105	0.983322
118	106	1.17754
118	112	0.964691
118	121	0.960095
118	127	1.53519
118	135	0.954177
118	138	0.988494
118	143	0.971898
118	144	0.997818
118	151	1.39777
118	157	1.6336
118	158	0.976404
119	15	0.985601
119	36	0.965417
119	62	1.00837
119	78	0.98984
119	85	0.980075
119	93	1.02177
119	101	0.940386
119	117	1.01196
119	124	0.970117
119	127	1.84628
119	131	0.959786
119	132	0.900004
119	133	0.983734
119	134	0.990281
119	135	0.978522
119	143	0.996243
119	144	1.02216
119	146	1.01829
119	154	1.39849
119	172	0.927895
119	177	1.77139
119	178	0.884428
119	180	0.858611
120	38	1.20637
120	70	1.56327
120	112	0.369818
120	117	0.660919
120	134	0.611246
120	151	1.04286
120	152	1.0343
120	154	1.06211
120	155	1.01362
120	156	1.0393
120	157	1.00947
120	161	1.00882
120	164	1.03965
120	165	1.0745
120	167	1.0112
120	168	1.0247
120	169	0.972725
120	170	1.02507
120	174	0.961527
120	175	0.976519
120	176	0.97122
120	177	1.02305
120	179	0.971319
120	180	0.930921
121	20	0.962977
121	25	0.944844
121	50	1.0192
121	58	0.614088
121	59	1.00146
121	64	0.978978
121	78	1.00209
121	90	0.97289
121	92	0.962978
121	93	1.03402
121	99	0.955803
121	105	1.01992
121	112	1.00129
121	118	0.960095
121	126	1.01907
121	133	0.995987
121	135	0.990774
121	138	1.02509
121	141	1.32414
121	143	1.0085
121	144	1.03441
121	156	1.57787
121	158	1.013
121	163	1.89672
121	172	0.940148
121	178	0.896681
122	31	0.973933
122	92	0.900256
122	94	1.78342
122	102	0.897391
122	106	1.03552
122	123	0.727977
122	147	1.17039
122	149	0.980675
122	150	0.956385
122	151	0.970488
122	152	0.961929
122	154	0.989739
122	155	0.941254
122	161	0.936451
122	164	0.967278
122	165	1.00214
122	167	0.938834
122	169	0.900356
122	170	0.9527
122	171	0.905498
122	173	0.856539
122	174	0.889158
122	175	0.90415
122	176	0.898852
122	177	0.950681
122	178	0.884369
122	179	0.89895
123	2	1.02563
123	18	1.02142
123	19	1.11784
123	66	1.0354
123	75	1.12127
123	95	1.02003
123	96	1.00832
123	116	1.03407
123	122	0.727977
123	125	1.03217
123	136	1.06674
123	137	1.04756
123	140	1.04809
123	142	1.06346
123	145	1.05425
123	147	1.04605
123	148	1.0373
123	152	0.506381
123	153	1.06336
123	156	0.537595
123	159	0.95731
123	162	0.932867
123	166	0.935821
123	173	0.914626
123	176	1.80638
123	179	1.1945
123	180	2.67668
124	3	0.938023
124	12	0.953343
124	40	1.06918
124	47	1.03687
124	53	1.01598
124	54	1.12653
124	62	1.0063
124	63	1.00989
124	70	0.98681
124	86	0.956005
124	88	1.05475
124	100	0.962126
124	110	0.160554
124	115	0.970037
124	117	1.00989
124	119	0.970117
124	130	1.00009
124	131	0.957716
124	132	0.897934
124	136	1.00665
124	162	0.87277
124	167	1.09847
124	170	0.612587
124	172	0.925825
124	173	3.59797
124	178	1.79782
124	180	0.856541
125	18	0.965348
125	19	1.06177
125	22	0.968553
125	26	0.944117
125	33	0.936927
125	48	1.01931
125	68	0.988343
125	95	0.963953
125	110	1.01124
125	123	1.03217
125	133	0.985688
125	136	1.01067
125	137	0.991486
125	139	1.68563
125	140	0.99202
125	142	1.00739
125	145	0.998173
125	147	0.989978
125	148	0.98123
125	151	1.23464
125	153	1.00729
125	158	0.926346
125	159	0.901237
125	162	0.876794
125	166	0.879749
125	167	1.76049
125	171	1.98607
125	173	0.858553
126	8	1.10268
126	20	0.985351
126	41	1.05232
126	50	1.04158
126	52	0.952498
126	57	2.33597
126	59	1.02384
126	61	1.03886
126	72	1.01724
126	90	0.995265
126	91	0.998534
126	93	1.0564
126	99	0.978178
126	105	1.04229
126	107	1.02395
126	112	1.02366
126	121	1.01907
126	135	1.01315
126	138	1.04747
126	143	1.03087
126	144	1.05679
126	160	0.838315
126	162	2.20597
126	163	0.736997
126	167	0.99655
126	172	0.962523
126	177	0.533229
126	178	0.919056
127	1	1.10566
127	14	0.891484
127	67	0.994413
127	78	0.667527
127	98	1.05718
127	114	0.998737
127	118	1.53519
127	119	1.84628
127	147	1.16998
127	149	0.96556
127	150	0.94127
127	152	0.946814
127	154	0.974624
127	157	0.92199
127	160	0.928483
127	161	0.921336
127	166	0.86262
127	167	0.923719
127	168	0.937214
127	169	0.885241
127	170	0.937585
127	171	0.890383
127	174	0.874043
127	175	0.889035
127	176	0.883737
127	177	0.935566
127	179	0.883835
127	180	0.843437
128	4	1.50189
128	23	0.868658
128	31	0.991322
128	136	1.02605
128	140	0.55007
128	141	1.01908
128	143	0.976492
128	146	1.05353
128	149	0.998064
128	150	0.973774
128	151	0.987877
128	152	0.979318
128	153	0.757754
128	154	1.00713
128	155	0.958643
128	156	0.984322
128	157	0.954494
128	160	0.960987
128	164	0.984667
128	168	0.969718
128	169	0.917745
128	170	0.970089
128	171	0.922887
128	174	0.906547
128	175	0.921539
128	176	0.916241
128	177	0.96807
128	178	0.901758
128	179	0.916339
129	18	0.85925
129	90	0.856493
129	91	0.859762
129	97	0.837283
129	101	3.10262
129	107	0.885176
129	112	0.884892
129	116	0.871903
129	130	2.19856
129	137	0.885388
129	138	0.908695
129	140	0.885923
129	142	0.901294
129	143	0.892099
129	144	0.918019
129	147	0.883881
129	148	0.875132
129	152	0.857844
129	153	0.901188
129	159	0.795139
129	160	0.839514
129	161	0.832367
129	168	0.848245
129	170	0.848616
129	171	0.801414
129	172	0.823751
129	176	0.794767
129	177	0.846597
129	179	0.794865
130	30	0.966793
130	34	1.09436
130	39	0.997674
130	44	0.963071
130	47	1.06891
130	53	1.04802
130	54	1.15857
130	62	1.03835
130	70	1.01885
130	86	0.988047
130	88	1.08679
130	100	0.994169
130	115	1.00208
130	117	1.04193
130	124	1.00009
130	129	2.19856
130	131	0.989758
130	132	0.929976
130	133	1.01371
130	136	1.03869
130	162	0.904812
130	163	0.973613
130	164	0.612921
130	165	0.574026
130	171	1.18984
130	172	0.957867
130	176	1.65464
130	178	1.66361
130	180	0.888583
131	12	0.943012
131	13	0.988788
131	30	0.92442
131	34	1.05199
131	40	1.05885
131	44	0.920698
131	45	1.05335
131	47	1.02654
131	53	1.00565
131	54	1.1162
131	63	0.999564
131	70	0.97648
131	86	0.945674
131	88	1.04442
131	100	0.951796
131	102	0.88505
131	117	0.999558
131	119	0.959786
131	124	0.957716
131	130	0.989758
131	132	0.887603
131	133	0.971333
131	150	1.8333
131	158	1.19772
131	160	1.87363
131	162	0.862439
131	163	0.93124
131	172	0.915494
131	180	0.84621
132	8	2.02317
132	11	2.09973
132	33	0.86279
132	70	0.916698
132	79	1.87709
132	81	0.959657
132	96	0.87811
132	115	0.899924
132	119	0.900004
132	124	0.897934
132	130	0.929976
132	131	0.887603
132	140	0.917884
132	142	0.933255
132	145	0.924036
132	146	0.964015
132	147	0.915842
132	148	0.907094
132	151	0.898364
132	153	0.933149
132	160	0.871475
132	163	0.871458
132	165	0.930012
132	168	0.880206
132	169	0.828233
132	173	0.784416
132	174	0.817035
132	176	0.826728
132	177	0.878558
132	180	0.786429
133	17	1.19983
133	25	0.944139
133	28	1.04888
133	30	0.948369
133	34	1.07594
133	43	0.689767
133	92	0.962273
133	105	1.01921
133	117	1.02351
133	119	0.983734
133	121	0.995987
133	125	0.985688
133	130	1.01371
133	131	0.971333
133	135	0.990069
133	140	1.00161
133	143	1.00779
133	144	1.03371
133	145	1.00777
133	146	0.520222
133	147	0.999572
133	148	0.990824
133	150	1.53807
133	153	1.01688
133	160	1.5784
133	163	0.955188
133	167	1.73663
133	171	1.96221
133	172	0.939443
133	180	0.870159
134	7	1.09633
134	10	0.990675
134	15	1.0037
134	24	1.08144
134	32	1.09143
134	35	1.07795
134	36	0.983512
134	39	0.985797
134	55	1.04479
134	57	0.91543
134	58	1.05144
134	60	1.04385
134	76	1.00969
134	79	0.992556
134	83	1.08351
134	85	0.998169
134	101	0.95848
134	110	1.02738
134	119	0.990281
134	120	0.611246
134	146	0.67263
134	149	1.20797
134	159	0.917377
134	163	0.961735
134	166	0.895889
134	169	2.05074
134	177	1.42572
134	178	0.902523
134	179	1.96754
134	180	0.876706
135	8	1.07438
135	39	1.18444
135	41	1.02403
135	52	0.924205
135	61	1.01057
135	72	0.988945
135	78	0.996174
135	90	0.966972
135	91	0.970241
135	92	0.95706
135	93	1.02811
135	104	1.02185
135	105	1.014
135	107	0.995655
135	111	1.38533
135	112	0.99537
135	118	0.954177
135	119	0.978522
135	121	0.990774
135	126	1.01315
135	133	0.990069
135	138	1.01917
135	141	0.672699
135	143	1.00258
135	144	1.0285
135	158	1.00708
135	163	1.24527
135	168	1.10248
135	172	0.93423
135	176	2.19521
135	178	0.890763
136	3	0.976624
136	20	1.49683
136	44	0.969629
136	61	1.17408
136	70	1.02541
136	76	1.46495
136	86	0.994606
136	87	0.535467
136	101	0.656641
136	117	1.04849
136	123	1.06674
136	124	1.00665
136	125	1.01067
136	128	1.02605
136	130	1.03869
136	138	0.488449
136	140	1.0266
136	145	1.03275
136	147	1.02455
136	148	1.01581
136	153	1.04186
136	155	0.977843
136	157	0.973695
136	167	0.975424
136	168	0.988919
136	169	0.936946
136	173	0.893129
136	176	0.935441
136	177	0.987271
136	179	0.93554
136	180	0.895142
137	2	0.984953
137	18	0.980739
137	22	0.983945
137	26	0.959508
137	28	1.05467
137	29	0.970048
137	33	0.952318
137	48	1.0347
137	66	0.994719
137	68	1.00373
137	75	1.08059
137	80	0.924754
137	95	0.979345
137	96	0.967638
137	116	0.993393
137	123	1.04756
137	125	0.991486
137	129	0.885388
137	140	1.00741
137	142	1.02278
137	145	1.01356
137	146	0.825049
137	147	1.00537
137	148	0.996622
137	153	1.02268
137	156	1.46306
137	160	1.88323
137	162	0.892186
137	166	0.89514
137	168	1.63911
137	172	1.62265
137	173	0.873944
138	20	0.991376
138	25	0.973244
138	41	1.05835
138	50	1.0476
138	59	1.02986
138	61	1.04488
138	69	0.651779
138	72	1.02326
138	90	1.00129
138	91	1.00456
138	93	1.06242
138	99	0.984203
138	104	1.05617
138	105	1.04832
138	107	1.02997
138	112	1.02969
138	113	0.661205
138	118	0.988494
138	121	1.02509
138	126	1.04747
138	129	0.908695
138	135	1.01917
138	136	0.488449
138	139	0.961123
138	143	1.0369
138	144	1.06281
138	150	1.50157
138	158	1.0414
138	159	2.37199
138	164	1.34879
138	172	0.968548
138	177	1.23681
138	178	0.925081
139	24	1.01163
139	26	1.6395
139	32	1.02162
139	35	1.00814
139	47	1.6163
139	52	0.866155
139	60	0.97404
139	76	0.939884
139	78	0.938124
139	85	0.928359
139	88	1.65857
139	92	0.899009
139	105	0.955951
139	112	0.93732
139	114	0.962196
139	125	1.68563
139	138	0.961123
139	143	0.944527
139	144	0.970447
139	155	0.889597
139	161	0.884795
139	162	0.823125
139	164	0.915622
139	165	0.95048
139	166	0.826079
139	169	0.8487
139	174	0.837502
139	175	0.852494
139	176	0.847195
139	177	0.899025
139	178	0.832713
139	179	0.847294
139	180	0.806896
140	4	0.987
140	17	1.20616
140	19	1.0777
140	22	0.984479
140	26	0.960042
140	27	0.803813
140	33	0.952852
140	48	1.03524
140	68	1.00427
140	75	1.08112
140	95	0.979879
140	96	0.968172
140	103	0.983159
140	110	1.02717
140	113	0.443823
140	116	0.993927
140	123	1.04809
140	125	0.99202
140	128	0.55007
140	129	0.885923
140	132	0.917884
140	133	1.00161
140	136	1.0266
140	137	1.00741
140	142	1.02332
140	145	1.0141
140	147	1.0059
140	148	0.997156
140	151	0.956903
140	153	1.02321
140	159	0.917163
140	164	1.13141
140	166	0.895674
140	171	1.70833
140	180	3.04343
141	4	1.60244
141	7	0.564299
141	14	0.936223
141	67	1.03915
141	83	0.43549
141	84	1.01832
141	95	1.30686
141	97	0.970991
141	98	1.10192
141	106	1.06515
141	108	1.05262
141	113	1.03577
141	121	1.32414
141	128	1.01908
141	135	0.672699
141	146	1.06576
141	148	1.11588
141	149	1.0103
141	151	1.00011
141	152	0.991553
141	154	1.01936
141	155	0.970878
141	156	0.996558
141	160	0.973222
141	161	0.966075
141	167	0.968458
141	168	0.981953
141	169	0.929981
141	170	0.982324
141	171	0.935122
141	172	0.95746
141	174	0.918782
141	175	0.933774
141	176	0.928476
141	177	0.980305
141	178	0.913993
141	179	0.928574
142	2	1.00086
142	4	1.00237
142	17	1.22153
142	18	0.996645
142	19	1.09307
142	22	0.99985
142	26	0.975414
142	28	1.07058
142	29	0.985954
142	33	0.968224
142	48	1.05061
142	66	1.01062
142	68	1.01964
142	75	1.09649
142	82	0.317513
142	95	0.99525
142	103	0.998531
142	116	1.0093
142	123	1.06346
142	125	1.00739
142	129	0.901294
142	132	0.933255
142	137	1.02278
142	140	1.02332
142	145	1.02947
142	147	1.02128
142	148	1.01253
142	151	1.3922
142	153	1.03858
142	154	1.08183
142	157	1.62802
142	159	0.932534
142	162	0.908092
142	165	1.12441
142	166	0.911046
142	170	1.43216
142	172	1.49923
142	173	0.88985
142	179	1.99654
143	8	1.0921
143	20	0.97478
143	25	0.956647
143	41	1.04175
143	50	1.031
143	52	0.941927
143	59	1.01327
143	61	1.02829
143	72	1.00667
143	78	1.0139
143	80	0.792465
143	81	0.944991
143	90	0.984693
143	91	0.987962
143	92	0.974781
143	93	1.04583
143	99	0.967607
143	104	1.03957
143	105	1.03172
143	107	1.01338
143	112	1.01309
143	118	0.971898
143	119	0.996243
143	121	1.0085
143	126	1.03087
143	128	0.976492
143	129	0.892099
143	133	1.00779
143	135	1.00258
143	138	1.0369
143	139	0.944527
143	144	1.04622
143	146	0.69276
143	149	1.2281
143	158	1.02481
143	163	1.64962
143	170	1.42329
143	172	0.951951
143	174	2.22052
143	178	0.908484
144	8	1.11802
144	20	1.0007
144	25	0.982567
144	39	0.570313
144	41	1.06767
144	50	1.05692
