1	20	0.684082
1	30	0.74148
1	31	0.738024
1	52	0.72518
1	60	0.706338
1	91	0.7153
1	94	0.706297
1	104	0.729302
1	129	2.81223
1	167	0.734413
1	170	2.55521
1	173	0.719314
2	75	1.84237
2	119	0.806623
2	131	0.814494
2	135	0.807611
2	152	1.91873
2	153	0.800677
2	156	0.813167
2	162	0.825795
2	163	0.803369
2	165	1.90227
2	168	0.816924
2	177	0.712034
3	61	0.688179
3	78	0.714538
3	119	0.715576
3	121	0.739646
3	127	0.733415
3	134	2.37099
3	135	0.716564
3	153	0.70963
3	156	0.72212
3	157	3.02383
3	162	0.734748
3	168	0.725877
4	61	0.689293
4	127	0.734529
4	131	0.72456
4	133	0.718406
4	139	0.723684
4	153	0.710744
4	156	0.723234
4	162	0.735862
4	163	0.713436
4	167	2.60297
4	168	0.726991
4	176	2.79208
5	104	1.8938
5	124	0.719941
5	127	0.728479
5	136	2.24767
5	158	0.736814
5	159	0.734495
5	162	0.729813
5	163	0.707386
5	164	0.725491
5	166	0.731935
5	179	0.678595
5	180	0.707857
6	39	0.719774
6	43	0.711354
6	59	0.758543
6	105	0.729867
6	118	2.63023
6	122	0.710845
6	136	0.733727
6	137	0.725244
6	146	0.679974
6	155	2.7993
6	167	0.728756
6	170	0.701966
7	56	0.696707
7	70	2.00316
7	106	0.71613
7	123	0.701839
7	126	0.726668
7	142	3.41921
7	144	0.719347
7	147	0.733555
7	149	0.722398
7	158	0.733312
7	164	0.721989
7	166	0.728433
8	76	0.703246
8	84	0.700031
8	144	0.709883
8	147	0.724091
8	148	0.698421
8	149	0.712934
8	152	0.696904
8	158	0.723848
8	160	2.87
8	164	0.712525
8	166	0.718969
8	172	2.92212
8	173	0.699867
9	116	0.712002
9	119	0.702875
9	125	2.62695
9	127	0.720713
9	128	0.727676
9	139	0.709869
9	146	3.13657
9	150	0.686287
9	153	0.696929
9	156	0.709418
9	162	0.722047
9	163	0.69962
9	168	0.713175
10	14	0.818793
10	32	0.740678
10	46	0.782676
10	68	0.797945
10	86	1.33877
10	95	0.730043
10	102	0.761814
10	122	0.785003
10	136	0.807886
10	137	0.799402
10	150	2.63804
10	155	2.16296
10	170	0.776124
11	13	0.742149
11	20	0.674501
11	22	0.748472
11	44	0.710631
11	60	0.696757
11	91	0.705719
11	94	0.696716
11	97	0.670281
11	104	0.719721
11	145	2.8399
11	150	3.01954
11	167	0.724832
11	173	0.709733
12	63	1.43689
12	73	0.792943
12	101	0.791983
12	128	0.806226
12	139	0.788419
12	146	2.49139
12	153	0.775478
12	156	0.787968
12	162	0.800597
12	163	0.77817
12	168	0.791725
12	171	2.10999
12	177	0.686835
13	11	0.742149
13	36	0.927903
13	72	3.47212
13	104	0.785892
13	135	0.7747
13	139	0.780707
13	148	0.774459
13	158	0.799885
13	164	0.788562
13	166	0.795006
13	168	0.784013
13	169	1.56958
13	173	0.775905
14	10	0.818793
14	15	0.808727
14	23	0.729779
14	32	0.72733
14	39	0.780584
14	48	0.770047
14	59	0.819353
14	136	0.794538
14	137	0.786054
14	150	1.01414
14	151	0.40576
14	170	0.762776
14	177	4.75302
15	14	0.808727
15	26	5.6
15	27	0.689124
15	32	0.730612
15	43	0.775447
15	51	0.822286
15	81	0.825834
15	105	0.793959
15	107	0.525705
15	136	0.79782
15	137	0.789337
15	150	0.394015
15	170	0.766059
16	130	0.687455
16	132	0.707995
16	160	0.650914
16	161	0.683011
16	162	4.51306
16	172	0.656227
16	175	0.630791
16	176	0.684994
16	177	0.568988
16	178	0.637555
16	179	0.631532
16	180	0.660793
17	74	1.05633
17	92	0.822566
17	119	1.47755
17	129	0.756899
17	153	1.7698
17	165	0.776135
17	171	0.791147
17	172	0.776711
17	174	0.786763
17	175	0.751275
17	176	0.805478
17	179	0.752016
17	180	0.781277
18	45	1.43231
18	120	1.54362
18	142	0.751998
18	147	1.35205
18	151	0.80737
18	171	0.795929
18	172	0.781493
18	174	0.791545
18	175	0.756057
18	176	0.810259
18	178	0.76282
18	179	0.756797
18	180	0.786059
19	144	1.12182
19	160	0.773667
19	161	0.805763
19	163	1.83207
19	171	0.793416
19	172	0.77898
19	173	1.3861
19	174	0.789032
19	175	0.753544
19	176	0.807747
19	178	0.760308
19	179	0.754284
19	180	0.783546
20	1	0.684082
20	11	0.674501
20	31	0.726967
20	60	0.695281
20	70	0.730539
20	91	0.704243
20	94	0.69524
20	104	0.718245
20	134	0.738638
20	138	2.38166
20	167	0.723356
20	173	0.708257
20	175	3.40107
21	53	0.706016
21	89	2.09044
21	140	0.701034
21	156	2.51949
21	159	0.734553
21	169	0.720715
21	171	0.717786
21	172	0.70335
21	174	0.713401
21	176	0.732116
21	178	0.684677
21	179	0.678654
21	180	0.707915
22	11	0.748472
22	31	0.800938
22	60	0.769253
22	91	0.778215
22	94	0.769212
22	104	0.792216
22	113	2.03636
22	120	0.803758
22	134	0.812609
22	141	0.742836
22	152	1.91905
22	170	2.10132
22	173	0.782228
23	14	0.729779
23	39	0.704918
23	42	0.701137
23	43	0.696499
23	46	0.693663
23	87	0.694385
23	95	0.64103
23	102	0.6728
23	105	0.715012
23	120	0.720331
23	136	0.718872
23	137	0.710389
23	150	3.25099
23	178	2.99137
24	25	0.788116
24	65	1.34376
24	83	2.4932
24	119	0.767854
24	133	0.76957
24	142	2.73047
24	143	0.765168
24	153	0.761908
24	156	0.774398
24	162	0.787026
24	163	0.764599
24	168	0.778154
24	173	0.770046
24	177	0.673264
25	24	0.788116
25	48	2.45005
25	79	0.574763
25	80	0.762498
25	137	1.76331
25	144	0.771574
25	149	0.774625
25	164	0.774216
25	166	0.78066
25	168	0.769667
25	174	0.762068
25	178	0.733344
25	179	0.727321
25	180	0.756582
26	15	5.6
26	37	0.561789
26	134	0.678702
26	135	0.647116
26	142	0.609283
26	158	0.672301
26	162	0.665301
26	164	0.660978
26	166	0.667422
26	168	0.656429
26	169	0.656144
26	176	0.667545
26	179	0.614083
26	180	0.643344
27	15	0.689124
27	37	0.568331
27	57	0.597926
27	122	0.652052
27	128	0.677473
27	133	0.654387
27	136	0.674934
27	144	5.31102
27	152	0.6519
27	168	0.662972
27	176	0.674088
27	178	0.626649
27	179	0.620626
27	180	0.649887
28	58	0.742001
28	82	0.74742
28	108	0.750124
28	115	0.771983
28	143	1.99753
28	144	0.765348
28	147	0.779556
28	148	0.753886
28	149	0.768399
28	158	0.779313
28	164	0.76799
28	166	0.774434
28	178	2.33397
28	180	2.15918
29	41	1.80647
29	52	1.61732
29	130	0.790318
29	131	1.34235
29	157	0.744929
29	161	0.785874
29	169	0.776457
29	171	0.773527
29	174	0.769143
29	175	0.733655
29	176	0.787857
29	178	0.740418
29	179	0.734395
29	180	0.763657
30	1	0.74148
30	31	0.784365
30	52	0.771521
30	60	0.75268
30	91	0.761641
30	94	0.752638
30	104	0.775643
30	120	0.787185
30	141	0.726262
30	155	2.31077
30	165	1.98938
30	167	0.780755
30	170	2.18811
30	173	0.765655
31	1	0.738024
31	20	0.726967
31	22	0.800938
31	30	0.784365
31	44	0.763097
31	52	0.768064
31	91	0.758185
31	94	0.749182
31	104	0.772187
31	155	2.18042
31	157	2.25727
31	167	0.777298
31	170	2.05775
31	173	0.762199
32	10	0.740678
32	14	0.72733
32	15	0.730612
32	34	0.705822
32	48	0.691932
32	53	2.83784
32	95	0.638581
32	102	0.670351
32	122	0.693541
32	136	0.716423
32	137	0.70794
32	143	0.691474
32	155	3.3768
32	170	0.684662
33	70	1.92085
33	82	0.757025
33	123	0.757445
33	144	0.774953
33	147	0.789161
33	148	0.763491
33	149	0.778003
33	152	0.761973
33	154	2.12331
33	157	2.43607
33	158	0.788918
33	164	0.777595
33	166	0.784039
33	177	0.668155
34	32	0.705822
34	46	0.74782
34	81	0.801044
34	86	1.47123
34	87	0.748542
34	95	0.695187
34	102	0.726958
34	103	2.67848
34	105	0.769169
34	122	0.750147
34	136	0.77303
34	137	0.764546
34	150	2.7705
34	152	0.749995
34	167	0.768058
35	114	0.747689
35	122	1.87761
35	138	0.764822
35	151	0.768003
35	154	0.751486
35	164	1.49443
35	165	0.741549
35	168	1.75813
35	169	0.759492
35	171	0.756562
35	174	0.752177
35	176	0.770892
35	178	0.723453
35	179	0.71743
35	180	0.746691
36	13	0.927903
36	61	2.65974
36	76	1.89607
36	103	0.735732
36	145	0.733027
36	154	0.756805
36	159	0.778648
36	160	0.742131
36	169	0.76481
36	171	0.761881
36	172	0.747445
36	176	0.776211
36	178	0.728772
36	179	0.722749
36	180	0.75201
37	26	0.561789
37	27	0.568331
37	79	5.7319
37	144	0.666972
37	147	0.681181
37	156	0.661308
37	162	0.673937
37	163	0.65151
37	164	0.669614
37	166	0.676058
37	168	0.665065
37	175	0.621979
37	178	0.628742
37	179	0.622719
37	180	0.65198
38	74	0.753931
38	116	0.75008
38	121	0.765023
38	127	0.758792
38	128	0.765755
38	132	1.74846
38	133	0.742669
38	139	0.747948
38	153	0.735007
38	155	0.732201
38	162	0.760125
38	163	0.737699
38	168	0.751254
38	174	2.35621
38	178	2.77336
39	6	0.719774
39	14	0.780584
39	23	0.704918
39	42	0.751942
39	47	0.738471
39	68	0.759736
39	81	0.797691
39	87	0.745189
39	102	0.723605
39	118	0.480574
39	122	0.746794
39	136	0.769677
39	137	0.761194
39	142	1.62733
39	177	4.86362
40	46	1.87222
40	96	0.742965
40	117	0.769293
40	125	0.745645
40	128	1.86838
40	138	0.764933
40	151	0.768114
40	171	0.756673
40	172	0.742236
40	173	1.40209
40	174	0.752288
40	175	0.7168
40	176	0.771003
40	178	0.723564
40	180	0.746802
41	29	1.80647
41	89	0.766253
41	96	2.15877
41	116	0.7454
41	119	0.736274
41	127	0.754112
41	128	0.761075
41	131	0.744144
41	139	0.743268
41	153	0.730328
41	156	0.742817
41	162	0.755446
41	163	0.733019
41	168	0.746574
41	177	0.641684
41	180	2.9891
42	23	0.701137
42	39	0.751942
42	68	0.755955
42	79	0.786493
42	90	0.6701
42	95	0.688053
42	98	2.10077
42	105	0.762035
42	122	0.743013
42	136	0.765896
42	137	0.757412
42	143	0.740946
42	152	0.742861
42	159	2.3704
42	170	0.734134
42	174	2.78431
43	6	0.711354
43	15	0.775447
43	23	0.696499
43	47	0.730052
43	48	0.736767
43	56	2.26566
43	68	0.751317
43	79	0.781856
43	102	0.715186
43	105	0.757397
43	122	0.738375
43	136	0.761258
43	143	0.736308
43	146	0.707505
43	150	2.84072
43	172	2.27221
44	11	0.710631
44	31	0.763097
44	52	0.750253
44	60	0.731412
44	63	1.95623
44	90	0.668663
44	91	0.740374
44	94	0.731371
44	104	0.754375
44	120	0.765918
44	125	2.50111
44	134	0.774768
44	141	0.704995
44	143	2.79967
44	167	0.759487
44	173	0.744387
45	18	1.43231
45	61	0.766443
45	101	0.804399
45	121	0.81791
45	125	1.7509
45	127	0.811678
45	128	0.818641
45	131	0.80171
45	133	0.795556
45	139	0.800834
45	153	0.787894
45	156	0.800383
45	163	0.790585
45	168	0.80414
45	169	2.0282
45	170	2.04776
46	10	0.782676
46	23	0.693663
46	34	0.74782
46	40	1.87222
46	79	0.779019
46	87	0.733934
46	95	0.680579
46	105	0.754561
46	122	0.735539
46	136	0.758421
46	137	0.749938
46	146	0.704669
46	159	1.94021
46	167	0.75345
46	170	0.72666
46	175	3.17053
47	39	0.738471
47	43	0.730052
47	48	0.727934
47	51	0.776892
47	56	2.74108
47	68	0.742484
47	79	0.773023
47	81	0.780439
47	95	0.674583
47	98	1.95582
47	102	0.706353
47	122	0.729542
47	137	0.743942
47	143	0.727476
47	154	2.60515
47	167	0.747454
48	14	0.770047
48	25	2.45005
48	32	0.691932
48	43	0.736767
48	47	0.727934
48	59	0.783956
48	87	0.734652
48	95	0.681298
48	96	2.29406
48	98	2.19848
48	102	0.713068
48	120	0.760599
48	122	0.736258
48	136	0.75914
48	137	0.750657
48	167	0.754169
49	73	0.747655
49	80	0.739267
49	112	0.767727
49	116	0.745262
49	119	0.736136
49	127	0.753974
49	128	0.760937
49	140	2.409
49	145	2.49638
49	153	0.73019
49	156	0.742679
49	162	0.755308
49	163	0.732881
49	168	0.746436
49	177	0.641546
49	178	2.41641
50	58	0.716631
50	76	0.73334
50	84	0.730125
50	85	0.767362
50	90	4.24864
50	123	0.722469
50	124	1.63224
50	143	1.45711
50	144	0.739977
50	147	0.754186
50	148	0.728516
50	149	0.743028
50	155	0.719018
50	158	0.753942
50	164	0.742619
50	166	0.749063
51	15	0.822286
51	47	0.776892
51	59	0.832913
51	68	0.798156
51	79	0.828695
51	81	0.836111
51	95	0.730255
51	105	0.804237
51	118	1.98374
51	120	0.809556
51	122	0.785215
51	137	0.799614
51	161	1.87211
51	170	0.776336
51	171	1.86149
51	176	1.88637
52	1	0.72518
52	29	1.61732
52	30	0.771521
52	31	0.768064
52	44	0.750253
52	60	0.736379
52	90	0.67363
52	91	0.745341
52	94	0.736338
52	97	0.709903
52	104	0.759342
52	118	2.59021
52	141	0.709962
52	167	0.764454
52	173	0.749354
52	180	2.79996
53	21	0.706016
53	32	2.83784
53	81	1.36551
53	83	0.704292
53	124	0.743721
53	130	0.758298
53	140	0.724755
53	148	1.99487
53	154	0.736431
53	159	0.758275
53	171	0.741507
53	172	0.727071
53	175	0.701635
53	176	0.755838
53	178	0.708399
53	179	0.702376
53	180	0.731637
54	74	2.8082
54	92	0.719624
54	100	0.709807
54	102	3.3853
54	129	0.653956
54	159	0.704973
54	160	0.668456
54	165	0.673192
54	169	0.691135
54	171	0.688205
54	172	0.673769
54	174	0.683821
54	175	0.648333
54	176	0.702535
54	178	0.655096
54	179	0.649073
54	180	0.678335
55	67	0.787856
55	100	1.53343
55	115	0.795257
55	118	0.775559
55	123	0.771114
55	140	2.42676
55	144	0.788622
55	147	0.802831
55	148	0.77716
55	149	0.791673
55	152	0.775643
55	164	0.791264
55	166	0.797708
55	169	2.07648
55	170	0.766916
55	171	1.92738
55	173	0.778606
56	7	0.696707
56	43	2.26566
56	47	2.74108
56	131	0.736543
56	133	0.730389
56	136	1.46734
56	148	0.729419
56	149	0.743932
56	158	0.754846
56	160	0.71601
56	162	0.747845
56	166	0.749967
56	168	0.738974
56	174	0.731375
56	178	0.702651
56	179	0.696627
56	180	0.725889
57	27	0.597926
57	68	2.94411
57	88	0.681974
57	110	0.718752
57	151	0.702887
57	154	0.686369
57	157	0.662847
57	159	0.708213
57	169	0.694375
57	171	0.691445
57	172	0.677009
57	173	3.29316
57	174	0.687061
57	175	0.651573
57	176	0.705776
57	179	0.652314
57	180	0.681575
58	28	0.742001
58	50	0.716631
58	64	0.74369
58	69	0.743079
58	123	0.722666
58	124	2.54648
58	141	2.78155
58	143	2.37136
58	146	0.696476
58	147	0.754382
58	148	0.728712
58	149	0.743225
58	158	0.754139
58	164	0.742816
58	166	0.74926
58	173	0.730158
58	177	0.633377
59	6	0.758543
59	14	0.819353
59	48	0.783956
59	51	0.832913
59	87	0.783959
59	95	0.730604
59	98	1.5381
59	102	0.762374
59	109	0.754562
59	136	0.808446
59	137	0.799963
59	152	0.785412
59	159	1.80773
59	167	0.803475
59	170	0.776685
59	171	2.13202
59	180	2.46401
60	1	0.706338
60	11	0.696757
60	20	0.695281
60	22	0.769253
60	30	0.75268
60	44	0.731412
60	52	0.736379
60	91	0.726499
60	94	0.717496
60	104	0.740501
60	118	2.19226
60	134	0.760894
60	141	0.69112
60	155	2.36133
60	167	0.745613
60	173	0.730513
60	179	3.18202
61	3	0.688179
61	4	0.689293
61	36	2.65974
61	45	0.766443
61	63	2.47923
61	74	0.724685
61	89	0.741687
61	101	0.722266
61	117	2.60949
61	128	0.736509
61	131	0.719578
61	133	0.713423
61	135	0.712695
61	153	0.705761
61	156	0.718251
61	162	0.73088
61	163	0.708453
61	168	0.722008
62	69	0.775278
62	71	0.775797
62	75	1.76752
62	82	0.754445
62	106	0.769157
62	108	0.75715
62	126	0.779695
62	143	2.02786
62	144	0.772373
62	147	0.786582
62	148	0.760912
62	149	0.775424
62	157	2.22568
62	158	0.786338
62	164	0.775015
62	166	0.781459
62	170	0.750667
62	178	2.36429
63	12	1.43689
63	44	1.95623
63	61	2.47923
63	99	0.755096
63	137	1.43255
63	138	0.783459
63	159	0.791967
63	160	0.75545
63	161	0.787546
63	169	0.778129
63	171	0.775199
63	172	0.760763
63	174	0.770815
63	175	0.735327
63	176	0.78953
63	177	0.673524
63	178	0.742091
63	179	0.736068
63	180	0.765329
64	58	0.74369
64	67	0.766269
64	82	0.749108
64	84	0.757184
64	106	0.763819
64	126	0.774357
64	144	0.767036
64	146	0.723338
64	148	0.755574
64	149	0.770087
64	151	1.99649
64	155	0.746076
64	158	0.781001
64	164	0.769678
64	165	1.80838
64	166	0.776122
64	172	2.03636
64	173	0.75702
64	179	2.95047
65	24	1.34376
65	67	1.6591
65	78	1.89752
65	114	0.756409
65	116	1.77861
65	130	0.782073
65	132	0.802613
65	142	0.721351
65	151	0.776723
65	154	0.760206
65	159	0.78205
65	160	0.745533
65	169	0.768212
65	172	0.750846
65	174	0.760898
65	176	0.779613
65	178	0.732174
65	179	0.726151
65	180	0.755412
66	107	0.724441
66	114	0.717457
66	135	2.11171
66	140	0.709578
66	142	0.682399
66	154	0.721254
66	156	2.18061
66	159	0.743098
66	160	0.706581
66	163	2.44192
66	165	0.711318
66	171	0.72633
66	172	0.711894
66	174	0.721946
66	175	0.686458
66	176	0.740661
66	178	0.693222
66	179	0.687199
66	180	0.71646
67	55	0.787856
67	64	0.766269
67	65	1.6591
67	69	0.765658
67	84	0.752901
67	85	0.790139
67	103	2.4512
67	108	0.74753
67	114	1.6973
67	115	0.769388
67	123	0.745246
67	144	0.762753
67	147	0.776962
67	149	0.765804
67	158	0.776718
67	164	0.765396
67	166	0.77184
67	175	2.68285
67	177	0.655956
68	10	0.797945
68	39	0.759736
68	42	0.755955
68	43	0.751317
68	47	0.742484
68	51	0.798156
68	57	2.94411
68	79	0.794287
68	81	0.801704
68	88	1.67756
68	102	0.727618
68	103	2.1197
68	109	0.719805
68	122	0.750807
68	136	0.773689
68	137	0.765206
68	146	0.719937
68	155	1.73663
68	170	0.741928
69	58	0.743079
69	62	0.775278
69	67	0.765658
69	108	0.751201
69	123	0.748917
69	126	0.773746
69	134	0.78679
69	144	0.766425
69	147	0.780633
69	148	0.754963
69	149	0.769476
69	158	0.78039
69	159	1.60266
69	164	0.769067
69	166	0.775511
69	172	2.12484
69	174	2.01657
69	177	0.659628
69	179	3.03895
70	7	2.00316
70	20	0.730539
70	33	1.92085
70	94	0.752755
70	104	0.775759
70	131	0.77145
70	141	0.726379
70	153	0.757633
70	158	1.37897
70	162	0.782751
70	163	0.760325
70	166	1.70575
70	168	0.77388
70	171	0.770665
70	172	0.756229
70	173	0.765771
70	176	0.784996
70	179	0.731534
70	180	0.760795
71	62	0.775797
71	85	0.794329
71	92	1.87433
71	108	0.751721
71	114	2.3712
71	115	0.773579
71	117	1.90787
71	123	0.749436
71	126	0.774265
71	144	0.766944
71	147	0.781152
71	148	0.755482
71	149	0.769995
71	151	2.60874
71	164	0.769586
71	166	0.77603
71	170	0.745238
71	173	0.756928
71	177	0.660147
72	13	3.47212
72	97	0.635922
72	130	0.697058
72	151	0.691708
72	154	0.675191
72	155	0.664429
72	157	0.651669
72	159	0.697035
72	160	0.660518
72	161	0.692614
72	165	0.665255
72	171	0.680267
72	172	0.665831
72	173	3.846
72	174	0.675883
72	175	0.640395
72	176	0.694598
72	179	0.641136
72	180	0.670397
73	12	0.792943
73	49	0.747655
73	89	0.780603
73	101	0.761182
73	109	0.719002
73	112	0.782214
73	119	0.750623
73	127	0.768462
73	133	0.752339
73	134	1.75343
73	135	0.751611
73	139	0.757618
73	140	2.53747
73	156	0.757167
73	162	0.769796
73	163	0.747369
73	168	0.760924
73	174	2.12772
73	180	2.37009
74	17	1.05633
74	38	0.753931
74	54	2.8082
74	61	0.724685
74	89	0.782061
74	101	0.76264
74	112	0.783673
74	119	0.752081
74	121	0.776152
74	127	0.76992
74	135	0.753069
74	145	2.37064
74	153	0.746136
74	156	0.758625
74	162	0.771254
74	163	0.748827
74	168	0.762382
74	172	1.98177
74	173	0.754274
75	2	1.84237
75	62	1.76752
75	83	0.73194
75	88	0.759684
75	142	0.725224
75	145	0.740301
75	147	1.70886
75	157	0.740557
75	160	0.749406
75	165	0.754143
75	168	2.09358
75	169	0.772085
75	171	0.769156
75	172	0.754719
75	174	0.764771
75	175	0.729283
75	176	0.783486
75	178	0.736047
75	179	0.730024
75	180	0.759285
76	8	0.703246
76	36	1.89607
76	50	0.73334
76	82	0.738955
76	106	0.753666
76	108	0.741659
76	110	1.8333
76	120	0.768397
76	123	0.739375
76	126	0.764204
76	144	0.756883
76	147	0.771091
76	148	0.745421
76	149	0.759933
76	150	0.728087
76	158	0.770848
76	164	0.759525
76	166	0.765969
76	176	2.41353
76	180	2.72065
77	83	0.727151
77	94	1.03554
77	140	0.747615
77	142	0.720436
77	144	1.70674
77	147	1.9755
77	151	0.775808
77	159	0.781135
77	160	0.744618
77	162	2.08303
77	169	0.767297
77	170	0.747783
77	171	0.764367
77	172	0.749931
77	174	0.759983
77	175	0.724495
77	176	0.778697
77	178	0.731258
77	179	0.725235
77	180	0.754497
78	3	0.714538
78	65	1.89752
78	89	0.768046
78	109	0.706445
78	112	0.769657
78	118	0.737211
78	119	0.738066
78	128	0.762868
78	133	0.739782
78	135	0.739054
78	139	0.745061
78	150	0.721478
78	153	0.73212
78	156	0.74461
78	160	2.16101
78	162	0.757239
78	163	0.734812
78	168	0.748367
78	173	0.740258
78	174	2.10486
78	179	3.12724
79	25	0.574763
79	37	5.7319
79	42	0.786493
79	43	0.781856
79	46	0.779019
79	47	0.773023
79	51	0.828695
79	68	0.794287
79	87	0.779741
79	102	0.758156
79	120	0.805688
79	122	0.781346
79	130	0.90505
79	136	0.804228
79	137	0.795745
79	138	0.803728
79	143	0.779279
79	152	0.781194
79	167	0.799257
79	170	0.772467
79	180	1.2491
80	25	0.762498
80	49	0.739267
80	90	4.55136
80	116	0.751363
80	121	0.766306
80	128	0.767038
80	131	0.750106
80	133	0.743952
80	134	1.30482
80	135	0.743224
80	139	0.74923
80	145	2.17624
80	150	0.725648
80	153	0.73629
80	155	0.733484
80	156	0.74878
80	163	0.738982
80	168	0.752537
80	173	0.744428
80	176	1.61436
80	177	0.647647
81	15	0.825834
81	34	0.801044
81	39	0.797691
81	47	0.780439
81	51	0.836111
81	53	1.36551
81	68	0.801704
81	83	2.64489
81	87	0.787157
81	90	0.715849
81	95	0.733802
81	102	0.765573
81	122	0.788762
81	130	1.60111
81	136	0.811645
81	137	0.803161
81	140	2.11254
81	143	0.786695
81	146	0.757892
81	155	1.90448
81	167	0.806673
82	28	0.74742
82	33	0.757025
82	62	0.754445
82	64	0.749108
82	76	0.738955
82	100	2.03173
82	107	2.58561
82	115	0.752227
82	126	0.752914
82	144	0.745592
82	147	0.759801
82	148	0.734131
82	149	0.748643
82	157	2.79384
82	158	0.759557
82	159	2.10139
82	164	0.748234
82	166	0.754678
82	170	0.723886
82	173	0.735577
82	177	0.638795
83	24	2.4932
83	53	0.704292
83	75	0.73194
83	77	0.727151
83	81	2.64489
83	113	0.71617
83	117	0.728682
83	145	0.687207
83	157	0.687463
83	158	2.55775
83	160	0.696312
83	169	0.718991
83	171	0.716061
83	172	0.701625
83	174	0.711677
83	175	0.676189
83	176	0.730391
83	178	0.682952
83	179	0.676929
83	180	0.706191
84	8	0.700031
84	50	0.730125
84	64	0.757184
84	67	0.752901
84	92	1.95934
84	108	0.738444
84	115	0.760303
84	118	0.740605
84	123	0.73616
84	147	0.767876
84	148	0.742206
84	149	0.756719
84	152	0.740688
84	158	0.767633
84	161	2.54633
84	164	0.75631
84	166	0.762754
84	167	2.37149
84	169	2.68481
84	173	0.743652
84	177	0.646871
85	50	0.767362
85	67	0.790139
85	71	0.794329
85	115	0.79754
85	123	0.773397
85	124	2.03529
85	126	0.798227
85	144	0.790905
85	147	0.805114
85	148	0.779444
85	149	0.793956
85	150	0.762109
85	158	0.80487
85	164	0.793547
85	166	0.799991
85	167	1.52558
85	170	0.769199
85	173	0.78089
85	175	2.59585
85	176	1.71469
85	180	2.02181
86	10	1.33877
86	34	1.47123
86	91	1.96871
86	95	3.07107
86	115	0.757667
86	148	0.73957
86	149	0.754083
86	151	0.757352
86	153	0.732878
86	156	0.745368
86	158	0.764997
86	162	0.757996
86	163	0.73557
86	164	0.753674
86	166	0.760118
86	168	0.749125
86	172	0.731474
86	175	0.706038
86	178	0.712802
86	179	0.706779
86	180	0.73604
87	23	0.694385
87	34	0.748542
87	39	0.745189
87	46	0.733934
87	48	0.734652
87	59	0.783959
87	79	0.779741
87	81	0.787157
87	92	1.79629
87	95	0.681301
87	102	0.713071
87	105	0.755283
87	122	0.736261
87	136	0.759143
87	137	0.75066
87	143	0.734194
87	152	0.736108
87	160	2.51845
87	170	0.727382
87	171	2.37267
87	178	2.87945
88	57	0.681974
88	68	1.67756
88	75	0.759684
88	124	0.74602
88	131	2.42524
88	132	0.781137
88	138	0.752066
88	142	0.699874
88	144	1.76233
88	145	0.714952
88	151	0.755247
88	154	0.73873
88	166	2.08506
88	169	0.746735
88	171	0.743806
88	172	0.729369
88	174	0.739421
88	175	0.703933
88	176	0.758136
88	178	0.710697
88	179	0.704674
88	180	0.733935
89	21	2.09044
89	41	0.766253
89	61	0.741687
89	73	0.780603
89	74	0.782061
89	78	0.768046
89	111	1.63106
89	112	0.800675
89	116	0.77821
89	121	0.793154
89	124	1.89545
89	127	0.786922
89	131	0.776954
89	133	0.7708
89	135	0.770071
89	139	0.776078
89	156	0.775627
89	162	0.788256
89	163	0.765829
89	168	0.779384
89	170	1.71862
89	179	2.66198
90	42	0.6701
90	44	0.668663
90	50	4.24864
90	52	0.67363
90	80	4.55136
90	81	0.715849
90	91	0.663751
90	94	0.654748
90	99	0.652555
90	102	0.641763
90	104	0.677752
90	105	0.683975
90	136	0.687835
90	137	0.679352
90	154	0.667582
90	155	0.65682
90	173	0.667764
90	175	0.632786
90	177	0.570983
90	178	0.63955
90	179	0.633527
90	180	0.662788
91	1	0.7153
91	11	0.705719
91	20	0.704243
91	22	0.778215
91	30	0.761641
91	31	0.758185
91	44	0.740374
91	52	0.745341
91	60	0.726499
91	86	1.96871
91	90	0.663751
91	94	0.726458
91	97	0.700024
91	104	0.749463
91	109	2.64377
91	111	2.58267
91	120	0.761005
91	134	0.769856
91	141	0.700082
91	165	2.47149
91	167	0.754575
91	173	0.739475
92	17	0.822566
92	54	0.719624
92	71	1.87433
92	84	1.95934
92	87	1.79629
92	154	0.77962
92	155	0.768858
92	157	0.756097
92	160	0.764946
92	161	0.797043
92	162	1.32999
92	163	1.66396
92	165	0.769683
92	169	0.787626
92	171	0.784696
92	172	0.77026
92	174	0.780311
92	175	0.744824
92	176	0.799026
92	177	0.68302
92	178	0.751587
92	179	0.745564
92	180	0.774825
93	99	0.682931
93	109	0.664327
93	131	3.00518
93	132	0.740365
93	134	0.728521
93	135	2.72231
93	140	0.686282
93	142	0.659102
93	145	0.67418
93	149	2.60967
93	154	0.697958
93	157	0.674436
93	160	0.683285
93	161	0.715381
93	165	0.688021
93	169	0.705964
93	171	0.703034
93	172	0.688598
93	175	0.663162
93	176	0.717364
93	178	0.669925
93	179	0.663902
93	180	0.693164
94	1	0.706297
94	11	0.696716
94	20	0.69524
94	22	0.769212
94	30	0.752638
94	31	0.749182
94	44	0.731371
94	52	0.736338
94	60	0.717496
94	70	0.752755
94	77	1.03554
94	90	0.654748
94	91	0.726458
94	97	0.691021
94	104	0.74046
94	120	0.752002
94	134	0.760853
94	141	0.691079
94	167	0.745572
94	173	0.730472
94	175	1.76493
94	177	5.36418
94	179	1.97089
95	10	0.730043
95	23	0.64103
95	32	0.638581
95	34	0.695187
95	42	0.688053
95	46	0.680579
95	47	0.674583
95	48	0.681298
95	51	0.730255
95	59	0.730604
95	81	0.733802
95	86	3.07107
95	87	0.681301
95	96	3.10559
95	105	0.701928
95	122	0.682906
95	136	0.705788
95	137	0.697305
95	143	0.680839
95	146	0.652036
95	165	3.57385
95	167	0.700817
95	170	0.674027
96	40	0.742965
96	41	2.15877
96	48	2.29406
96	95	3.10559
96	103	0.713421
96	110	0.766876
96	132	0.7769
96	138	0.747829
96	145	0.710715
96	151	0.751011
96	152	0.731711
96	157	0.710971
96	160	0.71982
96	166	1.35447
96	171	0.739569
96	172	0.725133
96	174	0.735185
96	175	0.699697
96	176	0.7539
96	177	0.637894
96	178	0.706461
96	179	0.700438
96	180	0.729699
97	11	0.670281
97	52	0.709903
97	72	0.635922
97	91	0.700024
97	94	0.691021
97	104	0.714025
97	115	2.78181
97	135	0.702833
97	145	0.680077
97	153	0.695899
97	158	2.57256
97	161	0.721279
97	162	0.721017
97	163	0.698591
97	164	2.96639
97	168	0.712146
97	173	0.704037
97	175	0.669059
97	176	0.723262
97	177	0.607256
97	178	0.675823
97	179	0.6698
97	180	0.699061
98	42	2.10077
98	47	1.95582
98	48	2.19848
98	59	1.5381
98	107	0.757574
98	116	0.761504
98	137	1.51173
98	139	0.759371
98	144	0.764585
98	148	0.753123
98	149	0.767636
98	153	0.746431
98	156	0.758921
98	158	0.77855
98	159	0.776231
98	163	0.749123
98	164	0.767227
98	166	0.773671
98	168	0.762677
98	174	0.755079
98	176	0.773793
98	178	0.726355
98	179	0.720331
98	180	0.749593
99	63	0.755096
99	90	0.652555
99	93	0.682931
99	100	0.754776
99	121	2.34336
99	125	0.722146
99	127	1.89609
99	144	1.9367
99	145	0.70432
99	154	0.728098
99	157	0.704576
99	159	0.749942
99	161	0.745521
99	165	0.718161
99	166	2.25942
99	167	0.743379
99	171	0.733174
99	172	0.718738
99	174	0.72879
99	175	0.693302
99	176	0.747504
99	178	0.700065
99	179	0.694042
99	180	0.723304
100	54	0.709807
100	55	1.53343
100	82	2.03173
100	99	0.754776
100	112	1.60309
100	130	0.79167
100	137	1.7117
100	142	0.730947
100	145	0.746025
100	148	1.84858
100	154	0.769803
100	157	0.74628
100	160	0.755129
100	161	0.787226
100	169	0.777808
100	170	0.758294
100	171	0.774879
100	172	0.760442
100	174	0.770494
100	175	0.735006
100	176	0.789209
100	178	0.74177
100	179	0.735747
100	180	0.765008
101	12	0.791983
101	45	0.804399
101	61	0.722266
101	73	0.761182
101	74	0.76264
101	113	2.14609
101	116	0.75879
101	119	0.749663
101	121	0.773733
101	131	0.757534
101	133	0.751379
101	135	0.750651
101	139	0.756658
101	140	2.54178
101	150	0.733075
101	153	0.743717
101	154	2.09781
101	156	0.756207
101	162	0.768835
101	163	0.746409
101	168	0.759964
101	170	2.21105
101	173	0.751855
101	176	2.06728
102	10	0.761814
102	23	0.6728
102	32	0.670351
102	34	0.726958
102	39	0.723605
102	43	0.715186
102	47	0.706353
102	48	0.713068
102	54	3.3853
102	59	0.762374
102	68	0.727618
102	79	0.758156
102	81	0.765573
102	87	0.713071
102	90	0.641763
102	105	0.733698
102	114	2.28147
102	122	0.714676
102	136	0.737559
102	137	0.729075
102	143	0.712609
102	152	0.714524
102	161	2.37159
102	174	2.4506
103	34	2.67848
103	36	0.735732
103	67	2.4512
103	68	2.1197
103	96	0.713421
103	111	0.726897
103	140	0.710376
103	142	0.683197
103	145	0.698274
103	157	0.69853
103	159	0.743896
103	160	0.707379
103	161	0.739475
103	165	0.712116
103	169	0.730058
103	170	0.710544
103	171	0.727128
103	172	0.712692
103	173	2.46875
103	174	0.722744
103	175	0.687256
103	176	0.741459
103	178	0.69402
103	179	0.687997
103	180	0.717258
104	1	0.729302
104	5	1.8938
104	11	0.719721
104	13	0.785892
104	20	0.718245
104	22	0.792216
104	30	0.775643
104	31	0.772187
104	44	0.754375
104	52	0.759342
104	60	0.740501
104	70	0.775759
104	90	0.677752
104	91	0.749463
104	94	0.74046
104	97	0.714025
104	120	0.775007
104	134	0.783858
104	141	0.714084
104	161	0.93274
104	167	0.768576
104	173	0.753477
104	176	0.947
104	177	5.42742
104	179	2.03413
105	6	0.729867
105	15	0.793959
105	23	0.715012
105	34	0.769169
105	42	0.762035
105	43	0.757397
105	46	0.754561
105	51	0.804237
105	87	0.755283
105	90	0.683975
105	95	0.701928
105	102	0.733698
105	109	0.725886
105	122	0.756888
105	136	0.77977
105	137	0.771287
105	138	1.1918
105	146	0.726017
105	151	1.46321
105	152	0.756735
105	167	0.774799
105	170	0.748009
105	174	1.39481
105	177	5.81048
105	180	1.63718
106	7	0.71613
106	62	0.769157
106	64	0.763819
106	76	0.753666
106	108	0.74508
106	115	0.766938
106	123	0.742796
106	125	2.03379
106	126	0.767625
106	144	0.760304
106	145	2.74877
106	147	0.774512
106	148	0.748842
106	149	0.763354
106	150	0.731508
106	152	0.747324
106	155	0.739344
106	158	0.774269
106	164	0.762946
106	166	0.76939
106	171	2.16201
106	172	2.3599
106	173	0.750288
106	176	2.18688
106	177	0.653506
107	15	0.525705
107	66	0.724441
107	82	2.58561
107	98	0.757574
107	110	0.778694
107	117	0.764008
107	138	0.759647
107	140	0.734635
107	145	0.722533
107	151	0.762828
107	157	0.722789
107	159	0.768155
107	160	0.731638
107	161	0.763734
107	163	2.40028
107	164	2.0798
107	165	0.736375
107	169	0.754317
107	171	0.751387
107	172	0.736951
107	173	1.9543
107	174	0.747003
107	175	0.711515
107	178	0.718279
107	179	0.712255
107	180	0.741517
108	28	0.750124
108	62	0.75715
108	67	0.74753
108	69	0.751201
108	71	0.751721
108	76	0.741659
108	84	0.738444
108	106	0.74508
108	109	2.57692
108	115	0.754931
108	117	1.89189
108	123	0.730789
108	126	0.755618
108	144	0.748297
108	147	0.762505
108	148	0.736835
108	149	0.751347
108	155	0.727337
108	158	0.762261
108	160	2.58051
108	164	0.750939
108	166	0.757383
108	167	2.2705
108	173	0.738281
108	174	2.52436
108	177	0.641499
109	59	0.754562
109	68	0.719805
109	73	0.719002
109	78	0.706445
109	91	2.64377
109	93	0.664327
109	105	0.725886
109	108	2.57692
109	117	0.72719
109	122	0.706864
109	123	2.20751
109	136	0.729746
109	137	0.721263
109	141	0.670283
109	148	2.38472
109	153	0.701537
109	156	0.714027
109	162	0.726655
109	163	0.704229
109	168	0.717784
109	170	0.697985
109	174	0.710185
109	175	0.674697
109	176	0.7289
109	179	0.675438
109	180	0.704699
110	57	0.718752
110	76	1.8333
110	96	0.766876
110	107	0.778694
110	121	1.3814
110	124	0.782797
110	125	0.769555
110	130	0.797374
110	131	1.63764
110	142	0.736652
110	151	0.792024
110	153	1.942
110	154	0.775507
110	159	0.797351
110	161	0.79293
110	162	1.35102
110	165	0.765571
110	167	0.790789
110	169	0.783513
110	171	0.780583
110	173	1.23901
110	174	0.776199
110	175	0.740711
110	176	0.794914
110	178	0.747475
110	179	0.741452
110	180	0.770713
111	89	1.63106
111	91	2.58267
111	103	0.726897
111	115	1.81637
111	118	0.745104
111	130	0.769837
111	132	0.790377
111	140	0.736294
111	142	0.709114
111	144	1.61118
111	145	0.724192
111	149	1.87857
111	154	0.74797
111	155	0.737208
111	157	0.724447
111	159	0.769813
111	161	0.765393
111	165	0.738033
111	169	0.755975
111	171	0.753046
111	174	0.748661
111	175	0.713174
111	176	0.767376
111	178	0.719937
111	179	0.713914
111	180	0.743175
112	49	0.767727
112	73	0.782214
112	74	0.783673
112	78	0.769657
112	89	0.800675
112	100	1.60309
112	116	0.779822
112	119	0.770695
112	121	0.794765
112	127	0.788534
112	131	0.778566
112	133	0.772411
112	135	0.771683
112	139	0.77769
112	141	0.733495
112	146	2.37845
112	153	0.764749
112	156	0.777239
112	159	1.67276
112	161	2.00766
112	162	0.789868
112	163	0.767441
112	168	0.780996
112	173	0.772888
112	174	2.08667
112	177	0.676106
112	178	2.50383
113	22	2.03636
113	83	0.71617
113	101	2.14609
113	115	1.83898
113	117	0.766006
113	125	0.742358
113	129	0.719137
113	138	0.761646
113	140	0.736634
113	145	0.724532
113	146	0.71481
113	151	0.764827
113	157	0.724788
113	159	0.770154
113	161	0.765733
113	164	2.02355
113	165	0.738373
113	169	0.756316
113	172	0.73895
113	173	1.89806
113	174	0.749002
113	175	0.713514
113	176	0.767716
113	177	0.65171
113	178	0.720277
113	179	0.714254
113	180	0.743516
114	35	0.747689
114	65	0.756409
114	66	0.717457
114	67	1.6973
114	71	2.3712
114	102	2.28147
114	116	1.81682
114	125	0.733376
114	129	0.710155
114	130	0.761195
114	132	0.781735
114	137	2.02614
114	138	0.752664
114	140	0.727652
114	142	0.700472
114	160	0.724655
114	161	0.756751
114	165	0.729391
114	167	0.75461
114	169	0.747334
114	171	0.744404
114	174	0.74002
114	175	0.704532
114	176	0.758734
114	178	0.711295
114	179	0.705272
114	180	0.734534
115	28	0.771983
115	55	0.795257
115	67	0.769388
115	71	0.773579
115	82	0.752227
115	84	0.760303
115	85	0.79754
115	86	0.757667
115	97	2.78181
115	106	0.766938
115	108	0.754931
115	111	1.81637
115	113	1.83898
115	123	0.752647
115	126	0.777476
115	141	2.31582
115	144	0.770155
115	147	0.784363
115	148	0.758693
115	149	0.773206
115	155	0.749195
115	158	0.78412
115	166	0.779241
115	167	1.57105
115	170	0.748449
115	173	0.760139
115	176	1.76016
115	177	0.663358
116	9	0.712002
116	38	0.75008
116	41	0.7454
116	49	0.745262
116	65	1.77861
116	80	0.751363
116	89	0.77821
116	98	0.761504
116	101	0.75879
116	112	0.779822
116	114	1.81682
116	118	0.747376
116	119	0.748231
116	121	0.772301
116	127	0.76607
116	128	0.773033
116	133	0.749947
116	135	0.749219
116	142	3.16532
116	153	0.742285
116	155	0.739479
116	156	0.754775
116	162	0.767403
116	163	0.744977
116	167	1.73209
116	168	0.758532
116	173	0.750423
116	175	2.80236
116	176	1.9212
116	177	0.653642
117	40	0.769293
117	61	2.60949
117	71	1.90787
117	83	0.728682
117	107	0.764008
117	108	1.89189
117	109	0.72719
117	113	0.766006
117	125	0.754869
117	126	1.56982
117	128	1.71781
117	129	0.731649
117	138	0.774157
117	151	0.777339
117	154	0.760821
117	156	1.43619
117	157	0.737299
117	160	0.746148
117	161	0.778245
117	165	0.750885
117	169	0.768827
117	171	0.765897
117	172	0.751461
117	174	0.761513
117	175	0.726025
117	176	0.780228
117	177	0.664222
117	178	0.732789
117	179	0.726766
117	180	0.756027
118	6	2.63023
118	39	0.480574
118	51	1.98374
118	52	2.59021
118	55	0.775559
118	60	2.19226
118	78	0.737211
118	84	0.740605
118	111	0.745104
118	116	0.747376
118	121	0.762319
118	137	2.22789
118	138	0.753596
118	139	0.745244
118	140	0.728584
118	144	0.750457
118	147	0.764666
118	148	0.738996
118	149	0.753508
118	156	0.744793
118	162	0.757422
118	163	0.734995
118	164	0.753099
118	166	0.759543
118	168	0.74855
118	174	0.740951
118	175	0.705463
118	176	0.759666
118	178	0.712227
118	179	0.706204
118	180	0.735465
119	2	0.806623
119	3	0.715576
119	9	0.702875
119	17	1.47755
119	24	0.767854
119	41	0.736274
119	49	0.736136
119	73	0.750623
119	74	0.752081
119	78	0.738066
119	101	0.749663
119	112	0.770695
119	116	0.748231
119	121	0.763174
119	124	2.55057
119	127	0.756943
119	128	0.763906
119	131	0.746975
119	133	0.74082
119	139	0.746099
119	152	2.19148
119	153	0.733158
119	156	0.745648
119	157	2.57327
119	162	0.758276
119	163	0.73585
119	168	0.749405
119	170	2.37375
119	173	0.741296
119	177	0.644515
119	178	2.71188
120	18	1.54362
120	22	0.803758
120	23	0.720331
120	30	0.787185
120	44	0.765918
120	48	0.760599
120	51	0.809556
120	76	0.768397
120	79	0.805688
120	91	0.761005
120	94	0.752002
120	104	0.775007
120	122	0.762207
120	125	1.86221
120	126	0.782356
120	132	1.4723
120	136	0.78509
120	137	0.776607
120	144	0.775035
120	147	0.789243
120	148	0.763573
120	152	0.762055
120	154	2.04583
120	158	0.789
120	161	2.00103
120	164	0.777677
120	166	0.784121
120	167	0.780118
120	173	0.765019
120	175	2.89645
120	180	2.32241
121	3	0.739646
121	38	0.765023
121	45	0.81791
121	74	0.776152
121	80	0.766306
121	89	0.793154
121	99	2.34336
121	101	0.773733
121	110	1.3814
121	112	0.794765
121	116	0.772301
121	118	0.762319
121	119	0.763174
121	127	0.781013
121	128	0.787976
121	131	0.771045
121	133	0.76489
121	135	0.764162
121	139	0.770169
121	143	0.760488
121	146	2.31816
121	151	2.09478
121	153	0.757228
121	156	0.769718
121	160	2.08253
121	162	0.782347
121	163	0.75992
121	168	0.773475
121	169	2.08585
121	171	1.93675
121	173	0.765366
121	177	0.668585
122	6	0.710845
122	10	0.785003
122	27	0.652052
122	32	0.693541
122	34	0.750147
122	35	1.87761
122	39	0.746794
122	42	0.743013
122	43	0.738375
122	46	0.735539
122	47	0.729542
122	48	0.736258
122	51	0.785215
122	68	0.750807
122	79	0.781346
122	81	0.788762
122	87	0.736261
122	95	0.682906
122	102	0.714676
122	105	0.756888
122	109	0.706864
122	120	0.762207
122	136	0.760748
122	137	0.752265
122	146	0.706995
122	152	0.737713
122	161	2.31365
122	167	0.755777
122	169	2.45213
122	172	2.50093
122	176	2.32791
122	178	2.80982
123	7	0.701839
123	33	0.757445
123	50	0.722469
123	55	0.771114
123	58	0.722666
123	67	0.745246
123	69	0.748917
123	71	0.749436
123	76	0.739375
123	84	0.73616
123	85	0.773397
123	106	0.742796
123	108	0.730789
123	109	2.20751
123	115	0.752647
123	126	0.753334
123	143	2.23566
123	144	0.746012
123	146	0.702315
123	147	0.760221
123	148	0.734551
123	149	0.749063
123	152	0.733033
123	155	0.725053
123	158	0.759977
123	164	0.748654
123	165	2.03523
123	166	0.755098
123	172	2.26321
123	175	2.97135
123	177	0.639215
123	178	2.5721
124	5	0.719941
124	50	1.63224
124	53	0.743721
124	58	2.54648
124	85	2.03529
124	88	0.74602
124	89	1.89545
124	110	0.782797
124	119	2.55057
124	127	1.83495
124	129	0.721242
124	138	0.763751
124	140	0.738739
124	141	0.711204
124	142	0.711559
124	145	0.726637
124	151	0.766932
124	154	0.750415
124	157	0.726892
124	159	0.772258
124	160	0.735741
124	161	0.767838
124	165	0.740478
124	169	0.758421
124	172	0.741055
124	174	0.751106
124	175	0.715619
124	176	0.769821
124	177	0.653815
124	178	0.722382
124	179	0.716359
124	180	0.74562
125	9	2.62695
125	40	0.745645
125	44	2.50111
125	45	1.7509
125	99	0.722146
125	106	2.03379
125	110	0.769555
125	113	0.742358
125	114	0.733376
125	117	0.754869
125	120	1.86221
125	129	0.708
125	130	0.75904
125	132	0.77958
125	133	2.14014
125	140	0.725497
125	141	0.697962
125	142	0.698317
125	145	0.713395
125	150	0.718575
125	152	0.734391
125	159	0.759017
125	161	0.754596
125	165	0.727236
125	169	0.745179
125	171	0.742249
125	172	0.727813
125	174	0.737865
125	175	0.702377
125	176	0.756579
125	178	0.70914
125	179	0.703117
125	180	0.732379
126	7	0.726668
126	62	0.779695
126	64	0.774357
126	69	0.773746
126	71	0.774265
126	76	0.764204
126	82	0.752914
126	85	0.798227
126	106	0.767625
126	108	0.755618
126	115	0.777476
126	117	1.56982
126	120	0.782356
126	123	0.753334
126	132	1.59454
126	144	0.770841
126	146	0.727144
126	147	0.78505
126	148	0.75938
126	149	0.773892
126	150	0.742046
126	155	0.749882
126	158	0.784806
126	160	2.25844
126	161	2.12328
126	164	0.773484
126	166	0.779928
126	167	1.94843
126	170	0.749136
126	173	0.760826
126	175	3.0187
126	177	0.664044
126	180	2.44465
127	3	0.733415
127	4	0.734529
127	5	0.728479
127	9	0.720713
127	38	0.758792
127	41	0.754112
127	45	0.811678
127	49	0.753974
127	73	0.768462
127	74	0.76992
127	89	0.786922
127	99	1.89609
127	112	0.788534
127	116	0.76607
127	119	0.756943
127	121	0.781013
127	124	1.83495
127	128	0.781745
127	131	0.764813
127	135	0.757931
127	139	0.763937
127	142	2.75847
127	153	0.750997
127	155	0.748191
127	156	0.763487
127	162	0.776115
127	163	0.753689
127	168	0.767244
127	169	1.63857
127	173	0.759135
127	174	1.5791
127	175	2.39551
127	179	2.60148
128	9	0.727676
128	12	0.806226
128	27	0.677473
128	38	0.765755
128	40	1.86838
128	41	0.761075
128	45	0.818641
128	49	0.760937
128	61	0.736509
128	78	0.762868
128	80	0.767038
128	116	0.773033
128	117	1.71781
128	119	0.763906
128	121	0.787976
128	127	0.781745
128	131	0.771776
128	133	0.765622
128	134	1.97599
128	135	0.764894
128	138	2.14727
128	139	0.7709
128	151	2.41868
128	153	0.75796
128	155	0.755154
128	156	0.77045
128	162	0.783078
128	163	0.760652
128	168	0.774207
128	171	2.26065
128	173	0.766098
128	176	2.28553
128	177	0.669317
129	1	2.81223
129	17	0.756899
129	54	0.653956
129	113	0.719137
129	114	0.710155
129	117	0.731649
129	124	0.721242
129	125	0.708
129	138	0.727288
129	140	0.702276
129	142	0.675097
129	145	0.690174
129	146	0.680452
129	151	0.730469
129	154	0.713952
129	156	2.40469
129	157	0.69043
129	159	0.735796
129	160	0.699279
129	164	2.34552
129	165	0.704016
129	166	2.27847
129	169	0.721958
129	170	0.702444
129	171	0.719028
129	172	0.704592
129	173	2.22003
129	174	0.714644
129	175	0.679156
129	176	0.733358
129	178	0.685919
129	179	0.679896
129	180	0.709158
130	16	0.687455
130	29	0.790318
130	53	0.758298
130	65	0.782073
130	72	0.697058
130	79	0.90505
130	81	1.60111
130	100	0.79167
130	110	0.797374
130	111	0.769837
130	114	0.761195
130	125	0.75904
130	133	2.2563
130	135	1.89807
