1	62	2.31983
1	78	0.774561
1	128	0.894991
1	129	0.88967
1	133	0.892553
1	139	0.885844
1	157	0.887938
1	161	0.872152
1	172	0.867212
1	178	0.875537
1	179	0.875301
1	180	0.884241
2	69	0.665497
2	113	0.893032
2	145	0.806521
2	146	1.05908
2	156	1.0706
2	158	1.05915
2	161	1.0631
2	167	1.06569
2	171	1.05701
2	175	1.08022
2	176	1.06995
2	180	1.07519
3	8	1.08049
3	40	1.06576
3	49	0.818008
3	53	0.539672
3	118	1.08945
3	162	1.04828
3	164	1.074
3	165	1.05748
3	170	1.07679
3	173	1.05826
3	178	1.0651
3	179	1.06487
4	61	0.69875
4	101	1.07993
4	124	0.969228
4	130	1.08473
4	136	1.09974
4	149	1.02817
4	155	0.743338
4	162	1.04507
4	170	1.07359
4	174	1.07636
4	177	1.05051
4	178	1.0619
5	27	1.23834
5	40	1.0677
5	85	1.05794
5	91	1.05218
5	96	1.03841
5	103	1.08727
5	108	0.691513
5	120	1.06023
5	133	1.08406
5	134	1.07485
5	137	0.483885
5	139	1.07735
6	49	0.955968
6	65	1.02907
6	107	0.741692
6	138	1.06003
6	150	0.737304
6	165	1.06815
6	166	1.05617
6	170	1.08747
6	173	1.06894
6	174	1.09024
6	177	1.06438
6	179	1.07554
7	12	0.927046
7	94	0.947403
7	102	1.09293
7	113	0.965417
7	127	0.974046
7	147	0.960218
7	161	1.32568
7	162	0.94785
7	170	0.976367
7	173	0.957835
7	174	0.979141
7	178	0.964676
8	3	1.08049
8	86	0.975057
8	98	1.30618
8	124	0.93131
8	151	0.95459
8	155	0.979969
8	157	0.972679
8	160	0.948615
8	161	0.956893
8	169	0.961099
8	171	0.950805
8	180	0.968982
9	13	1.01738
9	38	1.08307
9	40	0.579191
9	50	1.06862
9	57	1.04815
9	62	1.13592
9	63	1.03656
9	79	0.644918
9	83	1.10117
9	97	1.04643
9	110	1.06269
9	143	1.37692
10	51	0.954048
10	54	1.18081
10	95	0.994592
10	96	0.919661
10	103	0.968525
10	104	0.979235
10	120	0.941485
10	126	1.23129
10	129	0.962431
10	133	0.965314
10	134	0.956105
10	139	0.958604
11	114	1.28395
11	128	0.974384
11	136	0.992771
11	137	0.947791
11	140	0.979478
11	147	0.950472
11	166	0.935324
11	169	1.13628
11	170	0.96662
11	177	0.943536
11	178	0.95493
11	179	0.954694
12	7	0.927046
12	81	0.926388
12	102	1.16664
12	145	0.966754
12	147	0.960505
12	159	0.959678
12	164	0.973858
12	169	1.25221
12	170	0.976654
12	174	0.979428
12	178	0.964963
12	179	0.964727
13	9	1.01738
13	41	0.975252
13	44	0.756495
13	48	0.956215
13	50	0.947843
13	63	0.915786
13	66	0.998954
13	83	0.980392
13	90	0.940618
13	97	0.925652
13	110	0.941907
13	143	1.75329
14	37	0.927864
14	101	1.10287
14	107	0.809702
14	145	1.08663
14	151	0.8978
14	157	0.73181
14	166	1.06523
14	170	1.09653
14	173	1.078
14	177	1.07344
14	178	1.08484
14	179	1.0846
15	61	0.870936
15	72	0.689773
15	75	0.914803
15	97	2.39645
15	134	0.891323
15	139	0.893823
15	153	0.877532
15	157	0.895917
15	164	0.892411
15	174	0.897981
15	179	0.88328
15	180	0.892221
16	19	0.916378
16	40	1.53463
16	48	0.973799
16	50	0.965427
16	59	0.935582
16	63	0.93337
16	66	1.01654
16	83	0.997976
16	90	0.958202
16	97	0.943236
16	110	0.959491
16	112	0.954204
17	37	0.816755
17	140	0.998277
17	147	0.96927
17	159	0.968443
17	164	0.982623
17	173	0.966887
17	174	0.988192
17	175	1.19731
17	176	1.21873
17	177	0.962334
17	178	0.973728
17	179	0.973492
18	77	0.98689
18	121	0.971566
18	147	0.954703
18	149	0.925428
18	157	1.25138
18	159	0.953876
18	164	0.968056
18	174	0.973626
18	176	1.16825
18	177	0.947768
18	178	0.959161
18	179	0.958925
19	16	0.916378
19	38	0.964489
19	41	0.977446
19	48	0.958409
19	50	0.950038
19	62	1.01733
19	66	1.00115
19	78	1.78623
19	90	0.942813
19	97	0.927846
19	110	0.944101
19	132	0.802591
20	84	1.06084
20	105	1.05376
20	141	1.0235
20	149	1.0133
20	154	0.826723
20	156	0.926591
20	161	0.876349
20	162	1.03021
20	166	1.02743
20	174	1.0615
20	177	1.03564
20	178	1.04703
20	179	1.0468
21	53	1.32309
21	93	1.06787
21	128	0.951649
21	137	0.925057
21	138	0.916447
21	145	0.933986
21	147	0.927737
21	161	1.29774
21	164	0.94109
21	173	0.925354
21	174	0.94666
21	178	0.932195
21	179	0.931959
22	100	1.01105
22	113	0.807364
22	120	1.02335
22	155	1.06004
22	163	1.02364
22	167	1.03956
22	168	1.04668
22	169	1.04117
22	171	1.03088
22	175	1.05409
22	176	1.04382
22	177	0.741397
22	180	1.04906
23	65	0.982418
23	94	0.894877
23	115	1.03201
23	117	1.06663
23	155	1.05497
23	158	1.02795
23	160	1.02362
23	164	0.698474
23	169	1.0361
23	172	1.02696
23	175	1.04902
23	176	1.03875
23	180	1.04399
24	26	0.955505
24	58	1.09342
24	88	0.909566
24	91	1.01741
24	95	1.07856
24	96	1.00363
24	103	1.0525
24	104	1.06321
24	129	1.0464
24	133	1.04929
24	134	1.04008
24	173	0.797918
24	175	0.899281
25	61	1.0287
25	118	0.850919
25	140	0.787766
25	146	1.03388
25	163	1.02456
25	167	1.04048
25	168	1.0476
25	169	1.0421
25	172	1.03295
25	175	1.05501
25	176	1.04474
25	177	0.93216
25	180	1.04998
26	24	0.955505
26	58	0.986981
26	91	0.910968
26	95	0.972123
26	103	0.946057
26	104	0.956766
26	120	0.919017
26	126	1.2313
26	129	0.939963
26	133	0.942846
26	134	0.933637
26	139	0.936136
26	178	1.36624
27	5	1.23834
27	29	1.29372
27	50	0.0338687
27	114	1.04327
27	122	1.00768
27	150	1.04281
27	152	1.02783
27	154	1.06063
27	168	1.04533
27	171	1.02953
27	175	1.05274
27	176	1.04247
27	180	1.04771
28	112	0.943648
28	116	1.22049
28	135	0.965381
28	146	0.933091
28	153	0.934506
28	154	0.962121
28	156	0.944608
28	161	0.937104
28	170	1.35956
28	172	0.932164
28	175	0.954229
28	176	0.943954
28	180	0.949194
29	27	1.29372
29	85	1.03082
29	91	1.02506
29	96	1.01129
29	104	1.07086
29	108	0.746891
29	119	0.575741
29	120	1.03311
29	129	1.05406
29	133	1.05694
29	134	1.04773
29	139	1.05023
29	143	1.01991
30	92	1.01701
30	134	0.848571
30	141	1.00276
30	149	0.992555
30	159	1.021
30	161	1.00165
30	162	1.00946
30	166	1.00668
30	168	0.961848
30	170	1.03798
30	173	1.01945
30	174	1.04075
30	178	1.02629
30	179	1.02605
31	58	0.665625
31	59	1.09216
31	90	1.11478
31	95	0.659755
31	110	1.11607
31	129	0.69713
31	130	1.14659
31	139	0.753078
31	144	1.12273
31	160	1.11209
31	165	1.11613
31	168	1.13008
31	173	1.11692
31	180	1.13246
32	114	0.942894
32	118	1.04169
32	123	1.032
32	144	0.964317
32	145	1.01913
32	158	0.919095
32	162	1.00051
32	164	1.02624
32	166	0.997735
32	173	1.0105
32	174	1.03181
32	177	1.00595
32	178	1.01734
32	179	1.0171
33	50	2.68279
33	74	0.83585
33	109	0.833039
33	117	0.891115
33	120	0.852954
33	133	0.876783
33	134	0.867574
33	139	0.870074
33	140	0.884315
33	143	0.839753
33	157	0.872167
33	177	0.848373
33	179	0.859531
33	180	0.868471
34	84	0.953594
34	92	0.930515
34	128	0.959245
34	138	0.924043
34	141	0.91626
34	149	0.906057
34	154	1.38085
34	162	0.922965
34	165	0.932166
34	171	1.44171
34	173	0.932949
34	174	0.954255
34	177	0.928397
34	179	0.939554
35	98	1.05472
35	111	1.00866
35	116	1.05105
35	137	1.00498
35	140	1.03666
35	141	0.988584
35	159	1.00683
35	160	1.04769
35	170	1.0238
35	176	0.863229
35	177	1.00072
35	178	1.01211
35	179	1.01188
35	180	0.917666
36	54	0.622849
36	64	1.24936
36	92	1.00964
36	94	1.00164
36	117	0.952622
36	121	1.03132
36	130	1.04175
36	162	1.00209
36	165	1.01129
36	170	1.03061
36	173	1.01208
36	174	1.03338
36	177	1.00752
36	179	1.01868
37	14	0.927864
37	17	0.816755
37	51	0.851371
37	98	0.888224
37	110	2.73058
37	129	0.859755
37	133	0.862638
37	136	0.883462
37	139	0.855928
37	142	0.860239
37	167	0.84483
37	170	0.857312
37	172	0.837296
37	180	0.854326
38	9	1.08307
38	19	0.964489
38	48	1.02191
38	50	1.01354
38	59	0.983693
38	63	0.98148
38	66	1.06465
38	76	0.443535
38	78	1.81377
38	83	1.04609
38	90	1.00631
38	110	1.0076
38	126	1.02716
38	132	0.830122
39	58	0.913201
39	68	1.06215
39	122	0.987042
39	132	0.991526
39	137	1.01349
39	158	1.01103
39	161	1.01497
39	167	1.01757
39	168	1.02469
39	172	1.01003
39	175	1.0321
39	176	1.02182
39	178	0.85228
39	180	1.02706
40	3	1.06576
40	5	1.0677
40	9	0.579191
40	16	1.53463
40	63	0.599221
40	133	1.02027
40	134	1.01106
40	139	1.01356
40	163	0.986541
40	173	0.996413
40	175	1.01699
40	176	1.00672
40	179	1.00302
40	180	1.01196
41	13	0.975252
41	19	0.977446
41	48	1.03487
41	59	0.99665
41	66	1.07761
41	67	0.994878
41	83	1.05904
41	90	1.01927
41	97	1.0043
41	110	1.02056
41	126	1.04012
41	132	1.74228
41	143	1.17605
41	151	0.0578761
42	99	0.858058
42	130	1.04195
42	141	0.995596
42	147	1.01467
42	150	1.01938
42	152	0.95448
42	159	1.01384
42	165	1.0115
42	170	1.03082
42	173	1.01228
42	174	1.03359
42	177	1.00773
42	178	1.01913
42	179	1.01889
43	69	1.06268
43	128	1.03793
43	141	0.994944
43	147	1.01402
43	157	0.947754
43	159	1.01319
43	161	0.936238
43	162	1.00165
43	166	0.998868
43	171	0.947467
43	174	1.03294
43	177	1.00708
43	178	1.01847
43	179	1.01824
44	13	0.756495
44	75	1.02581
44	83	1.16833
44	90	1.03228
44	120	0.987711
44	129	1.00866
44	136	1.03236
44	139	1.00483
44	165	0.986899
44	166	0.974918
44	172	0.986199
44	175	1.00826
44	176	0.997989
44	177	0.98313
44	180	1.00323
45	52	0.996506
45	81	0.957659
45	98	1.03884
45	127	1.0056
45	130	1.01906
45	131	1.01396
45	143	0.97622
45	145	0.998026
45	152	1.0411
45	164	1.00513
45	168	0.981175
45	170	1.00792
45	177	0.984841
45	178	0.996234
45	180	1.0038
46	74	1.15624
46	109	0.975469
46	112	1.00536
46	136	0.830388
46	138	0.984508
46	142	1.01681
46	144	1.00117
46	151	0.99651
46	152	0.991028
46	161	0.998812
46	167	1.00141
46	171	0.992724
46	172	0.993872
46	175	1.01594
46	180	1.0109
47	74	0.977867
47	98	1.04439
47	109	1.18808
47	112	0.908338
47	131	1.0195
47	147	0.997325
47	154	0.94118
47	159	0.996498
47	162	0.984957
47	165	0.994159
47	166	0.982178
47	173	0.994942
47	174	1.01625
47	177	0.990389
47	179	1.00155
48	13	0.956215
48	16	0.973799
48	19	0.958409
48	38	1.02191
48	41	1.03487
48	55	2.65122
48	59	0.977613
48	62	1.07475
48	63	0.975401
48	83	1.04001
48	90	1.00023
48	97	0.985267
48	110	1.00152
48	154	0.134138
48	160	0.296617
49	3	0.818008
49	6	0.955968
49	114	1.00577
49	124	0.972538
49	125	1.01699
49	140	1.21616
49	150	1.00531
49	152	0.990336
49	156	1.00562
49	167	1.00071
49	169	1.00233
49	171	0.992032
49	172	0.99318
49	176	1.00497
49	180	1.01021
50	9	1.06862
50	13	0.947843
50	16	0.965427
50	19	0.950038
50	27	0.0338687
50	33	2.68279
50	38	1.01354
50	59	0.969241
50	62	1.06638
50	63	0.967029
50	66	1.0502
50	76	0.475714
50	83	1.03164
50	97	0.976895
50	110	0.99315
51	10	0.954048
51	37	0.851371
51	67	1.0343
51	75	1.03963
51	85	0.999241
51	95	1.05464
51	103	1.02857
51	108	1.08024
51	120	1.00153
51	129	1.02248
51	133	1.02536
51	134	1.01615
51	139	1.01865
51	143	0.98833
51	168	0.906224
52	45	0.996506
52	56	1.03782
52	137	0.995727
52	138	0.987118
52	140	1.02741
52	145	1.00466
52	148	1.05027
52	149	0.969132
52	162	0.98604
52	170	1.01456
52	172	0.938165
52	173	0.996025
52	174	1.01733
52	178	1.00287
52	179	1.00263
53	3	0.539672
53	21	1.32309
53	109	0.972748
53	115	0.9962
53	149	1.12762
53	150	1.00328
53	151	0.993788
53	153	0.993492
53	154	1.02111
53	156	1.00359
53	169	1.0003
53	172	0.991151
53	175	1.01322
53	176	1.00294
53	180	1.00818
54	10	1.18081
54	36	0.622849
54	92	0.759198
54	95	0.622107
54	135	1.09314
54	148	1.04162
54	151	1.06256
54	152	1.05708
54	153	1.06226
54	156	1.07236
54	168	1.07457
54	169	1.06907
54	171	1.05877
54	172	1.05992
54	176	1.07171
54	180	1.07695
55	48	2.65122
55	62	0.468607
55	72	0.721039
55	93	1.05045
55	103	0.935009
55	113	0.915522
55	118	0.939128
55	120	0.90797
55	134	0.922589
55	139	0.925089
55	152	0.903613
55	167	0.913991
55	168	0.921108
55	172	0.906457
55	179	0.914546
55	180	0.923486
56	52	1.03782
56	101	0.897371
56	119	1.00915
56	122	0.953804
56	144	0.984093
56	153	0.979138
56	156	0.989241
56	160	0.973459
56	166	1.24725
56	168	0.991448
56	169	0.985943
56	171	0.975649
56	172	0.976797
56	175	0.998861
56	176	0.988587
56	180	0.993826
57	9	1.04815
57	85	0.971268
57	90	0.971392
57	97	0.956426
57	104	1.01131
57	110	0.972681
57	120	0.973559
57	127	1.09068
57	134	0.988178
57	145	1.06601
57	153	0.974387
57	158	0.97304
57	164	1.0226
57	168	0.986697
57	176	0.983836
57	180	0.989075
58	24	1.09342
58	26	0.986981
58	31	0.665625
58	39	0.913201
58	85	1.05464
58	95	1.11004
58	96	1.03511
58	103	1.08397
58	104	1.09468
58	126	0.678464
58	129	1.07788
58	132	1.03691
58	133	1.08076
58	134	1.07155
58	139	1.07405
58	175	0.954993
59	16	0.935582
59	31	1.09216
59	38	0.983693
59	41	0.99665
59	48	0.977613
59	50	0.969241
59	62	1.03654
59	63	0.937184
59	79	1.43631
59	83	1.00179
59	97	0.94705
59	108	0.976332
59	110	0.963305
59	126	0.982867
59	150	0.957652
59	171	0.883862
60	71	1.17322
60	98	1.01781
60	118	0.99955
60	128	0.994658
60	131	0.992926
60	136	1.01305
60	141	0.951674
60	145	0.976996
60	164	0.984099
60	167	1.0159
60	170	0.986895
60	173	0.968363
60	177	0.963811
60	178	0.975205
60	179	0.974968
60	180	1.03794
61	4	0.69875
61	15	0.870936
61	25	1.0287
61	70	1.65379
61	89	0.991332
61	130	0.869579
61	151	0.984327
61	154	1.01165
61	157	1.00241
61	163	0.973302
61	167	0.989223
61	168	0.99634
61	169	0.990835
61	171	0.980541
61	172	0.981689
61	180	0.998719
62	1	2.31983
62	9	1.13592
62	19	1.01733
62	48	1.07475
62	50	1.06638
62	55	0.468607
62	59	1.03654
62	63	1.03432
62	66	1.11749
62	90	1.05916
62	97	1.04419
62	108	1.07347
62	110	1.06044
62	126	1.08001
62	132	0.48303
62	143	0.0872623
63	9	1.03656
63	13	0.915786
63	16	0.93337
63	38	0.98148
63	40	0.599221
63	48	0.975401
63	50	0.967029
63	59	0.937184
63	62	1.03432
63	66	1.01814
63	67	0.935411
63	76	1.57658
63	83	0.999578
63	90	0.959804
63	97	0.944838
63	110	0.961092
63	143	1.39695
64	36	1.24936
64	89	0.974868
64	112	0.976709
64	116	0.940663
64	148	0.946931
64	150	0.977357
64	156	0.977669
64	157	0.985951
64	160	0.961888
64	161	0.970165
64	163	0.956838
64	167	0.972759
64	169	0.974371
64	172	0.965225
64	176	0.977015
64	178	1.19356
64	180	0.982255
65	6	1.02907
65	23	0.982418
65	87	0.972809
65	93	1.09155
65	96	1.24634
65	131	0.973602
65	145	0.957672
65	159	0.950595
65	164	0.964775
65	165	0.948256
65	166	0.936275
65	173	0.94904
65	174	0.970345
65	175	1.18383
65	177	0.944487
65	178	0.955881
65	179	0.955644
66	13	0.998954
66	16	1.01654
66	19	1.00115
66	38	1.06465
66	41	1.07761
66	50	1.0502
66	62	1.11749
66	63	1.01814
66	76	1.10417
66	79	0.19253
66	83	1.08275
66	90	1.04297
66	97	1.02801
66	108	1.05729
66	110	1.04426
66	132	1.49075
66	143	0.924528
67	41	0.994878
67	51	1.0343
67	63	0.935411
67	83	1.00002
67	95	1.13043
67	97	0.945278
67	110	0.961533
67	136	1.00706
67	139	1.22375
67	143	0.949209
67	148	0.942603
67	155	0.988914
67	174	0.983687
67	175	0.982962
67	176	0.972688
67	177	0.957829
67	180	0.977927
68	39	1.06215
68	109	1.01966
68	113	0.913669
68	127	0.851827
68	135	1.07128
68	146	1.03899
68	151	1.0407
68	153	1.0404
68	157	1.05879
68	160	1.03472
68	161	1.043
68	166	0.859692
68	167	1.04559
68	168	1.05271
68	171	1.03691
68	174	0.742016
68	180	1.05509
69	2	0.665497
69	43	1.06268
69	94	1.02953
69	114	0.895799
69	118	1.07115
69	137	1.03966
69	138	1.03105
69	151	1.07281
69	162	1.02997
69	164	1.05569
69	166	1.02719
69	170	1.05849
69	173	1.03996
69	174	1.06126
69	175	0.802274
69	178	1.0468
69	179	1.04656
70	61	1.65379
70	89	1.55815
70	110	0.11854
70	116	1.00093
70	128	0.981442
70	130	0.984817
70	136	0.999829
70	137	0.95485
70	140	0.986537
70	159	0.956703
70	164	0.970883
70	165	0.954364
70	166	0.942383
70	170	0.973679
70	173	0.955147
70	174	0.976453
70	178	0.961988
71	60	1.17322
71	86	0.988527
71	122	0.94243
71	124	0.944781
71	125	0.989233
71	146	0.96635
71	158	0.966417
71	159	1.09957
71	160	0.962086
71	164	1.11101
71	167	0.972957
71	168	0.980074
71	169	0.974569
71	172	0.965423
71	175	0.987487
71	176	0.977213
71	180	0.982453
72	15	0.689773
72	55	0.721039
72	104	0.839788
72	106	0.830456
72	109	0.782123
72	114	0.813114
72	120	0.802039
72	129	0.822985
72	132	0.782017
72	133	0.825868
72	138	0.793103
72	139	0.819158
72	164	0.817746
72	170	0.820542
72	171	0.799378
72	174	0.823316
72	180	0.817556
73	101	1.05162
73	117	0.987349
73	146	0.948602
73	151	0.950313
73	154	0.977632
73	155	0.975691
73	158	0.948669
73	159	1.3141
73	160	0.944338
73	161	0.952615
73	167	0.955209
73	168	0.962326
73	169	0.956821
73	170	1.20592
73	171	0.946527
73	175	0.969739
73	176	0.959465
73	180	0.964705
74	33	0.83585
74	46	1.15624
74	47	0.977867
74	78	0.877701
74	116	1.01762
74	119	1.23192
74	130	1.00151
74	132	0.951843
74	145	0.980469
74	147	0.974219
74	159	0.973392
74	162	0.961851
74	165	0.971053
74	166	0.959072
74	167	1.22964
74	173	0.971836
74	177	0.967284
74	179	0.978441
75	15	0.914803
75	44	1.02581
75	51	1.03963
75	85	1.02478
75	91	1.01902
75	95	1.08017
75	96	1.00524
75	104	1.06482
75	120	1.02707
75	128	0.748458
75	129	1.04801
75	133	1.0509
75	134	1.04169
75	139	1.04419
75	143	1.01387
75	156	0.978068
75	160	1.04068
75	176	0.856213
76	38	0.443535
76	50	0.475714
76	63	1.57658
76	66	1.10417
76	101	1.04456
76	120	1.01971
76	129	1.04065
76	133	1.04354
76	134	1.03433
76	138	1.01077
76	139	1.03683
76	149	0.992787
76	154	1.04815
76	157	1.03892
76	163	1.00981
76	172	1.0182
76	178	1.02652
76	180	1.03523
77	18	0.98689
77	108	1.03566
77	111	1.02687
77	114	0.89259
77	121	1.04273
77	123	1.04498
77	127	1.03969
77	137	1.02318
77	140	1.05487
77	150	0.977116
77	164	1.03922
77	165	1.0227
77	166	1.01072
77	172	0.970823
77	173	1.02348
77	175	0.799065
77	177	1.01893
77	179	1.03009
78	1	0.774561
78	19	1.78623
78	38	1.81377
78	74	0.877701
78	104	0.932555
78	120	0.894806
78	130	0.924446
78	133	0.918635
78	134	0.909425
78	136	0.939459
78	139	0.911925
78	144	0.900589
78	172	0.893293
78	175	0.915357
78	176	0.905083
78	177	0.890224
78	178	0.901618
78	180	0.910323
79	9	0.644918
79	59	1.43631
79	66	0.19253
79	90	1.29708
79	91	1.0136
79	96	0.999827
79	111	1.02501
79	133	1.04548
79	134	1.03627
79	139	1.03877
79	158	1.02113
79	172	1.02014
79	174	1.04293
79	175	1.0422
79	176	1.03193
79	177	1.01707
79	178	1.02846
79	180	1.03717
80	106	0.977842
80	115	0.952962
80	116	1.03851
80	123	1.2497
80	144	0.955208
80	155	0.975928
80	156	0.960356
80	157	0.968638
80	158	0.948906
80	159	1.28578
80	161	0.952853
80	167	0.955446
80	168	0.962563
80	171	0.946765
80	172	0.947912
80	175	0.969977
80	176	0.959702
80	180	0.964942
81	12	0.926388
81	45	0.957659
81	105	0.970748
81	115	1.2902
81	123	0.978677
81	127	0.973388
81	135	1.17032
81	147	0.959561
81	149	0.930285
81	159	0.958734
81	164	0.972914
81	165	0.956394
81	166	0.944414
81	169	1.16814
81	170	0.975709
81	174	0.978484
81	177	0.952625
81	178	0.964019
82	93	0.719942
82	105	0.952213
82	106	1.05038
82	116	0.762381
82	126	1.04064
82	143	1.00876
82	147	1.12916
82	150	1.03258
82	151	1.02309
82	152	1.0176
82	154	1.0504
82	157	1.04117
82	158	1.02144
82	160	1.01711
82	163	1.01206
82	167	1.02798
82	171	1.0193
82	180	1.03748
83	9	1.10117
83	13	0.980392
83	16	0.997976
83	38	1.04609
83	41	1.05904
83	44	1.16833
83	48	1.04001
83	50	1.03164
83	59	1.00179
83	63	0.999578
83	66	1.08275
83	67	1.00002
83	90	1.02441
83	97	1.00944
83	110	1.0257
83	127	0.708719
83	153	0.860151
83	171	0.880675
84	20	1.06084
84	34	0.953594
84	111	1.01295
84	117	0.926751
84	127	1.02577
84	128	1.03585
84	135	0.872019
84	141	0.992867
84	147	1.01194
84	162	0.999571
84	163	1.05683
84	165	1.00877
84	166	0.996792
84	168	0.977223
84	170	1.02809
84	173	1.00956
84	174	1.03086
84	178	1.0164
84	179	1.01616
85	5	1.05794
85	29	1.03082
85	51	0.999241
85	57	0.971268
85	58	1.05464
85	75	1.02478
85	95	1.03978
85	103	1.01372
85	104	1.02443
85	120	0.986678
85	129	1.00762
85	133	1.01051
85	134	1.0013
85	139	1.0038
85	143	0.973476
85	144	1.03725
85	157	1.02685
85	167	0.976122
85	178	0.780714
86	8	0.975057
86	71	0.988527
86	123	0.926252
86	125	1.03286
86	135	1.04226
86	144	1.01634
86	145	1.01719
86	148	0.990754
86	150	1.02118
86	154	1.039
86	158	1.01004
86	163	1.00066
86	167	1.01658
86	168	1.0237
86	170	0.854144
86	171	1.0079
86	172	1.00905
86	178	0.967965
86	180	1.02608
87	65	0.972809
87	109	1.06767
87	130	1.04235
87	137	1.01238
87	138	1.00377
87	146	1.08715
87	147	1.01506
87	149	0.985789
87	162	1.0027
87	164	1.02842
87	165	1.0119
87	168	0.830584
87	170	1.03121
87	173	1.01268
87	174	1.03399
87	177	1.00813
87	178	1.01952
87	179	1.01929
87	180	0.853211
88	24	0.909566
88	119	1.03603
88	129	0.996782
88	148	0.985374
88	154	1.03362
88	155	1.03168
88	157	1.02439
88	160	1.00033
88	161	1.00861
88	163	0.995281
88	167	1.0112
88	168	1.01832
88	169	1.01281
88	171	1.00252
88	172	1.00367
88	173	0.944584
88	176	1.01546
88	179	0.92717
88	180	1.0207
89	61	0.991332
89	64	0.974868
89	70	1.55815
89	123	0.752596
89	125	1.0194
89	151	0.998224
89	153	0.997928
89	156	1.00803
89	158	0.99658
89	159	0.788676
89	160	0.992249
89	161	1.00053
89	163	0.987199
89	166	0.876069
89	167	1.00312
89	168	1.01024
89	169	1.00473
89	172	0.995586
89	176	1.00738
89	180	1.01262
90	13	0.940618
90	16	0.958202
90	19	0.942813
90	31	1.11478
90	38	1.00631
90	41	1.01927
90	44	1.03228
90	48	1.00023
90	57	0.971392
90	62	1.05916
90	63	0.959804
90	66	1.04297
90	79	1.29708
90	83	1.02441
90	97	0.96967
90	108	0.998952
90	110	0.985925
90	126	1.00549
90	146	0.950161
90	157	0.744914
91	5	1.05218
91	24	1.01741
91	26	0.910968
91	29	1.02506
91	75	1.01902
91	79	1.0136
91	95	1.03403
91	96	0.959095
91	103	1.00796
91	104	1.01867
91	120	0.98092
91	129	1.00187
91	132	0.960898
91	133	1.00475
91	134	0.995539
91	135	1.01001
91	139	0.998039
91	167	1.1158
91	169	1.00783
91	174	0.88448
92	30	1.01701
92	34	0.930515
92	36	1.00964
92	54	0.759198
92	111	0.989867
92	122	1.26834
92	131	1.01104
92	137	0.98618
92	141	0.969788
92	153	1.16995
92	159	0.988033
92	162	0.976492
92	164	1.00221
92	165	0.985694
92	166	0.973713
92	169	1.03206
92	170	1.00501
92	173	0.986477
92	177	0.981925
92	178	0.993318
92	179	0.993082
93	21	1.06787
93	55	1.05045
93	65	1.09155
93	82	0.719942
93	115	0.666637
93	119	0.654827
93	121	1.15067
93	138	1.12252
93	141	1.11474
93	149	1.10453
93	156	0.742006
93	161	0.691764
93	162	1.12144
93	164	1.14716
93	166	1.11866
93	170	1.14996
93	172	0.770491
93	173	1.13142
93	174	1.15273
93	178	1.13827
93	179	1.13803
94	7	0.947403
94	23	0.894877
94	36	1.00164
94	69	1.02953
94	113	0.986061
94	116	1.02426
94	118	1.00967
94	130	1.00815
94	131	1.00304
94	137	0.978182
94	138	0.969572
94	143	0.965306
94	145	0.987112
94	159	0.980035
94	166	0.965715
94	169	1.04213
94	176	1.1177
94	177	0.973927
94	178	0.98532
94	179	0.985084
94	180	1.17214
95	10	0.994592
95	24	1.07856
95	26	0.972123
95	31	0.659755
95	51	1.05464
95	54	0.622107
95	58	1.11004
95	67	1.13043
95	75	1.08017
95	85	1.03978
95	91	1.03403
95	96	1.02025
95	103	1.06911
95	104	1.07982
95	119	1.00522
95	129	1.06302
95	130	0.787161
95	132	1.02205
95	133	1.0659
95	134	1.05669
95	139	1.05919
96	5	1.03841
96	10	0.919661
96	24	1.00363
96	29	1.01129
96	58	1.03511
96	65	1.24634
96	75	1.00524
96	79	0.999827
96	91	0.959095
96	95	1.02025
96	103	0.994184
96	105	0.893513
96	120	0.967145
96	129	0.988091
96	132	0.947123
96	133	0.990974
96	134	0.981764
96	139	0.984264
96	140	0.881958
96	143	0.953943
96	158	1.1679
97	9	1.04643
97	13	0.925652
97	15	2.39645
97	16	0.943236
97	19	0.927846
97	41	1.0043
97	48	0.985267
97	50	0.976895
97	57	0.956426
97	59	0.94705
97	62	1.04419
97	63	0.944838
97	66	1.02801
97	67	0.945278
97	83	1.00944
97	90	0.96967
97	108	0.983986
97	110	0.970959
97	126	0.990521
97	148	0.907564
97	175	0.623697
97	178	0.482108
98	8	1.30618
98	35	1.05472
98	37	0.888224
98	45	1.03884
98	47	1.04439
98	60	1.01781
98	101	1.06323
98	106	0.677283
98	116	1.08414
98	136	1.08304
98	138	1.02945
98	149	1.01146
98	150	0.82504
98	151	0.917526
98	159	1.03991
98	166	1.02559
98	170	1.05689
98	173	1.03836
98	177	1.0338
98	178	1.0452
98	179	1.04496
98	180	0.722845
99	42	0.858058
99	116	0.657904
99	124	1.00753
99	150	1.04031
99	152	1.02533
99	153	1.03051
99	155	1.05619
99	156	1.04062
99	157	1.0489
99	158	1.02917
99	160	1.02484
99	161	1.03311
99	163	1.01979
99	166	0.992564
99	168	1.04282
99	169	1.03732
99	172	1.02817
99	174	0.874888
99	175	1.05024
99	176	1.03996
99	177	0.980574
99	180	1.0452
100	22	1.01105
100	102	1.00083
100	103	1.04837
100	105	1.00287
100	107	0.982778
100	112	0.976445
100	137	1.22715
100	144	0.972257
100	146	0.965888
100	150	0.977094
100	152	0.962117
100	153	0.967303
100	156	0.977405
100	157	0.985687
100	167	0.972495
100	169	0.974107
100	171	0.963814
100	172	0.964961
100	175	0.987026
100	176	0.976752
100	179	1.08876
100	180	0.981991
101	4	1.07993
101	14	1.10287
101	56	0.897371
101	73	1.05162
101	76	1.04456
101	98	1.06323
101	128	1.04008
101	131	1.03835
101	136	1.05847
101	140	1.04518
101	148	0.909824
101	149	0.986895
101	156	0.769232
101	159	1.01534
101	165	1.013
101	166	1.00102
101	170	1.03232
101	172	0.797716
101	173	1.01379
101	174	1.03509
101	177	1.00923
101	178	1.02063
102	7	1.09293
102	12	1.16664
102	100	1.00083
102	109	1.00341
102	118	0.742881
102	124	1.00117
102	144	1.02911
102	146	1.02274
102	148	1.00352
102	151	1.02445
102	152	1.01897
102	161	1.02676
102	163	1.01343
102	167	1.02935
102	168	1.03647
102	169	1.03096
102	171	1.02067
102	172	1.02182
102	173	0.794578
102	175	1.04388
102	176	1.03361
102	179	0.777165
102	180	1.03885
103	5	1.08727
103	10	0.968525
103	24	1.0525
103	26	0.946057
103	51	1.02857
103	55	0.935009
103	58	1.08397
103	85	1.01372
103	91	1.00796
103	95	1.06911
103	96	0.994184
103	100	1.04837
103	104	1.05376
103	120	1.01601
103	129	1.03695
103	133	1.03984
103	134	1.03063
103	135	0.824525
103	139	1.03313
103	143	1.00281
103	155	0.916966
103	158	0.946227
103	176	0.897919
104	10	0.979235
104	24	1.06321
104	26	0.956766
104	29	1.07086
104	57	1.01131
104	58	1.09468
104	72	0.839788
104	75	1.06482
104	78	0.932555
104	85	1.02443
104	91	1.01867
104	95	1.07982
104	103	1.05376
104	108	1.0615
104	120	1.02672
104	129	1.04766
104	133	1.05055
104	134	1.04134
104	139	1.04384
104	144	0.949205
104	150	1.01231
104	168	0.887485
104	179	0.71548
105	20	1.05376
105	81	0.970748
105	82	0.952213
105	96	0.893513
105	100	1.00287
105	123	1.02398
105	124	1.09736
105	127	1.01869
105	128	1.02878
105	130	1.03215
105	138	0.993575
105	140	1.03387
105	141	0.985793
105	145	1.01111
105	155	0.871469
105	162	0.992497
105	165	1.0017
105	166	0.989717
105	170	1.02101
105	173	1.00248
105	174	1.02379
105	177	0.997929
105	178	1.00932
105	179	1.00909
106	72	0.830456
106	80	0.977842
106	82	1.05038
106	98	0.677283
106	114	1.02846
106	115	1.02092
106	121	0.937982
106	122	0.99288
106	137	1.08557
106	139	1.07274
106	142	1.03882
106	144	1.02317
106	148	0.997579
106	151	1.01851
106	157	1.0366
106	158	1.01687
106	161	1.02081
106	168	1.03052
106	169	1.02502
106	171	1.01473
106	172	1.01587
106	176	1.02766
106	177	0.994135
106	180	1.0329
107	6	0.741692
107	14	0.809702
107	100	0.982778
107	114	1.01635
107	136	1.03241
107	142	1.0267
107	148	0.985466
107	151	1.0064
107	153	1.0061
107	155	1.03178
107	156	1.0162
107	157	1.02449
107	158	1.00475
107	160	1.00042
107	161	1.0087
107	163	0.995373
107	167	1.01129
107	168	1.01841
107	171	1.00261
107	173	1.11674
107	175	1.02583
107	176	1.01555
107	178	1.07651
107	180	1.02079
108	5	0.691513
108	29	0.746891
108	51	1.08024
108	59	0.976332
108	62	1.07347
108	66	1.05729
108	77	1.03566
108	90	0.998952
108	97	0.983986
108	104	1.0615
108	110	1.00024
108	121	1.02034
108	129	1.21374
108	149	0.974197
108	150	1.01174
108	151	1.00224
108	152	0.996762
108	158	1.0006
108	169	1.00875
108	173	1.00109
108	174	1.0224
108	176	1.0114
108	178	1.00793
108	180	1.01664
109	33	0.833039
109	46	0.975469
109	47	1.18808
109	53	0.972748
109	68	1.01966
109	72	0.782123
109	87	1.06767
109	102	1.00341
109	122	0.944548
109	125	0.991351
109	134	1.26592
109	144	0.974837
109	146	0.968467
109	148	0.949246
109	151	0.970178
109	154	0.997498
109	158	0.968535
109	161	0.972481
109	163	0.959153
109	166	1.26614
109	169	0.976687
109	171	0.966393
109	175	0.989605
109	180	0.98457
110	9	1.06269
110	13	0.941907
110	16	0.959491
110	19	0.944101
110	31	1.11607
110	37	2.73058
110	38	1.0076
110	41	1.02056
110	48	1.00152
110	50	0.99315
110	57	0.972681
110	59	0.963305
110	62	1.06044
110	63	0.961092
110	66	1.04426
110	67	0.961533
110	70	0.11854
110	83	1.0257
110	90	0.985925
110	97	0.970959
110	108	1.00024
110	126	1.00678
110	132	1.45123
110	143	0.885003
110	146	0.0417805
111	35	1.00866
111	77	1.02687
111	79	1.02501
111	84	1.01295
111	92	0.989867
111	130	1.02197
111	131	1.01686
111	132	0.972309
111	135	0.837329
111	137	0.992004
111	145	1.00093
111	149	0.965409
111	151	1.15984
111	153	0.973042
111	159	0.993857
111	160	1.09519
111	162	0.982317
111	164	1.00804
111	166	0.979537
111	170	1.01083
111	171	0.993565
111	173	0.992302
111	174	1.01361
111	177	0.987749
111	179	0.998907
112	16	0.954204
112	28	0.943648
112	46	1.00536
112	47	0.908338
112	64	0.976709
112	100	0.976445
112	120	1.25635
112	124	0.976785
112	133	1.07062
112	135	1.03064
112	144	1.00472
112	150	1.00956
112	151	1.00007
112	152	0.994584
112	155	1.02544
112	156	1.00987
112	157	1.01815
112	158	0.998422
112	160	0.99409
112	167	1.00496
112	168	1.01208
112	169	1.00657
112	170	0.790814
112	172	0.997428
112	180	1.01446
113	2	0.893032
113	7	0.965417
113	22	0.807364
113	55	0.915522
113	68	0.913669
113	94	0.986061
113	116	1.04227
113	118	1.02768
113	123	1.01799
113	127	1.0127
113	136	1.04118
113	137	0.996196
113	138	0.987586
113	140	1.02788
113	149	0.969601
113	151	1.30035
113	153	1.11355
113	162	0.986508
113	165	0.99571
113	170	1.01502
113	173	0.996493
113	174	1.0178
113	177	0.991941
113	178	1.00333
113	179	1.0031
114	11	1.28395
114	27	1.04327
114	32	0.942894
114	49	1.00577
114	69	0.895799
114	72	0.813114
114	77	0.89259
114	106	1.02846
114	107	1.01635
114	115	1.00358
114	125	1.02234
114	148	0.980237
114	153	1.00087
114	154	1.02849
114	157	1.01926
114	158	0.999526
114	160	0.995194
114	161	1.00347
114	163	0.990144
114	165	0.974643
114	167	1.00607
114	171	0.997384
114	175	1.0206
114	176	1.01032
114	180	1.01556
115	23	1.03201
115	53	0.9962
115	80	0.952962
115	81	1.2902
115	93	0.666637
115	106	1.02092
115	114	1.00358
115	135	1.02421
115	144	0.998289
115	146	0.99192
115	148	0.972698
115	149	1.07714
115	155	1.01901
115	156	1.00344
115	161	0.995933
115	162	0.988011
115	163	0.982605
115	165	0.949022
115	167	0.998527
115	168	1.00564
115	169	1.00014
115	171	0.989845
115	172	0.990993
115	175	1.01306
115	180	1.00802
116	28	1.22049
116	35	1.05105
116	64	0.940663
116	70	1.00093
116	74	1.01762
116	80	1.03851
116	82	0.762381
116	94	1.02426
116	98	1.08414
116	99	0.657904
116	113	1.04227
116	135	0.589196
116	136	1.07937
116	140	1.06608
116	147	1.03707
116	149	1.0078
116	159	1.03625
116	162	1.02471
116	164	1.05043
116	165	1.03391
116	166	1.02193
116	170	1.05322
116	174	1.056
116	177	1.03014
116	178	1.04153
116	179	1.0413
117	23	1.06663
117	33	0.891115
117	36	0.952622
117	73	0.987349
117	84	0.926751
117	119	1.05798
117	123	0.855116
117	130	0.876457
117	140	0.822204
117	142	1.04856
117	150	1.03775
117	153	1.02796
117	155	1.05363
117	157	1.04634
117	158	1.02661
117	160	1.02228
117	161	1.03056
117	163	1.01723
117	167	1.03315
117	168	1.04027
117	169	1.03476
117	171	1.02447
117	172	1.02562
117	173	0.937055
117	175	1.04768
117	176	1.03741
117	180	1.04265
118	3	1.08945
118	25	0.850919
118	32	1.04169
118	55	0.939128
118	60	0.99955
118	69	1.07115
118	94	1.00967
118	102	0.742881
118	113	1.02768
118	123	1.0416
118	128	1.04639
118	131	1.04466
118	140	1.05149
118	141	1.00341
118	157	0.987148
118	159	1.02165
118	163	1.01544
118	164	1.03583
118	166	1.00733
118	170	1.03863
118	173	1.0201
118	174	1.0414
118	175	0.882601
118	177	1.01555
118	178	1.02694
118	179	1.0267
118	180	0.958457
119	29	0.575741
119	56	1.00915
119	74	1.23192
119	88	1.03603
119	93	0.654827
119	95	1.00522
119	117	1.05798
119	124	0.997659
119	135	1.05152
119	142	1.04124
119	144	1.0256
119	145	0.999392
119	152	1.01546
119	153	1.02064
119	154	1.04826
119	155	1.04632
119	156	1.03075
119	160	1.01496
119	163	1.00991
119	167	1.02584
119	169	1.02745
119	171	1.01715
119	172	1.0183
119	174	0.91425
119	175	1.04037
119	176	1.03009
119	180	1.03533
120	5	1.06023
120	10	0.941485
120	22	1.02335
120	26	0.919017
120	29	1.03311
120	33	0.852954
120	44	0.987711
120	51	1.00153
120	55	0.90797
120	57	0.973559
120	72	0.802039
120	75	1.02707
120	76	1.01971
120	78	0.894806
120	85	0.986678
120	91	0.98092
120	96	0.967145
120	103	1.01601
120	104	1.02672
120	112	1.25635
120	126	0.969261
120	129	1.00992
120	132	0.968948
120	133	1.0128
120	134	1.00359
120	139	1.00609
120	164	1.11001
120	175	1.24579
121	18	0.971566
121	36	1.03132
121	77	1.04273
121	93	1.15067
121	106	0.937982
121	108	1.02034
121	123	1.02966
121	131	1.03272
121	138	0.999251
121	141	0.991469
121	145	1.01679
121	149	0.981265
121	152	1.02084
121	159	1.00971
121	162	0.998173
121	164	1.02389
121	165	1.00737
121	166	0.995393
121	167	0.961507
121	168	0.960917
121	169	0.853535
121	170	1.02669
121	173	1.00816
121	174	1.02946
121	175	0.907688
121	177	1.00361
121	178	1.015
121	179	1.01476
122	27	1.00768
122	39	0.987042
122	56	0.953804
122	71	0.94243
122	92	1.26834
122	106	0.99288
122	109	0.944548
122	135	0.996167
122	138	1.18621
122	142	0.985893
122	144	0.970247
122	146	0.963877
122	150	0.975083
122	154	0.992908
122	156	0.975395
122	157	0.983676
122	159	1.07056
122	160	0.959613
122	163	0.954563
122	168	0.977602
122	169	0.972097
122	170	0.962372
122	171	0.961803
122	172	0.962951
122	175	0.985015
122	176	0.974741
122	178	1.07619
122	180	0.97998
123	32	1.032
123	77	1.04498
123	80	1.2497
123	81	0.978677
123	86	0.926252
123	89	0.752596
123	105	1.02398
123	113	1.01799
123	117	0.855116
123	118	1.0416
123	121	1.02966
123	127	1.02662
123	138	1.0015
123	140	1.0418
123	143	0.997238
123	147	1.01279
123	159	1.01197
123	162	1.00043
123	164	1.02615
123	165	1.00963
123	166	0.997647
123	167	0.906178
123	170	1.02894
123	173	1.01041
123	174	1.03172
123	178	1.01725
123	179	1.01702
123	180	0.928215
124	4	0.969228
124	8	0.93131
124	49	0.972538
124	71	0.944781
124	99	1.00753
124	102	1.00117
124	105	1.09736
124	112	0.976785
124	119	0.997659
124	132	0.946792
124	135	0.998518
124	142	0.988244
124	148	0.947007
124	149	1.27559
124	150	0.977434
124	152	0.962457
124	153	0.967643
124	154	0.995258
124	156	0.977745
124	160	0.961964
124	163	0.956914
124	168	0.979952
124	169	0.974447
124	170	1.04661
124	171	0.964153
124	175	0.987366
124	179	1.18324
124	180	0.982331
125	49	1.01699
125	71	0.989233
125	86	1.03286
125	89	1.0194
125	109	0.991351
125	114	1.02234
125	131	0.848827
125	135	1.04297
125	141	0.9624
125	142	1.0327
125	144	1.01705
125	147	1.00715
125	152	1.00691
125	154	1.03971
125	155	1.03777
125	156	1.0222
125	158	1.01075
125	160	1.00642
125	162	0.919311
125	163	1.00137
125	168	1.0244
125	169	1.0189
125	171	1.00861
125	172	1.00975
125	176	1.02154
125	178	0.893276
125	179	0.916089
125	180	1.02678
126	10	1.23129
126	26	1.2313
126	38	1.02716
126	41	1.04012
126	58	0.678464
126	59	0.982867
126	62	1.08001
126	82	1.04064
126	90	1.00549
126	97	0.990521
126	110	1.00678
126	120	0.969261
126	133	0.783531
126	134	0.699084
126	142	1.02908
126	145	1.01626
126	147	1.01001
126	160	1.0028
126	164	1.02336
126	165	1.00684
126	171	1.00499
126	172	1.00614
126	174	1.02893
126	175	1.0282
126	176	1.01793
126	178	1.01447
126	179	1.01423
126	180	1.02317
127	7	0.974046
127	45	1.0056
127	57	1.09068
127	68	0.851827
127	77	1.03969
127	81	0.973388
127	83	0.708719
127	84	1.02577
127	105	1.01869
127	113	1.0127
127	123	1.02662
127	133	0.992365
127	136	1.0498
127	138	0.996215
127	145	1.01375
127	147	1.00751
127	149	0.97823
127	157	1.07251
127	159	1.00668
127	162	0.995137
127	163	1.10081
127	165	1.00434
127	166	0.992358
127	170	1.02365
127	173	1.00512
127	174	1.02643
127	177	1.00057
127	178	1.01196
127	179	1.01173
128	1	0.894991
128	11	0.974384
128	21	0.951649
128	34	0.959245
128	43	1.03793
128	60	0.994658
128	70	0.981442
128	75	0.748458
128	84	1.03585
128	101	1.04008
128	105	1.02878
128	118	1.04639
128	133	0.973724
128	140	1.0466
128	147	1.01759
128	149	0.988314
128	159	1.01676
128	163	1.08216
128	164	1.03094
128	165	1.01442
128	168	1.00255
128	170	1.03374
128	171	1.05359
128	173	1.01521
128	174	1.03651
128	176	0.970744
128	177	1.01065
128	178	1.02205
128	179	1.02181
129	1	0.88967
129	10	0.962431
129	24	1.0464
129	26	0.939963
129	29	1.05406
129	31	0.69713
129	37	0.859755
129	44	1.00866
129	51	1.02248
129	58	1.07788
129	72	0.822985
129	75	1.04801
129	76	1.04065
129	85	1.00762
129	88	0.996782
129	91	1.00187
129	95	1.06302
129	96	0.988091
129	103	1.03695
129	104	1.04766
129	108	1.21374
129	120	1.00992
129	132	0.989893
129	133	1.03374
129	134	1.02453
129	139	1.02703
129	143	0.996713
129	154	1.0299
129	160	1.19238
129	173	0.885134
130	4	1.08473
130	31	1.14659
130	36	1.04175
130	42	1.04195
130	45	1.01906
130	61	0.869579
130	70	0.984817
130	74	1.00151
130	78	0.924446
130	87	1.04235
130	94	1.00815
130	95	0.787161
130	105	1.03215
130	111	1.02197
130	117	0.876457
130	131	1.04314
130	137	1.01828
130	138	1.00967
130	141	1.00189
130	144	0.988648
130	145	1.02721
130	147	1.02096
130	149	0.991689
130	156	1.01697
130	159	1.02014
130	161	0.966732
130	164	1.03432
130	168	0.926929
130	173	1.01858
130	177	1.01403
130	178	1.02542
130	179	1.02519
131	45	1.01396
131	47	1.0195
131	60	0.992926
131	65	0.973602
131	92	1.01104
131	94	1.00304
131	101	1.03835
131	111	1.01686
131	118	1.04466
131	121	1.03272
131	125	0.848827
131	130	1.04314
131	137	1.01318
131	141	0.996786
131	145	1.02211
131	147	1.01586
131	148	1.13349
131	149	0.986582
131	155	0.890088
131	160	1.05551
131	162	1.00349
131	164	1.02921
131	165	1.01269
131	166	1.00071
131	170	1.03201
131	171	0.953883
131	173	1.01347
131	174	1.03478
131	175	0.849623
131	177	1.00892
131	178	1.02032
131	179	1.02008
131	180	0.925479
132	19	0.802591
132	38	0.830122
132	39	0.991526
132	41	1.74228
132	58	1.03691
132	62	0.48303
132	66	1.49075
132	72	0.782017
132	74	0.951843
132	91	0.960898
132	95	1.02205
132	96	0.947123
132	110	1.45123
132	111	0.972309
132	120	0.968948
132	124	0.946792
132	129	0.989893
132	133	0.992776
132	134	0.983567
132	139	0.986067
132	145	0.977551
132	150	0.979567
132	153	0.969776
132	159	0.970475
132	161	0.972375
132	167	0.974968
132	169	0.976581
132	170	0.98745
132	173	0.968919
132	175	0.989499
132	177	0.964366
132	178	0.97576
132	179	0.975524
132	180	0.984464
133	1	0.892553
133	5	1.08406
133	10	0.965314
133	24	1.04929
133	26	0.942846
133	29	1.05694
133	33	0.876783
133	37	0.862638
133	40	1.02027
133	51	1.02536
133	58	1.08076
133	72	0.825868
133	75	1.0509
133	76	1.04354
133	78	0.918635
133	79	1.04548
133	85	1.01051
133	91	1.00475
133	95	1.0659
133	96	0.990974
133	103	1.03984
133	104	1.05055
133	112	1.07062
133	120	1.0128
133	126	0.783531
133	127	0.992365
133	128	0.973724
133	129	1.03374
133	132	0.992776
133	134	1.02742
133	136	0.874372
133	139	1.02992
133	143	0.999596
133	172	1.23182
133	176	1.08148
134	5	1.07485
134	10	0.956105
134	15	0.891323
134	24	1.04008
134	26	0.933637
134	29	1.04773
134	30	0.848571
134	33	0.867574
134	40	1.01106
134	51	1.01615
134	55	0.922589
134	57	0.988178
134	58	1.07155
134	75	1.04169
134	76	1.03433
134	78	0.909425
134	79	1.03627
134	85	1.0013
134	91	0.995539
134	95	1.05669
134	96	0.981764
134	103	1.03063
134	104	1.04134
134	109	1.26592
134	120	1.00359
134	126	0.699084
134	129	1.02453
134	132	0.983567
134	133	1.02742
134	139	1.02071
134	143	0.990387
134	147	0.947902
134	168	1.02884
134	171	1.07987
134	172	1.14737
135	28	0.965381
135	54	1.09314
135	68	1.07128
135	81	1.17032
135	84	0.872019
135	86	1.04226
135	91	1.01001
135	103	0.824525
135	111	0.837329
135	112	1.03064
135	115	1.02421
135	116	0.589196
135	119	1.05152
135	122	0.996167
135	124	0.998518
135	125	1.04297
135	142	1.0421
135	144	1.02646
135	147	0.955975
135	148	1.00087
135	150	1.03129
135	151	1.0218
135	152	1.01632
135	153	1.0215
135	155	1.04718
135	157	1.03989
135	158	1.02015
135	160	1.01582
135	166	0.923857
135	167	1.02669
135	169	1.02831
135	171	1.01801
135	172	1.01916
135	175	1.04122
135	176	1.03095
135	180	1.03619
136	4	1.09974
136	11	0.992771
136	37	0.883462
136	44	1.03236
136	46	0.830388
136	60	1.01305
136	67	1.00706
136	70	0.999829
136	78	0.939459
136	98	1.08304
136	101	1.05847
136	107	1.03241
136	113	1.04118
136	116	1.07937
136	127	1.0498
136	133	0.874372
136	137	1.0333
136	141	1.0169
136	142	0.899302
136	143	1.02042
136	145	1.04223
136	147	1.03598
136	154	0.893379
136	158	0.9197
136	159	1.03515
136	162	1.02361
136	164	1.04933
136	165	1.03281
136	166	1.02083
136	170	1.05213
136	173	1.03359
136	174	1.0549
136	176	0.871392
136	177	1.02904
136	179	1.0402
136	180	0.92583
137	5	0.483885
137	11	0.947791
137	21	0.925057
137	35	1.00498
137	39	1.01349
137	52	0.995727
137	69	1.03966
137	70	0.95485
137	77	1.02318
137	87	1.01238
137	92	0.98618
137	94	0.978182
137	100	1.22715
137	106	1.08557
137	111	0.992004
137	113	0.996196
137	130	1.01828
137	131	1.01318
137	136	1.0333
137	138	0.979707
137	140	1.02
137	141	0.971925
137	145	0.997247
137	149	0.961722
137	150	1.23333
137	164	1.00435
137	165	0.987831
137	166	0.97585
137	170	1.00715
137	173	0.988614
137	174	1.00992
137	175	1.05528
137	177	0.984062
137	178	0.995455
137	179	0.995219
137	180	1.13113
138	6	1.06003
138	21	0.916447
