1	8	1.02844
1	10	1.03256
1	18	1.1073
1	19	1.11726
1	28	1.00931
1	31	1.11715
1	39	1.08993
1	43	1.09016
1	137	1.03068
1	158	1.32258
1	162	0.927197
1	173	3.84579
2	27	0.899975
2	33	1.00049
2	36	0.989514
2	42	0.988704
2	79	0.912645
2	81	0.969939
2	138	0.962261
2	140	0.94775
2	145	0.975055
2	154	3.15712
2	155	0.956227
2	159	0.987387
3	8	1.01758
3	18	1.09643
3	19	1.1064
3	25	1.11045
3	28	0.998444
3	31	1.10628
3	39	1.07907
3	43	1.0793
3	121	0.944028
3	137	1.01981
3	146	1.26611
3	174	2.11416
4	36	0.725884
4	91	1.04876
4	113	0.940518
4	128	0.975941
4	136	0.465751
4	153	0.987608
4	154	0.917532
4	160	0.980792
4	175	0.946402
4	178	0.947587
4	179	0.93973
4	180	0.926088
5	11	1.1218
5	21	1.01122
5	44	1.05418
5	48	1.06089
5	54	1.12222
5	58	1.03537
5	71	1.08652
5	110	1.05572
5	126	1.68328
5	136	1.07426
5	140	0.694205
5	172	2.102
6	32	1.01505
6	62	1.02985
6	86	0.94963
6	87	0.955446
6	88	0.961782
6	98	0.929558
6	103	0.976773
6	104	0.976895
6	139	2.92585
6	145	0.972842
6	148	0.852635
6	165	1.16513
7	12	0.921324
7	13	0.9232
7	22	0.994148
7	55	1.03268
7	64	0.939809
7	67	1.00619
7	68	0.927453
7	70	1.00392
7	78	0.916132
7	80	0.973712
7	172	2.18406
7	176	1.55168
8	1	1.02844
8	3	1.01758
8	10	0.9019
8	19	0.986607
8	25	0.990662
8	28	0.878655
8	31	0.98649
8	39	0.959276
8	43	0.959508
8	121	1.53076
8	137	0.900023
8	147	2.01287
9	23	0.951267
9	45	1.00621
9	66	0.987279
9	90	1.04634
9	94	0.965995
9	97	0.966107
9	124	0.989488
9	151	2.3501
9	157	0.893821
9	174	0.904481
9	176	1.42365
9	177	0.905719
10	1	1.03256
10	8	0.9019
10	18	0.980753
10	19	0.990719
10	25	0.994775
10	28	0.882768
10	31	0.990602
10	39	0.963389
10	43	0.96362
10	106	1.52075
10	137	0.904135
10	153	1.99408
11	5	1.1218
11	15	1.10584
11	37	1.0717
11	46	1.03927
11	54	1.10425
11	58	1.0174
11	71	1.06855
11	110	1.03775
11	127	1.77569
11	128	1.39595
11	136	1.05629
11	147	1.18304
12	7	0.921324
12	38	0.988113
12	55	1.03197
12	64	0.939094
12	67	1.00548
12	68	0.926737
12	69	0.923494
12	78	0.915416
12	80	0.972997
12	138	0.965309
12	140	1.05332
12	179	2.63772
13	7	0.9232
13	24	1.0074
13	38	0.989989
13	68	0.928613
13	69	0.92537
13	70	1.00508
13	78	0.917292
13	80	0.974872
13	110	0.948015
13	120	1.53812
13	137	2.29536
13	138	0.967185
14	72	0.975247
14	85	0.954514
14	95	0.936425
14	96	0.983966
14	101	0.874328
14	109	0.956649
14	111	0.945539
14	112	0.94565
14	113	2.86666
14	115	0.93167
14	118	0.985712
14	119	0.985877
15	11	1.10584
15	44	1.03822
15	46	1.04128
15	54	1.10626
15	58	1.01941
15	60	1.12007
15	61	1.03254
15	71	1.07055
15	106	0.942929
15	136	1.05829
15	158	2.11081
15	159	0.946686
16	34	0.976944
16	49	1.06401
16	53	1.0749
16	90	1.11928
16	91	1.09185
16	94	1.03894
16	97	1.03905
16	128	1.51611
16	130	1.05197
16	151	2.13989
16	157	0.966766
16	174	0.977426
16	177	0.978664
17	20	0.993187
17	27	0.993719
17	52	1.05585
17	79	1.00639
17	81	1.06368
17	136	1.05537
17	137	1.51062
17	138	1.05601
17	140	1.04149
17	142	0.734578
17	145	1.0688
17	159	1.08113
17	165	2.51644
18	1	1.1073
18	3	1.09643
18	10	0.980753
18	19	1.06546
18	25	1.06952
18	28	0.957508
18	31	1.06534
18	34	1.62306
18	39	1.03813
18	43	1.03836
18	76	1.56432
18	137	0.978876
18	142	1.23426
19	1	1.11726
19	3	1.1064
19	8	0.986607
19	10	0.990719
19	18	1.06546
19	25	1.07948
19	28	0.967475
19	39	1.0481
19	43	1.04833
19	123	0.973011
19	125	5.6
19	137	0.988842
19	150	1.88678
20	17	0.993187
20	27	0.884905
20	36	0.974444
20	42	0.973635
20	50	0.936023
20	79	0.897575
20	81	0.954869
20	131	1.59893
20	138	0.947191
20	140	0.93268
20	145	0.959985
20	159	0.972317
20	161	2.7235
21	5	1.01122
21	37	0.961124
21	44	0.925629
21	46	0.928689
21	47	0.940097
21	48	0.932336
21	58	0.906818
21	60	1.00748
21	61	0.919957
21	71	0.957966
21	110	0.92717
21	162	1.71013
21	179	2.36783
22	7	0.994148
22	38	1.06094
22	55	1.10479
22	67	1.0783
22	68	0.999561
22	69	0.996318
22	70	1.07603
22	78	0.98824
22	80	1.04582
22	115	1.28839
22	134	2.10547
22	138	1.03813
22	142	1.21937
23	9	0.951267
23	26	1.02651
23	53	0.977625
23	66	0.962949
23	90	1.02201
23	94	0.941664
23	97	0.941777
23	123	1.85259
23	130	0.954697
23	132	1.61408
23	157	0.86949
23	174	0.88015
23	177	0.881388
24	13	1.0074
24	64	1.02401
24	67	1.0904
24	68	1.01165
24	69	1.00841
24	70	1.08812
24	78	1.00033
24	80	1.05791
24	110	1.03106
24	117	1.38175
24	138	1.05023
24	154	3.07124
24	175	1.3176
25	3	1.11045
25	8	0.990662
25	10	0.994775
25	18	1.06952
25	19	1.07948
25	28	0.97153
25	31	1.07936
25	39	1.05215
25	43	1.05238
25	92	1.55382
25	107	1.61743
25	132	1.21374
25	137	0.992897
26	23	1.02651
26	30	1.1207
26	49	1.06631
26	90	1.12158
26	94	1.04123
26	97	1.04135
26	124	1.06473
26	149	0.765437
26	157	0.969061
26	172	1.53702
26	174	0.979721
26	177	0.980959
26	180	2.37176
27	2	0.899975
27	17	0.993719
27	20	0.884905
27	36	0.974976
27	42	0.974167
27	79	0.898108
27	81	0.955402
27	100	2.7541
27	106	1.03727
27	136	0.947091
27	138	0.947724
27	145	0.960518
27	159	0.97285
28	1	1.00931
28	3	0.998444
28	8	0.878655
28	10	0.882768
28	18	0.957508
28	19	0.967475
28	25	0.97153
28	31	0.967358
28	39	0.940144
28	43	0.940376
28	137	0.880891
28	150	1.75269
28	156	2.07952
29	62	1.11949
29	74	0.995926
29	86	1.03927
29	88	1.05142
29	98	1.0192
29	99	1.07735
29	103	1.06641
29	104	1.06653
29	130	1.03591
29	148	0.942274
29	157	2.67672
29	162	1.16246
29	168	1.07608
30	26	1.1207
30	49	1.06093
30	66	1.05714
30	90	1.1162
30	94	1.03586
30	97	1.03597
30	130	1.04889
30	135	1.79976
30	142	0.71097
30	157	0.963685
30	161	2.60085
30	174	0.974345
30	177	0.975583
31	1	1.11715
31	3	1.10628
31	8	0.98649
31	10	0.990602
31	18	1.06534
31	25	1.07936
31	28	0.967358
31	39	1.04798
31	43	1.04821
31	91	0.937941
31	129	1.07648
31	137	0.988725
31	166	2.24771
32	6	1.01505
32	74	1.01125
32	75	1.0148
32	86	1.0546
32	87	1.06041
32	98	1.03452
32	99	1.09267
32	103	1.08174
32	104	1.08186
32	129	1.07608
32	135	0.973236
32	159	0.849951
32	172	2.44489
33	2	1.00049
33	50	1.03707
33	52	1.04808
33	79	0.998626
33	81	1.05592
33	101	0.913785
33	136	1.04761
33	138	1.04824
33	140	1.03373
33	145	1.06104
33	159	1.07337
33	168	1.84874
33	176	1.78384
34	16	0.976944
34	18	1.62306
34	147	0.949181
34	149	1.02158
34	155	0.943371
34	156	0.965982
34	162	0.965752
34	167	0.900255
34	169	0.936506
34	172	0.91885
34	175	0.924777
34	176	0.951129
34	180	0.904463
35	74	0.992382
35	75	0.99593
35	87	1.04154
35	88	1.04788
35	98	1.01565
35	99	1.0738
35	103	1.06287
35	104	1.06299
35	113	2.13334
35	130	1.03237
35	135	0.954366
35	148	0.93873
35	159	0.653313
35	177	2.04565
36	2	0.989514
36	4	0.725884
36	20	0.974444
36	27	0.974976
36	50	1.02609
36	52	1.0371
36	79	0.987647
36	81	1.04494
36	136	1.03663
36	140	1.02275
36	145	1.05006
36	149	0.78558
36	159	1.06239
36	165	2.6756
37	11	1.0717
37	21	0.961124
37	44	1.00408
37	46	1.00714
37	47	1.01855
37	48	1.01079
37	58	0.985272
37	60	1.08593
37	61	0.998411
37	71	1.03642
37	101	0.794735
37	136	1.02416
37	164	1.80776
37	169	2.15305
38	12	0.988113
38	13	0.989989
38	22	1.06094
38	64	1.0066
38	68	0.994241
38	69	0.990999
38	70	1.07071
38	78	0.98292
38	80	1.0405
38	110	1.01364
38	120	0.729174
38	137	1.48641
38	138	1.03281
38	180	2.80277
39	1	1.08993
39	3	1.07907
39	8	0.959276
39	10	0.963389
39	18	1.03813
39	19	1.0481
39	25	1.05215
39	28	0.940144
39	31	1.04798
39	43	1.021
39	137	0.961512
39	159	0.904245
39	174	2.12677
39	175	2.29384
40	52	0.421145
40	68	0.736827
40	69	0.406073
40	144	1.09138
40	146	1.04467
40	150	1.02838
40	152	1.05684
40	153	1.03206
40	167	0.966331
40	168	1.0409
40	172	0.984926
40	178	0.992037
40	179	0.984181
40	180	0.970538
41	57	0.997004
41	65	1.00715
41	82	1.02981
41	85	1.02367
41	93	1.06225
41	109	1.02581
41	111	1.0147
41	112	1.01481
41	118	1.05487
41	119	1.05504
41	148	2.14432
41	151	0.932814
41	163	1.71662
41	174	1.25195
42	2	0.988704
42	20	0.973635
42	27	0.974167
42	50	1.02528
42	79	0.986837
42	81	1.04413
42	136	1.03582
42	138	1.03645
42	140	1.02194
42	145	1.04925
42	151	2.10157
42	158	1.37668
42	159	1.06158
42	162	1.32639
43	1	1.09016
43	3	1.0793
43	8	0.959508
43	10	0.96362
43	18	1.03836
43	19	1.04833
43	25	1.05238
43	28	0.940376
43	31	1.04821
43	39	1.021
43	120	0.854361
43	137	0.961743
43	163	2.03656
43	180	2.26122
44	5	1.05418
44	15	1.03822
44	21	0.925629
44	37	1.00408
44	47	0.983056
44	48	0.975295
44	54	1.03663
44	60	1.05044
44	61	0.962916
44	71	1.00092
44	110	0.970129
44	136	0.988666
44	144	0.904489
44	153	1.1851
44	177	2.71268
45	9	1.00621
45	49	1.02168
45	53	1.03257
45	66	1.01789
45	90	1.07695
45	91	1.04951
45	94	0.996608
45	97	0.996721
45	124	1.0201
45	129	1.29985
45	157	0.924434
45	158	2.23784
45	159	1.07372
45	174	0.935094
45	177	0.936332
46	11	1.03927
46	15	1.04128
46	21	0.928689
46	37	1.00714
46	47	0.986116
46	54	1.03969
46	58	0.952837
46	60	1.0535
46	61	0.965976
46	71	1.00399
46	107	0.821789
46	110	0.973189
46	136	0.991726
46	175	2.19642
46	178	2.25404
47	21	0.940097
47	37	1.01855
47	44	0.983056
47	46	0.986116
47	48	0.989763
47	54	1.0511
47	58	0.964245
47	60	1.06491
47	61	0.977384
47	71	1.01539
47	110	0.984597
47	136	1.00313
47	152	0.892878
47	165	2.29825
47	179	1.95066
48	5	1.06089
48	21	0.932336
48	37	1.01079
48	44	0.975295
48	47	0.989763
48	54	1.04334
48	58	0.956484
48	60	1.05715
48	61	0.969623
48	71	1.00763
48	91	1.02596
48	110	0.976837
48	136	0.995374
48	156	1.49785
48	167	2.95345
49	16	1.06401
49	26	1.06631
49	30	1.06093
49	45	1.02168
49	66	1.00275
49	90	1.06181
49	94	0.981464
49	97	0.981576
49	130	0.994497
49	157	0.90929
49	160	1.0476
49	172	1.58581
49	174	0.91995
49	177	0.921188
49	180	2.42055
50	20	0.936023
50	33	1.03707
50	36	1.02609
50	42	1.02528
50	52	0.998682
50	79	0.949226
50	81	1.00652
50	136	0.998209
50	138	0.998841
50	140	0.98433
50	145	1.01164
50	159	1.02397
50	163	2.12065
50	168	0.943093
50	171	2.3801
51	102	0.796219
51	103	2.12294
51	115	0.906634
51	125	0.817439
51	147	0.879904
51	162	0.896475
51	164	0.878213
51	167	0.830978
51	168	0.905545
51	169	0.867229
51	173	0.80715
51	175	0.855499
51	178	0.856684
51	179	0.848828
51	180	0.835185
52	17	1.05585
52	33	1.04808
52	36	1.0371
52	40	0.421145
52	50	0.998682
52	79	0.960234
52	81	1.01753
52	114	2.34924
52	136	1.00922
52	138	1.00985
52	140	0.995339
52	145	1.02264
52	159	1.03498
52	179	1.85577
53	16	1.0749
53	23	0.977625
53	45	1.03257
53	66	1.01364
53	90	1.07269
53	91	1.04526
53	94	0.992352
53	97	0.992465
53	124	1.01585
53	152	0.913636
53	157	0.920178
53	174	0.930838
53	175	2.10729
53	177	0.932076
53	178	2.16491
54	5	1.12222
54	11	1.10425
54	15	1.10626
54	44	1.03663
54	46	1.03969
54	47	1.0511
54	48	1.04334
54	58	1.01782
54	60	1.11848
54	61	1.03096
54	71	1.06897
54	91	0.638876
54	110	1.03817
54	122	2.31561
54	123	0.883538
54	172	2.14622
55	7	1.03268
55	12	1.03197
55	22	1.10479
55	64	1.05045
55	67	1.11684
55	68	1.03809
55	69	1.03485
55	70	1.11456
55	78	1.02677
55	80	1.08435
55	83	0.722606
55	110	1.0575
55	138	1.07667
55	153	1.12065
55	168	1.67854
55	170	2.44068
56	74	1.02929
56	75	1.03284
56	86	1.07263
56	87	1.07845
56	88	1.08479
56	98	1.05256
56	99	1.11071
56	103	1.09978
56	104	1.0999
56	130	1.06928
56	135	0.991275
56	145	1.09585
56	151	2.00843
56	159	0.677367
56	164	1.22495
56	179	1.89095
57	41	0.997004
57	63	1.03757
57	77	1.01715
57	82	0.984913
57	85	0.978778
57	93	1.01736
57	95	0.960689
57	109	0.980913
57	111	0.969803
57	112	0.969913
57	118	1.00998
57	119	1.01014
57	133	2.64325
57	151	0.887919
57	154	2.17164
57	161	1.39691
58	5	1.03537
58	11	1.0174
58	15	1.01941
58	21	0.906818
58	37	0.985272
58	46	0.952837
58	47	0.964245
58	48	0.956484
58	54	1.01782
58	60	1.03163
58	61	0.944105
58	71	0.982114
58	126	1.06907
58	136	0.969855
58	149	1.15484
58	173	4.65209
59	72	1.043
59	84	0.968315
59	89	1.44904
59	94	0.997736
59	96	1.05172
59	97	0.997848
59	111	1.01329
59	112	1.0134
59	118	1.05346
59	119	1.05363
59	144	1.69597
59	157	0.925562
59	159	1.50701
59	174	0.936222
59	177	0.93746
60	15	1.12007
60	21	1.00748
60	37	1.08593
60	44	1.05044
60	46	1.0535
60	47	1.06491
60	48	1.05715
60	54	1.11848
60	58	1.03163
60	61	1.04477
60	71	1.08278
60	136	1.07052
60	155	1.57377
60	156	1.23151
60	168	1.14106
60	178	2.07864
61	15	1.03254
61	21	0.919957
61	37	0.998411
61	44	0.962916
61	46	0.965976
61	47	0.977384
61	48	0.969623
61	54	1.03096
61	58	0.944105
61	60	1.04477
61	71	0.995253
61	110	0.964457
61	128	1.92463
61	136	0.982994
61	143	1.4569
61	164	1.76493
62	6	1.02985
62	29	1.11949
62	75	1.0296
62	86	1.0694
62	87	1.07521
62	92	0.606405
62	98	1.04932
62	99	1.10747
62	103	1.09654
62	104	1.09666
62	117	0.606699
62	130	1.06604
62	145	1.09261
62	148	0.972401
62	157	2.75076
62	175	2.03007
63	57	1.03757
63	72	1.08497
63	82	1.07038
63	84	1.01029
63	93	1.10282
63	95	1.04615
63	96	1.09369
63	109	1.06638
63	111	1.05527
63	112	1.05538
63	117	0.702519
63	118	1.09544
63	119	1.0956
63	167	2.03818
63	177	1.46183
63	180	1.89436
64	7	0.939809
64	12	0.939094
64	24	1.02401
64	38	1.0066
64	55	1.05045
64	67	1.02396
64	68	0.945222
64	69	0.941979
64	70	1.02169
64	78	0.933901
64	80	0.991482
64	105	2.37899
64	110	0.964625
64	124	0.959544
64	138	0.983795
64	176	1.68794
65	41	1.00715
65	84	0.934974
65	85	0.988922
65	93	1.0275
65	95	0.970834
65	96	1.01837
65	109	0.991058
65	111	0.979948
65	112	0.980058
65	115	0.966078
65	118	1.02012
65	119	1.02029
65	128	1.16331
65	151	0.898064
65	167	2.47158
65	175	1.80549
66	9	0.987279
66	23	0.962949
66	30	1.05714
66	45	1.01789
66	49	1.00275
66	53	1.01364
66	90	1.05802
66	94	0.977676
66	97	0.977789
66	102	4.6
66	130	0.99071
66	132	1.48159
66	134	0.821117
66	157	0.905502
66	174	0.916162
66	177	0.9174
67	7	1.00619
67	12	1.00548
67	22	1.0783
67	24	1.0904
67	55	1.11684
67	64	1.02396
67	68	1.01161
67	69	1.00836
67	70	1.08808
67	78	1.00029
67	80	1.05787
67	110	1.03101
67	138	1.05018
67	162	1.17026
67	169	1.50724
67	174	1.79676
67	179	1.82796
68	7	0.927453
68	12	0.926737
68	13	0.928613
68	22	0.999561
68	24	1.01165
68	38	0.994241
68	40	0.736827
68	55	1.03809
68	64	0.945222
68	67	1.01161
68	69	0.929623
68	70	1.00933
68	78	0.921544
68	80	0.979125
68	110	0.952268
68	129	1.706
68	152	2.19363
69	12	0.923494
69	13	0.92537
69	22	0.996318
69	24	1.00841
69	38	0.990999
69	40	0.406073
69	55	1.03485
69	64	0.941979
69	67	1.00836
69	68	0.929623
69	70	1.00609
69	78	0.918302
69	80	0.975882
69	110	0.949025
69	138	0.968195
69	150	1.94018
69	160	2.20584
70	7	1.00392
70	13	1.00508
70	22	1.07603
70	24	1.08812
70	38	1.07071
70	55	1.11456
70	64	1.02169
70	67	1.08808
70	68	1.00933
70	69	1.00609
70	78	0.998013
70	80	1.05559
70	107	0.774266
70	138	1.04791
70	157	1.10635
70	171	0.942716
70	173	4.30213
71	5	1.08652
71	11	1.06855
71	15	1.07055
71	21	0.957966
71	37	1.03642
71	44	1.00092
71	46	1.00399
71	47	1.01539
71	48	1.00763
71	54	1.06897
71	58	0.982114
71	60	1.08278
71	61	0.995253
71	131	1.53652
71	136	1.021
71	148	2.40749
71	156	0.89268
71	170	1.56438
72	14	0.975247
72	59	1.043
72	63	1.08497
72	82	1.03232
72	85	1.02618
72	89	0.721961
72	93	1.06476
72	96	1.05563
72	109	1.02832
72	111	1.0172
72	112	1.01732
72	115	1.00334
72	118	1.05738
72	119	1.05754
72	122	1.55677
72	135	1.87767
72	151	0.935321
72	161	2.67875
73	107	0.954418
73	116	0.854761
73	126	0.899813
73	136	3.04805
73	147	0.852555
73	152	0.894139
73	153	0.869356
73	157	0.805428
73	158	0.849411
73	160	0.86254
73	165	0.828624
73	166	0.828978
73	167	0.803629
73	170	0.821156
73	171	0.820514
73	175	0.82815
73	179	0.821479
73	180	0.807837
74	29	0.995926
74	32	1.01125
74	35	0.992382
74	56	1.02929
74	75	0.906036
74	86	0.945831
74	87	0.951648
74	88	0.957983
74	98	0.925759
74	99	0.983907
74	103	0.972974
74	104	0.973096
74	105	2.02101
74	130	0.942473
74	145	0.969043
74	148	0.848836
74	166	1.76475
74	169	1.81822
75	32	1.0148
75	35	0.99593
75	56	1.03284
75	62	1.0296
75	74	0.906036
75	86	0.949379
75	87	0.955196
75	88	0.961531
75	98	0.929308
75	99	0.987455
75	103	0.976522
75	104	0.976645
75	116	2.3767
75	121	1.70672
75	135	0.86802
75	145	0.972591
75	148	0.852384
75	149	1.36562
76	18	1.56432
76	100	0.88383
76	104	1.30548
76	116	0.913238
76	122	0.909315
76	141	0.870882
76	144	0.987153
76	150	0.924152
76	152	0.952616
76	153	0.927833
76	158	0.907888
76	159	0.988014
76	167	0.862106
76	173	0.838278
76	176	0.91298
76	179	0.879956
76	180	0.866314
77	57	1.01715
77	82	1.04995
77	84	0.989869
77	85	1.04382
77	93	1.0824
77	95	1.02573
77	96	1.07327
77	102	0.910558
77	109	1.04595
77	111	1.03484
77	112	1.03495
77	118	1.07502
77	119	1.07518
77	124	1.44803
77	132	0.852645
77	151	0.952959
77	159	1.21386
77	162	2.3277
78	7	0.916132
78	12	0.915416
78	13	0.917292
78	22	0.98824
78	24	1.00033
78	38	0.98292
78	55	1.02677
78	64	0.933901
78	67	1.00029
78	68	0.921544
78	69	0.918302
78	70	0.998013
78	80	0.967804
78	110	0.940947
78	135	2.52257
78	138	0.960117
78	141	2.65142
78	149	0.666451
79	2	0.912645
79	17	1.00639
79	20	0.897575
79	27	0.898108
79	33	0.998626
79	36	0.987647
79	42	0.986837
79	50	0.949226
79	52	0.960234
79	81	0.968072
79	136	0.959762
79	138	0.960394
79	140	0.945883
79	145	0.973188
79	159	0.98552
79	169	1.94841
79	176	1.46015
79	179	2.26912
80	7	0.973712
80	12	0.972997
80	13	0.974872
80	22	1.04582
80	24	1.05791
80	38	1.0405
80	55	1.08435
80	64	0.991482
80	67	1.05787
80	68	0.979125
80	69	0.975882
80	70	1.05559
80	78	0.967804
80	110	0.998528
80	132	0.75087
80	138	1.0177
80	140	1.29922
80	146	2.00437
80	176	2.07465
81	2	0.969939
81	17	1.06368
81	20	0.954869
81	27	0.955402
81	33	1.05592
81	36	1.04494
81	42	1.04413
81	50	1.00652
81	52	1.01753
81	79	0.968072
81	101	0.889927
81	107	0.839895
81	136	1.01706
81	138	1.01769
81	140	1.00318
81	143	1.59493
81	145	1.03048
81	159	1.04281
81	171	3.26189
82	41	1.02981
82	57	0.984913
82	63	1.07038
82	72	1.03232
82	77	1.04995
82	84	0.957634
82	85	1.01158
82	95	0.993494
82	96	1.04103
82	108	1.43508
82	109	1.01372
82	111	1.00261
82	112	1.00272
82	118	1.04278
82	119	1.04295
82	140	1.23153
82	149	1.2735
82	151	0.920724
82	155	2.50455
83	55	0.722606
83	94	0.625605
83	109	0.529484
83	130	0.352272
83	142	1.09033
83	149	1.08557
83	150	1.0263
83	153	1.02998
83	155	1.00737
83	156	1.02998
83	164	1.01149
83	169	1.0005
83	170	0.981777
83	171	0.981135
83	172	0.982845
83	175	0.988771
83	176	1.01512
83	179	0.9821
83	180	0.968457
84	59	0.968315
84	63	1.01029
84	65	0.934974
84	77	0.989869
84	82	0.957634
84	85	0.951499
84	93	0.990078
84	95	0.93341
84	96	0.980951
84	102	0.81824
84	109	0.953634
84	111	0.942524
84	112	0.942634
84	118	0.982697
84	119	0.982862
84	140	1.74661
84	149	1.78858
84	151	0.86064
84	153	2.02904
85	14	0.954514
85	41	1.02367
85	57	0.978778
85	65	0.988922
85	72	1.02618
85	77	1.04382
85	82	1.01158
85	84	0.951499
85	95	0.987358
85	96	1.0349
85	101	1.12722
85	109	1.00758
85	111	0.996472
85	112	0.996583
85	118	1.03665
85	119	1.03681
85	133	3.55675
85	141	1.63816
85	151	0.914589
85	163	1.6291
86	6	0.94963
86	29	1.03927
86	32	1.0546
86	56	1.07263
86	62	1.0694
86	74	0.945831
86	75	0.949379
86	87	0.99499
86	88	1.00133
86	98	0.969102
86	99	1.02725
86	100	1.8459
86	103	1.01632
86	104	1.01644
86	130	0.985816
86	134	1.3562
86	145	1.01239
86	148	0.892179
86	168	1.16028
86	180	2.5625
87	6	0.955446
87	32	1.06041
87	35	1.04154
87	56	1.07845
87	62	1.07521
87	74	0.951648
87	75	0.955196
87	86	0.99499
87	88	1.00714
87	92	1.01788
87	98	0.974919
87	99	1.03307
87	103	1.02213
87	104	1.02226
87	135	0.913631
87	142	1.37628
87	145	1.0182
87	148	0.897995
87	164	2.14455
87	168	2.06648
88	6	0.961782
88	29	1.05142
88	35	1.04788
88	56	1.08479
88	74	0.957983
88	75	0.961531
88	86	1.00133
88	87	1.00714
88	89	1.11588
88	98	0.981254
88	99	1.0394
88	103	1.02847
88	104	1.02859
88	124	1.40801
88	130	0.997968
88	135	0.919967
88	145	1.02454
88	148	0.904331
88	159	1.17384
88	166	2.5712
89	59	1.44904
89	72	0.721961
89	88	1.11588
89	125	0.947508
89	133	0.956136
89	134	1.01878
89	139	0.941808
89	142	1.08713
89	145	0.283905
89	154	0.956698
89	162	1.02654
89	164	1.00828
89	168	1.03561
89	170	0.978574
89	172	0.979641
89	173	0.937218
89	175	0.985568
89	176	1.01192
89	177	0.974743
89	179	0.978896
89	180	0.965254
90	9	1.04634
90	16	1.11928
90	23	1.02201
90	26	1.12158
90	30	1.1162
90	45	1.07695
90	49	1.06181
90	53	1.07269
90	66	1.05802
90	94	1.03673
90	97	1.03685
90	115	1.10013
90	124	1.06023
90	130	1.04977
90	134	1.91721
90	146	1.58613
90	153	1.16341
90	157	0.964559
90	174	0.975219
90	176	1.65641
90	177	0.976457
91	4	1.04876
91	16	1.09185
91	31	0.937941
91	45	1.04951
91	48	1.02596
91	53	1.04526
91	54	0.638876
91	94	1.0093
91	97	1.00941
91	98	1.0252
91	135	0.94433
91	143	0.991248
91	154	0.930977
91	157	0.937124
91	163	0.968276
91	168	1.00989
91	171	0.95221
91	174	0.947784
91	177	0.949022
91	178	0.961031
91	180	0.939533
92	25	1.55382
92	62	0.606405
92	87	1.01788
92	116	1.01261
92	119	0.394331
92	122	1.00868
92	126	1.05766
92	139	0.942238
92	141	0.970251
92	161	0.979592
92	164	1.00871
92	167	0.961476
92	168	1.03604
92	170	0.979003
92	171	0.978361
92	172	0.98007
92	173	0.937647
92	174	0.973934
92	175	0.985997
92	176	1.01235
92	180	0.965683
93	41	1.06225
93	57	1.01736
93	63	1.10282
93	65	1.0275
93	72	1.06476
93	77	1.0824
93	84	0.990078
93	95	1.02594
93	96	1.07348
93	102	0.910767
93	109	1.04616
93	111	1.03505
93	112	1.03516
93	115	1.02118
93	116	1.74506
93	118	1.07522
93	119	1.07539
93	120	0.860957
93	151	0.953168
93	152	1.21864
93	164	1.61041
93	170	2.29448
94	9	0.965995
94	16	1.03894
94	23	0.941664
94	26	1.04123
94	30	1.03586
94	45	0.996608
94	49	0.981464
94	53	0.992352
94	59	0.997736
94	66	0.977676
94	83	0.625605
94	90	1.03673
94	91	1.0093
94	97	0.956504
94	115	1.66759
94	120	1.61738
94	124	0.979885
94	130	0.969425
94	147	2.31362
94	157	0.884218
94	174	0.894878
94	177	0.896115
95	14	0.936425
95	57	0.960689
95	63	1.04615
95	65	0.970834
95	77	1.02573
95	82	0.993494
95	84	0.93341
95	85	0.987358
95	93	1.02594
95	96	1.01681
95	102	0.854099
95	108	0.824818
95	109	0.989494
95	111	0.978384
95	112	0.978494
95	115	0.964514
95	118	1.01856
95	119	1.01872
95	137	0.907615
95	139	3.67415
95	151	0.8965
95	171	2.25877
96	14	0.983966
96	59	1.05172
96	63	1.09369
96	65	1.01837
96	72	1.05563
96	77	1.07327
96	82	1.04103
96	84	0.980951
96	85	1.0349
96	93	1.07348
96	95	1.01681
96	109	1.03703
96	111	1.02592
96	112	1.02603
96	116	1.27824
96	118	1.0661
96	119	1.06626
96	126	1.21427
96	146	0.930345
96	151	0.944041
96	157	2.66616
96	178	2.00309
97	9	0.966107
97	16	1.03905
97	23	0.941777
97	26	1.04135
97	30	1.03597
97	45	0.996721
97	49	0.981576
97	53	0.992465
97	59	0.997848
97	66	0.977789
97	90	1.03685
97	91	1.00941
97	94	0.956504
97	124	0.979997
97	130	0.969537
97	146	1.61304
97	152	1.43451
97	156	1.83866
97	157	0.88433
97	166	2.11811
97	174	0.89499
97	177	0.896228
98	6	0.929558
98	29	1.0192
98	32	1.03452
98	35	1.01565
98	56	1.05256
98	62	1.04932
98	74	0.925759
98	75	0.929308
98	86	0.969102
98	87	0.974919
98	88	0.981254
98	91	1.0252
98	99	1.00718
98	103	0.996245
98	104	0.996368
98	115	1.3439
98	130	0.965744
98	135	0.887743
98	144	1.12657
98	145	0.992314
98	148	0.872107
98	174	2.67795
99	29	1.07735
99	32	1.09267
99	35	1.0738
99	56	1.11071
99	62	1.10747
99	74	0.983907
99	75	0.987455
99	86	1.02725
99	87	1.03307
99	88	1.0394
99	98	1.00718
99	103	1.05439
99	104	1.05452
99	126	1.43338
99	130	1.02389
99	135	0.945891
99	145	1.05046
99	148	0.930255
99	152	0.970915
99	155	1.71732
99	176	1.21972
99	180	2.68683
100	27	2.7541
100	76	0.88383
100	86	1.8459
100	116	0.881302
100	117	0.968796
100	127	0.865641
100	128	0.88423
100	142	0.956249
100	152	0.920679
100	155	0.873285
100	156	0.895897
100	160	0.889081
100	161	0.848286
100	162	0.895666
100	165	0.855165
100	166	0.855518
100	170	0.847697
100	171	0.847055
100	173	0.806341
100	175	0.854691
100	176	0.881043
100	178	0.855876
100	180	0.834377
101	14	0.874328
101	33	0.913785
101	37	0.794735
101	81	0.889927
101	85	1.12722
101	105	1.00607
101	106	1.09405
101	141	0.993237
101	149	1.10579
101	152	1.07497
101	155	1.02758
101	156	1.05019
101	162	1.04996
101	165	1.00946
101	166	1.00981
101	167	0.984462
101	169	1.02071
101	173	0.960633
101	174	0.99692
101	175	1.00898
101	178	1.01017
101	179	1.00231
101	180	0.988669
102	51	0.796219
102	66	4.6
102	77	0.910558
102	84	0.81824
102	93	0.910767
102	95	0.854099
102	109	0.874323
102	111	0.863213
102	112	0.863323
102	115	0.849344
102	118	0.903386
102	119	0.903551
102	125	0.760148
102	135	0.782692
102	146	0.852024
102	150	0.835733
102	152	0.864197
102	163	0.806638
102	173	0.749859
102	176	0.824561
102	178	0.799393
102	179	0.791537
102	180	0.777895
103	6	0.976773
103	29	1.06641
103	32	1.08174
103	35	1.06287
103	51	2.12294
103	56	1.09978
103	62	1.09654
103	74	0.972974
103	75	0.976522
103	86	1.01632
103	87	1.02213
103	88	1.02847
103	98	0.996245
103	99	1.05439
103	104	1.04358
103	130	1.01296
103	135	0.934958
103	145	1.03953
103	148	0.919322
103	165	1.54457
103	168	1.08573
103	177	1.4226
103	178	1.39047
104	6	0.976895
104	29	1.06653
104	32	1.08186
104	35	1.06299
104	56	1.0999
104	62	1.09666
104	74	0.973096
104	75	0.976645
104	76	1.30548
104	86	1.01644
104	87	1.02226
104	88	1.02859
104	98	0.996368
104	99	1.05452
104	103	1.04358
104	117	1.12219
104	130	1.01308
104	135	0.93508
104	145	1.03965
104	147	1.69046
104	148	0.919444
104	153	1.10772
104	160	1.69486
105	64	2.37899
105	74	2.02101
105	101	1.00607
105	117	0.968683
105	127	0.865528
105	128	0.884117
105	143	0.885979
105	146	0.908393
105	150	0.892102
105	156	0.895784
105	158	0.875839
105	160	0.888968
105	161	0.848173
105	163	0.863007
105	165	0.855052
105	166	0.855405
105	170	0.847584
105	175	0.854578
105	176	0.88093
105	177	0.843753
105	179	0.847906
105	180	0.834264
106	10	1.52075
106	15	0.942929
106	27	1.03727
106	101	1.09405
106	108	1.01863
106	116	0.969169
106	117	1.05666
106	128	0.972098
106	131	0.957658
106	138	0.458284
106	143	0.97396
106	154	0.913689
106	155	0.961153
106	159	1.04395
106	164	0.965273
106	165	0.943033
106	171	0.934923
106	173	0.894209
106	175	0.942559
106	176	0.968911
106	178	0.943744
106	179	0.935887
106	180	0.922245
107	25	1.61743
107	46	0.821789
107	70	0.774266
107	73	0.954418
107	81	0.839895
107	111	0.134533
107	117	1.09786
107	123	1.0765
107	139	0.939996
107	144	1.08428
107	150	1.02128
107	158	1.00502
107	160	1.01815
107	161	0.977351
107	166	0.984583
107	168	1.0338
107	169	0.995485
107	170	0.976762
107	171	0.97612
107	172	0.977829
107	173	0.935406
107	174	0.971693
107	176	1.01011
107	179	0.977084
107	180	0.963442
108	82	1.43508
108	95	0.824818
108	106	1.01863
108	110	0.970062
108	112	0.353982
108	123	1.0263
108	132	1.04244
108	133	0.904129
108	141	0.917814
108	151	0.916681
108	152	0.999549
108	158	0.954821
108	159	1.03495
108	163	0.941989
108	166	0.934387
108	167	0.909039
108	169	0.945289
108	172	0.927634
108	174	0.921498
108	175	0.93356
108	176	0.959913
108	177	0.922735
108	178	0.934745
108	179	0.926889
108	180	0.913246
109	14	0.956649
109	41	1.02581
109	57	0.980913
109	63	1.06638
109	65	0.991058
109	72	1.02832
109	77	1.04595
109	82	1.01372
109	83	0.529484
109	84	0.953634
109	85	1.00758
109	93	1.04616
109	95	0.989494
109	96	1.03703
109	102	0.874323
109	111	0.998608
109	112	0.998718
109	115	0.984738
109	118	1.03878
109	119	1.03895
109	123	1.04248
109	143	1.96269
109	144	1.35415
109	151	0.916724
109	160	2.22191
110	5	1.05572
110	11	1.03775
110	13	0.948015
110	21	0.92717
110	24	1.03106
110	38	1.01364
110	44	0.970129
110	46	0.973189
110	47	0.984597
110	48	0.976837
110	54	1.03817
110	55	1.0575
110	61	0.964457
110	64	0.964625
110	67	1.03101
110	68	0.952268
110	69	0.949025
110	78	0.940947
110	80	0.998528
110	108	0.970062
110	124	0.813545
110	136	0.990208
110	138	0.99084
110	169	2.0302
110	170	2.36898
110	176	1.54194
111	14	0.945539
111	41	1.0147
111	57	0.969803
111	59	1.01329
111	63	1.05527
111	65	0.979948
111	72	1.0172
111	77	1.03484
111	82	1.00261
111	84	0.942524
111	85	0.996472
111	93	1.03505
111	95	0.978384
111	96	1.02592
111	102	0.863213
111	107	0.134533
111	109	0.998608
111	112	0.987608
111	115	0.973628
111	118	1.02767
111	119	1.02784
111	151	0.905614
111	163	2.29707
111	169	1.54288
111	171	2.55653
111	174	1.8324
112	14	0.94565
112	41	1.01481
112	57	0.969913
112	59	1.0134
112	63	1.05538
112	65	0.980058
112	72	1.01732
112	77	1.03495
112	82	1.00272
112	84	0.942634
112	85	0.996583
112	93	1.03516
112	95	0.978494
112	96	1.02603
112	102	0.863323
112	108	0.353982
112	109	0.998718
112	111	0.987608
112	115	0.973739
112	118	1.02778
112	119	1.02795
112	122	1.72762
112	127	1.60826
112	151	0.905724
112	167	2.5368
112	178	1.92833
113	4	0.940518
113	14	2.86666
113	35	2.13334
113	114	0.846434
113	120	0.963781
113	123	0.944348
113	131	0.866705
113	134	0.884814
113	143	0.883007
113	146	0.90542
113	147	0.87601
113	154	0.822736
113	155	0.8702
113	161	0.845201
113	163	0.860035
113	166	0.852433
113	168	0.901651
113	170	0.844611
113	172	0.845679
113	173	0.803256
113	175	0.851605
113	176	0.877958
113	178	0.85279
113	179	0.844934
113	180	0.831292
114	52	2.34924
114	113	0.846434
114	118	2.36589
114	120	0.964493
114	121	0.90898
114	131	0.867417
114	133	0.822886
114	149	0.949121
114	150	0.889842
114	154	0.823448
114	155	0.870912
114	158	0.873579
114	162	0.893293
114	164	0.875032
114	166	0.853145
114	169	0.864047
114	170	0.845324
114	171	0.844682
114	172	0.846391
114	173	0.803968
114	174	0.840255
114	175	0.852318
114	176	0.87867
114	177	0.841493
114	178	0.853503
114	179	0.845646
114	180	0.832004
115	14	0.93167
115	22	1.28839
115	51	0.906634
115	65	0.966078
115	72	1.00334
115	90	1.10013
115	93	1.02118
115	94	1.66759
115	95	0.964514
115	98	1.3439
115	102	0.849344
115	109	0.984738
115	111	0.973628
115	112	0.973739
115	118	1.0138
115	119	1.01397
115	151	0.891745
115	153	0.94983
115	154	0.879755
115	158	0.929885
115	164	0.931338
115	173	0.860274
115	174	0.896561
115	175	0.908624
115	176	0.934976
115	177	0.897799
115	180	0.88831
116	73	0.854761
116	75	2.3767
116	76	0.913238
116	92	1.01261
116	93	1.74506
116	96	1.27824
116	100	0.881302
116	106	0.969169
116	141	0.868354
116	149	0.980902
116	150	0.921624
116	154	0.85523
116	155	0.902694
116	156	0.925305
116	160	0.918489
116	161	0.877695
116	163	0.892529
116	164	0.906813
116	165	0.884573
116	171	0.876463
116	173	0.83575
116	175	0.884099
116	176	0.910452
116	177	0.873275
116	178	0.885284
116	179	0.877428
116	180	0.863786
117	24	1.38175
117	62	0.606699
117	63	0.702519
117	100	0.968796
117	104	1.12219
117	105	0.968683
117	106	1.05666
117	107	1.09786
117	128	1.00113
117	138	0.946082
117	139	0.927835
117	146	1.02541
117	157	0.948872
117	160	1.00598
117	163	0.980023
117	164	0.994308
117	165	0.972068
117	166	0.972421
117	167	0.947073
117	169	0.983324
117	170	0.9646
117	172	0.965668
117	173	0.923245
117	175	0.971594
117	178	0.972779
117	179	0.964923
117	180	0.95128
118	14	0.985712
118	41	1.05487
118	57	1.00998
118	59	1.05346
118	63	1.09544
118	65	1.02012
118	72	1.05738
118	77	1.07502
118	82	1.04278
118	84	0.982697
118	85	1.03665
118	93	1.07522
118	95	1.01856
118	96	1.0661
118	102	0.903386
118	109	1.03878
118	111	1.02767
118	112	1.02778
118	114	2.36589
118	115	1.0138
118	119	1.06801
118	124	0.970873
118	144	0.795755
118	151	0.945787
118	160	1.1576
118	166	1.49824
118	177	2.09804
119	14	0.985877
119	41	1.05504
119	57	1.01014
119	59	1.05363
119	63	1.0956
119	65	1.02029
119	72	1.05754
119	77	1.07518
119	82	1.04295
119	84	0.982862
119	85	1.03681
119	92	0.394331
119	93	1.07539
119	95	1.01872
119	96	1.06626
119	102	0.903551
119	109	1.03895
119	111	1.02784
119	112	1.02795
119	115	1.01397
119	118	1.06801
119	129	0.641598
119	144	0.604433
119	148	3.04819
119	151	0.945952
119	160	1.47219
119	178	2.38051
120	13	1.53812
120	38	0.729174
120	43	0.854361
120	93	0.860957
120	94	1.61738
120	113	0.963781
120	114	0.964493
120	127	0.980614
120	133	0.940233
120	140	1.03141
120	141	0.953918
120	153	1.01087
120	154	0.940795
120	160	1.00405
120	162	1.01064
120	163	0.978093
120	164	0.992378
120	165	0.970138
120	166	0.970491
120	170	0.96267
120	171	0.962028
120	172	0.963738
120	173	0.921315
120	175	0.969664
120	176	0.996017
120	178	0.970849
120	179	0.962993
120	180	0.94935
121	3	0.944028
121	8	1.53076
121	75	1.70672
121	114	0.90898
121	122	0.936838
121	123	1.00689
121	126	0.985813
121	127	0.9251
121	129	1.01024
121	134	0.947359
121	136	0.866545
121	137	0.936535
121	144	1.01468
121	147	0.938555
121	156	0.955356
121	157	0.891428
121	160	0.94854
121	164	0.936864
121	166	0.914978
121	167	0.889629
121	169	0.92588
121	171	0.906514
121	173	0.865801
121	175	0.914151
121	176	0.940503
121	178	0.915335
121	179	0.907479
121	180	0.893837
122	54	2.31561
122	72	1.55677
122	76	0.909315
122	92	1.00868
122	112	1.72762
122	121	0.936838
122	125	0.842116
122	129	0.976264
122	134	0.913385
122	139	0.836417
122	144	0.980702
122	151	0.863297
122	153	0.921382
122	157	0.857454
122	158	0.901437
122	161	0.873772
122	163	0.888605
122	167	0.855655
122	168	0.930222
122	170	0.873182
122	171	0.87254
122	172	0.87425
122	174	0.868114
122	175	0.880176
122	176	0.906529
122	178	0.881361
122	179	0.873505
122	180	0.859862
123	19	0.973011
123	23	1.85259
123	54	0.883538
123	107	1.0765
123	108	1.0263
123	109	1.04248
123	113	0.944348
123	121	1.00689
123	125	0.912171
123	139	0.906472
123	141	0.934486
123	142	1.05179
123	144	1.05076
123	145	0.219163
123	152	1.01622
123	153	0.991437
123	159	1.05162
123	166	0.951059
123	167	0.92571
123	169	0.961961
123	171	0.942595
123	172	0.944305
123	174	0.938169
123	175	0.950231
123	176	0.976584
123	178	0.951416
123	179	0.94356
123	180	0.929918
124	9	0.989488
124	26	1.06473
124	45	1.0201
124	53	1.01585
124	64	0.959544
124	77	1.44803
124	88	1.40801
124	90	1.06023
124	94	0.979885
124	97	0.979997
124	110	0.813545
124	118	0.970873
124	130	0.992918
124	131	0.945533
124	134	0.963642
124	144	1.03096
124	156	0.971639
124	157	0.907711
124	158	0.951694
124	159	1.03182
124	164	0.953147
124	166	0.931261
124	168	0.980479
124	174	0.918371
124	175	0.930433
124	177	0.919609
124	178	0.931618
124	180	0.91012
125	19	5.6
125	51	0.817439
125	89	0.947508
125	102	0.760148
125	122	0.842116
125	123	0.912171
125	131	0.834528
125	133	0.789997
125	137	0.841813
125	139	0.775669
125	153	0.860634
125	155	0.838023
125	157	0.796706
125	160	0.853818
125	162	0.860404
125	163	0.827858
125	164	0.842142
125	167	0.794907
125	168	0.869474
125	170	0.812434
125	172	0.813502
125	173	0.771079
125	174	0.807366
125	175	0.819428
125	176	0.845781
125	178	0.820613
125	179	0.812757
125	180	0.799115
126	5	1.68328
126	58	1.06907
126	73	0.899813
126	92	1.05766
126	96	1.21427
126	99	1.43338
126	121	0.985813
126	128	0.95869
126	131	0.944251
126	134	0.96236
126	139	0.885392
126	141	0.913405
126	147	0.953555
126	152	0.99514
126	154	0.900282
126	161	0.922746
126	162	0.970126
126	167	0.90463
126	168	0.979197
126	170	0.922157
126	171	0.921515
126	172	0.923225
126	173	0.880802
126	176	0.955504
126	178	0.930336
126	179	0.92248
126	180	0.908837
127	11	1.77569
127	100	0.865641
127	105	0.865528
127	112	1.60826
127	120	0.980614
127	121	0.9251
127	128	0.897978
127	133	0.839007
127	134	0.901647
127	137	0.890823
127	143	0.89984
127	144	0.968965
127	145	1.98684
127	146	0.922254
127	150	0.905963
127	151	0.851559
127	152	0.934427
127	154	0.839569
127	162	0.909414
127	164	0.891152
127	166	0.869266
127	168	0.918484
127	170	0.861444
127	172	0.862512
127	174	0.856376
127	175	0.868439
127	176	0.894791
127	178	0.869623
127	179	0.861767
127	180	0.848125
128	4	0.975941
128	11	1.39595
128	16	1.51611
128	61	1.92463
128	65	1.16331
128	100	0.88423
128	105	0.884117
128	106	0.972098
128	117	1.00113
128	126	0.95869
128	127	0.897978
128	132	0.995907
128	141	0.871282
128	144	0.987554
128	148	0.855875
128	149	0.983831
128	152	0.953017
128	153	0.928234
128	156	0.928234
128	159	0.988415
128	160	0.921418
128	164	0.909742
128	165	0.887502
128	168	0.937074
128	170	0.880034
128	173	0.838678
128	175	0.887028
128	176	0.91338
128	179	0.880357
128	180	0.866714
129	31	1.07648
129	32	1.07608
129	45	1.29985
129	68	1.706
129	119	0.641598
129	121	1.01024
129	122	0.976264
129	132	1.06246
129	133	0.924145
129	134	0.986785
129	139	0.909817
129	147	0.977981
129	149	1.05038
129	152	1.01957
129	153	0.994783
129	157	0.930854
129	161	0.947172
129	162	0.994552
129	163	0.962006
129	165	0.954051
129	167	0.929056
129	172	0.94765
129	173	0.905227
129	174	0.941514
129	175	0.953577
129	176	0.979929
129	178	0.954762
129	179	0.946905
129	180	0.933263
130	16	1.05197
130	23	0.954697
130	29	1.03591
130	30	1.04889
130	35	1.03237
130	49	0.994497
130	56	1.06928
130	62	1.06604
130	66	0.99071
130	74	0.942473
130	83	0.352272
130	86	0.985816
130	88	0.997968
130	90	1.04977
130	94	0.969425
130	97	0.969537
130	98	0.965744
130	99	1.02389
130	103	1.01296
130	104	1.01308
130	124	0.992918
130	135	0.904457
130	140	1.17511
130	142	1.32524
130	143	1.78548
130	145	1.00903
130	155	2.44814
130	157	0.897251
130	158	2.1521
130	174	0.907911
130	177	0.909149
131	20	1.59893
131	71	1.53652
131	106	0.957658
131	113	0.866705
131	114	0.867417
131	124	0.945533
131	125	0.834528
131	126	0.944251
131	133	0.843157
131	134	0.905797
131	138	2.22379
131	143	0.903989
131	150	0.910113
131	155	0.891183
131	156	0.913794
131	158	0.893849
131	160	0.906978
131	162	0.913563
131	164	0.895302
131	165	0.873062
131	166	0.873415
131	168	0.922634
131	170	0.865594
131	171	0.864952
131	173	0.824239
131	174	0.860526
131	176	0.898941
131	178	0.873773
131	179	0.865917
131	180	0.852274
132	23	1.61408
132	25	1.21374
132	66	1.48159
132	77	0.852645
132	80	0.75087
132	108	1.04244
132	128	0.995907
132	129	1.06246
132	133	0.936936
132	136	0.368458
132	139	0.922608
132	142	1.06793
132	143	0.997769
132	144	1.06689
132	147	0.990772
132	149	1.06317
132	150	1.00389
132	154	0.937498
132	155	0.984962
132	160	1.00076
132	161	0.959963
132	162	1.00734
132	163	0.974797
132	165	0.966841
132	167	0.941846
132	172	0.960441
132	173	0.918018
132	174	0.954305
132	175	0.966367
132	178	0.967552
132	179	0.959696
132	180	0.946054
133	57	2.64325
133	85	3.55675
133	89	0.956136
133	108	0.904129
133	114	0.822886
133	120	0.940233
133	125	0.789997
133	127	0.839007
133	129	0.924145
133	131	0.843157
133	132	0.936936
133	142	0.929615
133	144	0.928583
133	146	0.881872
133	147	0.852462
133	148	0.796905
133	151	0.811178
133	153	0.869263
133	155	0.846652
133	160	0.862447
133	161	0.821653
133	166	0.828885
133	169	0.839787
133	171	0.820421
133	173	0.779708
133	175	0.828057
133	176	0.85441
133	177	0.817233
133	178	0.829242
133	179	0.821386
133	180	0.807744
134	22	2.10547
134	66	0.821117
134	86	1.3562
134	89	1.01878
134	90	1.91721
134	113	0.884814
134	121	0.947359
134	122	0.913385
134	124	0.963642
134	126	0.96236
134	127	0.901647
134	129	0.986785
134	131	0.905797
134	142	0.992255
134	143	0.922099
134	152	0.956686
134	153	0.931903
134	156	0.931903
134	160	0.925087
134	163	0.899126
134	165	0.891171
134	167	0.866176
134	168	0.940743
134	170	0.883703
134	171	0.883061
134	173	0.842348
134	175	0.890697
134	177	0.879873
134	178	0.891882
134	179	0.884026
134	180	0.870383
135	30	1.79976
135	32	0.973236
135	35	0.954366
135	56	0.991275
135	72	1.87767
135	75	0.86802
135	78	2.52257
135	87	0.913631
135	88	0.919967
135	91	0.94433
135	98	0.887743
135	99	0.945891
135	102	0.782692
135	103	0.934958
135	104	0.93508
135	130	0.904457
135	140	0.903721
135	141	0.826226
135	144	0.942498
135	145	0.931027
135	148	0.81082
135	150	0.879497
135	154	0.813103
135	160	0.876362
135	163	0.850401
135	165	0.842446
135	167	0.817451
135	172	0.836046
135	175	0.841972
135	179	0.835301
135	180	0.821658
136	4	0.465751
136	5	1.07426
136	11	1.05629
136	15	1.05829
136	17	1.05537
136	27	0.947091
136	33	1.04761
136	36	1.03663
136	37	1.02416
136	42	1.03582
136	44	0.988666
136	46	0.991726
136	47	1.00313
136	48	0.995374
136	50	0.998209
136	52	1.00922
136	58	0.969855
136	60	1.07052
136	61	0.982994
136	71	1.021
136	73	3.04805
136	79	0.959762
136	81	1.01706
136	110	0.990208
136	121	0.866545
136	132	0.368458
136	138	1.00938
136	140	0.994866
136	141	2.51042
136	144	0.918634
136	145	1.02217
136	150	1.08741
136	159	1.0345
137	1	1.03068
137	3	1.01981
137	8	0.900023
137	10	0.904135
137	13	2.29536
137	17	1.51062
137	18	0.978876
137	19	0.988842
137	25	0.992897
137	28	0.880891
137	31	0.988725
137	38	1.48641
137	39	0.961512
137	43	0.961743
137	95	0.907615
137	121	0.936535
137	125	0.841813
137	127	0.890823
137	146	0.933689
137	148	0.848721
137	155	0.898468
137	156	0.921079
137	162	0.920849
137	166	0.880701
137	171	0.872237
137	172	0.873947
137	173	0.831524
137	176	0.906226
137	177	0.869049
137	178	0.881058
137	180	0.85956
138	2	0.962261
138	12	0.965309
138	13	0.967185
138	17	1.05601
138	20	0.947191
138	22	1.03813
138	24	1.05023
138	27	0.947724
138	33	1.04824
138	38	1.03281
138	42	1.03645
138	50	0.998841
138	52	1.00985
138	55	1.07667
138	64	0.983795
138	67	1.05018
138	69	0.968195
138	70	1.04791
138	78	0.960117
138	79	0.960394
138	80	1.0177
138	81	1.01769
138	106	0.458284
138	110	0.99084
