1	48	1.36875
1	61	0.474934
1	71	1.26064
1	83	0.563531
1	127	1.26928
1	128	1.37178
1	140	0.822988
1	156	1.25334
1	160	1.0633
1	167	0.971846
1	171	1.25216
1	174	1.04105
2	35	1.24813
2	58	1.20304
2	94	0.802797
2	104	0.977216
2	124	0.979557
2	127	1.13611
2	128	1.23861
2	139	1.17478
2	156	1.12017
2	160	0.930131
2	167	0.838677
2	174	0.907885
3	4	1.13389
3	23	1.32953
3	31	1.32778
3	69	0.656509
3	102	0.169839
3	154	0.50939
3	159	1.18552
3	163	1.18393
3	166	1.14763
3	170	1.1725
3	176	0.433824
3	179	1.11921
4	3	1.13389
4	51	0.944244
4	84	1.13164
4	90	0.911664
4	144	1.05791
4	152	0.97494
4	157	1.01063
4	170	0.917011
4	171	0.839393
4	172	0.847426
4	175	0.889154
4	177	0.985356
5	59	1.25213
5	94	1.03896
5	110	0.775759
5	127	1.05072
5	165	0.931314
5	167	0.753285
5	168	0.931197
5	174	0.822492
5	176	1.04713
5	177	1.07382
5	178	1.06884
5	179	0.882239
6	26	0.271664
6	41	1.30535
6	123	0.5527
6	151	0.453882
6	155	1.24464
6	162	1.16428
6	165	1.18737
6	169	1.19438
6	170	1.19158
6	178	0.401804
6	179	1.13829
6	180	1.17411
7	11	1.15264
7	21	0.415717
7	32	2.8
7	33	1.05233
7	43	1.05802
7	66	1.10904
7	70	1.04428
7	92	0.426466
7	100	1.07851
7	108	1.04786
7	156	1.0769
7	169	0.980441
8	61	0.649904
8	74	1.20953
8	89	1.2185
8	118	1.22859
8	127	1.2529
8	135	0.753811
8	136	0.728087
8	159	0.98169
8	169	1.1405
8	174	1.02467
8	176	1.24931
8	177	1.276
9	35	1.36385
9	58	1.31876
9	71	1.24319
9	74	1.20846
9	127	1.25183
9	149	0.503365
9	156	1.23589
9	166	0.89373
9	167	0.954397
9	170	0.787336
9	174	1.0236
9	180	0.931838
10	15	0.720522
10	71	0.830934
10	74	0.796209
10	124	0.817833
10	127	0.83958
10	128	0.942077
10	153	0.847402
10	167	0.542143
10	176	0.835993
10	177	0.862682
10	178	0.857699
10	180	0.706917
11	7	1.15264
11	31	0.279216
11	43	1.21098
11	66	1.262
11	70	1.19724
11	89	1.21141
11	100	1.23148
11	103	2.82109
11	108	1.20082
11	163	0.192368
11	168	0.201922
11	169	1.13341
12	67	0.457161
12	86	0.422313
12	93	0.557083
12	130	0.252717
12	135	1.26756
12	143	1.30155
12	149	1.28944
12	159	1.20391
12	160	1.1001
12	168	1.18656
12	171	1.11327
12	179	1.1376
13	106	1.04746
13	118	1.05311
13	123	1.0348
13	138	1.04967
13	142	1.07615
13	154	1.06891
13	161	0.846014
13	163	1.01274
13	170	1.07931
13	176	1.07383
13	177	1.10052
13	178	1.09554
14	56	1.02682
14	105	1.01909
14	125	1.06008
14	126	1.06897
14	145	1.03737
14	153	0.88382
14	154	1.02013
14	161	0.949223
14	168	1.31646
14	173	1.04397
14	176	1.02505
14	177	1.05174
14	178	1.04676
15	10	0.720522
15	19	1.15512
15	76	0.976871
15	114	0.800131
15	143	1.06242
15	150	1.19508
15	161	0.988902
15	164	1.06223
15	166	0.926889
15	171	0.874141
15	178	1.04483
15	179	0.898471
15	180	0.934291
16	44	1.13899
16	59	1.1001
16	65	1.18336
16	78	1.24555
16	80	1.12755
16	101	1.19882
16	102	1.18196
16	110	1.15523
16	139	0.231213
16	146	0.244459
16	160	1.41019
16	169	1.06844
16	174	1.63644
17	52	1.09075
17	95	1.19256
17	126	1.19712
17	128	0.631212
17	131	0.682789
17	134	1.15872
17	154	1.14829
17	158	1.12497
17	164	0.810701
17	173	1.17212
17	176	1.15321
17	177	1.1799
17	178	1.17491
18	106	1.28122
18	112	1.25153
18	120	0.402631
18	126	1.35151
18	131	0.391934
18	133	0.403488
18	141	1.27296
18	158	1.27936
18	171	1.15076
18	173	1.32651
18	176	1.3076
18	178	1.3293
18	179	1.14751
19	15	1.15512
19	42	0.409124
19	108	0.371495
19	117	1.30392
19	130	0.493516
19	132	0.606281
19	140	1.18814
19	166	1.13412
19	170	1.15899
19	171	1.08137
19	175	1.13113
19	179	1.1057
19	180	1.14152
20	96	0.651548
20	123	1.14286
20	125	1.21692
20	144	1.14903
20	150	1.14728
20	151	1.17808
20	160	0.979502
20	168	0.963084
20	169	0.746273
20	173	1.20082
20	176	1.1819
20	178	1.2036
20	180	0.973642
21	7	0.415717
21	68	0.537895
21	69	0.670444
21	76	1.17177
21	137	1.21078
21	147	1.22256
21	162	1.11935
21	164	1.25712
21	172	1.07707
21	175	1.1188
21	176	0.44776
21	179	1.09337
21	180	1.12919
22	49	1.14161
22	59	1.1116
22	78	1.25705
22	80	1.13905
22	92	1.10022
22	101	1.21033
22	102	1.19346
22	104	1.91478
22	110	1.16673
22	128	0.256975
22	155	0.475097
22	166	0.737051
22	169	1.07994
23	3	1.32953
23	29	0.581501
23	126	0.481685
23	143	1.22331
23	145	0.471313
23	152	1.17058
23	157	1.20627
23	159	1.12567
23	165	1.10844
23	168	1.10832
23	172	1.04307
23	173	0.350107
23	175	1.0848
24	68	1.11663
24	112	1.10916
24	122	1.15963
24	128	0.608525
24	132	1.15404
24	144	1.13235
24	161	0.879561
24	163	1.04629
24	164	0.788014
24	173	1.18414
24	176	1.16522
24	177	1.19191
24	178	1.18693
25	75	1.24669
25	125	0.470925
25	135	1.20279
25	138	0.572059
25	156	0.394148
25	157	1.21973
25	163	1.13755
25	164	1.23658
25	166	1.10124
25	171	1.0485
25	173	0.443036
25	175	1.09826
25	180	1.10865
26	6	0.271664
26	104	1.01898
26	137	0.61629
26	142	1.1766
26	148	1.15424
26	150	1.13967
26	158	1.14605
26	172	1.21255
26	173	1.1932
26	176	1.17429
26	177	1.20098
26	178	1.19599
26	179	1.0372
27	35	1.31791
27	55	0.992376
27	58	1.27282
27	63	1.28093
27	74	1.16252
27	92	0.993535
27	127	1.2059
27	153	0.593277
27	155	0.736412
27	156	1.18995
27	160	0.999912
27	165	0.97863
27	174	0.977665
28	32	0.600987
28	58	0.906424
28	63	0.914525
28	104	0.680597
28	119	0.834407
28	127	0.839495
28	164	0.834769
28	173	0.854825
28	176	0.835908
28	177	0.862597
28	178	0.857614
28	179	0.671012
28	180	0.706832
29	23	0.581501
29	33	1.15848
29	36	1.15402
29	43	1.16417
29	60	0.659396
29	70	1.15043
29	89	1.16459
29	100	1.18466
29	108	1.15401
29	146	1.04998
29	149	0.855017
29	156	1.18305
29	169	1.08659
30	56	1.15887
30	85	1.15172
30	99	0.61235
30	105	1.15114
30	117	0.616722
30	118	1.13638
30	151	1.15329
30	158	1.12887
30	169	0.998564
30	170	1.08143
30	176	1.1571
30	177	1.18379
30	178	1.17881
31	3	1.32778
31	11	0.279216
31	122	0.473007
31	132	0.710436
31	146	1.16504
31	153	1.23392
31	158	0.603207
31	161	1.14805
31	164	1.22137
31	166	1.08603
31	172	1.04132
31	175	1.08305
31	180	1.09344
32	7	2.8
32	28	0.600987
32	101	0.965486
32	110	0.921895
32	118	0.923196
32	152	0.890239
32	166	0.807439
32	169	0.835105
32	172	0.762725
32	173	0.962834
32	177	0.970606
32	178	0.965623
32	179	0.779021
32	180	0.814841
33	7	1.05233
33	29	1.15848
33	50	1.07403
33	66	1.1617
33	89	1.1111
33	100	1.13117
33	103	0.511777
33	108	1.10052
33	128	1.248
33	156	1.12956
33	167	3.1235
33	169	1.0331
33	174	0.313215
33	175	0.365067
34	77	0.695937
34	94	0.674842
34	113	0.910314
34	125	1.16829
34	142	1.13558
34	145	1.14558
34	148	1.11321
34	154	1.12834
34	165	1.2287
34	173	1.15218
34	174	0.908622
34	176	1.13326
34	177	1.15995
34	178	1.15497
35	2	1.24813
35	9	1.36385
35	27	1.31791
35	39	0.710838
35	58	1.36496
35	74	1.25465
35	91	0.712156
35	98	0.726854
35	127	1.29803
35	131	0.727949
35	135	0.813454
35	156	1.28208
35	167	1.00059
35	174	1.0698
36	29	1.15402
36	50	1.06957
36	66	1.15723
36	70	1.09248
36	89	1.10664
36	100	1.12671
36	108	1.09606
36	114	2.59494
36	121	0.221831
36	128	1.24354
36	131	0.215755
36	156	1.1251
36	169	1.02864
36	180	0.514149
37	78	0.0305748
37	99	1.38264
37	109	0.575481
37	142	0.406282
37	149	1.32977
37	158	0.492269
37	159	1.24423
37	161	1.26836
37	163	1.24265
37	171	1.1536
37	172	1.16163
37	175	1.20336
37	178	0.383351
37	180	1.21375
38	40	0.303214
38	86	1.12373
38	123	1.08444
38	132	1.1123
38	146	0.874012
38	148	1.10342
38	151	1.11966
38	158	1.09524
38	171	1.2691
38	173	1.14239
38	175	1.07607
38	176	1.12348
38	177	1.15016
38	178	1.14518
39	35	0.710838
39	94	1.20348
39	98	1.24163
39	139	1.14201
39	145	0.558939
39	158	0.503575
39	159	1.11306
39	161	1.13718
39	169	1.10283
39	170	1.10004
39	172	1.03045
39	176	0.48858
39	179	1.04675
39	180	1.08257
40	38	0.303214
40	50	1.23331
40	93	0.612457
40	94	1.29303
40	102	1.3059
40	108	1.2598
40	110	1.27918
40	127	0.445274
40	148	0.354916
40	154	0.374198
40	156	1.28884
40	162	1.16228
40	168	1.18526
40	169	1.19239
41	6	1.30535
41	47	0.515637
41	67	0.61443
41	105	0.614008
41	119	1.17949
41	136	1.20005
41	140	1.09854
41	164	1.17986
41	165	1.06517
41	166	1.04452
41	170	1.06939
41	175	1.04153
41	177	0.344945
41	179	1.0161
42	19	0.409124
42	134	1.27593
42	140	0.76041
42	145	1.28273
42	148	1.25036
42	154	1.26549
42	164	0.55867
42	166	0.989903
42	167	0.976558
42	169	0.800642
42	173	1.28933
42	176	1.27041
42	177	1.2971
42	178	1.29211
43	7	1.05802
43	11	1.21098
43	29	1.16417
43	50	1.07972
43	66	1.16738
43	70	1.10262
43	100	1.13686
43	104	1.38777
43	108	1.1062
43	143	0.253192
43	156	1.13525
43	168	0.237587
43	169	1.03879
43	174	1.78902
44	16	1.13899
44	49	1.09343
44	59	1.06342
44	65	1.14668
44	78	1.20887
44	79	0.928475
44	80	1.09087
44	101	1.16214
44	102	1.14528
44	110	1.11855
44	160	1.74364
44	165	0.371171
44	169	1.03176
44	179	0.587335
45	96	1.2151
45	109	0.576225
45	115	0.64203
45	139	1.14319
45	146	1.15536
45	157	1.19484
45	162	1.07391
45	163	1.11266
45	166	1.07635
45	168	1.09689
45	176	0.478018
45	178	0.384096
45	179	1.04793
45	180	1.08375
46	52	1.14407
46	105	1.20056
46	117	0.616528
46	120	0.639182
46	130	1.2084
46	131	0.628485
46	144	1.17365
46	154	1.2016
46	155	0.925676
46	158	1.17829
46	170	1.08124
46	173	1.22544
46	176	1.20652
46	177	1.23321
46	178	1.22823
47	41	0.515637
47	107	1.07602
47	115	1.03103
47	132	1.09137
47	144	1.06967
47	148	1.08249
47	154	1.09762
47	158	1.07431
47	161	0.84026
47	169	0.990685
47	173	1.12146
47	175	1.1866
47	176	1.10254
47	177	1.12923
47	178	1.12425
48	1	1.36875
48	55	1.07196
48	63	1.36051
48	71	1.27683
48	74	1.24211
48	92	0.955291
48	127	1.28548
48	140	0.730628
48	152	0.663529
48	156	1.26954
48	160	1.0795
48	164	0.528888
48	167	0.988044
48	174	1.05725
48	180	0.998229
49	22	1.14161
49	44	1.09343
49	59	1.05453
49	65	1.13779
49	78	1.19999
49	80	1.08198
49	94	0.563758
49	95	1.08797
49	101	1.15326
49	102	1.13639
49	110	1.10967
49	114	0.868455
49	153	0.732262
49	169	1.02288
49	179	1.33378
50	33	1.07403
50	36	1.06957
50	40	1.23331
50	43	1.07972
50	54	0.328676
50	70	1.06598
50	87	1.12672
50	89	1.08014
50	100	1.10021
50	108	1.06956
50	124	0.27729
50	156	1.0986
50	160	1.62174
50	169	1.00214
50	174	1.84799
51	4	0.944244
51	92	1.00593
51	103	0.907473
51	107	0.864325
51	134	0.82397
51	147	1.05876
51	153	1.10587
51	155	1.03591
51	161	1.02
51	164	1.09332
51	168	0.978525
51	175	0.954999
51	178	0.776557
51	179	0.929567
51	180	0.965387
52	17	1.09075
52	46	1.14407
52	112	1.06032
52	124	0.696772
52	129	1.10861
52	144	1.08351
52	149	0.703239
52	158	1.08815
52	159	0.847844
52	172	1.46538
52	173	1.1353
52	174	0.891741
52	176	1.11638
52	177	1.14307
52	178	1.13809
53	81	1.17707
53	87	0.493425
53	134	1.24251
53	140	0.754141
53	142	1.23931
53	143	0.866804
53	144	1.20412
53	150	1.20238
53	154	1.23208
53	166	0.983634
53	167	0.943145
53	169	0.794374
53	176	1.237
53	177	1.26368
53	178	1.2587
54	50	0.328676
54	70	0.804346
54	71	0.731058
54	101	1.13769
54	102	1.12083
54	108	0.605998
54	110	1.0941
54	150	1.08151
54	153	1.12753
54	155	1.05757
54	169	1.00731
54	175	0.976662
54	176	1.11613
54	177	1.14282
54	178	1.13783
55	27	0.992376
55	48	1.07196
55	65	0.868637
55	103	0.781915
55	108	1.7012
55	127	0.972493
55	153	0.980314
55	163	0.868735
55	170	0.857298
55	172	0.787713
55	173	0.987823
55	174	0.744263
55	176	0.968906
55	177	0.995595
55	178	0.990612
56	14	1.02682
56	30	1.15887
56	118	1.15988
56	130	1.18248
56	141	1.14597
56	148	1.16055
56	149	0.705759
56	154	1.17568
56	157	0.695248
56	163	0.923169
56	164	0.664891
56	173	1.19952
56	175	1.10278
56	176	1.1806
56	177	1.20729
56	178	1.20231
57	90	1.13602
57	91	1.26527
57	123	0.518812
57	141	0.395258
57	147	1.21728
57	149	1.23992
57	150	0.518165
57	159	1.15439
57	161	1.17851
57	163	1.15281
57	165	1.13716
57	170	1.14137
57	171	1.06375
57	175	1.11351
57	176	0.461838
57	177	0.406256
58	2	1.20304
58	9	1.31876
58	27	1.27282
58	28	0.906424
58	35	1.36496
58	71	1.24429
58	74	1.20957
58	92	0.901085
58	98	0.345676
58	127	1.25294
58	160	1.04696
58	167	0.955504
58	168	0.933465
58	170	0.799522
58	174	1.02471
58	179	1.10234
59	5	1.25213
59	16	1.1001
59	22	1.1116
59	44	1.06342
59	49	1.05453
59	65	1.10778
59	78	1.16998
59	80	1.05197
59	101	1.12325
59	102	1.10638
59	110	1.07966
59	114	0.838445
59	117	0.64722
59	136	0.718958
59	169	0.992868
59	170	1.11193
60	29	0.659396
60	61	1.34813
60	90	1.13862
60	146	1.19811
60	150	0.535176
60	161	1.18111
60	162	1.11666
60	164	1.25444
60	165	1.13976
60	168	1.13964
60	171	1.06635
60	176	0.478849
60	177	0.423267
60	178	0.384927
60	179	1.09068
60	180	1.1265
61	1	0.474934
61	8	0.649904
61	60	1.34813
61	106	0.573517
61	135	1.23645
61	138	0.565464
61	159	1.1728
61	163	1.17122
61	165	1.15557
61	166	1.13491
61	170	1.15978
61	171	1.08216
61	172	1.09019
61	178	0.393367
61	179	1.10649
61	180	1.14231
62	68	0.964276
62	84	1.19442
62	103	0.904415
62	114	0.828169
62	119	1.0899
62	147	1.0557
62	157	1.07341
62	158	0.889137
62	161	1.01694
62	163	0.991234
62	166	0.954927
62	171	0.902179
62	172	0.910212
62	175	0.951941
62	177	0.81856
62	179	0.926509
63	27	1.28093
63	28	0.914525
63	48	1.36051
63	71	1.2524
63	92	0.923622
63	103	1.07046
63	113	0.590332
63	127	1.26104
63	128	1.36354
63	155	0.666499
63	156	1.2451
63	160	1.05506
63	161	0.588767
63	167	0.963605
63	172	1.30023
63	174	1.03281
64	106	0.532006
64	116	1.277
64	118	0.393396
64	126	0.526508
64	135	1.21266
64	137	1.2001
64	143	1.24664
64	149	1.23454
64	158	0.460773
64	159	1.149
64	164	1.24645
64	167	0.95374
64	169	1.13878
64	171	1.05836
64	177	0.390196
64	179	1.08269
65	16	1.18336
65	44	1.14668
65	49	1.13779
65	55	0.868637
65	59	1.10778
65	78	1.25324
65	80	1.13523
65	87	1.2007
65	101	1.20651
65	102	1.18964
65	104	1.29745
65	110	1.16292
65	137	0.243995
65	143	0.18367
65	160	1.47245
65	169	1.07613
66	7	1.10904
66	11	1.262
66	33	1.1617
66	36	1.15723
66	43	1.16738
66	70	1.15364
66	89	1.16781
66	95	0.988162
66	99	0.462063
66	100	1.18788
66	108	1.15722
66	136	0.538173
66	156	1.18626
66	166	1.03754
66	169	1.08981
66	180	1.07565
67	12	0.457161
67	41	0.61443
67	86	1.1349
67	113	0.940619
67	132	1.12346
67	142	1.13696
67	145	1.14696
67	148	1.11459
67	150	1.10002
67	151	1.13082
67	152	0.982148
67	158	1.10641
67	161	0.939054
67	173	1.15356
67	176	1.13464
67	177	1.16133
67	178	1.15635
68	21	0.537895
68	24	1.11663
68	62	0.964276
68	105	1.12428
68	109	1.18173
68	129	1.12247
68	135	0.681331
68	141	1.09561
68	145	1.14256
68	151	1.12643
68	152	0.858379
68	155	0.893017
68	158	1.10201
68	173	1.14916
68	176	1.13024
68	177	1.15693
68	178	1.15195
69	3	0.656509
69	21	0.670444
69	70	1.12812
69	80	1.12338
69	88	0.728289
69	100	1.16235
69	101	1.19466
69	102	1.1778
69	108	1.1317
69	110	1.15107
69	148	1.15304
69	152	0.990929
69	157	0.886645
69	169	1.06428
69	173	1.19201
69	174	0.948452
69	176	1.1731
70	7	1.04428
70	11	1.19724
70	29	1.15043
70	36	1.09248
70	43	1.10262
70	50	1.06598
70	54	0.804346
70	66	1.15364
70	69	1.12812
70	89	1.10305
70	100	1.12312
70	108	1.09247
70	133	0.60303
70	147	0.795225
70	156	1.12151
70	157	0.749746
70	169	1.02505
70	171	1.3503
71	1	1.26064
71	9	1.24319
71	10	0.830934
71	48	1.27683
71	54	0.731058
71	58	1.24429
71	63	1.2524
71	74	1.13399
71	96	0.793347
71	104	1.01847
71	127	1.17737
71	137	0.85285
71	156	1.16142
71	157	0.676457
71	160	0.971382
71	167	0.879928
71	174	0.949136
71	179	1.27376
72	99	1.22753
72	119	1.18621
72	124	1.16955
72	132	0.687386
72	141	0.498582
72	151	0.523317
72	153	1.19912
72	157	1.16972
72	161	1.11324
72	165	1.07189
72	166	1.05123
72	168	1.07177
72	170	1.0761
72	171	0.998483
72	172	1.00652
72	173	0.514314
72	178	0.471239
72	180	1.05863
73	98	0.793839
73	120	0.805631
73	122	1.1005
73	125	1.14112
73	132	1.09492
73	134	1.11161
73	138	1.08193
73	141	1.07146
73	145	1.11842
73	148	1.08605
73	151	1.10228
73	157	0.953203
73	161	1.01439
73	164	0.922846
73	173	1.12501
73	176	1.1061
73	177	1.13279
73	178	1.1278
74	8	1.20953
74	9	1.20846
74	10	0.796209
74	27	1.16252
74	35	1.25465
74	48	1.24211
74	58	1.20957
74	71	1.13399
74	79	1.01329
74	116	0.673715
74	127	1.14264
74	128	1.24514
74	147	0.899686
74	159	1.00932
74	160	0.936657
74	163	1.08213
74	164	0.82385
74	167	0.845204
75	25	1.24669
75	96	1.19008
75	109	0.600138
75	114	0.924575
75	117	1.22114
75	123	0.558905
75	132	0.624155
75	144	0.518898
75	147	1.15211
75	156	0.402196
75	157	1.16982
75	164	1.18667
75	165	1.07199
75	166	1.05133
75	168	1.07187
75	172	1.00662
75	175	1.04835
75	180	1.05873
76	15	0.976871
76	21	1.17177
76	114	0.829106
76	121	1.16696
76	126	0.826252
76	135	1.05741
76	142	0.67453
76	147	1.05664
76	152	1.03866
76	153	1.10375
76	157	1.07435
76	164	1.0912
76	165	0.976521
76	168	0.976404
76	173	0.694674
76	175	0.952877
76	177	0.68994
76	179	0.927446
77	34	0.695937
77	111	1.23181
77	115	0.676351
77	124	1.17496
77	134	0.46583
77	139	1.12348
77	140	1.11066
77	153	1.20452
77	154	0.587905
77	161	1.11865
77	163	1.09294
77	165	1.07729
77	168	1.07718
77	169	1.0843
77	172	1.01192
77	177	0.456757
77	179	1.02822
77	180	1.06404
78	16	1.24555
78	22	1.25705
78	37	0.0305748
78	44	1.20887
78	49	1.19999
78	59	1.16998
78	65	1.25324
78	79	1.15571
78	80	1.19742
78	101	1.2687
78	102	1.25184
78	110	1.22511
78	114	0.983899
78	119	0.226521
78	159	0.372376
78	169	1.13832
78	174	2.19712
78	175	0.624791
79	44	0.928475
79	74	1.01329
79	78	1.15571
79	97	1.00143
79	101	1.12048
79	127	1.05666
79	142	1.05539
79	157	1.03508
79	167	0.759221
79	170	0.941463
79	171	0.863845
79	174	0.828428
79	175	0.913606
79	176	1.05307
79	177	1.07976
79	178	1.07478
79	180	0.923995
80	16	1.12755
80	22	1.13905
80	44	1.09087
80	49	1.08198
80	59	1.05197
80	65	1.13523
80	69	1.12338
80	78	1.19742
80	92	1.04059
80	97	0.368233
80	101	1.1507
80	102	1.13383
80	110	1.10711
80	147	0.315545
80	153	0.250204
80	160	1.84906
80	169	1.02032
80	174	2.07532
81	53	1.17707
81	109	1.1704
81	116	0.806
81	118	1.09819
81	124	0.990537
81	128	0.776647
81	129	1.11114
81	136	0.888004
81	138	1.09474
81	147	1.03197
81	150	1.0843
81	154	1.11399
81	158	1.09068
81	160	0.916517
81	173	1.13783
81	176	1.11891
81	177	1.1456
81	178	1.14062
82	85	0.51555
82	95	1.04655
82	115	0.631567
82	117	1.2036
82	120	1.2278
82	127	0.614198
82	128	1.27635
82	130	0.477014
82	137	1.12278
82	155	1.11172
82	157	1.15228
82	162	1.03135
82	164	1.16913
82	171	0.981043
82	175	1.0308
82	176	0.467555
82	179	1.00537
82	180	1.04119
83	1	0.563531
83	91	1.1855
83	107	0.569731
83	118	0.523503
83	127	0.722528
83	131	1.26724
83	133	1.24244
83	142	0.504893
83	146	1.11574
83	147	1.1375
83	152	1.11953
83	155	1.11465
83	157	1.15521
83	171	0.98398
83	172	0.992013
83	175	1.03374
83	179	1.00831
83	180	1.04413
84	4	1.13164
84	62	1.19442
84	100	0.153759
84	136	1.30091
84	144	0.521478
84	148	0.560795
84	150	0.560837
84	154	0.580076
84	163	1.18169
84	164	1.28072
84	165	1.16604
84	166	1.14538
84	168	1.16592
84	170	1.17025
84	171	1.09263
84	172	1.10066
84	178	0.410588
84	179	1.11696
84	180	1.15278
85	30	1.15172
85	82	0.51555
85	90	1.04034
85	105	1.1675
85	122	1.16786
85	129	1.16568
85	134	1.17897
85	135	0.639191
85	140	0.883338
85	146	0.917424
85	148	1.15341
85	150	1.13884
85	151	1.16964
85	157	0.711955
85	158	1.14522
85	173	1.19237
85	176	1.17346
85	177	1.20015
85	178	1.19516
86	12	0.422313
86	38	1.12373
86	67	1.1349
86	87	0.753681
86	118	1.15837
86	121	0.849124
86	122	1.1735
86	123	1.14005
86	133	0.696299
86	134	1.18461
86	142	1.18141
86	150	1.14447
86	151	1.17528
86	153	0.838803
86	170	1.1375
86	173	1.19801
86	176	1.17909
86	177	1.20578
86	178	1.2008
87	50	1.12672
87	53	0.493425
87	65	1.2007
87	86	0.753681
87	89	1.16379
87	100	1.18386
87	101	1.21617
87	108	1.15321
87	110	1.17258
87	145	0.644985
87	154	0.650193
87	160	0.992205
87	162	1.05569
87	167	0.900752
87	169	1.08579
87	170	1.08299
87	177	0.519045
87	180	1.06553
88	69	0.728289
88	98	1.1882
88	120	1.21574
88	126	0.586334
88	131	1.25225
88	132	0.627828
88	150	0.561931
88	153	1.16963
88	154	0.58117
88	155	1.09966
88	157	1.14022
88	163	1.05805
88	165	1.0424
88	170	1.04661
88	171	0.968991
88	172	0.977025
88	175	1.01875
88	179	0.993321
88	180	1.02914
89	8	1.2185
89	11	1.21141
89	29	1.16459
89	33	1.1111
89	36	1.10664
89	50	1.08014
89	66	1.16781
89	70	1.10305
89	87	1.16379
89	96	0.195997
89	100	1.13729
89	108	1.10663
89	114	2.40506
89	128	1.25411
89	143	0.309872
89	146	0.240018
89	156	1.13567
89	169	1.03922
89	174	1.86515
89	180	0.324274
90	4	0.911664
90	57	1.13602
90	60	1.13862
90	85	1.04034
90	95	0.938167
90	110	0.669459
90	113	1.03844
90	119	1.06038
90	130	1.0018
90	136	1.08094
90	147	1.02618
90	153	1.07329
90	159	0.963294
90	161	0.987418
90	162	0.922968
90	163	0.961712
90	168	0.945945
90	172	0.88069
90	174	0.83724
90	177	0.93676
90	179	0.896987
91	35	0.712156
91	57	1.26527
91	83	1.1855
91	95	1.06741
91	98	1.22111
91	109	0.588105
91	134	0.443388
91	137	1.14364
91	140	1.10867
91	145	0.560256
91	153	1.20254
91	154	0.565464
91	157	1.17313
91	163	1.09096
91	164	1.18999
91	171	1.0019
91	172	1.00993
91	175	1.05166
91	177	0.434316
91	179	1.02623
91	180	1.06205
92	7	0.426466
92	22	1.10022
92	27	0.993535
92	48	0.955291
92	51	1.00593
92	58	0.901085
92	63	0.923622
92	80	1.04059
92	97	1.03866
92	102	1.095
92	110	1.06828
92	122	1.08471
92	143	1.08935
92	145	1.10262
92	169	0.981488
92	170	0.978693
92	173	1.10922
92	175	0.950836
92	177	1.11699
92	178	1.11201
92	179	0.925405
93	12	0.557083
93	40	0.612457
93	106	1.09579
93	109	1.17365
93	116	0.797293
93	117	0.807559
93	126	1.16608
93	130	1.12404
93	138	1.098
93	141	1.08753
93	144	1.08929
93	146	1.18325
93	150	1.08755
93	151	1.11835
93	153	0.973573
93	156	1.10981
93	158	1.09393
93	173	1.14108
93	176	1.12216
93	177	1.14885
93	178	1.14387
94	2	0.802797
94	5	1.03896
94	34	0.674842
94	39	1.20348
94	40	1.29303
94	49	0.563758
94	105	0.704725
94	107	0.48509
94	111	1.20937
94	131	1.2647
94	133	1.2399
94	136	1.18972
94	143	1.16972
94	161	1.0962
94	162	1.03175
94	165	1.05485
94	172	0.989475
94	174	0.946025
94	175	1.0312
94	177	0.435662
94	180	1.04159
95	17	1.19256
95	49	1.08797
95	66	0.988162
95	82	1.04655
95	90	0.938167
95	91	1.06741
95	133	1.12435
95	135	1.02019
95	137	1.00764
95	139	0.985483
95	140	0.972663
95	141	0.948881
95	143	1.05417
95	157	1.03713
95	162	0.916207
95	164	1.05398
95	165	0.939301
95	167	0.761272
95	170	0.943514
95	175	0.915658
95	179	0.890226
95	180	0.926046
96	20	0.651548
96	45	1.2151
96	71	0.793347
96	75	1.19008
96	89	0.195997
96	121	1.25573
96	136	1.20016
96	139	1.11147
96	145	0.851209
96	147	1.1454
96	155	1.12255
96	156	0.681115
96	162	1.04219
96	163	1.08094
96	168	1.06517
96	170	1.0695
96	171	0.991881
96	172	0.999915
96	175	1.04164
96	178	0.686928
96	179	1.01621
96	180	1.05203
97	79	1.00143
97	80	0.368233
97	92	1.03866
97	101	0.454816
97	115	1.10075
97	117	1.16052
97	140	1.04474
97	149	1.11414
97	151	0.894892
97	152	1.07352
97	155	1.06864
97	157	1.1092
97	161	1.05273
97	162	0.988279
97	163	1.02702
97	165	1.01137
97	170	1.01559
97	172	0.946001
97	175	0.987729
97	178	0.842814
97	179	0.962298
97	180	0.998118
98	35	0.726854
98	39	1.24163
98	58	0.345676
98	73	0.793839
98	88	1.1882
98	91	1.22111
98	116	1.23823
98	126	0.585326
98	135	1.17388
98	139	1.13918
98	144	0.521563
98	151	0.462752
98	153	1.22023
98	157	1.19082
98	159	1.11023
98	161	1.13435
98	162	1.0699
98	164	1.20768
98	166	1.07234
98	168	1.09288
98	171	1.01959
98	177	0.449014
98	180	1.07974
99	30	0.61235
99	37	1.38264
99	66	0.462063
99	72	1.22753
99	117	1.25198
99	124	1.2005
99	126	0.570092
99	140	1.1362
99	145	0.55972
99	153	1.23007
99	154	0.564928
99	155	1.16011
99	158	0.504357
99	161	1.14419
99	163	1.11849
99	165	1.10284
99	168	1.10272
99	170	1.10705
99	171	1.02943
99	172	1.03747
99	175	1.07919
99	177	0.43378
99	180	1.08958
100	7	1.07851
100	11	1.23148
100	29	1.18466
100	33	1.13117
100	36	1.12671
100	43	1.13686
100	50	1.10021
100	66	1.18788
100	69	1.16235
100	70	1.12312
100	84	0.153759
100	87	1.18386
100	89	1.13729
100	103	1.26714
100	108	1.1267
100	128	1.27418
100	149	0.25709
100	156	1.15574
100	160	0.320634
100	165	0.34687
100	167	4.48103
100	168	0.394155
100	169	1.05928
101	16	1.19882
101	22	1.21033
101	32	0.965486
101	44	1.16214
101	49	1.15326
101	54	1.13769
101	59	1.12325
101	65	1.20651
101	69	1.19466
101	78	1.2687
101	79	1.12048
101	80	1.1507
101	87	1.21617
101	97	0.454816
101	102	1.20511
101	110	1.17838
101	114	0.937171
101	121	0.188149
101	165	0.56318
101	169	1.09159
101	170	0.476522
101	174	2.1619
101	180	0.621024
102	3	0.169839
102	16	1.18196
102	22	1.19346
102	40	1.3059
102	44	1.14528
102	49	1.13639
102	54	1.12083
102	59	1.10638
102	65	1.18964
102	69	1.1778
102	78	1.25184
102	80	1.13383
102	92	1.095
102	101	1.20511
102	110	1.16152
102	114	0.920306
102	143	0.376568
102	160	0.287596
102	167	4.79547
102	169	1.07473
102	170	0.380457
102	172	0.353831
102	174	0.513846
103	11	2.82109
103	33	0.511777
103	51	0.907473
103	55	0.781915
103	62	0.904415
103	63	1.07046
103	100	1.26714
103	104	0.836536
103	121	1.06647
103	127	0.995435
103	148	0.971797
103	149	0.978794
103	150	0.95723
103	151	0.98803
103	160	0.789451
103	162	0.852933
103	164	0.990708
103	167	0.697998
103	173	1.01076
103	174	0.767205
103	176	0.991848
103	178	1.01355
103	179	0.826951
104	2	0.977216
104	22	1.91478
104	26	1.01898
104	28	0.680597
104	43	1.38777
104	65	1.29745
104	71	1.01847
104	103	0.836536
104	127	1.02711
104	139	0.953888
104	143	1.02258
104	144	0.990656
104	160	0.82113
104	165	0.907706
104	167	0.729677
104	168	0.907589
104	171	0.834301
104	172	0.842334
104	173	1.04244
104	174	0.798884
104	177	1.05022
104	178	1.04523
104	180	0.894451
105	14	1.01909
105	30	1.15114
105	41	0.614008
105	46	1.20056
105	68	1.12428
105	85	1.1675
105	94	0.704725
105	106	1.1465
105	128	0.667595
105	133	0.730725
105	141	1.13824
105	142	1.17519
105	145	1.1852
105	149	0.887952
105	150	1.13826
105	154	1.16796
105	157	0.877441
105	162	1.2083
105	167	0.879026
105	173	1.19179
105	174	0.948234
105	176	1.17288
105	177	1.19957
105	178	1.19458
106	13	1.04746
106	18	1.28122
106	61	0.573517
106	64	0.532006
106	93	1.09579
106	105	1.1465
106	123	1.11342
106	130	1.15434
106	133	0.603473
106	134	1.15798
106	138	1.12829
106	141	1.11782
106	145	1.16478
106	148	1.13241
106	149	0.760699
106	158	1.12423
106	159	0.905303
106	166	1.15106
106	167	0.85861
106	168	1.17861
106	173	1.17138
106	176	1.15246
106	177	1.17915
106	178	1.17417
107	47	1.07602
107	51	0.864325
107	83	0.569731
107	94	0.48509
107	123	1.11328
107	134	1.15783
107	140	0.829188
107	141	1.11768
107	142	1.15463
107	144	1.11945
107	145	1.16464
107	148	1.13227
107	150	1.1177
107	151	1.1485
107	154	1.1474
107	158	1.12408
107	160	0.949921
107	163	0.885727
107	164	0.627449
107	171	1.25836
107	173	1.17123
107	176	1.15232
107	177	1.17901
107	178	1.17402
108	7	1.04786
108	11	1.20082
108	19	0.371495
108	29	1.15401
108	33	1.10052
108	36	1.09606
108	40	1.2598
108	43	1.1062
108	50	1.06956
108	54	0.605998
108	55	1.7012
108	66	1.15722
108	69	1.1317
108	70	1.09247
108	87	1.15321
108	89	1.10663
108	100	1.1267
108	113	0.614154
108	121	0.557507
108	128	1.24352
108	137	0.727791
108	156	1.12509
108	166	0.952274
108	169	1.02863
109	37	0.575481
109	45	0.576225
109	68	1.18173
109	75	0.600138
109	81	1.1704
109	91	0.588105
109	93	1.17365
109	112	1.17426
109	116	0.581675
109	118	1.2096
109	123	1.19129
109	126	1.27424
109	129	1.22255
109	132	1.21915
109	136	0.663678
109	142	1.23264
109	154	1.2254
109	164	0.73181
109	167	0.936474
109	173	1.24924
109	176	1.23032
109	177	1.25701
109	178	1.25203
109	180	1.20115
110	5	0.775759
110	16	1.15523
110	22	1.16673
110	32	0.921895
110	40	1.27918
110	44	1.11855
110	49	1.10967
110	54	1.0941
110	59	1.07966
110	65	1.16292
110	69	1.15107
110	78	1.22511
110	80	1.10711
110	87	1.17258
110	90	0.669459
110	92	1.06828
110	101	1.17838
110	102	1.16152
110	111	0.266836
110	139	0.540343
110	153	0.336865
110	160	2.09468
110	169	1.048
110	172	1.11373
111	77	1.23181
111	94	1.20937
111	110	0.266836
111	118	0.537337
111	131	1.31157
111	137	1.17005
111	141	0.523139
111	145	0.660077
111	148	0.646003
111	152	1.16386
111	153	1.22895
111	159	1.11895
111	161	1.14307
111	163	1.11737
111	164	1.2164
111	166	1.08106
111	167	0.923687
111	171	1.02831
111	172	1.03634
111	175	1.07807
111	176	0.589718
111	178	0.495796
111	179	1.05264
111	180	1.08846
112	18	1.25153
112	24	1.10916
112	52	1.06032
112	109	1.17426
112	115	1.05126
112	126	1.16669
112	129	1.115
112	132	1.1116
112	138	1.09861
112	144	1.0899
112	146	0.787225
112	148	1.10272
112	149	0.592267
112	154	1.11785
112	158	1.09454
112	164	0.551399
112	169	0.793371
112	171	1.18231
112	172	1.35441
112	173	1.14169
112	174	0.898132
112	175	0.989286
112	176	1.12277
112	177	1.14946
112	178	1.14448
113	34	0.910314
113	63	0.590332
113	67	0.940619
113	90	1.03844
113	108	0.614154
113	120	1.21293
113	136	1.17445
113	138	0.804891
113	143	1.15445
113	148	0.783
113	149	1.14235
113	159	1.05681
113	160	0.953003
113	161	1.08093
113	162	1.01648
113	163	1.05523
113	165	1.03958
113	166	1.01892
113	168	1.03946
113	170	1.04379
113	171	0.966173
113	172	0.974207
113	175	1.01593
113	179	0.990503
113	180	1.02632
114	15	0.800131
114	36	2.59494
114	49	0.868455
114	59	0.838445
114	62	0.828169
114	75	0.924575
114	76	0.829106
114	78	0.983899
114	89	2.40506
114	101	0.937171
114	102	0.920306
114	119	0.914101
114	132	0.904425
114	142	0.917918
114	149	0.902549
114	158	0.887369
114	163	0.815431
114	164	0.914463
114	169	0.806789
114	171	0.726376
114	172	0.734409
114	176	0.915602
114	177	0.942291
114	178	0.937308
114	179	0.750706
115	45	0.64203
115	47	1.03103
115	77	0.676351
115	82	0.631567
115	97	1.10075
115	112	1.05126
115	118	1.0866
115	123	1.06829
115	129	1.09955
115	130	1.1092
115	134	1.11284
115	135	0.755208
115	138	1.08316
115	142	1.10964
115	144	1.07445
115	145	1.11964
115	150	1.07271
115	151	1.10351
115	154	1.1024
115	158	1.07909
115	161	0.889163
115	169	1.03959
115	173	1.12624
115	176	1.10732
115	177	1.13401
115	178	1.12903
116	64	1.277
116	74	0.673715
116	81	0.806
116	93	0.797293
116	98	1.23823
116	109	0.581675
116	117	1.24158
116	122	0.368263
116	124	1.19009
116	139	1.13861
116	143	1.2073
116	146	1.15078
116	149	1.1952
116	150	0.539794
116	152	1.15457
116	155	1.1497
116	159	1.10966
116	165	1.09243
116	166	1.07177
116	168	1.09231
116	170	1.09664
116	171	1.01903
116	172	1.02706
116	173	0.432621
116	175	1.06879
116	176	0.483468
116	180	1.07918
117	19	1.30392
117	30	0.616722
117	46	0.616528
117	59	0.64722
117	75	1.22114
117	82	1.2036
117	93	0.807559
117	97	1.16052
117	99	1.25198
117	116	1.24158
117	133	1.2814
117	148	0.550018
117	155	1.15361
117	158	0.508729
117	160	1.00977
117	161	1.1377
117	162	1.07325
117	163	1.11199
117	165	1.09634
117	168	1.09623
117	171	1.02294
117	172	1.03097
117	173	0.442886
117	175	1.0727
117	176	0.493733
117	179	1.04727
117	180	1.08309
118	8	1.22859
118	13	1.05311
118	30	1.13638
118	32	0.923196
118	56	1.15988
118	64	0.393396
118	81	1.09819
118	83	0.523503
118	86	1.15837
118	109	1.2096
118	111	0.537337
118	115	1.0866
118	130	1.16
118	138	1.13395
118	143	0.895624
118	150	1.1235
118	154	1.1532
118	156	1.14576
118	158	1.12988
118	161	0.672769
118	168	1.04
118	171	1.21214
118	173	1.17703
118	175	1.01911
118	176	1.15812
118	177	1.18481
118	178	1.17982
119	28	0.834407
119	41	1.17949
119	62	1.0899
119	72	1.18621
119	78	0.226521
119	90	1.06038
119	114	0.914101
119	125	0.650261
119	131	1.27137
119	136	1.19639
119	138	0.751395
119	146	1.11987
119	150	0.729547
119	151	0.631376
119	153	1.18875
119	154	0.748786
119	157	1.15934
119	162	1.03842
119	163	1.07717
119	164	1.1762
119	165	1.06152
119	166	1.04086
119	167	0.883487
119	168	1.0614
119	178	0.579298
119	179	1.01244
119	180	1.04826
120	18	0.402631
120	46	0.639182
120	73	0.805631
120	82	1.2278
120	88	1.21574
120	113	1.21293
120	128	1.34245
120	138	0.594563
120	139	1.16673
120	140	1.15391
120	149	1.22331
120	155	1.17781
120	156	0.416652
120	157	1.21837
120	159	1.13778
120	165	1.12054
120	166	1.09989
120	170	1.12476
120	171	1.04714
120	172	1.05517
120	173	0.465541
120	175	1.0969
120	176	0.516388
120	177	0.460806
120	179	1.07147
120	180	1.10729
121	36	0.221831
121	76	1.16696
121	86	0.849124
121	96	1.25573
121	101	0.188149
121	103	1.06647
121	108	0.557507
121	129	0.670851
121	141	0.603489
121	143	1.25251
121	146	1.19599
121	149	1.24041
121	152	1.19978
121	153	1.26487
121	155	1.19491
121	161	1.179
121	162	1.11455
121	164	1.25232
121	165	1.13764
121	166	1.11698
121	170	1.14185
121	171	1.06423
121	173	0.619222
121	174	1.02882
121	175	1.114
121	177	0.614487
121	178	0.576147
121	179	1.08856
121	180	1.12438
122	24	1.15963
122	31	0.473007
122	73	1.1005
122	85	1.16786
122	86	1.1735
122	92	1.08471
122	116	0.368263
122	123	1.13421
122	125	1.20827
122	129	1.16547
122	130	1.17512
122	134	1.17876
122	138	1.14908
122	144	1.14037
122	151	1.16943
122	154	1.16833
122	155	0.687677
122	158	1.14501
122	159	0.70387
122	160	0.970848
122	163	0.776677
122	165	0.929896
122	170	0.843237
122	172	1.32141
122	173	1.19216
122	174	0.948602
122	176	1.17324
122	177	1.19993
122	178	1.19495
122	179	1.14606
123	6	0.5527
123	13	1.0348
123	20	1.14286
123	38	1.08444
123	57	0.518812
123	75	0.558905
123	86	1.14005
123	106	1.11342
123	107	1.11328
123	109	1.19129
123	115	1.06829
123	122	1.13421
123	125	1.17482
123	130	1.14168
123	138	1.11563
123	139	0.9202
123	142	1.14211
123	144	1.10693
123	145	1.15212
123	149	0.731445
123	150	1.10518
123	154	1.13488
123	156	1.12744
123	158	1.11157
123	159	0.876049
123	162	1.05179
123	163	0.948856
123	173	1.15872
123	175	1.12846
123	176	1.1398
123	177	1.16649
124	2	0.979557
124	10	0.817833
124	50	0.27729
124	52	0.696772
124	72	1.16955
124	77	1.17496
124	81	0.990537
124	99	1.2005
124	116	1.19009
124	135	1.12574
124	136	1.17973
124	137	1.11319
124	139	1.09104
124	146	1.10321
124	155	1.10213
124	156	0.568269
124	158	0.682999
124	159	1.06209
124	161	1.08621
124	162	1.02176
124	163	1.06051
124	164	1.15954
124	165	1.04486
124	166	1.0242
124	168	1.04474
124	172	0.979485
124	173	0.617157
124	175	1.02121
124	176	0.668004
124	179	0.995782
124	180	1.0316
125	14	1.06008
125	20	1.21692
125	25	0.470925
125	34	1.16829
125	73	1.14112
125	119	0.650261
125	122	1.20827
125	123	1.17482
125	128	0.431155
125	130	1.21574
125	132	1.20268
125	134	1.21938
125	136	0.542512
125	138	1.18969
125	139	0.840267
125	141	1.17922
125	143	0.925047
125	144	1.18099
125	145	1.22618
125	147	0.68648
125	150	1.17924
125	154	1.20894
125	158	1.18563
125	162	0.971857
125	167	0.920012
125	168	1.06943
125	173	1.23278
125	175	1.04853
125	176	1.21386
125	177	1.24055
125	178	1.23557
126	14	1.06897
126	17	1.19712
126	18	1.35151
126	23	0.481685
126	64	0.526508
126	76	0.826252
126	88	0.586334
126	93	1.16608
126	98	0.585326
126	99	0.570092
126	109	1.27424
126	112	1.16669
126	128	0.534845
126	129	1.21497
126	137	0.921083
126	144	1.18988
126	145	1.23507
126	150	1.18813
126	151	1.21893
126	153	0.740478
126	154	1.21783
126	156	1.21039
126	158	1.19452
126	160	1.02035
126	167	0.9289
126	173	1.24167
126	174	0.998107
126	175	1.15222
126	176	1.22275
126	177	1.24944
126	178	1.24446
127	1	1.26928
127	2	1.13611
127	5	1.05072
127	8	1.2529
127	9	1.25183
127	10	0.83958
127	27	1.2059
127	28	0.839495
127	35	1.29803
127	40	0.445274
127	48	1.28548
127	55	0.972493
127	58	1.25294
127	63	1.26104
127	71	1.17737
127	74	1.14264
127	79	1.05666
127	82	0.614198
127	83	0.722528
127	103	0.995435
127	104	1.02711
127	128	1.28851
127	136	0.712114
127	152	0.914887
127	156	1.17007
127	157	0.810603
127	159	0.965718
127	160	0.980029
127	161	0.871793
127	167	0.888575
127	171	1.41116
127	174	0.957782
128	1	1.37178
128	2	1.23861
128	10	0.942077
128	17	0.631212
128	22	0.256975
128	24	0.608525
128	33	1.248
128	36	1.24354
128	63	1.36354
128	74	1.24514
128	81	0.776647
128	82	1.27635
128	89	1.25411
128	100	1.27418
128	105	0.667595
128	108	1.24352
128	120	1.34245
128	125	0.431155
128	126	0.534845
128	127	1.28851
128	138	0.53229
128	142	0.383123
128	147	1.24922
128	156	1.27257
128	159	1.18633
128	160	1.08252
128	169	1.17611
128	171	1.0957
128	173	0.403267
128	174	1.06028
128	175	1.14546
128	176	0.454114
129	52	1.10861
129	68	1.12247
129	81	1.11114
129	85	1.16568
129	109	1.22255
129	112	1.115
129	115	1.09955
129	121	0.670851
129	122	1.16547
129	126	1.21497
129	130	1.17294
129	132	1.15988
129	133	0.518026
129	134	1.17658
129	139	0.864008
129	141	1.13642
129	144	1.13819
129	146	0.870211
129	148	1.15101
129	150	1.13644
129	151	1.16724
129	152	0.769026
129	153	0.660529
129	154	1.16614
129	157	0.664742
129	158	1.14283
129	165	1.04588
129	173	1.18998
129	174	0.946417
129	175	1.07227
129	177	1.19775
129	178	1.19277
129	180	1.10373
130	12	0.252717
130	19	0.493516
130	46	1.2084
130	56	1.18248
130	82	0.477014
130	90	1.0018
130	93	1.12404
130	106	1.15434
130	115	1.1092
130	118	1.16
130	122	1.17512
130	123	1.14168
130	125	1.21574
130	129	1.17294
130	133	0.526703
130	138	1.15655
130	141	1.14608
130	142	1.18303
130	145	1.19304
130	149	0.683929
130	150	1.1461
130	151	1.1769
130	156	1.16836
130	158	1.15248
130	167	0.886867
130	169	0.885034
130	170	0.967901
130	174	0.956075
130	176	1.18072
130	177	1.20741
130	178	1.20242
130	179	1.27072
130	180	1.1124
131	17	0.682789
131	18	0.391934
131	35	0.727949
131	36	0.215755
131	46	0.628485
131	83	1.26724
131	88	1.25225
131	94	1.2647
131	111	1.31157
131	119	1.27137
131	135	1.23794
131	138	0.583866
131	140	1.19041
131	142	0.434699
131	145	0.57605
131	149	1.25982
131	150	0.562018
131	155	1.21432
131	159	1.17428
131	161	1.19841
131	162	1.13396
131	163	1.1727
131	165	1.15705
131	166	1.13639
131	168	1.15693
131	169	1.16406
131	170	1.16126
131	171	1.08364
131	172	1.09168
131	174	1.04823
131	176	0.505691
131	178	0.411769
131	179	1.10798
131	180	1.14379
132	19	0.606281
132	24	1.15404
132	31	0.710436
132	38	1.1123
132	47	1.09137
132	67	1.12346
132	72	0.687386
132	73	1.09492
132	75	0.624155
132	88	0.627828
132	109	1.21915
132	112	1.1116
132	114	0.904425
132	125	1.20268
132	129	1.15988
132	135	0.71342
132	138	1.14349
132	141	1.13302
132	142	1.16998
132	144	1.13479
132	145	1.17998
132	148	1.14761
132	149	0.796695
132	150	1.13304
132	151	1.16384
132	158	1.13943
132	164	0.755827
132	165	1.16733
132	169	0.997799
132	173	1.18658
132	174	0.943018
132	176	1.16766
132	177	1.19435
132	178	1.18937
133	18	0.403488
133	70	0.60303
133	83	1.24244
133	86	0.696299
133	94	1.2399
133	95	1.12435
133	105	0.730725
133	106	0.603473
133	117	1.2814
133	129	0.518026
133	130	0.526703
133	135	1.21314
133	139	1.17843
133	140	1.16561
133	143	1.24712
133	145	0.587603
133	146	1.1906
133	147	1.21237
133	148	0.573529
133	149	1.23502
133	150	0.573571
133	153	1.25948
133	159	1.14948
133	161	1.1736
133	164	1.24693
133	166	1.11159
133	168	1.13213
133	170	1.13646
133	171	1.05884
133	172	1.06688
133	173	0.466397
133	174	1.02343
133	175	1.10861
133	179	1.08317
133	180	1.11899
134	17	1.15872
134	42	1.27593
134	51	0.82397
134	53	1.24251
134	73	1.11161
134	77	0.46583
134	85	1.17897
134	86	1.18461
134	91	0.443388
134	106	1.15798
134	107	1.15783
134	115	1.11284
134	122	1.17876
134	125	1.21938
134	129	1.17658
134	138	1.16019
134	141	1.14972
134	142	1.18667
134	143	0.901497
134	144	1.15148
134	146	0.82292
134	148	1.1643
134	151	1.18054
134	152	0.721735
134	157	0.617451
134	158	1.15612
134	159	0.772566
134	163	0.845372
134	165	0.998592
134	167	0.890505
134	173	1.20327
134	175	1.02498
134	176	1.18436
134	177	1.21104
134	178	1.20606
135	8	0.753811
135	12	1.26756
135	25	1.20279
135	35	0.813454
135	61	1.23645
135	64	1.21266
135	68	0.681331
135	76	1.05741
135	85	0.639191
135	95	1.02019
135	98	1.17388
135	115	0.755208
135	124	1.12574
135	131	1.23794
135	132	0.71342
135	133	1.21314
135	136	1.16296
135	146	1.08643
135	148	0.64748
135	149	1.13085
135	150	0.647523
135	152	1.09023
135	153	1.15531
135	155	1.08535
135	157	1.12591
135	160	0.941507
135	161	1.06944
135	162	1.00499
135	164	1.14276
135	167	0.850054
135	168	1.02797
135	170	1.0323
135	172	0.962711
135	175	1.00444
135	177	0.535614
135	178	0.497274
135	179	0.979008
136	8	0.728087
136	41	1.20005
136	59	0.718958
136	66	0.538173
136	81	0.888004
136	84	1.30091
136	90	1.08094
136	94	1.18972
136	96	1.20016
136	109	0.663678
136	113	1.17445
136	119	1.19639
136	124	1.17973
136	125	0.542512
136	127	0.712114
136	135	1.16296
136	139	1.12825
136	144	0.582439
136	146	1.14042
136	147	1.16219
136	149	1.18484
136	151	0.523627
136	152	1.14421
136	155	1.13934
136	156	0.465736
136	162	1.05898
136	163	1.09772
136	164	1.19675
136	165	1.08207
136	166	1.06142
136	168	1.08196
136	170	1.08629
136	172	1.0167
136	173	0.514624
136	174	0.973251
136	175	1.05843
136	179	1.033
136	180	1.06882
137	21	1.21078
137	26	0.61629
137	64	1.2001
137	65	0.243995
137	71	0.85285
137	82	1.12278
137	91	1.14364
137	95	1.00764
137	108	0.727791
137	111	1.17005
137	124	1.11319
137	126	0.921083
137	139	1.06171
137	147	1.09565
137	149	1.1183
137	152	1.07767
137	153	1.14276
137	155	1.0728
137	156	0.740617
137	157	1.11336
137	159	1.03276
137	161	1.05689
137	163	1.03118
137	164	1.13021
137	165	1.01553
