1	11	0.942668
1	22	0.918627
1	36	0.991002
1	38	0.900764
1	39	1.00074
1	45	0.972999
1	48	0.972986
1	49	0.972983
1	91	1.40857
1	136	0.937879
1	142	1.0222
1	162	1.9115
2	63	2.03947
2	68	1.00904
2	110	0.950678
2	113	0.939719
2	115	0.976029
2	116	0.977121
2	117	0.976873
2	119	0.966897
2	124	0.967009
2	150	1.51419
2	157	0.952392
2	174	0.876327
3	72	1.01687
3	109	0.359008
3	141	1.10847
3	164	0.941545
3	167	0.987542
3	171	0.943003
3	175	0.934509
3	176	0.957161
3	177	0.913746
3	178	0.933616
3	179	0.954937
3	180	0.92292
4	5	1.01608
4	8	0.996771
4	9	0.891795
4	14	0.980567
4	21	0.98178
4	30	0.98215
4	42	0.952811
4	101	0.945098
4	106	0.933163
4	118	0.954148
4	146	0.731646
4	177	3.29388
5	4	1.01608
5	8	1.11519
5	9	1.01022
5	14	1.09899
5	26	1.11841
5	42	1.07123
5	74	1.23217
5	101	1.06352
5	106	1.05159
5	118	1.07257
5	169	1.9853
5	170	0.929171
6	10	0.923939
6	15	0.900582
6	17	1.00059
6	20	1.01074
6	27	1.01074
6	29	0.900517
6	32	0.981134
6	40	0.981796
6	77	1.98299
6	101	0.95365
6	106	0.941714
6	155	1.40254
7	23	0.926037
7	34	0.906737
7	43	0.978595
7	47	0.977945
7	54	0.968354
7	59	0.968134
7	60	0.968002
7	118	0.977158
7	130	1.75248
7	132	0.963127
7	138	1.00417
7	145	1.82347
8	4	0.996771
8	5	1.11519
8	14	1.07968
8	16	0.810419
8	21	1.0809
8	26	1.0991
8	30	1.08127
8	42	1.05193
8	106	1.03228
8	118	1.05327
8	123	1.28092
8	148	1.89839
9	4	0.891795
9	5	1.01022
9	14	0.974709
9	21	0.975921
9	26	0.994127
9	30	0.976291
9	42	0.946952
9	101	0.93924
9	106	0.927304
9	118	0.94829
9	164	1.51359
9	178	2.36952
10	6	0.923939
10	12	0.922351
10	15	0.909765
10	20	1.01992
10	27	1.01992
10	29	0.9097
10	32	0.990317
10	40	0.990979
10	101	0.962832
10	106	0.950896
10	144	1.39792
10	171	2.37263
11	1	0.942668
11	22	0.915641
11	24	1.0075
11	38	0.897778
11	39	0.997752
11	45	0.970013
11	48	0.97
11	49	0.969998
11	136	0.934893
11	142	1.01922
11	155	1.12506
11	161	2.50146
12	10	0.922351
12	15	0.898994
12	17	0.999001
12	20	1.00915
12	27	1.00915
12	29	0.898929
12	32	0.979546
12	40	0.980208
12	94	1.25381
12	101	0.952061
12	106	0.940126
12	166	2.14806
13	34	0.981704
13	43	1.05356
13	47	1.05291
13	54	1.04332
13	59	1.0431
13	60	1.04297
13	105	1.04086
13	118	1.05213
13	132	1.03809
13	138	1.07913
13	145	1.24814
13	151	1.20519
13	158	1.83654
14	4	0.980567
14	5	1.09899
14	8	1.07968
14	9	0.974709
14	21	1.06469
14	30	1.06506
14	42	1.03572
14	101	1.02801
14	106	1.01608
14	118	1.03706
14	150	0.959554
14	174	0.747302
14	177	3.52335
15	6	0.900582
15	10	0.909765
15	12	0.898994
15	17	0.986415
15	20	0.996561
15	27	0.996561
15	29	0.886343
15	32	0.966959
15	40	0.967622
15	101	0.939475
15	106	0.927539
15	135	1.11567
15	165	2.57724
16	8	0.810419
16	18	1.464
16	155	1.04272
16	158	0.950773
16	162	0.985686
16	163	0.946427
16	167	0.952541
16	170	0.971841
16	173	0.927268
16	175	0.899509
16	178	0.898616
16	179	0.919937
16	180	0.887919
17	6	1.00059
17	12	0.999001
17	15	0.986415
17	20	1.09657
17	27	1.09657
17	29	0.98635
17	32	1.06697
17	40	1.06763
17	101	1.03948
17	106	1.02755
17	131	0.933659
17	173	1.66588
17	179	2.26834
18	16	1.464
18	51	1.50167
18	64	0.935792
18	67	0.92287
18	69	0.916192
18	89	0.948197
18	99	0.962132
18	104	1.00115
18	108	0.991811
18	109	0.991787
18	138	0.986946
18	147	0.851497
18	148	0.932017
19	22	1.02192
19	24	1.11378
19	36	1.0943
19	38	1.00406
19	45	1.07629
19	48	1.07628
19	49	1.07628
19	127	1.02054
19	136	1.04117
19	142	1.1255
19	143	1.35935
19	170	1.64432
20	6	1.01074
20	10	1.01992
20	12	1.00915
20	15	0.996561
20	17	1.09657
20	29	0.996497
20	32	1.07711
20	40	1.07778
20	101	1.04963
20	106	1.03769
20	122	1.55948
20	137	0.935055
20	179	2.02781
21	4	0.98178
21	8	1.0809
21	9	0.975921
21	14	1.06469
21	26	1.08411
21	30	1.06628
21	42	1.03694
21	101	1.02922
21	106	1.01729
21	118	1.03827
21	149	1.17662
21	160	2.14695
21	162	0.958422
22	1	0.918627
22	11	0.915641
22	19	1.02192
22	36	0.963975
22	38	0.873737
22	39	0.973711
22	45	0.945972
22	48	0.945958
22	49	0.945956
22	51	1.49833
22	136	0.910852
22	142	0.995176
22	150	1.93956
23	7	0.926037
23	34	0.889101
23	43	0.960959
23	47	0.960309
23	54	0.950718
23	59	0.950498
23	60	0.950366
23	105	0.948256
23	118	0.959522
23	132	0.945491
23	138	0.98653
23	144	2.24628
23	148	1.64443
24	11	1.0075
24	19	1.11378
24	36	1.05584
24	38	0.965599
24	39	1.06557
24	45	1.03783
24	48	1.03782
24	49	1.03782
24	90	1.78406
24	132	0.990212
24	136	1.00271
24	142	1.08704
24	165	1.6575
25	57	1.09434
25	75	1.03659
25	93	1.058
25	96	1.04517
25	102	1.016
25	103	1.02147
25	120	1.02715
25	121	1.02593
25	125	1.01765
25	126	1.05416
25	135	0.625957
25	145	0.984663
25	172	2.8225
26	5	1.11841
26	8	1.0991
26	9	0.994127
26	21	1.08411
26	30	1.08448
26	42	1.05514
26	97	1.09861
26	101	1.04743
26	106	1.03549
26	118	1.05648
26	146	1.08822
26	167	1.92947
27	6	1.01074
27	10	1.01992
27	12	1.00915
27	15	0.996561
27	17	1.09657
27	29	0.996497
27	32	1.07711
27	40	1.07778
27	101	1.04963
27	106	1.03769
27	141	0.919065
27	154	2.49915
27	170	1.32632
28	98	1.06536
28	107	2.25466
28	113	1.02957
28	115	1.06588
28	116	1.06697
28	117	1.06673
28	119	1.05675
28	124	1.05686
28	143	0.924902
28	153	1.016
28	154	0.961694
28	157	1.04224
28	174	0.96618
29	6	0.900517
29	10	0.9097
29	12	0.898929
29	15	0.886343
29	17	0.98635
29	20	0.996497
29	27	0.996497
29	32	0.966895
29	40	0.967557
29	101	0.93941
29	106	0.927474
29	133	1.67012
29	150	1.92902
30	4	0.98215
30	8	1.08127
30	9	0.976291
30	14	1.06506
30	21	1.06628
30	26	1.08448
30	42	1.03731
30	101	1.02959
30	106	1.01766
30	118	1.03864
30	141	0.873265
30	152	1.35756
30	163	1.94226
31	48	0.999593
31	121	0.89566
31	159	1.03576
31	161	0.956057
31	165	0.92803
31	166	0.968042
31	168	0.922111
31	170	0.971283
31	175	0.898951
31	176	0.921603
31	177	0.878188
31	178	0.898058
31	179	0.919379
31	180	0.887362
32	6	0.981134
32	10	0.990317
32	12	0.979546
32	15	0.966959
32	17	1.06697
32	20	1.07711
32	27	1.07711
32	29	0.966895
32	40	1.04817
32	101	1.02003
32	106	1.00809
32	153	1.28751
32	156	1.13837
32	173	2.08978
33	57	1.08215
33	58	1.00483
33	81	1.01874
33	87	1.01716
33	95	0.98349
33	96	1.03298
33	102	1.00381
33	120	1.01496
33	121	1.01374
33	123	0.897709
33	125	1.00546
33	126	1.04197
33	172	1.6849
33	178	2.35266
34	7	0.906737
34	13	0.981704
34	23	0.889101
34	43	0.941658
34	47	0.941008
34	54	0.931417
34	59	0.931198
34	60	0.931065
34	105	0.928955
34	118	0.940221
34	132	0.92619
34	138	0.967229
34	149	1.54886
34	168	2.33612
35	44	0.958879
35	52	0.95798
35	55	0.918173
35	64	0.920365
35	67	0.907444
35	73	0.893804
35	89	0.93277
35	99	0.946705
35	108	0.976385
35	109	0.97636
35	138	0.97152
35	148	0.91659
35	151	1.52417
35	173	2.36051
36	1	0.991002
36	19	1.0943
36	22	0.963975
36	24	1.05584
36	38	0.946113
36	39	1.04609
36	45	1.01835
36	48	1.01833
36	49	1.01833
36	136	0.983228
36	139	0.845557
36	142	1.06755
36	158	1.57187
36	169	2.2246
37	65	0.174507
37	106	0.67197
37	115	0.55639
37	155	1.1309
37	164	0.994722
37	167	1.04072
37	168	1.01085
37	169	1.01366
37	170	1.06002
37	172	0.996022
37	177	0.966922
37	178	0.986793
37	179	1.00811
37	180	0.976096
38	1	0.900764
38	11	0.897778
38	19	1.00406
38	22	0.873737
38	24	0.965599
38	36	0.946113
38	39	0.955848
38	45	0.928109
38	48	0.928096
38	49	0.928094
38	134	1.40375
38	136	0.892989
38	142	0.977313
38	161	2.64301
39	1	1.00074
39	11	0.997752
39	22	0.973711
39	24	1.06557
39	36	1.04609
39	38	0.955848
39	45	1.02808
39	48	1.02807
39	49	1.02807
39	133	0.740889
39	136	0.992963
39	140	0.649418
39	142	1.07729
39	180	3.20391
40	6	0.981796
40	10	0.990979
40	12	0.980208
40	15	0.967622
40	17	1.06763
40	20	1.07778
40	27	1.07778
40	29	0.967557
40	32	1.04817
40	101	1.02069
40	106	1.00875
40	135	1.17642
40	150	1.37749
40	151	1.70913
41	54	0.901347
41	59	0.901127
41	60	0.900995
41	74	0.868289
41	76	2.27974
41	107	0.838149
41	132	0.89612
41	138	0.937159
41	162	0.882269
41	167	0.849124
41	173	0.82385
41	178	0.795198
41	179	0.816519
41	180	0.784502
42	4	0.952811
42	5	1.07123
42	8	1.05193
42	9	0.946952
42	14	1.03572
42	21	1.03694
42	26	1.05514
42	30	1.03731
42	101	1.00026
42	106	0.988319
42	118	1.00931
42	132	1.61339
42	146	0.902149
42	173	2.18816
43	7	0.978595
43	13	1.05356
43	23	0.960959
43	34	0.941658
43	47	1.01287
43	54	1.00328
43	59	1.00306
43	60	1.00292
43	105	1.00081
43	118	1.01208
43	131	1.43121
43	132	0.998048
43	138	1.03909
43	149	1.65634
43	162	1.43814
44	35	0.958879
44	55	0.99867
44	69	0.981262
44	73	0.974301
44	89	1.01327
44	99	1.0272
44	104	1.06622
44	108	1.05688
44	109	1.05686
44	127	0.53454
44	130	0.902341
44	147	0.916567
44	148	0.997087
44	150	0.978303
44	180	3.31722
45	1	0.972999
45	11	0.970013
45	19	1.07629
45	22	0.945972
45	24	1.03783
45	36	1.01835
45	38	0.928109
45	39	1.02808
45	48	1.00033
45	49	1.00033
45	136	0.965224
45	142	1.04955
45	148	0.774338
45	171	2.35089
45	179	1.9357
46	86	1.00143
46	92	0.977413
46	93	1.02956
46	95	0.967234
46	103	0.993021
46	111	1.01836
46	120	0.998703
46	121	0.997484
46	125	0.989209
46	126	1.02571
46	129	1.01014
46	132	1.49327
46	148	1.50914
46	157	0.988917
46	158	1.86304
47	7	0.977945
47	13	1.05291
47	23	0.960309
47	34	0.941008
47	43	1.01287
47	54	1.00263
47	59	1.00241
47	60	1.00227
47	105	1.00016
47	118	1.01143
47	128	2.05099
47	132	0.997398
47	138	1.03844
47	166	0.975672
47	168	1.61396
48	1	0.972986
48	11	0.97
48	19	1.07628
48	22	0.945958
48	24	1.03782
48	31	0.999593
48	36	1.01833
48	38	0.928096
48	39	1.02807
48	45	1.00033
48	49	1.00032
48	83	0.841563
48	136	0.965211
48	142	1.04953
48	163	2.13271
49	1	0.972983
49	11	0.969998
49	19	1.07628
49	22	0.945956
49	24	1.03782
49	36	1.01833
49	38	0.928094
49	39	1.02807
49	45	1.00033
49	48	1.00032
49	136	0.965208
49	139	1.24266
49	140	1.16998
49	142	1.04953
49	174	2.42475
50	96	1.01028
50	102	0.981112
50	103	0.986579
50	104	1.04247
50	108	1.03313
50	109	1.03311
50	111	1.01192
50	125	0.982767
50	126	1.01927
50	138	1.02827
50	146	0.695892
50	147	0.892816
50	150	0.954552
50	172	2.44583
50	179	2.00384
51	18	1.50167
51	22	1.49833
51	103	0.960005
51	107	0.902681
51	120	0.965687
51	121	0.964467
51	125	0.956193
51	126	0.992695
51	137	0.932042
51	157	0.9559
51	166	0.929715
51	177	0.839861
51	178	0.859731
51	179	0.881052
51	180	0.849035
52	35	0.95798
52	55	0.997771
52	61	1.22419
52	64	0.999964
52	67	0.987042
52	69	0.980364
52	89	1.01237
52	99	1.0263
52	104	1.06532
52	108	1.05598
52	109	1.05596
52	142	1.53205
52	147	0.915668
52	148	0.996189
52	162	1.77328
53	82	0.853152
53	130	0.931873
53	137	0.894705
53	138	2.48527
53	151	0.907125
53	158	0.87455
53	163	0.870205
53	167	0.876319
53	171	0.83178
53	175	0.823286
53	176	0.845938
53	177	0.802523
53	178	0.822393
53	179	0.843715
53	180	0.811697
54	7	0.968354
54	13	1.04332
54	23	0.950718
54	34	0.931417
54	41	0.901347
54	43	1.00328
54	47	1.00263
54	59	0.992815
54	60	0.992682
54	105	0.990573
54	118	1.00184
54	132	0.987807
54	138	1.02885
54	140	1.05852
54	149	1.05766
54	175	2.82726
55	35	0.918173
55	44	0.99867
55	52	0.997771
55	66	1.03403
55	73	0.933596
55	99	0.986497
55	104	1.02552
55	108	1.01618
55	109	1.01615
55	129	0.986741
55	133	1.25773
55	138	1.01131
55	148	0.956382
55	150	0.937598
55	162	1.46155
55	170	2.07621
56	71	0.905011
56	101	0.823714
56	106	1.20046
56	156	0.980247
56	160	0.915187
56	161	0.932826
56	162	0.961898
56	166	0.944811
56	167	0.928753
56	170	0.948053
56	175	0.87572
56	176	0.898372
56	177	0.854957
56	178	0.874827
56	179	0.896148
56	180	0.864131
57	25	1.09434
57	33	1.08215
57	75	1.06929
57	93	1.0907
57	95	1.02838
57	96	1.07786
57	102	1.0487
57	111	1.0795
57	120	1.05984
57	121	1.05863
57	125	1.05035
57	140	1.51507
57	141	1.04522
57	142	1.05478
57	151	1.68272
57	157	1.05006
58	33	1.00483
58	83	0.473593
58	85	0.98926
58	92	0.961235
58	95	0.951057
58	102	0.971377
58	103	0.976843
58	111	1.00218
58	120	0.982525
58	121	0.981306
58	125	0.973031
58	126	1.00953
58	133	1.01536
58	151	1.33324
58	157	0.972739
58	175	2.93433
59	7	0.968134
59	13	1.0431
59	23	0.950498
59	34	0.931198
59	41	0.901127
59	43	1.00306
59	47	1.00241
59	54	0.992815
59	60	0.992463
59	61	1.26136
59	88	1.80608
59	105	0.990353
59	118	1.00162
59	132	0.987588
59	135	1.66445
59	138	1.02863
60	7	0.968002
60	13	1.04297
60	23	0.950366
60	34	0.931065
60	41	0.900995
60	43	1.00292
60	47	1.00227
60	54	0.992682
60	59	0.992463
60	105	0.990221
60	118	1.00149
60	132	0.987455
60	133	1.13616
60	138	1.02849
60	166	1.70715
60	170	1.95464
61	52	1.22419
61	59	1.26136
61	75	1.03445
61	81	1.02879
61	92	1.00372
61	105	0.0877123
61	121	1.02379
61	125	1.01552
61	126	1.05202
61	155	1.06316
61	170	0.992279
61	171	0.928441
61	177	0.899184
61	178	0.919054
61	179	0.940375
61	180	0.908358
62	65	1.05299
62	72	1.02342
62	84	1.00186
62	110	0.978606
62	113	0.967646
62	115	1.00396
62	116	1.00505
62	117	1.0048
62	119	0.994825
62	124	0.994937
62	142	1.18907
62	151	1.14555
62	154	0.899769
62	157	0.98032
62	174	0.904255
62	177	4.2647
63	2	2.03947
63	88	0.972187
63	125	0.648599
63	159	1.00147
63	161	0.921765
63	163	0.911577
63	165	0.893737
63	166	0.933749
63	168	0.887818
63	169	0.890637
63	170	0.936991
63	173	0.892418
63	176	0.887311
63	177	0.843895
63	178	0.863766
63	179	0.885087
63	180	0.853069
64	18	0.935792
64	35	0.920365
64	52	0.999964
64	66	1.03623
64	73	0.935788
64	89	0.974754
64	99	0.988689
64	104	1.02771
64	108	1.01837
64	109	1.01834
64	129	0.988933
64	147	0.878054
64	148	0.958574
64	150	0.93979
64	152	0.825562
64	158	1.61012
64	171	2.83277
65	37	0.174507
65	62	1.05299
65	80	1.05964
65	84	1.06729
65	98	1.06886
65	110	1.04404
65	113	1.03308
65	115	1.06939
65	116	1.07048
65	117	1.07023
65	119	1.06025
65	124	1.06037
65	154	0.965198
65	170	0.849889
65	171	2.47594
65	174	0.969684
65	176	1.77649
66	55	1.03403
66	64	1.03623
66	69	1.01663
66	73	1.00966
66	89	1.04863
66	91	0.644175
66	99	1.06257
66	104	1.10159
66	108	1.09224
66	109	1.09222
66	112	1.06987
66	122	2.50429
66	134	1.03014
66	138	1.08738
66	147	0.95193
66	150	1.01367
66	152	1.38061
67	18	0.92287
67	35	0.907444
67	52	0.987042
67	73	0.922867
67	89	0.961832
67	99	0.975767
67	100	0.765267
67	104	1.01479
67	108	1.00545
67	109	1.00542
67	112	0.983072
67	129	0.976011
67	138	1.00058
67	147	0.865132
67	148	0.945652
67	150	0.926868
67	171	2.76777
67	174	2.0009
68	2	1.00904
68	76	1.06311
68	79	1.05684
68	80	1.04361
68	110	1.02801
68	113	1.01705
68	115	1.05336
68	116	1.05445
68	117	1.0542
68	119	1.04422
68	124	1.04434
68	142	1.19145
68	152	1.66618
68	154	0.949168
68	155	1.17858
68	156	1.70431
68	157	1.02972
68	174	0.953654
69	18	0.916192
69	44	0.981262
69	52	0.980364
69	66	1.01663
69	73	0.916188
69	89	0.955154
69	99	0.969089
69	104	1.00811
69	108	0.998768
69	109	0.998744
69	112	0.976394
69	129	0.969333
69	133	1.03629
69	143	1.5698
69	147	0.858454
69	148	0.938974
69	150	0.92019
69	174	2.71394
70	80	0.402135
70	93	0.734556
70	112	0.691505
70	143	1.01735
70	158	0.979402
70	160	0.967605
70	162	1.01432
70	164	0.935174
70	166	0.997229
70	169	0.954117
70	170	1.00047
70	172	0.936474
70	175	0.928138
70	176	0.95079
70	177	0.907375
70	178	0.927245
70	179	0.948566
70	180	0.916549
71	56	0.905011
71	82	0.84168
71	90	0.872076
71	110	2.77776
71	153	0.891762
71	160	0.851282
71	165	0.840893
71	166	0.880905
71	167	0.864847
71	170	0.884147
71	171	0.820308
71	173	0.839574
71	175	0.811815
71	176	0.834467
71	177	0.791051
71	178	0.810922
71	179	0.832243
71	180	0.800225
72	3	1.01687
72	62	1.02342
72	78	1.05105
72	80	1.03007
72	84	1.03772
72	98	1.03929
72	100	1.66659
72	110	1.01447
72	113	1.00351
72	114	0.966324
72	115	1.03982
72	117	1.04066
72	119	1.03068
72	124	1.0308
72	131	1.42146
72	134	1.31143
72	154	0.935628
72	157	1.01618
72	174	0.940114
73	35	0.893804
73	44	0.974301
73	55	0.933596
73	64	0.935788
73	66	1.00966
73	67	0.922867
73	69	0.916188
73	99	0.962128
73	104	1.00115
73	108	0.991807
73	109	0.991783
73	112	0.969433
73	135	1.37896
73	138	0.986943
73	141	1.27417
73	147	0.851493
73	148	0.932013
73	150	0.913229
73	173	2.74801
74	5	1.23217
74	41	0.868289
74	113	2.01889
74	139	0.957277
74	143	0.943935
74	149	0.959523
74	152	0.953749
74	161	0.911827
74	163	0.90164
74	167	0.907754
74	168	0.877881
74	169	0.8807
74	171	0.863215
74	173	0.88248
74	176	0.877373
74	177	0.833958
74	178	0.853828
74	179	0.875149
74	180	0.843132
75	25	1.03659
75	57	1.06929
75	61	1.03445
75	81	1.00587
75	85	1.00882
75	86	1.00482
75	96	1.02011
75	102	0.990942
75	103	0.996408
75	111	1.02174
75	120	1.00209
75	121	1.00087
75	125	0.992596
75	126	1.0291
75	155	1.04428
75	156	1.57002
75	157	0.992303
75	159	1.27478
75	167	2.07668
76	41	2.27974
76	68	1.06311
76	78	1.04134
76	79	1.03359
76	98	1.02959
76	110	1.00476
76	112	1.03475
76	113	0.993797
76	115	1.03011
76	116	1.0312
76	117	1.03095
76	119	1.02098
76	124	1.02109
76	146	0.929809
76	154	0.925919
76	157	1.00647
76	163	1.37991
76	166	0.928866
76	174	0.930405
77	6	1.98299
77	106	1.05905
77	123	0.967296
77	146	1.02212
77	159	0.989661
77	162	0.939027
77	163	0.899768
77	164	0.859886
77	166	0.92194
77	169	0.878829
77	170	0.925182
77	171	0.861343
77	175	0.85285
77	176	0.875502
77	177	0.832086
77	178	0.851957
77	179	0.873278
77	180	0.84126
78	72	1.05105
78	76	1.04134
78	80	1.02184
78	84	1.02949
78	91	0.973853
78	98	1.03106
78	110	1.00623
78	112	1.03623
78	113	0.995275
78	115	1.03159
78	116	1.03268
78	119	1.02245
78	122	1.73623
78	124	1.02257
78	154	0.927398
78	157	1.00795
78	161	1.50135
78	172	2.64656
78	174	0.931884
79	68	1.05684
79	76	1.03359
79	80	1.01408
79	84	1.02174
79	88	0.90586
79	98	1.02331
79	110	0.998481
79	112	1.02848
79	113	0.987521
79	115	1.02383
79	116	1.02492
79	117	1.02468
79	119	1.0147
79	124	1.01481
79	143	1.23991
79	144	2.17623
79	157	1.00019
79	167	1.68852
79	174	0.92413
80	65	1.05964
80	68	1.04361
80	70	0.402135
80	72	1.03007
80	78	1.02184
80	79	1.01408
80	98	1.01008
80	110	0.985249
80	113	0.974289
80	115	1.0106
80	116	1.01169
80	117	1.01144
80	119	1.00147
80	124	1.00158
80	149	0.716854
80	154	0.906411
80	157	0.986962
80	163	1.31686
80	174	0.910897
80	180	3.27221
81	33	1.01874
81	61	1.02879
81	75	1.00587
81	86	0.999152
81	87	0.998627
81	92	0.975136
81	93	1.02728
81	95	0.964957
81	102	0.985277
81	103	0.990744
81	111	1.01608
81	120	0.996426
81	121	0.995206
81	125	0.986932
81	126	1.02343
81	146	1.21156
81	156	1.54615
81	157	0.986639
81	162	1.27452
81	168	2.27997
82	53	0.853152
82	71	0.84168
82	115	3.27026
82	128	0.862624
82	158	0.863653
82	161	0.869495
82	163	0.859307
82	165	0.841468
82	166	0.88148
82	167	0.865421
82	168	0.835548
82	169	0.838368
82	171	0.820882
82	173	0.840148
82	174	0.8316
82	176	0.835041
82	177	0.791625
82	178	0.811496
82	179	0.832817
82	180	0.800799
83	48	0.841563
83	58	0.473593
83	87	0.911109
83	98	0.704224
83	134	1.09098
83	141	1.12584
83	156	1.05641
83	159	1.0887
83	164	0.95892
83	165	0.980963
83	167	1.00492
83	169	0.977863
83	170	1.02422
83	171	0.960378
83	175	0.951884
83	176	0.974536
83	177	0.931121
83	178	0.950991
83	179	0.972312
83	180	0.940295
84	62	1.00186
84	65	1.06729
84	72	1.03772
84	78	1.02949
84	79	1.02174
84	98	1.01773
84	100	0.96282
84	110	0.992905
84	113	0.981945
84	114	0.944763
84	116	1.01935
84	117	1.0191
84	119	1.00912
84	124	1.00924
84	154	0.914067
84	157	0.994618
84	159	0.701017
84	173	1.94767
84	174	0.918553
84	175	2.71242
85	58	0.98926
85	75	1.00882
85	86	1.00211
85	87	1.00158
85	92	0.978093
85	93	1.03024
85	95	0.967914
85	96	1.0174
85	102	0.988235
85	103	0.993701
85	111	1.01904
85	114	2.06055
85	120	0.999383
85	121	0.998164
85	123	0.935664
85	125	0.989889
85	126	1.02639
85	131	0.882059
85	157	0.989597
85	176	2.43025
86	46	1.00143
86	75	1.00482
86	81	0.999152
86	85	1.00211
86	87	0.997576
86	88	1.48806
86	95	0.963907
86	96	1.0134
86	102	0.984227
86	103	0.989693
86	111	1.01503
86	120	0.995375
86	121	0.994156
86	123	1.53911
86	125	0.985881
86	126	1.02238
86	133	1.02821
86	141	1.24164
86	157	0.985589
86	166	1.8596
87	33	1.01716
87	81	0.998627
87	83	0.911109
87	85	1.00158
87	86	0.997576
87	92	0.973559
87	93	1.02571
87	95	0.963381
87	102	0.983701
87	103	0.989168
87	111	1.0145
87	120	0.994849
87	125	0.985355
87	126	1.02186
87	129	1.00628
87	133	1.02768
87	149	1.60224
87	157	0.985063
87	159	1.36044
87	166	1.75121
88	59	1.80608
88	63	0.972187
88	79	0.90586
88	86	1.48806
88	149	0.994854
88	153	0.969999
88	155	1.03327
88	161	0.947157
88	162	0.976229
88	164	0.897088
88	165	0.91913
88	167	0.943084
88	168	0.913211
88	170	0.962384
88	171	0.898545
88	175	0.890052
88	176	0.912704
88	177	0.869288
88	178	0.889158
88	179	0.91048
88	180	0.878462
89	18	0.948197
89	35	0.93277
89	44	1.01327
89	52	1.01237
89	64	0.974754
89	66	1.04863
89	67	0.961832
89	69	0.955154
89	99	1.00109
89	100	1.60532
89	104	1.04011
89	108	1.03077
89	109	1.03075
89	129	1.00134
89	138	1.02591
89	147	0.890459
89	148	0.970979
89	150	0.952195
89	155	1.11302
89	159	1.34352
89	168	2.37258
90	24	1.78406
90	71	0.872076
90	101	1.79808
90	123	0.957231
90	154	0.85751
90	155	0.986001
90	158	0.894049
90	161	0.899891
90	162	0.928963
90	163	0.889703
90	164	0.849821
90	166	0.911876
90	169	0.868764
90	170	0.915117
90	172	0.851121
90	173	0.870544
90	176	0.865437
90	177	0.822021
90	178	0.841892
90	179	0.863213
90	180	0.831196
91	1	1.40857
91	66	0.644175
91	78	0.973853
91	99	0.642507
91	130	1.05724
91	155	1.09187
91	159	1.08547
91	163	0.995577
91	164	0.955695
91	165	0.977737
91	167	1.00169
91	170	1.02099
91	171	0.957152
91	172	0.956995
91	173	0.976417
91	175	0.948658
91	176	0.97131
91	177	0.927895
91	178	0.947765
91	179	0.969086
91	180	0.937069
92	46	0.977413
92	58	0.961235
92	61	1.00372
92	81	0.975136
92	85	0.978093
92	87	0.973559
92	93	1.00222
92	95	0.93989
92	102	0.96021
92	103	0.965677
92	111	0.991013
92	120	0.971358
92	121	0.970139
92	125	0.961864
92	126	0.998367
92	129	0.982793
92	133	1.00419
92	157	0.961572
92	161	0.990489
92	170	1.13066
92	177	4.11807
92	179	1.6937
93	25	1.058
93	46	1.02956
93	57	1.0907
93	70	0.734556
93	81	1.02728
93	85	1.03024
93	87	1.02571
93	92	1.00222
93	96	1.04153
93	103	1.01782
93	111	1.04316
93	114	2.00264
93	120	1.02351
93	121	1.02229
93	125	1.01401
93	126	1.05051
93	129	1.03494
93	133	1.05634
93	142	0.589848
93	157	1.01372
93	159	0.807474
93	179	2.65659
94	12	1.25381
94	102	0.736807
94	108	0.714228
94	112	0.260944
94	136	1.0069
94	140	1.05707
94	145	1.0347
94	158	0.984373
94	160	0.972576
94	161	0.990215
94	163	0.980027
94	164	0.940145
94	166	1.0022
94	168	0.956268
94	169	0.959088
94	171	0.941602
94	172	0.941445
94	174	0.95232
94	175	0.933109
94	177	0.912345
94	178	0.932216
94	179	0.953537
94	180	0.921519
95	33	0.98349
95	46	0.967234
95	57	1.02838
95	58	0.951057
95	81	0.964957
95	85	0.967914
95	86	0.963907
95	87	0.963381
95	92	0.93989
95	96	0.9792
95	102	0.950032
95	103	0.955498
95	111	0.980835
95	120	0.96118
95	121	0.959961
95	125	0.951686
95	126	0.988188
95	129	0.972614
95	144	2.17958
95	146	0.850618
95	152	1.14708
95	157	0.951393
95	175	2.90138
96	25	1.04517
96	33	1.03298
96	50	1.01028
96	57	1.07786
96	75	1.02011
96	85	1.0174
96	86	1.0134
96	93	1.04153
96	95	0.9792
96	97	0.81372
96	102	0.99952
96	103	1.00499
96	111	1.03032
96	120	1.01067
96	121	1.00945
96	125	1.00117
96	126	1.03768
96	133	1.0435
96	136	1.34882
96	137	1.59904
96	157	1.00088
96	159	0.842682
96	164	2.94562
97	26	1.09861
97	96	0.81372
97	98	1.12459
97	114	0.969716
97	129	0.60653
97	137	0.995713
97	144	0.969319
97	155	1.06751
97	158	0.975559
97	160	0.963762
97	163	0.971213
97	164	0.931331
97	165	0.953373
97	166	0.993385
97	168	0.947454
97	170	0.996627
97	171	0.932788
97	173	0.952054
97	175	0.924295
97	176	0.946947
97	177	0.903531
97	178	0.923402
97	179	0.944723
97	180	0.912705
98	28	1.06536
98	65	1.06886
98	72	1.03929
98	76	1.02959
98	78	1.03106
98	79	1.02331
98	80	1.01008
98	83	0.704224
98	84	1.01773
98	97	1.12459
98	105	1.00371
98	110	0.994477
98	113	0.983518
98	115	1.01983
98	116	1.02092
98	117	1.02067
98	119	1.0107
98	124	1.01081
98	139	1.4689
98	148	1.84131
98	154	0.91564
98	156	1.44879
98	157	0.996191
98	174	0.920126
99	18	0.962132
99	35	0.946705
99	44	1.0272
99	52	1.0263
99	55	0.986497
99	64	0.988689
99	66	1.06257
99	67	0.975767
99	69	0.969089
99	73	0.962128
99	89	1.00109
99	91	0.642507
99	104	1.05405
99	108	1.04471
99	109	1.04468
99	112	1.02233
99	129	1.01527
99	138	1.03984
99	143	1.47512
99	147	0.904394
99	148	0.984914
99	150	0.96613
99	152	1.37894
99	162	1.14544
99	174	2.61927
100	67	0.765267
100	72	1.66659
100	84	0.96282
100	89	1.60532
100	131	1.02042
100	136	0.963905
100	140	1.01407
100	141	1.06408
100	150	0.957468
100	151	0.973953
100	152	0.989142
100	156	0.994642
100	159	1.02693
100	161	0.94722
100	165	0.919193
100	167	0.943147
100	168	0.913274
100	169	0.916093
100	170	0.962447
100	172	0.898451
100	173	0.917874
100	177	0.869351
100	178	0.889222
100	179	0.910543
100	180	0.878525
101	4	0.945098
101	5	1.06352
101	6	0.95365
101	9	0.93924
101	10	0.962832
101	12	0.952061
101	14	1.02801
101	15	0.939475
101	17	1.03948
101	20	1.04963
101	21	1.02922
101	26	1.04743
101	27	1.04963
101	29	0.93941
101	30	1.02959
101	32	1.02003
101	40	1.02069
101	42	1.00026
101	56	0.823714
101	90	1.79808
101	106	0.980607
101	118	1.00159
101	154	2.14344
101	156	0.62759
101	161	1.47825
102	25	1.016
102	33	1.00381
102	50	0.981112
102	57	1.0487
102	58	0.971377
102	75	0.990942
102	81	0.985277
102	85	0.988235
102	86	0.984227
102	87	0.983701
102	92	0.96021
102	94	0.736807
102	95	0.950032
102	96	0.99952
102	111	1.00115
102	120	0.9815
102	121	0.980281
102	125	0.972006
102	126	1.00851
102	129	0.992934
102	130	1.62256
102	133	1.01433
102	157	0.971714
102	162	1.26389
102	163	2.0821
102	166	1.63105
103	25	1.02147
103	46	0.993021
103	50	0.986579
103	51	0.960005
103	58	0.976843
103	75	0.996408
103	81	0.990744
103	85	0.993701
103	86	0.989693
103	87	0.989168
103	92	0.965677
103	93	1.01782
103	95	0.955498
103	96	1.00499
103	111	1.00662
103	114	1.33682
103	120	0.986967
103	121	0.985747
103	125	0.977473
103	126	1.01398
103	129	0.998401
103	132	0.813539
103	157	0.97718
103	160	1.35379
103	178	3.10052
103	179	1.99077
104	18	1.00115
104	44	1.06622
104	50	1.04247
104	52	1.06532
104	55	1.02552
104	64	1.02771
104	66	1.10159
104	67	1.01479
104	69	1.00811
104	73	1.00115
104	89	1.04011
104	99	1.05405
104	108	1.08373
104	109	1.0837
104	112	1.06135
104	129	1.05429
104	133	0.61618
104	134	0.703042
104	138	1.07886
104	147	0.943413
104	148	1.02393
104	150	1.00515
104	153	1.24078
104	170	1.43466
104	174	2.29384
104	176	2.36127
105	13	1.04086
105	23	0.948256
105	34	0.928955
105	43	1.00081
105	47	1.00016
105	54	0.990573
105	59	0.990353
105	60	0.990221
105	61	0.0877123
105	98	1.00371
105	110	0.97888
105	112	1.00887
105	113	0.96792
105	115	1.00423
105	116	1.00532
105	117	1.00507
105	118	0.999377
105	119	0.995098
105	124	0.995211
105	132	0.985345
105	138	1.02638
105	156	0.908433
105	164	2.71613
105	170	1.25145
105	174	0.904528
105	175	2.6246
106	4	0.933163
106	5	1.05159
106	6	0.941714
106	8	1.03228
106	9	0.927304
106	10	0.950896
106	12	0.940126
106	14	1.01608
106	15	0.927539
106	17	1.02755
106	20	1.03769
106	21	1.01729
106	26	1.03549
106	27	1.03769
106	29	0.927474
106	30	1.01766
106	32	1.00809
106	37	0.67197
106	40	1.00875
106	42	0.988319
106	56	1.20046
106	77	1.05905
106	101	0.980607
106	118	0.989657
106	142	0.491469
106	172	3.0002
107	28	2.25466
107	41	0.838149
107	51	0.902681
107	109	2.42997
107	141	0.998541
107	144	0.869605
107	149	0.929383
107	150	0.891934
107	153	0.904528
107	160	0.864048
107	161	0.881687
107	162	0.910758
107	164	0.831617
107	165	0.853659
107	166	0.893672
107	167	0.877613
107	168	0.84774
107	171	0.833074
107	172	0.832917
107	173	0.85234
107	175	0.824581
107	176	0.847233
107	177	0.803817
107	178	0.823688
107	179	0.845009
107	180	0.812991
108	18	0.991811
108	35	0.976385
108	44	1.05688
108	50	1.03313
108	52	1.05598
108	55	1.01618
108	64	1.01837
108	66	1.09224
108	67	1.00545
108	69	0.998768
108	73	0.991807
108	89	1.03077
108	94	0.714228
108	99	1.04471
108	104	1.08373
108	109	1.07436
108	112	1.05201
108	127	1.23218
108	129	1.04495
108	132	1.88959
108	138	1.06952
108	139	1.53305
108	147	0.934073
108	148	1.01459
108	150	0.995809
108	153	1.66208
108	159	1.21771
109	3	0.359008
109	18	0.991787
109	35	0.97636
109	44	1.05686
109	50	1.03311
109	52	1.05596
109	55	1.01615
109	64	1.01834
109	66	1.09222
109	67	1.00542
109	69	0.998744
109	73	0.991783
109	89	1.03075
109	99	1.04468
109	104	1.0837
109	107	2.42997
109	108	1.07436
109	112	1.05199
109	129	1.04493
109	137	1.50329
109	138	1.0695
109	141	0.51974
109	145	1.20019
109	147	0.934049
109	148	1.01457
109	150	0.995785
109	167	1.54882
110	2	0.950678
110	62	0.978606
110	65	1.04404
110	68	1.02801
110	71	2.77776
110	72	1.01447
110	76	1.00476
110	78	1.00623
110	79	0.998481
110	80	0.985249
110	84	0.992905
110	98	0.994477
110	105	0.97888
110	113	0.958689
110	114	0.921507
110	115	0.994999
110	116	0.996091
110	117	0.995843
110	119	0.985867
110	124	0.98598
110	154	0.890811
110	155	0.732705
110	157	0.971362
110	167	1.11247
110	169	1.33364
110	174	0.895297
110	178	2.59812
111	46	1.01836
111	50	1.01192
111	57	1.0795
111	58	1.00218
111	75	1.02174
111	81	1.01608
111	85	1.01904
111	86	1.01503
111	87	1.0145
111	92	0.991013
111	93	1.04316
111	95	0.980835
111	96	1.03032
111	102	1.00115
111	103	1.00662
111	120	1.0123
111	121	1.01108
111	125	1.00281
111	126	1.03931
111	127	1.19838
111	129	1.02374
111	130	1.56619
111	131	1.20058
111	133	1.04513
111	134	1.09054
111	141	0.95672
111	157	1.00252
111	169	2.87829
112	66	1.06987
112	67	0.983072
112	69	0.976394
112	70	0.691505
112	73	0.969433
112	76	1.03475
112	78	1.03623
112	79	1.02848
112	94	0.260944
112	99	1.02233
112	104	1.06135
112	105	1.00887
112	108	1.05201
112	109	1.05199
112	115	1.02499
112	116	1.02609
112	117	1.02584
112	119	1.01586
112	124	1.01597
112	128	2.23051
112	129	1.02258
112	138	1.04715
112	150	0.973435
112	157	1.00136
112	165	2.10359
112	166	1.15519
112	170	1.40268
112	174	0.925292
113	2	0.939719
113	28	1.02957
113	62	0.967646
113	65	1.03308
113	68	1.01705
113	72	1.00351
113	74	2.01889
113	76	0.993797
113	78	0.995275
113	79	0.987521
113	80	0.974289
113	84	0.981945
113	98	0.983518
113	105	0.96792
113	110	0.958689
113	114	0.910547
113	115	0.984039
113	116	0.985131
113	117	0.984883
113	119	0.974907
113	124	0.97502
113	139	1.39298
113	143	1.43093
113	154	0.879851
113	157	0.960402
113	159	1.07764
113	167	1.87954
113	174	0.884337
114	72	0.966324
114	84	0.944763
114	85	2.06055
114	93	2.00264
114	97	0.969716
114	103	1.33682
114	110	0.921507
114	113	0.910547
114	115	0.946857
114	116	0.94795
114	117	0.947702
114	119	0.937726
114	124	0.937838
114	143	0.917158
114	157	0.923221
114	158	0.879208
114	159	0.964756
114	161	0.88505
114	165	0.857023
114	172	0.836281
114	173	0.855704
114	174	0.847156
114	175	0.827945
114	176	0.850597
114	178	0.827052
114	179	0.848373
114	180	0.816355
115	2	0.976029
115	28	1.06588
115	37	0.55639
115	62	1.00396
115	65	1.06939
115	68	1.05336
115	72	1.03982
115	76	1.03011
115	78	1.03159
115	79	1.02383
115	80	1.0106
115	82	3.27026
115	98	1.01983
115	105	1.00423
115	110	0.994999
115	112	1.02499
115	113	0.984039
115	114	0.946857
115	116	1.02144
115	117	1.02119
115	119	1.01122
115	124	1.01133
115	135	0.908514
115	154	0.916161
115	157	0.996712
115	161	1.1627
115	162	0.573247
115	174	0.920647
115	178	2.97567
116	2	0.977121
116	28	1.06697
116	62	1.00505
116	65	1.07048
116	68	1.05445
116	76	1.0312
116	78	1.03268
116	79	1.02492
116	80	1.01169
116	84	1.01935
116	98	1.02092
116	105	1.00532
116	110	0.996091
116	112	1.02609
116	113	0.985131
116	114	0.94795
116	115	1.02144
116	117	1.02229
116	119	1.01231
116	124	1.01242
116	137	1.61929
116	154	0.917254
116	155	0.632423
116	157	0.997805
116	159	0.862925
116	163	1.70473
116	168	1.89198
116	174	0.92174
116	176	2.42779
117	2	0.976873
117	28	1.06673
117	62	1.0048
117	65	1.07023
117	68	1.0542
117	72	1.04066
117	76	1.03095
117	79	1.02468
117	80	1.01144
117	84	1.0191
117	98	1.02067
117	105	1.00507
117	110	0.995843
117	112	1.02584
117	113	0.984883
117	114	0.947702
117	115	1.02119
117	116	1.02229
117	119	1.01206
117	123	1.3466
117	124	1.01217
117	140	1.51898
117	153	1.7207
117	154	0.917006
117	155	1.04582
117	157	0.997557
117	159	1.27632
117	168	2.30538
117	174	0.921492
118	4	0.954148
118	5	1.07257
118	7	0.977158
118	8	1.05327
118	9	0.94829
118	13	1.05213
118	14	1.03706
118	21	1.03827
118	23	0.959522
118	26	1.05648
118	30	1.03864
118	34	0.940221
118	42	1.00931
118	43	1.01208
118	47	1.01143
118	54	1.00184
118	59	1.00162
118	60	1.00149
118	101	1.00159
118	105	0.999377
118	106	0.989657
118	132	0.996611
118	134	0.72591
118	136	1.06722
118	138	1.03765
118	147	2.89763
118	154	2.37217
118	156	0.856324
118	167	1.36298
119	2	0.966897
119	28	1.05675
119	62	0.994825
119	65	1.06025
119	68	1.04422
119	72	1.03068
119	76	1.02098
119	78	1.02245
119	79	1.0147
119	80	1.00147
119	84	1.00912
119	98	1.0107
119	105	0.995098
119	110	0.985867
119	112	1.01586
119	113	0.974907
119	114	0.937726
119	115	1.01122
119	116	1.01231
119	117	1.01206
119	124	1.0022
119	128	2.11851
119	133	0.94264
119	135	0.530031
119	147	2.98897
119	154	0.90703
119	157	0.987581
119	166	1.04319
119	174	0.911516
119	176	2.21729
120	25	1.02715
120	33	1.01496
120	46	0.998703
120	51	0.965687
120	57	1.05984
120	58	0.982525
120	75	1.00209
120	81	0.996426
120	85	0.999383
120	86	0.995375
120	87	0.994849
120	92	0.971358
120	93	1.02351
120	95	0.96118
120	96	1.01067
120	102	0.9815
120	103	0.986967
120	111	1.0123
120	121	0.991429
120	125	0.983154
120	126	1.01966
120	129	1.00408
120	130	0.756426
120	133	1.02548
120	140	0.616811
120	154	2.18524
120	157	0.982862
120	160	1.58628
120	164	2.47708
120	179	2.22326
121	25	1.02593
121	31	0.89566
121	33	1.01374
121	46	0.997484
121	51	0.964467
121	57	1.05863
121	58	0.981306
121	61	1.02379
121	75	1.00087
121	81	0.995206
121	85	0.998164
121	86	0.994156
121	92	0.970139
121	93	1.02229
121	95	0.959961
121	96	1.00945
121	102	0.980281
121	103	0.985747
121	111	1.01108
121	120	0.991429
121	125	0.981935
121	126	1.01844
121	129	1.00286
121	133	1.02426
121	137	1.94332
121	142	0.969336
121	152	1.44407
121	155	0.95646
121	157	0.981643
121	165	2.52613
122	20	1.55948
122	66	2.50429
122	78	1.73623
122	136	0.922195
122	141	1.02237
122	144	0.893429
122	147	0.854022
122	153	0.928352
122	156	0.952932
122	158	0.899668
122	159	0.985216
122	160	0.887872
122	161	0.90551
122	163	0.895323
122	164	0.855441
122	165	0.877483
122	166	0.917495
122	168	0.871564
122	169	0.874383
122	170	0.920737
122	171	0.856898
122	172	0.856741
122	173	0.876164
122	175	0.848404
122	176	0.871056
122	177	0.827641
122	178	0.847511
122	179	0.868833
122	180	0.836815
123	8	1.28092
123	33	0.897709
123	77	0.967296
123	85	0.935664
123	86	1.53911
123	90	0.957231
123	117	1.3466
123	130	1.00556
123	131	1.02727
123	136	0.97076
123	141	1.07093
123	144	0.941995
123	146	1.06624
123	152	0.995998
123	153	0.976917
123	156	1.0015
123	159	1.03378
123	160	0.936437
123	161	0.954076
123	167	0.950003
123	169	0.922949
123	170	0.969302
123	171	0.905464
123	172	0.905306
123	173	0.924729
123	174	0.916181
123	177	0.876206
123	178	0.896077
123	179	0.917398
123	180	0.885381
124	2	0.967009
124	28	1.05686
124	62	0.994937
124	65	1.06037
124	68	1.04434
124	72	1.0308
124	76	1.02109
124	78	1.02257
124	79	1.01481
124	80	1.00158
124	84	1.00924
124	98	1.01081
124	105	0.995211
124	110	0.98598
124	112	1.01597
124	113	0.97502
124	114	0.937838
124	115	1.01133
124	116	1.01242
124	117	1.01217
124	119	1.0022
124	134	1.13519
124	136	1.73469
124	140	1.47121
124	146	1.18919
124	153	1.67293
124	154	0.907142
124	157	0.987693
124	160	2.44068
124	174	0.911628
125	25	1.01765
125	33	1.00546
125	46	0.989209
125	50	0.982767
125	51	0.956193
125	57	1.05035
125	58	0.973031
125	61	1.01552
125	63	0.648599
125	75	0.992596
125	81	0.986932
125	85	0.989889
125	86	0.985881
125	87	0.985355
125	92	0.961864
125	93	1.01401
125	95	0.951686
125	96	1.00117
125	102	0.972006
125	103	0.977473
125	111	1.00281
125	120	0.983154
125	121	0.981935
125	126	1.01016
125	129	0.994589
125	133	1.01599
125	148	0.732393
125	164	2.14758
125	165	1.38381
125	176	1.6095
125	178	3.0035
126	25	1.05416
126	33	1.04197
126	46	1.02571
126	50	1.01927
126	51	0.992695
126	58	1.00953
126	61	1.05202
126	75	1.0291
126	81	1.02343
126	85	1.02639
126	86	1.02238
126	87	1.02186
126	92	0.998367
126	93	1.05051
126	95	0.988188
126	96	1.03768
126	102	1.00851
126	103	1.01398
126	111	1.03931
126	120	1.01966
126	121	1.01844
126	125	1.01016
126	127	0.998372
126	129	1.03109
126	133	1.05249
126	141	0.595859
126	146	1.00092
126	147	2.51339
126	157	1.00987
126	161	1.32274
126	169	1.87123
126	180	2.974
127	19	1.02054
127	44	0.53454
127	108	1.23218
127	111	1.19838
127	126	0.998372
127	137	1.01073
127	143	1.02852
127	146	1.10858
127	148	1.02545
127	151	1.02315
127	152	1.03834
127	155	1.08252
127	156	1.04383
127	157	0.627027
127	158	0.990572
127	162	1.02549
127	163	0.986226
127	164	0.946344
127	166	1.0084
127	168	0.962467
127	169	0.965287
127	170	1.01164
127	171	0.947801
127	172	0.947644
127	173	0.967067
127	175	0.939308
127	176	0.96196
127	177	0.918544
127	178	0.938415
127	179	0.959736
127	180	0.927718
128	47	2.05099
128	82	0.862624
128	112	2.23051
128	119	2.11851
128	130	0.941345
128	139	0.935314
128	144	0.877783
128	145	0.934354
128	151	0.916597
128	152	0.931786
128	153	0.912706
128	155	0.975975
128	156	0.937285
128	158	0.884022
128	161	0.889864
128	162	0.918936
128	163	0.879677
128	165	0.861837
128	167	0.885791
128	168	0.855918
128	169	0.858737
128	170	0.905091
128	171	0.841252
128	172	0.841095
128	173	0.860517
128	174	0.85197
128	175	0.832758
128	176	0.85541
128	177	0.811995
128	178	0.831865
128	179	0.853187
128	180	0.821169
129	46	1.01014
129	55	0.986741
129	64	0.988933
129	67	0.976011
129	69	0.969333
129	87	1.00628
129	89	1.00134
129	92	0.982793
129	93	1.03494
129	95	0.972614
129	97	0.60653
129	99	1.01527
129	102	0.992934
129	103	0.998401
129	104	1.05429
129	108	1.04495
129	109	1.04493
129	111	1.02374
129	112	1.02258
129	120	1.00408
129	121	1.00286
129	125	0.994589
129	126	1.03109
129	133	1.03691
129	136	1.14163
129	138	1.04009
129	145	1.08876
129	148	0.985158
129	150	0.966374
129	157	0.994296
129	158	1.67715
129	159	0.635491
129	160	1.84762
129	180	3.43265
130	7	1.75248
130	44	0.902341
130	53	0.931873
130	91	1.05724
130	102	1.62256
130	111	1.56619
130	120	0.756426
130	123	1.00556
130	128	0.941345
130	131	1.02141
130	137	0.962528
130	149	0.995912
130	151	0.974948
130	155	1.03433
130	156	0.995637
130	158	0.942374
130	160	0.930577
130	162	0.977288
130	164	0.898146
130	165	0.920189
130	166	0.960201
130	168	0.91427
130	169	0.917089
130	171	0.899604
130	172	0.899446
130	173	0.918869
130	174	0.910321
130	175	0.89111
130	176	0.913762
130	177	0.870347
130	178	0.890217
130	179	0.911538
130	180	0.879521
131	17	0.933659
131	43	1.43121
131	72	1.42146
131	85	0.882059
131	100	1.02042
131	111	1.20058
131	123	1.02727
131	130	1.02141
131	137	0.984242
131	138	0.816296
131	143	1.00204
131	144	0.957849
131	145	1.01442
131	156	1.01735
131	158	0.964088
131	160	0.952291
131	161	0.96993
131	162	0.999002
131	163	0.959743
131	164	0.919861
131	165	0.941903
131	166	0.981915
131	167	0.965857
131	168	0.935984
131	169	0.938803
131	170	0.985157
131	171	0.921318
131	172	0.921161
131	173	0.940583
131	174	0.932035
131	175	0.912824
131	176	0.935476
131	177	0.892061
131	178	0.911931
131	179	0.933252
131	180	0.901235
132	7	0.963127
132	13	1.03809
132	23	0.945491
132	24	0.990212
132	34	0.92619
132	41	0.89612
132	42	1.61339
132	43	0.998048
132	46	1.49327
132	47	0.997398
132	54	0.987807
132	59	0.987588
132	60	0.987455
132	103	0.813539
132	105	0.985345
132	108	1.88959
132	118	0.996611
132	138	1.02362
132	147	0.888169
132	161	0.939658
132	162	0.968729
132	164	0.889588
132	165	0.911631
132	167	0.935584
132	168	0.905711
132	171	0.891045
132	172	0.890888
132	173	0.910311
132	175	0.882552
132	176	0.905204
132	177	0.861788
132	178	0.881659
132	179	0.90298
132	180	0.870962
133	29	1.67012
133	39	0.740889
133	55	1.25773
133	58	1.01536
133	60	1.13616
133	69	1.03629
133	86	1.02821
133	87	1.02768
133	92	1.00419
133	93	1.05634
133	96	1.0435
133	102	1.01433
133	104	0.61618
133	111	1.04513
133	119	0.94264
133	120	1.02548
133	121	1.02426
133	125	1.01599
133	126	1.05249
133	129	1.03691
133	137	0.991835
133	147	0.926035
133	154	0.935142
133	157	1.01569
133	158	0.971681
133	162	1.00659
133	165	0.949496
133	166	0.989508
133	168	0.943577
133	170	0.99275
133	171	0.928911
133	175	0.920417
133	176	0.943069
133	177	0.899654
133	178	0.919524
133	179	0.940845
133	180	0.908828
134	38	1.40375
134	66	1.03014
134	72	1.31143
134	83	1.09098
134	104	0.703042
134	111	1.09054
134	118	0.72591
134	124	1.13519
134	135	1.07285
134	139	1.02417
134	140	1.04558
134	144	0.966644
134	146	1.09089
134	149	1.02642
134	150	0.988973
134	153	1.00157
134	155	1.06484
134	156	1.02615
134	159	1.05843
134	160	0.961086
