1	84	0.730573
1	94	0.713467
1	102	0.709663
1	103	0.74776
1	114	0.720882
1	115	0.725774
1	123	0.723617
1	137	0.742866
1	141	2.6516
1	142	0.704698
1	147	0.686545
1	177	4.31802
2	83	0.707396
2	87	0.751435
2	93	2.73188
2	109	0.710875
2	112	0.703701
2	117	0.719107
2	127	0.717487
2	130	0.716612
2	131	0.688379
2	132	0.725025
2	142	4.16273
2	169	0.681208
3	12	0.640447
3	70	3.5189
3	110	0.683252
3	112	0.666389
3	130	0.679301
3	131	0.651067
3	134	0.684026
3	137	0.690167
3	142	0.651998
3	176	0.623345
3	179	0.591956
3	180	0.599554
4	35	0.808986
4	59	0.794666
4	75	0.818545
4	76	0.771951
4	82	0.803925
4	86	0.802159
4	92	0.829205
4	122	2.92305
4	142	0.774856
4	148	4.08036
4	151	1.08253
4	168	0.801332
5	23	0.748421
5	25	0.827608
5	45	0.798802
5	52	0.791849
5	55	0.779701
5	64	0.833459
5	67	0.836964
5	73	0.807278
5	122	1.87009
5	151	0.77726
5	179	3.88377
5	180	2.55619
6	72	0.859605
6	102	1.68073
6	146	0.760739
6	151	0.747341
6	158	0.764131
6	171	0.727086
6	173	0.70162
6	175	0.687252
6	176	0.720766
6	178	0.704062
6	179	0.689377
6	180	0.696975
7	9	0.845971
7	19	0.818956
7	29	0.797416
7	38	0.793257
7	78	0.794446
7	81	0.786359
7	85	0.778976
7	135	1.79493
7	140	3.01687
7	145	3.33618
7	156	0.778565
7	172	0.805787
8	36	0.743093
8	38	0.742833
8	43	0.738203
8	66	2.8775
8	78	0.744023
8	81	0.735936
8	85	0.728553
8	125	0.624306
8	143	0.663276
8	152	3.80687
8	156	0.728142
8	172	0.755364
9	7	0.845971
9	38	0.823524
9	43	0.818893
9	66	1.9495
9	69	1.52089
9	78	0.824713
9	81	0.816626
9	85	0.809243
9	125	0.704997
9	128	0.723021
9	146	3.85549
9	172	0.836054
10	69	3.23758
10	89	0.718503
10	90	0.716661
10	91	0.72515
10	94	0.713826
10	100	3.00585
10	110	0.736311
10	114	0.721241
10	134	0.737085
10	137	0.743225
10	147	0.686904
10	169	0.696955
11	15	0.676072
11	31	0.731514
11	39	0.725774
11	40	0.741039
11	60	0.783396
11	79	0.725441
11	107	2.85611
11	132	0.724679
11	151	3.92264
11	161	0.636616
11	168	0.715439
11	172	0.738744
12	3	0.640447
12	137	3.78527
12	147	0.666604
12	155	0.738778
12	161	0.63241
12	167	0.690404
12	170	0.640921
12	173	0.636958
12	176	0.656105
12	178	0.639401
12	179	0.624715
12	180	0.632313
13	18	0.665222
13	111	0.773861
13	112	0.703336
13	117	0.718741
13	118	0.727984
13	127	0.717121
13	130	0.716247
13	131	0.688014
13	156	2.90607
13	162	4.12898
13	169	0.680842
13	172	0.738725
14	31	0.721579
14	39	0.715839
14	44	0.709999
14	60	0.773461
14	65	0.748898
14	70	0.728763
14	80	0.74168
14	122	3.98544
14	161	0.626681
14	164	3.11004
14	168	0.705504
14	172	0.728809
15	11	0.676072
15	40	0.735493
15	44	0.714387
15	60	0.777849
15	65	0.753286
15	70	0.733151
15	95	1.94519
15	128	0.620164
15	132	0.719132
15	144	5.54377
15	161	0.631069
15	168	0.709892
15	172	0.733197
16	25	0.792986
16	27	0.802114
16	45	0.764181
16	49	0.838142
16	52	0.757227
16	55	0.74508
16	64	0.798837
16	71	0.788678
16	73	0.772656
16	96	2.14336
16	120	2.91911
16	135	3.36787
16	151	0.742638
17	41	1.43275
17	58	0.772823
17	83	0.771764
17	105	0.773519
17	109	0.775243
17	111	0.838595
17	118	0.792718
17	126	0.7688
17	130	0.78098
17	131	0.752747
17	162	1.46062
17	169	0.745576
17	179	5.66155
18	13	0.665222
18	58	0.69173
18	77	0.735242
18	87	0.734711
18	105	0.692427
18	112	0.686977
18	118	0.711625
18	127	0.700763
18	130	0.699888
18	131	0.671655
18	141	3.96258
18	159	3.41838
18	172	0.722366
19	7	0.818956
19	29	0.800667
19	36	0.796768
19	78	0.797697
19	79	0.795735
19	81	0.789611
19	85	0.782228
19	128	0.696006
19	133	1.49848
19	143	0.716951
19	161	3.73849
19	172	0.809038
19	180	3.44965
20	52	1.11819
20	123	0.392296
20	126	0.786805
20	149	0.8295
20	159	0.818776
20	171	0.788891
20	174	0.787363
20	175	0.749057
20	176	0.782571
20	177	0.766906
20	178	0.765867
20	179	0.751182
20	180	0.75878
21	39	0.718836
21	91	2.33601
21	138	0.75811
21	162	0.743708
21	163	0.742512
21	170	0.693049
21	171	0.714553
21	173	0.689087
21	174	0.713025
21	175	0.674719
21	176	0.708233
21	179	0.676843
21	180	0.684442
22	61	0.772466
22	89	0.766622
22	107	2.10709
22	114	0.76936
22	115	0.774252
22	116	0.800505
22	119	0.792359
22	123	0.772095
22	134	0.785204
22	137	0.791345
22	153	3.41506
22	155	2.73144
22	168	0.779652
23	5	0.748421
23	25	0.713661
23	27	0.722789
23	45	0.684856
23	49	0.758817
23	55	0.665755
23	64	0.719512
23	67	0.723017
23	71	0.709352
23	73	0.693331
23	144	3.58013
23	151	0.663313
23	170	4.02858
24	94	2.67116
24	132	0.279448
24	152	0.75495
24	166	0.743682
24	167	0.740637
24	170	0.691154
24	171	0.712659
24	174	0.71113
24	176	0.706338
24	177	0.690673
24	178	0.689635
24	179	0.674949
24	180	0.682547
25	5	0.827608
25	16	0.792986
25	23	0.713661
25	45	0.764043
25	49	0.838004
25	55	0.744942
25	67	0.802204
25	71	0.788539
25	73	0.772518
25	126	0.7597
25	143	3.31611
25	163	1.17583
25	170	4.11442
26	34	1.88506
26	73	0.0665135
26	135	0.856095
26	139	0.821711
26	150	0.762413
26	168	0.0542761
26	174	0.787012
26	175	0.748706
26	176	0.78222
26	177	0.766555
26	178	0.765516
26	179	0.75083
26	180	0.758429
27	16	0.802114
27	23	0.722789
27	45	0.773171
27	49	0.847132
27	52	0.766217
27	55	0.754069
27	64	0.807827
27	71	0.797667
27	73	0.781646
27	122	3.22141
27	151	0.751628
27	164	2.346
27	169	3.11296
28	90	0.774764
28	102	0.768125
28	116	0.810489
28	119	0.802342
28	120	1.37188
28	121	1.88416
28	123	0.782079
28	134	0.795188
28	137	0.801328
28	143	0.720853
28	168	0.789635
28	169	0.755057
28	175	6.23766
29	7	0.797416
29	19	0.800667
29	36	0.775228
29	38	0.774968
29	43	0.770337
29	56	0.728131
29	78	0.776157
29	79	0.774195
29	125	0.656441
29	156	0.760277
29	160	3.29536
29	164	2.25829
29	172	0.787498
29	176	3.31114
30	47	4.4538
30	128	0.615645
30	149	0.697174
30	160	0.654166
30	164	0.680398
30	167	0.684543
30	173	0.631098
30	174	0.655037
30	175	0.616731
30	176	0.650244
30	177	0.63458
30	178	0.633541
30	179	0.618855
30	180	0.626453
31	11	0.731514
31	14	0.721579
31	39	0.775669
31	40	0.790935
31	44	0.769829
31	50	2.99006
31	65	0.808728
31	70	0.788593
31	132	0.774574
31	154	3.01871
31	161	0.686511
31	166	2.79056
31	168	0.765334
31	172	0.788639
32	62	0.34545
32	83	0.673504
32	87	0.717543
32	98	0.664127
32	106	0.69936
32	109	0.676983
32	111	0.740336
32	118	0.694458
32	127	0.683595
32	130	0.682721
32	131	0.654488
32	136	5.63561
32	172	0.705199
32	176	2.39815
33	84	4.30206
33	135	0.718404
33	138	0.694407
33	144	0.646751
33	145	0.686802
33	150	0.624723
33	163	0.678808
33	165	0.649642
33	175	0.611016
33	177	0.628865
33	178	0.627826
33	179	0.61314
33	180	0.620738
34	26	1.88506
34	37	0.77272
34	83	0.757158
34	98	0.74778
34	104	2.78785
34	105	0.758913
34	106	0.783013
34	109	0.760636
34	112	0.753463
34	118	0.778111
34	127	0.767249
34	130	0.766374
34	131	0.738141
34	151	2.94723
35	4	0.808986
35	46	0.771617
35	57	4.34888
35	75	0.774127
35	76	0.727533
35	82	0.759507
35	86	0.757741
35	92	0.784787
35	121	1.70126
35	126	0.74556
35	132	0.766153
35	156	0.752997
35	159	2.68318
35	168	0.756914
36	8	0.743093
36	19	0.796768
36	29	0.775228
36	43	0.766438
36	78	0.772258
36	80	0.79647
36	81	0.764171
36	85	0.756788
36	124	2.91695
36	143	0.691512
36	156	0.756378
36	169	2.5734
36	172	0.783599
36	177	3.58388
37	34	0.77272
37	83	0.748042
37	100	0.843832
37	105	0.749797
37	106	0.773897
37	117	0.759753
37	118	0.768996
37	127	0.758133
37	130	0.757259
37	131	0.729026
37	132	0.765672
37	151	2.75688
37	172	0.779737
37	176	4.77485
38	7	0.793257
38	8	0.742833
38	9	0.823524
38	29	0.774968
38	43	0.766178
38	78	0.771998
38	81	0.763911
38	85	0.756528
38	128	0.670306
38	148	4.06815
38	156	0.756118
38	167	2.10837
38	169	2.8024
38	172	0.783339
39	11	0.725774
39	14	0.715839
39	21	0.718836
39	31	0.775669
39	40	0.785195
39	44	0.764089
39	60	0.827551
39	65	0.802988
39	70	0.782853
39	157	2.94676
39	161	0.680772
39	168	0.759595
39	172	0.782899
39	177	4.12145
40	11	0.741039
40	15	0.735493
40	31	0.790935
40	39	0.785195
40	44	0.779355
40	65	0.818253
40	70	0.798119
40	128	0.685132
40	133	1.61187
40	161	0.696037
40	168	0.77486
40	172	0.798165
40	173	3.30944
40	175	4.30831
41	17	1.43275
41	69	0.773993
41	137	3.15252
41	144	0.697978
41	153	0.74804
41	160	0.699677
41	164	0.725909
41	174	0.700548
41	175	0.662242
41	176	0.695756
41	177	0.680091
41	178	0.679052
41	179	0.664366
41	180	0.671965
42	62	0.342881
42	77	0.715507
42	98	0.661559
42	106	0.696792
42	109	0.674415
42	111	0.737767
42	112	0.667242
42	117	0.682647
42	118	0.69189
42	127	0.681027
42	130	0.680153
42	131	0.65192
42	156	2.63329
42	177	5.16244
43	8	0.738203
43	9	0.818893
43	29	0.770337
43	36	0.766438
43	38	0.766178
43	78	0.767367
43	81	0.759281
43	85	0.751898
43	125	0.647651
43	143	0.686621
43	156	0.751487
43	163	2.90373
43	171	3.44644
43	172	0.778708
43	174	2.81656
44	14	0.709999
44	15	0.714387
44	31	0.769829
44	39	0.764089
44	40	0.779355
44	60	0.821711
44	65	0.797148
44	70	0.777013
44	128	0.664026
44	142	2.61894
44	160	3.50141
44	161	0.674931
44	168	0.753754
44	169	3.23131
44	172	0.777059
45	5	0.798802
45	16	0.764181
45	23	0.684856
45	25	0.764043
45	27	0.773171
45	52	0.728284
45	64	0.769894
45	67	0.773399
45	71	0.759734
45	73	0.743713
45	126	0.730895
45	140	2.29132
45	151	0.713695
45	161	5.33646
45	167	1.77601
46	35	0.771617
46	48	0.771174
46	59	0.757297
46	75	0.781177
46	76	0.734582
46	86	0.764791
46	92	0.791837
46	125	0.656211
46	126	0.75261
46	132	0.773203
46	135	1.2049
46	150	5.90709
46	161	0.68514
46	168	0.763963
46	169	2.60556
47	30	4.4538
47	57	2.05112
47	90	0.743883
47	91	0.752372
47	94	0.741049
47	103	0.775341
47	110	0.763533
47	113	0.790421
47	114	0.748463
47	123	0.751198
47	134	0.764307
47	137	0.770447
47	143	0.689972
47	145	1.72616
47	147	0.714126
48	46	0.771174
48	53	0.768423
48	59	0.749805
48	75	0.773684
48	76	0.72709
48	82	0.759064
48	86	0.757298
48	92	0.784344
48	142	0.729995
48	156	0.752554
48	161	0.677648
48	167	1.69836
48	168	0.756471
48	176	2.67828
48	180	4.96998
49	16	0.838142
49	23	0.758817
49	25	0.838004
49	27	0.847132
49	52	0.802245
49	54	1.53643
49	55	0.790098
49	64	0.843855
49	67	0.84736
49	71	0.833695
49	73	0.817674
49	120	1.49697
49	128	6.23851
49	151	0.787656
49	155	1.63815
50	31	2.99006
50	101	0.760123
50	117	1.88499
50	164	0.721549
50	165	0.696508
50	167	0.725695
50	171	0.697716
50	173	0.67225
50	174	0.696188
50	175	0.657882
50	176	0.691396
50	177	0.675731
50	178	0.674692
50	179	0.660006
50	180	0.667605
51	58	0.733803
51	87	0.776783
51	98	0.723367
51	111	0.799575
51	112	0.72905
51	117	0.744455
51	118	0.753698
51	126	0.72978
51	127	0.742835
51	130	0.741961
51	131	0.713728
51	139	2.67032
51	146	3.00624
51	154	3.30551
51	172	0.764439
52	5	0.791849
52	16	0.757227
52	20	1.11819
52	27	0.766217
52	45	0.728284
52	49	0.802245
52	55	0.709183
52	64	0.76294
52	67	0.766445
52	71	0.75278
52	73	0.736759
52	80	2.02751
52	126	0.723941
52	151	0.706741
52	174	4.6141
53	48	0.768423
53	59	0.754546
53	76	0.731831
53	82	0.763805
53	86	0.762039
53	92	0.789085
53	97	1.66102
53	126	0.749859
53	132	0.770452
53	135	1.8759
53	147	0.716583
53	156	0.757296
53	161	0.682389
53	168	0.761212
53	180	5.85415
54	49	1.53643
54	64	1.16292
54	116	1.27285
54	129	0.752238
54	154	0.775536
54	155	0.834548
54	165	0.756987
54	170	0.736691
54	173	0.732729
54	174	0.756667
54	175	0.718361
54	176	0.751875
54	178	0.735171
54	179	0.720486
54	180	0.728084
55	5	0.779701
55	16	0.74508
55	23	0.665755
55	25	0.744942
55	27	0.754069
55	49	0.790098
55	52	0.709183
55	56	2.27845
55	64	0.750792
55	67	0.754298
55	68	1.27061
55	71	0.740633
55	73	0.724612
55	79	0.733149
55	126	0.711794
55	179	6.31541
56	29	0.728131
56	55	2.27845
56	77	2.99447
56	78	0.725161
56	85	0.709691
56	119	0.725904
56	123	0.705641
56	129	0.658431
56	134	0.71875
56	137	0.72489
56	170	0.642885
56	172	0.736502
56	175	0.624555
56	177	0.642404
56	179	0.626679
56	180	0.634278
57	35	4.34888
57	47	2.05112
57	128	0.649634
57	155	0.766907
57	157	0.707112
57	158	0.727599
57	160	0.688155
57	166	0.721578
57	173	0.665088
57	174	0.689026
57	175	0.65072
57	176	0.684234
57	177	0.668569
57	178	0.66753
57	179	0.652844
57	180	0.660443
58	17	0.772823
58	18	0.69173
58	51	0.733803
58	62	1.01633
58	83	0.733539
58	101	2.0514
58	105	0.735294
58	112	0.729845
58	117	0.74525
58	118	0.754493
58	122	0.70361
58	127	0.74363
58	129	5.14275
58	130	0.742756
58	131	0.714523
58	163	2.62396
59	4	0.794666
59	46	0.757297
59	48	0.749805
59	53	0.754546
59	75	0.759807
59	76	0.713212
59	80	1.60596
59	82	0.745186
59	86	0.743421
59	92	0.770467
59	95	2.28895
59	142	0.716118
59	147	0.697965
59	161	0.66377
59	168	0.742593
59	170	6.33598
60	11	0.783396
60	14	0.773461
60	15	0.777849
60	39	0.827551
60	44	0.821711
60	70	0.840475
60	79	0.827218
60	108	1.41135
60	124	2.51969
60	128	0.727488
60	132	0.826456
60	136	5.69948
60	142	1.56377
60	161	0.738393
60	168	0.817216
60	172	0.840521
61	22	0.772466
61	63	0.727096
61	94	0.724368
61	102	0.720564
61	110	0.746853
61	113	0.77374
61	116	0.762928
61	119	0.754781
61	123	0.734518
61	134	0.747627
61	137	0.753767
61	143	0.673292
61	146	3.28417
61	152	2.30756
61	169	0.707496
61	174	3.63859
62	32	0.34545
62	42	0.342881
62	58	1.01633
62	77	0.532562
62	95	2.12149
62	98	0.467424
62	106	0.465339
62	111	0.318566
62	112	1.01158
62	117	1.02698
62	125	12.4
62	127	1.02536
62	130	1.02449
62	131	0.996257
62	150	3.73046
62	169	0.989085
63	61	0.727096
63	72	0.711476
63	84	0.733681
63	89	0.721252
63	91	0.727899
63	102	0.712772
63	103	0.750868
63	104	2.24961
63	113	0.765948
63	115	0.728882
63	119	0.746988
63	123	0.726725
63	134	0.739834
63	137	0.745974
63	143	0.665499
63	156	2.62239
63	177	5.15154
64	5	0.833459
64	16	0.798837
64	23	0.719512
64	27	0.807827
64	45	0.769894
64	49	0.843855
64	52	0.76294
64	54	1.16292
64	55	0.750792
64	67	0.808055
64	71	0.79439
64	73	0.778369
64	79	0.786906
64	142	3.17109
64	149	2.45091
64	151	0.748351
64	163	3.14625
65	14	0.748898
65	15	0.753286
65	31	0.808728
65	39	0.802988
65	40	0.818253
65	44	0.797148
65	70	0.815912
65	80	0.828828
65	88	1.18462
65	128	0.702925
65	132	0.801893
65	136	4.26491
65	144	2.59451
65	161	0.71383
65	168	0.792653
65	172	0.815958
65	173	3.75328
66	8	2.8775
66	9	1.9495
66	88	0.790661
66	112	0.914752
66	129	0.708632
66	138	0.758146
66	139	0.74776
66	149	0.755198
66	155	0.790942
66	164	0.738422
66	167	0.742568
66	170	0.693085
66	174	0.713061
66	176	0.708269
66	177	0.692604
66	179	0.676879
66	180	0.684478
67	5	0.836964
67	23	0.723017
67	25	0.802204
67	45	0.773399
67	49	0.84736
67	52	0.766445
67	55	0.754298
67	64	0.808055
67	71	0.797895
67	73	0.781874
67	79	0.790411
67	126	0.769056
67	151	0.751856
67	166	1.60144
67	169	2.60912
67	171	2.51462
67	178	4.52526
68	55	1.27061
68	90	1.03047
68	120	0.818827
68	137	2.33652
68	139	0.762022
68	141	0.746143
68	159	0.758736
68	166	0.759875
68	170	0.707347
68	171	0.728851
68	173	0.703384
68	175	0.689017
68	176	0.722531
68	177	0.706866
68	178	0.705827
68	179	0.691141
68	180	0.698739
69	9	1.52089
69	10	3.23758
69	41	0.773993
69	115	1.54601
69	144	0.719462
69	152	0.765852
69	157	0.740119
69	163	0.751519
69	165	0.722352
69	171	0.72356
69	173	0.698094
69	174	0.722032
69	175	0.683726
69	176	0.71724
69	177	0.701575
69	178	0.700536
69	179	0.685851
69	180	0.693449
70	3	3.5189
70	14	0.728763
70	15	0.733151
70	31	0.788593
70	39	0.782853
70	40	0.798119
70	44	0.777013
70	60	0.840475
70	65	0.815912
70	80	0.808693
70	128	0.68279
70	132	0.781758
70	161	0.693695
70	162	1.22529
70	168	0.772518
70	169	1.52105
70	172	0.795823
70	173	4.53275
71	16	0.788678
71	23	0.709352
71	25	0.788539
71	27	0.797667
71	45	0.759734
71	49	0.833695
71	52	0.75278
71	55	0.740633
71	64	0.79439
71	67	0.797895
71	73	0.76821
71	79	0.776747
71	124	2.43315
71	126	0.755392
71	151	0.738192
71	165	2.9544
71	169	2.08961
71	170	4.39099
72	6	0.859605
72	63	0.711476
72	84	0.725854
72	89	0.713425
72	90	0.711582
72	94	0.708748
72	102	0.704944
72	113	0.75812
72	115	0.721055
72	116	0.747308
72	119	0.739161
72	123	0.718898
72	137	0.738147
72	147	0.681825
72	168	0.726454
72	169	0.691876
72	171	3.27105
72	178	5.28169
73	5	0.807278
73	16	0.772656
73	23	0.693331
73	25	0.772518
73	26	0.0665135
73	27	0.781646
73	45	0.743713
73	49	0.817674
73	52	0.736759
73	55	0.724612
73	64	0.778369
73	67	0.781874
73	71	0.76821
73	79	0.760726
73	126	0.73937
73	128	6.56149
73	145	3.00136
73	151	0.72217
73	156	1.3421
74	117	3.10104
74	121	0.758856
74	132	2.21303
74	140	0.696592
74	144	0.661649
74	157	0.682306
74	160	0.663349
74	162	0.694903
74	163	0.693706
74	164	0.689581
74	167	0.693726
74	171	0.665748
74	174	0.664219
74	175	0.625914
74	176	0.659427
74	177	0.643763
74	178	0.642724
74	179	0.628038
74	180	0.635636
75	4	0.818545
75	35	0.774127
75	46	0.781177
75	48	0.773684
75	59	0.759807
75	76	0.737092
75	82	0.769066
75	86	0.7673
75	92	0.794346
75	126	0.755119
75	129	3.22863
75	142	0.739997
75	145	1.48766
75	147	0.721844
75	156	0.762556
75	161	0.68765
75	168	0.766473
75	173	4.35877
75	178	3.26321
76	4	0.771951
76	35	0.727533
76	46	0.734582
76	48	0.72709
76	53	0.731831
76	59	0.713212
76	75	0.737092
76	82	0.722471
76	86	0.720706
76	92	0.747752
76	125	0.612126
76	126	0.708525
76	147	0.67525
76	155	2.26282
76	156	0.715962
76	160	4.70718
76	161	0.641055
76	168	0.719878
76	174	3.7127
77	18	0.735242
77	42	0.715507
77	56	2.99447
77	62	0.532562
77	83	0.777051
77	87	0.82109
77	98	0.767674
77	105	0.778806
77	109	0.78053
77	117	0.788762
77	126	0.774087
77	127	0.787142
77	130	0.786268
77	131	0.758034
77	140	2.94754
77	141	2.47032
77	163	2.48905
77	169	0.750863
77	172	0.808746
78	7	0.794446
78	8	0.744023
78	9	0.824713
78	19	0.797697
78	29	0.776157
78	36	0.772258
78	38	0.771998
78	43	0.767367
78	56	0.725161
78	81	0.765101
78	85	0.757717
78	95	2.84436
78	96	1.96484
78	128	0.671495
78	139	3.17529
78	143	0.692441
78	154	3.81048
78	156	0.757307
78	172	0.784528
79	11	0.725441
79	19	0.795735
79	29	0.774195
79	55	0.733149
79	60	0.827218
79	64	0.786906
79	67	0.790411
79	71	0.776747
79	73	0.760726
79	81	0.763138
79	85	0.755755
79	101	1.47936
79	140	2.51041
79	143	0.690479
79	159	1.48899
79	161	0.680438
79	168	0.759261
79	172	0.782566
79	175	6.69971
80	14	0.74168
80	36	0.79647
80	52	2.02751
80	59	1.60596
80	65	0.828828
80	70	0.808693
80	81	0.789312
80	85	0.781929
80	86	0.719556
80	130	1.30159
80	136	0.71168
80	156	0.781518
80	168	0.785435
80	171	0.736627
80	172	0.80874
80	173	0.71116
80	178	0.713603
80	179	0.698917
80	180	0.706515
81	7	0.786359
81	8	0.735936
81	9	0.816626
81	19	0.789611
81	36	0.764171
81	38	0.763911
81	43	0.759281
81	78	0.765101
81	79	0.763138
81	80	0.789312
81	85	0.749631
81	104	1.96312
81	125	0.645384
81	128	0.663409
81	143	0.684354
81	147	3.6637
81	156	0.74922
81	166	2.84689
81	169	3.85457
81	172	0.776442
82	4	0.803925
82	35	0.759507
82	48	0.759064
82	53	0.763805
82	59	0.745186
82	75	0.769066
82	76	0.722471
82	86	0.75268
82	92	0.779726
82	121	1.83319
82	125	0.6441
82	126	0.740499
82	132	0.761092
82	133	1.66379
82	139	2.60054
82	142	0.725377
82	147	0.707224
82	156	0.747936
82	161	0.673029
82	168	0.751852
82	180	6.59285
83	2	0.707396
83	17	0.771764
83	32	0.673504
83	34	0.757158
83	37	0.748042
83	58	0.733539
83	77	0.777051
83	98	0.723103
83	106	0.758335
83	109	0.735959
83	112	0.728786
83	117	0.744191
83	118	0.753434
83	121	2.08814
83	127	0.742571
83	130	0.741697
83	147	4.07933
83	153	2.77957
83	167	3.57618
83	169	0.706292
83	172	0.764175
84	1	0.730573
84	33	4.30206
84	63	0.733681
84	72	0.725854
84	90	0.733788
84	94	0.730953
84	100	1.22792
84	102	0.727149
84	103	0.765246
84	110	0.753438
84	114	0.738368
84	115	0.74326
84	116	0.769513
84	119	0.761366
84	123	0.741103
84	134	0.754212
84	137	0.760352
84	151	0.720106
84	155	1.97268
84	169	0.714081
84	176	4.43282
85	7	0.778976
85	8	0.728553
85	9	0.809243
85	19	0.782228
85	36	0.756788
85	38	0.756528
85	43	0.751898
85	56	0.709691
85	78	0.757717
85	79	0.755755
85	80	0.781929
85	81	0.749631
85	125	0.638001
85	128	0.656026
85	138	3.06536
85	143	0.676971
85	152	2.56711
85	155	2.44827
85	156	0.741837
85	157	4.45832
85	172	0.769059
86	4	0.802159
86	35	0.757741
86	46	0.764791
86	48	0.757298
86	53	0.762039
86	59	0.743421
86	75	0.7673
86	76	0.720706
86	80	0.719556
86	82	0.75268
86	92	0.77796
86	125	0.642334
86	132	0.759327
86	141	3.37458
86	142	0.723611
86	147	0.705458
86	156	0.74617
86	158	2.43264
86	161	0.671264
86	168	0.750087
86	177	5.04101
87	2	0.751435
87	18	0.734711
87	32	0.717543
87	51	0.776783
87	77	0.82109
87	98	0.767142
87	105	0.778274
87	106	0.802374
87	109	0.779998
87	111	0.84335
87	117	0.78823
87	118	0.797473
87	122	0.74659
87	127	0.78661
87	131	0.757503
87	151	1.74431
87	157	3.31217
87	158	1.8785
87	163	2.83917
87	165	4.34118
87	169	0.750331
87	172	0.808214
88	65	1.18462
88	66	0.790661
88	100	0.820811
88	103	1.92869
88	110	1.79989
88	136	0.702768
88	148	0.716643
88	157	0.744273
88	158	0.76476
88	159	0.7576
88	165	0.726507
88	166	0.758739
88	167	0.755694
88	171	0.727715
88	172	0.691561
88	174	0.726187
88	175	0.687881
88	176	0.721395
88	177	0.70573
88	178	0.704691
88	179	0.690005
88	180	0.697604
89	10	0.718503
89	22	0.766622
89	63	0.721252
89	72	0.713425
89	90	0.721358
89	94	0.718524
89	96	1.87573
89	102	0.71472
89	110	0.741009
89	113	0.767896
89	114	0.725938
89	115	0.730831
89	116	0.757084
89	119	0.748937
89	123	0.728674
89	134	0.741783
89	137	0.747923
89	151	0.707676
89	152	2.44549
89	160	4.77101
89	168	0.73623
89	174	3.77652
90	10	0.716661
90	28	0.774764
90	47	0.743883
90	68	1.03047
90	72	0.711582
90	84	0.733788
90	89	0.721358
90	91	0.728005
90	94	0.716682
90	102	0.712878
90	103	0.750975
90	110	0.739166
90	113	0.766054
90	114	0.724096
90	116	0.755241
90	123	0.726831
90	137	0.746081
90	149	1.7755
90	168	0.734388
90	169	0.69981
90	178	4.08625
90	179	6.07526
91	10	0.72515
91	21	2.33601
91	47	0.752372
91	63	0.727899
91	90	0.728005
91	102	0.721367
91	103	0.759464
91	108	3.96335
91	110	0.747656
91	113	0.774543
91	114	0.732585
91	115	0.737478
91	116	0.763731
91	123	0.735321
91	133	2.37667
91	134	0.74843
91	137	0.75457
91	142	0.716401
91	143	0.674094
91	147	0.698248
91	159	3.528
91	169	0.708299
92	4	0.829205
92	35	0.784787
92	46	0.791837
92	48	0.784344
92	53	0.789085
92	59	0.770467
92	75	0.794346
92	76	0.747752
92	82	0.779726
92	86	0.77796
92	125	0.66938
92	126	0.765779
92	132	0.786373
92	142	0.750657
92	143	4.25793
92	145	2.89546
92	147	0.732504
92	148	4.02061
92	156	0.773216
92	159	1.55472
92	161	0.69831
92	167	2.06083
92	168	0.777133
93	2	2.73188
93	116	1.85017
93	119	2.17993
93	124	0.707719
93	133	0.801678
93	135	0.756885
93	136	0.664384
93	146	0.722984
93	154	0.706672
93	159	0.719216
93	163	0.717289
93	167	0.717309
93	170	0.667826
93	171	0.689331
93	173	0.663864
93	174	0.687803
93	175	0.649497
93	176	0.68301
93	177	0.667346
93	178	0.666307
93	179	0.651621
93	180	0.659219
94	1	0.713467
94	10	0.713826
94	24	2.67116
94	47	0.741049
94	61	0.724368
94	72	0.708748
94	84	0.730953
94	89	0.718524
94	90	0.716682
94	102	0.710043
94	103	0.74814
94	113	0.76322
94	114	0.721262
94	115	0.726154
94	116	0.752407
94	119	0.74426
94	122	0.693234
94	134	0.737106
94	137	0.743246
94	141	3.54093
94	142	0.705078
94	158	2.59899
94	163	3.55966
95	15	1.94519
95	59	2.28895
95	62	2.12149
95	78	2.84436
95	107	0.805676
95	121	0.814167
95	125	0.662114
95	152	0.763351
95	158	0.758103
95	160	0.71866
95	162	0.750214
95	164	0.744892
95	166	0.752083
95	167	0.749037
95	170	0.699555
95	173	0.695592
95	174	0.719531
95	175	0.681225
95	176	0.714738
95	177	0.699074
95	178	0.698035
95	179	0.683349
95	180	0.690947
96	16	2.14336
96	78	1.96484
96	89	1.87573
96	107	0.844889
96	111	1.07717
96	127	0.848172
96	141	0.777564
96	149	0.800881
96	154	0.777613
96	158	0.797316
96	159	0.790157
96	160	0.757873
96	163	0.78823
96	165	0.759064
96	167	0.788251
96	171	0.760272
96	173	0.734805
96	174	0.758744
96	175	0.720438
96	176	0.753952
96	177	0.738287
96	179	0.722562
96	180	0.73016
97	53	1.66102
97	99	0.71137
97	100	0.815381
97	106	1.3611
97	107	0.806902
97	113	1.55828
97	117	1.07762
97	136	0.697338
97	152	0.764577
97	154	0.739626
97	162	0.75144
97	164	0.746118
97	165	0.721077
97	166	0.753309
97	170	0.700781
97	173	0.696819
97	174	0.720757
97	175	0.682451
97	176	0.715965
97	177	0.7003
97	178	0.699261
97	179	0.684575
97	180	0.692174
98	32	0.664127
98	34	0.74778
98	42	0.661559
98	51	0.723367
98	62	0.467424
98	77	0.767674
98	83	0.723103
98	87	0.767142
98	105	0.724858
98	106	0.748958
98	109	0.726582
98	111	0.789934
98	117	0.734813
98	118	0.744057
98	126	0.720139
98	127	0.733194
98	129	5.22862
98	130	0.732319
98	131	0.704086
98	132	0.740732
98	155	1.17279
98	166	2.33937
98	172	0.754797
98	178	5.2632
99	97	0.71137
99	110	4.21908
99	127	3.1663
99	133	0.753076
99	138	0.684286
99	139	0.6739
99	146	0.674382
99	147	0.644908
99	149	0.681338
99	150	0.614602
99	152	0.683021
99	153	0.686693
99	157	0.657287
99	160	0.63833
99	162	0.669884
99	166	0.671753
99	170	0.619224
99	173	0.615262
99	174	0.639201
99	176	0.634408
99	177	0.618744
99	178	0.617705
99	179	0.603019
99	180	0.610617
100	10	3.00585
100	37	0.843832
100	84	1.22792
100	88	0.820811
100	97	0.815381
100	115	1.31428
100	126	1.36197
100	138	0.788296
100	141	0.762032
100	146	0.778393
100	152	0.787031
100	154	0.76208
100	155	0.821092
100	166	0.775763
100	167	0.772718
100	171	0.744739
100	173	0.719273
100	174	0.743211
100	175	0.704905
100	176	0.738419
100	177	0.722754
100	178	0.721715
100	179	0.70703
100	180	0.714628
101	50	0.760123
101	58	2.0514
101	79	1.47936
101	118	1.84517
101	134	2.03557
101	136	0.689103
101	140	0.744894
101	144	0.709951
101	145	0.750002
101	152	0.756342
101	159	0.743935
101	162	0.743205
101	163	0.742008
101	164	0.737883
101	165	0.712842
101	166	0.745074
101	171	0.71405
101	173	0.688583
101	174	0.712522
101	176	0.70773
101	177	0.692065
101	178	0.691026
101	179	0.67634
101	180	0.683938
102	1	0.709663
102	6	1.68073
102	28	0.768125
102	61	0.720564
102	63	0.712772
102	72	0.704944
102	84	0.727149
102	89	0.71472
102	90	0.712878
102	91	0.721367
102	94	0.710043
102	103	0.744336
102	114	0.717458
102	119	0.740456
102	123	0.720193
102	124	4.53021
102	134	0.733302
102	137	0.739442
102	147	0.683121
102	151	0.699196
102	153	2.69603
102	157	4.02246
102	168	0.727749
102	169	0.693172
103	1	0.74776
103	47	0.775341
103	63	0.750868
103	84	0.765246
103	88	1.92869
103	90	0.750975
103	91	0.759464
103	94	0.74814
103	102	0.744336
103	113	0.797512
103	114	0.755555
103	115	0.760447
103	119	0.778553
103	120	1.91571
103	122	0.727527
103	123	0.75829
103	134	0.771399
103	137	0.777539
103	148	5.03088
103	151	0.737293
103	153	2.2745
103	166	2.75745
103	168	0.765846
103	169	0.731268
104	34	2.78785
104	63	2.24961
104	81	1.96312
104	137	1.5847
104	138	0.763498
104	144	0.715842
104	148	0.708868
104	149	0.76055
104	154	0.737281
104	156	0.764832
104	160	0.717542
104	163	0.747899
104	164	0.743773
104	165	0.718732
104	167	0.747919
104	170	0.698436
104	171	0.719941
104	173	0.694474
104	175	0.680106
104	176	0.71362
104	177	0.697955
104	178	0.696917
104	179	0.682231
104	180	0.689829
105	17	0.773519
105	18	0.692427
105	34	0.758913
105	37	0.749797
105	58	0.735294
105	77	0.778806
105	87	0.778274
105	98	0.724858
105	106	0.76009
105	108	1.84386
105	109	0.737714
105	111	0.801066
105	112	0.730541
105	117	0.745946
105	118	0.755189
105	127	0.744326
105	130	0.743452
105	131	0.715219
105	132	0.751865
105	142	1.99629
105	143	4.11172
105	161	5.47507
105	162	2.31289
105	169	0.708047
105	172	0.76593
106	32	0.69936
106	34	0.783013
106	37	0.773897
106	42	0.696792
106	62	0.465339
106	83	0.758335
106	87	0.802374
106	97	1.3611
106	98	0.748958
106	105	0.76009
106	109	0.761814
106	111	0.825167
106	112	0.754641
106	117	0.770046
106	118	0.779289
106	126	0.755372
106	127	0.768426
106	130	0.767552
106	131	0.739319
106	147	2.78578
106	156	1.45798
106	169	0.732147
106	172	0.79003
106	176	3.26254
106	180	5.55424
107	11	2.85611
107	22	2.10709
107	95	0.805676
107	96	0.844889
107	97	0.806902
107	109	1.59939
107	125	0.677316
107	136	0.711314
107	137	0.677547
107	150	0.710133
107	155	0.812613
107	157	0.752818
107	159	0.766145
107	164	0.760093
107	166	0.767284
107	167	0.764239
107	168	0.049918
107	170	0.714756
107	171	0.73626
107	173	0.710794
107	175	0.696426
107	176	0.72994
107	177	0.714275
107	178	0.713236
107	179	0.69855
107	180	0.706149
108	60	1.41135
108	91	3.96335
108	105	1.84386
108	135	0.769204
108	136	0.676703
108	141	0.718942
108	144	0.697551
108	146	0.735303
108	154	0.718991
108	155	0.778003
108	158	0.738695
108	163	0.729608
108	164	0.725483
108	166	0.732674
108	167	0.729629
108	168	2.08374
108	169	0.71588
108	171	0.70165
108	173	0.676183
108	174	0.700122
108	175	0.661816
108	176	0.69533
108	177	0.679665
108	178	0.678626
108	179	0.66394
108	180	0.671538
109	2	0.710875
109	17	0.775243
109	32	0.676983
109	34	0.760636
109	42	0.674415
109	77	0.78053
109	83	0.735959
109	87	0.779998
109	98	0.726582
109	105	0.737714
109	106	0.761814
109	107	1.59939
109	111	0.80279
109	112	0.732264
109	117	0.747669
109	118	0.756913
109	122	0.706029
109	127	0.74605
109	130	0.745175
109	131	0.716942
109	132	0.753588
109	147	4.20713
109	151	2.66592
109	152	2.34259
109	167	3.70397
109	169	0.709771
110	3	0.683252
110	10	0.736311
110	47	0.763533
110	61	0.746853
110	84	0.753438
110	88	1.79989
110	89	0.741009
110	90	0.739166
110	91	0.747656
110	99	4.21908
110	113	0.785704
110	114	0.743747
110	115	0.748639
110	116	0.774892
110	119	0.766745
110	122	0.715719
110	123	0.746482
110	134	0.759591
110	135	2.23568
110	137	0.765731
110	142	0.727562
110	143	0.685256
110	149	2.30378
110	151	0.725485
110	167	2.94231
110	168	0.754038
111	13	0.773861
111	17	0.838595
111	32	0.740336
111	42	0.737767
111	51	0.799575
111	62	0.318566
111	87	0.84335
111	96	1.07717
111	98	0.789934
111	105	0.801066
111	106	0.825167
111	109	0.80279
111	112	0.795617
111	117	0.811022
111	118	0.820265
111	127	0.809402
111	130	0.808528
111	131	0.780295
111	132	0.816941
111	146	2.62353
111	158	2.10445
111	162	3.40657
111	166	2.69465
111	169	0.773123
111	171	3.60784
111	172	0.831006
112	2	0.703701
112	3	0.666389
112	13	0.703336
112	18	0.686977
112	34	0.753463
112	42	0.667242
112	51	0.72905
112	58	0.729845
112	62	1.01158
112	66	0.914752
112	83	0.728786
112	105	0.730541
112	106	0.754641
112	109	0.732264
112	111	0.795617
112	117	0.740496
112	118	0.749739
112	127	0.738877
112	130	0.738002
112	131	0.709769
112	142	3.28717
112	154	3.12001
112	163	3.26233
112	169	0.702597
112	172	0.76048
112	176	4.18542
113	47	0.790421
113	61	0.77374
113	63	0.765948
113	72	0.75812
113	89	0.767896
113	90	0.766054
113	91	0.774543
113	94	0.76322
113	97	1.55828
113	103	0.797512
113	110	0.785704
113	114	0.770634
113	115	0.775526
113	116	0.801779
113	119	0.793633
113	123	0.773369
113	133	1.69587
113	134	0.786478
113	137	0.792619
113	142	0.75445
113	143	0.712143
113	151	0.752372
113	156	1.65516
113	159	1.97369
113	169	0.746348
113	173	6.18553
113	176	3.45972
114	1	0.720882
114	10	0.721241
114	22	0.76936
114	47	0.748463
114	84	0.738368
114	89	0.725938
114	90	0.724096
114	91	0.732585
114	94	0.721262
114	102	0.717458
114	103	0.755555
114	110	0.743747
114	113	0.770634
114	115	0.733568
114	116	0.759821
114	119	0.751675
114	123	0.731412
114	134	0.744521
114	137	0.750661
114	138	2.30377
114	142	0.712492
114	146	2.78213
114	147	0.694339
114	150	7.16246
114	155	1.68667
114	156	2.34227
114	168	0.738968
115	1	0.725774
115	22	0.774252
115	63	0.728882
115	69	1.54601
115	72	0.721055
115	84	0.74326
115	89	0.730831
115	91	0.737478
115	94	0.726154
115	100	1.31428
115	103	0.760447
115	110	0.748639
115	113	0.775526
115	114	0.733568
115	116	0.764714
115	119	0.756567
115	122	0.705541
115	123	0.736304
115	134	0.749413
115	137	0.755553
115	143	0.675077
115	147	0.699231
115	151	0.715306
115	156	3.44074
115	158	3.36152
115	168	0.74386
115	174	4.23503
116	22	0.800505
116	28	0.810489
116	54	1.27285
116	61	0.762928
116	72	0.747308
116	84	0.769513
116	89	0.757084
116	90	0.755241
116	91	0.763731
116	93	1.85017
116	94	0.752407
116	110	0.774892
116	113	0.801779
116	114	0.759821
116	115	0.764714
116	119	0.78282
116	123	0.762557
116	134	0.775666
116	135	2.49273
116	137	0.781806
116	142	0.743637
116	143	0.70133
116	147	0.725484
116	151	0.741559
116	166	2.88571
116	167	3.19936
116	168	0.770113
116	171	3.7989
117	2	0.719107
117	13	0.718741
117	37	0.759753
117	42	0.682647
117	50	1.88499
117	51	0.744455
117	58	0.74525
117	62	1.02698
117	74	3.10104
117	77	0.788762
117	83	0.744191
117	87	0.78823
117	97	1.07762
117	98	0.734813
117	105	0.745946
117	106	0.770046
117	109	0.747669
117	111	0.811022
117	112	0.740496
117	118	0.765145
117	122	0.714261
117	127	0.754282
117	130	0.753407
117	131	0.725174
117	154	1.91363
117	164	1.9262
117	172	0.775885
117	178	4.60931
118	13	0.727984
118	17	0.792718
118	18	0.711625
118	32	0.694458
118	34	0.778111
118	37	0.768996
118	42	0.69189
118	51	0.753698
118	58	0.754493
118	83	0.753434
118	87	0.797473
118	98	0.744057
118	101	1.84517
118	105	0.755189
118	106	0.779289
118	109	0.756913
118	111	0.820265
118	112	0.749739
118	117	0.765145
118	127	0.763525
118	130	0.762651
118	131	0.734417
118	132	0.771064
118	147	2.86407
118	153	1.5643
118	160	3.32504
118	169	0.727246
118	174	2.33056
118	178	4.97109
119	22	0.792359
119	28	0.802342
119	56	0.725904
119	61	0.754781
119	63	0.746988
119	72	0.739161
119	84	0.761366
119	89	0.748937
119	93	2.17993
119	94	0.74426
119	102	0.740456
119	103	0.778553
119	110	0.766745
119	113	0.793633
119	114	0.751675
119	115	0.756567
119	116	0.78282
119	123	0.75441
119	134	0.767519
119	137	0.773659
119	139	2.80843
119	143	0.693184
119	151	0.733413
119	153	2.73252
119	155	2.04889
119	162	3.92739
119	166	3.21547
119	168	0.761966
119	169	0.727388
120	16	2.91911
120	28	1.37188
120	49	1.49697
120	68	0.818827
120	103	1.91571
120	134	1.39592
120	135	0.809174
120	139	0.77479
120	144	0.737521
120	145	0.777571
120	148	0.730547
120	149	0.782228
120	150	0.715492
120	153	0.787583
120	157	0.758177
120	159	0.771504
120	160	0.73922
120	162	0.770774
120	163	0.769578
120	164	0.765452
120	165	0.740411
120	170	0.720115
120	171	0.741619
120	172	0.678589
120	173	0.716153
120	174	0.740091
120	175	0.701785
120	177	0.719634
120	179	0.703909
120	180	0.711508
121	28	1.88416
121	35	1.70126
121	74	0.758856
121	82	1.83319
121	83	2.08814
121	95	0.814167
121	124	0.76314
121	129	0.738794
121	134	1.06327
121	137	1.29409
121	150	0.718625
121	151	0.765006
121	154	0.762093
121	158	0.781796
121	159	0.774637
121	160	0.742353
121	162	0.773907
121	163	0.77271
121	164	0.768585
121	166	0.775776
121	167	0.77273
121	171	0.744752
121	173	0.719285
121	174	0.743224
121	175	0.704918
121	176	0.738431
121	177	0.722767
121	178	0.721728
121	179	0.707042
121	180	0.71464
122	4	2.92305
122	5	1.87009
122	14	3.98544
122	27	3.22141
122	58	0.70361
122	87	0.74659
122	94	0.693234
122	103	0.727527
122	109	0.706029
122	110	0.715719
122	115	0.705541
122	117	0.714261
122	123	0.703384
122	127	0.712642
122	130	0.711767
122	131	0.683534
122	134	0.716493
122	137	0.722633
122	144	0.658034
122	145	0.698085
122	153	0.708096
122	157	0.678691
122	169	0.676362
122	171	0.662132
122	172	0.734245
122	174	0.660604
122	175	0.622298
122	178	0.639108
122	179	0.624423
122	180	0.632021
123	1	0.723617
123	20	0.392296
123	22	0.772095
123	28	0.782079
123	47	0.751198
123	56	0.705641
123	61	0.734518
123	63	0.726725
123	72	0.718898
123	84	0.741103
123	89	0.728674
123	90	0.726831
123	91	0.735321
123	102	0.720193
123	103	0.75829
123	110	0.746482
123	113	0.773369
123	114	0.731412
123	115	0.736304
123	116	0.762557
123	119	0.75441
123	122	0.703384
123	133	2.26112
123	134	0.747256
123	137	0.753396
123	138	3.05542
123	140	4.43387
123	142	0.715227
123	145	4.75318
123	149	3.28004
123	168	0.741703
123	169	0.707125
124	36	2.91695
124	60	2.51969
124	71	2.43315
124	93	0.707719
124	102	4.53021
124	121	0.76314
124	129	0.664074
124	133	0.78238
124	138	0.713589
124	140	0.700876
124	141	0.687324
124	144	0.665933
124	146	0.703685
124	149	0.710641
124	152	0.712324
124	153	0.715996
124	155	0.746385
124	157	0.68659
124	159	0.699917
124	160	0.667633
124	162	0.699187
124	163	0.69799
124	165	0.668824
124	166	0.701056
124	170	0.648528
124	175	0.630198
124	176	0.663712
124	177	0.648047
124	178	0.647008
124	179	0.632322
124	180	0.63992
125	8	0.624306
125	9	0.704997
125	29	0.656441
125	43	0.647651
125	46	0.656211
125	62	12.4
125	76	0.612126
125	81	0.645384
125	82	0.6441
125	85	0.638001
125	86	0.642334
125	92	0.66938
125	95	0.662114
125	107	0.677316
125	128	0.551779
125	132	0.650747
125	144	0.5886
125	147	0.596878
125	156	0.63759
125	158	0.629743
125	162	0.621854
125	168	0.641507
125	170	0.571194
125	172	0.664812
125	173	0.567232
125	175	0.552865
125	176	0.586378
125	177	0.570714
125	178	0.569675
125	179	0.554989
125	180	0.562587
126	17	0.7688
126	20	0.786805
126	25	0.7597
126	35	0.74556
126	45	0.730895
126	46	0.75261
126	51	0.72978
126	52	0.723941
126	53	0.749859
126	55	0.711794
126	67	0.769056
126	71	0.755392
126	73	0.73937
126	75	0.755119
126	76	0.708525
126	77	0.774087
126	82	0.740499
126	92	0.765779
126	98	0.720139
126	100	1.36197
126	106	0.755372
126	127	0.739607
126	130	0.738733
126	131	0.7105
126	138	3.44993
126	151	0.709352
126	158	3.40922
126	159	3.80696
126	161	0.659083
126	164	4.24014
126	168	0.737906
126	169	0.703328
127	2	0.717487
127	13	0.717121
127	18	0.700763
127	32	0.683595
127	34	0.767249
127	37	0.758133
127	42	0.681027
127	51	0.742835
127	58	0.74363
127	62	1.02536
127	77	0.787142
127	83	0.742571
127	87	0.78661
127	96	0.848172
127	98	0.733194
127	99	3.1663
127	105	0.744326
127	106	0.768426
127	109	0.74605
127	111	0.809402
127	112	0.738877
127	117	0.754282
127	118	0.763525
127	122	0.712642
127	126	0.739607
127	130	0.751788
127	131	0.723555
127	132	0.760201
127	157	2.41934
127	161	5.44997
127	162	2.28779
127	165	3.44835
127	171	2.48906
127	172	0.774266
128	9	0.723021
128	15	0.620164
128	19	0.696006
128	30	0.615645
128	38	0.670306
128	40	0.685132
128	44	0.664026
128	49	6.23851
128	57	0.649634
128	60	0.727488
128	65	0.702925
128	70	0.68279
128	73	6.56149
128	78	0.671495
128	81	0.663409
128	85	0.656026
128	125	0.551779
128	141	0.628016
128	143	0.590749
128	144	0.606625
128	158	0.647768
128	159	0.640608
128	161	0.580709
128	162	0.639879
128	168	0.659532
128	172	0.682836
128	174	0.609195
128	176	0.604403
128	177	0.588739
128	178	0.5877
128	179	0.573014
128	180	0.580612
129	54	0.752238
129	56	0.658431
129	58	5.14275
129	66	0.708632
129	75	3.22863
129	98	5.22862
129	121	0.738794
129	124	0.664074
129	136	0.620739
129	139	0.678857
129	140	0.67653
129	141	0.662978
129	149	0.686295
129	150	0.619559
129	153	0.69165
129	157	0.662244
129	159	0.675571
129	160	0.643287
129	162	0.674841
129	163	0.673644
129	164	0.669519
129	165	0.644478
129	166	0.67671
129	167	0.673664
129	170	0.624181
129	171	0.645686
129	173	0.620219
129	174	0.644158
129	175	0.605852
129	176	0.639365
129	177	0.623701
129	178	0.622662
129	179	0.607976
129	180	0.615574
130	2	0.716612
130	3	0.679301
130	13	0.716247
130	17	0.78098
130	18	0.699888
130	32	0.682721
130	34	0.766374
130	37	0.757259
130	42	0.680153
130	51	0.741961
130	58	0.742756
130	62	1.02449
130	77	0.786268
130	80	1.30159
130	83	0.741697
130	98	0.732319
130	105	0.743452
130	106	0.767552
130	109	0.745175
130	111	0.808528
130	112	0.738002
130	117	0.753407
130	118	0.762651
130	122	0.711767
130	126	0.738733
130	127	0.751788
130	131	0.72268
130	149	3.28
130	151	2.88048
130	152	2.55714
130	155	2.4383
130	158	3.01467
130	169	0.715508
130	171	4.51806
130	172	0.773391
131	2	0.688379
131	3	0.651067
131	13	0.688014
131	17	0.752747
131	18	0.671655
131	32	0.654488
131	34	0.738141
131	37	0.729026
131	42	0.65192
131	51	0.713728
131	58	0.714523
131	62	0.996257
131	77	0.758034
131	87	0.757503
131	98	0.704086
131	105	0.715219
131	106	0.739319
131	109	0.716942
131	111	0.780295
131	112	0.709769
131	117	0.725174
131	118	0.734417
131	122	0.683534
131	126	0.7105
131	127	0.723555
131	130	0.72268
131	132	0.731093
131	138	1.65402
131	143	4.71425
131	154	2.43166
131	165	4.07598
131	169	0.687275
131	172	0.745158
131	176	3.49708
131	177	4.22167
132	2	0.725025
132	11	0.724679
132	15	0.719132
132	24	0.279448
132	31	0.774574
132	35	0.766153
132	37	0.765672
132	46	0.773203
132	53	0.770452
132	60	0.826456
132	65	0.801893
132	70	0.781758
132	74	2.21303
132	82	0.761092
132	86	0.759327
132	92	0.786373
132	98	0.740732
132	105	0.751865
132	109	0.753588
132	111	0.816941
132	118	0.771064
132	125	0.650747
132	127	0.760201
132	131	0.731093
132	146	1.64844
132	147	0.713871
132	156	0.754583
132	157	1.64095
132	161	0.679676
132	165	2.66995
132	168	0.758499
132	172	0.781804
132	175	5.81574
132	179	5.71032
133	19	1.49848
133	40	1.61187
133	82	1.66379
133	91	2.37667
133	93	0.801678
133	99	0.753076
133	113	1.69587
133	123	2.26112
133	124	0.78238
133	134	0.893867
133	135	0.831545
133	136	0.739044
133	139	0.797162
133	148	0.752919
