1	6	1.11601
1	14	0.964124
1	36	1.06381
1	82	1.0381
1	105	1.08064
1	130	1.06173
1	156	1.05853
1	161	0.808786
1	163	1.10959
1	168	1.10746
1	175	0.77858
1	179	0.811028
2	103	0.640312
2	140	0.620864
2	144	1.17834
2	151	0.619308
2	153	1.16538
2	163	0.527457
2	165	1.19738
2	166	1.2144
2	169	1.22821
2	170	1.19267
2	172	1.21065
2	179	1.21296
3	46	0.829766
3	89	1.0403
3	100	0.735439
3	132	1.07901
3	142	1.04984
3	164	1.07654
3	171	1.05099
3	172	0.828836
3	174	1.08469
3	176	1.05976
3	177	1.08433
3	178	1.07454
4	83	1.15743
4	95	1.23743
4	100	1.23743
4	107	1.13933
4	111	1.31743
4	119	0.688919
4	120	1.11755
4	124	1.1646
4	135	0.644626
4	149	0.570732
4	175	0.502779
4	180	1.22882
5	79	1.07085
5	125	1.07105
5	145	0.822816
5	153	1.02986
5	154	1.0602
5	165	1.06186
5	166	1.07888
5	169	1.09269
5	170	1.05716
5	176	0.809467
5	177	0.773487
5	179	1.07744
6	1	1.11601
6	14	1.11997
6	23	0.603597
6	28	1.20728
6	36	1.21966
6	82	1.19395
6	136	0.619897
6	156	1.21438
6	160	0.636837
6	163	1.26544
6	168	1.26331
6	175	0.540028
7	54	1.28676
7	97	1.17529
7	99	1.17667
7	102	1.18157
7	106	1.13332
7	118	1.16605
7	167	0.587559
7	168	1.24411
7	173	0.607044
7	175	0.556143
7	178	0.656178
7	180	1.23623
8	78	1.05535
8	85	1.05962
8	97	1.05697
8	99	1.05835
8	102	1.06326
8	106	1.015
8	118	1.04773
8	121	0.731577
8	167	0.833199
8	168	1.1258
8	174	0.84071
8	180	1.11791
9	33	0.584149
9	85	1.19154
9	97	1.18889
9	99	1.19027
9	102	1.19517
9	106	1.14692
9	118	1.17965
9	122	0.645493
9	164	0.59212
9	168	1.25772
9	178	0.58581
9	180	1.24983
10	21	0.913411
10	60	0.783583
10	138	1.02766
10	155	0.697225
10	158	1.06778
10	160	1.05464
10	164	1.07175
10	167	1.10281
10	171	1.04619
10	174	1.0799
10	177	1.07953
10	178	1.06974
11	129	0.565228
11	133	1.19074
11	137	1.20985
11	157	0.617749
11	161	1.21508
11	165	1.18587
11	169	1.2167
11	170	1.18117
11	172	1.19914
11	176	0.607894
11	178	0.616729
11	179	1.20145
12	45	0.720448
12	69	1.08163
12	92	1.08998
12	98	0.825224
12	120	0.989973
12	124	1.03703
12	152	1.07699
12	167	1.09317
12	177	1.06989
12	178	1.06009
12	179	0.848546
12	180	1.10124
13	66	0.744625
13	77	0.82137
13	141	1.10825
13	158	1.06604
13	159	1.03568
13	164	1.07001
13	170	0.828109
13	171	1.04446
13	173	1.05158
13	174	1.07816
13	177	1.0778
13	178	1.06801
14	1	0.964124
14	6	1.11997
14	28	1.05539
14	36	1.06778
14	82	1.04207
14	115	1.06319
14	156	1.0625
14	163	1.11356
14	167	0.805641
14	168	1.11143
14	173	0.825126
14	175	0.774225
15	21	0.942378
15	27	1.06846
15	35	1.06846
15	52	1.06846
15	64	1.12016
15	70	1.07782
15	75	1.07782
15	156	1.06269
15	163	1.11374
15	174	0.826579
15	175	0.787651
15	180	0.79107
16	78	1.18825
16	85	1.19253
16	97	1.18988
16	99	1.19126
16	106	1.14791
16	118	1.18064
16	126	0.617765
16	160	0.636124
16	168	1.25871
16	174	0.578244
16	179	0.571764
16	180	1.25082
17	44	1.05995
17	80	1.27935
17	137	1.2145
17	152	0.628034
17	155	1.19522
17	156	0.582782
17	161	1.21973
17	169	1.22135
17	172	1.20379
17	176	0.616364
17	177	0.580384
17	179	1.2061
18	59	0.729772
18	123	0.87952
18	131	0.784406
18	143	1.06997
18	157	1.05218
18	160	1.06029
18	171	1.05185
18	173	1.05896
18	174	1.08555
18	176	1.06062
18	177	1.08519
18	178	1.07539
19	28	0.606926
19	34	0.543625
19	68	0.598831
19	78	0.642529
19	120	1.13914
19	124	1.1862
19	170	1.19496
19	171	1.18572
19	177	1.21906
19	178	1.20926
19	179	1.21524
19	180	1.25041
20	83	1.15743
20	95	1.23743
20	100	1.23743
20	107	1.13933
20	111	1.31743
20	119	0.668364
20	120	1.11755
20	124	1.1646
20	140	0.579322
20	159	0.583528
20	171	0.576567
20	180	1.22882
21	10	0.913411
21	15	0.942378
21	27	1.04238
21	35	1.04238
21	52	1.04238
21	64	1.09407
21	70	1.05174
21	75	1.05174
21	117	1.00868
21	156	1.0366
21	163	1.08766
21	176	0.889122
21	180	0.801341
22	55	0.599565
22	70	0.671457
22	127	1.13934
22	145	1.13553
22	164	1.16742
22	166	0.690189
22	168	0.630907
22	171	1.14187
22	173	1.14899
22	174	1.17557
22	176	1.15064
22	177	1.17521
22	178	1.16542
23	6	0.603597
23	93	1.17231
23	143	0.665114
23	146	1.12904
23	147	1.17052
23	150	1.1567
23	158	0.686544
23	161	1.17207
23	165	1.14287
23	166	1.15989
23	170	1.13816
23	177	0.650351
23	179	1.15845
24	39	0.889298
24	47	1.28519
24	57	0.990107
24	65	0.857403
24	68	0.950964
24	69	0.957607
24	92	0.965953
24	148	1.31846
24	165	0.926472
24	167	0.969145
24	169	0.957303
24	175	0.993696
24	179	0.942052
25	41	1.13067
25	91	0.597775
25	120	0.725773
25	158	1.1636
25	159	1.13323
25	162	1.13752
25	164	1.16757
25	169	0.636647
25	172	0.632081
25	174	1.17572
25	176	1.15079
25	177	1.17535
25	178	1.16556
26	32	1.18488
26	34	1.18488
26	39	1.12401
26	53	1.29917
26	58	1.29917
26	65	1.09211
26	66	1.18738
26	113	0.661206
26	129	0.589239
26	141	0.584637
26	167	0.572121
26	175	1.22841
27	15	1.06846
27	21	1.04238
27	35	1.16846
27	52	1.16846
27	64	1.22016
27	70	1.17782
27	75	1.17782
27	105	0.675868
27	152	0.669546
27	156	1.16269
27	160	0.663484
27	163	1.21374
27	167	0.598092
28	6	1.20728
28	14	1.05539
28	19	0.606926
28	36	1.15508
28	48	0.692937
28	82	1.12937
28	115	1.15049
28	117	0.705326
28	130	1.153
28	156	1.1498
28	163	1.20086
28	168	1.19873
28	175	0.600089
29	101	0.676428
29	115	0.64174
29	116	1.20909
29	155	0.646164
29	157	1.13479
29	160	1.1429
29	171	1.13446
29	173	1.14157
29	174	1.16816
29	176	1.14323
29	177	1.1678
29	178	1.158
29	179	0.628437
30	31	1.11321
30	56	1.21557
30	57	1.18898
30	68	1.14984
30	69	1.15649
30	92	1.16483
30	114	1.10479
30	130	1.13826
30	143	0.679833
30	167	1.16802
30	171	0.704193
30	175	0.60985
30	180	0.613269
31	30	1.11321
31	33	0.699356
31	56	1.21557
31	57	1.18898
31	68	1.14984
31	69	1.15649
31	71	0.664637
31	92	1.16483
31	114	1.10479
31	130	1.13826
31	148	0.612569
31	167	1.16802
31	172	0.626883
32	26	1.18488
32	34	1.18488
32	39	1.12401
32	53	1.29917
32	58	1.29917
32	65	1.09211
32	66	1.18738
32	105	0.655965
32	148	0.55836
32	151	0.642315
32	163	0.550464
32	175	1.22841
33	9	0.584149
33	31	0.699356
33	58	0.538156
33	65	0.774423
33	120	1.09265
33	124	1.13971
33	155	1.15787
33	166	1.17019
33	173	1.14634
33	176	1.148
33	177	1.17257
33	179	1.16875
33	180	1.20392
34	19	0.543625
34	26	1.18488
34	32	1.18488
34	39	1.12401
34	53	1.29917
34	58	1.29917
34	65	1.09211
34	66	1.18738
34	117	0.642024
34	175	1.22841
34	176	0.627988
34	177	0.592008
35	15	1.06846
35	21	1.04238
35	27	1.16846
35	52	1.16846
35	64	1.22016
35	70	1.17782
35	71	0.685303
35	75	1.17782
35	116	0.627862
35	156	1.16269
35	163	1.21374
35	173	0.672549
35	175	0.621647
36	1	1.06381
36	6	1.21966
36	14	1.06778
36	28	1.15508
36	72	0.631783
36	82	1.14175
36	130	1.16538
36	156	1.16219
36	159	0.714557
36	163	1.21324
36	167	0.644669
36	168	1.21111
36	180	0.616672
37	56	0.632648
37	59	0.627124
37	74	0.832994
37	89	1.09582
37	139	1.1205
37	158	1.1281
37	159	1.09773
37	162	1.10202
37	164	1.13207
37	166	0.699085
37	173	1.11363
37	174	1.14022
37	177	1.13986
37	178	1.13006
38	57	1.18428
38	82	1.10993
38	92	1.16013
38	149	0.666436
38	158	0.689896
38	163	1.18142
38	167	1.16332
38	168	1.17929
38	169	1.15148
38	172	1.13392
38	173	0.649385
38	179	1.13623
38	180	0.601903
39	24	0.889298
39	26	1.12401
39	32	1.12401
39	34	1.12401
39	53	1.23829
39	58	1.23829
39	65	1.03124
39	66	1.12651
39	94	1.13679
39	117	0.681771
39	122	0.736252
39	135	0.718381
39	171	0.670877
39	175	1.16754
40	101	1.11338
40	116	0.682179
40	121	0.605759
40	144	1.09683
40	146	1.10204
40	149	0.743917
40	155	1.12057
40	165	1.11586
40	166	1.13289
40	169	1.1467
40	170	1.11116
40	172	1.12913
40	178	0.775999
40	179	1.13145
41	25	1.13067
41	67	0.669905
41	100	0.61801
41	128	0.787309
41	145	1.09191
41	149	1.13025
41	158	1.11983
41	171	1.09825
41	173	1.10537
41	174	1.13195
41	176	1.10702
41	178	1.1218
41	179	0.717954
41	180	1.16295
42	112	0.775668
42	146	0.710664
42	152	1.13337
42	158	1.11451
42	162	1.08844
42	164	1.11848
42	169	0.652243
42	173	1.10004
42	174	1.12663
42	175	1.1741
42	176	1.1017
42	177	1.12627
42	178	1.11647
42	179	0.654224
43	53	0.584961
43	118	0.768671
43	140	1.11022
43	142	1.10684
43	145	1.10166
43	148	1.13843
43	150	0.763893
43	162	1.10351
43	168	0.674822
43	171	1.108
43	174	1.1417
43	176	1.11677
43	177	1.14134
43	178	1.13154
44	17	1.05995
44	91	1.03836
44	123	0.957271
44	125	1.01611
44	132	0.940272
44	135	0.997918
44	155	1.01162
44	161	1.03612
44	169	1.03775
44	170	1.00221
44	172	1.02019
44	173	0.938667
44	174	0.926693
44	179	1.0225
45	12	0.720448
45	74	1.17184
45	94	0.524495
45	128	1.21432
45	144	1.23196
45	146	1.23717
45	152	0.538782
45	154	1.24933
45	160	0.53272
45	170	1.24629
45	172	1.26427
45	175	1.31822
45	177	0.491132
45	179	1.26658
46	3	0.829766
46	131	1.14081
46	133	1.11545
46	144	1.09155
46	146	1.09676
46	154	1.10892
46	155	1.11529
46	161	1.13979
46	164	0.664737
46	169	1.14142
46	171	0.652735
46	172	1.12385
46	178	0.658426
46	179	1.12616
47	24	1.28519
47	55	0.459249
47	110	1.10529
47	113	1.09941
47	116	1.17284
47	132	1.12622
47	139	1.11219
47	147	0.559019
47	151	1.11809
47	168	0.49059
47	173	1.10532
47	174	1.13191
47	176	1.10698
47	178	1.12175
48	28	0.692937
48	64	0.643941
48	74	1.04275
48	106	0.759046
48	118	0.69896
48	120	1.06139
48	124	1.10845
48	152	1.14841
48	166	1.13893
48	174	1.14167
48	176	1.11674
48	178	1.13151
48	179	1.13749
48	180	1.17266
49	69	0.561915
49	96	0.616095
49	108	0.559719
49	157	1.22921
49	158	1.25045
49	160	1.23732
49	162	1.22438
49	166	0.555786
49	168	0.496503
49	171	1.22887
49	173	1.23599
49	174	1.26257
49	176	1.23764
49	180	1.29357
50	76	0.720299
50	121	1.22688
50	152	1.13369
50	154	0.73483
50	159	1.08446
50	160	1.10169
50	162	1.08875
50	164	1.11879
50	168	0.643646
50	169	0.693411
50	173	1.10036
50	176	1.10201
50	177	1.12658
50	178	1.11679
51	125	1.11771
51	133	1.11339
51	138	0.766264
51	144	1.08949
51	150	1.12235
51	156	0.688912
51	161	1.13773
51	165	1.10852
51	166	1.12555
51	169	1.13936
51	172	1.12179
51	173	0.682195
51	174	0.670222
51	179	1.1241
52	15	1.06846
52	21	1.04238
52	27	1.16846
52	35	1.16846
52	64	1.22016
52	70	1.17782
52	75	1.17782
52	142	0.716333
52	149	0.663555
52	156	1.16269
52	163	1.21374
52	175	0.595603
52	179	0.62805
53	26	1.29917
53	32	1.29917
53	34	1.29917
53	39	1.23829
53	43	0.584961
53	58	1.41345
53	65	1.2064
53	66	1.30167
53	104	0.459747
53	119	0.608542
53	164	0.528747
53	175	1.34269
53	180	0.425821
54	7	1.28676
54	78	1.22696
54	97	1.22858
54	99	1.22996
54	102	1.23486
54	106	1.18661
54	117	0.592174
54	118	1.21934
54	141	0.530869
54	158	0.57835
54	168	1.29741
54	169	0.517403
54	178	0.586971
54	180	1.28952
55	22	0.599565
55	47	0.459249
55	83	1.18556
55	90	1.37492
55	95	1.26556
55	100	1.26556
55	107	1.16746
55	111	1.34556
55	120	1.14568
55	124	1.19274
55	132	0.533428
55	135	0.622768
55	162	0.590466
55	180	1.25695
56	30	1.21557
56	31	1.21557
56	37	0.632648
56	57	1.29134
56	68	1.2522
56	69	1.25884
56	92	1.26719
56	105	0.614302
56	108	1.22174
56	110	0.546543
56	114	1.20715
56	167	1.27038
56	175	0.505109
56	180	0.508529
57	24	0.990107
57	30	1.18898
57	31	1.18898
57	38	1.18428
57	56	1.29134
57	68	1.22561
57	69	1.23226
57	92	1.2406
57	105	0.632424
57	130	1.21403
57	151	0.618774
57	160	0.62004
57	167	1.24379
57	175	0.523231
57	176	0.614431
58	26	1.29917
58	32	1.29917
58	33	0.538156
58	34	1.29917
58	39	1.23829
58	53	1.41345
58	65	1.2064
58	66	1.30167
58	105	0.548974
58	164	0.546127
58	175	1.34269
58	176	0.530982
58	180	0.443201
59	18	0.729772
59	37	0.627124
59	80	1.27974
59	81	1.1657
59	136	1.18139
59	147	1.21856
59	151	0.595128
59	153	1.15891
59	163	0.503276
59	165	1.19091
59	166	1.20793
59	170	1.1862
59	172	1.20418
59	173	0.550487
59	179	1.20649
60	10	0.783583
60	80	1.17127
60	112	1.01908
60	125	1.09163
60	129	0.716629
60	149	0.736048
60	150	1.09627
60	153	1.05044
60	155	1.08714
60	159	0.769399
60	166	1.09946
60	169	1.11327
60	170	1.07773
60	172	1.0957
60	179	1.09802
61	90	0.662217
61	93	0.763001
61	103	1.098
61	109	1.02613
61	126	1.09281
61	142	1.08196
61	158	1.1047
61	159	1.07434
61	166	0.813774
61	168	0.754491
61	173	1.09023
61	174	1.11682
61	176	1.09189
61	177	1.11646
61	178	1.10666
62	110	0.714865
62	122	0.833149
62	131	1.10595
62	133	1.08059
62	134	1.07011
62	154	1.07406
62	162	0.782975
62	165	1.07572
62	166	1.09275
62	169	1.10655
62	170	1.07102
62	172	1.08899
62	175	1.14295
62	179	1.0913
62	180	0.67685
63	67	0.702723
63	127	1.07109
63	137	0.747716
63	143	1.09175
63	145	1.06729
63	155	0.768499
63	159	1.06485
63	162	1.06914
63	167	1.13025
63	170	0.774695
63	173	1.08075
63	176	1.0824
63	177	1.10697
63	178	1.09718
63	180	1.13833
64	15	1.12016
64	21	1.09407
64	27	1.22016
64	35	1.22016
64	48	0.643941
64	52	1.22016
64	70	1.22952
64	75	1.22952
64	117	1.18646
64	136	0.630962
64	141	0.595025
64	156	1.21438
64	163	1.26543
64	167	0.582509
64	175	0.551093
65	24	0.857403
65	26	1.09211
65	32	1.09211
65	33	0.774423
65	34	1.09211
65	39	1.03124
65	53	1.2064
65	58	1.2064
65	66	1.09461
65	67	1.08706
65	94	1.1049
65	113	0.796549
65	167	0.707464
65	173	0.72695
65	175	1.13564
66	13	0.744625
66	26	1.18738
66	32	1.18738
66	34	1.18738
66	39	1.12651
66	53	1.30167
66	58	1.30167
66	65	1.09461
66	67	1.18233
66	94	1.20016
66	135	0.646294
66	149	0.5724
66	167	0.535863
66	175	1.23091
66	180	0.507867
67	41	0.669905
67	63	0.702723
67	65	1.08706
67	66	1.18233
67	70	1.18098
67	75	1.18098
67	107	1.11739
67	109	0.708533
67	120	1.09561
67	124	1.14267
67	155	0.566135
67	156	1.16584
67	163	1.2169
67	174	0.554888
67	175	1.22336
67	180	1.20688
68	19	0.598831
68	24	0.950964
68	30	1.14984
68	31	1.14984
68	56	1.2522
68	57	1.22561
68	69	1.19311
68	72	0.610524
68	92	1.20146
68	108	1.15601
68	114	1.14141
68	130	1.17489
68	142	0.712724
68	159	0.693299
68	167	1.20465
68	175	0.591994
69	12	1.08163
69	24	0.957607
69	30	1.15649
69	31	1.15649
69	49	0.561915
69	56	1.25884
69	57	1.23226
69	68	1.19311
69	92	1.2081
69	108	1.16265
69	113	0.698176
69	130	1.18153
69	145	0.682224
69	163	0.581367
69	164	0.684021
69	167	1.21129
70	15	1.07782
70	21	1.05174
70	22	0.671457
70	27	1.17782
70	35	1.17782
70	52	1.17782
70	64	1.22952
70	67	1.18098
70	75	1.18719
70	87	0.656566
70	103	0.66936
70	117	1.14413
70	145	0.657363
70	156	1.17205
70	163	1.2231
70	175	0.552814
71	31	0.664637
71	35	0.685303
71	91	0.586812
71	108	0.639135
71	116	1.21749
71	131	0.617875
71	140	1.14508
71	148	1.17328
71	156	1.16651
71	159	1.13407
71	171	1.14285
71	173	1.14997
71	174	1.17655
71	176	1.15162
71	177	1.17619
71	178	1.1664
72	36	0.631783
72	68	0.610524
72	85	0.626897
72	102	0.639871
72	106	0.684728
72	107	1.12838
72	120	1.10659
72	124	1.15365
72	134	1.1615
72	166	1.18414
72	170	1.16241
72	173	1.16029
72	176	1.16194
72	177	1.18651
72	178	1.17672
72	180	1.21787
73	74	0.991545
73	134	1.06509
73	144	1.05167
73	146	1.05688
73	153	1.03871
73	161	1.09991
73	165	1.0707
73	166	1.08773
73	169	1.10153
73	170	1.066
73	171	0.84525
73	172	1.08397
73	173	0.801808
73	177	0.806127
73	179	1.08628
73	180	0.754326
74	37	0.832994
74	45	1.17184
74	48	1.04275
74	73	0.991545
74	130	1.07124
74	136	1.04881
74	150	1.07216
74	154	1.05666
74	157	0.806509
74	161	1.08753
74	165	1.05833
74	170	1.05362
74	172	1.0716
74	177	0.760675
74	178	0.805489
74	179	1.07391
75	15	1.07782
75	21	1.05174
75	27	1.17782
75	35	1.17782
75	52	1.17782
75	64	1.22952
75	67	1.18098
75	70	1.18719
75	105	0.711544
75	117	1.14413
75	156	1.17205
75	161	0.632558
75	163	1.2231
75	173	0.653253
75	175	0.602351
75	180	0.605771
76	50	0.720299
76	91	1.1522
76	133	1.12563
76	144	1.10173
76	147	1.14841
76	155	1.12547
76	158	0.68033
76	159	0.690222
76	161	1.14997
76	165	1.12076
76	166	1.13779
76	169	1.1516
76	170	1.11606
76	172	1.13403
76	174	0.627845
76	178	0.688952
76	179	1.13635
77	13	0.82137
77	79	1.13096
77	129	0.629726
77	134	1.11635
77	137	1.14595
77	146	1.10814
77	147	1.14961
77	150	1.13579
77	155	1.12667
77	162	0.690737
77	165	1.12197
77	166	1.13899
77	169	1.1528
77	172	1.13523
77	178	0.681227
77	179	1.13755
77	180	0.584612
78	8	1.05535
78	16	1.18825
78	19	0.642529
78	54	1.22696
78	85	1.11814
78	97	1.11549
78	99	1.11687
78	102	1.12177
78	106	1.07352
78	118	1.10625
78	135	1.11667
78	138	0.770662
78	167	0.667107
78	168	1.18431
78	175	0.635692
78	177	0.690912
78	180	1.17642
79	5	1.07085
79	77	1.13096
79	112	1.08312
79	123	1.09683
79	126	0.682629
79	136	1.13696
79	142	0.72491
79	153	1.11448
79	158	0.695593
79	161	1.17568
79	165	1.14648
79	166	1.1635
79	169	1.17731
79	170	1.14177
79	171	0.698523
79	179	1.16206
79	180	0.607599
80	17	1.27935
80	59	1.27974
80	60	1.17127
80	91	1.25775
80	145	0.589309
80	152	0.587631
80	153	1.19432
80	155	1.23102
80	158	0.576173
80	164	0.591106
80	165	1.22632
80	169	1.25715
80	170	1.22161
80	171	0.579103
80	172	1.23958
80	179	1.2419
80	180	0.488179
81	59	1.1657
81	84	1.10681
81	131	1.14251
81	134	1.10667
81	137	1.13626
81	141	0.664647
81	155	1.11698
81	156	0.678333
81	161	1.14148
81	162	0.730259
81	163	0.624406
81	169	1.14311
81	170	1.10757
81	172	1.12555
81	175	1.1795
81	176	0.711915
81	179	1.12786
82	1	1.0381
82	6	1.19395
82	14	1.04207
82	28	1.12937
82	36	1.14175
82	38	1.10993
82	89	0.739581
82	105	1.15858
82	115	1.13716
82	130	1.13967
82	135	0.742624
82	146	0.689665
82	156	1.13648
82	163	1.18753
82	167	0.632193
82	168	1.1854
82	175	0.600777
83	4	1.15743
83	20	1.15743
83	55	1.18556
83	90	1.28556
83	95	1.1762
83	100	1.1762
83	107	1.07811
83	111	1.2562
83	120	1.05632
83	124	1.10338
83	132	0.641874
83	135	0.731214
83	167	0.620783
83	175	0.589367
83	179	0.621815
83	180	1.1676
84	81	1.10681
84	112	1.06866
84	126	0.688162
84	131	1.16225
84	137	1.156
84	144	1.11298
84	147	1.15967
84	150	1.14585
84	153	1.10002
84	156	0.667332
84	158	0.701126
84	165	1.13202
84	169	1.16285
84	171	0.704056
84	172	1.14529
84	174	0.648641
84	179	1.1476
85	8	1.05962
85	9	1.19154
85	16	1.19253
85	72	0.626897
85	78	1.11814
85	99	1.12114
85	102	1.12605
85	106	1.07779
85	108	1.12398
85	114	1.10939
85	117	0.713604
85	118	1.11052
85	139	0.706512
85	141	0.652299
85	168	1.18859
85	178	0.708401
85	180	1.1807
86	114	0.677298
86	129	1.16973
86	142	1.1082
86	149	1.14134
86	153	0.736816
86	158	1.13093
86	161	0.649487
86	162	1.10486
86	164	1.1349
86	170	0.675651
86	171	1.10935
86	173	1.11646
86	175	1.19052
86	176	1.11812
86	177	1.14269
86	178	1.13289
86	179	0.651728
87	70	0.656566
87	115	0.681064
87	130	0.664396
87	134	0.723196
87	143	1.13327
87	148	1.14558
87	152	1.1556
87	157	1.11549
87	160	1.1236
87	162	1.11066
87	164	1.1407
87	171	1.11515
87	174	1.14885
87	176	1.12392
87	177	1.14849
87	178	1.13869
87	179	0.667761
88	96	1.09464
88	110	0.724095
88	125	1.09649
88	146	1.07347
88	147	1.11494
88	154	1.08563
88	155	1.092
88	160	0.77947
88	161	1.1165
88	163	0.686352
88	166	1.10432
88	168	1.14593
88	169	1.11813
88	172	1.10056
88	173	0.733562
88	175	1.15452
88	179	1.10287
88	180	0.68608
89	3	1.0403
89	37	1.09582
89	82	0.739581
89	119	1.08185
89	139	1.11289
89	141	1.16269
89	145	1.09256
89	147	0.719495
89	151	1.11879
89	160	1.10735
89	162	1.09442
89	166	0.710349
89	170	0.726736
89	172	0.696266
89	173	1.10602
89	174	1.13261
89	177	1.13225
89	178	1.12245
90	55	1.37492
90	61	0.662217
90	83	1.28556
90	95	1.36556
90	100	1.36556
90	107	1.26746
90	111	1.44556
90	120	1.24568
90	124	1.29274
90	150	0.489762
90	152	0.52286
90	167	0.451405
90	174	0.458917
90	175	0.419989
90	180	1.35695
91	25	0.597775
91	44	1.03836
91	71	0.586812
91	76	1.1522
91	80	1.25775
91	119	0.709297
91	123	1.11928
91	128	1.13225
91	136	1.15941
91	138	0.658127
91	147	1.19657
91	162	0.632701
91	166	1.18595
91	168	1.22756
91	169	1.19976
91	170	1.16422
91	172	1.18219
91	178	0.623191
91	179	1.1845
92	12	1.08998
92	24	0.965953
92	30	1.16483
92	31	1.16483
92	38	1.16013
92	56	1.26719
92	57	1.2406
92	68	1.20146
92	69	1.2081
92	108	1.171
92	114	1.1564
92	130	1.18988
92	135	0.708207
92	142	0.687091
92	167	1.21964
92	175	0.56636
92	176	0.657561
92	177	0.621581
92	180	0.56978
93	23	1.17231
93	61	0.763001
93	95	0.529593
93	112	1.10357
93	113	0.641274
93	137	1.1909
93	142	0.641503
93	144	1.14789
93	150	1.18075
93	151	0.616316
93	153	1.13493
93	161	1.19613
93	165	1.16692
93	166	1.18395
93	169	1.19775
93	170	1.16222
93	171	0.615116
93	172	1.18019
93	179	1.1825
94	39	1.13679
94	45	0.524495
94	65	1.1049
94	66	1.20016
94	107	1.13523
94	120	1.11345
94	124	1.1605
94	131	0.642803
94	157	1.16036
94	160	1.16847
94	165	0.6742
94	169	0.650612
94	172	0.646046
94	173	1.16714
94	174	1.19373
94	175	1.24119
94	177	1.19336
94	179	0.652593
94	180	1.22472
95	4	1.23743
95	20	1.23743
95	55	1.26556
95	83	1.1762
95	90	1.36556
95	93	0.529593
95	100	1.2562
95	107	1.15811
95	111	1.3362
95	120	1.13632
95	124	1.18338
95	129	0.588915
95	148	0.551969
95	159	0.641686
95	167	0.571797
95	168	0.521083
95	180	1.2476
96	49	0.616095
96	88	1.09464
96	128	1.10816
96	136	1.13532
96	143	0.701838
96	144	1.1258
96	148	0.643442
96	150	1.15866
96	153	1.11284
96	155	1.14954
96	161	1.17404
96	162	0.741399
96	163	0.635546
96	165	1.14483
96	166	1.16186
96	169	1.17567
96	170	1.14013
96	172	1.1581
96	174	0.670783
96	179	1.16041
97	7	1.17529
97	8	1.05697
97	9	1.18889
97	16	1.18988
97	54	1.22858
97	78	1.11549
97	99	1.11849
97	102	1.1234
97	106	1.07514
97	115	1.1377
97	118	1.10787
97	133	0.711528
97	135	1.1183
97	137	0.644317
97	142	0.735656
97	148	0.626514
97	168	1.18594
97	175	0.614926
97	177	0.670146
97	180	1.17805
98	12	0.825224
98	103	0.657234
98	123	1.08087
98	125	1.13971
98	135	1.12152
98	146	1.11669
98	147	1.15816
98	149	0.608641
98	150	1.14435
98	151	0.63623
98	154	1.12885
98	157	0.641743
98	161	1.15972
98	166	1.14754
98	168	1.18916
98	170	1.12581
98	172	1.14379
98	175	1.19774
98	178	0.640723
98	179	1.1461
99	7	1.17667
99	8	1.05835
99	9	1.19027
99	16	1.19126
99	54	1.22996
99	78	1.11687
99	85	1.12114
99	97	1.11849
99	102	1.12478
99	106	1.07652
99	118	1.10925
99	134	0.693141
99	135	1.11968
99	155	0.655433
99	156	0.662877
99	167	0.636675
99	168	1.18732
99	171	0.699602
99	173	0.65616
99	180	1.17943
100	3	0.735439
100	4	1.23743
100	20	1.23743
100	41	0.61801
100	55	1.26556
100	83	1.1762
100	90	1.36556
100	95	1.2562
100	107	1.15811
100	111	1.3362
100	116	0.47028
100	120	1.13632
100	124	1.18338
100	158	0.555478
100	175	0.464065
100	178	0.564099
100	180	1.2476
101	29	0.676428
101	40	1.11338
101	123	1.08535
101	130	1.14791
101	133	1.13987
101	137	1.15898
101	139	0.710146
101	145	0.716549
101	147	1.16265
101	148	0.623588
101	153	1.103
101	161	1.1642
101	166	1.15202
101	167	1.17767
101	169	1.16583
101	170	1.13029
101	172	1.14827
101	177	0.667221
101	179	1.15058
101	180	0.61542
102	7	1.18157
102	8	1.06326
102	9	1.19517
102	54	1.23486
102	72	0.639871
102	78	1.12177
102	85	1.12605
102	97	1.1234
102	99	1.12478
102	106	1.08143
102	109	0.813913
102	114	1.11302
102	115	1.14398
102	118	1.11416
102	121	0.551135
102	143	0.691324
102	167	0.652757
102	168	1.19222
102	174	0.660268
102	180	1.18433
103	2	0.640312
103	61	1.098
103	70	0.66936
103	98	0.657234
103	113	1.12568
103	149	1.15648
103	151	1.14437
103	154	0.719994
103	157	1.12482
103	158	1.14607
103	162	1.11999
103	164	1.15004
103	168	0.628809
103	169	0.678574
103	173	1.1316
103	174	1.15819
103	175	1.20565
103	176	1.13326
103	177	1.15783
103	178	1.14803
104	53	0.459747
104	107	0.646869
104	110	1.19244
104	119	1.16831
104	123	0.686678
104	138	1.16683
104	142	1.18421
104	148	1.21579
104	150	0.638679
104	152	1.2258
104	159	1.17658
104	160	1.19381
104	161	0.599113
104	166	0.608891
104	168	0.549608
104	171	1.18536
104	173	1.19247
104	174	1.21906
104	175	1.26653
104	176	1.19413
104	177	1.2187
105	1	1.08064
105	27	0.675868
105	32	0.655965
105	56	0.614302
105	57	0.632424
105	58	0.548974
105	75	0.711544
105	82	1.15858
105	111	0.560232
105	123	1.11966
105	156	1.17901
105	160	1.16381
105	161	1.19851
105	163	1.23007
105	165	1.1693
105	168	1.22794
105	169	1.20013
105	171	1.15536
105	174	1.18906
105	176	1.16413
105	178	1.1789
105	179	1.18488
106	7	1.13332
106	8	1.015
106	9	1.14692
106	16	1.14791
106	48	0.759046
106	54	1.18661
106	72	0.684728
106	78	1.07352
106	85	1.07779
106	97	1.07514
106	99	1.07652
106	102	1.08143
106	108	1.07936
106	114	1.06477
106	115	1.09573
106	117	0.771435
106	118	1.06591
106	145	0.770747
106	156	0.723816
106	167	0.697614
106	168	1.14397
106	180	1.13608
107	4	1.13933
107	20	1.13933
107	55	1.16746
107	67	1.11739
107	72	1.12838
107	83	1.07811
107	90	1.26746
107	94	1.13523
107	95	1.15811
107	100	1.15811
107	104	0.646869
107	111	1.23811
107	120	1.03823
107	124	1.08528
107	126	0.687973
107	130	0.638607
107	140	0.706623
107	164	0.71587
107	175	0.609524
107	180	1.1495
108	49	0.559719
108	56	1.22174
108	68	1.15601
108	69	1.16265
108	71	0.639135
108	85	1.12398
108	92	1.171
108	106	1.07936
108	109	0.768052
108	118	1.11209
108	127	0.707299
108	135	1.12252
108	150	1.14535
108	152	0.67835
108	155	1.13622
108	166	1.14854
108	167	1.17419
108	168	1.19016
108	170	1.12681
108	173	0.626381
108	177	0.6307
108	179	1.1471
108	180	1.18227
109	61	1.02613
109	67	0.708533
109	102	0.813913
109	108	0.768052
109	121	1.18625
109	126	1.06231
109	129	1.11299
109	141	1.1164
109	143	1.07073
109	147	0.773264
109	152	1.09305
109	157	1.05294
109	158	1.07419
109	162	1.04812
109	164	1.07816
109	167	1.10923
109	170	0.780505
109	172	0.750035
109	173	1.05972
109	174	1.08631
109	176	1.06138
109	177	1.08595
109	178	1.07615
110	47	1.10529
110	56	0.546543
110	62	0.714865
110	88	0.724095
110	104	1.19244
110	120	0.692588
110	121	1.25032
110	126	1.12638
110	133	0.669598
110	137	0.602387
110	141	1.18047
110	143	1.1348
110	145	1.11034
110	150	0.642768
110	151	1.13656
110	159	1.1079
110	163	1.19139
110	171	1.11668
110	174	1.15038
110	176	1.12545
110	177	1.15002
110	178	1.14022
110	180	1.18137
111	4	1.31743
111	20	1.31743
111	55	1.34556
111	83	1.2562
111	90	1.44556
111	95	1.3362
111	100	1.3362
111	105	0.560232
111	107	1.23811
111	120	1.21632
111	124	1.26338
111	135	0.592887
111	148	0.462628
111	166	0.491025
111	167	0.482456
111	170	0.507411
111	177	0.506261
111	180	1.3276
112	42	0.775668
112	60	1.01908
112	79	1.08312
112	84	1.06866
112	93	1.10357
112	114	1.05357
112	136	1.06462
112	143	0.755436
112	146	1.0603
112	151	0.780996
112	153	1.04213
112	154	1.07246
112	158	0.776866
112	161	1.10333
112	165	1.07413
112	167	1.1168
112	168	1.13277
112	169	1.10496
112	170	1.06942
112	171	0.779796
112	175	1.14135
112	177	0.740673
112	179	1.08971
113	26	0.661206
113	47	1.09941
113	65	0.796549
113	69	0.698176
113	93	0.641274
113	103	1.12568
113	132	1.13881
113	138	1.09226
113	143	1.12891
113	148	1.14123
113	149	1.14279
113	151	1.13068
113	158	1.13238
113	160	1.11924
113	161	0.682269
113	163	1.18551
113	164	1.13635
113	168	0.632764
113	169	0.682529
113	171	1.1108
113	173	1.11791
113	176	1.11957
113	177	1.14414
113	178	1.13434
114	30	1.10479
114	31	1.10479
114	56	1.20715
114	68	1.14141
114	85	1.10939
114	86	0.677298
114	92	1.1564
114	102	1.11302
114	106	1.06477
114	112	1.05357
114	118	1.0975
114	139	0.687724
114	157	0.690633
114	160	0.686387
114	162	0.699123
114	166	1.13395
114	167	1.1596
114	168	1.17556
114	169	1.14775
114	172	1.13019
114	176	0.680779
114	178	0.689613
114	179	1.1325
114	180	1.16767
115	14	1.06319
115	28	1.15049
115	29	0.64174
115	82	1.13716
115	87	0.681064
115	97	1.1377
115	102	1.14398
115	106	1.09573
115	118	1.12846
115	150	1.16171
115	154	1.14622
115	155	1.15259
115	156	1.1576
115	162	0.686856
115	163	1.20865
115	164	0.683657
115	165	1.14789
115	168	1.20652
115	171	0.671655
115	173	0.628213
115	174	0.61624
115	179	1.16347
115	180	1.19864
116	29	1.20909
116	35	0.627862
116	40	0.682179
116	47	1.17284
116	71	1.21749
116	100	0.47028
116	134	0.625659
116	137	0.567168
116	140	1.18646
116	145	1.17789
116	148	1.21466
116	153	0.655313
116	157	1.18457
116	158	1.20582
116	159	1.17545
116	160	1.19268
116	163	1.25895
116	169	0.568243
116	170	0.594147
116	171	1.18423
116	173	1.19135
116	174	1.21794
116	176	1.19301
116	177	1.21757
117	21	1.00868
117	28	0.705326
117	34	0.642024
117	39	0.681771
117	54	0.592174
117	64	1.18646
117	70	1.14413
117	75	1.14413
117	85	0.713604
117	106	0.771435
117	124	0.692133
117	131	1.14951
117	132	1.13335
117	153	1.08728
117	154	1.11761
117	156	1.12899
117	160	1.11378
117	161	1.14848
117	163	1.18005
117	164	1.13089
117	174	1.13904
117	176	1.11411
117	177	1.13867
117	179	1.13486
118	7	1.16605
118	8	1.04773
118	9	1.17965
118	16	1.18064
118	43	0.768671
118	48	0.69896
118	54	1.21934
118	78	1.10625
118	85	1.11052
118	97	1.10787
118	99	1.10925
118	102	1.11416
118	106	1.06591
118	108	1.11209
118	114	1.0975
118	115	1.12846
118	126	0.684561
118	135	1.10906
118	162	0.715656
118	167	0.637528
118	168	1.1767
118	175	0.606112
118	176	0.697312
118	180	1.16881
119	4	0.688919
119	20	0.668364
119	53	0.608542
119	89	1.08185
119	91	0.709297
119	104	1.16831
119	122	1.05966
119	127	1.09001
119	129	1.15292
119	139	1.10653
119	142	1.09139
119	144	0.799637
119	149	1.12454
119	152	1.13299
119	157	1.09288
119	161	0.747908
119	162	1.08806
119	164	1.1181
119	165	0.771756
119	171	1.09255
119	173	1.09966
119	176	1.10132
119	177	1.12589
119	178	1.11609
119	180	1.15724
120	4	1.11755
120	12	0.989973
120	19	1.13914
120	20	1.11755
120	25	0.725773
120	33	1.09265
120	48	1.06139
120	55	1.14568
120	67	1.09561
120	72	1.10659
120	83	1.05632
120	90	1.24568
120	94	1.11345
120	95	1.13632
120	100	1.13632
120	107	1.03823
120	110	0.692588
120	111	1.21632
120	124	1.0635
120	132	0.70366
120	135	0.793
120	140	0.748253
120	148	0.662742
120	167	0.68257
120	180	1.12772
121	8	0.731577
121	40	0.605759
121	50	1.22688
121	102	0.551135
121	109	1.18625
121	110	1.25032
121	133	0.557958
121	145	1.2369
121	147	0.510486
121	149	1.27523
121	154	0.533242
121	158	1.26482
121	159	1.23446
121	160	1.25169
121	162	1.23875
121	164	1.26879
121	170	0.517727
121	171	1.24324
121	172	0.487257
121	173	1.25035
121	174	1.27694
121	176	1.25201
121	177	1.27658
121	178	1.26678
121	179	0.493804
122	9	0.645493
122	39	0.736252
122	62	0.833149
122	119	1.05966
122	127	1.07417
122	130	0.720363
122	132	1.10473
122	136	0.771149
122	139	1.09069
122	140	1.07894
122	148	1.10714
122	151	1.09659
122	152	1.11716
122	154	0.763166
122	157	1.07705
122	158	1.09829
122	160	1.08516
122	164	1.10226
122	171	1.07671
122	173	1.08383
122	174	1.11041
122	176	1.08548
122	177	1.11005
122	178	1.10026
122	179	0.723728
122	180	1.14141
123	18	0.87952
123	44	0.957271
123	79	1.09683
123	91	1.11928
123	98	1.08087
123	101	1.08535
123	104	0.686678
123	105	1.11966
123	131	1.11807
123	133	1.09271
123	134	1.08223
123	137	1.11182
123	139	0.747478
123	146	1.07401
123	147	1.11549
123	155	1.09254
123	159	0.750638
123	161	1.11704
123	167	1.13051
123	169	1.11867
123	170	1.08313
123	172	1.10111
123	173	0.700234
123	176	0.740533
123	177	0.704553
123	179	1.10342
124	4	1.1646
124	12	1.03703
124	19	1.1862
124	20	1.1646
124	33	1.13971
124	48	1.10845
124	55	1.19274
124	67	1.14267
124	72	1.15365
124	83	1.10338
124	90	1.29274
124	94	1.1605
124	95	1.18338
124	100	1.18338
124	107	1.08528
124	111	1.26338
124	117	0.692133
124	120	1.0635
124	138	0.721866
124	143	0.656879
124	148	0.598483
124	156	0.644514
124	157	0.68795
124	161	0.617102
124	163	0.590587
124	180	1.17477
125	5	1.07105
125	44	1.01611
125	51	1.11771
125	60	1.09163
125	88	1.09649
125	98	1.13971
125	127	0.721325
125	130	1.15959
125	131	1.1769
125	134	1.14106
125	142	0.710236
125	145	0.694054
125	150	1.16051
125	151	0.685048
125	153	1.11468
125	154	1.14501
125	160	0.686314
125	161	1.17588
125	165	1.14668
125	168	1.20532
125	169	1.17751
125	170	1.14197
125	172	1.15994
125	176	0.680705
125	177	0.644726
125	179	1.16226
125	180	0.592925
126	16	0.617765
126	61	1.09281
126	79	0.682629
126	84	0.688162
126	107	0.687973
126	109	1.06231
126	110	1.12638
126	118	0.684561
126	137	0.639402
126	143	1.13741
126	148	1.14972
126	153	0.727547
126	157	1.11963
126	158	1.14088
126	159	1.11051
126	162	1.1148
126	163	1.19401
126	164	1.14485
126	170	0.666381
126	171	1.11929
126	173	1.12641
126	174	1.153
126	175	1.20046
126	176	1.12807
126	177	1.15263
126	178	1.14284
126	180	1.18399
127	22	1.13934
127	63	1.07109
127	108	0.707299
127	119	1.09001
127	122	1.07417
127	125	0.721325
127	131	0.686039
127	139	1.12104
127	145	1.10072
127	148	1.13749
127	149	1.13905
127	152	1.14751
127	159	1.09828
127	160	1.11551
127	162	1.10257
127	163	1.18177
127	164	1.13261
127	165	0.717435
127	166	0.703365
127	168	0.644082
127	170	0.719751
127	171	1.10706
127	172	0.689282
127	173	1.11418
127	174	1.14076
127	176	1.11583
127	177	1.1404
127	178	1.1306
128	41	0.787309
128	45	1.21432
128	91	1.13225
128	96	1.10816
128	129	0.681898
128	131	1.13104
128	134	1.0952
128	136	1.0913
128	137	1.12479
128	140	0.730463
128	144	1.08177
128	147	1.12846
128	153	1.06881
128	155	1.10551
128	161	1.13001
128	163	0.637055
128	164	0.73971
128	165	1.10081
128	166	1.11783
128	167	1.14348
128	169	1.13164
128	170	1.0961
128	171	0.727707
128	172	1.11408
128	174	0.672292
128	175	1.16803
128	179	1.11639
128	180	0.636784
129	11	0.565228
129	26	0.589239
129	60	0.716629
129	77	0.629726
129	86	1.16973
129	95	0.588915
129	109	1.11299
129	119	1.15292
129	128	0.681898
129	138	1.15144
129	139	1.18396
129	142	1.16882
129	143	1.18809
129	150	0.649868
129	152	1.21042
129	159	1.16119
129	160	1.17842
129	162	1.16548
129	164	1.19553
129	168	0.560797
129	171	1.16998
129	173	1.17709
129	174	1.20368
129	176	1.17875
129	177	1.20332
129	178	1.19352
129	179	0.612543
129	180	1.23467
130	1	1.06173
130	28	1.153
130	30	1.13826
130	31	1.13826
130	36	1.16538
130	57	1.21403
130	68	1.17489
130	69	1.18153
130	74	1.07124
130	82	1.13967
130	87	0.664396
130	92	1.18988
130	101	1.14791
130	107	0.638607
130	122	0.720363
130	125	1.15959
130	149	0.628597
130	156	1.16011
130	161	1.1796
130	163	1.21116
130	164	0.66699
130	167	1.19307
130	168	1.20903
130	170	1.14569
130	176	0.651844
130	177	0.615865
130	178	0.660679
130	179	1.16598
130	180	0.564063
131	18	0.784406
131	46	1.14081
131	62	1.10595
131	71	0.617875
131	81	1.14251
131	84	1.16225
131	94	0.642803
131	117	1.14951
131	123	1.11807
131	125	1.1769
131	127	0.686039
131	128	1.13104
131	144	1.14868
131	146	1.15389
131	148	0.565807
131	150	1.18154
131	153	1.13572
131	154	1.16605
131	155	1.17242
131	157	0.655274
131	165	1.16771
131	166	1.18474
131	170	1.16301
131	172	1.18098
131	174	0.593147
131	175	1.23494
131	177	0.60944
131	178	0.654254
131	179	1.18329
132	3	1.07901
132	44	0.940272
132	47	1.12622
132	55	0.533428
132	83	0.641874
132	113	1.13881
132	117	1.13335
132	120	0.70366
132	122	1.10473
132	135	1.14256
132	136	0.663937
132	138	1.11908
132	139	1.15159
132	142	1.13646
132	143	1.15573
132	147	0.633198
132	149	1.16961
132	150	0.653841
132	151	1.1575
132	154	0.655954
132	157	1.13795
132	158	1.1592
132	162	1.13312
132	167	1.19423
132	168	0.56477
132	171	1.13761
132	173	1.14473
132	176	1.14639
132	177	1.17095
132	178	1.16116
133	11	1.19074
133	46	1.11545
133	51	1.11339
133	62	1.08059
133	76	1.12563
133	97	0.711528
133	101	1.13987
133	110	0.669598
133	121	0.557958
133	123	1.09271
133	136	1.13284
133	146	1.12853
133	147	1.17
133	153	1.11036
133	154	1.14069
133	155	1.14706
133	160	0.724972
133	162	0.737708
133	163	0.631855
133	165	1.14235
133	166	1.15938
133	167	1.18503
133	168	1.20099
133	169	1.17319
133	170	1.13765
133	172	1.15562
133	173	0.679065
133	174	0.667092
133	179	1.15793
133	180	0.631583
134	62	1.07011
134	72	1.1615
134	73	1.06509
134	77	1.11635
134	81	1.10667
134	87	0.723196
134	99	0.693141
134	116	0.625659
134	123	1.08223
134	125	1.14106
134	128	1.0952
134	136	1.12236
134	137	1.15585
134	146	1.11805
134	151	0.714986
134	152	0.722315
134	153	1.09988
134	154	1.13021
134	155	1.13658
134	157	0.720499
134	161	1.16108
134	163	0.623135
134	165	1.13187
134	166	1.1489
134	167	1.17455
134	169	1.1627
134	170	1.12717
134	171	0.713787
134	172	1.14514
134	177	0.674664
134	179	1.14745
135	4	0.644626
135	39	0.718381
135	44	0.997918
135	55	0.622768
135	66	0.646294
135	78	1.11667
135	82	0.742624
135	83	0.731214
135	92	0.708207
135	97	1.1183
135	98	1.12152
135	99	1.11968
135	108	1.12252
135	111	0.592887
135	118	1.10906
135	120	0.793
135	132	1.14256
135	149	1.14654
135	151	1.13442
135	154	1.12682
135	158	1.13612
135	159	1.10576
135	165	1.12849
135	166	1.14551
135	168	1.18712
135	171	1.11454
135	172	1.14175
135	176	1.12331
135	178	1.13809
135	179	1.14407
135	180	1.17924
136	6	0.619897
136	59	1.18139
136	64	0.630962
136	74	1.04881
136	79	1.13696
136	91	1.15941
136	96	1.13532
136	112	1.06462
136	122	0.771149
136	128	1.0913
136	132	0.663937
136	133	1.13284
136	134	1.12236
136	137	1.15195
136	143	0.681414
136	144	1.10894
136	145	0.71598
136	146	1.11415
136	153	1.09597
136	154	1.12631
136	155	1.13267
136	161	1.15718
136	164	0.717776
136	165	1.12797
136	166	1.14499
136	169	1.1588
136	170	1.12327
136	171	0.705774
136	172	1.14124
136	176	0.702631
136	179	1.14355
137	11	1.20985
137	17	1.2145
137	63	0.747716
137	77	1.14595
137	81	1.13626
137	84	1.156
137	93	1.1909
137	97	0.644317
137	101	1.15898
137	110	0.602387
137	116	0.567168
137	123	1.11182
137	126	0.639402
137	128	1.12479
137	134	1.15585
137	136	1.15195
137	139	0.659098
137	144	1.14243
137	150	1.17529
137	153	1.12947
137	154	1.1598
137	155	1.16617
137	161	1.19067
137	162	0.670497
137	164	0.667298
137	166	1.17849
137	169	1.1923
137	170	1.15676
137	172	1.17473
137	173	0.611854
137	174	0.599881
137	179	1.17705
138	10	1.02766
138	51	0.766264
138	78	0.770662
138	91	0.658127
138	104	1.16683
138	113	1.09226
138	124	0.721866
138	129	1.15144
138	132	1.11908
138	140	1.09329
138	141	1.15485
138	142	1.08991
138	145	1.08473
138	148	1.1215
138	149	1.12306
138	151	1.11095
138	152	1.13151
138	155	0.716707
138	158	1.11265
138	160	1.09951
138	162	1.08658
138	164	1.11662
138	165	0.720586
138	168	0.647234
138	169	0.696999
138	172	0.692433
138	173	1.09818
138	174	1.12477
138	176	1.09984
138	177	1.12441
138	178	1.11461
138	180	1.15576
139	37	1.1205
139	47	1.11219
139	85	0.706512
139	89	1.11289
139	101	0.710146
139	114	0.687724
139	119	1.10653
139	122	1.09069
139	123	0.747478
139	127	1.12104
139	129	1.18396
139	132	1.15159
139	137	0.659098
139	140	1.1258
139	142	1.12243
139	145	1.11724
139	149	1.15557
139	151	1.14346
139	152	1.16402
139	157	1.12391
139	160	1.13203
139	162	1.11909
139	164	1.14913
139	165	0.683761
139	166	0.669691
139	168	0.610409
139	169	0.660174
139	171	1.12358
139	172	0.655608
139	173	1.13069
139	174	1.15728
139	176	1.13235
139	177	1.15692
139	178	1.14712
140	2	0.620864
140	20	0.579322
140	43	1.11022
140	71	1.14508
140	107	0.706623
140	116	1.18646
140	120	0.748253
140	122	1.07894
140	128	0.730463
140	138	1.09329
140	139	1.1258
140	141	1.17561
140	142	1.11067
140	143	1.12994
140	146	0.717548
140	148	1.14225
140	152	1.15227
140	156	1.13548
140	157	1.11216
140	158	1.13341
140	160	1.12027
140	162	1.10733
140	164	1.13738
140	165	0.682714
140	167	1.16844
140	169	0.659127
140	170	0.685031
140	171	1.11182
140	174	1.14553
140	176	1.1206
140	177	1.14516
140	178	1.13537
140	179	0.661108
140	180	1.17652
141	13	1.10825
141	26	0.584637
141	54	0.530869
141	64	0.595025
141	81	0.664647
141	85	0.652299
141	89	1.16269
141	109	1.1164
141	110	1.18047
141	138	1.15485
141	140	1.17561
141	142	1.17223
141	150	0.645266
141	151	1.19327
141	152	1.21383
141	153	0.69303
141	157	1.17372
141	158	1.19497
141	159	1.16461
141	160	1.18183
141	161	0.6057
141	162	1.1689
141	164	1.19894
141	165	0.629548
141	168	0.556196
141	170	0.631865
141	171	1.17339
141	173	1.1805
141	174	1.20709
141	175	1.25455
141	176	1.18216
141	177	1.20673
141	178	1.19693
141	180	1.23808
142	3	1.04984
142	43	1.10684
142	52	0.716333
142	61	1.08196
142	68	0.712724
142	79	0.72491
142	86	1.1082
142	92	0.687091
142	93	0.641503
142	97	0.735656
142	104	1.18421
142	119	1.09139
142	125	0.710236
142	129	1.16882
142	132	1.13646
142	138	1.08991
142	139	1.12243
142	140	1.11067
142	141	1.17223
142	143	1.12656
142	154	0.724178
142	157	1.10878
142	158	1.13003
142	159	1.09966
142	160	1.11689
142	162	1.10395
142	164	1.134
142	168	0.632993
142	170	0.708662
142	171	1.10845
142	173	1.11556
142	174	1.14215
142	176	1.11722
142	177	1.14179
142	178	1.13199
143	18	1.06997
143	23	0.665114
143	30	0.679833
143	63	1.09175
143	87	1.13327
143	96	0.701838
143	102	0.691324
143	109	1.07073
143	110	1.1348
143	112	0.755436
143	113	1.12891
143	124	0.656879
143	126	1.13741
143	129	1.18809
143	132	1.15573
143	136	0.681414
143	140	1.12994
143	142	1.12656
143	148	1.15815
143	149	1.15971
143	150	0.671317
143	151	1.1476
143	154	0.673431
143	157	1.12805
143	158	1.1493
143	159	1.11894
143	160	1.13616
143	164	1.15327
143	168	0.582246
143	171	1.12772
143	173	1.13483
143	174	1.16142
143	175	1.20888
143	176	1.13649
143	177	1.16106
143	178	1.15126
143	179	0.633993
144	2	1.17834
144	40	1.09683
144	45	1.23196
144	46	1.09155
144	51	1.08949
144	73	1.05167
144	76	1.10173
144	84	1.11298
144	93	1.14789
144	96	1.1258
144	119	0.799637
144	128	1.08177
144	131	1.14868
144	136	1.10894
