1	2	0.461143
1	4	1.39394
1	90	0.511204
1	106	0.490333
1	142	1.37128
1	144	1.37308
1	147	1.34354
1	150	1.36945
1	161	1.37132
1	169	1.37731
1	173	0.459867
1	179	0.477285
2	1	0.461143
2	27	1.33121
2	107	0.488648
2	117	0.475181
2	122	0.494274
2	133	1.33133
2	136	1.40104
2	171	1.38066
2	173	1.39988
2	177	1.38535
2	178	1.37043
2	180	0.486051
3	94	1.12572
3	162	1.22515
3	166	0.604807
3	168	0.595952
3	172	1.22464
3	174	1.19689
3	175	1.20405
3	176	1.21199
3	177	0.592224
3	178	0.602875
3	179	1.20638
3	180	1.20515
4	1	1.39394
4	53	0.536137
4	81	0.447982
4	97	1.37658
4	121	1.34838
4	144	1.3653
4	149	0.475691
4	157	1.38282
4	161	1.36354
4	162	0.467106
4	169	1.36952
4	170	0.479915
5	71	0.497507
5	133	1.33119
5	140	0.466561
5	150	0.483161
5	159	1.33868
5	163	1.39828
5	166	1.37656
5	170	0.470984
5	173	1.39975
5	174	0.487141
5	177	1.38522
5	178	1.3703
6	54	0.527742
6	97	0.45503
6	123	0.488822
6	148	1.36108
6	158	1.38607
6	159	1.33472
6	163	1.39432
6	164	1.3762
6	174	0.474644
6	175	0.459689
6	177	1.38125
6	178	1.36634
7	85	0.458488
7	92	1.30039
7	124	0.47891
7	140	0.482428
7	152	1.3927
7	156	0.494635
7	159	1.34964
7	160	1.38875
7	164	1.39112
7	175	0.488053
7	177	1.39618
7	178	1.38126
8	90	0.505319
8	97	1.38144
8	147	1.34061
8	150	1.36653
8	154	1.38108
8	157	1.38768
8	161	1.36839
8	169	1.37438
8	172	0.468246
8	174	0.483616
8	179	0.4714
8	180	0.477583
9	17	1.33875
9	89	1.34558
9	103	0.48273
9	131	0.516661
9	137	0.450834
9	151	0.481206
9	159	1.35087
9	164	1.39235
9	171	1.39271
9	176	0.47574
9	177	1.3974
9	178	1.38249
10	18	0.520917
10	33	1.43735
10	91	0.477383
10	95	0.425371
10	116	0.463953
10	121	0.506452
10	160	1.35668
10	167	1.35451
10	173	1.37863
10	178	1.34918
10	179	1.36245
10	180	1.36122
11	69	0.507464
11	82	1.3302
11	101	1.38235
11	102	1.38235
11	104	1.37426
11	107	1.37426
11	108	1.37426
11	109	1.38235
11	156	0.479518
11	163	0.460286
11	166	0.474265
11	167	0.479747
12	21	0.483148
12	53	0.500914
12	121	0.474793
12	131	0.489781
12	136	1.38138
12	139	1.39327
12	145	1.37032
12	160	1.35827
12	163	1.37876
12	168	1.36716
12	178	1.35077
12	180	0.454816
13	52	1.32546
13	88	0.580409
13	92	1.30396
13	152	1.39627
13	157	0.45632
13	162	0.447055
13	164	1.39469
13	170	0.459865
13	171	1.39505
13	175	0.461067
13	177	1.39974
13	178	1.38483
14	50	0.555811
14	70	1.29472
14	106	1.19003
14	115	1.16343
14	145	1.19383
14	146	0.620252
14	155	0.611163
14	168	1.19068
14	173	1.20374
14	175	0.616233
14	177	1.18921
14	178	1.17429
15	95	1.42484
15	101	1.28583
15	102	1.28583
15	104	1.27774
15	105	0.529162
15	107	1.27774
15	108	1.27774
15	109	1.28583
15	110	1.28447
15	130	0.508766
15	165	0.51709
15	175	0.524648
15	176	0.527614
16	22	1.26369
16	52	1.24109
16	73	0.411519
16	137	0.529506
16	161	0.548841
16	163	1.32844
16	164	1.31032
16	171	1.31068
16	173	1.32991
16	175	0.551446
16	177	1.31537
16	178	1.30046
16	180	0.560368
17	9	1.33875
17	87	1.36085
17	93	1.31568
17	105	0.519488
17	114	1.25437
17	132	0.538611
17	133	1.24132
17	158	1.30016
17	163	1.30841
17	170	0.513771
17	176	0.51794
17	178	1.28043
17	179	0.517713
18	10	0.520917
18	51	1.25409
18	75	0.511501
18	112	1.27636
18	127	1.31058
18	147	1.28198
18	149	0.528468
18	154	1.32245
18	157	1.32905
18	161	1.30976
18	162	0.519882
18	169	1.31575
18	177	0.522641
19	64	0.513708
19	74	1.33951
19	105	0.525399
19	113	1.25123
19	129	0.531783
19	145	1.30545
19	158	1.30563
19	162	0.506872
19	167	0.527695
19	171	1.29613
19	173	1.31535
19	177	1.30082
19	178	1.2859
20	33	0.487279
20	55	0.567542
20	93	0.507716
20	100	1.32751
20	101	1.28826
20	102	1.28826
20	109	1.28826
20	110	1.2869
20	152	0.509443
20	164	0.523884
20	165	1.32929
20	174	1.29101
20	179	1.3005
21	12	0.483148
21	112	1.2764
21	121	1.29465
21	141	1.29099
21	142	1.30977
21	147	1.28202
21	150	1.30794
21	154	1.32249
21	160	0.529422
21	168	0.520258
21	169	1.31579
21	179	0.530524
21	180	0.536706
22	16	1.26369
22	85	0.482597
22	93	1.32265
22	103	0.522117
22	120	0.53701
22	138	0.543887
22	158	1.30712
22	163	1.31537
22	167	0.518972
22	168	1.30378
22	171	1.29762
22	177	1.30231
22	178	1.28739
23	57	0.500113
23	63	0.517458
23	89	0.557394
23	100	1.32755
23	125	0.507446
23	138	1.24526
23	162	1.31931
23	163	0.510992
23	172	1.31879
23	174	1.29104
23	175	1.29821
23	179	1.30054
23	180	1.2993
24	30	0.581073
24	70	0.448462
24	82	1.25757
24	101	1.30972
24	102	1.30972
24	104	1.30163
24	107	1.30163
24	108	1.30163
24	109	1.30972
24	110	1.30836
24	135	0.543113
24	153	0.525189
24	166	0.503132
25	57	0.50429
25	112	1.26404
25	119	1.30768
25	129	1.30146
25	130	0.511938
25	142	1.2974
25	144	1.2992
25	154	1.31013
25	157	1.31673
25	165	0.520261
25	169	1.30343
25	179	0.530558
25	180	0.536741
26	82	1.09661
26	95	1.28776
26	101	1.14876
26	102	1.14876
26	104	1.14067
26	107	1.14067
26	108	1.14067
26	109	1.14876
26	110	1.1474
26	130	0.639492
26	140	0.649748
26	145	0.648953
26	180	0.664295
27	2	1.33121
27	38	0.492145
27	98	0.489577
27	139	1.32744
27	152	1.29639
27	153	1.24591
27	163	1.31292
27	168	1.30133
27	175	0.54036
27	176	0.543326
27	177	1.29986
27	178	1.28494
27	179	0.543099
28	126	0.453841
28	129	1.41023
28	135	1.34541
28	141	1.3874
28	149	0.46405
28	150	1.40435
28	157	1.4255
28	161	1.40621
28	169	1.4122
28	170	0.468274
28	175	1.40878
28	178	0.468874
28	179	0.472216
28	180	0.478399
29	50	1.50071
29	59	0.541452
29	60	1.26798
29	79	0.441747
29	84	1.32867
29	91	1.42209
29	116	1.41509
29	120	0.46619
29	122	0.458487
29	124	1.43002
29	125	1.43002
29	164	0.44507
29	166	1.4054
29	180	0.450263
30	24	0.581073
30	47	0.557649
30	87	0.528995
30	122	1.21889
30	143	1.23196
30	151	1.24246
30	155	1.25197
30	160	0.571439
30	163	0.557151
30	165	1.26944
30	172	1.25891
30	176	1.24627
30	179	1.24066
30	180	1.23942
31	37	0.436283
31	61	0.458954
31	71	0.50118
31	82	1.35757
31	101	1.40972
31	102	1.40972
31	104	1.40163
31	107	1.40163
31	108	1.40163
31	109	1.40972
31	110	1.40836
31	140	0.470234
31	144	0.479071
31	173	0.46118
32	72	0.482985
32	85	0.430762
32	112	0.488604
32	126	1.42441
32	155	1.40659
32	160	0.461964
32	164	0.464055
32	167	1.38734
32	170	1.39297
32	171	0.464647
32	172	1.41354
32	174	1.38579
32	179	1.39528
32	180	1.39405
33	10	1.43735
33	20	0.487279
33	52	1.35297
33	67	1.38773
33	133	1.37322
33	145	1.43187
33	150	0.468629
33	152	1.42377
33	154	0.456342
33	159	1.38071
33	167	0.464466
33	178	1.41233
33	179	0.460394
33	180	0.466577
34	65	1.37988
34	76	0.480441
34	100	0.448363
34	111	0.490821
34	114	0.479947
34	127	1.4094
34	141	1.38978
34	142	1.40855
34	144	1.41035
34	147	1.38081
34	150	1.40672
34	155	0.455742
34	163	0.448162
34	169	1.41458
35	72	0.586149
35	95	0.511309
35	99	1.19112
35	114	0.582627
35	140	1.25492
35	151	1.24906
35	165	1.27604
35	170	1.24494
35	174	1.23776
35	176	1.25287
35	177	0.552237
35	178	0.562888
35	179	1.24726
35	180	1.24603
36	62	0.443207
36	104	1.39342
36	107	1.39342
36	108	1.39342
36	110	1.40015
36	139	0.467305
36	140	0.462459
36	141	1.39005
36	153	0.49147
36	161	1.40886
36	167	1.40581
36	169	1.41485
36	173	0.453405
36	174	0.483039
37	31	0.436283
37	46	0.469091
37	49	0.506394
37	83	0.487528
37	133	1.35397
37	157	0.446208
37	161	0.448351
37	168	1.40947
37	170	1.40403
37	171	1.4033
37	172	1.4246
37	178	1.39308
37	179	1.40635
37	180	1.40511
38	27	0.492145
38	54	1.34423
38	72	0.464975
38	76	1.39669
38	86	0.482685
38	103	1.38887
38	133	0.474762
38	134	0.441443
38	157	0.437569
38	162	1.42866
38	170	1.40757
38	176	1.4155
38	179	1.40989
38	180	1.40865
39	73	0.452236
39	137	0.570223
39	148	1.22898
39	152	1.24568
39	156	0.598745
39	161	0.589559
39	163	1.26222
39	164	1.2441
39	166	1.2405
39	168	1.25062
39	170	0.590961
39	171	1.24446
39	177	1.24915
39	178	1.23424
40	54	1.17579
40	78	0.554583
40	89	0.587662
40	126	1.27058
40	149	1.25683
40	155	1.25276
40	161	0.551305
40	162	1.26022
40	165	1.27024
40	168	0.546383
40	174	1.23196
40	178	0.553306
40	179	1.24145
40	180	1.24022
41	42	0.50357
41	94	0.549773
41	126	0.476718
41	134	1.34229
41	148	1.31522
41	158	1.3402
41	163	1.34845
41	164	1.33034
41	165	0.484797
41	167	0.499165
41	168	1.33686
41	171	1.3307
41	177	1.33539
41	178	1.32047
41	179	0.495093
42	41	0.50357
42	119	0.489335
42	130	1.32394
42	132	1.29072
42	137	1.35189
42	139	0.500967
42	148	0.507
42	162	1.35236
42	166	0.503076
42	172	1.35185
42	174	1.3241
42	176	1.3392
42	177	0.490493
42	179	1.33359
42	180	1.33236
43	58	1.32908
43	68	1.41579
43	78	1.3164
43	81	0.470703
43	85	1.37909
43	116	1.30717
43	118	1.31077
43	124	1.3221
43	125	1.3221
43	143	0.500392
43	152	0.493127
43	159	0.523196
43	166	1.29748
43	170	0.502636
43	180	0.512761
44	50	1.26538
44	78	1.18899
44	85	1.25169
44	91	1.18676
44	116	1.17976
44	118	1.18336
44	122	0.607905
44	124	1.19469
44	125	1.19469
44	140	1.18473
44	146	0.594779
44	153	0.614146
44	166	1.17007
44	171	0.59508
44	178	0.590157
45	75	0.488903
45	91	0.511126
45	100	0.498848
45	125	0.495101
45	126	0.49566
45	142	1.33396
45	147	1.30622
45	154	1.34669
45	160	1.33312
45	166	1.33189
45	168	1.34201
45	169	1.33999
45	177	1.34054
45	178	1.32562
45	179	0.514035
46	37	0.469091
46	78	1.33997
46	84	1.24432
46	85	1.40267
46	114	0.527802
46	116	1.33074
46	118	1.33434
46	124	1.34567
46	125	1.34567
46	126	0.49303
46	140	1.33571
46	145	0.502246
46	166	1.32105
46	167	0.515478
46	173	0.493987
47	30	0.557649
47	63	1.35428
47	112	1.29868
47	113	0.508648
47	118	0.486204
47	127	1.3329
47	141	1.31327
47	149	0.472952
47	153	0.501764
47	154	1.34477
47	155	0.473309
47	157	1.35137
47	161	1.33208
47	169	1.33807
47	175	1.33465
48	67	0.506346
48	121	0.522139
48	125	0.477045
48	126	1.35681
48	148	0.498494
48	162	1.34646
48	167	1.31974
48	170	1.32537
48	171	0.497561
48	172	1.34594
48	174	1.31819
48	176	1.3333
48	178	0.492637
48	179	1.32768
48	180	1.32645
49	37	0.506394
49	65	1.2538
49	77	1.29713
49	127	1.28332
49	128	1.28289
49	141	1.2637
49	142	1.28248
49	143	0.542523
49	150	1.28064
49	161	1.28251
49	162	0.531958
49	169	1.2885
49	172	0.545555
49	173	0.531291
49	175	1.28507
49	179	0.548709
50	14	0.555811
50	29	1.50071
50	44	1.26538
50	76	0.449738
50	82	0.468328
50	84	1.35526
50	89	0.463861
50	98	0.379327
50	116	1.44168
50	118	1.44529
50	124	1.45662
50	125	1.45661
50	140	1.44666
50	147	0.452212
50	166	1.43199
50	176	0.433075
51	18	1.25409
51	70	0.490761
51	86	1.2499
51	90	0.58076
51	105	1.28342
51	121	1.27009
51	129	1.28927
51	130	0.52822
51	142	1.28521
51	144	1.28701
51	157	1.30453
51	161	1.28525
51	162	0.53009
51	169	1.29124
51	173	0.529423
51	178	0.543499
52	13	1.32546
52	16	1.24109
52	33	1.35297
52	54	0.593926
52	89	1.22789
52	98	0.47509
52	100	0.513424
52	111	0.555883
52	143	0.522426
52	147	0.547975
52	152	1.27624
52	158	1.28453
52	160	1.27229
52	171	1.27503
52	177	1.27972
52	178	1.2648
53	4	0.536137
53	12	0.500914
53	71	1.24811
53	119	0.533138
53	136	0.543416
53	138	1.22992
53	149	1.30058
53	156	1.26113
53	163	0.5329
53	165	1.31398
53	169	0.549169
53	170	1.28288
53	172	1.30345
53	176	1.29081
53	179	1.2852
53	180	1.28396
54	6	0.527742
54	38	1.34423
54	40	1.17579
54	52	0.593926
54	73	0.418657
54	108	0.55681
54	116	0.544984
54	146	1.2586
54	157	0.553837
54	165	1.31383
54	167	1.2771
54	172	1.3033
54	174	1.27555
54	175	1.28271
54	179	1.28504
54	180	1.28381
55	20	0.567542
55	56	0.497138
55	116	0.524318
55	126	0.522281
55	128	0.547668
55	134	1.28861
55	136	1.29739
55	144	0.54113
55	145	1.28633
55	158	1.28652
55	159	1.23517
55	160	1.27428
55	163	1.29477
55	164	1.27665
55	168	1.28318
55	171	1.27702
56	55	0.497138
56	81	1.48139
56	111	1.36917
56	119	0.437339
56	129	0.46065
56	136	0.447617
56	138	1.37184
56	139	0.448972
56	143	1.41841
56	165	1.45589
56	169	0.45337
56	174	1.41762
56	176	1.43272
56	178	0.449148
56	179	1.42711
56	180	1.42588
57	23	0.500113
57	25	0.50429
57	121	0.495901
57	134	1.36526
57	135	0.508312
57	136	1.37404
57	139	1.38593
57	148	1.33818
57	152	1.35488
57	164	1.3533
57	165	0.459445
57	171	1.35367
57	172	0.466587
57	173	1.37289
57	177	1.35836
57	178	1.34344
57	179	0.469741
58	43	1.32908
58	60	1.23087
58	84	1.29156
58	85	1.4499
58	91	1.38497
58	100	0.475356
58	116	1.37798
58	118	1.38158
58	124	1.39291
58	125	1.39291
58	139	0.487026
58	162	0.473793
58	166	1.36829
58	170	0.486602
58	174	0.50276
58	176	0.490771
58	179	0.490544
59	29	0.541452
59	61	0.573736
59	98	0.539859
59	114	1.1981
59	115	1.21329
59	136	1.25476
59	139	1.26665
59	145	1.2437
59	160	1.23165
59	162	0.576629
59	165	0.583084
59	168	1.24055
59	171	1.23439
59	173	1.25361
59	176	0.593608
59	177	1.23907
59	178	1.22416
60	29	1.26798
60	58	1.23087
60	68	1.31758
60	78	1.21819
60	85	1.28089
60	91	1.21596
60	105	0.572169
60	116	1.20896
60	118	1.21257
60	124	1.2239
60	125	1.22389
60	151	0.576087
60	154	0.566342
60	166	1.19927
60	170	0.566452
60	172	0.567239
60	177	0.556401
61	31	0.458954
61	59	0.573736
61	78	0.4743
61	126	1.38658
61	131	1.31338
61	137	1.37575
61	139	0.472846
61	155	1.36876
61	160	0.475263
61	163	0.460976
61	164	0.477355
61	170	1.35513
61	172	1.37571
61	174	1.34795
61	176	1.36306
61	179	1.35745
61	180	1.35622
62	36	0.443207
62	70	1.46224
62	88	0.584995
62	94	0.523073
62	106	1.35755
62	114	1.31575
62	148	1.33655
62	160	1.3493
62	163	1.36979
62	165	0.458096
62	168	1.35819
62	171	1.35203
62	172	0.465238
62	175	0.465654
62	177	1.35672
62	178	1.34181
62	179	0.468393
63	23	0.517458
63	47	1.35428
63	66	0.437609
63	79	1.35144
63	82	0.522567
63	112	1.32971
63	142	1.36307
63	149	0.47892
63	150	1.36124
63	151	0.492779
63	157	1.3824
63	160	0.485985
63	161	1.36311
63	167	1.36006
63	169	1.3691
63	173	0.469668
63	175	1.36567
64	19	0.513708
64	93	0.470917
64	128	1.35211
64	149	1.372
64	150	1.34986
64	154	1.36442
64	158	0.483011
64	162	1.37539
64	164	0.487084
64	166	0.484684
64	169	1.35772
64	175	1.35429
64	176	1.36223
64	177	0.472101
64	178	0.482752
64	179	1.35662
64	180	1.35539
65	34	1.37988
65	49	1.2538
65	81	0.469922
65	86	1.27687
65	94	0.560477
65	99	0.538646
65	105	1.31038
65	129	1.31623
65	144	1.31397
65	147	1.28443
65	151	0.51149
65	154	1.3249
65	161	1.31221
65	167	1.30916
65	169	1.3182
65	174	0.518013
65	176	0.506024
65	179	0.505797
66	63	0.437609
66	106	0.45958
66	109	0.457707
66	120	1.41844
66	131	1.40847
66	133	0.476238
66	138	1.39727
66	144	0.447005
66	145	0.437373
66	155	1.46385
66	156	1.42848
66	162	1.47131
66	170	1.45023
66	176	1.45815
66	177	0.432539
66	178	0.44319
66	179	1.45254
66	180	1.45131
67	33	1.38773
67	48	0.506346
67	82	0.541856
67	87	1.37999
67	92	1.2187
67	120	0.528485
67	146	0.507655
67	148	1.29431
67	150	0.514611
67	152	1.31101
67	159	1.26795
67	160	1.30706
67	161	0.501032
67	164	1.30943
67	171	1.30979
67	175	0.503636
67	177	1.31448
67	178	1.29957
68	43	1.41579
68	60	1.31758
68	69	0.473865
68	80	0.449992
68	84	1.37827
68	91	1.47168
68	116	1.46469
68	118	1.46829
68	124	1.47962
68	125	1.47962
68	140	1.46966
68	153	0.462723
68	165	0.43178
68	166	1.455
68	169	0.442956
68	174	0.454292
68	178	0.438734
68	180	0.448259
69	11	0.507464
69	68	0.473865
69	89	1.2609
69	97	0.5204
69	101	0.527486
69	124	0.515916
69	142	0.529086
69	152	1.30925
69	161	0.522454
69	162	1.32984
69	163	1.32578
69	168	1.31419
69	172	1.32933
69	174	1.30158
69	175	1.30874
69	177	1.31272
69	178	1.2978
69	180	1.30984
70	14	1.29472
70	24	0.448462
70	51	0.490761
70	62	1.46224
70	120	0.462039
70	132	0.460828
70	139	1.48709
70	159	1.41297
70	162	0.423178
70	163	1.47257
70	164	1.45446
70	166	1.45086
70	168	1.46098
70	172	0.436775
70	176	0.440157
70	177	1.45951
70	178	1.44459
70	180	0.446112
71	5	0.497507
71	31	0.50118
71	53	1.24811
71	72	0.53851
71	103	1.2926
71	143	1.30492
71	145	0.509432
71	146	1.28717
71	151	1.31542
71	154	0.51454
71	162	1.33238
71	165	1.3424
71	169	0.519471
71	172	1.33187
71	176	1.31922
71	178	0.515249
71	179	1.31361
71	180	1.31238
72	32	0.482985
72	35	0.586149
72	38	0.464975
72	71	0.53851
72	87	1.37453
72	96	1.31942
72	140	0.507564
72	148	1.28885
72	157	0.508442
72	159	1.26248
72	160	1.3016
72	163	1.32208
72	164	1.30397
72	166	1.30037
72	173	1.32355
72	175	0.513189
72	177	1.30902
72	178	1.2941
73	16	0.411519
73	39	0.452236
73	54	0.418657
73	82	1.45216
73	95	1.64332
73	101	1.50431
73	102	1.50431
73	104	1.49622
73	105	0.355118
73	107	1.49622
73	108	1.49622
73	109	1.50432
73	110	1.50295
73	131	0.394491
73	160	0.352241
73	165	0.343046
73	173	0.677415
74	19	1.33951
74	104	0.484809
74	111	0.497634
74	115	1.3669
74	122	0.484769
74	130	0.451743
74	133	1.33866
74	134	1.39959
74	158	1.3975
74	160	1.38526
74	163	1.40575
74	164	1.38763
74	167	0.474435
74	168	1.39415
74	173	1.40722
74	175	0.467624
74	176	0.47059
74	178	1.37777
74	180	0.476546
75	18	0.511501
75	45	0.488903
75	98	1.45428
75	120	1.34843
75	131	1.33846
75	151	1.38434
75	153	1.33023
75	155	1.39384
75	161	0.465533
75	163	0.455487
75	164	0.471866
75	165	1.41132
75	167	1.37459
75	168	0.460611
75	171	0.472458
75	172	1.40079
75	178	0.467534
75	179	1.38253
75	180	1.3813
76	34	0.480441
76	38	1.39669
76	50	0.449738
76	89	1.28734
76	114	1.29818
76	125	0.493965
76	127	0.515902
76	141	0.519585
76	142	0.514188
76	151	1.33932
76	152	1.33569
76	154	0.508848
76	169	0.513778
76	171	1.33447
76	174	1.32802
76	176	1.34312
76	177	1.33916
76	178	1.32424
76	179	1.33751
76	180	1.33628
77	49	1.29713
77	88	1.20735
77	103	0.506885
77	105	1.3537
77	112	1.32213
77	120	0.521778
77	141	1.33672
77	144	1.3573
77	146	0.500948
77	147	1.32775
77	150	1.35367
77	157	1.37482
77	158	0.496586
77	161	1.35553
77	167	1.35248
77	169	1.36152
77	173	0.48225
77	174	0.511884
77	176	0.499896
77	177	0.485676
78	40	0.554583
78	43	1.3164
78	44	1.18899
78	46	1.33997
78	60	1.21819
78	61	0.4743
78	84	1.27888
78	85	1.43722
78	116	1.3653
78	118	1.3689
78	120	0.516053
78	124	1.38023
78	125	1.38023
78	140	1.37027
78	149	0.485778
78	151	0.499637
78	153	0.51459
78	155	0.486135
78	166	1.35561
78	173	0.476526
79	29	0.441747
79	63	1.35144
79	89	0.524689
79	106	0.506724
79	114	0.510073
79	115	0.519972
79	133	0.523382
79	147	1.30146
79	150	1.32738
79	151	1.33595
79	154	1.34193
79	167	1.32619
79	168	0.483411
79	172	1.3524
79	174	1.32465
79	175	1.33181
79	176	1.33975
79	177	0.479683
79	179	1.33414
79	180	1.33291
80	68	0.449992
80	114	1.29951
80	122	0.518331
80	134	1.34739
80	135	0.542495
80	136	1.35618
80	152	1.33702
80	154	0.499873
80	159	1.29395
80	160	1.33307
80	162	0.487173
80	163	1.35355
80	164	1.33544
80	167	0.507996
80	168	1.34196
80	171	1.3358
80	172	0.50077
80	175	0.501186
80	177	1.34049
80	178	1.32557
81	4	0.447982
81	43	0.470703
81	56	1.48139
81	65	0.469922
81	107	0.468914
81	113	1.35704
81	118	0.465221
81	121	0.486294
81	124	0.448253
81	146	1.37854
81	147	0.479498
81	156	1.38092
81	159	1.36009
81	166	1.39798
81	168	1.4081
81	169	0.461014
81	172	1.42324
81	176	1.4106
81	177	1.40663
81	178	1.39171
81	180	1.40375
82	11	1.3302
82	24	1.25757
82	26	1.09661
82	31	1.35757
82	50	0.468328
82	63	0.522567
82	67	0.541856
82	73	1.45216
82	95	1.41307
82	101	1.27407
82	102	1.27406
82	104	1.26598
82	107	1.26598
82	108	1.26598
82	109	1.27407
82	110	1.27271
82	148	0.534004
82	149	0.523323
82	164	0.532479
82	167	0.535561
82	174	0.543705
83	37	0.487528
83	86	1.26299
83	99	0.562692
83	127	1.29914
83	128	1.29871
83	135	1.23752
83	141	1.27952
83	142	1.29829
83	145	0.520684
83	150	1.29646
83	154	1.31102
83	155	0.522034
83	157	1.31762
83	158	0.52676
83	161	1.29833
83	167	1.29528
83	169	1.30432
83	173	0.512425
83	174	0.542059
83	175	1.30089
83	176	0.53007
84	29	1.32867
84	46	1.24432
84	50	1.35526
84	58	1.29156
84	68	1.37827
84	78	1.27888
84	91	1.27664
84	99	0.556998
84	101	0.523837
84	116	1.26965
84	118	1.27325
84	119	0.508998
84	124	1.28458
84	125	1.28458
84	140	1.27462
84	149	0.515983
84	150	0.532384
84	166	1.25996
84	172	0.520995
84	175	0.52141
84	179	0.524149
85	7	0.458488
85	22	0.482597
85	32	0.430762
85	43	1.37909
85	44	1.25169
85	46	1.40267
85	58	1.4499
85	60	1.28089
85	78	1.43722
85	91	1.43499
85	116	1.428
85	118	1.4316
85	124	1.44293
85	125	1.44292
85	138	0.492692
85	148	0.46622
85	151	0.469399
85	156	0.467548
85	166	1.41831
85	167	0.467778
85	180	0.469888
86	38	0.482685
86	51	1.2499
86	65	1.27687
86	83	1.26299
86	93	0.518461
86	112	1.27217
86	121	1.29042
86	127	1.30639
86	141	1.28676
86	144	1.30734
86	150	1.30371
86	153	0.554285
86	154	1.31826
86	155	0.52583
86	160	0.532537
86	161	1.30557
86	169	1.31156
86	173	0.516221
86	175	1.30813
86	179	0.533639
86	180	0.539822
87	17	1.36085
87	30	0.528995
87	67	1.37999
87	72	1.37453
87	122	0.466869
87	124	0.440582
87	128	0.459475
87	129	0.460623
87	132	0.473362
87	148	1.39933
87	152	1.41603
87	158	1.42432
87	159	1.37296
87	160	1.41208
87	168	1.42097
87	171	1.41481
87	174	0.464679
87	176	0.452691
87	177	1.4195
87	178	1.40458
87	180	0.458646
88	13	0.580409
88	62	0.584995
88	77	1.20735
88	96	0.594812
88	129	1.19675
88	144	1.1945
88	148	0.615126
88	150	1.19087
88	152	0.599161
88	155	1.20894
88	157	1.21202
88	160	0.61151
88	161	1.19273
88	167	1.18968
88	169	1.19872
88	170	1.19531
88	172	1.21588
88	176	1.20324
88	178	0.60927
88	179	1.19763
88	180	1.19639
89	9	1.34558
89	23	0.557394
89	40	0.587662
89	50	0.463861
89	52	1.22789
89	69	1.2609
89	76	1.28734
89	79	0.524689
89	137	0.502343
89	143	0.520837
89	145	1.3068
89	148	1.282
89	157	0.519536
89	158	1.30699
89	160	1.29475
89	164	1.29712
89	168	1.30364
89	171	1.29748
89	176	0.52725
89	177	1.30217
89	178	1.28726
90	1	0.511204
90	8	0.505319
90	51	0.58076
90	120	1.25925
90	126	1.32248
90	132	1.25048
90	143	1.28465
90	145	0.520769
90	152	0.516477
90	155	1.30466
90	161	0.524584
90	165	1.32214
90	167	1.28541
90	168	0.519663
90	170	1.29104
90	172	1.31161
90	174	1.28386
90	176	1.29896
90	177	0.515935
90	179	1.29335
90	180	1.29212
91	10	0.477383
91	29	1.42209
91	44	1.18676
91	45	0.511126
91	58	1.38497
91	60	1.21596
91	68	1.47168
91	84	1.27664
91	85	1.43499
91	116	1.36306
91	118	1.36667
91	119	0.477948
91	122	0.507506
91	124	1.378
91	125	1.37799
91	140	1.36804
91	155	0.485291
91	162	0.476348
91	166	1.35337
91	170	0.489158
91	172	0.489945
91	178	0.489758
92	7	1.30039
92	13	1.30396
92	67	1.2187
92	115	1.23243
92	123	0.569232
92	129	0.550997
92	134	1.26512
92	135	0.581408
92	136	1.2739
92	137	0.518158
92	141	0.549523
92	145	1.26284
92	158	1.26303
92	159	1.21168
92	164	1.25316
92	168	1.25968
92	171	1.25352
92	174	0.555054
92	175	0.540099
92	177	1.25821
92	178	1.2433
92	179	0.542837
93	17	1.31568
93	20	0.507716
93	22	1.32265
93	64	0.470917
93	86	0.518461
93	113	1.32474
93	121	0.506991
93	133	1.32031
93	148	1.35416
93	149	0.472665
93	150	0.489067
93	155	0.473023
93	158	1.37915
93	159	1.3278
93	163	1.3874
93	167	0.484903
93	168	1.3758
93	171	1.36964
93	173	1.38887
93	177	1.37433
93	178	1.35942
93	179	0.480831
94	3	1.12572
94	41	0.549773
94	62	0.523073
94	65	0.560477
94	102	0.546303
94	131	1.22596
94	142	0.551978
94	143	1.26134
94	144	0.551162
94	146	1.2436
94	147	0.570053
94	155	1.28135
94	156	1.24598
94	157	0.543202
94	165	1.29882
94	170	1.26772
94	172	1.2883
94	173	1.28622
94	174	1.26054
94	176	1.27565
94	179	1.27004
94	180	1.26881
95	10	0.425371
95	15	1.42484
95	26	1.28776
95	35	0.511309
95	73	1.64332
95	82	1.41307
95	101	1.46522
95	102	1.46522
95	104	1.45713
95	107	1.45713
95	108	1.45713
95	109	1.46523
95	110	1.46386
95	140	0.432724
95	166	0.439678
95	171	0.442669
95	173	0.42367
95	176	0.441315
95	178	0.437746
95	180	0.447271
96	72	1.31942
96	88	0.594812
96	127	0.481213
96	137	0.45353
96	139	1.39197
96	142	0.479498
96	146	0.479489
96	148	1.34422
96	151	0.483902
96	152	1.36092
96	153	1.31044
96	159	1.31786
96	163	1.37746
96	164	1.35934
96	168	1.36586
96	169	0.479089
96	171	1.3597
96	172	0.475055
96	173	1.37893
96	177	1.36439
96	178	1.34948
96	179	0.478209
97	4	1.37658
97	6	0.45503
97	8	1.38144
97	69	0.5204
97	103	0.495828
97	119	1.3642
97	129	1.35798
97	135	1.29315
97	136	0.483738
97	142	1.35392
97	145	0.479452
97	147	1.32618
97	149	0.480445
97	150	1.35209
97	155	0.480802
97	157	1.37324
97	159	0.505229
97	161	1.35396
97	167	1.35091
97	169	1.35995
97	174	0.500827
97	175	1.35652
98	27	0.489577
98	50	0.379327
98	52	0.47509
98	59	0.539859
98	75	1.45428
98	101	0.442176
98	111	1.3645
98	113	0.470018
98	117	1.42245
98	133	0.472194
98	138	1.36717
98	139	0.438969
98	146	1.396
98	148	0.445002
98	156	1.39838
98	158	0.439405
98	162	1.44122
98	165	1.45123
98	170	1.42013
98	174	1.41295
98	176	1.42806
98	179	1.42245
98	180	1.42121
99	35	1.19112
99	65	0.538646
99	83	0.562692
99	84	0.556998
99	101	0.528546
99	108	0.524344
99	117	1.29457
99	130	1.28492
99	131	1.25049
99	135	1.22886
99	136	0.523985
99	146	1.26812
99	152	0.515407
99	155	1.30588
99	162	1.31334
99	163	0.513469
99	167	1.28662
99	169	0.529737
99	173	1.31074
99	174	1.28507
99	175	1.29223
99	176	1.30018
99	179	1.29457
99	180	1.29333
100	20	1.32751
100	23	1.32755
100	34	0.448363
100	45	0.498848
100	52	0.513424
100	58	0.475356
100	119	0.46567
100	139	0.477303
100	142	0.48211
100	143	1.36901
100	149	1.39309
100	156	1.35365
100	162	1.39648
100	165	1.40649
100	166	0.479411
100	167	1.36976
100	168	0.470556
100	170	1.37539
100	171	0.482403
100	174	1.36822
100	175	1.37538
100	176	1.38332
100	179	1.37771
100	180	1.37648
101	11	1.38235
101	15	1.28583
101	20	1.28826
101	24	1.30972
101	26	1.14876
101	31	1.40972
101	69	0.527486
101	73	1.50431
101	82	1.27407
101	84	0.523837
101	95	1.46522
101	98	0.442176
101	99	0.528546
101	102	1.32621
101	104	1.31812
101	107	1.31813
101	108	1.31813
101	109	1.32622
101	110	1.32486
101	138	0.524685
101	160	0.494596
101	162	0.478946
101	167	0.49977
101	172	0.492544
101	175	0.492959
102	11	1.38235
102	15	1.28583
102	20	1.28826
102	24	1.30972
102	26	1.14876
102	31	1.40972
102	73	1.50431
102	82	1.27406
102	94	0.546303
102	95	1.46522
102	101	1.32621
102	104	1.31812
102	107	1.31812
102	108	1.31813
102	109	1.32622
102	110	1.32485
102	129	0.499782
102	138	0.520609
102	148	0.494137
102	153	0.512269
102	162	0.474871
102	164	0.492612
102	173	0.474205
102	179	0.491623
102	180	0.497805
103	9	0.48273
103	22	0.522117
103	38	1.38887
103	71	1.2926
103	77	0.506885
103	97	0.495828
103	137	1.34799
103	142	0.504514
103	146	1.30325
103	152	0.489775
103	155	1.341
103	156	1.30563
103	158	0.500143
103	163	0.487837
103	165	1.35847
103	170	1.32737
103	171	0.504807
103	172	1.34795
103	173	1.34587
103	174	1.3202
103	175	1.32736
103	176	1.3353
103	178	0.499884
103	179	1.32969
103	180	1.32846
104	11	1.37426
104	15	1.27774
104	24	1.30163
104	26	1.14067
104	31	1.40163
104	36	1.39342
104	73	1.49622
104	74	0.484809
104	82	1.26598
104	95	1.45713
104	101	1.31812
104	102	1.31812
104	107	1.31003
104	108	1.31004
104	109	1.31813
104	110	1.31676
104	126	0.492079
104	140	0.50209
104	143	0.504269
104	156	0.514297
104	165	0.500158
104	167	0.514526
104	173	0.493036
104	175	0.507715
104	177	0.496461
105	15	0.529162
105	17	0.519488
105	19	0.525399
105	51	1.28342
105	60	0.572169
105	65	1.31038
105	73	0.355118
105	77	1.3537
105	115	0.524081
105	127	1.3399
105	128	1.33946
105	147	1.3113
105	151	1.34578
105	153	1.29167
105	156	1.31991
105	157	1.35837
105	159	0.514403
105	163	0.482396
105	165	1.37276
105	168	0.48752
105	169	1.34507
105	170	1.34166
105	177	0.483792
105	179	1.34398
105	180	1.34274
106	1	0.490333
106	14	1.19003
106	62	1.35755
106	66	0.45958
106	79	0.506724
106	113	1.30523
106	132	0.529956
106	133	1.3008
106	137	0.484378
106	145	1.35944
106	151	0.514751
106	152	1.35135
106	155	0.501249
106	158	1.35963
106	159	1.30828
106	160	1.3474
106	162	0.492306
106	164	1.34977
106	168	1.35629
106	171	1.35013
106	173	1.36935
106	174	0.521274
106	177	1.35482
106	178	1.3399
106	179	0.509058
107	2	0.488648
107	11	1.37426
107	15	1.27774
107	24	1.30163
107	26	1.14067
107	31	1.40163
107	36	1.39342
107	73	1.49622
107	81	0.468914
107	82	1.26598
107	95	1.45713
107	101	1.31813
107	102	1.31812
107	104	1.31003
107	108	1.31004
107	109	1.31813
107	110	1.31676
107	112	0.530328
107	127	0.507792
107	148	0.507303
107	160	0.503687
107	166	0.503379
107	169	0.505668
107	173	0.487371
107	177	0.490796
108	11	1.37426
108	15	1.27774
108	24	1.30163
108	26	1.14067
108	31	1.40163
108	36	1.39342
108	54	0.55681
108	73	1.49622
108	82	1.26598
108	95	1.45713
108	99	0.524344
108	101	1.31813
108	102	1.31813
108	104	1.31004
108	107	1.31004
108	109	1.31813
108	110	1.31677
108	163	0.476107
108	166	0.490086
108	167	0.495568
108	169	0.492375
108	172	0.488341
108	176	0.491723
108	178	0.488154
108	180	0.497678
109	11	1.38235
109	15	1.28583
109	20	1.28826
109	24	1.30972
109	26	1.14876
109	31	1.40972
109	66	0.457707
109	73	1.50432
109	82	1.27407
109	95	1.46523
109	101	1.32622
109	102	1.32622
109	104	1.31813
109	107	1.31813
109	108	1.31813
109	110	1.32486
109	119	0.492033
109	130	0.488564
109	153	0.527831
109	164	0.508174
109	167	0.511256
109	172	0.50403
109	173	0.489766
109	174	0.5194
109	179	0.507184
110	15	1.28447
110	20	1.2869
110	24	1.30836
110	26	1.1474
110	31	1.40836
110	36	1.40015
110	73	1.50295
110	82	1.27271
110	95	1.46386
110	101	1.32486
110	102	1.32485
110	104	1.31676
110	107	1.31676
110	108	1.31677
110	109	1.32486
110	114	0.514502
110	130	0.479485
110	153	0.518752
110	158	0.495023
110	160	0.497004
110	161	0.492762
110	167	0.502177
110	174	0.510321
110	175	0.495367
110	176	0.498333
111	34	0.490821
111	52	0.555883
111	56	1.36917
111	74	0.497634
111	98	1.3645
111	114	0.539677
111	134	0.519667
111	137	1.31106
111	138	1.23749
111	140	1.30042
111	144	0.523753
111	146	1.26632
111	151	1.29456
111	156	1.2687
111	158	0.520197
111	160	0.522178
111	162	1.31153
111	168	0.513015
111	170	1.29044
111	172	1.31102
111	173	1.30894
111	174	1.28326
111	176	1.29837
111	177	0.509287
111	179	1.29276
111	180	1.29153
112	18	1.27636
112	21	1.2764
112	25	1.26404
112	32	0.488604
112	47	1.29868
112	63	1.32971
112	77	1.32213
112	86	1.27217
112	107	0.530328
112	121	1.29236
112	123	0.547942
112	128	1.30789
112	141	1.2887
112	144	1.30928
112	153	0.542195
112	156	0.525391
112	157	1.3268
112	161	1.30751
112	162	0.504796
112	167	1.30446
112	169	1.3135
112	172	0.518394
112	173	0.50413
112	175	1.31008
112	178	0.518206
112	180	0.527731
113	19	1.25123
113	47	0.508648
113	81	1.35704
113	93	1.32474
113	98	0.470018
113	106	1.30523
113	117	0.518853
113	132	0.544438
113	136	1.3201
113	138	0.552526
113	139	1.33199
113	143	0.517354
113	145	1.30903
113	146	0.524819
113	148	1.28423
113	153	1.25045
113	158	1.30922
113	159	1.25787
113	164	1.29936
113	167	0.527612
113	168	1.30588
113	171	1.29972
113	176	0.523767
113	177	1.30441
113	178	1.28949
113	179	0.52354
114	17	1.25437
114	34	0.479947
114	35	0.582627
114	46	0.527802
114	59	1.1981
114	62	1.31575
114	76	1.29818
114	79	0.510073
114	80	1.29951
114	110	0.514502
114	111	0.539677
114	130	0.493785
114	136	1.32871
114	150	0.520641
114	152	1.30955
114	156	0.516249
114	158	1.31783
114	160	1.3056
114	163	1.32608
114	164	1.30797
114	166	1.30437
114	168	1.31449
114	171	1.30833
114	177	1.31302
114	178	1.2981
114	180	0.518589
115	14	1.16343
115	59	1.21329
115	74	1.3669
115	79	0.519972
115	92	1.23243
115	105	0.524081
115	117	0.517619
115	127	0.525309
115	133	1.27419
115	139	1.35579
115	145	1.33284
115	148	1.30804
115	149	0.514139
115	152	1.32474
115	156	0.526148
115	159	1.28168
115	160	1.32079
115	163	1.34128
115	165	0.512009
115	166	1.31956
115	170	0.518364
115	171	1.32352
115	176	0.522533
115	177	1.32821
115	178	1.3133
115	180	0.528488
116	10	0.463953
116	29	1.41509
116	43	1.30717
116	44	1.17976
116	46	1.33074
116	50	1.44168
116	54	0.544984
116	55	0.524318
116	58	1.37798
116	60	1.20896
116	68	1.46469
116	78	1.3653
116	84	1.26965
116	85	1.428
116	91	1.36306
116	118	1.35967
116	124	1.371
116	125	1.371
116	131	0.520818
116	133	0.509377
116	137	0.454991
116	166	1.34638
116	167	0.483742
116	173	0.462252
116	175	0.476931
116	176	0.479897
116	180	0.485853
117	2	0.475181
117	98	1.42245
117	99	1.29457
117	113	0.518853
117	115	0.517619
117	123	1.29145
117	124	0.479441
117	125	0.472388
117	136	0.486449
117	139	0.487804
117	140	1.35836
117	142	0.492611
117	146	1.32426
117	149	1.36609
117	151	1.35251
117	155	1.36202
117	156	1.32664
117	158	0.48824
117	164	0.492312
117	165	1.37949
117	168	0.481057
117	170	1.34839
117	172	1.36896
117	175	1.34837
117	176	1.35632
117	179	1.3507
117	180	1.34947
118	43	1.31077
118	44	1.18336
118	46	1.33434
118	47	0.486204
118	50	1.44529
118	58	1.38158
118	60	1.21257
118	68	1.46829
118	78	1.3689
118	81	0.465221
118	84	1.27325
118	85	1.4316
118	91	1.36667
118	116	1.35967
118	124	1.3746
118	125	1.3746
118	126	0.482721
118	140	1.36465
118	157	0.493609
118	158	0.498013
118	165	0.490799
118	166	1.34998
118	173	0.483678
118	175	0.498357
118	176	0.501323
118	178	0.497754
118	180	0.507279
119	25	1.30768
119	42	0.489335
119	53	0.533138
119	56	0.437339
119	84	0.508998
119	91	0.477948
119	97	1.3642
119	100	0.46567
119	109	0.492033
119	123	0.507252
119	131	0.522006
119	132	0.501757
119	144	1.35292
119	148	1.33752
119	152	1.35422
119	154	1.36384
119	157	1.37044
119	158	1.36251
119	159	1.31116
119	161	1.35115
119	163	1.37076
119	164	1.35264
119	165	0.470561
119	167	1.3481
119	169	1.35714
119	171	1.353
119	178	1.34278
120	22	0.53701
120	29	0.46619
120	66	1.41844
120	67	0.528485
120	70	0.462039
120	75	1.34843
120	77	0.521778
120	78	0.516053
120	90	1.25925
120	122	1.29483
120	131	1.27252
120	137	1.3349
120	144	0.518592
120	146	1.29015
120	151	1.3184
120	156	1.29254
120	161	0.512775
120	162	1.33537
120	165	1.34538
120	168	0.507854
120	170	1.31428
120	171	0.5197
120	174	1.3071
120	175	1.31427
120	176	1.32221
120	177	0.504126
120	179	1.3166
120	180	1.31536
121	4	1.34838
121	10	0.506452
121	12	0.474793
121	21	1.29465
121	48	0.522139
121	51	1.27009
121	57	0.495901
121	81	0.486294
121	86	1.29042
121	93	0.506991
121	112	1.29236
121	128	1.32613
121	129	1.32978
121	132	0.543068
121	141	1.30695
121	142	1.32572
121	144	1.32752
121	147	1.29798
121	150	1.32389
121	154	1.33845
121	157	1.34504
121	164	0.523159
121	167	1.32271
121	169	1.33175
121	170	0.518227
121	173	0.504751
121	175	1.32832
121	176	0.522396
122	2	0.494274
122	29	0.458487
122	30	1.21889
122	44	0.607905
122	74	0.484769
122	80	0.518331
122	87	0.466869
122	91	0.507506
122	120	1.29483
122	124	0.498534
122	127	1.32486
122	129	1.32806
122	130	1.31929
122	133	0.540122
122	134	0.506802
122	141	1.30523
122	142	1.32401
122	147	1.29626
122	151	1.33074
122	154	1.33673
122	157	1.34333
122	161	1.32404
122	162	1.34771
122	169	1.33003
122	171	0.511997
122	174	1.31944
122	179	1.32894
122	180	1.3277
123	6	0.488822
123	92	0.569232
123	112	0.547942
123	117	1.29145
123	119	0.507252
123	126	1.32058
123	130	1.2818
123	131	1.24738
123	133	0.55211
123	137	1.30975
123	138	1.23618
123	141	0.529089
123	143	1.28275
123	146	1.26501
123	149	1.30683
123	155	1.30276
123	156	1.26739
123	159	0.539022
123	162	1.31022
123	163	0.507014
123	166	0.520993
123	169	0.523283
123	172	1.30971
123	173	1.30763
123	174	1.28196
123	176	1.29706
123	177	0.50841
123	179	1.29145
123	180	1.29022
124	7	0.47891
124	29	1.43002
124	43	1.3221
124	44	1.19469
124	46	1.34567
124	50	1.45662
124	58	1.39291
124	60	1.2239
124	68	1.47962
124	69	0.515916
124	78	1.38023
124	81	0.448253
124	84	1.28458
124	85	1.44293
124	87	0.440582
124	91	1.378
124	116	1.371
124	117	0.479441
124	118	1.3746
124	122	0.498534
124	125	1.38593
124	135	0.522698
124	136	0.479254
124	140	1.37597
124	159	0.500746
124	161	0.478784
124	166	1.36131
124	173	0.466709
124	180	0.49031
125	23	0.507446
125	29	1.43002
125	43	1.3221
125	44	1.19469
125	45	0.495101
125	46	1.34567
125	48	0.477045
125	50	1.45661
125	58	1.39291
125	60	1.22389
125	68	1.47962
125	76	0.493965
125	78	1.38023
125	84	1.28458
125	85	1.44292
125	91	1.37799
125	116	1.371
125	117	0.472388
125	118	1.3746
125	124	1.38593
125	138	0.506062
125	140	1.37597
125	151	0.482768
125	156	0.480918
125	166	1.36131
125	169	0.477954
125	172	0.473921
125	175	0.474336
125	177	0.463082
126	28	0.453841
126	32	1.42441
126	40	1.27058
126	41	0.476718
126	45	0.49566
126	46	0.49303
126	48	1.35681
126	55	0.522281
126	61	1.38658
126	90	1.32248
126	104	0.492079
126	118	0.482721
126	123	1.32058
126	131	1.33575
126	132	1.33696
126	134	0.474021
126	137	1.39813
126	143	1.37113
126	156	1.35577
126	160	0.476532
126	161	0.47229
126	165	1.40861
126	166	0.476224
126	171	0.479215
126	172	1.39808
126	174	1.37033
126	176	1.38544
126	179	1.37983
126	180	1.37859
127	18	1.31058
127	34	1.4094
127	47	1.3329
127	49	1.28332
127	76	0.515902
127	83	1.29914
127	86	1.30639
127	96	0.481213
127	105	1.3399
127	107	0.507792
127	115	0.525309
127	122	1.32486
127	128	1.34211
127	129	1.34575
127	137	0.474333
127	138	0.527999
127	141	1.32292
127	142	1.34169
127	144	1.34349
127	147	1.31395
127	148	0.501527
127	150	1.33986
127	154	1.35442
127	161	1.34173
127	168	0.488747
127	169	1.34772
127	172	0.495858
127	173	0.481594
127	179	0.499012
127	180	0.505195
128	49	1.28289
128	55	0.547668
128	64	1.35211
128	83	1.29871
128	87	0.459475
128	105	1.33946
128	112	1.30789
128	121	1.32613
128	127	1.34211
128	129	1.34531
128	130	0.4844
128	133	0.532727
128	139	0.499502
128	141	1.32248
128	142	1.34126
128	144	1.34305
128	147	1.31351
128	154	1.35398
128	155	0.495212
128	157	1.36058
128	161	1.34129
128	167	1.33824
128	168	0.492755
128	169	1.34728
128	170	0.499079
128	171	0.504602
128	173	0.485602
128	175	1.34385
128	177	0.489028
128	180	0.509203
129	19	0.531783
129	25	1.30146
129	28	1.41023
129	51	1.28927
129	56	0.46065
129	65	1.31623
129	87	0.460623
129	88	1.19675
129	92	0.550997
129	97	1.35798
129	102	0.499782
129	121	1.32978
129	122	1.32806
129	127	1.34575
129	128	1.34531
129	137	0.479489
129	140	0.495804
129	141	1.32612
129	142	1.3449
129	150	1.34307
129	154	1.35762
129	156	0.508011
129	157	1.36422
129	161	1.34493
129	169	1.35092
129	175	1.34749
129	176	0.504396
129	178	0.500826
129	179	0.504168
129	180	0.510351
130	15	0.508766
130	25	0.511938
130	26	0.639492
130	42	1.32394
130	51	0.52822
130	74	0.451743
130	99	1.28492
130	109	0.488564
130	110	0.479485
130	114	0.493785
130	122	1.31929
130	123	1.2818
130	128	0.4844
130	135	1.27535
130	137	1.35936
130	145	0.468229
130	149	1.35644
130	151	1.34286
130	152	0.463938
130	164	0.478378
130	165	1.36984
130	167	1.33311
130	170	1.33874
130	172	1.35931
130	173	1.35723
130	174	1.33156
130	175	1.33872
130	176	1.34667
130	179	1.34106
130	180	1.33982
131	9	0.516661
131	12	0.489781
131	61	1.31338
131	66	1.40847
131	73	0.394491
131	75	1.33846
131	94	1.22596
131	99	1.25049
131	116	0.520818
131	119	0.522006
131	120	1.27252
131	123	1.24738
131	126	1.33575
131	134	0.533544
131	138	1.25135
131	149	1.32201
131	150	0.545393
131	159	0.553775
131	162	1.3254
131	163	0.521768
131	165	1.33541
131	170	1.30431
131	171	0.538738
131	172	1.32488
131	173	1.32281
131	174	1.29713
131	176	1.31224
131	177	0.523164
131	178	0.533815
131	179	1.30663
131	180	1.30539
132	17	0.538611
132	42	1.29072
132	70	0.460828
132	87	0.473362
132	90	1.25048
132	106	0.529956
132	113	0.544438
132	119	0.501757
132	121	0.543068
132	126	1.33696
132	133	0.546614
132	135	1.24213
132	137	1.32613
132	140	1.31549
132	146	1.28139
132	148	0.519422
132	149	1.32322
132	151	1.30964
132	155	1.31914
132	156	1.28377
132	162	1.32661
132	164	0.517897
132	165	1.33662
132	166	0.515498
132	172	1.32609
132	174	1.29834
132	175	1.3055
132	176	1.31345
132	177	0.502915
132	179	1.30783
132	180	1.3066
133	2	1.33133
133	5	1.33119
133	17	1.24132
133	33	1.37322
133	37	1.35397
133	38	0.474762
133	66	0.476238
133	74	1.33866
133	79	0.523382
133	93	1.32031
133	98	0.472194
133	106	1.3008
133	115	1.27419
133	116	0.509377
133	122	0.540122
133	123	0.55211
133	128	0.532727
133	132	0.546614
133	145	1.3046
133	158	1.30479
133	159	1.25344
133	160	1.29255
133	163	1.31304
133	164	1.29492
133	165	0.515419
133	166	1.29132
133	171	1.29528
133	174	0.537932
133	175	0.522977
133	177	1.29997
133	178	1.28506
134	38	0.441443
134	41	1.34229
134	55	1.28861
134	57	1.36526
134	74	1.39959
134	80	1.34739
134	92	1.26512
134	111	0.519667
134	122	0.506802
134	126	0.474021
134	131	0.533544
134	139	1.38848
134	141	0.499082
134	142	0.493685
134	145	1.36553
134	146	0.493676
134	148	1.34073
134	152	1.35743
134	153	1.30695
134	155	0.484587
134	158	1.36571
134	159	1.31436
134	160	1.35348
134	163	1.37397
134	164	1.35585
134	165	0.482099
134	167	0.496468
134	168	1.36237
134	172	0.489242
134	177	1.3609
134	178	1.34598
134	179	0.492396
135	24	0.543113
135	28	1.34541
135	57	0.508312
135	80	0.542495
135	83	1.23752
135	92	0.581408
135	97	1.29315
135	99	1.22886
135	124	0.522698
135	130	1.27535
135	132	1.24213
135	142	1.28007
135	145	0.525421
135	147	1.25232
135	148	0.537094
135	149	1.30038
135	150	1.27824
135	151	1.28681
135	152	0.521129
135	154	1.29279
135	158	0.531497
135	161	1.28011
135	163	0.519191
135	164	0.53557
135	168	0.524315
135	169	1.2861
135	172	1.30326
135	174	1.27551
135	175	1.28267
135	176	1.29061
135	179	1.285
135	180	1.28377
136	2	1.40104
136	12	1.38138
136	53	0.543416
