1	117	0.967115
1	124	0.97664
1	126	0.977866
1	128	0.968337
1	139	0.957266
1	152	0.999724
1	156	0.975764
1	158	0.965298
1	165	0.979925
1	170	0.895431
1	171	0.885458
1	172	2.01437
2	12	1.03583
2	14	1.03977
2	20	1.11777
2	35	1.10311
2	37	1.00333
2	52	1.05861
2	69	1.5903
2	74	1.10915
2	136	1.08137
2	148	0.719477
2	151	1.07881
2	176	0.986412
3	9	1.02566
3	17	1.11901
3	18	0.988237
3	25	0.898751
3	29	1.00065
3	33	0.89748
3	36	0.892541
3	94	0.951468
3	124	0.967282
3	133	0.983219
3	142	1.84109
3	154	1.04202
4	29	0.739237
4	37	1.04505
4	57	1.09712
4	94	0.422062
4	136	1.12309
4	151	1.12053
4	158	0.372316
4	172	1.04891
4	176	1.10035
4	178	1.01436
4	179	1.05443
4	180	1.02275
5	43	0.99282
5	108	0.977992
5	122	0.987141
5	126	0.973656
5	128	0.964127
5	142	1.36302
5	152	0.995515
5	155	1.66204
5	158	0.961088
5	165	0.975716
5	167	0.869462
5	170	0.891221
6	24	1.92585
6	107	0.992368
6	147	0.871228
6	157	0.871256
6	168	0.884826
6	172	0.857391
6	173	0.861586
6	175	0.855587
6	176	0.908827
6	178	0.822846
6	179	0.862908
6	180	0.831236
7	49	2.26713
7	89	0.850932
7	148	0.981918
7	159	0.914597
7	166	0.850297
7	167	0.836214
7	174	0.897958
7	175	0.8552
7	176	0.90844
7	177	0.868736
7	178	0.82246
7	180	0.83085
8	19	1.20786
8	97	0.731228
8	157	0.966647
8	164	1.00987
8	170	0.953751
8	172	0.952782
8	174	0.993735
8	175	0.950978
8	176	1.00422
8	178	0.918237
8	179	0.958298
8	180	0.926627
9	3	1.02566
9	18	1.09048
9	25	1.00099
9	29	1.10289
9	36	0.994785
9	92	1.11565
9	93	1.16192
9	124	1.06953
9	133	1.08546
9	154	1.14427
9	164	1.05691
9	176	1.11004
10	42	1.07653
10	88	1.06214
10	132	0.511146
10	141	1.07048
10	144	1.08002
10	149	1.05939
10	152	1.10103
10	163	1.0722
10	165	1.08123
10	171	0.98676
10	174	0.868301
10	180	1.973
11	12	1.01894
11	24	1.10047
11	35	1.08622
11	38	1.09263
11	52	1.04172
11	57	1.03851
11	74	1.09226
11	136	1.06448
11	145	1.57698
11	151	1.06192
11	163	0.0246056
11	174	1.39598
12	2	1.03583
12	11	1.01894
12	37	0.871564
12	38	0.977754
12	47	0.958559
12	52	0.926846
12	57	0.923637
12	74	0.977384
12	135	1.18653
12	136	0.949605
12	151	0.947047
12	170	1.91184
13	126	0.977365
13	139	0.956765
13	144	0.978214
13	148	1.08975
13	149	0.957586
13	152	0.999223
13	153	0.98845
13	158	0.964797
13	165	0.979425
13	166	1.96305
13	170	0.89493
13	171	0.884957
14	2	1.03977
14	24	0.989533
14	37	0.875501
14	38	0.981691
14	47	0.962497
14	52	0.930783
14	57	0.927574
14	74	0.981322
14	103	1.21616
14	131	1.69252
14	136	0.953542
14	151	0.950984
15	86	0.968252
15	100	0.932324
15	109	0.922168
15	110	0.965628
15	112	0.965598
15	113	0.96668
15	114	1.00905
15	119	0.99429
15	156	0.974484
15	161	1.15214
15	171	1.90005
15	177	0.904913
16	68	0.940498
16	141	1.0798
16	143	1.0708
16	144	1.08933
16	149	1.0687
16	153	1.09957
16	159	1.07599
16	163	1.08152
16	165	1.09054
16	170	1.00605
16	171	0.996074
16	177	1.35681
17	3	1.11901
17	95	0.530906
17	116	0.171415
17	161	1.12728
17	169	1.09481
17	172	1.05334
17	173	1.05753
17	174	1.09429
17	176	1.10477
17	178	1.01879
17	179	1.05885
17	180	1.02718
18	3	0.988237
18	9	1.09048
18	25	0.963569
18	29	1.06546
18	31	1.0989
18	33	0.962298
18	72	0.266329
18	92	1.07822
18	124	1.0321
18	127	3.00116
18	133	1.04804
18	154	1.10684
18	180	0.899263
19	8	1.20786
19	98	0.957507
19	99	1.0814
19	100	1.00849
19	101	0.917935
19	109	0.998331
19	110	1.04179
19	112	1.04176
19	113	1.04284
19	114	1.08521
19	119	1.07045
19	156	1.05065
19	177	0.981076
20	2	1.11777
20	24	1.06754
20	35	1.05329
20	37	0.953508
20	38	1.0597
20	47	1.0405
20	52	1.00879
20	57	1.00558
20	74	1.05933
20	145	0.897173
20	151	1.02899
20	170	1.55454
20	179	1.13787
21	86	1.04825
21	100	1.01232
21	109	1.00217
21	110	1.04563
21	112	1.0456
21	113	1.04668
21	114	1.08905
21	119	1.07429
21	145	0.846557
21	156	1.05448
21	157	1.26027
21	170	1.50393
21	177	0.984913
22	49	0.954309
22	64	0.94219
22	66	1.4247
22	71	0.905604
22	83	0.953259
22	85	0.952784
22	87	0.938106
22	91	1.00583
22	95	0.938167
22	96	0.938158
22	97	0.938153
22	162	0.9707
22	164	1.78126
23	122	0.717167
23	136	0.633638
23	150	1.12097
23	154	0.325711
23	159	1.07658
23	164	1.07607
23	168	1.04643
23	172	1.01899
23	175	1.01719
23	176	1.07043
23	178	0.984446
23	179	1.02451
23	180	0.992836
24	6	1.92585
24	11	1.10047
24	14	0.989533
24	20	1.06754
24	35	1.05287
24	47	1.04009
24	52	1.00838
24	57	1.00517
24	74	1.05891
24	134	0.444058
24	136	1.03113
24	151	1.02858
24	170	0.92193
25	3	0.898751
25	9	1.00099
25	18	0.963569
25	29	0.975978
25	31	1.00941
25	33	0.872812
25	36	0.867872
25	94	0.9268
25	103	1.62528
25	117	1.47104
25	124	0.942614
25	133	0.958551
25	154	1.01736
26	99	0.986414
26	100	0.913498
26	109	0.903342
26	110	0.946802
26	112	0.946772
26	113	0.947854
26	114	0.990222
26	119	0.975464
26	136	0.948533
26	156	0.955657
26	175	1.90411
26	176	1.32245
26	177	0.886086
27	71	0.755604
27	115	1.08694
27	126	0.511055
27	146	1.11641
27	149	0.541282
27	168	1.05245
27	172	1.02502
27	173	1.02921
27	175	1.02321
27	176	1.07645
27	178	0.990472
27	179	1.03053
27	180	0.998863
28	32	0.709118
28	103	0.864556
28	146	0.87525
28	147	0.797699
28	160	0.844519
28	169	0.825336
28	172	0.783862
28	173	0.788057
28	175	0.782057
28	176	0.835297
28	178	0.749317
28	179	0.789378
28	180	0.757707
29	3	1.00065
29	4	0.739237
29	9	1.10289
29	18	1.06546
29	25	0.975978
29	31	1.11131
29	33	0.974708
29	36	0.969768
29	73	1.29938
29	124	1.04451
29	133	1.06045
29	148	1.16583
29	154	1.11925
30	34	1.08925
30	108	1.04246
30	139	1.01752
30	143	1.02044
30	149	1.01834
30	152	1.05998
30	153	1.04921
30	157	1.33762
30	158	1.02555
30	163	1.03116
30	165	1.04018
30	169	1.04943
30	172	1.22594
31	18	1.0989
31	25	1.00941
31	29	1.11131
31	33	1.00814
31	36	1.0032
31	94	1.06213
31	124	1.07794
31	133	1.09388
31	154	1.15269
31	155	1.00072
31	164	0.810946
31	171	1.55501
32	28	0.709118
32	143	0.837764
32	152	0.877308
32	155	0.83388
32	157	0.785911
32	163	0.848485
32	165	0.85751
32	170	0.773015
32	174	0.812999
32	176	0.823482
32	178	0.737501
32	179	0.777563
32	180	0.745892
33	3	0.89748
33	18	0.962298
33	25	0.872812
33	29	0.974708
33	31	1.00814
33	36	0.866602
33	92	0.987466
33	94	0.925529
33	124	0.941343
33	132	0.903543
33	133	0.95728
33	154	1.01609
33	180	2.3654
34	30	1.08925
34	107	0.710781
34	128	1.0552
34	138	1.0511
34	139	1.04412
34	141	1.05604
34	149	1.04495
34	158	1.05216
34	161	1.13123
34	163	1.05776
34	167	0.96053
34	171	0.972317
34	177	1.62481
35	2	1.10311
35	11	1.08622
35	20	1.05329
35	24	1.05287
35	47	1.02584
35	52	0.994123
35	57	0.990914
35	74	1.04466
35	132	0.821714
35	136	1.01688
35	151	1.01432
35	164	1.11078
35	179	1.60057
36	3	0.892541
36	9	0.994785
36	25	0.867872
36	29	0.969768
36	31	1.0032
36	33	0.866602
36	92	0.982526
36	94	0.920589
36	124	0.936403
36	133	0.95234
36	145	1.2331
36	154	1.01115
36	167	2.01807
37	2	1.00333
37	4	1.04505
37	12	0.871564
37	14	0.875501
37	20	0.953508
37	38	0.945252
37	47	0.926057
37	52	0.894343
37	57	0.891134
37	74	0.944882
37	80	1.40954
37	136	0.917103
37	151	0.914544
37	160	1.97541
38	11	1.09263
38	12	0.977754
38	14	0.981691
38	20	1.0597
38	37	0.945252
38	47	1.03225
38	52	1.00053
38	57	0.997324
38	74	1.05107
38	121	0.883508
38	136	1.02329
38	151	1.02073
38	162	1.01569
38	172	1.76938
39	82	1.21251
39	102	1.03455
39	120	1.06847
39	138	1.01055
39	139	1.00357
39	144	1.02502
39	146	1.35363
39	149	1.00439
39	152	1.04603
39	153	1.03525
39	158	1.0116
39	163	1.0172
39	165	1.02623
39	171	0.931762
40	45	0.957062
40	64	0.92612
40	71	0.889533
40	83	0.937189
40	85	0.936714
40	87	0.922036
40	91	0.989759
40	95	0.922096
40	96	0.922087
40	97	0.922083
40	133	0.9546
40	162	0.954629
40	166	2.03621
40	176	1.42984
41	75	1.02918
41	90	1.02086
41	118	1.00813
41	119	1.13561
41	167	0.896688
41	170	0.918448
41	172	0.91748
41	173	0.921674
41	174	0.958432
41	175	0.915675
41	176	0.968915
41	178	0.882934
41	179	0.922996
41	180	0.891324
42	10	1.07653
42	134	1.12577
42	138	0.997331
42	140	1.03229
42	141	1.00227
42	143	0.99327
42	144	1.0118
42	152	1.03281
42	153	1.02204
42	158	0.998388
42	163	1.00399
42	165	1.01302
42	174	1.0724
42	177	1.49405
43	5	0.99282
43	61	1.01463
43	81	1.02811
43	131	1.11233
43	138	1.01914
43	141	1.02408
43	151	0.972662
43	152	1.05462
43	153	1.04385
43	158	1.02019
43	163	1.0258
43	165	1.03482
43	166	1.63736
43	171	0.940353
44	87	1.01426
44	95	1.01432
44	96	1.01431
44	97	1.01431
44	115	1.16962
44	141	1.02343
44	150	1.0886
44	152	1.05397
44	158	1.01954
44	162	1.04685
44	163	1.02515
44	165	1.03417
44	167	0.927918
44	169	1.49423
45	40	0.957062
45	71	0.980414
45	83	1.02807
45	85	1.02759
45	87	1.01292
45	91	1.08064
45	95	1.01298
45	96	1.01297
45	97	1.01296
45	127	2.79884
45	133	1.04548
45	162	1.04551
45	169	0.488697
45	178	0.838081
46	81	1.00213
46	105	1.26484
46	115	1.4231
46	141	0.998102
46	144	1.00763
46	152	1.02864
46	153	1.01787
46	154	1.0803
46	156	1.00468
46	158	0.994217
46	162	1.17053
46	163	0.99982
46	165	1.00884
46	170	0.92435
46	171	0.914377
47	12	0.958559
47	14	0.962497
47	20	1.0405
47	24	1.04009
47	35	1.02584
47	37	0.926057
47	38	1.03225
47	52	0.981339
47	57	0.97813
47	74	1.03188
47	136	1.0041
47	145	1.23719
47	151	1.00154
47	164	0.988103
47	171	1.73217
48	50	0.962771
48	86	1.00392
48	99	1.04091
48	100	0.967995
48	109	0.957839
48	110	1.0013
48	112	1.00127
48	113	1.00235
48	114	1.04472
48	119	1.02996
48	125	1.09069
48	136	1.00303
48	156	1.01015
48	175	1.83038
48	177	0.940584
49	7	2.26713
49	22	0.954309
49	64	0.998176
49	71	0.96159
49	82	0.59289
49	83	1.00924
49	85	1.00877
49	87	0.994092
49	91	1.06182
49	95	0.994153
49	96	0.994144
49	97	0.994139
49	129	0.646428
49	133	1.02666
49	162	1.02669
50	48	0.962771
50	70	0.950228
50	77	0.714497
50	131	1.01875
50	145	1.03183
50	150	1.06584
50	157	0.977732
50	166	0.95716
50	168	0.991302
50	172	0.963867
50	174	1.00482
50	175	0.962063
50	176	1.0153
50	178	0.929322
50	179	0.969384
50	180	0.937712
51	73	1.10138
51	81	0.98299
51	89	1.9593
51	104	0.938069
51	111	0.965657
51	138	0.974017
51	139	0.967041
51	140	1.00897
51	143	0.969955
51	144	0.98849
51	149	0.967862
51	153	0.998726
51	154	1.06116
51	162	0.979068
51	163	0.980676
51	165	0.989701
52	2	1.05861
52	11	1.04172
52	12	0.926846
52	14	0.930783
52	20	1.00879
52	24	1.00838
52	35	0.994123
52	37	0.894343
52	38	1.00053
52	47	0.981339
52	74	1.00016
52	78	0.959159
52	136	0.972385
52	151	0.969826
52	167	1.77533
52	171	1.48533
53	94	0.846595
53	99	0.583426
53	103	1.04334
53	119	0.847817
53	148	1.08756
53	161	1.03659
53	170	0.963617
53	171	0.953644
53	172	0.962649
53	173	0.966844
53	174	1.0036
53	175	0.960844
53	176	1.01408
53	178	0.928104
53	179	0.968165
53	180	0.936494
54	86	1.00392
54	99	1.04091
54	100	0.967995
54	109	0.957839
54	110	1.0013
54	112	1.00127
54	113	1.00235
54	114	1.04472
54	119	1.02996
54	136	1.00303
54	156	1.01015
54	162	0.580538
54	166	1.4426
54	177	0.940584
54	180	1.95589
55	92	0.632027
55	142	1.00633
55	144	0.801866
55	146	1.04767
55	153	0.736506
55	159	1.01388
55	160	1.01694
55	164	1.01337
55	166	0.949579
55	169	0.99776
55	172	0.956287
55	173	0.960482
55	175	0.954482
55	176	1.00772
55	179	0.961803
55	180	0.930131
56	79	1.03691
56	111	1.06494
56	123	1.09086
56	140	1.10826
56	143	1.06924
56	148	0.748106
56	150	0.930896
56	153	1.09801
56	156	1.08482
56	158	1.07435
56	159	1.17084
56	163	1.07996
56	165	1.08898
56	170	1.00449
56	171	0.994514
56	175	1.5967
57	4	1.09712
57	11	1.03851
57	12	0.923637
57	14	0.927574
57	20	1.00558
57	24	1.00517
57	35	0.990914
57	37	0.891134
57	38	0.997324
57	47	0.97813
57	74	0.996955
57	78	1.40047
57	136	0.969176
57	146	1.0295
57	151	0.966617
57	173	1.71097
58	81	0.60884
58	112	0.656206
58	128	1.01512
58	137	1.04077
58	155	1.02917
58	157	0.981205
58	164	1.02442
58	172	0.967341
58	173	0.971536
58	174	1.00829
58	175	0.965536
58	176	1.01878
58	177	0.979071
58	178	0.932795
58	179	0.972857
58	180	0.941185
59	64	1.18644
59	96	0.814724
59	124	0.57223
59	147	0.991691
59	157	0.991719
59	166	0.971147
59	168	1.00529
59	169	1.01933
59	171	0.96885
59	173	0.982049
59	174	1.01881
59	175	0.97605
59	176	1.02929
59	178	0.943309
59	179	0.983371
59	180	0.951699
60	88	1.22237
60	100	1.31178
60	106	0.963537
60	129	1.01553
60	130	0.929146
60	147	0.906355
60	157	0.906383
60	166	0.885811
60	168	0.919953
60	172	0.892519
60	173	0.896714
60	174	0.933471
60	176	0.943954
60	178	0.857974
60	179	0.898035
60	180	0.866364
61	43	1.01463
61	88	0.978444
61	104	0.945899
61	121	1.13966
61	128	0.985941
61	140	1.0168
61	141	0.986788
61	142	1.36516
61	144	0.99632
61	149	0.975692
61	152	1.01733
61	158	0.982902
61	163	0.988506
61	165	0.99753
61	171	0.903063
61	174	1.5425
62	115	1.29423
62	122	0.996786
62	126	0.983302
62	140	1.00464
62	141	0.974618
62	143	0.965615
62	148	1.03042
62	149	0.963523
62	152	1.00516
62	153	0.994386
62	154	1.05682
62	158	0.970733
62	163	0.976336
62	165	0.985361
62	170	0.900866
62	172	1.79535
63	99	1.31823
63	106	0.942708
63	110	1.29687
63	140	0.976427
63	141	0.94641
63	147	0.885526
63	149	0.935314
63	152	0.976952
63	158	0.942525
63	165	0.957153
63	168	0.899124
63	175	0.869885
63	176	0.923125
63	178	0.837145
63	179	0.877206
63	180	0.845535
64	22	0.94219
64	40	0.92612
64	49	0.998176
64	59	1.18644
64	71	0.949471
64	72	1.13317
64	76	1.32275
64	83	0.997126
64	85	0.996651
64	87	0.981974
64	91	1.0497
64	95	0.982034
64	96	0.982025
64	97	0.982021
64	133	1.01454
64	162	1.01457
65	106	1.09603
65	141	0.817698
65	145	1.09298
65	154	0.325714
65	156	0.485058
65	160	1.08567
65	165	0.560254
65	166	1.01831
65	168	1.05245
65	169	1.06649
65	173	1.02921
65	174	1.06597
65	175	1.02321
65	176	1.07645
65	178	0.990469
65	179	1.03053
65	180	0.998859
66	22	1.4247
66	75	1.01752
66	122	1.01783
66	133	0.644111
66	136	0.688899
66	149	0.984564
66	152	1.0262
66	157	0.934804
66	158	0.991775
66	159	0.978532
66	161	0.994884
66	163	0.997378
66	165	1.0064
66	174	0.961892
66	178	0.886395
66	179	0.926456
66	180	0.894785
67	110	0.999675
67	112	0.999645
67	113	1.00073
67	114	1.0431
67	119	1.02834
67	124	1.00964
67	148	1.05214
67	152	0.829723
67	156	1.00853
67	165	0.733478
67	173	0.931424
67	175	0.925424
67	176	0.978664
67	177	0.93896
67	178	0.892684
67	179	0.932745
67	180	0.901074
68	16	0.940498
68	97	0.888795
68	114	0.906596
68	145	1.01374
68	147	0.959609
68	150	1.04775
68	155	1.00761
68	160	1.00643
68	166	0.939065
68	169	0.987246
68	173	0.949968
68	174	0.986725
68	175	0.943968
68	176	0.997208
68	178	0.911227
68	179	0.951289
68	180	0.919617
69	2	1.5903
69	130	0.904796
69	145	0.936132
69	148	0.993082
69	152	1.72534
69	155	0.930002
69	159	0.925761
69	161	0.942113
69	168	0.895603
69	169	0.909642
69	172	0.868169
69	173	0.872364
69	174	0.909121
69	175	0.866364
69	176	0.919604
69	178	0.833623
69	179	0.873685
69	180	0.842014
70	50	0.950228
70	90	0.962679
70	99	1.06581
70	102	0.710902
70	109	0.982738
70	113	1.02725
70	114	1.06962
70	119	1.05486
70	126	1.03716
70	140	1.05849
70	141	1.02847
70	144	1.038
70	153	1.04824
70	156	1.03505
70	163	1.03019
70	171	0.944748
70	175	1.81783
70	177	0.965483
71	22	0.905604
71	27	0.755604
71	40	0.889533
71	45	0.980414
71	49	0.96159
71	64	0.949471
71	83	0.96054
71	85	0.960065
71	87	0.945387
71	91	1.01311
71	95	0.945448
71	96	0.945439
71	97	0.945434
71	116	1.05276
71	133	0.977952
71	146	1.37465
71	147	2.05952
71	162	0.977981
72	18	0.266329
72	64	1.13317
72	79	1.14068
72	125	1.08232
72	149	0.58413
72	155	1.07302
72	157	1.02505
72	164	1.06827
72	166	1.00447
72	169	1.05266
72	172	1.01118
72	173	1.01538
72	174	1.05213
72	175	1.00938
72	176	1.06262
72	178	0.976637
72	179	1.0167
72	180	0.985027
73	29	1.29938
73	51	1.10138
73	86	0.881248
73	102	1.05279
73	134	1.01203
73	137	0.994049
73	150	1.02259
73	160	0.981273
73	161	0.99456
73	166	0.913908
73	168	0.94805
73	169	0.96209
73	172	0.920616
73	175	0.918811
73	176	0.972051
73	178	0.886071
73	179	0.926132
73	180	0.894461
74	2	1.10915
74	11	1.09226
74	12	0.977384
74	14	0.981322
74	20	1.05933
74	24	1.05891
74	35	1.04466
74	37	0.944882
74	38	1.05107
74	47	1.03188
74	52	1.00016
74	57	0.996955
74	134	1.07886
74	136	1.02292
74	151	1.02036
74	169	1.332
74	172	1.50852
74	176	1.01053
75	41	1.02918
75	66	1.01752
75	77	1.02456
75	81	1.02212
75	111	1.00479
75	123	1.03071
75	139	1.00617
75	141	1.01809
75	143	1.00908
75	144	1.02762
75	149	1.00699
75	153	1.03785
75	158	1.0142
75	159	1.16618
75	161	0.953417
75	163	1.0198
75	165	1.02883
75	171	0.934362
75	175	1.59204
76	64	1.32275
76	102	1.10981
76	107	1.11262
76	113	0.61894
76	133	0.460983
76	135	1.02336
76	144	0.418327
76	159	1.03523
76	160	1.0383
76	161	1.05158
76	166	0.970931
76	172	0.977639
76	173	0.981834
76	174	1.01859
76	175	0.975834
76	176	1.02907
76	178	0.943093
76	179	0.983155
76	180	0.951483
77	50	0.714497
77	75	1.02456
77	79	0.961371
77	122	1.02487
77	123	1.01533
77	138	0.99776
77	139	0.990784
77	144	1.01223
77	146	0.794246
77	149	0.991605
77	152	1.03324
77	153	1.02247
77	154	1.0849
77	155	1.1371
77	156	1.00928
77	158	0.998816
77	163	1.00442
77	165	1.01344
77	180	2.1201
78	52	0.959159
78	57	1.40047
78	93	0.987649
78	134	1.00483
78	148	1.03833
78	155	0.975252
78	156	1.11477
78	159	0.97101
78	160	0.974075
78	161	0.987363
78	164	0.970501
78	166	0.906711
78	169	0.954892
78	172	0.913418
78	173	0.917613
78	175	0.911614
78	178	0.878873
78	179	0.918935
78	180	0.887263
79	56	1.03691
79	72	1.14068
79	77	0.961371
79	121	1.5352
79	126	0.963584
79	138	0.94996
79	139	0.942984
79	140	0.984918
79	143	0.945898
79	149	0.943805
79	152	0.985442
79	153	0.974669
79	158	0.951016
79	162	1.66738
79	163	0.956619
79	165	0.965644
79	167	0.85939
79	170	0.881149
79	171	0.871176
80	37	1.40954
80	122	0.583093
80	132	1.1003
80	137	1.05715
80	142	1.03376
80	143	0.368774
80	152	0.522421
80	155	1.04555
80	160	1.04437
80	166	0.977009
80	168	1.01115
80	169	1.02519
80	173	0.987911
80	174	1.02467
80	175	0.981912
80	176	1.03515
80	178	0.949171
80	179	0.989233
80	180	0.957561
81	43	1.02811
81	46	1.00213
81	51	0.98299
81	58	0.60884
81	75	1.02212
81	104	0.959374
81	111	0.986961
81	126	1.00895
81	138	0.995321
81	141	1.00026
81	144	1.00979
81	150	0.999722
81	152	1.0308
81	153	1.02003
81	156	1.00684
81	161	1.0269
81	163	1.00198
81	165	1.01101
81	170	0.926511
81	178	2.34466
82	39	1.21251
82	49	0.59289
82	98	1.07558
82	120	0.586558
82	126	0.988979
82	147	0.99467
82	159	1.03843
82	164	1.03792
82	166	0.974126
82	168	1.00827
82	169	1.02231
82	172	0.980834
82	173	0.985029
82	174	1.02179
82	175	0.979029
82	176	1.03227
82	177	0.992565
82	178	0.946289
82	179	0.98635
82	180	0.954679
83	22	0.953259
83	40	0.937189
83	45	1.02807
83	49	1.00924
83	64	0.997126
83	71	0.96054
83	85	1.00772
83	87	0.993043
83	89	0.92142
83	91	1.06077
83	95	0.993103
83	96	0.993094
83	97	0.99309
83	116	1.10041
83	133	1.02561
83	137	1.09234
83	148	0.920831
83	157	1.79744
83	162	1.02564
83	168	1.46695
84	105	0.931778
84	108	1.74632
84	110	1.54747
84	129	0.980532
84	145	0.925484
84	148	0.982434
84	150	0.959496
84	155	0.919355
84	166	0.850814
84	169	0.898995
84	172	0.857521
84	173	0.861716
84	174	0.898474
84	175	0.855717
84	176	0.908956
84	177	0.869252
84	178	0.822976
84	179	0.863037
84	180	0.831366
85	22	0.952784
85	40	0.936714
85	45	1.02759
85	49	1.00877
85	64	0.996651
85	71	0.960065
85	83	1.00772
85	87	0.992567
85	89	0.920945
85	90	1.08852
85	91	1.06029
85	95	0.992628
85	96	0.992619
85	97	0.992615
85	102	0.83674
85	116	1.09994
85	133	1.02513
85	162	1.02516
85	174	1.37697
85	177	1.79863
86	15	0.968252
86	21	1.04825
86	48	1.00392
86	54	1.00392
86	73	0.881248
86	99	1.03392
86	100	0.961002
86	109	0.950846
86	110	0.994306
86	112	0.994276
86	113	0.995358
86	114	1.03773
86	119	1.02297
86	120	1.04956
86	136	0.996037
86	142	0.852254
86	151	0.956305
86	156	1.00316
86	177	0.933591
86	178	2.27542
87	22	0.938106
87	40	0.922036
87	44	1.01426
87	45	1.01292
87	49	0.994092
87	64	0.981974
87	71	0.945387
87	83	0.993043
87	85	0.992567
87	89	0.906267
87	91	1.04561
87	95	0.97795
87	96	0.977941
87	97	0.977937
87	105	1.32524
87	116	1.08526
87	132	1.14443
87	133	1.01045
87	151	1.4283
87	162	1.01048
87	174	1.50158
88	10	1.06214
88	60	1.22237
88	61	0.978444
88	122	1.01006
88	126	0.996571
88	128	0.987042
88	140	1.0179
88	141	0.987888
88	143	0.978885
88	144	0.99742
88	149	0.976792
88	153	1.00766
88	156	0.994469
88	158	0.984003
88	159	1.2716
88	160	1.08264
88	163	0.989606
88	165	0.99863
88	167	0.892376
88	170	0.914136
88	179	1.55246
89	7	0.850932
89	51	1.9593
89	83	0.92142
89	85	0.920945
89	87	0.906267
89	91	0.97399
89	95	0.906327
89	96	0.906319
89	97	0.906314
89	135	0.886441
89	137	0.91415
89	160	0.901374
89	162	0.93886
89	165	1.74974
89	172	0.840717
89	174	0.88167
89	176	0.892153
89	178	0.806172
89	179	0.846234
89	180	0.814562
90	41	1.02086
90	70	0.962679
90	85	1.08852
90	117	1.05765
90	140	0.732372
90	142	1.00021
90	148	1.07508
90	150	1.05214
90	155	1.012
90	157	0.964033
90	158	0.792347
90	164	1.00725
90	169	0.991642
90	172	0.950168
90	173	0.954363
90	174	0.991121
90	175	0.948363
90	176	1.0016
90	178	0.915623
90	179	0.955684
90	180	0.924013
91	22	1.00583
91	40	0.989759
91	45	1.08064
91	49	1.06182
91	64	1.0497
91	71	1.01311
91	83	1.06077
91	85	1.06029
91	87	1.04561
91	89	0.97399
91	95	1.04567
91	96	1.04566
91	97	1.04566
91	116	1.15298
91	130	1.39148
91	133	1.07818
91	155	1.05383
91	159	1.07298
91	162	1.07821
91	164	0.86405
91	173	1.39245
92	9	1.11565
92	18	1.07822
92	33	0.987466
92	36	0.982526
92	55	0.632027
92	94	1.04145
92	100	1.01423
92	109	1.00408
92	110	1.04754
92	112	1.04751
92	114	1.09096
92	119	1.0762
92	124	1.05727
92	133	1.0732
92	150	0.757157
92	154	1.13201
92	156	1.05639
92	157	1.45098
92	167	1.82223
92	176	0.841302
92	177	0.986821
93	9	1.16192
93	78	0.987649
93	131	0.975905
93	132	1.0376
93	140	1.05775
93	147	0.934857
93	152	1.17332
93	161	0.994965
93	166	0.914313
93	167	0.90023
93	168	0.948455
93	170	0.921989
93	172	0.921021
93	173	0.925216
93	174	0.961973
93	175	0.919216
93	176	0.972456
93	178	0.886475
93	179	0.926537
93	180	0.894866
94	3	0.951468
94	4	0.422062
94	25	0.9268
94	31	1.06213
94	33	0.925529
94	36	0.920589
94	53	0.846595
94	92	1.04145
94	122	1.01004
94	124	0.995331
94	128	0.987028
94	133	1.01127
94	135	1.24361
94	138	0.982932
94	143	0.978871
94	152	1.01842
94	154	1.07007
94	158	0.983989
94	165	0.998616
94	170	0.914122
94	178	2.37638
95	17	0.530906
95	22	0.938167
95	40	0.922096
95	44	1.01432
95	45	1.01298
95	49	0.994153
95	64	0.982034
95	71	0.945448
95	83	0.993103
95	85	0.992628
95	87	0.97795
95	89	0.906327
95	91	1.04567
95	96	0.978002
95	97	0.977997
95	116	1.08532
95	118	1.19123
95	133	1.01051
95	135	1.54338
95	162	1.01054
95	179	1.85202
96	22	0.938158
96	40	0.922087
96	44	1.01431
96	45	1.01297
96	49	0.994144
96	59	0.814724
96	64	0.982025
96	71	0.945439
96	83	0.993094
96	85	0.992619
96	87	0.977941
96	89	0.906319
96	91	1.04566
96	95	0.978002
96	97	0.977988
96	116	1.08531
96	132	1.20166
96	133	1.01051
96	134	1.61219
96	160	1.5107
96	162	1.01053
97	8	0.731228
97	22	0.938153
97	40	0.922083
97	44	1.01431
97	45	1.01296
97	49	0.994139
97	64	0.982021
97	68	0.888795
97	71	0.945434
97	83	0.99309
97	85	0.992615
97	87	0.977937
97	89	0.906314
97	91	1.04566
97	95	0.977997
97	96	0.977988
97	116	1.08531
97	133	1.0105
97	162	1.01053
97	170	1.72182
97	171	1.55943
98	19	0.957507
98	82	1.07558
98	118	1.03219
98	131	0.996416
98	139	0.935395
98	142	0.991571
98	146	1.03292
98	149	0.978911
98	155	1.00336
98	158	0.678229
98	159	0.999123
98	164	0.998614
98	166	0.934824
98	169	0.983005
98	171	0.932527
98	172	0.941531
98	173	0.945726
98	174	0.982484
98	176	0.992967
98	178	0.906986
98	179	0.947048
98	180	0.915376
99	19	1.0814
99	26	0.986414
99	48	1.04091
99	53	0.583426
99	54	1.04091
99	63	1.31823
99	70	1.06581
99	86	1.03392
99	100	0.997991
99	109	0.987835
99	110	1.0313
99	112	1.03127
99	113	1.03235
99	114	1.07472
99	119	1.05996
99	120	1.08655
99	136	1.03303
99	156	1.04015
99	162	0.596727
99	171	1.54336
99	177	0.97058
99	179	1.28908
100	15	0.932324
100	19	1.00849
100	21	1.01232
100	26	0.913498
100	48	0.967995
100	54	0.967995
100	60	1.31178
100	86	0.961002
100	92	1.01423
100	99	0.997991
100	109	0.914918
100	110	0.958378
100	112	0.958349
100	113	0.95943
100	114	1.0018
100	119	0.987041
100	120	1.01363
100	136	0.960109
100	146	0.999007
100	156	0.967234
100	170	2.05854
100	176	1.20521
100	177	0.897663
101	19	0.917935
101	110	0.403868
101	131	1.03723
101	137	1.05578
101	138	0.807538
101	142	1.03239
101	149	0.939339
101	151	1.05396
101	159	1.03994
101	161	1.05629
101	164	1.03943
101	165	0.598012
101	168	1.00978
101	169	1.02382
101	171	0.973341
101	172	0.982346
101	173	0.986541
101	174	1.0233
101	175	0.980541
101	176	1.03378
101	177	0.994076
101	178	0.9478
101	179	0.987862
101	180	0.956191
102	39	1.03455
102	70	0.710902
102	73	1.05279
102	76	1.10981
102	85	0.83674
102	122	0.656842
102	128	0.964874
102	142	1.029
102	151	1.05058
102	155	1.0408
102	157	0.992828
102	160	1.03962
102	164	1.03605
102	168	1.0064
102	169	1.02044
102	171	0.969959
102	172	0.978964
102	173	0.983159
102	174	1.01992
102	175	0.977159
102	176	1.0304
102	178	0.944418
102	179	0.98448
102	180	0.952809
103	14	1.21616
103	25	1.62528
103	28	0.864556
103	53	1.04334
103	112	0.736216
103	132	1.04407
103	145	0.995447
103	146	1.01887
103	147	0.941321
103	150	1.02946
103	159	0.985076
103	164	0.984567
103	165	0.630181
103	168	0.954918
103	169	0.968958
103	170	0.928452
103	172	0.927484
103	173	0.931679
103	174	0.968437
103	175	0.925679
103	176	0.978919
103	178	0.892939
103	179	0.933
103	180	0.901329
104	51	0.938069
104	61	0.945899
104	81	0.959374
104	122	0.97751
104	123	0.967968
104	138	0.950401
104	139	0.943425
104	140	0.985359
104	141	0.955342
104	143	0.946339
104	144	0.964874
104	146	1.19969
104	149	0.944246
104	152	0.985884
104	153	0.97511
104	154	1.03754
104	156	0.961924
104	158	0.951457
104	163	0.95706
104	165	0.966085
104	166	2.01226
104	167	0.859831
104	174	1.42085
104	176	1.40589
105	46	1.26484
105	84	0.931778
105	87	1.32524
105	112	0.969848
105	145	0.989011
105	147	0.934884
105	148	1.04596
105	150	1.02302
105	154	0.629273
105	155	0.982881
105	157	0.934912
105	159	0.978639
105	160	0.981704
105	161	0.994992
105	162	1.01919
105	169	0.962521
105	172	0.921048
105	173	0.925243
105	174	0.962
105	176	0.972483
105	177	0.932778
105	178	0.886502
105	179	0.926564
105	180	0.894892
106	60	0.963537
106	63	0.942708
106	65	1.09603
106	107	1.05279
106	118	1.00846
106	123	0.985012
106	133	0.954359
106	134	1.00922
106	148	1.04272
106	154	0.69122
106	157	0.931673
106	164	0.974892
106	165	0.92576
106	166	0.911101
106	168	0.945243
106	169	0.959282
106	171	0.908804
106	172	0.917809
106	174	0.958761
106	175	0.916004
106	176	0.969244
106	178	0.883263
106	179	0.923325
106	180	0.891654
107	6	0.992368
107	34	0.710781
107	76	1.11262
107	106	1.05279
107	119	0.639399
107	123	0.607038
107	132	1.09835
107	139	0.845597
107	141	0.80523
107	157	0.995632
107	159	1.03936
107	161	1.05571
107	168	1.0092
107	169	1.02324
107	170	0.982736
107	171	0.972763
107	172	0.981768
107	173	0.985962
107	174	1.02272
107	175	0.979963
107	176	1.0332
107	178	0.947222
107	179	0.987284
107	180	0.955612
108	5	0.977992
108	30	1.04246
108	84	1.74632
108	116	1.10745
108	118	0.805783
108	123	1.02188
108	128	1.0084
108	129	0.736126
108	131	1.11125
108	139	0.997332
108	140	1.03927
108	141	1.00925
108	143	1.00025
108	149	0.998154
108	152	1.03979
108	153	1.02902
108	154	1.09145
108	158	1.00536
108	163	1.01097
108	165	1.01999
108	167	0.913738
108	170	0.935498
108	171	0.925525
108	177	1.46652
109	15	0.922168
109	19	0.998331
109	21	1.00217
109	26	0.903342
109	48	0.957839
109	54	0.957839
109	70	0.982738
109	86	0.950846
109	92	1.00408
109	99	0.987835
109	100	0.914918
109	110	0.948222
109	112	0.948193
109	113	0.949275
109	114	0.991643
109	119	0.976885
109	120	1.00348
109	136	0.949953
109	142	1.20455
109	156	0.957078
109	161	1.30996
109	170	2.22026
109	176	1.36693
109	177	0.887507
110	15	0.965628
110	19	1.04179
110	21	1.04563
110	26	0.946802
110	48	1.0013
110	54	1.0013
110	63	1.29687
110	67	0.999675
110	84	1.54747
110	86	0.994306
110	92	1.04754
110	99	1.0313
110	100	0.958378
110	101	0.403868
110	109	0.948222
110	112	0.991653
110	113	0.992735
110	114	1.0351
110	119	1.02034
110	120	1.04694
110	131	0.9124
110	136	0.993413
110	156	1.00054
110	175	1.41271
110	177	0.930967
111	51	0.965657
111	56	1.06494
111	75	1.00479
111	81	0.986961
111	116	1.08113
111	122	1.0051
111	123	0.995556
111	126	0.991613
111	128	0.982083
111	138	0.977988
111	139	0.971012
111	140	1.01295
111	144	0.992462
111	151	1.08484
111	152	1.01347
111	153	1.0027
111	154	1.06513
111	156	0.989511
111	159	1.29896
111	163	0.984648
111	165	0.993672
111	169	1.46464
111	171	0.899205
111	172	1.64115
111	176	1.14316
112	15	0.965598
112	19	1.04176
112	21	1.0456
112	26	0.946772
112	48	1.00127
112	54	1.00127
112	58	0.656206
112	67	0.999645
112	86	0.994276
112	92	1.04751
112	99	1.03127
112	100	0.958349
112	103	0.736216
112	105	0.969848
112	109	0.948193
112	110	0.991653
112	113	0.992705
112	114	1.03507
112	119	1.02032
112	120	1.04691
112	136	0.993384
112	156	1.00051
112	167	2.11216
112	174	1.14619
112	177	0.930937
113	15	0.96668
113	19	1.04284
113	21	1.04668
113	26	0.947854
113	48	1.00235
113	54	1.00235
113	67	1.00073
113	70	1.02725
113	76	0.61894
113	86	0.995358
113	99	1.03235
113	100	0.95943
113	109	0.949275
113	110	0.992735
113	112	0.992705
113	114	1.03615
113	117	0.662488
113	119	1.0214
113	120	1.04799
113	132	0.869559
113	136	0.994466
113	156	1.00159
113	167	2.19269
113	171	1.90269
113	177	0.932019
114	15	1.00905
114	19	1.08521
114	21	1.08905
114	26	0.990222
114	48	1.04472
114	54	1.04472
114	67	1.0431
114	68	0.906596
114	70	1.06962
114	86	1.03773
114	92	1.09096
114	99	1.07472
114	100	1.0018
114	109	0.991643
114	110	1.0351
114	112	1.03507
114	113	1.03615
114	119	1.06377
114	134	0.954626
114	136	1.03683
114	156	1.04396
114	161	0.829329
114	168	1.16547
114	171	1.57723
114	173	1.36156
114	177	0.974387
115	27	1.08694
115	44	1.16962
115	46	1.4231
115	62	1.29423
115	121	1.011
115	129	1.03172
115	131	0.963593
115	147	0.922545
115	157	0.922573
115	159	0.966301
115	160	0.969366
115	161	0.982653
115	164	0.965792
115	165	1.02207
115	167	0.887918
115	168	0.936143
115	169	0.950182
115	171	0.899704
115	172	0.908709
115	173	0.912904
115	174	0.949661
115	175	0.906904
115	176	0.960144
115	178	0.874164
115	179	0.914225
115	180	0.882554
116	17	0.171415
116	71	1.05276
116	83	1.10041
116	85	1.09994
116	87	1.08526
116	91	1.15298
116	95	1.08532
116	96	1.08531
116	97	1.08531
116	108	1.10745
116	111	1.08113
116	118	0.831744
116	128	1.09359
116	138	1.08949
116	139	1.08251
116	143	1.08543
116	146	0.84967
116	149	1.08334
116	150	0.971723
116	157	1.66554
116	158	1.09055
116	162	1.11785
116	163	1.09615
116	165	1.10517
116	176	1.05587
116	179	1.49253
117	1	0.967115
117	25	1.47104
117	90	1.05765
117	113	0.662488
117	118	1.04492
117	130	0.990896
117	141	0.733377
117	142	1.00431
117	145	1.02223
117	148	1.07918
117	149	0.817259
117	155	1.0161
117	157	0.968134
117	159	1.01186
117	160	1.01493
117	164	1.01135
117	166	0.947561
117	172	0.954269
117	173	0.958464
117	174	0.995222
117	175	0.952464
117	176	1.0057
117	177	0.966
117	178	0.919724
117	179	0.959785
117	180	0.928114
118	41	1.00813
118	95	1.19123
118	98	1.03219
118	106	1.00846
118	108	0.805783
118	116	0.831744
118	117	1.04492
118	134	1.02886
118	135	0.983169
118	139	1.09888
118	142	0.987485
118	145	1.00541
118	148	1.06236
118	160	0.998102
118	161	1.01139
118	163	0.915957
118	164	0.994529
118	166	0.930738
118	169	0.978919
118	172	0.937446
118	173	0.94164
118	174	0.978398
118	175	0.935641
118	176	0.988881
118	178	0.9029
118	179	0.942962
118	180	0.91129
119	15	0.99429
119	19	1.07045
119	21	1.07429
119	26	0.975464
119	41	1.13561
119	48	1.02996
119	53	0.847817
119	54	1.02996
119	67	1.02834
119	70	1.05486
119	86	1.02297
119	92	1.0762
119	99	1.05996
119	100	0.987041
119	107	0.639399
119	109	0.976885
119	110	1.02034
119	112	1.02032
119	113	1.0214
119	114	1.06377
119	120	1.0756
119	136	1.02208
119	145	1.31277
119	155	1.25347
119	156	1.0292
119	174	1.13177
119	177	0.959629
120	39	1.06847
120	82	0.586558
120	86	1.04956
120	99	1.08655
120	100	1.01363
120	109	1.00348
120	110	1.04694
120	112	1.04691
120	113	1.04799
120	119	1.0756
120	130	1.40818
120	139	1.03729
120	141	1.04921
120	144	1.05874
120	153	1.06898
120	155	1.07053
120	156	1.05579
120	158	1.04533
120	159	1.08968
120	163	1.05093
120	165	1.05995
120	167	0.9537
120	169	1.25535
120	170	0.975459
120	172	1.43187
120	177	0.986222
121	38	0.883508
121	61	1.13966
121	79	1.5352
121	115	1.011
121	127	0.918284
121	146	1.04047
121	147	0.962922
121	151	1.0207
121	152	0.733567
121	155	1.01092
121	157	0.96295
121	159	1.00668
121	162	1.04723
121	163	0.752205
121	164	1.00617
121	166	0.942378
121	169	0.990559
121	170	0.950054
121	171	0.940081
121	172	0.949086
121	173	0.953281
121	174	0.990038
121	175	0.947281
121	176	1.00052
121	177	0.960816
121	178	0.91454
121	179	0.954602
121	180	0.922931
122	5	0.987141
122	23	0.717167
122	62	0.996786
122	66	1.01783
122	77	1.02487
122	80	0.583093
122	88	1.01006
122	94	1.01004
122	102	0.656842
122	104	0.97751
122	111	1.0051
122	123	1.03102
122	126	1.02708
122	128	1.01755
122	137	1.08668
122	139	1.00648
122	141	1.0184
122	143	1.0094
122	149	1.0073
122	152	1.04894
122	153	1.03817
122	155	1.31877
122	156	1.02498
122	158	1.01451
122	163	1.02012
122	165	1.02914
122	167	0.922887
122	171	0.934674
122	178	2.4429
123	56	1.09086
123	75	1.03071
123	77	1.01533
123	104	0.967968
123	106	0.985012
123	107	0.607038
123	108	1.02188
123	111	0.995556
123	122	1.03102
123	124	1.01631
123	126	1.01754
123	128	1.00801
123	130	1.55875
123	138	1.00392
123	139	0.99694
123	140	1.03887
123	141	1.00886
123	143	0.999854
123	149	0.997761
123	153	1.02863
123	155	1.2211
123	156	1.01544
123	158	1.00497
123	163	1.01058
123	165	1.0196
123	167	0.913346
123	170	0.935105
123	173	1.55972
123	174	1.09941
124	1	0.97664
124	3	0.967282
124	9	1.06953
124	18	1.0321
124	25	0.942614
124	29	1.04451
124	31	1.07794
124	33	0.941343
124	36	0.936403
124	59	0.57223
124	67	1.00964
124	92	1.05727
124	94	0.995331
124	123	1.01631
124	125	1.14333
124	128	1.00284
124	133	1.02708
124	143	0.994685
124	144	1.01322
124	151	1.24303
124	152	1.03423
124	153	1.02346
124	154	1.08589
124	158	0.999803
124	160	1.26821
124	163	1.00541
124	165	1.01443
124	171	0.919963
124	173	1.77663
125	48	1.09069
125	72	1.08232
125	124	1.14333
125	131	0.972813
125	134	1.00934
125	137	0.991361
125	138	1.07669
125	142	0.967968
125	151	0.989547
125	153	0.787748
125	155	0.979762
125	157	0.931793
125	159	0.975521
125	160	0.978586
125	161	0.991873
125	162	1.01607
125	163	0.982049
125	164	0.975012
125	166	0.911221
125	168	0.945363
125	169	0.959402
125	172	0.917929
125	173	0.922124
125	174	0.958881
125	175	0.916124
125	176	0.969364
125	177	0.929659
125	178	0.883383
125	179	0.923445
125	180	0.891774
126	1	0.977866
126	5	0.973656
126	13	0.977365
126	27	0.511055
126	62	0.983302
126	70	1.03716
126	79	0.963584
126	81	1.00895
126	82	0.988979
126	88	0.996571
126	111	0.991613
126	122	1.02708
126	123	1.01754
126	128	1.00407
126	138	0.999973
126	142	1.17392
126	143	0.995911
126	144	1.01445
126	149	0.993818
126	152	1.03546
126	153	1.02468
126	154	1.08711
126	158	1.00103
126	159	1.4921
126	161	1.27934
126	163	1.00663
126	165	1.01566
126	167	0.909403
126	170	0.931162
126	177	1.77291
127	18	3.00116
127	45	2.79884
127	121	0.918284
127	134	0.907404
127	142	0.866028
127	145	0.883952
127	146	0.907377
127	147	0.829825
127	148	0.940902
127	150	0.917964
127	155	0.877822
127	157	0.829853
127	159	0.873581
127	160	0.876646
127	161	0.889933
127	162	0.914132
127	164	0.873072
127	166	0.809281
127	169	0.857462
127	170	0.816957
127	172	0.815989
127	173	0.820184
127	174	0.856941
127	175	0.814184
127	176	0.867424
127	177	0.827719
127	178	0.781443
127	179	0.821505
127	180	0.789834
128	1	0.968337
128	5	0.964127
128	34	1.0552
128	58	1.01512
128	61	0.985941
128	88	0.987042
128	94	0.987028
128	102	0.964874
128	108	1.0084
128	111	0.982083
128	116	1.09359
128	122	1.01755
128	123	1.00801
128	124	1.00284
128	126	1.00407
128	131	1.57149
128	132	1.14795
128	138	0.990443
128	139	0.983468
128	140	1.0254
128	141	0.995385
128	144	1.00492
128	149	0.984289
128	158	0.9915
128	162	1.23445
128	163	0.997103
128	164	1.43702
128	165	1.00613
128	167	0.899873
128	170	0.921633
128	171	0.91166
129	49	0.646428
129	60	1.01553
129	84	0.980532
129	108	0.736126
129	115	1.03172
129	130	1.00643
129	135	1.01552
129	139	1.02923
129	145	1.03776
129	146	1.06119
129	152	0.827661
129	155	1.03163
129	157	0.983665
129	158	0.772062
129	159	1.02739
129	161	1.04375
129	163	0.8463
129	164	1.02688
129	166	0.963093
129	168	0.997235
129	169	1.01127
129	172	0.969801
129	173	0.973996
129	174	1.01075
129	175	0.967996
129	176	1.02124
129	177	0.981531
129	178	0.935256
129	179	0.975317
129	180	0.943646
130	60	0.929146
130	69	0.904796
130	91	1.39148
130	117	0.990896
130	120	1.40818
130	123	1.55875
130	129	1.00643
130	132	1
130	146	0.974806
130	147	0.897254
130	155	0.945251
130	157	0.897282
130	158	1.54015
130	159	0.94101
130	160	0.944075
130	162	0.981561
130	164	0.940501
130	166	0.87671
130	167	0.862627
130	168	0.910852
130	169	0.924891
130	171	0.874413
130	172	0.883418
130	173	0.887613
130	174	0.92437
130	175	0.881613
130	176	0.934853
130	177	0.895148
130	178	0.848872
130	179	0.888934
130	180	0.857263
131	14	1.69252
131	43	1.11233
131	50	1.01875
131	93	0.975905
131	98	0.996416
131	101	1.03723
131	108	1.11125
131	110	0.9124
131	115	0.963593
131	125	0.972813
131	128	1.57149
131	132	1.01826
131	134	0.993091
131	145	0.969638
131	146	0.993063
131	155	0.963508
131	157	0.91554
131	159	0.959267
131	161	0.975619
131	164	0.958758
131	166	0.894967
131	169	0.943149
131	170	0.902643
131	171	0.892671
131	172	0.901675
131	174	0.942628
131	175	0.89987
131	176	0.95311
131	177	0.913406
131	178	0.86713
131	179	0.907191
131	180	0.87552
132	10	0.511146
132	33	0.903543
132	35	0.821714
132	80	1.1003
132	87	1.14443
132	93	1.0376
132	96	1.20166
132	103	1.04407
132	107	1.09835
132	113	0.869559
132	128	1.14795
132	130	1
132	131	1.01826
132	134	1.05479
132	137	1.03681
132	148	1.08829
132	150	1.06535
132	155	1.02521
132	157	0.977239
132	160	1.02403
132	161	1.03732
132	162	1.06152
132	164	1.02046
132	168	0.990809
132	172	0.963374
132	173	0.967569
132	174	1.00433
132	175	0.96157
132	176	1.01481
132	177	0.975105
132	178	0.928829
132	179	0.968891
132	180	0.937219
133	3	0.983219
133	9	1.08546
133	18	1.04804
133	25	0.958551
133	29	1.06045
133	31	1.09388
133	33	0.95728
133	36	0.95234
133	40	0.9546
133	45	1.04548
133	49	1.02666
133	64	1.01454
133	66	0.644111
133	71	0.977952
133	76	0.460983
133	83	1.02561
133	85	1.02513
133	87	1.01045
133	91	1.07818
133	92	1.0732
133	94	1.01127
133	95	1.01051
133	96	1.01051
133	97	1.0105
133	106	0.954359
133	124	1.02708
133	150	0.969652
133	154	1.10182
133	162	1.04305
133	170	1.90713
133	171	1.74474
133	176	1.0538
134	24	0.444058
134	42	1.12577
134	73	1.01203
134	74	1.07886
134	78	1.00483
134	96	1.61219
134	106	1.00922
134	114	0.954626
134	118	1.02886
134	125	1.00934
134	127	0.907404
134	131	0.993091
134	132	1.05479
134	137	1.01164
134	148	1.06312
134	150	1.04018
134	155	1.00004
134	160	0.998863
134	161	1.01215
134	164	0.995289
134	165	1.09353
134	166	0.931498
134	167	0.917415
134	171	0.929202
134	172	0.938206
134	173	0.942401
134	174	0.979158
134	175	0.936401
134	176	0.989641
134	177	0.949937
134	178	0.903661
134	179	0.943722
134	180	0.912051
135	12	1.18653
135	76	1.02336
135	89	0.886441
135	94	1.24361
135	95	1.54338
135	118	0.983169
135	129	1.01552
135	142	0.942554
135	143	1.09582
135	145	0.960477
135	146	0.983903
135	148	1.01743
135	150	0.99449
135	155	0.954348
135	156	1.07802
135	157	0.906379
135	159	0.950106
135	160	0.953171
135	161	0.966459
135	162	0.990658
135	164	0.949598
135	166	0.885807
135	168	0.919949
135	169	0.933988
135	170	0.893483
135	172	0.892515
135	173	0.896709
135	174	0.933467
135	175	0.89071
135	176	0.94395
135	177	0.904245
135	178	0.857969
135	179	0.898031
135	180	0.866359
136	2	1.08137
136	4	1.12309
136	11	1.06448
136	12	0.949605
136	14	0.953542
136	23	0.633638
136	24	1.03113
136	26	0.948533
136	35	1.01688
136	37	0.917103
136	38	1.02329
136	47	1.0041
136	48	1.00303
136	52	0.972385
136	54	1.00303
136	57	0.969176
136	66	0.688899
136	74	1.02292
136	86	0.996037
136	99	1.03303
136	100	0.960109
136	109	0.949953
136	110	0.993413
136	112	0.993384
136	113	0.994466
136	114	1.03683
136	119	1.02208
136	137	1.00316
136	151	0.992586
136	156	1.00227
136	160	1.06543
136	167	2.07952
136	173	1.57386
136	177	0.932698
136	179	1.53525
137	58	1.04077
137	73	0.994049
137	80	1.05715
137	83	1.09234
137	89	0.91415
137	101	1.05578
137	122	1.08668
137	125	0.991361
137	132	1.03681
137	134	1.01164
137	136	1.00316
