1	11	1.13268
1	16	1.12245
1	19	1.08473
1	21	1.07499
1	40	1.03482
1	41	1.02943
1	54	0.758439
1	74	1.01189
1	84	1.01189
1	125	0.796978
1	171	1.09712
1	179	0.850595
2	45	0.653183
2	83	0.531121
2	99	1.19304
2	131	0.641015
2	134	1.1707
2	135	1.17239
2	141	1.16003
2	158	1.22663
2	160	1.21575
2	161	0.579507
2	170	1.20112
2	180	1.26035
3	22	1.22033
3	44	0.705524
3	56	1.15387
3	63	0.548651
3	102	0.574346
3	103	0.561397
3	142	1.21345
3	157	1.19466
3	169	1.20999
3	175	1.20123
3	178	1.19794
3	179	1.20853
4	14	1.2424
4	43	1.16264
4	44	1.15764
4	46	1.14637
4	50	1.16264
4	54	0.531054
4	62	1.25153
4	127	0.593447
4	171	1.24342
4	172	0.660287
4	174	1.23335
4	179	0.62321
5	15	1.12226
5	37	0.803546
5	65	0.783377
5	93	0.807858
5	119	1.07343
5	144	1.09924
5	162	1.04524
5	163	1.0426
5	170	1.05183
5	173	1.0596
5	178	1.0476
5	179	1.05819
6	53	0.624797
6	113	1.17558
6	139	0.55505
6	146	1.17885
6	148	1.24507
6	149	1.19658
6	155	0.617882
6	161	1.19198
6	163	0.594528
6	168	1.20717
6	176	1.20766
6	179	1.19711
7	107	1.23425
7	110	0.587379
7	114	0.591887
7	116	1.17301
7	135	1.17881
7	139	1.22257
7	141	1.16645
7	157	0.635117
7	162	1.20096
7	170	1.20755
7	173	0.593169
7	177	1.2164
8	14	1.0877
8	31	1.04267
8	43	1.00794
8	44	1.00293
8	50	1.00794
8	62	1.09683
8	70	1.18663
8	112	0.769632
8	149	0.830272
8	151	0.802755
8	171	1.08872
8	174	1.07865
9	12	0.98294
9	39	1.03636
9	65	1.07668
9	69	1.08273
9	100	1.12494
9	103	1.09936
9	104	1.10313
9	106	1.09763
9	111	0.996206
9	159	0.824569
9	176	0.78407
9	177	0.797178
10	21	0.819328
10	59	0.752493
10	63	0.820169
10	150	1.06798
10	159	1.05626
10	165	1.08777
10	169	1.06523
10	173	1.06518
10	176	1.07433
10	177	1.06627
10	178	1.05319
10	179	1.06378
11	1	1.13268
11	36	1.19532
11	41	1.20406
11	73	1.21188
11	74	1.18652
11	83	0.534473
11	84	1.18652
11	132	0.65367
11	151	1.21128
11	171	1.27174
11	177	0.600754
11	178	0.619408
12	9	0.98294
12	24	1.0783
12	34	1.06525
12	39	1.04143
12	53	1.0374
12	65	1.08175
12	104	1.1082
12	106	1.1027
12	125	0.76331
12	140	0.834867
12	174	1.10202
12	177	0.807938
13	50	0.651991
13	111	0.684929
13	114	1.17897
13	129	0.574497
13	142	1.21271
13	157	1.19391
13	167	1.22981
13	172	1.17914
13	175	1.20048
13	178	1.19719
13	179	1.20779
13	180	0.48099
14	4	1.2424
14	8	1.0877
14	31	1.18911
14	44	1.14937
14	46	1.1381
14	69	0.566141
14	70	1.33307
14	115	0.595688
14	157	0.663994
14	165	0.578764
14	171	1.23516
14	174	1.22509
15	5	1.12226
15	107	1.22479
15	130	0.609556
15	135	1.16935
15	139	1.21311
15	149	0.598655
15	150	0.623651
15	158	1.22359
15	161	0.576206
15	162	1.1915
15	170	1.19809
15	180	1.25731
16	1	1.12245
16	21	1.23939
16	26	1.22379
16	40	1.19923
16	52	0.526068
16	74	1.17629
16	84	1.17629
16	121	0.63607
16	151	1.20105
16	156	0.603727
16	171	1.26152
16	173	0.642667
17	27	1.19292
17	30	1.2077
17	75	1.25596
17	83	1.26327
17	88	1.126
17	93	1.17652
17	95	1.20513
17	125	0.542362
17	146	0.672824
17	172	1.17249
17	173	0.60616
17	177	0.586991
18	46	0.712534
18	52	1.24348
18	110	1.15204
18	127	1.16345
18	129	0.689935
18	144	0.595892
18	149	1.14192
18	159	1.13494
18	161	1.13733
18	168	1.15251
18	178	1.13187
18	179	1.14246
18	180	0.596428
19	1	1.08473
19	26	1.18606
19	36	1.14737
19	40	1.1615
19	41	1.1561
19	74	1.13856
19	76	0.741033
19	84	1.13856
19	95	0.631919
19	118	0.561253
19	149	0.674559
19	151	1.16332
19	171	1.22379
20	76	1.12367
20	128	0.671048
20	147	0.618304
20	149	1.15752
20	154	0.609942
20	161	1.15292
20	165	1.18205
20	168	1.16811
20	170	0.693521
20	173	1.15946
20	175	1.15075
20	178	1.14746
20	179	1.15806
21	1	1.07499
21	10	0.819328
21	16	1.23939
21	26	1.17632
21	36	1.13763
21	41	1.14637
21	74	1.12883
21	83	0.522144
21	84	1.12883
21	140	0.615354
21	151	1.15359
21	157	0.649542
21	171	1.21405
22	3	1.22033
22	128	0.686004
22	152	1.12494
22	158	0.652263
22	165	1.17618
22	166	0.661983
22	172	1.12354
22	173	1.15359
22	175	1.14489
22	176	1.16274
22	178	1.1416
22	179	1.15219
22	180	0.592212
23	59	0.761113
23	122	1.04876
23	124	1.02757
23	130	1.04486
23	132	1.03759
23	150	1.05001
23	152	1.01857
23	155	0.942825
23	157	1.03194
23	166	0.890461
23	175	1.03851
23	176	1.05637
23	179	1.04582
24	12	1.0783
24	37	1.11255
24	54	0.587668
24	65	1.17204
24	87	1.10473
24	100	1.22031
24	103	1.19472
24	106	1.193
24	133	1.13204
24	167	0.667902
24	169	0.657762
24	174	1.19231
24	175	0.694472
25	101	1.11933
25	106	0.608444
25	130	1.1607
25	131	1.14589
25	135	0.702925
25	147	0.600624
25	155	0.681711
25	168	1.17172
25	173	1.16307
25	175	1.15436
25	176	1.17221
25	178	1.15107
25	179	1.16166
26	16	1.22379
26	19	1.18606
26	21	1.17632
26	36	1.12203
26	40	1.13616
26	41	1.13076
26	74	1.11322
26	84	1.11322
26	138	0.640057
26	171	1.19845
26	172	0.683646
26	177	0.637579
26	179	0.646569
27	17	1.19292
27	45	1.09803
27	48	1.23798
27	49	1.23713
27	75	1.18698
27	88	1.05701
27	95	1.13614
27	114	0.686606
27	131	0.712331
27	137	1.1503
27	161	0.650823
27	172	1.10351
27	180	0.55399
28	38	1.15131
28	57	0.546053
28	63	1.19996
28	77	1.13954
28	79	1.16359
28	80	1.16359
28	82	1.04791
28	86	1.2062
28	90	1.10945
28	169	0.674904
28	175	0.711614
28	176	0.674868
28	180	1.21846
29	101	1.12152
29	102	0.608807
29	109	0.652584
29	113	1.14231
29	123	0.681785
29	130	1.16289
29	143	0.649057
29	150	1.16804
29	173	1.16525
29	175	1.15654
29	177	1.16633
29	178	1.15326
29	179	1.16385
30	17	1.2077
30	45	1.11281
30	48	1.25276
30	75	1.20176
30	88	1.07179
30	93	1.12232
30	115	1.14031
30	124	0.707487
30	142	0.650865
30	147	1.17225
30	168	0.585833
30	172	1.11829
30	179	0.663639
31	8	1.04267
31	14	1.18911
31	43	1.10934
31	46	1.09307
31	50	1.10934
31	57	0.584577
31	62	1.19823
31	70	1.28804
31	125	0.681872
31	171	1.19013
31	174	1.18006
31	177	0.7265
31	180	0.611772
32	66	0.751431
32	73	0.651837
32	138	0.628529
32	144	1.19599
32	145	1.13882
32	148	0.573471
32	153	1.15521
32	155	1.13135
32	163	1.13935
32	164	1.17241
32	166	1.13774
32	171	1.20284
32	172	1.12629
33	117	1.17363
33	131	0.676439
33	136	1.12439
33	145	1.14486
33	149	0.637381
33	153	1.16125
33	154	1.19085
33	155	1.13739
33	163	1.1454
33	164	1.17846
33	166	1.14378
33	173	0.651995
33	179	0.641815
34	12	1.06525
34	53	1.11464
34	65	1.15899
34	69	1.16504
34	100	1.20725
34	103	1.18167
34	104	1.18544
34	137	0.643923
34	138	1.14246
34	148	0.605252
34	157	0.71895
34	161	0.639937
34	174	1.17926
35	72	0.742028
35	85	1.06926
35	93	0.680038
35	112	1.13839
35	113	1.10564
35	121	1.12472
35	142	1.13209
35	154	0.652306
35	163	0.718401
35	173	1.12857
35	175	1.11986
35	176	1.13772
35	178	1.11658
35	179	1.12717
36	11	1.19532
36	19	1.14737
36	21	1.13763
36	26	1.12203
36	40	1.09747
36	41	1.09207
36	57	0.594714
36	74	1.07453
36	84	1.07453
36	151	1.09929
36	156	0.716866
36	171	1.15976
36	175	0.760274
36	177	0.736637
37	5	0.803546
37	24	1.11255
37	39	1.07568
37	53	1.07165
37	69	1.12205
37	100	1.16426
37	103	1.13868
37	104	1.14245
37	106	1.13695
37	130	0.652728
37	138	1.09946
37	150	0.666823
37	172	0.68334
37	174	1.13627
38	28	1.15131
38	47	1.11601
38	63	1.16046
38	77	1.10004
38	79	1.12409
38	80	1.12409
38	82	1.00841
38	83	0.673224
38	86	1.1667
38	90	1.06995
38	95	0.70142
38	125	0.694877
38	177	0.739506
38	180	1.17896
39	9	1.03636
39	12	1.04143
39	37	1.07568
39	53	1.09082
39	69	1.14122
39	95	0.682308
39	100	1.18344
39	103	1.15785
39	104	1.16162
39	106	1.15612
39	127	0.69962
39	137	0.706484
39	174	1.15544
39	177	0.720393
40	1	1.03482
40	16	1.19923
40	19	1.1615
40	26	1.13616
40	36	1.09747
40	41	1.1062
40	58	0.667559
40	74	1.08866
40	84	1.08866
40	89	0.691284
40	151	1.11342
40	160	0.731637
40	171	1.17389
40	174	0.710784
41	1	1.02943
41	11	1.20406
41	19	1.1561
41	21	1.14637
41	26	1.13076
41	36	1.09207
41	40	1.1062
41	74	1.08326
41	84	1.08326
41	113	0.730974
41	138	0.735104
41	171	1.16849
41	176	0.719518
41	180	0.617898
42	111	0.816043
42	112	1.13337
42	126	0.660998
42	133	1.0997
42	149	1.12161
42	151	0.70387
42	156	1.12662
42	159	1.11463
42	167	1.14417
42	172	1.0935
42	176	1.1327
42	178	1.11156
42	179	1.12215
42	180	0.612104
43	4	1.16264
43	8	1.00794
43	31	1.10934
43	44	1.06961
43	46	1.05834
43	50	1.07461
43	62	1.1635
43	70	1.25331
43	95	0.680868
43	138	0.72143
43	158	0.664275
43	171	1.15539
43	174	1.14532
43	178	0.737607
44	3	0.705524
44	4	1.15764
44	8	1.00293
44	14	1.14937
44	43	1.06961
44	46	1.05334
44	50	1.06961
44	57	0.604217
44	62	1.1585
44	70	1.2483
44	76	0.817168
44	83	0.679858
44	171	1.15039
44	174	1.14032
45	2	0.653183
45	27	1.09803
45	30	1.11281
45	48	1.21207
45	49	1.21122
45	75	1.16107
45	88	1.0311
45	93	1.08163
45	115	1.09962
45	140	1.11486
45	148	0.699097
45	168	0.68286
45	172	1.0776
45	178	0.770331
46	4	1.14637
46	14	1.1381
46	18	0.712534
46	31	1.09307
46	43	1.05834
46	44	1.05334
46	50	1.05834
46	62	1.14723
46	70	1.23704
46	169	0.684201
46	170	0.69881
46	171	1.13912
46	174	1.12905
46	179	0.706263
47	38	1.11601
47	63	1.16465
47	77	1.10423
47	79	1.12828
47	80	1.12828
47	82	1.01261
47	85	0.769671
47	86	1.1709
47	90	1.07415
47	142	0.648439
47	146	0.738057
47	151	1.11773
47	177	0.652223
47	180	1.18315
48	27	1.23798
48	30	1.25276
48	45	1.21207
48	49	1.35117
48	88	1.17105
48	93	1.22158
48	127	0.526842
48	133	0.600807
48	137	1.26434
48	145	0.54091
48	147	1.27151
48	172	1.21755
48	173	0.566785
48	175	0.571253
49	27	1.23713
49	45	1.21122
49	48	1.35117
49	73	0.593867
49	75	1.30017
49	88	1.1702
49	93	1.22073
49	115	1.23872
49	125	0.523453
49	140	1.25396
49	161	0.550186
49	169	0.555009
49	172	1.2167
49	178	0.586735
50	4	1.16264
50	8	1.00794
50	13	0.651991
50	31	1.10934
50	43	1.07461
50	44	1.06961
50	46	1.05834
50	62	1.1635
50	70	1.25331
50	118	0.643418
50	171	1.15539
50	173	0.771338
50	174	1.14532
50	176	0.73906
51	109	1.13735
51	117	1.13945
51	128	1.12708
51	133	0.759537
51	136	1.09021
51	153	1.12707
51	154	1.15667
51	155	1.10321
51	163	1.11122
51	165	0.682233
51	166	1.1096
51	172	1.09816
51	174	0.636188
51	175	0.729983
52	16	0.526068
52	18	1.24348
52	64	1.25844
52	93	0.544156
52	141	0.639113
52	152	1.21416
52	165	1.2654
52	168	1.25147
52	169	1.24286
52	170	0.600003
52	176	1.25196
52	178	1.23082
52	179	1.24141
52	180	0.483738
53	6	0.624797
53	12	1.0374
53	34	1.11464
53	37	1.07165
53	39	1.09082
53	100	1.17941
53	103	1.15382
53	104	1.1576
53	106	1.1521
53	133	1.09114
53	137	0.696308
53	172	0.756284
53	174	1.15142
53	178	0.728872
54	1	0.758439
54	4	0.531054
54	24	0.587668
54	61	0.524991
54	82	1.09947
54	90	1.16101
54	93	1.19253
54	96	0.594999
54	140	1.22576
54	169	1.21861
54	172	1.1885
54	175	1.20985
54	176	1.2277
54	178	1.20656
54	180	1.27001
55	92	0.758324
55	126	1.10353
55	128	1.08504
55	130	0.774155
55	136	1.04817
55	144	1.12582
55	153	1.08503
55	154	1.11463
55	155	1.06117
55	161	0.740806
55	163	1.06918
55	164	1.10224
55	165	0.734588
55	166	1.06756
55	180	1.13763
56	3	1.15387
56	81	0.843779
56	122	1.08867
56	132	1.0775
56	144	0.705546
56	146	1.06746
56	157	1.07185
56	164	0.738519
56	165	1.10972
56	168	1.09578
56	169	1.08718
56	173	1.08713
56	178	1.07513
56	179	1.08572
56	180	0.706081
57	28	0.546053
57	31	0.584577
57	36	0.594714
57	44	0.604217
57	90	0.669129
57	134	1.16852
57	139	1.21397
57	163	1.18972
57	164	1.22278
57	165	1.2293
57	166	1.1881
57	170	1.19894
57	172	1.17666
57	173	1.20671
57	179	1.20531
58	40	0.667559
58	78	1.15952
58	120	0.595495
58	136	1.16168
58	140	0.609442
58	144	1.23933
58	145	1.18215
58	148	0.529933
58	153	1.19854
58	154	1.22814
58	163	1.18269
58	164	1.21575
58	166	1.18107
58	173	0.601682
58	180	1.25114
59	10	0.752493
59	23	0.761113
59	66	1.13987
59	94	0.525805
59	120	1.20782
59	129	1.21766
59	135	1.17925
59	139	1.22301
59	141	1.16689
59	148	0.46901
59	158	1.2335
59	160	1.22261
59	162	1.2014
59	165	0.497478
59	170	1.20799
60	121	1.08559
60	127	1.10904
60	142	1.09297
60	149	1.08751
60	153	0.77817
60	154	0.730892
60	159	1.08053
60	162	0.786883
60	167	1.11007
60	173	1.08945
60	175	1.08074
60	176	1.0986
60	178	1.07745
60	179	1.08805
60	180	0.698207
61	54	0.524991
61	92	0.607781
61	108	1.1994
61	110	0.621538
61	135	0.636777
61	136	1.1599
61	144	1.23755
61	145	1.18037
61	154	1.22636
61	155	1.1729
61	163	1.18091
61	164	1.21397
61	166	1.17929
61	170	0.609695
61	180	1.24936
62	4	1.25153
62	8	1.09683
62	31	1.19823
62	43	1.1635
62	44	1.1585
62	46	1.14723
62	50	1.1635
62	70	1.3422
62	152	0.646001
62	167	0.57145
62	171	1.24428
62	172	0.620449
62	174	1.23421
62	175	0.59802
62	177	0.574383
63	3	0.548651
63	10	0.820169
63	28	1.19996
63	38	1.16046
63	47	1.16465
63	77	1.14868
63	79	1.17273
63	80	1.17273
63	82	1.05706
63	86	1.21535
63	90	1.1186
63	151	1.16217
63	172	0.635333
63	175	0.612904
63	177	0.589266
63	180	1.2276
64	52	1.25844
64	113	1.13588
64	121	1.15496
64	123	0.678606
64	152	1.13016
64	153	0.651797
64	155	0.693969
64	168	1.16747
64	169	1.15887
64	171	0.595822
64	173	1.15882
64	175	1.15011
64	176	1.16797
64	177	1.1599
64	179	1.15742
64	180	0.571834
65	5	0.783377
65	9	1.07668
65	12	1.08175
65	24	1.17204
65	34	1.15899
65	99	0.64917
65	100	1.22376
65	103	1.19817
65	104	1.20194
65	106	1.19644
65	125	0.572476
65	133	1.13549
65	138	1.15896
65	162	0.591052
65	174	1.19576
65	176	0.603996
66	32	0.751431
66	59	1.13987
66	72	1.07077
66	99	1.05146
66	123	1.06733
66	129	1.06921
66	135	1.0308
66	136	0.829979
66	139	1.07456
66	141	1.01844
66	142	0.817491
66	143	1.08003
66	158	1.08505
66	161	0.80338
66	162	1.05295
66	170	1.05954
67	73	1.15148
67	80	0.722845
67	94	1.1696
67	104	0.628792
67	107	0.617552
67	118	1.1786
67	146	1.14519
67	147	0.618288
67	157	1.14958
67	167	1.18547
67	169	1.16491
67	171	0.601228
67	173	1.16486
67	176	1.174
67	178	1.15286
67	179	1.16345
68	76	0.701799
68	89	0.541114
68	119	1.17717
68	133	0.683963
68	136	1.12534
68	138	0.633249
68	144	1.20299
68	145	1.14581
68	154	1.19179
68	155	1.13834
68	163	1.14635
68	164	1.1794
68	166	1.14473
68	172	1.13329
68	178	0.649425
68	180	1.21479
69	9	1.08273
69	14	0.566141
69	34	1.16504
69	37	1.12205
69	39	1.14122
69	100	1.22981
69	103	1.20422
69	104	1.208
69	106	1.2025
69	111	1.10107
69	130	0.674614
69	133	1.14154
69	142	0.655375
69	148	0.606579
69	172	0.705226
69	174	1.20182
70	8	1.18663
70	14	1.33307
70	31	1.28804
70	43	1.25331
70	44	1.2483
70	46	1.23704
70	50	1.25331
70	62	1.3422
70	124	0.558321
70	137	0.491575
70	146	0.591317
70	171	1.33409
70	172	0.551551
70	174	1.32402
70	177	0.505484
70	179	0.514473
71	73	1.12157
71	100	0.60361
71	105	1.16559
71	120	1.127
71	134	1.09674
71	137	0.683197
71	139	1.14219
71	143	1.14766
71	151	1.12097
71	158	1.15268
71	160	1.1418
71	162	1.12059
71	170	1.12717
71	175	0.720743
71	176	0.683998
71	177	1.13602
71	178	0.71576
72	35	0.742028
72	66	1.07077
72	91	1.18291
72	114	0.721463
72	116	1.10435
72	120	1.13871
72	129	1.14855
72	130	0.71903
72	134	1.10846
72	141	1.09779
72	143	1.15938
72	144	0.588311
72	158	1.16439
72	160	1.15351
72	162	1.1323
72	170	1.13888
72	174	0.633418
73	11	1.21188
73	32	0.651837
73	49	0.593867
73	67	1.15148
73	71	1.12157
73	74	1.09109
73	84	1.09109
73	96	0.703952
73	136	0.730385
73	139	1.13707
73	145	0.714976
73	152	1.10116
73	162	1.11547
73	165	1.15241
73	170	1.12205
73	171	1.17631
73	179	1.12842
74	1	1.01189
74	11	1.18652
74	16	1.17629
74	19	1.13856
74	21	1.12883
74	26	1.11322
74	36	1.07453
74	40	1.08866
74	41	1.08326
74	73	1.09109
74	84	1.06572
74	112	0.665456
74	133	0.774734
74	151	1.09048
74	159	0.748933
74	162	0.695489
74	171	1.15095
74	177	0.721542
75	17	1.25596
75	27	1.18698
75	30	1.20176
75	45	1.16107
75	49	1.30017
75	88	1.12006
75	93	1.17058
75	95	1.19919
75	125	0.54253
75	133	0.64035
75	137	1.21334
75	140	1.20381
75	146	0.672992
75	147	1.22052
75	165	0.563046
75	172	1.16655
75	173	0.606327
75	177	0.587158
76	19	0.741033
76	20	1.12367
76	44	0.817168
76	68	0.701799
76	148	1.15396
76	149	1.10546
76	152	1.07875
76	154	0.684881
76	157	1.09213
76	159	1.09848
76	168	1.11606
76	169	1.10745
76	173	1.1074
76	175	1.09869
76	176	1.11655
76	178	1.09541
76	179	1.106
76	180	0.652196
77	28	1.13954
77	38	1.10004
77	47	1.10423
77	63	1.14868
77	79	1.11231
77	80	1.11231
77	82	0.996641
77	86	1.15493
77	87	1.06456
77	90	1.05818
77	118	0.64869
77	147	1.13963
77	151	1.10175
77	156	0.737671
77	165	0.733329
77	172	0.803508
77	174	0.687284
77	180	1.16718
78	58	1.15952
78	85	0.794216
78	109	1.11217
78	113	0.675116
78	126	1.1204
78	128	1.1019
78	136	1.06503
78	145	1.0855
78	150	0.706319
78	152	0.748387
78	153	1.1019
78	154	1.13149
78	155	1.07803
78	163	1.08604
78	164	1.1191
78	166	1.08442
78	179	0.685758
78	180	1.15449
79	28	1.16359
79	38	1.12409
79	47	1.12828
79	63	1.17273
79	77	1.11231
79	80	1.13637
79	82	1.02069
79	86	1.17898
79	90	1.08223
79	147	1.16369
79	151	1.12581
79	159	0.701378
79	167	0.671055
79	173	0.693157
79	176	0.660879
79	179	0.682977
79	180	1.19123
80	28	1.16359
80	38	1.12409
80	47	1.12828
80	63	1.17273
80	67	0.722845
80	77	1.11231
80	79	1.13637
80	82	1.02069
80	86	1.17898
80	90	1.08223
80	95	0.688686
80	125	0.682143
80	147	1.16369
80	151	1.12581
80	168	0.657955
80	174	0.656614
80	180	1.19123
81	56	0.843779
81	91	1.13605
81	107	1.11872
81	127	0.698092
81	129	1.10169
81	135	1.06328
81	139	1.10704
81	140	1.10699
81	143	1.11251
81	158	1.11753
81	160	1.10664
81	162	1.08543
81	169	0.705793
81	170	1.09202
81	171	0.628125
81	177	1.10087
81	179	0.727855
81	180	1.15124
82	28	1.04791
82	38	1.00841
82	47	1.01261
82	54	1.09947
82	63	1.05706
82	77	0.996641
82	79	1.02069
82	80	1.02069
82	86	1.06331
82	87	0.972938
82	90	0.966557
82	115	0.936206
82	118	0.834644
82	147	1.04801
82	151	1.01013
82	168	0.874578
82	173	0.962564
82	180	1.07556
83	2	0.531121
83	11	0.534473
83	17	1.26327
83	21	0.522144
83	38	0.673224
83	44	0.679858
83	93	1.17789
83	113	1.18098
83	131	1.18674
83	134	0.657363
83	147	1.22782
83	153	1.20278
83	163	1.18692
83	164	1.21998
83	166	1.18531
83	172	1.17386
83	178	1.19192
83	179	1.20251
84	1	1.01189
84	11	1.18652
84	16	1.17629
84	19	1.13856
84	21	1.12883
84	26	1.11322
84	36	1.07453
84	40	1.08866
84	41	1.08326
84	73	1.09109
84	74	1.06572
84	149	0.742727
84	151	1.09048
84	153	0.703408
84	166	0.693216
84	169	0.7251
84	171	1.15095
84	177	0.738173
85	35	1.06926
85	47	0.769671
85	78	0.794216
85	142	1.0874
85	146	1.06421
85	148	1.13044
85	150	1.08667
85	159	1.07496
85	160	0.764039
85	165	1.10647
85	166	0.768386
85	172	1.05383
85	173	1.08388
85	174	1.1203
85	175	1.07517
85	176	1.09303
85	178	1.07189
85	179	1.08248
85	180	0.698615
86	28	1.2062
86	38	1.1667
86	47	1.1709
86	63	1.21535
86	77	1.15493
86	79	1.17898
86	80	1.17898
86	82	1.06331
86	87	1.13123
86	90	1.12485
86	121	0.614664
86	132	0.655007
86	147	1.2063
86	151	1.16842
86	157	0.663208
86	159	0.629482
86	172	0.648158
86	177	0.602091
86	180	1.23385
87	24	1.10473
87	77	1.06456
87	82	0.972938
87	86	1.13123
87	89	0.674947
87	90	1.03448
87	104	1.13463
87	106	1.12913
87	132	0.817519
87	133	1.06817
87	135	0.793223
87	155	1.06703
87	161	0.746708
87	163	1.07503
87	164	1.10809
87	166	1.07341
87	177	1.09311
87	179	0.773593
87	180	1.14348
88	17	1.126
88	27	1.05701
88	30	1.07179
88	45	1.0311
88	48	1.17105
88	49	1.1702
88	75	1.12006
88	93	1.04061
88	94	0.80149
88	95	1.06922
88	115	1.0586
88	127	0.776502
88	137	1.08337
88	140	1.07385
88	147	1.09055
88	164	0.714985
88	168	0.728459
88	169	0.784203
88	172	1.03659
89	40	0.691284
89	68	0.541114
89	87	0.674947
89	101	1.13144
89	116	0.68822
89	122	1.17671
89	128	0.585303
89	130	1.17281
89	131	1.15799
89	155	0.613645
89	156	1.17824
89	159	1.16625
89	161	1.16864
89	169	1.17522
89	173	1.17517
89	176	1.18432
89	177	1.17625
89	178	1.16318
89	179	1.17377
90	28	1.10945
90	38	1.06995
90	47	1.07415
90	54	1.16101
90	57	0.669129
90	63	1.1186
90	77	1.05818
90	79	1.08223
90	80	1.08223
90	82	0.966557
90	86	1.12485
90	87	1.03448
90	113	0.809399
90	139	0.755627
90	147	1.10955
90	148	0.758472
90	151	1.07167
90	177	0.811052
90	180	1.1371
91	72	1.18291
91	81	1.13605
91	97	0.666904
91	113	0.632719
91	116	1.13715
91	120	1.17151
91	127	0.613599
91	129	1.18136
91	132	0.687288
91	133	1.1556
91	134	1.14126
91	135	1.14295
91	150	0.663922
91	158	1.19719
91	160	1.18631
91	162	1.1651
91	170	1.17169
91	171	0.543631
91	180	1.23091
92	55	0.758324
92	61	0.607781
92	94	1.14941
92	110	1.15285
92	117	0.66109
92	129	0.674298
92	150	1.14746
92	152	1.11601
92	157	1.12939
92	158	0.640842
92	159	1.13575
92	161	1.13813
92	165	1.16726
92	166	0.650562
92	168	1.15332
92	169	1.14472
92	175	1.13596
92	176	1.15381
92	178	1.13267
92	179	1.14326
93	5	0.807858
93	17	1.17652
93	30	1.12232
93	35	0.680038
93	45	1.08163
93	48	1.22158
93	49	1.22073
93	52	0.544156
93	54	1.19253
93	75	1.17058
93	83	1.17789
93	88	1.04061
93	115	1.10913
93	137	1.1339
93	140	1.12437
93	142	0.637801
93	147	1.14107
93	150	0.671136
93	172	1.08711
93	175	0.665223
94	59	0.525805
94	67	1.1696
94	88	0.80149
94	92	1.14941
94	97	1.11901
94	121	1.14408
94	124	1.12828
94	135	0.72873
94	146	1.12827
94	149	1.146
94	150	1.15073
94	157	1.13266
94	158	0.645433
94	159	1.13902
94	161	1.1414
94	162	0.674058
94	164	0.61782
94	173	1.14794
94	176	1.15708
94	179	1.14653
95	17	1.20513
95	19	0.631919
95	27	1.13614
95	38	0.70142
95	39	0.682308
95	43	0.680868
95	75	1.19919
95	80	0.688686
95	88	1.06922
95	98	1.12278
95	134	1.10757
95	142	1.14929
95	158	1.16351
95	160	1.15263
95	166	0.612853
95	172	1.11572
95	173	1.14577
95	176	1.15492
95	178	1.13378
95	179	1.14437
96	54	0.594999
96	73	0.703952
96	109	1.14301
96	119	1.14771
96	121	0.690739
96	128	1.13274
96	144	1.17352
96	145	1.11634
96	152	0.749785
96	153	1.13274
96	154	1.16233
96	155	1.10887
96	161	0.660271
96	163	1.11688
96	164	1.14994
96	166	1.11526
96	171	1.18037
96	174	0.608009
96	177	1.13496
96	180	1.18533
97	91	0.666904
97	94	1.11901
97	117	0.693998
97	120	0.741409
97	126	0.662593
97	142	1.11779
97	145	0.721722
97	146	1.0946
97	148	1.16083
97	151	0.705465
97	159	1.10535
97	161	1.10774
97	165	1.13686
97	167	1.13489
97	168	1.12293
97	169	1.11432
97	173	1.11427
97	174	1.15069
97	175	1.10556
97	178	1.10228
97	179	1.11287
98	95	1.12278
98	105	1.15085
98	114	0.712866
98	116	1.0779
98	120	1.11226
98	122	0.705466
98	124	0.747815
98	129	1.1221
98	140	1.12741
98	141	1.07134
98	143	1.13292
98	151	1.10623
98	155	0.702384
98	158	1.13794
98	160	1.12706
98	162	1.10585
98	168	0.626161
98	170	1.11243
98	177	1.12128
98	178	0.713632
98	180	1.17166
99	2	1.19304
99	65	0.64917
99	66	1.05146
99	107	1.14627
99	115	1.1193
99	116	1.08504
99	123	1.12737
99	134	1.08915
99	135	1.09084
99	137	0.714053
99	141	1.07848
99	158	1.14508
99	160	1.1342
99	161	0.710067
99	162	1.11299
99	165	0.703849
99	168	0.659145
99	170	1.11957
99	172	0.774029
99	177	1.12842
99	180	1.1788
100	9	1.12494
100	24	1.22031
100	34	1.20725
100	37	1.16426
100	39	1.18344
100	53	1.17941
100	65	1.22376
100	69	1.22981
100	71	0.60361
100	104	1.25021
100	106	1.24471
100	111	1.14328
100	114	1.17739
100	120	0.615381
100	138	1.20722
100	140	0.629329
100	160	0.553096
100	174	1.24403
100	176	0.589292
100	177	0.6024
100	179	0.611389
101	25	1.11933
101	29	1.12152
101	89	1.13144
101	102	0.717879
101	103	0.70493
101	131	1.08228
101	132	1.08983
101	146	1.07979
101	147	0.725132
101	148	1.14601
101	149	1.09752
101	152	1.0708
101	157	1.08418
101	161	1.09292
101	162	0.772761
101	163	0.782865
101	169	1.09951
101	175	1.09075
101	176	1.1086
101	178	1.08746
101	179	1.09805
101	180	0.684085
102	3	0.574346
102	29	0.608807
102	101	0.717879
102	105	1.20544
102	107	1.19372
102	110	0.628341
102	116	1.13248
102	120	1.16684
102	123	1.17481
102	127	0.594188
102	131	0.658574
102	134	1.13659
102	135	1.13828
102	139	1.18204
102	140	1.18199
102	143	1.18751
102	147	1.19869
102	155	0.622368
102	158	1.19252
102	160	1.18164
102	162	1.16043
102	170	1.16702
103	3	0.561397
103	9	1.09936
103	24	1.19472
103	34	1.18167
103	37	1.13868
103	39	1.15785
103	53	1.15382
103	65	1.19817
103	69	1.20422
103	101	0.70493
103	104	1.22462
103	106	1.21912
103	111	1.1177
103	114	1.15181
103	133	1.15817
103	137	0.588103
103	138	1.18164
103	146	0.687846
103	167	0.59908
103	172	0.648079
103	173	0.621182
103	174	1.21844
104	9	1.10313
104	12	1.1082
104	34	1.18544
104	37	1.14245
104	39	1.16162
104	53	1.1576
104	65	1.20194
104	67	0.628792
104	69	1.208
104	87	1.13463
104	100	1.25021
104	103	1.22462
104	106	1.2229
104	111	1.12147
104	114	1.15558
104	137	0.61881
104	140	0.659648
104	167	0.629786
104	168	0.563902
104	172	0.678786
104	174	1.22221
104	177	0.632719
105	71	1.16559
105	98	1.15085
105	102	1.20544
105	107	1.19277
105	115	1.16581
105	118	0.540654
105	129	1.17574
105	134	1.13565
105	138	1.17346
105	141	1.12498
105	143	1.18657
105	152	0.721023
105	153	0.61464
105	154	0.567362
105	158	1.19158
105	160	1.1807
105	162	1.15949
105	169	0.636332
105	170	1.16607
105	173	0.668574
105	179	0.658394
105	180	1.2253
106	9	1.09763
106	12	1.1027
106	24	1.193
106	25	0.608444
106	37	1.13695
106	39	1.15612
106	53	1.1521
106	65	1.19644
106	69	1.2025
106	87	1.12913
106	100	1.24471
106	103	1.21912
106	104	1.2229
106	114	1.15008
106	138	1.17991
106	140	0.656964
106	158	0.575357
106	173	0.649204
106	174	1.21671
106	177	0.630035
106	178	0.648689
106	179	0.639024
107	7	1.23425
107	15	1.22479
107	67	0.617552
107	81	1.11872
107	99	1.14627
107	102	1.19372
107	105	1.19277
107	114	0.639366
107	123	1.16215
107	129	1.16402
107	134	1.12393
107	143	1.17485
107	149	0.626033
107	157	0.682596
107	158	1.17986
107	160	1.16898
107	162	1.14777
107	165	0.597366
107	170	1.15435
107	176	0.60837
107	178	0.640133
107	180	1.21358
108	61	1.1994
108	109	1.15383
108	115	0.660106
108	117	1.15593
108	119	1.15853
108	122	0.677783
108	124	0.720132
108	126	1.16205
108	128	1.14356
108	136	1.10669
108	142	0.66351
108	145	1.12716
108	150	0.696845
108	153	1.14355
108	154	1.17315
108	155	1.11969
108	163	1.1277
108	164	1.16076
108	166	1.12608
108	168	0.598477
108	174	0.597137
108	177	1.14578
108	180	1.19615
109	29	0.652584
109	51	1.13735
109	78	1.11217
109	96	1.14301
109	108	1.15383
109	117	1.16356
109	119	1.16616
109	124	0.711576
109	126	1.16969
109	128	1.15119
109	130	0.674193
109	136	1.11432
109	143	0.618053
109	144	1.19197
109	148	0.606158
109	153	1.15119
109	154	1.18078
109	155	1.12733
109	163	1.13533
109	164	1.16839
109	166	1.13372
109	178	0.677392
109	179	0.667727
110	7	0.587379
110	18	1.15204
110	61	0.621538
110	92	1.15285
110	102	0.628341
110	130	1.14901
110	133	1.12752
110	134	0.737024
110	136	0.717979
110	142	1.15489
110	148	1.19793
110	149	1.14943
110	152	1.12272
110	153	0.674511
110	156	1.15444
110	164	0.626985
110	165	1.17396
110	172	1.12132
110	173	1.15137
110	175	1.14266
110	176	1.16052
110	178	1.13938
110	179	1.14997
111	9	0.996206
111	13	0.684929
111	42	0.816043
111	69	1.10107
111	100	1.14328
111	103	1.1177
111	104	1.12147
111	135	1.04236
111	139	1.08612
111	143	1.09159
111	145	1.06134
111	153	1.07773
111	154	1.10732
111	156	0.765336
111	160	1.08572
111	163	1.06187
111	164	1.09493
111	165	0.760994
111	166	1.06026
111	170	1.0711
111	175	0.808744
111	176	0.771998
111	177	1.07995
112	8	0.769632
112	35	1.13839
112	42	1.13337
112	74	0.665456
112	113	1.13008
112	116	0.721791
112	119	0.588899
112	121	1.14916
112	131	1.13584
112	149	1.15108
112	156	1.15608
112	157	1.13774
112	160	0.590506
112	162	0.613758
112	167	1.17363
112	169	1.15307
112	170	0.641347
112	173	1.15302
112	174	1.18944
112	175	1.14431
112	176	1.16216
112	178	1.14102
112	179	1.15161
113	6	1.17558
113	29	1.14231
113	35	1.10564
113	41	0.730974
113	64	1.13588
113	78	0.675116
113	83	1.18098
113	90	0.809399
113	91	0.632719
113	112	1.13008
113	122	1.1218
113	127	1.13985
113	135	0.722863
113	142	1.12378
113	152	1.0916
113	160	0.644939
113	165	1.14285
113	173	1.12026
113	175	1.11155
113	176	1.1294
113	177	1.12134
113	178	1.10826
113	179	1.11885
113	180	0.579515
114	7	0.591887
114	13	1.17897
114	27	0.686606
114	72	0.721463
114	98	0.712866
114	100	1.17739
114	103	1.15181
114	104	1.15558
114	106	1.15008
114	107	0.639366
114	117	1.12421
114	141	0.754431
114	151	0.690821
114	153	1.11184
114	154	1.14143
114	155	1.08798
114	157	1.0977
114	159	1.10406
114	164	1.12904
114	166	1.09437
114	167	1.13359
114	174	1.1494
114	178	1.10098
114	179	1.11157
115	14	0.595688
115	30	1.14031
115	45	1.09962
115	49	1.23872
115	82	0.936206
115	88	1.0586
115	93	1.10913
115	99	1.1193
115	105	1.16581
115	108	0.660106
115	116	1.09285
115	127	1.15475
115	128	0.667771
115	145	0.682001
115	146	1.11549
115	153	0.653942
115	157	1.11988
115	158	1.15289
115	160	1.14201
115	161	1.12862
115	171	0.597967
115	172	1.1051
115	178	1.12316
115	179	1.13375
116	7	1.17301
116	72	1.10435
116	89	0.68822
116	91	1.13715
116	98	1.0779
116	99	1.08504
116	102	1.13248
116	112	0.721791
116	115	1.09285
116	118	0.669126
116	120	1.09295
116	122	0.788365
116	123	1.10091
116	125	1.12122
116	139	1.10814
116	143	1.11361
116	148	0.725297
116	158	1.11863
116	160	1.10775
116	162	1.08654
116	168	0.70906
116	170	1.09312
116	174	0.707719
116	177	1.10197
116	180	1.15235
117	33	1.17363
117	51	1.13945
117	92	0.66109
117	97	0.693998
117	108	1.15593
117	109	1.16356
117	114	1.12421
117	126	1.17179
117	128	1.15329
117	136	1.11643
117	138	0.663944
117	144	1.19407
117	145	1.1369
117	148	0.608886
117	153	1.15329
117	154	1.18288
117	155	1.12943
117	163	1.13743
117	164	1.17049
117	166	1.13582
117	167	0.658534
117	174	0.591309
117	175	0.685104
117	176	0.648358
117	177	1.15551
117	180	1.20588
118	19	0.561253
118	50	0.643418
118	67	1.1786
118	77	0.64869
118	82	0.834644
118	105	0.540654
118	116	0.669126
118	121	1.15309
118	124	1.13729
118	127	1.17653
118	131	1.13977
118	132	1.14731
118	146	1.13727
118	152	1.12829
118	161	1.15041
118	165	1.17953
118	167	1.17756
118	168	1.1656
118	169	1.15699
118	171	0.496404
118	173	1.15694
118	175	1.14823
118	176	1.16609
118	178	1.14495
118	179	1.15554
118	180	0.802461
119	5	1.07343
119	68	1.17717
119	96	1.14771
119	108	1.15853
119	109	1.16616
119	112	0.588899
119	126	1.17439
119	128	1.15589
119	136	1.11902
119	140	0.671914
119	141	0.685632
119	144	1.19667
119	145	1.1395
119	149	0.649539
119	153	1.15589
119	154	1.18548
119	155	1.13203
119	163	1.14003
119	164	1.17309
119	166	1.13842
119	173	0.664154
119	176	0.631876
119	177	1.15811
119	178	0.663639
119	179	0.653974
119	180	1.20848
120	58	0.595495
120	59	1.20782
120	71	1.127
120	72	1.13871
120	91	1.17151
120	97	0.741409
120	98	1.11226
120	100	0.615381
120	102	1.16684
120	116	1.09295
120	123	1.13528
120	125	1.15558
120	129	1.13715
120	134	1.09706
120	135	1.09875
120	139	1.14251
120	141	1.08639
120	158	1.15299
120	160	1.14211
120	162	1.1209
120	168	0.64006
120	170	1.12748
120	173	0.728046
120	174	0.63872
120	175	0.732515
120	179	0.717866
120	180	1.18671
121	16	0.63607
121	35	1.12472
121	60	1.08559
121	64	1.15496
121	86	0.614664
121	94	1.14408
121	96	0.690739
121	112	1.14916
121	118	1.15309
121	129	0.687247
121	130	1.13698
121	134	0.736217
121	139	0.653043
121	140	1.14654
121	146	1.11967
121	149	1.1374
121	152	1.11068
121	156	1.1424
121	159	1.13042
121	166	0.663511
121	167	1.15995
121	168	1.14799
121	170	0.710005
121	173	1.13934
121	175	1.13063
121	176	1.14848
121	179	1.13793
122	23	1.04876
122	56	1.08867
122	89	1.17671
122	98	0.705466
122	108	0.677783
122	113	1.1218
122	116	0.788365
122	127	1.16433
122	129	0.685163
122	130	1.14237
122	132	1.1351
122	146	1.12506
122	148	1.19129
122	150	1.14752
122	153	0.671619
122	157	1.12946
122	160	0.65708
122	161	1.1382
122	167	1.16535
122	171	0.615643
122	172	1.11468
122	173	1.14473
122	175	1.13602
122	176	1.15388
122	178	1.13274
122	179	1.14333
122	180	0.591656
123	29	0.681785
123	64	0.678606
123	66	1.06733
123	99	1.12737
123	102	1.17481
123	107	1.16215
123	116	1.10091
123	120	1.13528
123	129	1.14512
123	133	1.11936
123	135	1.10671
123	141	1.09435
123	143	1.15594
123	147	1.16712
123	149	0.692494
123	150	0.717489
123	151	1.12924
123	158	1.16096
123	160	1.15007
123	162	1.12886
123	165	0.663827
123	167	0.685007
123	169	0.674867
123	170	1.13545
123	174	0.617782
123	177	1.1443
123	180	1.19467
124	23	1.02757
124	30	0.707487
124	70	0.558321
124	94	1.12828
124	98	0.747815
124	108	0.720132
124	109	0.711576
124	118	1.13729
124	138	1.12316
124	139	0.693308
124	142	1.12706
124	146	1.10387
124	149	1.1216
124	156	1.12661
124	157	1.10826
124	159	1.11462
124	161	1.11701
124	162	0.722681
124	163	0.732786
124	167	1.14416
124	168	1.13219
124	169	1.12359
124	173	1.12354
124	174	1.15996
124	175	1.11483
124	176	1.13269
124	178	1.11155
124	179	1.12214
125	1	0.796978
125	12	0.76331
125	17	0.542362
125	31	0.681872
125	38	0.694877
125	49	0.523453
125	65	0.572476
125	75	0.54253
125	80	0.682143
125	116	1.12122
125	120	1.15558
125	128	1.16239
125	130	1.16117
125	137	1.18026
125	141	1.11466
125	155	1.13853
125	157	1.14825
125	160	1.17038
125	162	1.14917
125	163	1.14653
125	164	1.17959
125	165	1.18612
125	166	1.14491
125	168	1.17218
125	170	1.15576
125	173	1.16353
125	176	1.17267
125	179	1.16212
125	180	1.21498
126	42	0.660998
126	55	1.10353
126	78	1.1204
126	97	0.662593
126	108	1.16205
126	109	1.16969
126	117	1.17179
126	119	1.17439
126	128	1.15942
126	136	1.12255
126	137	1.17729
126	144	1.2002
126	145	1.14302
126	146	0.715895
126	151	0.607099
126	153	1.15942
126	154	1.18901
126	155	1.13555
126	163	1.14356
126	164	1.17662
126	166	1.14194
126	167	0.627129
126	169	0.616989
126	171	1.20705
126	172	1.1305
126	175	0.653699
126	176	0.616953
126	178	0.648716
126	180	1.21201
127	4	0.593447
127	18	1.16345
127	39	0.69962
127	48	0.526842
127	60	1.10904
127	81	0.698092
127	88	0.776502
127	91	0.613599
127	102	0.594188
127	113	1.13985
127	115	1.15475
127	118	1.17653
127	122	1.16433
127	130	1.16043
127	133	1.13893
127	138	1.1624
127	142	1.16631
127	143	0.634438
127	156	1.16585
127	161	1.15625
127	163	0.659175
127	165	1.18538
127	167	1.1834
127	168	1.17144
127	169	1.16284
127	173	1.16279
127	177	1.16387
127	178	1.15079
127	179	1.16138
128	20	0.671048
128	22	0.686004
128	51	1.12708
128	55	1.08504
128	78	1.1019
128	89	0.585303
128	96	1.13274
128	108	1.14356
128	109	1.15119
128	115	0.667771
128	117	1.15329
128	119	1.15589
128	125	1.16239
128	126	1.15942
128	136	1.10406
128	138	0.677437
128	144	1.1817
128	145	1.12453
128	148	0.622379
128	149	0.679514
128	153	1.14092
128	154	1.17051
128	155	1.11706
128	157	0.736077
128	163	1.12507
128	164	1.15812
128	166	1.12345
128	171	1.18855
128	179	0.683949
128	180	1.19351
129	13	0.574497
129	18	0.689935
129	59	1.21766
129	66	1.06921
129	72	1.14855
129	81	1.10169
129	91	1.18136
129	92	0.674298
129	98	1.1221
129	105	1.17574
129	107	1.16402
129	120	1.13715
129	121	0.687247
129	122	0.685163
129	123	1.14512
129	134	1.1069
129	135	1.10859
129	136	0.683378
129	141	1.09623
129	147	1.169
129	151	1.13112
129	154	0.592632
129	158	1.16283
129	160	1.15195
129	162	1.13074
129	170	1.13732
129	172	0.720741
129	177	1.14618
129	178	0.693329
129	180	1.19655
130	15	0.609556
130	23	1.04486
130	25	1.1607
130	29	1.16289
130	37	0.652728
130	55	0.774155
130	69	0.674614
130	72	0.71903
130	89	1.17281
130	109	0.674193
130	110	1.14901
130	121	1.13698
130	122	1.14237
130	125	1.16117
130	127	1.16043
130	140	1.14804
130	144	0.596087
130	147	0.63767
130	148	1.18739
130	150	1.14363
130	156	1.1439
130	158	0.656673
130	161	1.1343
130	168	1.14949
130	169	1.14088
130	172	1.11078
130	175	1.13213
130	176	1.14998
130	178	1.12884
130	179	1.13943
131	2	0.641015
131	25	1.14589
131	27	0.712331
131	33	0.676439
131	83	1.18674
131	89	1.15799
131	101	1.08228
131	102	0.658574
131	112	1.13584
131	118	1.13977
131	132	1.11639
131	136	0.748212
131	144	0.624245
131	146	1.10635
131	147	0.665828
131	148	1.17257
131	150	1.12881
131	152	1.09736
131	156	1.12908
131	157	1.11074
131	159	1.1171
131	161	1.11948
131	163	0.723561
131	165	1.14861
131	170	0.741046
131	172	1.09596
131	173	1.12602
131	175	1.11731
131	177	1.1271
131	178	1.11402
131	179	1.12461
132	11	0.65367
132	23	1.03759
132	56	1.0775
132	86	0.655007
132	87	0.817519
132	91	0.687288
132	101	1.08983
132	118	1.14731
132	122	1.1351
132	131	1.11639
132	135	0.777431
132	137	1.1503
132	144	0.633548
132	147	0.675131
132	148	1.18012
132	149	1.13163
132	152	1.10491
132	156	1.13663
132	159	1.12464
132	161	1.12703
132	165	1.15615
132	167	1.15418
132	168	1.14222
132	169	1.13361
132	171	0.658071
132	173	1.13356
132	175	1.12486
132	176	1.14271
132	178	1.12157
132	179	1.13216
132	180	0.634083
133	24	1.13204
133	42	1.0997
133	48	0.600807
133	51	0.759537
133	53	1.09114
133	65	1.13549
133	68	0.683963
133	69	1.14154
133	74	0.774734
133	75	0.64035
133	87	1.06817
133	91	1.1556
133	103	1.15817
133	110	1.12752
133	123	1.11936
133	127	1.13893
133	139	1.12659
133	145	0.742382
133	154	0.667045
133	158	1.13708
133	160	1.1262
133	164	0.666797
133	167	1.13996
133	170	1.11157
133	171	0.658347
133	174	1.15576
133	175	1.11063
133	176	1.12849
133	178	1.10734
133	179	1.11794
133	180	1.17079
134	2	1.1707
134	57	1.16852
134	71	1.09674
134	72	1.10846
134	83	0.657363
134	91	1.14126
134	95	1.10757
134	99	1.08915
134	102	1.13659
134	105	1.13565
134	107	1.12393
134	110	0.737024
134	120	1.09706
134	121	0.736217
134	129	1.1069
134	135	1.06849
134	138	1.10461
134	139	1.11225
134	141	1.05613
134	144	0.608381
134	151	1.09102
134	156	0.703874
134	157	0.784762
134	158	1.12274
134	160	1.11185
134	161	0.705749
134	162	1.09064
134	170	1.09723
134	177	1.10608
134	178	0.742298
134	179	0.732634
134	180	1.15645
135	2	1.17239
135	7	1.17881
135	15	1.16935
135	25	0.702925
135	59	1.17925
135	61	0.636777
135	66	1.0308
135	81	1.06328
135	87	0.793223
135	91	1.14295
135	94	0.72873
135	99	1.09084
135	102	1.13828
135	111	1.04236
135	113	0.722863
135	120	1.09875
135	123	1.10671
135	129	1.10859
135	132	0.777431
135	134	1.06849
135	139	1.11394
135	141	1.05782
135	143	1.11941
135	147	1.1306
135	158	1.12443
135	160	1.11355
135	162	1.09234
135	168	0.655698
135	170	1.09892
135	174	0.654358
135	179	0.733505
135	180	1.15814
136	33	1.12439
136	51	1.09021
136	55	1.04817
136	58	1.16168
136	61	1.1599
136	66	0.829979
136	68	1.12534
136	73	0.730385
136	78	1.06503
136	108	1.10669
136	109	1.11432
136	110	0.717979
136	117	1.11643
136	119	1.11902
136	126	1.12255
136	128	1.10406
136	129	0.683378
136	131	0.748212
136	144	1.14484
136	153	1.10405
136	154	1.13364
136	155	1.08019
136	156	0.684829
136	161	0.686704
136	163	1.0882
136	164	1.12125
136	166	1.08658
136	169	0.691527
136	171	1.15168
136	172	1.07514
136	174	0.634442
136	180	1.15665
137	27	1.1503
137	34	0.643923
137	39	0.706484
137	48	1.26434
137	53	0.696308
137	70	0.491575
137	71	0.683197
137	75	1.21334
137	88	1.08337
137	93	1.1339
137	99	0.714053
137	103	0.588103
137	104	0.61881
137	125	1.18026
137	126	1.17729
137	132	1.1503
137	139	0.626562
137	147	1.18383
137	155	1.13493
137	158	0.627309
137	163	1.14293
137	164	1.17599
137	165	1.18252
137	166	1.14132
137	167	1.18054
137	172	1.12987
137	173	1.15993
137	174	1.19635
137	175	1.15122
137	177	1.16101
137	178	1.14793
137	179	1.15852
138	26	0.640057
138	32	0.628529
138	34	1.14246
138	37	1.09946
138	41	0.735104
138	43	0.72143
138	65	1.15896
138	68	0.633249
138	100	1.20722
138	103	1.18164
138	105	1.17346
138	106	1.17991
138	117	0.663944
138	124	1.12316
138	127	1.1624
138	128	0.677437
138	134	1.10461
138	141	1.09394
138	143	1.15553
138	153	0.663608
138	154	0.616331
138	156	1.14588
138	157	1.12753
138	158	1.16055
138	160	1.14967
138	162	1.12846
138	164	0.616083
138	167	1.16343
138	170	1.13504
138	174	1.17923
138	175	1.1341
138	176	1.15196
138	179	1.14141
139	6	0.55505
139	7	1.22257
139	15	1.21311
139	57	1.21397
139	59	1.22301
139	66	1.07456
139	71	1.14219
139	73	1.13707
139	81	1.10704
139	90	0.755627
139	102	1.18204
139	111	1.08612
139	116	1.10814
139	120	1.14251
139	121	0.653043
139	124	0.693308
139	133	1.12659
139	134	1.11225
139	135	1.11394
139	137	0.626562
139	141	1.10158
139	143	1.16317
139	146	0.726304
139	147	1.17435
139	152	0.712089
139	158	1.16819
139	159	0.667862
139	160	1.1573
139	162	1.13609
139	170	1.14268
139	174	0.570313
139	177	1.15153
139	179	0.64946
140	12	0.834867
140	21	0.615354
140	45	1.11486
140	49	1.25396
140	54	1.22576
140	58	0.609442
140	75	1.20381
140	81	1.10699
140	88	1.07385
140	93	1.12437
140	98	1.12741
140	100	0.629329
140	102	1.18199
140	104	0.659648
140	106	0.656964
140	119	0.671914
140	121	1.14654
140	130	1.14804
140	141	1.10153
140	144	0.607561
140	147	1.17431
140	152	1.12174
140	160	1.15726
140	162	1.13605
140	166	0.677867
140	168	1.15905
140	170	1.14263
140	171	0.632084
140	172	1.12035
140	173	1.1504
140	175	1.14169
140	178	1.1384
140	179	1.149
141	2	1.16003
141	7	1.16645
141	52	0.639113
141	59	1.16689
141	66	1.01844
141	72	1.09779
141	98	1.07134
141	99	1.07848
141	105	1.12498
141	114	0.754431
141	119	0.685632
141	120	1.08639
141	123	1.09435
141	125	1.11466
141	129	1.09623
141	134	1.05613
141	135	1.05782
141	138	1.09394
141	139	1.10158
141	140	1.10153
141	143	1.10705
141	151	1.08035
141	155	0.743949
141	158	1.11207
141	159	0.763934
141	160	1.10118
141	162	1.07997
141	170	1.08656
