1	72	0.860488
1	96	1.06533
1	102	1.01058
1	108	0.947452
1	110	1.01802
1	122	1.03443
1	138	1.19877
1	147	1.03804
1	151	1.02398
1	163	1.13828
1	165	1.10574
1	172	1.08638
2	15	0.871966
2	48	1.06515
2	80	1.03435
2	85	1.02937
2	134	1.00786
2	152	1.02019
2	154	1.06828
2	157	1.00938
2	159	1.02392
2	167	1.09564
2	178	1.23293
2	179	1.03363
3	20	0.682257
3	30	0.908099
3	34	1.18315
3	36	0.71236
3	60	0.870017
3	90	0.712732
3	105	1.10539
3	169	1.08954
3	177	1.06372
3	179	1.15656
3	180	1.03592
4	5	0.835649
4	42	1.12091
4	51	1.12079
4	65	1.05911
4	75	0.964089
4	124	0.997689
4	133	1.06114
4	147	0.955978
4	160	1.18399
4	162	1.05889
4	167	1.06945
4	168	1.13688
5	4	0.835649
5	10	1.46315
5	12	0.83395
5	42	0.864644
5	51	0.864526
5	65	0.802843
5	75	0.707824
5	118	1.62304
5	128	0.691213
5	133	0.804877
5	162	0.802625
5	180	1.98055
6	38	1.06105
6	55	1.06348
6	80	1.03574
6	109	1.02455
6	129	0.911313
6	134	1.00925
6	163	0.991991
6	164	1.08616
6	170	1.06152
6	174	1.09257
6	175	1.18031
6	179	1.03502
7	41	0.966549
7	96	1.07849
7	103	1.02066
7	108	0.960617
7	110	1.03119
7	122	1.04759
7	154	0.94905
7	166	1.11584
7	172	1.09954
7	175	1.10747
7	178	1.1137
7	180	1.04885
8	102	1.03173
8	103	1.02864
8	108	0.968597
8	110	1.03917
8	120	0.985551
8	145	0.957995
8	146	1.17504
8	151	1.04513
8	160	0.960673
8	167	1.08121
8	172	1.10752
8	173	1.13829
9	115	1.04965
9	135	1.00146
9	140	1.0141
9	141	0.991591
9	144	1.01955
9	146	1.08977
9	165	0.95016
9	171	1.11654
9	172	1.08261
9	173	1.05302
9	178	1.13323
9	179	1.02434
10	5	1.46315
10	11	0.568829
10	68	1.06714
10	114	0.780989
10	168	1.04343
10	169	1.07207
10	172	0.524908
10	173	1.04184
10	176	0.999452
10	177	1.04625
10	178	1.0192
10	180	1.01845
11	10	0.568829
11	63	0.953006
11	67	1.27434
11	86	1.1734
11	92	1.17336
11	95	1.17335
11	105	1.18252
11	124	0.942035
11	137	0.970162
11	151	0.90608
11	152	1.22025
11	163	1.00056
12	5	0.83395
12	42	1.11921
12	51	1.11909
12	65	1.05741
12	75	0.962389
12	133	1.05944
12	146	1.10559
12	162	1.05719
12	170	1.02402
12	173	1.06884
12	174	1.05507
12	180	1.08419
13	38	1.06482
13	109	1.02833
13	134	1.01303
13	152	1.02535
13	153	1.05768
13	157	1.01454
13	159	0.993871
13	163	0.995767
13	167	1.06559
13	169	1.0971
13	173	1.12267
13	179	1.03879
14	58	0.944081
14	78	0.950093
14	83	1.13577
14	84	1.1416
14	88	0.91005
14	98	1.06216
14	111	0.910301
14	165	0.917959
14	172	1.06146
14	178	0.82508
14	179	0.944975
14	180	0.824333
15	2	0.871966
15	24	0.993588
15	31	0.994133
15	170	1.07965
15	171	1.03195
15	172	0.746204
15	174	1.04489
15	175	1.00835
15	177	1.04414
15	178	1.01709
15	179	0.811654
15	180	1.01634
16	28	1.0226
16	46	1.09972
16	67	1.09838
16	86	0.997443
16	92	0.997402
16	95	0.997392
16	105	1.00656
16	151	0.969801
16	156	0.963299
16	167	1.07752
16	171	1.19812
16	174	1.12084
17	124	1.01637
17	128	1.30153
17	135	0.96302
17	136	0.950938
17	141	0.95315
17	143	0.997565
17	144	0.981109
17	149	0.96323
17	161	1.09491
17	162	0.984762
17	170	1.1004
17	175	1.21919
17	179	0.985902
18	59	1.11078
18	60	1.12444
18	66	0.798574
18	81	1.14765
18	88	1.10357
18	89	1.09218
18	104	1.11801
18	111	1.10382
18	137	0.99052
18	151	0.926438
18	156	0.919935
18	167	1.03416
18	175	1.16521
19	31	1.09099
19	63	0.878768
19	84	1.11548
19	138	0.986814
19	140	1.11421
19	143	1.13611
19	144	1.11966
19	149	1.10178
19	150	0.899188
19	161	0.946336
19	162	1.12331
19	171	1.06016
19	178	1.07685
20	3	0.682257
20	112	1.08672
20	116	1.14556
20	136	1.09695
20	140	1.12167
20	141	1.09916
20	149	1.10924
20	155	0.950935
20	157	0.941526
20	167	0.986815
20	171	1.10741
20	179	1.13191
20	180	1.05925
21	39	1.11144
21	100	0.942109
21	111	0.933956
21	135	0.925101
21	165	1.04687
21	166	0.969614
21	170	1.01655
21	172	0.794137
21	174	0.981788
21	176	0.934243
21	177	0.981037
21	178	0.953988
21	180	0.953241
22	32	1.24026
22	45	0.923006
22	96	1.03279
22	102	0.97804
22	108	0.91491
22	110	0.985482
22	151	0.99144
22	160	0.906986
22	166	1.1849
22	167	1.04548
22	172	1.05383
22	173	1.10256
22	175	1.17653
23	30	0.984206
23	49	1.06352
23	71	0.855997
23	73	0.915065
23	87	0.974391
23	152	0.993301
23	155	1.09969
23	157	0.982493
23	159	1.06385
23	167	1.13557
23	172	1.06501
23	177	1.16537
23	178	1.27286
24	15	0.993588
24	48	1.01242
24	55	1.00936
24	57	0.957865
24	85	0.976638
24	129	1.07932
24	134	0.955132
24	152	0.967456
24	157	0.956647
24	160	1.3318
24	163	0.93787
24	174	1.26058
24	179	0.980897
25	38	1.00174
25	48	1.00724
25	80	0.976437
25	109	0.965246
25	133	0.976827
25	134	0.949949
25	157	0.951465
25	159	0.995422
25	169	1.09865
25	175	1.19819
25	176	1.24875
25	178	1.20443
25	179	0.975714
26	67	0.859455
26	88	0.989716
26	99	0.950543
26	143	0.92689
26	167	1.0389
26	173	0.98895
26	174	0.994106
26	175	0.957564
26	176	0.946561
26	177	0.993355
26	178	0.966306
26	179	0.91194
26	180	0.965559
27	84	0.959605
27	115	0.99388
27	123	0.987797
27	128	1.3685
27	136	0.933611
27	141	0.935823
27	143	0.980238
27	144	0.963782
27	145	1.03189
27	151	1.04738
27	158	1.05908
27	168	1.22253
27	172	1.02684
28	16	1.0226
28	67	1.03366
28	86	0.932723
28	92	0.932682
28	95	0.932672
28	105	0.94184
28	120	1.11395
28	131	1.0111
28	139	1.13959
28	151	1.10189
28	152	0.97957
28	159	1.13789
28	177	1.2394
29	35	1.03754
29	60	0.976201
29	81	0.999412
29	88	0.955335
29	89	0.943945
29	93	0.969404
29	104	0.969776
29	111	0.955585
29	131	1.0597
29	157	1.12659
29	159	1.10016
29	173	1.22896
29	174	1.21519
30	3	0.908099
30	23	0.984206
30	36	1.06253
30	71	0.854863
30	73	0.913931
30	87	0.973258
30	118	0.927584
30	152	0.992168
30	154	1.18529
30	157	0.981359
30	172	1.06388
30	177	1.24245
30	178	1.34994
31	15	0.994133
31	19	1.09099
31	68	0.83708
31	112	0.949486
31	123	1.0139
31	139	1.1478
31	140	0.984439
31	141	0.961929
31	147	1.10433
31	149	0.972009
31	157	1.17252
31	162	0.993541
31	163	1.20457
32	22	1.24026
32	106	1.21744
32	117	1.24754
32	153	0.928513
32	166	0.863089
32	167	0.920057
32	171	0.862324
32	172	1.16466
32	174	0.875263
32	175	0.838721
32	176	0.827718
32	177	0.874512
32	180	0.846716
33	53	1.09688
33	62	1.05092
33	70	1.10589
33	77	1.0535
33	82	1.06009
33	99	1.03175
33	114	0.986432
33	130	0.973104
33	142	1.00015
33	153	1.0945
33	154	1.07505
33	157	1.05713
33	159	1.0307
33	179	1.05793
34	3	1.18315
34	46	1.09672
34	63	0.989559
34	67	1.09537
34	86	0.99444
34	92	0.994399
34	95	0.994388
34	105	1.00356
34	120	0.954694
34	152	1.04129
34	154	1.02299
34	164	1.08726
34	165	1.00457
34	178	1.18764
35	29	1.03754
35	59	1.0477
35	60	1.06136
35	81	1.08458
35	88	1.0405
35	89	1.02911
35	93	1.05457
35	111	1.04075
35	153	1.01478
35	155	0.986812
35	165	0.976912
35	167	1.02269
35	170	1.03496
35	176	1.20431
36	3	0.71236
36	30	1.06253
36	71	0.934321
36	73	0.993389
36	87	1.05272
36	124	1.07803
36	128	1.23031
36	152	1.07163
36	155	0.981038
36	157	1.06082
36	163	1.00368
36	166	1.15634
36	172	1.14334
36	177	1.04672
37	52	0.990794
37	76	0.974568
37	98	1.09263
37	117	1.06024
37	121	1.06742
37	127	1.05474
37	132	1.08625
37	155	0.927854
37	160	1.07827
37	162	1.08151
37	166	1.10316
37	168	1.03116
37	174	1.00705
37	178	1.10102
38	6	1.06105
38	13	1.06482
38	25	1.00174
38	48	1.08569
38	63	0.952077
38	85	1.04991
38	124	1.04714
38	134	1.02841
38	138	1.06012
38	159	0.941153
38	166	1.1523
38	174	1.05619
38	179	1.05417
38	180	1.08531
39	21	1.11144
39	44	0.98391
39	107	0.967307
39	118	1.00211
39	128	1.50058
39	136	0.890383
39	140	0.915106
39	141	0.892595
39	143	0.93701
39	144	0.920555
39	148	1.14608
39	149	0.902676
39	165	1.2414
39	172	0.983617
40	102	1.11744
40	103	1.11436
40	108	1.05431
40	110	1.12488
40	139	0.83598
40	151	1.13084
40	160	1.04639
40	161	0.912765
40	166	1.04542
40	169	0.937506
40	171	1.02659
40	172	1.19323
40	176	1.08761
41	7	0.966549
41	45	0.880864
41	96	0.990644
41	102	0.935898
41	103	0.932814
41	108	0.872768
41	110	0.94334
41	118	1.02082
41	125	1.07564
41	150	1.26552
41	160	0.864844
41	170	1.31816
41	172	1.01169
41	175	1.43694
42	4	1.12091
42	5	0.864644
42	12	1.11921
42	51	1.14979
42	65	1.0881
42	75	0.993083
42	97	1.03533
42	128	0.976472
42	138	1.12574
42	151	0.970764
42	157	1.0332
42	159	1.00677
42	162	1.08788
42	167	1.07849
43	69	0.961815
43	75	0.9004
43	107	1.01121
43	123	1.01257
43	124	0.989307
43	132	1.05537
43	134	0.970575
43	138	0.955069
43	143	1.02394
43	162	0.9952
43	176	0.8567
43	178	0.876444
43	179	0.99634
43	180	0.875697
44	39	0.98391
44	112	1.04151
44	131	0.898102
44	135	1.06383
44	140	1.07647
44	141	1.05396
44	143	1.09837
44	149	1.06404
44	155	0.974395
44	160	0.998129
44	163	0.997036
44	169	1.04179
44	176	1.19189
44	178	1.14756
45	22	0.923006
45	41	0.880864
45	96	0.992808
45	102	0.938062
45	103	0.934977
45	108	0.874932
45	122	0.961909
45	126	1.19756
45	156	1.09843
45	160	0.867008
45	171	1.33325
45	172	1.01386
45	173	1.26973
45	177	1.24245
46	16	1.09972
46	34	1.09672
46	86	1.00984
46	92	1.0098
46	95	1.00979
46	105	1.01896
46	130	0.928429
46	131	1.08822
46	145	0.934525
46	152	1.05669
46	155	1.02186
46	164	1.09464
46	171	1.17834
46	177	1.08754
47	62	0.962589
47	81	1.04642
47	82	0.971764
47	109	1.00108
47	111	1.06836
47	127	0.94169
47	132	0.973202
47	144	1.01546
47	162	0.968465
47	170	0.912269
47	172	0.928543
47	177	0.876759
47	179	0.969605
47	180	0.848962
48	2	1.06515
48	24	1.01242
48	25	1.00724
48	38	1.08569
48	106	1.09471
48	109	1.0492
48	125	0.890848
48	134	1.0339
48	145	0.997884
48	147	1.00762
48	159	1.04938
48	167	1.1211
48	173	1.17818
48	179	1.05967
49	23	1.06352
49	71	0.93418
49	73	0.993247
49	87	1.05257
49	113	0.938553
49	124	1.07789
49	152	1.07148
49	154	0.973931
49	157	1.06068
49	167	1.0013
49	169	1.03281
49	171	1.12189
49	172	1.14319
49	176	1.18291
50	56	0.775158
50	63	1.0175
50	76	0.966395
50	83	1.08391
50	100	1.05508
50	117	1.05206
50	121	1.05925
50	127	1.04656
50	128	1.29169
50	132	1.07807
50	133	1.07559
50	157	1.033
50	161	1.08507
50	165	1.03251
51	4	1.12079
51	5	0.864526
51	12	1.11909
51	42	1.14979
51	65	1.08798
51	75	0.992965
51	120	0.97784
51	128	0.976354
51	154	1.04614
51	158	0.977479
51	161	1.08027
51	162	1.08777
51	163	1.06026
51	177	1.1033
52	37	0.990794
52	79	0.955209
52	100	0.916883
52	117	0.913871
52	121	0.921059
52	127	0.908372
52	132	0.939883
52	133	0.937399
52	162	0.935147
52	164	1.17347
52	166	1.27599
52	171	1.25716
52	175	1.26762
52	177	1.16636
53	33	1.09688
53	61	1.04747
53	77	1.06266
53	78	1.07221
53	99	1.04091
53	114	0.995596
53	118	0.834094
53	142	1.0169
53	154	1.0918
53	156	1.00494
53	163	1.02407
53	167	1.11917
53	169	1.15068
53	179	1.0671
54	64	0.974426
54	68	1.348
54	119	0.956133
54	135	0.936735
54	143	0.886171
54	167	0.991111
54	168	0.942747
54	171	0.933377
54	173	0.941161
54	174	0.946317
54	175	0.909775
54	177	0.945566
54	178	0.918517
54	180	0.91777
55	6	1.06348
55	24	1.00936
55	85	1.05235
55	106	1.09165
55	109	1.04614
55	120	0.92645
55	124	1.04957
55	134	1.03084
55	137	0.978471
55	166	1.16153
55	170	1.03437
55	177	1.05191
55	179	1.05661
55	180	1.09454
56	50	0.775158
56	61	0.880281
56	87	0.912436
56	112	0.862313
56	140	0.776689
56	149	0.845159
56	166	1.06409
56	173	1.07111
56	174	1.07626
56	175	1.03972
56	176	1.02872
56	177	1.07551
56	178	1.04846
56	180	1.04772
57	24	0.957865
57	64	0.879135
57	100	0.858452
57	133	0.810753
57	162	0.793325
57	168	1.07251
57	171	1.06314
57	174	1.07608
57	175	1.03954
57	176	1.02854
57	177	1.07533
57	178	1.04828
57	179	0.775931
57	180	1.04754
58	14	0.944081
58	61	1.00763
58	77	1.02282
58	78	1.03237
58	82	1.02941
58	99	1.00107
58	114	0.95575
58	145	0.968468
58	154	1.06432
58	159	1.01996
58	163	0.984223
58	170	1.10395
58	171	1.21228
58	176	1.2733
58	179	1.02725
59	18	1.11078
59	35	1.0477
59	60	0.986363
59	81	1.00957
59	88	0.965497
59	89	0.954107
59	93	0.979566
59	104	0.979938
59	111	0.965747
59	124	1.09792
59	142	1.06742
59	145	1.04647
59	153	1.16178
59	158	1.07367
59	177	1.19949
60	3	0.870017
60	18	1.12444
60	29	0.976201
60	35	1.06136
60	59	0.986363
60	88	0.979159
60	93	0.993228
60	104	0.993601
60	111	0.97941
60	128	0.901533
60	129	1.03663
60	148	1.03347
60	150	1.1342
60	177	1.20437
60	180	1.24701
61	53	1.04747
61	56	0.880281
61	58	1.00763
61	62	1.0015
61	70	1.05647
61	82	1.01068
61	99	0.982336
61	114	0.93702
61	124	1.11165
61	126	1.16832
61	131	1.07124
61	145	1.0602
61	163	0.965493
61	168	1.25084
61	179	1.00852
62	33	1.05092
62	47	0.962589
62	61	1.0015
62	66	0.902671
62	77	1.0167
62	78	1.02625
62	99	0.994944
62	114	0.949628
62	151	1.03053
62	163	0.978101
62	167	1.13826
62	168	1.20568
62	173	1.19534
62	177	1.16805
62	179	1.02113
63	11	0.953006
63	19	0.878768
63	34	0.989559
63	38	0.952077
63	50	1.0175
63	89	1.10679
63	168	1.01622
63	169	1.04486
63	173	1.01463
63	174	1.01979
63	175	0.983247
63	176	0.972244
63	177	1.01904
63	178	0.991988
63	180	0.991241
64	54	0.974426
64	57	0.879135
64	93	1.00057
64	100	1.00202
64	104	1.00094
64	111	0.986748
64	127	0.993509
64	132	1.02502
64	134	0.995658
64	148	0.997425
64	154	1.11117
64	163	0.978397
64	166	1.27796
64	174	1.18185
64	179	1.02142
65	4	1.05911
65	5	0.802843
65	12	1.05741
65	42	1.0881
65	51	1.08798
65	75	0.931283
65	128	0.914672
65	133	1.02834
65	145	0.920228
65	146	1.13728
65	160	1.15798
65	162	1.02608
65	166	1.18287
65	169	1.07496
65	178	1.18073
66	18	0.798574
66	62	0.902671
66	67	0.747259
66	117	0.817174
66	119	0.884656
66	149	0.912709
66	164	1.11519
66	169	1.10681
66	173	1.07658
66	174	1.08173
66	175	1.04519
66	176	1.03419
66	177	1.08098
66	178	1.05393
66	179	0.799744
66	180	1.05319
67	11	1.27434
67	16	1.09838
67	26	0.859455
67	28	1.03366
67	34	1.09537
67	66	0.747259
67	86	1.0085
67	92	1.00846
67	95	1.00845
67	105	1.01762
67	146	1.07668
67	152	1.05535
67	160	1.09738
67	166	1.12227
67	169	1.01436
67	174	1.02616
68	10	1.06714
68	31	0.83708
68	54	1.348
68	107	0.912503
68	115	0.895848
68	116	0.884189
68	119	0.862958
68	123	0.889765
68	125	1.28186
68	141	0.837791
68	143	0.882206
68	144	0.865751
68	149	0.847872
68	159	1.44039
68	179	0.870543
68	180	1.58455
69	43	0.961815
69	76	0.985744
69	94	1.05836
69	98	1.1038
69	117	1.07141
69	121	1.0786
69	126	1.05607
69	127	1.06591
69	128	1.20155
69	132	1.09742
69	137	0.944512
69	150	0.947776
69	156	0.873927
69	160	1.10269
69	162	1.09269
69	170	1.00042
70	33	1.10589
70	61	1.05647
70	78	1.08122
70	82	1.07826
70	97	1.04994
70	114	1.0046
70	122	1.08242
70	125	0.848535
70	131	0.966614
70	137	1.03515
70	145	0.955572
70	161	1.08556
70	163	1.03307
70	173	1.13587
70	174	1.1221
70	179	1.0761
71	23	0.855997
71	30	0.854863
71	36	0.934321
71	49	0.93418
71	73	0.785722
71	87	0.845048
71	124	0.870366
71	126	0.839643
71	147	1.25383
71	152	0.863958
71	157	0.85315
71	163	1.35407
71	168	1.43474
71	171	1.48791
71	172	0.935668
71	174	1.41063
72	1	0.860488
72	75	1.05452
72	82	0.791234
72	89	1.10415
72	92	0.88976
72	104	1.12998
72	110	0.814197
72	111	1.11579
72	127	0.863203
72	149	0.857266
72	162	1.14932
72	172	0.678852
72	175	1.02183
72	176	1.01082
72	178	1.03057
72	180	1.02982
73	23	0.915065
73	30	0.913931
73	36	0.993389
73	49	0.993247
73	71	0.785722
73	87	0.904116
73	124	0.929434
73	126	0.898711
73	129	1.09722
73	146	1.329
73	150	1.19479
73	152	0.923026
73	153	1.22725
73	157	0.912217
73	172	0.994736
73	174	1.27848
73	180	1.3076
74	91	1.12255
74	120	1.16012
74	123	0.954592
74	135	0.912488
74	136	0.900405
74	139	1.18576
74	140	0.925128
74	141	0.902618
74	143	0.947032
74	144	0.930577
74	149	0.912698
74	160	0.846792
74	162	0.93423
74	165	1.21
74	172	0.993639
74	176	1.43739
74	180	1.32821
75	4	0.964089
75	5	0.707824
75	12	0.962389
75	42	0.993083
75	43	0.9004
75	51	0.992965
75	65	0.931283
75	72	1.05452
75	128	0.819652
75	133	0.933317
75	142	1.16622
75	147	1.155
75	148	1.12737
75	151	1.16076
75	160	1.38302
75	162	0.931064
75	176	1.45009
76	37	0.974568
76	50	0.966395
76	69	0.985744
76	79	0.938984
76	83	0.929496
76	94	0.884591
76	98	0.930038
76	117	0.897645
76	127	0.892146
76	132	0.923657
76	142	1.12393
76	159	1.15448
76	161	1.23297
76	162	0.918921
76	174	1.26951
76	175	1.35725
76	180	1.29863
77	33	1.0535
77	53	1.06266
77	58	1.02282
77	62	1.0167
77	82	1.02587
77	97	0.997556
77	99	0.997528
77	114	0.952212
77	120	1.01837
77	122	1.03003
77	124	1.04226
77	151	1.00631
77	153	1.10612
77	159	1.04231
77	164	1.15093
77	179	1.02371
77	180	1.18646
78	14	0.950093
78	53	1.07221
78	58	1.03237
78	62	1.02625
78	70	1.08122
78	82	1.03542
78	99	1.00708
78	113	1.01295
78	114	0.961761
78	124	1.00392
78	145	0.952475
78	161	1.08246
78	163	0.990235
78	171	1.19629
78	177	1.10549
78	178	1.21298
78	179	1.03326
79	52	0.955209
79	76	0.938984
79	83	1.0565
79	98	1.05704
79	100	1.02766
79	117	1.02465
79	121	1.03184
79	127	1.01915
79	131	0.948278
79	132	1.05066
79	139	0.990439
79	151	1.04294
79	157	1.01516
79	160	1.17499
79	169	1.09197
79	175	1.1915
79	180	1.13289
80	2	1.03435
80	6	1.03574
80	25	0.976437
80	109	1.0184
80	131	1.04696
80	133	1.02998
80	134	1.0031
80	138	1.13156
80	150	1.04394
80	152	1.01543
80	156	0.970087
80	158	0.98829
80	163	0.98584
80	165	1.03853
80	169	1.11582
80	176	1.26593
80	179	1.02887
81	18	1.14765
81	29	0.999412
81	35	1.08458
81	47	1.04642
81	59	1.00957
81	88	1.00237
81	89	0.990981
81	93	1.01644
81	97	1.0446
81	104	1.01681
81	111	1.00262
81	128	0.924745
81	130	0.958443
81	151	0.980032
81	154	1.06039
81	160	1.20229
81	180	1.16019
82	33	1.06009
82	47	0.971764
82	58	1.02941
82	61	1.01068
82	70	1.07826
82	72	0.791234
82	77	1.02587
82	78	1.03542
82	114	0.958804
82	147	0.968786
82	160	1.1968
82	163	0.987277
82	168	1.14969
82	170	1.09453
82	173	1.13934
82	177	1.11206
82	179	1.0303
83	14	1.13577
83	50	1.08391
83	76	0.929496
83	79	1.0565
83	94	1.00211
83	98	1.04756
83	100	1.01818
83	117	1.01516
83	121	1.02235
83	127	1.00966
83	129	0.906248
83	132	1.04118
83	155	1.00831
83	157	0.9989
83	166	1.18361
83	178	1.18148
83	179	0.813429
84	14	1.1416
84	19	1.11548
84	27	0.959605
84	119	1.01159
84	123	1.0384
84	130	0.920711
84	135	0.996292
84	136	0.98421
84	140	1.00893
84	143	1.03084
84	144	1.01438
84	158	0.954001
84	163	1.03678
84	168	1.11745
84	174	1.09334
84	178	1.18731
84	179	1.01917
85	2	1.02937
85	24	0.976638
85	38	1.04991
85	55	1.05235
85	101	0.941437
85	109	1.01342
85	131	1.04197
85	134	0.99812
85	142	1.01166
85	150	1.07355
85	152	1.01044
85	156	0.999706
85	161	1.1207
85	163	0.980858
85	174	1.15725
85	175	1.24498
85	179	1.02388
86	11	1.1734
86	16	0.997443
86	28	0.932723
86	34	0.99444
86	46	1.00984
86	67	1.0085
86	92	0.907528
86	95	0.907518
86	105	0.916686
86	131	0.985945
86	142	1.018
86	151	1.01254
86	152	0.954416
86	158	1.02425
86	175	1.25132
86	176	1.30188
86	177	1.15006
86	180	1.1927
87	23	0.974391
87	30	0.973258
87	36	1.05272
87	49	1.05257
87	56	0.912436
87	71	0.845048
87	73	0.904116
87	124	0.98876
87	126	0.958038
87	148	1.07446
87	151	1.10785
87	152	0.982352
87	155	1.17969
87	157	0.971544
87	158	1.11955
87	163	1.20233
87	172	1.05406
87	177	1.24537
88	14	0.91005
88	18	1.10357
88	26	0.989716
88	29	0.955335
88	35	1.0405
88	59	0.965497
88	60	0.979159
88	81	1.00237
88	89	0.946904
88	93	0.972362
88	104	0.972734
88	111	0.958544
88	124	1.04134
88	164	1.15001
88	165	1.06733
88	168	1.18053
88	171	1.2337
88	180	1.18554
89	18	1.09218
89	29	0.943945
89	35	1.02911
89	59	0.954107
89	63	1.10679
89	72	1.10415
89	81	0.990981
89	88	0.946904
89	93	0.960973
89	104	0.961345
89	111	0.947154
89	128	0.869278
89	150	1.12721
89	153	1.15967
89	156	1.05336
89	159	1.09587
89	165	1.1218
89	167	1.16758
90	3	0.712732
90	115	1.10031
90	123	1.09423
90	129	0.87935
90	135	1.05212
90	140	1.06476
90	141	1.04225
90	143	1.08667
90	144	1.07021
90	149	1.05233
90	157	0.972001
90	159	0.945572
90	168	1.08472
90	172	1.13327
90	174	1.06061
90	176	1.1989
90	179	1.075
90	180	1.08972
91	74	1.12255
91	123	0.905678
91	143	0.917049
91	152	0.947625
91	158	1.07556
91	162	0.919493
91	167	1.03386
91	168	0.985492
91	171	0.976122
91	172	0.836649
91	173	0.983906
91	174	0.989062
91	175	0.95252
91	176	0.941517
91	177	0.988311
91	178	0.961261
91	179	0.902099
91	180	0.960514
92	11	1.17336
92	16	0.997402
92	28	0.932682
92	34	0.994399
92	46	1.0098
92	67	1.00846
92	72	0.88976
92	86	0.907528
92	95	0.907477
92	105	0.916645
92	113	1.11805
92	125	0.950536
92	131	0.985904
92	152	0.954375
92	160	1.29533
92	167	1.18079
92	170	1.19305
92	174	1.2241
93	29	0.969404
93	35	1.05457
93	59	0.979566
93	60	0.993228
93	64	1.00057
93	81	1.01644
93	88	0.972362
93	89	0.960973
93	104	0.986803
93	111	0.972613
93	126	1.13489
93	128	0.894736
93	139	1.07997
93	148	1.00888
93	155	1.1141
93	164	1.18689
93	167	1.14998
93	171	1.27058
94	69	1.05836
94	76	0.884591
94	83	1.00211
94	97	0.966518
94	117	0.970259
94	121	0.977447
94	126	0.954919
94	127	0.96476
94	132	0.996271
94	133	0.993787
94	151	0.98855
94	158	1.02711
94	163	1.10989
94	164	1.16003
94	165	1.07735
94	167	1.12313
94	169	1.15464
94	176	1.30474
95	11	1.17335
95	16	0.997392
95	28	0.932672
95	34	0.994388
95	46	1.00979
95	67	1.00845
95	86	0.907518
95	92	0.907477
95	105	0.916635
95	131	0.985894
95	145	1.01689
95	147	1.02663
95	152	0.954364
95	158	1.04408
95	163	1.12686
95	173	1.19718
95	175	1.27116
95	178	1.27739
96	1	1.06533
96	7	1.07849
96	22	1.03279
96	41	0.990644
96	45	0.992808
96	97	1.00052
96	102	1.04784
96	103	1.04476
96	108	0.984712
96	110	1.05528
96	124	0.971905
96	156	0.929446
96	160	0.976788
96	164	1.08057
96	168	1.1111
96	169	1.07518
96	172	1.12364
96	174	1.08699
96	176	1.22528
97	42	1.03533
97	70	1.04994
97	77	0.997556
97	81	1.0446
97	94	0.966518
97	96	1.00052
97	104	1.02582
97	109	0.999265
97	114	0.930488
97	127	0.974074
97	132	1.00558
97	140	1.03667
97	143	1.00713
97	151	0.997864
97	175	0.87335
97	176	0.862348
97	178	0.882092
97	179	1.00199
97	180	0.881345
98	14	1.06216
98	37	1.09263
98	69	1.1038
98	76	0.930038
98	79	1.05704
98	83	1.04756
98	117	1.01571
98	121	1.02289
98	127	1.01021
98	132	1.04172
98	133	1.03923
98	138	1.01784
98	146	1.06442
98	153	0.962671
98	162	1.03698
98	163	0.957346
98	168	1.03801
98	176	1.1522
98	178	1.10787
99	26	0.950543
99	33	1.03175
99	53	1.04091
99	58	1.00107
99	61	0.982336
99	62	0.994944
99	77	0.997528
99	78	1.00708
99	106	1.03701
99	114	0.930461
99	122	1.00828
99	124	1.00217
99	156	0.959709
99	160	1.18847
99	163	0.958934
99	166	1.21336
99	170	1.0862
99	178	1.21122
99	179	1.00196
99	180	1.14637
100	21	0.942109
100	50	1.05508
100	52	0.916883
100	57	0.858452
100	64	1.00202
100	79	1.02766
100	83	1.01818
100	117	0.986326
100	121	0.993514
100	126	0.970986
100	127	0.980827
100	131	1.00568
100	132	1.01234
100	148	0.976743
100	151	1.00462
100	162	1.0076
100	167	1.11785
100	175	1.2489
100	176	1.29947
100	180	1.19029
101	85	0.941437
101	111	0.937205
101	122	0.871468
101	134	0.920227
101	149	0.975801
101	152	0.908363
101	159	1.08348
101	162	0.88023
101	166	0.998242
101	168	1.00685
101	169	1.03549
101	171	0.997476
101	172	0.797387
101	173	1.00526
101	174	1.01042
101	175	0.973874
101	176	0.962871
101	177	1.00967
101	178	0.982615
101	180	0.981868
102	1	1.01058
102	8	1.03173
102	22	0.97804
102	40	1.11744
102	41	0.935898
102	45	0.938062
102	96	1.04784
102	103	0.990012
102	108	0.929966
102	131	1.04385
102	145	1.03281
102	151	1.0065
102	154	1.12866
102	155	1.12015
102	157	1.11074
102	158	1.06001
102	160	0.922042
102	170	1.16829
102	172	1.06889
102	177	1.18582
103	7	1.02066
103	8	1.02864
103	40	1.11436
103	41	0.932814
103	45	0.934977
103	96	1.04476
103	102	0.990012
103	108	0.926881
103	110	0.997454
103	129	0.995262
103	131	1.02103
103	151	1.00341
103	156	1.01898
103	160	0.918958
103	163	1.11996
103	168	1.20063
103	170	1.14547
103	172	1.06581
103	173	1.19028
103	177	1.163
104	18	1.11801
104	29	0.969776
104	59	0.979938
104	60	0.993601
104	64	1.00094
104	72	1.12998
104	81	1.01681
104	88	0.972734
104	89	0.961345
104	93	0.986803
104	97	1.02582
104	111	0.972985
104	128	0.895108
104	153	1.06106
104	158	0.972953
104	160	1.18351
104	165	1.02319
104	176	1.25059
104	177	1.09877
104	180	1.14141
105	3	1.10539
105	11	1.18252
105	16	1.00656
105	28	0.94184
105	34	1.00356
105	46	1.01896
105	67	1.01762
105	86	0.916686
105	92	0.916645
105	95	0.916635
105	124	1.07905
105	125	0.920561
105	131	0.995062
105	139	1.0808
105	148	1.0097
105	150	1.11044
105	152	0.963533
105	170	1.16308
105	173	1.20789
105	175	1.28187
106	32	1.21744
106	48	1.09471
106	55	1.09165
106	99	1.03701
106	114	0.99169
106	119	1.0556
106	134	1.03742
106	135	1.04031
106	144	1.0584
106	145	0.899452
106	147	0.909191
106	149	1.04052
106	153	1.01475
106	157	1.03894
106	159	0.950949
106	163	1.02016
106	165	0.976888
106	171	1.14326
106	177	1.05246
106	179	1.06319
106	180	1.0951
107	39	0.967307
107	43	1.01121
107	68	0.912503
107	119	1.06252
107	122	1.07643
107	123	1.08933
107	135	1.04722
107	136	1.03514
107	137	0.99391
107	140	1.05986
107	143	1.08177
107	144	1.06531
107	147	0.924073
107	149	1.04743
107	150	0.997174
107	156	0.923325
107	159	0.96583
107	171	1.15815
107	172	1.12837
107	176	1.21916
107	177	1.06735
108	1	0.947452
108	7	0.960617
108	8	0.968597
108	22	0.91491
108	40	1.05431
108	41	0.872768
108	45	0.874932
108	96	0.984712
108	102	0.929966
108	103	0.926881
108	110	0.937408
108	120	1.13675
108	122	0.953813
108	126	1.21732
108	153	1.2245
108	155	1.19653
108	156	1.11819
108	158	1.13639
108	160	0.858912
108	166	1.37184
108	169	1.26393
108	172	1.00576
109	6	1.02455
109	13	1.02833
109	25	0.965246
109	47	1.00108
109	48	1.0492
109	55	1.04614
109	80	1.0184
109	85	1.01342
109	97	0.999265
109	131	1.03576
109	134	0.991911
109	142	0.940153
109	152	1.00423
109	157	0.993426
109	160	1.15696
109	163	0.974649
109	167	1.04242
109	168	1.10985
109	170	1.05468
109	175	1.17347
109	177	1.07221
109	179	1.01768
110	1	1.01802
110	7	1.03119
110	8	1.03917
110	22	0.985482
110	40	1.12488
110	41	0.94334
110	72	0.814197
110	96	1.05528
110	103	0.997454
110	108	0.937408
110	122	1.02438
110	137	1.06159
110	147	0.991749
110	151	1.01394
110	160	0.929484
110	163	1.09199
110	164	1.14213
110	165	1.05945
110	168	1.17265
110	172	1.07633
110	174	1.14854
110	180	1.17766
111	14	0.910301
111	18	1.10382
111	21	0.933956
111	29	0.955585
111	35	1.04075
111	47	1.06836
111	59	0.965747
111	60	0.97941
111	64	0.986748
111	72	1.11579
111	81	1.00262
111	88	0.958544
111	89	0.947154
111	93	0.972613
111	101	0.937205
111	104	0.972985
111	128	0.880918
111	138	1.15695
111	157	1.06441
111	160	1.22424
111	170	1.12196
111	174	1.15301
111	180	1.18213
112	20	1.08672
112	31	0.949486
112	44	1.04151
112	56	0.862313
112	113	1.10271
112	116	0.996595
112	119	0.975365
112	124	1.09368
112	135	0.960068
112	136	0.947985
112	139	1.09544
112	140	0.972708
112	141	0.950198
112	143	0.994612
112	144	0.978157
112	149	0.960278
112	150	1.12507
112	158	1.06943
112	162	0.98181
112	169	1.19696
112	173	1.22253
112	178	1.30274
112	179	0.98295
113	49	0.938553
113	78	1.01295
113	92	1.11805
113	112	1.10271
113	121	1.00426
113	122	0.981219
113	132	1.01896
113	154	1.02987
113	161	1.00661
113	165	1.02305
113	166	0.945793
113	168	0.954397
113	169	0.98304
113	170	0.992726
113	171	0.945027
113	172	0.907138
113	173	0.952811
113	174	0.957967
113	175	0.921425
113	176	0.910422
113	177	0.957216
113	178	0.930166
113	179	0.972587
113	180	0.929419
114	10	0.780989
114	33	0.986432
114	53	0.995596
114	58	0.95575
114	61	0.93702
114	62	0.949628
114	70	1.0046
114	77	0.952212
114	78	0.961761
114	82	0.958804
114	97	0.930488
114	99	0.930461
114	106	0.99169
114	122	0.962967
114	125	0.995709
114	145	1.10275
114	151	1.11824
114	153	1.21805
114	157	1.18067
114	163	0.913617
114	168	1.29339
114	175	1.35701
114	176	1.40758
114	179	0.956644
115	9	1.04965
115	27	0.99388
115	68	0.895848
115	90	1.10031
115	126	1.05603
115	130	0.941817
115	135	1.03057
115	136	1.01848
115	140	1.04321
115	141	1.0207
115	143	1.06511
115	144	1.04866
115	149	1.03078
115	155	1.03525
115	158	0.975107
115	160	0.964871
115	161	1.0779
115	162	1.05231
115	163	1.05789
115	164	1.10803
115	168	1.13856
115	170	1.08339
115	178	1.20841
115	179	1.05345
116	20	1.14556
116	68	0.884189
116	112	0.996595
116	119	1.0342
116	123	1.06101
116	126	1.03042
116	128	1.25891
116	135	1.01891
116	136	1.00683
116	137	1.00188
116	141	1.00904
116	142	0.943253
116	143	1.05345
116	146	1.13935
116	147	0.932042
116	149	1.01912
116	157	1.00023
116	160	0.953212
116	162	1.04065
116	166	1.18494
116	172	1.10006
116	173	1.1026
116	177	1.07532
116	179	1.04179
117	32	1.24754
117	37	1.06024
117	50	1.05206
117	52	0.913871
117	66	0.817174
117	69	1.07141
117	76	0.897645
117	79	1.02465
117	83	1.01516
117	94	0.970259
117	98	1.01571
117	100	0.986326
117	121	0.990502
117	127	0.977815
117	132	1.00933
117	142	0.950494
117	151	1.00161
117	156	0.938535
117	161	1.05953
117	162	1.00459
117	166	1.19218
117	168	1.12019
117	173	1.10984
117	176	1.23437
117	178	1.19005
118	5	1.62304
118	30	0.927584
118	39	1.00211
118	41	1.02082
118	53	0.834094
118	127	0.869159
118	135	0.815771
118	143	0.765207
118	149	0.863221
118	155	1.07111
118	161	1.04506
118	165	1.0615
118	166	0.984252
118	167	1.04122
118	168	0.992856
118	170	1.03119
118	171	0.983487
118	173	0.99127
118	174	0.996426
118	175	0.959884
118	176	0.948882
118	177	0.995676
118	178	0.968626
118	179	0.750257
118	180	0.967879
119	54	0.956133
119	66	0.884656
119	68	0.862958
119	84	1.01159
119	106	1.0556
119	107	1.06252
119	112	0.975365
119	116	1.0342
119	123	1.03978
119	126	1.10515
119	130	0.99093
119	131	1.00807
119	135	0.997677
119	136	0.985595
119	140	1.01032
119	141	0.987807
119	142	1.01798
119	143	1.03222
119	144	1.01577
119	149	0.997888
119	151	1.01252
119	157	1.07495
119	164	1.15715
119	172	1.07883
119	175	1.25129
119	176	1.30186
119	179	1.02056
120	8	0.985551
120	28	1.11395
120	34	0.954694
120	51	0.97784
120	55	0.92645
120	74	1.16012
120	77	1.01837
120	108	1.13675
120	133	0.974492
120	155	1.04477
120	161	1.01873
120	165	1.03517
120	166	0.957913
120	167	1.01488
120	168	0.966517
120	169	0.995161
120	170	1.00485
120	171	0.957147
120	173	0.964931
120	174	0.970087
120	175	0.933545
120	176	0.922542
120	177	0.969336
120	178	0.942286
120	179	0.93967
120	180	0.941539
121	37	1.06742
121	50	1.05925
121	52	0.921059
121	69	1.0786
121	79	1.03184
121	83	1.02235
121	94	0.977447
121	98	1.02289
121	100	0.993514
121	113	1.00426
121	117	0.990502
121	126	0.975162
121	127	0.985003
121	132	1.01651
121	133	1.01403
121	147	0.953523
121	148	0.92589
121	151	1.00879
121	160	1.18154
121	162	1.01178
121	165	1.02122
121	166	1.20642
121	169	1.09851
121	170	1.07926
121	174	1.11031
121	177	1.0968
121	178	1.20429
122	1	1.03443
122	7	1.04759
122	45	0.961909
122	70	1.08242
122	77	1.03003
122	99	1.00828
122	101	0.871468
122	107	1.07643
122	108	0.953813
122	110	1.02438
122	113	0.981219
122	114	0.962967
122	123	1.05369
122	128	1.25736
122	136	0.999503
122	141	1.00172
122	147	0.930485
122	148	0.902853
122	149	1.0118
122	163	0.99144
122	164	1.08087
122	165	0.998182
122	169	1.07548
122	172	1.09274
122	173	1.10104
122	175	1.17501
122	178	1.18125
122	179	1.03447
122	180	1.1164
123	27	0.987797
123	31	1.0139
123	43	1.01257
123	68	0.889765
123	74	0.954592
123	84	1.0384
123	90	1.09423
123	91	0.905678
123	107	1.08933
123	116	1.06101
123	119	1.03978
123	122	1.05369
123	126	1.02381
123	135	1.02448
123	140	1.03713
123	141	1.01461
123	143	1.05903
123	144	1.04257
123	149	1.02469
123	150	0.998533
123	154	1.01154
123	155	1.00303
123	161	1.04568
123	164	1.07581
123	169	1.07042
123	170	1.05117
123	172	1.10564
123	173	1.09599
123	175	1.16996
123	179	1.04737
123	180	1.11134
124	4	0.997689
124	11	0.942035
124	17	1.01637
124	36	1.07803
124	38	1.04714
124	43	0.989307
124	49	1.07789
124	55	1.04957
124	59	1.09792
124	61	1.11165
124	71	0.870366
124	73	0.929434
124	77	1.04226
124	78	1.00392
124	87	0.98876
124	88	1.04134
124	96	0.971905
124	99	1.00217
124	105	1.07905
124	112	1.09368
124	134	0.995346
124	157	0.996861
124	164	0.962477
124	168	0.925445
124	170	0.963775
124	172	1.07938
124	174	0.929015
124	176	0.881471
124	177	0.928265
124	179	1.02111
124	180	0.900468
125	41	1.07564
125	48	0.890848
125	68	1.28186
125	70	0.848535
125	92	0.950536
125	105	0.920561
125	114	0.995709
125	132	0.851453
125	140	0.849572
125	141	0.907166
125	149	0.918042
125	152	0.850604
125	154	1.06738
125	158	1.08197
125	159	1.06855
125	161	1.04412
125	164	1.02894
125	165	1.06056
125	166	0.983304
125	167	1.04027
125	168	0.991908
125	169	1.02055
125	170	1.03024
125	171	0.982539
125	173	0.990323
125	174	0.995478
125	175	0.958936
125	176	0.947934
125	177	0.994728
125	178	0.967678
125	179	0.805077
125	180	0.966931
126	45	1.19756
126	61	1.16832
126	69	1.05607
126	71	0.839643
126	73	0.898711
126	87	0.958038
126	93	1.13489
126	94	0.954919
126	100	0.970986
126	108	1.21732
126	115	1.05603
126	116	1.03042
126	119	1.10515
126	121	0.975162
126	123	1.02381
126	127	0.962474
126	128	0.877837
126	132	0.993985
126	134	1.07763
126	137	0.995594
126	144	1.04171
126	157	0.966139
126	171	0.885353
126	172	1.04866
126	173	0.893137
126	175	0.861751
126	176	0.850748
126	177	0.897542
126	178	0.870493
126	179	1.02024
126	180	0.869746
127	37	1.05474
127	47	0.94169
127	50	1.04656
127	52	0.908372
127	64	0.993509
127	69	1.06591
127	72	0.863203
127	76	0.892146
127	79	1.01915
127	83	1.00966
127	94	0.96476
127	97	0.974074
127	98	1.01021
127	100	0.980827
127	117	0.977815
127	118	0.869159
127	121	0.985003
127	126	0.962474
127	131	1.04206
127	132	1.00383
127	133	1.00134
127	138	1.20148
127	150	1.11386
127	151	0.996106
127	155	1.11835
127	157	1.10894
127	158	1.05821
127	160	1.26877
127	162	0.99909
127	163	1.14099
127	169	1.18575
127	173	1.21131
127	174	1.19755
128	5	0.691213
128	17	1.30153
128	27	1.3685
128	36	1.23031
128	39	1.50058
128	42	0.976472
128	50	1.29169
128	51	0.976354
128	60	0.901533
128	65	0.914672
128	69	1.20155
128	75	0.819652
128	81	0.924745
128	89	0.869278
128	93	0.894736
128	104	0.895108
128	111	0.880918
128	116	1.25891
128	122	1.25736
128	126	0.877837
128	133	0.916706
128	135	1.31424
128	143	1.26368
128	150	0.892592
128	160	0.827015
128	162	0.914453
128	164	0.856959
128	174	0.823497
128	175	0.786955
128	176	0.775952
128	177	0.822746
128	178	0.795697
128	180	0.79495
129	6	0.911313
129	24	1.07932
129	60	1.03663
129	73	1.09722
129	83	0.906248
129	90	0.87935
129	103	0.995262
129	134	0.954779
129	135	0.962903
129	141	0.999477
129	149	1.01035
129	153	1.02386
129	156	1.08799
129	158	1.05711
129	159	1.04368
129	161	1.01925
129	164	1.00408
129	165	1.03569
129	166	0.958441
129	167	1.01541
129	168	0.967045
129	169	0.995688
129	170	1.00537
129	171	0.957675
129	172	0.83194
129	173	0.965459
129	174	0.970615
129	175	0.934073
129	176	0.92307
129	177	0.969864
129	178	0.942814
129	179	0.897389
129	180	0.942067
130	33	0.973104
130	46	0.928429
130	81	0.958443
130	84	0.920711
130	115	0.941817
130	119	0.99093
130	132	0.952394
130	135	0.971532
130	136	1.01319
130	140	0.950513
130	148	1.08648
130	149	1.01898
130	156	1.08472
130	158	1.05383
130	159	1.04041
130	161	1.01598
130	162	0.923412
130	164	1.0008
130	165	1.03242
130	166	0.955166
130	167	1.01213
130	168	0.96377
130	169	0.992414
130	170	1.0021
130	171	0.954401
130	173	0.962184
130	174	0.96734
130	175	0.930798
130	176	0.919795
130	177	0.966589
130	178	0.93954
130	179	0.906018
130	180	0.938793
131	28	1.0111
131	29	1.0597
131	44	0.898102
131	46	1.08822
131	61	1.07124
131	70	0.966614
131	79	0.948278
131	80	1.04696
131	85	1.04197
131	86	0.985945
131	92	0.985904
131	95	0.985894
131	100	1.00568
131	102	1.04385
131	103	1.02103
131	105	0.995062
131	109	1.03576
131	119	1.00807
131	127	1.04206
131	134	1.02047
131	135	0.98867
131	140	0.967652
131	157	1.02198
131	163	1.00321
131	166	0.941963
131	169	0.979211
131	172	0.857707
131	173	0.948981
131	175	0.917595
131	176	0.906593
131	178	0.926337
131	179	1.04623
131	180	0.92559
132	37	1.08625
132	43	1.05537
132	47	0.973202
132	50	1.07807
132	52	0.939883
132	64	1.02502
132	69	1.09742
132	76	0.923657
132	79	1.05066
132	83	1.04118
132	94	0.996271
132	97	1.00558
132	98	1.04172
132	100	1.01234
132	113	1.01896
132	117	1.00933
132	121	1.01651
132	125	0.851453
132	126	0.993985
132	127	1.00383
132	130	0.952394
132	133	1.03285
132	139	1.01169
132	150	1.04133
132	151	1.02762
132	153	1.07379
132	158	0.985684
132	161	1.08848
132	162	1.0306
132	163	1.06847
132	165	1.03593
132	169	1.11322
132	176	1.26332
132	177	1.1115
133	4	1.06114
133	5	0.804877
133	12	1.05944
133	25	0.976827
133	50	1.07559
133	52	0.937399
133	57	0.810753
133	65	1.02834
133	75	0.933317
133	80	1.02998
133	94	0.993787
133	98	1.03923
133	120	0.974492
133	121	1.01403
133	127	1.00134
133	128	0.916706
133	132	1.03285
133	134	1.00349
133	138	1.1174
133	139	1.00014
133	148	0.929044
133	152	1.01582
133	157	1.00501
133	160	1.18469
133	161	1.07693
133	162	1.02812
133	163	0.98623
133	164	1.10706
133	171	1.19075
133	173	1.12723
133	174	1.11347
133	175	1.20121
133	176	1.25177
133	178	1.20744
133	179	1.02926
134	2	1.00786
134	6	1.00925
134	13	1.01303
134	24	0.955132
134	25	0.949949
134	38	1.02841
134	43	0.970575
134	48	1.0339
134	55	1.03084
134	64	0.995658
134	80	1.0031
134	85	0.99812
134	101	0.920227
134	106	1.03742
134	109	0.991911
134	124	0.995346
134	126	1.07763
134	129	0.954779
134	131	1.02047
134	133	1.00349
134	146	1.18655
134	148	0.951611
134	152	0.988938
134	156	0.978496
134	157	0.97813
134	160	1.20726
134	161	1.09949
134	163	0.959352
134	165	1.04694
134	169	1.12423
134	173	1.1498
134	174	1.13604
134	177	1.12252
134	178	1.23001
134	179	1.00238
135	9	1.00146
135	17	0.96302
135	21	0.925101
135	44	1.06383
135	54	0.936735
135	74	0.912488
135	84	0.996292
135	90	1.05212
135	106	1.04031
135	107	1.04722
135	112	0.960068
135	115	1.03057
135	116	1.01891
135	118	0.815771
135	119	0.997677
135	123	1.02448
135	128	1.31424
135	129	0.962903
135	130	0.971532
135	131	0.98867
135	136	0.970298
135	140	0.995021
135	141	0.972511
135	143	1.01693
135	144	1.00047
135	149	0.982591
135	157	1.05555
135	159	1.02912
135	160	0.916685
135	161	1.10762
135	165	1.05506
135	169	1.13236
135	171	1.22144
135	175	1.2319
135	179	1.00526
136	17	0.950938
136	20	1.09695
136	27	0.933611
136	39	0.890383
136	74	0.900405
136	84	0.98421
136	107	1.03514
136	112	0.947985
136	115	1.01848
136	116	1.00683
136	119	0.985595
136	122	0.999503
136	130	1.01319
136	135	0.970298
136	137	1.09886
136	138	1.18975
136	139	1.07249
136	140	0.982939
136	141	0.960428
136	142	1.04024
136	143	1.00484
136	144	0.988387
136	148	1.00139
136	149	0.970508
136	156	1.02828
136	157	1.09721
136	158	1.04648
136	160	0.904602
136	162	0.99204
136	166	1.28193
136	168	1.20993
136	170	1.15477
136	172	1.05145
136	175	1.27356
136	178	1.27979
136	179	0.99318
137	11	0.970162
137	18	0.99052
137	55	0.978471
137	69	0.944512
137	70	1.03515
137	107	0.99391
137	110	1.06159
137	116	1.00188
137	126	0.995594
137	136	1.09886
137	140	1.03619
137	146	0.967321
137	149	1.10465
137	150	1.01035
137	152	1.03722
137	154	1.01315
137	155	1.01594
137	156	1.05863
137	159	1.01432
137	161	0.989893
137	162	1.00908
137	164	0.974716
137	165	1.00633
137	166	0.92908
137	167	0.986048
137	168	0.937684
137	169	0.966328
137	170	0.976014
137	171	0.928315
137	173	0.936098
137	174	0.941254
137	175	0.904712
137	176	0.893709
137	177	0.940503
137	178	0.913454
137	179	0.99169
137	180	0.912707
138	1	1.19877
138	19	0.986814
138	38	1.06012
138	42	1.12574
138	43	0.955069
138	80	1.13156
138	98	1.01784
138	111	1.15695
138	127	1.20148
138	133	1.1174
138	136	1.18975
138	144	1.10405
138	148	1.01391
138	153	0.948027
138	154	0.966676
138	155	0.96946
138	156	1.01216
138	158	0.981272
138	159	0.967844
138	161	0.943416
138	162	1.09997
138	164	0.928239
138	165	0.959856
138	166	0.882603
138	167	0.939571
138	168	0.891207
138	169	0.919851
138	170	0.929537
138	171	0.881837
138	173	0.889621
138	174	0.894777
138	175	0.858235
138	176	0.847232
138	177	0.894026
138	178	0.866977
138	179	1.08258
138	180	0.86623
139	28	1.13959
139	31	1.1478
139	40	0.83598
139	74	1.18576
139	79	0.990439
139	93	1.07997
139	105	1.0808
139	112	1.09544
139	132	1.01169
139	133	1.00014
139	136	1.07249
139	143	0.980267
139	146	0.964511
139	148	1.05758
139	153	0.991695
139	155	1.01313
139	156	1.05582
139	158	1.02494
139	159	1.01151
139	161	0.987083
139	164	0.971906
139	165	1.00352
139	166	0.92627
139	167	0.983238
139	168	0.934874
139	169	0.963518
139	170	0.973204
139	171	0.925505
139	172	0.899868
139	173	0.933288
139	174	0.938444
139	175	0.901902
139	176	0.8909
139	177	0.937694
139	178	0.910644
139	179	0.965317
139	180	0.909897
140	9	1.0141
140	19	1.11421
140	20	1.12167
140	31	0.984439
140	39	0.915106
140	44	1.07647
140	56	0.776689
140	74	0.925128
140	84	1.00893
140	90	1.06476
140	97	1.03667
140	107	1.05986
140	112	0.972708
140	115	1.04321
140	119	1.01032
140	123	1.03713
140	125	0.849572
140	130	0.950513
140	131	0.967652
140	135	0.995021
140	136	0.982939
140	137	1.03619
140	141	0.985151
140	143	1.02957
140	144	1.01311
140	145	0.956609
140	149	0.995231
140	153	1.07191
140	156	0.9656
140	157	1.03454
140	160	0.929325
140	163	1.06659
140	166	1.21925
