1	73	2.1725
1	161	0.921622
1	164	0.891905
1	166	0.895218
1	169	0.901837
1	171	0.843326
1	173	0.821603
1	175	0.872811
1	176	0.877094
1	177	0.866727
1	179	0.878926
1	180	0.845037
2	37	0.972378
2	105	0.987976
2	141	0.958859
2	144	0.959705
2	145	1.24495
2	151	0.961322
2	153	0.942242
2	156	0.96022
2	159	0.949563
2	165	0.947717
2	170	0.963767
2	174	1.61029
3	65	1.4234
3	83	0.974294
3	85	0.982271
3	91	0.949733
3	95	0.952345
3	110	0.959065
3	127	0.988231
3	132	0.967773
3	136	1.00154
3	160	1.57982
3	171	0.901772
3	174	0.92743
4	11	2.4
4	82	1.05418
4	86	1.04755
4	87	1.10705
4	89	1.11736
4	113	0.416518
4	117	0.628728
4	130	0.968316
4	154	1.10434
4	167	1.0237
4	168	1.1056
4	178	1.08029
5	18	1.06657
5	118	1.10207
5	121	1.09423
5	123	1.09476
5	142	1.02418
5	152	0.962502
5	160	0.986884
5	168	1.14865
5	171	1.02061
5	172	0.987768
5	174	1.04627
5	178	1.12335
6	42	0.954248
6	109	0.932139
6	135	0.975639
6	147	1.38502
6	148	0.955594
6	151	0.97079
6	153	0.95171
6	156	0.969688
6	159	0.959031
6	165	0.957185
6	169	1.46886
6	170	0.973235
7	62	0.809703
7	121	0.910464
7	165	1.97361
7	167	0.882988
7	168	0.964888
7	174	0.862507
7	175	0.866334
7	177	0.860249
7	178	0.939583
7	179	0.872448
7	180	0.838559
8	49	0.948951
8	106	0.996726
8	111	0.975988
8	122	0.874432
8	126	0.940935
8	131	1.09379
8	144	0.973095
8	151	0.974713
8	156	0.973611
8	157	1.74258
8	159	0.962954
8	170	0.977158
9	35	0.869905
9	45	0.942917
9	82	0.948118
9	86	0.94149
9	87	1.00098
9	89	1.0113
9	101	0.580954
9	154	0.998276
9	167	0.917636
9	168	0.999536
9	172	2.3108
9	178	0.974231
10	85	0.398231
10	149	1.05719
10	159	0.807468
10	161	1.11748
10	162	1.08473
10	166	1.09108
10	173	1.01746
10	175	1.06867
10	176	1.07295
10	177	1.06259
10	178	0.490609
10	180	1.0409
11	4	2.4
11	31	0.724184
11	66	0.949647
11	132	0.889665
11	134	0.90772
11	136	0.923433
11	165	0.90486
11	170	0.92091
11	176	0.857432
11	177	0.847064
11	179	0.859264
11	180	0.825374
12	140	1.00126
12	141	0.979291
12	159	0.980849
12	164	0.976681
12	166	0.979994
12	169	0.986613
12	173	0.906379
12	175	0.957587
12	176	0.96187
12	177	0.951503
12	179	0.963702
12	180	0.929813
13	30	0.859433
13	46	1.16317
13	65	0.918649
13	161	1.01219
13	164	0.98247
13	169	0.992402
13	173	0.912168
13	175	0.963376
13	176	0.967659
13	177	0.957292
13	179	0.969491
13	180	0.935602
14	60	2.13471
14	116	0.885259
14	122	0.82436
14	123	0.903986
14	151	0.92464
14	170	0.927085
14	172	0.796994
14	176	0.863607
14	177	0.85324
14	178	0.932574
14	179	0.865439
14	180	0.83155
15	36	0.930511
15	161	1.00537
15	162	0.972618
15	163	0.988002
15	168	0.991661
15	169	0.985588
15	173	0.905354
15	175	0.956562
15	176	0.960845
15	177	0.950478
15	179	0.962677
15	180	0.928788
16	19	1.10284
16	20	1.11137
16	36	1.06429
16	83	1.05111
16	127	1.06504
16	132	1.04458
16	136	1.07835
16	163	0.40924
16	167	0.904735
16	168	1.10662
16	171	0.978584
16	172	1.85242
17	95	0.995231
17	159	0.957732
17	161	1.00537
17	162	0.972618
17	163	0.988002
17	169	0.985588
17	173	0.905354
17	175	0.956562
17	176	0.960845
17	177	0.950478
17	179	0.962677
17	180	0.928788
18	5	1.06657
18	78	1.126
18	106	1.00864
18	129	0.953238
18	153	0.967551
18	167	0.937969
18	168	1.01987
18	170	0.989076
18	177	0.91523
18	178	0.994564
18	179	0.927429
18	180	0.89354
19	16	1.10284
19	59	1.07882
19	75	1.06152
19	95	1.01659
19	110	1.02331
19	119	1.00646
19	127	1.05248
19	129	0.614494
19	132	1.03202
19	136	1.06579
19	157	0.666671
19	171	0.966021
19	172	2.04623
20	16	1.11137
20	28	0.753529
20	85	1.05504
20	95	1.02512
20	110	1.03184
20	119	1.01499
20	120	1.07519
20	132	1.04054
20	136	1.07431
20	142	1.11534
20	171	0.974545
20	174	1.0002
20	176	1.40262
21	78	1.07063
21	118	1.07203
21	121	1.06419
21	123	1.06472
21	138	1.01271
21	160	0.956842
21	162	1.20837
21	168	1.11861
21	169	1.04379
21	171	0.990571
21	172	0.957726
21	174	1.01623
21	178	1.09331
22	109	0.872847
22	114	0.46182
22	146	0.610321
22	161	1.08349
22	162	1.05074
22	163	1.06612
22	166	1.05709
22	169	1.06371
22	173	0.983473
22	175	1.03468
22	177	1.0286
22	179	1.0408
22	180	1.00691
23	77	1.00884
23	78	1.07063
23	117	1.09117
23	118	1.07203
23	121	1.06419
23	123	1.06472
23	160	0.956842
23	167	1.29094
23	168	1.11861
23	171	0.990571
23	172	0.957726
23	174	1.01623
23	178	1.09331
24	63	0.990079
24	73	0.964998
24	74	0.899825
24	135	0.967494
24	141	0.960181
24	144	0.961027
24	148	0.947449
24	156	0.961543
24	165	0.94904
24	170	0.96509
24	172	0.834999
24	173	1.90405
24	177	1.14306
25	50	0.925765
25	71	0.965503
25	92	0.97463
25	115	1.34806
25	126	0.918776
25	133	0.951311
25	140	1.67429
25	141	0.95009
25	151	0.952554
25	153	0.933474
25	159	0.940795
25	165	0.938949
25	170	0.954999
26	59	0.556208
26	85	0.502427
26	121	1.05441
26	123	1.05494
26	132	0.755543
26	159	1.06384
26	165	1.06199
26	170	1.07804
26	176	1.01456
26	177	1.0042
26	178	1.08353
26	179	1.01639
26	180	0.982505
27	34	0.979471
27	60	0.988667
27	66	0.988976
27	75	0.958493
27	83	0.935515
27	110	0.920286
27	119	0.903437
27	127	0.949452
27	130	1.21615
27	132	0.928993
27	136	0.962762
27	172	1.90941
27	174	0.888651
28	20	0.753529
28	144	0.797365
28	153	0.799587
28	157	1.03112
28	163	1.04732
28	164	1.03497
28	166	1.03828
28	169	1.0449
28	173	0.964667
28	175	1.01588
28	176	1.02016
28	177	1.00979
28	179	1.02199
28	180	0.988101
29	72	1.03424
29	106	1.05861
29	126	1.00282
29	139	1.07758
29	142	1.2163
29	144	1.03498
29	148	1.0214
29	151	1.03659
29	153	1.01751
29	159	1.02483
29	160	0.908064
29	161	1.17752
29	165	1.02299
29	170	1.03904
30	13	0.859433
30	64	0.973679
30	100	1.03258
30	106	1.05259
30	109	0.991923
30	134	1.01983
30	138	1.01869
30	141	1.02811
30	144	1.02896
30	148	1.01538
30	153	1.01149
30	165	1.01697
30	170	1.03302
30	177	1.34902
31	11	0.724184
31	97	0.781834
31	127	0.82874
31	132	0.808281
31	136	0.84205
31	146	0.841872
31	151	0.837082
31	155	0.82634
31	168	0.87032
31	170	0.839527
31	173	0.720558
31	177	0.765681
31	179	0.77788
31	180	0.743991
32	54	0.619775
32	135	0.721065
32	144	0.779892
32	157	1.03383
32	158	1.01946
32	164	1.03768
32	166	1.04099
32	169	1.04761
32	173	0.967379
32	175	1.01859
32	176	1.02287
32	177	1.0125
32	179	1.0247
32	180	0.990812
33	35	0.925219
33	45	0.99823
33	56	1.04665
33	82	1.00343
33	86	0.996803
33	87	1.0563
33	89	1.06661
33	129	0.680856
33	143	1.7204
33	154	1.05359
33	167	0.972949
33	168	1.05485
33	171	1.12226
33	178	1.02954
34	27	0.979471
34	85	1.03874
34	91	1.0062
34	95	1.00881
34	110	1.01553
34	127	1.0447
34	131	0.969925
34	132	1.02424
34	136	1.05801
34	154	1.07714
34	168	1.08628
34	169	1.41171
34	171	0.958238
34	174	0.983896
35	9	0.869905
35	33	0.925219
35	45	0.91159
35	56	0.960006
35	82	0.916791
35	86	0.910163
35	87	0.969656
35	89	0.979968
35	117	1.91194
35	152	1.40267
35	154	0.966949
35	167	0.886309
35	168	0.968209
35	178	0.942904
36	15	0.930511
36	16	1.06429
36	59	1.04027
36	60	1.05314
36	81	1.02984
36	91	0.97543
36	110	0.984763
36	119	0.967913
36	127	1.01393
36	130	1.6544
36	132	0.99347
36	136	1.02724
36	145	0.701898
36	168	1.05551
37	2	0.972378
37	39	1.01407
37	100	1.04442
37	133	1.04118
37	134	1.03167
37	144	1.0408
37	145	1.04274
37	146	1.04721
37	148	1.02722
37	152	1.03178
37	153	1.02334
37	170	1.04486
37	172	0.914772
37	174	1.40809
38	69	1.02566
38	74	0.965605
38	107	1.16655
38	116	0.989044
38	124	1.03242
38	134	1.01768
38	144	1.02681
38	148	1.01323
38	153	1.00935
38	156	1.02732
38	157	1.46381
38	165	1.01482
38	167	0.979763
38	170	1.03087
38	172	0.900779
39	37	1.01407
39	72	1.00066
39	133	1.00177
39	135	1.00786
39	146	1.0078
39	148	0.987816
39	151	1.00301
39	153	0.983932
39	159	0.991253
39	164	1.14667
39	165	0.989407
39	166	1.16496
39	170	1.00546
39	174	1.36637
39	178	1.01095
40	70	1.67341
40	78	1.01803
40	79	1.05967
40	113	0.68387
40	118	1.01942
40	121	1.01158
40	123	1.01211
40	154	1.06475
40	160	0.904237
40	167	1.33125
40	168	1.06601
40	171	0.937967
40	172	0.905121
40	174	0.963625
40	178	1.0407
41	73	1.01596
41	126	0.979825
41	130	0.909559
41	135	1.01845
41	140	0.8398
41	141	1.01114
41	148	0.998407
41	151	1.0136
41	156	1.0125
41	159	1.00184
41	165	0.999998
41	170	1.01605
41	171	1.55323
41	175	1.28921
41	178	1.02154
42	6	0.954248
42	54	0.970806
42	80	1.09421
42	93	0.972061
42	105	1.04147
42	111	1.0161
42	146	1.01961
42	148	0.999624
42	150	1.25054
42	153	0.99574
42	156	1.01372
42	159	1.00306
42	164	1.34047
42	165	1.00121
42	170	1.01727
43	74	0.954961
43	92	1.03986
43	100	1.01979
43	141	1.01532
43	144	1.01616
43	146	1.02257
43	153	0.998701
43	156	1.01668
43	159	1.00602
43	164	0.978529
43	165	1.00418
43	170	1.02023
43	171	1.48831
43	172	0.890134
43	175	1.22429
44	78	1.01803
44	79	1.05967
44	118	1.01942
44	121	1.01158
44	123	1.01211
44	140	0.969995
44	152	1.01703
44	154	1.06475
44	160	0.904237
44	167	1.72607
44	168	1.06601
44	171	0.937967
44	172	0.905121
44	174	0.963625
44	178	1.0407
45	9	0.942917
45	33	0.99823
45	35	0.91159
45	56	1.03302
45	82	0.989803
45	86	0.983175
45	87	1.04267
45	89	1.05298
45	125	0.650728
45	137	0.773936
45	154	1.03996
45	167	0.95932
45	168	1.04122
45	172	2.30579
45	178	1.01592
46	13	1.16317
46	88	0.995066
46	100	1.02496
46	103	1.01355
46	104	1.00574
46	115	0.910082
46	133	1.02171
46	141	1.02049
46	148	1.00776
46	159	1.0112
46	165	1.00935
46	167	0.974293
46	169	1.3535
46	170	1.0254
46	172	0.895308
47	78	1.01803
47	79	1.05967
47	118	1.01942
47	121	1.01158
47	123	1.01211
47	145	0.694482
47	154	1.06475
47	160	0.904237
47	168	1.06601
47	171	0.937967
47	172	0.905121
47	173	1.81392
47	174	0.963625
47	178	1.0407
47	179	1.18113
48	58	0.993284
48	68	1.01818
48	76	0.864231
48	81	1.01727
48	83	0.987423
48	91	0.962861
48	110	0.972194
48	119	0.955345
48	127	1.00136
48	132	0.980901
48	136	1.01467
48	143	0.911112
48	164	1.42346
48	168	1.04294
48	174	0.940559
48	176	1.6158
49	8	0.948951
49	72	1.00325
49	116	0.96622
49	125	1.10025
49	134	0.994856
49	139	1.02154
49	141	1.00314
49	146	1.01039
49	153	0.986521
49	156	1.0045
49	159	0.993842
49	165	0.991996
49	170	1.00805
49	171	1.76498
49	172	0.877955
49	178	1.01353
50	25	0.925765
50	69	1.00181
50	115	1.15086
50	131	1.1525
50	134	0.993829
50	135	1.00942
50	141	1.00211
50	144	1.00296
50	145	1.53509
50	146	1.00936
50	153	0.985494
50	156	1.00347
50	159	0.992815
50	165	0.990969
50	170	1.00702
50	172	0.876927
51	54	1.01723
51	80	0.727811
51	88	1.03336
51	103	1.05183
51	104	1.04403
51	109	1.02259
51	134	1.0505
51	141	1.05878
51	142	0.87913
51	144	1.05963
51	146	1.06603
51	153	1.04216
51	158	1.14528
51	159	1.04948
51	165	1.04764
51	170	1.06369
51	180	1.54356
52	63	1.00104
52	92	0.995678
52	100	0.975607
52	104	0.956383
52	134	0.962857
52	141	0.971138
52	144	0.971984
52	146	0.978392
52	148	0.958406
52	151	0.973602
52	153	0.954522
52	156	0.9725
52	165	0.959997
52	166	1.17704
52	170	0.976047
52	175	1.40452
52	179	1.49976
53	87	1.11437
53	110	1.04218
53	111	0.635294
53	119	1.02533
53	127	1.07134
53	135	0.608459
53	136	1.08465
53	148	0.70386
53	156	0.566949
53	167	1.03102
53	168	1.11292
53	175	1.01437
53	176	1.01865
53	177	1.00829
53	178	1.08762
53	179	1.02048
53	180	0.986595
54	32	0.619775
54	42	0.970806
54	51	1.01723
54	93	0.944588
54	100	0.989354
54	109	0.948697
54	116	0.947967
54	122	0.887067
54	133	0.986105
54	135	0.992197
54	146	0.992138
54	156	0.986246
54	159	0.975589
54	162	1.17213
54	165	0.973743
54	170	0.989793
54	173	2.06779
55	89	0.476899
55	114	0.729564
55	157	1.05459
55	161	1.08816
55	162	1.0554
55	163	1.07079
55	164	1.05844
55	165	0.678154
55	166	1.06175
55	169	1.06837
55	173	0.988137
55	175	1.03935
55	176	1.04363
55	177	1.03326
55	178	0.60726
55	179	1.04546
55	180	1.01157
56	33	1.04665
56	35	0.960006
56	45	1.03302
56	82	1.03822
56	86	1.03159
56	87	1.09108
56	89	1.1014
56	114	1.10382
56	130	0.952354
56	137	0.682138
56	154	1.08838
56	160	2.31778
56	166	0.732158
56	167	1.00774
56	168	1.08964
56	169	0.627425
56	178	1.06433
57	70	0.755019
57	81	0.838865
57	85	0.816993
57	127	0.822953
57	132	0.802495
57	136	0.836263
57	141	0.828831
57	146	0.836085
57	157	0.781225
57	159	0.819536
57	161	0.81479
57	165	0.81769
57	176	0.770262
57	177	0.759894
57	179	0.772093
57	180	0.738204
58	48	0.993284
58	75	1.01564
58	88	0.970121
58	118	1.0016
58	123	0.99429
58	132	0.986145
58	136	1.01991
58	151	0.788422
58	159	0.983675
58	169	0.978654
58	172	0.887298
58	174	0.945802
58	175	0.949629
58	177	0.943544
58	178	1.02288
58	179	0.955743
58	180	0.921854
59	19	1.07882
59	26	0.556208
59	36	1.04027
59	68	1.05784
59	76	0.35556
59	83	1.02708
59	95	1.00513
59	108	2.01232
59	110	1.01185
59	119	0.995005
59	120	1.05521
59	127	1.04102
59	132	1.02056
59	136	1.05433
59	167	1.46721
59	168	1.0826
59	171	0.954561
59	174	0.980219
60	14	2.13471
60	27	0.988667
60	36	1.05314
60	83	1.03996
60	85	1.04793
60	91	1.01539
60	95	1.01801
60	110	1.02473
60	119	1.00788
60	127	1.05389
60	132	1.03344
60	136	1.0672
60	167	0.921184
60	168	1.09547
60	171	0.967435
60	174	0.993093
60	176	0.5611
60	179	0.709757
61	72	1.00723
61	105	0.804174
61	137	1.00843
61	155	1.01808
61	156	0.941027
61	157	0.978756
61	158	0.96438
61	162	0.979566
61	164	0.982604
61	166	0.985917
61	169	0.992536
61	173	0.912302
61	175	0.96351
61	176	0.967793
61	177	0.957426
61	179	0.969625
61	180	0.935736
62	7	0.809703
62	110	3.3397
62	143	0.810826
62	149	0.83262
62	152	0.890588
62	155	0.898674
62	157	0.859347
62	158	0.84497
62	163	0.87554
62	164	0.863194
62	166	0.866507
62	169	0.873126
62	173	0.792892
62	175	0.8441
62	176	0.848383
62	177	0.838016
62	179	0.850215
62	180	0.816326
63	24	0.990079
63	52	1.00104
63	64	1.0019
63	74	0.995976
63	107	0.990239
63	108	0.957704
63	116	1.01942
63	135	1.06365
63	144	1.05718
63	147	0.996661
63	148	1.0436
63	151	1.0588
63	152	1.01034
63	156	1.05769
63	159	1.04704
63	165	1.04519
63	170	1.06124
63	179	1.50795
64	30	0.973679
64	63	1.0019
64	103	0.965058
64	109	0.935816
64	125	1.24704
64	129	1.47035
64	135	0.979316
64	143	0.875877
64	146	0.979257
64	148	0.959271
64	151	0.974467
64	153	0.955387
64	156	0.973365
64	158	1.5732
64	159	0.962708
64	165	0.960862
64	167	0.925805
64	170	0.976912
65	3	1.4234
65	13	0.918649
65	66	1.9024
65	86	0.896511
65	88	0.893431
65	89	0.966317
65	133	0.920076
65	141	0.918855
65	163	0.887443
65	165	0.907714
65	166	0.87841
65	167	0.872657
65	168	0.954557
65	170	0.923764
65	176	0.860286
65	178	0.929252
65	179	0.862117
65	180	0.828228
66	11	0.949647
66	27	0.988976
66	65	1.9024
66	68	1.07102
66	75	1.06324
66	81	1.07011
66	83	1.04027
66	85	1.04824
66	91	1.0157
66	94	0.5426
66	108	1.55245
66	110	1.02504
66	119	1.00819
66	136	1.06751
66	150	0.364981
66	168	1.09578
66	171	0.967744
66	174	0.993402
67	88	0.921494
67	105	0.681729
67	113	1.08524
67	118	0.681318
67	150	1.07185
67	152	1.04076
67	157	1.00952
67	161	1.04308
67	162	1.01033
67	163	1.02571
67	164	1.01337
67	169	1.0233
67	173	0.943065
67	175	0.994273
67	176	0.998556
67	177	0.988189
67	178	0.61819
67	179	1.00039
67	180	0.966499
68	48	1.01818
68	59	1.05784
68	66	1.07102
68	75	1.04054
68	83	1.01756
68	91	0.993001
68	110	1.00233
68	119	0.985484
68	127	1.0315
68	132	1.01104
68	136	1.04481
68	143	0.941251
68	160	2.29897
68	161	0.561346
68	164	0.695061
68	167	1.24749
68	168	1.07308
68	171	0.945041
68	174	0.970699
69	38	1.02566
69	50	1.00181
69	133	1.02736
69	134	1.01786
69	135	1.03345
69	141	1.02614
69	144	1.02698
69	148	1.0134
69	150	0.909981
69	151	1.0286
69	153	1.00952
69	156	1.0275
69	159	1.01684
69	160	0.90007
69	165	1.015
69	170	1.03105
69	175	1.24568
69	177	1.21272
69	179	1.34091
70	40	1.67341
70	57	0.755019
70	105	1.91151
70	138	0.939727
70	139	0.934435
70	143	0.856497
70	145	0.943582
70	152	0.936259
70	161	0.938582
70	162	0.905827
70	164	0.908865
70	166	0.912178
70	169	0.918797
70	173	0.838563
70	175	0.889771
70	176	0.894054
70	177	0.883686
70	179	0.895886
70	180	0.861996
71	25	0.965503
71	88	1.01642
71	104	1.02709
71	106	1.06633
71	109	1.00566
71	112	1.04228
71	126	1.01053
71	135	1.04916
71	139	1.16285
71	141	1.04185
71	147	1.22622
71	153	1.02523
71	159	1.03255
71	160	0.915781
71	161	1.26279
71	165	1.03071
71	170	1.04676
71	172	0.916665
71	178	1.05225
72	29	1.03424
72	39	1.00066
72	49	1.00325
72	61	1.00723
72	101	0.990253
72	111	1.03029
72	126	0.995234
72	133	1.02777
72	143	0.930421
72	146	1.0338
72	148	1.01382
72	151	1.02901
72	153	1.00993
72	155	1.02942
72	156	1.02791
72	159	1.01725
72	165	1.01541
72	170	1.03146
72	177	1.43279
73	1	2.1725
73	24	0.964998
73	41	1.01596
73	88	1.00583
73	98	0.422624
73	126	0.999938
73	133	1.03247
73	135	1.03857
73	144	1.0321
73	146	1.03851
73	151	1.03372
73	153	1.01464
73	159	1.02196
73	165	1.02011
73	170	1.03616
73	172	0.906069
73	174	0.884052
73	178	1.04165
73	179	1.00535
74	24	0.899825
74	38	0.965605
74	43	0.954961
74	63	0.995976
74	104	0.951324
74	109	0.929892
74	111	0.969818
74	126	0.934765
74	139	1.27801
74	144	0.966925
74	146	0.973333
74	149	1.7776
74	151	0.968543
74	156	0.967441
74	159	0.956784
74	165	0.954938
74	169	1.42521
74	170	0.970988
74	172	0.840896
75	19	1.06152
75	27	0.958493
75	58	1.01564
75	66	1.06324
75	68	1.04054
75	81	1.03963
75	91	0.985222
75	95	0.987834
75	110	0.994554
75	114	1.07948
75	119	0.977705
75	122	1.79062
75	127	1.02372
75	132	1.00326
75	136	1.03703
75	160	1.89576
75	163	0.348782
75	167	0.844277
75	171	0.937261
76	48	0.864231
76	59	0.35556
76	103	0.699613
76	116	0.843653
76	120	0.543802
76	149	1.04821
76	155	1.11426
76	157	1.07493
76	158	1.06056
76	161	1.1085
76	162	1.07574
76	163	1.09113
76	164	1.07878
76	166	1.08209
76	173	1.00848
76	175	1.05969
76	176	1.06397
76	177	1.0536
76	179	1.0658
76	180	1.03191
77	23	1.00884
77	122	0.896491
77	123	1.32092
77	137	0.97638
77	145	0.985267
77	147	1.00028
77	149	0.919975
77	157	0.946702
77	162	0.947511
77	163	0.962895
77	164	0.950549
77	166	0.953862
77	169	0.960481
77	173	0.880247
77	175	0.931455
77	176	0.935738
77	177	0.925371
77	178	1.22371
77	179	0.93757
77	180	0.903681
78	18	1.126
78	21	1.07063
78	23	1.07063
78	40	1.01803
78	44	1.01803
78	47	1.01803
78	79	1.04353
78	118	1.00328
78	121	0.995439
78	123	0.99597
78	154	1.0486
78	155	0.98798
78	158	1.34976
78	160	0.888094
78	166	1.19683
78	168	1.04986
78	171	0.921823
78	172	0.888978
78	174	0.947481
78	178	1.02456
79	40	1.05967
79	44	1.05967
79	47	1.05967
79	78	1.04353
79	90	1.09083
79	107	0.716069
79	118	1.04492
79	121	1.03708
79	123	1.03761
79	143	2.00069
79	154	1.09025
79	155	0.702214
79	160	0.929738
79	168	1.09151
79	171	0.963468
79	172	0.930623
79	174	0.989126
79	178	1.0662
80	42	1.09421
80	51	0.727811
80	92	0.786677
80	100	0.938556
80	145	1.04142
80	155	1.04219
80	157	1.00286
80	158	0.988483
80	161	1.03642
80	162	1.00367
80	163	1.01905
80	164	1.00671
80	166	1.01002
80	169	1.01664
80	173	0.936405
80	175	0.987613
80	176	0.991895
80	177	0.981528
80	179	0.993727
80	180	0.959838
81	36	1.02984
81	48	1.01727
81	57	0.838865
81	66	1.07011
81	75	1.03963
81	84	1.17149
81	85	1.02463
81	91	0.992092
81	94	1.41848
81	95	0.994705
81	99	1.03104
81	119	0.984575
81	127	1.03059
81	132	1.01013
81	136	1.0439
81	143	0.940342
81	164	1.3308
81	168	1.07217
81	171	0.944132
81	174	0.96979
82	4	1.05418
82	9	0.948118
82	33	1.00343
82	35	0.916791
82	45	0.989803
82	56	1.03822
82	84	0.733013
82	86	0.988376
82	87	1.04787
82	89	1.05818
82	108	0.912091
82	114	1.0606
82	130	0.909139
82	143	2.00024
82	154	1.04516
82	167	0.964521
82	168	1.04642
82	169	0.805875
82	171	1.40211
82	178	1.02112
83	3	0.974294
83	16	1.05111
83	27	0.935515
83	48	0.987423
83	59	1.02708
83	60	1.03996
83	66	1.04027
83	68	1.01756
83	85	0.994781
83	91	0.962243
83	114	1.0565
83	119	0.954726
83	131	0.859606
83	132	0.980283
83	136	1.01405
83	143	0.910493
83	155	1.19728
83	166	1.40613
83	171	0.914282
83	174	0.93994
83	177	1.60065
84	81	1.17149
84	82	0.733013
84	138	1.02256
84	142	1.0322
84	149	0.961128
84	150	1.05018
84	153	1.09702
84	157	0.987854
84	161	1.02142
84	162	0.988664
84	163	1.00405
84	164	0.991702
84	166	0.995014
84	168	0.749381
84	169	1.00163
84	173	0.9214
84	175	0.972608
84	176	0.976891
84	177	0.966523
84	179	0.978722
84	180	0.944833
85	3	0.982271
85	10	0.398231
85	20	1.05504
85	26	0.502427
85	34	1.03874
85	57	0.816993
85	60	1.04793
85	66	1.04824
85	81	1.02463
85	83	0.994781
85	95	0.972833
85	119	0.962703
85	127	1.00872
85	132	0.98826
85	136	1.02203
85	143	0.91847
85	168	1.0503
85	171	0.92226
85	172	2.36112
85	174	0.947918
85	180	1.43049
86	4	1.04755
86	9	0.94149
86	33	0.996803
86	35	0.910163
86	45	0.983175
86	56	1.03159
86	65	0.896511
86	82	0.988376
86	87	1.04124
86	89	1.05155
86	97	1.16924
86	108	0.905463
86	114	1.05397
86	117	1.14138
86	130	0.902511
86	143	1.89663
86	154	1.03853
86	167	0.957893
86	168	1.03979
86	174	1.00842
86	178	1.01449
87	4	1.10705
87	9	1.00098
87	33	1.0563
87	35	0.969656
87	45	1.04267
87	53	1.11437
87	56	1.09108
87	82	1.04787
87	86	1.04124
87	89	1.11105
87	108	0.964956
87	117	0.826779
87	122	1.9729
87	130	0.962004
87	143	1.58204
87	149	0.740057
87	150	0.384189
87	154	1.09803
87	167	1.01739
87	168	1.09929
87	178	1.07398
88	46	0.995066
88	51	1.03336
88	58	0.970121
88	65	0.893431
88	67	0.921494
88	71	1.01642
88	73	1.00583
88	103	0.994065
88	104	0.986256
88	105	1.03013
88	116	0.964093
88	135	1.00832
88	146	1.00826
88	151	1.00347
88	156	1.00237
88	159	0.991715
88	165	0.989869
88	166	1.27497
88	170	1.00592
88	172	0.875828
88	177	1.46949
89	4	1.11736
89	9	1.0113
89	33	1.06661
89	35	0.979968
89	45	1.05298
89	55	0.476899
89	56	1.1014
89	65	0.966317
89	82	1.05818
89	86	1.05155
89	87	1.11105
89	98	0.581291
89	108	0.975268
89	130	0.972316
89	142	0.728085
89	154	1.10834
89	157	0.943573
89	160	2.42693
89	167	1.0277
89	168	1.1096
89	178	1.08429
90	79	1.09083
90	93	1.50898
90	130	0.873946
90	133	1.35388
90	140	0.956351
90	142	0.972269
90	152	0.959162
90	155	0.967248
90	157	0.92792
90	158	0.913544
90	161	0.961485
90	162	0.928729
90	163	0.944114
90	164	0.931767
90	166	0.93508
90	169	0.941699
90	173	0.861466
90	175	0.912674
90	176	0.916956
90	177	0.906589
90	179	0.918788
90	180	0.884899
91	3	0.949733
91	34	1.0062
91	36	0.97543
91	48	0.962861
91	60	1.01539
91	66	1.0157
91	68	0.993001
91	75	0.985222
91	81	0.992092
91	83	0.962243
91	95	0.940294
91	99	0.875475
91	110	0.947014
91	119	0.930165
91	120	0.99037
91	124	0.864392
91	127	0.97618
91	132	0.955722
91	136	0.98949
91	149	1.44117
91	168	1.01776
91	173	2.14902
92	25	0.97463
92	43	1.03986
92	52	0.995678
92	80	0.786677
92	94	1.04183
92	113	0.937978
92	130	0.949395
92	133	1.0522
92	134	1.04269
92	135	1.05829
92	141	1.05098
92	144	1.05182
92	151	1.05344
92	153	1.03436
92	156	1.05234
92	159	1.04168
92	164	1.03293
92	165	1.03983
92	170	1.05588
92	175	1.27869
92	177	1.24574
92	178	1.06137
93	42	0.972061
93	54	0.944588
93	90	1.50898
93	103	0.979194
93	105	1.01526
93	106	1.01062
93	116	0.949222
93	126	0.954825
93	133	0.98736
93	137	1.2792
93	139	1.07728
93	146	0.993393
93	148	0.973407
93	150	1.221
93	151	0.988603
93	153	0.969523
93	156	0.987501
93	159	0.976844
93	165	0.974998
93	167	0.939941
93	170	0.991048
93	178	0.996536
94	66	0.5426
94	81	1.41848
94	92	1.04183
94	95	1.39543
94	110	0.556516
94	118	1.00641
94	121	0.998566
94	133	1.01851
94	153	1.00067
94	159	1.00799
94	162	0.97049
94	165	1.00615
94	170	1.0222
94	171	0.92495
94	172	0.892104
94	174	0.950608
94	175	0.954435
94	176	0.958717
94	177	0.94835
94	178	1.02768
94	179	0.960549
94	180	0.92666
95	3	0.952345
95	17	0.995231
95	19	1.01659
95	20	1.02512
95	34	1.00881
95	59	1.00513
95	60	1.01801
95	75	0.987834
95	81	0.994705
95	85	0.972833
95	91	0.940294
95	94	1.39543
95	101	1.07801
95	110	0.949627
95	117	0.968649
95	127	0.978793
95	132	0.958334
95	136	0.992103
95	162	1.38588
95	168	1.02037
95	171	0.892334
95	174	0.917992
96	105	0.4748
96	109	0.944592
96	126	0.781349
96	134	0.691482
96	149	1.0115
96	150	1.10055
96	152	1.06947
96	155	1.07755
96	157	1.03823
96	158	1.02385
96	162	1.03903
96	163	1.05442
96	164	1.04207
96	166	1.04539
96	169	1.052
96	173	0.971771
96	175	1.02298
96	176	1.02726
96	177	1.01689
96	178	0.411261
96	179	1.02909
96	180	0.995204
97	31	0.781834
97	86	1.16924
97	120	1.48355
97	131	1.00632
97	138	0.960755
97	147	0.979621
97	150	0.988371
97	155	0.965373
97	158	0.911669
97	161	0.95961
97	162	0.926855
97	163	0.942239
97	164	0.929892
97	166	0.933205
97	168	1.28921
97	169	0.939824
97	173	0.859591
97	175	0.910799
97	176	0.915081
97	177	0.904714
97	179	0.916913
97	180	0.883024
98	73	0.422624
98	89	0.581291
98	116	1.16115
98	142	1.07049
98	147	1.07972
98	148	1.04896
98	152	1.05739
98	157	1.02614
98	158	1.01177
98	160	0.947684
98	161	1.05971
98	162	1.02695
98	163	1.04234
98	164	1.02999
98	166	1.0333
98	169	1.03992
98	173	0.95969
98	175	1.0109
98	176	1.01518
98	177	1.00481
98	178	0.711652
98	179	1.01701
98	180	0.983124
99	81	1.03104
99	91	0.875475
99	110	0.169074
99	118	1.05633
99	119	0.999484
99	121	1.04849
99	123	1.04902
99	127	0.793028
99	135	1.07452
99	148	1.05448
99	151	1.06967
99	153	1.05059
99	160	0.941141
99	162	1.02041
99	165	1.05607
99	171	0.97487
99	173	0.953147
99	174	1.00053
99	175	1.00436
99	177	0.998271
99	178	1.0776
99	179	1.01047
99	180	0.976581
100	30	1.03258
100	37	1.04442
100	43	1.01979
100	46	1.02496
100	52	0.975607
100	54	0.989354
100	80	0.938556
100	106	1.05538
100	109	0.994717
100	111	1.03464
100	124	0.873973
100	126	0.99959
100	133	1.03213
100	137	1.15307
100	146	1.03816
100	148	1.01817
100	151	1.03337
100	156	1.03227
100	157	1.30536
100	159	1.02161
100	163	1.24174
100	165	1.01976
100	170	1.03581
101	9	0.580954
101	72	0.990253
101	95	1.07801
101	123	0.820861
101	137	1.03176
101	139	1.0315
101	145	1.04065
101	147	1.05566
101	150	1.06441
101	152	1.03332
101	155	1.04141
101	158	0.987704
101	161	1.03565
101	162	1.00289
101	163	1.01827
101	166	1.00924
101	169	1.01586
101	170	0.883252
101	173	0.935626
101	175	0.986834
101	176	0.991117
101	177	0.98075
101	179	0.992949
101	180	0.95906
102	114	0.662592
102	138	1.04002
102	141	0.855589
102	146	0.811092
102	147	1.05889
102	150	1.06764
102	151	0.661894
102	152	1.03656
102	155	1.04464
102	157	1.00532
102	158	0.990939
102	161	1.03888
102	162	1.00612
102	163	1.02151
102	164	1.00916
102	166	1.01248
102	169	1.01909
102	170	0.699886
102	173	0.938861
102	175	0.990069
102	176	0.994352
102	177	0.983985
102	179	0.996184
102	180	0.962295
103	46	1.01355
103	51	1.05183
103	64	0.965058
103	76	0.699613
103	88	0.994065
103	93	0.979194
103	111	1.02323
103	126	0.988176
103	134	1.01121
103	135	1.0268
103	141	1.01949
103	144	1.02034
103	146	1.02674
103	148	1.00676
103	151	1.02195
103	154	0.837815
103	156	1.02085
103	159	1.01019
103	160	0.893423
103	161	1.12512
103	165	1.00835
103	170	1.0244
103	171	1.76862
103	172	0.894307
103	174	1.47854
104	46	1.00574
104	51	1.04403
104	52	0.956383
104	71	1.02709
104	74	0.951324
104	88	0.986256
104	105	1.0408
104	111	1.01542
104	116	0.974763
104	126	0.980366
104	130	0.9101
104	135	1.01899
104	137	1.09892
104	141	1.01168
104	142	1.03572
104	144	1.01253
104	148	0.998948
104	151	1.01414
104	156	1.01304
104	165	1.00054
104	169	1.0442
104	170	1.01659
104	171	1.64044
104	176	1.323
104	178	1.02208
105	2	0.987976
105	42	1.04147
105	61	0.804174
105	67	0.681729
105	70	1.91151
105	88	1.03013
105	93	1.01526
105	96	0.4748
105	104	1.0408
105	111	1.05929
105	122	0.957736
105	133	1.05677
105	134	1.04727
105	135	1.06287
105	141	1.05555
105	144	1.0564
105	146	1.06281
105	148	1.04282
105	150	0.926989
105	152	0.860309
105	156	1.05691
105	159	1.04626
105	165	1.04441
105	167	1.00935
105	170	1.06046
105	178	1.06595
106	8	0.996726
106	18	1.00864
106	29	1.05861
106	30	1.05259
106	71	1.06633
106	93	1.01062
106	100	1.05538
106	111	1.05465
106	115	0.586388
106	116	1.01399
106	138	0.998732
106	141	1.05091
106	144	1.05176
106	148	1.03818
106	151	1.05338
106	153	1.0343
106	156	1.05227
106	159	1.04162
106	161	0.982544
106	163	1.17319
106	165	1.03977
106	167	1.00471
106	170	1.05582
106	174	1.33596
106	178	1.06131
106	179	1.45726
107	38	1.16655
107	63	0.990239
107	79	0.716069
107	126	1.14676
107	129	0.990269
107	131	1.05387
107	137	1.00327
107	140	1.00202
107	145	1.01216
107	149	0.946866
107	150	1.03592
107	152	1.00483
107	155	1.01292
107	158	0.959216
107	161	1.00716
107	162	0.974402
107	163	0.989786
107	164	0.97744
107	166	0.980752
107	169	0.987371
107	170	0.93627
107	173	0.907138
107	175	0.958346
107	176	0.962629
107	177	0.952261
107	179	0.96446
107	180	0.930571
108	59	2.01232
108	63	0.957704
108	66	1.55245
108	82	0.912091
108	86	0.905463
108	87	0.964956
108	89	0.975268
108	116	0.890889
108	133	0.929027
108	136	1.57436
108	143	0.83168
108	151	0.93027
108	156	0.929168
108	158	0.865824
108	161	0.913765
108	162	0.88101
108	165	0.916665
108	167	0.881608
108	168	0.963509
108	170	0.932715
108	171	0.835469
108	173	0.813746
108	175	0.864954
108	176	0.869237
108	178	0.938204
108	179	0.871069
108	180	0.83718
109	6	0.932139
109	22	0.872847
109	30	0.991923
109	51	1.02259
109	54	0.948697
109	64	0.935816
109	71	1.00566
109	74	0.929892
109	96	0.944592
109	100	0.994717
109	111	0.993986
109	133	0.991468
109	134	0.981966
109	135	0.997561
109	141	0.990248
109	144	0.991094
109	146	0.997501
109	148	0.977515
109	153	0.973632
109	154	1.06569
109	156	0.991609
109	159	0.980952
109	164	1.48671
109	165	0.979106
109	170	0.995156
109	177	1.69952
109	178	1.00064
110	3	0.959065
110	19	1.02331
110	20	1.03184
110	27	0.920286
110	34	1.01553
110	36	0.984763
110	48	0.972194
110	53	1.04218
110	59	1.01185
110	60	1.02473
110	62	3.3397
110	66	1.02504
110	68	1.00233
110	75	0.994554
110	91	0.947014
110	94	0.556516
110	95	0.949627
110	99	0.169074
110	127	0.985513
110	132	0.965054
110	136	0.998823
110	143	0.895264
110	167	1.02126
110	168	1.02709
110	171	0.899054
110	174	0.924712
110	179	0.80983
111	8	0.975988
111	42	1.0161
111	53	0.635294
111	72	1.03029
111	74	0.969818
111	100	1.03464
111	103	1.02323
111	104	1.01542
111	105	1.05929
111	106	1.05465
111	109	0.993986
111	112	0.867888
111	120	1.03849
111	134	1.02189
111	138	1.10459
111	144	1.03102
111	146	1.03743
111	150	1.13219
111	151	1.03264
111	153	1.01356
111	156	1.03154
111	159	1.02088
111	160	0.904107
111	165	1.01903
111	166	1.2404
111	170	1.03508
111	171	1.7319
111	178	1.04057
112	71	1.04228
112	111	0.867888
112	125	1.05598
112	133	0.801608
112	135	0.841053
112	137	1.0411
112	138	1.04613
112	147	1.065
112	149	0.984695
112	150	1.07375
112	152	1.04266
112	155	1.05075
112	157	1.01142
112	158	0.997046
112	161	1.04499
112	162	1.01223
112	163	1.02762
112	164	1.01527
112	166	1.01858
112	168	0.554462
112	169	1.0252
112	173	0.944968
112	175	0.996176
112	176	1.00046
112	177	0.990091
112	178	0.599152
112	179	1.00229
112	180	0.968401
113	4	0.416518
113	40	0.68387
113	67	1.08524
113	92	0.937978
113	120	1.00807
113	137	1.03663
113	139	1.03637
113	142	1.0513
113	147	1.06052
113	150	1.06927
113	152	1.03819
113	155	1.04628
113	156	1.05882
113	157	1.00695
113	158	0.992572
113	161	1.04051
113	162	1.00776
113	163	1.02314
113	164	1.0108
113	166	1.01411
113	168	0.813738
113	169	1.02073
113	173	0.940494
113	175	0.991702
113	176	0.995984
113	177	0.985617
113	179	0.997816
113	180	0.963927
114	22	0.46182
114	55	0.729564
114	56	1.10382
114	75	1.07948
114	82	1.0606
114	83	1.0565
114	86	1.05397
114	102	0.662592
114	118	1.06543
114	121	1.05759
114	123	1.05813
114	127	1.07044
114	132	1.04998
114	136	1.08375
114	142	0.980751
114	143	0.98019
114	154	1.11076
114	157	1.19624
114	167	1.03012
114	168	1.11202
114	171	0.983979
114	172	0.951133
114	174	1.00964
114	178	1.08671
114	180	1.64518
115	25	1.34806
115	46	0.910082
115	50	1.15086
115	106	0.586388
115	129	1.02892
115	131	1.09252
115	139	1.04166
115	140	1.04067
115	141	0.738813
115	142	1.05659
115	145	1.05081
115	149	0.985516
115	155	1.05157
115	157	1.01224
115	158	0.997866
115	161	1.04581
115	162	1.01305
115	163	1.02844
115	164	1.01609
115	166	1.0194
115	169	1.02602
115	173	0.945788
115	175	0.996996
115	176	1.00128
115	177	0.990911
115	178	0.423512
115	179	1.00311
115	180	0.969221
116	14	0.885259
116	38	0.989044
116	49	0.96622
116	54	0.947967
116	63	1.01942
116	76	0.843653
116	88	0.964093
116	93	0.949222
116	98	1.16115
116	104	0.974763
116	106	1.01399
116	108	0.890889
116	126	0.958204
116	134	0.981237
116	141	0.989518
116	144	0.990364
116	146	0.996772
116	148	0.976785
116	151	0.991981
116	153	0.972902
116	154	0.981855
116	156	0.99088
116	159	0.980222
116	165	0.978376
116	169	1.31643
116	170	0.994426
116	178	0.999915
116	180	1.97237
117	4	0.628728
117	23	1.09117
117	35	1.91194
117	86	1.14138
117	87	0.826779
117	95	0.968649
117	119	0.95852
117	127	1.00454
117	132	0.984077
117	136	1.01784
117	140	0.991238
117	141	1.01041
117	144	1.01126
117	153	0.993797
117	159	1.00112
117	161	0.996372
117	163	0.979001
117	165	0.999272
117	166	0.969967
117	167	0.964215
117	169	0.976586
117	170	1.01532
117	171	0.918076
117	173	0.896353
117	174	0.943734
117	177	0.941476
117	179	0.953675
117	180	0.919786
118	5	1.10207
118	21	1.07203
118	23	1.07203
118	40	1.01942
118	44	1.01942
118	47	1.01942
118	58	1.0016
118	67	0.681318
118	78	1.00328
118	79	1.04492
118	94	1.00641
118	99	1.05633
118	114	1.06543
118	120	1.02386
118	121	0.996832
118	122	0.917736
118	123	0.997362
118	125	0.861566
118	130	1.82336
118	145	0.870866
118	154	1.05
118	160	0.889487
118	167	1.56894
118	168	1.05126
118	171	0.923216
118	172	0.890371
118	174	0.948874
118	176	1.20885
118	178	1.02595
119	19	1.00646
119	20	1.01499
119	27	0.903437
119	36	0.967913
119	48	0.955345
119	53	1.02533
119	59	0.995005
119	60	1.00788
119	66	1.00819
119	68	0.985484
119	75	0.977705
119	81	0.984575
119	83	0.954726
119	85	0.962703
119	91	0.930165
119	99	0.999484
119	117	0.95852
119	120	0.982853
119	127	0.968664
119	130	2.10609
119	132	0.948205
119	136	0.981973
119	143	0.878415
119	154	0.878218
119	155	1.10867
119	168	1.01024
119	171	0.882205
119	174	0.907862
119	179	1.64024
120	20	1.07519
120	59	1.05521
120	76	0.543802
120	91	0.99037
120	97	1.48355
120	111	1.03849
120	113	1.00807
120	118	1.02386
120	119	0.982853
120	121	1.01603
120	123	1.01656
120	127	1.02887
120	129	1.1714
120	132	1.00841
120	134	1.02647
120	136	1.04218
120	146	1.042
120	147	0.932738
120	156	1.03611
120	159	1.02545
120	163	1.15996
120	165	1.02361
120	168	1.07045
120	170	1.03966
120	171	0.942409
120	172	0.909564
120	174	0.968067
120	178	1.04514
121	5	1.09423
121	7	0.910464
121	21	1.06419
121	23	1.06419
121	26	1.05441
121	40	1.01158
121	44	1.01158
121	47	1.01158
121	78	0.995439
121	79	1.03708
121	94	0.998566
121	99	1.04849
121	114	1.05759
121	118	0.996832
121	120	1.01603
121	122	0.909897
121	123	0.989523
121	154	1.04216
121	158	1.26618
121	160	0.881647
121	161	0.961252
121	162	1.1731
121	167	1.64739
121	168	1.04342
121	169	1.00852
121	171	0.915376
121	172	0.882531
121	174	0.941034
121	175	1.34073
121	178	1.01811
122	8	0.874432
122	14	0.82436
122	54	0.887067
122	75	1.79062
122	77	0.896491
122	87	1.9729
122	105	0.957736
122	118	0.917736
122	121	0.909897
122	123	0.910427
122	136	1.9756
122	137	0.910691
122	141	0.928618
122	142	0.925361
122	148	0.915886
122	159	0.919323
122	167	0.88242
122	168	0.96432
122	169	0.894791
122	170	0.933527
122	171	0.836281
122	172	0.803435
122	173	0.814558
122	174	0.861939
122	175	0.865766
122	176	0.870048
122	177	0.859681
122	178	0.939015
122	179	0.87188
122	180	0.837991
123	5	1.09476
123	14	0.903986
123	21	1.06472
123	23	1.06472
123	26	1.05494
123	40	1.01211
123	44	1.01211
123	47	1.01211
123	58	0.99429
123	77	1.32092
123	78	0.99597
123	79	1.03761
123	99	1.04902
123	101	0.820861
123	114	1.05813
123	118	0.997362
123	120	1.01656
123	121	0.989523
123	122	0.910427
123	149	1.31652
123	150	0.960657
123	154	1.04269
123	158	1.22181
123	160	0.882177
123	168	1.04395
123	171	0.915907
123	172	0.883061
123	174	0.941565
123	177	1.2634
123	178	1.01864
124	38	1.03242
124	91	0.864392
124	100	0.873973
124	133	0.845
124	137	1.02171
124	138	1.02674
124	139	1.02145
124	140	1.02046
124	142	1.03638
124	145	1.0306
124	146	0.913348
124	149	0.965305
124	150	1.05436
124	152	1.02327
124	155	1.03136
124	157	0.992031
124	158	0.977655
124	161	1.0256
124	162	0.992841
124	163	1.00822
124	164	0.995879
124	166	0.999191
124	169	1.00581
124	170	0.802142
124	173	0.925577
124	175	0.976785
124	176	0.981068
124	177	0.9707
124	179	0.982899
124	180	0.94901
125	45	0.650728
125	49	1.10025
125	64	1.24704
125	112	1.05598
125	118	0.861566
125	128	1.03066
125	138	1.01049
125	139	1.0052
125	140	1.00421
125	145	1.01435
125	147	1.02936
125	148	1.13574
125	149	0.949055
125	150	1.03811
125	152	1.00702
125	155	1.01511
125	157	0.975782
125	158	0.961406
125	161	1.00935
125	162	0.976591
125	163	0.991975
125	164	0.979629
125	166	0.982942
125	169	0.989561
125	170	0.958036
125	172	0.898205
125	173	0.909328
125	175	0.960536
125	176	0.964818
125	177	0.954451
125	179	0.96665
125	180	0.932761
126	8	0.940935
126	25	0.918776
126	29	1.00282
126	41	0.979825
126	71	1.01053
126	72	0.995234
126	73	0.999938
126	74	0.934765
126	93	0.954825
126	96	0.781349
126	100	0.99959
126	103	0.988176
126	104	0.980366
126	107	1.14676
126	116	0.958204
126	134	0.98684
126	135	1.00243
126	144	0.995967
126	146	1.00237
126	148	0.982389
126	151	0.997584
126	153	0.978505
126	154	0.902448
126	156	0.996483
126	159	0.985825
126	160	0.869054
126	165	0.983979
126	167	0.948923
126	169	1.23702
126	170	1.00003
126	174	1.54317
126	178	1.00552
126	180	1.89296
127	3	0.988231
127	16	1.06504
127	19	1.05248
127	27	0.949452
127	31	0.82874
127	34	1.0447
127	36	1.01393
127	48	1.00136
127	53	1.07134
127	57	0.822953
127	59	1.04102
127	60	1.05389
127	68	1.0315
127	75	1.02372
127	81	1.03059
127	85	1.00872
127	91	0.97618
127	95	0.978793
127	99	0.793028
127	110	0.985513
127	114	1.07044
127	117	1.00454
127	119	0.968664
127	120	1.02887
127	132	0.99422
127	136	1.02799
127	147	0.922495
127	161	0.959069
127	168	1.05626
127	169	1.00633
127	171	0.92822
127	173	2.06658
127	174	0.953878
127	175	1.33854
127	176	1.28513
128	125	1.03066
128	129	1.00278
128	131	1.06637
128	134	0.808224
128	137	1.01578
128	138	1.02081
128	139	1.01552
128	140	1.01453
128	142	1.03045
128	145	1.02466
128	146	0.798808
128	147	1.03967
128	148	0.865306
128	149	0.959372
128	150	1.04842
128	152	1.01734
128	153	0.830953
128	155	1.02543
128	157	0.986098
128	158	0.971722
128	159	0.844862
128	161	1.01966
128	162	0.986908
128	163	1.00229
128	164	0.989946
128	165	0.598897
128	166	0.993259
128	169	0.999878
128	170	0.687601
128	173	0.919644
128	175	0.970852
128	176	0.975135
128	177	0.964768
128	179	0.976967
128	180	0.943078
129	18	0.953238
129	19	0.614494
129	33	0.680856
129	64	1.47035
129	107	0.990269
129	115	1.02892
129	120	1.1714
129	128	1.00278
129	131	1.02817
129	137	0.977578
129	138	0.982609
129	139	0.977318
129	140	0.976331
129	142	0.992248
129	144	1.32249
129	145	0.986465
129	146	1.29256
129	147	1.00148
129	149	0.921173
129	150	1.01023
129	152	0.979141
129	155	0.987227
129	158	0.933523
129	161	0.981465
129	162	0.948709
129	163	0.964093
129	164	0.951747
129	166	0.95506
129	169	0.961679
129	173	0.881445
129	175	0.932653
129	176	0.936936
129	177	0.926569
129	179	0.938768
129	180	0.904879
130	4	0.968316
130	27	1.21615
130	36	1.6544
130	41	0.909559
130	56	0.952354
130	82	0.909139
130	86	0.902511
130	87	0.962004
130	89	0.972316
130	90	0.873946
130	92	0.949395
130	104	0.9101
130	118	1.82336
130	119	2.10609
130	134	0.916574
130	148	0.912123
130	151	0.927319
130	154	0.959298
130	156	0.926217
130	163	0.893443
130	164	0.881096
130	165	0.913714
130	166	0.884409
130	167	0.878657
130	168	0.960557
130	169	0.891028
130	170	0.929764
130	173	0.810795
130	175	0.862003
130	176	0.866285
130	177	0.855918
130	178	0.935252
130	179	0.868117
130	180	0.834228
131	8	1.09379
131	34	0.969925
131	50	1.1525
131	83	0.859606
131	97	1.00632
131	107	1.05387
131	115	1.09252
131	128	1.06637
131	129	1.02817
131	133	0.627603
131	137	1.04118
131	139	1.04091
131	140	1.03993
131	142	1.05585
131	144	0.725875
131	145	1.05006
131	146	0.695951
131	149	0.98477
131	152	1.04274
131	155	1.05082
131	157	1.0115
131	158	0.99712
131	161	1.04506
131	162	1.01231
131	163	1.02769
131	164	1.01534
131	166	1.01866
131	167	1.0129
131	168	0.380457
131	169	1.02528
131	173	0.945042
131	174	0.992423
131	175	0.99625
131	176	1.00053
131	177	0.990166
131	179	1.00236
131	180	0.968476
132	3	0.967773
132	11	0.889665
132	16	1.04458
132	19	1.03202
132	20	1.04054
132	26	0.755543
132	27	0.928993
132	31	0.808281
132	34	1.02424
132	36	0.99347
132	48	0.980901
132	57	0.802495
132	58	0.986145
132	59	1.02056
132	60	1.03344
132	68	1.01104
132	75	1.00326
132	81	1.01013
132	83	0.980283
132	85	0.98826
132	91	0.955722
132	95	0.958334
132	110	0.965054
132	114	1.04998
132	117	0.984077
132	119	0.948205
132	120	1.00841
132	127	0.99422
132	136	1.00753
132	139	0.880467
132	143	0.903972
132	158	1.28534
132	162	1.19226
132	163	1.17105
132	168	1.0358
132	171	0.907761
132	172	2.61423
132	174	0.933419
132	176	1.30646
133	25	0.951311
