1	70	1.02829
1	97	0.888148
1	104	0.978402
1	128	0.954497
1	131	0.92569
1	135	0.952176
1	138	0.952589
1	144	1.28185
1	157	1.74827
1	164	0.913892
1	166	0.800552
1	175	1.68396
2	29	1.05402
2	42	1.03776
2	67	1.06636
2	74	1.01252
2	77	1.08143
2	91	1.16238
2	129	1.05208
2	164	1.12551
2	165	1.06814
2	173	1.57177
2	174	0.915948
2	175	1.3367
3	19	0.974201
3	42	0.921459
3	47	0.915133
3	51	1.44401
3	54	1.32857
3	65	0.948603
3	74	0.896222
3	77	0.965134
3	91	1.04608
3	110	1.7131
3	165	0.951841
3	174	0.799651
4	71	0.998646
4	113	0.936926
4	121	0.937532
4	123	0.931253
4	124	0.931283
4	126	0.973068
4	139	1.49809
4	142	0.954104
4	159	1.3736
4	165	0.945974
4	171	1.82966
4	174	0.793784
5	22	0.970786
5	28	1.93926
5	78	0.88166
5	79	0.958474
5	93	0.89639
5	98	0.942974
5	103	0.946644
5	105	0.971353
5	140	1.05293
5	148	0.911104
5	151	0.936603
5	156	1.66751
6	43	1.04904
6	73	1.03862
6	111	0.969596
6	121	1.0851
6	123	1.07882
6	124	1.07885
6	129	1.03964
6	161	1.42964
6	163	1.03019
6	165	1.09354
6	171	1.64891
6	174	0.94135
7	13	0.930269
7	24	0.889994
7	32	0.875158
7	36	0.828847
7	58	0.779292
7	149	0.876861
7	150	2.01456
7	151	0.839594
7	152	0.831683
7	165	0.857544
7	166	0.703278
7	177	2.31933
8	19	0.96137
8	42	0.908628
8	62	0.942194
8	67	0.937235
8	77	0.952303
8	91	1.03325
8	114	1.31646
8	142	0.947141
8	160	1.68107
8	163	1.67352
8	165	0.93901
8	174	0.78682
9	18	0.961285
9	72	0.986496
9	92	0.887027
9	109	0.944474
9	112	0.940359
9	118	0.96089
9	119	0.908602
9	139	0.854902
9	148	1.24323
9	149	0.95956
9	170	1.70003
9	173	1.77557
10	17	1.09224
10	25	1.08411
10	35	1.04471
10	38	1.05211
10	39	1.04393
10	48	1.05157
10	120	0.991584
10	152	1.0605
10	159	1.01913
10	167	1.27612
10	170	1.21229
10	174	1.61796
11	51	1.05667
11	69	1.00194
11	78	1.00576
11	79	1.08258
11	93	1.02049
11	98	1.06708
11	103	1.07075
11	105	1.09545
11	142	0.848995
11	157	1.36625
11	164	1.09076
11	180	1.7866
12	50	1.7042
12	73	0.906545
12	113	0.952419
12	121	0.953025
12	123	0.946746
12	124	0.946777
12	126	0.988561
12	142	0.969598
12	145	1.44731
12	149	1.49132
12	164	0.920541
12	174	0.809277
13	7	0.930269
13	32	1.12494
13	36	1.07863
13	58	1.02908
13	127	1.05133
13	136	1.32161
13	143	1.05478
13	151	1.08938
13	152	1.08147
13	165	1.10733
13	166	0.953062
13	179	1.64342
14	24	0.982779
14	32	0.967943
14	58	0.872077
14	117	1.00397
14	149	0.969646
14	151	0.93238
14	152	0.924468
14	153	1.64685
14	157	1.56555
14	165	0.95033
14	166	0.796063
14	175	1.50124
15	101	0.968183
15	116	0.941534
15	125	0.935157
15	128	0.962267
15	132	0.928545
15	135	0.959946
15	138	0.960359
15	148	1.16371
15	162	1.86633
15	164	0.921662
15	166	0.808322
15	167	1.68433
16	66	0.541768
16	87	0.422478
16	118	0.401189
16	119	0.745532
16	146	1.16488
16	157	1.07188
16	167	1.06039
16	173	1.03979
16	177	1.00603
16	178	1.00425
16	179	1.03347
16	180	1.01394
17	10	1.09224
17	35	0.998821
17	38	1.00623
17	39	0.998046
17	48	1.00568
17	100	0.630971
17	130	1.01274
17	131	1.01135
17	148	0.887307
17	152	1.01462
17	159	0.973242
17	168	2.17324
17	177	1.68488
18	9	0.961285
18	26	0.939706
18	50	1.08238
18	81	0.986107
18	90	0.881028
18	99	1.0431
18	112	1.05576
18	118	1.07629
18	119	1.024
18	151	1.0377
18	158	1.44275
18	159	0.988407
18	178	1.93511
19	3	0.974201
19	8	0.96137
19	29	1.04285
19	62	1.06015
19	65	1.05373
19	67	1.05519
19	74	1.00134
19	129	1.03015
19	158	1.4062
19	161	1.42014
19	165	1.05696
19	174	0.904774
19	179	1.51862
20	61	1.02834
20	81	0.961428
20	88	1.04844
20	92	0.977751
20	99	1.01842
20	109	1.0352
20	112	1.03108
20	118	1.05161
20	119	0.999326
20	122	1.02219
20	151	1.01302
20	155	1.37628
20	171	1.87786
21	31	0.959807
21	53	0.990248
21	56	0.945004
21	64	0.846108
21	76	0.889774
21	80	0.86254
21	83	0.928097
21	85	0.899008
21	89	0.899299
21	134	1.71003
21	147	1.72772
21	149	1.53519
21	163	0.873183
22	5	0.970786
22	78	0.977944
22	93	0.992674
22	98	1.03926
22	103	1.04293
22	105	1.06764
22	107	1.09858
22	139	0.965496
22	145	1.04914
22	148	1.00739
22	150	1.77049
22	151	1.03289
22	159	1.44355
23	34	1.03774
23	78	0.965867
23	79	1.04268
23	93	0.980597
23	98	1.02718
23	103	1.03085
23	105	1.05556
23	130	1.18759
23	139	0.953419
23	143	1.15673
23	151	1.02081
23	164	1.33032
23	170	1.70104
24	7	0.889994
24	14	0.982779
24	32	1.08467
24	36	1.03836
24	58	0.988801
24	146	1.32379
24	147	1.32563
24	148	1.31764
24	149	1.08637
24	152	1.04119
24	164	1.40372
24	165	1.06705
24	166	0.912787
25	10	1.08411
25	35	0.990691
25	38	0.998097
25	39	0.989916
25	48	0.997555
25	69	1.09934
25	100	0.953962
25	117	1.08599
25	131	1.00322
25	152	1.00649
25	159	0.965112
25	167	1.73092
25	175	1.50756
26	18	0.939706
26	72	0.964917
26	92	0.865447
26	99	0.906118
26	109	0.922895
26	112	0.918779
26	118	0.939311
26	119	0.887023
26	127	1.1484
26	151	0.900714
26	159	0.851425
26	171	1.86128
26	180	2.02128
27	57	1.02178
27	72	1.06606
27	81	0.950272
27	92	0.966594
27	109	1.02404
27	112	1.01993
27	118	1.04046
27	119	0.98817
27	146	0.765849
27	149	1.03913
27	166	1.83394
27	179	1.26082
27	180	1.54161
28	5	1.93926
28	84	0.887712
28	136	0.892049
28	138	1.59377
28	167	0.8357
28	171	0.811055
28	172	0.807703
28	173	0.815102
28	175	0.84614
28	176	0.817237
28	178	0.779566
28	179	0.808777
28	180	0.789255
29	2	1.05402
29	19	1.04285
29	47	0.98378
29	62	1.02367
29	74	0.964869
29	77	1.03378
29	91	1.11473
29	149	0.586753
29	165	1.02049
29	166	1.84555
29	171	1.39322
29	174	0.868298
29	180	1.55322
30	59	1.03244
30	84	1.38471
30	87	0.988167
30	96	1.01722
30	97	0.962851
30	104	1.05311
30	129	1.00055
30	130	1.00178
30	132	0.995477
30	135	1.02688
30	137	1.21755
30	138	1.02729
30	177	1.78548
31	21	0.959807
31	56	1.06635
31	64	0.967454
31	76	1.01112
31	80	0.983886
31	83	1.04944
31	85	1.02035
31	89	1.02064
31	120	1.32487
31	130	1.03213
31	153	1.53165
31	156	1.46221
31	163	0.994529
32	7	0.875158
32	13	1.12494
32	14	0.967943
32	24	1.08467
32	58	0.973965
32	115	1.28958
32	149	1.07153
32	151	1.03427
32	153	1.24447
32	156	1.17503
32	165	1.05222
32	166	0.897951
32	174	1.66406
33	49	1.11675
33	56	1.03917
33	76	0.983937
33	80	0.956703
33	83	1.02226
33	85	0.993171
33	89	0.993462
33	148	0.924706
33	152	1.00483
33	163	0.967346
33	169	1.77769
33	173	1.45704
33	175	1.22197
34	23	1.03774
34	78	0.960694
34	79	1.03751
34	93	0.975424
34	98	1.02201
34	103	1.02568
34	105	1.05039
34	131	1.00446
34	148	0.990138
34	158	1.17097
34	166	1.85651
34	175	1.07952
34	179	1.28338
35	10	1.04471
35	17	0.998821
35	25	0.990691
35	38	0.95869
35	39	0.95051
35	48	0.958148
35	88	1.01633
35	117	1.04658
35	130	0.965199
35	141	1.27426
35	152	0.967083
35	156	1.59726
35	159	0.925706
35	179	1.72495
36	7	0.828847
36	13	1.07863
36	24	1.03836
36	50	1.41343
36	58	0.927654
36	117	1.05954
36	129	1.39774
36	139	1.67544
36	145	1.15654
36	149	1.02522
36	151	0.987957
36	152	0.980045
36	165	1.00591
36	166	0.85164
37	95	0.999479
37	96	0.984353
37	97	0.929988
37	102	1.18051
37	106	0.993286
37	116	0.975604
37	125	0.969226
37	128	0.996337
37	132	0.962614
37	135	0.994015
37	138	0.994428
37	142	1.2807
37	146	1.44255
37	175	1.73365
38	10	1.05211
38	17	1.00623
38	25	0.998097
38	35	0.95869
38	39	0.957915
38	48	0.965554
38	114	1.12973
38	130	0.972604
38	131	0.971222
38	136	1.58089
38	137	1.63123
38	144	1.29673
38	152	0.974488
38	159	0.933111
39	10	1.04393
39	17	0.998046
39	25	0.989916
39	35	0.95051
39	38	0.957915
39	48	0.957373
39	117	1.04581
39	131	0.963041
39	143	0.548384
39	152	0.966308
39	159	0.924931
39	166	1.71015
39	168	1.92183
39	178	1.51697
40	60	0.816521
40	67	1.89719
40	99	1.70046
40	136	0.886294
40	153	0.833754
40	169	0.794656
40	170	0.832668
40	171	0.8053
40	172	0.801948
40	173	0.809348
40	175	0.840385
40	176	0.811482
40	178	0.773811
40	180	0.7835
41	49	1.19155
41	53	1.15922
41	56	1.11397
41	64	1.01508
41	80	1.03151
41	83	1.09706
41	84	1.09962
41	85	1.06798
41	89	1.06827
41	114	0.430968
41	161	1.10545
41	162	1.40543
41	163	1.04215
41	168	1.98874
42	2	1.03776
42	3	0.921459
42	8	0.908628
42	62	1.00741
42	65	1.00098
42	74	0.948602
42	75	1.34042
42	77	1.01751
42	91	1.09846
42	145	0.992024
42	156	1.59401
42	165	1.00422
42	174	0.852032
42	179	1.7217
43	6	1.04904
43	55	1.03922
43	107	1.11286
43	113	0.98106
43	121	0.981666
43	123	0.975387
43	124	0.975418
43	126	1.0172
43	155	1.41231
43	158	1.68068
43	159	1.45783
43	164	0.949182
43	165	0.990108
43	174	0.837918
44	86	0.953817
44	96	0.976682
44	101	0.994581
44	104	1.01257
44	106	0.985615
44	125	0.961555
44	128	0.988666
44	132	0.954943
44	135	0.986344
44	138	0.986757
44	139	1.11867
44	162	1.53094
44	172	1.43674
44	180	1.61024
45	46	1.0812
45	68	1.09263
45	73	1.06685
45	121	1.11333
45	123	1.10705
45	124	1.10709
45	126	1.14887
45	133	1.02612
45	144	0.77202
45	159	1.04272
45	165	1.12178
45	169	1.72985
45	174	0.969586
45	176	1.47366
46	45	1.0812
46	55	1.04314
46	110	1.07419
46	113	0.98498
46	121	0.985586
46	123	0.979307
46	124	0.979338
46	126	1.02112
46	141	1.40801
46	144	1.25272
46	148	0.950579
46	150	1.85037
46	163	0.930679
46	174	0.841838
47	3	0.915133
47	29	0.98378
47	65	0.994657
47	67	0.99612
47	74	0.942276
47	77	1.01119
47	91	1.09213
47	140	0.996319
47	142	1.00603
47	143	1.14995
47	165	0.997895
47	170	1.69426
47	172	1.84589
47	174	0.845706
48	10	1.05157
48	17	1.00568
48	25	0.997555
48	35	0.958148
48	38	0.965554
48	39	0.957373
48	130	0.972062
48	131	0.97068
48	133	1.35678
48	152	0.973946
48	159	0.932569
48	163	1.29275
48	164	1.29361
48	173	1.73987
49	33	1.11675
49	41	1.19155
49	64	1.03023
49	76	1.0739
49	80	1.04666
49	85	1.08313
49	89	1.08342
49	100	0.631925
49	120	1.12435
49	152	1.09479
49	154	1.791
49	163	1.05731
49	164	0.974337
49	171	1.51018
50	12	1.7042
50	18	1.08238
50	36	1.41343
50	136	0.958405
50	156	0.908819
50	161	0.910146
50	167	0.902057
50	169	0.866767
50	170	0.90478
50	171	0.877411
50	176	0.883593
50	178	0.845922
50	179	0.875134
50	180	0.855611
51	3	1.44401
51	11	1.05667
51	77	0.823034
51	81	0.606264
51	93	0.954455
51	98	1.00104
51	105	1.02942
51	126	0.618561
51	128	1.0123
51	132	0.978574
51	135	1.00998
51	177	0.85552
51	178	0.853739
51	179	0.882951
51	180	0.863428
52	80	0.905408
52	99	0.853845
52	103	0.615791
52	152	0.675692
52	154	0.949803
52	158	0.989486
52	169	0.945187
52	172	0.952479
52	173	0.959879
52	175	0.990917
52	176	0.962014
52	177	0.926123
52	178	0.924342
52	179	0.953554
52	180	0.934031
53	21	0.990248
53	41	1.15922
53	64	0.997895
53	76	1.04156
53	80	1.01433
53	83	1.07988
53	85	1.0508
53	89	1.05109
53	142	0.849667
53	152	1.06246
53	158	1.39406
53	162	1.70797
53	163	1.02497
53	164	1.09143
53	175	1.30262
54	3	1.32857
54	73	0.527465
54	85	0.638064
54	88	1.20254
54	104	0.373718
54	155	1.09793
54	160	1.09979
54	165	0.203508
54	168	0.991066
54	169	1.02105
54	172	1.02834
54	177	1.00198
54	178	1.0002
54	179	1.02941
54	180	1.00989
55	43	1.03922
55	46	1.04314
55	68	1.05457
55	111	0.911839
55	113	1.07467
55	123	1.06899
55	124	1.06902
55	126	1.11081
55	127	0.878274
55	163	1.02037
55	165	1.08372
55	167	1.48986
55	171	1.59115
55	173	1.50157
55	174	0.931525
56	21	0.945004
56	31	1.06635
56	33	1.03917
56	41	1.11397
56	76	0.996317
56	80	0.969083
56	83	1.03464
56	85	1.00555
56	89	1.00584
56	108	1.09834
56	141	1.2599
56	144	1.10462
56	149	1.02492
56	152	1.01721
56	163	0.979726
56	178	2.09054
57	27	1.02178
57	61	1.03395
57	72	1.08283
57	92	0.98336
57	99	1.02403
57	109	1.04081
57	112	1.03669
57	118	1.05722
57	119	1.00494
57	139	0.951236
57	141	1.16853
57	143	1.03057
57	155	1.23843
57	159	0.969338
57	163	1.20331
57	169	1.97107
58	7	0.779292
58	13	1.02908
58	14	0.872077
58	24	0.988801
58	32	0.973965
58	36	0.927654
58	117	1.00999
58	129	1.19544
58	149	0.975668
58	151	0.938401
58	152	0.93049
58	163	1.26802
58	165	0.956351
58	166	0.802085
58	174	2.04526
58	176	1.7796
59	30	1.03244
59	86	1.00235
59	87	0.99617
59	101	1.04312
59	106	1.03415
59	110	0.815574
59	116	1.01647
59	125	1.01009
59	132	1.00348
59	135	1.03488
59	137	1.32861
59	138	1.03529
59	139	1.38931
59	150	1.59176
59	157	1.46052
59	164	0.996597
60	40	0.816521
60	80	2.03332
60	93	2.07454
60	141	0.913279
60	154	0.785018
60	155	0.85729
60	162	0.794253
60	168	0.750422
60	169	0.780402
60	170	0.818414
60	173	0.795094
60	176	0.797228
60	177	0.761337
60	178	0.759557
60	179	0.788768
60	180	0.769246
61	20	1.02834
61	57	1.03395
61	63	1.03867
61	81	0.962434
61	92	0.978757
61	99	1.01943
61	109	1.0362
61	118	1.05262
61	119	1.00033
61	149	1.05129
61	151	1.01402
61	155	1.02993
61	161	1.31224
61	164	0.99567
61	176	1.50639
61	178	1.79066
62	8	0.942194
62	19	1.06015
62	29	1.02367
62	42	1.00741
62	65	1.03455
62	67	1.03601
62	74	0.982169
62	91	1.13203
62	133	1.05721
62	140	0.666812
62	142	1.04592
62	165	1.03779
62	166	1.98221
62	169	1.76095
62	174	0.885598
62	175	1.20522
63	61	1.03867
63	72	1.08756
63	75	1.28514
63	81	0.971764
63	92	0.988087
63	99	1.02876
63	109	1.04553
63	112	1.04142
63	118	1.06195
63	119	1.00966
63	134	1.15559
63	139	0.955962
63	148	1.16529
63	159	0.974064
63	160	1.25805
63	172	1.77371
64	21	0.846108
64	31	0.967454
64	41	1.01508
64	49	1.03023
64	53	0.997895
64	76	0.897421
64	80	0.870187
64	83	0.935744
64	85	0.906655
64	89	0.906946
64	120	1.4712
64	136	1.41443
64	147	1.2431
64	152	0.918318
64	154	2.13784
64	163	0.88083
65	3	0.948603
65	19	1.05373
65	42	1.00098
65	47	0.994657
65	62	1.03455
65	67	1.02959
65	77	1.04466
65	91	1.1256
65	142	1.0395
65	149	0.753021
65	154	1.8403
65	160	1.03033
65	165	1.03137
65	167	1.45819
65	174	0.879176
65	176	1.53436
66	16	0.541768
66	95	1.04758
66	96	1.03245
66	97	0.978088
66	104	1.06834
66	116	1.0237
66	125	1.01733
66	128	1.04444
66	132	1.01071
66	133	1.3634
66	135	1.04212
66	138	1.04253
66	147	1.22214
66	160	1.30692
66	166	0.890491
66	171	1.83607
67	2	1.06636
67	8	0.937235
67	19	1.05519
67	40	1.89719
67	47	0.99612
67	62	1.03601
67	65	1.02959
67	74	0.977209
67	77	1.04612
67	91	1.12707
67	94	1.06325
67	110	1.01765
67	114	1.02919
67	149	1.11648
67	165	1.03283
67	174	0.880638
68	45	1.09263
68	55	1.05457
68	113	0.996407
68	121	0.997013
68	123	0.990734
68	124	0.990765
68	126	1.03255
68	129	1.13806
68	134	1.11572
68	148	0.962006
68	160	1.21818
68	163	0.942106
68	164	0.964529
68	165	1.00546
68	170	1.58222
68	174	0.853265
68	180	1.90734
69	11	1.00194
69	25	1.09934
69	70	1.0924
69	72	0.874736
69	81	1.04778
69	103	0.949982
69	105	0.974691
69	113	0.948842
69	121	0.949448
69	126	0.984984
69	142	0.966021
69	151	0.93994
69	167	0.855146
69	174	0.8057
69	175	0.865586
69	176	0.836683
69	180	0.808701
70	1	1.02829
70	69	1.0924
70	86	1.07291
70	94	0.965588
70	95	1.1109
70	96	1.09577
70	97	1.04141
70	102	0.947474
70	106	1.10471
70	108	1.09224
70	116	1.08702
70	125	1.08065
70	132	1.07403
70	135	1.10544
70	138	1.10585
70	149	1.01882
70	179	1.70448
71	4	0.998646
71	73	1.03235
71	107	0.869076
71	113	1.07823
71	121	1.07883
71	123	1.07256
71	124	1.07259
71	126	1.11437
71	130	0.991539
71	137	1.27784
71	146	1.05435
71	148	1.04383
71	153	1.49106
71	163	1.02393
71	164	1.04635
71	165	1.08728
71	174	0.935086
71	178	1.92926
72	9	0.986496
72	26	0.964917
72	27	1.06606
72	57	1.08283
72	63	1.08756
72	69	0.874736
72	88	0.778199
72	92	1.02764
72	99	1.06831
72	109	1.08509
72	112	1.08097
72	118	1.1015
72	119	1.04922
72	129	0.998342
72	139	0.995516
72	141	1.03613
72	162	1.68831
72	169	1.83868
73	6	1.03862
73	12	0.906545
73	45	1.06685
73	54	0.527465
73	71	1.03235
73	113	0.970633
73	121	0.971239
73	123	0.96496
73	124	0.964991
73	126	1.00678
73	147	1.20336
73	159	1.36123
73	163	0.916332
73	164	0.938755
73	165	0.979681
73	174	0.827491
73	178	2.07644
73	179	1.6965
74	2	1.01252
74	3	0.896222
74	19	1.00134
74	29	0.964869
74	42	0.948602
74	47	0.942276
74	62	0.982169
74	67	0.977209
74	77	0.992277
74	91	1.07322
74	111	1.25728
74	133	1.46392
74	140	1.07353
74	142	0.987115
74	145	1.08612
74	165	0.978984
74	166	2.38892
74	174	0.826794
75	42	1.34042
75	63	1.28514
75	124	0.954744
75	136	0.9676
75	138	1.06843
75	159	0.946757
75	161	0.919341
75	162	0.889813
75	167	0.911252
75	168	0.845982
75	169	0.875962
75	170	0.913975
75	171	0.886606
75	175	0.921691
75	176	0.892788
75	178	0.855117
75	179	0.884329
75	180	0.864806
76	21	0.889774
76	31	1.01112
76	33	0.983937
76	49	1.0739
76	53	1.04156
76	56	0.996317
76	64	0.897421
76	80	0.913853
76	83	0.97941
76	85	0.950322
76	89	0.950613
76	144	0.803119
76	152	0.961984
76	157	1.26953
76	163	0.924496
76	166	1.98222
76	167	1.42859
76	178	1.78904
77	2	1.08143
77	3	0.965134
77	8	0.952303
77	29	1.03378
77	42	1.01751
77	47	1.01119
77	51	0.823034
77	65	1.04466
77	67	1.04612
77	74	0.992277
77	91	1.14214
77	110	1.09213
77	130	1.31886
77	142	1.05603
77	144	1.27066
77	155	1.49585
77	163	1.46073
77	165	1.0479
77	174	0.895707
78	5	0.88166
78	11	1.00576
78	22	0.977944
78	23	0.965867
78	34	0.960694
78	79	0.965633
78	93	0.903548
78	98	0.950133
78	103	0.953803
78	105	0.978512
78	114	0.842382
78	117	1.01535
78	133	1.26347
78	139	0.87637
78	148	0.918262
78	151	0.943761
78	162	1.81684
78	172	1.72264
78	180	1.89614
79	5	0.958474
79	11	1.08258
79	23	1.04268
79	34	1.03751
79	78	0.965633
79	93	0.980362
79	98	1.02695
79	103	1.03062
79	105	1.05533
79	108	1.07366
79	117	1.09216
79	131	1.0094
79	134	1.17508
79	148	0.995076
79	151	1.02058
79	157	1.54635
79	159	1.35064
79	163	1.27001
79	175	1.48204
80	21	0.86254
80	31	0.983886
80	33	0.956703
80	41	1.03151
80	49	1.04666
80	52	0.905408
80	53	1.01433
80	56	0.969083
80	60	2.03332
80	64	0.870187
80	76	0.913853
80	83	0.952176
80	85	0.923087
80	89	0.923378
80	111	1.09846
80	149	0.971314
80	152	0.93475
80	163	0.897262
80	171	1.77778
81	18	0.986107
81	20	0.961428
81	27	0.950272
81	51	0.606264
81	61	0.962434
81	63	0.971764
81	69	1.04778
81	82	0.904171
81	92	0.911849
81	99	0.95252
81	109	0.969296
81	112	0.96518
81	118	0.985712
81	119	0.933424
81	148	1.15874
81	151	0.947115
81	159	0.897826
81	177	1.95631
81	178	2.03981
82	81	0.904171
82	83	0.965274
82	85	0.936185
82	89	0.936476
82	109	0.977941
82	111	1.21028
82	112	0.973825
82	119	0.942069
82	121	0.965267
82	123	0.958989
82	124	0.959019
82	126	1.0008
82	127	1.17672
82	159	0.906471
82	160	1.36044
82	163	0.91036
82	164	0.932784
82	179	1.7688
82	180	2.0496
83	21	0.928097
83	31	1.04944
83	33	1.02226
83	41	1.09706
83	53	1.07988
83	56	1.03464
83	64	0.935744
83	76	0.97941
83	80	0.952176
83	82	0.965274
83	85	0.988644
83	89	0.988935
83	90	1.03764
83	134	1.20095
83	140	0.969506
83	152	1.00031
83	159	1.37651
83	161	1.6133
83	163	0.962819
83	177	2.00823
84	28	0.887712
84	30	1.38471
84	41	1.09962
84	106	1.43216
84	133	0.933024
84	138	1.34539
84	141	0.978715
84	155	0.922727
84	156	0.88789
84	166	0.829605
84	167	0.881128
84	171	0.856482
84	172	0.85313
84	173	0.86053
84	175	0.891567
84	176	0.862664
84	177	0.826774
84	178	0.824993
84	179	0.854204
84	180	0.834682
85	21	0.899008
85	31	1.02035
85	33	0.993171
85	41	1.06798
85	49	1.08313
85	53	1.0508
85	54	0.638064
85	56	1.00555
85	64	0.906655
85	76	0.950322
85	80	0.923087
85	82	0.936185
85	83	0.988644
85	88	1.09848
85	89	0.959846
85	122	1.07222
85	130	1.24932
85	152	0.971218
85	154	2.20871
85	163	0.93373
85	173	1.83831
86	44	0.953817
86	59	1.00235
86	70	1.07291
86	87	0.958081
86	97	0.932765
86	101	1.00503
86	104	1.02302
86	106	0.996063
86	107	0.912571
86	116	0.978381
86	125	0.972003
86	128	0.999114
86	132	0.965391
86	135	0.996792
86	137	1.32134
86	138	0.997205
86	140	0.850538
86	166	0.845168
86	167	1.61231
86	178	1.97275
86	180	1.87361
87	16	0.422478
87	30	0.988167
87	59	0.99617
87	86	0.958081
87	95	0.996072
87	97	0.926581
87	101	0.998845
87	104	1.01683
87	106	0.989879
87	116	0.972197
87	125	0.965819
87	128	0.99293
87	132	0.959207
87	135	0.990608
87	138	0.991021
87	149	0.910318
87	164	0.952324
87	170	1.55166
87	174	1.95733
87	176	1.69166
87	179	1.59599
88	20	1.04844
88	35	1.01633
88	54	1.20254
88	72	0.778199
88	85	1.09848
88	89	0.967483
88	129	1.09405
88	139	0.992727
88	158	0.984333
88	162	0.953886
88	165	0.66392
88	168	0.910055
88	170	0.978047
88	172	0.947327
88	173	0.954727
88	175	0.985764
88	176	0.956861
88	177	0.92097
88	178	0.91919
88	179	0.948401
88	180	0.928879
89	21	0.899299
89	31	1.02064
89	33	0.993462
89	41	1.06827
89	49	1.08342
89	53	1.05109
89	56	1.00584
89	64	0.906946
89	76	0.950613
89	80	0.923378
89	82	0.936476
89	83	0.988935
89	85	0.959846
89	88	0.967483
89	146	1.18114
89	152	0.971509
89	155	1.29532
89	158	1.56368
89	159	1.34084
89	163	0.934021
89	172	1.7834
90	18	0.881028
90	83	1.03764
90	104	0.868614
90	117	0.637389
90	121	0.912745
90	122	1.08356
90	138	0.77557
90	150	0.95625
90	153	0.97383
90	155	1.01162
90	157	0.981513
90	162	0.948582
90	167	0.970021
90	168	0.904752
90	170	0.972744
90	171	0.945376
90	175	0.980461
90	176	0.951558
90	177	0.915667
90	178	0.913887
90	179	0.943098
90	180	0.923576
91	2	1.16238
91	3	1.04608
91	8	1.03325
91	29	1.11473
91	42	1.09846
91	47	1.09213
91	62	1.13203
91	65	1.1256
91	67	1.12707
91	74	1.07322
91	77	1.14214
91	107	0.731044
91	136	1.08948
91	142	1.13697
91	147	0.918148
91	149	0.725612
91	163	0.995382
91	165	1.12884
91	168	2.19609
91	170	1.36696
91	172	1.51858
91	174	0.976653
92	9	0.887027
92	20	0.977751
92	26	0.865447
92	27	0.966594
92	57	0.98336
92	61	0.978757
92	63	0.988087
92	72	1.02764
92	81	0.911849
92	107	0.898288
92	109	0.985619
92	112	0.981503
92	118	1.00203
92	119	0.949747
92	130	1.02075
92	149	1.0007
92	151	0.963438
92	154	1.98014
92	159	0.914149
92	173	1.60974
92	174	1.93986
92	175	1.37466
93	5	0.89639
93	11	1.02049
93	22	0.992674
93	23	0.980597
93	34	0.975424
93	51	0.954455
93	60	2.07454
93	78	0.903548
93	79	0.980362
93	98	0.964862
93	103	0.968532
93	105	0.993241
93	117	1.03008
93	131	0.947312
93	139	0.8911
93	140	0.955931
93	146	1.20323
93	148	0.932992
93	151	0.958491
93	155	1.31742
93	161	1.59972
93	164	1.28316
94	67	1.06325
94	70	0.965588
94	95	0.843579
94	121	0.847985
94	123	0.789695
94	140	1.13851
94	145	1.10765
94	155	0.99702
94	158	0.964429
94	161	0.96351
94	165	0.633644
94	169	0.920131
94	170	0.958143
94	171	0.930775
94	172	0.927423
94	173	0.934823
94	175	0.96586
94	176	0.936957
94	177	0.901067
94	178	0.899286
94	179	0.928497
94	180	0.908975
95	37	0.999479
95	66	1.04758
95	70	1.1109
95	87	0.996072
95	94	0.843579
95	96	1.02512
95	97	0.970756
95	104	1.06101
95	106	1.03405
95	116	1.01637
95	125	1.00999
95	128	1.0371
95	131	1.0083
95	132	1.00338
95	135	1.03478
95	138	1.0352
95	140	0.840205
95	141	1.13179
95	149	0.896806
95	167	1.60197
95	177	1.87893
95	179	1.58248
96	30	1.01722
96	37	0.984353
96	44	0.976682
96	66	1.03245
96	70	1.09577
96	95	1.02512
96	101	1.02789
96	102	1.06716
96	106	1.01893
96	108	1.21193
96	116	1.00125
96	125	0.994868
96	128	1.02198
96	131	0.993171
96	132	0.988256
96	135	1.01966
96	138	1.02007
96	142	1.16736
96	148	1.32305
96	153	1.76592
96	155	1.44339
96	160	1.41582
96	166	0.868033
97	1	0.888148
97	30	0.962851
97	37	0.929988
97	66	0.978088
97	70	1.04141
97	86	0.932765
97	87	0.926581
97	95	0.970756
97	101	0.973529
97	106	0.964563
97	120	1.534
97	125	0.940503
97	128	0.967614
97	132	0.933891
97	134	1.28821
97	135	0.965292
97	138	0.965705
97	147	1.3059
97	155	1.41825
97	164	0.927008
97	166	0.813668
97	170	1.75471
97	179	1.79904
98	5	0.942974
98	11	1.06708
98	22	1.03926
98	23	1.02718
98	34	1.02201
98	51	1.00104
98	78	0.950133
98	79	1.02695
98	93	0.964862
98	103	1.01512
98	105	1.03983
98	111	0.97842
98	117	1.07666
98	130	0.979165
98	131	0.993897
98	139	0.937684
98	140	0.794669
98	148	0.979576
98	151	1.00508
98	157	1.39738
98	169	1.8888
98	176	1.63261
98	177	1.83339
99	18	1.0431
99	20	1.01842
99	26	0.906118
99	40	1.70046
99	52	0.853845
99	57	1.02403
99	61	1.01943
99	63	1.02876
99	72	1.06831
99	81	0.95252
99	107	0.925183
99	109	1.02629
99	112	1.02217
99	118	1.04271
99	119	0.990418
99	134	1.09459
99	139	0.936718
99	143	1.01678
99	149	1.04138
99	151	1.00411
99	159	0.95482
99	164	1.19037
99	169	1.95728
100	17	0.630971
100	25	0.953962
100	49	0.631925
100	101	0.874913
100	113	0.846098
100	115	1.011
100	120	1.06406
100	124	0.578561
100	126	0.9147
100	129	1.12183
100	147	1.05053
100	158	1.01211
100	160	1.04656
100	161	1.01119
100	162	0.981665
100	171	0.978459
100	172	0.975107
100	173	0.982506
100	175	1.01354
100	176	0.984641
100	177	0.94875
100	178	0.94697
100	180	0.956659
101	15	0.968183
101	44	0.994581
101	59	1.04312
101	86	1.00503
101	87	0.998845
101	96	1.02789
101	97	0.973529
101	100	0.874913
101	106	1.03683
101	125	1.01277
101	128	1.03988
101	131	1.01107
101	132	1.00616
101	135	1.03756
101	138	1.03797
101	143	1.04373
101	156	1.50468
101	157	1.49282
101	160	1.22401
101	163	1.21647
101	164	0.999273
101	166	0.885932
101	172	1.73967
102	37	1.18051
102	70	0.947474
102	96	1.06716
102	112	0.997075
102	126	0.915148
102	135	0.723584
102	143	1.09163
102	147	0.998223
102	153	0.954609
102	156	0.957563
102	157	0.962293
102	161	0.95889
102	167	0.950801
102	168	0.885531
102	170	0.953524
102	171	0.926156
102	173	0.930203
102	175	0.961241
102	176	0.932338
102	177	0.896447
102	178	0.894666
102	179	0.923878
102	180	0.904355
103	5	0.946644
103	11	1.07075
103	22	1.04293
103	23	1.03085
103	34	1.02568
103	52	0.615791
103	69	0.949982
103	78	0.953803
103	79	1.03062
103	93	0.968532
103	98	1.01512
103	105	1.0435
103	117	1.08033
103	127	0.775281
103	131	0.997567
103	139	0.941354
103	148	0.983246
103	151	1.00875
103	158	1.25495
103	163	0.951467
103	166	1.94049
103	168	2.15218
103	176	1.46304
104	1	0.978402
104	30	1.05311
104	44	1.01257
104	54	0.373718
104	66	1.06834
104	86	1.02302
104	87	1.01683
104	90	0.868614
104	95	1.06101
104	106	1.05482
104	116	1.03713
104	125	1.03076
104	127	0.950665
104	128	1.05787
104	131	1.02906
104	132	1.02414
104	135	1.05555
104	138	1.05596
104	146	1.04778
104	160	1.13439
104	164	1.01726
104	166	0.903922
104	174	1.90409
104	176	1.63842
104	180	1.82355
105	5	0.971353
105	11	1.09545
105	22	1.06764
105	23	1.05556
105	34	1.05039
105	51	1.02942
105	69	0.974691
105	78	0.978512
105	79	1.05533
105	93	0.993241
105	98	1.03983
105	103	1.0435
105	108	1.00901
105	110	0.836747
105	117	1.10504
105	131	1.02228
105	139	0.966063
105	143	1.03261
105	148	1.00796
105	150	1.61293
105	151	1.03345
105	160	1.21289
105	164	1.2062
105	172	1.72855
105	176	1.71693
106	37	0.993286
106	44	0.985615
106	59	1.03415
106	70	1.10471
106	84	1.43216
106	86	0.996063
106	87	0.989879
106	95	1.03405
106	96	1.01893
106	97	0.964563
106	101	1.03683
106	104	1.05482
106	116	1.01018
106	125	1.0038
106	128	1.03091
106	129	1.048
106	132	0.997189
106	135	1.02859
106	137	1.265
106	138	1.029
106	141	1.08579
106	145	0.806803
106	153	1.47822
106	166	0.876966
106	175	1.33261
106	178	1.91642
107	22	1.09858
107	43	1.11286
107	71	0.869076
107	86	0.912571
107	91	0.731044
107	92	0.898288
107	99	0.925183
107	144	1.12508
107	145	1.15118
107	146	1.10344
107	147	1.04637
107	151	0.877783
107	154	0.968271
107	157	1.01044
107	158	1.00795
107	160	1.0424
107	162	0.977506
107	167	0.998945
107	171	0.9743
107	173	0.978347
107	175	1.00938
107	176	0.980482
107	177	0.944591
107	178	0.94281
107	179	0.972022
107	180	0.952499
108	56	1.09834
108	70	1.09224
108	79	1.07366
108	96	1.21193
108	105	1.00901
108	144	1.07931
108	145	1.10541
108	147	1.0006
108	150	0.939403
108	152	0.815022
108	153	0.956984
108	155	0.994774
108	160	0.996627
108	161	0.961264
108	165	0.760295
108	168	0.887905
108	169	0.917885
108	170	0.955898
108	172	0.925178
108	173	0.932577
108	175	0.963615
108	176	0.934712
108	177	0.898821
108	178	0.897041
108	179	0.926252
108	180	0.90673
109	9	0.944474
109	20	1.0352
109	26	0.922895
109	27	1.02404
109	57	1.04081
109	61	1.0362
109	63	1.04553
109	72	1.08509
109	81	0.969296
109	82	0.977941
109	92	0.985619
109	99	1.02629
109	112	1.03895
109	118	1.05948
109	119	1.00719
109	137	1.27538
109	139	0.953494
109	146	1.05189
109	148	1.04573
109	149	1.05815
109	155	1.16607
109	159	0.971596
109	161	1.44838
109	173	1.57807
109	175	1.34299
109	177	1.84331
110	3	1.7131
110	46	1.07419
110	59	0.815574
110	67	1.01765
110	77	1.09213
110	105	0.836747
110	140	1.16146
110	150	0.964599
110	153	0.982179
110	156	0.985133
110	157	0.989863
110	160	1.02182
110	165	0.588036
110	167	0.978371
110	168	0.913101
110	169	0.943081
110	171	0.953726
110	172	0.950373
110	173	0.957773
110	175	0.98881
110	176	0.959908
110	177	0.924017
110	178	0.922236
110	179	0.951448
110	180	0.931925
111	6	0.969596
111	55	0.911839
111	74	1.25728
111	80	1.09846
111	82	1.21028
111	98	0.97842
111	133	1.01931
111	147	1.01483
111	151	0.999501
111	154	0.936736
111	157	0.978901
111	158	0.976418
111	160	1.01086
111	161	0.975498
111	162	0.945971
111	166	0.915887
111	167	0.96741
111	169	0.93212
111	172	0.939412
111	173	0.946812
111	175	0.977849
111	176	0.948946
111	177	0.913056
111	178	0.911275
111	179	0.940486
111	180	0.920964
112	9	0.940359
112	18	1.05576
112	20	1.03108
112	26	0.918779
112	27	1.01993
112	57	1.03669
112	63	1.04142
112	72	1.08097
112	81	0.96518
112	82	0.973825
112	92	0.981503
112	99	1.02217
112	102	0.997075
112	109	1.03895
112	114	0.981121
112	118	1.05537
112	119	1.00308
112	136	1.43228
112	139	0.949378
112	142	1.09727
112	145	1.02441
112	149	1.05404
112	151	1.01677
112	160	1.34573
112	164	1.33904
112	174	2.11542
113	4	0.936926
113	12	0.952419
113	43	0.98106
113	46	0.98498
113	55	1.07467
113	68	0.996407
113	69	0.948842
113	71	1.07823
113	73	0.970633
113	100	0.846098
113	115	1.59041
113	121	1.01711
113	123	1.01083
113	124	1.01087
113	126	1.05265
113	130	1.04578
113	136	1.28175
113	139	1.39278
113	142	1.03369
113	148	0.982107
113	161	1.50508
113	163	0.962206
113	164	0.98463
113	165	1.02556
113	173	1.63477
113	174	0.873366
113	175	1.39969
114	8	1.31646
114	38	1.12973
114	41	0.430968
114	67	1.02919
114	78	0.842382
114	112	0.981121
114	120	1.04114
114	122	1.09372
114	123	0.755627
114	126	0.899193
114	133	1.03208
114	137	1.04744
114	145	1.13242
114	147	1.02761
114	150	0.966413
114	155	1.02178
114	158	0.989193
114	161	0.988274
114	162	0.958746
114	168	0.914915
114	170	0.982908
114	175	0.990624
114	176	0.961721
114	177	0.925831
114	178	0.92405
114	179	0.953261
114	180	0.933739
115	32	1.28958
115	100	1.011
115	113	1.59041
115	117	1.29838
115	122	0.950549
115	130	0.912008
115	132	1.44138
115	133	0.888906
115	137	0.904264
115	146	0.941503
115	155	0.878608
115	156	0.843772
115	157	0.848501
115	160	0.880461
115	161	0.845098
115	164	0.898828
115	165	1.3594
115	169	0.80172
115	171	0.812364
115	172	0.809012
115	173	0.816412
115	175	0.847449
115	176	0.818546
115	177	0.782656
115	178	0.780875
115	179	0.810086
115	180	0.790564
116	15	0.941534
116	37	0.975604
116	59	1.01647
116	66	1.0237
116	70	1.08702
116	86	0.978381
116	87	0.972197
116	95	1.01637
116	96	1.00125
116	104	1.03713
116	106	1.01018
116	122	1.13376
116	125	0.986119
116	128	1.01323
116	130	0.985804
116	132	0.979507
116	133	1.51676
116	135	1.01091
116	136	1.54683
116	138	1.01132
116	142	1.21182
116	143	1.28
116	148	1.36751
116	149	1.18297
116	156	1.74095
116	164	0.972624
116	166	0.859284
117	14	1.00397
117	25	1.08599
117	35	1.04658
117	36	1.05954
117	39	1.04581
117	58	1.00999
117	78	1.01535
117	79	1.09216
117	90	0.637389
117	93	1.03008
117	98	1.07666
117	103	1.08033
117	105	1.10504
117	115	1.29838
117	130	1.0605
117	131	1.05911
117	144	0.705555
117	145	0.581852
117	146	0.816557
117	152	1.06238
117	154	1.71314
117	157	1.17197
117	159	1.021
117	165	1.08824
117	166	0.933975
117	168	2.09634
117	169	1.66339
118	9	0.96089
118	16	0.401189
118	18	1.07629
118	20	1.05161
118	26	0.939311
118	27	1.04046
118	57	1.05722
118	61	1.05262
118	63	1.06195
118	72	1.1015
118	81	0.985712
118	92	1.00203
118	99	1.04271
118	109	1.05948
118	112	1.05537
118	119	1.02361
118	127	0.982613
118	139	0.96991
118	140	0.832427
118	142	0.917886
118	149	1.07457
118	150	1.56638
118	151	1.0373
118	159	0.988012
118	162	1.77619
118	164	1.15965
118	168	2.35951
118	175	1.37084
119	9	0.908602
119	16	0.745532
119	18	1.024
119	20	0.999326
119	26	0.887023
119	27	0.98817
119	57	1.00494
119	61	1.00033
119	63	1.00966
119	72	1.04922
119	81	0.933424
119	82	0.942069
119	92	0.949747
119	99	0.990418
119	109	1.00719
119	112	1.00308
119	118	1.02361
119	120	1.65401
119	127	1.32696
119	139	0.917622
119	140	1.17677
119	142	1.26223
119	149	1.02228
119	151	0.985013
119	159	0.935724
119	161	1.82056
119	163	1.50314
119	164	1.504
120	10	0.991584
120	31	1.32487
120	49	1.12435
120	64	1.4712
120	97	1.534
120	100	1.06406
120	114	1.04114
120	119	1.65401
120	134	0.973801
120	136	0.946419
120	146	0.994564
120	154	0.859397
120	162	0.868632
120	163	0.929466
120	167	0.890071
120	168	0.824801
120	169	0.854781
120	170	0.892794
120	171	0.865426
120	172	0.862074
120	173	0.869473
120	175	0.900511
120	176	0.871608
120	177	0.835717
120	178	0.833937
120	179	0.863148
120	180	0.843625
121	4	0.937532
121	6	1.0851
121	12	0.953025
121	43	0.981666
121	45	1.11333
121	46	0.985586
121	68	0.997013
121	69	0.949448
121	71	1.07883
121	73	0.971239
121	82	0.965267
121	90	0.912745
121	94	0.847985
121	113	1.01711
121	122	0.852009
121	123	1.01144
121	124	1.01147
121	126	1.05326
121	139	1.37611
121	142	1.03429
121	145	0.857208
121	148	0.982713
121	159	1.25161
121	162	1.78838
121	163	0.962812
121	164	0.985236
121	165	1.02616
121	166	2.16001
121	170	1.54256
121	174	0.873972
122	20	1.02219
122	85	1.07222
122	90	1.08356
122	114	1.09372
122	115	0.950549
122	116	1.13376
122	121	0.852009
122	125	0.866971
122	126	0.937286
122	128	0.913411
122	133	0.994552
122	135	0.745723
122	144	1.06879
122	145	1.09489
122	157	0.954147
122	161	0.950744
122	167	0.942655
122	168	0.877386
122	169	0.907366
122	170	0.945378
122	171	0.91801
122	172	0.914658
122	173	0.922058
122	174	0.89321
122	175	0.953095
122	176	0.924192
122	177	0.888302
122	178	0.886521
122	179	0.915732
122	180	0.89621
123	4	0.931253
123	6	1.07882
123	12	0.946746
123	43	0.975387
123	45	1.10705
123	46	0.979307
123	55	1.06899
123	68	0.990734
123	71	1.07256
123	73	0.96496
123	82	0.958989
123	94	0.789695
123	113	1.01083
123	114	0.755627
123	121	1.01144
123	124	1.00519
123	126	1.04698
123	142	1.02801
123	143	0.939955
123	147	1.03546
123	148	0.976434
123	163	0.956534
123	164	0.978957
123	165	1.01988
123	167	1.54809
123	171	1.64939
123	172	1.63589
123	174	0.867693
123	175	1.32473
123	178	1.90854
124	4	0.931283
124	6	1.07885
124	12	0.946777
124	43	0.975418
124	45	1.10709
124	46	0.979338
124	55	1.06902
124	68	0.990765
124	71	1.07259
124	73	0.964991
124	75	0.954744
124	82	0.959019
124	100	0.578561
124	113	1.01087
124	121	1.01147
124	123	1.00519
124	126	1.04701
124	139	1.12525
124	142	1.02804
124	148	0.976464
124	162	1.53751
124	163	0.956564
124	164	0.978987
124	165	1.01991
124	169	1.68788
124	170	1.29169
124	173	1.36723
124	174	0.867724
124	176	1.43169
124	177	1.63247
125	15	0.935157
125	37	0.969226
125	44	0.961555
125	59	1.01009
125	66	1.01733
125	70	1.08065
125	86	0.972003
125	87	0.965819
125	95	1.00999
125	96	0.994868
125	97	0.940503
125	101	1.01277
125	104	1.03076
125	106	1.0038
125	116	0.986119
125	122	0.866971
125	127	1.00976
125	128	1.00685
125	130	0.979427
125	132	0.973129
125	135	1.00453
125	138	1.00494
125	141	1.15116
125	150	1.59352
125	158	1.48942
125	163	1.18594
125	164	0.966246
125	166	0.852906
125	172	1.70914
125	173	1.63306
125	179	1.60184
126	4	0.973068
126	12	0.988561
126	43	1.0172
126	45	1.14887
126	46	1.02112
126	51	0.618561
126	55	1.11081
126	68	1.03255
126	69	0.984984
126	71	1.11437
126	73	1.00678
126	82	1.0008
126	100	0.9147
126	102	0.915148
126	113	1.05265
126	114	0.899193
126	121	1.05326
126	122	0.937286
126	123	1.04698
126	124	1.04701
126	142	1.06983
126	147	1.17903
126	148	1.01825
126	149	0.986489
126	158	1.55974
126	159	1.33689
126	163	0.998348
126	164	1.02077
126	165	1.0617
126	174	0.909508
126	176	1.76783
127	13	1.05133
127	26	1.1484
127	55	0.878274
127	82	1.17672
127	103	0.775281
127	104	0.950665
127	118	0.982613
127	119	1.32696
127	125	1.00976
127	137	1.05847
127	147	1.03864
127	148	1.05051
127	153	0.995026
127	155	1.03282
127	156	0.99798
127	157	1.00271
127	161	0.999307
127	162	0.969779
127	167	0.991218
127	168	0.925948
127	169	0.955928
127	170	0.993941
127	171	0.966572
127	172	0.96322
127	173	0.97062
127	175	1.00166
127	176	0.972754
127	177	0.936864
127	178	0.935083
127	179	0.964294
127	180	0.944772
128	1	0.954497
128	15	0.962267
128	37	0.996337
128	44	0.988666
128	51	1.0123
128	66	1.04444
128	86	0.999114
128	87	0.99293
128	95	1.0371
128	96	1.02198
128	97	0.967614
128	101	1.03988
128	104	1.05787
128	106	1.03091
128	116	1.01323
128	122	0.913411
128	125	1.00685
128	130	1.00654
128	131	1.00515
128	132	1.00024
128	134	1.13746
128	135	1.03164
128	138	1.03205
128	144	1.04231
128	145	0.918611
128	146	1.15332
128	153	1.59003
128	156	1.52059
128	160	1.23993
128	164	0.993357
128	166	0.880017
128	174	2.00962
128	179	1.64828
129	2	1.05208
129	6	1.03964
129	19	1.03015
129	30	1.00055
129	36	1.39774
129	58	1.19544
129	68	1.13806
129	72	0.998342
129	88	1.09405
129	100	1.12183
129	106	1.048
129	133	0.999737
129	134	1.03157
129	146	1.05233
129	153	0.951649
129	155	0.98944
129	156	0.954603
129	157	0.959332
129	158	0.956849
129	160	0.991292
129	162	0.926402
129	163	0.987235
129	168	0.882571
129	169	0.912551
129	171	0.923195
129	172	0.919843
129	173	0.927243
129	175	0.95828
129	176	0.929377
129	177	0.893487
129	178	0.891706
129	179	0.920917
129	180	0.901395
130	17	1.01274
130	23	1.18759
130	30	1.00178
130	31	1.03213
130	35	0.965199
130	38	0.972604
130	48	0.972062
130	71	0.991539
130	77	1.31886
130	85	1.24932
130	92	1.02075
130	98	0.979165
130	113	1.04578
130	115	0.912008
130	116	0.985804
130	117	1.0605
130	125	0.979427
130	128	1.00654
130	131	0.97773
130	132	0.972815
130	135	1.00422
130	138	1.00463
130	151	1.00025
130	152	0.980997
130	159	0.939619
130	161	0.912203
130	164	0.965932
130	171	0.879469
130	172	0.876117
130	173	0.883516
130	175	0.914554
130	177	0.84976
130	179	0.877191
130	180	0.857669
131	1	0.92569
131	17	1.01135
131	25	1.00322
131	34	1.00446
131	38	0.971222
131	39	0.963041
131	48	0.97068
131	79	1.0094
131	93	0.947312
131	95	1.0083
131	96	0.993171
131	98	0.993897
131	101	1.01107
131	103	0.997567
131	104	1.02906
131	105	1.02228
131	117	1.05911
131	128	1.00515
131	130	0.97773
131	132	0.971432
131	134	0.922381
131	138	1.00325
131	151	0.987526
131	152	0.979614
131	153	1.37495
131	155	1.05242
131	157	1.29365
131	159	0.938237
131	161	1.33473
131	170	1.38888
131	171	1.554
131	172	1.5405
131	177	1.72966
131	180	1.714
132	15	0.928545
132	30	0.995477
132	37	0.962614
132	44	0.954943
132	51	0.978574
132	59	1.00348
132	66	1.01071
132	70	1.07403
132	86	0.965391
132	87	0.959207
132	95	1.00338
132	96	0.988256
132	97	0.933891
132	101	1.00616
132	104	1.02414
132	106	0.997189
132	115	1.44138
132	116	0.979507
132	125	0.973129
132	128	1.00024
132	130	0.972815
132	131	0.971432
132	135	0.997918
132	136	1.13272
132	137	1.18305
132	138	0.998331
132	146	0.959552
132	159	1.11925
132	163	1.03862
132	164	0.959634
132	166	0.846294
132	174	1.81586
132	176	1.5502
132	177	1.75097
132	178	1.83447
133	45	1.02612
133	48	1.35678
133	62	1.05721
133	66	1.3634
133	74	1.46392
133	78	1.26347
133	84	0.933024
133	111	1.01931
133	114	1.03208
133	115	0.888906
133	116	1.51676
133	122	0.994552
133	129	0.999737
133	134	0.964742
133	140	1.0641
133	143	1.02184
133	152	1.0754
133	153	0.884821
133	154	0.850339
133	155	0.922611
133	156	0.887774
133	158	0.890021
133	160	0.924464
133	161	0.889101
133	162	0.859573
133	168	0.815743
133	169	0.845722
133	171	0.856367
133	172	0.853015
133	173	0.860414
133	175	0.891452
133	177	0.826658
133	178	0.824878
133	179	0.854089
133	180	0.834567
134	21	1.71003
134	63	1.15559
134	68	1.11572
134	79	1.17508
134	83	1.20095
134	97	1.28821
134	99	1.09459
134	120	0.973801
134	128	1.13746
134	129	1.03157
134	131	0.922381
134	133	0.964742
134	136	0.969194
134	140	1.09594
134	143	1.05368
134	144	1.03898
134	146	1.01734
134	150	0.899074
134	155	0.954445
134	156	0.919608
134	157	0.924338
134	158	0.921854
134	160	0.956297
134	162	0.891407
134	166	0.861323
134	168	0.847576
134	170	0.915569
134	171	0.8882
134	172	0.884848
134	173	0.892248
134	175	0.923285
134	176	0.894382
134	177	0.858492
134	178	0.856711
134	179	0.885922
134	180	0.8664
135	1	0.952176
135	15	0.959946
135	30	1.02688
135	37	0.994015
135	44	0.986344
135	51	1.00998
135	59	1.03488
135	66	1.04212
135	70	1.10544
135	86	0.996792
135	87	0.990608
135	95	1.03478
135	96	1.01966
135	97	0.965292
135	101	1.03756
135	102	0.723584
135	104	1.05555
135	106	1.02859
135	116	1.01091
135	122	0.745723
135	125	1.00453
135	128	1.03164
135	130	1.00422
135	132	0.997918
135	138	1.02973
135	142	0.823783
135	159	1.14533
135	160	1.07224
135	162	1.68209
135	163	1.0647
135	164	0.991036
135	166	0.877695
135	167	1.50009
135	174	1.84193
135	177	1.77705
135	180	1.76139
136	13	1.32161
136	28	0.892049
136	38	1.58089
136	40	0.886294
136	50	0.958405
136	64	1.41443
136	75	0.9676
136	91	1.08948
136	112	1.43228
136	113	1.28175
136	116	1.54683
