1	24	0.744157
1	131	0.719629
1	143	0.713834
1	156	0.714908
1	160	1.1954
1	161	1.20459
1	165	1.19994
1	168	1.21353
1	173	1.19292
1	174	0.700471
1	178	1.1928
1	180	1.20082
2	5	1.08564
2	22	1.00897
2	49	1.05255
2	56	0.866165
2	70	1.07247
2	95	0.978007
2	104	1.06388
2	107	1.06388
2	113	0.959509
2	135	0.891766
2	136	0.887094
2	179	1.07459
3	105	0.717421
3	108	0.654993
3	109	0.695997
3	112	0.595471
3	125	0.626228
3	142	1.27126
3	163	1.27581
3	171	1.27784
3	175	1.29902
3	178	1.28402
3	180	1.29205
4	14	1.10273
4	35	0.988982
4	45	1.05467
4	50	1.06081
4	102	1.01688
4	106	1.07522
4	128	0.878026
4	149	1.04355
4	160	0.917606
4	162	0.902022
4	175	1.05715
4	177	0.909971
5	2	1.08564
5	16	0.713694
5	17	0.734563
5	49	1.22071
5	70	1.24063
5	95	1.14617
5	104	1.23204
5	107	1.23204
5	162	0.7102
5	172	0.744611
5	176	0.699798
5	179	1.24275
6	10	1.19135
6	32	0.662995
6	48	1.16989
6	66	1.26746
6	97	1.16339
6	101	0.678367
6	124	0.745555
6	158	0.811597
6	169	1.18
6	174	1.20485
6	176	1.22306
6	180	0.708189
7	70	0.694997
7	97	0.722254
7	125	0.744702
7	141	1.2094
7	146	1.21317
7	167	0.731159
7	168	1.20916
7	173	1.18856
7	177	1.19481
7	178	1.18843
7	179	0.699699
7	180	1.19646
8	75	0.883167
8	113	1.00093
8	117	0.871186
8	125	1.05725
8	126	1.04584
8	145	1.08028
8	155	1.05766
8	156	1.05179
8	157	1.02796
8	169	0.9186
8	173	0.935533
8	179	1.07828
9	55	1.19624
9	69	0.699193
9	94	0.70711
9	110	1.22057
9	122	1.2454
9	123	1.17321
9	146	0.703203
9	148	0.69
9	150	1.20949
9	158	0.811127
9	163	1.17264
9	166	1.18246
10	6	1.19135
10	65	1.25492
10	66	1.25045
10	94	0.721757
10	97	1.14638
10	117	0.676814
10	147	0.752379
10	168	0.726376
10	169	1.16299
10	174	1.18784
10	176	1.20605
10	177	0.732882
11	22	1.16805
11	49	1.21163
11	89	0.812568
11	95	1.13709
11	104	1.22296
11	107	1.22296
11	135	0.683052
11	148	1.20364
11	170	0.700199
11	177	0.695771
11	178	0.714245
11	179	1.23367
12	90	0.711984
12	126	1.19868
12	140	1.16973
12	143	1.20877
12	146	0.715596
12	152	1.22691
12	155	1.2105
12	156	1.20462
12	157	1.1808
12	161	0.73563
12	175	0.722638
12	180	0.720112
13	100	1.14613
13	106	0.731715
13	122	1.25352
13	129	1.23188
13	137	0.765961
13	141	0.709668
13	142	1.17621
13	145	0.699578
13	159	1.2239
13	163	1.18075
13	167	1.18762
13	176	0.694574
14	4	1.10273
14	18	1.18367
14	62	1.28736
14	102	1.17962
14	106	1.23795
14	128	0.689051
14	132	0.73019
14	151	1.18879
14	169	0.712342
14	171	0.734146
14	175	1.21989
14	178	0.73947
15	71	0.985951
15	81	0.878753
15	140	1.01331
15	143	1.05234
15	152	1.07049
15	155	1.05407
15	156	1.0482
15	157	1.02437
15	174	1.05951
15	175	0.873158
15	176	1.07772
15	180	0.870632
16	5	0.713694
16	54	0.749255
16	80	1.18907
16	83	1.19727
16	105	1.14928
16	119	1.15581
16	120	1.22695
16	121	1.2322
16	161	0.7221
16	162	0.709149
16	169	0.708444
16	179	1.24942
17	5	0.734563
17	93	0.823827
17	136	1.14232
17	140	0.808048
17	160	1.13502
17	167	0.763746
17	170	1.15222
17	171	1.12624
17	172	0.764429
17	173	1.13254
17	177	1.1388
17	178	1.13241
17	180	1.14044
18	14	1.18367
18	35	1.06993
18	39	0.862019
18	50	1.14176
18	62	1.20557
18	88	0.7947
18	102	1.09783
18	106	1.15616
18	151	1.107
18	162	0.745015
18	165	0.75847
18	175	1.1381
18	179	0.747284
19	24	1.10075
19	39	0.879199
19	42	1.18925
19	63	0.706379
19	70	1.1579
19	95	1.06344
19	104	1.14932
19	107	1.14932
19	134	0.774171
19	148	1.12999
19	162	0.762195
19	174	0.785743
19	179	1.16002
20	46	0.76973
20	62	0.739608
20	73	1.17807
20	83	1.1201
20	109	1.09618
20	119	1.07864
20	120	1.14978
20	121	1.15503
20	135	0.786403
20	149	0.823623
20	172	1.14996
20	179	1.17225
20	180	0.788606
21	99	0.80518
21	102	1.10444
21	106	1.16278
21	123	1.12207
21	133	0.760426
21	139	0.776468
21	152	1.1692
21	156	1.14692
21	163	1.1215
21	167	1.12837
21	168	0.773782
21	171	0.793438
21	175	1.14472
22	2	1.00897
22	11	1.16805
22	24	1.10681
22	42	1.19531
22	49	1.14404
22	84	0.804157
22	104	1.15537
22	107	1.15537
22	125	0.807417
22	173	0.776373
22	175	0.760105
22	179	1.16608
22	180	0.757579
23	67	0.827855
23	105	1.07098
23	119	1.0775
23	120	1.14864
23	121	1.1539
23	128	0.739573
23	145	1.17311
23	166	0.79484
23	172	1.14883
23	173	0.779796
23	174	1.15593
23	179	1.17111
23	180	0.761002
24	1	0.744157
24	19	1.10075
24	22	1.10681
24	49	1.15039
24	70	1.17031
24	81	0.778442
24	95	1.07585
24	104	1.16172
24	107	1.16172
24	141	0.777579
24	143	0.809798
24	171	0.793988
24	179	1.17243
25	77	1.04744
25	96	1.07818
25	103	1.17632
25	112	1.17515
25	117	1.17699
25	127	1.13933
25	132	1.1613
25	138	1.14528
25	162	0.781525
25	169	0.78082
25	170	0.793902
25	175	0.781485
25	176	0.771123
26	89	0.740844
26	92	0.619608
26	121	0.637896
26	130	1.30624
26	133	1.31368
26	136	1.29698
26	139	1.30748
26	159	0.622444
26	172	0.650508
26	177	1.29345
26	178	1.28707
26	179	0.618366
26	180	1.2951
27	41	0.77581
27	63	0.566795
27	87	0.69102
27	129	1.32668
27	141	0.627302
27	142	1.27101
27	155	1.30684
27	157	1.27714
27	163	1.27556
27	168	0.624054
27	174	1.31228
27	176	1.33049
27	180	0.620044
28	34	0.631861
28	45	1.29283
28	50	1.29897
28	62	1.36278
28	63	0.579733
28	77	0.785603
28	102	1.25504
28	106	1.31337
28	149	1.28171
28	170	0.647926
28	175	1.29531
28	176	0.625147
28	180	0.632983
29	43	1.23892
29	48	1.08139
29	65	1.18343
29	66	1.17896
29	97	1.07489
29	122	0.763554
29	130	0.788252
29	148	0.771487
29	162	0.791772
29	169	1.0915
29	174	1.11635
29	175	0.791731
29	176	1.13456
30	125	1.14898
30	134	0.766151
30	137	1.11632
30	140	1.10863
30	143	1.14766
30	144	0.779737
30	147	0.781622
30	151	0.812914
30	152	1.16581
30	155	1.14939
30	156	1.14352
30	157	1.11969
30	177	0.762125
31	58	0.755778
31	72	0.879972
31	116	0.747681
31	151	0.778617
31	152	0.729587
31	160	1.13272
31	165	1.13726
31	170	1.14992
31	173	1.13024
31	175	1.14512
31	177	1.13649
31	178	1.13011
31	180	1.13814
32	6	0.662995
32	78	0.729506
32	95	0.769699
32	101	0.625507
32	127	0.683353
32	133	1.25048
32	137	0.71888
32	153	1.23403
32	158	1.17442
32	165	1.23102
32	173	1.224
32	177	1.23026
32	178	1.22388
32	180	1.2319
33	65	0.626849
33	68	1.24512
33	78	0.740751
33	82	0.727315
33	118	0.671064
33	119	1.1667
33	121	1.2431
33	125	0.716412
33	131	1.20604
33	156	0.707125
33	168	1.23734
33	173	1.21674
33	179	1.26031
33	180	1.22464
34	28	0.631861
34	43	1.32642
34	48	1.16889
34	65	1.27093
34	66	1.26646
34	97	1.16239
34	139	0.706097
34	141	0.706658
34	149	0.734417
34	169	1.179
34	174	1.20385
34	175	0.701926
34	176	1.22206
34	178	0.72839
35	4	0.988982
35	18	1.06993
35	45	1.10366
35	62	1.17362
35	102	1.06587
35	106	1.12421
35	124	0.872264
35	141	0.842155
35	148	0.817179
35	149	1.09254
35	151	1.07504
35	175	1.10614
35	179	0.839733
35	180	0.834898
36	126	0.845129
36	150	0.820963
36	152	0.826579
36	153	1.09625
36	158	1.03664
36	161	1.09789
36	164	1.10977
36	166	0.848141
36	168	1.10683
36	171	1.07992
36	172	0.85128
36	177	1.09248
36	178	1.0861
36	180	1.09412
37	60	0.707074
37	66	0.642787
37	98	0.693823
37	109	0.782494
37	126	0.693712
37	135	1.21883
37	141	1.23543
37	150	0.669546
37	164	1.23814
37	168	1.2352
37	173	1.21459
37	177	1.22085
37	178	1.21447
37	180	1.22249
38	63	0.774204
38	85	1.18176
38	116	1.08767
38	119	0.919675
38	144	1.07368
38	150	1.09195
38	159	1.09824
38	163	1.0551
38	166	1.06492
38	167	1.06197
38	172	1.08472
38	173	0.846248
38	177	0.837969
38	180	0.827453
39	18	0.862019
39	19	0.879199
39	65	0.780368
39	97	0.847482
39	107	0.825421
39	122	1.14553
39	123	1.07333
39	140	1.06329
39	156	1.09818
39	157	1.07435
39	161	1.09277
39	166	1.08259
39	178	1.08097
39	180	1.089
40	49	0.716802
40	119	1.16982
40	120	1.24096
40	144	1.23011
40	147	0.711864
40	154	0.689335
40	155	1.24281
40	157	1.21311
40	164	0.692907
40	166	1.22135
40	167	1.2184
40	171	0.705517
40	177	0.692367
40	179	1.26343
41	27	0.77581
41	57	1.08604
41	70	0.85642
41	77	1.00268
41	82	1.06363
41	87	1.07242
41	112	1.13039
41	118	1.13742
41	127	1.09457
41	132	1.11654
41	141	0.863545
41	146	0.851771
41	172	1.09631
41	180	0.856287
42	19	1.18925
42	22	1.19531
42	70	1.25881
42	76	0.700916
42	95	1.16435
42	104	1.25022
42	107	1.25022
42	148	1.2309
42	162	0.694273
42	168	0.695716
42	169	0.693568
42	172	0.728684
42	175	0.694233
42	179	1.26093
43	29	1.23892
43	34	1.32642
43	83	0.684383
43	88	0.670921
43	97	1.28244
43	128	1.28716
43	147	0.648683
43	149	0.653687
43	162	0.621237
43	164	0.629726
43	169	1.29905
43	174	1.3239
43	176	1.34211
44	94	0.675637
44	109	0.795853
44	115	0.703155
44	122	1.27174
44	131	1.19662
44	145	0.673414
44	150	1.23584
44	159	1.24213
44	162	1.21041
44	166	1.20881
44	167	1.20585
44	172	1.2286
44	179	0.681081
44	180	0.676246
45	4	1.05467
45	28	1.29283
45	35	1.10366
45	50	1.17549
45	62	1.23931
45	102	1.13156
45	106	1.1899
45	109	0.843172
45	136	0.716689
45	142	0.769665
45	145	0.720733
45	151	1.14074
45	162	0.726131
45	168	0.727575
45	175	1.17184
46	20	0.76973
46	72	0.844306
46	80	0.755746
46	87	1.15851
46	120	0.706903
46	121	0.706011
46	127	1.18066
46	144	1.17136
46	166	1.1626
46	167	1.15965
46	171	1.15481
46	172	1.1824
46	174	0.70776
46	178	1.16099
46	180	1.16902
47	82	1.15945
47	87	1.16825
47	93	1.12579
47	96	1.12924
47	103	1.22738
47	108	1.1668
47	115	0.749721
47	138	1.19634
47	149	1.17213
47	151	1.15463
47	158	0.82622
47	164	0.733867
47	169	0.724673
47	175	0.725338
47	178	0.751801
48	6	1.16989
48	29	1.08139
48	34	1.16889
48	65	1.23346
48	66	1.22898
48	97	1.12492
48	133	0.730094
48	149	0.774456
48	152	0.751715
48	154	0.746923
48	164	0.750495
48	169	1.14152
48	170	0.754382
48	174	1.16637
48	176	1.18458
49	2	1.05255
49	5	1.22071
49	11	1.21163
49	22	1.14404
49	24	1.15039
49	40	0.716802
49	95	1.11308
49	104	1.19896
49	107	1.19896
49	144	0.763601
49	160	0.753623
49	167	0.771767
49	169	0.737334
49	171	0.759138
49	179	1.20967
50	4	1.06081
50	18	1.14176
50	28	1.29897
50	45	1.17549
50	52	0.76644
50	81	0.750931
50	102	1.1377
50	106	1.19604
50	128	0.721381
50	129	0.726154
50	149	1.16438
50	151	1.14688
50	174	0.768924
50	175	1.17798
50	178	0.7718
51	80	1.14945
51	94	0.718215
51	105	1.10965
51	109	1.13372
51	119	1.11618
51	120	1.18732
51	145	1.21179
51	147	0.748837
51	154	0.726308
51	157	0.781718
51	158	0.822232
51	172	1.1875
51	174	1.19461
51	176	0.710988
51	179	1.20979
52	50	0.76644
52	85	0.681521
52	136	1.16632
52	139	1.17682
52	140	0.804749
52	153	1.16656
52	164	1.18009
52	170	1.17622
52	171	1.15023
52	172	0.761129
52	173	1.15654
52	174	0.750266
52	177	1.16279
52	179	0.728987
52	180	1.16444
53	77	1.0834
53	92	1.20758
53	93	1.11068
53	96	1.11414
53	103	1.21227
53	118	1.21814
53	127	1.17529
53	132	1.19726
53	137	0.797016
53	138	1.18124
53	146	0.728949
53	162	0.736031
53	164	0.74452
53	171	0.757131
53	177	0.74398
54	16	0.749255
54	117	0.697643
54	125	1.17453
54	137	1.14188
54	140	1.13418
54	143	1.17322
54	149	0.778212
54	152	1.19136
54	154	0.750679
54	155	1.17495
54	156	1.16907
54	157	1.14525
54	173	0.761989
54	178	0.772184
54	179	1.19557
55	9	1.19624
55	67	1.12572
55	115	0.778266
55	117	0.705804
55	131	1.14912
55	145	0.748524
55	150	1.18834
55	159	1.19463
55	160	0.769507
55	162	1.16291
55	166	1.16131
55	167	1.15836
55	169	1.16336
55	170	0.7663
55	176	0.743521
56	2	0.866165
56	58	0.711184
56	80	0.746818
56	111	0.758606
56	133	1.18498
56	161	1.17017
56	165	1.16552
56	168	1.1791
56	171	1.1522
56	172	0.709695
56	173	1.1585
56	174	0.698832
56	177	1.16476
56	178	1.15837
56	180	1.1664
57	41	1.08604
57	92	1.20741
57	96	1.11396
57	108	1.15152
57	112	1.21093
57	116	0.771813
57	127	1.17512
57	132	1.19709
57	133	0.732098
57	138	1.18107
57	145	0.738612
57	153	0.751859
57	161	0.756961
57	170	0.756387
57	172	1.17686
58	31	0.755778
58	56	0.711184
58	73	1.21388
58	79	1.15419
58	81	0.747108
58	105	1.10792
58	109	1.13199
58	114	0.775035
58	119	1.11445
58	121	1.19084
58	149	0.774005
58	162	0.741554
58	172	1.18577
58	174	1.19288
58	179	1.20806
59	101	1.21581
59	114	1.16423
59	116	1.17784
59	121	0.754949
59	136	0.723708
59	144	1.16384
59	151	1.13738
59	157	0.793478
59	159	1.18841
59	163	1.14526
59	166	1.15509
59	167	1.15213
59	177	0.7411
59	178	0.759573
59	180	0.730584
60	37	0.707074
60	88	0.79696
60	89	1.11705
60	117	0.699157
60	131	1.15269
60	144	1.17363
60	150	1.19191
60	155	0.77445
60	159	1.1982
60	163	1.15505
60	166	1.16488
60	167	1.16192
60	172	1.18467
60	177	0.755225
60	178	0.773699
61	113	1.11965
61	125	1.17597
61	135	0.734686
61	137	1.14332
61	139	0.743586
61	143	1.17466
61	149	0.771906
61	152	1.1928
61	155	1.17638
61	156	1.17051
61	157	1.14668
61	164	0.747945
61	176	1.20003
61	177	0.747405
61	178	0.765879
62	14	1.28736
62	18	1.20557
62	20	0.739608
62	28	1.36278
62	35	1.17362
62	45	1.23931
62	102	1.20152
62	106	1.25985
62	119	0.743745
62	145	0.648692
62	149	1.22819
62	173	0.670318
62	174	0.677638
62	175	1.24179
62	176	0.643688
62	178	0.680514
63	19	0.706379
63	27	0.566795
63	28	0.579733
63	38	0.774204
63	72	0.809933
63	145	1.28138
63	160	1.23829
63	165	1.24284
63	171	1.22951
63	172	0.68425
63	173	1.23582
63	174	0.673387
63	175	1.25069
63	177	1.24207
63	178	1.23569
63	180	1.24372
64	99	0.703138
64	113	1.19621
64	126	1.24113
64	137	1.21988
64	139	0.674426
64	152	1.26936
64	155	1.25294
64	156	1.24707
64	157	1.22325
64	167	0.704024
64	168	0.671739
64	172	0.704707
64	175	0.670256
64	176	1.27659
64	177	0.678245
64	179	1.27357
65	10	1.25492
65	29	1.18343
65	33	0.626849
65	34	1.27093
65	39	0.780368
65	48	1.23346
65	97	1.22696
65	115	0.687707
65	128	1.23168
65	134	0.67534
65	160	0.678948
65	166	0.694635
65	169	1.24357
65	174	1.26842
65	175	0.663324
65	176	1.28663
66	6	1.26746
66	10	1.25045
66	29	1.17896
66	34	1.26646
66	37	0.642787
66	48	1.22898
66	73	0.689124
66	81	0.688543
66	88	0.732674
66	97	1.22249
66	141	0.68768
66	168	0.684432
66	169	1.2391
66	174	1.26395
66	175	0.682949
66	176	1.28215
67	23	0.827855
67	55	1.12572
67	102	0.827302
67	116	1.1347
67	124	0.804741
67	142	1.09758
67	144	1.1207
67	150	1.13898
67	159	1.14527
67	160	0.785525
67	161	0.782892
67	163	1.10212
67	166	1.11195
67	167	1.10899
67	169	1.114
67	177	0.77789
68	33	1.24512
68	99	0.736768
68	116	1.19717
68	118	0.705849
68	129	1.21572
68	131	1.16224
68	138	0.723858
68	142	1.16005
68	145	0.698528
68	150	1.20146
68	158	0.804767
68	159	1.20774
68	161	0.716877
68	163	1.1646
68	166	1.17442
68	167	1.17147
68	173	0.720154
69	9	0.699193
69	114	0.728044
69	124	1.16225
69	138	0.714495
69	140	0.772593
69	153	1.20237
69	154	1.21025
69	155	0.721737
69	157	0.754891
69	158	1.14276
69	159	0.700909
69	168	1.21294
69	171	1.18604
69	173	1.19234
69	177	1.1986
69	178	1.19221
69	180	1.20024
70	2	1.07247
70	5	1.24063
70	7	0.694997
70	19	1.1579
70	24	1.17031
70	41	0.85642
70	42	1.25881
70	95	1.133
70	104	1.21887
70	107	1.21887
70	141	0.707913
70	148	1.19955
70	169	0.702517
70	171	0.724321
70	174	0.726769
70	176	0.692819
70	179	1.22958
71	15	0.985951
71	74	0.823698
71	101	0.786019
71	136	1.08472
71	146	1.09955
71	147	1.09986
71	150	0.822501
71	158	1.02535
71	161	1.0866
71	168	1.09554
71	170	1.09461
71	172	0.852818
71	173	1.07494
71	177	1.08119
71	178	1.07481
71	179	0.820676
71	180	1.08284
72	31	0.879972
72	46	0.844306
72	63	0.809933
72	111	1.03894
72	125	1.0926
72	137	1.05995
72	140	1.05225
72	143	1.09129
72	146	0.858666
72	148	0.845464
72	152	1.10943
72	155	1.09301
72	156	1.08714
72	157	1.06331
72	168	0.867192
72	174	1.09845
72	179	1.11363
73	20	1.17807
73	58	1.21388
73	66	0.689124
73	80	1.17718
73	105	1.13739
73	109	1.16145
73	119	1.14391
73	120	1.21505
73	121	1.22031
73	149	0.74424
73	151	0.770529
73	160	0.727374
73	165	0.725245
73	168	0.713233
73	172	1.21524
73	178	0.738213
73	179	1.23752
74	71	0.823698
74	81	1.14971
74	92	1.21052
74	103	1.21521
74	108	1.15463
74	112	1.21404
74	118	1.22107
74	127	1.17823
74	132	1.20019
74	138	1.18417
74	145	0.705547
74	146	0.703863
74	148	1.17222
74	160	0.72653
74	165	0.724401
74	175	0.710905
74	179	0.713214
75	8	0.883167
75	87	0.737926
75	106	0.696255
75	135	1.18552
75	144	0.69508
75	147	1.20621
75	153	1.19131
75	167	0.703245
75	168	1.20188
75	170	1.20096
75	171	1.17498
75	172	0.703928
75	173	1.18128
75	177	1.18754
75	178	1.18115
75	179	0.671786
75	180	1.18918
76	42	0.700916
76	94	1.23561
76	122	0.68408
76	131	0.755004
76	152	0.722007
76	158	1.13466
76	160	1.18672
76	161	1.19591
76	163	0.747512
76	165	1.19126
76	168	1.20484
76	172	0.746709
76	173	1.18424
76	174	0.735846
76	177	1.1905
76	178	1.18411
76	180	1.19214
77	25	1.04744
77	28	0.785603
77	41	1.00268
77	53	1.0834
77	92	1.12405
77	93	1.02715
77	108	1.06817
77	112	1.12757
77	118	1.1346
77	132	1.11373
77	138	1.09771
77	139	0.859838
77	149	1.07349
77	154	0.860626
77	162	0.855709
77	163	0.890923
77	180	0.853142
78	32	0.729506
78	33	0.740751
78	113	1.09807
78	137	1.12173
78	140	1.11403
78	141	0.781957
78	143	1.15307
78	145	1.17742
78	152	1.17121
78	155	1.1548
78	156	1.14893
78	157	1.1251
78	159	0.783612
78	161	0.790216
78	164	0.785755
78	173	0.793493
78	174	1.16024
78	179	1.17542
79	58	1.15419
79	82	0.805369
79	91	0.726945
79	109	1.10176
79	110	0.759539
79	129	0.727972
79	151	0.805933
79	152	1.17363
79	156	1.15134
79	157	1.12751
79	163	0.782409
79	167	0.780922
79	173	1.13426
79	174	1.16265
79	177	1.14052
79	178	1.13414
79	179	1.17783
79	180	1.14217
80	16	1.18907
80	46	0.755746
80	51	1.14945
80	56	0.746818
80	73	1.17718
80	105	1.07122
80	109	1.09529
80	117	1.18499
80	119	1.07775
80	121	1.15414
80	128	0.753193
80	138	0.79712
80	145	1.17336
80	146	0.770106
80	164	0.785677
80	171	0.798288
80	174	1.15618
80	179	1.17136
81	15	0.878753
81	24	0.778442
81	50	0.750931
81	58	0.747108
81	66	0.688543
81	74	1.14971
81	90	1.18047
81	93	1.09053
81	111	0.794531
81	125	0.75848
81	132	1.1771
81	138	1.16108
81	142	1.12271
81	147	1.16052
81	166	1.13708
81	177	1.14185
81	178	1.13546
81	180	1.14349
82	33	0.727315
82	41	1.06363
82	47	1.15945
82	79	0.805369
82	87	1.13055
82	91	0.74358
82	96	1.09155
82	100	0.819269
82	103	1.18969
82	108	1.12911
82	118	1.19555
82	127	1.1527
82	132	1.17467
82	138	1.15865
82	172	1.15444
82	175	0.763789
82	176	0.753427
82	178	0.790252
83	16	1.19727
83	20	1.1201
83	43	0.684383
83	93	0.86261
83	105	1.07942
83	109	1.10348
83	117	1.19318
83	119	1.08594
83	120	1.15708
83	121	1.16234
83	171	0.7899
83	172	1.15727
83	174	1.16437
83	175	0.76876
83	176	0.758399
83	177	0.77675
83	179	1.17955
83	180	0.766234
84	22	0.804157
84	103	0.729501
84	123	0.77764
84	136	1.14359
84	147	1.15874
84	154	1.15172
84	156	0.787651
84	159	0.756013
84	160	1.13629
84	161	1.14548
84	163	0.784881
84	165	1.14083
84	168	1.15441
84	170	1.15349
84	177	1.14006
84	178	1.13368
84	179	0.751935
84	180	1.14171
85	38	1.18176
85	52	0.681521
85	90	1.30777
85	100	1.21993
85	101	1.3251
85	123	1.25512
85	131	1.25219
85	149	0.692908
85	152	0.670166
85	163	1.25455
85	164	0.668946
85	166	1.26438
85	167	1.26142
85	171	0.681557
85	173	0.676685
85	175	1.27777
85	176	0.650055
85	178	0.68688
86	90	0.763309
86	98	1.14457
86	116	0.801806
86	122	0.745786
86	126	1.14177
86	129	0.754781
86	134	0.785979
86	137	1.12052
86	140	1.11283
86	143	1.15186
86	152	1.17001
86	155	1.15359
86	156	1.14772
86	157	1.12389
86	168	0.775447
86	169	0.773299
86	174	1.15903
86	179	1.17421
87	27	0.69102
87	41	1.07242
87	46	1.15851
87	47	1.16825
87	75	0.737926
87	82	1.13055
87	93	1.09689
87	108	1.13791
87	112	1.19732
87	124	0.808864
87	127	1.1615
87	132	1.18347
87	138	1.16745
87	151	1.12573
87	165	0.787519
87	166	0.805335
87	168	0.775507
87	174	0.797611
88	18	0.7947
88	43	0.670921
88	60	0.79696
88	66	0.732674
88	111	0.838661
88	115	1.15138
88	123	0.783313
88	130	1.15565
88	160	1.13909
88	161	1.14828
88	165	1.14364
88	170	1.15629
88	171	1.13031
88	174	0.778887
88	175	1.15149
88	177	1.14287
88	178	1.13649
88	180	1.14452
89	11	0.812568
89	26	0.740844
89	60	1.11705
89	114	1.10886
89	116	1.12246
89	131	1.08753
89	142	1.08534
89	148	0.810116
89	150	1.12675
89	159	1.13303
89	161	0.843352
89	163	1.08989
89	166	1.09971
89	167	1.09676
89	172	1.11951
89	175	1.1131
89	177	0.83835
89	179	0.83267
89	180	0.827835
90	12	0.711984
90	81	1.18047
90	85	1.30777
90	86	0.763309
90	110	1.22903
90	112	0.711476
90	142	1.17655
90	144	1.19968
90	150	1.21796
90	153	0.702808
90	159	1.22424
90	161	0.707911
90	163	1.1811
90	165	0.708415
90	166	1.19092
90	167	1.18797
90	171	0.71606
90	175	1.20431
90	176	0.684558
91	79	0.726945
91	82	0.74358
91	100	1.16502
91	123	1.20021
91	131	1.19728
91	142	1.1951
91	144	1.21822
91	146	0.678323
91	148	0.665121
91	150	1.2365
91	158	0.786247
91	159	1.24279
91	163	1.19964
91	166	1.20947
91	167	1.20651
91	170	0.697783
91	172	1.22926
91	173	0.701634
91	174	0.708954
92	26	0.619608
92	53	1.20758
92	57	1.20741
92	74	1.21052
92	77	1.12405
92	93	1.15133
92	94	0.70599
92	98	0.737536
92	99	0.742007
92	103	1.25292
92	118	1.25878
92	128	0.68517
92	132	1.23791
92	135	0.704396
92	138	1.22189
92	148	1.20993
92	158	0.810007
92	172	1.21768
92	180	0.706599
93	17	0.823827
93	47	1.12579
93	53	1.11068
93	77	1.02715
93	81	1.09053
93	83	0.86261
93	87	1.09689
93	92	1.15133
93	96	1.05789
93	118	1.16189
93	127	1.11904
93	138	1.12499
93	145	0.794065
93	148	1.11303
93	156	0.837449
93	169	0.798759
93	172	1.12078
93	175	0.799424
93	176	0.789062
94	9	0.70711
94	10	0.721757
94	44	0.675637
94	51	0.718215
94	76	1.23561
94	92	0.70599
94	130	1.21497
94	135	1.20017
94	162	1.19902
94	164	1.21948
94	165	1.20295
94	168	1.21654
94	170	1.21561
94	171	1.18963
94	172	0.73689
94	174	0.726027
94	177	1.20219
94	179	0.704748
94	180	1.20383
95	2	0.978007
95	5	1.14617
95	11	1.13709
95	19	1.06344
95	24	1.07585
95	32	0.769699
95	42	1.16435
95	49	1.11308
95	70	1.133
95	104	1.12441
95	107	1.12441
95	124	0.852259
95	145	0.81206
95	148	1.10508
95	153	0.825307
95	162	0.817459
95	169	0.816754
95	175	0.817418
95	179	1.13512
96	25	1.07818
96	47	1.12924
96	53	1.11414
96	57	1.11396
96	82	1.09155
96	93	1.05789
96	108	1.0989
96	127	1.1225
96	132	1.14447
96	138	1.12844
96	148	1.11649
96	149	1.10423
96	161	0.812514
96	162	0.799563
96	167	0.833291
96	168	0.801006
96	171	0.820663
96	173	0.815791
96	178	0.825986
97	6	1.16339
97	7	0.722254
97	10	1.14638
97	29	1.07489
97	34	1.16239
97	39	0.847482
97	43	1.28244
97	48	1.12492
97	65	1.22696
97	66	1.22249
97	128	1.12314
97	141	0.735169
97	153	0.738326
97	159	0.736824
97	160	0.746062
97	169	1.13503
97	170	0.742855
97	174	1.15988
97	176	1.17809
97	177	0.738427
98	37	0.693823
98	86	1.14457
98	92	0.737536
98	111	1.12736
98	125	1.18103
98	126	1.16962
98	131	0.776731
98	137	1.14837
98	140	1.14068
98	143	1.17971
98	147	0.761472
98	151	0.792764
98	152	1.19786
98	155	1.18144
98	156	1.17557
98	157	1.15174
98	173	0.750253
98	178	0.760448
98	179	1.20206
98	180	0.731459
99	21	0.80518
99	64	0.703138
99	68	0.736768
99	92	0.742007
99	115	1.1771
99	129	0.719275
99	135	1.16657
99	146	1.18695
99	150	0.74259
99	151	0.797236
99	152	0.748206
99	158	1.11275
99	164	1.18588
99	165	1.16935
99	170	1.18201
99	171	1.15603
99	173	1.16233
99	177	1.16859
99	178	1.16221
99	180	1.17023
100	13	1.14613
100	82	0.819269
100	85	1.21993
100	91	1.16502
100	101	1.16381
100	111	0.844416
100	112	0.77761
100	131	1.0909
100	133	0.749183
100	136	0.751653
100	140	0.839125
100	144	1.11184
100	150	1.13012
100	159	1.13641
100	163	1.09326
100	166	1.10309
100	167	1.10013
100	168	0.762538
100	172	1.12288
100	175	1.11648
100	180	0.758528
101	6	0.678367
101	32	0.625507
101	59	1.21581
101	71	0.786019
101	85	1.3251
101	100	1.16381
101	116	1.23101
101	122	1.2712
101	130	0.669747
101	138	0.693198
101	142	1.19389
101	147	0.700713
101	150	1.23529
101	158	0.774108
101	159	1.24158
101	163	1.19843
101	166	1.20826
101	167	1.2053
101	169	1.21031
101	177	0.681216
101	178	0.699689
102	4	1.01688
102	14	1.17962
102	18	1.09783
102	21	1.10444
102	28	1.25504
102	35	1.06587
102	45	1.13156
102	50	1.1377
102	62	1.20152
102	67	0.827302
102	106	1.15211
102	120	0.785706
102	124	0.797816
102	137	0.824
102	149	1.12044
102	151	1.10294
102	162	0.763016
102	171	0.784115
102	175	1.13404
102	176	0.752613
102	177	0.770965
103	25	1.17632
103	47	1.22738
103	53	1.21227
103	74	1.21521
103	82	1.18969
103	84	0.729501
103	92	1.25292
103	116	0.713292
103	117	1.25829
103	118	1.26348
103	127	1.22063
103	132	1.2426
103	135	0.680719
103	138	1.22658
103	148	1.21462
103	156	0.723474
103	161	0.69844
103	169	0.684784
103	173	0.701717
103	175	0.685449
103	179	0.687758
104	2	1.06388
104	5	1.23204
104	11	1.22296
104	19	1.14932
104	22	1.15537
104	24	1.16172
104	42	1.25022
104	49	1.19896
104	70	1.21887
104	95	1.12441
104	107	1.21029
104	115	0.731078
104	141	0.711426
104	148	1.19096
104	151	0.765474
104	158	0.807577
104	160	0.722319
104	166	0.738006
104	169	0.70603
104	173	0.722963
104	175	0.706695
104	179	1.22099
105	3	0.717421
105	16	1.14928
105	23	1.07098
105	51	1.10965
105	58	1.10792
105	73	1.13739
105	80	1.07122
105	83	1.07942
105	109	1.05549
105	119	1.03796
105	120	1.1091
105	121	1.11435
105	128	0.820124
105	130	0.8406
105	135	0.83935
105	138	0.864052
105	169	0.843415
105	172	1.10928
105	174	1.11638
105	175	0.844079
105	179	1.13157
105	180	0.841553
106	4	1.07522
106	13	0.731715
106	14	1.23795
106	18	1.15616
106	21	1.16278
106	28	1.31337
106	35	1.12421
106	45	1.1899
106	50	1.19604
106	62	1.25985
106	75	0.696255
106	102	1.15211
106	149	1.17878
106	151	1.16128
106	164	0.740882
106	166	0.763664
106	169	0.731688
106	170	0.74477
106	173	0.748621
106	175	1.19238
106	176	0.721991
106	180	0.729826
107	2	1.06388
107	5	1.23204
107	11	1.22296
107	19	1.14932
107	22	1.15537
107	24	1.16172
107	39	0.825421
107	42	1.25022
107	49	1.19896
107	70	1.21887
107	95	1.12441
107	104	1.21029
107	132	0.725561
107	136	0.698976
107	147	0.735864
107	148	1.19096
107	163	0.743632
107	168	0.709861
107	174	0.731965
107	176	0.698015
107	178	0.734841
107	179	1.22099
108	3	0.654993
108	47	1.1668
108	57	1.15152
108	74	1.15463
108	77	1.06817
108	82	1.12911
108	87	1.13791
108	96	1.0989
108	112	1.19587
108	118	1.2029
108	127	1.16006
108	128	0.757696
108	132	1.18203
108	138	1.166
108	151	1.12429
108	154	0.786609
108	162	0.781692
108	165	0.795146
108	168	0.783135
108	170	0.794068
108	172	1.1618
108	176	0.771289
108	177	0.789641
109	3	0.695997
109	20	1.09618
109	37	0.782494
109	44	0.795853
109	45	0.843172
109	51	1.13372
109	58	1.13199
109	73	1.16145
109	79	1.10176
109	80	1.09529
109	83	1.10348
109	105	1.05549
109	119	1.06202
109	120	1.13316
109	121	1.13841
109	128	0.7987
109	145	1.15763
109	148	0.802411
109	159	0.829042
109	161	0.835646
109	172	1.13334
109	174	1.14045
109	175	0.822655
109	179	1.15563
110	9	1.22057
110	79	0.759539
110	90	1.22903
110	114	1.19479
110	117	0.669881
110	122	1.24858
110	123	1.17639
110	129	1.22694
110	130	0.71448
110	133	0.706087
110	136	0.708558
110	140	0.79603
110	142	1.17127
110	144	1.1944
110	148	0.697715
110	154	0.722917
110	159	1.21896
110	162	1.18724
110	163	1.17582
110	165	0.731454
110	166	1.18564
110	167	1.18269
110	169	1.18769
110	176	0.707597
111	56	0.758606
111	72	1.03894
111	81	0.794531
111	88	0.838661
111	98	1.12736
111	100	0.844416
111	113	1.07965
111	125	1.13597
111	126	1.12456
111	136	0.779535
111	137	1.10332
111	140	1.09562
111	142	0.832511
111	143	1.13465
111	148	0.768692
111	152	1.1528
111	155	1.13638
111	156	1.13051
111	157	1.10668
111	161	0.801927
111	162	1.11652
111	176	1.16003
111	179	1.157
111	180	0.78641
112	3	0.595471
112	25	1.17515
112	41	1.13039
112	57	1.21093
112	74	1.21404
112	77	1.12757
112	87	1.19732
112	90	0.711476
112	100	0.77761
112	108	1.19587
112	118	1.26231
112	132	1.24143
112	138	1.22541
112	148	1.21346
112	149	1.2012
112	151	1.1837
112	163	0.757385
112	164	0.730659
112	168	0.723613
112	172	1.22121
112	175	0.72213
112	176	0.711768
112	177	0.730119
112	178	0.748593
113	2	0.959509
113	8	1.00093
113	61	1.11965
113	64	1.19621
113	78	1.09807
113	111	1.07965
113	124	0.803428
113	140	1.09297
113	143	1.132
113	152	1.15015
113	153	0.776476
113	155	1.13373
113	156	1.12786
113	157	1.10403
113	162	1.11387
113	165	0.782083
113	167	0.802356
113	168	0.770071
113	169	0.767923
113	170	0.781004
113	174	1.13917
113	175	0.768587
113	176	1.15737
113	179	1.15435
114	58	0.775035
114	59	1.16423
114	69	0.728044
114	89	1.10886
114	110	1.19479
114	122	1.21962
114	123	1.14743
114	126	0.767395
114	129	1.19798
114	135	0.734366
114	142	1.14231
114	144	1.16544
114	149	0.771586
114	150	1.18371
114	159	1.19
114	162	1.15828
114	163	1.14686
114	166	1.15668
114	167	1.15373
114	173	0.755363
114	175	1.17007
114	176	0.728733
114	177	0.747085
114	178	0.765558
114	180	0.736569
115	44	0.703155
115	47	0.749721
115	55	0.778266
115	65	0.687707
115	88	1.15138
115	99	1.1771
115	104	0.731078
115	119	0.819652
115	141	1.18017
115	146	1.18395
115	154	1.17724
115	157	0.790326
115	158	1.10975
115	159	0.736344
115	161	1.171
115	162	1.16242
115	164	1.18288
115	168	1.17993
115	170	1.17901
115	171	1.15303
115	172	0.764408
115	173	1.15933
115	177	1.16559
115	179	0.732266
115	180	1.16723
116	31	0.747681
116	38	1.08767
116	57	0.771813
116	59	1.17784
116	67	1.1347
116	68	1.19717
116	86	0.801806
116	89	1.12246
116	101	1.23101
116	103	0.713292
116	128	1.16045
116	131	1.1581
116	139	0.737588
116	144	1.17904
116	150	1.19732
116	151	1.15258
116	153	0.741306
116	155	0.760632
116	159	1.2036
116	163	1.16046
116	166	1.17028
116	167	1.16733
116	173	0.749686
116	176	0.723055
116	178	0.759881
117	8	0.871186
117	10	0.676814
117	25	1.17699
117	54	0.697643
117	55	0.705804
117	60	0.699157
117	80	1.18499
117	83	1.19318
117	103	1.25829
117	110	0.669881
117	120	1.22286
117	126	0.685796
117	140	0.735566
117	142	0.70107
117	148	1.2153
117	151	1.18554
117	154	1.21967
117	155	0.68471
117	159	0.663882
117	164	1.22531
117	172	1.22305
117	174	1.23015
117	177	1.20802
117	178	1.20164
117	179	1.24533
117	180	1.20967
118	33	0.671064
118	41	1.13742
118	53	1.21814
118	68	0.705849
118	74	1.22107
118	77	1.1346
118	82	1.19555
118	92	1.25878
118	93	1.16189
118	103	1.26348
118	108	1.2029
118	112	1.26231
118	123	0.735552
118	127	1.22649
118	130	0.704059
118	132	1.24846
118	138	1.23244
118	149	1.20823
118	150	0.711671
118	154	0.712496
118	162	0.707578
118	170	0.719955
118	171	0.728678
118	172	1.22823
118	176	0.697176
118	177	0.715528
119	16	1.15581
119	20	1.07864
119	23	1.0775
119	33	1.1667
119	38	0.919675
119	40	1.16982
119	51	1.11618
119	58	1.11445
119	62	0.743745
119	73	1.14391
119	80	1.07775
119	83	1.08594
119	105	1.03796
119	109	1.06202
119	115	0.819652
119	120	1.11562
119	121	1.12088
119	131	0.838015
119	136	0.785868
119	160	0.810894
119	162	0.79531
119	169	0.794605
119	171	0.816409
119	172	1.11581
119	174	1.12291
119	176	0.784907
119	179	1.13809
120	16	1.22695
120	20	1.14978
120	23	1.14864
120	40	1.24096
120	46	0.706903
120	51	1.18732
120	73	1.21505
120	83	1.15708
120	102	0.785706
120	105	1.1091
120	109	1.13316
120	117	1.22286
120	119	1.11562
120	121	1.19202
120	122	0.700128
120	145	1.21123
120	161	0.741296
120	164	0.736834
120	167	0.762073
120	169	0.727641
120	170	0.740722
120	172	1.18695
120	174	1.19405
120	175	0.728305
120	178	0.754768
120	179	1.20923
120	180	0.725779
121	16	1.2322
121	20	1.15503
121	23	1.1539
121	26	0.637896
121	33	1.2431
121	46	0.706011
121	58	1.19084
121	59	0.754949
121	73	1.22031
121	80	1.15414
121	83	1.16234
121	105	1.11435
121	109	1.13841
121	119	1.12088
121	120	1.19202
121	142	0.770988
121	145	1.21649
121	147	0.7549
121	158	0.828295
121	160	0.743037
121	162	0.727454
121	169	0.726749
121	172	1.1922
121	173	0.743681
121	174	1.1993
121	176	0.717051
121	179	1.21449
122	9	1.2454
122	13	1.25352
122	29	0.763554
122	39	1.14553
122	44	1.27174
122	76	0.68408
122	86	0.745786
122	101	1.2712
122	110	1.24858
122	114	1.21962
122	120	0.700128
122	128	1.20064
122	137	0.738422
122	139	0.681567
122	144	1.21923
122	147	0.704884
122	148	0.657153
122	150	1.23751
122	159	1.24379
122	162	1.21208
122	163	1.20065
122	166	1.21047
122	167	1.20752
122	169	1.21252
122	170	0.689814
122	174	0.700985
122	176	0.667035
122	180	0.674871
123	9	1.17321
123	21	1.12207
123	39	1.07333
123	84	0.77764
123	85	1.25512
123	88	0.783313
123	91	1.20021
123	110	1.17639
123	114	1.14743
123	118	0.735552
123	129	1.17958
123	130	0.730109
123	131	1.12609
123	134	0.745604
123	142	1.12391
123	150	1.16531
123	151	1.12057
123	156	0.771613
123	157	0.793957
123	158	0.83447
123	159	1.1716
123	161	0.74658
123	162	1.13988
123	164	0.742118
123	165	0.747084
123	166	1.13828
123	167	1.13533
123	175	1.15167
124	6	0.745555
124	35	0.872264
124	67	0.804741
124	69	1.16225
124	87	0.808864
124	95	0.852259
124	102	0.797816
124	113	0.803428
124	129	0.721233
124	134	1.12866
124	139	1.13475
124	143	0.777365
124	146	1.13908
124	147	1.1394
124	154	1.13238
124	155	0.767629
124	158	1.06489
124	160	1.11695
124	161	1.12613
124	164	1.13802
124	165	1.12149
124	168	1.13507
124	170	1.13415
124	171	1.10816
124	173	1.11447
124	176	1.16106
124	177	1.12072
124	179	0.742724
124	180	1.12237
125	3	0.626228
125	7	0.744702
125	8	1.05725
125	22	0.807417
125	30	1.14898
125	33	0.716412
125	54	1.17453
125	61	1.17597
125	72	1.0926
125	81	0.75848
125	98	1.18103
125	111	1.13597
125	126	1.17823
125	130	0.749407
125	132	0.77007
125	137	1.15698
125	140	1.14928
125	143	1.18832
125	146	0.745844
125	152	1.20646
125	153	0.760774
125	155	1.19005
125	156	1.18418
125	157	1.16035
125	167	0.786654
125	174	1.19549
125	176	1.21369
125	177	0.760876
125	178	0.779349
125	179	1.21067
126	8	1.04584
126	12	1.19868
126	36	0.845129
126	37	0.693712
126	64	1.24113
126	86	1.14177
126	98	1.16962
126	111	1.12456
126	114	0.767395
126	117	0.685796
126	125	1.17823
126	137	1.14557
126	139	0.738044
126	140	1.13788
126	143	1.17691
126	148	0.713629
126	152	1.19506
126	153	0.741762
126	155	1.17864
126	156	1.17277
126	157	1.14894
126	158	0.834756
126	162	1.15878
126	165	0.747369
126	171	0.755014
126	174	1.18408
126	176	1.20229
126	178	0.760337
126	179	1.19926
126	180	0.731348
127	25	1.13933
127	32	0.683353
127	41	1.09457
127	46	1.18066
127	53	1.17529
127	57	1.17512
127	74	1.17823
127	82	1.1527
127	87	1.1615
127	93	1.11904
127	96	1.1225
127	103	1.22063
127	108	1.16006
127	118	1.22649
127	130	0.727594
127	132	1.20562
127	138	1.1896
127	140	0.809143
127	149	1.16538
127	151	1.14788
127	156	0.769098
127	158	0.831955
127	162	0.731113
127	164	0.739602
127	165	0.744568
127	166	0.762384
127	171	0.752213
127	172	1.18539
127	176	0.720711
127	177	0.739062
128	4	0.878026
128	14	0.689051
128	23	0.739573
128	43	1.28716
128	50	0.721381
128	65	1.23168
128	80	0.753193
128	92	0.68517
128	97	1.12314
128	105	0.820124
128	108	0.757696
128	109	0.7987
128	116	1.16045
128	122	1.20064
128	129	1.179
128	137	0.742644
128	138	0.701591
128	141	1.15705
128	154	1.15412
128	155	0.708834
128	159	1.17102
128	164	1.15976
128	166	1.1377
128	167	1.13474
128	169	1.13975
128	173	1.13621
128	174	1.1646
128	176	1.1828
128	178	1.13608
128	180	1.14411
129	13	1.23188
129	27	1.32668
129	50	0.726154
129	68	1.21572
129	79	0.727972
129	86	0.754781
129	99	0.719275
129	110	1.22694
129	114	1.19798
129	123	1.17958
129	124	0.721233
129	128	1.179
129	130	0.682913
129	131	1.17665
129	142	1.17447
129	143	0.723343
129	144	1.19759
129	145	0.681034
129	147	0.713879
129	150	1.21587
129	158	0.787274
129	159	1.22216
129	163	1.17901
129	166	1.18884
129	167	1.18588
129	169	1.19089
129	172	1.20863
129	175	1.20223
129	176	0.67603
129	178	0.712856
129	180	0.683866
130	26	1.30624
130	29	0.788252
130	88	1.15565
130	94	1.21497
130	101	0.669747
130	105	0.8406
130	110	0.71448
130	118	0.704059
130	123	0.730109
130	125	0.749407
130	127	0.727594
130	129	0.682913
130	131	0.744841
130	132	0.719279
130	134	1.17779
130	139	1.18388
130	151	0.760874
130	153	1.17363
130	154	1.18151
130	157	0.762463
130	158	1.11402
130	160	1.16608
130	161	1.17526
130	164	1.18715
130	165	1.17062
130	168	1.1842
130	170	1.18328
130	171	1.1573
130	173	1.1636
130	177	1.16985
130	178	1.16347
130	180	1.1715
131	1	0.719629
131	33	1.20604
131	44	1.19662
131	55	1.14912
131	60	1.15269
131	68	1.16224
131	76	0.755004
131	85	1.25219
131	89	1.08753
131	91	1.19728
131	98	0.776731
131	100	1.0909
131	116	1.1581
131	119	0.838015
131	123	1.12609
131	129	1.17665
131	130	0.744841
131	133	0.736449
131	142	1.12098
131	143	0.785271
131	144	1.14411
131	149	0.780811
131	150	1.16238
131	153	0.756209
131	159	1.16867
131	163	1.12552
131	165	0.761816
131	166	1.13535
131	167	1.13239
131	172	1.15515
131	173	0.764589
131	176	0.737958
131	179	0.750629
132	14	0.73019
132	25	1.1613
132	41	1.11654
132	53	1.19726
132	57	1.19709
132	74	1.20019
132	77	1.11373
132	81	1.1771
132	82	1.17467
132	87	1.18347
132	92	1.23791
132	96	1.14447
132	103	1.2426
132	107	0.725561
132	108	1.18203
132	112	1.24143
132	118	1.24846
132	125	0.77007
132	127	1.20562
132	130	0.719279
132	133	0.710886
132	136	0.713356
132	138	1.21157
132	145	0.7174
132	146	0.715716
132	149	1.18735
132	151	1.16985
132	153	0.730646
132	160	0.738382
132	164	0.731287
132	165	0.736253
132	170	0.735175
132	171	0.743898
132	172	1.20736
133	21	0.760426
133	26	1.31368
133	32	1.25048
133	48	0.730094
133	56	1.18498
133	57	0.732098
133	100	0.749183
133	110	0.706087
133	131	0.736449
133	132	0.710886
133	134	1.18523
133	136	1.18082
133	139	1.19132
133	142	0.737277
133	146	1.19566
133	147	1.19597
133	152	0.703452
133	154	1.18895
133	157	0.754071
133	158	1.12146
133	160	1.17352
133	163	0.728957
133	164	1.19459
133	165	1.17806
133	168	1.19164
133	170	1.19072
133	171	1.16474
133	172	0.728154
133	173	1.17104
133	174	0.71729
133	177	1.17729
133	178	1.17091
133	179	0.696011
133	180	1.17894
134	19	0.774171
134	30	0.766151
134	65	0.67534
134	86	0.785979
134	123	0.745604
134	124	1.12866
134	130	1.17779
134	133	1.18523
134	136	1.16854
134	139	1.17904
134	146	1.18337
134	147	1.18368
134	151	0.776369
134	153	1.16878
134	154	1.17667
134	155	0.744805
134	156	0.755615
134	157	0.777959
134	158	1.10918
134	159	0.723977
134	160	1.16123
134	161	1.17042
134	163	0.752845
134	164	1.18231
134	165	1.16578
134	166	0.748902
134	168	1.17936
134	170	1.17844
134	171	1.15245
134	173	1.15876
134	174	0.741178
134	177	1.16501
134	178	1.15863
134	179	0.719899
134	180	1.16666
135	2	0.891766
135	11	0.683052
135	20	0.786403
135	37	1.21883
135	61	0.734686
135	75	1.18552
135	92	0.704396
135	94	1.20017
135	99	1.16657
135	103	0.680719
135	105	0.83935
135	114	0.734366
135	136	1.15858
135	137	0.76187
135	138	0.720817
135	145	1.19437
135	146	1.17341
135	151	0.759624
135	153	1.15882
135	154	1.16671
135	155	0.728059
135	160	1.15128
135	161	1.16046
135	164	1.17235
135	165	1.15582
135	166	0.732156
135	168	1.1694
135	169	1.15233
135	171	1.14249
135	172	0.735296
135	173	1.1488
135	175	1.16367
135	177	1.15505
135	178	1.14867
135	180	1.1567
136	2	0.887094
136	17	1.14232
136	26	1.29698
136	45	0.716689
136	52	1.16632
136	59	0.723708
136	71	1.08472
136	84	1.14359
136	100	0.751653
136	107	0.698976
136	110	0.708558
136	111	0.779535
136	119	0.785868
136	132	0.713356
136	133	1.18082
136	134	1.16854
136	135	1.15858
136	139	1.17463
136	140	0.774243
136	141	1.17519
136	146	1.17896
136	153	1.16437
136	154	1.17225
136	156	0.734198
136	157	0.756541
136	163	0.731427
136	164	1.17789
136	165	1.16137
136	170	1.17402
136	171	1.14804
136	172	0.730624
136	173	1.15435
136	177	1.1606
136	178	1.15422
136	180	1.16225
137	13	0.765961
137	30	1.11632
137	32	0.71888
137	53	0.797016
137	54	1.14188
137	61	1.14332
137	64	1.21988
137	72	1.05995
137	78	1.12173
137	86	1.12052
137	98	1.14837
137	102	0.824
137	111	1.10332
137	122	0.738422
137	125	1.15698
137	126	1.14557
137	128	0.742644
137	135	0.76187
137	140	1.11663
137	143	1.15567
137	145	1.18001
137	152	1.17381
137	153	0.774488
137	154	0.771557
137	155	1.15739
137	156	1.15152
137	157	1.1277
137	160	0.782224
137	161	0.77959
137	162	1.13753
137	171	0.787739
137	174	1.16283
137	176	1.18104
137	177	0.774589
137	178	0.793063
137	179	1.17802
138	25	1.14528
138	47	1.19634
138	53	1.18124
138	57	1.18107
138	68	0.723858
138	69	0.714495
138	74	1.18417
138	77	1.09771
138	80	0.79712
138	81	1.16108
138	82	1.15865
138	87	1.16745
138	92	1.22189
138	93	1.12499
138	96	1.12844
138	101	0.693198
138	103	1.22658
138	105	0.864052
138	108	1.166
138	112	1.22541
138	118	1.23244
138	127	1.1896
138	128	0.701591
138	132	1.21157
138	135	0.720817
138	139	0.729717
138	144	0.751149
138	145	0.720188
138	148	1.18359
138	149	1.17133
138	151	1.15383
138	160	0.741171
138	165	0.739042
138	167	0.759315
138	168	0.72703
138	169	0.724882
138	172	1.19134
139	21	0.776468
139	26	1.30748
139	34	0.706097
139	52	1.17682
139	61	0.743586
139	64	0.674426
139	77	0.859838
139	116	0.737588
139	122	0.681567
139	124	1.13475
139	126	0.738044
139	130	1.18388
139	133	1.19132
139	134	1.17904
139	136	1.17463
139	138	0.729717
139	142	0.753319
139	143	0.746695
139	147	1.18977
139	149	1.16612
139	150	0.713878
139	153	1.17487
139	158	1.11526
139	160	1.16732
139	161	1.17651
139	163	0.744999
139	164	1.1884
139	165	1.17187
139	166	0.741056
139	168	1.18545
139	170	1.18453
139	171	1.15854
