1	82	0.981123
1	110	0.863086
1	154	0.952793
1	159	0.769777
1	168	0.977507
1	169	0.940873
1	171	0.931845
1	172	0.875017
1	173	0.975022
1	176	0.891991
1	178	0.907048
1	180	0.924452
2	24	1.14804
2	34	1.07372
2	42	1.04294
2	67	1.04762
2	76	1.02485
2	81	1.02438
2	101	1.04139
2	114	1.4168
2	150	1.04943
2	160	1.21152
2	162	0.745492
2	179	1.58712
3	79	0.853252
3	82	0.83291
3	84	0.940797
3	96	1.00594
3	104	0.967616
3	142	1.01898
3	144	0.99706
3	169	0.895674
3	171	0.886646
3	175	0.888714
3	178	0.861849
3	180	0.879253
4	50	1.38377
4	112	0.920651
4	117	1.44882
4	121	0.938745
4	126	0.885138
4	131	0.933745
4	132	0.929353
4	152	0.946587
4	157	0.939199
4	158	0.942206
4	159	0.931952
4	173	1.82868
5	97	1.09645
5	102	1.07054
5	107	1.17682
5	108	1.08828
5	118	1.05032
5	127	1.03225
5	129	1.17418
5	139	1.42258
5	150	1.17473
5	161	1.08442
5	174	0.985093
5	175	0.975462
6	18	1.13503
6	28	1.1036
6	54	1.03647
6	56	1.03348
6	90	1.02888
6	110	1.07755
6	120	1.05067
6	125	0.891637
6	155	0.995781
6	172	2.11478
6	173	0.986033
6	179	0.954959
7	26	0.930348
7	35	0.946606
7	57	0.885834
7	98	0.915729
7	112	0.929326
7	134	1.30507
7	152	0.955262
7	157	0.947874
7	158	0.950881
7	159	0.940627
7	168	1.6363
7	177	1.66008
8	59	1.04361
8	102	1.0825
8	115	1.08059
8	118	1.06228
8	127	1.0442
8	128	1.06781
8	133	1.13207
8	148	1.05398
8	161	1.09637
8	169	1.67417
8	174	0.997051
8	175	0.98742
9	10	0.931139
9	76	0.943849
9	78	0.948488
9	81	0.943371
9	96	0.823477
9	150	0.968428
9	154	1.39099
9	157	0.996985
9	158	0.999993
9	159	0.989739
9	172	2.15546
10	9	0.931139
10	42	0.934991
10	45	0.943118
10	67	0.939665
10	76	0.916903
10	81	0.916425
10	101	0.933443
10	105	0.98764
10	129	1.02205
10	150	0.941482
10	176	2.14512
10	177	1.45256
11	31	0.951466
11	36	0.8928
11	37	0.922364
11	44	0.891263
11	51	0.980218
11	82	0.949972
11	83	0.949767
11	91	0.922638
11	95	0.922656
11	114	1.64267
11	174	1.49565
11	175	1.50183
12	52	0.959461
12	77	1.04128
12	78	0.71665
12	158	0.798566
12	169	0.938394
12	170	0.975465
12	172	0.872538
12	173	0.972543
12	174	0.941065
12	176	0.889511
12	178	0.904568
12	180	0.921973
13	66	1.04083
13	125	0.964536
13	131	1.04835
13	132	1.04396
13	152	1.06119
13	157	1.0538
13	158	1.05681
13	159	1.04656
13	161	1.03632
13	174	1.28223
13	177	1.09849
13	178	1.63613
14	73	0.915003
14	98	0.90652
14	121	0.938211
14	130	0.923388
14	132	0.928819
14	141	0.939853
14	152	0.946053
14	156	1.8131
14	158	0.941672
14	159	0.931418
14	161	0.921179
14	174	1.81806
15	70	0.902162
15	86	0.812727
15	128	1.05499
15	156	0.939519
15	157	0.867485
15	166	0.935041
15	167	0.906692
15	169	0.921989
15	170	0.959059
15	176	0.873106
15	178	0.888163
15	180	0.905568
16	57	0.885024
16	85	0.874415
16	89	0.955938
16	131	0.941609
16	132	0.937218
16	148	1.34588
16	150	1.29474
16	152	0.954452
16	157	0.947064
16	158	0.950071
16	159	0.939817
16	166	1.96024
17	32	0.954375
17	33	0.953108
17	49	1.41317
17	58	0.886646
17	60	0.955059
17	71	1.02365
17	74	0.915755
17	145	1.25406
17	146	0.984103
17	162	0.934731
17	165	0.854352
17	177	1.78252
18	6	1.13503
18	56	1.01299
18	63	1.09097
18	88	1.08711
18	106	1.02183
18	107	0.83335
18	109	1.06689
18	110	1.05706
18	142	0.948212
18	171	1.57927
18	179	0.934472
18	180	1.60305
19	27	1.07827
19	39	1.05036
19	61	1.08718
19	68	1.03513
19	75	1.04452
19	79	1.01021
19	80	1.10068
19	136	1.0556
19	155	1.15496
19	160	1.31026
19	169	1.42614
19	177	0.987066
20	25	0.969851
20	39	0.926004
20	61	0.962824
20	64	0.986153
20	68	0.910779
20	75	0.920164
20	79	0.885856
20	80	0.976329
20	123	1.12987
20	150	0.985792
20	172	2.50494
20	177	0.862715
21	72	1.094
21	84	1.04698
21	104	1.1068
21	115	1.0789
21	118	1.06059
21	127	1.04251
21	128	1.10913
21	151	1.19342
21	161	1.09468
21	174	0.99536
21	175	0.985729
21	177	1.47412
22	66	1.00832
22	99	0.885304
22	112	1.00274
22	121	1.02083
22	126	0.967223
22	131	1.01583
22	157	1.02128
22	158	1.02429
22	159	1.01404
22	161	1.0038
22	170	1.27502
22	177	1.2923
22	179	1.79339
23	54	0.999693
23	70	1.04667
23	90	0.992099
23	106	1.00554
23	109	1.0506
23	110	1.04077
23	116	1.02077
23	120	1.01389
23	150	0.81833
23	170	1.23101
23	174	1.43203
23	178	1.78593
23	179	0.918182
24	2	1.14804
24	67	1.07556
24	76	1.0528
24	81	1.05232
24	127	1.03628
24	134	1.22124
24	136	1.44708
24	145	1.04778
24	148	1.19743
24	150	1.07738
24	174	0.989126
24	175	0.979495
25	20	0.969851
25	27	1.04454
25	39	1.01662
25	47	0.842065
25	61	1.05344
25	68	1.0014
25	75	1.01078
25	79	0.976475
25	80	1.06695
25	133	1.26269
25	151	1.28272
25	169	1.80478
25	177	0.953335
26	7	0.930348
26	65	1.02582
26	73	0.62658
26	89	1.02723
26	121	1.01791
26	125	1.21194
26	152	1.02575
26	157	1.01836
26	158	1.02137
26	159	1.01111
26	161	1.00087
26	174	1.52963
26	179	1.84697
27	19	1.07827
27	25	1.04454
27	39	1.00069
27	61	1.03751
27	68	0.985465
27	75	0.99485
27	79	0.960542
27	80	1.05102
27	111	1.41031
27	122	1.01462
27	147	1.64721
27	150	1.13705
27	177	0.937401
28	6	1.1036
28	54	0.984553
28	90	0.97696
28	92	1.04394
28	94	1.0252
28	109	1.03546
28	110	1.02563
28	120	0.998753
28	147	1.25768
28	163	1.46845
28	170	1.1602
28	175	1.3674
28	179	0.903042
29	31	1.0089
29	36	0.950238
29	37	0.979802
29	38	1.22599
29	44	0.948701
29	82	1.00741
29	83	1.0072
29	91	0.980076
29	95	0.980094
29	100	1.00141
29	138	1.27369
29	144	1.23229
29	160	1.6745
30	31	1.01806
30	37	0.988953
30	44	0.957852
30	62	1.04752
30	82	1.01656
30	83	1.01636
30	91	0.989228
30	95	0.989246
30	99	1.04505
30	122	0.548903
30	147	1.18149
30	165	1.34229
30	172	2.19048
31	11	0.951466
31	29	1.0089
31	30	1.01806
31	37	0.997657
31	51	1.05551
31	82	1.02527
31	83	1.02506
31	91	0.997931
31	95	0.997949
31	123	1.21338
31	162	1.15872
31	164	1.44001
31	173	1.4597
32	17	0.954375
32	33	1.03996
32	58	0.973497
32	60	1.04191
32	71	1.1105
32	74	1.00261
32	87	1.18014
32	107	1.17124
32	145	1.07064
32	146	1.07095
32	162	1.02158
32	165	0.941203
32	175	1.78903
33	17	0.953108
33	32	1.03996
33	58	0.972229
33	60	1.04064
33	71	1.10923
33	74	1.00134
33	146	1.06969
33	149	0.887885
33	154	1.46085
33	162	1.02031
33	165	0.939935
33	166	1.37167
33	167	1.55192
34	2	1.07372
34	42	0.996567
34	45	1.00469
34	67	1.00124
34	76	0.97848
34	81	0.978002
34	99	0.966329
34	103	1.04565
34	105	1.04922
34	150	1.00306
34	155	1.34352
34	169	1.61469
34	173	1.33377
35	7	0.946606
35	48	1.03083
35	69	0.543095
35	85	0.961969
35	89	1.04349
35	112	1.01607
35	126	0.980557
35	130	1.01934
35	152	1.04201
35	158	1.03763
35	159	1.02737
35	163	1.74526
35	167	1.87008
36	11	0.8928
36	29	0.950238
36	37	0.938991
36	38	1.18518
36	51	0.996845
36	82	0.966599
36	83	0.966393
36	91	0.939265
36	95	0.939283
36	99	0.995086
36	111	1.27487
36	143	0.966225
36	151	1.15087
36	176	2.12413
37	11	0.922364
37	29	0.979802
37	30	0.988953
37	31	0.997657
37	36	0.938991
37	51	1.02641
37	82	0.996163
37	83	0.995957
37	91	0.968829
37	95	0.968847
37	128	1.13704
37	146	0.911032
37	170	1.48475
37	179	2.00311
38	29	1.22599
38	36	1.18518
38	44	1.18364
38	51	1.2726
38	82	1.24235
38	83	1.24215
38	91	1.21502
38	95	1.21504
38	123	0.862187
38	144	0.831347
38	151	0.867373
38	168	1.12429
38	169	1.38943
38	173	1.10851
39	19	1.05036
39	20	0.926004
39	25	1.01662
39	27	1.00069
39	61	1.0096
39	68	0.957552
39	75	0.966937
39	79	0.932629
39	80	1.0231
39	104	1.50871
39	122	1.32365
39	145	1.34757
39	146	1.28504
39	177	0.909488
40	48	0.791207
40	77	1.17925
40	97	1.12411
40	108	1.11595
40	115	1.0963
40	118	1.07799
40	127	1.05991
40	143	0.749329
40	155	1.18486
40	156	1.39345
40	161	1.11208
40	174	1.01276
40	175	1.00313
40	178	1.75231
41	68	1.10611
41	79	1.08119
41	80	1.17166
41	84	1.0877
41	108	1.13927
41	122	0.596296
41	123	0.862805
41	127	1.08324
41	142	0.835683
41	165	1.38969
41	172	2.23787
41	174	1.03608
41	175	1.02645
41	177	1.05805
42	2	1.04294
42	10	0.934991
42	34	0.996567
42	45	0.973916
42	67	0.970463
42	76	0.947701
42	81	0.947223
42	103	1.01487
42	105	1.01844
42	124	1.67712
42	136	1.06917
42	150	0.97228
42	164	1.13909
42	179	1.69942
43	85	0.914333
43	116	1.19068
43	121	0.986527
43	130	0.971704
43	131	0.981527
43	132	0.977135
43	137	0.98597
43	141	0.988169
43	152	0.99437
43	157	0.986981
43	158	0.989989
43	159	0.979735
43	174	1.51928
43	179	1.83663
44	11	0.891263
44	29	0.948701
44	30	0.957852
44	38	1.18364
44	51	0.995308
44	82	0.965062
44	83	0.964856
44	87	1.0979
44	91	0.937728
44	95	0.937746
44	99	0.993549
44	128	1.15188
44	135	1.5629
44	175	1.70679
45	10	0.943118
45	34	1.00469
45	42	0.973916
45	52	1.37109
45	67	0.97859
45	76	0.955828
45	81	0.95535
45	101	0.972368
45	103	1.023
45	105	1.02656
45	143	0.904523
45	150	0.980407
45	166	1.6054
45	180	1.7117
46	55	0.927982
46	86	0.991476
46	87	0.90009
46	98	0.968297
46	126	0.94638
46	130	0.985164
46	148	0.940239
46	152	1.00783
46	157	1.00044
46	158	1.00345
46	159	0.993195
46	161	0.982956
46	168	1.29528
46	172	2.40824
47	25	0.842065
47	68	0.66805
47	74	1.06769
47	82	0.718904
47	98	0.700762
47	146	1.13603
47	162	1.08666
47	165	1.00628
47	168	1.02079
47	172	0.918299
47	176	0.935273
47	178	0.95033
47	180	0.967735
48	35	1.03083
48	40	0.791207
48	55	0.873722
48	84	1.12468
48	135	0.973635
48	144	1.03523
48	149	1.027
48	164	1.01368
48	167	0.918544
48	169	0.933841
48	170	0.970911
48	176	0.884958
48	178	0.900015
48	179	0.912578
48	180	0.91742
49	17	1.41317
49	76	1.4138
49	135	0.907682
49	141	1.11946
49	155	0.933451
49	164	0.947728
49	169	0.867889
49	170	0.904959
49	171	0.85886
49	172	0.802032
49	173	0.902038
49	176	0.819006
49	178	0.834063
49	179	0.846626
49	180	0.851468
50	4	1.38377
50	66	0.577653
50	89	0.807558
50	91	0.640656
50	144	1.03923
50	148	1.04204
50	153	0.896656
50	155	1.00341
50	160	0.976058
50	170	0.974917
50	172	0.87199
50	176	0.888964
50	177	0.962483
50	178	0.904021
50	180	0.921426
51	11	0.980218
51	31	1.05551
51	36	0.996845
51	37	1.02641
51	38	1.2726
51	44	0.995308
51	82	1.05402
51	83	1.05381
51	91	1.02668
51	95	1.0267
51	100	0.827458
51	113	1.85779
51	143	0.909711
51	145	0.846586
51	154	1.69977
52	12	0.959461
52	45	1.37109
52	65	0.944932
52	80	1.24782
52	108	1.17598
52	114	0.836675
52	131	0.932018
52	157	0.937472
52	158	0.940479
52	159	0.930225
52	171	0.808964
52	172	0.752136
52	173	0.852141
52	178	0.784166
52	180	0.801571
53	70	0.995571
53	92	1.00798
53	109	0.999506
53	110	0.989675
53	116	0.969676
53	118	0.956251
53	127	0.938172
53	135	1.72349
53	137	1.32789
53	140	1.33282
53	151	1.39677
53	161	0.990343
53	174	0.891019
53	175	0.881389
53	179	0.867086
54	6	1.03647
54	23	0.999693
54	28	0.984553
54	70	0.964396
54	90	0.909829
54	92	0.976806
54	93	0.971398
54	106	0.923269
54	109	0.968332
54	120	0.931622
54	138	0.989349
54	167	1.68046
54	171	1.58273
54	179	0.835912
54	180	1.60651
55	46	0.927982
55	48	0.873722
55	65	0.970887
55	98	0.931282
55	121	0.962972
55	123	0.949499
55	124	1.77597
55	126	0.909365
55	131	0.957972
55	152	0.970815
55	154	1.6219
55	157	0.963426
55	158	0.966434
55	159	0.95618
55	168	1.27341
56	6	1.03348
56	18	1.01299
56	63	0.989418
56	88	0.985554
56	90	0.906838
56	92	0.973814
56	93	0.968407
56	96	1.53862
56	106	0.920277
56	110	0.955509
56	120	0.928631
56	136	1.65225
56	143	1.31608
56	150	1.35146
56	179	0.83292
57	7	0.885834
57	16	0.885024
57	78	0.925349
57	89	0.98272
57	105	0.991446
57	112	0.955299
57	117	0.951292
57	152	0.981235
57	157	0.973846
57	158	0.976854
57	159	0.9666
57	161	0.95636
57	170	1.35343
57	171	1.68876
57	179	1.87179
58	17	0.886646
58	32	0.973497
58	33	0.972229
58	60	0.974181
58	71	1.04277
58	74	0.934877
58	100	0.988522
58	101	0.93423
58	124	1.80062
58	138	1.04651
58	146	1.00322
58	147	1.40204
58	162	0.953853
58	163	1.61281
58	165	0.873474
59	8	1.04361
59	77	1.01532
59	84	0.900443
59	97	0.960181
59	102	0.934271
59	108	0.952016
59	111	1.65572
59	115	0.932364
59	118	0.914058
59	127	0.895979
59	134	1.45741
59	146	1.22142
59	161	0.948149
59	168	1.78863
59	174	0.848826
59	175	0.839195
60	17	0.955059
60	32	1.04191
60	33	1.04064
60	58	0.974181
60	71	1.11119
60	74	1.00329
60	100	1.05694
60	101	1.00264
60	146	1.07164
60	154	1.34901
60	162	1.02227
60	165	0.941887
60	169	1.26566
60	170	1.00701
60	171	1.34235
60	178	1.56193
61	19	1.08718
61	20	0.962824
61	25	1.05344
61	27	1.03751
61	39	1.0096
61	64	1.06975
61	68	0.994372
61	75	1.00376
61	79	0.969449
61	80	1.05992
61	116	1.34874
61	119	0.973479
61	144	1.17688
61	149	1.24535
61	156	1.67238
61	177	0.946308
62	30	1.04752
62	82	1.05473
62	84	0.995591
62	91	1.02739
62	95	1.02741
62	99	1.08321
62	115	1.02751
62	119	0.693125
62	127	0.991127
62	161	1.0433
62	164	1.15399
62	168	1.18947
62	174	0.943974
62	175	0.934343
62	176	1.90581
62	180	1.55508
63	18	1.09097
63	56	0.989418
63	88	1.06353
63	90	0.984816
63	93	1.04638
63	106	0.998255
63	107	0.939772
63	109	1.04332
63	110	1.03349
63	116	1.01349
63	120	1.00661
63	144	1.05091
63	160	1.49312
63	165	1.60864
63	177	1.36764
63	179	0.910898
64	20	0.986153
64	61	1.06975
64	75	1.02709
64	79	0.992777
64	88	1.07637
64	93	1.05922
64	106	1.01109
64	110	1.04633
64	120	1.01945
64	122	0.995683
64	129	1.11756
64	139	1.36597
64	142	1.23507
64	169	1.78943
64	177	0.969637
64	179	0.923737
65	26	1.02582
65	52	0.944932
65	55	0.970887
65	85	0.970697
65	116	0.648532
65	121	1.04289
65	130	1.02807
65	134	0.43839
65	152	1.05073
65	153	2.06315
65	157	1.04335
65	158	1.04635
65	159	1.0361
65	161	1.02586
65	172	1.88258
65	176	1.48596
66	13	1.04083
66	22	1.00832
66	50	0.577653
66	123	1.00899
66	126	0.968855
66	129	0.631612
66	130	1.00764
66	132	1.01307
66	141	1.0241
66	152	1.03031
66	153	2.33188
66	157	1.02292
66	158	1.02592
66	159	1.01567
66	175	1.25204
66	180	1.40396
67	2	1.04762
67	10	0.939665
67	24	1.07556
67	34	1.00124
67	42	0.970463
67	45	0.97859
67	76	0.952375
67	81	0.951897
67	101	0.968915
67	103	1.01955
67	105	1.02311
67	125	1.40396
67	136	1.40874
67	149	1.28967
67	150	0.976955
67	162	1.19737
67	173	1.49836
68	19	1.03513
68	20	0.910779
68	25	1.0014
68	27	0.985465
68	39	0.957552
68	41	1.10611
68	47	0.66805
68	61	0.994372
68	69	1.11547
68	75	0.951712
68	79	0.917403
68	80	1.00788
68	144	1.07268
68	145	0.860932
68	176	2.08196
68	177	0.894263
68	180	1.73124
69	35	0.543095
69	68	1.11547
69	75	1.12485
69	76	0.871952
69	79	1.09054
69	80	1.18102
69	105	0.157646
69	106	0.607557
69	126	0.781038
69	141	0.57762
69	142	1.16607
69	173	1.07691
69	175	1.03581
69	176	0.993883
69	177	1.0674
69	178	1.00894
69	180	1.02634
70	15	0.902162
70	23	1.04667
70	53	0.995571
70	54	0.964396
70	88	1.03552
70	90	0.956803
70	92	1.02378
70	93	1.01837
70	106	0.970242
70	109	1.01531
70	110	1.00547
70	119	0.802579
70	120	0.978596
70	151	1.04201
70	176	2.01526
70	179	0.882885
70	180	1.66454
71	17	1.02365
71	32	1.1105
71	33	1.10923
71	58	1.04277
71	60	1.11119
71	74	1.07188
71	100	1.12553
71	101	1.07124
71	113	1.63286
71	133	0.849393
71	146	1.14023
71	155	1.12031
71	156	1.3289
71	162	1.09086
71	164	1.09087
71	165	1.01048
71	173	1.11056
72	21	1.094
72	77	1.06741
72	97	1.01227
72	99	0.995396
72	102	0.986357
72	108	1.0041
72	115	0.98445
72	118	0.966144
72	127	0.948065
72	141	1.01891
72	151	1.1217
72	155	1.37258
72	161	1.00024
72	170	1.38511
72	174	0.900912
72	175	0.891281
72	179	1.90348
73	14	0.915003
73	26	0.62658
73	76	1.06384
73	120	0.876026
73	132	0.713252
73	133	1.09802
73	160	1.02212
73	166	0.996958
73	169	0.983906
73	170	1.02098
73	172	0.91805
73	173	1.01806
73	174	0.986577
73	175	0.976946
73	176	0.935023
73	178	0.95008
73	180	0.967485
74	17	0.915755
74	32	1.00261
74	33	1.00134
74	47	1.06769
74	58	0.934877
74	60	1.00329
74	71	1.07188
74	100	1.01763
74	101	0.963339
74	140	0.890583
74	146	1.03233
74	149	0.986976
74	154	1.55994
74	162	0.982962
74	165	0.902583
74	175	1.42514
74	176	1.92779
75	19	1.04452
75	20	0.920164
75	25	1.01078
75	27	0.99485
75	39	0.966937
75	61	1.00376
75	64	1.02709
75	68	0.951712
75	69	1.12485
75	79	0.926789
75	80	1.01726
75	134	0.883652
75	155	1.20885
75	163	1.52963
75	174	1.4224
75	177	0.903648
75	178	1.7763
76	2	1.02485
76	9	0.943849
76	10	0.916903
76	24	1.0528
76	34	0.97848
76	42	0.947701
76	45	0.955828
76	49	1.4138
76	67	0.952375
76	69	0.871952
76	73	1.06384
76	81	0.929135
76	100	1.23556
76	101	0.946153
76	103	0.996787
76	105	1.00035
76	140	1.43851
76	150	0.954192
77	12	1.04128
77	40	1.17925
77	59	1.01532
77	72	1.06741
77	102	1.05421
77	108	1.07195
77	115	1.0523
77	118	1.03399
77	127	1.01592
77	140	1.01623
77	141	1.08676
77	142	1.04787
77	150	0.930911
77	161	1.06809
77	168	1.33709
77	174	0.968763
77	175	0.959132
77	180	1.70271
78	9	0.948488
78	12	0.71665
78	57	0.925349
78	85	0.91474
78	112	0.968841
78	113	1.51898
78	126	0.933327
78	130	0.972111
78	131	0.981934
78	132	0.977542
78	141	0.988576
78	152	0.994777
78	157	0.987388
78	158	0.990395
78	159	0.980141
78	165	1.27724
78	176	1.72881
78	179	1.53733
79	3	0.853252
79	19	1.01021
79	20	0.885856
79	25	0.976475
79	27	0.960542
79	39	0.932629
79	41	1.08119
79	61	0.969449
79	64	0.992777
79	68	0.917403
79	69	1.09054
79	75	0.926789
79	80	0.982954
79	99	1.0536
79	149	1.21235
79	175	1.65052
79	177	0.86934
79	178	1.99823
80	19	1.10068
80	20	0.976329
80	25	1.06695
80	27	1.05102
80	39	1.0231
80	41	1.17166
80	52	1.24782
80	61	1.05992
80	68	1.00788
80	69	1.18102
80	75	1.01726
80	79	0.982954
80	143	0.781259
80	148	0.867785
80	163	1.53757
80	173	1.20704
80	175	1.43652
80	177	0.959813
81	2	1.02438
81	9	0.943371
81	10	0.916425
81	24	1.05232
81	34	0.978002
81	42	0.947223
81	45	0.95535
81	67	0.951897
81	76	0.929135
81	101	0.945675
81	103	0.996309
81	105	0.999871
81	123	1.18942
81	146	0.88431
81	150	0.953714
81	167	1.89109
81	168	1.45152
81	175	1.66523
82	1	0.981123
82	3	0.83291
82	11	0.949972
82	29	1.00741
82	30	1.01656
82	31	1.02527
82	36	0.966599
82	37	0.996163
82	38	1.24235
82	44	0.965062
82	47	0.718904
82	51	1.05402
82	62	1.05473
82	83	1.02357
82	91	0.996437
82	95	0.996455
82	135	1.48628
82	160	1.56574
82	162	1.09971
83	11	0.949767
83	29	1.0072
83	30	1.01636
83	31	1.02506
83	36	0.966393
83	37	0.995957
83	38	1.24215
83	44	0.964856
83	51	1.05381
83	82	1.02357
83	91	0.996231
83	95	0.996249
83	99	1.05205
83	116	1.18126
83	129	0.895615
83	145	0.797655
83	163	1.61709
83	169	1.56749
83	171	1.64418
84	3	0.940797
84	21	1.04698
84	41	1.0877
84	48	1.12468
84	59	0.900443
84	62	0.995591
84	97	0.96524
84	102	0.93933
84	108	0.957075
84	115	0.937423
84	118	0.919117
84	127	0.901038
84	138	1.27282
84	141	0.971882
84	161	0.953208
84	171	1.86619
84	173	1.50858
84	174	0.853885
84	175	0.844254
85	16	0.874415
85	35	0.961969
85	43	0.914333
85	65	0.970697
85	78	0.91474
85	89	0.972111
85	112	0.944689
85	130	0.94796
85	131	0.957783
85	132	0.953391
85	134	1.19088
85	138	1.27057
85	152	0.970626
85	154	1.87061
85	157	0.963237
85	158	0.966244
85	159	0.95599
85	162	1.20535
85	171	1.86394
86	15	0.812727
86	46	0.991476
86	94	1.00833
86	103	1.04096
86	112	1.00837
86	121	1.02647
86	130	1.01164
86	131	1.02147
86	132	1.01707
86	136	1.10409
86	137	0.883694
86	141	1.02811
86	152	1.03431
86	157	1.02692
86	158	1.02993
86	160	1.35875
86	161	1.00943
86	165	1.47427
86	178	1.7709
87	32	1.18014
87	44	1.0979
87	46	0.90009
87	97	1.18305
87	104	0.995136
87	105	0.64988
87	114	0.941876
87	145	1.08913
87	160	0.961404
87	162	1.0257
87	164	1.00303
87	166	0.936246
87	169	0.923193
87	171	0.914165
87	172	0.857337
87	173	0.957343
87	176	0.874311
87	178	0.889368
87	180	0.906773
88	18	1.08711
88	56	0.985554
88	63	1.06353
88	64	1.07637
88	70	1.03552
88	90	0.980953
88	92	1.04793
88	93	1.04252
88	106	0.994392
88	109	1.03946
88	110	1.02962
88	120	1.00275
88	133	0.842732
88	139	0.961355
88	153	2.41322
88	164	1.08421
88	165	1.38446
88	173	1.1039
88	179	0.907035
89	16	0.955938
89	26	1.02723
89	35	1.04349
89	50	0.807558
89	57	0.98272
89	85	0.972111
89	126	0.990699
89	128	0.927035
89	131	1.03931
89	132	1.03491
89	135	1.33805
89	141	1.04595
89	152	1.05215
89	157	1.04476
89	158	1.04777
89	159	1.03751
89	164	1.23277
89	171	1.61008
89	174	1.47577
90	6	1.02888
90	23	0.992099
90	28	0.97696
90	54	0.909829
90	56	0.906838
90	63	0.984816
90	70	0.956803
90	88	0.980953
90	92	0.969213
90	93	0.963805
90	106	0.915676
90	109	0.960738
90	120	0.924029
90	122	0.982647
90	133	1.23431
90	135	1.58106
90	163	1.826
90	175	1.72496
90	179	0.828318
91	11	0.922638
91	29	0.980076
91	30	0.989228
91	31	0.997931
91	36	0.939265
91	37	0.968829
91	38	1.21502
91	44	0.937728
91	50	0.640656
91	51	1.02668
91	62	1.02739
91	82	0.996437
91	83	0.996231
91	95	0.969121
91	99	1.02492
91	164	1.06587
91	166	1.36066
91	167	1.54091
91	178	1.66276
91	180	1.46696
92	28	1.04394
92	53	1.00798
92	54	0.976806
92	56	0.973814
92	70	1.02378
92	88	1.04793
92	90	0.969213
92	93	1.03078
92	94	1.01745
92	106	0.982652
92	109	1.02771
92	116	0.997885
92	120	0.991005
92	133	1.24173
92	145	1.01399
92	149	1.29421
92	156	1.72124
92	162	1.20191
92	173	1.5029
92	179	0.895295
93	54	0.971398
93	56	0.968407
93	63	1.04638
93	64	1.05922
93	70	1.01837
93	88	1.04252
93	90	0.963805
93	92	1.03078
93	106	0.977244
93	109	1.02231
93	110	1.01248
93	111	1.24826
93	116	0.992477
93	120	0.985598
93	133	1.10423
93	145	0.87649
93	156	1.58374
93	177	1.40496
93	179	0.889887
93	180	1.74679
94	28	1.0252
94	86	1.00833
94	92	1.01745
94	107	0.987642
94	109	1.00898
94	110	0.999146
94	116	0.979146
94	120	0.972267
94	123	1.00337
94	130	1.00202
94	138	1.14018
94	139	1.2334
94	140	1.07087
94	152	1.02469
94	157	1.0173
94	158	1.02031
94	159	1.01005
94	162	1.07496
94	172	2.50469
94	179	0.876556
95	11	0.922656
95	29	0.980094
95	30	0.989246
95	31	0.997949
95	36	0.939283
95	37	0.968847
95	38	1.21504
95	44	0.937746
95	51	1.0267
95	62	1.02741
95	82	0.996455
95	83	0.996249
95	91	0.969121
95	96	1.04982
95	99	1.02494
95	143	0.827281
95	160	1.41811
95	165	1.53363
95	171	1.61068
95	180	1.63446
96	3	1.00594
96	9	0.823477
96	56	1.53862
96	95	1.04982
96	105	0.826047
96	130	1.06369
96	133	1.02131
96	143	1.0755
96	155	0.972756
96	156	0.924725
96	167	0.891897
96	168	0.943828
96	170	0.944265
96	171	0.898166
96	172	0.841338
96	173	0.941343
96	176	0.858311
96	178	0.873368
96	179	0.885932
96	180	0.890773
97	5	1.09645
97	40	1.12411
97	59	0.960181
97	72	1.01227
97	84	0.96524
97	87	1.18305
97	102	0.999068
97	108	1.01681
97	115	0.997161
97	118	0.978854
97	127	0.960775
97	129	1.17151
97	141	1.03162
97	143	1.13667
97	149	1.35377
97	161	1.01295
97	162	1.26148
97	170	1.58474
97	174	0.913622
97	175	0.903991
98	7	0.915729
98	14	0.90652
98	46	0.968297
98	47	0.700762
98	55	0.931282
98	103	1.01778
98	112	0.985193
98	121	1.00329
98	126	0.94968
98	130	0.988464
98	132	0.993895
98	141	1.00493
98	142	1.10911
98	157	1.00374
98	158	1.00675
98	159	0.996494
98	160	1.5476
98	161	0.986255
98	167	1.8379
98	168	1.39833
98	170	1.40483
99	22	0.885304
99	30	1.04505
99	34	0.966329
99	36	0.995086
99	44	0.993549
99	62	1.08321
99	72	0.995396
99	79	1.0536
99	83	1.05205
99	91	1.02492
99	95	1.02494
99	113	0.947087
99	152	0.901082
99	159	0.82191
99	170	0.975906
99	171	0.929807
99	173	0.972984
99	175	0.931875
99	176	0.889953
99	178	0.90501
99	180	0.922414
100	29	1.00141
100	51	0.827458
100	58	0.988522
100	60	1.05694
100	71	1.12553
100	74	1.01763
100	76	1.23556
100	141	0.941224
100	146	1.08598
100	157	0.740426
100	158	0.570561
100	162	1.03661
100	163	0.945531
100	165	0.956228
100	167	0.918805
100	170	0.971172
100	171	0.925073
100	172	0.868245
100	173	0.968251
100	176	0.885219
100	180	0.91768
101	2	1.04139
101	10	0.933443
101	45	0.972368
101	58	0.93423
101	60	1.00264
101	67	0.968915
101	71	1.07124
101	74	0.963339
101	76	0.946153
101	81	0.945675
101	103	1.01333
101	129	0.931526
101	142	1.04903
101	146	1.03169
101	150	0.970732
101	162	0.982315
101	165	0.901936
101	169	1.6034
101	170	1.34475
101	174	1.54578
101	178	1.89967
102	5	1.07054
102	8	1.0825
102	59	0.934271
102	72	0.986357
102	77	1.05421
102	84	0.93933
102	97	0.999068
102	108	0.990903
102	115	0.971251
102	117	1.29877
102	118	0.952945
102	127	0.934866
102	141	1.00571
102	144	1.40146
102	146	1.12719
102	149	1.46993
102	150	1.28822
102	161	0.987036
102	168	1.6944
102	174	0.887713
102	175	0.878082
103	34	1.04565
103	42	1.01487
103	45	1.023
103	67	1.01955
103	76	0.996787
103	81	0.996309
103	86	1.04096
103	98	1.01778
103	101	1.01333
103	126	0.995862
103	142	0.872537
103	150	1.02137
103	152	1.05731
103	157	1.04992
103	158	1.05293
103	159	1.04268
103	164	1.12629
103	165	1.42654
103	173	1.14598
103	174	1.36928
103	175	1.37546
103	178	1.72318
104	3	0.967616
104	21	1.1068
104	39	1.50871
104	87	0.995136
104	111	0.951185
104	125	0.987933
104	127	1.21316
104	138	0.96473
104	147	0.912288
104	155	0.93443
104	157	0.920701
104	159	0.861587
104	167	0.853571
104	168	0.905501
104	169	0.868867
104	170	0.905938
104	171	0.859839
104	173	0.903017
104	174	0.871538
104	176	0.819985
104	178	0.835042
104	180	0.852447
105	10	0.98764
105	34	1.04922
105	42	1.01844
105	45	1.02656
105	57	0.991446
105	67	1.02311
105	69	0.157646
105	76	1.00035
105	81	0.999871
105	87	0.64988
105	96	0.826047
105	121	1.05303
105	126	0.999425
105	132	1.04364
105	150	1.02493
105	152	1.06087
105	153	2.3386
105	157	1.05349
105	159	1.04624
105	160	1.19433
105	168	1.04507
105	176	1.76141
106	18	1.02183
106	23	1.00554
106	54	0.923269
106	56	0.920277
106	63	0.998255
106	64	1.01109
106	69	0.607557
106	70	0.970242
106	88	0.994392
106	90	0.915676
106	92	0.982652
106	93	0.977244
106	109	0.974178
106	110	0.964347
106	116	0.944348
106	120	0.937468
106	123	1.23288
106	140	1.17412
106	167	1.93454
106	170	1.50148
106	171	1.83681
106	179	0.841758
107	5	1.17682
107	18	0.83335
107	32	1.17124
107	63	0.939772
107	94	0.987642
107	120	1.16747
107	136	0.99419
107	138	1.03177
107	142	1.05921
107	151	1.03408
107	154	0.947824
107	164	1.01574
107	166	0.948956
107	168	0.972538
107	169	0.935904
107	170	0.972975
107	171	0.926876
107	172	0.870048
107	173	0.970053
107	176	0.887021
107	178	0.902078
107	180	0.919483
108	5	1.08828
108	40	1.11595
108	41	1.13927
108	52	1.17598
108	59	0.952016
108	72	1.0041
108	77	1.07195
108	84	0.957075
108	97	1.01681
108	102	0.990903
108	115	0.988996
108	118	0.970689
108	125	1.0408
108	127	0.95261
108	139	0.992654
108	141	1.02345
108	161	1.00478
108	163	1.46573
108	165	1.41576
108	174	0.905457
108	175	0.895827
108	177	1.17476
108	178	1.7124
109	18	1.06689
109	23	1.0506
109	28	1.03546
109	53	0.999506
109	54	0.968332
109	63	1.04332
109	70	1.01531
109	88	1.03946
109	90	0.960738
109	92	1.02771
109	93	1.02231
109	94	1.00898
109	106	0.974178
109	110	1.00941
109	119	0.867392
109	120	0.982531
109	125	1.25356
109	147	1.46771
109	148	1.0087
109	151	1.10682
109	166	1.62305
109	178	1.92515
109	179	0.886821
110	1	0.863086
110	6	1.07755
110	18	1.05706
110	23	1.04077
110	28	1.02563
110	53	0.989675
110	56	0.955509
110	63	1.03349
110	64	1.04633
110	70	1.00547
110	88	1.02962
110	93	1.01248
110	94	0.999146
110	106	0.964347
110	109	1.00941
110	119	0.802096
110	120	0.9727
110	147	1.40242
110	154	1.64693
110	162	0.981676
110	169	1.56358
110	179	0.87699
110	180	1.66405
111	27	1.41031
111	36	1.27487
111	59	1.65572
111	93	1.24826
111	104	0.951185
111	113	0.887495
111	124	0.89425
111	151	0.977415
111	153	0.838052
111	155	0.944805
111	156	0.896774
111	158	0.961464
111	163	0.890672
111	166	0.892296
111	167	0.863946
111	168	0.915877
111	170	0.916314
111	171	0.870215
111	172	0.813387
111	173	0.913392
111	177	0.90388
111	178	0.845418
111	180	0.862822
112	4	0.920651
112	7	0.929326
112	22	1.00274
112	35	1.01607
112	57	0.955299
112	78	0.968841
112	85	0.944689
112	86	1.00837
112	98	0.985193
112	126	0.963277
112	128	0.918395
112	129	0.852877
112	130	1.00206
112	131	1.01188
112	139	1.10128
112	152	1.02473
112	153	2.55314
112	157	1.01734
112	158	1.02035
112	159	1.01009
112	161	0.999852
112	164	1.22413
112	166	1.51892
112	174	1.46713
113	51	1.85779
113	71	1.63286
113	78	1.51898
113	99	0.947087
113	111	0.887495
113	118	1.85877
113	135	0.844971
113	138	0.901039
113	139	0.90145
113	145	0.97111
113	147	0.848598
113	150	0.8961
113	160	0.843388
113	163	0.816606
113	167	0.78988
113	168	0.84181
113	169	0.805177
113	170	0.842247
113	171	0.796148
113	172	0.73932
113	175	0.798217
113	176	0.756294
113	178	0.771351
113	180	0.788756
114	2	1.4168
114	11	1.64267
114	52	0.836675
114	87	0.941876
114	119	1.01907
114	121	1.53135
114	124	0.830615
114	145	0.981542
114	149	0.908769
114	161	1.6254
114	163	0.827038
114	164	0.895447
114	166	0.828661
114	167	0.800312
114	170	0.852679
114	171	0.80658
114	172	0.749752
114	173	0.849758
114	174	0.818279
114	176	0.766726
114	178	0.781783
114	179	0.794346
114	180	0.799187
115	8	1.08059
115	21	1.0789
115	40	1.0963
115	59	0.932364
115	62	1.02751
115	72	0.98445
115	77	1.0523
115	84	0.937423
115	97	0.997161
115	102	0.971251
115	108	0.988996
115	118	0.951038
115	127	0.932959
115	141	1.0038
115	142	0.998773
115	146	0.720781
115	149	1.06353
115	161	0.985129
115	164	1.25252
115	172	2.40096
115	174	0.885806
115	175	0.876175
115	177	1.31178
115	178	1.84941
116	23	1.02077
116	43	1.19068
116	53	0.969676
116	61	1.34874
116	63	1.01349
116	65	0.648532
116	83	1.18126
116	92	0.997885
116	93	0.992477
116	94	0.979146
116	106	0.944348
116	120	0.952701
116	136	0.936539
116	141	1.34396
116	160	0.916464
116	161	1.14976
116	166	0.891305
116	168	0.914887
116	169	0.878253
116	171	0.869225
116	172	0.812397
116	176	0.82937
116	178	0.844427
116	179	0.856991
116	180	0.861832
117	4	1.44882
117	57	0.951292
117	102	1.29877
117	121	0.781164
117	131	0.821387
117	134	1.01127
117	137	1.01215
117	143	1.06909
117	147	0.944205
117	148	1.00497
117	157	0.868608
117	163	0.912214
117	164	0.980624
117	166	0.913837
117	167	0.885488
117	168	0.937418
117	169	0.900784
117	170	0.937855
117	172	0.834928
117	173	0.934934
117	175	0.893824
117	176	0.851902
117	178	0.866959
117	180	0.884364
118	5	1.05032
118	8	1.06228
118	21	1.06059
118	40	1.07799
118	53	0.956251
118	59	0.914058
118	72	0.966144
118	77	1.03399
118	84	0.919117
118	97	0.978854
118	102	0.952945
118	108	0.970689
118	113	1.85877
118	115	0.951038
118	119	0.855915
118	127	0.914652
118	141	0.985496
118	143	0.910692
118	151	1.09534
118	161	0.966823
118	167	1.79182
118	169	1.6174
118	170	1.35876
118	174	0.867499
118	175	0.857868
119	61	0.973479
119	62	0.693125
119	70	0.802579
119	109	0.867392
119	110	0.802096
119	114	1.01907
119	118	0.855915
119	132	0.912441
119	133	1.1145
119	139	1.09666
119	140	1.10293
119	141	0.968699
119	151	1.09856
119	153	0.959193
119	155	1.06595
119	160	1.0386
119	164	1.08022
119	168	1.03702
119	169	1.00038
119	171	0.991356
119	172	0.934528
119	173	1.03453
119	176	0.951502
119	178	0.966559
119	180	0.983963
120	6	1.05067
120	23	1.01389
120	28	0.998753
120	54	0.931622
120	56	0.928631
120	63	1.00661
120	64	1.01945
120	70	0.978596
120	73	0.876026
120	88	1.00275
120	90	0.924029
120	92	0.991005
120	93	0.985598
120	94	0.972267
120	106	0.937468
120	107	1.16747
120	109	0.982531
120	110	0.9727
120	116	0.952701
120	123	1.30946
120	138	1.32001
120	143	1.12999
120	145	1.06687
120	176	2.2879
120	179	0.850111
121	4	0.938745
121	14	0.938211
121	22	1.02083
121	26	1.01791
121	43	0.986527
121	55	0.962972
121	65	1.04289
121	86	1.02647
121	98	1.00329
121	105	1.05303
121	114	1.53135
121	117	0.781164
121	126	0.98137
121	130	1.02015
121	132	1.02559
121	149	0.952332
121	152	1.04282
121	155	1.17077
121	157	1.03543
121	158	1.03844
121	159	1.02818
121	160	1.32607
121	161	1.01795
121	168	1.1768
121	170	1.1833
121	179	1.70166
122	27	1.01462
122	30	0.548903
122	39	1.32365
122	41	0.596296
122	64	0.995683
122	90	0.982647
122	129	1.14096
122	130	0.754102
122	137	1.07797
122	141	0.936432
122	142	1.08991
122	143	1.13491
122	144	1.06799
122	147	1.01002
122	154	0.978524
122	155	1.03217
122	160	1.00481
122	166	0.979656
122	168	1.00324
122	169	0.966604
122	170	1.00367
122	171	0.957576
122	172	0.900748
122	175	0.959644
122	178	0.932778
122	180	0.950183
123	20	1.12987
123	31	1.21338
123	38	0.862187
123	41	0.862805
123	55	0.949499
123	66	1.00899
123	81	1.18942
123	94	1.00337
123	106	1.23288
123	120	1.30946
123	131	1.0165
123	139	0.998751
123	148	1.00667
123	152	1.02935
123	157	1.02196
123	158	1.02497
123	159	1.01471
123	161	1.00447
123	163	0.913907
123	172	0.836622
123	173	0.936627
123	176	0.853595
123	177	0.927115
123	178	0.868652
123	179	0.881216
123	180	0.886057
124	42	1.67712
124	55	1.77597
124	58	1.80062
124	111	0.89425
124	114	0.830615
124	137	0.923295
124	147	0.855353
124	149	0.905093
124	151	0.910104
124	153	0.770741
124	154	0.823852
124	155	0.877494
124	158	1.59694
124	160	0.850143
124	163	0.823361
124	166	0.824984
124	168	0.848566
124	169	0.811932
124	171	0.802904
124	173	0.846081
124	176	0.763049
124	177	0.836569
124	178	0.778106
124	180	0.795511
125	6	0.891637
125	13	0.964536
125	26	1.21194
125	67	1.40396
125	104	0.987933
125	108	1.0408
125	109	1.25356
125	137	1.02735
125	143	1.08429
125	149	1.00915
125	154	0.927911
125	155	0.981553
125	156	0.933522
125	158	0.984203
125	160	0.954202
125	164	0.99583
125	167	0.900694
125	169	0.915991
125	170	0.953062
125	171	0.906963
125	172	0.850135
125	173	0.95014
125	176	0.867108
125	177	0.940628
125	178	0.882165
125	179	0.894729
125	180	0.89957
126	4	0.885138
126	22	0.967223
126	35	0.980557
126	46	0.94638
126	55	0.909365
126	66	0.968855
126	69	0.781038
126	78	0.933327
126	89	0.990699
126	98	0.94968
126	103	0.995862
126	105	0.999425
126	112	0.963277
126	121	0.98137
126	130	0.966547
126	131	0.97637
126	132	0.971978
126	136	1.56307
126	146	1.10124
126	147	1.77244
126	148	1.31342
126	149	1.44399
126	152	0.989213
126	157	0.981824
126	158	0.984832
126	159	0.974578
126	161	0.964339
126	162	1.3517
126	177	1.69224
127	5	1.03225
127	8	1.0442
127	21	1.04251
127	24	1.03628
127	40	1.05991
127	41	1.08324
127	53	0.938172
127	59	0.895979
127	62	0.991127
127	72	0.948065
127	77	1.01592
127	84	0.901038
127	97	0.960775
127	102	0.934866
127	104	1.21316
127	108	0.95261
127	115	0.932959
127	118	0.914652
127	137	1.23091
127	139	1.39838
127	141	0.967417
127	148	1.20166
127	151	1.29979
127	161	0.948744
127	170	1.5632
127	173	1.54092
127	174	0.84942
127	175	0.839789
127	177	1.58048
128	8	1.06781
128	15	1.05499
128	21	1.10913
128	37	1.13704
128	44	1.15188
128	89	0.927035
128	112	0.918395
128	133	1.04405
128	134	1.04042
128	148	1.03412
128	151	1.0281
128	152	0.943089
128	154	0.941851
128	155	0.995493
128	158	0.753167
128	160	0.968141
128	164	1.00977
128	165	0.952057
128	166	0.942983
128	167	0.914634
128	168	0.966564
128	170	0.967001
128	171	0.920902
128	172	0.864074
128	173	0.96408
128	176	0.881048
128	177	0.954567
128	178	0.896105
128	180	0.913509
129	5	1.17418
129	10	1.02205
129	64	1.11756
129	66	0.631612
129	83	0.895615
129	97	1.17151
129	101	0.931526
129	112	0.852877
129	122	1.14096
129	139	1.06755
129	140	1.07383
129	144	1.07266
129	149	1.06444
129	153	0.930086
129	154	0.983197
129	155	1.03684
129	161	0.864119
129	163	0.982706
129	165	0.993404
129	166	0.984329
129	167	0.95598
129	168	1.00791
129	169	0.971277
129	170	1.00835
129	171	0.962248
129	172	0.90542
129	173	1.00543
129	176	0.922394
129	178	0.937451
129	180	0.954856
130	14	0.923388
130	35	1.01934
130	43	0.971704
130	46	0.985164
130	65	1.02807
130	66	1.00764
130	78	0.972111
130	85	0.94796
130	86	1.01164
130	94	1.00202
130	96	1.06369
130	98	0.988464
130	112	1.00206
130	121	1.02015
130	122	0.754102
130	126	0.966547
130	131	1.01515
130	132	1.01076
130	139	1.12439
130	141	1.0218
130	146	0.715497
130	152	1.028
130	157	1.02061
130	158	1.02362
130	159	1.01336
130	163	1.59746
130	165	1.54749
130	166	1.54203
130	169	1.54785
130	175	1.49641
131	4	0.933745
131	13	1.04835
131	16	0.941609
131	22	1.01583
131	43	0.981527
131	52	0.932018
131	55	0.957972
131	78	0.981934
131	85	0.957783
131	86	1.02147
131	89	1.03931
131	112	1.01188
131	117	0.821387
131	123	1.0165
131	126	0.97637
131	130	1.01515
131	132	1.02059
131	145	0.712333
131	152	1.03782
131	156	1.41958
131	157	1.03043
131	158	1.03344
131	159	1.02318
131	161	1.01295
131	164	1.18155
131	166	1.47634
131	167	1.65659
131	174	1.42454
131	175	1.43072
131	180	1.58264
132	4	0.929353
132	13	1.04396
132	14	0.928819
132	16	0.937218
132	43	0.977135
132	66	1.01307
132	73	0.713252
132	78	0.977542
132	85	0.953391
132	86	1.01707
132	89	1.03491
132	98	0.993895
132	105	1.04364
132	119	0.912441
132	121	1.02559
132	126	0.971978
132	130	1.01076
132	131	1.02059
132	137	1.08299
132	140	1.08792
132	148	1.05374
132	152	1.03343
132	157	1.02604
132	158	1.02905
132	159	1.01879
132	161	1.00855
132	164	1.37331
132	173	1.393
132	174	1.61631
132	176	2.12513
133	8	1.13207
133	25	1.26269
133	71	0.849393
133	73	1.09802
133	88	0.842732
133	90	1.23431
133	92	1.24173
133	93	1.10423
133	96	1.02131
133	119	1.1145
133	128	1.04405
133	134	1.02153
133	147	0.954462
133	148	1.01523
133	154	0.922961
133	155	0.976603
133	161	0.993899
133	163	0.92247
133	164	0.99088
133	167	0.895744
133	168	0.947674
133	169	0.911041
133	172	0.845185
133	173	0.94519
133	174	0.913712
133	175	0.904081
133	176	0.862158
133	178	0.877215
133	179	0.889778
133	180	0.89462
134	7	1.30507
134	24	1.22124
134	59	1.45741
134	65	0.43839
134	75	0.883652
134	85	1.19088
134	117	1.01127
134	128	1.04042
134	133	1.02153
134	135	0.947207
134	136	0.965699
134	140	1.00996
134	143	1.07572
134	144	1.0088
134	145	1.07335
134	149	1.00057
134	152	0.953073
134	159	0.873901
134	160	0.945624
134	167	0.892117
134	168	0.944047
134	170	0.944484
134	171	0.898385
134	172	0.841557
134	173	0.941563
134	174	0.910084
134	175	0.900453
134	176	0.858531
134	178	0.873588
134	180	0.890992
135	44	1.5629
135	48	0.973635
135	49	0.907682
135	53	1.72349
135	82	1.48628
135	89	1.33805
135	90	1.58106
135	113	0.844971
135	134	0.947207
135	138	0.932582
135	142	0.960022
135	148	0.940909
135	153	0.795528
135	154	0.848639
135	155	0.902281
135	156	0.85425
135	159	1.27493
135	162	0.939225
135	164	0.916558
135	166	0.849771
135	167	0.821422
135	169	0.836719
135	170	0.87379
135	171	0.827691
135	172	0.770863
135	175	0.829759
135	176	0.787836
135	177	0.861356
135	178	0.802893
135	179	0.815457
135	180	0.820298
136	19	1.0556
136	24	1.44708
136	42	1.06917
136	56	1.65225
136	67	1.40874
136	86	1.10409
136	107	0.99419
136	116	0.936539
136	126	1.56307
136	134	0.965699
136	137	0.966574
136	142	0.978514
136	145	1.02115
136	147	0.898632
136	148	0.959401
136	149	0.948372
136	154	0.867132
136	155	0.920774
136	160	0.893422
136	162	0.957718
136	164	0.935051
136	165	0.877339
136	167	0.839915
136	168	0.891845
136	169	0.855211
136	171	0.846183
136	172	0.789355
136	174	0.857882
136	176	0.806329
136	178	0.821386
136	180	0.838791
137	43	0.98597
137	53	1.32789
137	86	0.883694
137	117	1.01215
137	122	1.07797
137	124	0.923295
137	125	1.02735
137	127	1.23091
137	132	1.08299
137	136	0.966574
137	146	1.06017
137	149	1.00145
137	150	0.999211
137	152	0.958508
137	153	0.867097
137	155	0.973851
137	156	0.925819
137	157	0.938451
137	159	0.879337
137	165	0.930415
137	167	0.892992
137	168	0.944922
137	169	0.908288
137	170	0.945359
137	171	0.89926
137	172	0.842432
137	173	0.942438
137	176	0.859406
137	178	0.874463
137	179	0.887026
137	180	0.891867
138	29	1.27369
138	54	0.989349
138	58	1.04651
138	84	1.27282
138	85	1.27057
138	94	1.14018
138	104	0.96473
138	107	1.03177
138	113	0.901039
138	120	1.32001
138	135	0.932582
138	143	1.06109
138	145	1.05872
138	148	0.996978
138	149	0.985948
138	151	0.99096
138	159	0.953585
138	160	0.930999
138	162	0.995294
138	163	0.904217
138	166	0.90584
138	167	0.877491
138	169	0.892788
138	170	0.929858
138	171	0.883759
138	172	0.826931
138	173	0.926937
138	176	0.843905
138	177	0.917425
138	178	0.858962
138	179	0.871525
138	180	0.876367
139	5	1.42258
139	64	1.36597
139	88	0.961355
139	94	1.2334
139	108	0.992654
139	112	1.10128
139	113	0.90145
139	119	1.09666
139	123	0.998751
139	127	1.39838
139	129	1.06755
139	130	1.12439
139	148	0.997389
139	149	0.986359
139	150	0.984122
139	151	0.991371
139	153	0.852008
139	154	0.905119
139	164	0.973038
139	165	0.915326
139	166	0.906251
139	168	0.929832
139	169	0.893199
139	170	0.930269
139	171	0.88417
139	172	0.827342
139	173	0.927348
139	175	0.886239
139	176	0.844316
139	177	0.917836
139	178	0.859373
139	180	0.876778
140	53	1.33282
140	74	0.890583
140	76	1.43851
140	77	1.01623
140	94	1.07087
140	106	1.17412
140	119	1.10293
140	129	1.07383
140	132	1.08792
140	134	1.00996
140	142	1.02278
140	145	1.06541
140	147	0.942896
140	148	1.00366
140	160	0.937686
140	161	0.949989
140	163	0.910904
140	164	0.979314
140	165	0.921602
140	167	0.884178
140	168	0.936108
140	169	0.899475
140	170	0.936545
140	171	0.890446
140	172	0.833618
140	173	0.933624
140	174	0.902146
140	176	0.850592
140	178	0.865649
140	179	0.878212
140	180	0.883054
141	14	0.939853
141	43	0.988169
141	49	1.11946
141	66	1.0241
141	69	0.57762
141	72	1.01891
141	77	1.08676
141	78	0.988576
141	84	0.971882
141	86	1.02811
141	89	1.04595
141	97	1.03162
141	98	1.00493
141	100	0.941224
141	102	1.00571
141	108	1.02345
141	115	1.0038
141	116	1.34396
141	118	0.985496
