1	12	1.24553
1	14	1.13185
1	20	1.2089
1	29	1.18508
1	53	1.22404
1	83	1.28724
1	120	0.840732
1	122	0.540252
1	151	0.729965
1	152	1.20523
1	154	0.910664
1	165	1.13287
2	8	1.12942
2	15	1.1379
2	35	1.03857
2	41	1.04736
2	47	1.12541
2	54	1.08572
2	123	1.03953
2	150	1.03242
2	151	0.693654
2	155	1.01969
2	170	1.04741
2	174	1.14128
3	51	0.43506
3	101	1.15113
3	108	1.20585
3	113	1.23365
3	115	1.16933
3	125	1.20259
3	130	1.24361
3	135	1.23091
3	136	1.17707
3	141	0.920887
3	161	0.712367
3	164	0.9374
4	28	1.35846
4	31	1.38115
4	36	1.35609
4	49	1.33838
4	56	1.41789
4	146	1.39482
4	151	0.437265
4	152	1.39506
4	157	0.543392
4	161	0.504265
4	168	0.92816
4	170	0.791019
5	85	1.19302
5	87	1.19922
5	89	1.19217
5	92	1.19126
5	97	1.24841
5	98	1.25702
5	103	1.22438
5	124	0.665364
5	149	0.70881
5	151	0.599566
5	155	1.16109
5	172	1.07202
6	32	1.06923
6	51	0.75913
6	72	1.04852
6	75	1.04142
6	78	1.02748
6	86	1.08878
6	91	1.08866
6	93	1.0562
6	94	1.14305
6	139	0.888787
6	146	1.07937
6	160	1.19
7	22	1.2141
7	24	1.20038
7	43	1.24886
7	46	1.25159
7	59	1.17994
7	107	0.642149
7	138	1.24115
7	140	1.19906
7	160	1.11161
7	169	0.854455
7	172	0.706434
7	180	0.862807
8	2	1.12942
8	35	1.1912
8	41	1.19999
8	47	1.27805
8	54	1.23836
8	123	1.19217
8	143	0.639247
8	144	0.654255
8	150	1.18506
8	152	1.20683
8	160	0.869903
8	176	0.860729
9	27	1.22767
9	72	1.17942
9	75	1.17231
9	78	1.15838
9	86	1.21968
9	91	1.21956
9	93	1.1871
9	94	1.27395
9	134	0.681393
9	139	0.533174
9	143	0.603729
9	177	1.21387
10	16	1.18759
10	50	1.25368
10	57	1.21849
10	74	1.18397
10	82	1.25049
10	138	0.516301
10	153	0.541637
10	154	1.16907
10	165	1.14718
10	173	1.19913
10	177	1.14467
10	179	0.84481
11	100	0.796938
11	106	1.13954
11	110	1.04436
11	117	1.08496
11	125	1.04698
11	126	1.05089
11	129	1.03999
11	130	1.08799
11	135	1.07529
11	136	1.02145
11	167	0.932646
11	179	1.14125
12	1	1.24553
12	20	1.17558
12	29	1.15176
12	38	1.29953
12	53	1.19072
12	70	0.755292
12	83	1.25392
12	152	1.17191
12	160	0.61168
12	165	1.09955
12	177	0.991161
12	179	0.691301
13	27	1.22166
13	75	1.16631
13	78	1.15237
13	86	1.21367
13	91	1.21355
13	93	1.18109
13	94	1.26794
13	107	0.882809
13	146	1.20426
13	167	0.566216
13	170	0.828394
13	179	0.774822
14	1	1.13185
14	18	1.144
14	20	1.0619
14	29	1.03808
14	38	1.18585
14	53	1.07703
14	81	0.93065
14	132	1.06779
14	148	0.785748
14	152	1.05822
14	160	1.00849
14	165	0.985869
15	2	1.1379
15	35	1.19968
15	47	1.28652
15	54	1.24683
15	112	0.921864
15	127	0.669873
15	132	1.1342
15	144	0.673276
15	150	1.19353
15	152	1.2153
15	155	1.1808
15	175	0.75315
16	10	1.18759
16	39	1.0872
16	50	1.1338
16	57	1.09861
16	74	1.06409
16	82	1.13061
16	132	0.955619
16	165	1.0273
16	166	0.844383
16	173	1.07925
16	176	0.887138
17	21	1.24791
17	39	1.19984
17	50	1.24644
17	74	1.17673
17	82	1.24325
17	99	0.500659
17	119	0.758707
17	134	0.685404
17	154	1.16184
17	165	1.13994
17	172	1.09029
17	173	1.19189
18	14	1.144
18	20	1.22106
18	29	1.19724
18	38	1.34501
18	53	1.23619
18	81	1.08981
18	137	0.564095
18	152	1.21738
18	157	0.689482
18	165	1.14503
18	166	0.751987
18	174	1.03099
19	42	1.13528
19	85	1.1534
19	87	1.1596
19	89	1.15255
19	92	1.15164
19	97	1.20879
19	98	1.21739
19	103	1.18476
19	155	1.12146
19	161	0.691659
19	163	0.733428
19	170	0.978414
19	176	0.836047
20	1	1.2089
20	12	1.17558
20	14	1.0619
20	18	1.22106
20	29	1.11513
20	38	1.2629
20	53	1.15409
20	143	0.625321
20	144	0.640329
20	152	1.13528
20	165	1.06292
20	168	1.12631
20	176	0.846803
21	17	1.24791
21	34	1.15885
21	39	1.15476
21	57	1.16617
21	74	1.13165
21	82	1.19817
21	118	0.622339
21	149	0.69236
21	154	1.11675
21	165	1.09486
21	173	1.14681
21	176	0.794503
21	178	1.13904
22	7	1.2141
22	24	1.15976
22	43	1.20823
22	46	1.21096
22	59	1.13932
22	123	1.13788
22	131	1.12656
22	134	0.789107
22	147	1.15719
22	156	0.697849
22	159	0.919285
22	160	1.07099
22	163	0.830307
23	33	1.16644
23	55	1.10321
23	58	1.29864
23	60	1.17341
23	61	1.17611
23	65	1.13861
23	68	1.13827
23	76	1.1382
23	137	0.70479
23	144	0.728963
23	145	0.872785
23	150	1.15511
23	154	0.904749
24	7	1.20038
24	22	1.15976
24	43	1.19451
24	46	1.19724
24	59	1.1256
24	104	0.718728
24	128	0.84965
24	137	0.75109
24	138	1.18681
24	140	1.14471
24	146	1.13858
24	155	0.866278
24	160	1.05727
25	28	1.15732
25	31	1.18
25	36	1.15494
25	49	1.13723
25	56	1.21674
25	81	1.06634
25	118	0.792153
25	145	1.12856
25	146	1.19367
25	151	0.75293
25	152	1.19391
25	155	0.848859
25	167	0.844506
26	37	1.18014
26	45	1.26767
26	52	1.09832
26	63	1.17019
26	64	1.17328
26	66	1.14013
26	71	1.13961
26	73	1.13922
26	96	0.759136
26	147	0.744169
26	158	0.943527
26	161	0.764069
26	173	1.15457
27	9	1.22767
27	13	1.22166
27	72	1.11766
27	75	1.11056
27	78	1.09662
27	86	1.15793
27	91	1.1578
27	93	1.12535
27	94	1.21219
27	132	0.700359
27	162	0.469345
27	169	1.04097
27	180	1.04932
28	4	1.35846
28	25	1.15732
28	31	1.08109
28	36	1.05603
28	49	1.03832
28	56	1.11783
28	83	1.17702
28	99	0.676124
28	145	1.02965
28	146	1.09477
28	147	0.840399
28	152	1.095
28	160	1.01386
28	175	0.878087
29	1	1.18508
29	12	1.15176
29	14	1.03808
29	18	1.19724
29	20	1.11513
29	38	1.23908
29	53	1.13027
29	81	0.983884
29	152	1.11146
29	156	0.532756
29	159	0.754192
29	165	1.0391
29	174	1.00408
29	177	1.15649
30	52	1.19803
30	63	1.26991
30	64	1.273
30	66	1.23984
30	71	1.23933
30	73	1.23893
30	83	0.552187
30	99	0.558466
30	118	0.714864
30	120	1.28506
30	149	0.784885
30	154	1.22424
30	164	0.967674
30	173	1.25429
31	4	1.38115
31	25	1.18
31	28	1.08109
31	36	1.07872
31	49	1.06101
31	56	1.14052
31	81	0.990116
31	145	1.05233
31	146	1.11745
31	152	1.11769
31	162	0.569276
31	172	0.992875
31	178	1.07634
31	179	0.820604
32	6	1.06923
32	70	0.899355
32	72	1.09012
32	75	1.08302
32	78	1.06908
32	86	1.13038
32	91	1.13026
32	93	1.0978
32	94	1.18465
32	99	1.22039
32	120	1.13158
32	147	0.58228
32	164	0.827214
32	177	1.13522
33	23	1.16644
33	55	1.04749
33	58	1.24291
33	60	1.11768
33	61	1.12039
33	65	1.08289
33	68	1.08255
33	76	1.08248
33	109	0.687274
33	112	1.04091
33	118	1.18236
33	138	0.75908
33	145	0.936141
33	147	1.12581
34	21	1.15885
34	39	1.11078
34	50	1.15738
34	57	1.12219
34	74	1.08767
34	82	1.15419
34	90	0.657935
34	100	0.633141
34	116	1.1766
34	141	0.952793
34	154	1.07277
34	165	1.05088
34	168	1.16817
34	173	1.10283
35	2	1.03857
35	8	1.1912
35	15	1.19968
35	41	1.10914
35	47	1.18719
35	54	1.1475
35	116	0.809712
35	128	0.912912
35	132	1.03487
35	150	1.0942
35	152	1.11597
35	153	0.830622
35	155	1.08147
35	173	0.865168
36	4	1.35609
36	25	1.15494
36	28	1.05603
36	31	1.07872
36	49	1.03595
36	56	1.11546
36	83	1.17464
36	145	1.02727
36	146	1.09239
36	147	0.702779
36	152	1.09263
36	163	0.764448
36	169	1.27615
36	173	0.687236
37	26	1.18014
37	45	1.22945
37	52	1.0601
37	63	1.13198
37	64	1.13506
37	66	1.10191
37	71	1.10139
37	73	1.101
37	142	0.791364
37	154	1.0863
37	158	1.00209
37	162	0.804486
37	173	1.11636
37	175	0.84042
38	12	1.29953
38	14	1.18585
38	18	1.34501
38	20	1.2629
38	29	1.23908
38	53	1.27804
38	81	1.13165
38	119	0.527722
38	145	0.535584
38	152	1.25923
38	164	0.678883
38	165	1.18687
38	169	1.00732
38	172	0.859303
39	16	1.0872
39	17	1.19984
39	21	1.15476
39	34	1.11078
39	50	1.15329
39	57	1.1181
39	74	1.08358
39	82	1.15009
39	153	0.59846
39	165	1.04679
39	168	1.09235
39	172	1.0739
39	173	1.09874
39	175	0.686238
40	48	1.09256
40	67	1.30743
40	69	1.30703
40	77	1.18749
40	80	1.28438
40	84	1.25161
40	95	1.31695
40	102	1.28196
40	127	0.558156
40	144	0.561558
40	150	1.22464
40	157	0.662772
40	158	0.803103
40	174	1.00427
41	2	1.04736
41	8	1.19999
41	35	1.10914
41	47	1.19598
41	54	1.15629
41	123	1.1101
41	132	1.04366
41	142	0.714242
41	150	1.10299
41	152	1.12476
41	155	1.09026
41	157	0.784636
41	164	0.970542
41	179	0.978692
42	19	1.13528
42	85	1.10834
42	87	1.11455
42	89	1.10749
42	92	1.10659
42	97	1.16374
42	98	1.17234
42	103	1.1397
42	120	0.767563
42	138	1.15891
42	145	1.04556
42	157	0.762923
42	162	0.705651
42	178	1.21272
43	7	1.24886
43	22	1.20823
43	24	1.19451
43	46	1.24572
43	59	1.17407
43	83	0.388921
43	138	1.23529
43	140	1.19319
43	146	1.18705
43	147	1.19194
43	155	0.608303
43	160	1.10574
43	166	0.681007
43	168	1.00327
43	177	1.11242
44	48	1.06698
44	67	1.28185
44	69	1.28145
44	77	1.16191
44	84	1.22603
44	102	1.25638
44	114	0.555072
44	119	0.660503
44	128	1.19179
44	140	1.22673
44	150	1.19907
44	160	1.13929
44	163	0.628399
44	164	0.811664
44	180	1.14846
45	26	1.26767
45	37	1.22945
45	52	1.14763
45	63	1.21951
45	64	1.22259
45	66	1.18944
45	71	1.18892
45	73	1.18853
45	118	0.478797
45	119	0.580446
45	154	1.17383
45	173	1.20389
45	176	0.650961
45	177	1.03962
45	180	1.0684
46	7	1.25159
46	22	1.21096
46	24	1.19724
46	43	1.24572
46	59	1.1768
46	131	1.16404
46	138	1.23802
46	139	0.410902
46	142	0.527284
46	146	1.18978
46	147	1.19467
46	160	1.10847
46	171	0.870801
46	174	0.939181
46	178	1.04747
47	2	1.12541
47	8	1.27805
47	15	1.28652
47	35	1.18719
47	41	1.19598
47	54	1.23435
47	70	0.800438
47	120	0.54703
47	132	1.12172
47	150	1.18105
47	152	1.20282
47	155	1.16832
47	161	0.503263
47	168	0.927158
47	177	1.03631
48	40	1.09256
48	44	1.06698
48	67	1.03875
48	69	1.03836
48	77	0.918819
48	80	1.01571
48	84	0.982938
48	90	1.15089
48	95	1.04828
48	102	1.01329
48	104	0.96717
48	122	0.980518
48	131	0.951761
48	145	1.31897
48	160	0.896194
49	4	1.33838
49	25	1.13723
49	28	1.03832
49	31	1.06101
49	36	1.03595
49	56	1.09774
49	81	0.947345
49	83	1.15693
49	99	0.574703
49	112	0.94538
49	145	1.00956
49	146	1.07468
49	152	1.07492
49	166	0.86051
49	178	1.2478
50	10	1.25368
50	16	1.1338
50	17	1.24644
50	34	1.15738
50	39	1.15329
50	57	1.1647
50	74	1.13018
50	82	1.1967
50	122	0.630526
50	137	0.800979
50	148	0.818062
50	154	1.11529
50	155	0.916167
50	156	0.796549
50	165	1.09339
50	173	1.14534
51	3	0.43506
51	6	0.75913
51	73	0.528265
51	106	0.427613
51	115	0.588367
51	159	1.19253
51	162	1.24998
51	163	1.23198
51	167	1.23578
51	168	1.13614
51	169	1.10728
51	171	1.13164
51	172	1.13481
51	178	1.10625
51	179	1.15328
51	180	1.09696
52	26	1.09832
52	30	1.19803
52	37	1.0601
52	45	1.14763
52	63	1.05015
52	64	1.05324
52	66	1.02009
52	71	1.01957
52	73	1.01918
52	116	1.10831
52	154	1.00448
52	160	0.941733
52	162	0.770026
52	171	1.10042
52	173	1.03453
52	179	1.02135
53	1	1.22404
53	12	1.19072
53	14	1.07703
53	18	1.23619
53	20	1.15409
53	29	1.13027
53	38	1.27804
53	81	1.02284
53	83	1.23243
53	132	1.01272
53	137	0.71359
53	151	0.73285
53	152	1.15041
53	156	0.709161
53	165	1.07806
53	167	0.824426
54	2	1.08572
54	8	1.23836
54	15	1.24683
54	35	1.1475
54	41	1.15629
54	47	1.23435
54	123	1.14847
54	132	1.08203
54	150	1.14136
54	152	1.16313
54	155	1.12863
54	158	0.752848
54	167	0.597966
54	174	0.95402
54	175	0.591178
54	177	1.10643
55	23	1.10321
55	33	1.04749
55	58	1.17968
55	60	1.05445
55	61	1.05716
55	65	1.01966
55	68	1.01931
55	76	1.01925
55	99	1.15711
55	105	0.782855
55	128	0.928603
55	140	1.06382
55	147	1.06258
55	150	1.03616
55	170	1.20306
55	173	0.880859
56	4	1.41789
56	25	1.21674
56	28	1.11783
56	31	1.14052
56	36	1.11546
56	49	1.09774
56	81	1.02685
56	83	1.23644
56	134	0.835511
56	137	0.748682
56	138	0.739616
56	145	1.08907
56	146	1.15419
56	148	0.765765
56	149	0.877186
56	152	1.15443
57	10	1.21849
57	16	1.09861
57	21	1.16617
57	34	1.12219
57	39	1.1181
57	50	1.1647
57	74	1.09499
57	82	1.16151
57	112	0.957653
57	116	1.18392
57	143	0.694056
57	145	0.852886
57	154	1.0801
57	163	0.81292
57	165	1.0582
57	166	0.872783
57	173	1.11015
58	23	1.29864
58	33	1.24291
58	55	1.17968
58	60	1.24988
58	61	1.25258
58	65	1.21508
58	68	1.21474
58	76	1.21467
58	120	0.665936
58	138	0.526843
58	140	1.25925
58	145	0.703904
58	147	1.258
58	150	1.23158
58	155	0.651097
58	159	0.752916
58	168	1.04606
59	7	1.17994
59	22	1.13932
59	24	1.1256
59	43	1.17407
59	46	1.1768
59	123	1.10372
59	124	0.767325
59	131	1.09239
59	137	0.682266
59	138	1.16637
59	140	1.12427
59	146	1.11814
59	147	1.12303
59	157	0.807653
59	160	1.03683
59	165	0.843237
59	171	1.08078
60	23	1.17341
60	33	1.11768
60	55	1.05445
60	58	1.24988
60	61	1.12735
60	65	1.08985
60	68	1.08951
60	76	1.08944
60	99	1.2273
60	119	0.896422
60	140	1.13401
60	145	0.904284
60	147	1.13277
60	150	1.10635
60	151	0.755549
60	173	0.787105
60	175	0.840337
61	23	1.17611
61	33	1.12039
61	55	1.05716
61	58	1.25258
61	60	1.12735
61	65	1.09256
61	68	1.09222
61	76	1.09215
61	118	1.19203
61	124	0.729218
61	140	1.13672
61	147	1.13548
61	150	1.10906
61	154	0.844119
61	155	0.759348
61	165	0.805131
61	171	1.04267
62	79	1.08312
62	88	1.13068
62	110	1.12932
62	111	1.11756
62	117	1.16992
62	121	1.15332
62	124	0.715567
62	125	1.13194
62	126	1.13585
62	127	0.651279
62	129	1.12495
62	130	1.17295
62	135	1.16025
62	136	1.10641
62	166	0.818401
62	175	0.734556
62	180	1.2786
63	26	1.17019
63	30	1.26991
63	37	1.13198
63	45	1.21951
63	52	1.05015
63	64	1.12512
63	66	1.09196
63	71	1.09145
63	73	1.09105
63	116	1.18018
63	124	0.680699
63	128	0.694201
63	133	1.01187
63	141	0.890421
63	154	1.07635
63	173	1.10641
63	179	0.915083
64	26	1.17328
64	30	1.273
64	37	1.13506
64	45	1.22259
64	52	1.05324
64	63	1.12512
64	66	1.09505
64	71	1.09453
64	73	1.09414
64	120	1.14027
64	132	0.815903
64	154	1.07944
64	157	0.642161
64	166	0.704667
64	170	0.889789
64	173	1.1095
64	180	1.16486
65	23	1.13861
65	33	1.08289
65	55	1.01966
65	58	1.21508
65	60	1.08985
65	61	1.09256
65	68	1.05472
65	76	1.05465
65	90	0.707376
65	99	1.19251
65	118	1.15453
65	119	0.867587
65	140	1.09922
65	145	0.87545
65	147	1.09798
65	150	1.07156
65	154	0.907414
65	164	1.01875
66	26	1.14013
66	30	1.23984
66	37	1.10191
66	45	1.18944
66	52	1.02009
66	63	1.09196
66	64	1.09505
66	71	1.06138
66	73	1.06099
66	100	0.656997
66	116	1.15011
66	120	1.10711
66	154	1.04629
66	157	0.807255
66	163	0.809897
66	167	0.792705
66	173	1.07634
66	180	1.32996
67	40	1.30743
67	44	1.28185
67	48	1.03875
67	69	1.25322
67	77	1.13368
67	80	1.23057
67	84	1.1978
67	95	1.26315
67	102	1.22815
67	118	0.690137
67	140	1.1985
67	141	0.926434
67	150	1.17084
67	156	0.627224
67	160	1.11106
67	162	0.699769
67	163	0.759683
67	176	0.862301
68	23	1.13827
68	33	1.08255
68	55	1.01931
68	58	1.21474
68	60	1.08951
68	61	1.09222
68	65	1.05472
68	76	1.05431
68	99	1.19217
68	112	0.934196
68	118	1.15419
68	122	0.490981
68	140	1.09888
68	147	1.09764
68	150	1.07121
68	162	0.729549
68	168	1.17159
68	171	1.05994
69	40	1.30703
69	44	1.28145
69	48	1.03836
69	67	1.25322
69	77	1.13329
69	80	1.23018
69	84	1.19741
69	95	1.26275
69	102	1.22776
69	107	0.867833
69	118	0.498887
69	131	1.16623
69	133	0.856636
69	140	1.19811
69	157	0.56579
69	160	1.11066
69	168	0.950558
69	171	0.838913
70	12	0.755292
70	32	0.899355
70	47	0.800438
70	90	1.11687
70	136	0.982809
70	153	1.15738
70	158	1.03713
70	164	1.03048
70	167	1.08591
70	170	0.997257
70	172	0.984938
70	174	0.983929
70	175	1.07801
70	176	1.03559
70	177	0.960645
70	178	0.956375
70	179	1.00341
70	180	0.947087
71	26	1.13961
71	30	1.23933
71	37	1.10139
71	45	1.18892
71	52	1.01957
71	63	1.09145
71	64	1.09453
71	66	1.06138
71	73	1.06047
71	83	0.618571
71	116	1.1496
71	120	1.1066
71	138	0.713698
71	154	1.04577
71	165	0.883735
71	172	1.21448
71	173	1.07583
71	176	0.953412
72	6	1.04852
72	9	1.17942
72	27	1.11766
72	32	1.09012
72	75	1.06231
72	78	1.04837
72	86	1.10967
72	90	0.722394
72	91	1.10955
72	93	1.07709
72	94	1.16394
72	96	0.803799
72	99	1.19968
72	107	1.1499
72	120	1.11087
72	127	0.743243
72	128	1.07146
72	176	0.95312
73	26	1.13922
73	30	1.23893
73	37	1.101
73	45	1.18853
73	51	0.528265
73	52	1.01918
73	63	1.09105
73	64	1.09414
73	66	1.06099
73	71	1.06047
73	116	1.14921
73	120	1.1062
73	124	0.80437
73	141	1.01409
73	154	1.04538
73	159	0.936318
73	173	1.07543
73	176	0.949959
74	10	1.18397
74	16	1.06409
74	17	1.17673
74	21	1.13165
74	34	1.08767
74	39	1.08358
74	50	1.13018
74	57	1.09499
74	82	1.12699
74	116	1.1494
74	147	0.847215
74	148	0.79794
74	154	1.04557
74	159	0.997863
74	162	0.848971
74	165	1.02368
74	173	1.07563
74	175	0.884904
75	6	1.04142
75	9	1.17231
75	13	1.16631
75	27	1.11056
75	32	1.08302
75	72	1.06231
75	78	1.04127
75	86	1.10257
75	91	1.10245
75	93	1.06999
75	94	1.15684
75	99	1.19258
75	109	0.564399
75	133	1.0615
75	146	1.09316
75	155	0.76046
75	161	0.731531
75	169	1.28501
76	23	1.1382
76	33	1.08248
76	55	1.01925
76	58	1.21467
76	60	1.08944
76	61	1.09215
76	65	1.05465
76	68	1.05431
76	99	1.1921
76	109	0.666436
76	118	1.15412
76	139	0.685918
76	140	1.09881
76	147	1.09757
76	150	1.07115
76	161	0.833568
76	162	0.815422
76	180	1.39539
77	40	1.18749
77	44	1.16191
77	48	0.918819
77	67	1.13368
77	69	1.13329
77	80	1.11064
77	84	1.07787
77	95	1.14321
77	102	1.10821
77	128	1.04363
77	131	1.04669
77	134	0.70029
77	140	1.07857
77	143	0.622626
77	150	1.0509
77	160	0.991123
77	169	1.2532
77	172	1.10518
77	179	0.932904
78	6	1.02748
78	9	1.15838
78	13	1.15237
78	27	1.09662
78	32	1.06908
78	72	1.04837
78	75	1.04127
78	86	1.08863
78	91	1.08851
78	93	1.05605
78	94	1.1429
78	104	0.700995
78	120	1.08983
78	128	1.05042
78	146	1.07922
78	147	0.799716
78	161	0.819617
78	170	1.10637
78	171	1.13187
79	62	1.08312
79	104	0.838793
79	105	0.823967
79	108	1.09155
79	110	1.08568
79	111	1.07392
79	113	1.11935
79	115	1.05504
79	121	1.10968
79	125	1.0883
79	126	1.09221
79	129	1.08131
79	130	1.12931
79	132	1.00444
79	135	1.11661
79	136	1.06277
79	147	0.937514
79	148	0.888239
79	165	1.03213
80	40	1.28438
80	48	1.01571
80	67	1.23057
80	69	1.23018
80	77	1.11064
80	95	1.2401
80	102	1.20511
80	104	1.15899
80	114	0.615164
80	120	0.690489
80	128	1.14052
80	131	1.14358
80	140	1.17546
80	150	1.14779
80	159	0.77747
80	160	1.08801
80	166	0.748355
80	176	0.79111
80	178	1.13564
81	14	0.93065
81	18	1.08981
81	25	1.06634
81	29	0.983884
81	31	0.990116
81	38	1.13165
81	49	0.947345
81	53	1.02284
81	56	1.02685
81	121	1.02816
81	122	0.841678
81	129	0.999799
81	135	1.03509
81	136	0.981257
81	152	1.00403
81	156	1.0077
81	165	0.931673
81	166	1.20002
81	170	1.38514
82	10	1.25049
82	16	1.13061
82	17	1.24325
82	21	1.19817
82	34	1.15419
82	39	1.15009
82	50	1.1967
82	57	1.16151
82	74	1.12699
82	116	1.21592
82	149	0.737225
82	151	0.627981
82	154	1.11209
82	161	0.694981
82	165	1.0902
82	166	0.796613
82	167	0.719557
82	173	1.14215
82	178	1.1839
83	1	1.28724
83	12	1.25392
83	28	1.17702
83	30	0.552187
83	36	1.17464
83	43	0.388921
83	49	1.15693
83	53	1.23243
83	56	1.23644
83	71	0.618571
83	88	0.593701
83	95	0.571272
83	129	0.61799
83	165	1.14126
83	167	1.19667
83	174	1.09469
83	178	1.06713
83	179	1.11417
83	180	1.05785
84	40	1.25161
84	44	1.22603
84	48	0.982938
84	67	1.1978
84	69	1.19741
84	77	1.07787
84	95	1.20733
84	102	1.17233
84	104	1.12622
84	116	0.70127
84	128	1.10775
84	131	1.11081
84	140	1.14269
84	149	0.834414
84	150	1.11502
84	156	0.70148
84	160	1.05524
84	173	0.756726
84	176	0.936558
84	179	1.02535
85	5	1.19302
85	19	1.1534
85	42	1.10834
85	87	1.13267
85	89	1.12561
85	92	1.12471
85	97	1.18186
85	98	1.19046
85	103	1.15782
85	104	1.11846
85	118	1.19023
85	138	1.17702
85	143	0.607073
85	145	1.06367
85	153	0.614178
85	155	1.09453
85	166	0.785801
85	172	1.08962
85	175	0.701956
85	178	1.17309
86	6	1.08878
86	9	1.21968
86	13	1.21367
86	27	1.15793
86	32	1.13038
86	72	1.10967
86	75	1.10257
86	78	1.08863
86	91	1.14981
86	93	1.11735
86	94	1.2042
86	120	1.15113
86	128	1.11172
86	138	0.671267
86	143	0.689498
86	146	1.14053
86	158	0.946051
86	163	0.808362
86	170	1.05335
86	175	0.784381
87	5	1.19922
87	19	1.1596
87	42	1.11455
87	85	1.13267
87	89	1.13182
87	92	1.13091
87	97	1.18806
87	98	1.19666
87	103	1.16403
87	104	1.12466
87	114	0.592456
87	123	0.63425
87	131	1.10925
87	138	1.18323
87	145	1.06988
87	154	0.737714
87	155	1.10073
87	160	0.777577
87	169	1.17749
87	172	1.02947
88	62	1.13068
88	83	0.593701
88	101	1.08439
88	106	1.22842
88	110	1.13324
88	111	1.12148
88	113	1.1669
88	115	1.10259
88	117	1.17384
88	121	1.15723
88	123	0.794389
88	126	1.13977
88	129	1.12887
88	130	1.17687
88	135	1.16416
88	136	1.11033
88	137	0.697894
88	138	0.688828
88	154	0.897853
88	171	1.0964
89	5	1.19217
89	19	1.15255
89	42	1.10749
89	85	1.12561
89	87	1.13182
89	92	1.12386
89	97	1.18101
89	98	1.18961
89	103	1.15697
89	105	0.582689
89	107	1.05731
89	118	1.18938
89	127	0.650648
89	131	1.1022
89	138	1.17617
89	145	1.06282
89	151	0.649137
89	155	1.09368
89	161	0.716137
89	180	1.27796
90	34	0.657935
90	48	1.15089
90	65	0.707376
90	70	1.11687
90	72	0.722394
90	136	0.599297
90	141	1.07437
90	142	1.1682
90	157	1.1528
90	167	1.12867
90	168	1.02903
90	170	1.04001
90	171	1.02453
90	174	1.02669
90	175	1.12077
90	176	1.07835
90	177	1.0034
90	178	0.999132
90	179	1.04617
90	180	0.989844
91	6	1.08866
91	9	1.21956
91	13	1.21355
91	27	1.1578
91	32	1.13026
91	72	1.10955
91	75	1.10245
91	78	1.08851
91	86	1.14981
91	93	1.11723
91	94	1.20408
91	120	1.15101
91	128	1.1116
91	146	1.14041
91	149	0.627657
91	156	0.494723
91	168	1.00931
91	174	0.966042
91	176	0.7298
91	180	1.14724
92	5	1.19126
92	19	1.15164
92	42	1.10659
92	85	1.12471
92	87	1.13091
92	89	1.12386
92	97	1.1801
92	98	1.1887
92	100	0.569239
92	103	1.15607
92	118	1.18848
92	128	0.692671
92	131	1.10129
92	138	1.17527
92	139	0.532721
92	145	1.06192
92	155	1.09277
92	164	0.905404
92	169	1.23385
92	171	0.99262
93	6	1.0562
93	9	1.1871
93	13	1.18109
93	27	1.12535
93	32	1.0978
93	72	1.07709
93	75	1.06999
93	78	1.05605
93	86	1.11735
93	91	1.11723
93	94	1.17162
93	99	1.20737
93	120	1.11855
93	128	1.07914
93	142	0.797186
93	146	1.10795
93	160	0.982015
93	162	0.810308
93	165	0.903164
93	167	0.85303
93	173	0.793009
94	6	1.14305
94	9	1.27395
94	13	1.26794
94	27	1.21219
94	32	1.18465
94	72	1.16394
94	75	1.15684
94	78	1.1429
94	86	1.2042
94	91	1.20408
94	93	1.17162
94	99	1.29421
94	116	0.501802
94	118	0.564925
94	128	1.16599
94	133	0.922675
94	146	1.1948
94	160	0.746264
94	164	0.817735
94	175	0.61049
94	180	1.15453
95	40	1.31695
95	48	1.04828
95	67	1.26315
95	69	1.26275
95	77	1.14321
95	80	1.2401
95	83	0.571272
95	84	1.20733
95	102	1.23768
95	104	1.19156
95	114	0.730167
95	120	0.805492
95	128	1.17309
95	131	1.17615
95	140	1.20803
95	150	1.18036
95	156	0.671036
95	160	1.12059
95	166	0.863358
95	173	0.726282
95	175	0.779513
96	26	0.759136
96	72	0.803799
96	101	0.833725
96	123	1.10829
96	124	1.15002
96	132	1.04185
96	135	0.649067
96	136	0.680702
96	156	1.18404
96	164	1.05058
96	167	1.10601
96	168	1.00637
96	170	1.01735
96	172	1.00503
96	174	1.00402
96	175	1.0981
96	176	1.05568
96	177	0.98074
96	178	0.97647
96	179	1.02351
96	180	0.967182
97	5	1.24841
97	19	1.20879
97	42	1.16374
97	85	1.18186
97	87	1.18806
97	89	1.18101
97	92	1.1801
97	98	1.24586
97	103	1.21322
97	104	1.17385
97	118	1.24563
97	131	1.15844
97	134	0.553743
97	138	1.23242
97	142	0.521907
97	155	1.14993
97	156	0.462484
97	168	0.977069
97	170	0.839928
97	174	0.933804
97	178	1.0421
98	5	1.25702
98	19	1.21739
98	42	1.17234
98	85	1.19046
98	87	1.19666
98	89	1.18961
98	92	1.1887
98	97	1.24586
98	103	1.22182
98	104	1.18245
98	109	0.502756
98	118	1.25423
98	131	1.16704
98	141	0.878409
98	145	1.12767
98	147	0.649988
98	153	0.599898
98	155	1.15853
98	163	0.711657
98	172	1.07534
98	179	0.903071
99	17	0.500659
99	28	0.676124
99	30	0.558466
99	32	1.22039
99	49	0.574703
99	55	1.15711
99	60	1.2273
99	65	1.19251
99	68	1.19217
99	72	1.19968
99	75	1.19258
99	76	1.1921
99	93	1.20737
99	94	1.29421
99	111	0.560651
99	135	0.469825
99	152	0.586305
99	174	1.11185
99	176	1.16351
99	177	1.08857
99	178	1.0843
99	180	1.07501
100	11	0.796938
100	34	0.633141
100	66	0.656997
100	92	0.569239
100	101	0.727526
100	131	0.706208
100	148	1.18373
100	157	1.18633
100	158	1.11341
100	159	1.11894
100	166	1.11983
100	167	1.16219
100	168	1.06255
100	170	1.07354
100	171	1.05805
100	172	1.06122
100	175	1.15429
100	176	1.11187
100	177	1.03693
100	178	1.03266
100	179	1.0797
100	180	1.02337
101	3	1.15113
101	88	1.08439
101	96	0.833725
101	100	0.727526
101	106	1.17821
101	108	1.08891
101	110	1.08303
101	111	1.07128
101	113	1.1167
101	115	1.05239
101	117	1.12364
101	121	1.10703
101	124	0.837456
101	125	1.08565
101	126	1.08956
101	129	1.07866
101	130	1.12666
101	135	1.11396
101	136	1.06012
101	165	0.913369
101	167	0.863234
101	175	0.856446
102	40	1.28196
102	44	1.25638
102	48	1.01329
102	67	1.22815
102	69	1.22776
102	77	1.10821
102	80	1.20511
102	84	1.17233
102	95	1.23768
102	104	1.15657
102	123	0.726466
102	128	1.13809
102	131	1.14116
102	140	1.17303
102	144	0.654144
102	149	0.758475
102	150	1.14537
102	159	0.846978
102	160	1.08559
102	173	0.680787
102	174	1.09686
102	175	0.734019
103	5	1.22438
103	19	1.18476
103	42	1.1397
103	85	1.15782
103	87	1.16403
103	89	1.15697
103	92	1.15607
103	97	1.21322
103	98	1.22182
103	104	1.14982
103	109	0.695465
103	118	1.22159
103	122	0.605884
103	131	1.13441
103	134	0.863166
103	138	1.20838
103	139	0.714948
103	143	0.785503
103	145	1.09503
103	155	1.12589
103	159	0.993344
103	173	0.827153
104	24	0.718728
104	48	0.96717
104	78	0.700995
104	79	0.838793
104	80	1.15899
104	84	1.12622
104	85	1.11846
104	87	1.12466
104	95	1.19156
104	97	1.17385
104	98	1.18245
104	102	1.15657
104	103	1.14982
104	106	0.586298
104	130	0.572195
104	134	1.15981
104	135	0.535378
104	163	1.10028
104	171	0.99994
104	172	1.00311
104	179	1.02158
104	180	0.965257
105	55	0.782855
105	79	0.823967
105	89	0.582689
105	108	0.689425
105	130	0.557369
105	135	0.520552
105	149	1.17844
105	153	1.23428
105	163	1.159
105	166	1.12044
105	167	1.1628
105	168	1.06316
105	169	1.0343
105	171	1.05866
105	172	1.06183
105	174	1.06082
105	175	1.1549
105	176	1.11248
105	177	1.03754
105	178	1.03327
105	179	1.0803
105	180	1.02398
106	11	1.13954
106	51	0.427613
106	88	1.22842
106	101	1.17821
106	104	0.586298
106	108	1.23294
106	111	1.21531
106	113	1.26073
106	115	1.19642
106	116	0.61402
106	117	1.26767
106	121	1.25106
106	125	1.22968
106	126	1.23359
106	127	0.639431
106	129	1.22269
106	130	1.27069
106	135	1.25799
106	136	1.20415
106	144	0.642833
106	160	0.858482
106	163	0.746688
106	171	1.01717
107	7	0.642149
107	13	0.882809
107	69	0.867833
107	72	1.1499
107	89	1.05731
107	124	1.10924
107	142	1.10476
107	153	1.1367
107	156	1.14326
107	157	1.08936
107	162	1.07942
107	163	1.06142
107	169	0.93672
107	170	0.97657
107	171	0.961082
107	172	0.964251
107	174	0.963242
107	175	1.05732
107	176	1.0149
107	177	0.939958
107	178	0.935688
107	179	0.982725
107	180	0.9264
108	3	1.20585
108	79	1.09155
108	101	1.08891
108	105	0.689425
108	106	1.23294
108	110	1.13776
108	111	1.126
108	113	1.17142
108	114	0.791314
108	115	1.10711
108	117	1.17836
108	121	1.16175
108	125	1.14037
108	126	1.14429
108	129	1.13339
108	130	1.18139
108	135	1.16868
108	136	1.11485
108	137	0.736613
108	148	0.753696
108	151	0.755873
108	158	1.00233
108	173	0.787429
109	33	0.687274
109	75	0.564399
109	76	0.666436
109	98	0.502756
109	103	0.695465
109	110	0.600937
109	126	0.559298
109	144	1.24339
109	151	1.2484
109	156	1.26207
109	158	1.13525
109	161	1.22184
109	162	1.19823
109	163	1.18023
109	164	1.1286
109	168	1.08439
109	171	1.07989
109	172	1.08306
109	175	1.17613
109	176	1.13371
109	178	1.0545
109	179	1.10153
109	180	1.04521
110	11	1.04436
110	62	1.12932
110	79	1.08568
110	88	1.13324
110	101	1.08303
110	108	1.13776
110	109	0.600937
110	111	1.12013
110	113	1.16555
110	115	1.10124
110	116	0.67717
110	117	1.17249
110	121	1.15588
110	125	1.1345
110	126	1.13841
110	129	1.12751
110	130	1.17551
110	135	1.16281
110	136	1.10897
110	138	0.672743
110	149	0.810314
110	171	1.08032
110	176	0.912457
110	179	1.00125
111	62	1.11756
111	79	1.07392
111	88	1.12148
111	99	0.560651
111	101	1.07128
111	106	1.21531
111	108	1.126
111	110	1.12013
111	113	1.15379
111	115	1.08948
111	117	1.16073
111	121	1.14412
111	123	0.755061
111	125	1.12274
111	126	1.12666
111	129	1.11576
111	130	1.16376
111	135	1.15105
111	136	1.09721
111	142	0.713559
111	153	0.674836
111	155	0.773755
111	179	0.978009
111	180	1.30665
112	15	0.921864
112	33	1.04091
112	49	0.94538
112	57	0.957653
112	68	0.934196
112	143	1.14628
112	145	1.02158
112	154	1.03648
112	158	1.02122
112	161	1.1078
112	163	1.06619
112	167	1.06999
112	168	0.970355
112	169	0.94149
112	170	0.981341
112	171	0.965853
112	172	0.969022
112	174	0.968013
112	175	1.06209
112	176	1.01967
112	177	0.944729
112	178	0.940459
112	179	0.987496
112	180	0.931171
113	3	1.23365
113	79	1.11935
113	88	1.1669
113	101	1.1167
113	106	1.26073
113	108	1.17142
113	110	1.16555
113	111	1.15379
113	115	1.1349
113	117	1.20615
113	121	1.18955
113	122	0.519134
113	125	1.16816
113	126	1.17208
113	129	1.16118
113	130	1.20918
113	135	1.19648
113	136	1.14264
113	138	0.680521
113	139	0.628197
113	157	0.814974
113	165	0.850558
113	171	1.0881
113	173	0.740403
113	176	0.920234
114	44	0.555072
114	80	0.615164
114	87	0.592456
114	95	0.730167
114	108	0.791314
114	117	0.618062
114	127	1.24625
114	131	0.78578
114	154	1.13174
114	161	1.20306
114	162	1.17945
114	163	1.16145
114	164	1.10982
114	167	1.16525
114	168	1.06562
114	169	1.03675
114	170	1.0766
114	171	1.06111
114	172	1.06428
114	175	1.15735
114	176	1.11493
114	177	1.03999
114	178	1.03572
114	179	1.08276
114	180	1.02643
115	3	1.16933
115	51	0.588367
115	79	1.05504
115	88	1.10259
115	101	1.05239
115	106	1.19642
115	108	1.10711
115	110	1.10124
115	111	1.08948
115	113	1.1349
115	117	1.14184
115	118	0.837897
115	121	1.12523
115	125	1.10385
115	126	1.10777
115	129	1.09687
115	130	1.14487
115	132	1.02
115	135	1.13216
115	136	1.07833
115	155	0.894602
115	157	0.904801
115	163	0.907442
115	165	0.940385
115	175	0.883462
116	34	1.1766
116	35	0.809712
116	52	1.10831
116	57	1.18392
116	63	1.18018
116	66	1.15011
116	71	1.1496
116	73	1.14921
116	74	1.1494
116	82	1.21592
116	84	0.70127
116	94	0.501802
116	106	0.61402
116	110	0.67717
116	121	0.59522
116	140	0.583121
116	165	1.11261
116	166	1.12566
116	169	1.03952
116	173	1.16456
116	176	1.1177
116	177	1.04276
116	179	1.08552
116	180	1.0292
117	11	1.08496
117	62	1.16992
117	88	1.17384
117	101	1.12364
117	106	1.26767
117	108	1.17836
117	110	1.17249
117	111	1.16073
117	113	1.20615
117	114	0.618062
117	115	1.14184
117	121	1.19648
117	125	1.1751
117	126	1.17902
117	128	0.661922
117	129	1.16812
117	130	1.21612
117	135	1.20341
117	136	1.14957
117	147	0.629721
117	161	0.649621
117	165	0.724333
117	167	0.674198
117	169	1.2031
117	170	0.936375
118	21	0.622339
118	25	0.792153
118	30	0.714864
118	33	1.18236
118	45	0.478797
118	61	1.19203
118	65	1.15453
118	67	0.690137
118	68	1.15419
118	69	0.498887
118	76	1.15412
118	85	1.19023
118	89	1.18938
118	92	1.18848
118	94	0.564925
118	97	1.24563
118	98	1.25423
118	103	1.22159
118	115	0.837897
118	150	1.17103
118	162	1.19006
118	174	1.07388
118	177	1.05059
118	178	1.04632
118	179	1.09336
118	180	1.03703
119	17	0.758707
119	38	0.527722
119	44	0.660503
119	45	0.580446
119	60	0.896422
119	65	0.867587
119	122	1.2408
119	134	1.18988
119	140	0.747894
119	144	1.19351
119	149	1.1498
119	161	1.17196
119	163	1.13035
119	164	1.07872
119	166	1.09179
119	167	1.13415
119	168	1.03451
119	169	1.00565
119	171	1.03001
119	172	1.03318
119	174	1.03217
119	175	1.12625
119	176	1.08383
119	177	1.00889
119	179	1.05166
119	180	0.99533
120	1	0.840732
120	30	1.28506
120	32	1.13158
120	42	0.767563
120	47	0.54703
120	58	0.665936
120	64	1.14027
120	66	1.10711
120	71	1.1066
120	72	1.11087
120	73	1.1062
120	78	1.08983
120	80	0.690489
120	86	1.15113
120	91	1.15101
120	93	1.11855
120	95	0.805492
120	130	0.734583
120	167	1.12502
120	169	0.996516
120	171	1.02088
120	173	1.12156
120	177	0.999755
120	178	0.995485
120	179	1.04252
120	180	0.986197
121	62	1.15332
121	79	1.10968
121	81	1.02816
121	88	1.15723
121	101	1.10703
121	106	1.25106
121	108	1.16175
121	110	1.15588
121	111	1.14412
121	113	1.18955
121	115	1.12523
121	116	0.59522
121	117	1.19648
121	123	0.696355
121	125	1.15849
121	126	1.16241
121	127	0.620631
121	129	1.15151
121	130	1.19951
121	135	1.1868
121	136	1.13297
121	147	0.666219
121	159	0.816867
121	162	0.667975
121	174	1.06675
121	178	1.17504
122	1	0.540252
122	48	0.980518
122	50	0.630526
122	68	0.490981
122	81	0.841678
122	103	0.605884
122	113	0.519134
122	119	1.2408
122	136	0.428922
122	144	1.26371
122	156	1.28239
122	157	1.22849
122	159	1.1611
122	163	1.20055
122	164	1.14892
122	166	1.16199
122	169	1.07585
122	170	1.1157
122	172	1.10338
122	174	1.10237
122	175	1.19645
122	176	1.15403
122	177	1.07909
122	178	1.07482
122	179	1.12185
122	180	1.06553
123	2	1.03953
123	8	1.19217
123	22	1.13788
123	41	1.1101
123	54	1.14847
123	59	1.10372
123	87	0.63425
123	88	0.794389
123	96	1.10829
123	102	0.726466
123	111	0.755061
123	121	0.696355
123	129	0.818679
123	135	0.664235
123	140	1.12283
123	146	1.1167
123	147	1.12159
123	150	1.09517
123	152	1.11694
123	155	1.08244
123	159	1.05674
123	160	1.03539
123	168	1.00036
123	170	1.01134
123	177	0.97473
123	179	1.0175
123	180	0.961171
124	5	0.665364
124	59	0.767325
124	61	0.729218
124	62	0.715567
124	63	0.680699
124	73	0.80437
124	96	1.15002
124	101	0.837456
124	107	1.10924
124	143	1.218
124	145	1.09331
124	156	1.21976
124	158	1.09294
124	162	1.15592
124	163	1.13792
124	165	1.08631
124	166	1.09936
124	168	1.04208
124	169	1.01322
124	172	1.04075
124	174	1.03974
124	175	1.13382
124	176	1.0914
124	177	1.01646
124	178	1.01219
124	180	1.0029
125	3	1.20259
125	11	1.04698
125	62	1.13194
125	79	1.0883
125	101	1.08565
125	106	1.22968
125	108	1.14037
125	110	1.1345
125	111	1.12274
125	113	1.16816
125	115	1.10385
125	117	1.1751
125	121	1.15849
125	126	1.14103
125	129	1.13013
125	130	1.17813
125	132	1.05326
125	135	1.16542
125	136	1.11159
125	154	0.801939
125	155	0.717169
125	158	0.867698
125	163	0.730009
125	164	0.913273
125	167	0.712817
125	175	0.706028
125	177	1.22128
126	11	1.05089
126	62	1.13585
126	79	1.09221
126	88	1.13977
126	101	1.08956
126	106	1.23359
126	108	1.14429
126	109	0.559298
126	110	1.13841
126	111	1.12666
126	113	1.17208
126	115	1.10777
126	117	1.17902
126	121	1.16241
126	125	1.14103
126	129	1.13404
126	130	1.18204
126	132	1.05717
126	135	1.16934
126	136	1.1155
126	138	0.631104
126	149	0.768674
126	154	0.840129
126	164	0.951463
126	173	0.690986
126	174	1.10706
126	179	0.959613
127	15	0.669873
127	40	0.558156
127	62	0.651279
127	72	0.743243
127	89	0.650648
127	106	0.639431
127	114	1.24625
127	121	0.620631
127	143	1.25499
127	152	0.704991
127	153	1.25018
127	157	1.20284
127	160	1.1141
127	162	1.19291
127	164	1.12328
127	166	1.13635
127	167	1.17871
127	168	1.07907
127	169	1.0502
127	170	1.09006
127	171	1.07457
127	174	1.07673
127	175	1.17081
127	176	1.12839
127	177	1.05344
127	179	1.09621
127	180	1.03989
128	24	0.84965
128	35	0.912912
128	44	1.19179
128	55	0.928603
128	63	0.694201
128	72	1.07146
128	77	1.04363
128	78	1.05042
128	80	1.14052
128	84	1.10775
128	86	1.11172
128	91	1.1116
128	92	0.692671
128	93	1.07914
128	94	1.16599
128	95	1.17309
128	102	1.13809
128	117	0.661922
128	136	0.697935
128	160	1.021
128	163	1.08181
128	164	1.03018
128	168	0.98597
128	171	0.981467
128	174	0.983627
128	177	0.960344
128	179	1.00311
128	180	0.946785
129	11	1.03999
129	62	1.12495
129	79	1.08131
129	81	0.999799
129	83	0.61799
129	88	1.12887
129	101	1.07866
129	106	1.22269
129	108	1.13339
129	110	1.12751
129	111	1.11576
129	113	1.16118
129	115	1.09687
129	117	1.16812
129	121	1.15151
129	123	0.818679
129	125	1.13013
129	126	1.13404
129	130	1.17114
129	132	1.04627
129	135	1.15844
129	136	1.1046
129	141	1.01696
129	143	0.731349
129	153	0.738454
129	158	0.987902
129	161	0.808443
129	175	0.826231
130	3	1.24361
130	11	1.08799
130	62	1.17295
130	79	1.12931
130	88	1.17687
130	101	1.12666
130	104	0.572195
130	105	0.557369
130	106	1.27069
130	108	1.18139
130	110	1.17551
130	111	1.16376
130	113	1.20918
130	115	1.14487
130	117	1.21612
130	120	0.734583
130	121	1.19951
130	125	1.17813
130	126	1.18204
130	129	1.17114
130	134	0.691386
130	135	1.20644
130	136	1.1526
130	148	0.62164
130	165	0.765528
130	173	0.655373
130	175	0.708605
130	177	1.22386
131	22	1.12656
131	46	1.16404
131	48	0.951761
131	59	1.09239
131	69	1.16623
131	77	1.04669
131	80	1.14358
131	84	1.11081
131	87	1.10925
131	89	1.1022
131	92	1.10129
131	95	1.17615
131	97	1.15844
131	98	1.16704
131	100	0.706208
131	102	1.14116
131	103	1.13441
131	114	0.78578
131	133	1.14731
131	138	1.15361
131	140	1.11151
131	142	0.786072
131	144	0.755253
131	146	1.10538
131	147	1.11026
131	153	0.747349
131	167	0.841916
131	173	0.781895
132	14	1.06779
132	15	1.1342
132	16	0.955619
132	27	0.700359
132	35	1.03487
132	41	1.04366
132	47	1.12172
132	53	1.01272
132	54	1.08203
132	64	0.815903
132	79	1.00444
132	96	1.04185
132	115	1.02
132	125	1.05326
132	126	1.05717
132	129	1.04627
132	136	1.02773
132	140	0.886889
132	152	1.0505
132	155	1.016
132	160	0.968948
132	164	0.978124
132	171	0.929413
132	175	1.02565
132	176	0.983233
132	178	0.90402
132	179	0.951056
132	180	0.894731
133	63	1.01187
133	69	0.856636
133	75	1.0615
133	94	0.922675
133	131	1.14731
133	143	1.11877
133	144	1.10185
133	149	1.05813
133	156	1.12052
133	157	1.06662
133	158	0.99371
133	161	1.08029
133	166	1.00013
133	167	1.04249
133	168	0.942849
133	169	0.913984
133	170	0.953835
133	171	0.938347
133	172	0.941516
133	174	0.940507
133	175	1.03459
133	176	0.992167
133	177	0.917223
133	178	0.912953
133	180	0.903665
134	9	0.681393
134	17	0.685404
134	22	0.789107
134	56	0.835511
134	77	0.70029
134	97	0.553743
134	103	0.863166
134	104	1.15981
134	119	1.18988
134	130	0.691386
134	151	1.21781
134	153	1.22491
134	158	1.10466
134	159	1.11019
134	161	1.19124
134	162	1.16764
134	163	1.14964
134	165	1.09803
134	166	1.11108
134	168	1.0538
134	169	1.02494
134	170	1.06479
134	171	1.0493
134	172	1.05247
134	174	1.05146
134	177	1.02817
134	178	1.0239
134	179	1.07094
134	180	1.01462
135	3	1.23091
135	11	1.07529
135	62	1.16025
135	79	1.11661
135	81	1.03509
135	88	1.16416
135	96	0.649067
135	99	0.469825
135	101	1.11396
135	104	0.535378
135	105	0.520552
135	106	1.25799
135	108	1.16868
135	110	1.16281
135	111	1.15105
135	113	1.19648
135	115	1.13216
135	117	1.20341
135	121	1.1868
135	123	0.664235
135	125	1.16542
135	126	1.16934
135	129	1.15844
135	130	1.20644
135	136	1.1399
135	154	0.767699
135	167	0.678576
135	170	0.940754
135	180	1.21583
136	3	1.17707
136	11	1.02145
136	62	1.10641
136	70	0.982809
136	79	1.06277
136	81	0.981257
136	88	1.11033
136	90	0.599297
136	96	0.680702
136	101	1.06012
136	106	1.20415
136	108	1.11485
136	110	1.10897
136	111	1.09721
136	113	1.14264
136	115	1.07833
136	117	1.14957
136	121	1.13297
136	122	0.428922
136	125	1.11159
136	126	1.1155
136	128	0.697935
136	129	1.1046
136	130	1.1526
136	132	1.02773
136	135	1.1399
136	156	0.594945
136	172	1.09109
136	177	1.21868
137	18	0.564095
137	23	0.70479
137	24	0.75109
137	50	0.800979
137	53	0.71359
137	56	0.748682
137	59	0.682266
137	88	0.697894
137	108	0.736613
137	141	1.1061
137	143	1.23667
137	148	1.18193
137	149	1.17603
137	153	1.23187
137	158	1.11161
137	159	1.11714
137	161	1.1982
137	162	1.17459
137	164	1.10496
137	166	1.11803
137	167	1.16039
137	168	1.06075
137	169	1.03189
137	170	1.07174
137	171	1.05625
137	172	1.05942
137	174	1.05841
137	175	1.15249
137	177	1.03513
137	178	1.03086
137	179	1.07789
137	180	1.02157
138	7	1.24115
138	10	0.516301
138	24	1.18681
138	33	0.75908
138	42	1.15891
138	43	1.23529
138	46	1.23802
138	56	0.739616
138	58	0.526843
138	59	1.16637
138	71	0.713698
138	85	1.17702
138	86	0.671267
138	87	1.18323
138	88	0.688828
138	89	1.17617
138	92	1.17527
138	97	1.23242
138	103	1.20838
138	110	0.672743
138	113	0.680521
138	126	0.631104
138	131	1.15361
138	146	1.17935
138	160	1.09804
138	170	1.07399
138	171	1.05851
138	175	1.15475
138	176	1.11233
138	177	1.03738
138	178	1.03311
138	179	1.08015
138	180	1.02382
139	6	0.888787
139	9	0.533174
139	46	0.410902
139	76	0.685918
139	92	0.532721
139	103	0.714948
139	113	0.628197
139	140	0.526371
139	142	1.22657
139	146	0.627384
139	149	1.20267
139	150	0.567341
139	153	1.2585
139	155	1.16947
139	156	1.26507
139	157	1.21117
139	159	1.14378
139	161	1.22484
139	162	1.20123
139	163	1.18323
139	164	1.1316
139	166	1.14467
139	169	1.05853
139	170	1.09838
139	171	1.08289
139	172	1.08606
139	174	1.08505
139	175	1.17913
139	176	1.13671
139	177	1.06177
139	178	1.0575
139	179	1.10453
139	180	1.04821
140	7	1.19906
140	24	1.14471
140	43	1.19319
140	44	1.22673
140	55	1.06382
140	58	1.25925
140	59	1.12427
140	60	1.13401
140	61	1.13672
140	65	1.09922
140	67	1.1985
140	68	1.09888
140	69	1.19811
140	76	1.09881
140	77	1.07857
140	80	1.17546
140	84	1.14269
140	95	1.20803
140	102	1.17303
140	116	0.583121
140	119	0.747894
140	123	1.12283
140	131	1.11151
140	132	0.886889
140	139	0.526371
140	147	1.14214
140	153	0.604031
140	154	0.78772
140	159	0.804768
140	160	1.05594
140	165	0.748732
140	167	0.698597
140	178	1.16294
141	3	0.920887
141	34	0.952793
141	63	0.890421
141	67	0.926434
141	73	1.01409
141	90	1.07437
