1	56	0.802937
1	57	0.817752
1	63	0.789183
1	65	0.872699
1	102	1.77659
1	152	0.824571
1	158	0.839875
1	163	0.834051
1	173	0.924933
1	176	3.81078
1	178	0.807674
2	21	0.701568
2	37	0.746754
2	60	2.30301
2	69	0.763392
2	74	0.696044
2	82	0.687689
2	87	0.738439
2	89	0.738357
2	90	0.727441
2	137	0.738024
2	166	3.63978
2	180	0.690291
3	46	0.724416
3	86	0.715751
3	94	0.701886
3	104	0.696281
3	107	0.776845
3	109	0.731679
3	137	0.723548
3	138	0.681266
3	158	0.730094
3	163	0.724269
3	175	3.31711
3	180	2.93157
4	69	0.844742
4	74	0.777394
4	82	0.769039
4	87	0.819789
4	89	0.819707
4	90	0.80879
4	92	3.50914
4	126	0.782175
4	140	0.81838
4	157	1.12366
4	174	2.08064
4	180	0.771641
5	7	0.868277
5	9	0.958397
5	18	0.958009
5	26	0.860455
5	41	0.919345
5	108	0.930761
5	125	0.845248
5	128	0.89501
5	135	1.29743
5	156	2.78604
5	161	1.38668
5	171	2.07269
6	19	0.697268
6	22	0.697174
6	56	0.706185
6	57	0.721
6	63	0.692431
6	65	0.775948
6	97	3.84288
6	134	2.1596
6	152	0.72782
6	158	0.743123
6	163	0.737299
6	178	0.710923
7	5	0.868277
7	9	0.760407
7	18	0.760019
7	26	0.662465
7	41	0.721355
7	108	0.732771
7	113	0.698956
7	125	0.647258
7	126	0.6848
7	128	0.69702
7	159	2.68401
7	180	3.55165
8	30	0.839549
8	53	0.794239
8	60	1.18862
8	70	0.774081
8	96	0.804727
8	105	0.80117
8	112	0.823537
8	122	0.803146
8	124	0.797357
8	130	2.63841
8	138	2.8724
8	180	0.770692
9	5	0.958397
9	7	0.760407
9	18	0.850139
9	26	0.752585
9	41	0.811475
9	102	0.750135
9	113	0.789076
9	115	1.89947
9	126	0.77492
9	128	0.787141
9	135	2.09347
9	171	2.86873
10	24	0.736879
10	46	0.722028
10	86	0.713363
10	94	0.699499
10	104	0.693893
10	107	0.774458
10	109	0.729292
10	120	0.701936
10	137	0.721161
10	143	3.26963
10	158	0.727706
10	169	2.92242
11	47	1.68066
11	53	0.801619
11	70	0.781461
11	81	0.830784
11	98	0.811829
11	102	0.76382
11	122	0.810525
11	124	0.804736
11	148	1.95642
11	162	0.826642
11	175	3.26094
11	180	0.778072
12	20	0.709423
12	31	0.690242
12	35	2.98945
12	52	0.726467
12	64	0.771362
12	81	0.740979
12	96	0.722302
12	105	0.718745
12	124	0.714932
12	151	2.92835
12	162	0.736838
12	180	0.688267
13	68	3.13971
13	130	0.671958
13	131	0.672023
13	135	0.687472
13	141	0.686757
13	154	0.677289
13	156	0.615499
13	166	0.646755
13	171	0.651205
13	172	0.62068
13	173	0.682491
13	179	0.597876
14	121	3.86916
14	144	0.685416
14	164	0.650116
14	167	0.641418
14	169	0.71031
14	171	0.67745
14	172	0.646924
14	175	0.654649
14	176	0.626729
14	179	0.624121
14	180	0.66311
15	42	0.710908
15	54	0.700972
15	59	0.748236
15	67	0.744594
15	75	0.730828
15	84	0.706054
15	85	0.706175
15	152	0.716228
15	153	0.717006
15	162	0.725823
15	166	3.0886
15	173	3.01658
16	62	1.81722
16	78	0.72077
16	82	0.713165
16	90	0.752916
16	105	1.81606
16	118	0.756391
16	136	0.738672
16	170	0.695454
16	174	0.723918
16	175	0.707306
16	179	0.676778
16	180	0.715767
17	65	4.09549
17	139	0.668278
17	144	0.6711
17	146	0.708724
17	154	0.689218
17	165	0.647533
17	167	0.627102
17	171	0.663134
17	174	0.656945
17	176	0.612414
17	177	0.639524
17	179	0.609805
18	5	0.958009
18	7	0.760019
18	9	0.850139
18	26	0.752198
18	41	0.811088
18	102	0.749747
18	108	0.822504
18	113	0.788689
18	123	2.15831
18	125	0.736991
18	148	1.80877
18	174	2.82267
19	6	0.697268
19	22	0.694998
19	51	2.49284
19	56	0.704009
19	57	0.718824
19	63	0.690255
19	65	0.773771
19	140	0.733408
19	157	3.4087
19	158	0.740947
19	163	0.735123
19	178	0.708746
20	12	0.709423
20	33	2.85253
20	45	0.74263
20	53	0.72295
20	98	0.73316
20	105	0.72988
20	122	0.731856
20	124	0.726067
20	125	0.672394
20	153	0.739156
20	161	3.31687
20	180	0.699402
21	2	0.701568
21	37	0.745985
21	69	0.762624
21	74	0.695276
21	82	0.686921
21	87	0.73767
21	89	0.737589
21	90	0.726672
21	140	0.736262
21	147	1.67984
21	179	4.50377
21	180	0.689523
22	6	0.697174
22	19	0.694998
22	56	0.703915
22	57	0.718731
22	63	0.690161
22	65	0.773678
22	88	3.0091
22	110	2.65521
22	152	0.72555
22	158	0.740853
22	163	0.735029
22	178	0.708653
23	46	1.00625
23	63	0.759549
23	75	0.809539
23	84	0.784765
23	85	0.784886
23	124	1.20628
23	137	1.14702
23	159	0.790599
23	163	0.804417
23	173	0.801589
23	176	0.719583
23	177	0.746692
23	178	0.778041
24	10	0.736879
24	39	0.790699
24	55	0.760484
24	94	0.767768
24	101	1.85006
24	104	0.762163
24	107	0.842727
24	109	0.797561
24	120	0.770205
24	148	1.81159
24	158	0.795976
24	163	0.790151
24	170	3.51943
25	29	1.54393
25	84	0.783108
25	85	0.783229
25	105	0.784784
25	112	0.807152
25	114	0.796046
25	117	0.796003
25	150	0.714527
25	152	0.793281
25	165	3.46339
25	173	2.25053
25	178	0.776384
25	180	0.754306
26	5	0.860455
26	7	0.662465
26	9	0.752585
26	18	0.752198
26	41	0.713534
26	102	0.652193
26	108	0.724949
26	113	0.691135
26	115	1.81629
26	125	0.639437
26	126	0.676978
26	128	0.689199
26	176	4.80112
27	49	0.772027
27	59	0.811171
27	67	0.807529
27	75	0.793763
27	84	0.768989
27	85	0.76911
27	126	2.05047
27	132	0.729239
27	142	2.1513
27	152	0.779162
27	153	0.779941
27	162	0.788758
27	177	3.07952
28	66	0.766301
28	77	0.807201
28	93	1.70524
28	99	0.782454
28	116	0.760812
28	121	0.786072
28	127	0.777391
28	129	0.789008
28	133	0.787571
28	136	0.775316
28	153	0.792164
28	157	2.17304
28	174	3.13002
29	25	1.54393
29	93	0.822577
29	118	1.11158
29	119	1.28882
29	151	0.810155
29	156	0.755368
29	168	0.759371
29	172	0.760549
29	173	0.82236
29	174	0.784885
29	175	0.768274
29	177	0.767464
29	179	0.737745
30	8	0.839549
30	36	0.729238
30	70	0.750492
30	81	0.799815
30	112	0.799948
30	122	0.779557
30	124	0.773768
30	153	0.786856
30	162	0.795674
30	165	2.35279
30	167	3.06887
30	174	1.87868
30	180	0.747103
31	12	0.690242
31	45	0.723449
31	52	0.718421
31	53	0.703768
31	98	0.713978
31	105	0.710698
31	112	0.733066
31	122	0.712674
31	124	0.706885
31	146	2.88873
31	153	0.719974
31	178	3.57783
31	180	0.680221
32	39	0.718272
32	46	0.717871
32	55	0.688057
32	86	0.709205
32	94	0.695341
32	104	0.689735
32	107	0.7703
32	109	0.725134
32	134	2.3397
32	138	0.674721
32	158	0.723548
32	163	0.717724
32	175	4.11067
33	20	2.85253
33	86	1.60722
33	88	0.770862
33	92	0.680305
33	111	0.736872
33	154	0.737065
33	157	0.741405
33	167	0.674949
33	172	0.680455
33	173	0.742266
33	175	0.68818
33	177	0.68737
33	179	0.657651
34	92	0.626167
34	119	5.03709
34	138	0.647954
34	151	0.675923
34	166	0.652392
34	168	0.625139
34	169	0.689703
34	170	0.62219
34	172	0.626317
34	173	0.688128
34	174	0.650653
34	175	0.634042
34	177	0.633232
34	179	0.603513
35	12	2.98945
35	66	1.97578
35	83	0.68717
35	130	0.731312
35	141	0.746111
35	149	0.704648
35	157	0.740984
35	164	0.683226
35	171	0.71056
35	174	0.70437
35	175	0.687759
35	176	0.659839
35	177	0.686949
35	179	0.657231
36	30	0.729238
36	64	0.743476
36	70	0.66377
36	81	0.713093
36	96	0.694416
36	105	0.690859
36	112	0.713226
36	122	0.692835
36	124	0.687046
36	130	3.59237
36	145	3.44739
36	153	0.700134
36	162	0.708952
36	180	0.660381
37	2	0.746754
37	21	0.745985
37	69	0.807809
37	74	0.740462
37	82	0.732106
37	87	0.782856
37	89	0.782775
37	90	0.771858
37	132	2.59263
37	137	0.782442
37	140	0.781447
37	175	2.42506
37	177	2.71667
37	180	0.734709
38	58	0.759025
38	62	0.68103
38	71	3.9564
38	80	0.664197
38	91	0.7032
38	95	0.693678
38	103	0.682663
38	106	0.730559
38	113	2.94463
38	114	0.706057
38	117	0.706014
38	158	0.718596
38	162	0.712888
38	178	0.686395
39	24	0.790699
39	32	0.718272
39	55	0.746035
39	86	0.767183
39	94	0.753319
39	102	3.42563
39	104	0.747713
39	107	0.828278
39	109	0.783112
39	132	0.716299
39	137	0.774981
39	146	1.81857
39	148	2.29882
39	158	0.781526
40	49	2.30911
40	70	2.13256
40	71	0.677751
40	76	0.726815
40	159	0.726999
40	161	0.72711
40	164	0.679369
40	169	0.739563
40	172	0.676178
40	173	0.737989
40	174	0.700514
40	175	0.683902
40	176	0.655983
40	179	0.653374
41	5	0.919345
41	7	0.721355
41	9	0.811475
41	18	0.811088
41	26	0.713534
41	102	0.711083
41	108	0.783839
41	110	1.61774
41	113	0.750025
41	125	0.698327
41	126	0.735868
41	128	0.748089
41	141	2.51302
41	180	3.28237
42	15	0.710908
42	49	0.743741
42	54	0.735621
42	59	0.782885
42	67	0.779243
42	75	0.765477
42	84	0.740703
42	85	0.740824
42	101	2.12221
42	119	0.74136
42	152	0.750876
42	153	0.751655
42	162	0.760472
42	169	2.21808
42	177	3.67986
43	44	2.20007
43	68	0.801939
43	116	0.730463
43	118	0.762686
43	121	0.755722
43	127	0.747041
43	129	0.758659
43	133	0.757221
43	136	0.744966
43	142	0.735606
43	150	0.682282
43	151	2.64308
43	152	0.761036
43	163	0.770515
43	178	3.07768
44	43	2.20007
44	96	0.877917
44	112	1.52442
44	164	0.738089
44	165	0.749822
44	166	0.760973
44	167	0.729391
44	171	0.765423
44	172	0.734898
44	173	0.796709
44	176	0.714703
44	177	0.741812
44	178	0.773161
44	179	0.712094
44	180	0.751083
45	20	0.74263
45	31	0.723449
45	70	0.724863
45	81	0.774186
45	96	0.755509
45	98	0.755231
45	105	0.751952
45	108	0.779979
45	122	0.753928
45	123	2.30041
45	124	0.748139
45	141	2.10049
45	162	0.770045
45	164	3.63031
45	180	0.721474
46	3	0.724416
46	10	0.722028
46	23	1.00625
46	32	0.717871
46	55	0.745633
46	86	0.766782
46	94	0.752918
46	104	0.747312
46	107	0.827876
46	109	0.782711
46	111	2.84193
46	132	0.715898
46	138	0.732298
46	163	0.775301
46	175	3.54372
47	11	1.68066
47	80	1.55715
47	107	1.31198
47	147	0.766158
47	154	0.788389
47	156	0.726598
47	160	0.737308
47	165	0.746704
47	166	0.757854
47	167	0.726273
47	170	0.727652
47	171	0.762305
47	173	0.79359
47	177	0.738694
47	179	0.708975
48	68	4.33971
48	76	0.666335
48	115	0.675783
48	131	0.66704
48	149	0.640311
48	155	0.62514
48	157	0.676647
48	169	0.679083
48	170	0.61157
48	173	0.677508
48	174	0.640033
48	175	0.623422
48	176	0.595502
48	177	0.622612
48	179	0.592894
49	27	0.772027
49	40	2.30911
49	42	0.743741
49	54	0.733804
49	59	0.781068
49	67	0.777426
49	75	0.763661
49	84	0.738887
49	85	0.739008
49	119	0.739543
49	132	0.699137
49	153	0.749838
49	159	2.32082
49	161	2.7289
49	162	0.758656
50	66	0.737046
50	77	0.777946
50	78	0.72816
50	79	0.778012
50	99	0.753199
50	118	0.763781
50	121	0.756817
50	127	0.748136
50	129	0.759754
50	133	0.758316
50	136	0.746061
50	142	0.736701
50	160	3.30713
50	178	2.04831
50	180	2.75844
51	19	2.49284
51	100	1.50621
51	101	0.780822
51	121	1.22414
51	141	0.787966
51	149	0.746503
51	156	0.716708
51	161	0.772821
51	164	0.725081
51	170	0.717761
51	174	0.746225
51	175	0.729614
51	176	0.701694
51	177	0.728804
51	179	0.699085
51	180	0.738075
52	12	0.726467
52	31	0.718421
52	70	0.719836
52	96	0.750482
52	98	0.750204
52	105	0.746924
52	108	0.774951
52	112	0.769292
52	122	0.7489
52	124	0.743111
52	135	2.83973
52	142	3.13746
52	148	2.46956
52	150	0.676667
52	153	0.7562
52	180	0.716446
53	8	0.794239
53	11	0.801619
53	20	0.72295
53	31	0.703768
53	64	0.784889
53	70	0.705183
53	81	0.754505
53	88	2.44395
53	96	0.735829
53	98	0.735551
53	102	0.687542
53	122	0.734247
53	134	2.36926
53	144	3.22035
53	162	0.750364
53	180	0.701794
54	15	0.700972
54	42	0.735621
54	49	0.733804
54	59	0.772949
54	67	0.769306
54	75	0.755541
54	84	0.730767
54	85	0.730888
54	119	0.731423
54	132	0.691017
54	152	0.74094
54	153	0.741719
54	162	0.750536
54	168	3.7595
54	178	2.01493
54	180	2.72507
55	24	0.760484
55	32	0.688057
55	39	0.746035
55	46	0.745633
55	86	0.736968
55	94	0.723104
55	104	0.717498
55	107	0.798062
55	109	0.752897
55	126	3.13527
55	128	2.86426
55	132	0.686084
55	140	0.743772
55	151	2.34244
55	158	0.751311
55	163	0.745487
56	1	0.802937
56	6	0.706185
56	19	0.704009
56	22	0.703915
56	57	0.727741
56	60	0.769715
56	63	0.699172
56	65	0.782689
56	139	2.79408
56	140	0.742325
56	152	0.734561
56	158	0.749864
56	159	2.21209
56	163	0.74404
56	175	3.46527
56	178	0.717664
57	1	0.817752
57	6	0.721
57	19	0.718824
57	22	0.718731
57	56	0.727741
57	63	0.713987
57	65	0.797504
57	138	2.56494
57	140	0.75714
57	152	0.749376
57	158	0.76468
57	163	0.758855
57	165	3.35877
57	173	2.14591
57	178	0.732479
58	38	0.759025
58	62	0.789666
58	80	0.772832
58	91	0.811836
58	95	0.802314
58	101	1.69131
58	103	0.791299
58	106	0.839195
58	111	2.25556
58	114	0.814693
58	117	0.814649
58	132	3.12492
58	143	2.13439
58	158	0.827231
58	162	0.821524
58	178	0.795031
59	15	0.748236
59	27	0.811171
59	42	0.782885
59	49	0.781068
59	54	0.772949
59	67	0.81657
59	73	1.85213
59	75	0.802805
59	84	0.778031
59	85	0.778152
59	132	0.738281
59	152	0.788204
59	153	0.788983
59	162	0.7978
59	169	1.4733
59	173	1.61411
59	179	4.65974
60	2	2.30301
60	8	1.18862
60	56	0.769715
60	63	0.755961
60	103	0.770721
60	114	0.794115
60	117	0.794071
60	127	1.46179
60	143	0.773294
60	163	0.800829
60	168	0.735011
60	176	0.715994
60	178	0.774452
60	179	0.713386
61	68	0.733155
61	77	0.708067
61	78	0.658281
61	79	0.708132
61	99	0.68332
61	100	0.68741
61	116	0.661679
61	118	0.693902
61	121	0.686938
61	123	4.00399
61	129	0.689875
61	133	0.688437
61	136	0.676182
61	138	0.658728
61	147	4.15131
61	150	0.613498
61	163	0.701731
62	16	1.81722
62	38	0.68103
62	58	0.789666
62	80	0.694838
62	91	0.733841
62	95	0.72432
62	103	0.713304
62	106	0.7612
62	114	0.736698
62	117	0.736655
62	142	0.708503
62	148	0.737107
62	157	2.7509
62	158	0.749237
62	162	0.743529
62	178	0.717036
62	180	3.61295
63	1	0.789183
63	6	0.692431
63	19	0.690255
63	22	0.690161
63	23	0.759549
63	56	0.699172
63	57	0.713987
63	60	0.755961
63	65	0.768935
63	128	2.27632
63	140	0.728571
63	150	4.78722
63	151	1.7545
63	152	0.720807
63	158	0.73611
63	163	0.730286
63	178	0.70391
64	12	0.771362
64	36	0.743476
64	53	0.784889
64	81	0.814053
64	96	0.795377
64	98	0.795098
64	112	0.814187
64	122	0.793795
64	124	0.788006
64	150	0.721562
64	153	0.801095
64	162	0.809912
64	171	2.02311
64	176	4.03867
64	177	2.4738
64	178	1.08652
64	180	0.761341
65	1	0.872699
65	6	0.775948
65	17	4.09549
65	19	0.773771
65	22	0.773678
65	56	0.782689
65	57	0.797504
65	63	0.768935
65	97	1.85167
65	110	0.871736
65	140	0.812087
65	149	1.86147
65	152	0.804323
65	158	0.819627
65	163	0.813803
65	178	0.787426
66	28	0.766301
66	35	1.97578
66	50	0.737046
66	68	0.772013
66	99	0.722178
66	100	0.726268
66	121	0.725796
66	127	0.717115
66	129	0.728733
66	133	0.727295
66	136	0.71504
66	138	0.697587
66	142	0.70568
66	148	0.734284
66	163	0.74059
66	164	3.81989
66	178	2.34928
67	15	0.744594
67	27	0.807529
67	42	0.779243
67	49	0.777426
67	54	0.769306
67	59	0.81657
67	75	0.799162
67	84	0.774389
67	85	0.77451
67	111	1.45133
67	119	0.775045
67	152	0.784562
67	153	0.78534
67	160	2.31628
67	162	0.794158
67	167	3.0527
67	168	2.80202
68	13	3.13971
68	43	0.801939
68	48	4.33971
68	61	0.733155
68	66	0.772013
68	88	0.890259
68	99	0.788166
68	100	0.792256
68	116	0.766525
68	118	0.798748
68	121	0.791784
68	129	0.794721
68	133	0.793283
68	136	0.781029
68	148	0.800272
68	153	0.797877
68	180	0.924393
69	2	0.763392
69	4	0.844742
69	21	0.762624
69	37	0.807809
69	74	0.7571
69	82	0.748745
69	87	0.799494
69	89	0.799413
69	90	0.788496
69	119	0.780805
69	130	1.2506
69	137	0.79908
69	140	0.798086
69	150	3.59737
69	155	2.77948
69	175	2.09492
69	180	0.751347
70	8	0.774081
70	11	0.781461
70	30	0.750492
70	36	0.66377
70	40	2.13256
70	45	0.724863
70	52	0.719836
70	53	0.705183
70	83	3.80042
70	98	0.715392
70	105	0.712113
70	108	0.74014
70	112	0.734481
70	122	0.714089
70	125	0.654627
70	147	2.58978
70	153	0.721389
70	180	0.681635
71	38	3.9564
71	40	0.677751
71	101	0.706382
71	143	0.684553
71	146	0.723564
71	149	0.672063
71	151	0.697054
71	161	0.698381
71	162	2.57186
71	166	0.673524
71	168	0.646271
71	169	0.710834
71	170	0.643321
71	171	0.677974
71	174	0.671785
71	175	0.655173
71	176	0.627254
71	179	0.624645
72	78	2.97008
72	88	0.733469
72	123	0.683072
72	134	0.716026
72	146	0.719177
72	154	0.699671
72	161	0.693994
72	163	2.83051
72	165	0.657987
72	167	0.637555
72	168	0.641884
72	169	0.706447
72	170	0.638934
72	173	0.704873
72	174	0.667398
72	176	0.622867
72	177	0.649977
72	179	0.620258
73	59	1.85213
73	133	2.12087
73	143	0.73146
73	146	0.770471
73	147	0.728735
73	156	0.689174
73	157	0.755305
73	158	1.83863
73	166	0.72043
73	168	0.693177
73	169	0.757741
73	170	0.690228
73	172	0.694355
73	173	0.756166
73	174	0.718691
73	175	0.70208
73	177	0.70127
73	179	0.671552
74	2	0.696044
74	4	0.777394
74	21	0.695276
74	37	0.740462
74	69	0.7571
74	82	0.681397
74	87	0.732147
74	89	0.732065
74	90	0.721148
74	108	1.28452
74	113	0.708689
74	119	0.713457
74	126	0.694533
74	137	0.731732
74	140	0.730738
74	172	3.89235
74	177	3.89593
74	180	0.683999
75	15	0.730828
75	23	0.809539
75	27	0.793763
75	42	0.765477
75	49	0.763661
75	54	0.755541
75	59	0.802805
75	67	0.799162
75	84	0.760623
75	85	0.760744
75	113	1.46493
75	132	0.720873
75	142	1.81
75	152	0.770796
75	153	0.771575
75	162	0.780392
75	171	2.28753
75	179	4.46288
76	40	0.726815
76	48	0.666335
76	137	2.4907
76	144	0.735004
76	150	0.672918
76	152	1.8629
76	154	0.753122
76	157	0.757463
76	160	0.702042
76	162	1.34799
76	164	0.699704
76	165	0.711437
76	169	0.759898
76	170	0.692385
76	171	0.727038
76	174	0.720849
76	176	0.676318
76	177	0.703427
76	179	0.673709
77	28	0.807201
77	50	0.777946
77	61	0.708067
77	78	0.738039
77	79	0.787891
77	99	0.763078
77	116	0.741437
77	118	0.77366
77	127	0.758016
77	129	0.769633
77	136	0.755941
77	138	0.738487
77	139	2.18744
77	142	0.74658
77	149	2.78073
77	152	0.772011
77	163	0.78149
77	165	3.04212
77	180	2.47309
78	16	0.72077
78	50	0.72816
78	61	0.658281
78	72	2.97008
78	77	0.738039
78	99	0.713292
78	100	0.717382
78	116	0.691651
78	118	0.723874
78	121	0.71691
78	127	0.708229
78	129	0.719847
78	133	0.718409
78	136	0.706154
78	137	0.730983
78	142	0.696794
78	144	1.51169
78	152	0.722224
78	179	4.44783
79	50	0.778012
79	61	0.708132
79	77	0.787891
79	100	0.767233
79	116	0.741502
79	118	0.773725
79	121	0.766762
79	127	0.758081
79	129	0.769698
79	133	0.768261
79	136	0.756006
79	137	0.780834
79	141	1.97751
79	148	0.775249
79	150	0.693321
79	159	1.87922
79	163	0.781555
79	170	3.53572
79	174	2.84178
80	38	0.664197
80	47	1.55715
80	58	0.772832
80	62	0.694838
80	91	0.717008
80	95	0.707486
80	103	0.696471
80	106	0.744367
80	114	0.719865
80	117	0.719822
80	120	0.706633
80	128	0.700879
80	142	0.69167
80	143	2.31447
80	148	0.720273
80	158	0.732404
80	162	0.726696
80	178	0.700203
80	179	5.1537
81	11	0.830784
81	12	0.740979
81	30	0.799815
81	36	0.713093
81	45	0.774186
81	53	0.754505
81	64	0.814053
81	96	0.764993
81	97	2.70545
81	112	0.783803
81	122	0.763412
81	124	0.757623
81	125	0.70395
81	131	1.94952
81	150	0.691178
81	153	0.770711
81	172	3.08118
81	174	2.50254
81	180	0.730958
82	2	0.687689
82	4	0.769039
82	16	0.713165
82	21	0.686921
82	37	0.732106
82	69	0.748745
82	74	0.681397
82	87	0.723791
82	89	0.72371
82	90	0.712793
82	113	0.700334
82	119	0.705102
82	125	3.24447
82	126	0.686177
82	137	0.723377
82	140	0.722383
82	142	2.47361
82	167	4.0098
82	180	0.675644
83	35	0.68717
83	70	3.80042
83	147	0.68739
83	151	0.702617
83	154	0.70962
83	155	0.662454
83	160	0.65854
83	161	0.703943
83	163	2.69497
83	164	0.656202
83	165	0.667936
83	168	0.651833
83	170	0.648883
83	173	0.714822
83	174	0.677347
83	175	0.660736
83	177	0.659926
83	179	0.630207
84	15	0.706054
84	23	0.784765
84	25	0.783108
84	27	0.768989
84	42	0.740703
84	49	0.738887
84	54	0.730767
84	59	0.778031
84	67	0.774389
84	75	0.760623
84	85	0.73597
84	119	0.736506
84	130	2.13785
84	132	0.696099
84	149	2.90427
84	152	0.746022
84	153	0.746801
84	155	3.66673
84	161	2.13707
84	162	0.755618
85	15	0.706175
85	23	0.784886
85	25	0.783229
85	27	0.76911
85	42	0.740824
85	49	0.739008
85	54	0.730888
85	59	0.778152
85	67	0.77451
85	75	0.760744
85	84	0.73597
85	119	0.736627
85	132	0.69622
85	149	2.94857
85	152	0.746143
85	153	0.746922
85	162	0.755739
85	167	3.92604
85	173	1.99711
85	178	1.9308
86	3	0.715751
86	10	0.713363
86	32	0.709205
86	33	1.60722
86	39	0.767183
86	46	0.766782
86	55	0.736968
86	94	0.744252
86	104	0.738647
86	107	0.819211
86	109	0.774045
86	132	0.707233
86	137	0.765914
86	138	0.723632
86	140	0.76492
86	145	1.92735
86	158	0.77246
86	163	0.766635
86	176	4.77314
86	178	1.82098
87	2	0.738439
87	4	0.819789
87	21	0.73767
87	37	0.782856
87	69	0.799494
87	74	0.732147
87	82	0.723791
87	89	0.774459
87	90	0.763543
87	113	0.751083
87	119	0.755852
87	126	0.736927
87	137	0.774127
87	140	0.773132
87	142	2.92581
87	159	2.30925
87	161	2.71733
87	169	2.39225
87	180	0.726394
88	22	3.0091
88	33	0.770862
88	53	2.44395
88	68	0.890259
88	72	0.733469
88	92	0.736132
88	151	0.785888
88	153	0.987137
88	155	0.745725
88	156	0.731101
88	159	0.787103
88	160	0.741811
88	165	0.751207
88	166	0.762357
88	167	0.730776
88	169	0.799667
88	170	0.732154
88	176	0.716087
88	177	0.743197
88	179	0.713478
89	2	0.738357
89	4	0.819707
89	21	0.737589
89	37	0.782775
89	69	0.799413
89	74	0.732065
89	82	0.72371
89	87	0.774459
89	90	0.763461
89	113	0.751002
89	119	0.75577
89	126	0.736846
89	137	0.774045
89	140	0.773051
89	147	2.30008
89	154	2.02781
89	166	2.1504
89	168	3.75663
89	180	0.726312
90	2	0.727441
90	4	0.80879
90	16	0.752916
90	21	0.726672
90	37	0.771858
90	69	0.788496
90	74	0.721148
90	82	0.712793
90	87	0.763543
90	89	0.763461
90	113	0.740085
90	119	0.744853
90	126	0.725929
90	131	1.78973
90	132	2.80092
90	137	0.763128
90	140	0.762134
90	161	1.78826
90	176	4.48984
90	180	0.715395
91	38	0.7032
91	58	0.811836
91	62	0.733841
91	80	0.717008
91	95	0.74649
91	103	0.735475
91	106	0.783371
91	114	0.758869
91	117	0.758825
91	119	0.746587
91	128	0.739883
91	130	2.38077
91	139	2.55391
91	142	0.730674
91	148	0.759277
91	156	3.77936
91	158	0.771407
91	162	0.7657
91	169	2.05492
91	178	0.739207
92	4	3.50914
92	33	0.680305
92	34	0.626167
92	88	0.736132
92	97	0.675152
92	110	0.745521
92	151	0.695331
92	153	3.8213
92	156	0.640544
92	160	0.651254
92	166	0.6718
92	167	0.640219
92	168	0.644547
92	170	0.641597
92	171	0.67625
92	173	0.707536
92	175	0.65345
92	176	0.62553
92	177	0.65264
92	179	0.622921
93	28	1.70524
93	29	0.822577
93	101	0.766837
93	110	0.8077
93	114	1.46506
93	117	2.15078
93	133	1.19682
93	135	0.774696
93	139	0.743573
93	146	0.784019
93	156	0.702722
93	159	0.758725
93	161	0.758836
93	167	0.702397
93	171	0.738429
93	172	0.707903
93	174	0.732239
93	175	0.715628
93	176	0.687708
93	177	0.714818
93	179	0.6851
94	3	0.701886
94	10	0.699499
94	24	0.767768
94	32	0.695341
94	39	0.753319
94	46	0.752918
94	55	0.723104
94	86	0.744252
94	104	0.724783
94	107	0.805347
94	109	0.760181
94	120	0.732825
94	137	0.75205
94	138	0.709768
94	140	0.751056
94	148	1.25547
94	150	4.06244
94	155	3.24455
94	158	0.758595
94	163	0.752771
94	165	2.74349
95	38	0.693678
95	58	0.802314
95	62	0.72432
95	80	0.707486
95	91	0.74649
95	103	0.725953
95	106	0.773849
95	114	0.749347
95	117	0.749303
95	119	0.737065
95	120	0.736115
95	128	0.730361
95	142	0.721152
95	143	2.18091
95	145	2.01458
95	148	0.749755
95	156	3.55815
95	158	0.761885
95	162	0.756178
95	170	3.4072
95	178	0.729685
96	8	0.804727
96	12	0.722302
96	36	0.694416
96	44	0.877917
96	45	0.755509
96	52	0.750482
96	53	0.735829
96	64	0.795377
96	81	0.764993
96	98	0.746038
96	105	0.742759
96	112	0.765127
96	122	0.744735
96	124	0.738946
96	125	0.685273
96	150	0.672502
96	162	0.760852
96	164	3.22612
96	167	3.75077
96	171	2.69211
96	180	0.712281
97	6	3.84288
97	65	1.85167
97	81	2.70545
97	92	0.675152
97	123	0.715313
97	130	0.726581
97	131	0.726646
97	139	0.710972
97	145	0.721846
97	155	0.684746
97	159	0.726124
97	160	0.680832
97	165	0.690227
97	168	0.674125
97	171	0.705828
97	172	0.675302
97	173	0.737114
97	174	0.699639
97	177	0.682217
97	178	0.713566
97	179	0.652499
98	11	0.811829
98	20	0.73316
98	31	0.713978
98	45	0.755231
98	52	0.750204
98	53	0.735551
98	64	0.795098
98	70	0.715392
98	96	0.746038
98	102	0.697752
98	105	0.742481
98	108	0.770508
98	122	0.744457
98	124	0.738668
98	132	3.08153
98	138	2.30364
98	150	0.672224
98	160	3.07712
98	162	0.760574
98	171	2.75489
98	180	0.712003
99	28	0.782454
99	50	0.753199
99	61	0.68332
99	66	0.722178
99	68	0.788166
99	77	0.763078
99	78	0.713292
99	100	0.742421
99	118	0.748913
99	120	0.736797
99	121	0.741949
99	127	0.733268
99	129	0.744886
99	131	2.97858
99	133	0.743448
99	136	0.731194
99	142	0.721833
99	159	2.56903
99	163	0.756743
99	166	2.86486
99	169	2.65203
100	51	1.50621
100	61	0.68741
100	66	0.726268
100	68	0.792256
100	78	0.717382
100	79	0.767233
100	99	0.742421
100	116	0.72078
100	118	0.753003
100	121	0.746039
100	127	0.737358
100	129	0.748976
100	133	0.747538
100	136	0.735283
100	138	0.717829
100	148	0.754526
100	152	0.751353
100	153	0.752132
100	160	3.83281
100	169	2.49948
100	173	2.6403
101	24	1.85006
101	42	2.12221
101	51	0.780822
101	58	1.69131
101	71	0.706382
101	93	0.766837
101	127	2.48985
101	141	0.770885
101	143	0.741913
101	145	0.751352
101	154	0.761418
101	156	0.699627
101	157	0.765758
101	164	0.708
101	166	0.730883
101	167	0.699302
101	168	0.70363
101	169	0.768194
101	171	0.735334
101	174	0.729144
101	176	0.684613
101	179	0.682005
102	1	1.77659
102	9	0.750135
102	11	0.76382
102	18	0.749747
102	26	0.652193
102	39	3.42563
102	41	0.711083
102	53	0.687542
102	98	0.697752
102	105	0.694472
102	124	0.690659
102	126	0.674528
102	128	0.686748
102	129	2.97084
102	134	0.720773
102	135	0.714601
102	151	0.697415
102	160	0.653338
102	162	0.712565
102	165	0.662734
102	177	0.654724
102	179	0.625005
103	38	0.682663
103	58	0.791299
103	60	0.770721
103	62	0.713304
103	80	0.696471
103	91	0.735475
103	95	0.725953
103	106	0.762834
103	114	0.738332
103	117	0.738288
103	119	0.72605
103	120	0.7251
103	128	0.719346
103	142	0.710136
103	143	2.77058
103	148	0.73874
103	158	0.75087
103	159	2.34037
103	162	0.745163
103	172	3.88157
103	173	2.56418
103	178	0.71867
104	3	0.696281
104	10	0.693893
104	24	0.762163
104	32	0.689735
104	39	0.747713
104	46	0.747312
104	55	0.717498
104	86	0.738647
104	94	0.724783
104	107	0.799741
104	109	0.754576
104	120	0.727219
104	132	0.687763
104	137	0.746445
104	138	0.704162
104	140	0.74545
104	154	2.00644
104	158	0.75299
104	163	0.747165
104	170	3.4897
104	177	3.37798
104	180	2.70084
105	8	0.80117
105	12	0.718745
105	16	1.81606
105	20	0.72988
105	25	0.784784
105	31	0.710698
105	36	0.690859
105	45	0.751952
105	52	0.746924
105	70	0.712113
105	96	0.742759
105	98	0.742481
105	102	0.694472
105	112	0.761569
105	122	0.741177
105	124	0.735388
105	148	2.69281
105	150	0.668944
105	151	2.46706
105	153	0.748477
105	174	3.70671
105	180	0.708724
106	38	0.730559
106	58	0.839195
106	62	0.7612
106	80	0.744367
106	91	0.783371
106	95	0.773849
106	103	0.762834
106	114	0.786228
106	117	0.786184
106	119	0.773946
106	120	0.772996
106	128	0.767242
106	142	0.758032
106	145	1.86122
106	148	0.786636
106	150	4.35297
106	157	1.60293
106	158	0.798766
106	162	0.793059
106	171	2.69143
106	173	1.82116
106	178	0.766566
107	3	0.776845
107	10	0.774458
107	24	0.842727
107	32	0.7703
107	39	0.828278
107	46	0.827876
107	47	1.31198
107	55	0.798062
107	86	0.819211
107	94	0.805347
107	104	0.799741
107	109	0.83514
107	120	0.807784
107	123	1.93729
107	137	0.827009
107	138	0.784727
107	140	0.826015
107	141	1.73738
107	158	0.833554
107	161	2.04717
107	163	0.82773
107	167	3.79183
107	178	1.79659
108	5	0.930761
108	7	0.732771
108	18	0.822504
108	26	0.724949
108	41	0.783839
108	45	0.779979
108	52	0.774951
108	70	0.74014
108	74	1.28452
108	98	0.770508
108	112	0.789596
108	117	1.54636
108	120	1.0625
108	128	0.759505
108	136	1.58304
108	137	1.36469
108	157	0.781515
108	165	0.73549
108	167	0.715059
108	172	0.720565
108	173	0.782376
108	179	0.697761
108	180	0.736751
109	3	0.731679
109	10	0.729292
109	24	0.797561
109	32	0.725134
109	39	0.783112
109	46	0.782711
109	55	0.752897
109	86	0.774045
109	94	0.760181
109	104	0.754576
109	107	0.83514
109	115	2.2101
109	120	0.762618
109	132	0.723162
109	137	0.781843
109	138	0.739561
109	140	0.780849
109	142	2.70183
109	145	2.34915
109	146	1.55368
109	158	0.788388
109	163	0.782564
109	170	3.74177
110	22	2.65521
110	41	1.61774
110	65	0.871736
110	92	0.745521
110	93	0.8077
110	117	1.816
110	129	1.09838
110	141	0.811748
110	145	0.792215
110	149	0.770286
110	151	0.795277
110	156	0.74049
110	157	0.806621
110	160	0.7512
110	161	0.796604
110	167	0.740165
110	170	0.741544
110	174	0.770007
110	175	0.753396
110	176	0.725476
110	177	0.752586
110	179	0.722868
110	180	0.761857
111	33	0.736872
111	46	2.84193
111	58	2.25556
111	67	1.45133
111	131	0.753635
111	135	0.769084
111	144	0.740783
111	153	1.98162
111	154	0.758901
111	159	0.753113
111	161	0.753224
111	164	0.705483
111	166	0.728367
111	168	0.701114
111	170	0.698164
111	171	0.732817
111	172	0.702292
111	174	0.726628
111	175	0.710017
111	176	0.682097
111	177	0.709207
111	178	0.740555
111	179	0.679488
112	8	0.823537
112	25	0.807152
112	30	0.799948
112	31	0.733066
112	36	0.713226
112	44	1.52442
112	52	0.769292
112	64	0.814187
112	70	0.734481
112	81	0.783803
112	96	0.765127
112	105	0.761569
112	108	0.789596
112	122	0.763545
112	124	0.757756
112	146	1.71293
112	147	2.69004
112	150	0.691312
112	153	0.770845
112	162	0.779662
112	166	2.54035
112	171	3.33862
112	180	0.731091
113	7	0.698956
113	9	0.789076
113	18	0.788689
113	26	0.691135
113	38	2.94463
113	41	0.750025
113	74	0.708689
113	75	1.46493
113	82	0.700334
113	87	0.751083
113	89	0.751002
113	90	0.740085
113	118	1.86586
113	125	0.675928
113	146	0.762866
113	157	0.7477
113	159	0.737572
113	162	1.56009
113	166	0.712826
113	173	0.748562
113	176	0.666555
113	179	0.663947
113	180	0.702936
114	25	0.796046
114	38	0.706057
114	58	0.814693
114	60	0.794115
114	62	0.736698
114	80	0.719865
114	91	0.758869
114	93	1.46506
114	95	0.749347
114	103	0.738332
114	106	0.786228
114	117	0.761682
114	119	0.749444
114	120	0.748494
114	128	0.74274
114	142	0.733531
114	148	0.762134
114	158	0.774264
114	159	1.92728
114	162	0.768557
114	165	3.36394
114	172	3.46847
114	173	2.15109
114	178	0.742064
115	9	1.89947
115	26	1.81629
115	48	0.675783
115	109	2.2101
115	127	2.62756
115	147	0.74034
115	149	0.730575
115	157	0.766911
115	159	0.756782
115	161	0.756893
115	164	0.709152
115	165	0.720885
115	166	0.732036
115	168	0.704783
115	169	0.769346
115	170	0.701833
115	172	0.705961
115	173	0.767772
115	174	0.730297
115	175	0.713685
115	176	0.685766
115	177	0.712875
115	179	0.683157
116	28	0.760812
116	43	0.730463
116	61	0.661679
116	68	0.766525
116	77	0.741437
116	78	0.691651
116	79	0.741502
116	100	0.72078
116	118	0.727272
116	121	0.720308
116	127	0.711627
116	129	0.723245
116	133	0.721807
116	136	0.709552
116	137	0.734381
116	138	0.692098
116	139	3.12221
116	144	2.87352
116	150	0.646868
116	152	0.725622
116	153	0.726401
116	154	2.71347
116	163	0.735101
116	174	3.50278
117	25	0.796003
117	38	0.706014
117	58	0.814649
117	60	0.794071
117	62	0.736655
117	80	0.719822
117	91	0.758825
117	93	2.15078
117	95	0.749303
117	103	0.738288
117	106	0.786184
117	108	1.54636
117	110	1.816
117	114	0.761682
117	119	0.749401
117	120	0.74845
117	128	0.742697
117	138	3.25584
117	142	0.733487
117	146	2.0814
117	148	0.76209
117	158	0.774221
117	162	0.768513
117	178	0.74202
118	16	0.756391
118	29	1.11158
118	43	0.762686
118	50	0.763781
118	61	0.693902
118	68	0.798748
118	77	0.77366
118	78	0.723874
118	79	0.773725
118	99	0.748913
118	100	0.753003
118	113	1.86586
118	116	0.727272
118	120	0.747378
118	121	0.752531
118	128	1.8391
118	129	0.755468
118	133	0.75403
118	136	0.741775
118	148	0.761018
118	150	0.679091
118	152	0.757845
118	163	0.767324
118	179	4.86381
118	180	2.46201
119	29	1.28882
119	34	5.03709
119	42	0.74136
119	49	0.739543
119	54	0.731423
119	67	0.775045
119	69	0.780805
119	74	0.713457
119	82	0.705102
119	84	0.736506
119	85	0.736627
119	87	0.755852
119	89	0.75577
119	90	0.744853
119	91	0.746587
119	95	0.737065
119	103	0.72605
119	106	0.773946
119	114	0.749444
119	117	0.749401
119	134	1.25381
119	154	1.94485
119	162	0.756275
119	174	2.73417
119	178	0.729782
119	180	0.707704
120	10	0.701936
120	24	0.770205
120	80	0.706633
120	94	0.732825
120	95	0.736115
120	99	0.736797
120	103	0.7251
120	104	0.727219
120	106	0.772996
120	107	0.807784
120	108	1.0625
120	109	0.762618
120	114	0.748494
120	117	0.74845
120	118	0.747378
120	121	0.740415
120	127	0.731734
120	129	0.743351
120	133	0.741914
120	136	0.729659
120	145	2.39301
120	154	2.30238
120	163	0.755208
120	168	4.0312
120	175	3.38231
120	178	0.728832
121	14	3.86916
121	28	0.786072
121	43	0.755722
121	50	0.756817
121	51	1.22414
121	61	0.686938
121	66	0.725796
121	68	0.791784
121	78	0.71691
121	79	0.766762
121	99	0.741949
121	100	0.746039
121	116	0.720308
121	118	0.752531
121	120	0.740415
121	127	0.736886
121	129	0.748504
121	133	0.747066
121	136	0.734811
121	137	0.75964
121	144	2.4677
121	148	0.754055
121	150	0.672127
121	153	0.75166
121	166	2.43024
121	178	2.29191
122	8	0.803146
122	11	0.810525
122	20	0.731856
122	30	0.779557
122	31	0.712674
122	36	0.692835
122	45	0.753928
122	52	0.7489
122	53	0.734247
122	64	0.793795
122	70	0.714089
122	81	0.763412
122	96	0.744735
122	98	0.744457
122	105	0.741177
122	112	0.763545
122	124	0.737364
122	125	0.683692
122	128	2.63216
122	150	0.67092
122	151	2.11034
122	157	2.39301
122	162	0.759271
122	172	3.92863
122	178	2.54493
122	180	0.7107
123	18	2.15831
123	45	2.30041
123	61	4.00399
123	72	0.683072
123	97	0.715313
123	107	1.93729
123	126	0.712604
123	143	0.722989
123	144	0.724376
123	151	0.735491
123	155	0.695328
123	157	0.746835
123	161	0.736818
123	164	0.689077
123	165	0.70081
123	166	0.71196
123	167	0.680379
123	168	0.684707
123	169	0.749271
123	171	0.716411
123	172	0.685885
123	173	0.747696
123	174	0.710221
123	176	0.66569
123	177	0.6928
123	179	0.663081
124	8	0.797357
124	11	0.804736
124	12	0.714932
124	20	0.726067
124	23	1.20628
124	30	0.773768
124	31	0.706885
124	36	0.687046
124	45	0.748139
124	52	0.743111
124	64	0.788006
124	81	0.757623
124	96	0.738946
124	98	0.738668
124	102	0.690659
124	105	0.735388
124	112	0.757756
124	122	0.737364
124	125	0.677903
124	126	3.00631
124	150	0.665131
124	153	0.744664
124	160	3.9069
124	162	0.753482
124	166	2.78641
124	169	2.57358
124	180	0.704911
125	5	0.845248
125	7	0.647258
125	18	0.736991
125	20	0.672394
125	26	0.639437
125	41	0.698327
125	70	0.654627
125	81	0.70395
125	82	3.24447
125	96	0.685273
125	113	0.675928
125	122	0.683692
125	124	0.677903
125	126	0.661771
125	128	0.673992
125	133	3.04646
125	135	0.701845
125	140	3.14533
125	155	0.644496
125	161	0.685985
125	164	0.638244
125	173	0.696864
125	175	0.642777
125	176	0.614857
125	177	0.641967
125	179	0.612249
125	180	0.651238
126	4	0.782175
126	7	0.6848
126	9	0.77492
126	26	0.676978
126	27	2.05047
126	41	0.735868
126	55	3.13527
126	74	0.694533
126	82	0.686177
126	87	0.736927
126	89	0.736846
126	90	0.725929
126	102	0.674528
126	123	0.712604
126	124	3.00631
126	125	0.661771
126	128	0.711534
126	139	0.708263
126	145	0.719138
126	158	1.89253
126	169	0.73598
126	170	0.668467
126	172	0.672594
126	174	0.69693
126	176	0.652399
126	179	0.64979
126	180	0.68878
127	28	0.777391
127	43	0.747041
127	50	0.748136
127	60	1.46179
127	66	0.717115
127	77	0.758016
127	78	0.708229
127	79	0.758081
127	99	0.733268
127	100	0.737358
127	101	2.48985
127	115	2.62756
127	116	0.711627
127	120	0.731734
127	121	0.736886
127	129	0.739823
127	131	2.91227
127	133	0.738385
127	136	0.726131
127	137	0.750959
127	142	0.71677
127	148	0.745374
127	150	0.663446
127	152	0.742201
127	153	0.742979
127	163	0.75168
127	178	2.66023
128	5	0.89501
128	7	0.69702
128	9	0.787141
128	26	0.689199
128	41	0.748089
128	55	2.86426
128	63	2.27632
128	80	0.700879
128	91	0.739883
128	95	0.730361
128	102	0.686748
128	103	0.719346
128	106	0.767242
128	108	0.759505
128	114	0.74274
128	117	0.742697
128	118	1.8391
128	122	2.63216
128	125	0.673992
128	126	0.711534
128	143	0.721919
128	160	0.690344
128	163	1.28355
128	165	0.699739
128	171	0.71534
128	175	0.692539
128	177	0.691729
128	178	0.723078
128	179	0.662011
129	28	0.789008
129	43	0.758659
129	50	0.759754
129	61	0.689875
129	66	0.728733
129	68	0.794721
129	77	0.769633
129	78	0.719847
129	79	0.769698
129	99	0.744886
129	100	0.748976
129	102	2.97084
129	110	1.09838
129	116	0.723245
129	118	0.755468
129	120	0.743351
129	121	0.748504
129	127	0.739823
129	133	0.750003
129	135	2.2142
129	136	0.737748
129	137	0.762577
129	138	0.720294
129	148	0.756991
129	149	3.07065
129	152	0.753818
129	153	0.754597
129	157	1.90095
129	163	0.763297
129	177	3.44015
130	8	2.63841
130	13	0.671958
130	35	0.731312
130	36	3.59237
130	69	1.2506
130	84	2.13785
130	91	2.38077
130	97	0.726581
130	131	0.748496
130	134	0.770118
130	139	0.732822
130	144	0.735644
130	146	0.773269
130	149	0.721767
130	154	0.753763
130	155	0.706596
130	159	0.747974
130	164	0.700345
130	166	0.723228
130	167	0.691647
130	168	0.695975
130	170	0.693026
130	171	0.727679
130	172	0.697153
130	173	0.758964
130	174	0.721489
130	175	0.704878
130	176	0.676958
130	177	0.704068
130	179	0.674349
131	13	0.672023
131	48	0.66704
131	81	1.94952
131	90	1.78973
131	97	0.726646
131	99	2.97858
131	111	0.753635
131	127	2.91227
131	130	0.748496
131	141	0.763295
131	144	0.735709
131	146	0.773334
131	149	0.721832
131	155	0.706661
131	159	0.748039
131	160	0.702747
131	162	1.69816
131	164	0.70041
131	165	0.712143
131	166	0.723293
131	169	0.760604
131	170	0.69309
131	171	0.727744
131	172	0.697218
131	173	0.759029
131	174	0.721554
131	175	0.704943
131	176	0.677023
131	177	0.704133
131	179	0.674414
132	27	0.729239
132	37	2.59263
132	39	0.716299
132	46	0.715898
132	49	0.699137
132	54	0.691017
132	55	0.686084
132	58	3.12492
132	59	0.738281
132	75	0.720873
132	84	0.696099
132	85	0.69622
132	86	0.707233
132	90	2.80092
132	98	3.08153
132	104	0.687763
132	109	0.723162
132	140	0.714036
132	147	0.685491
132	156	0.645931
132	161	0.702044
132	162	0.715868
132	163	0.715751
132	165	0.666037
132	167	0.645606
132	169	0.714498
132	174	0.675448
132	177	0.658027
132	179	0.628308
133	28	0.787571
133	43	0.757221
133	50	0.758316
133	61	0.688437
133	66	0.727295
133	68	0.793283
133	73	2.12087
133	78	0.718409
133	79	0.768261
133	93	1.19682
133	99	0.743448
133	100	0.747538
133	116	0.721807
133	118	0.75403
133	120	0.741914
133	121	0.747066
133	125	3.04646
133	127	0.738385
133	129	0.750003
133	135	1.97787
133	136	0.736311
133	137	0.761139
133	138	0.718857
133	142	0.72695
133	148	0.755554
133	149	2.83431
133	150	0.673626
133	152	0.75238
133	153	0.753159
133	163	0.76186
133	164	3.28714
134	6	2.1596
134	32	2.3397
134	53	2.36926
134	72	0.716026
134	102	0.720773
134	119	1.25381
134	130	0.770118
134	136	2.13187
134	139	0.754509
134	141	0.784916
134	144	0.757331
134	145	0.765383
134	149	0.743454
134	151	0.768445
134	152	1.28573
134	154	0.775449
134	156	0.713658
134	160	0.724368
134	164	0.722031
134	165	0.733764
134	166	0.744915
134	167	0.713333
134	168	0.717661
134	169	0.782225
134	170	0.714712
134	171	0.749365
134	172	0.718839
134	174	0.743176
134	175	0.726564
134	176	0.698645
134	177	0.725754
134	179	0.696036
135	5	1.29743
135	9	2.09347
135	13	0.687472
135	52	2.83973
135	93	0.774696
135	102	0.714601
135	111	0.769084
135	125	0.701845
135	129	2.2142
135	133	1.97787
135	139	0.748337
135	143	0.749772
135	145	0.759211
135	149	0.737281
135	152	2.12236
135	155	0.72211
135	156	0.707486
135	157	0.773617
135	159	0.763489
135	160	0.718196
135	161	0.7636
135	164	0.715859
135	165	0.727592
135	166	0.738742
135	167	0.707161
135	168	0.711489
135	169	0.776053
135	171	0.743193
135	172	0.712667
135	175	0.720392
135	176	0.692472
135	178	0.75093
135	179	0.689864
136	16	0.738672
136	28	0.775316
136	43	0.744966
136	50	0.746061
136	61	0.676182
136	66	0.71504
136	68	0.781029
136	77	0.755941
136	78	0.706154
136	79	0.756006
136	99	0.731194
136	100	0.735283
136	108	1.58304
136	116	0.709552
136	118	0.741775
136	120	0.729659
136	121	0.734811
136	127	0.726131
136	129	0.737748
136	133	0.736311
136	134	2.13187
136	137	0.748884
136	138	0.706602
136	142	0.714695
136	146	2.11808
136	148	0.743299
136	150	0.661371
136	152	0.740126
136	153	0.740904
136	154	2.82292
136	163	0.749605
136	170	4.30617
136	173	2.87348
137	2	0.738024
137	3	0.723548
137	10	0.721161
137	23	1.14702
137	37	0.782442
137	39	0.774981
137	69	0.79908
137	74	0.731732
137	76	2.4907
137	78	0.730983
137	79	0.780834
137	82	0.723377
137	86	0.765914
137	87	0.774127
137	89	0.774045
137	90	0.763128
137	94	0.75205
137	104	0.746445
137	107	0.827009
137	108	1.36469
137	109	0.781843
137	116	0.734381
137	121	0.75964
137	127	0.750959
137	129	0.762577
137	133	0.761139
137	136	0.748884
137	146	1.89973
137	150	0.6862
137	151	2.15423
137	156	4.23876
137	161	2.8394
137	163	0.774433
137	180	0.725979
138	3	0.681266
138	8	2.8724
138	32	0.674721
138	34	0.647954
138	46	0.732298
138	57	2.56494
138	61	0.658728
138	66	0.697587
138	77	0.738487
138	86	0.723632
138	94	0.709768
138	98	2.30364
138	100	0.717829
138	104	0.704162
138	107	0.784727
138	109	0.739561
138	116	0.692098
138	117	3.25584
138	129	0.720294
138	133	0.718857
138	136	0.706602
138	147	0.701891
138	155	0.676955
