1	63	1.0157
1	93	1.05429
1	98	0.988161
1	103	1.04069
1	120	0.996085
1	123	1.0359
1	135	0.9824
1	164	0.947138
1	171	0.939695
1	174	1.06917
1	178	0.928908
1	180	1.00862
2	16	1.06001
2	19	0.995174
2	38	0.94624
2	68	1.05829
2	85	1.07092
2	88	1.03154
2	135	0.981596
2	139	0.947605
2	172	0.945187
2	175	1.03783
2	179	0.924669
2	180	1.00782
3	35	1.09392
3	40	0.980863
3	51	1.06195
3	98	0.981647
3	111	0.953935
3	113	0.969931
3	120	0.989571
3	123	1.02939
3	169	0.941745
3	174	1.06266
3	178	0.930797
3	180	1.01051
4	9	1.05829
4	28	0.985317
4	82	1.07762
4	92	1.02752
4	114	1.00054
4	128	1.03084
4	140	1.01987
4	159	0.97196
4	166	0.957162
4	168	0.962595
4	170	0.962359
4	174	0.952767
5	36	0.84776
5	52	1.03113
5	97	1.04077
5	102	1.00872
5	103	0.994131
5	109	1.01328
5	117	1.04592
5	118	1.04028
5	149	1.07634
5	154	1.01989
5	174	0.938809
5	179	0.949983
6	46	1.03327
6	78	1.01073
6	97	1.0343
6	102	1.00225
6	108	1.05459
6	118	1.03381
6	126	1.05414
6	144	0.917333
6	146	0.949658
6	174	0.895741
6	175	1.03106
6	180	0.990062
7	57	1.01764
7	131	1.16594
7	132	1.06038
7	133	1.00161
7	137	1.03755
7	142	1.02
7	151	1.01539
7	161	0.141618
7	173	1.04743
7	175	1.14071
7	177	1.18922
7	179	1.16662
8	32	1.06973
8	107	0.97712
8	119	1.03207
8	133	1.00007
8	137	1.03601
8	146	0.991887
8	148	1.00237
8	151	1.01385
8	153	0.933165
8	159	0.957164
8	170	0.947562
8	173	1.04589
9	4	1.05829
9	31	1.00274
9	82	1.06488
9	92	1.01479
9	99	1.03407
9	128	1.0181
9	140	1.00713
9	143	0.997509
9	146	0.977346
9	155	0.920931
9	167	0.987705
9	174	0.923429
10	20	1.25763
10	25	1.03254
10	110	1.06138
10	125	1.0215
10	127	1.0215
10	129	1.0486
10	130	0.993874
10	158	0.891847
10	169	0.887427
10	172	0.893562
10	178	0.876479
10	180	1.02061
11	34	0.845374
11	70	0.872374
11	125	0.960693
11	134	1.06191
11	156	1.04905
11	162	1.05313
11	166	1.02963
11	170	1.02559
11	172	1.03534
11	177	1.01627
11	178	1.0188
11	179	1.02532
12	46	0.941415
12	83	0.918345
12	88	1.02543
12	99	1.02979
12	120	0.975931
12	129	0.942213
12	156	1.0573
12	173	0.961579
12	174	1.04902
12	175	1.03172
12	178	1.02705
12	179	1.03356
13	43	0.989909
13	77	0.886928
13	80	1.00807
13	110	0.900621
13	121	1.20162
13	125	0.860748
13	127	0.860748
13	130	0.83312
13	144	1.20346
13	169	1.20742
13	179	1.19304
13	180	0.859858
14	25	0.999146
14	53	0.951805
14	65	0.92636
14	115	0.984653
14	142	0.930947
14	168	1.03061
14	172	1.0415
14	175	1.02963
14	176	1.01939
14	177	1.02243
14	178	1.02496
14	179	1.03148
15	34	1.07707
15	56	1.01789
15	62	0.870132
15	100	1.03593
15	114	0.991077
15	124	0.969701
15	129	1.01781
15	140	1.01041
15	169	0.96216
15	173	1.04981
15	176	0.973978
15	180	1.03092
16	2	1.06001
16	38	0.936426
16	66	1.04424
16	68	1.04847
16	85	1.0611
16	88	1.02173
16	99	0.115177
16	149	1.25649
16	157	1.1565
16	166	1.12336
16	175	1.02802
16	177	1.15274
17	58	0.99531
17	70	1.05074
17	79	1.02843
17	84	1.09154
17	111	0.982681
17	115	1.00682
17	136	0.934117
17	159	0.964126
17	161	1.02004
17	162	1.00712
17	166	0.949328
17	172	0.976626
18	25	1.03917
18	64	1.08667
18	73	0.922261
18	98	1.08456
18	119	1.0605
18	131	0.983167
18	163	0.97406
18	168	0.976009
18	172	0.986898
18	176	0.964796
18	177	0.967829
18	178	0.970364
18	179	0.976877
19	2	0.995174
19	49	0.946527
19	66	0.979409
19	68	0.98364
19	85	0.996271
19	88	0.956897
19	136	0.978896
19	139	1.05017
19	164	1.0489
19	175	0.963186
19	177	1.04983
19	178	1.03067
19	179	1.02723
20	10	1.25763
20	56	1.3022
20	68	1.29178
20	126	0.805223
20	140	1.34416
20	141	0.903063
20	149	0.824023
20	156	0.904873
20	164	0.865912
20	176	0.869056
20	177	0.872089
20	178	0.874624
20	179	0.881137
21	53	0.979187
21	96	1.03953
21	106	0.94845
21	135	1.09383
21	147	0.973875
21	150	0.970413
21	153	1.02093
21	160	0.960065
21	161	0.959417
21	162	0.946494
21	164	1.05857
21	173	0.996447
21	177	1.05951
22	47	1.044
22	50	1.03807
22	87	0.988035
22	123	1.06379
22	148	1.05897
22	149	0.92963
22	164	0.971518
22	165	0.970403
22	170	0.987016
22	172	0.996764
22	177	0.977695
22	178	0.98023
22	179	0.986743
23	45	0.908489
23	75	0.999
23	107	1.03704
23	111	1.03564
23	119	0.987216
23	124	1.03099
23	132	1.014
23	137	0.991164
23	142	0.973613
23	148	0.957523
23	151	0.968998
23	163	1.01112
23	180	1.09222
24	31	0.946897
24	37	1.03104
24	82	1.00904
24	100	0.976815
24	114	0.931959
24	124	1.05931
24	128	0.962261
24	140	0.951289
24	153	1.02141
24	164	1.05905
24	173	0.990695
24	174	1.02622
24	178	1.04082
25	10	1.03254
25	14	0.999146
25	18	1.03917
25	27	0.966627
25	80	1.08768
25	110	0.980233
25	125	0.940359
25	127	0.940359
25	130	0.912731
25	165	1.06477
25	170	1.03841
25	177	1.0626
25	180	0.93947
26	37	0.981932
26	67	0.976179
26	79	1.08535
26	110	1.05443
26	124	0.970824
26	125	1.09499
26	158	0.97407
26	163	0.978112
26	169	0.983321
26	171	0.972016
26	176	0.968848
26	177	0.971881
26	179	0.980929
27	25	0.966627
27	43	1.08475
27	91	1.03743
27	101	1.12895
27	110	0.995464
27	125	0.95559
27	127	0.95559
27	130	0.927962
27	152	0.959314
27	155	1.01672
27	174	1.01922
27	175	1.00449
27	180	0.954701
28	4	0.985317
28	33	0.999857
28	34	1.00083
28	37	1.01392
28	99	0.961099
28	100	0.959688
28	109	1.0712
28	128	0.945133
28	140	0.934162
28	141	1.00442
28	163	1.04608
28	168	1.04269
28	170	1.04245
29	42	1.17395
29	77	1.12427
29	105	0.863239
29	110	1.13796
29	122	0.852949
29	125	1.09809
29	127	1.09809
29	130	1.07046
29	145	0.965309
29	164	0.845061
29	169	0.837779
29	172	0.843914
29	180	1.0972
30	42	1.03623
30	77	0.986539
30	110	1.00023
30	125	0.960359
30	127	0.960359
30	130	0.932731
30	139	1.06458
30	152	0.964083
30	169	1.05603
30	170	1.04006
30	174	1.03047
30	175	1.01574
30	180	0.95947
31	9	1.00274
31	24	0.946897
31	82	1.02207
31	92	0.971977
31	103	0.971701
31	111	1.05522
31	114	0.944993
31	122	1.0582
31	128	0.975295
31	140	0.964323
31	158	1.04745
31	174	1.01747
31	179	1.02864
32	8	1.06973
32	59	0.996154
32	81	1.08111
32	119	1.05755
32	132	1.08433
32	142	1.04394
32	148	1.02785
32	151	1.03933
32	159	0.92973
32	165	0.946483
32	170	0.920128
32	172	0.942229
32	176	0.947912
32	179	0.921711
33	28	0.999857
33	34	1.10108
33	48	1.04371
33	100	1.05994
33	128	1.04538
33	129	1.04181
33	136	0.903547
33	140	1.03441
33	158	0.94434
33	172	0.946055
33	173	1.07382
33	174	0.914363
33	176	0.951738
33	177	0.948137
34	11	0.845374
34	15	1.07707
34	28	1.00083
34	33	1.10108
34	99	1.06232
34	100	1.06091
34	114	1.01605
34	128	1.04635
34	140	1.03538
34	145	1.05987
34	158	0.936756
34	171	0.932174
34	175	0.892044
34	177	0.940553
35	3	1.09392
35	71	1.08548
35	89	1.0643
35	93	1.05683
35	98	0.990697
35	120	0.998622
35	123	1.03844
35	139	0.943767
35	143	0.983738
35	155	0.90716
35	169	0.935215
35	174	1.07171
35	175	0.894923
35	177	0.943432
36	5	0.84776
36	37	0.817992
36	49	0.906582
36	60	0.808901
36	130	1.06968
36	148	1.11289
36	150	0.879756
36	151	1.12436
36	154	0.931902
36	177	1.12836
36	178	1.13089
36	179	1.13741
36	180	1.09641
37	24	1.03104
37	26	0.981932
37	28	1.01392
37	36	0.817992
37	92	1.05612
37	100	1.07399
37	114	1.02914
37	128	1.05944
37	140	1.04847
37	170	0.918632
37	172	0.940733
37	173	1.08788
37	177	0.942815
37	180	1.00336
38	2	0.94624
38	16	0.936426
38	41	1.23483
38	66	0.930476
38	68	0.934707
38	72	0.952635
38	85	0.947338
38	88	0.907963
38	136	0.929963
38	147	1.04238
38	170	1.10383
38	174	1.09424
38	175	0.914252
38	176	1.13162
39	42	0.89998
39	96	0.886
39	112	0.963683
39	125	0.994653
39	132	0.903831
39	150	0.94336
39	155	1.05393
39	157	1.03509
39	159	1.05146
39	169	1.05734
39	172	1.06497
39	176	1.04287
39	177	1.0459
39	178	1.04844
40	3	0.980863
40	51	0.957944
40	63	0.905177
40	71	0.972419
40	89	0.951245
40	93	0.943772
40	98	0.877639
40	109	1.14312
40	120	0.885563
40	123	0.925379
40	153	1.09997
40	166	1.10917
40	177	1.13855
40	179	1.11595
41	38	1.23483
41	72	1.07108
41	73	1.05251
41	76	1.12605
41	139	0.930402
41	144	0.928172
41	148	1.10986
41	167	0.916512
41	168	0.9397
41	172	0.950588
41	176	0.928486
41	177	0.931519
41	178	0.934054
41	179	0.940567
42	29	1.17395
42	30	1.03623
42	39	0.89998
42	80	1.15251
42	110	1.04506
42	125	1.00519
42	127	1.00519
42	130	0.977562
42	158	0.957402
42	166	0.93182
42	168	0.937254
42	169	0.952982
42	174	0.927425
42	180	1.0043
43	13	0.989909
43	27	1.08475
43	77	1.08466
43	125	1.05848
43	127	1.05848
43	130	1.03086
43	133	0.122953
43	138	1.03526
43	147	1.0437
43	164	1.1284
43	166	1.09995
43	168	1.10539
43	170	1.10515
43	180	1.05759
44	70	0.951419
44	84	0.992219
44	150	0.931714
44	154	0.919262
44	155	1.09658
44	160	0.921366
44	161	0.920718
44	162	0.907796
44	167	1.16336
44	170	1.10867
44	171	1.12448
44	173	0.957748
44	178	1.11369
44	180	0.897757
45	23	0.908489
45	65	0.952399
45	132	0.967933
45	133	0.909156
45	137	0.945101
45	142	0.92755
45	147	1.05063
45	148	0.91146
45	151	0.922935
45	164	1.13533
45	166	1.10689
45	173	0.954977
45	178	1.1171
45	180	1.19681
46	6	1.03327
46	12	0.941415
46	74	1.01812
46	78	0.987726
46	102	0.979249
46	105	1.012
46	108	1.03159
46	116	0.978957
46	117	1.01644
46	138	0.946576
46	145	1.11407
46	166	0.965374
46	175	1.00806
46	176	0.998354
46	178	0.975587
47	22	1.044
47	64	0.942819
47	76	0.990655
47	104	1.08353
47	112	1.01366
47	134	0.991218
47	143	1.02838
47	150	1.01159
47	155	0.951803
47	158	0.984278
47	160	1.00124
47	162	0.987669
47	167	1.01858
47	169	0.979858
47	180	0.977629
48	33	1.04371
48	68	1.01704
48	88	0.990292
48	92	0.985671
48	142	0.989996
48	148	0.973906
48	151	0.985381
48	164	1.00225
48	165	1.00536
48	166	0.973806
48	170	0.979002
48	173	1.01742
48	175	0.996582
48	178	0.984019
48	180	1.06373
49	19	0.946527
49	36	0.906582
49	66	1.00541
49	68	1.00964
49	69	1.01161
49	72	1.02757
49	85	1.02227
49	88	0.982896
49	122	1.03836
49	136	1.0049
49	144	1.01922
49	168	1.00746
49	171	1.02303
49	175	0.989185
49	178	1.01224
50	22	1.03807
50	55	0.969321
50	87	1.04756
50	91	0.966576
50	96	1.07272
50	115	0.97938
50	122	0.989091
50	134	0.983233
50	145	0.947973
50	149	1.0859
50	150	1.0036
50	160	0.993254
50	161	0.992605
50	162	0.979683
50	170	0.957956
51	3	1.06195
51	40	0.957944
51	63	0.986266
51	89	1.03233
51	93	1.02486
51	98	0.958728
51	120	0.966652
51	123	1.00647
51	141	0.952042
51	154	1.00479
51	157	1.01802
51	171	1.00588
51	175	0.965746
51	179	0.991655
51	180	1.0748
52	5	1.03113
52	67	1.01712
52	74	1.00951
52	78	0.979111
52	90	1.07873
52	102	0.970633
52	108	1.02298
52	129	0.988278
52	146	0.972593
52	149	1.05621
52	152	1.01276
52	154	0.981799
52	165	0.954622
52	175	0.999444
52	178	0.933285
53	14	0.951805
53	21	0.979187
53	104	1.07617
53	112	1.0063
53	150	1.00423
53	152	0.974889
53	154	0.991781
53	159	1.00067
53	160	0.993885
53	161	0.993237
53	162	0.980314
53	163	0.994706
53	167	1.04576
53	169	1.00704
53	171	1.00688
54	62	0.910595
54	67	1.01977
54	81	1.03267
54	94	1.02565
54	103	1.03239
54	107	1.01621
54	108	1.02562
54	111	1.01481
54	116	0.97299
54	117	1.01048
54	118	1.00484
54	129	0.990927
54	138	0.940609
54	172	1.00876
54	175	1.00209
55	50	0.969321
55	72	0.951447
55	88	0.971739
55	90	0.940773
55	104	0.927507
55	111	1.01359
55	120	1.17123
55	126	0.942411
55	156	1.04206
55	163	1.01551
55	173	1.0021
55	176	1.00624
55	177	1.00928
55	178	1.01181
55	179	1.01832
56	15	1.01789
56	20	1.3022
56	81	1.02534
56	82	1.03395
56	92	0.983851
56	99	1.00314
56	114	0.956867
56	128	0.987169
56	131	0.916935
56	138	1.01553
56	140	0.976197
56	157	0.943989
56	158	0.936425
56	173	1.0156
56	175	0.891713
57	7	1.01764
57	91	0.975619
57	119	1.00391
57	132	1.03069
57	133	0.971918
57	137	1.00786
57	142	0.990312
57	143	1.03149
57	148	0.974222
57	151	0.985697
57	157	0.994949
57	165	0.993354
57	167	1.02168
57	173	1.01774
57	177	0.991182
58	17	0.99531
58	64	0.890962
58	83	1.00745
58	96	1.02884
58	103	1.10064
58	109	1.08366
58	115	0.935508
58	122	1.08604
58	144	1.06691
58	153	1.04051
58	160	0.949382
58	161	0.948734
58	162	0.935812
58	174	0.982223
58	175	1.03058
58	180	0.925773
59	32	0.996154
59	61	1.02375
59	95	0.918083
59	113	1.08926
59	132	0.985266
59	133	0.92649
59	137	0.962434
59	138	1.1446
59	148	0.928793
59	151	0.940268
59	158	0.946452
59	170	1.04511
59	173	0.97231
59	174	1.03552
59	175	1.02078
59	176	1.07289
60	36	0.808901
60	74	1.07444
60	81	1.09495
60	97	1.06761
60	102	1.03556
60	108	1.08791
60	116	1.03527
60	117	1.07276
60	118	1.06712
60	146	0.953867
60	163	0.913175
60	166	0.904345
60	174	0.89995
60	175	1.06437
60	177	0.933724
60	180	0.994271
61	59	1.02375
61	65	1.09639
61	95	1.04474
61	111	0.928675
61	131	0.901415
61	133	1.05315
61	137	1.08909
61	142	1.07154
61	148	1.05545
61	151	1.06693
61	168	0.900756
61	170	0.900519
61	173	1.09897
61	174	0.890928
61	179	0.902102
61	180	0.985249
62	15	0.870132
62	54	0.910595
62	100	0.994956
62	102	0.946566
62	104	0.840079
62	128	0.916365
62	135	1.03626
62	157	1.05852
62	164	1.06316
62	168	1.07752
62	170	1.07866
62	173	0.914672
62	176	1.0663
62	177	1.06933
62	178	1.07187
62	179	1.07838
63	1	1.0157
63	40	0.905177
63	51	0.986266
63	71	1.00074
63	89	0.979568
63	98	0.905961
63	107	1.07637
63	120	0.913885
63	123	0.953702
63	154	0.952027
63	156	1.0151
63	158	1.0672
63	168	1.04705
63	174	0.986972
63	177	1.071
63	180	1.13154
64	18	1.08667
64	47	0.942819
64	58	0.890962
64	84	0.987195
64	91	1.09454
64	104	0.998632
64	126	1.23472
64	134	0.906321
64	149	1.21386
64	152	0.897346
64	160	0.916343
64	161	0.915694
64	162	0.902772
64	163	1.08955
64	174	0.949183
64	179	1.0875
64	180	0.892733
65	14	0.92636
65	45	0.952399
65	61	1.09639
65	73	1.04047
65	95	0.990723
65	119	1.03113
65	121	0.975791
65	132	1.05791
65	133	0.999129
65	142	1.01752
65	148	1.00143
65	151	1.01291
65	172	0.987729
65	174	0.956037
65	175	0.941302
65	178	0.970645
65	180	1.05036
66	16	1.04424
66	19	0.979409
66	38	0.930476
66	49	1.00541
66	68	1.04252
66	69	1.04449
66	72	1.06045
66	85	1.05515
66	88	1.01578
66	94	0.993691
66	124	0.978206
66	141	0.91667
66	152	1.03919
66	168	0.954937
66	171	0.970504
66	175	1.02207
66	179	0.956283
67	26	0.976179
67	52	1.01712
67	54	1.01977
67	97	1.02676
67	102	0.994707
67	108	1.04705
67	116	0.994415
67	117	1.0319
67	118	1.02627
67	139	0.937398
67	145	1.05638
67	152	0.997373
67	158	1.0185
67	169	0.928845
67	175	1.02352
67	179	0.914463
67	180	0.99761
68	2	1.05829
68	16	1.04847
68	19	0.98364
68	20	1.29178
68	38	0.934707
68	48	1.01704
68	49	1.00964
68	66	1.04252
68	85	1.05938
68	88	1.02001
68	143	0.970105
68	153	0.891219
68	155	0.893527
68	166	0.90042
68	172	0.927717
68	175	1.0263
68	176	0.9334
69	49	1.01161
69	66	1.04449
69	85	1.06135
69	120	0.972478
69	123	1.01229
69	141	0.910095
69	149	1.07606
69	157	0.976074
69	158	0.96851
69	160	1.01272
69	161	1.01208
69	162	0.999154
69	174	1.04556
69	175	1.02826
69	176	0.975909
69	178	0.953142
69	179	0.949707
70	11	0.872374
70	17	1.05074
70	44	0.951419
70	83	1.06289
70	101	1.04351
70	104	1.08711
70	105	0.984796
70	113	0.987522
70	134	0.994795
70	138	1.04286
70	150	1.01516
70	156	0.911656
70	160	1.00482
70	161	1.00417
70	162	0.991246
70	172	0.965472
70	174	1.03766
71	35	1.08548
71	40	0.972419
71	63	1.00074
71	89	1.04681
71	93	1.03934
71	98	0.973203
71	103	1.02573
71	120	0.981127
71	123	1.02094
71	136	0.927477
71	146	0.99221
71	157	0.975834
71	167	1.00257
71	171	0.963688
71	174	1.05421
71	176	0.975668
71	177	0.972067
72	38	0.952635
72	41	1.07108
72	49	1.02757
72	55	0.951447
72	66	1.06045
72	107	0.969638
72	120	0.98844
72	121	0.950244
72	123	1.02826
72	154	1.02658
72	160	1.02869
72	161	1.02804
72	162	1.01512
72	164	0.963328
72	169	0.956047
72	175	1.04423
72	178	0.945098
73	18	0.922261
73	41	1.05251
73	65	1.04047
73	75	1.041
73	95	0.988816
73	122	0.952644
73	132	1.056
73	133	0.997222
73	137	1.03317
73	142	1.01562
73	148	0.999526
73	151	1.011
73	152	1.006
73	158	1.01719
73	170	0.921508
73	177	0.945692
73	180	1.00624
74	46	1.01812
74	52	1.00951
74	60	1.07444
74	81	1.04649
74	97	1.01914
74	101	1.17091
74	105	1.1122
74	109	0.991656
74	116	0.986805
74	117	1.02429
74	118	1.01866
74	152	1.15527
74	158	1.01089
74	160	0.0506015
74	171	1.08658
74	178	1.0758
74	180	1.15551
75	23	0.999
75	73	1.041
75	91	0.960963
75	95	0.99126
75	119	1.03166
75	124	0.975849
75	132	1.05844
75	133	0.999667
75	142	1.01806
75	143	1.01683
75	148	1.00197
75	151	1.01345
75	156	0.920628
75	165	0.978697
75	173	1.04549
75	176	0.980127
75	177	0.976526
76	41	1.12605
76	47	0.990655
76	79	0.971916
76	86	1.018
76	87	1.01848
76	94	1.03405
76	96	1.04364
76	115	0.950305
76	134	0.954158
76	150	0.974527
76	159	1.00466
76	160	0.964179
76	161	0.963531
76	162	0.950609
76	167	1.04974
76	175	0.970728
76	176	1.02284
76	178	1.00007
77	13	0.886928
77	29	1.12427
77	30	0.986539
77	43	1.08466
77	109	0.969511
77	110	0.995376
77	113	1.20047
77	125	0.955502
77	127	0.955502
77	130	0.927874
77	152	0.959226
77	155	1.14423
77	159	1.16592
77	162	0.208123
77	171	1.17212
77	175	1.13199
77	176	1.1841
77	180	0.954613
78	6	1.01073
78	46	0.987726
78	52	0.979111
78	97	0.988748
78	105	1.04689
78	109	0.961258
78	116	0.956408
78	117	0.993893
78	118	0.98826
78	136	0.985055
78	154	0.967866
78	157	1.03341
78	158	0.980494
78	159	1.01506
78	168	1.0057
78	175	0.985511
78	176	1.03325
78	180	1.09019
79	17	1.02843
79	26	1.08535
79	76	0.971916
79	86	1.03632
79	115	0.968626
79	134	0.972478
79	136	1.00164
79	145	0.937219
79	150	0.992847
79	160	0.9825
79	161	0.981851
79	162	0.968929
79	163	1.02568
79	165	1.04841
79	168	1.02229
79	175	0.997726
79	178	1.02707
79	180	0.95889
80	13	1.00807
80	25	1.08768
80	42	1.15251
80	101	0.989105
80	110	1.11652
80	125	1.07664
80	127	1.07664
80	129	1.10374
80	130	1.04902
80	138	1.05342
80	141	0.850941
80	170	0.888971
80	171	0.904774
80	174	0.879379
80	177	0.913154
80	178	0.893988
80	179	0.890553
80	180	1.07575
81	32	1.08111
81	54	1.03267
81	56	1.02534
81	60	1.09495
81	74	1.04649
81	90	1.07154
81	94	0.960077
81	99	1.04479
81	113	0.965237
81	114	0.998527
81	116	1.00732
81	142	1.02984
81	148	1.01375
81	151	1.02522
81	156	0.889371
81	159	0.930688
81	163	0.924719
81	172	0.943187
81	178	0.926103
82	4	1.07762
82	9	1.06488
82	24	1.00904
82	31	1.02207
82	56	1.03395
82	92	1.03412
82	99	1.0534
82	114	1.00714
82	128	1.03744
82	129	1.03386
82	131	0.917299
82	140	1.02647
82	145	1.0599
82	152	1.0009
82	156	0.884688
82	163	0.920036
82	167	0.971087
82	170	0.916403
82	177	0.940586
83	12	0.918345
83	58	1.00745
83	70	1.06289
83	87	1.08713
83	106	1.02122
83	115	1.01896
83	122	0.978636
83	136	0.927093
83	150	1.04318
83	160	1.03283
83	161	1.03218
83	162	1.01926
83	167	1.00218
83	168	0.947737
83	171	0.963304
83	174	1.06567
83	175	0.923174
83	179	0.949083
83	180	1.00922
84	17	1.09154
84	44	0.992219
84	64	0.987195
84	91	0.942117
84	103	0.979228
84	106	1.034
84	112	1.05803
84	131	0.934393
84	134	1.03559
84	143	0.997986
84	145	1.00033
84	156	0.901782
84	160	1.04562
84	161	1.04497
84	162	1.03204
84	164	0.956744
84	169	0.949463
84	171	0.949301
84	174	1.07846
85	2	1.07092
85	16	1.0611
85	19	0.996271
85	38	0.947338
85	49	1.02227
85	66	1.05515
85	68	1.05938
85	69	1.06135
85	88	1.03264
85	111	0.929076
85	136	1.05464
85	138	1.00041
85	143	0.965409
85	145	1.04442
85	155	0.888831
85	174	0.891329
85	175	1.03893
85	178	0.905938
85	180	0.98565
86	76	1.018
86	79	1.03632
86	104	1.11087
86	106	1.01697
86	112	1.041
86	119	0.0590839
86	136	1.05125
86	150	1.03893
86	153	1.05726
86	160	1.02858
86	161	1.02793
86	162	1.01501
86	164	1.09491
86	165	1.09801
86	170	1.07166
86	174	1.06142
86	176	1.09944
86	178	1.07668
86	180	1.00497
87	22	0.988035
87	50	1.04756
87	76	1.01848
87	83	1.08713
87	103	0.953654
87	106	1.01745
87	112	1.04148
87	149	1.03586
87	150	1.03941
87	152	1.01007
87	158	0.928308
87	160	1.02906
87	161	1.02842
87	162	1.01549
87	167	0.962608
87	170	0.907923
87	171	0.923727
87	173	1.06545
87	179	0.909506
88	2	1.03154
88	12	1.02543
88	16	1.02173
88	19	0.956897
88	38	0.907963
88	48	0.990292
88	49	0.982896
88	55	0.971739
88	66	1.01578
88	68	1.02001
88	85	1.03264
88	136	1.01527
88	138	1.05986
88	149	1.08831
88	158	0.980759
88	167	1.01506
88	168	0.960611
88	172	0.982475
88	174	0.950782
88	175	0.999555
89	35	1.0643
89	40	0.951245
89	51	1.03233
89	63	0.979568
89	71	1.04681
89	91	1.09659
89	93	1.01816
89	94	1.12697
89	98	0.952029
89	101	0.964691
89	120	0.959953
89	121	1.09814
89	123	0.999769
89	135	1.14648
89	152	1.17247
89	154	0.998095
89	162	0.139778
89	174	1.03304
89	176	1.11576
89	177	1.11216
90	52	1.07873
90	55	0.940773
90	81	1.07154
90	95	1.1698
90	108	1.07427
90	129	1.12183
90	143	0.917868
90	144	0.919582
90	147	0.945604
90	149	0.874864
90	160	1.20261
90	162	1.27459
90	164	0.916752
90	167	0.907922
90	169	0.93437
90	172	0.941998
90	176	0.919896
90	177	0.922929
90	178	0.925465
90	179	0.931978
91	27	1.03743
91	50	0.966576
91	57	0.975619
91	64	1.09454
91	75	0.960963
91	84	0.942117
91	89	1.09659
91	104	0.924761
91	126	0.939357
91	153	1.00999
91	165	0.99893
91	166	1.01959
91	167	0.991215
91	169	1.01766
91	170	1.01554
91	176	1.00319
91	177	1.00622
91	178	1.00876
91	179	1.01527
91	180	0.974278
92	4	1.02752
92	9	1.01479
92	31	0.971977
92	37	1.05612
92	48	0.985671
92	56	0.983851
92	82	1.03412
92	99	1.00331
92	100	1.00189
92	114	0.957039
92	128	0.98734
92	135	1.02955
92	140	0.976369
92	143	1.03553
92	144	0.983038
92	147	0.909589
92	152	1.05553
92	175	0.946712
92	177	0.995221
92	180	1.05577
93	1	1.05429
93	35	1.05683
93	40	0.943772
93	51	1.02486
93	71	1.03934
93	89	1.01816
93	98	0.944556
93	101	0.957218
93	120	0.95248
93	123	0.992297
93	145	1.11575
93	154	0.990622
93	156	0.940543
93	159	0.981859
93	166	0.967061
93	167	1.02694
93	174	1.02557
93	175	0.947932
93	179	0.97384
93	180	1.05699
94	54	1.02565
94	66	0.993691
94	76	1.03405
94	81	0.960077
94	89	1.12697
94	115	1.06291
94	131	0.980645
94	143	0.960245
94	153	0.969073
94	162	1.16312
94	164	0.959129
94	165	0.958014
94	166	0.97867
94	170	0.974628
94	171	0.965442
94	172	0.984376
94	173	1.02973
94	176	0.962274
94	177	0.965307
94	178	0.967842
94	179	0.974355
95	59	0.918083
95	61	1.04474
95	65	0.990723
95	73	0.988816
95	75	0.99126
95	90	1.1698
95	119	0.979476
95	121	1.02951
95	133	0.94748
95	137	0.983425
95	142	0.965874
95	145	0.911637
95	146	1.06367
95	148	0.949784
95	151	0.961259
95	157	1.04729
95	158	0.967443
95	159	1.02894
95	166	1.01415
95	169	1.03531
95	179	1.02093
96	21	1.03953
96	39	0.886
96	50	1.07272
96	58	1.02884
96	76	1.04364
96	115	1.04035
96	121	0.9332
96	124	0.946543
96	134	1.0442
96	150	1.06457
96	157	0.950986
96	158	0.943422
96	159	0.932638
96	160	1.05423
96	161	1.05358
96	162	1.04066
96	164	0.946284
96	174	1.08707
96	177	0.94722
96	179	0.92462
96	180	1.03062
97	5	1.04077
97	6	1.0343
97	60	1.06761
97	67	1.02676
97	74	1.01914
97	78	0.988748
97	102	0.98027
97	108	1.03261
97	116	0.979979
97	117	1.01746
97	118	1.01183
97	141	0.932463
97	152	1.05499
97	153	0.956095
97	154	0.991437
97	163	0.974126
97	168	0.970729
97	172	0.992593
97	174	0.960901
97	175	1.00908
97	176	0.998277
97	179	0.972075
98	1	0.988161
98	3	0.981647
98	18	1.08456
98	35	0.990697
98	40	0.877639
98	51	0.958728
98	63	0.905961
98	71	0.973203
98	89	0.952029
98	93	0.944556
98	103	0.930947
98	120	0.886347
98	123	0.926163
98	131	1.0847
98	138	1.18329
98	153	1.06941
98	154	0.924489
98	156	1.05209
98	167	1.13849
98	174	0.959434
98	176	1.11159
98	179	1.08539
99	9	1.03407
99	12	1.02979
99	16	0.115177
99	28	0.961099
99	34	1.06232
99	56	1.00314
99	81	1.04479
99	82	1.0534
99	92	1.00331
99	100	1.02118
99	103	1.00303
99	114	0.976323
99	121	1.06911
99	128	1.00662
99	140	0.995653
99	145	1.20244
99	153	1.04455
99	155	1.04686
99	171	1.07475
99	173	1.03506
99	177	1.08313
99	180	1.14368
100	15	1.03593
100	24	0.976815
100	28	0.959688
100	33	1.05994
100	34	1.06091
100	37	1.07399
100	62	0.994956
100	92	1.00189
100	99	1.02118
100	114	0.974911
100	126	1.21982
100	128	1.00521
100	129	1.00164
100	140	0.994241
100	149	1.19896
100	151	0.0425186
100	156	1.0393
100	168	1.07125
100	169	1.08698
100	172	1.09312
100	173	1.03365
100	174	1.06143
101	27	1.12895
101	70	1.04351
101	74	1.17091
101	80	0.989105
101	89	0.964691
101	93	0.957218
101	103	0.943609
101	106	1.09767
101	114	0.916901
101	115	1.12406
101	119	1.15988
101	120	0.899009
101	123	0.938825
101	128	0.947202
101	140	0.936231
101	150	1.08053
101	157	0.936776
101	167	0.932583
101	173	0.975637
101	176	0.944557
101	178	0.950125
101	179	0.956638
102	5	1.00872
102	6	1.00225
102	46	0.979249
102	52	0.970633
102	60	1.03556
102	62	0.946566
102	67	0.994707
102	97	0.98027
102	108	1.00056
102	116	0.94793
102	117	0.985415
102	118	0.979783
102	122	1.05376
102	129	0.965866
102	147	0.961178
102	158	0.972017
102	163	1.02626
102	166	1.01743
102	169	1.03859
102	174	1.01304
102	175	0.977033
102	177	1.04681
102	180	1.10736
103	1	1.04069
103	5	0.994131
103	31	0.971701
103	54	1.03239
103	58	1.10064
103	71	1.02573
103	84	0.979228
103	87	0.953654
103	98	0.930947
103	99	1.00303
103	101	0.943609
103	118	0.959761
103	123	0.978687
103	125	1.07742
103	127	1.08119
103	128	0.987065
103	140	0.976093
103	142	1.01595
103	159	0.993007
103	171	0.987587
103	176	0.984419
103	177	0.987452
103	178	0.989987
104	47	1.08353
104	53	1.07617
104	55	0.927507
104	62	0.840079
104	64	0.998632
104	70	1.08711
104	86	1.11087
104	91	0.924761
104	106	1.04544
104	124	0.939647
104	134	1.04703
104	150	1.0674
104	160	1.05705
104	161	1.0564
104	162	1.04348
104	163	0.919774
104	164	0.939388
104	168	0.916378
104	173	1.09343
104	176	0.943925
104	177	0.940324
104	179	0.917724
104	180	1.03344
105	29	0.863239
105	46	1.012
105	70	0.984796
105	74	1.1122
105	78	1.04689
105	108	0.965241
105	130	1.104
105	131	0.994368
105	139	0.977913
105	143	0.973968
105	154	1.07397
105	155	0.987062
105	156	1.01181
105	157	0.968216
105	163	0.985261
105	166	0.992394
105	172	0.998099
105	173	1.03216
105	175	0.986236
105	176	0.975997
105	177	0.97903
105	178	0.981565
105	179	0.988078
106	21	0.94845
106	83	1.02122
106	84	1.034
106	86	1.01697
106	87	1.01745
106	101	1.09767
106	104	1.04544
106	112	0.975564
106	134	0.953127
106	138	1.09703
106	150	0.973496
106	156	0.965824
106	158	1.01792
106	160	0.963148
106	161	0.9625
106	162	0.949577
106	168	0.997776
106	171	1.01334
106	172	1.01964
106	173	0.99953
106	178	1.00256
106	179	0.999122
106	180	0.939538
107	8	0.97712
107	23	1.03704
107	54	1.01621
107	63	1.07637
107	72	0.969638
107	112	1.03028
107	129	1.00093
107	141	1.01397
107	143	0.977937
107	146	0.977702
107	148	1.00842
107	153	0.986766
107	159	0.988554
107	161	1.07846
107	165	0.975707
107	170	0.99232
107	171	0.983134
107	172	1.00207
107	175	0.990205
107	177	0.982999
107	178	0.985534
107	179	0.992047
107	180	0.951054
108	6	1.05459
108	46	1.03159
108	52	1.02298
108	54	1.02562
108	60	1.08791
108	67	1.04705
108	90	1.07427
108	97	1.03261
108	102	1.00056
108	105	0.965241
108	117	1.03776
108	118	1.03213
108	129	1.01821
108	138	0.967891
108	154	1.01173
108	157	0.951765
108	163	0.927449
108	165	0.95017
108	172	0.945917
108	174	0.914224
108	175	1.02938
108	177	0.947999
108	179	0.925398
108	180	1.00855
109	5	1.01328
109	28	1.0712
109	40	1.14312
109	58	1.08366
109	74	0.991656
109	77	0.969511
109	78	0.961258
109	116	0.952489
109	120	1.18861
109	125	0.943331
109	127	0.943331
109	130	0.915703
109	132	0.969615
109	138	0.920108
109	140	0.98674
109	142	0.998963
109	149	0.926321
109	151	1.07257
109	161	1.07765
109	169	0.985827
109	177	0.974386
109	178	0.976921
109	179	0.983434
109	180	0.942442
110	10	1.06138
110	13	0.900621
110	25	0.980233
110	26	1.05443
110	27	0.995464
110	29	1.13796
110	30	1.00023
110	42	1.04506
110	77	0.995376
110	80	1.11652
110	125	0.969196
110	127	0.969196
110	130	0.941568
110	131	0.992031
110	138	0.945973
110	144	1.00314
110	152	0.97292
110	155	0.979045
110	156	0.95942
110	157	1.01908
110	163	0.994768
110	165	1.01749
110	166	0.985938
110	171	1.00694
110	180	0.968307
111	3	0.953935
111	17	0.982681
111	23	1.03564
111	31	1.05522
111	54	1.01481
111	55	1.01359
111	61	0.928675
111	85	0.929076
111	124	0.994693
111	148	1.00702
111	150	1.00855
111	155	1.00378
111	157	0.984936
111	159	1.0013
111	160	1.0803
111	163	1.00198
111	165	0.988457
111	168	1.00393
111	170	1.00507
111	171	0.995885
111	172	1.01482
111	176	0.992717
111	177	0.99575
111	178	0.998285
111	179	1.0048
112	39	0.963683
112	47	1.01366
112	53	1.0063
112	84	1.05803
112	86	1.041
112	87	1.04148
112	106	0.975564
112	107	1.03028
112	115	0.973305
112	131	1.00162
112	134	0.977158
112	136	0.980312
112	144	1.01272
112	150	0.997527
112	154	0.985075
112	155	0.98863
112	159	1.01032
112	160	0.987179
112	161	0.986531
112	162	0.973608
112	168	1.00096
112	169	1.01668
112	174	1.02002
112	178	1.00574
112	180	0.963569
113	3	0.969931
113	59	1.08926
113	70	0.987522
113	77	1.20047
113	81	0.965237
113	124	0.96992
113	132	0.985019
113	133	1.13428
113	138	0.916698
113	140	1.00214
113	141	1.00195
113	150	1.02455
113	155	0.979008
113	156	1.00376
113	163	0.977207
113	167	0.955969
113	168	0.979157
113	169	0.982417
113	170	0.980298
113	171	0.971112
113	172	0.990045
113	173	1.03489
113	176	0.967943
113	177	0.970977
113	178	0.973512
113	179	0.980025
114	4	1.00054
114	15	0.991077
114	24	0.931959
114	31	0.944993
114	34	1.01605
114	37	1.02914
114	56	0.956867
114	81	0.998527
114	82	1.00714
114	92	0.957039
114	99	0.976323
114	100	0.974911
114	101	0.916901
114	124	1.04796
114	128	0.960357
114	135	1.08297
114	140	0.949385
114	141	0.986428
114	143	1.08895
114	147	0.963009
114	153	1.01006
114	158	1.04484
114	165	1.05081
114	173	0.988791
114	178	1.02948
114	180	1.10919
115	14	0.984653
115	17	1.00682
115	50	0.97938
115	58	0.935508
115	76	0.950305
115	79	0.968626
115	83	1.01896
115	94	1.06291
115	96	1.04035
115	101	1.12406
115	112	0.973305
115	141	0.985892
115	143	1.08841
115	150	0.971237
115	154	0.958785
115	155	1.01183
115	160	0.960889
115	161	0.960241
115	162	0.947318
115	163	1.02755
115	164	1.04717
115	173	0.997271
115	174	0.99373
115	177	1.0481
115	178	1.02894
115	180	0.937279
116	46	0.978957
116	54	0.97299
116	60	1.03527
116	67	0.994415
116	74	0.986805
116	78	0.956408
116	81	1.00732
116	97	0.979979
116	102	0.94793
116	109	0.952489
116	117	0.985123
116	118	0.979491
116	131	1.01462
116	135	1.07223
116	138	0.915257
116	139	1.03824
116	141	0.975693
116	146	1.05805
116	152	1.09822
116	153	0.999325
116	154	0.959097
116	158	0.971725
116	165	1.04008
116	175	0.976741
116	178	1.01874
116	180	1.09845
117	5	1.04592
117	46	1.01644
117	54	1.01048
117	60	1.07276
117	67	1.0319
117	74	1.02429
117	78	0.993893
117	97	1.01746
117	102	0.985415
117	108	1.03776
117	116	0.985123
117	118	1.01698
117	121	0.961143
117	129	1.00306
117	138	0.952742
117	144	0.962981
117	149	1.07892
117	154	0.996581
117	155	0.938891
117	158	1.00921
117	159	0.960582
117	167	1.00567
117	169	0.966946
117	172	0.973081
117	177	0.975164
117	178	0.955998
117	180	1.03571
118	5	1.04028
118	6	1.03381
118	54	1.00484
118	60	1.06712
118	67	1.02627
118	74	1.01866
118	78	0.98826
118	97	1.01183
118	102	0.979783
118	103	0.959761
118	108	1.03213
118	116	0.979491
118	117	1.01698
118	126	1.06283
118	129	0.997427
118	135	0.97254
118	145	1.05753
118	149	1.04197
118	152	0.998524
118	153	0.899633
118	154	0.990949
118	157	0.94198
118	158	1.00358
118	175	1.00859
118	176	0.941814
118	177	0.938213
118	180	0.99876
119	8	1.03207
119	18	1.0605
119	23	0.987216
119	32	1.05755
119	57	1.00391
119	65	1.03113
119	75	1.03166
119	86	0.0590839
119	95	0.979476
119	101	1.15988
119	132	1.04666
119	133	0.987883
119	136	1.02857
119	137	1.02383
119	141	1.02172
119	142	1.00628
119	145	0.95204
119	146	1.10408
119	148	0.990186
119	153	1.04535
119	156	1.02804
119	158	1.00785
119	173	1.0337
119	175	1.03542
119	176	1.08753
119	178	1.06477
119	180	1.14448
120	1	0.996085
120	3	0.989571
120	12	0.975931
120	35	0.998622
120	40	0.885563
120	51	0.966652
120	55	1.17123
120	63	0.913885
120	69	0.972478
120	71	0.981127
120	72	0.98844
120	89	0.959953
120	93	0.95248
120	98	0.886347
120	101	0.899009
120	109	1.18861
120	123	0.934087
120	135	1.21837
120	145	1.30336
120	154	0.932413
120	158	1.18025
120	170	1.15987
120	172	1.18197
120	173	0.0782747
120	174	0.967358
120	178	1.16488
120	179	1.16145
121	13	1.20162
121	65	0.975791
121	72	0.950244
121	89	1.09814
121	95	1.02951
121	96	0.9332
121	99	1.06911
121	117	0.961143
121	122	0.982487
121	127	1.04562
121	132	0.95103
121	142	0.980378
121	144	0.984382
121	146	0.982432
121	159	0.993284
121	164	0.981552
121	166	1.00109
121	167	0.972722
121	168	0.99591
121	169	0.99917
121	170	0.997051
121	171	0.987865
121	172	1.0068
121	176	0.984696
121	177	0.987729
121	178	0.990265
121	179	0.996778
121	180	0.955785
122	29	0.852949
122	31	1.0582
122	49	1.03836
122	50	0.989091
122	58	1.08604
122	73	0.952644
122	83	0.978636
122	102	1.05376
122	121	0.982487
122	133	1.12126
122	135	0.953115
122	141	1.01717
122	142	1.00135
122	143	0.981129
122	154	1.06368
122	155	0.994222
122	157	0.975377
122	164	0.980013
122	165	0.978898
122	166	0.999554
122	169	0.997631
122	170	0.995511
122	171	0.986326
122	172	1.00526
122	176	0.983157
122	177	0.98619
122	178	0.988726
122	179	0.995239
123	1	1.0359
123	3	1.02939
123	22	1.06379
123	35	1.03844
123	40	0.925379
123	51	1.00647
123	63	0.953702
123	69	1.01229
123	71	1.02094
123	72	1.02826
123	89	0.999769
123	93	0.992297
123	98	0.926163
123	101	0.938825
123	103	0.978687
123	120	0.934087
123	136	0.963266
123	145	1.12717
123	149	1.11161
123	154	0.972229
123	166	0.978477
123	168	0.98391
123	170	0.983673
123	174	1.00717
123	175	0.959347
123	178	0.988691
123	179	0.985256
123	180	1.0684
124	15	0.969701
124	23	1.03099
124	24	1.05931
124	26	0.970824
124	66	0.978206
124	75	0.975849
124	96	0.946543
124	104	0.939647
124	111	0.994693
124	113	0.96992
124	114	1.04796
124	130	1.08608
124	144	0.987029
124	146	0.985079
124	147	1.01305
124	149	0.942311
124	162	1.14764
124	163	0.996607
124	164	0.984199
124	167	0.975369
124	168	0.998556
124	170	0.999697
124	171	0.990511
124	172	1.00944
124	173	1.01424
124	177	0.990376
124	178	0.992911
124	179	0.999424
125	10	1.0215
125	11	0.960693
125	13	0.860748
125	25	0.940359
125	26	1.09499
125	27	0.95559
125	29	1.09809
125	30	0.960359
125	39	0.994653
125	42	1.00519
125	43	1.05848
125	77	0.955502
125	80	1.07664
125	103	1.07742
125	109	0.943331
125	110	0.969196
125	126	1.18049
125	127	0.929322
125	129	0.956417
125	130	0.901694
125	135	1.0902
125	138	0.906099
125	152	0.933046
125	157	1.05964
125	163	1.03532
125	164	1.05494
125	172	1.05379
125	175	1.00736
125	180	0.928433
126	6	1.05414
126	20	0.805223
126	55	0.942411
126	64	1.23472
126	91	0.939357
126	100	1.21982
126	118	1.06283
126	125	1.18049
126	130	1.21137
126	135	0.891492
126	137	1.1687
126	144	0.92122
126	146	0.91927
126	149	0.876502
126	150	1.1292
126	151	1.19263
126	153	0.928334
126	159	0.930122
126	163	0.930798
126	166	0.937931
126	167	0.90956
126	171	0.924703
126	172	0.943636
126	173	1.13954
126	176	0.921534
126	177	0.924567
126	178	0.927103
126	179	0.933616
126	180	0.892623
127	10	1.0215
127	13	0.860748
127	25	0.940359
127	27	0.95559
127	29	1.09809
127	30	0.960359
127	42	1.00519
127	43	1.05848
127	77	0.955502
127	80	1.07664
127	103	1.08119
127	109	0.943331
127	110	0.969196
127	121	1.04562
127	125	0.929322
127	129	0.956417
127	130	0.901694
127	138	0.906099
127	144	1.04745
127	145	1.17895
127	147	0.974005
127	152	0.933046
127	165	1.06181
127	166	1.03026
127	167	1.09014
127	171	1.05126
127	175	1.01113
127	178	1.04047
127	180	0.928433
128	4	1.03084
128	9	1.0181
128	24	0.962261
128	28	0.945133
128	31	0.975295
128	33	1.04538
128	34	1.04635
128	37	1.05944
128	56	0.987169
128	62	0.916365
128	82	1.03744
128	92	0.98734
128	99	1.00662
128	100	1.00521
128	101	0.947202
128	103	0.987065
128	114	0.960357
128	139	1.01695
128	140	0.979687
128	146	1.03675
128	147	0.930977
128	163	0.99606
128	165	1.01878
128	169	1.00839
128	173	1.01909
128	174	0.982836
128	176	1.02021
128	177	1.01661
128	179	0.99401
128	180	1.07716
129	10	1.0486
129	12	0.942213
129	15	1.01781
129	33	1.04181
129	52	0.988278
129	54	0.990927
129	80	1.10374
129	82	1.03386
129	90	1.12183
129	100	1.00164
129	102	0.965866
129	107	1.00093
129	108	1.01821
129	117	1.00306
129	118	0.997427
129	125	0.956417
129	127	0.956417
129	130	0.928789
129	136	0.950961
129	139	0.995886
129	140	0.976113
129	145	1.11486
129	146	1.01569
129	156	0.939653
129	165	0.997723
129	166	0.966172
129	172	0.993469
129	173	1.01552
129	179	0.972951
129	180	0.955527
130	10	0.993874
130	13	0.83312
130	25	0.912731
130	27	0.927962
130	29	1.07046
130	30	0.932731
130	36	1.06968
130	42	0.977562
130	43	1.03086
130	77	0.927874
130	80	1.04902
130	105	1.104
130	109	0.915703
130	110	0.941568
130	124	1.08608
130	125	0.901694
130	126	1.21137
130	127	0.901694
130	129	0.928789
130	138	0.878471
130	139	1.08709
130	144	1.07457
130	152	0.905418
130	157	1.09052
130	163	1.0662
130	165	1.08892
130	170	1.06257
130	174	1.05298
130	177	1.08675
130	180	0.900805
131	7	1.16594
131	18	0.983167
131	56	0.916935
131	61	0.901415
131	82	0.917299
131	84	0.934393
131	94	0.980645
131	98	1.0847
131	105	0.994368
131	110	0.992031
131	112	1.00162
131	116	1.01462
131	132	0.941764
131	134	1.1338
131	135	0.973696
131	149	0.958706
131	153	1.01054
131	155	1.0148
131	159	1.01233
131	163	1.013
131	164	1.00059
131	168	1.01495
131	171	1.00691
131	172	1.02584
131	173	0.991631
131	176	1.00374
131	177	1.00677
131	178	1.00931
131	179	1.01582
131	180	0.974826
132	7	1.06038
132	23	1.014
132	32	1.08433
132	39	0.903831
132	45	0.967933
132	57	1.03069
132	59	0.985266
132	65	1.05791
132	73	1.056
132	75	1.05844
132	109	0.969615
132	113	0.985019
132	119	1.04666
132	121	0.95103
132	131	0.941764
132	133	1.01466
132	136	1.05535
132	137	1.05061
132	139	0.965386
132	142	1.03306
132	145	0.97882
132	148	1.01697
132	151	1.02844
132	155	0.928778
132	170	0.940867
132	171	0.956671
132	173	1.06048
132	174	0.931276
132	176	0.968651
132	179	0.94245
132	180	1.0256
133	7	1.00161
133	8	1.00007
133	43	0.122953
133	45	0.909156
133	57	0.971918
133	59	0.92649
133	61	1.05315
133	65	0.999129
133	73	0.997222
133	75	0.999667
133	95	0.94748
133	113	1.13428
133	119	0.987883
133	122	1.12126
133	132	1.01466
133	137	0.991831
133	142	0.97428
133	145	0.920044
133	148	0.95819
133	151	0.969665
133	152	1.17462
133	158	0.975849
133	164	1.11338
133	167	1.14481
133	168	1.09037
133	169	1.10609
133	173	1.00171
133	174	1.08054
133	176	1.11791
133	177	1.11431
133	179	1.09171
134	11	1.06191
134	47	0.991218
134	50	0.983233
134	64	0.906321
134	70	0.994795
134	76	0.954158
134	79	0.972478
134	84	1.03559
134	96	1.0442
134	104	1.04703
134	106	0.953127
134	112	0.977158
134	131	1.1338
134	136	1.1125
134	137	0.0804744
134	147	1.07145
134	150	0.97509
134	152	0.945746
134	155	1.12081
134	158	1.15329
134	160	0.964742
134	161	0.964094
134	162	0.951171
134	163	1.13654
134	165	1.15926
134	173	1.00112
134	174	0.997583
134	175	1.10858
134	178	1.13792
134	179	1.13449
134	180	0.941132
135	1	0.9824
135	2	0.981596
135	21	1.09383
135	62	1.03626
135	89	1.14648
135	92	1.02955
135	114	1.08297
135	116	1.07223
135	118	0.97254
135	120	1.21837
135	122	0.953115
135	125	1.0902
135	126	0.891492
135	131	0.973696
135	140	1.0165
135	143	0.953296
135	146	0.95306
135	149	0.910292
135	153	0.962124
135	159	0.963912
135	160	1.11066
135	163	0.964589
135	165	0.951065
135	166	0.971721
135	169	0.969798
135	170	0.967679
135	171	0.958493
135	172	0.977426
135	176	0.955325
135	177	0.958358
135	178	0.960893
135	179	0.967406
136	17	0.934117
136	19	0.978896
136	33	0.903547
136	38	0.929963
136	49	1.0049
136	71	0.927477
136	78	0.985055
136	79	1.00164
136	83	0.927093
136	85	1.05464
136	86	1.05125
136	88	1.01527
136	112	0.980312
136	119	1.02857
136	123	0.963266
136	129	0.950961
136	132	1.05535
136	134	1.1125
136	137	1.03252
136	142	1.01497
136	148	0.99888
136	149	0.966284
136	151	1.01035
136	152	0.987018
136	160	1.03174
136	161	1.0285
136	168	1.02253
136	170	1.02367
136	175	1.02155
136	177	1.01435
136	178	1.01688
136	179	1.0234
137	7	1.03755
137	8	1.03601
137	23	0.991164
137	45	0.945101
137	57	1.00786
137	59	0.962434
137	61	1.08909
137	73	1.03317
137	95	0.983425
137	119	1.02383
137	126	1.1687
137	132	1.05061
137	133	0.991831
137	134	0.0804744
137	136	1.03252
137	138	1.11938
137	142	1.01022
137	145	0.955988
137	148	0.994134
137	151	1.00561
137	158	1.01179
137	159	1.0295
137	164	1.04314
137	166	1.0147
137	167	1.07458
137	169	1.03586
137	172	1.042
137	173	1.03765
137	174	1.0103
137	176	1.04768
137	177	1.04408
137	180	1.10463
138	43	1.03526
138	46	0.946576
138	54	0.940609
138	56	1.01553
138	59	1.1446
138	70	1.04286
138	80	1.05342
138	85	1.00041
138	88	1.05986
138	98	1.18329
138	106	1.09703
138	108	0.967891
138	109	0.920108
138	110	0.945973
138	113	0.916698
138	116	0.915257
138	117	0.952742
138	125	0.906099
138	127	0.906099
138	130	0.878471
138	137	1.11938
138	142	1.0697
138	155	0.945186
138	161	1.14839
138	162	1.22362
138	166	0.950518
138	170	0.946475
138	173	1.09022
138	175	0.94436
138	177	0.937154
138	178	0.93969
138	179	0.946203
138	180	0.90521
