1	22	0.786775
1	27	0.879289
1	28	0.881654
1	56	0.818439
1	57	0.815616
1	71	0.874658
1	94	0.821131
1	104	0.865091
1	106	0.798686
1	116	0.86177
1	158	1.14306
1	179	4.48772
2	16	0.795287
2	29	0.862139
2	31	0.859187
2	39	0.852724
2	40	0.858723
2	43	0.781998
2	53	0.844711
2	63	0.905674
2	95	0.82238
2	103	0.824728
2	158	2.36916
2	161	3.35772
3	49	0.851544
3	86	0.851629
3	122	0.858097
3	127	0.860903
3	135	0.832254
3	137	0.831526
3	138	0.826833
3	139	0.832808
3	140	0.83319
3	141	0.820324
3	176	3.8135
3	177	1.89507
4	19	0.965368
4	29	0.955136
4	33	0.929887
4	39	0.945721
4	44	0.92333
4	53	0.937707
4	54	0.911796
4	95	0.915377
4	103	0.917725
4	142	1.95981
4	153	1.46824
4	178	3.23317
5	17	0.882864
5	27	0.884461
5	28	0.886825
5	56	0.823611
5	57	0.820787
5	79	0.856606
5	94	0.826302
5	104	0.870263
5	106	0.803857
5	144	0.747674
5	167	1.75942
5	171	3.94753
6	12	0.98577
6	13	0.89631
6	64	0.911272
6	92	0.91617
6	96	2.48278
6	110	0.941728
6	111	0.94171
6	112	0.941689
6	132	1.27387
6	136	0.964785
6	145	0.900614
6	156	2.94954
7	48	0.843312
7	90	0.843588
7	91	1.372
7	97	0.889479
7	101	0.830645
7	124	0.842395
7	137	0.832239
7	138	0.827546
7	139	0.833521
7	140	0.833903
7	141	0.821037
7	178	4.05108
8	62	1.37309
8	82	0.907907
8	93	0.957195
8	113	0.965105
8	114	0.961731
8	117	0.94451
8	125	0.950732
8	126	0.979909
8	136	1.87008
8	145	3.14218
8	175	0.852951
8	178	0.880438
9	19	0.866395
9	29	0.856162
9	43	0.776021
9	44	0.824356
9	53	0.838734
9	54	0.812822
9	61	0.893128
9	63	0.899697
9	95	0.816403
9	103	0.818751
9	119	1.77785
9	175	4.96736
10	65	0.82361
10	76	0.910763
10	105	0.882006
10	109	0.875308
10	114	0.85143
10	117	0.834209
10	125	0.840431
10	126	0.869609
10	163	3.46206
10	175	0.74265
10	177	2.23062
10	178	0.770137
11	24	1.46476
11	65	0.947212
11	70	0.954778
11	82	0.921207
11	117	0.95781
11	125	0.964033
11	126	0.99321
11	129	0.902633
11	159	1.3818
11	175	0.866252
11	176	3.93196
11	178	0.893739
12	6	0.98577
12	20	0.949046
12	77	0.945483
12	92	0.902025
12	108	1.11298
12	110	0.927583
12	111	0.927565
12	112	0.927544
12	136	0.95064
12	145	0.886469
12	165	2.99432
12	174	2.62952
13	6	0.89631
13	52	0.895967
13	59	0.821981
13	64	0.807668
13	77	0.856023
13	92	0.812566
13	110	0.838123
13	111	0.838105
13	112	0.838085
13	119	2.46169
13	132	2.91904
13	145	0.797009
14	22	0.786687
14	28	0.881565
14	31	0.849729
14	34	0.845747
14	58	0.819462
14	71	0.874569
14	94	0.821042
14	104	0.865003
14	106	0.798597
14	116	0.861681
14	145	2.74482
14	159	2.82142
15	23	0.966803
15	26	0.966692
15	101	0.922679
15	124	0.934429
15	135	0.925001
15	137	0.924273
15	138	0.91958
15	139	0.925555
15	141	0.913071
15	154	1.27688
15	160	2.63499
15	169	2.86691
16	2	0.795287
16	19	0.86425
16	29	0.854018
16	39	0.844603
16	53	0.836589
16	54	0.810678
16	61	0.890983
16	75	0.873487
16	95	0.814259
16	103	0.816607
16	154	3.06063
16	157	2.55215
17	5	0.882864
17	22	0.879798
17	35	0.977243
17	56	0.911462
17	57	0.908638
17	79	0.944457
17	88	1.01152
17	94	0.914153
17	104	0.958114
17	106	0.891708
17	144	0.835525
17	147	3.7519
17	153	1.91329
18	35	1.45028
18	36	2.43265
18	78	0.932263
18	97	0.951711
18	122	0.921043
18	124	0.904627
18	127	0.923848
18	135	0.895199
18	137	0.894471
18	139	0.895753
18	140	0.896135
18	141	0.883269
18	160	3.84234
19	4	0.965368
19	9	0.866395
19	16	0.86425
19	29	0.931102
19	33	0.905853
19	40	0.927686
19	54	0.887762
19	61	0.968068
19	95	0.891343
19	103	0.893691
19	129	2.37935
19	160	1.87166
19	173	2.92384
20	12	0.949046
20	38	0.919496
20	59	0.888862
20	60	0.899579
20	77	0.922904
20	92	0.879447
20	110	0.905004
20	111	0.904987
20	112	0.904966
20	136	0.928062
20	143	1.9316
20	167	2.4513
20	177	2.63162
21	32	0.877135
21	60	0.925978
21	67	0.98006
21	113	0.93397
21	114	0.930596
21	117	0.913374
21	125	0.919597
21	126	0.948774
21	142	1.52714
21	144	3.18484
21	167	2.21682
21	175	0.821816
21	178	0.849303
22	1	0.786775
22	14	0.786687
22	17	0.879798
22	58	0.821656
22	71	0.876763
22	79	0.85354
22	94	0.823236
22	104	0.867197
22	106	0.800791
22	116	0.863875
22	144	0.744608
22	163	3.81181
22	180	2.17468
23	15	0.966803
23	25	1.09404
23	90	0.910493
23	124	0.9093
23	127	0.928521
23	135	0.899872
23	137	0.899144
23	138	0.894451
23	139	0.900426
23	140	0.900808
23	141	0.887942
23	166	3.19777
23	180	2.48925
24	11	1.46476
24	41	0.88215
24	110	0.872327
24	111	0.87231
24	112	0.872289
24	113	1.34596
24	144	0.780725
24	145	0.831214
24	154	0.838274
24	165	0.795624
24	176	0.774323
24	179	0.761606
24	180	0.819423
25	23	1.09404
25	52	0.00997486
25	67	0.483872
25	143	0.974036
25	151	0.944384
25	152	0.925414
25	154	0.941483
25	162	0.849856
25	164	0.886943
25	176	0.877532
25	177	0.913709
25	179	0.864815
25	180	0.922632
26	15	0.966692
26	37	1.22948
26	48	0.910107
26	124	0.909189
26	127	0.928411
26	135	0.899761
26	137	0.899034
26	138	0.894341
26	139	0.900315
26	140	0.900697
26	141	0.887832
26	177	1.62368
26	179	4.25674
27	1	0.879289
27	5	0.884461
27	34	0.940455
27	56	0.913058
27	57	0.910235
27	71	0.969277
27	94	0.91575
27	104	0.95971
27	106	0.893305
27	144	0.837122
27	149	4.01787
27	153	1.05414
27	180	2.01002
28	1	0.881654
28	5	0.886825
28	14	0.881565
28	31	0.946801
28	34	0.942819
28	79	0.948418
28	94	0.918114
28	104	0.962075
28	106	0.895669
28	144	0.839486
28	151	2.12247
28	159	1.93245
28	166	2.86699
29	2	0.862139
29	4	0.955136
29	9	0.856162
29	16	0.854018
29	19	0.931102
29	33	0.895621
29	43	0.840728
29	54	0.87753
29	63	0.964405
29	95	0.881111
29	100	1.61978
29	103	0.883459
29	148	3.84855
29	157	1.94358
30	87	0.898099
30	97	0.936103
30	122	0.905434
30	124	0.889018
30	127	0.90824
30	135	0.87959
30	137	0.878863
30	138	0.87417
30	139	0.880145
30	140	0.880526
30	141	0.867661
30	159	1.61762
30	169	3.32214
30	172	2.40269
31	2	0.859187
31	14	0.849729
31	28	0.946801
31	40	0.914501
31	61	0.954883
31	63	0.961453
31	81	1.23929
31	94	0.886278
31	95	0.878159
31	103	0.880506
31	106	0.863833
31	144	0.80765
31	148	2.75738
31	149	3.48029
32	21	0.877135
32	70	0.808211
32	76	0.887797
32	82	0.77464
32	93	0.823928
32	99	6.3
32	105	0.85904
32	114	0.828464
32	117	0.811243
32	125	0.817465
32	126	0.846643
32	174	1.24863
32	175	0.719684
32	178	0.747171
33	4	0.929887
33	19	0.905853
33	29	0.895621
33	40	0.892204
33	43	0.815479
33	44	0.863814
33	61	0.932586
33	63	0.939156
33	75	0.915089
33	81	2.04326
33	95	0.855862
33	103	0.858209
33	107	1.41947
33	152	3.57865
34	14	0.845747
34	27	0.940455
34	28	0.942819
34	56	0.879605
34	57	0.876781
34	58	0.880716
34	71	0.935823
34	79	0.9126
34	104	0.926257
34	106	0.859851
34	123	1.88115
34	128	1.62222
34	144	0.803668
34	164	3.91096
35	17	0.977243
35	18	1.45028
35	57	0.915166
35	58	0.919101
35	79	0.950985
35	106	0.898236
35	126	0.565888
35	140	0.122909
35	164	0.845062
35	171	0.840181
35	174	0.865083
35	176	0.835652
35	177	0.871828
35	180	0.880751
36	18	2.43265
36	48	0.242746
36	129	0.818737
36	156	0.838876
36	162	0.766264
36	163	0.815725
36	167	0.861588
36	168	0.816289
36	172	0.830505
36	173	0.80476
36	176	0.79394
36	177	0.830116
36	179	0.781223
36	180	0.839039
37	26	1.22948
37	112	0.610069
37	124	0.069863
37	150	0.902698
37	160	0.896584
37	161	0.920255
37	163	0.883889
37	164	0.871514
37	172	0.898669
37	174	0.891535
37	177	0.89828
37	178	0.878007
37	179	0.849387
37	180	0.907203
38	20	0.919496
38	52	0.955876
38	59	0.88189
38	64	0.867577
38	92	0.872475
38	102	3.06297
38	110	0.898032
38	111	0.898014
38	112	0.897994
38	115	0.832963
38	136	0.921089
38	145	0.856918
38	154	1.45884
38	168	2.77941
39	2	0.852724
39	4	0.945721
39	16	0.844603
39	43	0.831313
39	44	0.879649
39	45	1.90665
39	54	0.868115
39	61	0.94842
39	63	0.95499
39	75	0.930924
39	95	0.871696
39	103	0.874044
39	153	1.34101
39	155	4.00453
40	2	0.858723
40	19	0.927686
40	31	0.914501
40	33	0.892204
40	43	0.837312
40	44	0.885648
40	53	0.900025
40	54	0.874114
40	61	0.954419
40	74	1.03268
40	95	0.877695
40	103	0.880043
40	131	3.45273
40	177	2.87321
41	24	0.88215
41	52	0.951208
41	64	0.862908
41	77	0.911263
41	85	0.902145
41	92	0.867806
41	110	0.893363
41	111	0.893346
41	112	0.893325
41	115	0.828294
41	129	2.95017
41	133	1.30481
41	136	0.916421
41	170	3.01312
42	84	1.85167
42	86	0.898157
42	87	0.89729
42	97	0.935294
42	116	1.77625
42	122	0.904626
42	127	0.907431
42	134	3.07826
42	135	0.878782
42	137	0.878054
42	138	0.873361
42	139	0.879336
42	140	0.879718
42	141	0.866852
43	2	0.781998
43	9	0.776021
43	29	0.840728
43	33	0.815479
43	39	0.831313
43	40	0.837312
43	44	0.808922
43	53	0.8233
43	54	0.797388
43	63	0.884263
43	91	2.03062
43	95	0.800969
43	103	0.803317
43	156	4.01118
44	4	0.92333
44	9	0.824356
44	33	0.863814
44	39	0.879649
44	40	0.885648
44	43	0.808922
44	54	0.845724
44	61	0.926029
44	63	0.932599
44	74	2.24529
44	75	0.908533
44	95	0.849305
44	103	0.851653
44	133	2.09273
44	157	3.0601
45	39	1.90665
45	118	0.819448
45	123	0.836236
45	127	1.5824
45	136	0.874054
45	153	0.890834
45	157	0.840708
45	161	0.811144
45	166	0.800922
45	173	0.763813
45	174	0.782424
45	175	0.741409
45	176	0.752993
45	177	0.789169
45	180	0.798092
46	47	0.8006
46	71	3.42156
46	121	0.756082
46	142	0.803136
46	157	0.802307
46	163	0.736377
46	166	0.762521
46	168	0.736941
46	169	0.736263
46	171	0.719121
46	173	0.725412
46	174	0.744023
46	176	0.714591
46	179	0.701874
46	180	0.759691
47	46	0.8006
47	79	1.37246
47	109	1.09213
47	153	0.911382
47	159	0.834565
47	161	0.831693
47	162	0.745865
47	167	0.84119
47	170	0.780996
47	171	0.77807
47	172	0.810106
47	176	0.773541
47	177	0.809718
47	179	0.760824
47	180	0.818641
48	7	0.843312
48	26	0.910107
48	36	0.242746
48	78	0.90548
48	90	0.879037
48	98	0.871653
48	127	0.897065
48	135	0.868416
48	137	0.867688
48	138	0.862995
48	139	0.86897
48	140	0.869352
48	141	0.856486
48	153	1.33458
48	175	5.30816
49	3	0.851544
49	85	0.898877
49	90	0.887981
49	120	1.87357
49	124	0.886788
49	127	0.906009
49	135	0.87736
49	137	0.876632
49	138	0.871939
49	139	0.877914
49	140	0.878296
49	141	0.86543
49	147	0.81973
49	152	2.49005
49	168	3.23156
50	65	0.873431
50	66	0.884997
50	68	0.89104
50	70	0.880997
50	105	0.931827
50	107	0.896937
50	113	0.904625
50	117	0.884029
50	125	0.890252
50	126	0.919429
50	129	0.828852
50	153	1.63273
50	173	4.88735
50	175	0.792471
50	178	0.819958
51	90	0.557406
51	111	0.716273
51	135	0.439395
51	153	0.98343
51	156	0.890525
51	159	0.906614
51	162	0.817913
51	166	0.893518
51	168	0.867938
51	170	0.853044
51	172	0.882154
51	175	0.834006
51	176	0.845589
51	179	0.832872
51	180	0.890689
52	13	0.895967
52	25	0.00997486
52	38	0.955876
52	41	0.951208
52	59	0.925243
52	64	0.91093
52	77	0.959285
52	92	0.915828
52	110	0.941385
52	111	0.941367
52	112	0.941347
52	136	0.964442
52	145	0.900271
52	146	2.10366
52	161	1.60547
52	175	4.67796
53	2	0.844711
53	4	0.937707
53	9	0.838734
53	16	0.836589
53	40	0.900025
53	43	0.8233
53	88	2.66817
53	103	0.86603
53	105	0.914545
53	108	2.40107
53	114	0.883969
53	116	2.11509
53	125	0.87297
53	126	0.902147
53	175	0.775189
53	178	0.802676
54	4	0.911796
54	9	0.812822
54	16	0.810678
54	19	0.887762
54	29	0.87753
54	39	0.868115
54	40	0.874114
54	43	0.797388
54	44	0.845724
54	61	0.914495
54	63	0.921065
54	95	0.837771
54	103	0.840119
54	119	1.26519
54	133	1.70026
54	144	4.48104
55	57	1.74368
55	67	0.248117
55	128	0.923273
55	139	0.162073
55	142	0.915683
55	159	0.888163
55	162	0.799463
55	163	0.848924
55	167	0.894788
55	169	0.848811
55	170	0.834593
55	172	0.863704
55	173	0.83796
55	174	0.85657
55	179	0.814422
55	180	0.872239
56	1	0.818439
56	5	0.823611
56	17	0.911462
56	27	0.913058
56	34	0.879605
56	57	0.849385
56	58	0.85332
56	71	0.908427
56	79	0.885204
56	94	0.8549
56	104	0.898861
56	106	0.832455
56	133	0.944481
56	144	0.776272
56	149	3.60184
56	165	3.3576
57	1	0.815616
57	5	0.820787
57	17	0.908638
57	27	0.910235
57	34	0.876781
57	35	0.915166
57	55	1.74368
57	56	0.849385
57	58	0.850497
57	71	0.905604
57	84	1.72888
57	94	0.852076
57	104	0.896037
57	106	0.829631
57	118	3.0989
57	144	0.773449
58	14	0.819462
58	22	0.821656
58	34	0.880716
58	35	0.919101
58	56	0.85332
58	57	0.850497
58	71	0.909539
58	79	0.886316
58	80	2.32887
58	94	0.856011
58	104	0.899972
58	106	0.833566
58	116	0.896651
58	144	0.777384
58	166	2.7449
58	178	2.84545
59	13	0.821981
59	20	0.888862
59	38	0.88189
59	52	0.925243
59	64	0.836943
59	77	0.885299
59	92	0.841841
59	96	2.03019
59	110	0.867399
59	111	0.867381
59	112	0.86736
59	115	0.80233
59	136	0.890456
59	145	0.826285
59	154	2.27486
59	168	3.59543
60	20	0.899579
60	21	0.925978
60	64	0.84766
60	89	1.33154
60	92	0.852558
60	110	0.878115
60	111	0.878097
60	112	0.878077
60	114	0.877307
60	123	2.3235
60	125	0.866308
60	126	0.895485
60	145	0.837001
60	163	4.17492
60	175	0.768527
60	178	0.796014
61	9	0.893128
61	16	0.890983
61	19	0.968068
61	31	0.954883
61	33	0.932586
61	39	0.94842
61	40	0.954419
61	44	0.926029
61	54	0.914495
61	75	0.977304
61	95	0.918077
61	103	0.920424
61	115	2.03877
61	123	1.78475
61	143	1.70471
61	169	3.47752
62	8	1.37309
62	87	1.18813
62	139	0.410847
62	146	0.867777
62	160	0.876785
62	165	0.863605
62	168	0.864653
62	169	0.863976
62	170	0.849758
62	171	0.846833
62	173	0.853125
62	174	0.871735
62	176	0.842304
62	177	0.878481
62	179	0.829587
62	180	0.887404
63	2	0.905674
63	9	0.899697
63	29	0.964405
63	31	0.961453
63	33	0.939156
63	39	0.95499
63	43	0.884263
63	44	0.932599
63	54	0.921065
63	75	0.983874
63	95	0.924646
63	103	0.926994
63	143	1.67292
63	161	2.6499
63	167	2.19262
63	172	2.52628
64	6	0.911272
64	13	0.807668
64	38	0.867577
64	41	0.862908
64	52	0.91093
64	59	0.836943
64	60	0.84766
64	77	0.870985
64	92	0.827528
64	110	0.853085
64	111	0.853068
64	112	0.853047
64	115	0.788017
64	131	3.53235
64	142	2.08283
64	145	0.811972
64	156	2.65768
65	10	0.82361
65	11	0.947212
65	50	0.873431
65	66	0.837851
65	68	0.843894
65	76	0.913438
65	93	0.849569
65	105	0.884681
65	113	0.857479
65	117	0.836884
65	125	0.843106
65	126	0.872284
65	136	1.71995
65	145	2.99205
65	151	3.25867
65	175	0.745325
65	178	0.772812
66	50	0.884997
66	65	0.837851
66	68	0.85546
66	69	1.96742
66	70	0.845417
66	76	0.925004
66	83	1.7046
66	105	0.896247
66	113	0.869045
66	114	0.865671
66	117	0.84845
66	125	0.854672
66	126	0.883849
66	129	0.793272
66	173	4.51158
66	175	0.756891
66	178	0.784378
67	21	0.98006
67	25	0.483872
67	55	0.248117
67	68	0.921178
67	70	0.911136
67	82	0.877565
67	83	2.06038
67	93	0.926853
67	105	0.961965
67	113	0.934763
67	114	0.931389
67	117	0.914168
67	125	0.920391
67	126	0.949568
67	170	4.38582
67	175	0.822609
67	178	0.850097
68	50	0.89104
68	65	0.843894
68	66	0.85546
68	67	0.921178
68	82	0.817889
68	93	0.867178
68	113	0.875087
68	114	0.871713
68	117	0.854492
68	125	0.860715
68	126	0.889892
68	129	0.799315
68	134	1.83415
68	159	2.71682
68	175	0.762934
68	177	3.34855
68	178	0.790421
69	66	1.96742
69	97	2.07278
69	102	0.801125
69	142	0.842246
69	143	0.850206
69	154	0.817653
69	155	0.781191
69	158	0.840058
69	160	0.788183
69	161	0.811854
69	162	0.726026
69	169	0.775374
69	170	0.761156
69	173	0.764522
69	176	0.753702
69	177	0.789879
69	180	0.798801
70	11	0.954778
70	32	0.808211
70	50	0.880997
70	66	0.845417
70	67	0.911136
70	82	0.807847
70	93	0.857135
70	113	0.865045
70	114	0.861671
70	117	0.84445
70	125	0.850672
70	126	0.87985
70	157	1.36308
70	172	2.54214
70	175	0.752891
70	176	4.30723
70	178	0.780378
71	1	0.874658
71	14	0.874569
71	22	0.876763
71	27	0.969277
71	34	0.935823
71	46	3.42156
71	56	0.908427
71	57	0.905604
71	58	0.909539
71	79	0.941423
71	88	1.42361
71	94	0.911118
71	104	0.955079
71	106	0.888673
71	107	1.16105
71	116	0.951758
71	147	2.45626
72	85	0.934671
72	87	0.931663
72	101	0.910833
72	122	0.938999
72	124	0.922583
72	127	0.941804
72	131	1.22945
72	135	0.913155
72	137	0.912427
72	138	0.907734
72	139	0.913709
72	140	0.914091
72	141	0.901225
72	147	0.855525
72	148	1.52918
72	163	1.88136
72	175	5.14652
73	77	3.93683
73	132	0.852668
73	148	0.762442
73	149	0.743994
73	160	0.748149
73	161	0.77182
73	162	0.685992
73	165	0.734969
73	166	0.761598
73	170	0.721123
73	171	0.718198
73	172	0.750234
73	173	0.724489
73	176	0.713669
73	177	0.749845
73	179	0.700952
73	180	0.758768
74	40	1.03268
74	44	2.24529
74	79	0.825432
74	115	0.855566
74	133	0.9708
74	159	0.883655
74	162	0.794954
74	168	0.84498
74	169	0.844303
74	170	0.830085
74	171	0.82716
74	173	0.833451
74	174	0.852062
74	176	0.822631
74	177	0.858807
74	179	0.809914
74	180	0.86773
75	16	0.873487
75	33	0.915089
75	39	0.930924
75	44	0.908533
75	61	0.977304
75	63	0.983874
75	95	0.90058
75	98	0.912176
75	100	1.47333
75	127	0.937588
75	133	1.63367
75	135	0.908939
75	138	0.903518
75	141	0.897009
75	147	0.851308
75	161	3.09981
75	169	3.89564
76	10	0.910763
76	32	0.887797
76	65	0.913438
76	66	0.925004
76	82	0.887434
76	93	0.936722
76	102	2.93703
76	105	0.971834
76	113	0.944632
76	114	0.941258
76	121	2.27037
76	125	0.930259
76	126	0.959437
76	152	1.91196
76	166	2.15296
76	175	0.832478
76	178	0.859965
77	12	0.945483
77	13	0.856023
77	20	0.922904
77	41	0.911263
77	52	0.959285
77	59	0.885299
77	64	0.870985
77	73	3.93683
77	85	0.910222
77	92	0.875883
77	110	0.90144
77	111	0.901423
77	112	0.901402
77	115	0.836372
77	136	0.924498
77	161	1.37386
77	164	1.45175
77	173	1.93497
78	18	0.932263
78	48	0.90548
78	86	0.91451
78	90	0.905756
78	122	0.920978
78	124	0.904562
78	127	0.923784
78	135	0.895134
78	136	1.19836
78	137	0.894407
78	138	0.889714
78	139	0.895689
78	140	0.89607
78	141	0.883205
78	147	0.837504
78	152	2.47189
78	164	3.8199
78	180	2.00437
79	5	0.856606
79	17	0.944457
79	22	0.85354
79	28	0.948418
79	34	0.9126
79	35	0.950985
79	47	1.37246
79	56	0.885204
79	58	0.886316
79	71	0.941423
79	74	0.825432
79	91	0.960808
79	94	0.887895
79	104	0.931856
79	106	0.86545
79	116	0.928535
79	144	0.809268
79	170	4.07748
80	58	2.32887
80	115	0.787041
80	122	2.0489
80	155	0.781595
80	157	0.841821
80	158	0.840461
80	163	0.775891
80	164	0.763516
80	165	0.775406
80	166	0.802035
80	167	0.821754
80	171	0.758635
80	173	0.764926
80	174	0.783537
80	177	0.790282
80	178	0.770009
80	179	0.741389
80	180	0.799205
81	31	1.23929
81	33	2.04326
81	84	0.965069
81	112	1.06484
81	134	0.895004
81	147	0.827989
81	159	0.861375
81	161	0.858502
81	162	0.772674
81	163	0.822136
81	166	0.84828
81	172	0.836915
81	173	0.811171
81	174	0.829782
81	176	0.80035
81	177	0.836527
81	179	0.787633
81	180	0.84545
82	8	0.907907
82	11	0.921207
82	32	0.77464
82	67	0.877565
82	68	0.817889
82	70	0.807847
82	76	0.887434
82	93	0.823565
82	105	0.858676
82	109	0.851979
82	113	0.831474
82	117	0.810879
82	120	2.35173
82	125	0.817102
82	126	0.846279
82	143	2.20636
82	164	4.31622
82	175	0.719321
82	178	0.746808
83	66	1.7046
83	67	2.06038
83	102	0.861018
83	140	0.56018
83	150	0.854189
83	164	0.823005
83	166	0.861524
83	167	0.881243
83	169	0.835266
83	170	0.821049
83	171	0.818124
83	172	0.850159
83	173	0.824415
83	174	0.843026
83	176	0.813594
83	177	0.849771
83	179	0.800878
83	180	0.858694
84	42	1.85167
84	57	1.72888
84	81	0.965069
84	94	0.773718
84	126	0.165138
84	133	1.00042
84	158	0.938606
84	160	0.886731
84	162	0.824574
84	164	0.861661
84	168	0.8746
84	171	0.85678
84	172	0.888816
84	174	0.881682
84	175	0.840667
84	176	0.852251
84	177	0.888427
84	179	0.839534
84	180	0.89735
85	41	0.902145
85	49	0.898877
85	72	0.934671
85	77	0.910222
85	92	0.866764
85	101	0.877265
85	110	0.892322
85	111	0.892304
85	112	0.892284
85	135	0.879587
85	138	0.874166
85	139	0.880141
85	140	0.880523
85	141	0.867657
85	145	0.851208
85	160	2.63069
85	166	2.09263
85	171	3.7976
85	180	1.38412
86	3	0.851629
86	42	0.898157
86	78	0.91451
86	97	0.933958
86	98	0.880683
86	100	1.5724
86	101	0.875123
86	115	2.55595
86	122	0.903289
86	124	0.886873
86	127	0.906095
86	129	4.27048
86	135	0.877445
86	137	0.876718
86	138	0.872024
86	139	0.877999
86	140	0.878381
86	141	0.865516
86	153	1.56034
87	30	0.898099
87	42	0.89729
87	62	1.18813
87	72	0.931663
87	97	0.933091
87	98	0.879816
87	101	0.874257
87	109	0.912384
87	116	0.849131
87	122	0.902422
87	124	0.886006
87	137	0.875851
87	138	0.871158
87	139	0.877133
87	140	0.877515
87	141	0.864649
87	147	0.818948
87	151	3.22384
87	180	3.25984
88	17	1.01152
88	53	2.66817
88	71	1.42361
88	105	0.684657
88	107	0.999666
88	133	0.985378
88	143	0.933713
88	160	0.87169
88	162	0.809533
88	164	0.84662
88	169	0.858881
88	170	0.844664
88	171	0.841738
88	172	0.873774
88	173	0.84803
88	174	0.86664
88	176	0.837209
88	177	0.873386
88	179	0.824492
88	180	0.882309
89	60	1.33154
89	116	0.91979
89	121	0.835611
89	135	1.50903
89	139	1.27633
89	159	0.855145
89	162	0.766445
89	163	0.815906
89	164	0.803531
89	165	0.815421
89	167	0.861769
89	169	0.815793
89	170	0.801575
89	172	0.830686
89	173	0.804941
89	174	0.823552
89	176	0.794121
89	177	0.830297
89	179	0.781404
89	180	0.83922
90	7	0.843588
90	23	0.910493
90	48	0.879037
90	49	0.887981
90	51	0.557406
90	78	0.905756
90	97	0.925204
90	101	0.866369
90	122	0.894535
90	124	0.878119
90	132	1.26816
90	133	1.24589
90	135	0.868691
90	137	0.867964
90	138	0.863271
90	139	0.869246
90	140	0.869627
90	141	0.856762
90	147	0.811061
90	179	5.87204
91	7	1.372
91	43	2.03062
91	79	0.960808
91	104	0.483435
91	150	0.891019
91	159	0.911449
91	160	0.884905
91	162	0.822748
91	163	0.87221
91	166	0.898354
91	167	0.918073
91	168	0.872774
91	169	0.872096
91	171	0.854954
91	173	0.861245
91	176	0.850424
91	177	0.886601
91	178	0.866328
91	179	0.837708
91	180	0.895524
92	6	0.91617
92	12	0.902025
92	13	0.812566
92	20	0.879447
92	38	0.872475
92	41	0.867806
92	52	0.915828
92	59	0.841841
92	60	0.852558
92	64	0.827528
92	77	0.875883
92	85	0.866764
92	110	0.857983
92	111	0.857966
92	112	0.857945
92	136	0.881041
92	142	2.40238
92	145	0.81687
92	153	1.91082
92	159	2.64066
92	172	3.42573
93	8	0.957195
93	32	0.823928
93	65	0.849569
93	67	0.926853
93	68	0.867178
93	70	0.857135
93	76	0.936722
93	82	0.823565
93	105	0.907965
93	108	1.55471
93	113	0.880763
93	114	0.877389
93	117	0.860168
93	125	0.86639
93	126	0.895567
93	129	0.80499
93	151	1.94539
93	175	0.768609
93	177	2.38709
93	178	0.796096
93	179	5.02016
94	1	0.821131
94	5	0.826302
94	14	0.821042
94	17	0.914153
94	22	0.823236
94	27	0.91575
94	28	0.918114
94	31	0.886278
94	56	0.8549
94	57	0.852076
94	58	0.856011
94	71	0.911118
94	79	0.887895
94	84	0.773718
94	104	0.901552
94	106	0.835146
94	116	0.898231
94	144	0.778963
94	161	2.96218
94	174	3.67835
94	178	3.08859
95	2	0.82238
95	4	0.915377
95	9	0.816403
95	16	0.814259
95	19	0.891343
95	29	0.881111
95	31	0.878159
95	33	0.855862
95	39	0.871696
95	40	0.877695
95	43	0.800969
95	44	0.849305
95	54	0.837771
95	61	0.918077
95	63	0.924646
95	75	0.90058
95	103	0.8437
95	108	1.26157
95	134	2.2776
95	154	3.27476
95	158	3.0804
96	6	2.48278
96	59	2.03019
96	120	0.869122
96	140	0.712196
96	148	0.831763
96	151	0.849841
96	156	0.827926
96	157	0.870705
96	160	0.817471
96	164	0.792401
96	166	0.830919
96	169	0.804662
96	170	0.790444
96	171	0.787519
96	172	0.819555
96	173	0.79381
96	174	0.812421
96	176	0.78299
96	177	0.819167
96	179	0.770273
96	180	0.828089
97	7	0.889479
97	18	0.951711
97	30	0.936103
97	42	0.935294
97	69	2.07278
97	86	0.933958
97	87	0.933091
97	90	0.925204
97	98	0.91782
97	108	0.869672
97	122	0.940426
97	124	0.92401
97	128	1.84497
97	135	0.914582
97	137	0.913855
97	138	0.909162
97	140	0.915518
97	141	0.902653
97	147	0.856952
97	178	3.12725
97	180	2.31819
98	48	0.871653
98	75	0.912176
98	86	0.880683
98	87	0.879816
98	97	0.91782
98	99	0.764722
98	101	0.858986
98	109	0.897113
98	124	0.870735
98	127	0.889957
98	135	0.861307
98	137	0.86058
98	138	0.855887
98	139	0.861862
98	140	0.862243
98	141	0.849378
98	145	1.06716
98	147	0.803677
98	155	3.07743
98	174	2.76861
98	176	3.69391
99	32	6.3
99	98	0.764722
99	119	0.810568
99	122	0.787328
99	124	0.770913
99	127	0.790134
99	131	0.748631
99	135	0.761485
99	137	0.760757
99	139	0.762039
99	140	0.762421
99	156	0.721152
99	168	0.698565
99	170	0.68367
99	171	0.680745
99	172	0.712781
99	174	0.705647
99	176	0.676216
99	177	0.712393
99	179	0.663499
99	180	0.721315
100	29	1.61978
100	75	1.47333
100	86	1.5724
100	113	0.545208
100	152	0.876133
100	153	0.966092
100	154	0.892201
100	160	0.862731
100	161	0.886402
100	164	0.837661
100	165	0.849551
100	167	0.895899
100	168	0.8506
100	169	0.849923
100	170	0.835705
100	171	0.83278
100	172	0.864816
100	177	0.864427
100	178	0.844154
100	179	0.815534
100	180	0.87335
101	7	0.830645
101	15	0.922679
101	72	0.910833
101	85	0.877265
101	86	0.875123
101	87	0.874257
101	90	0.866369
101	98	0.858986
101	115	2.90529
101	122	0.881592
101	127	0.884397
101	133	1.27817
101	135	0.855748
101	137	0.85502
101	138	0.850327
101	139	0.856302
101	140	0.856684
101	141	0.843818
101	147	0.798118
101	150	3.23908
101	154	2.75402
102	38	3.06297
102	69	0.801125
102	76	2.93703
102	83	0.861018
102	130	0.763952
102	153	0.872797
102	155	0.762445
102	157	0.822671
102	158	0.821311
102	161	0.793107
102	163	0.756741
102	164	0.744366
102	170	0.74241
102	171	0.739485
102	173	0.745776
102	174	0.764387
102	176	0.734956
102	177	0.771132
102	179	0.722239
102	180	0.780055
103	2	0.824728
103	4	0.917725
103	9	0.818751
103	16	0.816607
103	19	0.893691
103	29	0.883459
103	31	0.880506
103	33	0.858209
103	39	0.874044
103	40	0.880043
103	43	0.803317
103	44	0.851653
103	53	0.86603
103	54	0.840119
103	61	0.920424
103	63	0.926994
103	95	0.8437
103	158	1.70586
103	170	3.82898
103	178	2.82082
103	180	2.01176
104	1	0.865091
104	5	0.870263
104	14	0.865003
104	17	0.958114
104	22	0.867197
104	27	0.95971
104	28	0.962075
104	34	0.926257
104	56	0.898861
104	57	0.896037
104	58	0.899972
104	71	0.955079
104	79	0.931856
104	91	0.483435
104	94	0.901552
104	106	0.879107
104	107	1.48394
104	116	0.942191
104	144	0.822924
104	155	3.12782
104	173	3.71892
104	174	2.81899
105	10	0.882006
105	32	0.85904
105	50	0.931827
105	53	0.914545
105	65	0.884681
105	66	0.896247
105	67	0.961965
105	76	0.971834
105	82	0.858676
105	88	0.684657
105	93	0.907965
105	113	0.915874
105	114	0.9125
105	117	0.895279
105	125	0.901502
105	126	0.930679
105	129	0.840102
105	168	2.98641
105	170	3.5946
105	172	2.33642
105	175	0.803721
105	177	2.18308
105	178	0.831208
106	1	0.798686
106	5	0.803857
106	14	0.798597
106	17	0.891708
106	22	0.800791
106	27	0.893305
106	28	0.895669
106	31	0.863833
106	34	0.859851
106	35	0.898236
106	56	0.832455
106	57	0.829631
106	58	0.833566
106	71	0.888673
106	79	0.86545
106	94	0.835146
106	104	0.879107
106	116	0.875786
106	132	1.28029
106	144	0.756518
106	156	2.09111
106	169	3.45905
106	176	4.30469
107	33	1.41947
107	50	0.896937
107	71	1.16105
107	88	0.999666
107	104	1.48394
107	128	0.946123
107	135	1.0236
107	152	0.897871
107	157	0.937704
107	158	0.936345
107	159	0.911013
107	161	0.908141
107	165	0.871289
107	168	0.872338
107	169	0.871661
107	170	0.857443
107	171	0.854518
107	172	0.886554
107	174	0.87942
107	176	0.849989
107	177	0.886166
107	179	0.837272
107	180	0.895088
108	12	1.11298
108	53	2.40107
108	93	1.55471
108	95	1.26157
108	97	0.869672
108	121	0.895823
108	131	0.926748
108	152	0.902215
108	154	0.918284
108	156	0.899269
108	160	0.888814
108	163	0.876118
108	164	0.863744
108	165	0.875634
108	166	0.902262
108	168	0.876682
108	169	0.876005
108	170	0.861787
108	173	0.865154
108	174	0.883764
108	176	0.854333
108	177	0.89051
108	179	0.841616
108	180	0.899433
109	10	0.875308
109	47	1.09213
109	82	0.851979
109	87	0.912384
109	98	0.897113
109	113	0.909176
109	117	0.888581
109	122	0.919719
109	125	0.894804
109	126	0.923981
109	127	0.922525
109	129	0.833404
109	135	0.893875
109	137	0.893148
109	138	0.888455
109	139	0.89443
109	140	0.894811
109	141	0.881946
109	148	3.26489
109	152	2.44745
109	156	2.09048
109	172	2.53897
109	175	0.797023
109	178	0.82451
110	6	0.941728
110	12	0.927583
110	13	0.838123
110	20	0.905004
110	24	0.872327
110	38	0.898032
110	41	0.893363
110	52	0.941385
110	59	0.867399
110	60	0.878115
110	64	0.853085
110	77	0.90144
110	85	0.892322
110	92	0.857983
110	111	0.883523
110	112	0.883502
110	115	0.818472
110	136	0.906598
110	144	3.43411
110	145	0.842427
110	147	3.12346
110	153	1.28485
110	157	1.6207
110	172	2.79976
111	6	0.94171
111	12	0.927565
111	13	0.838105
111	20	0.904987
111	24	0.87231
111	38	0.898014
111	41	0.893346
111	51	0.716273
111	52	0.941367
111	59	0.867381
111	60	0.878097
111	64	0.853068
111	77	0.901423
111	85	0.892304
111	92	0.857966
111	110	0.883523
111	112	0.883485
111	115	0.818454
111	119	0.969681
111	121	3.81807
111	136	0.90658
111	142	2.52784
111	145	0.842409
111	180	2.99214
112	6	0.941689
112	12	0.927544
112	13	0.838085
112	20	0.904966
112	24	0.872289
112	37	0.610069
112	38	0.897994
112	41	0.893325
112	52	0.941347
112	59	0.86736
112	60	0.878077
112	64	0.853047
112	77	0.901402
112	81	1.06484
112	85	0.892284
112	92	0.857945
112	110	0.883502
112	111	0.883485
112	115	0.818434
112	136	0.90656
112	145	0.842389
112	157	1.5127
112	163	3.76986
112	168	3.34175
113	8	0.965105
113	21	0.93397
113	24	1.34596
113	50	0.904625
113	65	0.857479
113	66	0.869045
113	67	0.934763
113	68	0.875087
113	70	0.865045
113	76	0.944632
113	82	0.831474
113	93	0.880763
113	100	0.545208
113	105	0.915874
113	109	0.909176
113	114	0.885298
113	117	0.868077
113	120	1.34007
113	125	0.8743
113	126	0.903477
113	165	3.25265
113	171	3.90251
113	175	0.776519
113	178	0.804006
114	8	0.961731
114	10	0.85143
114	21	0.930596
114	32	0.828464
114	53	0.883969
114	60	0.877307
114	66	0.865671
114	67	0.931389
114	68	0.871713
114	70	0.861671
114	76	0.941258
114	93	0.877389
114	105	0.9125
114	113	0.885298
114	117	0.864703
114	121	2.31156
114	125	0.870926
114	126	0.900103
114	129	0.809526
114	147	2.36838
114	151	1.44963
114	164	3.30117
114	165	3.24925
114	175	0.773145
114	178	0.800632
115	38	0.832963
115	41	0.828294
115	59	0.80233
115	61	2.03877
115	64	0.788017
115	74	0.855566
115	77	0.836372
115	80	0.787041
115	86	2.55595
115	101	2.90529
115	110	0.818472
115	111	0.818454
115	112	0.818434
115	128	0.816602
115	136	0.841529
115	145	0.777358
115	146	0.74594
115	153	0.858309
115	158	0.806823
115	167	0.788116
115	173	0.731288
115	176	0.720468
115	177	0.756644
115	179	0.707751
115	180	0.765567
116	1	0.86177
116	14	0.861681
116	22	0.863875
116	42	1.77625
116	53	2.11509
116	58	0.896651
116	71	0.951758
116	79	0.928535
116	87	0.849131
116	89	0.91979
116	94	0.898231
116	104	0.942191
116	106	0.875786
116	117	1.23734
116	131	0.885616
116	141	0.769379
116	144	0.819603
116	168	0.83555
116	171	0.81773
116	172	0.849766
116	173	0.824022
116	174	0.842632
116	176	0.813201
116	177	0.849378
116	179	0.800484
116	180	0.858301
117	8	0.94451
117	10	0.834209
117	11	0.95781
117	21	0.913374
117	32	0.811243
117	50	0.884029
117	65	0.836884
117	66	0.84845
117	67	0.914168
117	68	0.854492
117	70	0.84445
117	82	0.810879
117	93	0.860168
117	105	0.895279
117	109	0.888581
117	113	0.868077
117	114	0.864703
117	116	1.23734
117	118	2.68278
117	119	1.62559
117	125	0.853705
117	126	0.882882
117	129	0.792305
117	136	2.07333
117	150	4.02157
117	175	0.755923
117	178	0.783411
118	45	0.819448
118	57	3.0989
118	117	2.68278
118	119	0.88834
118	127	1.00736
118	150	0.794583
118	151	0.820839
118	155	0.781477
118	157	0.841703
118	158	0.840343
118	161	0.812139
118	162	0.726311
118	163	0.775773
118	164	0.763398
118	166	0.801917
118	167	0.821636
118	168	0.776337
118	169	0.77566
118	171	0.758517
118	172	0.790553
118	174	0.783419
118	175	0.742404
118	176	0.753988
118	177	0.790164
118	179	0.741271
118	180	0.799087
119	9	1.77785
119	13	2.46169
119	54	1.26519
119	99	0.810568
119	111	0.969681
119	117	1.62559
119	118	0.88834
119	120	0.908017
119	134	0.916538
119	149	0.85221
119	150	0.86248
119	151	0.888736
119	155	0.849374
119	156	0.86682
119	158	0.90824
119	164	0.831295
119	165	0.843185
119	166	0.869814
119	167	0.889533
119	169	0.843557
119	170	0.829339
119	171	0.826414
119	173	0.832705
119	174	0.851316
119	177	0.858061
119	179	0.809168
119	180	0.866984
120	49	1.87357
120	82	2.35173
120	96	0.869122
120	113	1.34007
120	119	0.908017
120	127	1.82367
120	131	0.84608
120	147	0.801303
120	148	0.822438
120	153	0.911506
120	155	0.801154
120	156	0.818601
120	157	0.86138
120	159	0.834689
120	160	0.808146
120	163	0.79545
120	165	0.794965
120	166	0.821594
120	167	0.841314
120	169	0.795337
120	170	0.781119
120	171	0.778194
120	172	0.81023
120	173	0.784485
120	175	0.762081
120	176	0.773665
120	179	0.760948
120	180	0.818764
121	46	0.756082
121	76	2.27037
121	89	0.835611
121	108	0.895823
121	111	3.81807
121	114	2.31156
121	128	0.825157
121	130	0.758019
121	131	0.801438
121	132	0.868023
121	134	0.823676
121	143	0.825526
121	150	0.769618
121	156	0.773958
121	158	0.815378
121	160	0.763503
121	165	0.750323
121	166	0.776952
121	167	0.796671
121	168	0.751372
121	169	0.750695
121	171	0.733552
121	172	0.765588
121	173	0.739843
121	174	0.758454
121	176	0.729023
121	177	0.765199
121	180	0.774122
122	3	0.858097
122	18	0.921043
122	30	0.905434
122	42	0.904626
122	72	0.938999
122	78	0.920978
122	80	2.0489
122	86	0.903289
122	87	0.902422
122	90	0.894535
122	97	0.940426
122	99	0.787328
122	101	0.881592
122	109	0.919719
122	124	0.893342
122	127	0.912563
122	134	1.45098
122	135	0.883914
122	137	0.883186
122	138	0.878493
122	139	0.884468
122	140	0.88485
122	141	0.871984
122	145	1.45379
122	147	0.826284
122	167	1.98179
122	168	2.96544
122	171	4.1699
123	34	1.88115
123	45	0.836236
123	60	2.3235
123	61	1.78475
123	128	0.86691
123	137	1.65468
123	142	0.85932
123	145	0.827666
123	148	0.819549
123	149	0.801101
123	151	0.837628
123	153	0.908617
123	154	0.834727
123	159	0.8318
123	161	0.828928
123	164	0.780187
123	165	0.792076
123	166	0.818705
123	168	0.793125
123	169	0.792448
123	170	0.77823
123	171	0.775305
123	173	0.781596
123	174	0.800207
123	176	0.770776
123	177	0.806953
123	178	0.786679
123	179	0.758059
123	180	0.815875
124	7	0.842395
124	15	0.934429
124	18	0.904627
124	23	0.9093
124	26	0.909189
124	30	0.889018
124	37	0.069863
124	49	0.886788
124	72	0.922583
124	78	0.904562
124	86	0.886873
124	87	0.886006
124	90	0.878119
124	97	0.92401
124	98	0.870735
124	99	0.770913
124	122	0.893342
124	127	0.896147
124	131	1.38547
124	132	1.44429
124	135	0.867498
124	137	0.86677
124	138	0.862077
124	139	0.868052
124	140	0.868434
124	141	0.855568
124	162	7.76592
124	169	1.87874
124	174	1.79907
125	8	0.950732
125	10	0.840431
125	11	0.964033
125	21	0.919597
125	32	0.817465
125	50	0.890252
125	53	0.87297
125	60	0.866308
125	65	0.843106
125	66	0.854672
125	67	0.920391
125	68	0.860715
125	70	0.850672
125	76	0.930259
125	82	0.817102
125	93	0.86639
125	105	0.901502
125	109	0.894804
125	113	0.8743
125	114	0.870926
125	117	0.853705
125	126	0.889105
125	129	0.798527
125	134	1.55902
125	136	1.093
125	146	4.99572
125	150	3.04124
125	157	2.0477
125	158	2.36182
125	175	0.762146
125	178	0.789633
126	8	0.979909
126	10	0.869609
126	11	0.99321
126	21	0.948774
126	32	0.846643
126	35	0.565888
126	50	0.919429
126	53	0.902147
126	60	0.895485
126	65	0.872284
126	66	0.883849
126	67	0.949568
126	68	0.889892
126	70	0.87985
126	76	0.959437
126	82	0.846279
126	84	0.165138
126	93	0.895567
126	105	0.930679
126	109	0.923981
126	113	0.903477
126	114	0.900103
126	117	0.882882
126	125	0.889105
126	129	0.827705
126	143	2.20611
126	167	2.72581
126	174	3.89925
126	175	0.791323
126	177	2.90613
126	178	0.818811
126	180	2.50043
127	3	0.860903
127	18	0.923848
127	23	0.928521
127	26	0.928411
127	30	0.90824
127	42	0.907431
127	45	1.5824
127	48	0.897065
127	49	0.906009
127	72	0.941804
127	75	0.937588
127	78	0.923784
127	86	0.906095
127	98	0.889957
127	99	0.790134
127	101	0.884397
127	109	0.922525
127	118	1.00736
127	120	1.82367
127	122	0.912563
127	124	0.896147
127	128	1.49942
127	135	0.886719
127	137	0.885992
127	138	0.881299
127	139	0.887274
127	140	0.887655
127	141	0.87479
127	143	1.67831
127	146	4.30063
127	147	0.829089
127	180	1.97263
128	34	1.62222
128	55	0.923273
128	97	1.84497
128	107	0.946123
128	115	0.816602
128	121	0.825157
128	123	0.86691
128	127	1.49942
128	134	0.87832
128	137	1.39575
128	141	0.851365
128	150	0.824261
128	151	0.850518
128	154	0.847617
128	156	0.828602
128	157	0.871382
128	158	0.870022
128	160	0.818147
128	161	0.841818
128	163	0.805452
128	164	0.793077
128	167	0.851315
128	168	0.806016
128	169	0.805338
128	172	0.820231
128	173	0.794487
128	174	0.813098
128	176	0.783666
128	177	0.819843
128	179	0.77095
128	180	0.828766
129	11	0.902633
129	19	2.37935
129	36	0.818737
129	41	2.95017
129	50	0.828852
129	66	0.793272
129	68	0.799315
129	86	4.27048
129	93	0.80499
129	105	0.840102
129	109	0.833404
129	114	0.809526
129	117	0.792305
129	125	0.798527
129	126	0.827705
129	144	0.718732
129	146	0.737803
129	154	0.776281
129	157	0.800045
129	161	0.770482
129	162	0.684654
129	163	0.734115
129	167	0.779979
129	169	0.734002
129	171	0.716859
129	172	0.748895
129	175	0.700746
129	176	0.71233
129	177	0.748507
129	178	0.728233
129	179	0.699613
129	180	0.757429
130	102	0.763952
130	121	0.758019
130	135	3.7604
130	138	3.00389
130	143	0.813033
130	149	0.746854
130	150	0.757124
130	151	0.783381
130	154	0.78048
130	155	0.744018
130	157	0.804244
130	159	0.777553
130	161	0.774681
130	162	0.688853
130	163	0.738314
130	165	0.73783
130	166	0.764458
130	167	0.784178
130	168	0.738878
130	169	0.738201
130	170	0.723983
130	171	0.721058
130	172	0.753094
130	173	0.72735
130	174	0.74596
130	176	0.716529
130	177	0.752706
130	179	0.703812
130	180	0.761629
131	40	3.45273
131	64	3.53235
131	72	1.22945
131	99	0.748631
131	108	0.926748
131	116	0.885616
131	120	0.84608
131	121	0.801438
131	124	1.38547
131	132	0.898947
131	144	0.766349
131	146	0.78542
131	148	0.808721
131	150	0.800542
131	151	0.826799
131	156	0.804883
131	159	0.820972
131	161	0.818099
131	162	0.732271
131	163	0.781733
131	164	0.769358
131	166	0.807877
131	168	0.782297
131	169	0.781619
131	170	0.767402
131	171	0.764477
131	172	0.796512
131	173	0.770768
131	176	0.759947
131	177	0.796124
131	179	0.74723
131	180	0.805047
132	6	1.27387
132	13	2.91904
132	73	0.852668
132	90	1.26816
132	106	1.28029
132	121	0.868023
132	124	1.44429
132	131	0.898947
132	138	0.393643
132	149	0.856858
132	152	0.874414
132	153	0.964374
132	155	0.854021
132	157	0.914248
132	160	0.861013
132	161	0.884684
132	163	0.848317
132	164	0.835943
132	165	0.847833
132	166	0.874461
132	167	0.894181
132	168	0.848881
132	171	0.831061
132	172	0.863097
132	173	0.837353
132	174	0.855963
132	175	0.814949
132	176	0.826532
132	177	0.862709
132	178	0.842436
132	179	0.813815
132	180	0.871632
133	41	1.30481
133	44	2.09273
133	54	1.70026
133	56	0.944481
133	74	0.9708
133	75	1.63367
133	84	1.00042
133	88	0.985378
133	90	1.24589
133	101	1.27817
133	143	0.932205
133	146	0.861174
133	148	0.884474
133	152	0.883584
133	154	0.899652
133	155	0.86319
133	156	0.880637
133	157	0.923417
133	159	0.896726
133	162	0.808025
133	163	0.857487
133	164	0.845112
133	165	0.857002
133	167	0.90335
133	168	0.858051
133	170	0.843156
133	172	0.872266
133	173	0.846522
133	174	0.865133
133	176	0.835701
133	177	0.871878
133	178	0.851605
133	179	0.822984
133	180	0.880801
134	42	3.07826
134	68	1.83415
134	81	0.895004
134	95	2.2776
134	119	0.916538
134	121	0.823676
134	122	1.45098
134	125	1.55902
134	128	0.87832
134	143	0.87869
134	144	0.788588
134	148	0.830959
134	149	0.812511
134	151	0.849038
134	152	0.830068
134	158	0.868542
134	159	0.84321
134	162	0.75451
134	164	0.791597
134	165	0.803486
134	166	0.830115
134	167	0.849835
134	168	0.804535
134	169	0.803858
134	170	0.78964
134	171	0.786715
134	173	0.793006
134	174	0.811617
134	175	0.770602
134	176	0.782186
134	177	0.818363
134	178	0.798089
134	179	0.769469
134	180	0.827285
135	3	0.832254
135	15	0.925001
135	18	0.895199
135	23	0.899872
135	26	0.899761
135	30	0.87959
135	42	0.878782
135	48	0.868416
135	49	0.87736
135	51	0.439395
135	72	0.913155
135	75	0.908939
135	78	0.895134
135	85	0.879587
135	86	0.877445
135	89	1.50903
135	90	0.868691
135	97	0.914582
135	98	0.861307
135	99	0.761485
135	101	0.855748
135	107	1.0236
135	109	0.893875
135	122	0.883914
135	124	0.867498
135	127	0.886719
135	130	3.7604
135	136	1.14054
135	137	0.857342
135	138	0.852649
135	139	0.858624
135	140	0.859006
135	141	0.84614
135	159	2.48924
135	177	3.12096
136	6	0.964785
136	8	1.87008
136	12	0.95064
136	20	0.928062
136	38	0.921089
136	41	0.916421
136	45	0.874054
136	52	0.964442
136	59	0.890456
136	65	1.71995
136	77	0.924498
136	78	1.19836
136	92	0.881041
136	110	0.906598
136	111	0.90658
136	112	0.90656
136	115	0.841529
136	117	2.07333
136	125	1.093
136	135	1.14054
136	138	0.384037
136	145	0.865484
136	152	0.856476
136	159	0.869618
136	160	0.843074
136	162	0.780918
136	165	0.829894
136	167	0.876243
136	171	0.813123
136	172	0.845159
136	174	0.838025
136	176	0.808594
136	177	0.844771
136	179	0.795877
136	180	0.853693
137	3	0.831526
137	7	0.832239
137	15	0.924273
137	18	0.894471
137	23	0.899144
