1	93	0.835982
1	109	1.06619
1	115	1.04131
1	145	1.08376
1	147	1.04107
1	148	1.06199
1	149	1.06143
1	150	1.06082
1	153	1.04207
1	168	1.14136
1	172	0.795123
1	175	0.77154
2	22	1.04224
2	56	1.15119
2	64	1.22391
2	123	1.1754
2	128	0.635872
2	134	0.588986
2	144	1.16987
2	160	1.24825
2	163	0.57157
2	168	1.26843
2	178	1.32071
2	180	0.611545
3	91	1.0825
3	109	1.08477
3	115	1.05988
3	119	1.0691
3	130	1.04163
3	147	1.05965
3	150	1.07939
3	153	1.06065
3	163	0.794536
3	171	0.806819
3	177	1.06242
3	179	0.804726
4	13	1.06766
4	54	0.960509
4	67	0.790951
4	93	1.06097
4	98	1.11847
4	102	1.10326
4	116	1.08788
4	127	1.10033
4	129	0.82522
4	157	1.03108
4	170	1.06984
4	171	0.790248
5	22	1.03806
5	34	1.20467
5	56	1.147
5	64	1.21973
5	79	0.641354
5	144	1.16569
5	146	0.600757
5	154	0.592169
5	160	1.24407
5	168	1.26425
5	178	1.31652
5	179	0.569822
6	29	0.886625
6	102	0.762542
6	135	1.04109
6	155	1.07918
6	160	0.743329
6	162	1.0657
6	173	1.06363
6	174	1.06526
6	175	1.07827
6	176	1.07539
6	179	1.07583
6	180	1.05564
7	12	0.736045
7	108	0.580313
7	112	0.580652
7	159	1.16878
7	168	0.496948
7	171	1.21173
7	172	1.19238
7	174	1.2006
7	175	1.21361
7	176	1.21073
7	179	1.21117
7	180	1.19099
8	57	1.03868
8	59	1.03868
8	69	1.07554
8	76	1.07554
8	92	1.05254
8	112	1.08181
8	117	1.05579
8	126	1.04243
8	147	0.897602
8	167	1.139
8	172	0.830717
8	178	0.674504
9	23	0.486192
9	69	0.467221
9	70	0.578077
9	101	0.415469
9	137	0.44304
9	146	1.37297
9	157	1.35001
9	173	1.37188
9	174	1.37351
9	176	1.38364
9	179	1.38408
9	180	1.3639
10	63	1.24593
10	114	1.16537
10	122	1.20188
10	134	0.567482
10	137	1.2073
10	138	1.20932
10	139	1.19353
10	140	1.19495
10	142	1.18172
10	159	0.619244
10	169	0.602214
10	177	0.619313
11	53	0.583099
11	72	0.586568
11	81	0.615254
11	120	0.606563
11	158	1.20931
11	163	1.2105
11	171	1.20392
11	173	1.19116
11	174	1.19279
11	175	1.2058
11	179	1.20336
11	180	1.18317
12	7	0.736045
12	60	0.99841
12	67	0.792477
12	72	1.06473
12	94	1.03224
12	98	1.09884
12	102	1.08362
12	108	1.0487
12	111	1.14255
12	127	1.0807
12	147	0.872983
12	170	1.05021
13	4	1.06766
13	54	1.0625
13	86	0.663818
13	100	1.13826
13	108	1.17032
13	111	1.26417
13	116	1.18987
13	127	1.20232
13	141	0.701843
13	157	1.13307
13	170	1.17183
13	173	0.697559
13	178	0.541471
14	81	0.676252
14	96	0.645414
14	98	0.615648
14	122	0.654537
14	141	1.14725
14	166	1.15872
14	173	1.1534
14	174	1.15503
14	175	1.16804
14	176	1.16516
14	177	1.1414
14	179	1.1656
14	180	1.14541
15	18	1.15289
15	32	1.08945
15	55	1.14513
15	57	1.15594
15	59	1.15594
15	69	1.1928
15	70	1.05879
15	76	1.1928
15	118	0.686579
15	124	0.649374
15	157	0.619707
15	167	1.25626
15	169	0.647658
16	26	1.12507
16	31	1.10961
16	40	1.08103
16	41	1.20429
16	43	1.1681
16	46	1.1665
16	47	1.16432
16	53	1.17209
16	66	0.744282
16	71	0.616606
16	152	1.20899
16	162	0.62198
16	179	0.626564
17	21	1.15384
17	26	1.11892
17	40	1.07488
17	42	1.20314
17	43	1.16194
17	46	1.16035
17	47	1.15816
17	53	1.16593
17	103	0.626067
17	136	0.647403
17	152	1.20284
17	171	0.638099
17	177	0.695063
18	15	1.15289
18	32	1.08162
18	55	1.1373
18	57	1.14811
18	59	1.14811
18	69	1.18498
18	73	0.646171
18	76	1.18498
18	84	1.11357
18	167	1.24843
18	168	0.63638
18	176	0.66093
18	179	0.662907
19	81	1.16247
19	87	1.13294
19	92	1.17534
19	99	1.14134
19	105	1.10804
19	112	1.2046
19	113	1.13537
19	117	1.17859
19	119	0.678383
19	144	0.625388
19	158	0.639752
19	165	0.66158
19	166	1.16132
20	27	0.664255
20	107	1.18657
20	133	1.13128
20	143	1.14104
20	147	1.14605
20	148	1.16697
20	149	1.16641
20	150	1.1658
20	153	1.14706
20	171	0.64412
20	172	0.658443
20	177	1.14883
20	179	0.642027
21	17	1.15384
21	23	1.14646
21	26	1.12241
21	40	1.07837
21	41	1.20163
21	43	1.16544
21	46	1.16385
21	47	1.16166
21	131	0.629548
21	141	0.65858
21	152	1.20634
21	161	0.665397
21	172	0.65442
22	2	1.04224
22	5	1.03806
22	38	1.04541
22	56	0.967833
22	64	1.04056
22	123	0.992049
22	144	0.986518
22	152	0.803823
22	157	0.900336
22	160	1.0649
22	168	1.08508
22	174	0.901726
22	178	1.13735
23	9	0.486192
23	21	1.14646
23	26	1.11154
23	31	1.09608
23	41	1.19076
23	42	1.19577
23	43	1.15457
23	47	1.15079
23	53	1.15856
23	144	0.688685
23	151	0.713902
23	152	1.19547
23	166	0.717551
24	34	1.1427
24	38	1.16261
24	56	1.08503
24	64	1.15776
24	90	0.591056
24	122	0.68434
24	123	1.10925
24	124	0.665546
24	144	1.10372
24	160	1.1821
24	168	1.20228
24	169	0.66383
24	178	1.25455
25	36	0.806063
25	100	0.717936
25	148	0.676519
25	161	1.1166
25	163	1.13512
25	164	1.10423
25	168	0.59187
25	169	1.10435
25	171	1.12854
25	174	1.11741
25	175	1.13042
25	176	1.12754
25	179	1.12798
25	180	1.10779
26	16	1.12507
26	17	1.11892
26	21	1.12241
26	23	1.11154
26	31	1.07203
26	40	1.04345
26	42	1.17172
26	46	1.12893
26	53	1.13451
26	107	0.681072
26	133	0.760256
26	141	0.669712
26	152	1.17142
26	169	0.691093
27	20	0.664255
27	44	0.819536
27	95	0.669782
27	150	0.640317
27	155	1.12735
27	162	1.11387
27	163	1.13115
27	171	1.12456
27	173	1.1118
27	174	1.11343
27	175	1.12644
27	176	1.12356
27	179	1.12401
27	180	1.10382
28	73	0.660093
28	95	1.12891
28	106	1.13271
28	122	1.11989
28	137	1.12531
28	138	1.12733
28	139	1.11154
28	140	1.11296
28	142	1.09973
28	148	0.73495
28	157	0.690835
28	169	0.718787
28	170	1.13255
28	172	1.10907
29	6	0.886625
29	45	1.13231
29	106	1.13231
29	137	1.12491
29	138	1.12693
29	139	1.11113
29	140	1.11256
29	142	1.09933
29	161	0.707006
29	165	1.11971
29	170	1.13215
29	172	1.10866
29	175	0.672445
29	178	0.539816
30	45	0.716206
30	47	0.669219
30	59	0.710611
30	121	0.695656
30	141	1.11273
30	154	1.12743
30	169	1.10745
30	173	1.11888
30	174	1.12051
30	175	1.13352
30	176	1.13064
30	177	1.10688
30	179	1.13108
30	180	1.11089
31	16	1.10961
31	23	1.09608
31	26	1.07203
31	41	1.15125
31	42	1.15625
31	43	1.11505
31	46	1.11346
31	47	1.11127
31	53	1.11905
31	74	0.686918
31	146	0.715145
31	152	1.15595
31	158	0.705793
31	174	0.699606
32	15	1.08945
32	18	1.08162
32	52	1.09114
32	55	1.07385
32	57	1.08467
32	59	1.08467
32	65	0.800191
32	69	1.12153
32	76	1.12153
32	77	1.01644
32	84	1.05013
32	131	0.703725
32	150	0.753157
32	166	0.748264
32	167	1.18499
33	44	1.01264
33	50	1.11479
33	68	1.14402
33	119	0.82757
33	135	0.793224
33	137	1.09906
33	138	1.10108
33	139	1.08528
33	140	1.0867
33	142	1.07347
33	163	0.757166
33	165	1.09385
33	170	1.1063
33	172	1.08281
33	178	0.62756
34	5	1.20467
34	24	1.1427
34	38	1.21203
34	56	1.13445
34	64	1.20718
34	123	1.15866
34	144	1.15313
34	151	0.606985
34	156	0.593937
34	160	1.23152
34	164	0.584525
34	168	1.25169
34	172	0.590966
34	177	0.633606
34	178	1.30397
35	71	0.566721
35	89	1.15327
35	92	1.20961
35	99	1.17561
35	101	1.22475
35	103	1.22814
35	112	1.23888
35	113	1.16964
35	117	1.21286
35	146	0.607614
35	155	0.607937
35	156	1.19165
35	159	0.635666
35	166	1.19559
35	173	0.592971
36	25	0.806063
36	79	1.09396
36	95	1.10075
36	106	1.10456
36	122	1.09174
36	137	1.09716
36	138	1.09918
36	139	1.08339
36	140	1.08481
36	142	1.07158
36	165	1.09196
36	172	1.08092
36	174	0.780174
36	178	0.624982
36	180	0.794563
37	54	0.883226
37	63	0.637489
37	81	1.08949
37	89	1.04602
37	96	1.09602
37	112	1.13163
37	117	1.10561
37	137	0.723228
37	142	0.746353
37	161	1.08385
37	174	1.08466
37	175	1.09767
37	176	1.09479
37	179	1.09523
37	180	1.07504
38	22	1.04541
38	24	1.16261
38	34	1.21203
38	56	1.15436
38	64	1.22708
38	66	0.656605
38	95	0.609328
38	119	0.599101
38	123	1.17857
38	125	0.568349
38	144	1.17304
38	151	0.571322
38	160	1.25143
38	168	1.2716
38	178	1.32388
39	51	1.10437
39	54	1.11989
39	70	1.12064
39	73	0.554747
39	94	1.21125
39	100	1.19565
39	111	1.32156
39	116	1.24726
39	127	1.25971
39	157	1.19046
39	159	0.630471
39	166	0.607567
39	170	1.22922
39	172	0.587899
39	177	0.63054
40	16	1.08103
40	17	1.07488
40	21	1.07837
40	26	1.04345
40	41	1.12267
40	42	1.12768
40	43	1.08648
40	46	1.08489
40	47	1.0827
40	49	0.712623
40	53	1.09047
40	128	0.83805
40	146	0.814873
40	152	1.12738
40	178	0.644142
41	16	1.20429
41	21	1.20163
41	23	1.19076
41	31	1.15125
41	40	1.12267
41	42	1.25094
41	46	1.20814
41	47	1.20596
41	53	1.21373
41	127	0.635764
41	152	1.25063
41	166	0.632547
41	177	0.65552
41	178	0.456667
41	180	0.626248
42	17	1.20314
42	23	1.19577
42	26	1.17172
42	31	1.15625
42	40	1.12768
42	41	1.25094
42	43	1.21474
42	46	1.21315
42	47	1.21096
42	152	1.25564
42	157	0.63344
42	164	0.629409
42	166	0.655518
42	175	0.612267
42	178	0.479638
43	16	1.1681
43	17	1.16194
43	21	1.16544
43	23	1.15457
43	31	1.11505
43	40	1.08648
43	42	1.21474
43	46	1.17195
43	47	1.16976
43	53	1.17753
43	67	0.598871
43	77	0.770349
43	146	0.627011
43	152	1.21444
43	171	0.598169
43	172	0.612492
44	27	0.819536
44	33	1.01264
44	79	1.06991
44	90	0.766492
44	122	1.06768
44	137	1.07311
44	138	1.07513
44	139	1.05933
44	140	1.06075
44	142	1.04752
44	160	1.1288
44	164	0.807284
44	165	1.0679
44	170	1.08035
44	172	1.05686
44	173	0.813601
45	29	1.13231
45	30	0.716206
45	49	0.590119
45	68	1.21189
45	114	1.12499
45	122	1.1615
45	137	1.16693
45	138	1.16895
45	139	1.15315
45	140	1.15458
45	142	1.14135
45	154	0.683782
45	160	1.22262
45	165	1.16173
45	166	0.697519
45	178	0.521638
46	16	1.1665
46	17	1.16035
46	21	1.16385
46	26	1.12893
46	31	1.11346
46	40	1.08489
46	41	1.20814
46	42	1.21315
46	43	1.17195
46	53	1.17594
46	152	1.21285
46	154	0.640265
46	157	0.631923
46	162	0.613333
46	177	0.676974
46	180	0.647702
47	16	1.16432
47	17	1.15816
47	21	1.16166
47	23	1.15079
47	30	0.669219
47	31	1.11127
47	40	1.0827
47	41	1.20596
47	42	1.21096
47	43	1.16976
47	53	1.17376
47	72	0.669944
47	111	0.568754
47	152	1.21066
47	154	0.636794
47	169	0.656404
48	51	1.04305
48	72	1.18242
48	93	1.15903
48	94	1.14993
48	98	1.21653
48	102	1.20131
48	108	1.16639
48	116	1.18594
48	122	0.649187
48	123	0.677265
48	127	1.19839
48	157	1.12914
48	158	0.608302
48	166	0.622804
48	170	1.1679
48	177	0.645777
49	40	0.712623
49	45	0.590119
49	60	0.672368
49	78	0.590669
49	88	1.14374
49	99	0.626965
49	141	1.16018
49	154	1.17487
49	159	1.13613
49	169	1.15489
49	173	1.16632
49	174	1.16795
49	175	1.18096
49	176	1.17808
49	179	1.17852
49	180	1.15834
50	33	1.11479
50	63	1.21389
50	114	1.13333
50	122	1.16984
50	125	0.674822
50	137	1.17526
50	138	1.17728
50	139	1.16149
50	140	1.16291
50	142	1.14968
50	169	0.687317
50	170	1.1825
50	172	1.15902
50	175	0.638193
50	177	0.704417
50	178	0.505564
51	39	1.10437
51	48	1.04305
51	93	1.04029
51	94	1.03119
51	98	1.09779
51	100	1.01559
51	102	1.08257
51	108	1.04765
51	111	1.1415
51	116	1.0672
51	127	1.07965
51	164	0.78781
51	170	1.04916
51	176	0.775858
51	177	0.836891
51	180	0.807619
52	32	1.09114
52	55	1.14682
52	69	1.1945
52	76	1.1945
52	112	0.617827
52	115	0.683047
52	118	0.64153
52	123	0.651196
52	138	0.596745
52	159	1.12198
52	167	1.25796
52	174	1.1538
52	175	1.16681
52	176	1.16393
52	179	1.16437
52	180	1.14418
53	11	0.583099
53	16	1.17209
53	17	1.16593
53	23	1.15856
53	26	1.13451
53	31	1.11905
53	40	1.09047
53	41	1.21373
53	43	1.17753
53	46	1.17594
53	47	1.17376
53	88	0.714401
53	135	0.655008
53	152	1.21843
53	176	0.627163
53	179	0.629141
54	4	0.960509
54	13	1.0625
54	37	0.883226
54	39	1.11989
54	60	1.01288
54	72	1.0792
54	93	1.05581
54	100	1.03111
54	102	1.09809
54	108	1.06317
54	111	1.15702
54	127	1.09517
54	135	0.82418
54	169	0.84027
54	170	1.06468
54	178	0.658516
55	15	1.14513
55	18	1.1373
55	32	1.07385
55	52	1.14682
55	57	1.14035
55	59	1.14035
55	69	1.17721
55	70	1.04319
55	76	1.17721
55	77	1.07212
55	84	1.10581
55	122	0.718679
55	136	0.667609
55	162	0.651628
55	167	1.24067
55	176	0.654235
55	177	0.715269
56	2	1.15119
56	5	1.147
56	22	0.967833
56	24	1.08503
56	34	1.13445
56	38	1.15436
56	64	1.14951
56	70	0.791891
56	100	0.695191
56	123	1.101
56	137	0.656854
56	144	1.09547
56	155	0.626911
56	160	1.17385
56	168	1.19402
56	178	1.2463
56	180	0.625437
57	8	1.03868
57	15	1.15594
57	18	1.14811
57	32	1.08467
57	55	1.14035
57	59	1.15116
57	69	1.18803
57	70	1.05401
57	76	1.18803
57	77	1.08293
57	84	1.11662
57	141	0.689611
57	155	0.700294
57	156	0.688422
57	160	0.628238
57	167	1.25148
57	180	0.69882
58	69	0.618397
58	86	1.2795
58	118	1.22758
58	121	1.21501
58	130	1.18804
58	133	1.19128
58	143	1.20104
58	145	1.24873
58	153	1.20705
58	158	0.554597
58	161	0.560408
58	165	0.576425
58	167	1.32661
58	168	1.30634
58	172	0.549431
58	174	0.54841
58	177	1.20883
59	8	1.03868
59	15	1.15594
59	18	1.14811
59	30	0.710611
59	32	1.08467
59	55	1.14035
59	57	1.15116
59	69	1.18803
59	70	1.05401
59	76	1.18803
59	77	1.08293
59	84	1.11662
59	149	0.722488
59	157	0.669845
59	163	0.645649
59	167	1.25148
59	179	0.65584
60	12	0.99841
60	49	0.672368
60	54	1.01288
60	72	1.13673
60	93	1.11334
60	94	1.10424
60	98	1.17084
60	100	1.08864
60	102	1.15562
60	103	0.733744
60	108	1.1207
60	116	1.14025
60	125	0.773145
60	127	1.1527
60	152	0.661176
60	154	0.76603
60	157	1.08345
60	170	1.12221
61	92	1.12089
61	99	1.0869
61	101	1.13603
61	103	1.13943
61	105	1.05359
61	107	0.734958
61	112	1.15016
61	113	1.08092
61	117	1.12414
61	120	1.0933
61	123	1.09405
61	126	1.11078
61	144	0.71024
61	151	0.735457
61	154	0.725369
61	156	1.10293
61	166	1.10688
61	176	0.701045
62	82	0.685035
62	89	1.06141
62	101	1.13289
62	103	1.13629
62	113	1.07778
62	125	0.727623
62	131	1.11829
62	137	0.759363
62	144	0.705379
62	145	1.12633
62	147	1.08365
62	148	1.10457
62	149	1.104
62	153	1.08465
62	155	0.729419
62	156	1.09979
62	168	1.18394
62	177	1.08642
63	10	1.24593
63	37	0.637489
63	50	1.21389
63	88	0.637836
63	95	1.20175
63	114	1.15622
63	125	0.582038
63	137	1.19815
63	138	1.20017
63	139	1.18438
63	140	1.1858
63	141	0.573152
63	142	1.17257
63	160	1.25385
63	170	1.20539
63	172	1.18191
63	173	0.568868
63	177	0.611633
64	2	1.22391
64	5	1.21973
64	22	1.04056
64	24	1.15776
64	34	1.20718
64	38	1.22708
64	56	1.14951
64	74	0.581905
64	123	1.17372
64	144	1.16819
64	149	0.645846
64	154	0.601545
64	155	0.610456
64	156	0.598585
64	160	1.24658
64	163	0.569007
64	168	1.26675
64	178	1.31903
65	32	0.800191
65	116	0.676023
65	137	0.726325
65	145	0.682822
65	150	0.7061
65	154	1.10337
65	155	1.11037
65	159	1.06463
65	162	1.09688
65	169	1.08339
65	171	1.10758
65	173	1.09482
65	174	1.09645
65	175	1.10946
65	176	1.10658
65	178	1.23262
65	179	1.10702
65	180	1.08683
66	16	0.744282
66	38	0.656605
66	69	0.780213
66	121	0.758603
66	128	1.09215
66	141	1.09769
66	155	1.11938
66	158	1.12199
66	160	0.654034
66	161	1.10465
66	164	1.09229
66	171	1.11659
66	173	1.10384
66	174	1.10547
66	175	1.11847
66	176	1.11559
66	179	1.11604
66	180	1.09585
67	4	0.790951
67	12	0.792477
67	43	0.598871
67	89	0.751689
67	126	0.660764
67	146	1.10281
67	151	1.10692
67	158	1.11988
67	161	1.10254
67	163	1.12106
67	171	1.11448
67	173	1.10172
67	174	1.10335
67	175	1.11636
67	176	1.11348
67	177	1.08973
67	179	1.11392
67	180	1.09373
68	33	1.14402
68	45	1.21189
68	75	0.710691
68	106	1.21189
68	128	0.604549
68	137	1.20449
68	138	1.20651
68	139	1.19071
68	140	1.19214
68	142	1.17891
68	146	0.581372
68	156	0.569825
68	160	1.26019
68	165	1.19929
68	170	1.21173
68	172	1.18824
68	174	0.565833
68	180	0.580222
69	8	1.07554
69	9	0.467221
69	15	1.1928
69	18	1.18498
69	32	1.12153
69	52	1.1945
69	55	1.17721
69	57	1.18803
69	58	0.618397
69	59	1.18803
69	66	0.780213
69	70	1.09087
69	76	1.22489
69	77	1.11979
69	84	1.15348
69	152	0.579988
69	156	0.681883
69	167	1.28835
69	174	0.677891
70	9	0.578077
70	15	1.05879
70	39	1.12064
70	55	1.04319
70	56	0.791891
70	57	1.05401
70	59	1.05401
70	69	1.09087
70	76	1.09087
70	100	1.03186
70	102	1.09885
70	104	0.857207
70	111	1.15777
70	116	1.08347
70	127	1.09592
70	154	0.795698
70	164	0.783327
70	167	1.15433
70	170	1.06543
71	16	0.616606
71	35	0.566721
71	105	0.732048
71	122	0.629623
71	129	1.14401
71	139	0.635861
71	155	1.1796
71	158	1.18221
71	161	1.16487
71	163	1.1834
71	164	1.15251
71	170	0.613056
71	171	1.17681
71	173	1.16406
71	174	1.16569
71	175	1.1787
71	176	1.17582
71	179	1.17626
71	180	1.15607
72	11	0.586568
72	12	1.06473
72	47	0.669944
72	48	1.18242
72	54	1.0792
72	60	1.13673
72	93	1.17966
72	94	1.17056
72	100	1.15496
72	108	1.18702
72	111	1.28087
72	116	1.20657
72	127	1.21902
72	135	0.658477
72	140	0.700866
72	144	0.639828
72	152	0.550102
72	157	1.14977
72	170	1.18853
73	18	0.646171
73	28	0.660093
73	39	0.554747
73	87	0.65967
73	91	0.630902
73	118	0.641255
73	154	1.17574
73	155	1.18274
73	159	1.137
73	163	1.18654
73	164	1.15564
73	171	1.17995
73	172	1.1606
73	173	1.16719
73	175	1.18183
73	176	1.17895
73	177	1.1552
73	179	1.17939
73	180	1.15921
74	31	0.686918
74	64	0.581905
74	75	1.10003
74	92	0.646248
74	103	0.569882
74	140	0.648077
74	147	0.663121
74	151	1.16347
74	155	1.17382
74	162	1.16033
74	163	1.17761
74	169	1.14684
74	173	1.15827
74	174	1.1599
74	175	1.17291
74	176	1.17003
74	178	1.29606
74	179	1.17047
74	180	1.15028
75	68	0.710691
75	74	1.10003
75	82	1.07648
75	102	0.715783
75	110	0.809193
75	129	1.06195
75	138	0.77346
75	151	1.08719
75	155	1.09754
75	166	1.08731
75	169	1.07056
75	170	0.783267
75	171	1.09475
75	173	1.08199
75	174	1.08362
75	175	1.09663
75	176	1.09375
75	179	1.09419
75	180	1.074
76	8	1.07554
76	15	1.1928
76	18	1.18498
76	32	1.12153
76	52	1.1945
76	55	1.17721
76	57	1.18803
76	59	1.18803
76	69	1.22489
76	70	1.09087
76	77	1.11979
76	84	1.15348
76	96	0.656389
76	126	0.683901
76	129	0.64011
76	134	0.61027
76	157	0.617051
76	167	1.28835
76	175	0.595878
77	32	1.01644
77	43	0.770349
77	55	1.07212
77	57	1.08293
77	59	1.08293
77	69	1.11979
77	76	1.11979
77	109	1.08781
77	118	1.08422
77	143	1.05768
77	147	1.06269
77	148	1.08361
77	149	1.08305
77	153	1.06369
77	163	0.741196
77	164	0.761362
77	167	1.18325
77	172	0.767803
77	173	0.767678
78	49	0.590669
78	79	1.1435
78	95	1.15029
78	106	1.1541
78	107	0.69392
78	114	1.10476
78	122	1.14127
78	136	1.1427
78	137	1.1467
78	139	1.13292
78	140	1.13434
78	141	0.682561
78	142	1.12112
78	158	0.683567
78	160	1.20239
78	163	0.651794
78	165	1.1415
78	169	0.703942
78	170	1.15394
78	172	1.13045
79	5	0.641354
79	36	1.09396
79	44	1.06991
79	78	1.1435
79	95	1.15992
79	106	1.16373
79	114	1.1144
79	122	1.1509
79	137	1.15633
79	138	1.15835
79	139	1.14256
79	142	1.13075
79	146	0.67958
79	160	1.21203
79	161	0.676039
79	170	1.16357
79	172	1.14009
79	174	0.66404
79	175	0.641478
79	177	0.707702
80	83	1.11482
80	88	0.716635
80	107	1.16113
80	109	1.14574
80	112	0.68855
80	118	1.14214
80	119	1.13007
80	121	1.12957
80	128	0.685486
80	132	1.15957
80	133	1.10585
80	145	1.1633
80	148	1.14153
80	150	1.14036
80	153	1.12162
80	163	0.621184
80	166	0.667458
80	168	1.22091
80	176	0.629397
80	177	1.12339
81	11	0.615254
81	14	0.676252
81	19	1.16247
81	37	1.08949
81	89	1.10968
81	92	1.16602
81	96	1.15968
81	99	1.13202
81	101	1.18116
81	104	1.11897
81	105	1.09872
81	112	1.19529
81	113	1.12605
81	117	1.16927
81	123	1.13918
81	164	0.671271
81	165	0.704706
81	166	1.15201
81	171	0.663388
81	173	0.677588
82	62	0.685035
82	75	1.07648
82	106	1.15177
82	110	0.635813
82	115	0.686383
82	122	1.13894
82	126	0.644843
82	130	0.705869
82	138	1.14639
82	139	1.13059
82	140	1.13202
82	142	1.11879
82	149	0.630637
82	164	1.12317
82	170	1.15161
82	173	1.13472
82	175	1.14936
82	178	1.27252
82	179	1.14692
82	180	1.12673
83	80	1.11482
83	90	0.658778
83	97	1.04166
83	110	1.1162
83	118	1.12641
83	132	1.14383
83	133	1.09011
83	141	0.710171
83	143	1.09987
83	145	1.14757
83	146	0.72053
83	147	1.10488
83	148	1.1258
83	149	1.12524
83	150	1.12463
83	153	1.10588
83	155	0.720854
83	167	1.22544
83	175	0.682428
83	177	1.10766
83	180	0.71938
84	18	1.11357
84	32	1.05013
84	55	1.10581
84	57	1.11662
84	59	1.11662
84	69	1.15348
84	76	1.15348
84	95	1.1244
84	106	1.1282
84	114	1.07887
84	122	1.11538
84	138	1.12282
84	140	1.10845
84	142	1.09522
84	144	0.690823
84	162	0.67902
84	166	0.719689
84	167	1.21694
84	174	0.699
84	176	0.681627
84	177	0.742661
85	86	1.16829
85	107	1.13536
85	109	1.11997
85	110	1.10616
85	128	0.720582
85	132	1.1338
85	133	1.08007
85	134	0.673695
85	141	0.687046
85	142	0.750796
85	143	1.08983
85	145	1.13753
85	147	1.09484
85	148	1.11576
85	149	1.1152
85	150	1.11459
85	153	1.09585
85	161	0.693864
85	168	1.19514
85	173	0.682762
85	177	1.09762
86	13	0.663818
86	58	1.2795
86	85	1.16829
86	115	1.18436
86	118	1.20566
86	119	1.19358
86	121	1.19309
86	123	0.650209
86	143	1.17912
86	144	0.566882
86	145	1.22681
86	147	1.18413
86	148	1.20505
86	149	1.20449
86	150	1.20388
86	153	1.18513
86	157	0.573669
86	159	0.618652
86	172	0.57608
86	177	1.18691
86	179	0.559664
87	19	1.13294
87	73	0.65967
87	89	1.08015
87	96	1.13016
87	99	1.1025
87	101	1.15163
87	103	1.15503
87	104	1.08944
87	105	1.06919
87	112	1.16576
87	113	1.09653
87	117	1.13974
87	120	1.10891
87	131	1.13703
87	136	0.687803
87	140	0.744663
87	156	1.11853
87	159	0.735394
87	161	0.7038
87	166	1.12248
87	179	0.676407
88	49	1.14374
88	53	0.714401
88	63	0.637836
88	80	0.716635
88	120	0.737865
88	128	1.10595
88	145	0.680072
88	154	1.12619
88	159	1.08745
88	161	1.11846
88	162	1.11971
88	163	1.13698
88	164	1.10609
88	169	1.10621
88	170	0.708274
88	171	1.1304
88	173	1.11764
88	175	1.13228
88	176	1.1294
88	179	1.12984
88	180	1.10965
89	35	1.15327
89	37	1.04602
89	62	1.06141
89	67	0.751689
89	81	1.10968
89	87	1.08015
89	92	1.12255
89	96	1.11621
89	99	1.08855
89	103	1.14108
89	104	1.0755
89	105	1.05525
89	112	1.15182
89	113	1.08258
89	120	1.09496
89	126	1.11244
89	144	0.756112
89	159	0.807882
89	162	0.74431
89	166	1.10853
89	175	0.741726
89	178	0.609097
90	24	0.591056
90	44	0.766492
90	83	0.658778
90	106	0.602666
90	132	0.610843
90	133	0.657417
90	146	1.17309
90	151	1.17721
90	159	1.14181
90	160	0.505499
90	161	1.17283
90	162	1.17407
90	163	1.19135
90	169	1.16058
90	171	1.18477
90	173	1.17201
90	174	1.17364
90	175	1.18665
90	176	1.18377
90	177	1.16001
90	179	1.18421
90	180	1.16402
91	3	1.0825
91	73	0.630902
91	97	1.07032
91	109	1.15866
91	110	1.14486
91	119	1.14299
91	130	1.11553
91	131	0.639184
91	132	1.17249
91	133	1.11877
91	145	1.17622
91	147	1.13354
91	148	1.15446
91	149	1.1539
91	150	1.15328
91	153	1.13454
91	165	0.691049
91	167	1.2541
91	168	1.23383
91	172	0.664055
91	173	0.663931
91	176	0.645661
91	180	0.677423
92	8	1.05254
92	19	1.17534
92	35	1.20961
92	61	1.12089
92	74	0.646248
92	81	1.16602
92	89	1.12255
92	96	1.17255
92	99	1.14489
92	101	1.19403
92	104	1.13184
92	105	1.11159
92	113	1.13892
92	117	1.18214
92	120	1.1513
92	129	0.680605
92	136	0.654937
92	155	0.674799
92	156	1.16093
92	158	0.665123
92	164	0.653515
92	166	1.16487
92	175	0.636373
93	1	0.835982
93	4	1.06097
93	48	1.15903
93	51	1.04029
93	54	1.05581
93	60	1.11334
93	72	1.17966
93	94	1.14717
93	98	1.21377
93	102	1.19855
93	108	1.16363
93	111	1.25748
93	116	1.18318
93	120	1.13999
93	127	1.19563
93	132	0.698934
93	155	0.665646
93	157	1.12638
93	170	1.16514
93	172	0.650804
93	175	0.62722
93	178	0.494591
93	179	0.634388
94	12	1.03224
94	39	1.21125
94	48	1.14993
94	51	1.03119
94	60	1.10424
94	72	1.17056
94	93	1.14717
94	98	1.20467
94	100	1.12247
94	102	1.18945
94	108	1.15453
94	111	1.24838
94	116	1.17408
94	125	0.667518
94	127	1.18653
94	155	0.669314
94	157	1.11728
94	161	0.665449
94	170	1.15604
94	173	0.654348
94	174	0.653451
94	176	0.636079
94	180	0.66784
95	27	0.669782
95	28	1.12891
95	36	1.10075
95	38	0.609328
95	63	1.20175
95	78	1.15029
95	79	1.15992
95	84	1.1244
95	106	1.17052
95	114	1.12119
95	136	1.15913
95	137	1.16312
95	138	1.16514
95	139	1.14935
95	140	1.15077
95	142	1.13754
95	149	0.714203
95	170	1.17036
95	171	0.649647
95	172	1.14688
95	175	0.640387
95	176	0.645577
95	180	0.677339
96	14	0.645414
96	37	1.09602
96	76	0.656389
96	81	1.15968
96	87	1.13016
96	89	1.11621
96	92	1.17255
96	99	1.13856
96	101	1.18769
96	103	1.19109
96	105	1.10525
96	113	1.13259
96	117	1.1758
96	123	1.14571
96	126	1.16245
96	131	1.17309
96	133	0.741577
96	154	0.652804
96	156	1.1546
96	158	0.65204
96	166	1.15854
96	176	0.62848
96	179	0.630458
97	83	1.04166
97	91	1.07032
97	107	1.08798
97	109	1.07259
97	110	1.05878
97	115	1.0477
97	118	1.06899
97	121	1.05642
97	130	1.02945
97	132	1.08642
97	134	0.792413
97	140	0.853444
97	143	1.04245
97	145	1.09015
97	147	1.04746
97	148	1.06838
97	149	1.06782
97	150	1.06721
97	152	0.70268
97	153	1.04847
97	159	0.844175
97	168	1.14776
97	172	0.801604
97	180	0.814972
98	4	1.11847
98	12	1.09884
98	14	0.615648
98	48	1.21653
98	51	1.09779
98	60	1.17084
98	93	1.21377
98	94	1.20467
98	100	1.18907
98	102	1.25606
98	108	1.22113
98	111	1.31498
98	116	1.24068
98	120	1.1975
98	127	1.25313
98	131	0.592237
98	136	0.612089
98	157	1.18388
98	163	0.590502
98	164	0.610667
98	168	0.574165
98	170	1.22264
98	174	0.616087
98	179	0.600692
99	19	1.14134
99	35	1.17561
99	49	0.626965
99	61	1.0869
99	81	1.13202
99	87	1.1025
99	89	1.08855
99	92	1.14489
99	96	1.13856
99	101	1.16003
99	103	1.16343
99	104	1.09784
99	105	1.07759
99	112	1.17416
99	113	1.10493
99	117	1.14814
99	123	1.11806
99	131	1.14543
99	135	0.724147
99	152	0.615772
99	165	0.74169
99	173	0.714572
99	175	0.691112
99	179	0.69828
100	13	1.13826
100	25	0.717936
100	39	1.19565
100	51	1.01559
100	54	1.03111
100	56	0.695191
100	60	1.08864
100	70	1.03186
100	72	1.15496
100	94	1.12247
100	98	1.18907
100	102	1.17385
100	108	1.13893
100	111	1.23278
100	116	1.15848
100	120	1.11529
100	127	1.17093
100	131	0.668196
100	136	0.688048
100	157	1.10168
100	162	0.672067
100	170	1.14044
100	173	0.692943
100	179	0.676652
101	9	0.415469
101	35	1.22475
101	61	1.13603
101	62	1.13289
101	81	1.18116
101	87	1.15163
101	92	1.19403
101	96	1.18769
101	99	1.16003
101	103	1.21257
101	105	1.12673
101	112	1.2233
101	113	1.15406
101	117	1.19728
101	123	1.16719
101	124	0.654417
101	129	0.647809
101	130	0.752625
101	131	1.19457
101	150	0.65172
101	156	1.17607
101	165	0.654155
101	166	1.18002
101	167	0.585241
101	180	0.640529
102	4	1.10326
102	6	0.762542
102	12	1.08362
102	48	1.20131
102	51	1.08257
102	54	1.09809
102	60	1.15562
102	70	1.09885
102	75	0.715783
102	93	1.19855
102	94	1.18945
102	98	1.25606
102	100	1.17385
102	108	1.20591
102	111	1.29976
102	116	1.22546
102	120	1.18228
102	127	1.23791
102	146	0.586464
102	165	0.598939
102	166	0.591613
102	170	1.20742
102	173	0.571821
102	174	0.570924
102	177	0.614586
103	17	0.626067
103	35	1.22814
103	60	0.733744
103	61	1.13943
103	62	1.13629
103	74	0.569882
103	87	1.15503
103	89	1.14108
103	96	1.19109
103	99	1.16343
103	101	1.21257
103	105	1.13012
103	112	1.22669
103	113	1.15746
103	114	0.686408
103	117	1.20067
103	120	1.16984
103	126	1.18732
103	131	1.19796
103	147	0.650475
103	155	0.598433
103	156	1.17947
103	161	0.594568
103	166	1.18341
103	168	0.540647
104	70	0.857207
104	81	1.11897
104	87	1.08944
104	89	1.0755
104	92	1.13184
104	99	1.09784
104	105	1.06454
104	111	0.615275
104	112	1.16111
104	113	1.09187
104	138	0.697062
104	143	0.76389
104	150	0.701945
104	153	0.735399
104	154	1.12106
104	156	1.11388
104	160	0.620171
104	162	1.11457
104	164	1.10096
104	171	1.12527
104	173	1.11251
104	175	1.12715
104	176	1.12427
104	179	1.12471
104	180	1.10452
105	19	1.10804
105	61	1.05359
105	71	0.732048
105	81	1.09872
105	87	1.06919
105	89	1.05525
105	92	1.11159
105	96	1.10525
105	99	1.07759
105	101	1.12673
105	103	1.13012
105	104	1.06454
105	112	1.14086
105	113	1.07162
105	117	1.11484
105	120	1.084
105	123	1.08475
105	131	1.11213
105	135	0.767873
105	152	0.659498
105	153	0.816437
105	156	1.09363
105	157	0.756011
105	162	0.737422
105	166	1.09757
105	176	0.740029
106	28	1.13271
106	29	1.13231
106	36	1.10456
106	68	1.21189
106	78	1.1541
106	79	1.16373
106	82	1.15177
106	84	1.1282
106	90	0.602666
106	95	1.17052
106	114	1.12499
106	124	0.677155
106	134	0.640708
106	137	1.16693
106	139	1.15315
106	140	1.15457
106	142	1.14134
106	151	0.665918
106	157	0.647488
106	160	1.22262
106	161	0.660876
106	165	1.16172
106	170	1.17417
106	172	1.15068
106	175	0.626315
106	177	0.692539
107	20	1.18657
107	26	0.681072
107	61	0.734958
107	78	0.69392
107	80	1.16113
107	85	1.13536
107	97	1.08798
107	110	1.16252
107	115	1.15143
107	118	1.17272
107	119	1.16065
107	130	1.13318
107	133	1.13643
107	134	0.616275
107	143	1.14618
107	145	1.19388
107	146	0.639984
107	147	1.1512
107	148	1.17212
107	149	1.17155
107	150	1.17094
107	153	1.1522
107	158	0.630631
107	171	0.611142
107	175	0.601882
107	177	1.15397
108	7	0.580313
108	12	1.0487
108	13	1.17032
108	48	1.16639
108	51	1.04765
108	54	1.06317
108	60	1.1207
108	72	1.18702
108	93	1.16363
108	94	1.15453
108	98	1.22113
108	100	1.13893
108	102	1.20591
108	111	1.26484
108	116	1.19054
108	120	1.14735
108	127	1.20299
108	139	0.702656
108	144	0.641169
108	151	0.666386
108	155	0.665209
108	157	1.13374
108	164	0.643926
108	165	0.677361
108	170	1.1725
108	179	0.633951
109	1	1.06619
109	3	1.08477
109	77	1.08781
109	80	1.14574
109	85	1.11997
109	91	1.15866
109	97	1.07259
109	110	1.14712
109	115	1.13604
109	116	0.690343
109	130	1.11779
109	131	0.67099
109	132	1.17476
109	143	1.13079
109	145	1.17849
109	147	1.1358
109	149	1.15616
109	150	1.15555
109	153	1.13681
109	157	0.69345
109	159	0.738432
109	162	0.67486
109	167	1.25637
109	173	0.695737
109	177	1.13858
109	178	0.539648
109	180	0.709229
110	75	0.809193
110	82	0.635813
110	83	1.1162
110	85	1.10616
110	91	1.14486
110	97	1.05878
110	107	1.16252
110	109	1.14712
110	118	1.14353
110	121	1.13096
110	130	1.10399
110	131	0.640484
110	133	1.10723
110	136	0.660336
110	138	0.685032
110	143	1.11699
110	147	1.122
110	148	1.14292
110	149	1.14236
110	150	1.14175
110	153	1.123
110	158	0.670521
110	164	0.658914
110	167	1.24256
110	168	1.22229
110	177	1.12478
110	179	0.648939
111	12	1.14255
111	13	1.26417
111	39	1.32156
111	47	0.568754
111	51	1.1415
111	54	1.15702
111	70	1.15777
111	72	1.28087
111	93	1.25748
111	94	1.24838
111	98	1.31498
111	100	1.23278
111	102	1.29976
111	104	0.615275
111	108	1.26484
111	116	1.28439
111	120	1.2412
111	123	0.621965
111	127	1.29684
111	133	0.64254
111	146	0.562355
111	157	1.22759
111	167	0.505916
111	170	1.26635
111	174	0.546815
111	177	0.590477
111	178	0.391623
111	180	0.561204
112	7	0.580652
112	8	1.08181
112	19	1.2046
112	35	1.23888
112	37	1.13163
112	52	0.617827
112	61	1.15016
112	80	0.68855
112	81	1.19529
112	87	1.16576
112	89	1.15182
112	99	1.17416
112	101	1.2233
112	103	1.22669
112	104	1.16111
112	105	1.14086
112	113	1.16819
112	117	1.21141
112	123	1.18132
112	131	1.20869
112	156	1.1902
112	163	0.624098
112	166	1.19414
112	171	0.636382
112	174	0.649684
112	175	0.627121
112	177	0.693346
112	178	0.494492
113	19	1.13537
113	35	1.16964
113	61	1.08092
113	62	1.07778
113	81	1.12605
113	87	1.09653
113	89	1.08258
113	92	1.13892
113	96	1.13259
113	99	1.10493
113	101	1.15406
113	103	1.15746
113	104	1.09187
113	105	1.07162
113	112	1.16819
113	117	1.14217
113	120	1.11134
113	123	1.11208
113	153	0.750953
113	156	1.12097
113	158	0.698105
113	161	0.703916
113	162	0.671938
113	166	1.12491
113	170	0.722423
113	172	0.692938
113	173	0.692814
113	179	0.676523
114	10	1.16537
114	45	1.12499
114	50	1.13333
114	63	1.15622
114	78	1.10476
114	79	1.1144
114	84	1.07887
114	95	1.12119
114	103	0.686408
114	106	1.12499
114	122	1.11217
114	136	1.1136
114	137	1.11759
114	138	1.11961
114	139	1.10382
114	140	1.10524
114	141	0.716923
114	142	1.09201
114	152	0.61384
114	156	0.715734
114	159	0.755335
114	160	1.17329
114	165	1.11239
114	167	0.670844
114	170	1.12483
114	172	1.10135
114	177	0.755404
114	179	0.696348
115	1	1.04131
115	3	1.05988
115	52	0.683047
115	82	0.686383
115	86	1.18436
115	97	1.0477
115	107	1.15143
115	109	1.13604
115	118	1.13244
115	119	1.12037
115	121	1.11987
115	130	1.0929
115	132	1.14987
115	133	1.09615
115	143	1.1059
115	144	0.706727
115	147	1.11092
115	148	1.13184
115	149	1.13127
115	150	1.13066
115	153	1.11192
115	162	0.694924
115	165	0.742919
115	167	1.23148
115	171	0.701601
115	176	0.697531
115	177	1.11369
115	179	0.699509
116	4	1.08788
116	13	1.18987
116	39	1.24726
116	48	1.18594
116	51	1.0672
116	60	1.14025
116	65	0.676023
116	70	1.08347
116	72	1.20657
116	93	1.18318
116	94	1.17408
116	98	1.24068
116	100	1.15848
116	102	1.22546
116	108	1.19054
116	109	0.690343
116	111	1.28439
116	120	1.1669
116	127	1.22254
116	157	1.15329
116	158	0.609594
116	159	0.647
116	169	0.629969
116	170	1.19205
116	171	0.590105
116	173	0.604304
116	175	0.580845
116	176	0.586035
117	8	1.05579
117	19	1.17859
117	35	1.21286
117	37	1.10561
117	61	1.12414
117	81	1.16927
117	87	1.13974
117	92	1.18214
117	96	1.1758
117	99	1.14814
117	101	1.19728
117	103	1.20067
117	105	1.11484
117	112	1.21141
117	113	1.14217
117	120	1.15455
117	126	1.17203
117	131	1.18268
117	146	0.664314
117	156	1.16418
117	158	0.654962
117	160	0.592582
117	166	1.16812
117	170	0.67928
117	172	0.649796
117	174	0.648775
117	175	0.626212
117	176	0.631402
117	180	0.663164
118	15	0.686579
118	52	0.64153
118	58	1.22758
118	73	0.641255
118	77	1.08422
118	80	1.14214
118	83	1.12641
118	86	1.20566
118	97	1.06899
118	107	1.17272
118	110	1.14353
118	115	1.13244
118	119	1.14166
118	121	1.14117
118	124	0.701664
118	126	1.15621
118	130	1.1142
118	132	1.17116
118	133	1.11744
118	136	0.669388
118	143	1.1272
118	145	1.17489
118	147	1.13221
118	150	1.15196
118	152	0.575484
118	153	1.13321
118	156	0.677378
118	159	0.716979
118	165	0.701402
118	177	1.13499
119	3	1.0691
119	19	0.678383
119	33	0.82757
119	38	0.599101
119	80	1.13007
119	86	1.19358
119	91	1.14299
119	107	1.16065
119	115	1.12037
119	118	1.14166
119	120	0.712818
119	121	1.12909
119	126	1.14413
119	129	0.674391
119	130	1.10212
119	132	1.15909
119	133	1.10537
119	143	1.11512
119	145	1.16282
119	147	1.12014
119	148	1.14105
119	149	1.14049
119	150	1.13988
119	153	1.12114
119	161	0.66472
119	165	0.680737
119	166	0.673411
119	167	1.2407
119	168	1.22043
119	178	0.49753
120	11	0.606563
120	61	1.0933
120	87	1.10891
120	88	0.737865
120	89	1.09496
120	92	1.1513
120	93	1.13999
120	98	1.1975
120	100	1.11529
120	102	1.18228
120	103	1.16984
120	105	1.084
120	108	1.14735
120	111	1.2412
120	113	1.11134
120	116	1.1669
120	117	1.15455
120	119	0.712818
120	123	1.12446
120	126	1.1412
120	127	1.17935
120	133	0.763725
120	138	0.688698
120	152	0.570097
120	157	1.1101
120	166	1.13729
120	168	0.626077
120	170	1.14886
120	175	0.645437
120	179	0.652605
121	30	0.695656
121	58	1.21501
121	66	0.758603
121	80	1.12957
121	86	1.19309
121	97	1.05642
121	110	1.13096
121	115	1.11987
121	118	1.14117
121	119	1.12909
121	125	0.670347
121	129	0.677949
121	130	1.10163
121	132	1.15859
121	133	1.10487
121	143	1.11463
121	145	1.16232
121	147	1.11964
121	148	1.14056
121	149	1.14
121	150	1.13939
121	152	0.558377
121	153	1.12064
121	155	0.672143
121	157	0.65489
121	161	0.668278
121	167	1.2402
121	168	1.21993
121	172	0.657301
121	177	1.12242
122	10	1.20188
122	14	0.654537
122	24	0.68434
122	28	1.11989
122	36	1.09174
122	44	1.06768
122	45	1.1615
122	48	0.649187
122	50	1.16984
122	55	0.718679
122	71	0.629623
122	78	1.14127
122	79	1.1509
122	82	1.13894
122	84	1.11538
122	114	1.11217
122	128	0.693692
122	136	1.15011
122	137	1.1541
122	138	1.15612
122	139	1.14033
122	140	1.14175
122	142	1.12852
122	157	0.653586
122	160	1.2098
122	165	1.1489
122	170	1.16134
122	172	1.13786
122	174	0.654976
122	180	0.669365
123	2	1.1754
123	22	0.992049
123	24	1.10925
123	34	1.15866
123	38	1.17857
123	48	0.677265
123	52	0.651196
123	56	1.101
123	61	1.09405
123	64	1.17372
123	81	1.13918
123	86	0.650209
123	96	1.14571
123	99	1.11806
123	101	1.16719
123	105	1.08475
123	111	0.621965
123	112	1.18132
123	113	1.11208
123	120	1.12446
123	144	1.11968
123	160	1.19806
123	161	0.695052
123	162	0.663074
123	166	1.13804
123	168	1.21824
123	171	0.669751
123	172	0.684074
123	178	1.27052
123	180	0.697442
124	15	0.649374
124	24	0.665546
124	101	0.654417
124	106	0.677155
124	118	0.701664
124	134	1.16588
124	135	1.11688
124	139	0.689491
124	151	1.14462
124	153	0.695217
124	154	1.14797
124	155	1.15497
124	156	1.1408
124	157	1.11755
124	158	1.15758
124	162	1.14149
124	163	1.15876
124	164	1.12787
124	165	1.14387
124	167	0.595283
124	169	1.12799
124	170	0.666686
124	171	1.15218
124	172	1.13283
124	173	1.13942
124	174	1.14105
124	175	1.15406
124	176	1.15118
124	179	1.15162
124	180	1.13143
125	38	0.568349
125	50	0.674822
125	60	0.773145
125	62	0.727623
125	63	0.582038
125	94	0.667518
125	121	0.670347
125	129	1.11747
125	134	1.16397
125	135	1.11497
125	146	1.1386
125	151	1.14272
125	153	0.681006
125	155	1.15307
125	157	1.11565
125	159	1.10732
125	161	1.13834
125	164	1.12597
125	165	1.14197
125	169	1.12609
125	170	0.652475
125	171	1.15028
125	172	1.13092
125	173	1.13752
125	174	1.13915
125	175	1.15216
125	176	1.14928
125	178	1.27532
125	179	1.14972
125	180	1.12953
126	8	1.04243
126	61	1.11078
126	67	0.660764
126	76	0.683901
126	82	0.644843
126	89	1.11244
126	96	1.16245
126	103	1.18732
126	117	1.17203
126	118	1.15621
126	119	1.14413
126	120	1.1412
126	131	1.16932
126	132	1.17363
126	133	1.11991
126	143	1.12967
126	147	1.13468
126	148	1.1556
126	149	1.15504
126	150	1.15443
126	153	1.13568
126	155	0.689227
126	156	1.15083
126	164	0.667944
126	166	1.15477
126	171	0.660061
126	173	0.674261
126	174	0.673364
126	177	1.13746
126	179	0.657969
127	4	1.10033
127	12	1.0807
127	13	1.20232
127	39	1.25971
127	41	0.635764
127	48	1.19839
127	51	1.07965
127	54	1.09517
127	60	1.1527
127	70	1.09592
127	72	1.21902
127	93	1.19563
127	94	1.18653
127	98	1.25313
127	100	1.17093
127	102	1.23791
127	108	1.20299
127	111	1.29684
127	116	1.22254
127	120	1.17935
127	141	0.63699
127	143	0.719335
127	157	1.16574
127	158	0.637996
127	163	0.606223
127	168	0.589886
127	170	1.2045
127	171	0.618506
127	176	0.614437
127	177	0.67547
127	178	0.476617
128	2	0.635872
128	40	0.83805
128	66	1.09215
128	68	0.604549
128	80	0.685486
128	85	0.720582
128	88	1.10595
128	122	0.693692
128	135	1.106
128	141	1.12239
128	143	0.734147
128	146	1.12963
128	151	1.13374
128	154	1.13709
128	157	1.10667
128	158	1.14669
128	161	1.12936
128	162	1.1306
128	163	1.14788
128	164	1.11699
128	165	1.13299
128	167	0.605722
128	169	1.11711
128	170	0.677125
128	171	1.1413
128	173	1.12854
128	174	1.13017
128	175	1.14318
128	176	1.1403
128	179	1.14074
128	180	1.12055
129	4	0.82522
129	71	1.14401
129	75	1.06195
129	76	0.64011
129	92	0.680605
129	101	0.647809
129	119	0.674391
129	121	0.677949
129	125	1.11747
129	132	0.678724
129	140	0.682434
129	141	1.11404
129	146	1.12127
129	151	1.12538
129	153	0.688609
129	154	1.12873
129	155	1.13573
129	158	1.13834
129	161	1.121
129	162	1.12225
129	164	1.10863
129	169	1.10875
129	171	1.13294
129	173	1.12018
129	174	1.12181
129	175	1.13482
129	176	1.13194
129	177	1.10819
129	178	1.25798
129	179	1.13238
129	180	1.11219
130	3	1.04163
130	58	1.18804
130	82	0.705869
130	91	1.11553
130	97	1.02945
130	101	0.752625
130	107	1.13318
130	109	1.11779
130	110	1.10399
130	115	1.0929
130	118	1.1142
130	119	1.10212
130	121	1.10163
130	132	1.13162
130	133	1.0779
130	143	1.08765
130	145	1.13535
130	147	1.09267
130	148	1.11359
130	149	1.11303
130	150	1.11241
130	151	0.751429
130	153	1.09367
130	162	0.71441
130	167	1.21323
130	168	1.19296
130	169	0.760951
130	171	0.721087
130	175	0.711827
130	176	0.717017
130	177	1.09544
130	178	0.579198
131	21	0.629548
131	32	0.703725
131	62	1.11829
131	87	1.13703
131	91	0.639184
131	96	1.17309
131	98	0.592237
131	99	1.14543
131	100	0.668196
131	101	1.19457
131	103	1.19796
131	105	1.11213
131	109	0.67099
131	110	0.640484
131	112	1.20869
131	117	1.18268
131	126	1.16932
131	134	1.18655
131	135	1.13755
131	140	0.636915
131	143	0.67158
131	156	1.16147
131	161	1.16091
131	167	0.543155
131	169	1.14866
131	171	1.17285
131	173	1.1601
131	174	1.16172
131	175	1.17473
131	176	1.17185
131	179	1.1723
131	180	1.15211
132	80	1.15957
132	83	1.14383
132	85	1.1338
132	90	0.610843
132	91	1.17249
132	93	0.698934
132	97	1.08642
132	109	1.17476
132	115	1.14987
132	118	1.17116
132	119	1.15909
132	121	1.15859
132	126	1.17363
132	129	0.678724
132	130	1.13162
132	133	1.13487
132	143	1.14462
132	145	1.19232
132	147	1.14963
132	148	1.17055
132	149	1.16999
132	151	0.674095
132	153	1.15064
132	162	0.637075
132	166	0.677744
132	167	1.2702
132	168	1.24993
132	171	0.643752
132	174	0.657055
132	175	0.634492
132	177	1.15241
132	178	0.501863
133	20	1.13128
133	26	0.760256
133	58	1.19128
133	80	1.10585
133	83	1.09011
133	85	1.08007
133	90	0.657417
133	91	1.11877
133	96	0.741577
133	107	1.13643
133	110	1.10723
133	111	0.64254
133	115	1.09615
133	118	1.11744
133	119	1.10537
133	120	0.763725
133	121	1.10487
133	126	1.11991
133	130	1.0779
133	132	1.13487
133	136	0.69963
133	143	1.0909
133	145	1.1386
133	147	1.09591
133	148	1.11683
133	149	1.11627
133	150	1.11566
133	153	1.09692
133	156	0.70762
133	160	0.647436
133	167	1.21647
133	168	1.19621
133	172	0.704649
133	175	0.681066
133	177	1.09869
134	2	0.588986
134	10	0.567482
134	76	0.61027
134	85	0.673695
134	97	0.792413
134	106	0.640708
134	107	0.616275
