1	56	1.26231
1	62	1.29778
1	65	1.23124
1	74	1.19501
1	79	1.22681
1	80	1.19173
1	137	0.721128
1	148	0.839784
1	161	1.11374
1	177	1.0944
1	178	0.755687
1	180	1.11586
2	95	1.20478
2	107	1.18161
2	116	1.21497
2	117	1.19395
2	118	1.19872
2	121	1.17705
2	122	1.23827
2	123	1.21925
2	127	0.891501
2	144	0.609561
2	156	0.736494
2	165	1.15292
3	78	0.549967
3	89	1.15146
3	107	1.19388
3	112	1.18231
3	116	1.22724
3	117	1.20622
3	121	1.18931
3	122	1.25054
3	123	1.23151
3	155	0.625344
3	166	1.15947
3	177	1.0437
4	38	1.21039
4	43	1.20932
4	44	1.24464
4	55	1.16836
4	57	1.16769
4	68	1.24725
4	120	0.614969
4	140	0.50972
4	146	1.25872
4	149	0.306692
4	150	1.1382
4	167	2.01252
5	14	1.13033
5	16	1.14875
5	24	1.08715
5	28	1.08587
5	53	1.03423
5	54	1.00367
5	69	1.11776
5	115	0.851758
5	133	1.18776
5	139	0.845442
5	168	1.09579
5	177	1.19093
6	18	1.31279
6	19	1.03777
6	56	1.44824
6	63	1.4106
6	65	1.41718
6	74	1.38094
6	80	1.37767
6	129	0.690621
6	136	0.422988
6	157	0.922007
6	163	0.514963
6	177	1.28034
7	51	1.1578
7	61	1.23541
7	70	1.21727
7	72	1.22699
7	84	1.27918
7	92	1.24107
7	119	1.17837
7	142	0.453266
7	153	1.0988
7	160	1.01734
7	172	0.892495
7	180	1.05651
8	21	1.11173
8	35	1.10406
8	42	1.05885
8	48	1.05885
8	64	1.10745
8	77	1.1879
8	135	1.04639
8	142	0.899441
8	159	1.09855
8	171	1.02633
8	175	0.916265
8	178	1.14251
9	23	1.19587
9	45	1.22529
9	66	1.01762
9	93	1.13057
9	110	0.980459
9	125	1.0738
9	130	1.23013
9	135	1.07252
9	149	0.931505
9	161	0.994343
9	175	0.942398
9	177	0.975002
10	22	1.10366
10	30	1.21852
10	47	1.20645
10	60	1.24883
10	73	1.23573
10	76	1.20326
10	82	1.21299
10	85	1.18386
10	136	0.638129
10	147	0.812919
10	149	0.760697
10	172	1.17591
11	87	1.07447
11	97	1.00593
11	99	1.09459
11	100	1.10184
11	101	1.06903
11	104	1.04352
11	106	1.09894
11	108	1.09308
11	111	1.02033
11	148	1.25821
11	149	0.955067
11	156	0.957068
12	59	1.21296
12	83	1.18381
12	102	1.22693
12	105	1.23803
12	109	1.27168
12	114	1.2416
12	128	0.404217
12	132	0.463342
12	157	1.07429
12	171	1.15748
12	175	1.2163
12	179	1.34385
13	21	1.10406
13	35	1.09638
13	42	1.05117
13	48	1.05117
13	64	1.09978
13	77	1.18022
13	126	0.769615
13	152	1.10705
13	165	1.21125
13	171	1.01865
13	174	1.16603
13	175	0.908589
14	5	1.13033
14	16	1.25469
14	26	1.21735
14	53	1.14017
14	54	1.10961
14	69	1.2237
14	103	0.676132
14	133	1.2937
14	136	1.25943
14	165	1.02264
14	166	1.03893
14	171	0.693095
15	101	0.392253
15	106	0.442361
15	130	1.21721
15	135	0.380862
15	142	1.344
15	146	0.256249
15	172	1.19388
15	173	1.13953
15	176	1.18428
15	178	1.22289
15	179	1.13155
15	180	1.16796
16	5	1.14875
16	14	1.25469
16	24	1.21152
16	28	1.21023
16	53	1.15859
16	54	1.12803
16	69	1.24212
16	134	0.540388
16	136	1.27786
16	160	0.983073
16	164	0.534636
16	179	1.38018
17	46	1.05148
17	94	1.07825
17	112	1.04052
17	116	1.08545
17	117	1.06443
17	118	1.0692
17	119	0.965677
17	121	1.04753
17	122	1.10875
17	123	1.08973
17	149	1.09182
17	163	1.06123
18	6	1.31279
18	50	1.02194
18	56	1.09631
18	62	1.13178
18	74	1.02901
18	79	1.06081
18	136	0.926654
18	144	0.92429
18	152	1.09426
18	161	0.947746
18	177	0.928405
18	178	1.26827
19	6	1.03777
19	104	1.10299
19	130	0.978
19	163	1.10206
19	167	0.859917
19	168	1.00433
19	169	0.906535
19	170	0.979539
19	176	0.94507
19	178	0.983672
19	179	0.892333
19	180	0.92875
20	86	1.14428
20	97	1.16943
20	98	1.16237
20	99	1.2581
20	101	1.23253
20	104	1.20703
20	108	1.25658
20	111	1.18384
20	119	0.751261
20	129	1.02247
20	131	0.779243
20	133	0.790415
21	8	1.11173
21	13	1.10406
21	42	1.16879
21	48	1.16879
21	64	1.2174
21	77	1.29784
21	113	0.542818
21	135	1.15633
21	142	0.752894
21	153	0.932798
21	171	1.13627
21	175	1.02621
21	180	1.35614
22	10	1.10366
22	29	0.957846
22	47	1.03019
22	49	1.16651
22	60	1.07258
22	73	1.05947
22	76	1.02701
22	82	1.03674
22	85	1.00761
22	151	1.20043
22	153	0.936974
22	169	1.2189
22	180	0.964652
23	9	1.19587
23	45	1.3671
23	66	1.15943
23	93	1.27237
23	103	0.92318
23	134	0.948645
23	144	0.72634
23	152	1.28267
23	161	1.13615
23	163	0.820679
23	175	1.08421
23	177	1.11681
24	5	1.08715
24	16	1.21152
24	26	1.17418
24	28	1.14863
24	53	1.09699
24	54	1.06643
24	69	1.18053
24	133	1.25053
24	136	1.21626
24	159	0.687963
24	173	1.34466
24	177	0.831809
24	178	0.731925
25	27	1.04238
25	59	1.16254
25	90	1.20336
25	102	1.17651
25	105	1.18761
25	109	1.22127
25	114	1.19118
25	135	1.12712
25	137	0.852123
25	148	0.970779
25	156	0.669634
25	171	1.10706
25	176	1.15387
26	14	1.21735
26	24	1.17418
26	28	1.17289
26	53	1.12125
26	54	1.09069
26	69	1.20478
26	91	1.23301
26	110	0.853786
26	115	0.938781
26	131	0.706673
26	133	1.27478
26	147	0.857055
26	170	1.17064
27	25	1.04238
27	58	1.07064
27	71	1.0645
27	83	1.01251
27	88	1.00403
27	90	1.08248
27	96	1.03627
27	105	1.06673
27	114	1.0703
27	134	1.1734
27	137	1.26052
27	145	0.918769
27	171	0.986181
28	5	1.08587
28	16	1.21023
28	24	1.14863
28	26	1.17289
28	53	1.09571
28	54	1.06515
28	69	1.17924
28	91	1.20747
28	133	1.24924
28	145	0.432626
28	147	0.642107
28	165	1.00831
28	179	1.52705
29	22	0.957846
29	32	1.07894
29	47	1.06064
29	60	1.10302
29	73	1.08992
29	76	1.05745
29	82	1.06718
29	85	1.03805
29	113	0.972326
29	145	1.04916
29	150	0.982127
29	153	0.967418
29	164	1.29804
30	10	1.21852
30	47	1.14506
30	49	1.28138
30	60	1.18745
30	73	1.17434
30	76	1.14187
30	85	1.12248
30	113	0.7444
30	144	0.853561
30	150	1.06655
30	153	1.05184
30	155	0.879074
30	171	1.06736
31	54	0.648983
31	65	0.355815
31	97	0.484322
31	117	0.175643
31	127	1.23497
31	128	1.30968
31	162	1.2619
31	167	1.03903
31	172	1.13378
31	173	1.07943
31	178	1.16278
31	179	1.07145
31	180	1.10786
32	29	1.07894
32	47	1.15129
32	49	1.28761
32	60	1.19368
32	73	1.18057
32	76	1.1481
32	81	0.557434
32	82	1.15783
32	85	1.12871
32	137	0.824074
32	153	1.05807
32	157	1.01604
32	180	1.21881
33	37	1.10302
33	98	1.09585
33	99	1.19158
33	100	1.19883
33	101	1.16602
33	104	1.14051
33	106	1.19593
33	108	1.19007
33	111	1.11732
33	120	0.954526
33	155	0.546831
33	168	0.870046
33	180	1.22547
34	83	0.411415
34	102	0.383739
34	116	0.509882
34	117	0.319684
34	120	1.22851
34	124	1.23094
34	157	1.14095
34	169	1.11285
34	173	1.10663
34	176	1.15138
34	178	1.18999
34	179	1.09865
34	180	1.13506
35	8	1.10406
35	13	1.09638
35	42	1.16111
35	48	1.16111
35	64	1.20972
35	77	1.29017
35	128	0.665976
35	148	0.971591
35	152	1.21699
35	166	1.10315
35	171	1.1286
35	175	1.01853
35	178	0.887495
36	46	1.11187
36	89	1.07006
36	95	1.13565
36	112	1.10091
36	116	1.14584
36	117	1.12482
36	118	1.12959
36	121	1.10792
36	122	1.16914
36	123	1.15011
36	156	0.465073
36	166	0.54686
36	167	1.81798
36	179	1.04932
37	33	1.10302
37	86	1.05141
37	87	1.1451
37	98	1.06949
37	99	1.16522
37	101	1.13966
37	104	1.11415
37	106	1.16957
37	108	1.16371
37	111	1.09096
37	133	0.377116
37	156	0.466104
37	167	2.16993
37	174	0.837302
38	4	1.21039
38	43	1.11928
38	44	1.1546
38	55	1.07832
38	57	1.07765
38	68	1.15721
38	110	1.09055
38	126	1.13165
38	132	0.961293
38	139	0.878085
38	140	1.10766
38	143	0.82662
38	146	1.16868
38	150	1.04815
39	87	1.14381
39	97	1.07527
39	98	1.0682
39	100	1.17118
39	101	1.13837
39	104	1.11287
39	106	1.16828
39	108	1.16242
39	111	1.08968
39	134	1.07592
39	147	0.881948
39	155	0.730306
39	165	1.24815
39	171	0.918597
40	41	1.10446
40	51	1.08368
40	61	1.16129
40	70	1.14315
40	72	1.15287
40	84	1.20506
40	92	1.16695
40	103	0.650634
40	119	1.10425
40	125	1.09818
40	134	0.676099
40	153	1.02468
40	160	1.11878
40	169	1.4122
41	40	1.10446
41	51	1.08534
41	61	1.16295
41	70	1.14481
41	72	1.15452
41	84	1.20671
41	92	1.1686
41	103	0.715118
41	110	1.08344
41	125	1.09983
41	153	1.02633
41	159	0.818297
41	164	0.73483
41	179	1.58038
42	8	1.05885
42	13	1.05117
42	21	1.16879
42	35	1.16111
42	64	1.16451
42	77	1.24495
42	127	0.784399
42	134	0.724764
42	135	1.10345
42	152	1.17178
42	169	1.46086
42	171	1.08339
42	175	0.973321
42	178	0.846441
43	4	1.20932
43	38	1.11928
43	44	1.15353
43	55	1.07725
43	57	1.07659
43	68	1.15615
43	110	1.08948
43	126	1.13058
43	146	1.16761
43	150	1.04709
43	151	1.22708
43	161	0.937693
43	165	0.830495
43	166	0.84678
44	4	1.24464
44	38	1.1546
44	43	1.15353
44	55	1.11257
44	57	1.11191
44	68	1.19147
44	78	0.701685
44	126	1.1659
44	141	0.845376
44	146	1.20293
44	150	1.08241
44	155	0.777061
44	174	1.24968
45	9	1.22529
45	23	1.3671
45	66	1.18885
45	93	1.30179
45	131	0.567862
45	134	0.763394
45	135	1.24375
45	146	1.30677
45	152	1.31209
45	154	1.31365
45	156	0.668022
45	162	0.74302
45	175	1.11363
45	177	1.14623
46	17	1.05148
46	36	1.11187
46	94	1.14301
46	107	1.11685
46	112	1.10528
46	117	1.12919
46	118	1.13396
46	121	1.11229
46	122	1.17351
46	123	1.15448
46	138	0.819561
46	161	1.04442
46	164	0.610421
46	173	1.35058
47	10	1.20645
47	22	1.03019
47	29	1.06064
47	30	1.14506
47	32	1.15129
47	60	1.17537
47	76	1.1298
47	82	1.13953
47	85	1.1104
47	142	0.784712
47	153	1.03977
47	157	1.18518
47	163	0.778137
47	178	1.02778
48	8	1.05885
48	13	1.05117
48	21	1.16879
48	35	1.16111
48	64	1.16451
48	77	1.24495
48	126	0.673304
48	129	0.841582
48	135	1.10345
48	152	1.17178
48	154	1.34414
48	171	1.08339
48	175	0.973321
48	178	0.915566
49	22	1.16651
49	30	1.28138
49	32	1.28761
49	73	1.29858
49	76	1.26611
49	82	1.27584
49	85	1.24672
49	133	0.258859
49	148	0.648993
49	150	1.19079
49	153	1.17608
49	161	0.871466
49	173	1.17763
49	175	1.15546
50	18	1.02194
50	62	1.19286
50	63	1.11975
50	65	1.12633
50	74	1.0901
50	79	1.12189
50	80	1.08682
50	119	1.09436
50	148	0.632254
50	150	0.605297
50	152	1.15534
50	161	1.00883
50	167	2.03493
50	176	0.815344
50	177	0.989487
51	7	1.1578
51	40	1.08368
51	41	1.08534
51	61	1.14217
51	67	0.904529
51	70	1.12403
51	72	1.13374
51	84	1.18593
51	92	1.14782
51	110	1.06265
51	131	0.585599
51	153	1.00555
51	172	1.09897
51	174	1.05696
51	180	1.26298
52	96	0.712668
52	98	0.824608
52	109	0.513792
52	130	1.02439
52	137	1.06587
52	143	1.16071
52	168	1.05072
52	172	1.00107
52	173	0.946712
52	174	1.01466
52	176	0.991465
52	178	1.03007
52	179	0.938728
52	180	0.975144
53	5	1.03423
53	14	1.14017
53	16	1.15859
53	24	1.09699
53	26	1.12125
53	28	1.09571
53	54	1.01351
53	69	1.1276
53	110	0.898401
53	115	0.861598
53	133	1.1976
53	136	1.16333
53	141	0.818342
53	153	1.00533
53	165	1.26787
54	5	1.00367
54	14	1.10961
54	16	1.12803
54	24	1.06643
54	26	1.09069
54	28	1.06515
54	31	0.648983
54	53	1.01351
54	69	1.09704
54	91	1.12526
54	133	1.16704
54	136	1.13277
54	153	1.1659
54	155	0.910594
54	156	1.01201
55	4	1.16836
55	38	1.07832
55	43	1.07725
55	44	1.11257
55	57	1.03562
55	68	1.11518
55	91	1.15194
55	110	1.04852
55	126	1.08962
55	140	0.97485
55	146	1.12665
55	150	1.00613
55	153	0.927709
55	162	0.848822
55	176	1.25806
56	1	1.26231
56	6	1.44824
56	18	1.09631
56	62	1.26723
56	63	1.19412
56	74	1.16446
56	79	1.19626
56	110	0.80942
56	129	0.905532
56	131	0.662307
56	152	1.22971
56	161	1.0832
56	164	0.852086
56	168	0.984262
56	177	1.06385
57	4	1.16769
57	38	1.07765
57	43	1.07659
57	44	1.11191
57	55	1.03562
57	68	1.11452
57	91	1.15127
57	110	1.04786
57	126	1.08896
57	146	1.12599
57	147	0.690989
57	148	0.941913
57	150	1.00546
57	154	1.28639
57	176	1.125
58	27	1.07064
58	83	1.16166
58	88	1.15318
58	96	1.18542
58	102	1.20478
58	105	1.21588
58	109	1.24953
58	114	1.21945
58	124	0.897872
58	131	0.672171
58	135	1.15539
58	140	0.973358
58	142	0.746313
58	157	1.05214
58	170	1.13614
58	171	1.13533
59	12	1.21296
59	25	1.16254
59	83	1.13267
59	88	1.1242
59	90	1.20265
59	96	1.15644
59	102	1.1758
59	109	1.22055
59	114	1.19047
59	119	0.47634
59	135	1.12641
59	150	0.878671
59	164	0.694102
59	170	0.968287
59	171	1.10635
59	173	1.43426
60	10	1.24883
60	22	1.07258
60	29	1.10302
60	30	1.18745
60	32	1.19368
60	47	1.17537
60	73	1.20465
60	76	1.17218
60	82	1.18191
60	85	1.15279
60	127	0.911428
60	150	1.09686
60	156	0.756422
60	163	0.723828
60	177	1.07336
60	178	0.973471
61	7	1.23541
61	40	1.16129
61	41	1.16295
61	51	1.14217
61	67	0.98214
61	70	1.20164
61	72	1.21135
61	84	1.26354
61	92	1.22543
61	125	1.15666
61	126	0.791785
61	136	0.692429
61	145	0.657737
61	153	1.08316
61	165	1.23342
61	168	1.03879
62	1	1.29778
62	18	1.13178
62	50	1.19286
62	56	1.26723
62	63	1.22958
62	74	1.19993
62	80	1.19665
62	138	1.00892
62	144	0.583232
62	147	0.760387
62	152	1.26518
62	161	1.11866
62	170	1.07397
62	171	0.797036
62	177	1.09932
63	6	1.4106
63	50	1.11975
63	56	1.19412
63	62	1.22958
63	65	1.16305
63	79	1.15862
63	80	1.12354
63	119	1.13108
63	126	0.83152
63	139	0.82818
63	141	0.823627
63	149	0.854731
63	152	1.19207
63	161	1.04555
63	168	1.07853
63	177	1.02621
64	8	1.10745
64	13	1.09978
64	21	1.2174
64	35	1.20972
64	42	1.16451
64	48	1.16451
64	77	1.29356
64	135	1.15205
64	136	0.453205
64	141	0.544668
64	152	1.22039
64	158	1.67705
64	160	1.11583
64	162	0.652772
64	171	1.13199
64	175	1.02193
65	1	1.23124
65	6	1.41718
65	31	0.355815
65	50	1.12633
65	63	1.16305
65	74	1.1334
65	79	1.1652
65	80	1.13012
65	119	1.13766
65	139	0.690294
65	144	0.591913
65	152	1.19865
65	160	1.2569
65	161	1.05213
65	177	1.03279
65	180	1.29607
66	9	1.01762
66	23	1.15943
66	45	1.18885
66	91	1.12439
66	93	1.09413
66	113	0.763783
66	133	1.16616
66	135	1.03609
66	145	0.840617
66	146	1.0991
66	152	1.10443
66	157	1.37433
66	159	1.17296
66	161	0.957912
66	175	0.905966
66	177	0.938571
67	51	0.904529
67	61	0.98214
67	74	1.32193
67	84	1.02591
67	88	0.915536
67	92	0.987798
67	105	0.978238
67	114	0.981805
67	122	1.39279
67	124	0.904485
67	126	0.943728
67	138	0.865087
67	148	0.892131
67	178	0.863532
67	179	0.772193
67	180	0.80861
68	4	1.24725
68	38	1.15721
68	43	1.15615
68	44	1.19147
68	55	1.11518
68	57	1.11452
68	91	1.23083
68	110	1.12742
68	126	1.16852
68	134	0.498988
68	146	1.20555
68	150	1.08502
68	151	1.21662
68	160	0.941673
68	168	0.625411
68	175	1.21123
69	5	1.11776
69	14	1.2237
69	16	1.24212
69	24	1.18053
69	26	1.20478
69	28	1.17924
69	53	1.1276
69	54	1.09704
69	91	1.23936
69	115	0.945131
69	129	0.775729
69	130	0.92929
69	134	0.728036
69	136	1.24687
69	150	0.906853
69	176	1.1169
70	7	1.21727
70	40	1.14315
70	41	1.14481
70	51	1.12403
70	61	1.20164
70	72	1.19322
70	84	1.24541
70	92	1.20729
70	110	1.12213
70	119	1.1446
70	153	1.06502
70	158	1.49953
70	161	0.923871
70	163	0.367659
70	172	0.813463
70	176	0.884488
71	27	1.0645
71	83	1.15552
71	88	1.14704
71	90	1.22549
71	96	1.17928
71	102	1.19864
71	105	1.20974
71	109	1.24339
71	110	0.661483
71	114	1.21331
71	127	0.769537
71	130	0.911156
71	157	1.046
71	171	1.12919
71	172	1.02774
71	176	1.09877
72	7	1.22699
72	40	1.15287
72	41	1.15452
72	51	1.13374
72	61	1.21135
72	70	1.19322
72	92	1.21701
72	110	1.13184
72	113	0.61482
72	119	1.15431
72	125	1.14824
72	133	0.761926
72	134	0.946286
72	153	1.07474
72	164	0.940534
72	177	1.16785
73	10	1.23573
73	22	1.05947
73	29	1.08992
73	30	1.17434
73	32	1.18057
73	49	1.29858
73	60	1.20465
73	76	1.15908
73	82	1.16881
73	85	1.13968
73	103	0.895876
73	126	0.800756
73	144	0.699036
73	149	0.823967
73	150	1.08376
73	172	1.23918
74	1	1.19501
74	6	1.38094
74	18	1.02901
74	50	1.0901
74	56	1.16446
74	62	1.19993
74	65	1.1334
74	67	1.32193
74	79	1.12896
74	80	1.09389
74	136	0.413679
74	152	1.16241
74	156	0.538248
74	161	1.0159
74	169	1.36972
74	177	0.996557
74	178	0.755297
75	87	0.802615
75	89	1.01006
75	102	0.838674
75	127	1.04908
75	141	1.06454
75	147	1.07378
75	151	0.917207
75	160	0.949021
75	162	1.07601
75	168	0.997554
75	169	0.899759
75	173	0.89354
75	174	0.961492
75	176	0.938294
75	178	0.976896
75	179	0.885557
75	180	0.921973
76	10	1.20326
76	22	1.02701
76	29	1.05745
76	30	1.14187
76	32	1.1481
76	47	1.1298
76	49	1.26611
76	60	1.17218
76	73	1.15908
76	82	1.13634
76	85	1.10721
76	143	0.510274
76	150	1.05129
76	154	1.23592
76	164	0.679912
76	168	0.812087
76	173	1.42007
77	8	1.1879
77	13	1.18022
77	21	1.29784
77	35	1.29017
77	42	1.24495
77	48	1.24495
77	64	1.29356
77	78	0.673129
77	119	0.721783
77	131	0.749765
77	135	1.2325
77	144	0.722992
77	145	0.690665
77	152	1.30083
77	166	1.28263
77	171	1.21244
77	175	1.10237
78	3	0.549967
78	44	0.701685
78	77	0.673129
78	85	0.568775
78	103	1.24534
78	121	0.411938
78	154	1.06886
78	155	1.24765
78	156	1.23371
78	160	1.09849
78	164	1.19603
78	168	1.14702
78	173	1.04301
78	176	1.08776
78	178	1.12636
78	179	1.03502
78	180	1.07144
79	1	1.22681
79	18	1.06081
79	50	1.12189
79	56	1.19626
79	63	1.15862
79	65	1.1652
79	74	1.12896
79	80	1.12568
79	119	1.13323
79	128	0.477604
79	132	0.536729
79	152	1.19421
79	161	1.04769
79	173	1.31185
79	175	1.28969
79	177	1.02835
79	180	1.0593
80	1	1.19173
80	6	1.37767
80	50	1.08682
80	62	1.19665
80	63	1.12354
80	65	1.13012
80	74	1.09389
80	79	1.12568
80	110	0.596451
80	119	1.09815
80	152	1.15914
80	153	0.703384
80	161	1.01262
80	169	1.38097
80	172	0.962709
80	176	1.03373
80	177	0.993279
81	32	0.557434
81	109	0.393195
81	122	0.524954
81	125	0.447022
81	137	1.18118
81	141	1.23302
81	148	1.17398
81	152	0.444153
81	164	1.21505
81	165	1.10309
81	169	1.06824
81	170	1.14125
81	173	1.06202
81	174	1.12997
81	178	1.14538
81	179	1.05404
81	180	1.09046
82	10	1.21299
82	22	1.03674
82	29	1.06718
82	32	1.15783
82	47	1.13953
82	49	1.27584
82	60	1.18191
82	73	1.16881
82	76	1.13634
82	85	1.11694
82	131	0.602559
82	150	1.06102
82	153	1.04631
82	157	1.07717
82	164	0.792339
82	166	1.13543
82	177	1.01965
83	12	1.18381
83	27	1.01251
83	34	0.411415
83	58	1.16166
83	59	1.13267
83	71	1.15552
83	88	1.09504
83	96	1.12728
83	102	1.14664
83	105	1.15774
83	109	1.1914
83	114	1.16131
83	129	0.77347
83	138	0.929165
83	140	0.831432
83	151	1.44341
83	171	1.07719
84	7	1.27918
84	40	1.20506
84	41	1.20671
84	51	1.18593
84	61	1.26354
84	67	1.02591
84	70	1.24541
84	92	1.2692
84	110	1.18403
84	119	1.2065
84	125	1.20043
84	149	0.572774
84	153	1.12693
84	159	0.747862
84	164	0.664395
84	174	0.945973
84	175	1.38239
84	178	0.791824
85	10	1.18386
85	22	1.00761
85	29	1.03805
85	30	1.12248
85	32	1.12871
85	47	1.1104
85	49	1.24672
85	60	1.15279
85	73	1.13968
85	76	1.10721
85	78	0.568775
85	82	1.11694
85	131	0.645411
85	143	0.665553
85	150	1.03189
85	153	1.01718
85	157	1.12002
85	169	1.57704
86	20	1.14428
86	37	1.05141
86	87	1.11985
86	97	1.05131
86	98	1.04424
86	99	1.13997
86	100	1.14722
86	101	1.11441
86	104	1.0889
86	106	1.14432
86	108	1.13846
86	111	1.06571
86	136	1.15438
86	142	0.57432
86	154	1.24597
86	161	1.12396
86	172	1.01355
86	177	0.917272
87	11	1.07447
87	37	1.1451
87	39	1.14381
87	75	0.802615
87	86	1.11985
87	97	1.145
87	98	1.13793
87	99	1.23367
87	100	1.24091
87	104	1.18259
87	106	1.23801
87	108	1.23215
87	111	1.15941
87	134	1.14565
87	139	0.538118
87	150	0.840859
87	153	0.720556
87	171	0.653541
87	179	1.50184
88	27	1.00403
88	58	1.15318
88	59	1.1242
88	67	0.915536
88	71	1.14704
88	83	1.09504
88	90	1.16502
88	96	1.11881
88	102	1.13817
88	105	1.14927
88	109	1.18292
88	114	1.15284
88	115	0.882848
88	136	0.793338
88	143	0.837889
88	150	1.1921
88	153	1.07179
88	157	0.985531
88	178	1.13496
89	3	1.15146
89	36	1.07006
89	75	1.01006
89	94	1.10121
89	95	1.09822
89	107	1.07504
89	112	1.06348
89	116	1.1084
89	117	1.08738
89	118	1.09215
89	120	1.08039
89	121	1.07048
89	122	1.13171
89	123	1.11268
89	128	0.769646
89	146	1.12482
89	157	0.958561
89	162	0.849114
89	177	1.09105
90	25	1.20336
90	27	1.08248
90	59	1.20265
90	71	1.22549
90	88	1.16502
90	96	1.19725
90	102	1.21661
90	105	1.22772
90	109	1.26137
90	113	0.656594
90	114	1.23128
90	115	0.961296
90	130	1.18931
90	135	1.16723
90	136	0.76812
90	141	0.859582
90	149	0.890687
90	156	0.892688
90	157	1.06398
91	26	1.23301
91	28	1.20747
91	54	1.12526
91	55	1.15194
91	57	1.15127
91	66	1.12439
91	68	1.23083
91	69	1.23936
91	93	1.23733
91	150	1.12177
91	152	1.24762
91	155	0.504241
91	157	0.980112
91	158	1.70494
91	162	0.680659
91	163	0.573068
91	168	0.827456
91	175	1.04916
91	177	1.08177
92	7	1.24107
92	40	1.16695
92	41	1.1686
92	51	1.14782
92	61	1.22543
92	67	0.987798
92	70	1.20729
92	72	1.21701
92	84	1.2692
92	110	1.14592
92	119	1.16839
92	125	1.16232
92	130	0.818027
92	140	0.722428
92	142	0.495383
92	148	0.822547
92	153	1.08882
92	161	1.04502
92	179	1.45657
93	9	1.13057
93	23	1.27237
93	45	1.30179
93	66	1.09413
93	91	1.23733
93	125	1.15031
93	128	0.686178
93	133	1.2791
93	135	1.14903
93	138	0.989407
93	141	0.657542
93	146	1.21204
93	152	1.21737
93	161	1.07085
93	166	1.12335
93	170	1.05445
93	171	0.777518
93	175	1.01891
93	177	1.05151
94	17	1.07825
94	46	1.14301
94	89	1.10121
94	95	1.16679
94	107	1.14362
94	112	1.13206
94	116	1.17698
94	117	1.15596
94	118	1.16073
94	121	1.13906
94	122	1.20028
94	123	1.18126
94	125	1.13167
94	132	0.998241
94	133	0.854597
94	134	1.12377
94	136	0.819017
94	139	0.915033
94	155	0.842165
94	162	1.01858
95	2	1.20478
95	36	1.13565
95	89	1.09822
95	94	1.16679
95	107	1.14063
95	112	1.12906
95	116	1.17399
95	117	1.15297
95	118	1.15774
95	121	1.13607
95	122	1.19729
95	123	1.17827
95	125	1.12867
95	132	0.863191
95	133	0.719548
95	141	0.77543
95	145	0.649276
95	157	1.02415
95	165	1.22496
95	166	1.24124
96	27	1.03627
96	52	0.712668
96	58	1.18542
96	59	1.15644
96	71	1.17928
96	83	1.12728
96	88	1.11881
96	90	1.19725
96	102	1.1704
96	105	1.18151
96	109	1.21516
96	114	1.18507
96	126	0.651009
96	135	1.12102
96	155	0.574802
96	157	1.01777
96	160	1.21428
96	171	1.10096
96	172	1.08943
96	177	0.993155
97	11	1.00593
97	20	1.16943
97	31	0.484322
97	39	1.07527
97	86	1.05131
97	87	1.145
97	98	1.06939
97	99	1.16512
97	100	1.17237
97	101	1.13956
97	104	1.11405
97	106	1.16947
97	108	1.16361
97	111	1.09086
97	134	1.07711
97	136	1.17953
97	137	1.02984
97	143	0.767335
97	145	0.688092
97	170	1.21116
97	172	1.26056
98	20	1.16237
98	33	1.09585
98	37	1.06949
98	39	1.0682
98	52	0.824608
98	86	1.04424
98	87	1.13793
98	97	1.06939
98	99	1.15806
98	100	1.1653
98	101	1.13249
98	104	1.10698
98	106	1.1624
98	108	1.15654
98	111	1.0838
98	124	0.913703
98	136	1.17246
98	143	0.708144
98	159	0.961249
98	168	1.00996
98	178	1.00521
99	11	1.09459
99	20	1.2581
99	33	1.19158
99	37	1.16522
99	86	1.13997
99	87	1.23367
99	97	1.16512
99	98	1.15806
99	100	1.26103
99	101	1.22822
99	104	1.20272
99	106	1.25814
99	108	1.25227
99	111	1.17953
99	120	0.856966
99	147	0.600912
99	150	0.824879
99	153	0.704576
99	157	0.925142
99	174	0.921888
99	180	1.12791
100	11	1.10184
100	33	1.19883
100	39	1.17118
100	86	1.14722
100	87	1.24091
100	97	1.17237
100	98	1.1653
100	99	1.26103
100	101	1.23547
100	104	1.20996
100	106	1.26538
100	108	1.25952
100	111	1.18677
100	124	0.875073
100	126	0.72432
100	133	0.660544
100	134	1.17302
100	159	0.922619
100	162	0.82453
100	171	0.836403
100	177	1.06647
101	11	1.06903
101	15	0.392253
101	20	1.23253
101	33	1.16602
101	37	1.13966
101	39	1.13837
101	86	1.11441
101	97	1.13956
101	98	1.13249
101	99	1.22822
101	100	1.23547
101	106	1.23257
101	108	1.22671
101	111	1.15396
101	130	1.12208
101	134	1.14021
101	136	1.24263
101	138	1.12421
101	142	0.799437
101	144	0.698521
101	156	0.825455
101	171	0.912325
102	12	1.22693
102	25	1.17651
102	34	0.383739
102	58	1.20478
102	59	1.1758
102	71	1.19864
102	75	0.838674
102	83	1.14664
102	88	1.13817
102	90	1.21661
102	96	1.1704
102	105	1.20087
102	109	1.23452
102	114	1.20444
102	133	0.513741
102	135	1.14038
102	139	0.574177
102	157	1.03713
102	161	1.12635
102	171	1.12032
102	175	1.41034
102	178	0.819778
103	14	0.676132
103	23	0.92318
103	40	0.650634
103	41	0.715118
103	73	0.895876
103	78	1.24534
103	112	0.274538
103	119	1.1631
103	131	1.22432
103	148	1.13014
103	150	1.09824
103	159	1.13839
103	162	1.20065
103	165	1.05925
103	167	0.977781
103	169	1.0244
103	173	1.01818
103	174	1.08613
103	176	1.06293
103	178	1.10154
103	179	1.0102
103	180	1.04661
104	11	1.04352
104	19	1.10299
104	20	1.20703
104	33	1.14051
104	37	1.11415
104	39	1.11287
104	86	1.0889
104	87	1.18259
104	97	1.11405
104	98	1.10698
104	99	1.20272
104	100	1.20996
104	106	1.20706
104	108	1.2012
104	111	1.12846
104	128	0.608309
104	134	1.1147
104	136	1.21712
104	148	0.913924
104	156	0.612779
104	162	0.687777
104	172	1.02599
104	180	1.19
105	12	1.23803
105	25	1.18761
105	27	1.06673
105	58	1.21588
105	67	0.978238
105	71	1.20974
105	83	1.15774
105	88	1.14927
105	90	1.22772
105	96	1.18151
105	102	1.20087
105	109	1.24562
105	114	1.21554
105	115	0.94555
105	119	0.64917
105	120	1.08359
105	128	0.772842
105	133	0.688324
105	137	0.959801
105	150	1.0515
105	157	1.04823
105	171	1.13142
105	174	1.14851
106	11	1.09894
106	15	0.442361
106	33	1.19593
106	37	1.16957
106	39	1.16828
106	86	1.14432
106	87	1.23801
106	97	1.16947
106	98	1.1624
106	99	1.25814
106	100	1.26538
106	101	1.23257
106	104	1.20706
106	108	1.25662
106	111	1.18387
106	132	0.930218
106	133	0.786574
106	134	1.17012
106	136	1.27254
106	143	0.795545
106	155	0.774143
106	163	0.842969
106	164	0.965182
106	171	0.962433
107	2	1.18161
107	3	1.19388
107	46	1.11685
107	89	1.07504
107	94	1.14362
107	95	1.14063
107	112	1.10589
107	116	1.15082
107	117	1.1298
107	118	1.13457
107	121	1.1129
107	122	1.17412
107	123	1.1551
107	126	1.13021
107	134	1.09761
107	141	0.715722
107	144	0.621894
107	146	1.16724
107	150	1.02302
107	155	0.647408
107	157	1.00098
107	163	0.716234
107	169	1.5803
107	176	1.23306
108	11	1.09308
108	20	1.25658
108	33	1.19007
108	37	1.16371
108	39	1.16242
108	86	1.13846
108	87	1.23215
108	97	1.16361
108	98	1.15654
108	99	1.25227
108	100	1.25952
108	101	1.22671
108	104	1.2012
108	106	1.25662
108	111	1.17801
108	127	0.615818
108	136	1.26668
108	142	0.434794
108	162	0.53581
108	164	0.550431
108	167	2.16464
108	168	0.682607
108	174	0.832009
108	180	1.03804
109	12	1.27168
109	25	1.22127
109	52	0.513792
109	58	1.24953
109	59	1.22055
109	71	1.24339
109	81	0.393195
109	83	1.1914
109	88	1.18292
109	90	1.26137
109	96	1.21516
109	102	1.23452
109	105	1.24562
109	114	1.24919
109	115	0.979202
109	133	0.388357
109	135	1.18513
109	147	0.527567
109	151	1.29035
109	157	1.08188
109	161	1.00096
109	171	1.16507
109	175	1.28496
109	176	0.96158
110	9	0.980459
110	26	0.853786
110	38	1.09055
110	41	1.08344
110	43	1.08948
110	51	1.06265
110	53	0.898401
110	55	1.04852
110	56	0.80942
110	57	1.04786
110	68	1.12742
110	70	1.12213
110	71	0.661483
110	72	1.13184
110	80	0.596451
110	84	1.18403
110	92	1.14592
110	145	1.13325
110	158	0.934877
110	164	1.09133
110	176	0.983055
110	178	1.02166
110	179	0.930319
110	180	0.966735
111	11	1.02033
111	20	1.18384
111	33	1.11732
111	37	1.09096
111	39	1.08968
111	86	1.06571
111	87	1.15941
111	97	1.09086
111	98	1.0838
111	99	1.17953
111	100	1.18677
111	101	1.15396
111	104	1.12846
111	106	1.18387
111	108	1.17801
111	134	1.09151
111	136	1.19393
111	139	0.866198
111	141	0.861645
111	145	0.735491
111	147	0.944972
111	163	0.862158
111	164	0.984371
111	174	1.26595
112	3	1.18231
112	17	1.04052
112	36	1.10091
112	46	1.10528
112	89	1.06348
112	94	1.13206
112	95	1.12906
112	103	0.274538
112	107	1.10589
112	115	2.31385
112	116	1.13925
112	117	1.11823
112	118	1.123
112	120	0.809562
112	121	1.10133
112	122	1.16255
112	123	1.14353
112	125	1.09394
112	126	1.11864
112	137	0.38712
112	146	1.15567
112	157	0.989409
112	170	0.568435
112	173	1.03441
112	179	1.1398
113	21	0.542818
113	29	0.972326
113	30	0.7444
113	66	0.763783
113	72	0.61482
113	90	0.656594
113	118	0.459499
113	128	1.24772
113	131	1.2236
113	132	1.16242
113	138	1.10237
113	142	1.22193
113	145	1.21241
113	148	1.12942
113	154	1.04332
113	155	1.22211
113	166	1.08369
113	167	0.977063
113	170	1.09668
113	173	1.01746
113	174	1.08541
113	176	1.06222
113	178	1.10082
113	179	1.00948
113	180	1.0459
114	12	1.2416
114	25	1.19118
114	27	1.0703
114	58	1.21945
114	59	1.19047
114	67	0.981805
114	71	1.21331
114	83	1.16131
114	88	1.15284
114	90	1.23128
114	96	1.18507
114	102	1.20444
114	105	1.21554
114	109	1.24919
114	115	0.949117
114	135	1.15505
114	138	0.9014
114	143	0.522623
114	150	0.876829
114	157	1.0518
114	161	1.12626
114	162	0.677639
114	170	0.966446
114	171	1.13499
114	174	0.973838
114	180	1.17986
115	5	0.851758
115	26	0.938781
115	53	0.861598
115	69	0.945131
115	88	0.882848
115	90	0.961296
115	105	0.94555
115	109	0.979202
115	112	2.31385
115	114	0.949117
115	117	2.6479
115	120	0.869364
115	129	0.892206
115	133	1.01513
115	136	0.980865
115	158	0.744063
115	159	0.867702
115	166	0.813713
115	167	0.707089
115	169	0.753707
115	170	0.826711
115	171	0.864998
115	176	0.792242
115	178	0.830844
115	179	0.739505
115	180	0.775921
116	2	1.21497
116	3	1.22724
116	17	1.08545
116	34	0.509882
116	36	1.14584
116	89	1.1084
116	94	1.17698
116	95	1.17399
116	107	1.15082
116	112	1.13925
116	117	1.16316
116	118	1.16793
116	121	1.14626
116	122	1.20748
116	123	1.18846
116	125	1.13886
116	134	1.13097
116	146	1.2006
116	157	1.03434
116	159	0.901959
116	162	0.803871
116	163	0.696279
116	171	0.815743
116	176	1.21311
116	177	1.04581
116	178	0.945921
117	2	1.19395
117	3	1.20622
117	17	1.06443
117	31	0.175643
117	34	0.319684
117	36	1.12482
117	46	1.12919
117	89	1.08738
117	94	1.15596
117	95	1.15297
117	107	1.1298
117	112	1.11823
117	115	2.6479
117	116	1.16316
117	118	1.14691
117	121	1.12524
117	122	1.18646
117	123	1.16744
117	126	1.14255
117	134	1.10995
117	136	0.414106
117	139	0.510122
117	146	1.17958
117	147	0.588896
117	157	1.01332
117	162	0.613672
117	173	1.36845
118	2	1.19872
118	17	1.0692
118	36	1.12959
118	46	1.13396
118	89	1.09215
118	94	1.16073
118	95	1.15774
118	107	1.13457
118	112	1.123
118	113	0.459499
118	116	1.16793
118	117	1.14691
118	121	1.13001
118	122	1.19123
118	123	1.17221
118	124	0.821134
118	125	1.12261
118	126	1.14732
118	128	0.691124
118	134	1.11472
118	140	0.89662
118	144	0.56866
118	146	1.18435
118	157	1.01809
118	176	1.17983
118	178	0.912642
118	179	1.63076
119	7	1.17837
119	17	0.965677
119	20	0.751261
119	40	1.10425
119	50	1.09436
119	59	0.47634
119	63	1.13108
119	65	1.13766
119	70	1.1446
119	72	1.15431
119	77	0.721783
119	79	1.13323
119	80	1.09815
119	84	1.2065
119	92	1.16839
119	103	1.1631
119	105	0.64917
119	121	0.460592
119	129	1.10549
119	135	0.685921
119	160	1.01625
119	169	0.96699
119	177	1.00082
119	178	1.04413
119	179	0.952788
119	180	0.989205
120	4	0.614969
120	33	0.954526
120	34	1.22851
120	89	1.08039
120	99	0.856966
120	105	1.08359
120	112	0.809562
120	115	0.869364
120	129	1.08244
120	131	1.14386
120	136	1.1711
120	137	1.05688
120	139	1.11804
120	140	1.07567
120	144	1.14826
120	151	0.961392
120	158	0.934299
120	159	1.05794
120	165	0.978789
120	167	0.897325
120	170	1.01695
120	172	0.992078
120	174	1.00568
120	176	0.982478
120	178	1.02108
120	179	0.929741
120	180	0.966157
121	2	1.17705
121	3	1.18931
121	17	1.04753
121	36	1.10792
121	46	1.11229
121	78	0.411938
121	89	1.07048
121	94	1.13906
121	95	1.13607
121	107	1.1129
121	112	1.10133
121	116	1.14626
121	117	1.12524
121	118	1.13001
121	119	0.460592
121	122	1.16956
121	123	1.15053
121	125	1.10094
121	126	1.12564
121	127	0.743741
121	134	1.09305
121	146	1.16268
121	157	0.996415
121	158	1.68802
121	162	0.663732
121	170	0.952539
121	171	0.675605
121	179	1.5239
122	2	1.23827
122	3	1.25054
122	17	1.10875
122	36	1.16914
122	46	1.17351
122	67	1.39279
122	81	0.524954
122	89	1.13171
122	94	1.20028
122	95	1.19729
122	107	1.17412
122	112	1.16255
122	116	1.20748
122	117	1.18646
122	118	1.19123
122	121	1.16956
122	123	1.21176
122	126	1.18687
122	132	0.663759
122	134	1.15427
122	143	0.529086
122	146	1.2239
122	151	1.42211
122	157	1.05764
122	163	0.576511
122	164	0.698724
122	171	0.695975
122	178	0.826153
123	2	1.21925
123	3	1.23151
123	17	1.08973
123	36	1.15011
123	46	1.15448
123	89	1.11268
123	94	1.18126
123	95	1.17827
123	107	1.1551
123	112	1.14353
123	116	1.18846
123	117	1.16744
123	118	1.17221
123	121	1.15053
123	122	1.21176
123	125	1.14314
123	126	1.16784
123	134	1.13525
123	145	0.482766
123	146	1.20487
123	147	0.692248
123	157	1.03861
123	163	0.609433
123	168	0.863821
123	170	1.00583
123	175	1.44964
123	176	1.12626
123	177	0.95896
123	178	0.859075
124	34	1.23094
124	58	0.897872
124	67	0.904485
124	98	0.913703
124	100	0.875073
124	118	0.821134
124	125	0.656713
124	129	1.08487
124	132	1.08511
124	135	0.939604
124	149	1.09382
124	158	0.936732
124	159	1.06037
124	163	1.1419
124	164	1.09318
124	165	0.981222
124	166	1.00638
124	167	0.899758
124	168	1.04417
124	169	0.946376
124	170	1.01938
124	172	0.994511
124	173	0.940158
124	174	1.00811
124	176	0.984911
124	178	1.02351
124	179	0.932174
124	180	0.968591
125	9	1.0738
125	40	1.09818
125	41	1.09983
125	61	1.15666
125	72	1.14824
125	81	0.447022
125	84	1.20043
125	92	1.16232
125	93	1.15031
125	94	1.13167
125	95	1.12867
125	112	1.09394
125	116	1.13886
125	118	1.12261
125	121	1.10094
125	123	1.14314
125	124	0.656713
125	135	1.09227
125	141	0.498066
125	146	1.15528
125	153	1.02005
125	158	1.63045
125	161	1.01409
125	171	0.618043
125	174	0.90237
125	175	0.962143
125	177	0.994748
125	179	1.46634
125	180	1.1084
126	13	0.769615
126	38	1.13165
126	43	1.13058
126	44	1.1659
126	48	0.673304
126	55	1.08962
126	57	1.08896
126	61	0.791785
126	63	0.83152
126	67	0.943728
126	68	1.16852
126	73	0.800756
126	96	0.651009
126	100	0.72432
126	107	1.13021
126	112	1.11864
126	117	1.14255
126	118	1.14732
126	121	1.12564
126	122	1.18687
126	123	1.16784
126	149	1.13306
126	150	1.05946
126	152	0.503091
126	166	1.04563
126	167	0.939001
126	172	1.03375
126	178	1.06276
126	179	0.971417
126	180	1.00783
127	2	0.891501
127	31	1.23497
127	42	0.784399
127	60	0.911428
127	71	0.769537
127	75	1.04908
127	108	0.615818
127	121	0.743741
127	138	1.0563
127	144	1.18192
127	146	0.844457
127	151	0.995057
127	154	0.997245
127	155	1.17604
127	156	1.16209
127	160	1.02687
127	165	1.01245
127	166	1.03761
127	168	1.0754
127	169	0.977608
127	170	1.05061
127	171	1.0889
127	172	1.02574
127	173	0.97139
127	174	1.03934
127	176	1.01614
127	178	1.05475
127	179	0.963406
127	180	0.999823
128	12	0.404217
128	31	1.30968
128	35	0.665976
128	79	0.477604
128	89	0.769646
128	93	0.686178
128	104	0.608309
128	105	0.772842
128	113	1.24772
128	118	0.691124
128	141	1.21711
128	146	0.684981
128	154	1.07196
128	156	1.2368
128	158	1.04268
128	160	1.10158
128	162	1.22857
128	163	1.24785
128	164	1.19913
128	165	1.08717
128	167	1.0057
128	168	1.15012
128	170	1.12533
128	171	1.16361
128	172	1.10046
128	174	1.11406
128	176	1.09086
128	178	1.12946
128	179	1.03812
128	180	1.07454
129	6	0.690621
129	20	1.02247
129	48	0.841582
129	56	0.905532
129	69	0.775729
129	83	0.77347
129	115	0.892206
129	119	1.10549
129	120	1.08244
129	124	1.08487
129	132	1.10552
129	135	0.957128
129	137	1.07973
129	143	1.17456
129	147	1.1408
129	149	1.11423
129	154	0.986422
129	158	0.957141
129	164	1.11359
129	165	1.00163
129	167	0.920167
129	168	1.06458
129	169	0.966785
129	170	1.03979
129	173	0.960566
129	174	1.02852
129	176	1.00532
129	177	1.00062
129	178	1.04392
129	179	0.952583
129	180	0.988999
130	9	1.23013
130	15	1.21721
130	19	0.978
130	52	1.02439
130	69	0.92929
130	71	0.911156
130	90	1.18931
130	92	0.818027
130	101	1.12208
130	132	1.03849
130	134	1.02449
130	140	1.03148
130	145	1.08848
130	149	1.04719
130	151	0.9172
130	156	1.08423
130	163	1.09528
130	164	1.04656
130	165	0.934597
130	167	0.853133
130	168	0.997546
130	169	0.899751
130	170	0.972755
130	171	1.01104
130	172	0.947886
130	173	0.893532
130	174	0.961484
130	176	0.938286
130	178	0.976888
130	179	0.885549
130	180	0.921965
131	20	0.779243
131	26	0.706673
131	45	0.567862
131	51	0.585599
131	56	0.662307
131	58	0.672171
131	77	0.749765
131	82	0.602559
131	85	0.645411
131	103	1.22432
131	113	1.2236
131	120	1.14386
131	132	1.16694
131	138	1.1069
131	140	1.15993
131	143	1.23598
131	145	1.21694
131	146	0.58929
131	148	1.13394
131	156	1.21269
131	162	1.20446
131	163	1.22373
131	164	1.17501
131	166	1.08821
131	169	1.0282
131	170	1.10121
131	171	1.1395
131	172	1.07634
131	173	1.02199
131	174	1.08994
131	176	1.06674
131	178	1.10534
131	179	1.014
131	180	1.05042
132	12	0.463342
132	38	0.961293
132	79	0.536729
132	94	0.998241
132	95	0.863191
132	106	0.930218
132	113	1.16242
132	122	0.663759
132	124	1.08511
132	129	1.10552
132	130	1.03849
132	131	1.16694
132	138	1.04572
132	139	1.14113
132	140	1.09875
132	141	1.13181
132	145	1.15576
132	146	0.744106
132	149	1.11447
132	156	1.15151
132	159	1.08102
132	160	1.01629
132	163	1.16255
132	166	1.02703
132	169	0.967024
132	173	0.960806
132	174	1.02876
132	176	1.00556
132	177	1.00086
132	178	1.04416
132	179	0.952823
132	180	0.989239
133	5	1.18776
133	14	1.2937
133	20	0.790415
133	24	1.25053
133	26	1.27478
133	28	1.24924
133	37	0.377116
133	49	0.258859
133	53	1.1976
133	54	1.16704
133	66	1.16616
133	72	0.761926
133	93	1.2791
133	94	0.854597
133	95	0.719548
133	100	0.660544
133	102	0.513741
133	105	0.688324
133	106	0.786574
133	109	0.388357
133	115	1.01513
133	135	1.22106
133	142	1.28796
133	146	1.28407
133	152	1.2894
133	161	1.14288
133	169	1.08971
133	173	1.08349
133	175	1.09094
133	176	1.12824
133	177	1.12354
133	178	1.16685
133	179	1.07551
133	180	1.11192
134	16	0.540388
134	23	0.948645
134	27	1.1734
134	39	1.07592
134	40	0.676099
134	42	0.724764
134	45	0.763394
134	68	0.498988
134	69	0.728036
134	72	0.946286
134	87	1.14565
134	94	1.12377
134	97	1.07711
134	100	1.17302
134	101	1.14021
134	104	1.1147
134	106	1.17012
134	107	1.09761
134	111	1.09151
134	116	1.13097
134	117	1.10995
134	118	1.11472
134	121	1.09305
134	122	1.15427
134	123	1.13525
134	130	1.02449
134	137	1.06596
134	164	1.09983
134	167	0.906404
134	168	1.05082
134	169	0.953022
134	176	0.991557
134	178	1.03016
134	179	0.938821
134	180	0.975237
135	8	1.04639
135	9	1.07252
135	15	0.380862
135	21	1.15633
135	25	1.12712
135	42	1.10345
135	45	1.24375
135	48	1.10345
135	58	1.15539
135	59	1.12641
135	64	1.15205
135	66	1.03609
135	77	1.2325
135	90	1.16723
135	93	1.14903
135	96	1.12102
135	102	1.14038
135	109	1.18513
135	114	1.15505
135	119	0.685921
135	124	0.939604
135	125	1.09227
135	129	0.957128
135	133	1.22106
135	143	0.734045
135	145	0.654803
135	149	0.812062
135	152	1.15932
135	153	0.967949
135	159	0.98715
135	160	1.35212
135	161	1.01281
135	171	1.07093
135	175	0.960864
135	177	0.993468
136	6	0.422988
136	10	0.638129
136	14	1.25943
136	16	1.27786
136	18	0.926654
136	24	1.21626
136	53	1.16333
136	54	1.13277
136	61	0.692429
136	64	0.453205
136	69	1.24687
136	74	0.413679
136	86	1.15438
136	88	0.793338
136	90	0.76812
136	94	0.819017
136	97	1.17953
136	98	1.17246
136	101	1.24263
136	104	1.21712
136	106	1.27254
136	108	1.26668
136	111	1.19393
136	115	0.980865
136	117	0.414106
136	120	1.1711
136	152	0.403735
136	158	1.0458
136	168	1.15324
136	171	1.16673
136	174	1.11718
136	176	1.09398
136	178	1.13258
136	179	1.04124
136	180	1.07766
137	1	0.721128
137	25	0.852123
137	27	1.26052
137	32	0.824074
137	52	1.06587
137	81	1.18118
137	97	1.02984
137	105	0.959801
137	112	0.38712
137	120	1.05688
137	129	1.07973
137	134	1.06596
137	139	1.11533
137	140	1.07296
137	142	1.13948
137	143	1.14901
137	147	1.11525
137	149	1.08867
137	151	0.958676
137	152	0.710793
137	159	1.05522
137	161	0.9944
137	163	1.13676
137	164	1.08804
137	165	0.976073
137	166	1.00123
137	167	0.894609
137	172	0.989363
137	173	0.935009
137	174	1.00296
137	176	0.979762
137	177	0.975059
137	178	1.01836
137	179	0.927026
137	180	0.963442
138	46	0.819561
138	62	1.00892
138	67	0.865087
138	83	0.929165
138	93	0.989407
138	101	1.12421
138	113	1.10237
138	114	0.9014
138	127	1.0563
138	131	1.1069
138	132	1.04572
138	139	1.08108
138	140	1.03871
138	141	1.07176
138	146	0.98821
138	149	1.05442
138	150	0.980817
138	151	0.924426
138	155	1.10541
138	160	0.95624
138	162	1.08323
138	163	1.10251
138	164	1.05379
138	165	0.941823
138	166	0.966984
138	168	1.00477
138	169	0.906977
138	170	0.979982
138	172	0.955113
138	173	0.900759
138	174	0.968711
138	176	0.945513
138	178	0.984115
138	179	0.892776
138	180	0.929192
139	5	0.845442
139	38	0.878085
139	63	0.82818
139	65	0.690294
139	87	0.538118
139	94	0.915033
139	102	0.574177
139	111	0.866198
139	117	0.510122
139	120	1.11804
139	132	1.14113
139	137	1.11533
139	138	1.08108
139	141	1.16717
139	143	1.21017
139	144	1.2067
139	149	1.14983
139	151	1.01984
139	152	0.499751
139	155	1.20082
139	156	1.18687
139	159	1.11638
139	162	1.17864
139	163	1.19792
139	164	1.1492
139	165	1.03723
139	166	1.06239
139	167	0.95577
139	169	1.00239
139	170	1.07539
139	172	1.05052
139	173	0.996169
139	174	1.06412
139	177	1.03622
139	178	1.07953
139	179	0.988186
139	180	1.0246
140	4	0.50972
140	38	1.10766
140	55	0.97485
140	58	0.973358
140	83	0.831432
140	92	0.722428
140	118	0.89662
140	120	1.07567
140	130	1.03148
140	131	1.15993
140	132	1.09875
140	137	1.07296
140	138	1.03871
140	145	1.14875
140	148	1.06575
140	151	0.977464
140	152	0.729329
140	155	1.15844
140	157	0.988119
140	158	0.950372
140	159	1.07401
140	163	1.15554
140	164	1.10682
140	165	0.994861
140	167	0.913397
140	168	1.05781
140	170	1.03302
140	172	1.00815
140	173	0.953797
140	175	0.961242
140	176	0.99855
140	177	0.993847
140	178	1.03715
