1	14	1.00128
1	36	1.08545
1	38	1.07936
1	39	1.09293
1	44	1.06174
1	59	1.04584
1	60	1.13468
1	109	1.07601
1	152	1.13475
1	153	1.4795
1	154	1.91565
1	172	1.01557
2	15	1.11134
2	18	1.09811
2	25	0.996258
2	28	1.07721
2	30	1.06576
2	32	1.06566
2	45	1.05334
2	51	1.06151
2	117	0.886747
2	144	1.07656
2	164	1.19345
2	168	2.67417
3	4	1.04236
3	25	1.01793
3	28	1.09888
3	30	1.08743
3	32	1.08733
3	45	1.07501
3	51	1.08318
3	81	1.02544
3	89	0.819988
3	144	1.09823
3	162	3.2267
3	169	1.15594
4	3	1.04236
4	15	1.00529
4	25	0.890207
4	51	0.955462
4	65	0.93541
4	72	0.919828
4	73	0.919992
4	75	0.97741
4	80	0.977749
4	144	0.970512
4	159	2.35122
4	165	1.68058
5	20	0.94257
5	31	0.933364
5	34	1.01163
5	37	0.923667
5	61	0.965211
5	66	0.965386
5	71	1.02715
5	115	1.02157
5	135	0.817582
5	147	0.940661
5	158	0.899189
5	179	2.92677
6	46	1.08943
6	47	1.0073
6	48	1.08739
6	52	1.07427
6	54	1.07473
6	67	1.14192
6	78	0.87639
6	145	1.14631
6	155	1.16071
6	174	1.84551
6	175	1.53267
7	16	0.909044
7	26	0.909044
7	33	0.992528
7	46	0.96315
7	47	0.881019
7	52	0.947992
7	54	0.948445
7	67	1.01564
7	78	1.21707
7	145	1.02003
7	155	1.03443
7	178	2.69047
8	50	0.231159
8	71	0.266742
8	74	1.09374
8	125	0.0101955
8	150	1.06422
8	153	1.09827
8	171	1.04194
8	174	1.048
8	175	1.08187
8	176	1.05832
8	177	1.05323
8	179	1.04589
9	35	0.997162
9	53	0.959623
9	55	0.960411
9	63	0.945825
9	65	0.951496
9	72	0.935914
9	73	0.936078
9	75	0.993496
9	80	0.993836
9	94	0.957523
9	96	1.31963
9	167	2.4591
10	14	0.880872
10	29	1.08267
10	36	0.965051
10	38	0.958956
10	39	0.972525
10	44	0.941332
10	59	0.925436
10	60	1.01427
10	92	1.47051
10	109	0.955609
10	153	2.22376
10	172	0.895162
11	21	0.837323
11	23	0.923622
11	40	0.940777
11	49	0.908685
11	50	0.893577
11	57	0.85354
11	62	0.957963
11	64	0.871681
11	92	0.846819
11	102	0.751657
11	159	3.29079
11	180	0.821696
12	98	1.00694
12	101	0.944476
12	113	0.962272
12	124	0.99151
12	129	0.960244
12	132	0.982973
12	139	2.05549
12	143	0.987836
12	145	1.02987
12	151	0.837551
12	159	0.887408
12	163	1.60398
13	14	0.960994
13	29	1.16279
13	36	1.04517
13	38	1.03908
13	39	1.05265
13	44	1.02145
13	59	1.00556
13	60	1.09439
13	76	1.04672
13	89	1.12057
13	134	2.88122
13	139	1.21721
13	172	0.975284
14	1	1.00128
14	10	0.880872
14	13	0.960994
14	29	1.05748
14	38	0.933771
14	39	0.94734
14	44	0.916147
14	59	0.900251
14	60	0.989089
14	76	0.941409
14	123	1.70282
14	163	2.01482
14	172	0.869977
15	2	1.11134
15	4	1.00529
15	18	1.08272
15	25	0.980866
15	30	1.05037
15	32	1.05027
15	45	1.03795
15	81	0.988376
15	84	1.04433
15	144	1.06117
15	168	2.3852
15	172	0.945703
15	178	1.78869
16	7	0.909044
16	33	0.969008
16	46	0.939631
16	47	0.857499
16	48	0.937588
16	52	0.924472
16	54	0.924925
16	67	0.992121
16	94	0.926882
16	145	0.996511
16	151	3.91297
16	155	1.01091
16	159	1.01876
17	50	0.944333
17	84	0.365747
17	152	1.00768
17	162	0.902598
17	164	0.94469
17	165	0.964278
17	167	0.93831
17	169	0.976709
17	174	0.915359
17	175	0.949235
17	176	0.925683
17	178	0.924572
17	179	0.913255
18	2	1.09811
18	15	1.08272
18	25	0.967636
18	28	1.04858
18	30	1.03714
18	32	1.03704
18	45	1.02472
18	51	1.03289
18	84	1.0311
18	144	1.04794
18	149	1.22175
18	161	2.07727
18	163	1.17009
19	20	1.02718
19	31	1.01797
19	34	1.09624
19	37	1.00827
19	58	1.06351
19	61	1.04982
19	66	1.04999
19	71	1.11176
19	133	1.21908
19	146	2.4981
19	147	1.02527
19	158	0.983795
19	167	1.56214
20	5	0.94257
20	19	1.02718
20	27	0.988857
20	31	0.900639
20	41	0.994265
20	58	0.94618
20	61	0.932486
20	66	0.932661
20	71	0.994427
20	90	0.699316
20	147	0.907936
20	157	3.04728
20	158	0.866464
21	11	0.837323
21	23	0.997684
21	40	1.01484
21	42	0.977393
21	43	0.997468
21	50	0.967639
21	62	1.03203
21	64	0.945743
21	89	1.20599
21	92	0.920881
21	99	2.69248
21	102	0.825719
21	180	0.895758
22	70	0.908269
22	82	0.955303
22	97	0.918807
22	110	0.936657
22	111	0.937683
22	113	0.92309
22	124	0.952328
22	125	0.954291
22	138	0.965163
22	143	0.948654
22	147	1.90957
22	154	2.17697
22	155	1.00509
23	11	0.923622
23	21	0.997684
23	40	1.10114
23	42	1.06369
23	43	1.08377
23	49	1.06905
23	50	1.05394
23	62	1.11832
23	64	1.03204
23	176	1.73833
23	177	1.20659
23	178	1.78867
23	180	0.982058
24	47	1.43234
24	138	0.0414004
24	139	0.984383
24	140	0.90321
24	153	0.965898
24	160	0.990714
24	161	0.969383
24	162	0.902865
24	169	0.976977
24	176	0.92595
24	177	0.920856
24	178	0.92484
24	179	0.913523
25	2	0.996258
25	3	1.01793
25	4	0.890207
25	15	0.980866
25	18	0.967636
25	28	0.946727
25	30	0.935284
25	45	0.92286
25	51	0.931034
25	81	0.873289
25	88	2.0146
25	102	4.4
25	144	0.946085
26	7	0.909044
26	33	0.969008
26	46	0.939631
26	47	0.857499
26	48	0.937588
26	52	0.924472
26	54	0.924925
26	67	0.992121
26	94	0.926882
26	120	1.18374
26	145	0.996511
26	155	1.01091
26	164	2.62125
27	20	0.988857
27	34	1.05792
27	37	0.969953
27	41	1.07328
27	58	1.02519
27	61	1.0115
27	66	1.01167
27	71	1.07344
27	87	0.910611
27	115	1.06786
27	147	0.986947
27	152	1.07638
27	158	0.945476
27	168	3.16554
28	2	1.07721
28	3	1.09888
28	18	1.04858
28	25	0.946727
28	30	1.01623
28	32	1.01613
28	45	1.00381
28	51	1.01198
28	81	0.954237
28	84	1.01019
28	144	1.02703
28	158	1.98512
28	169	0.768633
28	176	2.10759
29	10	1.08267
29	13	1.16279
29	14	1.05748
29	38	1.13557
29	44	1.11794
29	59	1.10205
29	60	1.19089
29	76	1.14321
29	109	1.13222
29	134	1.87605
29	139	0.908549
29	154	1.00283
29	156	2.0066
29	172	1.07177
30	2	1.06576
30	3	1.08743
30	15	1.05037
30	18	1.03714
30	25	0.935284
30	28	1.01623
30	32	1.00469
30	45	0.992366
30	51	1.00054
30	84	0.998743
30	90	0.878777
30	141	0.791891
30	144	1.01559
30	162	3.75076
31	5	0.933364
31	19	1.01797
31	20	0.900639
31	34	0.969699
31	37	0.881735
31	41	0.985059
31	58	0.936974
31	61	0.92328
31	66	0.923454
31	71	0.985221
31	135	1.68387
31	147	0.898729
31	158	0.857258
31	169	2.38481
32	2	1.06566
32	3	1.08733
32	15	1.05027
32	18	1.03704
32	28	1.01613
32	30	1.00469
32	45	0.992268
32	51	1.00044
32	81	0.942697
32	84	0.998646
32	133	1.14378
32	144	1.01549
32	169	1.35893
32	174	2.24395
33	7	0.992528
33	16	0.969008
33	26	0.969008
33	46	1.02311
33	47	0.940983
33	48	1.02107
33	52	1.00796
33	54	1.00841
33	67	1.07561
33	145	1.08
33	155	1.0944
33	158	1.81918
33	175	1.17488
33	176	1.94165
34	5	1.01163
34	19	1.09624
34	27	1.05792
34	31	0.969699
34	58	1.01524
34	61	1.00155
34	66	1.00172
34	71	1.06349
34	86	1.57863
34	88	0.600254
34	115	1.05791
34	147	0.976996
34	157	2.31896
34	158	0.935524
35	9	0.997162
35	53	1.00998
35	55	1.01077
35	56	1.09531
35	63	0.99618
35	65	1.00185
35	72	0.986269
35	73	0.986432
35	75	1.04385
35	80	1.04419
35	90	0.670109
35	115	1.05768
35	121	1.43382
35	172	2.59743
36	1	1.08545
36	10	0.965051
36	13	1.04517
36	38	1.01795
36	39	1.03152
36	44	1.00033
36	59	0.984429
36	60	1.07327
36	76	1.02559
36	109	1.0146
36	114	1.23644
36	126	1.53151
36	165	2.0233
36	172	0.954156
37	5	0.923667
37	19	1.00827
37	27	0.969953
37	31	0.881735
37	41	0.975361
37	58	0.927276
37	61	0.913583
37	66	0.913757
37	71	0.975524
37	106	0.991265
37	115	0.969944
37	147	0.889032
37	158	0.847561
37	174	2.97597
38	1	1.07936
38	10	0.958956
38	13	1.03908
38	14	0.933771
38	29	1.13557
38	36	1.01795
38	39	1.02542
38	59	0.978334
38	60	1.06717
38	76	1.01949
38	128	1.33292
38	135	1.39038
38	139	1.97807
38	172	0.948061
39	1	1.09293
39	10	0.972525
39	13	1.05265
39	14	0.94734
39	36	1.03152
39	38	1.02542
39	44	1.0078
39	59	0.991904
39	60	1.08074
39	90	0.743985
39	109	1.02208
39	171	2.19192
39	172	0.961631
39	173	1.89874
40	11	0.940777
40	21	1.01484
40	23	1.10114
40	42	1.08085
40	43	1.10092
40	50	1.07109
40	62	1.13548
40	64	1.0492
40	88	0.813454
40	102	0.929173
40	136	1.51284
40	161	2.17052
40	180	0.999212
41	20	0.994265
41	27	1.07328
41	31	0.985059
41	37	0.975361
41	58	1.0306
41	61	1.01691
41	66	1.01708
41	71	1.07885
41	99	1.90752
41	115	1.07327
41	139	1.04067
41	147	0.992355
41	158	0.950884
41	159	2.08669
42	21	0.977393
42	23	1.06369
42	40	1.08085
42	43	1.06348
42	49	1.04875
42	50	1.03365
42	62	1.09803
42	64	1.01175
42	69	0.900821
42	91	0.942814
42	92	0.986889
42	142	1.02668
42	179	2.76586
42	180	0.961767
43	21	0.997468
43	23	1.08377
43	40	1.10092
43	42	1.06348
43	49	1.06883
43	50	1.05372
43	64	1.03183
43	69	0.920895
43	92	1.00696
43	102	0.911802
43	112	1.05665
43	120	0.978685
43	171	3.03191
43	180	0.981841
44	1	1.06174
44	10	0.941332
44	13	1.02145
44	14	0.916147
44	29	1.11794
44	36	1.00033
44	39	1.0078
44	59	0.96071
44	60	1.04955
44	76	1.00187
44	106	1.11201
44	109	0.990883
44	112	1.8607
44	149	1.69858
44	172	0.930437
45	2	1.05334
45	3	1.07501
45	15	1.03795
45	18	1.02472
45	25	0.92286
45	28	1.00381
45	30	0.992366
45	32	0.992268
45	51	0.988116
45	81	0.930371
45	84	0.98632
45	114	1.5736
45	120	1.16593
45	130	1.97098
45	144	1.00317
46	6	1.08943
46	7	0.96315
46	16	0.939631
46	26	0.939631
46	33	1.02311
46	47	0.911606
46	48	0.991695
46	52	0.978579
46	54	0.979032
46	67	1.04623
46	83	1.27544
46	140	3.16719
46	145	1.05062
46	155	1.06502
46	165	1.04579
47	6	1.0073
47	7	0.881019
47	16	0.857499
47	24	1.43234
47	26	0.857499
47	33	0.940983
47	46	0.911606
47	48	0.909563
47	52	0.896447
47	54	0.8969
47	67	0.964096
47	94	0.898857
47	145	0.968486
47	149	2.16209
47	155	0.982887
48	6	1.08739
48	16	0.937588
48	26	0.937588
48	33	1.02107
48	46	0.991695
48	47	0.909563
48	52	0.976536
48	54	0.976989
48	67	1.04419
48	94	0.978946
48	142	1.75092
48	145	1.04858
48	149	1.56874
48	155	1.06298
48	163	1.51708
49	11	0.908685
49	23	1.06905
49	42	1.04875
49	43	1.06883
49	50	1.039
49	57	0.998964
49	62	1.10339
49	64	1.0171
49	69	0.906174
49	92	0.992243
49	102	0.897081
49	130	0.827627
49	146	2.58168
49	167	1.64572
49	180	0.96712
50	8	0.231159
50	11	0.893577
50	17	0.944333
50	21	0.967639
50	23	1.05394
50	40	1.07109
50	42	1.03365
50	43	1.05372
50	49	1.039
50	62	1.08828
50	64	1.002
50	92	0.977135
50	102	0.881974
50	177	2.47934
50	180	0.952013
51	2	1.06151
51	3	1.08318
51	4	0.955462
51	18	1.03289
51	25	0.931034
51	28	1.01198
51	30	1.00054
51	32	1.00044
51	45	0.988116
51	81	0.938545
51	84	0.994494
51	116	0.644157
51	144	1.01134
51	159	2.05254
51	179	2.52803
52	6	1.07427
52	7	0.947992
52	16	0.924472
52	26	0.924472
52	33	1.00796
52	46	0.978579
52	47	0.896447
52	48	0.976536
52	54	0.963873
52	67	1.03107
52	94	0.96583
52	141	1.30792
52	145	1.03546
52	155	1.04986
52	172	2.01124
52	180	2.08229
53	9	0.959623
53	35	1.00998
53	55	0.973226
53	56	1.05778
53	63	0.958641
53	65	0.964312
53	72	0.94873
53	73	0.948894
53	75	1.00631
53	80	1.00665
53	94	0.970339
53	109	0.988799
53	115	1.02014
53	118	1.96047
53	123	1.43365
53	135	1.60947
54	6	1.07473
54	7	0.948445
54	16	0.924925
54	26	0.924925
54	33	1.00841
54	46	0.979032
54	47	0.8969
54	48	0.976989
54	52	0.963873
54	67	1.03152
54	94	0.966283
54	128	0.787509
54	145	1.03591
54	155	1.05031
54	161	1.88832
54	174	2.43093
55	9	0.960411
55	35	1.01077
55	53	0.973226
55	56	1.05856
55	63	0.959429
55	65	0.9651
55	70	0.958332
55	72	0.949518
55	73	0.949682
55	75	1.0071
55	80	1.00744
55	92	1.05096
55	109	0.989587
55	115	1.02093
55	121	0.945501
55	171	3.18707
56	35	1.09531
56	53	1.05778
56	55	1.05856
56	63	1.04398
56	65	1.04965
56	72	1.03407
56	73	1.03423
56	75	1.09165
56	80	1.09199
56	94	1.05568
56	109	1.07414
56	112	1.04979
56	115	1.10548
56	116	0.635677
56	156	2.54536
56	173	2.19513
57	11	0.85354
57	49	0.998964
57	62	1.04824
57	64	0.96196
57	69	0.85103
57	105	0.790114
57	119	0.834537
57	125	0.999571
57	149	0.957698
57	161	0.934103
57	173	0.882375
57	174	0.880346
57	175	0.914223
57	177	0.885576
57	179	0.878242
57	180	0.911976
58	19	1.06351
58	20	0.94618
58	27	1.02519
58	31	0.936974
58	34	1.01524
58	37	0.927276
58	41	1.0306
58	61	0.968821
58	66	0.968995
58	71	1.03076
58	115	1.02518
58	147	0.94427
58	158	0.902799
58	160	1.33024
58	169	1.49699
58	177	2.3042
59	1	1.04584
59	10	0.925436
59	13	1.00556
59	14	0.900251
59	29	1.10205
59	36	0.984429
59	38	0.978334
59	39	0.991904
59	44	0.96071
59	60	1.03365
59	76	0.985972
59	87	1.71174
59	91	1.56607
59	109	0.974987
59	160	1.81412
59	172	0.914541
60	1	1.13468
60	10	1.01427
60	13	1.09439
60	14	0.989089
60	29	1.19089
60	36	1.07327
60	38	1.06717
60	39	1.08074
60	44	1.04955
60	59	1.03365
60	109	1.06383
60	135	0.711696
60	150	1.9006
60	161	1.18333
60	172	1.00338
60	178	2.23021
61	5	0.965211
61	19	1.04982
61	20	0.932486
61	27	1.0115
61	31	0.92328
61	34	1.00155
61	37	0.913583
61	41	1.01691
61	58	0.968821
61	66	0.955302
61	71	1.01707
61	115	1.01149
61	123	0.83711
61	147	0.930577
61	158	0.889105
61	164	2.21897
61	175	2.28606
62	11	0.957963
62	21	1.03203
62	23	1.11832
62	40	1.13548
62	42	1.09803
62	49	1.10339
62	50	1.08828
62	57	1.04824
62	64	1.06638
62	69	0.955453
62	92	1.04152
62	102	0.946359
62	123	0.619827
62	126	1.26693
62	169	1.4966
62	170	2.56296
62	180	1.0164
63	9	0.945825
63	35	0.99618
63	53	0.958641
63	55	0.959429
63	56	1.04398
63	65	0.950514
63	70	0.943747
63	72	0.934932
63	73	0.935096
63	75	0.992514
63	80	0.992854
63	94	0.956541
63	109	0.975002
63	115	1.00635
63	128	1.40984
63	133	0.721621
63	151	5.08703
64	11	0.871681
64	21	0.945743
64	23	1.03204
64	40	1.0492
64	42	1.01175
64	43	1.03183
64	49	1.0171
64	50	1.002
64	57	0.96196
64	62	1.06638
64	69	0.869171
64	92	0.955239
64	102	0.860077
64	104	1.28843
64	130	2.17302
64	163	1.73562
64	180	0.930117
65	4	0.93541
65	9	0.951496
65	35	1.00185
65	53	0.964312
65	55	0.9651
65	56	1.04965
65	63	0.950514
65	70	0.949418
65	72	0.940603
65	73	0.940767
65	75	0.998185
65	80	0.998525
65	94	0.962212
65	109	0.980673
65	117	1.38072
65	136	1.56887
65	175	2.45632
66	5	0.965386
66	19	1.04999
66	20	0.932661
66	27	1.01167
66	31	0.923454
66	34	1.00172
66	37	0.913757
66	41	1.01708
66	58	0.968995
66	61	0.955302
66	71	1.01724
66	115	1.01166
66	118	1.3375
66	147	0.930751
66	158	0.88928
66	164	2.19253
66	165	1.94956
67	6	1.14192
67	7	1.01564
67	16	0.992121
67	26	0.992121
67	33	1.07561
67	46	1.04623
67	47	0.964096
67	48	1.04419
67	52	1.03107
67	54	1.03152
67	94	1.03348
67	103	4.6
67	127	1.44274
67	137	0.983038
67	145	1.10311
67	155	1.11751
67	166	0.962816
68	79	0.993639
68	82	0.98632
68	95	0.941908
68	97	0.949824
68	98	0.998775
68	119	0.830588
68	124	0.983346
68	125	0.985308
68	129	0.95208
68	130	1.22838
68	132	0.974809
68	138	0.996181
68	143	0.979672
68	145	1.02171
68	155	1.03611
68	165	1.61787
68	173	2.68683
69	42	0.900821
69	43	0.920895
69	49	0.906174
69	57	0.85103
69	62	0.955453
69	64	0.869171
69	75	2.52151
69	104	0.90132
69	142	0.873272
69	146	0.810099
69	173	0.789585
69	175	0.821433
69	176	0.79788
69	178	0.79677
69	179	0.785453
69	180	0.819186
70	22	0.908269
70	55	0.958332
70	63	0.943747
70	65	0.949418
70	72	0.933836
70	73	0.934
70	75	0.991418
70	80	0.991757
70	85	0.96954
70	108	0.93328
70	121	0.826365
70	138	0.999545
70	143	0.983035
70	145	1.02507
70	151	0.83275
70	155	1.03948
70	176	2.78263
70	180	2.06103
71	5	1.02715
71	8	0.266742
71	19	1.11176
71	20	0.994427
71	27	1.07344
71	31	0.985221
71	34	1.06349
71	37	0.975524
71	41	1.07885
71	58	1.03076
71	61	1.01707
71	66	1.01724
71	115	1.07343
71	136	1.39244
71	147	0.992518
71	158	0.951046
71	169	1.70771
71	172	2.25401
72	4	0.919828
72	9	0.935914
72	35	0.986269
72	53	0.94873
72	55	0.949518
72	56	1.03407
72	63	0.934932
72	65	0.940603
72	70	0.933836
72	73	0.925185
72	75	0.982604
72	80	0.982943
72	94	0.94663
72	109	0.965091
72	115	0.996436
72	127	2.32381
72	167	1.72244
72	180	1.64906
73	4	0.919992
73	9	0.936078
73	35	0.986432
73	53	0.948894
73	55	0.949682
73	56	1.03423
73	63	0.935096
73	65	0.940767
73	70	0.934
73	72	0.925185
73	75	0.982767
73	80	0.983106
73	94	0.946794
73	109	0.965255
73	115	0.996599
73	119	5.6
73	168	1.13242
73	176	2.0897
74	8	1.09374
74	109	1.45317
74	140	0.850205
74	142	0.948338
74	150	0.878851
74	155	0.805528
74	156	0.861882
74	161	0.916379
74	166	0.89396
74	167	0.885573
74	168	0.862754
74	170	0.878694
74	171	0.856565
74	173	0.86465
74	175	0.896498
74	176	0.872946
74	177	0.867851
74	178	0.871835
74	179	0.860518
75	4	0.97741
75	9	0.993496
75	35	1.04385
75	53	1.00631
75	55	1.0071
75	56	1.09165
75	63	0.992514
75	65	0.998185
75	69	2.52151
75	70	0.991418
75	72	0.982604
75	73	0.982767
75	80	1.04052
75	94	1.00421
75	109	1.02267
75	115	1.05402
75	126	0.739881
75	166	1.75768
75	169	0.842933
76	13	1.04672
76	14	0.941409
76	29	1.14321
76	36	1.02559
76	38	1.01949
76	44	1.00187
76	59	0.985972
76	77	0.842975
76	79	1.03924
76	82	1.03192
76	108	0.97552
76	113	0.999712
76	125	1.03091
76	129	0.997684
76	132	1.02041
76	133	1.23594
76	152	1.34773
76	156	3.13239
76	172	0.955699
77	76	0.842975
77	85	1.00416
77	128	1.05077
77	136	1.0015
77	138	0.676149
77	149	1.00079
77	156	0.922694
77	162	0.910673
77	164	0.952765
77	168	0.923565
77	169	0.984784
77	170	0.939506
77	171	0.917376
77	173	0.925462
77	174	0.923434
77	176	0.933758
77	177	0.928663
77	178	0.932647
77	179	0.92133
78	6	0.87639
78	7	1.21707
78	84	1.00944
78	87	0.984854
78	106	1.07847
78	133	1.02313
78	134	0.936829
78	156	0.916454
78	158	0.920299
78	160	0.992281
78	165	0.966113
78	170	0.933266
78	171	0.911136
78	173	0.919222
78	174	0.917194
78	176	0.927518
78	177	0.922423
78	178	0.926407
78	179	0.91509
79	68	0.993639
79	76	1.03924
79	97	1.00754
79	98	1.05649
79	100	1.05819
79	101	0.994028
79	111	1.02642
79	113	1.01182
79	117	1.33004
79	118	1.48351
79	124	1.04106
79	132	1.03252
79	138	1.0539
79	142	1.50253
79	143	1.03739
79	144	1.03887
79	151	0.887102
79	153	2.07484
79	159	0.93696
80	4	0.977749
80	9	0.993836
80	35	1.04419
80	53	1.00665
80	55	1.00744
80	56	1.09199
80	63	0.992854
80	65	0.998525
80	70	0.991757
80	72	0.982943
80	73	0.983106
80	75	1.04052
80	94	1.00455
80	109	1.02301
80	115	1.05436
80	134	2.24273
80	154	1.36951
80	172	1.23827
80	173	2.02305
81	3	1.02544
81	15	0.988376
81	25	0.873289
81	28	0.954237
81	32	0.942697
81	45	0.930371
81	51	0.938545
81	97	0.922263
81	98	0.971213
81	105	0.961878
81	124	0.955784
81	125	0.957747
81	129	0.924518
81	132	0.947248
81	136	1.11808
81	143	0.95211
81	144	0.953595
81	175	2.00553
81	178	2.82264
82	22	0.955303
82	68	0.98632
82	76	1.03192
82	107	1.0324
82	110	1.01807
82	111	1.0191
82	119	0.880986
82	121	0.905728
82	124	1.03374
82	129	1.00248
82	132	1.02521
82	136	1.20777
82	138	1.04658
82	143	1.03007
82	144	1.03155
82	145	1.07211
82	151	0.879784
82	159	0.929642
82	174	2.40806
82	175	2.09522
83	46	1.27544
83	87	0.925837
83	116	0.976287
83	135	0.964967
83	146	0.880719
83	155	1.722
83	156	0.857437
83	160	0.933264
83	163	0.933572
83	168	0.858308
83	169	0.919527
83	170	0.874249
83	171	0.852119
83	174	0.858177
83	175	0.892053
83	176	0.868501
83	177	0.863406
83	178	0.86739
83	179	0.856073
84	15	1.04433
84	17	0.365747
84	18	1.0311
84	28	1.01019
84	30	0.998743
84	32	0.998646
84	45	0.98632
84	51	0.994494
84	78	1.00944
84	85	0.994563
84	107	1.01039
84	110	0.996062
84	129	0.980467
84	132	1.0032
84	138	1.02457
84	143	1.00806
84	144	1.00954
84	146	2.72022
84	159	0.907631
84	165	1.35566
85	70	0.96954
85	77	1.00416
85	84	0.994563
85	93	0.982984
85	98	1.02903
85	100	1.03073
85	101	0.966565
85	105	1.01969
85	108	0.96017
85	111	0.998954
85	113	0.984361
85	125	1.01556
85	126	1.3826
85	132	1.00506
85	133	1.39712
85	138	1.02643
85	143	1.00992
85	151	0.85964
85	155	1.06636
85	159	0.909497
85	177	2.41948
86	34	1.57863
86	103	0.859535
86	108	1.83718
86	123	0.986231
86	133	0.969784
86	136	0.941908
86	137	0.912097
86	140	0.851428
86	157	0.868737
86	165	0.912764
86	167	0.886796
86	168	0.863976
86	170	0.879917
86	171	0.857787
86	173	0.865873
86	174	0.863845
86	176	0.874169
86	177	0.869074
86	178	0.873058
86	179	0.861741
87	27	0.910611
87	59	1.71174
87	78	0.984854
87	83	0.925837
87	89	1.01483
87	115	0.899352
87	121	0.992684
87	122	0.861992
87	128	1.01186
87	141	0.981436
87	148	0.927949
87	163	0.959928
87	165	0.933453
87	167	0.907484
87	168	0.884665
87	169	0.945883
87	170	0.900606
87	176	0.894857
87	177	0.889762
87	178	0.893747
87	179	0.882429
88	25	2.0146
88	34	0.600254
88	40	0.813454
88	129	0.0980909
88	140	0.953237
88	148	1.00907
88	149	1.04301
88	154	1.01896
88	156	0.964915
88	161	1.01941
88	164	0.994986
88	167	0.988605
88	168	0.965786
88	169	1.027
88	171	0.959597
88	173	0.967683
88	174	0.965654
88	176	0.975978
88	177	0.970884
88	178	0.974868
88	179	0.96355
89	3	0.819988
89	13	1.12057
89	21	1.20599
89	87	1.01483
89	112	1.04253
89	121	1.05532
89	129	0.379845
89	136	1.02523
89	142	1.03288
89	158	0.950271
89	160	1.02225
89	164	0.976497
89	168	0.947297
89	169	1.00852
89	173	0.949194
89	174	0.947166
89	175	0.981042
89	177	0.952395
89	178	0.956379
89	179	0.945062
89	180	0.978795
90	20	0.699316
90	30	0.878777
90	35	0.670109
90	39	0.743985
90	110	0.834407
90	133	1.11065
90	139	1.07347
90	149	1.08206
90	150	1.02094
90	152	1.09703
90	153	1.05498
90	157	1.0096
90	164	1.03404
90	168	1.00484
90	170	1.02078
90	171	0.998655
90	173	1.00674
90	174	1.00471
90	176	1.01504
90	177	1.00994
90	179	1.00261
90	180	1.03634
91	42	0.942814
91	59	1.56607
91	121	0.999324
91	132	1.27316
91	134	0.910808
91	139	0.959929
91	147	0.935749
91	148	0.934589
91	149	0.968525
91	150	0.907402
91	161	0.944929
91	163	0.966567
91	166	0.92251
91	168	0.891304
91	169	0.952523
91	171	0.885115
91	173	0.893201
91	174	0.891173
91	175	0.925049
91	176	0.901497
91	178	0.900386
91	179	0.889069
92	10	1.47051
92	11	0.846819
92	21	0.920881
92	42	0.986889
92	43	1.00696
92	49	0.992243
92	50	0.977135
92	55	1.05096
92	62	1.04152
92	64	0.955239
92	97	0.98575
92	139	0.942381
92	148	0.917041
92	154	0.92693
92	160	0.948712
92	168	0.873756
92	175	0.907501
92	176	0.883949
92	178	0.882838
92	179	0.871521
92	180	0.905254
93	85	0.982984
93	97	0.966632
93	98	1.01558
93	105	1.00625
93	106	0.990846
93	107	0.998811
93	110	0.984482
93	111	0.985508
93	119	0.847396
93	124	1.00015
93	125	1.00212
93	129	0.968888
93	132	0.991617
93	138	1.01299
93	141	1.34272
93	143	0.996479
93	145	1.03852
93	151	0.846195
93	155	1.05292
93	159	0.896052
93	170	2.56611
93	173	2.83083
94	9	0.957523
94	16	0.926882
94	26	0.926882
94	47	0.898857
94	48	0.978946
94	52	0.96583
94	53	0.970339
94	54	0.966283
94	56	1.05568
94	63	0.956541
94	65	0.962212
94	67	1.03348
94	72	0.94663
94	73	0.946794
94	75	1.00421
94	80	1.00455
94	96	1.33871
94	142	1.45652
94	145	1.03787
94	155	1.05227
94	167	2.47818
94	169	1.78745
95	68	0.941908
95	98	1.00476
95	100	1.00646
95	101	0.942298
95	105	0.995426
95	110	0.97366
95	111	0.974686
95	113	0.960094
95	124	0.989331
95	125	0.991294
95	129	0.958065
95	132	0.980795
95	137	1.74201
95	138	1.00217
95	143	0.985657
95	144	0.987142
95	145	1.0277
95	151	0.835372
95	155	1.0421
95	172	1.35334
95	178	2.19633
95	179	2.21529
96	9	1.31963
96	94	1.33871
96	97	1.04887
96	122	0.880118
96	131	0.931047
96	134	0.922294
96	146	0.925201
96	154	0.955964
96	159	0.905505
96	163	0.978054
96	164	0.931991
96	165	0.951578
96	167	0.92561
96	168	0.902791
96	169	0.964009
96	174	0.902659
96	175	0.936535
96	176	0.912983
96	177	0.907888
96	178	0.911872
96	179	0.900555
96	180	0.934288
97	22	0.918807
97	68	0.949824
97	79	1.00754
97	81	0.922263
97	92	0.98575
97	93	0.966632
97	96	1.04887
97	98	1.01268
97	100	1.01437
97	101	0.950214
97	105	1.00334
97	107	0.995905
97	111	0.982602
97	119	0.84449
97	124	0.997248
97	125	0.99921
97	129	0.965981
97	132	0.988711
97	133	1.28246
97	138	1.01008
97	143	0.993573
97	158	2.71409
97	159	0.893146
98	12	1.00694
98	68	0.998775
98	79	1.05649
98	81	0.971213
98	85	1.02903
98	93	1.01558
98	95	1.00476
98	97	1.01268
98	105	1.05229
98	111	1.03155
98	113	1.01696
98	124	1.0462
98	129	1.01493
98	132	1.03766
98	138	1.05903
98	143	1.04252
98	145	1.08456
98	149	0.921642
98	151	0.892239
98	157	2.4017
98	160	1.26801
98	163	0.869983
98	166	2.3495
99	21	2.69248
99	41	1.90752
99	103	0.848247
99	119	0.806747
99	126	0.969253
99	137	0.900809
99	140	0.84014
99	142	0.938272
99	148	0.895973
99	154	0.905861
99	156	0.851817
99	160	0.927644
99	162	0.839795
99	165	0.901476
99	166	0.883894
99	170	0.868629
99	171	0.846499
99	172	0.886254
99	173	0.854585
99	174	0.852557
99	177	0.857786
99	178	0.86177
99	179	0.850453
100	79	1.05819
100	85	1.03073
100	95	1.00646
100	97	1.01437
100	107	1.04655
100	108	0.994467
100	110	1.03222
100	111	1.03325
100	113	1.01866
100	124	1.0479
100	125	1.04986
100	126	0.879083
100	129	1.01663
100	132	1.03936
100	137	2.04372
100	138	1.06073
100	143	1.04422
100	144	1.04571
100	150	2.16844
100	151	0.893937
100	152	1.00539
100	159	0.943794
100	170	2.17511
101	12	0.944476
101	79	0.994028
101	85	0.966565
101	95	0.942298
101	97	0.950214
101	105	0.989829
101	107	0.982393
101	108	0.930306
101	110	0.968064
101	111	0.96909
101	113	0.954497
101	124	0.983735
101	125	0.985698
101	129	0.952469
101	132	0.975198
101	138	0.99657
101	143	0.980061
101	155	1.0365
101	157	2.23207
101	158	2.48161
101	159	0.879633
101	160	1.09838
101	165	1.52724
102	11	0.751657
102	21	0.825719
102	25	4.4
102	40	0.929173
102	43	0.911802
102	49	0.897081
102	50	0.881974
102	62	0.946359
102	64	0.860077
102	104	0.892227
102	120	0.900858
102	122	0.755922
102	146	0.801006
102	150	0.794692
102	161	0.83222
102	165	0.827383
102	169	0.839814
102	174	0.778463
102	175	0.81234
102	178	0.787677
102	179	0.77636
102	180	0.810093
103	67	4.6
103	86	0.859535
103	99	0.848247
103	106	0.973838
103	119	0.766754
103	121	0.920714
103	127	0.841746
103	151	0.765552
103	153	0.862835
103	156	0.811824
103	159	0.81541
103	160	0.887651
103	162	0.799802
103	167	0.835515
103	170	0.828636
103	171	0.806506
103	172	0.846261
103	173	0.814592
103	174	0.812564
103	176	0.822888
103	177	0.817793
103	178	0.821777
103	179	0.81046
104	64	1.28843
104	69	0.90132
104	102	0.892227
104	108	0.598609
104	115	0.156526
104	117	1.02262
104	132	0.675995
104	139	0.999393
104	141	1.02754
104	142	1.01635
104	149	1.00799
104	152	1.02295
104	160	1.00572
104	164	0.959968
104	165	0.979556
104	166	0.961975
104	167	0.953588
104	171	0.92458
104	175	0.964513
104	176	0.940961
104	177	0.935866
104	178	0.93985
104	179	0.928533
105	57	0.790114
105	81	0.961878
105	85	1.01969
105	93	1.00625
105	95	0.995426
105	97	1.00334
105	98	1.05229
105	101	0.989829
105	106	0.645086
105	108	0.983434
105	110	1.02119
105	113	1.00763
105	129	1.0056
105	132	1.02833
105	138	1.0497
105	143	1.03319
105	144	1.03467
105	145	1.07523
105	151	0.882904
105	155	1.08963
105	159	0.932761
105	167	1.93243
105	170	2.30807
105	180	1.85906
106	37	0.991265
106	44	1.11201
106	78	1.07847
106	93	0.990846
106	103	0.973838
106	105	0.645086
106	113	0.44324
106	127	1.00733
106	148	1.02156
106	156	0.977407
106	160	1.05323
106	163	1.05354
106	164	1.00748
106	165	1.02707
106	166	1.00948
106	167	1.0011
106	169	1.0395
106	170	0.99422
106	171	0.97209
106	173	0.980176
106	175	1.01202
106	177	0.983377
106	178	0.987361
106	179	0.976043
107	82	1.0324
107	84	1.01039
107	93	0.998811
107	97	0.995905
107	100	1.04655
107	101	0.982393
107	108	0.975997
107	110	1.01376
107	111	1.01478
107	125	1.03139
107	129	0.99816
107	132	1.02089
107	138	1.04226
107	143	1.02575
107	144	1.02724
107	145	1.06779
107	151	0.875467
107	155	1.08219
107	159	0.925325
107	162	3.22254
107	164	0.925786
107	170	1.48706
107	175	0.992877
107	179	1.82895
108	70	0.93328
108	76	0.97552
108	85	0.96017
108	86	1.83718
108	100	0.994467
108	101	0.930306
108	104	0.598609
108	105	0.983434
108	107	0.975997
108	110	0.961668
108	113	0.948102
108	116	1.13494
108	119	0.824582
108	124	0.977339
108	125	0.979302
108	129	0.946073
108	132	0.968803
108	138	0.990174
108	143	0.973665
108	144	0.97515
108	145	1.0157
108	151	0.82338
108	155	1.0301
108	174	2.49558
109	1	1.07601
109	10	0.955609
109	29	1.13222
109	36	1.0146
109	39	1.02208
109	44	0.990883
109	53	0.988799
109	55	0.989587
109	56	1.07414
109	59	0.974987
109	60	1.06383
109	63	0.975002
109	65	0.980673
109	72	0.965091
109	73	0.965255
109	74	1.45317
109	75	1.02267
109	80	1.02301
109	115	1.03651
109	127	2.43345
109	142	0.810418
109	148	1.72329
109	152	1.03799
109	172	0.944714
110	22	0.936657
110	82	1.01807
110	84	0.996062
110	90	0.834407
110	93	0.984482
110	95	0.97366
110	100	1.03222
110	101	0.968064
110	105	1.02119
110	107	1.01376
110	108	0.961668
110	111	1.00045
110	116	1.7398
110	120	1.28301
110	124	1.0151
110	125	1.01706
110	128	1.45702
110	129	0.983831
110	132	1.00656
110	138	1.02793
110	143	1.01142
110	144	1.01291
110	155	1.06786
110	159	0.910996
110	160	2.04868
111	22	0.937683
111	79	1.02642
111	82	1.0191
111	85	0.998954
111	93	0.985508
111	95	0.974686
111	97	0.982602
111	98	1.03155
111	100	1.03325
111	101	0.96909
111	107	1.01478
111	110	1.00045
111	114	1.03241
111	125	1.01809
111	129	0.984857
111	132	1.00759
111	138	1.02896
111	143	1.01245
111	144	1.01393
111	147	1.96729
111	149	1.04404
111	151	0.862164
111	153	1.79854
111	155	1.06889
111	177	2.36437
112	43	1.05665
112	44	1.8607
112	56	1.04979
112	89	1.04253
112	127	0.941423
112	130	0.978937
112	135	1.01903
112	136	0.990304
112	140	0.899823
112	145	0.505872
112	152	1.00456
112	154	0.965545
112	156	0.9115
112	157	0.917132
112	161	0.965997
112	162	0.899479
112	164	0.941572
112	168	0.912372
112	170	0.928313
112	173	0.914269
112	174	0.91224
112	175	0.946117
112	176	0.922564
112	177	0.91747
112	179	0.910136
112	180	0.94387
113	12	0.962272
113	22	0.92309
113	76	0.999712
113	79	1.01182
113	85	0.984361
113	95	0.960094
113	98	1.01696
113	100	1.01866
113	101	0.954497
113	105	1.00763
113	106	0.44324
113	108	0.948102
113	124	1.00153
113	125	1.00349
113	129	0.970265
113	131	2.21735
113	132	0.992994
113	138	1.01437
113	143	0.997857
113	144	0.999342
113	145	1.0399
113	148	2.12487
113	155	1.0543
113	159	0.897429
113	163	0.978157
113	164	2.04801
114	36	1.23644
114	45	1.5736
114	111	1.03241
114	120	1.03333
114	125	0.926423
114	140	0.898518
114	141	1.00784
114	146	0.933477
114	148	0.954351
114	157	0.915827
114	158	0.91404
114	160	0.986022
114	162	0.898173
114	164	0.940266
114	165	0.959854
114	166	0.942272
114	167	0.933886
114	168	0.911066
114	169	0.972285
114	170	0.927007
114	171	0.904877
114	173	0.912963
114	175	0.944811
114	176	0.921259
114	177	0.916164
114	178	0.920148
114	179	0.908831
115	5	1.02157
115	27	1.06786
115	34	1.05791
115	35	1.05768
115	37	0.969944
115	41	1.07327
115	53	1.02014
115	55	1.02093
115	56	1.10548
115	58	1.02518
115	61	1.01149
115	63	1.00635
115	66	1.01166
115	71	1.07343
115	72	0.996436
115	73	0.996599
115	75	1.05402
115	80	1.05436
115	87	0.899352
115	104	0.156526
115	109	1.03651
115	118	0.818532
115	147	0.986938
115	158	0.945466
115	166	2.08323
115	176	2.50744
115	180	1.78583
116	51	0.644157
116	56	0.635677
116	83	0.976287
116	108	1.13494
116	110	1.7398
116	121	1.04313
116	128	1.06231
116	131	0.963371
116	133	1.04092
116	138	0.808635
116	148	0.978399
116	152	1.0273
116	153	0.985255
116	156	0.934244
116	157	0.939875
116	161	0.98874
116	163	1.01038
116	165	0.983903
116	166	0.966321
116	167	0.957934
116	170	0.951056
116	171	0.928926
116	173	0.937012
116	174	0.934983
116	176	0.945307
116	177	0.940213
116	178	0.944197
116	179	0.932879
117	2	0.886747
117	65	1.38072
117	79	1.33004
117	104	1.02262
117	126	1.02556
117	131	0.937248
117	132	1.18453
117	134	0.928495
117	137	0.957112
117	139	0.977616
117	147	0.953437
117	150	0.925089
117	157	0.913752
117	158	0.911965
117	162	0.896099
117	165	0.957779
117	166	0.940198
117	167	0.931811
117	168	0.908992
117	169	0.97021
117	171	0.902803
117	173	0.910888
117	175	0.942736
117	176	0.919184
117	177	0.914089
117	178	0.918073
117	179	0.906756
118	53	1.96047
118	66	1.3375
118	79	1.48351
118	115	0.818532
118	121	1.00025
118	127	0.921284
118	128	1.01943
118	131	0.920489
118	133	0.998041
118	149	0.969454
118	152	0.984419
118	156	0.891362
118	157	0.896994
118	160	0.967189
118	161	0.945858
118	162	0.879341
118	163	0.967497
118	165	0.941021
118	166	0.923439
118	168	0.892233
118	169	0.953452
118	172	0.925799
118	173	0.89413
118	174	0.892102
118	176	0.902426
118	177	0.897331
118	178	0.901315
118	179	0.889998
119	57	0.834537
119	68	0.830588
119	73	5.6
119	82	0.880986
119	93	0.847396
119	97	0.84449
119	99	0.806747
119	103	0.766754
119	108	0.824582
119	125	0.879974
119	132	0.869475
119	134	0.790699
119	135	0.877854
119	138	0.890846
119	143	0.874337
119	146	0.793606
119	148	0.81448
119	149	0.848416
119	153	0.821335
119	155	0.930777
119	159	0.77391
119	163	0.846459
119	164	0.800395
119	167	0.794015
119	175	0.80494
119	177	0.776293
119	178	0.780277
119	179	0.76896
120	26	1.18374
120	43	0.978685
120	45	1.16593
120	102	0.900858
120	110	1.28301
120	114	1.03333
120	126	1.05596
120	135	1.04606
120	138	0.351844
120	140	0.926851
120	141	1.03617
120	149	1.01662
120	150	0.955497
120	157	0.94416
120	161	0.993024
120	162	0.926506
120	163	1.01466
120	165	0.988187
120	167	0.962219
120	169	1.00062
120	170	0.95534
120	171	0.93321
120	173	0.941296
120	174	0.939268
120	177	0.944497
120	178	0.948481
120	179	0.937164
120	180	0.970897
121	35	1.43382
121	55	0.945501
121	70	0.826365
121	82	0.905728
121	87	0.992684
121	89	1.05532
121	91	0.999324
121	103	0.920714
121	116	1.04313
121	118	1.00025
121	128	1.05236
121	132	1.07064
121	137	0.973276
121	139	0.99378
121	154	0.978329
121	159	0.92787
121	161	0.978781
121	162	0.912263
121	163	1.00042
121	166	0.956362
121	168	0.925156
121	171	0.918967
121	173	0.927053
121	174	0.925024
121	175	0.958901
121	176	0.935348
121	177	0.930253
121	178	0.934238
121	179	0.92292
122	87	0.861992
122	96	0.880118
122	102	0.755922
122	131	0.82272
122	137	0.842584
122	140	0.781915
122	143	5.06919
122	146	0.816874
122	149	0.871684
122	150	0.810561
122	152	0.886649
122	154	0.847637
122	160	0.869419
122	161	0.848089
122	162	0.781571
122	163	0.869727
122	164	0.823663
122	165	0.843251
122	166	0.825669
122	167	0.817283
122	168	0.794463
122	169	0.855682
122	170	0.810404
122	171	0.788274
122	172	0.828029
122	175	0.828208
122	176	0.804656
122	177	0.799561
122	179	0.792228
123	14	1.70282
123	53	1.43365
123	61	0.83711
123	62	0.619827
123	86	0.986231
123	137	0.987511
123	142	1.02497
123	152	1.03158
123	153	0.989531
123	154	0.992564
123	155	0.204039
123	157	0.944151
123	159	0.942105
123	160	1.01435
123	161	0.993016
123	164	0.968591
123	166	0.970597
123	167	0.96221
123	169	1.00061
123	170	0.955332
123	171	0.933202
123	173	0.941288
123	174	0.939259
123	175	0.973136
123	177	0.944489
123	178	0.948473
123	179	0.937155
123	180	0.970889
124	12	0.99151
124	22	0.952328
124	68	0.983346
124	79	1.04106
124	81	0.955784
124	82	1.03374
124	93	1.00015
124	95	0.989331
124	97	0.997248
124	98	1.0462
124	100	1.0479
124	101	0.983735
124	108	0.977339
124	110	1.0151
124	113	1.00153
124	125	1.03273
124	128	0.602012
124	129	0.999503
124	132	1.02223
124	138	1.0436
124	141	1.20339
124	143	1.02709
124	144	1.02858
124	145	1.06913
124	150	2.42011
124	152	1.25706
124	159	0.926667
124	166	2.27516
124	177	2.16763
125	8	0.0101955
125	22	0.954291
125	57	0.999571
125	68	0.985308
125	76	1.03091
125	81	0.957747
125	85	1.01556
125	93	1.00212
125	95	0.991294
125	97	0.99921
125	100	1.04986
125	101	0.985698
125	107	1.03139
125	108	0.979302
125	110	1.01706
125	111	1.01809
125	113	1.00349
125	114	0.926423
125	119	0.879974
125	124	1.03273
125	129	1.00147
125	138	1.04557
125	143	1.02906
125	145	1.0711
125	150	2.51085
125	151	0.878772
125	152	1.3478
125	155	1.0855
125	159	0.92863
125	177	2.25838
126	36	1.53151
126	62	1.26693
126	75	0.739881
126	85	1.3826
126	99	0.969253
126	100	0.879083
126	117	1.02556
126	120	1.05596
126	139	1.00233
126	151	0.886559
126	152	1.02589
126	153	0.983842
126	157	0.938462
126	160	1.00866
126	161	0.987327
126	162	0.920809
126	164	0.962902
126	165	0.982489
126	166	0.964908
126	168	0.933702
126	170	0.949643
126	171	0.927513
126	173	0.935598
126	174	0.93357
126	175	0.967446
126	176	0.943894
126	178	0.942784
126	179	0.931466
126	180	0.965199
127	67	1.44274
127	72	2.32381
127	103	0.841746
127	106	1.00733
127	109	2.43345
127	112	0.941423
127	118	0.921284
127	131	0.874443
127	135	0.952845
127	146	0.868598
127	148	0.889472
127	150	0.862284
127	152	0.938373
127	157	0.850948
127	161	0.899812
127	163	0.92145
127	164	0.875387
127	165	0.894975
127	166	0.877393
127	167	0.869007
127	169	0.907406
127	170	0.862128
127	171	0.839998
127	173	0.848084
127	174	0.846055
127	175	0.879932
127	176	0.856379
127	177	0.851285
127	178	0.855269
127	179	0.843952
127	180	0.877685
128	38	1.33292
128	54	0.787509
128	63	1.40984
128	77	1.05077
128	87	1.01186
128	110	1.45702
128	116	1.06231
128	118	1.01943
128	121	1.05236
128	124	0.602012
128	135	1.05099
128	136	1.02227
128	144	0.0759347
128	148	0.987621
128	149	1.02156
128	151	0.897193
128	152	1.03652
128	156	0.943465
128	158	0.94731
128	161	0.997962
128	162	0.931444
128	163	1.0196
128	168	0.944336
128	170	0.960277
128	171	0.938148
128	173	0.946233
128	174	0.944205
128	175	0.978081
128	176	0.954529
128	177	0.949434
128	178	0.953418
128	179	0.942101
129	12	0.960244
129	68	0.95208
129	76	0.997684
129	81	0.924518
129	82	1.00248
129	84	0.980467
129	88	0.0980909
129	89	0.379845
129	93	0.968888
129	95	0.958065
129	97	0.965981
129	98	1.01493
129	100	1.01663
129	101	0.952469
129	105	1.0056
129	107	0.99816
129	108	0.946073
129	110	0.983831
129	111	0.984857
129	113	0.970265
129	124	0.999503
129	125	1.00147
129	131	1.78717
129	132	0.990966
129	138	1.01234
129	140	4.23281
129	143	0.995828
129	144	0.997313
129	147	1.52288
129	151	0.845543
129	155	1.05227
129	159	0.895401
129	161	1.45516
130	45	1.97098
130	49	0.827627
130	64	2.17302
130	68	1.22838
130	112	0.978937
130	131	0.911958
130	135	0.99036
130	140	0.871153
130	148	0.926986
130	152	0.975888
130	153	0.933842
130	154	0.936875
130	157	0.888462
130	158	0.886675
130	161	0.937327
130	163	0.958965
130	164	0.912902
130	165	0.93249
130	166	0.914908
130	167	0.906521
130	169	0.94492
130	170	0.899643
130	171	0.877513
130	173	0.885599
130	174	0.88357
130	175	0.917447
130	176	0.893894
130	177	0.8888
130	178	0.892784
130	179	0.881466
130	180	0.9152
131	96	0.931047
131	113	2.21735
131	116	0.963371
131	117	0.937248
131	118	0.920489
131	122	0.82272
131	127	0.874443
131	129	1.78717
131	130	0.911958
131	133	0.951201
131	138	1.95869
131	146	0.867803
131	148	0.888677
131	149	0.922613
131	154	0.898566
131	156	0.844521
131	157	0.850153
131	158	0.848366
131	162	0.8325
131	164	0.874592
131	165	0.89418
131	166	0.876599
131	167	0.868212
131	169	0.906611
131	170	0.861333
131	171	0.839204
131	173	0.847289
131	174	0.845261
131	176	0.855585
131	177	0.85049
131	178	0.854474
131	179	0.843157
131	180	0.87689
132	12	0.982973
132	68	0.974809
132	76	1.02041
132	79	1.03252
132	81	0.947248
132	82	1.02521
132	84	1.0032
132	85	1.00506
132	91	1.27316
132	93	0.991617
132	95	0.980795
132	97	0.988711
132	98	1.03766
132	100	1.03936
132	101	0.975198
132	104	0.675995
132	105	1.02833
132	107	1.02089
132	108	0.968803
132	110	1.00656
132	111	1.00759
132	113	0.992994
132	117	1.18453
132	119	0.869475
132	121	1.07064
132	124	1.02223
132	129	0.990966
132	135	0.987007
132	138	1.03507
132	143	1.01856
132	144	1.02004
132	148	2.26989
132	155	1.075
132	159	0.91813
132	160	1.52121
133	19	1.21908
133	32	1.14378
133	63	0.721621
133	76	1.23594
133	78	1.02313
133	85	1.39712
133	86	0.969784
133	90	1.11065
133	97	1.28246
133	116	1.04092
133	118	0.998041
133	131	0.951201
133	135	1.0296
133	137	0.971065
133	140	0.910396
133	141	1.01972
133	142	1.00853
133	146	0.945355
133	151	0.875802
133	152	1.01513
133	154	0.976118
133	156	0.922073
133	157	0.927705
133	159	0.925659
133	161	0.97657
133	164	0.952145
133	165	0.971732
133	167	0.945764
133	168	0.922945
133	173	0.924841
133	174	0.922813
133	175	0.956689
133	176	0.933137
133	177	0.928042
133	179	0.920709
134	13	2.88122
134	29	1.87605
134	78	0.936829
134	80	2.24273
134	91	0.910808
134	96	0.922294
134	117	0.928495
134	119	0.790699
134	135	0.943298
134	141	0.933411
134	142	0.922224
134	147	0.881085
134	148	0.879925
134	149	0.913861
134	150	0.852737
134	151	0.789497
134	152	0.928826
134	153	0.88678
134	158	0.839613
134	161	0.890265
134	162	0.823747
134	163	0.911903
134	164	0.86584
134	166	0.867846
134	168	0.83664
134	169	0.897859
134	170	0.852581
134	171	0.830451
134	172	0.870206
134	173	0.838537
134	174	0.836508
134	176	0.846832
134	177	0.841738
134	178	0.845722
134	179	0.834405
135	5	0.817582
135	31	1.68387
135	38	1.39038
135	53	1.60947
135	60	0.711696
135	83	0.964967
135	112	1.01903
135	119	0.877854
135	120	1.04606
135	127	0.952845
135	128	1.05099
135	130	0.99036
135	132	0.987007
135	133	1.0296
135	134	0.943298
135	142	1.00938
135	147	0.96824
135	150	0.939892
135	151	0.876652
135	152	1.01598
135	153	0.973935
135	156	0.922923
135	159	0.926509
135	162	0.910902
135	163	0.999058
135	164	0.952995
135	166	0.955001
135	169	0.985013
135	171	0.917606
135	173	0.925691
135	174	0.923663
135	176	0.933987
135	177	0.928892
135	178	0.932877
135	179	0.921559
135	180	0.955292
136	40	1.51284
136	65	1.56887
136	71	1.39244
136	77	1.0015
136	81	1.11808
136	82	1.20777
136	86	0.941908
136	89	1.02523
136	112	0.990304
