1	60	1.01472
1	118	0.892743
1	120	1.35006
1	151	0.893758
1	158	0.901243
1	161	0.903327
1	165	0.901965
1	166	0.910584
1	171	0.892396
1	173	0.903985
1	177	1.21018
1	178	1.2325
2	3	1.11207
2	87	1.22233
2	144	0.886181
2	147	0.891389
2	155	0.89385
2	156	0.919421
2	162	0.905205
2	163	0.894439
2	167	0.905011
2	168	1.23597
2	175	1.23731
2	178	0.904505
3	2	1.11207
3	16	0.94151
3	32	1.20107
3	54	1.19157
3	106	0.892313
3	147	1.29087
3	151	0.894817
3	168	0.892548
3	172	0.89279
3	173	0.905044
3	177	0.889513
3	179	0.891465
4	69	0.807469
4	115	1.5403
4	137	1.67373
4	142	1.5801
4	157	0.812616
4	162	0.800077
4	170	0.796621
4	172	0.798855
4	175	0.796536
4	176	0.794718
4	177	0.795577
4	179	0.79753
5	105	1.2887
5	134	0.909653
5	153	1.18482
5	157	1.12147
5	158	0.897255
5	159	1.20873
5	165	0.897978
5	166	0.906597
5	168	0.887502
5	171	0.888408
5	173	0.899997
5	180	0.912609
6	37	0.901705
6	105	0.907985
6	144	0.88867
6	145	1.19016
6	147	0.893878
6	150	1.20329
6	155	0.896339
6	160	1.24782
6	163	0.896928
6	167	0.907501
6	169	1.16624
6	178	0.906994
7	62	0.808871
7	104	0.818388
7	121	1.51107
7	137	0.797152
7	140	0.805284
7	147	0.779648
7	152	1.70071
7	156	0.807681
7	167	0.793271
7	169	1.5939
7	174	0.79694
7	178	0.792765
8	15	1.08671
8	87	0.899393
8	89	1.35585
8	152	0.895078
8	153	0.909433
8	160	0.901657
8	166	1.17981
8	170	0.89691
8	174	0.903842
8	177	0.895867
8	179	0.897819
8	180	1.17075
9	31	0.904078
9	92	0.866934
9	134	0.914276
9	149	1.22018
9	157	1.15259
9	158	0.901878
9	161	0.903963
9	166	0.91122
9	171	0.893031
9	173	0.90462
9	175	1.19845
9	176	1.23636
10	120	1.28175
10	146	0.895654
10	158	0.902479
10	160	1.16693
10	161	0.904564
10	162	1.19505
10	163	0.883425
10	165	0.903202
10	166	0.911821
10	171	0.893633
10	173	0.905222
10	178	1.16419
11	38	0.78629
11	42	0.781229
11	51	1.39508
11	59	0.782016
11	68	0.873154
11	143	0.786792
11	148	0.795469
11	154	0.799423
11	167	0.785896
11	168	1.68566
11	176	1.72492
11	180	0.809731
12	116	1.20664
12	119	1.21582
12	136	0.879727
12	155	1.28238
12	159	0.906503
12	170	0.902276
12	172	0.90451
12	175	0.902192
12	176	0.900374
12	177	0.901233
12	179	0.903185
12	180	1.08923
13	23	1.14738
13	92	1.35442
13	120	0.887719
13	130	1.1342
13	153	0.908623
13	157	0.912095
13	164	0.906006
13	171	1.15867
13	172	0.898334
13	175	0.896016
13	176	0.894198
13	179	0.897009
14	100	1.22456
14	116	1.27553
14	123	1.10356
14	158	1.19029
14	160	0.902035
14	164	0.907193
14	172	0.899522
14	174	0.90422
14	175	0.897203
14	176	0.895385
14	177	0.896244
14	179	0.898197
15	8	1.08671
15	61	1.2942
15	118	0.894294
15	135	0.907534
15	158	0.902794
15	160	1.20473
15	163	0.883739
15	166	0.912135
15	167	1.21668
15	169	0.90002
15	171	0.893947
15	173	0.905536
16	3	0.94151
16	29	0.959528
16	54	1.26019
16	75	1.34626
16	94	0.924697
16	159	0.890881
16	160	0.891401
16	165	1.22434
16	174	0.893586
16	176	0.884751
16	177	0.88561
16	179	0.887563
17	29	0.913374
17	97	1.51909
17	107	1.68578
17	154	1.58949
17	160	0.784561
17	166	0.800901
17	171	0.782712
17	173	0.794301
17	174	0.786746
17	176	0.777912
17	177	0.77877
17	179	0.780723
18	110	0.788763
18	114	0.814052
18	127	0.779416
18	158	0.806687
18	161	0.808771
18	162	1.62988
18	163	0.787632
18	165	0.80741
18	171	0.79784
18	173	0.809429
18	177	1.5767
18	178	1.59902
19	44	1.32606
19	73	1.08775
19	85	0.915125
19	87	0.902742
19	93	0.876801
19	95	1.15654
19	135	1.22078
19	159	0.904486
19	170	0.900259
19	176	0.898356
19	177	0.899215
19	178	0.903016
20	81	0.908715
20	98	1.20422
20	139	0.917108
20	140	0.913028
20	144	0.882184
20	147	0.887393
20	150	1.17964
20	155	0.889854
20	162	0.901209
20	168	1.18073
20	170	1.24338
20	178	0.900509
21	105	1.38619
21	110	1.36047
21	126	1.2097
21	149	0.877604
21	153	0.873768
21	159	0.865472
21	165	1.23564
21	169	0.870217
21	170	0.861245
21	174	0.868177
21	175	0.86116
21	177	0.860202
21	179	0.862154
22	53	0.809298
22	106	0.865527
22	145	0.87636
22	146	0.86869
22	160	1.30626
22	161	0.8776
22	166	0.884857
22	169	0.872742
22	171	0.866669
22	172	1.31661
22	173	0.878258
22	177	1.2812
22	178	1.30352
23	13	1.14738
23	33	1.31897
23	77	0.843046
23	119	1.39114
23	124	0.849556
23	137	0.876139
23	139	0.88835
23	153	1.34552
23	155	0.861096
23	162	0.872451
23	163	0.861685
23	174	0.875927
23	178	0.871751
24	74	1.38856
24	92	1.42904
24	142	1.1434
24	150	0.870301
24	151	1.23153
24	164	0.874521
24	170	0.864616
24	172	0.866849
24	175	0.864531
24	176	0.862713
24	177	0.863572
24	178	0.867372
24	179	0.865524
25	69	1.34363
25	76	0.826453
25	91	1.30988
25	119	0.86574
25	132	1.25124
25	151	0.863175
25	158	0.87066
25	161	0.872744
25	166	0.880001
25	171	0.861813
25	173	0.873402
25	178	1.30388
25	180	0.886013
26	81	0.875404
26	124	0.845003
26	137	0.871585
26	138	1.25706
26	139	0.883797
26	140	0.879717
26	144	0.848873
26	152	1.35876
26	155	0.856543
26	164	1.30041
26	167	0.867704
26	174	0.871373
26	175	1.29142
27	45	0.844893
27	98	1.28437
27	123	0.887017
27	146	0.858066
27	158	0.864891
27	159	1.30362
27	161	0.866976
27	166	0.874233
27	171	0.856045
27	172	1.31468
27	173	0.867634
27	174	1.30523
27	180	0.880245
28	29	1.04501
28	84	0.874763
28	111	1.46899
28	153	0.874599
28	157	0.878071
28	161	1.29213
28	163	1.38531
28	170	0.862076
28	172	0.86431
28	175	0.861991
28	176	0.860173
28	177	0.861032
28	179	0.862985
29	16	0.959528
29	17	0.913374
29	28	1.04501
29	71	1.20948
29	80	0.989875
29	95	0.993023
29	132	1.00287
29	142	0.997389
29	158	0.981005
29	161	0.98309
29	165	0.981728
29	169	0.978232
29	171	0.972159
30	61	1.39338
30	126	0.87873
30	132	1.24852
30	139	1.26296
30	142	0.880395
30	158	0.864011
30	161	0.866096
30	166	0.873353
30	168	0.854258
30	169	0.861238
30	171	0.855165
30	173	0.866754
30	176	1.29971
31	9	0.904078
31	122	0.847187
31	126	0.87611
31	141	1.33449
31	146	0.854565
31	151	0.853906
31	156	1.28152
31	160	1.29538
31	166	0.870732
31	171	0.852544
31	173	0.864133
31	174	1.29628
31	180	0.876744
32	3	1.20107
32	124	0.850369
32	139	0.889163
32	144	0.85424
32	147	0.859448
32	155	0.861909
32	159	1.36771
32	163	0.862498
32	166	1.2719
32	167	0.87307
32	174	0.87674
32	178	0.872564
32	179	1.36095
33	23	1.31897
33	136	0.839518
33	137	1.334
33	143	0.866226
33	148	0.874904
33	154	0.878858
33	158	1.26977
33	165	1.2719
33	170	0.862068
33	172	0.864301
33	175	0.861983
33	179	0.862976
33	180	0.889166
34	42	0.855314
34	83	0.867218
34	86	0.86757
34	126	1.24994
34	132	1.29178
34	133	0.862159
34	143	0.860877
34	148	0.869555
34	154	0.873509
34	164	1.31404
34	167	0.859982
34	174	1.34806
34	180	0.883817
35	64	1.37781
35	85	1.20905
35	126	0.877486
35	142	0.879151
35	145	0.863612
35	146	0.855942
35	150	1.2881
35	158	0.862768
35	165	0.86349
35	171	0.853921
35	173	0.86551
35	174	1.33353
35	180	0.878121
36	37	1.36865
36	81	1.25769
36	157	0.879022
36	160	0.867775
36	163	1.29231
36	164	0.872933
36	168	0.86502
36	171	1.27518
36	172	0.865261
36	175	0.862943
36	176	0.861125
36	177	0.861984
36	179	0.863936
37	6	0.901705
37	36	1.36865
37	44	0.83419
37	81	0.844131
37	105	0.836916
37	106	1.46775
37	107	0.82703
37	144	0.817601
37	155	0.82527
37	162	0.836625
37	167	0.836432
37	169	1.39331
37	174	0.840101
37	180	1.36931
38	11	0.78629
38	82	0.845857
38	109	0.81585
38	128	0.846275
38	133	0.844797
38	143	0.843516
38	145	1.38245
38	148	0.852193
38	154	0.856147
38	158	1.36671
38	159	1.43941
38	167	0.84262
38	177	1.41506
38	180	0.866455
39	49	0.792011
39	50	0.882274
39	84	1.3451
39	86	0.839489
39	109	0.80513
39	113	0.868404
39	116	0.837258
39	143	0.832796
39	148	0.841474
39	152	1.43973
39	154	0.845428
39	174	1.41539
39	179	1.40703
39	180	0.855736
40	96	0.922454
40	111	0.929928
40	124	0.919873
40	129	1.09585
40	131	1.10027
40	136	1.18545
40	137	0.946456
40	141	0.943758
40	144	0.923744
40	147	0.928952
40	152	1.11702
40	162	0.942768
40	170	1.11099
40	178	0.942068
41	78	0.875967
41	85	1.31383
41	88	1.48348
41	107	0.833315
41	124	0.820015
41	137	0.846598
41	147	0.829094
41	149	1.41704
41	155	0.831555
41	163	0.832144
41	167	0.842717
41	168	1.39396
41	174	0.846386
41	178	0.84221
42	11	0.781229
42	34	0.855314
42	83	0.844795
42	128	0.841214
42	131	0.849217
42	133	0.839736
42	143	0.838455
42	154	0.851086
42	159	1.41764
42	167	0.837559
42	169	1.33676
42	170	1.43755
42	178	1.41561
42	180	0.861394
43	82	0.835487
43	83	0.839486
43	116	0.837608
43	131	0.843908
43	133	0.834427
43	138	1.38764
43	143	0.833146
43	148	0.841824
43	154	0.845777
43	157	1.37614
43	167	0.83225
43	169	1.38252
43	178	1.46136
43	180	0.856086
44	19	1.32606
44	37	0.83419
44	137	0.843866
44	139	0.856078
44	140	0.851998
44	144	0.821154
44	147	0.826362
44	155	0.828823
44	156	0.854395
44	164	1.4329
44	168	1.42257
44	174	0.843654
44	175	1.42392
44	178	0.839479
45	27	0.844893
45	89	0.820287
45	115	0.849552
45	156	1.40456
45	158	0.839192
45	161	0.841277
45	166	0.848534
45	168	0.829439
45	171	0.830345
45	173	0.841934
45	175	1.37631
45	178	1.41567
45	179	1.41095
45	180	0.854546
46	83	0.815513
46	86	0.815866
46	97	0.843384
46	116	0.813634
46	118	1.46643
46	128	0.811932
46	133	0.810454
46	143	0.809173
46	148	0.81785
46	154	0.821804
46	159	1.53475
46	167	0.808277
46	168	1.492
46	177	1.51039
46	180	0.832112
47	57	0.90578
47	64	1.25287
47	108	1.09571
47	119	0.890758
47	123	0.917803
47	142	0.912061
47	158	0.895677
47	159	1.20699
47	162	1.23581
47	163	0.876623
47	166	0.905019
47	171	0.88683
47	172	1.21804
47	173	0.898419
47	180	0.911031
48	82	1.47746
48	121	0.854188
48	147	1.61283
48	157	0.826723
48	159	0.814955
48	160	0.815476
48	161	1.45998
48	162	0.814185
48	164	0.820634
48	170	0.810729
48	172	0.812962
48	176	0.808826
48	177	0.809685
48	179	0.811637
48	180	1.44337
49	39	0.792011
49	52	1.32939
49	68	0.889594
49	82	0.805573
49	97	0.837443
49	116	0.807694
49	128	0.805992
49	133	0.804514
49	136	1.64913
49	143	0.803233
49	148	0.81191
49	154	0.815864
49	168	1.51201
49	175	1.51336
49	180	0.826172
50	39	0.882274
50	54	0.910509
50	82	0.895836
50	83	0.899836
50	116	0.897957
50	120	1.34503
50	121	1.0658
50	128	0.896254
50	148	0.902173
50	154	0.906127
50	167	0.8926
50	169	1.14863
50	178	1.22747
50	179	1.22276
50	180	0.916435
51	11	1.39508
51	53	0.844966
51	105	1.13958
51	109	1.15008
51	144	1.16051
51	155	1.14789
51	161	0.913268
51	164	0.909344
51	166	0.920525
51	171	0.902337
51	173	0.913926
51	175	0.899354
51	176	0.897536
51	177	0.898395
51	179	0.900348
52	49	1.32939
52	63	0.899099
52	105	0.897618
52	112	1.25161
52	132	1.11289
52	155	0.885972
52	161	0.9077
52	163	0.886561
52	164	1.13515
52	165	0.906338
52	166	0.914957
52	171	0.896769
52	172	1.17861
52	173	0.908358
52	178	0.896628
53	22	0.809298
53	51	0.844966
53	121	1.48988
53	130	0.793682
53	142	0.809357
53	146	0.786148
53	152	0.779396
53	158	0.792973
53	160	1.6543
53	165	0.793696
53	166	0.802315
53	171	0.784126
53	173	0.795715
53	175	1.61219
53	178	1.65155
53	180	0.808327
54	3	1.19157
54	16	1.26019
54	50	0.910509
54	79	0.877623
54	82	0.863372
54	86	0.867724
54	97	0.895242
54	103	1.31875
54	109	0.833366
54	128	0.86379
54	143	0.861032
54	145	1.30125
54	148	0.869709
54	154	0.873663
54	177	1.33385
54	180	0.883971
55	72	0.853177
55	114	0.882559
55	121	1.15855
55	145	0.876038
55	152	0.861616
55	156	1.3091
55	158	0.875193
55	163	0.856139
55	165	0.875916
55	166	0.884535
55	171	0.866346
55	173	0.877935
55	174	1.32385
55	177	1.29789
55	178	1.32021
55	180	0.890547
56	76	1.7063
56	86	1.55437
56	103	0.814608
56	107	1.61569
56	138	0.826991
56	141	0.796144
56	157	0.807693
56	164	0.801603
56	165	1.51558
56	168	0.79369
56	169	0.800669
56	172	0.793932
56	175	0.791613
56	176	0.789795
56	177	0.790654
56	179	0.792607
57	47	0.90578
57	131	1.27578
57	133	1.27994
57	135	0.874033
57	136	1.36095
57	142	0.885677
57	146	0.862468
57	149	1.24692
57	158	0.869293
57	161	0.871378
57	163	0.850239
57	165	0.870016
57	166	0.878635
57	171	0.860446
57	173	0.872035
57	177	1.24223
58	85	0.881736
58	108	0.906474
58	122	1.28344
58	133	1.31615
58	148	1.22708
58	152	0.865038
58	159	0.871097
58	167	1.31545
58	170	0.86687
58	173	1.24945
58	174	0.873802
58	175	0.866785
58	176	0.864967
58	177	0.865826
58	178	0.869627
58	179	0.867779
59	11	0.782016
59	68	0.925604
59	83	0.845582
59	97	0.873453
59	106	1.37633
59	109	0.811576
59	113	0.87485
59	116	0.843703
59	128	0.842001
59	143	0.839242
59	148	0.847919
59	154	0.851873
59	162	1.41159
59	168	1.34002
59	169	1.30189
59	179	1.37601
59	180	0.862181
60	1	1.01472
60	90	0.917688
60	97	1.03596
60	119	1.19483
60	143	1.24277
60	150	0.930281
60	160	0.929343
60	164	0.934501
60	167	1.18578
60	169	0.933567
60	172	0.92683
60	173	1.11977
60	174	0.931528
60	175	0.924511
60	176	0.922693
60	177	0.923552
60	179	0.925505
61	15	1.2942
61	30	1.39338
61	107	0.841045
61	115	1.34121
61	137	0.854328
61	140	0.86246
61	147	0.836824
61	157	0.863178
61	159	0.851411
61	166	1.3873
61	170	0.847184
61	174	0.854116
61	176	0.845281
61	177	0.84614
61	178	0.84994
61	179	0.848092
61	180	1.37824
62	7	0.808871
62	101	1.38139
62	107	0.848425
62	111	0.845181
62	117	1.19485
62	139	0.873919
62	140	0.86984
62	144	0.838996
62	145	1.38066
62	147	0.844204
62	155	0.846665
62	163	0.847254
62	167	0.857827
62	168	1.39487
62	170	1.45753
62	174	0.861496
62	178	0.857321
63	52	0.899099
63	100	0.864406
63	102	1.37965
63	104	0.869309
63	111	0.831546
63	117	1.19909
63	124	0.821491
63	140	0.856206
63	147	0.83057
63	155	0.833031
63	156	0.858602
63	161	1.35359
63	167	0.844192
63	174	0.847862
63	176	1.43837
63	178	0.843686
63	179	1.4351
64	35	1.37781
64	47	1.25287
64	100	0.869041
64	107	0.839426
64	133	1.45218
64	137	0.852709
64	156	0.863237
64	160	0.850312
64	162	0.849021
64	165	1.36825
64	166	1.34301
64	172	0.847798
64	175	0.84548
64	176	0.843662
64	177	0.844521
64	178	0.848321
64	179	0.846473
65	69	0.85748
65	85	0.861498
65	136	0.824082
65	157	0.862626
65	159	0.850859
65	161	1.34098
65	164	0.856537
65	166	1.33343
65	170	0.846632
65	171	1.41703
65	172	0.848865
65	173	1.3759
65	174	0.853564
65	176	0.844729
65	177	0.845588
65	179	0.84754
65	180	1.32436
66	67	0.848488
66	76	0.81064
66	91	1.38249
66	103	1.33906
66	115	0.865207
66	127	0.827576
66	135	0.859587
66	151	0.847363
66	157	1.29126
66	158	0.854847
66	161	0.856932
66	162	1.40735
66	165	0.85557
66	171	0.846
66	172	1.38958
66	173	0.857589
66	180	0.870201
67	66	0.848488
67	91	1.40339
67	108	1.28814
67	135	0.857572
67	137	0.848231
67	139	0.860442
67	155	0.833188
67	162	0.844543
67	163	0.833777
67	164	1.36701
67	166	0.862173
67	171	0.843985
67	173	0.855574
67	175	1.35803
67	178	0.843843
67	179	1.39267
67	180	0.868185
68	11	0.873154
68	49	0.889594
68	59	0.925604
68	79	0.946971
68	109	0.902714
68	125	0.963951
68	127	1.26871
68	128	0.933139
68	138	1.06454
68	148	0.939057
68	154	0.943011
68	156	1.12715
68	167	0.929484
68	168	1.09756
68	172	1.15135
68	175	1.0989
68	180	0.95332
69	4	0.807469
69	25	1.34363
69	65	0.85748
69	86	1.39886
69	94	0.884592
69	114	1.36362
69	153	0.859072
69	159	0.850776
69	160	0.851297
69	164	0.856455
69	165	1.36007
69	172	0.848783
69	175	0.846465
69	176	0.844647
69	177	0.845506
69	179	0.847458
69	180	1.32577
70	74	1.33572
70	88	0.893883
70	93	0.875733
70	135	1.15977
70	150	0.904876
70	155	1.28095
70	157	0.915186
70	158	1.11997
70	159	0.903418
70	162	0.902647
70	164	0.909097
70	167	1.20533
70	170	0.899191
70	172	0.901425
70	175	0.899106
70	176	0.897289
70	177	0.898148
70	180	1.08779
71	29	1.20948
71	75	1.59622
71	115	1.40296
71	124	0.811614
71	137	0.838197
71	146	1.54288
71	147	0.820693
71	155	0.823154
71	157	0.847047
71	160	0.835799
71	167	0.834315
71	172	0.833286
71	175	0.830967
71	176	0.82915
71	177	0.830009
71	178	0.833809
71	179	0.831961
71	180	1.43999
72	55	0.853177
72	83	1.45054
72	89	0.818268
72	92	0.80223
72	118	0.828674
72	127	0.809903
72	130	0.837883
72	146	0.830348
72	148	1.40369
72	151	0.829689
72	157	1.39213
72	158	0.837174
72	160	1.4801
72	165	0.837897
72	166	0.846515
72	171	0.828327
72	173	0.839916
72	178	1.47736
73	19	1.08775
73	82	0.893308
73	97	0.925177
73	109	0.863301
73	112	0.869833
73	113	0.926574
73	116	0.895428
73	125	0.924538
73	128	0.893726
73	143	0.890967
73	148	0.899644
73	152	1.25295
73	154	0.903598
73	156	1.21386
73	168	1.18426
73	170	1.24691
73	176	1.22353
73	180	0.913906
74	24	1.38856
74	70	1.33572
74	85	1.41311
74	106	0.819217
74	113	0.857227
74	133	0.8229
74	134	0.841603
74	135	0.833946
74	143	0.821619
74	151	0.821721
74	154	0.834251
74	159	1.53599
74	165	0.829928
74	167	0.820724
74	171	0.820358
74	173	0.831947
74	176	1.5325
74	180	0.844559
75	16	1.34626
75	71	1.59622
75	80	1.37661
75	106	0.820483
75	126	0.84519
75	130	0.831181
75	134	0.84287
75	141	1.4841
75	151	0.822987
75	158	0.830471
75	161	0.832556
75	165	0.831194
75	166	0.839813
75	168	0.820719
75	169	0.827698
75	171	0.821625
75	173	0.833214
75	175	1.40288
76	25	0.826453
76	56	1.7063
76	66	0.81064
76	84	1.44439
76	110	0.79706
76	119	0.810065
76	126	0.829702
76	132	1.45841
76	135	0.819724
76	145	0.815828
76	146	0.808158
76	150	1.46925
76	152	0.801407
76	161	0.817068
76	165	0.815707
76	166	0.824325
76	167	1.52574
76	171	0.806137
76	173	0.817726
77	23	0.843046
77	87	1.46498
77	96	0.792895
77	100	0.833229
77	107	0.803614
77	112	1.60542
77	124	0.790314
77	137	0.816897
77	139	0.829108
77	140	0.825029
77	144	0.794185
77	155	0.801854
77	156	0.827425
77	162	0.813209
77	164	1.48895
77	172	1.53242
77	174	0.816685
77	176	1.51788
77	178	0.812509
78	41	0.875967
78	81	0.883177
78	94	1.19121
78	96	0.855357
78	100	0.895691
78	120	1.41126
78	121	1.13204
78	139	0.89157
78	140	0.88749
78	147	0.861855
78	152	1.32168
78	155	0.864316
78	156	0.889887
78	162	0.87567
78	163	0.864904
78	164	1.26333
78	174	0.879146
78	176	1.29226
78	178	0.874971
79	54	0.877623
79	68	0.946971
79	86	0.867302
79	97	0.89482
79	109	0.832944
79	113	0.896217
79	116	0.865071
79	131	0.871371
79	133	0.861891
79	148	0.869287
79	149	1.27001
79	154	0.873241
79	162	1.3185
79	164	1.25726
79	167	0.859714
79	169	1.2088
79	174	1.29128
79	177	1.26532
79	180	0.883549
80	29	0.989875
80	75	1.37661
80	132	0.909143
80	138	0.902219
80	150	0.872611
80	151	1.31129
80	156	0.884599
80	160	0.871673
80	162	0.870382
80	163	1.33018
80	164	0.876831
80	169	0.875897
80	170	0.866926
80	171	1.31305
80	172	0.86916
80	173	1.27191
80	175	0.866841
80	177	0.865882
80	179	0.867835
81	20	0.908715
81	26	0.875404
81	36	1.25769
81	37	0.844131
81	78	0.883177
81	100	0.87014
81	107	0.840525
81	129	1.368
81	137	0.853808
81	140	0.86194
81	144	0.831096
81	145	1.30627
81	153	1.33932
81	155	0.838765
81	160	1.36394
81	163	0.839354
81	167	0.849927
81	172	1.37428
81	174	0.853596
81	178	0.849421
82	38	0.845857
82	43	0.835487
82	48	1.47746
82	49	0.805573
82	50	0.895836
82	54	0.863372
82	73	0.893308
82	86	0.853052
82	103	1.28268
82	113	0.881967
82	128	0.849118
82	133	0.84764
82	145	1.26518
82	148	0.855037
82	154	0.85899
82	159	1.32214
82	167	0.845463
82	170	1.34205
82	178	1.32011
82	180	0.869299
83	34	0.867218
83	42	0.844795
83	43	0.839486
83	46	0.815513
83	50	0.899836
83	59	0.845582
83	72	1.45054
83	108	1.2528
83	113	0.885966
83	116	0.85482
83	130	1.32739
83	133	0.85164
83	143	0.850359
83	148	0.859036
83	154	0.86299
83	167	0.849463
83	168	1.32133
83	173	1.31073
83	177	1.33972
83	180	0.873298
84	28	0.874763
84	39	1.3451
84	76	1.44439
84	106	1.31781
84	114	1.25722
84	138	0.883682
84	143	1.3939
84	149	0.864748
84	153	0.860911
84	157	0.864383
84	159	0.852615
84	160	0.853136
84	161	1.23598
84	170	0.848388
84	172	0.850622
84	174	0.855321
84	175	0.848304
84	176	0.846486
84	177	0.847345
84	179	0.849297
85	19	0.915125
85	35	1.20905
85	41	1.31383
85	58	0.881736
85	65	0.861498
85	74	1.41311
85	88	0.845259
85	92	1.45359
85	124	1.38838
85	136	0.828018
85	159	0.854794
85	168	0.852559
85	170	0.850567
85	172	0.852801
85	173	1.21671
85	174	0.857499
85	175	0.850482
85	176	0.848664
85	177	0.849523
85	179	0.851476
86	34	0.86757
86	39	0.839489
86	46	0.815866
86	54	0.867724
86	56	1.55437
86	69	1.39886
86	79	0.867302
86	82	0.853052
86	97	0.884922
86	116	0.855173
86	117	1.11838
86	133	0.851992
86	143	0.850711
86	148	0.859389
86	154	0.863342
86	167	0.849815
86	168	1.3184
86	169	1.28027
86	177	1.33679
86	180	0.873651
87	2	1.22233
87	8	0.899393
87	19	0.902742
87	77	1.46498
87	107	1.36609
87	108	0.877789
87	138	0.873477
87	149	0.854543
87	153	0.850707
87	155	1.42483
87	157	0.854179
87	160	0.842931
87	162	0.84164
87	164	0.848089
87	168	0.840176
87	173	1.28321
87	175	0.838099
87	177	0.83714
87	179	0.839093
87	180	1.23167
88	41	1.48348
88	70	0.893883
88	85	0.845259
88	99	0.847772
88	100	1.40127
88	134	1.33764
88	142	1.3376
88	149	0.846752
88	157	0.846388
88	159	0.83462
88	163	1.44463
88	168	0.832385
88	170	0.830393
88	172	0.832626
88	173	1.38637
88	174	0.837325
88	175	0.830308
88	176	0.82849
88	177	0.829349
88	178	0.83315
88	179	0.831302
89	8	1.35585
89	45	0.820287
89	72	0.818268
89	119	0.835366
89	122	0.826081
89	123	0.862411
89	125	1.2903
89	126	0.855003
89	130	0.840994
89	135	0.845025
89	146	0.833459
89	157	1.3859
89	161	0.842369
89	165	0.841008
89	166	0.849626
89	171	0.831438
89	173	0.843027
89	174	1.47476
89	175	1.43176
89	178	1.47112
89	180	0.855638
90	60	0.917688
90	118	1.35268
90	131	0.843713
90	135	1.3881
90	136	0.806243
90	138	0.864086
90	139	1.38076
90	149	0.845152
90	156	0.846465
90	160	0.83354
90	163	1.42591
90	164	0.838698
90	167	1.43366
90	170	0.828793
90	171	1.40879
90	172	0.831026
90	175	0.828708
90	176	0.82689
90	177	0.827749
90	178	0.831549
90	179	0.829701
91	25	1.30988
91	66	1.38249
91	67	1.40339
91	105	1.47686
91	108	0.870738
91	129	0.849284
91	138	0.866426
91	144	1.49779
91	150	0.836818
91	153	0.843656
91	158	1.3242
91	159	0.83536
91	160	0.83588
91	164	0.841038
91	170	0.831133
91	172	0.833367
91	175	0.831048
91	176	0.82923
91	177	0.830089
91	178	0.83389
91	179	0.832042
92	9	0.866934
92	13	1.35442
92	24	1.42904
92	72	0.80223
92	85	1.45359
92	106	0.814258
92	115	0.834606
92	118	0.815747
92	122	0.810043
92	125	1.39361
92	136	1.67084
92	142	0.84063
92	146	0.817421
92	148	1.50076
92	151	0.816762
92	161	0.826331
92	165	0.824969
92	166	0.833588
92	168	0.814494
92	171	0.8154
92	173	0.826989
92	180	0.8396
93	19	0.876801
93	70	0.875733
93	102	0.832304
93	110	1.53762
93	126	1.38685
93	143	1.55302
93	145	0.824832
93	149	0.828602
93	153	0.824766
93	158	1.41066
93	159	0.81647
93	160	0.81699
93	162	0.815699
93	163	1.48828
93	165	1.41279
93	168	0.814235
93	170	0.812243
93	172	0.814476
93	175	0.812158
93	176	0.81034
93	177	0.811199
93	179	0.813152
94	16	0.924697
94	69	0.884592
94	78	1.19121
94	99	0.891123
94	106	1.28197
94	111	1.377
94	114	1.22138
94	136	0.851195
94	140	1.30349
94	149	0.890103
94	154	1.22165
94	159	0.877971
94	160	0.878491
94	166	1.19259
94	168	0.875736
94	170	0.873744
94	172	0.875978
94	174	0.880676
94	176	0.871841
94	177	0.8727
94	178	0.876501
94	179	0.874653
95	19	1.15654
95	29	0.993023
95	114	0.878573
95	115	0.881568
95	122	0.857005
95	130	0.871917
95	132	1.24112
95	134	0.883606
95	145	0.872053
95	149	1.27614
95	161	0.873293
95	163	0.852154
95	165	0.871931
95	166	0.88055
95	168	0.861455
95	171	0.862361
95	173	0.87395
95	174	1.2974
95	175	1.2544
95	176	1.29231
95	178	1.29376
95	180	0.886562
96	40	0.922454
96	77	0.792895
96	78	0.855357
96	99	1.51465
96	105	0.82259
96	111	0.80946
96	117	1.34155
96	124	0.799405
96	125	1.40146
96	140	0.83412
96	141	0.82329
96	144	0.803276
96	147	0.808484
96	155	0.810945
96	156	0.836516
96	157	1.49706
96	158	1.51162
96	162	0.8223
96	163	0.811534
96	168	1.54157
96	174	0.825776
96	178	0.8216
97	17	1.51909
97	46	0.843384
97	49	0.837443
97	54	0.895242
97	59	0.873453
97	60	1.03596
97	73	0.925177
97	79	0.89482
97	86	0.884922
97	109	0.850563
97	128	0.880988
97	133	0.87951
97	137	1.2473
97	143	0.878229
97	148	0.886906
97	154	0.89086
97	162	1.2846
97	167	0.877333
97	168	1.21303
97	176	1.25229
97	178	1.25374
97	180	0.901168
98	20	1.20422
98	27	1.28437
98	103	0.875771
98	129	0.871012
98	132	0.895079
98	134	1.27161
98	138	0.888155
98	146	1.37169
98	150	0.858547
98	151	1.3597
98	159	0.857089
98	160	0.857609
98	163	1.3786
98	164	0.862767
98	168	0.854854
98	169	0.861833
98	170	0.852862
98	172	0.855096
98	173	1.32033
98	175	0.852777
98	176	0.850959
98	177	0.851818
98	179	0.853771
99	88	0.847772
99	94	0.891123
99	96	1.51465
99	102	0.873141
99	108	0.892684
99	116	1.33581
99	142	1.22116
99	146	1.32128
99	149	0.869439
99	154	1.25652
99	157	0.869074
99	159	0.857307
99	164	0.862985
99	166	1.22746
99	169	0.862051
99	170	0.85308
99	171	1.31106
99	172	0.855313
99	175	0.852995
99	176	0.851177
99	177	0.852036
99	178	0.855836
99	179	0.853988
100	14	1.22456
100	63	0.864406
100	64	0.869041
100	77	0.833229
100	78	0.895691
100	81	0.87014
100	88	1.40127
100	104	0.887557
100	111	0.849795
100	119	1.37621
100	124	0.839739
100	137	0.866322
100	139	0.878533
100	144	0.84361
100	145	1.29753
100	147	0.848818
100	152	1.38043
100	162	0.862634
100	167	0.862441
100	169	1.27361
100	174	0.86611
100	178	0.861934
100	180	1.24961
101	62	1.38139
101	102	0.879401
101	112	0.842364
101	120	0.850959
101	137	1.32822
101	139	1.29646
101	146	1.33471
101	148	1.26099
101	149	0.875699
101	157	0.875335
101	158	1.264
101	159	0.863567
101	160	0.864087
101	162	0.862796
101	168	0.861332
101	169	0.868311
101	170	0.85934
101	171	1.32449
101	172	0.861573
101	175	0.859255
101	176	0.857437
101	177	0.858296
101	179	0.860249
102	63	1.37965
102	93	0.832304
102	99	0.873141
102	101	0.879401
102	113	1.21512
102	132	0.897979
102	142	1.22862
102	147	1.3953
102	150	0.861447
102	151	1.31676
102	153	0.868285
102	157	0.871757
102	163	1.33565
102	168	0.857754
102	169	0.864733
102	170	0.855762
102	171	1.31852
102	172	0.857995
102	175	0.855677
102	176	0.853859
102	177	0.854718
102	178	0.858519
102	179	0.856671
103	54	1.31875
103	56	0.814608
103	66	1.33906
103	82	1.28268
103	98	0.875771
103	127	1.48188
103	138	0.893904
103	145	0.8712
103	150	0.864296
103	157	0.874605
103	160	0.863358
103	161	1.26521
103	164	0.868516
103	166	1.25766
103	168	0.860602
103	170	0.858611
103	172	0.860844
103	175	0.858526
103	176	0.856708
103	177	0.857567
103	178	0.861367
103	179	0.859519
103	180	1.24859
104	7	0.818388
104	63	0.869309
104	100	0.887557
104	105	0.867828
104	107	0.857942
104	120	1.42377
104	124	0.844642
104	137	0.871225
104	139	0.883436
104	141	0.868527
104	144	0.848513
104	147	0.853721
104	155	0.856182
104	159	1.30824
104	162	0.867537
104	167	0.867344
104	169	1.22737
104	170	1.32815
104	172	1.3193
104	174	0.871013
104	176	1.30476
104	178	0.866837
104	179	1.30149
105	5	1.2887
105	6	0.907985
105	21	1.38619
105	37	0.836916
105	51	1.13958
105	52	0.897618
105	91	1.47686
105	96	0.82259
105	104	0.867828
105	107	0.833309
105	111	0.830065
105	140	0.854724
105	141	0.843894
105	144	0.82388
105	147	0.829088
105	155	0.831549
105	156	0.857121
105	160	1.47361
105	163	0.832138
105	167	0.842711
105	169	1.39202
105	174	0.84638
105	177	1.44854
105	178	0.842205
106	3	0.892313
106	22	0.865527
106	37	1.46775
106	59	1.37633
106	74	0.819217
106	75	0.820483
106	84	1.31781
106	92	0.814258
106	94	1.28197
106	110	0.831278
106	115	0.859561
106	142	0.865585
106	146	0.842376
106	151	0.841717
106	158	0.849202
106	161	0.851286
106	165	0.849925
106	166	0.858544
106	169	0.846428
106	171	0.840355
106	172	1.39755
106	173	0.851944
106	178	1.38446
106	179	1.37974
107	17	1.68578
107	37	0.82703
107	41	0.833315
107	56	1.61569
107	61	0.841045
107	62	0.848425
107	64	0.839426
107	77	0.803614
107	81	0.840525
107	87	1.36609
107	104	0.857942
107	105	0.833309
107	111	0.820179
107	117	1.1797
107	139	0.848918
107	140	0.844838
107	141	0.834009
107	144	0.813994
107	149	1.40281
107	155	0.821664
107	162	0.833019
107	163	0.822253
107	169	1.34159
107	174	0.836494
107	179	1.41571
108	47	1.09571
108	58	0.906474
108	67	1.28814
108	83	1.2528
108	87	0.877789
108	91	0.870738
108	99	0.892684
108	120	0.866924
108	121	0.918765
108	127	1.41006
108	130	1.24497
108	140	1.29673
108	150	0.88099
108	157	0.8913
108	160	0.880053
108	169	0.884277
108	170	0.875305
108	172	0.877539
108	173	1.22831
108	175	0.875221
108	176	0.873403
108	177	0.874262
108	178	0.878062
108	179	0.876214
108	180	1.17677
109	38	0.81585
109	39	0.80513
109	51	1.15008
109	54	0.833366
109	59	0.811576
109	68	0.902714
109	73	0.863301
109	79	0.832944
109	97	0.850563
109	113	0.85196
109	116	0.820814
109	119	1.50512
109	125	0.849923
109	128	0.819111
109	133	0.817634
109	143	0.816352
109	148	0.82503
109	154	0.828984
109	156	1.47026
109	167	0.815457
109	168	1.44066
109	170	1.50331
109	176	1.47992
109	177	1.45905
109	180	0.839292
110	18	0.788763
110	21	1.36047
110	76	0.79706
110	93	1.53762
110	106	0.831278
110	114	0.848632
110	119	0.836348
110	122	0.827063
110	127	0.813996
110	130	0.841976
110	131	1.45638
110	134	0.853665
110	153	1.42328
110	157	1.35993
110	161	0.843351
110	163	0.822212
110	165	0.84199
110	166	0.850608
110	168	0.831514
110	169	0.838493
110	171	0.83242
110	173	0.844009
110	174	1.44879
110	177	1.42283
110	180	0.85662
111	28	1.46899
111	40	0.929928
111	62	0.845181
111	63	0.831546
111	94	1.377
111	96	0.80946
111	100	0.849795
111	105	0.830065
111	107	0.820179
111	124	0.80688
111	137	0.833462
111	138	1.40577
111	139	0.845673
111	140	0.841594
111	144	0.81075
111	147	0.815958
111	155	0.818419
111	162	0.829774
111	163	0.819008
111	168	1.43878
111	169	1.40065
111	174	0.83325
111	175	1.44013
111	176	1.47804
111	178	0.829075
112	52	1.25161
112	73	0.869833
112	77	1.60542
112	101	0.842364
112	113	0.858492
112	118	1.40867
112	122	1.45764
112	125	0.856455
112	129	0.836876
112	133	0.824165
112	143	0.822884
112	148	0.831561
112	149	0.835085
112	151	1.46301
112	154	0.835515
112	159	0.822952
112	162	0.822182
112	166	1.38118
112	167	0.821988
112	170	0.818725
112	173	1.42364
112	175	0.818641
112	176	0.816823
112	179	0.819634
112	180	0.845824
113	39	0.868404
113	59	0.87485
113	73	0.926574
113	74	0.857227
113	79	0.896217
113	82	0.881967
113	83	0.885966
113	102	1.21512
113	109	0.85196
113	112	0.858492
113	116	0.884088
113	128	0.882385
113	129	1.28209
113	131	0.890388
113	134	1.17526
113	143	0.879626
113	148	0.888303
113	154	0.892257
113	156	1.26417
113	167	0.87873
113	176	1.27384
113	177	1.25297
113	178	1.27529
113	179	1.27057
113	180	0.902565
114	18	0.814052
114	55	0.882559
114	69	1.36362
114	84	1.25722
114	94	1.22138
114	95	0.878573
114	110	0.848632
114	119	0.861637
114	123	0.888682
114	126	0.881275
114	127	0.839285
114	131	1.3351
114	135	0.871296
114	138	1.25015
114	142	0.882939
114	158	0.866556
114	159	1.3259
114	161	0.86864
114	165	0.867279
114	166	0.875897
114	169	0.863782
114	171	0.857709
114	172	1.33696
114	173	0.869298
114	179	1.31915
114	180	0.881909
115	4	1.5403
115	45	0.849552
115	61	1.34121
115	66	0.865207
115	71	1.40296
115	92	0.834606
115	95	0.881568
115	106	0.859561
115	118	0.86105
115	121	1.08732
115	126	0.884269
115	130	0.870259
115	132	1.19635
115	134	0.881948
115	136	1.34539
115	151	0.862065
115	158	0.86955
115	160	1.25173
115	161	0.871634
115	165	0.870273
115	166	0.878891
115	168	0.859797
115	169	0.866776
115	171	0.860703
115	173	0.872292
115	179	1.24427
116	12	1.20664
116	14	1.27553
116	39	0.837258
116	43	0.837608
116	46	0.813634
116	49	0.807694
116	50	0.897957
116	59	0.843703
116	73	0.895428
116	79	0.865071
116	83	0.85482
116	86	0.855173
116	99	1.33581
116	109	0.820814
116	113	0.884088
116	128	0.851239
116	133	0.849761
116	143	0.84848
116	148	0.857157
116	149	1.38581
116	152	1.43141
116	154	0.861111
116	167	0.847584
116	174	1.40707
116	175	1.36407
116	178	1.40343
116	180	0.871419
117	62	1.19485
117	63	1.19909
117	86	1.11838
117	96	1.34155
117	107	1.1797
117	124	1.26849
117	127	0.876356
117	139	1.10993
117	143	1.21982
117	150	0.897568
117	153	0.904406
117	157	0.907877
117	158	0.903627
117	161	0.905712
117	164	0.901788
117	165	0.90435
117	166	0.912969
117	167	1.16283
117	168	0.893875
117	169	0.900854
117	170	0.891883
117	173	0.90637
117	174	0.898815
117	175	0.891798
117	176	0.88998
117	179	0.892791
117	180	0.918981
118	1	0.892743
118	15	0.894294
118	46	1.46643
118	72	0.828674
118	90	1.35268
118	92	0.815747
118	112	1.40867
118	115	0.86105
118	119	0.845771
118	127	0.823419
118	130	0.8514
118	134	0.863089
118	135	0.855431
118	142	0.867074
118	149	1.30496
118	151	0.843206
118	156	1.31147
118	158	0.85069
118	161	0.852775
118	165	0.851413
118	166	0.860032
118	169	0.847917
118	171	0.841844
118	173	0.853433
118	174	1.32622
118	176	1.32113
118	179	1.31786
119	12	1.21582
119	23	1.39114
119	25	0.86574
119	47	0.890758
119	60	1.19483
119	76	0.810065
119	89	0.835366
119	100	1.37621
119	109	1.50512
119	110	0.836348
119	114	0.861637
119	118	0.845771
119	134	0.866669
119	138	1.33889
119	145	0.855116
119	156	1.4015
119	158	0.854271
119	161	0.856356
119	163	0.835217
119	164	1.38223
119	165	0.854994
119	166	0.863613
119	168	0.844518
119	169	0.851498
119	171	0.845424
119	173	0.857013
119	180	0.869625
120	1	1.35006
120	10	1.28175
120	13	0.887719
120	50	1.34503
120	78	1.41126
120	101	0.850959
120	104	1.42377
120	108	0.866924
120	123	1.34902
120	129	0.845471
120	131	0.842241
120	145	0.839909
120	149	0.843679
120	153	0.839843
120	156	0.844993
120	157	0.843315
120	159	0.831547
120	160	0.832067
120	163	1.51337
120	164	0.837225
120	167	1.52112
120	170	0.82732
120	172	0.829554
120	175	0.827235
120	176	0.825417
120	177	0.826276
120	178	0.830077
120	179	0.828229
121	7	1.51107
121	48	0.854188
121	50	1.0658
121	53	1.48988
121	55	1.15855
121	78	1.13204
121	108	0.918765
121	115	1.08732
121	143	1.29888
121	145	0.89175
121	147	1.2938
121	149	0.89552
121	150	0.884846
121	152	0.877328
121	153	0.891684
121	157	0.895155
121	160	0.883908
121	162	0.882617
121	165	1.15865
121	168	0.881153
121	170	0.879161
121	172	0.881394
121	174	0.886093
121	175	0.879076
121	176	0.877258
121	177	0.878117
121	178	0.881917
121	179	0.880069
122	31	0.847187
122	58	1.28344
122	89	0.826081
122	92	0.810043
122	95	0.857005
122	110	0.827063
122	112	1.45764
122	123	0.867113
122	127	0.817716
122	129	1.37835
122	136	1.46795
122	141	1.4134
122	142	0.86137
122	143	1.44324
122	146	0.838161
122	151	0.837503
122	152	0.83141
122	158	0.844987
122	161	0.847072
122	163	0.825933
122	165	0.84571
122	166	0.854329
122	168	0.835234
122	169	0.842214
122	170	1.39349
122	171	0.83614
122	173	0.847729
122	178	1.37155
123	14	1.10356
123	27	0.887017
123	47	0.917803
123	89	0.862411
123	114	0.888682
123	120	1.34902
123	122	0.867113
123	129	1.23827
123	130	0.882026
123	134	0.893714
123	135	0.886057
123	137	1.22502
123	140	1.24858
123	141	1.27331
123	142	0.8977
123	143	1.30315
123	146	0.874491
123	151	0.873832
123	158	0.881316
123	161	0.883401
123	162	1.26232
123	164	1.20108
123	165	0.882039
123	166	0.890658
123	169	0.878543
123	171	0.872469
123	173	0.884058
123	180	0.89667
124	23	0.849556
124	26	0.845003
124	32	0.850369
124	40	0.919873
124	41	0.820015
124	63	0.821491
124	71	0.811614
124	77	0.790314
124	85	1.38838
124	96	0.799405
124	100	0.839739
124	104	0.844642
124	111	0.80688
124	117	1.26849
124	129	1.51603
124	136	1.60562
124	137	0.823407
124	139	0.835618
124	140	0.831539
124	141	0.820709
124	145	1.4543
124	150	1.46742
124	155	0.808364
124	157	1.42399
124	162	0.819719
124	167	0.819526
124	174	0.823195
124	177	1.4869
124	178	0.819019
125	68	0.963951
125	73	0.924538
125	89	1.2903
125	92	1.39361
125	96	1.40146
125	109	0.849923
125	112	0.856455
125	133	0.87887
125	142	1.10797
125	144	1.31097
125	146	1.20809
125	148	0.886266
125	153	0.885953
125	154	0.89022
125	159	0.877657
125	160	0.878178
125	161	1.12181
125	164	0.883336
125	167	0.876693
125	169	0.882402
125	170	0.87343
125	171	1.19787
125	173	1.15673
125	175	0.873345
125	176	0.871528
125	177	0.872387
125	179	0.874339
125	180	0.900529
126	21	1.2097
126	30	0.87873
126	31	0.87611
126	34	1.24994
126	35	0.877486
126	75	0.84519
126	76	0.829702
126	89	0.855003
126	93	1.38685
126	114	0.881275
126	115	0.884269
126	127	0.846638
126	130	0.874618
126	131	1.30561
126	134	0.886307
126	145	0.874754
126	150	1.25259
126	151	0.866425
126	161	0.875994
126	162	1.32524
126	165	0.874632
126	166	0.883251
126	168	0.864156
126	169	0.871136
126	170	1.31633
126	171	0.865062
126	176	1.29294
126	177	1.27206
126	180	0.889263
127	18	0.779416
127	66	0.827576
127	68	1.26871
127	72	0.809903
127	103	1.48188
127	108	1.41006
127	110	0.813996
127	114	0.839285
127	117	0.876356
127	118	0.823419
127	122	0.817716
127	126	0.846638
127	128	1.47385
127	135	0.836659
127	145	0.832764
127	146	0.825093
127	152	0.818342
127	156	1.50819
127	157	1.43408
127	158	0.831919
127	162	1.55016
127	163	0.812865
127	165	0.832642
127	166	0.841261
127	169	0.829146
127	171	0.823072
127	173	0.834661
127	175	1.47994
127	180	0.847273
128	38	0.846275
128	42	0.841214
128	46	0.811932
128	49	0.805992
128	50	0.896254
128	54	0.86379
128	59	0.842001
128	68	0.933139
128	73	0.893726
128	82	0.849118
128	97	0.880988
128	109	0.819111
128	113	0.882385
128	116	0.851239
128	127	1.47385
128	131	0.857539
128	133	0.848058
128	135	1.31255
128	140	1.36053
128	143	0.846777
128	145	1.28849
128	148	0.855455
128	150	1.30161
128	153	1.32153
128	154	0.859408
128	161	1.25718
128	167	0.845882
128	174	1.34705
128	176	1.34196
128	180	0.869717
129	40	1.09585
129	81	1.368
129	91	0.849284
129	98	0.871012
129	112	0.836876
129	113	1.28209
129	120	0.845471
129	122	1.37835
129	123	1.23827
129	124	1.51603
129	133	1.41106
129	136	0.831302
129	138	0.889145
129	141	0.858298
129	149	0.870211
129	150	0.859537
129	152	0.852019
129	157	0.869846
129	159	0.858078
129	160	0.858599
129	163	1.40262
129	164	0.863757
129	166	1.30189
129	169	0.862823
129	170	0.853852
129	175	0.853767
129	176	0.851949
129	177	0.852808
129	178	0.856608
129	179	0.85476
130	13	1.1342
130	53	0.793682
130	72	0.837883
130	75	0.831181
130	83	1.32739
130	89	0.840994
130	95	0.871917
130	108	1.24497
130	110	0.841976
130	115	0.870259
130	118	0.8514
130	123	0.882026
130	126	0.874618
130	134	0.872298
130	135	0.86464
130	141	1.39606
130	142	0.876283
130	144	1.45714
130	147	1.42082
130	158	0.8599
130	161	0.861984
130	162	1.38507
130	164	1.32383
130	165	0.860623
130	166	0.869241
130	168	0.850147
130	171	0.851053
130	173	0.862642
130	175	1.31485
130	180	0.875253
131	40	1.10027
131	42	0.849217
131	43	0.843908
131	57	1.27578
131	79	0.871371
131	90	0.843713
131	110	1.45638
131	113	0.890388
131	114	1.3351
131	120	0.842241
131	126	1.30561
131	128	0.857539
131	137	1.39365
131	143	0.85478
131	148	0.863458
131	150	0.856307
131	151	1.38815
131	154	0.867412
131	157	0.866616
131	159	0.854849
131	167	0.853885
131	171	1.38991
131	172	0.852855
131	173	1.34878
131	175	0.850537
131	176	0.848719
131	177	0.849578
131	178	0.853378
131	179	0.85153
131	180	0.87772
132	25	1.25124
132	29	1.00287
132	30	1.24852
132	34	1.29178
132	52	1.11289
132	76	1.45841
132	80	0.909143
132	95	1.24112
132	98	0.895079
132	102	0.897979
132	115	1.19635
132	145	0.890507
132	149	0.894277
132	152	0.876086
132	153	0.890441
132	157	0.893913
132	159	0.882145
132	160	0.882665
132	164	0.887823
132	166	1.24245
132	167	1.35092
132	168	0.87991
132	169	0.886889
132	170	0.877918
132	172	0.880152
132	174	0.88485
132	175	0.877833
132	176	0.876015
132	177	0.876874
132	178	0.880675
132	179	0.878827
133	34	0.862159
133	38	0.844797
133	42	0.839736
133	43	0.834427
133	46	0.810454
133	49	0.804514
133	57	1.27994
133	58	1.31615
133	64	1.45218
133	74	0.8229
133	79	0.861891
133	82	0.84764
133	83	0.85164
133	86	0.851992
133	97	0.87951
133	109	0.817634
133	112	0.824165
133	116	0.849761
133	125	0.87887
133	128	0.848058
133	129	1.41106
133	141	1.44611
133	143	0.8453
133	148	0.853977
133	153	1.38238
133	154	0.857931
133	156	1.39314
133	167	0.844404
133	169	1.32541
133	176	1.40281
133	180	0.868239
134	5	0.909653
134	9	0.914276
134	74	0.841603
134	75	0.84287
134	88	1.33764
134	95	0.883606
134	98	1.27161
134	110	0.853665
134	113	1.17526
134	115	0.881948
134	118	0.863089
134	119	0.866669
134	123	0.893714
134	126	0.886307
134	130	0.872298
134	146	0.864763
134	151	0.864104
134	152	0.858011
134	153	1.26696
134	158	0.871589
134	159	1.29086
134	160	1.29157
134	161	0.873673
134	165	0.872311
134	168	0.861836
134	170	1.31077
134	171	0.862742
134	173	0.874331
134	174	1.29247
134	176	1.28738
134	178	1.28883
134	180	0.886942
135	15	0.907534
135	19	1.22078
135	57	0.874033
135	66	0.859587
135	67	0.857572
135	70	1.15977
135	74	0.833946
135	76	0.819724
135	89	0.845025
135	90	1.3881
135	114	0.871296
135	118	0.855431
135	123	0.886057
135	127	0.836659
135	128	1.31255
135	130	0.86464
135	146	0.857105
135	151	0.856446
135	156	1.34688
135	158	0.863931
135	160	1.36074
135	161	0.866015
135	162	1.38886
135	163	0.844876
135	165	0.864654
135	166	0.873272
135	169	0.861157
135	171	0.855084
135	173	0.866673
135	174	1.36164
135	175	1.31864
135	179	1.35328
135	180	0.879284
136	12	0.879727
136	33	0.839518
136	40	1.18545
136	49	1.64913
136	57	1.36095
136	65	0.824082
