1	80	0.971649
1	94	0.944495
1	162	1.02652
1	164	0.981577
1	166	1.03104
1	167	1.05413
1	168	0.93057
1	170	0.963973
1	175	1.02154
1	176	1.02468
1	177	1.02542
1	179	1.02015
2	92	0.909614
2	130	1.18073
2	149	1.26148
2	151	0.892509
2	162	0.894724
2	165	1.15793
2	166	0.89924
2	167	0.922329
2	172	0.901383
2	176	0.892883
2	178	1.19494
2	179	0.888354
3	71	0.963823
3	116	0.908283
3	137	1.04261
3	156	0.9991
3	159	1.02225
3	171	0.958602
3	172	1.03586
3	173	0.961438
3	175	1.02422
3	176	1.02736
3	177	1.02809
3	179	1.02283
4	50	0.922082
4	85	1.19711
4	111	1.20375
4	137	0.908789
4	147	0.902686
4	166	0.899889
4	171	1.20169
4	174	1.19248
4	175	0.890394
4	176	0.893532
4	177	0.894269
4	179	0.889003
5	13	0.962863
5	84	0.878562
5	89	1.06802
5	98	1.01663
5	112	0.961241
5	146	0.993624
5	156	1.02109
5	165	1.04099
5	171	1.02729
5	173	1.02691
5	178	1.02406
5	179	0.987202
6	112	0.936255
6	133	1.02109
6	134	1.02447
6	136	1.02472
6	138	1.03232
6	140	1.05776
6	142	1.04173
6	149	0.999918
6	155	0.968611
6	159	0.970235
6	161	0.977605
6	174	0.950893
7	17	0.927169
7	33	0.870538
7	67	1.03303
7	138	1.03043
7	149	0.998025
7	153	0.982819
7	156	1.02556
7	157	0.98587
7	167	1.06129
7	173	1.03137
7	175	1.02871
7	179	1.02732
8	57	0.967037
8	69	1.08649
8	71	1.0449
8	116	1.05574
8	118	0.983748
8	128	0.944331
8	134	1.00285
8	138	1.0107
8	142	1.02011
8	149	0.978299
8	168	0.934027
8	180	0.972229
9	16	1.07356
9	27	1.02483
9	50	0.950091
9	61	1.04717
9	67	0.997705
9	68	1.02418
9	82	1.01853
9	110	0.966841
9	145	1.01087
9	164	1.02578
9	174	0.933495
9	176	0.933733
10	55	1.02497
10	66	0.876599
10	112	0.959114
10	126	1.01095
10	134	0.990441
10	163	1.03624
10	168	1.04531
10	170	1.02695
10	173	1.02214
10	174	1.03419
10	176	0.97399
10	180	1.00772
11	132	1.02401
11	144	1.05197
11	148	0.959322
11	153	1.02502
11	156	0.983004
11	157	1.01533
11	158	1.03882
11	160	1.02275
11	161	0.960001
11	163	0.947802
11	178	0.944778
11	180	1.02441
12	114	0.94478
12	125	0.94452
12	129	1.03432
12	143	0.971175
12	144	1.05025
12	149	1.0006
12	153	1.02329
12	155	0.94028
12	157	1.0136
12	158	1.0371
12	160	1.02102
12	180	1.02268
13	5	0.962863
13	107	0.928448
13	129	1.03432
13	137	0.965899
13	144	1.05025
13	153	1.02329
13	155	0.982634
13	157	1.0136
13	158	1.0371
13	160	1.02102
13	172	0.966779
13	180	1.02268
14	28	1.16038
14	106	0.81673
14	143	0.803504
14	145	1.19613
14	146	1.1826
14	149	0.832927
14	151	0.786252
14	152	1.23054
14	157	0.802901
14	173	1.21589
14	175	0.766693
14	178	1.21304
15	42	1.11005
15	98	1.25625
15	114	0.899255
15	120	0.916768
15	124	0.891568
15	162	1.21747
15	163	0.90596
15	168	0.915034
15	171	0.892251
15	173	0.891863
15	178	0.889021
15	179	1.22683
16	9	1.07356
16	67	0.995775
16	77	1.00708
16	82	1.0166
16	102	1.06365
16	110	0.96803
16	141	0.988818
16	148	1.02034
16	150	0.967401
16	164	1.02385
16	165	0.909168
16	180	0.968647
17	7	0.927169
17	56	0.963396
17	107	0.930774
17	127	1.00191
17	144	1.05566
17	150	0.999958
17	153	1.0287
17	157	1.01902
17	158	1.04251
17	160	1.02644
17	171	0.976458
17	180	1.0281
18	36	0.978073
18	75	0.931206
18	80	1.03678
18	101	0.994074
18	104	1.08405
18	128	0.958463
18	139	1.04104
18	141	1.0269
18	148	0.97843
18	155	1.03713
18	170	0.981562
18	172	0.954261
19	103	0.925475
19	115	1.03838
19	133	1.01451
19	134	1.0179
19	136	1.01814
19	138	1.02574
19	140	1.05118
19	142	1.03515
19	164	0.993262
19	173	0.958547
19	177	0.942867
19	180	0.980457
20	63	1.08588
20	82	1.06719
20	119	1.06952
20	131	0.994277
20	140	0.996224
20	142	0.980191
20	147	1.00636
20	149	0.938383
20	153	0.970404
20	158	0.984213
20	160	0.968138
20	169	0.981736
20	173	0.97173
21	105	1.0418
21	113	1.04907
21	114	1.05197
21	151	0.965024
21	159	0.960287
21	161	1.05646
21	165	1.00423
21	169	0.972032
21	172	0.973898
21	174	1.02975
21	175	0.962261
21	177	0.966136
21	179	0.960869
22	94	1.02734
22	118	0.966095
22	126	1.04579
22	149	1.09569
22	152	0.993367
22	159	0.972091
22	162	0.979043
22	166	0.983559
22	175	0.974064
22	176	0.977202
22	177	0.977939
22	178	1.02915
22	179	0.972673
23	52	1.01124
23	70	0.95489
23	101	1.12264
23	115	0.9959
23	133	0.972033
23	134	0.97542
23	136	0.975664
23	138	0.983265
23	142	0.992672
23	149	0.950864
23	171	1.01547
23	172	1.00812
23	180	1.04022
24	55	1.029
24	115	0.982647
24	116	1.01505
24	128	1.02795
24	133	0.95878
24	134	0.962167
24	138	0.970012
24	140	0.995451
24	142	0.979419
24	145	1.07598
24	147	1.02385
24	148	1.04791
24	149	0.937611
25	71	0.857268
25	73	0.83596
25	83	0.87438
25	157	0.890839
25	162	1.11438
25	164	0.889598
25	166	1.1189
25	169	1.11918
25	172	1.12104
25	174	0.842829
25	175	1.10941
25	176	1.11254
25	179	1.10801
26	28	1.05961
26	43	0.979001
26	122	0.996835
26	127	0.942102
26	129	0.979925
26	132	0.967895
26	144	0.995854
26	151	1.06468
26	153	0.968896
26	154	1.05589
26	158	0.982705
26	160	0.96663
26	178	1.04481
27	9	1.02483
27	47	1.03376
27	61	0.996517
27	62	0.970347
27	67	0.947048
27	77	0.958355
27	82	0.967874
27	145	0.960216
27	148	0.971614
27	160	1.0837
27	164	0.975123
27	176	1.05498
27	179	1.06607
28	14	1.16038
28	26	1.05961
28	56	0.95451
28	59	0.959713
28	91	0.98934
28	111	1.01549
28	127	1.0716
28	134	1.02091
28	158	1.03055
28	168	0.953426
28	175	0.927593
28	176	0.93073
28	179	0.926201
29	64	0.955669
29	81	0.952329
29	115	0.990936
29	133	0.967069
29	134	0.970455
29	138	0.978301
29	140	1.00374
29	142	0.987708
29	149	0.9459
29	152	1.02396
29	155	1.06597
29	164	1.09502
29	173	1.0603
30	33	0.981083
30	44	0.990787
30	64	1.16719
30	80	0.900222
30	102	0.946346
30	104	0.947489
30	113	0.929361
30	128	1.11678
30	141	0.890338
30	147	1.11268
30	155	0.900571
30	169	1.08806
30	173	1.12277
30	180	0.909462
31	83	1.1419
31	93	1.10039
31	119	0.915237
31	124	1.1206
31	143	0.928868
31	152	1.08606
31	166	0.937898
31	167	0.960987
31	170	1.13952
31	172	0.94004
31	176	0.93154
31	177	0.932278
31	179	0.927011
31	180	0.929132
32	113	0.919441
32	116	1.09097
32	133	1.03471
32	136	1.03834
32	138	1.04594
32	140	1.07138
32	142	1.05534
32	146	0.967349
32	149	1.01354
32	156	0.949839
32	170	1.05169
32	171	0.90934
32	173	0.912177
32	180	0.934087
33	7	0.870538
33	30	0.981083
33	56	1.07971
33	80	1.04428
33	91	1.11454
33	139	1.04854
33	141	1.0344
33	143	0.959222
33	150	0.943327
33	153	0.955569
33	155	1.04463
33	164	0.957379
33	174	0.91061
33	180	1.05352
34	40	1.10255
34	62	0.845976
34	101	0.995718
34	102	1.08455
34	113	1.06757
34	139	1.04269
34	141	1.02854
34	145	1.02985
34	150	0.963092
34	154	0.95294
34	161	0.957088
34	175	0.942177
34	179	0.941698
34	180	1.04767
35	69	0.901692
35	72	1.07681
35	81	0.851679
35	100	1.05586
35	110	0.980947
35	114	1.05175
35	126	1.03317
35	147	0.94957
35	150	1.04072
35	158	0.973931
35	166	0.951584
35	171	1.04475
35	174	1.0564
35	178	1.04152
36	18	0.978073
36	40	0.968828
36	44	0.995273
36	80	0.904708
36	91	0.974966
36	101	0.861998
36	139	0.908967
36	141	0.894824
36	158	1.14016
36	174	1.11383
36	175	1.12563
36	176	1.11407
36	177	1.1102
36	180	0.913948
37	68	1.00915
37	69	0.872553
37	90	1.07805
37	108	1.06821
37	114	1.04386
37	132	0.962788
37	139	0.924957
37	161	1.04074
37	163	1.05057
37	171	1.03686
37	172	0.920324
37	174	1.04852
37	177	0.914834
37	178	1.03363
38	47	1.04892
38	111	0.924706
38	115	0.944091
38	120	1.06538
38	133	0.947755
38	161	1.04474
38	163	1.05457
38	165	1.05456
38	171	1.04086
38	174	1.05252
38	175	0.92523
38	176	0.913667
38	178	1.03763
38	180	0.947392
39	117	0.885749
39	132	0.963008
39	147	1.0572
39	161	0.945393
39	162	1.04989
39	166	1.05441
39	170	0.947846
39	172	1.05655
39	174	0.918681
39	175	1.04491
39	176	1.04805
39	177	1.04879
39	178	0.93017
39	179	1.04352
40	34	1.10255
40	36	0.968828
40	44	1.1181
40	57	0.935373
40	91	1.0978
40	123	0.919204
40	139	1.0318
40	141	1.01765
40	155	1.02789
40	156	0.956317
40	164	0.953371
40	172	0.908465
40	178	0.918091
40	180	1.03678
41	76	1.02573
41	121	0.910346
41	132	0.962972
41	158	0.944976
41	161	1.05084
41	164	1.04173
41	165	1.06066
41	168	1.06974
41	171	1.04696
41	172	0.920508
41	173	1.04657
41	174	1.05862
41	177	0.915018
41	180	0.952608
42	15	1.11005
42	84	1.12132
42	87	0.849686
42	146	0.939703
42	150	0.905194
42	159	1.03123
42	167	1.06579
42	170	0.901642
42	172	1.04484
42	176	1.03634
42	177	1.03708
42	178	0.883966
42	179	1.03181
42	180	1.03393
43	26	0.979001
43	80	1.04112
43	90	0.871605
43	117	1.10227
43	129	0.946058
43	133	1.04012
43	139	1.04538
43	144	0.926005
43	149	1.01895
43	152	0.89932
43	164	0.970379
43	176	1.05277
43	177	1.05351
43	179	1.04824
44	30	0.990787
44	36	0.995273
44	40	1.1181
44	74	0.917184
44	122	0.931313
44	130	1.0756
44	139	1.05824
44	141	1.0441
44	150	0.956996
44	154	0.946844
44	155	1.05433
44	168	0.920041
44	174	0.924279
44	180	1.06322
45	57	0.942944
45	78	1.12631
45	93	0.934905
45	112	1.1081
45	126	0.91533
45	131	0.949069
45	156	0.920707
45	168	0.949692
45	171	0.92691
45	174	0.938568
45	175	1.13454
45	176	1.12298
45	177	1.11912
45	178	0.92368
46	55	0.960749
46	62	0.869233
46	73	1.0791
46	107	0.917164
46	111	1.05044
46	117	0.9207
46	122	1.07068
46	132	1.04174
46	153	1.04274
46	155	0.97135
46	157	1.03306
46	160	1.04048
46	171	0.962849
46	180	1.04214
47	27	1.03376
47	38	1.04892
47	73	0.950074
47	97	1.04394
47	122	0.963977
47	132	1.00127
47	139	0.987301
47	141	0.973158
47	153	1.0019
47	168	1.01739
47	172	1.00319
47	176	0.994691
47	177	0.995428
47	178	0.991374
47	180	0.992282
48	54	1.01663
48	75	0.981601
48	108	1.01805
48	120	1.01121
48	121	0.994493
48	122	1.00983
48	129	1.02524
48	131	1.00885
48	152	1.00096
48	154	0.993396
48	163	1.0004
48	169	0.980139
48	173	0.986307
48	174	0.998353
48	178	0.983465
49	108	0.963287
49	117	0.955065
49	124	0.998248
49	126	1.01613
49	151	0.995743
49	159	0.991006
49	164	1.03477
49	166	1.00247
49	167	1.02556
49	169	1.00275
49	170	1.01716
49	172	1.00462
49	175	0.992979
49	177	0.996855
49	179	0.991588
50	4	0.922082
50	9	0.950091
50	73	0.987659
50	91	0.954445
50	101	1.11091
50	102	0.990737
50	131	1.03734
50	133	1.00261
50	136	1.00624
50	139	1.00102
50	149	0.981444
50	171	1.01518
50	177	1.016
50	178	1.01195
50	179	1.01074
51	61	0.991215
51	134	0.994525
51	135	1.00715
51	136	0.994768
51	143	1.03375
51	149	0.969969
51	151	1.0165
51	153	1.00199
51	157	0.992303
51	160	0.999724
51	161	1.00759
51	167	0.96714
51	168	1.02649
51	174	1.01536
51	179	0.996461
52	23	1.01124
52	59	0.992449
52	122	1.0211
52	129	1.00419
52	144	1.02012
52	148	1.00894
52	153	0.993159
52	155	1.00063
52	157	0.983473
52	158	1.00697
52	160	0.990894
52	163	0.997424
52	164	0.989641
52	179	0.994234
52	180	0.992552
53	58	0.852424
53	129	1.00664
53	132	0.99461
53	144	1.02257
53	145	1.05707
53	148	1.029
53	150	1.03569
53	153	0.995611
53	157	0.985925
53	158	1.00942
53	160	0.993346
53	164	0.992092
53	170	1.00174
53	171	1.01219
53	179	1.01429
54	48	1.01663
54	105	1.06794
54	130	0.989052
54	151	0.991168
54	159	0.986431
54	168	0.987528
54	169	0.998175
54	172	1.00004
54	173	1.00382
54	174	0.991766
54	175	0.988404
54	176	0.991542
54	177	0.992279
54	178	1.00326
54	179	0.987013
55	10	1.02497
55	24	1.029
55	46	0.960749
55	71	0.999488
55	75	0.963858
55	108	1.02033
55	109	1.00004
55	124	0.988295
55	131	1.01114
55	132	1.02938
55	146	0.955309
55	154	0.995679
55	161	0.992861
55	168	1.01176
55	180	1.01901
56	17	0.963396
56	28	0.95451
56	33	1.07971
56	63	1.05558
56	101	0.956137
56	125	0.996044
56	130	1.02047
56	139	1.00311
56	141	0.988963
56	145	0.990268
56	148	1.00012
56	155	0.999196
56	160	1.00304
56	178	0.985575
56	180	1.00809
57	8	0.967037
57	40	0.935373
57	45	0.942944
57	95	1.07131
57	113	1.02015
57	117	1.05217
57	146	0.968907
57	147	1.00867
57	156	0.996373
57	162	1.00867
57	171	1.00258
57	173	1.00219
57	174	1.01423
57	175	1.0185
57	178	0.999346
58	53	0.852424
58	77	1.10581
58	100	1.13893
58	111	0.838663
58	133	0.861712
58	144	0.82978
58	149	0.905421
58	158	0.853717
58	160	0.856335
58	164	1.12258
58	170	1.13223
58	176	1.1279
58	177	1.12864
58	178	1.12458
58	179	1.12337
59	28	0.959713
59	52	0.992449
59	73	0.9806
59	101	0.96134
59	111	0.998746
59	115	1.01813
59	141	0.994166
59	144	0.989864
59	155	1.0044
59	160	1.01642
59	161	1.01949
59	171	1.01561
59	172	1.0242
59	175	1.01256
59	179	1.01117
60	64	1.03356
60	100	1.00469
60	110	1.01043
60	114	1.00058
60	154	1.00028
60	161	0.99746
60	166	0.981066
60	168	1.01636
60	171	0.993577
60	173	0.993189
60	174	1.00523
60	175	0.988884
60	178	0.990347
60	179	0.988405
60	180	1.01105
61	9	1.04717
61	27	0.996517
61	51	0.991215
61	67	0.969393
61	77	0.980701
61	82	0.99022
61	107	1.04316
61	145	0.982561
61	148	0.99396
61	151	1.01537
61	164	0.997469
61	170	1.01317
61	173	0.996062
61	174	0.984008
61	178	0.995497
62	27	0.970347
62	34	0.845976
62	46	0.869233
62	82	0.956337
62	136	1.05375
62	140	1.08679
62	142	1.07076
62	144	0.895927
62	153	0.938492
62	154	1.06938
62	158	0.919864
62	172	1.07127
62	174	1.07434
62	175	1.05963
62	178	1.05945
62	179	1.05824
63	20	1.08588
63	56	1.05558
63	72	1.02041
63	94	1.06911
63	118	0.944355
63	121	0.981311
63	137	0.970719
63	143	0.952789
63	159	0.950351
63	162	0.957303
63	167	0.984908
63	170	1.08859
63	171	1.06864
63	175	0.952324
63	176	0.955462
63	179	0.950933
64	29	0.955669
64	30	1.16719
64	60	1.03356
64	121	0.988512
64	136	0.953641
64	145	1.08851
64	149	0.928842
64	152	1.01012
64	153	0.960862
64	157	0.951176
64	158	0.974671
64	163	1.04893
64	169	0.969297
64	176	0.962664
64	178	1.0459
64	179	0.958135
65	73	0.986043
65	83	1.08929
65	122	0.977625
65	125	1.0797
65	130	0.961457
65	131	1.05184
65	132	0.948684
65	144	0.976643
65	153	0.949685
65	157	0.939999
65	158	0.963494
65	160	0.947419
65	161	1.08445
65	169	1.03509
65	176	1.05798
65	180	0.949078
66	10	0.876599
66	96	0.964033
66	98	1.04427
66	146	0.948005
66	151	1.06921
66	159	1.06447
66	161	0.907492
66	163	0.895292
66	169	1.07621
66	170	0.909944
66	171	0.889997
66	172	1.07808
66	175	1.06644
66	176	1.06958
66	177	1.07032
66	179	1.06505
67	7	1.03303
67	9	0.997705
67	16	0.995775
67	27	0.947048
67	61	0.969393
67	77	0.931231
67	82	0.940751
67	107	0.993694
67	130	1.07039
67	145	0.933092
67	148	0.944491
67	152	1.04882
67	155	1.09082
67	164	0.948
67	177	1.06948
67	178	1.0846
68	9	1.02418
68	37	1.00915
68	105	1.02553
68	125	1.09058
68	135	0.947439
68	139	1.07511
68	143	0.946458
68	147	0.958286
68	150	1.10133
68	159	0.94402
68	160	1.09757
68	167	0.978577
68	172	0.957631
68	176	0.949131
68	177	0.949869
68	179	0.944602
69	8	1.08649
69	35	0.901692
69	37	0.872553
69	81	0.836103
69	116	1.1047
69	120	0.919573
69	134	1.05182
69	136	1.05206
69	138	1.05967
69	140	1.0851
69	142	1.06907
69	149	1.02726
69	157	0.980034
69	161	0.958736
69	170	1.06541
69	176	0.932262
70	23	0.95489
70	81	0.981365
70	115	0.968135
70	116	1.00054
70	120	1.06483
70	133	0.944268
70	134	0.947654
70	137	1.07827
70	138	0.9555
70	140	0.980939
70	142	0.964907
70	149	0.923099
70	155	1.095
70	168	1.07305
70	170	0.961247
70	180	1.11125
71	3	0.963823
71	8	1.0449
71	25	0.857268
71	55	0.999488
71	100	0.989856
71	115	1.03071
71	121	0.984072
71	133	1.00684
71	134	1.01023
71	136	1.01047
71	138	1.01807
71	140	1.04351
71	142	1.02748
71	149	0.98567
71	170	1.02382
71	178	1.00386
71	179	1.00369
72	35	1.07681
72	63	1.02041
72	96	0.987693
72	110	0.972258
72	119	1.00405
72	125	1.01412
72	146	0.984936
72	159	0.958254
72	161	1.02249
72	163	1.03231
72	171	1.01861
72	173	1.01822
72	174	1.03026
72	175	0.950713
72	177	0.935285
72	178	1.01538
72	180	0.972875
73	25	0.83596
73	46	1.0791
73	47	0.950074
73	50	0.987659
73	59	0.9806
73	65	0.986043
73	96	1.05432
73	111	1.02716
73	127	0.992679
73	132	1.01847
73	148	0.997096
73	153	1.01947
73	154	0.993627
73	157	1.00979
73	158	1.03328
73	160	1.01721
73	180	1.01886
74	44	0.917184
74	100	0.968322
74	120	0.958386
74	135	1.0182
74	143	1.01722
74	156	1.02055
74	159	1.01478
74	165	0.945321
74	166	1.02625
74	169	1.02652
74	170	1
74	171	0.980054
74	172	1.02839
74	175	1.01675
74	176	1.01989
74	177	1.02063
74	179	1.01536
75	18	0.931206
75	48	0.981601
75	55	0.963858
75	109	0.987136
75	137	1.03144
75	141	1.01087
75	143	1.01351
75	151	1.0158
75	152	0.932451
75	162	1.01802
75	167	1.04563
75	169	1.02281
75	170	0.985906
75	175	1.01304
75	177	1.01692
75	179	1.01165
75	180	1.01377
76	41	1.02573
76	87	1.01812
76	104	1.00102
76	123	0.989604
76	143	1.06082
76	150	0.961286
76	154	0.972011
76	156	0.959107
76	157	1.06022
76	159	1.03155
76	161	0.969193
76	169	0.989556
76	172	1.01407
76	173	0.964922
76	174	0.976968
76	177	1.00858
76	178	0.96208
76	180	1.04617
77	16	1.00708
77	27	0.958355
77	58	1.10581
77	61	0.980701
77	67	0.931231
77	82	0.952058
77	102	0.999103
77	103	1.0022
77	107	1.005
77	145	0.944399
77	147	1.02519
77	148	0.955798
77	156	1.07294
77	159	1.04257
77	164	0.959307
77	167	1.00522
77	168	1.01899
77	173	1.03528
78	45	1.12631
78	86	1.01946
78	102	0.977709
78	114	1.00372
78	127	1.04888
78	146	1.04872
78	151	0.974559
78	154	1.00406
78	159	0.969823
78	162	0.976775
78	167	1.00438
78	169	0.981567
78	172	0.983433
78	174	0.981499
78	175	0.971796
78	176	0.974934
78	177	0.975671
78	179	0.970405
79	89	0.849775
79	126	0.913733
79	131	0.879698
79	134	0.902293
79	135	1.07875
79	148	1.07161
79	154	0.908168
79	156	0.935319
79	159	1.07533
79	166	1.0868
79	168	0.881365
79	169	1.08708
79	170	0.914768
79	172	1.08894
79	175	1.0773
79	176	1.08044
79	177	1.08118
79	179	1.07591
80	1	0.971649
80	18	1.03678
80	30	0.900222
80	33	1.04428
80	36	0.904708
80	43	1.04112
80	91	1.03368
80	101	0.920708
80	103	0.993753
80	117	1.02457
80	133	1.0491
80	139	0.967678
80	145	0.954839
80	157	1.06278
80	164	1.06154
80	168	1.01053
80	170	1.04394
80	180	0.972659
81	29	0.952329
81	35	0.851679
81	69	0.836103
81	70	0.981365
81	109	0.912406
81	119	1.06397
81	131	0.876106
81	142	0.887027
81	143	1.0776
81	147	1.08943
81	162	1.08212
81	163	0.896524
81	166	1.08663
81	172	1.08877
81	175	1.07714
81	176	1.08027
81	177	1.08101
81	179	1.07574
82	9	1.01853
82	16	1.0166
82	20	1.06719
82	27	0.967874
82	61	0.99022
82	62	0.956337
82	67	0.940751
82	77	0.952058
82	90	0.98873
82	102	1.00862
82	107	1.01452
82	110	1.07408
82	128	1.0468
82	145	0.953919
82	148	0.965318
82	164	0.968827
82	169	1.01808
82	178	1.05222
83	25	0.87438
83	31	1.1419
83	65	1.08929
83	120	1.00271
83	124	0.977511
83	131	1.00035
83	134	1.02617
83	146	0.944524
83	156	0.971991
83	160	1.03843
83	163	0.991903
83	165	0.991891
83	171	0.978194
83	172	1.01135
83	173	0.977806
83	174	0.989852
83	175	1.02128
83	178	0.974964
84	5	0.878562
84	42	1.12132
84	123	0.893217
84	145	0.934713
84	151	1.07132
84	158	0.906946
84	159	1.06659
84	160	0.909564
84	162	1.07354
84	163	0.895128
84	166	1.07805
84	167	1.10114
84	169	1.07833
84	173	0.892669
84	174	0.880615
84	175	1.06856
84	176	1.0717
84	177	1.07243
85	4	1.19711
85	124	0.973354
85	131	0.996197
85	136	0.99562
85	149	1.0606
85	150	0.970014
85	154	0.980738
85	163	0.987746
85	165	0.987735
85	167	0.964563
85	168	0.99682
85	170	0.978451
85	171	0.974038
85	174	0.985695
85	175	0.994363
85	177	0.978935
85	178	0.970808
85	180	1.01652
86	78	1.01946
86	109	0.954016
86	121	1.05709
86	125	0.945579
86	129	0.94607
86	136	0.936681
86	153	0.96858
86	161	0.950334
86	162	1.03308
86	166	1.0376
86	167	1.06068
86	169	1.03787
86	170	0.952786
86	172	1.03974
86	173	0.935676
86	175	1.0281
86	176	1.03124
86	177	1.03198
86	179	1.02671
87	42	0.849686
87	76	1.01812
87	93	1.04735
87	95	1.01975
87	96	1.00844
87	105	0.888789
87	115	0.985802
87	120	1.06387
87	137	0.956123
87	150	1.03533
87	154	1.04605
87	156	1.03315
87	164	1.03412
87	171	1.03935
87	173	1.03897
87	176	0.955379
87	178	1.03612
87	179	0.966463
87	180	0.989104
88	91	0.891477
88	96	1.00811
88	98	0.972309
88	99	1.01577
88	108	1.07038
88	119	0.996693
88	125	1.03453
88	135	0.953574
88	146	1.00535
88	151	0.962919
88	152	1.05329
88	156	1.03282
88	160	0.960508
88	162	0.933527
88	163	1.05273
88	165	1.05272
88	173	1.03864
88	178	1.03579
88	179	0.942882
89	5	1.06802
89	79	0.849775
89	92	0.945611
89	97	1.0291
89	103	1.05301
89	107	1.06773
89	126	1.01569
89	138	0.954358
89	146	0.993602
89	152	1.04154
89	153	0.987063
89	165	1.04097
89	169	0.919452
89	171	1.02727
89	173	1.02688
89	174	1.03893
89	176	0.942342
89	178	1.02404
89	180	0.976068
90	37	1.07805
90	43	0.871605
90	82	0.98873
90	119	0.99106
90	127	0.993311
90	131	1.04989
90	150	1.02371
90	154	1.03443
90	156	1.02153
90	164	1.0225
90	165	1.04143
90	166	0.92991
90	168	1.05052
90	171	1.02773
90	173	1.02735
90	175	0.937728
90	178	1.0245
90	179	0.937249
90	180	0.95989
91	28	0.98934
91	33	1.11454
91	36	0.974966
91	40	1.0978
91	50	0.954445
91	80	1.03368
91	88	0.891477
91	96	1.0211
91	101	0.990966
91	103	0.91683
91	110	1.05982
91	128	0.943915
91	139	1.03794
91	141	1.02379
91	155	1.03403
91	164	0.984618
91	171	0.947066
91	174	0.937849
91	180	1.04292
92	2	0.909614
92	89	0.945611
92	97	1.06844
92	137	1.0187
92	151	1.00307
92	154	1.004
92	156	1.03115
92	161	1.00815
92	165	0.955923
92	166	1.0098
92	167	1.03289
92	169	1.01008
92	172	1.01195
92	173	0.993493
92	174	0.981439
92	175	1.00031
92	176	1.00345
92	177	1.00418
92	179	0.998918
92	180	1.00104
93	31	1.10039
93	45	0.934905
93	87	1.04735
93	118	1.01345
93	119	1.0331
93	123	1.01883
93	141	1.0221
93	152	1.0088
93	154	1.00124
93	156	0.988335
93	161	0.998421
93	167	0.949967
93	168	1.01732
93	169	0.945313
93	171	0.994538
93	172	0.969829
93	173	0.99415
93	174	1.0062
93	178	0.991308
93	179	0.979289
94	1	0.944495
94	22	1.02734
94	63	1.06911
94	135	1.00963
94	138	0.997424
94	140	1.02286
94	142	1.00683
94	144	1.024
94	146	0.965088
94	149	0.965023
94	157	0.987357
94	158	1.01085
94	160	0.994778
94	163	1.01247
94	166	0.991603
94	167	0.96962
94	168	1.02154
94	175	0.99942
94	178	0.995528
94	179	0.998942
95	57	1.07131
95	87	1.01975
95	106	0.966442
95	113	1.06186
95	117	1.00961
95	119	0.953559
95	134	1.05923
95	135	0.96817
95	137	0.985119
95	145	1.09664
95	159	0.964751
95	162	0.971704
95	165	1.01703
95	166	0.976219
95	169	0.976495
95	173	1.0546
95	175	0.966724
95	176	0.969862
95	177	0.9706
95	179	0.965333
95	180	0.967454
96	66	0.964033
96	72	0.987693
96	73	1.05432
96	87	1.00844
96	88	1.00811
96	91	1.0211
96	99	0.932374
96	100	0.966747
96	134	1.07787
96	140	1.02275
96	152	0.969897
96	156	0.949427
96	157	1.1092
96	165	0.969327
96	168	0.978413
96	171	0.95563
96	173	0.955242
96	174	0.967288
96	177	1.05756
96	178	0.9524
96	180	1.09515
97	47	1.04394
97	89	1.0291
97	92	1.06844
97	111	0.971401
97	112	1.05029
97	113	0.983
97	122	0.991649
97	127	0.936916
97	129	0.974738
97	132	0.962708
97	144	0.990667
97	147	1.0669
97	153	0.963709
97	157	0.954023
97	158	0.977518
97	160	0.961443
97	165	1.03941
97	169	1.04228
97	170	0.969837
97	172	1.06679
97	180	0.963102
98	5	1.01663
98	15	1.25625
98	66	1.04427
98	88	0.972309
98	112	0.975472
98	118	0.950303
98	131	1.01278
98	135	0.959718
98	144	1.02108
98	147	0.970565
98	151	0.961036
98	156	1.0684
98	162	0.963252
98	166	0.967767
98	168	1.01444
98	172	0.96991
98	175	0.958272
98	176	0.96141
98	177	0.962148
98	178	1.03017
98	179	0.956881
99	88	1.01577
99	96	0.932374
99	112	1.04115
99	140	1.01735
99	145	0.943146
99	152	0.977554
99	154	0.969987
99	156	0.957084
99	160	1.08474
99	161	0.967169
99	163	0.976995
99	165	0.976984
99	166	1.05977
99	168	0.986069
99	169	1.03313
99	173	0.962898
99	174	0.974944
99	175	1.06759
99	176	1.05603
99	177	1.05216
99	178	0.960057
100	35	1.05586
100	58	1.13893
100	60	1.00469
100	71	0.989856
100	74	0.968322
100	96	0.966747
100	122	0.982451
100	129	0.997865
100	140	0.93698
100	150	0.993636
100	152	1.01193
100	154	1.00436
100	156	0.991456
100	162	0.977385
100	165	1.01136
100	167	0.957418
100	168	1.02044
100	171	0.99766
100	174	1.00932
100	178	0.994429
100	179	0.98674
100	180	1.00938
101	18	0.994074
101	23	1.12264
101	34	0.995718
101	36	0.861998
101	50	1.11091
101	56	0.956137
101	59	0.96134
101	80	0.920708
101	91	0.990966
101	103	1.07329
101	110	0.946849
101	113	0.949847
101	121	1.08601
101	124	1.10456
101	130	0.942328
101	135	1.11633
101	139	0.924968
101	141	0.910824
101	145	0.912129
101	148	1.12034
101	165	1.0688
101	180	0.929949
102	16	1.06365
102	30	0.946346
102	34	1.08455
102	50	0.990737
102	77	0.999103
102	78	0.977709
102	82	1.00862
102	108	0.949432
102	127	0.992597
102	137	0.975124
102	139	1.0138
102	141	0.999659
102	147	0.976111
102	157	1.0097
102	158	1.0332
102	160	1.01712
102	161	1.00085
102	164	1.01587
102	172	0.976005
102	177	0.970515
102	178	0.98563
102	180	1.01878
103	19	0.925475
103	77	1.0022
103	80	0.993753
103	89	1.05301
103	91	0.91683
103	101	1.07329
103	115	0.987575
103	127	0.983768
103	138	0.969166
103	140	0.918475
103	141	1.01105
103	157	1.00087
103	158	1.02437
103	160	1.0083
103	165	1.02597
103	169	1.019
103	172	1.02086
103	173	1.01189
103	174	1.02393
103	176	1.01236
103	177	1.0131
103	179	1.00783
104	18	1.08405
104	30	0.947489
104	76	1.00102
104	126	1.01067
104	133	1.00968
104	134	1.01307
104	136	1.01331
104	139	1.01495
104	140	1.04635
104	141	1.0008
104	144	0.964786
104	151	0.993751
104	153	1.00735
104	158	0.988723
104	159	0.981734
104	166	0.966375
104	171	1.02225
104	175	0.974193
104	177	0.958765
104	178	1.01902
104	179	0.973714
104	180	1.01993
105	21	1.0418
105	54	1.06794
105	68	1.02553
105	87	0.888789
105	114	0.933798
105	120	0.899129
105	123	0.924183
105	136	0.924639
105	140	0.873143
105	143	1.06044
105	147	1.07227
105	158	0.937911
105	159	1.05801
105	163	0.926093
105	164	0.958349
105	166	1.06947
105	167	1.09256
105	169	1.06975
105	175	1.05998
105	176	1.06312
105	177	1.06385
105	178	0.923069
105	179	1.05859
106	14	0.81673
106	95	0.966442
106	112	0.997358
106	118	0.972189
106	123	1.05237
106	131	1.03386
106	138	1.05202
106	140	1.00133
106	146	1.107
106	147	0.99245
106	159	0.978185
106	162	0.985137
106	166	0.989653
106	167	1.01274
106	168	1.03553
106	169	0.989929
106	171	1.04899
106	172	0.991795
106	174	1.03977
106	175	0.980158
106	176	0.983296
106	177	0.984033
106	179	0.978767
107	13	0.928448
107	17	0.930774
107	46	0.917164
107	61	1.04316
107	67	0.993694
107	77	1.005
107	82	1.01452
107	89	1.06773
107	115	0.972126
107	129	0.963912
107	141	0.995598
107	144	0.943859
107	151	1.02672
107	153	0.986423
107	157	0.989474
107	158	0.967796
107	164	1.02177
107	167	1.05654
107	169	1.03372
107	171	1.027
107	174	1.03866
107	177	1.02783
107	178	1.02377
107	179	1.02256
108	37	1.06821
108	48	1.01805
108	49	0.963287
108	55	1.02033
108	88	1.07038
108	102	0.949432
108	110	0.986569
108	120	1.04241
108	124	1.01721
108	126	1.00632
108	147	0.955192
108	154	1.0246
108	156	1.01169
108	162	0.95519
108	165	1.03159
108	167	0.935224
108	168	1.04068
108	171	1.0179
108	172	0.955086
108	173	1.01751
108	175	0.965024
108	178	1.01467
108	179	0.964545
108	180	0.987186
109	55	1.00004
109	75	0.987136
109	81	0.912406
109	86	0.954016
109	111	1.0196
109	125	0.993117
109	135	1.03034
109	137	1.00931
109	143	1.05694
109	146	0.963938
109	150	0.993584
109	152	1.01187
109	154	1.00431
109	156	0.991404
109	159	1.02767
109	161	1.00149
109	163	1.01132
109	165	1.0113
109	168	1.02039
109	171	0.997608
109	172	1.01019
109	173	0.997219
109	174	1.00927
109	177	1.0047
109	178	0.994377
110	9	0.966841
110	16	0.96803
110	35	0.980947
110	60	1.01043
110	72	0.972258
110	82	1.07408
110	91	1.05982
110	101	0.946849
110	108	0.986569
110	131	1.00537
110	138	1.02353
110	139	0.993818
110	141	0.979675
110	145	0.98098
110	153	0.999406
110	157	0.98972
110	158	1.01322
110	160	0.997141
110	162	1.00305
110	166	1.00756
110	167	1.03065
110	168	1.00704
110	169	1.00784
110	179	0.996679
110	180	0.998799
111	4	1.20375
111	28	1.01549
111	38	0.924706
111	46	1.05044
111	58	0.838663
111	59	0.998746
111	73	1.02716
111	97	0.971401
111	109	1.0196
111	113	1.0101
111	122	1.01875
111	127	0.964013
111	129	1.00184
111	132	0.989805
111	144	1.01776
111	152	0.964919
111	153	0.990806
111	156	1.03892
111	157	0.98112
111	158	1.00461
111	160	0.98854
111	162	0.991176
111	164	0.987287
111	170	0.996934
111	178	1.0007
112	5	0.961241
112	6	0.936255
112	10	0.959114
112	45	1.1081
112	97	1.05029
112	98	0.975472
112	99	1.04115
112	106	0.997358
112	137	1.01604
112	143	0.998105
112	151	1.0004
112	157	1.0113
112	159	0.995667
112	162	1.00262
112	166	1.00714
112	168	0.959056
112	169	1.00741
112	170	0.992459
112	172	1.00928
112	173	0.975348
112	175	0.997641
112	176	1.00078
112	177	1.00152
112	179	0.996249
112	180	0.99837
113	21	1.04907
113	30	0.929361
113	32	0.919441
113	34	1.06757
113	57	1.02015
113	95	1.06186
113	97	0.983
113	101	0.949847
113	111	1.0101
113	134	1.01394
113	135	1.01926
113	140	0.958812
113	141	0.982673
113	156	0.997916
113	157	0.992719
113	158	1.01621
113	160	1.00014
113	163	1.01783
113	165	1.01782
113	166	1.00123
113	167	0.979251
113	174	1.01578
113	175	1.00905
113	176	0.997488
113	180	1.0018
114	12	0.94478
114	15	0.899255
114	21	1.05197
114	35	1.05175
114	37	1.04386
114	60	1.00058
114	78	1.00372
114	105	0.933798
114	124	0.992863
114	128	1.00277
114	142	1.00517
114	149	1.07819
114	150	0.989523
114	152	1.00781
114	156	0.987344
114	161	0.997429
114	163	1.00726
114	165	1.00724
114	167	0.982151
114	168	1.01633
114	174	1.0052
114	176	1.00039
114	177	0.996524
114	178	0.990317
114	179	1.01147
115	19	1.03838
115	23	0.9959
115	24	0.982647
115	29	0.990936
115	38	0.944091
115	59	1.01813
115	70	0.968135
115	71	1.03071
115	87	0.985802
115	103	0.987575
115	107	0.972126
115	116	1.04155
115	133	0.985278
115	134	0.988664
115	136	0.988908
115	138	0.99651
115	140	1.02195
115	142	1.00592
115	144	1.01099
115	149	0.964108
115	155	1.02631
115	159	1.02794
115	167	0.990595
115	170	1.00226
115	180	1.04256
116	3	0.908283
116	8	1.05574
116	24	1.01505
116	32	1.09097
116	69	1.1047
116	70	1.00054
116	115	1.04155
116	117	1.07984
116	130	0.934116
116	133	1.01768
116	134	1.02107
116	136	1.02131
116	138	1.02891
116	140	1.05435
116	142	1.03832
116	145	0.990929
116	148	0.962864
116	149	0.996509
116	155	0.954549
116	158	0.963162
116	162	0.938798
116	167	0.918832
116	169	0.914178
116	170	1.03466
116	178	0.94832
116	180	0.970794
117	39	0.885749
117	43	1.10227
117	46	0.9207
117	49	0.955065
117	57	1.05217
117	80	1.02457
117	95	1.00961
117	116	1.07984
117	121	0.936702
117	124	1.03545
117	133	1.02357
117	135	0.967015
117	136	1.0272
117	139	1.02883
117	140	1.06024
117	141	1.01469
117	149	1.0024
117	165	1.04983
117	166	0.948984
117	172	0.946863
117	173	1.03575
117	176	0.945238
117	177	0.941374
117	178	1.0329
117	179	0.956323
117	180	1.03381
118	8	0.983748
118	22	0.966095
118	63	0.944355
118	93	1.01345
118	98	0.950303
118	106	0.972189
118	137	0.990866
118	143	0.972937
118	147	0.984764
118	149	1.10145
118	152	0.999124
118	154	1.04598
118	156	1.07313
118	157	1.07142
118	161	1.05013
118	165	0.997899
118	166	0.981967
118	167	1.00506
118	169	0.982243
118	170	1.05258
118	172	0.984109
118	175	0.972472
118	176	0.975609
118	177	0.976347
118	179	0.97108
118	180	0.973201
119	20	1.06952
119	31	0.915237
119	72	1.00405
119	81	1.06397
119	88	0.996693
119	90	0.99106
119	93	1.0331
119	95	0.953559
119	123	1.05567
119	126	1.0712
119	135	0.968722
119	137	0.98567
119	147	0.979568
119	151	0.970039
119	158	1.0694
119	159	0.965302
119	162	0.972255
119	163	1.05758
119	166	0.97677
119	167	0.99986
119	169	0.977046
119	174	1.04307
119	175	0.967275
119	176	0.970413
119	177	0.971151
119	179	0.965884
120	15	0.916768
120	38	1.06538
120	48	1.01121
120	69	0.919573
120	70	1.06483
120	74	0.958386
120	83	1.00271
120	87	1.06387
120	105	0.899129
120	108	1.04241
120	125	1.00657
120	141	1.01961
120	146	0.977389
120	149	1.04352
120	150	1.00704
120	152	1.02533
120	155	0.999846
120	159	0.984823
120	160	0.99443
120	161	1.01494
120	163	1.02477
120	167	0.947482
120	171	1.01106
120	174	1.02272
120	178	1.00783
120	179	0.976803
120	180	0.999444
121	41	0.910346
121	48	0.994493
121	63	0.981311
121	64	0.988512
121	71	0.984072
121	86	1.05709
121	101	1.08601
121	117	0.936702
121	135	1.01087
121	138	0.981887
121	143	1.00989
121	147	1.02172
121	152	0.945344
121	154	0.992198
121	159	1.00745
121	160	0.998583
121	162	1.01441
121	166	1.01892
121	169	1.0192
121	172	1.02106
121	173	0.981688
121	175	1.00943
121	176	1.01256
121	177	1.0133
121	178	0.981123
121	179	1.00804
121	180	1.01016
122	26	0.996835
122	44	0.931313
122	46	1.07068
122	47	0.963977
122	48	1.00983
122	52	1.0211
122	65	0.977625
122	97	0.991649
122	100	0.982451
122	111	1.01875
122	127	0.98426
122	129	1.02208
122	131	0.979061
122	132	1.01005
122	144	1.03801
122	153	1.01105
122	157	1.00137
122	158	1.02486
122	160	1.00879
122	164	1.00753
122	166	0.98895
122	168	0.980728
122	170	1.01718
122	171	0.994183
122	172	0.986829
122	174	0.984966
122	179	0.996289
123	40	0.919204
123	76	0.989604
123	84	0.893217
123	93	1.01883
123	105	0.924183
123	106	1.05237
123	119	1.05567
123	126	0.999257
123	130	1.02089
123	139	0.99703
123	146	0.977167
123	148	1.00209
123	152	1.0251
123	154	1.01754
123	159	1.00988
123	161	1.01472
123	163	1.02455
123	165	1.02453
123	167	0.972536
123	168	1.03362
123	171	1.01084
123	172	0.992398
123	173	1.01045
123	174	1.02249
123	176	0.990773
123	178	1.00761
123	179	1.00186
124	15	0.891568
124	31	1.1206
124	49	0.998248
124	55	0.988295
124	83	0.977511
124	85	0.973354
124	101	1.10456
124	108	1.01721
124	114	0.992863
124	117	1.03545
124	131	1.00802
124	140	0.949746
124	141	1.04232
124	149	1.06622
124	154	0.99256
124	155	0.974646
124	161	0.989742
124	165	0.999556
124	168	1.00864
124	169	0.965531
124	171	0.985859
124	172	0.990047
124	173	0.985471
124	174	0.997517
124	176	0.988421
124	177	0.984557
124	178	0.982629
124	179	0.999506
125	12	0.94452
125	56	0.996044
125	65	1.0797
125	68	1.09058
125	72	1.01412
125	86	0.945579
125	88	1.03453
125	109	0.993117
125	120	1.00657
125	132	1.04422
125	138	1.01214
125	145	0.961911
125	146	0.948382
125	150	0.978028
125	152	0.996319
125	153	1.04485
125	154	0.988753
125	155	0.970839
125	156	0.975849
125	161	0.985935
125	163	0.995761
125	165	0.99575
125	173	0.981664
125	174	0.99371
125	176	1.00013
125	178	0.978822
125	179	1.01121
125	180	1.03385
126	10	1.01095
126	22	1.04579
126	35	1.03317
126	45	0.91533
126	49	1.01613
126	79	0.913733
126	89	1.01569
126	104	1.01067
126	108	1.00632
126	119	1.0712
126	123	0.999257
126	127	1.07345
126	152	0.98923
126	154	0.981663
126	156	0.96876
126	159	1.0254
126	161	0.978846
126	163	0.988671
126	164	0.96973
126	165	0.98866
126	168	0.997745
126	169	0.98341
126	173	0.974575
126	175	1.01786
126	176	1.0063
126	178	0.971733
126	179	1.01738
126	180	1.04003
127	17	1.00191
127	26	0.942102
127	28	1.0716
127	73	0.992679
127	78	1.04888
127	90	0.993311
127	97	0.936916
127	102	0.992597
127	103	0.983768
127	111	0.964013
127	122	0.98426
127	126	1.07345
127	129	0.96735
127	132	0.955319
127	137	1.0463
127	144	0.983278
127	146	1.11254
127	148	1.07135
127	153	0.95632
127	155	1.06303
127	157	0.946634
127	158	0.970129
127	160	0.954054
127	164	0.952801
127	165	1.0198
127	170	0.962448
127	172	1.04718
127	179	1.05664
127	180	0.955713
128	8	0.944331
128	18	0.958463
128	24	1.02795
128	30	1.11678
128	82	1.0468
128	91	0.943915
128	114	1.00277
128	131	1.01793
128	132	0.993053
128	134	1.00069
128	138	0.996251
128	139	0.990493
128	140	0.94556
128	141	1.03813
128	142	0.989013
128	144	1.02101
128	148	0.987026
128	153	0.994054
128	157	0.984368
128	158	1.00786
128	160	0.991788
128	162	0.997697
128	163	1.00948
128	167	1.0253
128	172	1.00436
128	173	0.99538
128	175	0.992718
128	177	0.996593
128	178	0.992538
128	179	0.991326
129	12	1.03432
129	13	1.03432
129	26	0.979925
129	43	0.946058
129	48	1.02524
129	52	1.00419
129	53	1.00664
129	86	0.94607
129	97	0.974738
129	100	0.997865
129	107	0.963912
129	111	1.00184
129	122	1.02208
129	127	0.96735
129	132	0.993142
129	144	1.0211
129	146	1.06761
129	153	0.994143
129	155	1.0181
129	157	0.984457
129	158	1.00795
129	160	0.991877
129	161	1.02709
129	162	1.00235
129	164	0.990624
129	168	0.996142
129	170	1.00027
129	176	1.00062
129	179	1.0117
129	180	0.993536
130	2	1.18073
130	44	1.0756
130	54	0.989052
130	56	1.02047
130	65	0.961457
130	67	1.07039
130	101	0.942328
130	116	0.934116
130	123	1.02089
130	131	1.01876
130	132	0.993885
130	139	0.989298
130	141	0.975154
130	147	0.977187
130	150	0.992577
130	151	1.00658
130	153	0.994886
130	157	0.9852
130	158	1.00869
130	159	0.99456
130	160	0.99262
130	162	0.977185
130	165	1.0103
130	168	1.01938
130	169	0.952565
130	174	1.00826
130	175	0.987019
130	176	0.975456
130	177	0.971591
130	180	0.994279
131	20	0.994277
131	45	0.949069
131	48	1.00885
131	50	1.03734
131	55	1.01114
131	65	1.05184
131	79	0.879698
131	81	0.876106
131	83	1.00035
131	85	0.996197
131	90	1.04989
131	98	1.01278
131	106	1.03386
131	110	1.00537
131	122	0.979061
131	124	1.00802
131	128	1.01793
131	130	1.01876
131	149	1.05006
131	150	1.00468
131	152	1.02297
131	156	1.0025
131	159	0.991369
131	161	1.01258
131	162	0.973994
131	166	0.976011
131	168	1.03148
131	171	1.0087
131	172	0.97389
131	174	1.02036
131	178	1.00547
131	180	1.00599
132	11	1.02401
132	26	0.967895
132	37	0.962788
132	39	0.963008
132	41	0.962972
132	46	1.04174
132	47	1.00127
132	53	0.99461
132	55	1.02938
132	65	0.948684
132	73	1.01847
132	97	0.962708
132	111	0.989805
132	122	1.01005
132	125	1.04422
132	127	0.955319
132	128	0.993053
132	129	0.993142
132	130	0.993885
132	144	1.00907
132	145	1.07636
132	153	0.982113
132	155	1.03998
132	157	0.972426
132	158	0.995922
132	160	0.979847
132	166	1.02624
132	168	1.01802
132	170	0.988241
132	173	1.03431
132	174	1.02226
132	177	1.01863
132	180	0.981506
133	6	1.02109
133	19	1.01451
133	23	0.972033
133	24	0.95878
133	29	0.967069
133	32	1.03471
133	38	0.947755
133	43	1.04012
133	50	1.00261
133	58	0.861712
133	70	0.944268
133	71	1.00684
133	80	1.0491
133	104	1.00968
133	115	0.985278
133	116	1.01768
133	117	1.02357
133	134	0.964797
133	136	0.965041
133	138	0.972643
133	141	1.06639
133	142	0.982049
133	143	1.06087
133	148	1.03829
133	149	0.940241
133	151	1.04362
133	155	1.02998
133	161	1.03897
133	169	0.989605
133	170	0.97839
133	173	1.02431
133	176	1.0125
133	180	1.04622
134	6	1.02447
134	8	1.00285
134	10	0.990441
134	19	1.0179
134	23	0.97542
134	24	0.962167
134	28	1.02091
134	29	0.970455
134	51	0.994525
134	69	1.05182
134	70	0.947654
134	71	1.01023
134	79	0.902293
134	83	1.02617
134	95	1.05923
134	96	1.07787
134	104	1.01307
134	113	1.01394
134	115	0.988664
134	116	1.02107
134	128	1.00069
134	133	0.964797
134	136	0.968428
134	137	0.995604
134	138	0.976029
134	140	1.00147
134	142	0.985436
134	146	1.06185
134	149	0.943628
134	155	1.01234
134	164	1.04139
134	166	0.998605
134	170	0.981777
135	51	1.00715
135	68	0.947439
135	74	1.0182
135	79	1.07875
135	88	0.953574
135	94	1.00963
135	95	0.96817
135	98	0.959718
135	101	1.11633
135	109	1.03034
135	113	1.01926
135	117	0.967015
135	119	0.968722
135	121	1.01087
135	137	1.00028
135	143	0.982352
135	147	0.994179
135	150	1.03266
135	151	0.98465
135	154	1.02251
135	155	0.973725
135	164	1.04672
135	165	0.974431
135	167	1.01447
135	169	0.991658
135	172	0.993524
135	174	0.999947
135	175	0.981887
135	176	0.985025
135	177	0.985762
135	178	1.01144
135	179	0.980495
135	180	0.982616
136	6	1.02472
136	19	1.01814
136	23	0.975664
136	32	1.03834
136	50	1.00624
136	51	0.994768
136	62	1.05375
136	64	0.953641
136	69	1.05206
136	71	1.01047
136	85	0.99562
136	86	0.936681
136	104	1.01331
136	105	0.924639
136	115	0.988908
136	116	1.02131
136	117	1.0272
136	133	0.965041
136	134	0.968428
136	138	0.976273
136	140	1.00171
136	142	0.98568
136	146	1.05822
136	149	0.943872
136	151	1.02235
136	153	1.03595
136	155	1.00871
136	161	1.0177
136	162	0.992958
136	163	1.0055
136	170	0.982021
136	173	1.00304
136	174	0.990991
136	178	1.00248
136	179	1.00231
137	3	1.04261
137	4	0.908789
137	13	0.965899
137	63	0.970719
137	70	1.07827
137	75	1.03144
137	87	0.956123
137	92	1.0187
137	95	0.985119
137	102	0.975124
137	109	1.00931
137	112	1.01604
137	118	0.990866
137	119	0.98567
137	127	1.0463
137	134	0.995604
137	135	1.00028
137	142	0.98393
137	154	1.00148
137	155	0.990673
137	157	1.02692
137	162	1.00381
137	163	0.993427
137	166	1.00833
137	167	1.03142
137	169	1.00861
137	172	1.01047
137	173	0.990968
137	174	0.978914
137	175	0.998835
137	176	1.00197
137	177	1.00271
137	178	0.990403
137	179	0.997444
137	180	0.999565
138	6	1.03232
138	7	1.03043
138	8	1.0107
138	19	1.02574
138	23	0.983265
138	24	0.970012
138	29	0.978301
138	32	1.04594
138	69	1.05967
138	70	0.9555
138	71	1.01807
138	89	0.954358
138	94	0.997424
138	103	0.969166
138	106	1.05202
138	110	1.02353
138	115	0.99651
138	116	1.02891
138	121	0.981887
138	125	1.01214
138	128	0.996251
138	133	0.972643
138	134	0.976029
138	136	0.976273
138	140	1.00931
138	142	0.993282
138	143	1.0388
138	149	0.951474
138	154	1.01275
138	166	0.994169
138	167	0.972187
138	170	0.989622
138	172	0.992049
138	173	1.00224
138	178	1.00167
139	18	1.04104
139	33	1.04854
139	34	1.04269
139	36	0.908967
139	37	0.924957
139	40	1.0318
139	43	1.04538
