1	105	1.20997
1	122	1.22227
1	163	1.16253
1	164	0.914227
1	169	0.939085
1	170	0.918938
1	171	0.945906
1	172	0.920059
1	173	0.921523
1	174	0.960356
1	175	0.940525
1	177	0.939383
2	52	0.996339
2	70	1.03179
2	83	1.06155
2	114	1.03768
2	122	0.908581
2	132	1.03326
2	137	0.894597
2	142	0.906272
2	161	0.884304
2	171	1.07464
2	174	1.08909
2	180	1.07565
3	14	1.09311
3	103	1.03435
3	109	0.829757
3	125	0.885156
3	150	1.04735
3	151	1.04515
3	154	1.06016
3	156	1.03811
3	163	1.06873
3	167	1.05243
3	168	1.05373
3	180	0.799797
4	6	0.861224
4	54	1.08251
4	65	1.01657
4	76	0.985935
4	85	1.04427
4	86	1.04427
4	88	1.07532
4	107	0.902871
4	132	0.946842
4	176	1.08481
4	179	1.06632
4	180	0.897448
5	60	0.944966
5	70	1.02228
5	73	1.1117
5	83	1.05203
5	86	0.830118
5	104	0.946145
5	121	0.922547
5	151	0.894638
5	170	1.03815
5	174	1.07957
5	176	1.09089
5	178	1.06041
6	4	0.861224
6	24	0.963681
6	88	0.879355
6	116	0.888575
6	134	1.03759
6	166	1.05022
6	167	1.04807
6	168	1.04937
6	173	1.03795
6	177	1.05581
6	178	1.05763
6	180	1.06335
7	84	1.2008
7	140	0.901954
7	156	1.21208
7	157	0.92559
7	160	0.912098
7	165	0.953049
7	166	1.18193
7	169	0.940238
7	173	0.922675
7	174	0.961509
7	177	0.940536
7	178	0.942352
8	38	1.37106
8	148	0.956972
8	150	1.12744
8	153	0.931302
8	165	0.946088
8	167	1.09667
8	169	0.933277
8	170	0.91313
8	172	0.914251
8	173	0.915715
8	174	0.954548
8	175	0.934717
9	14	0.866962
9	26	0.939126
9	41	1.43425
9	42	1.22064
9	114	0.912236
9	116	0.969884
9	154	0.942664
9	167	0.934936
9	168	0.936238
9	169	0.942376
9	178	0.94449
9	180	0.950214
10	53	1.08251
10	65	1.01657
10	76	0.985935
10	85	1.04427
10	86	1.04427
10	88	1.07532
10	140	0.991121
10	143	0.883084
10	159	0.851627
10	176	1.08481
10	179	1.06632
10	180	0.878563
11	39	0.970227
11	93	0.812981
11	131	1.0233
11	150	0.916923
11	152	1.03896
11	153	1.05692
11	161	0.89395
11	162	1.05958
11	170	1.03875
11	173	1.04133
11	174	1.08016
11	178	1.06101
12	24	1.09275
12	58	0.794271
12	76	1.03699
12	85	1.09532
12	86	1.09532
12	88	1.12638
12	160	0.866757
12	169	0.837182
12	171	0.809271
12	176	1.13586
12	179	1.11737
13	82	1.21617
13	114	0.908087
13	116	0.965736
13	124	1.21681
13	129	0.921299
13	135	0.929182
13	153	0.936252
13	155	0.938132
13	159	0.914906
13	176	1.16227
13	178	0.940341
13	180	0.946066
14	3	1.09311
14	9	0.866962
14	23	0.94855
14	53	1.13336
14	140	0.909371
14	149	0.947638
14	157	0.933007
14	159	1.3706
14	169	0.947655
14	175	0.949095
14	177	0.947953
14	178	0.949769
15	23	0.960696
15	89	1.03253
15	95	1.06514
15	97	1.13514
15	100	1.04037
15	111	1.06706
15	114	0.988046
15	116	1.04569
15	160	0.934061
15	174	0.862255
15	178	0.850941
15	180	1.02602
16	22	0.895969
16	39	0.882409
16	47	0.962755
16	52	0.832891
16	57	0.943596
16	70	0.868345
16	71	0.99894
16	73	0.95777
16	83	0.898099
16	94	1.19724
16	101	1.36237
16	139	0.859225
16	179	1.34575
17	70	0.943813
17	113	1.048
17	117	0.979397
17	122	1.00345
17	123	0.99721
17	134	1.00666
17	145	0.991225
17	146	1.02757
17	158	0.9909
17	160	1.03011
17	161	1.02719
17	166	1.01929
17	177	0.93879
18	75	0.910525
18	104	1.00368
18	106	0.992665
18	117	0.979539
18	133	1.0217
18	135	1.01568
18	137	1.03986
18	145	0.991367
18	159	1.0014
18	161	1.02734
18	166	1.01944
18	172	0.998841
18	175	1.00594
19	26	1.74403
19	47	0.865711
19	71	0.901897
19	73	0.860727
19	83	0.801055
19	112	2.15229
19	114	0.777185
19	116	0.834833
19	149	0.807308
19	152	0.787388
19	165	0.820136
19	174	0.828596
19	180	0.815163
20	98	1.04088
20	115	0.981663
20	118	1.0167
20	132	0.948048
20	140	1.01121
20	142	1.01
20	150	1.0117
20	151	1.0095
20	156	1.00247
20	163	1.03309
20	167	1.01679
20	168	1.01809
20	171	0.908032
21	108	1.01924
21	115	1.01256
21	117	0.975915
21	119	1.0104
21	135	1.01206
21	146	1.02408
21	155	1.02101
21	159	0.997781
21	161	1.02371
21	163	0.862022
21	164	1.03304
21	166	1.01581
21	177	0.992395
22	16	0.895969
22	47	1.07306
22	52	0.943192
22	57	1.0539
22	70	0.978646
22	71	1.10924
22	73	1.06807
22	83	1.0084
22	139	0.969526
22	153	0.988307
22	160	1.03426
22	164	0.983584
22	179	0.900924
23	14	0.94855
23	15	0.960696
23	42	0.858329
23	54	0.988644
23	147	1.01911
23	154	1.08607
23	158	1.00261
23	170	1.00382
23	172	1.00494
23	174	1.04524
23	175	1.0254
23	177	1.02426
23	178	1.02608
24	6	0.963681
24	12	1.09275
24	65	0.976907
24	76	0.946272
24	78	0.977891
24	85	1.0046
24	86	1.0046
24	88	1.03566
24	120	0.988264
24	139	0.967406
24	176	1.04514
24	177	0.975448
24	179	1.02666
25	51	0.923273
25	63	0.974447
25	74	0.991493
25	89	0.996096
25	95	1.0287
25	97	1.0987
25	100	1.00394
25	111	1.03062
25	114	0.951609
25	116	1.00926
25	129	1.04513
25	179	0.965412
25	180	0.989588
26	9	0.939126
26	19	1.74403
26	41	0.991931
26	44	0.669941
26	110	1.00948
26	119	1.016
26	123	0.999333
26	138	1.00253
26	155	1.02661
26	159	1.00339
26	160	0.550182
26	161	1.02932
26	166	1.02142
27	84	1.00367
27	115	0.977017
27	130	1.03351
27	140	1.06356
27	150	1.00706
27	151	1.00486
27	154	1.01987
27	158	0.978656
27	162	0.92998
27	163	1.02845
27	167	1.01214
27	168	1.01344
27	178	0.934748
28	40	0.972078
28	98	1.079
28	108	1.02074
28	122	1.00147
28	133	1.01958
28	134	1.00468
28	145	0.989241
28	155	1.0225
28	157	0.987147
28	159	0.999278
28	161	1.02521
28	166	1.01731
28	179	0.870298
29	106	0.935916
29	121	0.99729
29	123	0.995558
29	127	0.925437
29	135	1.01389
29	137	1.03806
29	140	1.04431
29	145	0.989574
29	155	1.02284
29	159	0.999611
29	160	0.998614
29	161	1.02554
29	166	1.01764
30	64	1.04176
30	119	0.990261
30	120	1.00173
30	145	1.01805
30	148	1.03921
30	157	1.00087
30	162	1.01621
30	169	1.01552
30	170	0.995372
30	172	0.996493
30	175	1.01696
30	176	0.845241
30	178	1.01763
31	68	0.992235
31	102	1.03401
31	123	0.920404
31	136	1.02796
31	145	0.947869
31	149	1.01845
31	160	0.990323
31	170	0.998315
31	171	1.02528
31	172	0.999436
31	173	1.0009
31	177	1.01876
31	178	1.02058
32	74	0.991493
32	89	0.996096
32	94	0.880512
32	95	1.0287
32	97	1.0987
32	100	1.00394
32	109	1.12546
32	111	1.03062
32	114	0.951609
32	116	1.00926
32	119	1.02063
32	176	0.875606
32	180	0.989588
33	38	1.0675
33	42	1.2306
33	56	1.2306
33	60	1.09685
33	62	1.27033
33	66	1.26134
33	101	0.693248
33	128	0.751826
33	144	0.743878
33	156	0.673462
33	176	1.24278
33	180	0.743103
34	60	0.890921
34	66	1.05542
34	88	1.02736
34	98	1.08101
34	111	1.05312
34	114	0.974113
34	116	1.03176
34	173	0.95642
34	175	0.95623
34	176	1.03685
34	177	0.914329
34	179	1.01836
34	180	1.01209
35	92	1.05748
35	124	1.09058
35	125	0.898119
35	130	1.10623
35	142	1.07808
35	152	0.88024
35	153	0.833668
35	156	1.07054
35	163	1.10117
35	165	0.767176
35	167	1.08486
35	168	1.08616
35	170	0.829858
35	176	1.1249
36	58	0.991043
36	66	0.920887
36	114	1.16068
36	135	1.08657
36	147	0.98309
36	158	0.966586
36	160	0.959805
36	163	1.02544
36	164	0.963086
36	165	1.00076
36	170	0.967797
36	173	0.970382
36	174	1.00922
36	177	0.988242
37	104	0.962942
37	113	1.0074
37	134	0.966067
37	135	0.974941
37	146	0.986969
37	149	1.06448
37	154	0.971684
37	155	0.983891
37	159	0.960666
37	161	0.986597
37	166	0.978697
37	170	1.10043
37	178	1.06708
37	180	0.991825
38	8	1.37106
38	33	1.0675
38	42	0.900807
38	56	0.900807
38	60	0.767058
38	62	0.940543
38	66	0.931555
38	75	0.922649
38	94	0.919012
38	125	0.83708
38	128	1.26016
38	153	1.27235
38	176	0.912987
39	11	0.970227
39	16	0.882409
39	70	0.965086
39	83	0.99484
39	114	0.970969
39	116	1.02862
39	125	0.957799
39	132	1.11053
39	141	1.03568
39	151	0.986386
39	158	1.08878
39	163	1.00997
39	168	0.994972
39	180	1.00895
40	28	0.972078
40	59	1.20022
40	100	0.952396
40	147	0.97957
40	156	1.06989
40	162	0.985114
40	165	0.997235
40	169	0.984424
40	170	0.964276
40	172	0.965397
40	173	0.966861
40	175	0.985863
40	177	0.984722
40	178	0.986538
41	9	1.43425
41	26	0.991931
41	101	0.928583
41	104	0.967248
41	137	1.00342
41	138	0.964115
41	145	0.954935
41	146	0.991275
41	150	0.882043
41	155	0.988197
41	159	0.964971
41	161	0.990903
41	162	0.957415
41	166	0.983002
42	9	1.22064
42	23	0.858329
42	33	1.2306
42	38	0.900807
42	56	1.0639
42	60	0.930153
42	62	1.10364
42	66	1.09465
42	125	1.00017
42	174	0.759888
42	176	1.07608
42	180	0.76483
43	58	1.05271
43	110	0.985136
43	127	0.942885
43	130	1.00402
43	132	1.10772
43	142	0.975869
43	150	0.97757
43	151	0.97537
43	154	0.990382
43	156	0.968333
43	163	0.998959
43	167	0.982654
43	168	0.983956
43	180	1.05833
44	26	0.669941
44	98	0.932188
44	120	0.975178
44	127	1.28453
44	141	0.976331
44	161	1.17148
44	162	0.989661
44	169	0.988971
44	172	0.969944
44	173	0.971408
44	174	1.01024
44	176	1.07095
44	177	0.989269
44	180	0.996809
45	71	0.909509
45	78	0.999592
45	99	0.934777
45	118	1.03833
45	134	1.15523
45	136	1.00306
45	140	0.955273
45	144	0.990245
45	147	0.988703
45	160	0.965418
45	168	1.0906
45	170	0.97341
45	177	0.993855
45	178	0.995671
46	123	1.12514
46	139	1.17082
46	143	0.934788
46	145	1.15261
46	152	0.941047
46	162	0.961674
46	163	1.04486
46	164	0.936125
46	169	0.960983
46	171	0.967804
46	172	0.941957
46	175	0.962423
46	177	0.961281
46	178	0.963097
46	180	0.968822
47	16	0.962755
47	19	0.865711
47	22	1.07306
47	52	1.00998
47	57	1.12068
47	70	1.04543
47	71	1.17603
47	73	1.13486
47	75	0.841555
47	83	1.07519
47	136	0.888661
47	139	1.03631
47	170	0.936625
47	171	0.928906
47	174	0.914586
48	108	1.07278
48	118	1.0672
48	129	0.94396
48	133	1.17023
48	134	1.1841
48	148	0.984583
48	158	0.939529
48	160	0.932749
48	169	0.960888
48	170	0.940741
48	171	0.967709
48	173	0.943326
48	175	0.962328
48	177	0.961186
48	178	0.963002
49	91	0.810709
49	98	1.00691
49	120	1.0499
49	121	0.97233
49	149	1.06368
49	151	0.94442
49	152	1.04376
49	153	1.06172
49	154	0.903705
49	160	1.03555
49	163	0.860522
49	170	1.04355
49	175	1.06513
49	177	1.06399
49	178	1.06581
50	118	0.955862
50	126	0.960389
50	127	0.916176
50	130	0.977315
50	138	1.09998
50	140	1.23926
50	150	0.950861
50	151	0.948661
50	154	0.963673
50	156	0.941624
50	158	1.15436
50	161	1.00734
50	163	0.97225
50	167	0.955944
50	168	0.957246
51	25	0.923273
51	67	1.00809
51	72	0.915054
51	85	0.839429
51	88	0.806965
51	140	1.02451
51	143	1.03659
51	157	1.04814
51	160	1.03465
51	162	1.06348
51	164	1.03793
51	170	1.04264
51	174	1.08406
51	177	1.06309
51	178	1.0649
52	2	0.996339
52	16	0.832891
52	22	0.943192
52	47	1.00998
52	57	0.990819
52	70	0.915569
52	71	1.04616
52	73	1.00499
52	83	0.945322
52	125	0.908281
52	139	0.906449
52	164	1.16163
52	177	1.12099
52	179	1.07897
52	180	1.14545
53	10	1.08251
53	14	1.13336
53	54	1.08367
53	65	1.01773
53	76	0.987092
53	85	1.04543
53	86	1.04543
53	88	1.07648
53	139	1.00823
53	144	0.840828
53	158	0.867705
53	171	0.849431
53	176	1.08597
53	177	0.815595
53	179	1.06748
54	4	1.08251
54	23	0.988644
54	53	1.08367
54	65	1.01773
54	76	0.987092
54	85	1.04543
54	86	1.04543
54	88	1.07648
54	139	1.00823
54	148	0.826517
54	158	0.922797
54	162	0.874121
54	176	1.08597
54	179	1.06748
54	180	0.895145
55	112	0.933945
55	118	0.958506
55	127	0.91882
55	130	0.979959
55	148	1.07739
55	150	0.953505
55	151	0.951305
55	154	0.966317
55	156	0.944268
55	163	0.974894
55	164	1.1622
55	167	0.958589
55	168	0.959891
55	177	1.12156
55	180	1.14602
56	33	1.2306
56	38	0.900807
56	42	1.0639
56	60	0.930153
56	62	1.10364
56	66	1.09465
56	125	1.00017
56	144	0.926229
56	152	0.992934
56	168	0.825545
56	176	1.07608
56	179	0.858979
57	16	0.943596
57	22	1.0539
57	47	1.12068
57	52	0.990819
57	70	1.02627
57	71	1.15687
57	73	1.1157
57	79	1.03986
57	83	1.05603
57	99	0.956192
57	109	0.85834
57	125	1.01899
57	139	1.01715
57	149	0.809528
57	175	0.845824
58	12	0.794271
58	36	0.991043
58	43	1.05271
58	132	0.991615
58	135	1.0049
58	136	1.03567
58	140	0.987883
58	144	1.02286
58	163	0.943769
58	166	0.998807
58	172	1.00714
58	174	1.04744
58	175	1.02761
58	177	1.02647
58	178	1.02828
58	180	1.03401
59	40	1.20022
59	64	0.931356
59	117	0.902101
59	119	0.93658
59	122	0.926157
59	123	0.919913
59	125	1.25027
59	133	0.944265
59	135	0.938241
59	137	0.962417
59	138	0.92311
59	159	0.923966
59	161	0.949897
59	164	1.1811
59	166	0.941997
59	171	1.17429
60	5	0.944966
60	33	1.09685
60	34	0.890921
60	38	0.767058
60	42	0.930153
60	56	0.930153
60	62	0.969889
60	66	0.960901
60	75	0.951995
60	94	0.948358
60	107	1.18358
60	125	0.866426
60	143	1.18268
60	160	1.24502
60	173	1.19579
60	176	0.942333
61	96	1.04323
61	108	1.02385
61	121	1.00007
61	138	1.00153
61	145	0.992351
61	146	1.02869
61	148	0.895794
61	149	0.945569
61	155	1.02561
61	158	0.992074
61	159	1.00239
61	161	1.02832
61	166	1.02042
61	169	1.00171
61	171	0.973799
61	180	1.03355
62	33	1.27033
62	38	0.940543
62	42	1.10364
62	56	1.10364
62	60	0.969889
62	66	1.13439
62	94	1.12184
62	125	1.03991
62	169	0.867303
62	171	0.839391
62	174	0.825071
62	175	0.847457
62	176	1.11582
62	180	0.830013
63	25	0.974447
63	84	0.965853
63	110	0.973588
63	136	1.03421
63	147	1.01986
63	152	1.00478
63	153	1.02274
63	155	0.932951
63	158	1.00335
63	164	0.999854
63	168	0.946872
63	171	1.03153
63	172	1.00569
63	175	1.02615
63	177	1.02501
63	178	1.02683
64	30	1.04176
64	59	0.931356
64	68	0.985635
64	94	0.865861
64	96	1.02466
64	99	0.948357
64	119	0.996431
64	122	0.986008
64	141	1.0554
64	144	1.08163
64	146	1.01012
64	149	1.062
64	155	1.00704
64	159	0.983817
64	161	1.00975
64	166	1.00185
64	180	1.01498
65	4	1.01657
65	10	1.01657
65	24	0.976907
65	53	1.01773
65	54	1.01773
65	76	0.92115
65	85	0.979484
65	86	0.979484
65	88	1.01054
65	119	0.961315
65	125	1.12155
65	128	1.04491
65	139	0.942284
65	148	0.967562
65	176	1.02002
65	177	1.01173
65	179	1.00153
66	33	1.26134
66	34	1.05542
66	36	0.920887
66	38	0.931555
66	42	1.09465
66	56	1.09465
66	60	0.960901
66	62	1.13439
66	75	1.11649
66	84	0.763909
66	94	1.11285
66	125	1.03092
66	147	0.851166
66	157	0.895211
66	171	0.854216
66	176	1.10683
66	177	0.820381
67	51	1.00809
67	85	0.960521
67	110	0.985822
67	121	0.97741
67	133	1.00003
67	134	0.985132
67	138	0.978875
67	145	0.969694
67	146	1.00603
67	155	1.00296
67	159	0.979731
67	161	1.00566
67	166	0.997762
67	167	0.989536
67	177	1.09224
67	179	1.05022
67	180	1.01089
68	31	0.992235
68	64	0.985635
68	69	0.981817
68	91	0.896859
68	121	0.975923
68	123	0.974192
68	127	1.09519
68	133	0.998543
68	135	0.99252
68	137	1.0167
68	145	0.968207
68	146	1.00455
68	149	1.08265
68	151	1.03057
68	155	1.00147
68	161	1.00418
68	166	0.996275
69	68	0.981817
69	98	1.15563
69	99	0.944539
69	104	0.982275
69	108	1.00146
69	121	0.977678
69	133	1.0003
69	137	1.01845
69	146	1.0063
69	155	1.00322
69	159	0.979999
69	161	1.00593
69	165	0.967818
69	166	0.99803
69	173	1.03104
69	174	1.00846
69	179	0.946927
70	2	1.03179
70	5	1.02228
70	16	0.868345
70	17	0.943813
70	22	0.978646
70	39	0.965086
70	47	1.04543
70	52	0.915569
70	57	1.02627
70	71	1.08162
70	73	1.04045
70	83	0.980776
70	94	0.869799
70	125	0.943735
70	160	1.15165
70	165	1.0392
70	173	1.10242
71	16	0.99894
71	19	0.901897
71	22	1.10924
71	45	0.909509
71	47	1.17603
71	52	1.04616
71	57	1.15687
71	70	1.08162
71	73	1.17104
71	83	1.11137
71	125	1.07433
71	139	1.0725
71	140	0.935779
71	153	0.844128
71	164	0.839406
71	179	0.756745
71	180	0.823221
72	51	0.915054
72	112	0.970298
72	115	0.959819
72	125	1.10903
72	127	0.955173
72	150	0.989858
72	151	0.987658
72	154	1.00267
72	156	0.980622
72	162	1.00264
72	163	1.01125
72	164	1.03985
72	167	0.994942
72	168	0.996244
72	175	1.04111
72	176	1.03498
72	179	1.01649
73	5	1.1117
73	16	0.95777
73	19	0.860727
73	22	1.06807
73	47	1.13486
73	52	1.00499
73	57	1.1157
73	70	1.04045
73	71	1.17104
73	83	1.0702
73	125	1.03316
73	139	1.03133
73	149	0.908473
73	157	0.977699
73	169	0.964615
73	174	0.922383
73	176	0.707431
73	180	0.927326
74	25	0.991493
74	32	0.991493
74	89	1.04716
74	95	1.07976
74	97	1.14976
74	100	1.055
74	111	1.08168
74	114	1.00267
74	116	1.06032
74	120	0.912426
74	134	0.888785
74	143	0.928589
74	174	0.919125
74	179	0.857592
74	180	1.04065
75	18	0.910525
75	38	0.922649
75	47	0.841555
75	60	0.951995
75	66	1.11649
75	76	0.987115
75	110	0.953056
75	111	0.790277
75	142	1.0511
75	146	0.909091
75	163	1.07419
75	167	1.05789
75	168	1.05919
75	173	1.04776
75	174	1.0866
75	175	1.06677
75	176	1.09792
75	178	1.06744
76	4	0.985935
76	10	0.985935
76	12	1.03699
76	24	0.946272
76	53	0.987092
76	54	0.987092
76	65	0.92115
76	75	0.987115
76	85	0.948848
76	86	0.948848
76	88	0.979901
76	99	1.1929
76	128	1.07381
76	139	0.911649
76	147	1.07142
76	170	1.08219
76	176	0.989388
76	179	0.970899
77	102	0.972637
77	107	0.930403
77	112	1.00274
77	124	1.03311
77	125	1.01034
77	126	1.03183
77	130	1.04875
77	142	1.0206
77	147	0.931308
77	150	1.0223
77	151	1.0201
77	154	1.03511
77	156	1.01306
77	163	1.04369
77	164	0.941165
77	167	1.02738
77	168	1.02869
77	169	0.962269
77	172	0.935322
78	24	0.977891
78	45	0.999592
78	97	0.77486
78	108	0.935607
78	119	1.00733
78	133	1.03306
78	136	1.0386
78	140	0.990819
78	141	1.01646
78	144	1.02579
78	146	0.96505
78	153	1.02713
78	162	1.02979
78	164	1.00425
78	165	1.04191
78	169	1.0291
78	171	1.03592
78	177	1.0294
78	178	1.03122
79	57	1.03986
79	100	1.12857
79	105	1.20831
79	106	0.947416
79	118	1.16352
79	129	0.936029
79	130	1.15319
79	148	0.976652
79	152	0.933021
79	153	0.950982
79	157	0.938309
79	162	0.953648
79	169	0.952957
79	171	0.959778
79	172	0.933931
79	173	0.935395
79	174	0.974228
79	175	0.954397
79	177	0.953255
80	133	0.991507
80	135	0.94695
80	142	0.943253
80	143	1.0041
80	144	1.02698
80	147	1.02544
80	149	1.03027
80	155	0.926823
80	157	1.01564
80	158	1.00893
80	164	1.00543
80	166	0.940861
80	168	0.940744
80	171	1.03711
80	172	1.01127
80	173	1.01273
80	174	1.05156
80	178	1.03241
80	180	1.03813
81	90	1.16974
81	92	0.929323
81	102	0.901957
81	115	0.921581
81	124	0.962426
81	126	0.961148
81	130	0.978074
81	142	0.949919
81	150	0.95162
81	151	0.94942
81	154	0.964432
81	155	1.03161
81	156	0.942383
81	160	1.21231
81	163	0.973009
81	167	0.956704
81	168	0.958006
81	170	1.16254
81	178	1.12919
82	13	1.21617
82	93	1.03824
82	115	0.965368
82	118	1.00041
82	124	1.00621
82	126	1.00493
82	127	0.960721
82	150	0.995406
82	151	0.993207
82	152	1.00571
82	153	0.959135
82	154	1.00822
82	156	0.98617
82	159	0.911292
82	163	1.0168
82	167	1.00049
82	168	1.00179
82	169	0.975517
82	179	1.02204
82	180	0.938228
83	2	1.06155
83	5	1.05203
83	16	0.898099
83	19	0.801055
83	22	1.0084
83	39	0.99484
83	47	1.07519
83	52	0.945322
83	57	1.05603
83	70	0.980776
83	71	1.11137
83	73	1.0702
83	94	0.83204
83	125	0.973489
83	128	1.05575
83	139	0.971656
83	146	0.92987
83	169	1.08432
83	172	1.05737
83	180	1.04703
84	7	1.2008
84	27	1.00367
84	63	0.965853
84	66	0.763909
84	103	0.981636
84	126	1.00416
84	127	0.959946
84	142	0.99293
84	150	0.994631
84	151	0.992431
84	154	1.00744
84	156	0.985394
84	157	1.07367
84	162	1.00227
84	163	1.01602
84	167	0.999715
84	168	1.00102
84	176	1.03975
84	177	0.998836
84	179	1.02126
85	4	1.04427
85	10	1.04427
85	12	1.09532
85	24	1.0046
85	51	0.839429
85	53	1.04543
85	54	1.04543
85	65	0.979484
85	67	0.960521
85	76	0.948848
85	86	1.00718
85	88	1.03823
85	125	1.0334
85	128	0.956766
85	139	0.969982
85	169	0.985332
85	176	1.04772
85	178	0.931787
85	179	1.02923
86	4	1.04427
86	5	0.830118
86	10	1.04427
86	12	1.09532
86	24	1.0046
86	53	1.04543
86	54	1.04543
86	65	0.979484
86	76	0.948848
86	85	1.00718
86	88	1.03823
86	104	0.949344
86	109	0.998729
86	120	0.957128
86	139	0.969982
86	164	0.984954
86	175	0.986213
86	176	1.04772
86	179	1.02923
87	93	0.85787
87	105	0.971616
87	110	0.99529
87	121	0.986878
87	123	0.985147
87	128	1.00521
87	129	1.07145
87	133	1.0095
87	134	0.994601
87	135	1.00347
87	137	1.02765
87	138	0.988343
87	143	1.06273
87	146	1.0155
87	154	0.946559
87	159	0.989199
87	164	1.07439
87	166	1.00723
87	179	0.991732
87	180	1.02036
88	4	1.07532
88	6	0.879355
88	10	1.07532
88	12	1.12638
88	24	1.03566
88	34	1.02736
88	51	0.806965
88	53	1.07648
88	54	1.07648
88	65	1.01054
88	76	0.979901
88	85	1.03823
88	86	1.03823
88	107	0.921002
88	128	0.924302
88	129	0.92882
88	139	1.00104
88	173	0.933212
88	176	1.07877
88	179	1.06029
88	180	0.915579
89	15	1.03253
89	25	0.996096
89	32	0.996096
89	74	1.04716
89	95	1.08437
89	97	1.15437
89	100	1.0596
89	107	1.02604
89	111	1.08629
89	114	1.00728
89	116	1.06492
89	141	0.891432
89	144	0.917654
89	153	0.937787
89	154	0.805231
89	169	0.954169
89	178	0.900623
89	180	1.04525
90	81	1.16974
90	118	0.976337
90	132	0.952582
90	141	0.974495
90	147	0.982281
90	148	1.01083
90	155	1.01469
90	157	0.972487
90	158	0.965776
90	159	1.10159
90	164	0.962277
90	166	1.02873
90	167	1.00136
90	169	0.987135
90	170	0.966987
90	172	0.968108
90	173	0.969572
90	174	1.00841
90	175	0.988574
90	178	0.989249
90	179	1.00124
91	49	0.810709
91	68	0.896859
91	93	1.09107
91	99	1.02739
91	102	0.998568
91	107	0.905001
91	112	1.02867
91	115	1.01819
91	124	1.05904
91	126	1.05776
91	133	0.850432
91	150	1.04823
91	151	1.04603
91	154	1.06104
91	156	1.03899
91	163	1.06962
91	167	1.05331
91	168	1.05462
91	170	0.916676
91	179	1.07486
91	180	0.899578
92	35	1.05748
92	81	0.929323
92	97	0.770898
92	102	0.926063
92	112	0.956166
92	124	0.986531
92	126	0.985254
92	142	0.974025
92	150	0.975725
92	151	0.973526
92	152	1.14573
92	154	0.988537
92	156	0.966489
92	157	1.12862
92	163	0.997114
92	167	0.980809
92	168	0.982111
92	170	1.09534
92	172	1.08859
92	176	1.02085
92	180	1.07825
93	11	0.812981
93	82	1.03824
93	87	0.85787
93	91	1.09107
93	114	0.884291
93	124	1.05166
93	127	1.00617
93	140	1.01644
93	142	1.03916
93	150	1.04086
93	151	1.03866
93	153	0.924792
93	154	1.05367
93	156	1.03162
93	163	1.06225
93	167	1.04594
93	168	1.04724
93	173	0.921519
93	176	1.08598
93	178	0.887629
93	179	1.06749
94	16	1.19724
94	32	0.880512
94	38	0.919012
94	60	0.948358
94	62	1.12184
94	64	0.865861
94	66	1.11285
94	70	0.869799
94	83	0.83204
94	144	1.05838
94	151	1.04697
94	154	1.06198
94	156	1.03993
94	159	0.862298
94	165	1.0745
94	166	0.78944
94	168	1.05555
94	169	1.06169
94	172	1.04266
94	176	1.09429
94	177	1.06199
95	15	1.06514
95	25	1.0287
95	32	1.0287
95	74	1.07976
95	89	1.08437
95	97	1.18697
95	100	1.09221
95	111	1.11889
95	114	1.03988
95	116	1.09753
95	136	0.835343
95	149	0.847357
95	173	0.883843
95	174	0.861267
95	175	0.883653
95	179	0.799734
95	180	1.07786
96	61	1.04323
96	64	1.02466
96	105	0.999686
96	108	1.03873
96	119	1.02988
96	121	1.01495
96	123	1.01322
96	129	0.950246
96	133	1.03757
96	134	1.02267
96	135	1.03154
96	145	1.00723
96	146	1.04357
96	147	0.943332
96	152	1.00448
96	153	0.957912
96	155	1.04049
96	159	1.01727
96	166	1.0353
96	174	0.932062
96	175	0.954448
96	179	0.870529
97	15	1.13514
97	25	1.0987
97	32	1.0987
97	74	1.14976
97	78	0.77486
97	89	1.15437
97	92	0.770898
97	95	1.18697
97	100	1.16221
97	111	1.18889
97	114	1.10988
97	116	1.16753
97	126	0.713908
97	128	0.805597
97	153	0.817782
97	174	0.791932
97	179	0.730399
97	180	1.14786
98	20	1.04088
98	28	1.079
98	34	1.08101
98	44	0.932188
98	49	1.00691
98	69	1.15563
98	116	1.06702
98	120	0.952493
98	123	1.1719
98	132	0.931734
98	148	0.989981
98	149	0.966269
98	152	0.946349
98	157	0.951638
98	160	0.938146
98	162	0.966977
98	164	0.941428
98	165	0.979097
98	171	0.973107
98	174	0.987557
98	175	0.967726
98	178	0.9684
99	45	0.934777
99	57	0.956192
99	64	0.948357
99	69	0.944539
99	76	1.1929
99	91	1.02739
99	100	0.986476
99	102	1.27109
99	111	1.01316
99	114	0.934148
99	116	0.991797
99	138	0.940111
99	147	0.959434
99	150	1.13564
99	159	0.940967
99	165	0.977099
99	166	0.958998
99	173	0.946726
99	174	0.985559
99	175	0.965728
99	176	1.01214
99	180	0.972126
100	15	1.04037
100	25	1.00394
100	32	1.00394
100	40	0.952396
100	74	1.055
100	79	1.12857
100	89	1.0596
100	95	1.09221
100	97	1.16221
100	99	0.986476
100	101	1.02727
100	106	0.921258
100	107	1.03388
100	111	1.09413
100	114	1.01512
100	116	1.07277
100	133	0.867946
100	136	0.886225
100	176	0.697197
100	179	0.850616
100	180	1.0531
101	16	1.36237
101	33	0.693248
101	41	0.928583
101	100	1.02727
101	111	1.05396
101	114	0.974945
101	116	1.03259
101	123	0.979817
101	135	0.960663
101	138	1.02764
101	140	0.966801
101	154	1.00537
101	155	0.940536
101	156	0.983325
101	162	1.00578
101	165	1.0179
101	167	0.997646
101	168	0.998948
101	171	1.01191
101	172	0.986059
101	177	1.00538
101	179	1.01919
101	180	1.01292
102	31	1.03401
102	77	0.972637
102	81	0.901957
102	91	0.998568
102	92	0.926063
102	99	1.27109
102	112	0.928799
102	115	0.91832
102	118	0.95336
102	125	1.22864
102	127	0.913674
102	128	0.953574
102	130	0.974813
102	142	0.946659
102	149	1.12443
102	150	0.948359
102	151	0.946159
102	156	0.939122
102	162	1.12226
102	163	0.969748
102	167	0.953443
102	168	0.954745
102	178	1.12703
103	3	1.03435
103	84	0.981636
103	107	1.05546
103	115	0.954988
103	119	0.975164
103	124	0.995833
103	126	0.994555
103	127	0.950342
103	130	1.01148
103	139	0.952408
103	142	0.983327
103	145	1.00295
103	148	0.981411
103	150	0.985027
103	151	0.982827
103	153	1.07095
103	154	0.997839
103	156	0.97579
103	163	1.00642
103	167	0.990111
103	168	0.991413
103	169	1.08733
103	178	1.03378
103	179	1.01166
104	5	0.946145
104	18	1.00368
104	37	0.962942
104	41	0.967248
104	69	0.982275
104	86	0.949344
104	105	0.96112
104	108	1.00016
104	117	0.956837
104	120	1.07316
104	122	0.980894
104	135	0.992978
104	137	1.01715
104	138	0.977846
104	141	1.05935
104	146	1.00501
104	152	1.15228
104	155	1.00193
104	159	0.978702
104	161	1.00463
104	163	0.929966
104	166	0.996733
104	172	1.09514
104	180	1.00986
105	1	1.20997
105	79	1.20831
105	87	0.971616
105	96	0.999686
105	104	0.96112
105	108	0.980302
105	110	0.964935
105	113	1.00558
105	117	0.936978
105	119	0.971458
105	121	0.956523
105	122	0.961035
105	127	0.990517
105	134	0.964245
105	143	1.00135
105	144	0.997606
105	145	0.948807
105	146	0.985147
105	155	0.982069
105	159	0.958844
105	160	1.06369
105	161	0.984775
105	166	0.976875
105	169	1.03412
105	180	0.990003
106	18	0.992665
106	29	0.935916
106	79	0.947416
106	100	0.921258
106	126	1.02542
106	136	1.02703
106	141	1.00489
106	142	1.01099
106	143	0.991332
106	148	1.04122
106	149	1.01751
106	153	1.01555
106	158	0.996169
106	160	0.989388
106	164	0.99267
106	165	1.03034
106	166	1.0086
106	168	1.00848
106	169	1.01753
106	170	0.99738
106	171	1.02435
106	174	1.0388
106	175	1.01897
106	176	0.888494
106	177	1.01783
106	179	1.03163
107	4	0.902871
107	60	1.18358
107	77	0.930403
107	88	0.921002
107	89	1.02604
107	91	0.905001
107	100	1.03388
107	103	1.05546
107	111	1.06056
107	114	0.981552
107	116	1.0392
107	119	1.00099
107	122	0.990562
107	138	0.987515
107	145	0.978334
107	148	1.03539
107	155	1.0116
107	160	0.983553
107	161	1.0143
107	168	1.00974
107	170	0.991545
107	171	1.01851
107	175	1.01313
107	176	0.889751
107	178	1.01381
107	180	1.01953
108	21	1.01924
108	28	1.02074
108	48	1.07278
108	61	1.02385
108	69	1.00146
108	78	0.935607
108	96	1.03873
108	104	1.00016
108	105	0.980302
108	117	0.976019
108	123	0.993832
108	133	1.01818
108	134	1.00329
108	137	1.03634
108	138	0.997028
108	143	0.962142
108	146	1.02419
108	149	0.938769
108	158	0.985273
108	159	0.997884
108	161	1.02382
108	164	0.973806
108	166	1.01592
108	171	0.966999
108	173	0.975255
108	180	1.02904
109	3	0.829757
109	32	1.12546
109	57	0.85834
109	86	0.998729
109	115	1.12989
109	117	1.12959
109	131	0.96735
109	141	0.990306
109	143	0.97675
109	144	0.999634
109	148	1.02664
109	152	0.983009
109	153	1.00097
109	157	0.988298
109	158	0.981587
109	161	1.01481
109	164	0.978088
109	165	1.01576
109	167	1.00702
109	170	0.982798
109	171	1.00977
109	172	0.98392
109	173	0.985383
109	175	1.00439
109	177	1.00324
109	178	1.00506
109	179	1.01705
110	26	1.00948
110	43	0.985136
110	63	0.973588
110	67	0.985822
110	75	0.953056
110	87	0.99529
110	105	0.964935
110	113	1.02926
110	119	0.995132
110	121	0.980196
110	123	0.978465
110	133	1.00282
110	134	0.987919
110	135	0.996793
110	138	0.981661
110	141	1.00558
110	145	0.972481
110	146	1.00882
110	153	1.05194
110	155	1.00574
110	157	1.0814
110	159	0.982517
110	161	1.00845
110	162	1.01001
110	166	1.00055
110	170	1.04813
110	180	1.01368
111	15	1.06706
111	25	1.03062
111	32	1.03062
111	34	1.05312
111	74	1.08168
111	75	0.790277
111	89	1.08629
111	95	1.11889
111	97	1.18889
111	99	1.01316
111	100	1.09413
111	101	1.05396
111	107	1.06056
111	114	1.0418
111	116	1.09945
111	141	0.842804
111	152	0.93573
111	157	0.918624
111	170	0.885348
111	175	0.885694
111	178	0.851994
111	179	0.801775
111	180	1.07978
112	19	2.15229
112	55	0.933945
112	72	0.970298
112	77	1.00274
112	91	1.02867
112	92	0.956166
112	102	0.928799
112	115	0.948423
112	118	0.983463
112	124	0.989268
112	126	0.98799
112	130	1.00492
112	134	0.856296
112	142	0.976761
112	150	0.978462
112	151	0.976262
112	152	0.959059
112	154	0.991274
112	156	0.969225
112	158	0.919231
112	159	0.864643
112	163	0.999851
112	165	0.845995
112	167	0.983546
112	168	0.984848
112	171	0.900957
112	175	0.909022
112	179	1.00509
113	17	1.048
113	37	1.0074
113	105	1.00558
113	110	1.02926
113	117	1.0013
113	119	1.03578
113	120	0.948366
113	121	1.02084
113	123	1.01911
113	129	0.973248
113	132	1.0094
113	133	1.04346
113	134	1.02857
113	137	1.06162
113	138	1.02231
113	145	1.01313
113	146	1.04947
113	147	0.966335
113	148	0.891379
113	155	1.04639
113	159	1.02316
113	161	1.0491
113	166	1.0412
113	167	0.832842
113	174	0.955065
113	178	0.943751
113	179	0.893531
113	180	1.05432
114	2	1.03768
114	9	0.912236
114	13	0.908087
114	15	0.988046
114	19	0.777185
114	25	0.951609
114	32	0.951609
114	34	0.974113
114	36	1.16068
114	39	0.970969
114	74	1.00267
114	89	1.00728
114	93	0.884291
114	95	1.03988
114	97	1.10988
114	99	0.934148
114	100	1.01512
114	101	0.974945
114	107	0.981552
114	111	1.0418
114	116	1.02044
114	128	1.09335
114	158	1.11228
114	167	0.957464
114	174	1.07969
114	175	1.10207
114	179	1.01815
114	180	1.00077
115	20	0.981663
115	21	1.01256
115	27	0.977017
115	72	0.959819
115	81	0.921581
115	82	0.965368
115	91	1.01819
115	102	0.91832
115	103	0.954988
115	109	1.12989
115	112	0.948423
115	118	0.972984
115	126	0.977511
115	127	0.933298
115	129	1.11317
115	130	0.994437
115	131	1.13753
115	136	1.06907
115	142	0.966283
115	150	0.967983
115	151	0.965783
115	154	0.980795
115	156	0.958746
115	163	0.989372
115	165	1.05435
115	167	0.973067
115	168	0.974369
115	174	1.09499
115	180	1.09993
116	6	0.888575
116	9	0.969884
116	13	0.965736
116	15	1.04569
116	19	0.834833
116	25	1.00926
116	32	1.00926
116	34	1.03176
116	39	1.02862
116	74	1.06032
116	89	1.06492
116	95	1.09753
116	97	1.16753
116	98	1.06702
116	99	0.991797
116	100	1.07277
116	101	1.03259
116	107	1.0392
116	111	1.09945
116	114	1.02044
116	128	0.933521
116	131	0.962395
116	136	0.893932
116	162	0.903775
116	172	0.935141
116	174	0.919856
116	178	0.908542
116	180	1.05842
117	17	0.979397
117	18	0.979539
117	21	0.975915
117	59	0.902101
117	104	0.956837
117	105	0.936978
117	108	0.976019
117	109	1.12959
117	113	1.0013
117	121	0.95224
117	122	0.956752
117	128	0.970573
117	133	0.97486
117	134	0.959963
117	135	0.968837
117	137	0.993012
117	144	1.10041
117	145	0.944524
117	155	0.977787
117	159	0.954561
117	161	0.980492
117	162	1.07861
117	164	1.11581
117	165	1.05405
117	166	0.972592
117	173	1.11726
117	178	1.08337
117	179	1.03315
117	180	0.985721
118	20	1.0167
118	45	1.03833
118	48	1.0672
118	50	0.955862
118	55	0.958506
118	79	1.16352
118	82	1.00041
118	90	0.976337
118	102	0.95336
118	112	0.983463
118	115	0.972984
118	124	1.01383
118	126	1.01255
118	127	0.968338
118	130	1.02948
118	140	1.0646
118	142	1.00132
118	148	0.88341
118	150	1.00302
118	151	1.00082
118	154	1.01584
118	156	0.993787
118	163	1.02441
118	167	1.00811
118	168	1.00941
118	176	1.04814
118	177	0.927581
118	178	0.935782
118	179	1.02965
118	180	0.952038
119	21	1.0104
119	26	1.016
119	30	0.990261
119	32	1.02063
119	59	0.93658
119	64	0.996431
119	65	0.961315
119	78	1.00733
119	96	1.02988
119	103	0.975164
119	105	0.971458
119	107	1.00099
119	110	0.995132
119	113	1.03578
119	122	0.991232
119	123	0.984988
119	134	0.994442
119	135	1.00332
119	137	1.02749
119	138	0.988185
119	145	0.979004
119	146	1.01534
119	155	1.01227
119	159	0.989041
119	161	1.01497
119	166	1.00707
119	168	0.929438
119	169	1.06664
119	172	1.03969
119	178	1.01309
120	24	0.988264
120	30	1.00173
120	44	0.975178
120	49	1.0499
120	74	0.912426
120	86	0.957128
120	98	0.952493
120	104	1.07316
120	113	0.948366
120	126	1.00961
120	127	1.08627
120	136	1.01877
120	142	0.99518
120	143	0.98308
120	149	1.00926
120	156	1.02294
120	157	0.994628
120	158	0.987917
120	160	0.981136
120	162	1.00997
120	164	0.984417
120	169	1.00928
120	170	0.989128
120	171	1.0161
120	172	0.990249
120	173	0.991713
120	175	1.01072
120	177	1.00957
120	178	1.01139
120	179	1.02338
121	5	0.922547
121	29	0.99729
121	49	0.97233
121	61	1.00007
121	67	0.97741
121	68	0.975923
121	69	0.977678
121	87	0.986878
121	96	1.01495
121	105	0.956523
121	110	0.980196
121	113	1.02084
121	117	0.95224
121	122	0.976296
121	129	1.07444
121	133	0.994405
121	134	0.979507
121	135	0.988381
121	137	1.01256
121	138	0.973249
121	144	1.06197
121	145	0.964068
121	159	0.974105
121	161	1.00004
121	165	1.01561
121	166	0.992136
121	171	1.07058
121	172	1.07154
121	175	1.07864
121	178	1.04494
121	180	1.00526
122	1	1.22227
122	2	0.908581
122	17	1.00345
122	28	1.00147
122	59	0.926157
122	64	0.986008
122	104	0.980894
122	105	0.961035
122	107	0.990562
122	117	0.956752
122	119	0.991232
122	121	0.976296
122	123	0.974565
122	129	1.02237
122	133	0.998917
122	135	0.992893
122	137	1.01707
122	138	0.977761
122	143	1.01365
122	145	0.968581
122	146	1.00492
122	149	0.990278
122	152	1.07661
122	155	1.00184
122	157	1.0595
122	159	0.978617
122	161	1.00455
122	166	0.996648
122	170	1.02623
122	178	0.992875
122	180	1.00978
123	17	0.99721
123	26	0.999333
123	29	0.995558
123	31	0.920404
123	46	1.12514
123	59	0.919913
123	68	0.974192
123	87	0.985147
123	96	1.01322
123	98	1.1719
123	101	0.979817
123	108	0.993832
123	110	0.978465
123	113	1.01911
123	119	0.984988
123	122	0.974565
123	132	1.07907
123	134	0.977776
123	135	0.98665
123	137	1.01083
123	138	0.971518
123	145	0.962337
123	146	0.998678
123	155	0.9956
123	157	1.08005
123	159	0.972374
123	161	0.998305
123	165	0.984088
123	166	0.990405
123	177	1.00521
123	179	0.963196
124	13	1.21681
124	35	1.09058
124	77	1.03311
124	81	0.962426
124	82	1.00621
124	91	1.05904
124	92	0.986531
124	93	1.05166
124	103	0.995833
124	112	0.989268
124	118	1.01383
124	126	1.01836
124	127	0.974143
124	130	1.03528
124	132	0.988252
124	136	0.907991
124	142	1.00713
124	147	0.945185
124	148	0.87023
124	151	1.00663
124	154	1.02164
124	156	0.999591
124	163	1.03022
124	167	1.01391
124	168	1.01521
124	170	0.955955
124	175	0.956301
124	176	1.05395
124	177	0.9144
124	178	0.922602
124	179	1.03546
124	180	0.938858
125	3	0.885156
125	35	0.898119
125	38	0.83708
125	39	0.957799
125	42	1.00017
125	52	0.908281
125	56	1.00017
125	57	1.01899
125	59	1.25027
125	60	0.866426
125	62	1.03991
125	65	1.12155
125	66	1.03092
125	70	0.943735
125	71	1.07433
125	72	1.10903
125	73	1.03316
125	77	1.01034
125	83	0.973489
125	85	1.0334
125	102	1.22864
125	139	0.934615
125	153	0.977784
125	157	0.96511
125	167	1.06242
125	170	0.959611
125	172	0.960732
125	173	0.962196
125	175	0.981198
125	176	1.01235
125	177	0.980056
125	178	0.981872
126	50	0.960389
126	77	1.03183
126	81	0.961148
126	82	1.00493
126	84	1.00416
126	91	1.05776
126	92	0.985254
126	97	0.713908
126	103	0.994555
126	106	1.02542
126	112	0.98799
126	115	0.977511
126	118	1.01255
126	120	1.00961
126	124	1.01836
126	127	0.972865
126	130	1.034
126	139	0.974931
126	142	1.00585
126	143	1.02578
126	147	1.02758
126	150	1.00755
126	154	1.02036
126	156	0.998314
126	158	1.04891
126	163	1.02894
126	165	0.975671
126	167	1.01263
126	168	1.01394
126	171	1.03063
126	173	1.03889
126	174	1.01631
126	179	1.03418
127	29	0.925437
127	43	0.942885
127	44	1.28453
127	50	0.916176
127	55	0.91882
127	68	1.09519
127	72	0.955173
127	82	0.960721
127	84	0.959946
127	93	1.00617
127	102	0.913674
127	103	0.950342
127	105	0.990517
127	115	0.933298
127	118	0.968338
127	120	1.08627
127	124	0.974143
127	126	0.972865
127	130	0.989791
127	132	1.1473
127	142	0.961637
127	150	0.963337
127	151	0.961137
127	154	0.976149
127	156	0.9541
127	160	1.16477
127	163	0.984726
127	167	0.968421
127	168	0.969723
127	175	1.11535
127	176	1.00846
127	179	0.989967
127	180	1.09791
128	33	0.751826
128	38	1.26016
128	65	1.04491
128	76	1.07381
128	83	1.05575
128	85	0.956766
128	87	1.00521
128	88	0.924302
128	97	0.805597
128	102	0.953574
128	114	1.09335
128	116	0.933521
128	117	0.970573
128	144	1.01245
128	145	0.982402
128	146	1.01874
128	150	1.00324
128	154	1.01605
128	155	1.01566
128	156	0.994
128	159	0.992438
128	161	1.01837
128	163	1.02463
128	166	1.01047
128	167	1.00832
128	168	1.00962
128	170	0.995612
128	171	1.02258
128	172	0.996734
128	173	0.998197
128	175	1.0172
128	177	1.01606
128	178	1.01787
129	13	0.921299
129	25	1.04513
129	48	0.94396
129	79	0.936029
129	87	1.07145
129	88	0.92882
129	96	0.950246
129	113	0.973248
129	115	1.11317
129	121	1.07444
129	122	1.02237
129	131	0.970545
129	141	0.993501
129	143	0.979945
129	144	1.00283
129	146	1.0003
129	148	1.02984
129	149	1.00612
129	152	0.986204
129	153	1.00417
129	157	0.991493
129	158	0.984782
129	160	0.978001
129	162	1.00683
129	165	1.01895
129	168	1.01755
129	169	1.00614
129	172	0.987115
129	173	0.988579
129	174	1.02741
129	175	1.00758
129	177	1.00644
129	178	1.00825
129	180	1.01398
130	27	1.03351
130	35	1.10623
130	43	1.00402
130	50	0.977315
130	55	0.979959
130	77	1.04875
130	79	1.15319
130	81	0.978074
130	102	0.974813
130	103	1.01148
130	112	1.00492
130	115	0.994437
130	118	1.02948
130	124	1.03528
130	126	1.034
130	127	0.989791
130	137	0.832632
130	142	1.02278
130	144	0.942483
130	150	1.02448
130	151	1.02228
130	152	1.00919
130	154	1.03729
130	156	1.01524
130	157	0.992081
130	158	0.96936
130	161	0.822339
130	163	1.04586
130	167	1.02956
130	168	1.03086
130	169	0.978997
130	172	0.95205
130	176	1.0696
130	177	0.91725
130	180	0.941708
131	11	1.0233
131	109	0.96735
131	115	1.13753
131	116	0.962395
131	129	0.970545
131	132	0.952921
131	134	1.10654
131	135	1.04812
131	137	1.03274
131	138	1.11509
131	140	0.949189
131	141	0.974833
131	143	0.961278
131	145	1.09473
131	147	0.982619
131	148	1.01117
131	149	0.987457
131	155	1.02799
131	157	0.972825
131	158	0.966115
131	160	0.959334
131	162	0.988164
131	164	0.962615
131	165	1.00028
131	166	1.04203
131	169	0.987473
131	170	0.967326
131	171	0.994294
131	172	0.968447
131	173	0.969911
131	174	1.00874
131	175	0.988913
131	176	0.921924
131	178	0.989587
131	180	0.995312
132	2	1.03326
132	4	0.946842
132	20	0.948048
132	39	1.11053
132	43	1.10772
132	58	0.991615
132	90	0.952582
132	98	0.931734
132	113	1.0094
132	123	1.07907
132	124	0.988252
132	127	1.1473
132	131	0.952921
132	140	0.950232
132	144	0.985205
132	147	0.983662
132	149	0.9885
132	152	0.96858
132	157	0.973868
132	158	0.967158
132	159	1.12668
132	160	0.960377
132	161	1.03425
132	162	0.989207
132	164	0.963658
132	165	1.00133
132	169	0.988516
132	171	0.995337
132	172	0.96949
132	173	0.970954
132	174	1.00979
132	175	0.989956
132	177	0.988815
132	178	0.99063
132	179	1.00262
133	18	1.0217
133	28	1.01958
133	48	1.17023
133	59	0.944265
133	67	1.00003
133	68	0.998543
133	69	1.0003
133	78	1.03306
133	80	0.991507
133	87	1.0095
133	91	0.850432
133	96	1.03757
133	100	0.867946
133	108	1.01818
133	110	1.00282
133	113	1.04346
133	117	0.97486
133	121	0.994405
133	122	0.998917
133	134	1.00213
133	135	1.011
133	137	1.03518
133	138	0.99587
133	141	1.02963
133	145	0.986689
133	146	1.02303
133	155	1.01995
133	159	0.996726
133	161	1.02266
133	163	0.900245
133	166	1.01476
133	170	1.07217
133	172	1.06542
133	176	0.835181
133	179	0.9886
133	180	1.02789
134	6	1.03759
134	17	1.00666
134	28	1.00468
134	37	0.966067
134	45	1.15523
134	48	1.1841
134	67	0.985132
134	74	0.888785
134	87	0.994601
134	96	1.02267
134	105	0.964245
134	108	1.00329
134	110	0.987919
134	112	0.856296
134	113	1.02857
134	117	0.959963
134	119	0.994442
134	121	0.979507
134	123	0.977776
134	131	1.10654
134	133	1.00213
134	135	0.996103
134	137	1.02028
134	138	0.980972
134	144	1.06971
134	145	0.971791
134	146	1.00813
134	148	1.00031
134	155	1.00505
134	159	0.981828
134	161	1.00776
134	165	1.02336
134	166	0.999859
134	168	0.96903
134	176	0.849045
134	179	1.00246
134	180	1.01299
135	13	0.929182
135	18	1.01568
135	21	1.01206
135	29	1.01389
135	36	1.08657
135	37	0.974941
135	58	1.0049
135	59	0.938241
135	68	0.99252
135	80	0.94695
135	87	1.00347
135	96	1.03154
135	101	0.960663
135	104	0.992978
135	110	0.996793
135	117	0.968837
135	119	1.00332
135	121	0.988381
135	122	0.992893
135	123	0.98665
135	131	1.04812
135	133	1.011
135	134	0.996103
135	137	1.02915
135	138	0.989846
135	143	1.01504
135	145	0.980665
135	155	1.01393
135	159	0.990702
135	160	1.07738
135	161	1.01663
135	166	1.00873
135	171	1.0199
