1	47	0.938083
1	54	0.875852
1	59	0.971963
1	83	0.973779
1	87	0.973657
1	88	0.940208
1	91	0.940235
1	93	0.94027
1	131	1.01976
1	143	1.05256
1	160	0.86323
1	178	2.96527
2	84	1.52046
2	112	0.970716
2	115	0.907442
2	117	0.946081
2	119	0.962065
2	129	0.942298
2	139	0.919847
2	140	0.916476
2	144	0.920083
2	145	0.920093
2	151	1.60865
2	158	1.78916
3	82	1.08437
3	89	1.01111
3	94	1.11435
3	99	1.08825
3	103	1.08762
3	105	1.0647
3	109	1.06449
3	137	0.560226
3	163	1.30476
3	169	1.18944
3	170	0.923335
3	178	2.45477
4	30	1.09102
4	43	1.17425
4	55	0.803801
4	58	1.07654
4	66	1.05196
4	90	1.05722
4	123	0.899345
4	131	1.09281
4	143	1.15421
4	165	0.909336
4	171	0.957839
4	180	2.49293
5	40	0.692587
5	68	1.08807
5	81	1.12641
5	85	1.04518
5	92	1.09631
5	98	1.1225
5	104	0.956282
5	160	1.00102
5	165	2.28166
5	171	0.975066
5	173	1.47143
5	174	0.957901
6	41	0.969881
6	45	0.961046
6	68	0.957697
6	81	0.996035
6	85	0.914803
6	92	0.965933
6	98	0.992122
6	127	1.60376
6	137	1.49698
6	171	0.84469
6	172	1.90444
6	174	0.827526
7	32	1.00029
7	41	0.967424
7	81	0.993579
7	85	0.912346
7	92	0.963476
7	98	0.989665
7	107	1.54216
7	110	1.16932
7	134	0.936284
7	150	2.25431
7	171	0.842234
7	174	0.825069
8	54	0.992055
8	59	1.08817
8	83	1.08998
8	87	1.08986
8	88	1.05641
8	91	1.05644
8	93	1.05647
8	143	0.793936
8	155	0.806101
8	160	0.979434
8	165	1.92926
8	168	1.90242
9	18	0.974506
9	50	1.14635
9	57	1.09432
9	67	1.06538
9	71	1.05331
9	86	0.765755
9	96	1.11907
9	126	1.0357
9	141	0.750598
9	175	0.941938
9	177	2.20367
9	178	2.17914
10	18	0.982783
10	57	1.10259
10	67	1.07366
10	69	1.0699
10	71	1.06159
10	96	1.12735
10	120	1.28854
10	124	1.2621
10	134	1.06824
10	151	1.13556
10	171	1.75834
10	175	0.950215
11	17	1.16019
11	30	1.09988
11	58	1.0854
11	66	1.06082
11	90	1.06608
11	101	1.24807
11	104	1.25519
11	114	1.06168
11	123	1.19037
11	162	1.68059
11	165	0.918196
11	171	0.966699
12	42	1.47119
12	68	1.16314
12	118	0.998398
12	142	0.958979
12	150	0.848221
12	156	0.886385
12	172	0.859642
12	176	0.777675
12	177	0.754973
12	178	0.752601
12	179	0.79507
12	180	0.775085
13	33	0.894153
13	51	0.936206
13	62	0.999099
13	77	0.950531
13	79	1.03456
13	80	0.947718
13	95	0.976733
13	142	1.35343
13	162	1.66204
13	166	1.94725
13	174	0.836302
13	175	0.829492
14	15	1.10988
14	19	1.07912
14	42	1.05302
14	44	1.05205
14	63	1.05794
14	73	1.0311
14	131	1.09686
14	133	1.58229
14	149	0.952558
14	153	1.3897
14	154	1.1442
14	164	1.37098
15	14	1.10988
15	44	1.02161
15	49	1.09994
15	53	0.9933
15	56	1.06527
15	63	1.0275
15	73	1.00066
15	114	0.711602
15	123	1.08751
15	148	0.957801
15	168	1.78422
15	180	2.01445
16	35	0.818652
16	54	0.835976
16	78	0.636468
16	137	1.10661
16	150	0.951641
16	157	0.933759
16	163	0.934479
16	173	0.957765
16	176	0.881094
16	177	0.858392
16	179	0.898489
16	180	0.878504
17	11	1.16019
17	28	1.1127
17	58	1.09563
17	66	1.07105
17	90	1.07631
17	120	1.28809
17	133	0.996424
17	146	1.28987
17	155	1.26976
17	165	0.928426
17	171	0.976929
17	173	1.58269
18	9	0.974506
18	10	0.982783
18	50	0.972464
18	57	0.920436
18	67	0.891502
18	69	0.887738
18	71	0.879428
18	84	1.40073
18	96	0.945188
18	128	1.64326
18	136	0.922107
18	149	2.18641
18	175	0.768057
19	14	1.07912
19	49	1.06918
19	53	0.962537
19	56	1.03451
19	63	0.996739
19	73	0.969894
19	123	1.05675
19	131	1.03565
19	141	0.809556
19	149	0.891352
19	150	1.56567
19	167	1.67738
19	179	1.72454
20	86	1.16858
20	108	1.03067
20	112	1.07498
20	115	1.01171
20	120	1.26626
20	138	1.02442
20	139	1.02411
20	140	1.02074
20	144	1.02435
20	145	1.02436
20	154	1.27247
20	163	1.99847
20	165	0.874191
21	22	0.924438
21	34	1.03888
21	46	1.00048
21	48	1.07768
21	75	1.07789
21	76	1.07741
21	121	1.09899
21	132	1.03823
21	136	1.04318
21	143	1.43757
21	148	1.71964
21	154	1.47427
21	170	0.853964
22	21	0.924438
22	34	0.920535
22	46	0.882136
22	48	0.959334
22	75	0.959547
22	76	0.959072
22	130	0.933987
22	132	0.919884
22	136	0.924843
22	151	1.43789
22	160	1.95043
22	170	0.735622
22	173	1.88547
23	42	1.00876
23	44	1.00779
23	49	1.08612
23	53	0.979478
23	56	1.05145
23	63	1.01368
23	73	0.986835
23	123	1.07369
23	133	1.39769
23	137	0.848884
23	149	0.908293
23	150	1.63463
23	174	1.9197
24	108	0.903211
24	112	0.947522
24	117	0.922887
24	119	0.938871
24	125	0.924187
24	129	0.919104
24	139	0.896653
24	144	0.896889
24	145	0.896899
24	148	0.861192
24	154	1.32494
24	171	1.78853
24	179	2.15883
25	33	0.971065
25	51	1.01312
25	52	0.83013
25	62	1.07601
25	65	1.03692
25	77	1.02744
25	79	1.11148
25	95	1.05365
25	149	1.72845
25	157	1.97872
25	158	1.21147
25	174	0.913214
25	175	0.906405
26	35	0.586589
26	91	0.604024
26	109	0.568668
26	119	0.271283
26	158	1.10198
26	163	1.03224
26	169	1.03145
26	173	1.05552
26	176	0.978853
26	177	0.956151
26	178	0.953779
26	179	0.996248
26	180	0.976263
27	37	1.02961
27	65	1.02899
27	77	1.01952
27	79	1.10356
27	80	1.01671
27	95	1.04572
27	132	1.04757
27	133	1.47747
27	137	0.928657
27	154	1.03938
27	174	0.905292
27	175	0.898482
27	180	2.3414
28	17	1.1127
28	43	1.13562
28	58	1.03791
28	66	1.01333
28	90	1.01859
28	131	1.05418
28	133	0.938703
28	147	0.967667
28	155	0.699947
28	165	0.870704
28	167	1.51121
28	171	0.919207
28	177	2.62502
29	47	1.01586
29	54	0.953629
29	59	1.04974
29	83	1.05156
29	87	1.05144
29	88	1.01799
29	91	1.01801
29	93	1.01805
29	122	1.3476
29	126	1.09855
29	135	1.31107
29	160	0.941008
29	179	1.98481
30	4	1.09102
30	11	1.09988
30	43	1.13303
30	58	1.03533
30	66	1.01074
30	90	1.016
30	97	0.836152
30	133	0.936115
30	158	1.26248
30	165	0.868117
30	171	0.91662
30	172	1.53789
30	179	2.07504
31	108	1.00403
31	112	1.04834
31	117	1.02371
31	125	1.02501
31	129	1.01993
31	138	0.997786
31	140	0.994104
31	142	1.13655
31	144	0.997711
31	145	0.997721
31	155	1.22197
31	158	1.26783
31	179	2.08039
32	7	1.00029
32	45	1.05785
32	68	1.0545
32	72	1.21816
32	85	1.01161
32	92	1.06274
32	98	1.08893
32	104	1.00283
32	113	1.16576
32	160	0.967447
32	165	2.3282
32	171	0.941497
32	174	0.924333
33	13	0.894153
33	25	0.971065
33	37	0.931276
33	51	0.906863
33	77	0.921189
33	79	1.00522
33	80	0.918376
33	95	0.94739
33	128	1.19238
33	151	1.03803
33	174	0.806959
33	175	0.80015
33	178	3.07322
34	21	1.03888
34	22	0.920535
34	46	0.996575
34	48	1.07377
34	75	1.07399
34	76	1.07351
34	128	0.89532
34	130	1.04843
34	133	1.33825
34	136	1.03928
34	167	1.68688
34	170	0.850061
34	174	1.86025
35	16	0.818652
35	26	0.586589
35	90	1.05682
35	105	1.03966
35	109	1.03945
35	129	1.08131
35	144	1.05909
35	145	1.0591
35	155	1.21884
35	165	0.908935
35	170	0.898294
35	171	0.957439
35	174	2.20347
36	70	1.15506
36	82	1.11597
36	89	1.04272
36	94	1.14595
36	99	1.11985
36	103	1.11923
36	105	1.09631
36	109	1.09609
36	121	0.796666
36	143	1.13524
36	154	1.17194
36	156	1.41895
36	157	1.96052
36	170	0.95494
37	27	1.02961
37	33	0.931276
37	62	1.03622
37	65	0.997126
37	72	1.37906
37	77	0.987655
37	79	1.07169
37	80	0.984841
37	95	1.01386
37	116	1.02083
37	160	1.74383
37	171	1.85407
37	174	0.873425
37	175	0.866616
38	41	0.720204
38	72	1.00372
38	74	1.27255
38	136	0.868718
38	137	1.05544
38	149	0.871486
38	158	0.953053
38	163	0.883314
38	173	0.906599
38	176	0.829929
38	177	0.807227
38	178	0.804855
38	179	0.847324
38	180	0.827339
39	47	1.75296
39	75	0.932133
39	76	0.931658
39	87	1.51518
39	115	0.856363
39	131	0.902327
39	144	0.869005
39	145	0.869014
39	160	0.793302
39	163	0.769856
39	170	0.708208
39	176	0.716471
39	179	0.733866
39	180	0.713881
40	5	0.692587
40	46	1.11533
40	117	0.508757
40	129	0.528407
40	147	1.04096
40	151	1.07025
40	155	1.07912
40	166	0.968463
40	172	0.995788
40	173	0.990492
40	176	0.913821
40	178	0.888748
40	179	0.931217
40	180	0.911231
41	6	0.969881
41	7	0.967424
41	38	0.720204
41	45	1.02498
41	68	1.02163
41	81	1.05997
41	85	0.97874
41	98	1.05606
41	160	0.934578
41	162	1.03561
41	171	0.908627
41	173	1.12536
41	174	0.891463
41	177	2.73751
42	12	1.47119
42	14	1.05302
42	23	1.00876
42	44	0.964747
42	53	0.936436
42	56	1.0084
42	63	0.970637
42	73	0.943792
42	123	1.03065
42	131	1.00955
42	147	1.28675
42	149	0.86525
42	155	1.01903
42	167	1.83029
43	4	1.17425
43	28	1.13562
43	30	1.13303
43	52	0.853091
43	58	1.11856
43	66	1.09397
43	90	1.09923
43	114	1.09483
43	126	1.16072
43	158	1.23443
43	164	1.43989
43	165	0.951348
43	169	1.82377
43	171	0.999851
44	14	1.05205
44	15	1.02161
44	23	1.00779
44	42	0.964747
44	49	1.04211
44	53	0.935471
44	56	1.00744
44	63	0.969673
44	73	0.942828
44	149	0.864286
44	153	1.07778
44	159	1.23833
44	164	1.05906
44	177	2.73281
45	6	0.961046
45	32	1.05785
45	41	1.02498
45	68	1.0128
45	85	0.969906
45	92	1.02104
45	98	1.04722
45	124	1.18602
45	126	1.1663
45	160	0.925743
45	162	1.41732
45	168	2.29046
45	171	0.899793
45	174	0.882628
46	21	1.00048
46	22	0.882136
46	34	0.996575
46	40	1.11533
46	48	1.03537
46	75	1.03559
46	76	1.03511
46	116	1.23612
46	130	1.01003
46	132	0.995924
46	136	1.00088
46	143	1.56908
46	146	1.60135
46	170	0.811662
47	1	0.938083
47	29	1.01586
47	39	1.75296
47	54	0.922812
47	59	1.01892
47	83	1.02074
47	87	1.02062
47	88	0.987168
47	91	0.987195
47	93	0.98723
47	148	1.35566
47	158	1.13161
47	160	0.91019
47	164	1.33707
48	21	1.07768
48	22	0.959334
48	34	1.07377
48	46	1.03537
48	75	1.11278
48	76	1.11231
48	86	0.982994
48	130	1.08722
48	132	1.07312
48	136	1.07808
48	142	0.976928
48	156	1.33389
48	170	0.88886
48	171	1.55047
48	175	1.87792
49	15	1.09994
49	19	1.06918
49	23	1.08612
49	44	1.04211
49	53	1.0138
49	56	1.08577
49	63	1.048
49	73	1.02116
49	116	0.714364
49	128	1.07918
49	131	1.08692
49	149	0.942616
49	156	1.33102
49	159	1.49007
49	168	2.1558
50	9	1.14635
50	18	0.972464
50	52	0.721515
50	57	1.09228
50	67	1.06334
50	69	1.05958
50	71	1.05127
50	96	1.11703
50	126	1.03366
50	134	1.05792
50	147	1.32471
50	154	1.08153
50	156	1.32853
50	175	0.939897
50	180	2.38354
51	13	0.936206
51	25	1.01312
51	33	0.906863
51	62	1.01181
51	65	0.972713
51	77	0.963242
51	79	1.04728
51	80	0.960429
51	95	0.989443
51	106	1.60008
51	121	1.20401
51	152	1.66045
51	156	1.8263
51	174	0.849012
51	175	0.842203
52	25	0.83013
52	43	0.853091
52	50	0.721515
52	68	0.375495
52	108	0.761277
52	141	1.21991
52	155	1.14944
52	161	1.01174
52	167	1.03493
52	168	1.00344
52	172	1.06611
52	173	1.06081
52	178	0.95907
52	179	1.00154
52	180	0.981554
53	15	0.9933
53	19	0.962537
53	23	0.979478
53	42	0.936436
53	44	0.935471
53	49	1.0138
53	56	0.979127
53	63	0.941361
53	73	0.914516
53	123	1.00137
53	149	0.835974
53	152	1.49685
53	158	1.43702
53	160	1.76904
53	162	1.61434
54	1	0.875852
54	8	0.992055
54	16	0.835976
54	29	0.953629
54	47	0.922812
54	59	0.956692
54	83	0.958508
54	87	0.958386
54	88	0.924936
54	91	0.924963
54	93	0.924998
54	101	1.02683
54	130	0.961229
54	160	0.847959
54	166	1.74456
54	176	2.51286
55	4	0.803801
55	67	0.989366
55	113	1.05404
55	127	1.03347
55	132	0.864362
55	145	0.823345
55	159	0.986273
55	163	0.930444
55	166	0.9317
55	167	0.927848
55	168	0.896356
55	173	0.953729
55	177	0.854357
55	178	0.851985
55	179	0.894454
55	180	0.874469
56	15	1.06527
56	19	1.03451
56	23	1.05145
56	42	1.0084
56	44	1.00744
56	49	1.08577
56	53	0.979127
56	63	1.01333
56	73	0.986484
56	131	1.05224
56	142	1.06406
56	146	1.16959
56	148	1.41939
56	149	0.907942
56	173	1.46241
56	175	1.96506
57	9	1.09432
57	10	1.10259
57	18	0.920436
57	50	1.09228
57	67	1.01131
57	69	1.00755
57	71	0.99924
57	96	1.065
57	111	0.709153
57	134	1.00589
57	136	1.04192
57	151	0.790505
57	161	2.02633
57	170	2.33971
57	172	1.24643
57	175	0.887869
58	4	1.07654
58	11	1.0854
58	17	1.09563
58	28	1.03791
58	30	1.03533
58	43	1.11856
58	66	0.99626
58	90	1.00152
58	114	0.997119
58	141	1.05545
58	147	1.37973
58	149	1.67485
58	156	1.38355
58	165	0.853639
58	166	1.6204
58	171	0.902142
59	1	0.971963
59	8	1.08817
59	29	1.04974
59	47	1.01892
59	54	0.956692
59	83	1.05462
59	87	1.0545
59	88	1.02105
59	91	1.02108
59	93	1.02111
59	107	0.742799
59	160	0.944071
59	163	1.50592
59	172	1.07666
59	174	1.74002
59	176	2.03208
60	61	1.04599
60	100	1.02086
60	111	0.717203
60	117	1.04091
60	119	1.0569
60	125	1.04221
60	133	0.932758
60	138	1.01499
60	139	1.01468
60	140	1.01131
60	144	1.01492
60	145	1.01493
60	155	0.933208
60	159	1.36379
60	160	1.31109
60	178	2.83375
61	60	1.04599
61	117	1.04382
61	119	1.0598
61	124	1.18286
61	129	1.04003
61	131	1.14602
61	136	1.04624
61	137	1.1048
61	138	1.01789
61	139	1.01758
61	140	1.01421
61	144	1.01782
61	145	1.01783
61	147	1.4587
61	165	0.867663
61	168	2.2873
62	13	0.999099
62	25	1.07601
62	37	1.03622
62	51	1.01181
62	65	1.03561
62	77	1.02614
62	79	1.11017
62	80	1.02332
62	95	1.05234
62	113	1.14135
62	126	1.1528
62	149	1.74348
62	160	1.55852
62	172	1.50191
62	174	0.911906
62	175	0.905096
63	14	1.05794
63	15	1.0275
63	19	0.996739
63	23	1.01368
63	42	0.970637
63	44	0.969673
63	49	1.048
63	53	0.941361
63	56	1.01333
63	73	0.948718
63	123	1.03557
63	148	1.18607
63	149	0.870176
63	154	0.940699
63	155	0.916163
63	165	2.03932
63	170	2.33072
64	70	1.11683
64	72	1.02473
64	82	1.07774
64	89	1.00449
64	94	1.10772
64	99	1.08162
64	103	1.081
64	104	0.809393
64	105	1.05808
64	109	1.05786
64	148	1.04181
64	151	0.876961
64	163	1.76214
64	170	0.916711
64	176	2.28831
65	25	1.03692
65	27	1.02899
65	37	0.997126
65	51	0.972713
65	62	1.03561
65	77	0.987039
65	79	1.07107
65	80	0.984226
65	95	1.01324
65	101	1.19977
65	123	1.14207
65	132	1.01509
65	152	1.51479
65	172	1.73037
65	173	1.72203
65	174	0.872809
65	175	0.866
66	4	1.05196
66	11	1.06082
66	17	1.07105
66	28	1.01333
66	30	1.01074
66	43	1.09397
66	58	0.99626
66	90	0.976936
66	111	1.31972
66	121	1.18499
66	131	1.01253
66	133	0.89705
66	146	1.55584
66	155	1.53573
66	164	1.78705
66	165	0.829052
66	171	0.877555
67	9	1.06538
67	10	1.07366
67	18	0.891502
67	50	1.06334
67	55	0.989366
67	57	1.01131
67	69	0.978615
67	71	0.970305
67	96	1.03607
67	101	1.00522
67	113	1.31266
67	126	0.952694
67	136	1.01298
67	143	1.33978
67	158	1.3978
67	166	1.86033
67	175	0.858934
68	5	1.08807
68	6	0.957697
68	12	1.16314
68	32	1.0545
68	41	1.02163
68	45	1.0128
68	52	0.375495
68	81	1.04779
68	85	0.966557
68	92	1.01769
68	98	1.04388
68	160	0.922395
68	168	1.80729
68	170	2.12552
68	171	0.896444
68	173	1.02389
68	174	0.87928
69	10	1.0699
69	18	0.887738
69	50	1.05958
69	57	1.00755
69	67	0.978615
69	71	0.966541
69	78	1.09398
69	96	1.0323
69	101	1.00145
69	126	0.94893
69	133	1.74752
69	136	1.00922
69	137	1.19871
69	148	1.5548
69	152	1.39059
69	164	1.53622
69	175	0.85517
70	36	1.15506
70	64	1.11683
70	82	1.0263
70	89	0.953047
70	94	1.05628
70	99	1.03018
70	103	1.02956
70	105	1.00664
70	106	0.90941
70	109	1.00642
70	148	0.99037
70	150	1.56364
70	159	1.29467
70	167	1.67535
70	170	0.86527
70	175	1.67966
71	9	1.05331
71	10	1.06159
71	18	0.879428
71	50	1.05127
71	57	0.99924
71	67	0.970305
71	69	0.966541
71	78	1.08567
71	96	1.02399
71	111	0.971062
71	131	1.1421
71	134	0.964885
71	136	1.00091
71	146	1.20717
71	161	2.28824
71	169	1.82227
71	175	0.846861
72	32	1.21816
72	37	1.37906
72	38	1.00372
72	64	1.02473
72	129	1.00743
72	149	0.897024
72	154	0.996826
72	155	1.02076
72	162	0.970945
72	168	0.874765
72	172	0.937434
72	173	0.932138
72	176	0.855467
72	177	0.832765
72	178	0.830393
72	179	0.872862
72	180	0.852877
73	14	1.0311
73	15	1.00066
73	19	0.969894
73	23	0.986835
73	42	0.943792
73	44	0.942828
73	49	1.02116
73	53	0.914516
73	56	0.986484
73	63	0.948718
73	84	1.36116
73	86	1.50464
73	106	1.62932
73	123	1.00873
73	131	0.98763
73	141	1.52743
73	149	0.843331
73	155	1.58399
74	38	1.27255
74	100	1.05346
74	108	1.05384
74	115	1.03488
74	116	1.01966
74	117	1.07352
74	118	1.09702
74	125	1.07482
74	126	1.01565
74	129	1.06974
74	138	1.04759
74	139	1.04728
74	140	1.04391
74	144	1.04752
74	145	1.04753
74	146	1.38489
74	152	1.47047
74	155	1.36478
75	21	1.07789
75	22	0.959547
75	34	1.07399
75	39	0.932133
75	46	1.03559
75	48	1.11278
75	76	1.11252
75	78	1.16305
75	122	0.84929
75	130	1.08744
75	132	1.07333
75	136	1.07829
75	150	1.32763
75	157	1.44119
75	160	1.00596
75	170	0.889073
75	174	1.61271
75	180	1.95463
76	21	1.07741
76	22	0.959072
76	34	1.07351
76	39	0.931658
76	46	1.03511
76	48	1.11231
76	75	1.11252
76	78	1.16258
76	130	1.08696
76	132	1.07286
76	136	1.07782
76	146	0.706122
76	153	0.956054
76	161	1.78719
76	162	0.909195
76	165	1.80917
76	170	0.888598
76	180	2.01257
77	13	0.950531
77	25	1.02744
77	27	1.01952
77	33	0.921189
77	37	0.987655
77	51	0.963242
77	62	1.02614
77	65	0.987039
77	80	0.974754
77	95	1.00377
77	110	1.21647
77	122	1.82312
77	124	1.59378
77	126	1.57406
77	132	1.00562
77	151	1.46725
77	174	0.863338
77	175	0.856528
78	16	0.636468
78	69	1.09398
78	71	1.08567
78	75	1.16305
78	76	1.16258
78	88	1.1012
78	91	1.10123
78	93	1.10126
78	96	1.15143
78	110	0.651227
78	122	1.25787
78	157	1.84977
78	159	1.46725
78	160	1.02422
78	170	0.939127
78	171	1.52478
78	175	0.974297
79	13	1.03456
79	25	1.11148
79	27	1.10356
79	33	1.00522
79	37	1.07169
79	51	1.04728
79	62	1.11017
79	65	1.07107
79	80	1.05879
79	95	1.0878
79	101	0.954672
79	114	1.18771
79	120	1.18233
79	150	1.86356
79	172	1.48528
79	173	1.47693
79	174	0.947372
79	175	0.940562
80	13	0.947718
80	27	1.01671
80	33	0.918376
80	37	0.984841
80	51	0.960429
80	62	1.02332
80	65	0.984226
80	77	0.974754
80	79	1.05879
80	86	1.27803
80	95	1.00096
80	104	1.15517
80	126	1.32954
80	132	1.00281
80	158	1.40325
80	168	2.45371
80	174	0.860525
80	175	0.853715
81	5	1.12641
81	6	0.996035
81	7	0.993579
81	41	1.05997
81	68	1.04779
81	85	1.0049
81	92	1.05602
81	98	1.08221
81	107	0.855918
81	110	0.483079
81	116	1.08783
81	134	1.02883
81	148	1.13842
81	160	0.960732
81	169	1.50372
81	170	2.28306
81	171	0.934782
81	174	0.917618
81	180	2.19506
82	3	1.08437
82	36	1.11597
82	64	1.07774
82	70	1.0263
82	89	0.913958
82	94	1.01719
82	99	0.991091
82	103	0.990467
82	105	0.967549
82	107	1.07293
82	109	0.967332
82	122	1.30674
82	147	1.35325
82	148	0.951281
82	162	1.30871
82	170	0.826181
82	176	2.36222
83	1	0.973779
83	8	1.08998
83	29	1.05156
83	47	1.02074
83	54	0.958508
83	59	1.05462
83	87	1.05631
83	88	1.02286
83	91	1.02289
83	93	1.02293
83	114	1.01491
83	116	0.863003
83	123	0.941085
83	130	1.05916
83	135	1.3928
83	153	1.47816
83	160	0.945886
83	166	1.71651
83	175	2.02369
84	2	1.52046
84	18	1.40073
84	73	1.36116
84	93	0.962843
84	97	1.02611
84	147	0.939771
84	150	0.883175
84	155	0.977924
84	159	0.921843
84	161	0.840227
84	163	0.866013
84	164	0.914278
84	166	0.86727
84	167	0.863418
84	169	0.86523
84	172	0.894596
84	178	0.787555
84	179	0.830024
84	180	0.810039
85	5	1.04518
85	6	0.914803
85	7	0.912346
85	32	1.01161
85	41	0.97874
85	45	0.969906
85	68	0.966557
85	81	1.0049
85	92	0.974793
85	98	1.00098
85	131	1.08657
85	134	0.9476
85	135	1.31622
85	149	1.69438
85	160	0.8795
85	171	0.85355
85	174	0.836385
85	175	1.94711
85	179	1.98996
86	9	0.765755
86	20	1.16858
86	48	0.982994
86	73	1.50464
86	80	1.27803
86	120	1.03942
86	143	1.04838
86	151	1.03654
86	154	1.02147
86	161	0.907711
86	162	0.995591
86	168	0.89941
86	169	0.932714
86	172	0.96208
86	173	0.956783
86	177	0.857411
86	178	0.855039
86	179	0.897508
86	180	0.877523
87	1	0.973657
87	8	1.08986
87	29	1.05144
87	39	1.51518
87	47	1.02062
87	54	0.958386
87	59	1.0545
87	83	1.05631
87	88	1.02274
87	91	1.02277
87	93	1.0228
87	114	1.01479
87	127	0.868572
87	130	1.05903
87	148	1.11788
87	153	1.11801
87	160	0.945765
87	163	1.5985
87	174	1.8326
88	1	0.940208
88	8	1.05641
88	29	1.01799
88	47	0.987168
88	54	0.924936
88	59	1.02105
88	78	1.1012
88	83	1.02286
88	87	1.02274
88	91	0.98932
88	93	0.989355
88	104	0.949095
88	114	0.981342
88	130	1.02559
88	143	1.13915
88	151	1.01666
88	160	0.912315
88	164	1.40263
88	165	2.27447
88	167	1.96258
89	3	1.01111
89	36	1.04272
89	64	1.00449
89	70	0.953047
89	82	0.913958
89	94	0.943935
89	99	0.917836
89	103	0.917212
89	105	0.894293
89	109	0.894076
89	116	0.965114
89	123	0.96814
89	124	1.23775
89	126	1.21803
89	130	0.95129
89	148	0.878025
89	161	2.34705
89	166	1.75426
89	170	0.752925
89	171	1.73399
90	4	1.05722
90	11	1.06608
90	17	1.07631
90	28	1.01859
90	30	1.016
90	35	1.05682
90	43	1.09923
90	58	1.00152
90	66	0.976936
90	114	0.977794
90	127	1.23778
90	131	1.01779
90	133	0.902313
90	135	1.40186
90	150	1.91674
90	154	1.24172
90	164	1.4685
90	165	0.834314
90	171	0.882817
90	173	1.5301
91	1	0.940235
91	8	1.05644
91	26	0.604024
91	29	1.01801
91	47	0.987195
91	54	0.924963
91	59	1.02108
91	78	1.10123
91	83	1.02289
91	87	1.02277
91	88	0.98932
91	93	0.989382
91	114	0.981369
91	130	1.02561
91	147	1.504
91	148	1.50618
91	153	1.50632
91	159	1.66686
91	160	0.912342
91	172	1.55755
92	5	1.09631
92	6	0.965933
92	7	0.963476
92	32	1.06274
92	45	1.02104
92	68	1.01769
92	81	1.05602
92	85	0.974793
92	98	1.05211
92	114	1.31787
92	116	1.05772
92	122	1.51538
92	127	1.31476
92	128	1.31386
92	133	1.75678
92	134	0.99873
92	156	1.5657
92	160	0.93063
92	171	0.90468
92	174	0.887515
93	1	0.94027
93	8	1.05647
93	29	1.01805
93	47	0.98723
93	54	0.924998
93	59	1.02111
93	78	1.10126
93	83	1.02293
93	84	0.962843
93	87	1.0228
93	88	0.989355
93	91	0.989382
93	101	0.976344
93	114	0.981404
93	130	1.02565
93	137	1.09949
93	142	1.10026
93	160	0.912377
93	167	1.99694
93	174	2.17031
94	3	1.11435
94	36	1.14595
94	64	1.10772
94	70	1.05628
94	82	1.01719
94	89	0.943935
94	99	1.02107
94	103	1.02044
94	105	0.997526
94	109	0.997309
94	130	1.05452
94	131	0.977513
94	141	0.965921
94	148	0.981258
94	153	1.29252
94	168	2.1188
94	170	0.856158
94	173	1.3354
94	175	1.83805
95	13	0.976733
95	25	1.05365
95	27	1.04572
95	33	0.94739
95	37	1.01386
95	51	0.989443
95	62	1.05234
95	65	1.01324
95	77	1.00377
95	79	1.0878
95	80	1.00096
95	123	0.654035
95	127	0.941669
95	132	1.03182
95	137	0.834883
95	156	1.19261
95	170	2.33562
95	174	0.889539
95	175	0.88273
95	177	2.84614
96	9	1.11907
96	10	1.12735
96	18	0.945188
96	50	1.11703
96	57	1.065
96	67	1.03607
96	69	1.0323
96	71	1.02399
96	78	1.15143
96	101	1.0589
96	104	0.77205
96	126	1.00638
96	134	1.03064
96	136	1.06667
96	148	1.24417
96	150	1.67383
96	153	1.24431
96	160	1.35215
96	161	2.07545
96	162	1.19745
96	175	0.912621
97	30	0.836152
97	84	1.02611
97	99	0.602257
97	125	0.619083
97	136	0.580482
97	143	1.06342
97	144	0.883103
97	145	0.805458
97	153	1.02787
97	156	1.00386
97	158	1.01828
97	162	1.01063
97	163	0.948538
97	166	0.949795
97	169	0.947754
97	170	0.88689
97	172	0.97712
97	173	0.971824
97	177	0.872451
97	178	0.87008
97	179	0.912549
97	180	0.892563
98	5	1.1225
98	6	0.992122
98	7	0.989665
98	32	1.08893
98	41	1.05606
98	45	1.04722
98	68	1.04388
98	81	1.08221
98	85	1.00098
98	92	1.05211
98	113	0.817689
98	116	1.08391
98	124	0.848854
98	134	1.02492
98	142	0.771553
98	157	1.67009
98	159	1.28756
98	160	0.956819
98	171	0.930869
98	174	0.913705
98	178	2.75752
98	179	1.7154
99	3	1.08825
99	36	1.11985
99	64	1.08162
99	70	1.03018
99	82	0.991091
99	89	0.917836
99	94	1.02107
99	97	0.602257
99	101	1.01151
99	103	0.994346
99	105	0.971427
99	109	0.97121
99	116	1.04225
99	123	1.04527
99	130	1.02842
99	131	0.937755
99	148	0.955159
99	149	1.54557
99	152	1.08841
99	161	2.0839
99	169	1.61793
99	170	0.830059
99	175	1.79829
100	60	1.02086
100	74	1.05346
100	102	1.01923
100	106	1.33708
100	108	0.999008
100	111	1.07575
100	112	1.04332
100	115	0.980045
100	117	1.01868
100	118	1.024
100	119	1.03467
100	123	1.02472
100	125	1.01998
100	129	1.0149
100	138	0.99276
100	139	0.99245
100	140	0.989079
100	144	0.992686
100	145	0.992695
100	148	0.956989
100	152	1.39745
100	163	2.04229
100	179	2.15018
101	11	1.24807
101	54	1.02683
101	65	1.19977
101	67	1.00522
101	69	1.00145
101	79	0.954672
101	93	0.976344
101	96	1.0589
101	99	1.01151
101	103	1.01089
101	105	0.987971
101	109	0.987753
101	126	0.975533
101	143	1.02313
101	144	1.05423
101	159	0.96408
101	168	0.874163
101	169	0.907467
101	170	0.846602
101	175	0.881773
101	177	0.832164
101	179	0.872261
101	180	0.852276
102	100	1.01923
102	108	1.0196
102	112	1.06392
102	115	1.00064
102	117	1.03928
102	119	1.05526
102	125	1.04058
102	129	1.0355
102	134	1.00568
102	137	1.17185
102	138	1.01336
102	139	1.01305
102	140	1.00968
102	141	1.20148
102	144	1.01328
102	145	1.01329
102	146	1.27814
102	147	1.52576
102	149	0.902306
102	153	1.52807
102	165	0.863127
102	169	1.89324
102	172	1.57931
103	3	1.08762
103	36	1.11923
103	64	1.081
103	70	1.02956
103	82	0.990467
103	89	0.917212
103	94	1.02044
103	99	0.994346
103	101	1.01089
103	105	0.970803
103	109	0.970586
103	116	1.04162
103	121	0.549505
103	123	1.04465
103	130	1.0278
103	148	0.954535
103	149	1.46309
103	159	1.33083
103	164	1.15157
103	169	1.53545
103	170	0.829435
103	174	1.88488
103	180	2.2268
104	5	0.956282
104	11	1.25519
104	32	1.00283
104	64	0.809393
104	80	1.15517
104	88	0.949095
104	96	0.77205
104	127	1.09844
104	151	1.09846
104	154	1.08339
104	157	0.994697
104	162	1.05751
104	163	0.995416
104	164	1.04368
104	165	0.94441
104	168	0.961329
104	169	0.994633
104	172	1.024
104	173	1.0187
104	176	0.942031
104	177	0.91933
104	179	0.959427
104	180	0.939441
105	3	1.0647
105	35	1.03966
105	36	1.09631
105	64	1.05808
105	70	1.00664
105	82	0.967549
105	89	0.894293
105	94	0.997526
105	99	0.971427
105	101	0.987971
105	103	0.970803
105	109	0.947668
105	116	1.01871
105	123	1.02173
105	128	1.18259
105	130	1.00488
105	135	1.34758
105	148	0.931616
105	158	1.20876
105	162	1.38608
105	163	1.91343
105	164	1.41422
105	170	0.806516
105	175	1.97847
106	51	1.60008
106	70	0.90941
106	73	1.62932
106	100	1.33708
106	135	0.96664
106	140	0.960761
106	141	1.05966
106	147	0.951038
106	151	0.980325
106	157	0.876561
106	159	0.93311
106	160	0.900727
106	161	0.851494
106	163	0.87728
106	164	0.925545
106	167	0.874685
106	172	0.905862
106	173	0.900566
106	176	0.823895
106	177	0.801194
106	178	0.798822
106	179	0.841291
106	180	0.821305
107	7	1.54216
107	59	0.742799
107	81	0.855918
107	82	1.07293
107	140	0.902843
107	143	1.0403
107	145	1.17333
107	150	0.942585
107	151	1.02847
107	156	0.980748
107	158	0.995163
107	159	0.981253
107	161	0.899637
107	162	0.987516
107	166	0.92668
107	168	0.891336
107	169	0.92464
107	172	0.954006
107	175	0.898946
107	176	0.872038
107	177	0.849337
107	178	0.846965
107	179	0.889434
107	180	0.869449
108	20	1.03067
108	24	0.903211
108	31	1.00403
108	52	0.761277
108	74	1.05384
108	100	0.999008
108	102	1.0196
108	115	0.980423
108	117	1.01906
108	124	1.08863
108	125	1.02036
108	126	0.961198
108	138	0.993138
108	139	0.992828
108	140	0.989457
108	144	0.993064
108	145	0.993074
108	148	0.957367
108	149	0.882088
108	160	1.47464
108	162	1.31993
108	170	2.51131
108	172	1.41802
108	173	1.40968
109	3	1.06449
109	26	0.568668
109	35	1.03945
109	36	1.09609
109	64	1.05786
109	70	1.00642
109	82	0.967332
109	89	0.894076
109	94	0.997309
109	99	0.97121
109	101	0.987753
109	103	0.970586
109	105	0.947668
109	116	1.01849
109	123	1.02151
109	130	1.00466
109	131	1.15596
109	141	1.14436
109	148	0.931399
109	149	1.76377
109	165	2.32408
109	170	0.806299
109	172	1.52219
109	173	1.51385
110	7	1.16932
110	77	1.21647
110	78	0.651227
110	81	0.483079
110	130	0.605234
110	132	0.841508
110	144	0.878136
110	147	1.05516
110	152	1.03836
110	153	1.06073
110	156	1.03672
110	159	1.03723
110	162	1.04349
110	164	1.02966
110	166	0.982656
110	168	0.947313
110	169	0.980616
110	173	1.00469
110	175	0.954922
110	176	0.928015
110	177	0.905313
110	178	0.902941
110	179	0.94541
110	180	0.925425
111	57	0.709153
111	60	0.717203
111	66	1.31972
111	71	0.971062
111	100	1.07575
111	119	0.687533
111	125	0.783544
111	127	1.07385
111	146	1.07332
111	148	1.03428
111	153	1.05016
111	154	1.0588
111	156	1.02615
111	157	0.970106
111	158	1.04057
111	164	1.01909
111	165	0.919819
111	169	0.970042
111	172	0.999408
111	176	0.917441
111	177	0.894739
111	178	0.892368
111	179	0.934837
111	180	0.914851
112	2	0.970716
112	20	1.07498
112	24	0.947522
112	31	1.04834
112	100	1.04332
112	102	1.06392
112	114	1.05367
112	115	1.02473
112	117	1.06337
112	118	0.762199
112	119	1.07936
112	125	1.06467
112	126	1.00551
112	138	1.03745
112	139	1.03714
112	140	1.03377
112	141	0.973402
112	144	1.03737
112	145	1.03738
112	149	0.926398
112	152	1.13565
112	154	1.0545
112	171	1.51808
112	176	2.30665
112	180	2.35651
113	32	1.16576
113	55	1.05404
113	62	1.14135
113	67	1.31266
113	98	0.817689
113	125	0.960263
113	140	0.87615
113	142	1.03996
113	150	0.929201
113	152	0.968999
113	155	1.02395
113	156	0.967364
113	157	0.91132
113	162	0.974132
113	164	0.960304
113	166	0.913296
113	167	0.909444
113	172	0.940621
113	173	0.935325
113	176	0.858654
113	177	0.835953
113	178	0.833581
113	179	0.87605
113	180	0.856064
114	11	1.06168
114	15	0.711602
114	43	1.09483
114	58	0.997119
114	79	1.18771
114	83	1.01491
114	87	1.01479
114	88	0.981342
114	90	0.977794
114	91	0.981369
114	92	1.31787
114	93	0.981404
114	112	1.05367
114	124	0.996415
114	125	1.02325
114	139	0.955423
114	165	0.829911
114	166	0.882174
114	170	0.819269
114	171	0.878414
114	177	0.804831
114	178	0.802459
114	179	0.844928
114	180	0.824943
115	2	0.907442
115	20	1.01171
115	39	0.856363
115	74	1.03488
115	100	0.980045
115	102	1.00064
115	108	0.980423
115	112	1.02473
115	118	0.90263
115	119	1.01608
115	121	0.819648
115	125	1.0014
115	129	0.996316
115	132	0.997566
115	134	0.966499
115	138	0.974175
115	139	0.973865
115	144	0.974101
115	145	0.97411
115	152	1.27608
115	165	0.823945
115	166	1.67878
115	173	1.48331
115	176	2.44708
115	179	2.02881
116	37	1.02083
116	46	1.23612
116	49	0.714364
116	74	1.01966
116	81	1.08783
116	83	0.863003
116	89	0.965114
116	92	1.05772
116	98	1.08391
116	99	1.04225
116	103	1.04162
116	105	1.01871
116	109	1.01849
116	144	0.918452
116	145	0.840807
116	159	0.994814
116	160	0.962432
116	167	0.93639
116	170	0.877337
116	171	0.936481
116	174	0.919317
116	176	0.8856
116	178	0.860527
116	179	0.902996
116	180	0.88301
117	2	0.946081
117	24	0.922887
117	31	1.02371
117	40	0.508757
117	60	1.04091
117	61	1.04382
117	74	1.07352
117	100	1.01868
117	102	1.03928
117	108	1.01906
117	112	1.06337
117	127	0.995271
117	129	1.03495
117	136	1.04116
117	138	1.01281
117	139	1.0125
117	140	1.00913
117	144	1.01274
117	145	1.01275
117	153	1.24471
117	159	1.40526
117	160	1.35255
117	165	0.862584
117	171	1.46279
117	175	1.79024
117	180	2.30123
118	12	0.998398
118	74	1.09702
118	100	1.024
118	112	0.762199
118	115	0.90263
118	122	1.05021
118	128	1.05612
118	129	0.72656
118	132	0.959179
118	140	0.647675
118	143	1.07066
118	151	1.05883
118	157	0.955063
118	159	1.01161
118	162	1.01788
118	164	1.00405
118	166	0.957039
118	167	0.953188
118	168	0.921696
118	169	0.954999
118	176	0.902398
118	177	0.879696
118	178	0.877324
118	179	0.919793
118	180	0.899808
119	2	0.962065
119	24	0.938871
119	26	0.271283
119	60	1.0569
119	61	1.0598
119	100	1.03467
119	102	1.05526
119	111	0.687533
119	112	1.07936
119	115	1.01608
119	125	1.05602
119	129	1.05094
119	133	0.946567
119	138	1.0288
119	139	1.02849
119	140	1.02512
119	144	1.02872
119	145	1.02873
119	149	0.917748
119	155	0.903538
119	158	0.949398
119	159	1.33412
119	165	0.878569
119	174	1.88817
119	178	2.80408
119	179	1.76196
120	10	1.28854
120	17	1.28809
120	20	1.26626
120	79	1.18233
120	86	1.03942
120	127	0.997391
120	130	1.00899
120	138	0.821572
120	143	1.00925
120	148	0.957817
120	152	0.951325
120	154	0.98234
120	159	0.950195
120	161	0.868579
120	163	0.894365
120	166	0.895622
120	167	0.89177
120	168	0.860278
120	169	0.893582
120	171	0.891862
120	173	0.917651
120	176	0.84098
120	177	0.818279
120	178	0.815907
120	179	0.858376
120	180	0.838391
121	21	1.09899
121	36	0.796666
121	51	1.20401
121	66	1.18499
121	103	0.549505
121	115	0.819648
121	134	0.690965
121	142	1.10838
121	145	0.835181
121	151	1.08351
121	153	1.05979
121	154	1.06844
121	155	1.09237
121	156	1.03579
121	157	0.979743
121	163	0.980463
121	166	0.98172
121	167	0.977868
121	169	0.979679
121	170	0.918815
121	172	1.00905
121	173	1.00375
121	176	0.927078
121	177	0.904376
121	178	0.902005
121	179	0.944474
121	180	0.924488
122	29	1.3476
122	75	0.84929
122	77	1.82312
122	78	1.25787
122	82	1.30674
122	92	1.51538
122	118	1.05021
122	128	0.983214
122	141	1.06525
122	149	0.871044
122	153	0.962203
122	154	0.970846
122	157	0.882152
122	158	0.952611
122	161	0.857086
122	166	0.884129
122	167	0.880277
122	168	0.848785
122	169	0.882088
122	172	0.911454
122	173	0.906158
122	175	0.856395
122	176	0.829487
122	177	0.806785
122	178	0.804414
122	179	0.846883
122	180	0.826897
123	4	0.899345
123	11	1.19037
123	15	1.08751
123	19	1.05675
123	23	1.07369
123	42	1.03065
123	53	1.00137
123	63	1.03557
123	65	1.14207
123	73	1.00873
123	83	0.941085
123	89	0.96814
123	95	0.654035
123	99	1.04527
123	100	1.02472
123	103	1.04465
123	105	1.02173
123	109	1.02151
123	140	0.648402
123	144	0.996534
123	150	0.959173
123	166	0.943268
123	170	0.880363
123	176	0.888626
123	177	0.865925
123	178	0.863553
123	179	0.906022
123	180	0.886036
124	10	1.2621
124	45	1.18602
124	61	1.18286
124	77	1.59378
124	89	1.23775
124	98	0.848854
124	108	1.08863
124	114	0.996415
124	128	1.00428
124	142	1.03186
124	147	0.9777
124	150	0.921104
124	152	0.960901
124	153	0.983273
124	155	1.01585
124	159	0.959771
124	162	0.966035
124	164	0.952206
124	166	0.905199
124	167	0.901347
124	169	0.903158
124	172	0.932524
124	173	0.927228
124	174	0.884274
124	177	0.827855
124	178	0.825483
124	179	0.867953
124	180	0.847967
125	24	0.924187
125	31	1.02501
125	60	1.04221
125	74	1.07482
125	97	0.619083
125	100	1.01998
125	102	1.04058
125	108	1.02036
125	111	0.783544
125	112	1.06467
125	113	0.960263
125	114	1.02325
125	115	1.0014
125	119	1.05602
125	129	1.03626
125	132	1.0375
125	133	0.931883
125	136	1.04246
125	138	1.01411
125	139	1.0138
125	140	1.01043
125	143	0.987384
125	144	1.01404
125	145	1.01405
125	149	0.903063
125	167	1.81081
125	169	1.63475
125	172	1.32082
125	179	1.85797
126	9	1.0357
126	29	1.09855
126	43	1.16072
126	45	1.1663
126	50	1.03366
126	62	1.1528
126	67	0.952694
126	69	0.94893
126	74	1.01565
126	77	1.57406
126	80	1.32954
126	89	1.21803
126	96	1.00638
126	101	0.975533
126	108	0.961198
126	112	1.00551
126	129	0.977091
126	134	0.947273
126	140	0.951269
126	144	0.954876
126	145	0.954885
126	147	0.929485
126	161	0.829941
126	175	0.829249
126	176	0.802342
126	177	0.77964
126	178	0.777268
126	179	0.819737
126	180	0.799752
127	6	1.60376
127	55	1.03347
127	87	0.868572
127	90	1.23778
127	92	1.31476
127	95	0.941669
127	104	1.09844
127	111	1.07385
127	117	0.995271
127	120	0.997391
127	128	0.991812
127	136	0.981546
127	143	1.00635
127	150	0.908632
127	152	0.94843
127	156	0.946795
127	159	0.947299
127	162	0.953563
127	164	0.939734
127	168	0.857383
127	169	0.890686
127	172	0.920052
127	173	0.914756
127	176	0.838085
127	177	0.815383
127	178	0.813012
127	179	0.855481
127	180	0.835495
128	18	1.64326
128	33	1.19238
128	34	0.89532
128	49	1.07918
128	92	1.31386
128	105	1.18259
128	118	1.05612
128	122	0.983214
128	124	1.00428
128	127	0.991812
128	132	1.24664
128	133	0.905778
128	147	0.962544
128	154	0.97676
128	155	1.0007
128	156	0.944111
128	157	0.888066
128	158	0.958525
128	161	0.863
128	163	0.888786
128	165	0.837779
128	167	0.886191
128	168	0.854699
128	172	0.917368
128	173	0.912072
128	176	0.835401
128	177	0.812699
128	178	0.810328
128	179	0.852797
128	180	0.832811
129	2	0.942298
129	24	0.919104
129	31	1.01993
129	35	1.08131
129	40	0.528407
129	61	1.04003
129	72	1.00743
129	74	1.06974
129	100	1.0149
129	102	1.0355
129	115	0.996316
129	117	1.03495
129	118	0.72656
129	119	1.05094
129	125	1.03626
129	126	0.977091
129	138	1.00903
129	139	1.00872
129	140	1.00535
129	141	0.937763
129	144	1.00896
129	145	1.00897
129	148	0.97326
129	149	0.89798
129	153	1.26436
129	160	1.3722
129	165	0.858802
129	167	1.80558
129	179	1.85274
129	180	2.32087
130	22	0.933987
130	34	1.04843
130	46	1.01003
130	48	1.08722
130	54	0.961229
130	75	1.08744
130	76	1.08696
130	83	1.05916
130	87	1.05903
130	88	1.02559
130	89	0.95129
130	91	1.02561
130	93	1.02565
130	94	1.05452
130	99	1.02842
130	103	1.0278
130	105	1.00488
130	109	1.00466
130	110	0.605234
130	120	1.00899
130	151	0.856014
130	159	1.42125
130	160	0.948608
130	161	2.09184
130	162	1.21385
130	165	2.11382
130	170	0.863513
130	172	1.31194
130	173	1.30359
131	1	1.01976
131	4	1.09281
131	14	1.09686
131	19	1.03565
131	28	1.05418
131	39	0.902327
131	42	1.00955
131	49	1.08692
131	56	1.05224
131	61	1.14602
131	66	1.01253
131	71	1.1421
131	73	0.98763
131	85	1.08657
131	90	1.01779
131	94	0.977513
131	99	0.937755
131	109	1.15596
131	138	0.758281
131	149	0.909088
131	162	0.983008
131	165	0.869909
131	171	0.918412
131	173	0.944201
131	176	0.86753
131	177	0.844829
131	178	0.842457
131	179	0.884926
131	180	0.864941
132	21	1.03823
132	22	0.919884
132	27	1.04757
132	46	0.995924
132	48	1.07312
132	55	0.864362
132	65	1.01509
132	75	1.07333
132	76	1.07286
132	77	1.00562
132	80	1.00281
132	95	1.03182
132	110	0.841508
132	115	0.997566
132	118	0.959179
132	125	1.0375
132	128	1.24664
132	138	1.01028
132	139	1.00997
132	140	1.0066
132	144	1.01021
132	145	1.01022
132	151	1.09229
132	155	1.22694
132	164	1.47826
132	169	1.86215
132	170	0.84941
132	171	1.71506
132	174	0.89139
132	175	0.88458
133	14	1.58229
133	17	0.996424
133	23	1.39769
133	27	1.47747
133	28	0.938703
133	30	0.936115
133	34	1.33825
133	60	0.932758
133	66	0.89705
133	69	1.74752
133	90	0.902313
133	92	1.75678
133	119	0.946567
133	125	0.931883
133	128	0.905778
133	135	0.894795
133	139	0.904349
133	140	0.900978
133	141	0.987815
133	144	0.904585
133	145	0.904594
133	159	0.861265
133	165	0.754429
133	167	0.802841
133	170	0.743788
133	171	0.802932
133	172	0.834018
133	176	0.752051
133	177	0.729349
133	179	0.769446
133	180	0.749461
134	7	0.936284
134	10	1.06824
134	50	1.05792
134	57	1.00589
134	71	0.964885
134	81	1.02883
134	85	0.9476
134	92	0.99873
134	96	1.03064
134	98	1.02492
134	102	1.00568
134	115	0.966499
134	121	0.690965
134	126	0.947273
134	135	1.22639
134	136	1.00756
134	137	0.955521
134	138	0.979214
134	139	0.978904
134	140	0.975533
134	142	0.956286
134	144	0.97914
134	145	0.979149
134	154	1.06624
134	157	1.85482
134	160	0.903437
134	163	1.79224
134	170	2.45626
134	171	0.877487
134	174	0.860323
134	175	0.853513
134	176	2.3184
135	29	1.31107
135	83	1.3928
135	85	1.31622
135	90	1.40186
135	105	1.34758
135	106	0.96664
135	133	0.894795
135	134	1.22639
135	139	1.1164
135	146	0.980295
135	151	0.980849
135	152	0.934763
135	153	0.957135
135	154	0.965778
135	155	0.989715
135	157	0.877084
135	161	0.852018
135	162	0.939897
135	163	0.877804
135	164	0.926068
135	166	0.879061
135	167	0.875209
135	168	0.843717
135	169	0.87702
135	172	0.906386
135	173	0.90109
135	174	0.858136
135	176	0.824419
135	177	0.801717
135	178	0.799346
135	179	0.841815
135	180	0.821829
136	18	0.922107
136	21	1.04318
136	22	0.924843
136	34	1.03928
136	38	0.868718
136	46	1.00088
136	48	1.07808
136	57	1.04192
136	61	1.04624
136	67	1.01298
136	69	1.00922
136	71	1.00091
136	75	1.07829
136	76	1.07782
136	96	1.06667
136	97	0.580482
136	117	1.04116
136	125	1.04246
136	127	0.981546
136	134	1.00756
136	138	1.01524
136	142	0.875526
136	144	1.01517
136	145	1.01518
136	156	1.23249
136	158	1.00681
136	165	0.86501
136	169	1.59615
136	170	0.854368
136	173	1.27387
136	175	0.889539
136	177	2.88602
136	179	1.81937
137	3	0.560226
137	6	1.49698
137	16	1.10661
137	23	0.848884
137	27	0.928657
137	38	1.05544
137	61	1.1048
137	69	1.19871
137	93	1.09949
137	95	0.834883
137	102	1.17185
137	134	0.955521
137	146	1.06307
137	147	1.03433
137	150	0.977736
137	151	1.06362
137	152	1.01753
137	153	1.03991
137	154	1.04855
137	155	1.07249
137	156	1.0159
137	158	1.03031
137	161	0.934788
137	164	1.00884
137	166	0.961831
137	167	0.95798
137	168	0.926487
137	172	0.989157
137	173	0.98386
137	176	0.90719
137	177	0.884488
137	178	0.882116
137	179	0.924585
137	180	0.9046
138	20	1.02442
138	31	0.997786
138	60	1.01499
138	61	1.01789
138	74	1.04759
138	100	0.99276
138	102	1.01336
138	108	0.993138
138	112	1.03745
138	115	0.974175
138	117	1.01281
138	119	1.0288
138	120	0.821572
138	125	1.01411
138	129	1.00903
138	131	0.758281
138	132	1.01028
138	134	0.979214
138	136	1.01524
138	139	0.98658
138	140	0.983209
138	143	0.791083
138	144	0.986816
138	145	0.986826
138	146	0.823355
138	148	0.951119
138	149	0.875839
138	157	1.61636
138	164	1.05457
138	165	0.836661
138	166	1.31164
138	170	2.2178
138	174	1.78788
138	177	2.72832
139	2	0.919847
139	20	1.02411
139	24	0.896653
139	60	1.01468
139	61	1.01758
139	74	1.04728
139	100	0.99245
139	102	1.01305
139	108	0.992828
139	112	1.03714
139	114	0.955423
139	115	0.973865
139	117	1.0125
139	119	1.02849
139	125	1.0138
139	129	1.00872
139	132	1.00997
139	133	0.904349
139	134	0.978904
139	135	1.1164
139	138	0.98658
139	140	0.982899
139	141	0.875158
139	144	0.986506
139	145	0.986516
139	147	1.19944
139	148	0.950809
139	149	0.87553
139	160	1.3096
139	162	1.1549
139	163	1.68225
139	165	0.836351
139	167	1.74298
139	171	1.41984
139	178	2.83226
