1	5	1.26189
1	124	1.15506
1	138	0.927212
1	161	0.84662
1	162	0.859203
1	164	0.807335
1	165	0.870545
1	171	0.800214
1	174	0.819592
1	175	0.798213
1	177	0.810189
1	180	0.846435
2	32	1.6145
2	109	0.372485
2	144	0.957184
2	151	0.958193
2	153	0.963459
2	156	0.00275211
2	173	0.914143
2	174	0.926087
2	175	0.904708
2	176	0.903745
2	177	0.916684
2	180	0.95293
3	30	0.891009
3	38	0.959339
3	47	0.945106
3	60	0.936107
3	75	0.924133
3	81	0.879666
3	89	0.952203
3	95	0.955073
3	140	0.821627
3	145	0.934956
3	169	1.8686
3	171	3.04571
4	8	2.53923
4	81	0.745927
4	117	0.792115
4	141	0.819823
4	161	0.774785
4	163	0.798003
4	166	0.734375
4	169	0.746671
4	173	0.735813
4	176	0.725415
4	177	0.738353
4	180	0.7746
5	1	1.26189
5	52	0.861596
5	82	0.824484
5	118	0.841809
5	124	0.837552
5	125	0.86115
5	128	0.861201
5	131	0.814797
5	158	0.848959
5	170	0.782348
5	178	0.856549
5	179	3.05975
6	20	0.821057
6	29	0.812128
6	39	0.874209
6	60	0.843493
6	75	0.831519
6	81	0.787052
6	92	0.866002
6	95	0.862459
6	129	0.859906
6	131	2.88418
6	138	1.95891
6	145	0.842342
7	33	0.872896
7	61	0.820786
7	84	0.837816
7	87	0.84365
7	91	0.822653
7	94	0.822926
7	96	0.869839
7	119	0.853691
7	150	1.83738
7	156	0.857032
7	171	3.29423
7	179	0.780678
8	4	2.53923
8	78	0.817003
8	101	0.891138
8	102	0.887817
8	103	0.823234
8	104	0.816219
8	106	0.815515
8	114	0.869931
8	148	0.843422
8	155	0.801139
8	158	0.841502
8	166	1.88978
9	31	0.88983
9	51	0.846248
9	58	0.832845
9	63	0.830235
9	69	0.819186
9	73	0.818992
9	76	0.819091
9	85	0.861433
9	132	0.834302
9	137	0.852816
9	151	2.05842
9	169	2.91757
10	45	1.0538
10	50	0.913509
10	68	5.1
10	84	0.920074
10	87	0.925909
10	91	0.904912
10	94	0.905184
10	96	0.952097
10	111	1.23385
10	136	1.60855
10	156	0.93929
10	179	0.862936
11	20	0.804623
11	38	0.850291
11	39	0.857774
11	47	0.836058
11	60	0.827058
11	89	0.843155
11	92	0.849568
11	95	0.846025
11	129	0.843472
11	145	0.825908
11	159	2.92324
11	178	1.89527
12	50	0.929073
12	61	0.918608
12	87	0.941473
12	91	0.920476
12	94	0.920748
12	96	0.967661
12	119	0.951513
12	133	2.33101
12	156	0.954854
12	164	2.24562
12	174	1.36768
12	179	0.8785
13	67	0.84291
13	108	0.845449
13	115	0.873233
13	116	0.873506
13	121	0.868069
13	126	0.840822
13	129	0.853724
13	151	2.69145
13	154	2.25035
13	156	0.868705
13	160	0.759239
13	167	0.773466
14	55	0.846733
14	101	0.890665
14	103	0.822761
14	104	0.815746
14	105	0.860307
14	106	0.815042
14	114	0.869457
14	138	1.71359
14	146	3.08889
14	148	0.842949
14	155	0.800665
14	158	0.841029
15	51	1.5708
15	101	1.09634
15	146	0.848625
15	164	0.832026
15	171	0.824904
15	172	0.851506
15	173	0.832339
15	174	0.844282
15	175	0.822904
15	176	0.821941
15	177	0.83488
15	180	0.871126
16	67	0.835167
16	80	0.876862
16	108	0.837706
16	115	0.86549
16	121	0.860326
16	126	0.833079
16	129	0.845981
16	145	0.828417
16	156	0.860962
16	163	2.63121
16	167	0.765723
16	178	2.17521
17	23	0.898507
17	83	0.865864
17	115	0.864309
17	116	0.864581
17	121	0.859145
17	123	0.850435
17	126	0.831898
17	141	2.38637
17	152	2.50979
17	156	0.859781
17	160	0.750315
17	167	0.764542
18	30	0.855088
18	38	0.923418
18	39	0.930902
18	47	0.909185
18	75	0.888212
18	89	0.916282
18	92	0.922695
18	95	0.919152
18	129	0.916599
18	145	0.899035
18	151	1.85881
18	165	1.9567
18	180	2.13855
19	29	0.876563
19	43	0.00210333
19	65	0.319612
19	103	1.02014
19	104	1.01312
19	114	1.06684
19	115	0.310623
19	158	1.03841
19	163	1.02964
19	166	0.966017
19	174	0.979398
19	177	0.969995
19	180	1.00624
20	6	0.821057
20	11	0.804623
20	29	0.801302
20	47	0.841665
20	60	0.832666
20	75	0.820692
20	81	0.776225
20	89	0.848762
20	92	0.855176
20	95	0.851632
20	145	0.831516
20	168	2.67042
20	178	2.43031
21	35	0.93735
21	48	0.918058
21	58	0.905483
21	63	0.902873
21	69	0.891824
21	73	0.89163
21	76	0.891729
21	85	0.934071
21	107	1.78699
21	132	0.90694
21	137	0.925455
21	147	1.35445
21	167	2.69143
22	25	0.837825
22	45	0.950731
22	50	0.81044
22	61	0.799975
22	84	0.817005
22	87	0.822839
22	91	0.801842
22	94	0.802115
22	96	0.849028
22	99	1.43951
22	156	0.836221
22	176	3.675
22	179	0.759867
23	17	0.898507
23	77	0.969816
23	98	0.913575
23	116	0.961418
23	123	0.947272
23	126	0.928735
23	133	0.844051
23	145	0.924073
23	152	1.25471
23	160	0.847152
23	161	1.92594
23	167	0.861379
23	170	2.81841
24	42	1.18843
24	62	1.72646
24	65	0.990972
24	80	0.962675
24	98	0.903732
24	108	0.923519
24	115	0.951304
24	123	0.937429
24	126	0.918893
24	133	0.834209
24	160	0.837309
24	167	0.851536
24	180	2.7188
25	22	0.837825
25	33	0.93536
25	40	1.17603
25	45	1.03401
25	62	1.53156
25	84	0.90028
25	87	0.906114
25	91	0.885117
25	94	0.885389
25	96	0.932303
25	156	0.919496
25	172	2.8164
25	179	0.843142
26	46	0.909959
26	48	0.911644
26	51	0.912472
26	54	0.910693
26	70	0.952812
26	72	2.25187
26	73	0.885215
26	76	0.885315
26	85	0.927657
26	132	0.900526
26	137	0.91904
26	139	1.46568
26	143	2.19809
27	31	1.09297
27	122	0.860967
27	137	1.51931
27	149	0.830797
27	154	0.900552
27	167	0.808094
27	169	0.816242
27	172	0.82455
27	173	0.805383
27	175	0.795948
27	176	0.794986
27	177	0.807924
27	180	0.84417
28	109	0.841909
28	112	0.841586
28	113	0.830521
28	118	0.820441
28	124	0.816184
28	125	0.839782
28	128	0.839833
28	147	2.65123
28	148	0.829511
28	158	0.827591
28	168	2.52607
28	170	0.76098
28	178	0.835181
29	6	0.812128
29	19	0.876563
29	20	0.801302
29	30	0.77864
29	38	0.84697
29	39	0.854454
29	60	0.823738
29	75	0.811764
29	89	0.839834
29	92	0.846247
29	95	0.842704
29	142	3.58237
29	145	0.822587
30	3	0.891009
30	18	0.855088
30	29	0.77864
30	47	0.819004
30	60	0.810005
30	75	0.798031
30	89	0.826101
30	92	0.832514
30	95	0.828971
30	129	0.826418
30	145	0.808854
30	166	3.92818
30	180	1.47507
31	9	0.88983
31	27	1.09297
31	35	0.934566
31	46	0.91359
31	51	0.916102
31	54	0.914323
31	63	0.900089
31	69	0.88904
31	70	0.956443
31	73	0.888846
31	137	0.92267
31	141	1.10567
31	175	3.04162
32	2	1.6145
32	78	0.802419
32	101	0.876555
32	102	0.873234
32	103	0.808651
32	104	0.801636
32	105	0.846197
32	106	0.800932
32	114	0.855347
32	148	0.828839
32	155	0.786555
32	158	0.826919
32	178	2.85232
33	7	0.872896
33	25	0.93536
33	61	0.89751
33	84	0.91454
33	87	0.920375
33	91	0.899378
33	94	0.89965
33	96	0.946563
33	110	1.40775
33	155	2.88538
33	156	0.933756
33	178	1.41503
33	179	0.857402
34	47	2.17235
34	116	0.640695
34	143	0.840492
34	151	0.83519
34	153	0.840455
34	161	0.830112
34	163	0.85333
34	166	0.789702
34	172	0.810306
34	174	0.803083
34	175	0.781705
34	176	0.780742
34	177	0.79368
34	180	0.829927
35	21	0.93735
35	31	0.934566
35	46	0.888471
35	54	0.889205
35	58	0.877581
35	63	0.87497
35	69	0.863921
35	70	0.931324
35	73	0.863727
35	76	0.863827
35	130	1.86844
35	132	0.879038
35	140	2.37554
35	178	1.81226
36	115	0.570644
36	117	0.926008
36	124	0.866797
36	129	0.938622
36	136	0.88362
36	142	0.87676
36	150	0.926435
36	159	0.905019
36	169	0.880564
36	171	0.862271
36	172	0.888872
36	176	0.859308
36	177	0.872246
36	180	0.908493
37	116	0.55189
37	117	0.846595
37	133	0.775677
37	154	0.885462
37	158	2.28535
37	159	0.825607
37	168	0.888476
37	171	0.782859
37	173	0.790293
37	174	0.802237
37	175	0.780858
37	176	0.779896
37	177	0.792834
37	180	0.829081
38	3	0.959339
38	11	0.850291
38	18	0.923418
38	29	0.84697
38	47	0.887334
38	60	0.878334
38	75	0.866361
38	89	0.894431
38	92	0.900844
38	97	1.41578
38	129	0.894748
38	131	1.67043
38	145	0.877184
38	170	3.031
39	6	0.874209
39	11	0.857774
39	18	0.930902
39	29	0.854454
39	60	0.885818
39	75	0.873844
39	89	0.901914
39	92	0.908328
39	95	0.904784
39	129	0.902231
39	145	0.884668
39	147	1.56223
39	161	2.6608
39	165	2.04596
40	25	1.17603
40	121	0.905819
40	140	0.949561
40	145	0.84486
40	147	0.963249
40	161	0.903068
40	169	0.874954
40	171	0.856661
40	172	0.883262
40	175	0.854661
40	176	0.853698
40	177	0.866636
40	179	0.885692
40	180	0.902883
41	44	0.923566
41	55	0.902898
41	78	0.872694
41	103	0.878926
41	104	0.871911
41	105	0.916472
41	106	0.871207
41	110	1.04698
41	114	0.925622
41	120	1.10301
41	133	3.9624
41	148	0.899114
41	155	0.856831
41	158	0.897194
42	24	1.18843
42	76	1.01119
42	77	0.703221
42	150	0.926347
42	153	0.918934
42	159	0.904931
42	162	0.921173
42	171	0.862183
42	173	0.869618
42	174	0.881561
42	175	0.860183
42	176	0.85922
42	177	0.872159
42	180	0.908405
43	19	0.00210333
43	67	0.899342
43	83	0.93122
43	98	0.882093
43	108	0.90188
43	116	0.929937
43	121	0.924501
43	126	0.897254
43	127	0.871639
43	156	0.925137
43	160	0.815671
43	161	2.37913
43	167	0.829898
43	176	3.13619
44	41	0.923566
44	102	0.936586
44	103	0.872003
44	105	0.909549
44	106	0.864284
44	114	0.918699
44	136	0.833232
44	137	0.90115
44	147	0.730706
44	148	0.892191
44	155	0.849907
44	158	0.890271
44	161	1.82928
44	166	3.8494
45	10	1.0538
45	22	0.950731
45	25	1.03401
45	84	1.01319
45	91	0.998024
45	94	0.998296
45	96	1.04521
45	141	0.700834
45	156	1.0324
45	157	1.45694
45	160	2.54721
45	174	1.97644
45	179	0.956048
46	26	0.909959
46	31	0.91359
46	35	0.888471
46	48	0.869179
46	54	0.868229
46	58	0.856604
46	63	0.853994
46	69	0.842945
46	70	0.910348
46	73	0.842751
46	85	0.885192
46	131	2.0411
46	132	0.858061
46	173	3.32394
46	178	1.04534
47	3	0.945106
47	11	0.836058
47	18	0.909185
47	20	0.841665
47	30	0.819004
47	34	2.17235
47	38	0.887334
47	75	0.852127
47	89	0.880197
47	92	0.886611
47	95	0.883067
47	107	1.48168
47	129	0.880514
47	145	0.862951
47	155	2.1542
48	21	0.918058
48	26	0.911644
48	46	0.869179
48	54	0.869913
48	58	0.858289
48	63	0.855678
48	69	0.844629
48	70	0.912032
48	73	0.844435
48	76	0.844535
48	85	0.886877
48	122	1.80043
48	137	0.87826
48	153	1.84709
48	167	2.7343
49	93	0.884825
49	109	0.88898
49	112	0.888657
49	113	0.877592
49	118	0.867512
49	124	0.863255
49	125	0.886853
49	128	0.886904
49	148	0.876582
49	154	1.48963
49	158	0.874662
49	159	2.20758
49	169	2.78987
49	170	0.808051
49	178	0.882252
50	10	0.913509
50	12	0.929073
50	22	0.81044
50	61	0.855865
50	84	0.872895
50	87	0.87873
50	91	0.857733
50	94	0.858005
50	96	0.904918
50	119	0.888771
50	139	2.2814
50	151	2.47135
50	156	0.892111
50	178	1.72023
50	179	0.815757
51	9	0.846248
51	15	1.5708
51	26	0.912472
51	31	0.916102
51	54	0.870741
51	58	0.859117
51	63	0.856506
51	70	0.91286
51	73	0.845263
51	76	0.845363
51	85	0.887705
51	88	1.82909
51	117	2.11107
51	132	0.860574
51	137	0.879088
52	5	0.861596
52	109	0.890855
52	112	0.890532
52	113	0.879467
52	118	0.869387
52	124	0.865129
52	125	0.888728
52	128	0.888779
52	148	0.878457
52	154	1.39057
52	158	0.876537
52	162	1.79792
52	170	0.809926
52	173	3.35915
52	178	0.884126
53	104	0.869365
53	105	0.913926
53	106	0.868661
53	114	0.923076
53	118	0.887498
53	124	0.883241
53	125	0.906839
53	128	0.90689
53	134	2.01319
53	138	1.14005
53	158	0.894648
53	170	0.828037
53	177	2.97784
53	178	0.902238
54	26	0.910693
54	31	0.914323
54	35	0.889205
54	46	0.868229
54	48	0.869913
54	51	0.870741
54	58	0.857338
54	69	0.843679
54	76	0.843584
54	85	0.885926
54	132	0.858795
54	137	0.87731
54	139	0.928948
54	164	3.19053
54	173	2.64638
55	14	0.846733
55	41	0.902898
55	101	0.919239
55	102	0.915918
55	103	0.851335
55	104	0.84432
55	105	0.888881
55	106	0.843616
55	114	0.898031
55	119	0.893259
55	122	2.21968
55	134	2.39492
55	155	0.829239
55	158	0.869603
55	168	1.6914
56	69	1.62815
56	73	0.517241
56	84	0.790186
56	153	0.896925
56	154	0.942777
56	164	0.847296
56	168	0.945791
56	169	0.858467
56	172	0.866776
56	173	0.847609
56	174	0.859553
56	175	0.838174
56	176	0.837211
56	177	0.85015
56	180	0.886396
57	79	0.841202
57	90	0.8767
57	109	0.878329
57	112	0.878006
57	113	0.866941
57	118	0.856862
57	124	0.852604
57	125	0.876202
57	128	0.876254
57	148	0.865931
57	157	2.36726
57	158	0.864011
57	165	1.79096
57	167	2.64421
57	170	0.797401
57	178	0.871601
58	9	0.832845
58	21	0.905483
58	35	0.877581
58	46	0.856604
58	48	0.858289
58	51	0.859117
58	54	0.857338
58	63	0.843103
58	69	0.832054
58	70	0.899457
58	76	0.83196
58	85	0.874302
58	137	0.865685
58	138	1.68273
58	163	2.06824
58	172	2.9356
59	79	0.83825
59	90	0.873748
59	100	0.906761
59	109	0.875377
59	111	1.38648
59	112	0.875054
59	113	0.863989
59	118	0.853909
59	124	0.849652
59	125	0.87325
59	128	0.873302
59	158	0.861059
59	162	2.47402
59	170	0.794449
59	178	0.868649
59	180	2.78751
60	3	0.936107
60	6	0.843493
60	11	0.827058
60	20	0.832666
60	29	0.823738
60	30	0.810005
60	38	0.878334
60	39	0.885818
60	89	0.871198
60	92	0.877612
60	95	0.874068
60	129	0.871515
60	140	1.9425
60	141	2.04842
60	145	0.853951
60	157	2.80452
61	7	0.820786
61	12	0.918608
61	22	0.799975
61	33	0.89751
61	50	0.855865
61	84	0.86243
61	87	0.868265
61	91	0.847268
61	94	0.84754
61	96	0.894453
61	119	0.878306
61	156	0.881646
61	164	2.53941
61	170	2.07299
61	171	2.50403
61	179	0.805292
62	24	1.72646
62	25	1.53156
62	143	0.879016
62	154	0.924831
62	157	0.858302
62	158	0.924178
62	162	0.881218
62	163	0.891853
62	165	0.89256
62	169	0.840521
62	173	0.829663
62	174	0.841607
62	175	0.820228
62	176	0.819265
62	177	0.832204
62	180	0.86845
63	9	0.830235
63	21	0.902873
63	31	0.900089
63	35	0.87497
63	46	0.853994
63	48	0.855678
63	51	0.856506
63	58	0.843103
63	69	0.829444
63	70	0.896847
63	73	0.82925
63	85	0.871691
63	88	1.07444
63	132	0.84456
63	169	2.68173
63	177	2.97976
64	77	0.966254
64	80	0.968956
64	83	0.959139
64	108	0.9298
64	115	0.957584
64	116	0.957857
64	121	0.95242
64	123	0.94371
64	126	0.925174
64	156	0.953056
64	159	1.50705
64	160	0.84359
64	165	1.32809
64	167	0.857817
64	170	2.83541
64	172	1.80244
65	19	0.319612
65	24	0.990972
65	108	0.938832
65	115	0.966616
65	116	0.966889
65	121	0.961452
65	122	2.00118
65	123	0.952742
65	126	0.934206
65	129	0.947107
65	132	1.66155
65	133	0.849522
65	156	0.962088
65	157	2.65808
65	160	0.852622
65	167	0.866849
66	110	0.841614
66	116	4.05505
66	135	0.781544
66	142	0.722752
66	154	0.810866
66	157	0.744337
66	161	0.75467
66	162	0.767253
66	166	0.71426
66	171	0.708263
66	172	0.734864
66	173	0.715698
66	174	0.727641
66	175	0.706263
66	176	0.7053
66	180	0.754485
67	13	0.84291
67	16	0.835167
67	43	0.899342
67	83	0.89818
67	98	0.849053
67	108	0.86884
67	116	0.896897
67	121	0.89146
67	123	0.88275
67	126	0.864214
67	140	1.95404
67	149	2.59422
67	152	2.18338
67	156	0.892097
67	160	0.78263
67	167	0.796857
68	10	5.1
68	86	0.77598
68	134	0.743947
68	141	0.790333
68	142	0.713377
68	147	0.805477
68	165	0.76922
68	168	0.804506
68	171	0.698889
68	172	0.72549
68	173	0.706323
68	175	0.696888
68	176	0.695925
68	177	0.708864
68	178	0.784866
68	179	0.727919
68	180	0.74511
69	9	0.819186
69	21	0.891824
69	31	0.88904
69	35	0.863921
69	46	0.842945
69	48	0.844629
69	54	0.843679
69	56	1.62815
69	58	0.832054
69	63	0.829444
69	70	0.885798
69	73	0.818201
69	76	0.8183
69	85	0.860642
69	111	2.05469
69	120	2.47362
69	137	0.852026
70	26	0.952812
70	31	0.956443
70	35	0.931324
70	46	0.910348
70	48	0.912032
70	51	0.91286
70	58	0.899457
70	63	0.896847
70	69	0.885798
70	76	0.885703
70	85	0.928045
70	127	1.74135
70	132	0.900914
70	137	0.919429
70	138	0.875941
70	144	1.60922
70	164	3.6282
71	80	0.686022
71	86	0.962934
71	100	0.40855
71	145	0.825691
71	149	0.918692
71	158	0.54949
71	159	0.928591
71	161	0.93225
71	162	0.944833
71	164	0.892965
71	171	0.885843
71	172	0.912444
71	174	0.905221
71	175	0.883843
71	176	0.88288
71	177	0.895818
71	180	0.932065
72	26	2.25187
72	107	0.849463
72	133	0.74799
72	137	2.21018
72	150	0.819336
72	159	0.79792
72	163	0.824797
72	166	0.761169
72	168	0.860789
72	169	0.773465
72	171	0.755172
72	174	0.77455
72	175	0.753171
72	176	0.752209
72	177	0.765147
72	178	0.84115
72	180	0.801394
73	9	0.818992
73	21	0.89163
73	26	0.885215
73	31	0.888846
73	35	0.863727
73	46	0.842751
73	48	0.844435
73	51	0.845263
73	56	0.517241
73	63	0.82925
73	69	0.818201
73	76	0.818106
73	85	0.860448
73	132	0.833317
73	137	0.851832
73	153	2.12902
73	160	3.82953
74	109	0.884445
74	113	0.873057
74	118	0.862977
74	119	0.545225
74	125	0.882318
74	126	1.7111
74	128	0.88237
74	137	0.885036
74	138	0.918738
74	157	0.827813
74	165	0.86207
74	170	0.803517
74	171	0.791739
74	175	0.789739
74	176	0.788776
74	178	0.877717
74	180	0.837961
75	3	0.924133
75	6	0.831519
75	18	0.888212
75	20	0.820692
75	29	0.811764
75	30	0.798031
75	38	0.866361
75	39	0.873844
75	47	0.852127
75	81	0.786687
75	89	0.859225
75	92	0.865638
75	95	0.862094
75	136	2.65278
75	145	0.841978
75	177	2.52107
75	179	2.04576
76	9	0.819091
76	21	0.891729
76	26	0.885315
76	35	0.863827
76	42	1.01119
76	48	0.844535
76	51	0.845363
76	54	0.843584
76	58	0.83196
76	69	0.8183
76	70	0.885703
76	73	0.818106
76	85	0.860548
76	132	0.833417
76	137	0.851931
76	153	2.32577
76	169	3.12097
77	23	0.969816
77	42	0.703221
77	64	0.966254
77	80	0.946989
77	108	0.907833
77	115	0.935617
77	116	0.93589
77	121	0.930453
77	123	0.921743
77	126	0.903207
77	129	0.916108
77	133	0.818523
77	135	2.09984
77	156	0.931089
77	160	0.821623
77	165	2.05175
77	180	2.2336
78	8	0.817003
78	32	0.802419
78	41	0.872694
78	101	0.889035
78	102	0.885714
78	104	0.814116
78	105	0.858677
78	106	0.813412
78	114	0.867827
78	119	0.863055
78	136	0.78236
78	137	0.850278
78	144	2.18564
78	148	0.841319
78	155	0.799036
78	158	0.839399
78	159	2.40985
78	179	2.81486
79	57	0.841202
79	59	0.83825
79	82	0.816615
79	90	0.853778
79	93	0.851254
79	100	0.886792
79	109	0.855408
79	112	0.855085
79	124	0.829683
79	125	0.853281
79	128	0.853333
79	131	0.806929
79	139	1.73467
79	158	0.84109
79	162	1.89087
79	164	3.99625
79	170	0.774479
79	178	0.84868
80	16	0.876862
80	24	0.962675
80	64	0.968956
80	71	0.686022
80	77	0.946989
80	98	0.890748
80	108	0.910535
80	115	0.938319
80	123	0.924445
80	126	0.905909
80	127	0.880293
80	133	0.821225
80	145	0.901246
80	152	1.81483
80	160	0.824325
80	167	0.838552
80	168	1.26231
80	175	3.62735
81	3	0.879666
81	4	0.745927
81	6	0.787052
81	20	0.776225
81	75	0.786687
81	89	0.814758
81	92	0.821171
81	95	0.817627
81	107	0.818962
81	121	2.29014
81	140	0.817572
81	156	1.83404
81	170	0.736449
81	171	0.724672
81	174	0.74405
81	177	0.734647
81	178	0.810649
81	180	0.770893
82	5	0.824484
82	79	0.816615
82	93	0.849588
82	100	0.885126
82	109	0.853742
82	112	0.853419
82	113	0.842354
82	118	0.832274
82	120	1.75354
82	124	0.828017
82	125	0.851615
82	128	0.851667
82	148	0.841344
82	158	0.839424
82	168	1.94491
82	170	0.772813
82	177	3.61308
82	178	0.847014
83	17	0.865864
83	43	0.93122
83	64	0.959139
83	67	0.89818
83	98	0.880931
83	108	0.900718
83	115	0.928503
83	116	0.928775
83	121	0.923338
83	123	0.914628
83	126	0.896092
83	143	1.41975
83	156	0.923975
83	160	0.814508
83	167	0.828735
83	174	2.07098
83	175	2.73132
83	177	2.03446
84	7	0.837816
84	10	0.920074
84	22	0.817005
84	25	0.90028
84	33	0.91454
84	45	1.01319
84	50	0.872895
84	56	0.790186
84	61	0.86243
84	87	0.885294
84	91	0.864297
84	94	0.86457
84	96	0.911483
84	119	0.895335
84	132	2.01568
84	146	3.0327
84	156	0.898676
84	178	1.5869
84	179	0.822322
85	9	0.861433
85	21	0.934071
85	26	0.927657
85	46	0.885192
85	48	0.886877
85	51	0.887705
85	54	0.885926
85	58	0.874302
85	63	0.871691
85	69	0.860642
85	70	0.928045
85	73	0.860448
85	76	0.860548
85	97	2.34234
85	130	1.65741
85	132	0.875759
85	135	2.49833
85	137	0.894273
85	178	1.60123
86	68	0.77598
86	71	0.962934
86	91	0.941455
86	94	1.57354
86	112	1.34357
86	153	0.840965
86	159	0.826962
86	161	0.830621
86	163	0.853839
86	164	0.791336
86	167	0.79436
86	168	0.889831
86	172	0.810816
86	174	0.803593
86	175	0.782214
86	177	0.79419
86	178	0.870192
86	179	0.813245
86	180	0.830436
87	7	0.84365
87	10	0.925909
87	12	0.941473
87	22	0.822839
87	25	0.906114
87	33	0.920375
87	50	0.87873
87	61	0.868265
87	84	0.885294
87	91	0.870132
87	94	0.870404
87	96	0.917318
87	119	0.90117
87	156	0.90451
87	161	2.32693
87	168	1.10319
87	173	3.14167
87	179	0.828157
87	180	1.89393
88	51	1.82909
88	63	1.07444
88	112	0.983296
88	135	0.914553
88	142	0.855761
88	148	0.917056
88	151	0.892758
88	159	0.884021
88	161	0.887679
88	164	0.848394
88	168	0.94689
88	169	0.859566
88	171	0.841273
88	173	0.848707
88	174	0.860651
88	175	0.839272
88	176	0.83831
88	177	0.851248
88	178	0.927251
88	180	0.887494
89	3	0.952203
89	11	0.843155
89	18	0.916282
89	20	0.848762
89	29	0.839834
89	30	0.826101
89	38	0.894431
89	39	0.901914
89	47	0.880197
89	60	0.871198
89	75	0.859225
89	81	0.814758
89	92	0.893708
89	95	0.890164
89	129	0.887612
89	142	2.99357
89	144	2.0047
89	145	0.870048
89	152	1.99356
89	154	1.51096
90	57	0.8767
90	59	0.873748
90	79	0.853778
90	93	0.886751
90	100	0.922289
90	112	0.890583
90	113	0.879518
90	118	0.869438
90	124	0.86518
90	125	0.888778
90	128	0.88883
90	131	0.842426
90	143	1.94767
90	148	0.878507
90	153	1.46915
90	158	0.876587
90	161	2.11795
90	170	0.809977
90	175	3.25924
90	178	0.884177
91	7	0.822653
91	10	0.904912
91	12	0.920476
91	22	0.801842
91	25	0.885117
91	33	0.899378
91	45	0.998024
91	50	0.857733
91	61	0.847268
91	84	0.864297
91	86	0.941455
91	87	0.870132
91	94	0.849407
91	96	0.896321
91	119	0.880173
91	156	0.883513
91	160	3.09378
91	168	0.818325
91	175	3.18336
91	179	0.80716
92	6	0.866002
92	11	0.849568
92	18	0.922695
92	20	0.855176
92	29	0.846247
92	30	0.832514
92	38	0.900844
92	39	0.908328
92	47	0.886611
92	60	0.877612
92	75	0.865638
92	81	0.821171
92	89	0.893708
92	95	0.896578
92	129	0.894025
92	145	0.876461
92	150	1.54552
92	160	2.73057
92	173	2.4936
92	177	2.12329
93	49	0.884825
93	79	0.851254
93	82	0.849588
93	90	0.886751
93	100	0.919765
93	109	0.888381
93	112	0.888058
93	113	0.876993
93	118	0.866913
93	124	0.862655
93	125	0.886253
93	127	2.38521
93	128	0.886305
93	135	2.3464
93	139	2.01047
93	148	0.875982
93	158	0.874062
93	163	1.9053
93	170	0.807452
93	178	0.881652
94	7	0.822926
94	10	0.905184
94	12	0.920748
94	22	0.802115
94	25	0.885389
94	33	0.89965
94	45	0.998296
94	50	0.858005
94	61	0.84754
94	84	0.86457
94	86	1.57354
94	87	0.870404
94	91	0.849407
94	96	0.896593
94	119	0.880445
94	147	1.57558
94	156	0.883786
94	176	3.43121
94	178	1.2103
94	179	0.807432
95	3	0.955073
95	6	0.862459
95	11	0.846025
95	18	0.919152
95	20	0.851632
95	29	0.842704
95	30	0.828971
95	39	0.904784
95	47	0.883067
95	60	0.874068
95	75	0.862094
95	81	0.817627
95	89	0.890164
95	92	0.896578
95	129	0.890481
95	133	3.3066
95	145	0.872918
95	177	2.30675
95	179	1.83144
95	180	1.42932
96	7	0.869839
96	10	0.952097
96	12	0.967661
96	22	0.849028
96	25	0.932303
96	33	0.946563
96	45	1.04521
96	50	0.904918
96	61	0.894453
96	84	0.911483
96	87	0.917318
96	91	0.896321
96	94	0.896593
96	119	0.927359
96	120	0.632083
96	146	2.02913
96	154	0.893351
96	156	0.930699
96	160	3.0989
96	173	2.86193
96	179	0.854345
97	38	1.41578
97	85	2.34234
97	111	0.917822
97	134	0.832084
97	137	1.60393
97	143	0.843813
97	144	0.837501
97	151	0.83851
97	163	0.85665
97	164	0.794147
97	165	0.857357
97	169	0.805319
97	171	0.787026
97	172	0.813627
97	173	0.79446
97	174	0.806404
97	175	0.785025
97	176	0.784062
97	177	0.797001
97	180	0.833247
98	23	0.913575
98	24	0.903732
98	43	0.882093
98	67	0.849053
98	80	0.890748
98	83	0.880931
98	108	0.851592
98	115	0.879376
98	116	0.879649
98	121	0.874212
98	123	0.865502
98	126	0.846966
98	127	0.82135
98	129	0.859867
98	130	0.95229
98	136	2.93611
98	145	0.842303
98	156	0.874848
98	161	2.35997
98	167	0.779609
98	174	2.84092
99	22	1.43951
99	108	0.867682
99	117	0.872903
99	121	1.20825
99	125	0.947987
99	130	0.925209
99	134	0.854225
99	139	0.907008
99	140	0.902067
99	151	0.860651
99	152	0.88302
99	153	0.865917
99	157	0.84524
99	164	0.816288
99	165	0.879498
99	169	0.82746
99	172	0.835768
99	173	0.816601
99	174	0.828545
99	175	0.807166
99	177	0.819142
99	180	0.855388
100	59	0.906761
100	71	0.40855
100	79	0.886792
100	82	0.885126
100	90	0.922289
100	93	0.919765
100	107	1.54255
100	109	0.923919
100	112	0.923596
100	113	0.912531
100	118	0.902451
100	124	0.898194
100	125	0.921792
100	128	0.921844
100	131	0.87544
100	148	0.911521
100	158	0.909601
100	170	0.84299
100	171	3.5321
100	178	0.917191
100	179	2.17771
100	180	1.77558
101	8	0.891138
101	14	0.890665
101	15	1.09634
101	32	0.876555
101	55	0.919239
101	78	0.889035
101	102	0.95985
101	103	0.895267
101	104	0.888252
101	105	0.932813
101	106	0.887548
101	114	0.941963
101	119	0.937191
101	130	1.40784
101	136	0.856495
101	137	0.924414
101	138	1.42215
101	143	2.64524
101	148	0.915455
101	149	2.55512
101	155	0.873171
101	158	0.913535
102	8	0.887817
102	32	0.873234
102	44	0.936586
102	55	0.915918
102	78	0.885714
102	101	0.95985
102	103	0.891946
102	104	0.884931
102	105	0.929492
102	106	0.884227
102	111	0.965976
102	114	0.938642
102	119	0.93387
102	136	0.853174
102	137	0.921093
102	138	1.40664
102	148	0.912134
102	149	2.53962
102	155	0.86985
102	158	0.910214
102	162	2.05352
102	172	2.65951
103	8	0.823234
103	14	0.822761
103	19	1.02014
103	32	0.808651
103	41	0.878926
103	44	0.872003
103	55	0.851335
103	101	0.895267
103	102	0.891946
103	104	0.820348
103	105	0.864909
103	106	0.819644
103	114	0.874059
103	136	0.788592
103	137	0.85651
103	148	0.847551
103	153	1.88036
103	155	0.805268
103	158	0.845631
103	163	1.5213
103	174	3.01011
103	177	2.97359
104	8	0.816219
104	14	0.815746
104	19	1.01312
104	32	0.801636
104	41	0.871911
104	53	0.869365
104	55	0.84432
104	78	0.814116
104	101	0.888252
104	102	0.884931
104	103	0.820348
104	105	0.857893
104	106	0.812629
104	114	0.867044
104	117	1.62617
104	135	2.23832
104	136	0.781576
104	137	0.849494
104	148	0.840536
104	155	0.798252
104	158	0.838616
104	163	1.79721
104	176	3.56213
105	14	0.860307
105	32	0.846197
105	41	0.916472
105	44	0.909549
105	53	0.913926
105	55	0.888881
105	78	0.858677
105	101	0.932813
105	102	0.929492
105	103	0.864909
105	104	0.857893
105	106	0.85719
105	114	0.911605
105	119	0.906833
105	127	1.72724
105	136	0.826137
105	137	0.894055
105	148	0.885097
105	155	0.842813
105	158	0.883177
105	159	1.81931
105	172	2.11469
105	174	2.73614
105	179	2.22431
106	8	0.815515
106	14	0.815042
106	32	0.800932
106	41	0.871207
106	44	0.864284
106	53	0.868661
106	55	0.843616
106	78	0.813412
106	101	0.887548
106	102	0.884227
106	103	0.819644
106	104	0.812629
106	105	0.85719
106	114	0.86634
106	119	0.861568
106	136	0.780872
106	137	0.848791
106	148	0.839832
106	155	0.797548
106	158	0.837912
106	162	1.80401
106	169	2.69691
106	172	2.41
106	174	3.03145
107	21	1.78699
107	47	1.48168
107	72	0.849463
107	81	0.818962
107	100	1.54255
107	128	2.01548
107	139	0.899255
107	142	0.815902
107	150	0.865577
107	157	0.837487
107	159	0.844161
107	161	0.84782
107	163	0.871038
107	164	0.808535
107	165	0.871745
107	166	0.80741
107	169	0.819707
107	171	0.801414
107	172	0.828015
107	173	0.808848
107	174	0.820792
107	175	0.799413
107	176	0.79845
107	177	0.811389
107	180	0.847635
108	13	0.845449
108	16	0.837706
108	24	0.923519
108	43	0.90188
108	64	0.9298
108	65	0.938832
108	67	0.86884
108	77	0.907833
108	80	0.910535
108	83	0.900718
108	98	0.851592
108	99	0.867682
108	115	0.899163
108	116	0.899436
108	121	0.893999
108	123	0.885289
108	126	0.866753
108	133	0.782069
108	145	0.86209
108	150	2.21277
108	160	0.785169
108	165	1.73127
108	167	0.799396
108	171	3.66963
108	180	1.91311
109	2	0.372485
109	28	0.841909
109	49	0.88898
109	52	0.890855
109	57	0.878329
109	59	0.875377
109	74	0.884445
109	79	0.855408
109	82	0.853742
109	93	0.888381
109	100	0.923919
109	113	0.881147
109	118	0.871068
109	122	2.3787
109	124	0.86681
109	125	0.890408
109	127	2.5462
109	128	0.89046
109	131	0.844056
109	132	2.03907
109	148	0.880137
109	158	0.878217
109	159	2.63827
109	170	0.811607
109	178	0.885807
110	33	1.40775
110	41	1.04698
110	66	0.841614
110	112	0.973043
110	117	0.90421
110	118	1.28838
110	134	0.885533
110	136	0.861822
110	140	0.933374
110	146	0.864194
110	148	0.906803
110	149	0.873322
110	153	0.897224
110	157	0.876547
110	162	0.899463
110	163	0.910098
110	165	0.910805
110	171	0.840474
110	172	0.867075
110	173	0.847908
110	174	0.859852
110	175	0.838473
110	176	0.837511
110	177	0.850449
110	180	0.886695
111	10	1.23385
111	59	1.38648
111	69	2.05469
111	97	0.917822
111	102	0.965976
111	114	1.2426
111	149	0.870768
111	153	0.894669
111	157	0.873993
111	163	0.907544
111	165	0.90825
111	166	0.843916
111	168	0.943536
111	169	0.856212
111	170	0.849697
111	171	0.837919
111	172	0.86452
111	173	0.845353
111	174	0.857297
111	175	0.835919
111	176	0.834956
111	177	0.847894
111	178	0.923897
111	179	0.86695
111	180	0.884141
112	28	0.841586
112	49	0.888657
112	52	0.890532
112	57	0.878006
112	59	0.875054
112	79	0.855085
112	82	0.853419
112	86	1.34357
112	88	0.983296
112	90	0.890583
112	93	0.888058
112	100	0.923596
112	110	0.973043
112	113	0.880824
112	118	0.870745
112	124	0.866487
112	125	0.890085
112	128	0.890137
112	131	0.843733
112	148	0.879814
112	149	2.18379
112	158	0.877894
112	170	0.811284
112	176	3.20124
112	178	0.885484
113	28	0.830521
113	49	0.877592
113	52	0.879467
113	57	0.866941
113	59	0.863989
113	74	0.873057
113	82	0.842354
113	90	0.879518
113	93	0.876993
113	100	0.912531
113	109	0.881147
113	112	0.880824
113	118	0.859679
113	124	0.855422
113	125	0.87902
113	128	0.879072
113	131	0.832668
113	132	1.6235
113	148	0.868749
113	151	1.94584
113	154	1.50475
113	158	0.866829
113	170	0.800219
113	172	2.51808
113	173	3.47333
113	178	0.874419
114	8	0.869931
114	14	0.869457
114	19	1.06684
114	32	0.855347
114	41	0.925622
114	44	0.918699
114	53	0.923076
114	55	0.898031
114	78	0.867827
114	101	0.941963
114	102	0.938642
114	103	0.874059
114	104	0.867044
114	105	0.911605
114	106	0.86634
114	111	1.2426
114	119	0.915983
114	130	1.66896
114	136	0.835288
114	137	0.903206
114	140	2.17606
114	148	0.894247
114	155	0.851964
114	158	0.892327
114	162	2.33014
114	163	2.06877
114	168	1.85289
115	13	0.873233
115	16	0.86549
115	17	0.864309
115	19	0.310623
115	24	0.951304
115	36	0.570644
115	64	0.957584
115	65	0.966616
115	77	0.935617
115	80	0.938319
115	83	0.928503
115	98	0.879376
115	108	0.899163
115	116	0.92722
115	121	0.921783
115	123	0.913073
115	126	0.894537
115	129	0.907438
115	133	0.809853
115	145	0.889874
115	149	2.42726
115	154	1.53381
115	156	0.92242
115	160	0.812954
115	165	2.0728
115	167	0.827181
115	175	3.82894
116	13	0.873506
116	17	0.864581
116	23	0.961418
116	34	0.640695
116	37	0.55189
116	43	0.929937
116	64	0.957857
116	65	0.966889
116	66	4.05505
116	67	0.896897
116	77	0.93589
116	83	0.928775
116	98	0.879649
116	108	0.899436
116	115	0.92722
116	121	0.922056
116	123	0.913346
116	126	0.894809
116	127	0.869194
116	133	0.810125
116	135	0.717115
116	145	0.890147
116	155	1.11204
116	156	0.922692
116	160	0.813226
116	166	3.12567
116	167	0.827453
117	4	0.792115
117	36	0.926008
117	37	0.846595
117	51	2.11107
117	99	0.872903
117	104	1.62617
117	110	0.90421
117	122	0.833877
117	126	1.97384
117	142	0.785348
117	143	0.827647
117	148	1.19903
117	152	0.844713
117	159	0.813607
117	162	0.829849
117	163	0.840484
117	164	0.777981
117	165	0.841191
117	166	0.776856
117	168	0.876476
117	169	0.789152
117	173	0.778294
117	174	0.790238
117	175	0.768859
117	176	0.767896
117	177	0.780835
117	180	0.817081
118	5	0.841809
118	28	0.820441
118	49	0.867512
118	52	0.869387
118	53	0.887498
118	57	0.856862
118	59	0.853909
118	74	0.862977
118	82	0.832274
118	90	0.869438
118	93	0.866913
118	100	0.902451
118	109	0.871068
118	110	1.28838
118	112	0.870745
118	113	0.859679
118	124	0.845342
118	125	0.86894
118	128	0.868992
118	143	2.58924
118	148	0.858669
118	152	2.08828
118	153	2.11072
118	157	2.72096
118	158	0.856749
118	170	0.790139
118	178	0.864339
119	7	0.853691
119	12	0.951513
119	50	0.888771
119	55	0.893259
119	61	0.878306
119	74	0.545225
119	78	0.863055
119	84	0.895335
119	87	0.90117
119	91	0.880173
119	94	0.880445
119	96	0.927359
119	101	0.937191
119	102	0.93387
119	105	0.906833
119	106	0.861568
119	114	0.915983
119	136	0.830515
119	137	0.898434
119	150	1.85352
119	151	1.27413
119	155	0.847191
119	156	0.914551
119	158	0.887555
119	162	1.24037
119	166	4.00698
119	175	3.12816
119	179	0.838198
120	41	1.10301
120	69	2.47362
120	82	1.75354
120	96	0.632083
120	122	0.884558
120	124	1.5687
120	134	0.866599
120	151	0.873025
120	152	0.895394
120	154	0.924143
120	159	0.864288
120	160	0.817459
120	161	0.867947
120	162	0.88053
120	163	0.891165
120	164	0.828662
120	166	0.827537
120	168	0.927157
120	169	0.839833
120	171	0.82154
120	173	0.828975
120	174	0.840919
120	175	0.81954
120	176	0.818577
120	177	0.831516
120	179	0.850571
120	180	0.867762
121	13	0.868069
121	16	0.860326
121	17	0.859145
121	40	0.905819
121	43	0.924501
121	64	0.95242
121	65	0.961452
121	67	0.89146
121	77	0.930453
121	81	2.29014
121	83	0.923338
121	98	0.874212
121	99	1.20825
121	108	0.893999
121	115	0.921783
121	116	0.922056
121	123	0.907909
121	126	0.889373
121	127	0.863757
121	129	0.902274
121	133	0.804689
121	145	0.88471
121	150	2.55335
121	153	2.03789
121	156	0.917255
121	160	0.807789
121	167	0.822016
121	168	1.46294
122	27	0.860967
122	48	1.80043
122	55	2.21968
122	65	2.00118
122	109	2.3787
122	117	0.833877
122	120	0.884558
122	130	0.886184
122	134	0.8152
122	136	0.791489
122	138	0.89714
122	149	0.80299
122	151	0.821626
122	152	0.843994
122	160	0.766059
122	161	0.816548
122	163	0.839766
122	164	0.777262
122	166	0.776138
122	168	0.875758
122	169	0.788434
122	172	0.796742
122	173	0.777575
122	175	0.76814
122	176	0.767178
122	177	0.780116
122	179	0.799172
122	180	0.816363
123	17	0.850435
123	23	0.947272
123	24	0.937429
123	64	0.94371
123	65	0.952742
123	67	0.88275
123	77	0.921743
123	80	0.924445
123	83	0.914628
123	98	0.865502
123	108	0.885289
123	115	0.913073
123	116	0.913346
123	121	0.907909
123	126	0.880663
123	127	0.855047
123	129	0.893564
123	133	0.795979
123	140	1.23022
123	145	0.876
123	150	1.99745
123	155	2.13728
123	156	0.908545
123	157	2.09224
123	160	0.799079
123	167	0.813306
123	171	3.45431
123	180	1.69779
124	1	1.15506
124	5	0.837552
124	28	0.816184
124	36	0.866797
124	49	0.863255
124	52	0.865129
124	53	0.883241
124	57	0.852604
124	59	0.849652
124	79	0.829683
124	82	0.828017
124	90	0.86518
124	93	0.862655
124	100	0.898194
124	109	0.86681
124	112	0.866487
124	113	0.855422
124	118	0.845342
124	120	1.5687
124	125	0.864683
124	128	0.864734
124	131	0.81833
124	148	0.854412
124	158	0.852492
124	167	3.22221
124	170	0.785881
124	172	2.8433
124	178	0.860081
125	5	0.86115
125	28	0.839782
125	49	0.886853
125	52	0.888728
125	53	0.906839
125	57	0.876202
125	59	0.87325
125	74	0.882318
125	79	0.853281
125	82	0.851615
125	90	0.888778
125	93	0.886253
125	99	0.947987
125	100	0.921792
125	109	0.890408
125	112	0.890085
125	113	0.87902
125	118	0.86894
125	124	0.864683
125	128	0.888332
125	131	0.841928
125	136	3.00256
125	148	0.87801
125	158	0.87609
125	163	1.41856
125	165	1.81157
125	170	0.809479
125	174	2.90737
125	178	0.88368
125	179	2.39554
126	13	0.840822
126	16	0.833079
126	17	0.831898
126	23	0.928735
126	24	0.918893
126	43	0.897254
126	64	0.925174
126	65	0.934206
126	67	0.864214
126	74	1.7111
126	77	0.903207
126	80	0.905909
126	83	0.896092
126	98	0.846966
126	108	0.866753
126	115	0.894537
126	116	0.894809
126	117	1.97384
126	121	0.889373
126	123	0.880663
126	127	0.836511
126	129	0.875027
126	130	1.74507
126	141	2.35809
126	145	0.857464
126	154	1.9989
126	156	0.890009
126	160	0.780543
126	167	0.79477
126	178	1.68888
127	43	0.871639
127	70	1.74135
127	80	0.880293
127	93	2.38521
127	98	0.82135
127	105	1.72724
127	109	2.5462
127	116	0.869194
127	121	0.863757
127	123	0.855047
127	126	0.836511
127	129	0.849412
127	132	0.829762
127	144	0.809485
127	145	0.831848
127	146	0.78273
127	156	0.864394
127	160	0.754927
127	162	0.817999
127	164	0.766131
127	167	0.769154
127	169	0.777302
127	173	0.766444
127	174	0.778387
127	176	0.756046
127	177	0.768984
127	178	0.844987
127	180	0.805231
128	5	0.861201
128	28	0.839833
128	49	0.886904
128	52	0.888779
128	53	0.90689
128	57	0.876254
128	59	0.873302
128	74	0.88237
128	79	0.853333
128	82	0.851667
128	90	0.88883
128	93	0.886305
128	100	0.921844
128	107	2.01548
128	109	0.89046
128	112	0.890137
128	113	0.879072
128	118	0.868992
128	124	0.864734
128	125	0.888332
128	131	0.84198
128	139	1.77883
128	148	0.878061
128	154	1.52768
128	158	0.876141
128	167	2.91992
128	168	1.45777
128	170	0.809531
128	178	0.883731
128	179	2.65064
129	6	0.859906
129	11	0.843472
129	13	0.853724
129	16	0.845981
129	18	0.916599
129	30	0.826418
129	36	0.938622
129	38	0.894748
129	39	0.902231
129	47	0.880514
129	60	0.871515
129	65	0.947107
129	77	0.916108
129	89	0.887612
129	92	0.894025
129	95	0.890481
129	98	0.859867
129	115	0.907438
129	121	0.902274
129	123	0.893564
129	126	0.875027
129	127	0.849412
129	144	2.39554
129	145	0.870365
129	147	1.95705
129	160	0.793444
129	162	2.30914
129	163	2.04776
129	167	0.807671
129	180	2.62263
130	35	1.86844
130	85	1.65741
130	98	0.95229
130	99	0.925209
130	101	1.40784
130	114	1.66896
130	122	0.886184
130	126	1.74507
130	133	0.815984
130	138	0.950165
130	141	0.914611
130	146	0.846887
130	149	0.856015
130	151	0.874651
130	153	0.879916
130	154	0.925769
130	157	0.859239
130	159	0.865914
130	163	0.892791
130	165	0.893497
130	166	0.829163
130	168	0.928783
130	169	0.841459
130	171	0.823166
130	172	0.849767
130	173	0.8306
130	174	0.842544
130	175	0.821165
130	176	0.820203
130	177	0.833141
130	180	0.869388
131	5	0.814797
131	6	2.88418
131	38	1.67043
131	46	2.0411
131	79	0.806929
131	90	0.842426
131	100	0.87544
131	109	0.844056
131	112	0.843733
131	113	0.832668
131	124	0.81833
131	125	0.841928
131	128	0.84198
131	150	0.815513
131	156	1.76249
131	158	0.829737
131	160	0.747268
131	161	0.797756
131	164	0.758471
131	165	0.821681
131	168	0.856966
131	169	0.769643
131	170	0.763127
131	172	0.777951
131	174	0.770728
131	175	0.749349
131	176	0.748386
131	177	0.761325
131	178	0.837327
131	180	0.797571
132	9	0.834302
132	21	0.90694
132	26	0.900526
132	35	0.879038
132	46	0.858061
132	51	0.860574
132	54	0.858795
132	63	0.84456
132	65	1.66155
132	70	0.900914
132	73	0.833317
132	76	0.833417
132	84	2.01568
132	85	0.875759
132	109	2.03907
132	113	1.6235
132	127	0.829762
132	137	0.867142
132	139	0.875716
132	148	1.34286
132	160	0.773794
132	162	0.836865
132	166	0.783872
132	171	0.777875
132	172	0.804477
132	173	0.78531
132	174	0.797253
132	175	0.775875
132	176	0.774912
132	177	0.787851
132	180	0.824097
133	12	2.33101
133	23	0.844051
133	24	0.834209
133	37	0.775677
133	41	3.9624
133	65	0.849522
133	72	0.74799
133	77	0.818523
133	80	0.821225
133	95	3.3066
133	108	0.782069
133	115	0.809853
133	116	0.810125
133	121	0.804689
133	123	0.795979
133	130	0.815984
133	142	0.714429
133	145	0.77278
133	147	0.806529
133	152	0.773794
133	156	0.805325
133	163	0.769566
133	166	0.705937
133	167	0.710086
133	168	0.805558
133	172	0.726542
133	173	0.707375
133	174	0.719319
133	175	0.69794
133	176	0.696978
133	177	0.709916
133	180	0.746162
134	53	2.01319
134	55	2.39492
134	68	0.743947
134	97	0.832084
134	99	0.854225
134	110	0.885533
134	120	0.866599
134	122	0.8152
134	143	0.808969
134	145	2.10551
134	146	0.775902
134	152	0.826035
134	153	0.808932
134	154	0.854785
134	155	0.790206
134	158	1.82931
134	159	0.79493
134	163	0.821807
134	164	0.759303
134	166	0.758179
134	168	0.857799
134	169	0.770475
134	171	0.752182
134	172	0.778783
134	173	0.759616
134	174	0.77156
134	175	0.750181
134	176	0.749219
134	177	0.762157
134	178	0.83816
134	179	0.781213
134	180	0.798404
135	66	0.781544
135	77	2.09984
135	85	2.49833
135	88	0.914553
135	93	2.3464
135	104	2.23832
135	116	0.717115
135	136	0.801752
135	140	0.873304
135	142	0.794892
135	143	0.837191
135	147	0.886992
135	149	0.813252
135	152	0.854257
135	154	0.883006
135	157	0.816477
135	159	0.823151
135	161	0.82681
135	162	0.839393
135	163	0.850028
135	164	0.787525
135	165	0.850735
135	166	0.7864
135	167	0.790549
135	168	0.886021
135	172	0.807005
135	173	0.787838
135	174	0.799782
135	175	0.778403
135	176	0.77744
135	177	0.790379
135	179	0.809434
135	180	0.826625
136	10	1.60855
136	36	0.88362
136	44	0.833232
136	75	2.65278
136	78	0.78236
136	98	2.93611
136	101	0.856495
136	102	0.853174
136	103	0.788592
136	104	0.781576
136	105	0.826137
136	106	0.780872
136	110	0.861822
136	114	0.835288
136	119	0.830515
136	122	0.791489
136	125	3.00256
136	135	0.801752
136	140	0.821372
136	143	0.785259
136	148	0.808779
136	153	0.785222
136	155	0.766496
136	158	0.806859
136	159	0.771219
136	165	0.798803
136	166	0.734468
136	169	0.746764
136	173	0.735906
136	174	0.74785
136	175	0.726471
136	176	0.725508
136	177	0.738447
136	180	0.774693
137	9	0.852816
137	21	0.925455
137	26	0.91904
137	27	1.51931
137	31	0.92267
137	44	0.90115
137	48	0.87826
137	51	0.879088
137	54	0.87731
137	58	0.865685
137	69	0.852026
137	70	0.919429
137	72	2.21018
137	73	0.851832
137	74	0.885036
137	76	0.851931
137	78	0.850278
137	85	0.894273
137	97	1.60393
137	101	0.924414
137	102	0.921093
137	103	0.85651
137	104	0.849494
137	105	0.894055
137	106	0.848791
137	114	0.903206
