1	24	0.873632
1	59	0.772031
1	65	0.223485
1	74	0.898739
1	108	1.087
1	109	1.12595
1	111	1.09004
1	139	1.0892
1	170	1.03955
1	171	1.08055
1	177	0.976743
1	179	0.932152
2	92	1.05697
2	95	1.10052
2	96	0.91413
2	98	1.07323
2	107	1.03529
2	110	1.03555
2	111	0.999686
2	130	1.04485
2	135	1.35203
2	158	1.01439
2	159	1.17346
2	174	1.02077
3	26	1.10621
3	45	1.09429
3	63	1.02969
3	64	1.02956
3	75	1.0296
3	79	1.09338
3	104	1.01892
3	131	0.977468
3	143	0.92028
3	157	0.829119
3	159	1.01411
3	173	1.79676
4	85	1.08626
4	88	1.09075
4	89	1.06525
4	90	1.06578
4	101	1.02632
4	102	1.07328
4	103	1.07348
4	131	0.649731
4	174	0.768374
4	176	1.06189
4	179	2.07903
4	180	0.88604
5	18	0.76777
5	66	0.976924
5	124	0.897057
5	132	0.930142
5	137	1.05154
5	160	1.02172
5	172	0.961101
5	176	0.970308
5	177	0.927948
5	178	0.94068
5	179	0.883357
6	33	1.043
6	38	1.03643
6	61	1.05341
6	68	1.05286
6	81	1.02756
6	86	1.08587
6	94	1.04878
6	121	0.844135
6	149	0.735737
6	161	1.07365
6	165	0.716261
6	180	2.19783
7	46	0.919501
7	67	0.958868
7	78	0.935915
7	89	0.962333
7	90	0.962856
7	101	0.923397
7	102	0.970359
7	103	0.970562
7	104	1.16196
7	143	1.1529
7	177	1.96715
7	180	0.78312
8	13	0.999937
8	31	0.965452
8	32	0.943745
8	48	0.915732
8	51	0.915811
8	52	1.02899
8	104	0.88407
8	153	0.905232
8	162	1.0425
8	165	0.811314
8	180	2.29288
9	15	1.07669
9	20	1.10995
9	25	0.989767
9	35	1.05677
9	40	1.06706
9	43	1.02733
9	58	1.01041
9	66	1.07446
9	121	0.958154
9	136	0.879958
9	150	0.918156
9	177	1.70823
10	15	1.06774
10	20	1.101
10	22	1.09393
10	35	1.04782
10	43	1.01838
10	58	1.00146
10	66	1.06551
10	93	1.02109
10	133	1.11323
10	157	0.700523
10	166	1.12607
10	177	1.60593
11	30	1.29417
11	32	1.17112
11	48	1.1431
11	51	1.14318
11	52	1.25636
11	112	0.896346
11	118	1.12565
11	131	0.934549
11	137	0.865515
11	153	1.1326
11	155	0.855585
11	162	1.26988
12	39	1.0483
12	42	0.998107
12	49	1.01136
12	57	1.06078
12	70	1.04028
12	71	1.04067
12	73	1.04098
12	140	0.667959
12	167	1.1626
12	170	0.864195
12	176	1.03608
12	180	1.9846
13	8	0.999937
13	17	1.03704
13	30	1.10279
13	31	1.00144
13	48	0.951722
13	51	0.951802
13	52	1.06498
13	105	0.952425
13	106	1.06999
13	153	0.941222
13	157	1.11007
13	162	1.07849
13	176	1.67057
14	42	1.00185
14	49	1.01511
14	50	1.00727
14	57	1.06452
14	70	1.04402
14	71	1.04442
14	73	1.04472
14	117	0.96672
14	143	1.01926
14	167	1.16634
14	169	0.961681
14	172	1.5501
15	9	1.07669
15	10	1.06774
15	20	1.02058
15	22	1.01351
15	35	0.967408
15	41	1.11545
15	43	0.937964
15	58	0.92104
15	66	0.985098
15	132	1.46281
15	153	0.93451
15	176	1.05989
15	177	1.4048
16	46	0.999611
16	59	0.970057
16	85	1.06344
16	89	1.04244
16	90	1.04297
16	101	1.00351
16	102	1.05047
16	103	1.05067
16	104	0.931069
16	161	0.98867
16	166	1.2564
16	175	1.65713
16	180	0.863229
17	13	1.03704
17	30	1.1039
17	31	1.00256
17	32	0.980849
17	48	0.952836
17	51	0.952915
17	52	1.06609
17	60	0.949564
17	136	1.17174
17	143	1.18576
17	153	0.942336
17	162	1.07961
17	170	1.48322
18	5	0.76777
18	24	1.03058
18	77	0.979484
18	95	1.06231
18	98	1.03502
18	99	1.04169
18	107	0.997086
18	110	0.997346
18	131	0.990765
18	140	1.0348
18	158	0.976178
18	173	1.81006
18	174	0.982561
19	42	1.07701
19	47	1.1946
19	50	1.08243
19	57	1.13968
19	70	1.11918
19	71	1.11958
19	73	1.11988
19	116	0.821167
19	157	0.742589
19	158	1.01733
19	163	0.796014
19	167	1.2415
19	177	1.648
20	9	1.10995
20	10	1.101
20	15	1.02058
20	25	0.93366
20	40	1.01095
20	43	0.971223
20	58	0.954299
20	66	1.01836
20	93	0.97393
20	109	0.974857
20	143	1.07726
20	151	1.49073
20	164	1.22951
21	61	1.05993
21	121	0.97695
21	123	1.11298
21	136	0.999775
21	147	1.11352
21	151	0.895131
21	156	0.812387
21	157	1.00549
21	169	0.982773
21	170	0.90028
21	172	0.870623
21	178	0.850201
21	179	0.792878
22	10	1.09393
22	15	1.01351
22	25	0.926587
22	35	0.993594
22	40	1.00388
22	41	1.14164
22	43	0.96415
22	58	0.947226
22	66	1.01128
22	139	1.16848
22	140	1.27611
22	162	1.00528
22	174	1.35072
23	35	0.815472
23	42	0.527663
23	48	1.00632
23	72	0.65909
23	105	1.14766
23	117	1.11002
23	150	1.08472
23	173	0.957232
23	176	1.00774
23	177	0.965381
23	178	0.978113
23	179	0.92079
23	180	0.926948
24	1	0.873632
24	18	1.03058
24	54	1.03909
24	77	0.975663
24	92	1.01494
24	95	1.05849
24	97	1.03771
24	107	0.993265
24	110	0.993525
24	119	1.14302
24	149	1.31615
24	162	1.19076
24	174	0.97874
25	9	0.989767
25	20	0.93366
25	22	0.926587
25	35	0.880486
25	40	0.890772
25	41	1.02853
25	43	0.851042
25	58	0.834118
25	66	0.898176
25	93	0.853749
25	136	1.46684
25	137	1.46901
25	160	1.5977
26	3	1.10621
26	29	1.03634
26	63	1.0348
26	64	1.03468
26	75	1.03471
26	79	1.09849
26	108	0.831774
26	130	1.0451
26	136	0.45829
26	159	1.01922
26	177	1.28656
26	179	1.9588
27	33	0.977705
27	36	0.672852
27	38	0.971132
27	44	0.948996
27	61	0.988112
27	68	0.98757
27	81	0.962264
27	86	1.02058
27	94	0.983482
27	123	0.986512
27	156	2.01668
27	161	1.00835
27	166	1.11639
27	172	1.31284
28	51	1.03936
28	64	0.856275
28	109	1.05522
28	118	0.969272
28	129	1.1103
28	145	0.658124
28	147	0.785272
28	152	1.01906
28	162	1.09785
28	170	0.968826
28	173	0.897866
28	177	0.906015
28	178	0.918747
28	179	0.861424
29	26	1.03634
29	45	1.02443
29	63	0.959823
29	64	0.959701
29	75	0.959736
29	79	1.02352
29	104	0.949056
29	117	1.29563
29	123	0.977874
29	130	0.970128
29	138	1.38023
29	159	0.944248
29	165	1.28447
29	167	1.14127
30	11	1.29417
30	13	1.10279
30	17	1.1039
30	31	1.06831
30	32	1.0466
30	48	1.01859
30	51	1.01866
30	83	1.14356
30	126	0.836735
30	131	0.818722
30	133	1.08308
30	153	1.00809
30	162	1.14536
30	175	1.49666
31	8	0.965452
31	13	1.00144
31	17	1.00256
31	30	1.06831
31	32	0.945251
31	48	0.917238
31	51	0.917317
31	52	1.03049
31	153	0.906738
31	158	0.767888
31	162	1.04401
31	175	1.31943
31	176	1.05365
31	180	2.00217
32	8	0.943745
32	11	1.17112
32	17	0.980849
32	30	1.0466
32	31	0.945251
32	48	0.89553
32	51	0.89561
32	52	1.00879
32	87	1.08213
32	116	1.18163
32	135	1.42758
32	153	0.88503
32	160	1.31105
32	162	1.0223
33	6	1.043
33	27	0.977705
33	38	0.970195
33	44	0.948058
33	61	0.987175
33	68	0.986633
33	81	0.961327
33	86	1.01964
33	93	0.935394
33	155	0.980791
33	160	1.11941
33	161	1.00742
33	171	1.08606
33	173	1.87905
34	67	0.990479
34	85	1.01495
34	88	1.01944
34	89	0.993945
34	90	0.994467
34	94	0.97863
34	101	0.955009
34	102	1.00197
34	103	1.00217
34	155	1.23268
34	158	1.43804
34	163	1.21672
34	169	1.19688
34	180	0.814731
35	9	1.05677
35	10	1.04782
35	15	0.967408
35	22	0.993594
35	23	0.815472
35	25	0.880486
35	40	0.95778
35	41	1.09554
35	43	0.91805
35	58	0.901125
35	66	0.965184
35	140	1.38916
35	150	1.31211
35	159	1.34273
36	27	0.672852
36	52	0.90532
36	91	1.07545
36	103	1.03409
36	116	1.02434
36	118	0.956498
36	122	1.02355
36	130	0.93353
36	147	1.02123
36	148	1.01109
36	154	1.03818
36	156	0.868158
36	175	0.893016
36	178	0.905972
37	45	1.13957
37	63	1.07497
37	64	1.07485
37	75	1.07489
37	79	1.13866
37	104	1.06421
37	123	1.09302
37	126	0.554041
37	130	1.08528
37	140	0.580063
37	159	1.0594
37	172	1.00968
37	177	1.29309
37	179	1.96532
38	6	1.03643
38	27	0.971132
38	33	0.970195
38	44	0.941485
38	61	0.980602
38	68	0.98006
38	81	0.954753
38	86	1.01307
38	109	1.08942
38	123	0.979002
38	126	1.26702
38	158	1.3754
38	161	1.00084
38	174	1.36765
39	12	1.0483
39	42	0.917478
39	47	1.03506
39	49	0.930733
39	50	0.922899
39	57	0.98015
39	70	0.959648
39	71	0.960045
39	73	0.96035
39	105	1.08028
39	106	1.19785
39	149	1.28486
39	158	1.51266
39	167	1.08197
40	9	1.06706
40	20	1.01095
40	22	1.00388
40	25	0.890772
40	35	0.95778
40	41	1.10582
40	43	0.928336
40	58	0.911411
40	66	0.97547
40	93	0.931043
40	118	1.30445
40	129	0.98092
40	171	1.13966
40	178	1.62192
41	15	1.11545
41	22	1.14164
41	25	1.02853
41	35	1.09554
41	40	1.10582
41	43	1.06609
41	58	1.04917
41	66	1.11323
41	93	1.0688
41	108	0.822275
41	149	0.418589
41	162	0.293208
41	179	1.9493
41	180	1.88068
42	12	0.998107
42	14	1.00185
42	19	1.07701
42	23	0.527663
42	39	0.917478
42	47	0.984874
42	49	0.880542
42	50	0.872708
42	70	0.909457
42	71	0.909854
42	73	0.910159
42	108	1.35959
42	111	0.881146
42	167	1.03177
42	180	2.41799
43	9	1.02733
43	10	1.01838
43	15	0.937964
43	20	0.971223
43	22	0.96415
43	25	0.851042
43	35	0.91805
43	40	0.928336
43	41	1.06609
43	58	0.871681
43	66	0.93574
43	166	1.52106
43	167	0.979773
43	171	1.27017
43	176	1.65602
44	27	0.948996
44	33	0.948058
44	38	0.941485
44	61	0.958465
44	68	0.957923
44	78	0.942731
44	81	0.932617
44	86	0.990933
44	94	0.953835
44	123	0.956865
44	137	1.26349
44	143	1.27533
44	160	1.39217
44	161	0.978708
44	168	1.44517
45	3	1.09429
45	29	1.02443
45	37	1.13957
45	63	1.02288
45	64	1.02276
45	75	1.0228
45	79	1.08657
45	105	0.599233
45	123	1.04093
45	130	1.03319
45	140	0.949258
45	153	1.192
45	156	2.08272
45	159	1.00731
45	163	0.8103
46	7	0.919501
46	16	0.999611
46	59	0.903733
46	85	0.997121
46	88	1.00162
46	89	0.976119
46	90	0.976641
46	101	0.937183
46	102	0.984144
46	103	0.984347
46	152	0.959358
46	168	1.01425
46	170	1.14187
46	179	2.33089
46	180	0.796905
47	19	1.1946
47	39	1.03506
47	42	0.984874
47	49	0.998129
47	50	0.990295
47	57	1.04755
47	70	1.02704
47	71	1.02744
47	73	1.02775
47	116	0.970481
47	137	0.971216
47	149	0.938838
47	165	0.919363
47	167	1.14936
47	177	1.79731
48	8	0.915732
48	11	1.1431
48	13	0.951722
48	17	0.952836
48	23	1.00632
48	30	1.01859
48	31	0.917238
48	32	0.89553
48	51	0.867596
48	52	0.980774
48	137	1.46693
48	153	0.857017
48	162	0.99429
48	167	1.27188
48	169	1.4212
49	12	1.01136
49	14	1.01511
49	39	0.930733
49	42	0.880542
49	47	0.998129
49	50	0.885963
49	57	0.943214
49	70	0.922712
49	71	0.923109
49	73	0.923414
49	140	0.834623
49	161	0.800059
49	167	1.04503
49	173	1.60988
49	179	2.21988
50	14	1.00727
50	19	1.08243
50	39	0.922899
50	42	0.872708
50	47	0.990295
50	49	0.885963
50	57	0.935379
50	70	0.914878
50	71	0.915275
50	73	0.91558
50	128	1.15477
50	149	1.19171
50	155	1.21416
50	167	1.0372
50	178	1.80169
51	8	0.915811
51	11	1.14318
51	13	0.951802
51	17	0.952915
51	28	1.03936
51	30	1.01866
51	31	0.917317
51	32	0.89561
51	48	0.867596
51	52	0.980854
51	139	1.26701
51	153	0.857096
51	162	0.994369
51	167	1.06652
51	172	1.80426
52	8	1.02899
52	11	1.25636
52	13	1.06498
52	17	1.06609
52	31	1.03049
52	32	1.00879
52	36	0.90532
52	48	0.980774
52	51	0.980854
52	116	1.00189
52	135	1.24783
52	139	1.00807
52	153	0.970274
52	162	1.10755
52	168	1.18431
53	121	0.938025
53	125	0.797019
53	129	1.00283
53	141	1.21212
53	147	1.34219
53	151	0.856205
53	154	1.27691
53	159	0.893412
53	160	0.892316
53	164	0.900205
53	165	0.945363
53	166	0.879786
53	176	0.840904
53	177	0.798544
53	179	0.753953
54	24	1.03909
54	62	1.0185
54	82	0.988229
54	92	1.02728
54	96	0.693085
54	97	1.05005
54	98	1.04354
54	99	1.05021
54	107	1.0056
54	110	1.00586
54	125	1.91513
54	158	0.984696
54	167	0.690721
54	171	0.981117
54	174	0.991078
54	175	1.63274
55	105	0.933147
55	113	1.00025
55	114	1.00019
55	124	1.01035
55	127	1.05244
55	143	1.03595
55	144	1.0112
55	146	1.08743
55	147	1.02772
55	148	1.01758
55	153	1.52591
55	154	1.04467
55	162	1.01234
55	167	0.975049
55	170	1.47941
55	175	0.899506
56	113	1.00075
56	122	1.03054
56	124	1.01085
56	133	1.40371
56	134	1.05395
56	139	1.07576
56	141	1.02485
56	144	1.0117
56	145	1.05719
56	147	1.02821
56	148	1.01808
56	154	1.04517
56	164	1.23441
56	169	1.02459
56	171	1.16566
56	175	0.900004
57	12	1.06078
57	14	1.06452
57	19	1.13968
57	39	0.98015
57	47	1.04755
57	49	0.943214
57	50	0.935379
57	70	0.972129
57	71	0.972526
57	73	0.972831
57	109	1.15189
57	119	1.03694
57	128	1.17313
57	160	1.37113
57	162	1.08469
57	167	1.09445
58	9	1.01041
58	10	1.00146
58	15	0.92104
58	20	0.954299
58	22	0.947226
58	25	0.834118
58	35	0.901125
58	40	0.911411
58	41	1.04917
58	43	0.871681
58	66	0.918816
58	93	0.874388
58	126	1.50006
58	152	1.5398
58	157	1.3337
58	165	1.36116
59	1	0.772031
59	16	0.970057
59	46	0.903733
59	67	0.9431
59	85	0.967568
59	88	0.972065
59	89	0.946566
59	90	0.947088
59	94	0.931251
59	101	0.907629
59	102	0.954591
59	103	0.954794
59	149	1.21454
59	171	1.34227
59	173	2.13525
59	180	0.767352
60	17	0.949564
60	78	0.787179
60	81	0.707519
60	95	0.719763
60	112	1.09444
60	137	1.07283
60	146	0.717298
60	150	1.06857
60	152	1.06228
60	160	1.04301
60	164	1.0509
60	172	0.98239
60	176	0.991597
60	177	0.949237
60	178	0.961969
60	179	0.904646
61	6	1.05341
61	21	1.05993
61	27	0.988112
61	33	0.987175
61	38	0.980602
61	44	0.958465
61	68	0.99704
61	78	0.981848
61	81	0.971734
61	86	1.03005
61	93	0.945801
61	123	0.995982
61	128	0.884573
61	136	0.951713
61	151	1.3792
61	161	1.01782
61	175	1.70086
62	54	1.0185
62	82	0.955301
62	92	0.99435
62	95	1.0379
62	97	1.01712
62	98	1.01061
62	99	1.01728
62	107	0.972675
62	110	0.972935
62	125	2.07275
62	128	0.974078
62	129	0.979993
62	130	0.982232
62	140	1.15646
62	149	1.01102
62	158	0.951767
62	174	0.95815
63	3	1.02969
63	26	1.0348
63	29	0.959823
63	37	1.07497
63	45	1.02288
63	64	0.958158
63	75	0.958193
63	79	1.02197
63	104	0.947513
63	123	0.976331
63	130	0.968585
63	131	1.1178
63	151	1.47408
63	159	0.942704
63	163	1.02288
63	165	0.996916
63	178	1.62637
64	3	1.02956
64	26	1.03468
64	28	0.856275
64	29	0.959701
64	37	1.07485
64	45	1.02276
64	63	0.958158
64	75	0.958071
64	79	1.02185
64	104	0.947391
64	123	0.976209
64	130	0.968463
64	139	1.08392
64	159	0.942582
64	164	1.24258
64	174	1.26616
64	176	1.55967
65	1	0.223485
65	77	1.05217
65	82	1.05239
65	95	1.13499
65	97	1.11421
65	98	1.10771
65	99	1.11437
65	107	1.06977
65	110	1.07003
65	126	0.785424
65	130	1.07933
65	132	1.58249
65	158	1.04886
65	172	1.24106
65	174	1.05524
65	176	1.17957
65	178	1.27597
66	5	0.976924
66	9	1.07446
66	10	1.06551
66	15	0.985098
66	20	1.01836
66	22	1.01128
66	25	0.898176
66	35	0.965184
66	40	0.97547
66	41	1.11323
66	43	0.93574
66	58	0.918816
66	91	0.991168
66	93	0.938447
66	160	1.25957
66	170	1.44019
66	174	1.31856
67	7	0.958868
67	34	0.990479
67	59	0.9431
67	85	1.03649
67	88	1.04098
67	89	1.01549
67	90	1.01601
67	94	1.00017
67	101	0.976549
67	102	1.02351
67	103	1.02371
67	138	1.21686
67	140	1.28602
67	150	1.20898
67	158	1.36838
67	163	1.14707
67	180	0.836272
68	6	1.05286
68	27	0.98757
68	33	0.986633
68	38	0.98006
68	44	0.957923
68	61	0.99704
68	78	0.981306
68	81	0.971191
68	86	1.02951
68	93	0.945258
68	112	1.09158
68	117	1.02006
68	123	0.99544
68	159	1.12739
68	161	1.01728
68	169	1.01502
68	173	1.94908
69	84	0.976056
69	113	0.974736
69	114	0.974674
69	120	1.00287
69	121	1.18786
69	141	0.998839
69	144	0.985682
69	145	1.03117
69	146	1.06191
69	147	1.0022
69	148	0.992069
69	150	1.14786
69	154	1.01916
69	159	1.17848
69	163	1.08595
69	175	0.873991
69	176	1.59303
70	12	1.04028
70	14	1.04402
70	19	1.11918
70	39	0.959648
70	42	0.909457
70	47	1.02704
70	49	0.922712
70	50	0.914878
70	57	0.972129
70	71	0.952024
70	73	0.95233
70	128	1.02398
70	135	1.33851
70	162	0.935538
70	165	1.04144
70	167	1.07395
70	175	1.84026
71	12	1.04067
71	14	1.04442
71	19	1.11958
71	39	0.960045
71	42	0.909854
71	47	1.02744
71	49	0.923109
71	50	0.915275
71	57	0.972526
71	70	0.952024
71	73	0.952726
71	108	1.51475
71	119	0.937939
71	129	1.08004
71	142	1.43191
71	150	1.17947
71	167	1.07434
72	23	0.65909
72	84	0.970841
72	113	0.969522
72	122	0.999312
72	127	1.02171
72	134	1.02273
72	141	0.993624
72	144	0.980468
72	146	1.0567
72	147	0.996986
72	148	0.986854
72	154	1.01394
72	157	1.04039
72	170	1.42901
72	174	1.30738
72	175	0.868776
72	176	1.6009
73	12	1.04098
73	14	1.04472
73	19	1.11988
73	39	0.96035
73	42	0.910159
73	47	1.02775
73	49	0.923414
73	50	0.91558
73	57	0.972831
73	70	0.95233
73	71	0.952726
73	105	0.996836
73	111	1.12666
73	153	1.5896
73	159	1.30043
73	165	1.18194
73	167	1.07465
74	1	0.898739
74	91	1.23391
74	105	1.13667
74	113	0.970432
74	115	1.03941
74	117	1.33294
74	120	0.998567
74	124	0.980528
74	134	1.02364
74	141	0.994535
74	144	0.981378
74	145	1.02687
74	147	0.997896
74	148	0.987765
74	154	1.01485
74	155	1.3637
74	175	0.869687
75	3	1.0296
75	26	1.03471
75	29	0.959736
75	37	1.07489
75	45	1.0228
75	63	0.958193
75	64	0.958071
75	79	1.02189
75	104	0.947426
75	106	0.824222
75	112	0.974441
75	123	0.976244
75	129	0.88021
75	130	0.968498
75	159	0.942617
75	173	1.83194
75	175	1.69058
76	80	0.954481
76	100	0.947885
76	114	0.951788
76	116	1.37634
76	119	1.17157
76	120	0.979986
76	141	0.975953
76	143	0.98755
76	144	0.962797
76	145	1.00829
76	146	1.03903
76	147	0.979315
76	148	0.969183
76	154	0.996272
76	162	1.21932
76	163	1.35119
76	169	1.33135
76	175	0.851105
77	18	0.979484
77	24	0.975663
77	65	1.05217
77	82	0.924799
77	92	0.963849
77	95	1.0074
77	97	0.986618
77	98	0.980112
77	99	0.986776
77	107	0.942174
77	110	0.942434
77	126	1.11629
77	152	1.15603
77	158	0.921266
77	167	0.834187
77	174	0.927649
77	177	1.85533
77	178	1.60684
78	7	0.935915
78	44	0.942731
78	60	0.787179
78	61	0.981848
78	68	0.981306
78	81	0.956
78	86	1.01432
78	88	1.01803
78	94	0.977218
78	101	0.953597
78	102	1.00056
78	103	1.00076
78	117	0.970839
78	161	1.00209
78	162	0.853769
78	174	1.19921
78	179	2.50986
78	180	0.813319
79	3	1.09338
79	26	1.09849
79	29	1.02352
79	37	1.13866
79	45	1.08657
79	63	1.02197
79	64	1.02185
79	75	1.02189
79	91	0.7794
79	104	1.01121
79	123	1.04002
79	130	1.03228
79	136	0.916941
79	158	1.11454
79	159	1.0064
79	164	1.08321
79	174	1.10679
79	177	1.74521
80	76	0.954481
80	83	1.49035
80	91	0.956763
80	100	0.937098
80	115	1.01004
80	120	0.969199
80	127	0.993249
80	133	1.42987
80	134	0.994268
80	141	0.965167
80	144	0.95201
80	145	0.997503
80	146	1.02824
80	148	0.958397
80	150	1.1325
80	151	1.52179
80	154	0.985486
80	175	0.840319
81	6	1.02756
81	27	0.962264
81	33	0.961327
81	38	0.954753
81	44	0.932617
81	60	0.707519
81	61	0.971734
81	68	0.971191
81	78	0.956
81	83	1.32574
81	86	1.0042
81	93	0.919952
81	94	0.967103
81	123	0.970134
81	132	1.81598
81	150	0.967891
81	161	0.991976
81	178	1.50947
82	54	0.988229
82	62	0.955301
82	65	1.05239
82	77	0.924799
82	92	0.964076
82	95	1.00762
82	96	0.833818
82	97	0.986846
82	98	0.980339
82	99	0.987003
82	107	0.942401
82	110	0.942661
82	132	1.91062
82	157	0.947194
82	158	0.921493
82	161	1.10501
82	174	0.927876
82	175	1.77348
83	30	1.14356
83	80	1.49035
83	81	1.32574
83	125	0.840554
83	132	0.844273
83	138	0.986329
83	140	1.0093
83	148	1.20586
83	164	0.943741
83	169	0.987383
83	170	0.90489
83	171	0.945886
83	174	0.938746
83	176	0.884439
83	177	0.842079
83	178	0.854811
83	179	0.797488
83	180	0.803645
84	69	0.976056
84	72	0.970841
84	113	0.939754
84	122	0.969543
84	127	0.991938
84	134	0.992957
84	141	0.963856
84	145	0.996192
84	146	1.02693
84	147	0.967217
84	148	0.957086
84	154	0.984175
84	158	1.27733
84	163	1.05601
84	168	1.26359
84	170	1.39121
84	175	0.839008
84	176	1.56309
85	4	1.08626
85	16	1.06344
85	34	1.01495
85	46	0.997121
85	59	0.967568
85	67	1.03649
85	88	1.06545
85	89	1.03995
85	90	1.04048
85	101	1.00102
85	102	1.04798
85	103	1.04818
85	138	1.09005
85	155	1.03621
85	161	1.12465
85	166	1.39238
85	167	0.851089
85	172	1.58883
85	180	0.86074
86	6	1.08587
86	27	1.02058
86	33	1.01964
86	38	1.01307
86	44	0.990933
86	61	1.03005
86	68	1.02951
86	78	1.01432
86	81	1.0042
86	93	0.978269
86	94	1.02542
86	106	0.748825
86	123	1.02845
86	129	0.804813
86	138	0.912122
86	156	2.11474
86	161	1.05029
86	169	0.822485
86	175	1.61518
87	32	1.08213
87	95	0.843874
87	100	1.21085
87	107	0.843641
87	112	0.988971
87	117	0.988414
87	135	0.929403
87	137	0.967367
87	138	0.988023
87	146	0.841409
87	156	0.818691
87	158	0.934058
87	159	0.938642
87	162	1.03561
87	163	0.989328
87	165	0.990593
87	166	0.925015
87	168	0.937123
87	178	0.856505
88	4	1.09075
88	34	1.01944
88	46	1.00162
88	59	0.972065
88	67	1.04098
88	78	1.01803
88	85	1.06545
88	89	1.04445
88	90	1.04497
88	101	1.00551
88	102	1.05248
88	103	1.05268
88	108	1.25383
88	138	0.92643
88	143	0.894368
88	153	1.23833
88	174	1.0702
88	177	1.70862
88	180	0.865237
89	4	1.06525
89	7	0.962333
89	16	1.04244
89	34	0.993945
89	46	0.976119
89	59	0.946566
89	67	1.01549
89	85	1.03995
89	88	1.04445
89	90	1.01947
89	101	0.980015
89	102	1.02698
89	103	1.02718
89	116	1.18563
89	136	1.18419
89	139	1.19181
89	150	1.22239
89	164	1.35046
89	169	1.14064
89	180	0.839738
90	4	1.06578
90	7	0.962856
90	16	1.04297
90	34	0.994467
90	46	0.976641
90	59	0.947088
90	67	1.01601
90	85	1.04048
90	88	1.04497
90	89	1.01947
90	101	0.980537
90	102	1.0275
90	103	1.0277
90	117	1.04202
90	128	1.0134
90	143	1.09456
90	151	1.50802
90	166	1.42894
90	174	1.27039
90	180	0.84026
91	36	1.07545
91	66	0.991168
91	74	1.23391
91	79	0.7794
91	80	0.956763
91	134	0.859459
91	143	1.05582
91	145	0.740613
91	150	1.03894
91	151	0.977261
91	155	1.05705
91	157	1.08763
91	160	1.01337
91	168	1.01295
91	172	0.952753
91	174	1.01627
91	175	0.919375
91	176	0.96196
91	177	0.9196
91	179	0.875009
92	2	1.05697
92	24	1.01494
92	54	1.02728
92	62	0.99435
92	77	0.963849
92	82	0.964076
92	97	1.0259
92	98	1.01939
92	99	1.02605
92	107	0.981451
92	110	0.981711
92	130	0.991008
92	151	1.21704
92	157	0.712417
92	158	0.960543
92	161	0.870235
92	166	1.13796
92	174	0.966926
92	176	1.27292
92	180	2.22144
93	10	1.02109
93	20	0.97393
93	25	0.853749
93	33	0.935394
93	40	0.931043
93	41	1.0688
93	58	0.874388
93	61	0.945801
93	66	0.938447
93	68	0.945258
93	81	0.919952
93	86	0.978269
93	123	0.944201
93	135	1.2978
93	137	1.05259
93	159	1.11923
93	161	0.966043
93	175	1.79955
93	176	1.53378
94	6	1.04878
94	27	0.983482
94	34	0.97863
94	44	0.953835
94	59	0.931251
94	67	1.00017
94	78	0.977218
94	81	0.967103
94	86	1.02542
94	101	0.9647
94	102	1.01166
94	103	1.01186
94	123	0.991352
94	152	1.11905
94	157	0.912943
94	161	1.01319
94	164	1.15635
94	174	1.17993
94	175	1.73922
94	178	1.56985
94	180	0.824423
95	2	1.10052
95	18	1.06231
95	24	1.05849
95	60	0.719763
95	62	1.0379
95	65	1.13499
95	77	1.0074
95	82	1.00762
95	87	0.843874
95	97	1.06944
95	98	1.06293
95	99	1.0696
95	107	1.025
95	109	0.853554
95	110	1.02526
95	143	0.955959
95	158	1.00409
95	167	0.749058
95	174	1.01047
95	177	1.77021
95	178	1.52171
96	2	0.91413
96	54	0.693085
96	82	0.833818
96	99	0.677954
96	109	1.12998
96	111	1.09407
96	116	1.11186
96	123	0.814253
96	125	0.979242
96	127	0.790796
96	132	0.982962
96	137	1.10436
96	145	0.687639
96	155	1.11822
96	165	1.12759
96	166	1.06201
96	171	1.08457
96	176	1.02313
96	177	0.980767
96	178	0.993499
96	179	0.936176
97	24	1.03771
97	54	1.05005
97	62	1.01712
97	65	1.11421
97	77	0.986618
97	82	0.986846
97	92	1.0259
97	95	1.06944
97	98	1.04216
97	99	1.04882
97	106	1.02727
97	107	1.00422
97	110	1.00448
97	130	1.01378
97	135	1.39187
97	152	1.27345
97	155	1.13673
97	157	1.06735
97	158	0.983312
97	162	0.9889
97	171	1.242
97	174	0.989695
98	2	1.07323
98	18	1.03502
98	54	1.04354
98	62	1.01061
98	65	1.10771
98	77	0.980112
98	82	0.980339
98	92	1.01939
98	95	1.06293
98	97	1.04216
98	99	1.04232
98	107	0.997714
98	110	0.997973
98	117	0.871786
98	118	1.17261
98	130	1.00727
98	140	1.02554
98	143	0.924323
98	155	0.902545
98	156	2.159
98	164	1.07657
98	174	0.983189
99	18	1.04169
99	54	1.05021
99	62	1.01728
99	65	1.11437
99	77	0.986776
99	82	0.987003
99	92	1.02605
99	95	1.0696
99	96	0.677954
99	97	1.04882
99	98	1.04232
99	107	1.00438
99	110	1.00464
99	130	1.01393
99	158	0.98347
99	161	0.949148
99	167	0.67559
99	168	1.05233
99	169	0.824915
99	174	0.989852
99	178	1.44824
99	179	2.36897
100	76	0.947885
100	80	0.937098
100	87	1.21085
100	111	1.20395
100	115	1.00344
100	120	0.962603
100	122	0.964258
100	124	0.944564
100	127	0.986653
100	134	0.987672
100	136	1.30891
100	141	0.958571
100	144	0.945414
100	145	0.990907
100	146	1.02164
100	147	0.961932
100	148	0.9518
100	154	0.97889
100	157	1.23177
100	160	1.43977
100	163	1.2852
100	175	0.833722
101	4	1.02632
101	7	0.923397
101	16	1.00351
101	34	0.955009
101	46	0.937183
101	59	0.907629
101	67	0.976549
101	78	0.953597
101	85	1.00102
101	88	1.00551
101	89	0.980015
101	90	0.980537
101	94	0.9647
101	102	0.988041
101	103	0.988243
101	131	1.24619
101	159	1.2438
101	165	1.1253
101	169	1.13143
101	170	1.48646
101	172	1.71984
101	180	0.800801
102	4	1.07328
102	7	0.970359
102	16	1.05047
102	34	1.00197
102	46	0.984144
102	59	0.954591
102	67	1.02351
102	78	1.00056
102	85	1.04798
102	88	1.05248
102	89	1.02698
102	90	1.0275
102	94	1.01166
102	101	0.988041
102	103	1.0352
102	128	1.02661
102	137	1.09593
102	158	1.29135
102	161	1.17443
102	165	1.04407
102	174	1.2836
102	176	1.57712
102	180	0.847763
103	4	1.07348
103	7	0.970562
103	16	1.05067
103	34	1.00217
103	36	1.03409
103	46	0.984347
103	59	0.954794
103	67	1.02371
103	78	1.00076
103	85	1.04818
103	88	1.05268
103	89	1.02718
103	90	1.0277
103	94	1.01186
103	101	0.988243
103	102	1.0352
103	129	1.06799
103	157	1.05208
103	163	1.10551
103	168	1.31308
103	170	1.4407
103	171	1.22674
103	180	0.847966
104	3	1.01892
104	7	1.16196
104	8	0.88407
104	16	0.931069
104	29	0.949056
104	37	1.06421
104	63	0.947513
104	64	0.947391
104	75	0.947426
104	79	1.01121
104	114	1.0649
104	115	1.16126
104	119	1.02732
104	139	0.949523
104	147	1.02838
104	159	0.931938
104	160	0.930841
104	164	0.938731
104	165	0.983888
104	166	0.918311
104	176	0.879429
104	178	0.849801
104	179	0.792478
105	13	0.952425
105	23	1.14766
105	39	1.08028
105	45	0.599233
105	55	0.933147
105	73	0.996836
105	74	1.13667
105	108	1.02992
105	113	0.97755
105	118	0.982927
105	133	1.00324
105	136	1.08198
105	139	1.03212
105	150	1.03901
105	155	1.05712
105	157	1.08769
105	165	1.06649
105	170	0.98248
105	173	0.91152
105	176	0.962029
105	177	0.919669
105	178	0.932401
105	179	0.875078
106	13	1.06999
106	39	1.19785
106	75	0.824222
106	86	0.748825
106	97	1.02727
106	115	1.02097
106	121	1.06832
106	125	0.927317
106	134	0.879787
106	149	1.08551
106	155	1.06629
106	156	0.90376
106	160	1.02261
106	165	1.07566
106	168	1.02219
106	169	1.07415
106	170	0.991654
106	172	0.961996
106	173	0.920694
106	175	0.928618
106	176	0.971203
106	177	0.928843
106	178	0.941574
106	179	0.884252
107	2	1.03529
107	18	0.997086
107	24	0.993265
107	54	1.0056
107	62	0.972675
107	65	1.06977
107	77	0.942174
107	82	0.942401
107	87	0.843641
107	92	0.981451
107	95	1.025
107	97	1.00422
107	98	0.997714
107	99	1.00438
107	109	0.853322
107	110	0.960035
107	112	0.974709
107	130	0.969333
107	151	1.36919
107	152	1.07067
107	158	0.938868
107	161	1.02238
107	174	0.945251
107	179	2.44221
108	1	1.087
108	26	0.831774
108	41	0.822275
108	42	1.35959
108	71	1.51475
108	88	1.25383
108	105	1.02992
108	132	0.849839
108	138	0.991894
108	139	0.960099
108	148	1.1833
108	150	0.966981
108	152	0.960688
108	159	0.942513
108	161	0.997982
108	165	0.994464
108	169	0.992948
108	170	0.910455
108	172	0.880798
108	176	0.890005
108	177	0.847644
108	178	0.860376
108	179	0.803053
108	180	0.809211
109	1	1.12595
109	20	0.974857
109	28	1.05522
109	38	1.08942
109	57	1.15189
109	95	0.853554
109	96	1.12998
109	107	0.853322
109	112	1.0318
109	123	0.916386
109	124	0.96046
109	126	1.03782
109	133	0.970169
109	151	0.944261
109	157	1.05463
109	163	1.03215
109	166	0.967842
109	169	1.0319
109	171	0.990407
109	172	0.919753
109	173	0.878451
109	177	0.8866
109	178	0.899331
109	179	0.842009
110	2	1.03555
110	18	0.997346
110	24	0.993525
110	54	1.00586
110	62	0.972935
110	65	1.07003
110	77	0.942434
110	82	0.942661
110	92	0.981711
110	95	1.02526
110	97	1.00448
110	98	0.997973
110	99	1.00464
110	107	0.960035
110	112	1.11877
110	130	0.969592
110	133	1.42133
110	158	0.939128
110	161	1.16645
110	162	0.930182
110	168	1.26963
110	169	1.04221
110	174	0.94551
110	175	1.83491
111	1	1.09004
111	2	0.999686
111	42	0.881146
111	73	1.12666
111	96	1.09407
111	100	1.20395
111	122	0.907493
111	124	0.943883
111	128	1.02061
111	131	1.03928
111	138	0.994943
111	139	0.963147
111	141	0.770273
111	142	0.931462
111	149	1.00736
111	150	0.97003
111	156	0.825611
111	157	1.01872
111	163	0.996248
111	165	0.997512
111	169	0.995997
111	171	0.9545
111	176	0.893053
111	177	0.850693
111	178	0.863425
112	11	0.896346
112	60	1.09444
112	68	1.09158
112	75	0.974441
112	87	0.988971
112	107	0.974709
112	109	1.0318
112	110	1.11877
112	127	1.01432
112	135	0.968219
112	137	1.00618
112	138	1.02684
112	139	0.995044
112	149	1.03926
112	154	0.973034
112	161	1.03293
112	166	0.963832
112	168	0.975939
112	169	1.02789
112	172	0.915743
112	173	0.874441
112	176	0.92495
112	177	0.88259
112	178	0.895321
112	179	0.837999
113	55	1.00025
113	56	1.00075
113	69	0.974736
113	72	0.969522
113	74	0.970432
113	84	0.939754
113	105	0.97755
113	115	1.00741
113	122	0.968224
113	124	0.94853
113	127	0.990619
113	134	0.991638
113	144	0.94938
113	145	0.994873
113	146	1.02561
113	147	0.965898
113	148	0.955767
113	149	1.18213
113	154	0.982856
113	164	1.3786
113	167	1.01945
113	169	1.16878
113	171	1.30985
113	175	0.837689
113	178	1.7921
114	55	1.00019
114	69	0.974674
114	76	0.951788
114	104	1.0649
114	115	1.00735
114	120	0.966506
114	122	0.968162
114	124	0.948468
114	127	0.990556
114	132	1.9281
114	134	0.991575
114	140	1.00507
114	141	0.962474
114	144	0.949318
114	145	0.99481
114	146	1.02555
114	147	0.965835
114	148	0.955704
114	153	1.3998
114	154	0.982793
114	161	1.1225
114	163	1.0181
114	165	0.992139
114	166	1.39023
114	175	0.837626
115	74	1.03941
115	80	1.01004
115	100	1.00344
115	104	1.16126
115	106	1.02097
115	113	1.00741
115	114	1.00735
115	119	0.934852
115	120	1.03555
115	124	1.01751
115	127	1.0596
115	134	1.06061
115	141	1.03151
115	144	1.01836
115	145	1.06385
115	146	1.09459
115	147	1.03487
115	148	1.02474
115	149	1.10798
115	152	1.26715
115	154	1.05183
115	162	0.982597
115	165	1.0885
115	171	1.2357
115	175	0.906665
116	19	0.821167
116	32	1.18163
116	36	1.02434
116	47	0.970481
116	52	1.00189
116	76	1.37634
116	89	1.18563
116	96	1.11186
116	117	1.01313
116	135	0.954117
116	144	1.05753
116	151	0.926149
116	152	0.981532
116	153	0.923051
116	157	1.03651
116	160	0.96226
116	165	1.01531
116	166	0.94973
116	168	0.961838
116	169	1.01379
116	172	0.901641
116	173	0.860339
116	175	0.868264
116	176	0.910848
116	177	0.868488
116	178	0.88122
117	14	0.96672
117	23	1.11002
117	29	1.29563
117	68	1.02006
117	74	1.33294
117	78	0.970839
117	87	0.988414
117	90	1.04202
117	98	0.871786
117	116	1.01313
117	129	1.08632
117	150	1.00137
117	155	1.01948
117	160	0.975805
117	163	1.02759
117	166	0.963275
117	168	0.975382
117	169	1.02734
117	171	0.98584
117	172	0.915186
117	176	0.924393
117	177	0.882033
117	178	0.894764
117	179	0.837442
117	180	0.843599
118	11	1.12565
118	28	0.969272
118	36	0.956498
118	40	1.30445
118	98	1.17261
118	105	0.982927
118	121	0.94013
118	122	1.27476
118	125	0.799124
118	128	0.970567
118	131	0.989233
118	142	0.881418
118	144	1.3184
118	147	1.26761
118	151	0.85831
118	157	0.968675
118	160	0.894421
118	163	0.946204
118	164	0.902311
118	165	0.947468
118	169	0.945953
118	172	0.833802
118	174	0.897316
118	176	0.843009
118	177	0.800649
118	178	0.813381
118	179	0.756058
119	24	1.14302
119	57	1.03694
119	71	0.937939
119	76	1.17157
119	104	1.02732
119	115	0.934852
119	126	1.07886
119	138	1.07189
119	139	1.04009
119	141	0.671903
119	146	0.736142
119	147	0.801972
119	150	1.04698
119	151	0.9853
119	156	0.902556
119	157	1.09566
119	166	1.00888
119	168	1.02099
119	170	0.990449
119	171	1.03145
119	172	0.960792
119	173	0.91949
119	174	1.02431
119	176	0.969999
119	177	0.927638
119	179	0.883048
119	180	0.889205
120	69	1.00287
120	74	0.998567
120	76	0.979986
120	80	0.969199
120	100	0.962603
120	114	0.966506
120	115	1.03555
120	124	0.976665
120	127	1.01875
120	129	0.767582
120	133	1.16437
120	134	1.01977
120	139	0.836425
120	140	1.03326
120	141	0.990671
120	144	0.977515
120	145	1.02301
120	146	1.05374
120	147	0.994033
120	148	0.983901
120	154	1.01099
120	166	1.17722
120	167	0.635929
120	172	1.37367
120	173	1.71931
120	175	0.865823
120	180	2.2607
121	6	0.844135
121	9	0.958154
121	21	0.97695
121	53	0.938025
121	69	1.18786
121	106	1.06832
121	118	0.94013
121	125	0.875348
121	134	1.0752
121	142	0.957641
121	144	1.13429
121	146	1.01767
121	149	1.03354
121	151	0.934534
121	154	1.01822
121	156	0.85179
121	157	1.0449
121	161	1.02721
121	164	0.978535
121	169	1.02218
121	172	0.910026
121	173	0.868724
121	174	0.97354
121	175	0.876648
121	177	0.876873
121	178	0.889604
121	179	0.832282
122	36	1.02355
122	56	1.03054
122	72	0.999312
122	84	0.969543
122	100	0.964258
122	111	0.907493
122	113	0.968224
122	114	0.968162
122	118	1.27476
122	124	0.97832
122	127	1.02041
122	134	1.02143
122	141	0.992327
122	143	1.00392
122	144	0.97917
122	145	1.02466
122	146	1.0554
122	147	0.995688
122	148	0.985556
122	151	1.43994
122	154	1.01265
122	159	1.08127
122	163	0.988739
122	164	1.17872
122	169	0.968898
122	175	0.867478
122	178	1.59223
123	21	1.11298
123	27	0.986512
123	29	0.977874
123	37	1.09302
123	38	0.979002
123	44	0.956865
123	45	1.04093
123	61	0.995982
123	63	0.976331
123	64	0.976209
123	68	0.99544
123	75	0.976244
123	79	1.04002
123	81	0.970134
123	86	1.02845
123	93	0.944201
123	94	0.991352
123	96	0.814253
123	109	0.916386
123	125	2.0363
123	130	0.986636
123	138	1.05085
123	142	1.29541
123	159	0.960756
123	161	1.01622
123	162	0.849184
123	171	1.10229
124	5	0.897057
124	55	1.01035
124	56	1.01085
124	74	0.980528
124	100	0.944564
124	109	0.96046
124	111	0.943883
124	113	0.94853
124	114	0.948468
124	115	1.01751
124	120	0.976665
124	122	0.97832
124	126	1.13806
124	127	1.00071
124	133	1.38441
124	134	1.00173
124	141	0.972633
124	142	1.33948
124	143	0.984229
124	144	0.959476
124	145	1.00497
124	146	1.03571
124	147	0.975994
124	148	0.965863
124	154	0.992952
124	168	1.23271
124	175	0.847785
124	178	1.62862
125	53	0.797019
125	54	1.91513
125	62	2.07275
125	83	0.840554
125	96	0.979242
125	106	0.927317
125	118	0.799124
125	121	0.875348
125	123	2.0363
125	133	0.819435
125	136	0.898173
125	137	0.85946
125	138	0.880116
125	142	0.816635
125	148	1.84134
125	149	0.892532
125	151	0.793528
125	156	0.710784
125	158	0.826151
125	166	0.817109
125	168	0.829216
125	169	0.88117
125	176	0.778227
125	177	0.735866
125	178	0.748598
125	179	0.691276
125	180	0.697433
126	30	0.836735
126	37	0.554041
126	38	1.26702
126	58	1.50006
126	65	0.785424
126	77	1.11629
126	109	1.03782
126	119	1.07886
126	124	1.13806
126	128	1.05853
126	132	0.890804
126	135	0.974239
126	137	1.0122
126	141	0.964455
126	142	0.969378
126	150	1.00795
126	152	1.00165
126	157	1.05664
126	159	0.983478
126	167	1.11805
126	169	1.03391
126	170	0.95142
126	171	0.992417
126	176	0.93097
126	177	0.888609
126	178	0.901341
126	179	0.844019
126	180	0.850176
127	55	1.05244
127	72	1.02171
127	80	0.993249
127	84	0.991938
127	96	0.790796
127	100	0.986653
127	112	1.01432
127	113	0.990619
127	114	0.990556
127	115	1.0596
127	120	1.01875
127	122	1.02041
127	124	1.00071
127	134	1.04382
127	138	1.02739
127	141	1.01472
127	144	1.00156
127	145	1.04706
127	146	1.07779
127	147	1.01808
127	148	1.00795
127	152	1.11028
127	154	1.03504
127	166	1.32972
127	167	0.788433
127	168	1.16517
127	170	1.29279
127	175	0.889873
127	177	1.80958
128	50	1.15477
128	57	1.17313
128	61	0.884573
128	62	0.974078
128	70	1.02398
128	90	1.0134
128	102	1.02661
128	111	1.02061
128	118	0.970567
128	126	1.05853
128	133	0.990879
128	136	1.06962
128	142	0.988078
128	147	0.938161
128	156	0.882227
128	157	1.07534
128	162	1.09915
128	163	1.05286
128	164	1.00897
128	168	1.00066
128	171	1.01112
128	172	0.940463
128	173	0.899161
128	176	0.94967
128	177	0.90731
128	178	0.920041
128	179	0.862719
128	180	0.868876
129	28	1.1103
129	40	0.98092
129	53	1.00283
129	62	0.979993
129	71	1.08004
129	75	0.88021
129	86	0.804813
129	103	1.06799
129	117	1.08632
129	120	0.767582
129	132	0.943869
129	135	1.0273
129	147	0.944075
129	148	0.748587
129	150	1.06101
129	152	1.05472
129	153	0.996238
129	156	0.916593
129	160	1.03545
129	164	1.04334
129	165	1.08849
129	168	1.03502
129	169	1.08698
129	170	1.00449
129	171	1.04548
129	173	0.933526
129	177	0.941675
129	178	0.954407
129	179	0.897084
130	2	1.04485
130	26	1.0451
130	29	0.970128
130	36	0.93353
130	37	1.08528
130	45	1.03319
130	62	0.982232
130	63	0.968585
130	64	0.968463
130	65	1.07933
130	75	0.968498
130	79	1.03228
130	92	0.991008
130	97	1.01378
130	98	1.00727
130	99	1.01393
130	107	0.969333
130	110	0.969592
130	123	0.986636
130	131	1.09987
130	149	0.998455
130	153	1.38664
130	158	0.948425
130	159	0.953009
130	160	1.15952
130	167	0.835779
130	168	1.21252
130	172	1.57352
130	174	0.954808
130	178	1.60843
131	3	0.977468
131	4	0.649731
131	11	0.934549
131	18	0.990765
131	30	0.818722
131	63	1.1178
131	101	1.24619
131	111	1.03928
131	118	0.989233
131	130	1.09987
131	132	0.92817
131	138	1.07023
131	145	0.949363
131	149	1.08264
131	151	0.983637
131	153	0.980538
131	155	1.06343
131	157	1.094
131	158	1.01626
131	161	1.07631
131	163	1.07153
131	164	1.02764
131	165	1.0728
131	172	0.959129
131	173	0.917827
131	176	0.968336
131	177	0.925976
131	178	0.938707
131	179	0.881385
131	180	0.887542
132	5	0.930142
132	15	1.46281
132	65	1.58249
132	81	1.81598
132	82	1.91062
132	83	0.844273
132	96	0.982962
132	108	0.849839
132	114	1.9281
132	126	0.890804
132	129	0.943869
132	131	0.92817
132	135	0.825215
132	138	0.883836
132	142	0.820354
132	150	0.858923
132	151	0.797247
132	152	0.85263
132	159	0.834455
132	166	0.820828
132	167	0.969022
132	169	0.88489
132	170	0.802397
132	171	0.843393
132	173	0.731437
132	176	0.781946
132	177	0.739586
132	178	0.752317
132	179	0.694995
133	10	1.11323
133	30	1.08308
133	56	1.40371
133	80	1.42987
133	105	1.00324
133	109	0.970169
133	110	1.42133
133	120	1.16437
133	124	1.38441
133	125	0.819435
133	128	0.990879
133	135	0.90659
133	136	0.983267
133	137	0.944555
133	138	0.96521
133	139	0.933415
133	152	0.934004
133	156	0.795878
133	157	0.988986
133	159	0.915829
133	160	0.914733
133	164	0.922622
133	165	0.96778
133	166	0.902203
133	169	0.966265
133	172	0.854114
133	176	0.863321
133	177	0.820961
133	178	0.833692
133	179	0.77637
134	56	1.05395
134	72	1.02273
134	74	1.02364
134	80	0.994268
134	84	0.992957
134	91	0.859459
134	100	0.987672
134	106	0.879787
134	113	0.991638
134	114	0.991575
134	115	1.06061
134	120	1.01977
134	121	1.0752
134	122	1.02143
134	124	1.00173
134	127	1.04382
134	135	1.24439
134	140	1.05833
134	141	1.01574
134	144	1.00258
134	145	1.04808
134	146	1.07881
134	147	1.0191
134	148	1.00897
134	154	1.03606
134	157	0.919861
134	164	1.16327
134	165	0.947322
134	169	0.953446
134	172	1.54186
134	175	0.890892
134	178	1.57677
135	2	1.35203
135	32	1.42758
135	52	1.24783
135	70	1.33851
135	87	0.929403
135	93	1.2978
135	97	1.39187
135	112	0.968219
135	116	0.954117
135	126	0.974239
135	129	1.0273
135	132	0.825215
135	133	0.90659
135	134	1.24439
135	137	0.946615
135	150	0.942358
135	156	0.797939
135	157	0.991047
135	160	0.916793
135	163	0.968576
135	166	0.904263
135	168	0.916371
135	169	0.968325
135	170	0.885832
135	171	0.926828
135	173	0.814872
135	176	0.865381
135	177	0.823021
135	178	0.835753
135	179	0.77843
135	180	0.784587
136	9	0.879958
136	17	1.17174
136	21	0.999775
136	25	1.46684
136	26	0.45829
136	61	0.951713
136	79	0.916941
136	89	1.18419
136	100	1.30891
136	105	1.08198
136	125	0.898173
136	128	1.06962
136	133	0.983267
136	144	1.05609
136	150	1.01903
136	151	0.957359
136	152	1.01274
136	156	0.874616
136	162	1.09153
136	164	1.00136
136	165	1.04652
136	168	0.993048
136	169	1.045
136	170	0.962509
136	171	1.0035
136	172	0.932851
136	175	0.899474
136	176	0.942058
136	177	0.899698
136	178	0.912429
136	179	0.855107
136	180	0.861264
137	5	1.05154
137	11	0.865515
137	25	1.46901
137	44	1.26349
137	47	0.971216
137	48	1.46693
137	60	1.07283
137	87	0.967367
137	93	1.05259
137	96	1.10436
137	102	1.09593
137	112	1.00618
137	125	0.85946
137	126	1.0122
137	133	0.944555
137	135	0.946615
137	139	0.97344
137	141	0.877408
137	143	0.997206
137	155	0.998437
137	164	0.962647
137	170	0.923797
137	171	0.964793
137	172	0.894139
137	173	0.852837
137	175	0.860761
137	176	0.903346
137	177	0.860986
137	178	0.873717
137	179	0.816395
137	180	0.822552
138	29	1.38023
138	67	1.21686
138	83	0.986329
138	85	1.09005
138	86	0.912122
138	87	0.988023
138	88	0.92643
138	108	0.991894
138	111	0.994943
138	112	1.02684
138	119	1.07189
138	123	1.05085
138	125	0.880116
138	127	1.02739
138	131	1.07023
138	132	0.883836
138	133	0.96521
138	148	0.855896
138	149	1.03831
138	154	0.986111
138	155	1.01909
138	157	1.04967
138	158	0.971926
138	159	0.97651
138	164	0.983303
138	168	0.974991
138	170	0.944453
138	172	0.914795
138	173	0.873493
138	177	0.881641
138	178	0.894373
138	179	0.837051
138	180	0.843208
139	1	1.0892
139	22	1.16848
139	51	1.26701
139	52	1.00807
139	56	1.07576
139	64	1.08392
139	89	1.19181
139	104	0.949523
139	105	1.03212
139	108	0.960099
139	111	0.963147
139	112	0.995044
139	119	1.04009
139	120	0.836425
139	133	0.933415
139	137	0.97344
139	143	0.986066
139	145	0.885772
139	154	0.947646
139	155	0.987298
139	156	0.824764
139	159	0.944715
139	163	0.995401
