1	7	1.12787
1	76	1.09637
1	100	1.03915
1	105	1.093
1	117	1.06221
1	129	0.894366
1	131	1.05201
1	139	1.05161
1	143	1.07667
1	159	0.931609
1	161	1.06958
1	177	1.03036
2	6	1.03853
2	76	0.867753
2	93	1.08903
2	94	1.08018
2	95	1.06559
2	118	1.05893
2	127	1.05177
2	128	1.08856
2	134	1.04646
2	135	1.07847
2	163	1.06754
2	180	0.976655
3	14	0.842604
3	59	0.890201
3	78	0.828743
3	82	0.913935
3	110	0.906793
3	124	0.87296
3	142	0.892672
3	150	0.878893
3	151	2.52898
3	161	0.883622
3	173	0.847506
3	177	0.844406
4	44	1.09121
4	56	0.797288
4	95	1.06398
4	113	1.07746
4	118	1.05733
4	120	1.04844
4	127	1.05017
4	128	1.08695
4	134	1.04486
4	135	1.07686
4	136	0.788488
4	168	1.26554
5	46	1.03522
5	105	0.648699
5	115	1.11541
5	145	0.593252
5	147	1.09123
5	157	1.07274
5	160	0.749169
5	168	1.03881
5	170	1.07355
5	176	1.09243
5	178	1.05197
5	180	1.02825
6	2	1.03853
6	89	0.899909
6	94	0.965035
6	113	0.963921
6	118	0.943785
6	126	0.983012
6	127	0.936626
6	128	0.973408
6	134	0.931313
6	135	0.963317
6	164	1.38285
6	178	1.30434
7	1	1.12787
7	22	1.01434
7	100	1.04559
7	105	1.09944
7	116	1.06297
7	146	0.676171
7	149	1.06609
7	150	1.07129
7	161	1.07602
7	173	1.0399
7	178	0.90288
7	180	1.26571
8	13	1.03571
8	98	1.06618
8	123	1.07594
8	153	1.10775
8	159	0.982742
8	162	1.10066
8	165	1.02199
8	166	1.08324
8	167	1.08325
8	172	1.13857
8	173	0.744321
8	179	1.02331
9	36	0.631268
9	131	0.714124
9	148	1.08734
9	164	1.05202
9	166	0.660944
9	168	1.05269
9	169	1.05994
9	174	1.03469
9	175	1.0987
9	176	1.1063
9	178	1.06585
9	180	1.04213
10	85	1.43273
10	108	1.01254
10	145	0.982377
10	147	0.968122
10	153	0.98359
10	158	1.26178
10	160	0.959465
10	162	0.976495
10	165	0.897826
10	166	0.959079
10	167	0.95909
10	179	0.899148
11	78	1.02665
11	124	1.07086
11	131	1.06395
11	136	0.6852
11	139	1.06356
11	142	1.09058
11	143	1.08862
11	149	1.07159
11	161	1.08153
11	164	1.06076
11	169	1.08711
11	177	1.04231
12	65	0.972138
12	114	0.979067
12	116	0.953873
12	124	0.956258
12	139	0.94895
12	143	0.97401
12	147	1.15352
12	149	0.956985
12	150	0.962191
12	161	0.96692
12	173	0.930804
12	179	1.55542
13	8	1.03571
13	33	1.00196
13	48	0.981609
13	49	0.974432
13	68	0.934152
13	102	0.935165
13	112	1.26085
13	162	0.963172
13	166	0.945756
13	167	0.945767
13	171	1.43944
13	179	0.885825
14	3	0.842604
14	59	0.983287
14	65	0.981925
14	99	0.948499
14	139	0.958738
14	142	0.985757
14	143	0.983797
14	149	0.966773
14	150	0.971979
14	154	1.19028
14	161	0.976707
14	178	1.49947
15	86	0.816939
15	104	1.03115
15	136	1.00929
15	155	0.96479
15	158	0.967878
15	166	1.27758
15	169	0.927948
15	172	0.916096
15	175	0.966707
15	176	0.974315
15	178	0.933857
15	180	0.910138
16	23	1.01626
16	63	1.01841
16	65	1.05514
16	159	0.970949
16	170	0.978388
16	171	0.953417
16	172	0.939047
16	174	0.925648
16	176	0.997267
16	178	0.956809
16	179	0.927095
16	180	0.93309
17	46	1.2086
17	72	1.02886
17	86	1.08833
17	89	1.01699
17	95	1.06752
17	120	1.05197
17	126	1.10009
17	127	1.05371
17	128	1.09049
17	134	1.04839
17	135	1.0804
17	176	0.65086
18	61	1.07405
18	89	1.0195
18	95	1.07003
18	113	1.08351
18	118	1.06337
18	120	1.05448
18	126	1.1026
18	134	1.0509
18	135	1.0829
18	170	0.870297
18	174	1.20013
18	176	0.768639
19	60	1.00376
19	146	0.999886
19	151	0.994505
19	164	0.935287
19	167	1.12433
19	168	0.93595
19	170	0.97069
19	174	0.917949
19	175	0.98196
19	176	0.989568
19	178	0.94911
19	180	0.925391
20	34	0.915366
20	110	0.998111
20	116	0.961893
20	117	0.96757
20	139	0.95697
20	142	0.983989
20	150	0.97021
20	161	0.974939
20	163	1.62285
20	171	1.09327
20	173	0.938823
20	177	0.935724
21	80	1.54974
21	111	1.0883
21	130	0.457214
21	132	1.07113
21	140	1.05831
21	144	1.07531
21	152	1.05421
21	160	1.05932
21	162	1.07635
21	166	1.05894
21	167	1.05895
21	178	0.785153
22	7	1.01434
22	59	0.962624
22	87	0.961647
22	91	0.953083
22	125	0.973335
22	143	0.963134
22	147	1.36135
22	149	0.946109
22	150	0.951315
22	161	0.956044
22	173	0.919928
22	175	1.34426
23	16	1.01626
23	75	1.01331
23	110	1.07064
23	112	0.692792
23	124	1.03681
23	125	1.06476
23	142	1.05652
23	143	1.05456
23	149	1.03753
23	161	1.04747
23	173	1.01135
23	177	1.00825
23	179	1.18972
24	26	1.18301
24	118	1.04977
24	120	1.04088
24	126	1.089
24	134	1.0373
24	135	1.0693
24	142	0.330503
24	160	0.648629
24	164	1.02027
24	171	1.03071
24	172	1.01634
24	178	1.0341
24	180	1.01038
25	38	0.869618
25	77	2.41455
25	154	0.905292
25	159	0.878379
25	163	0.833048
25	164	0.850416
25	168	0.851079
25	170	0.885819
25	172	0.846478
25	176	0.904697
25	177	0.867462
25	178	0.864239
25	180	0.84052
26	24	1.18301
26	52	0.81631
26	96	0.964964
26	108	1.0065
26	123	0.945733
26	144	0.969415
26	145	0.976336
26	160	0.953424
26	162	0.970453
26	163	0.891629
26	166	0.953038
26	167	0.953048
26	177	1.56302
27	71	1.09278
27	86	1.05382
27	89	0.982482
27	90	0.962413
27	113	1.04649
27	118	1.02636
27	120	1.01747
27	121	0.794472
27	126	1.06558
27	128	1.05598
27	134	1.01388
27	135	1.04589
27	163	1.30459
28	37	0.920552
28	120	1.14862
28	121	0.980635
28	130	1.00019
28	133	0.986388
28	150	1.14199
28	164	0.91418
28	171	0.924612
28	172	0.910243
28	175	0.960853
28	176	0.968462
28	178	0.928004
28	180	0.904285
29	47	0.986987
29	69	0.932545
29	109	0.94037
29	140	0.953275
29	144	0.970279
29	155	1.31441
29	160	0.954289
29	162	0.971318
29	163	0.892494
29	166	0.953902
29	167	0.953913
29	173	1.56526
29	179	0.893971
30	31	0.595723
30	132	0.831217
30	146	1.08359
30	164	1.01899
30	166	0.758165
30	168	1.01966
30	169	1.02691
30	170	1.0544
30	172	1.01505
30	175	1.06567
30	176	1.07327
30	178	1.03282
30	180	1.0091
31	30	0.595723
31	32	1.06437
31	57	1.05865
31	64	0.88716
31	100	1.00827
31	105	1.06212
31	125	1.05599
31	131	1.02112
31	142	1.04775
31	143	1.04579
31	161	1.0387
31	172	1.40957
31	177	0.999483
32	31	1.06437
32	82	1.07371
32	87	1.049
32	92	0.842597
32	99	1.01519
32	100	1.01298
32	116	1.03035
32	121	1.16277
32	125	1.06069
32	143	1.05049
32	161	1.0434
32	175	1.04267
32	177	1.00419
33	13	1.00196
33	74	0.594229
33	81	1.57183
33	102	1.0389
33	140	1.04886
33	146	0.839994
33	147	1.05853
33	152	1.04477
33	160	1.04988
33	162	1.06691
33	166	1.04949
33	167	1.0495
33	179	0.98956
34	20	0.915366
34	75	0.923993
34	83	1.01182
34	87	0.963755
34	114	0.9703
34	131	0.940579
34	139	0.940183
34	143	0.965242
34	149	0.948218
34	150	0.953423
34	161	0.958152
34	173	0.922036
34	179	1.86371
35	52	0.819954
35	67	0.987626
35	81	1.82817
35	103	0.960192
35	109	0.94315
35	111	0.986049
35	140	0.956055
35	144	0.973059
35	153	0.981193
35	162	0.974097
35	166	0.956682
35	167	0.956693
35	179	0.89675
36	9	0.631268
36	79	1.01193
36	104	0.671154
36	107	1.03023
36	111	1.07328
36	140	1.04329
36	153	1.06842
36	160	1.0443
36	162	1.06133
36	166	1.04391
36	167	1.04392
36	174	1.56128
36	179	0.983982
37	28	0.920552
37	78	1.3227
37	101	0.97664
37	126	0.980296
37	127	0.93391
37	128	0.970692
37	134	0.928597
37	135	0.960601
37	156	0.955379
37	171	0.922006
37	175	0.958248
37	176	0.965856
37	180	0.901679
38	25	0.869618
38	113	1.16228
38	119	0.995275
38	139	1.15877
38	152	0.963723
38	156	0.968209
38	171	0.934836
38	172	0.920467
38	173	0.94455
38	175	0.971078
38	176	0.978686
38	178	0.938228
38	180	0.914509
39	77	0.457449
39	85	0.949772
39	142	1.80399
39	154	0.980876
39	158	0.973845
39	159	0.953964
39	165	0.908789
39	168	0.926664
39	170	0.961404
39	171	0.936432
39	174	0.908663
39	176	0.980282
39	180	0.916105
40	50	0.973019
40	102	1.02772
40	130	1.0168
40	144	1.05469
40	145	1.06161
40	147	1.04735
40	153	1.06282
40	154	1.03555
40	155	0.944635
40	160	1.0387
40	162	1.05573
40	166	1.03831
40	167	1.03832
41	77	0.996269
41	111	0.980768
41	140	0.950773
41	151	1.28311
41	153	0.975911
41	155	1.57566
41	160	0.951787
41	162	0.968816
41	163	0.889991
41	165	0.890148
41	166	0.9514
41	167	0.951411
41	179	0.891469
42	96	0.786342
42	144	0.799476
42	151	1.06102
42	160	0.799515
42	165	0.984586
42	169	1.00971
42	170	1.0372
42	171	1.01223
42	172	0.99786
42	174	0.98446
42	175	1.04847
42	176	1.05608
42	178	1.01562
42	180	0.991902
43	128	2.63487
43	146	0.904865
43	148	0.875588
43	156	0.884071
43	158	0.88811
43	159	0.86823
43	169	0.84818
43	170	0.875669
43	172	0.836328
43	174	0.822929
43	175	0.886939
43	178	0.85409
43	179	0.824375
43	180	0.830371
44	4	1.09121
44	71	1.06449
44	86	1.02554
44	89	0.954196
44	94	1.01932
44	113	1.01821
44	118	0.998072
44	126	1.0373
44	127	0.990913
44	134	0.9856
44	135	1.0176
44	168	1.18165
44	175	0.825132
44	179	1.24411
45	96	1.03645
45	102	1.01393
45	104	0.666212
45	130	0.964452
45	132	1.03672
45	140	1.0239
45	144	1.0409
45	145	1.04782
45	160	1.02491
45	165	0.963271
45	166	1.02452
45	167	1.02453
45	174	1.55634
45	179	0.964592
46	5	1.03522
46	17	1.2086
46	81	0.882119
46	91	1.4588
46	121	0.968732
46	130	0.988282
46	157	0.936869
46	164	0.902277
46	165	0.885065
46	174	0.88494
46	175	0.94895
46	176	0.956559
46	178	0.916101
46	180	0.892382
47	29	0.986987
47	54	1.07534
47	72	1.01289
47	123	1.01906
47	145	1.04967
47	158	1.15935
47	160	1.02676
47	162	1.04378
47	165	0.965116
47	166	1.02637
47	167	1.02638
47	173	1.14332
47	177	0.945969
47	179	0.966437
48	13	0.981609
48	49	1.05781
48	123	1.02183
48	137	1.03605
48	140	1.02851
48	156	1.03181
48	160	1.02952
48	162	1.04655
48	165	0.967885
48	166	1.02914
48	167	1.02915
48	172	1.408
48	177	0.816393
48	179	0.969206
49	13	0.974432
49	48	1.05781
49	96	1.03389
49	97	0.906236
49	107	1.00828
49	140	1.02133
49	144	1.03834
49	157	1.11003
49	160	1.02235
49	162	1.03938
49	166	1.02196
49	167	1.02197
49	170	1.19251
49	179	0.962028
50	40	0.973019
50	106	0.918194
50	107	0.914311
50	108	0.981458
50	132	0.940187
50	140	0.927366
50	145	0.951291
50	160	0.928379
50	162	0.945409
50	166	0.927993
50	167	0.928004
50	171	1.68461
50	177	1.41387
50	179	0.868062
51	66	1.01596
51	75	0.905806
51	93	1.21951
51	99	0.911757
51	117	0.932596
51	124	0.929304
51	142	0.949015
51	143	0.947055
51	149	0.930031
51	150	0.935236
51	161	0.939965
51	173	0.903849
51	174	1.88172
51	177	0.90075
52	26	0.81631
52	35	0.819954
52	54	0.905528
52	68	0.844952
52	111	0.885924
52	144	0.872933
52	145	0.879855
52	152	0.851834
52	153	0.881068
52	160	0.856943
52	162	0.873972
52	166	0.856556
52	167	0.856567
52	177	2.94603
53	87	1.27658
53	108	1.01207
53	141	0.947707
53	157	0.95895
53	159	0.952321
53	164	0.924358
53	165	0.907146
53	170	0.959761
53	173	0.944503
53	175	0.971031
53	176	0.97864
53	178	0.938181
53	180	0.914462
54	47	1.07534
54	52	0.905528
54	115	1.12303
54	123	1.03495
54	133	1.04731
54	137	1.04917
54	160	1.04264
54	162	1.05967
54	163	0.980847
54	165	0.981003
54	166	1.04226
54	167	1.04227
54	177	1.07707
54	179	0.982324
55	61	1.03365
55	109	1.10852
55	113	1.0431
55	120	1.01407
55	132	0.685516
55	134	1.01049
55	135	1.0425
55	166	0.612464
55	171	1.0039
55	174	0.976134
55	175	1.04014
55	176	1.04775
55	178	1.00729
55	180	0.983576
56	4	0.797288
56	125	0.612822
56	130	1.08313
56	131	1.09194
56	137	1.04808
56	159	1.02509
56	168	0.997787
56	169	1.00504
56	172	0.993186
56	173	1.01727
56	174	0.979786
56	176	1.05141
56	178	1.01095
56	180	0.987228
57	31	1.05865
57	73	0.943269
57	88	1.0399
57	99	1.00947
57	101	1.00769
57	117	1.03031
57	124	1.02702
57	131	1.0201
57	141	1.0281
57	150	1.03295
57	161	1.03768
57	168	1.2878
57	176	0.940243
57	177	0.998463
58	144	0.897222
58	154	1.05286
58	157	1.03258
58	158	1.04583
58	161	0.639758
58	167	0.844203
58	169	1.0059
58	170	1.03339
58	171	1.00842
58	172	0.994047
58	174	0.980647
58	175	1.04466
58	178	1.01181
58	180	0.988089
59	3	0.890201
59	14	0.983287
59	22	0.962624
59	72	1.12858
59	88	1.02652
59	101	0.994315
59	116	1.01126
59	124	1.01364
59	125	1.0416
59	139	1.00634
59	143	1.0314
59	150	1.01958
59	159	1.00729
59	161	1.02431
59	163	1.37183
60	19	1.00376
60	69	0.982493
60	103	1.00736
60	132	1.01604
60	144	1.02023
60	145	1.02715
60	153	1.02836
60	155	0.801526
60	160	1.00424
60	162	1.02127
60	163	0.942442
60	166	1.00385
60	167	1.00386
60	174	1.46558
60	179	0.943919
61	18	1.07405
61	55	1.03365
61	91	0.998681
61	93	1.00497
61	94	0.996124
61	95	0.98153
61	120	0.965982
61	126	1.0141
61	127	0.967715
61	128	1.0045
61	134	0.962402
61	135	0.994406
61	147	1.16805
61	152	1.10946
61	173	1.17822
62	106	1.02041
62	159	1.02136
62	162	0.705866
62	164	0.993393
62	167	0.862776
62	168	0.994056
62	169	1.00131
62	171	1.00382
62	172	0.989455
62	174	0.976055
62	175	1.04007
62	177	1.01044
62	178	1.00722
62	179	0.977502
62	180	0.983497
63	16	1.01841
63	71	0.65296
63	80	0.951302
63	102	1.12935
63	114	0.78433
63	151	1.03985
63	154	1.03551
63	155	1.02539
63	171	0.991063
63	172	0.976694
63	174	0.963294
63	175	1.0273
63	176	1.03491
63	179	0.964741
63	180	0.970736
64	31	0.88716
64	136	1.06425
64	140	0.872154
64	147	1.02808
64	148	1.01032
64	149	0.954724
64	157	1.00959
64	159	1.00296
64	164	0.974994
64	169	0.982908
64	171	0.985425
64	174	0.957656
64	176	1.02928
64	178	0.988817
64	180	0.965098
65	12	0.972138
65	14	0.981925
65	16	1.05514
65	75	0.988784
65	78	0.968064
65	101	0.992953
65	125	1.04023
65	142	1.03199
65	147	0.826701
65	149	1.01301
65	150	1.01821
65	161	1.02294
65	163	1.43984
65	173	0.986827
65	177	0.983728
66	51	1.01596
66	75	1.05956
66	78	1.03884
66	91	1.09076
66	99	1.06551
66	100	1.0633
66	121	0.917992
66	139	1.07575
66	142	1.10277
66	149	1.08379
66	156	0.843213
66	158	0.84117
66	161	1.09372
66	172	1.2194
66	173	1.05761
66	177	1.05451
67	35	0.987626
67	88	0.923311
67	136	1.04221
67	144	1.0398
67	148	0.988266
67	151	1.01216
67	155	0.9977
67	157	0.987536
67	164	0.952944
67	168	0.953608
67	169	0.960859
67	170	0.988347
67	175	0.999617
67	176	1.00723
67	178	0.966768
67	180	0.943049
68	13	0.934152
68	52	0.844952
68	77	1.02655
68	98	0.964614
68	106	0.971881
68	132	0.993874
68	140	0.981053
68	145	1.00498
68	147	0.990724
68	148	1.10919
68	153	1.00619
68	157	1.25149
68	159	1.48902
68	162	0.999096
68	165	0.920428
68	166	0.98168
68	167	0.981691
69	29	0.932545
69	60	0.982493
69	77	1.0168
69	108	1.02539
69	109	0.958395
69	111	1.00129
69	123	0.964623
69	140	0.9713
69	145	0.995225
69	156	1.21898
69	162	0.989343
69	163	0.910518
69	164	1.42868
69	165	0.910674
69	166	0.971927
69	167	0.971938
69	173	1.20091
70	106	1.19999
70	119	1.01802
70	140	0.869722
70	145	0.939494
70	155	0.991903
70	156	0.990951
70	158	0.994991
70	164	0.947147
70	168	0.94781
70	169	0.955061
70	170	0.98255
70	172	0.943209
70	174	0.929809
70	175	0.99382
70	176	1.00143
70	177	0.964193
70	180	0.937251
71	27	1.09278
71	44	1.06449
71	63	0.65296
71	86	1.05808
71	89	0.986738
71	112	1.07024
71	113	1.05075
71	115	0.631569
71	118	1.03061
71	120	1.02172
71	126	1.06984
71	127	1.02346
71	128	1.06024
71	134	1.01814
71	135	1.05015
71	165	1.41085
71	179	1.17469
72	17	1.02886
72	47	1.01289
72	59	1.12858
72	86	1.07682
72	109	0.966271
72	147	0.988846
72	153	1.00431
72	154	0.990638
72	159	0.963726
72	162	0.997219
72	166	0.979803
72	167	0.979814
72	172	0.931825
72	174	0.918425
72	176	0.990044
72	178	0.949586
72	180	0.925867
73	57	0.943269
73	105	0.946737
73	114	0.935464
73	134	1.51025
73	139	0.905347
73	142	0.932366
73	143	0.930406
73	145	1.60577
73	147	0.920139
73	148	0.902377
73	150	0.918587
73	157	0.901647
73	172	0.863117
73	174	0.849717
73	175	0.913728
73	178	0.880878
73	180	0.857159
74	33	0.594229
74	97	1.08713
74	118	0.878365
74	135	0.752413
74	138	1.04119
74	146	1.08248
74	150	0.724277
74	152	1.0572
74	155	1.06263
74	169	1.02579
74	170	1.05328
74	172	1.01394
74	174	1.00054
74	175	1.06455
74	176	1.07216
74	178	1.0317
74	180	1.00798
75	23	1.01331
75	34	0.923993
75	51	0.905806
75	65	0.988784
75	66	1.05956
75	100	0.95314
75	115	1.17119
75	116	0.970519
75	124	0.972904
75	139	0.965596
75	141	1.39215
75	142	0.992616
75	150	0.978837
75	161	0.983566
75	173	0.94745
75	175	1.29533
75	177	0.944351
76	1	1.09637
76	2	0.867753
76	95	1.26278
76	138	0.97944
76	157	0.990722
76	158	1.00397
76	159	0.984094
76	165	0.938918
76	168	0.956794
76	169	0.964045
76	170	0.991533
76	171	0.966562
76	172	0.952193
76	174	0.938793
76	176	1.01041
76	177	0.973176
76	180	0.946235
77	25	2.41455
77	39	0.457449
77	41	0.996269
77	68	1.02655
77	69	1.0168
77	96	1.05008
77	132	1.05035
77	140	1.03753
77	152	1.03343
77	153	1.06266
77	160	1.03854
77	162	1.05557
77	163	0.976744
77	166	1.03815
77	167	1.03816
77	175	0.245893
77	179	0.978221
77	180	0.785231
78	3	0.828743
78	11	1.02665
78	37	1.3227
78	65	0.968064
78	66	1.03884
78	87	0.96845
78	100	0.932421
78	105	0.986267
78	110	0.986018
78	124	0.952185
78	125	0.980138
78	137	1.23961
78	143	0.969937
78	149	0.952912
78	152	1.33861
78	161	0.962847
78	173	0.926731
78	177	0.923631
79	36	1.01193
79	84	0.948123
79	123	0.953996
79	132	0.973494
79	133	1.11014
79	141	0.940608
79	144	0.977677
79	145	0.984599
79	152	0.956578
79	153	0.985811
79	160	0.961687
79	162	0.978716
79	163	0.899892
79	166	0.9613
79	167	0.961311
79	169	1.59137
79	173	1.33726
79	179	0.901369
80	21	1.54974
80	63	0.951302
80	136	0.965134
80	140	1.91415
80	154	0.930749
80	156	0.919678
80	164	0.875873
80	168	0.876537
80	169	0.883787
80	170	0.911276
80	171	0.886305
80	172	0.871935
80	174	0.858536
80	175	0.922546
80	176	0.930155
80	178	0.889697
80	179	0.859982
80	180	0.865978
81	33	1.57183
81	35	1.82817
81	46	0.882119
81	92	0.962567
81	104	0.996159
81	159	0.913008
81	165	0.867832
81	169	0.892958
81	170	0.920447
81	172	0.881106
81	174	0.867707
81	175	0.931717
81	176	0.939326
81	177	0.90209
81	178	0.898868
81	179	0.869154
81	180	0.875149
82	3	0.913935
82	32	1.07371
82	85	0.974565
82	87	1.05364
82	99	1.01983
82	101	1.01805
82	114	1.06019
82	116	1.03499
82	131	1.03047
82	139	1.03007
82	142	1.05709
82	150	1.04331
82	161	1.04804
82	165	1.41547
82	169	1.04171
82	173	1.01192
82	176	0.769298
82	177	1.00882
83	34	1.01182
83	122	1.01915
83	132	0.790645
83	138	1.02775
83	144	0.765795
83	148	1.03976
83	153	0.620546
83	154	1.05931
83	156	1.04824
83	158	1.05228
83	164	1.00444
83	171	1.01487
83	173	1.02458
83	174	0.987101
83	175	1.05111
83	176	1.05872
83	178	1.01826
83	180	0.994543
84	79	0.948123
84	89	1.29399
84	102	0.969515
84	109	0.966574
84	116	0.849114
84	118	1.00521
84	153	1.00462
84	159	0.964029
84	166	0.980106
84	167	0.980117
84	169	0.94398
84	171	0.946497
84	173	0.956211
84	176	0.990347
84	177	0.953112
84	178	0.949889
84	179	0.920175
84	180	0.92617
85	10	1.43273
85	39	0.949772
85	82	0.974565
85	104	1.04009
85	145	1.25706
85	154	0.98385
85	157	0.963566
85	159	0.956938
85	164	0.928975
85	168	0.929638
85	169	0.936889
85	171	0.939406
85	172	0.925037
85	174	0.911637
85	175	0.975647
85	176	0.983256
85	178	0.942798
85	179	0.913084
85	180	0.919079
86	15	0.816939
86	17	1.08833
86	27	1.05382
86	44	1.02554
86	71	1.05808
86	72	1.07682
86	89	0.947782
86	94	1.01291
86	95	0.998313
86	113	1.01179
86	118	0.991657
86	120	0.982766
86	126	1.03088
86	127	0.984498
86	128	1.02128
86	134	0.979185
86	135	1.01119
86	165	1.345
86	178	0.866368
87	22	0.961647
87	32	1.049
87	34	0.963755
87	53	1.27658
87	78	0.96845
87	82	1.05364
87	88	1.02555
87	105	1.04675
87	115	0.908754
87	117	1.01596
87	124	1.01267
87	142	1.03238
87	143	1.03042
87	149	1.01339
87	150	1.0186
87	161	1.02333
87	173	0.987213
87	175	1.0329
87	176	1.04186
88	57	1.0399
88	59	1.02652
88	67	0.923311
88	87	1.02555
88	98	0.990659
88	114	1.03209
88	116	1.0069
88	117	1.01258
88	138	1.11445
88	139	1.00198
88	142	1.029
88	143	1.02704
88	149	1.01001
88	150	1.01522
88	151	0.566077
88	161	1.01995
88	173	0.983829
88	177	0.98073
88	180	1.62156
89	6	0.899909
89	17	1.01699
89	18	1.0195
89	27	0.982482
89	44	0.954196
89	71	0.986738
89	84	1.29399
89	86	0.947782
89	94	0.941565
89	95	0.926972
89	113	0.940451
89	120	0.911424
89	126	0.959543
89	127	0.913156
89	128	0.949939
89	134	0.907843
89	135	0.939848
89	154	1.33042
89	176	1.47207
90	27	0.962413
90	114	1.17512
90	119	0.9874
90	122	0.931244
90	133	0.988737
90	139	1.37761
90	151	0.975748
90	154	0.971406
90	155	0.961286
90	156	0.960334
90	164	0.91653
90	169	0.924444
90	170	0.951933
90	171	0.926962
90	175	0.963203
90	176	0.970812
90	177	0.933576
90	178	0.930353
90	180	0.906635
91	22	0.953083
91	46	1.4588
91	61	0.998681
91	66	1.09076
91	95	0.994654
91	118	0.987998
91	119	0.732601
91	120	0.979106
91	127	0.980839
91	128	1.01762
91	134	0.975526
91	135	1.00753
91	142	1.02382
91	149	1.00483
91	150	1.01004
91	161	1.01476
91	164	1.14712
91	173	0.978649
91	177	0.97555
91	178	1.0686
92	32	0.842597
92	81	0.962567
92	122	0.997439
92	127	1.03029
92	139	0.889496
92	143	0.807444
92	154	1.0376
92	155	1.02748
92	158	1.03057
92	159	1.01069
92	164	0.982725
92	168	0.983389
92	170	1.01813
92	172	0.978787
92	173	1.00287
92	175	1.0294
92	177	0.999771
92	178	0.996548
92	179	0.966834
92	180	0.97283
93	2	1.08903
93	51	1.21951
93	61	1.00497
93	99	0.838322
93	113	1.01443
93	126	1.03352
93	127	0.987131
93	128	1.02391
93	129	1.01288
93	134	0.981818
93	135	1.01382
93	161	0.719488
93	162	0.767023
93	170	1.0002
93	171	0.975227
93	172	0.960858
93	174	0.947458
93	176	1.01908
93	178	0.978619
93	180	0.9549
94	2	1.08018
94	6	0.965035
94	44	1.01932
94	61	0.996124
94	86	1.01291
94	89	0.941565
94	95	0.992097
94	112	1.02507
94	113	1.00558
94	118	0.985441
94	120	0.976549
94	122	1.38873
94	126	1.02467
94	127	0.978282
94	128	1.01506
94	134	0.972969
94	135	1.00497
94	146	1.00956
94	157	1.08791
94	158	1.10304
95	2	1.06559
95	4	1.06398
95	17	1.06752
95	18	1.07003
95	61	0.98153
95	76	1.26278
95	86	0.998313
95	89	0.926972
95	91	0.994654
95	94	0.992097
95	113	0.990983
95	118	0.970847
95	120	0.961956
95	127	0.963688
95	128	1.00047
95	134	0.958375
95	135	0.990379
95	156	0.877667
95	165	1.48749
95	176	0.841311
96	26	0.964964
96	42	0.786342
96	45	1.03645
96	49	1.03389
96	77	1.05008
96	106	0.995411
96	109	0.991678
96	123	0.997906
96	144	1.02159
96	145	1.02851
96	153	1.02972
96	160	1.0056
96	163	0.943801
96	165	0.943958
96	166	1.00521
96	167	1.00522
96	171	1.28621
96	175	1.18557
96	176	1.19453
96	179	0.945279
97	49	0.906236
97	74	1.08713
97	102	1.05645
97	114	0.711431
97	137	1.02541
97	139	0.913921
97	155	1.01921
97	156	1.01826
97	159	1.00242
97	164	0.974452
97	168	0.975115
97	169	0.982366
97	171	0.984883
97	172	0.970514
97	173	0.994597
97	174	0.957114
97	175	1.02112
97	176	1.02873
97	177	0.991498
97	180	0.964556
98	8	1.06618
98	68	0.964614
98	88	0.990659
98	100	0.958013
98	108	1.02968
98	131	0.970866
98	142	0.997489
98	144	0.992595
98	145	0.999517
98	149	0.978504
98	150	0.98371
98	153	1.00073
98	160	0.976605
98	161	0.988439
98	166	0.976218
98	167	0.976229
98	168	1.20529
98	171	0.949417
98	172	1.27028
98	177	0.949224
98	180	1.38811
99	14	0.948499
99	32	1.01519
99	51	0.911757
99	57	1.00947
99	66	1.06551
99	82	1.01983
99	93	0.838322
99	101	0.959526
99	105	1.01294
99	110	1.01269
99	114	1.00166
99	117	0.982147
99	131	0.971943
99	139	0.971547
99	142	0.998567
99	150	0.984788
99	161	0.989517
99	170	1.17069
99	171	1.16071
99	177	0.950302
99	179	1.47905
100	1	1.03915
100	7	1.04559
100	31	1.00827
100	32	1.01298
100	66	1.0633
100	75	0.95314
100	78	0.932421
100	98	0.958013
100	101	0.957309
100	114	0.999447
100	117	0.97993
100	124	0.976638
100	131	0.969726
100	137	0.938152
100	141	1.17548
100	143	0.994389
100	149	0.977365
100	161	0.987299
100	170	1.18929
100	177	0.948084
100	179	1.49765
101	37	0.97664
101	57	1.00769
101	59	0.994315
101	65	0.992953
101	82	1.01805
101	99	0.959526
101	100	0.957309
101	105	1.01116
101	110	1.01091
101	114	0.999882
101	117	0.980366
101	125	1.00503
101	137	0.893553
101	139	0.969765
101	142	0.996785
101	149	0.9778
101	150	0.983006
101	161	0.987735
101	163	1.66428
101	171	1.13471
101	173	0.951619
102	13	0.935165
102	33	1.0389
102	40	1.02772
102	45	1.01393
102	63	1.12935
102	84	0.969515
102	97	1.05645
102	103	0.986203
102	132	0.994886
102	133	1.03225
102	137	0.989607
102	138	1.26433
102	140	0.982065
102	145	1.00599
102	152	0.97797
102	153	1.0072
102	160	0.983079
102	162	1.00011
102	166	0.982692
102	167	0.982703
102	179	0.922761
103	35	0.960192
103	60	1.00736
103	102	0.986203
103	106	0.986995
103	111	1.02616
103	123	0.98949
103	132	1.00899
103	137	1.00371
103	140	0.996167
103	153	1.02131
103	156	1.22346
103	157	1.20629
103	160	0.997181
103	162	1.01421
103	163	0.935386
103	165	0.935542
103	166	0.996794
103	167	0.996805
103	177	1.00804
103	178	1.35464
103	179	0.936863
104	15	1.03115
104	36	0.671154
104	45	0.666212
104	81	0.996159
104	85	1.04009
104	107	0.852249
104	109	1.19688
104	135	0.598709
104	141	1.03967
104	147	1.0694
104	152	1.05564
104	157	1.05091
104	158	1.06416
104	163	0.998949
104	168	1.01698
104	171	1.02675
104	173	1.03646
104	174	0.99898
104	175	1.06299
104	176	1.0706
104	178	1.03014
104	180	1.00642
105	1	1.093
105	5	0.648699
105	7	1.09944
105	31	1.06212
105	73	0.946737
105	78	0.986267
105	87	1.04675
105	99	1.01294
105	101	1.01116
105	110	1.06432
105	125	1.05844
105	130	0.946841
105	131	1.02357
105	139	1.02318
105	142	1.0502
105	143	1.04824
105	149	1.03121
105	155	0.874676
105	161	1.04115
105	169	1.37964
105	175	1.09827
105	177	1.00193
106	50	0.918194
106	62	1.02041
106	68	0.971881
106	70	1.19999
106	96	0.995411
106	103	0.986995
106	107	0.969803
106	108	1.03695
106	119	1.14382
106	123	0.97618
106	132	0.995678
106	140	0.982857
106	141	0.962793
106	144	0.999862
106	153	1.008
106	160	0.983871
106	162	1.0009
106	163	0.922076
106	166	0.983485
106	167	0.983495
106	175	1.30332
106	179	0.923553
107	36	1.03023
107	49	1.00828
107	50	0.914311
107	104	0.852249
107	106	0.969803
107	109	0.96607
107	111	1.00897
107	132	0.991796
107	141	0.958911
107	144	0.99598
107	145	1.0029
107	152	0.97488
107	153	1.00411
107	154	1.16924
107	156	1.34724
107	160	0.979989
107	162	0.997018
107	165	0.91835
107	166	0.979602
107	167	0.979613
107	178	1.47843
107	179	0.919671
108	10	1.01254
108	26	1.0065
108	50	0.981458
108	53	1.01207
108	69	1.02539
108	98	1.02968
108	106	1.03695
108	112	0.690438
108	122	1.09735
108	123	1.03944
108	129	0.996818
108	140	1.04612
108	141	1.02606
108	144	1.06313
108	145	1.07005
108	153	1.07126
108	160	1.04714
108	162	1.06416
108	163	0.98534
108	166	1.04675
108	167	1.04676
108	174	1.20884
109	29	0.94037
109	35	0.94315
109	55	1.10852
109	69	0.958395
109	72	0.966271
109	84	0.966574
109	96	0.991678
109	104	1.19688
109	107	0.96607
109	111	1.00912
109	123	0.972448
109	144	0.996129
109	147	0.988795
109	151	1.13041
109	153	1.00426
109	155	1.42296
109	160	0.980138
109	162	0.997168
109	163	0.918343
109	165	0.918499
109	166	0.979752
109	167	0.979763
109	179	0.919821
110	3	0.906793
110	20	0.998111
110	23	1.07064
110	78	0.986018
110	99	1.01269
110	101	1.01091
110	105	1.06432
110	114	1.05304
110	122	1.09673
110	124	1.03024
110	125	1.05819
110	129	0.996202
110	131	1.02332
110	139	1.02293
110	143	1.04799
110	149	1.03096
110	150	1.03617
110	158	0.811046
110	161	1.0409
110	165	1.42291
110	169	1.04914
110	173	1.00478
110	177	1.00168
111	21	1.0883
111	35	0.986049
111	36	1.07328
111	41	0.980768
111	52	0.885924
111	69	1.00129
111	103	1.02616
111	107	1.00897
111	109	1.00912
111	123	1.01535
111	133	0.926085
111	144	1.03903
111	147	1.03169
111	151	0.609799
111	152	1.01793
111	160	1.02304
111	162	1.04007
111	163	0.961243
111	166	1.02265
111	167	1.02266
111	168	1.48246
111	172	1.54745
111	177	0.955841
111	179	0.96272
112	13	1.26085
112	23	0.692792
112	71	1.07024
112	94	1.02507
112	108	0.690438
112	118	1.00382
112	120	0.994924
112	126	1.04304
112	127	0.996657
112	128	1.03344
112	134	0.991344
112	135	1.02335
112	140	0.895105
112	146	1.03892
112	153	0.975506
112	158	1.02217
112	164	0.974322
112	169	0.982236
112	170	1.00972
112	171	0.984753
112	175	1.02099
112	176	1.0286
112	178	0.988145
112	180	0.964426
113	4	1.07746
113	6	0.963921
113	18	1.08351
113	27	1.04649
113	38	1.16228
113	44	1.01821
113	55	1.0431
113	71	1.05075
113	86	1.01179
113	89	0.940451
113	93	1.01443
113	94	1.00558
113	95	0.990983
113	118	0.984327
113	120	0.975435
113	126	1.02355
113	127	0.977168
113	128	1.01395
113	134	0.971855
113	135	1.00386
113	155	0.869486
113	157	1.12123
113	173	1.12034
113	176	1.10204
114	12	0.979067
114	34	0.9703
114	63	0.78433
114	73	0.935464
114	82	1.06019
114	88	1.03209
114	90	1.17512
114	97	0.711431
114	99	1.00166
114	100	0.999447
114	101	0.999882
114	110	1.05304
114	116	1.01683
114	117	1.0225
114	125	1.04716
114	131	1.0123
114	139	1.0119
114	147	0.904161
114	149	1.01994
114	150	1.02514
114	161	1.02987
114	165	1.54222
114	173	0.993757
114	177	0.990658
115	5	1.11541
115	54	1.12303
115	71	0.631569
115	75	1.17119
115	87	0.908754
115	123	0.810754
115	138	1.00577
115	146	1.04706
115	151	1.04168
115	152	1.02178
115	156	1.02627
115	158	1.03031
115	164	0.982465
115	165	0.965253
115	168	0.983128
115	169	0.990379
115	170	1.01787
115	171	0.992896
115	172	0.978527
115	174	0.965127
115	175	1.02914
115	176	1.03675
115	178	0.996288
115	180	0.972569
116	7	1.06297
116	12	0.953873
116	20	0.961893
116	32	1.03035
116	59	1.01126
116	75	0.970519
116	82	1.03499
116	84	0.849114
116	88	1.0069
116	114	1.01683
116	124	0.994017
116	125	1.02197
116	131	0.987106
116	137	0.87772
116	139	0.986709
116	142	1.01373
116	143	1.01177
116	149	0.994744
116	150	0.99995
116	157	1.04638
116	159	1.28391
116	161	1.00468
116	173	0.968563
116	177	0.965464
116	180	1.55757
117	1	1.06221
117	20	0.96757
117	51	0.932596
117	57	1.03031
117	87	1.01596
117	88	1.01258
117	99	0.982147
117	100	0.97993
117	101	0.980366
117	114	1.0225
117	119	0.940581
117	125	1.02765
117	131	0.992783
117	136	0.979538
117	139	0.992387
117	142	1.01941
117	143	1.01745
117	149	1.00042
117	150	1.00563
117	152	1.05857
117	161	1.01036
117	170	1.2107
117	173	0.97424
117	177	0.971141
117	179	1.51906
118	2	1.05893
118	4	1.05733
118	6	0.943785
118	18	1.06337
118	24	1.04977
118	27	1.02636
118	44	0.998072
118	71	1.03061
118	74	0.878365
118	84	1.00521
118	86	0.991657
118	91	0.987998
118	94	0.985441
118	95	0.970847
118	112	1.00382
118	113	0.984327
118	120	0.955299
118	126	1.00342
118	127	0.957032
118	128	0.993814
118	134	0.951719
118	135	0.983723
118	137	1.03382
118	176	1.18329
118	178	1.35084
119	38	0.995275
119	70	1.01802
119	90	0.9874
119	91	0.732601
119	106	1.14382
119	117	0.940581
119	121	1.04253
119	129	1.02416
119	144	1.03921
119	145	0.88333
119	148	1.01139
119	154	1.03095
119	156	1.01988
119	157	1.01066
119	165	0.958861
119	168	0.976736
119	169	0.983987
119	170	1.01148
119	171	0.986504
119	172	0.972135
119	174	0.958735
119	175	1.02275
119	176	1.03035
119	178	0.989896
119	180	0.966177
120	4	1.04844
120	17	1.05197
120	18	1.05448
120	24	1.04088
120	27	1.01747
120	28	1.14862
120	55	1.01407
120	61	0.965982
120	71	1.02172
120	86	0.982766
120	89	0.911424
120	91	0.979106
120	94	0.976549
120	95	0.961956
120	112	0.994924
120	113	0.975435
120	118	0.955299
120	126	0.994527
120	127	0.94814
120	128	0.984922
120	129	1.25531
120	134	0.942827
120	135	0.974832
120	154	0.894193
120	158	1.07015
120	179	1.44586
121	27	0.794472
121	28	0.980635
121	32	1.16277
121	46	0.968732
121	66	0.917992
121	119	1.04253
121	125	0.844658
121	135	1.16848
121	138	0.994967
121	146	1.03626
121	148	1.00698
121	156	1.01546
121	157	1.00625
121	163	0.954289
121	164	0.971657
121	168	0.972321
121	169	0.979572
121	170	1.00706
121	172	0.96772
121	173	0.991803
121	174	0.95432
121	175	1.01833
121	176	1.02594
121	178	0.985481
121	179	0.955767
121	180	0.961762
122	83	1.01915
122	90	0.931244
122	92	0.997439
122	94	1.38873
122	108	1.09735
122	110	1.09673
122	141	0.943265
122	146	0.984516
122	148	0.955238
122	151	0.979135
122	156	0.963721
122	157	0.954508
122	163	0.902548
122	164	0.919917
122	165	0.902705
122	167	1.47464
122	168	0.92058
122	169	0.927831
122	170	0.95532
122	172	0.915979
122	174	0.902579
122	175	0.966589
122	176	0.974198
122	177	0.936963
122	178	0.93374
122	180	0.910021
123	8	1.07594
123	26	0.945733
123	47	1.01906
123	48	1.02183
123	54	1.03495
123	69	0.964623
123	79	0.953996
123	96	0.997906
123	103	0.98949
123	106	0.97618
123	108	1.03944
123	109	0.972448
123	111	1.01535
123	115	0.810754
123	132	0.998174
123	141	0.965288
123	144	1.00236
123	162	1.0034
123	163	0.924571
123	166	0.98598
123	167	0.98599
123	168	1.29141
123	172	1.3564
123	173	0.96215
123	174	1.37535
123	179	0.926048
124	3	0.87296
124	11	1.07086
124	12	0.956258
124	23	1.03681
124	51	0.929304
124	57	1.02702
124	59	1.01364
124	75	0.972904
124	78	0.952185
124	87	1.01267
124	100	0.976638
124	110	1.03024
124	116	0.994017
124	129	1.25731
124	131	0.98949
124	136	0.908335
124	139	0.989094
124	142	1.01611
124	143	1.01415
124	149	0.997129
124	156	1.07419
124	159	1.29455
124	161	1.00706
124	173	0.970948
124	177	0.967849
124	179	1.44785
125	22	0.973335
125	23	1.06476
125	31	1.05599
125	32	1.06069
125	56	0.612822
125	59	1.0416
125	65	1.04023
125	78	0.980138
125	101	1.00503
125	105	1.05844
125	110	1.05819
125	114	1.04716
125	116	1.02197
125	117	1.02765
125	121	0.844658
125	131	1.01744
125	139	1.01705
125	143	1.04211
125	149	1.02508
125	150	1.03029
125	161	1.03502
125	165	1.3797
125	169	1.00593
125	173	0.998901
125	177	0.995801
125	178	0.901068
125	180	1.2639
126	6	0.983012
126	17	1.10009
126	18	1.1026
126	24	1.089
126	27	1.06558
126	37	0.980296
126	44	1.0373
126	61	1.0141
126	71	1.06984
126	86	1.03088
126	89	0.959543
126	93	1.03352
126	94	1.02467
126	112	1.04304
126	113	1.02355
126	118	1.00342
126	120	0.994527
126	127	0.996259
126	128	1.03304
126	133	0.741551
126	134	0.990946
126	135	1.02295
126	141	1.03822
126	152	0.899896
126	159	1.20708
126	170	1.05203
126	172	1.36291
127	2	1.05177
127	4	1.05017
127	6	0.936626
127	17	1.05371
127	37	0.93391
127	44	0.990913
127	61	0.967715
127	71	1.02346
127	86	0.984498
127	89	0.913156
127	91	0.980839
127	92	1.03029
127	93	0.987131
127	94	0.978282
127	95	0.963688
127	112	0.996657
127	113	0.977168
127	118	0.957032
127	120	0.94814
127	126	0.996259
127	128	0.986655
127	134	0.94456
127	135	0.976564
127	173	1.25762
127	176	1.23933
127	177	1.06026
127	178	1.40687
128	2	1.08856
128	4	1.08695
128	6	0.973408
128	17	1.09049
128	27	1.05598
128	37	0.970692
128	43	2.63487
128	61	1.0045
128	71	1.06024
128	86	1.02128
128	89	0.949939
128	91	1.01762
128	93	1.02391
128	94	1.01506
128	95	1.00047
128	112	1.03344
128	113	1.01395
128	118	0.993814
128	120	0.984922
128	126	1.03304
128	127	0.986655
128	134	0.981342
128	135	1.01335
128	147	0.55638
128	168	0.895815
128	170	0.64992
128	176	0.548262
128	180	1.07864
129	1	0.894366
129	93	1.01288
129	108	0.996818
129	110	0.996202
129	119	1.02416
129	120	1.25531
129	124	1.25731
129	133	1.0255
129	146	1.01789
129	154	1.00817
129	155	0.998048
129	156	0.997096
129	158	1.00114
129	159	0.981255
129	164	0.953292
129	168	0.953955
129	169	0.961206
129	170	0.988695
129	171	0.963723
129	172	0.949354
129	174	0.935954
129	175	0.999965
129	176	1.00757
129	177	0.970338
129	178	0.967115
129	179	0.937401
129	180	0.943396
130	21	0.457214
130	28	1.00019
130	40	1.0168
130	45	0.964452
130	46	0.988282
130	56	1.08313
130	105	0.946841
130	138	1.01452
130	139	0.938138
130	146	1.05581
130	154	1.04608
130	155	1.03596
130	156	1.03501
130	157	1.0258
130	158	1.03905
130	164	0.991208
130	166	0.99907
130	168	0.991871
130	169	0.999122
130	170	1.02661
130	171	1.00164
130	173	1.01135
130	174	0.97387
130	175	1.03788
130	176	1.04549
130	177	1.00825
130	178	1.00503
130	180	0.981312
131	1	1.05201
131	9	0.714124
131	11	1.06395
131	31	1.02112
131	34	0.940579
131	56	1.09194
131	57	1.0201
131	82	1.03047
131	98	0.970866
131	99	0.971943
131	100	0.969726
131	105	1.02357
131	110	1.02332
131	114	1.0123
131	116	0.987106
131	117	0.992783
131	124	0.98949
131	125	1.01744
131	139	0.982182
131	141	1.3005
131	142	1.0092
131	143	1.00724
131	149	0.990217
131	150	0.995423
131	151	0.687539
131	152	1.16217
131	161	1.00015
131	173	0.964036
131	177	0.960937
131	179	1.62266
132	21	1.07113
132	30	0.831217
132	45	1.03672
132	50	0.940187
132	55	0.685516
132	60	1.01604
132	68	0.993874
132	77	1.05035
132	79	0.973494
132	83	0.790645
132	102	0.994886
132	103	1.00899
132	106	0.995678
132	107	0.991796
132	123	0.998174
132	137	1.01239
132	140	1.00485
132	141	0.984786
132	144	1.02185
132	145	1.02878
132	160	1.00586
132	162	1.02289
132	163	0.944069
132	165	0.944225
132	166	1.00548
132	167	1.00549
132	168	1.58007
132	169	1.50492
132	177	1.05345
132	179	0.945547
133	28	0.986388
133	54	1.04731
133	79	1.11014
133	90	0.988737
133	102	1.03225
133	111	0.926085
133	126	0.741551
133	129	1.0255
133	138	1.00072
133	148	1.01273
133	154	1.03229
133	155	1.02217
133	156	1.02121
133	157	1.012
133	158	1.02525
133	159	1.00537
133	160	0.998887
133	164	0.97741
133	169	0.985324
133	170	1.01281
133	171	0.987842
133	172	0.973472
133	173	0.997556
133	174	0.960073
133	175	1.02408
133	176	1.03169
133	177	0.994456
133	178	0.991233
133	179	0.961519
133	180	0.967515
134	2	1.04646
134	4	1.04486
134	6	0.931313
134	17	1.04839
134	18	1.0509
134	24	1.0373
134	27	1.01388
134	37	0.928597
134	44	0.9856
134	55	1.01049
134	61	0.962402
134	71	1.01814
134	73	1.51025
134	86	0.979185
134	89	0.907843
134	91	0.975526
134	93	0.981818
134	94	0.972969
134	95	0.958375
134	112	0.991344
134	113	0.971855
134	118	0.951719
134	120	0.942827
134	126	0.990946
134	127	0.94456
134	128	0.981342
134	135	0.971251
134	138	0.979541
134	147	0.964391
134	157	0.975459
134	169	1.22868
134	180	1.48665
135	2	1.07847
135	4	1.07686
135	6	0.963317
135	17	1.0804
135	18	1.0829
135	24	1.0693
135	27	1.04589
135	37	0.960601
135	44	1.0176
135	55	1.0425
135	61	0.994406
135	71	1.05015
135	74	0.752413
135	86	1.01119
135	89	0.939848
135	91	1.00753
135	93	1.01382
135	94	1.00497
135	95	0.990379
135	104	0.598709
135	112	1.02335
135	113	1.00386
135	118	0.983723
135	120	0.974832
135	121	1.16848
135	126	1.02295
135	127	0.976564
135	128	1.01335
135	134	0.971251
135	147	1.06546
135	163	1.6786
135	173	1.07563
135	177	0.878279
136	4	0.788488
136	11	0.6852
136	15	1.00929
136	64	1.06425
136	67	1.04221
136	80	0.965134
136	117	0.979538
136	124	0.908335
136	137	1.04542
136	140	0.852515
136	148	1.02979
136	151	1.05368
136	152	1.03378
136	153	0.932917
136	156	1.03827
136	157	1.02906
136	158	1.04231
136	163	0.977096
136	165	0.977252
136	167	1.02515
136	168	0.995127
136	169	1.00238
136	170	1.02987
136	171	1.0049
136	172	0.990526
136	173	1.01461
136	174	0.977126
136	175	1.04114
136	176	1.04875
136	177	1.01151
136	178	1.00829
136	179	0.978573
136	180	0.984568
137	48	1.03605
137	54	1.04917
137	56	1.04808
137	78	1.23961
137	97	1.02541
137	100	0.938152
137	101	0.893553
137	102	0.989607
137	103	1.00371
137	116	0.87772
137	118	1.03382
137	132	1.01239
137	136	1.04542
137	144	1.01658
137	145	1.0235
137	146	1.02076
137	148	0.99148
137	149	0.91511
137	151	1.01538
137	152	0.995477
137	153	1.02471
137	160	1.00059
137	161	0.800727
137	162	1.01761
137	164	0.956158
137	165	0.938946
137	166	1.0002
137	167	1.00021
137	171	0.96659
137	172	0.952221
137	174	0.938821
137	175	1.00283
137	176	1.01044
137	178	0.969982
137	180	0.946263
138	74	1.04119
138	76	0.97944
138	83	1.02775
138	88	1.11445
138	102	1.26433
138	115	1.00577
138	121	0.994967
138	130	1.01452
138	133	1.00072
138	134	0.979541
138	142	0.912847
138	146	0.993112
138	147	0.981596
138	148	0.963834
138	150	1.05247
138	151	0.987731
138	152	0.967831
138	157	0.963104
138	158	0.976357
138	159	0.956476
138	160	1.23097
138	163	0.911144
138	168	0.929176
138	169	0.936427
138	170	0.963916
138	171	0.938944
138	172	0.924575
138	173	0.948658
138	174	0.911175
138	175	0.975185
138	176	0.982794
138	177	0.945558
138	178	0.942336
138	179	0.912622
138	180	0.918617
139	1	1.05161
139	11	1.06356
139	12	0.94895
139	14	0.958738
139	20	0.95697
139	34	0.940183
139	38	1.15877
139	59	1.00634
139	66	1.07575
139	73	0.905347
139	75	0.965596
139	82	1.03007
139	88	1.00198
139	90	1.37761
139	92	0.889496
139	97	0.913921
139	99	0.971547
139	101	0.969765
139	105	1.02318
139	110	1.02293
139	114	1.0119
139	116	0.986709
139	117	0.992387
139	124	0.989094
139	125	1.01705
139	130	0.938138
139	131	0.982182
139	142	1.00881
139	143	1.00685
139	149	0.989821
139	150	0.995027
139	158	1.13285
139	161	0.999756
139	173	0.96364
139	175	1.08957
139	177	0.960541
140	21	1.05831
140	29	0.953275
140	33	1.04886
140	35	0.956055
140	36	1.04329
140	41	0.950773
140	45	1.0239
140	48	1.02851
140	49	1.02133
140	50	0.927366
140	64	0.872154
140	68	0.981053
140	69	0.9713
140	70	0.869722
140	77	1.03753
140	80	1.91415
140	102	0.982065
140	103	0.996167
140	106	0.982857
140	108	1.04612
140	112	0.895105
140	132	1.00485
140	136	0.852515
140	141	0.971965
140	144	1.00903
140	145	1.01596
140	147	1.0017
140	157	1.0012
140	160	0.993043
140	162	1.01007
140	163	0.931248
140	165	0.931404
140	166	0.992657
140	167	0.992668
140	170	1.08367
140	179	0.932726
141	53	0.947707
141	57	1.0281
141	75	1.39215
141	79	0.940608
141	100	1.17548
141	104	1.03967
141	106	0.962793
141	107	0.958911
141	108	1.02606
141	122	0.943265
141	123	0.965288
141	126	1.03822
141	131	1.3005
141	132	0.984786
141	140	0.971965
141	145	0.99589
