1	37	0.618045
1	42	0.52373
1	116	0.627806
1	135	1.15969
1	140	1.21858
1	146	0.627855
1	151	1.19889
1	168	1.21209
1	176	1.22468
1	178	1.19766
1	179	1.19537
1	180	1.19304
2	71	0.639439
2	75	0.665596
2	83	1.2372
2	102	1.204
2	108	1.18527
2	112	1.16193
2	162	1.18561
2	166	1.20276
2	167	0.5426
2	170	1.21158
2	172	1.21163
2	175	0.560562
3	84	0.569489
3	92	0.628396
3	133	1.18358
3	134	1.22639
3	146	0.579049
3	161	1.18029
3	165	0.619038
3	169	1.19154
3	176	1.22654
3	178	1.19952
3	179	1.19724
3	180	1.19491
4	37	0.599777
4	85	1.14996
4	99	1.22768
4	114	1.21603
4	116	0.609538
4	141	1.20269
4	161	1.18821
4	172	0.589285
4	173	0.59822
4	178	1.20744
4	179	1.20516
4	180	1.20283
5	23	0.719987
5	62	1.2123
5	76	0.594073
5	80	1.16752
5	100	1.1979
5	116	1.21067
5	149	1.22517
5	165	1.18251
5	173	1.20628
5	174	1.19762
5	179	0.551135
5	180	0.538246
6	18	0.72406
6	76	1.1636
6	100	0.58394
6	118	1.21272
6	130	0.540204
6	134	1.22154
6	143	1.23833
6	169	1.1867
6	172	0.549289
6	178	1.19467
6	179	1.19239
6	180	1.19006
7	8	0.720759
7	26	1.07812
7	43	0.826303
7	125	1.03971
7	133	1.05625
7	134	1.09906
7	138	0.845581
7	161	1.05296
7	169	1.06422
7	178	1.07219
7	179	1.06991
7	180	1.06758
8	7	0.720759
8	49	1.22947
8	55	0.565035
8	69	1.16417
8	96	1.20384
8	101	1.17881
8	104	1.17881
8	168	1.19391
8	174	0.572296
8	175	0.547027
8	176	1.20649
8	177	1.24451
9	41	0.599101
9	122	0.585959
9	124	0.630762
9	142	1.19823
9	146	1.20306
9	158	1.22549
9	159	1.18795
9	165	1.18399
9	171	1.1944
9	173	1.20776
9	174	1.1991
9	179	0.577639
10	23	1.02379
10	25	1.00827
10	66	0.812121
10	109	0.789401
10	132	1.06888
10	145	1.09311
10	161	1.06878
10	169	1.08004
10	171	0.797079
10	178	1.08801
10	179	1.08573
10	180	1.0834
11	54	1.12281
11	72	1.1655
11	74	1.16587
11	79	1.24322
11	84	1.20324
11	88	0.599439
11	105	1.24626
11	167	0.584248
11	170	1.19888
11	175	0.60221
11	177	1.25421
11	178	0.628095
12	116	0.599879
12	125	1.17423
12	130	0.570541
12	145	1.21181
12	154	1.18085
12	165	0.639917
12	168	1.22115
12	169	1.19874
12	170	0.588459
12	178	1.20671
12	179	1.20443
12	180	1.2021
13	26	1.21314
13	118	1.22526
13	124	1.17451
13	136	0.566943
13	138	0.634233
13	154	1.18135
13	159	0.603894
13	169	1.19924
13	174	0.592553
13	175	1.19896
13	179	1.20493
13	180	1.2026
14	103	1.20543
14	125	0.640255
14	138	1.17956
14	141	0.619842
14	153	1.22248
14	157	1.19605
14	158	0.547129
14	160	1.19187
14	163	1.20501
14	164	1.20501
14	175	1.19461
14	180	0.59476
15	33	1.26867
15	102	1.39939
15	107	1.37994
15	108	1.38067
15	112	1.35732
15	118	0.547787
15	140	0.48755
15	170	1.40697
15	172	1.40702
15	176	0.474428
15	177	0.40562
15	178	0.486613
16	40	1.21094
16	45	0.517828
16	60	0.633999
16	95	1.22313
16	98	1.14957
16	146	1.19819
16	149	1.22178
16	155	1.21261
16	157	0.616927
16	168	0.625402
16	171	1.18953
16	174	1.19423
17	105	1.1096
17	130	0.785766
17	147	0.842024
17	148	0.768992
17	170	1.06222
17	172	1.06227
17	173	1.05319
17	174	1.04453
17	177	1.11755
17	178	1.05252
17	179	1.05023
17	180	1.0479
18	6	0.72406
18	19	0.916216
18	99	0.760708
18	126	1.05149
18	146	1.06636
18	150	1.0431
18	156	1.0612
18	159	1.05125
18	171	1.0577
18	173	1.07106
18	174	1.0624
18	177	1.13543
19	18	0.916216
19	82	0.702082
19	122	1.05995
19	144	1.07804
19	147	1.05769
19	153	1.08737
19	154	0.781505
19	157	1.06093
19	160	1.05675
19	163	1.06989
19	164	1.06989
19	175	1.05949
20	61	1.09799
20	72	1.16905
20	74	1.16942
20	79	1.24677
20	84	1.20679
20	105	1.2498
20	113	0.560981
20	125	0.673559
20	170	1.20242
20	175	0.578135
20	176	0.591835
20	177	1.25775
21	34	1.21029
21	65	0.582174
21	137	1.23963
21	147	0.616549
21	150	1.17749
21	165	1.18169
21	169	0.597935
21	171	1.1921
21	173	1.20546
21	174	1.1968
21	175	1.19653
21	180	0.605603
22	78	1.16471
22	100	0.625794
22	115	1.22422
22	124	1.17645
22	132	1.19003
22	139	1.22397
22	158	0.579739
22	172	0.591143
22	174	0.60271
22	178	1.20916
22	179	1.20688
22	180	1.20455
23	5	0.719987
23	10	1.02379
23	85	1.0227
23	117	0.806507
23	118	1.09823
23	141	1.07543
23	145	1.08528
23	159	0.873179
23	161	1.06095
23	178	1.08018
23	179	1.0779
23	180	1.07556
24	61	0.732355
24	98	1.16382
24	100	1.20876
24	118	0.59294
24	156	1.20729
24	159	1.19733
24	165	1.19338
24	171	1.20378
24	173	1.21715
24	174	1.20849
24	176	0.519581
24	180	0.55581
25	10	1.00827
25	53	1.13378
25	63	1.08603
25	90	0.82004
25	118	1.08271
25	146	0.811812
25	153	0.766162
25	161	1.04543
25	169	1.05669
25	178	1.06466
25	179	1.06238
25	180	1.06005
26	7	1.07812
26	13	1.21314
26	32	0.593008
26	81	1.18835
26	83	0.648722
26	143	1.19399
26	147	0.671479
26	150	0.680114
26	161	1.1311
26	166	1.15122
26	178	1.15033
26	179	1.14805
26	180	1.14572
27	35	0.637639
27	44	0.637352
27	105	1.19717
27	107	0.656813
27	122	0.659584
27	136	1.16647
27	170	1.14978
27	171	1.12739
27	173	1.14075
27	177	1.20512
27	178	1.14008
27	179	1.1378
27	180	1.13546
28	56	0.558234
28	74	0.679383
28	75	0.719907
28	114	1.16651
28	124	1.12521
28	133	1.14198
28	143	1.20158
28	151	1.15915
28	161	1.13869
28	171	0.639396
28	178	1.15792
28	179	1.15564
28	180	1.15331
29	122	1.14484
29	144	1.16294
29	145	0.672172
29	147	1.14259
29	148	1.18175
29	153	1.17227
29	159	0.677212
29	160	1.14165
29	163	1.15479
29	164	1.15479
29	171	0.665126
29	175	1.14439
29	177	0.585495
30	51	0.789055
30	93	1.02074
30	98	0.92584
30	106	1.02463
30	138	1.01656
30	147	1.02981
30	148	1.06897
30	151	0.884641
30	153	1.05949
30	160	1.02887
30	163	1.04201
30	164	1.04201
30	176	1.06689
31	49	0.586333
31	83	0.649727
31	104	0.659394
31	108	0.688991
31	160	1.15018
31	161	1.14195
31	163	1.16332
31	164	1.16332
31	171	1.14848
31	173	1.16185
31	174	1.15319
31	178	1.16118
31	180	1.15656
32	26	0.593008
32	75	0.692337
32	91	0.664413
32	123	1.14262
32	144	1.16303
32	147	1.14269
32	148	1.18185
32	153	1.17236
32	157	1.14593
32	160	1.14175
32	163	1.15488
32	164	1.15488
32	179	0.650121
33	15	1.26867
33	48	1.02093
33	83	1.05114
33	88	0.896905
33	97	0.817298
33	102	1.01793
33	107	0.998476
33	108	0.999205
33	112	0.975857
33	166	1.01669
33	170	1.02551
33	172	1.02556
33	175	0.899676
34	21	1.21029
34	47	0.717929
34	73	0.637894
34	116	1.15496
34	128	1.16336
34	152	1.15932
34	153	0.609113
34	156	1.14072
34	171	1.13721
34	173	1.15058
34	174	1.14192
34	175	1.14165
34	176	0.634459
35	27	0.637639
35	43	1.13717
35	83	1.19523
35	102	1.16202
35	107	1.14257
35	108	1.1433
35	112	1.11995
35	152	1.16931
35	166	1.16078
35	167	0.636129
35	172	1.16965
35	174	0.67936
35	175	0.654091
36	58	1.1958
36	65	1.17041
36	95	0.615596
36	98	0.667347
36	100	0.667046
36	143	1.18925
36	145	1.15069
36	146	0.652697
36	161	1.12636
36	169	1.13761
36	178	1.14559
36	179	1.14331
36	180	1.14098
37	1	0.618045
37	4	0.599777
37	57	0.741638
37	92	1.12858
37	131	1.20115
37	142	1.13611
37	158	1.16337
37	166	1.14586
37	171	1.13228
37	173	1.14564
37	174	1.13698
37	176	0.642794
37	177	1.21001
38	46	0.894027
38	48	1.05044
38	102	1.04743
38	107	1.02798
38	108	1.02871
38	112	1.00536
38	137	0.826954
38	152	1.05472
38	162	1.02904
38	166	1.04619
38	170	1.05501
38	172	1.05506
38	175	0.884557
39	54	1.0901
39	61	1.06173
39	72	1.13278
39	74	1.13316
39	79	1.21051
39	84	1.17052
39	105	1.21354
39	165	0.699561
39	167	0.607606
39	170	1.16616
39	175	0.625568
39	177	1.22149
39	180	0.675497
40	16	1.21094
40	100	1.14541
40	134	0.611948
40	135	0.724626
40	142	1.14426
40	143	0.616241
40	145	0.650657
40	152	1.16253
40	155	1.16351
40	159	1.13398
40	171	1.14043
40	173	1.15379
40	174	1.14513
41	9	0.599101
41	57	0.801723
41	60	1.13467
41	69	1.10096
41	70	1.00693
41	73	1.13033
41	88	0.686408
41	96	1.14063
41	101	1.1156
41	104	1.1156
41	166	0.722499
41	168	1.1307
41	176	1.14328
41	177	1.1813
42	1	0.52373
42	81	0.563695
42	103	0.590572
42	113	1.27342
42	117	1.25699
42	150	1.21659
42	155	1.25428
42	158	1.26229
42	159	1.22474
42	163	0.574452
42	171	1.2312
42	173	1.24456
42	174	1.2359
42	176	0.548478
43	7	0.826303
43	35	1.13717
43	83	1.15701
43	102	1.12381
43	107	1.10435
43	108	1.10508
43	112	1.08173
43	151	0.660025
43	155	0.665568
43	162	1.10541
43	166	1.12257
43	170	1.13139
43	172	1.13143
43	175	0.652571
44	27	0.637352
44	86	0.794557
44	89	0.693128
44	111	1.14446
44	129	1.12769
44	138	1.09245
44	147	1.1057
44	148	1.14486
44	153	1.13537
44	157	1.10893
44	160	1.10476
44	163	1.11789
44	164	1.11789
44	171	0.678327
45	16	0.517828
45	66	0.563044
45	94	0.654735
45	125	1.22046
45	139	1.26775
45	149	0.515106
45	151	1.25416
45	154	1.22707
45	161	1.23371
45	169	1.24496
45	170	0.546014
45	178	1.25294
45	179	1.25065
45	180	1.24832
46	38	0.894027
46	76	1.08125
46	99	1.13256
46	110	1.14407
46	118	1.13037
46	129	0.638778
46	134	1.13919
46	143	1.15599
46	154	1.08646
46	172	0.628072
46	173	0.637006
46	178	1.11233
46	179	1.11004
46	180	1.10771
47	34	0.717929
47	94	1.08052
47	131	0.652145
47	136	0.701729
47	138	1.10203
47	147	1.11528
47	153	1.14495
47	157	1.11851
47	160	1.11434
47	163	1.12747
47	164	1.12747
47	171	0.726593
47	175	1.11707
47	176	1.15235
48	33	1.02093
48	38	1.05044
48	102	1.15166
48	107	1.13221
48	108	1.13294
48	112	1.10959
48	162	1.13327
48	166	1.15042
48	167	0.675876
48	170	1.15924
48	172	1.15929
48	174	0.719106
48	175	0.693838
48	178	0.719723
49	8	1.22947
49	31	0.586333
49	60	1.21283
49	68	1.17662
49	70	1.08508
49	96	1.21878
49	101	1.19375
49	104	1.19375
49	155	0.59262
49	162	0.663731
49	167	0.561661
49	168	1.20885
49	170	0.602158
49	176	1.22144
49	177	1.25945
50	78	0.64694
50	128	1.21221
50	133	0.61411
50	143	0.549533
50	150	1.17147
50	155	1.20915
50	159	1.17962
50	165	1.17566
50	167	1.22074
50	168	0.578534
50	171	1.18607
50	174	1.19077
50	175	1.19051
50	177	1.2638
50	179	0.615198
51	30	0.789055
51	55	0.534776
51	89	0.556091
51	121	1.18605
51	137	1.23209
51	150	1.16995
51	156	1.18806
51	158	1.21565
51	165	1.17415
51	169	0.559028
51	171	1.18456
51	173	1.19792
51	174	1.18926
51	177	1.26228
51	180	0.566697
52	54	0.816497
52	65	1.12228
52	107	1.08014
52	108	1.08087
52	112	1.05752
52	123	0.748204
52	128	1.11092
52	148	0.689979
52	161	1.07823
52	164	0.73792
52	165	1.07437
52	172	1.10722
52	173	1.09814
52	178	1.09747
52	180	1.09285
53	25	1.13378
53	55	1.26371
53	68	0.62413
53	107	1.1962
53	112	1.17358
53	116	1.21858
53	135	1.17556
53	138	0.623331
53	148	0.544225
53	160	0.603385
53	163	0.596056
53	171	1.20084
53	172	1.22328
53	174	1.20554
53	180	1.20891
54	11	1.12281
54	39	1.0901
54	52	0.816497
54	61	0.983319
54	72	1.05438
54	74	1.05475
54	79	1.1321
54	84	1.09212
54	105	1.13513
54	136	1.10444
54	152	0.737877
54	170	1.08775
54	175	0.719261
54	176	0.732961
54	177	1.14308
55	8	0.565035
55	51	0.534776
55	53	1.26371
55	87	1.21247
55	135	1.15662
55	149	0.614534
55	151	1.19581
55	169	1.18661
55	171	0.64743
55	172	0.636609
55	175	1.18633
55	176	1.22161
55	178	1.19459
55	179	1.1923
55	180	1.18997
56	28	0.558234
56	126	0.608914
56	129	1.20622
56	141	0.623271
56	144	1.20458
56	147	1.18423
56	148	1.22339
56	153	1.21391
56	157	1.18747
56	160	1.18329
56	162	0.632368
56	163	1.19643
56	164	1.19643
56	166	0.581581
56	172	1.20404
57	37	0.741638
57	41	0.801723
57	85	1.04843
57	120	0.715553
57	133	1.08997
57	135	1.06794
57	145	1.11101
57	151	1.10714
57	154	1.08005
57	161	1.08668
57	169	1.09794
57	173	0.74008
57	178	1.10591
57	179	1.10363
57	180	1.1013
58	36	1.1958
58	103	0.624276
58	119	1.2032
58	139	1.20943
58	140	1.21554
58	150	0.637991
58	151	1.19585
58	155	0.581478
58	165	0.642474
58	167	1.21659
58	169	1.18664
58	177	0.513374
58	178	1.19462
58	179	1.19233
58	180	1.19
59	81	0.621696
59	92	1.15
59	121	1.15518
59	124	0.708719
59	129	0.617186
59	137	1.20123
59	143	0.58993
59	146	1.16235
59	155	1.17677
59	158	1.18478
59	159	1.14724
59	161	0.665427
59	165	1.14329
59	171	1.15369
59	173	1.16706
59	174	1.15839
60	16	0.633999
60	41	1.13467
60	49	1.21283
60	68	1.14503
60	69	1.14752
60	70	1.05349
60	96	1.18719
60	97	0.557273
60	101	1.16216
60	104	1.16216
60	152	0.658267
60	162	0.723759
60	168	1.17726
60	175	0.639651
60	176	1.18984
60	177	1.22786
61	20	1.09799
61	24	0.732355
61	39	1.06173
61	54	0.983319
61	72	1.026
61	74	1.02638
61	79	1.10373
61	84	1.06374
61	97	1.08015
61	105	1.10676
61	110	0.803047
61	136	1.07607
61	142	0.836398
61	170	1.05938
61	175	0.831374
61	177	1.11471
62	5	1.2123
62	81	0.602323
62	85	0.744942
62	101	1.15044
62	104	1.15044
62	119	0.624356
62	130	1.16443
62	160	1.14011
62	163	1.15324
62	164	1.15324
62	171	1.13841
62	174	1.14311
62	176	1.17812
62	177	1.21614
62	178	0.599291
62	179	0.636223
63	25	1.08603
63	89	1.17399
63	92	0.704305
63	123	0.667021
63	127	1.18873
63	134	1.19264
63	139	1.18058
63	140	1.18669
63	141	1.16102
63	154	1.13991
63	158	0.623252
63	172	0.634656
63	177	0.565846
63	178	1.16577
63	179	1.16349
63	180	1.16115
64	74	0.671047
64	90	0.648769
64	122	1.15233
64	138	1.13683
64	144	1.17042
64	148	1.18924
64	153	1.17975
64	157	1.15331
64	160	1.14914
64	162	0.690645
64	163	1.16227
64	164	1.16227
64	166	0.639858
64	168	1.17456
64	172	1.16988
64	177	0.551429
65	21	0.582174
65	36	1.17041
65	52	1.12228
65	89	1.17745
65	112	0.727384
65	145	1.17432
65	151	1.17045
65	162	1.15296
65	166	1.17011
65	169	1.16125
65	173	0.654036
65	174	0.656669
65	177	0.576292
65	178	1.16923
65	179	1.16694
65	180	1.16461
66	10	0.812121
66	45	0.563044
66	92	1.1166
66	125	0.73989
66	137	1.16783
66	144	0.62665
66	146	1.12895
66	149	1.15254
66	152	1.14239
66	155	1.14338
66	162	1.11672
66	165	1.10989
66	171	1.12029
66	172	1.14274
66	173	1.13366
66	174	1.12499
66	176	0.658165
67	79	1.17399
67	96	0.649846
67	105	1.17702
67	107	0.721
67	120	0.650744
67	140	1.14086
67	157	0.670313
67	159	1.10079
67	160	0.699637
67	170	1.12964
67	171	1.10725
67	173	1.12061
67	174	1.11195
67	177	1.18497
67	178	1.11994
67	179	1.11765
67	180	1.11532
68	49	1.17662
68	53	0.62413
68	60	1.14503
68	69	1.11131
68	70	1.01728
68	81	0.701565
68	96	1.15099
68	101	1.12596
68	104	1.12596
68	132	1.10748
68	136	1.15301
68	166	0.705968
68	167	0.654686
68	168	1.14105
68	176	1.15364
68	177	1.19165
68	180	0.722577
69	8	1.16417
69	41	1.10096
69	60	1.14752
69	68	1.11131
69	70	1.01977
69	96	1.15348
69	98	0.72383
69	101	1.12844
69	104	1.12845
69	117	0.645114
69	127	1.15207
69	166	0.708497
69	167	0.657215
69	168	1.14354
69	175	0.675177
69	176	1.15613
69	177	1.19414
70	41	1.00693
70	49	1.08508
70	60	1.05349
70	68	1.01728
70	69	1.01977
70	96	1.05945
70	101	1.03441
70	104	1.03442
70	132	1.01594
70	136	1.06146
70	144	0.836481
70	167	0.836334
70	168	1.04951
70	175	0.854296
70	176	1.0621
70	177	1.10011
70	178	0.880181
71	2	0.639439
71	89	1.14129
71	110	1.16481
71	119	1.14165
71	135	1.0951
71	145	1.13816
71	151	1.1343
71	154	1.1072
71	163	0.723451
71	169	1.12509
71	172	0.697478
71	174	0.709046
71	176	1.16009
71	177	0.628669
71	178	1.13307
71	179	1.13078
71	180	1.12845
72	11	1.1655
72	20	1.16905
72	39	1.13278
72	54	1.05438
72	61	1.026
72	74	1.09743
72	79	1.17479
72	84	1.1348
72	97	1.15121
72	105	1.17782
72	152	0.659847
72	162	0.725339
72	165	0.715224
72	168	0.667385
72	170	1.13044
72	175	0.641231
72	177	1.18577
73	34	0.637894
73	41	1.13033
73	128	0.634949
73	144	1.16877
73	146	0.656039
73	157	1.15166
73	158	0.624333
73	163	1.16062
73	164	1.16062
73	169	1.1505
73	174	0.647304
73	176	1.1855
73	177	1.22351
73	178	1.15848
73	179	1.15619
73	180	1.15386
74	11	1.16587
74	20	1.16942
74	28	0.679383
74	39	1.13316
74	54	1.05475
74	61	1.02638
74	64	0.671047
74	72	1.09743
74	79	1.17516
74	84	1.13517
74	105	1.17819
74	136	1.1475
74	145	0.700978
74	156	0.701036
74	167	0.651448
74	170	1.13081
74	177	1.18614
75	2	0.665596
75	28	0.719907
75	32	0.692337
75	95	1.12399
75	100	1.09537
75	128	1.11654
75	131	1.15927
75	142	1.09423
75	150	1.07579
75	154	0.763695
75	155	1.11348
75	159	1.08394
75	165	1.07999
75	171	1.0904
75	173	1.10376
75	174	1.0951
75	177	1.16812
75	180	0.759863
76	5	0.594073
76	6	1.1636
76	46	1.08125
76	77	1.06945
76	89	1.12155
76	106	0.756437
76	114	1.12192
76	119	1.12192
76	126	0.77131
76	141	1.10858
76	154	1.08747
76	161	1.0941
76	162	1.09706
76	163	0.75033
76	172	0.724357
76	178	1.11333
76	179	1.11105
76	180	1.10872
77	76	1.06945
77	81	1.13855
77	88	1.10416
77	89	1.10875
77	115	1.11559
77	121	0.720465
77	140	1.12145
77	141	1.09578
77	143	1.14419
77	145	1.10563
77	151	1.10176
77	155	0.714254
77	170	0.723792
77	172	0.714959
77	174	0.726527
77	178	1.10053
77	179	1.09825
77	180	1.09591
78	22	1.16471
78	50	0.64694
78	89	1.10818
78	110	1.1317
78	112	0.795444
78	125	1.06748
78	133	1.08402
78	143	1.14362
78	145	1.10505
78	151	1.10119
78	154	1.0741
78	159	0.736069
78	165	0.773452
78	176	1.12698
78	177	0.644352
78	178	1.09996
78	179	1.09767
78	180	1.09534
79	11	1.24322
79	20	1.24677
79	39	1.21051
79	54	1.1321
79	61	1.10373
79	67	1.17399
79	72	1.17479
79	74	1.17516
79	84	1.21253
79	105	1.25554
79	117	0.544984
79	141	0.650058
79	155	0.588043
79	162	0.659154
79	170	1.20816
79	172	0.588748
79	175	0.575047
79	177	1.26349
80	5	1.16752
80	86	0.799193
80	87	0.663713
80	98	1.05366
80	106	0.704223
80	117	1.11942
80	135	0.763978
80	149	1.12587
80	150	1.07902
80	155	1.1167
80	156	1.09713
80	159	1.08717
80	165	1.08322
80	171	1.09362
80	173	1.10699
80	174	1.09832
80	176	0.672141
80	177	1.17135
81	26	1.18835
81	42	0.563695
81	59	0.621696
81	62	0.602323
81	68	0.701565
81	77	1.13855
81	85	1.12495
81	87	1.20032
81	101	0.658752
81	124	1.14972
81	125	1.14995
81	152	1.19184
81	154	1.15657
81	161	1.1632
81	167	1.20441
81	172	0.647519
81	175	1.17417
81	179	1.18015
81	180	1.17781
82	19	0.702082
82	86	0.719991
82	116	1.17319
82	119	0.630189
82	120	0.577348
82	128	1.18159
82	137	1.20298
82	142	1.15928
82	146	1.1641
82	148	0.567082
82	149	1.18769
82	150	1.14084
82	156	1.15895
82	166	1.16902
82	171	1.15545
82	172	1.17789
82	173	1.16881
82	174	1.16015
82	178	0.605124
83	2	1.2372
83	26	0.648722
83	31	0.649727
83	33	1.05114
83	35	1.19523
83	43	1.15701
83	97	0.560639
83	102	1.18186
83	107	1.16241
83	108	1.16314
83	112	1.13979
83	152	1.18915
83	162	1.16347
83	166	1.18062
83	167	0.625056
83	169	0.685278
83	170	1.18944
83	172	1.18949
83	175	0.643018
84	3	0.569489
84	11	1.20324
84	20	1.20679
84	39	1.17052
84	54	1.09212
84	61	1.06374
84	72	1.1348
84	74	1.13517
84	79	1.21253
84	89	0.668668
84	97	1.18895
84	105	1.21556
84	136	1.18486
84	167	0.611382
84	170	1.16818
84	173	0.65198
84	175	0.629344
84	177	1.22351
84	180	0.679273
85	4	1.14996
85	23	1.0227
85	57	1.04843
85	62	0.744942
85	81	1.12495
85	117	0.746374
85	134	1.11379
85	135	1.04896
85	141	1.08217
85	145	1.09202
85	151	1.08815
85	154	1.06106
85	157	0.794115
85	172	0.790137
85	176	1.11395
85	177	0.721328
85	178	1.08693
85	179	1.08464
85	180	1.08231
86	44	0.794557
86	80	0.799193
86	82	0.719991
86	118	1.10194
86	134	1.11076
86	135	1.04592
86	139	1.0987
86	140	1.10481
86	141	1.07914
86	142	0.750676
86	143	1.12755
86	151	1.08512
86	153	0.734006
86	154	1.05803
86	162	1.06762
86	175	1.07564
86	178	1.08389
86	179	1.08161
86	180	1.07927
87	55	1.21247
87	80	0.663713
87	81	1.20032
87	104	0.657956
87	114	1.17088
87	118	1.18034
87	131	0.560247
87	133	1.14635
87	139	1.17711
87	141	1.15754
87	154	1.13643
87	164	0.645955
87	167	1.18427
87	169	1.15432
87	170	0.632706
87	171	0.634695
87	178	1.16229
87	179	1.16001
87	180	1.15768
88	11	0.599439
88	33	0.896905
88	41	0.686408
88	77	1.10416
88	90	1.11962
88	96	0.59934
88	101	0.627063
88	105	0.580498
88	143	1.1917
88	153	1.16766
88	157	1.14123
88	160	1.13705
88	163	1.15018
88	164	1.15018
88	165	1.12494
88	169	1.14006
88	171	1.13535
88	173	1.14871
88	179	1.14576
88	180	1.14342
89	44	0.693128
89	51	0.556091
89	63	1.17399
89	65	1.17745
89	71	1.14129
89	76	1.12155
89	77	1.10875
89	78	1.10818
89	84	0.668668
89	94	0.775479
89	97	1.18311
89	124	1.11992
89	133	1.13669
89	136	0.643882
89	161	1.1334
89	169	1.14465
89	172	0.657925
89	178	1.15263
89	179	1.15035
89	180	1.14802
90	25	0.82004
90	64	0.648769
90	88	1.11962
90	92	1.0996
90	113	1.14552
90	117	1.12909
90	121	1.10479
90	126	1.09709
90	149	1.13554
90	151	0.654586
90	156	1.1068
90	158	1.13439
90	165	1.09289
90	170	1.12569
90	171	1.10329
90	173	1.11666
90	174	1.108
90	177	1.18102
90	178	0.673017
90	179	0.709949
90	180	0.697061
91	32	0.664413
91	92	1.11058
91	116	1.13202
91	121	1.11577
91	133	0.743739
91	136	1.15335
91	142	1.11811
91	143	0.679162
91	145	0.713578
91	146	1.12293
91	149	1.14652
91	150	1.09967
91	156	1.11777
91	159	1.10782
91	162	1.11069
91	165	1.10387
91	171	1.11427
91	173	1.12764
91	174	1.11897
91	176	0.69571
91	178	0.707895
92	3	0.628396
92	37	1.12858
92	59	1.15
92	63	0.704305
92	66	1.1166
92	90	1.0996
92	91	1.11058
92	121	1.11682
92	126	1.10912
92	139	0.706413
92	142	1.11916
92	145	0.71982
92	146	1.12399
92	156	1.11883
92	165	1.10492
92	169	0.730512
92	170	1.13772
92	171	1.11533
92	173	1.12869
92	174	1.12003
92	178	0.714136
93	30	1.02074
93	97	0.61829
93	113	0.683515
93	120	1.13281
93	122	1.11748
93	123	1.11517
93	129	1.13722
93	132	0.734203
93	138	1.10198
93	144	1.13558
93	148	1.15439
93	152	0.719285
93	153	1.14491
93	157	1.11847
93	160	1.11429
93	163	1.12743
93	164	1.12743
93	166	0.733989
93	170	0.723203
93	172	1.13504
93	175	1.11703
94	45	0.654735
94	47	1.08052
94	89	0.775479
94	97	0.653777
94	103	1.10217
94	109	1.08245
94	129	1.11154
94	138	1.0763
94	144	1.10989
94	147	1.08955
94	148	1.12871
94	152	0.754772
94	153	1.11922
94	157	1.09279
94	160	1.08861
94	161	0.808805
94	163	1.10175
94	164	1.10175
94	168	1.11404
94	172	1.10935
94	175	1.09135
94	178	0.762041
95	16	1.22313
95	36	0.615596
95	75	1.12399
95	100	1.1576
95	101	0.626737
95	104	0.649587
95	115	0.63773
95	126	1.14641
95	128	1.17877
95	131	1.22149
95	134	0.594662
95	142	1.15645
95	149	1.18487
95	158	1.18371
95	163	0.641477
95	165	1.14221
95	171	1.15262
95	172	1.17506
95	173	1.16598
95	174	1.15732
95	177	1.23035
95	178	0.627688
96	8	1.20384
96	41	1.14063
96	49	1.21878
96	60	1.18719
96	67	0.649846
96	68	1.15099
96	69	1.15348
96	70	1.05945
96	88	0.59934
96	101	1.16812
96	104	1.16812
96	127	1.19174
96	132	1.14965
96	136	1.19517
96	161	0.67476
96	166	0.635431
96	167	0.584149
96	168	1.18321
96	175	0.602111
96	176	1.1958
96	177	1.23381
96	179	0.664928
97	33	0.817298
97	60	0.557273
97	61	1.08015
97	72	1.15121
97	83	0.560639
97	84	1.18895
97	89	1.18311
97	93	0.61829
97	94	0.653777
97	105	1.23197
97	112	0.618506
97	119	1.18347
97	123	0.568589
97	125	1.1424
97	158	1.19329
97	159	1.15574
97	171	1.16219
97	173	1.17556
97	174	1.16689
97	177	1.23992
97	178	1.17488
97	180	1.17027
98	16	1.14957
98	24	1.16382
98	30	0.92584
98	36	0.667347
98	69	0.72383
98	80	1.05366
98	113	1.12129
98	116	1.09681
98	121	1.08056
98	124	0.769494
98	134	0.646413
98	137	1.1266
98	146	1.08772
98	150	1.06446
98	155	1.10215
98	159	1.07261
98	165	1.06866
98	171	1.07906
98	173	1.09243
98	174	1.08377
98	176	0.667254
98	177	1.15679
99	4	1.22768
99	18	0.760708
99	46	1.13256
99	103	0.62803
99	115	1.1797
99	118	1.18269
99	119	1.17323
99	127	1.1876
99	139	1.17946
99	143	1.2083
99	151	1.16587
99	154	1.13878
99	161	1.14541
99	163	0.61191
99	164	0.608019
99	171	0.596758
99	173	0.594872
99	174	0.597504
99	176	1.19167
99	178	1.16465
99	179	1.16236
99	180	1.16003
100	5	1.1979
100	6	0.58394
100	22	0.625794
100	24	1.20876
100	36	0.667046
100	40	1.14541
100	75	1.09537
100	95	1.1576
100	131	1.19288
100	137	1.17154
100	142	1.12784
100	149	1.15625
100	151	0.660707
100	152	1.14611
100	158	1.1551
100	159	1.11755
100	160	0.700255
100	166	1.13758
100	169	0.695513
100	171	1.124
100	173	1.13737
100	174	1.12871
100	176	0.666953
101	8	1.17881
101	41	1.1156
101	49	1.19375
101	60	1.16216
101	62	1.15044
101	68	1.12596
101	69	1.12844
101	70	1.03441
101	81	0.658752
101	88	0.627063
101	95	0.626737
101	96	1.16812
101	104	1.14309
101	127	1.16671
101	132	1.12461
101	136	1.17014
101	152	0.648451
101	162	0.713942
101	165	0.703827
101	168	1.15818
101	175	0.629835
101	176	1.17077
101	177	1.20878
102	2	1.204
102	15	1.39939
102	33	1.01793
102	35	1.16202
102	38	1.04743
102	43	1.12381
102	48	1.15166
102	83	1.18186
102	107	1.1292
102	108	1.12993
102	112	1.10659
102	114	0.659872
102	152	1.15594
102	162	1.13026
102	166	1.14742
102	167	0.624338
102	168	0.668454
102	170	1.15624
102	172	1.15628
102	174	0.667569
102	175	0.6423
102	176	0.656001
102	180	0.692229
103	14	1.20543
103	42	0.590572
103	58	0.624276
103	94	1.10217
103	99	0.62803
103	106	1.13174
103	111	1.17569
103	123	1.13686
103	129	1.15891
103	138	1.12367
103	144	1.15727
103	147	1.13692
103	148	1.17608
103	152	0.679311
103	154	0.714456
103	157	1.14016
103	163	1.14912
103	164	1.14912
103	168	1.16141
103	170	0.683229
103	172	1.15673
103	173	0.68333
103	175	1.13872
104	8	1.17881
104	31	0.659394
104	41	1.1156
104	49	1.19375
104	60	1.16216
104	62	1.15044
104	68	1.12596
104	69	1.12845
104	70	1.03442
104	87	0.657956
104	95	0.649587
104	96	1.16812
104	101	1.14309
104	114	0.670257
104	127	1.16671
104	132	1.12462
104	136	1.17014
104	166	0.686005
104	167	0.634723
104	168	1.15818
104	175	0.652685
104	176	1.17077
104	177	1.20878
105	11	1.24626
105	17	1.1096
105	20	1.2498
105	27	1.19717
105	39	1.21354
105	54	1.13513
105	61	1.10676
105	67	1.17702
105	72	1.17782
105	74	1.17819
105	79	1.25554
105	84	1.21556
105	88	0.580498
105	97	1.23197
105	127	0.598746
105	136	1.22788
105	152	0.601886
105	162	0.667377
105	167	0.565308
105	168	0.609423
105	170	1.2112
105	173	0.605906
105	175	0.58327
105	177	1.26653
106	30	1.02463
106	76	0.756437
106	80	0.704223
106	103	1.13174
106	109	1.11202
106	111	1.15789
106	123	1.11906
106	128	0.663596
106	129	1.14111
106	130	1.14251
106	134	0.643541
106	135	0.756219
106	144	1.13947
106	147	1.11912
106	148	1.15828
106	157	1.12236
106	160	1.11818
106	163	1.13132
106	164	1.13132
106	166	0.684002
106	167	1.15115
106	168	1.14361
106	176	1.1562
106	177	0.595574
107	15	1.37994
107	27	0.656813
107	33	0.998476
107	35	1.14257
107	38	1.02798
107	43	1.10435
107	48	1.13221
107	52	1.08014
107	53	1.1962
107	67	0.721
107	83	1.16241
107	102	1.1292
107	108	1.11048
107	109	0.69011
107	111	0.650691
107	112	1.08713
107	134	0.666125
107	152	1.13649
107	162	1.11081
107	166	1.12797
107	169	0.715526
107	170	1.13678
107	172	1.13683
107	174	0.698534
108	2	1.18527
108	15	1.38067
108	31	0.688991
108	33	0.999205
108	35	1.1433
108	38	1.02871
108	43	1.10508
108	48	1.13294
108	52	1.08087
108	83	1.16314
108	102	1.12993
108	107	1.11048
108	112	1.08786
108	132	0.715815
108	152	1.13722
108	162	1.11154
108	166	1.12869
108	167	0.664319
108	169	0.724541
108	170	1.13751
108	172	1.13756
108	175	0.682281
108	177	0.627173
108	178	0.708166
109	10	0.789401
109	94	1.08245
109	106	1.11202
109	107	0.69011
109	120	1.13478
109	123	1.11714
109	130	1.14059
109	144	1.13755
109	146	0.655748
109	147	1.1172
109	148	1.15636
109	153	1.14688
109	157	1.12044
109	160	1.11626
109	162	0.705853
109	163	1.1294
109	164	1.1294
109	167	1.14923
109	170	0.644279
109	172	1.13701
109	175	1.119
109	176	1.15428
109	178	0.64763
109	180	0.671674
110	46	1.14407
110	61	0.803047
110	71	1.16481
110	78	1.1317
110	113	0.55942
110	127	1.19911
110	139	1.19096
110	140	1.19707
110	141	1.17139
110	142	0.581597
110	143	1.21981
110	145	1.18124
110	151	1.17737
110	154	1.15028
110	159	0.613182
110	161	1.15692
110	165	0.650566
110	168	1.19058
110	171	0.601096
110	172	0.590275
110	173	0.599209
110	176	1.20317
110	178	1.17615
110	179	1.17386
110	180	1.17153
111	44	1.14446
111	103	1.17569
111	106	1.15789
111	107	0.650691
111	120	1.18064
111	123	1.163
111	127	1.19608
111	129	1.18506
111	130	1.18645
111	135	0.687864
111	136	0.581985
111	140	0.609148
111	144	1.18341
111	147	1.16307
111	148	1.20223
111	152	0.600943
111	155	0.595323
111	157	1.16631
111	160	1.16213
111	162	0.666434
111	163	1.17526
111	164	1.17526
111	166	0.615647
111	172	1.18287
111	176	1.20014
112	2	1.16193
112	15	1.35732
112	33	0.975857
112	35	1.11995
112	38	1.00536
112	43	1.08173
112	48	1.10959
112	52	1.05752
112	53	1.17358
112	65	0.727384
112	78	0.795444
112	83	1.13979
112	97	0.618506
112	102	1.10659
112	107	1.08713
112	108	1.08786
112	132	0.734418
112	152	1.11387
112	162	1.08819
112	166	1.10535
112	167	0.682922
112	170	1.11416
112	172	1.11421
112	175	0.700884
112	180	0.750813
113	20	0.560981
113	42	1.27342
113	90	1.14552
113	93	0.683515
113	98	1.12129
113	110	0.55942
113	121	1.16274
113	124	0.703687
113	131	1.23012
113	133	0.649476
113	139	0.605909
113	142	1.16508
113	149	1.19349
113	155	1.18433
113	158	1.19234
113	159	1.15479
113	165	1.15084
113	166	1.17482
113	171	1.16125
113	172	1.18369
113	173	1.17461
113	174	1.16595
113	175	1.16568
113	176	0.601447
113	180	0.637676
114	4	1.21603
114	28	1.16651
114	76	1.12192
114	87	1.17088
114	102	0.659872
114	104	0.670257
114	125	1.12052
114	126	0.683126
114	133	1.13706
114	139	1.16781
114	140	1.17392
114	145	1.15809
114	151	1.15423
114	154	1.12714
114	160	0.669474
114	161	1.13377
114	163	0.662146
114	167	1.17497
114	169	1.14502
114	171	0.646995
114	172	0.636173
114	176	1.18002
114	177	0.567364
114	178	1.153
114	179	1.15072
114	180	1.14838
115	22	1.22422
115	77	1.11559
115	95	0.63773
115	99	1.1797
115	118	1.17751
115	125	1.12698
115	132	1.14033
115	133	1.14352
115	135	1.12149
115	141	1.15471
115	149	0.632453
115	153	0.629181
115	154	1.1336
115	155	0.653824
115	158	0.643125
115	161	1.14023
115	163	0.680501
115	167	1.18144
115	169	1.15149
115	172	0.654529
115	174	0.666096
115	175	1.15121
115	176	1.18649
115	178	1.15946
115	179	1.15718
115	180	1.15485
116	1	0.627806
116	4	0.609538
116	5	1.21067
116	12	0.599879
116	34	1.15496
116	53	1.21858
116	82	1.17319
116	91	1.13202
116	98	1.09681
116	126	1.13057
116	127	0.654331
116	131	1.20564
116	142	1.14061
116	149	1.16902
116	154	0.692616
116	155	1.15985
116	156	1.14027
116	158	1.16787
116	159	1.13032
116	171	1.13677
116	173	1.15014
116	174	1.14147
116	175	1.14121
116	176	0.652555
116	178	0.66474
116	179	0.701672
117	23	0.806507
117	42	1.25699
117	69	0.645114
117	79	0.544984
117	80	1.11942
117	85	0.746374
117	90	1.12909
117	121	1.14631
117	125	0.670262
117	128	1.17096
117	143	0.57199
117	146	1.15348
117	149	1.17707
117	150	1.13022
117	154	0.628599
117	155	1.1679
117	156	1.14832
117	159	1.13836
117	165	1.13441
117	166	1.1584
117	171	1.14482
117	172	1.16726
117	173	1.15818
117	174	1.14952
117	175	1.14926
117	176	0.588538
118	6	1.21272
118	13	1.22526
118	15	0.547787
118	23	1.09823
118	24	0.59294
118	25	1.08271
118	46	1.13037
118	86	1.10194
118	87	1.18034
118	99	1.18269
118	115	1.17751
118	125	1.12997
118	133	1.14651
118	136	0.691618
118	137	0.634356
118	141	1.1577
118	144	0.674144
118	145	1.16755
118	154	1.13659
118	170	0.714494
118	172	0.705661
118	176	1.18948
118	177	0.636851
118	178	1.16245
118	179	1.16017
118	180	1.15784
119	58	1.2032
119	62	0.624356
119	71	1.14165
119	76	1.12192
119	82	0.630189
119	97	1.18347
119	99	1.17323
119	123	0.701917
119	124	1.12029
119	131	0.605925
119	133	1.13705
119	140	1.17391
119	141	1.14824
119	143	1.19665
119	154	1.12713
119	156	0.687477
119	157	0.673529
119	161	1.13376
119	167	1.17497
119	168	1.16743
119	169	1.14502
119	172	0.669552
119	177	0.600742
119	178	1.15299
119	179	1.15071
119	180	1.14838
120	57	0.715553
120	67	0.650744
120	82	0.577348
120	93	1.13281
120	109	1.13478
120	111	1.18064
120	122	1.14413
120	130	1.16526
120	138	1.12862
120	144	1.16222
120	146	0.637013
120	147	1.14187
120	148	1.18103
120	153	1.17155
120	156	0.634636
120	157	1.14511
120	160	1.14093
120	161	0.675658
120	163	1.15407
120	164	1.15407
120	167	1.1739
120	168	1.16636
120	169	0.64527
120	175	1.14367
120	176	1.17895
120	179	0.665827
121	51	1.18605
121	59	1.15518
121	77	0.720465
121	90	1.10479
121	91	1.11577
121	92	1.11682
121	98	1.08056
121	113	1.16274
121	117	1.14631
121	128	1.14666
121	137	1.16806
121	141	0.699119
121	142	1.12435
121	150	1.10592
121	155	1.1436
121	161	0.696757
121	163	0.663782
121	164	0.659891
121	165	1.11011
121	167	1.15519
121	168	0.650261
121	171	1.12052
121	173	1.13388
121	174	1.12522
121	176	0.637808
121	177	1.19825
121	180	0.674037
122	9	0.585959
122	19	1.05995
122	27	0.659584
122	29	1.14484
122	64	1.15233
122	93	1.11748
122	120	1.14413
122	123	1.12649
122	129	1.14855
122	130	1.14994
122	132	0.709571
122	137	0.618434
122	138	1.1133
122	143	0.673189
122	144	1.1469
122	147	1.12655
122	148	1.16571
122	153	1.15623
122	157	1.12979
122	160	1.12561
122	162	0.760145
122	163	1.13875
122	164	1.13875
122	168	1.15104
122	171	0.70056
122	173	0.698673
122	176	1.16363
123	32	1.14262
123	52	0.748204
123	63	0.667021
123	93	1.11517
123	97	0.568589
123	103	1.13686
123	106	1.11906
123	109	1.11714
123	111	1.163
123	119	0.701917
123	122	1.12649
123	130	1.14762
123	132	0.684501
123	134	0.643827
123	138	1.11099
123	148	1.1634
123	153	1.15391
123	157	1.12748
123	160	1.1233
123	163	1.13643
123	164	1.13643
123	168	1.14873
123	172	1.14404
123	175	1.12603
123	176	1.16131
123	178	0.676852
123	179	0.713785
124	9	0.630762
124	13	1.17451
124	22	1.17645
124	28	1.12521
124	59	0.708719
124	81	1.14972
124	89	1.11992
124	98	0.769494
124	113	0.703687
124	119	1.12029
124	125	1.07922
124	133	1.09576
124	137	0.663237
124	139	1.12651
124	140	1.13262
124	141	1.10695
124	145	1.1168
124	149	0.712467
124	151	1.11293
124	161	1.09247
124	166	1.11259
124	168	1.12614
124	169	1.10372
124	174	0.746109
124	177	0.665733
124	178	1.1117
124	179	1.10942
124	180	1.10708
125	7	1.03971
125	12	1.17423
125	14	0.640255
125	20	0.673559
125	45	1.22046
125	66	0.73989
125	78	1.06748
125	81	1.14995
125	97	1.1424
125	114	1.12052
125	115	1.12698
125	117	0.670262
125	118	1.12997
125	124	1.07922
125	130	0.704941
125	139	1.12674
125	140	1.13285
125	146	0.734328
125	155	0.713321
125	161	1.0927
125	167	1.1339
125	168	1.12637
125	169	1.10395
125	173	0.722961
125	175	1.10367
125	178	1.11193
125	179	1.10964
125	180	1.10731
126	18	1.05149
126	56	0.608914
126	76	0.77131
126	90	1.09709
126	92	1.10912
126	95	1.14641
126	114	0.683126
126	116	1.13057
126	131	1.18169
126	132	1.10638
126	136	1.1519
126	146	1.12148
126	150	1.09822
126	152	1.13492
126	154	0.719316
126	155	1.1359
126	156	1.11632
126	158	1.14391
126	159	1.10636
126	162	1.10924
126	163	0.705228
126	165	1.10241
126	169	0.707815
126	171	1.11282
126	173	1.12618
126	174	1.11752
126	178	0.691439
126	180	0.715483
127	63	1.18873
127	69	1.15207
127	96	1.19174
127	99	1.1876
127	101	1.16671
127	104	1.16671
127	105	0.598746
127	110	1.19911
127	111	1.19608
127	116	0.654331
127	131	0.570451
127	137	0.562773
127	138	1.14406
127	141	1.16261
127	142	0.6254
127	144	1.17766
127	145	1.17246
127	148	1.19648
127	153	1.18699
127	155	0.633373
127	156	0.652003
127	159	0.656986
127	160	1.15637
127	174	0.645645
127	176	1.19439
127	177	1.2324
127	179	1.16508
127	180	1.16275
128	34	1.16336
128	50	1.21221
128	52	1.11092
128	73	0.634949
128	75	1.11654
128	82	1.18159
128	95	1.17877
128	106	0.663596
128	117	1.17096
128	121	1.14666
128	129	0.642222
128	131	1.21404
128	132	1.13873
128	136	1.18425
128	139	0.635976
128	140	0.644635
128	141	0.692825
128	146	1.15383
128	149	1.17742
128	150	1.13057
128	151	0.625268
128	153	0.606168
128	156	1.14867
128	158	1.17626
128	162	1.14159
128	164	0.653597
128	171	1.14517
128	173	1.15853
128	174	1.14987
129	44	1.12769
129	46	0.638778
129	56	1.20622
129	59	0.617186
129	93	1.13722
129	94	1.11154
129	103	1.15891
129	106	1.14111
129	111	1.18506
129	122	1.14855
129	128	0.642222
129	130	1.16968
129	132	0.662842
129	144	1.16664
129	147	1.14629
129	148	1.18545
129	149	0.620934
129	151	0.636762
129	153	1.17597
129	157	1.14953
129	160	1.14535
129	163	1.15849
129	164	1.15849
129	167	1.17832
129	170	0.651843
129	172	1.1661
129	176	1.18337
129	178	0.655193
129	180	0.679237
130	6	0.540204
130	12	0.570541
130	17	0.785766
130	62	1.16443
130	106	1.14251
130	109	1.14059
130	111	1.18645
130	120	1.16526
130	122	1.14994
130	123	1.14762
130	125	0.704941
130	129	1.16968
130	138	1.13444
130	144	1.16803
130	146	0.64352
130	147	1.14769
130	148	1.18685
130	153	1.17736
130	155	0.622513
130	156	0.641143
130	157	1.15092
130	160	1.14675
130	163	1.15988
130	164	1.15988
130	166	0.642837
130	169	0.651777
130	172	1.16749
130	175	1.14948
130	176	1.18476
131	37	1.20115
131	47	0.652145
131	75	1.15927
131	87	0.560247
131	95	1.22149
131	100	1.19288
131	113	1.23012
131	116	1.20564
131	119	0.605925
131	126	1.18169
131	127	0.570451
131	128	1.21404
131	132	1.18146
131	140	0.581796
131	141	0.629986
131	145	0.586543
131	146	1.19655
131	147	0.61585
131	149	1.22014
131	155	1.21098
131	156	1.1914
131	158	1.21899
131	165	1.17749
131	167	1.22256
131	168	0.581129
131	171	1.1879
131	173	1.20126
131	174	1.1926
131	175	1.19233
131	179	0.617792
132	10	1.06888
132	22	1.19003
132	68	1.10748
132	70	1.01594
132	93	0.734203
132	96	1.14965
132	101	1.12461
132	104	1.12462
132	108	0.715815
132	112	0.734418
132	115	1.14033
132	122	0.709571
132	123	0.684501
132	126	1.10638
132	128	1.13873
132	129	0.662842
132	131	1.18146
132	141	1.12052
132	144	0.620619
132	152	1.13469
132	157	0.656113
132	163	0.678109
132	169	1.1173
132	171	1.11258
132	172	1.13503
132	173	1.12595
132	174	1.11729
132	176	1.1523
132	177	1.19031
132	178	1.12528
132	180	1.12066
133	3	1.18358
133	7	1.05625
133	28	1.14198
133	50	0.61411
133	57	1.08997
133	78	1.08402
133	87	1.14635
133	89	1.13669
133	91	0.743739
133	113	0.649476
133	114	1.13706
133	115	1.14352
133	118	1.14651
133	119	1.13705
133	124	1.09576
133	134	1.15533
133	143	1.17213
133	145	1.13356
133	147	0.727504
133	151	1.12969
133	154	1.1026
133	156	0.698256
133	159	0.703238
133	161	1.10924
133	171	0.691152
133	172	0.680331
133	173	0.689265
133	175	1.12021
133	178	1.12847
133	179	1.12618
133	180	1.12385
134	3	1.22639
134	6	1.22154
134	7	1.09906
134	40	0.611948
134	46	1.13919
134	63	1.19264
134	85	1.11379
134	86	1.11076
134	95	0.594662
134	98	0.646413
134	106	0.643541
134	107	0.666125
134	123	0.643827
134	133	1.15533
134	135	1.1333
134	139	1.18609
134	140	1.19219
134	141	1.16652
134	145	1.17637
134	150	0.667269
134	151	1.1725
134	152	1.18068
134	154	1.14541
134	162	1.15501
134	164	0.633542
134	165	0.671752
134	169	1.1633
134	173	0.620395
134	175	1.16302
134	178	1.17127
134	179	1.16899
134	180	1.16666
135	1	1.15969
135	40	0.724626
135	53	1.17556
135	55	1.15662
135	57	1.06794
135	71	1.0951
135	80	0.763978
135	85	1.04896
135	86	1.04592
135	106	0.756219
135	111	0.687864
135	115	1.12149
135	134	1.1333
135	139	1.12125
135	140	1.12736
135	141	1.10169
135	142	0.715461
135	143	1.1501
135	144	0.692622
135	145	1.11153
135	148	0.69828
135	149	0.702064
135	151	1.10767
135	152	1.11585
135	161	1.08721
135	167	1.12841
135	169	1.09846
135	176	1.13346
135	177	0.65533
135	178	1.10644
135	179	1.10416
135	180	1.10182
136	13	0.566943
136	27	1.16647
136	47	0.701729
136	54	1.10444
136	61	1.07607
136	68	1.15301
136	70	1.06146
136	74	1.1475
136	84	1.18486
136	89	0.643882
136	91	1.15335
136	96	1.19517
136	101	1.17014
136	104	1.17014
136	105	1.22788
136	111	0.581985
136	118	0.691618
136	126	1.1519
136	128	1.18425
136	143	0.601711
136	145	0.636127
136	154	0.65832
136	156	1.16161
136	168	1.18523
136	170	1.1805
136	171	1.15811
136	173	1.17147
136	174	1.16281
136	176	1.19782
136	177	1.23583
136	179	0.667376
136	180	0.654487
137	21	1.23963
137	38	0.826954
137	51	1.23209
137	59	1.20123
137	66	1.16783
137	82	1.20298
137	98	1.1266
137	100	1.17154
137	118	0.634356
137	121	1.16806
137	122	0.618434
137	124	0.663237
137	127	0.562773
137	139	0.565459
137	142	1.1704
137	147	0.608171
137	150	1.15196
137	151	0.554751
137	155	1.18965
137	156	1.17007
137	158	1.19766
137	160	0.594299
137	162	1.16299
137	165	1.15616
137	166	1.18014
137	170	1.18896
137	171	1.16656
137	172	1.18901
137	173	1.17993
137	174	1.17126
137	175	1.171
137	176	0.560997
137	177	1.24429
137	179	0.610114
138	7	0.845581
138	13	0.634233
138	14	1.17956
138	30	1.01656
138	44	1.09245
138	47	1.10203
138	53	0.623331
138	64	1.13683
138	93	1.10198
138	94	1.0763
138	103	1.12367
138	120	1.12862
138	122	1.1133
138	123	1.11099
138	127	1.14406
138	130	1.13444
138	144	1.1314
138	147	1.11105
138	148	1.15021
138	153	1.14073
138	154	0.72561
138	155	0.684845
138	157	1.11429
138	160	1.11011
138	163	1.12325
138	164	1.12325
138	166	0.705169
138	167	1.14308
138	171	0.696372
138	172	1.13086
138	173	0.694485
138	174	0.697118
138	175	1.11285
138	176	1.14813
138	178	0.697734
139	22	1.22397
139	45	1.26775
139	58	1.20943
139	63	1.18058
139	86	1.0987
139	87	1.17711
139	92	0.706413
139	99	1.17946
139	110	1.19096
139	113	0.605909
139	114	1.16781
139	124	1.12651
139	125	1.12674
139	128	0.635976
139	134	1.18609
139	135	1.12125
139	137	0.565459
139	143	1.20288
139	145	1.16432
139	146	0.657066
139	148	0.610905
139	149	0.614688
139	151	1.16045
139	158	0.62536
139	160	0.670065
139	161	1.13999
139	162	1.14295
139	164	0.658845
139	166	1.16011
139	169	1.15124
139	170	0.645597
139	175	1.15096
139	178	1.15922
139	179	1.15694
139	180	1.1546
140	1	1.21858
140	15	0.48755
140	58	1.21554
140	63	1.18669
140	67	1.14086
140	77	1.12145
