1	107	1.10211
1	112	1.07765
1	117	1.05183
1	120	1.10126
1	121	1.08677
1	126	1.06759
1	129	1.09166
1	130	1.07922
1	152	2.26253
1	153	1.19478
1	169	1.68288
1	172	0.955514
2	10	0.931538
2	18	0.928058
2	20	1.06447
2	26	1.0537
2	32	0.999954
2	58	0.950538
2	94	0.971216
2	100	0.9414
2	101	0.941274
2	151	2.23672
2	164	0.82287
2	168	1.77205
3	64	0.858594
3	73	0.991794
3	78	1.77866
3	99	0.957951
3	111	0.977613
3	166	0.839088
3	170	0.854993
3	173	0.827935
3	175	0.818003
3	177	0.810509
3	179	0.817667
3	180	0.838695
4	54	1.00078
4	62	0.991766
4	69	0.965806
4	72	0.961208
4	78	0.945061
4	86	1.00694
4	91	0.918174
4	92	0.971504
4	114	1.76845
4	155	0.953309
4	164	4.55281
4	166	0.881575
5	35	1.05547
5	39	0.928197
5	52	1.00867
5	56	0.990917
5	63	0.983593
5	77	1.02585
5	80	1.02504
5	133	0.890993
5	135	0.913717
5	151	1.09554
5	164	0.829381
5	174	3.3467
6	29	1.04054
6	42	1.14756
6	45	1.10884
6	50	1.1176
6	59	1.08432
6	60	1.08426
6	70	1.07171
6	128	1.10752
6	143	0.691331
6	148	0.977548
6	151	0.992583
6	159	3.25948
7	10	0.915117
7	18	0.911636
7	20	1.04805
7	32	0.983533
7	36	0.995251
7	43	1.12894
7	94	0.954794
7	100	0.924979
7	101	0.924853
7	105	2.03781
7	164	0.806449
7	180	2.04009
8	117	1.06483
8	119	1.07814
8	120	1.11426
8	121	1.09977
8	126	1.08059
8	129	1.10465
8	130	1.09222
8	159	1.70627
8	170	1.00003
8	171	1.05254
8	175	0.963043
8	179	2.74999
9	56	0.421908
9	97	1.13141
9	145	1.04721
9	168	0.964914
9	169	0.967423
9	171	1.00439
9	174	0.926699
9	176	0.937756
9	177	0.925959
9	178	0.937235
9	179	0.933117
9	180	0.954144
10	2	0.931538
10	7	0.915117
10	20	1.06321
10	26	1.05244
10	36	1.01041
10	58	0.949272
10	94	0.96995
10	100	0.940135
10	101	0.940009
10	132	2.11336
10	146	1.61597
10	164	0.821605
11	24	0.959742
11	41	0.952922
11	55	0.929961
11	81	0.964016
11	82	0.966357
11	87	0.962592
11	97	0.992532
11	104	0.975833
11	108	1.02285
11	109	0.972921
11	172	0.875916
11	177	4.43762
12	54	1.1094
12	61	1.09106
12	72	1.06983
12	78	1.05368
12	86	1.11556
12	91	1.0268
12	92	1.08013
12	113	1.6181
12	155	1.06193
12	166	0.990199
12	170	1.62139
12	171	1.27302
13	112	1.10805
13	114	0.753094
13	117	1.08222
13	119	1.09553
13	126	1.09799
13	129	1.12205
13	130	1.10961
13	149	1.01234
13	170	1.01743
13	172	0.985906
13	175	0.980439
13	180	2.72286
14	116	1.09156
14	117	1.07268
14	120	1.12211
14	121	1.10762
14	126	1.08845
14	130	1.10007
14	136	2.90112
14	142	1.38714
14	150	1.03235
14	152	1.69852
14	170	1.00789
14	175	0.970899
15	85	1.06056
15	112	1.11466
15	117	1.08884
15	126	1.1046
15	129	1.12866
15	130	1.11623
15	151	1.00847
15	154	1.42914
15	161	3.47897
15	172	0.99252
15	175	0.987053
15	178	1.91092
16	17	1.06122
16	45	1.11885
16	50	1.12761
16	59	1.09432
16	60	1.09426
16	70	1.08171
16	135	1.03577
16	143	1.1155
16	148	0.98755
16	151	1.00259
16	160	1.25966
16	166	2.94862
17	16	1.06122
17	25	0.956029
17	29	0.921822
17	42	1.02885
17	50	0.998888
17	59	0.965603
17	60	0.965546
17	70	0.952994
17	106	2.04178
17	132	1.86747
17	135	0.907055
17	151	0.873868
18	2	0.928058
18	7	0.911636
18	32	0.995208
18	36	1.00693
18	43	1.14061
18	58	0.945792
18	94	0.966469
18	100	0.936654
18	101	0.936528
18	155	1.44905
18	156	2.38696
18	164	0.818124
19	44	0.989759
19	57	0.964033
19	83	0.937439
19	84	1.01216
19	90	0.998774
19	95	0.97099
19	99	0.98647
19	102	1.02422
19	150	2.11977
19	170	0.883512
19	171	1.99688
19	175	0.846522
20	2	1.06447
20	7	1.04805
20	10	1.06321
20	32	1.13162
20	58	1.08221
20	94	1.10289
20	100	1.07307
20	101	1.07294
20	125	0.926333
20	128	2.14444
20	160	1.71836
20	164	0.954541
21	81	1.06435
21	82	1.06669
21	87	1.06292
21	97	1.09286
21	104	1.07616
21	108	1.12318
21	109	1.07325
21	136	3.29888
21	146	0.666044
21	155	1.0636
21	156	0.916166
21	172	0.976245
22	38	1.04423
22	69	1.08413
22	72	1.07953
22	78	1.06338
22	86	1.12526
22	91	1.0365
22	92	1.08983
22	96	0.985937
22	111	1.10038
22	155	1.07163
22	158	2.22535
22	166	0.999898
23	40	0.959465
23	46	0.958085
23	48	1.04605
23	51	0.956737
23	64	0.913748
23	66	1.0452
23	68	1.02023
23	73	1.04695
23	149	0.971387
23	166	0.894242
23	180	2.68191
24	11	0.959742
24	67	0.982469
24	82	0.957594
24	87	0.953829
24	97	0.983769
24	104	0.96707
24	108	1.01409
24	109	0.964158
24	140	1.83707
24	155	0.954505
24	169	2.30837
24	172	0.867153
25	17	0.956029
25	29	0.945351
25	45	1.01366
25	50	1.02242
25	59	0.989132
25	60	0.989075
25	70	0.976522
25	110	2.54431
25	135	0.930584
25	148	0.882361
25	151	0.897396
25	158	1.59897
26	2	1.0537
26	10	1.05244
26	32	1.12085
26	36	1.13257
26	58	1.07144
26	94	1.09211
26	100	1.0623
26	101	1.06217
26	113	1.37038
26	164	0.943769
26	176	2.4533
26	179	2.57811
27	35	1.05393
27	39	0.926661
27	52	1.00713
27	63	0.982057
27	77	1.02431
27	80	1.0235
27	127	0.98192
27	133	0.889457
27	135	0.912181
27	164	0.827845
27	166	1.3722
27	176	3.1802
28	87	0.837658
28	95	0.869982
28	102	0.923208
28	109	0.847987
28	113	0.85946
28	115	0.780459
28	170	0.782504
28	172	0.750981
28	175	0.745514
28	177	0.738021
28	178	0.749297
28	179	0.745179
28	180	0.766206
29	6	1.04054
29	17	0.921822
29	25	0.945351
29	42	1.01817
29	45	0.979451
29	50	0.988209
29	60	0.954868
29	70	0.942315
29	115	2.82569
29	135	0.896376
29	148	0.848154
29	151	0.863189
29	160	1.46644
30	55	1.00985
30	74	1.05546
30	81	1.04391
30	97	1.07242
30	104	1.05572
30	108	1.10274
30	109	1.05281
30	132	0.750428
30	150	1.0118
30	155	1.04316
30	157	2.09373
30	172	0.955807
30	179	3.01933
31	55	0.913279
31	67	0.97455
31	74	0.958889
31	81	0.947333
31	97	0.975849
31	104	0.959151
31	108	1.00617
31	109	0.956239
31	147	1.55715
31	150	0.915222
31	155	0.946586
31	172	0.859233
31	174	3.76255
32	2	0.999954
32	7	0.983533
32	18	0.995208
32	20	1.13162
32	26	1.12085
32	43	1.21251
32	94	1.03837
32	100	1.00855
32	101	1.00842
32	142	0.771131
32	156	1.27008
32	164	0.890021
32	175	3.19991
33	34	0.99047
33	57	1.0529
33	83	1.0263
33	84	1.10103
33	90	1.08764
33	95	1.05986
33	99	1.07534
33	102	1.11308
33	124	0.830388
33	128	1.54333
33	166	2.80621
33	170	0.972377
33	175	0.935387
34	33	0.99047
34	44	0.970712
34	57	0.944986
34	83	0.918392
34	84	0.993118
34	90	0.979727
34	95	0.951943
34	98	1.82534
34	99	0.967423
34	102	1.00517
34	135	1.90056
34	170	0.864465
34	175	0.827475
35	5	1.05547
35	27	1.05393
35	39	1.03784
35	52	1.11831
35	56	1.10056
35	63	1.09323
35	77	1.13549
35	80	1.13468
35	153	1.35757
35	164	0.939021
35	165	2.4971
35	170	1.12157
36	7	0.995251
36	10	1.01041
36	18	1.00693
36	26	1.13257
36	43	1.22423
36	58	1.02941
36	94	1.05008
36	96	1.56816
36	100	1.02027
36	101	1.02014
36	161	4.39327
36	164	0.901738
36	168	1.47082
37	76	1.66094
37	91	0.893101
37	92	0.946431
37	100	0.924218
37	101	0.924092
37	148	0.841802
37	164	0.805688
37	166	0.856502
37	168	0.866878
37	176	0.83972
37	179	0.835081
37	180	0.856108
38	22	1.04423
38	61	0.959756
38	62	0.96909
38	69	0.94313
38	72	0.938532
38	78	0.922386
38	86	0.984261
38	91	0.895498
38	92	0.948828
38	155	0.930633
38	166	0.858899
38	173	2.00084
38	175	2.4947
39	5	0.928197
39	27	0.926661
39	35	1.03784
39	52	0.99104
39	63	0.965965
39	77	1.00822
39	80	1.00741
39	127	0.965828
39	133	0.873365
39	135	0.896089
39	164	0.811753
39	166	1.42629
39	179	3.3591
40	23	0.959465
40	46	0.94363
40	48	1.03159
40	51	0.942282
40	64	0.899293
40	66	1.03074
40	68	1.00578
40	73	1.03249
40	133	0.890586
40	138	1.59454
40	166	0.879787
40	174	3.56491
41	11	0.952922
41	91	1.06194
41	92	1.11526
41	100	1.09305
41	101	1.09293
41	116	0.54792
41	117	0.469723
41	164	0.974523
41	166	1.02534
41	177	0.996757
41	178	1.00803
41	179	1.00392
41	180	1.02494
42	6	1.14756
42	17	1.02885
42	29	1.01817
42	45	1.08647
42	59	1.06195
42	60	1.06189
42	70	1.04934
42	98	1.36804
42	135	1.0034
42	148	0.955177
42	151	0.970213
42	157	2.33306
42	178	2.93857
43	7	1.12894
43	18	1.14061
43	32	1.21251
43	36	1.22423
43	58	1.16309
43	94	1.18377
43	100	1.15396
43	101	1.15383
43	135	1.36137
43	145	1.44385
43	146	0.741353
43	164	1.03543
43	171	1.72543
44	19	0.989759
44	34	0.970712
44	57	1.03314
44	83	1.00655
44	84	1.08127
44	90	1.06788
44	95	1.0401
44	99	1.05558
44	102	1.09332
44	131	1.1749
44	137	1.45317
44	147	2.26093
44	170	0.952619
44	175	0.915629
45	6	1.10884
45	16	1.11885
45	25	1.01366
45	29	0.979451
45	42	1.08647
45	59	1.02323
45	60	1.02318
45	70	1.01062
45	88	0.750132
45	131	1.79245
45	135	0.964684
45	139	1.96039
45	148	0.916461
45	151	0.931496
46	23	0.958085
46	40	0.94363
46	48	1.03021
46	51	0.940902
46	64	0.897912
46	66	1.02936
46	68	1.0044
46	73	1.03111
46	123	1.73554
46	133	0.889206
46	150	2.32777
46	166	0.878407
47	64	1.00583
47	73	1.13903
47	94	0.449026
47	95	1.08971
47	101	0.0433363
47	102	1.14293
47	116	0.683303
47	166	0.986323
47	170	1.00223
47	174	0.958485
47	175	0.965238
47	177	0.957745
47	179	0.964902
47	180	0.98593
48	23	1.04605
48	40	1.03159
48	46	1.03021
48	51	1.02886
48	64	0.985874
48	66	1.11732
48	68	1.09236
48	73	1.11907
48	133	0.977167
48	134	1.32081
48	155	1.4262
48	160	1.89445
48	166	0.966368
49	85	2.18012
49	134	0.94523
49	154	0.884106
49	159	0.861518
49	167	0.880304
49	168	0.864736
49	171	0.904215
49	173	0.843207
49	174	0.826521
49	176	0.837578
49	177	0.825781
49	178	0.837057
49	179	0.832939
49	180	0.853966
50	6	1.1176
50	16	1.12761
50	17	0.998888
50	25	1.02242
50	29	0.988209
50	59	1.03199
50	60	1.03193
50	70	1.01938
50	135	0.973442
50	148	0.92522
50	151	0.940255
50	153	1.55633
50	171	0.971947
50	172	2.77393
51	23	0.956737
51	40	0.942282
51	46	0.940902
51	48	1.02886
51	64	0.896565
51	66	1.02801
51	68	1.00305
51	73	1.02976
51	133	0.887858
51	166	0.877059
51	169	1.97151
51	180	2.08592
52	5	1.00867
52	27	1.00713
52	35	1.11831
52	39	0.99104
52	56	1.05376
52	63	1.04644
52	77	1.08869
52	80	1.08788
52	96	0.779136
52	122	2.24648
52	133	0.953837
52	135	0.976561
52	141	1.86059
52	164	0.892224
53	64	0.918274
53	68	1.02476
53	73	1.05147
53	78	0.387769
53	94	0.9963
53	100	0.966484
53	101	0.966358
53	117	1.18054
53	164	0.847954
53	166	0.898768
53	174	0.870929
53	176	0.881987
53	179	0.877347
53	180	0.898374
54	4	1.00078
54	12	1.1094
54	61	1.03463
54	62	1.04396
54	69	1.018
54	78	0.997256
54	86	1.05913
54	91	0.970369
54	92	1.0237
54	140	1.34712
54	147	1.29084
54	155	1.0055
54	166	0.933769
54	173	2.65393
55	11	0.929961
55	30	1.00985
55	31	0.913279
55	67	0.952689
55	74	0.937028
55	81	0.925472
55	82	0.927814
55	89	1.33285
55	104	0.93729
55	108	0.98431
55	109	0.934378
55	155	0.924725
55	170	2.89295
55	172	0.837372
56	5	0.990917
56	9	0.421908
56	35	1.10056
56	52	1.05376
56	63	1.02868
56	77	1.07094
56	80	1.07013
56	93	1.07548
56	127	1.02855
56	132	1.46874
56	133	0.936085
56	135	0.958809
56	153	2.53981
56	164	0.874473
57	19	0.964033
57	33	1.0529
57	34	0.944986
57	44	1.03314
57	83	0.98082
57	84	1.05555
57	90	1.04216
57	93	0.893161
57	95	1.01437
57	99	1.02985
57	102	1.0676
57	143	1.25928
57	169	3.04693
57	170	0.926894
57	175	0.889904
58	2	0.950538
58	10	0.949272
58	18	0.945792
58	20	1.08221
58	26	1.07144
58	36	1.02941
58	43	1.16309
58	93	1.04161
58	94	0.98895
58	100	0.959135
58	101	0.959009
58	150	1.29881
58	161	2.92776
58	164	0.840605
58	177	2.69803
59	6	1.08432
59	16	1.09432
59	17	0.965603
59	25	0.989132
59	42	1.06195
59	45	1.02323
59	50	1.03199
59	60	0.998649
59	70	0.986096
59	135	0.940157
59	142	1.11995
59	148	0.891935
59	151	0.90697
59	172	1.98061
59	175	2.58047
60	6	1.08426
60	16	1.09426
60	17	0.965546
60	25	0.989075
60	29	0.954868
60	42	1.06189
60	45	1.02318
60	50	1.03193
60	59	0.998649
60	70	0.98604
60	106	1.07204
60	145	1.10284
60	148	0.891878
60	151	0.906913
60	172	3.1864
61	12	1.09106
61	38	0.959756
61	54	1.03463
61	62	1.02561
61	69	0.999652
61	72	0.995053
61	78	0.978907
61	86	1.04078
61	91	0.95202
61	92	1.00535
61	155	0.987155
61	162	1.49324
61	166	0.915421
61	167	1.68618
61	168	2.08922
62	4	0.991766
62	38	0.96909
62	54	1.04396
62	61	1.02561
62	69	1.00899
62	72	1.00439
62	78	0.988241
62	86	1.05012
62	91	0.961354
62	92	1.01468
62	133	1.35281
62	137	1.39243
62	155	0.996489
62	166	0.924755
62	177	4.3389
63	5	0.983593
63	27	0.982057
63	35	1.09323
63	39	0.965965
63	52	1.04644
63	56	1.02868
63	77	1.06362
63	80	1.06281
63	88	0.769463
63	127	1.02122
63	133	0.928761
63	135	0.951485
63	146	1.36884
63	164	0.867149
63	167	2.84364
64	3	0.858594
64	23	0.913748
64	40	0.899293
64	46	0.897912
64	47	1.00583
64	48	0.985874
64	51	0.896565
64	53	0.918274
64	66	0.985025
64	68	0.960059
64	73	0.986775
64	133	0.844869
64	152	2.15649
64	166	0.83407
64	175	2.9062
65	86	2.41764
65	128	0.944241
65	144	0.88016
65	152	0.867412
65	162	0.896312
65	165	0.855612
65	168	0.86106
65	169	0.863569
65	173	0.839531
65	174	0.822845
65	176	0.833902
65	177	0.822105
65	178	0.833381
65	179	0.829263
65	180	0.85029
66	23	1.0452
66	40	1.03074
66	46	1.02936
66	48	1.11732
66	51	1.02801
66	64	0.985025
66	68	1.09151
66	73	1.11822
66	124	1.51738
66	125	1.01222
66	133	0.976318
66	166	0.965519
66	167	2.29261
67	24	0.982469
67	31	0.97455
67	55	0.952689
67	74	0.998299
67	81	0.986743
67	82	0.989085
67	87	0.985319
67	89	1.35251
67	97	1.01526
67	104	0.99856
67	108	1.04558
67	109	0.995649
67	149	1.37199
67	155	0.985996
67	172	0.898643
67	179	4.69347
68	23	1.02023
68	40	1.00578
68	46	1.0044
68	48	1.09236
68	51	1.00305
68	53	1.02476
68	64	0.960059
68	66	1.09151
68	73	1.09326
68	115	2.17431
68	133	0.951352
68	146	1.29587
68	165	2.53661
68	166	0.940553
69	4	0.965806
69	22	1.08413
69	38	0.94313
69	54	1.018
69	61	0.999652
69	62	1.00899
69	72	0.978427
69	78	0.962281
69	86	1.02416
69	91	0.935394
69	92	0.988723
69	131	1.63501
69	145	1.89458
69	149	1.65252
69	155	0.970529
69	166	0.898795
70	6	1.07171
70	16	1.08171
70	17	0.952994
70	25	0.976522
70	29	0.942315
70	42	1.04934
70	45	1.01062
70	50	1.01938
70	59	0.986096
70	60	0.98604
70	135	0.927548
70	148	0.879326
70	151	0.894361
70	154	2.27141
70	155	1.0832
70	170	1.89746
71	76	1.0011
71	85	0.968113
71	93	0.816528
71	103	1.00751
71	107	1.04667
71	116	1.01527
71	121	1.03133
71	126	1.01216
71	129	1.03622
71	130	1.02378
71	143	1.29215
71	150	0.956065
71	170	0.9316
71	172	0.900077
71	175	0.89461
71	178	4.49655
72	4	0.961208
72	12	1.06983
72	22	1.07953
72	38	0.938532
72	61	0.995053
72	62	1.00439
72	69	0.978427
72	78	0.957683
72	86	1.01956
72	91	0.930796
72	92	0.984125
72	144	1.60809
72	155	0.96593
72	160	1.03049
72	166	0.894196
72	178	3.50645
73	3	0.991794
73	23	1.04695
73	40	1.03249
73	46	1.03111
73	47	1.13903
73	48	1.11907
73	51	1.02976
73	53	1.05147
73	64	0.986775
73	66	1.11822
73	68	1.09326
73	133	0.978069
73	148	2.74997
73	154	1.72497
73	155	1.1816
73	162	1.30043
73	166	0.96727
74	30	1.05546
74	31	0.958889
74	55	0.937028
74	67	0.998299
74	82	0.973424
74	87	0.969658
74	97	0.999598
74	104	0.9829
74	108	1.02992
74	109	0.979988
74	115	0.91246
74	150	0.938971
74	155	0.970335
74	157	3.23121
74	165	2.25659
74	170	0.881059
74	172	0.882982
75	77	0.7087
75	125	1.08325
75	126	0.322518
75	127	0.158252
75	152	0.979324
75	158	0.999087
75	162	1.00822
75	163	0.931548
75	165	0.967524
75	167	0.98854
75	168	0.972971
75	174	0.934757
75	176	0.945814
75	177	0.934017
75	178	0.945292
75	179	0.941174
75	180	0.962202
76	37	1.66094
76	71	1.0011
76	79	0.981439
76	85	0.95239
76	103	0.991784
76	112	1.00649
76	116	0.999548
76	117	0.98067
76	119	0.993982
76	120	1.0301
76	129	1.0205
76	130	1.00806
76	144	2.51981
76	145	0.832553
76	170	0.915877
76	172	0.884354
76	175	0.878887
77	5	1.02585
77	27	1.02431
77	35	1.13549
77	39	1.00822
77	52	1.08869
77	56	1.07094
77	63	1.06362
77	75	0.7087
77	80	1.10506
77	93	1.11041
77	124	1.62129
77	127	1.06348
77	133	0.971016
77	135	0.993739
77	137	1.64293
77	155	1.43991
77	164	0.909403
78	3	1.77866
78	4	0.945061
78	12	1.05368
78	22	1.06338
78	38	0.922386
78	53	0.387769
78	54	0.997256
78	61	0.978907
78	62	0.988241
78	69	0.962281
78	72	0.957683
78	86	1.00341
78	91	0.914649
78	92	0.967979
78	155	0.949784
78	156	2.07672
78	166	0.87805
79	76	0.981439
79	103	0.987843
79	107	1.02701
79	116	0.995606
79	117	0.976728
79	118	1.49816
79	120	1.02616
79	121	1.01167
79	126	0.992492
79	129	1.01656
79	130	1.00412
79	135	1.56336
79	150	0.936401
79	151	0.896366
79	162	2.2252
79	172	0.880412
79	175	0.874945
80	5	1.02504
80	27	1.0235
80	35	1.13468
80	39	1.00741
80	52	1.08788
80	56	1.07013
80	63	1.06281
80	77	1.10506
80	93	1.1096
80	122	1.45295
80	127	1.06267
80	133	0.970207
80	135	0.99293
80	141	1.06706
80	155	1.18981
80	159	3.58464
80	164	0.908594
81	11	0.964016
81	21	1.06435
81	30	1.04391
81	31	0.947333
81	55	0.925472
81	67	0.986743
81	82	0.961868
81	87	0.958103
81	96	0.666766
81	97	0.988043
81	104	0.971344
81	108	1.01836
81	109	0.968432
81	150	0.927415
81	158	1.90618
81	172	0.871427
81	180	2.87229
82	11	0.966357
82	21	1.06669
82	24	0.957594
82	55	0.927814
82	67	0.989085
82	74	0.973424
82	81	0.961868
82	87	0.960444
82	97	0.990384
82	104	0.973686
82	108	1.02071
82	109	0.970774
82	111	1.01125
82	124	1.63093
82	155	0.961121
82	168	2.8092
82	172	0.873768
83	19	0.937439
83	33	1.0263
83	34	0.918392
83	44	1.00655
83	57	0.98082
83	84	1.02895
83	90	1.01556
83	95	0.987777
83	99	1.00326
83	102	1.041
83	115	0.898254
83	127	0.987657
83	134	1.05349
83	149	1.10115
83	170	0.900299
83	172	3.42676
83	175	0.863309
84	19	1.01216
84	33	1.10103
84	34	0.993118
84	44	1.08127
84	57	1.05555
84	83	1.02895
84	90	1.09029
84	95	1.0625
84	99	1.07798
84	102	1.11573
84	127	1.06238
84	138	1.24699
84	146	0.940458
84	155	1.45865
84	162	2.22232
84	170	0.975025
84	175	0.938035
85	15	1.06056
85	49	2.18012
85	71	0.968113
85	76	0.95239
85	103	0.958794
85	112	0.973503
85	116	0.966557
85	117	0.947679
85	119	0.960991
85	120	0.997111
85	121	0.982618
85	126	0.963443
85	129	0.987506
85	130	0.97507
85	138	0.970474
85	141	1.71084
85	170	0.882886
85	175	0.845896
86	4	1.00694
86	12	1.11556
86	22	1.12526
86	38	0.984261
86	54	1.05913
86	61	1.04078
86	62	1.05012
86	65	2.41764
86	69	1.02416
86	72	1.01956
86	78	1.00341
86	91	0.976524
86	92	1.02985
86	98	0.806623
86	146	0.646138
86	155	1.01166
86	158	1.46668
86	166	0.939925
87	11	0.962592
87	21	1.06292
87	24	0.953829
87	28	0.837658
87	67	0.985319
87	74	0.969658
87	81	0.958103
87	82	0.960444
87	97	0.986619
87	104	0.96992
87	108	1.01694
87	109	0.967008
87	148	2.25085
87	150	0.925991
87	155	0.957355
87	165	2.22744
87	172	0.870003
87	180	1.69042
88	45	0.750132
88	63	0.769463
88	95	0.168822
88	104	0.555326
88	147	1.07805
88	157	1.03476
88	163	0.997209
88	165	1.03318
88	167	1.0542
88	169	1.04114
88	171	1.07811
88	173	1.0171
88	174	1.00042
88	176	1.01147
88	177	0.999678
88	178	1.01095
88	179	1.00684
88	180	1.02786
89	55	1.33285
89	67	1.35251
89	130	0.614001
89	149	1.06585
89	154	0.977397
89	156	0.995083
89	160	1.01042
89	162	0.993279
89	163	0.916604
89	168	0.958027
89	169	0.960536
89	173	0.936498
89	174	0.919812
89	176	0.930869
89	177	0.919072
89	178	0.930348
89	179	0.92623
89	180	0.947257
90	19	0.998774
90	33	1.08764
90	34	0.979727
90	44	1.06788
90	57	1.04216
90	83	1.01556
90	84	1.09029
90	95	1.04911
90	99	1.06459
90	102	1.10234
90	115	0.959589
90	118	1.1193
90	127	1.04899
90	139	1.17537
90	162	1.84635
90	167	2.03929
90	170	0.961635
90	175	0.924645
91	4	0.918174
91	12	1.0268
91	22	1.0365
91	37	0.893101
91	38	0.895498
91	41	1.06194
91	54	0.970369
91	61	0.95202
91	62	0.961354
91	69	0.935394
91	72	0.930796
91	78	0.914649
91	86	0.976524
91	92	0.941092
91	150	1.15321
91	152	2.68245
91	155	0.922897
91	166	0.851163
91	172	2.8323
92	4	0.971504
92	12	1.08013
92	22	1.08983
92	37	0.946431
92	38	0.948828
92	41	1.11526
92	54	1.0237
92	61	1.00535
92	62	1.01468
92	69	0.988723
92	72	0.984125
92	78	0.967979
92	86	1.02985
92	91	0.941092
92	93	1.18707
92	123	1.79902
92	134	1.69708
92	139	1.89517
92	155	0.976226
92	166	0.904492
93	56	1.07548
93	57	0.893161
93	58	1.04161
93	71	0.816528
93	77	1.11041
93	80	1.1096
93	92	1.18707
93	94	1.06229
93	100	1.03247
93	101	1.03235
93	102	0.170566
93	127	1.06802
93	164	0.913944
93	167	0.990702
93	173	0.953604
93	176	0.947976
93	178	0.947454
93	179	0.943336
93	180	0.964364
94	2	0.971216
94	7	0.954794
94	10	0.96995
94	18	0.966469
94	20	1.10289
94	26	1.09211
94	32	1.03837
94	36	1.05008
94	43	1.18377
94	47	0.449026
94	53	0.9963
94	58	0.98895
94	93	1.06229
94	100	0.979812
94	101	0.979686
94	134	1.17875
94	164	0.861282
94	168	2.64379
94	170	2.0984
95	19	0.97099
95	28	0.869982
95	33	1.05986
95	34	0.951943
95	44	1.0401
95	47	1.08971
95	57	1.01437
95	83	0.987777
95	84	1.0625
95	88	0.168822
95	90	1.04911
95	99	1.03681
95	102	1.07455
95	115	0.931805
95	123	1.28293
95	127	1.02121
95	140	2.35345
95	154	2.4746
95	170	0.933851
95	175	0.896861
96	22	0.985937
96	36	1.56816
96	52	0.779136
96	81	0.666766
96	145	1.09155
96	152	1.0156
96	158	1.03536
96	159	1.00603
96	161	0.985496
96	163	0.967826
96	167	1.02482
96	169	1.01176
96	173	0.987719
96	174	0.971034
96	175	0.977787
96	176	0.982091
96	177	0.970294
96	178	0.98157
96	179	0.977451
96	180	0.998479
97	9	1.13141
97	11	0.992532
97	21	1.09286
97	24	0.983769
97	30	1.07242
97	31	0.975849
97	67	1.01526
97	74	0.999598
97	81	0.988043
97	82	0.990384
97	87	0.986619
97	104	0.99986
97	108	1.04688
97	109	0.996948
97	150	0.955931
97	153	0.92965
97	155	0.987295
97	172	0.899943
97	176	2.78242
97	177	3.92545
98	34	1.82534
98	42	1.36804
98	86	0.806623
98	143	1.05062
98	147	0.981175
98	159	0.93854
98	160	0.994149
98	161	0.918006
98	163	0.900335
98	165	0.936311
98	168	0.941758
98	170	0.947286
98	171	0.981237
98	173	0.920229
98	174	0.903543
98	176	0.914601
98	177	0.902803
98	178	0.914079
98	179	0.909961
98	180	0.930988
99	3	0.957951
99	19	0.98647
99	33	1.07534
99	34	0.967423
99	44	1.05558
99	57	1.02985
99	83	1.00326
99	84	1.07798
99	90	1.06459
99	95	1.03681
99	102	1.09003
99	105	2.36219
99	115	0.947285
99	127	1.03669
99	150	1.30045
99	154	1.89989
99	156	1.64958
99	170	0.949331
99	175	0.912341
100	2	0.9414
100	7	0.924979
100	10	0.940135
100	18	0.936654
100	20	1.07307
100	26	1.0623
100	32	1.00855
100	36	1.02027
100	37	0.924218
100	41	1.09305
100	43	1.15396
100	53	0.966484
100	58	0.959135
100	93	1.03247
100	94	0.979812
100	101	0.949871
100	137	1.14587
100	162	0.948241
100	163	4.35181
100	164	0.831467
100	167	1.14118
101	2	0.941274
101	7	0.924853
101	10	0.940009
101	18	0.936528
101	20	1.07294
101	26	1.06217
101	32	1.00842
101	36	1.02014
101	37	0.924092
101	41	1.09293
101	43	1.15383
101	47	0.0433363
101	53	0.966358
101	58	0.959009
101	93	1.03235
101	94	0.979686
101	100	0.949871
101	133	2.81464
101	164	0.831341
101	165	2.88228
101	171	1.15837
102	19	1.02422
102	28	0.923208
102	33	1.11308
102	34	1.00517
102	44	1.09332
102	47	1.14293
102	57	1.0676
102	83	1.041
102	84	1.11573
102	90	1.10234
102	93	0.170566
102	95	1.07455
102	99	1.09003
102	115	0.985031
102	122	1.70057
102	123	0.782513
102	127	1.07443
102	148	2.99918
102	158	1.47264
102	170	0.987077
102	175	0.950087
103	71	1.00751
103	76	0.991784
103	79	0.987843
103	85	0.958794
103	107	1.03735
103	112	1.0129
103	116	1.00595
103	118	1.19108
103	119	1.00039
103	120	1.0365
103	121	1.02201
103	126	1.00284
103	128	1.00471
103	129	1.0269
103	130	1.01446
103	133	2.23254
103	148	0.891676
103	151	0.906711
103	163	4.27763
103	170	0.92228
103	172	0.890757
103	175	0.88529
104	11	0.975833
104	21	1.07616
104	24	0.96707
104	30	1.05572
104	31	0.959151
104	55	0.93729
104	67	0.99856
104	74	0.9829
104	81	0.971344
104	82	0.973686
104	87	0.96992
104	88	0.555326
104	97	0.99986
104	108	1.03018
104	109	0.98025
104	115	0.912722
104	131	1.59764
104	135	1.77472
104	150	0.939233
104	155	0.970597
104	170	2.48716
104	172	0.883244
105	7	2.03781
105	99	2.36219
105	131	0.945154
105	148	0.852904
105	149	0.985807
105	153	0.927094
105	157	0.874111
105	159	0.874762
105	161	0.854228
105	162	0.913232
105	163	0.836557
105	165	0.872533
105	167	0.893549
105	169	0.880489
105	171	0.917459
105	173	0.856451
105	174	0.839765
105	176	0.850823
105	177	0.839025
105	178	0.850301
105	179	0.846183
105	180	0.86721
106	17	2.04178
106	60	1.07204
106	124	1.00297
106	129	0.403858
106	134	0.998313
106	139	0.973012
106	153	0.966933
106	154	0.937189
106	156	0.954875
106	159	0.914601
106	161	0.894067
106	165	0.912371
106	167	0.933387
106	168	0.917819
106	171	0.957298
106	173	0.89629
106	174	0.879604
106	176	0.890661
106	177	0.878864
106	178	0.89014
106	179	0.886022
106	180	0.907049
107	1	1.10211
107	71	1.04667
107	79	1.02701
107	103	1.03735
107	111	1.20521
107	112	1.05206
107	116	1.04512
107	119	1.03955
107	120	1.07567
107	121	1.06118
107	126	1.042
107	127	1.0488
107	129	1.06607
107	130	1.05363
107	138	1.43186
107	146	1.12532
107	148	0.930841
107	149	1.58577
107	151	0.945877
107	158	2.33018
107	170	0.961445
107	172	0.929923
107	175	0.924456
108	11	1.02285
108	21	1.12318
108	24	1.01409
108	30	1.10274
108	31	1.00617
108	55	0.98431
108	67	1.04558
108	74	1.02992
108	81	1.01836
108	82	1.02071
108	87	1.01694
108	97	1.04688
108	104	1.03018
108	109	1.02727
108	115	0.959742
108	118	1.19145
108	143	0.861261
108	150	0.986253
108	151	2.17532
108	155	1.01762
108	169	1.88935
108	172	0.930265
108	175	3.21872
109	11	0.972921
109	21	1.07325
109	24	0.964158
109	28	0.847987
109	30	1.05281
109	31	0.956239
109	55	0.934378
109	67	0.995649
109	74	0.979988
109	81	0.968432
109	82	0.970774
109	87	0.967008
109	97	0.996948
109	104	0.98025
109	108	1.02727
109	114	0.951098
109	115	0.90981
109	145	1.4524
109	150	0.936321
109	151	3.09242
109	155	0.967685
109	167	2.2247
109	172	0.880332
110	25	2.54431
110	121	0.635318
110	140	0.927649
110	146	0.993694
110	153	0.919096
110	154	0.889352
110	156	0.907038
110	157	0.866112
110	159	0.866764
110	160	0.922373
110	165	0.864534
110	167	0.88555
110	168	0.869982
110	169	0.872491
110	171	0.909461
110	173	0.848453
110	174	0.831767
110	176	0.842824
110	177	0.831027
110	178	0.842303
110	179	0.838185
110	180	0.859212
111	3	0.977613
111	22	1.10038
111	82	1.01125
111	107	1.20521
111	119	0.533286
111	146	1.08718
111	152	0.969817
111	153	1.01258
111	156	1.00052
111	162	0.998717
111	163	0.922042
111	165	0.958018
111	167	0.979033
111	168	0.963465
111	169	0.965974
111	171	1.00294
111	173	0.941936
111	174	0.92525
111	176	0.936308
111	177	0.92451
111	178	0.935786
111	179	0.931668
111	180	0.952695
112	1	1.07765
112	13	1.10805
112	15	1.11466
112	76	1.00649
112	85	0.973503
112	103	1.0129
112	107	1.05206
112	113	1.81152
112	116	1.02066
112	119	1.01509
112	120	1.05121
112	121	1.03672
112	125	0.676766
112	126	1.01755
112	129	1.04161
112	130	1.02917
112	144	2.87211
112	150	0.961455
112	151	0.921421
112	160	1.46879
112	162	1.76422
112	170	0.93699
112	172	0.905467
112	175	0.9
113	12	1.6181
113	26	1.37038
113	28	0.85946
113	112	1.81152
113	123	1.00136
113	131	0.984975
113	156	0.954856
113	157	0.913931
113	160	0.970192
113	161	0.894048
113	163	0.876377
113	164	0.856611
113	165	0.912353
113	167	0.933369
113	168	0.9178
113	169	0.92031
113	171	0.957279
113	173	0.896271
113	174	0.879586
113	176	0.890643
113	177	0.878846
113	178	0.890121
113	179	0.886003
113	180	0.907031
114	4	1.76845
114	13	0.753094
114	109	0.951098
114	127	0.572475
114	147	0.995201
114	153	1.0049
114	154	0.975154
114	155	1.01714
114	156	0.99284
114	157	0.951914
114	158	0.9819
114	162	0.991036
114	163	0.914361
114	166	0.945408
114	168	0.955784
114	169	0.958293
114	171	0.995263
114	173	0.934255
114	174	0.917569
114	176	0.928626
114	177	0.916829
114	178	0.928105
114	179	0.923987
114	180	0.945014
115	28	0.780459
115	29	2.82569
115	68	2.17431
115	74	0.91246
115	83	0.898254
115	90	0.959589
115	95	0.931805
115	99	0.947285
115	102	0.985031
115	104	0.912722
115	108	0.959742
115	109	0.90981
115	122	0.896837
115	148	0.813723
115	150	0.868793
115	158	0.864914
115	161	0.815047
115	170	0.844327
115	172	0.812804
115	175	0.807337
115	176	0.811641
115	177	0.799844
115	178	0.81112
115	179	0.807002
115	180	0.828029
116	14	1.09156
116	41	0.54792
116	47	0.683303
116	71	1.01527
116	76	0.999548
116	79	0.995606
116	85	0.966557
116	103	1.00595
116	107	1.04512
116	112	1.02066
116	117	0.994837
116	119	1.00815
116	120	1.04427
116	121	1.02978
116	125	1.70598
116	126	1.0106
116	129	1.03466
116	130	1.02223
116	143	1.78048
116	148	0.89944
116	150	0.95451
116	151	0.914475
116	170	0.930044
116	171	2.49565
116	172	0.898521
116	175	0.893054
117	1	1.05183
117	8	1.06483
117	13	1.08222
117	14	1.07268
117	15	1.08884
117	41	0.469723
117	53	1.18054
117	76	0.98067
117	79	0.976728
117	85	0.947679
117	116	0.994837
117	119	0.989271
117	120	1.02539
117	121	1.0109
117	126	0.991723
117	127	0.998524
117	129	1.01579
117	130	1.00335
117	134	1.34987
117	148	0.880562
117	150	0.935632
117	168	2.81492
117	170	0.911166
117	171	1.92115
117	172	0.879643
117	175	0.874176
118	79	1.49816
118	90	1.1193
118	103	1.19108
118	108	1.19145
118	136	0.942632
118	138	1.05436
118	139	0.99404
118	146	1.06256
118	153	0.987961
118	156	0.975903
118	158	0.964963
118	160	0.991238
118	161	0.915095
118	162	0.974099
118	163	0.897424
118	168	0.938847
118	169	0.941356
118	171	0.978326
118	173	0.917318
118	174	0.900632
118	176	0.911689
118	177	0.899892
118	178	0.911168
118	179	0.90705
118	180	0.928077
119	8	1.07814
119	13	1.09553
119	76	0.993982
119	85	0.960991
119	103	1.00039
119	107	1.03955
119	111	0.533286
119	112	1.01509
119	116	1.00815
119	117	0.989271
119	120	1.0387
119	121	1.02421
119	126	1.00503
119	127	1.01184
119	129	1.0291
119	130	1.01666
119	148	0.893874
119	150	0.948943
119	151	0.908909
119	153	2.02186
119	155	0.971588
119	160	1.43984
119	170	0.924478
119	172	0.892955
119	173	3.34546
119	175	0.887488
120	1	1.10126
120	8	1.11426
120	14	1.12211
120	76	1.0301
120	79	1.02616
120	85	0.997111
120	103	1.0365
120	107	1.07567
120	112	1.05121
120	116	1.04427
120	117	1.02539
120	119	1.0387
120	121	1.06033
120	126	1.04115
120	129	1.06522
120	130	1.05278
120	137	0.965603
120	142	1.20154
120	148	0.929993
120	149	0.704841
120	151	0.945028
120	156	1.70049
120	169	2.30095
120	170	0.960597
120	172	0.929074
120	173	3.13645
120	175	0.923607
121	1	1.08677
121	8	1.09977
121	14	1.10762
121	71	1.03133
121	79	1.01167
121	85	0.982618
121	103	1.02201
121	107	1.06118
121	110	0.635318
121	112	1.03672
121	116	1.02978
121	117	1.0109
121	119	1.02421
121	120	1.06033
121	126	1.02666
121	127	1.03346
121	129	1.05073
121	130	1.03829
121	140	1.26236
121	142	1.52354
121	148	0.915501
121	150	0.970571
121	159	2.04961
121	163	3.17056
121	170	0.946105
121	172	0.914582
121	175	0.909115
121	176	2.96852
122	52	2.24648
122	80	1.45295
122	102	1.70057
122	115	0.896837
122	133	0.893777
122	137	0.987748
122	145	0.975652
122	147	0.932771
122	153	0.942468
122	157	0.889485
122	158	0.91947
122	159	0.890136
122	160	0.945746
122	161	0.869602
122	163	0.851931
122	165	0.887907
122	167	0.908923
122	168	0.893354
122	169	0.895863
122	171	0.932833
122	173	0.871825
122	174	0.855139
122	176	0.866197
122	177	0.854399
122	178	0.865675
122	179	0.861557
122	180	0.882584
123	46	1.73554
123	92	1.79902
123	95	1.28293
123	102	0.782513
123	113	1.00136
123	125	1.02915
123	131	0.986051
123	146	1.04259
123	152	0.925229
123	153	0.967991
123	154	0.938247
123	157	0.915007
123	160	0.971268
123	161	0.895125
123	162	0.954129
123	163	0.877454
123	165	0.913429
123	167	0.934445
123	168	0.918877
123	169	0.921386
123	171	0.958356
123	173	0.897348
123	174	0.880662
123	176	0.891719
123	177	0.879922
123	178	0.891198
123	179	0.88708
123	180	0.908107
124	33	0.830388
124	66	1.51738
124	77	1.62129
124	82	1.63093
124	106	1.00297
124	132	0.989417
124	134	1.00096
124	137	1.01486
124	154	0.939835
124	156	0.957521
124	157	0.916596
124	158	0.946581
124	160	0.972856
124	161	0.896713
124	162	0.955717
124	165	0.915018
124	167	0.936033
124	168	0.920465
124	169	0.922974
124	171	0.959944
124	173	0.898936
124	174	0.88225
124	175	0.889003
124	176	0.893308
124	177	0.88151
124	178	0.892786
124	179	0.888668
124	180	0.909695
125	20	0.926333
125	66	1.01222
125	75	1.08325
125	112	0.676766
125	116	1.70598
125	123	1.02915
125	126	0.729953
125	133	0.946017
125	145	1.02789
125	146	1.06931
125	153	0.994708
125	154	0.964964
125	156	0.98265
125	158	0.971709
125	159	0.942376
125	160	0.997985
125	161	0.921842
125	162	0.980845
125	165	0.940146
125	167	0.961162
125	169	0.948103
125	171	0.985073
125	173	0.924065
125	174	0.907379
125	176	0.918436
125	177	0.906639
125	178	0.917915
125	179	0.913797
125	180	0.934824
126	1	1.06759
126	8	1.08059
126	13	1.09799
126	14	1.08845
126	15	1.1046
126	71	1.01216
126	75	0.322518
126	79	0.992492
126	85	0.963443
126	103	1.00284
126	107	1.042
126	112	1.01755
126	116	1.0106
126	117	0.991723
126	119	1.00503
126	120	1.04115
126	121	1.02666
126	125	0.729953
126	129	1.03155
126	130	1.01911
126	141	1.58244
126	147	2.06451
126	150	0.951395
126	151	0.91136
126	160	1.52198
126	170	0.926929
126	172	0.895406
126	175	0.889939
126	180	2.70651
127	27	0.98192
127	39	0.965828
127	56	1.02855
127	63	1.02122
127	75	0.158252
127	77	1.06348
127	80	1.06267
127	83	0.987657
127	84	1.06238
127	90	1.04899
127	93	1.06802
127	95	1.02121
127	99	1.03669
127	102	1.07443
127	107	1.0488
127	114	0.572475
127	117	0.998524
127	119	1.01184
127	121	1.03346
127	129	1.03835
127	130	1.02591
127	138	0.677806
127	145	1.07377
127	164	0.867012
127	166	3.04667
127	170	0.93373
127	172	0.902207
127	173	3.26333
127	175	0.89674
128	6	1.10752
128	20	2.14444
128	33	1.54333
128	65	0.944241
128	103	1.00471
128	134	0.998992
128	140	0.976165
128	152	0.92485
128	153	0.967611
128	155	0.979855
128	156	0.955553
128	157	0.914628
128	158	0.944613
128	160	0.970889
128	162	0.953749
128	163	0.877074
128	165	0.91305
128	167	0.934066
128	168	0.918497
128	169	0.921007
128	171	0.957976
128	173	0.896968
128	174	0.880283
128	175	0.887036
128	176	0.89134
128	177	0.879543
128	178	0.890818
128	179	0.8867
128	180	0.907728
129	1	1.09166
129	8	1.10465
129	13	1.12205
129	15	1.12866
129	71	1.03622
129	76	1.0205
129	79	1.01656
129	85	0.987506
129	103	1.0269
129	106	0.403858
129	107	1.06607
129	112	1.04161
129	116	1.03466
129	117	1.01579
129	119	1.0291
129	120	1.06522
129	121	1.05073
129	126	1.03155
129	127	1.03835
129	130	1.04318
129	138	0.878334
129	141	0.779065
129	142	0.796704
129	148	0.920389
129	150	0.975458
129	151	0.935424
129	170	0.950993
129	171	1.40502
129	172	0.91947
129	174	4.32584
129	175	0.914003
129	176	4.21556
130	1	1.07922
130	8	1.09222
130	13	1.10961
130	14	1.10007
130	15	1.11623
130	71	1.02378
130	76	1.00806
130	79	1.00412
130	85	0.97507
130	89	0.614001
130	103	1.01446
130	107	1.05363
130	112	1.02917
130	116	1.02223
130	117	1.00335
130	119	1.01666
130	120	1.05278
130	121	1.03829
130	126	1.01911
130	127	1.02591
130	129	1.04318
130	139	1.36908
130	147	1.02657
130	148	0.907952
130	150	0.963022
130	151	0.922987
130	157	2.142
130	164	6.24719
130	167	0.9724
130	170	0.938556
130	172	0.907033
130	175	0.901566
130	178	2.74751
131	44	1.1749
131	45	1.79245
131	69	1.63501
131	104	1.59764
131	105	0.945154
131	113	0.984975
131	123	0.986051
131	138	1.01801
131	139	0.957684
131	146	1.0262
131	149	1.01032
131	152	0.908843
131	154	0.921861
131	157	0.898621
131	158	0.928606
131	159	0.899272
131	161	0.878738
131	163	0.861067
131	165	0.897043
131	167	0.918059
131	168	0.90249
131	169	0.904999
131	171	0.941969
131	173	0.880961
131	174	0.864275
131	175	0.871029
131	176	0.875333
131	177	0.863535
131	178	0.874811
131	179	0.870693
131	180	0.891721
132	10	2.11336
132	17	1.86747
132	30	0.750428
132	56	1.46874
132	124	0.989417
132	134	0.984762
132	140	0.961935
132	144	0.923368
132	145	0.986565
132	148	0.879192
132	149	1.0121
132	152	0.91062
132	154	0.923638
132	156	0.941324
132	158	0.930383
132	160	0.956659
132	161	0.880516
132	162	0.93952
132	163	0.862845
132	165	0.89882
132	168	0.904268
132	169	0.906777
132	170	0.909796
132	171	0.943747
132	173	0.882739
132	174	0.866053
132	176	0.87711
132	177	0.865313
132	178	0.876589
132	179	0.872471
132	180	0.893498
133	5	0.890993
133	27	0.889457
133	39	0.873365
133	40	0.890586
133	46	0.889206
133	48	0.977167
133	51	0.887858
133	52	0.953837
133	56	0.936085
133	62	1.35281
133	63	0.928761
133	64	0.844869
133	66	0.976318
133	68	0.951352
133	73	0.978069
133	77	0.971016
133	80	0.970207
133	101	2.81464
133	103	2.23254
133	122	0.893777
133	125	0.946017
133	164	0.774549
133	166	0.825363
133	167	0.851307
133	168	0.835739
133	173	0.81421
133	174	0.797524
133	176	0.808581
133	177	0.796784
133	178	0.80806
133	179	0.803942
133	180	0.824969
134	48	1.32081
134	49	0.94523
134	83	1.05349
134	92	1.69708
134	94	1.17875
134	106	0.998313
134	117	1.34987
134	124	1.00096
134	128	0.998992
134	132	0.984762
134	137	1.0102
134	138	1.03133
134	143	1.02468
134	145	0.998108
134	147	0.955227
134	152	0.922163
134	153	0.964924
134	158	0.941926
134	160	0.968202
134	161	0.892058
134	162	0.951062
134	163	0.874387
134	165	0.910363
134	167	0.931379
134	169	0.91832
134	171	0.955289
134	173	0.894281
134	174	0.877596
134	176	0.888653
134	177	0.876856
134	178	0.888132
134	179	0.884013
134	180	0.905041
135	5	0.913717
135	16	1.03577
135	17	0.907055
135	25	0.930584
135	27	0.912181
135	29	0.896376
135	34	1.90056
135	39	0.896089
135	42	1.0034
135	43	1.36137
135	45	0.964684
135	50	0.973442
135	52	0.976561
135	56	0.958809
135	59	0.940157
135	63	0.951485
135	70	0.927548
135	77	0.993739
135	79	1.56336
135	80	0.99293
135	104	1.77472
135	160	0.910854
135	162	0.893714
135	164	0.797273
135	168	0.858463
135	169	0.860972
135	171	0.897941
135	173	0.836933
135	174	0.820248
135	176	0.831305
135	178	0.830784
135	179	0.826666
135	180	0.847693
136	14	2.90112
136	21	3.29888
136	118	0.942632
136	137	0.933495
136	140	0.896769
136	141	0.917714
136	142	0.959783
136	149	0.946929
136	152	0.845454
136	153	0.888215
136	154	0.858472
136	158	0.865217
136	159	0.835883
136	160	0.891493
136	161	0.815349
136	162	0.874353
136	163	0.797678
136	164	0.777912
136	165	0.833654
136	167	0.85467
136	168	0.839101
136	169	0.841611
136	171	0.87858
136	173	0.817572
136	174	0.800887
136	175	0.80764
136	176	0.811944
136	177	0.800147
136	178	0.811423
136	179	0.807304
136	180	0.828332
137	44	1.45317
137	62	1.39243
137	77	1.64293
137	100	1.14587
137	120	0.965603
137	122	0.987748
137	124	1.01486
137	134	1.0102
137	136	0.933495
137	142	1.05039
137	144	0.94881
137	147	0.969126
137	152	0.936062
137	153	0.978823
137	154	0.94908
137	157	0.92584
137	159	0.926492
137	160	0.982101
137	161	0.905957
137	162	0.964961
137	163	0.888287
137	165	0.924262
137	167	0.945278
137	168	0.92971
137	169	0.932219
137	171	0.969188
137	173	0.90818
137	174	0.891495
137	176	0.902552
137	177	0.890755
137	178	0.902031
137	179	0.897912
137	180	0.91894
138	40	1.59454
138	84	1.24699
138	85	0.970474
138	107	1.43186
138	118	1.05436
138	127	0.677806
138	129	0.878334
138	131	1.01801
138	134	1.03133
138	139	1.00603
138	141	1.02944
138	142	1.07151
138	145	1.03313
138	152	0.957184
138	154	0.970202
138	156	0.987888
138	157	0.946962
138	158	0.976947
138	159	0.947614
138	160	1.00322
138	162	0.986084
138	163	0.909409
138	165	0.945384
138	166	0.940456
138	167	0.9664
138	168	0.950832
138	171	0.990311
138	173	0.929303
138	174	0.912617
138	176	0.923674
138	177	0.911877
138	178	0.923153
138	179	0.919035
138	180	0.940062
139	45	1.96039
139	90	1.17537
139	92	1.89517
139	106	0.973012
139	118	0.99404
139	130	1.36908
139	131	0.957684
139	138	1.00603
139	141	0.969122
139	143	0.999376
139	149	0.998337
139	153	0.939623
139	154	0.90988
139	157	0.88664
139	158	0.916625
139	159	0.887291
139	160	0.942901
139	162	0.925761
139	163	0.849086
139	165	0.885062
139	166	0.880133
139	167	0.906078
139	168	0.890509
139	169	0.893019
139	171	0.929988
139	173	0.86898
139	174	0.852295
139	176	0.863352
139	177	0.851555
139	178	0.862831
139	179	0.858712
139	180	0.87974
140	24	1.83707
140	54	1.34712
140	95	2.35345
140	110	0.927649
140	121	1.26236
140	128	0.976165
140	132	0.961935
140	136	0.896769
140	141	0.971596
140	143	1.00185
140	144	0.912084
140	147	0.9324
140	152	0.899336
140	153	0.942097
140	156	0.930039
140	158	0.919099
140	159	0.889766
140	160	0.945375
140	161	0.869231
140	162	0.928235
140	163	0.851561
140	165	0.887536
140	166	0.882608
140	167	0.908552
140	168	0.892984
140	171	0.932462
140	172	0.866989
140	173	0.871454
140	174	0.854769
140	176	0.865826
140	177	0.854029
140	178	0.865305
140	179	0.861186
140	180	0.882214
141	52	1.86059
141	80	1.06706
141	85	1.71084
141	126	1.58244
141	129	0.779065
141	136	0.917714
141	138	1.02944
141	139	0.969122
141	140	0.971596
141	143	1.0228
141	144	0.933029
141	146	1.03764
141	147	0.953346
141	149	1.02176
141	152	0.920281
141	153	0.963043
141	154	0.933299
141	157	0.910059
141	158	0.940044
141	159	0.910711
141	160	0.96632
141	161	0.890177
141	163	0.872506
141	165	0.908481
141	167	0.929497
141	168	0.913929
141	169	0.916438
141	171	0.953408
141	173	0.8924
141	174	0.875714
141	176	0.886771
141	177	0.874974
141	178	0.88625
141	179	0.882132
141	180	0.903159
142	14	1.38714
142	32	0.771131
142	59	1.11995
142	120	1.20154
142	121	1.52354
142	129	0.796704
142	136	0.959783
142	137	1.05039
142	138	1.07151
