1	23	0.496853
1	28	0.534969
1	43	0.475054
1	54	0.393493
1	152	1.36724
1	162	0.490212
1	168	1.37474
1	172	1.37428
1	174	1.3686
1	178	1.37971
1	179	1.3658
1	180	1.36965
2	40	1.32577
2	45	1.31808
2	50	1.27016
2	55	1.2708
2	81	1.26016
2	89	0.476406
2	150	0.510077
2	152	0.472223
2	167	0.479404
2	172	0.466567
2	175	1.57839
2	176	1.57664
3	81	1.2298
3	117	1.38464
3	145	1.26654
3	149	0.473994
3	157	1.29986
3	159	1.32486
3	169	0.492737
3	171	0.482998
3	174	0.490139
3	175	1.54802
3	176	1.54628
3	178	0.468649
4	35	0.573604
4	71	1.46934
4	120	1.34052
4	121	1.34702
4	150	0.513474
4	151	1.32813
4	156	1.38441
4	157	1.35279
4	159	1.37779
4	168	0.470102
4	175	0.367782
4	180	0.479952
5	21	1.33811
5	32	1.26967
5	35	0.473845
5	38	1.45548
5	90	1.37658
5	95	1.40258
5	114	1.3935
5	122	0.395808
5	146	1.36407
5	169	0.385907
5	170	0.376259
5	175	0.77738
6	87	0.477068
6	118	0.500241
6	129	0.46849
6	138	0.477356
6	149	1.37603
6	151	1.34446
6	157	1.36913
6	159	1.39413
6	160	0.469619
6	169	1.37402
6	177	1.36568
6	180	1.37656
7	22	1.29157
7	45	1.32389
7	50	1.27596
7	53	1.27596
7	81	1.26597
7	82	0.444015
7	92	0.472957
7	122	0.494176
7	126	0.500257
7	153	0.492436
7	175	1.58419
7	176	1.58245
8	29	1.16833
8	65	0.568352
8	68	1.41895
8	87	1.41655
8	91	1.39882
8	107	1.35873
8	115	1.43136
8	137	1.40725
8	138	0.479401
8	170	0.450223
8	173	0.446887
8	174	0.457273
9	27	0.45055
9	66	1.39841
9	116	0.50154
9	129	1.39837
9	131	1.3596
9	133	0.515578
9	134	1.35685
9	139	0.531518
9	140	1.38592
9	144	1.34496
9	150	1.35589
9	175	0.407132
10	40	1.32577
10	45	1.31808
10	53	1.27016
10	55	1.2708
10	81	1.26016
10	109	0.469773
10	133	0.487123
10	156	0.481861
10	170	0.486914
10	173	0.483577
10	175	1.57839
10	176	1.57664
11	59	1.08257
11	93	1.28804
11	110	1.27192
11	118	1.17018
11	122	0.614731
11	129	1.22
11	131	1.18123
11	134	1.17849
11	135	0.619751
11	140	1.20756
11	178	0.580742
11	179	0.588543
12	27	0.556376
12	105	0.605244
12	142	1.19035
12	144	0.63106
12	148	0.612427
12	153	1.20088
12	162	1.19501
12	163	1.20441
12	164	1.22731
12	165	1.18594
12	166	1.19063
12	173	1.20547
13	32	1.28819
13	35	0.561551
13	65	1.29507
13	70	1.37623
13	80	1.45081
13	90	1.3951
13	114	1.41202
13	146	1.38259
13	171	0.463874
13	172	0.45791
13	179	0.457326
13	180	0.467899
14	42	1.37306
14	46	0.48088
14	69	1.35042
14	70	1.35412
14	90	1.37299
14	95	1.399
14	114	1.38991
14	116	0.466888
14	146	1.36048
14	164	0.498388
14	173	0.47738
14	177	0.482701
15	146	0.477279
15	153	1.37385
15	154	1.39329
15	157	0.502729
15	160	1.38559
15	162	1.36798
15	165	1.35891
15	166	1.3636
15	170	0.473246
15	171	1.35678
15	177	0.475231
15	180	0.47718
16	56	0.56074
16	73	0.531428
16	93	0.500835
16	105	0.480651
16	106	1.34261
16	160	0.518041
16	170	1.29816
16	172	1.29802
16	174	1.29234
16	177	1.28251
16	178	1.30344
16	179	1.28954
16	180	1.29339
17	65	1.20629
17	95	1.33232
17	104	0.523879
17	114	1.32324
17	128	0.505746
17	129	1.33427
17	131	1.2955
17	134	1.29275
17	140	1.32182
17	146	1.29381
17	147	0.542084
17	155	0.509867
17	180	0.524514
18	38	0.479205
18	51	0.556655
18	64	0.512438
18	123	0.532572
18	153	0.513353
18	155	1.30081
18	168	1.30217
18	170	1.30186
18	172	1.30171
18	174	1.29603
18	178	1.30713
18	179	1.29323
18	180	1.29708
19	68	0.52607
19	69	0.533582
19	105	0.477615
19	131	0.532934
19	136	0.52488
19	158	1.29869
19	164	1.32857
19	165	1.28721
19	166	1.29189
19	177	1.2887
19	178	1.30964
19	179	1.29573
19	180	1.29958
20	73	1.27952
20	124	1.33582
20	145	1.26515
20	151	1.2738
20	154	0.532198
20	156	1.33008
20	157	1.29847
20	159	1.32347
20	161	1.2937
20	174	0.525628
20	177	0.520563
20	178	0.504138
20	180	0.522512
21	5	1.33811
21	42	1.29473
21	64	1.31412
21	65	1.19463
21	70	1.27579
21	80	1.35037
21	95	1.32066
21	114	1.31158
21	126	0.555049
21	130	0.563233
21	170	0.529419
21	171	0.529327
21	176	0.428597
22	7	1.29157
22	40	1.26239
22	50	1.20678
22	53	1.20678
22	55	1.20742
22	81	1.19678
22	152	0.521131
22	169	0.531177
22	172	0.515474
22	175	1.51501
22	176	1.51327
22	179	0.51489
22	180	0.525463
23	1	0.496853
23	70	0.55456
23	93	1.37766
23	110	1.36154
23	118	1.2598
23	129	1.30962
23	131	1.27085
23	140	1.29717
23	144	1.25621
23	150	1.26714
23	168	0.510625
23	169	0.52619
23	171	0.516451
24	40	0.528155
24	43	0.535854
24	54	0.454293
24	66	0.521504
24	74	0.551252
24	148	1.2745
24	169	1.26733
24	172	1.27451
24	176	1.50886
24	177	1.259
24	178	1.27993
24	179	1.26602
24	180	1.26988
25	29	1.27298
25	91	1.50347
25	98	1.54893
25	105	1.56333
25	107	1.46338
25	115	1.53601
25	122	0.449119
25	137	1.5119
25	155	0.418856
25	161	0.436728
25	169	0.439217
25	171	0.429478
25	174	0.436619
26	62	0.525726
26	128	0.536622
26	135	1.29605
26	148	0.54269
26	154	1.31521
26	158	1.29232
26	160	1.30751
26	164	1.3222
26	165	1.28084
26	166	1.28552
26	173	1.30036
26	176	0.450634
26	177	0.553441
27	9	0.45055
27	12	0.556376
27	44	0.438778
27	119	0.464407
27	120	0.449595
27	142	0.434227
27	167	1.39743
27	169	1.39833
27	170	1.40564
27	174	1.39982
27	177	1.38999
27	178	1.41092
27	179	1.39702
27	180	1.40087
28	1	0.534969
28	127	0.548721
28	135	1.2421
28	139	1.25702
28	143	1.23931
28	145	0.600135
28	160	1.25356
28	162	1.23595
28	163	1.24536
28	164	1.26825
28	165	1.22689
28	166	1.23157
28	169	0.564306
28	177	0.556642
29	8	1.16833
29	25	1.27298
29	30	1.17044
29	61	1.11969
29	68	1.07247
29	85	1.08895
29	98	1.09781
29	105	1.1122
29	107	1.01225
29	115	1.08488
29	166	0.723386
29	167	0.702106
29	168	0.689407
29	179	0.688685
30	29	1.17044
30	44	1.4223
30	61	1.46827
30	84	0.470713
30	85	1.43753
30	98	1.44639
30	105	1.46078
30	107	1.36083
30	115	1.43346
30	146	0.472222
30	155	0.457477
30	167	0.474972
30	173	0.464854
30	177	0.470175
31	43	1.3963
31	48	0.415498
31	57	1.48878
31	59	1.30394
31	118	1.39155
31	119	1.38803
31	127	0.390812
31	131	1.4026
31	134	1.39986
31	140	1.42893
31	167	0.403531
31	171	0.396658
31	173	0.393412
31	176	0.810182
32	5	1.26967
32	13	1.28819
32	38	1.30512
32	65	1.12619
32	70	1.20735
32	80	1.28193
32	90	1.22621
32	95	1.25222
32	114	1.24313
32	136	0.609469
32	154	0.591772
32	155	0.567439
32	175	0.469917
32	178	0.563713
33	54	0.403431
33	93	0.466247
33	105	0.446063
33	129	0.482322
33	137	0.499102
33	163	0.492847
33	168	1.40659
33	169	1.39896
33	171	1.38699
33	172	1.40614
33	177	1.39062
33	178	1.41156
33	179	1.39765
33	180	1.4015
34	43	0.469044
34	57	0.433052
34	117	1.47063
34	140	0.476338
34	141	0.461116
34	151	1.36118
34	154	0.459683
34	157	1.38585
34	159	1.41085
34	165	0.490867
34	169	1.39074
34	170	1.39806
34	179	1.38943
34	180	1.39328
35	4	0.573604
35	5	0.473845
35	13	0.561551
35	115	0.584127
35	143	0.603751
35	149	1.24274
35	167	1.23983
35	169	1.24073
35	170	1.24805
35	173	1.25042
35	174	1.24222
35	178	1.25333
35	179	1.23942
35	180	1.24327
36	37	1.44349
36	51	1.35539
36	109	0.475344
36	124	1.43527
36	136	1.40717
36	145	1.3646
36	149	0.48339
36	151	1.37325
36	152	0.492087
36	155	0.481772
36	157	1.39792
36	159	1.42292
36	176	0.391664
36	179	0.485847
37	36	1.44349
37	71	1.47342
37	98	0.491151
37	100	1.38543
37	108	1.36616
37	117	1.44166
37	121	1.3511
37	128	0.448218
37	152	0.462653
37	157	1.35688
37	159	1.38188
37	167	0.469834
37	169	0.4727
37	171	0.46296
38	5	1.45548
38	18	0.479205
38	32	1.30512
38	65	1.312
38	67	0.473529
38	70	1.39316
38	80	1.46774
38	95	1.43803
38	114	1.42895
38	146	1.39952
38	166	0.483484
38	172	0.449368
38	177	0.457407
38	180	0.459357
39	71	1.42886
39	88	1.3352
39	108	1.3216
39	109	0.511629
39	111	0.452221
39	117	1.3971
39	123	1.30097
39	145	1.279
39	151	1.28765
39	157	1.31232
39	159	1.33732
39	166	0.556832
39	167	0.535552
39	175	0.420534
39	177	0.530755
40	2	1.32577
40	10	1.32577
40	22	1.26239
40	24	0.528155
40	50	1.24678
40	53	1.24678
40	55	1.24743
40	81	1.23679
40	124	0.493086
40	147	0.508548
40	164	0.504715
40	168	0.481127
40	173	0.483707
40	175	1.55501
40	176	1.55327
41	43	1.3291
41	59	1.23673
41	66	1.37421
41	118	1.32434
41	129	1.37417
41	131	1.3354
41	134	1.33265
41	140	1.36172
41	141	0.513011
41	148	0.489192
41	150	1.33169
41	167	0.504741
41	171	0.497867
41	177	0.499943
41	180	0.501892
42	14	1.37306
42	21	1.29473
42	87	1.32577
42	95	1.3592
42	105	1.36791
42	107	1.26795
42	114	1.35011
42	115	1.34059
42	133	0.49642
42	146	1.32068
42	164	0.513882
42	171	0.496119
42	174	0.503261
42	177	0.498195
42	180	0.500144
43	1	0.475054
43	24	0.535854
43	31	1.3963
43	34	0.469044
43	41	1.3291
43	110	1.39588
43	116	0.480914
43	118	1.29414
43	129	1.34396
43	131	1.30519
43	134	1.30244
43	140	1.33151
43	145	0.540219
43	150	1.30148
43	174	0.501793
44	27	0.438778
44	30	1.4223
44	68	1.32434
44	87	1.32193
44	89	0.50738
44	91	1.30421
44	98	1.34967
44	105	1.36407
44	107	1.26411
44	115	1.33674
44	137	1.31264
44	144	0.513463
44	156	0.498543
44	162	0.541735
44	177	0.505581
45	2	1.31808
45	7	1.32389
45	10	1.31808
45	50	1.2391
45	53	1.2391
45	55	1.23974
45	81	1.2291
45	88	0.520773
45	125	0.522587
45	155	0.476831
45	164	0.505216
45	170	0.487544
45	175	1.54733
45	176	1.54558
45	180	0.491478
46	14	0.48088
46	70	0.509943
46	112	0.519497
46	117	0.469275
46	128	1.33599
46	135	0.496495
46	165	0.516729
46	167	1.3295
46	168	1.33802
46	172	1.33757
46	174	1.33188
46	177	1.32206
46	178	1.34299
46	179	1.32908
46	180	1.33293
47	54	0.438229
47	72	0.462186
47	88	0.530038
47	100	0.534513
47	125	1.28855
47	148	1.34248
47	154	0.51043
47	159	0.514058
47	168	1.34295
47	172	1.34249
47	174	1.3368
47	177	1.32698
47	178	1.34791
47	179	1.33401
47	180	1.33786
48	31	0.415498
48	78	0.493018
48	140	0.520785
48	151	0.526133
48	152	1.30494
48	157	0.519994
48	166	0.518573
48	167	1.30392
48	172	1.31199
48	174	1.30631
48	175	1.54809
48	177	1.29648
48	178	1.31741
48	179	1.30351
48	180	1.30736
49	92	0.50402
49	116	1.282
49	118	0.557752
49	143	0.540093
49	159	0.522938
49	162	0.543829
49	164	0.523361
49	167	1.27655
49	168	1.28507
49	169	1.27744
49	170	1.28476
49	174	1.27893
49	177	1.26911
49	178	1.29004
49	179	1.27613
49	180	1.27999
50	2	1.27016
50	7	1.27596
50	22	1.20678
50	40	1.24678
50	45	1.2391
50	53	1.19117
50	55	1.19182
50	81	1.18118
50	109	0.500008
50	123	0.554178
50	125	0.552192
50	161	0.524308
50	165	0.561953
50	172	0.511095
50	175	1.4994
50	176	1.49766
51	18	0.556655
51	36	1.35539
51	69	1.25712
51	101	1.26476
51	109	0.515732
51	116	0.519044
51	117	1.35357
51	121	1.263
51	135	0.557442
51	145	1.23546
51	151	1.24411
51	157	1.26878
51	159	1.29378
51	161	1.26402
51	172	0.526818
51	173	0.529536
52	61	0.518909
52	120	0.545664
52	132	1.26833
52	134	0.542457
52	139	0.519162
52	142	0.530295
52	152	1.27902
52	163	0.533847
52	169	1.2789
52	170	1.28622
52	172	1.28607
52	174	1.28039
52	177	1.27056
52	178	1.2915
52	179	1.27759
52	180	1.28144
53	7	1.27596
53	10	1.27016
53	22	1.20678
53	40	1.24678
53	45	1.2391
53	50	1.19117
53	55	1.19182
53	81	1.18118
53	104	0.542401
53	128	0.524268
53	133	0.539311
53	156	0.534049
53	171	0.539011
53	175	1.4994
53	176	1.49766
53	179	0.532463
54	1	0.393493
54	24	0.454293
54	33	0.403431
54	47	0.438229
54	101	1.42611
54	120	1.41786
54	121	1.42435
54	123	1.41879
54	145	1.39681
54	148	0.404415
54	151	1.40546
54	157	1.43013
54	159	1.45513
54	161	1.42537
54	173	0.693904
54	180	0.417115
55	2	1.2708
55	10	1.2708
55	22	1.20742
55	40	1.24743
55	45	1.23974
55	50	1.19182
55	53	1.19182
55	81	1.18182
55	132	0.53943
55	149	0.524095
55	153	0.550999
55	155	0.522477
55	161	0.540349
55	173	0.529854
55	175	1.50004
55	176	1.4983
56	16	0.56074
56	82	0.50529
56	135	1.275
56	147	1.30056
56	154	1.29416
56	158	1.27128
56	160	1.28647
56	162	1.26886
56	163	1.27826
56	164	1.30115
56	165	1.25979
56	166	1.26448
56	167	0.542684
56	168	0.529985
56	179	0.529263
56	180	0.539836
57	31	1.48878
57	34	0.433052
57	74	1.37317
57	89	0.462535
57	93	1.50448
57	118	1.38661
57	129	1.43644
57	131	1.39767
57	134	1.39492
57	140	1.42399
57	150	1.39396
57	156	0.453698
57	164	0.476422
57	168	0.452834
57	174	0.465801
57	180	0.462685
58	71	0.48049
58	116	1.25687
58	117	0.523423
58	124	0.532116
58	139	0.542224
58	141	0.541126
58	165	0.570877
58	167	1.25141
58	168	1.25994
58	172	1.25948
58	173	1.262
58	175	1.49558
58	177	1.24397
58	178	1.26491
58	179	1.251
58	180	1.25485
59	11	1.08257
59	31	1.30394
59	41	1.23673
59	66	1.25164
59	74	1.18833
59	93	1.31964
59	96	0.605442
59	109	0.54418
59	110	1.30351
59	129	1.2516
59	131	1.21283
59	134	1.21008
59	140	1.23915
59	159	0.57857
59	171	0.56123
59	177	0.563306
59	179	0.554682
60	103	0.463887
60	120	1.35036
60	121	1.35685
60	123	1.35128
60	126	0.528574
60	133	0.503153
60	136	1.37188
60	145	1.32931
60	151	1.33796
60	152	0.502545
60	156	1.39424
60	157	1.36263
60	159	1.38763
60	161	1.35787
60	167	0.509726
60	170	0.502943
60	176	0.402122
61	29	1.11969
61	30	1.46827
61	52	0.518909
61	77	0.466621
61	82	1.41795
61	85	1.38679
61	89	0.491443
61	91	1.35018
61	98	1.39565
61	105	1.41004
61	107	1.31009
61	109	0.470518
61	115	1.38272
61	137	1.35861
61	167	0.494441
61	171	0.487568
61	179	0.48102
62	26	0.525726
62	66	0.454662
62	101	0.500981
62	114	0.47478
62	130	0.479846
62	148	1.36353
62	151	0.481654
62	152	1.35649
62	166	0.474094
62	167	1.35547
62	168	1.36399
62	172	1.36354
62	173	1.36605
62	177	1.34803
62	178	1.36896
62	179	1.35505
62	180	1.35891
63	119	0.552272
63	141	1.39463
63	146	0.498841
63	153	1.3523
63	154	1.37174
63	160	1.36404
63	162	1.34643
63	163	1.35583
63	164	1.37873
63	165	1.33736
63	166	1.34205
63	172	0.488754
63	173	1.35689
63	174	0.501859
63	175	0.386573
63	178	0.480369
63	180	0.498743
64	18	0.512438
64	21	1.31412
64	78	1.40274
64	80	1.4083
64	90	1.35259
64	103	0.449598
64	114	1.36951
64	129	0.508966
64	146	1.34008
64	154	1.37111
64	160	1.36341
64	165	1.33673
64	166	1.34142
64	168	0.482739
64	170	0.488655
64	172	0.482601
64	179	0.482017
65	8	0.568352
65	13	1.29507
65	17	1.20629
65	21	1.19463
65	32	1.12619
65	38	1.312
65	70	1.21423
65	80	1.28881
65	90	1.23309
65	95	1.2591
65	99	0.611256
65	114	1.25001
65	127	0.583953
65	146	1.22059
65	172	0.583835
65	175	0.481654
65	178	0.57545
66	9	1.39841
66	24	0.521504
66	41	1.37421
66	59	1.25164
66	62	0.454662
66	77	0.459354
66	104	0.483691
66	110	1.44099
66	118	1.33925
66	129	1.38907
66	134	1.34755
66	140	1.37662
66	144	1.33566
66	148	0.471626
66	150	1.34659
66	165	0.525196
66	169	0.49004
67	38	0.473529
67	79	0.531837
67	100	1.37392
67	117	1.43015
67	120	1.3331
67	124	1.38273
67	126	0.515498
67	131	0.529238
67	136	1.35462
67	145	1.31205
67	151	1.3207
67	156	1.37699
67	157	1.34537
67	159	1.37037
67	168	0.483951
67	172	0.483813
67	176	0.389046
68	8	1.41895
68	19	0.52607
68	29	1.07247
68	44	1.32434
68	75	0.535876
68	85	1.33957
68	86	0.498362
68	87	1.32069
68	91	1.30296
68	98	1.34843
68	105	1.36282
68	107	1.26287
68	113	0.513356
68	115	1.3355
68	137	1.3114
68	155	0.493554
68	161	0.511426
68	164	0.521939
69	14	1.35042
69	19	0.533582
69	51	1.25712
69	70	1.29169
69	80	1.36627
69	90	1.31056
69	114	1.32748
69	123	1.2883
69	136	1.3089
69	147	0.533283
69	151	1.27498
69	157	1.29965
69	159	1.32465
69	168	0.505862
69	170	0.511779
69	171	0.511688
69	177	0.513764
69	178	0.497339
70	13	1.37623
70	14	1.35412
70	21	1.27579
70	23	0.55456
70	32	1.20735
70	38	1.39316
70	46	0.509943
70	65	1.21423
70	69	1.29169
70	72	0.475156
70	90	1.31426
70	95	1.34026
70	114	1.33118
70	135	0.534349
70	146	1.30175
70	161	0.516938
70	168	0.503863
70	173	0.506443
71	4	1.46934
71	37	1.47342
71	39	1.42886
71	58	0.48049
71	73	1.4089
71	76	0.478834
71	102	0.445588
71	119	1.41337
71	124	1.46521
71	125	0.461221
71	136	1.4371
71	144	0.436045
71	147	0.447683
71	157	1.42785
71	159	1.45285
71	161	1.42309
71	167	0.432961
71	173	0.422842
72	47	0.462186
72	70	0.475156
72	130	1.43797
72	135	1.43245
72	141	1.47451
72	151	0.472761
72	153	1.43218
72	154	1.45161
72	156	0.432086
72	158	1.42873
72	161	0.444297
72	162	1.42631
72	163	1.43571
72	164	1.4586
72	166	1.42193
72	167	0.443921
72	169	0.446786
72	179	0.4305
73	16	0.531428
73	20	1.27952
73	71	1.4089
73	117	1.37714
73	120	1.28009
73	121	1.28658
73	124	1.32972
73	125	0.541632
73	136	1.30161
73	145	1.25904
73	149	0.497494
73	151	1.26769
73	154	0.52021
73	157	1.29236
73	159	1.31736
73	167	0.513372
73	178	0.49215
73	180	0.510524
74	24	0.551252
74	57	1.37317
74	59	1.18833
74	79	0.552109
74	84	1.29969
74	93	1.3938
74	97	0.490401
74	110	1.37768
74	118	1.27594
74	129	1.32576
74	131	1.28699
74	134	1.28424
74	137	1.28109
74	140	1.31331
74	170	0.51014
74	172	0.504085
74	173	0.506804
74	178	0.4957
75	68	0.535876
75	113	1.35384
75	120	0.546022
75	125	0.538413
75	139	1.3157
75	142	1.28997
75	147	1.32633
75	152	0.502972
75	153	1.3005
75	156	0.498318
75	160	1.31224
75	162	1.29463
75	163	1.30404
75	164	1.32693
75	165	1.28557
75	166	1.29025
75	178	0.488931
75	179	0.496732
76	71	0.478834
76	116	0.510589
76	133	0.524627
76	138	1.33696
76	143	1.29821
76	146	0.52845
76	147	1.32655
76	153	1.30072
76	154	1.32016
76	158	1.29727
76	160	1.31246
76	163	1.30426
76	164	1.32715
76	165	1.28579
76	166	1.29047
76	169	0.534066
76	170	0.524417
76	178	0.509978
77	61	0.466621
77	66	0.459354
77	87	0.479613
77	108	1.38419
77	115	0.465504
77	124	1.41226
77	129	0.471034
77	135	0.475293
77	143	0.485127
77	151	1.35023
77	155	1.38606
77	157	1.3749
77	159	1.3999
77	162	0.488863
77	171	1.36782
77	177	1.37145
77	178	1.39239
77	179	1.37848
77	180	1.38233
78	48	0.493018
78	64	1.40274
78	105	0.45832
78	112	1.33791
78	130	1.38815
78	132	0.480509
78	143	1.37984
78	146	0.478301
78	154	1.40179
78	158	1.37891
78	162	1.37648
78	163	1.38589
78	164	1.40878
78	165	1.36742
78	166	1.3721
78	169	0.483917
78	170	0.474269
78	174	0.481319
78	178	0.459829
79	67	0.531837
79	74	0.552109
79	90	0.536878
79	95	0.535124
79	107	0.576134
79	117	0.51108
79	147	1.29424
79	151	0.549352
79	160	1.28015
79	162	1.26254
79	163	1.27195
79	165	1.25348
79	166	1.25816
79	167	1.26242
79	168	1.27094
79	169	1.26331
79	177	1.25498
79	179	1.262
79	180	1.26585
80	13	1.45081
80	21	1.35037
80	32	1.28193
80	38	1.46774
80	64	1.4083
80	65	1.28881
80	69	1.36627
80	90	1.38884
80	95	1.41484
80	96	0.525914
80	114	1.40576
80	122	0.501343
80	127	0.475856
80	133	0.482003
80	144	0.49166
80	146	1.37633
80	174	0.488844
80	175	0.373558
80	179	0.475155
81	2	1.26016
81	3	1.2298
81	7	1.26597
81	10	1.26016
81	22	1.19678
81	40	1.23679
81	45	1.2291
81	50	1.18118
81	53	1.18118
81	55	1.18182
81	149	0.54105
81	155	0.539432
81	171	0.550054
81	172	0.544091
81	173	0.546809
81	175	1.4894
81	176	1.48766
81	178	0.535705
81	180	0.554079
82	7	0.444015
82	56	0.50529
82	61	1.41795
82	85	1.3872
82	87	1.36832
82	105	1.41046
82	115	1.38314
82	136	0.472466
82	143	0.475553
82	145	0.486627
82	158	0.470684
82	162	0.479289
82	164	0.458821
82	168	1.37735
82	174	1.37121
82	177	1.36139
82	178	1.38232
82	179	1.36841
82	180	1.37227
83	133	0.503618
83	135	1.33105
83	138	1.36702
83	139	1.34598
83	142	1.32024
83	147	1.3566
83	158	1.32733
83	160	1.34251
83	162	1.3249
83	163	1.33431
83	165	1.31584
83	166	1.32052
83	168	0.497491
83	170	0.503408
83	171	1.3137
83	174	0.510458
83	177	0.505393
83	178	0.488968
83	179	0.496769
83	180	0.507342
84	30	0.470713
84	74	1.29969
84	108	0.505231
84	110	1.41487
84	117	0.471634
84	118	1.31313
84	121	0.530684
84	131	1.32419
84	138	0.503462
84	140	1.35051
84	142	0.501567
84	143	0.508688
84	144	1.30955
84	160	0.495725
84	172	1.33616
84	174	1.33047
84	177	1.32065
84	178	1.34158
84	179	1.32768
84	180	1.33153
85	29	1.08895
85	30	1.43753
85	61	1.38679
85	68	1.33957
85	82	1.3872
85	86	0.516256
85	87	1.33716
85	91	1.31944
85	98	1.3649
85	105	1.3793
85	107	1.27934
85	115	1.35197
85	122	0.54171
85	137	1.32787
85	146	0.526193
85	158	0.551695
85	169	0.531809
85	175	0.413925
85	176	0.421339
85	178	0.507721
86	68	0.498362
86	85	0.516256
86	112	0.513428
86	113	0.474945
86	131	0.505226
86	138	0.495034
86	155	1.31661
86	162	0.503995
86	164	0.483528
86	167	1.30944
86	168	1.31796
86	169	1.31033
86	170	1.31765
86	172	1.31751
86	174	1.31182
86	176	1.55186
86	177	1.302
86	178	1.32293
86	179	1.30903
86	180	1.31288
87	6	0.477068
87	8	1.41655
87	42	1.32577
87	44	1.32193
87	68	1.32069
87	77	0.479613
87	82	1.36832
87	85	1.33716
87	91	1.30056
87	98	1.34602
87	105	1.36042
87	107	1.26047
87	115	1.3331
87	137	1.30899
87	149	0.491556
87	152	0.500253
87	158	0.530186
87	159	0.5179
87	169	0.510299
87	173	0.497315
88	39	1.3352
88	45	0.520773
88	47	0.530038
88	94	0.563094
88	108	1.34347
88	120	1.32192
88	121	1.32841
88	123	1.32284
88	124	1.37154
88	136	1.34344
88	145	1.30087
88	148	0.496224
88	149	0.495894
88	151	1.30952
88	155	0.494277
88	157	1.33419
88	159	1.35919
88	161	1.32943
88	173	0.501653
88	176	0.404168
89	2	0.476406
89	44	0.50738
89	57	0.462535
89	61	0.491443
89	118	0.527608
89	123	0.512574
89	145	0.521023
89	147	0.49705
89	148	1.31383
89	155	1.31294
89	156	1.33339
89	167	1.30577
89	168	1.3143
89	170	1.31399
89	172	1.31385
89	174	1.30816
89	175	1.54994
89	178	1.31927
89	179	1.30536
89	180	1.30921
90	5	1.37658
90	13	1.3951
90	14	1.37299
90	32	1.22621
90	64	1.35259
90	65	1.23309
90	69	1.31056
90	70	1.31426
90	79	0.536878
90	80	1.38884
90	95	1.35913
90	104	0.498209
90	114	1.35004
90	118	0.546972
90	136	0.526225
90	146	1.32061
90	156	0.489857
90	166	0.522971
90	176	0.394088
90	179	0.488271
91	8	1.39882
91	25	1.50347
91	44	1.30421
91	61	1.35018
91	68	1.30296
91	85	1.31944
91	87	1.30056
91	98	1.3283
91	105	1.34269
91	107	1.24274
91	110	0.524052
91	115	1.31537
91	128	0.511024
91	137	1.29126
91	163	0.556693
91	170	0.525858
91	175	0.417622
91	176	0.425036
91	177	0.527843
91	179	0.519219
92	7	0.472957
92	49	0.50402
92	112	1.35774
92	115	0.484872
92	116	0.456264
92	140	0.500366
92	142	1.39166
92	143	1.39968
92	154	1.42163
92	158	1.39874
92	160	1.41393
92	162	1.39632
92	163	1.40572
92	164	1.42862
92	165	1.38725
92	166	1.39194
92	169	0.47974
92	172	0.464037
92	173	1.40678
92	176	0.36927
92	180	0.474026
93	11	1.28804
93	16	0.500835
93	23	1.37766
93	33	0.466247
93	57	1.50448
93	59	1.31964
93	74	1.3938
93	102	0.495406
93	118	1.40725
93	131	1.4183
93	134	1.41555
93	137	1.4124
93	140	1.44462
93	144	1.40366
93	150	1.41459
93	156	0.470944
93	169	0.485645
93	171	0.475906
93	173	0.47266
93	176	0.375175
93	179	0.469358
94	88	0.563094
94	96	0.573987
94	99	1.30942
94	102	0.549275
94	106	0.49952
94	141	1.3291
94	143	1.28426
94	153	1.28677
94	154	1.3062
94	158	1.28332
94	160	1.29851
94	162	1.2809
94	163	1.2903
94	164	1.31319
94	165	1.27183
94	166	1.27652
94	169	0.539514
94	171	1.2697
94	175	0.42163
94	177	0.531851
94	180	0.5338
95	5	1.40258
95	14	1.399
95	17	1.33232
95	21	1.32066
95	32	1.25222
95	38	1.43803
95	42	1.3592
95	65	1.2591
95	70	1.34026
95	79	0.535124
95	80	1.41484
95	90	1.35913
95	114	1.37605
95	138	0.522333
95	146	1.34662
95	156	0.488103
95	167	0.499938
95	170	0.493155
95	176	0.392334
95	177	0.49514
95	179	0.486517
95	180	0.497089
96	59	0.605442
96	80	0.525914
96	94	0.573987
96	103	1.32908
96	114	0.54463
96	139	0.532033
96	146	1.24247
96	149	1.25097
96	152	1.24909
96	153	0.533692
96	157	0.545365
96	164	0.533554
96	168	1.25659
96	169	1.24896
96	170	1.25628
96	172	1.25614
96	173	1.25865
96	174	1.25045
96	177	1.24062
96	178	1.26156
96	179	1.24765
96	180	1.2515
97	74	0.490401
97	107	0.514426
97	121	0.508422
97	123	0.48905
97	132	1.30518
97	136	0.483338
97	137	0.489112
97	139	0.468172
97	148	1.32292
97	152	1.31588
97	154	0.465642
97	166	0.480084
97	167	1.31486
97	168	1.32338
97	169	1.31575
97	174	1.31724
97	175	1.55902
97	176	1.55728
97	177	1.30742
97	178	1.32835
97	179	1.31444
97	180	1.3183
98	25	1.54893
98	29	1.09781
98	30	1.44639
98	37	0.491151
98	44	1.34967
98	61	1.39565
98	68	1.34843
98	85	1.3649
98	87	1.34602
98	91	1.3283
98	105	1.38815
98	107	1.2882
98	115	1.36083
98	132	0.506102
98	137	1.33673
98	166	0.527923
98	170	0.499861
98	171	0.49977
98	172	0.493807
98	174	0.506911
98	175	0.391625
98	179	0.493223
99	65	0.611256
99	94	1.30942
99	104	0.496427
99	116	0.4793
99	138	1.39018
99	143	1.35143
99	153	1.35394
99	154	1.37338
99	156	0.488075
99	158	1.35049
99	160	1.36568
99	162	1.34807
99	163	1.35747
99	164	1.38037
99	165	1.339
99	166	1.34369
99	168	0.487211
99	171	1.33687
99	172	0.487073
99	174	0.500178
99	175	0.384892
99	178	0.478688
100	37	1.38543
100	47	0.534513
100	67	1.37392
100	103	0.470408
100	106	0.479119
100	128	0.494631
100	141	1.39218
100	145	1.30654
100	151	1.31519
100	156	1.37147
100	157	1.33986
100	158	1.3464
100	159	1.36486
100	163	1.35338
100	164	1.37628
100	165	1.33491
100	166	1.3396
100	169	0.519113
100	170	0.509465
100	175	0.401229
100	177	0.51145
100	178	0.495025
101	51	1.26476
101	54	1.42611
101	62	0.500981
101	108	1.31657
101	117	1.39207
101	119	1.29281
101	120	1.29501
101	121	1.30151
101	123	1.29594
101	127	0.520774
101	136	1.31654
101	145	1.27397
101	149	0.517616
101	151	1.28262
101	153	0.54452
101	157	1.30729
101	159	1.33229
101	161	1.30252
101	171	0.52662
101	172	0.520656
101	174	0.533761
101	176	0.425889
101	179	0.520072
102	71	0.445588
102	93	0.495406
102	94	0.549275
102	110	0.489365
102	133	1.28295
102	136	0.522487
102	138	0.520348
102	143	0.525574
102	148	1.3215
102	152	1.31447
102	155	1.32061
102	158	0.520705
102	161	1.30469
102	163	0.522006
102	167	1.31345
102	168	1.32197
102	169	1.31434
102	170	1.32166
102	172	1.32152
102	177	1.306
102	178	1.32694
102	179	1.31303
102	180	1.31688
103	60	0.463887
103	64	0.449598
103	96	1.32908
103	100	0.470408
103	110	0.430899
103	130	0.466519
103	135	0.457274
103	140	0.462979
103	143	0.467108
103	155	1.40748
103	159	0.449953
103	162	0.470844
103	167	1.40031
103	169	1.40121
103	170	1.40853
103	171	1.38924
103	172	1.40839
103	174	1.4027
103	176	1.64274
103	177	1.39287
103	178	1.41381
103	179	1.3999
103	180	1.40375
104	17	0.523879
104	53	0.542401
104	66	0.483691
104	90	0.498209
104	99	0.496427
104	106	1.36278
104	118	0.527123
104	121	1.30035
104	124	1.34348
104	136	1.31538
104	145	1.27281
104	151	1.28145
104	157	1.30612
104	159	1.33112
104	160	0.496502
104	163	0.505896
104	165	0.519865
104	168	1.31864
104	170	1.31833
104	177	1.30268
104	178	1.32361
104	179	1.30971
104	180	1.31356
105	12	0.605244
105	16	0.480651
105	19	0.477615
105	25	1.56333
105	29	1.1122
105	30	1.46078
105	33	0.446063
105	42	1.36791
105	44	1.36407
105	61	1.41004
105	68	1.36282
105	78	0.45832
105	82	1.41046
105	85	1.3793
105	87	1.36042
105	91	1.34269
105	98	1.38815
105	107	1.3026
105	115	1.37523
105	131	0.495183
105	149	0.446717
105	160	0.477253
105	167	0.462595
105	173	0.452476
106	16	1.34261
106	94	0.49952
106	100	0.479119
106	104	1.36278
106	114	0.470164
106	119	0.498879
106	121	0.497815
106	124	0.447458
106	140	0.47169
106	149	1.37486
106	150	0.478871
106	152	1.37298
106	158	0.47095
106	163	0.472251
106	167	1.37195
106	170	1.38017
106	171	1.36088
106	172	1.38002
106	173	1.38254
106	174	1.37434
106	177	1.36451
106	178	1.38545
106	179	1.37154
106	180	1.37539
107	8	1.35873
107	25	1.46338
107	29	1.01225
107	30	1.36083
107	42	1.26795
107	44	1.26411
107	61	1.31009
107	68	1.26287
107	79	0.576134
107	85	1.27934
107	87	1.26047
107	91	1.24274
107	97	0.514426
107	98	1.2882
107	105	1.3026
107	115	1.27528
107	133	0.534375
107	137	1.25117
107	149	0.52507
107	161	0.541324
107	171	0.534074
107	173	0.530829
107	177	0.53615
107	178	0.519726
108	37	1.36616
108	39	1.3216
108	77	1.38419
108	84	0.505231
108	88	1.34347
108	101	1.31657
108	117	1.40538
108	119	1.30611
108	123	1.30925
108	128	0.487875
108	136	1.32985
108	139	0.518858
108	144	0.512575
108	145	1.28727
108	151	1.29592
108	156	1.35221
108	157	1.32059
108	159	1.34559
108	161	1.31583
108	171	0.502617
108	172	0.496653
108	173	0.499372
108	177	0.504693
108	178	0.488268
108	179	0.496069
109	10	0.469773
109	36	0.475344
109	39	0.511629
109	50	0.500008
109	51	0.515732
109	59	0.54418
109	61	0.470518
109	118	0.506683
109	119	0.512084
109	151	0.490243
109	153	1.31979
109	158	1.31635
109	162	1.31392
109	163	1.32333
109	164	1.34622
109	165	1.30486
109	166	1.30954
109	167	1.3138
109	168	1.32232
109	169	1.31469
109	170	1.32201
109	176	1.55622
109	177	1.30636
109	179	1.31338
109	180	1.31724
110	11	1.27192
110	23	1.36154
110	43	1.39588
110	59	1.30351
110	66	1.44099
110	74	1.37768
110	84	1.41487
110	91	0.524052
110	102	0.489365
110	103	0.430899
110	118	1.39112
110	119	1.38761
110	125	0.504998
110	129	1.44095
110	131	1.40218
110	134	1.39943
110	137	1.39628
110	140	1.4285
110	144	1.38754
110	154	0.483576
110	166	0.498018
110	167	0.476738
110	169	0.479604
110	174	0.477006
110	176	0.369134
110	180	0.47389
111	39	0.452221
111	118	0.447275
111	121	0.451612
111	128	1.49169
111	133	1.4547
111	137	0.432302
111	138	0.42439
111	140	0.425486
111	141	0.410265
111	145	0.440689
111	149	1.4881
111	158	0.424747
111	161	1.47644
111	164	0.412884
111	165	0.440016
111	166	0.423274
111	167	1.48519
111	168	1.49372
111	169	1.48609
111	170	1.49341
111	172	1.49326
111	174	1.48758
111	177	1.47775
111	178	1.49868
111	179	1.48478
111	180	1.48863
112	46	0.519497
112	78	1.33791
112	86	0.513428
112	92	1.35774
112	128	0.5045
112	130	1.29264
112	131	0.558703
112	138	1.32309
112	142	1.27631
112	147	1.31267
112	152	0.518935
112	153	1.28684
112	154	1.30628
112	156	0.514281
112	158	1.2834
112	160	1.29858
112	162	1.28097
112	163	1.29038
112	164	1.31327
112	165	1.27191
112	166	1.27659
112	167	0.526116
112	170	0.519333
112	173	1.29143
112	179	0.512695
112	180	0.523267
113	68	0.513356
113	75	1.35384
113	86	0.474945
113	135	1.3849
113	138	1.42087
113	142	1.3741
113	144	0.490717
113	147	1.41046
113	149	0.471755
113	153	1.38463
113	154	1.40406
113	156	0.475798
113	158	1.38118
113	160	1.39637
113	161	0.488009
113	162	1.37876
113	163	1.38816
113	164	1.41105
113	165	1.36969
113	166	1.37438
113	169	0.490498
113	170	0.48085
113	171	1.36756
113	172	0.474795
113	176	0.380029
113	179	0.474211
114	5	1.3935
114	13	1.41202
114	14	1.38991
114	17	1.32324
114	21	1.31158
114	32	1.24313
114	38	1.42895
114	42	1.35011
114	62	0.47478
114	64	1.36951
114	65	1.25001
114	69	1.32748
114	70	1.33118
114	80	1.40576
114	90	1.35004
114	95	1.37605
114	96	0.54463
114	106	0.470164
114	132	0.50675
114	146	1.33753
114	148	0.491743
114	153	0.518319
114	166	0.528571
114	171	0.500418
114	172	0.494455
114	175	0.392274
114	178	0.48607
115	8	1.43136
115	25	1.53601
115	29	1.08488
115	30	1.43346
115	35	0.584127
115	42	1.34059
115	44	1.33674
115	61	1.38272
115	68	1.3355
115	77	0.465504
115	82	1.38314
115	85	1.35197
115	87	1.3331
115	91	1.31537
115	92	0.484872
115	98	1.36083
115	105	1.37523
115	107	1.27528
115	121	0.542941
115	137	1.3238
115	152	0.486144
115	153	0.504351
115	157	0.516025
115	173	0.483205
115	176	0.38572
115	178	0.472102
115	179	0.479903
116	9	0.50154
116	14	0.466888
116	43	0.480914
116	49	1.282
116	51	0.519044
116	58	1.25687
116	76	0.510589
116	92	0.456264
116	99	0.4793
116	137	0.495023
116	143	0.492336
116	145	0.50341
116	149	1.32766
116	155	1.33191
116	163	0.488769
116	167	1.32475
116	168	1.33327
116	169	1.32564
116	170	1.33296
116	171	1.31367
116	174	1.32713
116	175	1.56891
116	176	1.56717
116	177	1.31731
116	178	1.33824
116	179	1.32433
116	180	1.32819
117	3	1.38464
117	34	1.47063
117	37	1.44166
117	39	1.3971
117	46	0.469275
117	51	1.35357
117	58	0.523423
117	67	1.43015
117	73	1.37714
117	79	0.51108
117	84	0.471634
117	101	1.39207
117	108	1.40538
117	120	1.38382
117	123	1.38475
117	128	0.454278
117	145	1.36277
117	151	1.37142
117	156	1.42771
117	157	1.39609
117	159	1.42109
117	164	0.486783
117	171	0.46902
117	173	0.465775
117	175	0.360875
117	177	0.471096
117	178	0.454671
117	180	0.473045
118	6	0.500241
118	11	1.17018
118	23	1.2598
118	31	1.39155
118	41	1.32434
118	43	1.29414
118	49	0.557752
118	57	1.38661
118	66	1.33925
118	74	1.27594
118	84	1.31313
118	89	0.527608
118	90	0.546972
118	93	1.40725
118	104	0.527123
118	109	0.506683
118	110	1.39112
118	111	0.447275
118	119	1.28587
118	129	1.33921
118	131	1.30044
118	134	1.29769
118	140	1.32676
118	150	1.29673
118	154	0.537444
118	155	0.513111
118	171	0.523733
118	175	0.415588
119	27	0.464407
119	31	1.38803
119	63	0.552272
119	71	1.41337
119	101	1.29281
119	106	0.498879
119	108	1.30611
119	109	0.512084
119	110	1.38761
119	118	1.28587
119	129	1.33569
119	134	1.29417
119	136	1.30608
119	137	1.29102
119	140	1.32324
119	145	1.26351
119	149	0.52013
119	150	1.29321
119	151	1.27216
119	152	0.528827
119	156	1.32844
119	157	1.29683
119	159	1.32183
119	170	0.529225
119	173	0.525889
119	174	0.536275
119	175	0.420989
119	179	0.522586
120	4	1.34052
120	27	0.449595
120	52	0.545664
120	54	1.41786
120	60	1.35036
120	67	1.3331
120	73	1.28009
120	75	0.546022
120	88	1.32192
120	101	1.29501
120	117	1.38382
120	121	1.29326
120	123	1.28769
120	136	1.30829
120	144	0.52428
120	145	1.26572
120	151	1.27437
120	153	0.532222
120	156	1.33065
120	157	1.29904
120	158	0.543948
120	159	1.32404
120	161	1.29427
120	168	0.508496
120	173	0.511077
120	174	0.521463
120	175	0.406177
120	180	0.518347
121	4	1.34702
121	37	1.3511
121	51	1.263
121	54	1.42435
121	60	1.35685
121	73	1.28658
121	84	0.530684
121	88	1.32841
121	97	0.508422
121	101	1.30151
121	104	1.30035
121	106	0.497815
121	111	0.451612
121	115	0.542941
121	120	1.29326
121	124	1.34289
121	136	1.31478
121	145	1.27221
121	146	0.532193
121	151	1.28086
121	155	0.517448
121	157	1.30553
121	159	1.33053
121	160	0.549602
121	161	1.30077
121	170	0.528161
121	171	0.52807
121	175	0.419925
122	5	0.395808
122	7	0.494176
122	11	0.614731
122	25	0.449119
122	80	0.501343
122	85	0.54171
122	127	1.30483
122	132	1.29497
122	133	1.27415
122	140	0.521585
122	141	0.506363
122	144	1.2861
122	147	0.512815
122	148	1.3127
122	155	1.31181
122	161	1.29589
122	165	0.536115
122	166	0.519373
122	167	1.30464
122	168	1.31317
122	169	1.30554
122	172	1.31271
122	174	1.30703
122	175	1.54881
122	177	1.2972
122	178	1.31814
122	179	1.30423
122	180	1.30808
123	18	0.532572
123	39	1.30097
123	50	0.554178
123	54	1.41879
123	60	1.35128
123	69	1.2883
123	88	1.32284
123	89	0.512574
123	97	0.48905
123	101	1.29594
123	108	1.30925
123	117	1.38475
123	120	1.28769
123	124	1.33732
123	132	0.51503
123	136	1.30922
123	145	1.26665
123	146	0.512822
123	151	1.27529
123	156	1.33158
123	157	1.29996
123	159	1.32496
123	161	1.2952
123	162	0.546929
123	164	0.526461
123	172	0.502735
123	175	0.400554
123	180	0.512724
124	20	1.33582
124	36	1.43527
124	40	0.493086
124	58	0.532116
124	67	1.38273
124	71	1.46521
124	73	1.32972
124	77	1.41226
124	88	1.37154
124	104	1.34348
124	106	0.447458
124	121	1.34289
124	123	1.33732
124	125	0.512847
124	136	1.35792
124	145	1.31535
124	148	0.469038
124	151	1.32399
124	152	0.477406
124	156	1.38028
124	157	1.34866
124	159	1.37366
124	161	1.3439
124	164	0.495475
124	167	0.484586
124	170	0.477804
124	173	0.474467
124	174	0.484854
124	178	0.463364
125	45	0.522587
125	47	1.28855
125	50	0.552192
125	71	0.461221
125	73	0.541632
125	75	0.538413
125	110	0.504998
125	124	0.512847
125	128	1.27992
125	133	1.24293
125	137	0.543894
125	142	0.534087
125	150	0.54426
125	152	1.27444
125	155	1.28059
125	163	0.53764
125	167	1.27342
125	168	1.28195
125	169	1.27432
125	170	1.28164
125	171	1.26235
125	172	1.28149
125	173	1.284
125	174	1.27581
125	176	1.51585
125	177	1.26598
125	178	1.28691
125	179	1.27301
125	180	1.27686
126	7	0.500257
126	21	0.555049
126	60	0.528574
126	67	0.515498
126	135	0.521961
126	137	0.534482
126	140	0.527666
126	148	1.26515
126	149	1.26
126	152	1.25811
126	155	1.26426
126	156	1.28471
126	158	0.526926
126	160	0.518832
126	161	1.24834
126	162	0.535531
126	166	0.525454
126	168	1.26562
126	169	1.25799
126	170	1.26531
126	172	1.26516
126	173	1.26767
126	174	1.25948
126	175	1.50126
126	176	1.49952
126	177	1.24965
126	178	1.27058
126	179	1.25668
126	180	1.26053
127	28	0.548721
127	31	0.390812
127	65	0.583953
127	80	0.475856
127	101	0.520774
127	122	1.30483
127	128	1.32598
127	132	1.3098
127	133	1.28898
127	140	0.496099
127	148	1.32754
127	149	1.32239
127	151	0.501447
127	153	0.483634
127	155	1.32664
127	158	0.495359
127	160	0.487265
127	163	0.49666
127	165	0.510629
127	167	1.31948
127	168	1.328
127	169	1.32037
127	170	1.32769
127	172	1.32755
127	174	1.32186
127	176	1.5619
127	177	1.31204
127	178	1.33297
127	179	1.31907
127	180	1.32292
128	17	0.505746
128	26	0.536622
128	37	0.448218
128	46	1.33599
128	53	0.524268
128	91	0.511024
128	100	0.494631
128	108	0.487875
128	111	1.49169
128	112	0.5045
128	117	0.454278
128	125	1.27992
128	127	1.32598
128	132	1.31612
128	135	0.481497
128	140	0.487202
128	142	0.484211
128	146	1.3202
128	149	1.3287
128	159	0.474176
128	167	1.32579
128	168	1.33432
128	169	1.32669
128	170	1.33401
128	172	1.33386
128	173	1.33637
128	174	1.32818
128	175	1.56996
128	177	1.31835
128	178	1.33928
128	179	1.32538
128	180	1.32923
129	6	0.46849
129	9	1.39837
129	11	1.22
129	17	1.33427
129	23	1.30962
129	33	0.482322
129	41	1.37417
129	43	1.34396
129	57	1.43644
129	59	1.2516
129	64	0.508966
129	66	1.38907
129	74	1.32576
129	77	0.471034
129	110	1.44095
129	118	1.33921
129	119	1.33569
129	131	1.35026
129	134	1.34751
129	137	1.34436
129	140	1.37658
129	144	1.33562
129	148	0.483306
129	150	1.34655
129	153	0.509882
129	157	0.521555
129	161	0.499231
129	167	0.498855
129	171	0.491981
129	172	0.486018
129	173	0.488736
129	174	0.499123
130	21	0.563233
130	62	0.479846
130	72	1.43797
130	78	1.38815
130	103	0.466519
130	112	1.29264
130	132	0.511817
130	134	0.545021
130	139	1.35229
130	141	1.37941
130	142	1.32655
130	143	1.33457
130	147	1.36291
130	148	0.49681
130	150	1.32348
130	151	0.541199
130	153	1.33708
130	154	1.35652
130	156	0.500524
130	158	1.33363
130	160	1.34882
130	161	0.512735
130	162	1.33121
130	163	1.34062
130	164	1.36351
130	165	1.32215
130	166	1.32683
130	168	0.49966
130	173	1.34167
130	175	0.39734
130	176	0.404755
130	178	0.491137
131	9	1.3596
131	11	1.18123
131	17	1.2955
131	19	0.532934
131	23	1.27085
131	31	1.4026
131	41	1.3354
131	43	1.30519
131	57	1.39767
131	59	1.21283
131	67	0.529238
131	74	1.28699
131	84	1.32419
131	86	0.505226
131	93	1.4183
131	105	0.495183
131	110	1.40218
131	112	0.558703
131	118	1.30044
131	129	1.35026
131	132	0.517372
131	134	1.30874
131	137	1.30559
131	140	1.33781
131	144	1.29685
131	150	1.30778
131	152	0.510734
131	161	0.518291
131	171	0.511041
131	172	0.505077
131	173	0.507795
131	174	0.518182
131	175	0.402896
132	52	1.26833
132	55	0.53943
132	78	0.480509
132	97	1.30518
132	98	0.506102
132	114	0.50675
132	122	1.29497
132	123	0.51503
132	127	1.3098
132	128	1.31612
132	130	0.511817
132	131	0.517372
132	133	1.27913
132	146	1.30403
132	148	1.31768
132	150	0.515457
132	152	1.31064
132	154	0.491622
132	155	1.31679
132	156	1.33724
132	157	0.507485
132	159	0.49525
132	160	0.499443
132	166	0.506064
132	169	1.31051
132	171	1.29855
132	172	1.31769
132	174	1.31201
132	175	1.55379
132	177	1.30218
132	178	1.32311
132	179	1.30921
132	180	1.31306
133	9	0.515578
133	10	0.487123
133	42	0.49642
133	53	0.539311
133	60	0.503153
133	76	0.524627
133	80	0.482003
133	83	0.503618
133	102	1.28295
133	107	0.534375
133	111	1.4547
133	122	1.27415
133	125	1.24293
133	127	1.28898
133	132	1.27913
133	140	0.502245
133	141	0.487024
133	149	1.29171
133	152	1.28982
133	155	1.29597
133	158	0.501506
133	165	0.516775
133	167	1.2888
133	168	1.29733
133	170	1.29701
133	172	1.29687
133	174	1.29119
133	175	1.53297
133	176	1.53123
133	177	1.28136
133	178	1.30229
133	179	1.28839
133	180	1.29224
134	9	1.35685
134	11	1.17849
134	17	1.29275
134	31	1.39986
134	41	1.33265
134	43	1.30244
134	52	0.542457
134	57	1.39492
134	59	1.21008
134	66	1.34755
134	74	1.28424
134	93	1.41555
134	110	1.39943
134	118	1.29769
134	119	1.29417
134	129	1.34751
134	130	0.545021
134	131	1.30874
134	137	1.30285
134	140	1.33507
134	144	1.29411
134	146	0.515239
134	148	0.50244
134	150	1.30504
134	155	0.500493
134	163	0.542042
134	167	0.517989
134	168	0.50529
134	169	0.520855
134	171	0.511115
134	176	0.410385
134	178	0.496767
134	179	0.504568
135	11	0.619751
135	26	1.29605
135	28	1.2421
135	46	0.496495
135	51	0.557442
135	56	1.275
135	70	0.534349
135	72	1.43245
135	77	0.475293
135	83	1.33105
135	103	0.457274
135	113	1.3849
135	126	0.521961
135	128	0.481497
135	139	1.34676
135	141	1.37389
135	142	1.32103
135	143	1.32905
135	147	1.35739
135	153	1.33156
135	156	0.491278
135	158	1.32811
135	160	1.3433
135	162	1.32569
135	163	1.3351
135	164	1.35799
135	165	1.31663
135	166	1.32131
135	168	0.490414
135	171	1.31449
135	173	1.33615
135	176	0.395509
135	177	0.498316
135	179	0.489692
135	180	0.500265
136	19	0.52488
136	32	0.609469
136	36	1.40717
136	60	1.37188
136	67	1.35462
136	69	1.3089
136	71	1.4371
136	73	1.30161
136	82	0.472466
136	88	1.34344
136	90	0.526225
136	97	0.483338
136	101	1.31654
136	102	0.522487
136	104	1.31538
136	108	1.32985
136	119	1.30608
136	120	1.30829
136	121	1.31478
136	123	1.30922
136	124	1.35792
136	142	0.530361
136	145	1.28724
136	151	1.29589
136	155	0.492365
136	156	1.35217
136	157	1.32056
136	159	1.34556
136	161	1.3158
