1	45	0.938814
1	99	1.79761
1	144	0.859804
1	161	0.935554
1	171	0.859613
1	172	0.860678
1	173	0.872626
1	174	0.841152
1	175	0.895903
1	177	0.860693
1	178	0.836249
1	180	0.822288
2	71	0.952784
2	116	1.5887
2	118	1.01134
2	119	0.974122
2	122	0.962661
2	126	0.985623
2	134	0.997725
2	135	0.992339
2	141	0.89864
2	143	0.905632
2	148	0.930453
2	174	2.53863
3	11	1.0572
3	13	1.0567
3	16	1.04723
3	26	1.11622
3	28	1.11555
3	30	1.02871
3	32	1.12449
3	89	0.909537
3	120	1.29217
3	140	1.0677
3	152	1.0204
3	166	2.08225
4	5	1.07221
4	23	0.936079
4	27	0.920056
4	36	0.923786
4	50	1.00494
4	54	0.98171
4	57	0.981552
4	68	1.51057
4	141	0.899009
4	148	0.930821
4	153	0.978757
4	174	2.60908
5	4	1.07221
5	19	1.14325
5	27	1.01802
5	36	1.02175
5	50	1.10291
5	54	1.07967
5	57	1.07952
5	89	0.981435
5	127	1.52103
5	148	1.02879
5	153	1.07672
5	157	1.82905
6	31	1.0689
6	43	1.06835
6	52	1.02702
6	64	1.11661
6	65	1.04358
6	69	1.1162
6	153	1.05213
6	160	1.09592
6	161	0.73206
6	169	1.03099
6	170	0.801042
6	176	3.0057
7	19	1.15221
7	23	1.04301
7	27	1.02698
7	36	1.03071
7	50	1.11187
7	54	1.08864
7	57	1.08848
7	109	1.16772
7	141	1.00594
7	151	1.22576
7	153	1.08568
7	179	2.06153
8	21	0.991188
8	31	0.960339
8	43	0.959782
8	52	0.91846
8	64	1.00805
8	65	0.935017
8	69	1.00763
8	153	0.94357
8	159	1.44696
8	160	0.987355
8	169	0.922431
8	173	2.31649
9	11	0.956356
9	13	0.955853
9	16	0.946392
9	26	1.01538
9	28	1.0147
9	30	0.927866
9	32	1.02365
9	95	0.911418
9	136	2.04163
9	140	0.966856
9	152	0.919556
9	158	1.64811
10	20	1.21985
10	37	1.06909
10	39	1.06787
10	42	1.05851
10	45	0.738107
10	58	1.11755
10	63	1.11644
10	123	0.837868
10	166	0.984489
10	169	1.03035
10	170	0.981174
10	178	2.78507
11	3	1.0572
11	9	0.956356
11	13	0.936719
11	16	0.927258
11	26	0.996246
11	28	0.995569
11	30	0.908732
11	32	1.00451
11	140	0.947722
11	152	0.900422
11	157	1.50727
11	170	2.2742
12	17	1.02516
12	103	0.951762
12	105	0.99335
12	118	0.993815
12	121	0.944814
12	122	0.94514
12	129	1.00401
12	135	0.974819
12	151	1.25958
12	152	0.901043
12	170	0.890556
12	171	2.44454
13	3	1.0567
13	9	0.955853
13	11	0.936719
13	16	0.926754
13	26	0.995743
13	28	0.995065
13	30	0.908229
13	32	1.00401
13	130	1.1663
13	140	0.947219
13	152	0.899919
13	175	2.40719
14	35	0.672755
14	83	0.528073
14	110	0.891997
14	116	0.999843
14	131	1.0127
14	155	0.985617
14	165	1.0068
14	176	0.925643
14	177	0.956646
14	178	0.932202
14	179	0.975436
14	180	0.918242
15	23	0.971464
15	92	0.108503
15	142	1.03114
15	162	0.96252
15	165	0.994499
15	167	0.968813
15	171	0.943264
15	173	0.956277
15	177	0.944344
15	178	0.9199
15	179	0.963134
15	180	0.90594
16	3	1.04723
16	9	0.946392
16	11	0.927258
16	13	0.926754
16	26	0.986281
16	28	0.985604
16	30	0.898767
16	32	0.99455
16	95	0.88232
16	140	0.937757
16	152	0.890458
16	164	1.83864
16	175	2.07425
17	12	1.02516
17	103	1.03846
17	105	1.08004
17	118	1.08051
17	121	1.03151
17	126	1.05479
17	128	1.13026
17	129	1.09071
17	133	1.33385
17	134	1.0669
17	141	0.967813
17	163	1.90373
17	170	0.977249
18	59	1.02561
18	77	1.06737
18	84	1.063
18	86	1.05021
18	92	1.05024
18	101	1.0341
18	107	1.02236
18	112	1.05515
18	138	0.975872
18	140	1.04755
18	147	1.82707
18	160	1.08112
18	166	1.69241
19	5	1.14325
19	7	1.15221
19	23	1.00712
19	27	0.991099
19	36	0.99483
19	54	1.05275
19	57	1.0526
19	68	1.88943
19	141	0.970052
19	148	1.00186
19	153	1.0498
19	155	1.82894
19	166	1.16239
20	10	1.21985
20	37	1.16925
20	39	1.16802
20	42	1.15867
20	58	1.21771
20	63	1.2166
20	96	0.713061
20	145	1.27358
20	149	2.25248
20	161	1.0135
20	166	1.08464
20	169	1.1305
20	170	1.08133
21	8	0.991188
21	31	1.04766
21	43	1.0471
21	52	1.00578
21	64	1.09537
21	65	1.02234
21	69	1.09495
21	143	1.75505
21	153	1.03089
21	155	2.09049
21	158	0.862254
21	160	1.07467
21	169	1.00975
22	48	0.897194
22	51	0.948597
22	59	0.946029
22	61	0.967535
22	77	0.987788
22	107	0.942775
22	112	0.975575
22	138	0.896292
22	142	1.78592
22	153	0.957759
22	157	0.916105
22	159	2.11258
22	160	1.00154
23	4	0.936079
23	7	1.04301
23	15	0.971464
23	19	1.00712
23	27	0.881893
23	36	0.885623
23	50	0.966777
23	54	0.943547
23	57	0.943389
23	72	0.914726
23	138	2.41685
23	141	0.860846
23	148	0.892658
23	153	0.940594
24	25	1.04485
24	29	1.05038
24	40	1.03713
24	41	0.96216
24	44	1.02915
24	49	1.02193
24	66	0.992254
24	73	1.05577
24	76	1.04031
24	123	1.06157
24	128	0.791189
24	157	0.967736
24	170	2.19405
24	175	1.75942
25	24	1.04485
25	29	1.05973
25	41	0.971504
25	44	1.03849
25	49	1.03127
25	66	1.0016
25	72	0.992865
25	73	1.06512
25	76	1.04966
25	108	1.02647
25	128	1.23375
25	139	0.89836
25	152	2.40567
25	157	0.97708
26	3	1.11622
26	9	1.01538
26	11	0.996246
26	13	0.995743
26	16	0.986281
26	28	1.05459
26	30	0.967756
26	32	1.06354
26	33	1.05259
26	102	2.18616
26	140	1.00675
26	152	0.959446
26	154	1.19595
26	169	1.29619
27	4	0.920056
27	5	1.01802
27	7	1.02698
27	19	0.991099
27	23	0.881893
27	36	0.869601
27	50	0.950755
27	54	0.927524
27	57	0.927367
27	72	0.898703
27	139	1.50209
27	148	0.876636
27	153	0.924571
27	157	2.47341
28	3	1.11555
28	9	1.0147
28	11	0.995569
28	13	0.995065
28	16	0.985604
28	26	1.05459
28	30	0.967078
28	32	1.06286
28	33	1.05191
28	133	1.15185
28	140	1.00607
28	148	1.90415
28	152	0.958769
28	159	1.66166
29	24	1.05038
29	25	1.05973
29	40	1.05201
29	41	0.977038
29	44	1.04402
29	49	1.03681
29	66	1.00713
29	73	1.07065
29	76	1.05519
29	106	0.934761
29	130	0.948938
29	146	1.65728
29	151	1.86689
29	157	0.982614
30	3	1.02871
30	9	0.927866
30	11	0.908732
30	13	0.908229
30	16	0.898767
30	26	0.967756
30	28	0.967078
30	32	0.976024
30	33	0.965074
30	95	0.863794
30	138	1.61823
30	140	0.919232
30	152	0.871932
30	172	2.45431
31	6	1.0689
31	8	0.960339
31	21	1.04766
31	43	1.01625
31	52	0.97493
31	64	1.06452
31	65	0.991488
31	69	1.0641
31	152	1.32724
31	153	1.00004
31	160	1.04382
31	169	0.978901
31	170	1.55818
31	177	1.98776
32	3	1.12449
32	9	1.02365
32	11	1.00451
32	13	1.00401
32	16	0.99455
32	26	1.06354
32	28	1.06286
32	30	0.976024
32	34	1.02076
32	95	0.959576
32	140	1.01501
32	152	0.967714
32	177	2.14257
32	179	1.79119
33	26	1.05259
33	28	1.05191
33	30	0.965074
33	52	0.991478
33	93	1.02156
33	120	0.82678
33	129	1.05973
33	135	1.03054
33	152	0.956764
33	153	1.01659
33	155	2.28341
33	160	1.06037
33	162	1.72614
33	169	0.99545
34	32	1.02076
34	37	1.10141
34	161	1.00155
34	163	0.943106
34	167	0.951163
34	171	0.925614
34	172	0.92668
34	174	0.907153
34	175	0.961904
34	176	0.895691
34	177	0.926694
34	178	0.90225
34	179	0.945484
34	180	0.88829
35	14	0.672755
35	71	1.00267
35	93	1.03325
35	104	1.0816
35	105	1.06076
35	119	1.02401
35	121	1.01222
35	122	1.01255
35	134	1.04761
35	135	1.04223
35	143	0.955519
35	154	1.39059
35	165	1.94879
35	170	0.957963
36	4	0.923786
36	5	1.02175
36	7	1.03071
36	19	0.99483
36	23	0.885623
36	27	0.869601
36	50	0.954485
36	54	0.931255
36	57	0.931097
36	141	0.848553
36	147	1.26038
36	148	0.880366
36	153	0.928302
36	178	2.99396
37	10	1.06909
37	20	1.16925
37	34	1.10141
37	39	1.01726
37	42	1.0079
37	58	1.06694
37	63	1.06583
37	108	1.00861
37	115	0.978894
37	136	1.18363
37	166	0.933879
37	169	0.979737
37	170	0.930565
37	179	1.87183
38	48	0.874075
38	61	0.944415
38	70	0.988537
38	77	0.964669
38	78	1.44727
38	84	0.960302
38	92	0.947545
38	101	0.9314
38	107	0.919656
38	112	0.952455
38	138	0.873173
38	157	0.892985
38	160	0.978423
38	172	2.78563
39	10	1.06787
39	20	1.16802
39	37	1.01726
39	42	1.00668
39	58	1.06572
39	63	1.06461
39	108	1.00739
39	115	0.977674
39	131	1.14944
39	146	1.04837
39	166	0.932659
39	169	0.978517
39	170	0.929344
39	171	2.44293
40	24	1.03713
40	29	1.05201
40	41	0.963788
40	44	1.03077
40	49	1.02356
40	66	0.993882
40	73	1.0574
40	76	1.04194
40	108	1.01875
40	123	1.0632
40	138	1.67478
40	154	1.04507
40	157	0.969364
40	162	1.85722
41	24	0.96216
41	25	0.971504
41	29	0.977038
41	40	0.963788
41	44	0.955798
41	49	0.948581
41	66	0.918907
41	73	0.982424
41	76	0.966967
41	95	0.86808
41	106	0.846536
41	113	1.92929
41	145	2.299
41	157	0.894389
42	10	1.05851
42	20	1.15867
42	37	1.0079
42	39	1.00668
42	58	1.05637
42	63	1.05526
42	98	1.05711
42	108	0.998033
42	111	0.930179
42	165	1.54733
42	166	0.923302
42	169	0.96916
42	170	0.919987
42	173	2.31391
43	6	1.06835
43	8	0.959782
43	21	1.0471
43	31	1.01625
43	52	0.974373
43	64	1.06396
43	65	0.990931
43	69	1.06355
43	113	1.24214
43	144	2.58287
43	148	1.10787
43	153	0.999484
43	160	1.04327
43	169	0.978345
44	24	1.02915
44	25	1.03849
44	29	1.04402
44	40	1.03077
44	41	0.955798
44	49	1.01557
44	66	0.985892
44	72	0.97716
44	73	1.04941
44	76	1.03395
44	95	0.935065
44	148	1.70216
44	157	0.961374
44	158	1.1456
44	179	2.22733
45	1	0.938814
45	10	0.738107
45	76	1.57867
45	138	0.923118
45	147	0.952083
45	163	0.924187
45	164	0.962298
45	167	0.932244
45	171	0.906695
45	172	0.907761
45	175	0.942985
45	177	0.907775
45	178	0.883331
45	179	0.926566
45	180	0.869371
46	60	1.00401
46	83	1.0231
46	103	0.995288
46	118	1.03734
46	121	0.988339
46	122	0.988665
46	126	1.01163
46	129	1.04754
46	134	1.02373
46	135	1.01834
46	148	0.956458
46	159	0.951977
46	165	1.05492
46	170	0.934081
46	178	3.06783
47	93	0.999261
47	104	1.04762
47	105	1.02677
47	118	1.02723
47	119	0.990021
47	121	0.978233
47	122	0.97856
47	126	1.00152
47	129	1.03743
47	134	1.01362
47	135	1.00824
47	137	1.63015
47	159	1.67762
47	161	1.67468
47	170	0.923975
48	22	0.897194
48	38	0.874075
48	61	0.932484
48	70	0.976605
48	77	0.952737
48	84	0.948371
48	86	0.935578
48	95	1.12127
48	101	0.919468
48	107	0.907724
48	112	0.940524
48	143	0.849951
48	153	0.922708
48	160	0.966492
48	180	3.67073
49	24	1.02193
49	25	1.03127
49	29	1.03681
49	40	1.02356
49	41	0.948581
49	44	1.01557
49	66	0.978675
49	73	1.04219
49	76	1.02674
49	106	0.906304
49	115	0.943329
49	123	1.04799
49	157	0.954157
49	166	1.77934
49	170	2.22118
50	4	1.00494
50	5	1.10291
50	7	1.11187
50	23	0.966777
50	27	0.950755
50	36	0.954485
50	54	1.01241
50	57	1.01225
50	72	0.983588
50	139	0.928089
50	141	0.929707
50	148	0.96152
50	153	1.00946
50	154	1.52163
50	167	2.3026
51	22	0.948597
51	61	0.983886
51	70	1.02801
51	77	1.00414
51	84	0.999774
51	86	0.98698
51	92	0.987017
51	98	1.04092
51	101	0.970871
51	107	0.959127
51	112	0.991926
51	124	1.75066
51	130	1.00581
51	138	0.912644
51	160	1.01789
51	166	2.2395
52	6	1.02702
52	8	0.91846
52	21	1.00578
52	31	0.97493
52	33	0.991478
52	43	0.974373
52	64	1.02264
52	65	0.949608
52	69	1.02222
52	123	1.01034
52	124	1.54799
52	136	1.86866
52	153	0.958161
52	157	1.71173
52	160	1.00195
52	169	0.937022
53	55	0.904646
53	67	0.896653
53	74	0.884759
53	75	0.950854
53	79	0.942367
53	81	0.924116
53	87	0.915655
53	88	0.927221
53	90	0.91828
53	91	0.917244
53	94	0.907311
53	114	0.965318
53	141	3.15047
53	158	1.58728
53	160	0.955404
53	166	0.844623
54	4	0.98171
54	5	1.07967
54	7	1.08864
54	19	1.05275
54	23	0.943547
54	27	0.927524
54	36	0.931255
54	50	1.01241
54	57	0.989021
54	72	0.960357
54	100	2.04391
54	141	0.906477
54	148	0.93829
54	149	2.57034
54	153	0.986225
54	157	0.767499
55	53	0.904646
55	56	1.05553
55	62	1.05154
55	74	0.949437
55	79	1.00705
55	81	0.988794
55	87	0.980333
55	90	0.982958
55	91	0.981922
55	94	0.971989
55	114	1.03
55	120	1.41807
55	158	1.64646
55	160	1.02008
55	163	2.02059
55	166	0.909301
56	55	1.05553
56	62	1.13775
56	74	1.03565
56	75	1.10174
56	87	1.06654
56	88	1.07811
56	90	1.06917
56	91	1.06813
56	94	1.0582
56	114	1.11621
56	115	1.04053
56	139	1.11916
56	141	1.23507
56	166	0.995512
56	179	0.753612
56	180	3.93525
57	4	0.981552
57	5	1.07952
57	7	1.08848
57	19	1.0526
57	23	0.943389
57	27	0.927367
57	36	0.931097
57	50	1.01225
57	54	0.989021
57	72	0.9602
57	124	1.29076
57	141	0.906319
57	148	0.938132
57	153	0.986068
57	156	2.08019
57	175	1.7868
58	10	1.11755
58	20	1.21771
58	37	1.06694
58	39	1.06572
58	42	1.05637
58	63	1.11429
58	78	1.0308
58	98	1.11615
58	111	0.825373
58	115	1.02736
58	166	0.982341
58	167	1.13831
58	168	2.03572
58	169	1.0282
58	170	0.979027
58	171	1.92944
59	18	1.02561
59	22	0.946029
59	77	1.00157
59	84	0.997206
59	85	1.06135
59	86	0.984412
59	92	0.984449
59	98	1.03836
59	101	0.968303
59	107	0.956559
59	112	0.989359
59	144	3.16241
59	153	0.971543
59	157	0.929889
59	160	1.01533
59	169	1.08991
60	46	1.00401
60	93	0.987867
60	99	1.03533
60	105	1.01537
60	118	1.01584
60	121	0.966839
60	122	0.967165
60	126	0.990127
60	129	1.02604
60	130	0.723553
60	132	3.19282
60	134	1.00223
60	135	0.996844
60	141	0.903145
60	164	1.1864
60	170	0.912581
61	22	0.967535
61	38	0.944415
61	48	0.932484
61	51	0.983886
61	70	1.04695
61	85	1.6056
61	86	1.00592
61	92	1.00595
61	101	0.989809
61	112	1.01086
61	138	0.931582
61	140	1.59193
61	153	0.993048
61	157	0.951395
61	159	1.98917
61	160	1.03683
62	55	1.05154
62	56	1.13775
62	67	1.04355
62	81	1.07101
62	82	0.670899
62	87	1.06255
62	90	1.06517
62	91	1.06414
62	94	1.05421
62	114	1.11221
62	140	1.04599
62	143	1.73876
62	159	1.16003
62	160	1.1023
62	166	0.991517
62	171	2.27688
63	10	1.11644
63	20	1.2166
63	37	1.06583
63	39	1.06461
63	42	1.05526
63	58	1.11429
63	78	1.02968
63	80	1.20064
63	98	1.11504
63	115	1.02625
63	117	1.8609
63	123	0.879365
63	137	1.62407
63	166	0.981231
63	169	1.02709
63	170	0.977916
64	6	1.11661
64	8	1.00805
64	21	1.09537
64	31	1.06452
64	43	1.06396
64	52	1.02264
64	65	1.0392
64	69	1.11181
64	106	2.08352
64	123	1.09993
64	152	1.23048
64	153	1.04775
64	160	1.09153
64	165	0.874912
64	169	1.02661
64	172	1.7825
65	6	1.04358
65	8	0.935017
65	21	1.02234
65	31	0.991488
65	43	0.990931
65	52	0.949608
65	64	1.0392
65	69	1.03878
65	89	0.871245
65	123	1.0269
65	152	2.25485
65	153	0.974719
65	160	1.0185
65	164	1.81555
65	169	0.95358
66	24	0.992254
66	25	1.0016
66	29	1.00713
66	40	0.993882
66	41	0.918907
66	44	0.985892
66	49	0.978675
66	72	0.940268
66	73	1.01252
66	76	0.997061
66	80	1.5546
66	82	1.1061
66	106	0.87663
66	108	0.97387
66	123	1.01832
66	143	2.60423
66	157	0.924483
67	53	0.896653
67	62	1.04355
67	74	0.941444
67	75	1.00754
67	78	0.949762
67	79	0.999053
67	81	0.980802
67	88	0.983906
67	90	0.974965
67	94	0.963996
67	108	1.18306
67	114	1.022
67	115	0.946323
67	127	1.36279
67	160	1.01209
67	166	0.901308
67	177	2.86733
68	4	1.51057
68	19	1.88943
68	96	0.981024
68	110	0.831782
68	137	0.96408
68	149	0.895747
68	161	0.971292
68	162	0.914607
68	163	0.912843
68	167	0.9209
68	171	0.895351
68	172	0.896417
68	176	0.865428
68	177	0.896431
68	178	0.871987
68	179	0.915221
68	180	0.858027
69	6	1.1162
69	8	1.00763
69	21	1.09495
69	31	1.0641
69	43	1.06355
69	52	1.02222
69	64	1.11181
69	65	1.03878
69	123	1.09952
69	143	1.70196
69	152	1.58175
69	153	1.04734
69	160	1.09112
69	164	1.14244
69	166	1.37085
69	169	1.0262
70	38	0.988537
70	48	0.976605
70	51	1.02801
70	61	1.04695
70	77	1.0672
70	86	1.05004
70	92	1.05008
70	101	1.03393
70	107	1.02219
70	112	1.05499
70	125	0.929666
70	131	1.43352
70	143	0.964413
70	153	1.03717
70	156	2.15838
70	157	0.995516
70	160	1.08095
70	162	1.96706
71	2	0.952784
71	35	1.00267
71	83	0.976375
71	93	0.962641
71	99	1.0101
71	118	0.990614
71	119	0.953401
71	121	0.941613
71	122	0.94194
71	125	1.0056
71	126	0.964902
71	129	1.00081
71	134	0.977004
71	135	0.971618
71	151	2.08884
71	152	0.897843
71	163	2.21702
71	170	0.887356
72	23	0.914726
72	25	0.992865
72	27	0.898703
72	44	0.97716
72	50	0.983588
72	54	0.960357
72	57	0.9602
72	66	0.940268
72	74	0.930543
72	76	0.988329
72	81	0.9699
72	90	0.964064
72	114	1.0111
72	116	2.38246
72	117	1.44859
72	157	0.91575
72	160	1.00119
72	179	2.02688
73	24	1.05577
73	25	1.06512
73	29	1.07065
73	40	1.0574
73	41	0.982424
73	44	1.04941
73	49	1.04219
73	66	1.01252
73	76	1.06058
73	80	1.24477
73	95	0.961691
73	106	0.940147
73	108	1.03739
73	120	1.17321
73	123	1.08183
73	138	1.89013
73	157	0.988
73	164	1.73488
74	53	0.884759
74	55	0.949437
74	56	1.03565
74	67	0.941444
74	72	0.930543
74	79	0.987159
74	81	0.968908
74	88	0.972012
74	90	0.963072
74	91	0.962035
74	94	0.952102
74	114	1.01011
74	125	1.36717
74	130	1.53246
74	131	2.34187
74	140	0.943886
74	160	1.0002
74	166	0.889414
75	53	0.950854
75	56	1.10174
75	67	1.00754
75	79	1.05325
75	81	1.035
75	87	1.02654
75	88	1.03811
75	90	1.02917
75	91	1.02813
75	94	1.0182
75	97	0.92393
75	114	1.0762
75	127	0.796046
75	132	3.20718
75	140	1.00998
75	160	1.06629
75	165	1.2845
75	166	0.955509
76	24	1.04031
76	25	1.04966
76	29	1.05519
76	40	1.04194
76	41	0.966967
76	44	1.03395
76	45	1.57867
76	49	1.02674
76	66	0.997061
76	72	0.988329
76	73	1.06058
76	78	1.18196
76	95	0.946234
76	106	0.92469
76	108	1.02193
76	123	1.06638
76	157	0.972543
76	161	1.50684
76	165	1.61273
77	18	1.06737
77	22	0.987788
77	38	0.964669
77	48	0.952737
77	51	1.00414
77	59	1.00157
77	70	1.0672
77	84	1.03897
77	86	1.02617
77	92	1.02621
77	101	1.01006
77	107	0.998318
77	112	1.03112
77	115	1.23822
77	133	1.31681
77	136	1.90607
77	157	0.971648
77	160	1.05709
77	161	1.82368
78	38	1.44727
78	58	1.0308
78	63	1.02968
78	67	0.949762
78	76	1.18196
78	88	0.98033
78	91	0.970352
78	114	1.01843
78	129	0.382099
78	140	0.952203
78	158	0.9629
78	161	0.962781
78	166	0.897731
78	168	0.895768
78	169	0.943589
78	170	0.894417
78	175	0.92313
78	179	0.90671
78	180	0.849515
79	53	0.942367
79	55	1.00705
79	67	0.999053
79	74	0.987159
79	75	1.05325
79	81	1.02652
79	87	1.01805
79	88	1.02962
79	90	1.02068
79	91	1.01964
79	94	1.00971
79	97	1.31098
79	114	1.06772
79	140	1.00149
79	146	1.29088
79	148	1.81109
79	160	1.0578
79	166	0.947022
79	167	1.89432
80	63	1.20064
80	66	1.5546
80	73	1.24477
80	116	0.95175
80	124	0.971539
80	130	1.04097
80	133	0.997324
80	146	0.982139
80	159	0.952497
80	161	0.983414
80	164	0.963076
80	171	0.907473
80	172	0.908539
80	173	0.920486
80	174	0.889012
80	175	0.943763
80	177	0.908553
80	178	0.884109
80	179	0.927343
80	180	0.870149
81	53	0.924116
81	55	0.988794
81	62	1.07101
81	67	0.980802
81	72	0.9699
81	74	0.968908
81	75	1.035
81	79	1.02652
81	87	0.999803
81	88	1.01137
81	90	1.00243
81	91	1.00139
81	94	0.99146
81	97	1.96509
81	114	1.04947
81	125	1.07135
81	139	1.17391
81	146	1.94498
81	160	1.03955
81	166	0.928771
82	62	0.670899
82	66	1.1061
82	119	0.707655
82	126	0.159366
82	127	1.08185
82	145	1.00157
82	147	1.0292
82	159	1.02883
82	162	1.00306
82	165	1.03504
82	171	0.983809
82	172	0.984875
82	173	0.996822
82	174	0.965348
82	175	1.0201
82	176	0.953886
82	177	0.984889
82	178	0.960445
82	179	1.00368
82	180	0.946485
83	14	0.528073
83	46	1.0231
83	71	0.976375
83	93	1.00695
83	99	1.05442
83	103	0.992874
83	105	1.03446
83	117	1.89052
83	118	1.03493
83	119	0.997713
83	121	0.985925
83	122	0.986251
83	126	1.00921
83	129	1.04513
83	134	1.02132
83	135	1.01593
83	141	0.922231
83	156	2.24937
83	169	1.34614
83	170	0.931667
84	18	1.063
84	38	0.960302
84	48	0.948371
84	51	0.999774
84	59	0.997206
84	77	1.03897
84	86	1.02181
84	92	1.02184
84	101	1.0057
84	107	0.993952
84	112	1.02675
84	138	0.94747
84	141	1.58635
84	143	0.936179
84	144	2.05472
84	150	2.23843
84	153	1.00894
84	157	0.967282
84	160	1.05272
84	173	1.20677
85	59	1.06135
85	61	1.6056
85	105	0.633355
85	110	0.86627
85	127	1.02788
85	161	1.00578
85	162	0.949095
85	163	0.947331
85	164	0.985442
85	167	0.955388
85	168	0.938768
85	171	0.929839
85	172	0.930905
85	173	0.942852
85	174	0.911379
85	176	0.899917
85	177	0.930919
85	178	0.906475
85	179	0.94971
85	180	0.892515
86	18	1.05021
86	48	0.935578
86	51	0.98698
86	59	0.984412
86	61	1.00592
86	70	1.05004
86	77	1.02617
86	84	1.02181
86	92	1.00905
86	98	1.06295
86	101	0.992903
86	107	0.981159
86	112	1.01396
86	133	1.05725
86	142	1.24041
86	143	0.923386
86	153	0.996142
86	157	0.954488
86	163	1.62713
86	172	2.57761
87	53	0.915655
87	55	0.980333
87	56	1.06654
87	62	1.06255
87	75	1.02654
87	79	1.01805
87	81	0.999803
87	88	1.00291
87	90	0.993967
87	91	0.99293
87	94	0.982998
87	100	2.35609
87	114	1.041
87	115	0.965325
87	123	1.03108
87	139	0.693279
87	140	0.974782
87	160	1.03109
87	166	0.92031
87	174	3.23033
88	53	0.927221
88	56	1.07811
88	67	0.983906
88	74	0.972012
88	75	1.03811
88	78	0.98033
88	79	1.02962
88	81	1.01137
88	87	1.00291
88	90	1.00553
88	91	1.0045
88	94	0.994564
88	114	1.05257
88	115	0.976891
88	140	0.986348
88	141	2.0281
88	150	2.68018
88	155	1.69316
88	157	0.701514
88	166	0.931876
89	3	0.909537
89	5	0.981435
89	65	0.871245
89	121	0.584948
89	146	1.05545
89	154	1.07757
89	155	1.01083
89	156	1.00785
89	163	0.998273
89	165	1.03202
89	167	1.00633
89	171	0.980781
89	173	0.993794
89	174	0.96232
89	175	1.01707
89	176	0.950859
89	177	0.981861
89	178	0.957417
89	179	1.00065
89	180	0.943457
90	53	0.91828
90	55	0.982958
90	56	1.06917
90	62	1.06517
90	67	0.974965
90	72	0.964064
90	74	0.963072
90	75	1.02917
90	79	1.02068
90	81	1.00243
90	87	0.993967
90	88	1.00553
90	91	0.995556
90	114	1.04363
90	155	1.304
90	160	1.03372
90	166	0.922935
90	167	0.715537
90	169	0.757545
90	180	4.33912
91	53	0.917244
91	55	0.981922
91	56	1.06813
91	62	1.06414
91	74	0.962035
91	75	1.02813
91	78	0.970352
91	79	1.01964
91	81	1.00139
91	87	0.99293
91	88	1.0045
91	90	0.995556
91	94	0.984587
91	96	1.18098
91	114	1.04259
91	116	1.42884
91	156	0.853811
91	160	1.03268
91	166	0.921899
91	180	4.2549
92	15	0.108503
92	18	1.05024
92	38	0.947545
92	51	0.987017
92	59	0.984449
92	61	1.00595
92	70	1.05008
92	77	1.02621
92	84	1.02184
92	86	1.00905
92	101	0.992939
92	107	0.981195
92	112	1.01399
92	143	0.923422
92	153	0.996178
92	157	0.954525
92	160	1.03996
92	170	1.45515
92	174	2.83887
92	177	1.88473
93	33	1.02156
93	35	1.03325
93	47	0.999261
93	60	0.987867
93	71	0.962641
93	83	1.00695
93	99	1.04068
93	104	1.04157
93	106	0.898739
93	119	0.983979
93	121	0.972192
93	126	0.99548
93	128	1.30817
93	129	1.03139
93	134	1.00758
93	135	1.0022
93	138	0.92678
93	140	1.62433
93	143	0.915489
93	154	1.56632
93	163	2.08164
94	53	0.907311
94	55	0.971989
94	56	1.0582
94	62	1.05421
94	67	0.963996
94	74	0.952102
94	75	1.0182
94	79	1.00971
94	81	0.99146
94	87	0.982998
94	88	0.994564
94	91	0.984587
94	114	1.03266
94	115	0.956981
94	140	0.966438
94	147	1.87211
94	160	1.02275
94	163	1.54989
94	165	1.59277
94	166	0.911966
94	167	1.81554
95	9	0.911418
95	16	0.88232
95	30	0.863794
95	32	0.959576
95	41	0.86808
95	44	0.935065
95	48	1.12127
95	73	0.961691
95	76	0.946234
95	116	0.881697
95	140	0.902784
95	143	0.842553
95	152	0.855484
95	153	2.40658
95	156	0.864493
95	157	0.873656
95	164	0.893023
95	175	0.87371
95	176	0.807498
95	179	0.857291
95	180	0.800096
96	20	0.713061
96	68	0.981024
96	91	1.18098
96	135	1.65491
96	154	1.00996
96	155	0.943218
96	158	0.989227
96	159	0.958191
96	163	0.930659
96	164	0.96877
96	166	0.924059
96	168	0.922096
96	170	0.920744
96	171	0.913167
96	172	0.914233
96	173	0.92618
96	174	0.894707
96	176	0.883245
96	177	0.914247
96	178	0.889803
96	180	0.875843
97	75	0.92393
97	79	1.31098
97	81	1.96509
97	109	1.01972
97	141	0.912907
97	150	0.918215
97	154	1.01155
97	156	0.941838
97	159	0.95979
97	165	0.966001
97	167	0.940315
97	168	0.923695
97	171	0.914766
97	172	0.915832
97	173	0.927779
97	174	0.896305
97	175	0.951056
97	176	0.884843
97	177	0.915846
97	178	0.891402
97	180	0.877442
98	42	1.05711
98	51	1.04092
98	58	1.11615
98	59	1.03836
98	63	1.11504
98	86	1.06295
98	107	1.0351
98	111	1.28914
98	112	1.0679
98	119	1.04582
98	122	1.03436
98	126	1.05732
98	134	1.06942
98	135	1.06404
98	140	1.40611
98	142	1.47669
98	158	1.48928
98	161	1.80041
98	166	0.983088
98	169	1.02895
98	170	0.979773
99	1	1.79761
99	60	1.03533
99	71	1.0101
99	83	1.05442
99	93	1.04068
99	103	1.0266
99	104	1.08904
99	105	1.06819
99	109	1.09948
99	118	1.06866
99	119	1.03144
99	121	1.01965
99	122	1.01998
99	126	1.04294
99	129	1.07885
99	134	1.05505
99	135	1.04966
99	137	1.17817
99	152	0.975884
99	166	1.47326
99	170	0.965397
99	175	1.48046
100	54	2.04391
100	87	2.35609
100	120	0.970908
100	136	0.903961
100	142	0.946103
100	144	0.858419
100	147	0.903615
100	161	0.934168
100	162	0.877483
100	163	0.875719
100	164	0.91383
100	167	0.883776
100	168	0.867156
100	171	0.858227
100	172	0.859293
100	173	0.87124
100	174	0.839766
100	176	0.828304
100	177	0.859307
100	178	0.834863
100	179	0.878097
100	180	0.820903
101	18	1.0341
101	38	0.9314
101	48	0.919468
101	51	0.970871
101	59	0.968303
101	61	0.989809
101	70	1.03393
101	77	1.01006
101	84	1.0057
101	86	0.992903
101	92	0.992939
101	107	0.965049
101	108	1.01496
101	109	1.45403
101	112	0.997849
101	138	0.918567
101	143	0.907276
101	150	3.48138
101	153	0.980033
101	157	0.938379
101	158	1.26612
101	160	1.02382
102	26	2.18616
102	110	0.793175
102	117	0.906412
102	125	1.0022
102	136	0.902478
102	149	0.85714
102	153	1.5417
102	156	0.883816
102	159	0.901768
102	161	0.932685
102	162	0.876
102	165	0.907979
102	167	0.882293
102	168	0.865673
102	171	0.856744
102	172	0.85781
102	173	0.869757
102	174	0.838283
102	175	0.893034
102	177	0.857824
102	179	0.876614
102	180	0.819419
103	12	0.951762
103	17	1.03846
103	46	0.995288
103	83	0.992874
103	99	1.0266
103	104	1.0275
103	105	1.00665
103	106	0.88466
103	118	1.00711
103	119	0.9699
103	121	0.958112
103	122	0.958439
103	123	1.19888
103	126	0.981401
103	129	1.01731
103	134	0.993503
103	135	0.988117
103	138	0.9127
103	142	1.66439
103	152	0.914342
103	162	2.34795
103	169	1.63603
104	35	1.0816
104	47	1.04762
104	93	1.04157
104	99	1.08904
104	103	1.0275
104	105	1.06908
104	118	1.06955
104	119	1.03233
104	121	1.02055
104	123	0.957991
104	126	1.04383
104	129	1.07975
104	134	1.05594
104	135	1.05055
104	143	0.963844
104	147	1.60256
104	148	0.988665
104	152	0.976776
104	154	0.76503
104	168	2.4434
104	170	0.966289
104	177	2.33932
105	12	0.99335
105	17	1.08004
105	35	1.06076
105	47	1.02677
105	60	1.01537
105	83	1.03446
105	85	0.633355
105	99	1.06819
105	103	1.00665
105	104	1.06908
105	118	1.0487
105	122	1.00003
105	126	1.02299
105	129	1.0589
105	134	1.03509
105	135	1.0297
105	141	0.936006
105	142	0.690274
105	148	0.967818
105	170	0.945442
105	171	2.13377
105	177	2.13597
105	179	1.78458
106	29	0.934761
106	41	0.846536
106	49	0.906304
106	64	2.08352
106	66	0.87663
106	73	0.940147
106	76	0.92469
106	93	0.898739
106	103	0.88466
106	114	1.72295
106	119	0.889499
106	121	0.877711
106	134	0.913102
106	135	0.907716
106	150	0.819326
106	154	0.912665
106	158	0.891937
106	162	0.835132
106	167	0.841425
106	173	0.82889
106	175	0.852167
106	179	0.835747
106	180	0.778552
107	18	1.02236
107	22	0.942775
107	38	0.919656
107	48	0.907724
107	51	0.959127
107	59	0.956559
107	70	1.02219
107	77	0.998318
107	84	0.993952
107	86	0.981159
107	92	0.981195
107	98	1.0351
107	101	0.965049
107	112	0.986105
107	127	1.3956
107	137	1.73364
107	138	0.906823
107	143	0.895532
107	153	0.968289
107	157	0.926635
107	160	1.01207
107	162	2.138
107	165	1.88405
108	25	1.02647
108	37	1.00861
108	39	1.00739
108	40	1.01875
108	42	0.998033
108	66	0.97387
108	67	1.18306
108	73	1.03739
108	76	1.02193
108	101	1.01496
108	112	1.067
108	143	0.918249
108	157	0.949352
108	160	0.158052
108	166	0.924008
108	168	0.922045
108	169	0.969866
108	170	0.920693
108	172	0.914182
108	175	0.949406
108	176	0.883194
108	177	0.914196
108	179	0.932987
108	180	0.875792
109	7	1.16772
109	97	1.01972
109	99	1.09948
109	101	1.45403
109	114	0.285235
109	120	1.04513
109	125	1.0779
109	137	1.00118
109	144	0.932639
109	145	0.950212
109	150	0.935897
109	164	0.98805
109	167	0.957996
109	168	0.941376
109	169	0.989197
109	171	0.932447
109	173	0.94546
109	174	0.913987
109	175	0.968737
109	176	0.902525
109	177	0.933527
109	178	0.909083
109	179	0.952318
109	180	0.895123
110	14	0.891997
110	68	0.831782
110	85	0.86627
110	102	0.793175
110	136	0.809659
110	139	0.893684
110	142	0.851801
110	149	0.764321
110	158	0.839985
110	159	0.808949
110	162	0.783181
110	163	0.781417
110	164	0.819527
110	165	0.81516
110	168	0.772854
110	171	0.763925
110	172	0.764991
110	173	0.776938
110	175	0.800215
110	176	0.734002
110	177	0.765005
110	178	0.740561
110	179	0.783795
110	180	0.726601
111	42	0.930179
111	58	0.825373
111	98	1.28914
111	113	0.98763
111	119	1.11285
111	131	0.994466
111	133	1.02718
111	159	0.982354
111	161	1.01327
111	162	0.956586
111	163	0.954822
111	164	0.992933
111	165	0.988566
111	168	0.946259
111	171	0.93733
111	172	0.938396
111	173	0.950343
111	174	0.918869
111	175	0.97362
111	176	0.907407
111	177	0.93841
111	178	0.913966
111	179	0.9572
111	180	0.900006
112	18	1.05515
112	22	0.975575
112	38	0.952455
112	48	0.940524
112	51	0.991926
112	59	0.989359
112	61	1.01086
112	70	1.05499
112	77	1.03112
112	84	1.02675
112	86	1.01396
112	92	1.01399
112	98	1.0679
112	101	0.997849
112	107	0.986105
112	108	1.067
112	120	1.08977
112	138	0.939622
112	143	0.928332
112	148	1.87472
112	153	1.00109
112	157	0.959435
112	160	1.04487
112	164	1.65144
112	167	1.95794
113	41	1.92929
113	43	1.24214
113	111	0.98763
113	124	0.94186
113	127	0.975834
113	136	0.923529
113	146	0.95246
113	149	0.87819
113	152	0.895858
113	156	0.904867
113	158	0.953854
113	159	0.922818
113	160	1.10003
113	161	0.953735
113	165	0.92903
113	167	0.903343
113	168	0.886723
113	172	0.87886
113	174	0.859334
113	175	0.914084
113	176	0.847872
113	177	0.878874
113	178	0.85443
113	179	0.897665
113	180	0.84047
114	53	0.965318
114	55	1.03
114	56	1.11621
114	62	1.11221
114	67	1.022
114	72	1.0111
114	74	1.01011
114	75	1.0762
114	78	1.01843
114	79	1.06772
114	81	1.04947
114	87	1.041
114	88	1.05257
114	90	1.04363
114	91	1.04259
114	94	1.03266
114	106	1.72295
114	109	0.285235
114	115	1.01499
114	137	1.03398
114	140	1.02444
114	160	1.08075
114	166	0.969973
114	168	1.63451
114	169	0.794251
114	178	2.52725
115	37	0.978894
115	39	0.977674
115	49	0.943329
115	56	1.04053
115	58	1.02736
115	63	1.02625
115	67	0.946323
115	77	1.23822
115	87	0.965325
115	88	0.976891
115	94	0.956981
115	114	1.01499
115	118	0.898596
115	119	1.03866
115	124	0.947466
115	132	0.8763
115	144	0.883592
115	160	1.00507
115	166	0.894293
115	168	0.89233
115	169	0.94015
115	170	0.890978
115	176	0.853478
115	177	0.884481
115	178	0.860037
115	179	0.903271
115	180	0.846076
116	2	1.5887
116	14	0.999843
116	72	2.38246
116	80	0.95175
116	91	1.42884
116	95	0.881697
116	117	0.921439
116	132	0.86467
116	139	1.00153
116	141	0.869911
116	151	0.917645
116	158	0.947831
116	159	0.916795
116	161	0.947712
116	162	0.891026
116	167	0.897319
116	168	0.880699
116	170	0.879348
116	171	0.871771
116	172	0.872836
116	173	0.884784
116	174	0.85331
116	175	0.908061
116	176	0.841848
116	178	0.848407
116	179	0.891641
116	180	0.834446
117	63	1.8609
117	72	1.44859
117	83	1.89052
117	102	0.906412
117	116	0.921439
117	139	1.00692
117	145	0.894927
117	149	0.877558
117	150	0.880612
117	155	0.907213
117	156	0.904235
117	158	0.953222
117	161	0.953103
117	163	0.894654
117	164	0.932765
117	165	0.928398
117	166	0.888054
117	168	0.886091
117	171	0.877162
117	172	0.878228
117	173	0.890175
117	174	0.858701
117	175	0.913452
117	177	0.878242
117	179	0.897032
117	180	0.839838
118	2	1.01134
118	12	0.993815
118	17	1.08051
118	46	1.03734
118	47	1.02723
118	60	1.01584
118	71	0.990614
118	83	1.03493
118	99	1.06866
118	103	1.00711
118	104	1.06955
118	105	1.0487
118	115	0.898596
118	119	1.01195
118	121	1.00016
118	122	1.00049
118	123	0.694821
118	126	1.02345
118	129	1.05936
118	134	1.03556
118	135	1.03017
118	138	0.954753
118	146	1.20927
118	152	0.956394
118	157	1.40952
118	168	2.71011
118	170	0.945907
118	175	1.74181
119	2	0.974122
119	35	1.02401
119	47	0.990021
119	71	0.953401
119	82	0.707655
119	83	0.997713
119	93	0.983979
119	98	1.04582
119	99	1.03144
119	103	0.9699
119	104	1.03233
119	106	0.889499
119	111	1.11285
119	115	1.03866
119	118	1.01195
119	121	0.962951
119	122	0.963277
119	126	0.986239
119	129	1.02215
119	134	0.998342
119	135	0.992956
119	141	0.899257
119	143	0.906249
119	148	0.93107
119	151	1.55894
119	152	0.91918
119	170	0.908693
119	173	2.49659
120	3	1.29217
120	33	0.82678
120	55	1.41807
120	73	1.17321
120	100	0.970908
120	109	1.04513
120	112	1.08977
120	131	0.99731
120	137	1.0089
120	144	0.940366
120	147	0.985562
120	154	1.03696
120	156	0.967247
120	159	0.985199
120	162	0.95943
120	163	0.957667
120	164	0.995777
120	165	0.99141
120	167	0.965723
120	168	0.949104
120	172	0.94124
120	173	0.953188
120	174	0.921714
120	175	0.976465
120	176	0.910252
120	177	0.941255
120	178	0.916811
120	179	0.960045
120	180	0.90285
121	12	0.944814
121	17	1.03151
121	35	1.01222
121	46	0.988339
121	47	0.978233
121	60	0.966839
121	71	0.941613
121	83	0.985925
121	89	0.584948
121	93	0.972192
121	99	1.01965
121	103	0.958112
121	104	1.02055
121	106	0.877711
121	118	1.00016
121	119	0.962951
121	122	0.95149
121	126	0.974452
121	127	1.12454
121	129	1.01036
121	134	0.986554
121	135	0.981169
121	138	0.905752
121	148	0.919283
121	152	0.907393
121	156	2.05825
121	169	1.15503
121	170	0.896906
121	178	3.6259
122	2	0.962661
122	12	0.94514
122	35	1.01255
122	46	0.988665
122	47	0.97856
122	60	0.967165
122	71	0.94194
122	83	0.986251
122	98	1.03436
122	99	1.01998
122	103	0.958439
122	105	1.00003
122	118	1.00049
122	119	0.963277
122	121	0.95149
122	125	1.09869
122	126	0.974778
122	128	1.53664
122	129	1.01069
122	133	1.74024
122	134	0.986881
122	135	0.981495
122	138	0.906078
122	143	0.894788
122	148	0.919609
122	152	0.907719
122	167	2.57576
122	169	1.89503
122	170	0.897232
123	10	0.837868
123	24	1.06157
123	40	1.0632
123	49	1.04799
123	52	1.01034
123	63	0.879365
123	64	1.09993
123	65	1.0269
123	66	1.01832
123	69	1.09952
123	73	1.08183
123	76	1.06638
123	87	1.03108
123	103	1.19888
123	104	0.957991
123	118	0.694821
123	153	1.03545
123	157	0.993799
123	159	1.00259
123	160	1.07924
123	165	1.0088
123	169	1.01431
123	172	0.958629
123	174	0.939103
123	176	0.927641
123	178	0.934199
123	179	0.977434
123	180	0.920239
124	51	1.75066
124	52	1.54799
124	57	1.29076
124	80	0.971539
124	113	0.94186
124	115	0.947466
124	125	1.03701
124	130	1.02506
124	142	0.979436
124	145	0.909324
124	151	0.937434
124	155	0.921611
124	156	0.918632
124	159	0.936584
124	160	0.482057
124	161	0.967501
124	162	0.910815
124	163	0.909051
124	164	0.947162
124	165	0.942795
124	168	0.900488
124	172	0.892625
124	174	0.873099
124	175	0.92785
124	176	0.861637
124	177	0.892639
124	178	0.868196
124	179	0.91143
124	180	0.854235
125	70	0.929666
125	71	1.0056
125	74	1.36717
125	81	1.07135
125	102	1.0022
125	109	1.0779
125	122	1.09869
125	124	1.03701
125	132	0.965846
125	137	1.04168
125	146	1.04761
125	149	0.973343
125	151	1.01882
125	153	0.395784
125	154	1.06973
125	158	1.04901
125	162	0.992203
125	163	0.990439
125	164	1.02855
125	167	0.998496
125	171	0.972947
125	172	0.974013
125	173	0.98596
125	174	0.954486
125	175	1.00924
125	176	0.943024
125	177	0.974027
125	178	0.949583
125	179	0.992817
125	180	0.935623
126	2	0.985623
126	17	1.05479
126	46	1.01163
126	47	1.00152
126	60	0.990127
126	71	0.964902
126	82	0.159366
126	83	1.00921
126	93	0.99548
126	98	1.05732
126	99	1.04294
126	103	0.981401
126	104	1.04383
126	105	1.02299
126	118	1.02345
126	119	0.986239
126	121	0.974452
126	122	0.974778
126	129	1.03365
126	134	1.00984
126	135	1.00446
126	138	0.92904
126	141	0.910758
126	143	0.91775
126	148	0.942571
126	154	0.623517
126	161	1.07583
126	170	0.920194
126	173	1.9483
126	176	3.97288
126	179	1.84642
127	5	1.52103
127	67	1.36279
127	75	0.796046
127	82	1.08185
127	85	1.02788
127	107	1.3956
127	113	0.975834
127	121	1.12454
127	132	0.918433
127	136	0.971268
127	144	0.925725
127	149	0.925929
127	154	1.02232
127	155	0.955585
127	158	1.00159
127	161	1.00147
127	162	0.944789
127	163	0.943025
127	165	0.976769
127	167	0.951082
127	168	0.934462
127	171	0.925534
127	172	0.926599
127	173	0.938547
127	174	0.907073
127	175	0.961824
127	176	0.895611
127	177	0.926613
127	178	0.90217
127	179	0.945404
127	180	0.888209
128	17	1.13026
128	24	0.791189
128	25	1.23375
128	93	1.30817
128	122	1.53664
128	136	0.972899
128	139	1.05692
128	146	1.00183
128	147	0.972553
128	149	0.927561
128	154	1.02395
128	156	0.954238
128	158	1.00323
128	159	0.972189
128	161	1.00311
128	162	0.946421
128	163	0.944657
128	164	0.982768
128	165	0.978401
128	167	0.952714
128	168	0.936094
128	171	0.927165
128	172	0.928231
128	173	0.940178
128	174	0.908704
128	175	0.963455
128	177	0.928245
128	178	0.903801
128	179	0.947036
128	180	0.889841
129	12	1.00401
129	17	1.09071
129	33	1.05973
129	46	1.04754
129	47	1.03743
129	60	1.02604
129	71	1.00081
129	78	0.382099
129	83	1.04513
129	93	1.03139
129	99	1.07885
129	103	1.01731
129	104	1.07975
129	105	1.0589
129	118	1.05936
129	119	1.02215
129	121	1.01036
129	122	1.01069
129	126	1.03365
129	134	1.04575
129	135	1.04037
129	138	0.964952
129	139	1.08511
129	141	0.94667
129	143	0.953662
129	146	1.04921
129	152	0.966593
129	169	1.02987
129	170	0.956106
129	172	1.72045
129	174	2.78309
129	176	3.60403
130	13	1.1663
130	29	0.948938
130	51	1.00581
130	60	0.723553
130	74	1.53246
130	80	1.04097
130	124	1.02506
130	136	1.00673
130	139	1.09075
130	144	0.961185
130	145	0.978758
130	149	0.961389
130	150	0.964443
130	151	1.00687
130	155	0.991044
130	159	1.00602
130	160	0.294394
130	161	1.03693
130	162	0.980249
130	163	0.978485
130	164	1.0166
130	167	0.986542
130	168	0.969922
130	171	0.960993
130	172	0.962059
130	173	0.974006
130	174	0.942533
130	176	0.931071
130	177	0.962073
130	178	0.937629
130	179	0.980864
130	180	0.923669
131	14	1.0127
131	39	1.14944
131	70	1.43352
131	74	2.34187
131	111	0.994466
131	120	0.99731
131	132	0.877529
131	142	0.972506
131	144	0.884821
131	146	0.959295
131	151	0.930504
131	155	0.914681
131	156	0.911702
131	158	0.96069
131	160	0.546628
131	161	0.96057
131	162	0.903885
131	164	0.940232
131	165	0.935865
131	166	0.895521
131	167	0.910178
131	168	0.893558
131	171	0.88463
131	173	0.897643
131	174	0.866169
131	175	0.92092
131	176	0.854707
131	177	0.885709
131	178	0.861266
131	179	0.9045
131	180	0.847305
132	60	3.19282
132	75	3.20718
132	115	0.8763
132	116	0.86467
132	125	0.965846
132	127	0.918433
132	131	0.877529
132	133	0.910244
132	136	0.866128
132	138	0.836816
132	145	0.838158
132	146	0.895059
132	150	0.823843
132	151	0.866268
132	155	0.850445
132	156	0.847466
132	158	0.896453
132	159	0.865417
132	161	0.896334
132	162	0.839649
132	167	0.845942
132	168	0.829322
132	171	0.820393
132	172	0.821459
132	173	0.833406
132	174	0.801933
132	175	0.856683
132	176	0.790471
132	177	0.821473
132	178	0.797029
132	179	0.840264
132	180	0.783069
133	17	1.33385
133	28	1.15185
133	77	1.31681
133	80	0.997324
133	86	1.05725
133	111	1.02718
133	122	1.74024
133	132	0.910244
133	139	1.0471
133	141	0.915486
133	144	0.917537
133	145	0.935109
133	149	0.917741
133	150	0.920794
133	151	0.96322
133	154	1.01413
133	156	0.944418
133	158	0.993405
133	159	0.962369
133	162	0.936601
133	163	0.934837
133	164	0.972948
133	168	0.926274
133	171	0.917345
133	172	0.918411
133	173	0.930358
133	174	0.898884
133	175	0.953635
133	176	0.887422
133	177	0.918425
133	178	0.893981
133	179	0.937215
133	180	0.880021
134	2	0.997725
134	17	1.0669
134	35	1.04761
134	46	1.02373
134	47	1.01362
134	60	1.00223
134	71	0.977004
134	83	1.02132
134	93	1.00758
134	98	1.06942
134	99	1.05505
134	103	0.993503
134	104	1.05594
134	105	1.03509
134	106	0.913102
134	118	1.03556
134	119	0.998342
134	121	0.986554
134	122	0.986881
134	126	1.00984
134	129	1.04575
134	135	1.01656
134	138	0.941142
134	140	0.858355
134	141	0.92286
134	143	0.929852
134	145	2.00206
134	147	1.63788
134	148	0.954673
134	152	0.942783
134	161	1.25266
134	170	0.932296
134	171	2.37244
134	173	2.12513
134	175	1.51042
135	2	0.992339
135	12	0.974819
135	33	1.03054
135	35	1.04223
135	46	1.01834
135	47	1.00824
135	60	0.996844
135	71	0.971618
135	83	1.01593
135	93	1.0022
135	96	1.65491
135	98	1.06404
135	99	1.04966
135	103	0.988117
135	104	1.05055
135	105	1.0297
135	106	0.907716
135	118	1.03017
135	119	0.992956
135	121	0.981169
135	122	0.981495
135	126	1.00446
135	129	1.04037
135	134	1.01656
135	138	0.935757
135	140	1.07172
135	141	0.917474
135	142	1.14231
135	143	0.924466
135	148	0.949287
135	152	0.937398
135	158	1.15489
135	164	1.48817
135	170	0.926911
135	172	2.4795
135	179	2.23662
136	9	2.04163
136	37	1.18363
136	52	1.86866
136	77	1.90607
136	100	0.903961
136	102	0.902478
136	110	0.809659
136	113	0.923529
136	127	0.971268
136	128	0.972899
136	130	1.00673
136	132	0.866128
136	142	0.961104
136	145	0.890993
136	146	0.947894
136	147	0.918616
136	150	0.876678
136	151	0.919103
136	154	0.970016
136	159	0.918252
136	163	0.89072
136	164	0.928831
136	165	0.924464
136	167	0.898777
136	168	0.882157
136	171	0.873228
136	172	0.874294
136	173	0.886241
136	174	0.854768
136	175	0.909518
136	176	0.843306
136	177	0.874308
136	178	0.849864
136	179	0.893099
136	180	0.835904
137	47	1.63015
137	63	1.62407
137	68	0.96408
137	99	1.17817
137	107	1.73364
137	109	1.00118
137	114	1.03398
137	120	1.0089
137	125	1.04168
137	144	0.896414
137	145	0.913987
137	146	0.970889
137	147	0.94161
137	149	0.896618
137	150	0.899672
137	151	0.942097
137	154	0.993011
137	156	0.923295
