1	60	0.447553
1	72	0.512568
1	135	0.486097
1	150	0.476778
1	158	0.469521
1	166	1.37964
1	172	1.38109
1	173	1.35963
1	174	1.37214
1	176	1.35755
1	178	1.37308
1	180	1.37691
2	107	0.617268
2	144	1.15156
2	147	0.550333
2	148	1.22395
2	150	1.20256
2	153	0.579241
2	154	1.21582
2	158	1.22569
2	159	1.1766
2	162	1.19051
2	165	1.21337
2	174	0.659443
3	7	1.24119
3	61	0.541081
3	79	1.41745
3	118	1.38124
3	126	1.43959
3	128	1.34325
3	161	0.455221
3	162	1.37723
3	165	1.40008
3	169	0.47253
3	176	0.479235
3	178	0.45636
4	42	1.35031
4	87	1.36491
4	109	1.31813
4	117	1.40373
4	127	1.40931
4	132	1.37374
4	147	0.434028
4	151	0.515045
4	155	0.406062
4	175	0.546065
4	177	0.506121
4	179	1.37985
5	80	0.504019
5	101	1.31664
5	114	1.39503
5	115	1.39503
5	127	0.49577
5	133	0.456437
5	160	1.37719
5	162	1.36355
5	164	0.466202
5	165	1.38641
5	167	0.479113
5	171	1.36619
6	144	1.32641
6	150	1.37741
6	154	1.39067
6	158	1.40054
6	159	1.35145
6	161	0.472743
6	162	1.36536
6	164	0.465305
6	165	1.38822
6	173	0.498415
6	176	0.496756
6	178	0.473882
7	3	1.24119
7	70	1.18089
7	108	0.613845
7	113	1.21868
7	127	1.22634
7	128	1.15191
7	132	1.19076
7	146	0.591455
7	149	1.19336
7	161	0.614594
7	171	0.586357
7	179	1.19688
8	30	1.41874
8	34	1.24964
8	40	1.48609
8	46	0.299723
8	68	0.275277
8	81	1.42013
8	111	1.36711
8	119	1.3066
8	125	1.35171
8	151	0.799354
8	166	0.796039
8	174	0.234444
9	19	1.49631
9	39	0.492371
9	66	0.495182
9	71	1.31588
9	95	1.32001
9	111	1.38579
9	119	1.32528
9	125	1.37039
9	146	0.46036
9	149	0.491042
9	157	1.38636
9	166	0.4694
10	23	0.332174
10	51	1.32738
10	62	1.33441
10	86	1.37592
10	98	1.38443
10	129	0.50817
10	137	1.37723
10	160	1.40164
10	161	0.509179
10	169	0.526488
10	175	0.529415
10	179	1.39899
11	105	0.633011
11	139	0.564025
11	144	1.15156
11	148	1.22395
11	149	0.603799
11	150	1.20256
11	154	1.21582
11	158	1.22569
11	159	1.1766
11	162	1.19051
11	165	1.21337
11	167	0.601729
12	26	0.635968
12	44	1.18715
12	83	1.24087
12	88	1.1884
12	93	1.1652
12	94	0.641174
12	123	1.2361
12	134	1.19573
12	156	0.55935
12	171	0.562979
12	177	1.20358
12	179	1.18298
13	26	1.34175
13	51	1.31902
13	94	1.36983
13	98	1.37607
13	135	1.40148
13	137	1.36888
13	142	1.42298
13	147	0.402888
13	149	0.502232
13	166	0.480589
13	169	0.511998
13	180	0.509702
14	40	0.447701
14	74	1.33411
14	83	1.42667
14	93	1.351
14	105	1.34854
14	134	1.38153
14	157	0.483824
14	169	0.496411
14	174	0.49641
14	177	1.38938
14	178	0.48024
14	179	1.36878
15	63	0.471411
15	99	0.508332
15	158	0.453262
15	159	0.48289
15	162	0.47892
15	168	1.36179
15	170	1.38031
15	172	1.38201
15	175	1.36563
15	176	1.35847
15	178	1.37399
15	180	1.37783
16	65	1.38667
16	93	1.36802
16	105	1.36556
16	110	1.25647
16	123	1.43892
16	134	1.39855
16	153	0.420918
16	167	0.489284
16	175	0.504048
16	176	0.507825
16	178	0.48495
16	179	1.38581
17	33	0.499543
17	58	0.547499
17	71	0.542537
17	74	1.27856
17	114	0.503805
17	134	1.32598
17	135	1.32408
17	137	1.29147
17	158	0.500797
17	176	1.27727
17	178	1.2928
17	179	1.31324
17	180	1.29663
18	64	0.526374
18	79	0.515036
18	117	0.513324
18	127	0.501953
18	132	0.535702
18	161	1.30222
18	166	1.31006
18	168	1.29129
18	174	1.30255
18	175	1.29513
18	176	1.28797
18	178	1.30349
18	180	1.30733
19	9	1.49631
19	29	0.406502
19	40	1.61489
19	71	1.426
19	95	1.43013
19	108	0.419834
19	111	1.49592
19	112	1.51778
19	134	0.475766
19	145	1.41897
19	161	0.420583
19	169	0.437893
19	173	0.446256
20	53	1.24129
20	77	0.531768
20	79	1.34458
20	87	0.566134
20	98	1.30078
20	99	1.26678
20	104	1.25469
20	130	0.51997
20	135	1.32619
20	142	1.34769
20	160	1.318
20	177	0.482926
20	178	0.503773
21	80	0.419616
21	101	0.498337
21	123	0.421529
21	142	0.416579
21	148	0.415195
21	165	0.42019
21	169	1.49026
21	173	1.47726
21	174	1.48976
21	175	1.48234
21	176	1.47518
21	178	1.4907
21	180	1.49454
22	74	1.26692
22	91	0.569698
22	106	1.30027
22	118	1.29461
22	123	1.3547
22	134	1.31433
22	145	1.24539
22	156	0.465013
22	160	0.551417
22	170	0.501671
22	175	0.517115
22	177	1.32219
22	179	1.30159
23	10	0.332174
23	25	1.28001
23	67	1.32892
23	71	1.26639
23	111	1.33631
23	118	0.296712
23	119	1.2758
23	125	1.32091
23	129	1.34348
23	131	1.24816
23	132	0.320587
23	161	0.842708
23	163	0.810721
24	35	0.485314
24	59	1.54895
24	63	1.48792
24	79	1.5089
24	135	1.49052
24	137	1.45791
24	145	1.42348
24	160	1.48232
24	163	0.393371
24	169	0.442668
24	172	0.438193
24	177	0.405651
24	180	0.440372
25	23	1.28001
25	34	1.21163
25	81	1.38212
25	95	1.26332
25	112	1.35097
25	119	1.26859
25	125	1.3137
25	153	0.473911
25	156	0.504939
25	157	1.32967
25	165	0.567757
25	171	0.508567
25	172	0.549638
26	12	0.635968
26	13	1.34175
26	94	1.2742
26	137	1.27325
26	142	1.32736
26	152	1.28654
26	156	1.31257
26	160	1.29766
26	166	0.472366
26	167	0.491938
26	169	0.503774
26	171	1.28666
26	180	0.501478
27	42	1.46576
27	77	0.452959
27	109	1.43358
27	117	1.51918
27	126	1.54667
27	128	1.45034
27	132	1.48919
27	136	0.457618
27	156	0.39196
27	161	0.423826
27	174	0.441135
27	179	1.4953
27	180	0.438839
28	69	0.464424
28	86	0.486733
28	92	0.47576
28	122	0.442534
28	148	0.459511
28	165	0.464506
28	167	1.41752
28	170	1.40784
28	173	1.38808
28	174	1.40058
28	175	1.39315
28	176	1.38599
28	178	1.40152
28	180	1.40535
29	19	0.406502
29	67	0.460336
29	103	0.521147
29	126	0.457508
29	135	0.469609
29	162	0.478692
29	168	1.3929
29	169	1.40466
29	170	1.41142
29	173	1.39166
29	174	1.40416
29	175	1.39673
29	176	1.38957
29	180	1.40893
30	8	1.41874
30	71	1.36711
30	72	0.524284
30	95	1.37124
30	111	1.43702
30	112	1.45889
30	119	1.37651
30	125	1.42162
30	131	1.34888
30	150	0.488494
30	163	0.423848
30	169	0.473145
30	177	0.436128
30	178	0.456975
31	118	0.495061
31	127	0.485187
31	143	1.3952
31	148	1.41771
31	150	1.39633
31	153	0.400163
31	154	1.40958
31	158	1.41945
31	159	1.37036
31	162	1.38428
31	164	0.455619
31	165	1.40713
31	168	0.482677
31	176	0.48707
32	60	1.49105
32	86	1.38268
32	90	0.476032
32	91	0.515751
32	104	1.3451
32	122	1.44446
32	129	0.441922
32	137	1.38399
32	145	1.34955
32	150	0.475589
32	166	0.428832
32	171	1.39741
32	173	0.468603
32	179	1.40576
33	17	0.499543
33	57	1.31061
33	76	1.19097
33	102	1.26699
33	113	1.24641
33	117	1.24849
33	121	1.18801
33	126	1.27598
33	127	1.25407
33	132	1.21849
33	140	0.395792
33	171	0.940981
33	175	0.486097
33	180	0.480874
34	8	1.24964
34	25	1.21163
34	71	1.19801
34	81	1.32094
34	95	1.20214
34	111	1.26793
34	112	1.28979
34	119	1.20741
34	125	1.25252
34	149	0.579041
34	153	0.508604
34	170	0.57629
34	175	0.591734
34	177	0.551789
35	24	0.485314
35	84	1.33614
35	88	1.34415
35	100	0.481276
35	105	1.31849
35	106	1.33741
35	118	1.33175
35	130	0.519003
35	131	0.527328
35	134	1.35147
35	145	1.28253
35	168	0.521288
35	171	0.473431
35	177	1.35933
35	179	1.33873
36	41	0.498251
36	74	1.31099
36	76	0.520521
36	94	0.498912
36	102	0.486637
36	117	0.482454
36	125	0.502053
36	134	1.35841
36	159	1.32076
36	162	1.33468
36	165	1.35753
36	172	1.33324
36	176	1.3097
36	179	1.34567
36	180	1.32906
37	114	0.545898
37	139	0.485257
37	143	1.33461
37	144	1.28473
37	148	1.35712
37	150	1.33574
37	154	1.34899
37	155	0.397721
37	158	1.35886
37	159	1.30977
37	162	1.32369
37	164	0.51005
37	165	1.34654
37	174	0.534797
37	180	0.532501
38	105	0.501095
38	121	0.528484
38	122	0.473321
38	136	0.498132
38	158	0.489742
38	167	1.35054
38	169	1.3341
38	172	1.34256
38	173	1.3211
38	174	1.33361
38	175	1.32618
38	176	1.31902
38	178	1.33455
38	179	0.501669
38	180	1.33838
39	9	0.492371
39	64	0.497135
39	126	0.480461
39	141	0.530062
39	159	0.505616
39	164	1.35345
39	167	1.34713
39	169	1.3307
39	172	1.33915
39	173	1.31769
39	174	1.3302
39	176	1.31561
39	178	1.33114
39	179	0.487914
39	180	1.33497
40	8	1.48609
40	14	0.447701
40	19	1.61489
40	67	1.49699
40	73	0.487375
40	95	1.43859
40	111	1.50438
40	112	1.52624
40	119	1.44386
40	125	1.48897
40	151	0.399528
40	167	0.415786
40	175	0.430549
40	176	0.434326
40	177	0.390604
41	36	0.498251
41	53	1.26706
41	56	0.54386
41	72	1.31283
41	79	1.37035
41	94	1.32031
41	100	0.470618
41	104	1.28046
41	122	1.37982
41	135	1.35196
41	142	1.37346
41	157	0.495732
41	160	1.34377
41	161	0.49101
41	169	0.508319
42	4	1.35031
42	27	1.46576
42	76	1.28073
42	117	1.33824
42	118	0.527768
42	121	1.27776
42	126	1.36573
42	127	1.34382
42	128	1.2694
42	132	1.30825
42	133	0.478561
42	152	0.554676
42	167	0.501238
42	171	0.467527
42	177	0.476056
43	89	0.549578
43	95	0.538594
43	138	0.394581
43	142	0.495511
43	158	0.493572
43	162	0.51923
43	163	1.40086
43	168	1.31767
43	169	1.32943
43	170	1.3362
43	173	1.31643
43	175	1.32151
43	176	1.31435
43	178	1.32988
43	180	1.33371
44	12	1.18715
44	84	1.34547
44	93	1.33028
44	96	1.33059
44	105	1.32782
44	123	1.40118
44	134	1.36081
44	136	0.531242
44	151	0.486665
44	167	0.502922
44	168	0.517069
44	171	0.469212
44	177	1.36866
44	178	0.498588
44	179	1.34806
45	52	1.29634
45	53	1.28411
45	54	0.539639
45	64	1.38358
45	77	0.502421
45	99	1.3096
45	116	0.525633
45	135	1.36901
45	137	1.33641
45	145	1.30197
45	160	1.36082
45	167	0.478761
45	178	0.474426
45	179	1.35817
45	180	0.488301
46	8	0.299723
46	113	0.568426
46	130	0.541635
46	143	1.33461
46	144	1.28473
46	148	1.35712
46	150	1.33574
46	154	1.34899
46	158	1.35886
46	159	1.30977
46	161	0.5243
46	162	1.32369
46	165	1.34654
46	170	0.529092
46	174	0.541609
47	93	0.491119
47	94	0.489694
47	110	0.588901
47	112	0.500353
47	122	0.448717
47	123	0.472027
47	167	1.35179
47	168	1.32359
47	169	1.33536
47	172	1.34381
47	173	1.32235
47	175	1.32743
47	176	1.32027
47	178	1.3358
47	180	1.33963
48	65	0.516895
48	69	0.506357
48	121	0.53963
48	140	0.405417
48	143	0.497263
48	162	0.526546
48	166	1.34113
48	167	1.35057
48	168	1.32237
48	169	1.33413
48	174	1.33363
48	175	1.3262
48	176	1.31904
48	178	1.33457
48	180	1.3384
49	53	0.608028
49	136	1.28405
49	143	1.28083
49	144	1.23095
49	147	0.453495
49	148	1.30334
49	150	1.28195
49	154	1.29521
49	155	0.425529
49	158	1.30508
49	159	1.25599
49	162	1.2699
49	165	1.29276
49	168	0.564916
49	176	0.569309
49	179	0.582625
50	70	0.583712
50	140	0.441097
50	142	0.538508
50	150	0.543825
50	158	0.536568
50	161	1.27344
50	163	1.34569
50	168	1.26251
50	170	1.28103
50	172	1.28273
50	173	1.26127
50	174	1.27377
50	175	1.26634
50	178	1.27471
50	179	0.548495
50	180	1.27854
51	10	1.32738
51	13	1.31902
51	59	1.34156
51	60	1.35758
51	62	1.20771
51	63	1.28053
51	94	1.25148
51	99	1.22372
51	129	0.54949
51	131	0.576158
51	145	1.21609
51	155	0.430731
51	160	1.27494
51	168	0.570119
51	177	0.53079
51	178	0.551637
52	45	1.29634
52	64	1.30748
52	77	0.58097
52	98	1.26751
52	99	1.23351
52	104	1.22141
52	135	1.29291
52	142	1.31442
52	149	0.55938
52	155	0.432069
52	156	1.29963
52	160	1.28472
52	166	0.537737
52	177	0.532128
52	179	1.28207
52	180	0.56685
53	20	1.24129
53	41	1.26706
53	45	1.28411
53	49	0.608028
53	60	1.35515
53	131	0.530105
53	135	1.28069
53	137	1.24809
53	142	1.30219
53	154	0.537694
53	156	1.28741
53	160	1.2725
53	164	0.497007
53	167	0.509918
53	169	0.521754
53	171	1.2615
54	45	0.539639
54	59	0.505109
54	83	0.531927
54	112	1.33354
54	114	0.536474
54	119	1.25117
54	125	1.29628
54	142	0.535406
54	159	1.26603
54	162	1.27994
54	165	1.3028
54	170	1.27681
54	173	1.25705
54	175	1.26212
54	179	0.545393
54	180	1.27432
55	61	1.23855
55	73	1.26701
55	85	0.369672
55	89	1.24961
55	92	1.31665
55	97	1.27276
55	101	1.23301
55	114	1.3114
55	115	1.3114
55	146	0.328821
55	149	1.2874
55	155	0.820879
55	156	0.90878
55	157	1.31222
55	160	0.406499
55	175	0.372197
56	41	0.54386
56	92	1.30788
56	96	1.26467
56	111	0.520297
56	114	1.30263
56	115	1.30263
56	119	0.559386
56	122	0.503544
56	127	0.516693
56	132	0.550442
56	134	1.29489
56	172	1.26972
56	173	1.24826
56	178	1.2617
56	179	1.28214
56	180	1.26554
57	33	1.31061
57	76	1.39627
57	77	0.495921
57	113	1.45171
57	117	1.45379
57	121	1.3933
57	126	1.48127
57	127	1.45936
57	132	1.42379
57	156	0.434922
57	161	0.466787
57	163	0.4348
57	171	0.43855
57	173	0.49246
57	177	0.447079
57	179	1.42991
58	17	0.547499
58	98	0.609557
58	129	0.512808
58	136	1.28405
58	143	1.28083
58	144	1.23095
58	148	1.30334
58	150	1.28195
58	154	1.29521
58	158	1.30508
58	159	1.25599
58	162	1.2699
58	163	0.481829
58	165	1.29276
58	176	0.53783
58	178	0.514955
59	24	1.54895
59	51	1.34156
59	54	0.505109
59	63	1.42142
59	122	1.45188
59	142	1.44552
59	145	1.35697
59	152	1.4047
59	159	0.493788
59	160	1.41582
59	164	0.431319
59	166	0.424658
59	170	0.44355
59	172	0.451591
59	174	0.456066
59	179	1.41318
60	1	0.447553
60	32	1.49105
60	51	1.35758
60	53	1.35515
60	86	1.40613
60	116	0.497492
60	142	1.46154
60	152	1.42073
60	156	1.44676
60	160	1.43185
60	161	0.445146
60	169	0.462455
60	173	0.470818
60	177	0.425438
60	179	1.4292
60	180	0.460159
61	3	0.541081
61	55	1.23855
61	73	1.26764
61	82	1.33953
61	89	1.25024
61	97	1.27339
61	101	1.23364
61	114	1.31203
61	115	1.31203
61	133	0.51037
61	151	1.28988
61	152	1.28307
61	167	0.533046
61	172	0.540406
61	173	0.553245
61	178	0.528712
62	10	1.33441
62	51	1.20771
62	99	1.23076
62	109	0.61752
62	122	1.31803
62	135	1.29016
62	137	1.25756
62	138	0.466635
62	142	1.31167
62	152	1.27085
62	153	0.477331
62	156	1.29688
62	157	0.544946
62	160	1.28197
62	178	0.541363
62	180	0.555237
63	15	0.471411
63	24	1.48792
63	51	1.28053
63	59	1.42142
63	74	0.537622
63	94	1.33134
63	122	1.39086
63	135	1.36299
63	137	1.33039
63	145	1.29595
63	147	0.393463
63	151	0.47448
63	160	1.3548
63	165	0.516217
63	168	0.504884
63	171	1.3438
63	175	0.505501
64	18	0.526374
64	39	0.497135
64	45	1.38358
64	52	1.30748
64	104	1.30865
64	118	1.36233
64	122	1.40802
64	133	0.47106
64	135	1.38015
64	137	1.34755
64	153	0.42537
64	154	0.521512
64	160	1.37196
64	166	0.474164
64	171	1.36096
64	178	0.489402
64	179	1.36931
65	16	1.38667
65	48	0.516895
65	83	1.40266
65	88	1.35018
65	93	1.32698
65	105	1.32453
65	106	1.34345
65	108	0.482372
65	123	1.39788
65	130	0.500457
65	134	1.35751
65	139	0.450891
65	156	0.451257
65	158	0.508525
65	172	0.495956
65	177	1.36537
65	179	1.34477
66	9	0.495182
66	88	0.530285
66	111	0.47913
66	121	0.51754
66	140	0.383327
66	158	0.478798
66	159	0.508427
66	163	1.42072
66	164	1.37205
66	167	1.36574
66	170	1.35606
66	172	1.35776
66	174	1.3488
66	175	1.34137
66	176	1.33422
66	178	1.34974
66	180	1.35357
67	23	1.32892
67	29	0.460336
67	40	1.49699
67	77	1.32423
67	95	1.31223
67	111	1.37801
67	112	1.39987
67	119	1.3175
67	125	1.36261
67	128	0.549055
67	145	1.30106
67	151	0.463634
67	157	1.37857
67	168	0.494038
67	175	0.494654
67	177	0.45471
67	180	0.489431
68	8	0.275277
68	80	0.530234
68	105	0.53661
68	124	0.440279
68	148	0.525813
68	160	0.554394
68	161	1.36011
68	165	0.530808
68	167	1.37739
68	169	1.36095
68	170	1.36771
68	173	1.34795
68	174	1.36045
68	175	1.35302
68	176	1.34586
68	178	1.36139
68	180	1.36522
69	28	0.464424
69	48	0.506357
69	116	0.52493
69	136	1.36405
69	142	0.499926
69	143	1.36083
69	144	1.31095
69	148	1.38334
69	150	1.36195
69	154	1.37521
69	158	1.38508
69	159	1.33599
69	162	1.3499
69	163	0.440596
69	165	1.37276
69	167	0.478057
69	174	0.489893
70	7	1.18089
70	50	0.583712
70	76	1.29428
70	109	1.26619
70	113	1.34972
70	117	1.3518
70	121	1.29132
70	126	1.37929
70	127	1.35738
70	128	1.28295
70	131	0.539919
70	132	1.3218
70	149	1.3244
70	156	0.482394
70	163	0.482271
70	170	0.519051
70	171	0.486022
70	178	0.515398
71	9	1.31588
71	17	0.542537
71	19	1.426
71	23	1.26639
71	30	1.36711
71	34	1.19801
71	81	1.3685
71	85	0.526567
71	95	1.2497
71	106	0.572784
71	112	1.33735
71	119	1.25497
71	125	1.30008
71	153	0.445961
71	157	1.31604
71	166	0.494756
71	173	0.534527
71	177	0.489146
72	1	0.512568
72	30	0.524284
72	41	1.31283
72	94	1.29481
72	99	1.26705
72	104	1.25496
72	122	1.35432
72	129	0.509152
72	131	0.535821
72	137	1.29385
72	142	1.34796
72	146	0.487022
72	152	1.30714
72	156	1.33318
72	160	1.31827
72	169	0.52747
72	178	0.5113
72	179	1.31562
73	40	0.487375
73	55	1.26701
73	61	1.26764
73	82	1.36799
73	89	1.2787
73	92	1.34574
73	97	1.30185
73	100	0.498384
73	101	1.2621
73	114	1.34049
73	115	1.34049
73	118	0.550779
73	149	1.31648
73	152	1.31153
73	167	0.524249
73	171	0.490538
73	177	0.499067
73	179	0.556105
74	14	1.33411
74	17	1.27856
74	22	1.26692
74	36	1.31099
74	63	0.537622
74	84	1.30663
74	96	1.29176
74	105	1.28898
74	106	1.30791
74	123	1.36234
74	134	1.32197
74	162	0.545131
74	164	0.486632
74	167	0.499544
74	170	0.498863
74	173	0.519743
74	176	0.518084
74	177	1.32983
75	100	0.507362
75	129	0.526745
75	136	1.28692
75	139	0.495523
75	140	1.57126
75	143	1.2837
75	144	1.23382
75	146	0.504615
75	148	1.30621
75	150	1.28483
75	154	1.29808
75	158	1.30795
75	159	1.25886
75	162	1.27278
75	163	0.495766
75	165	1.29563
75	176	0.551768
75	178	0.528893
76	33	1.19097
76	36	0.520521
76	42	1.28073
76	57	1.39627
76	70	1.29428
76	80	1.34947
76	87	1.29532
76	90	0.546382
76	102	1.35264
76	116	0.565627
76	121	1.27367
76	126	1.36163
76	127	1.33972
76	128	1.2653
76	133	0.496078
76	163	0.481293
76	164	0.505843
76	177	0.493572
77	20	0.531768
77	27	0.452959
77	45	0.502421
77	52	0.58097
77	57	0.495921
77	67	1.32423
77	81	1.38463
77	112	1.35348
77	119	1.2711
77	134	0.526028
77	159	1.28596
77	162	1.29988
77	165	1.32273
77	172	1.29844
77	176	1.2749
77	178	1.29043
77	179	0.508175
77	180	1.29426
78	110	0.554736
78	112	0.466187
78	115	0.480249
78	137	0.469123
78	141	0.485047
78	143	0.427348
78	144	0.474039
78	158	0.430972
78	161	1.37937
78	164	1.40296
78	166	1.38722
78	167	1.39665
78	168	1.36845
78	169	1.38021
78	172	1.38867
78	173	1.36721
78	174	1.37971
78	176	1.36512
78	180	1.38448
79	3	1.41745
79	18	0.515036
79	20	1.34458
79	24	1.5089
79	41	1.37035
79	94	1.35232
79	98	1.35857
79	129	0.475917
79	137	1.35137
79	141	1.34208
79	142	1.40548
79	147	0.385125
79	157	0.481647
79	160	1.37578
79	173	0.502598
79	176	0.500939
79	177	0.457217
79	179	1.37313
79	180	0.491939
80	5	0.504019
80	21	0.419616
80	68	0.530234
80	76	1.34947
80	102	1.42548
80	109	1.32138
80	113	1.40491
80	117	1.40699
80	121	1.34651
80	124	0.412517
80	126	1.43447
80	127	1.41257
80	128	1.33814
80	132	1.37699
80	170	0.476885
80	172	0.484926
80	174	0.489401
80	179	1.38311
80	180	0.487105
81	8	1.42013
81	25	1.38212
81	34	1.32094
81	71	1.3685
81	77	1.38463
81	85	0.505727
81	95	1.37263
81	111	1.43841
81	119	1.3779
81	125	1.42301
81	131	1.35027
81	145	1.36147
81	148	0.513973
81	149	0.495558
81	155	0.368248
81	169	0.505324
81	170	0.492807
81	171	0.459778
81	177	0.468306
82	61	1.33953
82	73	1.36799
82	89	1.35059
82	92	1.41762
82	97	1.37373
82	101	1.33399
82	114	1.41238
82	115	1.41238
82	149	1.38837
82	151	1.39022
82	156	0.449642
82	157	1.4132
82	166	0.467409
82	167	0.486981
82	170	0.4863
82	171	0.45327
82	173	0.50718
82	174	0.498817
82	177	0.461799
83	12	1.24087
83	14	1.42667
83	54	0.531927
83	65	1.40266
83	84	1.39919
83	96	1.38432
83	105	1.38154
83	106	1.40047
83	110	1.27246
83	123	1.4549
83	134	1.41453
83	158	0.490978
83	161	0.465576
83	166	0.451477
83	171	0.437339
83	174	0.482885
83	177	1.42239
83	178	0.466715
83	180	0.480589
84	35	1.33614
84	44	1.34547
84	74	1.30663
84	83	1.39919
84	89	0.565309
84	96	1.32383
84	106	1.33998
84	110	1.21197
84	123	1.39442
84	133	0.466698
84	134	1.35405
84	145	1.28511
84	152	0.542813
84	156	0.452035
84	168	0.503521
84	170	0.488693
84	174	0.50121
84	177	1.3619
84	178	0.48504
84	179	1.34131
85	55	0.369672
85	71	0.526567
85	81	0.505727
85	119	0.524248
85	121	0.523569
85	123	0.491717
85	137	0.522977
85	144	0.527894
85	161	1.32363
85	163	1.39589
85	164	1.34722
85	166	1.33147
85	167	1.3409
85	169	1.32447
85	172	1.33292
85	174	1.32397
85	175	1.31654
85	176	1.30938
85	178	1.32491
85	180	1.32874
86	10	1.37592
86	28	0.486733
86	32	1.38268
86	60	1.40613
86	94	1.30002
86	98	1.30627
86	99	1.27227
86	110	0.644058
86	122	1.35954
86	135	1.33167
86	137	1.29907
86	141	1.28978
86	142	1.35318
86	147	0.403092
86	148	0.52085
86	149	0.502436
86	160	1.32348
86	163	0.462905
86	177	0.475184
86	180	0.509906
87	4	1.36491
87	20	0.566134
87	76	1.29532
87	102	1.37134
87	113	1.35076
87	117	1.35284
87	121	1.29236
87	126	1.38033
87	127	1.35842
87	128	1.284
87	132	1.32285
87	141	1.29791
87	146	0.482074
87	156	0.473347
87	157	0.509935
87	166	0.491114
87	171	0.476975
87	175	0.525449
87	177	0.485504
87	179	1.32896
88	12	1.1884
88	35	1.34415
88	65	1.35018
88	66	0.530285
88	93	1.33153
88	96	1.33184
88	105	1.32907
88	106	1.34799
88	123	1.40243
88	134	1.36206
88	145	1.29312
88	151	0.507818
88	152	0.577513
88	155	0.398835
88	156	0.486736
88	164	0.511164
88	166	0.504503
88	171	0.490364
88	177	1.36991
88	179	1.34932
89	43	0.549578
89	55	1.24961
89	61	1.25024
89	73	1.2787
89	82	1.35059
89	84	0.565309
89	90	0.556222
89	92	1.32833
89	97	1.28444
89	101	1.2447
89	103	1.24825
89	114	1.32308
89	115	1.32308
89	151	1.30093
89	152	1.29413
89	156	0.491256
89	157	1.32391
89	163	0.491133
89	170	0.527914
89	177	0.503413
89	178	0.52426
90	32	0.476032
90	76	0.546382
90	89	0.556222
90	106	0.538743
90	150	0.507472
90	152	0.533725
90	160	0.529353
90	161	1.29192
90	165	0.505767
90	166	1.29976
90	167	1.30919
90	168	1.28099
90	169	1.29275
90	170	1.29951
90	172	1.30121
90	173	1.27975
90	174	1.29225
90	175	1.28483
90	176	1.27767
90	178	1.29319
90	180	1.29703
91	22	0.569698
91	32	0.515751
91	123	0.546825
91	134	0.569715
91	135	0.55651
91	142	0.541875
91	148	0.540491
91	163	1.32219
91	164	1.27352
91	166	1.25778
91	167	1.26721
91	168	1.23901
91	169	1.25077
91	170	1.25753
91	172	1.25923
91	173	1.23777
91	174	1.25027
91	175	1.24284
91	176	1.23568
91	178	1.25121
91	179	0.551862
91	180	1.25504
92	28	0.47576
92	55	1.31665
92	56	1.30788
92	73	1.34574
92	82	1.41762
92	89	1.32833
92	97	1.35148
92	101	1.31174
92	103	1.31529
92	114	1.39012
92	115	1.39012
92	133	0.466717
92	136	0.517712
92	149	1.36612
92	151	1.36797
92	156	0.452054
92	157	1.39095
92	159	0.53895
92	171	0.455682
92	172	0.496753
92	175	0.504156
92	180	0.498933
93	12	1.1652
93	14	1.351
93	16	1.36802
93	44	1.33028
93	47	0.491119
93	65	1.32698
93	88	1.33153
93	96	1.30864
93	105	1.30587
93	106	1.32479
93	110	1.19678
93	116	0.545442
93	119	0.557919
93	123	1.37923
93	134	1.33886
93	151	0.482312
93	157	0.497818
93	159	0.548127
93	171	0.464859
93	172	0.50593
93	175	0.513332
93	177	1.34671
93	179	1.32612
94	12	0.641174
94	13	1.36983
94	26	1.2742
94	36	0.498912
94	41	1.32031
94	47	0.489694
94	51	1.25148
94	63	1.33134
94	72	1.29481
94	79	1.35232
94	86	1.30002
94	99	1.27453
94	129	0.490663
94	135	1.33393
94	137	1.30133
94	142	1.35544
94	149	0.499215
94	160	1.32574
94	164	0.484233
94	171	1.31474
94	173	0.517344
94	176	0.515685
94	177	0.471963
95	9	1.32001
95	19	1.43013
95	25	1.26332
95	30	1.37124
95	34	1.20214
95	40	1.43859
95	43	0.538594
95	67	1.31223
95	71	1.2497
95	81	1.37263
95	108	0.511387
95	112	1.34148
95	125	1.30421
95	131	1.23147
95	145	1.24267
95	156	0.480271
95	157	1.32018
95	170	0.516929
95	171	0.4839
95	172	0.524971
95	176	0.536151
95	177	0.492429
95	180	0.52715
96	44	1.33059
96	56	1.26467
96	74	1.29176
96	83	1.38432
96	84	1.32383
96	88	1.33184
96	93	1.30864
96	105	1.30618
96	106	1.3251
96	110	1.1971
96	123	1.37954
96	133	0.496878
96	134	1.33917
96	145	1.27023
96	149	0.521625
96	156	0.482216
96	157	0.518803
96	161	0.514081
96	166	0.499982
96	168	0.533701
96	170	0.518874
96	172	0.526915
96	177	1.34703
97	55	1.27276
97	61	1.27339
97	73	1.30185
97	82	1.37373
97	89	1.28444
97	92	1.35148
97	101	1.26785
97	103	1.2714
97	114	1.34623
97	115	1.34623
97	120	0.506656
97	130	0.533501
97	139	0.483935
97	143	0.537944
97	149	1.32223
97	151	1.32408
97	152	1.31727
97	153	0.453272
97	156	0.4843
97	157	1.34706
97	160	0.570705
97	173	0.541838
97	177	0.496457
98	10	1.38443
98	13	1.37607
98	20	1.30078
98	52	1.26751
98	58	0.609557
98	79	1.35857
98	86	1.30627
98	103	1.27499
98	104	1.26868
98	107	0.512588
98	118	1.32236
98	120	0.527943
98	124	0.477878
98	131	0.563113
98	137	1.30757
98	141	1.29829
98	145	1.27314
98	147	0.445653
98	155	0.417686
98	160	1.33199
98	163	0.505466
98	172	0.550287
98	179	1.32934
99	15	0.508332
99	20	1.26678
99	45	1.3096
99	51	1.22372
99	52	1.23351
99	62	1.23076
99	72	1.26705
99	86	1.27227
99	94	1.27453
99	122	1.33404
99	135	1.30618
99	136	0.555978
99	137	1.27357
99	142	1.32768
99	157	0.526907
99	159	0.577216
99	160	1.29799
99	164	0.514747
99	168	0.541805
99	169	0.539495
99	171	1.28699
99	174	0.539494
99	177	0.502477
99	179	1.29534
100	35	0.481276
100	41	0.470618
100	73	0.498384
100	75	0.507362
100	109	0.498617
100	142	0.448663
100	145	0.485509
100	150	0.453979
100	160	0.47586
100	161	1.36938
100	162	0.472381
100	164	1.39297
100	166	1.37722
100	167	1.38665
100	168	1.35845
100	169	1.37022
100	170	1.37698
100	172	1.37867
100	173	1.35721
100	174	1.36972
100	175	1.36229
100	176	1.35513
100	178	1.37066
100	180	1.37449
101	5	1.31664
101	21	0.498337
101	55	1.23301
101	61	1.23364
101	73	1.2621
101	82	1.33399
101	89	1.2447
101	92	1.31174
101	97	1.26785
101	103	1.23166
101	108	0.550064
101	114	1.30649
101	115	1.30649
101	131	0.576473
101	149	1.28249
101	151	1.28434
101	152	1.27753
101	153	0.48792
101	156	0.518948
101	157	1.30731
101	171	0.522576
101	176	0.574827
101	177	0.531105
101	178	0.551952
102	33	1.26699
102	36	0.486637
102	76	1.35264
102	80	1.42548
102	87	1.37134
102	109	1.32456
102	117	1.41016
102	118	0.5114
102	120	0.469886
102	121	1.34968
102	126	1.43765
102	127	1.41574
102	128	1.34132
102	130	0.496731
102	132	1.38017
102	141	1.35523
102	149	1.38276
102	156	0.447531
102	163	0.447408
102	172	0.49223
102	173	0.505069
102	174	0.496705
102	177	0.459688
102	179	1.38628
103	29	0.521147
103	89	1.24825
103	92	1.31529
103	97	1.2714
103	98	1.27499
103	101	1.23166
103	104	1.2289
103	108	0.534478
103	114	1.31004
103	115	1.31004
103	128	0.609865
103	129	0.53422
103	134	0.590411
103	135	1.3004
103	139	0.502997
103	141	1.2585
103	155	0.415461
103	158	1.31374
103	159	1.26465
103	160	1.2922
103	162	1.27856
103	165	1.30142
103	172	0.548062
103	180	0.550241
104	20	1.25469
104	32	1.3451
104	41	1.28046
104	52	1.22141
104	64	1.30865
104	72	1.25496
104	98	1.26868
104	103	1.2289
104	122	1.32195
104	131	0.556572
104	135	1.29409
104	137	1.26148
104	142	1.31559
104	143	0.55269
104	146	0.507773
104	151	0.520128
104	160	1.28589
104	161	0.530912
104	171	1.2749
104	174	0.548221
104	175	0.551148
104	177	0.511204
104	178	0.532051
104	179	1.28325
105	11	0.633011
105	14	1.34854
105	16	1.36556
105	35	1.31849
105	38	0.501095
105	44	1.32782
105	65	1.32453
105	68	0.53661
105	74	1.28898
105	83	1.38154
105	88	1.32907
105	93	1.30587
105	96	1.30618
105	106	1.32233
105	123	1.37677
105	134	1.3364
105	139	0.446237
105	151	0.467684
105	157	0.48319
105	166	0.464369
105	169	0.495777
105	176	0.502481
105	177	1.34425
105	178	0.479607
105	179	1.32366
106	22	1.30027
106	35	1.33741
106	65	1.34345
106	71	0.572784
106	74	1.30791
106	83	1.40047
106	84	1.33998
106	88	1.34799
106	90	0.538743
106	93	1.32479
106	96	1.3251
106	105	1.32233
106	107	0.480777
106	110	1.21325
106	118	1.3356
106	123	1.39569
106	133	0.488439
106	147	0.413842
106	164	0.498204
106	166	0.491543
106	171	0.477405
106	176	0.529656
106	177	1.36318
106	179	1.34258
106	180	0.520655
107	2	0.617268
107	98	0.512588
107	106	0.480777
107	110	0.566013
107	115	0.491526
107	123	0.449139
107	143	0.438625
107	144	0.485316
107	145	0.481036
107	161	1.32661
107	162	0.467908
107	163	1.39887
107	164	1.35019
107	166	1.33445
107	167	1.34388
107	168	1.31568
107	169	1.32744
107	170	1.3342
107	172	1.3359
107	173	1.31444
107	174	1.32694
107	175	1.31951
107	176	1.31236
107	178	1.32788
107	180	1.33172
108	7	0.613845
108	19	0.419834
108	65	0.482372
108	95	0.511387
108	101	0.550064
108	103	0.534478
108	126	0.470839
108	143	0.462741
108	161	1.32661
108	163	1.39887
108	164	1.35019
108	165	0.471916
108	166	1.33445
108	167	1.34388
108	168	1.31568
108	169	1.32744
108	170	1.3342
108	172	1.3359
108	173	1.31444
108	174	1.32694
108	175	1.31951
108	176	1.31236
108	178	1.32788
108	179	0.478292
108	180	1.33172
109	4	1.31813
109	27	1.43358
109	62	0.61752
109	70	1.26619
109	80	1.32138
109	100	0.498617
109	102	1.32456
109	113	1.30398
109	117	1.30606
109	121	1.24558
109	126	1.33355
109	127	1.31164
109	128	1.23722
109	129	1.3101
109	132	1.27606
109	141	1.25113
109	146	0.49587
109	147	0.427208
109	149	1.27866
109	151	0.508225
109	159	0.57404
109	170	0.523801
109	171	0.490772
109	175	0.539245
109	179	1.28218
109	180	0.534022
110	16	1.25647
110	47	0.588901
110	78	0.554736
110	83	1.27246
110	84	1.21197
110	86	0.644058
110	93	1.19678
110	96	1.1971
110	106	1.21325
110	107	0.566013
110	117	1.23845
110	122	0.59986
110	123	1.26768
110	126	1.26594
110	128	1.16961
110	132	1.20846
110	147	0.499078
110	154	1.22888
110	158	1.23875
110	159	1.18966
110	162	1.20358
110	164	0.583441
110	165	1.22644
110	166	0.576779
110	178	0.592017
110	179	1.21457
111	8	1.36711
111	9	1.38579
111	19	1.49592
111	23	1.33631
111	30	1.43702
111	34	1.26793
111	40	1.50438
111	56	0.520297
111	66	0.47913
111	67	1.37801
111	81	1.43841
111	112	1.40726
111	119	1.32489
111	125	1.37
111	129	1.39257
111	145	1.30845
111	155	0.34768
111	157	1.38596
111	159	0.522478
111	163	0.435459
111	165	0.4984
111	171	0.43921
111	172	0.480281
111	173	0.493119
111	174	0.484756
111	179	0.504776
112	19	1.51778
112	25	1.35097
112	30	1.45889
112	34	1.28979
112	40	1.52624
112	47	0.500353
112	54	1.33354
112	67	1.39987
112	71	1.33735
112	77	1.35348
112	78	0.466187
112	95	1.34148
112	111	1.40726
112	119	1.34675
112	125	1.39186
112	129	1.41443
112	145	1.33031
112	147	0.410529
112	151	0.491546
112	153	0.439437
112	155	0.382563
112	171	0.474093
112	172	0.515163
112	173	0.528002
112	175	0.522566
112	177	0.482621
113	7	1.21868
113	33	1.24641
113	46	0.568426
113	57	1.45171
113	70	1.34972
113	80	1.40491
113	87	1.35076
113	109	1.30398
113	117	1.38959
113	121	1.32911
113	126	1.41708
113	127	1.39517
113	128	1.32074
113	131	0.511498
113	132	1.35959
113	135	0.527816
113	138	0.412249
113	141	1.33466
113	149	1.36219
113	151	0.475055
113	166	0.471739
113	170	0.490631
113	171	0.457601
113	175	0.506075
113	178	0.486977
113	179	1.36571
113	180	0.500852
114	5	1.39503
114	17	0.503805
114	37	0.545898
114	54	0.536474
114	55	1.3114
114	56	1.30263
114	61	1.31203
114	73	1.34049
114	82	1.41238
114	89	1.32308
114	92	1.39012
114	97	1.34623
114	101	1.30649
114	103	1.31004
114	115	1.38487
114	117	0.503624
114	129	0.469114
114	140	0.400054
114	148	0.496081
114	149	1.36087
114	151	1.36272
114	152	1.35591
114	157	1.3857
114	167	0.475596
114	168	0.489743
114	173	0.495795
114	174	0.487432
115	5	1.39503
115	55	1.3114
115	56	1.30263
115	61	1.31203
115	73	1.34049
115	78	0.480249
115	82	1.41238
115	89	1.32308
115	92	1.39012
115	97	1.34623
115	101	1.30649
115	103	1.31004
115	107	0.491526
115	114	1.38487
115	140	0.446323
115	147	0.424591
115	149	1.36087
115	151	1.36272
115	152	1.35591
115	153	0.453498
115	157	1.3857
115	161	0.516391
115	166	0.502293
115	169	0.533701
115	171	0.488154
115	174	0.533701
115	176	0.540405
116	45	0.525633
116	60	0.497492
116	69	0.52493
116	76	0.565627
116	93	0.545442
116	127	0.516189
116	137	0.557611
116	138	0.420469
116	144	0.562528
116	146	1.32716
116	153	1.39673
116	155	1.4663
116	161	1.26059
116	162	0.545119
116	163	1.33285
116	164	1.28418
116	166	1.26843
116	167	1.27787
116	168	1.24967
116	169	1.26143
116	170	1.26819
116	172	1.26988
116	173	1.24842
116	174	1.26093
116	175	1.2535
116	176	1.24634
116	178	1.26187
116	179	0.531388
116	180	1.2657
117	4	1.40373
117	18	0.513324
117	27	1.51918
117	33	1.24849
117	36	0.482454
117	42	1.33824
117	57	1.45379
117	70	1.3518
117	80	1.40699
117	87	1.35284
117	102	1.41016
117	109	1.30606
117	110	1.23845
117	113	1.38959
117	114	0.503624
117	121	1.33118
117	127	1.39724
117	128	1.32282
117	132	1.36167
117	151	0.46443
117	154	0.508463
117	156	0.443348
117	165	0.506167
117	169	0.492523
117	170	0.480006
117	171	0.446977
117	178	0.476353
117	179	1.36778
117	180	0.490227
118	3	1.38124
118	22	1.29461
118	23	0.296712
118	31	0.495061
118	35	1.33175
118	42	0.527768
118	64	1.36233
118	73	0.550779
118	98	1.32236
118	102	0.5114
118	106	1.3356
118	123	1.39003
118	125	0.526816
118	128	0.548353
118	134	1.34966
118	141	1.30587
118	142	1.36927
118	148	0.499675
118	154	0.506965
118	158	0.499119
118	160	1.33957
118	162	0.524777
118	165	0.50467
118	172	1.3245
118	173	1.30304
118	174	1.31554
118	176	1.30096
118	178	1.31648
118	179	1.33692
118	180	1.32031
119	8	1.3066
119	9	1.32528
119	23	1.2758
119	25	1.26859
119	30	1.37651
119	34	1.20741
119	40	1.44386
119	54	1.25117
119	56	0.559386
119	67	1.3175
119	71	1.25497
119	77	1.2711
119	81	1.3779
119	85	0.524248
119	93	0.557919
119	111	1.32489
119	112	1.34675
119	122	0.515518
119	125	1.30948
119	129	1.33206
119	131	1.23674
119	145	1.24794
119	156	0.474671
119	157	1.32545
119	164	0.499098
119	167	0.512009
119	171	0.478299
119	173	0.532208
119	174	0.523845
119	177	0.486828
119	179	0.543865
120	97	0.506656
120	98	0.527943
120	102	0.469886
120	124	0.372627
120	125	0.485302
120	136	0.465995
120	141	0.51168
120	144	0.500672
120	146	1.41605
120	152	0.491114
120	153	1.48562
120	154	0.465451
120	155	1.55518
120	158	0.457605
120	161	1.34948
120	163	1.42174
120	164	1.37306
120	165	0.463156
120	166	1.35732
120	167	1.36675
120	168	1.33855
120	169	1.35032
120	170	1.35708
120	172	1.35877
120	173	1.33731
120	174	1.34982
120	175	1.34239
120	176	1.33523
120	178	1.35076
120	179	0.469532
120	180	1.35459
121	33	1.18801
121	38	0.528484
121	42	1.27776
121	48	0.53963
121	57	1.3933
121	66	0.51754
121	70	1.29132
121	76	1.27367
121	80	1.34651
121	85	0.523569
121	87	1.29236
121	102	1.34968
121	109	1.24558
121	113	1.32911
121	117	1.33118
121	126	1.35867
121	127	1.33676
121	128	1.26234
121	129	1.33522
121	132	1.30119
121	133	0.488654
121	141	1.27625
121	149	1.30379
121	157	0.510579
121	164	0.498419
121	168	0.525477
121	170	0.51065
121	172	0.518691
121	174	0.523166
121	175	0.526094
121	179	1.3073
122	28	0.442534
122	32	1.44446
122	38	0.473321
122	41	1.37982
122	47	0.448717
122	56	0.503544
122	59	1.45188
122	62	1.31803
122	63	1.39086
122	64	1.40802
122	72	1.35432
122	86	1.35954
122	99	1.33404
122	104	1.32195
122	110	0.59986
122	119	0.515518
122	134	0.505876
122	135	1.39345
122	137	1.36085
122	139	0.418463
122	141	1.35156
122	142	1.41495
122	152	1.37414
122	154	0.483943
122	157	0.455416
122	160	1.38526
122	167	0.456167
122	171	1.37426
122	175	0.470931
122	177	0.430986
122	179	1.38261
123	12	1.2361
123	16	1.43892
123	21	0.421529
123	22	1.3547
123	44	1.40118
123	47	0.472027
123	65	1.39788
123	74	1.36234
123	83	1.4549
123	84	1.39442
123	85	0.491717
123	88	1.40243
123	91	0.546825
123	93	1.37923
123	96	1.37954
123	105	1.37677
123	106	1.39569
123	107	0.449139
123	110	1.26768
123	118	1.39003
123	126	0.503881
123	129	0.472996
123	133	0.456802
123	134	1.40976
123	139	0.441774
123	145	1.34081
123	149	0.481548
123	157	0.478727
123	175	0.494241
123	176	0.498018
123	177	1.41761
124	68	0.440279
124	80	0.412517
124	98	0.477878
124	120	0.372627
124	125	0.435236
124	136	1.44772
124	138	1.72984
124	140	1.73205
124	143	1.4445
124	144	1.39462
124	146	0.358998
124	148	1.46701
124	150	1.44562
124	154	1.45888
124	155	0.672434
124	158	1.46875
124	159	1.41966
124	160	0.436676
124	162	1.43357
124	165	1.45643
124	171	1.43622
124	172	0.394971
124	173	0.407809
124	174	0.399446
124	177	1.46516
124	180	0.39715
125	8	1.35171
125	9	1.37039
125	23	1.32091
125	25	1.3137
125	30	1.42162
125	34	1.25252
125	36	0.502053
125	40	1.48897
125	54	1.29628
125	67	1.36261
125	71	1.30008
125	81	1.42301
125	95	1.30421
125	111	1.37
125	112	1.39186
125	118	0.526816
125	119	1.30948
125	120	0.485302
125	124	0.435236
125	129	1.37717
125	131	1.28185
125	139	0.462581
125	145	1.29305
125	150	0.52747
125	151	0.484028
125	157	1.37056
125	168	0.514432
125	169	0.512121
125	170	0.499604
125	171	0.466575
125	176	0.518825
125	177	0.475104
126	3	1.43959
126	27	1.54667
126	29	0.457508
126	33	1.27598
126	39	0.480461
126	42	1.36573
126	57	1.48127
126	70	1.37929
126	76	1.36163
126	80	1.43447
126	87	1.38033
126	102	1.43765
126	108	0.470839
126	109	1.33355
126	110	1.26594
126	113	1.41708
126	121	1.35867
126	123	0.503881
126	128	1.35031
126	129	1.42319
126	132	1.38916
126	135	0.513567
126	141	1.36422
126	146	0.44845
126	153	0.408696
126	157	0.476311
126	163	0.439601
126	165	0.502542
126	167	0.477062
126	168	0.491209
126	171	0.443352
126	176	0.495603
126	179	1.39527
127	4	1.40931
127	5	0.49577
127	7	1.22634
127	18	0.501953
127	31	0.485187
127	33	1.25407
127	42	1.34382
127	56	0.516693
127	57	1.45936
127	70	1.35738
127	76	1.33972
127	80	1.41257
127	87	1.35842
127	102	1.41574
127	109	1.31164
127	113	1.39517
127	116	0.516189
127	117	1.39724
127	121	1.33676
127	128	1.3284
127	129	1.40128
127	132	1.36725
127	141	1.34231
127	149	1.36985
127	162	0.514904
127	163	0.431855
127	164	0.456405
127	167	0.469316
127	173	0.489515
127	174	0.481152
127	175	0.48408
127	176	0.487857
127	179	1.37336
127	180	0.478856
128	3	1.34325
128	7	1.15191
128	27	1.45034
128	42	1.2694
128	67	0.549055
128	70	1.28295
128	76	1.2653
128	80	1.33814
128	87	1.284
128	102	1.34132
128	103	0.609865
128	109	1.23722
128	110	1.16961
128	113	1.32074
128	117	1.32282
128	118	0.548353
128	121	1.26234
128	126	1.35031
128	127	1.3284
128	129	1.32686
128	131	0.542009
128	132	1.29283
128	133	0.499147
128	139	0.484118
128	141	1.26789
128	145	0.580538
128	149	1.29542
128	151	0.505565
128	155	0.396582
128	167	0.521823
128	168	0.535969
128	173	0.542022
128	177	0.496641
128	179	1.29894
129	10	0.50817
129	23	1.34348
129	32	0.441922
129	51	0.54949
129	58	0.512808
129	72	0.509152
129	75	0.526745
129	79	0.475917
129	94	0.490663
129	103	0.53422
129	109	1.3101
129	111	1.39257
129	112	1.41443
129	114	0.469114
129	119	1.33206
129	121	1.33522
129	123	0.472996
129	125	1.37717
129	126	1.42319
129	127	1.40128
129	128	1.32686
129	132	1.36571
129	138	0.367115
129	148	0.466662
129	157	1.39313
129	165	0.471657
129	168	1.33918
129	173	1.33794
129	174	1.35044
129	175	1.34301
129	176	1.33586
129	178	1.35138
129	179	1.37182
129	180	1.35521
130	20	0.51997
130	35	0.519003
130	46	0.541635
130	65	0.500457
130	97	0.533501
130	102	0.496731
130	133	1.32887
130	137	0.522601
130	138	0.385459
130	139	1.36887
130	143	0.480826
130	144	0.527517
130	146	1.36124
130	147	1.48887
130	150	0.491706
130	153	1.43081
130	155	1.50037
130	158	0.48445
130	161	1.29467
130	163	1.36693
130	164	1.31825
130	165	0.490001
130	166	1.30251
130	167	1.31194
130	168	1.28374
130	169	1.2955
130	170	1.30226
130	172	1.30396
130	173	1.2825
130	174	1.29501
130	175	1.28758
130	176	1.28042
130	178	1.29594
130	179	0.496377
130	180	1.29978
131	23	1.24816
131	30	1.34888
131	35	0.527328
131	51	0.576158
131	53	0.530105
131	70	0.539919
131	72	0.535821
131	81	1.35027
131	95	1.23147
131	98	0.563113
131	101	0.576473
131	104	0.556572
131	113	0.511498
131	119	1.23674
131	125	1.28185
131	128	0.542009
131	132	0.523251
131	135	0.50935
131	148	1.29895
131	150	1.27756
131	154	1.29082
131	157	1.29781
131	158	1.30069
131	159	1.2516
131	162	1.26551
131	164	1.27837
131	165	1.28837
131	168	1.24386
131	170	1.26238
131	173	1.24262
131	175	1.2477
131	176	1.24054
131	178	1.25606
131	179	0.504702
131	180	1.2599
132	4	1.37374
132	7	1.19076
132	18	0.535702
132	23	0.320587
132	27	1.48919
132	33	1.21849
132	42	1.30825
132	56	0.550442
132	57	1.42379
132	70	1.3218
132	80	1.37699
132	87	1.32285
132	102	1.38017
132	109	1.27606
132	110	1.20846
132	113	1.35959
132	117	1.36167
132	121	1.30119
132	126	1.38916
132	127	1.36725
132	128	1.29283
132	129	1.36571
132	131	0.523251
132	149	1.33427
132	151	0.486808
132	161	0.497591
132	162	0.548652
132	163	0.465604
132	168	0.517212
132	169	0.514901
132	175	0.517828
132	176	0.521605
132	178	0.49873
132	179	1.33779
132	180	0.512605
133	5	0.456437
133	42	0.478561
133	61	0.51037
133	64	0.47106
133	76	0.496078
133	84	0.466698
133	92	0.466717
133	96	0.496878
133	106	0.488439
133	121	0.488654
133	123	0.456802
133	128	0.499147
133	130	1.32887
133	136	0.458303
133	139	1.40887
133	146	1.40124
133	147	1.52887
133	152	0.483422
133	153	1.47081
133	155	1.54037
133	160	0.479049
133	161	1.33467
133	163	1.40693
133	164	1.35825
133	166	1.34251
133	167	1.35194
133	168	1.32374
133	169	1.3355
133	170	1.34226
133	172	1.34396
133	173	1.3225
133	174	1.33501
133	175	1.32758
133	176	1.32042
133	178	1.33594
133	180	1.33978
134	12	1.19573
134	14	1.38153
134	16	1.39855
134	17	1.32598
134	19	0.475766
134	22	1.31433
134	35	1.35147
134	36	1.35841
134	44	1.36081
134	56	1.29489
134	65	1.35751
134	74	1.32197
134	77	0.526028
134	83	1.41453
134	84	1.35405
134	88	1.36206
134	91	0.569715
134	93	1.33886
134	96	1.33917
134	103	0.590411
134	105	1.3364
134	118	1.34966
134	122	0.505876
134	123	1.40976
134	138	0.423306
134	140	0.426826
134	145	1.30045
134	149	0.504439
134	151	0.486111
134	156	0.46503
134	161	0.496895
