1	4	0.79037
1	70	0.821054
1	91	0.855517
1	118	0.855324
1	124	0.827358
1	165	0.695033
1	169	1.77902
1	172	0.86095
1	173	0.872767
1	175	0.878813
1	177	1.89932
1	179	0.881739
2	9	0.917826
2	11	0.873789
2	91	0.941308
2	103	1.40965
2	115	0.938278
2	143	0.924059
2	166	0.774453
2	172	0.946741
2	173	0.958557
2	175	0.964604
2	177	1.31819
2	179	0.96753
3	25	1.65433
3	84	0.884889
3	127	1.25625
3	141	0.902795
3	147	0.828297
3	161	0.943643
3	169	0.948032
3	171	0.959959
3	174	0.966024
3	176	0.965337
3	177	0.953916
3	180	0.970922
4	1	0.79037
4	7	1.72322
4	33	0.840605
4	61	0.867447
4	114	0.852334
4	124	0.80338
4	147	0.838591
4	172	0.836972
4	173	0.848789
4	175	0.854835
4	176	1.97004
4	179	0.857761
5	27	0.767626
5	129	0.863434
5	134	0.863652
5	146	1.89169
5	169	0.848929
5	170	0.860835
5	171	0.860856
5	174	0.86692
5	176	0.866234
5	177	0.854813
5	179	1.78367
5	180	0.871819
6	11	2.09159
6	50	1.8071
6	60	0.848872
6	73	0.808543
6	94	0.826829
6	111	0.796769
6	159	0.844337
6	161	0.833224
6	167	0.835527
6	169	0.837613
6	177	0.843497
6	180	0.860503
7	4	1.72322
7	12	0.775102
7	28	0.962321
7	110	0.934408
7	126	0.795767
7	128	0.794144
7	152	0.956331
7	155	0.977966
7	160	0.962303
7	163	0.794818
7	176	0.97647
7	180	0.982055
8	43	1.57205
8	80	0.843665
8	100	0.808582
8	147	1.82938
8	158	0.819047
8	160	0.841511
8	167	0.836287
8	170	0.850279
8	174	0.856364
8	176	0.855677
8	178	0.862516
8	180	0.861263
9	2	0.917826
9	24	0.881533
9	33	1.35418
9	152	1.10004
9	156	0.954596
9	160	0.949539
9	167	0.944315
9	169	0.946401
9	171	0.958328
9	177	0.952285
9	178	0.970545
9	180	0.969291
10	39	0.936923
10	40	1.25337
10	72	0.894363
10	86	0.944975
10	94	1.16919
10	124	0.917844
10	147	0.953056
10	148	0.787962
10	160	1.38835
10	168	0.956842
10	175	0.969299
10	179	0.972226
11	2	0.873789
11	6	2.09159
11	97	1.52872
11	99	0.79778
11	118	0.828974
11	145	0.828563
11	149	0.824504
11	164	0.852274
11	168	0.840006
11	173	0.846417
11	175	0.852463
11	179	0.85539
12	7	0.775102
12	88	1.6203
12	143	0.929909
12	151	0.782027
12	153	0.951754
12	159	1.20662
12	164	0.970264
12	168	0.957996
12	172	0.952591
12	173	0.964407
12	175	0.970453
12	179	0.97338
13	36	0.958147
13	38	0.96667
13	50	0.925527
13	58	0.919259
13	156	1.18578
13	163	0.782916
13	168	0.958178
13	171	1.41785
13	172	0.952773
13	173	0.964589
13	175	0.970635
13	179	0.973562
14	57	0.940295
14	61	1.07815
14	74	1.81886
14	100	0.914946
14	120	0.771747
14	121	0.937373
14	136	0.939496
14	167	0.94265
14	176	0.96204
14	177	0.95062
14	178	0.968879
14	180	0.967626
15	65	0.812804
15	81	0.858515
15	127	0.818116
15	145	0.84853
15	151	0.684004
15	155	1.7545
15	159	1.9119
15	164	0.872241
15	168	0.859973
15	173	0.866384
15	175	0.87243
15	179	0.875357
16	63	0.878116
16	85	0.835547
16	140	1.78324
16	160	0.829785
16	167	0.824561
16	169	0.826646
16	170	0.838553
16	171	0.838574
16	173	1.78196
16	176	0.843951
16	177	0.832531
16	180	0.849537
17	62	0.904476
17	81	1.13426
17	115	1.17909
17	141	0.908752
17	145	1.10917
17	161	0.9496
17	165	0.79358
17	167	0.951902
17	170	0.965894
17	177	0.959872
17	178	0.978132
17	180	0.976878
18	60	1.37579
18	97	1.36163
18	114	0.950766
18	124	0.901812
18	133	0.936171
18	147	0.937023
18	149	0.925308
18	165	0.769487
18	166	0.763116
18	172	0.935405
18	173	0.947221
18	176	1.33259
18	179	0.956194
19	52	0.776861
19	60	1.0485
19	67	0.903302
19	69	0.945959
19	71	0.908361
19	83	0.769426
19	140	0.94739
19	146	0.988908
19	151	0.77624
19	154	0.967571
19	157	0.963357
19	158	1.66222
19	179	1.42553
20	35	0.868479
20	68	0.903843
20	89	0.921116
20	93	0.92031
20	106	0.924914
20	144	0.916348
20	150	0.944827
20	152	0.9566
20	157	0.942056
20	161	1.3231
20	166	0.753214
20	167	1.16087
20	172	1.50666
21	23	0.874944
21	108	1.79614
21	114	0.859175
21	115	0.835351
21	123	0.674557
21	126	0.674906
21	141	2.05294
21	143	0.821132
21	147	0.845433
21	172	0.843814
21	173	0.85563
21	175	0.861677
21	179	0.864603
22	34	1.32234
22	43	0.951885
22	47	0.925921
22	67	0.919529
22	140	0.963617
22	148	0.799557
22	150	0.982356
22	152	0.994128
22	154	0.983798
22	158	1.55223
22	162	0.8074
22	166	0.790743
22	180	1.16737
23	21	0.874944
23	46	0.757656
23	87	0.888871
23	90	0.923255
23	130	1.51248
23	145	0.932645
23	151	0.768118
23	164	0.956356
23	168	0.944087
23	170	1.29648
23	172	0.938683
23	174	1.18271
23	179	0.959471
24	9	0.881533
24	40	0.837137
24	89	1.93136
24	90	1.85284
24	107	0.79909
24	121	0.824303
24	141	0.786429
24	148	0.673701
24	160	0.834804
24	170	0.843572
24	171	0.843593
24	176	0.84897
24	178	0.855809
25	3	1.65433
25	32	0.839507
25	39	0.810188
25	61	0.855178
25	101	0.657591
25	125	2.24569
25	142	0.835581
25	143	0.80202
25	153	0.823865
25	172	0.824703
25	173	0.836519
25	175	0.842565
25	179	0.845491
26	48	0.694666
26	65	0.823259
26	87	0.815211
26	98	0.70108
26	118	0.859396
26	127	0.828571
26	165	0.699105
26	168	0.870428
26	172	0.865023
26	173	0.876839
26	174	2.1112
26	176	1.8688
26	179	0.885812
27	5	0.767626
27	29	0.847621
27	45	1.89408
27	88	0.767011
27	129	0.829736
27	136	0.809991
27	155	0.834031
27	161	0.810842
27	168	2.10732
27	174	0.833223
27	177	0.821115
27	178	0.839374
27	180	0.838121
28	7	0.962321
28	68	1.31419
28	105	1.13351
28	129	0.914195
28	156	0.907884
28	161	0.895301
28	170	0.911596
28	172	1.35083
28	174	0.917681
28	176	0.916995
28	177	0.905574
28	178	0.923833
28	180	0.92258
29	27	0.847621
29	74	1.75574
29	76	0.902143
29	130	0.904614
29	136	0.923685
29	160	0.932063
29	163	0.764577
29	170	0.940831
29	172	1.28981
29	173	1.07655
29	174	0.946916
29	177	0.934808
29	178	0.953068
30	80	0.888215
30	85	0.891822
30	89	1.27009
30	92	0.860857
30	108	0.850336
30	125	0.854758
30	130	0.858612
30	168	1.43047
30	169	0.882922
30	175	1.47912
30	176	0.900227
30	177	0.888806
30	178	0.907066
30	180	0.905812
31	70	0.851266
31	72	0.834089
31	81	0.89511
31	92	1.34076
31	127	0.85471
31	134	1.46698
31	142	0.902041
31	149	0.881065
31	164	0.908836
31	168	0.896568
31	172	0.891163
31	173	0.902979
31	174	1.38921
31	179	0.911952
32	25	0.839507
32	123	0.753101
32	124	0.888765
32	127	0.885906
32	135	1.39828
32	142	0.933236
32	153	0.92152
32	162	0.766727
32	167	1.51039
32	168	0.927763
32	172	0.922358
32	174	1.37091
32	175	0.94022
32	179	0.943147
33	4	0.840605
33	9	1.35418
33	41	0.738969
33	87	0.861374
33	91	0.905753
33	94	1.49775
33	115	0.902723
33	118	0.905559
33	153	0.910349
33	155	1.48458
33	164	0.928859
33	166	0.738898
33	175	0.929048
33	179	0.931975
34	22	1.32234
34	41	0.739389
34	58	0.878091
34	105	0.90628
34	113	0.882738
34	119	0.904917
34	136	1.46777
34	137	1.3125
34	145	0.905568
34	147	0.913224
34	149	0.901508
34	163	0.741749
34	173	0.923422
34	179	0.932394
35	20	0.868479
35	37	0.791477
35	68	0.828869
35	93	0.845336
35	111	2.00288
35	131	2.20664
35	138	0.690552
35	140	0.851115
35	146	0.892632
35	150	0.869853
35	154	0.871295
35	157	0.867082
35	162	0.694898
35	163	0.680672
36	13	0.958147
36	76	1.79244
36	87	0.863115
36	90	0.897499
36	124	0.879334
36	128	0.742396
36	161	1.4044
36	163	0.74307
36	164	0.9306
36	170	1.21646
36	172	0.912927
36	173	0.924743
36	175	0.930789
36	179	0.933716
37	35	0.791477
37	64	0.815301
37	71	0.810057
37	95	0.843957
37	102	0.898474
37	104	0.816796
37	106	0.847911
37	117	0.687144
37	128	0.67797
37	132	2.20308
37	154	0.869267
37	157	0.865053
37	162	0.692869
37	176	2.07578
38	13	0.96667
38	116	0.866016
38	120	0.732863
38	127	1.65333
38	130	0.881541
38	143	1.49019
38	155	0.924653
38	167	0.903766
38	169	0.905852
38	170	0.917758
38	176	0.923157
38	177	0.911736
38	178	0.929995
38	180	0.928742
39	10	0.936923
39	25	0.810188
39	60	1.39555
39	98	0.729096
39	99	0.856217
39	113	0.864171
39	132	1.47966
39	139	0.931827
39	142	0.903917
39	149	0.882942
39	164	0.910712
39	168	0.898444
39	169	1.52931
39	175	0.910901
40	10	1.25337
40	24	0.837137
40	65	1.69124
40	92	0.879941
40	97	0.891882
40	135	0.900477
40	154	1.30617
40	155	0.920806
40	158	0.88268
40	161	0.897617
40	166	0.735227
40	169	0.902005
40	176	0.91931
40	180	0.924895
41	33	0.738969
41	34	0.739389
41	120	0.556838
41	122	0.572385
41	140	0.735922
41	146	0.77744
41	151	0.564772
41	152	0.766433
41	166	0.563048
41	171	0.741754
41	175	0.753199
41	177	0.735711
41	179	0.756125
41	180	0.752717
42	48	0.75114
42	51	0.920105
42	69	0.920651
42	123	0.75224
42	134	1.55027
42	140	0.922083
42	144	0.912342
42	146	0.963601
42	148	0.758023
42	150	0.940821
42	157	0.93805
42	160	1.48973
42	162	0.765866
42	163	0.751641
42	177	1.52737
43	8	1.57205
43	22	0.951885
43	53	0.873223
43	68	0.874747
43	96	0.726227
43	102	0.94638
43	104	0.864703
43	120	0.717909
43	144	0.887252
43	146	0.938511
43	154	0.917173
43	157	0.91296
43	161	1.58379
43	163	0.72655
43	167	1.42156
44	75	0.85304
44	112	0.800257
44	124	0.805362
44	128	0.668424
44	142	0.849833
44	143	0.816272
44	153	0.838117
44	157	2.28913
44	163	0.669098
44	164	0.856628
44	166	0.666666
44	168	0.844359
44	172	0.838954
44	177	2.218
44	179	0.859743
45	27	1.89408
45	51	0.906597
45	67	0.864486
45	68	0.886329
45	93	0.902796
45	95	0.903445
45	104	0.876284
45	121	1.40668
45	144	0.898834
45	148	0.744514
45	152	0.939086
45	154	0.928755
45	165	0.742071
45	166	0.7357
45	180	1.191
46	23	0.757656
46	126	0.557619
46	139	0.765315
46	140	0.727112
46	146	0.76863
46	148	0.563053
46	151	0.555963
46	152	0.757624
46	154	0.747293
46	160	0.724156
46	166	0.554238
46	168	0.731932
46	173	0.738343
46	174	0.739009
46	177	0.726901
46	179	0.747316
47	22	0.925921
47	49	0.840605
47	64	0.837243
47	68	0.848782
47	69	0.869597
47	74	0.860512
47	89	0.866056
47	104	0.838738
47	106	0.869853
47	130	1.80803
47	136	1.55248
47	144	0.861287
47	152	0.901539
47	154	0.891209
47	160	1.49549
47	166	0.698154
48	26	0.694666
48	42	0.75114
48	74	0.727266
48	76	0.704905
48	83	0.559818
48	148	0.573722
48	152	0.768293
48	153	0.736359
48	154	0.757962
48	162	0.581565
48	163	0.567339
48	164	0.754869
48	173	0.749012
48	177	0.73757
48	179	0.757985
48	180	0.754577
49	47	0.840605
49	51	0.876324
49	71	0.839272
49	102	0.927689
49	106	0.877126
49	120	0.699217
49	129	1.46814
49	140	0.878301
49	144	0.86856
49	150	0.89704
49	152	0.908813
49	154	0.898482
49	157	0.894268
49	163	0.707859
49	170	1.64419
49	171	1.66756
50	6	1.8071
50	13	0.925527
50	55	1.40685
50	70	0.84041
50	86	0.873845
50	118	0.87468
50	124	0.846714
50	145	0.874269
50	148	0.716832
50	151	0.709742
50	168	0.885711
50	171	1.59472
50	172	0.880307
50	173	0.892123
50	175	0.898169
50	179	0.901095
51	42	0.920105
51	45	0.906597
51	49	0.876324
51	52	0.736218
51	64	0.872961
51	89	0.901774
51	106	0.905572
51	150	0.925485
51	152	0.937258
51	156	1.52086
51	157	0.922714
51	163	0.736304
51	165	0.740243
51	166	0.733873
51	169	1.55036
51	179	1.79362
52	19	0.776861
52	51	0.736218
52	96	0.567429
52	101	0.570498
52	113	0.708742
52	131	0.697416
52	138	0.577633
52	146	0.779713
52	149	0.727513
52	162	0.581979
52	166	0.565321
52	173	0.749426
52	174	0.750092
52	175	0.755472
52	178	0.756243
52	179	0.758399
53	43	0.873223
53	54	1.64008
53	64	0.851169
53	67	0.840867
53	78	0.897286
53	92	1.47765
53	104	0.852665
53	138	0.724392
53	144	0.875214
53	146	0.926473
53	150	0.903694
53	151	0.713805
53	154	0.905136
53	157	0.900922
53	163	0.714513
53	167	1.66559
54	53	1.64008
54	56	0.822815
54	93	1.65938
54	97	0.849883
54	125	0.831843
54	141	0.81477
54	158	0.840681
54	159	0.866731
54	167	0.857921
54	169	0.860006
54	170	0.871913
54	174	0.877998
54	177	0.86589
54	178	0.88415
54	179	1.50072
54	180	0.882897
55	50	1.40685
55	80	0.949164
55	92	0.921806
55	108	0.911285
55	114	1.06247
55	139	1.04094
55	156	0.952066
55	159	0.950595
55	166	0.777092
55	168	1.32386
55	169	0.943871
55	171	0.955798
55	176	0.961176
55	177	0.949755
55	178	0.968015
55	180	0.966761
56	54	0.822815
56	76	0.832561
56	106	1.81128
56	137	0.872497
56	142	1.54574
56	155	0.878143
56	160	0.862481
56	161	0.854954
56	170	0.871249
56	171	0.871269
56	174	0.877334
56	176	0.876647
56	177	0.865226
56	178	0.883486
56	179	1.5533
56	180	0.882233
57	14	0.940295
57	75	0.966174
57	81	0.956036
57	118	0.946462
57	119	0.9454
57	123	0.782831
57	136	1.35579
57	149	0.941991
57	166	0.7798
57	168	0.957494
57	172	0.952089
57	173	0.963905
57	174	1.28156
57	175	0.969951
57	177	1.33643
57	179	0.972878
58	13	0.919259
58	34	0.878091
58	90	0.858611
58	94	1.54679
58	105	0.868713
58	112	0.835341
58	139	0.912827
58	147	0.875657
58	148	0.710564
58	165	0.708121
58	168	0.879444
58	172	0.874039
58	175	0.891901
58	178	1.6444
58	179	0.894828
58	180	1.77837
59	125	0.833157
59	132	0.822421
59	134	0.876044
59	135	0.859793
59	140	1.6458
59	156	0.869515
59	157	1.49849
59	160	0.864459
59	169	0.861321
59	171	0.873248
59	174	0.879313
59	175	1.58681
59	176	0.878626
59	177	0.867205
59	178	0.885464
59	180	0.884211
60	6	0.848872
60	18	1.37579
60	19	1.0485
60	39	1.39555
60	77	0.92118
60	82	0.911327
60	86	1.16664
60	110	0.883035
60	125	0.879629
60	131	0.873108
60	135	0.906264
60	161	0.903404
60	167	0.905707
60	170	0.919699
60	177	0.913676
60	178	0.931936
60	180	0.930683
61	4	0.867447
61	14	1.07815
61	25	0.855178
61	77	1.20417
61	112	0.89933
61	113	0.909161
61	129	1.35714
61	138	0.778051
61	142	0.948907
61	143	0.915346
61	145	0.93199
61	153	0.937191
61	168	0.943433
61	172	0.938028
61	173	0.949844
61	174	1.41942
61	179	0.958817
62	17	0.904476
62	64	1.76873
62	116	0.807186
62	132	0.808122
62	133	1.64566
62	156	0.855216
62	158	0.827696
62	159	0.853746
62	161	0.842633
62	170	0.858928
62	171	0.858949
62	174	0.865014
62	176	0.864327
62	177	0.852906
62	178	0.871165
62	179	1.64945
62	180	0.869912
63	16	0.878116
63	81	1.35573
63	106	1.46708
63	117	0.792157
63	131	0.913319
63	132	0.909104
63	133	1.2053
63	158	0.928678
63	166	0.781225
63	167	0.945918
63	168	1.19694
63	169	0.948003
63	171	0.959931
63	174	0.965995
63	177	0.953888
63	178	0.972147
63	180	0.970894
64	37	0.815301
64	47	0.837243
64	51	0.872961
64	53	0.851169
64	62	1.76873
64	74	0.864423
64	78	0.887269
64	89	0.869967
64	140	0.874939
64	141	1.96378
64	144	0.865198
64	150	0.893677
64	151	0.703789
64	154	0.895119
64	156	1.4111
64	157	0.890906
64	165	0.708435
65	15	0.812804
65	26	0.823259
65	40	1.69124
65	70	0.825892
65	80	1.61627
65	112	0.827092
65	117	0.704433
65	119	0.8591
65	142	0.876668
65	149	0.855692
65	153	0.864952
65	164	0.883463
65	168	0.871194
65	172	0.865789
65	175	0.883652
65	178	1.70466
65	179	0.886578
66	73	0.695564
66	128	0.559612
66	134	0.739357
66	138	0.570166
66	144	0.720988
66	150	0.749467
66	152	0.76124
66	154	0.75091
66	157	0.746696
66	162	0.574512
66	163	0.560287
66	168	0.735548
66	173	0.741959
66	175	0.748006
66	176	0.741938
66	179	0.750932
66	180	0.747524
67	19	0.903302
67	22	0.919529
67	45	0.864486
67	53	0.840867
67	85	1.42079
67	89	0.859664
67	95	0.859507
67	102	0.914024
67	103	1.96329
67	123	0.694793
67	132	1.70187
67	150	0.883375
67	152	0.895147
67	154	0.884817
67	157	0.880603
67	165	0.698133
67	166	0.691762
68	20	0.903843
68	28	1.31419
68	35	0.828869
68	43	0.874747
68	45	0.886329
68	47	0.848782
68	69	0.885047
68	71	0.847449
68	88	2.01355
68	95	0.881349
68	120	0.707395
68	144	0.876738
68	150	0.905217
68	157	0.902445
68	163	0.716036
68	166	0.713604
68	170	1.77133
69	19	0.945959
69	42	0.920651
69	47	0.869597
69	68	0.885047
69	74	0.896777
69	93	0.901514
69	102	0.95668
69	104	0.875003
69	139	1.04477
69	140	0.907293
69	141	1.61978
69	150	0.926031
69	152	0.937804
69	154	0.927473
69	157	0.92326
69	177	1.21688
69	179	1.33985
70	1	0.821054
70	31	0.851266
70	50	0.84041
70	65	0.825892
70	75	0.881741
70	114	0.883017
70	135	1.72438
70	145	0.861618
70	153	0.866819
70	166	0.695368
70	168	0.873061
70	170	1.81078
70	172	0.867656
70	173	0.879472
70	175	0.885518
70	178	1.59269
70	179	0.888445
71	19	0.908361
71	37	0.810057
71	49	0.839272
71	68	0.847449
71	78	0.882026
71	89	0.864723
71	101	0.701998
71	106	0.86852
71	138	0.709132
71	144	0.859954
71	146	0.911213
71	150	0.888434
71	152	0.900206
71	159	1.65296
71	165	0.703192
71	168	1.87632
71	174	1.71065
72	10	0.894363
72	31	0.834089
72	81	0.854427
72	82	1.56349
72	112	0.811782
72	117	0.689123
72	118	0.844853
72	133	0.851246
72	142	0.861358
72	147	0.852098
72	160	1.85246
72	164	0.868153
72	168	0.855885
72	169	1.76979
72	173	0.862296
72	175	0.868342
72	179	0.871269
73	6	0.808543
73	66	0.695564
73	97	0.857341
73	121	0.860101
73	125	0.8393
73	137	0.880619
73	150	1.60586
73	156	0.875659
73	158	0.848138
73	160	0.870602
73	162	0.717342
73	167	0.865378
73	171	0.879391
73	173	1.81756
73	178	0.891607
73	179	1.72338
73	180	0.890354
74	14	1.81886
74	29	1.75574
74	47	0.860512
74	48	0.727266
74	64	0.864423
74	69	0.896777
74	85	1.76397
74	101	0.730511
74	104	0.865918
74	109	0.724169
74	122	0.734672
74	123	0.728366
74	126	0.728715
74	144	0.888468
74	150	0.916947
74	152	0.92872
74	157	0.914175
74	166	0.725334
75	44	0.85304
75	57	0.966174
75	70	0.881741
75	103	1.37058
75	113	0.892771
75	122	0.758688
75	124	0.888046
75	131	1.42564
75	145	0.915601
75	146	1.51011
75	149	0.911541
75	153	0.920801
75	164	0.939312
75	165	0.75572
75	173	0.933455
75	175	0.939501
75	179	0.942427
75	180	1.25391
76	29	0.902143
76	36	1.79244
76	48	0.704905
76	56	0.832561
76	114	1.80295
76	123	0.706005
76	134	0.884475
76	139	1.78142
76	141	0.824516
76	151	0.704698
76	160	0.87289
76	161	0.865364
76	169	0.869752
76	174	0.887744
76	176	0.887057
76	177	0.875636
76	178	0.893896
76	180	0.892642
77	60	0.92118
77	61	1.20417
77	91	1.16019
77	92	0.887856
77	113	1.56132
77	121	0.902559
77	125	0.881758
77	141	0.864685
77	148	0.751957
77	156	0.918116
77	169	0.909921
77	171	0.921848
77	172	1.47895
77	174	0.927913
77	176	0.927226
77	177	0.915805
77	178	0.934065
77	180	0.932811
78	53	0.897286
78	64	0.887269
78	71	0.882026
78	95	0.915926
78	100	1.34095
78	102	0.970443
78	117	0.759113
78	136	1.30649
78	140	0.921055
78	146	0.962573
78	150	0.939793
78	152	0.951566
78	154	0.941236
78	157	0.937022
78	161	1.53398
78	162	0.764838
78	165	0.754551
78	171	1.36941
79	107	0.807867
79	130	0.816132
79	135	0.838915
79	150	1.70966
79	154	1.86435
79	155	0.859244
79	158	0.821117
79	159	0.847167
79	167	0.838357
79	168	1.81502
79	169	0.840443
79	170	0.852349
79	171	0.85237
79	174	0.858435
79	176	0.857748
79	177	0.846327
79	178	0.864586
79	180	0.863333
80	8	0.843665
80	30	0.888215
80	55	0.949164
80	65	1.61627
80	107	0.869251
80	131	0.867142
80	136	0.896587
80	141	0.85659
80	146	1.30206
80	161	0.897438
80	170	0.913733
80	171	0.913754
80	173	1.28823
80	174	0.919818
80	175	1.23053
80	176	0.919131
80	177	0.907711
80	178	0.92597
81	15	0.858515
81	17	1.13426
81	31	0.89511
81	57	0.956036
81	63	1.35573
81	72	0.854427
81	87	0.861688
81	98	0.747557
81	99	0.874679
81	118	0.905873
81	147	0.913119
81	153	0.910663
81	155	1.31829
81	167	1.67287
81	168	0.916905
81	172	0.9115
81	175	0.929362
81	179	0.932289
82	60	0.911327
82	72	1.56349
82	100	0.870278
82	119	1.21145
82	124	1.37746
82	130	0.875758
82	131	0.865384
82	132	0.861168
82	156	0.908263
82	160	0.903206
82	169	0.900068
82	170	0.911974
82	171	0.911995
82	174	0.91806
82	175	1.15151
82	177	0.905952
82	178	0.924212
82	180	0.922958
83	19	0.769426
83	48	0.559818
83	98	0.566232
83	106	0.729585
83	125	0.696502
83	126	0.561267
83	127	0.693723
83	134	0.739388
83	148	0.5667
83	150	0.749499
83	152	0.761272
83	172	0.730175
83	173	0.741991
83	175	0.748037
83	177	0.730549
83	179	0.750964
83	180	0.747555
84	3	0.884889
84	91	1.81321
84	100	0.803601
84	107	0.800816
84	110	0.808634
84	117	0.677545
84	131	0.798707
84	137	0.846546
84	150	1.70701
84	155	0.852192
84	156	0.841586
84	161	0.829003
84	164	1.8755
84	170	0.845298
84	171	0.845318
84	176	0.850696
84	178	0.857535
84	180	0.856282
85	16	0.835547
85	30	0.891822
85	67	1.42079
85	74	1.76397
85	105	1.08071
85	155	0.924235
85	156	0.913629
85	158	0.886108
85	159	0.912158
85	160	0.908572
85	164	1.04155
85	167	0.903348
85	169	0.905434
85	170	0.91734
85	176	0.922739
85	177	0.911318
85	178	0.929578
85	180	0.928324
86	10	0.944975
86	50	0.873845
86	60	1.16664
86	99	0.86427
86	105	0.895766
86	106	1.80165
86	110	1.49864
86	118	0.895465
86	124	0.867499
86	139	0.93988
86	142	0.91197
86	153	0.900254
86	155	1.15074
86	163	0.731235
86	168	0.906497
86	172	0.901092
86	173	0.912908
86	179	0.921881
87	23	0.888871
87	26	0.815211
87	33	0.861374
87	36	0.863115
87	81	0.861688
87	94	1.78627
87	117	0.696385
87	143	0.835059
87	145	0.851703
87	147	0.85936
87	162	0.70211
87	164	0.875414
87	168	0.863146
87	172	0.857741
87	173	0.869557
87	176	1.7458
87	177	2.04306
87	179	0.87853
88	12	1.6203
88	27	0.767011
88	68	2.01355
88	117	0.692467
88	132	0.809413
88	134	0.863037
88	137	0.861468
88	155	0.867114
88	156	0.856508
88	159	0.855038
88	169	0.848313
88	170	0.86022
88	171	0.860241
88	174	0.866305
88	175	1.77923
88	176	0.865618
88	177	0.854198
88	178	0.872457
89	20	0.921116
89	24	1.93136
89	30	1.27009
89	47	0.866056
89	51	0.901774
89	64	0.869967
89	67	0.859664
89	71	0.864723
89	93	0.897973
89	95	0.898623
89	102	0.95314
89	106	0.902577
89	128	0.732636
89	140	0.903752
89	144	0.894011
89	157	0.919719
89	160	1.23144
89	162	0.747535
89	170	1.32798
90	23	0.923255
90	24	1.85284
90	36	0.897499
90	58	0.858611
90	102	1.11737
90	119	0.885436
90	126	0.723217
90	127	0.855673
90	133	0.892891
90	143	0.869443
90	147	0.893744
90	149	0.882028
90	158	1.55022
90	164	0.909799
90	168	0.89753
90	170	1.24947
90	173	0.903942
90	175	0.909988
90	179	0.912914
91	1	0.855517
91	2	0.941308
91	33	0.905753
91	77	1.16019
91	84	1.81321
91	110	1.50824
91	112	0.863422
91	113	0.873252
91	127	0.865667
91	143	0.879437
91	149	0.892022
91	153	0.901282
91	156	1.2805
91	162	0.746488
91	168	0.907524
91	172	0.90212
91	173	0.913936
91	175	0.919982
91	179	0.922908
92	30	0.860857
92	31	1.34076
92	40	0.879941
92	53	1.47765
92	55	0.921806
92	77	0.887856
92	121	0.867106
92	131	0.839785
92	135	0.872941
92	136	0.869229
92	140	1.43377
92	156	0.882664
92	159	0.881193
92	164	1.38927
92	167	0.872383
92	170	0.886375
92	176	0.891774
92	178	0.898612
92	180	0.897359
93	20	0.92031
93	35	0.845336
93	45	0.902796
93	54	1.65938
93	69	0.901514
93	89	0.897973
93	95	0.897816
93	96	0.732179
93	104	0.870655
93	138	0.742383
93	140	0.902945
93	144	0.893205
93	146	0.944463
93	150	0.921684
93	151	0.731796
93	156	1.45048
93	157	0.918913
93	165	0.736442
93	169	1.47997
93	178	1.44109
94	6	0.826829
94	10	1.16919
94	33	1.49775
94	58	1.54679
94	87	1.78627
94	108	0.853164
94	125	0.857586
94	134	0.900473
94	136	0.88051
94	155	0.90455
94	161	0.881361
94	166	0.718971
94	167	0.883664
94	169	0.885749
94	170	0.897656
94	174	0.903741
94	176	0.903054
94	177	0.891634
94	178	0.909893
94	180	0.90864
95	37	0.843957
95	45	0.903445
95	67	0.859507
95	68	0.881349
95	78	0.915926
95	89	0.898623
95	93	0.897816
95	106	0.90242
95	126	0.734101
95	140	0.903595
95	150	0.922333
95	151	0.732445
95	152	0.934106
95	154	0.923776
95	155	1.31469
95	157	0.919562
95	159	1.4721
95	162	0.747378
95	167	1.66927
95	179	1.70762
96	43	0.726227
96	52	0.567429
96	93	0.732179
96	113	0.708505
96	114	0.752734
96	118	0.731746
96	122	0.574422
96	138	0.577395
96	141	0.686626
96	154	0.758139
96	157	0.753925
96	162	0.581741
96	165	0.571455
96	169	0.731863
96	171	0.74379
96	173	0.749189
96	176	0.749168
96	179	0.758161
96	180	0.754753
97	11	1.52872
97	18	1.36163
97	40	0.891882
97	54	0.849883
97	73	0.857341
97	110	0.861653
97	134	0.901134
97	138	0.731943
97	144	1.60684
97	153	1.31574
97	158	0.867085
97	160	0.889549
97	167	0.884325
97	169	0.886411
97	170	0.898317
97	171	0.898338
97	174	0.904403
97	176	0.903716
97	177	0.892295
97	178	0.910554
98	26	0.70108
98	39	0.729096
98	81	0.747557
98	83	0.566232
98	117	0.582254
98	128	0.57308
98	137	0.751255
98	144	0.734455
98	148	0.580136
98	150	0.762934
98	151	0.573046
98	152	0.774707
98	154	0.764377
98	166	0.571322
98	167	0.736015
98	172	0.74361
98	175	0.761473
98	177	0.743985
98	178	0.762244
98	179	0.764399
99	11	0.79778
99	39	0.856217
99	81	0.874679
99	86	0.86427
99	114	0.886093
99	116	1.88583
99	125	1.28078
99	133	0.871498
99	139	0.90952
99	145	0.864694
99	149	0.860635
99	151	0.700167
99	153	0.869894
99	158	1.81506
99	164	0.888405
99	168	0.876137
99	172	0.870732
99	173	0.882548
99	174	1.40053
99	175	0.888594
99	179	0.891521
100	8	0.808582
100	14	0.914946
100	78	1.34095
100	82	0.870278
100	84	0.803601
100	118	1.47155
100	129	0.881249
100	132	0.827844
100	149	1.67694
100	154	1.5326
100	156	0.874938
100	158	0.847418
100	159	0.873468
100	161	0.862355
100	167	0.864658
100	169	0.866743
100	171	0.878671
100	174	0.884735
100	176	0.884048
100	178	0.890887
100	180	0.889634
101	25	0.657591
101	52	0.570498
101	71	0.701998
101	74	0.730511
101	112	0.701744
101	115	0.731978
101	117	0.579085
101	126	0.571534
101	128	0.569911
101	146	0.782545
101	154	0.761208
101	157	0.756994
101	164	0.758115
101	166	0.568153
101	169	0.734932
101	170	0.746838
101	175	0.758304
101	176	0.752237
101	178	0.759075
101	179	0.761231
101	180	0.757822
102	37	0.898474
102	43	0.94638
102	49	0.927689
102	67	0.914024
102	69	0.95668
102	78	0.970443
102	89	0.95314
102	90	1.11737
102	104	0.925822
102	107	1.45167
102	126	0.788618
102	128	0.786996
102	140	0.958112
102	144	0.948371
102	146	0.99963
102	154	0.978293
102	163	0.78767
102	166	0.785238
102	170	1.30437
102	177	1.24547
102	180	1.22025
103	2	1.40965
103	67	1.96329
103	75	1.37058
103	108	0.822521
103	121	0.847744
103	129	0.869612
103	130	0.830796
103	134	0.86983
103	137	0.868261
103	155	0.873907
103	159	0.861831
103	160	0.858245
103	169	0.855107
103	170	0.867013
103	171	0.867034
103	174	0.873098
103	175	1.56956
103	176	0.872412
103	177	0.860991
103	178	0.87925
103	180	0.877997
104	37	0.816796
104	43	0.864703
104	45	0.876284
104	47	0.838738
104	53	0.852665
104	69	0.875003
104	74	0.865918
104	93	0.870655
104	102	0.925822
104	110	1.86103
104	123	0.706591
104	126	0.706941
104	140	0.876434
104	144	0.866693
104	146	0.917952
104	151	0.705284
104	152	0.906945
104	154	0.896615
104	155	1.51313
104	157	0.892401
104	169	1.66279
104	180	1.75788
105	28	1.13351
105	34	0.90628
105	58	0.868713
105	85	1.08071
105	86	0.895766
105	112	0.86353
105	113	0.87336
105	115	0.893764
105	139	0.941015
105	142	0.913106
105	143	0.879545
105	145	0.89619
105	149	0.89213
105	153	0.90139
105	164	0.919901
105	168	0.907632
105	171	1.61401
105	172	0.902227
105	174	1.47687
105	175	0.92009
105	178	1.37255
105	179	0.923016
106	20	0.924914
106	37	0.847911
106	47	0.869853
106	49	0.877126
106	51	0.905572
106	56	1.81128
106	63	1.46708
106	71	0.86852
106	83	0.729585
106	86	1.80165
106	89	0.902577
106	95	0.90242
106	109	0.73351
106	126	0.738056
106	148	0.743489
106	150	0.926288
106	151	0.736399
106	152	0.938061
106	154	0.92773
106	157	0.923516
106	163	0.737107
106	178	1.54041
107	24	0.79909
107	79	0.807867
107	80	0.869251
107	84	0.800816
107	102	1.45167
107	116	0.824122
107	121	0.856595
107	132	0.825058
107	135	0.86243
107	149	1.82932
107	156	0.872153
107	158	0.844632
107	160	0.867096
107	167	0.861872
107	168	1.63566
107	171	0.875885
107	174	0.88195
107	175	1.6843
107	176	0.881263
107	177	0.869842
107	178	0.888101
107	180	0.886848
108	21	1.79614
108	30	0.850336
108	55	0.911285
108	94	0.853164
108	103	0.822521
108	132	0.825048
108	134	0.878671
108	136	0.858709
108	155	0.882749
108	158	0.844622
108	161	0.85956
108	163	0.699601
108	164	1.63867
108	167	0.861862
108	169	0.863948
108	170	0.875854
108	171	0.875875
108	175	1.62419
108	177	0.869832
108	178	0.888092
108	179	1.5877
108	180	0.886838
109	74	0.724169
109	106	0.73351
109	115	0.725636
109	117	0.572743
109	143	0.711417
109	146	0.776203
109	148	0.570625
109	149	0.724002
109	154	0.754866
109	157	0.750652
109	160	0.731728
109	162	0.578468
109	165	0.568181
109	166	0.561811
109	170	0.740496
109	171	0.740517
109	172	0.734099
109	175	0.751961
109	176	0.745894
109	177	0.734474
109	179	0.754888
110	7	0.934408
110	60	0.883035
110	84	0.808634
110	86	1.49864
110	91	1.50824
110	97	0.861653
110	104	1.86103
110	119	1.61599
110	128	0.706755
110	155	0.890577
110	156	0.879971
110	158	0.852451
110	161	0.867388
110	166	0.704998
110	167	0.869691
110	169	0.871776
110	171	0.883703
110	174	0.889768
110	176	0.889081
110	177	0.87766
110	178	0.89592
110	180	0.894667
111	6	0.796769
111	35	2.00288
111	115	1.57584
111	124	1.64682
111	129	0.870196
111	134	0.870413
111	135	0.854162
111	136	0.850451
111	137	0.868845
111	156	0.863885
111	158	0.836365
111	159	0.862415
111	160	0.858829
111	161	0.851302
111	162	0.705569
111	167	0.853605
111	168	1.37221
111	169	0.85569
111	171	0.867617
111	177	0.861574
111	178	0.879834
111	180	0.87858
112	44	0.800257
112	58	0.835341
112	61	0.89933
112	65	0.827092
112	72	0.811782
112	91	0.863422
112	101	0.701744
112	105	0.86353
112	113	0.839988
112	119	0.862166
112	125	1.71689
112	127	0.832403
112	133	0.869621
112	136	1.91087
112	139	0.907643
112	149	0.858758
112	162	0.713224
112	172	0.868855
112	173	0.880671
112	175	0.886718
112	176	1.59425
112	178	1.73233
112	179	0.889644
113	34	0.882738
113	39	0.864171
113	52	0.708742
113	61	0.909161
113	75	0.892771
113	77	1.56132
113	91	0.873252
113	96	0.708505
113	105	0.87336
113	112	0.839988
113	119	0.871997
113	133	0.879452
113	135	1.80394
113	147	0.880304
113	148	0.715211
113	151	0.708121
113	168	0.884091
113	170	1.89034
113	172	0.878686
113	173	0.890502
113	175	0.896548
113	178	1.67225
113	179	0.899475
114	4	0.852334
114	18	0.950766
114	21	0.859175
114	55	1.06247
114	70	0.883017
114	76	1.80295
114	96	0.752734
114	99	0.886093
114	116	1.59849
114	119	0.916225
114	120	0.744416
114	121	1.35853
114	133	0.92368
114	139	0.961702
114	143	0.900232
114	147	0.924533
114	149	0.912817
114	164	0.940588
114	166	0.750626
114	168	0.928319
114	175	0.940777
114	178	1.00888
114	179	0.943703
115	2	0.938278
115	17	1.17909
115	21	0.835351
115	33	0.902723
115	101	0.731978
115	105	0.893764
115	109	0.725636
115	111	1.57584
115	118	0.893463
115	127	0.862638
115	132	1.46312
115	139	0.937878
115	143	0.876408
115	145	0.893052
115	147	0.900709
115	153	0.898252
115	164	0.916763
115	168	0.904495
115	172	0.89909
115	173	0.910906
115	175	0.916952
115	177	1.63308
115	178	1.4739
115	179	0.919879
116	38	0.866016
116	62	0.807186
116	99	1.88583
116	107	0.824122
116	114	1.59849
116	125	0.828535
116	129	0.871203
116	131	0.822014
116	136	0.851459
116	139	1.57696
116	147	2.0247
116	158	0.837372
116	159	0.863423
116	161	0.85231
116	165	0.69629
116	166	0.689919
116	167	0.854612
116	169	0.856698
116	171	0.868625
116	174	0.87469
116	176	0.874003
116	177	0.862582
116	178	0.880842
116	180	0.879588
117	37	0.687144
117	63	0.792157
117	65	0.704433
117	72	0.689123
117	78	0.759113
117	84	0.677545
117	87	0.696385
117	88	0.692467
117	98	0.582254
117	101	0.579085
117	109	0.572743
117	120	0.567698
117	140	0.746782
117	146	0.7883
117	150	0.765521
117	151	0.575632
117	152	0.777294
117	163	0.57634
117	164	0.76387
117	172	0.746197
117	174	0.758679
117	175	0.764059
117	178	0.764831
117	179	0.766986
117	180	0.763577
118	1	0.855324
118	11	0.828974
118	26	0.859396
118	33	0.905559
118	50	0.87468
118	57	0.946462
118	72	0.844853
118	81	0.905873
118	86	0.895465
118	96	0.731746
118	100	1.47155
118	115	0.893463
118	124	0.868334
118	127	0.865474
118	131	1.56424
118	142	0.912805
118	145	0.895888
118	158	1.77738
118	165	0.736008
118	168	0.907331
118	171	1.5
118	172	0.901926
118	173	0.913742
118	179	0.922715
118	180	1.39252
119	34	0.904917
119	57	0.9454
119	65	0.8591
119	82	1.21145
119	90	0.885436
119	110	1.61599
119	112	0.862166
119	113	0.871997
119	114	0.916225
119	120	0.722366
119	126	0.731956
119	127	0.864412
119	131	1.68457
119	133	0.90163
119	138	0.740887
119	139	0.939652
119	151	0.7303
119	160	1.50041
119	164	0.918537
119	168	0.906269
119	171	1.62032
119	172	0.900864
119	173	0.91268
119	175	0.918726
119	179	0.921653
120	14	0.771747
120	38	0.732863
120	41	0.556838
120	43	0.717909
120	49	0.699217
120	68	0.707395
120	114	0.744416
120	117	0.567698
120	119	0.722366
120	123	0.559798
120	124	0.695462
120	130	0.699235
120	139	0.767843
120	140	0.72964
120	141	0.678309
120	143	0.706373
120	150	0.748379
120	157	0.745607
120	162	0.573424
120	165	0.563137
120	171	0.735472
120	172	0.729055
120	177	0.729429
120	178	0.747689
120	179	0.749844
120	180	0.746435
121	14	0.937373
121	24	0.824303
121	45	1.40668
121	73	0.860101
121	77	0.902559
121	92	0.867106
121	103	0.847744
121	107	0.856595
121	114	1.35853
121	126	0.725773
121	129	0.903677
121	135	0.887643
121	139	1.337
121	154	1.66925
121	156	0.897366
121	159	0.895896
121	160	0.892309
121	163	0.724824
121	165	0.728763
121	167	0.887085
121	172	1.93953
121	174	0.907163
121	176	0.906476
121	177	0.895055
121	178	0.913315
121	180	0.912061
122	41	0.572385
122	74	0.734672
122	75	0.758688
122	96	0.574422
122	137	0.752247
122	138	0.584625
122	146	0.786706
122	150	0.763926
122	151	0.574038
122	153	0.743765
122	154	0.765369
122	157	0.761155
122	159	0.745817
122	162	0.588971
122	163	0.574746
122	165	0.578684
122	166	0.572314
122	168	0.750007
122	169	0.739092
122	170	0.750999
122	172	0.744602
122	173	0.756418
122	175	0.762465
122	176	0.756397
122	179	0.765391
122	180	0.761983
123	21	0.674557
123	32	0.753101
123	42	0.75224
123	57	0.782831
123	67	0.694793
123	74	0.728366
123	76	0.706005
123	104	0.706591
123	120	0.559798
123	137	0.745941
123	144	0.729141
123	148	0.574821
123	149	0.728199
123	151	0.567732
123	152	0.769393
123	160	0.735924
123	162	0.582665
123	163	0.568439
123	165	0.572378
123	171	0.744713
123	172	0.738296
123	173	0.750112
123	174	0.750778
123	175	0.756158
123	178	0.75693
123	179	0.759085
124	1	0.827358
124	4	0.80338
124	10	0.917844
124	18	0.901812
124	32	0.888765
124	36	0.879334
124	44	0.805362
124	50	0.846714
124	75	0.888046
124	82	1.37746
124	86	0.867499
124	111	1.64682
124	118	0.868334
124	120	0.695462
124	137	1.56815
124	139	0.912749
124	142	0.884839
124	145	0.867923
124	147	0.875579
124	155	1.4341
124	158	2.06372
124	164	0.891634
124	165	0.708043
124	168	0.879366
124	173	0.885777
124	175	0.891823
124	179	0.89475
125	25	2.24569
125	30	0.854758
125	54	0.831843
125	59	0.833157
125	60	0.879629
125	73	0.8393
125	77	0.881758
125	83	0.696502
125	94	0.857586
125	99	1.28078
125	112	1.71689
125	116	0.828535
125	129	0.882875
125	131	0.833686
125	135	0.866842
125	149	1.4485
125	155	0.887171
125	158	0.849044
125	159	0.875095
125	161	0.863982
125	164	1.31797
125	170	0.880276
125	171	0.880297
125	174	0.886362
125	176	0.885675
125	177	0.874254
125	180	0.89126
126	7	0.795767
126	21	0.674906
126	46	0.557619
126	74	0.728715
126	83	0.561267
126	90	0.723217
126	95	0.734101
126	101	0.571534
126	102	0.788618
126	104	0.706941
126	106	0.738056
126	119	0.731956
126	121	0.725773
126	133	0.739411
126	138	0.578668
126	147	0.740264
126	150	0.757969
126	153	0.737808
126	158	0.71381
126	159	0.73986
126	161	0.728747
126	162	0.583014
126	163	0.568788
126	166	0.566357
126	167	0.73105
126	178	0.757279
126	179	0.759434
126	180	0.756026
127	3	1.25625
127	15	0.818116
127	26	0.828571
127	31	0.85471
127	32	0.885906
127	38	1.65333
127	83	0.693723
127	90	0.855673
127	91	0.865667
127	112	0.832403
127	115	0.862638
127	118	0.865474
127	119	0.864412
127	132	1.85227
127	133	0.871867
127	137	1.88632
127	142	0.881979
127	145	0.865063
127	149	0.861004
127	153	0.870263
127	162	0.71547
127	164	0.888774
127	168	0.876506
127	172	0.871101
127	173	0.882917
127	175	0.888963
127	176	1.72497
127	179	0.89189
128	7	0.794144
128	36	0.742396
128	37	0.67797
128	44	0.668424
128	66	0.559612
128	89	0.732636
128	98	0.57308
128	101	0.569911
128	102	0.786996
128	110	0.706755
128	138	0.577045
128	139	0.77581
128	140	0.737608
128	143	0.71434
128	146	0.779126
128	147	0.738641
128	155	0.750313
128	157	0.753575
128	163	0.567166
128	165	0.571104
128	166	0.564734
128	167	0.729427
128	174	0.749504
128	175	0.754885
128	177	0.737397
128	178	0.755656
128	179	0.757811
128	180	0.754403
129	5	0.863434
129	27	0.829736
129	28	0.914195
129	49	1.46814
129	61	1.35714
129	100	0.881249
129	103	0.869612
129	111	0.870196
129	116	0.871203
129	121	0.903677
129	125	0.882875
129	134	0.925762
129	142	1.31692
129	146	1.43249
129	148	0.753074
129	153	1.46682
129	155	0.92984
129	159	0.917764
129	160	0.914177
129	167	0.908953
129	168	1.31231
129	169	0.911039
129	170	0.922945
129	171	0.922966
129	176	0.928344
129	177	0.916923
129	178	0.935183
129	180	0.933929
130	23	1.51248
130	29	0.904614
130	30	0.858612
130	38	0.881541
130	47	1.80803
130	79	0.816132
130	82	0.875758
130	103	0.830796
130	120	0.699235
130	131	0.837539
130	132	0.833323
130	133	1.71273
130	135	0.870695
130	136	0.866984
130	141	0.826987
130	148	0.714258
130	151	0.707169
130	152	1.77531
130	159	0.878948
130	163	0.707876
130	167	0.870137
130	169	0.872223
130	170	0.884129
130	171	0.88415
130	174	0.890215
130	175	1.75301
130	177	0.878107
130	178	0.896367
130	180	0.895113
131	35	2.20664
131	52	0.697416
131	60	0.873108
131	63	0.913319
131	75	1.42564
131	80	0.867142
131	82	0.865384
131	84	0.798707
131	92	0.839785
131	116	0.822014
131	118	1.56424
131	119	1.68457
131	125	0.833686
131	130	0.837539
131	134	0.876573
131	137	0.875004
131	145	1.70967
131	155	0.88065
131	159	0.868574
131	165	0.701441
131	167	0.859764
131	169	0.861849
131	170	0.873756
131	171	0.873777
131	174	0.879841
131	176	0.879154
131	177	0.867734
131	178	0.885993
131	180	0.88474
132	37	2.20308
132	39	1.47966
132	59	0.822421
132	62	0.808122
132	63	0.909104
132	67	1.70187
132	82	0.861168
132	88	0.809413
132	100	0.827844
132	107	0.825058
132	108	0.825048
132	115	1.46312
132	127	1.85227
132	130	0.833323
132	134	0.872357
132	137	0.870788
132	141	0.812397
132	155	0.876434
132	158	0.838308
132	159	0.864358
132	161	0.853245
132	162	0.707512
132	167	0.855548
132	169	0.857633
132	170	0.86954
132	176	0.874938
132	177	0.863518
132	178	0.881777
132	180	0.880524
133	18	0.936171
133	62	1.64566
133	63	1.2053
133	72	0.851246
133	90	0.892891
133	99	0.871498
133	112	0.869621
133	113	0.879452
133	114	0.92368
133	119	0.90163
133	126	0.739411
133	127	0.871867
133	130	1.71273
133	142	0.919198
133	143	0.885637
133	147	0.909938
133	148	0.744845
133	149	0.898222
133	153	0.907482
133	162	0.752688
133	164	0.925992
133	168	0.913724
133	169	1.31752
133	171	1.5201
133	172	0.908319
133	173	0.920135
133	174	1.38296
133	175	0.926181
133	179	0.929108
134	5	0.863652
134	31	1.46698
134	42	1.55027
134	59	0.876044
134	66	0.739357
134	76	0.884475
134	83	0.739388
134	88	0.863037
134	94	0.900473
134	97	0.901134
134	103	0.86983
134	108	0.878671
134	111	0.870413
134	129	0.925762
134	131	0.876573
134	132	0.872357
134	135	0.909729
134	142	1.45696
134	157	1.41269
134	158	0.891931
134	159	0.917981
134	164	1.51549
134	166	0.744478
134	169	0.911257
134	170	0.923163
134	171	0.923184
134	174	0.929249
134	175	1.501
134	177	0.917141
134	180	0.934147
135	32	1.39828
135	40	0.900477
135	59	0.859793
135	60	0.906264
135	70	1.72438
135	79	0.838915
135	92	0.872941
135	107	0.86243
135	111	0.854162
135	113	1.80394
135	121	0.887643
135	125	0.866842
135	130	0.870695
135	134	0.909729
135	138	0.740538
135	150	1.2966
135	156	0.9032
135	157	1.36229
135	159	0.90173
135	160	0.898144
135	161	0.890617
135	162	0.744884
135	167	0.89292
135	169	0.895005
135	174	0.912997
135	176	0.91231
135	177	0.90089
135	178	0.919149
135	179	1.41412
135	180	0.917896
136	14	0.939496
136	27	0.809991
136	29	0.923685
136	34	1.46777
136	47	1.55248
136	57	1.35579
136	78	1.30649
136	80	0.896587
136	92	0.869229
136	94	0.88051
136	108	0.858709
136	111	0.850451
136	112	1.91087
136	116	0.851459
136	130	0.866984
136	141	0.846058
136	158	0.871968
136	159	0.898019
136	160	0.894432
136	165	0.730886
136	167	0.889208
136	169	0.891294
136	170	0.9032
136	171	0.903221
136	174	0.909286
136	176	0.908599
136	177	0.897178
136	178	0.915438
136	179	1.46097
136	180	0.914184
137	34	1.3125
137	56	0.872497
137	73	0.880619
137	84	0.846546
137	88	0.861468
137	98	0.751255
137	103	0.868261
137	111	0.868845
137	122	0.752247
137	123	0.745941
137	124	1.56815
137	127	1.88632
137	131	0.875004
137	132	0.870788
137	155	0.928489
137	158	0.890363
137	159	0.916413
137	160	0.912827
137	161	0.9053
137	167	0.907603
137	168	1.29355
137	169	0.909688
137	170	0.921595
137	172	1.61316
137	173	1.39989
137	174	0.92768
137	176	0.926993
137	177	0.915573
137	178	0.933832
137	180	0.932579
138	35	0.690552
138	52	0.577633
138	53	0.724392
138	61	0.778051
138	66	0.570166
138	71	0.709132
138	93	0.742383
138	96	0.577395
138	97	0.731943
138	119	0.740887
138	122	0.584625
138	126	0.578668
138	128	0.577045
138	135	0.740538
138	140	0.748161
138	142	0.758455
138	144	0.738421
138	146	0.789679
138	157	0.764129
138	164	0.765249
138	165	0.581658
138	166	0.575287
138	169	0.742066
138	172	0.747576
138	174	0.760058
138	175	0.765438
138	176	0.759371
138	178	0.76621
138	179	0.768365
138	180	0.764956
139	39	0.931827
139	46	0.765315
139	55	1.04094
139	58	0.912827
139	69	1.04477
139	76	1.78142
139	86	0.93988
139	99	0.90952
