1	7	0.665101
1	9	0.756575
1	10	0.748186
1	15	0.728438
1	17	0.728438
1	29	0.709748
1	36	0.710123
1	122	0.7691
1	123	0.725839
1	167	3.48016
1	175	3.80466
1	177	0.671056
2	115	0.598952
2	136	0.659702
2	161	0.625369
2	168	0.614639
2	169	0.611095
2	171	0.595306
2	172	0.608929
2	175	0.6046
2	176	0.591257
2	178	0.575215
2	179	0.567607
2	180	0.5524
3	91	4.60519
3	92	0.742709
3	99	0.723412
3	108	0.713186
3	113	0.715849
3	117	0.711729
3	118	0.710084
3	120	0.703671
3	126	0.720459
3	128	0.720437
3	159	0.722787
3	174	2.97111
4	19	0.824872
4	21	0.83441
4	39	0.799334
4	41	0.80028
4	46	0.80062
4	53	0.784329
4	63	0.783299
4	68	0.81757
4	151	2.99654
4	160	2.13
4	165	2.80621
4	167	0.780508
5	6	1.83456
5	73	0.813323
5	76	0.808449
5	86	0.795173
5	101	0.800805
5	105	1.10149
5	110	0.77767
5	119	0.792021
5	121	0.81618
5	132	0.813737
5	140	0.791584
5	178	5.36757
6	5	1.83456
6	128	1.74191
6	155	0.776135
6	162	0.777483
6	167	0.754875
6	173	0.692547
6	174	0.708979
6	175	0.723195
6	176	0.709852
6	178	0.69381
6	179	0.686202
6	180	0.670995
7	1	0.665101
7	9	0.75464
7	14	0.745624
7	15	0.726503
7	17	0.726503
7	29	0.707813
7	36	0.708188
7	112	2.17015
7	122	0.767165
7	123	0.723904
7	176	4.96041
7	177	0.669121
8	72	0.725062
8	96	0.744641
8	101	0.705762
8	110	0.682626
8	119	0.696978
8	121	0.721137
8	122	0.773851
8	132	0.718694
8	137	0.718364
8	140	0.69654
8	161	3.49736
8	165	3.43966
9	1	0.756575
9	7	0.75464
9	15	0.817977
9	17	0.817977
9	24	1.22308
9	29	0.799287
9	36	0.799662
9	122	0.858639
9	123	0.815378
9	157	3.41356
9	162	3.2131
9	177	0.760595
10	1	0.748186
10	14	0.828708
10	15	0.809587
10	17	0.809587
10	29	0.790898
10	36	0.791272
10	122	0.85025
10	123	0.806989
10	135	2.19838
10	162	2.20312
10	175	3.76762
10	177	0.752205
11	56	2.67441
11	92	0.822488
11	102	0.795471
11	111	0.801351
11	117	0.791509
11	118	0.789863
11	120	0.78345
11	126	0.800238
11	128	0.800216
11	142	2.23625
11	159	0.802566
11	175	3.4422
12	34	2.16034
12	59	0.768004
12	89	0.753552
12	108	0.705917
12	111	0.714303
12	113	0.70858
12	117	0.704461
12	118	0.702815
12	120	0.696402
12	126	0.71319
12	128	0.713168
12	175	4.96375
13	95	1.63783
13	102	0.955088
13	143	0.747788
13	144	0.75665
13	157	0.768085
13	168	0.734185
13	174	0.70993
13	175	0.724146
13	176	0.710803
13	178	0.694761
13	179	0.687153
13	180	0.671946
14	7	0.745624
14	10	0.828708
14	15	0.80896
14	17	0.80896
14	29	0.790271
14	36	0.790645
14	122	0.849623
14	123	0.806362
14	127	1.84876
14	143	3.3672
14	154	2.88809
14	177	0.751578
15	1	0.728438
15	7	0.726503
15	9	0.817977
15	10	0.809587
15	14	0.80896
15	29	0.77115
15	36	0.771524
15	122	0.830502
15	123	0.78724
15	124	1.18328
15	144	2.3302
15	166	5.30935
15	177	0.732457
16	52	1.16725
16	93	0.253772
16	123	0.692783
16	161	0.810926
16	162	0.844446
16	171	0.780863
16	172	0.794486
16	173	0.75951
16	174	0.775941
16	176	0.776814
16	178	0.760773
16	179	0.753165
16	180	0.737957
17	1	0.728438
17	7	0.726503
17	9	0.817977
17	10	0.809587
17	14	0.80896
17	29	0.77115
17	34	1.41481
17	36	0.771524
17	122	0.830502
17	123	0.78724
17	149	4.34469
17	172	2.88125
17	177	0.732457
18	54	0.758389
18	58	0.754344
18	66	0.803338
18	67	0.80585
18	74	0.770597
18	87	0.761505
18	88	0.810578
18	112	1.80211
18	132	0.781066
18	137	0.780736
18	140	0.758912
18	151	3.31387
18	158	3.36096
19	4	0.824872
19	21	0.800709
19	28	0.789599
19	39	0.765634
19	40	0.767901
19	46	0.76692
19	51	0.815456
19	53	0.750629
19	68	0.78387
19	147	3.06344
19	167	0.746808
19	168	3.30371
19	170	2.45844
20	65	0.825678
20	81	0.784311
20	93	0.810774
20	97	0.763748
20	103	0.783187
20	104	0.78426
20	138	0.781057
20	147	2.75558
20	150	0.75023
20	159	0.784891
20	164	0.728574
20	175	2.88471
20	176	3.15266
21	4	0.83441
21	19	0.800709
21	24	1.27372
21	28	0.799137
21	34	2.02485
21	39	0.775172
21	40	0.777439
21	41	0.776118
21	53	0.760167
21	63	0.759137
21	68	0.793408
21	167	0.756346
21	176	5.0962
22	62	0.767747
22	99	0.783696
22	102	0.775976
22	107	0.77901
22	111	0.781856
22	113	0.776133
22	117	0.772013
22	126	0.780743
22	128	0.780721
22	141	2.41837
22	159	0.783071
22	171	3.89526
22	176	2.62406
23	73	1.71615
23	104	1.1959
23	114	0.71665
23	156	0.767077
23	162	0.766835
23	170	0.729786
23	171	0.703253
23	173	0.681899
23	175	0.712547
23	176	0.699204
23	178	0.683162
23	179	0.675554
23	180	0.660347
24	9	1.22308
24	21	1.27372
24	53	1.6699
24	155	0.841339
24	161	0.809168
24	166	0.765423
24	169	0.794894
24	174	0.774183
24	175	0.788399
24	176	0.775056
24	178	0.759015
24	179	0.751406
24	180	0.736199
25	28	0.92231
25	38	1.43078
25	126	0.487004
25	133	0.8652
25	144	0.794005
25	158	0.788294
25	169	0.767996
25	172	0.765829
25	174	0.747285
25	175	0.761501
25	176	0.748158
25	178	0.732116
25	179	0.724508
25	180	0.709301
26	42	0.760478
26	45	0.759218
26	54	0.747494
26	58	0.743449
26	66	0.792443
26	87	0.75061
26	88	0.799683
26	132	0.77017
26	137	0.769841
26	138	0.762575
26	139	2.98196
26	140	0.748017
26	150	3.03676
26	155	2.98658
27	78	0.695486
27	85	0.682133
27	86	0.680364
27	90	0.719533
27	96	0.724875
27	109	0.705943
27	110	0.66286
27	119	0.677212
27	121	0.701371
27	122	0.754085
27	125	0.696741
27	135	3.99086
27	137	0.698599
27	160	3.68302
28	19	0.789599
28	21	0.799137
28	25	0.92231
28	39	0.764061
28	40	0.766329
28	41	0.765008
28	46	0.765348
28	53	0.749056
28	63	0.748026
28	68	0.782297
28	74	2.42553
28	83	0.76958
28	143	4.31541
28	167	0.745235
29	1	0.709748
29	7	0.707813
29	9	0.799287
29	10	0.790898
29	14	0.790271
29	15	0.77115
29	17	0.77115
29	36	0.752835
29	122	0.811812
29	123	0.768551
29	131	3.75467
29	148	1.99476
29	161	3.02675
29	177	0.713768
30	56	0.72728
30	79	1.82492
30	87	0.722718
30	88	0.771791
30	117	1.24342
30	137	0.741949
30	138	0.734683
30	140	0.720125
30	172	0.685724
30	175	0.681396
30	176	0.668052
30	178	0.652011
30	179	0.644403
30	180	0.629195
31	44	0.713956
31	49	0.712378
31	60	0.693282
31	65	0.744531
31	79	0.707388
31	93	0.729628
31	103	0.70204
31	104	0.703113
31	134	0.689314
31	150	0.669084
31	159	0.703744
31	164	0.647428
31	176	3.19496
31	178	4.8262
32	72	0.773846
32	73	0.767064
32	78	0.764036
32	95	0.782839
32	98	2.67506
32	109	0.774494
32	110	0.731411
32	119	0.745762
32	121	0.769921
32	123	0.779374
32	137	0.767149
32	140	0.745325
32	144	2.20947
32	178	4.64065
33	87	0.693516
33	132	0.8774
33	159	0.571279
33	163	0.755741
33	168	0.78929
33	169	0.785746
33	172	0.783579
33	173	0.748603
33	174	0.765035
33	175	0.779251
33	176	0.765908
33	178	0.749866
33	179	0.742258
33	180	0.727051
34	12	2.16034
34	17	1.41481
34	21	2.02485
34	158	0.804784
34	163	0.75448
34	170	0.795229
34	171	0.768696
34	173	0.747342
34	174	0.763774
34	175	0.77799
34	176	0.764647
34	178	0.748605
34	179	0.740997
34	180	0.72579
35	75	0.769427
35	89	0.801916
35	107	0.759822
35	108	0.754282
35	111	0.762668
35	117	0.752825
35	118	0.75118
35	120	0.744767
35	126	0.761555
35	128	0.761532
35	133	1.18671
35	153	1.5062
35	159	0.763883
35	180	6.91943
36	1	0.710123
36	7	0.708188
36	9	0.799662
36	10	0.791272
36	14	0.790645
36	15	0.771524
36	17	0.771524
36	29	0.752835
36	69	2.50464
36	122	0.812187
36	123	0.768926
36	127	2.81472
36	165	3.52868
36	177	0.714142
37	52	0.776647
37	81	0.773701
37	93	0.800164
37	97	0.753138
37	98	0.753794
37	103	0.772576
37	104	0.773649
37	116	3.84325
37	134	0.75985
37	141	3.01475
37	150	0.73962
37	159	0.77428
37	164	0.717964
37	167	2.62799
38	25	1.43078
38	42	0.756574
38	45	0.755314
38	58	0.739545
38	67	0.791051
38	87	0.746706
38	88	0.795779
38	125	0.76408
38	129	2.91447
38	132	0.766266
38	137	0.765937
38	138	0.758671
38	140	0.744113
38	146	3.41104
39	4	0.799334
39	19	0.765634
39	21	0.775172
39	28	0.764061
39	40	0.742364
39	41	0.741043
39	46	0.741382
39	53	0.725091
39	63	0.724061
39	68	0.758332
39	70	0.764167
39	133	2.12194
39	156	3.31194
39	167	0.72127
39	177	3.81044
40	19	0.767901
40	21	0.777439
40	28	0.766329
40	39	0.742364
40	41	0.74331
40	46	0.74365
40	51	0.792186
40	53	0.727358
40	63	0.726328
40	68	0.760599
40	83	0.747882
40	129	2.37102
40	139	3.31101
40	167	0.723537
40	177	3.60602
41	4	0.80028
41	21	0.776118
41	28	0.765008
41	39	0.741043
41	40	0.74331
41	46	0.742329
41	53	0.726037
41	63	0.725007
41	68	0.759278
41	70	0.765113
41	83	0.746561
41	136	2.12517
41	155	1.89633
41	167	0.722216
41	173	5.55022
42	26	0.760478
42	38	0.756574
42	45	0.740205
42	54	0.72848
42	66	0.773429
42	87	0.731596
42	88	0.780669
42	125	0.74897
42	132	0.751157
42	137	0.750827
42	138	0.743561
42	140	0.729003
42	148	2.17495
42	160	2.47303
42	174	4.62964
43	55	0.74355
43	102	0.748163
43	107	0.751197
43	108	0.745657
43	111	0.754043
43	113	0.74832
43	117	0.7442
43	118	0.742555
43	120	0.736142
43	126	0.752929
43	128	0.752907
43	131	3.16519
43	142	2.37449
43	159	0.755258
43	174	3.85997
44	31	0.713956
44	60	0.753075
44	79	0.767181
44	81	0.762957
44	82	2.26738
44	93	0.789421
44	97	0.742395
44	103	0.761833
44	104	0.762906
44	134	0.749107
44	150	0.728877
44	156	2.64024
44	159	0.763537
44	164	0.707221
44	174	4.48909
45	26	0.759218
45	38	0.755314
45	42	0.740205
45	54	0.72722
45	67	0.774682
45	87	0.730336
45	88	0.779409
45	125	0.74771
45	129	1.13416
45	132	0.749897
45	137	0.749568
45	138	0.742301
45	140	0.727744
45	154	2.56445
45	173	5.73265
46	4	0.80062
46	19	0.76692
46	28	0.765348
46	39	0.741382
46	40	0.74365
46	41	0.742329
46	53	0.726377
46	63	0.725347
46	68	0.759618
46	70	0.765453
46	83	0.746901
46	145	2.63754
46	155	3.27352
46	161	3.49155
46	167	0.722556
47	99	0.77482
47	103	0.77249
47	113	0.767256
47	117	0.763137
47	120	0.755078
47	126	0.771866
47	128	0.771844
47	138	0.770361
47	144	2.92921
47	148	1.28604
47	150	0.739534
47	159	0.774195
47	164	0.717878
47	171	5.00034
48	49	0.766834
48	77	1.35418
48	79	0.761844
48	81	0.75762
48	93	0.784083
48	97	0.737057
48	103	0.756496
48	104	0.757569
48	134	0.74377
48	138	0.754366
48	145	1.82161
48	150	0.723539
48	159	0.7582
48	164	0.701883
48	179	6.34634
49	31	0.712378
49	48	0.766834
49	81	0.76138
49	93	0.787843
49	97	0.740817
49	103	0.760255
49	104	0.761328
49	130	3.01
49	134	0.747529
49	138	0.758126
49	149	3.85015
49	150	0.727299
49	159	0.76196
49	164	0.705643
49	175	2.77213
50	86	1.2268
50	89	0.702829
50	119	2.03753
50	153	0.771936
50	157	0.793098
50	162	0.803447
50	166	0.726182
50	168	0.759198
50	170	0.766398
50	174	0.734943
50	176	0.735816
50	177	0.767155
50	178	0.719774
50	179	0.712166
50	180	0.696959
51	19	0.815456
51	40	0.792186
51	53	0.774913
51	63	0.773883
51	68	0.808154
51	104	0.319356
51	118	1.27888
51	120	0.855893
51	167	0.771092
51	173	0.708764
51	175	0.739412
51	176	0.726069
51	178	0.710027
51	179	0.702419
51	180	0.687212
52	16	1.16725
52	37	0.776647
52	60	0.74523
52	76	0.754166
52	79	0.759336
52	104	0.755061
52	109	0.76647
52	110	0.723387
52	119	0.737738
52	121	0.761897
52	132	0.759454
52	157	3.40602
52	159	0.755692
52	164	0.699376
52	165	3.5692
53	4	0.784329
53	19	0.750629
53	21	0.760167
53	24	1.6699
53	28	0.749056
53	39	0.725091
53	40	0.727358
53	41	0.726037
53	46	0.726377
53	51	0.774913
53	63	0.709056
53	68	0.743327
53	83	0.73061
53	124	3.54553
53	146	3.41519
53	167	0.706265
54	18	0.758389
54	26	0.747494
54	42	0.72848
54	45	0.72722
54	58	0.711451
54	67	0.762957
54	74	0.727704
54	87	0.718612
54	88	0.767685
54	125	0.735986
54	134	2.5868
54	137	0.737843
54	138	0.730577
54	140	0.716019
54	150	3.25899
54	170	3.83587
55	43	0.74355
55	62	0.726294
55	92	0.761539
55	102	0.734523
55	107	0.737557
55	111	0.740403
55	113	0.73468
55	117	0.73056
55	118	0.728915
55	120	0.722502
55	126	0.739289
55	128	0.739267
55	150	3.31317
55	159	0.741618
55	160	2.7471
55	161	3.48102
56	11	2.67441
56	30	0.72728
56	103	2.48529
56	152	0.702371
56	156	0.739497
56	160	0.734029
56	170	0.702207
56	171	0.675673
56	172	0.689296
56	173	0.65432
56	174	0.670751
56	175	0.684968
56	176	0.671624
56	178	0.655583
56	179	0.647975
56	180	0.632767
57	90	0.765749
57	95	0.760505
57	101	0.732212
57	110	0.709077
57	117	0.730324
57	118	0.728679
57	119	0.723428
57	120	0.722266
57	121	0.747587
57	126	0.739054
57	128	0.739032
57	132	0.745144
57	141	4.43119
57	145	2.37176
57	150	3.05792
57	159	0.741382
58	18	0.754344
58	26	0.743449
58	38	0.739545
58	54	0.711451
58	66	0.7564
58	67	0.758912
58	87	0.714567
58	88	0.76364
58	125	0.731941
58	132	0.734128
58	137	0.733798
58	138	0.726532
58	140	0.711974
58	151	3.11987
58	154	3.25491
58	170	3.39628
59	12	0.768004
59	92	0.825732
59	99	0.806436
59	102	0.798716
59	108	0.796209
59	112	1.3835
59	113	0.798872
59	114	4.17842
59	117	0.794753
59	118	0.793107
59	120	0.786694
59	126	0.803482
59	128	0.80346
59	158	2.94235
59	159	0.805811
59	162	2.3413
60	31	0.693282
60	44	0.753075
60	52	0.74523
60	65	0.78365
60	79	0.746507
60	81	0.742283
60	93	0.768747
60	97	0.721721
60	103	0.741159
60	104	0.742232
60	138	0.739029
60	159	0.742863
60	164	0.686546
60	166	4.6301
60	167	1.85842
60	171	3.72207
61	75	0.747575
61	80	3.38913
61	91	4.19481
61	99	0.742656
61	102	0.734936
61	107	0.73797
61	108	0.73243
61	111	0.740816
61	113	0.735093
61	116	3.17195
61	117	0.730973
61	118	0.729328
61	120	0.722915
61	126	0.739703
61	128	0.739681
61	159	0.742031
62	22	0.767747
62	55	0.726294
62	89	0.776034
62	102	0.730906
62	107	0.73394
62	108	0.7284
62	111	0.736786
62	113	0.731063
62	117	0.726943
62	118	0.725298
62	120	0.718885
62	126	0.735673
62	128	0.735651
62	164	3.23548
62	169	2.91553
62	176	3.65153
63	4	0.783299
63	21	0.759137
63	28	0.748026
63	39	0.724061
63	40	0.726328
63	41	0.725007
63	46	0.725347
63	51	0.773883
63	53	0.709056
63	68	0.742297
63	70	0.748131
63	83	0.72958
63	146	2.03694
63	147	3.71704
63	167	0.705235
63	176	4.11413
64	96	0.17813
64	111	0.838759
64	113	0.833036
64	118	0.82727
64	119	1.63765
64	120	0.820857
64	122	0.241209
64	123	0.345545
64	126	0.837645
64	128	0.837623
64	157	0.826792
64	174	0.768637
64	176	0.76951
64	178	0.753468
64	179	0.74586
64	180	0.730653
65	20	0.825678
65	31	0.744531
65	60	0.78365
65	79	0.797756
65	93	0.819996
65	97	0.77297
65	103	0.792408
65	104	0.793481
65	134	0.779682
65	138	0.790278
65	147	4.07004
65	148	2.02402
65	150	0.759452
65	155	2.83799
65	159	0.794112
65	160	2.3221
65	164	0.737796
66	18	0.803338
66	26	0.792443
66	42	0.773429
66	58	0.7564
66	67	0.807906
66	74	0.772653
66	87	0.763561
66	88	0.812634
66	125	0.780935
66	132	0.783122
66	137	0.782792
66	138	0.775526
66	140	0.760968
66	154	2.20964
66	155	1.72395
66	158	2.12169
66	173	5.37784
67	18	0.80585
67	38	0.791051
67	45	0.774682
67	54	0.762957
67	58	0.758912
67	66	0.807906
67	87	0.766073
67	88	0.815146
67	98	3.4435
67	100	2.89833
67	125	0.783447
67	132	0.785634
67	137	0.785304
67	138	0.778038
67	140	0.76348
67	144	2.97791
67	154	2.63439
68	4	0.81757
68	19	0.78387
68	21	0.793408
68	28	0.782297
68	39	0.758332
68	40	0.760599
68	41	0.759278
68	46	0.759618
68	51	0.808154
68	53	0.743327
68	63	0.742297
68	70	0.782403
68	74	2.25625
68	83	0.763851
68	134	2.55932
68	156	2.97321
68	158	3.57908
68	167	0.739506
69	36	2.50464
69	78	1.17074
69	102	1.25249
69	143	0.751573
69	151	0.749747
69	153	0.750708
69	163	0.704422
69	166	0.704955
69	169	0.734426
69	170	0.745171
69	172	0.73226
69	173	0.697283
69	174	0.713715
69	175	0.727931
69	176	0.714588
69	178	0.698547
69	179	0.690938
69	180	0.675731
70	39	0.764167
70	41	0.765113
70	46	0.765453
70	63	0.748131
70	68	0.782403
70	119	2.41067
70	125	0.366091
70	126	1.09947
70	129	0.804751
70	167	0.745341
70	171	0.704366
70	173	0.683012
70	175	0.71366
70	176	0.700317
70	178	0.684275
70	179	0.676667
70	180	0.66146
71	84	0.651038
71	91	0.642119
71	122	6.03308
71	129	0.720437
71	130	0.646761
71	141	0.653387
71	153	0.652124
71	157	0.673286
71	158	0.65614
71	161	0.650115
71	164	0.630151
71	166	0.60637
71	173	0.598699
71	175	0.629347
71	176	0.616003
71	178	0.599962
71	179	0.592354
71	180	0.577146
72	8	0.725062
72	32	0.773846
72	73	0.766803
72	78	0.763776
72	85	0.750423
72	95	0.782578
72	101	0.754286
72	109	0.774233
72	110	0.73115
72	119	0.745501
72	121	0.76966
72	123	0.779114
72	129	1.24382
72	132	0.767217
72	137	0.766888
72	140	0.745064
72	168	2.46658
72	171	3.89459
72	179	4.883
73	5	0.813323
73	23	1.71615
73	32	0.767064
73	72	0.766803
73	76	0.755147
73	78	0.756993
73	86	0.741871
73	95	0.775796
73	96	0.786382
73	101	0.747503
73	109	0.76745
73	110	0.724368
73	119	0.738719
73	121	0.762878
73	137	0.760106
73	140	0.738282
73	143	3.36568
73	157	2.39802
73	172	3.37665
74	18	0.770597
74	28	2.42553
74	54	0.727704
74	66	0.772653
74	68	2.25625
74	87	0.73082
74	108	1.80777
74	125	0.748194
74	132	0.750381
74	138	0.742785
74	140	0.728227
74	146	0.736497
74	170	0.706737
74	173	0.65885
74	175	0.689498
74	176	0.676155
74	178	0.660113
74	179	0.652505
74	180	0.637298
75	35	0.769427
75	61	0.747575
75	77	1.63582
75	89	0.796902
75	92	0.77879
75	99	0.759494
75	102	0.751774
75	107	0.754808
75	108	0.749268
75	111	0.757654
75	113	0.751931
75	118	0.746166
75	120	0.739753
75	126	0.756541
75	128	0.756518
75	130	4.33829
75	134	2.11721
75	159	0.758869
75	168	4.21156
76	5	0.808449
76	52	0.754166
76	73	0.755147
76	85	0.738766
76	90	0.776166
76	95	0.770922
76	101	0.742629
76	109	0.762576
76	110	0.719494
76	119	0.733845
76	121	0.758004
76	122	0.810718
76	123	0.767457
76	125	0.753374
76	140	0.733408
76	148	2.02143
76	157	2.83254
76	158	3.23314
76	172	3.81117
77	48	1.35418
77	75	1.63582
77	83	1.59859
77	141	0.775849
77	155	0.804748
77	158	0.778602
77	159	1.03624
77	163	0.728299
77	165	0.784545
77	168	0.761847
77	171	0.742514
77	172	0.756137
77	173	0.72116
77	174	0.737592
77	175	0.751808
77	176	0.738465
77	177	0.769804
77	178	0.722424
77	179	0.714815
77	180	0.699608
78	27	0.695486
78	32	0.764036
78	69	1.17074
78	72	0.763776
78	73	0.756993
78	85	0.740612
78	86	0.738844
78	96	0.783354
78	101	0.744475
78	109	0.764423
78	110	0.72134
78	119	0.735691
78	121	0.75985
78	123	0.769304
78	125	0.75522
78	137	0.757078
78	140	0.735254
78	156	1.82633
78	158	2.43219
78	179	5.9232
79	30	1.82492
79	31	0.707388
79	44	0.767181
79	48	0.761844
79	52	0.759336
79	60	0.746507
79	65	0.797756
79	80	4.61087
79	93	0.782853
79	97	0.735827
79	98	0.736483
79	103	0.755265
79	104	0.756338
79	114	3.77555
79	134	0.742539
79	138	0.753136
79	145	1.50576
79	150	0.722309
79	159	0.75697
79	164	0.700653
80	61	3.38913
80	79	4.61087
80	141	0.687829
80	149	0.661016
80	153	0.686566
80	154	0.708587
80	162	0.718077
80	166	0.640812
80	167	0.695469
80	168	0.673828
80	169	0.670283
80	170	0.681028
80	171	0.654494
80	172	0.668117
80	174	0.649572
80	175	0.663789
80	176	0.650445
80	178	0.634404
80	179	0.626796
80	180	0.611588
81	20	0.784311
81	37	0.773701
81	44	0.762957
81	48	0.75762
81	49	0.76138
81	60	0.742283
81	93	0.778629
81	97	0.731603
81	98	0.732259
81	103	0.751041
81	104	0.752114
81	130	3.27073
81	134	0.738315
81	138	0.748912
81	150	0.718085
81	156	1.46355
81	159	0.752746
81	164	0.696429
81	175	3.03286
81	178	4.93205
82	44	2.26738
82	114	0.702099
82	116	0.708531
82	120	1.83619
82	125	1.60095
82	130	0.715411
82	136	0.753098
82	142	0.743075
82	145	0.786344
82	147	0.71152
82	165	0.730733
82	169	0.704491
82	172	0.702325
82	174	0.68378
82	175	0.697996
82	176	0.684653
82	177	0.715992
82	178	0.668611
82	179	0.661003
82	180	0.645796
83	28	0.76958
83	40	0.747882
83	41	0.746561
83	46	0.746901
83	53	0.73061
83	63	0.72958
83	68	0.763851
83	77	1.59859
83	86	0.737428
83	90	0.776597
83	96	0.781938
83	109	0.763007
83	110	0.719924
83	119	0.734276
83	121	0.758434
83	136	2.93084
83	137	0.755662
83	155	2.702
83	167	0.726789
83	176	4.33114
84	71	0.651038
84	91	0.673547
84	121	3.06611
84	140	2.78304
84	154	0.705573
84	157	0.704713
84	160	0.709836
84	161	0.681543
84	162	0.715063
84	168	0.670813
84	170	0.678014
84	172	0.665103
84	173	0.630127
84	174	0.646558
84	175	0.660775
84	176	0.647431
84	177	0.67877
84	178	0.63139
84	179	0.623781
84	180	0.608574
85	27	0.682133
85	72	0.750423
85	76	0.738766
85	78	0.740612
85	86	0.725491
85	90	0.764659
85	94	1.57658
85	96	0.770001
85	101	0.731123
85	106	3.52863
85	109	0.75107
85	110	0.707987
85	119	0.722338
85	121	0.746497
85	122	0.799212
85	125	0.741868
85	132	0.744054
85	137	0.743725
85	139	3.21594
85	140	0.721901
85	172	4.19634
86	5	0.795173
86	27	0.680364
86	50	1.2268
86	73	0.741871
86	78	0.738844
86	83	0.737428
86	85	0.725491
86	90	0.76289
86	95	0.757646
86	96	0.768232
86	100	4.1654
86	101	0.729354
86	106	3.72384
86	109	0.749301
86	110	0.706218
86	119	0.720569
86	121	0.744728
86	125	0.740099
86	132	0.742286
86	137	0.741956
86	148	2.60181
87	18	0.761505
87	26	0.75061
87	30	0.722718
87	33	0.693516
87	38	0.746706
87	42	0.731596
87	45	0.730336
87	54	0.718612
87	58	0.714567
87	66	0.763561
87	67	0.766073
87	74	0.73082
87	88	0.770801
87	125	0.739102
87	132	0.741289
87	137	0.740959
87	138	0.733693
87	140	0.719135
87	143	3.22668
87	146	1.81384
87	166	6.07025
88	18	0.810578
88	26	0.799683
88	30	0.771791
88	38	0.795779
88	42	0.780669
88	45	0.779409
88	54	0.767685
88	58	0.76364
88	66	0.812634
88	67	0.815146
88	87	0.770801
88	105	1.89222
88	125	0.788175
88	129	1.95331
88	132	0.790361
88	133	1.4998
88	137	0.790032
88	138	0.782766
88	140	0.768208
88	160	2.38203
88	178	6.1583
89	12	0.753552
89	35	0.801916
89	50	0.702829
89	62	0.776034
89	75	0.796902
89	92	0.81128
89	99	0.791983
89	107	0.787298
89	108	0.781757
89	111	0.790143
89	113	0.78442
89	115	5.77902
89	117	0.780301
89	118	0.778655
89	120	0.772242
89	126	0.78903
89	128	0.789008
89	141	3.49769
89	156	1.86612
89	159	0.791358
89	162	1.87092
90	27	0.719533
90	57	0.765749
90	76	0.776166
90	83	0.776597
90	85	0.764659
90	86	0.76289
90	95	0.796815
90	96	0.807401
90	101	0.768522
90	109	0.78847
90	110	0.745387
90	119	0.759738
90	121	0.783897
90	122	0.836612
90	132	0.781454
90	133	1.62144
90	135	2.8115
90	137	0.781125
90	140	0.759301
90	152	4.13728
90	156	2.81143
90	162	2.81624
91	3	4.60519
91	61	4.19481
91	71	0.642119
91	84	0.673547
91	130	0.669271
91	142	0.696935
91	143	0.675498
91	144	0.68436
91	147	0.66538
91	153	0.674633
91	161	0.672625
91	162	0.706145
91	165	0.684593
91	168	0.661895
91	170	0.669096
91	171	0.642562
91	172	0.656185
91	175	0.651856
91	176	0.638513
91	178	0.622472
91	179	0.614863
91	180	0.599656
92	3	0.742709
92	11	0.822488
92	55	0.761539
92	59	0.825732
92	75	0.77879
92	89	0.81128
92	99	0.773872
92	102	0.766152
92	107	0.769186
92	108	0.763645
92	111	0.772032
92	113	0.766309
92	117	0.762189
92	118	0.760543
92	120	0.75413
92	126	0.770918
92	128	0.770896
92	135	2.27291
92	145	1.84499
92	149	4.92018
92	161	2.699
92	165	2.64129
93	16	0.253772
93	20	0.810774
93	31	0.729628
93	37	0.800164
93	44	0.789421
93	48	0.784083
93	49	0.787843
93	60	0.768747
93	65	0.819996
93	79	0.782853
93	81	0.778629
93	97	0.758066
93	103	0.777504
93	104	0.778578
93	131	3.44135
93	136	2.72423
93	138	0.775375
93	150	0.744548
93	152	3.61312
93	153	3.37604
93	159	0.779209
93	164	0.722892
94	85	1.57658
94	105	0.821657
94	109	1.71316
94	114	0.72266
94	126	1.27132
94	129	0.809647
94	133	0.822256
94	134	0.761247
94	137	1.11786
94	151	0.740372
94	153	0.741334
94	164	0.719361
94	166	0.69558
94	167	0.750237
94	169	0.725051
94	172	0.722885
94	174	0.70434
94	175	0.718557
94	176	0.705213
94	178	0.689172
94	179	0.681564
94	180	0.666356
95	13	1.63783
95	32	0.782839
95	57	0.760505
95	72	0.782578
95	73	0.775796
95	76	0.770922
95	86	0.757646
95	90	0.796815
95	101	0.763278
95	109	0.783225
95	110	0.740143
95	119	0.754494
95	121	0.778653
95	122	0.831368
95	123	0.788106
95	124	2.48124
95	125	0.774023
95	132	0.77621
95	134	2.17693
95	140	0.754057
95	150	2.84912
95	164	4.01204
96	8	0.744641
96	27	0.724875
96	64	0.17813
96	73	0.786382
96	78	0.783354
96	83	0.781938
96	85	0.770001
96	86	0.768232
96	90	0.807401
96	101	0.773864
96	109	0.793812
96	110	0.750729
96	119	0.76508
96	121	0.789239
96	123	0.798692
96	125	0.784609
96	132	0.786796
96	140	0.764643
96	151	3.11764
96	157	2.76414
96	164	3.98009
96	177	3.05737
97	20	0.763748
97	37	0.753138
97	44	0.742395
97	48	0.737057
97	49	0.740817
97	60	0.721721
97	65	0.77297
97	79	0.735827
97	81	0.731603
97	93	0.758066
97	98	0.711696
97	103	0.730478
97	104	0.731551
97	105	1.34074
97	134	0.717752
97	138	0.728349
97	150	0.697522
97	159	0.732183
97	160	1.89861
97	164	0.675866
97	168	2.67559
97	180	9.10401
98	32	2.67506
98	37	0.753794
98	67	3.4435
98	79	0.736483
98	81	0.732259
98	97	0.711696
98	103	0.731135
98	104	0.732208
98	106	0.71072
98	110	1.50961
98	150	0.698178
98	159	0.732839
98	161	0.696486
98	163	0.652208
98	164	0.676522
98	171	0.666423
98	173	0.64507
98	174	0.661502
98	175	0.675718
98	176	0.662375
98	178	0.646333
98	179	0.638725
98	180	0.623518
99	3	0.723412
99	22	0.783696
99	47	0.77482
99	59	0.806436
99	61	0.742656
99	75	0.759494
99	89	0.791983
99	92	0.773872
99	102	0.746855
99	107	0.74989
99	108	0.744349
99	111	0.752735
99	113	0.747012
99	117	0.742893
99	118	0.741247
99	120	0.734834
99	126	0.751622
99	128	0.7516
99	133	1.51484
99	155	1.88775
99	159	0.75395
99	163	5.29715
99	168	3.36009
99	174	3.52848
100	67	2.89833
100	86	4.1654
100	110	0.964442
100	114	0.680551
100	116	0.686983
100	127	0.728406
100	141	0.700489
100	145	0.764795
100	149	0.673675
100	154	0.721247
100	155	0.729388
100	157	0.720387
100	162	0.730736
100	163	0.652938
100	169	0.682943
100	170	0.693687
100	172	0.680776
100	173	0.6458
100	174	0.662232
100	175	0.676448
100	176	0.663105
100	178	0.647063
100	179	0.639455
100	180	0.624248
101	5	0.800805
101	8	0.705762
101	57	0.732212
101	72	0.754286
101	73	0.747503
101	76	0.742629
101	78	0.744475
101	85	0.731123
101	86	0.729354
101	90	0.768522
101	95	0.763278
101	96	0.773864
101	109	0.754933
101	110	0.71185
101	119	0.726201
101	121	0.75036
101	122	0.803075
101	123	0.759814
101	132	0.747917
101	140	0.725764
101	144	3.48383
101	162	2.4513
101	169	3.54776
101	170	3.28168
101	177	2.945
102	11	0.795471
102	13	0.955088
102	22	0.775976
102	43	0.748163
102	55	0.734523
102	59	0.798716
102	61	0.734936
102	62	0.730906
102	69	1.25249
102	75	0.751774
102	92	0.766152
102	99	0.746855
102	107	0.742169
102	108	0.736629
102	111	0.745015
102	113	0.739292
102	115	5.82098
102	117	0.735172
102	118	0.733527
102	120	0.727114
102	126	0.743902
102	128	0.74388
102	159	0.74623
102	165	2.27653
102	167	3.15289
103	20	0.783187
103	31	0.70204
103	37	0.772576
103	44	0.761833
103	47	0.77249
103	48	0.756496
103	49	0.760255
103	56	2.48529
103	60	0.741159
103	65	0.792408
103	79	0.755265
103	81	0.751041
103	93	0.777504
103	97	0.730478
103	98	0.731135
103	104	0.75099
103	124	1.57418
103	134	0.737191
103	138	0.747787
103	150	0.71696
103	155	1.89188
103	159	0.751621
103	164	0.695304
103	173	5.54577
103	175	3.25308
104	20	0.78426
104	23	1.1959
104	31	0.703113
104	37	0.773649
104	44	0.762906
104	48	0.757569
104	49	0.761328
104	51	0.319356
104	52	0.755061
104	60	0.742232
104	65	0.793481
104	79	0.756338
104	81	0.752114
104	93	0.778578
104	97	0.731551
104	98	0.732208
104	103	0.75099
104	134	0.738264
104	138	0.74886
104	150	0.718033
104	152	2.99836
104	159	0.752694
104	164	0.696377
104	175	3.24183
104	179	5.76939
105	5	1.10149
105	88	1.89222
105	94	0.821657
105	97	1.34074
105	109	2.35145
105	112	0.839083
105	125	1.17623
105	130	0.759598
105	135	0.786774
105	143	0.765825
105	147	0.755707
105	153	0.764961
105	162	0.796472
105	163	0.718674
105	166	0.719207
105	169	0.748679
105	170	0.759423
105	172	0.746512
105	173	0.711536
105	174	0.727968
105	175	0.742184
105	176	0.728841
105	178	0.712799
105	179	0.705191
105	180	0.689984
106	85	3.52863
106	86	3.72384
106	98	0.71072
106	122	1.58061
106	141	0.698126
106	144	0.706589
106	147	0.687609
106	151	0.695901
106	152	0.691489
106	155	0.727025
106	161	0.694854
106	162	0.728374
106	165	0.706822
106	168	0.684124
106	169	0.68058
106	170	0.691325
106	171	0.664791
106	172	0.678414
106	173	0.643437
106	174	0.659869
106	175	0.674085
106	176	0.660742
106	178	0.644701
106	179	0.637092
106	180	0.621885
107	22	0.77901
107	35	0.759822
107	43	0.751197
107	55	0.737557
107	61	0.73797
107	62	0.73394
107	75	0.754808
107	89	0.787298
107	92	0.769186
107	99	0.74989
107	102	0.742169
107	108	0.739663
107	111	0.74805
107	113	0.742326
107	117	0.738207
107	118	0.736561
107	120	0.730148
107	124	2.71631
107	126	0.746936
107	128	0.746914
107	146	2.58597
107	153	3.91467
107	159	0.749265
107	160	2.51814
107	169	3.92716
108	3	0.713186
108	12	0.705917
108	35	0.754282
108	43	0.745657
108	59	0.796209
108	61	0.73243
108	62	0.7284
108	74	1.80777
108	75	0.749268
108	89	0.781757
108	92	0.763645
108	99	0.744349
108	102	0.736629
108	107	0.739663
108	111	0.742509
108	113	0.736786
108	116	4.9848
108	117	0.732666
108	118	0.731021
108	120	0.724608
108	126	0.741396
108	127	2.17922
108	128	0.741373
108	136	2.96169
108	158	3.1306
108	159	0.743724
109	27	0.705943
109	32	0.774494
109	52	0.76647
109	72	0.774233
109	73	0.76745
109	76	0.762576
109	78	0.764423
109	83	0.763007
109	85	0.75107
109	86	0.749301
109	90	0.78847
109	94	1.71316
109	95	0.783225
109	96	0.793812
109	101	0.754933
109	105	2.35145
109	110	0.731797
109	119	0.746149
109	121	0.770308
109	123	0.779761
109	125	0.765678
109	129	2.41253
109	132	0.767865
109	137	0.767536
109	140	0.745712
109	142	3.51239
109	145	2.72117
109	146	2.9091
110	5	0.77767
110	8	0.682626
110	27	0.66286
110	32	0.731411
110	52	0.723387
110	57	0.709077
110	72	0.73115
110	73	0.724368
110	76	0.719494
110	78	0.72134
110	83	0.719924
110	85	0.707987
110	86	0.706218
110	90	0.745387
110	95	0.740143
110	96	0.750729
110	98	1.50961
110	100	0.964442
110	101	0.71185
110	109	0.731797
110	119	0.703066
110	121	0.727225
110	122	0.77994
110	125	0.722595
110	132	0.724782
110	137	0.724453
110	139	1.52937
110	178	3.4752
110	180	8.11556
111	11	0.801351
111	12	0.714303
111	22	0.781856
111	35	0.762668
111	43	0.754043
111	55	0.740403
111	61	0.740816
111	62	0.736786
111	64	0.838759
111	75	0.757654
111	89	0.790143
111	92	0.772032
111	99	0.752735
111	102	0.745015
111	107	0.74805
111	108	0.742509
111	113	0.745172
111	114	4.04603
111	117	0.741052
111	118	0.739407
111	120	0.732994
111	126	0.749782
111	128	0.74976
111	145	1.77624
111	153	3.29286
111	159	0.75211
111	169	3.30535
111	172	3.38799
111	177	2.7026
112	7	2.17015
112	18	1.80211
112	59	1.3835
112	105	0.839083
112	117	0.399127
112	118	1.67905
112	139	0.787168
112	151	0.757798
112	153	0.75876
112	156	0.790512
112	158	0.762776
112	159	0.978535
112	160	0.785044
112	161	0.756751
112	162	0.790271
112	163	0.712473
112	165	0.768719
112	166	0.713006
112	167	0.767663
112	168	0.746021
112	169	0.742477
112	170	0.753222
112	171	0.726688
112	172	0.740311
112	174	0.721766
112	175	0.735983
112	176	0.722639
112	178	0.706598
112	179	0.698989
112	180	0.683782
113	3	0.715849
113	12	0.70858
113	22	0.776133
113	43	0.74832
113	47	0.767256
113	55	0.73468
113	59	0.798872
113	61	0.735093
113	62	0.731063
113	64	0.833036
113	75	0.751931
113	89	0.78442
113	92	0.766309
113	99	0.747012
113	102	0.739292
113	107	0.742326
113	108	0.736786
113	111	0.745172
113	117	0.735329
113	118	0.733684
113	120	0.727271
113	126	0.744059
113	128	0.744037
113	159	0.746387
113	163	4.69279
113	164	2.49649
113	165	1.44371
113	167	2.32008
113	174	2.92412
113	179	5.17214
114	23	0.71665
114	59	4.17842
114	79	3.77555
114	82	0.702099
114	94	0.72266
114	100	0.680551
114	111	4.04603
114	127	0.695145
114	145	0.731534
114	146	0.690186
114	148	0.714034
114	153	0.665964
114	154	0.687985
114	156	0.697716
114	158	0.66998
114	160	0.692248
114	161	0.663955
114	162	0.697475
114	163	0.619677
114	165	0.675924
114	168	0.653226
114	171	0.633892
114	172	0.647515
114	173	0.612539
114	174	0.62897
114	175	0.643187
114	176	0.629843
114	178	0.613802
114	179	0.606193
114	180	0.590986
115	2	0.598952
115	89	5.77902
115	102	5.82098
115	130	0.65085
115	131	0.652483
115	136	0.688537
115	143	0.657077
115	147	0.646959
115	148	0.704283
115	149	0.630662
115	152	0.650839
115	153	0.656212
115	154	0.678234
115	156	0.687965
115	157	0.677374
115	158	0.660229
115	162	0.687724
115	163	0.609926
115	165	0.666172
115	166	0.610459
115	169	0.63993
115	170	0.650675
115	173	0.602787
115	175	0.633435
115	176	0.620092
115	177	0.651431
115	178	0.604051
115	179	0.596442
115	180	0.581235
116	37	3.84325
116	61	3.17195
116	82	0.708531
116	100	0.686983
116	108	4.9848
116	124	0.722663
116	136	0.70472
116	139	0.700804
116	141	0.673659
116	143	0.67326
116	146	0.696618
116	151	0.671434
116	153	0.672396
116	156	0.704148
116	157	0.693558
116	158	0.676412
116	161	0.670387
116	162	0.703907
116	165	0.682356
116	166	0.626642
116	170	0.666858
116	171	0.640324
116	172	0.653947
116	173	0.618971
116	174	0.635402
116	175	0.649619
116	176	0.636275
116	178	0.620234
116	179	0.612626
116	180	0.597418
117	3	0.711729
117	11	0.791509
117	12	0.704461
117	22	0.772013
117	30	1.24342
117	35	0.752825
117	43	0.7442
117	47	0.763137
117	55	0.73056
117	57	0.730324
117	59	0.794753
117	61	0.730973
117	62	0.726943
117	89	0.780301
117	92	0.762189
117	99	0.742893
117	102	0.735172
117	107	0.738207
117	108	0.732666
117	111	0.741052
117	112	0.399127
117	113	0.735329
117	118	0.729564
117	120	0.723151
117	126	0.739939
117	128	0.739917
117	136	1.78908
117	143	2.52504
117	154	2.04593
117	159	0.742268
117	180	9.46099
118	3	0.710084
118	11	0.789863
118	12	0.702815
118	35	0.75118
118	43	0.742555
118	51	1.27888
118	55	0.728915
118	57	0.728679
118	59	0.793107
118	61	0.729328
118	62	0.725298
118	64	0.82727
118	75	0.746166
118	89	0.778655
118	92	0.760543
118	99	0.741247
118	102	0.733527
118	107	0.736561
118	108	0.731021
118	111	0.739407
118	112	1.67905
118	113	0.733684
118	117	0.729564
118	120	0.721506
118	126	0.738294
118	128	0.738272
118	136	3.069
118	142	2.99541
118	144	3.66937
118	159	0.740622
118	174	4.48089
119	5	0.792021
119	8	0.696978
119	27	0.677212
119	32	0.745762
119	50	2.03753
119	52	0.737738
119	57	0.723428
119	64	1.63765
119	70	2.41067
119	72	0.745501
119	73	0.738719
119	76	0.733845
119	78	0.735691
119	83	0.734276
119	85	0.722338
119	86	0.720569
119	90	0.759738
119	95	0.754494
119	96	0.76508
119	101	0.726201
119	109	0.746149
119	110	0.703066
119	121	0.741576
119	122	0.794291
119	123	0.75103
119	125	0.736946
119	127	3.67287
119	132	0.739133
119	133	2.82839
119	137	0.738804
119	140	0.71698
119	148	3.41254
120	3	0.703671
120	11	0.78345
120	12	0.696402
120	35	0.744767
120	43	0.736142
120	47	0.755078
120	51	0.855893
120	55	0.722502
120	57	0.722266
120	59	0.786694
120	61	0.722915
120	62	0.718885
120	64	0.820857
120	75	0.739753
120	82	1.83619
120	89	0.772242
120	92	0.75413
120	99	0.734834
120	102	0.727114
120	107	0.730148
120	108	0.724608
120	111	0.732994
120	113	0.727271
120	117	0.723151
120	118	0.721506
120	124	2.09946
120	126	0.731881
120	128	0.731859
120	159	0.734209
120	169	3.31031
120	170	3.04423
120	179	6.30592
121	5	0.81618
121	8	0.721137
121	27	0.701371
121	32	0.769921
121	52	0.761897
121	57	0.747587
121	72	0.76966
121	73	0.762878
121	76	0.758004
121	78	0.75985
121	83	0.758434
121	84	3.06611
121	85	0.746497
121	86	0.744728
121	90	0.783897
121	95	0.778653
121	96	0.789239
121	101	0.75036
121	109	0.770308
121	110	0.727225
121	119	0.741576
121	122	0.81845
121	123	0.775188
121	125	0.761105
121	132	0.763292
121	134	2.09491
121	137	0.762963
121	140	0.741139
121	145	2.08094
121	151	3.06757
121	154	3.2026
121	170	3.34398
121	177	3.0073
122	1	0.7691
122	7	0.767165
122	8	0.773851
122	9	0.858639
122	10	0.85025
122	14	0.849623
122	15	0.830502
122	17	0.830502
122	27	0.754085
122	29	0.811812
122	36	0.812187
122	64	0.241209
122	71	6.03308
122	76	0.810718
122	85	0.799212
122	90	0.836612
122	95	0.831368
122	101	0.803075
122	106	1.58061
122	110	0.77994
122	119	0.794291
122	121	0.81845
122	123	0.827903
122	125	0.81382
122	139	1.26793
122	140	0.793854
122	142	1.42779
122	157	1.26969
122	167	2.30924
122	171	4.17288
122	177	0.77312
123	1	0.725839
123	7	0.723904
123	9	0.815378
123	10	0.806989
123	14	0.806362
123	15	0.78724
123	16	0.692783
123	17	0.78724
123	29	0.768551
123	32	0.779374
123	36	0.768926
123	64	0.345545
123	72	0.779114
123	76	0.767457
123	78	0.769304
123	95	0.788106
123	96	0.798692
123	101	0.759814
123	109	0.779761
123	119	0.75103
123	121	0.775188
123	122	0.827903
123	125	0.770559
123	135	2.72635
123	137	0.772416
123	140	0.750592
123	153	3.81505
123	161	3.15244
123	164	4.1475
123	165	3.09473
123	177	0.729858
124	15	1.18328
124	53	3.54553
124	95	2.48124
124	103	1.57418
124	107	2.71631
124	116	0.722663
124	120	2.09946
124	129	0.803218
124	131	0.731176
124	144	0.744632
124	145	0.800475
124	146	0.759127
124	152	0.729532
124	154	0.756927
124	155	0.765068
124	158	0.738921
124	160	0.761189
124	161	0.732896
124	162	0.766416
124	164	0.712932
124	165	0.744865
124	166	0.689151
124	167	0.743808
124	168	0.722167
124	170	0.729367
124	171	0.702833
124	172	0.716456
124	173	0.68148
124	174	0.697912
124	175	0.712128
124	176	0.698785
124	178	0.682743
124	179	0.675135
124	180	0.659928
125	27	0.696741
125	38	0.76408
125	42	0.74897
125	45	0.74771
125	54	0.735986
125	58	0.731941
125	66	0.780935
125	67	0.783447
125	70	0.366091
125	74	0.748194
125	76	0.753374
125	78	0.75522
125	82	1.60095
125	85	0.741868
125	86	0.740099
125	87	0.739102
125	88	0.788175
125	95	0.774023
125	96	0.784609
125	105	1.17623
125	109	0.765678
125	110	0.722595
125	119	0.736946
125	121	0.761105
125	122	0.81382
125	123	0.770559
125	130	3.78099
125	132	0.758662
125	137	0.758333
125	138	0.751067
125	140	0.736509
125	152	3.29966
125	162	1.97861
125	166	5.99029
126	3	0.720459
126	11	0.800238
126	12	0.71319
126	22	0.780743
126	25	0.487004
126	35	0.761555
126	43	0.752929
126	47	0.771866
126	55	0.739289
126	57	0.739054
126	59	0.803482
126	61	0.739703
126	62	0.735673
126	64	0.837645
126	70	1.09947
126	75	0.756541
126	89	0.78903
126	92	0.770918
126	94	1.27132
126	99	0.751622
126	102	0.743902
126	107	0.746936
126	108	0.741396
126	111	0.749782
126	113	0.744059
126	117	0.739939
126	118	0.738294
126	120	0.731881
126	128	0.748646
126	129	1.9707
126	156	2.70719
126	159	0.750997
126	163	6.3247
126	164	4.1284
127	14	1.84876
127	36	2.81472
127	100	0.728406
127	108	2.17922
127	114	0.695145
127	119	3.67287
127	128	1.4609
127	129	0.782132
127	135	0.735632
127	144	0.723546
127	146	0.738041
127	147	0.704565
127	151	0.712857
127	152	0.708446
127	154	0.735841
127	155	0.743982
127	156	0.745572
127	157	0.734981
127	158	0.717835
127	160	0.740104
127	161	0.711811
127	163	0.667532
127	165	0.723779
127	169	0.697537
127	171	0.681748
127	172	0.69537
127	173	0.660394
127	174	0.676826
127	175	0.691042
127	176	0.677699
127	178	0.661657
127	179	0.654049
127	180	0.638842
128	3	0.720437
128	6	1.74191
128	11	0.800216
128	12	0.713168
128	22	0.780721
128	35	0.761532
128	43	0.752907
128	47	0.771844
128	55	0.739267
128	57	0.739032
128	59	0.80346
128	61	0.739681
128	62	0.735651
128	64	0.837623
128	75	0.756518
128	89	0.789008
128	92	0.770896
128	99	0.7516
128	102	0.74388
128	107	0.746914
128	108	0.741373
128	111	0.74976
128	113	0.744037
128	117	0.739917
128	118	0.738272
128	120	0.731859
128	126	0.748646
128	127	1.4609
128	141	3.43799
128	153	2.89518
128	159	0.750975
128	167	3.05123
128	171	4.91487
128	177	2.30492
129	38	2.91447
129	40	2.37102
129	45	1.13416
129	70	0.804751
129	71	0.720437
129	72	1.24382
129	88	1.95331
129	94	0.809647
129	109	2.41253
129	124	0.803218
129	126	1.9707
129	127	0.782132
129	139	0.781359
129	145	0.818521
129	146	0.777173
129	147	0.743697
129	148	0.801022
129	151	0.751989
129	156	0.784704
129	158	0.756967
129	160	0.779236
129	163	0.706664
129	164	0.730978
129	165	0.762911
129	168	0.740213
129	169	0.736669
129	171	0.72088
129	172	0.734502
129	173	0.699526
129	174	0.715958
129	175	0.730174
129	176	0.716831
129	178	0.700789
129	179	0.693181
129	180	0.677974
130	49	3.01
130	71	0.646761
130	75	4.33829
130	81	3.27073
130	82	0.715411
130	91	0.669271
130	105	0.759598
130	115	0.65085
130	125	3.78099
130	133	0.760197
130	136	0.711599
130	139	0.707683
130	141	0.680538
130	144	0.689002
130	145	0.744845
130	149	0.653725
130	150	0.678958
130	154	0.701297
130	156	0.711028
130	157	0.700437
130	158	0.683291
130	160	0.705559
130	163	0.632988
130	165	0.689235
130	166	0.633521
130	168	0.666537
130	170	0.673737
130	171	0.647203
130	172	0.660826
130	173	0.62585
130	174	0.642282
130	175	0.656498
130	176	0.643155
130	178	0.627113
130	179	0.619505
130	180	0.604298
131	29	3.75467
131	43	3.16519
131	93	3.44135
131	115	0.652483
131	124	0.731176
131	139	0.709317
131	140	3.3798
131	141	0.682172
131	143	0.681773
131	144	0.690635
131	147	0.671655
131	148	0.728979
131	149	0.655358
131	150	0.680592
131	151	0.679947
131	152	0.675535
131	153	0.680908
131	154	0.70293
131	156	0.712661
131	158	0.684925
131	160	0.707193
131	163	0.634622
131	164	0.658935
131	165	0.690868
131	166	0.635155
131	167	0.689812
131	168	0.66817
131	169	0.664626
131	170	0.675371
131	171	0.648837
131	174	0.643915
131	175	0.658131
131	176	0.644788
131	177	0.676127
131	178	0.628747
131	179	0.621138
131	180	0.605931
132	5	0.813737
