1	15	1.39196
1	35	1.26716
1	62	1.45952
1	69	1.4604
1	102	1.30277
1	105	1.35989
1	128	1.36265
1	148	0.482311
1	150	0.515534
1	153	0.538338
1	175	0.678394
1	177	0.592524
2	6	1.07712
2	45	1.30365
2	81	1.1743
2	89	1.24205
2	107	1.1914
2	121	1.18952
2	129	1.1911
2	145	1.23366
2	159	0.662658
2	163	0.686077
2	164	0.658646
2	174	0.718665
3	54	1.35212
3	80	1.36708
3	89	1.40806
3	92	1.364
3	121	1.35553
3	141	1.3569
3	145	1.39967
3	153	0.530871
3	161	0.604911
3	166	0.55016
3	176	0.536019
3	177	0.585058
4	82	1.28656
4	104	1.17226
4	114	1.19677
4	119	1.17989
4	122	1.14804
4	125	1.23116
4	133	0.603614
4	141	1.17683
4	152	0.687879
4	153	0.69412
4	160	1.20735
4	170	0.738912
5	71	1.31378
5	83	1.31516
5	85	0.482125
5	95	1.41572
5	96	1.38265
5	109	1.40931
5	113	1.37165
5	132	0.471424
5	160	1.38654
5	162	0.506617
5	164	0.608008
5	178	0.737703
6	2	1.07712
6	24	1.19149
6	45	1.31535
6	80	1.21278
6	92	1.20969
6	106	1.19493
6	121	1.20122
6	125	0.576498
6	141	1.20259
6	147	0.568619
6	178	0.810462
6	179	0.771392
7	70	1.46814
7	91	1.35141
7	94	0.536383
7	100	1.32519
7	112	1.38448
7	117	1.31041
7	120	1.35751
7	123	1.40463
7	146	0.498499
7	162	0.512883
7	164	0.614274
7	167	0.644658
8	94	0.658017
8	108	1.33261
8	114	1.18121
8	119	1.16434
8	122	1.13249
8	125	1.21561
8	137	0.672736
8	141	1.16127
8	155	0.653806
8	160	1.19179
8	162	1.21783
8	171	0.739802
9	43	0.37132
9	83	1.38969
9	86	1.54904
9	95	1.49025
9	96	1.45718
9	113	1.44618
9	136	0.605473
9	152	0.560157
9	153	0.566398
9	157	0.500076
9	160	1.46107
10	57	0.450825
10	58	0.498595
10	60	1.35871
10	63	1.45965
10	98	1.3231
10	107	1.35889
10	135	1.46382
10	162	0.515085
10	163	0.643908
10	168	1.29781
10	173	0.696879
10	176	1.34297
11	93	1.27299
11	99	1.2592
11	110	1.27542
11	127	0.621383
11	131	1.21767
11	134	1.21563
11	138	1.20916
11	150	0.685487
11	151	0.653993
11	154	0.765105
11	169	1.0555
11	173	1.09773
12	20	0.562556
12	91	0.524372
12	105	0.466503
12	139	0.519439
12	152	1.27225
12	158	1.29918
12	163	1.22347
12	174	1.1955
12	177	1.21543
12	178	1.14221
12	179	1.15751
12	180	1.09481
13	49	0.515126
13	104	0.506204
13	118	0.532609
13	138	0.522984
13	164	1.25654
13	166	1.25792
13	167	1.23356
13	171	1.24731
13	177	1.21391
13	178	1.14069
13	179	1.156
13	180	1.09329
14	22	1.36061
14	73	1.40568
14	87	1.305
14	101	1.34498
14	103	1.40653
14	115	1.46211
14	116	0.542865
14	126	0.510806
14	147	0.465202
14	166	1.31219
14	175	0.686528
14	177	0.600658
15	1	1.39196
15	36	1.42177
15	69	1.4418
15	102	1.28417
15	105	1.34128
15	126	0.519444
15	129	1.34507
15	132	1.37602
15	151	0.500812
15	152	0.548868
15	176	0.560257
15	179	0.676612
16	20	1.34682
16	98	1.35682
16	131	1.36634
16	138	1.35783
16	146	1.46892
16	154	0.604025
16	158	0.566494
16	159	0.582102
16	162	0.476699
16	164	0.57809
16	168	1.33153
16	176	1.37668
17	20	1.33504
17	50	1.36783
17	51	1.38723
17	98	1.34503
17	111	0.568753
17	135	1.48576
17	142	0.556339
17	155	0.495363
17	159	0.581476
17	163	0.604896
17	168	1.31974
17	176	1.3649
18	55	1.45496
18	58	0.439365
18	118	1.40814
18	134	1.38417
18	136	0.565442
18	138	1.37771
18	146	1.4888
18	163	0.584678
18	168	0.549162
18	169	1.22405
18	173	1.26628
18	175	0.666424
19	70	1.38918
19	91	1.27245
19	112	1.30552
19	117	1.23145
19	120	1.27855
19	123	1.32567
19	128	1.27675
19	145	1.32033
19	148	0.529059
19	149	0.653346
19	155	0.533864
19	167	0.646348
19	172	0.645358
20	12	0.562556
20	16	1.34682
20	17	1.33504
20	60	1.27142
20	63	1.37235
20	98	1.23581
20	135	1.37653
20	148	0.527358
20	150	0.560581
20	161	0.657424
20	168	1.21052
20	171	0.618159
20	176	1.25567
21	34	1.35088
21	88	1.33833
21	112	1.29861
21	117	1.22454
21	120	1.27164
21	123	1.31876
21	128	1.26984
21	133	0.490037
21	139	1.33004
21	156	0.540943
21	159	0.615434
21	163	0.638854
21	175	0.720599
22	14	1.36061
22	31	1.09849
22	38	1.43456
22	59	1.34328
22	61	1.26834
22	101	1.29037
22	103	1.35192
22	125	0.479705
22	148	0.497069
22	166	1.25758
22	174	0.643994
22	178	0.713669
22	179	0.674598
23	36	1.34598
23	52	1.25996
23	69	1.36601
23	75	1.32432
23	102	1.20838
23	105	1.26549
23	115	1.36538
23	126	0.522342
23	129	1.26928
23	158	0.57729
23	162	0.487495
23	167	0.61927
23	180	0.800616
24	6	1.19149
24	81	1.28867
24	85	0.497003
24	89	1.35642
24	92	1.31236
24	106	1.2976
24	121	1.30389
24	141	1.30526
24	145	1.34804
24	149	0.660267
24	156	0.552407
24	163	0.650317
24	177	0.646193
25	35	1.2147
25	52	1.30189
25	75	1.36625
25	102	1.25031
25	105	1.30742
25	128	1.31019
25	129	1.31121
25	132	1.34216
25	162	0.480233
25	163	0.609056
25	167	0.612008
25	170	0.595538
25	178	0.711319
26	90	1.28017
26	97	1.21393
26	114	1.324
26	119	1.30712
26	122	1.27528
26	136	0.580773
26	141	1.30406
26	147	0.460429
26	150	0.518894
26	160	1.33458
26	162	1.36061
26	179	0.663201
26	180	0.784307
27	46	0.376654
27	80	1.47463
27	106	1.45679
27	107	1.46496
27	121	1.46308
27	135	1.56989
27	136	0.552744
27	137	0.481378
27	141	1.46444
27	145	1.50722
27	154	0.570484
27	166	0.532959
27	172	0.573942
28	50	1.45429
28	63	1.56805
28	98	1.4315
28	109	1.52007
28	135	1.57222
28	147	0.396822
28	155	0.426869
28	156	0.438492
28	158	0.497375
28	168	1.40621
28	169	0.69087
28	176	1.45137
28	178	0.638665
29	53	1.36197
29	71	1.3189
29	72	1.4576
29	86	1.47963
29	95	1.42084
29	96	1.38777
29	113	1.37677
29	144	0.433517
29	147	0.421814
29	149	0.571344
29	160	1.39166
29	165	0.552913
29	169	0.715863
29	174	0.593983
30	65	1.19467
30	66	1.19347
30	68	1.2118
30	71	1.20671
30	83	1.20809
30	86	1.36744
30	96	1.27558
30	113	1.26458
30	130	0.651324
30	132	0.599879
30	140	0.678643
30	157	0.639262
30	160	1.27947
30	162	0.635072
31	22	1.09849
31	37	1.22279
31	38	1.22705
31	43	0.686796
31	59	1.13577
31	61	1.06083
31	73	1.14356
31	87	1.04288
31	101	1.08286
31	103	1.14441
31	126	0.846209
31	132	0.776169
31	144	0.812307
31	166	1.05007
32	42	1.49488
32	55	1.426
32	93	1.41258
32	127	0.843481
32	131	1.35726
32	134	1.35521
32	138	1.34875
32	142	1.35225
32	146	1.45985
32	149	0.4833
32	158	0.434323
32	171	0.449814
32	176	0.420188
32	180	0.657648
33	77	1.4956
33	101	1.46987
33	103	1.53142
33	114	1.51062
33	119	1.49374
33	122	1.46189
33	142	0.505974
33	143	0.500268
33	146	0.411324
33	157	0.429898
33	166	1.43707
33	169	0.709
33	171	0.530995
34	21	1.35088
34	76	1.42765
34	100	1.36526
34	112	1.42456
34	117	1.35049
34	120	1.39759
34	123	1.44471
34	136	0.48735
34	145	1.43937
34	167	0.509538
34	169	0.661055
34	176	0.453423
34	178	0.608849
34	179	0.569779
35	1	1.26716
35	25	1.2147
35	62	1.31611
35	75	1.27531
35	102	1.15937
35	105	1.21648
35	115	1.31637
35	128	1.21925
35	129	1.22027
35	152	0.616782
35	154	0.679837
35	155	0.571801
35	164	0.653902
35	167	0.684286
36	15	1.42177
36	23	1.34598
36	52	1.38416
36	62	1.48933
36	75	1.44852
36	102	1.33258
36	105	1.3897
36	116	0.519688
36	129	1.39348
36	155	0.472072
36	158	0.542578
36	161	0.597334
36	165	0.573124
36	167	0.584557
37	31	1.22279
37	59	1.46758
37	61	1.39264
37	73	1.47537
37	87	1.37469
37	101	1.41467
37	103	1.47622
37	162	0.381083
37	166	1.38188
37	169	0.664374
37	170	0.496388
37	173	0.562877
37	178	0.612169
37	179	0.573099
38	22	1.43456
38	31	1.22705
38	61	1.3969
38	73	1.47963
38	74	0.66569
38	87	1.37895
38	101	1.41893
38	103	1.48048
38	146	0.467459
38	156	0.512755
38	162	0.481843
38	164	0.583234
38	166	1.38614
38	168	0.57515
39	64	1.34016
39	91	1.39828
39	100	1.37205
39	112	1.43135
39	117	1.35728
39	120	1.40438
39	123	1.4515
39	125	0.414841
39	145	1.44616
39	169	0.701011
39	170	0.533025
39	172	0.548504
39	173	0.599514
39	176	0.49338
40	64	1.17375
40	76	1.26804
40	100	1.20565
40	112	1.26494
40	117	1.19087
40	120	1.23798
40	123	1.2851
40	139	1.29637
40	145	1.27975
40	151	0.592361
40	152	0.640418
40	162	0.576146
40	170	0.691451
40	172	0.706931
41	90	1.38089
41	97	1.31465
41	104	1.40021
41	114	1.42473
41	119	1.40785
41	122	1.376
41	126	0.511637
41	130	0.493043
41	156	0.507703
41	160	1.4353
41	162	1.46134
41	163	0.605613
41	166	0.566592
41	177	0.601489
42	32	1.49488
42	74	0.602772
42	110	1.46021
42	118	1.42439
42	130	0.435176
42	131	1.40247
42	138	1.39396
42	146	1.50505
42	157	0.423114
42	168	0.512231
42	169	1.2403
42	173	1.28253
42	174	0.580335
42	180	0.732045
43	9	0.37132
43	31	0.686796
43	77	0.352151
43	82	0.338663
43	86	0.350338
43	131	0.376889
43	154	1.3907
43	155	1.52644
43	158	1.49081
43	175	1.33421
43	176	1.48925
43	178	1.33384
43	179	1.34914
43	180	1.28644
44	66	0.471096
44	91	0.40169
44	102	0.489043
44	104	0.408374
44	138	0.425154
44	152	1.38213
44	159	1.35649
44	171	1.35871
44	175	1.25246
44	177	1.32531
44	178	1.25209
44	179	1.26739
44	180	1.20469
45	2	1.30365
45	6	1.31535
45	80	1.43931
45	92	1.43622
45	106	1.42146
45	121	1.42775
45	129	1.42933
45	141	1.42912
45	142	0.494523
45	152	0.478528
45	165	0.534599
45	170	0.529562
45	178	0.645343
45	179	0.606273
46	27	0.376654
46	79	0.42642
46	114	0.403144
46	128	0.413669
46	129	0.405946
46	142	1.49211
46	150	1.49988
46	160	0.36665
46	174	1.40535
46	175	1.35242
46	177	1.42527
46	178	1.35205
46	179	1.36736
46	180	1.30465
47	97	1.29007
47	104	1.37563
47	108	1.55154
47	114	1.40014
47	119	1.38326
47	122	1.35142
47	153	0.486506
47	158	0.50579
47	160	1.41072
47	161	0.560546
47	162	1.43675
47	173	0.597788
47	176	0.491654
47	178	0.64708
48	52	0.509308
48	84	0.448021
48	131	0.511552
48	139	0.479853
48	148	1.40845
48	158	1.33888
48	160	0.44325
48	161	1.2664
48	174	1.2352
48	175	1.18227
48	177	1.25512
48	178	1.1819
48	179	1.19721
48	180	1.1345
49	13	0.515126
49	93	1.44202
49	99	1.42823
49	110	1.44445
49	126	0.525141
49	131	1.3867
49	133	0.470301
49	134	1.38466
49	138	1.3782
49	139	1.47185
49	144	0.49124
49	156	0.521207
49	173	1.26676
49	179	0.68231
50	17	1.36783
50	28	1.45429
50	51	1.31079
50	58	0.418172
50	98	1.2686
50	107	1.30439
50	109	1.35716
50	135	1.40932
50	152	0.498934
50	168	1.24331
50	171	0.539948
50	173	0.616456
50	176	1.28846
50	178	0.665748
50	180	0.747783
51	17	1.38723
51	50	1.31079
51	60	1.32361
51	63	1.42455
51	85	0.525108
51	98	1.288
51	107	1.32379
51	109	1.37657
51	144	0.550545
51	147	0.538842
51	155	0.56889
51	166	0.639401
51	168	1.26271
51	170	0.664905
51	176	1.30787
52	23	1.25996
52	25	1.30189
52	36	1.38416
52	48	0.509308
52	69	1.40419
52	75	1.3625
52	102	1.24656
52	105	1.30368
52	115	1.40357
52	132	1.33841
52	150	0.54692
52	158	0.589007
52	161	0.643763
52	162	0.499211
52	165	0.619553
53	29	1.36197
53	65	1.26292
53	66	1.26171
53	71	1.27495
53	86	1.43568
53	95	1.37689
53	96	1.34382
53	113	1.33282
53	136	0.588458
53	137	0.517091
53	152	0.543143
53	160	1.34771
53	165	0.599213
53	166	0.568673
53	179	0.670887
54	3	1.35212
54	80	1.32177
54	92	1.31868
54	106	1.30392
54	121	1.31021
54	126	0.508846
54	129	1.31179
54	135	1.41703
54	141	1.31158
54	145	1.35436
54	157	0.478189
54	159	0.579402
54	173	0.655793
54	177	0.598697
54	179	0.666014
55	18	1.45496
55	32	1.426
55	110	1.39133
55	118	1.35551
55	131	1.33359
55	132	0.513725
55	133	0.528924
55	134	1.33154
55	138	1.32508
55	140	0.592488
55	152	0.613189
55	155	0.568208
55	165	0.669259
55	169	1.17142
55	173	1.21365
56	78	1.43734
56	110	1.39284
56	127	0.50965
56	131	1.33509
56	133	0.506052
56	134	1.33305
56	137	1.35459
56	138	1.32658
56	146	1.43768
56	147	0.515288
56	161	0.670597
56	163	0.654868
56	169	1.17292
56	171	0.631332
56	173	1.21515
57	10	0.450825
57	78	0.489229
57	89	1.45723
57	93	0.433542
57	101	0.421975
57	105	0.35256
57	106	1.39841
57	121	1.4047
57	122	0.44441
57	141	1.40607
57	164	1.35109
57	177	1.30846
57	178	1.23524
57	179	1.25055
57	180	1.18784
58	10	0.498595
58	18	0.439365
58	50	0.418172
58	98	0.469885
58	104	0.464883
58	113	0.465995
58	150	1.42387
58	153	1.41127
58	171	1.38266
58	172	1.35991
58	175	1.27641
58	177	1.34926
58	178	1.27604
58	179	1.29134
58	180	1.22864
59	22	1.34328
59	31	1.13577
59	37	1.46758
59	68	1.31132
59	87	1.28767
59	101	1.32765
59	103	1.3892
59	115	1.44478
59	137	0.598062
59	144	0.560787
59	146	0.545458
59	148	0.574328
59	158	0.649638
59	162	0.559842
59	166	1.29486
60	10	1.35871
60	20	1.27142
60	51	1.32361
60	63	1.41796
60	98	1.28142
60	109	1.36998
60	124	0.607188
60	130	0.476677
60	135	1.42214
60	146	0.44604
60	149	0.599197
60	168	1.25613
60	176	1.30128
60	177	0.585123
60	180	0.773545
61	22	1.26834
61	31	1.06083
61	37	1.39264
61	38	1.3969
61	73	1.31341
61	87	1.21273
61	101	1.25271
61	103	1.31426
61	115	1.36984
61	136	0.599544
61	156	0.52087
61	163	0.618781
61	166	1.21992
61	171	0.595244
61	173	0.671752
61	179	0.681973
62	1	1.45952
62	35	1.31611
62	36	1.48933
62	69	1.50936
62	102	1.35173
62	105	1.40884
62	124	0.555754
62	128	1.41161
62	129	1.41263
62	132	1.44358
62	144	0.409936
62	162	0.40899
62	168	0.502297
62	174	0.570401
62	179	0.601006
62	180	0.722111
63	10	1.45965
63	20	1.37235
63	28	1.56805
63	51	1.42455
63	60	1.41796
63	98	1.38235
63	107	1.41814
63	125	0.459419
63	126	0.497144
63	140	0.505868
63	151	0.478512
63	155	0.481587
63	168	1.35706
63	176	1.40222
63	178	0.693383
63	179	0.654313
64	39	1.34016
64	40	1.17375
64	70	1.36476
64	88	1.32082
64	91	1.24803
64	112	1.2811
64	117	1.20703
64	120	1.25413
64	123	1.30125
64	125	0.562026
64	137	0.603125
64	139	1.31253
64	144	0.56585
64	152	0.629176
64	153	0.635417
64	154	0.692231
65	30	1.19467
65	53	1.26292
65	66	1.2066
65	72	1.35854
65	83	1.22122
65	86	1.38057
65	96	1.28871
65	109	1.31537
65	113	1.27771
65	116	0.63548
65	125	0.565695
65	127	0.552178
65	146	0.55419
65	149	0.707346
65	159	0.673977
65	160	1.2926
66	30	1.19347
66	44	0.471096
66	53	1.26171
66	65	1.2066
66	71	1.21864
66	72	1.35734
66	86	1.37937
66	95	1.32058
66	96	1.28751
66	113	1.27651
66	147	0.533337
66	151	0.56031
66	160	1.2914
66	168	0.637402
66	177	0.668793
66	179	0.73611
67	79	1.50988
67	84	1.58645
67	116	0.500233
67	118	1.44832
67	124	0.58009
67	131	1.42639
67	134	1.42435
67	136	0.542913
67	138	1.41788
67	142	1.42138
67	143	0.507887
67	149	0.572099
67	169	1.26423
67	173	1.30645
67	176	0.508987
67	177	0.558025
68	30	1.2118
68	59	1.31132
68	87	1.21843
68	95	1.33891
68	96	1.30584
68	101	1.2584
68	103	1.31996
68	113	1.29484
68	152	0.565508
68	157	0.505427
68	160	1.30973
68	166	1.22561
68	168	0.594544
68	173	0.683031
68	175	0.711805
68	177	0.625935
69	1	1.4604
69	15	1.4418
69	23	1.36601
69	52	1.40419
69	62	1.50936
69	102	1.35261
69	105	1.40973
69	128	1.41249
69	132	1.44447
69	151	0.431068
69	161	0.559404
69	162	0.414853
69	164	0.516244
69	172	0.545637
69	174	0.576264
69	180	0.727974
70	7	1.46814
70	19	1.38918
70	64	1.36476
70	91	1.42289
70	100	1.39666
70	117	1.38189
70	120	1.42899
70	123	1.47611
70	132	0.473017
70	145	1.47077
70	146	0.493826
70	147	0.497452
70	155	0.5275
70	156	0.539122
70	159	0.613613
70	170	0.623515
71	5	1.31378
71	29	1.3189
71	30	1.20671
71	53	1.27495
71	66	1.21864
71	83	1.23326
71	95	1.33381
71	96	1.30074
71	113	1.28975
71	133	0.551487
71	146	0.557096
71	152	0.635752
71	156	0.602393
71	157	0.57567
71	160	1.30464
71	179	0.763496
72	29	1.4576
72	65	1.35854
72	66	1.35734
72	83	1.37196
72	95	1.47252
72	96	1.43945
72	109	1.46611
72	113	1.42845
72	132	0.457766
72	146	0.478575
72	152	0.55723
72	157	0.497149
72	160	1.44334
72	164	0.59435
72	165	0.6133
72	176	0.568619
73	14	1.40568
73	31	1.14356
73	37	1.47537
73	38	1.47963
73	61	1.31341
73	74	0.636702
73	87	1.29546
73	101	1.33544
73	103	1.39699
73	111	0.545534
73	115	1.45257
73	140	0.496426
73	157	0.457045
73	166	1.30265
73	169	0.736146
73	170	0.56816
73	176	0.528515
74	38	0.66569
74	42	0.602772
74	73	0.636702
74	110	0.666398
74	113	0.666333
74	136	1.18982
74	152	1.18357
74	153	1.18875
74	158	1.2105
74	170	1.14991
74	171	1.16014
74	175	1.05389
74	176	1.20894
74	177	1.12674
74	178	1.05352
74	179	1.06883
74	180	1.00612
75	23	1.32432
75	25	1.36625
75	35	1.27531
75	36	1.44852
75	52	1.3625
75	102	1.31093
75	105	1.36804
75	124	0.579879
75	128	1.3708
75	129	1.37182
75	132	1.40278
75	148	0.447601
75	159	0.538518
75	163	0.561938
75	171	0.538401
75	177	0.557814
75	180	0.746236
76	34	1.42765
76	40	1.26804
76	85	0.496404
76	88	1.41511
76	100	1.31609
76	112	1.37539
76	117	1.30132
76	120	1.34842
76	123	1.39554
76	127	0.5045
76	128	1.34661
76	139	1.40681
76	143	0.595456
76	150	0.568604
76	156	0.551808
76	165	0.641237
76	166	0.610697
77	33	1.4956
77	43	0.352151
77	97	1.23114
77	104	1.31671
77	108	1.49262
77	114	1.34122
77	119	1.32434
77	122	1.29249
77	125	1.37561
77	126	0.511564
77	143	0.551277
77	151	0.492932
77	160	1.3518
77	162	1.37783
77	174	0.638128
77	176	0.552377
77	180	0.789838
78	56	1.43734
78	57	0.489229
78	79	1.45058
78	85	0.528998
78	93	1.42241
78	118	1.38902
78	131	1.36709
78	133	0.533496
78	134	1.36505
78	138	1.35858
78	142	1.36208
78	147	0.542732
78	148	0.567975
78	150	0.601198
78	153	0.624001
78	169	1.20492
78	173	1.24715
79	46	0.42642
79	67	1.50988
79	78	1.45058
79	99	1.38987
79	111	0.585603
79	118	1.37026
79	131	1.34833
79	134	1.34629
79	138	1.33983
79	139	1.43348
79	143	0.567483
79	154	0.620249
79	158	0.582718
79	162	0.492923
79	165	0.613264
79	169	1.18617
79	173	1.22839
80	3	1.36708
80	6	1.21278
80	27	1.47463
80	45	1.43931
80	54	1.32177
80	89	1.37771
80	92	1.33365
80	106	1.31889
80	121	1.32518
80	133	0.484885
80	135	1.43199
80	146	0.490494
80	156	0.53579
80	162	0.504878
80	167	0.636653
80	173	0.686672
80	177	0.629576
81	2	1.1743
81	24	1.28867
81	97	1.20964
81	106	1.29211
81	108	1.47111
81	119	1.30283
81	121	1.2984
81	122	1.27099
81	135	1.40522
81	136	0.598263
81	144	0.489622
81	155	0.507967
81	160	1.33029
81	162	1.35632
81	164	0.590068
81	170	0.603982
81	175	0.699245
81	179	0.680692
82	4	1.28656
82	43	0.338663
82	90	1.4022
82	104	1.42152
82	108	1.59743
82	114	1.44603
82	119	1.42915
82	122	1.3973
82	125	1.48042
82	132	0.428037
82	143	0.537789
82	157	0.46742
82	160	1.45661
82	162	1.48264
82	168	0.556536
82	173	0.645023
82	176	0.538889
82	179	0.655245
83	5	1.31516
83	9	1.38969
83	30	1.20809
83	65	1.22122
83	71	1.23326
83	72	1.37196
83	86	1.39398
83	95	1.33519
83	109	1.32879
83	113	1.29112
83	148	0.500918
83	150	0.534141
83	154	0.613759
83	160	1.30602
83	163	0.615255
83	172	0.617216
83	177	0.611131
83	179	0.678448
84	48	0.448021
84	67	1.58645
84	110	1.48265
84	118	1.44683
84	134	1.42285
84	137	1.4444
84	138	1.41639
84	139	1.51005
84	144	0.43887
84	146	1.52749
84	147	0.427167
84	149	0.576697
84	155	0.457215
84	158	0.52772
84	169	1.26273
84	171	0.543211
84	173	1.30496
84	180	0.751045
85	5	0.482125
85	24	0.497003
85	51	0.525108
85	76	0.496404
85	78	0.528998
85	89	0.424451
85	94	1.41419
85	118	0.483286
85	132	1.43812
85	154	1.29299
85	163	1.31739
85	171	1.34274
85	172	1.32
85	174	1.28942
85	175	1.2365
85	177	1.30935
85	179	1.25143
85	180	1.18872
86	9	1.54904
86	29	1.47963
86	30	1.36744
86	43	0.350338
86	53	1.43568
86	65	1.38057
86	66	1.37937
86	83	1.39398
86	95	1.49454
86	113	1.45047
86	125	0.472026
86	137	0.513124
86	156	0.505817
86	158	0.5647
86	160	1.46537
86	168	0.568211
86	170	0.590209
86	172	0.605688
87	14	1.305
87	31	1.04288
87	37	1.37469
87	38	1.37895
87	59	1.28767
87	61	1.21273
87	68	1.21843
87	73	1.29546
87	101	1.23476
87	103	1.29631
87	115	1.35189
87	133	0.517329
87	146	0.522939
87	150	0.585031
87	163	0.666145
87	166	1.20197
87	168	0.63063
87	174	0.698733
87	175	0.747891
88	21	1.33833
88	64	1.32082
88	76	1.41511
88	91	1.37895
88	100	1.35272
88	112	1.41202
88	117	1.33794
88	120	1.38505
88	123	1.43217
88	128	1.38324
88	130	0.512416
88	139	1.44344
88	142	0.57643
88	143	0.570724
88	148	0.510649
88	152	0.560435
88	157	0.500354
88	159	0.601567
88	165	0.616505
89	2	1.24205
89	3	1.40806
89	24	1.35642
89	57	1.45723
89	80	1.37771
89	85	0.424451
89	92	1.37462
89	107	1.36803
89	121	1.36615
89	124	0.595706
89	129	1.36773
89	135	1.47297
89	145	1.4103
89	153	0.519454
89	154	0.576269
89	164	0.550334
89	165	0.569284
89	167	0.580717
89	171	0.554229
90	26	1.28017
90	41	1.38089
90	82	1.4022
90	94	0.498299
90	104	1.28789
90	108	1.4638
90	114	1.31241
90	119	1.29553
90	122	1.26368
90	124	0.621562
90	125	1.3468
90	140	0.518369
90	141	1.29246
90	143	0.549358
90	156	0.505711
90	160	1.32298
90	161	0.61935
90	162	1.34902
90	176	0.550458
90	180	0.787919
91	7	1.35141
91	12	0.524372
91	19	1.27245
91	39	1.39828
91	44	0.40169
91	64	1.24803
91	70	1.42289
91	88	1.37895
91	100	1.27993
91	112	1.33923
91	117	1.26515
91	120	1.31226
91	123	1.35938
91	127	0.458293
91	139	1.37065
91	154	0.602015
91	166	0.56449
91	176	0.550349
91	177	0.599388
91	180	0.78781
92	3	1.364
92	6	1.20969
92	24	1.31236
92	45	1.43622
92	54	1.31868
92	80	1.33365
92	89	1.37462
92	106	1.3158
92	107	1.32397
92	111	0.589223
92	116	0.563449
92	121	1.32209
92	125	0.493665
92	129	1.32367
92	133	0.47655
92	145	1.36624
92	171	0.601829
92	172	0.627327
92	173	0.678337
92	177	0.621242
93	11	1.27299
93	32	1.41258
93	49	1.44202
93	57	0.433542
93	78	1.42241
93	99	1.36169
93	110	1.37791
93	126	0.532649
93	131	1.32016
93	134	1.31812
93	138	1.31166
93	139	1.40531
93	143	0.572362
93	157	0.501992
93	161	0.642354
93	169	1.158
93	171	0.603089
93	173	1.20022
93	175	0.708371
93	176	0.573462
94	7	0.536383
94	8	0.658017
94	85	1.41419
94	90	0.498299
94	115	0.455887
94	122	0.53217
94	138	0.521653
94	145	0.472176
94	154	1.20963
94	156	1.34324
94	159	1.25717
94	161	1.23726
94	166	1.26999
94	170	1.24915
94	172	1.23664
94	174	1.20606
94	175	1.15314
94	178	1.15277
94	179	1.16807
94	180	1.10537
95	5	1.41572
95	9	1.49025
95	29	1.42084
95	53	1.37689
95	66	1.32058
95	68	1.33891
95	71	1.33381
95	72	1.47252
95	83	1.33519
95	86	1.49454
95	111	0.595565
95	113	1.39168
95	132	0.467692
95	146	0.488501
95	151	0.5191
95	156	0.533798
95	157	0.507075
95	160	1.40657
95	161	0.647437
95	166	0.592686
95	176	0.578545
96	5	1.38265
96	9	1.45718
96	29	1.38777
96	30	1.27558
96	53	1.34382
96	65	1.28871
96	66	1.28751
96	68	1.30584
96	71	1.30074
96	72	1.43945
96	109	1.39628
96	113	1.35861
96	124	0.588764
96	140	0.485572
96	146	0.427617
96	160	1.37351
96	164	0.543392
96	165	0.562342
96	167	0.573775
96	169	0.725292
96	173	0.623795
96	174	0.603412
97	26	1.21393
97	41	1.31465
97	47	1.29007
97	77	1.23114
97	81	1.20964
97	104	1.22165
97	108	1.39756
97	114	1.24616
97	119	1.22929
97	122	1.19744
97	125	1.28056
97	137	0.553033
97	140	0.558384
97	141	1.22622
97	149	0.653585
97	151	0.531027
97	160	1.25674
97	162	1.28278
97	166	0.604614
97	167	0.646587
97	169	0.798104
97	179	0.706828
98	10	1.3231
98	16	1.35682
98	17	1.34503
98	20	1.23581
98	28	1.4315
98	50	1.2686
98	51	1.288
98	58	0.469885
98	60	1.28142
98	63	1.38235
98	107	1.28159
98	109	1.33437
98	135	1.38653
98	146	0.471991
98	155	0.505665
98	161	0.630927
98	162	0.486375
98	168	1.22051
98	169	0.769666
98	170	0.60168
98	173	0.668169
98	174	0.647786
98	176	1.26567
99	11	1.2592
99	49	1.42823
99	79	1.38987
99	93	1.36169
99	110	1.36412
99	118	1.3283
99	131	1.30637
99	134	1.30433
99	137	1.32588
99	138	1.29787
99	142	1.30136
99	146	1.40896
99	151	0.480211
99	156	0.494909
99	163	0.592819
99	166	0.553798
99	169	1.14421
99	172	0.594781
99	173	1.18644
99	174	0.625407
99	175	0.674565
99	176	0.539657
99	180	0.777117
100	7	1.32519
100	34	1.36526
100	39	1.37205
100	40	1.20565
100	70	1.39666
100	76	1.31609
100	88	1.35272
100	91	1.27993
100	112	1.313
100	117	1.23893
100	120	1.28603
100	123	1.33315
100	128	1.28422
100	142	0.579731
100	145	1.32781
100	148	0.513951
100	150	0.547174
100	156	0.530378
100	159	0.604868
100	162	0.499465
100	169	0.782756
100	170	0.61477
100	174	0.660876
101	14	1.34498
101	22	1.29037
101	31	1.08286
101	33	1.46987
101	37	1.41467
101	38	1.41893
101	57	0.421975
101	59	1.32765
101	61	1.25271
101	68	1.2584
101	73	1.33544
101	87	1.23476
101	103	1.33629
101	115	1.39187
101	142	0.566501
101	151	0.50245
101	163	0.615058
101	164	0.587627
101	166	1.24195
101	170	0.60154
101	176	0.561895
101	178	0.717321
101	179	0.678251
102	1	1.30277
102	15	1.28417
102	23	1.20838
102	25	1.25031
102	35	1.15937
102	36	1.33258
102	44	0.489043
102	52	1.24656
102	62	1.35173
102	69	1.35261
102	75	1.31093
102	105	1.2521
102	115	1.35199
102	126	0.596888
102	127	0.545646
102	128	1.25487
102	129	1.25588
102	130	0.578294
102	132	1.28684
102	148	0.576527
102	157	0.566231
102	168	0.655348
102	171	0.667328
102	175	0.77261
103	14	1.40653
103	22	1.35192
103	31	1.14441
103	33	1.53142
103	37	1.47622
103	38	1.48048
103	59	1.3892
103	61	1.31426
103	68	1.31996
103	73	1.39699
103	87	1.29631
103	101	1.33629
103	115	1.45342
103	125	0.479395
103	127	0.465878
103	140	0.525845
103	143	0.556834
103	144	0.483219
103	164	0.583665
103	166	1.3035
103	168	0.575581
103	174	0.643685
103	175	0.692842
103	177	0.606972
104	4	1.17226
104	13	0.506204
104	41	1.40021
104	44	0.408374
104	47	1.37563
104	58	0.464883
104	77	1.31671
104	82	1.42152
104	90	1.28789
104	97	1.22165
104	108	1.48313
104	114	1.33173
104	119	1.31485
104	122	1.283
104	125	1.36612
104	141	1.31179
104	147	0.470616
104	152	0.545645
104	154	0.6087
104	158	0.571169
104	160	1.34231
104	162	1.36834
104	167	0.613148
104	171	0.586659
104	180	0.794494
105	1	1.35989
105	12	0.466503
105	15	1.34128
105	23	1.26549
105	25	1.30742
105	35	1.21648
105	36	1.3897
105	52	1.30368
105	57	0.35256
105	62	1.40884
105	69	1.40973
105	75	1.36804
105	102	1.2521
105	115	1.4091
105	116	0.483726
105	128	1.31198
105	129	1.313
105	132	1.34395
105	167	0.548595
105	169	0.700111
105	172	0.547604
105	173	0.598614
105	174	0.578231
105	178	0.647906
105	180	0.729941
106	6	1.19493
106	24	1.2976
106	27	1.45679
106	45	1.42146
106	54	1.30392
106	57	1.39841
106	80	1.31889
106	81	1.29211
106	92	1.3158
106	107	1.30921
106	111	0.59801
106	121	1.30733
106	129	1.30891
106	135	1.41415
106	137	0.54355
106	141	1.3087
106	142	0.585596
106	145	1.35148
106	146	0.490946
106	150	0.553039
106	151	0.521545
106	154	0.632657
106	170	0.620635
106	173	0.687124
106	176	0.58099
107	2	1.1914
107	10	1.35889
107	27	1.46496
107	50	1.30439
107	51	1.32379
107	63	1.41814
107	89	1.36803
107	92	1.32397
107	98	1.28159
107	106	1.30921
107	121	1.3155
107	135	1.42232
107	140	0.558924
107	145	1.35965
107	147	0.504596
107	148	0.529839
107	151	0.531568
107	153	0.585865
107	159	0.620756
107	162	0.515353
107	168	1.2563
107	170	0.630658
107	173	0.697147
107	176	1.30146
107	177	0.640052
108	8	1.33261
108	47	1.55154
108	77	1.49262
108	81	1.47111
108	82	1.59743
108	90	1.4638
108	97	1.39756
108	104	1.48313
108	114	1.50764
108	119	1.49076
108	122	1.45891
108	141	1.4877
108	151	0.39532
108	160	1.51822
108	161	0.523657
108	162	1.54425
108	163	0.507928
108	164	0.480497
108	165	0.499447
108	166	0.468907
108	167	0.51088
108	169	0.662397
108	173	0.5609
108	176	0.454766
108	177	0.503804
108	178	0.610191
109	5	1.40931
109	28	1.52007
109	50	1.35716
109	51	1.37657
109	60	1.36998
109	65	1.31537
109	72	1.46611
109	83	1.32879
109	96	1.39628
109	98	1.33437
109	113	1.38528
109	124	0.56317
109	135	1.47509
109	140	0.459978
109	142	0.496673
109	153	0.486919
109	159	0.52181
109	160	1.40017
109	163	0.545229
109	168	1.30908
109	172	0.547191
109	174	0.577817
109	175	0.626975
109	176	1.35424
109	177	0.541105
109	180	0.729527
110	11	1.27542
110	42	1.46021
110	49	1.44445
110	55	1.39133
110	56	1.39284
110	74	0.666398
110	84	1.48265
110	93	1.37791
110	99	1.36412
110	118	1.34452
110	125	0.479672
110	131	1.32259
110	134	1.32054
110	137	1.34209
110	138	1.31408
110	139	1.40774
110	151	0.498766
110	153	0.553063
110	155	0.501841
110	162	0.482551
110	164	0.583942
110	166	0.572352
110	169	1.16042
110	173	1.20265
110	174	0.643962
110	176	0.558211
110	179	0.674566
111	17	0.568753
111	73	0.545534
111	79	0.585603
111	92	0.589223
111	95	0.595565
111	106	0.59801
111	120	0.584507
111	124	1.21907
111	126	1.2754
111	137	1.26881
111	139	0.562436
111	143	1.26679
111	148	1.33079
111	150	1.25207
111	154	1.1611
111	158	1.26122
111	160	0.525833
111	168	1.2145
111	171	1.21086
111	172	1.18811
111	173	1.12937
111	175	1.10461
111	176	1.25966
111	177	1.17746
111	178	1.10424
111	179	1.11955
111	180	1.05684
112	7	1.38448
112	19	1.30552
112	21	1.29861
112	34	1.42456
112	39	1.43135
112	40	1.26494
112	64	1.2811
112	76	1.37539
112	88	1.41202
112	91	1.33923
112	100	1.313
112	117	1.29822
112	120	1.34532
112	123	1.39244
112	127	0.435726
112	128	1.34352
112	144	0.453067
112	145	1.3871
112	150	0.49983
112	156	0.483034
112	165	0.572463
112	167	0.583896
112	172	0.582906
112	174	0.613533
112	175	0.66269
112	179	0.644137
112	180	0.765243
113	5	1.37165
113	9	1.44618
113	29	1.37677
113	30	1.26458
113	53	1.33282
113	58	0.465995
113	65	1.27771
113	66	1.27651
113	68	1.29484
113	71	1.28975
113	72	1.42845
113	74	0.666333
113	83	1.29112
113	86	1.45047
113	95	1.39168
113	96	1.35861
113	109	1.38528
113	126	0.517332
113	127	0.466089
113	130	0.498738
113	137	0.520705
113	142	0.562751
113	157	0.486675
113	160	1.36251
113	166	0.572286
113	169	0.765776
113	177	0.607184
114	4	1.19677
114	8	1.18121
114	26	1.324
114	33	1.51062
114	41	1.42473
114	46	0.403144
114	47	1.40014
114	77	1.34122
114	82	1.44603
114	90	1.31241
114	97	1.24616
114	104	1.33173
114	108	1.50764
114	119	1.33936
114	122	1.30751
114	124	0.616411
114	141	1.3363
114	152	0.533919
114	154	0.596974
114	157	0.473838
114	158	0.559443
114	162	1.39285
114	166	0.559449
114	171	0.574934
114	172	0.600432
114	177	0.594346
114	178	0.700733
115	14	1.46211
115	23	1.36538
115	35	1.31637
115	52	1.40357
115	59	1.44478
115	61	1.36984
115	73	1.45257
115	87	1.35189
115	94	0.455887
115	101	1.39187
115	102	1.35199
115	103	1.45342
115	105	1.4091
115	127	0.415991
115	128	1.41187
115	129	1.41289
115	130	0.448639
115	132	1.44384
115	142	0.512652
115	147	0.421629
115	149	0.571159
115	154	0.559713
115	166	1.35908
115	167	0.564161
115	169	0.715677
115	172	0.56317
115	175	0.642955
115	179	0.624402
116	14	0.542865
116	36	0.519688
116	65	0.63548
116	67	0.500233
116	92	0.563449
116	105	0.483726
116	121	0.550705
116	122	0.575576
116	126	1.29765
116	134	0.587073
116	145	0.515582
116	147	1.40361
116	154	1.18335
116	155	1.3191
116	156	1.31697
116	158	1.28347
116	161	1.21099
116	163	1.20776
116	166	1.24372
116	167	1.21936
116	170	1.22288
116	171	1.23311
116	172	1.21036
116	174	1.17979
116	175	1.12686
116	177	1.19971
116	178	1.12649
116	179	1.1418
116	180	1.07909
117	7	1.31041
117	19	1.23145
117	21	1.22454
117	34	1.35049
117	39	1.35728
117	40	1.19087
117	64	1.20703
117	70	1.38189
117	76	1.30132
117	88	1.33794
117	91	1.26515
117	100	1.23893
117	112	1.29822
117	120	1.27125
117	123	1.31837
117	124	0.652071
117	127	0.488911
117	128	1.26945
117	136	0.614894
117	139	1.32965
117	142	0.585573
117	145	1.31303
117	148	0.519793
117	149	0.64408
117	151	0.521522
117	166	0.595109
117	170	0.620612
117	172	0.636091
117	180	0.818428
118	13	0.532609
118	18	1.40814
118	42	1.42439
118	55	1.35551
118	67	1.44832
118	78	1.38902
118	79	1.37026
118	84	1.44683
118	85	0.483286
118	99	1.3283
118	110	1.34452
118	130	0.52403
118	131	1.28677
118	134	1.28472
118	137	1.30627
118	138	1.27826
118	139	1.37192
118	142	1.28175
118	146	1.38935
118	147	0.49702
118	149	0.64655
118	155	0.527068
118	156	0.53869
118	157	0.511968
118	158	0.597573
118	161	0.652329
118	169	1.1246
118	173	1.16683
118	174	0.669189
118	177	0.632476
119	4	1.17989
119	8	1.16434
119	26	1.30712
119	33	1.49374
119	41	1.40785
119	47	1.38326
119	77	1.32434
119	81	1.30283
119	82	1.42915
119	90	1.29553
119	97	1.22929
119	104	1.31485
119	108	1.49076
119	114	1.33936
119	122	1.29063
119	132	0.478537
119	133	0.493736
119	137	0.55195
119	141	1.31942
119	142	0.593996
119	146	0.499346
119	149	0.652502
119	155	0.53302
119	159	0.619133
119	160	1.34994
119	162	1.37597
119	164	0.615121
119	165	0.634071
119	168	0.607037
119	173	0.695524
120	7	1.35751
120	19	1.27855
120	21	1.27164
120	34	1.39759
120	39	1.40438
120	40	1.23798
120	64	1.25413
120	70	1.42899
120	76	1.34842
120	88	1.38505
120	91	1.31226
120	100	1.28603
120	111	0.584507
120	112	1.34532
120	117	1.27125
120	123	1.36548
120	128	1.31655
120	137	0.530047
120	139	1.37675
120	145	1.36013
120	146	0.477443
120	148	0.506313
120	150	0.539536
120	153	0.562339
120	155	0.511117
120	156	0.52274
120	165	0.612168
120	167	0.623602
120	175	0.702396
120	178	0.722913
121	2	1.18952
121	3	1.35553
121	6	1.20122
121	24	1.30389
121	27	1.46308
121	45	1.42775
121	54	1.31021
121	57	1.4047
121	80	1.32518
121	81	1.2984
121	89	1.36615
121	92	1.32209
121	106	1.30733
121	107	1.3155
121	116	0.550705
121	129	1.3152
121	135	1.42044
121	141	1.31499
121	144	0.484745
121	145	1.35777
121	153	0.554312
121	158	0.573595
121	159	0.589203
121	161	0.628351
121	162	0.4838
121	165	0.604141
121	172	0.614584
121	174	0.64521
121	176	0.55946
121	177	0.608498
122	4	1.14804
122	8	1.13249
122	26	1.27528
122	33	1.46189
122	41	1.376
122	47	1.35142
122	57	0.44441
122	77	1.29249
122	81	1.27099
122	82	1.3973
122	90	1.26368
122	94	0.53217
122	97	1.19744
122	104	1.283
122	108	1.45891
122	114	1.30751
122	116	0.575576
122	119	1.29063
122	125	1.34191
122	127	0.492274
122	137	0.54689
122	141	1.28757
122	151	0.524885
122	154	0.635996
122	159	0.614073
122	160	1.31809
122	162	1.34413
122	167	0.640445
122	168	0.601977
122	176	0.58433
122	178	0.739756
123	7	1.40463
123	19	1.32567
123	21	1.31876
123	34	1.44471
123	39	1.4515
123	40	1.2851
123	64	1.30125
123	70	1.47611
123	76	1.39554
123	88	1.43217
123	91	1.35938
123	100	1.33315
123	112	1.39244
123	117	1.31837
123	120	1.36548
123	124	0.639404
123	128	1.36367
123	132	0.457448
123	139	1.42387
123	142	0.572907
123	145	1.40725
123	146	0.478257
123	147	0.481883
123	148	0.507126
123	151	0.508855
123	155	0.511931
123	161	0.637192
123	166	0.582442
123	170	0.607946
123	171	0.597927
123	173	0.674435
124	60	0.607188
124	62	0.555754
124	67	0.58009
124	75	0.579879
124	89	0.595706
124	90	0.621562
124	96	0.588764
124	109	0.56317
124	111	1.21907
124	114	0.616411
124	117	0.652071
124	123	0.639404
124	127	1.3098
124	136	1.22583
124	143	1.25208
124	147	1.36665
124	148	1.31608
124	150	1.23736
124	151	1.32341
124	152	1.21958
124	154	1.14639
124	156	1.28001
124	163	1.1708
124	164	1.20537
124	165	1.20219
124	170	1.18592
124	173	1.11466
124	174	1.14283
124	175	1.0899
124	177	1.16275
124	178	1.08953
124	179	1.10484
124	180	1.04213
125	4	1.23116
125	6	0.576498
125	8	1.21561
125	22	0.479705
125	39	0.414841
125	63	0.459419
125	64	0.562026
125	65	0.565695
125	77	1.37561
125	82	1.48042
125	86	0.472026
125	90	1.3468
125	92	0.493665
125	97	1.28056
125	103	0.479395
125	104	1.36612
125	110	0.479672
125	122	1.34191
125	128	0.477294
125	135	0.399287
125	138	0.495274
125	144	1.44596
125	148	1.42641
125	156	1.39034
125	160	1.40121
125	162	1.42725
125	167	1.29273
125	172	1.28374
125	174	1.25316
125	175	1.20023
125	177	1.27308
125	179	1.21517
125	180	1.15246
126	14	0.510806
126	15	0.519444
126	23	0.522342
126	31	0.846209
126	41	0.511637
126	49	0.525141
126	54	0.508846
126	63	0.497144
126	77	0.511564
126	93	0.532649
126	102	0.596888
126	111	1.2754
126	113	0.517332
126	116	1.29765
126	140	1.34941
126	142	1.28592
126	144	1.39195
126	153	1.28109
126	155	1.33846
126	157	1.37772
126	158	1.30284
126	164	1.2617
126	165	1.25852
126	166	1.26309
126	171	1.25248
126	172	1.22973
126	173	1.17099
126	175	1.14623
126	176	1.30128
126	177	1.21908
126	178	1.14586
126	179	1.16116
126	180	1.09846
127	11	0.621383
127	32	0.843481
127	56	0.50965
127	65	0.552178
127	76	0.5045
127	91	0.458293
127	102	0.545646
127	103	0.465878
127	112	0.435726
127	113	0.466089
127	115	0.415991
127	117	0.488911
127	122	0.492274
127	124	1.3098
127	136	1.33126
127	137	1.35954
127	150	1.3428
127	153	1.3302
127	154	1.25183
127	155	1.38757
127	156	1.38544
127	157	1.42683
127	159	1.29937
127	161	1.27946
127	164	1.31081
127	167	1.28783
127	170	1.29135
127	174	1.24826
127	175	1.19534
127	176	1.35038
127	177	1.26819
127	178	1.19497
127	179	1.21027
127	180	1.14757
128	1	1.36265
128	19	1.27675
128	21	1.26984
128	25	1.31019
128	35	1.21925
128	46	0.413669
128	62	1.41161
128	69	1.41249
128	75	1.3708
128	76	1.34661
128	88	1.38324
128	100	1.28422
128	102	1.25487
128	105	1.31198
128	112	1.34352
128	115	1.41187
128	117	1.26945
128	120	1.31655
128	123	1.36367
128	125	0.477294
128	132	1.34672
128	139	1.37495
128	143	0.554733
128	144	0.481118
128	145	1.35833
128	150	0.527881
128	158	0.569968
128	162	0.480172
128	165	0.600514
128	167	0.611947
128	172	0.610957
128	173	0.661967
128	177	0.604871
128	178	0.711258
128	179	0.672188
129	2	1.1911
129	15	1.34507
129	23	1.26928
129	25	1.31121
129	35	1.22027
129	36	1.39348
129	45	1.42933
129	46	0.405946
129	54	1.31179
129	62	1.41263
129	75	1.37182
129	89	1.36773
129	92	1.32367
129	102	1.25588
129	105	1.313
129	106	1.30891
129	115	1.41289
129	121	1.3152
129	132	1.34773
129	133	0.452456
129	135	1.42202
129	140	0.516021
129	141	1.31657
129	143	0.54701
129	145	1.35935
129	153	0.542962
129	154	0.599776
129	159	0.577853
129	168	0.565757
129	171	0.577736
129	173	0.654244
129	174	0.63386
129	175	0.683018
129	177	0.597148
129	178	0.703535
130	30	0.651324
130	41	0.493043
130	42	0.435176
130	60	0.476677
130	88	0.512416
130	102	0.578294
130	113	0.498738
130	115	0.448639
130	118	0.52403
130	133	1.40068
130	134	0.536419
130	137	1.32451
130	138	0.514405
130	139	0.486008
130	141	0.520435
130	144	1.40603
130	147	1.43705
130	149	1.25459
130	150	1.30776
130	151	1.39381
130	153	1.29516
130	154	1.21679
130	156	1.35041
130	163	1.2412
130	164	1.27577
130	165	1.27259
130	168	1.27019
130	171	1.26655
130	172	1.2438
130	174	1.21323
130	175	1.1603
130	177	1.23315
130	178	1.15993
130	179	1.17524
130	180	1.11253
131	11	1.21767
131	16	1.36634
131	32	1.35726
131	42	1.40247
131	43	0.376889
131	48	0.511552
131	49	1.3867
131	55	1.33359
131	56	1.33509
131	67	1.42639
131	78	1.36709
131	79	1.34833
131	93	1.32016
131	99	1.30637
131	110	1.32259
131	118	1.28677
131	132	0.466262
131	134	1.2628
131	137	1.28434
131	138	1.25634
131	139	1.34999
131	140	0.545026
131	142	1.25983
131	146	1.36743
131	155	0.520745
131	156	0.532367
131	164	0.602846
131	168	0.594762
131	169	1.10268
131	172	0.632239
131	173	1.1449
131	174	0.662866
131	175	0.712024
131	176	0.577115
131	177	0.626153
131	180	0.814576
132	5	0.471424
132	15	1.37602
132	25	1.34216
132	30	0.599879
132	31	0.776169
132	52	1.33841
132	55	0.513725
132	62	1.44358
132	69	1.44447
132	70	0.473017
132	72	0.457766
132	75	1.40278
132	82	0.428037
132	85	1.43812
132	95	0.467692
132	102	1.28684
132	105	1.34395
132	115	1.44384
132	119	0.478537
132	123	0.457448
132	128	1.34672
132	129	1.34773
132	131	0.466262
132	138	0.46296
132	139	0.434563
132	141	0.468989
132	152	1.30674
132	154	1.23355
132	159	1.2811
132	167	1.26956
132	174	1.22999
132	175	1.17706
132	177	1.24991
132	178	1.17669
132	179	1.192
132	180	1.12929
133	4	0.603614
133	21	0.490037
133	49	0.470301
133	55	0.528924
133	56	0.506052
133	71	0.551487
133	78	0.533496
133	80	0.484885
133	87	0.517329
133	92	0.47655
133	119	0.493736
133	129	0.452456
133	130	1.40068
133	134	0.500174
133	136	1.35174
133	145	0.428683
133	147	1.49257
133	149	1.3101
133	154	1.27231
133	156	1.40592
133	157	1.44731
133	161	1.29994
133	163	1.29672
133	164	1.33129
133	165	1.32811
133	167	1.30831
133	170	1.31183
133	171	1.32207
133	172	1.29932
133	173	1.24058
133	174	1.26875
133	175	1.21582
133	177	1.28867
133	178	1.21545
133	179	1.23075
133	180	1.16805
134	11	1.21563
134	18	1.38417
134	32	1.35521
134	49	1.38466
134	55	1.33154
134	56	1.33305
134	67	1.42435
134	78	1.36505
134	79	1.34629
134	84	1.42285
134	93	1.31812
134	99	1.30433
134	110	1.32054
134	116	0.587073
134	118	1.28472
134	130	0.536419
134	131	1.2628
134	133	0.500174
134	137	1.2823
134	138	1.25429
134	139	1.34795
134	142	1.25778
134	143	0.594727
134	144	0.521112
134	146	1.36538
134	150	0.567875
134	151	0.536382
134	152	0.584438
134	153	0.590679
134	157	0.524357
134	166	0.609968
134	168	0.613474
134	169	1.10063
134	173	1.14286
134	175	0.730735
134	176	0.595827
135	10	1.46382
135	17	1.48576
135	20	1.37653
135	27	1.56989
135	28	1.57222
135	50	1.40932
135	54	1.41703
135	60	1.42214
135	80	1.43199
135	81	1.40522
135	89	1.47297
135	98	1.38653
135	106	1.41415
135	107	1.42232
135	109	1.47509
135	121	1.42044
135	125	0.399287
135	129	1.42202
135	144	0.403111
135	145	1.46458
135	148	0.416651
135	151	0.41838
135	158	0.491961
135	161	0.546717
135	165	0.522507
135	168	1.36124
135	169	0.685457
135	170	0.51747
135	171	0.507452
135	173	0.583959
135	174	0.563576
135	175	0.612734
135	176	1.40639
135	177	0.526864
135	178	0.633251
135	179	0.594181
136	9	0.605473
136	18	0.565442
136	26	0.580773
136	27	0.552744
136	34	0.48735
136	53	0.588458
136	61	0.599544
136	67	0.542913
136	74	1.18982
136	81	0.598263
136	117	0.614894
136	124	1.22583
136	127	1.33126
136	133	1.35174
136	145	0.558263
136	148	1.33755
136	150	1.25883
136	151	1.34487
136	152	1.24104
136	153	1.24623
136	154	1.16786
136	157	1.34286
136	159	1.2154
136	160	0.54274
136	161	1.19549
136	163	1.19227
136	165	1.22366
136	171	1.21762
136	172	1.19487
136	173	1.13613
136	175	1.11137
136	177	1.18422
136	178	1.111
136	179	1.1263
136	180	1.0636
137	8	0.672736
