1	3	1.00134
1	4	0.893944
1	14	0.975925
1	18	0.878229
1	22	0.877361
1	31	0.947203
1	32	0.947158
1	37	0.947149
1	112	1.24353
1	114	0.957629
1	138	2.23563
1	163	2.62394
2	11	0.821225
2	23	0.898274
2	33	0.878073
2	38	0.870025
2	48	0.853753
2	50	0.853715
2	54	0.917342
2	128	2.12788
2	135	0.822699
2	141	0.767192
2	147	3.09135
2	177	0.742668
3	1	1.00134
3	4	0.888922
3	18	0.873207
3	20	0.970193
3	22	0.872339
3	31	0.942181
3	32	0.942136
3	37	0.942126
3	80	1.17608
3	85	3.73021
3	109	0.988381
3	128	1.4376
4	1	0.893944
4	3	0.888922
4	14	0.863505
4	18	0.765809
4	20	0.862796
4	22	0.764942
4	31	0.834784
4	32	0.834738
4	37	0.834729
4	109	0.880983
4	148	2.06436
4	163	3.24398
5	19	0.89176
5	47	0.944252
5	52	0.923911
5	65	0.912669
5	68	0.920105
5	70	0.982152
5	81	0.958131
5	130	0.938593
5	134	1.67537
5	139	2.92149
5	142	0.937706
5	178	3.22399
6	28	0.866892
6	79	0.839376
6	94	0.878279
6	95	0.815482
6	97	0.812186
6	98	0.880101
6	99	0.819239
6	100	0.806506
6	105	0.849432
6	107	0.838712
6	172	1.15945
6	179	5.21093
7	41	0.882417
7	42	0.857761
7	51	0.840714
7	63	0.824403
7	64	0.824291
7	71	0.824331
7	76	0.87834
7	82	1.98192
7	111	2.98727
7	140	0.871706
7	165	0.824303
7	176	0.792085
8	29	0.962145
8	89	0.927544
8	91	0.928609
8	96	0.920933
8	101	0.910114
8	102	0.961045
8	103	0.959305
8	104	0.899253
8	110	0.931944
8	113	2.99883
8	138	1.72284
8	165	1.62526
9	13	0.860685
9	15	0.88813
9	16	0.887146
9	27	0.886262
9	30	0.857431
9	34	0.83023
9	40	0.829784
9	116	0.855573
9	121	2.34058
9	130	0.821586
9	155	2.8893
9	167	0.7372
10	45	0.834662
10	47	0.831999
10	68	0.807852
10	70	0.8699
10	73	0.868339
10	75	0.868339
10	81	0.845878
10	130	0.82634
10	132	0.820098
10	142	0.825453
10	150	1.60542
10	167	3.93239
11	2	0.821225
11	17	0.80833
11	23	0.905892
11	33	0.885692
11	48	0.861372
11	50	0.861334
11	54	0.924961
11	135	0.830317
11	141	0.77481
11	170	3.57446
11	176	2.40305
11	177	0.750287
12	17	0.824645
12	33	0.902007
12	38	0.893959
12	48	0.877687
12	50	0.877649
12	54	0.941276
12	135	0.846633
12	141	0.791126
12	158	1.51148
12	177	0.766602
12	178	4.02272
13	9	0.860685
13	16	0.967449
13	27	0.966564
13	30	0.937733
13	34	0.910532
13	40	0.910086
13	60	0.920846
13	116	0.935876
13	130	0.901889
13	138	1.32628
13	141	3.19097
13	156	2.85774
13	167	0.817502
14	1	0.975925
14	4	0.863505
14	18	0.84779
14	20	0.944776
14	22	0.846922
14	31	0.916764
14	32	0.916719
14	37	0.91671
14	109	0.962964
14	114	0.92719
14	133	0.772038
14	135	2.0202
14	173	3.67192
15	9	0.88813
15	25	0.889439
15	34	0.937978
15	36	0.9463
15	40	0.937532
15	56	0.918506
15	57	0.922537
15	74	0.903605
15	122	1.70189
15	130	0.929334
15	160	1.65989
15	167	0.844948
15	172	3.27986
16	9	0.887146
16	13	0.967449
16	27	0.993026
16	30	0.964195
16	34	0.936994
16	40	0.936548
16	116	0.962338
16	130	0.92835
16	142	2.13571
16	153	2.17893
16	167	0.843964
16	171	2.00703
17	11	0.80833
17	12	0.824645
17	23	0.885379
17	33	0.865178
17	38	0.85713
17	48	0.840859
17	50	0.840821
17	54	0.904447
17	135	0.809804
17	139	3.31187
17	141	0.754297
17	177	0.729774
17	180	3.06364
18	1	0.878229
18	3	0.873207
18	4	0.765809
18	14	0.84779
18	20	0.847081
18	22	0.749227
18	31	0.819069
18	32	0.819023
18	37	0.819014
18	109	0.865268
18	114	0.829495
18	159	2.03508
18	169	3.64352
19	5	0.89176
19	49	0.825323
19	52	0.801275
19	65	0.790033
19	68	0.797469
19	73	0.857956
19	75	0.857956
19	81	0.835495
19	130	0.815957
19	132	0.809716
19	142	0.815071
19	160	1.3045
19	175	4.54212
20	3	0.970193
20	4	0.862796
20	14	0.944776
20	18	0.847081
20	22	0.846213
20	31	0.916055
20	32	0.91601
20	37	0.916
20	109	0.962254
20	114	0.926481
20	134	2.89285
20	145	2.10487
20	161	1.49023
21	25	0.787001
21	53	0.829363
21	56	0.816068
21	57	0.820099
21	74	0.801167
21	78	0.855029
21	83	0.855048
21	86	0.854767
21	118	0.811578
21	123	0.840336
21	124	0.83644
21	162	1.61986
21	174	4.57544
22	1	0.877361
22	3	0.872339
22	4	0.764942
22	14	0.846922
22	18	0.749227
22	20	0.846213
22	31	0.818201
22	32	0.818156
22	37	0.818146
22	60	2.62335
22	106	2.49459
22	109	0.8644
22	114	0.828627
23	2	0.898274
23	11	0.905892
23	17	0.885379
23	38	0.954693
23	48	0.938421
23	50	0.938383
23	54	1.00201
23	135	0.907366
23	141	0.851859
23	164	3.32202
23	169	1.46316
23	176	2.29325
23	177	0.827336
24	76	2.88545
24	106	0.805994
24	143	0.805373
24	155	0.78572
24	158	0.780382
24	166	0.71575
24	169	0.774328
24	170	0.739814
24	171	0.799405
24	174	0.719548
24	175	0.727077
24	179	0.706049
24	180	0.723395
25	15	0.889439
25	21	0.787001
25	44	0.837931
25	53	0.825362
25	57	0.816098
25	74	0.797166
25	78	0.851028
25	83	0.851046
25	84	0.778129
25	86	0.850766
25	124	0.832438
25	143	1.11246
25	174	5.12281
26	72	0.846147
26	87	0.825884
26	92	0.809346
26	94	0.862343
26	95	0.799546
26	98	0.864164
26	99	0.803302
26	100	0.790569
26	105	0.833496
26	107	0.822775
26	108	2.38649
26	116	0.844266
26	148	2.98535
27	9	0.886262
27	13	0.966564
27	16	0.993026
27	30	0.96331
27	34	0.93611
27	40	0.935663
27	112	1.38372
27	116	0.961453
27	130	0.927466
27	164	3.02585
27	167	0.84308
27	170	3.16849
28	6	0.866892
28	72	0.939335
28	87	0.919072
28	94	0.955531
28	95	0.892734
28	97	0.889437
28	100	0.883757
28	105	0.926684
28	107	0.915963
28	111	1.60777
28	124	0.91301
28	149	2.66236
28	161	2.22563
29	8	0.962145
29	77	0.868568
29	89	0.902715
29	101	0.885285
29	102	0.936217
29	103	0.934476
29	104	0.874424
29	110	0.907115
29	120	2.84993
29	132	0.893812
29	140	0.925361
29	153	1.94176
29	161	1.80737
30	9	0.857431
30	13	0.937733
30	16	0.964195
30	27	0.96331
30	34	0.907279
30	40	0.906832
30	60	0.917592
30	106	0.86702
30	116	0.932622
30	130	0.898635
30	165	2.10387
30	167	0.814248
30	172	3.48632
31	1	0.947203
31	3	0.942181
31	4	0.834784
31	14	0.916764
31	18	0.819069
31	20	0.916055
31	22	0.818201
31	32	0.887998
31	37	0.887988
31	90	2.89386
31	109	0.934242
31	114	0.898469
31	143	2.25768
31	155	1.84856
32	1	0.947158
32	3	0.942136
32	4	0.834738
32	14	0.916719
32	18	0.819023
32	20	0.91601
32	22	0.818156
32	31	0.887998
32	37	0.887943
32	109	0.934197
32	114	0.898424
32	148	1.12519
32	170	1.43516
32	179	5.45945
33	2	0.878073
33	11	0.885692
33	12	0.902007
33	17	0.865178
33	38	0.934492
33	48	0.91822
33	50	0.918182
33	54	0.981809
33	122	1.66837
33	135	0.887166
33	141	0.831659
33	165	1.86388
33	168	3.23979
33	177	0.807135
34	9	0.83023
34	13	0.910532
34	15	0.937978
34	16	0.936994
34	27	0.93611
34	30	0.907279
34	40	0.879632
34	60	0.890391
34	90	3.10614
34	116	0.905421
34	130	0.871434
34	138	1.93913
34	165	1.84155
34	167	0.787048
35	39	0.94395
35	42	0.925447
35	63	0.89209
35	64	0.891978
35	69	1.28784
35	71	0.892018
35	76	0.946026
35	123	0.927525
35	140	0.939393
35	165	0.89199
35	173	1.95228
35	176	0.859772
35	179	5.65676
36	15	0.9463
36	44	0.894792
36	56	0.868927
36	57	0.872959
36	74	0.854027
36	78	0.907889
36	83	0.907907
36	86	0.907627
36	117	1.36948
36	118	0.864438
36	123	0.893196
36	124	0.889299
36	142	1.01282
36	178	4.8409
37	1	0.947149
37	3	0.942126
37	4	0.834729
37	14	0.91671
37	18	0.819014
37	20	0.916
37	22	0.818146
37	31	0.887988
37	32	0.887943
37	93	2.28059
37	109	0.934188
37	113	1.75152
37	114	0.898414
37	141	3.3824
38	2	0.870025
38	12	0.893959
38	17	0.85713
38	23	0.954693
38	33	0.934492
38	48	0.910172
38	50	0.910134
38	54	0.973761
38	85	1.96979
38	135	0.879118
38	141	0.823611
38	176	1.90841
38	177	0.799087
38	180	3.55503
39	35	0.94395
39	42	0.904018
39	51	0.886971
39	63	0.87066
39	64	0.870548
39	71	0.870588
39	76	0.924596
39	123	0.906095
39	140	0.917963
39	143	1.68141
39	157	2.05049
39	165	0.87056
39	167	3.55262
39	176	0.838342
40	9	0.829784
40	13	0.910086
40	15	0.937532
40	16	0.936548
40	27	0.935663
40	30	0.906832
40	34	0.879632
40	60	0.889945
40	116	0.904975
40	130	0.870988
40	145	1.81084
40	167	0.786601
40	172	2.49615
40	176	2.91809
41	7	0.882417
41	42	0.910171
41	51	0.893124
41	63	0.876813
41	64	0.876701
41	71	0.876741
41	76	0.93075
41	123	0.912249
41	140	0.924116
41	142	1.74108
41	148	0.87368
41	164	4.40058
41	165	0.876713
41	176	0.844495
42	7	0.857761
42	35	0.925447
42	39	0.904018
42	41	0.910171
42	51	0.868468
42	63	0.852157
42	64	0.852045
42	71	0.852085
42	76	0.906094
42	140	0.89946
42	146	2.60535
42	165	0.852057
42	171	0.94273
42	175	3.89783
42	176	0.819839
43	59	0.903602
43	72	0.897698
43	79	0.874991
43	92	0.860897
43	94	0.913894
43	95	0.851096
43	98	0.915715
43	99	0.854853
43	100	0.84212
43	105	0.885047
43	107	0.874326
43	118	0.846511
43	152	0.964237
43	157	2.08282
43	180	4.53633
44	25	0.837931
44	36	0.894792
44	53	0.880293
44	56	0.866997
44	60	1.03422
44	74	0.852097
44	78	0.905959
44	83	0.905977
44	84	0.83306
44	86	0.905697
44	106	0.876884
44	118	0.862508
44	119	1.53603
44	123	0.891266
44	179	7.07286
45	10	0.834662
45	47	0.876771
45	52	0.85643
45	55	0.860324
45	65	0.845188
45	68	0.852624
45	70	0.914672
45	73	0.913111
45	75	0.913111
45	81	0.89065
45	82	1.87937
45	108	2.12748
45	126	2.43233
45	130	0.871112
45	142	0.870226
46	58	0.864749
46	77	0.840699
46	88	0.898462
46	89	0.874846
46	96	0.868235
46	101	0.857417
46	102	0.908348
46	103	0.906607
46	104	0.846556
46	110	0.879246
46	115	2.58914
46	132	0.865943
46	133	2.06958
46	140	0.897492
46	148	2.16984
47	5	0.944252
47	10	0.831999
47	45	0.876771
47	52	0.853767
47	55	0.857661
47	65	0.842525
47	68	0.849961
47	73	0.910448
47	75	0.910448
47	81	0.887987
47	117	2.65284
47	132	0.862207
47	142	0.867563
47	159	1.48836
47	169	3.09681
48	2	0.853753
48	11	0.861372
48	12	0.877687
48	17	0.840859
48	23	0.938421
48	33	0.91822
48	38	0.910172
48	50	0.893863
48	54	0.957489
48	131	1.72274
48	135	0.862846
48	141	0.807339
48	160	2.54128
48	165	2.7788
48	177	0.782816
49	19	0.825323
49	52	0.857474
49	55	0.861368
49	65	0.846232
49	68	0.853668
49	70	0.915716
49	73	0.914155
49	75	0.914155
49	81	0.891694
49	128	2.34212
49	130	0.872156
49	132	0.865914
49	137	2.19559
49	142	0.87127
49	159	2.13481
50	2	0.853715
50	11	0.861334
50	12	0.877649
50	17	0.840821
50	23	0.938383
50	33	0.918182
50	38	0.910134
50	48	0.893863
50	54	0.957451
50	119	2.45474
50	126	1.08701
50	135	0.862808
50	141	0.807301
50	151	3.34361
50	177	0.782778
51	7	0.840714
51	39	0.886971
51	41	0.893124
51	42	0.868468
51	63	0.835111
51	64	0.834999
51	71	0.835039
51	76	0.889047
51	82	1.83871
51	106	2.14256
51	109	0.915932
51	123	0.870546
51	140	0.882414
51	159	2.74527
51	165	0.835011
51	176	0.802793
52	5	0.923911
52	19	0.801275
52	45	0.85643
52	47	0.853767
52	49	0.857474
52	55	0.83732
52	68	0.82962
52	70	0.891668
52	73	0.890108
52	75	0.890108
52	81	0.867646
52	131	1.71897
52	132	0.841867
52	142	0.847222
52	152	2.65394
52	155	2.99432
53	21	0.829363
53	25	0.825362
53	44	0.880293
53	57	0.85846
53	74	0.839528
53	78	0.89339
53	83	0.893408
53	84	0.820491
53	86	0.893128
53	106	0.864315
53	108	1.47952
53	118	0.849939
53	123	0.878697
53	124	0.8748
53	126	1.78438
53	144	3.8658
54	2	0.917342
54	11	0.924961
54	12	0.941276
54	17	0.904447
54	23	1.00201
54	33	0.981809
54	38	0.973761
54	48	0.957489
54	50	0.957451
54	119	1.81596
54	135	0.926435
54	141	0.870927
54	144	2.52966
54	158	2.92648
54	160	1.19845
54	177	0.846404
55	45	0.860324
55	47	0.857661
55	49	0.861368
55	52	0.83732
55	65	0.826078
55	68	0.833514
55	70	0.895561
55	73	0.894001
55	75	0.894001
55	81	0.87154
55	114	1.99226
55	130	0.852002
55	132	0.84576
55	133	1.92864
55	142	0.851115
55	143	3.35105
56	15	0.918506
56	21	0.816068
56	36	0.868927
56	44	0.866997
56	57	0.845164
56	74	0.826232
56	78	0.880094
56	83	0.880113
56	86	0.879833
56	106	0.85102
56	118	0.836643
56	123	0.865401
56	124	0.861505
56	131	1.01249
56	139	4.86664
56	169	2.1417
57	15	0.922537
57	21	0.820099
57	25	0.816098
57	36	0.872959
57	53	0.85846
57	56	0.845164
57	74	0.830264
57	78	0.884126
57	83	0.884144
57	86	0.883864
57	118	0.840675
57	123	0.869433
57	124	0.865536
57	127	1.34765
57	134	3.64457
57	171	2.20443
58	46	0.864749
58	67	0.911762
58	77	0.823869
58	88	0.881633
58	89	0.858016
58	91	0.859082
58	101	0.840587
58	102	0.891518
58	104	0.829726
58	110	0.862416
58	128	0.85706
58	132	0.849113
58	138	2.09832
58	140	0.880662
58	153	2.21764
58	158	3.49126
59	43	0.903602
59	72	0.940431
59	79	0.917724
59	80	1.74179
59	92	0.903631
59	94	0.956627
59	95	0.89383
59	97	0.890534
59	98	0.958449
59	99	0.897587
59	100	0.884854
59	105	0.92778
59	107	0.91706
59	115	2.1557
59	121	2.1007
59	124	0.914106
59	161	2.51265
60	13	0.920846
60	22	2.62335
60	30	0.917592
60	34	0.890391
60	40	0.889945
60	44	1.03422
60	95	0.552219
60	116	0.915735
60	130	0.881747
60	167	0.797361
60	171	0.874217
60	173	0.819065
60	175	0.801889
60	177	0.786218
60	178	0.791904
60	179	0.780861
60	180	0.798207
61	66	0.810341
61	67	0.901675
61	77	0.813783
61	88	0.871546
61	89	0.847929
61	91	0.848995
61	96	0.841318
61	101	0.8305
61	102	0.881431
61	103	0.879691
61	104	0.819639
61	110	0.852329
61	128	0.846973
61	140	0.870576
61	153	2.06244
61	162	3.52873
61	163	2.33143
62	77	1.52321
62	124	0.425807
62	130	0.680072
62	137	0.900964
62	153	0.879152
62	159	0.886176
62	162	0.844775
62	163	0.877998
62	168	0.847922
62	171	0.891161
62	172	0.851456
62	173	0.836009
62	174	0.811304
62	175	0.818833
62	178	0.808848
62	179	0.797805
62	180	0.815151
63	7	0.824403
63	35	0.89209
63	39	0.87066
63	41	0.876813
63	42	0.852157
63	51	0.835111
63	64	0.818687
63	71	0.818727
63	76	0.872736
63	109	0.89962
63	122	2.59762
63	123	0.854235
63	133	1.99914
63	140	0.866102
63	165	0.818699
63	171	2.83813
63	176	0.786481
64	7	0.824291
64	35	0.891978
64	39	0.870548
64	41	0.876701
64	42	0.852045
64	51	0.834999
64	63	0.818687
64	71	0.818616
64	76	0.872624
64	109	0.899509
64	123	0.854123
64	140	0.865991
64	159	1.66451
64	160	2.06113
64	162	3.98183
64	165	0.818588
64	176	0.78637
65	5	0.912669
65	19	0.790033
65	45	0.845188
65	47	0.842525
65	49	0.846232
65	55	0.826078
65	68	0.818378
65	70	0.880426
65	73	0.878865
65	75	0.878865
65	81	0.856404
65	112	1.42881
65	130	0.836866
65	132	0.830624
65	142	0.835979
65	149	2.84256
65	154	3.2665
66	61	0.810341
66	73	1.81095
66	92	1.96793
66	96	0.823914
66	101	0.813095
66	103	0.862286
66	104	0.802234
66	110	0.834925
66	131	0.859683
66	132	0.821621
66	139	0.760156
66	141	0.756856
66	147	0.798955
66	174	0.740476
66	178	0.73802
66	179	0.726977
66	180	0.744323
67	58	0.911762
67	61	0.901675
67	77	0.887712
67	91	0.922924
67	93	0.863264
67	96	0.915248
67	101	0.904429
67	102	0.955361
67	103	0.95362
67	104	0.893568
67	110	0.926259
67	115	1.81283
67	127	1.27549
67	129	2.66029
67	132	0.912956
67	140	0.944505
67	147	2.62391
68	5	0.920105
68	10	0.807852
68	19	0.797469
68	45	0.852624
68	47	0.849961
68	49	0.853668
68	52	0.82962
68	55	0.833514
68	65	0.818378
68	73	0.886301
68	75	0.886301
68	81	0.86384
68	130	0.844302
68	142	0.843415
68	171	1.98092
68	174	3.40073
68	177	4.39839
69	35	1.28784
69	96	2.81692
69	137	0.843519
69	138	0.855874
69	143	0.839684
69	153	0.821707
69	156	0.783728
69	163	0.820553
69	166	0.750061
69	167	0.75686
69	169	0.808639
69	170	0.774125
69	172	0.794011
69	173	0.778564
69	175	0.761388
69	179	0.74036
69	180	0.757706
70	5	0.982152
70	10	0.8699
70	45	0.914672
70	49	0.915716
70	52	0.891668
70	55	0.895561
70	65	0.880426
70	73	0.948349
70	75	0.948349
70	81	0.925888
70	130	0.90635
70	132	0.900108
70	141	3.62663
70	142	0.905463
70	143	1.2506
70	154	1.56536
70	173	2.72807
71	7	0.824331
71	35	0.892018
71	39	0.870588
71	41	0.876741
71	42	0.852085
71	51	0.835039
71	63	0.818727
71	64	0.818616
71	76	0.872664
71	109	0.899549
71	111	1.48001
71	123	0.854163
71	140	0.86603
71	160	1.77784
71	165	0.818627
71	167	4.51499
71	176	0.78641
72	26	0.846147
72	28	0.939335
72	43	0.897698
72	59	0.940431
72	79	0.91182
72	87	0.914263
72	92	0.897726
72	95	0.887925
72	97	0.884629
72	99	0.891682
72	100	0.878949
72	105	0.921876
72	107	0.911155
72	118	0.88334
72	136	1.59471
72	150	1.7548
72	157	2.57964
72	176	3.38654
73	10	0.868339
73	19	0.857956
73	45	0.913111
73	47	0.910448
73	49	0.914155
73	52	0.890108
73	55	0.894001
73	65	0.878865
73	66	1.81095
73	68	0.886301
73	70	0.948349
73	81	0.924327
73	130	0.904789
73	132	0.898548
73	133	1.67665
73	142	0.903903
73	148	1.77691
73	171	2.51564
74	15	0.903605
74	21	0.801167
74	25	0.797166
74	36	0.854027
74	44	0.852097
74	53	0.839528
74	56	0.826232
74	57	0.830264
74	78	0.865194
74	80	1.29411
74	83	0.865212
74	84	0.792295
74	86	0.864932
74	106	0.836119
74	118	0.821743
74	123	0.850501
74	146	3.69008
74	168	3.35836
75	10	0.868339
75	19	0.857956
75	45	0.913111
75	47	0.910448
75	49	0.914155
75	52	0.890108
75	55	0.894001
75	65	0.878865
75	68	0.886301
75	70	0.948349
75	81	0.924327
75	114	1.39725
75	130	0.904789
75	132	0.898548
75	135	2.58179
75	142	0.903903
75	149	2.64686
75	150	2.30028
76	7	0.87834
76	24	2.88545
76	35	0.946026
76	39	0.924596
76	41	0.93075
76	42	0.906094
76	51	0.889047
76	63	0.872736
76	64	0.872624
76	71	0.872664
76	109	0.953557
76	123	0.908171
76	134	2.28721
76	135	1.25624
76	140	0.920039
76	157	1.79957
76	165	0.872636
76	176	0.840418
77	29	0.868568
77	46	0.840699
77	58	0.823869
77	61	0.813783
77	62	1.52321
77	67	0.887712
77	88	0.857583
77	89	0.833966
77	96	0.827355
77	101	0.816537
77	103	0.865728
77	104	0.805676
77	110	0.838366
77	128	0.83301
77	132	0.825063
77	136	2.92616
77	140	0.856612
77	160	2.67607
78	21	0.855029
78	25	0.851028
78	36	0.907889
78	44	0.905959
78	53	0.89339
78	56	0.880094
78	57	0.884126
78	74	0.865194
78	83	0.919074
78	84	0.846156
78	86	0.918794
78	106	0.889981
78	118	0.875605
78	123	0.904363
78	124	0.900466
78	137	1.39052
78	158	1.21621
78	177	5.36212
78	180	3.1767
79	6	0.839376
79	43	0.874991
79	59	0.917724
79	72	0.91182
79	87	0.891556
79	92	0.875019
79	94	0.928016
79	95	0.865218
79	97	0.861922
79	98	0.929837
79	99	0.868975
79	100	0.856242
79	105	0.899169
79	107	0.888448
79	108	1.50651
79	124	0.885495
79	127	1.98732
79	137	2.22574
79	142	2.97277
80	3	1.17608
80	59	1.74179
80	74	1.29411
80	100	0.448767
80	131	0.962368
80	137	0.932821
80	142	0.929661
80	152	0.925797
80	155	0.909333
80	160	0.930087
80	165	0.908453
80	166	0.839363
80	170	0.863427
80	172	0.883312
80	175	0.85069
80	177	0.835018
80	178	0.840705
80	179	0.829662
80	180	0.847007
81	5	0.958131
81	10	0.845878
81	19	0.835495
81	45	0.89065
81	47	0.887987
81	49	0.891694
81	52	0.867646
81	55	0.87154
81	65	0.856404
81	68	0.86384
81	70	0.925888
81	73	0.924327
81	75	0.924327
81	132	0.876086
81	142	0.881442
81	151	2.41272
81	168	2.51976
81	171	1.18885
81	173	3.24975
82	7	1.98192
82	45	1.87937
82	51	1.83871
82	122	0.871949
82	127	0.932632
82	133	0.90278
82	137	0.879944
82	154	0.840015
82	156	0.820153
82	158	0.851118
82	162	0.823755
82	168	0.826902
82	172	0.830436
82	174	0.790284
82	175	0.797814
82	177	0.782142
82	178	0.787828
82	179	0.776786
82	180	0.794131
83	21	0.855048
83	25	0.851046
83	36	0.907907
83	44	0.905977
83	53	0.893408
83	56	0.880113
83	57	0.884144
83	74	0.865212
83	78	0.919074
83	84	0.846175
83	86	0.918812
83	106	0.89
83	118	0.875623
83	123	0.904381
83	124	0.900485
83	156	2.16047
83	166	4.02213
83	169	1.57331
83	175	2.48935
84	25	0.778129
84	44	0.83306
84	53	0.820491
84	74	0.792295
84	78	0.846156
84	83	0.846175
84	86	0.845895
84	87	2.01336
84	90	0.78173
84	136	0.810437
84	140	1.63421
84	145	0.782317
84	149	0.791069
84	156	0.760505
84	164	0.742766
84	175	0.738166
84	179	0.717138
84	180	0.734483
85	3	3.73021
85	38	1.96979
85	121	0.821385
85	127	0.876773
85	131	0.853632
85	134	0.780715
85	146	0.772904
85	147	0.792904
85	149	0.794858
85	157	0.80919
85	161	0.825616
85	162	0.767896
85	169	0.789205
85	173	0.759129
85	174	0.734425
85	175	0.741954
85	178	0.731969
85	179	0.720926
85	180	0.738272
86	21	0.854767
86	25	0.850766
86	36	0.907627
86	44	0.905697
86	53	0.893128
86	56	0.879833
86	57	0.883864
86	74	0.864932
86	78	0.918794
86	83	0.918812
86	84	0.845895
86	106	0.88972
86	118	0.875343
86	123	0.904101
86	124	0.900205
86	126	0.808549
86	156	3.54944
86	157	1.87572
86	170	3.85402
87	26	0.825884
87	28	0.919072
87	72	0.914263
87	79	0.891556
87	84	2.01336
87	92	0.877463
87	95	0.867662
87	97	0.864366
87	98	0.932281
87	99	0.871419
87	100	0.858686
87	105	0.901613
87	107	0.890892
87	116	0.912382
87	117	2.27558
87	118	0.863077
87	124	0.887939
87	129	2.31826
87	150	1.9179
88	46	0.898462
88	58	0.881633
88	61	0.871546
88	77	0.857583
88	89	0.89173
88	91	0.892795
88	93	0.833135
88	96	0.885119
88	101	0.8743
88	102	0.925231
88	103	0.923491
88	104	0.863439
88	110	0.896129
88	125	4.6073
88	132	0.882826
88	140	0.914376
88	142	1.49135
88	149	1.83692
88	155	1.53697
89	8	0.927544
89	29	0.902715
89	46	0.874846
89	58	0.858016
89	61	0.847929
89	77	0.833966
89	88	0.89173
89	91	0.869179
89	96	0.861502
89	101	0.850684
89	102	0.901615
89	103	0.899875
89	104	0.839823
89	110	0.872513
89	128	0.867157
89	140	0.890759
89	148	1.30466
89	150	1.33491
89	172	2.54471
89	174	5.80102
90	31	2.89386
90	34	3.10614
90	84	0.78173
90	93	0.770563
90	139	0.758789
90	146	0.777589
90	149	0.799542
90	150	0.835887
90	152	0.821745
90	153	0.806957
90	156	0.768978
90	158	0.799943
90	161	0.830301
90	163	0.805803
90	166	0.735311
90	173	0.763814
90	174	0.739109
90	178	0.736653
90	179	0.72561
90	180	0.742956
91	8	0.928609
91	58	0.859082
91	61	0.848995
91	67	0.922924
91	88	0.892795
91	89	0.869179
91	93	0.810584
91	96	0.862568
91	101	0.851749
91	102	0.90268
91	103	0.90094
91	104	0.840888
91	110	0.873579
91	114	1.34206
91	117	1.8021
91	128	0.868222
91	132	0.860275
91	140	0.891825
91	169	2.24607
91	178	5.27351
92	26	0.809346
92	43	0.860897
92	59	0.903631
92	66	1.96793
92	72	0.897726
92	79	0.875019
92	87	0.877463
92	94	0.913922
92	95	0.851125
92	97	0.847829
92	98	0.915744
92	99	0.854882
92	100	0.842148
92	105	0.885075
92	107	0.874354
92	112	1.73311
92	116	0.895845
92	122	2.43211
92	124	0.871401
92	159	1.99349
93	37	2.28059
93	67	0.863264
93	88	0.833135
93	90	0.770563
93	91	0.810584
93	96	0.802907
93	101	0.792089
93	102	0.84302
93	110	0.813918
93	116	2.68729
93	128	0.808562
93	133	0.831965
93	166	0.715672
93	168	0.756088
93	170	0.739736
93	174	0.71947
93	175	0.726999
93	178	0.717014
93	179	0.705971
93	180	0.723316
94	6	0.878279
94	26	0.862343
94	28	0.955531
94	43	0.913894
94	59	0.956627
94	79	0.928016
94	92	0.913922
94	95	0.904121
94	97	0.900825
94	98	0.96874
94	99	0.907878
94	100	0.895145
94	105	0.938072
94	107	0.927351
94	114	0.893458
94	118	0.899536
94	120	2.74891
94	124	0.924398
94	136	1.6364
94	145	2.32098
94	168	2.99973
95	6	0.815482
95	26	0.799546
95	28	0.892734
95	43	0.851096
95	59	0.89383
95	60	0.552219
95	72	0.887925
95	79	0.865218
95	87	0.867662
95	92	0.851125
95	94	0.904121
95	97	0.838028
95	98	0.905943
95	99	0.845081
95	100	0.832348
95	105	0.875274
95	107	0.864554
95	111	1.12496
95	116	0.886044
95	145	2.35746
95	180	5.11132
96	8	0.920933
96	46	0.868235
96	61	0.841318
96	66	0.823914
96	67	0.915248
96	69	2.81692
96	77	0.827355
96	88	0.885119
96	89	0.861502
96	91	0.862568
96	93	0.802907
96	101	0.844073
96	102	0.895004
96	103	0.893264
96	104	0.833212
96	110	0.865902
96	128	0.860546
96	138	1.4778
96	140	0.884148
96	152	1.25913
96	173	3.48611
97	6	0.812186
97	28	0.889437
97	59	0.890534
97	72	0.884629
97	79	0.861922
97	87	0.864366
97	92	0.847829
97	94	0.900825
97	95	0.838028
97	98	0.902647
97	99	0.841785
97	100	0.829052
97	105	0.871978
97	107	0.861257
97	116	0.882748
97	118	0.833443
97	124	0.858304
97	144	2.14801
97	147	1.59096
97	172	2.43677
97	175	4.05441
98	6	0.880101
98	26	0.864164
98	43	0.915715
98	59	0.958449
98	79	0.929837
98	87	0.932281
98	92	0.915744
98	94	0.96874
98	95	0.905943
98	97	0.902647
98	99	0.9097
98	100	0.896966
98	105	0.939893
98	107	0.929172
98	118	0.901358
98	124	0.926219
98	129	2.08729
98	142	1.68794
98	157	2.51177
98	163	2.00016
98	172	2.89673
99	6	0.819239
99	26	0.803302
99	43	0.854853
99	59	0.897587
99	72	0.891682
99	79	0.868975
99	87	0.871419
99	92	0.854882
99	94	0.907878
99	95	0.845081
99	97	0.841785
99	98	0.9097
99	100	0.836105
99	105	0.879031
99	107	0.86831
99	116	0.889801
99	118	0.840496
99	128	2.28186
99	131	1.65263
99	137	2.13533
99	145	3.40584
100	6	0.806506
100	26	0.790569
100	28	0.883757
100	43	0.84212
100	59	0.884854
100	72	0.878949
100	79	0.856242
100	80	0.448767
100	87	0.858686
100	92	0.842148
100	94	0.895145
100	95	0.832348
100	97	0.829052
100	98	0.896966
100	99	0.836105
100	105	0.866298
100	107	0.855577
100	116	0.877068
100	124	0.852624
100	161	1.21963
100	162	2.8203
100	178	5.13887
101	8	0.910114
101	29	0.885285
101	46	0.857417
101	58	0.840587
101	61	0.8305
101	66	0.813095
101	67	0.904429
101	77	0.816537
101	88	0.8743
101	89	0.850684
101	91	0.851749
101	93	0.792089
101	96	0.844073
101	102	0.884185
101	103	0.882445
101	104	0.822393
101	110	0.855084
101	140	0.87333
101	150	2.38656
101	151	3.48275
101	152	2.09281
101	171	2.25889
102	8	0.961045
102	29	0.936217
102	46	0.908348
102	58	0.891518
102	61	0.881431
102	67	0.955361
102	88	0.925231
102	89	0.901615
102	91	0.90268
102	93	0.84302
102	96	0.895004
102	101	0.884185
102	103	0.933376
102	104	0.873324
102	110	0.906015
102	121	1.77487
102	128	0.900658
102	132	0.892712
102	136	2.11688
102	147	2.64095
102	152	1.98322
102	153	2.3212
103	8	0.959305
103	29	0.934476
103	46	0.906607
103	61	0.879691
103	66	0.862286
103	67	0.95362
103	77	0.865728
103	88	0.923491
103	89	0.899875
103	91	0.90094
103	96	0.893264
103	101	0.882445
103	102	0.933376
103	104	0.871584
103	110	0.904275
103	126	1.68489
103	128	0.898918
103	131	1.61657
103	140	0.922521
103	152	2.55155
103	159	2.03849
103	161	2.75514
104	8	0.899253
104	29	0.874424
104	46	0.846556
104	58	0.829726
104	61	0.819639
104	66	0.802234
104	67	0.893568
104	77	0.805676
104	88	0.863439
104	89	0.839823
104	91	0.840888
104	96	0.833212
104	101	0.822393
104	102	0.873324
104	103	0.871584
104	110	0.844223
104	128	0.838866
104	129	2.23416
104	132	0.830919
104	140	0.862469
104	153	1.87803
104	156	4.33235
104	169	2.63544
105	6	0.849432
105	26	0.833496
105	28	0.926684
105	43	0.885047
105	59	0.92778
105	72	0.921876
105	79	0.899169
105	87	0.901613
105	92	0.885075
105	94	0.938072
105	95	0.875274
105	97	0.871978
105	98	0.939893
105	99	0.879031
105	100	0.866298
105	107	0.898504
105	113	3.04965
105	116	0.919995
105	118	0.870689
105	120	2.80116
105	127	0.864301
105	154	2.61926
105	155	1.89537
106	22	2.49459
106	24	0.805994
106	30	0.86702
106	44	0.876884
106	51	2.14256
106	53	0.864315
106	56	0.85102
106	74	0.836119
106	78	0.889981
106	83	0.89
106	86	0.88972
106	118	0.84653
106	124	0.871392
106	131	0.893668
106	132	0.849416
106	142	0.860962
106	144	0.835757
106	158	0.835295
106	163	0.841155
106	164	0.78659
106	170	0.794727
106	175	0.78199
106	179	0.760962
106	180	0.778308
107	6	0.838712
107	26	0.822775
107	28	0.915963
107	43	0.874326
107	59	0.91706
107	72	0.911155
107	79	0.888448
107	87	0.890892
107	92	0.874354
107	94	0.927351
107	95	0.864554
107	97	0.861257
107	98	0.929172
107	99	0.86831
107	100	0.855577
107	105	0.898504
107	116	0.909274
107	118	0.859969
107	124	0.88483
107	143	2.34679
107	160	1.48085
107	161	1.80088
107	164	4.55154
107	171	1.76337
108	26	2.38649
108	45	2.12748
108	53	1.47952
108	79	1.50651
108	113	0.841594
108	127	0.934327
108	129	0.859168
108	134	0.838269
108	136	0.871779
108	145	0.843659
108	149	0.852412
108	151	0.827438
108	155	0.858151
108	160	0.878905
108	164	0.804108
108	167	0.79498
108	168	0.828597
108	171	0.871835
108	172	0.83213
108	173	0.816683
108	174	0.791979
108	175	0.799508
108	178	0.789523
108	179	0.77848
108	180	0.795825
109	3	0.988381
109	4	0.880983
109	14	0.962964
109	18	0.865268
109	20	0.962254
109	22	0.8644
109	31	0.934242
109	32	0.934197
109	37	0.934188
109	51	0.915932
109	63	0.89962
109	64	0.899509
109	71	0.899549
109	76	0.953557
109	114	0.944668
109	123	0.935056
109	125	3.1927
109	140	0.946924
109	144	0.996762
109	146	1.61069
109	158	1.39359
109	165	0.899521
109	168	1.27898
109	176	0.867303
109	177	5.5395
110	8	0.931944
110	29	0.907115
110	46	0.879246
110	58	0.862416
110	61	0.852329
110	66	0.834925
110	67	0.926259
110	77	0.838366
110	88	0.896129
110	89	0.872513
110	91	0.873579
110	93	0.813918
110	96	0.865902
110	101	0.855084
110	102	0.906015
110	103	0.904275
110	104	0.844223
110	126	1.20284
110	128	0.871557
110	132	0.86361
110	135	1.86014
110	140	0.895159
110	161	1.48848
110	173	3.51187
110	180	4.85698
111	7	2.98727
111	28	1.60777
111	71	1.48001
111	95	1.12496
111	113	0.849364
111	121	0.886709
111	125	0.82244
111	127	0.942096
111	134	0.846039
111	148	0.903232
111	154	0.849479
111	156	0.829617
111	159	0.87462
111	162	0.833219
111	166	0.795951
111	168	0.836367
111	171	0.879605
111	172	0.8399
111	173	0.824453
111	174	0.799748
111	175	0.807278
111	178	0.797292
111	179	0.78625
111	180	0.803595
112	1	1.24353
112	27	1.38372
112	65	1.42881
112	92	1.73311
112	119	0.896383
112	130	1.17594
112	134	0.86713
112	137	0.9105
112	139	0.840519
112	144	0.882135
112	148	0.924323
112	150	0.917617
112	152	0.903476
112	153	0.888687
112	156	0.850708
112	159	0.895711
112	160	0.907766
112	165	0.886131
112	168	0.857458
112	170	0.841105
112	173	0.845544
112	174	0.82084
112	175	0.828369
112	178	0.818384
112	179	0.807341
112	180	0.824686
113	8	2.99883
113	37	1.75152
113	105	3.04965
113	108	0.841594
113	111	0.849364
113	115	0.827725
113	117	0.826323
113	121	0.824592
113	131	0.856838
113	136	0.817432
113	137	0.827291
113	138	0.839646
113	153	0.805479
113	154	0.787362
113	158	0.798465
113	164	0.74976
113	166	0.733833
113	169	0.792411
113	171	0.817488
113	172	0.777783
113	173	0.762336
113	174	0.737631
113	175	0.74516
113	178	0.735175
113	179	0.724132
113	180	0.741478
114	1	0.957629
114	14	0.92719
114	18	0.829495
114	20	0.926481
114	22	0.828627
114	31	0.898469
114	32	0.898424
114	37	0.898414
114	55	1.99226
114	75	1.39725
114	91	1.34206
114	94	0.893458
114	109	0.944668
114	120	0.845234
114	126	0.943894
114	130	1.34008
114	158	0.859289
114	165	0.863747
114	169	0.853235
114	171	0.878312
114	173	0.82316
114	174	0.798455
114	176	0.831529
114	178	0.795999
114	179	0.784956
114	180	0.802302
115	46	2.58914
115	59	2.1557
115	67	1.81283
115	113	0.827725
115	116	0.510211
115	120	0.824888
115	129	0.845299
115	144	0.839405
115	145	0.829789
115	147	0.836589
115	149	0.838542
115	154	0.82784
115	155	0.844282
115	156	0.807978
115	157	0.852875
115	160	0.865035
115	163	0.844804
115	164	0.790239
115	168	0.814727
115	169	0.832889
115	171	0.857966
115	172	0.818261
115	173	0.802814
115	174	0.778109
115	178	0.775653
115	179	0.764611
115	180	0.781956
116	9	0.855573
116	13	0.935876
116	16	0.962338
116	26	0.844266
116	27	0.961453
116	30	0.932622
116	34	0.905421
116	40	0.904975
116	60	0.915735
116	87	0.912382
116	92	0.895845
116	93	2.68729
116	95	0.886044
116	97	0.882748
116	99	0.889801
116	100	0.877068
116	105	0.919995
116	107	0.909274
116	115	0.510211
116	118	0.881459
116	124	0.906321
116	128	1.11053
116	130	0.896777
116	142	0.958322
116	163	1.27054
116	166	5.31752
116	167	0.812391
117	36	1.36948
117	47	2.65284
117	87	2.27558
117	91	1.8021
117	113	0.826323
117	122	0.858373
117	129	0.843897
117	131	0.895915
117	138	0.878723
117	143	0.862532
117	151	0.812167
117	152	0.859344
117	153	0.844555
117	156	0.806576
117	158	0.837542
117	163	0.843402
117	165	0.842
117	166	0.77291
117	169	0.831488
117	170	0.796974
117	173	0.801412
117	174	0.776708
117	175	0.784237
117	176	0.809782
117	178	0.774252
117	179	0.763209
117	180	0.780554
118	21	0.811578
118	36	0.864438
118	43	0.846511
118	44	0.862508
118	53	0.849939
118	56	0.836643
118	57	0.840675
118	72	0.88334
118	74	0.821743
118	78	0.875605
118	83	0.875623
118	86	0.875343
118	87	0.863077
118	94	0.899536
118	97	0.833443
118	98	0.901358
118	99	0.840496
118	105	0.870689
118	106	0.84653
118	107	0.859969
118	116	0.881459
118	124	0.857015
118	127	1.40435
118	135	1.88164
118	150	1.60014
118	166	5.96035
118	168	2.80338
119	44	1.53603
119	50	2.45474
119	54	1.81596
119	112	0.896383
119	127	0.905907
119	129	0.830749
119	131	0.882766
119	139	0.783239
119	140	1.74608
119	143	0.849383
119	149	0.823992
119	150	0.860337
119	152	0.846195
119	157	0.838325
119	160	0.850485
119	161	0.854751
119	163	0.830253
119	166	0.759761
119	170	0.783825
119	171	0.843416
119	172	0.803711
119	173	0.788264
119	174	0.763559
119	175	0.771088
119	177	0.755417
119	178	0.761103
119	179	0.75006
119	180	0.767406
120	29	2.84993
120	94	2.74891
120	105	2.80116
120	114	0.845234
120	115	0.824888
120	122	0.816459
120	126	0.880232
120	137	0.824454
120	139	0.754474
120	145	0.786474
120	149	0.795227
120	153	0.802642
120	154	0.784525
120	156	0.764662
120	159	0.809666
120	161	0.825986
120	162	0.768265
120	163	0.801488
120	164	0.746923
120	166	0.730996
120	168	0.771412
120	171	0.814651
120	173	0.759499
120	175	0.742323
120	176	0.767868
120	178	0.732338
120	179	0.721295
120	180	0.738641
121	9	2.34058
121	59	2.1007
121	85	0.821385
121	102	1.77487
121	111	0.886709
121	113	0.824592
121	133	0.887471
121	140	1.03665
121	143	0.8608
121	145	0.826656
121	146	0.813456
121	147	0.833455
121	149	0.835409
121	150	0.871754
121	155	0.841148
121	158	0.83581
121	160	0.861902
121	164	0.787105
121	169	0.829756
121	172	0.815128
121	173	0.799681
121	174	0.774976
121	175	0.782505
121	176	0.80805
121	178	0.77252
121	179	0.761477
121	180	0.778823
122	15	1.70189
122	33	1.66837
122	63	2.59762
122	82	0.871949
122	92	2.43211
122	117	0.858373
122	120	0.816459
122	125	0.792372
122	128	0.858773
122	129	0.83687
122	137	0.859341
122	141	0.786061
122	144	0.830976
122	147	0.82816
122	150	0.866459
122	151	0.80514
122	154	0.819412
122	156	0.799549
122	157	0.844446
122	159	0.844552
122	164	0.78181
122	168	0.806299
122	170	0.789947
122	171	0.849537
122	175	0.77721
122	178	0.767225
122	179	0.756182
122	180	0.773527
123	21	0.840336
123	35	0.927525
123	36	0.893196
123	39	0.906095
123	41	0.912249
123	44	0.891266
123	51	0.870546
123	53	0.878697
123	56	0.865401
123	57	0.869433
123	63	0.854235
123	64	0.854123
123	71	0.854163
123	74	0.850501
123	76	0.908171
123	78	0.904363
123	83	0.904381
123	86	0.904101
123	109	0.935056
123	124	0.885773
123	133	1.45395
123	140	0.901538
123	149	2.01131
123	151	2.76093
123	154	2.43525
123	163	1.97796
123	165	0.854135
123	170	4.46787
123	176	0.821917
124	21	0.83644
124	25	0.832438
124	28	0.91301
124	36	0.889299
124	53	0.8748
124	56	0.861505
124	57	0.865536
124	59	0.914106
124	62	0.425807
124	78	0.900466
124	79	0.885495
124	83	0.900485
124	86	0.900205
124	87	0.887939
124	92	0.871401
124	94	0.924398
124	97	0.858304
124	98	0.926219
124	100	0.852624
124	106	0.871392
124	107	0.88483
124	116	0.906321
124	118	0.857015
124	123	0.885773
124	147	2.35283
124	152	1.6951
124	155	2.03548
124	165	1.81619
124	175	4.81628
125	88	4.6073
125	109	3.1927
125	111	0.82244
125	122	0.792372
125	126	0.856145
125	129	0.777896
125	138	0.812722
125	146	0.749186
125	151	0.746166
125	155	0.776879
125	156	0.740575
125	157	0.785472
125	158	0.77154
125	159	0.785578
125	161	0.801898
125	162	0.744178
125	164	0.722836
125	165	0.775999
125	170	0.730973
125	172	0.750858
125	174	0.710707
125	175	0.718236
125	177	0.702564
125	178	0.708251
125	179	0.697208
125	180	0.714553
126	45	2.43233
126	50	1.08701
126	53	1.78438
126	86	0.808549
126	103	1.68489
126	110	1.20284
126	114	0.943894
126	120	0.880232
126	125	0.856145
126	146	0.871933
126	151	0.868914
126	152	0.91609
126	153	0.901302
126	154	0.883185
126	158	0.894288
126	159	0.908326
126	161	0.924646
126	162	0.866925
126	163	0.900148
126	164	0.845583
126	167	0.836455
126	168	0.870072
126	169	0.888234
126	170	0.85372
126	172	0.873606
126	173	0.858158
126	174	0.833454
126	177	0.825311
126	178	0.830998
126	180	0.837301
127	57	1.34765
127	67	1.27549
127	79	1.98732
127	82	0.932632
127	85	0.876773
127	105	0.864301
127	108	0.934327
127	111	0.942096
127	118	1.40435
127	119	0.905907
127	132	1.27448
127	133	0.942859
127	134	0.876654
127	136	0.910164
127	145	0.882044
127	146	0.868843
127	151	0.865823
127	154	0.880094
127	157	0.905129
127	162	0.863834
127	164	0.842493
127	166	0.826566
127	169	0.885143
127	170	0.850629
127	172	0.870515
127	174	0.830364
127	175	0.837893
127	178	0.827907
127	179	0.816865
127	180	0.83421
128	2	2.12788
128	3	1.4376
128	49	2.34212
128	58	0.85706
128	61	0.846973
128	77	0.83301
128	89	0.867157
128	91	0.868222
128	93	0.808562
128	96	0.860546
128	99	2.28186
128	102	0.900658
128	103	0.898918
128	104	0.838866
128	110	0.871557
128	116	1.11053
128	122	0.858773
128	132	0.858254
128	142	0.863609
128	156	0.806976
128	160	0.864034
128	164	0.789237
128	167	0.780109
128	168	0.813726
128	170	0.797374
128	171	0.856965
128	172	0.81726
128	175	0.784637
128	178	0.774652
128	179	0.763609
128	180	0.780955
129	67	2.66029
129	87	2.31826
129	98	2.08729
129	104	2.23416
129	108	0.859168
129	115	0.845299
129	117	0.843897
129	119	0.830749
129	122	0.83687
129	125	0.777896
129	134	0.801496
129	135	0.827093
129	138	0.85722
129	152	0.837841
129	158	0.816039
129	160	0.842131
129	161	0.846397
129	162	0.788676
129	166	0.751407
129	167	0.758206
129	168	0.791823
129	169	0.809985
129	170	0.775471
129	171	0.835062
129	173	0.77991
129	174	0.755205
129	175	0.762734
129	176	0.788279
129	178	0.752749
129	179	0.741706
129	180	0.759052
130	5	0.938593
130	9	0.821586
130	10	0.82634
130	13	0.901889
130	15	0.929334
130	16	0.92835
130	19	0.815957
130	27	0.927466
130	30	0.898635
130	34	0.871434
130	40	0.870988
130	45	0.871112
130	49	0.872156
130	55	0.852002
130	60	0.881747
130	62	0.680072
130	65	0.836866
130	68	0.844302
130	70	0.90635
130	73	0.904789
130	75	0.904789
130	112	1.17594
130	114	1.34008
130	116	0.896777
130	132	0.856548
130	142	0.861904
130	154	3.01363
130	158	3.56097
130	165	2.07045
130	167	0.778404
131	48	1.72274
131	52	1.71897
131	56	1.01249
131	66	0.859683
131	80	0.962368
131	85	0.853632
131	99	1.65263
131	103	1.61657
131	106	0.893668
131	113	0.856838
131	117	0.895915
131	119	0.882766
131	132	1.0302
131	133	0.919718
131	143	0.893047
131	145	0.858903
131	150	0.904001
131	151	0.842683
131	155	0.873395
131	160	0.894149
131	161	0.898415
131	162	0.840694
131	166	0.803425
131	168	0.843841
131	170	0.827489
131	171	0.88708
131	172	0.847375
131	173	0.831927
131	175	0.814752
131	178	0.804767
131	179	0.793724
131	180	0.81107
132	10	0.820098
132	19	0.809716
132	29	0.893812
132	46	0.865943
132	47	0.862207
132	49	0.865914
132	52	0.841867
132	55	0.84576
132	58	0.849113
132	65	0.830624
132	66	0.821621
132	67	0.912956
132	70	0.900108
132	73	0.898548
132	75	0.898548
132	77	0.825063
132	81	0.876086
132	88	0.882826
132	91	0.860275
132	102	0.892712
132	104	0.830919
132	106	0.849416
132	110	0.86361
132	127	1.27448
132	128	0.858254
132	130	0.856548
132	131	1.0302
132	137	1.5129
132	140	0.881856
132	142	0.855662
132	146	3.79388
132	176	3.89066
133	14	0.772038
133	46	2.06958
133	55	1.92864
133	63	1.99914
133	73	1.67665
133	82	0.90278
133	93	0.831965
133	121	0.887471
133	123	1.45395
133	127	0.942859
133	131	0.919718
133	134	0.846802
133	135	0.872399
133	137	0.890171
133	139	0.820191
133	145	0.852191
133	146	0.83899
133	147	0.85899
133	148	0.903995
133	151	0.835971
133	153	0.868359
133	159	0.875383
133	161	0.891703
133	163	0.867205
133	164	0.81264
133	169	0.855291
133	170	0.820777
133	171	0.880368
133	172	0.840663
133	175	0.80804
133	178	0.798055
133	179	0.787012
133	180	0.804358
134	5	1.67537
134	20	2.89285
134	57	3.64457
134	76	2.28721
134	85	0.780715
134	108	0.838269
134	111	0.846039
134	112	0.86713
134	127	0.876654
134	129	0.801496
134	133	0.846802
134	138	0.836321
134	143	0.820131
134	144	0.795602
134	146	0.772786
134	147	0.792785
134	149	0.794739
134	153	0.802154
134	155	0.800478
134	156	0.764175
134	160	0.821232
134	161	0.825498
134	162	0.767777
134	163	0.801
134	166	0.730508
134	169	0.789086
134	170	0.754572
134	172	0.774458
134	173	0.759011
134	174	0.734306
134	175	0.741835
134	176	0.76738
134	178	0.73185
134	179	0.720807
134	180	0.738153
135	2	0.822699
135	11	0.830317
135	12	0.846633
135	14	2.0202
135	17	0.809804
135	23	0.907366
135	33	0.887166
135	38	0.879118
135	48	0.862846
135	50	0.862808
135	54	0.926435
135	75	2.58179
135	76	1.25624
135	110	1.86014
135	118	1.88164
135	129	0.827093
135	133	0.872399
135	138	0.861919
135	141	0.776284
135	144	0.821199
135	150	0.856681
135	153	0.827751
135	155	0.826076
135	160	0.84683
135	161	0.851095
135	169	0.814683
135	172	0.800055
135	174	0.759904
135	177	0.751761
135	178	0.757448
135	179	0.746405
135	180	0.76375
136	72	1.59471
136	77	2.92616
136	84	0.810437
136	94	1.6364
136	102	2.11688
136	108	0.871779
136	113	0.817432
136	127	0.910164
136	139	0.787496
136	140	1.37866
136	144	0.829112
136	146	0.806296
136	148	0.8713
136	150	0.864594
136	151	0.803276
136	152	0.850453
136	156	0.797685
136	157	0.842582
136	159	0.842688
136	160	0.854742
136	163	0.834511
136	164	0.779946
136	165	0.833108
136	166	0.764018
136	168	0.804435
136	169	0.822596
136	171	0.847673
136	172	0.807968
136	173	0.792521
136	174	0.767816
136	175	0.775346
136	176	0.80089
136	178	0.76536
136	179	0.754318
136	180	0.771663
