1	98	1.35628
1	109	1.37764
1	111	0.507217
1	122	1.36283
1	134	0.486868
1	149	1.33866
1	152	1.31275
1	156	1.33008
1	165	0.468727
1	166	0.484499
1	169	0.459523
1	180	1.52176
2	8	1.40666
2	26	1.28201
2	32	1.42473
2	51	1.45594
2	68	1.31999
2	80	1.3422
2	112	0.488216
2	135	0.477268
2	163	0.495366
2	169	0.469928
2	170	0.475967
2	171	1.36845
3	14	1.54329
3	37	1.2618
3	64	1.23366
3	82	1.42616
3	106	1.43188
3	114	1.3453
3	129	1.35791
3	148	0.318494
3	159	0.30074
3	178	0.739128
3	179	0.81839
3	180	0.22759
4	8	0.601375
4	66	1.24597
4	70	0.577248
4	156	0.648246
4	158	1.20849
4	160	1.18732
4	165	1.20051
4	166	1.18274
4	169	1.18973
4	174	1.19453
4	179	1.19071
4	180	0.568813
5	74	1.32656
5	81	1.35356
5	94	1.34487
5	95	1.4392
5	96	1.34487
5	144	0.479326
5	159	0.513293
5	160	0.506122
5	162	1.38616
5	164	0.500594
5	171	1.40478
5	178	0.407368
6	20	1.41852
6	26	1.41184
6	46	0.400029
6	68	1.44982
6	80	1.47203
6	92	0.350281
6	106	1.5495
6	159	0.366632
6	171	1.49828
6	177	0.347621
6	178	0.739697
7	17	1.34651
7	55	1.31372
7	71	1.35266
7	76	1.42698
7	86	1.44365
7	88	1.32955
7	160	0.508916
7	171	1.38693
7	172	0.510939
7	174	0.505129
7	176	0.471616
7	178	0.410162
8	2	1.40666
8	4	0.601375
8	20	1.31136
8	26	1.30469
8	51	1.47862
8	68	1.34267
8	80	1.36488
8	105	0.469805
8	157	0.459637
8	171	1.39112
8	176	0.423319
8	177	0.448779
9	10	1.22031
9	21	1.15205
9	36	1.24951
9	50	1.34256
9	58	1.04802
9	59	1.20291
9	63	1.20291
9	67	1.18174
9	116	0.603423
9	144	0.597091
9	164	0.618358
9	176	0.586587
10	9	1.22031
10	21	1.37581
10	36	1.47327
10	58	1.27178
10	59	1.42667
10	63	1.42667
10	67	1.4055
10	105	0.513582
10	142	0.502258
10	164	0.498868
10	175	0.486395
10	178	0.405642
11	97	0.480718
11	100	1.29344
11	101	0.438044
11	107	1.35303
11	126	1.35644
11	133	0.522642
11	146	1.41407
11	157	1.39387
11	162	1.36868
11	172	0.48961
11	177	0.475747
11	178	1.42048
12	65	0.488364
12	67	0.494515
12	70	0.424636
12	121	0.503948
12	141	0.481676
12	163	1.37429
12	167	1.35798
12	168	1.36571
12	169	1.36866
12	170	1.38242
12	177	1.38129
12	179	1.36964
13	18	1.32734
13	21	1.35797
13	36	1.45543
13	58	1.25394
13	59	1.40883
13	63	1.40883
13	67	1.38766
13	113	0.505094
13	160	0.505558
13	174	0.50177
13	175	0.487557
13	178	0.406803
14	3	1.54329
14	19	1.44992
14	37	1.3967
14	52	1.58423
14	64	1.36856
14	66	0.43312
14	82	1.56105
14	131	0.428636
14	147	1.49624
14	155	0.442058
14	157	0.437393
14	159	0.445546
14	179	0.418882
15	39	1.50305
15	42	1.43118
15	44	1.43279
15	61	1.48402
15	115	0.374698
15	133	0.401986
15	134	0.369521
15	135	0.349517
15	162	1.46325
15	164	1.44092
15	174	0.363143
15	178	0.749332
15	180	1.64479
16	19	1.44521
16	34	0.201909
16	52	1.57951
16	64	1.36385
16	82	1.55634
16	114	1.47548
16	116	0.173929
16	129	1.48809
16	131	0.184655
16	147	1.49153
16	175	0.689495
16	176	0.670196
16	179	0.688004
17	7	1.34651
17	46	1.28902
17	47	0.511256
17	55	1.23929
17	71	1.27823
17	76	1.35254
17	88	1.25512
17	89	1.32679
17	118	0.498024
17	126	0.528091
17	133	0.551898
17	142	0.514705
17	171	1.31249
18	13	1.32734
18	21	1.27692
18	36	1.37438
18	58	1.17289
18	59	1.32778
18	63	1.32778
18	67	1.30661
18	121	1.28631
18	154	0.544419
18	160	0.544837
18	161	0.545282
18	170	0.526122
18	178	0.446083
19	14	1.44992
19	16	1.44521
19	34	0.533167
19	37	1.16843
19	64	1.14029
19	82	1.33279
19	113	0.525188
19	129	1.26453
19	132	1.33085
19	147	1.26797
19	160	0.525652
19	169	0.500897
19	174	0.521864
20	6	1.41852
20	8	1.31136
20	51	1.36064
20	68	1.22469
20	80	1.2469
20	104	1.24036
20	106	1.32437
20	150	0.507502
20	158	0.533512
20	170	0.517187
20	171	1.27315
20	174	0.532115
20	179	0.51641
21	9	1.15205
21	10	1.37581
21	13	1.35797
21	18	1.27692
21	58	1.20351
21	59	1.35841
21	63	1.35841
21	121	1.31694
21	136	0.511539
21	148	0.546659
21	169	0.49698
21	173	0.533545
21	174	0.517947
22	48	1.33288
22	49	0.556862
22	74	1.25259
22	81	1.2796
22	85	1.29706
22	94	1.27091
22	95	1.36524
22	96	1.27091
22	131	0.520888
22	150	0.502226
22	169	0.505872
22	171	1.33082
22	177	0.518786
23	40	1.28115
23	71	1.26938
23	76	1.34369
23	86	1.36037
23	88	1.24627
23	89	1.31794
23	103	1.27757
23	155	0.530677
23	167	0.535413
23	168	0.523353
23	170	0.508279
23	171	1.30364
23	175	0.508993
24	51	0.49839
24	89	0.522702
24	116	1.33392
24	121	0.535761
24	126	0.525242
24	131	1.33045
24	132	0.511015
24	154	1.28979
24	155	1.28985
24	165	1.29171
24	172	1.28879
24	177	1.29356
24	179	1.28191
25	69	1.26244
25	75	0.511243
25	109	1.31411
25	124	1.31738
25	132	1.3389
25	135	0.525977
25	146	1.32209
25	153	1.27665
25	156	1.26654
25	157	1.30189
25	174	0.539603
25	176	0.506091
25	179	0.523898
26	2	1.28201
26	6	1.41184
26	8	1.30469
26	32	1.32276
26	51	1.35397
26	68	1.21802
26	80	1.24023
26	114	0.529924
26	130	0.530024
26	153	0.557684
26	166	0.542726
26	171	1.26647
26	178	0.443751
27	42	0.427772
27	43	1.23412
27	49	1.18887
27	70	1.36831
27	83	1.20753
27	90	1.34086
27	97	0.386591
27	133	0.428516
27	138	1.29532
27	147	0.384166
27	169	0.977742
27	178	1.31763
27	180	1.44736
28	72	1.26161
28	75	0.490963
28	81	1.27705
28	85	1.29452
28	94	1.26836
28	95	1.36269
28	96	1.26836
28	118	0.504292
28	138	1.33915
28	151	0.557944
28	167	0.53153
28	171	1.32827
28	174	0.519324
29	30	1.32003
29	39	1.2941
29	60	1.28687
29	61	1.27507
29	112	0.433065
29	131	0.429791
29	142	0.437392
29	150	1.30181
29	162	1.25431
29	164	1.23197
29	178	0.886353
29	179	0.420038
29	180	1.43584
30	29	1.32003
30	39	1.42118
30	42	1.3493
30	129	1.37726
30	150	1.42889
30	160	0.491314
30	162	1.38138
30	164	1.35904
30	173	0.503124
30	174	0.487527
30	176	0.454014
30	177	0.479474
30	178	0.39256
30	180	1.56292
31	107	1.38185
31	108	1.46726
31	119	0.497643
31	122	1.42009
31	126	1.38525
31	145	1.3856
31	148	0.482384
31	153	1.39745
31	155	0.461142
31	156	1.38734
31	164	1.37515
31	168	0.453818
31	172	0.459482
31	174	0.453672
32	2	1.42473
32	26	1.32276
32	51	1.49669
32	68	1.36074
32	72	1.34253
32	80	1.38295
32	106	1.46042
32	133	0.524834
32	160	0.489779
32	161	0.490224
32	171	1.40919
32	174	0.485992
32	178	0.391025
32	180	0.423799
33	40	1.39498
33	46	1.394
33	55	1.34426
33	71	1.38321
33	86	1.4742
33	88	1.3601
33	89	1.43177
33	113	0.467861
33	166	0.468546
33	168	0.464683
33	171	1.41747
33	172	0.470347
33	173	0.480134
33	177	0.456484
34	16	0.201909
34	19	0.533167
34	40	0.527044
34	54	0.479317
34	83	0.53948
34	98	0.514095
34	119	1.35169
34	154	1.41043
34	169	1.40157
34	173	1.38683
34	174	1.40637
34	176	1.42636
34	177	1.4142
34	179	1.40255
35	48	1.43099
35	74	1.3507
35	81	1.37771
35	94	1.36901
35	95	1.46335
35	96	1.36901
35	113	0.484191
35	115	0.492422
35	144	0.457858
35	162	1.4103
35	170	0.46594
35	171	1.42893
35	172	0.486678
35	180	0.418675
36	9	1.24951
36	10	1.47327
36	13	1.45543
36	18	1.37438
36	58	1.30098
36	59	1.45587
36	63	1.45587
36	67	1.4347
36	102	0.496307
36	127	0.496569
36	150	0.456111
36	154	0.484094
36	172	0.486535
36	178	0.385758
37	3	1.2618
37	14	1.3967
37	19	1.16843
37	52	1.30274
37	64	1.08707
37	82	1.27956
37	129	1.21131
37	132	1.27763
37	136	0.581085
37	147	1.21475
37	166	0.591501
37	168	0.587639
37	176	0.55398
37	178	0.492526
38	41	1.25112
38	53	1.17936
38	54	1.34703
38	56	1.13163
38	57	1.27602
38	65	1.27493
38	77	1.30456
38	79	1.2401
38	84	1.19526
38	154	0.466158
38	163	0.467261
38	164	0.461048
38	178	0.965196
38	179	0.447084
39	15	1.50305
39	29	1.2941
39	30	1.42118
39	44	1.32499
39	60	1.38802
39	61	1.37622
39	122	0.496255
39	162	1.35545
39	163	0.490977
39	170	0.471578
39	173	0.502103
39	176	0.452992
39	178	0.391538
39	180	1.53699
40	23	1.28115
40	33	1.39498
40	34	0.527044
40	45	1.32192
40	71	1.29616
40	76	1.37047
40	78	0.489115
40	86	1.38715
40	88	1.27304
40	89	1.34472
40	105	0.528715
40	115	0.527296
40	164	0.514
40	171	1.33042
40	178	0.420775
41	38	1.25112
41	53	1.29196
41	54	1.45962
41	56	1.24423
41	77	1.41715
41	79	1.3527
41	84	1.30786
41	99	1.34312
41	103	1.33224
41	115	0.528078
41	160	0.520311
41	161	0.520756
41	168	0.51667
41	178	0.421557
41	179	0.500818
42	15	1.43118
42	27	0.427772
42	30	1.3493
42	60	1.31614
42	112	0.521884
42	129	1.27946
42	140	0.496605
42	141	0.527845
42	142	0.526212
42	147	1.2829
42	150	1.33108
42	162	1.28358
42	164	1.26124
42	169	0.503595
42	180	1.46511
43	27	1.23412
43	62	1.45747
43	70	1.38643
43	73	1.18997
43	83	1.22565
43	90	1.35898
43	102	0.505876
43	105	0.503266
43	111	0.51702
43	132	1.34615
43	148	0.519005
43	164	0.488552
43	178	1.33575
43	179	0.474588
43	180	1.46548
44	15	1.43279
44	39	1.32499
44	60	1.31776
44	61	1.30596
44	104	1.27103
44	118	0.514388
44	136	0.523012
44	144	0.506411
44	150	1.3327
44	162	1.28519
44	163	0.533891
44	164	1.26285
44	176	0.495907
44	178	0.434453
44	180	1.46673
45	40	1.32192
45	46	1.32094
45	55	1.27121
45	71	1.31015
45	76	1.38446
45	86	1.40114
45	88	1.28704
45	89	1.35871
45	117	0.50733
45	119	0.531814
45	134	0.494221
45	154	0.491213
45	156	0.505084
45	165	0.476079
45	171	1.34441
46	6	0.400029
46	17	1.28902
46	33	1.394
46	45	1.32094
46	71	1.29517
46	76	1.36948
46	86	1.38616
46	88	1.27206
46	89	1.34373
46	116	0.514141
46	165	0.519054
46	166	0.534827
46	170	0.51589
46	171	1.32943
46	177	0.522765
47	17	0.511256
47	48	0.518806
47	87	0.472614
47	117	1.31402
47	132	0.485473
47	135	1.35723
47	145	0.511317
47	167	1.32451
47	168	1.33223
47	169	1.33519
47	171	0.493933
47	173	1.32045
47	174	1.33999
47	175	1.34021
47	179	1.33617
48	22	1.33288
48	35	1.43099
48	47	0.518806
48	74	1.27674
48	81	1.30374
48	85	1.32121
48	94	1.29505
48	95	1.38938
48	96	1.29505
48	164	0.518863
48	167	0.532811
48	170	0.505677
48	171	1.35496
48	178	0.425638
48	179	0.5049
49	22	0.556862
49	27	1.18887
49	62	1.41222
49	70	1.34118
49	73	1.14472
49	83	1.1804
49	90	1.31373
49	99	0.520846
49	102	0.532069
49	114	1.22196
49	150	1.2862
49	156	0.533727
49	167	0.528692
49	173	0.532083
49	178	1.2905
49	180	1.42023
50	9	1.34256
50	58	1.39402
50	61	0.41834
50	67	1.52775
50	94	0.469228
50	100	0.467547
50	122	0.401659
50	146	0.392389
50	151	0.43053
50	153	0.410877
50	173	1.48755
50	175	1.5073
50	178	1.55391
50	179	1.50327
50	180	1.68364
51	2	1.45594
51	8	1.47862
51	20	1.36064
51	24	0.49839
51	26	1.35397
51	32	1.49669
51	68	1.39195
51	80	1.41416
51	104	1.40762
51	105	0.48762
51	130	0.465954
51	140	0.446689
51	158	0.476044
51	169	0.45368
51	171	1.4404
51	178	0.37968
52	14	1.58423
52	16	1.57951
52	37	1.30274
52	64	1.2746
52	99	1.4064
52	102	0.486856
52	114	1.38623
52	129	1.39884
52	132	1.46516
52	147	1.40228
52	150	0.446661
52	155	0.478744
52	161	0.475506
52	163	0.475745
52	164	0.469532
52	178	0.376307
53	38	1.17936
53	41	1.29196
53	54	1.38787
53	56	1.17247
53	57	1.31686
53	65	1.31577
53	77	1.3454
53	79	1.28094
53	84	1.2361
53	105	0.534948
53	117	0.541462
53	121	1.27327
53	133	0.560817
53	140	0.494017
53	148	0.550687
53	161	0.526207
54	34	0.479317
54	38	1.34703
54	41	1.45962
54	53	1.38787
54	56	1.34014
54	57	1.48453
54	65	1.48344
54	79	1.44861
54	84	1.40377
54	113	1.44499
54	124	0.470417
54	136	0.461606
54	146	0.468493
54	164	0.466273
54	173	0.483612
54	178	0.373047
55	7	1.31372
55	17	1.23929
55	33	1.34426
55	45	1.27121
55	71	1.24544
55	86	1.33643
55	88	1.22233
55	89	1.294
55	103	1.25363
55	118	0.542724
55	131	0.551804
55	159	0.568714
55	171	1.2797
55	174	0.557756
55	176	0.524243
55	178	0.462789
56	38	1.13163
56	41	1.24423
56	53	1.17247
56	54	1.34014
56	57	1.26913
56	65	1.26804
56	77	1.29767
56	79	1.23321
56	84	1.18837
56	113	1.22959
56	114	0.561833
56	116	0.553949
56	121	1.22553
56	137	0.593407
56	147	0.565118
56	163	0.575098
56	165	0.558862
57	38	1.27602
57	53	1.31686
57	54	1.48453
57	56	1.26913
57	77	1.44206
57	79	1.3776
57	84	1.33276
57	103	1.35715
57	113	1.37398
57	114	0.492312
57	121	1.36992
57	154	0.504475
57	161	0.505338
57	168	0.501252
57	172	0.506916
57	177	0.493053
57	178	0.406139
58	9	1.04802
58	10	1.27178
58	13	1.25394
58	18	1.17289
58	21	1.20351
58	36	1.30098
58	50	1.39402
58	59	1.25438
58	63	1.25438
58	67	1.23321
58	115	0.588347
58	121	1.21291
58	154	0.580162
58	165	0.565029
58	175	0.562579
58	176	0.54328
58	177	0.56874
59	9	1.20291
59	10	1.42667
59	13	1.40883
59	18	1.32778
59	21	1.35841
59	36	1.45587
59	58	1.25438
59	63	1.40927
59	67	1.3881
59	121	1.3678
59	150	0.466857
59	155	0.498941
59	156	0.508711
59	161	0.495703
59	164	0.489729
59	169	0.470503
59	170	0.476543
60	29	1.28687
60	39	1.38802
60	42	1.31614
60	44	1.31776
60	99	0.500513
60	129	1.3441
60	133	0.534996
60	137	0.518935
60	140	0.468196
60	147	1.34754
60	150	1.39572
60	155	0.503624
60	162	1.34822
60	164	1.32588
60	175	0.48194
60	178	0.401187
60	180	1.52975
61	15	1.48402
61	29	1.27507
61	39	1.37622
61	44	1.30596
61	50	0.41834
61	104	1.32226
61	129	1.3323
61	137	0.535674
61	147	1.33574
61	162	1.33642
61	164	1.31408
61	167	0.525099
61	168	0.513039
61	172	0.518703
61	176	0.479381
61	178	0.417926
61	180	1.51795
62	43	1.45747
62	49	1.41222
62	70	1.59166
62	73	1.3952
62	83	1.43088
62	90	1.56421
62	115	0.434866
62	118	0.40828
62	134	0.429689
62	147	0.417804
62	150	1.53668
62	158	0.424708
62	161	0.427544
62	172	0.429122
62	173	0.438909
62	178	1.54098
62	180	1.67071
63	9	1.20291
63	10	1.42667
63	13	1.40883
63	18	1.32778
63	21	1.35841
63	36	1.45587
63	58	1.25438
63	59	1.40927
63	67	1.3881
63	92	0.48528
63	105	0.503647
63	113	0.493997
63	121	1.3678
63	144	0.467665
63	150	0.466061
63	155	0.498144
63	166	0.494682
64	3	1.23366
64	14	1.36856
64	16	1.36385
64	19	1.14029
64	37	1.08707
64	52	1.2746
64	82	1.25142
64	99	1.19073
64	105	0.598787
64	106	1.25714
64	116	0.569137
64	129	1.18317
64	132	1.24949
64	142	0.587464
64	164	0.584073
64	177	0.577761
64	178	0.490848
65	12	0.488364
65	38	1.27493
65	53	1.31577
65	54	1.48344
65	56	1.26804
65	77	1.44097
65	79	1.37651
65	84	1.33167
65	99	1.36694
65	113	1.37289
65	121	1.36883
65	131	0.490482
65	142	0.498083
65	147	0.490926
65	168	0.49658
65	176	0.462921
65	179	0.480728
66	4	1.24597
66	14	0.43312
66	68	0.535731
66	90	0.449772
66	95	0.480594
66	103	0.510897
66	128	0.469532
66	145	0.511649
66	154	1.38111
66	165	1.38302
66	166	1.36526
66	167	1.36157
66	168	1.36929
66	170	1.386
66	173	1.35751
66	174	1.37705
66	179	1.37323
67	9	1.18174
67	10	1.4055
67	12	0.494515
67	13	1.38766
67	18	1.30661
67	36	1.4347
67	50	1.52775
67	58	1.23321
67	59	1.3881
67	63	1.3881
67	113	0.505909
67	121	1.34663
67	130	0.493892
67	155	0.510055
67	170	0.487657
67	172	0.508395
67	178	0.407618
68	2	1.31999
68	6	1.44982
68	8	1.34267
68	20	1.22469
68	26	1.21802
68	32	1.36074
68	51	1.39195
68	66	0.535731
68	72	1.23779
68	80	1.27821
68	104	1.27166
68	130	0.528505
68	150	0.512585
68	164	0.535457
68	169	0.516231
68	171	1.30445
68	174	0.537199
68	178	0.442232
69	25	1.26244
69	87	1.36974
69	123	1.26683
69	124	1.34208
69	125	1.31059
69	141	1.32604
69	143	1.34101
69	144	0.490124
69	145	1.2895
69	147	0.507625
69	152	1.27392
69	156	1.29125
69	157	1.32659
69	158	0.51453
69	159	0.524091
69	167	0.525339
69	172	0.518943
69	173	0.52873
70	4	0.577248
70	12	0.424636
70	27	1.36831
70	43	1.38643
70	49	1.34118
70	62	1.59166
70	73	1.32416
70	83	1.35984
70	90	1.49317
70	99	0.437065
70	113	0.436029
70	150	1.46564
70	159	0.443664
70	167	0.444912
70	169	0.411739
70	174	0.432706
70	178	1.46994
70	180	1.59967
71	7	1.35266
71	17	1.27823
71	23	1.26938
71	33	1.38321
71	40	1.29616
71	45	1.31015
71	46	1.29517
71	55	1.24544
71	86	1.37538
71	88	1.26127
71	89	1.33295
71	105	0.516484
71	119	0.547482
71	133	0.542353
71	134	0.509889
71	144	0.480502
71	155	0.510981
71	164	0.501769
72	28	1.26161
72	32	1.34253
72	68	1.23779
72	80	1.26
72	85	1.25248
72	94	1.22633
72	96	1.22633
72	119	0.590001
72	125	1.2768
72	132	1.32982
72	134	0.552408
72	135	0.532403
72	144	0.523021
72	151	1.24263
72	156	1.25746
72	158	0.547427
72	171	1.28624
72	172	0.55184
72	176	0.512517
73	43	1.18997
73	49	1.14472
73	62	1.3952
73	70	1.32416
73	83	1.16338
73	90	1.29671
73	113	0.5527
73	114	1.20495
73	121	0.574931
73	132	1.28388
73	138	1.25117
73	140	0.521418
73	150	1.26918
73	164	0.547635
73	175	0.535163
73	177	0.541323
73	178	1.27348
73	179	0.533671
73	180	1.40321
74	5	1.32656
74	22	1.25259
74	35	1.3507
74	48	1.27674
74	75	0.52081
74	81	1.22346
74	85	1.24092
74	94	1.21477
74	95	1.3091
74	96	1.21477
74	105	1.25967
74	113	0.552494
74	147	0.543663
74	155	0.556641
74	162	1.25605
74	166	0.553179
74	171	1.27468
74	174	0.549171
74	179	0.533465
75	25	0.511243
75	28	0.490963
75	74	0.52081
75	82	0.437599
75	126	0.473138
75	151	0.496723
75	155	1.38514
75	160	1.37381
75	169	1.37622
75	170	1.38997
75	171	0.467372
75	172	1.38408
75	173	1.36148
75	174	1.38102
75	175	1.38124
75	176	1.40101
75	177	1.38885
75	179	1.3772
75	180	0.39591
76	7	1.42698
76	17	1.35254
76	23	1.34369
76	40	1.37047
76	45	1.38446
76	46	1.36948
76	86	1.44969
76	88	1.33558
76	89	1.40726
76	103	1.36689
76	113	0.482461
76	148	0.50785
76	161	0.48337
76	167	0.491344
76	170	0.46421
76	171	1.39296
76	175	0.464924
76	176	0.445625
76	177	0.471085
77	38	1.30456
77	41	1.41715
77	53	1.3454
77	56	1.29767
77	57	1.44206
77	65	1.44097
77	79	1.40614
77	84	1.3613
77	99	1.39656
77	101	0.440951
77	103	1.38569
77	113	1.40252
77	120	0.488915
77	133	0.525549
77	148	0.515418
77	165	0.474942
77	173	0.502304
77	178	0.391739
77	179	0.471001
78	40	0.489115
78	79	0.487045
78	83	0.501551
78	100	0.535473
78	120	1.37781
78	128	0.444372
78	132	0.460646
78	139	0.474784
78	166	1.37149
78	167	1.3678
78	170	1.39223
78	172	1.38634
78	173	1.36374
78	174	1.38328
78	175	1.38349
78	176	1.40326
78	177	1.39111
78	179	1.37946
78	180	0.397644
79	38	1.2401
79	41	1.3527
79	53	1.28094
79	54	1.44861
79	56	1.23321
79	57	1.3776
79	65	1.37651
79	77	1.40614
79	78	0.487045
79	84	1.29684
79	99	1.33211
79	103	1.32123
79	117	0.533159
79	121	1.33401
79	155	0.521143
79	161	0.517904
79	162	0.532078
79	170	0.498745
79	178	0.418705
79	179	0.497967
80	2	1.3422
80	6	1.47203
80	8	1.36488
80	20	1.2469
80	26	1.24023
80	32	1.38295
80	51	1.41416
80	68	1.27821
80	72	1.26
80	104	1.29388
80	106	1.37789
80	115	0.51552
80	130	0.495273
80	137	0.526747
80	154	0.507335
80	163	0.508438
80	168	0.504112
80	169	0.482999
80	171	1.32666
80	176	0.470453
81	5	1.35356
81	22	1.2796
81	28	1.27705
81	35	1.37771
81	48	1.30374
81	74	1.22346
81	85	1.26793
81	94	1.24177
81	95	1.3361
81	96	1.24177
81	97	0.524624
81	120	0.529914
81	138	1.31256
81	154	0.531075
81	162	1.28306
81	164	0.525964
81	166	0.531714
81	168	0.527852
81	171	1.30169
81	174	0.527705
81	179	0.512
82	3	1.42616
82	14	1.56105
82	16	1.55634
82	19	1.33279
82	37	1.27956
82	64	1.25142
82	75	0.437599
82	99	1.38323
82	105	0.478933
82	106	1.44964
82	114	1.36306
82	129	1.37567
82	132	1.44199
82	147	1.37911
82	148	0.494672
82	158	0.467357
82	160	0.469747
82	164	0.464219
82	165	0.454196
82	167	0.478166
82	168	0.466106
83	27	1.20753
83	34	0.53948
83	43	1.22565
83	49	1.1804
83	62	1.43088
83	70	1.35984
83	73	1.16338
83	78	0.501551
83	90	1.33239
83	99	0.532537
83	114	1.24062
83	130	0.519485
83	132	1.31956
83	138	1.28685
83	147	0.52267
83	150	1.30486
83	160	0.531965
83	164	0.526436
83	172	0.533988
83	178	1.30916
83	180	1.43889
84	38	1.19526
84	41	1.30786
84	53	1.2361
84	54	1.40377
84	56	1.18837
84	57	1.33276
84	65	1.33167
84	77	1.3613
84	79	1.29684
84	99	1.28727
84	103	1.27639
84	113	1.29322
84	121	1.28917
84	131	0.533477
84	135	0.525802
84	137	0.562209
84	158	0.540825
84	168	0.539574
84	174	0.539428
84	175	0.525215
84	178	0.444461
85	22	1.29706
85	28	1.29452
85	48	1.32121
85	72	1.25248
85	74	1.24092
85	81	1.26793
85	94	1.25924
85	95	1.35357
85	96	1.25924
85	105	1.30414
85	113	0.539512
85	118	0.521157
85	119	0.58016
85	138	1.33002
85	162	1.30052
85	164	0.534447
85	171	1.31915
85	173	0.551786
85	175	0.521975
85	178	0.441222
85	179	0.520483
86	7	1.44365
86	23	1.36037
86	33	1.4742
86	40	1.38715
86	45	1.40114
86	46	1.38616
86	55	1.33643
86	71	1.37538
86	76	1.44969
86	88	1.35226
86	89	1.42394
86	97	0.45735
86	99	0.464792
86	102	0.476015
86	111	0.487159
86	112	0.457754
86	134	0.46681
86	148	0.489144
86	161	0.464664
86	165	0.448668
86	171	1.40964
87	47	0.472614
87	69	1.36974
87	100	1.30876
87	103	1.37656
87	108	1.45376
87	128	1.45461
87	130	0.46572
87	139	1.38631
87	143	1.42361
87	144	0.451404
87	151	1.359
87	152	1.35652
87	153	1.38395
87	158	0.475811
87	164	1.36166
87	167	0.48662
87	169	0.453447
87	171	0.483682
87	175	0.4602
87	179	0.458708
87	180	1.56553
88	7	1.32955
88	17	1.25512
88	23	1.24627
88	33	1.3601
88	40	1.27304
88	45	1.28704
88	46	1.27206
88	55	1.22233
88	71	1.26127
88	76	1.33558
88	86	1.35226
88	89	1.30984
88	101	0.510131
88	110	0.53379
88	131	0.549934
88	165	0.544122
88	166	0.559895
88	168	0.556032
88	171	1.29553
88	178	0.460919
88	180	0.493693
89	17	1.32679
89	23	1.31794
89	24	0.522702
89	33	1.43177
89	40	1.34472
89	45	1.35871
89	46	1.34373
89	55	1.294
89	71	1.33295
89	76	1.40726
89	86	1.42394
89	88	1.30984
89	103	1.34114
89	137	0.521741
89	164	0.497218
89	167	0.511166
89	168	0.499106
89	171	1.36721
89	172	0.50477
89	175	0.484746
89	176	0.465447
89	178	0.403993
90	27	1.34086
90	43	1.35898
90	49	1.31373
90	62	1.56421
90	66	0.449772
90	70	1.49317
90	73	1.29671
90	83	1.33239
90	105	0.464213
90	111	0.477966
90	113	0.454563
90	114	1.37396
90	119	0.495211
90	132	1.45289
90	134	0.457618
90	138	1.42019
90	150	1.43819
90	158	0.452637
90	163	0.455711
90	164	0.449498
90	166	0.455248
90	178	1.4425
90	180	1.57222
91	98	1.3185
91	108	1.37221
91	124	1.34313
91	127	1.30102
91	130	0.516134
91	135	0.5112
91	139	1.30476
91	143	1.34206
91	144	0.501818
91	145	1.29055
91	146	1.34783
91	149	1.30087
91	151	1.27745
91	152	1.27497
91	156	1.29229
91	158	0.526224
91	161	0.529059
91	164	1.28011
91	175	0.510613
91	176	0.491314
91	177	0.516774
91	178	1.35425
91	179	0.509122
92	6	0.350281
92	63	0.48528
92	106	0.467574
92	107	0.513083
92	108	0.459935
92	135	1.386
92	142	1.37171
92	145	0.507723
92	152	0.516883
92	153	0.500037
92	156	0.498311
92	158	1.38271
92	161	1.36953
92	165	1.37474
92	166	1.35697
92	167	1.35328
92	168	1.361
92	171	0.490339
92	173	1.34922
92	174	1.36876
92	175	1.36898
92	177	1.37659
92	178	1.41559
92	179	1.36494
93	100	1.19522
93	110	0.518092
93	111	0.566915
93	123	1.2359
93	124	1.31114
93	128	1.34108
93	131	0.534237
93	135	0.526562
93	138	1.29996
93	141	1.2951
93	143	1.31008
93	145	1.25857
93	146	1.31585
93	151	1.24547
93	152	1.24298
93	153	1.27042
93	156	1.26031
93	157	1.29566
93	159	0.551146
93	165	0.528424
93	173	0.555786
93	176	0.506676
93	178	1.32227
93	179	0.524483
94	5	1.34487
94	22	1.27091
94	28	1.26836
94	35	1.36901
94	48	1.29505
94	50	0.469228
94	72	1.22633
94	74	1.21477
94	81	1.24177
94	85	1.25924
94	95	1.32741
94	96	1.23308
94	105	1.27799
94	130	0.555088
94	138	1.30387
94	161	0.568014
94	162	1.27437
94	164	0.56204
94	165	0.552018
94	171	1.29299
94	175	0.549568
94	176	0.530269
94	177	0.555729
94	178	0.468815
95	5	1.4392
95	22	1.36524
95	28	1.36269
95	35	1.46335
95	48	1.38938
95	66	0.480594
95	74	1.3091
95	81	1.3361
95	85	1.35357
95	94	1.32741
95	96	1.32741
95	105	1.37232
95	112	0.479384
95	114	0.473269
95	138	1.3982
95	140	0.454104
95	148	0.510774
95	155	0.489532
95	160	0.485849
95	161	0.486294
95	162	1.3687
95	166	0.486071
95	171	1.38733
95	179	0.466357
96	5	1.34487
96	22	1.27091
96	28	1.26836
96	35	1.36901
96	48	1.29505
96	72	1.22633
96	74	1.21477
96	81	1.24177
96	85	1.25924
96	94	1.23308
96	95	1.32741
96	105	1.27799
96	117	0.571483
96	120	0.554205
96	138	1.30387
96	159	0.562954
96	160	0.555783
96	162	1.27437
96	164	0.550254
96	169	0.531029
96	170	0.537068
96	171	1.29299
96	178	0.457029
96	180	0.489803
97	11	0.480718
97	27	0.386591
97	81	0.524624
97	86	0.45735
97	104	0.505376
97	118	1.38793
97	119	1.31352
97	122	0.493131
97	131	1.41292
97	142	1.37115
97	144	1.39889
97	152	0.519195
97	153	0.502348
97	160	1.361
97	162	0.501787
97	168	1.36045
97	170	1.37716
97	172	1.37126
97	173	1.34867
97	175	1.36842
97	176	1.38819
97	177	1.37603
97	179	1.36439
97	180	0.421189
98	1	1.35628
98	34	0.514095
98	91	1.3185
98	103	1.32427
98	109	1.36912
98	114	0.493999
98	115	0.514347
98	120	0.505002
98	122	1.35431
98	123	1.29714
98	125	1.3409
98	126	1.31947
98	139	1.33402
98	141	1.35634
98	149	1.33014
98	150	0.47818
98	151	1.30672
98	152	1.30423
98	153	1.33166
98	157	1.3569
98	159	0.513751
98	167	0.514999
98	170	0.487865
98	174	0.502793
98	179	0.487088
99	41	1.34312
99	49	0.520846
99	52	1.4064
99	60	0.500513
99	64	1.19073
99	65	1.36694
99	70	0.437065
99	77	1.39656
99	79	1.33211
99	82	1.38323
99	83	0.532537
99	84	1.28727
99	86	0.464792
99	100	0.56646
99	107	0.522835
99	123	0.528398
99	132	1.3813
99	133	1.29673
99	146	0.491302
99	147	1.31842
99	167	1.30859
99	175	1.32429
99	176	1.34406
99	179	1.32025
99	180	0.42863
100	11	1.29344
100	50	0.467547
100	78	0.535473
100	87	1.30876
100	93	1.19522
100	99	0.56646
100	101	0.516345
100	103	1.23298
100	108	1.31019
100	115	0.573655
100	120	0.564309
100	125	1.24961
100	128	1.31104
100	132	1.30262
100	138	1.26992
100	141	1.26505
100	145	1.22852
100	146	1.28581
100	149	1.23885
100	151	1.21543
100	153	1.24037
100	156	1.23026
100	165	0.550336
100	169	0.541133
100	175	0.547887
100	179	0.546395
100	180	1.42195
101	11	0.438044
101	77	0.440951
101	88	0.510131
101	100	0.516345
101	106	0.427212
101	108	0.419573
101	109	0.445756
101	121	0.466263
101	129	0.46088
101	132	0.441517
101	133	1.40727
101	140	1.48481
101	141	0.44399
101	144	1.46529
101	155	1.43872
101	159	1.44118
101	161	1.43538
101	165	1.44058
101	167	1.41912
101	168	1.42685
101	170	1.44356
101	174	1.4346
101	175	1.43482
101	176	1.45459
101	177	1.44243
101	179	1.43078
101	180	0.378515
102	36	0.496307
102	43	0.505876
102	49	0.532069
102	52	0.486856
102	86	0.476015
102	108	0.480911
102	121	0.527601
102	124	0.504449
102	133	1.28687
102	134	1.35862
102	135	1.33145
102	142	1.31716
102	151	0.540666
102	153	0.521013
102	155	1.31833
102	159	1.32078
102	161	1.31498
102	162	0.520452
102	163	1.31503
102	165	1.32019
102	169	1.30941
102	172	1.31727
102	173	1.29467
102	174	1.31421
102	175	1.31443
102	176	1.33419
102	177	1.32204
102	179	1.31039
103	23	1.27757
103	41	1.33224
103	55	1.25363
103	57	1.35715
103	66	0.510897
103	76	1.36689
103	77	1.38569
103	79	1.32123
103	84	1.27639
103	87	1.37656
103	89	1.34114
103	98	1.32427
103	100	1.23298
103	112	0.509686
103	121	1.31355
103	123	1.27365
103	127	1.30679
103	135	0.498738
103	137	0.535145
103	147	0.506857
103	157	1.33341
103	159	0.523322
103	161	0.516597
103	163	0.516836
103	171	1.32684
103	174	0.512364
103	176	0.478852
103	177	0.504311
104	20	1.24036
104	44	1.27103
104	51	1.40762
104	61	1.32226
104	68	1.27166
104	80	1.29388
104	97	0.505376
104	114	0.499664
104	124	1.34217
104	127	1.30007
104	133	0.5473
104	139	1.30381
104	142	0.510107
104	143	1.34111
104	147	1.30081
104	149	1.29992
104	150	1.349
104	152	1.27401
104	158	0.509854
104	163	0.512929
104	164	1.27915
104	165	0.496693
104	171	1.32012
104	172	0.514268
104	173	0.524055
104	177	0.500405
104	179	0.492752
104	180	1.48303
105	8	0.469805
105	10	0.513582
105	40	0.528715
105	43	0.503266
105	51	0.48762
105	53	0.534948
105	63	0.503647
105	64	0.598787
105	71	0.516484
105	74	1.25967
105	82	0.478933
105	85	1.30414
105	90	0.464213
105	94	1.27799
105	95	1.37232
105	96	1.27799
105	127	1.31785
105	135	1.3415
105	139	1.32159
105	152	1.2918
105	156	1.30912
105	157	1.34447
105	158	1.33821
105	162	1.31928
105	172	1.32731
105	176	1.34424
105	177	1.33208
105	179	1.32043
106	3	1.43188
106	6	1.5495
106	20	1.32437
106	32	1.46042
106	64	1.25714
106	80	1.37789
106	82	1.44964
106	92	0.467574
106	101	0.427212
106	107	1.36986
106	114	1.36877
106	118	0.457936
106	127	1.38408
106	128	1.45613
106	141	1.41014
106	142	0.474617
106	147	1.38483
106	151	1.36052
106	154	0.476337
106	157	1.4107
106	160	0.476755
106	163	0.477439
106	167	0.485174
106	170	0.45804
106	171	1.40413
106	173	0.488565
106	175	0.458754
106	177	0.464915
107	11	1.35303
107	31	1.38185
107	92	0.513083
107	99	0.522835
107	106	1.36986
107	120	0.520685
107	122	1.32261
107	123	1.26544
107	124	1.34069
107	125	1.3092
107	126	1.28777
107	129	1.29589
107	139	1.30232
107	144	0.495467
107	145	1.28811
107	146	1.3454
107	147	0.512968
107	149	1.29844
107	150	0.493863
107	152	1.27253
107	156	1.28985
107	157	1.3252
107	158	0.519873
107	159	0.529434
107	169	0.497509
107	170	0.503548
107	178	1.35181
107	179	0.502771
108	31	1.46726
108	87	1.45376
108	91	1.37221
108	92	0.459935
108	100	1.31019
108	101	0.419573
108	102	0.480911
108	109	1.42284
108	115	0.476883
108	122	1.40802
108	125	1.39461
108	126	1.37318
108	134	0.471707
108	136	0.458921
108	139	1.38774
108	141	1.41006
108	143	1.42504
108	148	0.49404
108	149	1.38385
108	152	1.35795
108	157	1.41062
108	161	0.469561
108	162	1.38542
108	167	0.477535
108	172	0.471139
108	173	0.480926
108	175	0.451115
108	178	1.43723
109	1	1.37764
109	25	1.31411
109	98	1.36912
109	101	0.445756
109	108	1.42284
109	117	0.510998
109	120	0.49372
109	122	1.37567
109	126	1.34083
109	127	1.35164
109	132	1.41527
109	136	0.485103
109	139	1.35538
109	141	1.3777
109	145	1.34117
109	149	1.3515
109	151	1.32808
109	153	1.35302
109	154	0.49488
109	156	1.34291
109	157	1.37826
109	158	0.492908
109	165	0.479747
109	167	0.503717
109	169	0.470544
109	170	0.476583
109	175	0.477297
109	177	0.483458
109	178	1.40487
110	88	0.53379
110	93	0.518092
110	115	1.37166
110	116	1.40976
110	124	0.46677
110	125	0.483616
110	129	0.484538
110	131	1.40629
110	133	1.33424
110	137	1.31517
110	138	0.473996
110	141	0.467649
110	142	1.36452
110	144	1.39226
110	148	1.35574
110	149	0.489745
110	152	0.50018
110	153	0.483333
110	159	1.36815
110	160	1.35437
110	162	0.482772
110	166	1.34978
110	169	1.35677
110	170	1.37053
110	173	1.34204
110	176	1.38156
110	177	1.3694
110	179	1.35775
110	180	0.402174
111	1	0.507217
111	43	0.51702
111	86	0.487159
111	90	0.477966
111	93	0.566915
111	119	1.23622
111	123	0.550765
111	127	0.529034
111	130	1.29178
111	141	0.516472
111	149	0.538568
111	151	0.55181
111	152	0.549003
111	154	1.29495
111	155	1.29501
111	158	1.30485
111	160	1.28369
111	161	1.29167
111	163	1.29172
111	165	1.29687
111	168	1.28314
111	169	1.2861
111	172	1.29395
111	173	1.27136
111	174	1.29089
111	175	1.29111
111	176	1.31088
111	177	1.29872
111	179	1.28708
112	2	0.488216
112	29	0.433065
112	42	0.521884
112	86	0.457754
112	95	0.479384
112	103	0.509686
112	116	1.40075
112	127	0.499629
112	134	1.39697
112	136	1.36632
112	138	0.493415
112	144	1.38325
112	145	0.510438
112	146	0.484264
112	154	1.35662
112	158	1.36652
112	161	1.35334
112	163	1.35339
112	169	1.34776
112	171	0.493054
112	172	1.35562
112	173	1.33303
112	174	1.35256
112	175	1.35278
112	176	1.37255
112	177	1.36039
112	178	1.39939
112	179	1.34874
112	180	0.421592
113	13	0.505094
113	19	0.525188
113	33	0.467861
113	35	0.484191
113	54	1.44499
113	56	1.22959
113	57	1.37398
113	63	0.493997
113	65	1.37289
113	67	0.505909
113	70	0.436029
113	73	0.5527
113	74	0.552494
113	76	0.482461
113	77	1.40252
113	84	1.29322
113	85	0.539512
113	90	0.454563
113	125	1.33424
113	145	1.31315
113	149	1.32348
113	152	1.29757
113	153	1.325
113	162	1.32505
113	167	1.31454
113	169	1.32522
113	173	1.31049
113	176	1.35001
113	177	1.33785
113	179	1.3262
114	3	1.3453
114	16	1.47548
114	26	0.529924
114	49	1.22196
114	52	1.38623
114	56	0.561833
114	57	0.492312
114	73	1.20495
114	82	1.36306
114	83	1.24062
114	90	1.37396
114	95	0.473269
114	98	0.493999
114	104	0.499664
114	106	1.36877
114	122	0.487419
114	128	0.462206
114	132	1.36112
114	146	0.478149
114	149	0.503048
114	152	0.513483
114	153	0.496637
114	167	1.28842
114	172	1.30696
114	174	1.3039
114	175	1.30412
114	176	1.32389
114	178	1.35073
114	179	1.30008
114	180	1.48046
115	15	0.374698
115	35	0.492422
115	40	0.527296
115	41	0.528078
115	58	0.588347
115	62	0.434866
115	80	0.51552
115	98	0.514347
115	100	0.573655
115	108	0.476883
115	110	1.37166
115	119	1.28101
115	123	0.535593
115	148	1.32986
115	155	1.33981
115	160	1.32848
115	161	1.33647
115	163	1.33652
115	164	1.30838
115	165	1.34167
115	166	1.3239
115	170	1.34465
115	172	1.33875
115	173	1.31616
115	174	1.33569
115	175	1.33591
115	176	1.35568
115	177	1.34352
115	179	1.33187
115	180	0.435825
116	9	0.603423
116	16	0.173929
116	24	1.33392
116	46	0.514141
116	56	0.553949
116	64	0.569137
116	110	1.40976
116	112	1.40075
116	122	0.479536
116	129	0.489958
116	132	0.470595
116	146	0.470265
116	152	0.5056
116	155	1.37791
116	157	0.472592
116	158	1.38775
116	159	1.38037
116	160	1.36658
116	161	1.37457
116	163	1.37462
116	165	1.37977
116	168	1.36603
116	169	1.36899
116	170	1.38275
116	171	0.479055
116	172	1.37685
116	175	1.37401
116	176	1.39378
116	177	1.38162
116	179	1.36997
116	180	0.407594
117	45	0.50733
117	47	1.31402
117	53	0.541462
117	79	0.533159
117	96	0.571483
117	109	0.510998
117	118	1.31936
117	123	0.543525
117	124	0.508353
117	125	0.5252
117	128	0.490486
117	134	1.34405
117	136	1.31339
117	146	0.506429
117	150	1.34217
117	155	1.30376
117	157	0.508756
117	158	1.31359
117	159	1.30621
117	160	1.29243
117	163	1.30046
117	165	1.30562
117	166	1.28785
117	167	1.28416
117	169	1.29484
117	172	1.3027
117	173	1.2801
117	174	1.29964
117	175	1.29986
117	179	1.29582
117	180	0.443758
118	17	0.498024
118	28	0.504292
118	44	0.514388
118	55	0.542724
118	62	0.40828
118	85	0.521157
118	97	1.38793
118	106	0.457936
118	117	1.31936
118	122	0.481181
118	123	0.509007
118	127	0.487276
118	139	0.486379
118	143	0.471457
118	144	1.37602
118	151	0.510052
118	154	1.34939
118	158	1.35929
118	160	1.33812
118	161	1.34611
118	165	1.35131
118	166	1.33354
118	167	1.32985
118	168	1.33758
118	169	1.34053
118	170	1.35429
118	173	1.3258
118	174	1.34533
118	175	1.34555
118	176	1.36532
118	177	1.35316
118	179	1.34151
119	31	0.497643
119	34	1.35169
119	45	0.531814
119	71	0.547482
119	72	0.590001
119	85	0.58016
119	90	0.495211
119	97	1.31352
119	111	1.23622
119	115	1.28101
119	122	0.540184
119	131	1.31565
119	135	1.28817
119	142	1.27388
119	143	0.53046
119	146	0.530913
119	154	1.27499
119	156	0.547675
119	157	0.53324
119	159	1.2775
119	165	1.2769
119	166	1.25914
119	167	1.25545
119	168	1.26317
119	170	1.27988
119	172	1.27399
119	174	1.27093
119	175	1.27114
119	176	1.29091
119	177	1.27876
119	179	1.26711
119	180	0.468242
120	77	0.488915
120	78	1.37781
120	81	0.529914
120	96	0.554205
120	98	0.505002
120	100	0.564309
120	107	0.520685
120	109	0.49372
120	122	0.498422
120	129	0.508844
120	133	1.29281
120	137	1.27374
120	142	1.32309
120	143	0.488697
120	148	1.3143
120	153	0.507639
120	154	1.3242
120	155	1.32426
120	156	0.505913
120	158	1.3341
120	160	1.31293
120	161	1.32092
120	166	1.30835
120	167	1.30466
120	168	1.31238
120	169	1.31534
120	170	1.3291
120	173	1.3006
120	174	1.32014
120	177	1.32797
120	178	1.36697
120	179	1.31632
120	180	0.426479
121	12	0.503948
121	18	1.28631
121	21	1.31694
121	24	0.535761
121	53	1.27327
121	56	1.22553
121	57	1.36992
121	58	1.21291
121	59	1.3678
121	63	1.3678
121	65	1.36883
121	67	1.34663
121	73	0.574931
121	79	1.33401
121	84	1.28917
121	101	0.466263
121	102	0.527601
121	103	1.31355
121	124	1.36167
121	125	1.33018
121	135	0.498392
121	140	0.48406
121	143	1.36061
121	145	1.3091
121	150	0.487405
121	153	1.32095
121	157	1.34619
121	159	0.522976
121	164	1.29865
121	168	0.512164
121	169	0.491051
121	173	0.527616
121	176	0.478506
122	1	1.36283
122	31	1.42009
122	39	0.496255
122	50	0.401659
122	97	0.493131
122	98	1.35431
122	107	1.32261
122	108	1.40802
122	109	1.37567
122	114	0.487419
122	116	0.479536
122	118	0.481181
122	119	0.540184
122	120	0.498422
122	125	1.34745
122	126	1.32602
122	129	1.33414
122	135	0.482586
122	141	1.36289
122	143	1.37787
122	145	1.32636
122	146	1.38365
122	147	0.490705
122	149	1.33669
122	151	1.31327
122	152	1.31078
122	153	1.33821
122	154	0.499582
122	157	1.36345
122	164	1.31592
122	166	0.500222
122	169	0.475246
122	175	0.481999
122	180	1.51979
123	69	1.26683
123	93	1.2359
123	98	1.29714
123	99	0.528398
123	103	1.27365
123	107	1.26544
123	111	0.550765
123	115	0.535593
123	117	0.543525
123	118	0.509007
123	124	1.32177
123	125	1.29028
123	127	1.27967
123	128	1.35171
123	131	0.518087
123	141	1.30573
123	143	1.32071
123	145	1.2692
123	146	1.32648
123	149	1.27952
123	150	0.499425
123	151	1.2561
123	152	1.25361
123	153	1.28105
123	156	1.27094
123	159	0.534996
123	160	0.527826
123	163	0.52851
123	164	1.25875
123	166	0.528047
123	176	0.490526
123	177	0.515985
123	178	1.3329
123	180	1.46262
124	25	1.31738
124	54	0.470417
124	69	1.34208
124	91	1.34313
124	93	1.31114
124	102	0.504449
124	104	1.34217
124	107	1.34069
124	110	0.46677
124	117	0.508353
124	121	1.36167
124	123	1.32177
124	126	1.3441
124	127	1.35491
124	136	0.482458
124	139	1.35865
124	142	0.490515
124	145	1.34444
124	146	1.40173
124	147	0.483358
124	149	1.35477
124	150	0.464253
124	151	1.33135
124	153	1.35629
124	154	0.492236
124	156	1.34618
124	157	1.38153
124	165	0.477102
124	167	0.501072
124	172	0.494676
124	173	0.504464
124	178	1.40814
124	179	0.473161
124	180	1.53787
125	69	1.31059
125	72	1.2768
125	98	1.3409
125	100	1.24961
125	107	1.3092
125	108	1.39461
125	110	0.483616
125	113	1.33424
125	117	0.5252
125	121	1.33018
125	122	1.34745
125	123	1.29028
125	126	1.3126
125	128	1.39546
125	131	0.499761
125	139	1.32716
125	140	0.477754
125	143	1.36446
125	149	1.32327
125	151	1.29986
125	152	1.29737
125	155	0.513183
125	156	1.31469
125	157	1.35004
125	160	0.5095
125	162	1.32485
125	163	0.510184
125	166	0.509721
125	170	0.490785
125	172	0.511522
125	174	0.505712
125	175	0.491499
125	177	0.497659
125	179	0.490007
125	180	1.50638
126	11	1.35644
126	17	0.528091
126	24	0.525242
126	31	1.38525
126	75	0.473138
126	98	1.31947
126	107	1.28777
126	108	1.37318
126	109	1.34083
126	122	1.32602
126	124	1.3441
126	125	1.3126
126	127	1.30199
126	128	1.37403
126	134	0.507877
126	139	1.30573
126	141	1.32805
126	143	1.34303
126	145	1.29152
126	146	1.3488
126	147	0.495991
126	150	0.476886
126	151	1.27843
126	152	1.27594
126	155	0.50897
126	156	1.29326
126	157	1.32861
126	161	0.505731
126	166	0.505508
126	172	0.507309
126	173	0.517097
126	174	0.501499
126	176	0.467986
126	177	0.493446
126	180	1.48495
127	36	0.496569
127	91	1.30102
127	103	1.30679
127	104	1.30007
127	105	1.31785
127	106	1.38408
127	109	1.35164
127	111	0.529034
127	112	0.499629
127	118	0.487276
127	123	1.27967
127	124	1.35491
127	126	1.30199
127	130	0.493615
127	132	1.37643
127	136	0.4959
127	143	1.35385
127	145	1.30234
127	146	1.35962
127	147	0.4968
127	151	1.28924
127	152	1.28675
127	153	1.31419
127	156	1.30408
127	157	1.33943
127	162	1.31423
127	163	0.506779
127	165	0.490544
127	167	0.514514
127	168	0.502454
127	173	0.517905
127	175	0.488094
127	177	0.494255
127	178	1.36604
127	180	1.49577
128	66	0.469532
128	78	0.444372
128	87	1.45461
128	93	1.34108
128	100	1.31104
128	106	1.45613
128	114	0.462206
128	117	0.490486
128	123	1.35171
128	125	1.39546
128	126	1.37403
128	139	1.38859
128	141	1.41091
128	143	1.42589
128	144	0.44799
128	145	1.37438
128	146	1.43166
128	148	0.499711
128	149	1.3847
128	150	0.446386
128	151	1.36128
128	152	1.3588
128	153	1.38623
128	154	0.474369
128	156	1.37612
128	157	1.41147
128	160	0.474786
128	161	0.475231
128	166	0.475008
128	170	0.456072
128	173	0.486597
128	175	0.456786
128	178	1.43808
128	179	0.455294
128	180	1.56781
129	3	1.35791
129	16	1.48809
129	19	1.26453
129	30	1.37726
129	37	1.21131
129	42	1.27946
129	52	1.39884
129	60	1.3441
129	61	1.3323
129	64	1.18317
129	82	1.37567
129	101	0.46088
129	107	1.29589
129	110	0.484538
129	116	0.489958
129	120	0.508844
129	122	1.33414
129	135	0.493008
129	136	0.500227
129	137	0.529416
129	141	1.33617
129	146	1.35693
129	147	1.31086
129	148	0.535347
129	152	1.28406
129	156	1.30138
129	161	0.510867
129	162	1.31154
129	165	0.494871
129	166	0.510644
129	170	0.491707
129	172	0.512445
129	178	1.36334
129	179	0.49093
129	180	1.49307
130	26	0.530024
130	51	0.465954
130	67	0.493892
130	68	0.528505
130	80	0.495273
130	83	0.519485
130	87	0.46572
130	91	0.516134
130	94	0.555088
130	111	1.29178
130	127	0.493615
130	134	1.3709
130	136	1.34024
130	140	1.3767
130	142	1.32944
130	143	0.477795
130	144	1.35718
130	146	0.478249
130	148	1.32065
130	155	1.33061
130	156	0.495011
130	157	0.480575
130	158	1.34045
130	160	1.31928
130	161	1.32727
130	163	1.32732
130	165	1.33247
130	166	1.3147
130	168	1.31873
130	170	1.33545
130	172	1.32955
130	173	1.30696
130	177	1.33432
130	178	1.37332
130	179	1.32267
131	14	0.428636
131	16	0.184655
131	22	0.520888
131	24	1.33045
131	29	0.429791
131	55	0.551804
131	65	0.490482
131	84	0.533477
131	88	0.549934
131	93	0.534237
131	97	1.41292
131	110	1.40629
131	119	1.31565
131	123	0.518087
131	125	0.499761
131	133	1.34299
131	135	1.38757
131	136	1.38408
131	144	1.40101
131	148	1.36449
131	151	0.519132
131	152	0.516325
131	153	0.499478
131	158	1.38428
131	159	1.3769
131	161	1.3711
131	166	1.35854
131	168	1.36257
131	170	1.37928
131	172	1.37339
131	173	1.35079
