1	3	0.755298
1	4	0.749384
1	8	0.748279
1	35	0.728314
1	40	0.731917
1	118	0.684602
1	120	0.715859
1	139	0.703838
1	151	0.716435
1	157	0.692947
1	164	2.92771
1	178	3.11254
2	9	0.694957
2	17	0.786932
2	25	0.693971
2	28	0.692167
2	29	0.686786
2	48	0.735662
2	51	0.735274
2	90	0.754522
2	126	3.77111
2	127	0.712238
2	156	0.734536
2	172	2.37336
3	1	0.755298
3	4	0.841359
3	8	0.840254
3	35	0.820289
3	86	2.0648
3	106	2.19013
3	118	0.776577
3	127	0.789261
3	136	2.18699
3	139	0.795813
3	151	0.80841
3	157	0.784922
4	1	0.749384
4	3	0.841359
4	8	0.834341
4	35	0.814375
4	40	0.817978
4	100	1.76012
4	114	2.07751
4	127	0.783347
4	139	0.789899
4	151	0.802497
4	157	0.779008
4	176	2.76751
5	38	0.760856
5	64	2.45299
5	101	0.853261
5	108	0.775282
5	111	0.805885
5	121	0.812393
5	130	0.802101
5	140	0.81175
5	142	0.834094
5	146	0.76818
5	162	2.14544
5	172	2.01903
6	14	0.692862
6	19	0.696101
6	41	0.680854
6	54	0.74049
6	66	0.709926
6	71	0.780944
6	116	0.722927
6	139	0.72321
6	149	2.67238
6	151	0.735807
6	157	3.31439
6	168	0.75071
7	78	0.695977
7	100	0.730539
7	108	0.687555
7	111	0.718157
7	123	2.79228
7	127	0.715305
7	130	0.714374
7	140	0.724023
7	141	0.738084
7	142	0.746366
7	151	0.734454
7	172	3.17715
8	1	0.748279
8	3	0.840254
8	4	0.834341
8	35	0.81327
8	40	0.816874
8	118	0.769559
8	120	0.800816
8	151	0.801392
8	154	2.85605
8	157	0.777904
8	164	1.71187
8	172	2.07622
9	2	0.694957
9	17	0.788662
9	25	0.695701
9	28	0.693897
9	29	0.688515
9	48	0.737392
9	51	0.737004
9	58	0.745331
9	116	1.06773
9	127	0.713967
9	156	0.736266
9	159	5.2151
10	12	0.84399
10	31	2.11182
10	120	0.467861
10	164	0.832593
10	167	0.813156
10	171	0.801424
10	172	0.821503
10	175	0.765112
10	176	0.812206
10	178	0.806798
10	179	0.754823
10	180	0.785928
11	13	0.779865
11	45	0.738851
11	47	0.738454
11	49	0.665893
11	60	0.721751
11	72	0.706398
11	76	0.756112
11	133	0.674351
11	137	0.70473
11	150	1.37261
11	156	0.735897
11	179	5.0861
12	10	0.84399
12	15	0.79643
12	20	0.795863
12	22	0.691281
12	32	0.660144
12	34	0.739056
12	53	0.738729
12	114	0.721522
12	147	0.734133
12	168	0.746271
12	177	4.25659
13	11	0.779865
13	45	0.822765
13	47	0.822368
13	49	0.749808
13	60	0.805666
13	72	0.790313
13	76	0.840027
13	114	1.82847
13	124	1.53307
13	137	0.788645
13	156	0.819812
13	180	3.38647
14	6	0.692862
14	19	0.686897
14	41	0.671649
14	54	0.731286
14	66	0.700722
14	71	0.77174
14	110	0.767505
14	121	0.716813
14	134	0.746877
14	148	2.01692
14	168	0.741505
14	175	4.26905
15	12	0.79643
15	20	0.899104
15	22	0.794523
15	32	0.763385
15	34	0.842297
15	53	0.84197
15	132	1.75834
15	146	2.56875
15	147	0.837374
15	157	1.91902
15	168	0.849512
16	37	0.764119
16	55	0.743271
16	61	0.728726
16	67	0.713652
16	74	0.701339
16	77	0.753865
16	133	0.671313
16	143	0.712424
16	156	0.732859
16	161	3.153
16	167	3.02417
16	174	0.711241
17	2	0.786932
17	9	0.788662
17	25	0.787676
17	28	0.785872
17	29	0.780491
17	48	0.829367
17	51	0.828979
17	57	1.83164
17	103	1.1707
17	127	0.805943
17	156	0.828241
17	179	4.7095
18	23	0.862394
18	36	0.832453
18	39	0.750511
18	42	0.749791
18	44	0.858845
18	92	2.04845
18	131	3.26668
18	144	0.791811
18	146	0.762666
18	147	0.819432
18	167	1.78198
18	174	0.798198
19	6	0.696101
19	14	0.686897
19	41	0.674888
19	54	0.734525
19	66	0.703961
19	71	0.774979
19	121	0.720052
19	131	4.30412
19	134	0.750116
19	151	0.729842
19	168	0.744744
19	178	1.94025
20	12	0.795863
20	15	0.899104
20	22	0.793956
20	32	0.762818
20	34	0.841731
20	53	0.841403
20	96	1.00961
20	147	0.836808
20	153	2.89021
20	167	2.42024
20	168	0.848945
21	33	0.840541
21	52	0.815881
21	59	0.798758
21	62	0.798126
21	63	0.813747
21	65	0.851913
21	95	1.37447
21	143	0.800771
21	144	0.793202
21	159	0.723309
21	161	3.39176
21	163	1.85013
22	12	0.691281
22	15	0.794523
22	20	0.793956
22	32	0.658236
22	34	0.737149
22	53	0.736822
22	114	0.719615
22	147	0.732226
22	168	0.744363
22	169	1.92952
22	180	3.75282
23	18	0.862394
23	36	0.83106
23	39	0.749118
23	42	0.748398
23	44	0.857452
23	132	2.02958
23	144	0.790418
23	145	2.22391
23	146	0.761273
23	147	0.818039
23	148	2.64235
23	174	0.796805
24	66	1.83993
24	133	0.710313
24	139	1.53763
24	154	0.703047
24	165	0.690163
24	166	0.706985
24	167	0.730694
24	169	0.774575
24	176	0.729744
24	177	0.710328
24	178	0.724336
24	180	0.703466
25	2	0.693971
25	9	0.695701
25	17	0.787676
25	28	0.692911
25	29	0.68753
25	48	0.736406
25	51	0.736018
25	58	0.744345
25	122	3.15014
25	127	0.712982
25	145	2.97264
25	156	0.73528
26	73	0.758119
26	78	0.684447
26	101	0.754003
26	111	0.706626
26	113	0.737962
26	130	0.702843
26	140	0.712492
26	142	0.734836
26	144	0.698068
26	149	2.34727
26	168	0.737826
26	170	3.69244
27	37	0.69886
27	55	0.678012
27	61	0.663467
27	67	0.648393
27	74	0.63608
27	118	0.632619
27	120	0.663876
27	133	0.606054
27	134	0.684726
27	156	0.6676
27	162	5.42918
27	174	0.645982
28	2	0.692167
28	9	0.693897
28	17	0.785872
28	25	0.692911
28	29	0.685726
28	48	0.734602
28	51	0.734214
28	86	0.745018
28	127	0.711178
28	131	4.4292
28	145	1.85482
28	156	0.733476
29	2	0.686786
29	9	0.688515
29	17	0.780491
29	25	0.68753
29	28	0.685726
29	48	0.729221
29	51	0.728833
29	86	0.739636
29	90	0.74808
29	154	3.59097
29	156	0.728095
29	157	2.38746
30	68	0.717881
30	85	0.725844
30	89	2.46772
30	98	0.721677
30	105	0.74222
30	112	0.74313
30	115	0.735558
30	119	0.70126
30	125	0.721244
30	137	0.702873
30	139	0.718295
30	166	3.75125
31	10	2.11182
31	78	0.692358
31	79	3.09689
31	101	0.761914
31	108	0.683935
31	111	0.714538
31	137	0.702816
31	140	0.720404
31	141	0.734464
31	142	0.742747
31	157	0.707347
31	168	0.745738
32	12	0.660144
32	15	0.763385
32	20	0.762818
32	22	0.658236
32	34	0.706011
32	46	0.719705
32	53	0.705684
32	90	0.721457
32	114	0.688477
32	147	0.701088
32	168	0.713226
32	173	3.27473
32	174	3.25924
33	21	0.840541
33	52	0.789854
33	59	0.772731
33	62	0.772099
33	63	0.78772
33	65	0.825886
33	141	0.79566
33	143	0.774744
33	144	0.767175
33	157	1.11995
33	159	0.697282
33	160	3.39431
33	180	2.6246
34	12	0.739056
34	15	0.842297
34	20	0.841731
34	22	0.737149
34	32	0.706011
34	53	0.784597
34	90	0.80037
34	114	0.76739
34	146	2.6939
34	147	0.780001
34	168	0.792138
34	169	1.7255
34	176	2.6808
35	1	0.728314
35	3	0.820289
35	4	0.814375
35	8	0.81327
35	40	0.796908
35	82	0.904639
35	84	7.2
35	118	0.749593
35	127	0.762277
35	139	0.768829
35	148	1.01141
35	151	0.781426
35	157	0.757938
36	18	0.832453
36	23	0.83106
36	39	0.719176
36	42	0.718456
36	44	0.827511
36	110	0.826236
36	144	0.760477
36	146	0.731331
36	147	0.788098
36	170	2.33739
36	173	1.82187
36	174	0.766864
36	177	3.0259
37	16	0.764119
37	27	0.69886
37	55	0.817516
37	67	0.787897
37	74	0.775584
37	77	0.82811
37	120	0.80338
37	133	0.745558
37	156	0.807105
37	165	3.03353
37	166	2.10603
37	174	0.785486
37	180	2.1107
38	5	0.760856
38	78	0.669744
38	83	0.72356
38	111	0.691924
38	113	0.72326
38	134	0.728496
38	140	0.69779
38	142	0.720133
38	143	0.690935
38	157	0.684733
38	166	1.96218
38	168	0.723124
38	179	4.94872
39	18	0.750511
39	23	0.749118
39	36	0.719176
39	42	0.636514
39	44	0.745569
39	79	1.38785
39	90	0.726525
39	110	0.744293
39	144	0.678535
39	146	0.649389
39	147	0.706156
39	165	4.85119
39	174	0.684922
40	1	0.731917
40	4	0.817978
40	8	0.816874
40	35	0.796908
40	118	0.753197
40	120	0.784453
40	127	0.76588
40	139	0.772432
40	151	0.78503
40	157	0.761542
40	159	4.32882
40	167	1.43191
40	177	1.70025
41	6	0.680854
41	14	0.671649
41	19	0.674888
41	54	0.719278
41	66	0.688713
41	71	0.759731
41	110	0.755497
41	116	0.701715
41	135	4.51766
41	139	0.701997
41	151	0.714594
41	158	1.9981
41	168	0.729497
42	18	0.749791
42	23	0.748398
42	36	0.718456
42	39	0.636514
42	44	0.744849
42	90	0.725805
42	110	0.743573
42	144	0.677815
42	146	0.648669
42	147	0.705436
42	173	3.20344
42	174	0.684202
42	178	3.25996
43	45	0.798298
43	46	0.813578
43	47	0.797902
43	49	0.725341
43	60	0.781199
43	72	0.765846
43	76	0.81556
43	100	0.788281
43	123	1.25931
43	133	0.733799
43	156	0.795345
43	159	3.37395
43	179	3.84023
44	18	0.858845
44	23	0.857452
44	36	0.827511
44	39	0.745569
44	42	0.744849
44	92	2.29913
44	133	2.46471
44	144	0.78687
44	146	0.757724
44	147	0.814491
44	171	2.18717
44	174	0.793256
45	11	0.738851
45	13	0.822765
45	43	0.798298
45	47	0.781354
45	49	0.708794
45	60	0.764652
45	72	0.749299
45	76	0.799013
45	97	1.99262
45	133	0.717252
45	137	0.747631
45	156	0.778798
45	157	2.82514
45	163	2.53567
46	32	0.719705
46	43	0.813578
46	49	0.724073
46	56	1.92423
46	66	0.765048
46	72	0.764578
46	76	0.814292
46	134	0.811204
46	147	0.793694
46	151	0.790929
46	168	0.805832
46	173	2.53145
46	178	2.58797
47	11	0.738454
47	13	0.822368
47	43	0.797902
47	45	0.781354
47	49	0.708397
47	56	2.23346
47	60	0.764255
47	72	0.748902
47	76	0.798616
47	124	2.30429
47	133	0.716855
47	137	0.747234
47	156	0.778401
47	178	2.8972
48	2	0.735662
48	9	0.737392
48	17	0.829367
48	25	0.736406
48	28	0.734602
48	29	0.729221
48	51	0.777709
48	86	0.788512
48	90	0.796956
48	127	0.754673
48	141	2.38655
48	156	0.776971
48	158	2.33259
48	174	2.8316
49	11	0.665893
49	13	0.749808
49	43	0.725341
49	45	0.708794
49	46	0.724073
49	47	0.708397
49	60	0.691694
49	72	0.676341
49	76	0.726055
49	133	0.644294
49	137	0.674673
49	138	3.37528
49	156	0.705841
49	177	3.59736
50	113	1.68911
50	125	2.73885
50	154	0.68465
50	165	0.671766
50	167	0.712297
50	170	0.712224
50	171	0.700565
50	172	0.720644
50	173	0.71521
50	174	0.731845
50	177	0.69193
50	178	0.705939
50	179	0.653964
50	180	0.685069
51	2	0.735274
51	9	0.737004
51	17	0.828979
51	25	0.736018
51	28	0.734214
51	29	0.728833
51	48	0.777709
51	86	0.788125
51	90	0.796568
51	127	0.754285
51	156	0.776583
51	169	1.7052
51	178	2.26802
51	180	3.5285
52	21	0.815881
52	33	0.789854
52	59	0.74807
52	62	0.747439
52	63	0.763059
52	65	0.801225
52	110	0.808273
52	116	2.14404
52	141	0.771
52	143	0.750084
52	144	0.742514
52	159	0.672621
52	173	2.45881
52	176	2.90782
53	12	0.738729
53	15	0.84197
53	20	0.841403
53	22	0.736822
53	32	0.705684
53	34	0.784597
53	90	0.800043
53	114	0.767062
53	122	0.716407
53	147	0.779673
53	168	0.791811
53	171	1.78309
53	179	4.99177
54	6	0.74049
54	14	0.731286
54	19	0.734525
54	41	0.719278
54	66	0.74835
54	71	0.819368
54	86	2.13432
54	99	2.83343
54	110	0.815133
54	121	0.764441
54	139	0.761634
54	151	0.774231
54	158	2.37827
54	168	0.789133
55	16	0.743271
55	27	0.678012
55	37	0.817516
55	61	0.782123
55	67	0.76705
55	74	0.754736
55	77	0.807262
55	86	1.62678
55	118	0.751275
55	123	2.2364
55	143	0.765821
55	156	0.786257
55	171	3.47543
55	174	0.764639
56	46	1.92423
56	47	2.23346
56	148	0.786364
56	152	0.784024
56	155	0.790302
56	168	1.19272
56	169	0.790419
56	170	0.746465
56	172	0.754885
56	173	0.749451
56	175	0.698494
56	176	0.745588
56	178	0.74018
56	179	0.688205
56	180	0.719309
57	17	1.83164
57	149	0.738423
57	151	3.51837
57	162	0.687656
57	167	0.69643
57	169	0.740311
57	170	0.696358
57	171	0.684698
57	172	0.704777
57	173	0.699344
57	175	0.648386
57	176	0.69548
57	178	0.690072
57	179	0.638097
57	180	0.669202
58	9	0.745331
58	25	0.744345
58	59	0.762462
58	62	0.76183
58	65	0.815617
58	80	0.792932
58	119	0.752129
58	125	0.772114
58	129	0.796167
58	136	2.11372
58	156	0.784911
58	157	2.56234
58	159	0.687013
58	173	2.74999
59	21	0.798758
59	33	0.772731
59	52	0.74807
59	58	0.762462
59	62	0.730316
59	63	0.745937
59	65	0.784103
59	110	0.79115
59	128	2.67853
59	141	0.753877
59	143	0.732961
59	144	0.725392
59	150	3.2173
59	158	2.11741
59	159	0.655499
60	11	0.721751
60	13	0.805666
60	43	0.781199
60	45	0.764652
60	47	0.764255
60	49	0.691694
60	72	0.732199
60	76	0.781913
60	100	0.754634
60	117	1.20588
60	133	0.700152
60	137	0.730531
60	156	0.761699
60	166	3.4791
60	177	3.3708
61	16	0.728726
61	27	0.663467
61	55	0.782123
61	67	0.752504
61	74	0.740191
61	77	0.792717
61	89	2.65395
61	117	1.66427
61	120	0.767986
61	133	0.710165
61	134	0.788837
61	138	3.6071
61	143	0.751276
61	156	0.771711
61	174	0.750093
62	21	0.798126
62	33	0.772099
62	52	0.747439
62	58	0.76183
62	59	0.730316
62	63	0.745305
62	65	0.783471
62	81	1.70028
62	110	0.790518
62	126	3.40373
62	141	0.753245
62	143	0.732329
62	144	0.72476
62	159	0.654867
62	177	2.97397
63	21	0.813747
63	33	0.78772
63	52	0.763059
63	59	0.745937
63	62	0.745305
63	65	0.799091
63	110	0.806139
63	141	0.768866
63	143	0.74795
63	144	0.74038
63	146	2.64221
63	159	0.670487
63	170	2.69563
63	173	2.18011
64	5	2.45299
64	98	3.00572
64	109	0.759375
64	131	0.671801
64	152	0.732747
64	162	0.686487
64	166	0.671551
64	167	0.69526
64	169	0.739141
64	170	0.695188
64	173	0.698174
64	175	0.647216
64	178	0.688902
64	179	0.636927
64	180	0.668032
65	21	0.851913
65	33	0.825886
65	52	0.801225
65	58	0.815617
65	59	0.784103
65	62	0.783471
65	63	0.799091
65	103	2.13218
65	110	0.844305
65	141	0.807032
65	143	0.786116
65	144	0.778546
65	148	2.27309
65	155	1.59837
65	159	0.708653
65	161	3.07315
66	6	0.709926
66	14	0.700722
66	19	0.703961
66	24	1.83993
66	41	0.688713
66	46	0.765048
66	54	0.74835
66	71	0.788804
66	110	0.784569
66	116	0.730787
66	121	0.733877
66	139	0.73107
66	151	0.743667
66	160	4.04385
66	164	1.82882
66	168	0.758569
67	16	0.713652
67	27	0.648393
67	37	0.787897
67	55	0.76705
67	61	0.752504
67	74	0.725118
67	77	0.777643
67	104	1.39141
67	118	0.721656
67	133	0.695091
67	134	0.773764
67	143	0.736203
67	156	0.756638
67	161	3.33424
67	174	0.73502
67	180	3.58673
68	30	0.717881
68	88	1.62564
68	91	0.760592
68	93	0.743793
68	102	0.731342
68	105	0.767864
68	107	0.720999
68	112	0.768774
68	115	0.761203
68	119	0.726904
68	121	0.746747
68	125	0.746889
68	129	0.770942
68	153	3.78594
68	159	0.661788
68	176	2.82929
69	70	0.793875
69	85	0.806446
69	91	0.815549
69	93	0.79875
69	98	0.802279
69	107	0.775955
69	112	0.823731
69	115	0.81616
69	119	0.781861
69	125	0.801846
69	129	0.825899
69	139	0.798896
69	141	1.0052
69	174	1.45025
69	175	3.98232
69	177	2.66977
70	69	0.793875
70	80	0.763099
70	91	0.755984
70	93	0.739185
70	96	1.8847
70	102	0.726733
70	104	1.48132
70	107	0.716391
70	112	0.764166
70	115	0.756595
70	119	0.722296
70	125	0.742281
70	129	0.766334
70	137	0.72391
70	159	0.65718
70	175	4.87621
71	6	0.780944
71	14	0.77174
71	19	0.774979
71	41	0.759731
71	54	0.819368
71	66	0.788804
71	109	1.36862
71	116	0.801805
71	121	0.804895
71	134	0.834959
71	139	0.802087
71	145	1.89652
71	151	0.814685
71	168	0.829587
71	170	2.56603
71	171	3.1407
72	11	0.706398
72	13	0.790313
72	43	0.765846
72	45	0.749299
72	46	0.764578
72	47	0.748902
72	49	0.676341
72	60	0.732199
72	76	0.76656
72	95	2.47042
72	100	0.739281
72	116	3.10843
72	133	0.684799
72	137	0.715178
72	149	2.59354
72	156	0.746345
73	26	0.758119
73	78	0.766265
73	108	0.757843
73	111	0.788445
73	113	0.819781
73	130	0.784662
73	138	2.75117
73	140	0.794311
73	142	0.816654
73	143	0.787456
73	144	0.779886
73	146	0.750741
73	157	0.781254
73	162	2.13167
73	168	0.819645
73	170	2.28474
73	176	2.21822
74	16	0.701339
74	27	0.63608
74	37	0.775584
74	55	0.754736
74	61	0.740191
74	67	0.725118
74	77	0.76533
74	118	0.709343
74	120	0.7406
74	133	0.682778
74	134	0.761451
74	143	0.723889
74	155	1.55689
74	156	0.744325
74	160	4.05387
74	166	3.27949
74	174	0.722707
75	113	0.731855
75	115	1.16607
75	123	0.816911
75	125	1.7816
75	128	0.821324
75	134	0.607316
75	160	0.756943
75	163	0.830106
75	166	0.772344
75	171	0.784321
75	173	0.798967
75	175	0.748009
75	176	0.795103
75	177	0.775687
75	178	0.789695
75	179	0.73772
75	180	0.768825
76	11	0.756112
76	13	0.840027
76	43	0.81556
76	45	0.799013
76	46	0.814292
76	47	0.798616
76	49	0.726055
76	60	0.781913
76	72	0.76656
76	82	1.81378
76	96	2.2039
76	100	0.788995
76	133	0.734513
76	137	0.764892
76	156	0.79606
76	164	2.55053
76	174	2.66335
77	16	0.753865
77	37	0.82811
77	55	0.807262
77	61	0.792717
77	67	0.777643
77	74	0.76533
77	97	1.65826
77	118	0.761869
77	120	0.793125
77	122	2.70193
77	133	0.735304
77	134	0.813976
77	143	0.776415
77	148	2.94287
77	156	0.79685
77	169	2.17212
77	174	0.775232
78	7	0.695977
78	26	0.684447
78	31	0.692358
78	38	0.669744
78	73	0.766265
78	95	2.58086
78	101	0.762149
78	108	0.684171
78	113	0.746109
78	130	0.71099
78	132	3.18532
78	134	0.751345
78	140	0.720639
78	142	0.742982
78	144	0.706214
78	151	0.731071
78	152	3.23957
78	168	0.745973
79	31	3.09689
79	39	1.38785
79	86	0.769649
79	108	2.17188
79	145	0.752456
79	153	0.695268
79	155	0.760705
79	158	0.749247
79	162	0.708167
79	163	0.750993
79	164	0.736378
79	172	0.725288
79	175	0.668897
79	176	0.715991
79	177	0.696575
79	178	0.710583
79	179	0.658608
79	180	0.689713
80	58	0.792932
80	70	0.763099
80	91	0.784773
80	94	0.770435
80	98	0.771503
80	102	0.755522
80	105	0.792045
80	107	0.745179
80	112	0.792955
80	114	2.02911
80	115	0.785383
80	119	0.751085
80	125	0.77107
80	129	0.795122
80	139	0.76812
80	158	1.7556
80	162	2.63255
80	171	3.36029
81	62	1.70028
81	94	2.55103
81	134	1.67153
81	152	0.766073
81	160	0.689477
81	166	0.704877
81	167	0.728587
81	169	0.772468
81	170	0.728514
81	171	0.716855
81	172	0.736934
81	173	0.7315
81	175	0.680543
81	176	0.727637
81	177	0.70822
81	178	0.722229
81	179	0.670254
81	180	0.701359
82	35	0.904639
82	76	1.81378
82	118	1.92124
82	144	1.32829
82	153	0.757163
82	158	0.811142
82	160	0.739726
82	162	0.770062
82	163	0.812889
82	165	0.738305
82	167	0.778836
82	169	0.822717
82	171	0.767104
82	173	0.78175
82	177	0.75847
82	178	0.772478
82	179	0.720503
82	180	0.751608
83	38	0.72356
83	101	0.815965
83	108	0.737986
83	111	0.768589
83	114	0.77504
83	121	0.775097
83	130	0.764805
83	137	0.756867
83	140	0.774455
83	141	0.788515
83	142	0.796798
83	144	0.76003
83	148	1.58926
83	157	0.761398
83	168	0.799789
83	174	1.30931
83	176	1.77381
83	179	5.62368
84	35	7.2
84	104	0.72893
84	117	0.703
84	135	0.591585
84	136	0.691031
84	138	0.619252
84	149	0.669312
84	162	0.618545
84	163	0.661371
84	169	0.6712
84	171	0.615587
84	173	0.630233
84	175	0.579275
84	176	0.626369
84	177	0.606953
84	178	0.620961
84	179	0.568986
84	180	0.600091
85	30	0.725844
85	69	0.806446
85	91	0.768555
85	93	0.751756
85	94	0.754217
85	98	0.755285
85	105	0.775827
85	112	0.776737
85	115	0.769166
85	119	0.734867
85	120	0.763924
85	125	0.754852
85	129	0.778905
85	139	0.751903
85	141	1.69191
85	146	2.61455
85	147	0.767265
85	150	2.73784
85	161	3.21697
86	3	2.0648
86	28	0.745018
86	29	0.739636
86	48	0.788512
86	51	0.788125
86	54	2.13432
86	55	1.62678
86	79	0.769649
86	112	1.16819
86	113	0.799276
86	122	0.766771
86	130	0.764157
86	140	0.773806
86	142	0.79615
86	156	0.787387
86	176	0.745271
86	178	0.739863
86	179	0.687888
86	180	0.718992
87	126	0.663669
87	132	0.728072
87	138	0.670349
87	140	3.36131
87	148	0.718242
87	156	3.03372
87	159	0.621684
87	163	0.712468
87	166	0.654706
87	167	0.678416
87	171	0.666684
87	172	0.686763
87	173	0.68133
87	175	0.630372
87	176	0.677466
87	177	0.65805
87	178	0.672058
87	179	0.620083
87	180	0.651188
88	68	1.62564
88	93	1.86565
88	113	1.11109
88	122	0.778693
88	136	0.821854
88	149	0.800136
88	156	1.16771
88	158	0.790449
88	161	0.740714
88	163	0.792195
88	166	0.734433
88	170	0.75807
88	172	0.76649
88	173	0.761057
88	175	0.710099
88	176	0.757193
88	178	0.751785
88	179	0.69981
88	180	0.730915
89	30	2.46772
89	61	2.65395
89	117	0.780668
89	148	0.744813
89	152	0.742473
89	153	0.683314
89	155	0.748751
89	160	0.665877
89	163	0.739039
89	164	0.724424
89	168	1.82874
89	169	0.748868
89	171	0.693254
89	173	0.7079
89	176	0.704037
89	177	0.68462
89	178	0.698629
89	179	0.646654
89	180	0.677758
90	2	0.754522
90	29	0.74808
90	32	0.721457
90	34	0.80037
90	39	0.726525
90	42	0.725805
90	48	0.796956
90	51	0.796568
90	53	0.800043
90	132	1.66971
90	146	0.73868
90	147	0.795447
90	148	2.28248
90	156	0.795831
90	167	2.95372
90	168	0.807584
90	171	3.10822
90	174	0.774213
91	68	0.760592
91	69	0.815549
91	70	0.755984
91	80	0.784773
91	85	0.768555
91	94	0.763321
91	102	0.748408
91	105	0.784931
91	106	2.16359
91	107	0.738065
91	115	0.778269
91	118	0.74177
91	119	0.743971
91	125	0.763956
91	129	0.788008
91	141	2.33618
91	158	2.28222
91	159	0.678854
91	176	3.24573
92	18	2.04845
92	44	2.29913
92	116	0.736021
92	147	2.97933
92	149	0.752876
92	153	0.68921
92	160	0.671773
92	163	0.744935
92	164	0.73032
92	165	0.670352
92	166	0.687174
92	167	0.710883
92	170	0.710811
92	172	0.71923
92	173	0.713797
92	176	0.709933
92	177	0.690517
92	178	0.704525
92	179	0.65255
92	180	0.683655
93	68	0.743793
93	69	0.79875
93	70	0.739185
93	85	0.751756
93	88	1.86565
93	94	0.746521
93	98	0.747589
93	102	0.731608
93	105	0.768131
93	107	0.721265
93	112	0.769041
93	115	0.76147
93	119	0.727171
93	121	0.747014
93	125	0.747156
93	129	0.771209
93	141	2.15975
93	147	0.759569
93	154	3.63615
93	155	2.21003
94	80	0.770435
94	81	2.55103
94	85	0.754217
94	91	0.763321
94	93	0.746521
94	102	0.73407
94	107	0.723727
94	112	0.771503
94	115	0.763931
94	116	0.746385
94	118	0.727432
94	119	0.729633
94	120	0.758689
94	125	0.749617
94	129	0.77367
94	137	0.731246
94	139	0.746668
94	145	2.4667
94	146	3.08278
94	149	1.79103
95	21	1.37447
95	72	2.47042
95	78	2.58086
95	103	0.788785
95	122	0.777628
95	123	0.777935
95	154	0.729431
95	156	0.969568
95	158	0.789383
95	165	0.716546
95	166	0.733368
95	169	0.800959
95	170	0.757005
95	171	0.745345
95	175	0.709034
95	176	0.756128
95	177	0.736711
95	178	0.75072
95	179	0.698745
95	180	0.729849
96	20	1.00961
96	70	1.8847
96	76	2.2039
96	109	0.807384
96	118	2.31136
96	128	0.768541
96	132	0.792926
96	148	0.783096
96	162	0.734496
96	163	0.777322
96	164	0.762707
96	166	0.71956
96	167	0.743269
96	169	0.787151
96	171	0.731537
96	173	0.746183
96	175	0.695226
96	178	0.736912
96	179	0.684937
96	180	0.716042
97	45	1.99262
97	77	1.65826
97	107	1.87718
97	135	0.726024
97	144	1.1732
97	158	0.794064
97	160	0.722648
97	161	0.744329
97	166	0.738048
97	167	0.761758
97	169	0.805639
97	171	0.750026
97	172	0.770105
97	173	0.764672
97	175	0.713714
97	176	0.760808
97	177	0.741392
97	178	0.7554
97	179	0.703425
97	180	0.73453
98	30	0.721677
98	64	3.00572
98	69	0.802279
98	80	0.771503
98	85	0.755285
98	93	0.747589
98	100	1.77733
98	102	0.735138
98	105	0.77166
98	107	0.724795
98	112	0.77257
98	115	0.764999
98	116	0.747453
98	119	0.7307
98	125	0.750685
98	129	0.774738
98	146	2.79781
98	147	0.763098
98	157	2.14808
98	159	0.665584
99	54	2.83343
99	135	0.676569
99	144	2.13402
99	147	1.71784
99	149	0.754296
99	150	0.712876
99	152	0.749789
99	155	0.756067
99	164	0.73174
99	165	0.671772
99	166	0.688593
99	167	0.712303
99	170	0.71223
99	171	0.700571
99	172	0.72065
99	175	0.664259
99	177	0.691937
99	178	0.705945
99	179	0.65397
99	180	0.685075
100	4	1.76012
100	7	0.730539
100	43	0.788281
100	60	0.754634
100	72	0.739281
100	76	0.788995
100	98	1.77733
100	110	1.31598
100	125	2.35709
100	140	0.755201
100	142	0.777544
100	143	0.748346
100	156	0.768781
100	157	0.742144
100	166	0.703905
100	168	0.780535
100	171	0.715883
100	172	0.735962
100	175	0.679571
100	179	0.669282
100	180	0.700387
101	5	0.853261
101	26	0.754003
101	31	0.761914
101	78	0.762149
101	83	0.815965
101	108	0.753727
101	109	2.01105
101	111	0.784329
101	113	0.815665
101	127	0.781477
101	130	0.780546
101	140	0.790195
101	142	0.812538
101	146	0.746625
101	151	0.800627
101	152	2.39887
101	155	2.28268
101	157	0.777139
101	163	2.21583
101	164	2.56463
101	168	0.815529
102	68	0.731342
102	70	0.726733
102	80	0.755522
102	91	0.748408
102	93	0.731608
102	94	0.73407
102	98	0.735138
102	105	0.75568
102	107	0.708814
102	112	0.75659
102	115	0.749018
102	118	0.712519
102	119	0.71472
102	120	0.743776
102	125	0.734705
102	126	4.02516
102	129	0.758757
102	133	3.7591
102	147	0.747117
102	149	1.56171
102	152	2.0973
102	159	0.649603
103	17	1.1707
103	65	2.13218
103	95	0.788785
103	104	0.826831
103	123	0.746078
103	142	2.21551
103	146	0.709236
103	149	0.767214
103	155	0.768985
103	156	2.04589
103	158	0.757526
103	160	0.686111
103	162	0.716447
103	167	0.72522
103	170	0.725148
103	171	0.713488
103	172	0.733568
103	175	0.677177
103	176	0.724271
103	177	0.704854
103	178	0.718863
103	180	0.697993
104	67	1.39141
104	70	1.48132
104	84	0.72893
104	103	0.826831
104	120	1.79811
104	131	0.771664
104	132	0.84478
104	135	0.75939
104	140	1.37162
104	147	0.898862
104	154	0.767477
104	160	0.756014
104	161	0.777695
104	165	0.754593
104	170	0.795051
104	172	0.803471
104	175	0.74708
104	176	0.794174
104	177	0.774758
104	178	0.788766
104	179	0.736791
104	180	0.767896
105	30	0.74222
105	68	0.767864
105	80	0.792045
105	85	0.775827
105	91	0.784931
105	93	0.768131
105	98	0.77166
105	102	0.75568
105	107	0.745337
105	112	0.793113
105	115	0.785541
105	119	0.751243
105	120	0.780299
105	121	0.771086
105	125	0.771227
105	129	0.79528
105	136	1.91892
105	137	0.752856
105	141	2.09465
105	150	3.14057
105	152	2.26112
105	159	0.686126
105	176	3.00419
106	3	2.19013
106	91	2.16359
106	124	0.785822
106	140	1.6168
106	143	2.02208
106	150	0.725121
106	155	0.768312
106	157	0.739077
106	158	0.756854
106	160	0.685438
106	161	0.707119
106	163	0.7586
106	169	0.768429
106	170	0.724476
106	171	0.712816
106	172	0.732895
106	173	0.727462
106	175	0.676504
106	176	0.723598
106	177	0.704182
106	178	0.71819
106	179	0.666215
106	180	0.69732
107	68	0.720999
107	69	0.775955
107	70	0.716391
107	80	0.745179
107	91	0.738065
107	93	0.721265
107	94	0.723727
107	97	1.87718
107	98	0.724795
107	102	0.708814
107	105	0.745337
107	109	2.21544
107	112	0.746247
107	115	0.738675
107	118	0.702176
107	119	0.704377
107	121	0.72422
107	125	0.724362
107	129	0.748414
107	147	0.736774
107	159	0.63926
107	166	4.20967
107	173	2.89734
108	5	0.775282
108	7	0.687555
108	31	0.683935
108	73	0.757843
108	78	0.684171
108	79	2.17188
108	83	0.737986
108	101	0.753727
108	111	0.70635
108	113	0.737686
108	114	0.712802
108	130	0.702567
108	134	0.742922
108	140	0.712216
108	141	0.726277
108	142	0.73456
108	143	0.705361
108	144	0.697792
108	146	0.668646
108	151	0.722648
108	163	2.91827
108	168	0.73755
108	169	2.88909
108	178	3.45191
109	64	0.759375
109	71	1.36862
109	96	0.807384
109	101	2.01105
109	107	2.21544
109	110	1.19247
109	138	0.749561
109	140	1.56804
109	148	0.797454
109	150	0.758201
109	158	0.789933
109	162	0.748854
109	164	0.777065
109	165	0.717096
109	166	0.733918
109	169	0.801509
109	171	0.745895
109	172	0.765975
109	173	0.760541
109	176	0.756678
109	177	0.737261
109	178	0.75127
109	179	0.699295
109	180	0.730399
110	14	0.767505
110	36	0.826236
110	39	0.744293
110	41	0.755497
110	42	0.743573
110	52	0.808273
110	54	0.815133
110	59	0.79115
110	62	0.790518
110	63	0.806139
110	65	0.844305
110	66	0.784569
110	100	1.31598
110	109	1.19247
110	128	1.92098
110	133	3.2421
110	144	0.785594
110	146	0.756448
110	147	0.813215
110	151	0.81045
110	159	0.715701
110	162	2.23681
110	167	2.81005
110	168	0.825353
110	174	0.791981
111	5	0.805885
111	7	0.718157
111	26	0.706626
111	31	0.714538
111	38	0.691924
111	73	0.788445
111	83	0.768589
111	101	0.784329
111	108	0.70635
111	113	0.768288
111	114	0.743404
111	116	2.66753
111	127	0.734101
111	130	0.733169
111	137	0.725231
111	140	0.742819
111	142	0.765162
111	143	0.735964
111	146	0.699248
111	151	0.75325
111	155	2.57204
111	157	0.729762
111	158	2.4678
111	164	2.85399
111	168	0.768153
111	173	2.9823
112	30	0.74313
112	68	0.768774
112	69	0.823731
112	70	0.764166
112	80	0.792955
112	85	0.776737
112	86	1.16819
112	93	0.769041
112	94	0.771503
112	98	0.77257
112	102	0.75659
112	105	0.793113
112	107	0.746247
112	115	0.786451
112	116	0.768905
112	117	0.965763
112	119	0.752153
112	120	0.781209
112	125	0.772137
112	129	0.79619
112	132	1.57833
112	139	0.769188
112	147	0.78455
112	152	1.63258
112	159	0.687036
112	165	4.16648
112	175	4.44323
113	26	0.737962
113	38	0.72326
113	50	1.68911
113	73	0.819781
113	75	0.731855
113	78	0.746109
113	86	0.799276
113	88	1.11109
113	101	0.815665
113	108	0.737686
113	111	0.768288
113	114	0.77474
113	127	0.765436
113	130	0.764505
113	137	0.756567
113	140	0.774154
113	141	0.788215
113	142	0.796498
113	143	0.767299
113	144	0.75973
113	146	0.730584
113	151	0.784586
113	153	3.27139
113	157	0.761098
113	167	2.80142
113	168	0.799488
113	180	3.18274
114	4	2.07751
114	12	0.721522
114	13	1.82847
114	22	0.719615
114	32	0.688477
114	34	0.76739
114	53	0.767062
114	80	2.02911
114	83	0.77504
114	108	0.712802
114	111	0.743404
114	113	0.77474
114	119	2.06489
114	130	0.739621
114	139	1.41384
114	140	0.74927
114	142	0.771614
114	147	0.762467
114	149	0.763677
114	164	0.741121
114	168	0.774604
114	173	0.724598
114	176	0.720735
114	177	0.701318
114	178	0.715327
114	179	0.663352
114	180	0.694456
115	30	0.735558
115	68	0.761203
115	69	0.81616
115	70	0.756595
115	75	1.16607
115	80	0.785383
115	85	0.769166
115	91	0.778269
115	93	0.76147
115	94	0.763931
115	98	0.764999
115	102	0.749018
115	105	0.785541
115	107	0.738675
115	112	0.786451
115	119	0.744581
115	121	0.764424
115	124	1.76356
115	125	0.764566
115	129	0.788619
115	137	0.746195
115	139	0.761616
115	147	0.776979
115	159	0.679465
115	166	3.61228
115	173	2.29995
115	174	2.28446
115	177	3.50398
116	6	0.722927
116	9	1.06773
116	41	0.701715
116	52	2.14404
116	66	0.730787
116	71	0.801805
116	72	3.10843
116	92	0.736021
116	94	0.746385
116	98	0.747453
116	111	2.66753
116	112	0.768905
116	118	0.724835
116	119	0.727035
116	125	0.74702
116	129	0.771073
116	138	0.710584
116	139	0.744071
116	151	0.756668
116	156	1.60758
116	168	0.77157
116	173	0.721564
116	175	0.670607
116	176	0.717701
116	177	0.698284
116	178	0.712293
116	179	0.660318
116	180	0.691422
117	60	1.20588
117	61	1.66427
117	84	0.703
117	89	0.780668
117	112	0.965763
117	120	1.71554
117	121	1.84415
117	128	0.794465
117	137	1.99718
117	148	0.809021
117	149	0.811187
117	153	0.747521
117	154	0.741547
117	159	0.712462
117	161	0.751765
117	162	0.76042
117	163	0.803246
117	166	0.745485
117	167	0.769194
117	169	0.813075
117	170	0.769122
117	171	0.757462
117	172	0.777541
117	176	0.768244
117	177	0.748828
117	178	0.762836
117	179	0.710861
117	180	0.741966
118	1	0.684602
118	3	0.776577
118	8	0.769559
118	27	0.632619
118	35	0.749593
118	40	0.753197
118	55	0.751275
118	67	0.721656
118	74	0.709343
118	77	0.761869
118	82	1.92124
118	91	0.74177
118	94	0.727432
118	96	2.31136
118	102	0.712519
118	107	0.702176
118	116	0.724835
118	125	0.728067
118	129	0.75212
118	141	2.32576
118	143	0.720428
118	147	0.74048
118	151	0.737715
118	153	4.19196
118	156	0.740863
118	157	0.714227
118	163	2.30919
118	174	0.719245
119	30	0.70126
119	58	0.752129
119	68	0.726904
119	69	0.781861
119	70	0.722296
119	80	0.751085
119	85	0.734867
119	91	0.743971
119	93	0.727171
119	94	0.729633
119	98	0.7307
119	102	0.71472
119	105	0.751243
119	107	0.704377
119	112	0.752153
119	114	2.06489
119	115	0.744581
119	116	0.727035
119	121	0.730126
119	125	0.730267
119	135	4.31094
119	137	0.711896
119	139	0.727318
119	147	0.74268
119	152	2.01182
119	159	0.645166
119	169	1.79959
119	180	3.62289
120	1	0.715859
120	8	0.800816
120	10	0.467861
120	27	0.663876
120	37	0.80338
120	40	0.784453
120	61	0.767986
120	74	0.7406
120	77	0.793125
120	85	0.763924
120	94	0.758689
120	102	0.743776
120	104	1.79811
120	105	0.780299
120	112	0.781209
120	117	1.71554
120	125	0.759324
120	127	0.749822
120	129	0.783376
120	134	0.789246
120	139	0.756374
120	150	3.26181
120	151	0.768971
120	156	0.77212
120	157	0.745483
120	170	3.19195
120	174	0.750502
120	178	2.73295
121	5	0.812393
121	14	0.716813
121	19	0.720052
121	54	0.764441
121	66	0.733877
121	68	0.746747
121	71	0.804895
121	83	0.775097
121	93	0.747014
121	105	0.771086
121	107	0.72422
121	115	0.764424
121	117	1.84415
121	119	0.730126
121	129	0.774163
121	130	0.739677
121	134	0.780033
121	139	0.747161
121	140	0.749327
121	142	0.77167
121	144	0.734902
121	151	0.759758
121	155	2.39478
121	157	0.73627
121	158	2.29054
121	168	0.774661
121	169	2.29874
121	172	3.04108
121	178	2.86156
122	25	3.15014
122	53	0.716407
122	77	2.70193
122	86	0.766771
122	88	0.778693
122	95	0.777628
122	124	0.775337
122	129	2.33476
122	136	0.777775
122	147	1.80069
122	150	0.714637
122	153	0.692391
122	154	0.686417
122	155	0.757828
122	160	0.674954
122	161	0.696635
122	162	0.70529
122	163	0.748116
122	165	0.673532
122	166	0.690354
122	167	0.714063
122	169	0.757945
122	170	0.713991
122	171	0.702331
122	173	0.716977
122	176	0.713114
122	177	0.693697
122	178	0.707706
122	179	0.655731
122	180	0.686835
123	7	2.79228
123	43	1.25931
123	55	2.2364
123	75	0.816911
123	95	0.777935
123	103	0.746078
123	126	0.699624
123	133	0.69399
123	136	0.778082
123	143	2.50637
123	150	0.714944
123	151	1.94852
123	152	0.751857
123	154	0.686724
123	155	0.758135
123	158	0.746676
123	160	0.67526
123	162	0.705597
123	164	0.733807
123	165	0.673839
123	166	0.690661
123	167	0.71437
123	171	0.702638
123	172	0.722718
123	173	0.717284
123	175	0.666327
123	176	0.713421
123	177	0.694004
123	178	0.708013
123	180	0.687142
124	13	1.53307
124	47	2.30429
124	106	0.785822
124	115	1.76356
124	122	0.775337
124	142	1.55558
124	144	1.65697
124	145	0.790301
124	147	1.24079
124	148	0.794613
124	150	0.75536
124	153	0.733114
124	154	0.72714
124	160	0.715677
124	162	0.746013
124	164	0.774224
124	165	0.714255
124	166	0.731077
124	167	0.754786
124	169	0.798668
124	170	0.754714
124	171	0.743054
124	172	0.763134
124	173	0.7577
124	175	0.706743
124	176	0.753837
124	177	0.73442
124	178	0.748429
124	179	0.696454
124	180	0.727559
125	30	0.721244
125	50	2.73885
125	58	0.772114
125	68	0.746889
125	69	0.801846
125	70	0.742281
125	75	1.7816
125	80	0.77107
125	85	0.754852
125	91	0.763956
125	93	0.747156
125	94	0.749617
125	98	0.750685
125	100	2.35709
125	102	0.734705
125	105	0.771227
125	107	0.724362
125	112	0.772137
125	115	0.764566
125	116	0.74702
125	118	0.728067
125	119	0.730267
125	120	0.759324
125	129	0.774305
125	137	0.731881
125	147	0.762665
125	149	2.08582
125	159	0.665151
125	163	2.43836
125	169	2.40918
126	2	3.77111
126	62	3.40373
126	87	0.663669
126	102	4.02516
126	123	0.699624
126	131	0.655307
126	138	0.6707
126	145	0.714281
126	148	0.718593
126	158	0.711072
126	159	0.622035
126	160	0.639656
126	161	0.661337
126	162	0.669993
126	163	0.712819
126	165	0.638235
126	166	0.655057
126	169	0.722647
126	170	0.678694
126	171	0.667034
126	172	0.687114
126	173	0.68168
126	175	0.630723
126	176	0.677817
126	177	0.6584
126	178	0.672408
126	179	0.620434
126	180	0.651538
127	2	0.712238
127	3	0.789261
127	4	0.783347
127	7	0.715305
127	9	0.713967
127	17	0.805943
127	25	0.712982
127	28	0.711178
127	35	0.762277
127	40	0.76588
127	48	0.754673
127	51	0.754285
127	101	0.781477
127	111	0.734101
127	113	0.765436
127	120	0.749822
127	128	2.01297
127	130	0.730317
127	133	3.33409
127	134	0.770673
127	135	3.97141
127	139	0.737801
127	140	0.739967
127	142	0.76231
127	145	1.81237
127	151	0.750398
127	156	0.753547
127	157	0.72691
127	161	3.03087
127	174	1.95086
128	59	2.67853
128	75	0.821324
128	96	0.768541
128	110	1.92098
128	117	0.794465
128	127	2.01297
128	129	2.35787
128	139	1.70145
128	153	0.697111
128	154	0.691137
128	155	0.762548
128	158	0.75109
128	159	0.662052
128	161	0.701355
128	162	0.71001
128	163	0.752836
128	164	0.738221
128	165	0.678253
128	166	0.695075
128	167	0.718784
128	170	0.718712
128	171	0.707052
128	172	0.727131
128	173	0.721698
128	175	0.67074
128	176	0.717834
128	177	0.698418
128	178	0.712426
128	179	0.660451
128	180	0.691556
129	58	0.796167
129	68	0.770942
129	69	0.825899
129	70	0.766334
129	80	0.795122
129	85	0.778905
129	91	0.788008
129	93	0.771209
129	94	0.77367
129	98	0.774738
129	102	0.758757
129	105	0.79528
129	107	0.748414
129	112	0.79619
129	115	0.788619
129	116	0.771073
129	118	0.75212
129	120	0.783376
129	121	0.774163
129	122	2.33476
129	125	0.774305
129	128	2.35787
129	137	0.755934
129	139	0.771355
129	147	0.786718
129	155	1.90099
129	157	2.12361
129	159	0.689204
129	163	1.83414
129	172	2.54729
129	178	2.36777
130	5	0.802101
130	7	0.714374
130	26	0.702843
130	73	0.784662
130	78	0.71099
130	83	0.764805
130	86	0.764157
130	101	0.780546
130	108	0.702567
130	111	0.733169
130	113	0.764505
130	114	0.739621
130	121	0.739677
130	127	0.730317
130	134	0.769742
130	136	1.84823
130	137	0.721448
130	138	3.46644
130	140	0.739035
130	141	0.753096
130	142	0.761379
130	143	0.73218
130	144	0.724611
130	146	0.695465
130	150	3.06988
130	151	0.749467
130	157	0.725979
130	168	0.764369
130	174	2.469
130	176	2.9335
130	178	2.54101
131	18	3.26668
131	19	4.30412
131	28	4.4292
131	64	0.671801
131	104	0.771664
131	126	0.655307
131	135	0.634319
131	145	0.705568
131	150	0.670627
131	152	0.70754
131	153	0.64838
131	154	0.642407
131	158	0.702359
131	160	0.630943
131	161	0.652624
131	164	0.68949
131	165	0.629522
131	166	0.646344
131	167	0.670053
131	169	0.713934
131	170	0.669981
131	171	0.658321
131	172	0.678401
131	173	0.672967
131	175	0.62201
131	176	0.669104
131	177	0.649687
131	178	0.663695
131	179	0.611721
131	180	0.642825
132	15	1.75834
132	23	2.02958
132	78	3.18532
132	87	0.728072
132	90	1.66971
132	96	0.792926
132	104	0.84478
132	112	1.57833
132	150	0.743742
132	152	0.780655
132	153	0.721496
132	154	0.715522
132	156	1.57403
132	158	0.775475
132	160	0.704059
132	161	0.72574
132	163	0.777221
132	164	0.762606
132	165	0.702638
132	167	0.743169
132	169	0.78705
132	170	0.743097
132	171	0.731437
132	172	0.751516
132	173	0.746083
132	175	0.695125
132	176	0.742219
132	177	0.722803
132	178	0.736811
132	179	0.684836
132	180	0.715941
133	11	0.674351
133	16	0.671313
133	24	0.710313
133	27	0.606054
133	37	0.745558
133	43	0.733799
133	44	2.46471
133	45	0.717252
133	47	0.716855
133	49	0.644294
133	60	0.700152
133	61	0.710165
133	67	0.695091
133	72	0.684799
133	74	0.682778
133	76	0.734513
133	77	0.735304
133	102	3.7591
133	110	3.2421
133	123	0.69399
133	127	3.33409
133	150	0.673706
133	156	0.714299
133	164	0.692569
133	167	0.673132
133	170	0.67306
133	174	0.69268
133	175	0.625089
133	176	0.672183
133	177	0.652766
133	179	0.6148
133	180	0.645904
134	14	0.746877
134	19	0.750116
134	27	0.684726
134	38	0.728496
134	46	0.811204
134	61	0.788837
134	67	0.773764
134	71	0.834959
134	74	0.761451
134	75	0.607316
134	77	0.813976
134	78	0.751345
134	81	1.67153
134	108	0.742922
134	120	0.789246
134	121	0.780033
134	127	0.770673
134	130	0.769742
134	136	1.10493
134	137	0.761803
134	139	0.777225
134	140	0.779391
134	142	0.801734
134	151	0.789822
134	156	0.792971
134	160	3.82791
134	168	0.804725
134	172	1.97723
134	174	0.771353
134	175	4.25777
134	176	2.1902
135	41	4.51766
135	84	0.591585
135	97	0.726024
135	99	0.676569
135	104	0.75939
135	119	4.31094
135	127	3.97141
135	131	0.634319
135	136	0.72149
135	145	0.693293
135	149	0.699772
135	150	0.658352
135	152	0.695265
135	153	0.636106
135	154	0.630132
135	155	0.701543
135	161	0.64035
135	162	0.649005
135	165	0.617248
135	167	0.657779
135	169	0.70166
135	170	0.657707
135	171	0.646047
135	172	0.666126
135	173	0.660693
135	174	0.677327
135	175	0.609735
135	176	0.656829
135	177	0.637413
135	178	0.651421
135	179	0.599446
135	180	0.630551
136	3	2.18699
136	58	2.11372
136	84	0.691031
136	88	0.821854
136	105	1.91892
136	122	0.777775
136	123	0.778082
136	130	1.84823
136	134	1.10493
136	135	0.72149
136	140	1.61367
136	145	0.792739
136	148	0.797051
136	149	0.799218
136	152	0.794711
136	155	0.800989
136	158	0.78953
136	161	0.739796
136	162	0.748451
136	163	0.791277
136	165	0.716693
136	166	0.733515
136	167	0.757224
136	168	1.16367
136	169	0.801106
136	170	0.757152
136	172	0.765572
136	174	0.776773
136	175	0.709181
136	177	0.736858
136	178	0.750867
136	179	0.698892
136	180	0.729997
137	11	0.70473
137	13	0.788645
137	30	0.702873
137	31	0.702816
137	45	0.747631
137	47	0.747234
137	49	0.674673
137	60	0.730531
137	70	0.72391
137	72	0.715178
137	76	0.764892
137	83	0.756867
137	94	0.731246
137	105	0.752856
137	111	0.725231
137	113	0.756567
137	115	0.746195
137	117	1.99718
137	119	0.711896
137	125	0.731881
137	129	0.755934
137	130	0.721448
137	134	0.761803
137	140	0.731097
137	142	0.75344
137	149	2.12841
137	154	3.97393
137	156	0.744677
137	159	0.64678
137	164	2.82975
137	168	0.756431
137	169	2.45177
137	174	2.94257
138	49	3.37528
138	61	3.6071
138	73	2.75117
138	84	0.619252
138	87	0.670349
138	109	0.749561
138	116	0.710584
138	126	0.6707
138	130	3.46644
138	145	0.720961
138	149	0.727439
138	152	0.722933
138	153	0.663773
138	154	0.6578
138	158	0.717752
138	160	0.646336
138	161	0.668017
138	162	0.676672
138	163	0.719499
138	164	0.704883
138	165	0.644915
138	166	0.661737
138	169	0.729327
138	170	0.685374
138	171	0.673714
138	172	0.693794
138	173	0.68836
138	175	0.637402
138	176	0.684496
138	177	0.66508
138	178	0.679088
138	179	0.627113
138	180	0.658218
139	1	0.703838
139	3	0.795813
139	4	0.789899
139	6	0.72321
139	24	1.53763
139	30	0.718295
139	35	0.768829
139	40	0.772432
139	41	0.701997
139	54	0.761634
139	66	0.73107
139	69	0.798896
139	71	0.802087
139	80	0.76812
