1	36	0.812322
1	59	0.838278
1	60	0.749869
1	62	0.827213
1	80	0.775627
1	83	0.837445
1	90	0.805479
1	95	0.742534
1	96	0.805754
1	159	1.74819
1	165	2.26957
1	175	2.80318
2	6	0.885464
2	11	0.883997
2	27	0.852765
2	42	0.956371
2	44	0.918998
2	71	0.945179
2	152	1.08305
2	159	1.81598
2	160	0.892627
2	166	0.886398
2	168	2.27221
2	170	2.33296
3	56	0.862831
3	93	0.837705
3	102	0.813203
3	112	0.779744
3	116	0.816613
3	120	0.828756
3	125	0.809325
3	159	1.67451
3	160	0.761
3	173	2.43165
3	175	2.72951
3	178	0.718827
4	7	0.721439
4	18	0.791029
4	41	0.761768
4	61	0.834384
4	65	0.834586
4	70	0.806112
4	77	0.968311
4	124	1.99833
4	137	1.72885
4	157	0.793734
4	163	0.719146
4	170	3.03998
5	93	0.942028
5	102	0.917526
5	109	1.14144
5	115	0.903708
5	116	0.920936
5	125	0.913648
5	134	1.53042
5	145	1.60074
5	148	0.920171
5	160	0.865322
5	174	3.22215
5	178	0.82315
6	2	0.885464
6	11	0.747242
6	17	0.957543
6	27	0.716011
6	42	0.819616
6	44	0.782244
6	71	0.808424
6	141	1.33348
6	160	0.755872
6	166	0.749644
6	172	2.98356
6	179	2.5167
7	4	0.721439
7	31	0.784601
7	61	0.828666
7	65	0.828868
7	70	0.800394
7	77	0.962593
7	107	0.772678
7	111	1.85594
7	137	2.33718
7	156	2.53955
7	157	0.788016
7	163	0.713428
8	24	0.790748
8	38	0.762414
8	76	0.776375
8	86	0.826978
8	87	0.812872
8	94	0.732778
8	98	0.805577
8	106	0.905782
8	113	0.797085
8	128	1.77605
8	154	2.39943
8	170	2.6802
9	74	0.904051
9	91	0.860156
9	92	0.928901
9	99	0.905412
9	100	0.905169
9	103	0.905065
9	104	0.905076
9	128	1.62601
9	136	1.62406
9	141	1.56656
9	155	2.70711
9	157	0.914345
10	78	0.919902
10	85	0.889375
10	97	0.940182
10	105	0.965487
10	109	1.7128
10	117	0.914817
10	135	1.72174
10	147	2.23992
10	152	1.74709
10	159	0.84353
10	163	0.855561
10	166	0.875283
11	2	0.883997
11	6	0.747242
11	17	0.956076
11	27	0.714544
11	42	0.818149
11	44	0.780777
11	71	0.806957
11	107	2.12114
11	121	2.06967
11	154	2.64663
11	160	0.754405
11	166	0.748177
12	35	1.2332
12	82	0.985662
12	94	0.871756
12	97	0.936121
12	113	0.936063
12	117	0.910756
12	124	2.09002
12	132	1.59153
12	159	0.839469
12	162	2.38696
12	166	0.871222
12	178	0.835277
13	20	0.815154
13	26	0.814034
13	47	0.763774
13	51	0.853045
13	53	0.785914
13	55	0.76236
13	79	0.882181
13	139	1.41129
13	153	0.833655
13	154	0.727254
13	168	2.58816
13	179	2.86853
14	16	1.07422
14	115	1.03317
14	120	1.06254
14	125	1.04311
14	128	0.846186
14	155	1.92728
14	157	1.04342
14	160	0.994781
14	161	2.18365
14	166	1.39896
14	176	1.87732
14	178	0.952608
15	74	0.904051
15	91	0.860156
15	92	0.928901
15	99	0.905412
15	100	0.905169
15	103	0.905065
15	104	0.905076
15	123	1.64897
15	145	1.4994
15	155	2.50125
15	157	0.914345
15	158	1.88848
16	14	1.07422
16	25	1.15558
16	102	0.894674
16	112	0.861216
16	115	0.880857
16	116	0.898085
16	120	0.910228
16	125	0.890797
16	140	1.76889
16	165	2.23379
16	169	2.29009
16	178	0.800298
17	6	0.957543
17	11	0.956076
17	27	0.924845
17	42	1.02845
17	44	0.991078
17	71	1.01726
17	134	1.01309
17	160	0.964706
17	166	0.958478
17	169	1.96902
17	171	1.67897
17	176	2.03531
17	178	1.88821
18	4	0.791029
18	31	0.854192
18	37	1.05787
18	41	0.82564
18	61	0.898256
18	65	0.898458
18	70	0.869984
18	77	1.03218
18	133	1.84433
18	149	2.27654
18	157	0.857607
18	163	0.783019
18	165	2.63142
19	24	0.861146
19	52	0.801688
19	76	0.846773
19	86	0.897375
19	87	0.88327
19	94	0.803175
19	98	0.875975
19	106	0.97618
19	113	0.867482
19	139	0.931713
19	167	2.18936
19	173	2.40949
19	179	2.38895
20	13	0.815154
20	26	0.887931
20	47	0.83767
20	51	0.926942
20	53	0.859811
20	55	0.836257
20	79	0.956078
20	114	0.873954
20	135	0.734318
20	153	0.907552
20	154	0.80115
20	178	1.98948
20	180	4.37843
21	32	0.857138
21	43	0.855745
21	49	0.929944
21	57	0.929722
21	63	0.929961
21	66	0.85549
21	82	0.919212
21	132	1.09283
21	151	2.84458
21	152	1.38305
21	159	0.773019
21	168	2.57222
21	178	0.768827
22	40	0.882789
22	50	0.751728
22	64	0.742904
22	67	0.714954
22	68	0.811257
22	69	0.804217
22	72	0.807426
22	81	0.775673
22	108	0.759395
22	135	1.84224
22	148	0.781646
22	156	2.00875
22	179	3.33713
23	33	0.768644
23	36	0.884918
23	39	0.947052
23	60	0.822465
23	62	0.899809
23	83	0.910041
23	84	0.825556
23	90	0.878074
23	96	0.87835
23	137	0.99969
23	142	1.19114
23	150	1.02045
23	180	4.67967
24	8	0.790748
24	19	0.861146
24	52	0.808131
24	86	0.903818
24	87	0.889713
24	94	0.809618
24	98	0.882418
24	106	0.982622
24	113	0.873925
24	129	1.96114
24	132	1.34541
24	159	2.36857
24	162	2.14084
25	16	1.15558
25	69	1.64231
25	112	1.06659
25	136	0.848128
25	137	0.928011
25	138	0.867017
25	145	0.854638
25	172	0.719092
25	173	0.737393
25	175	0.724645
25	177	0.724508
25	179	0.72362
25	180	0.677373
26	13	0.814034
26	20	0.887931
26	47	0.83655
26	51	0.925821
26	53	0.858691
26	55	0.835137
26	79	0.954958
26	123	1.32607
26	153	0.906432
26	154	0.80003
26	155	2.17835
26	161	2.43472
26	165	2.0058
27	2	0.852765
27	6	0.716011
27	11	0.714544
27	17	0.924845
27	42	0.786918
27	44	0.749545
27	71	0.775726
27	122	0.836696
27	142	1.49927
27	149	2.26847
27	160	0.723174
27	166	0.716946
27	174	3.41546
28	43	0.926566
28	53	1.73993
28	73	0.925938
28	130	0.909402
28	153	0.613237
28	169	0.766738
28	170	0.758556
28	173	0.757472
28	174	0.727318
28	175	0.744724
28	176	0.753608
28	177	0.744587
28	180	0.697452
29	47	0.810736
29	55	0.809322
29	58	0.926232
29	60	1.52568
29	79	0.929143
29	82	0.907321
29	122	0.885447
29	159	0.761127
29	173	0.729694
29	177	0.716809
29	178	0.756935
29	179	0.715921
29	180	0.669674
30	74	0.868063
30	91	0.824168
30	92	0.892913
30	99	0.869424
30	100	0.869181
30	103	0.869077
30	104	0.869088
30	132	1.16371
30	148	0.884568
30	156	1.5951
30	157	0.878358
30	168	2.6431
30	171	2.4745
31	7	0.784601
31	18	0.854192
31	41	0.82493
31	61	0.897546
31	65	0.897748
31	70	0.869274
31	77	1.03147
31	138	1.27446
31	147	1.72793
31	157	0.856896
31	163	0.782308
31	168	2.42426
31	178	2.4649
32	21	0.857138
32	43	0.853919
32	48	1.08505
32	49	0.928118
32	57	0.927896
32	63	0.928134
32	66	0.853664
32	82	0.917386
32	119	1.68887
32	138	1.70101
32	159	0.771193
32	177	3.17905
32	178	0.767001
33	23	0.768644
33	39	0.846025
33	59	0.809847
33	60	0.721438
33	80	0.747196
33	83	0.809014
33	84	0.724529
33	90	0.777048
33	96	0.777324
33	122	0.828848
33	133	2.23698
33	138	1.80911
33	169	3.08036
34	40	0.958355
34	64	0.81847
34	68	0.886823
34	69	0.879783
34	72	0.882992
34	89	0.815655
34	108	0.834961
34	111	1.28242
34	126	0.876697
34	130	1.89892
34	142	1.95512
34	148	0.857211
34	158	2.63897
35	12	1.2332
35	56	0.721076
35	90	0.951134
35	146	0.902177
35	157	0.383597
35	170	0.874862
35	171	0.898353
35	173	0.873778
35	174	0.843624
35	176	0.869914
35	177	0.860893
35	179	0.860005
35	180	0.813758
36	1	0.812322
36	23	0.884918
36	60	0.837712
36	80	0.86347
36	83	0.925288
36	84	0.840803
36	90	0.893322
36	95	0.830377
36	96	0.893598
36	124	1.17957
36	163	1.80113
36	176	2.34821
36	177	2.48871
37	18	1.05787
37	59	1.13318
37	79	0.700139
37	143	0.893828
37	157	0.712923
37	168	0.869158
37	169	0.852797
37	171	0.868106
37	172	0.82523
37	174	0.813377
37	175	0.830783
37	177	0.830646
37	179	0.829758
37	180	0.783511
38	8	0.762414
38	52	0.779797
38	76	0.824881
38	86	0.875484
38	87	0.861379
38	94	0.781284
38	98	0.854084
38	106	0.954288
38	113	0.845591
38	124	1.8631
38	139	1.66713
38	153	0.868487
38	156	1.79599
38	165	2.90915
39	23	0.947052
39	33	0.846025
39	59	0.988255
39	60	0.899846
39	62	0.97719
39	80	0.925603
39	84	0.902937
39	90	0.955455
39	96	0.955731
39	114	0.920125
39	154	1.77499
39	166	1.70438
39	177	2.32324
39	179	2.27538
40	22	0.882789
40	34	0.958355
40	45	0.944276
40	64	0.935134
40	67	0.907184
40	81	0.967903
40	88	0.934085
40	89	0.932319
40	108	0.951625
40	114	1.25261
40	152	1.13832
40	165	2.39264
40	166	2.03686
40	171	2.15889
41	4	0.761768
41	18	0.82564
41	31	0.82493
41	61	0.868995
41	65	0.869196
41	70	0.840723
41	77	1.00292
41	107	0.813006
41	143	1.91339
41	157	0.828345
41	160	1.48906
41	163	0.753757
41	177	2.58668
41	178	2.29909
42	2	0.956371
42	6	0.819616
42	11	0.818149
42	17	1.02845
42	27	0.786918
42	44	0.853151
42	71	0.879331
42	128	1.43825
42	160	0.826779
42	162	1.59769
42	166	0.820551
42	178	2.32229
42	179	2.56202
43	21	0.855745
43	28	0.926566
43	32	0.853919
43	49	0.926725
43	57	0.926503
43	63	0.926742
43	66	0.852271
43	82	0.915993
43	128	1.37574
43	159	0.7698
43	169	2.34058
43	177	2.54737
43	178	0.765608
44	2	0.918998
44	6	0.782244
44	11	0.780777
44	17	0.991078
44	27	0.749545
44	42	0.853151
44	71	0.841959
44	122	0.902929
44	145	1.91668
44	147	1.9845
44	152	1.49167
44	160	0.789407
44	166	0.783179
44	176	2.86858
45	40	0.944276
45	50	0.813215
45	64	0.80439
45	68	0.872744
45	72	0.868913
45	81	0.83716
45	88	0.803341
45	89	0.801575
45	108	0.820881
45	139	1.09063
45	148	0.843132
45	168	1.622
45	178	1.66265
45	180	4.0516
46	75	0.955194
46	78	0.951731
46	85	0.921204
46	97	0.972012
46	105	0.997316
46	117	0.946647
46	131	2.16079
46	134	1.04177
46	158	1.50117
46	159	0.87536
46	163	0.887391
46	166	0.907112
46	176	2.06399
46	177	2.20448
47	13	0.763774
47	20	0.83767
47	26	0.83655
47	29	0.810736
47	51	0.875561
47	53	0.808431
47	55	0.784876
47	79	0.904697
47	95	0.77344
47	132	1.51802
47	137	1.74703
47	139	1.82054
47	153	0.856172
47	154	0.74977
47	175	3.59617
48	32	1.08505
48	55	1.12618
48	56	0.793032
48	67	1.09235
48	161	0.844353
48	164	0.796167
48	167	0.838467
48	169	0.838743
48	173	0.829477
48	174	0.799324
48	175	0.816729
48	176	0.825613
48	177	0.816592
48	179	0.815704
48	180	0.769457
49	21	0.929944
49	32	0.928118
49	43	0.926725
49	57	1.0007
49	63	1.00094
49	66	0.92647
49	73	1.31285
49	82	0.990192
49	141	1.35329
49	143	1.91108
49	159	0.843999
49	163	1.89679
49	176	2.44388
49	178	0.839807
50	22	0.751728
50	45	0.813215
50	64	0.804073
50	67	0.776123
50	68	0.872426
50	69	0.865386
50	72	0.868595
50	81	0.836842
50	88	0.803023
50	89	0.801258
50	101	2.59026
50	108	0.820564
50	111	1.04148
50	129	1.90944
50	173	3.074
51	13	0.853045
51	20	0.926942
51	26	0.925821
51	47	0.875561
51	53	0.897702
51	55	0.874147
51	79	0.993968
51	95	0.862711
51	145	1.21272
51	147	1.28055
51	151	2.24924
51	153	0.945443
51	154	0.839041
51	171	1.80828
51	174	2.83414
52	19	0.801688
52	24	0.808131
52	38	0.779797
52	58	0.905235
52	76	0.793758
52	86	0.84436
52	94	0.75016
52	98	0.82296
52	106	0.923165
52	113	0.814467
52	133	0.760188
52	136	1.40249
52	147	1.55151
52	161	2.74191
52	172	2.99507
53	13	0.785914
53	20	0.859811
53	26	0.858691
53	28	1.73993
53	47	0.808431
53	51	0.897702
53	55	0.807017
53	79	0.926838
53	95	0.79558
53	111	1.30087
53	119	1.87055
53	153	0.878312
53	154	0.771911
53	159	2.57626
54	75	0.888528
54	78	0.885064
54	85	0.854538
54	97	0.905345
54	105	0.930649
54	117	0.87998
54	142	1.83435
54	147	2.19694
54	150	1.66366
54	159	0.808693
54	160	2.12389
54	163	0.820724
54	166	0.840446
55	13	0.76236
55	20	0.836257
55	26	0.835137
55	29	0.809322
55	47	0.784876
55	48	1.12618
55	51	0.874147
55	53	0.807017
55	79	0.903284
55	95	0.772026
55	152	1.70278
55	153	0.854758
55	154	0.748356
55	160	2.12257
55	169	3.0134
56	3	0.862831
56	35	0.721076
56	48	0.793032
56	93	0.941572
56	102	0.91707
56	112	0.883611
56	115	0.903252
56	116	0.92048
56	120	0.932623
56	125	0.913192
56	133	1.83687
56	148	0.919715
56	162	1.87484
56	176	2.74654
56	178	0.822694
57	21	0.929722
57	32	0.927896
57	43	0.926503
57	49	1.0007
57	63	1.00072
57	66	0.926248
57	82	0.98997
57	131	2.49857
57	137	0.963649
57	144	1.11443
57	159	0.843777
57	160	1.44464
57	172	2.96126
57	178	0.839585
58	29	0.926232
58	52	0.905235
58	71	0.964968
58	85	0.92028
58	87	0.986816
58	113	0.971029
58	117	0.945722
58	136	1.72833
58	142	1.51476
58	150	1.34407
58	159	0.874435
58	160	0.912416
58	166	0.906187
58	169	2.69513
59	1	0.838278
59	33	0.809847
59	37	1.13318
59	39	0.988255
59	62	0.941012
59	80	0.889426
59	83	0.951243
59	84	0.866759
59	90	0.919277
59	95	0.856333
59	96	0.919553
59	127	1.83524
59	144	1.54198
59	160	1.8722
59	163	2.28223
60	1	0.749869
60	23	0.822465
60	29	1.52568
60	33	0.721438
60	36	0.837712
60	39	0.899846
60	62	0.852603
60	80	0.801017
60	83	0.862835
60	84	0.77835
60	90	0.830869
60	96	0.831144
60	136	2.32778
60	138	2.02333
60	144	2.07353
61	4	0.834384
61	7	0.828666
61	18	0.898256
61	31	0.897546
61	41	0.868995
61	65	0.941813
61	70	0.913339
61	77	1.07554
61	110	2.045
61	127	1.54699
61	129	1.48967
61	157	0.900961
61	160	1.58395
61	163	0.826373
61	179	2.6337
62	1	0.827213
62	23	0.899809
62	39	0.97719
62	59	0.941012
62	60	0.852603
62	73	0.977138
62	80	0.878361
62	83	0.940179
62	84	0.855694
62	90	0.908213
62	96	0.908489
62	151	2.19278
62	166	1.6298
62	172	2.66766
62	178	1.96107
63	21	0.929961
63	32	0.928134
63	43	0.926742
63	49	1.00094
63	57	1.00072
63	66	0.926487
63	82	0.990209
63	109	1.0818
63	121	1.50827
63	150	1.07564
63	159	0.844015
63	161	2.79932
63	169	2.4267
63	178	0.839823
64	22	0.742904
64	34	0.81847
64	40	0.935134
64	45	0.80439
64	50	0.804073
64	67	0.767299
64	68	0.863602
64	81	0.828018
64	88	0.794199
64	108	0.811739
64	133	1.68332
64	148	0.83399
64	152	1.21608
64	164	3.66817
64	166	2.11463
65	4	0.834586
65	7	0.828868
65	18	0.898458
65	31	0.897748
65	41	0.869196
65	61	0.941813
65	70	0.913541
65	77	1.07574
65	142	1.3417
65	146	2.30219
65	147	1.70429
65	152	1.21146
65	157	0.901163
65	163	0.826575
65	177	2.72886
66	21	0.85549
66	32	0.853664
66	43	0.852271
66	49	0.92647
66	57	0.926248
66	63	0.926487
66	82	0.915738
66	114	1.41694
66	139	1.31495
66	146	2.39338
66	159	0.769545
66	173	2.79273
66	178	0.765353
67	22	0.714954
67	40	0.907184
67	48	1.09235
67	50	0.776123
67	64	0.767299
67	68	0.835652
67	69	0.828612
67	72	0.831821
67	81	0.800068
67	88	0.766249
67	89	0.764483
67	108	0.783789
67	114	1.78323
67	126	0.825526
67	158	2.48304
67	176	3.04585
68	22	0.811257
68	34	0.886823
68	45	0.872744
68	50	0.872426
68	64	0.863602
68	67	0.835652
68	69	0.924915
68	72	0.928124
68	88	0.862553
68	89	0.860787
68	108	0.880093
68	121	1.11317
68	144	0.810554
68	154	1.69013
68	168	1.91015
68	180	4.33975
69	22	0.804217
69	25	1.64231
69	34	0.879783
69	50	0.865386
69	67	0.828612
69	68	0.924915
69	72	0.921084
69	81	0.889331
69	88	0.855512
69	89	0.853746
69	108	0.873052
69	135	1.44085
69	142	1.59644
69	148	0.895303
69	160	1.88599
69	171	2.48677
70	4	0.806112
70	7	0.800394
70	18	0.869984
70	31	0.869274
70	41	0.840723
70	61	0.913339
70	65	0.913541
70	77	1.04727
70	107	0.857351
70	124	1.51357
70	140	2.09472
70	150	1.26486
70	156	1.44647
70	157	0.872689
70	163	0.798101
70	174	3.35173
71	2	0.945179
71	6	0.808424
71	11	0.806957
71	17	1.01726
71	27	0.775726
71	42	0.879331
71	44	0.841959
71	58	0.964968
71	122	0.929109
71	154	1.79189
71	160	0.815587
71	162	1.32795
71	166	0.809359
71	168	2.01191
71	173	2.31281
71	177	2.34014
72	22	0.807426
72	34	0.882992
72	45	0.868913
72	50	0.868595
72	67	0.831821
72	68	0.928124
72	69	0.921084
72	81	0.89254
72	88	0.858721
72	89	0.856955
72	108	0.876262
72	130	1.59086
72	138	1.55618
72	141	1.80313
72	156	1.65797
72	177	3.03421
73	28	0.925938
73	49	1.31285
73	62	0.977138
73	89	1.83141
73	149	0.83416
73	153	0.962517
73	164	0.759362
73	167	0.801662
73	168	0.818299
73	171	0.817247
73	172	0.774371
73	175	0.779924
73	176	0.788808
73	177	0.779787
73	179	0.778899
73	180	0.732652
74	9	0.904051
74	15	0.904051
74	30	0.868063
74	91	0.795827
74	92	0.864572
74	99	0.841083
74	100	0.84084
74	103	0.840736
74	104	0.840747
74	133	0.805712
74	138	1.23063
74	139	1.20356
74	148	0.856227
74	157	0.850017
74	167	2.46121
74	176	2.56817
74	179	2.6608
75	46	0.955194
75	54	0.888528
75	78	0.84328
75	85	0.812753
75	97	0.86356
75	105	0.888865
75	114	1.46842
75	117	0.838195
75	118	1.34858
75	126	0.879223
75	129	1.67964
75	130	0.887405
75	159	0.766908
75	163	0.778939
75	166	0.798661
75	176	2.73104
75	177	2.87154
76	8	0.776375
76	19	0.846773
76	38	0.824881
76	52	0.793758
76	86	0.889445
76	87	0.87534
76	94	0.795245
76	98	0.868045
76	106	0.968249
76	109	1.70736
76	110	2.62248
76	113	0.859552
76	119	1.76888
76	133	0.805273
76	136	2.08546
76	144	1.83122
76	153	0.882448
77	4	0.968311
77	7	0.962593
77	18	1.03218
77	31	1.03147
77	41	1.00292
77	61	1.07554
77	65	1.07574
77	70	1.04727
77	111	0.618384
77	123	1.34925
77	141	1.06098
77	151	2.23619
77	157	1.03489
77	163	0.9603
77	166	1.67321
77	170	2.02458
77	175	2.56259
78	10	0.919902
78	46	0.951731
78	54	0.885064
78	75	0.84328
78	85	0.80929
78	97	0.860097
78	105	0.885402
78	117	0.834732
78	126	0.87576
78	135	1.2679
78	137	1.23203
78	159	0.763445
78	162	1.79845
78	163	0.775476
78	166	0.795198
78	174	3.33967
78	178	2.52306
79	13	0.882181
79	20	0.956078
79	26	0.954958
79	29	0.929143
79	37	0.700139
79	47	0.904697
79	51	0.993968
79	53	0.926838
79	55	0.903284
79	95	0.891847
79	107	1.46302
79	143	1.86348
79	144	1.10894
79	153	0.974579
79	154	0.868177
79	175	2.8073
79	178	2.24918
80	1	0.775627
80	33	0.747196
80	36	0.86347
80	39	0.925603
80	59	0.889426
80	60	0.801017
80	62	0.878361
80	83	0.888592
80	84	0.804108
80	90	0.856626
80	96	0.856902
80	122	0.908427
80	140	1.49571
80	142	0.836536
80	164	3.15838
80	174	2.75272
80	178	1.93611
81	22	0.775673
81	40	0.967903
81	45	0.83716
81	50	0.836842
81	64	0.828018
81	67	0.800068
81	69	0.889331
81	72	0.89254
81	88	0.826968
81	89	0.825202
81	108	0.844509
81	131	1.98448
81	133	0.978002
81	148	0.866759
81	166	1.40931
81	170	1.76068
81	180	4.12953
82	12	0.985662
82	21	0.919212
82	29	0.907321
82	32	0.917386
82	43	0.915993
82	49	0.990192
82	57	0.98997
82	63	0.990209
82	66	0.915738
82	95	1.45
82	124	1.35541
82	130	1.22119
82	152	1.14714
82	158	1.96123
82	159	0.833267
82	164	3.59923
82	178	0.829075
83	1	0.837445
83	23	0.910041
83	33	0.809014
83	36	0.925288
83	59	0.951243
83	60	0.862835
83	62	0.940179
83	80	0.888592
83	84	0.865926
83	90	0.918444
83	96	0.91872
83	110	1.78954
83	122	0.970245
83	137	0.847489
83	151	2.37022
83	160	1.32848
83	167	2.17865
83	175	2.69663
84	23	0.825556
84	33	0.724529
84	36	0.840803
84	39	0.902937
84	59	0.866759
84	60	0.77835
84	62	0.855694
84	80	0.804108
84	83	0.865926
84	90	0.83396
84	95	0.771015
84	96	0.834235
84	111	1.18192
84	122	0.88576
84	130	1.79842
84	133	2.19161
84	158	2.53846
84	171	2.74494
85	10	0.889375
85	46	0.921204
85	54	0.854538
85	58	0.92028
85	75	0.812753
85	78	0.80929
85	97	0.82957
85	105	0.854875
85	117	0.804205
85	130	0.853415
85	135	1.80756
85	138	1.87228
85	145	2.25792
85	149	2.73236
85	150	1.79246
85	159	0.732918
85	163	0.744949
85	166	0.764671
86	8	0.826978
86	19	0.897375
86	24	0.903818
86	38	0.875484
86	52	0.84436
86	76	0.889445
86	87	0.925942
86	94	0.845848
86	98	0.918647
86	106	1.01885
86	113	0.910155
86	129	1.14792
86	141	1.10873
86	153	0.93305
86	155	2.24928
86	171	1.84297
86	173	2.31248
86	175	2.61034
87	8	0.812872
87	19	0.88327
87	24	0.889713
87	38	0.861379
87	58	0.986816
87	76	0.87534
87	86	0.925942
87	94	0.831742
87	98	0.904542
87	106	1.00475
87	107	1.87767
87	113	0.896049
87	127	1.81684
87	135	1.40866
87	152	1.43401
87	153	0.918945
87	162	1.93922
87	167	2.70396
88	40	0.934085
88	45	0.803341
88	50	0.803023
88	64	0.794199
88	67	0.766249
88	68	0.862553
88	69	0.855512
88	72	0.858721
88	81	0.826968
88	89	0.791384
88	108	0.81069
88	126	0.852426
88	136	1.39071
88	148	0.832941
88	155	2.47376
88	163	1.87672
88	167	2.31685
88	173	2.53697
89	34	0.815655
89	40	0.932319
89	45	0.801575
89	50	0.801258
89	67	0.764483
89	68	0.860787
89	69	0.853746
89	72	0.856955
89	73	1.83141
89	81	0.825202
89	88	0.791384
89	108	0.808924
89	126	0.85066
89	132	1.29531
89	148	0.831175
89	150	1.54508
89	162	2.09074
89	179	3.05507
90	1	0.805479
90	23	0.878074
90	33	0.777048
90	35	0.951134
90	36	0.893322
90	39	0.955455
90	59	0.919277
90	60	0.830869
90	62	0.908213
90	80	0.856626
90	83	0.918444
90	84	0.83396
90	96	0.886754
90	119	1.62692
90	122	0.938278
90	137	1.53848
90	141	1.88601
90	160	2.01947
90	170	2.84961
91	9	0.860156
91	15	0.860156
91	30	0.824168
91	74	0.795827
91	92	0.820678
91	99	0.797188
91	100	0.796946
91	103	0.796841
91	104	0.796852
91	126	0.831818
91	130	0.84
91	133	0.761818
91	134	1.22155
91	140	1.65628
91	148	0.812332
91	157	0.806122
91	159	1.5998
91	178	2.09667
91	180	4.48563
92	9	0.928901
92	15	0.928901
92	30	0.892913
92	74	0.864572
92	91	0.820678
92	99	0.865933
92	100	0.865691
92	103	0.865586
92	104	0.865598
92	114	1.48472
92	130	0.908745
92	132	1.08021
92	133	0.830563
92	142	1.50067
92	145	1.79544
92	148	0.881077
92	157	0.874867
92	177	2.88783
92	179	2.83997
93	3	0.837705
93	5	0.942028
93	56	0.941572
93	112	0.858486
93	115	0.878127
93	116	0.895355
93	120	0.907497
93	125	0.888067
93	133	1.62889
93	134	1.51635
93	148	0.894589
93	154	0.814848
93	157	0.888379
93	159	1.89459
93	160	0.839741
93	163	1.99148
93	165	2.41597
93	171	2.18222
93	178	0.797568
94	8	0.732778
94	12	0.871756
94	19	0.803175
94	24	0.809618
94	38	0.781284
94	52	0.75016
94	76	0.795245
94	86	0.845848
94	87	0.831742
94	98	0.824447
94	106	0.924652
94	109	1.46732
94	113	0.815955
94	133	0.761675
94	152	1.50161
94	153	0.838851
94	156	1.64277
94	163	2.33143
94	164	3.95369
95	1	0.742534
95	36	0.830377
95	47	0.77344
95	51	0.862711
95	53	0.79558
95	55	0.772026
95	59	0.856333
95	79	0.891847
95	82	1.45
95	84	0.771015
95	113	1.5545
95	117	1.32031
95	148	1.24846
95	154	0.73692
95	173	0.692398
95	175	0.67965
95	177	0.679513
95	179	0.678625
95	180	0.632378
96	1	0.805754
96	23	0.87835
96	33	0.777324
96	36	0.893598
96	39	0.955731
96	59	0.919553
96	60	0.831144
96	62	0.908489
96	80	0.856902
96	83	0.91872
96	84	0.834235
96	90	0.886754
96	122	0.938554
96	135	1.25834
96	143	2.1278
96	150	1.24324
96	156	1.42485
96	161	2.96692
96	167	2.55364
97	10	0.940182
97	12	0.936121
97	46	0.972012
97	54	0.905345
97	75	0.86356
97	78	0.860097
97	85	0.82957
97	105	0.905682
97	107	1.45408
97	117	0.855013
97	122	0.935228
97	158	1.82451
97	159	0.783725
97	162	1.51563
97	163	0.795756
97	165	2.26474
97	166	0.815478
97	167	2.28037
97	170	2.26034
98	8	0.805577
98	19	0.875975
98	24	0.882418
98	38	0.854084
98	52	0.82296
98	76	0.868045
98	86	0.918647
98	87	0.904542
98	94	0.824447
98	106	0.997452
98	110	2.34298
98	113	0.888754
98	118	1.45659
98	119	1.48937
98	133	0.834475
98	139	1.47444
98	146	2.55287
98	153	0.91165
98	159	2.19508
99	9	0.905412
99	15	0.905412
99	30	0.869424
99	74	0.841083
99	91	0.797188
99	92	0.865933
99	100	0.842201
99	103	0.842097
99	104	0.842108
99	119	1.1554
99	126	0.877073
99	130	0.885255
99	133	0.807073
99	148	0.857588
99	149	2.02762
99	156	1.26934
99	157	0.851377
99	163	1.958
99	173	2.61825
99	175	2.9161
100	9	0.905169
100	15	0.905169
100	30	0.869181
100	74	0.84084
100	91	0.796946
100	92	0.865691
100	99	0.842201
100	103	0.841854
100	104	0.841866
100	126	0.876831
100	130	0.885013
100	131	2.465
100	133	0.806831
100	134	1.34598
100	145	1.4163
100	146	2.08202
100	148	0.857345
100	157	0.851135
100	166	1.88983
100	172	2.92769
101	50	2.59026
101	116	2.05181
101	125	1.99762
101	131	0.765379
101	138	0.819273
101	149	0.731137
101	151	0.734783
101	158	0.755809
101	168	0.715276
101	169	0.698916
101	170	0.690734
101	171	0.714225
101	172	0.671348
101	173	0.68965
101	174	0.659496
101	175	0.676902
101	176	0.685785
101	177	0.676765
101	179	0.675876
101	180	0.629629
102	3	0.813203
102	5	0.917526
102	16	0.894674
102	56	0.91707
102	112	0.833983
102	115	0.853624
102	116	0.870852
102	120	0.882995
102	121	1.50322
102	123	1.68562
102	125	0.863564
102	130	1.18508
102	144	1.20061
102	153	0.896747
102	154	0.790346
102	157	0.863876
102	160	0.815238
102	164	3.56312
102	175	2.89896
102	178	0.773066
103	9	0.905065
103	15	0.905065
103	30	0.869077
103	74	0.840736
103	91	0.796841
103	92	0.865586
103	99	0.842097
103	100	0.841854
103	104	0.841761
103	126	0.876726
103	130	0.884908
103	133	0.806726
103	144	1.21979
103	148	0.857241
103	149	2.02967
103	157	0.851031
103	160	1.55001
103	167	2.40017
103	169	2.44084
103	178	2.36003
104	9	0.905076
104	15	0.905076
104	30	0.869088
104	74	0.840747
104	91	0.796852
104	92	0.865598
104	99	0.842108
104	100	0.841866
104	103	0.841761
104	126	0.876738
104	127	1.77741
104	128	1.74035
104	130	0.884919
104	133	0.806737
104	139	1.40688
104	148	0.857252
104	157	0.851042
104	159	2.12752
104	163	2.2244
104	176	2.77149
105	10	0.965487
105	46	0.997316
105	54	0.930649
105	75	0.888865
105	78	0.885402
105	85	0.854875
105	97	0.905682
105	117	0.880317
105	122	0.960533
105	126	0.921345
105	130	0.929527
105	137	1.06151
105	140	1.91213
105	149	2.02216
105	159	0.80903
105	160	1.5425
105	162	1.62792
105	163	0.821061
105	166	0.840783
105	170	2.37263
105	176	2.49962
106	8	0.905782
106	19	0.97618
106	24	0.982622
106	38	0.954288
106	52	0.923165
106	76	0.968249
106	86	1.01885
106	87	1.00475
106	94	0.924652
106	98	0.997452
106	107	1.4841
106	113	0.988959
106	118	1.03489
106	123	1.61503
106	130	1.11449
106	133	0.934679
106	153	1.01185
106	154	2.00959
106	161	2.72368
106	163	1.87027
106	166	1.93899
107	7	0.772678
107	11	2.12114
107	41	0.813006
107	70	0.857351
107	79	1.46302
107	87	1.87767
107	97	1.45408
107	106	1.4841
107	112	0.815079
107	116	0.851948
107	120	0.864091
107	124	0.871106
107	125	0.84466
107	157	0.844973
107	163	0.770385
107	175	0.714173
107	176	0.723056
107	177	0.714036
107	178	0.754162
107	179	0.713147
107	180	0.6669
108	22	0.759395
108	34	0.834961
108	40	0.951625
108	45	0.820881
108	50	0.820564
108	64	0.811739
108	67	0.783789
108	68	0.880093
108	69	0.873052
108	72	0.876262
108	81	0.844509
108	88	0.81069
108	89	0.808924
108	126	0.869967
108	136	1.27991
108	144	1.02566
108	148	0.850481
108	155	2.36296
108	171	1.95666
108	172	2.87249
108	174	2.98252
109	5	1.14144
109	10	1.7128
109	63	1.0818
109	76	1.70736
109	94	1.46732
109	116	1.01119
109	136	0.930873
109	162	0.895976
109	164	0.786828
109	165	0.837188
109	167	0.829128
109	169	0.829405
109	170	0.821223
109	171	0.844714
109	172	0.801837
109	173	0.820139
109	174	0.789985
109	175	0.807391
109	176	0.816274
109	177	0.807254
109	179	0.806365
109	180	0.760118
110	61	2.045
110	76	2.62248
110	83	1.78954
110	98	2.34298
110	134	0.872572
110	140	0.78543
110	143	0.757172
110	149	0.748363
110	156	0.829718
110	161	0.721751
110	162	0.782712
110	165	0.723924
110	167	0.715865
110	170	0.707959
110	171	0.73145
110	173	0.706875
110	174	0.676722
110	175	0.694127
110	176	0.703011
110	177	0.69399
110	179	0.693102
110	180	0.646855
111	7	1.85594
111	34	1.28242
111	50	1.04148
111	53	1.30087
111	77	0.618384
111	84	1.18192
111	120	0.858022
111	143	0.920222
111	145	0.98717
111	162	0.945762
111	165	0.886974
111	167	0.878915
111	170	0.871009
111	171	0.8945
111	172	0.851624
111	173	0.869925
111	174	0.839771
111	175	0.857177
111	176	0.866061
111	177	0.85704
111	179	0.856152
111	180	0.809905
112	3	0.779744
112	16	0.861216
112	25	1.06659
112	56	0.883611
112	93	0.858486
112	102	0.833983
112	107	0.815079
112	115	0.820166
112	116	0.837393
112	120	0.849536
112	125	0.830105
112	148	0.836628
112	153	0.863289
112	154	0.756887
112	157	0.830418
112	158	1.70458
112	160	0.78178
112	169	2.20111
112	173	2.38057
112	177	2.40789
112	178	0.739607
112	179	2.36003
113	8	0.797085
113	12	0.936063
113	19	0.867482
113	24	0.873925
113	38	0.845591
113	52	0.814467
113	58	0.971029
113	76	0.859552
113	86	0.910155
113	87	0.896049
113	94	0.815955
113	95	1.5545
113	98	0.888754
113	106	0.988959
113	128	1.59741
113	130	1.32569
113	133	0.825982
113	143	2.09576
113	150	1.2112
113	153	0.903157
113	165	2.50596
113	170	2.50156
114	20	0.873954
114	39	0.920125
114	40	1.25261
114	66	1.41694
114	67	1.78323
114	75	1.46842
114	92	1.48472
114	140	0.919252
114	145	0.957942
114	150	1.01526
114	164	0.807386
114	165	0.857746
114	167	0.849686
114	168	0.866323
114	170	0.841781
114	171	0.865272
114	172	0.822395
114	173	0.840697
114	176	0.836833
114	177	0.827812
114	178	0.867938
114	179	0.826923
114	180	0.780676
115	5	0.903708
115	14	1.03317
115	16	0.880857
115	56	0.903252
115	93	0.878127
115	102	0.853624
115	112	0.820166
115	116	0.857035
115	120	0.869177
115	125	0.849747
115	127	1.64939
115	139	1.27886
115	146	2.35729
115	148	0.856269
115	150	1.22611
115	153	0.88293
115	154	0.776528
115	157	0.850059
115	159	1.9995
115	160	0.801421
115	161	2.94979
115	168	2.45572
115	178	0.759248
116	3	0.816613
116	5	0.920936
116	16	0.898085
116	56	0.92048
116	93	0.895355
116	101	2.05181
116	102	0.870852
116	107	0.851948
116	109	1.01119
116	112	0.837393
116	115	0.857035
116	120	0.886405
116	125	0.866974
116	134	1.40017
116	145	1.47049
116	151	2.507
116	153	0.900158
116	154	0.793756
116	157	0.867287
116	158	1.85957
116	160	0.818649
116	170	2.29539
116	178	0.776476
117	10	0.914817
117	12	0.910756
117	46	0.946647
117	54	0.87998
117	58	0.945722
117	75	0.838195
117	78	0.834732
117	85	0.804205
117	95	1.32031
117	97	0.855013
117	105	0.880317
117	122	0.909863
117	126	0.870675
117	129	1.34296
117	130	0.878857
117	131	2.49116
117	136	1.36127
117	159	0.758361
117	160	1.43724
117	163	0.770392
117	166	0.790113
117	174	3.06388
117	178	2.24726
118	75	1.34858
118	98	1.45659
118	106	1.03489
118	120	1.39492
118	148	0.940048
118	152	0.983848
118	157	1.0266
118	158	0.863946
118	159	0.82922
118	165	0.814836
118	167	0.806776
118	168	0.823413
118	169	0.807053
118	170	0.798871
118	171	0.822362
118	172	0.779485
118	173	0.797787
118	174	0.767633
118	175	0.785039
118	176	0.793922
118	177	0.784902
118	179	0.784013
118	180	0.737766
119	32	1.68887
119	53	1.87055
119	76	1.76888
119	90	1.62692
119	98	1.48937
119	99	1.1554
119	134	0.932955
119	142	0.915607
119	143	0.817555
119	145	0.884503
119	146	0.795657
119	149	0.808746
119	155	0.808174
119	158	0.833418
119	160	0.836673
119	164	0.733948
119	171	0.791833
119	173	0.767258
119	174	0.737105
119	175	0.75451
119	176	0.763394
119	177	0.754373
119	179	0.753485
119	180	0.707238
120	3	0.828756
120	14	1.06254
120	16	0.910228
120	56	0.932623
120	93	0.907497
120	102	0.882995
120	107	0.864091
120	111	0.858022
120	112	0.849536
120	115	0.869177
120	116	0.886405
120	118	1.39492
120	123	1.97506
120	125	0.879117
120	143	2.24459
120	144	1.49005
120	148	0.88564
120	150	1.36003
120	153	0.912301
120	154	0.805899
120	157	0.87943
120	160	0.830792
120	166	2.29902
120	171	2.42104
120	178	0.788619
121	11	2.06967
121	63	1.50827
121	68	1.11317
121	102	1.50322
121	143	0.833723
121	147	0.877253
121	148	1.33779
121	153	1.10882
121	155	0.824342
121	161	0.798302
121	164	0.750116
121	165	0.800475
121	167	0.792416
121	168	0.809053
121	169	0.792692
121	170	0.78451
121	171	0.808001
121	172	0.765125
121	173	0.783426
121	174	0.753272
121	175	0.770678
121	176	0.779562
121	177	0.770541
121	179	0.769653
121	180	0.723406
122	27	0.836696
122	29	0.885447
122	33	0.828848
122	44	0.902929
122	71	0.929109
122	80	0.908427
122	83	0.970245
122	84	0.88576
122	90	0.938278
122	96	0.938554
122	97	0.935228
122	105	0.960533
122	117	0.909863
122	129	1.66924
122	135	1.31838
122	149	2.24318
122	152	1.34373
122	154	2.31288
122	159	0.838576
122	160	0.876557
122	162	1.84894
122	163	0.850607
122	166	0.870329
122	167	2.61368
123	15	1.64897
123	26	1.32607
123	77	1.34925
123	102	1.68562
123	106	1.61503
123	120	1.97506
123	140	0.858931
123	145	0.89762
123	152	0.966437
123	161	0.795251
123	162	0.856212
123	164	0.747065
123	165	0.797425
123	169	0.789641
123	170	0.781459
123	171	0.804951
123	172	0.762074
123	173	0.780375
123	174	0.750222
123	175	0.767627
123	176	0.776511
123	177	0.767491
123	179	0.766602
123	180	0.720355
124	4	1.99833
124	12	2.09002
124	36	1.17957
124	38	1.8631
124	70	1.51357
124	82	1.35541
124	107	0.871106
124	137	0.95901
124	146	0.796791
124	147	0.862219
124	149	0.80988
124	162	0.844229
124	164	0.735082
124	167	0.777382
124	169	0.777658
124	170	0.769476
124	171	0.792967
124	172	0.750091
124	173	0.768392
124	174	0.738238
124	175	0.755644
124	176	0.764528
124	177	0.755507
124	179	0.754619
124	180	0.708372
125	3	0.809325
125	5	0.913648
125	14	1.04311
125	16	0.890797
125	56	0.913192
125	93	0.888067
125	101	1.99762
125	102	0.863564
125	107	0.84466
125	112	0.830105
125	115	0.849747
125	116	0.866974
125	120	0.879117
125	127	1.37412
125	130	1.06534
125	148	0.866209
125	153	0.89287
125	154	0.786468
125	156	1.13245
125	157	0.859999
125	160	0.811361
125	163	1.82111
125	166	1.88983
125	174	3.03772
125	175	2.77922
125	178	0.769188
126	34	0.876697
126	67	0.825526
126	75	0.879223
126	78	0.87576
126	88	0.852426
126	89	0.85066
126	91	0.831818
126	99	0.877073
126	100	0.876831
126	103	0.876726
126	104	0.876738
126	105	0.921345
126	108	0.869967
126	117	0.870675
126	137	0.744093
126	145	1.23031
126	148	0.892217
126	154	1.77445
126	157	0.886007
126	163	0.811419
126	164	3.25739
126	166	0.831141
126	168	1.99447
126	171	1.82587
126	172	2.7417
126	173	2.29538
127	59	1.83524
127	61	1.54699
127	87	1.81684
127	104	1.77741
127	115	1.64939
127	125	1.37412
127	141	0.89613
127	142	0.909788
127	144	0.931945
127	146	0.789839
127	162	0.837277
127	163	0.804904
127	167	0.770429
127	168	0.787066
127	169	0.770706
127	170	0.762524
127	171	0.786015
127	172	0.743138
127	173	0.76144
127	174	0.731286
127	175	0.748692
127	176	0.757576
127	177	0.748555
127	179	0.747666
127	180	0.70142
128	8	1.77605
128	9	1.62601
128	14	0.846186
128	42	1.43825
128	43	1.37574
128	104	1.74035
128	113	1.59741
128	134	0.952294
128	136	0.897333
128	145	0.903843
128	152	0.97266
128	155	0.827513
128	161	0.801474
128	162	0.862435
128	167	0.795588
128	168	0.812225
128	169	0.795864
128	170	0.787682
128	171	0.811173
128	172	0.768297
128	173	0.786598
128	174	0.756444
128	176	0.782734
128	177	0.773713
128	179	0.772825
128	180	0.726578
129	24	1.96114
129	50	1.90944
129	61	1.48967
129	75	1.67964
129	86	1.14792
129	117	1.34296
129	122	1.66924
129	133	0.844366
129	138	0.900242
129	146	0.799017
129	150	0.945178
129	151	0.815751
129	156	0.89346
129	161	0.785493
129	162	0.846455
129	164	0.737307
129	165	0.787667
129	167	0.779607
129	168	0.796244
129	169	0.779884
129	170	0.771702
129	171	0.795193
129	173	0.770618
129	174	0.740464
129	175	0.75787
129	177	0.757733
129	179	0.756844
129	180	0.710598
130	28	0.909402
130	34	1.89892
130	72	1.59086
130	75	0.887405
130	82	1.22119
130	84	1.79842
130	85	0.853415
130	91	0.84
130	92	0.908745
130	99	0.885255
130	100	0.885013
130	102	1.18508
130	103	0.884908
130	104	0.884919
130	105	0.929527
130	106	1.11449
130	113	1.32569
130	117	0.878857
130	125	1.06534
130	158	0.842297
130	163	0.819601
130	166	0.839323
130	170	0.777221
130	174	0.745983
130	175	0.763389
130	176	0.772273
130	179	0.762363
130	180	0.716116
131	46	2.16079
131	57	2.49857
131	81	1.98448
131	100	2.465
131	101	0.765379
131	117	2.49116
131	140	0.778492
131	147	0.793763
131	149	0.741424
131	155	0.740852
131	156	0.822779
131	158	0.766096
131	159	0.73137
131	162	0.775773
131	165	0.716986
131	167	0.708926
131	168	0.725563
131	169	0.709203
131	170	0.70102
131	171	0.724512
131	172	0.681635
131	173	0.699936
131	174	0.669783
131	175	0.687188
131	176	0.696072
131	177	0.687052
131	178	0.727178
131	179	0.686163
131	180	0.639916
132	12	1.59153
132	21	1.09283
132	24	1.34541
132	30	1.16371
132	47	1.51802
132	89	1.29531
132	92	1.08021
132	134	0.996246
132	137	1.02117
132	138	0.960174
132	144	1.00106
132	145	0.947795
132	153	0.426415
132	156	0.953392
132	157	0.741932
132	164	0.79724
132	165	0.847599
132	167	0.83954
132	168	0.856177
132	169	0.839816
132	170	0.831634
132	172	0.812249
132	173	0.83055
132	174	0.800396
132	175	0.817802
132	176	0.826686
132	177	0.817665
132	179	0.816777
132	180	0.77053
133	18	1.84433
133	33	2.23698
133	52	0.760188
133	56	1.83687
133	64	1.68332
133	74	0.805712
133	76	0.805273
133	81	0.978002
133	84	2.19161
133	91	0.761818
133	92	0.830563
133	93	1.62889
133	94	0.761675
133	98	0.834475
133	99	0.807073
133	100	0.806831
133	103	0.806726
133	104	0.806737
133	106	0.934679
133	113	0.825982
133	129	0.844366
133	141	0.832645
133	153	0.848878
133	167	0.706944
133	169	0.707221
133	171	0.72253
133	175	0.685207
133	176	0.694091
133	177	0.68507
133	179	0.684181
133	180	0.637934
134	5	1.53042
134	17	1.01309
134	46	1.04177
134	91	1.22155
134	93	1.51635
134	100	1.34598
134	110	0.872572
134	116	1.40017
134	119	0.932955
134	128	0.952294
134	132	0.996246
134	135	0.959804
134	136	0.900638
134	148	1.3003
134	149	0.831391
134	153	1.07133
134	155	0.830818
134	156	0.912745
134	162	0.86574
134	164	0.756592
134	165	0.806952
134	167	0.798893
134	168	0.81553
134	170	0.790987
134	172	0.771602
134	173	0.789903
134	174	0.759749
134	175	0.777155
134	176	0.786039
134	177	0.777018
134	179	0.77613
134	180	0.729883
135	10	1.72174
135	20	0.734318
135	22	1.84224
135	69	1.44085
135	78	1.2679
135	85	1.80756
135	87	1.40866
135	96	1.25834
135	122	1.31838
135	134	0.959804
135	138	0.923731
135	139	0.966397
135	140	0.872663
135	141	0.928798
135	146	0.822506
135	150	0.968667
135	151	0.839241
135	155	0.835023
135	158	0.860267
135	161	0.808983
135	164	0.760797
135	168	0.819734
135	169	0.803374
135	170	0.795192
135	171	0.818683
135	172	0.775806
135	174	0.763954
135	175	0.78136
135	176	0.790243
135	177	0.781223
135	179	0.780334
135	180	0.734087
136	9	1.62406
136	25	0.848128
136	52	1.40249
136	58	1.72833
136	60	2.32778
136	76	2.08546
136	88	1.39071
136	108	1.27991
136	109	0.930873
136	117	1.36127
136	128	0.897333
136	134	0.900638
136	137	0.925559
136	140	0.813496
136	141	0.869632
136	142	0.88329
136	144	0.905446
136	146	0.76334
136	156	0.857784
136	161	0.749817
136	164	0.701631
136	165	0.75199
136	167	0.743931
136	168	0.760568
136	170	0.736025
136	171	0.759517
136	172	0.71664
136	174	0.704788
136	175	0.722193
136	176	0.731077
136	177	0.722057
136	179	0.721168
136	180	0.674921
137	4	1.72885
137	7	2.33718
137	23	0.99969
137	25	0.928011
137	47	1.74703
137	57	0.963649
137	78	1.23203
137	83	0.847489
137	90	1.53848
137	105	1.06151
137	124	0.95901
137	126	0.744093
137	132	1.02117
137	136	0.925559
137	139	0.987114
137	142	0.963173
137	143	0.865121
137	149	0.856312
137	151	0.859958
137	158	0.880984
137	162	0.890661
137	164	0.781514
137	165	0.831873
137	169	0.82409
137	170	0.815908
137	171	0.839399
137	172	0.796523
137	173	0.814824
137	174	0.78467
137	176	0.81096
137	177	0.801939
137	179	0.801051
137	180	0.754804
138	25	0.867017
138	31	1.27446
138	32	1.70101
138	33	1.80911
138	60	2.02333
138	72	1.55618
138	74	1.23063
138	85	1.87228
138	101	0.819273
138	129	0.900242
138	132	0.960174
138	135	0.923731
138	143	0.804127
138	144	0.924336
138	146	0.782229
138	157	1.07152
138	160	0.823245
138	161	0.768706
138	164	0.72052
138	165	0.77088
138	167	0.76282
138	168	0.779457
138	169	0.763097
138	170	0.754915
138	171	0.778406
138	172	0.735529
138	173	0.753831
138	174	0.723677
138	175	0.741083
138	176	0.749966
138	177	0.740946
138	179	0.740057
138	180	0.69381
139	13	1.41129
139	19	0.931713
139	38	1.66713
139	45	1.09063
139	47	1.82054
139	66	1.31495
139	74	1.20356
139	98	1.47444
139	104	1.40688
139	115	1.27886
139	135	0.966397
139	137	0.987114
139	141	0.931186
139	142	0.944844
139	144	0.967001
139	149	0.837984
139	150	0.971056
139	156	0.919338
139	161	0.811372
139	162	0.872333
139	163	0.83996
139	165	0.813545
139	167	0.805486
139	168	0.822123
139	169	0.805762
139	170	0.79758
139	171	0.821071
139	172	0.778195
139	174	0.766342
139	176	0.792632
139	177	0.783611
139	178	0.823737
139	179	0.782723
139	180	0.736476
140	16	1.76889
140	70	2.09472
140	80	1.49571
140	91	1.65628
140	105	1.91213
140	110	0.78543
140	114	0.919252
140	123	0.858931
140	131	0.778492
140	135	0.872663
140	136	0.813496
140	141	0.837452
140	149	0.74425
140	150	0.877322
140	152	0.888824
140	153	1.50605
140	157	1.82157
140	159	0.734195
140	161	0.717637
140	162	0.778599
140	164	0.669451
140	165	0.719811
140	167	0.711751
140	168	0.728388
140	170	0.703846
140	171	0.727337
140	172	0.68446
140	173	0.702762
140	174	0.672608
140	176	0.698898
140	177	0.689877
140	178	0.730003
140	179	0.688988
140	180	0.642742
141	6	1.33348
141	9	1.56656
141	49	1.35329
141	72	1.80313
141	77	1.06098
141	86	1.10873
141	90	1.88601
141	127	0.89613
141	133	0.832645
141	135	0.928798
141	136	0.869632
141	139	0.931186
141	140	0.837452
141	142	0.907246
141	144	0.929402
141	146	0.787296
141	147	0.852724
141	148	1.23192
141	157	1.31847
141	158	0.825057
141	163	0.802362
141	164	0.725586
141	165	0.775946
141	166	0.822083
141	167	0.767887
141	168	0.784524
141	170	0.759981
141	171	0.783472
141	172	0.740596
141	174	0.728743
141	175	0.746149
141	176	0.755033
141	177	0.746012
141	179	0.745124
141	180	0.698877
142	23	1.19114
142	27	1.49927
142	34	1.95512
142	54	1.83435
142	58	1.51476
142	65	1.3417
142	69	1.59644
142	80	0.836536
142	92	1.50067
142	119	0.915607
142	127	0.909788
142	136	0.88329
142	137	0.963173
142	139	0.944844
142	141	0.907246
142	143	0.822852
142	147	0.866382
142	150	0.947115
142	151	0.817689
142	153	0.846878
142	158	0.838715
142	161	0.787431
142	162	0.848392
142	164	0.739245
142	165	0.789604
142	167	0.781545
142	168	0.798182
142	169	0.781821
142	170	0.773639
142	171	0.79713
142	172	0.754254
142	173	0.772555
142	174	0.742401
