1	31	1.14535
1	131	0.748625
1	133	0.918163
1	152	0.753982
1	170	0.722679
1	172	0.720393
1	173	0.728436
1	175	0.691399
1	176	0.719719
1	177	0.68844
1	179	0.709932
1	180	0.716384
2	69	0.32624
2	125	1.46817
2	129	0.804599
2	164	0.742208
2	166	0.713482
2	170	0.719924
2	171	0.703144
2	174	0.69325
2	176	0.716964
2	177	0.685686
2	179	0.707177
2	180	0.713629
3	34	0.695107
3	39	5.2
3	55	0.737049
3	60	0.735811
3	101	0.68462
3	105	0.727407
3	109	0.764894
3	136	0.696321
3	140	0.730693
3	155	0.739105
3	163	0.688709
3	169	3.16879
4	91	0.781854
4	97	0.825624
4	100	0.809401
4	103	1.83079
4	106	2.07741
4	111	0.831598
4	116	0.809571
4	127	0.819144
4	130	0.812532
4	156	0.776371
4	165	0.734678
4	174	5.68677
5	42	0.855919
5	121	1.37979
5	139	0.770441
5	157	0.734473
5	166	0.717901
5	171	0.707563
5	172	0.722057
5	173	0.7301
5	174	0.697669
5	177	0.690105
5	179	0.711597
5	180	0.718048
6	10	0.574428
6	17	0.719227
6	43	0.785924
6	45	0.768064
6	56	0.686575
6	61	0.75245
6	64	0.752459
6	66	0.752461
6	74	0.806998
6	152	3.04193
6	170	4.0494
7	119	0.827122
7	121	0.791215
7	122	0.785703
7	123	0.786891
7	124	0.823693
7	125	0.816965
7	126	0.779881
7	134	0.808952
7	142	2.67579
7	157	2.343
7	162	0.780146
7	166	3.7883
8	19	0.772378
8	54	0.730381
8	76	0.767634
8	91	0.680702
8	103	3.13527
8	111	0.730446
8	116	0.70842
8	117	0.747384
8	127	0.717992
8	130	0.711381
8	165	0.633527
8	172	4.36579
9	10	0.641095
9	17	0.785893
9	43	0.852591
9	45	0.834731
9	56	0.753242
9	61	0.819117
9	64	0.819126
9	66	0.819128
9	74	0.873665
9	139	2.61359
9	163	2.99569
9	173	3.0822
10	6	0.574428
10	9	0.641095
10	17	0.551225
10	43	0.617922
10	45	0.600062
10	56	1.24302
10	61	0.584448
10	64	0.584457
10	66	0.584459
10	73	0.578612
10	74	0.638996
10	157	6.13619
11	20	0.845829
11	27	0.771797
11	28	0.772008
11	38	0.84634
11	48	0.830313
11	63	0.813831
11	77	1.37488
11	86	0.786562
11	99	0.80775
11	132	4.28194
11	138	3.14692
11	178	0.724958
12	76	0.432658
12	80	0.833292
12	130	0.0659764
12	146	0.840633
12	153	0.844668
12	158	0.839108
12	161	0.811119
12	171	0.774888
12	174	0.764994
12	175	0.760388
12	179	0.778921
12	180	0.785373
13	50	1.57654
13	58	0.61757
13	144	0.773411
13	164	0.745028
13	166	0.716301
13	171	0.705963
13	173	0.728501
13	174	0.69607
13	176	0.719784
13	177	0.688505
13	179	0.709997
13	180	0.716449
14	33	0.855236
14	50	0.812261
14	76	0.858745
14	91	0.771812
14	116	0.79953
14	127	0.809103
14	130	0.802491
14	156	0.76633
14	165	0.724637
14	167	2.63852
14	173	2.84744
14	180	3.20574
15	32	1.18186
15	92	0.728829
15	116	1.19222
15	129	0.806595
15	172	0.719634
15	173	0.727677
15	174	0.695246
15	175	0.69064
15	176	0.71896
15	177	0.687681
15	179	0.709173
15	180	0.715625
16	54	0.73984
16	97	0.733931
16	100	0.717709
16	111	0.739905
16	117	0.756843
16	124	0.73681
16	127	0.727451
16	130	0.720839
16	138	2.3563
16	156	0.684679
16	165	0.642985
16	171	5.25098
17	6	0.719227
17	9	0.785893
17	10	0.551225
17	43	0.762721
17	45	0.74486
17	56	0.663372
17	61	0.729247
17	64	0.729256
17	66	0.729257
17	74	0.783794
17	145	3.62321
17	164	3.83002
18	121	0.794219
18	122	0.788707
18	123	0.789896
18	125	0.81997
18	126	0.782886
18	133	0.806994
18	134	0.811956
18	154	2.04508
18	155	0.822715
18	162	0.78315
18	163	2.77152
18	178	6.08146
19	8	0.772378
19	90	0.827263
19	94	0.826443
19	100	0.799552
19	116	0.799722
19	117	0.838686
19	127	0.809295
19	130	0.802683
19	147	2.26553
19	160	2.35788
19	165	0.724829
19	176	4.235
20	11	0.845829
20	23	0.817019
20	28	0.741122
20	47	0.798114
20	51	0.801615
20	62	0.786743
20	73	0.78287
20	86	0.755677
20	99	0.776864
20	131	3.52345
20	167	2.39196
20	178	0.694072
20	179	3.35388
21	26	0.745368
21	37	2.69016
21	57	0.786704
21	70	0.842916
21	80	0.776488
21	89	0.772496
21	101	0.738691
21	105	0.781479
21	109	0.818965
21	141	3.17469
21	153	3.36759
21	155	0.793176
21	163	0.74278
22	54	0.794058
22	83	0.81544
22	97	0.788149
22	98	1.38629
22	100	0.771926
22	111	0.794123
22	116	0.772096
22	117	0.81106
22	127	0.781669
22	130	0.775057
22	154	3.57974
22	165	0.697203
22	168	4.36445
23	20	0.817019
23	24	0.8198
23	28	0.743198
23	30	0.816891
23	47	0.80019
23	63	0.785021
23	73	0.784946
23	86	0.757753
23	99	0.77894
23	143	2.39304
23	151	3.85669
23	162	2.83741
23	178	0.696148
24	23	0.8198
24	30	0.817596
24	62	0.789523
24	99	0.779645
24	113	0.789947
24	119	0.800495
24	123	0.760264
24	126	0.753254
24	145	2.48764
24	155	0.793084
24	170	3.44125
24	172	3.24959
24	178	0.696852
25	40	0.6029
25	59	0.715687
25	67	0.713816
25	71	0.758218
25	79	0.69871
25	90	0.730958
25	93	0.735749
25	102	0.710332
25	118	2.90622
25	133	0.702646
25	136	4.56121
25	141	0.705433
25	148	0.724855
26	21	0.745368
26	34	0.673858
26	55	0.7158
26	70	0.767595
26	80	0.701168
26	89	0.697176
26	101	0.663371
26	105	0.706158
26	109	0.743645
26	120	4.40771
26	129	3.23624
26	155	0.717856
26	163	0.66746
27	11	0.771797
27	28	0.66709
27	30	0.740783
27	38	0.741422
27	48	0.725396
27	51	0.727583
27	62	0.712711
27	63	0.708913
27	86	0.681645
27	99	0.702832
27	137	3.8751
27	149	4.08968
27	178	0.62004
28	11	0.772008
28	20	0.741122
28	23	0.743198
28	27	0.66709
28	47	0.724293
28	48	0.725606
28	62	0.712922
28	63	0.709124
28	81	3.18794
28	86	0.681855
28	99	0.703043
28	158	4.55176
28	178	0.620251
29	48	0.90382
29	113	0.00132464
29	116	0.529258
29	145	0.815925
29	151	0.794791
29	161	0.806345
29	169	0.765318
29	171	0.770114
29	172	0.784609
29	175	0.755615
29	177	0.752656
29	179	0.774148
29	180	0.780599
30	23	0.816891
30	24	0.817596
30	27	0.740783
30	38	0.815327
30	48	0.7993
30	51	0.801488
30	63	0.782818
30	86	0.755549
30	99	0.776737
30	139	3.26905
30	150	2.16923
30	163	3.65115
30	178	0.693944
31	1	1.14535
31	104	0.781968
31	113	0.791955
31	114	0.795861
31	119	0.802503
31	121	0.766596
31	122	0.761084
31	123	0.762272
31	124	0.799074
31	126	0.755262
31	134	0.784333
31	146	2.53391
31	176	4.18369
32	15	1.18186
32	40	0.68118
32	42	0.800135
32	49	0.801619
32	67	0.792096
32	68	0.790646
32	79	0.77699
32	102	0.788612
32	106	2.46062
32	128	3.92879
32	133	0.780926
32	141	0.783713
32	148	0.803135
33	14	0.855236
33	34	0.762422
33	101	0.751935
33	127	0.801043
33	130	0.794431
33	140	0.798008
33	155	0.80642
33	156	0.758271
33	163	0.756024
33	164	1.88055
33	165	0.716577
33	169	4.89204
33	171	2.89843
34	3	0.695107
34	26	0.673858
34	33	0.762422
34	58	0.725364
34	89	0.700985
34	105	0.709968
34	109	0.747455
34	136	0.678882
34	140	0.713253
34	155	0.721665
34	161	3.24725
34	163	0.67127
34	179	4.61427
35	126	3.8453
35	135	0.701494
35	143	0.718587
35	158	0.691414
35	165	0.624474
35	168	0.661623
35	170	0.643974
35	173	0.649731
35	174	0.6173
35	175	0.612694
35	177	0.609735
35	179	0.631227
35	180	0.637679
36	53	0.791603
36	65	1.94782
36	121	0.770014
36	122	0.764502
36	123	0.76569
36	124	0.802492
36	125	0.795765
36	126	0.758681
36	134	0.787751
36	148	0.804998
36	153	2.10104
36	162	0.758945
36	166	5.04977
37	21	2.69016
37	124	1.10003
37	154	0.762925
37	169	0.697037
37	171	0.701834
37	172	0.716328
37	173	0.724371
37	174	0.69194
37	175	0.687334
37	176	0.715654
37	177	0.684376
37	179	0.705867
37	180	0.712319
38	11	0.84634
38	27	0.741422
38	30	0.815327
38	47	0.798626
38	48	0.799939
38	62	0.787254
38	63	0.783457
38	86	0.756188
38	99	0.777376
38	112	2.85276
38	140	1.31183
38	178	0.694583
38	180	4.91144
39	3	5.2
39	54	0.705503
39	116	0.683541
39	117	0.722505
39	137	0.670263
39	153	0.681148
39	156	0.650341
39	165	0.608648
39	168	0.645798
39	174	0.601474
39	177	0.59391
39	179	0.615401
39	180	0.621853
40	25	0.6029
40	32	0.68118
40	42	0.653685
40	49	0.655169
40	59	0.647517
40	67	0.645645
40	68	0.644195
40	79	0.63054
40	93	0.667579
40	102	0.642162
40	133	0.634476
40	140	6.8812
40	141	0.637263
40	148	0.656685
41	47	0.179957
41	66	1.41565
41	125	0.0228489
41	145	0.800383
41	149	0.789826
41	169	0.749775
41	172	0.769066
41	173	0.777109
41	174	0.744678
41	175	0.740072
41	176	0.768392
41	177	0.737114
41	179	0.758605
41	180	0.765057
42	5	0.855919
42	32	0.800135
42	40	0.653685
42	49	0.774124
42	59	0.766472
42	68	0.763151
42	71	0.809003
42	93	0.786535
42	102	0.761117
42	107	2.39141
42	133	0.753431
42	141	0.756218
42	148	0.77564
42	172	4.74507
43	6	0.785924
43	9	0.852591
43	10	0.617922
43	17	0.762721
43	45	0.811558
43	56	0.730069
43	61	0.795944
43	64	0.795953
43	66	0.795955
43	74	0.850492
43	150	1.6371
43	178	6.97585
43	180	2.39061
44	87	0.799943
44	113	0.767971
44	114	0.771877
44	119	0.778518
44	121	0.742611
44	122	0.737099
44	123	0.738287
44	133	0.755386
44	134	0.760348
44	141	2.40174
44	147	2.5669
44	148	0.777595
44	155	0.771107
44	179	4.69356
45	6	0.768064
45	9	0.834731
45	10	0.600062
45	17	0.74486
45	43	0.811558
45	56	0.712209
45	61	0.778084
45	64	0.778093
45	66	0.778095
45	74	0.832632
45	75	0.761301
45	158	2.19158
45	160	3.17697
45	164	4.2151
46	82	0.802783
46	113	0.770365
46	114	0.774271
46	119	0.780913
46	121	0.745006
46	122	0.739494
46	123	0.740682
46	125	0.770757
46	126	0.733673
46	134	0.762743
46	148	0.77999
46	167	2.24789
46	171	4.43982
46	176	3.05262
47	20	0.798114
47	23	0.80019
47	28	0.724293
47	38	0.798626
47	41	0.179957
47	48	0.782599
47	51	0.784787
47	62	0.769914
47	63	0.766117
47	86	0.738848
47	99	0.760036
47	142	4.05042
47	178	0.677243
47	180	3.91845
48	11	0.830313
48	27	0.725396
48	28	0.725606
48	29	0.90382
48	30	0.7993
48	38	0.799939
48	47	0.782599
48	51	0.7861
48	62	0.771227
48	65	4.05218
48	86	0.740161
48	99	0.761349
48	115	3.13894
48	178	0.678556
49	32	0.801619
49	40	0.655169
49	42	0.774124
49	68	0.764634
49	71	0.810487
49	79	0.750979
49	93	0.788018
49	102	0.7626
49	104	0.757511
49	115	1.79574
49	141	0.757701
49	148	0.777123
49	154	3.56277
49	168	4.34747
50	13	1.57654
50	14	0.812261
50	83	0.791838
50	94	0.775216
50	97	0.764547
50	111	0.770521
50	116	0.748495
50	117	0.787459
50	124	0.767426
50	127	0.758067
50	130	0.751455
50	140	1.69806
50	165	0.673602
50	173	4.93938
51	20	0.801615
51	27	0.727583
51	30	0.801488
51	47	0.784787
51	48	0.7861
51	62	0.773415
51	63	0.769618
51	73	0.769543
51	86	0.742349
51	99	0.763537
51	136	2.81446
51	147	3.43772
51	150	3.24295
51	178	0.680744
52	119	1.71943
52	127	1.61841
52	145	0.714544
52	146	0.734478
52	160	0.739575
52	161	0.704964
52	166	0.679071
52	167	0.712972
52	172	0.683227
52	173	0.69127
52	175	0.654233
52	176	0.682553
52	177	0.651275
52	179	0.672766
52	180	0.679218
53	36	0.791603
53	113	0.755619
53	114	0.759525
53	119	0.766167
53	120	1.82526
53	121	0.73026
53	122	0.724748
53	123	0.725936
53	125	0.756011
53	126	0.718927
53	134	0.747997
53	148	0.765244
53	155	0.758756
53	157	3.81589
53	176	4.25422
54	8	0.730381
54	16	0.73984
54	22	0.794058
54	39	0.705503
54	94	0.784447
54	97	0.773778
54	111	0.779752
54	116	0.757725
54	127	0.767298
54	130	0.760686
54	136	2.05004
54	146	2.99299
54	156	0.724525
54	165	0.682832
54	179	4.79995
55	3	0.737049
55	26	0.7158
55	57	0.757136
55	58	0.767307
55	60	0.760314
55	70	0.813348
55	101	0.709123
55	105	0.751911
55	109	0.789397
55	136	0.720824
55	155	0.763608
55	159	3.64683
55	160	3.04161
55	162	3.2766
55	163	0.713212
56	6	0.686575
56	9	0.753242
56	10	1.24302
56	17	0.663372
56	43	0.730069
56	45	0.712209
56	61	0.696596
56	64	0.696604
56	66	0.696606
56	73	0.690759
56	74	0.751143
56	75	0.679812
56	147	1.54313
56	177	3.67413
56	178	5.42007
57	21	0.786704
57	55	0.757136
57	58	0.76289
57	60	0.755898
57	80	0.742503
57	89	0.738511
57	101	0.704706
57	105	0.747494
57	109	0.784981
57	112	1.98597
57	140	0.750779
57	155	0.759191
57	163	0.708795
57	168	3.82569
57	176	4.28216
58	13	0.61757
58	34	0.725364
58	55	0.767307
58	57	0.76289
58	80	0.752674
58	89	0.748682
58	101	0.714877
58	105	0.757665
58	109	0.795152
58	136	0.726579
58	140	0.76095
58	155	0.769362
58	163	0.718967
58	167	3.77149
58	172	4.29236
59	25	0.715687
59	40	0.647517
59	42	0.766472
59	67	0.758432
59	68	0.756982
59	71	0.802835
59	93	0.780366
59	102	0.754948
59	104	0.749859
59	129	1.40767
59	133	0.747262
59	141	0.750049
59	148	0.769471
59	149	4.7531
59	159	3.7362
60	3	0.735811
60	55	0.760314
60	57	0.755898
60	70	0.812109
60	89	0.74169
60	101	0.707885
60	105	0.750673
60	109	0.788159
60	136	0.719586
60	140	0.753958
60	141	2.77347
60	154	3.66694
60	155	0.76237
60	161	3.69827
60	163	0.711974
61	6	0.75245
61	9	0.819117
61	10	0.584448
61	17	0.729247
61	43	0.795944
61	45	0.778084
61	56	0.696596
61	64	0.762479
61	66	0.762481
61	73	0.756634
61	74	0.817018
61	75	0.745687
61	160	1.94399
61	166	4.82808
61	173	3.22529
62	20	0.786743
62	24	0.789523
62	27	0.712711
62	28	0.712922
62	38	0.787254
62	47	0.769914
62	48	0.771227
62	51	0.773415
62	73	0.75467
62	86	0.727476
62	99	0.748664
62	152	2.4686
62	153	1.62652
62	174	5.90986
62	178	0.665871
63	11	0.813831
63	23	0.785021
63	27	0.708913
63	28	0.709124
63	30	0.782818
63	38	0.783457
63	47	0.766117
63	51	0.769618
63	73	0.750873
63	86	0.723679
63	99	0.744867
63	107	1.699
63	115	1.32831
63	175	6.64687
63	178	0.662074
64	6	0.752459
64	9	0.819126
64	10	0.584457
64	17	0.729256
64	43	0.795953
64	45	0.778093
64	56	0.696604
64	61	0.762479
64	66	0.76249
64	73	0.756643
64	74	0.817027
64	75	0.745696
64	81	1.83324
64	129	2.45915
64	151	5.43673
65	36	1.94782
65	48	4.05218
65	120	0.732466
65	147	0.759353
65	160	0.739733
65	167	0.71313
65	168	0.703321
65	171	0.668891
65	172	0.683385
65	174	0.658997
65	175	0.654391
65	176	0.682711
65	177	0.651433
65	179	0.672924
65	180	0.679376
66	6	0.752461
66	9	0.819128
66	10	0.584459
66	17	0.729257
66	41	1.41565
66	43	0.795955
66	45	0.778095
66	56	0.696606
66	61	0.762481
66	64	0.76249
66	73	0.756645
66	74	0.817029
66	75	0.745698
66	135	2.89157
66	152	4.29199
67	25	0.713816
67	32	0.792096
67	40	0.645645
67	59	0.758432
67	68	0.755111
67	71	0.800964
67	79	0.741455
67	93	0.778495
67	102	0.753077
67	104	0.747988
67	110	2.41306
67	133	0.745391
67	148	0.7676
67	158	3.12609
67	162	4.34647
68	32	0.790646
68	40	0.644195
68	42	0.763151
68	49	0.764634
68	59	0.756982
68	67	0.755111
68	79	0.740005
68	93	0.777045
68	102	0.751627
68	133	0.743941
68	141	0.746728
68	146	3.04253
68	148	0.76615
68	162	3.05019
68	167	3.88757
69	2	0.32624
69	72	0.740235
69	82	0.78981
69	84	6.8
69	95	0.774986
69	119	0.76794
69	121	0.732033
69	123	0.727709
69	124	0.764511
69	126	0.7207
69	133	0.744808
69	134	0.74977
69	143	1.87726
69	148	0.767017
69	162	0.720964
70	21	0.842916
70	26	0.767595
70	55	0.813348
70	60	0.812109
70	80	0.798715
70	101	0.760918
70	105	0.803706
70	109	0.841192
70	132	3.40451
70	136	0.772619
70	138	2.26948
70	140	0.806991
70	155	0.815403
70	162	2.13485
70	163	0.765007
70	179	3.93415
71	25	0.758218
71	42	0.809003
71	49	0.810487
71	59	0.802835
71	67	0.800964
71	78	1.97939
71	79	0.785858
71	90	0.818106
71	93	0.822897
71	102	0.79748
71	133	0.789794
71	137	2.36561
71	141	0.792581
71	148	0.812003
71	168	2.37871
71	174	5.17678
72	69	0.740235
72	82	0.77465
72	113	0.742233
72	114	0.746139
72	119	0.75278
72	121	0.716873
72	122	0.711361
72	124	0.749352
72	133	0.729648
72	134	0.73461
72	140	1.67422
72	148	0.751858
72	155	0.745369
72	158	1.71773
72	162	0.705804
72	174	6.92182
73	10	0.578612
73	20	0.78287
73	23	0.784946
73	51	0.769543
73	56	0.690759
73	61	0.756634
73	62	0.75467
73	63	0.750873
73	64	0.756643
73	66	0.756645
73	74	0.811182
73	77	3.02823
73	99	0.744792
73	118	2.06004
73	159	5.03586
73	178	0.661999
74	6	0.806998
74	9	0.873665
74	10	0.638996
74	17	0.783794
74	43	0.850492
74	45	0.832632
74	56	0.751143
74	61	0.817018
74	64	0.817027
74	66	0.817029
74	73	0.811182
74	75	0.800235
74	146	1.55609
74	162	1.56375
74	175	5.51622
74	180	2.96835
75	45	0.761301
75	56	0.679812
75	61	0.745687
75	64	0.745696
75	66	0.745698
75	74	0.800235
75	108	2.07888
75	121	0.718787
75	122	0.713275
75	125	0.744538
75	134	0.736524
75	143	3.3672
75	148	0.753772
75	155	0.747283
75	162	0.707719
75	163	4.77137
76	8	0.767634
76	12	0.432658
76	14	0.858745
76	83	0.838322
76	97	0.811031
76	100	0.794809
76	111	0.817005
76	116	0.794979
76	117	0.833943
76	120	3.76703
76	127	0.804551
76	129	2.59556
76	130	0.797939
76	156	0.761779
76	158	3.33348
76	165	0.720085
77	11	1.37488
77	73	3.02823
77	123	0.741557
77	142	0.761863
77	150	0.787557
77	151	0.745869
77	158	0.785412
77	169	0.716395
77	171	0.721192
77	172	0.735686
77	173	0.743729
77	175	0.706692
77	176	0.735012
77	177	0.703734
77	179	0.725226
77	180	0.731677
78	71	1.97939
78	107	0.778629
78	123	3.16528
78	154	0.724345
78	156	0.702227
78	162	0.710811
78	167	0.707493
78	169	0.658457
78	170	0.680034
78	171	0.663253
78	173	0.685791
78	174	0.65336
78	175	0.648754
78	177	0.645795
78	179	0.667287
78	180	0.673739
79	25	0.69871
79	32	0.77699
79	40	0.63054
79	49	0.750979
79	67	0.741455
79	68	0.740005
79	71	0.785858
79	90	0.758598
79	93	0.763389
79	102	0.737972
79	133	0.730286
79	141	0.733073
79	144	2.95387
79	148	0.752495
79	150	2.87732
79	151	4.41872
80	12	0.833292
80	21	0.776488
80	26	0.701168
80	57	0.742503
80	58	0.752674
80	70	0.798715
80	85	2.50092
80	89	0.728295
80	101	0.69449
80	105	0.737278
80	109	0.774765
80	136	0.706191
80	140	0.740563
80	145	5.55081
80	155	0.748975
80	163	0.698579
81	28	3.18794
81	64	1.83324
81	114	0.0596892
81	158	0.792364
81	168	0.762573
81	169	0.723347
81	170	0.744924
81	171	0.728143
81	172	0.742638
81	173	0.750681
81	174	0.71825
81	175	0.713644
81	176	0.741964
81	177	0.710686
81	179	0.732177
81	180	0.738629
82	46	0.802783
82	69	0.78981
82	72	0.77465
82	85	1.43641
82	95	0.809401
82	114	0.795714
82	119	0.802355
82	122	0.760936
82	124	0.798926
82	125	0.792199
82	126	0.755115
82	133	0.779223
82	134	0.784185
82	156	2.45896
82	162	0.755379
82	166	4.5058
82	179	3.65601
83	22	0.81544
83	50	0.791838
83	76	0.838322
83	91	0.75139
83	94	0.805829
83	100	0.778938
83	103	2.63394
83	111	0.801134
83	116	0.779107
83	117	0.818071
83	127	0.78868
83	130	0.782068
83	137	3.67874
83	152	3.04865
83	156	0.745908
83	159	2.87642
83	165	0.704214
84	69	6.8
84	140	0.700266
84	149	0.65681
84	163	0.658283
84	164	0.66062
84	168	0.655985
84	170	0.638336
84	171	0.621555
84	172	0.63605
84	173	0.644093
84	174	0.611662
84	175	0.607056
84	176	0.635376
84	177	0.604097
84	178	0.612447
84	179	0.625589
84	180	0.632041
85	80	2.50092
85	82	1.43641
85	116	1.67689
85	146	0.774123
85	152	0.756461
85	160	0.77922
85	161	0.744609
85	164	0.747443
85	166	0.718716
85	169	0.703582
85	173	0.730915
85	174	0.698485
85	175	0.693879
85	176	0.722199
85	178	0.69927
85	179	0.712412
85	180	0.718863
86	11	0.786562
86	20	0.755677
86	23	0.757753
86	27	0.681645
86	28	0.681855
86	30	0.755549
86	38	0.756188
86	47	0.738848
86	48	0.740161
86	51	0.742349
86	62	0.727476
86	63	0.723679
86	88	2.10475
86	99	0.717598
86	167	3.83022
86	178	0.634805
86	179	4.79214
87	44	0.799943
87	95	0.808955
87	104	0.781375
87	113	0.791362
87	119	0.80191
87	122	0.76049
87	124	0.798481
87	125	0.791753
87	126	0.754669
87	128	1.85097
87	133	0.778778
87	134	0.783739
87	144	1.59671
87	155	0.794498
87	162	0.754934
87	165	5.49582
87	173	3.0886
88	86	2.10475
88	110	0.768375
88	121	3.02259
88	147	0.751063
88	157	0.687511
88	160	0.731443
88	166	0.670939
88	169	0.655805
88	170	0.677382
88	172	0.675096
88	173	0.683138
88	175	0.646102
88	176	0.674422
88	177	0.643143
88	179	0.664635
88	180	0.671086
89	21	0.772496
89	26	0.697176
89	34	0.700985
89	57	0.738511
89	58	0.748682
89	60	0.74169
89	80	0.728295
89	101	0.690498
89	105	0.733286
89	109	0.770773
89	110	1.88519
89	136	0.7022
89	140	0.736571
89	153	3.51897
89	155	0.744983
89	163	0.694588
89	170	5.36852
90	19	0.827263
90	25	0.730958
90	71	0.818106
90	79	0.758598
90	93	0.795637
90	94	0.790026
90	102	0.770219
90	117	0.802269
90	118	1.6071
90	127	0.772877
90	130	0.766266
90	135	3.35474
90	141	0.76532
90	146	4.20504
90	148	0.784743
90	156	0.730105
90	158	2.99231
90	165	0.688412
91	4	0.781854
91	8	0.680702
91	14	0.771812
91	83	0.75139
91	94	0.734768
91	97	0.724099
91	100	0.707876
91	111	0.730073
91	116	0.708046
91	117	0.74701
91	124	0.726978
91	127	0.717619
91	128	1.35189
91	130	0.711007
91	156	0.674846
91	165	0.633153
91	168	2.72885
91	177	7.2265
92	15	0.728829
92	95	5.4731
92	135	0.689407
92	154	0.676198
92	161	0.651338
92	166	0.625445
92	167	0.659346
92	169	0.61031
92	170	0.631887
92	171	0.615107
92	172	0.629601
92	174	0.605213
92	176	0.628927
92	177	0.597649
92	178	0.605998
92	179	0.61914
92	180	0.625592
93	25	0.735749
93	40	0.667579
93	42	0.786535
93	49	0.788018
93	59	0.780366
93	67	0.778495
93	68	0.777045
93	71	0.822897
93	79	0.763389
93	90	0.795637
93	96	1.3504
93	102	0.775011
93	104	0.769922
93	141	0.770112
93	143	1.79549
93	148	0.789534
93	165	5.6934
93	172	3.59812
94	19	0.826443
94	50	0.775216
94	54	0.784447
94	83	0.805829
94	90	0.790026
94	91	0.734768
94	96	2.22201
94	98	2.3984
94	108	3.3922
94	111	0.784512
94	116	0.762485
94	117	0.801449
94	124	0.781417
94	127	0.772058
94	130	0.765446
94	136	4.17429
94	156	0.729285
94	165	0.687592
95	69	0.774986
95	82	0.809401
95	87	0.808955
95	92	5.4731
95	104	0.766996
95	107	2.07071
95	113	0.776983
95	121	0.751624
95	122	0.746112
95	123	0.7473
95	125	0.777375
95	133	0.764399
95	134	0.769361
95	145	1.66493
95	148	0.786608
95	155	0.78012
95	162	0.740555
95	176	2.71073
96	93	1.3504
96	94	2.22201
96	109	0.29718
96	122	0.503494
96	152	0.807845
96	164	0.798827
96	166	0.7701
96	167	0.804002
96	169	0.754965
96	170	0.776543
96	171	0.759762
96	172	0.774256
96	173	0.782299
96	174	0.749868
96	175	0.745262
96	177	0.742304
96	179	0.763796
96	180	0.770247
97	4	0.825624
97	16	0.733931
97	22	0.788149
97	50	0.764547
97	54	0.773778
97	76	0.811031
97	91	0.724099
97	100	0.751647
97	111	0.773843
97	116	0.751816
97	117	0.79078
97	127	0.761389
97	130	0.754777
97	135	2.2962
97	153	2.85453
97	156	0.718617
97	160	2.91916
97	165	0.676923
97	176	4.79628
98	22	1.38629
98	94	2.3984
98	121	1.1842
98	148	0.0026901
98	157	0.77429
98	159	0.790546
98	164	0.786445
98	166	0.757718
98	168	0.78181
98	169	0.742584
98	170	0.764161
98	172	0.761874
98	173	0.769917
98	174	0.737486
98	175	0.732881
98	176	0.7612
98	177	0.729922
98	179	0.751414
98	180	0.757865
99	11	0.80775
99	20	0.776864
99	23	0.77894
99	24	0.779645
99	27	0.702832
99	28	0.703043
99	30	0.776737
99	38	0.777376
99	47	0.760036
99	48	0.761349
99	51	0.763537
99	62	0.748664
99	63	0.744867
99	73	0.744792
99	86	0.717598
99	153	2.8911
99	160	2.95574
99	162	3.19073
99	163	4.15053
99	178	0.655993
100	4	0.809401
100	16	0.717709
100	19	0.799552
100	22	0.771926
100	76	0.794809
100	83	0.778938
100	91	0.707876
100	97	0.751647
100	111	0.75762
100	116	0.735594
100	117	0.774558
100	124	0.754526
100	127	0.745167
100	130	0.738555
100	138	2.97829
100	154	3.24459
100	156	0.702394
100	161	3.27593
100	165	0.660701
100	168	4.0293
101	3	0.68462
101	21	0.738691
101	26	0.663371
101	33	0.751935
101	55	0.709123
101	57	0.704706
101	58	0.714877
101	60	0.707885
101	70	0.760918
101	80	0.69449
101	89	0.690498
101	105	0.699481
101	109	0.736968
101	118	2.12798
101	136	0.668394
101	140	0.702766
101	155	0.711178
101	163	0.660782
101	169	4.71632
101	178	7.12262
102	25	0.710332
102	32	0.788612
102	40	0.642162
102	42	0.761117
102	49	0.7626
102	59	0.754948
102	67	0.753077
102	68	0.751627
102	71	0.79748
102	79	0.737972
102	90	0.770219
102	93	0.775011
102	104	0.744504
102	108	1.67469
102	112	2.7533
102	133	0.741907
102	141	0.744694
102	148	0.764116
102	156	4.00963
102	170	4.9573
103	4	1.83079
103	8	3.13527
103	83	2.63394
103	132	0.731375
103	138	0.775649
103	151	0.714314
103	158	0.753857
103	159	0.732802
103	164	0.728701
103	167	0.733876
103	169	0.68484
103	170	0.706417
103	171	0.689636
103	172	0.704131
103	175	0.675137
103	176	0.703457
103	177	0.672178
103	179	0.69367
103	180	0.700122
104	31	0.781968
104	49	0.757511
104	59	0.749859
104	67	0.747988
104	87	0.781375
104	93	0.769922
104	95	0.766996
104	102	0.744504
104	106	2.35257
104	114	0.753309
104	121	0.724043
104	123	0.71972
104	125	0.749794
104	134	0.74178
104	140	1.81705
104	141	0.739606
104	144	3.56648
104	148	0.759028
104	157	5.21585
104	162	0.712974
105	3	0.727407
105	21	0.781479
105	26	0.706158
105	34	0.709968
105	55	0.751911
105	57	0.747494
105	58	0.757665
105	60	0.750673
105	70	0.803706
105	80	0.737278
105	89	0.733286
105	101	0.699481
105	109	0.779755
105	136	0.711182
105	140	0.745554
105	147	1.93317
105	155	0.753966
105	156	2.86277
105	163	0.70357
105	165	5.71405
105	173	3.30683
106	4	2.07741
106	32	2.46062
106	104	2.35257
106	127	0.579377
106	146	0.784354
106	159	0.761774
106	161	0.754839
106	164	0.757673
106	166	0.728946
106	167	0.762848
106	169	0.713812
106	170	0.735389
106	171	0.718608
106	172	0.733103
106	173	0.741146
106	174	0.708715
106	175	0.704109
106	176	0.732429
106	177	0.70115
106	178	0.7095
106	179	0.722642
106	180	0.729094
107	42	2.39141
107	63	1.699
107	78	0.778629
107	95	2.07071
107	123	1.38356
107	129	0.808248
107	145	0.752604
107	153	0.776573
107	157	0.733703
107	159	0.749959
107	167	0.751033
107	168	0.741223
107	170	0.723574
107	171	0.706793
107	172	0.721288
107	173	0.72933
107	174	0.6969
107	175	0.692294
107	176	0.720613
107	177	0.689335
107	179	0.710827
107	180	0.717278
108	75	2.07888
108	94	3.3922
108	102	1.67469
108	135	0.785845
108	146	0.77729
108	149	0.746799
108	155	0.3105
108	157	0.738455
108	158	0.775765
108	159	0.754711
108	160	0.782387
108	169	0.706749
108	170	0.728326
108	171	0.711545
108	173	0.734082
108	174	0.701651
108	175	0.697045
108	176	0.725365
108	177	0.694087
108	178	0.702437
108	179	0.715579
108	180	0.72203
109	3	0.764894
109	21	0.818965
109	26	0.743645
109	34	0.747455
109	55	0.789397
109	57	0.784981
109	58	0.795152
109	60	0.788159
109	70	0.841192
109	80	0.774765
109	89	0.770773
109	96	0.29718
109	101	0.736968
109	105	0.779755
109	118	1.69866
109	136	0.748669
109	137	3.28055
109	140	0.783041
109	155	0.791453
109	156	2.71026
109	163	0.741057
109	175	6.06047
110	67	2.41306
110	88	0.768375
110	89	1.88519
110	130	2.25377
110	131	0.741918
110	139	0.76207
110	153	0.768972
110	154	0.760283
110	155	0.109781
110	159	0.742357
110	161	0.735423
110	166	0.709529
110	167	0.743431
110	168	0.733621
110	169	0.694395
110	170	0.715972
110	171	0.699191
110	172	0.713686
110	173	0.721729
110	175	0.684692
110	176	0.713012
110	177	0.681733
110	180	0.709677
111	4	0.831598
111	8	0.730446
111	16	0.739905
111	22	0.794123
111	50	0.770521
111	54	0.779752
111	76	0.817005
111	83	0.801134
111	91	0.730073
111	94	0.784512
111	97	0.773843
111	100	0.75762
111	116	0.75779
111	117	0.796754
111	127	0.767363
111	130	0.760751
111	139	2.64628
111	143	1.62421
111	149	3.45571
111	151	3.08786
111	156	0.72459
111	165	0.682897
111	171	5.09789
112	38	2.85276
112	57	1.98597
112	102	2.7533
112	113	0.231193
112	135	0.768816
112	142	0.735186
112	146	0.76026
112	147	0.784977
112	152	0.742598
112	158	0.758736
112	159	0.737681
112	164	0.73358
112	167	0.738755
112	168	0.728945
112	169	0.689719
112	170	0.711296
112	171	0.694515
112	172	0.70901
112	173	0.717052
112	176	0.708336
112	177	0.677057
112	179	0.698549
112	180	0.705
113	24	0.789947
113	29	0.00132464
113	31	0.791955
113	44	0.767971
113	46	0.770365
113	53	0.755619
113	72	0.742233
113	87	0.791362
113	95	0.776983
113	112	0.231193
113	114	0.763296
113	119	0.769938
113	121	0.734031
113	122	0.728519
113	123	0.729707
113	125	0.759781
113	126	0.722697
113	134	0.751768
113	148	0.769015
113	155	0.762527
113	157	2.08907
113	162	0.722962
113	175	4.83774
113	177	6.56856
114	31	0.795861
114	44	0.771877
114	46	0.774271
114	53	0.759525
114	72	0.746139
114	81	0.0596892
114	82	0.795714
114	104	0.753309
114	113	0.763296
114	119	0.773844
114	121	0.737937
114	122	0.732425
114	123	0.733613
114	125	0.763688
114	126	0.726604
114	132	3.91355
114	133	0.750712
114	134	0.755674
114	142	4.18048
114	148	0.772921
114	155	0.766433
114	161	3.07617
114	162	0.726868
114	173	3.69021
115	48	3.13894
115	49	1.79574
115	63	1.32831
115	122	2.04029
115	145	0.747369
115	151	0.726235
115	157	0.728468
115	158	0.765778
115	159	0.744724
115	164	0.740623
115	166	0.711896
115	167	0.745798
115	168	0.735988
115	169	0.696761
115	170	0.718339
115	171	0.701558
115	172	0.716052
115	173	0.724095
115	175	0.687058
115	176	0.715378
115	177	0.6841
115	178	0.69245
115	179	0.705592
115	180	0.712043
116	4	0.809571
116	8	0.70842
116	14	0.79953
116	15	1.19222
116	19	0.799722
116	22	0.772096
116	29	0.529258
116	39	0.683541
116	50	0.748495
116	54	0.757725
116	76	0.794979
116	83	0.779107
116	85	1.67689
116	91	0.708046
116	94	0.762485
116	97	0.751816
116	100	0.735594
116	111	0.75779
116	117	0.774728
116	124	0.754696
116	130	0.738725
116	150	3.60834
116	156	0.702564
116	165	0.660871
116	180	5.53507
117	8	0.747384
117	16	0.756843
117	19	0.838686
117	22	0.81106
117	39	0.722505
117	50	0.787459
117	76	0.833943
117	83	0.818071
117	90	0.802269
117	91	0.74701
117	94	0.801449
117	97	0.79078
117	100	0.774558
117	111	0.796754
117	116	0.774728
117	124	0.79366
117	127	0.784301
117	130	0.777689
117	131	3.46881
117	154	1.90088
117	156	0.741528
117	158	1.37826
117	163	2.45974
117	165	0.699835
117	169	6.52285
117	170	3.04986
118	25	2.90622
118	73	2.06004
118	90	1.6071
118	101	2.12798
118	109	1.69866
118	132	0.757176
118	139	0.778316
118	142	0.756108
118	144	0.782885
118	151	0.740115
118	153	0.785218
118	158	0.779658
118	160	0.786279
118	161	0.751669
118	167	0.759677
118	168	0.749867
118	169	0.710641
118	171	0.715437
118	172	0.729932
118	173	0.737975
118	174	0.705544
118	175	0.700938
118	176	0.729258
118	177	0.697979
118	179	0.719471
118	180	0.725923
119	7	0.827122
119	24	0.800495
119	31	0.802503
119	44	0.778518
119	46	0.780913
119	52	1.71943
119	53	0.766167
119	69	0.76794
119	72	0.75278
119	82	0.802355
119	87	0.80191
119	113	0.769938
119	114	0.773844
119	121	0.744578
119	122	0.739066
119	123	0.740255
119	125	0.770329
119	126	0.733245
119	134	0.762315
119	141	1.84736
119	148	0.779563
119	153	2.04025
119	155	0.773074
119	162	0.733509
119	164	3.14301
119	168	3.52553
119	171	5.36919
120	26	4.40771
120	53	1.82526
120	65	0.732466
120	76	3.76703
120	143	0.746386
120	147	0.745454
120	159	0.698158
120	160	0.725834
120	161	0.691223
120	163	0.691719
120	164	0.694057
120	167	0.699232
120	168	0.689422
120	169	0.650196
120	170	0.671773
120	171	0.654992
120	172	0.669487
120	173	0.677529
120	174	0.645099
120	175	0.640493
120	176	0.668813
120	177	0.637534
120	178	0.645884
120	179	0.659026
120	180	0.665477
121	5	1.37979
121	7	0.791215
121	18	0.794219
121	31	0.766596
121	36	0.770014
121	44	0.742611
121	46	0.745006
121	53	0.73026
121	69	0.732033
121	72	0.716873
121	75	0.718787
121	88	3.02259
121	95	0.751624
121	98	1.1842
121	104	0.724043
121	113	0.734031
121	114	0.737937
121	119	0.744578
121	122	0.703159
121	123	0.704347
121	125	0.734422
121	126	0.697338
121	134	0.726408
121	141	3.41816
121	155	0.737167
121	156	4.51294
121	162	0.697602
122	7	0.785703
122	18	0.788707
122	31	0.761084
122	36	0.764502
122	44	0.737099
122	46	0.739494
122	53	0.724748
122	72	0.711361
122	75	0.713275
122	82	0.760936
122	87	0.76049
122	95	0.746112
122	96	0.503494
122	113	0.728519
122	114	0.732425
122	115	2.04029
122	119	0.739066
122	121	0.703159
122	125	0.72891
122	126	0.691826
122	134	0.720896
122	148	0.738143
122	152	3.94883
122	155	0.731655
122	161	3.83865
122	162	0.69209
122	173	4.45268
123	7	0.786891
123	18	0.789896
123	24	0.760264
123	31	0.762272
123	36	0.76569
123	44	0.738287
123	46	0.740682
123	53	0.725936
123	69	0.727709
123	77	0.741557
123	78	3.16528
123	95	0.7473
123	104	0.71972
123	107	1.38356
123	113	0.729707
123	114	0.733613
123	119	0.740255
123	121	0.704347
123	125	0.730098
123	126	0.693014
123	133	0.717122
123	134	0.722084
123	148	0.739332
123	155	0.732843
123	162	0.693278
123	164	3.18209
123	166	5.02805
124	7	0.823693
124	16	0.73681
124	31	0.799074
124	36	0.802492
124	37	1.10003
124	50	0.767426
124	69	0.764511
124	72	0.749352
124	82	0.798926
124	87	0.798481
124	91	0.726978
124	94	0.781417
124	100	0.754526
124	116	0.754696
124	117	0.79366
124	125	0.7669
124	126	0.729816
124	127	0.764268
124	130	0.757657
124	134	0.758886
124	141	1.58457
124	145	2.67341
124	146	2.06943
124	155	0.769645
124	156	0.721496
124	165	0.679803
124	169	7.1
124	170	3.62701
125	2	1.46817
125	7	0.816965
125	18	0.81997
125	36	0.795765
125	41	0.0228489
125	46	0.770757
125	53	0.756011
125	75	0.744538
125	82	0.792199
125	87	0.791753
125	95	0.777375
125	104	0.749794
125	113	0.759781
125	114	0.763688
125	119	0.770329
125	121	0.734422
125	122	0.72891
125	123	0.730098
125	124	0.7669
125	126	0.723089
125	134	0.752159
125	142	3.89331
125	148	0.769406
125	155	0.762918
125	162	0.723353
125	164	3.15987
125	170	3.90666
125	179	4.15604
126	7	0.779881
126	18	0.782886
126	24	0.753254
126	31	0.755262
126	35	3.8453
126	36	0.758681
126	46	0.733673
126	53	0.718927
126	69	0.7207
126	82	0.755115
126	87	0.754669
126	113	0.722697
126	114	0.726604
126	119	0.733245
126	121	0.697338
126	122	0.691826
126	123	0.693014
126	124	0.729816
126	125	0.723089
126	133	0.710113
126	134	0.715075
126	147	2.5041
126	148	0.732322
126	155	0.725834
126	160	2.59645
126	161	3.26372
126	162	0.686269
126	180	4.23605
127	4	0.819144
127	8	0.717992
127	14	0.809103
127	16	0.727451
127	19	0.809295
127	22	0.781669
127	33	0.801043
127	50	0.758067
127	52	1.61841
127	54	0.767298
127	76	0.804551
127	83	0.78868
127	90	0.772877
127	91	0.717619
127	94	0.772058
127	97	0.761389
127	100	0.745167
127	106	0.579377
127	111	0.767363
127	117	0.784301
127	124	0.764268
127	130	0.748297
127	131	4.20774
127	139	2.81656
127	156	0.712137
127	165	0.670443
127	172	3.59712
127	180	3.64347
128	32	3.92879
128	87	1.85097
128	91	1.35189
128	131	0.718815
128	132	0.717827
128	134	2.3949
128	142	0.716759
128	145	0.7219
128	150	0.742454
128	151	0.700766
128	154	0.73718
128	158	0.740309
128	159	0.719254
128	160	0.746931
128	164	0.715153
128	167	0.720328
128	168	0.710518
128	170	0.692869
128	172	0.690583
128	173	0.698626
128	174	0.666195
128	175	0.661589
128	176	0.689909
128	177	0.65863
128	178	0.66698
128	179	0.680122
128	180	0.686574
129	2	0.804599
129	15	0.806595
129	26	3.23624
129	59	1.40767
129	64	2.45915
129	76	2.59556
129	107	0.808248
129	131	0.735599
129	134	0.627921
129	150	0.759238
129	158	0.757093
129	159	0.736038
129	160	0.763715
129	161	0.729104
129	164	0.731937
129	165	0.690153
129	167	0.737112
129	169	0.688076
129	170	0.709653
129	171	0.692872
129	172	0.707367
129	173	0.71541
129	174	0.682979
129	175	0.678373
129	176	0.706693
129	177	0.675414
129	178	0.683764
129	179	0.696906
129	180	0.703358
130	4	0.812532
130	8	0.711381
130	12	0.0659764
130	14	0.802491
130	16	0.720839
130	19	0.802683
130	22	0.775057
130	33	0.794431
130	50	0.751455
130	54	0.760686
130	76	0.797939
130	83	0.782068
130	90	0.766266
130	91	0.711007
130	94	0.765446
130	97	0.754777
130	100	0.738555
130	110	2.25377
130	111	0.760751
130	116	0.738725
130	117	0.777689
130	124	0.757657
130	127	0.748297
130	135	3.32923
130	143	3.74281
130	144	3.7416
130	150	3.66506
130	156	0.705525
130	165	0.663832
131	1	0.748625
131	20	3.52345
131	110	0.741918
131	117	3.46881
131	127	4.20774
131	128	0.718815
131	129	0.735599
131	139	0.697022
131	141	0.708333
131	146	0.699889
131	149	0.669398
131	150	0.700509
131	153	0.703924
131	154	0.695235
131	157	0.661053
131	166	0.644482
131	168	0.668573
131	170	0.650924
131	171	0.634143
131	172	0.648638
131	173	0.656681
131	174	0.62425
131	175	0.619644
131	176	0.647964
131	177	0.616685
131	178	0.625035
131	179	0.638177
131	180	0.644629
132	11	4.28194
132	70	3.40451
132	103	0.731375
132	114	3.91355
132	118	0.757176
132	128	0.717827
132	138	0.719169
132	146	0.698901
132	150	0.699521
132	151	0.657833
132	152	0.681239
132	153	0.702936
132	154	0.694247
132	157	0.660066
132	161	0.669387
132	164	0.672221
132	166	0.643494
132	167	0.677396
132	168	0.667586
132	169	0.628359
132	170	0.649937
132	171	0.633156
132	172	0.64765
132	174	0.623262
132	176	0.646976
132	177	0.615698
132	178	0.624048
132	179	0.637189
132	180	0.643641
133	1	0.918163
133	18	0.806994
133	25	0.702646
133	32	0.780926
133	40	0.634476
133	42	0.753431
133	44	0.755386
133	59	0.747262
133	67	0.745391
133	68	0.743941
133	69	0.744808
133	71	0.789794
133	72	0.729648
133	79	0.730286
133	82	0.779223
133	87	0.778778
133	95	0.764399
133	102	0.741907
133	114	0.750712
133	123	0.717122
133	126	0.710113
133	134	0.739183
133	138	2.44901
133	141	0.737008
133	148	0.75643
133	149	3.70151
133	155	0.749942
133	162	0.710377
133	167	3.15177
133	171	5.34369
133	172	3.67264
134	7	0.808952
134	18	0.811956
134	31	0.784333
134	36	0.787751
134	44	0.760348
134	46	0.762743
134	53	0.747997
134	69	0.74977
134	72	0.73461
134	75	0.736524
134	82	0.784185
134	87	0.783739
134	95	0.769361
134	104	0.74178
134	113	0.751768
134	114	0.755674
134	119	0.762315
134	121	0.726408
134	122	0.720896
134	123	0.722084
134	124	0.758886
134	125	0.752159
134	126	0.715075
134	128	2.3949
134	129	0.627921
134	133	0.739183
134	135	1.72826
134	140	1.41765
134	148	0.761392
134	155	0.754904
134	162	0.715339
134	164	3.38935
134	175	6.53869
134	180	3.99082
135	35	0.701494
135	66	2.89157
135	90	3.35474
135	92	0.689407
135	97	2.2962
135	108	0.785845
135	112	0.768816
135	130	3.32923
135	134	1.72826
135	143	0.757112
135	145	0.711529
135	147	0.75618
135	149	0.700972
135	150	0.732083
135	151	0.690395
135	153	0.735498
135	158	0.729938
135	159	0.708884
135	160	0.73656
135	161	0.701949
135	164	0.704783
135	166	0.676056
135	167	0.709957
135	168	0.700148
135	170	0.682498
135	171	0.665718
135	172	0.680212
135	173	0.688255
135	174	0.655824
135	176	0.679538
135	177	0.64826
135	178	0.656609
135	179	0.669751
135	180	0.676203
136	3	0.696321
136	25	4.56121
136	34	0.678882
136	51	2.81446
136	54	2.05004
136	55	0.720824
136	58	0.726579
136	60	0.719586
136	70	0.772619
136	80	0.706191
136	89	0.7022
136	94	4.17429
136	101	0.668394
136	105	0.711182
136	109	0.748669
136	139	0.698635
136	140	0.714467
136	142	0.676427
136	152	0.68384
136	155	0.722879
136	157	0.662667
136	163	0.672484
136	167	0.679996
136	168	0.670186
136	169	0.63096
136	172	0.650251
136	173	0.658294
136	174	0.625863
136	175	0.621257
136	176	0.649577
136	177	0.618298
136	178	0.626648
136	179	0.63979
136	180	0.646242
137	27	3.8751
137	39	0.670263
137	71	2.36561
137	83	3.67874
137	109	3.28055
137	138	0.736325
137	142	0.690983
137	143	0.741706
137	146	0.716057
137	149	0.685566
137	150	0.716678
137	153	0.720092
137	154	0.711404
137	157	0.677222
137	158	0.714532
137	159	0.693478
137	160	0.721154
137	161	0.686543
137	164	0.689377
137	166	0.66065
137	167	0.694552
137	168	0.684742
137	169	0.645516
137	170	0.667093
137	171	0.650312
137	172	0.664806
137	173	0.672849
137	174	0.640418
137	175	0.635813
137	176	0.664132
137	177	0.632854
137	179	0.654346
137	180	0.660797
138	11	3.14692
138	16	2.3563
138	70	2.26948
138	100	2.97829
138	103	0.775649
138	132	0.719169
138	133	2.44901
138	137	0.736325
138	143	0.768824
138	147	0.767892
138	149	0.712684
138	151	0.702108
138	156	0.716404
138	157	0.70434
138	158	0.741651
138	160	0.748272
138	161	0.713661
138	164	0.716495
138	166	0.687768
138	167	0.72167
138	168	0.71186
138	169	0.672634
138	170	0.694211
138	171	0.67743
138	172	0.691925
138	173	0.699967
138	174	0.667537
138	175	0.662931
138	176	0.691251
138	177	0.659972
138	178	0.668322
138	179	0.681464
138	180	0.687915
139	5	0.770441
139	9	2.61359
139	30	3.26905
139	110	0.76207
139	111	2.64628
139	118	0.778316
139	127	2.81656
139	131	0.697022
139	136	0.698635
139	144	0.721743
139	145	0.700107
139	146	0.720041
139	148	2.09875
139	150	0.720661
139	151	0.678973
139	152	0.702378
139	153	0.724076
139	154	0.715387
139	157	0.681205
139	158	0.718516
139	160	0.725137
139	161	0.690527
139	163	0.691023
139	164	0.69336
139	167	0.698535
139	168	0.688725
139	169	0.649499
139	170	0.671076
139	172	0.66879
139	173	0.676833
139	174	0.644402
139	175	0.639796
139	176	0.668116
139	177	0.636837
139	178	0.645187
139	179	0.658329
139	180	0.664781
140	3	0.730693
140	33	0.798008
140	34	0.713253
140	38	1.31183
140	40	6.8812
140	50	1.69806
140	57	0.750779
140	58	0.76095
140	60	0.753958
140	70	0.806991
140	72	1.67422
140	80	0.740563
140	84	0.700266
140	89	0.736571
140	101	0.702766
140	104	1.81705
140	105	0.745554
140	109	0.783041
140	134	1.41765
140	136	0.714467
140	155	0.757251
140	158	0.734349
140	159	0.713294
140	163	0.706855
140	166	0.680466
140	167	0.714368
140	168	0.704558
140	169	0.665332
140	170	0.686909
140	171	0.670128
140	172	0.684623
140	173	0.692665
140	174	0.660235
140	176	0.683948
140	177	0.65267
140	179	0.674162
140	180	0.680613
141	21	3.17469
141	25	0.705433
141	32	0.783713
141	40	0.637263
141	42	0.756218
141	44	2.40174
141	49	0.757701
141	59	0.750049
141	60	2.77347
141	68	0.746728
141	71	0.792581
141	79	0.733073
141	90	0.76532
141	93	0.770112
141	102	0.744694
141	104	0.739606
141	119	1.84736
141	121	3.41816
141	124	1.58457
141	131	0.708333
141	133	0.737008
141	145	0.711418
141	146	0.731352
141	148	0.759218
141	153	0.735387
