1	13	0.894591
1	23	0.871853
1	30	0.869954
1	41	0.847178
1	60	0.88816
1	62	0.888228
1	69	1.03566
1	121	1.25566
1	128	1.38691
1	152	1.21389
1	165	0.913746
1	179	2.39704
2	13	0.791241
2	23	0.768503
2	25	0.781076
2	41	0.743829
2	60	0.78481
2	62	0.784878
2	69	0.932308
2	137	0.810757
2	141	1.20128
2	165	0.810396
2	175	2.27507
2	179	2.46683
3	76	0.883842
3	119	1.52891
3	130	0.938824
3	131	0.893242
3	134	0.925192
3	138	0.893392
3	139	0.909434
3	142	0.916926
3	143	1.57126
3	146	1.30815
3	162	1.80144
3	180	0.846689
4	20	0.823
4	74	0.831566
4	75	0.760811
4	80	0.825908
4	96	0.768472
4	99	0.83111
4	103	0.813677
4	108	0.791033
4	110	0.793344
4	133	1.58309
4	167	1.98341
4	172	2.36272
5	11	0.770694
5	22	1.47584
5	79	0.787769
5	82	0.831294
5	83	0.839297
5	92	0.794441
5	107	0.874205
5	149	2.06671
5	159	0.835669
5	162	0.771212
5	172	2.32786
5	177	0.709723
6	17	0.956293
6	24	0.915791
6	42	0.88463
6	46	0.883234
6	133	0.979492
6	144	1.32439
6	150	0.885556
6	152	1.10777
6	160	0.869618
6	171	1.81837
6	175	2.09916
6	180	0.849021
7	125	0.924419
7	130	0.927214
7	132	0.89128
7	138	0.881783
7	139	0.897825
7	140	0.919245
7	142	0.905316
7	157	0.845729
7	161	1.18687
7	162	1.58554
7	163	1.78579
7	166	1.70408
8	69	1.83066
8	92	2.2115
8	143	0.802171
8	150	0.756253
8	163	0.743263
8	164	0.735489
8	172	0.72536
8	174	0.695552
8	175	0.679352
8	176	0.697932
8	178	0.691393
8	179	0.664036
9	18	1.42228
9	63	0.963557
9	79	0.931194
9	82	0.974719
9	83	0.982721
9	92	0.937865
9	107	1.01763
9	147	1.16052
9	162	0.914637
9	175	2.28683
9	177	0.853147
10	14	0.880565
10	28	0.857273
10	78	0.905741
10	91	0.910265
10	93	0.848733
10	109	0.868437
10	111	0.906067
10	133	1.36984
10	150	1.87332
10	161	1.66989
10	162	0.810938
10	167	1.77015
10	170	0.813962
11	5	0.770694
11	34	0.903566
11	39	0.808931
11	79	0.747699
11	83	0.799226
11	92	0.75437
11	107	0.834135
11	151	1.87097
11	159	0.795598
11	162	0.731142
11	174	2.42107
11	177	0.669653
11	180	2.03975
12	21	0.729572
12	35	0.786871
12	38	0.899941
12	47	0.759368
12	48	0.754253
12	49	1.77417
12	52	0.820527
12	54	0.82278
12	98	0.799964
12	113	1.93311
12	156	0.73015
12	160	0.74336
12	170	2.44382
13	1	0.894591
13	2	0.791241
13	25	0.847749
13	41	0.810502
13	53	1.59478
13	60	0.851483
13	62	0.851551
13	69	0.998981
13	128	1.9197
13	137	0.87743
13	146	1.50157
13	147	1.61175
13	165	0.877069
14	10	0.880565
14	78	0.89609
14	89	0.848085
14	91	0.900614
14	93	0.839082
14	106	2.06961
14	109	0.858786
14	111	0.896416
14	156	1.87937
14	158	1.52891
14	159	0.865743
14	161	1.25093
14	170	0.804312
15	30	0.841199
15	83	0.821638
15	87	1.07964
15	121	0.932076
15	132	0.925924
15	144	0.910292
15	169	0.893362
15	172	0.874009
15	173	0.863685
15	174	0.844201
15	175	0.828001
15	178	0.840042
15	179	0.812685
16	44	0.931965
16	65	0.927054
16	72	0.825429
16	73	0.895394
16	77	0.895319
16	85	0.871279
16	87	0.871302
16	104	1.00633
16	156	1.72124
16	167	0.851838
16	177	0.751751
16	179	2.42643
16	180	1.60353
17	6	0.956293
17	24	0.890957
17	42	0.859796
17	46	0.858399
17	64	1.25438
17	106	0.823293
17	137	0.914202
17	141	1.5289
17	150	0.860721
17	157	1.84888
17	160	0.844784
17	173	2.06798
17	180	0.824187
18	9	1.42228
18	83	1.4955
18	116	0.839484
18	129	1.52223
18	143	0.851562
18	158	0.802369
18	166	0.788531
18	168	0.823585
18	173	0.764427
18	174	0.744943
18	175	0.728743
18	178	0.740784
18	179	0.713426
19	117	0.880585
19	125	0.901839
19	131	0.859052
19	132	0.8687
19	136	0.891372
19	139	0.875244
19	140	0.896665
19	161	0.967147
19	170	0.822896
19	175	2.10902
19	176	1.76889
19	178	1.83428
19	180	0.812499
20	4	0.823
20	74	0.912258
20	75	0.841503
20	88	0.856772
20	96	0.849164
20	99	0.911801
20	103	0.894369
20	106	1.81308
20	108	0.871725
20	110	0.874036
20	124	1.51106
20	163	1.59333
20	171	1.85549
21	12	0.729572
21	35	0.787833
21	38	0.900903
21	47	0.76033
21	48	0.755215
21	51	0.803059
21	52	0.821489
21	54	0.823741
21	145	1.8773
21	156	0.731112
21	157	2.00625
21	160	0.744321
21	171	2.47927
22	5	1.47584
22	92	0.812632
22	109	1.0864
22	117	1.1404
22	153	0.82568
22	164	0.860907
22	168	0.899613
22	169	0.870132
22	172	0.850778
22	173	0.840454
22	175	0.80477
22	176	0.823351
22	178	0.816811
22	179	0.789454
23	1	0.871853
23	2	0.768503
23	25	0.825011
23	30	0.81054
23	41	0.787764
23	60	0.828745
23	62	0.828813
23	66	1.56166
23	69	0.976243
23	137	0.854692
23	141	1.31853
23	156	1.87889
23	165	0.854331
23	175	2.39232
24	6	0.915791
24	17	0.890957
24	42	0.819295
24	46	0.817898
24	64	1.60475
24	106	0.782792
24	113	1.62556
24	133	0.914156
24	137	0.8737
24	150	0.82022
24	160	0.804282
24	161	1.81118
24	168	1.94111
24	180	0.783685
25	2	0.781076
25	13	0.847749
25	23	0.825011
25	30	0.823113
25	41	0.800336
25	60	0.841318
25	62	0.841386
25	69	0.988816
25	124	0.792401
25	147	1.45452
25	165	0.866904
25	167	1.53922
25	169	1.85115
25	176	2.2407
26	61	0.853159
26	70	0.828171
26	78	0.87994
26	89	0.831935
26	91	0.884464
26	93	0.822932
26	109	0.842636
26	111	0.880266
26	141	1.18309
26	162	0.785137
26	164	1.63868
26	170	0.788162
26	176	1.91674
26	177	2.39745
27	94	1.19044
27	112	1.49456
27	117	0.857573
27	120	0.850325
27	123	0.899595
27	129	0.874399
27	132	0.845689
27	138	0.836191
27	139	0.852233
27	142	0.859725
27	152	1.60168
27	171	0.762666
27	179	2.78483
27	180	0.789488
28	10	0.857273
28	61	0.846017
28	64	1.5706
28	70	0.821029
28	78	0.872798
28	89	0.824792
28	91	0.877322
28	93	0.81579
28	104	1.69057
28	109	0.835494
28	111	0.873123
28	155	1.89427
28	162	0.777995
28	168	1.90696
29	59	1.78588
29	74	0.882209
29	75	0.811454
29	80	0.876551
29	88	0.826724
29	96	0.819115
29	99	0.881753
29	103	0.864321
29	108	0.841676
29	110	0.843988
29	122	1.51721
29	147	1.70089
29	157	0.790905
29	170	2.01042
30	1	0.869954
30	15	0.841199
30	23	0.81054
30	25	0.823113
30	41	0.785865
30	60	0.826847
30	62	0.826915
30	69	0.974345
30	124	0.77793
30	137	0.852794
30	157	1.6258
30	165	0.852433
30	166	1.75494
30	177	2.52018
31	61	0.847062
31	70	0.822073
31	78	0.873842
31	89	0.825837
31	91	0.878366
31	93	0.816834
31	109	0.836538
31	111	0.874168
31	155	1.33251
31	159	0.843496
31	160	1.5553
31	170	0.782064
31	177	2.49772
31	180	1.72601
32	67	0.931468
32	71	0.929818
32	81	0.958758
32	84	0.963375
32	86	0.948082
32	90	0.935486
32	100	0.955429
32	105	0.939282
32	115	1.54802
32	160	1.45586
32	166	1.63305
32	167	1.2161
32	171	0.86243
32	180	1.62658
33	55	0.980017
33	67	0.925898
33	71	0.924247
33	86	0.942512
33	90	0.929916
33	100	0.949859
33	105	0.933712
33	133	0.989715
33	141	1.35786
33	154	1.92477
33	165	0.973336
33	168	1.4197
33	171	0.85686
33	180	1.80051
34	11	0.903566
34	36	0.946965
34	56	1.74084
34	79	0.920641
34	82	0.964166
34	92	0.927313
34	107	1.00708
34	121	1.2303
34	141	0.997831
34	161	1.03804
34	162	0.904084
34	169	1.45023
34	177	0.842595
34	178	1.90518
35	12	0.786871
35	21	0.787833
35	47	0.817629
35	48	0.812514
35	51	0.860358
35	52	0.878789
35	54	0.881041
35	94	0.916486
35	101	1.81313
35	102	1.20407
35	118	0.887633
35	160	0.801621
35	170	1.7383
35	171	2.27429
36	34	0.946965
36	37	0.937254
36	39	0.85233
36	79	0.791097
36	82	0.834623
36	83	0.842625
36	92	0.797769
36	101	1.77744
36	107	0.877533
36	146	1.28289
36	151	1.71946
36	159	0.838997
36	177	0.713051
36	178	2.24464
37	36	0.937254
37	79	0.91093
37	83	0.962458
37	92	0.917602
37	94	0.988931
37	107	0.997366
37	124	1.76635
37	141	0.98812
37	152	1.40017
37	159	0.95883
37	162	0.894374
37	170	1.57478
37	177	0.832884
37	180	1.76042
38	12	0.899941
38	21	0.900903
38	47	0.930699
38	48	0.925584
38	51	0.973428
38	52	0.991859
38	54	0.994111
38	141	0.976596
38	156	0.901482
38	160	0.914691
38	170	1.2336
38	171	1.76959
38	174	1.80056
38	176	1.71025
39	11	0.808931
39	36	0.85233
39	57	1.10257
39	79	0.826006
39	82	0.869531
39	83	0.877534
39	92	0.832678
39	107	0.912442
39	149	1.46257
39	159	0.873905
39	162	0.809449
39	175	2.38602
39	177	0.74796
39	178	2.11128
40	52	0.905052
40	80	1.16835
40	138	1.23221
40	149	0.899972
40	152	0.901722
40	154	0.835122
40	165	0.840899
40	166	0.852374
40	169	0.857947
40	172	0.838594
40	173	0.82827
40	175	0.792586
40	178	0.804627
40	179	0.777269
41	1	0.847178
41	2	0.743829
41	13	0.810502
41	23	0.787764
41	25	0.800336
41	30	0.785865
41	60	0.804071
41	62	0.804139
41	69	0.951569
41	137	0.830017
41	144	1.78594
41	152	1.56932
41	165	0.829657
41	171	2.27993
41	180	1.92958
42	6	0.88463
42	17	0.859796
42	24	0.819295
42	46	0.786737
42	63	0.862373
42	66	1.95539
42	106	0.751631
42	116	1.67761
42	133	0.882996
42	137	0.84254
42	150	0.789059
42	160	0.773122
42	162	2.04284
42	168	1.7741
42	180	0.752525
43	58	0.904984
43	65	0.961987
43	68	0.957877
43	72	0.860361
43	73	0.930327
43	77	0.930251
43	85	0.906211
43	87	0.906235
43	135	1.45682
43	147	1.28461
43	158	1.54702
43	166	1.78626
43	167	0.88677
43	172	1.74862
43	177	0.786683
44	16	0.931965
44	58	0.907196
44	68	0.960089
44	72	0.862573
44	73	0.932539
44	77	0.932464
44	85	0.908423
44	87	0.908447
44	116	1.20753
44	144	1.54119
44	154	1.80909
44	162	1.57276
44	166	1.6913
44	167	0.888983
44	177	0.788895
45	67	0.806472
45	71	0.804822
45	81	0.833762
45	84	0.838379
45	86	0.823086
45	90	0.81049
45	100	0.830433
45	105	0.814286
45	118	0.870865
45	122	1.58888
45	128	2.08052
45	146	1.66239
45	165	0.853911
45	170	2.0821
45	171	0.737434
46	6	0.883234
46	17	0.858399
46	24	0.817898
46	42	0.786737
46	63	0.860976
46	106	0.750235
46	115	1.85209
46	128	1.74342
46	133	0.881599
46	137	0.841143
46	150	0.787663
46	155	1.53715
46	160	0.771725
46	178	2.28705
46	180	0.751128
47	12	0.759368
47	21	0.76033
47	35	0.817629
47	38	0.930699
47	48	0.78501
47	51	0.832855
47	52	0.851285
47	54	0.853537
47	94	0.888982
47	126	2.36641
47	133	1.31789
47	156	0.760908
47	160	0.774117
47	167	1.7182
47	180	2.12868
48	12	0.754253
48	21	0.755215
48	35	0.812514
48	38	0.925584
48	47	0.78501
48	52	0.84617
48	54	0.848422
48	94	0.883867
48	115	1.76216
48	116	1.36342
48	118	0.855014
48	156	0.755793
48	160	0.769002
48	166	1.8472
48	175	2.47186
49	12	1.77417
49	51	1.15114
49	71	0.83053
49	84	0.864088
49	88	0.836433
49	103	0.87403
49	105	0.839995
49	110	0.853697
49	125	0.957544
49	140	1.06353
49	165	0.879619
49	174	0.765798
49	176	0.768179
49	178	0.761639
49	179	0.734282
50	97	1.41817
50	102	1.02445
50	125	0.918045
50	129	0.913616
50	130	0.92084
50	131	0.875258
50	132	0.884906
50	133	0.959176
50	134	0.907209
50	136	0.907578
50	142	0.898942
50	160	1.5736
50	166	1.75079
50	176	2.03532
50	180	0.828705
51	21	0.803059
51	35	0.860358
51	38	0.973428
51	47	0.832855
51	49	1.15114
51	52	0.894014
51	54	0.896267
51	57	1.35412
51	94	0.931711
51	98	0.873451
51	118	0.902858
51	143	1.66419
51	149	1.71412
51	156	0.803637
51	160	0.816847
51	180	2.00643
52	12	0.820527
52	21	0.821489
52	35	0.878789
52	38	0.991859
52	40	0.905052
52	47	0.851285
52	48	0.84617
52	51	0.894014
52	54	0.914697
52	118	0.921289
52	154	1.83964
52	156	0.822068
52	160	0.835277
52	167	1.3049
52	171	2.06573
52	173	1.81181
53	13	1.59478
53	72	1.29129
53	107	1.20908
53	124	0.812153
53	130	1.1681
53	145	0.835797
53	146	0.911073
53	164	0.812773
53	166	0.816424
53	172	0.802644
53	173	0.79232
53	174	0.772836
53	175	0.756636
53	176	0.775216
53	178	0.768677
53	179	0.741319
54	12	0.82278
54	21	0.823741
54	35	0.881041
54	38	0.994111
54	47	0.853537
54	48	0.848422
54	51	0.896267
54	52	0.914697
54	98	0.894134
54	156	0.82432
54	157	1.4484
54	160	0.837529
54	168	1.19026
54	171	1.92142
54	175	2.20221
54	180	1.57107
55	33	0.980017
55	63	1.37706
55	67	0.855467
55	71	0.853816
55	81	0.882756
55	84	0.887374
55	86	0.872081
55	90	0.859485
55	100	0.879427
55	102	1.34933
55	105	0.863281
55	135	1.74624
55	152	1.70894
55	162	1.95713
55	165	0.902905
55	171	0.786429
56	34	1.74084
56	66	0.746149
56	122	0.884672
56	134	1.91968
56	136	2.03673
56	149	0.800312
56	151	0.770538
56	164	0.749063
56	172	0.738934
56	173	0.72861
56	174	0.709126
56	175	0.692926
56	176	0.711506
56	177	0.679175
56	178	0.704967
56	179	0.677609
57	39	1.10257
57	51	1.35412
57	120	1.00716
57	127	1.24996
57	144	0.887386
57	154	0.847632
57	155	0.901641
57	161	0.935297
57	165	0.998906
57	166	0.864884
57	172	0.851103
57	174	0.821295
57	175	0.805095
57	176	0.823676
57	178	0.817136
57	179	0.789779
57	180	0.845461
58	43	0.904984
58	44	0.907196
58	65	0.902285
58	66	1.78984
58	68	0.898176
58	72	0.80066
58	73	0.870625
58	77	0.87055
58	85	0.84651
58	87	0.846533
58	116	1.51206
58	141	1.5467
58	150	0.817634
58	160	1.81864
58	166	1.99583
58	167	0.827069
58	177	0.726982
59	29	1.78588
59	100	1.24114
59	128	0.81831
59	130	1.27006
59	136	1.43448
59	158	0.809368
59	161	0.865943
59	163	0.799652
59	166	0.79553
59	168	0.830585
59	172	0.78175
59	173	0.771426
59	174	0.751942
59	175	0.735742
59	176	0.754322
59	178	0.747783
59	179	0.720426
60	1	0.88816
60	2	0.78481
60	13	0.851483
60	23	0.828745
60	25	0.841318
60	30	0.826847
60	41	0.804071
60	62	0.84512
60	69	0.99255
60	124	0.796135
60	137	0.870999
60	147	1.26154
60	155	1.36322
60	162	1.64465
60	165	0.870638
60	166	1.76319
60	179	2.57961
61	26	0.853159
61	28	0.846017
61	31	0.847062
61	70	0.842716
61	89	0.84648
61	91	0.899009
61	93	0.837477
61	104	1.41888
61	109	0.857181
61	111	0.894811
61	112	1.54871
61	158	1.78333
61	159	0.864139
61	162	0.799682
61	169	1.91754
61	170	0.802707
61	172	1.98492
62	1	0.888228
62	2	0.784878
62	13	0.851551
62	23	0.828813
62	25	0.841386
62	30	0.826915
62	41	0.804139
62	60	0.84512
62	69	0.992618
62	95	1.23443
62	124	0.796203
62	137	0.871067
62	147	1.59672
62	150	1.78458
62	165	0.870706
62	170	1.90625
62	172	2.06072
63	9	0.963557
63	42	0.862373
63	46	0.860976
63	55	1.37706
63	88	0.873232
63	96	0.865624
63	99	0.928261
63	108	0.888184
63	127	1.21014
63	132	1.14106
63	139	1.01274
63	160	0.84736
63	168	0.88124
63	174	0.802597
63	178	0.798438
63	179	0.771081
63	180	0.826763
64	17	1.25438
64	24	1.60475
64	28	1.5706
64	78	1.06193
64	113	0.901492
64	123	0.974603
64	148	0.916236
64	149	0.886523
64	163	0.843047
64	164	0.835274
64	166	0.838925
64	172	0.825144
64	173	0.814821
64	174	0.795336
64	175	0.779137
64	176	0.797717
64	178	0.791177
64	179	0.76382
65	16	0.927054
65	43	0.961987
65	58	0.902285
65	68	0.955179
65	72	0.857663
65	73	0.927628
65	77	0.927553
65	85	0.903513
65	87	0.903536
65	112	1.39895
65	119	1.48174
65	122	1.18747
65	135	1.54337
65	150	0.874637
65	155	1.47283
65	167	0.884072
65	174	2.24765
65	177	0.783985
66	23	1.56166
66	42	1.95539
66	56	0.746149
66	58	1.78984
66	86	1.49103
66	91	0.836472
66	93	0.77494
66	109	0.794644
66	111	0.832273
66	123	0.83988
66	125	0.819112
66	134	0.808276
66	140	0.813939
66	151	0.767019
66	175	0.689406
66	176	0.707987
66	178	0.701447
66	179	0.67409
67	32	0.931468
67	33	0.925898
67	45	0.806472
67	55	0.855467
67	71	0.799697
67	81	0.828637
67	84	0.833254
67	86	0.817962
67	90	0.805365
67	100	0.825308
67	105	0.809162
67	133	1.27687
67	135	1.76471
67	158	1.85491
67	164	2.10061
67	165	0.848786
67	171	0.732309
67	180	2.08767
68	43	0.957877
68	44	0.960089
68	58	0.898176
68	65	0.955179
68	72	0.853553
68	73	0.923519
68	77	0.923443
68	85	0.899403
68	87	0.899426
68	104	1.28858
68	133	1.075
68	150	0.870527
68	156	2.00349
68	157	1.76312
68	158	1.65303
68	167	0.879962
68	170	1.70015
68	177	0.779875
69	1	1.03566
69	2	0.932308
69	8	1.83066
69	13	0.998981
69	23	0.976243
69	25	0.988816
69	30	0.974345
69	41	0.951569
69	60	0.99255
69	62	0.992618
69	106	1.62292
69	112	0.847606
69	122	0.63612
69	124	0.943633
69	150	1.00767
69	163	1.40317
69	165	1.01814
69	177	2.08669
70	26	0.828171
70	28	0.821029
70	31	0.822073
70	61	0.842716
70	78	0.869497
70	89	0.821492
70	91	0.874021
70	93	0.812489
70	102	1.21894
70	109	0.832193
70	111	0.869823
70	148	1.4662
70	153	2.51324
70	156	2.05652
70	157	1.81614
70	159	0.83915
70	162	0.774694
70	170	0.777718
71	32	0.929818
71	33	0.924247
71	45	0.804822
71	49	0.83053
71	55	0.853816
71	67	0.799697
71	81	0.826986
71	84	0.831604
71	90	0.803715
71	100	0.823657
71	105	0.807511
71	164	1.77491
71	165	0.847135
71	168	1.38115
71	170	1.57632
71	171	0.730659
71	179	2.58486
71	180	1.76196
72	16	0.825429
72	43	0.860361
72	44	0.862573
72	53	1.29129
72	58	0.80066
72	65	0.857663
72	68	0.853553
72	73	0.826003
72	77	0.825928
72	85	0.801887
72	87	0.801911
72	118	0.843085
72	150	0.773011
72	157	1.68077
72	164	1.81638
72	167	0.782446
72	169	1.70489
72	177	0.682359
72	179	2.62634
73	16	0.895394
73	43	0.930327
73	44	0.932539
73	58	0.870625
73	65	0.927628
73	68	0.923519
73	72	0.826003
73	77	0.895893
73	85	0.871853
73	87	0.871876
73	95	0.811781
73	101	1.55843
73	150	0.842977
73	156	1.78695
73	167	0.852412
73	168	1.28843
73	174	2.05056
73	175	2.30038
73	177	0.752325
74	4	0.831566
74	20	0.912258
74	29	0.882209
74	75	0.850069
74	80	0.915165
74	88	0.865338
74	96	0.85773
74	98	0.896071
74	99	0.920367
74	103	0.902935
74	108	0.880291
74	110	0.882602
74	112	1.32565
74	119	1.40843
74	121	1.47454
74	144	1.64939
74	148	1.32041
74	157	0.82952
74	179	2.61592
75	4	0.760811
75	20	0.841503
75	29	0.811454
75	74	0.850069
75	80	0.84441
75	88	0.794583
75	96	0.786975
75	98	0.825316
75	99	0.849612
75	103	0.83218
75	108	0.809536
75	110	0.811847
75	124	1.9376
75	137	0.83813
75	144	1.78804
75	157	0.758765
75	164	1.94462
75	166	1.93815
75	180	1.93167
76	3	0.883842
76	129	0.83898
76	130	0.846203
76	131	0.800621
76	134	0.832572
76	138	0.800772
76	139	0.816814
76	140	0.838235
76	142	0.824305
76	146	1.35535
76	151	1.79192
76	156	0.761456
76	159	0.825897
76	161	1.44997
76	165	0.843723
76	171	0.727247
76	175	2.59184
76	176	2.25171
76	180	0.754068
77	16	0.895319
77	43	0.930251
77	44	0.932464
77	58	0.87055
77	65	0.927553
77	68	0.923443
77	72	0.825928
77	73	0.895893
77	85	0.871777
77	87	0.871801
77	104	1.1087
77	143	1.36366
77	149	1.41359
77	150	0.842901
77	153	2.28033
77	167	0.852337
77	169	1.60736
77	177	0.75225
77	178	2.0623
78	10	0.905741
78	14	0.89609
78	26	0.87994
78	28	0.872798
78	31	0.873842
78	64	1.06193
78	70	0.869497
78	89	0.87326
78	93	0.864258
78	109	0.883962
78	111	0.921591
78	145	1.52747
78	148	1.30649
78	151	1.61031
78	159	0.890919
78	162	0.826463
78	167	1.36862
78	170	0.829487
78	179	2.60199
79	5	0.787769
79	9	0.931194
79	11	0.747699
79	34	0.920641
79	36	0.791097
79	37	0.91093
79	39	0.826006
79	82	0.808299
79	83	0.816301
79	92	0.771445
79	94	1.43786
79	107	0.85121
79	159	0.812673
79	160	2.03864
79	161	1.69861
79	162	0.748217
79	167	1.79888
79	176	2.50036
79	177	0.686727
80	4	0.825908
80	29	0.876551
80	40	1.16835
80	74	0.915165
80	75	0.84441
80	88	0.85968
80	95	0.938234
80	96	0.852071
80	99	0.914709
80	103	0.897277
80	108	0.874632
80	110	0.876944
80	113	1.28231
80	137	0.903226
80	141	1.53603
80	155	1.58518
80	157	0.823861
80	161	1.46794
80	178	2.33507
81	32	0.958758
81	45	0.833762
81	55	0.882756
81	67	0.828637
81	71	0.826986
81	84	0.860544
81	86	0.845251
81	90	0.832655
81	94	0.921882
81	100	0.852597
81	105	0.836451
81	112	0.878545
81	124	1.97748
81	147	1.47639
81	148	1.49895
81	152	1.61131
81	165	0.876075
81	169	1.87301
81	170	1.78592
81	171	0.759599
82	5	0.831294
82	9	0.974719
82	34	0.964166
82	36	0.834623
82	39	0.869531
82	79	0.808299
82	83	0.859826
82	92	0.81497
82	107	0.894735
82	112	0.876494
82	141	0.885488
82	144	1.71695
82	158	1.62782
82	159	0.856198
82	160	1.68987
82	162	0.791742
82	167	1.4501
82	173	1.95701
82	177	0.730253
82	180	1.86058
83	5	0.839297
83	9	0.982721
83	11	0.799226
83	15	0.821638
83	18	1.4955
83	36	0.842625
83	37	0.962458
83	39	0.877534
83	79	0.816301
83	82	0.859826
83	92	0.822973
83	107	0.902737
83	112	0.884497
83	159	0.864201
83	162	0.799744
83	169	1.63036
83	173	1.82534
83	176	2.01991
83	177	0.738255
83	180	1.7289
84	32	0.963375
84	45	0.838379
84	49	0.864088
84	55	0.887374
84	67	0.833254
84	71	0.831604
84	81	0.860544
84	86	0.849869
84	90	0.837272
84	100	0.857215
84	101	1.82935
84	105	0.841069
84	118	0.897647
84	122	1.2613
84	146	1.3348
84	149	1.64784
84	165	0.880693
84	170	1.75451
84	171	0.764216
84	174	2.32148
85	16	0.871279
85	43	0.906211
85	44	0.908423
85	58	0.84651
85	65	0.903513
85	68	0.899403
85	72	0.801887
85	73	0.871853
85	77	0.871777
85	87	0.847761
85	118	0.888935
85	141	1.52199
85	150	0.818861
85	156	2.08234
85	157	1.84196
85	160	1.79392
85	161	1.4539
85	167	0.828296
85	168	1.58382
85	177	0.728209
86	32	0.948082
86	33	0.942512
86	45	0.823086
86	55	0.872081
86	66	1.49103
86	67	0.817962
86	81	0.845251
86	84	0.849869
86	90	0.821979
86	94	0.911207
86	100	0.841922
86	105	0.825776
86	118	0.882354
86	143	1.34831
86	144	1.54691
86	163	1.77874
86	165	0.8654
86	167	1.28007
86	171	0.748924
86	177	2.46225
87	15	1.07964
87	16	0.871302
87	43	0.906235
87	44	0.908447
87	58	0.846533
87	65	0.903536
87	68	0.899426
87	72	0.801911
87	73	0.871876
87	77	0.871801
87	85	0.847761
87	118	0.888958
87	133	1.17611
87	148	1.5143
87	150	0.818884
87	157	1.86423
87	164	1.99985
87	167	0.82832
87	176	2.27791
87	177	0.728233
88	20	0.856772
88	29	0.826724
88	49	0.836433
88	63	0.873232
88	74	0.865338
88	75	0.794583
88	80	0.85968
88	95	0.888407
88	96	0.802244
88	99	0.864882
88	103	0.84745
88	106	2.09063
88	108	0.824805
88	110	0.827117
88	122	1.10383
88	137	0.853399
88	156	1.90039
88	157	0.774034
88	172	1.75152
88	176	2.07369
88	180	1.78269
89	14	0.848085
89	26	0.831935
89	28	0.824792
89	31	0.825837
89	61	0.84648
89	70	0.821492
89	78	0.87326
89	91	0.877785
89	93	0.816252
89	95	0.896109
89	97	1.66268
89	109	0.835956
89	111	0.873586
89	113	1.29247
89	124	1.99475
89	145	1.7372
89	159	0.842914
89	162	0.778457
89	164	2.00177
89	169	1.89028
89	170	0.781482
90	32	0.935486
90	33	0.929916
90	45	0.81049
90	55	0.859485
90	67	0.805365
90	71	0.803715
90	81	0.832655
90	84	0.837272
90	86	0.821979
90	100	0.829326
90	105	0.81318
90	112	0.855274
90	118	0.869758
90	148	1.38137
90	150	1.54667
90	157	1.73131
90	160	1.68327
90	165	0.852804
90	171	0.736327
90	175	2.48512
90	180	1.85398
91	10	0.910265
91	14	0.900614
91	26	0.884464
91	28	0.877322
91	31	0.878366
91	61	0.899009
91	66	0.836472
91	70	0.874021
91	89	0.877785
91	93	0.868782
91	94	1.02348
91	109	0.888486
91	111	0.926116
91	149	1.50266
91	159	0.895443
91	160	1.62426
91	162	0.830987
91	163	1.88316
91	167	1.3845
91	170	0.834012
91	171	2.14532
91	173	1.8914
92	5	0.794441
92	8	2.2115
92	9	0.937865
92	11	0.75437
92	22	0.812632
92	34	0.927313
92	36	0.797769
92	37	0.917602
92	39	0.832678
92	79	0.771445
92	82	0.81497
92	83	0.822973
92	106	2.00376
92	107	0.857881
92	112	0.83964
92	141	0.848635
92	157	1.57315
92	159	0.819345
92	162	0.754888
92	172	1.66465
92	177	0.693399
92	178	2.05222
93	10	0.848733
93	14	0.839082
93	26	0.822932
93	28	0.81579
93	31	0.816834
93	61	0.837477
93	66	0.77494
93	70	0.812489
93	78	0.864258
93	89	0.816252
93	91	0.868782
93	109	0.826954
93	111	0.864583
93	121	2.03456
93	122	1.67417
93	133	1.54224
93	159	0.833911
93	161	1.8423
93	162	0.769455
93	167	1.94256
93	168	1.97222
93	170	0.772479
94	27	1.19044
94	35	0.916486
94	37	0.988931
94	47	0.888982
94	48	0.883867
94	51	0.931711
94	79	1.43786
94	81	0.921882
94	86	0.911207
94	91	1.02348
94	100	0.918554
94	103	0.877072
94	105	0.902407
94	117	1.25209
94	159	0.937124
94	160	0.872974
94	168	0.906853
94	171	0.825555
94	172	0.858019
94	176	0.830591
94	178	0.824052
94	179	0.796694
95	62	1.23443
95	73	0.811781
95	80	0.938234
95	88	0.888407
95	89	0.896109
95	96	0.880799
95	108	0.90336
95	109	0.90681
95	110	0.905671
95	111	0.94444
95	118	1.03186
95	125	0.955375
95	132	0.97573
95	140	1.06136
95	142	0.953739
95	159	0.913767
95	168	0.896415
95	170	0.852335
95	176	0.820153
95	178	0.813613
95	179	0.786256
95	180	0.841939
96	4	0.768472
96	20	0.849164
96	29	0.819115
96	63	0.865624
96	74	0.85773
96	75	0.786975
96	80	0.852071
96	88	0.802244
96	95	0.880799
96	99	0.857273
96	101	0.770899
96	103	0.839841
96	108	0.817197
96	110	0.819508
96	114	1.81403
96	137	0.845791
96	150	1.66952
96	157	0.766426
96	167	1.56635
96	168	1.59601
96	171	2.32718
96	173	2.07326
97	50	1.41817
97	89	1.66268
97	114	0.804229
97	115	0.804987
97	123	1.36562
97	142	1.48505
97	147	0.854583
97	149	0.837668
97	158	0.803907
97	159	1.38247
97	161	0.860482
97	166	0.790069
97	168	0.825124
97	169	0.795642
97	173	0.765965
97	174	0.746481
97	175	0.730281
97	176	0.748861
97	178	0.742322
97	179	0.714965
97	180	0.770647
98	12	0.799964
98	51	0.873451
98	54	0.894134
98	74	0.896071
98	75	0.825316
98	103	0.878182
98	108	0.855538
98	110	0.857849
98	117	1.3093
98	134	1.01333
98	136	1.13038
98	140	1.20453
98	142	1.09691
98	149	0.861137
98	156	0.801504
98	160	0.814714
98	165	0.936936
98	172	0.799758
98	175	0.753751
98	176	0.772331
98	178	0.765791
98	179	0.738434
99	4	0.83111
99	20	0.911801
99	29	0.881753
99	63	0.928261
99	74	0.920367
99	75	0.849612
99	80	0.914709
99	88	0.864882
99	96	0.857273
99	101	0.833537
99	103	0.902479
99	108	0.879834
99	110	0.882146
99	126	1.7936
99	137	0.908428
99	149	1.26355
99	153	2.13029
99	157	0.829063
99	168	1.17505
99	171	1.90622
99	172	1.5247
99	173	1.6523
100	32	0.955429
100	33	0.949859
100	45	0.830433
100	55	0.879427
100	59	1.24114
100	67	0.825308
100	71	0.823657
100	81	0.852597
100	84	0.857215
100	86	0.841922
100	90	0.829326
100	94	0.918554
100	105	0.833122
100	112	0.875216
100	118	0.889701
100	119	1.26673
100	128	1.4641
100	154	1.77559
100	160	1.48062
100	163	1.73952
100	165	0.872746
100	171	0.75627
100	177	2.42303
101	35	1.81313
101	36	1.77744
101	73	1.55843
101	84	1.82935
101	96	0.770899
101	99	0.833537
101	103	0.816104
101	108	0.79346
101	109	1.85878
101	110	0.795771
101	130	0.824174
101	134	0.810543
101	136	0.810912
101	138	0.778742
101	142	0.802276
101	145	0.770835
101	153	0.712582
101	169	0.757034
101	175	0.691673
101	176	0.710253
101	178	0.703714
101	179	0.676357
101	180	0.732039
102	35	1.20407
102	50	1.02445
102	55	1.34933
102	70	1.21894
102	113	0.92839
102	114	0.879983
102	117	1.30372
102	132	1.11332
102	152	0.915171
102	155	0.90258
102	158	0.87966
102	161	0.936236
102	163	0.869945
102	165	0.931358
102	169	0.871396
102	172	0.852042
102	173	0.841719
102	174	0.822234
102	175	0.806034
102	176	0.824615
102	178	0.818075
102	179	0.790718
102	180	0.8464
103	4	0.813677
103	20	0.894369
103	29	0.864321
103	49	0.87403
103	74	0.902935
103	75	0.83218
103	80	0.897277
103	88	0.84745
103	94	0.877072
103	96	0.839841
103	98	0.878182
103	99	0.902479
103	101	0.816104
103	108	0.862402
103	110	0.864713
103	122	0.969705
103	126	1.8863
103	137	0.890996
103	155	1.25507
103	156	1.76627
103	157	0.811631
103	175	2.2797
103	177	2.42027
104	16	1.00633
104	28	1.69057
104	61	1.41888
104	68	1.28858
104	77	1.1087
104	111	1.00963
104	118	1.29212
104	144	0.875628
104	145	0.872499
104	148	0.930436
104	151	0.870949
104	158	0.866963
104	161	0.923538
104	163	0.857247
104	168	0.88818
104	169	0.858698
104	173	0.829021
104	174	0.809537
104	175	0.793337
104	176	0.811917
104	177	0.779586
104	178	0.805378
104	179	0.778021
104	180	0.833703
105	32	0.939282
105	33	0.933712
105	45	0.814286
105	49	0.839995
105	55	0.863281
105	67	0.809162
105	71	0.807511
105	81	0.836451
105	84	0.841069
105	86	0.825776
105	90	0.81318
105	94	0.902407
105	100	0.833122
105	112	0.85907
105	118	0.873554
105	122	1.26132
105	135	1.61722
105	145	1.68856
105	158	1.70742
105	165	0.8566
105	170	1.75454
105	171	0.740124
105	172	1.90902
105	176	2.23119
106	14	2.06961
106	17	0.823293
106	20	1.81308
106	24	0.782792
106	42	0.751631
106	46	0.750235
106	69	1.62292
106	88	2.09063
106	92	2.00376
106	114	0.749604
106	115	0.750361
106	123	0.826129
106	125	0.805362
106	130	0.808157
106	136	0.794895
106	139	0.778767
106	151	0.753268
106	160	0.736619
106	161	0.805857
106	166	0.735444
106	174	0.691856
106	176	0.694236
106	179	0.660339
106	180	0.716022
107	5	0.874205
107	9	1.01763
107	11	0.834135
107	34	1.00708
107	36	0.877533
107	37	0.997366
107	39	0.912442
107	53	1.20908
107	79	0.85121
107	82	0.894735
107	83	0.902737
107	92	0.857881
107	112	0.919405
107	114	1.55844
107	133	0.910444
107	141	0.928399
107	159	0.899109
107	162	0.834653
107	163	1.80942
107	168	1.34042
107	170	1.53559
107	173	1.81767
107	176	2.01224
107	177	0.773163
108	4	0.791033
108	20	0.871725
108	29	0.841676
108	63	0.888184
108	74	0.880291
108	75	0.809536
108	80	0.874632
108	88	0.824805
108	95	0.90336
108	96	0.817197
108	98	0.855538
108	99	0.879834
108	101	0.79346
108	103	0.862402
108	110	0.842069
108	137	0.868352
108	151	1.71888
108	157	0.788987
108	158	1.65491
108	162	1.7756
108	164	1.90061
108	167	1.47719
108	168	1.50685
108	176	2.17867
109	10	0.868437
109	14	0.858786
109	22	1.0864
109	26	0.842636
109	28	0.835494
109	31	0.836538
109	61	0.857181
109	66	0.794644
109	70	0.832193
109	78	0.883962
109	89	0.835956
109	91	0.888486
109	93	0.826954
109	95	0.90681
109	101	1.85878
109	111	0.884287
109	133	1.1588
109	148	1.49698
109	159	0.853615
109	161	1.45885
109	162	0.789159
109	170	0.792183
109	173	2.06602
109	178	2.32599
110	4	0.793344
110	20	0.874036
110	29	0.843988
110	49	0.853697
110	74	0.882602
110	75	0.811847
110	80	0.876944
110	88	0.827117
110	95	0.905671
110	96	0.819508
110	98	0.857849
110	99	0.882146
110	101	0.795771
110	103	0.864713
110	108	0.842069
110	114	1.65106
110	115	1.7353
110	119	1.42926
110	137	0.870663
110	141	1.37121
110	153	2.38828
110	157	0.791298
110	167	1.40338
110	174	2.19518
111	10	0.906067
111	14	0.896416
111	26	0.880266
111	28	0.873123
111	31	0.874168
111	61	0.894811
111	66	0.832273
111	70	0.869823
111	78	0.921591
111	89	0.873586
111	91	0.926116
111	93	0.864583
111	95	0.94444
111	104	1.00963
111	109	0.884287
111	124	1.61276
111	144	1.4632
111	153	2.18126
111	156	1.72454
111	159	0.891245
111	162	0.826788
111	167	1.19636
111	170	0.829813
111	171	1.95719
111	172	1.57567
112	27	1.49456
112	61	1.54871
112	65	1.39895
112	69	0.847606
112	74	1.32565
112	81	0.878545
112	82	0.876494
112	83	0.884497
112	90	0.855274
112	92	0.83964
112	100	0.875216
112	105	0.85907
112	107	0.919405
112	125	1.34546
112	142	1.34383
112	159	0.880868
112	165	0.898694
112	171	0.782218
112	173	0.804358
112	174	0.784874
112	175	0.768674
112	176	0.787254
112	177	0.754923
112	178	0.780714
112	179	0.753357
113	12	1.93311
113	24	1.62556
113	64	0.901492
113	80	1.28231
113	89	1.29247
113	102	0.92839
113	125	1.11648
113	132	1.13683
113	152	0.867675
113	155	0.855084
113	157	0.809555
113	158	0.832164
113	160	0.819501
113	161	0.88874
113	163	0.822449
113	165	0.954866
113	167	0.844875
113	169	0.8239
113	172	0.804546
113	173	0.794223
113	174	0.774738
113	175	0.758538
113	176	0.777119
113	177	0.744788
113	178	0.770579
113	179	0.743222
114	96	1.81403
114	97	0.804229
114	102	0.879983
114	106	0.749604
114	107	1.55844
114	110	1.65106
114	119	0.830237
114	120	1.49667
114	123	1.52897
114	132	1.67039
114	135	0.813297
114	145	0.789293
114	151	0.787744
114	153	0.731041
114	155	0.806677
114	157	0.761148
114	158	0.783757
114	164	0.766269
114	166	0.76992
114	168	0.804974
114	169	0.775493
114	173	0.745816
114	174	0.726331
114	175	0.710132
114	176	0.728712
114	178	0.722172
114	179	0.694815
115	32	1.54802
115	46	1.85209
115	48	1.76216
115	97	0.804987
115	106	0.750361
115	110	1.7353
115	130	1.60169
115	144	0.793179
115	148	0.847988
115	151	0.788501
115	152	0.820025
115	154	0.753425
115	155	0.807434
115	161	0.84109
115	164	0.767026
115	165	1.57266
115	166	0.770677
115	168	0.805731
115	169	0.77625
115	170	0.761652
115	171	0.724433
115	172	0.756896
115	173	0.746573
115	175	0.710889
115	176	0.729469
115	178	0.722929
115	179	0.695572
116	18	0.839484
116	42	1.67761
116	44	1.20753
116	48	1.36342
116	58	1.51206
116	121	0.850999
116	135	0.85009
116	136	1.36738
116	140	1.44152
116	143	0.869743
116	145	0.826086
116	151	0.824536
116	154	0.78946
116	155	0.843469
116	158	0.82055
116	161	0.877125
116	164	0.803061
116	165	1.17393
116	168	0.841766
116	169	0.812285
116	172	0.792932
116	173	0.782608
116	174	0.763124
116	175	0.746924
116	176	0.765504
116	178	0.758965
116	179	0.731608
117	19	0.880585
117	22	1.1404
117	27	0.857573
117	94	1.25209
117	98	1.3093
117	102	1.30372
117	120	0.845838
117	123	0.895108
117	125	0.87434
117	127	0.868096
117	130	0.877136
117	131	0.831554
117	132	0.841202
117	134	0.863504
117	135	1.70062
117	136	0.863874
117	139	0.847746
117	140	0.869167
117	141	0.88612
117	142	0.855238
117	146	1.41823
117	150	1.71628
117	159	0.85683
117	165	0.874655
117	171	0.758179
117	178	2.37998
117	180	0.785001
118	35	0.887633
118	45	0.870865
118	48	0.855014
118	51	0.902858
118	52	0.921289
118	72	0.843085
118	84	0.897647
118	85	0.888935
118	86	0.882354
118	87	0.888958
118	90	0.869758
118	95	1.03186
118	100	0.889701
118	104	1.29212
118	105	0.873554
118	135	1.56636
118	146	1.28397
118	152	1.52907
118	156	0.830911
118	158	1.65657
118	160	0.844121
118	167	0.869494
118	170	1.70368
118	171	0.796702
118	175	2.52046
118	177	0.769407
119	3	1.52891
119	65	1.48174
119	74	1.40843
119	100	1.26673
119	110	1.42926
119	114	0.830237
119	121	0.860364
119	122	0.948035
119	127	1.51769
119	136	1.46008
119	151	0.833901
119	155	0.852834
119	156	0.804042
119	158	0.829915
119	163	0.820199
119	164	0.812426
119	166	0.816077
119	169	0.82165
119	172	0.802296
119	173	0.791973
119	174	0.772489
119	175	0.756289
119	176	0.774869
119	177	0.742538
119	178	0.76833
119	179	0.740972
119	180	0.796655
120	27	0.850325
120	57	1.00716
120	114	1.49667
120	117	0.845838
120	121	1.341
120	123	0.88786
120	125	0.867093
120	127	0.860848
120	129	0.862664
120	130	0.869888
120	131	0.824306
120	132	0.833954
120	134	0.856256
120	138	0.824456
120	139	0.840498
120	140	0.861919
120	141	0.878872
120	142	0.84799
120	154	1.78373
120	157	0.788403
120	159	0.849582
120	167	0.823723
120	168	1.27866
120	170	0.78815
120	171	0.750931
120	174	2.04079
120	177	2.43118
120	178	2.01587
121	1	1.25566
121	15	0.932076
121	34	1.2303
121	74	1.47454
121	93	2.03456
121	116	0.850999
121	119	0.860364
121	120	1.341
121	123	1.37329
121	130	1.36177
121	145	0.81942
121	147	0.86456
121	150	0.817159
121	155	0.836803
121	158	0.813884
121	161	0.870459
121	163	0.804168
121	166	0.800046
121	168	0.8351
121	169	0.805619
121	171	0.753802
121	173	0.775942
121	174	0.756458
121	175	0.740258
121	176	0.758838
121	178	0.752299
121	179	0.724942
122	29	1.51721
122	45	1.58888
122	56	0.884672
122	65	1.18747
122	69	0.63612
122	84	1.2613
122	88	1.10383
122	93	1.67417
122	103	0.969705
122	105	1.26132
122	119	0.948035
122	144	0.91022
122	145	0.907091
122	147	0.952231
122	152	0.937065
122	153	0.848838
122	154	0.870465
122	155	0.924475
122	157	0.878945
122	168	0.922772
122	169	0.89329
122	172	0.873937
122	173	0.863613
122	174	0.844129
122	175	0.827929
122	176	0.846509
122	178	0.83997
122	179	0.812613
123	27	0.899595
123	64	0.974603
123	66	0.83988
123	97	1.36562
123	106	0.826129
123	114	1.52897
123	117	0.895108
123	120	0.88786
123	121	1.37329
123	125	0.916363
123	127	0.910118
123	128	1.50455
123	129	0.911934
123	130	0.919158
123	131	0.873576
123	134	0.905526
123	136	0.905896
123	138	0.873726
123	139	0.889768
123	140	0.911189
123	142	0.89726
123	151	1.52299
123	157	0.837673
123	161	1.18103
123	167	0.872993
123	169	1.59322
123	170	0.83742
123	176	1.98278
124	20	1.51106
124	25	0.792401
124	30	0.77793
124	37	1.76635
124	53	0.812153
124	60	0.796135
124	62	0.796203
124	69	0.943633
124	75	1.9376
124	81	1.97748
124	89	1.99475
124	111	1.61276
124	127	0.815162
124	132	0.788268
124	142	0.802303
124	152	0.800837
124	153	0.71261
124	154	0.734237
124	156	0.739454
124	163	0.755611
124	165	0.821721
124	167	0.778037
124	170	0.742463
124	174	0.7079
124	175	0.691701
124	178	0.703741
124	179	0.676384
125	7	0.924419
125	19	0.901839
125	49	0.957544
125	50	0.918045
125	66	0.819112
125	95	0.955375
125	106	0.805362
125	112	1.34546
125	113	1.11648
125	117	0.87434
125	120	0.867093
125	123	0.916363
125	131	0.852808
125	132	0.862456
125	134	0.884759
125	136	0.885128
125	138	0.852958
125	139	0.869
125	140	0.890421
125	141	0.907374
125	142	0.876492
125	146	1.20748
125	149	1.52052
125	154	1.9371
125	165	0.895909
125	171	0.779433
125	174	2.19416
125	178	2.16923
125	180	0.806255
126	47	2.36641
126	99	1.7936
126	103	1.8863
126	128	0.752126
126	132	2.07092
126	137	1.93819
126	141	0.811043
126	143	0.792377
126	145	0.748719
126	146	0.823995
126	148	0.806657
126	149	0.776944
126	153	0.690467
126	158	0.743184
126	161	0.799759
126	163	0.733468
126	164	0.725695
126	168	0.7644
126	169	0.734919
126	171	0.683102
126	172	0.715565
126	173	0.705242
126	174	0.685758
126	175	0.669558
126	176	0.688138
126	178	0.681599
126	179	0.654241
127	57	1.24996
127	63	1.21014
127	117	0.868096
127	119	1.51769
127	120	0.860848
127	123	0.910118
127	124	0.815162
127	129	0.884922
127	130	0.892145
127	131	0.846563
127	132	0.856211
127	133	0.930481
127	134	0.878514
127	138	0.846714
127	139	0.862756
127	140	0.884177
127	141	0.901129
127	142	0.870247
127	143	1.56004
127	145	1.65066
127	151	1.73349
127	156	0.807398
127	157	0.810661
127	159	0.871839
127	161	1.39154
127	166	1.90876
127	170	0.810407
127	171	0.773189
127	173	1.99871
127	180	0.80001
128	1	1.38691
128	13	1.9197
128	45	2.08052
128	46	1.74342
128	59	0.81831
128	100	1.4641
128	123	1.50455
128	126	0.752126
128	134	1.54039
128	135	0.821917
128	145	0.797913
128	146	0.873188
128	147	0.843053
128	152	0.827888
128	153	0.739661
128	155	0.815297
128	161	0.848953
128	162	0.76649
128	163	0.782662
128	164	0.774888
128	166	0.77854
128	168	0.813594
128	169	0.784113
128	172	0.764759
128	173	0.754435
128	174	0.734951
128	175	0.718751
128	176	0.737332
128	178	0.730792
128	179	0.703435
129	18	1.52223
129	27	0.874399
129	50	0.913616
129	76	0.83898
129	120	0.862664
129	123	0.911934
129	127	0.884922
129	130	0.893961
129	131	0.848379
129	132	0.858027
129	134	0.88033
129	136	0.8807
129	138	0.84853
129	139	0.864572
129	140	0.885993
129	142	0.872063
129	145	1.50402
129	147	1.26047
129	156	0.809214
129	157	0.812477
129	158	1.52288
129	162	1.64358
129	163	1.84383
129	164	1.76859
129	167	0.847797
129	168	1.37483
129	170	0.812223
129	171	0.775005
129	177	2.52735
129	180	0.801826
130	3	0.938824
130	7	0.927214
130	50	0.92084
130	53	1.1681
130	59	1.27006
130	76	0.846203
130	101	0.824174
130	106	0.808157
130	115	1.60169
130	117	0.877136
130	120	0.869888
130	121	1.36177
130	123	0.919158
130	127	0.892145
130	129	0.893961
130	131	0.855603
130	136	0.887923
130	138	0.855753
130	139	0.871795
130	140	0.893216
130	141	0.910169
130	142	0.879287
130	143	1.33801
130	148	1.20764
130	152	1.32
130	165	0.898704
130	170	0.819447
130	171	0.782228
130	172	1.64908
130	174	2.06157
130	178	2.03665
130	180	0.80905
131	3	0.893242
131	19	0.859052
131	50	0.875258
131	76	0.800621
131	117	0.831554
131	120	0.824306
131	123	0.873576
131	125	0.852808
131	127	0.846563
131	129	0.848379
131	130	0.855603
131	132	0.819669
131	136	0.842342
131	138	0.810172
131	139	0.826213
131	140	0.847634
131	141	0.864587
131	142	0.833705
131	143	1.31503
131	149	1.36496
131	152	1.29702
131	153	2.2317
131	156	0.770856
131	163	1.74546
131	165	0.853123
131	167	0.809438
131	169	1.55872
131	170	0.773865
131	173	1.7537
131	177	2.42898
131	179	2.48017
131	180	0.763468
132	7	0.89128
132	15	0.925924
132	19	0.8687
132	27	0.845689
132	50	0.884906
132	63	1.14106
132	95	0.97573
132	102	1.11332
132	113	1.13683
132	114	1.67039
132	117	0.841202
132	120	0.833954
132	124	0.788268
132	125	0.862456
132	126	2.07092
132	127	0.856211
132	129	0.858027
132	131	0.819669
132	134	0.85162
132	136	0.85199
132	138	0.81982
132	139	0.835862
132	140	0.857282
132	142	0.843353
132	156	0.780504
132	163	1.92138
132	165	0.862771
132	167	0.819086
132	170	0.783513
132	171	0.746294
132	177	2.6049
132	180	0.773116
133	4	1.58309
133	6	0.979492
133	10	1.36984
133	24	0.914156
133	33	0.989715
133	42	0.882996
133	46	0.881599
133	47	1.31789
133	50	0.959176
133	67	1.27687
133	68	1.075
133	87	1.17611
133	93	1.54224
133	107	0.910444
133	109	1.1588
133	127	0.930481
133	134	0.92589
133	136	0.92626
133	140	0.931553
133	143	0.929839
133	150	0.883921
133	159	0.919215
133	160	0.867983
133	168	0.901863
133	173	0.842704
133	174	0.82322
133	175	0.80702
133	176	0.825601
133	178	0.819061
133	179	0.791704
133	180	0.847386
134	3	0.925192
134	50	0.907209
134	56	1.91968
134	66	0.808276
134	76	0.832572
134	98	1.01333
134	101	0.810543
134	117	0.863504
134	120	0.856256
134	123	0.905526
134	125	0.884759
134	127	0.878514
134	128	1.54039
134	129	0.88033
134	132	0.85162
134	133	0.92589
134	135	1.40466
134	136	0.874292
134	138	0.842122
134	139	0.858164
134	140	0.879585
134	142	0.865656
134	144	1.58399
134	149	1.43531
134	150	1.42031
134	156	0.802806
134	157	0.806069
134	159	0.867248
134	162	1.61556
134	164	1.74057
134	167	0.841389
134	170	0.805816
134	174	2.10894
135	43	1.45682
135	55	1.74624
135	65	1.54337
135	67	1.76471
135	105	1.61722
135	114	0.813297
135	116	0.85009
135	117	1.70062
135	118	1.56636
135	128	0.821917
135	134	1.40466
135	145	0.818511
135	147	0.863651
135	149	0.846736
135	151	0.816961
135	153	0.760258
135	154	0.781885
135	155	0.835895
135	158	0.812975
135	163	0.803259
