1	5	0.774275
1	10	0.774034
1	24	0.841543
1	41	0.757407
1	49	0.804779
1	60	0.797186
1	69	0.784492
1	71	0.830561
1	107	0.826577
1	130	1.51439
1	135	1.64114
1	173	3.29577
2	90	2.09134
2	91	0.726513
2	123	0.660703
2	129	0.71348
2	131	0.741601
2	133	0.73445
2	156	0.71747
2	157	0.737954
2	159	0.732791
2	169	3.65528
2	172	0.736
2	180	0.686835
3	24	4.19648
3	32	0.622866
3	161	0.697634
3	167	0.650411
3	168	0.683404
3	169	0.657787
3	171	0.653716
3	174	0.657824
3	175	0.645548
3	176	0.634997
3	178	0.635319
3	179	0.661399
4	93	2.13734
4	95	0.823918
4	140	0.823934
4	157	0.533931
4	167	0.789041
4	168	0.822034
4	169	0.796416
4	170	0.83238
4	174	0.796454
4	175	0.784177
4	176	0.773626
4	179	0.800029
5	1	0.774275
5	6	0.688163
5	15	0.771459
5	24	0.745811
5	38	0.727235
5	41	0.661675
5	49	0.709047
5	60	0.701454
5	69	0.68876
5	71	0.734829
5	116	2.44315
5	144	3.18421
6	5	0.688163
6	10	0.687922
6	15	0.781079
6	24	0.755431
6	38	0.736855
6	41	0.671295
6	49	0.718667
6	60	0.711074
6	69	0.69838
6	71	0.744449
6	116	2.31443
6	161	3.35802
7	45	0.722534
7	66	0.703363
7	105	0.731425
7	119	0.703085
7	124	0.719435
7	129	0.714726
7	131	0.742846
7	133	0.735696
7	154	0.683969
7	163	2.85134
7	165	2.9802
7	172	0.737245
8	10	0.764478
8	15	0.857634
8	38	0.813411
8	41	0.747851
8	49	0.795222
8	60	0.78763
8	69	0.774935
8	71	0.821004
8	107	0.817021
8	114	2.02754
8	165	1.8903
8	166	2.35699
9	76	0.807487
9	122	1.40054
9	128	0.792243
9	136	0.797911
9	139	0.785799
9	155	0.800095
9	157	0.814015
9	159	0.808852
9	160	0.792868
9	165	0.783404
9	166	1.99439
9	179	2.87647
10	1	0.774034
10	6	0.687922
10	8	0.764478
10	13	4.8
10	24	0.745571
10	38	0.726995
10	41	0.661435
10	49	0.708806
10	60	0.701214
10	69	0.688519
10	71	0.734588
10	173	1.72273
11	112	3.0912
11	115	0.709713
11	138	0.712106
11	139	0.704188
11	141	0.718366
11	146	0.711628
11	148	0.737348
11	150	2.73474
11	155	0.718485
11	156	0.71192
11	157	0.732404
11	159	0.727241
12	56	0.770323
12	70	0.689774
12	118	2.49147
12	119	0.695084
12	123	0.653948
12	124	0.711434
12	129	0.706725
12	131	0.734846
12	133	0.727695
12	142	3.29113
12	172	0.729245
12	177	0.759926
13	10	4.8
13	72	0.675234
13	91	0.679638
13	123	0.613828
13	139	0.662864
13	141	0.677041
13	159	0.685916
13	169	0.62612
13	172	0.689125
13	176	0.60333
13	179	0.629732
13	180	0.639961
14	35	0.686703
14	57	0.725706
14	62	0.714452
14	63	0.714407
14	74	0.746034
14	81	1.6913
14	87	0.73068
14	89	0.723613
14	97	0.758659
14	160	0.723128
14	178	4.06743
14	180	0.693156
15	5	0.771459
15	6	0.781079
15	8	0.857634
15	38	0.820151
15	41	0.754591
15	49	0.801963
15	60	0.79437
15	69	0.781676
15	71	0.827745
15	73	1.39371
15	161	1.73004
15	173	3.30385
16	20	3.01124
16	53	0.717785
16	64	0.706261
16	67	0.717467
16	77	0.752387
16	79	0.752465
16	82	0.737091
16	91	0.723337
16	158	0.675327
16	172	0.732823
16	175	3.02786
16	180	0.683659
17	19	3.77776
17	132	0.719935
17	149	0.69928
17	161	0.682358
17	164	0.658415
17	170	0.678474
17	173	0.636553
17	174	0.642548
17	175	0.630272
17	178	0.620043
17	179	0.646123
18	41	0.663608
18	60	0.703386
18	69	0.690692
18	71	0.736761
18	89	0.709135
18	97	0.74418
18	126	0.711782
18	128	0.708024
18	140	3.11723
18	148	0.73474
18	152	3.05946
18	155	0.715877
18	180	0.678677
19	17	3.77776
19	20	2.18876
19	83	0.711118
19	115	0.769821
19	126	0.774499
19	128	0.770741
19	136	0.776408
19	138	0.772214
19	139	0.764297
19	141	0.778474
19	146	0.771737
19	159	0.787349
19	177	0.821239
20	16	3.01124
20	19	2.18876
20	149	0.755445
20	163	0.751145
20	167	0.6913
20	168	0.724293
20	169	0.698676
20	170	0.734639
20	171	0.694605
20	174	0.698713
20	175	0.686437
20	178	0.676208
20	179	0.702288
21	43	0.717709
21	53	0.706665
21	64	0.695141
21	67	0.706347
21	77	0.741267
21	79	0.741345
21	82	0.725971
21	91	0.712217
21	125	3.14063
21	147	3.0344
21	158	0.664207
21	172	0.721703
21	180	0.672539
22	29	1.86579
22	43	2.15635
22	149	0.771814
22	164	0.73095
22	167	0.707669
22	169	0.715045
22	170	0.751008
22	173	0.709087
22	174	0.715083
22	175	0.702806
22	176	0.692255
22	179	0.718658
23	101	4.63034
23	113	0.606817
23	143	0.720194
23	160	0.67601
23	162	0.676154
23	166	0.674424
23	168	0.657814
23	170	0.66816
23	171	0.628126
23	173	0.626239
23	175	0.619958
23	178	0.609729
23	179	0.635809
24	1	0.841543
24	3	4.19648
24	5	0.745811
24	6	0.755431
24	10	0.745571
24	38	0.794504
24	49	0.776315
24	60	0.768723
24	69	0.756028
24	71	0.802097
24	107	0.798114
24	158	1.26491
24	166	0.736714
25	43	0.717709
25	53	0.706665
25	64	0.695141
25	67	0.706347
25	77	0.741267
25	79	0.741345
25	82	0.725971
25	91	0.712217
25	92	2.78404
25	158	0.664207
25	160	3.35856
25	172	0.721703
25	180	0.672539
26	39	1.23818
26	56	1.27575
26	149	0.826297
26	156	1.31731
26	166	0.811755
26	168	0.795146
26	169	0.769528
26	170	0.805491
26	171	0.765457
26	173	0.76357
26	175	0.757289
26	178	0.747061
26	179	0.773141
27	109	0.681574
27	125	0.698699
27	150	0.665145
27	162	0.672193
27	164	0.644141
27	166	0.670463
27	168	0.653853
27	169	0.628236
27	171	0.624165
27	172	4.72609
27	173	0.622278
27	174	0.628274
27	178	0.605768
28	58	0.75813
28	65	0.80754
28	105	0.778703
28	119	0.750364
28	122	1.89511
28	124	0.766714
28	129	0.762005
28	131	0.790125
28	133	0.782974
28	151	2.20795
28	166	2.48896
28	172	0.784524
28	177	0.815205
29	22	1.86579
29	58	0.75289
29	66	0.745402
29	70	0.739813
29	119	0.745124
29	124	0.761474
29	129	0.756765
29	131	0.784885
29	133	0.777734
29	140	2.56812
29	154	0.726008
29	162	2.1238
29	172	0.779284
29	177	0.809965
30	36	0.91926
30	44	0.871837
30	50	0.847037
30	54	0.845066
30	78	1.19009
30	121	1.49401
30	154	0.824561
30	165	0.849181
30	174	2.70745
30	177	0.908519
31	35	2.94417
31	64	2.06495
31	102	0.735877
31	152	0.721691
31	161	0.728739
31	163	0.741362
31	168	0.714509
31	169	0.688892
31	171	0.684821
31	174	0.68893
31	175	0.676653
31	176	0.666102
31	178	0.666424
31	179	0.692504
32	3	0.622866
32	61	0.647738
32	82	5.03436
32	131	0.680951
32	133	0.6738
32	146	0.656529
32	157	0.677304
32	159	0.672141
32	170	0.648308
32	171	0.608274
32	173	0.606387
32	175	0.600105
32	177	0.706031
32	179	0.615957
33	126	2.26323
33	137	0.752286
33	150	0.720512
33	152	0.716403
33	156	2.48229
33	161	0.72345
33	163	0.736073
33	164	0.699508
33	169	0.683603
33	171	0.679532
33	173	0.677645
33	176	0.660813
33	178	0.661135
33	179	0.687216
34	50	0.685912
34	54	0.683941
34	82	0.72098
34	91	0.707226
34	126	0.700654
34	132	1.95345
34	138	0.698369
34	155	0.704748
34	159	0.713504
34	165	0.688056
34	172	0.716713
34	177	0.747394
34	178	4.60147
34	180	0.667549
35	14	0.686703
35	31	2.94417
35	47	0.712843
35	48	0.712588
35	57	0.701045
35	62	0.689791
35	63	0.689745
35	74	0.721373
35	87	0.706019
35	89	0.698952
35	97	0.733998
35	134	3.10736
35	160	0.698467
35	180	0.668495
36	30	0.91926
36	44	0.808697
36	50	0.783897
36	54	0.781926
36	113	0.726313
36	116	0.825783
36	154	0.761421
36	165	0.786041
36	175	2.1889
36	176	2.49998
36	177	0.845379
36	179	1.74722
37	47	0.77527
37	48	0.775015
37	57	0.763472
37	62	0.752218
37	63	0.752173
37	74	0.783801
37	87	0.768446
37	89	0.76138
37	97	0.796425
37	137	1.51126
37	143	1.66317
37	160	0.760894
37	178	3.9219
37	180	0.730922
38	5	0.727235
38	6	0.736855
38	8	0.813411
38	10	0.726995
38	15	0.820151
38	24	0.794504
38	41	0.710368
38	60	0.750147
38	69	0.737452
38	71	0.783521
38	107	0.779538
38	164	2.39414
38	165	2.05537
38	180	2.72668
39	26	1.23818
39	46	0.761059
39	58	0.744244
39	65	0.793654
39	66	0.736756
39	119	0.736478
39	122	2.26233
39	124	0.752828
39	129	0.748119
39	131	0.776239
39	133	0.769088
39	172	0.770638
39	177	0.801319
39	180	3.06079
40	87	0.828041
40	108	1.9296
40	118	0.835539
40	137	0.808695
40	146	1.47965
40	161	0.779858
40	162	0.783969
40	163	0.792481
40	164	0.755916
40	171	0.735941
40	173	0.734054
40	176	0.717222
40	178	0.717544
40	179	0.743624
41	1	0.757407
41	5	0.661675
41	6	0.671295
41	8	0.747851
41	10	0.661435
41	15	0.754591
41	18	0.663608
41	38	0.710368
41	49	0.692179
41	60	0.684587
41	69	0.671892
41	71	0.717962
41	165	2.3515
41	178	4.31318
42	106	0.786029
42	117	1.79578
42	120	1.78418
42	153	0.8078
42	161	0.773825
42	164	0.749882
42	166	0.776205
42	170	0.769941
42	173	0.72802
42	174	0.734015
42	175	0.721738
42	176	0.711188
42	177	0.972576
42	178	0.71151
42	179	0.73759
43	21	0.717709
43	22	2.15635
43	25	0.717709
43	53	0.754243
43	64	0.742719
43	67	0.753925
43	77	0.788845
43	79	0.788924
43	82	0.773549
43	84	3.03585
43	90	1.66468
43	91	0.759795
43	158	0.711785
43	172	0.769281
43	180	0.720117
44	30	0.871837
44	36	0.808697
44	50	0.736474
44	54	0.734503
44	103	0.772965
44	107	0.772211
44	113	0.67889
44	116	0.77836
44	140	2.01898
44	154	0.713998
44	158	2.70779
44	165	0.738619
44	177	0.797956
44	180	2.38422
45	7	0.722534
45	56	0.799643
45	66	0.724682
45	70	0.719094
45	90	1.53555
45	105	0.752744
45	119	0.724404
45	124	0.740754
45	129	0.736045
45	131	0.764165
45	133	0.757015
45	135	2.43158
45	167	3.46901
45	172	0.758564
45	177	0.789245
46	39	0.761059
46	55	0.733143
46	58	0.737302
46	59	1.89864
46	66	0.729815
46	70	0.724226
46	119	0.729536
46	124	0.745887
46	129	0.741178
46	131	0.769298
46	133	0.762147
46	170	2.14554
46	172	0.763697
46	173	3.53234
46	177	0.794378
47	35	0.712843
47	37	0.77527
47	48	0.763388
47	57	0.751845
47	62	0.740591
47	63	0.740546
47	74	0.772174
47	87	0.756819
47	89	0.749753
47	97	0.784798
47	149	2.09005
47	160	0.749267
47	167	3.08772
47	170	2.31812
47	180	0.719295
48	35	0.712588
48	37	0.775015
48	47	0.763388
48	57	0.75159
48	62	0.740336
48	63	0.740291
48	74	0.771919
48	87	0.756564
48	89	0.749498
48	97	0.784543
48	149	1.86687
48	160	0.749012
48	170	2.09494
48	175	3.60944
48	180	0.71904
49	1	0.804779
49	5	0.709047
49	6	0.718667
49	8	0.795222
49	10	0.708806
49	15	0.801963
49	24	0.776315
49	41	0.692179
49	60	0.731958
49	69	0.719264
49	71	0.765333
49	102	2.62556
49	106	2.16858
49	107	0.761349
49	162	2.56463
50	30	0.847037
50	34	0.685912
50	36	0.783897
50	44	0.736474
50	54	0.709702
50	72	0.728584
50	103	0.748164
50	107	0.74741
50	113	0.654089
50	116	0.75356
50	123	4.00097
50	147	1.47638
50	154	0.689198
50	164	2.4877
50	165	0.713818
50	177	0.773155
51	82	0.679139
51	87	0.663231
51	89	0.656165
51	91	0.665385
51	97	0.69121
51	150	0.648775
51	157	5.09453
51	166	0.654093
51	170	0.647829
51	172	0.674871
51	173	0.605908
51	178	0.589398
51	179	0.615479
51	180	0.625707
52	54	1.00651
52	76	2.03605
52	79	1.57425
52	132	0.794681
52	147	0.796893
52	152	0.750056
52	161	0.757104
52	162	0.761214
52	166	0.759484
52	168	0.742874
52	173	0.711299
52	174	0.717294
52	175	0.705017
52	176	0.694467
52	178	0.694789
52	179	0.720869
53	16	0.717785
53	21	0.706665
53	25	0.706665
53	43	0.754243
53	64	0.731674
53	67	0.742881
53	77	0.7778
53	79	0.777879
53	82	0.762504
53	91	0.74875
53	158	0.70074
53	160	2.49206
53	164	2.91007
53	165	2.5713
53	172	0.758237
53	180	0.709072
54	30	0.845066
54	34	0.683941
54	36	0.781926
54	44	0.734503
54	50	0.709702
54	52	1.00651
54	72	0.726613
54	103	0.746193
54	107	0.74544
54	113	0.652119
54	116	0.751589
54	154	0.687227
54	165	0.711847
54	175	3.09407
54	176	3.40516
54	177	0.771185
55	46	0.733143
55	56	0.7838
55	58	0.716327
55	65	0.765738
55	105	0.736901
55	119	0.708561
55	124	0.724912
55	129	0.720203
55	130	2.15648
55	131	0.748323
55	133	0.741172
55	154	0.689445
55	165	2.27513
55	171	3.57325
55	172	0.742722
55	177	0.773403
56	12	0.770323
56	26	1.27575
56	45	0.799643
56	55	0.7838
56	70	0.774883
56	90	1.53912
56	105	0.808533
56	119	0.780193
56	124	0.796543
56	129	0.791835
56	131	0.819955
56	133	0.812804
56	160	2.34781
56	170	2.70299
56	172	0.814354
56	177	0.845035
57	14	0.725706
57	35	0.701045
57	37	0.763472
57	47	0.751845
57	48	0.75159
57	62	0.728793
57	63	0.728748
57	74	0.760376
57	87	0.745021
57	89	0.737955
57	97	0.773
57	107	2.0811
57	153	2.23942
57	160	0.737469
57	169	3.39503
57	180	0.707497
58	28	0.75813
58	29	0.75289
58	39	0.744244
58	46	0.737302
58	55	0.716327
58	70	0.70741
58	73	1.34786
58	105	0.74106
58	113	5.22417
58	119	0.712721
58	124	0.729071
58	129	0.724362
58	131	0.752482
58	133	0.745331
58	160	1.51602
58	177	0.777562
59	46	1.89864
59	110	0.804781
59	134	0.796617
59	151	0.759841
59	155	2.04897
59	161	0.762846
59	162	0.766956
59	167	0.715623
59	171	0.718928
59	172	1.51405
59	173	0.717041
59	174	0.723037
59	175	0.71076
59	176	0.700209
59	178	0.700531
59	179	0.726612
60	1	0.797186
60	5	0.701454
60	6	0.711074
60	8	0.78763
60	10	0.701214
60	15	0.79437
60	18	0.703386
60	24	0.768723
60	38	0.750147
60	41	0.684587
60	49	0.731958
60	69	0.711671
60	71	0.75774
60	147	1.46498
60	168	2.32161
60	178	4.0992
61	32	0.647738
61	75	0.73854
61	93	0.722085
61	94	0.761246
61	126	0.729605
61	127	0.732837
61	136	0.731514
61	139	0.719403
61	145	0.729521
61	148	0.752562
61	155	0.733699
61	156	0.727134
61	157	0.747618
61	159	0.742455
61	164	2.55505
61	169	2.89229
61	180	2.88759
62	14	0.714452
62	35	0.689791
62	37	0.752218
62	47	0.740591
62	48	0.740336
62	57	0.728793
62	63	0.717494
62	74	0.749122
62	87	0.733767
62	89	0.726701
62	97	0.761746
62	113	4.77583
62	127	0.732581
62	150	1.1832
62	160	0.726215
62	179	2.4957
62	180	0.696243
63	14	0.714407
63	35	0.689745
63	37	0.752173
63	47	0.740546
63	48	0.740291
63	57	0.728748
63	62	0.717494
63	74	0.749076
63	87	0.733722
63	89	0.726655
63	97	0.761701
63	127	0.732536
63	160	0.72617
63	165	2.34424
63	168	2.52834
63	174	3.42687
63	180	0.696198
64	16	0.706261
64	21	0.695141
64	25	0.695141
64	31	2.06495
64	43	0.742719
64	53	0.731674
64	67	0.731357
64	77	0.766276
64	79	0.766355
64	82	0.750981
64	91	0.737226
64	127	0.733886
64	158	0.689216
64	161	2.78874
64	168	2.8839
64	172	0.746713
64	180	0.697549
65	28	0.80754
65	39	0.793654
65	55	0.765738
65	70	0.756821
65	78	1.68164
65	105	0.790471
65	119	0.762131
65	124	0.778481
65	129	0.773772
65	131	0.801892
65	133	0.794742
65	154	0.743015
65	160	2.03712
65	164	2.45514
65	166	2.58306
65	172	0.796291
65	177	0.826972
66	7	0.703363
66	29	0.745402
66	39	0.736756
66	45	0.724682
66	46	0.729815
66	90	1.96931
66	105	0.733573
66	119	0.705233
66	124	0.721583
66	129	0.716874
66	131	0.744995
66	133	0.737844
66	137	2.40828
66	154	0.686117
66	158	3.85213
66	172	0.739394
66	177	0.770074
67	16	0.717467
67	21	0.706347
67	25	0.706347
67	43	0.753925
67	53	0.742881
67	64	0.731357
67	77	0.777483
67	79	0.777561
67	81	2.2622
67	82	0.762187
67	91	0.748433
67	121	2.54584
67	158	0.700423
67	164	3.01542
67	172	0.757919
67	180	0.708755
68	88	0.854583
68	101	0.757125
68	120	0.759068
68	126	0.778901
68	138	0.776616
68	139	0.768699
68	141	0.782877
68	146	0.776139
68	148	0.801858
68	155	0.782995
68	156	0.77643
68	159	0.791751
68	163	1.07844
68	166	1.67399
68	172	0.79496
68	173	2.87004
68	176	3.30883
69	1	0.784492
69	5	0.68876
69	6	0.69838
69	8	0.774935
69	10	0.688519
69	15	0.781676
69	18	0.690692
69	24	0.756028
69	38	0.737452
69	41	0.671892
69	49	0.719264
69	60	0.711671
69	71	0.745046
69	107	0.741062
69	130	2.90953
69	147	2.35564
69	150	3.06446
70	12	0.689774
70	29	0.739813
70	45	0.719094
70	46	0.724226
70	56	0.774883
70	58	0.70741
70	65	0.756821
70	105	0.727984
70	119	0.699644
70	124	0.715995
70	129	0.711286
70	131	0.739406
70	133	0.732255
70	142	2.21348
70	153	2.11469
70	177	0.764486
70	179	3.94305
71	1	0.830561
71	5	0.734829
71	6	0.744449
71	8	0.821004
71	10	0.734588
71	15	0.827745
71	18	0.736761
71	24	0.802097
71	38	0.783521
71	41	0.717962
71	49	0.765333
71	60	0.75774
71	69	0.745046
71	107	0.787131
71	125	1.41265
71	140	2.28504
71	165	1.97897
71	173	3.6417
72	13	0.675234
72	50	0.728584
72	54	0.726613
72	75	1.83337
72	87	0.747745
72	89	0.740679
72	97	0.775724
72	119	2.01442
72	120	1.89259
72	154	0.706109
72	165	0.730729
72	167	0.689004
72	168	0.721997
72	171	0.692309
72	177	0.790066
72	178	0.673912
72	179	0.699992
72	180	0.710221
73	15	1.39371
73	58	1.34786
73	80	2.09338
73	140	0.773694
73	144	0.789031
73	147	0.825812
73	155	1.77253
73	161	0.786023
73	162	0.790133
73	164	0.762081
73	169	0.746176
73	170	0.782139
73	171	0.742105
73	173	0.740218
73	174	0.746214
73	175	0.733937
73	176	0.723386
73	178	0.723708
73	179	0.749789
74	14	0.746034
74	35	0.721373
74	37	0.783801
74	47	0.772174
74	48	0.771919
74	57	0.760376
74	62	0.749122
74	63	0.749076
74	87	0.765349
74	89	0.758283
74	97	0.793329
74	100	0.77997
74	127	0.764163
74	135	2.46674
74	153	1.97905
74	160	0.757798
74	165	2.45864
74	168	2.64273
74	180	0.727826
75	61	0.73854
75	72	1.83337
75	95	0.781241
75	98	0.77565
75	110	2.01708
75	111	0.747425
75	128	0.746334
75	130	2.19804
75	138	0.747808
75	139	0.73989
75	141	0.754068
75	148	0.77305
75	154	3.10552
75	155	0.754186
75	156	0.747622
75	157	0.768106
75	159	0.762943
75	172	0.766151
75	177	0.796832
76	9	0.807487
76	52	2.03605
76	95	0.783791
76	96	0.733829
76	104	0.761175
76	110	2.03355
76	115	0.747965
76	128	0.748885
76	138	0.750359
76	139	0.742441
76	145	0.75256
76	146	0.749881
76	156	0.750172
76	157	0.770657
76	159	0.765494
76	161	2.4221
76	165	0.740046
76	170	2.6091
76	177	0.799383
77	16	0.752387
77	21	0.741267
77	25	0.741267
77	43	0.788845
77	53	0.7778
77	64	0.766276
77	67	0.777483
77	79	0.812481
77	82	0.797107
77	91	0.783352
77	123	3.82524
77	127	0.780012
77	143	1.67614
77	158	0.735342
77	160	1.89395
77	163	1.84433
77	172	0.792839
77	180	0.743675
78	30	1.19009
78	65	1.68164
78	115	1.78224
78	135	0.794142
78	137	0.812724
78	143	0.832038
78	156	2.03388
78	166	0.786268
78	167	0.736665
78	168	0.769658
78	170	0.780004
78	171	0.73997
78	173	0.738083
78	174	0.744079
78	175	0.731802
78	176	0.721251
78	178	0.721573
78	179	0.747653
78	180	0.757882
79	16	0.752465
79	21	0.741345
79	25	0.741345
79	43	0.788924
79	52	1.57425
79	53	0.777879
79	64	0.766355
79	67	0.777561
79	77	0.812481
79	82	0.797185
79	91	0.783431
79	112	2.2641
79	127	0.780091
79	130	1.75271
79	158	0.735421
79	172	0.792918
79	179	3.22013
79	180	0.743753
80	73	2.09338
80	100	0.775672
80	104	0.765164
80	110	2.04117
80	117	0.746112
80	136	0.758542
80	138	0.754349
80	139	0.746431
80	141	0.760609
80	142	1.95999
80	145	0.75655
80	146	0.753871
80	148	0.77959
80	155	0.760727
80	156	0.754162
80	157	0.774646
80	158	0.715195
80	159	0.769483
80	169	3.0168
81	14	1.6913
81	67	2.2622
81	84	0.769033
81	147	0.809129
81	150	0.766401
81	156	2.05416
81	162	0.773449
81	163	0.781962
81	164	0.745397
81	166	0.771719
81	167	0.722116
81	168	0.755109
81	169	0.729492
81	170	0.765455
81	171	0.725421
81	172	1.07056
81	174	0.72953
81	176	0.706702
81	178	0.707024
81	179	0.733105
82	16	0.737091
82	21	0.725971
82	25	0.725971
82	32	5.03436
82	34	0.72098
82	43	0.773549
82	51	0.679139
82	53	0.762504
82	64	0.750981
82	67	0.762187
82	77	0.797107
82	79	0.797185
82	91	0.768056
82	127	0.764717
82	158	0.720046
82	161	1.01079
82	170	1.19779
82	172	0.777543
82	179	2.27063
82	180	0.728379
83	19	0.711118
83	97	2.13479
83	120	1.81636
83	132	0.80584
83	140	0.755933
83	142	0.79499
83	146	2.0138
83	151	0.765257
83	161	0.768262
83	163	0.780885
83	164	0.74432
83	166	0.770642
83	168	0.754033
83	170	0.764379
83	173	0.722457
83	174	0.728453
83	175	0.716176
83	176	0.705626
83	178	0.705948
83	179	0.732028
84	43	3.03585
84	81	0.769033
84	130	0.748757
84	160	0.730619
84	161	0.726652
84	163	0.739275
84	166	0.729033
84	167	0.67943
84	168	0.712423
84	169	0.686806
84	170	0.722769
84	172	1.96827
84	173	0.680848
84	174	0.686843
84	175	0.674566
84	176	0.664016
84	177	2.04756
84	178	0.664338
84	179	0.690418
84	180	0.700647
85	93	2.2183
85	98	1.2906
85	134	0.803876
85	136	1.55211
85	139	0.984754
85	140	0.757776
85	142	0.796832
85	152	0.763058
85	162	0.774215
85	163	0.782728
85	167	0.722882
85	168	0.755875
85	169	0.730258
85	170	0.766221
85	173	0.7243
85	174	0.730296
85	175	0.718019
85	178	0.70779
85	179	0.733871
85	180	0.744099
86	95	3.42323
86	113	0.625846
86	144	0.694081
86	153	0.725048
86	155	3.72432
86	161	0.691073
86	162	0.695183
86	163	0.703695
86	164	0.66713
86	166	0.693453
86	167	0.64385
86	168	0.676843
86	170	0.687189
86	171	0.647155
86	173	0.645268
86	174	0.651263
86	175	0.638987
86	176	0.628436
86	178	0.628758
86	179	0.654838
87	14	0.73068
87	35	0.706019
87	37	0.768446
87	40	0.828041
87	47	0.756819
87	48	0.756564
87	51	0.663231
87	57	0.745021
87	62	0.733767
87	63	0.733722
87	72	0.747745
87	74	0.765349
87	89	0.742929
87	97	0.777974
87	100	0.764615
87	123	3.77379
87	127	0.748809
87	160	0.742443
87	168	2.10584
87	171	3.21987
87	180	0.712471
88	68	0.854583
88	94	0.848481
88	108	0.81955
88	111	0.814173
88	112	1.75094
88	117	0.806319
88	120	0.797006
88	127	0.820072
88	136	0.818749
88	141	0.820815
88	146	0.814077
88	155	0.820934
88	156	0.814369
88	157	0.834853
88	159	0.82969
88	162	1.21995
88	163	1.22934
88	170	1.63414
88	172	0.832899
88	177	0.86358
88	178	3.31988
88	179	2.70697
89	14	0.723613
89	18	0.709135
89	35	0.698952
89	37	0.76138
89	47	0.749753
89	48	0.749498
89	51	0.656165
89	57	0.737955
89	62	0.726701
89	63	0.726655
89	72	0.740679
89	74	0.758283
89	87	0.742929
89	97	0.770908
89	100	0.757549
89	110	2.10627
89	121	2.27508
89	127	0.741742
89	160	0.735377
89	164	2.74466
89	171	3.70401
89	180	0.705405
90	2	2.09134
90	43	1.66468
90	45	1.53555
90	56	1.53912
90	66	1.96931
90	125	0.825761
90	142	0.821873
90	151	0.792141
90	153	0.829121
90	162	0.799256
90	164	0.771203
90	166	0.797526
90	167	0.747923
90	168	0.780916
90	169	0.755299
90	170	0.791262
90	171	0.751228
90	173	0.749341
90	174	0.755336
90	175	0.743059
90	176	0.732509
90	179	0.758911
91	2	0.726513
91	13	0.679638
91	16	0.723337
91	21	0.712217
91	25	0.712217
91	34	0.707226
91	43	0.759795
91	51	0.665385
91	53	0.74875
91	64	0.737226
91	67	0.748433
91	77	0.783352
91	79	0.783431
91	82	0.768056
91	102	2.40913
91	127	0.750962
91	158	0.706292
91	162	2.34821
91	163	2.35759
91	172	0.763789
91	174	3.56909
91	180	0.714625
92	25	2.78404
92	122	0.789991
92	126	1.59578
92	130	0.77101
92	137	0.777741
92	143	0.797056
92	145	1.80519
92	148	1.21691
92	161	0.748905
92	163	0.761528
92	164	0.724963
92	166	0.751285
92	167	0.701682
92	168	0.734676
92	169	0.709058
92	170	0.745022
92	171	0.704987
92	173	0.7031
92	175	0.696819
92	176	0.686268
92	178	0.686591
92	179	0.712671
93	4	2.13734
93	61	0.722085
93	85	2.2183
93	106	2.49795
93	108	0.736348
93	111	0.730971
93	120	0.713805
93	126	0.733638
93	128	0.72988
93	136	0.735547
93	141	0.737614
93	145	0.733554
93	146	0.730876
93	148	0.756595
93	155	0.737732
93	156	0.731167
93	157	0.751651
93	158	0.6922
93	159	0.746488
93	160	0.730505
93	163	2.90339
93	165	0.721041
94	61	0.761246
94	88	0.848481
94	95	0.803947
94	104	0.781331
94	108	0.77551
94	111	0.770132
94	113	0.700473
94	125	1.52445
94	128	0.769041
94	135	2.09886
94	138	0.770515
94	141	0.776775
94	142	1.70997
94	143	1.79371
94	145	0.772716
94	148	0.795756
94	155	0.776893
94	157	0.790813
94	158	0.731361
94	159	0.78565
94	160	0.769666
94	176	4.19229
95	4	0.823918
95	75	0.781241
95	76	0.783791
95	86	3.42323
95	94	0.803947
95	96	0.753491
95	100	0.791345
95	109	1.90895
95	115	0.767628
95	120	0.752472
95	136	0.774215
95	138	0.770021
95	139	0.762104
95	145	0.772222
95	148	0.795263
95	155	0.7764
95	156	0.769835
95	159	0.785156
95	161	1.80778
95	165	0.759708
95	166	2.18553
95	172	0.788365
96	76	0.733829
96	95	0.753491
96	98	0.7479
96	100	0.741382
96	101	0.700567
96	104	0.730874
96	115	0.717665
96	117	0.711822
96	120	0.70251
96	136	0.724252
96	137	2.06145
96	138	0.720058
96	139	0.712141
96	142	2.12961
96	145	0.722259
96	146	0.719581
96	148	0.7453
96	155	0.726437
96	157	0.740356
96	159	0.735193
96	162	2.37215
96	165	0.709745
96	176	4.61194
97	14	0.758659
97	18	0.74418
97	35	0.733998
97	37	0.796425
97	47	0.784798
97	48	0.784543
97	51	0.69121
97	57	0.773
97	62	0.761746
97	63	0.761701
97	72	0.775724
97	74	0.793329
97	83	2.13479
97	87	0.777974
97	89	0.770908
97	100	0.792594
97	107	2.05644
97	125	2.12803
97	127	0.776788
97	132	2.008
97	160	0.770422
97	165	2.69434
97	180	0.74045
98	75	0.77565
98	85	1.2906
98	96	0.7479
98	101	0.74494
98	111	0.764048
98	116	1.1499
98	117	0.756194
98	128	0.762957
98	136	0.768625
98	138	0.764431
98	141	0.770691
98	143	1.8075
98	145	0.766632
98	146	0.763953
98	148	0.789672
98	155	0.770809
98	156	0.764244
98	157	0.784729
98	158	0.725277
98	159	0.779566
98	172	0.782774
98	173	3.76729
98	174	3.18719
99	103	1.1889
99	106	0.758453
99	111	1.64578
99	119	2.17607
99	130	0.768353
99	142	0.772976
99	145	2.1373
99	151	0.743244
99	160	0.750215
99	162	0.750359
99	163	0.758871
99	164	0.722306
99	166	0.748629
99	167	0.699026
99	169	0.706402
99	170	0.742365
99	171	0.702331
99	173	0.700444
99	174	0.706439
99	175	0.694162
99	176	0.683612
99	178	0.683934
99	179	0.710014
100	74	0.77997
100	80	0.775672
100	87	0.764615
100	89	0.757549
100	95	0.791345
100	96	0.741382
100	97	0.792594
100	110	1.80193
100	119	0.742095
100	124	0.758445
100	126	0.760196
100	129	0.753736
100	131	0.781856
100	133	0.774706
100	143	1.80449
100	148	0.783154
100	152	2.34984
100	159	0.773047
100	160	0.757063
100	170	2.37748
100	171	3.39966
100	172	0.776255
100	180	0.727091
101	23	4.63034
101	68	0.757125
101	96	0.700567
101	98	0.74494
101	108	0.722092
101	115	0.714704
101	120	0.699549
101	126	0.719382
101	136	0.721291
101	138	0.717097
101	141	0.723357
101	142	0.857272
101	145	0.719298
101	146	0.71662
101	148	0.742339
101	154	2.02689
101	155	0.723476
101	156	0.716911
101	157	0.737395
101	159	0.732232
101	165	0.706785
101	177	0.766122
101	178	3.19974
102	31	0.735877
102	49	2.62556
102	91	2.40913
102	115	2.13964
102	143	0.782247
102	147	0.773887
102	152	0.72705
102	153	0.768072
102	158	0.699759
102	161	0.734097
102	162	0.738207
102	163	0.74672
102	166	0.736477
102	167	0.686874
102	168	0.719867
102	169	0.69425
102	170	0.730213
102	171	0.690179
102	173	0.688292
102	174	0.694288
102	176	0.67146
102	177	1.48698
102	178	0.671782
102	179	0.697863
103	44	0.772965
103	50	0.748164
103	54	0.746193
103	99	1.1889
103	105	0.773144
103	115	0.758228
103	124	0.761155
103	128	0.759148
103	129	0.756446
103	133	0.777415
103	145	0.762823
103	148	0.785863
103	149	1.55844
103	154	0.725689
103	156	0.760435
103	157	0.78092
103	159	0.775757
103	165	0.750309
103	171	2.80869
103	172	0.778965
103	173	3.17331
103	174	2.5932
103	177	0.809646
104	76	0.761175
104	80	0.765164
104	94	0.781331
104	96	0.730874
104	107	1.26467
104	108	0.752399
104	111	0.747022
104	115	0.745011
104	135	1.91068
104	138	0.747404
104	139	0.739487
104	141	0.753664
104	145	0.749605
104	146	0.746927
104	148	0.772646
104	151	2.08826
104	154	2.6914
104	155	0.753783
104	156	0.747218
104	157	0.767702
104	159	0.762539
104	172	0.765748
104	176	4.00411
104	177	0.796429
105	7	0.731425
105	28	0.778703
105	45	0.752744
105	55	0.736901
105	56	0.808533
105	58	0.74106
105	65	0.790471
105	66	0.733573
105	70	0.727984
105	103	0.773144
105	116	0.77854
105	119	0.733294
105	123	0.692158
105	124	0.749645
105	129	0.744936
105	131	0.773056
105	133	0.765905
105	142	1.97978
105	150	2.39685
105	151	2.54626
105	160	2.28133
105	166	2.82726
105	172	0.767455
105	177	0.798136
106	42	0.786029
106	49	2.16858
106	93	2.49795
106	99	0.758453
106	110	0.781098
106	112	0.739528
106	131	1.70525
106	132	0.776741
106	134	0.772935
106	136	1.83176
106	161	0.739164
106	162	0.743274
106	164	0.715221
106	166	0.741544
106	167	0.691941
106	168	0.724934
106	171	0.695246
106	173	0.693359
106	174	0.699354
106	175	0.687077
106	176	0.676527
106	178	0.676849
106	179	0.702929
107	1	0.826577
107	8	0.817021
107	24	0.798114
107	38	0.779538
107	44	0.772211
107	49	0.761349
107	50	0.74741
107	54	0.74544
107	57	2.0811
107	69	0.741062
107	71	0.787131
107	97	2.05644
107	104	1.26467
107	108	2.3854
107	111	1.32954
107	154	0.724935
107	165	0.749555
107	167	0.70783
107	169	0.715206
107	174	0.715244
107	175	0.702967
107	176	0.692416
107	177	0.808892
107	178	0.692739
107	179	0.718819
108	40	1.9296
108	88	0.81955
108	93	0.736348
108	94	0.77551
108	101	0.722092
108	104	0.752399
108	107	2.3854
108	117	0.733347
108	118	1.84284
108	120	0.724034
108	126	0.743868
108	132	2.33696
108	138	0.741583
108	139	0.733666
108	141	0.747843
108	145	0.743784
108	146	0.741106
108	148	0.766825
108	155	0.747962
108	156	0.741397
108	157	0.761881
108	159	0.756718
108	162	2.88505
108	165	0.73127
108	172	0.759927
109	27	0.681574
109	95	1.90895
109	125	0.771066
109	126	2.43967
109	130	0.762555
109	135	0.750705
109	140	0.728121
109	153	0.774425
109	159	2.13909
109	162	0.74456
109	163	0.753073
109	166	0.74283
109	167	0.693227
109	168	0.72622
109	169	0.700603
109	170	0.736566
109	171	0.696532
109	173	0.694645
109	174	0.700641
109	175	0.688364
109	176	0.677813
109	177	1.75441
109	178	0.678135
109	179	0.704216
110	59	0.804781
110	75	2.01708
110	76	2.03355
110	80	2.04117
110	89	2.10627
110	100	1.80193
110	106	0.781098
110	137	0.79773
110	149	0.785816
110	150	0.765956
110	152	0.761846
110	163	0.781516
110	164	0.744951
110	166	0.771274
110	167	0.721671
110	168	0.754664
110	169	0.729047
110	170	0.76501
110	171	0.724976
110	173	0.723089
110	174	0.729085
110	175	0.716808
110	176	0.706257
110	178	0.706579
110	179	0.732659
111	75	0.747425
111	88	0.814173
111	93	0.730971
111	94	0.770132
111	98	0.764048
111	99	1.64578
111	104	0.747022
111	107	1.32954
111	126	0.73849
111	136	0.7404
111	138	0.736206
111	139	0.728288
111	141	0.742466
111	145	0.738407
111	146	0.735728
111	148	0.761448
111	153	1.48786
111	155	0.742585
111	156	0.73602
111	157	0.756504
111	159	0.751341
111	160	0.735358
111	172	0.75455
111	175	3.75789
111	179	3.31622
112	11	3.0912
112	79	2.2641
112	88	1.75094
112	106	0.739528
112	118	0.783004
112	127	2.78694
112	144	0.730332
112	149	0.744245
112	150	0.724385
112	152	0.720276
112	158	0.692985
112	161	0.727323
112	162	0.731433
112	163	0.739946
112	166	0.729703
112	167	0.6801
112	168	0.713093
112	169	0.687476
112	171	0.683405
112	173	0.681518
112	174	0.687514
112	175	0.675237
112	176	0.664686
112	178	0.665008
112	179	0.691089
112	180	0.701317
113	23	0.606817
113	36	0.726313
113	44	0.67889
113	50	0.654089
113	54	0.652119
113	58	5.22417
113	62	4.77583
113	86	0.625846
113	94	0.700473
113	117	0.65831
113	136	0.670741
113	145	0.668748
113	154	0.631614
113	155	0.672925
113	157	0.686845
113	159	0.681682
113	164	0.63779
113	165	0.656234
113	171	0.617814
113	174	0.621923
113	175	0.609646
113	176	0.599095
113	177	0.715571
113	178	0.599417
113	179	0.625498
114	8	2.02754
114	122	0.771547
114	128	2.36747
114	130	0.752567
114	134	0.764233
114	141	2.57096
114	144	0.733471
114	149	0.747384
114	161	0.730462
114	162	0.734572
114	163	0.743085
114	164	0.70652
114	166	0.732842
114	167	0.683239
114	168	0.716232
114	169	0.690615
114	170	0.726578
114	171	0.686544
114	172	1.62225
114	173	0.684657
114	174	0.690653
114	175	0.678376
114	176	0.667825
114	178	0.668147
114	179	0.694228
115	11	0.709713
115	19	0.769821
115	76	0.747965
115	78	1.78224
115	95	0.767628
115	96	0.717665
115	101	0.714704
115	102	2.13964
115	103	0.758228
115	104	0.745011
115	126	0.736479
115	128	0.732721
115	136	0.738389
115	139	0.726277
115	145	0.736396
115	146	0.733717
115	148	0.759437
115	149	2.26483
115	155	0.740574
115	156	0.734009
115	159	0.74933
115	165	0.723882
115	167	3.2625
115	168	2.40106
115	172	0.752539
115	177	0.783219
116	5	2.44315
116	6	2.31443
116	36	0.825783
116	44	0.77836
116	50	0.75356
116	54	0.751589
116	98	1.1499
116	105	0.77854
116	119	0.7502
116	124	0.766551
116	128	1.27558
116	129	0.761842
116	131	0.789962
116	133	0.782811
116	141	1.47907
116	154	0.731084
116	161	0.761203
116	165	0.755705
116	166	0.763583
116	175	0.709116
116	176	0.698566
116	177	0.815042
116	178	0.698888
116	179	0.724968
117	42	1.79578
117	80	0.746112
117	88	0.806319
117	96	0.711822
117	98	0.756194
117	108	0.733347
117	113	0.65831
117	120	0.710803
117	127	0.733869
117	128	0.726878
117	130	2.26885
117	136	0.732546
117	138	0.728352
117	139	0.720434
117	141	0.734612
117	145	0.730553
117	146	0.727874
117	148	0.753594
117	155	0.734731
117	156	0.728166
117	157	0.74865
117	159	0.743487
117	160	0.727503
117	162	2.24925
117	167	3.43304
117	177	0.777376
117	180	3.05881
118	12	2.49147
118	40	0.835539
118	108	1.84284
118	112	0.783004
118	121	0.788841
118	124	1.25604
118	129	1.04136
118	137	0.811475
118	138	0.93508
118	141	1.25326
118	144	0.785648
118	149	0.799561
118	150	0.779701
118	152	0.775592
118	153	0.816615
118	161	0.782639
118	163	0.795262
118	164	0.758697
118	168	0.76841
118	169	0.742792
118	170	0.778756
118	171	0.738721
118	173	0.736834
118	175	0.730553
118	176	0.720002
118	178	0.720325
118	179	0.746405
119	7	0.703085
119	12	0.695084
119	28	0.750364
119	29	0.745124
119	39	0.736478
119	45	0.724404
119	46	0.729536
119	55	0.708561
119	56	0.780193
119	58	0.712721
119	65	0.762131
119	66	0.705233
119	70	0.699644
119	72	2.01442
119	99	2.17607
119	100	0.742095
119	105	0.733294
119	116	0.7502
119	124	0.721305
119	129	0.716596
119	131	0.744716
119	133	0.737565
119	154	0.685839
119	158	3.49263
119	160	2.41849
119	161	2.58667
119	172	0.739115
119	177	0.769796
120	42	1.78418
120	68	0.759068
120	72	1.89259
120	83	1.81636
120	88	0.797006
120	93	0.713805
120	95	0.752472
120	96	0.70251
120	101	0.699549
120	108	0.724034
120	117	0.710803
120	126	0.721324
120	127	0.724557
120	136	0.723234
120	138	0.71904
120	139	0.711122
120	141	0.7253
120	145	0.721241
120	146	0.718562
120	148	0.744281
120	155	0.725418
120	156	0.718853
120	157	0.739338
120	159	0.734175
120	160	0.718191
120	162	2.23766
120	176	4.47744
120	177	0.768064
121	30	1.49401
121	67	2.54584
121	89	2.27508
121	118	0.788841
121	125	0.763777
121	135	0.743415
121	138	1.98473
121	143	0.781311
121	144	0.736169
121	147	0.77295
121	150	0.730223
121	153	0.767136
121	156	2.3378
121	158	0.698823
121	161	0.733161
121	162	0.737271
121	163	0.745784
121	164	0.709219
121	166	0.735541
121	167	0.685938
121	168	0.718931
121	169	0.693314
121	170	0.729277
121	171	0.689243
121	173	0.687356
121	174	0.693352
121	176	0.670524
121	178	0.670846
121	179	0.696927
122	9	1.40054
122	28	1.89511
122	39	2.26233
122	92	0.789991
122	114	0.771547
122	142	0.794771
122	143	0.816195
122	147	0.807834
122	150	0.765106
122	151	0.765039
122	153	0.802019
122	159	1.82183
122	161	0.768044
122	162	0.772154
122	163	0.780667
122	164	0.744102
122	166	0.770424
122	167	0.720821
122	169	0.728197
122	170	0.76416
122	171	0.724126
122	172	1.35786
122	173	0.722239
122	174	0.728235
122	175	0.715958
122	176	0.705407
122	177	1.43715
122	178	0.70573
122	179	0.73181
123	2	0.660703
123	12	0.653948
123	13	0.613828
123	50	4.00097
123	77	3.82524
123	87	3.77379
123	105	0.692158
123	124	0.680169
123	128	0.678162
123	129	0.67546
123	131	0.70358
123	133	0.696429
123	145	0.681836
123	148	0.704877
123	153	0.708796
123	155	0.686014
123	156	0.679449
123	157	0.699933
123	159	0.69477
123	167	0.627598
123	169	0.634974
123	170	0.670937
123	171	0.630903
123	172	0.697979
123	174	0.635011
123	176	0.612184
123	177	0.72866
123	178	0.612506
123	179	0.638586
124	7	0.719435
124	12	0.711434
124	28	0.766714
124	29	0.761474
124	39	0.752828
124	45	0.740754
124	46	0.745887
124	55	0.724912
124	56	0.796543
124	58	0.729071
124	65	0.778481
124	66	0.721583
124	70	0.715995
124	100	0.758445
124	103	0.761155
124	105	0.749645
124	116	0.766551
124	118	1.25604
124	119	0.721305
124	123	0.680169
124	129	0.732946
124	131	0.761066
124	133	0.753916
124	149	2.48437
124	150	2.47278
124	152	2.6848
124	154	0.702189
124	158	3.43139
124	161	2.52544
124	172	0.755465
124	177	0.786146
125	21	3.14063
125	27	0.698699
125	71	1.41265
125	90	0.825761
125	94	1.52445
125	97	2.12803
125	109	0.771066
125	121	0.763777
125	127	1.82789
125	130	0.779679
125	135	0.767829
125	147	0.797364
125	150	0.754636
125	151	0.75457
125	159	1.38267
125	161	0.757574
125	162	0.761685
125	163	0.770197
125	164	0.733632
125	166	0.759954
125	167	0.710352
125	168	0.743345
125	170	0.753691
125	171	0.713657
125	173	0.711769
125	174	0.717765
125	175	0.705488
125	176	0.694938
125	178	0.69526
125	179	0.72134
125	180	0.731568
126	18	0.711782
126	19	0.774499
126	33	2.26323
126	34	0.700654
126	61	0.729605
126	68	0.778901
126	92	1.59578
126	93	0.733638
126	100	0.760196
126	101	0.719382
126	108	0.743868
126	109	2.43967
126	111	0.73849
126	115	0.736479
126	120	0.721324
126	128	0.737399
126	134	1.7779
126	136	0.743067
126	141	0.745133
126	145	0.741074
126	146	0.738395
126	148	0.764115
126	154	3.03838
126	155	0.745251
126	156	0.738686
126	157	0.759171
126	159	0.754008
126	160	0.738024
126	165	0.72856
126	166	2.71624
126	177	0.787897
127	61	0.732837
127	62	0.732581
127	63	0.732536
127	64	0.733886
127	74	0.764163
127	77	0.780012
127	79	0.780091
127	82	0.764717
127	87	0.748809
127	88	0.820072
127	89	0.741742
127	91	0.750962
127	97	0.776788
127	112	2.78694
127	117	0.733869
127	120	0.724557
127	125	1.82789
127	138	0.742106
127	139	0.734188
127	147	1.72166
127	148	0.767347
127	149	2.44207
127	156	0.741919
127	158	0.702952
127	159	0.757241
127	160	0.741257
127	161	2.48314
127	164	2.73297
127	172	0.760449
127	180	0.711285
128	9	0.792243
128	18	0.708024
128	19	0.770741
128	75	0.746334
128	76	0.748885
128	93	0.72988
128	94	0.769041
128	98	0.762957
128	103	0.759148
128	114	2.36747
128	115	0.732721
128	116	1.27558
128	117	0.726878
128	123	0.678162
128	126	0.737399
128	132	1.54389
128	134	1.75857
128	139	0.727197
128	141	0.741375
128	145	0.737316
128	146	0.734637
128	148	0.760357
128	156	0.734928
128	157	0.755413
128	158	0.695961
128	159	0.75025
128	160	0.734266
128	172	0.753458
128	173	3.89297
128	177	0.784139
128	179	3.579
129	2	0.71348
129	7	0.714726
129	12	0.706725
129	28	0.762005
129	29	0.756765
129	39	0.748119
129	45	0.736045
129	46	0.741178
129	55	0.720203
129	56	0.791835
129	58	0.724362
129	65	0.773772
129	66	0.716874
129	70	0.711286
129	100	0.753736
129	103	0.756446
129	105	0.744936
129	116	0.761842
129	118	1.04136
129	119	0.716596
129	123	0.67546
129	124	0.732946
129	131	0.756357
129	133	0.749207
129	144	2.00822
129	154	0.69748
129	158	3.2167
129	160	2.14257
129	172	0.750756
129	175	4.01226
129	177	0.781437
129	180	2.89313
130	1	1.51439
130	55	2.15648
130	69	2.90953
130	75	2.19804
130	79	1.75271
130	84	0.748757
130	92	0.77101
130	99	0.768353
130	109	0.762555
130	114	0.752567
130	117	2.26885
130	125	0.779679
130	134	0.782834
130	144	0.752072
130	150	0.746125
130	152	0.742016
130	153	0.783038
130	161	0.749063
130	162	0.753173
130	163	0.761686
130	166	0.751443
130	167	0.701841
130	168	0.734834
130	169	0.709216
130	170	0.74518
130	171	0.705145
130	173	0.703258
130	174	0.709254
130	175	0.696977
130	176	0.686426
130	178	0.686749
130	179	0.712829
131	2	0.741601
131	7	0.742846
131	12	0.734846
131	28	0.790125
131	29	0.784885
131	32	0.680951
131	39	0.776239
131	45	0.764165
131	46	0.769298
131	55	0.748323
131	56	0.819955
131	58	0.752482
131	65	0.801892
131	66	0.744995
131	70	0.739406
131	100	0.781856
131	105	0.773056
131	106	1.70525
131	116	0.789962
131	119	0.744716
131	123	0.70358
131	124	0.761066
131	129	0.756357
131	133	0.777327
131	134	1.7679
131	140	2.54563
131	142	1.85876
131	154	0.7256
131	158	3.23445
131	162	2.1013
131	172	0.778877
131	177	0.809557
131	180	2.91087
132	17	0.719935
132	34	1.95345
132	52	0.794681
132	83	0.80584
132	97	2.008
132	106	0.776741
132	108	2.33696
132	128	1.54389
132	134	0.798307
132	141	1.74738
132	142	0.791263
132	143	0.812686
132	144	0.767545
132	147	0.804326
132	149	0.781458
132	150	0.761598
132	151	0.761531
132	155	1.33359
132	159	1.26264
132	161	0.764536
132	162	0.768646
132	163	0.777159
132	164	0.740594
132	166	0.766916
132	167	0.717313
132	168	0.750306
132	169	0.724689
132	171	0.720618
132	173	0.718731
132	174	0.724727
132	175	0.71245
132	176	0.701899
132	178	0.702221
132	179	0.728302
133	2	0.73445
133	7	0.735696
133	12	0.727695
133	28	0.782974
133	29	0.777734
133	32	0.6738
133	39	0.769088
133	45	0.757015
133	46	0.762147
133	55	0.741172
133	56	0.812804
133	58	0.745331
133	65	0.794742
133	66	0.737844
133	70	0.732255
133	100	0.774706
133	103	0.777415
133	105	0.765905
133	116	0.782811
133	119	0.737565
133	123	0.696429
133	124	0.753916
133	129	0.749207
133	131	0.777327
133	144	2.17773
133	151	2.57701
133	153	1.91174
133	154	0.718449
133	160	2.31208
133	163	2.26246
133	168	2.57542
133	169	3.06734
133	172	0.771726
133	177	0.802407
134	35	3.10736
134	59	0.796617
134	85	0.803876
134	106	0.772935
134	114	0.764233
134	126	1.7779
134	128	1.75857
134	130	0.782834
134	131	1.7679
134	132	0.798307
134	135	0.770984
134	137	0.789566
134	138	1.64388
134	143	0.80888
134	147	0.800519
134	150	0.757792
134	152	0.753683
134	157	0.957195
134	161	0.76073
134	162	0.76484
134	163	0.773353
134	164	0.736788
134	166	0.76311
134	167	0.713507
134	169	0.720883
134	170	0.756846
134	171	0.716812
134	174	0.720921
134	175	0.708644
134	176	0.698093
134	177	1.09265
134	178	0.698415
134	179	0.724496
134	180	0.734724
135	1	1.64114
135	45	2.43158
135	74	2.46674
135	78	0.794142
135	94	2.09886
135	104	1.91068
135	109	0.750705
