1	3	0.707015
1	83	3.02595
1	90	0.78783
1	94	0.786684
1	124	0.776549
1	142	0.788513
1	149	0.826667
1	155	0.802939
1	172	0.73135
1	175	0.756058
1	179	0.721211
1	180	0.715615
2	13	0.891027
2	20	0.891027
2	23	0.857441
2	38	0.857458
2	62	0.803851
2	65	0.908608
2	70	0.883911
2	76	1.32933
2	177	0.754237
2	178	0.798653
2	179	3.5507
2	180	0.753171
3	1	0.707015
3	54	0.823977
3	87	0.877038
3	129	3.04619
3	139	0.818005
3	165	0.702094
3	166	0.797151
3	168	0.727386
3	172	0.733916
3	174	0.731329
3	175	0.758624
3	179	0.723777
4	7	0.877675
4	14	0.881139
4	16	0.846383
4	32	0.845545
4	43	0.813207
4	46	0.792794
4	48	0.879342
4	56	1.80753
4	63	0.864872
4	71	0.777766
4	117	0.820553
4	122	2.85802
5	9	0.90157
5	11	0.888278
5	29	0.85738
5	30	0.86004
5	34	0.767919
5	41	0.820374
5	45	0.81595
5	69	0.854404
5	88	0.818714
5	98	0.814026
5	157	2.42832
5	171	2.39959
6	8	0.919336
6	10	0.802323
6	27	0.811169
6	31	0.855928
6	73	0.746691
6	86	0.868705
6	87	2.0642
6	108	0.844029
6	117	0.849749
6	137	0.875983
6	166	2.69138
6	178	0.824876
7	4	0.877675
7	14	0.985198
7	16	0.950442
7	24	0.943218
7	46	0.896853
7	48	0.983401
7	63	0.968931
7	71	0.881825
7	89	1.38279
7	98	0.911626
7	127	1.93055
7	141	2.06278
8	6	0.919336
8	10	0.88965
8	15	1.01274
8	27	0.898495
8	31	0.943255
8	88	0.928778
8	107	1.29423
8	108	0.931356
8	137	0.96331
8	159	1.38812
8	176	2.73967
8	178	0.912202
9	5	0.90157
9	11	1.00331
9	29	0.972415
9	30	0.975075
9	34	0.882954
9	41	0.935409
9	45	0.930985
9	69	0.969439
9	80	1.57744
9	104	0.826765
9	118	1.20615
9	177	2.62398
10	6	0.802323
10	8	0.88965
10	15	0.895723
10	27	0.781483
10	77	0.915326
10	80	2.64923
10	86	0.839019
10	108	0.814343
10	111	2.18287
10	117	0.820063
10	137	0.846298
10	178	0.79519
11	5	0.888278
11	9	1.00331
11	29	0.959123
11	30	0.961784
11	34	0.869663
11	41	0.922117
11	45	0.917694
11	55	2.92006
11	69	0.956147
11	88	0.920458
11	108	1.39025
11	118	1.0644
12	89	0.990769
12	109	0.234444
12	122	0.97927
12	124	1.11814
12	136	0.521964
12	149	0.998069
12	160	0.895623
12	161	0.94001
12	167	0.917063
12	168	0.896222
12	176	0.891096
12	179	0.892613
13	2	0.891027
13	23	0.968905
13	38	0.968922
13	62	0.915315
13	65	1.02007
13	70	0.995376
13	73	5.4
13	154	1.62664
13	158	1.69958
13	177	0.865701
13	178	0.910117
13	180	0.864636
14	4	0.881139
14	7	0.985198
14	16	0.953906
14	24	0.946682
14	32	0.953068
14	43	0.92073
14	46	0.900317
14	50	2.27735
14	63	0.972395
14	71	0.885289
14	75	1.52249
14	159	1.57312
15	8	1.01274
15	10	0.895723
15	31	0.949328
15	73	0.84009
15	88	0.934851
15	108	0.937429
15	115	1.26631
15	117	0.943149
15	137	0.969383
15	168	2.58214
15	171	1.5497
15	178	0.918276
16	4	0.846383
16	7	0.950442
16	14	0.953906
16	24	0.911925
16	43	0.885974
16	46	0.86556
16	48	0.952108
16	57	0.944662
16	63	0.937638
16	71	0.850533
16	120	2.03085
16	147	1.71395
16	177	2.04152
17	20	1.06514
17	121	1.63996
17	135	0.901181
17	163	0.886286
17	165	0.779329
17	166	0.874387
17	168	0.804622
17	170	0.782928
17	171	0.831395
17	173	0.804157
17	175	0.83586
17	176	0.799496
17	179	0.801013
18	37	0.93007
18	51	0.895798
18	87	0.900111
18	92	0.903864
18	99	0.891866
18	100	0.938857
18	133	0.905668
18	134	0.902446
18	140	0.894066
18	143	0.906432
18	144	0.930566
18	152	3.23309
18	166	1.52729
19	50	0.745158
19	127	0.784893
19	130	0.754998
19	135	0.827488
19	147	0.779358
19	148	3.30667
19	157	0.767076
19	162	0.78062
19	168	0.730929
19	172	0.737459
19	173	0.730464
19	174	0.734872
19	179	0.72732
20	2	0.891027
20	17	1.06514
20	23	0.968905
20	38	0.968922
20	62	0.915315
20	65	1.02007
20	70	0.995376
20	110	1.59398
20	161	2.17958
20	177	0.865701
20	178	0.910117
20	180	0.864636
21	61	0.925225
21	96	1.14358
21	153	1.5332
21	159	0.885364
21	162	0.843976
21	163	0.87595
21	169	0.788324
21	170	0.772591
21	172	0.800815
21	173	0.793821
21	174	0.798228
21	175	0.825523
21	179	0.790676
22	81	0.837877
22	83	0.828624
22	92	0.827488
22	97	0.819655
22	121	0.782197
22	133	0.829293
22	134	0.826071
22	140	0.817691
22	143	0.830056
22	144	0.854191
22	148	0.846817
22	154	3.24773
22	167	1.84736
23	2	0.857441
23	13	0.968905
23	20	0.968905
23	38	0.935336
23	62	0.881729
23	65	0.986486
23	70	0.961789
23	74	1.17833
23	102	1.57268
23	173	2.94733
23	177	0.832114
23	178	0.876531
23	180	0.831049
24	7	0.943218
24	14	0.946682
24	16	0.911925
24	32	0.911088
24	35	0.930577
24	43	0.87875
24	46	0.858336
24	48	0.944884
24	63	0.930414
24	71	0.843309
24	102	0.91145
24	150	2.95245
24	172	1.92392
25	103	0.933652
25	112	0.910335
25	114	0.904085
25	129	0.91189
25	131	0.907553
25	136	0.894981
25	142	0.906844
25	151	0.9067
25	153	0.903178
25	155	0.92127
25	167	1.7175
25	171	1.43598
25	179	2.62603
26	64	1.97716
26	101	0.902116
26	112	0.929267
26	113	0.87684
26	123	0.910435
26	136	0.913913
26	142	0.925776
26	151	0.925632
26	153	0.92211
26	155	0.940202
26	174	2.26607
26	177	0.853942
26	178	1.54122
27	6	0.811169
27	8	0.898495
27	10	0.781483
27	31	0.835088
27	59	3.28216
27	73	0.72585
27	77	0.924171
27	86	0.847865
27	88	0.820611
27	108	0.823189
27	117	0.828909
27	161	1.99837
27	178	0.804035
28	89	2.08104
28	93	0.827381
28	106	0.813316
28	108	2.95079
28	109	0.854862
28	124	0.814575
28	129	0.831585
28	131	0.827248
28	136	0.814676
28	142	0.826539
28	151	0.826395
28	153	0.822873
28	155	0.840965
29	5	0.85738
29	9	0.972415
29	11	0.959123
29	30	0.930885
29	35	0.942338
29	41	0.891219
29	45	0.886795
29	57	0.949199
29	69	0.925248
29	82	1.57896
29	104	0.782574
29	127	1.95639
29	139	2.12268
30	5	0.86004
30	9	0.975075
30	11	0.961784
30	29	0.930885
30	34	0.841424
30	41	0.893879
30	45	0.889455
30	69	0.927909
30	74	0.931175
30	98	0.887531
30	119	1.12981
30	166	1.59354
30	177	2.94897
31	6	0.855928
31	8	0.943255
31	15	0.949328
31	27	0.835088
31	77	0.968931
31	86	0.892624
31	88	0.86537
31	108	0.867948
31	117	0.873668
31	120	2.11474
31	137	0.899902
31	167	1.6431
31	178	0.848795
31	180	2.33105
32	4	0.845545
32	14	0.953068
32	24	0.911088
32	43	0.885136
32	46	0.864723
32	48	0.95127
32	63	0.936801
32	66	0.831115
32	71	0.849695
32	98	0.879495
32	117	0.892481
32	138	2.54532
32	159	1.48557
32	161	2.0143
33	79	0.903144
33	85	1.52389
33	112	0.896366
33	114	0.890116
33	120	0.856223
33	124	0.880911
33	129	0.897922
33	131	0.893584
33	142	0.892875
33	151	0.892731
33	153	0.889209
33	155	0.907301
33	178	1.65982
33	179	2.90617
34	5	0.767919
34	9	0.882954
34	11	0.869663
34	30	0.841424
34	35	0.852878
34	41	0.801758
34	45	0.797334
34	57	0.859739
34	69	0.835788
34	88	0.800098
34	98	0.79541
34	104	0.693114
34	139	2.23606
34	172	3.20232
35	24	0.930577
35	29	0.942338
35	34	0.852878
35	41	0.905333
35	43	0.904625
35	46	0.884212
35	69	0.939362
35	71	0.869184
35	102	1.8979
35	119	1.37264
35	175	2.69701
35	177	0.842681
35	178	0.887097
35	180	0.841616
36	112	0.906417
36	113	0.853989
36	114	0.900166
36	123	0.887585
36	129	0.907972
36	136	0.891063
36	142	0.902925
36	151	0.902782
36	153	0.899259
36	155	0.917351
36	159	1.61159
36	166	1.32076
36	177	0.831092
36	179	3.10241
37	18	0.93007
37	47	2.21518
37	50	2.52265
37	68	0.869381
37	74	1.19476
37	81	0.896097
37	91	0.941552
37	99	0.87371
37	121	0.840416
37	133	0.887513
37	134	0.884291
37	140	0.875911
37	143	0.888276
37	144	0.91241
38	2	0.857458
38	13	0.968922
38	20	0.968922
38	23	0.935336
38	62	0.881746
38	65	0.986503
38	70	0.961806
38	169	2.17454
38	170	2.77878
38	176	0.940441
38	177	0.832132
38	178	0.876548
38	180	0.831067
39	58	0.925156
39	83	0.873856
39	92	0.872721
39	97	0.864888
39	99	0.860723
39	121	0.827429
39	125	0.891403
39	126	0.940442
39	133	0.874525
39	134	0.871303
39	140	0.862923
39	143	0.875289
39	144	0.899423
39	164	3.80435
39	175	1.61015
40	50	0.877803
40	65	0.274889
40	93	1.41201
40	133	0.968394
40	159	0.954653
40	160	0.862976
40	165	0.838282
40	167	0.884416
40	168	0.863575
40	172	0.870104
40	173	0.86311
40	174	0.867518
40	176	0.858449
40	178	0.89985
40	179	0.859966
41	5	0.820374
41	9	0.935409
41	11	0.922117
41	29	0.891219
41	30	0.893879
41	34	0.801758
41	35	0.905333
41	45	0.849789
41	69	0.888243
41	74	0.891509
41	88	0.852553
41	98	0.847865
41	119	1.38755
41	127	1.79274
41	158	2.99918
42	53	0.921718
42	60	0.907261
42	72	0.895464
42	84	0.908487
42	90	0.916822
42	94	0.915677
42	96	0.95225
42	145	0.905966
42	148	0.930296
42	150	1.57067
42	156	1.39538
42	170	2.94886
42	180	0.844607
43	4	0.813207
43	14	0.92073
43	16	0.885974
43	24	0.87875
43	32	0.885136
43	35	0.904625
43	48	0.918932
43	57	0.911486
43	63	0.904463
43	66	0.798777
43	71	0.817357
43	82	1.3442
43	117	0.860143
43	146	2.35424
43	161	2.59974
44	66	2.99179
44	67	0.84439
44	79	0.873161
44	103	0.8897
44	106	0.849669
44	123	0.847551
44	124	0.850928
44	129	0.867938
44	131	0.863601
44	135	1.74677
44	136	0.851029
44	142	0.862892
44	151	0.862748
44	153	0.859226
44	155	0.877318
44	163	1.91962
45	5	0.81595
45	9	0.930985
45	11	0.917694
45	29	0.886795
45	30	0.889455
45	34	0.797334
45	41	0.849789
45	57	0.90777
45	69	0.883819
45	74	0.887085
45	85	2.31915
45	88	0.84813
45	98	0.843441
45	104	0.741145
45	127	1.86122
45	178	2.45509
46	4	0.792794
46	7	0.896853
46	14	0.900317
46	16	0.86556
46	24	0.858336
46	32	0.864723
46	35	0.884212
46	48	0.898519
46	57	0.891073
46	63	0.884049
46	71	0.796944
46	98	0.826744
46	116	2.58937
46	117	0.83973
46	177	1.86848
46	179	2.29471
47	37	2.21518
47	66	0.772767
47	80	0.834363
47	88	2.0003
47	126	0.883874
47	149	0.874832
47	157	0.809132
47	166	0.84275
47	168	0.772985
47	170	0.751291
47	171	0.799759
47	172	0.779515
47	174	0.776928
47	176	0.767859
47	177	0.764845
47	179	0.769376
48	4	0.879342
48	7	0.983401
48	16	0.952108
48	24	0.944884
48	32	0.95127
48	43	0.918932
48	46	0.898519
48	54	0.907886
48	55	1.87994
48	57	0.977621
48	63	0.970597
48	71	0.883492
48	98	0.913292
48	117	0.926278
48	147	1.11455
48	165	3.46788
49	81	2.20635
49	91	1.11769
49	107	0.871622
49	115	0.838419
49	122	0.87341
49	150	0.809527
49	165	0.765069
49	167	0.811203
49	170	0.768668
49	172	0.796892
49	173	0.789897
49	175	0.8216
49	176	0.785236
49	177	0.782221
49	179	0.786753
50	14	2.27735
50	19	0.745158
50	37	2.52265
50	40	0.877803
50	118	0.846791
50	146	0.812786
50	154	0.756373
50	156	0.768048
50	159	0.850498
50	162	0.80911
50	163	0.841084
50	166	0.829185
50	174	0.763363
50	175	0.790658
50	176	0.754294
50	179	0.755811
51	18	0.895798
51	58	0.903871
51	68	0.83511
51	83	0.852572
51	91	0.907281
51	92	0.851436
51	121	0.806145
51	125	0.870119
51	133	0.853241
51	134	0.850019
51	140	0.841639
51	143	0.854004
51	144	0.878139
51	174	2.36936
51	178	1.64451
51	180	2.67027
52	66	0.783763
52	119	0.901442
52	129	2.07369
52	141	0.868927
52	150	0.803146
52	151	1.55691
52	152	0.787424
52	165	0.758689
52	169	0.77802
52	170	0.762287
52	171	0.810755
52	173	0.783517
52	174	0.787924
52	175	0.815219
52	176	0.778855
52	179	0.780372
53	42	0.921718
53	60	0.866545
53	66	2.10821
53	72	0.854748
53	84	0.867771
53	90	0.876106
53	94	0.874961
53	96	0.911533
53	127	0.867061
53	130	1.99256
53	137	0.90048
53	145	0.86525
53	148	0.88958
53	173	2.27029
53	180	0.803891
54	3	0.823977
54	48	0.907886
54	93	1.68411
54	94	0.89562
54	110	0.904944
54	147	0.890211
54	156	0.85041
54	159	0.93286
54	160	0.841183
54	164	0.812669
54	166	0.911547
54	171	0.868555
54	172	0.848311
54	173	0.841317
54	176	0.836656
54	179	0.838173
55	11	2.92006
55	48	1.87994
55	122	0.85102
55	130	0.79204
55	138	0.78733
55	141	0.852917
55	146	0.821338
55	149	0.869819
55	158	0.815714
55	159	0.85905
55	164	0.738859
55	170	0.746278
55	173	0.767507
55	174	0.771914
55	176	0.762846
55	179	0.764363
56	4	1.80753
56	62	0.880901
56	84	0.894102
56	90	0.902437
56	96	0.937865
56	124	1.08087
56	128	0.876774
56	136	0.484693
56	156	0.848056
56	163	0.921092
56	171	0.866201
56	177	0.831287
56	178	0.875703
56	179	0.835819
56	180	0.830222
57	16	0.944662
57	29	0.949199
57	34	0.859739
57	43	0.911486
57	45	0.90777
57	46	0.891073
57	48	0.977621
57	69	0.946223
57	71	0.876045
57	84	0.912357
57	94	0.919547
57	96	0.95612
57	120	2.19075
57	138	2.19657
57	162	1.46685
57	175	1.70662
57	180	0.848477
58	39	0.925156
58	51	0.903871
58	81	0.922326
58	91	0.967781
58	97	0.904104
58	99	0.899939
58	121	0.866645
58	125	0.93062
58	130	1.77075
58	133	0.913742
58	134	0.91052
58	139	0.720041
58	140	0.90214
58	143	0.914505
58	144	0.938639
58	169	3.48878
58	172	1.6863
59	27	3.28216
59	106	0.803115
59	117	1.1069
59	121	0.764509
59	134	0.808383
59	140	0.800003
59	143	0.812369
59	144	0.836503
59	147	0.801074
59	153	0.812672
59	155	0.830764
59	166	0.82241
59	171	0.779419
59	173	0.752181
59	175	0.783883
59	177	0.744505
59	179	0.749036
60	42	0.907261
60	53	0.866545
60	72	0.840291
60	84	0.853314
60	90	0.861649
60	94	0.860504
60	96	0.897077
60	117	0.859789
60	127	0.852604
60	137	0.886023
60	145	0.850793
60	148	0.875123
60	149	1.15997
60	176	2.88907
60	177	2.60211
60	180	0.789434
61	21	0.925225
61	82	0.977585
61	86	0.108152
61	94	0.572232
61	115	0.924188
61	132	0.89653
61	137	0.949897
61	138	0.895489
61	145	0.836079
61	149	0.977978
61	162	0.925822
61	163	0.957796
61	170	0.854437
61	171	0.902905
61	172	0.882661
61	175	0.907369
61	179	0.872522
62	2	0.803851
62	13	0.915315
62	20	0.915315
62	23	0.881729
62	38	0.881746
62	56	0.880901
62	65	0.932895
62	70	0.908199
62	74	1.63402
62	86	0.86677
62	98	0.834828
62	163	2.16878
62	167	2.83997
62	177	0.778524
62	178	0.82294
62	180	0.777459
63	4	0.864872
63	7	0.968931
63	14	0.972395
63	16	0.937638
63	24	0.930414
63	32	0.936801
63	43	0.904463
63	46	0.884049
63	48	0.970597
63	66	0.850441
63	71	0.869022
63	98	0.898822
63	117	0.911808
63	150	1.85438
63	160	1.76944
63	169	2.62832
63	179	1.5335
64	26	1.97716
64	118	0.872508
64	146	0.838503
64	150	0.804302
64	152	0.78858
64	153	2.20619
64	154	0.78209
64	162	0.834827
64	164	0.756024
64	167	0.805978
64	168	0.785137
64	170	0.763443
64	172	0.791666
64	175	0.816375
64	176	0.780011
64	179	0.781528
65	2	0.908608
65	13	1.02007
65	20	1.02007
65	23	0.986486
65	38	0.986503
65	40	0.274889
65	62	0.932895
65	70	1.01296
65	98	0.939585
65	120	2.06366
65	152	2.4247
65	175	1.57954
65	177	0.883281
65	178	0.927698
65	180	0.882216
66	32	0.831115
66	43	0.798777
66	44	2.99179
66	47	0.772767
66	52	0.783763
66	53	2.10821
66	63	0.850441
66	71	0.763336
66	100	0.837122
66	143	0.804697
66	144	0.828831
66	148	0.821457
66	150	0.764138
66	158	0.792715
66	162	0.794664
66	164	0.715861
66	179	0.741364
67	44	0.84439
67	75	2.01168
67	93	0.854917
67	109	0.882398
67	111	1.614
67	112	0.857566
67	113	0.805139
67	114	0.851316
67	123	0.838734
67	124	0.84211
67	131	0.854784
67	136	0.842212
67	142	0.854075
67	151	0.853931
67	153	0.850409
67	155	0.868501
67	180	3.33255
68	37	0.869381
68	51	0.83511
68	83	0.844311
68	91	0.89902
68	92	0.843175
68	97	0.835342
68	100	0.878169
68	121	0.797884
68	125	0.861858
68	126	1.61675
68	133	0.84498
68	134	0.841758
68	140	0.833378
68	143	0.845743
68	144	0.869878
68	167	2.29895
68	168	3.04987
69	5	0.854404
69	9	0.969439
69	11	0.956147
69	29	0.925248
69	30	0.927909
69	34	0.835788
69	35	0.939362
69	41	0.888243
69	45	0.883819
69	57	0.946223
69	74	0.925538
69	88	0.886583
69	98	0.881895
69	104	0.779598
69	135	1.57897
69	146	2.12396
69	163	1.75183
69	175	2.41053
70	2	0.883911
70	13	0.995376
70	20	0.995376
70	23	0.961789
70	38	0.961806
70	62	0.908199
70	65	1.01296
70	86	0.94683
70	98	0.914888
70	126	1.06854
70	163	1.07956
70	168	2.50166
70	177	0.858585
70	178	0.903001
70	179	2.65928
70	180	0.85752
71	4	0.777766
71	7	0.881825
71	14	0.885289
71	16	0.850533
71	24	0.843309
71	32	0.849695
71	35	0.869184
71	43	0.817357
71	46	0.796944
71	48	0.883492
71	57	0.876045
71	63	0.869022
71	66	0.763336
71	76	0.904005
71	98	0.811717
71	117	0.824703
71	154	3.61721
71	177	2.69914
72	42	0.895464
72	53	0.854748
72	60	0.840291
72	84	0.841517
72	90	0.849852
72	94	0.848707
72	96	0.88528
72	108	0.842272
72	117	0.847992
72	127	0.840807
72	137	0.874226
72	145	0.838996
72	148	0.863326
72	149	1.84968
72	162	2.55725
72	171	2.528
72	180	0.777637
73	6	0.746691
73	13	5.4
73	15	0.84009
73	27	0.72585
73	104	0.649148
73	109	0.795298
73	117	0.764431
73	124	0.75501
73	151	0.766831
73	153	0.763309
73	155	0.7814
73	157	0.739428
73	158	0.751024
73	168	0.703282
73	170	0.681588
73	176	0.698156
73	178	0.739557
73	179	0.699673
74	23	1.17833
74	30	0.931175
74	37	1.19476
74	41	0.891509
74	45	0.887085
74	62	1.63402
74	69	0.925538
74	104	0.782864
74	129	0.905737
74	133	1.07958
74	142	0.900691
74	149	0.938845
74	151	0.900547
74	152	0.840441
74	153	0.897025
74	155	0.915117
74	163	0.918663
74	176	0.831872
74	179	0.833389
75	14	1.52249
75	67	2.01168
75	104	0.755097
75	139	0.899849
75	141	0.894176
75	142	1.56636
75	147	0.857659
75	156	0.817858
75	160	0.808631
75	162	0.858921
75	164	0.780118
75	166	0.878995
75	167	0.830072
75	171	0.836004
75	172	0.81576
75	173	0.808766
75	174	0.813173
75	175	0.840468
75	179	0.805621
76	2	1.32933
76	71	0.904005
76	84	1.11919
76	97	1.10306
76	130	0.895134
76	132	0.891465
76	156	0.879693
76	157	0.907212
76	158	0.918807
76	166	0.94083
76	170	0.849371
76	171	0.897839
76	172	0.877595
76	173	0.870601
76	174	0.875008
76	175	0.902303
76	176	0.86594
76	179	0.867456
76	180	0.86186
77	10	0.915326
77	27	0.924171
77	31	0.968931
77	113	0.91636
77	121	0.913466
77	128	1.58501
77	133	0.960563
77	134	0.957341
77	136	0.953433
77	143	0.961326
77	144	0.98546
77	146	0.755336
77	151	0.965152
77	153	0.96163
77	155	0.979721
77	169	2.46148
77	170	3.06572
77	178	0.937878
77	180	1.14607
78	107	0.835454
78	115	0.80225
78	122	0.837241
78	128	0.791539
78	131	2.53016
78	142	2.28738
78	152	0.757636
78	158	0.801935
78	163	0.835858
78	164	0.725081
78	165	0.728901
78	166	0.823958
78	167	0.775035
78	168	0.754193
78	170	0.732499
78	172	0.760723
78	173	0.753729
78	175	0.785431
78	176	0.749067
78	179	0.750584
79	33	0.903144
79	44	0.873161
79	80	1.77333
79	93	0.883688
79	101	0.859187
79	106	0.869623
79	109	0.911169
79	113	0.83391
79	124	0.870882
79	129	0.887893
79	130	2.6229
79	131	0.883555
79	136	0.870984
79	142	0.882846
79	151	0.882702
79	153	0.87918
79	155	0.897272
79	157	2.08479
79	177	0.811013
79	178	1.99977
80	9	1.57744
80	10	2.64923
80	47	0.834363
80	79	1.77333
80	110	0.869732
80	115	0.854627
80	132	0.826969
80	154	0.803522
80	160	0.805971
80	161	0.850358
80	164	0.777457
80	166	0.876335
80	167	0.827411
80	169	0.800608
80	170	0.784875
80	171	0.833343
80	172	0.813099
80	175	0.837808
80	176	0.801444
80	179	0.80296
81	22	0.837877
81	37	0.896097
81	49	2.20635
81	58	0.922326
81	83	0.871027
81	86	0.89284
81	92	0.869891
81	99	0.857893
81	100	0.904884
81	107	1.77796
81	121	0.824599
81	125	0.888574
81	133	0.871696
81	134	0.868474
81	140	0.860094
81	141	1.6547
81	143	0.872459
81	144	0.896593
81	145	0.864889
81	171	2.17262
82	29	1.57896
82	43	1.3442
82	61	0.977585
82	83	1.09907
82	129	0.849911
82	130	0.870713
82	149	0.948492
82	154	0.843597
82	156	0.855272
82	158	0.894386
82	161	0.890433
82	163	0.928309
82	164	0.817532
82	167	0.867486
82	168	0.846645
82	169	0.840683
82	171	0.873418
82	172	0.853174
82	174	0.850587
82	179	0.843035
83	1	3.02595
83	22	0.828624
83	39	0.873856
83	51	0.852572
83	68	0.844311
83	81	0.871027
83	82	1.09907
83	91	0.916482
83	92	0.860638
83	99	0.84864
83	100	0.895631
83	121	0.815346
83	125	0.87932
83	133	0.862442
83	134	0.859221
83	135	1.56413
83	137	0.890866
83	140	0.85084
83	143	0.863206
83	144	0.88734
83	159	1.82589
84	42	0.908487
84	53	0.867771
84	56	0.894102
84	57	0.912357
84	60	0.853314
84	72	0.841517
84	76	1.11919
84	85	0.823991
84	90	0.862875
84	94	0.86173
84	96	0.898302
84	108	0.855294
84	117	0.861014
84	127	0.85383
84	135	1.58798
84	137	0.887249
84	145	0.852019
84	148	0.876349
84	172	2.63291
84	174	2.81907
84	180	0.79066
85	33	1.52389
85	45	2.31915
85	84	0.823991
85	90	0.832327
85	94	0.831181
85	96	0.867754
85	97	0.818639
85	99	0.814475
85	123	1.82493
85	125	0.845155
85	140	0.816675
85	143	0.82904
85	144	0.853175
85	157	0.805464
85	159	0.860395
85	163	0.850982
85	175	0.800555
85	176	0.764191
85	177	0.761176
85	179	0.765708
85	180	0.760111
86	6	0.868705
86	10	0.839019
86	27	0.847865
86	31	0.892624
86	61	0.108152
86	62	0.86677
86	70	0.94683
86	81	0.89284
86	99	0.870454
86	125	0.901134
86	137	0.912679
86	140	0.872654
86	143	0.88502
86	144	0.909154
86	156	2.53069
86	158	1.75134
86	169	3.47993
86	177	0.817156
86	178	0.861572
86	180	0.816091
87	3	0.877038
87	6	2.0642
87	18	0.900111
87	96	0.218135
87	118	0.982214
87	119	1.0123
87	129	0.658716
87	142	0.698983
87	147	0.943272
87	150	0.914008
87	161	0.938631
87	162	0.944533
87	164	0.86573
87	167	0.915684
87	171	0.921616
87	173	0.894378
87	174	0.898785
87	175	0.926081
87	176	0.889717
87	179	0.891234
87	180	0.885637
88	5	0.818714
88	8	0.928778
88	11	0.920458
88	15	0.934851
88	27	0.820611
88	31	0.86537
88	34	0.800098
88	41	0.852553
88	45	0.84813
88	47	2.0003
88	69	0.886583
88	122	0.967766
88	123	0.846395
88	131	0.862444
88	137	0.885426
88	151	0.861591
88	153	0.858069
88	155	0.876161
88	167	2.18583
88	168	2.93674
88	178	0.834318
89	7	1.38279
89	12	0.990769
89	28	2.08104
89	121	1.32854
89	138	0.859096
89	144	0.275174
89	146	0.893104
89	154	0.836691
89	159	0.930816
89	163	0.921403
89	165	0.814446
89	167	0.86058
89	169	0.833777
89	170	0.818044
89	171	0.866512
89	172	0.846268
89	173	0.839274
89	174	0.843681
89	176	0.834612
89	178	0.876014
89	179	0.836129
90	1	0.78783
90	42	0.916822
90	53	0.876106
90	56	0.902437
90	60	0.861649
90	72	0.849852
90	84	0.862875
90	85	0.832327
90	94	0.870065
90	96	0.906638
90	108	0.86363
90	117	0.86935
90	127	0.862165
90	135	1.8539
90	137	0.895584
90	145	0.860354
90	148	0.884684
90	161	2.64438
90	166	1.82482
90	171	2.41643
90	180	0.798995
91	37	0.941552
91	49	1.11769
91	51	0.907281
91	58	0.967781
91	68	0.89902
91	83	0.916482
91	92	0.915346
91	97	0.907513
91	108	0.755802
91	121	0.870055
91	125	0.934029
91	133	0.917151
91	134	0.913929
91	138	1.84294
91	140	0.905549
91	143	0.917914
91	144	0.942049
91	145	0.910344
91	148	0.934675
91	162	1.11322
91	165	3.87355
92	18	0.903864
92	22	0.827488
92	39	0.872721
92	51	0.851436
92	68	0.843175
92	81	0.869891
92	83	0.860638
92	91	0.915346
92	97	0.851669
92	100	0.894496
92	116	2.06678
92	121	0.81421
92	125	0.878185
92	133	0.861307
92	134	0.858085
92	140	0.849705
92	143	0.86207
92	144	0.886204
92	150	2.093
92	160	2.00806
92	169	2.86694
93	28	0.827381
93	40	1.41201
93	54	1.68411
93	67	0.854917
93	79	0.883688
93	101	0.84976
93	103	0.900227
93	106	0.860196
93	112	0.87691
93	123	0.858078
93	124	0.861455
93	131	0.874128
93	136	0.861556
93	139	1.96376
93	142	0.873419
93	148	0.88621
93	151	0.873275
93	153	0.869753
93	155	0.887845
93	157	2.47635
93	177	0.801586
94	1	0.786684
94	42	0.915677
94	53	0.874961
94	54	0.89562
94	57	0.919547
94	60	0.860504
94	61	0.572232
94	72	0.848707
94	84	0.86173
94	85	0.831181
94	90	0.870065
94	96	0.905492
94	108	0.862484
94	116	3.14385
94	117	0.868204
94	127	0.86102
94	128	3.06754
94	137	0.894439
94	145	0.859209
94	148	0.883539
94	180	0.79785
95	113	0.728942
95	116	0.920079
95	137	0.512711
95	140	1.15101
95	143	0.384245
95	145	0.398893
95	159	0.992313
95	162	0.950925
95	164	0.872122
95	166	0.971
95	167	0.922076
95	169	0.895273
95	170	0.87954
95	171	0.928008
95	172	0.907764
95	174	0.905177
95	175	0.932473
95	176	0.896109
95	177	0.893094
95	178	0.93751
95	179	0.897626
96	21	1.14358
96	42	0.95225
96	53	0.911533
96	56	0.937865
96	57	0.95612
96	60	0.897077
96	72	0.88528
96	84	0.898302
96	85	0.867754
96	87	0.218135
96	90	0.906638
96	94	0.905492
96	108	0.899057
96	117	0.904777
96	127	0.897592
96	137	0.931011
96	145	0.895781
96	148	0.920112
96	162	1.46617
96	164	3.90015
96	175	1.70595
96	180	0.834422
97	22	0.819655
97	39	0.864888
97	58	0.904104
97	68	0.835342
97	76	1.10306
97	85	0.818639
97	91	0.907513
97	92	0.851669
97	99	0.839671
97	100	0.886663
97	107	1.73971
97	121	0.806377
97	125	0.870352
97	133	0.853474
97	134	0.850252
97	140	0.841872
97	143	0.854237
97	144	0.878371
97	145	0.846667
97	148	0.870997
97	167	2.41589
97	176	3.18516
98	5	0.814026
98	7	0.911626
98	30	0.887531
98	32	0.879495
98	34	0.79541
98	41	0.847865
98	45	0.843441
98	46	0.826744
98	48	0.913292
98	62	0.834828
98	63	0.898822
98	65	0.939585
98	69	0.881895
98	70	0.914888
98	71	0.811717
98	105	2.14228
98	166	1.3999
98	172	2.47391
98	176	3.04229
98	177	0.785214
98	178	0.82963
98	180	0.784148
99	18	0.891866
99	37	0.87371
99	39	0.860723
99	58	0.899939
99	81	0.857893
99	83	0.84864
99	85	0.814475
99	86	0.870454
99	97	0.839671
99	100	0.882498
99	110	1.81223
99	120	0.81739
99	121	0.802213
99	125	0.866187
99	134	0.846087
99	139	1.68601
99	140	0.837707
99	143	0.850072
99	144	0.874206
99	148	0.866832
99	167	2.45139
99	180	3.13934
100	18	0.938857
100	66	0.837122
100	68	0.878169
100	81	0.904884
100	83	0.895631
100	92	0.894496
100	97	0.886663
100	99	0.882498
100	111	1.41262
100	121	0.849204
100	125	0.913178
100	132	1.87352
100	133	0.8963
100	134	0.893078
100	137	0.924723
100	140	0.884698
100	143	0.897064
100	144	0.921198
100	145	0.889493
100	146	2.14416
100	148	0.913824
100	166	1.5701
100	177	2.92553
101	26	0.902116
101	79	0.859187
101	93	0.84976
101	103	0.875726
101	106	0.835695
101	109	0.877241
101	110	2.34219
101	112	0.852409
101	113	0.799982
101	114	0.846159
101	115	2.41645
101	122	1.76329
101	123	0.833577
101	124	0.836953
101	131	0.849627
101	136	0.837055
101	142	0.848918
101	148	0.861708
101	151	0.848774
101	153	0.845252
101	155	0.863344
101	162	2.72909
101	177	0.777084
102	23	1.57268
102	24	0.91145
102	35	1.8979
102	111	0.914066
102	115	0.860095
102	118	0.899409
102	135	0.908597
102	136	1.94166
102	141	0.896983
102	157	0.848184
102	158	0.85978
102	160	0.811439
102	163	0.893702
102	164	0.782925
102	165	0.786745
102	166	0.881803
102	167	0.832879
102	169	0.806077
102	171	0.838811
102	174	0.81598
102	176	0.806912
102	178	0.848313
102	179	0.808429
103	25	0.933652
103	44	0.8897
103	93	0.900227
103	101	0.875726
103	109	0.927708
103	111	1.0817
103	112	0.902876
103	113	0.850449
103	114	0.896626
103	123	0.884044
103	124	0.88742
103	129	0.904431
103	131	0.900094
103	135	1.26825
103	142	0.899385
103	148	0.912176
103	151	0.899241
103	153	0.895719
103	155	0.913811
103	160	3.25677
103	163	1.44111
103	177	0.827551
103	179	3.02083
104	9	0.826765
104	29	0.782574
104	34	0.693114
104	45	0.741145
104	69	0.779598
104	73	0.649148
104	74	0.782864
104	75	0.755097
104	107	0.772318
104	117	6.18906
104	121	0.702921
104	133	0.750018
104	134	0.746796
104	138	0.710416
104	140	0.738416
104	143	0.750781
104	144	0.774915
104	164	0.661945
104	166	0.760823
104	170	0.669364
104	177	0.682917
104	179	0.687449
104	180	0.681852
105	98	2.14228
105	111	0.893618
105	116	0.810433
105	132	0.811988
105	134	1.86933
105	144	1.62386
105	146	0.844955
105	150	0.810754
105	154	0.788542
105	156	0.800217
105	160	0.79099
105	161	0.835378
105	165	0.766297
105	169	0.785628
105	170	0.769895
105	172	0.798119
105	173	0.791125
105	174	0.795532
105	175	0.822827
105	176	0.786464
105	178	0.827865
105	179	0.78798
105	180	0.782384
106	28	0.813316
106	44	0.849669
106	59	0.803115
106	79	0.869623
106	93	0.860196
106	101	0.835695
106	109	0.887677
106	112	0.862846
106	113	0.810418
106	114	0.856595
106	123	0.844014
106	129	0.864401
106	131	0.860063
106	136	0.847492
106	142	0.859354
106	146	2.03584
106	151	0.859211
106	153	0.855688
106	155	0.87378
106	162	2.08263
106	172	2.53578
106	174	2.72194
106	177	0.787521
107	8	1.29423
107	49	0.871622
107	78	0.835454
107	81	1.77796
107	97	1.73971
107	104	0.772318
107	109	1.78955
107	122	0.9095
107	158	0.874194
107	160	0.825853
107	161	0.87024
107	162	0.876142
107	163	0.908116
107	164	0.797339
107	165	0.801159
107	167	0.847293
107	169	0.820491
107	170	0.804758
107	172	0.832981
107	173	0.825987
107	174	0.830395
107	175	0.85769
107	179	0.822843
107	180	0.817246
108	6	0.844029
108	8	0.931356
108	10	0.814343
108	11	1.39025
108	15	0.937429
108	27	0.823189
108	28	2.95079
108	31	0.867948
108	72	0.842272
108	84	0.855294
108	90	0.86363
108	91	0.755802
108	94	0.862484
108	96	0.899057
108	129	1.54934
108	146	0.853986
108	154	0.797573
108	165	0.775327
108	172	0.80715
108	174	0.804563
108	176	0.795494
108	178	0.836896
108	179	0.797011
108	180	0.791414
109	12	0.234444
109	28	0.854862
109	67	0.882398
109	73	0.795298
109	79	0.911169
109	101	0.877241
109	103	0.927708
109	106	0.887677
109	107	1.78955
109	113	0.851964
109	114	0.898141
109	123	0.885559
109	124	0.888936
109	129	0.905946
109	131	0.901609
109	136	0.889037
109	141	1.6663
109	142	0.9009
109	151	0.900756
109	153	0.897234
109	155	0.915326
109	157	2.21295
109	177	0.829067
109	180	3.15368
110	20	1.59398
110	54	0.904944
110	80	0.869732
110	99	1.81223
110	101	2.34219
110	132	0.828753
110	138	0.827712
110	139	0.898973
110	144	1.11544
110	146	0.86172
110	150	0.827519
110	152	0.811797
110	158	0.856096
110	161	0.852142
110	165	0.783061
110	166	0.878119
110	167	0.829196
110	169	0.802393
110	170	0.78666
110	172	0.814884
110	173	0.807889
110	174	0.812297
110	175	0.839592
110	176	0.803228
110	179	0.804745
111	10	2.18287
111	67	1.614
111	100	1.41262
111	102	0.914066
111	103	1.0817
111	105	0.893618
111	112	0.583167
111	119	0.96468
111	127	0.901184
111	138	0.866578
111	152	0.850663
111	154	0.844173
111	157	0.883366
111	160	0.846621
111	161	0.891008
111	163	0.928884
111	165	0.821927
111	166	0.916985
111	168	0.84722
111	169	0.841259
111	171	0.873993
111	174	0.851162
111	175	0.878458
111	176	0.842094
111	179	0.843611
112	25	0.910335
112	26	0.929267
112	33	0.896366
112	36	0.906417
112	67	0.857566
112	93	0.87691
112	101	0.852409
112	103	0.902876
112	106	0.862846
112	111	0.583167
112	113	0.827132
112	114	0.873309
112	124	0.864104
112	129	0.881115
112	131	0.876777
112	136	0.864206
112	142	0.876068
112	147	1.7685
112	151	0.875925
112	153	0.872402
112	155	0.890494
112	158	1.88855
112	161	1.56021
112	165	4.12184
112	177	0.804235
113	26	0.87684
113	36	0.853989
113	67	0.805139
113	77	0.91636
113	79	0.83391
113	95	0.728942
113	101	0.799982
113	103	0.850449
113	106	0.810418
113	109	0.851964
113	112	0.827132
113	114	0.820882
113	123	0.8083
113	124	0.811677
113	129	0.828688
113	131	0.82435
113	136	0.811778
113	142	0.823641
113	145	0.812102
113	151	0.823497
113	153	0.819975
113	155	0.838067
113	160	3.67902
113	173	3.09761
113	177	0.751808
113	178	2.19674
114	25	0.904085
114	33	0.890116
114	36	0.900166
114	67	0.851316
114	101	0.846159
114	103	0.896626
114	106	0.856595
114	109	0.898141
114	112	0.873309
114	113	0.820882
114	123	0.854477
114	124	0.857854
114	126	1.19537
114	127	0.86009
114	128	3.00446
114	129	0.874864
114	131	0.870527
114	136	0.857955
114	142	0.869818
114	151	0.869674
114	152	2.71025
114	153	0.866152
114	155	0.884244
114	171	1.59605
114	173	2.44063
114	177	0.797985
115	15	1.26631
115	49	0.838419
115	61	0.924188
115	78	0.80225
115	80	0.854627
115	101	2.41645
115	102	0.860095
115	128	0.830595
115	130	0.817317
115	131	1.87716
115	146	0.846614
115	148	1.06376
115	149	0.895095
115	150	0.812413
115	156	0.801876
115	157	0.829395
115	159	0.884327
115	163	0.874913
115	164	0.764136
115	167	0.81409
115	168	0.793248
115	169	0.787287
115	172	0.799778
115	173	0.792784
115	176	0.788123
115	179	0.789639
116	46	2.58937
116	92	2.06678
116	94	3.14385
116	95	0.920079
116	105	0.810433
116	130	0.788104
116	139	0.854654
116	147	0.812464
116	152	0.767478
116	158	0.811777
116	159	0.855114
116	160	0.763436
116	161	0.807824
116	163	0.8457
116	164	0.734923
116	165	0.738743
116	166	0.8338
116	169	0.758074
116	170	0.742341
116	173	0.763571
116	174	0.767978
116	175	0.795273
116	176	0.75891
116	177	0.755895
116	179	0.760426
116	180	0.75483
117	4	0.820553
117	6	0.849749
117	10	0.820063
117	15	0.943149
117	27	0.828909
117	31	0.873668
117	32	0.892481
117	43	0.860143
117	46	0.83973
117	48	0.926278
117	59	1.1069
117	60	0.859789
117	63	0.911808
117	71	0.824703
117	72	0.847992
117	73	0.764431
117	84	0.861014
117	90	0.86935
117	94	0.868204
117	96	0.904777
117	104	6.18906
117	128	1.34298
117	137	0.893723
117	158	1.07028
117	161	0.80342
117	178	0.842616
117	180	0.797135
118	9	1.20615
118	11	1.0644
118	50	0.846791
118	64	0.872508
118	87	0.982214
118	102	0.899409
118	124	2.4139
118	146	0.885928
118	151	0.706705
118	152	0.836005
118	155	0.916937
118	156	0.84119
118	157	0.868709
118	162	0.882253
118	163	0.914227
118	165	0.80727
118	166	0.902327
118	168	0.832562
118	169	0.826601
118	170	0.810868
118	172	0.839092
118	173	0.832098
118	174	0.836505
118	175	0.8638
118	178	0.868838
118	179	0.828953
118	180	0.823357
119	30	1.12981
119	35	1.37264
119	41	1.38755
119	52	0.901442
119	87	1.0123
119	111	0.96468
119	129	0.822159
119	132	0.883051
119	136	1.41639
119	138	0.88201
119	139	0.95327
119	146	0.916018
119	147	0.911081
119	155	0.515613
119	158	0.910394
119	162	0.912342
119	164	0.833539
119	165	0.837359
119	167	0.883493
119	168	0.862652
119	169	0.856691
119	170	0.840958
119	171	0.889425
119	172	0.869181
119	173	0.862187
119	174	0.866594
119	175	0.89389
119	179	0.859043
120	16	2.03085
120	31	2.11474
120	33	0.856223
120	57	2.19075
120	65	2.06366
120	99	0.81739
120	121	0.784096
120	123	0.820584
120	125	0.84807
120	129	0.840971
120	133	0.831192
120	134	0.82797
120	136	0.824062
120	140	0.81959
120	143	0.831955
120	144	0.85609
120	151	0.835781
120	153	0.832259
120	155	0.850351
120	156	0.78086
120	157	0.808379
120	159	0.86331
120	160	0.771633
120	161	0.81602
120	170	0.750538
120	171	0.799006
120	176	0.767106
120	179	0.768623
121	17	1.63996
121	22	0.782197
121	37	0.840416
121	39	0.827429
121	51	0.806145
121	58	0.866645
121	59	0.764509
121	68	0.797884
121	77	0.913466
121	81	0.824599
121	83	0.815346
121	89	1.32854
121	91	0.870055
121	92	0.81421
121	97	0.806377
121	99	0.802213
121	100	0.849204
121	104	0.702921
121	120	0.784096
121	125	0.832893
121	133	0.816015
121	134	0.812793
121	140	0.804413
121	143	0.816778
121	144	0.840913
121	145	0.809208
121	173	3.37103
121	177	3.29027
122	4	2.85802
122	12	0.97927
122	49	0.87341
122	55	0.85102
122	78	0.837241
122	88	0.967766
122	101	1.76329
122	107	0.9095
122	128	0.865586
122	131	1.224
122	147	0.876668
122	148	0.410601
122	149	0.930086
122	150	0.847404
122	156	0.836867
122	162	0.87793
122	164	0.799127
122	165	0.802947
122	168	0.828239
122	169	0.822278
122	170	0.806545
122	171	0.855013
122	172	0.834769
122	173	0.827775
122	174	0.832182
122	175	0.859477
122	176	0.823114
122	179	0.82463
123	26	0.910435
123	36	0.887585
123	44	0.847551
123	67	0.838734
123	85	1.82493
123	88	0.846395
123	93	0.858078
123	101	0.833577
123	103	0.884044
123	106	0.844014
123	109	0.885559
123	113	0.8083
123	114	0.854477
123	120	0.820584
123	124	0.845272
123	126	1.61647
123	129	0.862283
123	131	0.857945
123	136	0.845374
123	142	0.857236
123	145	0.845697
123	147	2.4534
123	151	0.857093
123	153	0.85357
123	155	0.871662
123	157	2.04589
123	177	0.785403
123	180	2.98662
124	1	0.776549
124	12	1.11814
124	28	0.814575
124	33	0.880911
124	44	0.850928
124	56	1.08087
124	67	0.84211
124	73	0.75501
124	79	0.870882
124	93	0.861455
124	101	0.836953
124	103	0.88742
124	109	0.888936
124	112	0.864104
124	113	0.811677
124	114	0.857854
124	118	2.4139
124	123	0.845272
124	127	0.850884
124	129	0.865659
124	132	2.77973
124	136	0.84875
124	142	0.860613
124	145	0.849073
124	151	0.860469
124	153	0.856947
124	155	0.875038
124	166	2.47631
124	177	0.788779
125	39	0.891403
125	51	0.870119
125	58	0.93062
125	68	0.861858
125	81	0.888574
125	83	0.87932
125	85	0.845155
125	86	0.901134
125	91	0.934029
125	92	0.878185
125	97	0.870352
125	99	0.866187
125	100	0.913178
125	120	0.84807
125	121	0.832893
125	133	0.879989
125	134	0.876767
125	137	0.908412
125	139	1.17145
125	140	0.868387
125	143	0.880753
125	144	0.904887
125	145	0.873183
125	148	0.897513
125	149	0.977001
125	162	1.68457
125	163	1.26565
125	170	4.54443
125	179	2.84537
126	39	0.940442
126	47	0.883874
126	68	1.61675
126	70	1.06854
126	114	1.19537
126	123	1.61647
126	130	0.880149
126	135	0.952639
126	137	1.63611
126	147	0.904509
126	149	0.957927
126	150	0.875245
126	157	0.892226
126	158	0.903822
126	159	0.947158
126	160	0.855481
126	162	0.90577
126	163	0.937744
126	165	0.830787
126	167	0.876921
126	168	0.85608
126	169	0.850119
126	170	0.834386
126	172	0.862609
126	173	0.855615
126	175	0.887318
126	176	0.850954
126	177	0.847939
126	179	0.852471
127	7	1.93055
127	19	0.784893
127	29	1.95639
127	41	1.79274
127	45	1.86122
127	53	0.867061
127	60	0.852604
127	72	0.840807
127	84	0.85383
127	90	0.862165
127	94	0.86102
127	96	0.897592
127	111	0.901184
127	114	0.86009
127	124	0.850884
127	136	0.850986
127	144	0.822934
127	145	0.851309
127	151	0.862705
127	153	0.859183
127	154	0.796109
127	155	0.877274
127	161	0.842944
127	163	0.88082
127	165	0.773863
127	174	0.803098
127	176	0.79403
127	177	0.791015
127	179	0.795547
127	180	0.78995
128	56	0.876774
128	77	1.58501
128	78	0.791539
128	94	3.06754
128	114	3.00446
128	115	0.830595
128	117	1.34298
128	122	0.865586
128	130	0.806606
128	132	0.802937
128	138	0.801895
128	139	0.873156
128	147	0.830966
128	150	0.801702
128	157	0.818684
128	160	0.781939
128	162	0.832228
128	166	0.852303
128	167	0.803379
128	168	0.782538
128	169	0.776576
128	170	0.760843
128	171	0.809311
128	172	0.789067
128	173	0.782073
128	174	0.78648
128	175	0.813776
128	176	0.777412
128	177	0.774397
128	179	0.778928
129	3	3.04619
129	25	0.91189
129	28	0.831585
129	33	0.897922
129	36	0.907972
129	44	0.867938
129	52	2.07369
129	74	0.905737
129	79	0.887893
129	82	0.849911
129	87	0.658716
129	103	0.904431
129	106	0.864401
129	108	1.54934
129	109	0.905946
129	112	0.881115
129	113	0.828688
129	114	0.874864
129	119	0.822159
129	120	0.840971
129	123	0.862283
129	124	0.865659
129	131	0.878333
129	136	0.865761
129	142	0.877624
129	148	0.890414
129	151	0.87748
129	153	0.873958
129	155	0.892049
129	177	0.80579
130	19	0.754998
130	53	1.99256
130	55	0.79204
130	58	1.77075
130	76	0.895134
130	79	2.6229
130	82	0.870713
130	115	0.817317
130	116	0.788104
130	126	0.880149
130	128	0.806606
130	134	2.28541
130	135	0.865819
130	139	0.859879
130	149	0.871107
130	156	0.777888
130	160	0.768661
130	162	0.818951
130	163	0.850925
130	164	0.740147
130	165	0.743967
130	167	0.790102
130	168	0.76926
130	169	0.763299
130	171	0.796034
130	172	0.77579
130	173	0.768795
130	175	0.800498
130	176	0.764134
130	178	0.805536
130	179	0.765651
131	25	0.907553
131	28	0.827248
131	33	0.893584
131	44	0.863601
131	67	0.854784
131	78	2.53016
131	79	0.883555
131	88	0.862444
131	93	0.874128
131	101	0.849627
131	103	0.900094
131	106	0.860063
131	109	0.901609
131	112	0.876777
131	113	0.82435
131	114	0.870527
131	115	1.87716
131	122	1.224
131	123	0.857945
131	129	0.878333
131	136	0.861423
131	142	0.873286
131	145	0.861746
131	148	0.886077
131	149	1.48224
131	151	0.873142
131	153	0.86962
131	155	0.887712
131	166	1.56894
131	175	2.42958
131	177	0.801453
132	61	0.89653
132	76	0.891465
132	80	0.826969
132	100	1.87352
132	105	0.811988
132	110	0.828753
132	119	0.883051
132	124	2.77973
132	128	0.802937
132	140	2.38691
132	141	0.850536
132	148	1.05896
132	149	0.867438
132	157	0.801737
132	158	0.813332
132	161	0.809379
132	163	0.847255
132	164	0.736478
132	165	0.740298
132	166	0.835355
132	167	0.786432
132	168	0.76559
132	169	0.759629
132	170	0.743896
132	171	0.792364
132	173	0.765126
132	174	0.769533
132	175	0.796828
132	176	0.760465
132	179	0.761981
132	180	0.756385
133	18	0.905668
133	22	0.829293
133	37	0.887513
133	39	0.874525
133	40	0.968394
133	51	0.853241
133	58	0.913742
133	68	0.84498
133	74	1.07958
133	77	0.960563
133	81	0.871696
133	83	0.862442
133	91	0.917151
133	92	0.861307
133	97	0.853474
133	100	0.8963
133	104	0.750018
133	120	0.831192
133	121	0.816015
133	125	0.879989
133	134	0.859889
133	137	0.891534
133	140	0.851509
133	143	0.863875
133	144	0.888009
133	145	0.856305
133	146	1.98647
133	147	2.44026
133	148	0.880635
133	168	3.03644
133	175	2.27304
134	18	0.902446
134	22	0.826071
134	37	0.884291
134	39	0.871303
134	51	0.850019
134	58	0.91052
134	59	0.808383
134	68	0.841758
134	77	0.957341
134	81	0.868474
134	83	0.859221
134	91	0.913929
134	92	0.858085
134	97	0.850252
134	99	0.846087
134	100	0.893078
134	104	0.746796
134	105	1.86933
134	120	0.82797
134	121	0.812793
134	125	0.876767
134	130	2.28541
134	133	0.859889
134	137	0.888313
134	140	0.848287
134	141	1.20065
134	143	0.860653
134	144	0.884787
134	145	0.853083
134	150	3.2295
134	166	1.12696
134	174	2.38713
135	17	0.901181
135	19	0.827488
135	44	1.74677
135	69	1.57897
135	83	1.56413
135	84	1.58798
135	90	1.8539
135	102	0.908597
135	103	1.26825
135	126	0.952639
135	130	0.865819
135	147	0.890179
135	149	0.943598
135	152	0.845194
135	154	0.838703
135	156	0.850378
135	158	0.889492
135	160	0.841152
135	161	0.885539
135	164	0.812638
135	165	0.816458
135	167	0.862592
135	168	0.841751
135	169	0.835789
135	170	0.820056
135	171	0.868524
135	174	0.845693
135	175	0.872989
135	176	0.836625
135	178	0.878026
