1	5	1.05752
1	38	0.942715
1	39	0.886923
1	44	1.07025
1	95	1.08137
1	109	1.01609
1	120	1.00467
1	161	1.02726
1	164	1.01339
1	172	1.05136
1	173	1.02418
1	178	1.10279
2	44	0.824327
2	69	1.02577
2	85	0.90347
2	103	0.922683
2	144	0.841192
2	159	1.09726
2	175	1.09801
2	176	0.980814
2	177	1.00331
2	178	1.0045
2	179	1.00506
2	180	1.00907
3	92	1.02994
3	111	0.987826
3	126	1.08109
3	130	1.00275
3	138	1.04664
3	144	1.03497
3	145	0.987083
3	152	0.996159
3	167	1.01395
3	174	1.04131
3	178	1.03205
3	179	1.01985
4	66	1.04027
4	92	1.03116
4	102	1.03638
4	129	1.01478
4	130	1.00397
4	135	0.937671
4	144	1.03619
4	151	1.07742
4	157	1.08474
4	160	1.03732
4	167	1.01517
4	171	0.960019
5	1	1.05752
5	38	0.958435
5	49	1.03964
5	55	0.891328
5	65	1.04734
5	109	1.03181
5	120	1.02039
5	151	1.05546
5	161	1.04298
5	166	1.01032
5	172	0.997111
5	176	1.12491
6	29	0.957797
6	39	0.987454
6	55	1.16151
6	57	0.884151
6	104	0.858209
6	116	0.862192
6	119	0.879693
6	138	1.23827
6	158	0.901489
6	167	0.869961
6	178	1.31872
6	179	1.30652
7	106	1.01731
7	111	0.997794
7	113	1.01405
7	130	1.01272
7	138	1.05661
7	144	1.04494
7	149	0.997749
7	155	1.00269
7	160	1.04607
7	167	1.02392
7	171	0.979961
7	179	1.07824
8	34	1.21262
8	70	0.922673
8	85	0.914627
8	93	0.865263
8	96	0.874983
8	98	0.963535
8	112	0.876988
8	122	0.896306
8	173	0.888874
8	175	1.1462
8	176	1.37061
8	178	1.29424
9	37	1.1136
9	43	1.03492
9	45	1.07411
9	96	0.977558
9	106	0.996781
9	122	0.998881
9	142	1.01043
9	151	1.07683
9	163	1.01034
9	166	1.03169
9	171	0.959433
9	173	0.991449
10	11	0.953069
10	12	1.12059
10	14	0.951687
10	22	1.01547
10	82	0.989102
10	145	1.04114
10	150	1.06858
10	158	1.0665
10	163	0.965941
10	165	0.972558
10	175	1.09943
10	180	1.02235
11	10	0.953069
11	14	0.783843
11	56	0.852585
11	76	1.00534
11	114	1.23391
11	145	0.873292
11	150	0.900734
11	158	0.898659
11	163	1.26337
11	171	1.21246
11	175	0.931587
11	179	1.31074
12	10	1.12059
12	113	1.21831
12	126	1.14601
12	137	1.14998
12	140	0.987863
12	166	0.913149
12	174	0.896218
12	176	0.860511
12	177	0.883003
12	178	0.884202
12	179	0.884756
12	180	0.888772
13	54	1.01573
13	60	0.986828
13	65	1.04894
13	86	1.04704
13	109	1.03341
13	120	1.02199
13	154	1.00834
13	155	0.997252
13	161	1.04458
13	162	1.09161
13	171	0.974525
13	173	1.00639
14	10	0.951687
14	11	0.783843
14	15	1.32665
14	47	0.913523
14	56	0.851203
14	76	1.00396
14	106	1.21551
14	145	0.871911
14	149	1.19595
14	158	0.897278
14	175	0.930205
14	177	1.27955
15	14	1.32665
15	70	1.08748
15	143	1.10339
15	151	0.90197
15	160	1.11723
15	164	0.93473
15	165	0.922322
15	169	0.907418
15	176	0.864203
15	178	0.887894
15	179	0.888449
15	180	0.892464
16	23	1.19383
16	84	0.92088
16	121	0.902105
16	131	0.881175
16	137	0.902673
16	141	0.898857
16	143	0.906698
16	147	0.90026
16	153	0.888446
16	164	1.23076
16	168	1.2825
16	179	1.30796
17	88	1.12747
17	111	1.07296
17	113	1.08922
17	114	0.891783
17	126	1.16622
17	142	0.86648
17	144	1.1201
17	145	0.935846
17	151	0.987736
17	160	1.12123
17	163	0.921242
17	167	1.09909
17	172	0.929387
18	61	1.02118
18	97	1.01778
18	104	1.04188
18	156	0.97495
18	158	0.897123
18	164	1.00647
18	167	0.956819
18	172	1.00298
18	174	0.971648
18	177	0.958433
18	178	0.959632
18	179	0.960186
18	180	0.964202
19	43	1.01164
19	52	0.999005
19	63	1.02997
19	70	1.00197
19	93	0.944555
19	99	0.916204
19	112	0.95628
19	122	0.975598
19	169	1.13961
19	173	0.968166
19	175	0.993137
19	176	1.21755
19	179	1.12898
20	49	0.984918
20	52	1.0383
20	60	0.930506
20	67	1.01347
20	71	0.896915
20	95	1.04236
20	109	0.977091
20	120	0.965672
20	161	0.988254
20	165	1.12752
20	169	1.1789
20	173	1.10186
20	175	1.03243
21	54	1.11465
21	65	1.14787
21	91	1.13165
21	103	1.07131
21	107	1.07906
21	110	0.90729
21	114	0.924327
21	117	0.914658
21	138	0.932908
21	142	0.899024
21	161	1.1435
21	163	0.953786
21	167	1.11166
22	10	1.01547
22	39	0.939794
22	47	0.977301
22	48	0.956374
22	100	0.996226
22	133	1.09415
22	145	0.935689
22	150	0.96313
22	156	1.14708
22	158	0.961056
22	164	1.06626
22	175	0.993983
22	176	1.23203
23	16	1.19383
23	105	0.942554
23	122	0.972049
23	157	0.982303
23	158	0.915243
23	167	0.974939
23	168	0.994284
23	169	0.989835
23	176	0.94662
23	177	0.969112
23	178	0.970311
23	179	0.970866
23	180	0.974881
24	88	0.978652
24	90	1.07999
24	92	0.966256
24	100	0.975435
24	113	0.940398
24	130	0.939059
24	132	1.09456
24	144	0.971283
24	160	0.972415
24	166	1.08505
24	167	0.950267
24	169	1.1217
24	176	1.19964
25	68	0.883547
25	133	1.0843
25	136	1.0049
25	137	1.00052
25	147	0.998104
25	150	0.97986
25	153	0.98629
25	156	1.13723
25	160	0.968407
25	161	0.978093
25	163	1.08624
25	171	1.03533
25	179	1.13361
26	28	1.18082
26	103	1.06566
26	104	1.09426
26	116	1.09824
26	118	0.884595
26	119	1.11574
26	123	0.90881
26	134	0.881829
26	140	0.858465
26	158	1.13753
26	167	1.10601
26	176	1.04502
26	179	0.956456
27	50	0.869621
27	63	1.04295
27	99	0.929188
27	105	1.02292
27	112	0.969265
27	122	0.988582
27	129	1.08757
27	135	1.01046
27	142	1.00013
27	165	1.09033
27	170	1.1513
27	173	0.98115
27	177	1.13419
28	26	1.18082
28	33	1.39287
28	46	0.973233
28	51	1.05912
28	53	1.0236
28	83	0.827617
28	89	1.07423
28	116	1.01609
28	140	0.915674
28	158	1.05538
28	159	0.897271
28	167	1.02385
28	175	0.87782
28	177	1.01677
29	6	0.957797
29	30	1.13867
29	42	1.11528
29	91	1.05686
29	103	0.996525
29	116	1.02911
29	149	0.93058
29	154	0.946607
29	158	1.0684
29	167	1.03687
29	170	1.03129
29	171	0.912791
29	176	1.09964
29	179	1.01107
30	29	1.13867
30	46	1.00022
30	52	0.894969
30	103	1.01049
30	104	1.03909
30	107	1.01823
30	119	1.06057
30	140	0.926955
30	158	1.08237
30	165	0.984191
30	167	1.05084
30	172	0.985718
30	176	1.11352
30	177	1.02805
31	37	1.02268
31	45	0.983196
31	58	0.954317
31	98	0.975195
31	99	0.848572
31	112	0.888648
31	122	0.907966
31	142	0.91951
31	157	1.22847
31	159	1.08563
31	173	0.900534
31	175	1.06618
31	176	1.29059
31	177	1.20513
32	53	1.05251
32	55	0.913083
32	91	1.07276
32	103	1.01242
32	107	1.02016
32	116	1.045
32	119	1.0625
32	123	1.01045
32	133	1.00879
32	134	0.983467
32	148	0.961411
32	158	1.0843
32	167	1.05277
32	177	1.0612
33	28	1.39287
33	37	1.19464
33	115	0.836746
33	136	0.892938
33	137	0.888555
33	144	1.4398
33	147	0.886143
33	153	0.874329
33	158	1.40857
33	170	0.81747
33	176	0.781553
33	178	0.805243
33	179	0.805798
33	180	0.809813
34	8	1.21262
34	36	1.14039
34	86	0.964
34	95	1.01565
34	120	0.938956
34	124	1.01507
34	132	0.933961
34	139	1.00922
34	160	0.997586
34	161	0.961539
34	176	0.87696
34	177	0.899452
34	179	0.901205
34	180	0.905221
35	43	1.10361
35	50	0.948612
35	58	1.11393
35	85	1.0859
35	93	1.03653
35	99	1.00818
35	100	0.922551
35	112	1.04826
35	152	1.0345
35	159	0.941796
35	163	1.01082
35	171	0.959912
35	173	1.06014
35	177	1.0613
36	34	1.14039
36	48	0.907693
36	52	1.07984
36	76	1.01905
36	131	0.913608
36	137	0.935105
36	139	0.930664
36	150	0.914449
36	153	0.920879
36	156	1.21344
36	158	0.912374
36	172	1.17059
36	175	0.945302
36	180	1.21886
37	9	1.1136
37	31	1.02268
37	33	1.19464
37	58	1.16467
37	64	1.02619
37	70	1.14469
37	78	0.692989
37	98	1.18555
37	99	1.05893
37	169	0.826065
37	173	1.11089
37	174	0.836899
37	176	0.904008
38	1	0.942715
38	5	0.958435
38	54	0.899317
38	59	1.0365
38	65	0.932534
38	86	0.930628
38	95	0.982276
38	109	0.917004
38	120	0.905585
38	123	1.22071
38	149	1.18787
38	161	0.928167
38	164	1.19116
38	166	1.24234
39	1	0.886923
39	6	0.987454
39	22	0.939794
39	73	0.893623
39	88	0.906358
39	107	1.03393
39	116	1.05876
39	136	0.869065
39	153	0.881161
39	158	1.09806
39	171	1.10367
39	177	1.03628
39	179	1.03803
39	180	1.04205
40	88	1.05708
40	108	1.08469
40	111	1.00257
40	123	0.984389
40	126	1.09583
40	130	1.01749
40	138	1.06139
40	144	1.04971
40	145	0.999266
40	155	0.956484
40	156	1.03566
40	159	0.915641
40	167	1.0287
40	169	1.04266
41	54	1.04024
41	60	1.01134
41	71	0.977748
41	86	1.07155
41	95	1.1232
41	109	1.05792
41	110	0.929061
41	120	1.04651
41	132	1.00641
41	151	1.04205
41	155	0.947379
41	161	1.06909
41	172	0.983701
41	179	1.02293
42	29	1.11528
42	46	0.976823
42	57	1.04164
42	90	1.15717
42	103	0.987095
42	119	1.03718
42	145	0.980028
42	158	1.05897
42	166	0.986774
42	167	1.02745
42	169	1.02342
42	172	0.973568
42	173	0.946382
42	180	1.02183
43	9	1.03492
43	19	1.01164
43	35	1.10361
43	58	1.08599
43	105	1.07398
43	112	1.02033
43	122	1.03964
43	135	0.888756
43	138	0.941131
43	156	1.013
43	162	1.02819
43	170	1.0296
43	173	1.03221
43	174	1.03084
44	1	1.07025
44	2	0.824327
44	65	1.06007
44	71	0.964365
44	86	1.05816
44	95	1.10981
44	109	1.04454
44	120	1.03312
44	157	1.07018
44	161	1.0557
44	165	1.00298
44	166	1.01771
44	175	0.907892
44	180	1.05278
45	9	1.07411
45	31	0.983196
45	50	0.959871
45	63	1.1332
45	97	1.04242
45	112	1.05952
45	122	1.07883
45	140	0.917148
45	149	0.93465
45	157	1.04158
45	162	1.03394
45	163	0.967766
45	173	1.0714
45	174	1.0366
46	28	0.973233
46	30	1.00022
46	42	0.976823
46	57	0.912607
46	89	0.948789
46	104	0.886665
46	107	0.865811
46	119	0.908149
46	128	1.32087
46	154	1.10454
46	158	0.929944
46	164	1.0918
46	173	1.10259
46	176	1.25757
47	14	0.913523
47	22	0.977301
47	48	1.02366
47	56	0.982265
47	61	0.982218
47	132	1.0956
47	145	1.00297
47	148	1.01543
47	149	1.03162
47	150	1.03041
47	158	1.02834
47	162	1.13092
47	171	1.01383
47	173	1.0457
47	175	1.06127
48	22	0.956374
48	36	0.907693
48	47	1.02366
48	56	0.961338
48	76	1.11409
48	134	1.0261
48	138	1.03247
48	145	0.982045
48	148	1.00404
48	150	1.00949
48	158	1.00741
48	165	1.05997
48	169	1.11135
48	175	1.04034
48	179	1.10072
49	5	1.03964
49	20	0.984918
49	65	1.01374
49	67	1.03459
49	71	0.918033
49	86	1.01183
49	109	0.998209
49	120	0.98679
49	129	1.02867
49	145	1.03942
49	161	1.00937
49	164	0.994988
49	170	1.09241
49	174	1.09365
49	180	1.08123
50	27	0.869621
50	35	0.948612
50	45	0.959871
50	85	0.902963
50	96	0.863318
50	97	0.848228
50	98	0.951871
50	105	0.918982
50	112	0.865324
50	154	1.23284
50	171	1.19903
50	173	0.877209
50	175	1.16146
50	176	1.38587
50	179	1.29731
51	28	1.05912
51	90	1.11403
51	91	1.00429
51	103	0.943955
51	104	0.972554
51	107	0.951701
51	116	0.976537
51	119	0.994038
51	146	1.02972
51	148	0.9871
51	162	1.10259
51	167	0.984306
51	170	1.104
51	173	1.01737
51	180	1.09282
52	19	0.999005
52	20	1.0383
52	30	0.894969
52	36	1.07984
52	87	0.945926
52	147	0.930519
52	159	1.07565
52	162	0.983858
52	171	1.04909
52	174	0.99491
52	176	0.959203
52	177	0.981695
52	178	0.982894
52	179	0.983449
52	180	0.987464
53	28	1.0236
53	32	1.05251
53	89	0.999152
53	125	0.926386
53	133	1.06518
53	139	0.998597
53	141	0.999223
53	143	1.00706
53	153	0.988812
53	158	0.980308
53	163	1.06712
53	167	0.94878
53	170	1.13471
53	171	1.01621
53	180	1.12353
54	13	1.01573
54	21	1.11465
54	38	0.899317
54	41	1.04024
54	65	0.988225
54	67	1.00907
54	86	0.986319
54	120	0.961276
54	159	0.99777
54	161	0.983858
54	163	1.06679
54	164	1.03696
54	168	1.08871
54	169	1.12479
54	171	1.01589
55	5	0.891328
55	6	1.16151
55	32	0.913083
55	67	0.940808
55	87	0.930892
55	93	0.993905
55	131	1.02397
55	136	1.04985
55	153	1.03124
55	161	1.02304
55	170	0.974378
55	172	1.0055
55	177	0.960952
55	179	0.962705
55	180	0.966721
56	11	0.852585
56	14	0.851203
56	47	0.982265
56	48	0.961338
56	76	1.0727
56	87	0.948915
56	100	1.00119
56	142	1.04795
56	150	0.968094
56	158	0.966019
56	159	1.03369
56	162	1.16889
56	169	1.16071
56	175	0.998947
56	178	1.16229
56	180	1.15913
57	6	0.884151
57	42	1.04164
57	46	0.912607
57	89	1.0136
57	91	0.983216
57	101	1.10818
57	103	0.922879
57	104	0.951478
57	116	0.955461
57	118	1.11206
57	119	0.972962
57	154	1.11946
57	155	1.10837
57	162	1.20272
57	167	0.963229
57	171	1.08564
58	31	0.954317
58	35	1.11393
58	37	1.16467
58	43	1.08599
58	63	1.10432
58	70	1.07632
58	96	1.02863
58	112	1.03064
58	138	0.929805
58	146	0.943998
58	148	0.901373
58	163	0.950684
58	165	0.957301
58	170	1.01827
58	173	1.04252
58	176	1.08663
59	38	1.0365
59	67	0.853963
59	84	0.796152
59	92	0.849265
59	134	1.10993
59	136	0.840876
59	160	0.83516
59	162	1.05751
59	167	0.857211
59	172	1.09989
59	174	1.06856
59	176	1.03285
59	177	1.05534
59	178	1.05654
59	179	1.0571
59	180	1.06111
60	13	0.986828
60	20	0.930506
60	41	1.01134
60	65	0.959327
60	67	0.980176
60	71	0.86362
60	86	0.957421
60	95	1.00907
60	109	0.943796
60	117	1.0756
60	145	1.12933
60	146	1.10804
60	157	1.18854
60	161	0.95496
60	168	1.13665
60	173	1.09568
61	18	1.02118
61	47	0.982218
61	113	0.924575
61	126	1.00158
61	130	0.923237
61	134	1.0788
61	144	0.955461
61	145	0.940605
61	150	0.968047
61	158	0.965972
61	162	1.17223
61	167	0.934444
61	173	1.08701
61	175	0.9989
61	178	1.16563
61	179	1.15343
62	66	1.08083
62	79	1.11762
62	92	1.07173
62	100	0.854548
62	111	1.02961
62	113	1.04587
62	128	1.14205
62	130	1.04453
62	132	0.973671
62	144	1.07676
62	157	1.01663
62	160	1.07789
62	164	0.912985
62	166	0.964164
62	167	1.05574
62	173	0.923772
63	19	1.02997
63	27	1.04295
63	45	1.1332
63	58	1.10432
63	96	1.03665
63	97	1.02156
63	98	1.1252
63	118	0.973118
63	122	1.05797
63	146	0.99092
63	148	0.948296
63	149	0.96449
63	169	1.0556
63	171	0.946701
63	173	1.05054
63	175	0.909134
64	37	1.02619
64	80	1.32254
64	102	1.29005
64	115	1.30394
64	121	1.23459
64	128	0.81744
64	154	0.901407
64	155	0.914803
64	164	0.900325
64	168	0.877462
64	169	0.873012
64	171	0.919681
64	176	0.829798
64	178	0.853488
64	179	0.854043
64	180	0.858058
65	5	1.04734
65	13	1.04894
65	21	1.14787
65	38	0.932534
65	44	1.06007
65	49	1.01374
65	54	0.988225
65	60	0.959327
65	106	1.02458
65	109	1.00591
65	120	0.994493
65	154	1.02105
65	168	1.06006
65	171	0.987232
65	172	1.04628
65	175	0.949665
65	178	1.09771
66	4	1.04027
66	62	1.08083
66	73	1.00572
66	90	1.10386
66	108	1.03013
66	113	0.964263
66	126	1.04127
66	130	0.962924
66	133	1.00649
66	140	0.957808
66	144	0.995148
66	145	1.02303
66	148	0.959116
66	167	0.974132
66	168	1.03035
66	176	1.14437
66	178	1.068
67	20	1.01347
67	49	1.03459
67	54	1.00907
67	55	0.940808
67	59	0.853963
67	60	0.980176
67	71	0.946585
67	86	1.04039
67	95	1.09203
67	109	1.02676
67	120	1.01534
67	149	1.00533
67	154	1.02136
67	161	1.03792
67	168	1.06037
67	170	1.10604
67	177	1.08893
68	25	0.883547
68	84	0.958794
68	100	1.14431
68	105	0.94795
68	110	1.18609
68	115	0.888776
68	131	0.919089
68	135	1.15933
68	137	0.940586
68	139	0.936145
68	143	0.944611
68	147	0.938174
68	153	0.92636
68	161	0.918162
68	164	1.20275
68	175	1.14411
68	178	1.29215
69	2	1.02577
69	79	0.970133
69	88	0.936641
69	102	0.929456
69	111	0.882126
69	113	0.898386
69	126	0.975391
69	130	0.897047
69	134	1.17055
69	138	0.940942
69	144	0.929271
69	145	1.21241
69	148	1.1485
69	151	1.2643
69	160	0.930404
69	167	0.908255
69	178	1.25738
70	8	0.922673
70	15	1.08748
70	19	1.00197
70	37	1.14469
70	58	1.07632
70	93	0.998927
70	97	0.993557
70	99	0.970576
70	118	0.965411
70	122	1.02997
70	129	0.993753
70	142	1.04151
70	163	0.989899
70	172	0.998043
70	173	1.02254
70	178	1.04947
70	180	1.04631
71	20	0.896915
71	41	0.977748
71	44	0.964365
71	49	0.918033
71	60	0.86362
71	67	0.946585
71	86	0.923829
71	95	0.975478
71	109	0.910205
71	117	1.1653
71	120	0.898786
71	125	1.0637
71	132	1.23529
71	154	1.18734
71	161	0.921369
71	165	1.21105
71	170	1.27202
72	78	0.943269
72	94	0.98019
72	115	0.991028
72	127	1.0308
72	128	1.21758
72	131	1.02134
72	139	1.0384
72	141	1.03902
72	147	1.04043
72	152	1.04203
72	153	1.02861
72	160	1.01073
72	161	1.02041
72	164	0.988518
72	168	1.04027
72	172	1.02649
72	175	0.929875
73	39	0.893623
73	66	1.00572
73	79	1.04251
73	90	1.11035
73	102	1.00183
73	108	1.03662
73	123	1.04964
73	126	1.04776
73	130	0.969419
73	144	1.00164
73	159	0.980896
73	160	1.00278
73	162	1.11609
73	167	0.980627
73	173	1.03087
73	175	0.961445
73	177	1.1004
74	75	0.926923
74	124	0.904914
74	127	0.926923
74	135	1.1235
74	136	0.943342
74	139	0.934517
74	141	0.935143
74	142	1.14199
74	143	0.942984
74	147	0.936546
74	150	0.918302
74	153	0.924732
74	160	0.906849
74	163	1.19675
74	164	1.16692
74	177	1.24723
74	180	1.25316
75	74	0.926923
75	124	1.01148
75	127	1.03348
75	134	0.975379
75	139	1.04108
75	143	1.04955
75	147	1.04311
75	150	1.02486
75	153	1.03129
75	160	1.01341
75	161	1.0231
75	166	1.02398
75	168	1.02455
75	173	0.983591
75	174	1.07146
75	179	1.05001
75	180	1.05904
76	11	1.00534
76	14	1.00396
76	36	1.01905
76	48	1.11409
76	56	1.0727
76	87	1.10167
76	110	0.928904
76	132	1.00626
76	135	0.902147
76	145	1.09341
76	146	0.968715
76	150	1.12085
76	155	0.947223
76	158	1.11877
76	159	0.906379
76	164	0.945572
76	175	1.1517
76	178	1.03497
77	115	0.947531
77	121	0.998774
77	124	0.965297
77	127	0.987305
77	131	0.977844
77	134	1.07224
77	141	0.995525
77	143	1.00337
77	147	0.996929
77	153	0.985115
77	155	1.07132
77	157	1.17331
77	159	1.03048
77	160	0.967231
77	161	0.976917
77	173	1.08046
77	175	1.01102
77	177	1.14998
78	37	0.692989
78	72	0.943269
78	108	0.933894
78	128	0.990109
78	139	0.956203
78	141	0.931389
78	143	0.930727
78	145	1.06137
78	150	0.932846
78	160	0.944566
78	165	1.06058
78	166	1.0551
78	170	1.03838
78	172	1.06951
78	174	1.03817
78	176	1.00247
78	177	1.02496
78	179	1.02671
78	180	1.03073
79	62	1.11762
79	69	0.970133
79	73	1.04251
79	101	0.930167
79	108	1.06691
79	113	1.00105
79	126	1.07805
79	130	0.999709
79	134	0.931276
79	138	1.0436
79	144	1.03193
79	151	1.02502
79	156	1.00952
79	157	1.03235
79	160	1.03307
79	167	1.01092
79	176	1.09447
79	178	1.0181
79	179	1.0059
80	64	1.32254
80	81	0.88154
80	94	0.907434
80	121	0.969515
80	124	0.936038
80	127	0.958046
80	136	0.974465
80	137	0.970082
80	139	0.965641
80	141	0.966267
80	143	0.974107
80	153	0.955856
80	161	0.947658
80	165	1.07104
80	166	1.08577
80	169	1.12242
80	171	1.01352
80	176	1.20036
80	177	1.1149
81	80	0.88154
81	94	0.906366
81	114	1.10542
81	121	0.968447
81	127	0.956978
81	131	0.947516
81	135	1.06163
81	137	0.969014
81	139	0.964572
81	141	0.965198
81	143	0.973039
81	146	1.1282
81	147	0.966601
81	149	1.10176
81	150	0.948357
81	153	0.954788
81	170	1.20247
81	173	1.11584
81	176	1.27082
82	10	0.989102
82	87	1.05169
82	109	1.06223
82	113	1.08682
82	137	1.01849
82	153	1.06062
82	156	0.94827
82	158	1.00516
82	163	0.974438
82	164	0.979789
82	165	0.96738
82	166	0.961899
82	172	0.976305
82	174	0.944969
82	176	0.909262
82	177	0.931753
82	178	0.932952
82	179	0.933507
82	180	0.937522
83	28	0.827617
83	85	0.936832
83	97	0.96398
83	108	0.870296
83	113	0.924986
83	120	0.939476
83	134	1.06559
83	142	1.08007
83	152	1.048
83	153	0.898779
83	161	0.854145
83	162	1.01316
83	163	1.05368
83	165	1.04662
83	166	1.04114
83	177	1.01099
83	178	1.01219
83	179	1.01275
83	180	1.01676
84	16	0.92088
84	59	0.796152
84	68	0.958794
84	115	1.02395
84	124	1.04172
84	127	1.06373
84	128	1.17987
84	131	1.05427
84	136	1.08015
84	138	0.959757
84	143	1.07979
84	147	1.07335
84	153	1.06154
84	160	1.04365
84	163	0.980635
84	168	1.00256
84	170	1.04822
84	172	0.98878
84	177	1.03111
85	2	0.90347
85	8	0.914627
85	35	1.0859
85	50	0.902963
85	83	0.936832
85	93	0.990881
85	96	1.0006
85	97	0.985511
85	98	1.08915
85	99	0.96253
85	112	1.00261
85	122	1.02192
85	142	1.03347
85	148	1.0262
85	166	1.09686
85	173	1.01449
85	175	0.987035
85	177	1.12599
85	179	1.12288
85	180	1.13192
86	13	1.04704
86	34	0.964
86	38	0.930628
86	41	1.07155
86	44	1.05816
86	49	1.01183
86	54	0.986319
86	60	0.957421
86	67	1.04039
86	71	0.923829
86	110	1.0066
86	120	0.992586
86	123	1.05282
86	134	1.02584
86	146	1.04641
86	161	1.01517
86	162	1.11927
86	164	1.02327
86	165	1.05971
86	180	1.10951
87	52	0.945926
87	55	0.930892
87	56	0.948915
87	76	1.10167
87	82	1.05169
87	102	0.984663
87	108	1.01946
87	126	1.0306
87	130	0.952254
87	142	0.973768
87	144	0.984478
87	145	0.969622
87	150	0.997064
87	157	1.10235
87	158	0.994989
87	160	0.98561
87	170	1.09612
87	174	1.09736
87	175	1.02792
87	177	1.07901
88	17	1.12747
88	24	0.978652
88	39	0.906358
88	40	1.05708
88	69	0.936641
88	92	0.993413
88	102	0.998625
88	111	0.951295
88	113	0.967555
88	126	1.04456
88	129	1.06651
88	130	0.966216
88	144	0.99844
88	159	0.993631
88	167	0.977424
88	171	1.01175
88	173	1.04361
88	174	1.13148
88	177	1.11313
88	180	1.11906
89	28	1.07423
89	46	0.948789
89	53	0.999152
89	57	1.0136
89	91	1.0194
89	103	0.959061
89	104	0.987659
89	107	0.966806
89	116	0.991642
89	119	1.00914
89	146	1.03941
89	151	1.11259
89	156	1.09709
89	158	1.03094
89	164	1.01627
89	167	0.999411
89	168	1.06801
89	172	1.05424
89	175	0.957622
89	177	1.09657
90	24	1.07999
90	42	1.15717
90	51	1.11403
90	66	1.10386
90	73	1.11035
90	104	1.06701
90	107	1.04616
90	111	1.05264
90	119	1.0885
90	132	0.958982
90	144	1.09978
90	146	0.921439
90	166	0.949475
90	167	1.07877
90	169	0.986123
90	171	0.87722
90	174	0.996957
90	175	0.839653
90	177	0.978604
90	178	0.987695
91	21	1.13165
91	29	1.05686
91	32	1.07276
91	51	1.00429
91	57	0.983216
91	89	1.0194
91	103	0.928675
91	104	0.957273
91	107	0.93642
91	116	0.961256
91	119	0.978757
91	125	0.9229
91	140	1.01301
91	155	1.03545
91	166	1.08498
91	167	0.969025
91	170	1.13122
91	171	1.01273
91	178	1.1232
91	180	1.12004
92	3	1.02994
92	4	1.03116
92	24	0.966256
92	59	0.849265
92	62	1.07173
92	88	0.993413
92	102	0.986229
92	108	1.02102
92	111	0.938898
92	118	1.00926
92	126	1.03216
92	130	0.95382
92	144	0.986044
92	152	1.05743
92	160	0.987176
92	169	1.09175
92	173	1.01471
92	174	1.10258
92	176	1.16969
92	178	1.09332
93	8	0.865263
93	19	0.944555
93	35	1.03653
93	55	0.993905
93	70	0.998927
93	85	0.990881
93	96	0.951237
93	97	0.936147
93	98	1.03979
93	99	0.913166
93	105	1.0069
93	122	0.97256
93	138	1.07066
93	142	0.984105
93	155	1.06337
93	157	1.16536
93	164	1.06171
93	168	1.11346
93	170	1.15913
93	173	0.965128
93	174	1.16038
94	72	0.98019
94	80	0.907434
94	81	0.906366
94	106	1.09297
94	115	0.943098
94	124	0.960863
94	127	0.982872
94	131	0.97341
94	136	0.999291
94	137	0.994908
94	139	0.990466
94	141	0.991092
94	142	1.05176
94	147	0.992495
94	153	0.980681
94	154	1.08944
94	155	1.07835
94	156	1.15752
94	163	1.10653
94	165	1.11314
94	179	1.1539
95	1	1.08137
95	20	1.04236
95	34	1.01565
95	38	0.982276
95	41	1.1232
95	44	1.10981
95	60	1.00907
95	67	1.09203
95	71	0.975478
95	101	0.933492
95	109	1.05565
95	120	1.04423
95	128	1.16109
95	138	0.940977
95	159	0.892834
95	161	1.06682
95	170	1.02944
95	172	0.97
95	173	0.942813
95	177	1.01233
95	180	1.01827
96	8	0.874983
96	9	0.977558
96	50	0.863318
96	58	1.02863
96	63	1.03665
96	85	1.0006
96	93	0.951237
96	97	0.945866
96	98	1.04951
96	99	0.922886
96	122	0.98228
96	142	0.993824
96	146	1.07423
96	151	1.14741
96	155	1.05274
96	168	1.10284
96	170	1.1485
96	171	1.03001
96	173	0.974848
96	174	1.14975
96	180	1.13733
97	18	1.01778
97	45	1.04242
97	50	0.848228
97	63	1.02156
97	70	0.993557
97	83	0.96398
97	85	0.985511
97	93	0.936147
97	96	0.945866
97	98	1.03442
97	99	0.907795
97	105	1.00153
97	106	1.0891
97	112	0.947872
97	142	0.978734
97	163	1.10266
97	166	1.12401
97	172	1.1108
97	173	0.959757
97	178	1.16223
97	180	1.15907
98	8	0.963535
98	31	0.975195
98	37	1.18555
98	50	0.951871
98	63	1.1252
98	85	1.08915
98	93	1.03979
98	96	1.04951
98	97	1.03442
98	110	0.9416
98	112	1.05151
98	122	1.07083
98	138	0.967217
98	145	1.0027
98	146	0.98141
98	152	1.01178
98	156	1.03909
98	159	0.919075
98	172	0.99624
98	173	1.0634
98	177	1.03857
99	19	0.916204
99	27	0.929188
99	31	0.848572
99	35	1.00818
99	37	1.05893
99	70	0.970576
99	85	0.96253
99	93	0.913166
99	96	0.922886
99	97	0.907795
99	112	0.924891
99	122	0.944209
99	125	1.01942
99	142	0.955753
99	146	1.15346
99	148	1.11084
99	154	1.14306
99	157	1.23396
99	165	1.16677
99	173	0.936777
99	177	1.21063
99	179	1.20752
100	22	0.996226
100	24	0.975435
100	35	0.922551
100	56	1.00119
100	62	0.854548
100	68	1.14431
100	126	0.903097
100	131	0.955734
100	141	0.918201
100	143	0.917539
100	145	1.0219
100	150	1.04934
100	152	1.02249
100	158	1.04726
100	160	0.931377
100	172	1.03004
100	174	0.998699
100	175	1.08019
100	177	0.985484
100	178	0.986683
100	179	0.987238
100	180	0.991253
101	57	1.10818
101	79	0.930167
101	95	0.933492
101	106	0.991563
101	121	0.948102
101	126	0.963
101	130	1.06522
101	143	0.977442
101	148	1.03101
101	150	0.97956
101	155	1.01607
101	161	0.964458
101	162	0.955718
101	163	0.99624
101	165	0.989183
101	169	0.974279
101	171	1.02095
101	172	0.998107
101	173	1.00366
101	177	0.953556
101	178	0.954755
101	179	0.955309
101	180	0.959325
102	4	1.03638
102	64	1.29005
102	69	0.929456
102	73	1.00183
102	87	0.984663
102	88	0.998625
102	92	0.986229
102	111	0.944111
102	113	0.960371
102	118	1.00744
102	123	1.03165
102	126	1.03738
102	130	0.959032
102	138	1.00293
102	144	0.991256
102	155	1.00375
102	160	0.992389
102	162	1.0981
102	164	1.0021
102	167	0.97024
102	172	1.04007
102	178	1.0915
102	179	1.0793
103	2	0.922683
103	21	1.07131
103	26	1.06566
103	29	0.996525
103	30	1.01049
103	32	1.01242
103	42	0.987095
103	51	0.943955
103	57	0.922879
103	89	0.959061
103	91	0.928675
103	104	0.896937
103	107	0.876083
103	116	0.90092
103	119	0.918421
103	128	1.29396
103	142	1.03996
103	145	1.10932
103	167	0.908688
103	168	1.11664
103	169	1.15272
103	172	1.10286
103	174	1.16355
103	179	1.14209
104	6	0.858209
104	18	1.04188
104	26	1.09426
104	30	1.03909
104	46	0.886665
104	51	0.972554
104	57	0.951478
104	89	0.987659
104	90	1.06701
104	91	0.957273
104	103	0.896937
104	107	0.904682
104	116	0.929519
104	117	1.08763
104	119	0.94702
104	125	0.986028
104	135	1.05351
104	156	1.17775
104	158	0.968815
104	166	1.14811
104	167	0.937287
104	174	1.19559
104	177	1.17724
104	179	1.17413
105	23	0.942554
105	27	1.02292
105	43	1.07398
105	50	0.918982
105	68	0.94795
105	93	1.0069
105	97	1.00153
105	117	0.970181
105	122	1.03794
105	127	1.05288
105	129	1.01316
105	133	1.00737
105	139	1.06048
105	141	1.0611
105	143	1.06894
105	147	1.06251
105	152	1.03299
105	153	1.05069
105	165	1.01593
105	168	1.03123
105	171	0.958404
105	173	1.03051
105	178	1.06888
105	179	1.05668
106	7	1.01731
106	9	0.996781
106	14	1.21551
106	65	1.02458
106	94	1.09297
106	97	1.0891
106	101	0.991563
106	135	1.01196
106	137	0.981775
106	141	0.99291
106	148	1.004
106	153	1.0239
106	159	1.0205
106	163	0.969225
106	165	0.962168
106	169	0.947264
106	170	0.939967
106	171	0.993932
106	174	0.939756
106	176	0.904049
106	177	0.926541
106	178	0.92774
106	179	0.928294
106	180	0.93231
107	21	1.07906
107	30	1.01823
107	32	1.02016
107	39	1.03393
107	46	0.865811
107	51	0.951701
107	89	0.966806
107	90	1.04616
107	91	0.93642
107	103	0.876083
107	104	0.904682
107	116	0.908665
107	119	0.926166
107	128	1.26626
107	132	1.09788
107	149	1.03391
107	151	1.13352
107	158	0.947961
107	163	1.06702
107	167	0.916433
107	169	1.12502
107	173	1.04798
107	176	1.20296
107	180	1.12343
108	40	1.08469
108	66	1.03013
108	73	1.03662
108	78	0.933894
108	79	1.06691
108	83	0.870296
108	87	1.01946
108	92	1.02102
108	111	0.978904
108	113	0.995164
108	118	0.984484
108	126	1.07217
108	129	1.01283
108	130	0.993826
108	138	1.03772
108	144	1.02605
108	157	1.08279
108	159	0.93995
108	160	1.02718
108	167	1.00503
108	169	1.06697
108	172	1.01712
108	178	1.06854
108	180	1.06538
109	1	1.01609
109	5	1.03181
109	13	1.03341
109	20	0.977091
109	38	0.917004
109	41	1.05792
109	44	1.04454
109	49	0.998209
109	60	0.943796
109	65	1.00591
109	67	1.02676
109	71	0.910205
109	82	1.06223
109	95	1.05565
109	117	0.999946
109	120	0.978962
109	149	1.00596
109	152	1.06275
109	156	1.09007
109	157	1.11289
109	161	1.00154
109	166	1.06042
109	171	0.988169
109	173	1.02003
109	180	1.09548
110	21	0.90729
110	41	0.929061
110	68	1.18609
110	76	0.928904
110	86	1.0066
110	98	0.9416
110	111	1.02142
110	129	1.02212
110	137	0.948835
110	144	0.966733
110	152	1.00908
110	159	1.06604
110	161	0.946325
110	162	0.974239
110	164	1.02011
110	166	1.00222
110	168	0.997248
110	169	0.992799
110	171	1.03947
110	172	1.01663
110	174	0.985291
110	176	0.949584
110	178	0.973275
110	179	0.97383
110	180	0.977845
111	3	0.987826
111	7	0.997794
111	17	1.07296
111	40	1.00257
111	62	1.02961
111	69	0.882126
111	88	0.951295
111	90	1.05264
111	92	0.938898
111	102	0.944111
111	108	0.978904
111	110	1.02142
111	114	1.03845
111	126	0.990045
111	138	0.955596
111	142	1.01315
111	144	0.943926
111	151	1.13441
111	154	1.05082
111	160	0.945058
111	162	1.13409
111	164	1.03808
111	167	0.922909
111	174	1.13674
111	176	1.20385
111	178	1.12748
112	8	0.876988
112	19	0.95628
112	27	0.969265
112	31	0.888648
112	35	1.04826
112	43	1.02033
112	45	1.05952
112	50	0.865324
112	58	1.03064
112	85	1.00261
112	97	0.947872
112	98	1.05151
112	99	0.924891
112	122	0.984285
112	123	1.07842
112	129	1.08255
112	142	0.99583
112	148	1.02939
112	163	1.0787
112	165	1.08531
112	166	1.10005
112	168	1.10062
112	169	1.1367
112	173	0.976853
112	179	1.12607
112	180	1.13511
113	7	1.01405
113	12	1.21831
113	17	1.08922
113	24	0.940398
113	61	0.924575
113	62	1.04587
113	66	0.964263
113	69	0.898386
113	79	1.00105
113	82	1.08682
113	83	0.924986
113	88	0.967555
113	102	0.960371
113	108	0.995164
113	126	1.00631
113	128	1.2629
113	130	0.927962
113	140	1.01304
113	144	0.960186
113	149	1.03055
113	160	0.961318
113	162	1.12984
113	167	0.939169
113	171	1.01276
113	174	1.13249
113	175	0.97519
114	11	1.23391
114	17	0.891783
114	21	0.924327
114	81	1.10542
114	111	1.03845
114	131	1.01454
114	135	1.03658
114	143	0.976346
114	147	0.983664
114	153	1.008
114	154	1.00028
114	156	0.967677
114	157	0.964351
114	158	0.95254
114	163	0.993844
114	164	0.999195
114	168	0.976332
114	169	0.971883
114	170	0.964586
114	171	1.01855
114	174	0.964375
114	176	0.928668
114	177	0.95116
114	178	0.952359
114	179	0.952914
114	180	0.956929
115	33	0.836746
115	64	1.30394
115	68	0.888776
115	72	0.991028
115	77	0.947531
115	84	1.02395
115	94	0.943098
115	121	1.00518
115	131	0.984249
115	133	1.04388
115	136	1.01013
115	137	1.00575
115	141	1.00193
115	143	1.00977
115	147	1.00333
115	148	0.996506
115	152	1.0695
115	153	0.99152
115	160	0.973636
115	161	0.983322
115	162	1.11199
115	163	1.04582
115	165	1.05243
115	172	1.05396
115	174	1.11465
115	178	1.10539
116	6	0.862192
116	26	1.09824
116	28	1.01609
116	29	1.02911
116	32	1.045
116	39	1.05876
116	51	0.976537
116	57	0.955461
116	89	0.991642
116	91	0.961256
116	103	0.90092
116	104	0.929519
116	107	0.908665
116	117	1.05503
116	119	0.951003
116	132	1.12502
116	134	1.06691
116	142	1.0394
116	155	1.06598
116	156	1.14516
116	158	0.972798
116	167	0.94127
116	168	1.11608
116	171	1.04326
116	177	1.14464
116	178	1.15373
117	21	0.914658
117	60	1.0756
117	71	1.1653
117	104	1.08763
117	105	0.970181
117	109	0.999946
117	116	1.05503
117	149	1.01146
117	150	0.968795
117	151	0.965805
117	153	0.998327
117	163	0.993215
117	164	0.998565
117	165	0.986157
117	166	0.980676
117	167	1.00257
117	168	0.975703
117	169	0.971253
117	171	1.01792
117	172	0.995082
117	174	0.963745
117	176	0.928039
117	177	0.95053
117	178	0.951729
117	179	0.952284
117	180	0.956299
118	26	0.884595
118	57	1.11206
118	63	0.973118
118	70	0.965411
118	92	1.00926
118	102	1.00744
118	108	0.984484
118	130	1.06909
118	139	1.00679
118	146	1.01199
118	148	1.03813
118	149	1.02161
118	151	0.975951
118	158	0.957511
118	164	1.00871
118	165	0.996303
118	166	0.990822
118	167	1.01721
118	168	0.985848
118	170	0.974102
118	171	1.02807
118	172	1.00523
118	174	0.973891
118	176	0.938184
118	177	0.960676
118	178	0.961875
118	179	0.96243
118	180	0.966445
119	6	0.879693
119	26	1.11574
119	30	1.06057
119	32	1.0625
119	42	1.03718
119	46	0.908149
119	51	0.994038
119	57	0.972962
119	89	1.00914
119	90	1.0885
119	91	0.978757
119	103	0.918421
119	104	0.94702
119	107	0.926166
119	116	0.951003
119	132	1.09886
119	138	1.04713
119	140	1.01739
119	145	1.08261
119	146	1.06132
119	152	1.09169
119	158	0.990299
119	164	1.03818
119	166	1.08936
119	167	0.958771
119	173	1.04896
119	177	1.11849
119	179	1.11538
120	1	1.00467
120	5	1.02039
120	13	1.02199
120	20	0.965672
120	34	0.938956
120	38	0.905585
120	41	1.04651
120	44	1.03312
120	49	0.98679
120	54	0.961276
120	65	0.994493
120	67	1.01534
120	71	0.898786
120	83	0.939476
120	86	0.992586
120	95	1.04423
120	109	0.978962
120	123	1.07788
120	132	1.10901
120	134	1.0509
120	146	1.07147
120	148	1.02884
120	155	1.04997
120	161	0.990126
120	168	1.10007
120	169	1.13615
120	173	1.05911
120	180	1.13456
121	16	0.902105
121	64	1.23459
121	77	0.998774
121	80	0.969515
121	81	0.968447
121	101	0.948102
121	115	1.00518
121	124	1.02294
121	127	1.04495
121	131	1.03549
121	136	1.06137
121	137	1.05699
121	139	1.05255
121	140	0.925846
121	141	1.05317
121	143	1.06101
121	147	1.05458
121	150	1.03633
121	153	1.04276
121	155	0.948287
121	156	1.02746
121	157	1.05028
121	159	0.907444
121	161	1.03456
121	162	1.04264
121	170	1.04405
121	173	0.957423
121	174	1.0453
121	179	1.02384
122	8	0.896306
122	9	0.998881
122	19	0.975598
122	23	0.972049
122	27	0.988582
122	31	0.907966
122	43	1.03964
122	45	1.07883
122	63	1.05797
122	70	1.02997
122	85	1.02192
122	93	0.97256
122	96	0.98228
122	98	1.07083
122	99	0.944209
122	105	1.03794
122	112	0.984285
122	125	0.898072
122	129	1.04266
122	140	0.988186
122	142	1.01515
122	155	1.01063
122	158	1.15478
122	166	1.06015
122	169	1.0968
122	172	1.04695
122	173	0.996171
122	174	1.10764
122	175	0.950333
122	176	1.17475
123	26	0.90881
123	32	1.01045
123	38	1.22071
123	40	0.984389
123	73	1.04964
123	86	1.05282
123	102	1.03165
123	112	1.07842
123	120	1.07788
123	124	1.03686
123	146	0.99023
123	149	0.999853
123	154	0.988036
123	156	0.955436
123	157	0.95211
123	163	0.981603
123	167	1.04142
123	168	0.964091
123	169	0.959642
123	170	0.952345
123	171	1.00631
123	172	0.983471
123	174	0.952134
123	175	1.03363
123	176	0.916427
123	177	0.938919
123	178	0.940118
123	179	0.940673
123	180	0.944688
124	34	1.01507
124	74	0.904914
124	75	1.01148
124	77	0.965297
124	80	0.936038
124	84	1.04172
124	94	0.960863
124	121	1.02294
124	123	1.03686
124	127	1.01148
124	131	1.00201
124	136	1.02789
124	137	1.02351
124	139	1.01907
124	141	1.0197
124	143	1.02754
124	145	1.05174
124	147	1.0211
124	148	0.987821
124	150	1.00285
124	151	1.10363
124	153	1.00928
124	160	0.991401
124	165	1.04375
124	171	0.986227
124	172	1.04528
124	173	1.01809
124	177	1.08761
124	179	1.0845
124	180	1.09354
125	53	0.926386
125	71	1.0637
125	91	0.9229
125	99	1.01942
125	104	0.986028
125	122	0.898072
125	128	0.975443
125	130	0.952848
125	136	0.884626
125	139	0.890548
125	143	0.865072
125	144	0.872496
125	149	1.07123
125	155	1.07281
125	156	1.02681
125	159	1.10425
125	160	0.878911
125	161	0.852088
125	162	1.01245
125	163	1.05298
125	168	1.03546
125	169	1.03102
125	170	1.02372
125	171	1.07768
125	172	1.05484
125	174	1.02351
125	176	0.9878
125	177	1.01029
125	178	1.01149
125	179	1.01205
125	180	1.01606
126	3	1.08109
126	12	1.14601
126	17	1.16622
126	40	1.09583
126	61	1.00158
126	66	1.04127
126	69	0.975391
126	73	1.04776
126	79	1.07805
126	87	1.0306
126	88	1.04456
126	92	1.03216
126	100	0.903097
126	101	0.963
126	102	1.03738
126	108	1.07217
126	111	0.990045
126	113	1.00631
126	130	1.00497
126	133	0.989428
126	135	0.91811
126	144	1.03719
126	148	0.942053
126	154	0.974274
126	155	0.963185
126	160	1.03832
126	164	0.961534
126	165	0.99798
126	167	1.01617
126	174	1.06019
126	175	0.902891
126	179	1.03874
126	180	1.04777
127	72	1.0308
127	74	0.926923
127	75	1.03348
127	77	0.987305
127	80	0.958046
127	81	0.956978
127	84	1.06373
127	94	0.982872
127	105	1.05288
127	121	1.04495
127	124	1.01148
127	131	1.02402
127	136	1.0499
127	137	1.04552
127	139	1.04108
127	141	1.0417
127	142	0.946714
127	143	1.04955
127	147	1.04311
127	149	0.96836
127	151	1.06797
127	153	1.03129
127	156	1.05247
127	159	0.932456
127	161	1.0231
127	162	1.06765
127	165	1.00809
127	168	1.0234
127	170	1.06907
127	172	1.00962
127	174	1.07031
127	177	1.05196
127	179	1.04885
127	180	1.05789
128	46	1.32087
128	62	1.14205
128	64	0.81744
128	72	1.21758
128	78	0.990109
128	84	1.17987
128	95	1.16109
128	103	1.29396
128	107	1.26626
128	113	1.2629
128	125	0.975443
128	137	1.19457
128	140	0.958545
128	150	1.20716
128	151	0.868959
128	152	0.890687
128	154	0.902802
128	155	0.916199
128	157	0.866876
128	161	1.19206
128	162	0.855847
128	163	0.896369
128	164	0.90172
128	168	0.878857
128	169	0.874408
128	170	0.867111
128	171	0.921076
128	172	0.898236
128	174	0.8669
128	176	0.831193
128	177	0.853685
128	178	0.854883
128	179	0.855438
128	180	0.859454
129	4	1.01478
129	27	1.08757
129	49	1.02867
129	70	0.993753
129	88	1.06651
129	105	1.01316
129	108	1.01283
129	110	1.02212
129	112	1.08255
129	122	1.04266
129	139	1.03513
129	141	1.01032
129	143	1.00966
129	145	0.974995
129	148	1.01604
129	149	0.999516
129	154	0.9877
129	156	0.955099
129	158	0.985852
129	159	1.03254
129	162	0.940745
129	164	0.986617
129	165	0.974209
129	166	0.968728
129	168	0.963755
129	169	0.959305
129	171	1.00597
129	172	0.983134
129	174	0.951797
129	176	0.916091
129	177	0.938582
129	178	0.939781
129	179	0.940336
129	180	0.944351
130	3	1.00275
130	4	1.00397
130	7	1.01272
130	24	0.939059
130	40	1.01749
130	61	0.923237
130	62	1.04453
130	66	0.962924
130	69	0.897047
130	73	0.969419
130	79	0.999709
130	87	0.952254
130	88	0.966216
130	92	0.95382
130	101	1.06522
130	102	0.959032
130	108	0.993826
130	113	0.927962
130	118	1.06909
130	125	0.952848
130	126	1.00497
130	138	0.970518
130	144	0.958847
130	151	1.16007
130	154	1.07649
130	155	1.0654
130	166	1.11493
130	167	0.937831
130	168	1.1155
130	169	1.15158
130	173	1.07454
130	175	1.00511
130	178	1.15315
130	180	1.14999
131	16	0.881175
131	36	0.913608
131	55	1.02397
131	68	0.919089
131	72	1.02134
131	77	0.977844
131	81	0.947516
131	84	1.05427
131	94	0.97341
131	100	0.955734
131	114	1.01454
131	115	0.984249
131	121	1.03549
131	124	1.00201
131	127	1.02402
131	133	1.04207
131	136	1.04044
131	137	1.03606
131	138	1.02312
131	139	1.03162
131	141	1.03224
131	143	1.04008
131	147	1.03365
131	149	1.01088
131	151	1.11049
131	153	1.02183
131	159	0.97498
131	160	1.00395
131	166	1.06535
131	170	1.11159
131	174	1.11283
131	175	0.955528
131	177	1.09448
131	179	1.09137
131	180	1.10041
132	24	1.09456
132	34	0.933961
132	41	1.00641
132	47	1.0956
132	62	0.973671
132	71	1.23529
132	76	1.00626
132	90	0.958982
132	107	1.09788
132	116	1.12502
132	119	1.09886
132	120	1.10901
132	135	1.00847
132	143	1.03666
132	146	0.974354
132	148	1.0005
132	149	0.983977
132	154	0.972161
132	156	0.93956
132	157	0.936235
132	159	1.017
132	160	1.0505
132	165	0.95867
132	166	0.953189
132	168	0.948216
132	169	0.943766
132	170	0.93647
132	171	0.990435
132	172	0.967595
132	174	0.936259
132	176	0.900552
132	177	0.923043
132	178	0.924242
132	179	0.924797
132	180	0.928812
133	22	1.09415
133	25	1.0843
133	32	1.00879
133	53	1.06518
133	66	1.00649
133	105	1.00737
133	115	1.04388
133	126	0.989428
133	131	1.04207
133	143	1.00387
133	146	0.995957
133	147	1.01119
133	152	0.981649
133	153	1.03552
133	155	1.00716
133	156	0.961163
133	157	0.957838
133	161	0.990886
133	162	0.946809
133	163	0.98733
133	165	0.980273
133	166	0.974792
133	168	0.969818
133	169	0.965369
133	170	0.958072
133	171	1.01204
133	173	0.994749
133	174	0.957861
133	175	1.03935
133	176	0.922154
133	177	0.944646
133	178	0.945845
133	179	0.9464
133	180	0.950415
134	26	0.881829
134	32	0.983467
134	48	1.0261
134	59	1.10993
134	61	1.0788
134	69	1.17055
134	75	0.975379
134	77	1.07224
134	79	0.931276
134	83	1.06559
134	86	1.02584
134	116	1.06691
134	120	1.0509
134	141	0.979213
134	142	1.0122
134	146	0.994436
134	150	0.98067
134	151	0.9584
134	162	0.945288
134	163	0.985809
134	164	0.99116
134	165	0.978752
134	166	0.973271
134	167	1.01444
134	168	0.968297
134	169	0.963848
134	170	0.956551
134	171	1.01052
134	172	0.987677
134	174	0.95634
134	175	1.03783
134	176	0.920633
134	177	0.943125
134	178	0.944324
134	179	0.944879
134	180	0.948894
135	4	0.937671
135	27	1.01046
135	43	0.888756
135	68	1.15933
135	74	1.1235
135	76	0.902147
135	81	1.06163
135	104	1.05351
135	106	1.01196
135	114	1.03658
135	126	0.91811
135	132	1.00847
135	137	0.922078
135	143	0.932552
135	151	0.989231
135	152	1.01096
135	154	1.02307
135	155	1.03647
135	157	0.987147
135	158	0.908746
135	160	0.94639
135	162	0.976118
135	164	1.02199
135	165	1.00958
135	167	0.968442
135	168	0.999128
135	170	0.987382
135	171	1.04135
135	172	1.01851
135	174	0.987171
135	176	0.951464
135	177	0.973956
135	178	0.975154
135	179	0.975709
135	180	0.979725
136	25	1.0049
136	33	0.892938
136	39	0.869065
136	55	1.04985
136	59	0.840876
136	74	0.943342
136	80	0.974465
136	84	1.08015
136	94	0.999291
136	115	1.01013
136	121	1.06137
136	124	1.02789
136	125	0.884626
136	127	1.0499
136	131	1.04044
136	137	1.06194
136	139	1.0575
136	140	0.974741
136	141	1.05812
136	143	1.06596
136	145	1.03996
136	147	1.05953
136	150	1.04128
136	152	1.04904
136	153	1.04771
136	154	1.00827
136	160	1.02983
136	161	1.03952
136	165	1.03198
136	168	1.04728
136	169	1.08336
136	171	0.974455
136	173	1.00632
