1	45	0.986417
1	50	0.890985
1	61	1.02026
1	62	0.944677
1	63	0.944572
1	79	0.99831
1	138	1.70473
1	155	1.797
1	156	0.862091
1	162	0.868173
1	166	3.3085
1	179	0.891476
2	11	0.719851
2	18	0.797833
2	26	0.847256
2	30	0.799834
2	34	0.781236
2	36	1.50115
2	40	0.780923
2	107	0.717002
2	121	0.693792
2	136	0.759614
2	139	2.18258
2	163	3.45688
3	28	0.972987
3	33	0.884495
3	37	0.973166
3	42	0.956051
3	49	0.939806
3	53	0.948122
3	55	0.948045
3	57	0.939602
3	101	2.0972
3	154	0.837604
3	162	4.24171
3	174	1.33988
4	15	0.920908
4	16	0.809795
4	35	0.793463
4	46	0.876437
4	58	0.838393
4	64	0.83129
4	67	0.831181
4	68	0.831095
4	121	0.803635
4	125	2.40917
4	146	0.873105
4	173	3.72818
5	29	0.93603
5	50	0.897141
5	61	1.02642
5	62	0.950833
5	63	0.950728
5	79	1.00447
5	135	1.85443
5	149	2.02953
5	156	0.868247
5	159	2.88304
5	162	0.87433
5	179	0.897633
6	16	1.02288
6	25	1.10867
6	35	1.00655
6	58	1.05148
6	64	1.04437
6	67	1.04426
6	68	1.04418
6	145	1.17249
6	146	1.08619
6	153	1.57459
6	161	3.80853
6	163	1.44974
7	23	0.895031
7	31	0.876801
7	59	0.824912
7	65	0.831893
7	73	0.881043
7	77	0.815651
7	87	0.865534
7	105	3.11543
7	144	2.5192
7	146	0.858349
7	162	0.750147
7	163	0.804441
8	22	0.834212
8	38	0.905783
8	43	0.888977
8	44	0.888823
8	99	0.75718
8	106	0.817438
8	109	0.866375
8	130	0.781543
8	134	0.895929
8	135	2.82262
8	147	2.95943
8	158	0.767151
9	56	0.913403
9	65	0.832223
9	73	0.881373
9	77	0.81598
9	87	0.865864
9	128	0.854512
9	138	0.831913
9	142	3.81965
9	146	0.858678
9	157	1.94122
9	162	0.750476
9	163	0.80477
10	28	0.972987
10	33	0.884495
10	37	0.973166
10	42	0.956051
10	49	0.939806
10	53	0.948122
10	55	0.948045
10	57	0.939602
10	125	2.3745
10	143	2.97554
10	154	0.837604
10	159	1.91419
11	2	0.719851
11	18	0.887065
11	26	0.936488
11	30	0.889065
11	34	0.870467
11	36	0.790326
11	40	0.870155
11	107	0.806233
11	121	0.783024
11	123	1.48497
11	136	0.848845
11	148	4.24629
12	17	0.898402
12	20	0.81134
12	47	0.857928
12	51	0.852654
12	66	0.838386
12	74	0.89847
12	76	0.831918
12	80	0.881856
12	145	2.22988
12	158	0.754863
12	177	3.37421
12	179	0.774054
13	14	0.861432
13	52	0.814561
13	60	0.868163
13	78	0.856065
13	81	0.840966
13	91	0.827071
13	92	0.83413
13	94	0.823068
13	96	0.819062
13	102	0.855106
13	141	2.42839
13	145	2.97136
14	13	0.861432
14	70	0.930359
14	72	0.873076
14	78	0.939841
14	81	0.924742
14	91	0.910848
14	92	0.917906
14	94	0.906844
14	96	0.902838
14	102	0.938882
14	142	1.7278
14	159	1.96259
14	170	4.81138
15	4	0.920908
15	16	0.880398
15	35	0.864066
15	46	0.947041
15	58	0.908996
15	64	0.901893
15	67	0.901784
15	68	0.901699
15	109	0.938843
15	119	1.97882
15	123	1.6805
15	146	0.943709
15	150	3.20529
16	4	0.809795
16	6	1.02288
16	15	0.880398
16	35	0.752953
16	46	0.835927
16	58	0.797883
16	64	0.790779
16	67	0.79067
16	68	0.790585
16	113	0.873578
16	121	0.763124
16	141	1.91018
16	175	5.25345
17	12	0.898402
17	21	0.888934
17	47	0.93433
17	51	0.929055
17	66	0.914788
17	74	0.974872
17	76	0.90832
17	80	0.958257
17	130	0.845657
17	139	1.94923
17	155	1.93936
17	167	3.0191
17	179	0.850456
18	2	0.797833
18	11	0.887065
18	26	1.01447
18	30	0.967047
18	34	0.948449
18	36	0.868308
18	40	0.948137
18	101	2.01835
18	107	0.884215
18	121	0.861006
18	127	1.40518
18	136	0.926827
18	170	4.58216
19	54	0.174892
19	75	1.41608
19	119	0.841348
19	153	0.83647
19	164	0.838911
19	168	0.860929
19	172	0.835469
19	173	0.822111
19	174	0.855152
19	176	0.776978
19	177	0.836282
19	178	0.8079
19	180	0.786895
20	12	0.81134
20	47	0.847267
20	51	0.841993
20	66	0.827726
20	74	0.88781
20	76	0.821257
20	80	0.871195
20	128	0.844127
20	129	1.69574
20	136	0.844644
20	142	4.47367
20	158	0.744202
20	179	0.763394
21	17	0.888934
21	51	0.843186
21	66	0.828918
21	74	0.889002
21	76	0.82245
21	80	0.872388
21	128	0.845319
21	130	0.759787
21	136	0.845836
21	144	2.09656
21	158	0.745395
21	177	3.88166
21	179	0.764586
22	8	0.834212
22	38	0.893418
22	43	0.876613
22	44	0.876459
22	99	0.744816
22	105	0.813463
22	106	0.805074
22	109	0.854011
22	130	0.769179
22	134	0.883564
22	158	0.754786
22	171	4.02
22	178	2.68754
23	7	0.895031
23	56	0.987313
23	59	0.899152
23	65	0.906133
23	73	0.955283
23	77	0.889891
23	87	0.939774
23	139	2.0353
23	146	0.932588
23	162	0.824387
23	163	0.87868
23	171	4.03324
23	178	2.70079
24	49	0.792094
24	57	0.791891
24	71	2.47644
24	72	0.756183
24	92	0.801014
24	94	0.789952
24	102	0.82199
24	138	0.7769
24	154	0.689892
24	170	0.719089
24	177	0.747818
24	178	0.719436
24	180	0.698431
25	6	1.10867
25	35	0.838748
25	46	0.921722
25	58	0.883678
25	64	0.876575
25	67	0.876466
25	68	0.876381
25	113	0.959373
25	121	0.84892
25	146	0.918391
25	156	4.49267
25	166	1.30068
25	172	1.92093
26	2	0.847256
26	11	0.936488
26	18	1.01447
26	30	1.01647
26	34	0.997872
26	36	0.917731
26	40	0.99756
26	136	0.97625
26	138	1.88055
26	149	2.32635
26	157	2.06533
27	29	0.906715
27	45	0.963258
27	50	0.867826
27	61	0.997104
27	62	0.921518
27	63	0.921413
27	79	0.975151
27	107	2.62771
27	119	1.87913
27	138	2.24784
27	156	0.838932
27	162	0.845015
27	179	0.868318
28	3	0.972987
28	10	0.972987
28	33	0.850635
28	37	0.939306
28	42	0.92219
28	49	0.905946
28	53	0.914262
28	55	0.914185
28	57	0.905742
28	133	1.58762
28	151	3.32356
28	154	0.803744
28	162	3.02226
29	5	0.93603
29	27	0.906715
29	45	0.859445
29	50	0.764013
29	61	0.893291
29	62	0.817706
29	63	0.8176
29	79	0.871338
29	135	2.67603
29	150	3.2631
29	156	0.735119
29	162	0.741202
29	179	0.764505
30	2	0.799834
30	11	0.889065
30	18	0.967047
30	26	1.01647
30	34	0.95045
30	36	0.870309
30	40	0.950137
30	84	0.870569
30	115	1.81916
30	121	0.863006
30	136	0.928828
30	147	1.9984
30	160	3.72481
31	7	0.876801
31	56	0.969083
31	59	0.880922
31	65	0.887903
31	73	0.937053
31	77	0.87166
31	87	0.921544
31	117	3.17918
31	127	1.89303
31	128	0.910192
31	138	0.887593
31	162	0.806156
31	163	0.86045
31	174	2.81715
32	69	0.923242
32	82	1.78701
32	83	0.859983
32	85	0.921765
32	89	0.912597
32	100	0.880925
32	103	0.880828
32	104	0.919602
32	106	0.855885
32	138	0.882923
32	146	0.909688
32	147	2.03863
32	160	3.76503
32	163	0.85578
33	3	0.884495
33	10	0.884495
33	28	0.850635
33	37	0.850814
33	42	0.833698
33	49	0.817454
33	53	0.82577
33	55	0.825693
33	57	0.81725
33	99	0.714963
33	105	0.78361
33	132	4.71024
33	154	0.715252
33	157	1.5162
34	2	0.781236
34	11	0.870467
34	18	0.948449
34	26	0.997872
34	30	0.95045
34	36	0.851711
34	40	0.931539
34	84	0.851971
34	107	0.867618
34	121	0.844408
34	133	2.65382
34	136	0.91023
34	143	3.08206
34	166	2.32518
35	4	0.793463
35	6	1.00655
35	15	0.864066
35	16	0.752953
35	25	0.838748
35	46	0.819595
35	58	0.781551
35	64	0.774448
35	67	0.774339
35	68	0.774254
35	109	0.811397
35	120	3.78395
35	146	0.816264
35	152	2.65449
36	2	1.50115
36	11	0.790326
36	18	0.868308
36	26	0.917731
36	30	0.870309
36	34	0.851711
36	40	0.851399
36	84	0.77183
36	95	2.66531
36	107	0.787477
36	111	7.5
36	121	0.764267
36	136	0.830089
36	170	3.09514
37	3	0.973166
37	10	0.973166
37	28	0.939306
37	33	0.850814
37	42	0.922369
37	49	0.906125
37	53	0.914441
37	55	0.914364
37	57	0.905921
37	115	1.40234
37	137	3.38946
37	154	0.803923
37	177	2.55958
38	8	0.905783
38	22	0.893418
38	43	0.948183
38	44	0.948029
38	84	0.868539
38	99	0.816386
38	106	0.876644
38	109	0.925581
38	130	0.840749
38	134	0.955135
38	158	0.826357
38	160	1.81537
38	168	2.21048
38	180	5.19509
39	48	0.883903
39	54	0.885322
39	71	0.923344
39	75	0.930519
39	86	0.851762
39	88	0.900721
39	90	0.903727
39	93	0.901979
39	97	0.891584
39	98	0.935203
39	122	1.72742
39	156	0.789615
39	166	1.46214
39	176	5.41352
40	2	0.780923
40	11	0.870155
40	18	0.948137
40	26	0.99756
40	30	0.950137
40	34	0.931539
40	36	0.851399
40	84	0.851659
40	101	2.78445
40	107	0.867305
40	121	0.844096
40	122	3.44922
40	136	0.909917
40	160	2.33539
41	69	0.917247
41	83	0.853989
41	89	0.906602
41	100	0.87493
41	103	0.874833
41	104	0.913607
41	107	0.857432
41	133	0.840238
41	134	0.928381
41	136	0.900044
41	154	0.789921
41	162	1.70161
41	163	0.849785
41	169	5.28458
41	178	1.83155
42	3	0.956051
42	10	0.956051
42	28	0.92219
42	33	0.833698
42	37	0.922369
42	49	0.889009
42	53	0.897326
42	55	0.897248
42	57	0.888806
42	105	0.855166
42	115	2.36282
42	119	1.76584
42	154	0.786808
42	164	3.29295
43	8	0.888977
43	22	0.876613
43	38	0.948183
43	44	0.931224
43	84	0.851734
43	99	0.799581
43	105	0.868228
43	106	0.859839
43	109	0.908776
43	116	0.897972
43	120	4.91605
43	130	0.823944
43	134	0.938329
43	155	1.64606
43	158	0.809551
44	8	0.888823
44	22	0.876459
44	38	0.948029
44	43	0.931224
44	84	0.85158
44	99	0.799427
44	105	0.868074
44	106	0.859685
44	109	0.908622
44	130	0.82379
44	132	4.58976
44	134	0.938175
44	139	1.31307
44	149	1.65673
44	158	0.809398
45	1	0.986417
45	27	0.963258
45	29	0.859445
45	50	0.820557
45	61	0.949834
45	62	0.874249
45	63	0.874143
45	79	0.927882
45	122	3.52336
45	133	0.842492
45	137	2.491
45	143	2.63627
45	156	0.791663
45	162	0.797745
45	179	0.821048
46	4	0.876437
46	15	0.947041
46	16	0.835927
46	25	0.921722
46	35	0.819595
46	58	0.864525
46	64	0.857422
46	67	0.857313
46	68	0.857228
46	113	0.940221
46	121	0.829767
46	131	2.54013
46	146	0.899238
46	167	2.4844
46	177	2.6979
47	12	0.857928
47	17	0.93433
47	20	0.847267
47	51	0.888581
47	66	0.874314
47	74	0.934398
47	76	0.867846
47	80	0.917783
47	128	0.890715
47	131	2.49645
47	136	0.891232
47	152	3.50151
47	158	0.79079
47	165	1.74054
47	179	0.809982
48	39	0.883903
48	54	0.857333
48	71	0.895354
48	75	0.90253
48	86	0.823773
48	88	0.872732
48	90	0.875737
48	93	0.873989
48	97	0.863595
48	98	0.907213
48	105	1.22484
48	109	0.871043
48	131	0.814141
48	156	0.761625
48	158	5.23399
48	165	1.50003
49	3	0.939806
49	10	0.939806
49	24	0.792094
49	28	0.905946
49	33	0.817454
49	37	0.906125
49	42	0.889009
49	53	0.881081
49	55	0.881004
49	57	0.872561
49	99	0.770275
49	105	0.838921
49	154	0.770563
49	160	1.7309
49	168	1.22158
49	171	5.78686
50	1	0.890985
50	5	0.897141
50	27	0.867826
50	29	0.764013
50	45	0.820557
50	61	0.854402
50	62	0.778817
50	63	0.778712
50	79	0.83245
50	113	0.851498
50	121	3.85527
50	133	0.74706
50	156	0.696231
50	162	0.702313
50	164	3.27194
50	179	0.725616
51	12	0.852654
51	17	0.929055
51	20	0.841993
51	21	0.843186
51	47	0.888581
51	66	0.869039
51	74	0.929123
51	76	0.862571
51	80	0.912509
51	130	0.799908
51	136	0.885957
51	150	1.56911
51	152	2.94414
51	158	0.785516
51	173	3.78998
51	179	0.804707
52	13	0.814561
52	60	0.905069
52	70	0.883488
52	72	0.826205
52	81	0.877871
52	84	0.811778
52	91	0.863977
52	92	0.871036
52	94	0.859974
52	96	0.855968
52	102	0.892012
52	107	1.98238
52	127	0.844833
52	134	0.898374
52	153	3.1038
52	159	2.90182
53	3	0.948122
53	10	0.948122
53	28	0.914262
53	33	0.82577
53	37	0.914441
53	42	0.897326
53	49	0.881081
53	55	0.88932
53	57	0.880878
53	99	0.778591
53	105	0.847238
53	131	2.35436
53	133	3.05905
53	154	0.778879
53	166	2.7304
54	19	0.174892
54	39	0.885322
54	48	0.857333
54	71	0.896774
54	75	0.903949
54	86	0.825192
54	88	0.874151
54	90	0.877157
54	93	0.875409
54	97	0.865014
54	98	0.908633
54	119	0.826548
54	127	0.848475
54	156	0.763044
54	164	1.7194
54	178	5.41842
55	3	0.948045
55	10	0.948045
55	28	0.914185
55	33	0.825693
55	37	0.914364
55	42	0.897248
55	49	0.881004
55	53	0.88932
55	57	0.8808
55	99	0.778514
55	105	0.84716
55	123	1.7542
55	149	2.86703
55	154	0.778802
55	165	2.89305
56	9	0.913403
56	23	0.987313
56	31	0.969083
56	59	0.917194
56	73	0.973325
56	77	0.907933
56	87	0.957816
56	110	3.27684
56	118	1.71356
56	123	0.946507
56	128	0.946465
56	144	1.1256
56	146	0.950631
56	162	0.842429
56	163	0.896723
56	179	3.5214
57	3	0.939602
57	10	0.939602
57	24	0.791891
57	28	0.905742
57	33	0.81725
57	37	0.905921
57	42	0.888806
57	49	0.872561
57	53	0.880878
57	55	0.8808
57	99	0.770071
57	105	0.838718
57	123	1.99096
57	145	2.89917
57	154	0.770359
57	157	2.84278
58	4	0.838393
58	6	1.05148
58	15	0.908996
58	16	0.797883
58	25	0.883678
58	35	0.781551
58	46	0.864525
58	64	0.819378
58	67	0.819269
58	68	0.819183
58	109	0.856327
58	113	0.902176
58	116	2.48911
58	119	2.77621
58	129	2.43019
58	146	0.861194
59	7	0.824912
59	23	0.899152
59	31	0.880922
59	56	0.917194
59	65	0.836015
59	73	0.885164
59	77	0.819772
59	87	0.869655
59	112	4.09533
59	123	0.858346
59	128	0.858304
59	138	0.835705
59	143	2.26677
59	146	0.86247
59	162	0.754268
59	163	0.808562
59	173	2.98474
60	13	0.868163
60	52	0.905069
60	70	0.93709
60	72	0.879807
60	78	0.946573
60	81	0.931473
60	91	0.917579
60	92	0.924637
60	94	0.913576
60	96	0.90957
60	102	0.945614
60	119	0.876508
60	134	0.951976
60	138	1.84341
60	172	1.3896
60	175	2.98105
60	180	4.84335
61	1	1.02026
61	5	1.02642
61	27	0.997104
61	29	0.893291
61	45	0.949834
61	50	0.854402
61	62	0.908095
61	63	0.907989
61	79	0.961727
61	133	0.876338
61	155	1.81725
61	156	0.825508
61	157	1.90976
61	162	0.831591
61	171	5.9599
61	172	1.99405
61	179	0.854894
62	1	0.944677
62	5	0.950833
62	27	0.921518
62	29	0.817706
62	45	0.874249
62	50	0.778817
62	61	0.908095
62	63	0.832404
62	79	0.886142
62	113	0.90519
62	123	1.78937
62	133	0.800752
62	138	2.4564
62	156	0.749923
62	162	0.756006
62	177	3.8419
62	179	0.779309
63	1	0.944572
63	5	0.950728
63	27	0.921413
63	29	0.8176
63	45	0.874143
63	50	0.778712
63	61	0.907989
63	62	0.832404
63	79	0.886037
63	113	0.905085
63	118	1.72422
63	133	0.800647
63	141	1.99112
63	156	0.749818
63	162	0.7559
63	172	4.51694
63	179	0.779203
64	4	0.83129
64	6	1.04437
64	15	0.901893
64	16	0.790779
64	25	0.876575
64	35	0.774448
64	46	0.857422
64	58	0.819378
64	67	0.812166
64	68	0.81208
64	109	0.849224
64	113	0.895073
64	116	1.31815
64	121	0.78462
64	140	4.366
64	146	0.85409
64	165	2.44579
65	7	0.831893
65	9	0.832223
65	23	0.906133
65	31	0.887903
65	59	0.836015
65	73	0.892145
65	77	0.826753
65	87	0.876636
65	123	0.865328
65	128	0.865285
65	138	0.842686
65	146	0.869451
65	147	1.88684
65	162	0.761249
65	163	0.815543
65	168	3.10393
65	172	3.70336
66	12	0.838386
66	17	0.914788
66	20	0.827726
66	21	0.828918
66	47	0.874314
66	51	0.869039
66	74	0.914856
66	76	0.848304
66	80	0.898242
66	117	3.55374
66	128	0.871173
66	130	0.785641
66	136	0.87169
66	149	1.81186
66	158	0.771249
66	174	3.19171
66	179	0.79044
67	4	0.831181
67	6	1.04426
67	15	0.901784
67	16	0.79067
67	25	0.876466
67	35	0.774339
67	46	0.857313
67	58	0.819269
67	64	0.812166
67	68	0.811971
67	109	0.849115
67	113	0.894964
67	121	0.784511
67	146	0.853981
67	153	3.12938
67	163	3.00454
67	165	2.09992
68	4	0.831095
68	6	1.04418
68	15	0.901699
68	16	0.790585
68	25	0.876381
68	35	0.774254
68	46	0.857228
68	58	0.819183
68	64	0.81208
68	67	0.811971
68	109	0.84903
68	113	0.894879
68	116	1.5634
68	121	0.784425
68	130	4.25262
68	139	2.32136
68	146	0.853896
69	32	0.923242
69	41	0.917247
69	83	0.859755
69	85	0.921537
69	89	0.912369
69	100	0.880697
69	103	0.8806
69	104	0.919374
69	117	1.36708
69	123	0.905337
69	126	1.85547
69	134	0.934147
69	136	0.905811
69	138	0.882695
69	146	0.90946
69	161	2.91462
69	163	0.855552
69	175	4.45418
70	14	0.930359
70	52	0.883488
70	60	0.93709
70	72	0.858226
70	78	0.924992
70	81	0.909893
70	91	0.895999
70	92	0.903057
70	94	0.891995
70	96	0.887989
70	102	0.924033
70	110	2.23072
70	116	1.83137
70	119	0.854927
70	127	0.876854
70	134	0.930395
70	141	1.17294
70	154	5.19571
71	24	2.47644
71	39	0.923344
71	48	0.895354
71	54	0.896774
71	75	0.941971
71	86	0.863214
71	88	0.912173
71	90	0.915178
71	93	0.91343
71	97	0.903036
71	98	0.946654
71	113	0.956333
71	126	1.47335
71	127	0.886497
71	131	0.853582
71	156	0.801066
71	159	1.16834
71	175	4.07206
72	14	0.873076
72	24	0.756183
72	52	0.826205
72	60	0.879807
72	70	0.858226
72	78	0.867709
72	81	0.85261
72	91	0.838715
72	92	0.845774
72	94	0.834712
72	96	0.830706
72	102	0.86675
72	127	0.819571
72	131	0.786656
72	134	0.873112
72	154	4.58674
72	173	2.94874
72	174	1.69577
73	7	0.881043
73	9	0.881373
73	23	0.955283
73	31	0.937053
73	56	0.973325
73	59	0.885164
73	65	0.892145
73	77	0.875903
73	87	0.925786
73	95	3.63469
73	113	0.0229892
73	123	0.914477
73	131	2.50907
73	138	0.891836
73	146	0.918601
73	148	3.37561
73	162	0.810399
73	163	0.864692
74	12	0.89847
74	17	0.974872
74	20	0.88781
74	21	0.889002
74	47	0.934398
74	51	0.929123
74	66	0.914856
74	76	0.908388
74	80	0.958326
74	82	1.86886
74	95	0.849196
74	124	4.97954
74	125	1.63414
74	128	0.931257
74	130	0.845725
74	158	0.831333
74	173	2.95315
74	179	0.850524
75	19	1.41608
75	39	0.930519
75	48	0.90253
75	54	0.903949
75	71	0.941971
75	86	0.870389
75	88	0.919348
75	90	0.922354
75	93	0.920606
75	95	0.8363
75	97	0.910211
75	98	0.95383
75	109	0.91766
75	119	0.871745
75	155	1.89445
75	156	0.808241
75	157	1.98696
75	163	3.17862
76	12	0.831918
76	17	0.90832
76	20	0.821257
76	21	0.82245
76	47	0.867846
76	51	0.862571
76	66	0.848304
76	74	0.908388
76	80	0.891774
76	95	0.782644
76	106	3.75374
76	128	0.864705
76	130	0.779173
76	136	0.865222
76	158	0.76478
76	164	2.54515
76	167	2.55875
76	179	0.783972
77	7	0.815651
77	9	0.81598
77	23	0.889891
77	31	0.87166
77	56	0.907933
77	59	0.819772
77	65	0.826753
77	73	0.875903
77	87	0.860394
77	123	0.849085
77	126	1.8762
77	128	0.849042
77	138	0.826443
77	146	0.853208
77	156	3.99588
77	158	3.4059
77	162	0.745006
77	163	0.7993
78	13	0.856065
78	14	0.939841
78	60	0.946573
78	70	0.924992
78	72	0.867709
78	81	0.919376
78	91	0.905481
78	92	0.91254
78	94	0.901478
78	96	0.897472
78	102	0.933516
78	106	1.56146
78	114	3.08595
78	119	0.86441
78	127	0.886337
78	131	0.853422
78	140	1.5865
78	151	4.22326
79	1	0.99831
79	5	1.00447
79	27	0.975151
79	29	0.871338
79	45	0.927882
79	50	0.83245
79	61	0.961727
79	62	0.886142
79	63	0.886037
79	113	0.958823
79	130	2.3578
79	133	0.854385
79	147	1.59792
79	151	5.35318
79	156	0.803556
79	162	0.809638
79	165	1.87132
79	179	0.832941
80	12	0.881856
80	17	0.958257
80	20	0.871195
80	21	0.872388
80	47	0.917783
80	51	0.912509
80	66	0.898242
80	74	0.958326
80	76	0.891774
80	95	0.832582
80	128	0.914643
80	130	0.829111
80	136	0.91516
80	142	2.27888
80	155	1.28191
80	156	5.01145
80	158	0.814718
80	168	1.84027
80	179	0.83391
81	13	0.840966
81	14	0.924742
81	52	0.877871
81	60	0.931473
81	70	0.909893
81	72	0.85261
81	78	0.919376
81	84	0.838183
81	91	0.890382
81	94	0.886379
81	96	0.882373
81	102	0.918417
81	106	1.8848
81	127	0.871237
81	131	0.838323
81	134	0.924779
81	148	1.6121
81	170	4.66461
81	173	2.59646
82	32	1.78701
82	74	1.86886
82	100	0.920354
82	145	0.871673
82	159	0.863183
82	165	0.879752
82	167	0.855238
82	168	0.866096
82	169	0.7872
82	170	0.81272
82	171	0.799392
82	172	0.840636
82	173	0.827277
82	174	0.860319
82	175	0.805134
82	176	0.782145
82	177	0.841449
82	178	0.813067
82	180	0.792061
83	32	0.859983
83	41	0.853989
83	69	0.859755
83	85	0.858278
83	89	0.84911
83	100	0.817438
83	103	0.817341
83	104	0.856115
83	106	0.792398
83	123	0.842078
83	128	0.842035
83	134	0.870889
83	138	0.819436
83	146	0.846201
83	154	0.732429
83	157	1.39027
83	161	4.94071
83	163	0.792293
83	168	2.83008
84	30	0.870569
84	34	0.851971
84	36	0.77183
84	38	0.868539
84	40	0.851659
84	43	0.851734
84	44	0.85158
84	52	0.811778
84	81	0.838183
84	92	0.831347
84	94	0.820286
84	96	0.81628
84	102	0.852323
84	134	0.858686
84	136	0.830349
84	144	1.60965
84	158	0.729908
84	159	3.30855
84	179	4.00545
85	32	0.921765
85	69	0.921537
85	83	0.858278
85	89	0.910892
85	100	0.87922
85	103	0.879123
85	104	0.917897
85	127	1.63792
85	128	0.903817
85	133	0.844528
85	134	0.93267
85	136	0.904334
85	138	0.881218
85	146	0.907983
85	154	0.794211
85	163	0.854075
85	167	2.03462
85	177	1.1005
85	180	6.85209
86	39	0.851762
86	48	0.823773
86	54	0.825192
86	71	0.863214
86	75	0.870389
86	88	0.840591
86	90	0.843597
86	93	0.841849
86	97	0.831454
86	98	0.875073
86	109	0.838903
86	113	0.884752
86	119	0.792988
86	127	0.814915
86	131	0.782001
86	135	2.84692
86	144	2.17663
86	156	0.729484
86	167	3.74822
87	7	0.865534
87	9	0.865864
87	23	0.939774
87	31	0.921544
87	56	0.957816
87	59	0.869655
87	65	0.876636
87	73	0.925786
87	77	0.860394
87	115	1.18446
87	123	0.898968
87	128	0.898926
87	130	2.98959
87	137	3.17157
87	138	0.876327
87	146	0.903092
87	162	0.79489
87	163	0.849184
87	172	3.18021
88	39	0.900721
88	48	0.872732
88	54	0.874151
88	71	0.912173
88	75	0.919348
88	86	0.840591
88	90	0.892556
88	93	0.890808
88	95	0.806502
88	97	0.880413
88	98	0.924032
88	99	6.6
88	109	0.887862
88	113	0.933711
88	127	0.863875
88	129	1.26352
88	131	0.83096
88	156	0.778444
88	163	1.30825
88	168	1.55641
89	32	0.912597
89	41	0.906602
89	69	0.912369
89	83	0.84911
89	85	0.910892
89	100	0.870051
89	103	0.869955
89	104	0.908729
89	106	0.845012
89	118	1.33579
89	121	2.74867
89	123	0.894692
89	133	0.83536
89	136	0.895166
89	138	0.87205
89	141	1.75402
89	146	0.898815
89	154	0.785042
89	162	5.73443
89	163	0.844907
90	39	0.903727
90	48	0.875737
90	54	0.877157
90	71	0.915178
90	75	0.922354
90	86	0.843597
90	88	0.892556
90	93	0.893813
90	95	0.809507
90	97	0.883419
90	98	0.927037
90	113	0.936716
90	119	0.844953
90	127	0.86688
90	131	0.833965
90	149	2.2085
90	156	0.781449
90	157	1.94748
90	164	2.9211
90	166	3.36647
91	13	0.827071
91	14	0.910848
91	52	0.863977
91	60	0.917579
91	70	0.895999
91	72	0.838715
91	78	0.905481
91	81	0.890382
91	92	0.883546
91	94	0.872484
91	96	0.868478
91	102	0.904522
91	119	0.835416
91	127	0.857343
91	131	0.824429
91	134	0.910884
91	140	3.6831
91	145	1.53224
91	164	2.44947
91	177	2.67657
92	13	0.83413
92	14	0.917906
92	24	0.801014
92	52	0.871036
92	60	0.924637
92	70	0.903057
92	72	0.845774
92	78	0.91254
92	84	0.831347
92	91	0.883546
92	94	0.879543
92	96	0.875537
92	102	0.911581
92	121	2.09605
92	127	0.864401
92	131	0.831487
92	134	0.917943
92	158	4.56011
92	167	1.52633
92	179	2.35053
93	39	0.901979
93	48	0.873989
93	54	0.875409
93	71	0.91343
93	75	0.920606
93	86	0.841849
93	88	0.890808
93	90	0.893813
93	95	0.807759
93	97	0.881671
93	98	0.92529
93	109	0.88912
93	113	0.934969
93	119	0.843205
93	131	0.832217
93	155	1.5565
93	156	0.779701
93	165	1.93605
93	174	3.28988
93	179	3.46043
94	13	0.823068
94	14	0.906844
94	24	0.789952
94	52	0.859974
94	60	0.913576
94	70	0.891995
94	72	0.834712
94	78	0.901478
94	81	0.886379
94	84	0.820286
94	91	0.872484
94	92	0.879543
94	96	0.864475
94	102	0.900519
94	119	0.831413
94	131	0.820425
94	133	3.1995
94	134	0.906881
94	138	1.26708
94	152	3.49987
94	153	2.76837
95	36	2.66531
95	73	3.63469
95	74	0.849196
95	75	0.8363
95	76	0.782644
95	80	0.832582
95	88	0.806502
95	90	0.809507
95	93	0.807759
95	97	0.797364
95	98	0.840983
95	105	0.764265
95	114	0.732922
95	158	0.705589
95	171	0.711776
95	172	0.75302
95	174	0.772703
95	175	0.717518
95	177	0.753833
95	179	0.72478
95	180	0.704445
96	13	0.819062
96	14	0.902838
96	52	0.855968
96	60	0.90957
96	70	0.887989
96	72	0.830706
96	78	0.897472
96	81	0.882373
96	84	0.81628
96	91	0.868478
96	92	0.875537
96	94	0.864475
96	102	0.896513
96	108	7.5
96	110	1.99244
96	119	0.827407
96	127	0.849334
96	131	0.816419
96	134	0.902875
96	150	1.04444
96	163	1.59432
97	39	0.891584
97	48	0.863595
97	54	0.865014
97	71	0.903036
97	75	0.910211
97	86	0.831454
97	88	0.880413
97	90	0.883419
97	93	0.881671
97	95	0.797364
97	98	0.914895
97	109	0.878725
97	113	0.924574
97	119	0.83281
97	127	0.854737
97	131	0.821823
97	140	2.0644
97	147	1.1887
97	156	0.769306
97	166	1.27614
97	180	6.80946
98	39	0.935203
98	48	0.907213
98	54	0.908633
98	71	0.946654
98	75	0.95383
98	86	0.875073
98	88	0.924032
98	90	0.927037
98	93	0.92529
98	95	0.840983
98	97	0.914895
98	109	0.922343
98	113	0.968192
98	119	0.876429
98	127	0.898356
98	129	1.18057
98	131	0.865441
98	154	4.61755
98	156	0.812925
98	161	3.63614
98	168	1.52551
98	174	1.72657
99	8	0.75718
99	22	0.744816
99	33	0.714963
99	38	0.816386
99	43	0.799581
99	44	0.799427
99	49	0.770275
99	53	0.778591
99	55	0.778514
99	57	0.770071
99	88	6.6
99	111	0.67919
99	124	0.693898
99	152	0.717061
99	154	0.668073
99	158	0.677755
99	161	0.701566
99	172	0.725185
99	174	0.744868
99	175	0.689684
99	178	0.697616
99	180	0.676611
100	32	0.880925
100	41	0.87493
100	69	0.880697
100	82	0.920354
100	83	0.817438
100	85	0.87922
100	89	0.870051
100	103	0.838282
100	104	0.877056
100	106	0.813339
100	107	0.820882
100	123	0.863019
100	127	1.666
100	128	0.862977
100	133	0.803687
100	134	0.89183
100	136	0.863493
100	138	0.840378
100	146	0.867143
100	154	0.75337
100	163	0.813234
100	167	1.93647
100	175	6.03926
101	3	2.0972
101	18	2.01835
101	40	2.78445
101	117	0.824727
101	135	0.828226
101	147	0.862788
101	153	0.817646
101	160	0.822485
101	161	0.793026
101	166	0.83465
101	167	0.831248
101	169	0.763209
101	170	0.788729
101	171	0.775401
101	172	0.816645
101	173	0.803287
101	174	0.836328
101	175	0.781144
101	176	0.758155
101	177	0.817459
101	178	0.789076
101	179	0.788406
101	180	0.768071
102	13	0.855106
102	14	0.938882
102	24	0.82199
102	52	0.892012
102	60	0.945614
102	70	0.924033
102	72	0.86675
102	78	0.933516
102	81	0.918417
102	84	0.852323
102	91	0.904522
102	92	0.911581
102	94	0.900519
102	96	0.896513
102	119	0.863451
102	127	0.885378
102	131	0.852463
102	134	0.938919
102	145	1.79485
102	160	1.62849
102	165	1.02167
102	169	7.80503
102	179	1.49078
103	32	0.880828
103	41	0.874833
103	69	0.8806
103	83	0.817341
103	85	0.879123
103	89	0.869955
103	100	0.838282
103	104	0.87696
103	106	0.813242
103	107	0.820785
103	123	0.862922
103	128	0.86288
103	133	0.80359
103	134	0.891733
103	136	0.863397
103	138	0.840281
103	141	2.07342
103	144	1.97562
103	146	0.867046
103	154	0.753273
103	155	2.46748
103	163	0.813138
103	179	4.37141
104	32	0.919602
104	41	0.913607
104	69	0.919374
104	83	0.856115
104	85	0.917897
104	89	0.908729
104	100	0.877056
104	103	0.87696
104	106	0.852017
104	107	0.859559
104	123	0.901697
104	128	0.901654
104	133	0.842365
104	134	0.930507
104	136	0.902171
104	138	0.879055
104	143	1.63936
104	146	0.90582
104	154	0.792048
104	163	0.851912
104	168	2.01544
104	174	2.2956
104	176	8.11629
104	177	1.85545
105	7	3.11543
105	22	0.813463
105	33	0.78361
105	42	0.855166
105	43	0.868228
105	44	0.868074
105	48	1.22484
105	49	0.838921
105	53	0.847238
105	55	0.84716
105	57	0.838718
105	95	0.764265
105	130	0.760794
105	134	0.875179
105	136	1.76835
105	154	0.736719
105	158	0.746401
105	167	0.808434
105	169	0.740396
105	170	0.765916
105	176	0.735341
105	177	0.794645
105	178	0.766263
105	180	0.745258
106	8	0.817438
106	22	0.805074
106	32	0.855885
106	38	0.876644
106	43	0.859839
106	44	0.859685
106	76	3.75374
106	78	1.56146
106	81	1.8848
106	83	0.792398
106	89	0.845012
106	100	0.813339
106	103	0.813242
106	104	0.852017
106	120	0.759661
106	139	0.817771
106	158	0.738012
106	169	0.732007
106	170	0.757527
106	173	0.772085
106	175	0.749941
106	177	0.786256
106	178	0.757874
106	180	0.736869
107	2	0.717002
107	11	0.806233
107	18	0.884215
107	27	2.62771
107	34	0.867618
107	36	0.787477
107	40	0.867305
107	41	0.857432
107	52	1.98238
107	100	0.820882
107	103	0.820785
107	104	0.859559
107	111	0.74699
107	113	1.50244
107	138	0.82288
107	149	0.818871
107	163	0.795737
107	171	0.751741
107	172	0.792985
107	173	0.779627
107	175	0.757483
107	176	0.734495
107	178	0.765416
107	180	0.744411
108	96	7.5
108	110	0.763376
108	120	0.712302
108	121	0.725273
108	122	0.74093
108	132	0.705749
108	144	0.791821
108	147	0.784227
108	148	0.726217
108	157	0.77883
108	161	0.714465
108	167	0.752686
108	168	0.763544
108	169	0.684648
108	170	0.710168
108	171	0.69684
108	172	0.738084
108	173	0.724726
108	174	0.757767
108	175	0.702582
108	176	0.679593
108	177	0.738897
108	178	0.710515
108	179	0.709845
108	180	0.689509
109	8	0.866375
109	15	0.938843
109	22	0.854011
109	35	0.811397
109	38	0.925581
109	43	0.908776
109	44	0.908622
109	48	0.871043
109	58	0.856327
109	64	0.849224
109	67	0.849115
109	68	0.84903
109	75	0.91766
109	86	0.838903
109	88	0.887862
109	93	0.88912
109	97	0.878725
109	98	0.922343
109	115	1.33122
109	137	1.74798
109	146	0.89104
109	158	0.786949
109	163	1.90764
109	174	1.35825
109	176	8.37019
110	56	3.27684
110	70	2.23072
110	96	1.99244
110	108	0.763376
110	137	0.815374
110	142	0.802088
110	144	0.861616
110	148	0.796012
110	149	0.833764
110	151	0.77845
110	161	0.78426
110	164	0.811321
110	166	0.825884
110	167	0.822481
110	168	0.833339
110	169	0.754443
110	170	0.779963
110	171	0.766635
110	172	0.807879
110	173	0.794521
110	175	0.772377
110	176	0.749388
110	177	0.808692
110	178	0.78031
110	180	0.759305
111	36	7.5
111	99	0.67919
111	107	0.74699
111	122	0.739438
111	124	0.705304
111	135	0.748172
111	137	0.744087
111	141	0.793286
111	142	0.7308
111	143	0.744997
111	151	0.707162
111	159	0.759139
111	164	0.740033
111	165	0.775708
111	166	0.754596
111	170	0.708676
111	171	0.695348
111	172	0.736592
111	173	0.723233
111	174	0.756274
111	175	0.70109
111	176	0.678101
111	177	0.737405
111	178	0.709023
111	180	0.688017
112	59	4.09533
112	124	0.734377
112	129	0.841204
112	132	0.73333
112	134	1.68915
112	145	0.796702
112	149	0.79155
112	151	0.736235
112	152	0.75754
112	155	0.820843
112	159	0.788212
112	160	0.771505
112	165	0.804781
112	168	0.791125
112	169	0.712229
112	170	0.737749
112	171	0.724421
112	172	0.765665
112	173	0.752307
112	174	0.785348
112	175	0.730163
112	176	0.707174
112	177	0.766478
112	178	0.738096
112	180	0.71709
113	16	0.873578
113	25	0.959373
113	46	0.940221
113	50	0.851498
113	58	0.902176
113	62	0.90519
113	63	0.905085
113	64	0.895073
113	67	0.894964
113	68	0.894879
113	71	0.956333
113	73	0.0229892
113	79	0.958823
113	86	0.884752
113	88	0.933711
113	90	0.936716
113	93	0.934969
113	97	0.924574
113	98	0.968192
113	107	1.50244
113	114	5.01405
113	125	2.8822
113	147	1.53008
113	153	2.62386
113	162	0.828687
113	179	0.85199
114	78	3.08595
114	95	0.732922
114	113	5.01405
114	117	0.77057
114	122	0.765335
114	124	0.731201
114	126	0.785274
114	135	0.77407
114	149	0.788374
114	151	0.733059
114	157	0.803234
114	161	0.73887
114	164	0.76593
114	165	0.801605
114	166	0.780493
114	167	0.777091
114	168	0.787949
114	169	0.709053
114	171	0.721245
114	172	0.762489
114	173	0.74913
114	174	0.782172
114	175	0.726987
114	176	0.703998
114	177	0.763302
114	178	0.73492
114	180	0.713914
115	30	1.81916
115	37	1.40234
115	42	2.36282
115	87	1.18446
115	109	1.33122
115	140	0.858311
115	141	0.9216
115	150	0.891998
115	153	0.865907
115	157	0.905651
115	160	0.870745
115	161	0.841287
115	162	0.813363
115	164	0.868347
115	165	0.904022
115	167	0.879508
115	168	0.890366
115	169	0.81147
115	171	0.823662
115	172	0.864906
115	173	0.851547
115	174	0.884589
115	175	0.829404
115	176	0.806415
115	177	0.865719
115	178	0.837337
115	180	0.816331
116	43	0.897972
116	58	2.48911
116	64	1.31815
116	68	1.5634
116	70	1.83137
116	122	0.869042
116	124	0.834908
116	139	0.898524
116	143	0.874602
116	150	0.893288
116	151	0.836766
116	153	0.867197
116	157	0.906941
116	159	0.888743
116	166	0.8842
116	167	0.880798
116	168	0.891656
116	169	0.81276
116	170	0.83828
116	171	0.824952
116	173	0.852837
116	174	0.885879
116	175	0.830694
116	176	0.807705
116	177	0.867009
116	178	0.838627
116	180	0.817621
117	31	3.17918
117	66	3.55374
117	69	1.36708
117	101	0.824727
117	114	0.77057
117	142	0.784877
117	148	0.778801
117	149	0.816553
117	151	0.761239
117	153	0.791669
117	157	0.831414
117	160	0.796508
117	161	0.767049
117	164	0.79411
117	165	0.829785
117	166	0.808673
117	167	0.80527
117	168	0.816128
117	170	0.762752
117	172	0.790668
117	173	0.77731
117	174	0.810351
117	175	0.755166
117	176	0.732177
117	177	0.791481
117	178	0.763099
117	180	0.742094
118	56	1.71356
118	63	1.72422
118	89	1.33579
118	120	0.826697
118	134	1.15113
118	136	1.00302
118	137	0.859974
118	139	0.884807
118	140	0.845884
118	142	0.846687
118	143	0.860885
118	144	0.906216
118	147	0.898622
118	152	0.844354
118	159	0.875026
118	160	0.858319
118	165	0.891595
118	166	0.870484
118	167	0.867081
118	171	0.811235
118	172	0.852479
118	173	0.839121
118	174	0.872162
118	175	0.816977
118	176	0.793988
118	177	0.853292
118	178	0.82491
118	180	0.803904
119	15	1.97882
119	19	0.841348
119	27	1.87913
119	42	1.76584
119	54	0.826548
119	58	2.77621
119	60	0.876508
119	70	0.854927
119	75	0.871745
119	78	0.86441
119	86	0.792988
119	90	0.844953
119	91	0.835416
119	93	0.843205
119	94	0.831413
119	96	0.827407
119	97	0.83281
119	98	0.876429
119	102	0.863451
119	131	0.783357
119	170	0.76055
119	172	0.788466
119	174	0.808149
119	175	0.752964
119	176	0.729975
119	177	0.789279
119	178	0.760897
119	180	0.739891
120	35	3.78395
120	43	4.91605
120	106	0.759661
120	108	0.712302
120	118	0.826697
120	137	0.7643
120	140	0.750211
120	142	0.751013
120	143	0.765211
120	144	0.810542
120	150	0.783897
120	151	0.727375
120	153	0.757806
120	159	0.779352
120	160	0.762645
120	164	0.760247
120	167	0.771407
120	168	0.782265
120	169	0.703369
120	170	0.728889
120	171	0.715561
120	172	0.756805
120	173	0.743447
120	174	0.776488
120	175	0.721303
120	176	0.698314
120	177	0.757618
120	178	0.729236
120	180	0.708231
121	2	0.693792
121	4	0.803635
121	11	0.783024
121	16	0.763124
121	18	0.861006
121	25	0.84892
121	30	0.863006
121	34	0.844408
121	36	0.764267
121	40	0.844096
121	46	0.829767
121	50	3.85527
121	64	0.78462
121	67	0.784511
121	68	0.784425
121	89	2.74867
121	92	2.09605
121	108	0.725273
121	136	0.822786
121	146	0.826435
121	161	0.746157
121	164	0.773217
121	169	0.71634
121	173	0.756417
121	175	0.734274
121	176	0.711285
121	177	0.770589
121	178	0.742207
121	180	0.721201
122	39	1.72742
122	40	3.44922
122	45	3.52336
122	108	0.74093
122	111	0.739438
122	114	0.765335
122	116	0.869042
122	124	0.754145
122	142	0.779641
122	143	0.793839
122	145	0.81647
122	148	0.773565
122	155	0.840611
122	160	0.791272
122	164	0.788874
122	165	0.824549
122	166	0.803437
122	167	0.800035
122	168	0.810893
122	169	0.731997
122	170	0.757517
122	172	0.785433
122	173	0.772074
122	174	0.805116
122	175	0.749931
122	176	0.726942
122	177	0.786246
122	178	0.757864
122	180	0.736858
123	11	1.48497
123	15	1.6805
123	55	1.7542
123	56	0.946507
123	57	1.99096
123	59	0.858346
123	62	1.78937
123	65	0.865328
123	69	0.905337
123	73	0.914477
123	77	0.849085
123	83	0.842078
123	87	0.898968
123	89	0.894692
123	100	0.863019
123	103	0.862922
123	104	0.901697
123	154	0.77801
123	161	0.811504
123	162	0.783581
123	163	0.837875
123	169	0.781687
123	171	0.793879
123	172	0.835123
123	173	0.821765
123	174	0.854806
123	176	0.776632
123	177	0.835936
123	180	0.786549
124	74	4.97954
124	99	0.693898
124	111	0.705304
124	112	0.734377
124	114	0.731201
124	116	0.834908
124	122	0.754145
124	134	2.60495
124	138	0.781194
124	142	0.745507
124	144	0.805036
124	145	0.782336
124	147	0.797441
124	149	0.777184
124	151	0.721869
124	152	0.743174
124	157	0.792044
124	165	0.790415
124	166	0.769304
124	167	0.765901
124	169	0.697863
124	170	0.723383
124	171	0.710055
124	172	0.751299
124	173	0.737941
124	174	0.770982
124	175	0.715797
124	176	0.692808
124	177	0.752112
124	178	0.72373
124	180	0.702724
125	4	2.40917
125	10	2.3745
125	74	1.63414
125	113	2.8822
125	137	0.815728
125	140	0.801639
125	142	0.802442
125	145	0.839271
125	148	0.796366
125	149	0.834119
125	151	0.778804
125	153	0.809234
125	155	0.863411
125	157	0.848979
125	159	0.83078
125	161	0.784614
125	164	0.811675
125	166	0.826238
125	167	0.822836
125	168	0.833693
125	169	0.754797
125	170	0.780317
125	171	0.766989
125	172	0.808233
125	173	0.794875
125	174	0.827916
125	175	0.772731
125	176	0.749742
125	177	0.809046
125	178	0.780664
125	180	0.759659
126	69	1.85547
126	71	1.47335
126	77	1.8762
126	114	0.785274
126	128	2.7962
126	130	0.772334
126	139	0.8377
126	141	0.862067
126	144	0.859109
126	155	0.86055
126	157	0.846117
126	158	0.757941
126	159	0.827919
126	160	0.811212
126	161	0.781753
126	164	0.808813
126	165	0.844488
126	166	0.823377
126	167	0.819974
126	168	0.830832
126	169	0.751936
126	170	0.777456
126	171	0.764128
126	172	0.805372
126	173	0.792014
126	174	0.825055
126	175	0.76987
126	176	0.746881
126	177	0.806185
126	178	0.777803
126	180	0.756797
127	18	1.40518
127	31	1.89303
127	52	0.844833
127	54	0.848475
127	70	0.876854
127	71	0.886497
127	72	0.819571
127	78	0.886337
127	81	0.871237
127	85	1.63792
127	86	0.814915
127	88	0.863875
127	90	0.86688
127	91	0.857343
127	92	0.864401
127	96	0.849334
127	97	0.854737
127	98	0.898356
127	100	1.666
127	102	0.885378
127	130	0.777354
127	146	1.82826
127	156	0.752768
127	160	0.816232
127	170	0.782477
127	171	0.769149
127	174	0.830075
127	175	0.774891
127	176	0.751902
127	177	0.811206
127	178	0.782824
127	180	0.761818
128	9	0.854512
128	20	0.844127
128	21	0.845319
128	31	0.910192
128	47	0.890715
128	56	0.946465
128	59	0.858304
128	65	0.865285
128	66	0.871173
128	74	0.931257
128	76	0.864705
128	77	0.849042
128	80	0.914643
128	83	0.842035
128	85	0.903817
128	87	0.898926
128	100	0.862977
128	103	0.86288
128	104	0.901654
128	126	2.7962
128	133	0.828285
128	138	0.864975
128	150	2.03358
128	154	0.777968
128	158	0.78765
128	162	0.783538
128	163	0.837832
128	167	1.29212
128	172	2.34415
128	173	3.19876
128	178	4.97755
128	179	0.806841
129	20	1.69574
129	58	2.43019
129	88	1.26352
129	98	1.18057
129	112	0.841204
129	136	0.856982
129	139	0.890454
129	143	0.866532
129	146	0.211987
129	147	0.904269
129	148	0.846259
129	149	0.884011
129	153	0.859127
129	157	0.898872
129	159	0.880673
129	160	0.863966
129	161	0.834507
129	162	0.806584
129	164	0.861568
129	165	0.897243
129	166	0.876131
129	167	0.872728
129	168	0.883586
129	169	0.80469
129	170	0.83021
129	172	0.858126
129	173	0.844768
129	174	0.877809
129	175	0.822624
129	176	0.799635
129	177	0.858939
129	178	0.830557
129	180	0.809552
130	8	0.781543
130	17	0.845657
130	21	0.759787
130	22	0.769179
130	38	0.840749
130	43	0.823944
130	44	0.82379
130	51	0.799908
130	66	0.785641
130	68	4.25262
130	74	0.845725
130	76	0.779173
130	79	2.3578
130	80	0.829111
130	87	2.98959
130	105	0.760794
130	126	0.772334
130	127	0.777354
130	134	0.830895
130	137	0.757044
130	148	0.737681
130	158	0.702118
130	161	0.725929
130	165	0.788665
130	170	0.721632
130	172	0.749548
130	173	0.73619
130	174	0.769231
130	175	0.714046
130	177	0.750362
130	179	0.721309
130	180	0.700974
131	46	2.54013
131	47	2.49645
131	48	0.814141
131	53	2.35436
131	71	0.853582
131	72	0.786656
131	73	2.50907
131	78	0.853422
131	81	0.838323
131	86	0.782001
131	88	0.83096
131	90	0.833965
131	91	0.824429
131	92	0.831487
131	93	0.832217
131	94	0.820425
131	96	0.816419
131	97	0.821823
131	98	0.865441
131	102	0.852463
131	119	0.783357
131	143	0.785884
131	156	0.719853
131	161	0.753859
131	166	0.795483
131	169	0.724042
131	173	0.76412
131	174	0.797161
131	175	0.741976
131	176	0.718987
131	177	0.778291
131	178	0.749909
131	180	0.728904
132	33	4.71024
132	44	4.58976
132	108	0.705749
132	112	0.73333
132	135	0.761832
132	140	0.743657
132	142	0.74446
132	144	0.803989
132	147	0.796394
132	148	0.738384
132	150	0.777344
132	151	0.720822
132	153	0.751253
132	155	0.80543
132	157	0.790997
132	159	0.772799
132	161	0.726632
132	164	0.753693
132	166	0.768256
132	167	0.764854
132	168	0.775712
132	170	0.722336
132	171	0.709008
132	172	0.750252
132	173	0.736893
132	174	0.769934
132	175	0.71475
132	176	0.691761
132	177	0.751065
132	178	0.722683
132	180	0.701677
133	28	1.58762
133	34	2.65382
133	41	0.840238
133	45	0.842492
133	50	0.74706
133	53	3.05905
133	61	0.876338
133	62	0.800752
133	63	0.800647
133	79	0.854385
133	85	0.844528
133	89	0.83536
133	94	3.1995
133	100	0.803687
133	103	0.80359
133	104	0.842365
133	128	0.828285
133	144	0.829528
133	146	0.832451
133	154	0.718678
133	156	0.718166
133	159	0.798338
133	162	0.724249
133	163	0.778543
133	164	0.779233
133	165	0.814908
133	166	0.793796
133	172	0.775791
133	173	0.762433
133	175	0.740289
133	176	0.7173
133	177	0.776604
133	178	0.748222
133	179	0.747552
133	180	0.727217
134	8	0.895929
134	22	0.883564
134	38	0.955135
134	41	0.928381
134	43	0.938329
134	44	0.938175
134	52	0.898374
134	60	0.951976
134	69	0.934147
134	70	0.930395
134	72	0.873112
134	81	0.924779
134	83	0.870889
134	84	0.858686
134	85	0.93267
134	91	0.910884
134	92	0.917943
134	94	0.906881
134	96	0.902875
134	100	0.89183
134	102	0.938919
134	103	0.891733
134	104	0.930507
134	105	0.875179
134	112	1.68915
134	118	1.15113
134	124	2.60495
134	130	0.830895
134	154	0.806821
134	158	0.816503
134	159	1.46147
134	163	0.866685
134	165	2.19165
134	169	5.81038
134	170	2.64671
134	174	1.98781
135	5	1.85443
135	8	2.82262
135	29	2.67603
135	86	2.84692
135	101	0.828226
135	111	0.748172
135	114	0.77407
135	132	0.761832
135	141	0.850862
135	143	0.802573
135	144	0.847904
135	145	0.825205
135	147	0.84031
135	148	0.7823
135	150	0.821259
135	151	0.764738
135	155	0.849346
135	157	0.834913
135	159	0.816714
135	166	0.812172
135	167	0.80877
135	168	0.819627
135	169	0.740731
135	170	0.766251
135	171	0.752923
135	172	0.794167
135	173	0.780809
135	174	0.81385
135	175	0.758666
135	176	0.735677
135	177	0.794981
135	178	0.766598
