1	19	0.557889
1	98	0.580217
1	110	0.570667
1	140	0.688905
1	151	0.639731
1	164	0.611546
1	170	0.5812
1	171	0.582623
1	172	0.628271
1	173	0.6057
1	179	0.58805
1	180	0.563246
2	3	0.809321
2	8	0.722513
2	35	0.759663
2	39	0.75925
2	52	0.740692
2	68	0.73038
2	115	0.74907
2	132	6.45926
2	148	0.711041
2	154	2.25751
2	161	0.627891
2	178	0.631721
3	2	0.809321
3	12	1.98257
3	35	0.859689
3	39	0.859275
3	52	0.840718
3	68	0.830405
3	143	2.064
3	144	0.752329
3	148	0.811067
3	161	0.727917
3	178	0.731746
3	179	5.645
4	42	3.23939
4	58	0.761387
4	143	0.659542
4	157	0.632522
4	165	0.658125
4	167	0.624461
4	168	0.636766
4	169	0.643183
4	173	0.657222
4	175	0.647846
4	179	0.639572
4	180	0.614768
5	18	0.661475
5	24	0.19327
5	26	0.651087
5	34	0.560201
5	44	0.631783
5	54	0.623936
5	56	0.601258
5	72	0.588665
5	133	0.569518
5	167	4.02476
5	170	3.77138
5	178	1.43456
6	7	0.814331
6	33	0.79835
6	36	0.857439
6	55	0.837816
6	60	0.840045
6	96	2.0569
6	132	5.14074
6	133	0.799168
6	144	0.753298
6	148	0.812036
6	161	0.728886
6	166	2.12147
7	6	0.814331
7	33	0.701397
7	36	0.760486
7	51	1.62335
7	55	0.740862
7	60	0.743092
7	104	5.71113
7	112	0.723615
7	115	0.753112
7	144	0.656345
7	148	0.715082
7	161	0.631932
8	2	0.722513
8	35	0.772882
8	39	0.772468
8	52	0.753911
8	68	0.743598
8	129	0.783437
8	144	0.665521
8	148	0.724259
8	151	1.4792
8	161	0.641109
8	174	6.36376
8	178	0.644939
9	29	0.766937
9	48	0.80623
9	63	0.804004
9	69	0.79187
9	70	0.792061
9	73	0.79228
9	76	0.779344
9	80	0.825678
9	129	0.850487
9	163	3.36469
9	172	2.18146
9	177	3.86759
10	32	0.835559
10	48	0.803345
10	63	0.801119
10	67	0.790659
10	69	0.788985
10	70	0.789176
10	73	0.789395
10	76	0.776459
10	80	0.822793
10	143	2.28211
10	154	1.56474
10	165	4.82795
11	92	0.658733
11	122	3.59389
11	137	0.664505
11	142	0.711367
11	147	0.675703
11	158	0.682302
11	170	0.630491
11	171	0.631914
11	173	0.654992
11	177	0.64288
11	179	0.637342
11	180	0.612538
12	3	1.98257
12	45	0.888996
12	100	0.401645
12	138	0.865824
12	154	0.873212
12	160	0.777116
12	162	0.802763
12	169	0.783995
12	174	0.761575
12	175	0.788658
12	179	0.780384
12	180	0.75558
13	15	0.689163
13	22	0.749163
13	25	0.755177
13	42	0.732333
13	53	0.718814
13	57	0.717202
13	61	0.71559
13	66	0.702348
13	93	2.94046
13	108	0.751526
13	131	0.699734
13	141	7.66095
14	21	0.714027
14	101	0.711578
14	105	0.710509
14	109	0.699915
14	113	0.731515
14	117	0.723515
14	118	0.720451
14	120	0.726412
14	126	0.731122
14	127	0.731205
14	144	5.24756
14	163	3.05979
15	13	0.689163
15	25	0.754299
15	37	0.731287
15	42	0.731455
15	45	0.728551
15	53	0.717936
15	57	0.716324
15	61	0.714712
15	66	0.70147
15	92	3.29333
15	108	0.750648
15	175	3.81974
16	37	1.17011
16	110	0.697765
16	125	0.811091
16	126	1.02064
16	135	0.723132
16	160	0.711881
16	166	0.733933
16	168	0.712343
16	171	0.709721
16	174	0.696339
16	179	0.715149
16	180	0.690345
17	18	0.727679
17	36	0.776666
17	77	1.90172
17	147	0.828314
17	155	0.836663
17	165	0.808506
17	167	0.774842
17	168	0.787147
17	175	0.798227
17	177	0.795491
17	179	0.789953
17	180	0.765149
18	5	0.661475
18	17	0.727679
18	26	0.860578
18	31	0.824819
18	43	0.82393
18	44	0.841274
18	54	0.833427
18	56	0.810749
18	72	0.798155
18	165	2.65941
18	178	0.712556
18	180	5.7755
19	1	0.557889
19	62	0.598828
19	156	0.602414
19	162	0.622637
19	168	0.597452
19	169	0.603868
19	170	0.593407
19	172	0.640478
19	174	0.581448
19	175	0.608532
19	179	0.600258
19	180	0.575454
20	49	0.727866
20	75	0.697432
20	79	0.750635
20	84	0.687064
20	88	0.727667
20	90	0.774132
20	94	0.714721
20	102	0.751992
20	103	0.751812
20	163	0.66777
20	172	2.31855
20	176	5.53524
21	14	0.714027
21	105	0.718956
21	116	0.732146
21	117	0.731962
21	118	0.728897
21	120	0.734859
21	126	0.739568
21	127	0.739651
21	142	3.26577
21	143	0.696416
21	148	4.14059
21	176	0.660271
22	13	0.749163
22	25	0.814299
22	37	0.791287
22	42	0.791455
22	45	0.788551
22	53	0.777936
22	57	0.776324
22	61	0.774712
22	66	0.76147
22	108	0.810648
22	148	2.22964
22	153	3.75918
22	166	3.41519
23	34	0.604742
23	138	0.671183
23	159	0.601109
23	160	0.582474
23	162	0.608122
23	166	0.604527
23	169	0.589353
23	170	0.578892
23	175	0.594017
23	179	0.585742
23	180	0.560938
24	5	0.19327
24	31	0.939437
24	43	0.938548
24	46	0.858901
24	56	0.925367
24	72	0.912773
24	74	0.896802
24	124	0.932771
24	130	2.24403
24	133	0.893626
24	161	10.0997
24	171	4.4483
24	178	0.244351
25	13	0.755177
25	15	0.754299
25	22	0.814299
25	37	0.7973
25	42	0.797469
25	45	0.794565
25	53	0.78395
25	57	0.782338
25	61	0.780726
25	66	0.767484
25	137	2.64066
25	149	5.44531
25	155	1.27467
26	5	0.651087
26	18	0.860578
26	31	0.814431
26	43	0.813542
26	46	0.733895
26	56	0.800361
26	72	0.787767
26	74	0.771797
26	82	3.68295
26	124	0.807765
26	147	2.54965
26	169	3.60448
26	178	0.702168
27	87	0.725227
27	100	0.752349
27	105	0.700102
27	109	0.689507
27	113	0.721107
27	118	0.710043
27	120	0.716005
27	121	0.711296
27	126	0.720714
27	127	0.720797
27	138	2.6649
27	158	5.08142
27	176	0.641417
28	59	0.798695
28	64	0.79197
28	77	0.763394
28	78	0.764343
28	81	0.765374
28	85	0.807125
28	86	0.81045
28	112	4.00627
28	136	0.731828
28	138	1.74887
28	143	3.14011
28	163	0.74899
28	176	0.726293
29	9	0.766937
29	30	0.742935
29	32	0.73555
29	48	0.703335
29	63	0.701109
29	67	0.690649
29	69	0.688976
29	70	0.689166
29	73	0.689385
29	76	0.676449
29	80	0.722783
29	104	3.08887
29	176	5.05804
30	29	0.742935
30	32	0.814442
30	63	0.780002
30	67	0.769542
30	69	0.767868
30	70	0.768059
30	73	0.768278
30	76	0.755342
30	80	0.801675
30	83	2.5629
30	106	2.55333
30	111	2.94604
30	129	0.826484
31	18	0.824819
31	24	0.939437
31	26	0.814431
31	43	0.777783
31	46	0.698137
31	54	0.78728
31	56	0.764602
31	72	0.752009
31	74	0.736038
31	95	1.43537
31	135	3.05934
31	176	5.06469
31	178	0.66641
32	10	0.835559
32	29	0.73555
32	30	0.814442
32	67	0.762157
32	69	0.760483
32	70	0.760674
32	73	0.760893
32	76	0.747957
32	80	0.794291
32	119	1.82222
32	129	0.819099
32	142	1.55303
32	156	5.6147
33	6	0.79835
33	7	0.701397
33	36	0.744504
33	55	0.724881
33	60	0.72711
33	115	0.73713
33	122	0.748717
33	125	3.20243
33	133	0.686233
33	143	4.31028
33	144	0.640363
33	148	0.699101
33	161	0.615951
34	5	0.560201
34	23	0.604742
34	47	3.38644
34	54	0.732153
34	68	0.709941
34	74	0.680911
34	96	0.73195
34	161	0.607453
34	169	0.653029
34	174	0.630609
34	177	0.654956
34	178	0.611282
34	180	0.624615
35	2	0.759663
35	3	0.859689
35	8	0.772882
35	39	0.809618
35	52	0.791061
35	68	0.780748
35	129	0.820587
35	134	1.05999
35	144	0.702672
35	148	0.761409
35	153	4.39199
35	161	0.678259
35	162	3.76015
35	178	0.682089
36	6	0.857439
36	7	0.760486
36	17	0.776666
36	33	0.744504
36	55	0.78397
36	60	0.786199
36	111	2.28769
36	112	0.766723
36	115	0.796219
36	124	0.784467
36	144	0.699452
36	148	0.75819
36	161	0.67504
36	169	5.62071
37	15	0.731287
37	16	1.17011
37	22	0.791287
37	25	0.7973
37	42	0.774457
37	45	0.771553
37	53	0.760938
37	57	0.759326
37	61	0.757714
37	66	0.744472
37	108	0.793649
37	131	0.741858
37	150	2.60752
37	163	4.95138
38	41	0.729781
38	47	0.340345
38	59	0.692435
38	64	0.68571
38	77	0.657134
38	78	0.658082
38	81	0.659114
38	85	0.700865
38	86	0.70419
38	122	0.727007
38	163	0.64273
38	170	4.99216
38	173	3.55887
38	176	0.620033
39	2	0.75925
39	3	0.859275
39	8	0.772468
39	35	0.809618
39	52	0.790647
39	68	0.780334
39	129	0.820173
39	139	1.29263
39	144	0.702258
39	148	0.760995
39	158	3.08656
39	161	0.677846
39	168	5.35914
39	178	0.681675
40	50	0.766312
40	75	0.741509
40	79	0.794712
40	84	0.731141
40	88	0.771744
40	90	0.818209
40	94	0.758798
40	102	0.796069
40	103	0.795889
40	128	2.79134
40	131	0.744829
40	143	0.725294
40	144	4.87184
40	165	2.8388
41	38	0.729781
41	47	0.288523
41	59	0.78022
41	64	0.773495
41	77	0.744919
41	78	0.745867
41	81	0.746899
41	85	0.788649
41	86	0.791975
41	125	1.14038
41	163	0.730514
41	173	4.60611
41	175	3.6478
41	176	0.707818
42	4	3.23939
42	13	0.732333
42	15	0.731455
42	22	0.791455
42	25	0.797469
42	37	0.774457
42	45	0.771721
42	53	0.761106
42	57	0.759494
42	66	0.74464
42	114	0.803006
42	131	0.742026
42	173	2.39383
42	177	2.92997
43	18	0.82393
43	24	0.938548
43	26	0.813542
43	31	0.777783
43	44	0.794238
43	46	0.697247
43	72	0.751119
43	74	0.735149
43	108	0.794952
43	136	4.80938
43	163	2.86434
43	164	2.44553
43	178	0.66552
44	5	0.631783
44	18	0.841274
44	43	0.794238
44	46	0.714591
44	54	0.803735
44	56	0.781057
44	72	0.768464
44	74	0.752493
44	93	2.56421
44	108	0.812296
44	124	0.788462
44	163	3.2235
44	178	0.682864
44	179	4.4134
45	12	0.888996
45	15	0.728551
45	22	0.788551
45	25	0.794565
45	37	0.771553
45	42	0.771721
45	53	0.758203
45	57	0.756591
45	61	0.754978
45	66	0.741737
45	83	1.25849
45	114	0.800103
45	131	0.739123
45	174	7.55566
46	24	0.858901
46	26	0.733895
46	31	0.698137
46	43	0.697247
46	44	0.714591
46	54	0.706744
46	56	0.684066
46	72	0.671473
46	74	0.655502
46	108	0.715305
46	133	0.652326
46	162	2.73471
46	176	5.79526
46	178	0.585873
47	34	3.38644
47	38	0.340345
47	41	0.288523
47	59	1.01542
47	64	1.00869
47	77	0.980114
47	78	0.981063
47	81	0.982095
47	85	1.02384
47	86	1.02717
47	110	9.6
47	131	2.05259
47	163	0.341078
47	176	0.318382
48	9	0.80623
48	10	0.803345
48	29	0.703335
48	63	0.740402
48	67	0.729943
48	69	0.728269
48	70	0.72846
48	73	0.728679
48	76	0.715743
48	80	0.762076
48	124	0.753985
48	129	0.786885
48	140	1.27006
48	167	5.57749
48	175	2.9325
49	20	0.727866
49	50	0.758025
49	75	0.733222
49	84	0.722853
49	88	0.763457
49	90	0.809921
49	94	0.750511
49	102	0.787782
49	103	0.787602
49	106	1.71224
49	122	0.787837
49	143	0.717007
49	148	2.33317
49	163	0.703559
49	178	6.93068
50	40	0.766312
50	49	0.758025
50	75	0.727591
50	79	0.780795
50	84	0.717223
50	88	0.757826
50	90	0.804291
50	94	0.74488
50	102	0.782151
50	103	0.781971
50	123	1.63294
50	131	0.730911
50	133	3.10411
50	163	0.697929
50	164	5.09644
51	7	1.62335
51	103	1.92487
51	106	0.79252
51	114	1.04167
51	130	0.801416
51	149	0.726628
51	158	0.777487
51	164	0.756022
51	165	0.75108
51	166	0.751311
51	168	0.72972
51	171	0.727099
51	177	0.738064
51	179	0.732526
51	180	0.707722
52	2	0.740692
52	3	0.840718
52	8	0.753911
52	35	0.791061
52	39	0.790647
52	68	0.761777
52	115	0.780467
52	129	0.801616
52	136	4.48227
52	144	0.6837
52	148	0.742438
52	151	2.70515
52	157	5.09951
52	161	0.659288
52	178	0.663118
53	13	0.718814
53	15	0.717936
53	22	0.777936
53	25	0.78395
53	37	0.760938
53	42	0.761106
53	45	0.758203
53	57	0.745976
53	61	0.744363
53	66	0.731122
53	108	0.780299
53	131	0.728507
53	154	1.90894
53	166	4.27817
53	172	3.83419
54	5	0.623936
54	18	0.833427
54	31	0.78728
54	34	0.732153
54	44	0.803735
54	46	0.706744
54	56	0.77321
54	72	0.760617
54	74	0.744646
54	124	0.780614
54	133	0.74147
54	138	2.04558
54	142	3.02832
54	172	4.6447
54	178	0.675017
55	6	0.837816
55	7	0.740862
55	33	0.724881
55	36	0.78397
55	60	0.766576
55	112	0.747099
55	115	0.776596
55	122	0.788182
55	124	0.764844
55	144	0.679829
55	145	3.23267
55	148	0.738566
55	152	2.2706
55	161	0.655417
55	171	4.81542
56	5	0.601258
56	18	0.810749
56	24	0.925367
56	26	0.800361
56	31	0.764602
56	44	0.781057
56	46	0.684066
56	54	0.77321
56	74	0.721968
56	124	0.757936
56	133	0.718792
56	160	5.56761
56	164	2.09537
56	178	0.652339
56	179	3.70407
57	13	0.717202
57	15	0.716324
57	22	0.776324
57	25	0.782338
57	37	0.759326
57	42	0.759494
57	45	0.756591
57	53	0.745976
57	58	1.45763
57	61	0.742751
57	66	0.72951
57	114	0.787876
57	125	1.62499
57	131	0.726895
57	167	6.77739
58	4	0.761387
58	57	1.45763
58	73	0.230227
58	80	1.72828
58	132	0.74202
58	135	0.760218
58	145	0.762083
58	165	0.770787
58	167	0.737123
58	170	0.745383
58	171	0.746806
58	174	0.733425
58	177	0.757772
58	179	0.752234
58	180	0.72743
59	28	0.798695
59	38	0.692435
59	41	0.78022
59	47	1.01542
59	64	0.736149
59	77	0.707573
59	78	0.708521
59	81	0.709553
59	86	0.754629
59	93	2.89533
59	136	0.676007
59	152	2.54289
59	156	4.81668
59	163	0.693169
59	176	0.670472
60	6	0.840045
60	7	0.743092
60	33	0.72711
60	36	0.786199
60	55	0.766576
60	112	0.749329
60	115	0.778825
60	122	0.790412
60	131	1.43874
60	133	0.727928
60	134	1.14289
60	144	0.682058
60	148	0.740796
60	161	0.657646
60	180	7.11722
61	13	0.71559
61	15	0.714712
61	22	0.774712
61	25	0.780726
61	37	0.757714
61	45	0.754978
61	53	0.744363
61	57	0.742751
61	66	0.727897
61	108	0.777075
61	114	0.786263
61	131	0.725283
61	160	4.73872
61	172	2.16481
61	178	4.358
62	19	0.598828
62	93	0.689938
62	117	4.92561
62	145	0.638838
62	151	0.680669
62	158	0.673949
62	159	0.644355
62	162	0.651368
62	164	0.652484
62	168	0.626183
62	173	0.646638
62	174	0.610179
62	177	0.634526
62	179	0.628989
62	180	0.604185
63	9	0.804004
63	10	0.801119
63	29	0.701109
63	30	0.780002
63	48	0.740402
63	67	0.727716
63	69	0.726043
63	70	0.726233
63	73	0.726452
63	76	0.713516
63	80	0.75985
63	129	0.784659
63	134	2.56209
63	138	2.50699
63	155	4.23367
64	28	0.79197
64	38	0.68571
64	41	0.773495
64	47	1.00869
64	59	0.736149
64	77	0.700848
64	78	0.701796
64	81	0.702828
64	85	0.744578
64	86	0.747904
64	91	3.06404
64	96	1.78752
64	163	0.686443
64	171	5.4544
64	176	0.663747
65	99	0.840179
65	101	0.792125
65	107	0.816559
65	109	0.780462
65	113	0.812062
65	117	0.804062
65	118	0.800997
65	120	0.806959
65	121	0.802251
65	123	2.6002
65	126	0.811668
65	127	0.811752
65	144	4.2806
65	148	1.68373
65	174	5.70673
65	176	0.732372
66	13	0.702348
66	15	0.70147
66	22	0.76147
66	25	0.767484
66	37	0.744472
66	42	0.74464
66	45	0.741737
66	53	0.731122
66	57	0.72951
66	61	0.727897
66	108	0.763833
66	114	0.773022
66	130	3.12139
66	131	0.712042
66	154	2.41925
66	166	4.78848
67	10	0.790659
67	29	0.690649
67	30	0.769542
67	32	0.762157
67	48	0.729943
67	63	0.727716
67	69	0.715583
67	70	0.715774
67	73	0.715993
67	76	0.703056
67	80	0.74939
67	112	1.88218
67	124	0.741299
67	129	0.774199
67	172	2.22391
67	180	6.67797
68	2	0.73038
68	3	0.830405
68	8	0.743598
68	34	0.709941
68	35	0.780748
68	39	0.780334
68	52	0.761777
68	115	0.770155
68	129	0.791303
68	134	2.1113
68	144	0.673388
68	148	0.732125
68	154	2.73008
68	161	0.648976
68	175	4.847
68	178	0.652805
69	9	0.79187
69	10	0.788985
69	29	0.688976
69	30	0.767868
69	32	0.760483
69	48	0.728269
69	63	0.726043
69	67	0.715583
69	70	0.7141
69	73	0.714319
69	76	0.701383
69	80	0.747716
69	97	1.64246
69	124	0.739625
69	168	4.29523
69	171	4.92157
70	9	0.792061
70	10	0.789176
70	29	0.689166
70	30	0.768059
70	32	0.760674
70	48	0.72846
70	63	0.726233
70	67	0.715774
70	69	0.7141
70	73	0.71451
70	76	0.701573
70	80	0.747907
70	119	2.17614
70	124	0.739816
70	130	2.30022
70	156	5.96862
71	100	0.780837
71	105	0.72859
71	107	0.754093
71	109	0.717995
71	113	0.749596
71	116	0.74178
71	117	0.741596
71	118	0.738531
71	120	0.744493
71	121	0.739785
71	126	0.749202
71	127	0.749286
71	130	1.84523
71	157	5.40192
71	176	0.669905
71	179	4.02953
72	5	0.588665
72	18	0.798155
72	24	0.912773
72	26	0.787767
72	31	0.752009
72	43	0.751119
72	44	0.768464
72	46	0.671473
72	54	0.760617
72	74	0.709374
72	123	1.43903
72	124	0.745343
72	133	0.706198
72	147	4.41711
72	175	4.32978
72	178	0.639746
73	9	0.79228
73	10	0.789395
73	29	0.689385
73	30	0.768278
73	32	0.760893
73	48	0.728679
73	58	0.230227
73	63	0.726452
73	67	0.715993
73	69	0.714319
73	70	0.71451
73	76	0.701792
73	80	0.748126
73	124	0.740035
73	168	4.8033
73	177	4.39945
74	24	0.896802
74	26	0.771797
74	31	0.736038
74	34	0.680911
74	43	0.735149
74	44	0.752493
74	46	0.655502
74	54	0.744646
74	56	0.721968
74	72	0.709374
74	106	3.03018
74	108	0.753207
74	123	2.723
74	124	0.729372
74	131	4.19766
74	133	0.690227
74	178	0.623775
75	20	0.697432
75	40	0.741509
75	49	0.733222
75	50	0.727591
75	79	0.755991
75	84	0.69242
75	88	0.733023
75	89	1.98564
75	90	0.779488
75	94	0.720077
75	102	0.757348
75	103	0.757168
75	114	0.767087
75	131	0.706107
75	146	5.12406
75	160	5.92444
75	163	0.673125
76	9	0.779344
76	10	0.776459
76	29	0.676449
76	30	0.755342
76	32	0.747957
76	48	0.715743
76	63	0.713516
76	67	0.703056
76	69	0.701383
76	70	0.701573
76	73	0.701792
76	80	0.73519
76	124	0.727098
76	129	0.759999
76	150	1.8006
76	158	2.77862
76	178	6.81717
77	17	1.90172
77	28	0.763394
77	38	0.657134
77	41	0.744919
77	47	0.980114
77	59	0.707573
77	64	0.700848
77	78	0.67322
77	81	0.674252
77	85	0.716002
77	86	0.719328
77	108	0.742641
77	129	0.751707
77	134	3.69387
77	136	0.640706
77	140	3.63704
77	163	0.657867
77	176	0.635171
78	28	0.764343
78	38	0.658082
78	41	0.745867
78	47	0.981063
78	59	0.708521
78	64	0.701796
78	77	0.67322
78	81	0.6752
78	85	0.716951
78	86	0.720276
78	122	0.743093
78	129	0.752655
78	131	2.56181
78	136	0.641654
78	159	4.22793
78	163	0.658816
78	164	4.55066
78	176	0.636119
79	20	0.750635
79	40	0.794712
79	50	0.780795
79	75	0.755991
79	84	0.745623
79	88	0.786226
79	90	0.832691
79	94	0.77328
79	96	1.57954
79	102	0.810551
79	103	0.810371
79	114	0.820291
79	136	0.709167
79	143	0.739776
79	152	2.70159
79	163	0.726329
79	164	3.29452
79	176	5.74677
80	9	0.825678
80	10	0.822793
80	29	0.722783
80	30	0.801675
80	32	0.794291
80	48	0.762076
80	58	1.72828
80	63	0.75985
80	67	0.74939
80	69	0.747716
80	70	0.747907
80	73	0.748126
80	76	0.73519
80	124	0.773432
80	129	0.806333
80	143	3.0035
80	150	3.05075
80	155	3.33894
81	28	0.765374
81	38	0.659114
81	41	0.746899
81	47	0.982095
81	59	0.709553
81	64	0.702828
81	77	0.674252
81	78	0.6752
81	85	0.717982
81	86	0.721308
81	111	2.00031
81	122	0.744125
81	129	0.753687
81	136	0.642686
81	151	2.73263
81	163	0.659848
81	176	0.637151
81	180	7.27412
82	26	3.68295
82	99	2.19238
82	104	0.675876
82	110	0.647018
82	132	0.654188
82	146	0.665668
82	147	0.702763
82	152	0.716814
82	166	0.683186
82	167	0.649291
82	168	0.661596
82	171	0.658974
82	172	0.704622
82	173	0.682052
82	174	0.645592
82	175	0.672676
82	177	0.66994
82	179	0.664402
82	180	0.639598
83	30	2.5629
83	45	1.25849
83	102	0.434459
83	106	0.802237
83	122	0.723614
83	140	0.843097
83	153	0.756352
83	155	0.788953
83	159	0.757609
83	163	0.748765
83	166	0.761028
83	170	0.735392
83	171	0.736815
83	172	0.782463
83	174	0.723434
83	175	0.750517
83	177	0.747781
83	179	0.742243
83	180	0.717439
84	20	0.687064
84	40	0.731141
84	49	0.722853
84	50	0.717223
84	75	0.69242
84	79	0.745623
84	88	0.722654
84	90	0.769119
84	94	0.709709
84	102	0.74698
84	103	0.7468
84	114	0.756719
84	119	3.90151
84	131	0.695739
84	133	4.02079
84	136	0.645595
84	139	3.27217
84	143	0.676205
84	163	0.662757
85	28	0.807125
85	38	0.700865
85	41	0.788649
85	47	1.02384
85	64	0.744578
85	77	0.716002
85	78	0.716951
85	81	0.717982
85	86	0.763058
85	106	2.30425
85	108	0.786372
85	122	0.785875
85	123	1.99707
85	129	0.795437
85	136	0.684436
85	140	2.0953
85	153	5.48412
85	163	0.701598
85	176	0.678901
86	28	0.81045
86	38	0.70419
86	41	0.791975
86	47	1.02717
86	59	0.754629
86	64	0.747904
86	77	0.719328
86	78	0.720276
86	81	0.721308
86	85	0.763058
86	96	3.37604
86	122	0.789201
86	125	2.01085
86	129	0.798763
86	136	0.687762
86	140	1.72574
86	145	5.46016
86	163	0.704923
86	176	0.682227
87	27	0.725227
87	99	0.789687
87	100	0.792812
87	101	0.741633
87	105	0.740564
87	107	0.766067
87	109	0.72997
87	113	0.76157
87	116	0.753754
87	117	0.75357
87	118	0.750505
87	120	0.756467
87	121	0.751759
87	126	0.761176
87	127	0.76126
87	153	1.96471
87	168	3.26671
87	174	5.97386
87	176	0.68188
87	177	2.86286
88	20	0.727667
88	40	0.771744
88	49	0.763457
88	50	0.757826
88	75	0.733023
88	79	0.786226
88	84	0.722654
88	90	0.809723
88	94	0.750312
88	102	0.787583
88	103	0.787403
88	122	0.787638
88	131	0.736342
88	136	0.686199
88	137	4.25869
88	139	1.78861
88	142	2.14876
88	143	0.716808
88	163	0.70336
88	173	4.91513
89	75	1.98564
89	104	0.697176
89	110	0.668318
89	122	1.99935
89	125	0.781644
89	129	1.26694
89	130	0.754592
89	151	0.737383
89	152	0.738114
89	155	0.732412
89	159	0.701068
89	162	0.708081
89	167	0.670591
89	168	0.682896
89	169	0.689313
89	173	0.703352
89	175	0.693976
89	177	0.69124
89	179	0.685702
89	180	0.660898
90	20	0.774132
90	40	0.818209
90	49	0.809921
90	50	0.804291
90	75	0.779488
90	79	0.832691
90	84	0.769119
90	88	0.809723
90	94	0.796777
90	102	0.834048
90	103	0.833868
90	112	1.63649
90	114	0.843787
90	122	0.834103
90	136	0.732664
90	147	2.25722
90	149	5.27642
90	152	2.14971
90	163	0.749825
90	179	4.35134
91	64	3.06404
91	95	0.704985
91	119	0.713489
91	124	2.87903
91	145	0.664351
91	147	0.692863
91	151	0.706182
91	157	0.647452
91	158	0.699462
91	160	0.651233
91	162	0.676881
91	166	0.673286
91	169	0.658112
91	170	0.647651
91	172	0.694722
91	175	0.662776
91	177	0.660039
91	178	0.616365
91	180	0.629697
92	11	0.658733
92	15	3.29333
92	121	3.49422
92	130	0.7207
92	133	0.680126
92	145	0.661659
92	153	0.665919
92	154	0.744638
92	156	0.653966
92	163	0.658332
92	165	0.670363
92	167	0.636699
92	169	0.655421
92	170	0.644959
92	172	0.69203
92	173	0.669459
92	174	0.633
92	177	0.657348
92	179	0.65181
92	180	0.627006
93	13	2.94046
93	44	2.56421
93	59	2.89533
93	62	0.689938
93	132	0.681154
93	142	0.765393
93	145	0.701217
93	153	0.705477
93	156	0.693525
93	162	0.713747
93	166	0.710153
93	167	0.676257
93	168	0.688562
93	171	0.68594
93	172	0.731588
93	173	0.709018
93	174	0.672559
93	175	0.699642
93	177	0.696906
93	179	0.691368
93	180	0.666564
94	20	0.714721
94	40	0.758798
94	49	0.750511
94	50	0.74488
94	75	0.720077
94	79	0.77328
94	84	0.709709
94	88	0.750312
94	90	0.796777
94	102	0.774637
94	103	0.774457
94	114	0.784377
94	122	0.774692
94	131	0.723396
94	136	0.673253
94	143	0.703862
94	158	2.26138
94	159	2.88568
94	163	0.690414
94	169	3.77782
94	171	5.1603
95	31	1.43537
95	91	0.704985
95	105	2.52767
95	120	1.72482
95	123	0.792443
95	136	0.670263
95	140	0.781756
95	153	0.695011
95	157	0.673853
95	162	0.703281
95	164	0.704398
95	166	0.699687
95	168	0.678096
95	169	0.684513
95	170	0.674051
95	171	0.675474
95	172	0.721122
95	173	0.698552
95	177	0.68644
95	179	0.680902
95	180	0.656098
96	6	2.0569
96	34	0.73195
96	64	1.78752
96	79	1.57954
96	86	3.37604
96	125	0.808893
96	141	0.700464
96	142	0.786975
96	150	0.768495
96	159	0.728317
96	162	0.73533
96	164	0.736446
96	165	0.731504
96	167	0.69784
96	169	0.716561
96	170	0.7061
96	172	0.75317
96	173	0.7306
96	175	0.721224
96	177	0.718488
96	179	0.71295
96	180	0.688146
97	69	1.64246
97	104	0.698101
97	115	2.04482
97	116	2.02284
97	146	0.687894
97	149	0.680729
97	155	0.733337
97	156	0.688784
97	159	0.701994
97	160	0.683359
97	162	0.709006
97	165	0.70518
97	169	0.690238
97	170	0.679777
97	171	0.6812
97	172	0.726847
97	173	0.704277
97	174	0.667818
97	175	0.694901
97	177	0.692165
97	179	0.686627
97	180	0.661823
98	1	0.580217
98	101	5.82035
98	132	0.612372
98	137	0.649749
98	147	0.660947
98	151	0.674266
98	152	0.674998
98	156	0.624742
98	164	0.646081
98	165	0.641139
98	167	0.607475
98	168	0.61978
98	171	0.617158
98	172	0.662806
98	173	0.640235
98	175	0.63086
98	177	0.628123
98	179	0.622585
98	180	0.597781
99	65	0.840179
99	82	2.19238
99	87	0.789687
99	100	0.816808
99	101	0.76563
99	105	0.764561
99	107	0.790064
99	109	0.753967
99	113	0.785567
99	116	0.777751
99	117	0.777567
99	118	0.774502
99	120	0.780464
99	121	0.775756
99	126	0.785173
99	127	0.785257
99	136	3.90835
99	143	0.742021
99	149	4.07827
99	173	1.93007
99	176	0.705877
99	179	3.1532
100	12	0.401645
100	27	0.752349
100	71	0.780837
100	87	0.792812
100	99	0.816808
100	101	0.768755
100	105	0.767686
100	107	0.793189
100	109	0.757091
100	113	0.788692
100	116	0.780876
100	117	0.780692
100	118	0.777627
100	120	0.783589
100	121	0.778881
100	126	0.788298
100	127	0.788382
100	128	4.70137
100	139	1.43433
100	159	3.85256
100	175	3.60254
100	176	0.709001
101	14	0.711578
101	65	0.792125
101	87	0.741633
101	98	5.82035
101	99	0.76563
101	100	0.768755
101	105	0.716507
101	107	0.742011
101	109	0.705913
101	113	0.737513
101	114	0.774482
101	116	0.729698
101	117	0.729513
101	120	0.73241
101	121	0.727702
101	126	0.73712
101	127	0.737203
101	134	2.22986
101	143	0.693967
101	146	4.26612
101	165	2.16779
101	176	0.657823
102	20	0.751992
102	40	0.796069
102	49	0.787782
102	50	0.782151
102	75	0.757348
102	79	0.810551
102	83	0.434459
102	84	0.74698
102	88	0.787583
102	90	0.834048
102	94	0.774637
102	103	0.811728
102	112	2.47506
102	114	0.821647
102	122	0.811963
102	128	4.10729
102	131	0.760667
102	136	0.710524
102	143	0.741133
102	155	1.94434
102	163	0.727685
102	170	5.40007
103	20	0.751812
103	40	0.795889
103	49	0.787602
103	50	0.781971
103	51	1.92487
103	75	0.757168
103	79	0.810371
103	84	0.7468
103	88	0.787403
103	90	0.833868
103	94	0.774457
103	102	0.811728
103	111	2.76596
103	114	0.821468
103	122	0.811783
103	131	0.760488
103	136	0.710344
103	140	2.1643
103	143	0.740953
103	150	3.60452
103	154	2.8399
103	163	0.727505
104	7	5.71113
104	29	3.08887
104	82	0.675876
104	89	0.697176
104	97	0.698101
104	125	0.737835
104	140	0.742747
104	141	0.629406
104	145	0.651742
104	146	0.643159
104	149	0.635995
104	153	0.656002
104	155	0.688602
104	162	0.664272
104	169	0.645503
104	171	0.636465
104	174	0.623083
104	175	0.650167
104	176	0.625718
104	177	0.647431
104	179	0.641893
104	180	0.617089
105	14	0.710509
105	21	0.718956
105	27	0.700102
105	71	0.72859
105	87	0.740564
105	95	2.52767
105	99	0.764561
105	100	0.767686
105	101	0.716507
105	107	0.740942
105	109	0.704844
105	113	0.736444
105	116	0.728629
105	117	0.728444
105	118	0.72538
105	119	2.50013
105	120	0.731341
105	121	0.726633
105	126	0.736051
105	127	0.736134
105	135	5.05866
105	155	2.97488
105	176	0.656754
106	30	2.55333
106	49	1.71224
106	51	0.79252
106	74	3.03018
106	83	0.802237
106	85	2.30425
106	111	0.755654
106	119	0.7494
106	128	0.709635
106	130	0.759302
106	134	0.776914
106	149	0.684514
106	151	0.742093
106	157	0.683363
106	162	0.712791
106	164	0.713908
106	166	0.709197
106	169	0.694023
106	170	0.683561
106	173	0.708062
106	174	0.671603
106	175	0.698686
106	179	0.690412
106	180	0.665608
107	65	0.816559
107	71	0.754093
107	87	0.766067
107	99	0.790064
107	100	0.793189
107	101	0.742011
107	105	0.740942
107	109	0.730347
107	112	0.748149
107	113	0.761947
107	115	0.777645
107	116	0.754132
107	117	0.753948
107	118	0.750883
107	120	0.756845
107	121	0.752137
107	126	0.761554
107	127	0.761637
107	138	2.92595
107	141	5.93905
107	150	2.19613
107	160	2.96923
107	161	7.10029
107	176	0.682257
108	13	0.751526
108	15	0.750648
108	22	0.810648
108	37	0.793649
108	43	0.794952
108	44	0.812296
108	46	0.715305
108	53	0.780299
108	61	0.777075
108	66	0.763833
108	74	0.753207
108	77	0.742641
108	85	0.786372
108	122	0.812514
108	133	0.750031
108	135	4.68199
108	136	0.711075
108	140	1.91884
108	148	2.72909
108	151	3.38323
108	163	0.728237
108	173	4.62065
108	176	0.70554
108	178	0.683578
109	14	0.699915
109	27	0.689507
109	65	0.780462
109	71	0.717995
109	87	0.72997
109	99	0.753967
109	100	0.757091
109	101	0.705913
109	105	0.704844
109	107	0.730347
109	112	0.712051
109	113	0.72585
109	116	0.718034
109	117	0.71785
109	118	0.714785
109	120	0.720747
109	121	0.716039
109	126	0.725456
109	127	0.72554
109	131	2.54919
109	142	2.15723
109	145	4.90717
109	169	5.10744
109	176	0.646159
110	1	0.570667
110	16	0.697765
110	47	9.6
110	82	0.647018
110	89	0.668318
110	135	0.621018
110	141	0.600548
110	142	0.68706
110	144	0.595481
110	145	0.622884
110	146	0.614301
110	152	0.665447
110	157	0.605985
110	158	0.657995
110	166	0.631819
110	167	0.597924
110	168	0.610229
110	170	0.606184
110	172	0.653255
110	174	0.594225
110	175	0.621309
110	177	0.618573
110	179	0.613035
110	180	0.588231
111	30	2.94604
111	36	2.28769
111	81	2.00031
111	103	2.76596
111	106	0.755654
111	139	0.804924
111	140	0.796515
111	146	0.696927
111	147	0.734022
111	149	0.689763
111	151	0.747342
111	155	0.742371
111	156	0.697817
111	159	0.711027
111	165	0.714214
111	166	0.714445
111	170	0.68881
111	171	0.690233
111	173	0.713311
111	174	0.676851
111	175	0.703935
111	177	0.701199
111	178	0.657525
111	179	0.695661
111	180	0.670857
112	7	0.723615
112	28	4.00627
112	36	0.766723
112	55	0.747099
112	60	0.749329
112	67	1.88218
112	90	1.63649
112	102	2.47506
112	107	0.748149
112	109	0.712051
112	113	0.743651
112	116	0.735835
112	126	0.743257
112	127	0.743341
112	148	0.721319
112	154	0.772963
112	160	0.676867
112	161	0.638169
112	169	0.683746
112	172	0.720356
112	174	0.661326
112	175	0.68841
112	176	0.663961
112	179	0.680135
112	180	0.655331
113	14	0.731515
113	27	0.721107
113	65	0.812062
113	71	0.749596
113	87	0.76157
113	99	0.785567
113	100	0.788692
113	101	0.737513
113	105	0.736444
113	107	0.761947
113	109	0.72585
113	112	0.743651
113	116	0.749634
113	117	0.74945
113	118	0.746385
113	120	0.752347
113	121	0.747639
113	123	1.20775
113	126	0.757056
113	127	0.75714
113	138	1.30771
113	159	3.2799
113	169	4.17203
113	176	0.67776
113	178	6.69415
114	42	0.803006
114	45	0.800103
114	51	1.04167
114	57	0.787876
114	61	0.786263
114	66	0.773022
114	75	0.767087
114	79	0.820291
114	84	0.756719
114	90	0.843787
114	94	0.784377
114	101	0.774482
114	102	0.821647
114	103	0.821468
114	116	0.786603
114	118	0.783354
114	121	0.784608
114	126	0.794025
114	127	0.794109
114	148	2.08377
114	162	2.98147
114	170	5.40862
114	172	2.82533
114	173	3.97533
114	176	0.714728
115	2	0.74907
115	7	0.753112
115	33	0.73713
115	36	0.796219
115	52	0.780467
115	55	0.776596
115	60	0.778825
115	68	0.770155
115	97	2.04482
115	107	0.777645
115	116	0.765332
115	117	0.765148
115	118	0.762083
115	121	0.763337
115	124	0.777093
115	126	0.772754
115	127	0.772838
115	137	3.10116
115	148	0.750816
115	161	0.667666
115	162	2.76375
115	166	3.05159
115	177	4.29374
115	178	0.671496
116	21	0.732146
116	71	0.74178
116	87	0.753754
116	97	2.02284
116	99	0.777751
116	100	0.780876
116	101	0.729698
116	105	0.728629
116	107	0.754132
116	109	0.718034
116	112	0.735835
116	113	0.749634
116	114	0.786603
116	115	0.765332
116	117	0.741635
116	118	0.73857
116	120	0.744532
116	121	0.739823
116	126	0.749241
116	127	0.749324
116	140	1.18874
116	143	0.706089
116	165	3.9236
116	168	4.67561
116	176	0.669944
116	177	4.27176
117	14	0.723515
117	21	0.731962
117	62	4.92561
117	65	0.804062
117	71	0.741596
117	87	0.75357
117	99	0.777567
117	100	0.780692
117	101	0.729513
117	105	0.728444
117	107	0.753948
117	109	0.71785
117	113	0.74945
117	115	0.765148
117	116	0.741635
117	118	0.738386
117	120	0.744347
117	121	0.739639
117	125	1.3965
117	126	0.749056
117	127	0.74914
117	130	2.48913
117	133	2.48433
117	143	0.705904
117	159	4.15393
117	176	0.66976
118	14	0.720451
118	21	0.728897
118	27	0.710043
118	65	0.800997
118	71	0.738531
118	87	0.750505
118	99	0.774502
118	100	0.777627
118	105	0.72538
118	107	0.750883
118	109	0.714785
118	113	0.746385
118	114	0.783354
118	115	0.762083
118	116	0.73857
118	117	0.738386
118	120	0.741283
118	121	0.736575
118	126	0.745992
118	127	0.746075
118	158	1.80108
118	167	4.82035
118	169	3.31752
118	176	0.666695
118	177	3.66982
118	179	4.35681
119	32	1.82222
119	70	2.17614
119	84	3.90151
119	91	0.713489
119	105	2.50013
119	106	0.7494
119	125	0.785349
119	132	0.679192
119	137	0.71657
119	143	0.709376
119	147	0.727767
119	155	0.736116
119	156	0.691563
119	159	0.704773
119	160	0.686138
119	162	0.711785
119	165	0.707959
119	166	0.708191
119	168	0.6866
119	169	0.693017
119	172	0.729626
119	173	0.707056
119	175	0.69768
119	177	0.694944
119	179	0.689406
119	180	0.664602
120	14	0.726412
120	21	0.734859
120	27	0.716005
120	65	0.806959
120	71	0.744493
120	87	0.756467
120	95	1.72482
120	99	0.780464
120	100	0.783589
120	101	0.73241
120	105	0.731341
120	107	0.756845
120	109	0.720747
120	113	0.752347
120	116	0.744532
120	117	0.744347
120	118	0.741283
120	121	0.742536
120	126	0.751953
120	127	0.752037
120	139	2.23519
120	143	0.708801
120	147	3.32348
120	165	4.38244
120	170	5.62776
120	176	0.672657
121	27	0.711296
121	65	0.802251
121	71	0.739785
121	87	0.751759
121	92	3.49422
121	99	0.775756
121	100	0.778881
121	101	0.727702
121	105	0.726633
121	107	0.752137
121	109	0.716039
121	113	0.747639
121	114	0.784608
121	115	0.763337
121	116	0.739823
121	117	0.739639
121	118	0.736575
121	120	0.742536
121	126	0.747245
121	127	0.747329
121	139	1.85242
121	143	0.704093
121	154	1.90371
121	162	3.98509
121	175	4.02063
121	176	0.667949
122	11	3.59389
122	33	0.748717
122	38	0.727007
122	49	0.787837
122	55	0.788182
122	60	0.790412
122	78	0.743093
122	81	0.744125
122	83	0.723614
122	85	0.785875
122	86	0.789201
122	88	0.787638
122	89	1.99935
122	90	0.834103
122	94	0.774692
122	102	0.811963
122	103	0.811783
122	108	0.812514
122	124	0.788679
122	133	0.749535
122	136	0.710579
122	137	3.59949
122	144	0.703665
122	155	2.2335
122	161	0.679253
122	163	0.727741
122	172	3.10594
122	176	0.705044
123	50	1.63294
123	65	2.6002
123	72	1.43903
123	74	2.723
123	85	1.99707
123	95	0.792443
123	113	1.20775
123	128	0.761183
123	133	0.770276
123	134	0.828461
123	141	0.729473
123	143	0.761929
123	146	0.743226
123	149	0.736062
123	150	0.797505
123	151	0.79364
123	157	0.73491
123	160	0.738691
123	164	0.765455
123	167	0.726849
123	168	0.739154
123	170	0.735109
123	172	0.78218
123	173	0.759609
123	174	0.72315
123	175	0.750234
123	177	0.747498
123	179	0.74196
123	180	0.717156
124	24	0.932771
124	26	0.807765
124	36	0.784467
124	44	0.788462
124	48	0.753985
124	54	0.780614
124	55	0.764844
124	56	0.757936
124	67	0.741299
124	69	0.739625
124	70	0.739816
124	72	0.745343
124	73	0.740035
124	74	0.729372
124	76	0.727098
124	80	0.773432
124	91	2.87903
124	115	0.777093
124	122	0.788679
124	129	0.798241
124	139	1.72464
124	142	2.24689
124	144	0.680326
124	148	0.739064
124	157	6.29858
124	161	0.655914
124	163	3.7363
124	164	3.31749
124	178	0.659744
125	16	0.811091
125	33	3.20243
125	41	1.14038
125	57	1.62499
125	86	2.01085
125	89	0.781644
125	96	0.808893
125	104	0.737835
125	117	1.3965
125	119	0.785349
125	126	1.30295
125	134	0.812863
125	137	0.753524
125	141	0.713875
125	149	0.720463
125	150	0.781906
125	158	0.771322
125	159	0.741727
125	164	0.749857
125	167	0.71125
125	168	0.723555
125	169	0.729972
125	170	0.71951
125	171	0.720933
125	172	0.766581
125	173	0.744011
125	175	0.734635
125	177	0.731899
125	179	0.726361
125	180	0.701557
126	14	0.731122
126	16	1.02064
126	21	0.739568
126	27	0.720714
126	65	0.811668
126	71	0.749202
126	87	0.761176
126	99	0.785173
126	100	0.788298
126	101	0.73712
126	105	0.736051
126	107	0.761554
126	109	0.725456
126	112	0.743257
126	113	0.757056
126	114	0.794025
126	115	0.772754
126	116	0.749241
126	117	0.749056
126	118	0.745992
126	120	0.751953
126	121	0.747245
126	125	1.30295
126	127	0.756746
126	133	2.39078
126	143	0.71351
126	152	3.79018
126	162	3.77483
126	176	0.677366
126	177	5.30482
127	14	0.731205
127	21	0.739651
127	27	0.720797
127	65	0.811752
127	71	0.749286
127	87	0.76126
127	99	0.785257
127	100	0.788382
127	101	0.737203
127	105	0.736134
127	107	0.761637
127	109	0.72554
127	112	0.743341
127	113	0.75714
127	114	0.794109
127	115	0.772838
127	116	0.749324
127	117	0.74914
127	118	0.746075
127	120	0.752037
127	121	0.747329
127	126	0.756746
127	143	0.713594
127	150	1.94049
127	151	3.01369
127	154	1.17587
127	166	3.5451
127	172	3.10111
127	176	0.67745
127	180	7.55518
128	40	2.79134
128	100	4.70137
128	102	4.10729
128	106	0.709635
128	123	0.761183
128	130	0.718532
128	132	0.639428
128	135	0.657625
128	140	0.750496
128	144	0.632088
128	150	0.705187
128	153	0.663751
128	154	0.74247
128	155	0.696352
128	159	0.665008
128	163	0.656164
128	165	0.668195
128	167	0.634531
128	168	0.646836
128	169	0.653253
128	170	0.642791
128	171	0.644214
128	173	0.667292
128	174	0.630832
128	175	0.657916
128	176	0.633467
128	177	0.65518
128	179	0.649642
128	180	0.624838
129	8	0.783437
129	9	0.850487
129	30	0.826484
129	32	0.819099
129	35	0.820587
129	39	0.820173
129	48	0.786885
129	52	0.801616
129	63	0.784659
129	67	0.774199
129	68	0.791303
129	76	0.759999
129	77	0.751707
129	78	0.752655
129	80	0.806333
129	81	0.753687
129	85	0.795437
129	86	0.798763
129	89	1.26694
129	124	0.798241
129	144	0.713226
129	146	5.80982
129	147	2.65254
129	151	2.2861
129	152	2.54503
129	158	2.19093
129	161	0.688814
129	163	0.737302
129	176	0.714606
129	178	0.692644
129	179	4.74666
130	24	2.24403
130	51	0.801416
130	66	3.12139
130	70	2.30022
130	71	1.84523
130	89	0.754592
130	92	0.7207
130	106	0.759302
130	117	2.48913
130	128	0.718532
130	135	0.707292
130	138	0.784749
130	146	0.700575
130	149	0.693411
130	150	0.754854
130	152	0.751721
130	158	0.744269
130	159	0.714675
130	160	0.696041
130	162	0.721688
130	164	0.722804
130	167	0.684198
130	169	0.70292
130	170	0.692458
130	171	0.693881
130	172	0.739529
130	177	0.704847
130	178	0.661173
130	179	0.699309
130	180	0.674505
131	13	0.699734
131	37	0.741858
131	40	0.744829
131	42	0.742026
131	45	0.739123
131	47	2.05259
131	50	0.730911
131	53	0.728507
131	57	0.726895
131	60	1.43874
131	61	0.725283
131	66	0.712042
131	74	4.19766
131	75	0.706107
131	78	2.56181
131	84	0.695739
131	88	0.736342
131	94	0.723396
131	102	0.760667
131	103	0.760488
131	109	2.54919
131	142	0.743948
131	148	0.711107
131	160	0.666655
131	163	0.676445
131	165	0.688476
131	170	0.663072
131	171	0.664495
131	172	0.710143
131	177	0.675461
131	179	0.669923
131	180	0.645119
132	2	6.45926
132	6	5.14074
132	58	0.74202
132	82	0.654188
132	93	0.681154
132	98	0.612372
132	119	0.679192
132	128	0.639428
132	135	0.628189
132	139	0.729469
132	141	0.607718
132	142	0.69423
132	146	0.621471
132	150	0.67575
132	153	0.634314
132	154	0.713033
132	156	0.622361
132	159	0.635571
132	160	0.616937
132	164	0.6437
132	169	0.623816
132	170	0.613354
132	171	0.614777
132	173	0.637855
132	174	0.601395
132	175	0.628479
132	177	0.625743
132	179	0.620205
132	180	0.595401
133	5	0.569518
133	6	0.799168
133	24	0.893626
133	33	0.686233
133	46	0.652326
133	50	3.10411
133	54	0.74147
133	56	0.718792
133	60	0.727928
133	72	0.706198
133	74	0.690227
133	84	4.02079
133	92	0.680126
133	108	0.750031
133	117	2.48433
133	122	0.749535
133	123	0.770276
133	126	2.39078
133	144	0.641181
133	148	0.699919
133	160	0.655467
133	161	0.616769
133	165	0.677288
133	169	0.662346
133	173	0.676385
133	174	0.639926
133	177	0.664273
133	178	0.620599
133	179	0.658735
133	180	0.633931
134	35	1.05999
134	60	1.14289
134	63	2.56209
134	68	2.1113
134	77	3.69387
134	101	2.22986
134	106	0.776914
134	123	0.828461
134	125	0.812863
134	140	0.817775
134	141	0.704434
134	151	0.768601
134	153	0.73103
134	157	0.709871
134	158	0.761881
134	159	0.732287
134	160	0.713652
134	162	0.7393
134	164	0.740416
134	166	0.735705
134	167	0.70181
134	168	0.714115
134	169	0.720531
134	170	0.71007
134	172	0.757141
134	173	0.73457
134	174	0.698111
134	175	0.725195
134	176	0.700746
134	177	0.722458
134	179	0.71692
134	180	0.692116
135	16	0.723132
135	31	3.05934
135	58	0.760218
135	105	5.05866
135	108	4.68199
135	110	0.621018
135	128	0.657625
135	130	0.707292
135	132	0.628189
135	139	0.747666
135	141	0.625916
135	142	0.712427
135	146	0.639669
135	150	0.693948
135	152	0.690815
135	153	0.652512
135	154	0.73123
135	155	0.685112
135	156	0.640559
135	157	0.631353
135	159	0.653769
135	160	0.635134
135	161	0.596436
135	167	0.623292
135	169	0.642013
135	171	0.632975
135	172	0.678622
135	173	0.656052
135	174	0.619593
135	177	0.64394
135	179	0.638402
135	180	0.613598
136	28	0.731828
136	43	4.80938
136	52	4.48227
136	59	0.676007
136	77	0.640706
136	78	0.641654
136	79	0.709167
136	81	0.642686
136	84	0.645595
136	85	0.684436
136	86	0.687762
136	88	0.686199
136	90	0.732664
136	94	0.673253
136	95	0.670263
136	99	3.90835
136	102	0.710524
136	103	0.710344
136	108	0.711075
136	122	0.710579
136	157	0.61273
136	158	0.66474
136	162	0.642158
136	163	0.626301
136	167	0.604668
136	168	0.616973
136	169	0.62339
136	172	0.659999
136	175	0.628053
136	176	0.603605
136	177	0.625317
136	179	0.619779
136	180	0.594975
137	11	0.664505
137	25	2.64066
137	88	4.25869
137	98	0.649749
137	115	3.10116
137	119	0.71657
137	122	3.59949
137	125	0.753524
137	139	0.766846
137	140	0.758436
137	141	0.645096
137	144	0.640028
137	146	0.658848
137	152	0.709994
137	153	0.671691
137	154	0.75041
137	155	0.704292
137	157	0.650532
137	158	0.702543
137	161	0.615616
137	162	0.679961
137	164	0.681078
137	165	0.676135
137	166	0.676367
137	168	0.654776
137	169	0.661193
137	171	0.652154
137	172	0.697802
137	173	0.675232
137	174	0.638773
137	175	0.665856
137	177	0.66312
137	179	0.657582
137	180	0.632778
138	12	0.865824
138	23	0.671183
138	27	2.6649
138	28	1.74887
138	54	2.04558
138	63	2.50699
138	107	2.92595
138	113	1.30771
138	130	0.784749
138	142	0.789884
138	145	0.725708
138	149	0.709961
138	150	0.771404
138	153	0.729968
138	157	0.708809
138	158	0.76082
138	159	0.731225
138	160	0.712591
138	162	0.738238
138	164	0.739355
138	165	0.734412
138	166	0.734644
138	167	0.700748
138	168	0.713053
138	169	0.71947
138	170	0.709008
138	172	0.756079
138	173	0.733509
138	175	0.724133
