1	11	0.888194
1	23	1.59382
1	70	0.935956
1	86	0.929924
1	92	0.964123
1	98	0.950899
1	106	0.891246
1	114	0.925987
1	117	0.954858
1	118	0.961859
1	128	1.27548
1	146	1.53827
2	91	0.837666
2	101	0.807906
2	111	0.851215
2	126	1.85273
2	135	0.862715
2	143	0.840489
2	145	0.836952
2	148	0.853905
2	153	0.825515
2	154	0.845685
2	168	2.25129
2	169	0.84254
3	44	0.854856
3	61	1.46075
3	127	1.65195
3	135	0.890959
3	153	0.85376
3	154	0.873929
3	169	0.870785
3	171	0.834863
3	175	0.830756
3	178	0.797132
3	179	0.821984
3	180	0.78519
4	136	1.6305
4	141	1.45542
4	146	0.851423
4	170	0.845633
4	171	0.850641
4	173	0.843142
4	174	0.879364
4	175	0.846535
4	177	0.850571
4	178	0.81291
4	179	0.837762
4	180	0.800969
5	59	0.91272
5	78	1.02307
5	99	0.998323
5	142	0.924107
5	166	0.954173
5	167	0.985095
5	171	0.942671
5	175	0.938564
5	177	0.942601
5	178	0.90494
5	179	0.929792
5	180	0.892998
6	74	1.82878
6	91	0.840187
6	129	0.824295
6	132	2.15289
6	135	0.865236
6	141	0.853559
6	145	0.839473
6	147	0.830899
6	148	0.856425
6	153	0.828036
6	154	0.848205
6	157	0.817472
7	60	0.821742
7	82	2.15466
7	105	0.815913
7	110	0.842411
7	131	0.856404
7	134	0.848748
7	149	1.85136
7	150	0.825028
7	151	0.848215
7	156	0.844726
7	161	0.840968
7	162	0.8517
8	83	1.61688
8	109	1.52573
8	132	0.85186
8	142	0.813502
8	149	0.894444
8	164	0.871325
8	172	0.857436
8	174	0.860788
8	175	0.827959
8	177	0.831996
8	179	0.819187
8	180	0.782393
9	13	0.891245
9	14	0.898288
9	75	0.956742
9	96	0.931483
9	106	0.905421
9	117	0.969034
9	129	0.931426
9	147	0.938031
9	154	0.955336
9	157	0.924604
9	168	1.7758
9	170	1.69607
10	35	3.6182
10	107	0.79883
10	134	0.787273
10	142	0.728471
10	156	0.783252
10	161	0.779493
10	165	0.792616
10	169	0.782957
10	172	0.772405
10	177	0.746965
10	178	0.709304
10	179	0.734156
10	180	0.697362
11	1	0.888194
11	13	0.768963
11	15	0.786581
11	53	1.88219
11	78	0.843897
11	85	0.828191
11	86	0.821817
11	96	0.8092
11	97	0.866588
11	114	0.81788
11	118	0.853752
11	136	0.819875
11	166	2.44148
12	70	1.62237
12	159	1.80074
12	164	0.869023
12	167	0.872188
12	170	0.824756
12	171	0.829764
12	173	0.822265
12	174	0.858487
12	175	0.825657
12	177	0.829694
12	178	0.792033
12	179	0.816885
12	180	0.780091
13	9	0.891245
13	11	0.768963
13	33	1.71609
13	78	0.832773
13	85	0.817067
13	86	0.810693
13	92	0.844892
13	96	0.798076
13	97	0.855464
13	117	0.835627
13	118	0.842628
13	136	0.808751
13	165	2.63543
14	9	0.898288
14	110	1.29068
14	130	0.953164
14	132	0.934497
14	156	1.21226
14	172	0.940073
14	173	0.907204
14	174	0.943426
14	176	0.877046
14	177	0.914633
14	178	0.876972
14	179	0.901824
14	180	0.86503
15	11	0.786581
15	47	0.822977
15	75	0.840954
15	86	0.828311
15	92	0.862511
15	96	0.815695
15	100	0.856506
15	106	0.789633
15	114	0.824375
15	117	0.853246
15	136	0.82637
15	179	1.83115
15	180	2.60538
16	118	1.60171
16	137	0.814147
16	159	1.79725
16	165	0.877689
16	168	0.823941
16	171	0.832108
16	172	0.857478
16	173	0.824608
16	174	0.86083
16	177	0.832038
16	178	0.794377
16	179	0.819229
16	180	0.782435
17	48	0.846924
17	80	1.98135
17	124	0.925954
17	133	1.45126
17	134	0.931848
17	152	0.916014
17	156	0.927826
17	159	0.910505
17	161	0.924067
17	162	0.9348
17	166	1.25323
17	169	0.927531
17	176	0.853952
18	104	2.08096
18	109	0.84328
18	122	0.814638
18	123	0.847939
18	151	0.840023
18	152	0.824723
18	156	0.836535
18	159	0.819214
18	161	0.832776
18	162	0.843509
18	165	2.29804
18	169	0.83624
18	176	0.762661
19	85	0.911604
19	92	0.939429
19	98	0.926205
19	100	0.933425
19	106	0.866551
19	108	0.85215
19	114	0.901293
19	117	0.930164
19	118	0.937165
19	125	1.50127
19	136	0.903288
19	158	1.56661
19	167	1.54999
20	120	1.97464
20	134	1.44326
20	141	0.867639
20	145	0.853553
20	153	0.842116
20	154	0.862285
20	157	0.831552
20	173	0.81572
20	174	0.851942
20	177	0.823149
20	178	0.785488
20	179	0.81034
20	180	0.773546
21	30	0.848801
21	33	1.41406
21	49	0.819414
21	81	0.825287
21	135	0.849651
21	141	0.837974
21	145	0.823889
21	147	0.815315
21	148	0.840841
21	153	0.812452
21	154	0.832621
21	157	0.801888
21	175	2.93703
22	42	1.59802
22	93	0.923405
22	107	0.936434
22	110	0.91854
22	116	0.904316
22	119	0.897398
22	149	1.08494
22	156	0.920856
22	159	0.903535
22	161	0.917097
22	162	0.927829
22	173	1.94142
22	176	0.846982
23	1	1.59382
23	41	0.760923
23	86	2.04293
23	140	0.870737
23	164	0.872886
23	170	0.828619
23	172	0.858998
23	173	0.826128
23	174	0.86235
23	177	0.833557
23	178	0.795896
23	179	0.820748
23	180	0.783955
24	39	0.91817
24	105	0.891934
24	119	0.89729
24	120	0.893287
24	128	1.01943
24	151	0.924236
24	152	0.908935
24	156	0.920747
24	159	0.903426
24	161	0.916989
24	162	0.927721
24	179	1.46047
24	180	2.23471
25	65	0.871489
25	101	0.88153
25	102	0.944515
25	103	0.931425
25	135	0.936339
25	143	0.914114
25	147	0.902003
25	154	0.919309
25	157	0.888576
25	166	1.35735
25	169	0.916165
25	175	1.42691
25	179	1.87139
26	36	1.65886
26	107	0.868249
26	124	0.850799
26	147	1.74038
26	151	0.856159
26	159	0.835349
26	160	0.823385
26	162	0.859644
26	174	0.845176
26	175	0.812347
26	177	0.816384
26	178	0.778723
26	180	0.766781
27	79	0.896994
27	110	0.898195
27	115	0.895869
27	127	0.886423
27	134	0.904532
27	139	1.57824
27	151	0.903999
27	156	0.900511
27	159	0.88319
27	161	0.896752
27	162	0.907484
27	174	1.35742
27	176	0.826637
27	179	2.02818
28	88	0.886163
28	109	0.905992
28	131	0.910925
28	151	0.902736
28	152	0.887435
28	156	0.899247
28	159	0.881926
28	161	0.895488
28	162	0.906221
28	163	1.46967
28	168	2.00855
28	169	0.898952
28	172	1.48297
28	176	0.825373
29	79	0.897742
29	122	0.879361
29	123	0.912663
29	134	0.90528
29	151	0.904747
29	152	0.889446
29	156	0.901259
29	159	0.883937
29	161	0.8975
29	169	0.900964
29	172	1.33145
29	176	0.827385
29	177	1.66455
29	179	1.97052
30	21	0.848801
30	44	0.883128
30	58	0.940155
30	82	0.875714
30	129	0.878291
30	141	0.907555
30	148	0.910422
30	153	0.882032
30	154	0.902201
30	157	0.871469
30	158	1.29089
30	163	0.895687
30	175	1.60523
30	179	2.04971
31	55	0.914648
31	81	1.38204
31	99	1.26378
31	168	0.893863
31	170	0.897022
31	171	0.90203
31	172	0.927401
31	174	0.930753
31	175	0.897923
31	176	0.864373
31	177	0.90196
31	178	0.864299
31	179	0.889151
31	180	0.852358
32	107	1.2784
32	134	1.09141
32	149	0.953678
32	153	1.12949
32	164	0.930558
32	171	0.8913
32	172	0.91667
32	174	0.920022
32	175	0.887193
32	176	0.853643
32	177	0.89123
32	178	0.853569
32	179	0.878421
32	180	0.841627
33	13	1.71609
33	21	1.41406
33	39	0.831982
33	165	0.94033
33	168	0.886582
33	170	0.88974
33	171	0.894748
33	172	0.920119
33	173	0.887249
33	174	0.923471
33	177	0.894679
33	178	0.857017
33	179	0.88187
33	180	0.845076
34	44	0.8802
34	81	0.89194
34	87	1.35477
34	129	0.875363
34	135	0.916304
34	145	0.890541
34	147	0.881968
34	148	0.907494
34	154	0.899273
34	157	0.868541
34	163	0.892759
34	166	1.68063
34	169	0.896129
34	177	1.88871
35	10	3.6182
35	70	0.865931
35	75	0.872542
35	78	0.881979
35	85	0.866274
35	92	0.894099
35	97	0.904671
35	98	0.880874
35	100	0.888094
35	106	0.821221
35	114	0.855963
35	117	0.884834
35	118	0.891834
35	139	0.369641
35	144	1.03695
36	26	1.65886
36	38	0.882898
36	40	0.873717
36	59	0.918873
36	99	0.888199
36	102	0.898914
36	111	0.879237
36	141	0.87906
36	143	0.868512
36	145	0.864975
36	147	0.856401
36	153	0.853538
36	157	0.842974
36	166	1.73258
36	172	1.60756
37	68	1.55343
37	73	0.772558
37	116	2.45231
37	133	0.829902
37	142	0.788703
37	144	0.81416
37	149	0.869645
37	164	0.846525
37	165	0.852848
37	173	0.799767
37	175	0.80316
37	177	0.807197
37	178	0.769536
37	179	0.794388
37	180	0.757594
38	36	0.882898
38	41	0.783442
38	73	2.3728
38	81	0.887879
38	101	0.857434
38	143	0.890017
38	146	0.993578
38	147	0.877907
38	148	0.903432
38	153	0.875043
38	154	0.895212
38	157	0.864479
38	163	0.888698
38	169	0.892068
38	180	1.94606
39	24	0.91817
39	33	0.831982
39	62	0.845291
39	72	0.898848
39	122	0.855848
39	124	0.875873
39	127	0.863657
39	151	0.881234
39	152	0.865933
39	155	2.01884
39	156	0.877745
39	159	0.860424
39	161	0.873986
39	162	0.884719
39	163	2.14707
40	36	0.873717
40	41	0.774261
40	59	0.931197
40	89	1.4235
40	91	0.878013
40	99	0.900523
40	103	0.898148
40	145	0.877299
40	147	0.868726
40	148	0.894252
40	153	0.865862
40	154	0.886031
40	155	1.65324
40	157	0.855299
40	177	2.12787
41	23	0.760923
41	38	0.783442
41	40	0.774261
41	64	0.770113
41	102	0.799457
41	111	0.779781
41	143	0.769055
41	151	4.24926
41	157	0.743518
41	170	0.730176
41	174	0.763907
41	175	0.731078
41	178	0.697453
41	179	0.722305
41	180	0.685512
42	22	1.59802
42	118	1.38346
42	137	0.847642
42	165	0.911185
42	166	0.877105
42	168	0.857436
42	169	1.30104
42	170	0.860595
42	172	0.890974
42	173	0.858104
42	174	0.894326
42	175	0.861496
42	177	0.865533
42	178	0.827872
42	179	0.852724
42	180	0.815931
43	48	0.797483
43	119	0.854928
43	135	0.898265
43	141	0.886588
43	145	0.872503
43	148	0.889455
43	152	0.866573
43	153	0.861066
43	157	0.850502
43	159	0.861064
43	161	0.874627
43	162	0.885359
43	164	1.55459
43	167	1.47588
43	176	0.804512
43	178	2.50545
44	3	0.854856
44	30	0.883128
44	34	0.8802
44	83	0.857829
44	111	0.872478
44	121	1.72057
44	130	1.83532
44	136	0.853769
44	143	0.861753
44	147	0.849642
44	148	0.875168
44	153	0.846779
44	154	0.866948
44	157	0.836215
44	169	0.863804
44	174	1.9804
45	104	1.57358
45	109	0.879313
45	110	0.870252
45	115	0.867926
45	119	0.84911
45	122	0.85067
45	127	0.85848
45	131	0.884245
45	134	0.876589
45	149	1.76145
45	152	0.860755
45	159	0.855246
45	162	0.879541
45	163	2.18639
45	169	0.872273
45	176	0.798694
46	81	1.61327
46	131	1.29105
46	132	0.884979
46	135	1.24005
46	137	0.847224
46	155	0.913603
46	158	0.903557
46	171	0.865185
46	173	0.857686
46	174	0.893908
46	175	0.861078
46	176	0.827528
46	177	0.865115
46	178	0.827454
46	179	0.852306
46	180	0.815512
47	15	0.822977
47	70	0.864244
47	75	0.870855
47	78	0.880292
47	96	0.845595
47	97	0.902984
47	98	0.879187
47	100	0.886407
47	106	0.819534
47	108	0.805133
47	114	0.854276
47	117	0.883146
47	118	0.890147
47	174	1.29643
47	176	2.30654
47	179	1.96718
48	17	0.846924
48	43	0.797483
48	72	0.820523
48	108	2.94684
48	120	0.77196
48	122	0.777523
48	131	0.811097
48	134	0.803441
48	151	0.802908
48	152	0.787608
48	156	0.79942
48	159	0.782099
48	160	2.386
48	161	0.795661
48	162	0.806394
48	169	0.799125
49	21	0.819414
49	81	0.86548
49	94	0.867441
49	101	0.835035
49	103	0.884931
49	141	0.878167
49	143	0.867619
49	145	0.864082
49	148	0.881034
49	153	0.852645
49	154	0.872814
49	157	0.842081
49	160	1.78103
49	169	0.86967
49	173	2.10961
49	174	1.65969
50	96	1.3755
50	131	1.49624
50	159	1.49037
50	160	0.85673
50	163	0.882351
50	164	0.889058
50	167	0.892223
50	168	0.841632
50	170	0.844791
50	171	0.849799
50	172	0.87517
50	173	0.8423
50	175	0.845692
50	177	0.849729
50	178	0.812068
50	179	0.83692
50	180	0.800127
51	106	1.25731
51	120	1.2135
51	124	0.833957
51	142	0.896379
51	160	0.921874
51	161	0.898692
51	164	0.954202
51	165	0.960524
51	166	0.926445
51	168	0.906776
51	172	0.940313
51	173	0.907443
51	174	0.943665
51	177	0.914873
51	178	0.877212
51	179	0.902064
51	180	0.86527
52	76	0.863727
52	102	0.877668
52	103	0.864578
52	129	0.828551
52	135	0.869492
52	141	0.857815
52	143	0.847266
52	145	0.843729
52	147	0.835155
52	148	0.860681
52	153	0.832292
52	154	0.852461
52	157	0.821728
52	169	0.849317
52	176	2.03336
52	177	1.38803
52	180	2.46824
53	11	1.88219
53	83	1.44091
53	98	1.35713
53	139	0.889542
53	160	0.857433
53	164	0.889761
53	168	0.842335
53	170	0.845494
53	171	0.850502
53	172	0.875873
53	173	0.843003
53	174	0.879225
53	175	0.846395
53	177	0.850432
53	178	0.812771
53	179	0.837623
53	180	0.80083
54	99	1.42409
54	102	1.26626
54	124	1.54443
54	160	0.872819
54	165	0.911469
54	166	0.877389
54	168	0.857721
54	170	0.86088
54	171	0.865888
54	172	0.891258
54	173	0.858388
54	175	0.861781
54	177	0.865818
54	178	0.828157
54	179	0.853009
54	180	0.816215
55	31	0.914648
55	60	0.901815
55	68	0.95435
55	88	0.911715
55	95	1.92775
55	116	0.90826
55	124	0.922928
55	151	0.928288
55	152	0.912987
55	156	0.924799
55	159	0.907478
55	161	0.92104
55	162	0.931773
55	164	1.30721
55	169	0.924504
55	176	0.850925
55	177	1.69797
56	60	0.836145
56	105	0.830317
56	116	0.84259
56	120	0.831669
56	122	0.837232
56	124	0.857258
56	131	0.870807
56	134	0.863151
56	149	1.54708
56	151	0.862618
56	152	0.847317
56	159	0.841808
56	161	0.855371
56	162	0.866103
56	163	1.97203
56	169	0.858835
56	171	2.3139
57	58	1.34686
57	145	1.68423
57	158	0.888481
57	166	0.861611
57	167	0.892533
57	168	0.841942
57	169	1.28413
57	170	0.845101
57	171	0.850109
57	172	0.87548
57	173	0.84261
57	174	0.878832
57	175	0.846002
57	177	0.850039
57	178	0.812378
57	179	0.83723
57	180	0.800437
58	30	0.940155
58	57	1.34686
58	81	0.916641
58	99	0.938466
58	101	0.886196
58	121	0.997413
58	129	0.900064
58	141	0.929328
58	143	0.918779
58	145	0.915242
58	147	0.906669
58	148	0.932195
58	153	0.903805
58	154	0.923974
58	157	0.893242
58	174	1.25725
58	176	2.26736
59	5	0.91272
59	36	0.918873
59	40	0.931197
59	65	0.883367
59	66	1.58027
59	80	0.888704
59	83	0.922068
59	103	0.943303
59	129	0.907276
59	136	0.918008
59	143	0.925992
59	145	0.922454
59	150	1.73112
59	153	0.911018
59	157	0.900454
59	169	0.928043
59	172	1.6284
60	7	0.821742
60	55	0.901815
60	56	0.836145
60	110	0.855023
60	115	0.852696
60	116	0.840799
60	131	0.869016
60	134	0.86136
60	140	1.7758
60	152	0.845526
60	156	0.857338
60	161	0.853579
60	162	0.864312
60	167	1.79532
60	169	0.857043
60	176	0.783464
60	177	2.26479
61	3	1.46075
61	62	0.874346
61	79	0.903283
61	113	1.54934
61	116	0.89026
61	121	1.27184
61	124	0.904928
61	127	0.892712
61	131	0.918477
61	150	0.887101
61	151	0.910288
61	152	0.894987
61	156	0.9068
61	159	0.889479
61	161	0.903041
61	162	0.913773
61	169	0.906505
61	177	1.89646
62	39	0.845291
62	61	0.874346
62	105	0.819056
62	116	0.831329
62	123	0.859273
62	124	0.845997
62	126	2.09091
62	127	0.833781
62	134	0.85189
62	151	0.851357
62	152	0.836056
62	156	0.847868
62	159	0.830547
62	161	0.84411
62	162	0.854842
62	166	2.0889
62	172	1.96388
62	176	0.773995
63	88	1.30016
63	117	0.866459
63	118	0.931213
63	145	1.24889
63	146	0.903092
63	160	0.909242
63	164	0.941569
63	166	0.913812
63	168	0.894144
63	170	0.897303
63	172	0.927681
63	173	0.894811
63	174	0.931033
63	175	0.898204
63	177	0.902241
63	178	0.86458
63	179	0.889432
63	180	0.852638
64	41	0.770113
64	129	1.85251
64	141	1.41261
64	158	0.881189
64	160	0.849748
64	162	1.3724
64	164	0.882076
64	166	0.854319
64	167	0.885241
64	168	0.83465
64	170	0.837809
64	171	0.842817
64	174	0.87154
64	175	0.83871
64	177	0.842747
64	178	0.805086
64	179	0.829938
64	180	0.793144
65	25	0.871489
65	59	0.883367
65	67	2.70115
65	76	0.849467
65	99	0.852693
65	108	2.13995
65	111	0.843732
65	129	0.814291
65	135	0.855231
65	136	0.825022
65	141	0.843554
65	147	0.820895
65	148	0.846421
65	153	0.818032
65	154	0.838201
65	157	0.807468
65	163	0.831686
65	167	1.35309
66	59	1.58027
66	101	1.53357
66	112	0.930458
66	115	1.46691
66	139	0.873855
66	155	0.883233
66	165	0.880397
66	166	0.846317
66	167	0.877239
66	168	0.826648
66	171	0.834815
66	172	0.860185
66	174	0.863538
66	175	0.830708
66	178	0.797084
66	179	0.821936
66	180	0.785142
67	65	2.70115
67	125	0.838069
67	137	0.765085
67	155	0.831464
67	165	0.828628
67	166	0.794548
67	167	0.82547
67	168	0.774879
67	169	2.4379
67	170	0.778038
67	171	0.783046
67	173	0.775547
67	174	0.811769
67	175	0.778939
67	177	0.782976
67	178	0.745315
67	179	0.770167
67	180	0.733374
68	37	1.55343
68	55	0.95435
68	80	1.65562
68	105	0.881061
68	115	0.905232
68	116	0.893334
68	120	0.882413
68	124	0.908002
68	127	0.895786
68	131	0.921551
68	137	1.6458
68	152	0.898061
68	156	0.909874
68	159	0.892552
68	161	0.906115
68	162	0.916847
68	168	1.32806
68	176	0.836
69	75	1.55977
69	130	0.879986
69	135	1.6632
69	164	0.880784
69	166	0.853026
69	167	0.883948
69	168	0.833358
69	169	1.43037
69	170	0.836517
69	171	0.841525
69	173	0.834025
69	174	0.870247
69	175	0.837418
69	176	0.803868
69	177	0.841455
69	178	0.803794
69	179	0.828646
69	180	0.791852
70	1	0.935956
70	12	1.62237
70	35	0.865931
70	47	0.864244
70	75	0.882221
70	78	0.891659
70	85	0.875953
70	86	0.869579
70	92	0.903778
70	96	0.856962
70	97	0.91435
70	98	0.890554
70	100	0.897774
70	114	0.865642
70	117	0.894513
70	118	0.901514
70	125	1.1407
70	150	1.42852
70	178	2.21899
71	90	0.828627
71	115	1.53697
71	127	1.77649
71	143	1.64211
71	146	0.832177
71	158	0.869767
71	164	0.870654
71	167	0.873819
71	168	0.823229
71	170	0.826388
71	171	0.831396
71	172	0.856766
71	173	0.823896
71	174	0.860118
71	176	0.793739
71	177	0.831326
71	178	0.793665
71	179	0.818517
71	180	0.781723
72	39	0.898848
72	48	0.820523
72	94	1.23696
72	105	0.872612
72	110	0.89911
72	123	0.91283
72	127	0.887338
72	131	0.913103
72	144	2.14199
72	150	0.881727
72	152	0.889613
72	156	0.901425
72	159	0.884104
72	161	0.897667
72	162	0.908399
72	169	0.901131
72	170	1.7314
72	171	1.61411
72	176	0.827552
73	37	0.772558
73	38	2.3728
73	139	0.812219
73	155	0.821598
73	160	0.780111
73	164	0.812439
73	165	0.818762
73	166	0.784682
73	167	0.815604
73	169	3.06625
73	170	0.768172
73	171	0.77318
73	172	0.79855
73	173	0.765681
73	174	0.801903
73	177	0.77311
73	178	0.735449
73	179	0.760301
73	180	0.723507
74	6	1.82878
74	98	1.21257
74	111	1.12821
74	120	0.892882
74	135	0.880222
74	152	0.90853
74	155	0.932543
74	156	0.920342
74	159	0.903021
74	161	0.916583
74	162	0.927316
74	168	0.875959
74	173	0.876626
74	175	0.880019
74	176	0.846469
74	177	0.884056
74	178	0.846394
74	179	0.871247
74	180	0.834453
75	9	0.956742
75	15	0.840954
75	35	0.872542
75	47	0.870855
75	69	1.55977
75	70	0.882221
75	78	0.89827
75	85	0.882564
75	96	0.863573
75	97	0.920961
75	98	0.897164
75	100	0.904384
75	106	0.837511
75	114	0.872253
75	117	0.901124
75	118	0.908124
75	144	2.21206
75	163	1.34231
75	172	1.35561
76	52	0.863727
76	65	0.849467
76	83	0.888169
76	84	1.11235
76	99	0.911779
76	111	0.902818
76	129	0.873377
76	135	0.914318
76	143	0.892092
76	145	0.888555
76	147	0.879982
76	148	0.905508
76	153	0.877118
76	154	0.897287
76	157	0.866555
76	160	1.51524
76	167	1.28921
76	169	0.894143
76	180	2.83889
77	85	1.00774
77	120	1.6182
77	137	0.862731
77	144	0.887586
77	146	0.881474
77	153	1.12489
77	156	0.968497
77	158	0.919064
77	164	0.919951
77	166	0.892194
77	167	0.923116
77	170	0.875684
77	171	0.880692
77	172	0.906063
77	174	0.909415
77	175	0.876585
77	177	0.880622
77	179	0.867813
77	180	0.83102
78	5	1.02307
78	11	0.843897
78	13	0.832773
78	35	0.881979
78	47	0.880292
78	70	0.891659
78	75	0.89827
78	92	0.919826
78	96	0.87301
78	97	0.930399
78	100	0.913822
78	104	1.11264
78	106	0.846949
78	114	0.88169
78	117	0.910561
78	118	0.917562
78	136	0.883685
78	140	1.58286
78	176	2.71717
79	27	0.896994
79	29	0.897742
79	61	0.903283
79	88	0.863722
79	109	0.883551
79	110	0.87449
79	116	0.860266
79	123	0.88821
79	134	0.880827
79	138	1.40381
79	151	0.880294
79	156	0.876805
79	159	0.859484
79	160	1.80027
79	161	0.873047
79	162	0.883779
79	164	1.65294
79	169	0.876511
79	170	2.15647
79	176	0.802932
80	17	1.98135
80	59	0.888704
80	68	1.65562
80	102	0.868745
80	117	2.09701
80	129	0.819628
80	140	0.841582
80	141	0.848892
80	144	0.811366
80	145	0.834806
80	153	0.823369
80	154	0.843538
80	167	0.846896
80	168	0.796305
80	169	0.840394
80	174	0.833195
80	177	0.804402
80	178	0.766741
80	179	0.791593
80	180	0.7548
81	21	0.825287
81	31	1.38204
81	34	0.89194
81	38	0.887879
81	46	1.61327
81	49	0.86548
81	58	0.916641
81	102	0.903894
81	111	0.884218
81	125	1.64717
81	129	0.854777
81	135	0.895718
81	145	0.869955
81	147	0.861382
81	148	0.886908
81	153	0.858518
81	154	0.878687
81	157	0.847955
81	163	0.872173
81	172	1.83227
82	7	2.15466
82	30	0.875714
82	91	0.851515
82	107	1.73454
82	131	1.3751
82	141	0.864887
82	147	0.842228
82	148	0.867754
82	153	0.839365
82	157	0.828801
82	163	0.853019
82	167	0.862891
82	168	0.812301
82	171	0.820467
82	175	0.816361
82	177	0.820398
82	178	0.782736
82	179	0.807589
82	180	0.770795
83	8	1.61688
83	44	0.857829
83	53	1.44091
83	59	0.922068
83	76	0.888169
83	99	0.891394
83	111	0.882433
83	129	0.852992
83	135	0.893933
83	136	0.863724
83	138	1.56838
83	141	0.882256
83	143	0.871707
83	147	0.859597
83	148	0.885123
83	153	0.856733
83	154	0.876903
83	157	0.84617
83	163	0.870388
83	172	1.87518
84	76	1.11235
84	119	1.5812
84	136	1.23778
84	138	0.926699
84	140	0.900893
84	143	1.30694
84	155	0.912201
84	160	0.870714
84	165	0.909365
84	166	0.875285
84	167	0.906207
84	170	0.858775
84	171	0.863783
84	172	0.889154
84	173	0.856284
84	174	0.892506
84	177	0.863713
84	178	0.826052
84	179	0.850904
84	180	0.814111
85	11	0.828191
85	13	0.817067
85	19	0.911604
85	35	0.866274
85	70	0.875953
85	75	0.882564
85	77	1.00774
85	86	0.869921
85	92	0.904121
85	96	0.857305
85	97	0.914693
85	98	0.890896
85	100	0.898116
85	106	0.831243
85	114	0.865985
85	117	0.894856
85	118	0.901857
85	133	1.92647
85	139	1.79256
85	170	2.04929
86	1	0.929924
86	11	0.821817
86	13	0.810693
86	15	0.828311
86	23	2.04293
86	70	0.869579
86	85	0.869921
86	92	0.897746
86	96	0.85093
86	97	0.908318
86	98	0.884522
86	100	0.891742
86	106	0.824868
86	108	0.810467
86	113	1.51256
86	114	0.85961
86	117	0.888481
86	118	0.895482
86	136	0.861605
86	166	1.65159
86	177	1.85967
87	34	1.35477
87	90	0.855396
87	111	1.50619
87	125	0.913188
87	135	1.2582
87	137	0.840204
87	147	1.48824
87	149	0.920543
87	165	0.903747
87	166	0.869667
87	167	0.900589
87	168	0.849998
87	170	0.853157
87	172	0.883536
87	173	0.850666
87	174	0.886888
87	175	0.854058
87	177	0.858095
87	178	0.820434
87	179	0.845286
87	180	0.808493
88	28	0.886163
88	55	0.911715
88	63	1.30016
88	79	0.863722
88	115	0.862597
88	116	0.850699
88	122	0.845341
88	123	0.878643
88	124	0.865367
88	131	0.878916
88	134	0.87126
88	151	0.870727
88	156	0.867239
88	159	0.849917
88	160	1.76723
88	161	0.86348
88	162	0.874212
88	166	1.80259
88	168	2.20316
88	169	0.866944
88	176	0.793365
89	40	1.4235
89	107	1.49822
89	128	0.897643
89	142	0.842252
89	146	0.861597
89	149	0.923194
89	156	1.19292
89	160	0.867747
89	161	1.52781
89	165	0.906397
89	166	0.872317
89	168	0.852649
89	170	0.855808
89	171	0.860816
89	172	0.886186
89	174	0.889538
89	175	0.856709
89	177	0.860746
89	178	0.823085
89	179	0.847937
89	180	0.811143
90	71	0.828627
90	87	0.855396
90	117	1.71041
90	120	0.813876
90	127	0.827249
90	141	1.84247
90	151	0.844825
90	152	0.829524
90	154	1.97279
90	158	0.843492
90	159	0.824015
90	161	0.837578
90	162	0.84831
90	165	0.850701
90	172	0.83049
90	173	0.79762
90	175	0.801013
90	176	0.767463
90	178	0.767389
90	179	0.792241
90	180	0.755447
91	2	0.837666
91	6	0.840187
91	40	0.878013
91	82	0.851515
91	93	1.57958
91	101	0.840224
91	103	0.890119
91	111	0.883533
91	128	1.79001
91	129	0.854092
91	133	1.91503
91	141	0.883356
91	143	0.872808
91	145	0.86927
91	147	0.860697
91	148	0.886223
91	153	0.857834
91	154	0.878003
91	157	0.84727
91	163	0.871488
91	170	2.03785
92	1	0.964123
92	13	0.844892
92	15	0.862511
92	19	0.939429
92	35	0.894099
92	70	0.903778
92	78	0.919826
92	85	0.904121
92	86	0.897746
92	96	0.885129
92	97	0.942518
92	98	0.918721
92	100	0.925941
92	106	0.859068
92	114	0.89381
92	117	0.92268
92	118	0.929681
92	126	1.2335
92	144	1.96292
92	155	0.964943
92	168	1.63205
92	176	2.08489
93	22	0.923405
93	91	1.57958
93	100	1.43919
93	102	1.54376
93	109	0.889617
93	120	0.855411
93	123	0.894276
93	148	1.40766
93	152	0.871059
93	159	0.86555
93	161	0.879113
93	162	0.889845
93	166	0.858157
93	171	0.846655
93	172	0.872025
93	173	0.839155
93	175	0.842548
93	176	0.808998
93	177	0.846585
93	178	0.808924
93	179	0.833776
93	180	0.796982
94	49	0.867441
94	72	1.23696
94	111	0.886179
94	124	1.78577
94	135	0.897679
94	141	0.886002
94	143	0.875453
94	147	0.863342
94	152	1.32452
94	153	0.860479
94	154	0.880648
94	156	1.51561
94	157	0.849915
94	158	0.879954
94	164	0.880841
94	166	0.853084
94	173	0.834082
94	175	0.837475
94	177	0.841512
94	178	0.803851
94	179	0.828703
94	180	0.791909
95	55	1.92775
95	121	0.867658
95	123	2.17596
95	137	0.78656
95	144	0.811415
95	148	1.98295
95	149	0.8669
95	158	0.842893
95	165	0.850103
95	167	0.846945
95	168	0.796354
95	170	0.799513
95	171	0.804521
95	172	0.829892
95	173	0.797022
95	174	0.833244
95	175	0.800414
95	176	0.766864
95	177	0.804451
95	178	0.76679
95	179	0.791642
95	180	0.754849
96	9	0.931483
96	11	0.8092
96	13	0.798076
96	15	0.815695
96	47	0.845595
96	50	1.3755
96	70	0.856962
96	75	0.863573
96	78	0.87301
96	85	0.857305
96	86	0.85093
96	92	0.885129
96	98	0.871905
96	100	0.879125
96	106	0.812252
96	114	0.846994
96	117	0.875864
96	118	0.882865
96	136	0.848988
96	144	2.24575
96	172	1.3893
96	176	2.36773
97	11	0.866588
97	13	0.855464
97	35	0.904671
97	47	0.902984
97	70	0.91435
97	75	0.920961
97	78	0.930399
97	85	0.914693
97	86	0.908318
97	92	0.942518
97	98	0.929293
97	106	0.86964
97	108	0.855239
97	114	0.904382
97	117	0.933253
97	118	0.940254
97	133	1.46492
97	136	0.906377
97	163	1.12858
97	171	1.47044
97	178	2.03506
97	179	1.78094
98	1	0.950899
98	19	0.926205
98	35	0.880874
98	47	0.879187
98	53	1.35713
98	70	0.890554
98	74	1.21257
98	75	0.897164
98	85	0.890896
98	86	0.884522
98	92	0.918721
98	96	0.871905
98	97	0.929293
98	100	0.912717
98	106	0.845843
98	108	0.831442
98	114	0.880585
98	117	0.909456
98	118	0.916457
98	132	1.53668
98	136	0.88258
98	164	1.73373
98	174	1.75971
99	5	0.998323
99	31	1.26378
99	36	0.888199
99	40	0.900523
99	54	1.42409
99	58	0.938466
99	65	0.852693
99	76	0.911779
99	83	0.891394
99	129	0.876603
99	130	1.53724
99	135	0.917543
99	136	0.887334
99	141	0.905867
99	143	0.895318
99	147	0.883207
99	148	0.908733
99	153	0.880344
99	154	0.900513
99	157	0.86978
99	163	0.893998
99	169	0.897369
99	170	2.15987
100	15	0.856506
100	19	0.933425
100	35	0.888094
100	47	0.886407
100	70	0.897774
100	75	0.904384
100	78	0.913822
100	85	0.898116
100	86	0.891742
100	92	0.925941
100	93	1.43919
100	96	0.879125
100	98	0.912717
100	106	0.853064
100	108	0.838662
100	113	1.4376
100	114	0.887805
100	117	0.916676
100	118	0.923677
100	136	0.8898
100	137	2.29492
100	155	1.31008
100	174	1.41992
101	2	0.807906
101	25	0.88153
101	38	0.857434
101	49	0.835035
101	58	0.886196
101	66	1.53357
101	91	0.840224
101	102	0.873449
101	103	0.860359
101	111	0.853773
101	135	0.865273
101	136	0.835064
101	143	0.843047
101	145	0.83951
101	147	0.830937
101	148	0.856463
101	153	0.828073
101	154	0.848243
101	157	0.81751
101	160	1.67136
101	163	0.841728
101	176	2.56013
101	177	1.9148
102	25	0.944515
102	36	0.898914
102	41	0.799457
102	52	0.877668
102	54	1.26626
102	80	0.868745
102	81	0.903894
102	93	1.54376
102	101	0.873449
102	129	0.887317
102	135	0.928258
102	142	2.27591
102	143	0.906033
102	145	0.902495
102	147	0.893922
102	148	0.919448
102	153	0.891059
102	154	0.911228
102	157	0.880495
102	161	0.316185
102	163	0.904713
102	169	0.908084
102	175	1.75076
103	25	0.931425
103	40	0.898148
103	49	0.884931
103	52	0.864578
103	59	0.943303
103	91	0.890119
103	101	0.860359
103	113	0.899992
103	125	1.43668
103	135	0.915168
103	141	0.903491
103	143	0.892943
103	145	0.889405
103	147	0.880832
103	148	0.906358
103	150	1.7245
103	153	0.877969
103	154	0.898138
103	157	0.867405
103	165	1.21273
103	167	1.4854
103	169	0.894993
103	179	2.26084
104	18	2.08096
104	45	1.57358
104	78	1.11264
104	117	0.617766
104	123	0.986972
104	125	0.940606
104	133	0.90822
104	155	0.934002
104	158	0.923955
104	160	0.892515
104	165	0.931165
104	166	0.897085
104	167	0.928007
104	168	0.877417
104	170	0.880576
104	171	0.885584
104	173	0.878084
104	174	0.914306
104	175	0.881477
104	177	0.885514
104	178	0.847853
104	179	0.872705
104	180	0.835911
105	7	0.815913
105	24	0.891934
105	56	0.830317
105	62	0.819056
105	68	0.881061
105	72	0.872612
105	109	0.858254
105	115	0.846867
105	116	0.83497
105	119	0.828052
105	123	0.862913
105	131	0.863187
105	134	0.855531
105	138	1.45185
105	151	0.854998
105	156	0.851509
105	161	0.847751
105	162	0.858483
105	164	1.70098
105	169	0.851215
105	176	0.777636
105	177	2.09174
105	178	2.65183
106	1	0.891246
106	9	0.905421
106	15	0.789633
106	19	0.866551
106	35	0.821221
106	47	0.819534
106	51	1.25731
106	75	0.837511
106	78	0.846949
106	85	0.831243
106	86	0.824868
106	92	0.859068
106	96	0.812252
106	97	0.86964
106	98	0.845843
106	100	0.853064
106	108	0.771789
106	114	0.820932
106	117	0.849803
106	118	0.856804
106	136	0.822927
106	150	2.36042
106	165	1.84865
106	175	2.45228
107	10	0.79883
107	22	0.936434
107	26	0.868249
107	32	1.2784
107	82	1.73454
107	89	1.49822
107	110	0.893585
107	120	0.868441
107	122	0.874004
107	123	0.907305
107	124	0.894029
107	127	0.881813
107	131	0.907579
107	134	0.899923
107	149	1.43125
107	151	0.899389
107	152	0.884089
107	156	0.895901
107	159	0.87858
107	161	0.892142
107	162	0.902875
107	167	1.73312
107	169	0.895606
107	176	0.822027
108	19	0.85215
108	47	0.805133
108	48	2.94684
108	65	2.13995
108	86	0.810467
108	97	0.855239
108	98	0.831442
108	100	0.838662
108	106	0.771789
108	114	0.806531
108	118	0.842403
108	136	0.808526
108	146	0.78342
108	151	1.86247
108	167	0.825062
108	170	0.77763
108	171	0.782638
108	172	0.808009
108	174	0.811361
108	175	0.778532
108	177	0.782568
108	178	0.744907
108	179	0.769759
108	180	0.732966
109	8	1.52573
109	18	0.84328
109	28	0.905992
109	45	0.879313
109	79	0.883551
109	93	0.889617
109	105	0.858254
109	112	1.32886
109	119	0.86361
109	120	0.859607
109	122	0.86517
109	123	0.898471
109	127	0.87298
109	131	0.898745
109	146	2.24484
109	150	0.867369
109	151	0.890556
109	152	0.875255
109	156	0.887067
109	159	0.869746
109	161	0.883309
109	162	0.894041
109	167	1.64765
109	174	1.75234
109	176	0.813194
110	7	0.842411
110	14	1.29068
110	22	0.91854
110	27	0.898195
110	45	0.870252
110	60	0.855023
110	72	0.89911
110	79	0.87449
110	107	0.893585
110	116	0.861467
110	123	0.889411
110	127	0.863919
110	131	0.889684
110	134	0.882028
110	151	0.881495
110	156	0.878007
110	159	0.860685
110	161	0.874248
110	162	0.88498
110	167	1.50623
110	169	0.877712
110	170	2.08847
110	171	1.97118
110	172	1.6426
110	176	0.804133
111	2	0.851215
111	36	0.879237
111	41	0.779781
111	44	0.872478
111	65	0.843732
111	74	1.12821
111	76	0.902818
111	81	0.884218
111	83	0.882433
111	87	1.50619
111	91	0.883533
111	94	0.886179
111	101	0.853773
111	112	1.25186
111	113	0.893405
111	135	0.908582
111	137	2.55035
111	141	0.896905
111	143	0.886356
111	145	0.882819
111	150	1.80975
111	153	0.871383
111	154	0.891552
111	157	0.860819
111	169	0.888407
112	66	0.930458
112	109	1.32886
112	111	1.25186
112	126	0.92047
112	132	0.923327
112	152	0.917921
112	157	1.10089
112	158	0.941904
112	160	0.910463
112	161	1.44391
112	164	0.942791
112	165	0.949114
112	166	0.915034
112	167	0.945956
112	169	0.771038
112	170	0.898524
112	171	0.903532
112	172	0.928903
112	173	0.896033
112	174	0.932255
112	175	0.899425
112	176	0.865875
112	177	0.903462
112	178	0.865801
112	179	0.890653
112	180	0.85386
113	61	1.54934
113	86	1.51256
113	100	1.4376
113	103	0.899992
113	111	0.893405
113	114	1.48303
113	118	1.29462
113	125	0.903832
113	141	0.893228
113	143	0.88268
113	145	0.879143
113	147	0.870569
113	154	0.887875
113	157	0.857142
113	163	0.88136
113	164	0.888068
113	165	0.89439
113	168	0.840642
113	169	0.884731
113	173	0.841309
113	174	0.877531
113	175	0.844702
113	177	0.848739
113	178	0.811078
113	179	0.83593
113	180	0.799136
114	1	0.925987
114	11	0.81788
114	15	0.824375
114	19	0.901293
114	35	0.855963
114	47	0.854276
114	70	0.865642
114	75	0.872253
114	78	0.88169
114	85	0.865985
114	86	0.85961
114	92	0.89381
114	96	0.846994
114	97	0.904382
114	98	0.880585
114	100	0.887805
114	106	0.820932
114	108	0.806531
114	113	1.48303
114	117	0.884545
114	118	0.891545
114	136	0.857669
114	163	1.48375
114	167	1.36067
114	168	2.02263
114	176	2.47547
115	27	0.895869
115	45	0.867926
115	60	0.852696
115	66	1.46691
115	68	0.905232
115	71	1.53697
115	88	0.862597
115	105	0.846867
115	119	0.852223
115	120	0.84822
115	122	0.853783
115	123	0.887084
115	124	0.873809
115	131	0.887358
115	149	1.0768
115	150	0.855982
115	151	0.879169
115	152	0.863868
115	156	0.87568
115	159	0.858359
115	161	0.871922
115	162	0.882654
115	168	2.04062
115	169	0.875386
115	176	0.801807
115	178	2.40823
116	22	0.904316
116	37	2.45231
116	55	0.90826
116	56	0.84259
116	60	0.840799
116	61	0.89026
116	62	0.831329
116	68	0.893334
116	79	0.860266
116	88	0.850699
116	105	0.83497
116	110	0.861467
116	122	0.841885
116	123	0.875187
116	130	1.5246
116	134	0.867804
116	150	0.844084
116	151	0.867271
116	152	0.85197
116	156	0.863783
116	159	0.846461
116	161	0.860024
116	162	0.870756
116	165	1.29232
116	173	2.1196
116	174	1.66968
116	176	0.789909
117	1	0.954858
117	9	0.969034
117	13	0.835627
117	15	0.853246
117	19	0.930164
117	35	0.884834
117	47	0.883146
117	63	0.866459
117	70	0.894513
117	75	0.901124
117	78	0.910561
117	80	2.09701
117	85	0.894856
117	86	0.888481
117	90	1.71041
117	92	0.92268
117	96	0.875864
117	97	0.933253
117	98	0.909456
117	100	0.916676
117	104	0.617766
117	106	0.849803
117	114	0.884545
117	118	0.920416
117	136	0.886539
117	144	2.10033
117	163	1.23058
118	1	0.961859
118	11	0.853752
118	13	0.842628
118	16	1.60171
118	19	0.937165
118	35	0.891834
118	42	1.38346
118	47	0.890147
118	63	0.931213
118	70	0.901514
118	75	0.908124
118	78	0.917562
118	85	0.901857
118	86	0.895482
118	92	0.929681
118	96	0.882865
118	97	0.940254
118	98	0.916457
118	100	0.923677
118	106	0.856804
118	108	0.842403
118	113	1.29462
118	114	0.891545
118	117	0.920416
118	136	0.89354
118	170	1.75449
118	177	1.64173
119	22	0.897398
119	24	0.89729
119	43	0.854928
119	45	0.84911
119	84	1.5812
119	105	0.828052
119	109	0.86361
119	115	0.852223
119	120	0.829404
119	122	0.834967
119	123	0.868269
119	124	0.854993
119	127	0.842777
119	131	0.868542
119	134	0.860886
119	146	2.35526
119	150	0.837166
119	151	0.860353
119	152	0.845052
119	156	0.856865
119	159	0.839543
119	161	0.853106
119	162	0.863838
119	163	1.88114
119	165	1.4854
119	169	0.85657
119	175	2.08903
119	176	0.782991
120	20	1.97464
120	24	0.893287
120	48	0.77196
120	51	1.2135
120	56	0.831669
120	68	0.882413
120	74	0.892882
120	77	1.6182
120	90	0.813876
120	93	0.855411
120	107	0.868441
120	109	0.859607
120	115	0.84822
120	119	0.829404
120	122	0.830965
120	124	0.85099
120	127	0.838774
120	131	0.864539
120	134	0.856883
120	150	0.833163
120	151	0.85635
120	152	0.841049
120	156	0.852862
120	158	2.09413
120	159	0.835541
120	160	2.30354
120	161	0.849103
120	162	0.859836
120	176	0.778988
121	44	1.72057
121	58	0.997413
121	61	1.27184
121	95	0.867658
121	128	0.907853
121	132	0.89082
121	133	0.893661
121	138	0.933941
121	140	0.908135
121	142	0.852462
121	143	1.32865
121	145	1.33479
121	155	0.919444
121	157	1.26453
121	158	0.909397
121	160	0.877957
121	163	0.903577
121	165	0.916607
121	167	0.913449
121	168	0.862859
121	170	0.866018
121	171	0.871026
121	173	0.863526
121	174	0.899748
121	175	0.866919
121	177	0.870956
121	178	0.833295
121	179	0.858147
121	180	0.821353
122	18	0.814638
122	29	0.879361
122	39	0.855848
122	45	0.85067
122	48	0.777523
122	56	0.837232
122	88	0.845341
122	107	0.874004
122	109	0.86517
122	115	0.853783
122	116	0.841885
122	119	0.834967
122	120	0.830965
122	124	0.856553
122	127	0.844337
122	131	0.870102
122	134	0.862446
122	140	1.56916
122	142	2.44478
122	150	0.838726
122	156	0.858425
122	159	0.841104
122	161	0.854666
122	162	0.865399
122	165	1.31601
122	169	0.85813
122	175	1.91964
122	176	0.784551
122	178	2.61824
123	18	0.847939
123	29	0.912663
123	62	0.859273
123	72	0.91283
123	79	0.88821
123	88	0.878643
123	93	0.894276
123	95	2.17596
123	104	0.986972
123	105	0.862913
123	107	0.907305
123	109	0.898471
123	110	0.889411
123	115	0.887084
123	116	0.875187
123	119	0.868269
123	124	0.889855
123	127	0.877639
123	128	1.81111
123	134	0.895748
123	138	1.30629
123	151	0.895215
123	152	0.879914
123	159	0.874405
123	161	0.887968
123	162	0.8987
123	165	1.20404
123	176	0.817853
123	179	2.25215
124	17	0.925954
124	26	0.850799
124	39	0.875873
124	51	0.833957
124	54	1.54443
124	55	0.922928
124	56	0.857258
124	61	0.904928
124	62	0.845997
124	68	0.908002
124	88	0.865367
124	94	1.78577
124	107	0.894029
124	115	0.873809
124	119	0.854993
124	120	0.85099
124	122	0.856553
124	123	0.889855
124	126	1.96138
124	131	0.890128
124	151	0.881939
124	152	0.866638
124	156	0.878451
124	159	0.861129
124	161	0.874692
124	162	0.885424
124	164	1.77668
124	169	0.878156
124	172	1.83435
124	176	0.804577
125	19	1.50127
125	67	0.838069
125	70	1.1407
125	81	1.64717
125	87	0.913188
125	103	1.43668
125	104	0.940606
125	113	0.903832
125	126	0.879849
125	135	1.27395
125	149	0.92529
125	153	1.53548
125	155	0.91133
125	160	0.869843
125	164	0.90217
125	165	0.908493
125	166	0.874413
125	167	0.905335
125	168	0.854745
125	170	0.857904
125	171	0.862912
125	172	0.888282
125	173	0.855412
125	174	0.891634
125	175	0.858805
125	176	0.825255
125	177	0.862842
125	178	0.825181
125	179	0.850033
125	180	0.813239
126	2	1.85273
126	62	2.09091
126	92	1.2335
126	112	0.92047
126	124	1.96138
126	125	0.879849
126	131	1.63707
126	132	0.844621
126	137	0.806865
126	140	0.861936
126	142	0.806262
126	149	0.887205
126	155	0.873244
126	158	0.863198
126	160	0.831757
126	164	0.864085
126	165	0.870408
126	166	0.836328
126	167	0.86725
126	168	0.816659
126	170	0.819818
126	171	0.824826
126	172	0.850197
126	173	0.817327
126	174	0.853549
126	175	0.82072
126	177	0.824756
126	178	0.787095
126	179	0.811947
126	180	0.775154
127	3	1.65195
127	27	0.886423
127	39	0.863657
127	45	0.85848
127	61	0.892712
127	62	0.833781
127	68	0.895786
127	71	1.77649
127	72	0.887338
127	90	0.827249
127	107	0.881813
127	109	0.87298
127	110	0.863919
127	119	0.842777
127	120	0.838774
127	122	0.844337
127	123	0.877639
127	131	0.877912
127	134	0.870256
127	139	1.94369
127	150	0.846536
127	151	0.869723
127	152	0.854422
127	156	0.866235
127	159	0.848913
127	161	0.862476
127	162	0.873208
127	164	1.69688
127	165	1.34551
127	169	0.86594
127	173	2.17279
127	176	0.792361
128	1	1.27548
128	24	1.01943
128	89	0.897643
128	91	1.79001
128	121	0.907853
128	123	1.81111
128	130	0.883177
128	133	0.867352
128	138	0.907631
128	139	0.883755
128	142	0.826152
128	146	0.845497
128	149	0.907094
128	155	0.893134
128	157	1.75408
128	158	0.883087
128	164	0.883975
128	165	0.890297
128	166	0.856217
128	167	0.887139
128	169	1.42423
128	170	0.839708
128	171	0.844716
128	172	0.870086
128	173	0.837216
128	174	0.873438
128	175	0.840609
128	176	0.807059
128	177	0.844646
128	178	0.806985
128	179	0.831837
128	180	0.795043
129	6	0.824295
129	9	0.931426
129	30	0.878291
129	34	0.875363
129	52	0.828551
129	58	0.900064
129	59	0.907276
129	64	1.85251
129	65	0.814291
129	76	0.873377
129	80	0.819628
129	81	0.854777
129	83	0.852992
129	91	0.854092
129	99	0.876603
129	102	0.887317
129	135	0.879141
129	140	1.65995
129	141	0.867464
129	143	0.856915
129	145	0.853378
129	147	0.844805
129	148	0.870331
129	153	0.841942
129	154	0.862111
129	155	1.67432
129	157	0.831378
129	158	1.69608
129	163	0.855596
129	169	0.858966
129	171	2.14441
129	174	1.78416
130	14	0.953164
130	44	1.83532
130	69	0.879986
130	99	1.53724
130	116	1.5246
130	128	0.883177
130	133	0.868985
130	135	1.28227
130	138	0.909265
130	140	0.883459
130	144	0.853243
130	150	0.862868
130	153	1.54381
130	155	0.894767
130	160	0.853281
130	162	1.15895
130	164	0.885608
130	165	0.891931
130	166	0.857851
130	167	0.888773
130	168	0.838183
130	170	0.841342
130	171	0.84635
130	172	0.87172
130	173	0.83885
130	174	0.875072
130	175	0.842243
130	176	0.808693
130	177	0.84628
130	178	0.808619
130	179	0.833471
130	180	0.796677
131	7	0.856404
131	28	0.910925
131	45	0.884245
131	46	1.29105
131	48	0.811097
131	50	1.49624
131	56	0.870807
131	60	0.869016
131	61	0.918477
131	68	0.921551
131	72	0.913103
131	82	1.3751
131	88	0.878916
131	105	0.863187
131	107	0.907579
131	109	0.898745
131	110	0.889684
131	115	0.887358
131	119	0.868542
131	120	0.864539
131	122	0.870102
131	124	0.890128
131	126	1.63707
131	127	0.877912
131	140	1.35415
131	142	2.22978
131	151	0.895488
131	152	0.880187
131	159	0.874679
131	161	0.888241
131	162	0.898973
131	169	0.891705
131	172	1.51004
131	176	0.818126
132	6	2.15289
132	8	0.85186
132	14	0.934497
132	46	0.884979
132	98	1.53668
132	112	0.923327
132	121	0.89082
132	126	0.844621
132	138	0.890599
132	139	0.866723
132	140	0.864793
132	142	0.809119
132	147	1.43438
132	154	1.25155
132	155	0.876101
132	159	1.24946
132	160	0.834614
132	161	1.64437
132	163	0.860235
132	164	0.866942
132	165	0.873265
132	166	0.839185
132	167	0.870107
132	168	0.819516
132	170	0.822675
132	171	0.827683
132	172	0.853054
132	173	0.820184
132	174	0.856406
132	175	0.823576
132	177	0.827613
132	178	0.789952
132	179	0.814804
132	180	0.778011
133	17	1.45126
