1	36	0.980102
1	44	1.04712
1	50	1.00427
1	67	1.03805
1	86	0.965019
1	104	1.11502
1	136	1.05042
1	148	0.955917
1	157	1.03494
1	161	0.947423
1	170	0.909318
1	177	0.958967
2	5	1.07006
2	32	0.972105
2	61	1.06231
2	96	0.976385
2	97	0.92345
2	105	1.06869
2	108	1.02639
2	117	0.957978
2	162	0.935639
2	165	1.02638
2	166	0.963214
2	174	1.02407
3	7	1.07381
3	50	0.982264
3	67	1.01604
3	86	0.943013
3	97	1.0528
3	104	1.09301
3	141	0.942635
3	151	1.03906
3	156	0.953961
3	165	0.95373
3	166	0.98014
3	174	0.976097
4	8	1.04227
4	16	0.96095
4	31	1.09135
4	77	1.07273
4	110	1.02885
4	113	1.0297
4	114	1.00581
4	121	1.0401
4	123	0.980529
4	139	0.947014
4	171	0.949144
4	180	0.8583
5	2	1.07006
5	51	0.992481
5	61	1.05823
5	96	0.97231
5	105	1.06462
5	141	0.971571
5	159	0.971469
5	161	0.978985
5	165	1.0223
5	174	1.02
5	176	0.985756
5	180	0.898738
6	40	1.09928
6	68	1.14218
6	91	1.10199
6	94	1.06443
6	108	0.944462
6	124	1.07351
6	137	0.901167
6	151	0.836227
6	163	0.868797
6	173	0.855933
6	180	1.11861
7	3	1.07381
7	36	0.976203
7	44	1.04322
7	50	1.00037
7	67	1.03415
7	86	0.961121
7	104	1.11112
7	111	1.01853
7	158	0.95797
7	162	0.934793
7	173	0.937015
7	174	0.958325
8	4	1.04227
8	24	1.07096
8	59	1.03865
8	106	0.971142
8	107	1.04527
8	113	1.01658
8	155	0.980274
8	158	1.00441
8	159	0.971198
8	169	0.95222
8	176	1.01512
8	180	0.898467
9	53	0.851363
9	63	0.872701
9	69	0.875892
9	73	0.840613
9	81	0.900218
9	97	1.18911
9	99	0.881957
9	102	1.0679
9	139	1.20725
9	141	0.90936
9	158	1.22447
9	160	1.18454
10	54	1.01925
10	65	1.0426
10	72	1.00328
10	80	1.01047
10	84	1.05697
10	93	1.02523
10	141	0.965245
10	156	0.976572
10	158	0.998353
10	167	1.0422
10	175	0.974006
10	180	0.892413
11	19	1.00052
11	21	1.14837
11	64	0.836237
11	92	0.992889
11	103	1.11782
11	109	0.970485
11	120	1.02809
11	159	0.944156
11	164	0.98709
11	165	0.955353
11	175	0.953018
11	180	1.07255
12	115	0.94556
12	140	1.04017
12	142	1.01912
12	144	1.01944
12	147	1.03186
12	149	1.05416
12	150	1.0387
12	156	0.958264
12	163	0.971954
12	164	0.99654
12	171	0.964949
12	177	0.965896
13	51	0.998202
13	61	1.06396
13	96	0.978031
13	105	1.07034
13	129	1.07927
13	140	0.711295
13	156	1.01741
13	157	0.984484
13	161	1.0135
13	166	1.04359
13	173	1.01824
13	174	1.02572
14	20	0.966599
14	27	0.937275
14	40	1.05321
14	68	1.09611
14	91	1.05592
14	94	1.01835
14	156	0.967637
14	160	0.949487
14	169	0.937232
14	176	0.970496
14	179	0.981687
14	180	1.07254
15	76	0.954784
15	98	1.02838
15	112	1.02532
15	118	1.05898
15	119	1.03176
15	126	1.05179
15	127	1.04898
15	145	0.994244
15	159	0.953825
15	172	1.01126
15	173	0.966079
15	180	0.881094
16	4	0.96095
16	44	1.00362
16	86	1.16691
16	101	1.05844
16	124	1.00487
16	139	0.983537
16	154	0.976747
16	171	0.969682
16	173	0.97855
16	175	0.970562
16	177	0.977073
16	178	0.985228
16	179	0.95862
17	34	1.03162
17	76	0.904138
17	88	1.03718
17	98	0.977733
17	111	0.895203
17	112	0.974676
17	119	0.981114
17	127	0.998331
17	151	1.02243
17	156	1.04131
17	168	1.06845
17	169	1.0109
17	174	1.06344
18	26	1.03969
18	45	0.973806
18	92	0.946798
18	109	0.924393
18	120	0.981998
18	131	1.08718
18	161	1.01502
18	162	1.01754
18	168	0.949638
18	172	1.06494
18	174	0.957219
18	176	1.02179
18	180	1.02646
19	11	1.00052
19	38	1.04357
19	82	0.976191
19	89	0.874641
19	109	0.938394
19	141	1.03077
19	143	1.04838
19	164	0.955
19	173	1.04292
19	174	0.97122
19	175	1.03953
19	176	1.04495
19	180	1.04046
20	14	0.966599
20	27	0.871296
20	29	0.995874
20	40	0.987231
20	68	1.03013
20	91	0.989938
20	94	0.952374
20	126	0.989164
20	163	1.05106
20	166	1.06355
20	168	1.06452
20	173	1.0382
20	180	1.00656
21	11	1.14837
21	49	0.824194
21	82	1.12404
21	89	1.02249
21	97	0.861179
21	109	1.08624
21	137	0.920825
21	138	0.84916
21	139	0.87932
21	162	0.873369
21	168	1.11149
21	174	1.11907
21	180	1.18831
22	106	0.947323
22	110	0.991915
22	113	0.992759
22	114	0.968874
22	117	1.06852
22	121	1.00317
22	123	0.943592
22	128	1.01085
22	131	0.949673
22	141	1.0027
22	169	1.01717
22	173	1.0484
22	179	1.06162
23	47	1.00081
23	76	0.978092
23	88	1.11114
23	98	1.05169
23	112	1.04863
23	118	1.08229
23	119	1.05507
23	127	1.07229
23	132	0.858261
23	145	0.9546
23	157	1.00921
23	159	0.914181
23	163	0.939299
23	171	0.932294
24	8	1.07096
24	87	1.05526
24	106	1.01295
24	110	1.05755
24	121	1.0688
24	122	1.16714
24	123	1.00922
24	136	0.881829
24	141	1.06833
24	153	0.917872
24	160	0.8549
24	163	0.88674
24	166	0.899229
24	176	1.05693
25	46	1.05884
25	74	1.01146
25	78	1.01502
25	83	1.06956
25	95	1.08444
25	97	1.09801
25	115	0.925228
25	153	0.982755
25	157	1.01883
25	161	0.934021
25	164	1.04384
25	174	0.960069
25	179	0.951983
25	180	0.853774
26	18	1.03969
26	45	1.07306
26	89	0.959897
26	97	0.908611
26	109	1.02365
26	120	1.08125
26	131	0.990437
26	156	0.922196
26	158	0.943977
26	164	1.04026
26	173	0.923022
26	174	1.05648
26	175	0.91963
26	180	1.12572
27	14	0.937275
27	20	0.871296
27	31	0.85316
27	68	1.00081
27	71	1.12584
27	91	0.960614
27	94	0.92305
27	132	0.940856
27	133	0.93571
27	145	1.15999
27	154	1.10736
27	160	1.11285
27	169	1.1006
27	180	0.977232
28	57	0.906649
28	77	0.985839
28	106	0.897365
28	107	0.971498
28	108	1.2015
28	110	0.941957
28	113	0.942801
28	114	0.918915
28	123	0.893634
28	137	1.1582
28	161	1.10823
28	162	1.11075
28	176	0.941343
28	180	1.02798
29	20	0.995874
29	40	1.08248
29	91	1.08519
29	94	1.04763
29	111	0.964872
29	124	1.05671
29	126	0.922898
29	131	1.03935
29	132	1.06543
29	142	0.681537
29	151	0.952228
29	153	1.01593
29	174	0.993244
29	180	1.10181
30	52	0.988182
30	63	1.02458
30	69	1.02777
30	73	0.992496
30	81	1.0521
30	99	1.03384
30	102	1.21978
30	137	0.967886
30	139	0.92638
30	141	1.06124
30	163	0.935515
30	172	0.96783
30	178	0.874375
30	179	0.935874
31	4	1.09135
31	27	0.85316
31	37	1.05117
31	40	0.969094
31	51	1.20143
31	67	0.920368
31	86	0.847337
31	104	0.997337
31	129	1.10766
31	147	1.14298
31	154	0.940719
31	173	0.942522
31	177	0.941044
31	180	0.98842
32	2	0.972105
32	51	0.894527
32	61	0.960281
32	96	0.874356
32	105	0.966664
32	125	0.935911
32	133	0.949762
32	136	1.13408
32	159	1.11387
32	165	0.924351
32	168	1.15245
32	174	0.922042
32	176	1.12816
32	178	1.07785
33	52	1.01426
33	53	1.02932
33	63	1.05066
33	69	1.05385
33	73	1.01857
33	81	1.07818
33	99	1.05991
33	132	1.09525
33	137	0.974303
33	165	0.928011
33	168	0.955386
33	170	0.886225
33	171	0.934927
33	173	0.929068
34	17	1.03162
34	76	0.983972
34	79	0.85149
34	98	1.05757
34	103	1.07571
34	112	1.05451
34	118	1.08817
34	119	1.06095
34	127	1.07817
34	148	0.918053
34	155	0.91112
34	158	0.935253
34	165	1.04504
34	176	0.91633
35	46	0.910944
35	62	0.955733
35	74	0.863557
35	78	0.867118
35	83	0.921663
35	85	1.02862
35	95	0.936542
35	97	0.950109
35	111	1.19809
35	125	1.1091
35	129	0.965716
35	166	1.14193
35	167	1.12593
35	180	1.03159
36	1	0.980102
36	7	0.976203
36	44	0.927514
36	50	0.884661
36	67	0.918441
36	86	0.84541
36	104	0.99541
36	125	1.11547
36	136	0.930808
36	151	0.941453
36	155	1.11977
36	162	1.12073
36	165	1.12189
36	171	1.12881
37	31	1.05117
37	66	1.0415
37	82	1.04199
37	120	1.0618
37	124	1.06116
37	136	0.911059
37	139	0.906836
37	163	0.915971
37	164	1.0208
37	168	1.02944
37	174	1.03702
37	176	0.90514
37	179	0.91633
37	180	1.10627
38	19	1.04357
38	82	1.05133
38	92	1.03593
38	109	1.01353
38	120	1.07113
38	125	0.928413
38	151	0.916186
38	164	1.03014
38	165	0.934834
38	168	1.03877
38	169	0.90466
38	172	0.98107
38	177	0.942697
38	180	1.1156
39	41	1.08594
39	54	1.03161
39	65	1.05496
39	71	0.89126
39	72	1.01564
39	75	0.997408
39	84	1.06934
39	93	1.03759
39	108	0.985773
39	126	0.848207
39	136	0.905195
39	137	1.05036
39	157	0.980018
39	167	1.05456
40	6	1.09928
40	14	1.05321
40	20	0.987231
40	29	1.08248
40	31	0.969094
40	91	1.07655
40	94	1.03898
40	141	0.911338
40	145	0.951655
40	167	0.932848
40	168	0.949809
40	176	0.925524
40	179	0.936714
40	180	1.09317
41	39	1.08594
41	54	0.978758
41	65	1.00211
41	72	0.962784
41	80	0.969976
41	84	1.01648
41	93	0.984741
41	137	0.997506
41	138	0.991586
41	160	0.99904
41	167	1.00171
41	174	1.03933
41	176	1.02005
41	177	1.02482
41	180	0.933032
42	47	0.959905
42	60	0.960515
42	76	0.937186
42	98	1.01078
42	112	1.00772
42	118	1.04138
42	119	1.01416
42	127	1.03138
42	131	1.0985
42	132	0.962915
42	134	0.999223
42	154	1.00662
42	165	0.998255
42	176	1.03312
42	180	0.946104
43	49	0.923406
43	103	1.13621
43	130	0.981691
43	135	1.00051
43	141	0.96265
43	142	0.989846
43	146	1.00077
43	147	1.00259
43	149	1.02489
43	150	1.00942
43	152	0.993268
43	157	1.05758
43	170	0.931959
43	174	0.996112
43	176	0.997023
44	1	1.04712
44	7	1.04322
44	16	1.00362
44	36	0.927514
44	50	0.951682
44	67	0.985462
44	86	0.912431
44	100	1.0723
44	104	1.06243
44	136	0.997829
44	153	1.02995
44	155	0.98278
44	156	0.985132
44	168	1.01228
44	177	0.992763
45	18	0.973806
45	26	1.07306
45	82	0.995565
45	89	0.894015
45	120	1.01537
45	124	1.01473
45	125	0.983457
45	137	1.03617
45	162	0.988713
45	163	1.0038
45	168	0.983014
45	169	0.959703
45	172	1.03611
45	174	0.990594
45	180	1.05984
46	25	1.05884
46	35	0.910944
46	48	1.06083
46	62	1.01636
46	78	0.927746
46	83	0.982291
46	85	1.08925
46	95	0.99717
46	117	1.02927
46	126	0.960113
46	148	1.0129
46	164	0.956569
46	168	1.03547
46	173	1.00915
46	178	0.960873
47	23	1.00081
47	42	0.959905
47	71	1.03825
47	88	1.01225
47	98	0.9528
47	111	0.87027
47	112	0.949743
47	118	0.983403
47	119	0.956181
47	122	1.33749
47	127	0.973398
47	134	0.941242
47	159	1.03197
47	161	1.03949
47	170	1.00139
47	180	0.959243
48	46	1.06083
48	62	1.10562
48	74	1.01344
48	78	1.017
48	83	1.07155
48	85	1.1785
48	95	1.08643
48	103	1.11307
48	118	0.627728
48	143	0.957118
48	157	1.02081
48	164	1.04583
48	167	0.961018
48	168	0.97798
48	178	0.903385
48	180	0.866676
49	21	0.824194
49	43	0.923406
49	85	0.840548
49	99	0.961436
49	120	0.92654
49	124	0.935807
49	131	1.0324
49	140	0.981705
49	155	1.07295
49	156	1.07122
49	160	1.0725
49	162	1.05926
49	163	1.07987
49	172	1.05739
49	178	1.09051
49	179	1.0639
50	1	1.00427
50	3	0.982264
50	7	1.00037
50	36	0.884661
50	44	0.951682
50	67	0.942609
50	86	0.869578
50	97	0.979365
50	104	1.01958
50	125	1.05909
50	148	1.07033
50	151	0.965621
50	156	1.06575
50	162	1.06435
50	176	1.0686
50	179	1.0798
51	5	0.992481
51	13	0.998202
51	31	1.20143
51	32	0.894527
51	61	0.984731
51	96	0.898807
51	105	0.991114
51	124	0.970632
51	133	0.974213
51	141	1.04121
51	163	1.06623
51	165	0.948801
51	167	1.06272
51	174	0.946493
51	179	1.06659
51	180	0.968382
52	30	0.988182
52	33	1.01426
52	63	0.914155
52	69	0.917346
52	73	0.882067
52	81	0.941672
52	99	0.923411
52	102	1.10935
52	132	0.958746
52	141	0.950814
52	143	1.08304
52	148	1.08133
52	167	1.08694
52	176	1.07961
52	177	1.08439
52	180	0.992594
53	9	0.851363
53	33	1.02932
53	63	0.929219
53	73	0.897131
53	81	0.956736
53	99	0.938475
53	102	1.12441
53	116	1.01612
53	125	0.954813
53	126	1.05106
53	128	0.952651
53	141	0.965878
53	151	1.08039
53	154	1.07563
53	159	1.08785
53	175	1.09671
54	10	1.01925
54	39	1.03161
54	41	0.978758
54	72	0.908456
54	80	0.915649
54	84	0.962155
54	93	0.930413
54	111	1.14477
54	131	1.13067
54	134	0.952495
54	148	0.953831
54	167	0.947381
54	171	1.06911
54	177	1.07006
54	178	1.01498
54	180	0.978267
55	62	1.01181
55	76	1.12275
55	98	1.01053
55	117	0.934414
55	123	1.11426
55	139	0.977647
55	144	1.05956
55	153	0.946605
55	154	0.970858
55	164	1.07336
55	169	0.963886
55	171	0.963793
55	172	0.946222
55	173	0.972661
55	177	0.971184
55	179	0.95273
56	62	0.767424
56	130	0.943545
56	135	0.962363
56	140	0.972752
56	144	0.95202
56	146	0.962626
56	147	0.964441
56	149	0.98674
56	150	0.971274
56	152	0.955122
56	163	1.14776
56	164	0.929117
56	170	1.09205
56	172	1.18007
56	175	1.1315
56	178	1.08662
57	28	0.906649
57	59	0.989925
57	87	0.964721
57	97	1.01239
57	103	1.18821
57	107	0.996548
57	110	0.967006
57	113	0.96785
57	114	0.943965
57	121	0.978259
57	123	0.918684
57	136	1.03476
57	157	1.10958
57	167	1.03616
57	173	1.0268
57	176	0.966393
58	90	0.987263
58	107	0.685769
58	130	1.00532
58	135	1.02414
58	142	1.01348
58	144	1.0138
58	147	1.02622
58	149	1.04852
58	150	1.03305
58	151	1.03132
58	152	1.0169
58	153	1.07806
58	165	1.03301
58	173	1.03407
58	177	1.04087
58	178	0.985792
58	180	0.949083
59	8	1.03865
59	57	0.989925
59	77	1.06911
59	79	0.921968
59	106	0.980641
59	107	1.05477
59	110	1.02523
59	113	1.02608
59	114	1.00219
59	121	1.03649
59	123	0.976909
59	132	0.916601
59	148	0.988531
59	157	1.06755
59	172	1.02995
59	173	0.984775
59	180	0.89979
60	42	0.960515
60	86	1.07867
60	88	0.879553
60	130	0.980876
60	138	1.04465
60	140	0.962527
60	152	0.966504
60	153	1.00262
60	161	1.01985
60	164	0.963548
60	166	1.01002
60	172	1.00223
60	173	1.02867
60	175	1.02068
60	177	1.02719
60	178	1.03535
60	179	1.00874
61	2	1.06231
61	5	1.05823
61	13	1.06396
61	32	0.960281
61	51	0.984731
61	96	0.96456
61	97	0.945497
61	105	1.05687
61	129	1.0658
61	131	1.02732
61	155	0.956731
61	157	0.971013
61	166	0.985261
61	171	0.965767
61	174	1.01225
61	176	0.961941
61	177	0.966714
62	35	0.955733
62	46	1.01636
62	48	1.10562
62	55	1.01181
62	56	0.767424
62	74	0.968974
62	75	1.07274
62	78	0.972535
62	83	1.02708
62	85	1.13404
62	95	1.04196
62	148	0.976332
62	157	0.976346
62	164	1.00136
62	172	1.01776
62	176	0.97461
62	179	0.985801
63	9	0.872701
63	30	1.02458
63	33	1.05066
63	52	0.914155
63	53	0.929219
63	69	0.953747
63	81	0.978074
63	99	0.959812
63	102	1.14575
63	125	0.97615
63	132	0.995148
63	137	1.06804
63	138	0.996378
63	143	1.02827
63	151	1.0031
63	158	1.04376
63	162	1.02059
63	168	1.04913
64	11	0.836237
64	67	0.932502
64	92	0.909859
64	96	1.01882
64	101	0.920598
64	105	0.850992
64	117	1.05433
64	119	0.857705
64	133	0.863762
64	143	1.07474
64	156	1.07996
64	159	1.08751
64	166	1.07392
64	169	1.0838
64	176	1.08277
64	177	1.09109
64	178	1.09925
64	179	1.07264
65	10	1.0426
65	39	1.05496
65	41	1.00211
65	72	0.931804
65	80	0.938996
65	84	0.985502
65	93	0.95376
65	125	1.03932
65	134	0.975843
65	137	0.966526
65	148	0.977179
65	151	1.02709
65	157	1.12957
65	167	0.970728
65	170	1.00396
65	176	1.04883
65	178	0.998523
65	180	0.961814
66	37	1.0415
66	82	0.983459
66	89	0.881909
66	92	0.968067
66	109	0.945662
66	120	1.00327
66	126	1.01674
66	143	1.03408
66	157	1.1114
66	160	1.00965
66	164	0.962268
66	168	0.970908
66	169	0.997394
66	171	1.03448
66	174	0.978488
66	178	0.980349
66	179	1.04185
66	180	1.04773
67	1	1.03805
67	3	1.01604
67	7	1.03415
67	31	0.920368
67	36	0.918441
67	44	0.985462
67	50	0.942609
67	64	0.932502
67	86	0.903358
67	104	1.05336
67	115	1.03914
67	117	1.07279
67	136	0.988756
67	151	0.999401
67	167	1.06203
67	168	1.07899
67	176	1.05471
67	180	0.96769
68	6	1.14218
68	14	1.09611
68	20	1.03013
68	27	1.00081
68	91	1.11945
68	94	1.08188
68	111	0.999129
68	132	1.09969
68	133	1.09455
68	136	0.915619
68	138	0.881236
68	143	0.913123
68	160	0.88869
68	167	0.917023
68	177	0.914472
68	178	0.85939
68	179	0.92089
68	180	1.13607
69	9	0.875892
69	30	1.02777
69	33	1.05385
69	52	0.917346
69	63	0.953747
69	73	0.92166
69	81	0.981265
69	99	0.963003
69	102	1.14894
69	111	1.12589
69	125	0.979341
69	128	0.977179
69	154	1.01991
69	167	1.05373
69	169	1.01314
69	175	1.04098
69	178	0.996098
69	180	0.959389
70	90	0.94965
70	116	0.961274
70	130	0.967709
70	135	0.986527
70	142	0.975865
70	143	1.05071
70	144	0.976184
70	146	0.98679
70	147	0.988605
70	149	1.0109
70	150	0.995438
70	152	0.979286
70	156	1.04443
70	173	1.04526
70	176	0.983041
70	177	1.05206
70	178	0.99698
70	179	1.05848
71	27	1.12584
71	39	0.89126
71	47	1.03825
71	79	1.01649
71	89	1.2067
71	93	1.06777
71	102	0.836651
71	131	0.937546
71	138	1.00495
71	161	0.980154
71	163	0.985013
71	164	1.02814
71	171	0.980111
71	172	0.96254
71	175	0.980991
71	177	0.987502
71	178	0.995656
71	179	0.969048
72	10	1.00328
72	39	1.01564
72	41	0.962784
72	54	0.908456
72	65	0.931804
72	80	0.899675
72	84	0.946181
72	93	0.914439
72	100	1.02128
72	137	0.927205
72	148	0.937857
72	157	1.16454
72	167	0.931407
72	171	1.08762
72	174	1.10307
72	175	1.07837
72	176	1.0838
72	179	1.09499
72	180	0.99678
73	9	0.840613
73	30	0.992496
73	33	1.01857
73	52	0.882067
73	53	0.897131
73	69	0.92166
73	81	0.945986
73	99	0.927725
73	102	1.11366
73	128	0.941901
73	132	0.96306
73	141	0.955128
73	153	1.12815
73	168	1.11047
73	169	1.05292
73	171	1.09001
73	174	1.10547
73	176	1.08619
73	178	1.03588
74	25	1.01146
74	35	0.863557
74	48	1.01344
74	62	0.968974
74	78	0.880359
74	83	0.934905
74	85	1.04186
74	95	0.949783
74	97	0.96335
74	116	1.0232
74	129	0.978958
74	138	1.08075
74	157	0.88417
74	159	1.09493
74	164	0.909183
74	167	1.11654
74	169	1.07595
74	175	1.10379
74	177	1.11399
75	39	0.997408
75	62	1.07274
75	90	1.18914
75	114	1.13943
75	129	1.05976
75	149	1.06002
75	150	1.07511
75	155	0.940193
75	159	0.946012
75	161	0.942248
75	163	0.947108
75	170	0.970183
75	172	0.924635
75	173	0.951074
75	175	0.943085
75	177	0.949596
75	178	0.957751
75	179	0.931143
75	180	0.996972
76	15	0.954784
76	17	0.904138
76	23	0.978092
76	34	0.983972
76	42	0.937186
76	55	1.12275
76	88	0.989529
76	112	0.927024
76	115	1.06998
76	118	0.960684
76	119	0.933462
76	126	0.953496
76	127	0.950679
76	128	0.926953
76	132	1.01534
76	145	1.11168
76	151	1.06381
76	153	1.12751
76	179	1.09674
77	4	1.07273
77	28	0.985839
77	59	1.06911
77	87	1.04391
77	106	1.0016
77	107	1.07574
77	110	1.0462
77	121	1.05745
77	123	0.997874
77	131	1.00395
77	148	0.95863
77	166	0.980228
77	167	0.964232
77	168	0.981193
77	170	0.912032
77	174	0.976185
77	176	1.04558
77	179	0.968099
77	180	0.86989
78	25	1.01502
78	35	0.867118
78	46	0.927746
78	48	1.017
78	62	0.972535
78	74	0.880359
78	83	0.938465
78	85	1.04542
78	95	0.953344
78	103	1.23084
78	115	1.0559
78	129	0.982519
78	136	1.07739
78	157	0.887731
78	160	1.05046
78	164	0.912743
78	174	1.09074
78	178	1.02116
78	179	1.08266
79	34	0.85149
79	59	0.921968
79	71	1.01649
79	80	0.986954
79	96	1.07618
79	106	1.0132
79	124	0.924397
79	129	0.896788
79	133	0.921128
79	153	1.02215
79	155	1.03732
79	160	1.03687
79	166	1.02955
79	171	1.03933
79	173	1.0482
79	175	1.04021
79	177	1.04673
79	178	1.05488
79	179	1.02827
80	10	1.01047
80	41	0.969976
80	54	0.915649
80	65	0.938996
80	72	0.899675
80	79	0.986954
80	84	0.953374
80	93	0.921632
80	100	1.02847
80	122	1.34303
80	134	0.943714
80	137	0.934397
80	148	0.94505
80	151	1.03006
80	161	1.04502
80	167	0.938599
80	168	1.07608
80	171	1.05562
80	174	1.07107
81	9	0.900218
81	30	1.0521
81	33	1.07818
81	52	0.941672
81	53	0.956736
81	63	0.978074
81	69	0.981265
81	73	0.945986
81	99	0.98733
81	102	1.17327
81	111	1.05623
81	125	1.00367
81	128	1.00151
81	148	0.978463
81	153	1.0187
81	157	1.05748
81	160	0.955731
81	162	0.972486
81	166	1.00006
81	175	0.971316
82	19	0.976191
82	21	1.12404
82	37	1.04199
82	38	1.05133
82	45	0.995565
82	66	0.983459
82	89	0.882399
82	90	0.774446
82	92	0.968557
82	108	1.11404
82	109	0.946153
82	124	1.00312
82	132	0.95734
82	151	1.00581
82	153	1.06951
82	165	1.02446
82	167	1.03487
82	174	0.978979
82	176	1.02755
82	180	1.04822
83	25	1.06956
83	35	0.921663
83	46	0.982291
83	48	1.07155
83	62	1.02708
83	74	0.934905
83	78	0.938465
83	85	1.09997
83	95	1.00789
83	129	1.03706
83	136	1.02806
83	138	0.993674
83	157	0.942276
83	160	1.00113
83	164	0.967289
83	165	1.01905
83	173	1.0201
83	174	1.04141
83	178	0.971828
83	180	0.93512
84	10	1.05697
84	39	1.06934
84	41	1.01648
84	54	0.962155
84	65	0.985502
84	72	0.946181
84	80	0.953374
84	93	0.968138
84	100	1.07498
84	116	0.932707
84	134	0.99022
84	148	0.991556
84	160	0.997712
84	161	1.01195
84	163	1.02955
84	167	0.985106
84	170	0.973845
84	171	1.02255
84	176	1.01872
84	177	1.02349
85	35	1.02862
85	46	1.08925
85	48	1.1785
85	49	0.840548
85	62	1.13404
85	74	1.04186
85	78	1.04542
85	83	1.09997
85	95	1.11485
85	129	1.14402
85	138	0.865514
85	139	0.895674
85	141	0.879792
85	143	0.897402
85	157	1.04923
85	161	0.887206
85	164	1.07425
85	172	0.937124
85	174	0.913255
85	176	0.893978
86	1	0.965019
86	3	0.943013
86	7	0.961121
86	16	1.16691
86	31	0.847337
86	36	0.84541
86	44	0.912431
86	50	0.869578
86	60	1.07867
86	67	0.903358
86	97	0.940114
86	100	0.990199
86	104	0.980327
86	128	1.1117
86	136	0.915725
86	137	1.19448
86	151	0.92637
86	162	1.14703
86	167	1.15861
86	173	1.14925
87	24	1.05526
87	57	0.964721
87	77	1.04391
87	106	0.955437
87	107	1.02957
87	110	1.00003
87	113	1.00087
87	114	0.976988
87	121	1.01128
87	123	0.951706
87	128	0.954373
87	141	1.01081
87	145	1.02008
87	163	1.00478
87	166	1.01727
87	168	1.01824
87	173	0.991917
87	176	0.999415
87	177	0.998723
87	179	1.00514
88	17	1.03718
88	23	1.11114
88	47	1.01225
88	60	0.879553
88	76	0.989529
88	98	1.06312
88	111	0.980594
88	112	1.06007
88	118	1.09373
88	119	1.06651
88	127	1.08372
88	134	1.05157
88	139	0.953856
88	145	0.978292
88	155	0.94695
88	159	0.937873
88	162	0.947905
88	165	1.0506
88	170	0.907283
88	177	0.956933
88	178	0.901851
89	19	0.874641
89	21	1.02249
89	26	0.959897
89	45	0.894015
89	66	0.881909
89	71	1.2067
89	82	0.882399
89	92	0.867007
89	109	0.844603
89	120	0.902207
89	126	0.915678
89	148	1.21643
89	151	1.19297
89	154	1.18821
89	162	1.21046
89	164	0.861208
89	165	1.21162
89	168	0.869848
89	169	1.18145
89	174	0.877429
89	180	0.946671
90	58	0.987263
90	70	0.94965
90	75	1.18914
90	82	0.774446
90	126	1.03994
90	130	0.952363
90	135	0.971181
90	140	0.981571
90	142	0.960519
90	144	0.960838
90	146	0.971445
90	147	0.97326
90	149	0.995559
90	150	0.980092
90	152	0.96394
90	157	1.17175
90	167	0.952318
90	175	1.08559
90	178	1.0407
90	179	1.1022
90	180	1.00399
91	6	1.10199
91	14	1.05592
91	20	0.989938
91	27	0.960614
91	29	1.08519
91	40	1.07655
91	68	1.11945
91	94	1.04169
91	111	0.958936
91	115	0.950689
91	132	1.0595
91	133	1.05435
91	136	0.972172
91	145	0.992384
91	146	0.649488
91	154	0.939754
91	159	0.951966
91	163	0.977084
91	172	1.0094
91	176	0.966252
91	180	1.09587
92	11	0.992889
92	18	0.946798
92	38	1.03593
92	64	0.909859
92	66	0.968067
92	82	0.968557
92	89	0.867007
92	103	1.19144
92	109	0.93076
92	120	0.988365
92	126	1.00184
92	131	1.09745
92	137	1.07527
92	148	1.03379
92	158	1.05099
92	160	1.01106
92	164	0.947366
92	167	1.03939
92	168	0.956006
92	174	0.963586
92	180	1.03283
93	10	1.02523
93	39	1.03759
93	41	0.984741
93	54	0.930413
93	65	0.95376
93	71	1.06777
93	72	0.914439
93	80	0.921632
93	84	0.968138
93	100	1.04323
93	116	0.989774
93	128	1.03621
93	131	1.14117
93	132	1.00558
93	134	0.958478
93	137	0.949161
93	148	0.959814
93	165	1.0727
93	167	0.953364
93	175	1.07036
93	178	1.02548
94	6	1.06443
94	14	1.01835
94	20	0.952374
94	27	0.92305
94	29	1.04763
94	40	1.03898
94	68	1.08188
94	91	1.04169
94	110	0.674592
94	111	0.921371
94	122	1.26183
94	124	1.01321
94	131	1.03598
94	132	1.02193
94	133	1.01679
94	139	0.972295
94	159	0.956312
94	162	0.966344
94	163	0.98143
94	174	0.989876
94	176	0.970599
94	180	1.05831
95	25	1.08444
95	35	0.936542
95	46	0.99717
95	48	1.08643
95	62	1.04196
95	74	0.949783
95	78	0.953344
95	83	1.00789
95	85	1.11485
95	97	1.03633
95	117	1.01116
95	128	0.953501
95	129	1.05194
95	148	0.9948
95	151	0.97134
95	156	0.990219
95	157	0.957155
95	163	1.00391
95	164	0.982168
95	175	0.987653
95	176	0.993078
95	180	0.90606
96	2	0.976385
96	5	0.97231
96	13	0.978031
96	32	0.874356
96	51	0.898807
96	61	0.96456
96	64	1.01882
96	79	1.07618
96	105	0.970943
96	115	1.12546
96	124	0.950461
96	125	0.94019
96	129	0.979876
96	133	0.954042
96	143	1.14445
96	157	0.885088
96	165	0.92863
96	167	1.14835
96	169	1.10776
96	170	1.09615
96	174	0.926322
96	178	1.09071
97	2	0.92345
97	3	1.0528
97	9	1.18911
97	21	0.861179
97	25	1.09801
97	26	0.908611
97	35	0.950109
97	50	0.979365
97	57	1.01239
97	61	0.945497
97	74	0.96335
97	86	0.940114
97	95	1.03633
97	104	1.09011
97	121	0.969284
97	144	1.00592
97	147	0.980508
97	158	1.01759
97	163	1.03133
97	166	1.01665
97	172	1.00886
97	179	1.01537
98	15	1.02838
98	17	0.977733
98	23	1.05169
98	34	1.05757
98	42	1.01078
98	47	0.9528
98	55	1.01053
98	88	1.06312
98	112	1.00062
98	118	1.03428
98	119	1.00706
98	127	1.02427
98	128	1.00055
98	137	1.01652
98	151	0.951584
98	163	0.984153
98	165	0.99115
98	167	0.980646
98	174	0.992599
98	176	0.973322
98	177	0.978095
98	178	0.923013
99	9	0.881957
99	30	1.03384
99	33	1.05991
99	49	0.961436
99	52	0.923411
99	53	0.938475
99	63	0.959812
99	69	0.963003
99	73	0.927725
99	81	0.98733
99	102	1.15501
99	111	1.09435
99	125	0.985406
99	128	0.983244
99	132	1.0044
99	141	0.996472
99	155	1.00966
99	157	1.09561
99	165	1.01178
99	170	0.969989
99	171	1.01869
99	174	1.03414
99	176	1.01487
100	44	1.0723
100	72	1.02128
100	80	1.02847
100	84	1.07498
100	86	0.990199
100	93	1.04323
100	104	1.1402
100	106	1.0316
100	107	1.10573
100	113	1.07704
100	114	1.05315
100	151	1.08624
100	155	0.923983
100	158	0.948115
100	165	0.926103
100	166	0.952513
100	169	0.895928
100	171	0.933019
100	173	0.92716
100	175	0.923768
100	176	1.07558
100	179	0.940384
100	180	0.842175
101	16	1.05844
101	64	0.920598
101	129	1.02258
101	130	0.967233
101	132	0.972598
101	135	0.986051
101	136	0.982584
101	140	0.99644
101	142	0.975389
101	144	0.975708
101	145	1.06894
101	146	0.986314
101	147	0.988129
101	149	1.01043
101	150	0.994962
101	152	0.97881
101	155	1.03759
101	158	1.06173
101	164	0.952806
101	172	1.08595
101	176	0.982565
101	177	1.04758
101	180	0.955786
102	9	1.0679
102	30	1.21978
102	52	1.10935
102	53	1.12441
102	63	1.14575
102	69	1.14894
102	71	0.836651
102	73	1.11366
102	81	1.17327
102	99	1.15501
102	116	0.758652
102	128	1.16918
102	132	1.19034
102	141	1.18241
102	145	0.870799
102	151	0.822928
102	158	0.863589
102	167	0.851991
102	168	0.868952
102	172	0.887813
102	176	0.844667
102	177	0.84944
102	180	0.757649
103	11	1.11782
103	34	1.07571
103	43	1.13621
103	48	1.11307
103	57	1.18821
103	78	1.23084
103	92	1.19144
103	115	0.918454
103	133	1.14534
103	155	0.916606
103	157	0.862909
103	159	0.922425
103	160	0.916149
103	162	0.902913
103	163	0.923521
103	166	0.908835
103	170	0.946596
103	172	0.901048
103	173	0.927487
103	175	0.919498
103	177	0.92601
103	178	0.934164
103	180	0.973385
104	1	1.11502
104	3	1.09301
104	7	1.11112
104	31	0.997337
104	36	0.99541
104	44	1.06243
104	50	1.01958
104	67	1.05336
104	86	0.980327
104	97	1.09011
104	100	1.1402
104	136	1.06572
104	151	1.07637
104	158	0.948026
104	161	0.922332
104	166	0.952423
104	167	0.936428
104	173	0.92707
104	174	0.948381
104	175	0.923678
104	177	0.933876
104	178	0.878794
104	180	0.842086
105	2	1.06869
105	5	1.06462
105	13	1.07034
105	32	0.966664
105	51	0.991114
105	61	1.05687
105	64	0.850992
105	96	0.970943
105	115	0.957634
105	124	1.04277
105	125	1.0325
105	129	1.07218
105	133	1.04635
105	137	1.0164
105	145	0.99933
105	151	0.95146
105	154	0.9467
105	155	0.967988
105	157	0.977396
105	161	0.966427
105	165	1.02094
105	171	0.977024
105	174	1.01863
105	177	0.977971
106	8	0.971142
106	22	0.947323
106	24	1.01295
106	28	0.897365
106	59	0.980641
106	77	1.0016
106	79	1.0132
106	87	0.955437
106	100	1.0316
106	110	0.957722
106	113	0.958566
106	114	0.934681
106	121	0.968975
106	123	0.909399
106	131	0.91548
106	148	1.07976
106	155	1.07283
106	161	1.07127
106	162	1.07379
106	167	1.08536
106	174	1.09732
106	176	0.957109
106	178	1.02773
106	179	1.08923
107	8	1.04527
107	28	0.971498
107	57	0.996548
107	58	0.685769
107	59	1.05477
107	77	1.07574
107	87	1.02957
107	100	1.10573
107	110	1.03186
107	113	1.0327
107	114	1.00881
107	121	1.04311
107	123	0.983532
107	131	0.989613
107	136	0.999698
107	138	0.965315
107	153	1.03574
107	159	0.979492
107	165	0.990689
107	168	1.01806
107	175	0.988354
107	176	1.03124
107	178	0.94347
107	179	1.00497
108	2	1.02639
108	6	0.944462
108	28	1.2015
108	39	0.985773
108	82	1.11404
108	112	1.08486
108	116	1.00192
108	135	1.09068
108	147	1.08345
108	148	0.94532
108	150	1.06347
108	154	0.962249
108	155	0.953171
108	156	0.95144
108	158	0.946347
108	159	0.95899
108	161	0.955227
108	163	0.960086
108	169	0.955277
108	170	0.983162
108	173	0.964052
108	175	0.956064
108	177	0.962575
108	179	0.944122
109	11	0.970485
109	18	0.924393
109	19	0.938394
109	21	1.08624
109	26	1.02365
109	38	1.01353
109	66	0.945662
109	82	0.946153
109	89	0.844603
109	92	0.93076
109	117	1.10862
109	120	0.965961
109	122	1.38177
109	128	1.05096
109	132	1.02033
109	148	1.09226
109	152	0.785539
109	161	1.08377
109	164	0.924961
109	168	0.933601
109	170	1.04566
109	174	0.941182
109	178	1.04023
109	180	1.01042
110	4	1.02885
110	22	0.991915
110	24	1.05755
110	28	0.941957
110	57	0.967006
110	59	1.02523
110	77	1.0462
110	87	1.00003
110	94	0.674592
110	106	0.957722
110	107	1.03186
110	113	1.00316
110	114	0.979273
110	121	1.01357
110	123	0.953991
110	154	1.02161
110	157	1.12885
110	168	1.07239
110	169	1.01484
110	170	1.00323
110	172	1.09125
110	173	1.04607
110	176	1.0017
110	178	0.997795
110	180	0.961086
111	7	1.01853
111	17	0.895203
111	29	0.964872
111	35	1.19809
111	47	0.87027
111	54	1.14477
111	68	0.999129
111	69	1.12589
111	81	1.05623
111	88	0.980594
111	91	0.958936
111	94	0.921371
111	99	1.09435
111	112	0.918089
111	124	0.930451
111	127	0.941744
111	130	1.13297
111	146	1.10683
111	152	1.1186
111	170	0.948765
111	171	0.920788
111	177	0.928179
111	178	0.936333
111	179	0.909725
111	180	0.975554
112	15	1.02532
112	17	0.974676
112	23	1.04863
112	34	1.05451
112	42	1.00772
112	47	0.949743
112	76	0.927024
112	88	1.06007
112	98	1.00062
112	108	1.08486
112	111	0.918089
112	118	1.03122
112	119	1.004
112	127	1.02122
112	134	0.989061
112	160	0.977356
112	165	0.988093
112	166	1.02169
112	168	1.02265
112	170	0.953489
112	172	1.04151
112	173	0.996333
112	175	0.992941
112	179	1.00956
112	180	0.911348
113	4	1.0297
113	8	1.01658
113	22	0.992759
113	28	0.942801
113	57	0.96785
113	59	1.02608
113	87	1.00087
113	100	1.07704
113	106	0.958566
113	107	1.0327
113	110	1.00316
113	114	0.980117
113	121	1.01441
113	123	0.954835
113	125	0.988206
113	137	1.04092
113	139	0.999413
113	143	1.00114
113	148	0.999439
113	151	0.975979
113	161	0.990946
113	165	0.994627
113	166	1.02104
113	171	1.00154
113	176	1.00254
114	4	1.00581
114	22	0.968874
114	28	0.918915
114	57	0.943965
114	59	1.00219
114	75	1.13943
114	87	0.976988
114	100	1.05315
114	106	0.934681
114	107	1.00881
114	110	0.979273
114	113	0.980117
114	116	0.955285
114	121	0.990526
114	123	0.93095
114	131	0.937031
114	136	1.04722
114	141	0.990053
114	148	1.04302
114	165	1.03821
114	167	1.04862
114	174	1.06058
114	175	1.03587
114	176	0.978659
114	178	0.99099
114	179	1.05249
115	12	0.94556
115	25	0.925228
115	67	1.03914
115	76	1.06998
115	78	1.0559
115	91	0.950689
115	96	1.12546
115	103	0.918454
115	105	0.957634
115	138	1.02764
115	141	1.01325
115	147	0.981388
115	149	0.946323
115	156	0.999052
115	160	1.00033
115	163	1.0077
115	167	0.986481
115	169	1.00289
115	170	1.03077
115	171	1.0028
115	172	0.985225
115	173	1.01166
115	175	1.00368
115	178	1.01834
115	179	0.991733
116	53	1.01612
116	70	0.961274
116	74	1.0232
116	84	0.932707
116	93	0.989774
116	102	0.758652
116	108	1.00192
116	114	0.955285
116	122	0.91133
116	127	0.871665
116	130	0.967468
116	142	0.965667
116	152	0.953096
116	155	1.04768
116	156	1.04595
116	159	1.0535
116	160	1.04723
116	162	1.03399
116	166	1.03991
116	169	1.04979
116	170	1.07767
116	172	1.03212
116	175	1.05057
116	178	1.06524
116	179	1.03863
116	180	1.10446
117	2	0.957978
117	22	1.06852
117	46	1.02927
117	55	0.934414
117	64	1.05433
117	67	1.07279
117	95	1.01116
117	109	1.10862
117	119	0.997996
117	124	1.00732
117	130	1.07157
117	139	0.987436
117	142	1.06977
117	154	0.980646
117	158	0.964744
117	160	0.971112
117	162	0.957875
117	163	0.978483
117	167	0.957267
117	168	0.951525
117	173	0.982449
117	175	0.974461
117	176	0.972645
117	177	0.980972
117	178	0.989127
117	179	0.962519
118	15	1.05898
118	23	1.08229
118	34	1.08817
118	42	1.04138
118	47	0.983403
118	48	0.627728
118	76	0.960684
118	88	1.09373
118	98	1.03428
118	112	1.03122
118	119	1.03766
118	124	0.663271
118	126	1.05769
118	127	1.05488
118	128	1.03115
118	131	1.08353
118	134	1.02272
118	136	1.02407
118	138	0.989682
118	151	0.996407
118	155	1.01294
118	160	0.997136
118	165	1.02175
118	169	0.984881
118	175	1.01272
118	176	1.01815
119	15	1.03176
119	17	0.981114
119	23	1.05507
119	34	1.06095
119	42	1.01416
119	47	0.956181
119	64	0.857705
119	76	0.933462
119	88	1.06651
119	98	1.00706
119	112	1.004
119	117	0.997996
119	118	1.03766
119	126	1.03047
119	127	1.02765
119	128	1.00393
119	134	0.995499
119	153	1.02187
119	154	0.953413
119	162	0.975657
119	163	0.990742
119	165	0.994531
119	166	1.00323
119	168	1.0042
119	172	1.02306
119	174	0.999188
119	177	0.984684
120	11	1.02809
120	18	0.981998
120	26	1.08125
120	37	1.0618
120	38	1.07113
120	45	1.01537
120	49	0.92654
120	66	1.00327
120	89	0.902207
120	92	0.988365
120	109	0.965961
120	124	1.02293
120	126	1.03704
120	131	1.04535
120	136	0.985889
120	154	0.953471
120	155	0.974759
120	158	0.998892
120	159	0.965683
120	164	0.982566
120	168	0.991206
120	172	1.02312
120	174	0.998787
120	175	0.974544
120	176	0.979969
120	177	0.984742
120	180	1.06803
121	4	1.0401
121	22	1.00317
121	24	1.0688
121	57	0.978259
121	59	1.03649
121	77	1.05745
121	87	1.01128
121	97	0.969284
121	106	0.968975
121	107	1.04311
121	110	1.01357
121	113	1.01441
121	114	0.990526
121	123	0.965244
121	125	0.976217
121	131	0.971324
121	132	0.915521
121	137	1.02893
121	138	0.957264
121	139	0.987424
121	141	1.02435
121	153	1.02769
121	171	0.989554
121	172	1.02887
121	176	1.01295
121	178	0.935419
121	179	0.996919
122	24	1.16714
122	47	1.33749
122	80	1.34303
122	94	1.26183
122	109	1.38177
122	116	0.91133
122	124	1.28047
122	134	1.29706
122	143	0.855627
122	151	0.874321
122	153	0.847408
122	156	0.860851
122	159	0.868401
122	164	1.32739
122	166	0.854811
122	169	0.864688
122	170	0.892572
122	171	0.864595
122	172	0.847024
122	173	0.873463
122	174	0.850119
122	175	0.865474
122	176	0.863658
122	177	0.871986
122	178	0.88014
122	179	0.853532
123	4	0.980529
123	22	0.943592
123	24	1.00922
123	28	0.893634
123	55	1.11426
123	57	0.918684
123	59	0.976909
123	77	0.997874
123	87	0.951706
123	106	0.909399
123	107	0.983532
123	110	0.953991
123	113	0.954835
123	114	0.93095
123	121	0.965244
123	128	1.03748
123	131	0.911749
123	136	1.08298
123	139	1.07875
123	141	0.964772
123	155	1.07185
123	168	1.10134
123	172	1.1202
123	174	1.09633
123	176	0.953378
123	177	1.08183
123	178	1.02675
124	6	1.07351
124	16	1.00487
124	29	1.05671
124	37	1.06116
124	45	1.01473
124	49	0.935807
124	51	0.970632
124	79	0.924397
124	82	1.00312
124	94	1.01321
124	96	0.950461
124	105	1.04277
124	111	0.930451
124	117	1.00732
124	118	0.663271
124	120	1.02293
124	122	1.28047
124	125	1.01202
124	133	1.02587
124	138	0.960773
124	153	1.0312
124	157	0.956913
124	166	1.01256
124	167	0.996561
124	174	0.998147
124	176	0.989236
124	180	1.06739
125	32	0.935911
125	35	1.1091
125	36	1.11547
125	38	0.928413
125	45	0.983457
125	50	1.05909
125	53	0.954813
125	63	0.97615
125	65	1.03932
125	69	0.979341
125	81	1.00367
125	96	0.94019
125	99	0.985406
125	105	1.0325
125	113	0.988206
125	121	0.976217
125	124	1.01202
125	146	1.01784
125	149	0.952376
125	161	1.00239
125	164	1.02664
125	165	0.990184
125	171	1.00235
125	172	0.984782
125	174	0.987876
125	175	1.00323
125	178	1.0179
125	179	0.99129
126	15	1.05179
126	20	0.989164
126	29	0.922898
126	39	0.848207
126	46	0.960113
126	53	1.05106
126	66	1.01674
126	76	0.953496
126	89	0.915678
126	90	1.03994
126	92	1.00184
126	118	1.05769
126	119	1.03047
126	120	1.03704
126	127	1.04769
126	135	0.953115
126	140	0.984065
126	142	1.00061
126	144	0.971291
126	147	0.945882
126	150	0.925908
126	158	1.0179
126	165	1.01456
126	169	1.02683
126	170	1.05471
126	177	1.03412
126	178	1.04228
126	179	1.01567
126	180	1.0815
127	15	1.04898
127	17	0.998331
127	23	1.07229
127	34	1.07817
127	42	1.03138
127	47	0.973398
127	76	0.950679
127	88	1.08372
127	98	1.02427
127	111	0.941744
127	112	1.02122
127	116	0.871665
127	118	1.05488
127	119	1.02765
127	126	1.04769
127	128	1.02115
127	131	1.02306
127	134	1.01272
127	137	1.00088
127	141	0.943494
127	145	0.983811
127	154	0.931181
127	157	1.03842
127	165	1.01175
127	168	0.981965
127	169	0.924415
127	172	1.00083
127	175	0.952254
127	177	0.962452
128	22	1.01085
128	53	0.952651
128	69	0.977179
128	73	0.941901
128	76	0.926953
128	81	1.00151
128	86	1.1117
128	87	0.954373
128	93	1.03621
128	95	0.953501
128	98	1.00055
128	99	0.983244
128	102	1.16918
128	109	1.05096
128	118	1.03115
128	119	1.00393
128	123	1.03748
128	127	1.02115
128	129	0.922051
128	144	0.982783
128	150	0.9374
128	152	0.999534
128	158	0.991353
128	160	0.997721
128	164	0.996578
128	165	0.988022
128	175	1.00107
128	177	1.00758
128	178	1.01574
128	179	0.989128
129	13	1.07927
129	31	1.10766
129	35	0.965716
129	61	1.0658
129	74	0.978958
129	75	1.05976
129	78	0.982519
129	79	0.896788
129	83	1.03706
129	85	1.14402
129	95	1.05194
129	96	0.979876
129	101	1.02258
129	105	1.07218
129	128	0.922051
129	132	0.891421
129	138	0.933164
129	142	1.03393
129	144	1.03424
129	146	1.04485
129	150	1.0535
129	152	1.03735
129	157	0.986329
129	161	0.954856
129	163	0.972459
129	165	1.02987
129	170	0.916752
129	173	0.959595
129	175	0.956203
129	177	0.966401
129	180	0.87461
130	43	0.981691
130	56	0.943545
130	58	1.00532
130	60	0.980876
130	70	0.967709
130	90	0.952363
130	101	0.967233
130	111	1.13297
130	116	0.967468
130	117	1.07157
130	131	0.944126
130	133	0.999935
130	138	1.02502
130	139	1.05518
130	140	0.999629
130	141	1.0393
130	142	0.978578
130	144	0.978897
130	146	0.989503
130	147	0.991318
130	149	1.01362
130	150	0.998151
130	152	0.981999
130	158	1.0724
130	159	1.0392
130	164	0.955995
130	168	0.964634
130	170	1.00861
130	173	1.05145
130	176	0.985754
130	180	0.966464
131	18	1.08718
131	22	0.949673
131	26	0.990437
131	29	1.03935
131	42	1.0985
131	49	1.0324
131	54	1.13067
131	61	1.02732
131	71	0.937546
131	77	1.00395
131	92	1.09745
131	93	1.14117
131	94	1.03598
131	106	0.91548
131	107	0.989613
131	114	0.937031
131	118	1.08353
131	120	1.04535
131	121	0.971324
131	123	0.911749
131	127	1.02306
131	130	0.944126
131	142	0.952281
131	147	0.965022
131	150	0.971855
131	152	0.955703
131	162	0.944689
131	169	0.960488
131	171	0.960395
131	175	0.961274
131	176	0.959458
131	178	0.97594
132	23	0.858261
132	27	0.940856
132	29	1.06543
132	33	1.09525
132	42	0.962915
132	52	0.958746
132	59	0.916601
132	63	0.995148
132	68	1.09969
132	73	0.96306
132	76	1.01534
132	82	0.95734
132	91	1.0595
132	93	1.00558
132	94	1.02193
132	99	1.0044
132	101	0.972598
132	102	1.19034
132	109	1.02033
132	121	0.915521
132	129	0.891421
132	135	0.933977
132	140	0.964927
132	142	0.981474
132	154	1.02841
132	155	1.01934
132	161	1.02139
132	171	1.02135
132	177	1.02874
132	179	1.01029
132	180	1.07612
133	27	0.93571
133	32	0.949762
133	51	0.974213
133	64	0.863762
133	68	1.09455
133	79	0.921128
133	91	1.05435
133	94	1.01679
133	96	0.954042
133	103	1.14534
133	105	1.04635
133	124	1.02587
133	130	0.999935
133	139	0.987664
133	140	1.02914
133	144	1.00841
133	146	1.01902
133	149	1.04313
133	152	1.01151
133	153	1.02793
133	155	0.980758
133	157	0.960494
133	161	0.979196
133	165	1.00404
133	166	1.00929
133	169	0.952703
133	171	0.989794
133	172	1.02911
133	174	1.00173
133	177	0.99074
133	178	0.935658
133	180	1.07097
134	42	0.999223
134	47	0.941242
134	54	0.952495
134	65	0.975843
134	80	0.943714
134	84	0.99022
134	88	1.05157
134	93	0.958478
134	112	0.989061
134	118	1.02272
134	119	0.995499
134	122	1.29706
134	127	1.01272
134	135	0.994309
134	140	1.0047
134	142	0.983647
134	143	1.00925
134	147	0.996388
134	149	1.01869
134	150	1.00322
134	154	0.979331
134	156	1.00297
134	158	1.02475
134	160	0.984819
134	161	0.999057
134	162	1.00157
134	167	0.975446
134	170	0.960953
134	171	1.00965
134	176	0.990824
134	177	1.0106
134	179	1.01702
134	180	0.918811
135	43	1.00051
135	56	0.962363
135	58	1.02414
135	70	0.986527
135	90	0.971181
135	101	0.986051
135	108	1.09068
135	126	0.953115
135	132	0.933977
135	134	0.994309
135	136	1.00459
135	138	0.97572
135	140	1.01845
135	142	0.997395
135	144	0.997714
135	146	1.00832
135	147	1.01014
135	148	0.995645
135	149	1.03243
135	150	1.01697
135	151	1.01524
135	152	1.00082
135	155	0.998974
135	156	1.00133
135	158	1.02311
135	159	0.989897
135	160	0.983175
135	163	1.01502
135	165	1.00109
135	167	0.989194
135	168	0.983452
135	172	1.04733
135	173	1.00215
135	175	0.998759
135	176	1.00457
136	1	1.05042
136	24	0.881829
136	32	1.13408
136	36	0.930808
136	37	0.911059
136	39	0.905195
136	44	0.997829
136	57	1.03476
136	67	0.988756
136	68	0.915619
136	78	1.07739
136	83	1.02806
136	86	0.915725
136	91	0.972172
136	101	0.982584
136	104	1.06572
136	107	0.999698
136	114	1.04722
136	118	1.02407
136	120	0.985889
136	123	1.08298
136	135	1.00459
136	144	0.994247
136	145	0.993852
136	146	1.00485
136	149	1.02897
136	150	1.0135
136	151	1.01177
136	152	0.997349
