1	8	1.00656
1	21	0.952852
1	27	0.946582
1	40	0.880553
1	43	0.880355
1	46	0.993344
1	49	0.880494
1	50	1.38235
1	53	0.950732
1	97	0.939624
1	134	1.57139
1	168	2.20288
2	14	0.972874
2	19	0.914315
2	28	0.929653
2	32	1.01016
2	48	0.975002
2	51	1.81674
2	74	0.850547
2	80	0.904717
2	81	0.905387
2	85	1.10846
2	92	0.933809
2	173	2.14416
3	89	1.05374
3	91	1.0473
3	100	1.14927
3	109	1.33439
3	114	1.07704
3	129	1.10059
3	151	1.09099
3	154	1.20499
3	163	1.08355
3	171	1.96903
3	173	1.01229
3	177	0.933075
4	18	0.983817
4	23	1.07039
4	35	1.04772
4	58	1.08085
4	61	1.04787
4	64	1.04826
4	127	1.4149
4	131	1.10016
4	140	1.52418
4	141	1.33485
4	153	1.03461
4	154	1.38509
5	24	1.09591
5	94	1.07189
5	98	1.07443
5	108	1.28402
5	118	1.03542
5	119	1.07483
5	123	1.07615
5	137	0.990913
5	143	1.02697
5	165	1.52893
5	174	1.90862
5	178	0.945185
6	30	1.06221
6	38	1.0704
6	78	1.06465
6	84	0.948194
6	94	1.0713
6	118	1.03482
6	119	1.07423
6	123	1.07556
6	168	1.51165
6	170	1.36869
6	174	1.87954
6	178	0.944594
7	19	1.04243
7	32	1.13828
7	59	1.04707
7	72	1.05987
7	74	0.978664
7	80	1.03283
7	81	1.0335
7	92	1.06193
7	120	1.02825
7	134	1.22682
7	155	1.57842
7	165	1.84652
8	1	1.00656
8	26	0.580858
8	27	1.08374
8	40	1.01771
8	43	1.01751
8	49	1.01765
8	53	1.08789
8	72	1.09353
8	97	1.07678
8	150	1.64311
8	162	1.21592
8	179	2.29258
9	18	0.969222
9	22	1.0922
9	23	1.05579
9	33	1.14371
9	61	1.03327
9	64	1.03367
9	131	1.08556
9	133	1.32416
9	153	1.02002
9	154	0.863052
9	171	1.62709
9	176	1.87009
10	113	1.11681
10	116	1.15259
10	125	1.16554
10	129	1.12924
10	133	1.53938
10	140	1.21736
10	141	1.02804
10	162	1.60453
10	163	1.11219
10	173	1.04094
10	177	0.961725
11	14	0.988846
11	19	0.930287
11	39	0.896106
11	48	0.990974
11	59	0.934928
11	74	0.866519
11	80	0.920689
11	81	0.921359
11	92	0.949781
11	146	1.6224
11	160	1.74816
11	164	1.80459
12	70	0.869516
12	75	0.950657
12	100	1.62766
12	101	1.7069
12	105	0.955983
12	106	0.891564
12	116	0.959841
12	125	0.972793
12	131	0.949811
12	151	0.926891
12	157	1.7669
12	163	0.919451
13	21	1.07718
13	27	1.07091
13	40	1.00488
13	43	1.00469
13	46	1.11768
13	49	1.00482
13	51	0.843291
13	53	1.07506
13	97	1.06396
13	145	0.985165
13	169	1.89443
13	176	1.9284
14	2	0.972874
14	11	0.988846
14	28	1.08237
14	48	1.12772
14	74	1.00326
14	80	1.05743
14	81	1.0581
14	92	1.08652
14	127	0.731496
14	157	0.785211
14	158	1.82515
14	180	2.36193
15	30	1.06956
15	67	0.740453
15	94	1.07865
15	98	1.08118
15	102	1.05843
15	118	1.04217
15	119	1.08158
15	123	1.0829
15	133	1.00959
15	138	1.53832
15	176	2.24489
15	178	0.951939
16	78	1.06137
16	94	1.06803
16	99	1.12675
16	108	1.15911
16	118	1.03155
16	119	1.07096
16	123	1.07228
16	143	1.0231
16	144	1.63023
16	164	1.20557
16	176	1.71343
16	178	0.94132
17	29	1.09363
17	34	1.17198
17	118	1.03112
17	119	1.07053
17	123	1.07185
17	133	0.99854
17	143	1.02267
17	165	0.975823
17	171	1.04224
17	175	1.77384
17	178	0.940887
17	180	1.93845
18	4	0.983817
18	9	0.969222
18	33	1.00465
18	35	0.894068
18	58	0.927193
18	61	0.894211
18	64	0.894608
18	131	0.946503
18	139	1.1075
18	150	1.78253
18	153	0.880954
18	175	2.32472
19	2	0.914315
19	7	1.04243
19	11	0.930287
19	28	1.02381
19	32	1.10432
19	39	0.974289
19	48	1.06916
19	81	0.999541
19	92	1.02796
19	124	1.21841
19	134	1.12424
19	135	1.17397
19	152	2.48012
20	31	0.968813
20	88	1.0517
20	102	0.994596
20	105	1.03198
20	106	0.967561
20	115	0.993432
20	116	1.03584
20	125	1.04879
20	141	1.12379
20	151	1.00289
20	155	1.60355
20	161	2.20786
20	163	0.995448
21	1	0.952852
21	13	1.07718
21	27	1.03004
21	40	0.964007
21	43	0.963809
21	46	1.0768
21	49	0.963948
21	50	0.848679
21	51	0.881724
21	53	1.03419
21	72	1.03982
21	161	1.99363
21	177	2.20667
22	9	1.0922
22	33	1.12763
22	35	1.01704
22	58	1.05017
22	61	1.01719
22	64	1.01758
22	120	1.08937
22	124	1.3821
22	131	1.06948
22	138	1.51048
22	153	1.00393
22	172	1.66816
23	4	1.07039
23	9	1.05579
23	35	0.980639
23	58	1.01376
23	61	0.980782
23	64	0.981179
23	97	1.00658
23	101	1.18598
23	131	1.03307
23	132	1.64973
23	147	1.52462
23	153	0.967526
23	155	1.59199
24	5	1.09591
24	78	1.01202
24	94	1.01867
24	98	1.02121
24	99	1.0774
24	118	0.982195
24	119	1.02161
24	126	1.33657
24	140	1.08326
24	143	0.973746
24	148	1.32532
24	167	2.26572
24	178	0.891964
25	37	1.03619
25	78	1.02681
25	94	1.03346
25	98	1.03599
25	118	0.996982
25	119	1.03639
25	120	0.780536
25	123	1.03772
25	128	1.35214
25	143	0.988533
25	150	1.85463
25	166	2.03646
25	178	0.906751
26	8	0.580858
26	83	1.11343
26	93	1.16365
26	121	0.467737
26	129	0.498345
26	158	1.02642
26	163	0.479032
26	172	1.07187
26	175	0.998336
26	176	1.02246
26	179	0.987363
26	180	0.98741
27	1	0.946582
27	8	1.08374
27	13	1.07091
27	21	1.03004
27	40	0.957737
27	43	0.957539
27	46	1.07053
27	49	0.957678
27	53	1.02792
27	160	1.3057
27	162	1.38923
27	167	2.18453
27	173	1.11232
28	2	0.929653
28	14	1.08237
28	19	1.02381
28	39	0.989627
28	59	1.02845
28	74	0.960039
28	80	1.01421
28	81	1.01488
28	92	1.0433
28	117	1.17009
28	128	1.71542
28	146	1.58144
28	159	1.56047
29	17	1.09363
29	94	1.02069
29	98	1.02322
29	99	1.07941
29	118	0.98421
29	119	1.02362
29	123	1.02494
29	126	1.12481
29	133	0.951633
29	152	2.1662
29	168	1.44182
29	170	1.29886
29	178	0.893979
30	6	1.06221
30	15	1.06956
30	78	0.978911
30	99	1.04429
30	103	0.697372
30	118	0.949087
30	119	0.988496
30	123	0.98982
30	133	0.916509
30	143	0.940637
30	150	1.99012
30	158	2.16013
30	160	1.47941
30	178	0.858856
31	20	0.968813
31	36	0.952917
31	86	0.948387
31	87	1.32964
31	88	1.03174
31	100	1.03704
31	106	0.947604
31	113	0.980105
31	115	0.973474
31	116	1.01588
31	131	1.00585
31	163	0.97549
31	165	1.79038
31	176	2.0998
32	2	1.01016
32	7	1.13828
32	19	1.10432
32	39	1.07014
32	59	1.10896
32	74	1.04055
32	80	1.09472
32	81	1.09539
32	92	1.12381
32	109	1.1417
32	110	1.22152
32	124	1.18439
32	135	1.13995
32	166	2.14758
33	9	1.14371
33	18	1.00465
33	22	1.12763
33	58	1.10168
33	61	1.0687
33	64	1.0691
33	87	0.93734
33	97	1.09449
33	131	1.12099
33	134	0.778379
33	140	0.839548
33	153	1.05544
33	177	1.94733
33	179	2.30338
34	17	1.17198
34	78	1.09238
34	98	1.10157
34	99	1.15776
34	118	1.06256
34	119	1.10197
34	123	1.10329
34	133	1.02998
34	137	1.05738
34	138	1.19824
34	157	0.9813
34	160	1.34051
34	167	2.21933
34	178	0.97233
35	4	1.04772
35	18	0.894068
35	22	1.01704
35	23	0.980639
35	58	0.9911
35	61	0.958118
35	64	0.958515
35	97	0.983913
35	131	1.01041
35	150	1.93071
35	153	0.944861
35	157	1.06078
35	159	1.27327
35	178	2.07038
36	31	0.952917
36	62	0.957832
36	70	0.929617
36	73	0.6804
36	105	1.01608
36	106	0.951665
36	113	0.984167
36	115	0.977536
36	116	1.01994
36	125	1.03289
36	136	1.58161
36	163	0.979552
36	177	2.09173
36	178	1.93798
37	25	1.03619
37	38	0.996481
37	79	1.50073
37	98	0.999915
37	99	1.05611
37	108	1.6572
37	118	0.960903
37	119	1.00031
37	123	1.00164
37	133	0.928326
37	136	1.94123
37	143	0.952454
37	154	1.20449
37	178	0.870673
38	6	1.0704
38	37	0.996481
38	78	0.987099
38	98	0.996287
38	99	1.05248
38	118	0.957275
38	123	0.998009
38	133	0.924698
38	137	1.00335
38	143	0.948826
38	156	1.51145
38	166	1.97902
38	169	1.81681
38	178	0.867045
39	11	0.896106
39	19	0.974289
39	28	0.989627
39	32	1.07014
39	48	1.03498
39	59	0.978929
39	74	0.91052
39	80	0.964691
39	81	0.96536
39	92	0.993783
39	149	1.37067
39	153	1.21944
39	164	1.69909
39	171	1.96395
40	1	0.880553
40	8	1.01771
40	13	1.00488
40	21	0.964007
40	27	0.957737
40	43	0.89151
40	46	1.0045
40	49	0.891649
40	53	0.961887
40	72	0.967523
40	97	0.95078
40	145	1.27265
40	160	1.65158
40	165	1.90647
40	170	1.77531
41	54	1.06194
41	63	1.14534
41	65	1.03935
41	69	1.1018
41	71	0.990036
41	76	1.04435
41	82	1.04484
41	83	1.01338
41	93	1.0636
41	128	1.34051
41	140	1.02864
41	157	0.973072
41	162	1.41581
41	172	0.971819
41	175	2.38519
42	54	0.97151
42	55	0.987459
42	60	0.948406
42	63	1.0549
42	65	0.948913
42	71	0.899604
42	76	0.953916
42	82	0.954403
42	83	0.922948
42	93	0.973167
42	102	1.03234
42	124	1.38386
42	135	1.33941
42	172	0.881387
42	179	2.81468
43	1	0.880355
43	8	1.01751
43	13	1.00469
43	21	0.963809
43	27	0.957539
43	40	0.89151
43	46	1.0043
43	49	0.891451
43	53	0.961689
43	72	0.967325
43	97	0.950582
43	117	1.27605
43	128	1.82138
43	154	1.37042
43	171	2.13445
44	90	1.09572
44	104	1.04408
44	111	1.07873
44	112	1.0239
44	121	1.08988
44	122	1.0878
44	129	1.08246
44	142	2.01645
44	156	1.07927
44	159	0.707577
44	163	1.06542
44	173	0.994162
44	175	1.90721
44	177	0.914952
44	178	1.50469
45	70	0.900124
45	88	1.00631
45	105	0.986592
45	106	0.922172
45	113	0.954674
45	115	0.948043
45	116	0.990449
45	125	1.0034
45	127	1.38519
45	128	0.876572
45	145	1.41919
45	151	0.9575
45	157	1.43891
45	163	0.950059
45	169	2.32845
46	1	0.993344
46	13	1.11768
46	21	1.0768
46	27	1.07053
46	40	1.0045
46	43	1.0043
46	49	1.00444
46	53	1.07468
46	72	1.08031
46	87	1.1308
46	97	1.06357
46	110	1.10313
46	153	0.913449
46	162	1.42017
46	180	2.55416
47	54	1.07025
47	55	1.0862
47	60	1.04714
47	69	1.11011
47	71	0.998343
47	76	1.05266
47	82	1.05314
47	83	1.02169
47	93	1.07191
47	137	1.37437
47	141	1.16453
47	143	1.33019
47	157	1.29828
47	165	1.91238
47	172	0.980126
48	2	0.975002
48	11	0.990974
48	14	1.12772
48	19	1.06916
48	39	1.03498
48	59	1.0738
48	74	1.00539
48	80	1.05956
48	81	1.06023
48	92	1.08865
48	132	1.39982
48	145	0.976366
48	156	1.58027
48	159	1.20857
48	174	1.98987
49	1	0.880494
49	8	1.01765
49	13	1.00482
49	21	0.963948
49	27	0.957678
49	40	0.891649
49	43	0.891451
49	46	1.00444
49	53	0.961828
49	72	0.967463
49	97	0.95072
49	103	1.36909
49	120	1.58775
49	137	1.868
49	153	1.72793
50	1	1.38235
50	21	0.848679
50	59	0.996002
50	74	0.927593
50	80	0.981763
50	81	0.982433
50	92	1.01086
50	114	0.783403
50	121	0.734084
50	135	1.0101
50	136	0.90762
50	140	1.00599
50	169	0.864491
50	176	0.859291
50	179	0.824197
50	180	0.824244
51	2	1.81674
51	13	0.843291
51	21	0.881724
51	65	0.726322
51	95	0.973827
51	112	0.980595
51	129	1.03916
51	158	0.897186
51	163	1.02212
51	169	0.898423
51	171	0.921995
51	173	0.950861
51	174	0.894901
51	177	0.871651
51	179	0.858129
51	180	0.858176
52	104	1.01231
52	111	1.04696
52	112	0.992128
52	114	1.02715
52	117	0.746599
52	121	1.05811
52	122	1.05603
52	129	1.0507
52	137	1.00057
52	151	1.04109
52	163	1.03365
52	167	2.16252
52	171	1.605
52	173	0.962394
52	177	0.883184
52	178	1.93409
53	1	0.950732
53	8	1.08789
53	13	1.07506
53	21	1.03419
53	27	1.02792
53	40	0.961887
53	43	0.961689
53	46	1.07468
53	49	0.961828
53	72	1.0377
53	97	1.02096
53	103	0.767761
53	109	1.23646
53	135	1.23471
53	156	1.77476
53	167	2.42862
54	41	1.06194
54	42	0.97151
54	47	1.07025
54	63	1.1068
54	69	1.06326
54	71	0.951498
54	76	1.00581
54	82	1.0063
54	83	0.974842
54	93	1.02506
54	103	0.71749
54	155	1.48631
54	164	1.55596
54	172	0.93328
54	173	1.30614
54	177	2.30366
55	42	0.987459
55	47	1.0862
55	60	1.01625
55	65	1.01676
55	69	1.07921
55	71	0.967447
55	76	1.02176
55	82	1.02225
55	83	0.99079
55	85	0.634347
55	93	1.04101
55	100	1.36497
55	141	1.37045
55	153	1.44022
55	161	2.45452
55	172	0.949229
56	75	0.966041
56	85	1.05384
56	104	0.91349
56	115	0.932819
56	116	0.975225
56	121	0.959294
56	122	0.95721
56	125	0.988177
56	129	0.951876
56	145	1.90399
56	149	2.01094
56	151	0.942275
56	154	1.84018
56	163	0.934835
56	173	0.863575
56	177	0.784364
57	95	0.987506
57	96	1.05362
57	111	1.04911
57	112	0.994275
57	114	1.0293
57	121	1.06026
57	122	1.05818
57	129	1.05284
57	135	0.794689
57	159	0.963051
57	161	1.70087
57	163	1.0358
57	169	1.6401
57	173	0.964541
57	177	0.88533
57	180	2.32728
58	4	1.08085
58	18	0.927193
58	22	1.05017
58	23	1.01376
58	33	1.10168
58	35	0.9911
58	61	0.991243
58	64	0.99164
58	97	1.01704
58	128	1.33891
58	131	1.04354
58	132	1.3752
58	149	1.0587
58	153	0.977987
58	167	2.2095
58	170	1.45441
59	7	1.04707
59	11	0.934928
59	28	1.02845
59	32	1.10896
59	39	0.978929
59	48	1.0738
59	50	0.996002
59	72	1.03054
59	74	0.949342
59	80	1.00351
59	87	1.31016
59	92	1.0326
59	139	1.3517
59	140	1.21237
59	166	2.20856
59	173	1.32263
60	42	0.948406
60	47	1.04714
60	55	1.01625
60	63	1.08369
60	65	0.977702
60	69	1.04016
60	71	0.928393
60	76	0.982706
60	77	0.922963
60	82	0.983193
60	83	0.951737
60	93	1.00196
60	143	1.30026
60	156	1.85254
60	159	1.48085
60	169	2.1579
60	172	0.910176
61	4	1.04787
61	9	1.03327
61	18	0.894211
61	22	1.01719
61	23	0.980782
61	33	1.0687
61	35	0.958118
61	58	0.991243
61	64	0.958658
61	84	1.11258
61	97	0.984056
61	131	1.01055
61	152	2.40042
61	153	0.945004
61	164	1.46579
61	170	1.53308
61	173	1.21597
62	36	0.957832
62	67	1.01353
62	75	1.01161
62	86	0.953302
62	105	1.01694
62	106	0.952519
62	107	1.67173
62	113	0.98502
62	115	0.978389
62	116	1.0208
62	125	1.03375
62	127	1.54074
62	131	1.01077
62	138	1.8114
62	145	1.57474
62	151	0.987846
62	163	0.980405
63	41	1.14534
63	42	1.0549
63	54	1.1068
63	60	1.08369
63	65	1.0842
63	71	1.03489
63	76	1.0892
63	82	1.08969
63	83	1.05824
63	93	1.10845
63	107	1.11087
63	117	0.855702
63	135	1.07772
63	168	1.65949
63	170	1.51653
63	172	1.01667
63	178	2.0432
64	4	1.04826
64	9	1.03367
64	18	0.894608
64	22	1.01758
64	23	0.981179
64	33	1.0691
64	35	0.958515
64	58	0.99164
64	61	0.958658
64	97	0.984453
64	102	0.951615
64	130	1.68774
64	131	1.01095
64	143	1.24647
64	153	0.945401
64	173	1.38039
64	177	2.37792
65	41	1.03935
65	42	0.948913
65	51	0.726322
65	55	1.01676
65	60	0.977702
65	63	1.0842
65	69	1.04066
65	71	0.928901
65	76	0.983213
65	82	0.9837
65	83	0.952245
65	93	1.00246
65	127	0.834199
65	140	0.94348
65	172	0.910683
65	175	2.30003
65	179	2.40731
66	68	1.04786
66	73	1.03251
66	84	1.34294
66	89	0.954472
66	91	0.948034
66	95	0.935984
66	96	1.0021
66	109	1.32637
66	114	0.977777
66	121	1.00874
66	122	1.00665
66	129	1.00132
66	151	0.991719
66	159	1.49298
66	163	0.984278
66	173	0.913018
66	177	0.833808
66	180	2.85722
67	15	0.740453
67	62	1.01353
67	70	0.961777
67	83	0.829236
67	87	1.06482
67	130	0.96887
67	148	1.00604
67	149	1.04005
67	157	1.0426
67	163	0.359092
67	167	0.923963
67	169	0.937255
67	170	0.980826
67	171	0.960826
67	174	0.933733
67	176	0.932055
67	179	0.896961
67	180	0.897008
68	66	1.04786
68	90	1.096
68	91	1.02946
68	96	1.08353
68	100	0.674125
68	104	1.04436
68	111	1.07901
68	114	1.0592
68	122	1.08808
68	129	1.08274
68	160	1.17258
68	162	1.2561
68	163	1.0657
68	166	1.86512
68	173	0.994444
68	174	1.80715
68	176	1.73688
68	177	0.915234
69	41	1.1018
69	47	1.11011
69	54	1.06326
69	55	1.07921
69	60	1.04016
69	65	1.04066
69	71	0.991355
69	76	1.04567
69	82	1.04615
69	83	1.0147
69	93	1.06492
69	126	1.36824
69	127	1.00564
69	148	1.35699
69	158	2.09929
69	164	1.47501
69	172	0.973137
69	173	1.22518
70	12	0.869516
70	36	0.929617
70	45	0.900124
70	67	0.961777
70	75	0.983396
70	86	0.925087
70	88	1.00844
70	105	0.988723
70	113	0.956805
70	115	0.950174
70	116	0.99258
70	125	1.00553
70	128	0.878703
70	141	1.40894
70	151	0.95963
70	153	1.47871
70	163	0.95219
70	168	2.1686
70	173	1.70853
71	41	0.990036
71	42	0.899604
71	47	0.998343
71	54	0.951498
71	55	0.967447
71	60	0.928393
71	63	1.03489
71	65	0.928901
71	69	0.991355
71	76	0.933904
71	82	0.934391
71	83	0.902936
71	93	0.953155
71	130	1.70701
71	138	1.45078
71	146	1.46729
71	147	1.51246
71	169	2.12338
71	172	0.861374
72	7	1.05987
72	8	1.09353
72	21	1.03982
72	40	0.967523
72	43	0.967325
72	46	1.08031
72	49	0.967463
72	53	1.0377
72	59	1.03054
72	74	0.962135
72	80	1.01631
72	81	1.01698
72	92	1.0454
72	134	1.27531
72	138	1.49785
72	143	1.31281
72	148	1.57854
72	154	1.19739
72	168	1.90681
73	36	0.6804
73	66	1.03251
73	79	0.99275
73	84	1.03531
73	115	0.884375
73	125	0.838297
73	130	0.958067
73	136	0.969581
73	147	1.01897
73	148	0.995239
73	158	0.925216
73	162	0.981794
73	163	0.692035
73	171	0.950024
73	174	0.92293
73	175	0.897132
73	177	0.89968
73	179	0.886158
73	180	0.886205
74	2	0.850547
74	7	0.978664
74	11	0.866519
74	14	1.00326
74	28	0.960039
74	32	1.04055
74	39	0.91052
74	48	1.00539
74	50	0.927593
74	59	0.949342
74	72	0.962135
74	80	0.935103
74	81	0.935773
74	92	0.964195
74	107	1.52124
74	134	1.43837
74	140	1.49954
74	160	1.80318
74	165	2.05807
75	12	0.950657
75	56	0.966041
75	62	1.01161
75	70	0.983396
75	77	0.88952
75	86	1.00623
75	103	0.812093
75	105	1.06986
75	106	1.00544
75	113	1.03795
75	115	1.03132
75	125	1.08667
75	131	1.06369
75	148	1.53255
75	151	1.04077
75	153	1.17093
75	163	1.03333
75	172	1.60954
75	179	2.75431
76	41	1.04435
76	42	0.953916
76	47	1.05266
76	54	1.00581
76	55	1.02176
76	60	0.982706
76	63	1.0892
76	65	0.983213
76	69	1.04567
76	71	0.933904
76	82	0.988703
76	83	0.957248
76	93	1.00747
76	124	1.10353
76	133	1.39255
76	138	1.2319
76	160	1.37417
76	172	0.915687
76	174	2.00875
76	178	2.02456
77	60	0.922963
77	75	0.88952
77	102	1.09365
77	104	1.06359
77	114	0.632645
77	123	0.957658
77	128	0.946781
77	149	0.999362
77	155	0.981545
77	160	0.946382
77	162	0.951911
77	165	0.932187
77	167	0.883277
77	168	0.921692
77	173	0.949007
77	174	0.893047
77	175	0.867249
77	176	0.89137
77	179	0.856275
77	180	0.856322
78	6	1.06465
78	16	1.06137
78	24	1.01202
78	25	1.02681
78	30	0.978911
78	34	1.09238
78	38	0.987099
78	79	0.989203
78	94	0.987997
78	99	1.04673
78	118	0.951521
78	119	0.990931
78	123	0.992255
78	142	2.29785
78	143	0.943072
78	144	1.61679
78	159	0.98897
78	172	1.1511
78	175	2.1886
78	178	0.861291
79	37	1.50073
79	73	0.99275
79	78	0.989203
79	80	1.16835
79	105	1.27942
79	126	0.9295
79	128	0.871238
79	138	0.887456
79	148	0.889812
79	154	0.965482
79	157	0.926368
79	159	0.941686
79	160	0.870839
79	164	0.87158
79	166	0.816344
79	168	0.846149
79	175	0.791706
79	176	0.815826
79	179	0.780732
79	180	0.780779
80	2	0.904717
80	7	1.03283
80	11	0.920689
80	14	1.05743
80	28	1.01421
80	32	1.09472
80	39	0.964691
80	48	1.05956
80	50	0.981763
80	59	1.00351
80	72	1.01631
80	74	0.935103
80	79	1.16835
80	81	0.989943
80	92	1.01837
80	117	0.777738
80	156	1.53981
80	158	1.99557
80	169	1.84517
80	172	1.33025
81	2	0.905387
81	7	1.0335
81	11	0.921359
81	14	1.0581
81	19	0.999541
81	28	1.01488
81	32	1.09539
81	39	0.96536
81	48	1.06023
81	50	0.982433
81	72	1.01698
81	74	0.935773
81	80	0.989943
81	92	1.01904
81	110	0.898177
81	139	0.967383
81	152	2.12276
81	158	1.81242
81	167	2.01052
81	168	1.39838
82	41	1.04484
82	42	0.954403
82	47	1.05314
82	54	1.0063
82	55	1.02225
82	60	0.983193
82	63	1.08969
82	65	0.9837
82	69	1.04615
82	71	0.934391
82	76	0.988703
82	83	0.957735
82	93	1.00795
82	120	0.908291
82	133	1.49005
82	135	1.15659
82	165	1.72656
82	170	1.5954
82	172	0.916174
82	177	2.27581
83	26	1.11343
83	41	1.01338
83	42	0.922948
83	47	1.02169
83	54	0.974842
83	55	0.99079
83	60	0.951737
83	63	1.05824
83	65	0.952245
83	67	0.829236
83	69	1.0147
83	71	0.902936
83	76	0.957248
83	82	0.957735
83	93	0.976499
83	130	1.88334
83	143	1.44206
83	148	1.70779
83	157	1.41016
83	172	0.884718
83	173	1.57599
84	6	0.948194
84	61	1.11258
84	66	1.34294
84	73	1.03531
84	108	0.936219
84	124	0.978848
84	145	0.992345
84	151	0.844676
84	154	1.00804
84	157	0.968924
84	159	0.984242
84	162	0.918924
84	163	1.00246
84	165	0.8992
84	167	0.850291
84	168	0.888705
84	169	0.863582
84	174	0.86006
84	176	0.858383
84	179	0.823288
84	180	0.823335
85	2	1.10846
85	55	0.634347
85	56	1.05384
85	94	0.374228
85	98	0.423038
85	109	1.13016
85	112	0.599319
85	135	1.15965
85	148	1.08283
85	157	1.11939
85	158	1.01281
85	160	1.06386
85	163	0.0701524
85	164	1.0646
85	166	1.00936
85	168	1.03917
85	170	1.05761
85	175	0.984723
85	176	1.00884
85	179	0.97375
85	180	0.973796
86	31	0.948387
86	62	0.953302
86	70	0.925087
86	75	1.00623
86	88	1.03127
86	105	1.01155
86	106	0.947135
86	113	0.979637
86	115	0.973006
86	116	1.01541
86	125	1.02836
86	128	0.901535
86	130	1.81527
86	131	1.00538
86	139	1.53699
86	141	1.20834
86	144	2.1824
86	145	1.32237
86	151	0.982462
86	157	1.34209
86	163	0.975022
87	31	1.32964
87	33	0.93734
87	46	1.1308
87	59	1.31016
87	67	1.06482
87	99	1.06382
87	108	0.954934
87	135	1.0279
87	139	0.984148
87	152	0.869415
87	160	0.932111
87	162	0.93764
87	168	0.90742
87	169	0.882297
87	170	0.925868
87	171	0.905869
87	174	0.878776
87	175	0.852977
87	176	0.877098
87	179	0.842003
87	180	0.84205
88	20	1.0517
88	31	1.03174
88	45	1.00631
88	70	1.00844
88	86	1.03127
88	105	1.09491
88	106	1.03049
88	113	1.06299
88	115	1.05636
88	125	1.11172
88	126	0.912398
88	128	0.98489
88	131	1.08874
88	146	0.836969
88	151	1.06582
88	154	0.519997
88	158	1.64346
88	163	1.05838
88	177	1.76687
88	179	2.12291
88	180	2.18024
89	3	1.05374
89	66	0.954472
89	90	1.00262
89	91	0.936075
89	95	0.924025
89	96	0.990142
89	104	0.950974
89	108	1.71652
89	111	0.985624
89	112	0.930793
89	120	1.14316
89	121	0.996778
89	122	0.994694
89	129	0.98936
89	143	1.37923
89	151	0.979759
89	157	1.34733
89	161	2.29764
89	163	0.972319
89	170	1.83027
89	173	0.901059
89	177	0.821848
90	44	1.09572
90	68	1.096
90	89	1.00262
90	95	0.984131
90	96	1.05025
90	111	1.04573
90	112	0.990899
90	114	1.02592
90	121	1.05688
90	122	1.0548
90	129	1.04947
90	133	1.41692
90	135	1.08346
90	140	1.09489
90	151	1.03987
90	152	2.38961
90	159	1.25182
90	163	1.03242
90	168	1.66522
90	172	1.41395
90	173	0.961165
90	177	0.881955
91	3	1.0473
91	66	0.948034
91	68	1.02946
91	89	0.936075
91	96	0.983705
91	104	0.944536
91	111	0.979186
91	112	0.924355
91	114	0.959379
91	121	0.99034
91	122	0.988257
91	129	0.982922
91	142	2.41198
91	144	1.73092
91	145	0.87089
91	151	0.973322
91	152	2.24089
91	156	1.47479
91	159	1.1031
91	163	0.965881
91	173	0.894621
91	177	0.815411
92	2	0.933809
92	7	1.06193
92	11	0.949781
92	14	1.08652
92	19	1.02796
92	28	1.0433
92	32	1.12381
92	39	0.993783
92	48	1.08865
92	50	1.01086
92	59	1.0326
92	72	1.0454
92	74	0.964195
92	80	1.01837
92	81	1.01904
92	102	0.793763
92	103	0.633891
92	148	1.35435
92	161	2.00702
92	169	1.94626
92	173	1.22254
92	177	2.22007
93	26	1.16365
93	41	1.0636
93	42	0.973167
93	47	1.07191
93	54	1.02506
93	55	1.04101
93	60	1.00196
93	63	1.10845
93	65	1.00246
93	69	1.06492
93	71	0.953155
93	76	1.00747
93	82	1.00795
93	83	0.976499
93	101	0.9965
93	154	0.972986
93	159	1.269
93	164	1.47216
93	166	2.10826
93	168	1.6824
93	171	1.73702
93	172	0.934937
94	5	1.07189
94	6	1.0713
94	15	1.07865
94	16	1.06803
94	24	1.01867
94	25	1.03346
94	29	1.02069
94	78	0.987997
94	85	0.374228
94	98	0.997185
94	99	1.05338
94	117	1.0662
94	118	0.958173
94	119	0.997583
94	123	0.998907
94	130	1.71727
94	133	0.925596
94	138	1.46103
94	143	0.949724
94	147	1.52272
94	172	1.61871
94	174	2.23788
94	178	0.867943
95	51	0.973827
95	57	0.987506
95	66	0.935984
95	89	0.924025
95	90	0.984131
95	96	0.971655
95	104	0.932486
95	109	1.10127
95	111	0.967136
95	112	0.912305
95	114	0.947329
95	121	0.97829
95	122	0.976207
95	129	0.970872
95	148	1.35303
95	151	0.961271
95	158	2.09533
95	160	1.41461
95	163	0.953831
95	164	1.47104
95	173	0.882571
95	177	0.803361
95	180	2.63212
96	57	1.05362
96	66	1.0021
96	68	1.08353
96	89	0.990142
96	90	1.05025
96	91	0.983705
96	95	0.971655
96	104	0.998604
96	112	0.978423
96	114	1.01345
96	121	1.04441
96	129	1.03699
96	133	1.35881
96	151	1.02739
96	154	0.897695
96	155	1.32722
96	160	1.34043
96	163	1.01995
96	167	2.21925
96	170	1.46416
96	173	0.948689
96	174	1.975
96	177	0.869479
97	1	0.939624
97	8	1.07678
97	13	1.06396
97	23	1.00658
97	33	1.09449
97	35	0.983913
97	40	0.95078
97	43	0.950582
97	46	1.06357
97	49	0.95072
97	53	1.02096
97	58	1.01704
97	61	0.984056
97	64	0.984453
97	117	0.951867
97	131	1.03635
97	137	1.20584
97	144	1.97007
97	145	1.11004
97	147	1.40839
97	149	1.21699
97	153	0.9708
97	180	2.70648
98	5	1.07443
98	15	1.08118
98	24	1.02121
98	25	1.03599
98	29	1.02322
98	34	1.10157
98	37	0.999915
98	38	0.996287
98	85	0.423038
98	94	0.997185
98	99	1.05591
98	118	0.960709
98	119	1.00012
98	123	1.00144
98	133	0.928132
98	143	0.95226
98	146	1.52635
98	153	1.22891
98	157	1.2929
98	170	1.77584
98	173	1.45873
98	174	2.28669
98	178	0.870478
99	16	1.12675
99	24	1.0774
99	29	1.07941
99	30	1.04429
99	34	1.15776
99	37	1.05611
99	38	1.05248
99	78	1.04673
99	87	1.06382
99	94	1.05338
99	98	1.05591
99	118	1.0169
99	119	1.05631
99	123	1.05764
99	132	1.3142
99	133	0.984324
99	139	1.10536
99	143	1.00845
99	147	1.18909
99	160	1.26967
99	164	1.32611
99	165	1.52456
99	177	2.07381
99	178	0.926671
100	3	1.14927
100	12	1.62766
100	31	1.03704
100	55	1.36497
100	68	0.674125
100	129	0.820088
100	130	0.934018
100	137	1.01646
100	138	0.968834
100	140	1.0439
100	143	0.977439
100	148	0.97119
100	164	0.952957
100	166	0.897722
100	168	0.927527
100	170	0.945974
100	171	0.925975
100	173	0.954842
100	174	0.898882
100	175	0.873083
100	176	0.897204
100	177	0.875632
100	179	0.86211
100	180	0.862156
101	12	1.7069
101	23	1.18598
101	93	0.9965
101	119	1.10199
101	145	1.00671
101	147	0.970462
101	150	0.902433
101	152	0.865063
101	156	0.934593
101	158	0.876709
101	161	0.87676
101	162	0.933287
101	163	0.880009
101	166	0.873264
101	167	0.864654
101	170	0.921516
101	171	0.901517
101	174	0.874423
101	175	0.848625
101	176	0.872746
101	178	0.871199
101	179	0.837651
101	180	0.837698
102	15	1.05843
102	20	0.994596
102	42	1.03234
102	64	0.951615
102	77	1.09365
102	92	0.793763
102	124	1.06707
102	129	0.696379
102	131	0.60982
102	140	1.09331
102	152	0.938923
102	159	1.07247
102	160	1.00162
102	162	1.00715
102	164	1.00236
102	166	0.947124
102	168	0.976928
102	169	0.951805
102	170	0.995376
102	175	0.922485
102	176	0.946606
102	177	0.925033
102	179	0.911511
102	180	0.911558
103	30	0.697372
103	49	1.36909
103	53	0.767761
103	54	0.71749
103	75	0.812093
103	92	0.633891
103	118	0.793383
103	125	0.663456
103	134	1.12613
103	138	1.06138
103	141	1.14891
103	144	1.02435
103	146	1.06931
103	150	1.01944
103	154	1.13941
103	160	1.04476
103	161	0.993765
103	165	1.03057
103	167	0.981658
103	171	1.01852
103	174	0.991428
103	175	0.965629
103	177	0.968178
103	179	0.954656
103	180	0.954703
104	44	1.04408
104	52	1.01231
104	56	0.91349
104	68	1.04436
104	77	1.06359
104	89	0.950974
104	91	0.944536
104	95	0.932486
104	96	0.998604
104	107	1.48626
104	111	0.994086
104	112	0.939254
104	114	0.974279
104	121	1.00524
104	122	1.00316
104	127	1.35527
104	129	0.997821
104	133	1.78658
104	151	0.988221
104	154	1.32547
104	163	0.98078
104	164	1.82464
104	172	1.78361
104	173	0.90952
104	177	0.83031
105	12	0.955983
105	20	1.03198
105	36	1.01608
105	45	0.986592
105	62	1.01694
105	70	0.988723
105	75	1.06986
105	79	1.27942
105	86	1.01155
105	88	1.09491
105	106	1.01077
105	113	1.04327
105	115	1.03664
105	116	1.07905
105	125	1.092
105	128	0.965171
105	132	1.47044
105	143	1.0986
105	149	1.15393
105	151	1.0461
105	156	1.65088
105	162	1.50943
105	163	1.03866
105	171	1.74721
105	173	1.23253
106	12	0.891564
106	20	0.967561
106	31	0.947604
106	36	0.951665
106	45	0.922172
106	62	0.952519
106	75	1.00544
106	86	0.947135
106	88	1.03049
106	105	1.01077
106	113	0.978853
106	115	0.972222
106	116	1.01463
106	125	1.02758
106	128	0.900752
106	131	1.0046
106	136	1.45966
106	147	1.08506
106	151	0.981679
106	155	1.15244
106	163	0.974238
106	169	1.69597
106	172	1.18105
106	175	2.21855
106	180	2.38316
107	62	1.67173
107	63	1.11087
107	74	1.52124
107	104	1.48626
107	109	0.949812
107	113	0.884928
107	124	0.948962
107	135	0.979303
107	137	0.947755
107	138	0.900127
107	140	0.975197
107	154	0.978152
107	156	0.890344
107	159	0.954356
107	161	0.832511
107	166	0.829015
107	169	0.833696
107	170	0.877267
107	171	0.857268
107	174	0.830175
107	175	0.804376
107	176	0.828497
107	179	0.793403
107	180	0.793449
108	5	1.28402
108	16	1.15911
108	37	1.6572
108	84	0.936219
108	87	0.954934
108	89	1.71652
108	138	0.893796
108	140	0.968866
108	143	0.902401
108	144	0.856763
108	147	0.919882
108	150	0.851853
108	151	1.15143
108	157	0.932707
108	159	0.948025
108	162	0.882707
108	166	0.822684
108	167	0.814074
108	170	0.870936
108	171	0.850937
108	172	0.87158
108	174	0.823843
108	175	0.798045
108	179	0.787071
108	180	0.787118
109	3	1.33439
109	32	1.1417
109	53	1.23646
109	66	1.32637
109	85	1.13016
109	95	1.10127
109	107	0.949812
109	124	0.98611
109	132	0.954408
109	136	0.913973
109	138	0.937275
109	140	1.01234
109	142	0.866146
109	151	0.828107
109	153	0.959354
109	154	1.0153
109	158	0.869607
109	161	0.869659
109	165	0.906462
109	167	0.857552
109	170	0.914415
109	175	0.841524
109	176	0.865645
109	179	0.83055
109	180	0.830597
110	32	1.22152
110	46	1.10313
110	81	0.898177
110	113	0.933348
110	121	1.05442
110	127	1.03798
110	131	0.998465
110	136	0.919295
110	139	0.978017
110	140	1.01767
110	142	0.871469
110	144	0.905564
110	145	1.00493
110	157	0.981509
110	161	0.874981
110	162	0.931509
110	166	0.871485
110	168	0.90129
110	169	0.876167
110	171	0.899738
110	174	0.872645
110	175	0.846846
110	176	0.870967
110	178	0.86942
110	179	0.835873
110	180	0.835919
111	44	1.07873
111	52	1.04696
111	57	1.04911
111	68	1.07901
111	89	0.985624
111	90	1.04573
111	91	0.979186
111	95	0.967136
111	104	0.994086
111	112	0.973904
111	114	1.00893
111	121	1.03989
111	122	1.03781
111	126	1.36094
111	128	1.4195
111	129	1.03247
111	137	1.12814
111	139	1.24696
111	149	1.13929
111	151	1.02287
111	156	1.63624
111	163	1.01543
111	166	2.10381
111	173	0.94417
111	176	1.97557
111	177	0.86496
112	44	1.0239
112	51	0.980595
112	52	0.992128
112	57	0.994275
112	85	0.599319
112	89	0.930793
112	90	0.990899
112	91	0.924355
112	95	0.912305
112	96	0.978423
112	104	0.939254
112	111	0.973904
112	114	0.954097
112	121	0.985058
112	122	0.982975
112	129	0.97764
112	132	1.87292
112	134	1.46358
112	136	2.12241
112	139	1.66408
112	143	1.50109
112	146	1.70263
112	151	0.96804
112	163	0.960599
112	173	0.889339
112	177	0.810129
113	10	1.11681
113	31	0.980105
113	36	0.984167
113	45	0.954674
113	62	0.98502
113	70	0.956805
113	75	1.03795
113	86	0.979637
113	88	1.06299
113	105	1.04327
113	106	0.978853
113	107	0.884928
113	110	0.933348
113	115	1.00472
113	116	1.04713
113	125	1.06008
113	128	0.933253
113	131	1.0371
113	141	0.673896
113	151	1.01418
113	155	1.15366
113	163	1.00674
113	166	1.85941
113	170	1.29059
113	174	1.80144
113	179	2.32705
114	3	1.07704
114	50	0.783403
114	52	1.02715
114	57	1.0293
114	66	0.977777
114	68	1.0592
114	77	0.632645
114	90	1.02592
114	91	0.959379
114	95	0.947329
114	96	1.01345
114	104	0.974279
114	111	1.00893
114	112	0.954097
114	121	1.02008
114	122	1.018
114	129	1.01266
114	147	1.25667
114	149	1.06527
114	151	1.00306
114	163	0.995623
114	171	1.65855
114	172	1.35266
114	173	0.924363
114	177	0.845153
114	178	1.98764
114	179	2.49743
115	20	0.993432
115	31	0.973474
115	36	0.977536
115	45	0.948043
115	56	0.932819
115	62	0.978389
115	70	0.950174
115	73	0.884375
115	75	1.03132
115	86	0.973006
115	88	1.05636
115	105	1.03664
115	106	0.972222
115	113	1.00472
115	116	1.0405
115	125	1.05345
115	128	0.926622
115	131	1.03047
115	135	1.17648
115	143	1.16426
115	146	1.36581
115	151	1.00755
115	163	1.00011
115	171	1.81287
115	172	1.50698
115	173	1.29818
115	175	2.54448
116	10	1.15259
116	12	0.959841
116	20	1.03584
116	31	1.01588
116	36	1.01994
116	45	0.990449
116	56	0.975225
116	62	1.0208
116	70	0.99258
116	86	1.01541
116	105	1.07905
116	106	1.01463
116	113	1.04713
116	115	1.0405
116	124	1.18169
116	125	1.09586
116	126	1.402
116	128	0.969029
116	131	1.07288
116	134	1.08752
116	143	1.12503
116	148	1.39075
116	151	1.04996
116	153	1.02913
116	159	1.30561
116	161	2.04343
116	163	1.04252
116	175	2.50524
117	28	1.17009
117	43	1.27605
117	52	0.746599
117	63	0.855702
117	80	0.777738
117	94	1.0662
117	97	0.951867
117	118	1.03831
117	126	1.05201
117	137	1.0576
117	138	1.00997
117	139	1.04539
117	140	1.08504
117	156	1.00019
117	158	0.942303
117	160	0.993353
117	162	0.998882
117	164	0.994094
117	166	0.938859
117	167	0.930248
117	168	0.968663
117	169	0.94354
117	170	0.987111
117	171	0.967112
117	175	0.91422
117	176	0.938341
117	179	0.903246
117	180	0.903293
118	5	1.03542
118	6	1.03482
118	15	1.04217
118	16	1.03155
118	17	1.03112
118	24	0.982195
118	25	0.996982
118	29	0.98421
118	30	0.949087
118	34	1.06256
118	37	0.960903
118	38	0.957275
118	78	0.951521
118	94	0.958173
118	98	0.960709
118	99	1.0169
118	103	0.793383
118	117	1.03831
118	119	0.961107
118	123	0.962431
118	130	1.68938
118	133	0.88912
118	137	1.29229
118	144	2.05652
118	153	1.15222
118	162	1.65894
118	165	1.83031
118	178	0.831467
119	5	1.07483
119	6	1.07423
119	15	1.08158
119	16	1.07096
119	17	1.07053
119	24	1.02161
119	25	1.03639
119	29	1.02362
119	30	0.988496
119	34	1.10197
119	37	1.00031
119	78	0.990931
119	94	0.997583
119	98	1.00012
119	99	1.05631
119	101	1.10199
119	118	0.961107
119	120	0.957823
119	123	1.00184
119	133	0.92853
119	135	1.20612
119	136	1.81522
119	143	0.952658
119	149	1.24923
119	162	1.60473
119	169	2.05153
119	172	1.53661
119	173	1.32782
119	178	0.870877
120	7	1.02825
120	22	1.08937
120	25	0.780536
120	49	1.58775
120	82	0.908291
120	89	1.14316
120	119	0.957823
120	130	0.960787
120	131	0.668601
120	134	1.06035
120	135	1.07478
120	142	0.924475
120	153	1.01768
120	155	1.01415
120	156	0.98582
120	157	1.03451
120	159	1.04983
120	161	0.927987
120	164	0.979726
120	166	0.924491
120	169	0.929172
120	170	0.972743
120	172	0.973387
120	174	0.92565
120	175	0.899852
120	176	0.923973
120	178	0.922426
120	179	0.888878
120	180	0.888925
121	26	0.467737
121	44	1.08988
121	50	0.734084
121	52	1.05811
121	56	0.959294
121	57	1.06026
121	66	1.00874
121	89	0.996778
121	90	1.05688
121	91	0.99034
121	95	0.97829
121	96	1.04441
121	104	1.00524
121	110	1.05442
121	111	1.03989
121	112	0.985058
121	114	1.02008
121	122	1.04896
121	129	1.04363
121	136	1.58195
121	151	1.03402
121	155	1.27472
121	158	1.96866
121	163	1.02658
121	164	1.34437
121	168	1.55462
121	173	0.955324
121	176	1.85224
121	177	0.876114
122	44	1.0878
122	52	1.05603
122	56	0.95721
122	57	1.05818
122	66	1.00665
122	68	1.08808
122	89	0.994694
122	90	1.0548
122	91	0.988257
122	95	0.976207
122	104	1.00316
122	111	1.03781
122	112	0.982975
122	114	1.018
122	121	1.04896
122	128	1.21215
122	129	1.04154
122	136	1.49793
122	141	0.710953
122	142	2.36608
122	145	0.824991
122	151	1.03194
122	161	1.79502
122	163	1.0245
122	170	1.32765
122	173	0.953241
122	174	1.8385
122	177	0.874031
122	178	1.85431
123	5	1.07615
123	6	1.07556
123	15	1.0829
123	16	1.07228
123	17	1.07185
123	25	1.03772
123	29	1.02494
123	30	0.98982
123	34	1.10329
123	37	1.00164
123	38	0.998009
123	77	0.957658
123	78	0.992255
123	94	0.998907
123	98	1.00144
123	99	1.05764
123	118	0.962431
123	119	1.00184
123	133	0.929854
123	137	1.37914
123	143	0.953982
123	148	1.60068
123	149	1.39029
123	153	1.23906
123	154	1.21953
123	157	1.30305
123	173	1.46888
123	176	2.22657
123	178	0.872201
124	19	1.21841
124	22	1.3821
124	32	1.18439
124	42	1.38386
124	76	1.10353
124	84	0.978848
124	102	1.06707
124	107	0.948962
124	109	0.98611
124	116	1.18169
124	135	1.0156
124	138	0.936425
124	142	0.865297
124	152	0.857112
124	155	0.954971
124	156	0.926642
124	157	0.975336
124	158	0.868758
124	160	0.919808
124	163	1.02858
124	164	0.920548
124	167	0.856703
124	168	0.895117
124	169	0.869994
124	171	0.893566
124	174	0.866472
124	175	0.840674
124	176	0.864795
124	179	0.8297
124	180	0.829747
125	10	1.16554
125	12	0.972793
125	20	1.04879
125	36	1.03289
125	45	1.0034
125	56	0.988177
125	62	1.03375
125	70	1.00553
125	73	0.838297
125	75	1.08667
125	86	1.02836
125	88	1.11172
125	103	0.663456
125	105	1.092
125	106	1.02758
125	113	1.06008
125	115	1.05345
125	116	1.09586
125	127	1.03256
125	128	0.981981
125	131	1.08583
125	134	1.08068
125	140	1.14184
125	141	0.952521
125	142	2.60765
125	147	1.36491
125	150	1.9562
125	151	1.06291
125	163	1.05547
125	170	1.56922
126	24	1.33657
126	29	1.12481
126	69	1.36824
126	79	0.9295
126	88	0.912398
126	111	1.36094
126	116	1.402
126	117	1.05201
126	129	1.26821
126	134	0.994385
126	137	0.977261
126	141	1.01716
126	142	0.858505
126	144	0.8926
126	154	1.00766
126	155	0.948179
126	158	0.861966
126	161	0.862018
126	164	0.913756
126	167	0.849911
126	168	0.888326
126	169	0.863203
126	170	0.906773
126	171	0.886774
126	173	0.915641
126	174	0.859681
126	175	0.833882
126	176	0.858003
126	178	0.856457
126	179	0.822909
126	180	0.822956
127	4	1.4149
127	14	0.731496
127	45	1.38519
127	62	1.54074
127	65	0.834199
127	69	1.00564
127	104	1.35527
127	110	1.03798
127	125	1.03256
127	138	0.982969
127	142	0.911841
127	150	0.941027
127	152	0.903656
127	153	1.00505
127	159	1.0372
127	160	0.966352
127	161	0.915354
127	162	0.971881
127	166	0.911857
127	168	0.941662
127	169	0.916539
127	170	0.96011
127	171	0.940111
127	172	0.960753
127	173	0.968977
127	174	0.913017
127	175	0.887219
127	176	0.911339
127	178	0.909793
127	179	0.876245
127	180	0.876292
128	25	1.35214
128	28	1.71542
128	41	1.34051
128	43	1.82138
128	45	0.876572
128	58	1.33891
128	70	0.878703
128	77	0.946781
128	79	0.871238
128	86	0.901535
128	88	0.98489
128	105	0.965171
128	106	0.900752
128	111	1.4195
128	113	0.933253
128	115	0.926622
128	116	0.969029
128	122	1.21215
128	125	0.981981
128	137	0.918998
128	147	0.897457
128	148	0.873726
128	151	0.936079
128	152	0.792058
128	155	0.889916
128	163	0.928638
128	164	0.855494
128	166	0.800259
128	167	0.791648
128	169	0.80494
128	170	0.848511
128	175	0.77562
128	179	0.764646
128	180	0.764693
129	3	1.10059
129	10	1.12924
129	26	0.498345
129	44	1.08246
129	51	1.03916
129	52	1.0507
129	56	0.951876
129	57	1.05284
129	66	1.00132
129	68	1.08274
129	89	0.98936
129	90	1.04947
129	91	0.982922
129	95	0.970872
129	96	1.03699
129	100	0.820088
129	102	0.696379
129	104	0.997821
129	111	1.03247
129	112	0.97764
129	114	1.01266
129	121	1.04363
129	122	1.04154
129	126	1.26821
129	134	0.953727
129	140	1.0149
129	145	0.939611
129	151	1.02661
129	163	1.01917
129	171	1.63984
129	173	0.947906
129	176	1.88284
129	177	0.868696
129	178	1.96893
129	179	2.47872
130	64	1.68774
130	67	0.96887
130	71	1.70701
130	73	0.958067
130	83	1.88334
130	86	1.81527
130	94	1.71727
130	100	0.934018
130	118	1.68938
130	120	0.960787
130	132	0.869907
130	133	0.83725
130	136	0.829472
130	137	0.900401
130	139	0.888193
130	140	0.927843
130	146	0.860707
130	147	0.87886
130	154	0.930799
130	156	0.842991
130	161	0.785158
130	164	0.836897
130	165	0.821961
130	166	0.781662
130	167	0.773051
130	168	0.811466
130	169	0.786343
130	170	0.829914
130	171	0.809915
130	173	0.838781
130	174	0.782821
130	176	0.781144
130	178	0.779597
130	179	0.746049
130	180	0.746096
131	4	1.10016
131	9	1.08556
131	12	0.949811
131	18	0.946503
131	22	1.06948
131	23	1.03307
131	31	1.00585
131	33	1.12099
131	35	1.01041
131	58	1.04354
131	61	1.01055
131	62	1.01077
131	64	1.01095
131	75	1.06369
131	86	1.00538
131	88	1.08874
131	97	1.03635
131	102	0.60982
131	106	1.0046
131	110	0.998465
131	113	1.0371
131	115	1.03047
131	116	1.07288
131	120	0.668601
131	125	1.08583
131	135	0.916898
131	139	1.06767
131	144	1.71308
131	146	1.10622
131	150	1.7427
131	151	1.03993
131	153	0.997297
131	163	1.03249
131	172	1.24739
131	174	1.86656
131	177	2.03612
131	178	1.88237
132	23	1.64973
132	48	1.39982
132	58	1.3752
132	99	1.3142
132	105	1.47044
132	109	0.954408
132	112	1.87292
132	130	0.869907
132	133	0.8892
132	136	0.881421
132	138	0.904723
132	142	0.833595
132	144	0.86769
132	146	0.912656
132	147	0.93081
132	148	0.907079
132	150	0.862781
132	151	1.18597
132	152	0.82541
132	155	0.923269
132	157	0.943635
132	158	0.837056
132	160	0.888106
132	161	0.837107
132	162	0.893635
132	164	0.888846
132	165	0.873911
132	166	0.833611
132	167	0.825001
132	169	0.838292
132	172	0.882507
132	174	0.834771
132	175	0.808972
132	176	0.833093
132	179	0.797999
132	180	0.798045
133	9	1.32416
133	10	1.53938
133	15	1.00959
133	17	0.99854
133	29	0.951633
133	30	0.916509
133	34	1.02998
133	37	0.928326
133	38	0.924698
133	76	1.39255
133	82	1.49005
133	90	1.41692
133	94	0.925596
133	96	1.35881
133	98	0.928132
133	99	0.984324
133	104	1.78658
133	118	0.88912
133	119	0.92853
133	123	0.929854
133	130	0.83725
133	132	0.8892
133	144	0.835033
133	146	0.879999
133	150	0.830124
133	151	1.15983
133	158	0.804399
133	160	0.855449
133	161	0.80445
133	162	0.860978
133	166	0.800954
133	169	0.805635
133	170	0.849206
133	172	0.84985
133	174	0.802114
133	176	0.800436
133	177	0.778864
133	178	0.798889
133	179	0.765342
133	180	0.765388
134	1	1.57139
134	7	1.22682
134	19	1.12424
134	33	0.778379
134	72	1.27531
134	74	1.43837
134	103	1.12613
134	112	1.46358
134	116	1.08752
134	120	1.06035
134	125	1.08068
134	126	0.994385
134	129	0.953727
134	137	0.999969
134	139	0.987761
134	141	1.03987
134	144	0.915308
134	147	0.978427
134	149	0.988703
134	150	0.910399
134	152	0.873028
134	156	0.942558
134	157	0.991252
134	158	0.884674
134	160	0.935724
134	164	0.936464
134	165	0.921528
134	167	0.872619
134	168	0.911033
134	169	0.88591
134	170	0.929481
134	171	0.909482
134	172	0.930125
134	174	0.882388
134	175	0.85659
134	176	0.880711
134	177	0.859138
134	178	0.879164
134	179	0.845616
134	180	0.845663
135	19	1.17397
135	32	1.13995
