1	50	2.30586
1	79	0.693884
1	104	2.3239
1	151	0.756871
1	169	0.742032
1	170	0.734583
1	171	0.742724
1	173	0.726735
1	175	0.744445
1	176	0.748585
1	179	0.732743
1	180	0.758138
2	28	0.484625
2	115	0.498496
2	128	0.644049
2	141	0.666741
2	147	0.663248
2	168	0.497983
2	172	0.495376
2	174	0.646781
2	175	0.648576
2	177	0.667532
2	178	0.663672
2	180	0.662269
3	132	0.814627
3	135	0.829286
3	138	0.834131
3	139	0.839935
3	144	0.812204
3	153	0.84758
3	159	0.857153
3	164	0.672515
3	165	1.89273
3	167	0.673777
3	176	1.65382
3	180	1.6342
4	44	0.780791
4	52	0.764648
4	54	0.780049
4	82	0.777315
4	148	0.782067
4	150	0.805348
4	156	0.798354
4	165	1.82863
4	174	1.62079
4	175	1.67624
4	177	0.821505
4	178	0.817645
5	11	2.11239
5	90	0.819572
5	109	0.806437
5	112	0.787372
5	116	0.828904
5	118	1.43666
5	148	0.791001
5	156	0.807288
5	163	1.63309
5	172	0.658283
5	177	0.830438
5	178	0.826578
6	30	0.711881
6	93	0.717836
6	128	0.701684
6	130	2.30052
6	132	0.696986
6	135	0.711645
6	144	0.694563
6	147	0.720883
6	153	0.729938
6	154	0.729734
6	159	0.739512
6	175	2.6198
7	61	0.709296
7	66	0.703258
7	99	0.699317
7	102	2.49151
7	127	0.736593
7	137	0.73365
7	142	0.720228
7	150	0.740476
7	164	0.58634
7	177	0.756633
7	178	0.752772
7	179	2.46744
8	67	0.572376
8	75	0.723848
8	95	0.688155
8	100	2.52933
8	129	0.711175
8	131	0.740548
8	134	0.71555
8	141	0.73772
8	157	0.717026
8	177	0.738511
8	178	0.734651
8	180	2.53649
9	84	2.39151
9	98	0.758186
9	140	0.716177
9	156	2.33356
9	165	0.731984
9	166	0.73296
9	169	0.741186
9	171	0.741878
9	173	0.72589
9	176	0.747739
9	179	0.731897
9	180	0.757292
10	74	2.54487
10	150	2.07108
10	162	0.741417
10	165	0.740075
10	166	0.741052
10	169	0.749278
10	170	0.741829
10	171	0.74997
10	174	0.749895
10	175	0.751691
10	179	0.739989
10	180	0.765384
11	5	2.11239
11	99	2.59601
11	130	0.769283
11	164	0.607256
11	169	0.75618
11	170	0.748731
11	171	0.756872
11	173	0.740883
11	174	0.756797
11	176	0.762733
11	179	0.746891
11	180	0.772286
12	17	0.725938
12	23	0.743329
12	27	2.17006
12	90	0.806946
12	96	0.806288
12	141	0.817021
12	147	1.39119
12	150	0.801655
12	156	0.794661
12	157	0.796327
12	176	1.25369
12	178	0.813952
13	32	0.486596
13	94	0.624675
13	121	0.629173
13	134	0.631188
13	146	0.48872
13	154	0.658717
13	159	0.668494
13	172	0.481994
13	175	0.635194
13	176	0.639334
13	177	0.654149
13	178	0.650289
14	131	2.24877
14	139	2.26434
14	140	0.722842
14	163	0.756288
14	165	0.738648
14	170	0.740401
14	171	0.748543
14	173	0.732554
14	174	0.748468
14	175	0.750263
14	176	0.754404
14	180	0.763956
15	88	0.721997
15	109	2.38019
15	135	2.52619
15	162	0.729292
15	166	0.728927
15	169	0.737153
15	170	0.729703
15	171	0.737845
15	173	0.721856
15	175	0.739566
15	176	0.743706
15	179	0.727864
15	180	0.753258
16	105	2.37082
16	151	0.750286
16	154	2.49932
16	160	0.717217
16	165	0.726244
16	166	0.727221
16	169	0.735447
16	170	0.727998
16	173	0.72015
16	175	0.73786
16	176	0.742
16	179	0.726158
16	180	0.751553
17	12	0.725938
17	109	0.707441
17	116	0.729907
17	123	2.4965
17	127	0.711402
17	131	0.733478
17	134	0.70848
17	156	0.708291
17	161	0.707868
17	162	2.7166
17	172	0.559286
17	177	0.731442
17	178	0.727582
18	138	2.5082
18	146	0.602373
18	159	2.35846
18	160	0.728204
18	163	0.754871
18	165	0.737231
18	169	0.746434
18	173	0.731137
18	174	0.747051
18	175	0.748847
18	176	0.752987
18	179	0.737145
18	180	0.76254
19	87	2.87691
19	141	2.36338
19	158	0.734727
19	160	0.73202
19	162	0.74239
19	168	0.602071
19	170	0.742801
19	171	0.750943
19	173	0.734954
19	175	0.752663
19	176	0.756804
19	179	0.740962
19	180	0.766356
20	21	1.85174
20	114	1.99339
20	162	0.79987
20	163	0.816168
20	165	0.798529
20	166	0.799505
20	169	0.807731
20	171	0.808423
20	173	0.792435
20	174	0.808349
20	178	1.51722
20	179	0.798442
20	180	0.823837
21	20	1.85174
21	44	0.771581
21	56	1.10194
21	73	2.32979
21	112	0.769229
21	113	0.781164
21	129	0.784958
21	137	0.789313
21	156	0.789144
21	157	0.790809
21	167	0.643263
21	177	0.812295
21	178	0.808435
22	34	2.58702
22	84	1.3938
22	153	1.33307
22	158	0.79504
22	165	0.801361
22	166	0.802338
22	169	0.810564
22	171	0.811256
22	173	0.795267
22	174	0.811181
22	176	0.817117
22	179	0.801275
22	180	0.82667
23	12	0.743329
23	46	0.700658
23	56	2.24114
23	111	0.728394
23	122	0.738381
23	129	0.721496
23	142	0.712428
23	146	0.583404
23	149	0.581413
23	157	0.727347
23	171	3.0431
23	177	0.748833
23	178	0.744973
24	95	0.605376
24	139	0.652859
24	146	0.490303
24	154	0.660299
24	156	0.632581
24	159	0.670077
24	163	0.6428
24	164	0.485439
24	166	0.626137
24	168	0.486183
24	177	0.655732
24	178	0.651872
24	179	0.625074
25	87	1.76525
25	126	0.810217
25	156	1.78381
25	159	1.55728
25	160	0.799482
25	166	0.809486
25	168	0.669532
25	170	0.810263
25	171	0.818404
25	175	0.820125
25	176	0.824265
25	179	0.808423
25	180	0.833818
26	75	0.723245
26	86	0.707952
26	88	2.64607
26	99	0.680593
26	113	0.706778
26	134	0.714947
26	148	0.69847
26	150	0.721751
26	157	0.716423
26	167	0.568877
26	177	0.737908
26	178	0.734048
26	179	2.83482
27	12	2.17006
27	94	0.706574
27	106	0.697666
27	117	0.721225
27	136	0.704321
27	137	2.8803
27	151	0.729518
27	163	0.723116
27	169	0.714679
27	170	0.70723
27	173	0.699383
27	179	0.70539
27	180	0.730785
28	2	0.484625
28	76	0.566036
28	118	0.624181
28	132	0.612228
28	143	0.647237
28	146	0.47498
28	154	0.644976
28	159	0.654754
28	161	0.616836
28	175	0.621453
28	176	0.625594
28	177	0.640409
28	178	0.636549
28	180	0.635146
29	30	0.618119
29	48	0.604513
29	71	0.472257
29	138	0.622728
29	141	0.630614
29	147	0.627121
29	150	0.615248
29	151	0.624875
29	152	0.46583
29	161	0.607832
29	166	0.60181
29	177	0.631405
29	179	0.600747
29	180	0.626142
30	6	0.711881
30	29	0.618119
30	123	0.781713
30	128	0.786547
30	138	0.801352
30	139	0.807157
30	147	0.805746
30	148	2.0929
30	153	0.814801
30	154	0.814597
30	159	0.824375
30	164	0.639737
30	171	1.6689
30	174	1.80691
31	46	0.758824
31	113	0.775868
31	124	1.86757
31	127	0.786958
31	134	0.784037
31	137	0.784016
31	146	0.641569
31	148	0.76756
31	157	0.785513
31	168	0.63745
31	171	1.92853
31	176	2.03547
31	177	0.806998
31	178	0.803138
32	13	0.486596
32	71	0.496615
32	80	0.63235
32	115	0.486726
32	122	0.645311
32	123	0.627446
32	134	0.632801
32	138	0.647085
32	172	0.483606
32	174	0.635011
32	176	0.640947
32	177	0.655762
32	178	0.651902
32	180	0.650499
33	74	0.732709
33	117	1.87063
33	123	0.779621
33	135	0.794416
33	138	0.79926
33	139	0.805065
33	144	0.777334
33	147	0.803653
33	154	0.812505
33	159	0.822282
33	160	1.80062
33	167	0.638906
33	169	2.14752
33	172	0.635781
34	22	2.58702
34	66	0.7151
34	89	0.676782
34	111	0.748036
34	119	3.00972
34	142	0.732069
34	156	0.745324
34	157	0.746989
34	161	0.744901
34	164	0.598182
34	168	0.598926
34	172	0.596318
34	177	0.768474
34	178	0.764614
35	44	1.89891
35	140	0.765866
35	144	2.06838
35	158	0.775351
35	162	0.783014
35	163	0.799312
35	170	0.783426
35	173	0.775578
35	174	0.791492
35	175	0.793288
35	176	0.797428
35	177	1.82098
35	179	0.781586
35	180	0.806981
36	39	2.58095
36	55	0.746079
36	98	0.715777
36	123	2.88316
36	130	0.71188
36	151	0.713616
36	160	0.680547
36	163	0.707214
36	166	0.690551
36	174	0.699394
36	175	0.70119
36	176	0.70533
36	179	0.689488
36	180	0.714883
37	115	0.479766
37	122	0.63835
37	125	0.476084
37	143	0.655629
37	144	0.618198
37	145	0.483629
37	156	0.625651
37	159	0.663147
37	171	0.628125
37	174	0.62805
37	177	0.648802
37	178	0.644942
37	179	0.618144
37	180	0.643539
38	43	1.90871
38	92	1.98849
38	104	1.56227
38	136	0.770891
38	151	0.796088
38	155	0.771611
38	160	0.76302
38	162	0.773389
38	166	0.773024
38	171	0.781942
38	173	0.765953
38	174	0.781867
38	175	0.783663
38	179	0.771961
39	36	2.58095
39	43	0.769664
39	45	0.662187
39	61	0.754001
39	82	0.757147
39	109	0.777336
39	124	1.42805
39	142	0.764932
39	146	0.635908
39	150	0.78518
39	156	0.778186
39	162	1.70933
39	177	0.801337
39	178	0.797477
40	111	2.03058
40	121	0.779178
40	123	0.775838
40	128	0.780672
40	138	0.795477
40	144	0.773551
40	147	0.799871
40	153	0.808926
40	154	0.808722
40	159	0.8185
40	162	1.88505
40	164	0.633862
40	170	1.97092
40	172	0.631999
41	53	1.6277
41	65	1.53016
41	133	0.768527
41	136	0.773437
41	148	2.20038
41	163	0.792232
41	165	0.774593
41	170	0.776346
41	171	0.784488
41	174	0.784413
41	175	0.786208
41	176	0.790349
41	179	0.774507
41	180	0.799901
42	80	0.787952
42	132	0.783183
42	135	0.797842
42	139	0.808492
42	143	0.818192
42	144	0.78076
42	149	0.643944
42	153	0.816136
42	155	2.06172
42	159	0.825709
42	164	0.641072
42	168	0.641816
42	173	1.98537
42	180	1.9082
43	38	1.90871
43	39	0.769664
43	62	0.731767
43	76	0.71727
43	99	0.734328
43	114	0.765068
43	118	2.13212
43	134	0.768682
43	142	0.755239
43	148	0.752206
43	161	0.76807
43	171	2.11546
43	172	0.619487
43	177	0.791643
43	178	0.787783
44	4	0.780791
44	21	0.771581
44	35	1.89891
44	51	1.87405
44	91	0.733624
44	102	2.09895
44	103	0.757712
44	129	0.755265
44	134	0.75964
44	137	0.75962
44	142	0.746197
44	161	0.759028
44	167	0.61357
44	177	0.782602
44	178	0.778742
45	39	0.662187
45	81	0.510915
45	90	0.6733
45	111	0.663727
45	112	0.6411
45	113	0.653036
45	116	0.682631
45	127	0.664126
45	156	0.661015
45	160	6.14647
45	161	0.660593
45	167	0.515135
45	168	0.514618
45	177	0.684166
45	178	0.680306
46	23	0.700658
46	31	0.758824
46	48	2.07273
46	61	0.727805
46	66	0.721767
46	85	2.03417
46	98	1.75667
46	101	0.75945
46	112	0.732075
46	137	0.752159
46	156	0.751991
46	157	0.753656
46	161	0.751568
46	177	0.775141
46	178	0.771281
47	53	2.88299
47	94	0.711299
47	107	0.711816
47	140	0.694397
47	155	0.709767
47	157	3.05729
47	160	0.701175
47	164	0.570481
47	166	0.711179
47	173	0.704109
47	174	0.720023
47	175	0.721818
47	176	0.725958
47	179	0.710116
47	180	0.735511
48	29	0.604513
48	46	2.07273
48	92	0.754725
48	104	0.784546
48	107	1.83709
48	123	0.768107
48	132	0.768242
48	143	0.803251
48	147	0.79214
48	152	0.630848
48	153	0.801195
48	154	0.800991
48	159	0.810769
48	162	2.11463
48	168	0.626875
49	139	0.657678
49	153	0.665323
49	154	0.665118
49	159	0.674896
49	161	0.636978
49	164	0.490258
49	167	0.49152
49	172	0.488395
49	173	0.623886
49	174	0.6398
49	177	0.660551
49	178	0.656691
49	179	0.629893
49	180	0.655288
50	1	2.30586
50	84	0.718243
50	86	0.733682
50	112	0.720571
50	114	0.737062
50	129	0.736301
50	131	0.765674
50	133	1.95691
50	134	0.740676
50	150	0.747481
50	156	0.740487
50	157	0.742152
50	169	1.87049
50	177	0.763638
50	178	0.759778
51	44	1.87405
51	111	2.14339
51	126	0.766392
51	140	0.748878
51	156	1.99401
51	158	0.758363
51	163	0.782323
51	165	0.764684
51	170	0.766437
51	173	0.75859
51	174	0.774504
51	175	0.776299
51	176	0.78044
51	179	0.764598
51	180	0.789992
52	4	0.764648
52	103	0.74157
52	119	1.98942
52	127	0.74642
52	129	0.739123
52	137	0.743477
52	141	0.765669
52	142	0.730055
52	150	0.750302
52	157	0.744974
52	160	2.01094
52	161	0.742886
52	171	2.23833
52	177	0.766459
52	178	0.762599
53	41	1.6277
53	47	2.88299
53	87	0.723822
53	101	0.761656
53	130	1.51649
53	131	0.779384
53	134	0.754386
53	137	0.754365
53	148	0.73791
53	150	0.76119
53	156	0.754197
53	161	0.753774
53	167	0.608316
53	177	0.777347
53	178	0.773487
54	4	0.780049
54	64	2.2251
54	75	0.767197
54	84	0.736465
54	87	0.728335
54	103	0.756971
54	113	0.75073
54	122	0.771409
54	141	0.781069
54	144	2.05895
54	161	0.758287
54	167	0.612829
54	177	0.78186
54	178	0.778
54	180	1.88028
55	36	0.746079
55	96	1.33603
55	106	0.810867
55	111	1.7225
55	126	0.820386
55	138	1.49631
55	157	1.38225
55	160	0.80965
55	166	0.819654
55	169	0.82788
55	170	0.820431
55	174	0.828498
55	175	0.830293
55	176	0.834433
55	179	0.818591
55	180	0.843986
56	21	1.10194
56	23	2.24114
56	91	1.54916
56	121	1.32975
56	151	0.838782
56	158	0.80842
56	163	0.83238
56	165	0.814741
56	169	0.823943
56	171	0.824635
56	173	0.808647
56	174	0.824561
56	175	0.826356
56	176	0.830496
56	179	0.814654
56	180	0.840049
57	136	0.669613
57	155	0.670333
57	163	0.688409
57	164	0.531048
57	166	0.671745
57	168	0.531792
57	169	0.679971
57	170	0.672522
57	171	0.680664
57	173	0.664675
57	174	0.680589
57	175	0.682384
57	176	0.686525
57	178	6.32909
57	179	0.670683
57	180	0.696077
58	69	2.35262
58	74	0.700605
58	83	0.718387
58	104	0.763955
58	128	0.75235
58	132	0.747652
58	135	0.762311
58	138	0.767156
58	143	0.782661
58	146	0.610404
58	147	0.771549
58	154	0.7804
58	159	0.790178
58	166	2.23175
58	168	0.606284
58	177	2.08535
59	63	2.39432
59	108	0.731339
59	110	2.35745
59	115	0.600945
59	121	0.745005
59	123	0.741665
59	128	0.746498
59	135	0.756459
59	138	0.761304
59	144	0.739377
59	147	0.765697
59	153	0.774753
59	154	0.774548
59	159	0.784326
59	163	2.00825
59	168	0.600433
60	79	2.7035
60	92	0.729413
60	104	0.759234
60	121	0.746135
60	128	0.747628
60	138	0.762434
60	143	0.777939
60	144	0.740507
60	147	0.766827
60	151	1.80864
60	153	0.775883
60	154	0.775678
60	159	0.785456
60	162	2.14213
60	164	0.600818
60	172	0.598955
61	7	0.709296
61	39	0.754001
61	46	0.727805
61	82	0.73179
61	114	0.749404
61	132	2.27608
61	141	0.775189
61	142	0.739575
61	148	0.736542
61	157	0.754494
61	158	2.23478
61	161	0.752406
61	168	0.606431
61	177	0.77598
61	178	0.77212
61	180	2.01933
62	43	0.731767
62	66	0.710066
62	86	0.733484
62	101	0.747749
62	111	0.743001
62	114	0.736864
62	116	0.761905
62	129	0.736103
62	157	0.741955
62	161	0.739867
62	165	2.3562
62	166	2.17535
62	167	0.594409
62	175	2.20382
62	177	0.76344
62	178	0.75958
63	59	2.39432
63	107	0.737662
63	109	2.19976
63	133	0.729982
63	140	0.720242
63	141	2.07453
63	155	0.735612
63	160	0.72702
63	162	0.737389
63	169	0.74525
63	170	0.737801
63	171	0.745942
63	174	0.745868
63	175	0.747663
63	176	0.751803
63	179	0.735961
63	180	0.761356
64	54	2.2251
64	75	1.97431
64	98	0.760507
64	119	0.740971
64	150	2.46581
64	158	0.727983
64	160	0.725276
64	162	0.735645
64	163	0.751943
64	165	0.734304
64	166	0.73528
64	170	0.736057
64	174	0.744124
64	175	0.745919
64	176	0.750059
64	179	0.734217
64	180	0.759612
65	41	1.53016
65	76	0.752389
65	90	0.815896
65	112	0.783696
65	113	0.795632
65	115	0.657726
65	122	0.81631
65	136	1.94831
65	142	0.790357
65	148	0.787324
65	156	0.803611
65	161	0.803188
65	165	1.89062
65	166	1.70976
65	172	0.654606
65	177	0.826762
65	178	0.822902
66	7	0.703258
66	34	0.7151
66	46	0.721767
66	62	0.710066
66	82	0.725752
66	86	0.739986
66	90	0.759075
66	96	0.758417
66	105	0.747183
66	118	2.24063
66	134	0.74698
66	168	0.600393
66	170	2.53018
66	172	0.597785
66	176	2.33092
66	177	0.769941
66	178	0.766081
67	8	0.572376
67	129	0.629844
67	139	0.654308
67	141	0.65639
67	145	0.492008
67	149	0.489761
67	153	0.661953
67	154	0.661748
67	159	0.671526
67	164	0.486888
67	165	0.62661
67	172	0.485025
67	174	0.63643
67	175	0.638225
67	177	0.657181
67	178	0.653321
67	180	0.651918
68	75	1.98536
68	85	0.733266
68	108	2.05292
68	117	0.751152
68	118	0.749747
68	143	2.29934
68	152	0.6004
68	155	0.734968
68	158	0.729083
68	165	0.735404
68	169	0.744606
68	170	0.737157
68	174	0.745224
68	175	0.747019
68	176	0.75116
68	179	0.735318
68	180	0.760712
69	58	2.35262
69	90	1.9188
69	110	0.721867
69	113	2.36878
69	158	0.746575
69	160	0.743868
69	162	0.754238
69	163	0.770536
69	165	0.752896
69	166	0.753872
69	168	0.613919
69	171	0.762791
69	173	0.746802
69	174	0.762716
69	175	0.764511
69	176	0.768652
69	180	0.778204
70	87	1.80317
70	113	1.89719
70	151	0.820866
70	159	1.5952
70	160	0.787797
70	163	0.814464
70	165	0.796825
70	166	0.797801
70	170	0.798578
70	171	0.806719
70	172	0.65524
70	173	0.790731
70	174	0.806645
70	175	0.80844
70	176	0.81258
70	177	1.62385
70	179	0.796738
70	180	0.822133
71	29	0.472257
71	32	0.496615
71	121	0.639192
71	128	0.640685
71	131	0.666205
71	139	0.661295
71	146	0.498739
71	150	0.648011
71	156	0.641017
71	163	0.651236
71	165	0.633597
71	167	0.495137
71	168	0.49462
71	175	0.645212
71	176	0.649352
71	177	0.664168
71	178	0.660308
71	180	0.658905
72	83	0.684492
72	103	2.34554
72	104	0.730061
72	121	0.716962
72	128	0.718455
72	132	0.713757
72	135	0.728417
72	138	0.733261
72	139	0.739066
72	143	0.748766
72	144	0.711334
72	147	0.737654
72	153	0.74671
72	154	0.746506
72	157	2.40237
72	159	0.756283
72	164	0.571646
72	180	2.46407
73	21	2.32979
73	83	2.27929
73	99	2.32951
73	102	0.725409
73	145	0.612261
73	151	0.770904
73	158	0.740542
73	160	0.737835
73	162	0.748204
73	165	0.746863
73	168	0.607886
73	170	0.748616
73	173	0.740769
73	174	0.756683
73	175	0.758478
73	176	0.762618
73	179	0.746776
73	180	0.772171
74	10	2.54487
74	33	0.732709
74	58	0.700605
74	93	0.740757
74	104	0.73621
74	121	0.723111
74	128	0.724605
74	132	0.719907
74	135	0.734566
74	138	0.73941
74	139	0.745215
74	143	0.754915
74	144	0.717484
74	147	0.743804
74	149	0.580668
74	152	0.582512
74	172	0.575932
74	174	2.64548
74	176	2.61441
75	8	0.723848
75	26	0.723245
75	54	0.767197
75	64	1.97431
75	68	1.98536
75	86	0.778697
75	89	0.716961
75	90	0.797787
75	112	0.765586
75	129	0.781316
75	134	0.785691
75	140	2.01496
75	142	0.772248
75	146	0.643223
75	157	0.787167
75	161	0.785079
75	164	0.63836
75	175	1.73564
75	177	0.808653
76	28	0.566036
76	43	0.71727
76	65	0.752389
76	99	0.691628
76	100	2.52769
76	103	0.724054
76	114	0.722368
76	122	0.738492
76	131	0.75098
76	137	0.725961
76	142	0.712538
76	144	2.71352
76	148	0.709505
76	150	0.732786
76	161	0.72537
76	164	0.57865
76	177	0.748943
76	178	0.745083
76	179	2.63491
77	100	0.695343
77	101	2.4007
77	107	0.726903
77	133	0.719224
77	141	2.32216
77	151	0.749331
77	155	0.724853
77	158	0.718968
77	161	2.77508
77	165	0.725289
77	166	0.726266
77	168	0.586312
77	169	0.734492
77	173	0.719195
77	174	0.735109
77	175	0.736905
77	176	0.741045
77	179	0.725203
77	180	0.750598
78	95	2.5514
78	120	0.725883
78	130	0.742146
78	140	0.704034
78	151	0.743881
78	160	0.710812
78	161	2.48465
78	162	0.721181
78	165	0.71984
78	166	0.720816
78	169	0.729042
78	170	0.721593
78	171	0.729734
78	173	0.713746
78	174	0.72966
78	175	0.731455
78	177	2.36594
78	179	0.719753
78	180	0.745148
79	1	0.693884
79	60	2.7035
79	101	2.33561
79	108	2.39143
79	120	0.729271
79	140	0.707422
79	155	0.722792
79	158	0.716907
79	162	0.72457
79	163	0.740867
79	166	0.724204
79	169	0.73243
79	170	0.724981
79	171	0.733123
79	173	0.717134
79	174	0.733048
79	175	0.734843
79	176	0.738984
79	180	0.748536
80	32	0.63235
80	42	0.787952
80	108	0.761261
80	121	0.774927
80	132	0.771723
80	135	0.786382
80	139	0.797031
80	141	1.65229
80	143	0.806731
80	144	0.7693
80	147	0.79562
80	149	0.632484
80	153	0.804675
80	154	0.804471
80	159	0.814249
80	168	0.630355
80	176	2.07485
80	179	2.15529
80	180	2.05522
81	45	0.510915
81	109	0.626064
81	120	0.625537
81	139	0.647192
81	141	0.649274
81	145	0.484892
81	146	0.484635
81	147	0.645781
81	148	0.610627
81	149	0.482645
81	152	0.484489
81	153	0.654836
81	154	0.654632
81	158	0.613172
81	159	0.66441
81	170	0.621247
81	178	0.646205
81	179	0.619407
81	180	0.644802
82	4	0.777315
82	39	0.757147
82	61	0.73179
82	66	0.725752
82	88	2.04136
82	101	0.763435
82	103	0.754237
82	122	0.768675
82	131	0.781163
82	137	0.756144
82	142	0.742722
82	151	1.92957
82	156	0.755976
82	157	0.757641
82	161	0.755553
82	169	2.16225
82	170	2.34893
82	172	0.60697
82	177	0.779126
82	178	0.775266
83	58	0.718387
83	72	0.684492
83	73	2.27929
83	92	0.724171
83	93	0.758539
83	108	0.727227
83	121	0.740893
83	123	0.737553
83	128	0.742386
83	132	0.737688
83	134	2.16102
83	135	0.752348
83	138	0.757192
83	143	0.772697
83	144	0.735266
83	147	0.761586
83	151	1.74024
83	153	0.770641
83	159	0.780215
83	179	2.04078
84	9	2.39151
84	22	1.3938
84	50	0.718243
84	54	0.736465
84	87	0.724396
84	95	0.727565
84	96	0.766397
84	103	0.753032
84	112	0.734855
84	131	0.779958
84	134	0.75496
84	137	0.754939
84	142	0.741516
84	146	0.612492
84	150	0.761764
84	156	0.75477
84	169	2.18493
84	174	2.20342
84	177	0.777921
84	178	0.774061
85	46	2.03417
85	68	0.733266
85	107	0.761649
85	126	0.761743
85	132	2.19981
85	139	1.91021
85	144	2.12173
85	155	0.759599
85	158	0.753714
85	160	0.751008
85	162	0.761377
85	165	0.760035
85	168	0.621058
85	170	0.761788
85	171	0.76993
85	173	0.753941
85	174	0.769855
85	175	0.77165
85	176	0.775791
85	179	0.759949
85	180	0.785343
86	26	0.707952
86	50	0.733682
86	62	0.733484
86	66	0.739986
86	75	0.778697
86	121	2.32982
86	122	0.782909
86	127	0.77332
86	129	0.766024
86	141	0.792569
86	142	0.756955
86	149	0.62594
86	150	0.777203
86	151	1.87593
86	155	2.22994
86	157	0.771875
86	163	2.20218
86	164	0.623067
86	168	0.623812
86	177	0.79336
86	178	0.7895
87	19	2.87691
87	25	1.76525
87	53	0.723822
87	54	0.728335
87	70	1.80317
87	84	0.724396
87	90	0.758924
87	91	0.720813
87	99	0.712475
87	103	0.744901
87	122	0.759339
87	127	0.749751
87	129	0.742454
87	137	0.746808
87	141	0.769
87	152	0.604215
87	157	0.748305
87	161	0.746217
87	177	0.769791
87	178	0.76593
87	180	2.07621
88	15	0.721997
88	26	2.64607
88	82	2.04136
88	97	0.728248
88	101	1.55253
88	119	0.762887
88	120	0.762263
88	124	0.79321
88	127	1.94812
88	152	0.621216
88	155	0.755784
88	162	0.757562
88	166	0.757196
88	168	0.617243
88	169	0.765422
88	170	0.757973
88	171	0.766115
88	174	0.76604
88	175	0.767835
88	176	0.771976
88	179	0.756134
89	34	0.676782
89	75	0.716961
89	90	0.720758
89	91	0.682647
89	95	0.681268
89	113	0.700494
89	116	0.730089
89	127	0.711584
89	129	0.704287
89	140	3.08698
89	141	0.730833
89	145	0.566451
89	148	0.692186
89	150	0.715467
89	157	0.710139
89	161	0.708051
89	166	2.77919
89	167	0.562593
89	173	2.77869
89	177	0.731624
89	178	0.727764
90	5	0.819572
90	12	0.806946
90	45	0.6733
90	65	0.815896
90	66	0.759075
90	69	1.9188
90	75	0.797787
90	87	0.758924
90	89	0.720758
90	109	0.788449
90	111	0.792011
90	116	0.810915
90	129	0.785113
90	130	1.50712
90	132	1.977
90	133	1.83887
90	157	0.790964
90	161	0.788876
90	172	0.640294
90	177	0.81245
90	178	0.80859
90	180	1.72025
91	44	0.733624
91	56	1.54916
91	87	0.720813
91	89	0.682647
91	101	0.758647
91	105	0.75158
91	114	0.747763
91	116	0.772804
91	125	0.601621
91	129	0.747002
91	133	2.55705
91	137	0.751356
91	148	0.734901
91	152	0.608763
91	156	0.751188
91	157	0.752853
91	161	0.750765
91	167	0.605307
91	174	2.48913
91	176	2.45806
91	177	0.774338
91	178	0.770478
92	38	1.98849
92	48	0.754725
92	60	0.729413
92	83	0.724171
92	93	0.774287
92	107	2.13803
92	120	2.24555
92	121	0.756641
92	123	0.753301
92	135	0.768096
92	139	0.778745
92	143	0.788445
92	144	0.751014
92	146	0.616188
92	147	0.777334
92	153	0.786389
92	154	0.786185
92	155	2.43608
92	159	0.795963
92	164	0.611325
92	168	0.612069
92	172	0.609462
93	6	0.717836
93	74	0.740757
93	83	0.758539
93	92	0.774287
93	94	2.07229
93	104	0.804108
93	105	1.57452
93	120	1.69951
93	121	0.791009
93	123	0.787669
93	125	0.643268
93	132	0.787804
93	135	0.802464
93	139	0.813113
93	144	0.785382
93	147	0.811702
93	153	0.820757
93	154	0.820553
93	159	0.83033
93	171	1.64919
93	172	0.64383
93	176	1.75613
94	13	0.624675
94	27	0.706574
94	47	0.711299
94	93	2.07229
94	95	2.41813
94	108	2.03283
94	115	0.624805
94	119	0.769937
94	130	0.785576
94	136	0.762114
94	160	0.754243
94	165	0.76327
94	166	0.764247
94	167	0.62481
94	169	0.772472
94	171	0.773165
94	173	0.757176
94	174	0.77309
94	176	0.779026
94	178	1.99248
94	179	0.763184
94	180	0.788578
95	8	0.688155
95	24	0.605376
95	78	2.5514
95	84	0.727565
95	89	0.681268
95	94	2.41813
95	96	0.761436
95	100	2.07519
95	122	0.762508
95	127	0.75292
95	129	0.745623
95	131	0.774997
95	134	0.749998
95	137	0.749978
95	141	0.772169
95	142	0.736555
95	148	0.733522
95	157	0.751474
95	168	0.603411
95	171	1.99504
95	177	0.77296
95	178	0.7691
96	12	0.806288
96	55	1.33603
96	66	0.758417
96	84	0.766397
96	95	0.761436
96	103	0.786903
96	105	0.789033
96	114	0.785216
96	116	0.810257
96	122	0.80134
96	126	1.71729
96	145	0.646619
96	150	0.795635
96	156	0.788641
96	157	0.790306
96	161	0.788218
96	165	2.11623
96	166	1.93537
96	168	0.642243
96	175	1.96384
96	177	0.811792
96	178	0.807932
97	88	0.728248
97	107	0.735815
97	119	0.740868
97	130	0.756507
97	135	2.07924
97	136	0.733045
97	139	2.17809
97	140	0.718395
97	150	2.36633
97	151	0.758243
97	158	0.72788
97	160	0.725174
97	165	0.734201
97	169	0.743404
97	170	0.735955
97	171	0.744096
97	172	0.592616
97	174	0.744021
97	175	0.745817
97	176	0.749957
97	177	2.14222
97	179	0.734115
97	180	0.75951
98	9	0.758186
98	36	0.715777
98	46	1.75667
98	64	0.760507
98	114	1.83281
98	116	1.62536
98	117	0.804124
98	126	0.790084
98	127	1.73676
98	131	1.61714
98	158	0.782055
98	160	0.779349
98	162	0.789718
98	163	0.806016
98	165	0.788376
98	169	0.797579
98	170	0.79013
98	171	0.798271
98	172	0.646791
98	173	0.782282
98	174	0.798196
98	179	0.78829
98	180	0.813685
99	7	0.699317
99	11	2.59601
99	26	0.680593
99	43	0.734328
99	73	2.32951
99	76	0.691628
99	87	0.712475
99	103	0.741111
99	109	0.741999
99	116	0.764466
99	127	0.745961
99	131	0.768037
99	134	0.743039
99	136	2.30717
99	142	0.729596
99	146	0.600571
99	150	0.749843
99	156	0.74285
99	157	0.744515
99	172	0.593844
99	175	2.09709
99	177	0.766
99	178	0.76214
100	8	2.52933
100	76	2.52769
100	77	0.695343
100	95	2.07519
100	110	0.701198
100	130	0.754533
100	136	0.731071
100	140	0.716421
100	151	0.756269
100	154	1.92497
100	155	0.731791
100	158	0.725906
100	162	0.733569
100	163	0.749867
100	165	0.732227
100	166	0.733204
100	169	0.74143
100	173	0.726133
100	174	0.742047
100	175	0.743843
100	176	0.747983
100	179	0.732141
100	180	0.757536
101	46	0.75945
101	53	0.761656
101	62	0.747749
101	77	2.4007
101	79	2.33561
101	82	0.763435
101	88	1.55253
101	91	0.758647
101	109	0.783623
101	111	0.787186
101	113	0.776494
101	119	1.30501
101	141	0.806834
101	142	0.77122
101	148	0.768187
101	150	0.791468
101	156	0.784474
101	161	0.784051
101	164	0.637332
101	167	0.638593
101	174	1.69192
101	177	0.807624
101	178	0.803764
102	7	2.49151
102	44	2.09895
102	73	0.725409
102	110	0.709691
102	124	0.77771
102	129	2.17416
102	136	0.739564
102	140	0.724914
102	142	2.21908
102	155	0.740284
102	160	0.731692
102	162	0.742062
102	163	0.758359
102	165	0.74072
102	168	0.601743
102	170	0.742473
102	171	0.750615
102	173	0.734626
102	174	0.75054
102	175	0.752335
102	176	0.756476
102	179	0.740634
102	180	0.766028
103	44	0.757712
103	52	0.74157
103	54	0.756971
103	72	2.34554
103	76	0.724054
103	82	0.754237
103	84	0.753032
103	87	0.744901
103	96	0.786903
103	99	0.741111
103	106	1.78028
103	111	0.777988
103	115	0.62939
103	118	1.77643
103	122	0.787975
103	125	0.625709
103	131	0.800463
103	142	0.762022
103	148	0.758989
103	157	0.776941
103	158	2.06254
103	169	1.87929
103	177	0.798427
103	178	0.794567
104	1	2.3239
104	38	1.56227
104	48	0.784546
104	58	0.763955
104	60	0.759234
104	72	0.730061
104	74	0.73621
104	93	0.804108
104	108	0.772796
104	110	2.33132
104	121	0.786462
104	128	0.787955
104	143	0.818266
104	144	0.780834
104	146	0.646009
104	147	0.807154
104	151	1.65586
104	153	0.81621
104	154	0.816006
104	159	0.825783
104	164	0.641146
104	167	0.642407
104	170	2.07522
104	172	0.639282
105	16	2.37082
105	66	0.747183
105	91	0.75158
105	93	1.57452
105	96	0.789033
105	111	0.780118
105	112	0.757491
105	113	0.769427
105	122	0.790106
105	129	0.773221
105	134	0.777596
105	141	0.799766
105	142	0.764152
105	148	0.761119
105	152	0.634982
105	156	0.777406
105	161	0.776984
105	162	1.93664
105	164	0.630264
105	165	2.06217
105	170	2.02251
105	172	0.628401
105	177	0.800557
105	178	0.796697
106	27	0.697666
106	55	0.810867
106	103	1.78028
106	110	0.723333
106	118	0.768705
106	120	0.760405
106	124	0.791352
106	126	0.75607
106	137	1.87751
106	142	2.02814
106	151	0.778403
106	154	1.86533
106	158	0.748041
106	162	0.755704
106	163	0.772002
106	166	0.755338
106	169	0.763564
106	170	0.756115
106	171	0.764257
106	173	0.748268
106	175	0.765977
106	176	0.770118
106	178	1.58989
106	179	0.754276
107	47	0.711816
107	48	1.83709
107	63	0.737662
107	77	0.726903
107	85	0.761649
107	92	2.13803
107	97	0.735815
107	119	0.770454
107	133	0.757722
107	144	1.99976
107	153	1.94747
107	155	0.763351
107	156	1.95025
107	160	0.75476
107	163	0.781427
107	165	0.763787
107	166	0.764764
107	169	0.77299
107	171	0.773682
107	173	0.757693
107	174	0.773607
107	175	0.775403
107	176	0.779543
107	179	0.763701
107	180	0.789095
108	59	0.731339
108	68	2.05292
108	79	2.39143
108	80	0.761261
108	83	0.727227
108	94	2.03283
108	104	0.772796
108	121	0.759697
108	123	0.756357
108	128	0.76119
108	132	0.756492
108	135	0.771152
108	138	0.775996
108	139	0.781801
108	143	0.791501
108	144	0.754069
108	146	0.619244
108	147	0.780389
108	152	0.619098
108	153	0.789445
108	154	0.789241
108	159	0.799018
108	162	1.83006
108	167	0.615642
108	170	1.91593
109	5	0.806437
109	15	2.38019
109	17	0.707441
109	39	0.777336
109	63	2.19976
109	81	0.626064
109	90	0.788449
109	99	0.741999
109	101	0.783623
109	114	0.772739
109	116	0.79778
109	122	0.788863
109	136	2.00414
109	141	0.798524
109	142	0.76291
109	150	0.783158
109	152	0.633739
109	157	0.777829
109	161	0.775741
109	165	1.94645
109	167	0.630283
109	168	0.629766
109	174	1.73861
109	177	0.799315
109	178	0.795455
110	59	2.35745
110	69	0.721867
110	100	0.701198
110	102	0.709691
110	104	2.33132
110	106	0.723333
110	118	0.745488
110	126	0.732852
110	129	2.52501
110	133	0.725079
110	136	0.729988
110	142	2.56993
110	146	0.596286
110	158	0.724823
110	163	0.748784
110	166	0.732121
110	167	0.592684
110	169	0.740347
110	170	0.732898
110	173	0.72505
110	174	0.740964
110	175	0.74276
110	176	0.7469
110	179	0.731058
110	180	0.756453
111	23	0.728394
111	34	0.748036
111	40	2.03058
111	45	0.663727
111	51	2.14339
111	55	1.7225
111	62	0.743001
111	90	0.792011
111	101	0.787186
111	103	0.777988
111	105	0.780118
111	119	1.90794
111	122	0.792426
111	127	0.782838
111	141	0.802086
111	148	0.76344
111	150	0.78672
111	156	0.779727
111	157	0.781392
111	161	0.779304
111	164	0.632585
111	167	0.633846
111	172	0.630721
111	173	2.32134
111	178	0.799017
112	5	0.787372
112	21	0.769229
112	45	0.6411
112	46	0.732075
112	50	0.720571
112	65	0.783696
112	75	0.765586
112	84	0.734855
112	105	0.757491
112	116	0.778715
112	117	1.78873
112	122	0.769798
112	125	0.607532
112	127	0.76021
112	141	0.779459
112	148	0.740812
112	156	0.757099
112	157	0.758764
112	161	0.756676
112	163	2.15919
112	165	2.29195
112	169	2.06562
112	175	2.13956
112	177	0.78025
112	178	0.77639
113	21	0.781164
113	26	0.706778
113	31	0.775868
113	45	0.653036
113	54	0.75073
113	65	0.795632
113	69	2.36878
113	70	1.89719
113	89	0.700494
113	101	0.776494
113	105	0.769427
113	115	0.623149
113	127	0.772146
113	129	0.764849
113	131	0.794222
113	142	0.755781
113	148	0.752748
113	151	1.96975
113	156	0.769035
113	161	0.768612
113	164	0.621893
113	172	0.62003
113	173	2.24741
113	177	0.792186
113	178	0.788326
113	179	2.27029
114	20	1.99339
114	43	0.765068
114	50	0.737062
114	61	0.749404
114	62	0.736864
114	76	0.722368
114	91	0.747763
114	96	0.785216
114	98	1.83281
114	109	0.772739
114	122	0.786289
114	127	0.776701
114	134	0.773779
114	137	0.773758
114	140	2.51833
114	145	0.631567
114	156	0.77359
114	157	0.775255
114	161	0.773167
114	163	2.25863
114	164	0.626448
114	167	0.627709
114	168	0.627192
114	171	2.04555
114	177	0.79674
114	178	0.79288
115	2	0.498496
115	32	0.486726
115	37	0.479766
115	59	0.600945
115	65	0.657726
115	94	0.624805
115	103	0.62939
115	113	0.623149
115	128	0.630797
115	129	0.626943
115	135	0.640758
115	143	0.661107
115	147	0.649996
115	150	0.638123
115	152	0.488704
115	153	0.659051
115	156	0.631129
115	159	0.668625
115	163	0.641348
115	167	0.485248
115	168	0.484731
115	169	0.632911
115	170	0.625462
115	176	0.639464
115	177	0.65428
115	178	0.65042
115	179	0.623622
115	180	0.649017
116	5	0.828904
116	17	0.729907
116	45	0.682631
116	62	0.761905
116	89	0.730089
116	90	0.810915
116	91	0.772804
116	96	0.810257
116	98	1.62536
116	99	0.764466
116	109	0.79778
116	112	0.778715
116	124	1.77714
116	125	0.649063
116	127	0.801741
116	129	0.794445
116	131	0.823818
116	148	0.782343
116	150	0.805624
116	158	2.14087
116	161	0.798208
116	164	0.651488
116	167	0.65275
116	168	0.652233
116	173	2.00259
116	175	2.03156
116	178	0.817921
116	179	2.02547
117	27	0.721225
117	33	1.87063
117	68	0.751152
117	98	0.804124
117	112	1.78873
117	120	0.783965
117	124	0.814911
117	129	1.80534
117	130	0.800227
117	134	1.94122
117	136	0.776766
117	140	0.762115
117	150	1.87631
117	152	0.642917
117	158	0.7716
117	162	0.779263
117	163	0.795561
117	165	0.777921
117	166	0.778898
117	168	0.638944
117	169	0.787124
117	171	0.787816
117	173	0.771827
117	174	0.787741
117	176	0.793677
117	177	1.6522
117	179	0.777835
117	180	0.80323
118	5	1.43666
118	28	0.624181
118	43	2.13212
118	66	2.24063
118	68	0.749747
118	103	1.77643
118	106	0.768705
118	110	0.745488
118	120	0.78256
118	130	0.798823
118	133	0.770451
118	136	0.775361
118	142	2.02429
118	158	0.770196
118	160	0.767489
118	162	0.777858
118	165	0.776517
118	166	0.777493
118	167	0.638057
118	169	0.785719
118	170	0.77827
118	171	0.786411
118	173	0.770423
118	174	0.786337
118	175	0.788132
118	176	0.792272
118	177	1.82623
118	179	0.77643
118	180	0.801825
119	34	3.00972
119	52	1.98942
119	64	0.740971
119	88	0.762887
119	94	0.769937
119	97	0.740868
119	101	1.30501
119	107	0.770454
119	111	1.90794
119	126	0.770548
119	130	0.791147
119	137	1.60809
119	151	0.792882
119	152	0.633836
119	155	0.768405
119	159	1.53202
119	160	0.759813
119	162	0.770182
119	165	0.768841
119	166	0.769817
119	169	0.778043
119	170	0.770594
119	171	0.778735
119	173	0.762747
119	174	0.778661
119	175	0.780456
119	176	0.784596
119	179	0.768754
119	180	0.794149
120	78	0.725883
120	79	0.729271
120	81	0.625537
120	88	0.762263
120	92	2.24555
120	93	1.69951
120	106	0.760405
120	117	0.783965
120	118	0.78256
120	121	2.18203
120	133	0.762151
120	136	0.767061
120	140	0.75241
120	151	0.792258
120	154	1.89514
120	155	0.767781
120	157	1.86692
120	158	0.761896
120	162	0.769558
120	163	0.785856
120	165	0.768217
120	166	0.769193
120	170	0.76997
120	172	0.626632
120	173	0.762123
120	174	0.778037
120	175	0.779832
120	178	1.6197
120	179	0.76813
120	180	0.793525
121	13	0.629173
121	40	0.779178
121	56	1.32975
121	59	0.745005
121	60	0.746135
121	71	0.639192
121	72	0.716962
121	74	0.723111
121	80	0.774927
121	83	0.740893
121	86	2.32982
121	92	0.756641
121	93	0.791009
121	104	0.786462
121	108	0.759697
121	120	2.18203
121	123	0.770023
121	128	0.774856
121	132	0.770158
121	135	0.784818
121	138	0.789662
121	143	0.805167
121	144	0.767736
121	145	0.633166
121	154	0.802907
121	159	0.812684
121	160	1.90432
121	166	2.2967
121	168	0.628791
121	179	2.31909
122	23	0.738381
122	32	0.645311
122	37	0.63835
122	54	0.771409
122	65	0.81631
122	76	0.738492
122	82	0.768675
122	86	0.782909
122	87	0.759339
122	95	0.762508
122	96	0.80134
122	103	0.787975
122	105	0.790106
122	109	0.788863
122	111	0.792426
122	112	0.769798
122	114	0.786289
122	125	0.640147
122	126	1.70372
122	127	0.792825
122	130	1.63099
122	131	0.814901
122	142	0.77646
122	148	0.773427
122	158	2.05957
122	161	0.789291
122	166	1.9218
122	170	2.063
122	173	1.9213
122	175	1.95027
122	177	0.812865
122	178	0.809004
123	17	2.4965
123	30	0.781713
123	32	0.627446
123	33	0.779621
123	36	2.88316
123	40	0.775838
123	48	0.768107
123	59	0.741665
123	83	0.737553
123	92	0.753301
123	93	0.787669
123	108	0.756357
123	121	0.770023
123	126	1.73813
123	128	0.771516
123	132	0.766818
123	135	0.781478
123	138	0.786322
123	143	0.801827
123	144	0.764395
123	149	0.62758
123	152	0.629424
123	153	0.799771
123	154	0.799567
123	159	0.809344
123	161	1.92852
123	164	0.624707
123	167	0.625968
123	168	0.625451
123	172	0.622843
123	179	1.9786
123	180	1.87854
124	31	1.86757
124	39	1.42805
124	88	0.79321
124	102	0.77771
124	106	0.791352
124	116	1.77714
124	117	0.814911
124	125	0.657017
124	131	1.76892
124	133	0.793098
124	134	2.03764
124	149	0.662315
124	154	1.78386
124	155	0.798727
124	158	0.792842
124	159	1.71997
124	160	0.790136
124	162	0.800505
124	163	0.816803
124	164	0.659442
124	165	0.799163
124	166	0.80014
124	167	0.660703
124	169	0.808366
124	170	0.800917
124	171	0.809058
124	172	0.657579
124	173	0.793069
124	174	0.808983
124	175	0.810779
124	176	0.814919
124	180	0.824472
125	37	0.476084
125	91	0.601621
125	93	0.643268
125	103	0.625709
125	112	0.607532
125	116	0.649063
125	122	0.640147
125	124	0.657017
125	138	0.641921
125	139	0.647726
125	141	0.649807
125	143	0.657426
125	144	0.619994
125	149	0.483178
125	153	0.65537
125	154	0.655165
125	159	0.664943
125	160	0.610999
125	161	0.627025
125	162	0.621369
125	164	0.480305
125	165	0.620027
125	167	0.481567
125	168	0.48105
125	169	0.629229
125	171	0.629922
125	172	0.478442
125	175	0.631642
125	177	0.650598
125	178	0.646738
125	179	0.619941
125	180	0.645335
126	25	0.810217
126	51	0.766392
126	55	0.820386
126	85	0.761743
126	96	1.71729
126	98	0.790084
126	106	0.75607
126	110	0.732852
126	119	0.770548
126	122	1.70372
126	123	1.73813
126	131	1.77679
126	133	0.757816
126	134	2.04551
126	140	0.748075
126	144	2.00388
126	150	1.9806
126	151	0.787923
126	155	0.763445
126	158	0.75756
126	160	0.754854
126	162	0.765223
126	163	0.781521
126	165	0.763881
126	166	0.764858
126	169	0.773084
126	170	0.765635
126	171	0.773776
126	173	0.757787
126	174	0.773701
126	175	0.775497
126	176	0.779637
126	179	0.763795
127	7	0.736593
127	17	0.711402
127	31	0.786958
127	45	0.664126
127	52	0.74642
127	86	0.77332
127	87	0.749751
127	88	1.94812
127	89	0.711584
127	95	0.75292
127	98	1.73676
127	99	0.745961
127	111	0.782838
127	112	0.76021
127	113	0.772146
127	114	0.776701
127	116	0.801741
127	122	0.792825
127	137	0.780294
127	141	0.802485
127	142	0.766871
127	148	0.763839
127	150	0.787119
127	153	2.1632
127	157	0.781791
127	161	0.779703
127	163	2.16259
127	164	0.632983
127	166	2.1145
127	168	0.633728
127	172	0.63112
127	174	2.08751
127	177	0.803276
127	178	0.799416
127	179	2.13688
128	2	0.644049
128	6	0.701684
128	30	0.786547
128	40	0.780672
128	58	0.75235
128	59	0.746498
128	60	0.747628
128	71	0.640685
128	72	0.718455
128	74	0.724605
128	83	0.742386
128	104	0.787955
128	108	0.76119
128	115	0.630797
128	121	0.774856
128	123	0.771516
128	132	0.771652
128	134	2.40267
128	135	0.786311
128	138	0.791155
128	139	0.79696
128	143	0.80666
128	144	0.769229
128	146	0.634404
128	147	0.795549
128	151	1.98189
128	153	0.804604
128	154	0.8044
128	155	2.3359
128	159	0.814178
128	160	1.86767
128	166	2.26005
128	167	0.630801
128	168	0.630284
128	170	2.40125
128	172	0.627677
128	173	2.25955
129	8	0.711175
129	21	0.784958
129	23	0.721496
129	44	0.755265
129	50	0.736301
129	52	0.739123
129	62	0.736103
129	67	0.629844
129	75	0.781316
129	86	0.766024
129	87	0.742454
129	89	0.704287
129	90	0.785113
129	91	0.747002
129	95	0.745623
129	102	2.17416
129	105	0.773221
129	110	2.52501
129	113	0.764849
129	115	0.626943
129	116	0.794445
129	117	1.80534
129	133	2.16865
129	137	0.772997
129	141	0.795189
129	142	0.759575
129	146	0.63055
129	148	0.756542
129	149	0.62856
129	150	0.779822
129	157	0.774494
129	168	0.626431
129	170	2.26891
129	173	2.12721
129	177	0.795979
129	178	0.792119
129	179	2.15009
130	6	2.30052
130	11	0.769283
130	36	0.71188
130	53	1.51649
130	78	0.742146
130	90	1.50712
130	94	0.785576
130	97	0.756507
130	100	0.754533
130	117	0.800227
130	118	0.798823
130	119	0.791147
130	122	1.63099
130	136	0.783324
130	137	1.73118
130	140	0.768673
130	147	1.90961
130	150	1.90787
130	151	0.808521
130	152	0.649475
130	155	0.784043
130	158	0.778158
130	160	0.775452
130	161	1.80247
130	162	0.785821
130	163	0.802119
130	165	0.784479
130	166	0.785456
130	169	0.793682
130	170	0.786233
130	171	0.794374
130	172	0.642895
130	174	0.794299
130	175	0.796095
130	176	0.800235
130	179	0.784393
130	180	0.809788
131	8	0.740548
131	14	2.24877
131	17	0.733478
131	50	0.765674
131	53	0.779384
131	71	0.666205
131	76	0.75098
131	82	0.781163
131	84	0.779958
131	95	0.774997
131	98	1.61714
131	99	0.768037
131	103	0.800463
131	113	0.794222
131	116	0.823818
131	122	0.814901
131	124	1.76892
131	126	1.77679
131	134	0.802391
131	137	0.802371
131	141	0.824562
131	142	0.788948
131	145	0.66018
131	149	0.657933
131	150	0.809196
131	156	0.802202
131	157	0.803867
131	161	0.801779
131	163	2.04297
131	167	0.656321
131	168	0.655804
131	169	1.94939
131	172	0.653197
131	176	1.93682
131	177	0.825353
131	178	0.821493
131	180	1.9172
132	3	0.814627
132	6	0.696986
132	28	0.612228
132	42	0.783183
132	48	0.768242
132	58	0.747652
132	61	2.27608
132	72	0.713757
132	74	0.719907
132	80	0.771723
132	83	0.737688
132	85	2.19981
132	90	1.977
132	93	0.787804
132	108	0.756492
132	121	0.770158
132	123	0.766818
132	128	0.771652
132	135	0.781613
132	136	2.5386
132	138	0.786457
132	139	0.792262
132	143	0.801962
132	144	0.764531
132	145	0.629962
132	147	0.790851
132	149	0.627715
132	151	2.02189
132	152	0.629559
132	153	0.799906
