1	96	1.07858
1	98	1.07345
1	101	1.0607
1	109	1.01735
1	126	1.05549
1	127	1.04313
1	135	1.03141
1	138	0.986641
1	170	0.881898
1	171	0.844679
1	172	1.03988
1	177	0.894515
2	28	1.05311
2	58	1.05538
2	93	1.09069
2	97	1.01624
2	121	1.05389
2	130	1.04955
2	132	1.04587
2	143	1.03527
2	145	0.839221
2	157	0.926506
2	161	0.937138
2	170	0.900679
3	90	1.23197
3	105	0.945266
3	114	1.25379
3	116	0.947484
3	144	1.11715
3	152	0.925757
3	154	0.939636
3	157	0.937648
3	158	0.932976
3	161	0.929925
3	164	0.918214
3	178	0.923093
4	88	0.934397
4	92	1.1051
4	99	1.28386
4	139	0.913673
4	151	0.93449
4	159	1.21232
4	168	0.922665
4	169	0.936175
4	173	0.928391
4	175	0.940151
4	177	0.944219
4	179	0.945838
5	10	0.874184
5	34	1.35956
5	113	0.912146
5	145	0.96546
5	156	1.08118
5	164	1.15585
5	168	0.929804
5	169	0.943314
5	172	0.949282
5	174	0.927162
5	175	0.94729
5	177	0.951358
6	49	0.982152
6	71	1.22672
6	100	0.95383
6	105	0.934919
6	119	1.17589
6	151	1.19954
6	156	0.930916
6	160	0.923458
6	163	0.915709
6	164	0.907867
6	166	0.930573
6	167	0.920577
7	74	0.906985
7	105	0.916613
7	128	0.871146
7	131	1.03972
7	136	1.02679
7	137	1.07994
7	151	1.05082
7	165	0.901706
7	171	1.0595
7	173	1.04472
7	174	1.03635
7	179	1.06217
8	29	1.07978
8	35	1.06439
8	38	1.15221
8	44	1.02297
8	66	0.975387
8	80	1.0202
8	111	1.04108
8	113	0.962608
8	144	0.783832
8	149	0.955481
8	172	0.902865
8	178	1.04398
9	29	0.984816
9	89	1.08387
9	106	0.965195
9	109	0.945784
9	111	0.946115
9	117	0.9655
9	127	0.971566
9	143	1.12028
9	160	1.10248
9	178	0.949014
9	179	0.972012
10	5	0.874184
10	77	1.12686
10	102	1.1689
10	137	0.967361
10	147	0.932689
10	148	0.935034
10	164	1.30266
10	169	0.939927
10	171	0.946919
10	173	0.932142
10	174	0.923774
10	177	0.947971
11	31	1.0542
11	62	1.06515
11	64	0.972395
11	67	1.03986
11	82	1.07443
11	86	1.07161
11	106	1.05777
11	110	0.942025
11	172	0.897361
11	176	0.871658
11	177	0.894661
11	179	1.06459
12	50	0.825129
12	60	0.93913
12	74	1.00277
12	94	1.09798
12	103	1.03417
12	108	1.15173
12	112	1.08084
12	140	0.906022
12	159	0.949188
12	170	1.03108
12	177	0.920814
12	180	1.0623
13	20	1.02958
13	24	1.06257
13	33	0.765729
13	85	1.06362
13	91	1.04225
13	93	1.08952
13	97	1.01506
13	121	1.05272
13	132	1.04469
13	172	0.984086
13	179	0.963652
13	180	0.89975
14	43	0.838345
14	129	1.02391
14	134	1.00557
14	136	1.04204
14	148	1.00756
14	154	1.01537
14	156	1.01699
14	161	1.00566
14	163	1.00179
14	165	1.00741
14	166	1.01665
14	167	1.00666
14	174	1.01042
15	27	1.04881
15	34	0.91453
15	59	1.03269
15	111	1.00259
15	125	0.893715
15	130	1.02297
15	144	1.05144
15	154	0.997704
15	162	0.996158
15	167	1.01176
15	169	1.01882
15	174	1.00267
15	178	1.00548
16	17	1.02845
16	20	0.992833
16	52	0.951407
16	58	1.01747
16	85	1.02688
16	93	1.05277
16	121	1.01597
16	128	0.975703
16	130	1.01163
16	138	1.06532
16	148	1.00259
16	172	0.975899
16	180	0.891563
17	16	1.02845
17	34	0.925737
17	58	1.04001
17	97	1.00087
17	100	0.951958
17	115	0.995233
17	130	1.03418
17	132	1.03049
17	133	0.999314
17	143	1.0199
17	148	1.02513
17	176	0.97532
17	179	0.980589
18	28	0.918441
18	40	1.03359
18	55	1.03954
18	137	1.0305
18	144	1.03569
18	145	1.02521
18	148	0.998175
18	166	0.902651
18	171	1.01006
18	173	0.995283
18	174	0.986916
18	175	1.00704
18	177	1.01111
19	25	1.00942
19	48	0.981064
19	61	1.02087
19	99	1.05276
19	109	0.994737
19	117	1.01445
19	126	1.03288
19	127	1.02052
19	135	1.00879
19	138	1.04497
19	170	0.940227
19	172	1.01727
19	180	0.871209
20	13	1.02958
20	16	0.992833
20	58	1.00439
20	85	1.01381
20	93	1.0397
20	98	1.03395
20	121	1.0029
20	130	0.998558
20	143	0.98428
20	161	1.00261
20	178	1.04782
20	179	0.961029
20	180	0.897128
21	22	0.946866
21	23	1.04446
21	27	1.06636
21	35	1.04344
21	44	1.00202
21	46	1.07662
21	66	0.954439
21	71	0.947322
21	80	0.999249
21	111	1.02013
21	122	0.973149
21	178	1.02303
21	180	0.908548
22	21	0.946866
22	27	0.949546
22	29	0.942022
22	35	0.92663
22	44	0.885206
22	66	0.837626
22	80	0.882436
22	104	1.24689
22	111	0.903321
22	118	1.32012
22	133	0.920126
22	178	0.90622
22	179	1.33963
23	21	1.04446
23	29	1.03961
23	38	1.11204
23	44	0.982798
23	66	0.935218
23	80	0.980029
23	111	1.00091
23	120	1.00111
23	138	1.0615
23	160	0.987068
23	172	0.972075
23	178	1.00381
23	180	0.887739
24	13	1.06257
24	51	0.968271
24	52	0.971327
24	59	1.04127
24	81	0.979111
24	91	1.02543
24	115	0.992607
24	118	0.961894
24	130	1.03155
24	132	1.02787
24	159	1.0275
24	172	1.00183
24	180	0.917495
25	19	1.00942
25	42	0.968124
25	96	1.05185
25	101	1.03396
25	109	0.990613
25	117	1.01033
25	126	1.02875
25	135	1.00467
25	148	1.00228
25	161	0.985373
25	170	0.948914
25	178	1.03059
25	179	0.943796
26	62	1.02533
26	63	1.03341
26	64	0.932574
26	67	1.00004
26	69	0.999538
26	82	1.03461
26	86	1.03179
26	89	0.982841
26	106	1.01795
26	123	0.956874
26	172	0.986461
26	177	0.983761
26	179	1.02477
27	15	1.04881
27	21	1.06636
27	22	0.949546
27	44	1.0047
27	66	0.957118
27	80	1.00193
27	111	1.02281
27	120	1.02301
27	137	0.904437
27	143	1.04043
27	165	1.03801
27	178	1.02571
27	180	0.923312
28	2	1.05311
28	18	0.918441
28	52	0.960689
28	58	1.02675
28	89	1.01792
28	91	1.01479
28	115	0.981969
28	125	0.943971
28	130	1.02091
28	132	1.01723
28	143	1.00663
28	170	1.01433
28	172	1.02964
29	8	1.07978
29	9	0.984816
29	22	0.942022
29	23	1.03961
29	35	1.0386
29	66	0.949594
29	111	1.01529
29	133	1.03209
29	153	1.01075
29	171	0.930784
29	172	0.98332
29	177	0.98062
29	178	1.01819
30	102	0.912046
30	125	0.923708
30	131	1.00556
30	140	1.01822
30	147	1.01111
30	150	0.992714
30	151	1.01666
30	153	1.03681
30	154	1.0277
30	168	1.00484
30	174	1.00219
30	175	1.02232
30	177	1.02639
31	11	1.0542
31	40	1.03429
31	62	1.01856
31	63	1.02664
31	64	0.925804
31	69	0.992768
31	82	1.02783
31	86	1.02502
31	87	0.979292
31	106	1.01118
31	152	0.928464
31	178	0.963172
31	179	1.01799
32	62	1.01985
32	63	1.02792
32	67	0.994552
32	69	0.994052
32	82	1.02912
32	86	1.0263
32	90	1.01171
32	106	1.01246
32	114	0.976463
32	174	1.00313
32	175	0.959191
32	179	1.01928
32	180	0.931584
33	13	0.765729
33	38	0.650199
33	55	1.08525
33	63	0.818534
33	64	1.08271
33	108	0.570974
33	117	1.14992
33	126	1.16834
33	127	1.15598
33	153	1.12489
33	161	1.14026
33	174	1.13062
33	176	1.14473
34	5	1.35956
34	15	0.91453
34	17	0.925737
34	59	0.918638
34	85	0.924165
34	91	0.902792
34	93	0.950061
34	97	0.875608
34	115	0.869974
34	121	0.91326
34	132	0.905235
34	170	1.23214
34	178	1.31382
35	8	1.06439
35	21	1.04344
35	22	0.92663
35	29	1.0386
35	38	1.11103
35	66	0.934202
35	80	0.979013
35	111	0.999898
35	116	0.976802
35	145	0.930424
35	170	0.991882
35	172	1.0072
35	178	1.0028
36	112	0.906153
36	115	1.13906
36	122	0.980191
36	136	0.962806
36	150	0.962885
36	151	0.986831
36	158	1.072
36	167	1.07898
36	168	0.975006
36	169	0.988516
36	173	0.980731
36	174	0.972364
36	175	0.992492
36	179	0.998179
37	61	1.01738
37	87	0.972019
37	113	1.13712
37	142	0.97331
37	152	0.974002
37	154	0.987881
37	156	0.989508
37	158	0.981221
37	159	0.976544
37	160	0.98205
37	163	0.974302
37	166	0.989165
37	171	1.02484
37	175	1.02065
38	8	1.15221
38	23	1.11204
38	33	0.650199
38	35	1.11103
38	44	1.0696
38	66	1.02202
38	80	1.06683
38	111	1.08772
38	120	1.08792
38	138	0.957982
38	165	0.898921
38	170	0.853239
38	178	1.09062
38	179	0.848122
39	95	0.963679
39	107	1.03006
39	130	1.00666
39	140	0.986032
39	147	0.978924
39	157	1.06197
39	163	1.09974
39	168	0.972652
39	171	0.993154
39	173	0.978378
39	174	0.97001
39	175	0.990138
39	177	0.994206
39	178	0.972827
40	18	1.03359
40	31	1.03429
40	49	1.03555
40	124	0.972195
40	137	1.04158
40	155	0.968282
40	156	0.984313
40	157	0.980697
40	158	0.976025
40	161	0.972974
40	164	0.961263
40	165	0.974729
40	167	0.973973
40	171	1.09226
41	49	0.774033
41	72	0.951593
41	93	0.735682
41	137	1.1118
41	151	1.08268
41	158	0.866362
41	165	0.87133
41	171	1.09136
41	172	1.09033
41	173	1.07658
41	174	1.06821
41	175	1.08834
41	176	1.08233
41	180	1.10836
42	25	0.968124
42	61	0.979568
42	96	1.01467
42	101	0.996786
42	109	0.953438
42	117	0.973154
42	126	0.991576
42	127	0.97922
42	133	1.04816
42	135	0.967494
42	149	1.10248
42	169	1.02121
42	170	1.03455
42	172	0.975971
43	14	0.838345
43	57	1.07382
43	60	0.979903
43	74	1.04354
43	94	1.13875
43	103	1.07495
43	108	1.1925
43	112	1.12161
43	143	0.855243
43	170	1.07185
43	173	0.824447
43	178	0.888817
43	179	0.802022
43	180	1.10308
44	8	1.02297
44	21	1.00202
44	22	0.885206
44	23	0.982798
44	27	1.0047
44	38	1.0696
44	80	0.937588
44	87	1.13661
44	111	0.958473
44	133	0.975277
44	143	1.08692
44	156	1.01589
44	178	0.961372
44	180	0.969798
45	56	1.00382
45	57	0.962281
45	60	0.868368
45	74	0.932004
45	83	0.985533
45	94	1.02721
45	103	0.963411
45	108	1.08097
45	112	1.01008
45	118	1.05148
45	170	0.960318
45	172	1.09142
45	174	1.07863
45	180	0.991543
46	21	1.07662
46	93	0.985777
46	127	1.04583
46	144	1.0133
46	150	0.955048
46	155	1.08816
46	168	0.967169
46	171	0.987671
46	173	0.972894
46	174	0.964527
46	176	0.978646
46	177	0.988723
46	178	0.967344
46	180	1.00467
47	94	0.987061
47	106	1.08584
47	107	0.985387
47	108	0.942158
47	109	1.17314
47	130	0.98635
47	132	0.982668
47	148	0.977307
47	164	0.963986
47	166	0.986692
47	169	0.982201
47	171	0.989192
47	174	0.966048
47	176	0.980168
48	19	0.981064
48	101	1.0056
48	109	0.962253
48	114	0.945665
48	117	0.981969
48	126	1.00039
48	127	0.988035
48	135	0.976309
48	142	1.03422
48	143	1.05459
48	148	0.973925
48	166	1.02833
48	172	0.984786
48	178	1.08816
49	6	0.982152
49	40	1.03555
49	41	0.774033
49	69	0.930378
49	105	1.07397
49	110	0.985051
49	120	0.88787
49	140	0.922896
49	155	1.05393
49	156	1.06996
49	159	1.057
49	162	1.06053
49	164	1.04691
49	165	1.06038
49	167	1.05962
50	12	0.825129
50	123	1.03561
50	128	0.908739
50	131	1.03942
50	149	0.961551
50	151	1.05052
50	156	0.870688
50	159	0.934609
50	169	1.05221
50	171	1.0592
50	173	1.04442
50	174	1.03605
50	175	1.05618
50	176	1.05017
50	180	1.0762
51	24	0.968271
51	91	0.947952
51	103	0.94579
51	104	1.05698
51	112	0.992457
51	114	1.18775
51	130	0.954076
51	132	0.950394
51	161	0.943424
51	167	0.944423
51	170	0.942698
51	175	1.11342
51	176	1.14444
51	178	0.936592
51	180	0.973922
52	16	0.951407
52	24	0.971327
52	28	0.960689
52	58	0.962968
52	59	0.966854
52	89	0.954144
52	91	0.951008
52	97	0.923824
52	111	1.15895
52	119	1.05104
52	121	0.961475
52	132	0.95345
52	142	1.15984
52	143	0.942854
52	170	1.13211
53	61	0.95831
53	89	1.11446
53	96	0.993413
53	101	0.975528
53	109	0.93218
53	114	0.915592
53	117	0.951896
53	126	0.970318
53	127	0.957962
53	133	1.11638
53	135	0.946236
53	148	0.943852
53	172	0.954713
53	178	1.18445
53	179	1.09765
54	64	1.17499
54	65	1.07461
54	82	0.850938
54	98	0.763507
54	99	1.01481
54	146	1.02724
54	159	1.05146
54	161	1.05309
54	163	1.04922
54	164	1.04138
54	165	1.05484
54	166	1.06409
54	173	0.883228
54	175	0.824509
54	179	1.06926
55	18	1.03954
55	33	1.08525
55	65	0.96256
55	92	0.945846
55	134	0.940952
55	149	0.932622
55	153	0.925664
55	155	0.936345
55	157	0.948761
55	163	0.937169
55	165	0.942792
55	167	0.942037
55	168	1.16269
55	173	1.15274
55	177	1.14805
56	45	1.00382
56	57	1.04006
56	60	0.946146
56	74	1.00978
56	77	0.806898
56	94	1.10499
56	103	1.04119
56	108	1.15874
56	112	1.08786
56	144	0.82724
56	170	1.0381
56	174	0.93348
56	178	1.01263
56	179	0.925839
56	180	1.06932
57	43	1.07382
57	45	0.962281
57	56	1.04006
57	60	0.904611
57	74	0.968247
57	94	1.06346
57	95	1.00185
57	103	0.999653
57	108	1.11721
57	112	1.04632
57	124	0.967552
57	138	1.00413
57	158	0.940099
57	170	0.996561
57	176	0.888998
57	180	1.02779
58	2	1.05538
58	16	1.01747
58	17	1.04001
58	20	1.00439
58	28	1.02675
58	52	0.962968
58	59	1.03291
58	97	0.989882
58	118	0.947532
58	121	1.02753
58	130	1.02319
58	132	1.01951
58	139	1.01283
58	145	0.910695
58	170	0.972153
58	179	0.967035
59	15	1.03269
59	24	1.04127
59	34	0.918638
59	52	0.966854
59	58	1.03291
59	85	1.04233
59	91	1.02095
59	98	1.06247
59	120	0.922453
59	121	1.03142
59	130	1.02708
59	132	1.02339
59	138	1.0644
59	170	0.959654
59	172	0.974971
59	180	0.890636
60	12	0.93913
60	43	0.979903
60	45	0.868368
60	56	0.946146
60	57	0.904611
60	69	1.20316
60	73	1.16345
60	74	0.874334
60	94	0.969544
60	103	0.90574
60	108	1.0233
60	112	0.952407
60	155	1.21027
60	157	1.22368
60	170	0.902648
60	180	0.933872
61	19	1.02087
61	37	1.01738
61	42	0.979568
61	53	0.95831
61	96	1.06329
61	101	1.0454
61	109	1.00206
61	117	1.02177
61	126	1.04019
61	127	1.02784
61	135	1.01611
61	161	0.968464
61	172	1.02459
61	177	0.944622
61	178	1.01368
61	180	0.862986
62	11	1.06515
62	26	1.02533
62	31	1.01856
62	32	1.01985
62	63	1.03759
62	64	0.936759
62	69	1.00372
62	82	1.03879
62	105	1.01329
62	106	1.02213
62	138	1.00315
62	151	0.895281
62	168	0.979961
62	178	1.03438
62	179	1.02895
62	180	0.883682
63	26	1.03341
63	31	1.02664
63	32	1.02792
63	33	0.818534
63	62	1.03759
63	64	0.944836
63	67	1.0123
63	69	1.0118
63	86	1.04405
63	106	1.03021
63	114	0.994211
63	141	1.01544
63	171	0.984355
63	177	1.03419
63	179	1.03703
63	180	0.952555
64	11	0.972395
64	26	0.932574
64	31	0.925804
64	33	1.08271
64	54	1.17499
64	62	0.936759
64	63	0.944836
64	67	0.911464
64	69	0.910964
64	82	0.946031
64	86	0.943214
64	106	0.929374
64	138	0.910394
64	153	1.3285
64	179	0.936191
64	180	1.21674
65	54	1.07461
65	55	0.96256
65	72	1.00704
65	92	1.02238
65	96	0.851265
65	107	1.02726
65	131	0.985962
65	148	0.973914
65	150	1.02752
65	153	1.0022
65	158	1.02062
65	159	1.01595
65	162	1.01948
65	165	1.01933
65	166	1.02857
65	169	0.960912
66	8	0.975387
66	21	0.954439
66	22	0.837626
66	23	0.935218
66	27	0.957118
66	29	0.949594
66	35	0.934202
66	38	1.02202
66	70	1.25186
66	73	0.919698
66	80	0.890008
66	92	1.16921
66	111	0.910893
66	147	1.22043
66	178	0.913792
66	180	1.16642
67	11	1.03986
67	26	1.00004
67	32	0.994552
67	63	1.0123
67	64	0.911464
67	69	0.978427
67	82	1.01349
67	86	1.01068
67	106	0.996838
67	114	0.960839
67	138	0.977858
67	143	1.02794
67	150	1.03311
67	172	0.995156
67	177	0.992456
67	178	1.06152
67	179	1.00365
68	72	1.11368
68	83	1.01237
68	127	0.957817
68	129	0.980677
68	139	0.971291
68	140	0.993663
68	143	0.983664
68	145	1.01594
68	150	0.968162
68	151	0.992108
68	165	1.03341
68	166	1.00958
68	169	0.993793
68	174	0.977641
68	175	0.997769
68	176	0.991761
68	177	1.00184
69	26	0.999538
69	31	0.992768
69	32	0.994052
69	49	0.930378
69	60	1.20316
69	62	1.00372
69	63	1.0118
69	64	0.910964
69	67	0.978427
69	73	0.986063
69	82	1.01299
69	86	1.01018
69	106	0.996338
69	115	1.08977
69	147	0.96698
69	179	1.00315
69	180	0.912973
70	66	1.25186
70	85	0.974796
70	86	0.942657
70	103	0.972689
70	108	1.09025
70	112	1.01936
70	117	0.955143
70	127	0.963198
70	129	0.988571
70	131	0.964041
70	162	0.972226
70	166	0.981317
70	167	0.971322
70	171	0.983818
70	175	0.980802
70	176	0.974793
70	180	1.00082
71	6	1.22672
71	21	0.947322
71	104	0.995026
71	114	0.960028
71	122	0.984856
71	136	0.967472
71	137	1.02062
71	140	0.993051
71	145	1.01533
71	154	0.980074
71	160	0.976751
71	166	0.968292
71	168	0.979671
71	171	1.00017
71	173	0.985397
71	175	0.997157
71	177	1.00123
72	41	0.951593
72	65	1.00704
72	68	1.11368
72	93	1.01267
72	96	0.979647
72	118	0.993883
72	145	1.04117
72	154	0.995233
72	156	0.99686
72	157	0.993245
72	158	0.988573
72	159	0.983896
72	161	0.985522
72	162	0.987425
72	164	0.973811
72	166	0.996517
72	172	0.997993
73	60	1.16345
73	66	0.919698
73	69	0.986063
73	78	1.06226
73	85	0.923967
73	86	1.01831
73	106	1.00447
73	107	0.936196
73	111	0.985393
73	113	0.97046
73	133	1.0022
73	149	1.01022
73	171	1.00862
73	175	1.0056
73	176	0.999595
73	178	0.988292
73	179	1.01129
74	7	0.906985
74	12	1.00277
74	43	1.04354
74	45	0.932004
74	56	1.00978
74	57	0.968247
74	60	0.874334
74	94	1.03318
74	103	0.969377
74	108	1.08693
74	112	1.01604
74	133	1.04125
74	149	1.09558
74	170	0.966284
74	172	1.04296
74	179	1.02253
74	180	0.997509
75	110	1.10061
75	116	1.00864
75	123	1.02636
75	144	0.936916
75	146	0.965233
75	148	1.0403
75	149	0.982671
75	152	0.986918
75	154	1.0008
75	157	0.998809
75	159	0.98946
75	160	0.994967
75	163	0.987218
75	165	0.992841
75	166	1.00208
75	170	0.99036
75	175	0.99922
76	113	0.968077
76	136	0.973535
76	141	1.0004
76	142	1.01908
76	143	0.989115
76	145	1.02139
76	150	0.973613
76	155	1.00376
76	157	1.01717
76	162	1.02343
76	165	1.03702
76	173	0.99146
76	174	0.983092
76	176	0.997212
76	177	1.00729
76	178	0.985909
76	179	1.00891
77	10	1.12686
77	56	0.806898
77	88	0.871474
77	90	0.863733
77	146	1.02672
77	152	1.04841
77	155	1.04788
77	159	1.05095
77	160	1.05646
77	161	1.05258
77	162	1.05448
77	163	1.04871
77	164	1.04086
77	165	1.05433
77	167	1.05358
77	172	1.06505
77	173	0.869935
77	177	0.865244
78	73	1.06226
78	101	0.978089
78	103	0.947169
78	108	1.06473
78	112	0.993835
78	125	0.983721
78	126	0.972879
78	127	0.960522
78	135	0.948797
78	137	1.00877
78	139	1.13734
78	146	0.918949
78	156	0.956141
78	166	0.955797
78	170	0.944076
78	176	1.08628
78	177	1.10928
78	180	0.975301
79	83	1.04342
79	99	0.936372
79	123	1.11972
79	128	0.990705
79	144	1.03028
79	146	0.9488
79	148	1.13366
79	151	1.07657
79	152	0.970485
79	153	0.959279
79	155	0.96996
79	157	0.982376
79	158	0.977704
79	160	0.978533
79	163	0.970784
79	164	0.962942
79	165	0.976407
79	167	0.975652
80	8	1.0202
80	21	0.999249
80	22	0.882436
80	23	0.980029
80	27	1.00193
80	35	0.979013
80	38	1.06683
80	44	0.937588
80	66	0.890008
80	107	1.10325
80	111	0.955704
80	120	0.955902
80	133	0.972508
80	151	1.05191
80	170	1.10934
80	178	0.958603
80	179	1.10422
80	180	1.04032
81	24	0.979111
81	101	0.98755
81	102	1.01971
81	121	0.969259
81	125	1.03137
81	127	0.969983
81	128	1.11685
81	130	0.964916
81	132	0.961234
81	135	0.958258
81	145	0.982913
81	156	1.07879
81	164	1.15347
81	171	0.967758
81	172	0.966734
81	175	0.964742
81	176	0.958734
81	177	0.96881
82	11	1.07443
82	26	1.03461
82	31	1.02783
82	32	1.02912
82	54	0.850938
82	62	1.03879
82	64	0.946031
82	67	1.01349
82	69	1.01299
82	86	1.04525
82	106	1.03141
82	114	0.995406
82	123	0.947433
82	138	1.01243
82	148	0.961368
82	167	1.0094
82	170	0.961703
82	177	0.97432
82	179	1.03822
83	45	0.985533
83	68	1.01237
83	79	1.04342
83	107	0.880029
83	124	0.954283
83	131	1.01485
83	145	1.04978
83	147	1.0204
83	150	1.002
83	155	0.898534
83	164	0.937857
83	168	1.01412
83	169	1.02763
83	171	1.03463
83	173	1.01985
83	174	1.01148
83	175	1.03161
83	176	1.0256
83	177	1.03568
84	87	1.01833
84	110	1.00784
84	121	0.922396
84	136	1.00528
84	139	1.00849
84	141	1.03214
84	147	1.02375
84	152	0.962153
84	159	0.956174
84	160	0.945493
84	162	0.947271
84	167	0.962875
84	168	1.01748
84	169	1.03099
84	171	1.03798
84	173	1.0232
84	174	1.01484
84	177	1.03903
84	179	1.04065
85	13	1.06362
85	16	1.02688
85	20	1.01381
85	34	0.924165
85	59	1.04233
85	70	0.974796
85	73	0.923967
85	87	1.0158
85	93	1.07375
85	97	0.999295
85	121	1.03695
85	130	1.0326
85	132	1.02892
85	137	0.870476
85	138	1.06311
85	143	1.01833
85	148	1.02356
85	168	0.98563
85	180	0.889352
86	11	1.07161
86	26	1.03179
86	31	1.02502
86	32	1.0263
86	63	1.04405
86	64	0.943214
86	67	1.01068
86	69	1.01018
86	70	0.942657
86	73	1.01831
86	82	1.04525
86	106	1.02859
86	133	0.939838
86	138	1.00961
86	142	0.953967
86	170	0.926231
86	172	0.941548
86	178	1.00791
86	179	1.03541
87	31	0.979292
87	37	0.972019
87	44	1.13661
87	84	1.01833
87	85	1.0158
87	93	1.0417
87	97	0.967243
87	106	1.0155
87	108	0.871812
87	112	0.94935
87	117	1.03651
87	121	1.00489
87	130	1.00055
87	144	1.02903
87	153	0.974525
87	165	0.991653
87	166	1.00089
87	173	0.988617
87	175	1.00038
87	176	0.994369
88	4	0.934397
88	77	0.871474
88	113	0.976111
88	115	1.10331
88	123	0.990683
88	125	0.925177
88	145	1.02942
88	147	1.00004
88	151	1.00559
88	152	1.0425
88	154	1.02916
88	162	1.02762
88	169	1.00728
88	171	1.01427
88	173	0.999494
88	175	1.01125
88	176	1.00525
88	177	1.01532
88	178	0.993943
88	179	1.01694
89	9	1.08387
89	26	0.982841
89	28	1.01792
89	52	0.954144
89	53	1.11446
89	94	0.830615
89	97	0.981059
89	103	0.963003
89	109	1.01669
89	113	0.97905
89	121	1.01871
89	122	1.00189
89	132	1.01069
89	153	0.988341
89	162	1.00562
89	166	1.01471
89	167	1.00471
89	168	0.996707
89	176	1.00819
89	177	1.01826
90	3	1.23197
90	32	1.01171
90	77	0.863733
90	112	0.862658
90	113	0.973096
90	121	0.995005
90	136	0.978554
90	144	1.03689
90	150	0.978632
90	153	1.03054
90	168	0.990753
90	169	1.00426
90	171	1.01126
90	173	0.996479
90	174	0.988111
90	175	1.00824
90	176	1.00223
90	177	1.01231
90	178	0.990929
90	180	1.02826
91	13	1.04225
91	24	1.02543
91	28	1.01479
91	34	0.902792
91	51	0.947952
91	52	0.951008
91	59	1.02095
91	93	1.05237
91	97	0.977922
91	98	1.04662
91	99	1.10079
91	123	0.973981
91	130	1.01123
91	132	1.00755
91	143	0.996952
91	148	1.00219
91	153	1.031
91	155	1.00067
91	179	0.983133
91	180	0.919232
92	4	1.1051
92	55	0.945846
92	65	1.02238
92	66	1.16921
92	110	0.970439
92	131	0.922172
92	142	0.995999
92	152	0.996691
92	154	1.01057
92	156	1.0122
92	157	1.00858
92	158	1.00391
92	159	0.999233
92	160	1.00474
92	163	0.996991
92	164	0.989148
92	166	1.01185
92	167	1.00186
92	168	0.937719
92	169	0.897122
93	2	1.09069
93	13	1.08952
93	16	1.05277
93	20	1.0397
93	34	0.950061
93	41	0.735682
93	46	0.985777
93	72	1.01267
93	85	1.07375
93	87	1.0417
93	91	1.05237
93	97	1.02519
93	98	1.09389
93	115	1.01956
93	121	1.06284
93	130	1.0585
93	148	1.04946
93	151	0.8293
93	161	0.92318
93	164	0.938462
93	176	0.876334
94	12	1.09798
94	43	1.13875
94	45	1.02721
94	47	0.987061
94	56	1.10499
94	57	1.06346
94	60	0.969544
94	74	1.03318
94	89	0.830615
94	103	1.06459
94	108	1.18214
94	112	1.11125
94	118	0.794298
94	120	1.05269
94	139	0.859593
94	153	0.861666
94	159	0.859908
94	170	1.06149
94	179	0.8138
94	180	1.09272
95	39	0.963679
95	57	1.00185
95	102	0.997135
95	110	0.963427
95	113	0.955405
95	122	0.978247
95	125	1.0088
95	140	0.986442
95	144	1.0192
95	147	0.979335
95	150	0.960941
95	156	1.05622
95	162	1.11124
95	165	1.12483
95	168	0.973062
95	169	0.986573
95	171	0.993565
95	174	0.970421
95	175	0.990549
95	176	0.98454
95	177	0.994617
96	1	1.07858
96	25	1.05185
96	42	1.01467
96	53	0.993413
96	61	1.06329
96	65	0.851265
96	72	0.979647
96	101	1.08051
96	109	1.03716
96	115	1.01893
96	117	1.05687
96	118	1.05558
96	126	1.0753
96	127	1.06294
96	135	1.05122
96	143	0.901804
96	167	0.901393
96	172	1.05969
96	173	0.871008
96	177	0.866317
96	178	0.935378
97	2	1.01624
97	13	1.01506
97	17	1.00087
97	34	0.875608
97	52	0.923824
97	58	0.989882
97	85	0.999295
97	87	0.967243
97	89	0.981059
97	91	0.977922
97	93	1.02519
97	118	1.05123
97	121	0.98839
97	130	0.984047
97	132	0.980365
97	148	0.975004
97	156	1.05292
97	170	1.07585
97	172	1.09116
97	175	1.03444
97	180	1.00683
98	1	1.07345
98	20	1.03395
98	54	0.763507
98	59	1.06247
98	91	1.04662
98	93	1.09389
98	99	0.986808
98	127	1.05781
98	128	0.889393
98	130	1.05274
98	135	1.04609
98	150	1.02296
98	154	0.907905
98	162	0.906359
98	164	0.926013
98	165	0.919954
98	168	1.03508
98	170	1.04137
98	172	1.05456
98	174	1.03244
98	176	1.04656
99	4	1.28386
99	19	1.05276
99	54	1.01481
99	79	0.936372
99	91	1.10079
99	98	0.986808
99	102	0.990124
99	115	0.929479
99	122	1.0848
99	125	0.996688
99	138	0.948138
99	142	0.952909
99	149	0.949354
99	153	0.942396
99	157	0.965492
99	159	0.956143
99	160	0.96165
99	161	0.957769
99	162	0.959672
99	166	0.968764
99	172	0.97024
99	174	1.09175
100	6	0.95383
100	17	0.951958
100	114	0.975857
100	126	0.902117
100	134	1.03022
100	141	0.936802
100	147	0.927925
100	149	1.02189
100	153	1.01493
100	154	1.04001
100	155	1.02561
100	156	1.04164
100	158	1.03335
100	160	1.03418
100	162	1.03221
100	163	1.02643
100	165	1.03206
100	166	1.0413
100	170	1.02958
100	172	1.04277
100	173	0.960244
100	174	0.945461
101	1	1.0607
101	25	1.03396
101	42	0.996786
101	48	1.0056
101	53	0.975528
101	61	1.0454
101	78	0.978089
101	81	0.98755
101	96	1.08051
101	109	1.01927
101	117	1.03899
101	126	1.05741
101	127	1.04506
101	135	1.03333
101	143	0.982313
101	154	0.967843
101	156	0.91128
101	163	0.997799
101	168	0.961469
101	169	0.920872
101	172	1.04181
101	180	0.865191
102	10	1.1689
102	30	0.912046
102	81	1.01971
102	95	0.997135
102	99	0.990124
102	124	1.02763
102	131	0.906381
102	134	1.02832
102	137	0.806775
102	142	1.02354
102	144	0.790953
102	149	1.01999
102	152	1.02424
102	154	1.03812
102	157	1.03613
102	159	1.02678
102	161	1.0284
102	164	1.01669
102	165	1.03016
102	167	1.0294
102	178	1.02157
102	180	1.0589
103	12	1.03417
103	43	1.07495
103	45	0.963411
103	51	0.94579
103	56	1.04119
103	57	0.999653
103	60	0.90574
103	70	0.972689
103	74	0.969377
103	78	0.947169
103	89	0.963003
103	94	1.06459
103	108	1.11834
103	112	1.04745
103	115	1.05908
103	120	0.988884
103	155	0.963724
103	168	0.978566
103	170	0.99769
103	172	0.966623
103	178	1.03298
103	179	0.946189
103	180	1.02892
104	22	1.24689
104	51	1.05698
104	71	0.995026
104	131	0.998117
104	133	1.01147
104	140	1.01077
104	141	1.01206
104	150	0.98527
104	154	0.912467
104	157	0.904661
104	160	0.909144
104	163	0.942423
104	167	0.926527
104	168	0.997391
104	169	1.0109
104	170	1.00367
104	171	1.01789
104	172	1.01687
104	173	1.00312
104	174	0.994749
104	175	1.01488
104	176	1.00887
104	177	1.01895
105	3	0.945266
105	6	0.934919
105	7	0.916613
105	49	1.07397
105	62	1.01329
105	129	1.02964
105	144	0.933559
105	145	0.975817
105	149	1.00298
105	152	1.00722
105	153	0.996017
105	155	1.0067
105	156	1.02273
105	157	1.01911
105	158	1.01444
105	160	1.01527
105	161	1.01139
105	163	1.00752
105	164	0.99968
105	165	1.01315
105	169	1.02394
105	171	1.00006
105	174	1.0398
106	9	0.965195
106	11	1.05777
106	26	1.01795
106	31	1.01118
106	32	1.01246
106	47	1.08584
106	62	1.02213
106	63	1.03021
106	64	0.929374
106	67	0.996838
106	69	0.996338
106	73	1.00447
106	82	1.03141
106	86	1.02859
106	87	1.0155
106	114	0.978749
106	133	0.931308
106	138	0.995769
106	155	0.930119
106	163	0.98129
106	165	0.963383
106	178	0.999379
106	179	1.02157
107	39	1.03006
107	47	0.985387
107	65	1.02726
107	73	0.936196
107	80	1.10325
107	83	0.880029
107	125	1.04466
107	146	0.979887
107	148	0.970263
107	149	0.997325
107	150	1.02387
107	152	1.00157
107	153	0.990367
107	154	1.01545
107	156	1.01708
107	157	1.01346
107	158	1.00879
107	160	1.00962
107	161	1.00574
107	163	1.00187
107	164	0.994029
107	165	1.00749
107	169	0.957261
108	12	1.15173
108	33	0.570974
108	43	1.1925
108	45	1.08097
108	47	0.942158
108	56	1.15874
108	57	1.11721
108	60	1.0233
108	70	1.09025
108	74	1.08693
108	78	1.06473
108	87	0.871812
108	94	1.18214
108	103	1.11834
108	112	1.16501
108	118	0.749394
108	120	1.10644
108	163	0.837603
108	164	0.825756
108	170	1.11525
108	172	0.789331
108	178	0.855692
108	179	0.768897
108	180	1.14647
109	1	1.01735
109	9	0.945784
109	19	0.994737
109	25	0.990613
109	42	0.953438
109	47	1.17314
109	48	0.962253
109	53	0.93218
109	61	1.00206
109	89	1.01669
109	96	1.03716
109	101	1.01927
109	115	0.957698
109	117	0.995642
109	126	1.01406
109	127	1.00171
109	135	0.989983
109	148	0.987599
109	155	1.01741
109	168	1.03225
109	170	1.00499
109	172	0.998459
109	175	0.963582
109	179	0.999876
110	11	0.942025
110	49	0.985051
110	75	1.10061
110	84	1.00784
110	92	0.970439
110	95	0.963427
110	119	0.990234
110	144	1.01854
110	145	1.00806
110	148	0.981017
110	150	0.960279
110	151	0.984225
110	152	1.08364
110	155	1.04908
110	162	1.06875
110	168	0.9724
110	171	0.992902
110	173	0.978126
110	174	0.969758
110	175	0.989886
110	176	0.983878
110	177	0.993955
110	179	0.995573
110	180	1.00991
111	8	1.04108
111	9	0.946115
111	15	1.00259
111	21	1.02013
111	22	0.903321
111	23	1.00091
111	27	1.02281
111	29	1.01529
111	35	0.999898
111	38	1.08772
111	44	0.958473
111	52	1.15895
111	66	0.910893
111	73	0.985393
111	80	0.955704
111	120	0.976786
111	133	0.993393
111	143	1.05164
111	147	0.98852
111	149	1.07146
111	174	1.00606
111	178	0.979487
111	179	0.998415
111	180	0.934513
112	12	1.08084
112	36	0.906153
112	43	1.12161
112	45	1.01008
112	51	0.992457
112	56	1.08786
112	57	1.04632
112	60	0.952407
112	70	1.01936
112	74	1.01604
112	78	0.993835
112	87	0.94935
112	90	0.862658
112	94	1.11125
112	103	1.04745
112	108	1.16501
112	120	1.03555
112	146	0.980799
112	170	1.04436
112	172	0.866869
112	177	0.864169
112	178	0.93323
112	179	0.846435
112	180	1.07558
113	5	0.912146
113	8	0.962608
113	37	1.13712
113	73	0.97046
113	76	0.968077
113	88	0.976111
113	89	0.97905
113	90	0.973096
113	95	0.955405
113	123	0.961294
113	129	1.04469
113	135	1.08841
113	137	1.00532
113	141	0.979045
113	151	0.976204
113	153	1.09449
113	157	1.07757
113	158	1.09246
113	168	0.964378
113	169	0.977889
113	173	0.970104
113	174	0.961737
113	175	0.981865
113	177	0.985933
113	180	1.00188
114	3	1.25379
114	32	0.976463
114	48	0.945665
114	51	1.18775
114	53	0.915592
114	63	0.994211
114	67	0.960839
114	71	0.960028
114	82	0.995406
114	100	0.975857
114	106	0.978749
114	116	0.994526
114	117	0.979054
114	122	0.967578
114	127	0.98512
114	135	0.973394
114	154	1.04324
114	156	0.986675
114	167	1.0573
114	171	0.982895
114	172	0.981871
114	174	0.959751
114	176	0.973871
114	177	0.983947
114	179	0.985566
115	17	0.995233
115	24	0.992607
115	28	0.981969
115	34	0.869974
115	36	1.13906
115	69	1.08977
115	88	1.10331
115	93	1.01956
115	96	1.01893
115	99	0.929479
115	103	1.05908
115	109	0.957698
115	117	0.977414
115	126	0.995836
115	127	0.98348
115	132	0.97473
115	134	0.967674
115	135	0.971754
115	137	0.996568
115	153	0.952386
115	157	0.975483
115	159	0.966134
115	162	0.969663
115	169	1.07112
115	175	1.04305
116	3	0.947484
116	35	0.976802
116	75	1.00864
116	114	0.994526
116	129	1.03186
116	133	1.02068
116	136	0.995755
116	142	1.00875
116	148	0.96127
116	149	1.00519
116	150	1.01488
116	152	1.00944
116	153	0.998235
116	154	1.02332
116	155	1.00892
116	156	1.02495
116	157	1.02133
116	158	1.01666
116	159	1.01198
116	161	1.01361
116	163	1.00974
116	166	1.0246
116	167	1.01461
116	168	0.988865
116	175	0.920194
116	176	0.951219
117	9	0.9655
117	19	1.01445
117	25	1.01033
117	33	1.14992
117	42	0.973154
117	48	0.981969
117	53	0.951896
117	61	1.02177
117	70	0.955143
117	87	1.03651
117	96	1.05687
117	101	1.03899
117	109	0.995642
117	114	0.979054
117	115	0.977414
117	118	1.01407
117	126	1.03378
117	131	0.950429
117	135	1.0097
117	148	1.00731
117	150	0.991986
117	158	0.979432
117	163	1.00231
117	172	1.01818
117	178	1.02039
117	180	0.869698
118	22	1.32012
118	24	0.961894
118	45	1.05148
118	58	0.947532
118	72	0.993883
118	94	0.794298
118	96	1.05558
118	97	1.05123
118	108	0.749394
118	117	1.01407
118	126	1.03249
118	127	1.02013
118	130	0.922581
118	135	1.00841
118	143	1.00079
118	146	0.978559
118	148	1.00602
118	151	1.00923
118	158	1.00746
118	163	1.00054
118	166	1.01541
118	169	1.01091
118	171	1.01791
118	174	0.994763
118	175	1.01489
118	177	1.01896
119	6	1.17589
119	52	1.05104
119	110	0.990234
119	134	0.944686
119	135	0.932282
119	136	0.98767
119	139	0.990878
119	140	1.01325
119	141	1.01454
119	144	1.046
119	145	1.03553
119	147	1.00614
119	155	0.908035
119	157	0.921444
119	159	0.936608
119	162	0.927705
119	168	0.999869
119	169	1.01338
119	170	1.00615
119	171	1.02037
119	173	1.0056
119	174	0.997227
119	175	1.01736
119	176	1.01135
119	177	1.02142
119	179	1.02304
120	23	1.00111
120	27	1.02301
120	38	1.08792
120	49	0.88787
120	59	0.922453
120	80	0.955902
120	94	1.05269
120	103	0.988884
120	108	1.10644
120	111	0.976786
120	112	1.03555
120	144	1.02565
120	146	1.06873
120	152	0.986454
120	154	0.973117
120	158	0.980199
120	164	0.991225
120	167	0.987177
120	169	0.993021
120	170	0.985791
120	171	1.00001
120	174	0.976868
120	176	0.990988
120	178	0.979685
120	179	1.00268
120	180	1.01702
121	2	1.05389
121	13	1.05272
121	16	1.01597
121	20	1.0029
121	34	0.91326
121	52	0.961475
121	58	1.02753
121	59	1.03142
121	81	0.969259
121	84	0.922396
121	85	1.03695
121	87	1.00489
121	89	1.01871
121	90	0.995005
121	93	1.06284
121	97	0.98839
121	130	1.0217
121	132	1.01802
121	137	0.896005
121	143	1.00742
121	148	1.01266
121	157	1.00973
121	166	1.00575
121	172	0.999216
121	178	1.06558
121	180	0.91488
122	21	0.973149
122	36	0.980191
122	71	0.984856
122	89	1.00189
122	95	0.978247
122	99	1.0848
122	114	0.967578
122	141	1.00189
122	145	1.02288
122	147	0.993493
122	150	0.9751
122	151	0.999046
122	152	1.01924
122	157	0.998094
122	160	1.00258
122	161	1.00873
122	165	1.01795
122	166	0.994118
122	168	0.987221
122	169	1.00073
122	170	0.993502
122	171	1.00772
122	173	0.992946
122	174	0.984579
122	175	1.00471
122	176	0.998698
122	180	1.02473
123	26	0.956874
123	50	1.03561
123	75	1.02636
123	79	1.11972
123	82	0.947433
123	88	0.990683
123	91	0.973981
123	113	0.961294
123	137	1.0199
123	140	0.992331
123	144	1.02509
123	145	1.01461
123	146	1.09166
123	150	0.96683
123	151	0.990776
123	161	0.998875
123	166	0.984266
123	168	0.978951
123	169	0.992462
123	170	0.985232
123	171	0.999453
123	172	0.998429
123	173	0.984677
123	174	0.976309
123	175	0.996437
123	176	0.990429
123	177	1.00051
124	40	0.972195
124	57	0.967552
124	83	0.954283
124	102	1.02763
124	131	1.05657
124	136	1.079
124	142	0.99041
124	149	0.986855
124	151	0.987433
124	152	0.991103
124	153	0.979897
124	154	1.00498
124	155	0.990578
124	156	1.00661
124	158	0.998322
124	161	0.99527
124	162	0.997174
124	163	0.991402
124	164	0.983559
124	165	0.997025
124	167	0.99627
124	170	0.994544
124	171	1.00763
124	172	1.00774
124	174	1.04738
124	175	1.00344
124	178	0.988439
125	15	0.893715
125	28	0.943971
125	30	0.923708
125	78	0.983721
125	81	1.03137
125	88	0.925177
125	95	1.0088
125	99	0.996688
125	107	1.04466
125	126	0.865511
125	128	1.05102
125	141	0.900196
125	146	1.00912
125	148	0.905995
125	149	1.02655
125	152	1.0308
125	153	1.0196
125	155	1.03028
125	156	1.04631
125	158	1.03802
125	160	1.03885
125	161	1.03497
125	162	1.03687
125	164	1.02326
125	165	1.03672
125	167	1.03597
125	179	1.05113
125	180	1.06547
126	1	1.05549
126	19	1.03288
126	25	1.02875
126	33	1.16834
126	42	0.991576
126	48	1.00039
126	53	0.970318
126	61	1.04019
126	78	0.972879
126	96	1.0753
126	100	0.902117
126	101	1.05741
126	109	1.01406
126	115	0.995836
126	117	1.03378
126	118	1.03249
126	125	0.865511
126	127	1.03985
126	133	0.949474
126	135	1.02812
126	136	0.970016
126	143	0.983969
126	148	1.02574
126	163	0.999455
126	172	1.0366
126	176	0.92548
126	177	0.948483
126	180	0.866848
127	1	1.04313
127	9	0.971566
127	19	1.02052
127	33	1.15598
127	42	0.97922
127	46	1.04583
127	48	0.988035
127	53	0.957962
127	61	1.02784
127	68	0.957817
127	70	0.963198
127	78	0.960522
127	81	0.969983
127	96	1.06294
127	98	1.05781
127	101	1.04506
127	109	1.00171
127	114	0.98512
127	115	0.98348
127	118	1.02013
127	126	1.03985
127	133	0.960379
127	135	1.01576
127	143	0.994875
127	148	1.01338
127	170	0.946772
127	178	1.02845
127	179	0.941654
127	180	0.877753
128	7	0.871146
128	16	0.975703
128	50	0.908739
128	79	0.990705
128	81	1.11685
128	98	0.889393
128	125	1.05102
128	129	1.03035
128	141	0.985672
128	142	1.00724
128	153	0.996729
128	155	1.00741
128	156	1.02344
128	157	1.01983
128	158	1.01515
128	159	1.01048
128	160	1.01598
128	161	1.0121
128	162	1.01401
128	163	1.00823
128	164	1.00039
128	167	1.0131
128	169	0.978469
128	170	1.01138
128	172	1.02457
128	174	0.994332
128	176	0.981421
128	178	1.00527
128	180	1.0426
129	14	1.02391
129	68	0.980677
129	70	0.988571
129	105	1.02964
129	113	1.04469
129	116	1.03186
129	128	1.03035
129	130	0.940148
129	134	1.01421
129	136	1.00378
129	145	0.908174
129	146	0.988446
129	147	0.95462
129	152	1.01013
129	155	1.00961
129	156	1.02564
129	158	1.01735
129	159	1.01267
129	160	1.01818
129	162	1.0162
129	163	1.01043
129	164	1.00259
129	165	1.01605
129	166	1.02529
129	167	1.0153
129	169	0.956294
129	170	1.01357
129	171	0.932412
129	177	0.982248
130	2	1.04955
130	15	1.02297
130	16	1.01163
130	17	1.03418
130	20	0.998558
130	24	1.03155
130	28	1.02091
130	39	1.00666
130	47	0.98635
130	51	0.954076
130	58	1.02319
130	59	1.02708
130	81	0.964916
130	85	1.0326
130	87	1.00055
130	91	1.01123
130	93	1.0585
130	97	0.984047
130	98	1.05274
130	118	0.922581
130	121	1.0217
130	129	0.940148
130	132	1.01367
130	138	1.05194
130	142	0.974938
130	154	0.980835
130	160	0.977512
130	171	0.909982
130	179	0.942084
131	7	1.03972
131	30	1.00556
131	50	1.03942
131	65	0.985962
131	70	0.964041
131	83	1.01485
131	92	0.922172
131	102	0.906381
131	104	0.998117
131	117	0.950429
131	124	1.05657
131	136	0.970562
131	137	1.02371
131	139	0.97377
131	141	0.997428
131	143	0.986143
131	146	1.11765
131	151	0.994587
131	153	1.03115
131	155	1.00082
131	159	1.02939
131	168	0.982762
131	169	0.996272
131	171	1.00326
131	172	1.00224
131	173	0.988487
131	175	1.00025
131	176	0.994239
131	177	1.00432
131	180	1.02027
132	2	1.04587
132	13	1.04469
132	17	1.03049
132	24	1.02787
132	28	1.01723
132	34	0.905235
132	47	0.982668
132	51	0.950394
132	52	0.95345
132	58	1.01951
132	59	1.02339
132	81	0.961234
132	85	1.02892
132	89	1.01069
132	91	1.00755
132	97	0.980365
132	115	0.97473
132	121	1.01802
132	130	1.01367
132	133	1.0139
132	141	0.994158
132	143	0.999395
132	148	1.00463
132	155	1.01271
132	156	0.977363
132	173	1.0176
132	176	0.989907
132	178	1.08197
132	179	0.995176
132	180	0.931274
133	17	0.999314
133	22	0.920126
133	29	1.03209
133	42	1.04816
133	44	0.975277
133	53	1.11638
133	73	1.0022
133	74	1.04125
133	80	0.972508
133	86	0.939838
133	104	1.01147
133	106	0.931308
133	111	0.993393
133	116	1.02068
133	126	0.949474
133	127	0.960379
133	132	1.0139
133	141	1.01078
133	147	1.00239
133	159	1.0015
133	161	1.00312
133	162	1.00503
133	164	0.991413
133	165	1.00488
133	168	0.996117
133	173	1.00184
133	176	1.00759
133	177	1.01767
133	178	0.996292
133	180	1.03362
134	14	1.00557
134	55	0.940952
134	100	1.03022
134	102	1.02832
134	115	0.967674
134	119	0.944686
134	129	1.01421
134	136	1.0599
134	144	0.922038
134	147	1.01074
134	151	0.968334
134	152	0.991797
134	154	1.00568
134	155	0.991272
134	156	1.0073
134	157	1.00369
134	158	0.999016
134	160	0.999845
134	162	0.997868
134	163	0.992096
134	164	0.984254
134	165	0.997719
134	166	1.00696
134	167	0.996964
134	169	1.01242
134	173	1.04306
134	174	1.02828
134	176	1.01537
134	179	1.01213
134	180	1.02646
135	1	1.03141
135	19	1.00879
135	25	1.00467
135	42	0.967494
135	48	0.976309
135	53	0.946236
135	61	1.01611
135	78	0.948797
135	81	0.958258
135	96	1.05122
135	98	1.04609
135	101	1.03333
135	109	0.989983
135	113	1.08841
135	114	0.973394
135	115	0.971754
135	117	1.0097
135	118	1.00841
135	119	0.932282
135	126	1.02812
135	127	1.01576
135	145	0.951893
135	148	1.00165
135	166	1.0352
135	170	1.01335
135	171	0.976131
135	172	1.01252
135	173	1.03066
135	175	0.971939
135	179	1.00823
136	7	1.02679
136	14	1.04204
136	36	0.962806
136	71	0.967472
136	76	0.973535
136	84	1.00528
136	90	0.978554
136	116	0.995755
136	119	0.98767
136	124	1.079
136	126	0.970016
136	129	1.00378
136	131	0.970562
136	134	1.0599
136	137	1.01078
136	141	0.984503
136	144	1.01597
136	145	1.00549
136	147	0.976109
136	150	0.957716
136	151	0.981662
136	153	1.05358
136	164	1.06258
136	166	1.03269
136	169	0.983347
136	173	0.975562
136	174	0.967195
136	175	0.987323
136	176	0.981314
136	179	0.99301
136	180	1.00734
137	7	1.07994
137	10	0.967361
137	18	1.0305
137	27	0.904437
137	40	1.04158
137	41	1.1118
137	71	1.02062
137	78	1.00877
137	85	0.870476
137	102	0.806775
137	113	1.00532
137	115	0.996568
137	121	0.896005
137	123	1.0199
137	131	1.02371
137	136	1.01078
137	139	1.01399
137	144	1.06912
137	147	1.02925
137	159	0.929782
137	165	0.934474
137	166	0.910642
137	168	1.02298
137	169	1.03649
137	170	1.02926
137	173	1.02871
137	174	1.02034
137	175	1.04047
137	176	1.03446
137	177	1.04453
137	180	1.06049
138	1	0.986641
138	16	1.06532
138	19	1.04497
138	23	1.0615
138	38	0.957982
138	57	1.00413
138	59	1.0644
138	62	1.00315
138	64	0.910394
138	67	0.977858
138	82	1.01243
138	85	1.06311
138	86	1.00961
138	99	0.948138
138	106	0.995769
138	130	1.05194
138	141	0.994078
138	144	1.02555
138	150	0.967291
138	152	0.982251
138	153	0.971045
138	160	0.990299
138	162	0.988322
138	164	0.974708
138	165	0.988174
138	168	0.979412
138	169	0.992922
138	171	0.999914
138	173	0.985138
138	177	1.00097
138	179	1.00259
139	4	0.913673
139	58	1.01283
139	68	0.971291
139	78	1.13734
139	84	1.00849
139	94	0.859593
139	119	0.990878
139	131	0.97377
139	137	1.01399
139	140	0.986424
139	141	0.987711
139	142	1.0451
139	144	1.01918
139	145	1.0087
139	151	0.984869
139	152	1.06433
139	155	1.02978
139	159	1.05835
139	161	1.05382
139	166	1.03921
139	168	0.973044
139	170	0.979325
139	171	0.993546
139	172	0.992522
139	173	0.97877
139	174	0.970402
139	175	0.99053
139	176	0.984522
139	177	0.994599
139	178	0.973219
139	180	1.01055
140	12	0.906022
140	30	1.01822
140	39	0.986032
140	49	0.922896
140	68	0.993663
140	71	0.993051
140	95	0.986442
140	104	1.01077
140	119	1.01325
140	123	0.992331
140	139	0.986424
