1	14	1.43051
1	39	1.32978
1	81	1.42132
1	142	0.425866
1	151	1.46512
1	159	1.52665
1	161	0.451596
1	165	0.428951
1	169	0.4514
1	172	1.62662
1	175	0.446499
2	4	1.44715
2	79	1.23311
2	89	1.35133
2	94	1.36446
2	101	1.34611
2	103	1.4416
2	113	1.41623
2	140	0.483885
2	143	0.488036
2	150	0.479706
2	151	0.487771
2	166	0.467833
3	54	1.2836
3	62	1.40196
3	74	1.34727
3	113	0.500938
3	138	1.36938
3	151	1.32492
3	159	1.38645
3	163	0.498136
3	167	0.458035
3	172	1.48642
3	176	0.482542
3	179	0.464873
4	2	1.44715
4	50	0.556949
4	79	1.22419
4	88	1.40902
4	89	1.34242
4	101	1.3372
4	103	1.43269
4	113	1.40732
4	145	0.461452
4	170	0.458698
4	174	0.464811
4	179	0.462145
5	24	1.44871
5	25	1.43222
5	41	1.36347
5	50	1.31305
5	76	1.33054
5	80	1.42199
5	82	1.29002
5	136	0.456273
5	142	0.473987
5	169	0.499521
5	175	0.49462
5	179	0.482607
6	17	1.54424
6	32	1.6363
6	53	1.54177
6	61	1.62231
6	63	1.6433
6	65	1.61208
6	151	0.427693
6	162	0.396851
6	175	0.400824
6	177	0.400305
6	179	0.38881
6	180	0.394237
7	34	1.40672
7	39	1.22978
7	41	0.328973
7	54	1.3238
7	81	1.32132
7	129	0.297331
7	134	0.233877
7	151	1.36512
7	159	1.42665
7	170	0.766261
7	172	1.52661
7	173	0.775508
8	9	1.40366
8	41	1.33798
8	56	1.42145
8	58	1.42848
8	80	1.3965
8	82	1.26452
8	84	1.34742
8	95	0.552017
8	145	0.457076
8	166	0.476713
8	170	0.454322
8	173	0.463569
9	8	1.40366
9	28	0.462718
9	41	1.37671
9	50	1.32629
9	56	1.46018
9	76	1.34377
9	82	1.30325
9	84	1.38615
9	125	0.511344
9	139	0.462055
9	151	0.493303
9	178	0.475608
10	31	0.475136
10	44	0.38366
10	110	1.33562
10	111	1.33562
10	113	0.504476
10	116	0.499129
10	117	1.38895
10	135	0.531536
10	162	1.38344
10	168	1.37649
10	174	1.39162
10	179	1.38826
11	27	0.457181
11	55	0.52501
11	107	1.37833
11	122	1.32898
11	135	1.34499
11	144	1.37653
11	148	1.37653
11	152	0.488113
11	159	1.40916
11	173	0.463245
11	177	0.468939
11	180	1.38549
12	59	1.27807
12	79	1.05305
12	88	1.23788
12	93	1.18281
12	94	1.18441
12	101	1.16606
12	103	1.26155
12	113	1.23618
12	140	0.625172
12	160	0.591512
12	173	0.595975
12	174	0.592842
13	28	1.39067
13	78	0.516014
13	79	1.1529
13	88	1.33773
13	89	1.27112
13	94	1.28426
13	96	0.534817
13	101	1.2659
13	103	1.36139
13	113	1.33603
13	128	0.516154
13	170	0.514034
13	174	0.520147
14	1	1.43051
14	51	0.509715
14	62	1.31224
14	74	1.25756
14	81	1.1914
14	134	0.52555
14	138	1.27966
14	145	0.52506
14	146	0.559059
14	147	0.484483
14	151	1.2352
14	159	1.29673
14	172	1.3967
15	86	1.47924
15	107	0.314762
15	110	0.355389
15	121	1.46085
15	127	1.49323
15	130	1.49392
15	131	1.53039
15	132	1.45622
15	164	1.48615
15	170	0.719555
15	171	0.275419
15	172	0.661787
15	178	0.275901
16	47	1.45794
16	57	0.475603
16	73	1.11892
16	78	1.32579
16	90	1.33711
16	106	0.532216
16	141	1.21907
16	145	0.520055
16	151	0.55963
16	157	1.31604
16	158	1.29505
16	161	1.33008
16	170	0.517301
17	6	1.54424
17	18	1.41844
17	26	1.32716
17	31	1.30473
17	40	1.21834
17	53	1.13501
17	61	1.21555
17	63	1.23654
17	123	0.537929
17	136	0.48397
17	163	0.543566
17	178	0.531491
17	179	0.510304
18	17	1.41844
18	29	1.573
18	32	1.5105
18	40	1.4993
18	53	1.41597
18	61	1.49651
18	65	1.48628
18	119	0.434559
18	125	0.469503
18	163	0.445843
18	165	0.407045
18	175	0.424594
18	177	0.424075
19	24	1.35653
19	25	1.34003
19	50	1.22087
19	56	1.35476
19	58	1.36179
19	76	1.23836
19	80	1.32981
19	82	1.19784
19	108	0.52269
19	154	0.515999
19	160	0.522256
19	167	0.514081
19	175	0.532933
20	85	0.515788
20	114	0.543621
20	116	1.32977
20	129	1.29798
20	130	1.29851
20	132	1.26081
20	133	1.26821
20	140	0.524142
20	147	1.30917
20	153	0.515546
20	161	1.34479
20	164	1.29074
20	166	0.50809
21	25	0.506603
21	26	0.511741
21	62	0.512659
21	69	0.535473
21	103	0.525298
21	140	1.26339
21	153	1.2795
21	165	1.31488
21	168	1.30267
21	174	1.3178
21	176	1.30123
21	177	1.31158
21	178	1.30895
22	27	1.36148
22	74	0.525194
22	83	1.29549
22	91	1.25396
22	100	1.38227
22	105	1.29206
22	110	1.2538
22	111	1.2538
22	117	1.30713
22	125	0.549612
22	153	0.51909
22	162	0.50073
22	176	0.510358
23	42	0.46731
23	53	0.488245
23	87	0.461079
23	110	0.509516
23	112	1.44682
23	116	0.439559
23	144	1.38767
23	148	1.38767
23	161	0.425951
23	175	1.39109
23	176	1.38972
23	178	1.39744
23	179	1.40294
23	180	1.39664
24	5	1.44871
24	19	1.35653
24	41	1.39627
24	50	1.34585
24	56	1.47974
24	58	1.48677
24	76	1.36333
24	82	1.32281
24	110	0.538757
24	140	0.473079
24	168	0.454041
24	169	0.454997
24	173	0.443882
24	174	0.440749
25	5	1.43222
25	19	1.34003
25	21	0.506603
25	41	1.37977
25	50	1.32935
25	56	1.46324
25	58	1.47027
25	76	1.34683
25	80	1.43829
25	146	0.479036
25	155	0.459701
25	160	0.447065
25	171	0.466434
25	174	0.448395
26	17	1.32716
26	21	0.511741
26	31	1.49442
26	32	1.41923
26	40	1.40802
26	53	1.3247
26	61	1.40523
26	63	1.42622
26	65	1.39501
26	158	0.444987
26	174	0.453533
26	176	0.468535
26	178	0.472054
26	180	0.456293
27	11	0.457181
27	22	1.36148
27	83	1.40223
27	100	1.48902
27	105	1.39881
27	110	1.36055
27	111	1.36055
27	117	1.41388
27	135	0.513088
27	138	1.41348
27	167	0.443125
27	171	0.470668
27	174	0.452629
27	176	0.467632
28	9	0.462718
28	13	1.39067
28	89	1.36614
28	93	1.37767
28	94	1.37927
28	101	1.36092
28	103	1.45641
28	113	1.43104
28	124	1.43787
28	136	0.43219
28	160	0.45986
28	164	0.495212
28	169	0.475438
28	171	0.479229
29	18	1.573
29	31	1.4593
29	32	1.38411
29	40	1.3729
29	53	1.28958
29	61	1.37011
29	63	1.3911
29	65	1.35989
29	120	0.465152
29	131	0.466652
29	149	0.446961
29	152	0.483492
29	166	0.471768
29	168	0.468783
30	51	1.31559
30	52	1.30225
30	64	1.24052
30	73	1.05537
30	78	1.26224
30	90	1.27355
30	136	0.539633
30	154	0.561046
30	157	1.25249
30	158	1.23149
30	161	1.26652
30	165	0.560431
30	174	0.568633
30	177	0.577461
31	10	0.475136
31	17	1.30473
31	26	1.49442
31	29	1.4593
31	32	1.3968
31	40	1.38559
31	61	1.3828
31	63	1.40379
31	65	1.37257
31	85	0.483594
31	134	0.456749
31	156	0.462486
31	165	0.451416
31	171	0.477657
32	6	1.6363
32	18	1.5105
32	26	1.41923
32	29	1.38411
32	31	1.3968
32	53	1.22708
32	63	1.3286
32	65	1.29738
32	150	0.484702
32	151	0.492766
32	154	0.448964
32	156	0.459418
32	165	0.448349
32	171	0.474589
33	35	0.423868
33	60	1.46236
33	66	1.4591
33	68	1.44754
33	70	1.29951
33	91	0.527196
33	99	1.39777
33	102	1.3585
33	109	1.41565
33	141	1.35958
33	147	0.424209
33	156	0.471013
33	162	0.47352
33	176	0.483148
34	7	1.40672
34	39	1.17607
34	54	1.27009
34	62	1.38845
34	74	1.33377
34	81	1.26762
34	151	1.31142
34	158	0.489593
34	159	1.37295
34	168	0.511433
34	170	0.492026
34	172	1.47291
34	173	0.501273
34	176	0.513142
34	180	0.5009
35	33	0.423868
35	42	1.35825
35	55	1.28268
35	83	1.34128
35	91	1.29976
35	100	1.42807
35	105	1.33785
35	110	1.29959
35	111	1.29959
35	115	0.469232
35	117	1.35293
35	147	0.828704
35	159	0.424301
35	162	0.416656
35	163	0.441878
36	104	1.31906
36	112	1.38068
36	118	1.30061
36	119	1.39858
36	126	0.559641
36	135	1.28999
36	137	1.33753
36	144	1.32153
36	147	0.450897
36	148	1.32153
36	149	0.486304
36	161	0.509277
36	165	0.486632
36	176	0.509836
36	180	1.33049
37	42	1.3392
37	71	1.43511
37	83	1.32223
37	91	1.2807
37	100	1.40901
37	105	1.3188
37	110	1.28054
37	111	1.28054
37	117	1.33387
37	134	0.491614
37	142	0.483197
37	155	0.505789
37	161	0.508927
37	177	0.503311
37	178	0.513004
38	67	1.35882
38	114	0.537552
38	126	1.29421
38	127	1.33569
38	128	0.48175
38	130	1.33639
38	131	1.37285
38	132	1.29869
38	133	1.30609
38	151	0.521959
38	154	0.478157
38	157	1.36864
38	164	1.32862
38	171	0.503782
38	174	0.485743
39	1	1.32978
39	7	1.22978
39	34	1.17607
39	62	1.21151
39	74	1.15682
39	81	1.09067
39	123	0.61895
39	138	1.17893
39	149	0.585462
39	151	1.13447
39	159	1.196
39	172	1.29597
39	175	0.603338
39	177	0.602819
39	180	0.596751
40	17	1.21834
40	18	1.4993
40	26	1.40802
40	29	1.3729
40	31	1.38559
40	53	1.21587
40	57	0.452331
40	61	1.29641
40	63	1.31739
40	65	1.28618
40	165	0.491941
40	168	0.513435
40	169	0.51439
40	176	0.515145
40	178	0.518663
41	5	1.36347
41	7	0.328973
41	8	1.33798
41	9	1.37671
41	24	1.39627
41	25	1.37977
41	47	0.500199
41	50	1.26061
41	76	1.27809
41	77	0.605821
41	80	1.36954
41	82	1.23757
41	98	0.532386
41	162	0.553161
41	172	0.483905
42	23	0.46731
42	35	1.35825
42	37	1.3392
42	91	1.31169
42	105	1.34978
42	110	1.31152
42	111	1.31152
42	114	1.28873
42	117	1.36486
42	138	1.36445
42	147	0.467427
42	167	0.501858
42	176	0.526365
42	178	0.529884
42	180	0.514123
43	79	1.19681
43	84	1.35669
43	88	1.38164
43	89	1.31504
43	93	1.32657
43	94	1.32817
43	98	0.487154
43	101	1.30982
43	103	1.40531
43	113	1.37994
43	162	0.507929
43	163	0.533151
43	171	0.520593
43	172	0.438672
43	178	0.521075
44	10	0.38366
44	66	1.47552
44	68	1.46397
44	69	1.47932
44	70	1.31593
44	72	1.41337
44	86	0.417505
44	87	1.43069
44	99	1.4142
44	102	1.37493
44	109	1.43207
44	111	0.44372
44	146	0.398783
44	155	0.379448
44	169	0.38239
44	179	0.797759
45	57	1.33618
45	59	1.20641
45	68	0.624381
45	116	1.17669
45	126	1.10325
45	127	1.14474
45	129	1.1449
45	130	1.14543
45	131	1.18189
45	132	1.10773
45	133	1.11513
45	149	0.629081
45	152	0.665611
45	164	1.13766
45	165	0.629408
45	178	0.65613
46	116	1.31971
46	121	1.25538
46	126	1.24627
46	127	1.28776
46	129	1.28792
46	130	1.28845
46	131	1.32492
46	132	1.25075
46	133	1.25815
46	140	0.575073
46	154	0.535157
46	158	0.534197
46	164	1.28068
46	172	0.478861
46	179	0.540077
46	180	0.545503
47	16	1.45794
47	41	0.500199
47	73	1.3475
47	78	1.55437
47	90	1.56568
47	106	0.416773
47	141	1.44764
47	153	0.431706
47	157	1.54462
47	158	1.52362
47	161	1.55865
47	166	0.42425
47	167	0.398467
47	178	0.426492
47	180	0.410732
48	60	1.49561
48	70	1.33276
48	72	1.4302
48	75	1.42943
48	86	0.497574
48	87	1.44751
48	99	1.43102
48	102	1.39175
48	109	1.4489
48	141	1.39283
48	158	0.439665
48	162	0.453585
48	176	0.463213
48	177	0.457039
48	179	0.445545
48	180	0.450971
49	60	1.33758
49	66	1.33432
49	68	1.32276
49	70	1.17473
49	72	1.27217
49	75	1.27139
49	87	1.28948
49	99	1.27299
49	102	1.23372
49	109	1.29086
49	152	0.559446
49	158	0.522898
49	167	0.52194
49	168	0.544737
49	170	0.525331
49	180	0.534204
50	4	0.556949
50	5	1.31305
50	9	1.32629
50	19	1.22087
50	24	1.34585
50	25	1.32935
50	41	1.26061
50	76	1.22767
50	80	1.31912
50	82	1.18715
50	84	1.27004
50	147	0.503761
50	165	0.539495
50	172	0.483815
50	177	0.556525
50	178	0.566218
51	14	0.509715
51	30	1.31559
51	52	1.51559
51	64	1.45386
51	73	1.26871
51	90	1.48689
51	141	1.36885
51	150	0.465007
51	152	0.464858
51	157	1.46583
51	158	1.44483
51	161	1.47986
51	167	0.427351
51	168	0.450149
51	176	0.451858
51	180	0.439616
52	30	1.30225
52	51	1.51559
52	64	1.44052
52	73	1.25537
52	78	1.46224
52	90	1.47355
52	152	0.472916
52	157	1.45249
52	158	1.43149
52	159	0.457933
52	161	1.46652
52	166	0.461192
52	169	0.459162
52	171	0.462953
52	173	0.448048
52	174	0.444914
53	6	1.54177
53	17	1.13501
53	18	1.41597
53	23	0.488245
53	26	1.3247
53	29	1.28958
53	32	1.22708
53	40	1.21587
53	61	1.21308
53	63	1.23407
53	65	1.20285
53	108	0.531402
53	140	0.564628
53	153	0.556032
53	155	0.543603
53	158	0.523751
54	3	1.2836
54	7	1.3238
54	34	1.27009
54	62	1.30553
54	63	0.521305
54	74	1.25084
54	81	1.18469
54	115	0.566458
54	125	0.562764
54	138	1.27295
54	151	1.22849
54	153	0.532242
54	159	1.29002
54	172	1.38999
54	173	0.511641
54	180	0.511268
55	11	0.52501
55	35	1.28268
55	70	0.627216
55	71	1.39053
55	83	1.27764
55	91	1.23612
55	100	1.36443
55	105	1.27422
55	110	1.23596
55	111	1.23596
55	114	1.21316
55	117	1.28929
55	139	0.525426
55	147	0.476523
55	170	0.514345
55	176	0.535461
56	8	1.42145
56	9	1.46018
56	19	1.35476
56	24	1.47974
56	25	1.46324
56	58	1.485
56	76	1.36156
56	80	1.45302
56	82	1.32104
56	115	0.506698
56	132	0.508324
56	154	0.441161
56	169	0.462995
56	172	0.384865
56	175	0.458094
56	179	0.446081
57	16	0.475603
57	40	0.452331
57	45	1.33618
57	129	1.52845
57	131	1.56544
57	132	1.49128
57	133	1.49868
57	143	0.444229
57	144	1.52367
57	145	0.404389
57	148	1.52367
57	167	0.398243
57	168	0.421041
57	173	0.410882
57	180	1.53263
58	8	1.42848
58	19	1.36179
58	24	1.48677
58	25	1.47027
58	56	1.485
58	76	1.36859
58	80	1.46005
58	82	1.32807
58	84	1.41097
58	108	0.457209
58	154	0.450518
58	165	0.449903
58	167	0.4486
58	177	0.466933
58	178	0.476626
58	180	0.460865
59	12	1.27807
59	45	1.20641
59	89	1.35339
59	93	1.36492
59	106	0.489792
59	113	1.41829
59	121	1.36613
59	124	1.42512
59	126	1.35702
59	130	1.39921
59	155	0.492296
59	157	1.43145
59	160	0.47966
59	166	0.497268
59	167	0.471485
59	176	0.495992
59	180	0.48375
60	33	1.46236
60	48	1.49561
60	49	1.33758
60	70	1.25148
60	72	1.34892
60	75	1.34815
60	85	0.512182
60	87	1.36624
60	102	1.31048
60	109	1.36762
60	141	1.31156
60	143	0.524687
60	158	0.47966
60	160	0.486876
60	165	0.480005
60	169	0.502454
60	172	0.424324
61	6	1.62231
61	17	1.21555
61	18	1.49651
61	26	1.40523
61	29	1.37011
61	31	1.3828
61	40	1.29641
61	53	1.21308
61	63	1.31461
61	65	1.28339
61	99	0.509672
61	100	0.462204
61	137	0.497255
61	140	0.501987
61	166	0.485935
61	173	0.472791
61	180	0.472417
62	3	1.40196
62	14	1.31224
62	21	0.512659
62	34	1.38845
62	39	1.21151
62	54	1.30553
62	74	1.36921
62	77	0.512486
62	81	1.30305
62	116	0.482503
62	125	0.508708
62	138	1.39131
62	158	0.445905
62	159	1.40838
62	166	0.47073
62	172	1.50835
62	178	0.472973
63	6	1.6433
63	17	1.23654
63	26	1.42622
63	29	1.3911
63	31	1.40379
63	32	1.3286
63	40	1.31739
63	53	1.23407
63	54	0.521305
63	61	1.31461
63	65	1.30438
63	106	0.477158
63	143	0.504837
63	155	0.479662
63	158	0.45981
63	169	0.482604
63	176	0.483359
64	30	1.24052
64	51	1.45386
64	52	1.44052
64	73	1.19364
64	77	0.52528
64	78	1.40051
64	90	1.41182
64	139	0.472213
64	141	1.29379
64	143	0.503727
64	157	1.39076
64	158	1.36977
64	161	1.4048
64	164	0.501268
64	173	0.47038
64	179	0.46458
64	180	0.470006
65	6	1.61208
65	18	1.48628
65	26	1.39501
65	29	1.35989
65	31	1.37257
65	32	1.29738
65	40	1.28618
65	53	1.20285
65	61	1.28339
65	63	1.30438
65	149	0.474027
65	155	0.493862
65	167	0.473051
65	171	0.500595
65	175	0.491903
65	177	0.491384
65	180	0.485316
66	33	1.4591
66	44	1.47552
66	49	1.33432
66	69	1.41161
66	70	1.24822
66	75	1.34489
66	85	0.492924
66	97	0.467941
66	99	1.34648
66	102	1.30722
66	109	1.36436
66	141	1.30829
66	143	0.505429
66	149	0.46042
66	150	0.4971
66	163	0.499545
66	171	0.486987
67	38	1.35882
67	116	1.39192
67	121	1.32759
67	126	1.31848
67	127	1.35997
67	129	1.36013
67	133	1.33036
67	142	0.470402
67	145	0.478329
67	152	0.50969
67	157	1.39291
67	161	1.40694
67	164	1.35289
67	168	0.494981
67	169	0.495936
67	170	0.475575
67	180	0.484448
68	33	1.44754
68	44	1.46397
68	45	0.624381
68	49	1.32276
68	69	1.40005
68	72	1.33411
68	87	1.35142
68	99	1.33493
68	102	1.29566
68	109	1.35281
68	114	0.49414
68	140	0.474661
68	141	1.29674
68	145	0.438972
68	157	0.461304
68	177	0.451159
68	178	0.460852
69	21	0.535473
69	44	1.47932
69	66	1.41161
69	68	1.40005
69	70	1.25202
69	75	1.34869
69	87	1.36677
69	99	1.35028
69	102	1.31101
69	109	1.36816
69	114	0.529074
69	141	1.31209
69	153	0.501
69	165	0.469064
69	172	0.413384
69	173	0.480399
69	180	0.480026
70	33	1.29951
70	44	1.31593
70	48	1.33276
70	49	1.17473
70	55	0.627216
70	60	1.25148
70	66	1.24822
70	69	1.25202
70	72	1.18607
70	99	1.18689
70	102	1.14763
70	109	1.20477
70	147	0.518381
70	154	0.55473
70	167	0.552812
70	169	0.576565
70	176	0.577319
71	37	1.43511
71	55	1.39053
71	83	1.44913
71	91	1.4076
71	100	1.53591
71	105	1.4457
71	110	1.40744
71	111	1.40744
71	117	1.46077
71	123	0.457161
71	125	0.486459
71	132	0.491779
71	138	1.46037
71	155	0.443508
71	158	0.423656
71	160	0.430872
71	173	0.435336
71	177	0.441031
72	44	1.41337
72	48	1.4302
72	49	1.27217
72	60	1.34892
72	68	1.33411
72	70	1.18607
72	75	1.28274
72	87	1.30082
72	97	0.501581
72	99	1.28433
72	102	1.24507
72	109	1.30221
72	115	0.560539
72	154	0.495003
72	166	0.518867
72	169	0.516837
72	173	0.505722
72	177	0.511417
73	16	1.11892
73	30	1.05537
73	47	1.3475
73	51	1.26871
73	52	1.25537
73	64	1.19364
73	78	1.21535
73	90	1.22667
73	123	0.612263
73	141	1.10863
73	151	0.623521
73	157	1.20561
73	158	1.18461
73	161	1.21964
73	166	0.603583
73	167	0.5778
73	169	0.601553
73	180	0.590065
74	3	1.34727
74	14	1.25756
74	22	0.525194
74	34	1.33377
74	39	1.15682
74	54	1.25084
74	62	1.36921
74	81	1.24837
74	94	0.541282
74	132	0.544975
74	138	1.33662
74	143	0.521879
74	151	1.29217
74	156	0.488266
74	159	1.3537
74	169	0.499646
74	172	1.45366
74	179	0.482731
75	48	1.42943
75	49	1.27139
75	60	1.34815
75	66	1.34489
75	69	1.34869
75	72	1.28274
75	87	1.30005
75	99	1.28356
75	102	1.24429
75	109	1.30144
75	125	0.566921
75	141	1.24537
75	142	0.501379
75	151	0.548881
75	162	0.518039
75	172	0.448783
75	173	0.515798
75	179	0.509998
76	5	1.33054
76	9	1.34377
76	19	1.23836
76	24	1.36333
76	25	1.34683
76	41	1.27809
76	50	1.22767
76	56	1.36156
76	58	1.36859
76	80	1.33661
76	82	1.20464
76	134	0.508824
76	153	0.535427
76	156	0.51456
76	165	0.503491
76	167	0.502188
76	173	0.514826
76	178	0.530214
77	41	0.605821
77	62	0.512486
77	64	0.52528
77	100	0.506141
77	126	0.578401
77	143	1.24483
77	145	1.28171
77	148	0.539764
77	159	0.526613
77	163	1.23386
77	168	1.26525
77	169	1.26606
77	171	1.28042
77	173	1.25959
77	174	1.28038
77	175	1.26518
77	177	1.27416
77	178	1.27153
77	179	1.27702
78	13	0.516014
78	16	1.32579
78	30	1.26224
78	47	1.55437
78	52	1.46224
78	64	1.40051
78	73	1.21535
78	90	1.43354
78	141	1.3155
78	152	0.479428
78	157	1.41248
78	158	1.39148
78	161	1.42651
78	163	0.482023
78	166	0.467704
78	168	0.464719
78	171	0.469465
78	177	0.460254
78	178	0.469947
79	2	1.23311
79	4	1.22419
79	12	1.05305
79	13	1.1529
79	43	1.19681
79	88	1.19498
79	89	1.12837
79	93	1.13991
79	94	1.14151
79	101	1.12315
79	103	1.21864
79	113	1.19327
79	124	1.2001
79	145	0.621318
79	146	0.655318
79	160	0.623347
79	163	0.655274
79	167	0.615173
79	168	0.63797
80	5	1.42199
80	8	1.3965
80	19	1.32981
80	25	1.43829
80	41	1.36954
80	50	1.31912
80	56	1.45302
80	58	1.46005
80	76	1.33661
80	82	1.29609
80	84	1.37898
80	106	0.485865
80	128	0.473069
80	149	0.468534
80	162	0.482437
80	167	0.467558
80	170	0.470949
80	174	0.477063
80	177	0.485891
81	1	1.42132
81	7	1.32132
81	14	1.1914
81	34	1.26762
81	39	1.09067
81	54	1.18469
81	62	1.30305
81	74	1.24837
81	138	1.27047
81	145	0.536242
81	151	1.22602
81	159	1.28755
81	169	0.553849
81	170	0.533488
81	171	0.55764
81	172	1.38751
81	173	0.542735
81	177	0.548429
81	179	0.536935
82	5	1.29002
82	8	1.26452
82	9	1.30325
82	19	1.19784
82	24	1.32281
82	41	1.23757
82	50	1.18715
82	56	1.32104
82	58	1.32807
82	76	1.20464
82	80	1.29609
82	84	1.24701
82	108	0.541056
82	128	0.537959
82	139	0.546919
82	158	0.533406
82	168	0.555245
82	175	0.551299
82	180	0.544712
83	22	1.29549
83	27	1.40223
83	35	1.34128
83	37	1.32223
83	55	1.27764
83	71	1.44913
83	91	1.29472
83	105	1.33281
83	110	1.29455
83	111	1.29455
83	117	1.34789
83	125	0.540873
83	136	0.457617
83	138	1.34748
83	143	0.523098
83	160	0.485287
83	163	0.517214
83	170	0.480504
83	176	0.501619
83	178	0.505138
84	8	1.34742
84	9	1.38615
84	43	1.35669
84	50	1.27004
84	58	1.41097
84	80	1.37898
84	82	1.24701
84	89	1.28825
84	93	1.29978
84	101	1.28303
84	103	1.37852
84	113	1.35315
84	134	0.491158
84	143	0.530508
84	146	0.524668
84	147	0.450091
84	155	0.505333
84	171	0.512066
84	174	0.494027
84	175	0.503374
85	20	0.515788
85	31	0.483594
85	60	0.512182
85	66	0.492924
85	100	0.472082
85	127	0.512514
85	149	1.35475
85	152	1.31066
85	154	1.33589
85	156	1.3416
85	159	0.492554
85	162	1.33788
85	164	0.513557
85	167	1.35658
85	169	1.33174
85	170	1.30259
85	173	1.32527
85	175	1.33086
85	176	1.32949
85	179	1.3427
86	15	1.47924
86	44	0.417505
86	48	0.497574
86	116	1.3548
86	121	1.29047
86	126	1.28136
86	127	1.32285
86	129	1.32302
86	130	1.32355
86	131	1.36001
86	132	1.28584
86	133	1.29325
86	142	0.493637
86	150	0.533074
86	156	0.507791
86	161	1.36983
86	164	1.31577
86	166	0.521201
86	168	0.518216
86	169	0.519171
87	23	0.461079
87	44	1.43069
87	48	1.44751
87	49	1.28948
87	60	1.36624
87	68	1.35142
87	69	1.36677
87	72	1.30082
87	75	1.30005
87	99	1.30165
87	102	1.26238
87	109	1.31952
87	133	0.560393
87	141	1.26346
87	142	0.493845
87	147	0.461195
87	149	0.496603
87	174	0.505131
87	175	0.514479
87	177	0.51396
88	4	1.40902
88	12	1.23788
88	13	1.33773
88	43	1.38164
88	79	1.19498
88	89	1.3132
88	93	1.32473
88	94	1.32633
88	101	1.30798
88	103	1.40347
88	113	1.3781
88	124	1.38493
88	134	0.47838
88	135	0.541707
88	150	0.5094
88	151	0.517464
88	156	0.484116
88	171	0.499287
88	178	0.49977
88	179	0.478582
89	2	1.35133
89	4	1.34242
89	13	1.27112
89	28	1.36614
89	43	1.31504
89	59	1.35339
89	79	1.12837
89	84	1.28825
89	88	1.3132
89	93	1.25813
89	94	1.25973
89	101	1.24138
89	113	1.3115
89	151	0.546317
89	152	0.538103
89	155	0.521407
89	164	0.544123
89	170	0.503988
89	171	0.52814
89	175	0.519449
89	179	0.507435
90	16	1.33711
90	30	1.27355
90	47	1.56568
90	51	1.48689
90	52	1.47355
90	64	1.41182
90	73	1.22667
90	78	1.43354
90	123	0.485402
90	141	1.32681
90	145	0.457084
90	157	1.42379
90	158	1.40279
90	159	0.473462
90	161	1.43782
90	166	0.476721
90	167	0.450939
90	173	0.463577
90	175	0.46979
90	176	0.475446
90	179	0.457777
91	22	1.25396
91	33	0.527196
91	35	1.29976
91	37	1.2807
91	42	1.31169
91	55	1.23612
91	71	1.4076
91	83	1.29472
91	100	1.3815
91	105	1.29129
91	110	1.25303
91	111	1.25303
91	114	1.23024
91	115	0.572561
91	117	1.30636
91	139	0.519578
91	162	0.519985
91	173	0.517744
91	177	0.523439
91	179	0.511944
91	180	0.517371
92	95	1.21571
92	96	1.3158
92	107	1.29286
92	118	1.27014
92	119	1.36811
92	120	1.35656
92	122	1.24351
92	135	1.25952
92	137	1.30705
92	144	1.29106
92	148	1.29106
92	150	0.554538
92	154	0.5188
92	155	0.537693
92	164	1.28859
92	169	0.540635
92	170	0.520273
92	172	0.462505
92	175	0.535734
92	176	0.541389
92	180	1.30002
93	12	1.18281
93	28	1.37767
93	43	1.32657
93	59	1.36492
93	79	1.13991
93	84	1.29978
93	88	1.32473
93	89	1.25813
93	94	1.27126
93	101	1.25291
93	103	1.3484
93	113	1.32303
93	114	0.567216
93	123	0.540366
93	124	1.32986
93	128	0.511414
93	139	0.520375
93	150	0.543558
93	158	0.506861
93	170	0.509294
93	179	0.512741
94	2	1.36446
94	12	1.18441
94	13	1.28426
94	28	1.37927
94	43	1.32817
94	74	0.541282
94	79	1.14151
94	88	1.32633
94	89	1.25973
94	93	1.27126
94	101	1.25451
94	103	1.35
94	113	1.32463
94	124	1.33146
94	130	0.547251
94	158	0.502898
94	163	0.542041
94	166	0.527722
94	170	0.505331
94	176	0.526446
94	180	0.514204
95	8	0.552017
95	92	1.21571
95	104	1.24979
95	106	0.555943
95	107	1.25407
95	112	1.31141
95	119	1.32932
95	122	1.20472
95	135	1.22073
95	136	0.518141
95	137	1.26826
95	139	1.24553
95	144	1.25227
95	145	0.543783
95	146	0.577783
95	148	1.25227
95	159	1.2849
95	162	0.552516
95	164	1.2498
95	171	0.565181
95	179	0.544475
95	180	1.26123
96	13	0.534817
96	92	1.3158
96	104	1.34989
96	118	1.33145
96	119	1.42942
96	120	1.41787
96	122	1.30482
96	123	0.495188
96	135	1.32082
96	137	1.36836
96	139	1.34562
96	144	1.35236
96	146	0.50087
96	148	1.35236
96	151	0.506445
96	154	0.462643
96	164	1.3499
96	174	0.470229
96	176	0.485232
96	178	0.48875
96	179	0.467563
96	180	1.36133
97	66	0.467941
97	72	0.501581
97	99	0.494567
97	110	0.55256
97	131	0.465714
97	144	0.485891
97	148	0.480721
97	157	0.473525
97	160	1.35658
97	161	0.468996
97	163	1.31821
97	166	1.35266
97	167	1.37525
97	169	1.35041
97	171	1.36477
97	173	1.34394
97	174	1.36473
97	175	1.34953
97	176	1.34816
97	177	1.35851
97	178	1.35588
97	179	1.36137
98	41	0.532386
98	43	0.487154
98	111	0.515738
98	119	0.459471
98	120	0.449821
98	129	0.500744
98	134	1.38675
98	141	0.504472
98	148	0.466329
98	155	1.35707
98	160	1.3554
98	162	1.35537
98	164	0.474181
98	166	1.35147
98	170	1.32007
98	171	1.36359
98	173	1.34276
98	175	1.34835
98	176	1.34697
98	177	1.35733
98	178	1.35469
98	179	1.36019
99	33	1.39777
99	44	1.4142
99	48	1.43102
99	49	1.27299
99	61	0.509672
99	66	1.34648
99	68	1.33493
99	69	1.35028
99	70	1.18689
99	72	1.28433
99	75	1.28356
99	87	1.30165
99	97	0.494567
99	102	1.24589
99	109	1.30303
99	130	0.531381
99	141	1.24697
99	145	0.492216
99	153	0.519309
99	159	0.508594
99	164	0.529596
99	166	0.511853
99	175	0.504922
100	22	1.38227
100	27	1.48902
100	35	1.42807
100	37	1.40901
100	55	1.36443
100	61	0.462204
100	71	1.53591
100	77	0.506141
100	85	0.472082
100	91	1.3815
100	105	1.4196
100	110	1.38134
100	111	1.38134
100	114	1.35855
100	117	1.43467
100	138	1.43427
100	149	0.439578
100	151	0.484322
100	162	0.453481
100	167	0.438602
100	175	0.457454
100	179	0.44544
100	180	0.450866
101	2	1.34611
101	4	1.3372
101	12	1.16606
101	13	1.2659
101	28	1.36092
101	43	1.30982
101	79	1.12315
101	84	1.28303
101	88	1.30798
101	89	1.24138
101	93	1.25291
101	94	1.25451
101	103	1.33165
101	108	0.521349
101	113	1.30628
101	124	1.31311
101	139	0.527212
101	146	0.552885
101	150	0.550395
101	153	0.545979
101	162	0.527619
101	163	0.552841
101	167	0.51274
101	174	0.522244
102	33	1.3585
102	44	1.37493
102	48	1.39175
102	49	1.23372
102	60	1.31048
102	66	1.30722
102	68	1.29566
102	69	1.31101
102	70	1.14763
102	72	1.24507
102	75	1.24429
102	87	1.26238
102	99	1.24589
102	105	0.556912
102	109	1.26377
102	141	1.2077
102	146	0.557374
102	162	0.532108
102	165	0.518532
102	167	0.517229
102	174	0.526733
102	175	0.53608
102	177	0.535561
102	180	0.529493
103	2	1.4416
103	4	1.43269
103	12	1.26155
103	13	1.36139
103	21	0.525298
103	28	1.45641
103	43	1.40531
103	79	1.21864
103	84	1.37852
103	88	1.40347
103	93	1.3484
103	94	1.35
103	101	1.33165
103	113	1.40177
103	123	0.492049
103	124	1.4086
103	125	0.521346
103	129	0.527675
103	154	0.459504
103	166	0.483368
103	170	0.460977
103	172	0.403208
103	174	0.46709
103	180	0.46985
104	36	1.31906
104	95	1.24979
104	96	1.34989
104	107	1.32695
104	112	1.38429
104	114	0.544787
104	119	1.4022
104	120	1.39065
104	121	0.542791
104	122	1.2776
104	128	0.488984
104	135	1.2936
104	137	1.34114
104	144	1.32514
104	148	1.32514
104	157	0.511951
104	159	1.35777
104	160	0.491648
104	164	1.32268
104	171	0.511017
104	172	0.429096
104	173	0.496111
104	177	0.501806
104	179	0.490311
104	180	1.33411
105	22	1.29206
105	27	1.39881
105	35	1.33785
105	37	1.3188
105	42	1.34978
105	55	1.27422
105	71	1.4457
105	83	1.33281
105	91	1.29129
105	100	1.4196
105	102	0.556912
105	110	1.29112
105	111	1.29112
105	114	1.26833
105	117	1.34446
105	138	1.34406
105	139	0.490705
105	149	0.477209
105	152	0.51374
105	163	0.516335
105	166	0.502016
105	173	0.488872
105	175	0.495085
105	179	0.483072
105	180	0.488498
106	16	0.532216
106	47	0.416773
106	59	0.489792
106	63	0.477158
106	80	0.485865
106	95	0.555943
106	117	0.48302
106	129	0.524946
106	130	0.500168
106	141	0.528675
106	149	1.35264
106	154	1.33378
106	160	1.3358
106	163	1.29743
106	165	1.34103
106	166	1.33187
106	167	1.35447
106	168	1.32882
106	170	1.30047
106	171	1.34399
106	173	1.32316
106	174	1.34395
106	177	1.33773
106	179	1.34059
106	180	1.33429
107	11	1.37833
107	15	0.314762
107	92	1.29286
107	95	1.25407
107	104	1.32695
107	112	1.38856
107	114	0.56475
107	118	1.3085
107	119	1.40647
107	120	1.39492
107	122	1.28187
107	128	0.508947
107	135	1.29788
107	136	0.483941
107	137	1.34541
107	144	1.32942
107	148	1.32942
107	150	0.541092
107	155	0.524247
107	164	1.32695
107	169	0.527189
107	170	0.506827
107	171	0.53098
107	179	0.510275
107	180	1.33838
108	19	0.52269
108	53	0.531402
108	58	0.457209
108	82	0.541056
108	101	0.521349
108	118	0.510634
108	124	0.460827
108	127	0.487643
108	144	0.486004
108	157	0.473637
108	162	1.33752
108	163	1.29917
108	165	1.34278
108	167	1.35622
108	168	1.33057
108	169	1.33138
108	170	1.30222
108	171	1.34574
108	173	1.32491
108	174	1.34569
108	176	1.32912
108	177	1.33948
108	178	1.33684
108	179	1.34233
108	180	1.33603
109	33	1.41565
109	44	1.43207
109	48	1.4489
109	49	1.29086
109	60	1.36762
109	66	1.36436
109	68	1.35281
109	69	1.36816
109	70	1.20477
109	72	1.30221
109	75	1.30144
109	87	1.31952
109	99	1.30303
109	102	1.26377
109	120	0.511908
109	128	0.498253
109	136	0.473246
109	141	1.26484
109	147	0.45831
109	152	0.530248
109	156	0.505114
109	162	0.507621
109	165	0.494045
109	175	0.511594
109	178	0.520767
110	10	1.33562
110	15	0.355389
110	22	1.2538
110	23	0.509516
110	24	0.538757
110	27	1.36055
110	35	1.29959
110	37	1.28054
110	42	1.31152
110	55	1.23596
110	71	1.40744
110	83	1.29455
110	91	1.25303
110	97	0.55256
110	100	1.38134
110	105	1.29112
110	111	1.25287
110	114	1.23007
110	117	1.3062
110	134	0.550699
110	138	1.3058
110	142	0.542282
110	162	0.558942
110	172	0.489686
110	173	0.556701
110	174	0.553568
111	10	1.33562
111	22	1.2538
111	27	1.36055
111	35	1.29959
111	37	1.28054
111	42	1.31152
111	44	0.44372
111	55	1.23596
111	71	1.40744
111	83	1.29455
111	91	1.25303
111	98	0.515738
111	100	1.38134
111	105	1.29112
111	110	1.25287
111	114	1.23007
111	117	1.3062
111	138	1.3058
111	142	0.519852
111	143	0.567619
111	147	0.487202
111	150	0.559289
111	151	0.567354
111	156	0.534006
111	171	0.549177
111	172	0.467256
112	23	1.44682
112	36	1.38068
112	95	1.31141
112	104	1.38429
112	107	1.38856
112	113	0.504853
112	118	1.36584
112	120	1.45227
112	122	1.33922
112	128	0.467461
112	135	1.35522
112	137	1.40276
112	144	1.38676
112	148	1.38676
112	152	0.499456
112	154	0.463868
112	159	1.41939
112	164	1.3843
112	167	0.461949
112	169	0.485702
112	171	0.489493
112	172	0.407572
112	173	0.474588
112	174	0.471454
112	176	0.486456
112	180	1.39572
113	2	1.41623
113	3	0.500938
113	4	1.40732
113	10	0.504476
113	12	1.23618
113	13	1.33603
113	28	1.43104
113	43	1.37994
113	59	1.41829
113	79	1.19327
113	84	1.35315
113	88	1.3781
113	89	1.3115
113	93	1.32303
113	94	1.32463
113	101	1.30628
113	103	1.40177
113	112	0.504853
113	124	1.38323
113	139	0.493926
113	140	0.521289
113	149	0.48043
113	163	0.519555
113	167	0.479454
113	172	0.425077
113	173	0.492092
113	174	0.488958
114	20	0.543621
114	38	0.537552
114	42	1.28873
114	55	1.21316
114	68	0.49414
114	69	0.529074
114	91	1.23024
114	93	0.567216
114	100	1.35855
114	104	0.544787
114	105	1.26833
114	107	0.56475
114	110	1.23007
114	111	1.23007
114	117	1.28341
114	137	0.534966
114	144	0.538708
114	156	1.28161
114	164	0.54139
114	168	1.27094
114	169	1.27175
114	174	1.28607
114	175	1.27087
114	177	1.27985
114	178	1.27722
114	179	1.28271
114	180	1.27641
115	35	0.469232
115	54	0.566458
115	56	0.506698
115	72	0.560539
115	91	0.572561
115	124	0.519673
115	127	0.546489
115	141	0.577823
115	142	1.29487
115	153	1.24599
115	154	1.27412
115	155	1.27781
115	156	1.27983
115	159	0.526529
115	162	1.27611
115	163	1.23777
115	164	0.547532
115	165	1.28137
115	166	1.27222
115	170	1.24082
115	171	1.28433
115	173	1.2635
115	175	1.26909
115	176	1.26772
115	177	1.27807
115	178	1.27544
115	179	1.28093
116	10	0.499129
116	20	1.32977
116	23	0.439559
116	45	1.17669
116	46	1.31971
116	62	0.482503
116	67	1.39192
116	86	1.3548
116	121	1.33641
116	123	0.50857
116	126	1.32731
116	127	1.36879
116	129	1.36896
116	130	1.36949
116	131	1.40595
116	132	1.33179
116	133	1.33919
116	153	0.507345
116	156	0.486479
116	157	1.40174
116	159	0.49663
116	160	0.482281
116	161	1.41577
116	163	0.514207
116	164	1.36172
116	166	0.499889
116	177	0.492439
117	10	1.38895
117	22	1.30713
117	27	1.41388
117	35	1.35293
117	37	1.33387
117	42	1.36486
117	55	1.28929
117	71	1.46077
117	83	1.34789
117	91	1.30636
117	100	1.43467
117	105	1.34446
117	106	0.48302
117	110	1.3062
117	111	1.3062
117	114	1.28341
117	132	0.533795
117	138	1.35913
117	139	0.479185
117	151	0.510434
117	152	0.50222
117	158	0.465672
117	162	0.479592
117	163	0.504814
117	164	0.50824
117	165	0.466017
117	180	0.476978
118	36	1.30061
118	92	1.27014
118	96	1.33145
118	107	1.3085
118	108	0.510634
118	112	1.36584
118	119	1.38375
118	120	1.3722
118	122	1.25915
118	124	1.33792
118	135	1.27516
118	137	1.32269
118	139	1.29996
118	143	0.548011
118	144	1.3067
118	146	0.542171
118	147	0.467594
118	148	1.3067
118	155	0.522835
118	159	1.33933
118	164	1.30423
118	167	0.502025
118	170	0.505416
118	172	0.447648
118	175	0.520877
118	176	0.526532
118	177	0.520358
118	180	1.31566
119	18	0.434559
119	36	1.39858
119	92	1.36811
119	95	1.32932
119	96	1.42942
119	98	0.459471
119	104	1.4022
119	107	1.40647
119	118	1.38375
119	120	1.47017
119	122	1.35712
119	124	1.43589
119	135	1.37313
119	137	1.42066
119	142	0.463585
119	144	1.40467
119	147	0.430935
119	148	1.40467
119	150	0.503023
119	155	0.486177
119	164	1.4022
119	166	0.491149
119	168	0.488164
119	172	0.41099
119	176	0.489874
119	177	0.4837
119	179	0.472205
119	180	1.41363
120	29	0.465152
120	92	1.35656
120	96	1.41787
120	98	0.449821
120	104	1.39065
120	107	1.39492
120	109	0.511908
120	112	1.45227
120	118	1.3722
120	119	1.47017
120	122	1.34558
120	124	1.42434
120	134	0.462353
120	135	1.36158
120	137	1.40912
120	144	1.39312
120	148	1.39312
120	149	0.456693
120	152	0.493223
120	159	1.42575
120	160	0.463891
120	164	1.39066
120	168	0.478514
120	171	0.48326
120	172	0.40134
120	178	0.483742
120	179	0.462555
120	180	1.40208
121	15	1.46085
121	46	1.25538
121	59	1.36613
121	67	1.32759
121	86	1.29047
121	104	0.542791
121	116	1.33641
121	126	1.26297
121	127	1.30446
121	128	0.501379
121	129	1.30463
121	130	1.30516
121	131	1.34162
121	132	1.26745
121	133	1.27486
121	140	0.537703
121	147	1.31581
121	150	0.533524
121	157	1.3374
121	160	0.504043
121	161	1.35144
121	164	1.29738
121	165	0.497172
121	166	0.521651
121	170	0.499259
121	172	0.441491
121	175	0.51472
121	176	0.520375
122	11	1.32898
122	92	1.24351
122	95	1.20472
122	96	1.30482
122	104	1.2776
122	107	1.28187
122	112	1.33922
122	118	1.25915
122	119	1.35712
122	120	1.34558
122	123	0.559184
122	128	0.530232
122	131	0.545388
122	135	1.24853
122	136	0.505225
122	137	1.29607
122	139	1.27333
122	144	1.28007
122	147	0.490289
122	148	1.28007
122	156	0.537093
122	158	0.525679
122	159	1.3127
122	160	0.532895
122	164	1.27761
122	167	0.524721
122	170	0.528112
122	174	0.534225
122	180	1.28903
123	17	0.537929
123	39	0.61895
123	71	0.457161
123	73	0.612263
123	90	0.485402
123	93	0.540366
123	96	0.495188
123	103	0.492049
123	116	0.50857
123	122	0.559184
123	128	1.28352
123	131	0.491681
123	149	1.30573
123	151	1.24952
123	152	1.26164
123	162	1.28886
123	163	1.25052
123	167	1.30756
123	169	1.28272
123	170	1.25357
123	171	1.29708
123	172	1.41101
123	173	1.27625
123	174	1.29704
123	175	1.28184
123	176	1.28047
123	177	1.29082
123	178	1.28819
123	179	1.29368
124	28	1.43787
124	59	1.42512
124	79	1.2001
124	88	1.38493
124	93	1.32986
124	94	1.33146
124	101	1.31311
124	103	1.4086
124	108	0.460827
124	113	1.38323
124	115	0.519673
124	118	1.33792
124	119	1.43589
124	120	1.42434
124	132	0.521299
124	135	1.32729
124	137	1.37483
124	144	1.35884
124	148	1.35884
124	152	0.489724
124	153	0.485457
124	160	0.460392
124	163	0.492319
124	168	0.475015
124	171	0.479761
124	176	0.476725
124	177	0.47055
124	178	0.480243
124	180	1.3678
125	9	0.511344
125	18	0.469503
125	22	0.549612
125	54	0.562764
125	62	0.508708
125	71	0.486459
125	75	0.566921
125	83	0.540873
125	103	0.521346
125	143	1.26612
125	148	0.535985
125	152	1.26627
125	153	1.26337
125	154	1.2915
125	162	1.29349
125	164	0.543837
125	165	1.29875
125	167	1.31219
125	168	1.28654
125	169	1.28735
125	171	1.30171
125	173	1.28088
125	174	1.30167
125	175	1.28647
125	176	1.2851
125	177	1.29545
125	178	1.29282
125	179	1.29831
125	180	1.29201
126	36	0.559641
126	38	1.29421
126	45	1.10325
126	46	1.24627
126	59	1.35702
126	67	1.31848
126	77	0.578401
126	86	1.28136
126	116	1.32731
126	121	1.26297
126	127	1.29535
126	129	1.29552
126	130	1.29605
126	131	1.33251
126	132	1.25835
126	133	1.26575
126	142	0.509081
126	147	1.3067
126	154	0.51278
126	157	1.3283
126	158	0.511821
126	161	1.34233
126	164	1.28828
126	165	0.512166
126	170	0.514253
126	174	0.520367
126	175	0.529714
126	176	0.535369
126	177	0.529195
127	15	1.49323
127	38	1.33569
127	45	1.14474
127	46	1.28776
127	67	1.35997
127	85	0.512514
127	86	1.32285
127	108	0.487643
127	115	0.546489
127	116	1.36879
127	121	1.30446
127	126	1.29535
127	129	1.33701
127	130	1.33754
127	131	1.374
127	132	1.29983
127	133	1.30724
127	134	0.485669
127	144	0.519878
127	145	0.485179
127	147	1.34819
127	149	0.480009
127	153	0.512272
127	154	0.480952
127	155	0.499844
127	157	1.36978
127	161	1.38382
127	164	1.32976
127	168	0.501831
127	177	0.497366
128	13	0.516154
128	38	0.48175
128	80	0.473069
128	82	0.537959
128	93	0.511414
128	104	0.488984
128	107	0.508947
128	109	0.498253
128	112	0.467461
128	121	0.501379
128	122	0.530232
128	123	1.28352
128	144	0.482906
128	153	1.31304
128	156	1.34688
128	162	1.34316
128	163	1.30482
128	165	1.34842
128	166	1.33927
128	168	1.33621
128	169	1.33703
128	170	1.30787
128	171	1.35138
128	173	1.33055
128	174	1.35134
128	175	1.33614
128	176	1.33477
128	177	1.34512
128	178	1.34249
128	179	1.34798
129	7	0.297331
129	20	1.29798
129	45	1.1449
129	46	1.28792
129	57	1.52845
129	67	1.36013
129	86	1.32302
129	98	0.500744
129	103	0.527675
129	106	0.524946
129	116	1.36896
129	121	1.30463
129	126	1.29552
129	127	1.33701
129	130	1.3377
129	131	1.37416
129	132	1.3
129	133	1.3074
129	142	0.504858
129	145	0.512785
129	147	1.34835
129	156	0.519012
129	157	1.36995
129	161	1.38398
129	164	1.32993
129	165	0.507943
129	166	0.532422
129	168	0.529437
129	178	0.534665
129	180	0.518904
130	15	1.49392
130	20	1.29851
130	38	1.33639
130	45	1.14543
130	46	1.28845
130	59	1.39921
130	86	1.32355
130	94	0.547251
130	99	0.531381
130	106	0.500168
130	116	1.36949
130	121	1.30516
130	126	1.29605
130	127	1.33754
130	129	1.3377
130	131	1.37469
130	132	1.30053
130	133	1.30793
130	134	0.488497
130	136	0.462366
130	149	0.482837
130	155	0.502672
130	157	1.37048
130	161	1.38451
130	164	1.33046
130	165	0.483165
130	168	0.504659
130	169	0.505614
130	178	0.509887
130	180	0.494126
131	15	1.53039
131	29	0.466652
131	38	1.37285
131	45	1.18189
131	46	1.32492
131	57	1.56544
131	86	1.36001
131	97	0.465714
131	116	1.40595
131	121	1.34162
131	122	0.545388
131	123	0.491681
131	126	1.33251
131	127	1.374
131	129	1.37416
131	130	1.37469
131	132	1.33699
131	133	1.34439
131	147	1.38535
131	153	0.490456
131	157	1.40694
131	161	1.42097
131	162	0.472097
131	164	1.36692
131	166	0.483
131	171	0.484761
131	172	0.40284
131	174	0.466722
131	175	0.476069
131	176	0.481724
131	178	0.485243
132	15	1.45622
132	20	1.26081
132	38	1.29869
132	45	1.10773
132	46	1.25075
132	56	0.508324
132	57	1.49128
132	71	0.491779
132	74	0.544975
132	86	1.28584
132	116	1.33179
132	117	0.533795
132	121	1.26745
132	124	0.521299
132	126	1.25835
132	127	1.29983
132	129	1.3
132	130	1.30053
132	131	1.33699
132	133	1.27023
132	136	0.486136
132	139	0.520103
132	147	1.31118
132	153	0.53887
132	157	1.33278
132	161	1.34681
132	164	1.29276
132	165	0.506935
132	173	0.51827
132	174	0.515136
132	177	0.523964
133	20	1.26821
133	38	1.30609
133	45	1.11513
133	46	1.25815
133	57	1.49868
133	67	1.33036
133	86	1.29325
133	87	0.560393
133	116	1.33919
133	121	1.27486
133	126	1.26575
133	127	1.30724
133	129	1.3074
133	130	1.30793
133	131	1.34439
133	132	1.27023
133	134	0.507952
133	139	0.515789
133	147	1.31858
133	156	0.513689
133	157	1.34018
133	160	0.509491
133	161	1.35421
133	162	0.516196
133	164	1.30016
133	169	0.525069
133	173	0.513955
133	174	0.510821
133	175	0.520168
133	179	0.508155
133	180	0.513581
134	7	0.233877
134	14	0.52555
134	31	0.456749
134	37	0.491614
134	76	0.508824
134	84	0.491158
134	88	0.47838
134	98	1.38675
134	110	0.550699
134	120	0.462353
134	127	0.485669
134	130	0.488497
134	133	0.507952
134	141	0.517004
134	142	1.39864
134	155	1.38158
134	162	1.37988
134	163	1.34154
134	165	1.38514
134	166	1.37599
134	167	1.39858
134	169	1.37375
134	170	1.34459
134	171	1.3881
134	173	1.36727
134	174	1.38806
134	175	1.37286
134	176	1.37149
134	177	1.38184
134	178	1.37921
134	179	1.3847
135	10	0.531536
135	11	1.34499
135	27	0.513088
135	36	1.28999
135	88	0.541707
135	92	1.25952
135	95	1.22073
135	96	1.32082
135	104	1.2936
135	107	1.29788
135	112	1.35522
135	118	1.27516
135	119	1.37313
135	120	1.36158
135	122	1.24853
135	124	1.32729
135	137	1.31207
135	144	1.29608
135	148	1.29608
135	154	0.508432
135	158	0.507472
135	159	1.3287
135	162	0.521392
135	163	0.546615
135	164	1.29361
135	165	0.507817
135	168	0.529311
135	171	0.534057
135	172	0.452136
135	173	0.519152
135	180	1.30504
136	5	0.456273
136	17	0.48397
136	28	0.43219
136	30	0.539633
136	83	0.457617
136	95	0.518141
136	107	0.483941
136	109	0.473246
136	122	0.505225
136	130	0.462366
136	132	0.486136
136	145	1.39042
136	148	0.452729
136	149	1.39778
136	152	1.35369
136	154	1.37892
136	155	1.38261
136	157	0.445532
136	162	1.38091
136	165	1.38617
136	166	1.37702
136	169	1.37477
136	170	1.34562
136	173	1.3683
136	174	1.38909
136	175	1.37389
136	176	1.37252
136	177	1.38287
136	178	1.38024
136	179	1.38573
136	180	1.37943
137	36	1.33753
