1	4	0.836174
1	86	1.65097
1	140	1.52256
1	149	0.786
1	150	0.791089
1	152	0.792724
1	159	0.808807
1	160	0.805973
1	164	1.6276
1	166	0.81218
1	169	0.789427
1	171	0.777625
2	47	0.996852
2	93	1.27973
2	131	0.889011
2	138	1.25544
2	150	0.895827
2	152	0.897461
2	159	0.913544
2	160	0.910711
2	166	0.916917
2	169	0.894165
2	171	0.882363
2	176	1.26883
3	44	1.33409
3	59	1.0427
3	88	1.29752
3	99	1.11667
3	124	0.896801
3	151	0.92641
3	162	0.891519
3	169	0.899043
3	171	0.887241
3	174	0.909372
3	177	0.896619
3	180	0.892994
4	1	0.836174
4	14	0.995575
4	68	1.4164
4	130	1.3017
4	150	0.903375
4	152	0.90501
4	159	0.921093
4	160	0.918259
4	166	0.924465
4	169	0.901713
4	171	0.889911
4	173	1.09001
5	103	1.26471
5	124	1.15414
5	143	1.21007
5	155	0.898806
5	156	0.90273
5	162	0.894084
5	166	1.16451
5	175	0.902394
5	176	0.908105
5	177	0.899184
5	178	0.899138
5	180	0.895559
6	136	0.875473
6	151	0.927916
6	154	0.89635
6	158	0.895324
6	161	0.897642
6	164	1.17399
6	168	1.18334
6	170	0.899277
6	173	0.897141
6	174	0.910877
6	176	1.1862
6	177	1.26351
7	79	1.41222
7	87	0.886698
7	124	0.900073
7	129	0.883348
7	139	1.13145
7	144	0.920195
7	158	0.897091
7	162	1.18008
7	170	0.901043
7	173	0.898908
7	174	0.912644
7	176	1.08427
8	83	0.894422
8	88	1.14128
8	105	1.14703
8	126	1.28935
8	153	0.914089
8	154	1.21532
8	164	0.91115
8	175	0.897585
8	176	0.903297
8	177	0.894376
8	178	0.89433
8	180	0.890751
9	68	1.46912
9	110	1.06934
9	142	0.905775
9	149	0.895939
9	151	1.04119
9	156	1.22135
9	159	0.918746
9	160	0.915912
9	166	0.922118
9	169	0.899366
9	171	0.887564
9	179	0.85458
10	73	1.50416
10	109	1.57064
10	123	0.800278
10	131	0.788383
10	142	0.799945
10	152	0.796833
10	159	0.812916
10	160	0.810083
10	165	1.73188
10	166	0.816289
10	169	0.793537
10	171	0.781735
11	49	0.84885
11	63	0.887432
11	64	0.889885
11	80	0.934945
11	97	0.896393
11	101	1.14595
11	110	0.919827
11	112	0.917959
11	115	0.904709
11	121	1.23778
11	157	1.04018
11	179	1.38425
12	30	0.914772
12	73	1.00872
12	75	0.855552
12	82	1.26176
12	91	0.923026
12	143	0.903171
12	158	0.90022
12	163	1.26479
12	169	0.905445
12	170	0.904172
12	171	0.893643
12	172	1.27297
13	68	1.25849
13	78	1.25752
13	79	1.28018
13	131	0.889963
13	134	0.890799
13	150	0.896779
13	159	0.914496
13	160	0.911663
13	166	0.917869
13	169	0.895117
13	171	0.883315
13	178	1.0113
14	4	0.995575
14	56	0.840009
14	59	0.971547
14	97	0.888836
14	108	1.34315
14	128	1.25719
14	131	1.19983
14	173	0.895534
14	174	0.90927
14	176	0.905439
14	178	0.896472
14	180	0.892893
15	42	1.27297
15	69	0.93021
15	105	0.916756
15	116	1.22739
15	151	0.915221
15	154	0.883655
15	161	0.884947
15	168	1.1199
15	170	0.886582
15	173	0.884446
15	174	0.898182
15	180	1.18787
16	38	1.49282
16	162	0.792282
16	164	0.814157
16	166	1.65852
16	167	0.798529
16	172	0.799659
16	174	1.64325
16	175	0.800592
16	176	0.806303
16	177	0.797383
16	178	0.797337
16	180	0.793758
17	36	0.947473
17	69	0.941227
17	106	0.878056
17	111	1.16835
17	118	0.88189
17	138	0.913203
17	141	1.40386
17	143	0.896598
17	161	0.895964
17	170	0.897599
17	173	0.895463
17	180	1.2795
18	60	1.22661
18	87	1.26778
18	146	0.894858
18	162	0.895124
18	166	1.13755
18	167	0.90137
18	172	0.902501
18	173	1.16174
18	176	0.909145
18	177	0.900224
18	178	0.900178
18	180	0.896599
19	125	1.56026
19	130	1.67045
19	138	0.808661
19	140	0.806683
19	151	0.821696
19	157	0.793798
19	158	0.789104
19	161	0.791422
19	162	1.57468
19	170	0.793057
19	173	0.790921
19	174	0.804657
20	81	0.79519
20	85	0.793033
20	119	0.803109
20	124	1.61509
20	132	1.50844
20	143	1.67102
20	159	0.81283
20	164	0.807801
20	166	0.816203
20	169	0.793451
20	178	0.790981
20	180	0.787402
21	109	0.82975
21	115	1.56247
21	140	1.58731
21	156	0.798821
21	162	0.790174
21	167	0.796421
21	174	1.64498
21	175	0.798484
21	176	0.804196
21	177	0.795275
21	178	0.795229
21	180	0.79165
22	117	0.85068
22	123	1.28466
22	134	1.31833
22	155	0.864957
22	158	1.27838
22	161	1.31416
22	164	0.882109
22	165	0.868053
22	172	0.867611
22	176	0.874256
22	177	0.865335
22	178	0.865289
22	180	0.86171
23	34	1.03201
23	44	0.819716
23	46	0.895949
23	59	0.923313
23	64	0.834095
23	66	1.1797
23	76	0.872651
23	80	0.879154
23	110	0.864036
23	112	0.862168
23	115	0.848918
23	155	1.36854
23	179	1.62878
24	61	0.78397
24	129	0.762304
24	135	0.770301
24	137	0.800556
24	143	0.778998
24	158	0.776046
24	161	0.778364
24	170	0.779999
24	173	0.777863
24	174	0.791599
24	176	1.6937
24	178	1.75277
24	180	1.7588
25	37	0.848173
25	49	0.810774
25	86	1.37176
25	94	1.18538
25	97	0.858317
25	99	0.910058
25	110	0.881751
25	119	0.878081
25	144	1.28564
25	159	0.887802
25	169	0.868423
25	171	0.856621
25	176	1.3606
26	29	0.796116
26	66	1.18712
26	107	0.853076
26	128	0.875884
26	147	1.34385
26	148	0.917155
26	150	0.880892
26	160	0.895776
26	162	1.34766
26	169	0.87923
26	171	0.867428
26	177	1.32916
26	179	0.834444
27	35	1.33857
27	73	0.90632
27	128	1.35276
27	144	1.21421
27	146	0.854356
27	154	1.28682
27	162	0.854622
27	163	0.869778
27	164	0.876497
27	175	0.862932
27	177	0.859722
27	178	0.859676
27	180	0.856097
28	78	0.825542
28	107	1.39365
28	126	1.32008
28	137	1.21908
28	139	0.884159
28	158	1.26311
28	162	0.865318
28	165	0.873137
28	167	0.871564
28	172	0.872695
28	177	0.870418
28	178	0.870373
28	180	0.866793
29	26	0.796116
29	77	1.65037
29	108	0.754444
29	128	0.768508
29	142	0.778262
29	148	0.809779
29	152	0.77515
29	154	1.74226
29	159	0.791233
29	166	0.794605
29	169	0.771853
29	171	0.760051
29	175	1.80923
30	12	0.914772
30	38	0.842121
30	75	0.814402
30	85	0.863876
30	88	0.839311
30	91	0.881875
30	99	0.905929
30	119	0.873952
30	156	1.22817
30	157	0.863763
30	165	1.19111
30	175	1.2343
30	179	1.55403
31	38	1.30461
31	72	1.2603
31	85	1.36646
31	99	1.25738
31	129	0.848688
31	145	0.85362
31	154	0.863456
31	159	0.887034
31	166	0.890407
31	171	0.855853
31	176	0.874152
31	178	0.865185
31	180	0.861606
32	91	1.16137
32	140	1.27644
32	153	0.883037
32	156	0.86687
32	160	1.33974
32	162	0.858223
32	167	0.86447
32	170	1.41523
32	172	0.8656
32	175	0.866533
32	176	0.872244
32	177	0.863324
32	180	0.859699
33	70	1.44621
33	101	0.827096
33	118	1.45394
33	155	0.839434
33	156	0.843359
33	158	1.38439
33	162	0.834712
33	164	0.856587
33	167	0.840958
33	172	0.842089
33	174	1.3101
33	177	0.839812
33	178	0.839766
33	180	0.836187
34	23	1.03201
34	128	1.15933
34	145	1.19367
34	150	1.09036
34	156	0.933477
34	163	0.939987
34	165	0.932649
34	168	0.935774
34	170	1.11728
34	175	0.93314
34	176	0.938851
34	177	0.929931
34	178	0.929885
34	180	0.926306
35	27	1.33857
35	101	1.50361
35	118	0.824434
35	136	0.816339
35	137	0.8607
35	140	0.853769
35	143	0.839142
35	146	1.43908
35	153	1.32401
35	154	0.837216
35	161	0.838508
35	170	0.840143
35	173	0.838007
35	174	0.851743
36	17	0.947473
36	102	1.0659
36	107	0.900859
36	114	1.37027
36	148	0.964939
36	149	0.923586
36	150	0.928675
36	159	0.946393
36	160	0.943559
36	166	0.949765
36	167	1.12398
36	169	0.927013
36	171	0.915211
36	178	1.10031
37	25	0.848173
37	38	0.812544
37	65	1.39821
37	66	0.876492
37	75	0.784825
37	81	0.836456
37	85	0.834299
37	91	0.852298
37	99	0.876352
37	119	0.844375
37	133	1.40493
37	157	0.834186
37	179	1.56238
37	180	1.24314
38	16	1.49282
38	30	0.842121
38	31	1.30461
38	37	0.812544
38	47	0.87618
38	72	0.876653
38	75	0.782902
38	81	0.834533
38	88	0.807811
38	91	0.850375
38	99	0.874429
38	119	0.842452
38	133	1.32505
38	179	1.48251
39	96	1.34671
39	109	0.865927
39	134	1.46918
39	150	1.40915
39	153	0.851166
39	164	0.848226
39	166	1.37022
39	167	0.832598
39	168	0.837296
39	172	0.833728
39	176	0.840373
39	177	0.831452
39	178	0.831406
39	180	0.827827
40	111	1.37916
40	129	1.44753
40	133	0.83504
40	138	1.4118
40	155	0.840802
40	159	1.35603
40	163	0.851236
40	164	0.857955
40	165	0.843899
40	172	0.843457
40	176	0.850101
40	178	0.841135
40	179	0.798819
40	180	0.837556
41	55	1.38065
41	82	1.39232
41	92	0.839514
41	116	1.45019
41	123	0.837377
41	128	0.82729
41	148	0.868561
41	149	0.827208
41	157	1.38585
41	159	0.850015
41	160	0.847181
41	166	0.853387
41	169	0.830635
41	171	0.818833
42	15	1.27297
42	93	0.85309
42	156	0.838738
42	160	1.40442
42	163	0.845248
42	168	0.841036
42	170	1.4799
42	172	0.837468
42	173	1.43824
42	175	0.838402
42	176	0.844113
42	177	0.835192
42	178	0.835146
42	180	0.831567
43	52	0.805346
43	79	1.59669
43	127	0.881757
43	129	0.822653
43	135	0.830651
43	140	0.853974
43	158	0.836396
43	161	0.838714
43	162	1.36455
43	163	1.31853
43	170	0.840348
43	173	0.838213
43	174	0.851949
43	178	1.32781
44	3	1.33409
44	23	0.819716
44	46	0.869215
44	59	0.896579
44	64	0.807361
44	76	0.845917
44	80	0.852421
44	97	0.813869
44	110	0.837302
44	112	0.835434
44	113	1.27092
44	115	0.822185
44	177	1.34566
44	179	1.6527
45	69	0.868778
45	84	1.3846
45	127	0.866558
45	137	0.845707
45	138	0.840754
45	139	1.41942
45	144	0.844301
45	145	0.812387
45	151	0.853789
45	158	0.821197
45	161	0.823515
45	169	1.35087
45	173	0.823014
45	177	1.44955
46	23	0.895949
46	44	0.869215
46	49	0.842559
46	59	0.972812
46	64	0.883594
46	76	0.92215
46	97	0.890102
46	106	1.2844
46	110	0.913535
46	112	0.911667
46	115	0.898417
46	133	1.22032
46	175	1.05804
46	177	1.07074
46	179	1.37778
47	2	0.996852
47	38	0.87618
47	72	0.942211
47	75	0.84846
47	81	0.900091
47	85	0.897934
47	88	0.87337
47	91	0.915934
47	98	1.20408
47	99	0.939988
47	102	1.06084
47	106	1.32716
47	119	0.90801
47	157	0.897821
47	179	1.42053
48	93	1.54436
48	94	1.35823
48	103	0.791804
48	113	0.827797
48	128	0.808509
48	134	0.807536
48	148	0.84978
48	149	0.808427
48	157	1.57374
48	159	0.831234
48	160	0.8284
48	166	0.834607
48	168	1.53059
48	169	0.811854
48	171	0.800052
49	11	0.84885
49	25	0.810774
49	46	0.842559
49	59	0.869923
49	64	0.780705
49	76	0.819261
49	80	0.825764
49	94	1.18709
49	97	0.787212
49	103	1.41821
49	106	1.65329
49	110	0.810646
49	112	0.808778
49	115	0.795528
49	179	1.74667
50	85	0.901204
50	88	0.876639
50	103	1.23292
50	107	1.32227
50	113	1.17959
50	119	0.91128
50	148	1.07266
50	149	1.18606
50	158	0.896397
50	172	0.901474
50	173	0.898214
50	174	0.91195
50	176	0.908118
50	178	0.899152
50	180	0.895573
51	73	1.35553
51	94	1.38659
51	111	0.827182
51	126	0.800966
51	128	0.807839
51	142	0.817594
51	148	0.849111
51	149	0.807757
51	152	0.814482
51	159	0.830564
51	166	0.833937
51	167	1.64455
51	169	0.811185
51	171	0.799383
51	178	1.62088
52	43	0.805346
52	123	1.52783
52	124	0.816451
52	127	0.858829
52	129	0.799725
52	136	0.793617
52	137	0.837978
52	148	1.40249
52	154	0.814494
52	158	0.813468
52	161	0.815786
52	168	1.50399
52	173	0.815285
52	174	0.829021
52	178	1.56592
53	129	1.29626
53	139	0.885508
53	144	1.19897
53	146	0.866401
53	147	0.859393
53	161	1.32441
53	162	0.866667
53	163	0.881823
53	167	0.872913
53	171	1.31956
53	173	1.2538
53	175	0.874977
53	176	0.880688
53	177	0.871767
53	178	0.871721
53	180	0.868142
54	67	1.63798
54	90	1.50014
54	121	0.777569
54	139	0.813335
54	141	0.782056
54	149	1.62528
54	156	0.80314
54	158	1.63094
54	164	0.816368
54	165	0.802312
54	168	0.805437
54	172	0.80187
54	175	0.802803
54	177	0.799594
54	178	0.799548
54	180	0.795969
55	41	1.38065
55	119	1.19447
55	132	1.18193
55	147	0.862736
55	150	1.33787
55	157	0.877003
55	163	0.885166
55	166	1.29894
55	168	0.880953
55	172	0.877386
55	175	0.878319
55	176	0.884031
55	177	0.87511
55	178	0.875064
55	179	0.832748
55	180	0.871485
56	14	0.840009
56	60	0.794911
56	127	0.83617
56	135	0.785064
56	136	0.770958
56	137	0.815318
56	151	0.8234
56	158	0.790809
56	161	0.793127
56	165	1.5678
56	172	1.60433
56	173	0.792626
56	174	0.806362
56	177	1.62367
56	179	0.751248
56	180	1.61147
57	105	1.24393
57	120	0.886622
57	123	1.33555
57	139	0.881738
57	140	1.19732
57	147	0.855623
57	153	0.887711
57	165	0.870716
57	167	0.869143
57	171	1.36021
57	174	1.25499
57	175	0.871207
57	176	0.876918
57	177	0.867997
57	178	0.867952
57	180	0.864372
58	80	1.05023
58	98	1.42092
58	113	1.25559
58	117	1.42525
58	129	0.856946
58	135	0.864944
58	143	0.87364
58	144	0.893793
58	145	0.861879
58	154	0.871715
58	158	0.870689
58	161	0.873007
58	168	1.25016
58	170	0.874641
58	173	0.872506
58	174	0.886242
59	3	1.0427
59	14	0.971547
59	23	0.923313
59	44	0.896579
59	46	0.972812
59	49	0.869923
59	64	0.910958
59	70	0.89964
59	76	0.949514
59	95	1.1958
59	98	1.14486
59	110	0.9409
59	112	0.939031
59	115	0.925782
59	156	1.03545
59	161	1.02744
59	179	1.36131
60	18	1.22661
60	56	0.794911
60	76	0.875787
60	97	0.843739
60	112	0.865304
60	115	0.852055
60	117	1.52514
60	119	1.20413
60	150	0.855506
60	160	0.87039
60	166	0.876597
60	171	0.842042
60	173	0.850437
60	174	0.864173
60	177	1.43022
60	179	0.809059
60	180	1.41801
61	24	0.78397
61	67	0.83088
61	126	1.36063
61	132	0.890939
61	138	0.871998
61	140	0.87002
61	146	1.37047
61	154	0.853467
61	155	1.41306
61	158	0.852441
61	161	0.854759
61	162	1.38476
61	164	1.27674
61	170	0.856394
61	173	0.854258
61	174	0.867994
61	179	0.81288
62	66	0.886995
62	77	1.20841
62	108	1.4522
62	137	0.864505
62	140	0.857574
62	144	0.8631
62	145	0.831185
62	151	0.872587
62	158	0.839995
62	161	0.842314
62	162	1.39846
62	170	0.843948
62	173	0.841813
62	174	0.855548
62	175	1.36726
62	177	1.37996
62	179	0.800435
63	11	0.887432
63	110	0.849228
63	112	0.84736
63	115	0.83411
63	116	1.40459
63	125	1.38135
63	132	0.869173
63	154	0.831701
63	159	0.855279
63	160	0.852446
63	164	1.28775
63	166	0.858652
63	169	0.8359
63	173	0.832492
63	174	0.846228
63	177	1.37728
63	178	1.35903
64	11	0.889885
64	23	0.834095
64	44	0.807361
64	46	0.883594
64	49	0.780705
64	59	0.910958
64	76	0.860296
64	80	0.8668
64	97	0.828248
64	106	1.4738
64	110	0.851681
64	112	0.849813
64	115	0.836564
64	116	1.28745
64	172	1.2408
64	178	1.24189
64	179	1.56718
65	37	1.39821
65	80	0.852158
65	96	1.46052
65	110	0.83704
65	112	0.835172
65	115	0.821922
65	119	1.37957
65	142	0.830121
65	151	1.40668
65	160	0.840258
65	163	0.831344
65	166	0.846464
65	170	1.54988
65	171	0.81191
65	175	0.824497
65	176	0.830209
65	178	0.821242
65	180	0.817663
66	23	1.1797
66	26	1.18712
66	37	0.876492
66	62	0.886995
66	91	0.914323
66	99	0.938377
66	119	0.906399
66	126	1.31511
66	148	1.13907
66	159	1.17427
66	161	0.893835
66	164	0.911092
66	166	1.19913
66	167	0.895464
66	170	0.89547
66	173	0.893334
66	175	0.897527
66	180	0.890693
67	54	1.63798
67	61	0.83088
67	84	1.34227
67	117	1.50213
67	132	0.861454
67	135	0.817211
67	137	0.847466
67	140	0.840535
67	143	0.825907
67	145	0.814146
67	154	0.823982
67	158	0.822956
67	161	0.825274
67	170	0.826909
67	173	0.824773
67	174	0.838509
67	176	1.3299
67	180	1.395
68	4	1.4164
68	9	1.46912
68	13	1.25849
68	87	0.813399
68	91	1.3821
68	97	0.81891
68	103	1.67032
68	110	0.842344
68	112	0.840476
68	115	0.827226
68	138	0.843348
68	164	0.843366
68	167	0.827738
68	170	0.827744
68	174	0.839344
68	177	0.826592
68	178	0.826546
68	180	0.822967
69	15	0.93021
69	17	0.941227
69	45	0.868778
69	124	0.895081
69	136	0.872247
69	141	1.30378
69	144	0.915202
69	150	1.10894
69	154	0.893124
69	155	1.23843
69	158	0.892098
69	161	0.894416
69	167	1.19705
69	170	0.896051
69	173	0.893915
69	174	0.907651
69	175	1.17893
69	180	1.17942
70	33	1.44621
70	59	0.89964
70	97	0.816929
70	108	0.809625
70	110	0.840362
70	115	0.825245
70	136	0.801959
70	151	0.854402
70	156	1.44318
70	160	0.843581
70	165	1.40612
70	166	0.849787
70	171	0.815233
70	173	0.823627
70	174	0.837363
70	177	1.462
70	179	0.782249
70	180	1.44979
71	74	1.18246
71	110	1.16775
71	127	1.12961
71	130	0.872756
71	144	1.18631
71	147	0.886959
71	156	0.902879
71	163	0.909389
71	164	0.916107
71	168	0.905177
71	169	1.2399
71	170	1.28281
71	172	0.901609
71	175	0.902543
71	176	0.908254
71	177	0.899333
71	178	0.899287
71	180	0.895708
72	31	1.2603
72	38	0.876653
72	47	0.942211
72	74	0.917268
72	75	0.848933
72	81	0.900564
72	85	0.898407
72	88	0.873842
72	90	0.937751
72	91	0.916407
72	99	0.94046
72	100	0.878478
72	114	1.38287
72	119	0.908483
72	157	0.898294
72	165	1.07528
72	178	1.11291
72	179	1.4382
73	10	1.50416
73	12	1.00872
73	27	0.90632
73	51	1.35553
73	123	1.12285
73	155	0.896338
73	156	0.900263
73	162	0.891616
73	164	0.913491
73	165	0.899435
73	167	0.897862
73	168	0.90256
73	169	1.08051
73	170	1.12342
73	176	0.905637
73	177	0.896716
73	178	0.896671
73	180	0.893091
74	71	1.18246
74	72	0.917268
74	82	1.27611
74	83	1.30667
74	89	1.46136
74	91	0.890991
74	109	1.08955
74	119	0.883067
74	136	0.848334
74	145	0.859375
74	157	0.872878
74	158	0.868185
74	159	0.892789
74	160	0.889956
74	169	0.87341
74	170	0.872137
74	171	0.861608
74	173	0.870002
74	180	1.29446
75	12	0.855552
75	30	0.814402
75	37	0.784825
75	38	0.782902
75	47	0.84846
75	72	0.848933
75	81	0.806813
75	85	0.804656
75	88	0.780091
75	91	0.822656
75	95	1.54851
75	99	0.846709
75	100	0.784727
75	119	0.814732
75	133	1.55656
75	157	0.804543
75	163	1.37946
75	167	1.4124
75	179	1.71402
76	23	0.872651
76	44	0.845917
76	46	0.92215
76	49	0.819261
76	59	0.949514
76	60	0.875787
76	64	0.860296
76	80	0.905356
76	89	1.28522
76	97	0.866804
76	106	1.3442
76	110	0.890237
76	112	0.888369
76	114	0.828537
76	115	0.87512
76	133	1.28011
76	167	1.13596
76	177	1.13053
76	179	1.43757
77	29	1.65037
77	62	1.20841
77	80	0.901816
77	81	0.875108
77	88	0.848387
77	97	0.863264
77	99	0.915005
77	112	0.884829
77	115	0.87158
77	119	0.883027
77	158	1.22862
77	160	1.15997
77	165	0.873664
77	173	1.1938
77	174	1.15434
77	175	0.874155
77	177	0.870945
77	178	0.8709
77	180	0.86732
78	13	1.25752
78	28	0.825542
78	84	0.817484
78	94	0.859482
78	96	1.54563
78	125	0.802118
78	146	0.799876
78	152	1.57108
78	153	0.824956
78	155	0.804864
78	156	0.808789
78	158	1.62815
78	163	0.815298
78	164	0.822017
78	172	0.807519
78	173	1.59333
78	177	0.805242
78	178	0.805196
78	180	0.801617
79	7	1.41222
79	13	1.28018
79	43	1.59669
79	84	0.822467
79	103	1.69201
79	125	0.807101
79	155	0.809847
79	156	0.813772
79	163	0.820282
79	164	0.827
79	167	0.811372
79	168	0.816069
79	172	0.812502
79	173	1.61599
79	175	0.813435
79	176	0.819146
79	177	0.810226
79	178	0.81018
79	180	0.806601
80	11	0.934945
80	23	0.879154
80	44	0.852421
80	49	0.825764
80	58	1.05023
80	64	0.8668
80	65	0.852158
80	76	0.905356
80	77	0.901816
80	95	1.32421
80	97	0.873307
80	110	0.896741
80	112	0.894873
80	114	0.835041
80	115	0.881623
80	121	1.34326
80	133	1.33226
80	153	1.07182
80	179	1.48972
81	20	0.79519
81	37	0.836456
81	38	0.834533
81	47	0.900091
81	72	0.900564
81	75	0.806813
81	77	0.875108
81	85	0.856287
81	88	0.831723
81	91	0.874287
81	95	1.38588
81	99	0.898341
81	106	1.45802
81	119	0.866363
81	122	0.868069
81	156	1.22553
81	157	0.856174
81	172	1.22501
81	176	1.16704
81	179	1.55139
82	12	1.26176
82	41	1.39232
82	74	1.27611
82	86	0.857545
82	130	0.832475
82	136	1.45404
82	137	1.32559
82	141	0.841515
82	156	0.862599
82	159	1.28576
82	162	0.853952
82	165	0.861771
82	167	0.860198
82	168	0.864896
82	172	0.861329
82	175	0.862262
82	176	0.867973
82	177	0.859052
82	178	0.859007
82	180	0.855427
83	8	0.894422
83	74	1.30667
83	92	1.3442
83	93	0.868063
83	109	0.884639
83	139	0.863905
83	151	1.26381
83	156	0.853711
83	159	1.31632
83	160	1.33154
83	163	0.86022
83	165	0.852883
83	168	0.856008
83	171	1.43112
83	172	0.852441
83	176	0.859085
83	177	0.850164
83	178	0.850118
83	179	0.807803
83	180	0.846539
84	45	1.3846
84	67	1.34227
84	78	0.817484
84	79	0.822467
84	110	1.22702
84	121	0.840335
84	145	1.41847
84	147	0.849986
84	159	1.25137
84	161	1.37101
84	163	0.872416
84	164	0.879134
84	165	0.865078
84	168	0.868204
84	172	0.864636
84	175	0.86557
84	176	0.871281
84	177	0.86236
84	178	0.862314
84	180	0.858735
85	20	0.793033
85	30	0.863876
85	31	1.36646
85	37	0.834299
85	47	0.897934
85	50	0.901204
85	72	0.898407
85	75	0.804656
85	81	0.856287
85	88	0.829566
85	91	0.87213
85	95	1.37885
85	99	0.896184
85	100	0.834201
85	119	0.864206
85	155	1.28412
85	156	1.2185
85	157	0.854017
85	172	1.21798
85	179	1.54436
86	1	1.65097
86	25	1.37176
86	82	0.857545
86	94	0.902851
86	99	1.06209
86	101	0.835894
86	109	0.883086
86	138	1.30593
86	149	1.32836
86	156	0.852157
86	162	0.84351
86	164	0.865385
86	165	0.851329
86	166	1.27502
86	168	0.854454
86	172	0.850887
86	175	0.85182
86	176	0.857531
86	178	0.848565
86	180	0.844986
87	7	0.886698
87	18	1.26778
87	68	0.813399
87	105	0.868252
87	124	0.837108
87	129	0.820382
87	135	0.82838
87	136	0.814274
87	137	0.858635
87	138	0.853681
87	143	0.837076
87	154	0.835151
87	156	1.45257
87	157	0.838818
87	158	0.834125
87	164	1.38187
87	170	0.838078
87	173	0.835942
87	176	1.39408
87	178	1.45315
87	180	1.45918
88	3	1.29752
88	8	1.14128
88	30	0.839311
88	38	0.807811
88	47	0.87337
88	50	0.876639
88	72	0.873842
88	75	0.780091
88	77	0.848387
88	81	0.831723
88	85	0.829566
88	91	0.847565
88	99	0.871619
88	100	0.809636
88	114	1.5608
88	119	0.839641
88	122	0.841347
88	133	1.45867
88	136	1.33089
88	157	0.829452
88	179	1.61613
89	74	1.46136
89	76	1.28522
89	94	0.875856
89	98	0.817464
89	130	0.795039
89	136	1.63928
89	141	0.804079
89	151	1.4185
89	155	0.821238
89	156	0.825163
89	159	1.471
89	163	0.831672
89	164	0.838391
89	165	0.824335
89	167	0.822762
89	168	0.82746
89	169	1.51879
89	175	0.824826
89	176	0.830537
89	177	0.821616
89	178	0.82157
89	180	0.817991
90	54	1.50014
90	72	0.937751
90	104	1.33806
90	124	0.874177
90	125	1.27345
90	129	0.857452
90	132	0.909692
90	135	0.865449
90	137	0.895704
90	138	0.890751
90	140	0.888773
90	145	0.862384
90	151	0.903786
90	154	0.87222
90	158	0.871194
90	161	0.873512
90	163	1.24186
90	170	0.875147
90	173	0.873011
90	174	0.886747
90	175	1.25668
90	180	1.25717
91	12	0.923026
91	30	0.881875
91	32	1.16137
91	37	0.852298
91	38	0.850375
91	47	0.915934
91	66	0.914323
91	68	1.3821
91	72	0.916407
91	74	0.890991
91	75	0.822656
91	81	0.874287
91	85	0.87213
91	88	0.847565
91	118	1.1601
91	119	0.882206
91	122	0.883912
91	133	1.30274
91	155	1.19995
91	157	0.872017
91	179	1.46019
91	180	1.14095
92	41	0.839514
92	83	1.3442
92	104	0.838053
92	123	0.870587
92	126	0.853626
92	130	1.45845
92	131	0.858692
92	134	0.859528
92	148	0.901771
92	149	0.860418
92	150	0.865507
92	152	0.867142
92	153	1.23334
92	159	0.883225
92	160	0.880391
92	166	0.886598
92	169	0.863845
92	171	0.852043
92	173	1.24676
92	175	1.3315
92	176	1.26688
92	178	1.32595
92	179	0.81906
93	2	1.27973
93	42	0.85309
93	48	1.54436
93	83	0.868063
93	117	0.853363
93	130	0.84144
93	132	1.15775
93	141	0.85048
93	149	1.3281
93	152	1.2767
93	155	0.867639
93	156	0.871563
93	160	1.26512
93	163	0.878073
93	167	0.869163
93	168	0.873861
93	170	1.3406
93	172	0.870293
93	176	0.876938
93	177	0.868017
93	178	0.867971
93	179	0.825655
93	180	0.864392
94	25	1.18538
94	48	1.35823
94	49	1.18709
94	51	1.38659
94	78	0.859482
94	86	0.902851
94	89	0.875856
94	112	1.09637
94	134	1.18759
94	153	0.924072
94	154	1.13059
94	156	0.907905
94	159	1.06377
94	162	0.899258
94	163	0.914414
94	165	0.907077
94	168	0.910202
94	172	0.906635
94	175	0.907568
94	176	0.913279
94	177	0.904358
94	178	0.904313
94	179	0.861997
94	180	0.900733
95	59	1.1958
95	75	1.54851
95	80	1.32421
95	81	1.38588
95	85	1.37885
95	115	1.38492
95	116	0.845039
95	119	1.37823
95	129	0.826421
95	137	0.864673
95	142	0.851797
95	143	0.843115
95	158	0.840164
95	159	0.864768
95	160	0.861934
95	169	0.845388
95	170	0.844116
95	171	0.833586
95	174	0.855717
95	175	0.846174
95	176	0.851885
95	177	0.842964
95	178	0.842918
95	180	0.839339
96	39	1.34671
96	65	1.46052
96	78	1.54563
96	106	0.823783
96	118	0.827616
96	124	0.842356
96	127	0.884734
96	130	1.43191
96	132	0.877871
96	137	0.863883
96	138	0.858929
96	140	0.856952
96	141	1.42981
96	143	0.842324
96	145	0.830563
96	148	1.13598
96	149	1.24938
96	151	0.871965
96	154	0.840399
96	158	0.839373
96	170	0.843326
96	173	0.84119
96	174	0.854926
96	179	0.799812
97	11	0.896393
97	14	0.888836
97	25	0.858317
97	44	0.813869
97	46	0.890102
97	49	0.787212
97	60	0.843739
97	64	0.828248
97	68	0.81891
97	70	0.816929
97	76	0.866804
97	77	0.863264
97	80	0.873307
97	98	1.40946
97	108	1.39111
97	110	0.858189
97	112	0.856321
97	114	0.796489
97	115	0.843071
97	158	1.25627
97	175	1.30618
97	177	1.31887
97	178	1.30063
97	179	1.62591
98	47	1.20408
98	58	1.42092
98	59	1.14486
98	89	0.817464
98	97	1.40946
98	100	1.51143
98	111	1.43002
98	117	0.831312
98	120	0.864591
98	139	0.859708
98	141	0.828429
98	154	1.47371
98	155	0.845588
98	163	0.856023
98	164	0.862741
98	165	0.848685
98	167	0.847113
98	168	0.85181
98	172	0.848243
98	175	0.849176
98	176	0.854887
98	177	0.845966
98	178	0.845921
98	180	0.842342
99	3	1.11667
99	25	0.910058
99	30	0.905929
99	31	1.25738
99	37	0.876352
99	38	0.874429
99	47	0.939988
99	66	0.938377
99	72	0.94046
99	75	0.846709
99	77	0.915005
99	81	0.898341
99	85	0.896184
99	86	1.06209
99	88	0.871619
99	100	0.876254
99	117	1.22316
99	119	0.906259
99	122	0.907965
99	133	1.27782
99	157	0.896071
99	177	1.12824
99	178	1.10999
99	179	1.43528
100	72	0.878478
100	75	0.784727
100	85	0.834201
100	88	0.809636
100	98	1.51143
100	99	0.876254
100	116	1.44815
100	118	0.817638
100	119	0.844277
100	141	1.53299
100	143	0.832346
100	147	1.43553
100	150	0.836281
100	157	0.834088
100	160	0.851165
100	161	0.831712
100	164	1.33132
100	166	0.857371
100	169	0.834619
100	170	0.833347
100	171	0.822817
100	173	0.831211
100	175	1.40814
100	176	1.34353
100	179	0.789833
101	11	1.14595
101	33	0.827096
101	35	1.50361
101	86	0.835894
101	116	0.839477
101	129	1.47655
101	141	0.819865
101	146	0.832036
101	147	0.825028
101	155	0.837024
101	157	0.839295
101	158	1.46892
101	161	1.5047
101	162	0.832302
101	167	0.838548
101	168	0.843246
101	171	1.49985
101	172	0.839678
101	174	1.39464
101	175	0.840612
101	176	0.846323
101	177	0.837402
101	178	0.837356
101	179	0.795041
101	180	0.833777
102	36	1.0659
102	47	1.06084
102	117	0.866764
102	122	1.2526
102	128	1.39641
102	135	1.37848
102	146	0.876052
102	147	0.869045
102	151	1.21116
102	153	0.901132
102	155	0.88104
102	156	0.884965
102	162	0.876318
102	163	0.891474
102	165	0.884137
102	167	0.882564
102	168	0.887262
102	169	1.31145
102	172	0.883695
102	173	1.3127
102	175	0.884628
102	176	0.890339
102	177	0.881418
102	178	0.881373
102	180	0.877793
103	5	1.26471
103	48	0.791804
103	49	1.41821
103	50	1.23292
103	68	1.67032
103	79	1.69201
103	104	0.809124
103	106	0.814101
103	111	0.850913
103	123	0.841658
103	131	0.829763
103	134	0.830599
103	142	0.841325
103	148	0.872842
103	149	0.831489
103	150	0.836578
103	152	0.838213
103	159	0.854296
103	160	0.851463
103	166	0.857669
103	168	1.36119
103	169	0.834917
103	171	0.823115
103	176	1.36406
103	179	0.790131
104	90	1.33806
104	92	0.838053
104	103	0.809124
104	107	0.80302
104	109	1.31435
104	111	0.845171
104	113	0.845117
104	123	0.835915
104	128	0.825828
104	131	0.82402
104	134	0.824856
104	148	0.8671
104	149	0.825746
104	150	0.830836
104	152	0.83247
104	153	1.42061
104	159	0.848553
104	160	0.84572
104	166	0.851926
104	168	1.45129
104	169	0.829174
104	171	0.817372
104	176	1.45416
104	178	1.51322
104	180	1.51926
105	8	1.14703
105	15	0.916756
105	57	1.24393
105	87	0.868252
105	118	0.866888
105	120	1.25505
105	129	0.864902
105	133	0.875304
105	135	0.872899
105	136	0.858794
105	140	0.896223
105	143	0.881596
105	144	0.901748
105	145	0.869834
105	151	0.911236
105	154	0.87967
105	158	0.878644
105	163	1.28731
105	164	1.22531
105	168	1.23466
105	170	0.882597
105	173	0.880461
105	174	0.894197
105	177	1.31483
105	180	1.30262
106	17	0.878056
106	46	1.2844
106	47	1.32716
106	49	1.65329
106	64	1.4738
106	76	1.3442
106	81	1.45802
106	96	0.823783
106	103	0.814101
106	115	1.45705
106	149	0.830724
106	150	0.835813
106	152	0.837448
106	154	0.829953
106	161	0.831245
106	162	0.826627
106	167	0.832874
106	169	0.834152
106	170	0.832879
106	171	0.82235
106	172	0.834004
106	174	0.84448
106	177	0.831727
106	178	0.831682
106	180	0.828102
107	26	0.853076
107	28	1.39365
107	36	0.900859
107	50	1.32227
107	104	0.80302
107	108	0.811403
107	126	0.818593
107	129	1.47574
107	131	0.823659
107	132	1.29209
107	134	0.824495
107	142	0.835221
107	148	0.866738
107	149	0.825385
107	150	0.830475
107	152	0.832109
107	156	1.5119
107	157	1.49369
107	159	0.848192
107	160	0.845359
107	166	0.851565
107	169	0.828813
107	171	0.817011
107	178	1.51247
107	179	0.784027
108	14	1.34315
108	29	0.754444
108	62	1.4522
108	70	0.809625
108	97	1.39111
108	107	0.811403
108	113	0.8535
108	123	0.844299
108	131	0.832404
108	134	0.833239
108	142	0.843966
108	148	0.875483
108	149	0.83413
108	150	0.839219
108	152	0.840854
108	153	1.42416
108	157	1.49799
108	159	0.856937
108	160	0.854103
108	166	0.86031
108	169	0.837557
108	171	0.825755
108	173	1.43759
108	176	1.45771
108	179	0.792772
109	10	1.57064
109	21	0.82975
109	39	0.865927
109	74	1.08955
109	83	0.884639
109	86	0.883086
109	104	1.31435
109	125	0.881469
109	136	1.26748
109	139	0.898335
109	143	1.16961
109	145	1.26629
109	147	0.87222
109	153	0.904307
109	155	0.884215
109	163	0.89465
109	165	0.887312
109	166	1.12405
109	167	0.88574
109	168	0.890437
109	170	1.18989
109	175	0.887803
109	177	0.884594
109	178	0.884548
109	180	0.880969
110	9	1.06934
110	11	0.919827
110	23	0.864036
110	25	0.881751
110	44	0.837302
110	46	0.913535
110	49	0.810646
110	59	0.9409
110	63	0.849228
110	64	0.851681
110	65	0.83704
110	68	0.842344
110	70	0.840362
110	71	1.16775
110	76	0.890237
110	80	0.896741
110	84	1.22702
110	97	0.858189
110	112	0.879754
110	114	0.819922
110	115	0.866505
110	117	1.38688
110	133	1.44154
110	138	1.20125
110	145	1.31258
110	179	1.599
111	17	1.16835
111	40	1.37916
111	51	0.827182
111	98	1.43002
111	103	0.850913
111	104	0.845171
111	123	0.877705
111	126	0.860744
111	128	0.867618
111	131	0.86581
111	134	0.866646
111	142	0.877372
111	148	0.908889
111	149	0.867536
111	150	0.872625
111	152	0.87426
111	153	1.22858
111	156	1.32061
111	157	1.30241
111	160	0.88751
111	166	0.893716
111	168	1.25926
111	169	0.870964
111	171	0.859162
111	172	1.32009
111	179	0.826178
112	11	0.917959
112	23	0.862168
112	44	0.835434
112	46	0.911667
112	49	0.808778
112	59	0.939031
112	60	0.865304
112	63	0.84736
112	64	0.849813
112	65	0.835172
112	68	0.840476
112	76	0.888369
112	77	0.884829
112	80	0.894873
112	94	1.09637
112	97	0.856321
112	110	0.879754
112	114	0.818054
112	115	0.864637
112	120	1.28913
112	143	1.27285
112	151	1.14993
112	160	1.21765
112	162	1.3674
112	167	1.35433
112	179	1.65594
113	44	1.27092
113	48	0.827797
113	50	1.17959
113	58	1.25559
113	104	0.845117
113	108	0.8535
113	126	0.86069
113	128	0.867564
113	131	0.865756
113	133	0.862344
113	134	0.866592
113	138	1.29734
113	148	0.908835
113	149	0.867482
113	150	0.872571
113	152	0.874206
113	157	1.35102
113	159	0.890289
113	160	0.887455
113	166	0.893662
113	168	1.30787
113	169	0.870909
113	171	0.859107
113	172	1.3687
113	175	1.37535
113	179	0.826124
114	36	1.37027
114	72	1.38287
114	76	0.828537
114	80	0.835041
114	88	1.5608
114	97	0.796489
114	110	0.819922
114	112	0.818054
114	115	0.804805
114	127	0.846731
114	128	1.70077
114	151	0.833962
114	152	1.59482
114	155	0.803792
114	159	1.56802
114	161	0.803688
114	162	0.79907
114	169	1.61582
114	170	0.805322
114	172	0.806447
114	173	0.803187
114	174	0.816923
114	175	0.80738
114	177	0.80417
114	178	0.804125
114	179	0.761809
114	180	0.800545
115	11	0.904709
115	21	1.56247
115	23	0.848918
115	44	0.822185
115	46	0.898417
115	49	0.795528
115	59	0.925782
115	60	0.852055
115	63	0.83411
115	64	0.836564
115	65	0.821922
115	68	0.827226
115	70	0.825245
115	76	0.87512
115	77	0.87158
115	80	0.881623
115	95	1.38492
115	97	0.843071
115	106	1.45705
115	110	0.866505
115	112	0.864637
115	114	0.804805
115	157	1.20636
115	158	1.18078
115	163	1.21587
115	167	1.24881
115	179	1.55043
116	15	1.22739
116	41	1.45019
116	63	1.40459
116	64	1.28745
116	95	0.845039
116	100	1.44815
116	101	0.839477
116	125	0.849068
116	140	1.29553
116	141	0.834656
116	144	1.33782
116	146	0.846827
116	147	0.839819
116	153	0.871906
116	155	0.851815
116	159	1.34362
116	163	0.862249
116	164	0.868967
116	165	0.854911
116	167	0.853339
116	168	0.858036
116	172	0.854469
116	175	0.855402
116	176	0.861114
116	177	0.852193
116	178	0.852147
116	180	0.848568
117	22	0.85068
117	58	1.42525
117	60	1.52514
117	67	1.50213
117	93	0.853363
117	98	0.831312
117	99	1.22316
117	102	0.866764
117	110	1.38688
117	119	1.33162
117	130	0.808887
117	132	1.31907
117	139	0.849205
117	143	1.48164
117	146	0.830098
117	153	0.855177
117	156	0.83901
117	162	0.830364
117	163	0.84552
117	165	0.838182
117	167	0.83661
117	168	0.841308
117	172	0.83774
117	175	0.838674
117	176	0.844385
117	177	0.835464
117	178	0.835418
117	180	0.831839
118	17	0.88189
118	33	1.45394
118	35	0.824434
118	91	1.1601
118	96	0.827616
118	100	0.817638
118	105	0.866888
118	124	0.835743
118	131	1.39865
118	132	0.871259
118	135	0.827016
118	136	0.81291
118	137	0.85727
118	138	0.852317
118	144	0.855865
118	145	0.823951
118	146	1.47393
118	151	0.865352
118	154	0.833787
118	158	0.832761
118	161	0.835079
118	164	1.3802
118	165	1.41385
118	167	1.47515
118	170	0.836713
118	174	0.848314
118	178	1.45148
118	179	0.7932
119	20	0.803109
119	25	0.878081
119	30	0.873952
119	37	0.844375
119	38	0.842452
119	47	0.90801
119	50	0.91128
119	55	1.19447
119	60	1.20413
119	65	1.37957
119	66	0.906399
119	72	0.908483
119	74	0.883067
119	75	0.814732
119	77	0.883027
119	81	0.866363
119	85	0.864206
119	88	0.839641
119	91	0.882206
119	95	1.37823
119	99	0.906259
119	100	0.844277
119	117	1.33162
119	122	0.875988
119	137	1.13006
119	157	0.864093
119	178	1.21846
119	179	1.54374
119	180	1.22449
120	57	0.886622
120	98	0.864591
120	105	1.25505
120	112	1.28913
120	121	0.846718
120	125	0.865619
120	129	1.34803
120	131	1.33193
120	132	1.16438
120	139	0.882484
120	141	0.851206
120	143	1.32695
120	146	0.863377
120	148	1.22133
120	156	0.87229
120	162	0.863643
120	163	0.878799
120	164	0.885518
120	165	0.871462
120	167	0.869889
120	168	0.874587
120	169	1.30433
120	170	1.34723
120	172	0.87102
120	175	0.871953
120	176	0.877664
120	177	0.868743
120	178	0.868697
120	180	0.865118
121	11	1.23778
121	54	0.777569
121	80	1.34326
121	84	0.840335
121	120	0.846718
121	127	1.41439
121	129	1.56838
121	130	0.801516
121	132	1.38473
121	139	0.841835
121	141	0.810556
121	146	0.822727
121	153	0.847807
121	156	0.83164
121	162	0.822993
121	163	0.838149
121	164	0.844868
121	165	0.830812
121	167	0.82924
121	168	0.833937
121	169	1.52468
121	171	1.59169
121	172	0.83037
121	173	1.52593
121	175	0.831303
121	176	0.837014
121	177	0.828093
121	178	0.828048
121	180	0.824469
122	81	0.868069
122	88	0.841347
122	91	0.883912
122	99	0.907965
122	102	1.2526
122	119	0.875988
122	124	0.864088
122	125	1.30932
122	126	0.856111
122	138	0.880662
122	139	1.27512
122	142	0.872739
122	145	0.852295
122	147	1.31993
122	152	0.869627
122	155	1.35205
122	157	0.865799
122	158	0.861106
122	159	0.88571
122	162	1.32374
122	165	1.24937
122	166	0.889083
122	169	0.86633
122	170	0.865058
122	171	0.854528
122	173	0.862923
122	174	0.876659
122	176	1.22794
122	177	1.30525
123	10	0.800278
123	22	1.28466
123	41	0.837377
123	52	1.52783
123	57	1.33555
123	73	1.12285
123	92	0.870587
123	103	0.841658
123	104	0.835915
123	108	0.844299
123	111	0.877705
123	126	0.851489
123	131	0.856555
123	134	0.85739
123	142	0.868117
123	146	1.41066
123	147	1.42114
123	148	0.899634
123	149	0.858281
123	150	0.86337
123	151	1.20747
123	152	0.865005
123	157	1.36942
123	159	0.881088
123	160	0.878254
123	166	0.884461
123	168	1.32627
123	169	0.861708
123	171	0.849906
123	179	0.816923
124	3	0.896801
124	5	1.15414
124	7	0.900073
124	20	1.61509
124	52	0.816451
124	69	0.895081
124	87	0.837108
124	90	0.874177
124	96	0.842356
124	118	0.835743
124	122	0.864088
124	138	0.867056
124	140	0.865079
124	141	1.44295
124	142	1.253
124	143	0.850451
124	144	0.870604
124	145	0.83869
124	146	1.335
124	151	0.880091
124	154	0.848526
124	158	0.8475
124	161	0.849818
124	163	1.30328
124	165	1.27492
124	173	0.849317
124	174	0.863053
124	175	1.3181
124	178	1.31255
124	179	0.807939
125	19	1.56026
125	63	1.38135
125	78	0.802118
125	79	0.807101
125	90	1.27345
125	109	0.881469
125	116	0.849068
125	120	0.865619
125	122	1.30932
125	130	0.820416
125	137	1.36021
125	144	1.31458
125	150	1.38417
125	153	0.866707
125	155	0.846616
125	156	0.85054
125	157	0.848887
125	161	1.44003
125	162	0.841893
125	163	0.85705
125	164	0.863768
125	165	0.849712
125	167	0.84814
125	168	0.852837
125	173	1.36942
125	175	0.850203
125	176	0.855914
125	177	0.846994
125	178	0.846948
125	179	0.804632
125	180	0.843369
126	8	1.28935
126	28	1.32008
126	51	0.800966
126	61	1.36063
126	66	1.31511
126	92	0.853626
126	107	0.818593
126	111	0.860744
126	113	0.86069
126	122	0.856111
126	123	0.851489
126	128	0.841402
126	131	0.839594
126	133	0.836182
126	134	0.840429
126	142	0.851156
126	148	0.882673
126	149	0.84132
126	150	0.846409
126	152	0.848044
126	155	1.50395
126	159	0.864127
126	160	0.861293
126	166	0.8675
126	167	1.46258
126	168	1.37697
126	169	0.844747
126	171	0.832945
126	174	1.32026
126	177	1.45715
126	179	0.799962
127	43	0.881757
127	45	0.866558
127	52	0.858829
127	56	0.83617
127	71	1.12961
127	96	0.884734
127	114	0.846731
127	121	1.41439
127	132	0.928376
127	135	0.884133
127	136	0.870028
127	137	0.914388
127	139	1.22369
127	141	1.36597
127	143	0.89283
127	144	0.912983
127	145	0.881068
127	151	0.92247
127	154	0.890904
127	155	1.30062
127	157	0.894572
127	159	1.10734
127	161	0.892196
127	165	1.19794
127	170	0.893831
127	173	0.891695
127	174	0.905431
127	176	1.17651
127	177	1.25382
127	179	0.850317
127	180	1.24161
128	14	1.25719
128	26	0.875884
128	27	1.35276
128	29	0.768508
128	34	1.15933
128	41	0.82729
128	48	0.808509
128	51	0.807839
128	102	1.39641
128	104	0.825828
128	111	0.867618
128	113	0.867564
128	114	1.70077
128	126	0.841402
128	131	0.846468
128	134	0.847303
128	139	1.41893
128	142	0.85803
128	148	0.889547
128	149	0.848194
128	150	0.853283
128	152	0.854918
128	153	1.3382
128	157	1.41203
128	159	0.871001
128	160	0.868167
128	166	0.874373
128	169	0.851621
128	171	0.839819
128	176	1.37175
128	179	0.806835
129	7	0.883348
129	24	0.762304
129	31	0.848688
129	40	1.44753
129	43	0.822653
129	52	0.799725
129	53	1.29626
129	58	0.856946
129	87	0.820382
129	90	0.857452
129	95	0.826421
129	101	1.47655
129	105	0.864902
129	107	1.47574
129	120	1.34803
129	121	1.56838
129	132	0.869273
129	136	0.810924
129	138	0.850331
129	140	0.848353
129	143	0.833726
129	144	0.853879
129	145	0.821965
129	158	0.830775
129	161	0.833093
129	170	0.834727
129	173	0.832592
129	174	0.846328
129	177	1.4078
129	178	1.38956
129	179	0.791214
129	180	1.3956
130	4	1.3017
130	19	1.67045
130	71	0.872756
130	82	0.832475
130	89	0.795039
130	92	1.45845
130	93	0.84144
130	96	1.43191
130	117	0.808887
130	121	0.801516
130	125	0.820416
130	131	1.50596
130	137	1.4704
130	141	0.806004
130	146	0.818175
130	151	1.37807
130	153	0.843255
130	154	1.49738
130	155	0.823163
130	156	0.827088
130	157	0.825434
130	162	0.818441
130	163	0.833597
130	165	0.82626
130	167	0.824687
130	168	0.829385
130	172	0.825818
130	173	1.47961
130	175	0.826751
130	176	0.832462
130	177	0.823541
130	178	0.823495
130	180	0.819916
131	2	0.889011
131	10	0.788383
131	13	0.889963
131	14	1.19983
131	92	0.858692
131	103	0.829763
131	104	0.82402
131	107	0.823659
131	108	0.832404
131	111	0.86581
131	113	0.865756
131	118	1.39865
131	120	1.33193
131	123	0.856555
131	126	0.839594
131	128	0.846468
131	130	1.50596
131	134	0.845495
131	141	1.50385
131	142	0.856222
131	148	0.887739
131	149	0.846386
131	152	0.85311
131	153	1.28085
131	156	1.37288
131	157	1.35467
131	159	0.869193
131	160	0.866359
131	163	1.36419
131	166	0.872566
131	169	0.849813
131	171	0.838011
131	173	1.29427
131	179	0.805028
132	20	1.50844
132	55	1.18193
132	61	0.890939
132	63	0.869173
132	67	0.861454
132	90	0.909692
132	93	1.15775
132	96	0.877871
132	107	1.29209
132	117	1.31907
132	118	0.871259
132	120	1.16438
132	121	1.38473
132	127	0.928376
132	129	0.869273
132	136	0.863164
132	137	0.907525
132	138	0.902572
132	140	0.900594
132	143	0.885967
132	144	0.906119
132	145	0.874205
132	151	0.915607
132	153	1.1133
132	154	0.884041
132	158	0.883015
132	160	1.0929
132	161	0.885333
132	162	1.24265
132	170	0.886968
132	173	0.884832
132	174	0.898568
132	176	1.14684
132	179	0.843454
133	37	1.40493
133	38	1.32505
133	40	0.83504
133	46	1.22032
133	75	1.55656
133	76	1.28011
133	80	1.33226
133	88	1.45867
133	91	1.30274
133	99	1.27782
133	105	0.875304
133	110	1.44154
133	113	0.862344
133	126	0.836182
133	135	0.835432
133	138	0.860734
133	140	0.858756
133	143	0.844129
133	152	0.849698
133	155	0.843599
133	159	0.865781
133	160	0.862948
133	165	0.846696
133	166	0.869154
133	169	0.846402
133	170	0.84513
133	171	0.8346
133	173	0.842994
133	174	0.85673
133	175	0.847187
133	176	0.852898
133	177	0.843978
133	178	0.843932
133	180	0.840353
134	13	0.890799
134	22	1.31833
134	39	1.46918
