1	60	1.03278
1	64	1.03307
1	76	1.03787
1	86	1.08034
1	92	1.06282
1	114	0.993893
1	130	0.957688
1	137	0.919059
1	148	0.964216
1	171	1.11353
1	172	1.11928
1	175	1.17571
2	13	1.03973
2	56	1.02494
2	75	1.01428
2	145	1.03135
2	147	1.0563
2	152	1.03207
2	154	0.951328
2	162	1.00904
2	163	1.11215
2	168	0.975809
2	169	1.11709
2	170	1.13036
3	55	1.03937
3	62	1.00035
3	82	0.98932
3	84	1.06784
3	95	1.00496
3	105	1.02114
3	111	1.06414
3	116	1.01774
3	132	1.08458
3	149	0.970239
3	163	1.07762
3	179	1.13383
4	120	0.999909
4	121	1.03955
4	122	1.03466
4	125	1.01328
4	129	1.05177
4	131	1.03087
4	152	1.0357
4	154	1.0736
4	159	0.983258
4	174	1.19103
4	178	0.950977
4	180	1.06588
5	22	0.992633
5	33	1.01676
5	56	1.03578
5	138	1.14096
5	145	1.0422
5	147	1.06714
5	152	1.04291
5	162	1.01988
5	167	0.947233
5	170	1.12306
5	175	1.19232
5	180	0.891407
6	37	1.04121
6	44	1.00099
6	69	0.989077
6	94	1.04206
6	101	1.01494
6	106	1.05815
6	107	1.05839
6	162	0.990554
6	166	1.03007
6	170	1.14623
6	175	1.21549
6	180	0.914574
7	30	0.845815
7	49	0.87948
7	65	0.95423
7	94	0.898605
7	96	0.902925
7	101	0.871485
7	106	0.914703
7	107	0.914934
7	136	1.21717
7	146	1.29504
7	173	1.44158
7	180	1.23797
8	34	0.924719
8	54	0.937496
8	58	0.997129
8	60	0.895308
8	68	1.10417
8	85	0.88607
8	104	0.911391
8	114	0.856419
8	132	1.36108
8	148	0.826741
8	155	1.30035
8	179	1.41033
9	15	1.06909
9	43	1.0247
9	67	0.957654
9	73	1.02468
9	91	1.04016
9	130	1.09039
9	139	0.980839
9	142	1.04059
9	150	1.05222
9	159	0.969776
9	167	1.06332
9	174	1.17754
10	99	1.00361
10	103	1.05139
10	108	1.02018
10	109	1.02011
10	113	1.06004
10	147	1.09124
10	151	1.05693
10	155	1.06667
10	162	0.98297
10	171	0.957349
10	173	1.1106
10	177	1.07056
11	110	0.824435
11	115	0.96349
11	119	1.15059
11	121	0.906276
11	126	0.944638
11	129	0.918498
11	131	0.897602
11	139	1.25548
11	153	1.31611
11	174	1.45219
11	178	0.817706
11	180	0.93261
12	28	0.956203
12	53	0.927643
12	78	1.01937
12	84	1.07023
12	89	1.03921
12	95	1.00735
12	105	1.02353
12	111	1.06653
12	116	1.1178
12	151	1.11417
12	158	1.0393
12	166	1.07973
13	2	1.03973
13	33	1.00786
13	56	1.02688
13	136	0.908557
13	144	1.08687
13	145	1.03329
13	146	0.986429
13	147	1.05823
13	152	1.03401
13	162	1.01098
13	172	1.17385
13	173	1.13297
14	17	1.17466
14	18	1.10096
14	91	1.05857
14	104	1.11125
14	123	0.991368
14	160	0.968905
14	168	0.921687
14	172	0.853713
14	173	0.855602
14	174	0.866792
14	177	0.881335
14	179	0.8428
15	9	1.06909
15	17	1.0222
15	43	1.04411
15	67	0.977061
15	90	1.05786
15	130	0.989554
15	138	0.953059
15	150	1.07162
15	170	1.13831
15	174	1.07671
15	179	1.17631
15	180	0.906658
16	20	1.09872
16	31	0.907426
16	45	0.943312
16	47	0.942598
16	74	0.985644
16	102	1.00883
16	116	0.940807
16	156	0.987007
16	157	1.00578
16	165	1.05401
16	166	1.13286
16	171	1.25611
16	176	1.25789
17	14	1.17466
17	15	1.0222
17	67	0.910758
17	73	0.977781
17	90	0.991558
17	91	0.993263
17	138	0.886756
17	142	0.993698
17	149	1.19027
17	150	1.00532
17	156	1.05384
17	159	1.04648
17	165	1.12084
18	14	1.10096
18	39	0.983835
18	61	0.95666
18	66	1.01481
18	93	0.962308
18	97	0.962685
18	98	0.960734
18	100	0.933457
18	117	1.01747
18	124	1.01147
18	137	1.05477
18	161	1.17486
18	169	1.2289
19	63	0.972432
19	110	0.908901
19	115	1.04796
19	125	0.964475
19	126	1.0291
19	131	0.982068
19	133	1.0241
19	152	0.982717
19	163	1.18144
19	175	1.26891
19	178	0.902171
19	179	1.23765
19	180	1.01708
20	16	1.09872
20	31	1.04859
20	46	1.18351
20	53	0.855767
20	77	1.11392
20	81	1.08397
20	102	1.14999
20	136	0.871556
20	146	0.949429
20	152	0.907083
20	157	1.14695
20	161	1.05671
20	176	1.13287
21	79	1.02318
21	87	0.948962
21	99	0.958312
21	103	1.0061
21	108	0.974888
21	109	0.974817
21	113	1.01474
21	153	1.07507
21	159	1.00338
21	168	1.1182
21	171	0.912053
21	176	1.28161
21	177	1.20466
22	5	0.992633
22	27	1.01422
22	33	0.949919
22	56	0.968941
22	116	1.21899
22	135	1.10188
22	145	0.975353
22	147	1.00029
22	152	0.976066
22	154	1.11805
22	162	0.953038
22	165	1.10206
22	168	1.14253
23	64	0.975483
23	85	0.965957
23	86	1.02276
23	104	0.991278
23	114	0.936306
23	119	0.944874
23	124	1.0215
23	128	0.974378
23	136	1.05563
23	148	0.906628
23	160	1.05812
23	169	1.29482
23	172	1.32092
24	87	0.938173
24	103	0.995307
24	108	0.964099
24	109	0.964028
24	113	1.00396
24	127	1.229
24	133	1.09479
24	138	1.28823
24	143	1.00003
24	147	1.03515
24	152	1.05341
24	160	1.02038
24	171	0.901264
25	62	0.951898
25	70	0.924205
25	82	0.940866
25	84	1.01939
25	89	0.988362
25	95	0.956504
25	105	0.972684
25	111	1.01568
25	123	0.971306
25	134	1.08143
25	164	1.08458
25	170	1.24236
25	175	1.31162
26	79	1.08383
26	99	1.01896
26	108	1.03554
26	109	1.03547
26	113	1.07539
26	120	0.926776
26	141	0.964057
26	143	1.07147
26	147	1.10659
26	154	1.00047
26	157	0.963821
26	170	1.1795
26	171	0.972702
26	173	1.15145
27	22	1.01422
27	33	1.03835
27	56	1.05737
27	83	1.04092
27	116	1.05688
27	145	1.06378
27	147	1.08872
27	152	1.0645
27	153	0.937282
27	157	0.919289
27	162	1.04147
27	164	0.977186
27	172	1.1478
27	176	1.14383
28	12	0.956203
28	52	0.949895
28	70	0.882045
28	78	0.92636
28	82	0.898706
28	89	0.946203
28	95	0.914345
28	105	0.930525
28	111	0.973524
28	120	1.08499
28	164	1.17993
28	167	1.16189
28	172	1.35055
28	173	1.30967
29	52	1.06942
29	70	1.00157
29	78	1.04589
29	82	1.01823
29	89	1.06573
29	95	1.03387
29	105	1.05005
29	111	1.09305
29	116	1.08823
29	157	0.950636
29	160	0.916352
29	165	0.971296
29	169	1.15305
29	177	1.09823
30	7	0.845815
30	40	0.948052
30	49	0.921463
30	71	0.952805
30	94	0.940589
30	96	0.944908
30	101	0.913468
30	106	0.956686
30	107	0.956917
30	148	1.3541
30	159	1.10872
30	160	1.12813
30	173	1.35005
30	180	1.14644
31	16	0.907426
31	20	1.04859
31	47	0.89247
31	74	0.935516
31	77	0.922625
31	81	0.892673
31	102	0.9587
31	116	0.890678
31	141	1.17883
31	151	1.31255
31	152	1.17735
31	157	0.955656
31	165	1.19926
31	167	1.21844
32	35	0.984127
32	45	0.940925
32	74	0.983257
32	77	0.970367
32	81	0.940414
32	92	0.994071
32	102	1.00644
32	157	1.0034
32	160	1.04912
32	164	1.1413
32	167	1.12325
32	171	1.30616
32	180	1.06743
33	5	1.01676
33	13	1.00786
33	22	0.949919
33	27	1.03835
33	83	0.976617
33	130	1.05354
33	134	1.04136
33	145	0.999482
33	147	1.02442
33	151	1.12058
33	152	1.0002
33	161	1.13499
33	162	0.977167
33	163	1.18409
33	168	1.04775
34	8	0.924719
34	53	1.06638
34	54	1.04688
34	64	1.00498
34	85	0.995457
34	86	1.05226
34	104	1.02078
34	114	0.965806
34	148	0.936128
34	157	1.00359
34	162	1.0636
34	166	1.10311
34	167	1.04344
34	171	1.22635
34	177	1.15118
35	32	0.984127
35	45	0.972271
35	47	0.971557
35	74	1.0146
35	77	1.00171
35	81	0.97176
35	92	1.02542
35	102	1.03779
35	119	0.912998
35	149	1.15062
35	153	1.07852
35	157	1.03474
35	160	1.02624
35	162	1.12053
35	171	1.28329
36	42	1.00028
36	50	1.07487
36	67	0.933509
36	73	1.00053
36	90	1.01431
36	91	1.01601
36	117	1.03301
36	130	1.10895
36	135	1.06251
36	138	0.909507
36	142	1.01645
36	148	1.23371
36	150	1.02807
36	152	1.04078
36	158	1.10112
37	6	1.04121
37	49	0.973402
37	65	1.04815
37	69	0.939547
37	94	0.992528
37	96	0.996847
37	101	0.965407
37	106	1.00862
37	107	1.00886
37	134	1.09528
37	138	1.27411
37	156	0.994195
37	160	1.00625
37	166	1.14005
37	167	1.08038
38	57	1.01811
38	59	0.987307
38	61	0.984043
38	66	1.04219
38	72	0.998222
38	83	0.968357
38	93	0.989691
38	97	0.990068
38	100	0.96084
38	141	1.00438
38	150	1.03228
38	168	1.06527
38	171	1.2269
38	174	1.15821
38	177	1.15173
39	18	0.983835
39	59	0.988713
39	72	0.999628
39	93	0.991097
39	97	0.991474
39	98	0.989524
39	100	0.962246
39	124	1.04026
39	148	1.2201
39	150	1.03368
39	162	1.08843
39	165	1.04908
39	166	1.12794
39	168	1.08955
39	180	1.01245
40	30	0.948052
40	65	1.05647
40	69	0.947862
40	71	1.01306
40	94	1.00084
40	96	1.00516
40	101	0.973722
40	106	1.01694
40	107	1.01717
40	134	0.94681
40	169	1.09448
40	171	1.11482
40	175	1.177
40	178	1.10842
40	179	1.14574
41	59	0.980482
41	66	1.03537
41	72	0.991397
41	80	1.04781
41	93	0.982865
41	97	0.983242
41	98	0.981292
41	100	0.954015
41	138	1.19884
41	150	1.02545
41	156	0.918924
41	163	1.16274
41	175	1.2502
41	177	1.11285
41	180	0.949288
42	36	1.00028
42	50	1.07375
42	67	0.932392
42	73	0.999416
42	90	1.01319
42	91	1.0149
42	132	1.19105
42	138	0.908391
42	142	1.01533
42	150	1.02695
42	152	0.985366
42	157	0.986616
42	164	1.04451
42	177	1.13421
42	179	1.2403
43	9	1.0247
43	15	1.04411
43	67	0.93267
43	73	0.999693
43	90	1.01347
43	91	1.01517
43	134	1.02767
43	138	0.908668
43	140	1.02893
43	142	1.01561
43	150	1.02723
43	174	1.12699
43	175	1.25786
43	178	1.18928
43	180	0.956946
44	6	1.00099
44	49	0.933185
44	65	1.00794
44	69	0.89933
44	71	0.964527
44	94	0.952311
44	96	0.95663
44	101	0.92519
44	106	0.968408
44	107	0.968639
44	152	1.06366
44	160	1.03062
44	166	1.16442
44	168	1.12604
44	178	1.28126
44	179	1.31858
45	16	0.943312
45	32	0.940925
45	35	0.972271
45	46	1.0281
45	47	0.928356
45	77	0.958511
45	81	0.928559
45	102	0.994586
45	116	0.926564
45	117	1.14446
45	154	1.19012
45	157	0.991543
45	158	1.21256
45	159	1.09978
45	160	1.11919
45	164	1.21137
46	20	1.18351
46	45	1.0281
46	47	1.02739
46	74	1.07043
46	77	1.05754
46	81	1.02759
46	102	1.09362
46	116	1.02559
46	119	0.795
46	140	0.998538
46	144	1.08406
46	157	1.09057
46	158	1.00162
46	159	0.888833
46	172	1.17104
46	173	1.13016
47	16	0.942598
47	31	0.89247
47	35	0.971557
47	45	0.928356
47	46	1.02739
47	74	0.970688
47	77	0.957797
47	81	0.927845
47	102	0.993872
47	146	1.11265
47	155	1.21526
47	156	1.02521
47	157	0.990829
47	167	1.1114
47	174	1.22562
47	176	1.29609
48	53	0.839486
48	87	1.03327
48	99	1.04262
48	103	1.0904
48	108	1.0592
48	109	1.05913
48	113	1.09905
48	132	1.09649
48	138	1.12563
48	143	1.09513
48	147	1.13025
48	160	0.857769
48	163	1.08953
48	168	0.953183
48	170	1.10773
48	171	0.996362
49	7	0.87948
49	30	0.921463
49	37	0.973402
49	44	0.933185
49	71	0.98647
49	94	0.974254
49	96	0.978573
49	101	0.947133
49	106	0.990351
49	107	0.990582
49	132	1.22028
49	138	1.24942
49	144	1.15738
49	148	1.20752
49	162	1.07585
49	164	1.07374
50	36	1.07487
50	42	1.07375
50	67	1.00698
50	73	1.07401
50	90	1.08778
50	91	1.08949
50	120	0.872965
50	133	0.950141
50	138	0.982981
50	142	1.08992
50	150	1.10154
50	153	0.928004
50	161	1.05839
50	166	1.00953
50	173	1.09764
50	179	1.16369
51	79	0.996957
51	87	0.92274
51	99	0.93209
51	103	0.979874
51	108	0.948667
51	109	0.948595
51	113	0.988523
51	135	1.11469
51	143	0.984596
51	146	1.1353
51	147	1.01972
51	152	1.09296
51	162	1.15421
51	171	0.885831
51	174	1.24828
51	177	1.2418
52	28	0.949895
52	29	1.06942
52	62	0.996437
52	70	0.968744
52	78	1.01306
52	84	1.06392
52	89	1.0329
52	95	1.00104
52	105	1.01722
52	111	1.06022
52	146	1.0475
52	149	1.09649
52	155	1.15011
52	156	0.960061
52	157	1.0064
52	168	1.06753
52	177	1.15399
53	12	0.927643
53	20	0.855767
53	34	1.06638
53	48	0.839486
53	66	0.940917
53	79	0.919123
53	86	1.08453
53	88	0.921628
53	104	1.05305
53	109	1.01731
53	114	0.998077
53	148	0.968399
53	157	1.07633
53	164	1.03096
53	174	0.979865
53	176	0.959958
53	179	0.955873
54	8	0.937496
54	34	1.04688
54	58	1.11929
54	60	1.01747
54	76	1.02256
54	85	1.00823
54	86	1.06503
54	114	0.978583
54	117	0.945246
54	124	1.06378
54	135	0.974743
54	146	0.995357
54	148	0.948906
54	155	1.09797
54	166	1.05378
54	175	1.2392
54	176	1.1788
55	3	1.03937
55	62	0.9953
55	70	0.967607
55	78	1.01192
55	82	0.984268
55	84	1.06279
55	89	1.03176
55	95	0.999906
55	105	1.01609
55	111	1.05909
55	120	0.965551
55	149	1.09269
55	156	0.956255
55	160	0.968313
55	164	1.06049
55	169	1.20501
55	176	1.22713
56	2	1.02494
56	5	1.03578
56	13	1.02688
56	22	0.968941
56	27	1.05737
56	75	1.00143
56	145	1.0185
56	147	1.04344
56	152	1.01922
56	155	1.07726
56	157	0.933554
56	162	0.996189
56	166	1.03307
56	173	1.12119
56	175	1.21849
56	179	1.18723
56	180	0.917576
57	38	1.01811
57	61	0.992343
57	66	1.05049
57	80	1.06293
57	93	0.99799
57	97	0.998367
57	98	0.996417
57	100	0.96914
57	117	1.03094
57	123	0.98458
57	124	1.04716
57	135	1.06044
57	139	0.997324
57	150	1.04058
57	159	0.986261
57	173	1.22759
57	177	1.18755
58	8	0.997129
58	54	1.11929
58	60	1.07711
58	76	1.08219
58	85	1.06787
58	86	1.12467
58	104	1.09319
58	114	1.03822
58	124	1.12341
58	128	1.07629
58	132	1.02723
58	134	0.877545
58	144	0.964334
58	161	0.971176
58	163	1.02027
58	169	1.02522
58	170	1.03848
58	172	1.05131
59	38	0.987307
59	39	0.988713
59	41	0.980482
59	61	0.961538
59	72	0.975717
59	80	1.03213
59	93	0.967186
59	97	0.967563
59	98	0.965612
59	100	0.938335
59	117	1.0309
59	130	1.10684
59	132	1.24435
59	140	1.09593
59	149	1.13001
59	150	1.00977
59	160	1.00563
59	178	1.25627
60	1	1.03278
60	8	0.895308
60	54	1.01747
60	58	1.07711
60	64	0.975573
60	85	0.966046
60	86	1.02284
60	104	0.991367
60	114	0.936395
60	119	0.959404
60	120	1.06989
60	128	0.974467
60	139	1.0643
60	140	1.16294
60	148	0.906718
60	153	1.12493
60	168	1.16806
60	169	1.30935
61	18	0.95666
61	38	0.984043
61	57	0.992343
61	59	0.961538
61	66	1.01642
61	80	1.02886
61	93	0.963922
61	97	0.964299
61	98	0.962348
61	100	0.935071
61	120	1.03223
61	141	1.06951
61	150	1.00651
61	160	1.03499
61	168	1.1304
61	169	1.27169
61	170	1.28495
61	180	1.0533
62	3	1.00035
62	25	0.951898
62	52	0.996437
62	55	0.9953
62	70	0.928588
62	78	0.972902
62	82	0.945249
62	84	1.02377
62	95	0.960887
62	105	0.977067
62	111	1.02007
62	123	0.950583
62	140	1.06197
62	163	1.20343
62	168	1.06709
62	170	1.22164
62	177	1.15355
62	178	1.22231
63	19	0.972432
63	112	0.995589
63	118	1.00715
63	121	0.984677
63	122	0.979786
63	125	0.95841
63	126	1.02304
63	129	0.996898
63	131	0.976003
63	144	1.20749
63	148	1.25764
63	153	1.08395
63	157	1.06596
63	159	1.01226
63	164	1.12386
63	168	1.12709
63	178	0.896106
63	180	1.01101
64	1	1.03307
64	23	0.975483
64	34	1.00498
64	60	0.975573
64	76	0.980661
64	85	0.966334
64	92	1.00561
64	104	0.991655
64	114	0.936683
64	124	1.02188
64	135	1.11238
64	148	0.907006
64	152	1.09065
64	153	1.10989
64	156	1.04556
64	157	1.0919
64	165	1.11256
64	171	1.31466
65	7	0.95423
65	37	1.04815
65	40	1.05647
65	44	1.00794
65	69	0.996024
65	71	1.06122
65	94	1.049
65	96	1.05332
65	101	1.02188
65	106	1.0651
65	107	1.06533
65	141	0.967038
65	151	1.10076
65	154	1.00345
65	158	1.02589
65	162	1.02681
65	172	1.19532
65	177	1.11439
65	180	0.950825
66	18	1.01481
66	38	1.04219
66	41	1.03537
66	53	0.940917
66	57	1.05049
66	61	1.01642
66	72	1.0306
66	80	1.08701
66	97	1.02245
66	98	1.0205
66	100	0.99322
66	119	0.845955
66	127	1.16783
66	150	1.06466
66	153	1.01148
66	160	0.9592
66	164	1.05138
66	174	1.14755
66	177	1.14107
67	9	0.957654
67	15	0.977061
67	17	0.910758
67	36	0.933509
67	42	0.932392
67	43	0.93267
67	50	1.00698
67	73	0.932644
67	90	0.946421
67	91	0.948125
67	127	1.2361
67	133	1.10188
67	142	0.94856
67	150	0.960181
67	156	1.01541
67	157	1.06175
67	170	1.27743
67	173	1.24939
67	175	1.34669
68	8	1.10417
68	90	1.03232
68	91	1.03403
68	92	0.921701
68	111	0.88864
68	115	0.846304
68	125	0.994273
68	129	0.952512
68	138	0.927521
68	142	1.03446
68	145	0.918745
68	150	1.04608
68	162	1.00885
68	174	0.949253
68	175	0.918928
68	176	0.929346
68	177	0.963796
68	179	0.925261
69	6	0.989077
69	37	0.939547
69	40	0.947862
69	44	0.89933
69	65	0.996024
69	71	0.952615
69	75	0.939096
69	94	0.940399
69	96	0.944718
69	101	0.913278
69	106	0.956496
69	107	0.956727
69	133	1.09804
69	135	1.07839
69	149	1.148
69	166	1.15742
69	171	1.28066
69	174	1.21198
69	179	1.31158
70	25	0.924205
70	28	0.882045
70	29	1.00157
70	52	0.968744
70	55	0.967607
70	62	0.928588
70	78	0.945209
70	82	0.917555
70	89	0.965052
70	95	0.933194
70	105	0.949374
70	111	0.992373
70	136	1.06443
70	140	1.15722
70	161	1.24958
70	167	1.14106
70	171	1.32396
70	174	1.25528
70	180	1.08523
71	30	0.952805
71	40	1.01306
71	44	0.964527
71	49	0.98647
71	65	1.06122
71	69	0.952615
71	75	1.00429
71	94	1.0056
71	96	1.00992
71	101	0.978475
71	106	1.02169
71	107	1.02192
71	133	1.03741
71	137	1.02557
71	148	1.18896
71	164	1.05518
71	168	1.05841
71	170	1.21296
71	171	1.22004
71	180	0.981306
72	38	0.998222
72	39	0.999628
72	41	0.991397
72	59	0.975717
72	66	1.0306
72	80	1.04304
72	93	0.978101
72	97	0.978478
72	98	0.976527
72	100	0.94925
72	124	1.02727
72	130	1.07806
72	136	0.974368
72	139	0.968512
72	150	1.02069
72	154	1.04779
72	155	1.15485
72	167	1.05099
72	176	1.23568
72	179	1.26482
73	9	1.02468
73	17	0.977781
73	36	1.00053
73	42	0.999416
73	43	0.999693
73	50	1.07401
73	67	0.932644
73	90	1.01344
73	91	1.01515
73	97	1.25591
73	138	0.908642
73	142	1.01558
73	150	1.0272
73	151	1.08538
73	156	0.905077
73	164	1.00932
73	165	0.972079
73	167	0.991267
73	171	1.17418
73	179	1.2051
74	16	0.985644
74	31	0.935516
74	32	0.983257
74	35	1.0146
74	46	1.07043
74	47	0.970688
74	77	1.00084
74	81	0.970891
74	92	1.02455
74	102	1.03692
74	116	0.968897
74	130	1.07027
74	133	1.04348
74	135	1.02383
74	152	1.0021
74	155	1.14705
74	157	1.03387
74	162	1.06335
74	163	1.20082
74	172	1.23186
75	2	1.01428
75	56	1.00143
75	69	0.939096
75	71	1.00429
75	96	0.996396
75	101	0.964956
75	106	1.00817
75	107	1.0084
75	135	0.972843
75	144	1.09389
75	145	1.00785
75	147	1.03279
75	152	1.00856
75	155	1.09607
75	158	1.01145
75	162	0.98553
75	164	1.01026
75	172	1.18088
75	175	1.2373
75	176	1.1769
76	1	1.03787
76	54	1.02256
76	58	1.08219
76	64	0.980661
76	85	0.971135
76	86	1.02793
76	92	1.01041
76	104	0.996455
76	114	0.941484
76	124	1.02668
76	128	0.979556
76	137	1.04204
76	139	0.97112
76	146	1.05485
76	148	0.911806
76	167	1.0536
76	177	1.16134
76	178	1.23011
76	179	1.26743
76	180	0.997777
77	20	1.11392
77	31	0.922625
77	32	0.970367
77	35	1.00171
77	45	0.958511
77	46	1.05754
77	47	0.957797
77	74	1.00084
77	81	0.958
77	92	1.01166
77	102	1.02403
77	119	0.902333
77	134	1.10461
77	137	1.07815
77	139	1.00723
77	153	1.06786
77	157	1.02098
77	165	1.07052
77	169	1.25228
77	176	1.2744
78	12	1.01937
78	28	0.92636
78	29	1.04589
78	52	1.01306
78	55	1.01192
78	62	0.972902
78	70	0.945209
78	82	0.96187
78	84	1.04039
78	89	1.00937
78	105	0.993689
78	111	1.03669
78	120	0.938962
78	141	0.976243
78	167	1.01586
78	170	1.19168
78	172	1.20452
78	174	1.13008
78	176	1.20054
78	177	1.1236
79	21	1.02318
79	26	1.08383
79	51	0.996957
79	53	0.919123
79	87	0.955053
79	99	0.964403
79	103	1.01219
79	108	0.980979
79	109	0.980908
79	113	1.02084
79	143	1.01691
79	147	1.05203
79	149	1.06178
79	167	1.01154
79	169	1.1741
79	171	0.918143
79	175	1.25663
79	177	1.11928
79	178	1.18804
79	180	0.955713
80	41	1.04781
80	57	1.06293
80	59	1.03213
80	61	1.02886
80	66	1.08701
80	72	1.04304
80	93	1.03451
80	97	1.03489
80	98	1.03294
80	100	1.00566
80	124	1.08368
80	141	0.923732
80	146	0.964591
80	150	1.0771
80	151	1.05746
80	163	1.12097
80	164	0.981393
80	166	1.02301
80	169	1.12591
80	179	1.17717
80	180	0.907519
81	20	1.08397
81	31	0.892673
81	32	0.940414
81	35	0.97176
81	45	0.928559
81	46	1.02759
81	47	0.927845
81	74	0.970891
81	77	0.958
81	92	0.981704
81	102	0.994075
81	116	0.926053
81	135	1.05262
81	140	1.08815
81	157	0.991032
81	158	1.09123
81	159	0.978441
81	161	1.18051
81	170	1.24782
81	173	1.21977
81	175	1.31708
82	3	0.98932
82	25	0.940866
82	28	0.898706
82	29	1.01823
82	55	0.984268
82	62	0.945249
82	70	0.917555
82	78	0.96187
82	84	1.01274
82	89	0.981713
82	95	0.949855
82	105	0.966035
82	111	1.00903
82	154	1.07229
82	156	0.989296
82	159	0.981942
82	167	1.07549
82	172	1.26415
82	176	1.26018
82	178	1.25199
82	179	1.28932
83	27	1.04092
83	33	0.976617
83	38	0.968357
83	89	0.902798
83	92	0.938401
83	94	1.06655
83	105	0.95142
83	107	0.947692
83	128	0.991936
83	129	0.969212
83	145	1.00205
83	147	1.02699
83	152	1.00276
83	162	0.979736
83	168	0.975029
83	172	0.907055
83	173	0.908944
83	176	0.900227
83	177	0.934677
83	179	0.896142
83	180	1.01742
84	3	1.06784
84	12	1.07023
84	25	1.01939
84	52	1.06392
84	55	1.06279
84	62	1.02377
84	78	1.04039
84	82	1.01274
84	89	1.06023
84	95	1.02837
84	105	1.04455
84	111	1.08755
84	127	1.115
84	137	0.968947
84	149	1.03075
84	153	0.95865
84	154	0.977306
84	155	1.08436
84	162	1.00066
84	168	1.00179
84	173	1.12829
85	8	0.88607
85	23	0.965957
85	34	0.995457
85	54	1.00823
85	58	1.06787
85	60	0.966046
85	64	0.966334
85	76	0.971135
85	92	0.996084
85	104	0.982128
85	114	0.927157
85	128	0.965229
85	130	1.07742
85	138	1.24407
85	148	0.897479
85	151	1.14446
85	154	1.04715
85	167	1.05035
85	176	1.23504
85	177	1.15809
85	178	1.22685
86	1	1.08034
86	23	1.02276
86	34	1.05226
86	53	1.08453
86	54	1.06503
86	58	1.12467
86	60	1.02284
86	76	1.02793
86	104	1.03893
86	114	0.983955
86	117	0.913174
86	124	1.06915
86	128	1.02203
86	138	1.15576
86	139	0.879557
86	160	0.887906
86	163	1.11966
86	167	0.962039
86	173	1.10982
86	177	1.06978
86	179	1.17587
87	21	0.948962
87	24	0.938173
87	48	1.03327
87	51	0.92274
87	79	0.955053
87	99	0.890186
87	103	0.93797
87	108	0.906762
87	109	0.906691
87	113	0.946618
87	119	1.04826
87	134	1.1712
87	143	0.942692
87	146	1.15755
87	147	0.977817
87	153	1.13445
87	156	1.07012
87	165	1.13712
87	171	0.843927
87	173	1.30409
87	174	1.27053
87	178	1.33281
88	53	0.921628
88	112	1.02719
88	117	0.96518
88	118	1.03875
88	121	1.01628
88	122	1.01139
88	125	0.990013
88	126	1.05464
88	128	1.00161
88	129	1.0285
88	131	1.00761
88	137	1.00249
88	142	1.03054
88	143	1.01706
88	155	1.1179
88	161	1.12257
88	162	1.0342
88	168	1.03533
88	169	1.17661
88	170	1.18987
88	178	0.927709
88	180	1.04261
89	12	1.03921
89	25	0.988362
89	28	0.946203
89	29	1.06573
89	52	1.0329
89	55	1.03176
89	70	0.965052
89	78	1.00937
89	82	0.981713
89	83	0.902798
89	84	1.06023
89	95	0.997351
89	105	1.01353
89	111	1.05653
89	138	1.17215
89	149	1.02867
89	156	0.892239
89	163	1.13605
89	166	1.0381
89	172	1.16709
89	174	1.09265
89	178	1.15493
90	15	1.05786
90	17	0.991558
90	36	1.01431
90	42	1.01319
90	43	1.01347
90	50	1.08778
90	67	0.946421
90	68	1.03232
90	73	1.01344
90	91	1.02893
90	138	0.922419
90	142	1.02936
90	149	1.04351
90	150	1.04098
90	156	0.907075
90	163	1.15089
90	167	0.993265
90	169	1.15583
90	172	1.18193
90	173	1.14105
90	178	1.16977
90	180	0.937439
91	9	1.04016
91	14	1.05857
91	17	0.993263
91	36	1.01601
91	42	1.0149
91	43	1.01517
91	50	1.08949
91	67	0.948125
91	68	1.03403
91	73	1.01515
91	90	1.02893
91	116	1.12169
91	138	0.924124
91	141	0.984327
91	142	1.03107
91	150	1.04269
91	151	1.11805
91	157	0.984091
91	165	1.00475
91	174	1.13816
91	178	1.20044
91	180	0.968114
92	1	1.06282
92	32	0.994071
92	35	1.02542
92	64	1.00561
92	68	0.921701
92	74	1.02455
92	76	1.01041
92	77	1.01166
92	81	0.981704
92	83	0.938401
92	85	0.996084
92	102	1.04773
92	104	1.0214
92	114	0.966433
92	127	1.14853
92	139	0.93155
92	157	1.04469
92	158	1.03327
92	161	1.12256
92	165	0.994844
92	169	1.1766
92	176	1.19872
93	18	0.962308
93	38	0.989691
93	39	0.991097
93	41	0.982865
93	57	0.99799
93	59	0.967186
93	61	0.963922
93	72	0.978101
93	80	1.03451
93	97	0.969946
93	98	0.967996
93	100	0.940719
93	119	0.904613
93	124	1.01873
93	135	1.07262
93	137	1.08043
93	140	1.10815
93	141	1.05238
93	150	1.01216
93	158	1.11123
93	161	1.20052
93	163	1.24962
93	172	1.28066
94	6	1.04206
94	7	0.898605
94	30	0.940589
94	37	0.992528
94	40	1.00084
94	44	0.952311
94	49	0.974254
94	65	1.049
94	69	0.940399
94	71	1.0056
94	83	1.06655
94	96	0.997699
94	101	0.966259
94	106	1.00948
94	107	1.00971
94	120	1.06529
94	130	1.16925
94	136	1.06555
94	137	1.13062
94	139	1.0597
94	165	1.12299
94	166	1.20185
94	180	1.08636
95	3	1.00496
95	12	1.00735
95	25	0.956504
95	28	0.914345
95	29	1.03387
95	52	1.00104
95	55	0.999906
95	62	0.960887
95	70	0.933194
95	82	0.949855
95	84	1.02837
95	89	0.997351
95	105	0.981673
95	111	1.02467
95	140	1.05327
95	151	1.13122
95	154	1.03391
95	161	1.14564
95	170	1.21294
95	171	1.22002
95	174	1.15133
95	177	1.14485
95	180	0.981285
96	7	0.902925
96	30	0.944908
96	37	0.996847
96	40	1.00516
96	44	0.95663
96	49	0.978573
96	65	1.05332
96	69	0.944718
96	71	1.00992
96	75	0.996396
96	94	0.997699
96	101	0.970578
96	106	1.0138
96	107	1.01403
96	123	0.976307
96	151	1.16564
96	153	1.04968
96	154	1.06833
96	157	1.03168
96	162	1.09169
96	172	1.2602
96	176	1.25622
96	177	1.17927
97	18	0.962685
97	38	0.990068
97	39	0.991474
97	41	0.983242
97	57	0.998367
97	59	0.967563
97	61	0.964299
97	66	1.02245
97	72	0.978478
97	73	1.25591
97	80	1.03489
97	93	0.969946
97	98	0.968373
97	100	0.941096
97	150	1.01253
97	152	1.01208
97	156	0.96699
97	160	0.979048
97	168	1.07446
97	174	1.1674
97	175	1.29827
97	178	1.22969
97	180	0.997355
98	18	0.960734
98	39	0.989524
98	41	0.981292
98	57	0.996417
98	59	0.965612
98	61	0.962348
98	66	1.0205
98	72	0.976527
98	80	1.03294
98	93	0.967996
98	97	0.968373
98	100	0.939145
98	123	0.948128
98	124	1.01716
98	150	1.01058
98	158	1.0626
98	160	0.969221
98	161	1.15188
98	162	1.06351
98	169	1.20592
98	173	1.19114
98	178	1.21986
98	179	1.25718
99	10	1.00361
99	21	0.958312
99	26	1.01896
99	48	1.04262
99	51	0.93209
99	79	0.964403
99	87	0.890186
99	103	0.94732
99	108	0.916112
99	109	0.916041
99	113	0.955968
99	119	1.05761
99	127	1.228
99	143	0.952042
99	147	0.987167
99	151	1.18762
99	152	1.05241
99	160	1.01937
99	167	1.0935
99	168	1.11479
99	171	0.853277
99	177	1.20125
99	178	1.27001
99	179	1.30733
100	18	0.933457
100	38	0.96084
100	39	0.962246
100	41	0.954015
100	57	0.96914
100	59	0.938335
100	61	0.935071
100	66	0.99322
100	72	0.94925
100	80	1.00566
100	93	0.940719
100	97	0.941096
100	98	0.939145
100	119	0.973772
100	123	1.06592
100	124	0.989884
100	140	1.17731
100	144	1.26283
100	150	0.983305
100	155	1.265
100	157	1.1213
100	161	1.26968
100	164	1.1792
100	165	1.14196
101	6	1.01494
101	7	0.871485
101	30	0.913468
101	37	0.965407
101	40	0.973722
101	44	0.92519
101	49	0.947133
101	65	1.02188
101	69	0.913278
101	71	0.978475
101	75	0.964956
101	94	0.966259
101	96	0.970578
101	106	0.982356
101	107	0.982587
101	136	0.995447
101	156	0.985883
101	161	1.1806
101	166	1.13174
101	170	1.2479
101	171	1.25498
101	174	1.1863
101	175	1.31716
101	177	1.17981
102	16	1.00883
102	20	1.14999
102	31	0.9587
102	32	1.00644
102	35	1.03779
102	45	0.994586
102	46	1.09362
102	47	0.993872
102	74	1.03692
102	77	1.02403
102	81	0.994075
102	92	1.04773
102	116	0.992081
102	133	0.981028
102	136	0.904121
102	146	0.981993
102	157	1.05706
102	161	1.08927
102	162	1.0009
102	164	0.998795
102	166	1.04041
102	175	1.22584
102	176	1.16544
102	179	1.19458
103	10	1.05139
103	21	1.0061
103	24	0.995307
103	48	1.0904
103	51	0.979874
103	79	1.01219
103	87	0.93797
103	99	0.94732
103	108	0.963896
103	109	0.963825
103	113	1.00375
103	119	1.1054
103	133	1.00059
103	143	0.999826
103	146	1.00156
103	147	1.03495
103	164	1.01836
103	171	0.901061
103	172	1.18898
103	173	1.1481
103	174	1.11453
103	175	1.2454
103	177	1.10805
103	179	1.21414
103	180	0.944486
104	8	0.911391
104	14	1.11125
104	23	0.991278
104	34	1.02078
104	53	1.05305
104	58	1.09319
104	60	0.991367
104	64	0.991655
104	76	0.996455
104	85	0.982128
104	86	1.03893
104	92	1.0214
104	114	0.952477
104	120	0.999723
104	124	1.03767
104	128	0.990549
104	137	1.06506
104	138	1.27034
104	148	0.9228
104	149	1.12686
104	156	0.990427
104	157	1.03677
104	165	1.05743
104	174	1.19084
104	180	1.02079
105	3	1.02114
105	12	1.02353
105	25	0.972684
105	28	0.930525
105	29	1.05005
105	52	1.01722
105	55	1.01609
105	62	0.977067
105	70	0.949374
105	78	0.993689
105	82	0.966035
105	83	0.95142
105	84	1.04455
105	89	1.01353
105	95	0.981673
105	111	1.04085
105	158	1.04629
105	159	0.933507
105	161	1.13558
105	162	1.04721
105	163	1.18468
105	164	1.0451
105	169	1.18962
105	177	1.13479
105	178	1.20356
106	6	1.05815
106	7	0.914703
106	30	0.956686
106	37	1.00862
106	40	1.01694
106	44	0.968408
106	49	0.990351
106	65	1.0651
106	69	0.956496
106	71	1.02169
106	75	1.00817
106	94	1.00948
106	96	1.0138
106	101	0.982356
106	107	1.02581
106	116	1.14464
106	123	0.951667
106	132	1.21148
106	134	1.06179
106	154	1.04369
106	159	0.953348
106	162	1.06705
106	175	1.29198
106	179	1.26072
106	180	0.991066
107	6	1.05839
107	7	0.914934
107	30	0.956917
107	37	1.00886
107	40	1.01717
107	44	0.968639
107	49	0.990582
107	65	1.06533
107	69	0.956727
107	71	1.02192
107	75	1.0084
107	83	0.947692
107	94	1.00971
107	96	1.01403
107	101	0.982587
107	106	1.02581
107	133	1.02361
107	163	1.18095
107	164	1.04137
107	165	1.00414
107	166	1.08299
107	167	1.02332
107	173	1.17111
107	176	1.20801
107	178	1.19983
108	10	1.02018
108	21	0.974888
108	24	0.964099
108	26	1.03554
108	48	1.0592
108	51	0.948667
108	79	0.980979
108	87	0.906762
108	99	0.916112
108	103	0.963896
108	109	0.932617
108	113	0.972545
108	116	1.15245
108	119	1.07419
108	143	0.968618
108	147	1.00374
108	148	1.20654
108	151	1.14882
108	159	0.961163
108	163	1.21233
108	168	1.07599
108	169	1.21727
108	170	1.23054
108	171	0.869853
108	174	1.16893
108	180	0.998882
109	10	1.02011
109	21	0.974817
109	24	0.964028
109	26	1.03547
109	48	1.05913
109	51	0.948595
109	53	1.01731
109	79	0.980908
109	87	0.906691
109	99	0.916041
109	103	0.963825
109	108	0.932617
109	113	0.972474
109	119	1.07412
109	133	1.11001
109	136	1.0331
109	138	1.30345
109	141	1.07011
109	143	0.968547
109	146	1.11097
109	147	1.00367
109	153	1.08787
109	165	1.09054
109	166	1.16939
109	171	0.869782
109	178	1.28623
110	11	0.824435
110	19	0.908901
110	112	0.932058
110	115	0.978359
110	118	0.943615
110	121	0.921146
110	122	0.916254
110	123	1.11656
110	125	0.894879
110	126	0.959507
110	128	0.906477
110	129	0.933367
110	131	0.912472
110	136	1.13516
110	138	1.40551
110	140	1.22794
110	142	0.935403
110	143	0.921927
110	145	0.932111
110	155	1.31564
110	159	1.11824
110	165	1.1926
110	171	1.39469
110	173	1.35957
110	178	0.832575
110	180	0.947479
111	3	1.06414
111	12	1.06653
111	25	1.01568
111	28	0.973524
111	29	1.09305
111	52	1.06022
111	55	1.05909
111	62	1.02007
111	68	0.88864
111	70	0.992373
111	78	1.03669
111	82	1.00903
111	84	1.08755
111	89	1.05653
111	95	1.02467
111	105	1.04085
111	144	1.08266
111	148	1.1328
111	157	0.941123
111	158	1.00021
111	161	1.0895
111	165	0.961783
111	171	1.16388
111	174	1.09519
111	177	1.08871
111	180	0.925146
112	63	0.995589
112	88	1.02719
112	110	0.932058
112	115	1.07111
112	118	1.03637
112	121	1.0139
112	122	1.00901
112	125	0.987632
112	126	1.05226
112	129	1.02612
112	131	1.00522
112	133	1.04804
112	137	1.0362
112	142	1.02816
112	143	1.01468
112	144	1.14944
112	145	1.02486
112	148	1.19959
112	152	1.00666
112	157	1.00791
112	159	0.954211
112	160	0.973623
112	162	1.06791
112	173	1.19554
112	176	1.23244
112	178	0.925328
112	180	1.04023
113	10	1.06004
113	21	1.01474
113	24	1.00396
113	26	1.07539
113	48	1.09905
113	51	0.988523
113	79	1.02084
113	87	0.946618
113	99	0.955968
113	103	1.00375
113	108	0.972545
113	109	0.972474
113	119	1.11405
113	136	0.959635
113	139	0.95378
113	140	1.05242
113	143	1.00847
113	144	1.13795
113	147	1.0436
113	149	1.0865
113	159	0.942717
113	170	1.21209
113	171	0.909709
113	173	1.18405
113	177	1.144
113	178	1.21277
113	180	0.980436
114	1	0.993893
114	8	0.856419
114	23	0.936306
114	34	0.965806
114	53	0.998077
114	54	0.978583
114	58	1.03822
114	60	0.936395
114	64	0.936683
114	76	0.941484
114	85	0.927157
114	86	0.983955
114	92	0.966433
114	104	0.952477
114	123	1.01598
114	124	0.982703
114	128	0.935578
114	134	1.1261
114	144	1.21288
114	148	0.867828
114	151	1.20531
114	157	1.07135
114	161	1.21973
114	170	1.28703
114	171	1.29411
114	178	1.28771
114	180	1.05537
115	11	0.96349
115	19	1.04796
115	68	0.846304
115	110	0.978359
115	112	1.07111
115	116	1.03638
115	118	1.08267
115	121	1.0602
115	122	1.05531
115	125	1.03393
115	126	1.09856
115	129	1.07242
115	130	0.965706
115	131	1.05153
115	134	0.95353
115	142	1.07446
115	143	1.06098
115	144	1.04032
115	145	1.07116
115	148	1.09047
115	149	0.988876
115	154	0.935436
115	162	0.95879
115	172	1.1273
115	175	1.18372
115	178	0.971629
115	179	1.15247
115	180	1.08653
116	3	1.01774
116	12	1.1178
116	16	0.940807
116	22	1.21899
116	27	1.05688
116	29	1.08823
116	31	0.890678
116	45	0.926564
116	46	1.02559
116	74	0.968897
116	81	0.926053
116	91	1.12169
116	102	0.992081
116	106	1.14464
116	108	1.15245
116	115	1.03638
116	131	1.14899
116	133	0.966348
116	157	0.989037
116	163	0.901819
116	167	0.955913
116	169	0.889918
116	172	0.879492
116	174	0.892571
116	175	0.862245
116	177	0.907114
116	179	0.868579
116	180	0.989856
117	18	1.01747
117	36	1.03301
117	45	1.14446
117	54	0.945246
117	57	1.03094
117	59	1.0309
117	86	0.913174
117	88	0.96518
117	132	0.975679
117	142	0.955468
117	147	0.923714
117	150	0.942537
117	151	0.993113
117	154	1.04715
117	161	0.987298
117	164	1.01766
117	166	1.00241
117	167	1.0299
117	168	1.02146
117	169	0.963908
117	170	0.951952
117	172	0.953482
117	173	0.955372
117	175	0.936236
117	176	0.946654
117	177	0.981104
117	179	0.942569
117	180	1.06385
118	63	1.00715
118	88	1.03875
118	110	0.943615
118	112	1.03637
118	115	1.08267
118	121	1.02546
118	122	1.02056
118	125	0.999189
118	126	1.06382
118	128	1.01079
118	129	1.03768
118	131	1.01678
118	142	1.03971
118	143	1.02624
118	145	1.03642
118	153	0.97043
118	154	0.989086
118	155	1.09614
118	156	0.906095
118	165	0.973097
118	166	1.05195
118	167	0.992285
118	168	1.01357
118	169	1.15485
118	175	1.23737
118	176	1.17697
118	178	0.936885
118	179	1.20612
118	180	1.05179
119	11	1.15059
119	23	0.944874
119	35	0.912998
119	46	0.795
119	60	0.959404
119	66	0.845955
119	77	0.902333
119	87	1.04826
119	93	0.904613
119	99	1.05761
119	100	0.973772
119	103	1.1054
119	108	1.07419
119	109	1.07412
119	113	1.11405
119	124	0.796989
119	125	0.899227
119	145	0.823698
119	163	1.04763
119	166	1.07423
119	170	1.02378
119	171	1.01135
119	172	1.02531
119	173	1.0272
119	174	1.03839
119	175	1.00806
119	176	1.01848
119	179	1.01439
120	4	0.999909
120	26	0.926776
120	28	1.08499
120	50	0.872965
120	55	0.965551
120	60	1.06989
120	61	1.03223
120	78	0.938962
120	94	1.06529
120	104	0.999723
120	134	1.04204
120	145	0.934182
120	149	1.02784
120	150	0.914507
120	160	1.07786
120	164	1.02685
120	165	1.03286
120	166	1.0116
120	168	1.03065
120	169	0.973098
120	170	0.961141
120	172	0.962672
120	173	0.964561
120	174	0.975751
120	175	0.945425
120	176	0.955843
120	177	0.990294
120	178	0.958132
120	179	0.951759
120	180	1.07304
121	4	1.03955
121	11	0.906276
121	63	0.984677
121	88	1.01628
121	110	0.921146
121	112	1.0139
121	115	1.0602
121	118	1.02546
121	122	0.998095
121	125	0.97672
121	126	1.04135
121	129	1.01521
121	131	0.994312
121	134	1.06049
121	141	1.00599
121	142	1.01724
121	143	1.00377
121	145	1.01395
121	146	1.04684
121	158	1.06484
121	159	0.952054
121	162	1.06575
121	164	1.06365
121	168	1.06688
121	173	1.19338
121	174	1.15982
121	176	1.23029
121	178	0.914416
121	179	1.25943
121	180	1.02932
122	4	1.03466
122	63	0.979786
122	88	1.01139
122	110	0.916254
122	112	1.00901
122	115	1.05531
122	118	1.02056
122	121	0.998095
122	125	0.971828
122	126	1.03646
122	128	0.983427
122	129	1.01032
122	131	0.989421
122	135	1.05343
122	142	1.01235
122	143	0.998876
122	145	1.00906
122	146	1.07404
122	148	1.22463
122	154	1.0696
122	156	0.986605
122	159	0.979251
122	160	0.998662
122	163	1.23042
122	166	1.13246
122	167	1.0728
122	168	1.09408
122	172	1.26146
122	178	0.909525
122	180	1.02443
123	14	0.991368
123	25	0.971306
123	57	0.98458
123	62	0.950583
123	96	0.976307
123	98	0.948128
123	100	1.06592
123	106	0.951667
123	110	1.11656
123	114	1.01598
123	126	0.882586
123	128	0.972342
123	147	0.877353
123	154	1.06625
123	161	1.0064
123	163	0.994907
123	165	1.04277
123	166	1.02151
123	167	1.049
123	168	1.04055
123	169	0.983006
123	170	0.971049
123	171	0.958626
123	172	0.97258
123	173	0.974469
123	174	0.985659
123	175	0.955333
123	176	0.965751
123	177	1.0002
123	179	0.961667
124	18	1.01147
124	23	1.0215
124	39	1.04026
124	54	1.06378
124	57	1.04716
124	58	1.12341
124	64	1.02188
124	72	1.02727
124	76	1.02668
124	80	1.08368
124	86	1.06915
124	93	1.01873
124	98	1.01716
124	100	0.989884
124	104	1.03767
124	114	0.982703
124	119	0.796989
124	127	1.11886
124	139	0.901885
124	148	0.953026
124	150	1.06132
124	151	1.07848
124	159	0.890823
124	161	1.09289
124	166	1.04403
124	168	1.00565
124	169	1.14693
124	171	1.16728
124	175	1.22946
124	178	1.16087
124	180	0.928542
125	4	1.01328
125	19	0.964475
125	63	0.95841
125	68	0.994273
125	88	0.990013
125	110	0.894879
125	112	0.987632
125	115	1.03393
125	118	0.999189
125	119	0.899227
125	121	0.97672
125	122	0.971828
125	126	1.01508
125	127	1.2211
125	128	0.962051
125	129	0.988941
125	131	0.968046
125	133	1.08689
125	141	1.04699
125	142	0.990977
125	143	0.977501
125	145	0.987685
125	153	1.06475
125	163	1.24423
125	164	1.10465
125	165	1.06742
125	168	1.10789
125	170	1.26243
125	171	1.26951
125	178	0.888149
125	180	1.00305
126	11	0.944638
126	19	1.0291
126	63	1.02304
126	88	1.05464
126	110	0.959507
126	112	1.05226
126	115	1.09856
126	118	1.06382
126	121	1.04135
126	122	1.03646
126	123	0.882586
126	125	1.01508
126	129	1.05357
126	131	1.03267
126	137	0.966253
126	138	1.17153
126	140	0.993971
126	142	1.05561
126	143	1.04213
126	144	1.0795
126	145	1.05231
126	152	0.936712
126	157	0.937963
126	164	0.99586
126	166	1.03748
126	169	1.14038
126	171	1.16072
126	172	1.16648
126	174	1.09203
126	178	0.952777
126	180	1.06768
127	24	1.229
127	66	1.16783
127	67	1.2361
127	84	1.115
127	92	1.14853
127	99	1.228
127	124	1.11886
127	125	1.2211
127	128	1.20206
127	130	0.955109
127	138	0.85617
127	145	1.14557
127	151	0.904454
127	154	0.958491
127	155	0.899237
127	159	0.991339
127	163	0.88715
127	164	0.928998
127	166	0.913748
127	167	0.941245
127	168	0.932797
127	169	0.875249
127	170	0.863292
127	172	0.864823
127	173	0.866712
127	174	0.877902
127	175	0.847577
127	176	0.857995
127	177	0.892445
127	179	0.85391
128	23	0.974378
128	58	1.07629
128	60	0.974467
128	76	0.979556
128	83	0.991936
128	85	0.965229
128	86	1.02203
128	88	1.00161
128	104	0.990549
128	110	0.906477
128	114	0.935578
128	118	1.01079
128	122	0.983427
128	123	0.972342
128	125	0.962051
128	127	1.20206
128	129	1.00054
128	131	0.979644
128	132	1.23215
128	136	0.990941
128	137	1.05601
128	145	0.999283
128	148	0.9059
128	152	1.02647
128	155	1.17142
128	164	1.08562
128	165	1.04838
128	169	1.23013
128	176	1.25226
128	178	0.899747
128	180	1.01465
129	4	1.05177
129	11	0.918498
129	63	0.996898
129	68	0.952512
129	83	0.969212
129	88	1.0285
129	110	0.933367
129	112	1.02612
129	115	1.07242
129	118	1.03768
129	121	1.01521
129	122	1.01032
129	125	0.988941
129	126	1.05357
129	128	1.00054
129	131	1.00653
129	135	1.02548
129	141	1.00523
129	142	1.02946
129	143	1.01599
129	145	1.02617
129	155	1.1487
129	158	1.06409
129	161	1.15337
129	164	1.06289
129	165	1.02566
129	167	1.04484
129	168	1.06613
129	173	1.19263
129	177	1.15258
129	178	0.926637
129	180	1.04154
130	1	0.957688
130	9	1.09039
130	15	0.989554
130	33	1.05354
130	36	1.10895
130	59	1.10684
130	72	1.07806
130	74	1.07027
130	85	1.07742
130	94	1.16925
130	115	0.965706
130	127	0.955109
130	142	1.0314
130	144	0.970378
130	149	0.990378
130	156	1.05579
130	158	1.00211
130	159	1.05173
130	161	0.959026
130	163	0.947537
130	167	1.00163
130	168	0.993184
130	170	0.92368
130	171	0.911257
130	172	0.92521
130	173	0.9271
130	174	0.938289
130	175	0.907964
130	176	0.918382
130	177	0.952832
130	178	0.920671
130	179	0.914297
131	4	1.03087
131	11	0.897602
131	19	0.982068
131	63	0.976003
131	88	1.00761
131	110	0.912472
131	112	1.00522
131	115	1.05153
131	116	1.14899
131	118	1.01678
131	121	0.994312
131	122	0.989421
131	125	0.968046
131	126	1.03267
131	128	0.979644
131	129	1.00653
131	139	0.968759
131	141	1.01163
131	142	1.00857
131	143	0.995093
131	144	1.15293
131	145	1.00528
131	153	1.02939
131	158	1.07048
131	159	0.957697
131	166	1.11091
131	167	1.05124
131	170	1.22707
131	171	1.23415
131	174	1.16546
131	176	1.23593
131	178	0.905742
131	180	1.02065
132	3	1.08458
132	8	1.36108
132	42	1.19105
132	48	1.09649
132	49	1.22028
132	58	1.02723
132	59	1.24435
132	106	1.21148
132	117	0.975679
132	128	1.23215
132	135	0.943277
132	137	0.957261
132	143	1.17636
132	144	0.902289
132	149	0.922288
132	150	1.15599
132	155	0.891535
132	159	0.983637
132	162	0.929802
132	163	0.879448
132	165	0.927308
132	166	0.906046
132	167	0.933543
132	168	0.925095
132	170	0.85559
132	171	0.843168
132	172	0.857121
132	173	0.85901
132	174	0.8702
132	175	0.839875
132	176	0.850293
132	177	0.884743
132	179	0.846208
133	19	1.0241
133	24	1.09479
133	50	0.950141
133	67	1.10188
133	69	1.09804
133	71	1.03741
133	74	1.04348
133	102	0.981028
133	103	1.00059
133	107	1.02361
133	109	1.11001
133	112	1.04804
133	116	0.966348
133	125	1.08689
133	135	1.00794
133	139	1.04083
133	141	1.0243
133	154	1.01545
133	158	0.998679
133	160	1.03697
133	164	0.985955
133	165	0.991967
133	166	0.970705
133	167	0.998202
133	169	0.932206
133	170	0.92025
133	172	0.92178
133	173	0.92367
133	174	0.934859
133	175	0.904534
133	176	0.914952
133	177	0.949402
133	179	0.910867
