1	93	0.866591
1	115	1.79423
1	117	0.889395
1	151	0.90476
1	157	0.84151
1	158	0.880471
1	163	0.926856
1	166	0.869514
1	172	0.857891
1	176	0.835834
1	177	0.852963
1	179	0.867298
2	10	1.03855
2	57	1.0665
2	63	1.0803
2	70	1.11744
2	108	1.07979
2	114	1.05768
2	116	1.09401
2	134	0.954888
2	157	4.08207
2	173	1.11994
2	175	1.02587
2	180	1.03872
3	9	1.05968
3	31	0.89484
3	37	0.982366
3	45	0.892966
3	47	0.987503
3	50	0.965096
3	52	0.964704
3	102	0.984376
3	111	0.975659
3	128	2.20844
3	136	1.41533
3	144	0.936476
4	8	0.932559
4	10	0.91807
4	17	0.948679
4	25	1.01365
4	26	1.02043
4	51	0.979242
4	57	0.946015
4	63	0.95982
4	70	0.996956
4	157	2.16086
4	165	2.88278
4	175	0.905384
5	9	1.05237
5	15	1.04735
5	31	0.887532
5	45	0.885659
5	47	0.980196
5	50	0.957789
5	52	0.957397
5	102	0.977069
5	111	0.968351
5	144	0.929169
5	171	3.91467
5	178	2.00393
6	8	1.03146
6	10	1.01697
6	11	1.03403
6	26	1.11933
6	57	1.04492
6	63	1.05872
6	70	1.09586
6	97	1.2007
6	106	1.06864
6	163	1.46432
6	165	4.56998
6	175	1.00429
7	34	0.997654
7	39	0.996259
7	41	0.989586
7	48	0.880723
7	53	0.970118
7	55	0.941265
7	60	0.951229
7	67	0.935315
7	71	0.99724
7	133	0.968943
7	161	1.80232
7	175	1.98771
8	4	0.932559
8	6	1.03146
8	11	0.918026
8	17	0.931577
8	51	0.96214
8	57	0.928913
8	63	0.942719
8	70	0.979854
8	97	1.08469
8	136	1.7869
8	175	0.888283
8	178	4.28487
9	3	1.05968
9	5	1.05237
9	31	1.02371
9	37	1.11124
9	45	1.02184
9	47	1.11638
9	50	1.09397
9	52	1.09358
9	142	1.97046
9	144	1.06535
9	152	1.05359
9	174	1.66331
10	2	1.03855
10	4	0.91807
10	6	1.01697
10	17	0.917088
10	51	0.947651
10	57	0.914424
10	63	0.928229
10	70	0.965365
10	97	1.0702
10	106	1.18032
10	160	2.21089
10	175	0.873793
11	6	1.03403
11	8	0.918026
11	17	0.934145
11	25	0.999118
11	26	1.0059
11	51	0.964708
11	57	0.931481
11	63	0.945286
11	70	0.982422
11	140	1.56929
11	171	4.03847
11	175	0.89085
12	16	0.938416
12	18	0.929759
12	22	0.898897
12	30	0.876089
12	33	0.860999
12	36	0.872761
12	40	0.880556
12	62	0.820326
12	65	0.832829
12	66	0.812725
12	73	0.874399
12	176	3.79019
13	16	1.02372
13	18	1.01507
13	21	0.975154
13	30	0.961397
13	36	0.95807
13	40	0.965864
13	65	0.918138
13	66	0.898034
13	73	0.959707
13	92	0.930817
13	137	1.22967
13	180	2.32233
14	84	0.96543
14	90	1.01416
14	94	0.950197
14	105	0.98262
14	108	0.957224
14	114	0.935107
14	116	0.971442
14	119	1.01693
14	137	0.927623
14	153	0.914568
14	175	2.65027
14	180	0.916147
15	5	1.04735
15	31	1.01869
15	37	1.10622
15	45	1.01682
15	47	1.11136
15	50	1.08895
15	52	1.08856
15	111	1.09951
15	125	1.77199
15	137	0.532187
15	144	1.06033
15	161	2.06944
16	12	0.938416
16	13	1.02372
16	30	1.11611
16	33	1.10102
16	36	1.11278
16	62	1.06035
16	65	1.07285
16	66	1.05275
16	73	1.11442
16	91	1.85355
16	144	1.25622
16	153	1.63605
17	4	0.948679
17	8	0.931577
17	10	0.917088
17	11	0.934145
17	25	1.01267
17	26	1.01945
17	51	0.97826
17	63	0.958838
17	70	0.995974
17	74	1.39635
17	118	2.3821
17	175	0.904402
18	12	0.929759
18	13	1.01507
18	42	2.8
18	62	1.05169
18	66	1.04409
18	73	1.10576
18	81	1.08055
18	114	1.04292
18	116	1.07926
18	153	1.02238
18	177	1.54049
18	179	1.00837
18	180	1.02396
19	45	0.0230647
19	56	1.00492
19	134	1.04468
19	141	0.922577
19	155	0.90299
19	164	0.939825
19	169	0.950447
19	170	0.933096
19	172	0.920697
19	174	0.955554
19	177	0.915769
19	178	0.891449
19	179	0.930104
20	61	0.974306
20	72	0.944419
20	101	1.00561
20	113	0.996041
20	127	0.986249
20	132	0.97225
20	139	1.00218
20	141	0.952179
20	143	0.946339
20	146	0.963667
20	168	0.843446
20	170	2.93034
20	171	0.824749
21	13	0.975154
21	22	1.09035
21	33	1.05245
21	36	1.06421
21	40	1.07201
21	62	1.01178
21	65	1.02428
21	66	1.00417
21	73	1.06585
21	76	0.983643
21	92	1.03696
21	102	1.18444
21	125	2.1973
22	12	0.898897
22	21	1.09035
22	30	1.07659
22	33	1.0615
22	40	1.08106
22	62	1.02083
22	65	1.03333
22	66	1.01323
22	73	1.0749
22	92	1.04601
22	107	1.40266
22	130	1.2747
22	180	1.79606
23	41	1.0763
23	48	0.967432
23	53	1.05683
23	55	1.02797
23	58	1.03211
23	59	1.0324
23	60	1.03794
23	67	1.02202
23	71	1.08395
23	133	1.05565
23	156	1.75131
23	163	1.46929
23	180	1.36193
24	98	0.995213
24	99	0.013674
24	156	0.992408
24	160	0.991039
24	163	0.991202
24	164	0.941366
24	165	0.89776
24	167	0.933397
24	170	0.934636
24	174	0.957095
24	177	0.91731
24	178	0.892989
24	179	0.931644
25	4	1.01365
25	11	0.999118
25	17	1.01267
25	26	1.08442
25	51	1.04323
25	57	1.01001
25	63	1.02381
25	70	1.06095
25	97	1.16579
25	120	0.859018
25	159	3.53689
25	164	0.884466
25	175	0.969375
26	4	1.02043
26	6	1.11933
26	11	1.0059
26	17	1.01945
26	25	1.08442
26	51	1.05001
26	57	1.01679
26	63	1.03059
26	70	1.06773
26	130	0.768239
26	140	2.67349
26	151	1.78723
26	175	0.976156
27	99	0.950335
27	109	0.979937
27	112	0.963152
27	123	0.972191
27	124	1.00903
27	141	0.961633
27	143	0.955793
27	146	0.973121
27	152	0.948714
27	167	2.43107
27	168	0.8529
27	169	1.9117
27	171	0.834204
28	37	0.482943
28	90	0.115504
28	143	0.591957
28	152	1.09197
28	157	0.999085
28	164	1.03459
28	165	0.990988
28	167	1.02663
28	169	1.04522
28	171	0.977455
28	176	0.993409
28	177	1.01054
28	178	0.986218
28	179	1.02487
29	99	1.00817
29	100	0.999238
29	103	1.05593
29	107	0.827416
29	113	1.06333
29	115	1.04616
29	123	1.03002
29	127	1.05353
29	141	1.01946
29	143	1.01362
29	146	1.03095
29	160	1.24926
29	171	0.892034
29	179	2.87791
30	12	0.876089
30	13	0.961397
30	16	1.11611
30	22	1.07659
30	33	1.03869
30	36	1.05045
30	43	2.6
30	62	0.998019
30	65	1.01052
30	66	0.990418
30	73	1.05209
30	87	1.52764
30	92	1.0232
30	152	0.81755
31	3	0.89484
31	5	0.887532
31	9	1.02371
31	15	1.01869
31	37	0.946398
31	45	0.856998
31	47	0.951535
31	50	0.929128
31	52	0.928736
31	102	0.948408
31	111	0.939691
31	118	1.34194
31	144	0.900508
31	162	2.99196
32	39	0.915493
32	117	0.957207
32	147	0.624719
32	156	0.995873
32	157	0.909322
32	165	0.901225
32	170	0.938101
32	172	0.925703
32	173	0.944736
32	174	0.96056
32	176	0.903646
32	177	0.920775
32	178	0.896455
32	179	0.935109
33	12	0.860999
33	16	1.10102
33	21	1.05245
33	22	1.0615
33	30	1.03869
33	36	1.03536
33	40	1.04316
33	62	0.982929
33	65	0.995433
33	66	0.975329
33	73	1.037
33	125	0.746452
33	159	3.47677
33	162	1.3014
34	7	0.997654
34	48	0.950049
34	49	1.03594
34	53	1.03944
34	55	1.01059
34	58	1.01472
34	59	1.01502
34	60	1.02055
34	67	1.00464
34	71	1.06657
34	119	0.952311
34	133	1.03827
34	173	1.37927
34	176	4.37616
35	81	1.03194
35	84	1.02464
35	90	1.07337
35	94	1.0094
35	105	1.04183
35	108	1.01643
35	114	0.994313
35	116	1.03065
35	131	0.737818
35	137	0.962713
35	147	1.05311
35	153	0.973773
35	162	3.49481
35	180	0.975352
36	12	0.872761
36	13	0.95807
36	16	1.11278
36	21	1.06421
36	30	1.05045
36	33	1.03536
36	40	1.05492
36	62	0.994691
36	64	1.2921
36	65	1.00719
36	66	0.98709
36	73	1.04876
36	106	1.09686
36	160	2.12743
37	3	0.982366
37	9	1.11124
37	15	1.10622
37	28	0.482943
37	31	0.946398
37	45	0.944524
37	47	1.03906
37	50	1.01665
37	52	1.01626
37	102	1.03593
37	111	1.02722
37	134	1.54985
37	144	0.988034
37	180	1.95764
38	78	0.825552
38	111	2.16959
38	156	0.921765
38	158	0.874174
38	162	0.856355
38	166	0.863217
38	169	0.881345
38	172	0.851595
38	173	0.870628
38	175	0.882361
38	176	0.829538
38	177	0.846667
38	178	0.822346
38	179	0.861001
39	7	0.996259
39	32	0.915493
39	41	1.05752
39	48	0.948654
39	49	1.03455
39	55	1.0092
39	58	1.01333
39	59	1.01362
39	60	1.01916
39	67	1.00325
39	71	1.06517
39	133	1.03687
39	139	0.776939
39	166	2.36434
40	12	0.880556
40	13	0.965864
40	21	1.07201
40	22	1.08106
40	33	1.04316
40	36	1.05492
40	62	1.00249
40	65	1.01499
40	66	0.994885
40	73	1.05656
40	92	1.02767
40	95	1.1909
40	169	0.896467
40	176	4.42058
41	7	0.989586
41	23	1.0763
41	39	1.05752
41	48	0.941981
41	49	1.02788
41	55	1.00252
41	58	1.00666
41	59	1.00695
41	67	0.996573
41	71	1.0585
41	110	1.14901
41	133	1.0302
41	151	1.91864
41	156	1.81039
42	18	2.8
42	140	0.893383
42	155	0.82968
42	158	0.869967
42	160	0.916189
42	166	0.85901
42	169	0.877138
42	172	0.847388
42	173	0.866421
42	174	0.882245
42	176	0.82533
42	177	0.84246
42	178	0.818139
42	179	0.856794
43	30	2.6
43	87	0.897784
43	151	0.893634
43	157	0.830384
43	163	0.915729
43	164	0.865893
43	169	0.876515
43	170	0.859163
43	172	0.846765
43	173	0.865798
43	174	0.881622
43	176	0.824708
43	178	0.817517
44	46	0.529655
44	96	0.590375
44	124	0.0703374
44	145	1.08703
44	150	0.988794
44	157	0.981548
44	161	1.05177
44	163	1.06689
44	166	1.00955
44	172	0.997929
44	174	1.03279
44	177	0.993001
44	178	0.968681
44	179	1.00734
45	3	0.892966
45	5	0.885659
45	9	1.02184
45	15	1.01682
45	19	0.0230647
45	31	0.856998
45	37	0.944524
45	47	0.949662
45	50	0.927255
45	52	0.926863
45	102	0.946535
45	111	0.937817
45	144	0.898635
45	168	3.6905
46	44	0.529655
46	81	1.03617
46	82	1.03993
46	84	1.02886
46	94	1.01363
46	96	1.01273
46	97	0.739633
46	105	1.04605
46	114	0.99854
46	116	1.03487
46	147	1.05734
46	153	0.978
46	170	3.11565
46	180	0.979579
47	3	0.987503
47	5	0.980196
47	9	1.11638
47	15	1.11136
47	31	0.951535
47	37	1.03906
47	45	0.949662
47	50	1.02179
47	52	1.0214
47	111	1.03235
47	119	0.928511
47	144	0.993172
47	152	1.98581
47	180	1.84161
48	7	0.880723
48	23	0.967432
48	34	0.950049
48	39	0.948654
48	41	0.941981
48	49	0.919014
48	53	0.922513
48	58	0.897794
48	59	0.898085
48	60	0.903623
48	67	0.88771
48	71	0.949635
48	133	0.921338
48	150	3.82611
48	154	1.0622
49	34	1.03594
49	39	1.03455
49	41	1.02788
49	48	0.919014
49	53	1.00841
49	55	0.979556
49	58	0.98369
49	59	0.983981
49	60	0.989519
49	67	0.973606
49	71	1.03553
49	117	3.40369
49	133	1.00723
49	145	0.976042
49	173	1.73033
50	3	0.965096
50	5	0.957789
50	9	1.09397
50	15	1.08895
50	31	0.929128
50	37	1.01665
50	45	0.927255
50	47	1.02179
50	52	0.998993
50	102	1.01866
50	111	1.00995
50	135	1.1961
50	138	1.29056
50	144	0.970765
50	172	3.20573
51	4	0.979242
51	8	0.96214
51	10	0.947651
51	11	0.964708
51	17	0.97826
51	25	1.04323
51	26	1.05001
51	57	0.975595
51	63	0.989401
51	70	1.02654
51	97	1.13138
51	102	1.26507
51	137	1.03814
51	154	2.47557
51	175	0.934965
52	3	0.964704
52	5	0.957397
52	9	1.09358
52	15	1.08856
52	31	0.928736
52	37	1.01626
52	45	0.926863
52	47	1.0214
52	50	0.998993
52	102	1.01827
52	106	0.764635
52	111	1.00956
52	144	0.970373
52	166	2.21666
52	169	2.4547
53	7	0.970118
53	23	1.05683
53	34	1.03944
53	48	0.922513
53	49	1.00841
53	55	0.983055
53	58	0.987189
53	59	0.98748
53	60	0.993018
53	67	0.977105
53	71	1.03903
53	107	1.20938
53	133	1.01073
53	168	3.06184
53	172	1.79947
54	80	1.03248
54	98	0.994228
54	100	0.980359
54	112	1.0021
54	124	1.04798
54	127	1.03465
54	132	1.02065
54	140	2.20991
54	141	1.00058
54	143	0.994744
54	146	1.01207
54	153	1.26201
54	162	0.915926
54	167	2.59065
54	168	0.89185
54	171	0.873154
55	7	0.941265
55	23	1.02797
55	34	1.01059
55	39	1.0092
55	41	1.00252
55	49	0.979556
55	53	0.983055
55	58	0.958335
55	59	0.958627
55	60	0.964165
55	67	0.948251
55	71	1.01018
55	125	1.48425
55	133	0.98188
55	153	1.77311
55	174	2.09103
56	19	1.00492
56	109	1.09663
56	114	0.779309
56	134	1.00779
56	149	0.934521
56	156	0.95397
56	160	0.952601
56	164	0.902928
56	166	0.895422
56	168	0.864484
56	170	0.896198
56	172	0.8838
56	176	0.861742
56	177	0.878872
56	178	0.854551
56	179	0.893206
57	2	1.0665
57	4	0.946015
57	6	1.04492
57	8	0.928913
57	10	0.914424
57	11	0.931481
57	25	1.01001
57	26	1.01679
57	51	0.975595
57	63	0.956174
57	64	0.726713
57	70	0.99331
57	97	1.09815
57	172	3.10004
57	174	1.7185
57	175	0.901738
58	23	1.03211
58	34	1.01472
58	39	1.01333
58	41	1.00666
58	48	0.897794
58	49	0.98369
58	53	0.987189
58	55	0.958335
58	59	0.962761
58	60	0.968299
58	67	0.952385
58	71	1.01431
58	74	0.794196
58	133	0.986014
58	172	3.03954
58	174	1.658
59	23	1.0324
59	34	1.01502
59	39	1.01362
59	41	1.00695
59	48	0.898085
59	49	0.983981
59	53	0.98748
59	55	0.958627
59	58	0.962761
59	60	0.968591
59	67	0.952677
59	71	1.0146
59	76	0.620838
59	129	1.48245
59	133	0.986305
59	172	3.25522
60	7	0.951229
60	23	1.03794
60	34	1.02055
60	39	1.01916
60	48	0.903623
60	49	0.989519
60	53	0.993018
60	55	0.964165
60	58	0.968299
60	59	0.968591
60	67	0.958215
60	71	1.02014
60	86	1.27822
60	120	1.34004
60	133	0.991844
60	178	5.46102
61	20	0.974306
61	103	1.03701
61	115	1.02723
61	123	1.0111
61	132	1.02061
61	136	0.94286
61	141	1.00054
61	143	0.994698
61	146	1.01203
61	147	1.03249
61	152	0.98762
61	153	2.19946
61	162	0.915881
61	163	1.87083
61	168	0.891805
61	171	0.873109
62	12	0.820326
62	16	1.06035
62	18	1.05169
62	21	1.01178
62	22	1.02083
62	30	0.998019
62	33	0.982929
62	36	0.994691
62	40	1.00249
62	65	0.954759
62	66	0.934655
62	73	0.996329
62	92	0.967438
62	144	1.61372
62	145	1.70237
62	156	1.94693
63	2	1.0803
63	4	0.95982
63	6	1.05872
63	8	0.942719
63	10	0.928229
63	11	0.945286
63	17	0.958838
63	25	1.02381
63	26	1.03059
63	51	0.989401
63	57	0.956174
63	70	1.00712
63	85	1.19086
63	88	1.26054
63	158	2.64831
63	175	0.915543
64	36	1.2921
64	57	0.726713
64	69	0.424099
64	120	1.08893
64	154	1.03523
64	155	0.943686
64	161	1.01524
64	164	0.980521
64	167	0.972553
64	170	0.973791
64	173	0.980426
64	174	0.99625
64	176	0.939336
64	177	0.956465
64	178	0.932145
64	179	0.970799
65	12	0.832829
65	13	0.918138
65	16	1.07285
65	21	1.02428
65	22	1.03333
65	30	1.01052
65	33	0.995433
65	36	1.00719
65	40	1.01499
65	62	0.954759
65	66	0.947159
65	73	1.00883
65	85	1.26245
65	92	0.979942
65	149	1.83216
65	174	2.22978
66	12	0.812725
66	13	0.898034
66	16	1.05275
66	18	1.04409
66	21	1.00417
66	22	1.01323
66	30	0.990418
66	33	0.975329
66	36	0.98709
66	40	0.994885
66	62	0.934655
66	65	0.947159
66	73	0.988728
66	76	1.06752
66	92	0.959838
66	122	2.01054
66	163	2.2414
67	7	0.935315
67	23	1.02202
67	34	1.00464
67	39	1.00325
67	41	0.996573
67	48	0.88771
67	49	0.973606
67	53	0.977105
67	55	0.948251
67	58	0.952385
67	59	0.952677
67	60	0.958215
67	71	1.00423
67	107	1.56055
67	130	1.43259
67	133	0.97593
67	149	2.31024
68	69	0.980385
68	95	1.74201
68	109	0.997302
68	111	1.00005
68	123	0.989556
68	124	1.02639
68	126	1.02295
68	131	1.16957
68	132	0.999069
68	138	2.22501
68	141	0.978998
68	143	0.973158
68	146	0.990486
68	147	1.01095
68	162	0.894341
68	168	0.870265
68	171	0.851569
69	64	0.424099
69	68	0.980385
69	89	0.995104
69	103	1.01627
69	109	0.998103
69	123	0.990357
69	124	1.02719
69	127	1.01387
69	141	0.979798
69	143	0.973958
69	146	0.991286
69	147	1.01175
69	158	2.47502
69	162	0.895141
69	168	0.871065
69	171	0.852369
69	174	1.98491
70	2	1.11744
70	4	0.996956
70	6	1.09586
70	8	0.979854
70	10	0.965365
70	11	0.982422
70	17	0.995974
70	25	1.06095
70	26	1.06773
70	51	1.02654
70	57	0.99331
70	63	1.00712
70	88	1.26512
70	97	1.14909
70	117	2.39631
70	153	1.62916
70	175	0.952679
70	178	4.85018
71	7	0.99724
71	23	1.08395
71	34	1.06657
71	39	1.06517
71	41	1.0585
71	48	0.949635
71	49	1.03553
71	53	1.03903
71	55	1.01018
71	58	1.01431
71	59	1.0146
71	60	1.02014
71	67	1.00423
71	133	1.03785
71	144	1.25493
71	152	1.34295
71	158	2.44278
71	160	1.22719
72	20	0.944419
72	89	0.985957
72	101	1.02408
72	113	1.01451
72	115	0.997343
72	120	1.63544
72	123	0.98121
72	125	0.944463
72	127	1.00472
72	132	0.990722
72	141	0.970651
72	143	0.964811
72	146	0.98214
72	157	4.55707
72	162	0.885994
72	168	0.861918
72	171	0.843222
72	179	1.47954
73	12	0.874399
73	13	0.959707
73	16	1.11442
73	18	1.10576
73	21	1.06585
73	22	1.0749
73	30	1.05209
73	33	1.037
73	36	1.04876
73	40	1.05656
73	62	0.996329
73	65	1.00883
73	66	0.988728
73	92	1.02151
73	106	0.889542
73	121	1.52656
73	152	1.50073
73	164	2.80134
74	17	1.39635
74	58	0.794196
74	96	1.00056
74	108	1.00849
74	113	0.773668
74	114	0.986373
74	116	1.02271
74	138	0.989272
74	147	1.04517
74	153	0.965833
74	155	0.90609
74	165	0.899319
74	166	0.935419
74	170	0.936195
74	176	0.90174
74	178	0.894549
74	179	0.933203
74	180	0.967412
75	82	1.0413
75	96	1.0141
75	97	0.534937
75	100	1.00653
75	105	1.04742
75	108	1.02203
75	114	0.999911
75	116	1.03625
75	124	1.07415
75	141	1.02675
75	143	1.02091
75	146	1.03824
75	152	1.01383
75	153	0.979371
75	155	4.70423
75	171	0.899324
75	176	3.01308
75	179	1.07512
75	180	0.98095
76	21	0.983643
76	59	0.620838
76	66	1.06752
76	95	1.07792
76	132	0.268222
76	154	1.05847
76	160	1.05343
76	161	1.03848
76	163	1.0536
76	165	0.960153
76	166	0.996253
76	167	0.995791
76	173	1.00366
76	174	1.01949
76	176	0.962574
76	177	0.979703
76	178	0.955383
76	179	0.994037
76	180	1.02825
77	116	0.772905
77	138	0.94528
77	141	1.51267
77	157	0.863424
77	159	0.873641
77	160	0.948607
77	163	0.948769
77	164	0.898933
77	165	0.855327
77	166	0.891427
77	167	0.890965
77	170	0.892203
77	172	0.879805
77	173	0.898838
77	174	0.914662
77	176	0.857748
77	177	0.874877
77	178	0.850557
77	179	0.889211
78	38	0.825552
78	117	0.805037
78	118	0.841554
78	129	0.864782
78	142	0.825719
78	150	0.764398
78	156	0.843703
78	158	0.796112
78	161	0.827377
78	163	0.842497
78	168	0.754217
78	169	0.803283
78	171	0.735521
78	174	0.80839
78	176	0.751476
78	177	0.768605
78	178	0.744285
78	179	0.782939
79	85	0.925065
79	87	0.868855
79	99	3.00153
79	118	0.885857
79	142	0.870022
79	144	0.889121
79	150	0.808701
79	155	0.800129
79	156	0.888006
79	164	0.836964
79	165	0.793358
79	166	0.829458
79	167	0.828996
79	169	0.847586
79	172	0.817836
79	173	0.836869
79	174	0.852693
79	176	0.795779
79	177	0.812908
79	178	0.788588
80	54	1.03248
80	91	1.32776
80	98	1.00395
80	99	0.99901
80	100	0.990083
80	112	1.01183
80	115	1.037
80	124	1.0577
80	126	1.05426
80	132	1.03038
80	141	1.01031
80	143	1.00447
80	145	0.819086
80	146	1.0218
80	147	1.04226
80	148	1.99354
80	159	3.98634
80	162	0.925651
80	168	0.901575
80	171	0.882879
81	18	1.08055
81	35	1.03194
81	46	1.03617
81	82	1.00375
81	83	1.00521
81	84	0.992676
81	90	1.04141
81	96	0.976541
81	105	1.00987
81	108	0.98447
81	114	0.962353
81	116	0.998688
81	120	0.95528
81	133	1.00477
81	147	1.02115
81	153	0.941814
81	161	0.960307
81	162	2.43756
81	177	2.70492
81	180	0.943393
82	46	1.03993
82	75	1.0413
82	81	1.00375
82	83	1.00897
82	84	0.996441
82	94	0.981208
82	96	0.980306
82	102	1.52813
82	108	0.988235
82	114	0.966119
82	116	1.00245
82	119	1.04794
82	126	1.03692
82	133	1.00853
82	140	1.54731
82	147	1.02491
82	153	0.945579
82	155	5.49577
82	173	1.9574
82	180	0.947158
83	81	1.00521
83	82	1.00897
83	84	0.997902
83	90	1.04663
83	94	0.982669
83	96	0.981768
83	105	1.01509
83	108	0.989696
83	114	0.96758
83	116	1.00391
83	119	1.0494
83	122	0.880231
83	126	1.03838
83	133	1.01
83	147	1.02638
83	152	1.11249
83	153	0.94704
83	168	3.59741
83	170	1.54758
83	180	0.948619
84	14	0.96543
84	35	1.02464
84	46	1.02886
84	81	0.992676
84	82	0.996441
84	83	0.997902
84	90	1.0341
84	94	0.970138
84	96	0.969237
84	104	2.20391
84	105	1.00256
84	108	0.977165
84	114	0.955049
84	116	0.991383
84	126	1.02585
84	136	0.675292
84	147	1.01384
84	153	0.934509
84	163	1.60326
84	175	2.12589
84	180	0.936088
85	63	1.19086
85	65	1.26245
85	79	0.925065
85	95	1.00009
85	118	0.974826
85	127	1.05081
85	150	0.89767
85	151	0.953674
85	154	0.980639
85	155	0.889097
85	158	0.929384
85	161	0.960649
85	166	0.918427
85	169	0.936555
85	170	0.919203
85	172	0.906805
85	174	0.941662
85	177	0.901877
85	178	0.877556
85	179	0.916211
85	180	0.950419
86	60	1.27822
86	123	0.686669
86	147	0.690967
86	148	0.948851
86	154	1.00122
86	157	0.911002
86	158	0.949962
86	159	0.92122
86	163	0.996347
86	164	0.946511
86	165	0.902905
86	169	0.957133
86	170	0.939781
86	172	0.927383
86	173	0.946416
86	174	0.96224
86	176	0.905326
86	177	0.922455
86	178	0.898135
86	179	0.936789
87	30	1.52764
87	43	0.897784
87	79	0.868855
87	89	0.955318
87	90	2.03615
87	98	0.933656
87	139	0.992991
87	141	0.940012
87	143	0.934172
87	146	0.951501
87	162	0.855355
87	167	0.861755
87	168	0.831279
87	171	0.812583
87	172	0.850595
87	173	0.869628
87	174	0.885452
87	176	0.828537
87	177	0.845667
87	178	0.821346
87	179	0.860001
88	63	1.26054
88	70	1.26512
88	90	1.03813
88	93	0.919483
88	121	0.972625
88	140	0.956779
88	158	0.933362
88	159	0.90462
88	160	0.979585
88	163	0.979747
88	164	0.929911
88	165	0.886305
88	167	0.921943
88	169	0.940533
88	172	0.910783
88	173	0.929816
88	174	0.94564
88	176	0.888726
88	177	0.905855
88	179	0.920189
88	180	0.954398
89	69	0.995104
89	72	0.985957
89	87	0.955318
89	93	4.4
89	99	0.982419
89	100	0.973492
89	101	1.04714
89	112	0.995236
89	115	1.02041
89	123	1.00428
89	124	1.04111
89	127	1.02779
89	132	1.01379
89	141	0.993717
89	143	0.987877
89	146	1.00521
89	156	1.24049
89	162	0.90906
89	167	1.7798
89	171	0.866288
89	180	0.865642
90	14	1.01416
90	28	0.115504
90	35	1.07337
90	81	1.04141
90	83	1.04663
90	84	1.0341
90	87	2.03615
90	88	1.03813
90	94	1.01887
90	96	1.01797
90	105	1.05129
90	108	1.0259
90	114	1.00378
90	116	1.04011
90	119	1.0856
90	126	1.07458
90	133	1.0462
90	147	1.06257
90	153	0.98324
90	160	1.2103
90	163	1.28923
90	180	0.984819
91	16	1.85355
91	80	1.32776
91	105	0.944024
91	128	0.991512
91	131	1.03553
91	148	0.92222
91	149	0.951474
91	157	0.884371
91	161	0.954596
91	164	0.91988
91	166	0.912375
91	167	0.911912
91	170	0.913151
91	172	0.900753
91	173	0.919785
91	174	0.93561
91	175	0.931518
91	176	0.878695
91	177	0.895825
91	178	0.871504
91	179	0.910159
91	180	0.944367
92	13	0.930817
92	21	1.03696
92	22	1.04601
92	30	1.0232
92	40	1.02767
92	62	0.967438
92	65	0.979942
92	66	0.959838
92	73	1.02151
92	99	0.974218
92	112	0.987035
92	121	2.1969
92	123	0.996074
92	127	1.01959
92	130	1.50552
92	131	1.19173
92	141	0.985516
92	146	0.997004
92	162	0.900859
92	168	0.876783
92	171	0.858087
92	180	2.02688
93	1	0.866591
93	88	0.919483
93	89	4.4
93	121	0.870117
93	140	0.854271
93	145	0.897381
93	148	0.829743
93	151	0.855144
93	152	0.884774
93	157	0.791894
93	159	0.802112
93	160	0.877077
93	161	0.862119
93	165	0.783797
93	170	0.820674
93	172	0.808275
93	173	0.827308
93	175	0.839041
93	176	0.786218
93	177	0.803347
93	178	0.779027
93	179	0.817682
94	14	0.950197
94	35	1.0094
94	46	1.01363
94	82	0.981208
94	83	0.982669
94	84	0.970138
94	90	1.01887
94	96	0.954003
94	105	0.987328
94	108	0.961932
94	114	0.939816
94	116	0.97615
94	119	1.02163
94	126	1.01061
94	133	0.982232
94	135	1.49499
94	138	2.14975
94	139	1.3493
94	145	2.07428
94	147	0.998611
94	153	0.919276
94	180	0.920855
95	40	1.1909
95	68	1.74201
95	76	1.07792
95	85	1.00009
95	103	0.765109
95	140	0.938861
95	148	0.914333
95	154	0.9667
95	158	0.915445
95	161	0.946709
95	163	0.96183
95	164	0.911993
95	165	0.868388
95	166	0.904488
95	167	0.904025
95	169	0.922616
95	170	0.905264
95	173	0.911898
95	176	0.870808
95	177	0.887938
95	178	0.863617
95	179	0.902272
96	44	0.590375
96	46	1.01273
96	74	1.00056
96	75	1.0141
96	81	0.976541
96	82	0.980306
96	83	0.981768
96	84	0.969237
96	90	1.01797
96	94	0.954003
96	105	0.986427
96	108	0.961031
96	114	0.938914
96	116	0.975249
96	126	1.00971
96	133	0.98133
96	147	0.997709
96	152	1.38026
96	153	0.918375
96	170	2.58406
96	179	2.89316
96	180	0.919953
97	6	1.2007
97	8	1.08469
97	10	1.0702
97	25	1.16579
97	46	0.739633
97	51	1.13138
97	57	1.09815
97	70	1.14909
97	75	0.534937
97	100	0.233518
97	115	0.428082
97	123	0.127698
97	143	0.582553
97	154	1.10059
97	158	1.04933
97	163	1.09572
97	167	1.03791
97	173	1.04579
97	174	1.06161
97	175	1.05752
97	176	1.0047
97	178	0.997504
97	179	1.03616
98	24	0.995213
98	54	0.994228
98	80	1.00395
98	87	0.933656
98	100	0.95183
98	101	1.02548
98	103	1.00853
98	109	0.990359
98	113	1.01592
98	123	0.982613
98	124	1.01945
98	127	1.00613
98	132	0.992126
98	139	1.20503
98	141	0.972055
98	143	0.966215
98	146	0.983543
98	149	2.14149
98	152	0.959136
98	161	2.22979
98	162	0.887398
98	168	0.863322
98	171	0.844626
99	24	0.013674
99	27	0.950335
99	29	1.00817
99	79	3.00153
99	80	0.99901
99	89	0.982419
99	92	0.974218
99	103	1.00358
99	106	1.03621
99	109	0.985417
99	113	1.01098
99	124	1.01451
99	132	0.987184
99	141	0.967113
99	142	1.16198
99	143	0.961273
99	146	0.978601
99	147	0.999066
99	148	2.20534
99	152	0.954194
99	162	0.882456
99	168	0.85838
99	171	0.839684
100	29	0.999238
100	54	0.980359
100	75	1.00653
100	80	0.990083
100	89	0.973492
100	97	0.233518
100	98	0.95183
100	101	1.01161
100	112	0.959705
100	115	0.984878
100	124	1.00558
100	126	1.00214
100	127	0.992256
100	131	0.88248
100	132	0.978257
100	141	0.958186
100	142	2.77868
100	143	0.952346
100	146	0.969674
100	147	0.990139
100	166	2.72486
100	168	0.849453
100	171	0.830757
101	20	1.00561
101	72	1.02408
101	89	1.04714
101	98	1.02548
101	100	1.01161
101	109	1.05014
101	110	1.12545
101	111	1.05289
101	113	1.0757
101	115	1.05853
101	123	1.0424
101	127	1.06591
101	129	1.76013
101	130	0.876088
101	132	1.05191
101	141	1.03184
101	143	1.026
101	145	1.54227
101	146	1.04333
101	162	0.94718
101	168	0.923104
101	171	0.904408
101	173	3.16994
102	3	0.984376
102	5	0.977069
102	21	1.18444
102	31	0.948408
102	37	1.03593
102	45	0.946535
102	50	1.01866
102	51	1.26507
102	52	1.01827
102	82	1.52813
102	111	1.02923
102	144	0.990044
102	147	0.200607
102	149	0.969481
102	157	0.902379
102	158	0.941339
102	160	0.987562
102	169	0.94851
102	170	0.931158
102	171	0.880748
102	173	0.937793
102	177	0.913832
102	178	0.889512
102	179	0.928166
103	29	1.05593
103	61	1.03701
103	69	1.01627
103	95	0.765109
103	98	1.00853
103	99	1.00358
103	111	1.03593
103	112	1.0164
103	123	1.02544
103	124	1.06228
103	127	1.04895
103	132	1.03495
103	141	1.01488
103	142	2.08888
103	143	1.00904
103	146	1.02637
103	147	1.04683
103	152	1.00196
103	154	1.37259
103	162	0.930224
103	163	1.13518
103	164	2.47262
103	168	0.906148
103	171	0.887452
104	84	2.20391
104	122	0.965163
104	136	0.985364
104	147	1.77434
104	150	0.853938
104	155	0.845365
104	157	0.846691
104	159	0.856909
104	162	0.867833
104	163	0.932037
104	164	0.882201
104	165	0.838595
104	166	0.874695
104	167	0.874232
104	169	0.892823
104	170	0.875471
104	171	0.825061
104	172	0.863073
104	173	0.882106
104	176	0.841015
104	177	0.858145
104	178	0.833824
104	179	0.872479
105	14	0.98262
105	35	1.04183
105	46	1.04605
105	75	1.04742
105	81	1.00987
105	83	1.01509
105	84	1.00256
105	90	1.05129
105	91	0.944024
105	94	0.987328
105	96	0.986427
105	108	0.994356
105	114	0.972239
105	116	1.00857
105	119	1.05406
105	126	1.04304
105	133	1.01466
105	145	1.48596
105	147	1.03103
105	153	0.9517
105	156	0.720285
105	167	1.00104
105	171	7.04687
105	180	0.953278
106	6	1.06864
106	10	1.18032
106	36	1.09686
106	52	0.764635
106	73	0.889542
106	99	1.03621
106	115	1.0742
106	125	1.02132
106	132	1.06758
106	141	1.04751
106	143	1.04167
106	146	1.059
106	150	0.948955
106	151	1.00496
106	152	1.03459
106	160	1.02689
106	162	0.962851
106	166	0.969712
106	168	0.938775
106	170	0.970488
106	173	0.977123
106	176	0.936033
106	177	0.953162
106	178	0.928842
106	179	0.967496
107	22	1.40266
107	29	0.827416
107	53	1.20938
107	67	1.56055
107	120	1.04575
107	129	1.00946
107	131	1.05298
107	139	1.06061
107	148	0.939679
107	154	0.992046
107	159	0.912048
107	165	0.893733
107	166	0.929834
107	167	0.929371
107	169	0.947961
107	170	0.93061
107	172	0.918211
107	173	0.937244
107	174	0.953068
107	175	0.948977
107	176	0.896154
107	177	0.913283
107	178	0.888963
107	179	0.927618
107	180	0.961826
108	2	1.07979
108	14	0.957224
108	35	1.01643
108	74	1.00849
108	75	1.02203
108	81	0.98447
108	82	0.988235
108	83	0.989696
108	84	0.977165
108	90	1.0259
108	94	0.961932
108	96	0.961031
108	105	0.994356
108	114	0.946843
108	116	0.983177
108	119	1.02866
108	126	1.01764
108	133	0.989259
108	147	1.00564
108	152	1.20663
108	153	0.926303
108	154	1.40721
108	163	1.1698
108	164	2.50724
108	173	2.83493
108	180	0.927882
109	27	0.979937
109	56	1.09663
109	68	0.997302
109	69	0.998103
109	98	0.990359
109	99	0.985417
109	101	1.05014
109	112	0.998234
109	113	1.04058
109	115	1.02341
109	123	1.00727
109	124	1.04411
109	125	0.970527
109	127	1.03079
109	132	1.01679
109	135	1.19723
109	139	1.05154
109	141	0.996715
109	143	0.990875
109	146	1.0082
109	151	2.12934
109	152	0.983797
109	162	0.912058
109	168	0.887982
109	171	0.869286
109	175	2.2617
110	41	1.14901
110	101	1.12545
110	114	1.04239
110	116	0.180425
110	129	1.02606
110	151	0.981679
110	157	0.918429
110	158	0.95739
110	159	0.928647
110	162	0.939571
110	163	1.00377
110	165	0.910333
110	166	0.946433
110	167	0.94597
110	169	0.964561
110	170	0.947209
110	172	0.93481
110	173	0.953843
110	174	0.969668
110	175	0.965576
110	176	0.912753
110	177	0.929882
110	178	0.905562
110	179	0.944217
110	180	0.978425
111	3	0.975659
111	5	0.968351
111	15	1.09951
111	31	0.939691
111	37	1.02722
111	38	2.16959
111	45	0.937817
111	47	1.03235
111	50	1.00995
111	52	1.00956
111	68	1.00005
111	101	1.05289
111	102	1.02923
111	103	1.03593
111	134	0.647342
111	141	0.99946
111	143	0.99362
111	144	0.981327
111	146	1.01095
111	151	1.55277
111	152	0.986542
111	158	2.29916
111	160	1.08358
111	162	0.914803
111	168	0.890727
111	171	0.872031
112	27	0.963152
112	54	1.0021
112	80	1.01183
112	89	0.995236
112	92	0.987035
112	100	0.959705
112	103	1.0164
112	109	0.998234
112	113	1.02379
112	115	1.00662
112	124	1.02733
112	126	1.02388
112	127	1.014
112	132	1
112	139	1.08866
112	141	0.97993
112	143	0.97409
112	146	0.991418
112	147	1.01188
112	152	0.967011
112	162	0.895273
112	163	1.14777
112	166	2.04764
112	167	2.80504
112	168	0.871197
112	171	0.852501
112	179	2.6975
113	20	0.996041
113	29	1.06333
113	72	1.01451
113	74	0.773668
113	98	1.01592
113	99	1.01098
113	101	1.0757
113	109	1.04058
113	112	1.02379
113	115	1.04896
113	119	0.574491
113	123	1.03283
113	124	1.06967
113	125	0.996085
113	127	1.05634
113	132	1.04234
113	134	1.0798
113	141	1.02227
113	143	1.01643
113	146	1.03376
113	147	1.05423
113	152	1.00935
113	156	1.87698
113	161	1.93219
113	162	0.937616
113	168	0.91354
113	169	2.73286
113	171	0.894844
114	2	1.05768
114	14	0.935107
114	18	1.04292
114	35	0.994313
114	46	0.99854
114	56	0.779309
114	74	0.986373
114	75	0.999911
114	81	0.962353
114	82	0.966119
114	83	0.96758
114	84	0.955049
114	90	1.00378
114	94	0.939816
114	96	0.938914
114	105	0.972239
114	108	0.946843
114	110	1.04239
114	116	0.961061
114	119	1.00655
114	126	0.995523
114	133	0.967142
114	138	1.53468
114	147	0.983521
114	151	1.81202
114	153	0.904187
114	169	2.55965
114	180	0.905766
115	1	1.79423
115	29	1.04616
115	61	1.02723
115	72	0.997343
115	80	1.037
115	89	1.02041
115	97	0.428082
115	100	0.984878
115	101	1.05853
115	106	1.0742
115	109	1.02341
115	112	1.00662
115	113	1.04896
115	123	1.01566
115	124	1.0525
115	125	0.978915
115	126	1.04906
115	127	1.03917
115	128	1.40029
115	136	0.607177
115	141	1.0051
115	143	0.999262
115	146	1.01659
115	152	0.992184
115	154	1.77256
115	162	0.920445
115	167	3.19242
115	168	0.896369
115	171	0.877673
116	2	1.09401
116	14	0.971442
116	18	1.07926
116	35	1.03065
116	46	1.03487
116	74	1.02271
116	75	1.03625
116	77	0.772905
116	81	0.998688
116	82	1.00245
116	83	1.00391
116	84	0.991383
116	90	1.04011
116	94	0.97615
116	96	0.975249
116	105	1.00857
116	108	0.983177
116	110	0.180425
116	114	0.961061
116	119	1.04288
116	126	1.03186
116	133	1.00348
116	144	1.1523
116	147	1.01986
116	153	0.940521
116	162	2.37427
116	168	3.85025
116	175	1.08241
116	180	0.9421
117	1	0.889395
117	32	0.957207
117	49	3.40369
117	70	2.39631
117	78	0.805037
117	135	0.955604
117	138	0.896554
117	148	0.852547
117	149	0.8818
117	150	0.821944
117	156	0.901249
117	157	0.814698
117	160	0.899881
117	161	0.884923
117	162	0.83584
117	163	0.900043
117	164	0.850207
117	165	0.806601
117	166	0.842701
117	167	0.842239
117	169	0.860829
117	170	0.843477
117	172	0.831079
117	173	0.850112
117	174	0.865936
117	176	0.809022
117	177	0.826151
117	178	0.801831
117	179	0.840485
118	17	2.3821
118	31	1.34194
118	78	0.841554
118	79	0.885857
118	85	0.974826
118	124	0.97338
118	134	0.991583
118	135	0.992121
118	138	0.933072
118	142	0.919782
118	150	0.858461
118	151	0.914465
118	155	0.849889
118	157	0.851215
118	159	0.861433
118	160	0.936398
118	161	0.92144
118	163	0.936561
118	165	0.843118
118	166	0.879219
118	169	0.897346
118	170	0.879995
118	173	0.886629
118	174	0.902453
118	176	0.845539
118	177	0.862668
118	178	0.838348
118	179	0.877003
119	14	1.01693
119	34	0.952311
119	47	0.928511
119	82	1.04794
119	83	1.0494
119	90	1.0856
119	94	1.02163
119	105	1.05406
119	108	1.02866
119	113	0.574491
119	114	1.00655
119	116	1.04288
119	123	0.148931
119	143	1.15356
119	144	1.01525
119	146	0.322604
119	147	1.06534
119	148	0.965437
119	153	0.986005
119	156	1.01414
119	157	0.927588
119	158	0.966549
119	163	1.01293
119	166	0.955592
119	167	0.955129
119	174	0.978827
119	176	0.921912
119	178	0.914721
119	179	0.953376
119	180	0.987584
120	25	0.859018
120	60	1.34004
120	64	1.08893
120	72	1.63544
120	81	0.95528
120	107	1.04575
120	121	0.988955
120	132	0.150442
120	137	1.10512
120	148	0.948581
120	151	0.973982
120	154	1.00095
120	156	0.997283
120	159	0.92095
120	161	0.980957
120	163	0.996077
120	164	0.946241
120	165	0.902635
120	166	0.938735
120	167	0.938273
120	169	0.956863
120	170	0.939511
120	172	0.927113
120	173	0.946146
120	174	0.96197
120	176	0.905056
120	177	0.922185
120	178	0.897865
120	179	0.936519
121	73	1.52656
121	88	0.972625
121	92	2.1969
121	93	0.870117
121	120	0.988955
121	131	0.996191
121	140	0.907413
121	146	1.40573
121	153	0.903453
121	155	0.84371
121	156	0.931588
121	159	0.855254
121	160	0.930219
121	161	0.915261
121	163	0.930382
121	164	0.880545
121	165	0.83694
121	167	0.872577
121	169	0.891168
121	170	0.873816
121	171	0.823406
121	172	0.861417
121	173	0.88045
121	174	0.896275
121	176	0.83936
121	177	0.856489
121	178	0.832169
121	179	0.870824
121	180	0.905032
122	66	2.01054
122	83	0.880231
122	104	0.965163
122	126	0.844323
122	145	0.990771
122	147	0.942838
122	150	0.892531
122	151	0.948535
122	152	0.978165
122	157	0.885284
122	158	0.924245
122	159	0.895502
122	161	0.95551
122	163	0.97063
122	164	0.920794
122	165	0.877188
122	166	0.913288
122	167	0.912826
122	168	0.88235
122	169	0.931416
122	170	0.914064
122	172	0.901666
122	173	0.920699
122	174	0.936523
122	175	0.932432
122	176	0.879609
122	177	0.896738
122	178	0.872418
122	179	0.911072
122	180	0.94528
123	27	0.972191
123	29	1.03002
123	61	1.0111
123	68	0.989556
123	69	0.990357
123	72	0.98121
123	86	0.686669
123	89	1.00428
123	92	0.996074
123	97	0.127698
123	98	0.982613
123	101	1.0424
123	103	1.02544
123	109	1.00727
123	113	1.03283
123	115	1.01566
123	119	0.148931
123	126	1.03292
123	127	1.02304
123	132	1.00904
123	141	0.988969
123	143	0.983129
123	146	1.00046
123	147	1.02092
123	152	0.976051
123	162	0.904312
123	168	0.880236
123	171	0.86154
123	175	1.69202
123	177	3.25125
123	179	2.71913
124	27	1.00903
124	44	0.0703374
124	54	1.04798
124	68	1.02639
124	69	1.02719
124	75	1.07415
124	80	1.0577
124	89	1.04111
124	98	1.01945
124	99	1.01451
124	100	1.00558
124	103	1.06228
124	109	1.04411
124	112	1.02733
124	113	1.06967
124	115	1.0525
124	118	0.97338
124	125	0.999619
124	127	1.05988
124	132	1.04588
124	135	0.873867
124	143	1.01997
124	146	1.0373
124	147	1.05776
124	148	2.80599
124	152	1.01289
124	162	0.94115
124	163	0.808918
124	168	0.917074
124	169	1.94682
124	171	0.898378
124	177	2.89077
125	15	1.77199
125	21	2.1973
125	33	0.746452
125	55	1.48425
125	72	0.944463
125	106	1.02132
125	109	0.970527
125	113	0.996085
125	115	0.978915
125	124	0.999619
125	127	0.986293
125	132	0.972294
125	137	1.04082
125	141	0.952223
125	143	0.946383
125	146	0.963711
125	155	0.845098
125	156	0.932975
125	157	0.846424
125	159	0.856642
125	163	0.931769
125	164	0.881933
125	165	0.838327
125	166	0.874427
125	168	0.84349
125	171	0.824794
125	174	0.897662
125	176	0.840748
125	177	0.857877
125	178	0.833557
125	179	0.872211
126	68	1.02295
126	80	1.05426
126	82	1.03692
126	83	1.03838
126	84	1.02585
126	90	1.07458
126	94	1.01061
126	96	1.00971
126	100	1.00214
126	105	1.04304
126	108	1.01764
126	112	1.02388
126	114	0.995523
126	115	1.04906
126	116	1.03186
126	122	0.844323
126	123	1.03292
126	129	1.3305
126	133	1.03794
126	141	1.02237
126	143	1.01653
126	146	1.03385
126	147	1.05432
126	149	1.32411
126	152	1.00945
126	154	1.31259
126	160	0.996256
126	162	0.937708
126	166	1.97505
126	168	0.913632
126	171	0.894936
126	177	3.15703
126	180	0.976562
127	20	0.986249
127	29	1.05353
127	54	1.03465
127	69	1.01387
127	72	1.00472
127	85	1.05081
127	89	1.02779
127	92	1.01959
127	98	1.00613
127	100	0.992256
127	101	1.06591
127	103	1.04895
127	109	1.03079
127	112	1.014
127	113	1.05634
127	115	1.03917
127	123	1.02304
127	124	1.05988
127	125	0.986293
127	129	1.62691
127	130	0.742865
127	132	1.03255
127	141	1.01248
127	143	1.00664
127	146	1.02397
127	147	1.04443
127	152	0.999562
127	153	1.70022
127	156	1.65361
127	161	1.70882
127	166	2.27146
127	168	0.903748
127	171	0.885052
128	3	2.20844
128	91	0.991512
128	115	1.40029
128	133	0.0632036
128	135	1.01486
128	138	0.95581
128	140	0.93633
128	147	1.03884
128	148	0.911803
128	155	0.872628
128	156	0.960505
128	158	0.912914
128	159	0.884171
128	160	0.959137
128	161	0.944179
128	162	0.895095
128	163	0.959299
128	164	0.909463
128	165	0.865857
128	166	0.901957
128	167	0.901495
128	169	0.920085
128	170	0.902733
128	172	0.890335
128	173	0.909368
128	174	0.925192
128	175	0.921101
128	176	0.868278
128	177	0.885407
128	178	0.861086
128	179	0.899741
129	59	1.48245
129	78	0.864782
129	101	1.76013
129	107	1.00946
129	110	1.02606
129	126	1.3305
129	127	1.62691
129	140	0.93682
129	145	0.97993
129	152	0.967323
129	154	0.964659
129	155	0.873117
129	160	0.959626
129	161	0.944668
129	162	0.895585
129	163	0.959788
129	164	0.909952
129	165	0.866346
129	166	0.902446
129	167	0.901984
129	168	0.871509
129	169	0.920574
129	170	0.903222
129	171	0.852813
129	172	0.890824
129	173	0.909857
129	174	0.925681
129	176	0.868767
129	177	0.885896
129	178	0.861576
129	179	0.90023
130	22	1.2747
130	26	0.768239
130	67	1.43259
130	92	1.50552
130	101	0.876088
130	127	0.742865
130	134	1.07401
130	136	1.07232
130	137	1.12804
130	140	0.996024
130	142	1.00221
130	148	0.971496
130	149	1.00075
130	150	0.940894
130	155	0.932321
130	157	0.933647
130	158	0.972608
130	160	1.01883
130	161	1.00387
130	163	1.01899
130	165	0.925551
130	166	0.961651
130	167	0.961188
130	168	0.930713
130	170	0.962427
130	171	0.912017
130	172	0.950029
130	173	0.969061
130	174	0.984886
130	176	0.927971
130	177	0.945101
130	178	0.92078
130	179	0.959435
131	35	0.737818
131	68	1.16957
131	91	1.03553
131	92	1.19173
131	100	0.88248
131	107	1.05298
131	121	0.996191
131	135	1.05887
131	136	1.05664
131	139	1.07675
131	140	0.980344
131	141	0.357046
131	143	1.23151
131	148	0.955817
131	149	0.98507
131	155	0.916642
131	156	1.00452
131	157	0.917968
131	158	0.956928
131	159	0.928185
131	160	1.00315
131	161	0.988193
131	164	0.953477
131	165	0.909871
131	166	0.945971
131	167	0.945509
131	169	0.964099
131	172	0.934349
131	173	0.953382
131	174	0.969206
131	176	0.912292
131	177	0.929421
131	178	0.905101
131	179	0.943755
132	20	0.97225
132	54	1.02065
132	61	1.02061
132	68	0.999069
132	72	0.990722
132	76	0.268222
132	80	1.03038
132	89	1.01379
132	98	0.992126
132	99	0.987184
132	100	0.978257
132	101	1.05191
132	103	1.03495
132	106	1.06758
132	109	1.01679
132	112	1
132	113	1.04234
132	120	0.150442
132	123	1.00904
132	124	1.04588
132	125	0.972294
132	127	1.03255
132	141	0.998482
132	143	0.992642
132	146	1.00997
132	147	1.03043
132	150	4.77389
132	152	0.985563
132	154	0.9973
132	161	1.09713
132	162	0.913825
132	164	2.09734
132	168	0.889749
132	169	1.8978
132	171	0.871053
133	7	0.968943
133	23	1.05565
133	34	1.03827
133	39	1.03687
133	41	1.0302
133	48	0.921338
133	49	1.00723
133	53	1.01073
133	55	0.98188
133	58	0.986014
133	59	0.986305
133	60	0.991844
133	67	0.97593
133	71	1.03785
133	81	1.00477
133	82	1.00853
133	83	1.01
133	90	1.0462
133	94	0.982232
133	96	0.98133
133	105	1.01466
133	108	0.989259
133	114	0.967142
133	116	1.00348
133	126	1.03794
133	128	0.0632036
133	135	0.776652
133	147	1.02594
133	148	2.19513
133	153	0.946603
133	158	1.33473
133	165	5.54724
133	170	1.43869
133	174	0.844613
133	180	0.948182
134	2	0.954888
134	19	1.04468
134	37	1.54985
134	56	1.00779
134	111	0.647342
134	113	1.0798
134	118	0.991583
134	130	1.07401
134	135	1.04809
134	137	1.10157
134	141	0.784395
134	147	0.658537
134	148	0.94503
134	149	0.974283
134	150	0.914427
134	151	0.970431
134	154	0.997396
134	158	0.946141
134	159	0.917398
134	160	0.992364
134	161	0.977406
134	163	0.992526
134	164	0.94269
134	165	0.899084
134	166	0.935184
134	167	0.934722
134	169	0.953312
134	170	0.93596
134	172	0.923562
134	173	0.942595
134	174	0.958419
134	176	0.901505
134	177	0.918634
134	178	0.894314
134	179	0.932968
135	50	1.1961
135	94	1.49499
135	109	1.19723
135	117	0.955604
135	118	0.992121
135	124	0.873867
135	128	1.01486
135	131	1.05887
135	133	0.776652
135	134	1.04809
135	136	1.04639
135	137	1.10211
135	141	0.757716
135	142	0.976287
135	145	1.01321
135	148	0.945568
135	154	0.997935
