1	82	1.37637
1	97	1.369
1	99	1.32242
1	106	1.44729
1	107	1.35571
1	113	1.42315
1	134	0.502865
1	158	0.483991
1	163	0.546531
1	164	1.2863
1	165	0.490991
1	180	0.670005
2	19	1.48449
2	36	1.23146
2	52	1.34866
2	53	0.469711
2	63	1.43849
2	69	1.36918
2	73	1.37006
2	138	0.541524
2	141	1.35369
2	143	0.502117
2	175	0.598076
2	178	0.584258
3	97	1.18931
3	99	1.14273
3	101	0.684804
3	102	0.586509
3	103	1.21569
3	106	1.2676
3	107	1.17602
3	108	1.23127
3	113	1.24346
3	161	0.648572
3	164	1.10661
3	178	0.721
4	16	1.3524
4	40	1.39063
4	44	1.36715
4	51	1.32965
4	53	0.225331
4	77	1.30238
4	87	1.5212
4	142	0.845881
4	153	1.38084
4	164	0.358864
4	168	0.831171
4	177	0.437853
5	12	1.39433
5	32	1.42294
5	62	1.3192
5	67	1.46271
5	75	1.39792
5	79	1.39745
5	85	0.441906
5	146	0.523942
5	160	0.517984
5	164	0.604237
5	172	0.60277
5	175	1.25478
6	15	1.42837
6	24	1.2442
6	49	1.28289
6	52	1.37954
6	63	1.46937
6	69	1.40006
6	73	1.40094
6	100	0.503145
6	138	0.52777
6	159	0.546748
6	166	0.539094
6	179	0.581483
7	52	0.400634
7	63	0.419546
7	64	0.4222
7	120	0.454464
7	122	0.425462
7	157	1.48778
7	172	1.39277
7	176	1.29321
7	177	1.32036
7	178	1.38606
7	179	1.39615
7	180	1.31333
8	18	1.35686
8	38	1.25192
8	64	1.48365
8	92	1.3828
8	96	1.38322
8	118	0.467315
8	125	0.559345
8	145	1.37219
8	156	0.518368
8	160	0.53707
8	167	1.37744
8	179	0.615315
9	25	1.09164
9	42	1.38179
9	59	0.607458
9	84	1.21245
9	86	1.19314
9	90	1.14966
9	120	1.17059
9	143	0.603433
9	145	1.20359
9	156	0.599606
9	167	1.20884
9	170	0.819924
10	20	1.21837
10	21	1.19588
10	37	1.14503
10	55	1.27284
10	65	1.20752
10	66	1.20625
10	125	1.1983
10	143	0.626406
10	152	0.70354
10	153	0.598381
10	165	1.21687
10	178	0.708547
11	32	1.42756
11	62	1.32382
11	67	1.46732
11	75	1.40253
11	79	1.40207
11	120	1.34906
11	158	0.458745
11	159	0.518564
11	169	0.5374
11	174	0.48436
11	175	1.25939
11	176	0.698578
12	5	1.39433
12	62	1.31835
12	67	1.46186
12	75	1.39707
12	79	1.39661
12	102	0.466749
12	122	1.3994
12	151	0.513134
12	161	0.528812
12	168	0.517245
12	173	0.675066
12	175	1.25393
13	15	0.446723
13	92	0.412849
13	103	0.432003
13	117	0.411599
13	139	0.404657
13	158	1.48063
13	160	1.45634
13	169	1.37002
13	175	1.34292
13	178	1.33077
13	179	1.34086
13	180	1.25805
14	18	1.17611
14	28	1.25923
14	64	1.3029
14	76	1.10848
14	92	1.20206
14	96	1.20247
14	118	0.577404
14	153	1.17111
14	165	0.637849
14	167	1.1967
14	168	0.630431
14	173	0.788252
15	6	1.42837
15	13	0.446723
15	24	1.27798
15	36	1.29612
15	49	1.31667
15	69	1.43384
15	73	1.43472
15	128	0.533023
15	141	1.41835
15	158	0.544629
15	168	0.54421
15	174	0.570243
16	4	1.3524
16	40	1.30039
16	43	1.29899
16	51	1.23941
16	77	1.21214
16	87	1.43096
16	145	1.31094
16	150	0.528795
16	153	1.29061
16	171	0.606187
16	172	0.619097
16	174	0.543617
16	178	0.601578
17	41	1.16814
17	82	1.3195
17	99	1.26554
17	101	0.538803
17	106	1.39042
17	107	1.29884
17	108	1.35409
17	113	1.36628
17	161	0.502572
17	164	1.22943
17	172	0.592518
17	179	0.585978
17	180	0.677438
18	8	1.35686
18	14	1.17611
18	38	1.22411
18	76	1.26141
18	92	1.35499
18	96	1.35541
18	149	0.490722
18	153	1.32405
18	158	0.514256
18	167	1.34963
18	173	0.671657
18	175	0.611649
18	179	0.60881
19	2	1.48449
19	24	1.36498
19	49	1.40367
19	52	1.50032
19	63	1.59015
19	69	1.52084
19	73	1.52172
19	146	0.460625
19	159	0.498177
19	162	0.433587
19	166	0.490523
19	172	0.539453
19	179	0.532912
20	10	1.21837
20	37	1.23982
20	55	1.36763
20	65	1.30231
20	66	1.30104
20	117	1.31735
20	118	1.37969
20	136	0.588312
20	149	0.53513
20	153	0.532072
20	164	0.661225
20	165	1.31166
20	174	0.584278
21	10	1.19588
21	26	1.47819
21	37	1.21733
21	55	1.34514
21	65	1.27982
21	66	1.27854
21	118	1.35719
21	159	0.544946
21	165	1.28917
21	168	0.484708
21	170	0.703052
21	175	0.58252
21	179	0.579681
22	85	0.511866
22	119	1.34891
22	121	0.514887
22	129	1.29172
22	133	1.31197
22	135	1.29927
22	140	1.28718
22	144	1.32815
22	154	1.31479
22	159	0.631453
22	164	1.20577
22	168	0.571216
22	171	0.659819
23	39	1.442
23	54	1.33275
23	68	1.41243
23	88	1.38543
23	89	1.3749
23	91	1.4522
23	94	1.33691
23	118	1.48607
23	143	0.507502
23	150	0.516861
23	152	0.584637
23	162	0.501297
23	165	0.513067
23	174	0.531683
24	6	1.2442
24	15	1.27798
24	19	1.36498
24	36	1.11194
24	49	1.1325
24	52	1.22915
24	63	1.31897
24	69	1.24967
24	73	1.25055
24	85	0.529223
24	137	0.630035
24	147	0.570612
24	173	0.746394
24	174	0.614607
25	9	1.09164
25	34	1.29009
25	42	1.42597
25	83	0.603621
25	84	1.25664
25	86	1.23732
25	90	1.19384
25	120	1.21477
25	138	0.605943
25	141	1.25519
25	163	0.627642
25	166	0.617267
25	167	1.25302
25	169	0.643758
26	21	1.47819
26	37	1.42735
26	55	1.55515
26	65	1.48983
26	66	1.48856
26	117	1.50488
26	137	0.473391
26	152	0.510917
26	162	0.427577
26	165	1.49918
26	166	0.484513
26	172	0.533443
26	179	0.526903
27	33	1.34172
27	45	1.43757
27	46	1.43863
27	47	1.43114
27	50	1.37648
27	70	1.48489
27	100	0.431718
27	103	1.43993
27	109	0.439489
27	150	0.426294
27	153	0.920026
27	157	0.447458
27	169	0.494156
27	175	1.31678
28	14	1.25923
28	31	1.45333
28	76	1.34453
28	92	1.43811
28	96	1.43852
28	116	0.492226
28	121	0.435658
28	142	0.506696
28	145	1.4275
28	153	1.40716
28	155	0.552627
28	162	0.487634
28	167	1.43275
28	180	0.67842
29	54	1.33193
29	56	0.392413
29	58	1.47852
29	68	1.41161
29	88	1.38462
29	89	1.37409
29	91	1.45139
29	94	1.3361
29	101	0.516989
29	109	0.493599
29	138	0.510451
29	141	1.44942
29	169	0.548265
29	170	0.687536
30	48	1.39874
30	54	1.15832
30	58	1.3049
30	59	0.5619
30	68	1.238
30	83	0.594958
30	88	1.21101
30	89	1.20047
30	91	1.27777
30	94	1.16248
30	141	1.2758
30	164	0.659002
30	165	0.563439
30	173	0.713842
31	28	1.45333
31	64	1.497
31	76	1.30258
31	92	1.39615
31	96	1.39657
31	105	0.47275
31	130	0.48126
31	145	1.38554
31	146	0.519167
31	153	1.36521
31	160	0.51321
31	167	1.3908
31	169	0.575555
31	172	0.597995
32	5	1.42294
32	11	1.42756
32	62	1.34697
32	67	1.49047
32	75	1.42568
32	79	1.42522
32	83	0.511817
32	124	1.40654
32	138	0.51414
32	157	0.505256
32	164	0.575861
32	169	0.551954
32	174	0.498914
32	175	1.28254
33	27	1.34172
33	45	1.2601
33	46	1.26116
33	47	1.25368
33	50	1.19901
33	70	1.30742
33	103	1.26246
33	117	1.2429
33	136	0.584775
33	151	0.550595
33	161	0.566274
33	164	0.657687
33	175	1.13931
33	180	0.74114
34	25	1.29009
34	42	1.58023
34	61	1.39056
34	84	1.4109
34	86	1.39158
34	90	1.3481
34	136	0.517319
34	142	0.501961
34	145	1.40203
34	146	0.509937
34	150	0.498463
34	159	0.547489
34	167	1.40728
34	175	0.585063
35	39	0.500402
35	49	0.503458
35	112	0.519202
35	136	1.33721
35	141	0.480986
35	154	0.495284
35	158	1.39317
35	163	1.30016
35	170	1.16241
35	176	1.15046
35	177	1.17761
35	178	1.2433
35	179	1.25339
35	180	1.17058
36	2	1.23146
36	15	1.29612
36	24	1.11194
36	49	1.15063
36	52	1.24728
36	63	1.33711
36	69	1.2678
36	73	1.26868
36	116	0.515366
36	141	1.25231
36	164	0.618107
36	169	0.594201
36	173	0.672947
36	177	0.697097
37	10	1.14503
37	20	1.23982
37	21	1.21733
37	26	1.42735
37	55	1.29429
37	65	1.22897
37	66	1.2277
37	125	1.21975
37	149	0.548122
37	150	0.582448
37	153	0.545065
37	165	1.23832
37	172	0.67275
37	177	0.753207
38	8	1.25192
38	18	1.22411
38	64	1.3509
38	74	0.541843
38	76	1.15648
38	92	1.25005
38	96	1.25047
38	134	0.603798
38	145	1.23944
38	153	1.21911
38	157	0.616881
38	167	1.2447
38	169	0.663579
38	178	0.6685
39	23	1.442
39	35	0.500402
39	54	1.24883
39	68	1.3285
39	88	1.30151
39	89	1.29098
39	91	1.36828
39	94	1.25299
39	109	0.523222
39	118	1.40214
39	141	1.36631
39	151	0.494703
39	165	0.506233
39	178	0.582809
39	180	0.685247
40	4	1.39063
40	16	1.30039
40	43	1.33722
40	44	1.31514
40	51	1.27764
40	77	1.25037
40	87	1.46919
40	124	1.35049
40	145	1.34917
40	150	0.546929
40	156	0.533744
40	161	0.547285
40	163	0.598676
40	165	0.543136
40	166	0.588301
41	17	1.16814
41	57	1.19894
41	71	1.22389
41	72	1.23114
41	81	1.23093
41	97	1.16392
41	106	1.24221
41	107	1.15063
41	108	1.20588
41	113	1.21807
41	123	0.652902
41	147	0.547352
41	168	0.565313
41	170	0.783657
41	177	0.747282
42	9	1.38179
42	25	1.42597
42	34	1.58023
42	60	0.473472
42	61	1.52644
42	86	1.52746
42	90	1.48398
42	125	0.476663
42	142	0.45237
42	145	1.53791
42	149	0.414546
42	152	0.516648
42	160	0.454389
42	167	1.54317
42	180	0.624093
43	16	1.29899
43	40	1.33722
43	44	1.31374
43	77	1.24897
43	87	1.46779
43	111	1.3183
43	116	0.542338
43	124	1.3491
43	138	0.583358
43	145	1.34777
43	149	0.518984
43	151	0.537987
43	152	0.621086
43	153	1.32744
43	165	0.549517
44	4	1.36715
44	40	1.31514
44	43	1.31374
44	48	1.45604
44	51	1.25415
44	77	1.22689
44	87	1.4457
44	109	0.497869
44	124	1.32701
44	125	0.512465
44	145	1.32568
44	150	0.484673
44	164	0.576442
44	172	0.574975
44	176	0.713714
45	27	1.43757
45	33	1.2601
45	46	1.35701
45	47	1.34952
45	50	1.29486
45	59	0.538019
45	70	1.40326
45	117	1.33874
45	122	1.38063
45	146	0.554826
45	156	0.530167
45	157	0.564516
45	162	0.527788
45	164	0.635121
45	175	1.23516
46	27	1.43863
46	33	1.26116
46	45	1.35701
46	47	1.35058
46	50	1.29592
46	70	1.40432
46	83	1.30111
46	122	1.38169
46	151	0.527829
46	161	0.543508
46	166	0.584524
46	168	0.531941
46	169	0.611014
46	174	0.557974
46	175	1.23622
47	27	1.43114
47	33	1.25368
47	45	1.34952
47	46	1.35058
47	50	1.28844
47	70	1.39684
47	103	1.35188
47	122	1.37421
47	152	0.551003
47	156	0.470042
47	160	0.488743
47	163	0.534973
47	175	1.22873
47	177	0.653985
47	180	0.658448
48	30	1.39874
48	44	1.45604
48	77	1.39127
48	80	1.39475
48	86	0.463955
48	89	1.42215
48	94	1.38416
48	112	1.41976
48	134	0.472781
48	143	0.455342
48	146	0.476174
48	153	1.46974
48	154	1.49048
48	168	0.453489
48	175	0.551301
48	177	0.635459
49	6	1.28289
49	15	1.31667
49	19	1.40367
49	24	1.1325
49	35	0.503458
49	36	1.15063
49	52	1.26784
49	63	1.35766
49	69	1.28836
49	73	1.28924
49	125	0.540874
49	141	1.27287
49	143	0.503724
49	172	0.603385
49	173	0.659692
49	180	0.688304
50	27	1.37648
50	33	1.19901
50	45	1.29486
50	46	1.29592
50	47	1.28844
50	70	1.34218
50	83	1.23897
50	117	1.27766
50	122	1.31955
50	153	0.502424
50	157	0.560971
50	161	0.540163
50	173	0.686416
50	174	0.554629
50	175	1.17407
50	180	0.715029
51	4	1.32965
51	16	1.23941
51	40	1.27764
51	44	1.25415
51	77	1.18939
51	87	1.4082
51	111	1.25871
51	116	0.547901
51	124	1.28951
51	145	1.28818
51	153	1.26785
51	155	0.608302
51	156	0.545688
51	157	0.580037
51	169	0.626735
51	175	0.645474
52	2	1.34866
52	6	1.37954
52	7	0.400634
52	19	1.50032
52	24	1.22915
52	36	1.24728
52	49	1.26784
52	63	1.45431
52	69	1.385
52	73	1.38588
52	125	0.513867
52	141	1.36951
52	152	0.553851
52	159	0.535101
52	161	0.486431
52	170	0.693208
52	172	0.576377
53	2	0.469711
53	4	0.225331
53	106	0.467728
53	108	0.467097
53	112	0.487062
53	114	0.51184
53	115	0.477806
53	162	1.48939
53	168	1.44847
53	171	1.34392
53	172	1.34537
53	173	1.2936
53	174	1.42329
53	177	1.27297
53	178	1.33866
53	179	1.34875
53	180	1.26594
54	23	1.33275
54	29	1.33193
54	30	1.15832
54	39	1.24883
54	58	1.28616
54	68	1.21926
54	88	1.19226
54	89	1.18173
54	91	1.25903
54	94	1.14374
54	102	0.529914
54	121	0.524082
54	141	1.25706
54	147	0.56245
54	158	0.58083
54	170	0.798755
54	177	0.762381
55	10	1.27284
55	20	1.36763
55	21	1.34514
55	26	1.55515
55	37	1.29429
55	65	1.35678
55	66	1.35551
55	100	0.47696
55	117	1.37182
55	125	1.34756
55	160	0.477053
55	161	0.471891
55	165	1.36613
55	169	0.539398
55	170	0.678669
55	173	0.618145
55	179	0.555298
56	29	0.392413
56	76	0.481898
56	79	0.428261
56	93	0.43815
56	96	0.449985
56	99	0.437913
56	108	0.420871
56	149	1.50887
56	161	1.42637
56	168	1.43061
56	171	1.32607
56	172	1.32752
56	174	1.40543
56	177	1.25511
56	178	1.32081
56	179	1.3309
56	180	1.24808
57	41	1.19894
57	71	1.40289
57	72	1.41014
57	81	1.40993
57	82	1.35029
57	97	1.34293
57	99	1.29634
57	106	1.42121
57	108	1.38488
57	113	1.39707
57	136	0.513527
57	151	0.479347
57	159	0.543697
57	165	0.490877
57	168	0.483459
57	173	0.641279
57	177	0.665429
58	29	1.47852
58	30	1.3049
58	54	1.28616
58	68	1.36584
58	88	1.33885
58	89	1.32831
58	91	1.40562
58	94	1.29032
58	101	0.547419
58	103	1.3967
58	126	0.498713
58	130	0.484399
58	141	1.40364
58	164	0.602601
58	168	0.499621
58	171	0.588224
58	179	0.594594
59	9	0.607458
59	30	0.5619
59	45	0.538019
59	69	0.472134
59	79	0.510917
59	120	0.534572
59	137	1.31055
59	146	1.34631
59	150	1.35706
59	163	1.26766
59	170	1.1299
59	173	1.16573
59	174	1.29542
59	177	1.1451
59	178	1.2108
59	179	1.22089
59	180	1.13807
60	42	0.473472
60	61	0.545192
60	68	0.547415
60	91	0.504266
60	140	0.549811
60	152	1.28287
60	157	1.33899
60	166	1.31019
60	167	0.492679
60	171	1.24252
60	172	1.24397
60	173	1.1922
60	176	1.14442
60	177	1.17157
60	178	1.23726
60	179	1.24735
60	180	1.16454
61	34	1.39056
61	42	1.52644
61	60	0.545192
61	84	1.3571
61	86	1.33779
61	90	1.29431
61	105	0.485649
61	111	1.31876
61	120	1.31524
61	128	0.498193
61	141	1.35565
61	143	0.511233
61	145	1.34824
61	146	0.532066
61	155	0.57002
61	164	0.612361
61	167	1.35349
62	5	1.3192
62	11	1.32382
62	12	1.31835
62	32	1.34697
62	67	1.38673
62	75	1.32194
62	79	1.32147
62	102	0.457509
62	120	1.26847
62	122	1.32427
62	124	1.3028
62	137	0.549468
62	159	0.568244
62	165	0.515424
62	169	0.58708
62	175	1.1788
62	176	0.748258
62	178	0.592
63	2	1.43849
63	6	1.46937
63	7	0.419546
63	19	1.59015
63	24	1.31897
63	36	1.33711
63	49	1.35766
63	52	1.45431
63	69	1.47483
63	73	1.47571
63	104	0.510469
63	128	0.482589
63	141	1.45934
63	157	0.526152
63	162	0.489424
63	168	0.493776
63	174	0.51981
63	178	0.577771
64	7	0.4222
64	8	1.48365
64	14	1.3029
64	31	1.497
64	38	1.3509
64	76	1.3882
64	92	1.48178
64	96	1.4822
64	118	0.443402
64	121	0.440101
64	143	0.498283
64	145	1.47117
64	151	0.492318
64	153	1.45084
64	155	0.55707
64	163	0.559388
64	167	1.47642
64	175	0.594242
65	10	1.20752
65	20	1.30231
65	21	1.27982
65	26	1.48983
65	37	1.22897
65	55	1.35678
65	66	1.29019
65	116	0.518633
65	117	1.3065
65	118	1.36884
65	123	0.605983
65	125	1.28224
65	162	0.514042
65	164	0.621375
65	165	1.30081
65	169	0.597468
65	174	0.544428
65	179	0.613367
66	10	1.20625
66	20	1.30104
66	21	1.27854
66	26	1.48856
66	37	1.2277
66	55	1.35551
66	65	1.29019
66	83	0.575672
66	117	1.30523
66	118	1.36756
66	125	1.28097
66	142	0.551445
66	156	0.534762
66	158	0.537154
66	160	0.553464
66	165	1.29954
66	175	0.634547
66	179	0.631709
67	5	1.46271
67	11	1.46732
67	12	1.46186
67	32	1.49047
67	62	1.38673
67	75	1.46545
67	79	1.46498
67	101	0.449352
67	104	0.418247
67	120	1.41198
67	122	1.46778
67	158	0.401973
67	164	0.504535
67	169	0.480628
67	170	0.619899
67	173	0.559375
67	175	1.3223
67	176	0.641806
68	23	1.41243
68	29	1.41161
68	30	1.238
68	39	1.3285
68	54	1.21926
68	58	1.36584
68	60	0.547415
68	88	1.27194
68	89	1.26141
68	91	1.33871
68	94	1.22342
68	103	1.3298
68	105	0.487872
68	149	0.488489
68	155	0.572244
68	159	0.571841
68	174	0.537637
68	176	0.751856
69	2	1.36918
69	6	1.40006
69	15	1.43384
69	19	1.52084
69	24	1.24967
69	36	1.2678
69	49	1.28836
69	52	1.385
69	59	0.472134
69	63	1.47483
69	73	1.40641
69	125	0.505258
69	141	1.39004
69	143	0.468108
69	153	0.440083
69	164	0.569236
69	173	0.624076
69	174	0.492289
69	177	0.648225
70	27	1.48489
70	33	1.30742
70	45	1.40326
70	46	1.40432
70	47	1.39684
70	50	1.34218
70	83	1.34737
70	101	0.567967
70	103	1.40562
70	117	1.38606
70	122	1.42795
70	142	0.534879
70	147	0.502208
70	150	0.531381
70	157	0.552545
70	160	0.536897
70	161	0.531736
70	168	0.520169
70	175	1.28248
71	41	1.22389
71	57	1.40289
71	72	1.43509
71	81	1.43488
71	82	1.37524
71	97	1.36787
71	99	1.32129
71	106	1.44616
71	107	1.35458
71	108	1.40983
71	113	1.42202
71	118	0.478595
71	142	0.546332
71	146	0.554308
71	147	0.513662
71	153	0.505451
71	155	0.592263
71	160	0.548351
71	168	0.531623
72	41	1.23114
72	57	1.41014
72	71	1.43509
72	81	1.44212
72	97	1.37512
72	99	1.32854
72	104	0.52851
72	106	1.45341
72	107	1.36183
72	108	1.41708
72	113	1.42927
72	149	0.488703
72	151	0.507706
72	157	0.544193
72	163	0.574775
72	164	1.29242
72	165	0.519236
72	168	0.511817
72	171	0.600421
73	2	1.37006
73	6	1.40094
73	15	1.43472
73	19	1.52172
73	24	1.25055
73	36	1.26868
73	49	1.28924
73	52	1.38588
73	63	1.47571
73	69	1.40641
73	85	0.42645
73	109	0.510207
73	116	0.486039
73	141	1.39092
73	155	0.54644
73	156	0.483826
73	157	0.518176
73	164	0.588781
73	170	0.704144
74	38	0.541843
74	80	0.513213
74	113	0.464979
74	120	0.486032
74	121	1.48117
74	127	0.500843
74	129	0.483043
74	146	1.36423
74	148	0.454583
74	149	1.41678
74	169	1.26796
74	171	1.23397
74	172	1.23543
74	173	1.18365
74	174	1.31334
74	176	1.13587
74	177	1.16302
74	178	1.22871
74	180	1.15599
75	5	1.39792
75	11	1.40253
75	12	1.39707
75	32	1.42568
75	62	1.32194
75	67	1.46545
75	79	1.40019
75	109	0.5036
75	120	1.34719
75	122	1.40299
75	124	1.38151
75	125	0.518196
75	158	0.479612
75	162	0.474841
75	164	0.582174
75	172	0.580707
75	175	1.25751
75	178	0.563187
75	179	0.574166
76	14	1.10848
76	18	1.26141
76	28	1.34453
76	31	1.30258
76	38	1.15648
76	56	0.481898
76	64	1.3882
76	83	1.21897
76	92	1.28736
76	96	1.28777
76	145	1.27675
76	153	1.25641
76	161	0.570243
76	162	0.554324
76	165	0.566094
76	166	0.611259
76	167	1.282
76	173	0.716496
76	175	0.656488
77	4	1.30238
77	16	1.21214
77	40	1.25037
77	43	1.24897
77	44	1.22689
77	48	1.39127
77	51	1.18939
77	85	0.48303
77	87	1.38094
77	104	0.559073
77	111	1.23144
77	124	1.26224
77	142	0.55709
77	145	1.26092
77	153	1.24058
77	165	0.549798
77	173	0.7002
77	175	0.640192
77	177	0.72435
78	93	1.30113
78	95	1.29784
78	98	1.2547
78	110	1.26798
78	114	1.23122
78	115	1.27335
78	132	1.27779
78	135	1.26855
78	137	0.551037
78	138	0.550835
78	139	1.27532
78	140	1.25646
78	148	1.28713
78	151	0.505463
78	154	1.28407
78	163	0.572533
78	169	0.588649
78	176	0.749827
78	180	0.696008
79	5	1.39745
79	11	1.40207
79	12	1.39661
79	32	1.42522
79	56	0.428261
79	59	0.510917
79	62	1.32147
79	67	1.46498
79	75	1.40019
79	109	0.529446
79	120	1.34672
79	122	1.40252
79	124	1.38105
79	143	0.506891
79	151	0.500927
79	155	0.565679
79	165	0.512457
79	171	0.593642
79	175	1.25705
80	48	1.39475
80	74	0.513213
80	95	1.27857
80	127	1.23518
80	129	1.24173
80	131	1.25422
80	132	1.25852
80	133	1.26198
80	135	1.24928
80	139	1.25605
80	140	1.23719
80	148	1.26786
80	149	0.532761
80	151	0.551763
80	154	1.2648
80	158	0.556294
80	161	0.567442
80	176	0.796127
80	178	0.63987
81	41	1.23093
81	57	1.40993
81	71	1.43488
81	72	1.44212
81	97	1.37491
81	99	1.32832
81	105	0.483348
81	106	1.4532
81	107	1.36162
81	108	1.41687
81	113	1.42906
81	146	0.529765
81	149	0.483966
81	158	0.507499
81	162	0.502728
81	163	0.570038
81	164	1.29221
81	172	0.608593
81	178	0.591074
82	1	1.37637
82	17	1.3195
82	57	1.35029
82	71	1.37524
82	83	0.536363
82	97	1.31527
82	99	1.26869
82	101	0.545224
82	106	1.39356
82	107	1.30198
82	108	1.35723
82	111	1.3117
82	113	1.36942
82	143	0.499279
82	153	0.471254
82	164	1.23257
82	169	0.5765
82	171	0.586029
82	177	0.679396
82	178	0.58142
83	25	0.603621
83	30	0.594958
83	32	0.511817
83	46	1.30111
83	50	1.23897
83	66	0.575672
83	70	1.34737
83	76	1.21897
83	82	0.536363
83	92	1.31255
83	96	1.31296
83	119	0.515848
83	139	0.541081
83	143	1.31555
83	167	1.30719
83	175	1.17927
83	176	1.07427
83	177	1.10142
83	179	1.1772
83	180	1.09439
84	9	1.21245
84	25	1.25664
84	34	1.4109
84	61	1.3571
84	86	1.35813
84	90	1.31465
84	101	1.29044
84	109	0.523353
84	111	1.33911
84	120	1.33558
84	137	0.540407
84	138	0.540205
84	141	1.376
84	145	1.36858
84	149	0.475831
84	150	0.510157
84	164	0.601926
84	167	1.37383
84	175	0.596757
84	180	0.685378
85	5	0.441906
85	22	0.511866
85	24	0.529223
85	73	0.42645
85	77	0.48303
85	94	0.540806
85	112	0.458265
85	122	0.440342
85	136	1.40922
85	155	1.37755
85	159	1.38206
85	160	1.44089
85	168	1.42512
85	169	1.35457
85	170	1.23442
85	171	1.32057
85	176	1.22248
85	177	1.24962
85	178	1.31532
85	180	1.24259
86	9	1.19314
86	25	1.23732
86	34	1.39158
86	42	1.52746
86	48	0.463955
86	61	1.33779
86	84	1.35813
86	90	1.29533
86	101	1.27112
86	111	1.31979
86	134	0.541105
86	137	0.563275
86	141	1.35668
86	145	1.34926
86	147	0.503852
86	152	0.6008
86	155	0.582453
86	164	0.624793
86	165	0.529231
86	167	1.35451
87	4	1.5212
87	16	1.43096
87	40	1.46919
87	43	1.46779
87	44	1.4457
87	51	1.4082
87	77	1.38094
87	102	0.417432
87	111	1.45026
87	124	1.48106
87	128	0.456742
87	137	0.509391
87	145	1.47973
87	153	1.4594
87	164	0.570909
87	165	0.475347
87	166	0.520512
87	168	0.467929
87	173	0.625749
87	174	0.493962
88	23	1.38543
88	29	1.38462
88	30	1.21101
88	39	1.30151
88	54	1.19226
88	58	1.33885
88	68	1.27194
88	89	1.23442
88	91	1.31172
88	94	1.19643
88	103	1.30281
88	118	1.34558
88	125	0.564085
88	130	0.50986
88	141	1.30975
88	152	0.604069
88	156	0.523108
88	160	0.54181
88	174	0.551115
88	176	0.765334
88	179	0.620055
89	23	1.3749
89	29	1.37409
89	30	1.20047
89	39	1.29098
89	48	1.42215
89	54	1.18173
89	58	1.32831
89	68	1.26141
89	88	1.23442
89	91	1.30118
89	94	1.18589
89	118	1.33505
89	126	0.502446
89	130	0.488132
89	136	0.533422
89	141	1.29921
89	146	0.526039
89	165	0.510772
89	176	0.743606
89	177	0.685323
89	180	0.689787
90	9	1.14966
90	25	1.19384
90	34	1.3481
90	42	1.48398
90	61	1.29431
90	84	1.31465
90	86	1.29533
90	101	1.22764
90	111	1.27631
90	118	0.480056
90	120	1.27279
90	123	0.620672
90	137	0.574545
90	141	1.3132
90	145	1.30579
90	153	0.506911
90	166	0.585667
90	167	1.31104
90	174	0.559117
90	179	0.628056
90	180	0.719516
91	23	1.4522
91	29	1.45139
91	30	1.27777
91	39	1.36828
91	54	1.25903
91	58	1.40562
91	60	0.504266
91	68	1.33871
91	88	1.31172
91	89	1.30118
91	94	1.2632
91	101	0.516253
91	103	1.36958
91	118	1.41235
91	125	0.507458
91	141	1.37652
91	142	0.483164
91	143	0.470308
91	155	0.529095
91	156	0.466481
91	170	0.686799
91	176	0.708707
92	8	1.3828
92	13	0.412849
92	14	1.20206
92	18	1.35499
92	28	1.43811
92	31	1.39615
92	38	1.25005
92	64	1.48178
92	76	1.28736
92	83	1.31255
92	96	1.38135
92	125	0.549339
92	138	0.551595
92	145	1.37033
92	146	0.533021
92	151	0.506224
92	153	1.34999
92	162	0.505984
92	167	1.37558
92	171	0.598939
92	172	0.611849
92	179	0.605309
93	56	0.43815
93	78	1.30113
93	112	1.30688
93	114	1.32474
93	127	1.34798
93	129	1.35453
93	131	1.36702
93	132	1.37131
93	134	0.534221
93	135	1.36208
93	139	1.36885
93	140	1.34999
93	144	1.39096
93	147	0.496967
93	148	1.38066
93	151	0.510817
93	154	1.3776
93	158	0.515347
93	160	0.531657
93	171	0.603532
93	174	0.540962
93	180	0.701361
94	23	1.33691
94	29	1.3361
94	30	1.16248
94	39	1.25299
94	48	1.38416
94	54	1.14374
94	58	1.29032
94	68	1.22342
94	85	0.540806
94	88	1.19643
94	89	1.18589
94	91	1.2632
94	103	1.25428
94	118	1.29706
94	121	0.543828
94	126	0.599249
94	134	0.619449
94	141	1.26122
94	147	0.582196
94	162	0.595804
94	166	0.65274
94	169	0.67923
95	78	1.29784
95	80	1.27857
95	100	0.540772
95	114	1.32145
95	115	1.36358
95	119	1.40843
95	127	1.34468
95	128	0.51295
95	132	1.36802
95	133	1.37148
95	134	0.543429
95	139	1.36555
95	144	1.38766
95	146	0.546822
95	148	1.37736
95	149	0.501022
95	154	1.3743
95	159	0.584374
95	161	0.535704
95	165	1.34911
95	174	0.55017
95	179	0.61911
96	8	1.38322
96	14	1.20247
96	18	1.35541
96	28	1.43852
96	31	1.39657
96	38	1.25047
96	56	0.449985
96	64	1.4822
96	76	1.28777
96	83	1.31296
96	92	1.38135
96	126	0.525856
96	128	0.515576
96	136	0.556831
96	145	1.37074
96	150	0.537975
96	153	1.35041
96	160	0.543491
96	163	0.589721
96	165	0.534182
96	167	1.37599
96	172	0.628277
97	1	1.369
97	3	1.18931
97	41	1.16392
97	57	1.34293
97	71	1.36787
97	72	1.37512
97	81	1.37491
97	82	1.31527
97	99	1.26132
97	106	1.38619
97	107	1.29461
97	108	1.34987
97	113	1.36205
97	137	0.577056
97	147	0.517633
97	149	0.512479
97	153	0.509422
97	159	0.595832
97	162	0.531242
97	164	1.22521
97	165	0.543012
97	171	0.624197
97	180	0.722027
98	78	1.2547
98	112	1.26044
98	121	0.478396
98	126	0.533818
98	127	1.30154
98	128	0.523539
98	129	1.3081
98	130	0.519504
98	131	1.32058
98	132	1.32488
98	133	1.32834
98	135	1.31565
98	139	1.32241
98	140	1.30355
98	144	1.34452
98	148	1.33423
98	154	1.33116
98	156	0.532752
98	158	0.535145
98	167	1.33601
98	170	0.75307
98	171	0.623329
98	172	0.636239
99	1	1.32242
99	3	1.14273
99	17	1.26554
99	56	0.437913
99	57	1.29634
99	71	1.32129
99	72	1.32854
99	81	1.32832
99	82	1.26869
99	97	1.26132
99	106	1.33961
99	107	1.24803
99	108	1.30328
99	111	1.25775
99	113	1.31547
99	126	0.513784
99	130	0.49947
99	147	0.49673
99	163	0.577649
99	164	1.17862
99	166	0.567275
99	170	0.733036
99	176	0.754943
99	177	0.696661
100	6	0.503145
100	27	0.431718
100	55	0.47696
100	95	0.540772
100	108	0.514285
100	127	0.56014
100	134	1.35058
100	136	1.33159
100	138	1.34277
100	145	0.488421
100	154	0.510332
100	157	1.33941
100	159	1.30442
100	162	1.38841
100	163	1.29455
100	167	0.473503
100	169	1.27694
100	171	1.24294
100	172	1.2444
100	173	1.19262
100	174	1.32231
100	176	1.14484
100	178	1.23768
100	180	1.16496
101	3	0.684804
101	17	0.538803
101	29	0.516989
101	58	0.547419
101	67	0.449352
101	70	0.567967
101	82	0.545224
101	84	1.29044
101	86	1.27112
101	90	1.22764
101	91	0.516253
101	103	0.577289
101	110	1.26589
101	119	1.31611
101	140	1.25437
101	141	1.28899
101	144	1.29534
101	154	1.28198
101	158	1.29661
101	163	1.20361
101	166	1.21968
101	167	1.28683
101	168	1.25655
101	171	1.15201
101	180	1.07402
102	3	0.586509
102	12	0.466749
102	54	0.529914
102	62	0.457509
102	87	0.417432
102	133	0.471927
102	135	0.458505
102	139	0.451647
102	144	0.410448
102	146	1.45112
102	154	0.4432
102	159	1.38235
102	161	1.42117
102	162	1.46634
102	170	1.23472
102	171	1.32087
102	172	1.32232
102	173	1.27054
102	174	1.40023
102	175	1.32776
102	176	1.22277
102	177	1.24991
102	178	1.31561
102	179	1.3257
102	180	1.24288
103	3	1.21569
103	13	0.432003
103	27	1.43993
103	33	1.26246
103	47	1.35188
103	58	1.3967
103	68	1.3298
103	70	1.40562
103	88	1.30281
103	91	1.36958
103	94	1.25428
103	101	0.577289
103	107	1.32099
103	108	1.37624
103	111	1.33072
103	113	1.38843
103	121	0.473161
103	138	0.57075
103	143	0.531343
103	151	0.525379
103	153	0.503319
103	158	0.529909
103	175	1.23752
103	178	0.613485
103	180	0.715923
104	63	0.510469
104	67	0.418247
104	72	0.52851
104	77	0.559073
104	110	0.522007
104	111	0.547757
104	117	0.525779
104	127	0.560198
104	132	0.530646
104	149	1.3863
104	150	1.3445
104	151	1.35877
104	157	1.29996
104	158	1.3481
104	159	1.26497
104	161	1.30379
104	163	1.2551
104	172	1.20495
104	173	1.15317
104	174	1.28286
104	176	1.10539
104	177	1.13254
104	178	1.19823
104	179	1.20833
104	180	1.12551
105	31	0.47275
105	61	0.485649
105	68	0.487872
105	81	0.483348
105	107	0.487189
105	115	0.484628
105	124	0.463454
105	133	0.498692
105	135	0.48527
105	137	1.34941
105	140	0.490268
105	147	1.39829
105	151	1.41019
105	156	1.39654
105	159	1.3164
105	160	1.37523
105	162	1.40039
105	164	1.27588
105	166	1.32259
105	170	1.16877
105	174	1.33428
105	176	1.15682
105	177	1.18397
105	178	1.24966
105	179	1.25975
105	180	1.17694
106	1	1.44729
106	3	1.2676
106	17	1.39042
106	41	1.24221
106	53	0.467728
106	57	1.42121
106	71	1.44616
106	72	1.45341
106	81	1.4532
106	82	1.39356
106	97	1.38619
106	99	1.33961
106	107	1.3729
106	108	1.42815
106	113	1.44034
106	130	0.48306
106	149	0.475167
106	153	0.472109
106	159	0.558519
106	160	0.515009
106	164	1.30349
106	165	0.505699
106	166	0.550865
106	169	0.577355
106	175	0.596093
106	179	0.593254
107	1	1.35571
107	3	1.17602
107	17	1.29884
107	41	1.15063
107	71	1.35458
107	72	1.36183
107	81	1.36162
107	82	1.30198
107	97	1.29461
107	99	1.24803
107	103	1.32099
107	105	0.487189
107	106	1.3729
107	108	1.33657
107	111	1.29104
107	113	1.34876
107	150	0.522132
107	157	0.543296
107	161	0.522487
107	164	1.21191
107	165	0.518338
107	168	0.51092
107	169	0.589994
107	171	0.599524
107	176	0.751172
107	177	0.69289
108	3	1.23127
108	17	1.35409
108	41	1.20588
108	53	0.467097
108	56	0.420871
108	57	1.38488
108	71	1.40983
108	72	1.41708
108	81	1.41687
108	82	1.35723
108	97	1.34987
108	99	1.30328
108	100	0.514285
108	103	1.37624
108	106	1.42815
108	107	1.33657
108	111	1.34629
108	113	1.40401
108	116	0.497889
108	147	0.479688
108	156	0.495676
108	164	1.26716
108	168	0.497649
108	171	0.586253
108	175	0.595461
108	176	0.737901
108	178	0.581644
109	27	0.439489
109	29	0.493599
109	39	0.523222
109	44	0.497869
109	73	0.510207
109	75	0.5036
109	79	0.529446
109	84	0.523353
109	112	0.542022
109	122	0.5241
109	126	1.38369
109	138	1.36914
109	142	1.36395
109	150	1.41032
109	155	1.32629
109	159	1.3308
109	168	1.37386
109	169	1.30331
109	171	1.26932
109	173	1.21899
109	174	1.34868
109	176	1.17122
109	177	1.19836
109	178	1.26406
109	179	1.27415
109	180	1.19133
110	78	1.26798
110	101	1.26589
110	104	0.522007
110	112	1.27372
110	114	1.29159
110	119	1.37857
110	127	1.31482
110	130	0.490093
110	131	1.33386
110	132	1.33816
110	133	1.34162
110	134	0.524607
110	135	1.32893
110	137	0.546776
110	139	1.33569
110	140	1.31683
110	144	1.3578
110	147	0.487353
110	148	1.3475
110	154	1.34444
110	161	0.516881
110	164	1.23543
110	165	1.31926
110	171	0.593918
110	174	0.531348
110	175	0.603126
110	177	0.687284
110	180	0.691747
111	43	1.3183
111	51	1.25871
111	61	1.31876
111	77	1.23144
111	82	1.3117
111	84	1.33911
111	86	1.31979
111	87	1.45026
111	90	1.27631
111	99	1.25775
111	103	1.33072
111	104	0.547757
111	107	1.29104
111	108	1.34629
111	113	1.35848
111	126	0.530157
111	145	1.33024
111	146	0.55375
111	149	0.50795
111	153	1.30991
111	155	0.591704
111	162	0.526712
111	163	0.594022
111	165	0.538483
111	167	1.33549
111	174	0.557098
111	178	0.615059
111	179	0.626037
112	35	0.519202
112	48	1.41976
112	53	0.487062
112	85	0.458265
112	93	1.30688
112	98	1.26044
112	109	0.542022
112	110	1.27372
112	114	1.23696
112	115	1.27909
112	119	1.32394
112	120	1.25641
112	121	0.461286
112	123	0.605204
112	132	1.28353
112	133	1.287
112	135	1.2743
112	139	1.28107
112	140	1.2622
112	144	1.30317
112	148	1.29288
112	154	1.28982
112	156	0.515641
112	159	0.577853
112	165	1.26463
112	167	1.29466
112	170	0.735959
112	171	0.606218
112	180	0.704048
113	1	1.42315
113	3	1.24346
113	17	1.36628
113	41	1.21807
113	57	1.39707
113	71	1.42202
113	72	1.42927
113	74	0.464979
113	81	1.42906
113	82	1.36942
113	97	1.36205
113	99	1.31547
113	103	1.38843
113	106	1.44034
113	107	1.34876
113	108	1.40401
113	111	1.35848
113	121	0.451312
113	123	0.59523
113	136	0.537709
113	142	0.52235
113	146	0.530326
113	149	0.484526
113	151	0.503529
113	162	0.503288
113	164	1.27935
113	173	0.665461
113	178	0.591635
113	179	0.602614
114	53	0.51184
114	78	1.23122
114	93	1.32474
114	95	1.32145
114	110	1.29159
114	112	1.23696
114	115	1.29696
114	126	0.541485
114	127	1.27806
114	129	1.28461
114	131	1.2971
114	132	1.3014
114	133	1.30486
114	134	0.561685
114	135	1.29216
114	136	0.572461
114	140	1.28007
114	142	0.557102
114	144	1.32104
114	148	1.31074
114	151	0.538281
114	152	0.62138
114	154	1.30768
114	158	0.542812
114	164	1.19867
114	166	0.594976
114	167	1.31252
114	178	0.626387
114	180	0.728826
115	53	0.477806
115	78	1.27335
115	95	1.36358
115	105	0.484628
115	112	1.27909
115	114	1.29696
115	118	0.455332
115	119	1.38394
115	120	1.3164
115	121	0.45203
115	127	1.32019
115	129	1.32674
115	131	1.33923
115	132	1.34353
115	133	1.34699
115	135	1.3343
115	139	1.34106
115	140	1.3222
115	144	1.36317
115	148	1.35287
115	150	0.519571
115	154	1.34981
115	159	0.568597
115	162	0.504007
115	163	0.571317
115	165	1.32463
115	171	0.596963
115	172	0.609873
115	176	0.748611
115	179	0.603332
116	28	0.492226
116	36	0.515366
116	43	0.542338
116	51	0.547901
116	65	0.518633
116	73	0.486039
116	108	0.497889
116	120	0.528933
116	140	0.514239
116	142	1.36245
116	144	0.461184
116	150	1.40882
116	155	1.32479
116	159	1.3293
116	161	1.36812
116	163	1.31942
116	167	0.457106
116	168	1.37236
116	169	1.30181
116	170	1.18166
116	171	1.26781
116	172	1.26927
116	173	1.21749
116	174	1.34718
116	176	1.16972
116	177	1.19686
116	178	1.26256
116	179	1.27265
116	180	1.18983
117	13	0.411599
117	20	1.31735
117	26	1.50488
117	33	1.2429
117	45	1.33874
117	50	1.27766
117	55	1.37182
117	65	1.3065
117	66	1.30523
117	70	1.38606
117	104	0.525779
117	122	1.36343
117	127	1.31142
117	132	1.33475
117	136	0.539154
117	139	1.33229
117	144	1.3544
117	148	1.3441
117	151	0.504974
117	154	1.34104
117	155	0.569726
117	156	0.507113
117	161	0.520653
117	162	0.504734
117	165	1.31585
117	166	0.56167
117	173	0.666907
117	175	1.21796
117	177	0.691056
117	178	0.593081
118	8	0.467315
118	14	0.577404
118	20	1.37969
118	21	1.35719
118	23	1.48607
118	39	1.40214
118	64	0.443402
118	65	1.36884
118	66	1.36756
118	71	0.478595
118	88	1.34558
118	89	1.33505
118	90	0.480056
118	91	1.41235
118	94	1.29706
118	115	0.455332
118	119	0.423884
118	120	0.475666
118	125	1.35962
118	127	0.490477
118	139	0.449116
118	140	0.460972
118	154	0.440669
118	161	1.3737
118	165	1.37819
118	172	1.27485
118	176	1.1753
118	177	1.20244
118	179	1.27823
118	180	1.19541
119	22	1.34891
119	83	0.515848
119	95	1.40843
119	101	1.31611
119	110	1.37857
119	112	1.32394
119	115	1.38394
119	118	0.423884
119	127	1.36504
119	129	1.37159
119	130	0.46169
119	131	1.38408
119	132	1.38838
119	135	1.37915
119	139	1.38591
119	140	1.36705
119	143	0.478764
119	144	1.40802
119	148	1.39772
119	149	0.453797
119	150	0.488123
119	154	1.39466
119	157	0.509287
119	163	0.539869
119	165	1.36947
119	167	1.3995
119	169	0.555985
119	172	0.578425
119	176	0.717163
119	178	0.560906
119	179	0.571884
120	7	0.454464
120	9	1.17059
120	11	1.34906
120	25	1.21477
120	59	0.534572
120	61	1.31524
120	62	1.26847
120	67	1.41198
120	74	0.486032
120	75	1.34719
120	79	1.34672
120	84	1.33558
120	90	1.27279
120	112	1.25641
120	115	1.3164
120	116	0.528933
120	118	0.475666
120	124	1.32804
120	128	0.517506
120	130	0.513472
120	131	1.31654
120	136	0.558762
120	144	1.34048
120	148	1.33019
120	150	0.539905
120	154	1.32712
120	167	1.33197
120	171	0.617297
120	173	0.686514
120	175	1.20404
120	177	0.710663
121	22	0.514887
121	28	0.435658
121	54	0.524082
121	64	0.440101
121	74	1.48117
121	94	0.543828
121	98	0.478396
121	103	0.473161
121	112	0.461286
121	113	0.451312
121	115	0.45203
121	124	0.430857
121	143	1.49096
121	145	0.415456
121	152	1.38813
121	155	1.40476
121	156	1.4894
121	160	1.4681
121	166	1.41546
121	167	0.400538
121	168	1.45232
121	170	1.26163
121	171	1.34778
121	172	1.34923
121	173	1.29746
121	174	1.42715
121	176	1.24968
121	177	1.27683
121	178	1.34252
121	179	1.35261
121	180	1.2698
122	7	0.425462
122	12	1.3994
122	45	1.38063
122	46	1.38169
122	47	1.37421
122	50	1.31955
122	62	1.32427
122	67	1.46778
122	70	1.42795
122	75	1.40299
122	79	1.40252
122	85	0.440342
122	109	0.5241
122	117	1.36343
122	123	0.587281
122	128	0.488505
122	131	1.37234
122	134	0.518985
122	139	1.37418
122	140	1.35531
122	144	1.39628
122	148	1.38599
122	149	0.476578
122	154	1.38293
122	159	0.55993
122	163	0.56265
122	168	0.499692
122	171	0.588296
122	174	0.525726
122	175	1.25984
122	179	0.594665
123	41	0.652902
123	65	0.605983
123	90	0.620672
123	112	0.605204
123	113	0.59523
123	122	0.587281
123	124	0.574775
123	125	1.22953
123	136	1.23196
123	138	1.24313
123	139	0.589733
123	146	1.27356
123	148	0.584833
123	150	1.28431
123	151	1.29858
123	152	1.18366
123	155	1.20029
123	160	1.26363
123	163	1.19491
123	166	1.21099
123	167	0.544456
123	169	1.1773
123	170	1.05716
123	172	1.14476
123	173	1.09299
123	174	1.22268
123	176	1.04521
123	177	1.07236
123	178	1.13805
123	179	1.14814
123	180	1.06533
124	32	1.40654
124	40	1.35049
124	43	1.3491
124	44	1.32701
124	51	1.28951
124	62	1.3028
124	75	1.38151
124	77	1.26224
124	79	1.38105
124	87	1.48106
124	105	0.463454
124	120	1.32804
124	121	0.430857
124	123	0.574775
124	126	0.486279
124	131	1.35087
124	133	1.35863
124	135	1.34593
124	137	0.528648
124	138	0.528446
124	139	1.3527
124	148	1.36451
124	150	0.498398
124	153	1.34071
124	154	1.36145
124	155	0.547826
124	156	0.485212
124	158	0.487605
124	170	0.70553
124	175	1.23837
124	179	0.582159
124	180	0.673619
125	8	0.559345
125	10	1.1983
125	37	1.21975
125	42	0.476663
125	44	0.512465
125	49	0.540874
125	52	0.513867
125	55	1.34756
125	65	1.28224
125	66	1.28097
125	69	0.505258
125	75	0.518196
125	88	0.564085
125	91	0.507458
125	92	0.549339
125	118	1.35962
125	123	1.22953
125	133	1.31396
125	139	1.30803
125	140	1.28917
125	141	0.518402
125	144	1.33014
125	145	0.510788
125	148	1.31984
125	151	1.34208
125	154	1.31678
125	155	1.24378
125	162	1.33228
125	165	1.29159
125	166	1.25448
125	179	1.19164
125	180	1.10882
126	58	0.498713
126	89	0.502446
126	94	0.599249
126	96	0.525856
126	98	0.533818
126	99	0.513784
126	109	1.38369
126	111	0.530157
126	114	0.541485
126	124	0.486279
126	131	0.489353
126	139	0.501236
126	143	1.35814
126	146	1.34521
126	149	1.39776
126	150	1.35596
126	151	1.37023
126	152	1.2553
126	154	0.492789
126	156	1.35657
126	158	1.35956
126	162	1.36043
126	163	1.26656
126	169	1.24895
126	170	1.1288
126	172	1.21641
126	173	1.16463
126	174	1.29432
126	177	1.144
126	178	1.2097
126	179	1.21979
126	180	1.13697
127	74	0.500843
127	80	1.23518
127	93	1.34798
127	95	1.34468
127	98	1.30154
127	100	0.56014
127	104	0.560198
127	110	1.31482
127	114	1.27806
127	115	1.32019
127	117	1.31142
127	118	0.490477
127	119	1.36504
127	128	0.532318
127	129	1.30784
127	131	1.32033
127	133	1.32809
127	135	1.3154
127	139	1.32216
127	140	1.3033
127	142	0.558214
127	143	0.545358
127	144	1.34427
127	148	1.33397
127	149	0.52039
127	152	0.622492
127	154	1.33091
127	157	0.57588
127	160	0.560233
127	162	0.539153
127	165	1.30573
127	167	1.33575
127	174	0.569538
128	15	0.533023
128	61	0.498193
128	63	0.482589
128	87	0.456742
128	95	0.51295
128	96	0.515576
128	98	0.523539
128	120	0.517506
128	122	0.488505
128	127	0.532318
128	143	1.42445
128	144	0.449758
128	145	0.460598
128	147	1.42464
128	151	1.43654
128	155	1.33824
128	156	1.42288
128	157	1.37774
128	158	1.42587
128	163	1.33287
128	167	0.44568
128	168	1.38581
128	170	1.19512
128	171	1.28126
128	172	1.28272
128	173	1.23094
128	174	1.36063
128	175	1.28816
128	176	1.18317
128	177	1.21031
128	178	1.27601
128	179	1.2861
128	180	1.20328
129	22	1.29172
129	74	0.483043
129	80	1.24173
129	93	1.35453
129	98	1.3081
129	114	1.28461
129	115	1.32674
129	119	1.37159
129	127	1.30784
129	131	1.32689
129	132	1.33118
129	133	1.33465
129	135	1.32195
129	139	1.32872
129	140	1.30986
129	142	0.540414
129	144	1.35083
129	148	1.34053
129	154	1.33747
129	156	0.523731
129	158	0.526124
129	161	0.537272
129	162	0.521353
129	164	1.22845
129	165	1.31228
129	166	0.578288
129	167	1.34231
129	168	0.525705
129	169	0.604779
129	171	0.614308
129	172	0.627218
129	175	0.623517
129	178	0.609699
130	31	0.48126
130	58	0.484399
130	88	0.50986
130	89	0.488132
130	98	0.519504
130	99	0.49947
130	106	0.48306
130	110	0.490093
130	119	0.46169
130	120	0.513472
130	133	0.507202
130	134	1.38959
130	140	0.498778
130	148	0.482023
130	149	1.46477
130	150	1.42296
130	152	1.32231
130	158	1.42656
130	162	1.42743
130	163	1.33356
130	166	1.34963
130	168	1.3865
130	169	1.31595
130	170	1.19581
130	171	1.28196
130	172	1.28341
130	173	1.23164
130	174	1.36132
130	176	1.18386
130	177	1.21101
130	178	1.2767
130	179	1.28679
130	180	1.20398
131	80	1.25422
131	93	1.36702
131	98	1.32058
131	110	1.33386
131	114	1.2971
131	115	1.33923
131	119	1.38408
131	120	1.31654
131	122	1.37234
131	124	1.35087
131	126	0.489353
131	127	1.32033
131	129	1.32689
131	132	1.34367
131	134	0.509553
131	135	1.33444
131	139	1.3412
131	140	1.32234
131	142	0.50497
131	144	1.36331
131	148	1.35302
131	150	0.501472
131	154	1.34995
131	156	0.488286
131	157	0.522636
131	160	0.506988
131	164	1.24094
131	165	1.32477
131	168	0.49026
131	172	0.591774
131	173	0.648081
131	175	0.588072
131	177	0.67223
131	179	0.585233
131	180	0.676693
132	78	1.27779
132	80	1.25852
132	93	1.37131
132	95	1.36802
132	98	1.32488
132	104	0.530646
132	110	1.33816
132	112	1.28353
132	114	1.3014
132	115	1.34353
132	117	1.33475
132	119	1.38838
132	129	1.33118
132	131	1.34367
132	133	1.35143
132	135	1.33873
132	140	1.32664
132	144	1.36761
132	146	0.536638
132	147	0.495992
132	148	1.35731
132	149	0.490838
132	152	0.59294
132	153	0.487781
132	154	1.35425
132	156	0.511979
132	157	0.546328
132	158	0.514371
132	164	1.24524
132	167	1.35909
132	171	0.602556
132	172	0.615466
132	174	0.539986
132	175	0.611764
132	177	0.695922
133	22	1.31197
133	80	1.26198
133	95	1.37148
133	98	1.32834
133	102	0.471927
133	105	0.498692
133	110	1.34162
133	112	1.287
133	114	1.30486
133	115	1.34699
133	124	1.35863
133	125	1.31396
133	127	1.32809
133	129	1.33465
133	130	0.507202
133	132	1.35143
133	134	0.541716
133	135	1.3422
133	139	1.34897
133	140	1.3301
133	142	0.537133
133	144	1.37107
133	147	0.504463
133	148	1.36078
133	154	1.35771
133	155	0.583064
133	157	0.554799
133	161	0.533991
133	162	0.518071
133	164	1.2487
133	167	1.36256
