1	23	0.968941
1	68	0.946664
1	69	1.01966
1	70	0.927979
1	73	0.928179
1	81	0.986735
1	86	0.987024
1	118	1.84577
1	133	1.44113
1	155	0.941013
1	167	1.41204
2	76	1.02813
2	88	1.01124
2	92	1.07154
2	93	1.11023
2	96	1.11986
2	103	1.07125
2	105	1.06371
2	123	1.50444
2	130	0.942256
2	142	1.1142
2	169	0.912469
2	175	1.89493
3	13	0.963219
3	25	1.05805
3	54	1.04776
3	55	1.06081
3	58	1.04824
3	65	1.11763
3	74	1.08403
3	94	1.03704
3	116	1.05688
3	125	1.17281
3	138	1.43624
3	174	1.80732
4	35	1.06519
4	47	1.1116
4	61	1.07357
4	63	1.07392
4	77	0.844553
4	114	1.07489
4	115	1.00693
4	123	0.969359
4	135	1.02216
4	140	1.07539
4	167	1.39003
4	175	2.03886
5	45	1.06172
5	78	1.0128
5	91	1.0728
5	97	1.11952
5	98	1.0549
5	101	0.808422
5	107	1.07131
5	110	1.06116
5	156	1.40372
5	160	0.959356
5	163	1.04568
5	169	2.24793
6	18	0.870281
6	24	0.953849
6	68	0.9259
6	69	0.998897
6	70	0.907216
6	73	0.907416
6	81	0.965972
6	86	0.96626
6	144	1.77224
6	145	1.24277
6	155	0.92025
6	180	2.02963
7	35	1.06261
7	39	1.03673
7	47	1.10901
7	61	1.07098
7	63	1.07134
7	87	1.25066
7	123	0.966772
7	135	1.01958
7	140	1.07281
7	149	1.25713
7	150	1.16723
7	162	1.77791
8	20	1.0151
8	28	0.665867
8	48	1.13229
8	56	1.08924
8	57	1.08941
8	64	1.08974
8	127	1.09409
8	153	1.84744
8	167	1.15662
8	171	1.69652
8	173	0.908714
8	177	0.982381
9	13	0.958772
9	25	1.0536
9	54	1.04332
9	55	1.05636
9	58	1.0438
9	65	1.11318
9	74	1.07958
9	127	1.06205
9	159	0.845975
9	164	1.35696
9	165	1.61839
9	179	1.65293
10	48	1.16897
10	56	1.12592
10	57	1.12609
10	64	1.12642
10	126	1.1825
10	128	0.970935
10	129	1.50423
10	136	0.94942
10	153	1.7374
10	173	0.945391
10	177	1.01906
11	62	1.08339
11	67	1.06625
11	76	1.02469
11	93	1.10679
11	95	1.03552
11	96	1.11643
11	105	1.06028
11	142	0.925357
11	143	1.20062
11	156	1.6436
11	169	0.909034
11	170	1.7258
12	14	1.11447
12	17	0.992504
12	31	0.972864
12	34	1.07582
12	40	1.04614
12	41	1.14704
12	42	1.03279
12	133	0.923422
12	134	1.04599
12	156	1.48067
12	162	1.53819
12	179	1.55578
13	3	0.963219
13	9	0.958772
13	25	0.915498
13	54	0.905214
13	55	0.918258
13	58	0.905695
13	65	0.975079
13	74	0.941476
13	112	1.77664
13	127	0.923943
13	147	1.78681
13	152	1.45228
14	12	1.11447
14	27	1.07561
14	31	0.959335
14	34	1.06229
14	41	1.13351
14	42	1.01926
14	100	1.01344
14	134	1.03247
14	141	1.37431
14	165	1.10812
14	169	1.91175
14	170	1.14974
15	88	1.0216
15	92	1.08191
15	95	1.04932
15	96	1.13023
15	103	1.08162
15	105	1.07408
15	128	1.27346
15	131	1.0293
15	145	1.63386
15	152	1.17123
15	167	1.3491
15	169	0.922835
16	20	1.01264
16	56	1.08678
16	57	1.08695
16	64	1.08727
16	126	1.14335
16	127	1.09162
16	146	0.9612
16	164	1.26828
16	166	1.69183
16	173	0.906247
16	174	1.56921
16	177	0.979914
17	12	0.992504
17	27	0.953642
17	31	0.837368
17	34	0.940327
17	40	0.910646
17	41	1.01155
17	82	0.965432
17	100	0.891478
17	134	0.910498
17	166	1.61032
17	177	1.55236
17	180	1.89291
18	6	0.870281
18	24	0.954906
18	36	0.911347
18	69	0.999954
18	70	0.908273
18	73	0.908473
18	81	0.967029
18	86	0.967317
18	122	1.33872
18	131	1.97836
18	132	1.63246
18	155	0.921307
19	71	1.1252
19	78	1.00454
19	97	1.11126
19	106	1.07633
19	107	1.06305
19	110	1.0529
19	115	1.02038
19	142	0.933258
19	160	0.951097
19	164	1.43064
19	172	1.35679
19	174	1.73157
20	8	1.0151
20	16	1.01264
20	48	0.986437
20	56	0.943391
20	57	0.94356
20	64	0.943885
20	127	0.948233
20	152	0.954155
20	154	2.27548
20	173	0.76286
20	177	0.836527
20	179	1.79347
21	46	0.963386
21	80	1.03141
21	104	1.01558
21	108	1.00399
21	109	1.00235
21	113	0.989639
21	117	1.03117
21	119	1.03154
21	136	1.11355
21	140	1.02929
21	146	1.26911
21	172	1.50234
21	174	1.87712
22	30	1.0681
22	90	0.975907
22	94	0.804566
22	123	0.895319
22	148	0.696534
22	150	0.962637
22	153	0.883592
22	159	0.998232
22	166	0.874982
22	170	0.880312
22	171	0.871569
22	172	0.913881
22	180	0.836824
23	1	0.968941
23	36	0.989243
23	68	1.00485
23	69	1.07785
23	70	0.986169
23	73	0.986369
23	81	1.04493
23	86	1.04521
23	90	0.916921
23	142	0.930018
23	155	0.999204
23	164	1.4274
23	169	2.49247
24	6	0.953849
24	18	0.954906
24	68	1.01053
24	69	1.08352
24	70	0.991841
24	73	0.992041
24	81	1.0506
24	86	1.05089
24	118	0.81181
24	144	1.19231
24	155	1.00487
24	167	0.748058
24	178	3.45024
25	3	1.05805
25	9	1.0536
25	13	0.915498
25	55	1.01309
25	58	1.00052
25	74	1.0363
25	75	1.01808
25	94	0.989322
25	127	1.01877
25	138	1.37489
25	157	1.27488
25	172	1.37119
25	175	1.72839
26	80	0.931868
26	89	0.924694
26	99	0.879614
26	104	0.916034
26	108	0.904443
26	109	0.902806
26	113	0.890096
26	117	0.931626
26	119	0.931998
26	139	1.69994
26	143	1.43602
26	148	0.883797
26	161	2.17765
27	14	1.07561
27	17	0.953642
27	31	0.934002
27	34	1.03696
27	40	1.00728
27	41	1.10818
27	42	0.993929
27	85	1.37412
27	100	0.988111
27	134	1.00713
27	154	1.89888
27	172	1.04705
27	177	1.48649
28	8	0.665867
28	33	0.740262
28	72	0.732545
28	135	0.357324
28	156	1.04394
28	164	1.0485
28	171	1.0144
28	174	1.01856
28	175	1.01394
28	177	1.02406
28	178	0.926851
28	179	1.00442
28	180	0.979652
29	89	0.925764
29	99	0.880684
29	108	0.905513
29	109	0.903876
29	112	1.65438
29	113	0.891167
29	117	0.932696
29	119	0.933068
29	122	1.0903
29	134	0.890784
29	140	0.930817
29	148	0.884868
29	176	2.527
30	22	1.0681
30	43	1.13649
30	49	0.978092
30	60	1.04884
30	72	1.09148
30	84	1.05769
30	102	1.12835
30	111	1.70529
30	132	1.33861
30	133	1.00111
30	141	0.907803
30	148	0.99541
30	168	0.926721
31	12	0.972864
31	14	0.959335
31	17	0.837368
31	27	0.934002
31	34	0.920687
31	40	0.891006
31	42	0.877655
31	82	0.945792
31	100	0.871838
31	134	0.890858
31	151	1.71845
31	159	1.27422
31	161	2.30472
32	38	0.552143
32	85	0.959845
32	91	1.0861
32	98	1.0682
32	106	1.09788
32	107	1.0846
32	110	1.07446
32	120	1.13921
32	135	1.05717
32	160	0.972652
32	161	2.1832
32	163	1.52651
33	28	0.740262
33	52	1.08514
33	53	0.97401
33	60	1.04851
33	72	1.09115
33	84	1.05736
33	125	1.0197
33	129	0.952108
33	138	1.52634
33	142	1.09911
33	148	0.995078
33	168	0.926389
33	177	1.96208
34	12	1.07582
34	14	1.06229
34	17	0.940327
34	27	1.03696
34	31	0.920687
34	40	0.993965
34	41	1.09486
34	42	0.980614
34	75	0.719065
34	116	1.06006
34	134	0.993817
34	160	1.76447
34	176	2.1632
35	4	1.06519
35	7	1.06261
35	39	0.997773
35	61	1.03203
35	63	1.03238
35	115	0.96539
35	123	0.92782
35	131	0.744309
35	135	0.980625
35	138	0.817602
35	140	1.03385
35	149	0.64535
35	178	3.59442
36	18	0.911347
36	23	0.989243
36	68	0.966966
36	69	1.03996
36	70	0.948281
36	73	0.948482
36	75	0.811517
36	81	1.00704
36	82	1.01261
36	86	1.00733
36	155	0.961316
36	157	1.43186
36	162	1.8804
36	174	1.90295
37	46	0.936171
37	80	1.0042
37	89	0.997022
37	104	0.988363
37	108	0.976771
37	109	0.975134
37	113	0.962425
37	117	1.00395
37	119	1.00433
37	121	1.26759
37	138	1.50263
37	148	0.956126
37	159	1.06179
37	176	2.22641
38	32	0.552143
38	40	0.38424
38	54	1.13279
38	58	1.13327
38	61	0.531393
38	65	1.20265
38	74	1.16905
38	96	0.503691
38	126	0.420653
38	161	1.01329
38	163	1.09146
38	175	1.02969
38	179	1.02018
38	180	0.995408
39	7	1.03673
39	35	0.997773
39	47	1.04418
39	59	0.912197
39	61	1.00615
39	63	1.0065
39	115	0.939508
39	116	1.26874
39	123	0.901937
39	135	0.954743
39	140	1.00797
39	157	1.54809
39	159	1.20726
39	174	2.01918
40	12	1.04614
40	17	0.910646
40	27	1.00728
40	31	0.891006
40	34	0.993965
40	38	0.38424
40	41	1.06518
40	42	0.950933
40	82	1.01907
40	100	0.945115
40	131	1.35234
40	134	0.964136
40	156	1.71664
40	176	2.14941
41	12	1.14704
41	14	1.13351
41	17	1.01155
41	27	1.10818
41	34	1.09486
41	40	1.06518
41	42	1.05183
41	82	1.11997
41	133	0.987709
41	134	1.06504
41	155	1.03364
41	158	1.23338
41	175	1.60745
41	177	1.68968
42	12	1.03279
42	14	1.01926
42	27	0.993929
42	31	0.877655
42	34	0.980614
42	40	0.950933
42	41	1.05183
42	82	1.00572
42	100	0.931765
42	134	0.950785
42	137	1.55654
42	139	1.44751
42	142	0.908332
42	154	2.18369
43	30	1.13649
43	49	1.07592
43	52	1.18329
43	53	1.07217
43	60	1.14667
43	66	0.728605
43	133	1.09893
43	141	1.00563
43	148	1.09323
43	155	0.710783
43	168	1.02454
43	169	2.06631
43	177	1.36683
43	180	1.70738
44	62	1.01765
44	83	1.03125
44	88	0.942069
44	92	1.00238
44	93	1.04106
44	95	0.969788
44	103	1.00209
44	105	0.994544
44	124	1.33639
44	131	0.949769
44	132	1.21354
44	158	1.61216
44	169	0.843302
44	171	1.8773
45	5	1.06172
45	71	1.04503
45	78	0.924366
45	91	0.984367
45	97	1.03108
45	106	0.996152
45	107	0.982873
45	110	0.972725
45	115	0.940206
45	124	1.42113
45	125	1.45405
45	130	1.1183
45	160	0.870922
45	179	2.08359
46	21	0.963386
46	37	0.936171
46	89	0.973098
46	99	0.928017
46	104	0.964438
46	109	0.95121
46	113	0.9385
46	117	0.980029
46	119	0.980401
46	134	0.938117
46	147	1.40862
46	148	0.932201
46	151	1.55068
46	159	1.10645
46	180	2.32357
47	4	1.1116
47	7	1.10901
47	39	1.04418
47	59	0.984485
47	61	1.07843
47	63	1.07879
47	115	1.0118
47	123	0.974225
47	135	1.02703
47	140	1.08026
47	144	1.60627
47	147	0.948703
47	162	1.4359
47	170	1.46058
47	174	1.45845
48	8	1.13229
48	10	1.16897
48	20	0.986437
48	56	1.06058
48	57	1.06075
48	64	1.06107
48	111	1.14005
48	126	1.11715
48	127	1.06542
48	149	1.0203
48	163	1.12552
48	173	0.880048
48	174	1.56363
48	177	0.953714
48	180	1.96883
49	30	0.978092
49	43	1.07592
49	52	1.0249
49	72	1.03091
49	84	0.997119
49	94	0.94292
49	128	1.29992
49	129	0.891868
49	133	0.940539
49	141	0.847231
49	148	0.934838
49	150	1.40874
49	158	1.65033
49	162	2.01942
49	168	0.866149
50	78	1.00689
50	79	1.11089
50	97	1.11361
50	98	1.04899
50	106	1.07868
50	107	1.0654
50	110	1.05525
50	115	1.02273
50	135	1.03797
50	138	1.28074
50	146	1.04381
50	158	1.26017
50	160	0.953449
50	162	1.62926
50	179	1.64686
51	62	1.09218
51	66	1.16506
51	76	1.03349
51	83	1.10577
51	88	1.0166
51	93	1.11559
51	95	1.04431
51	103	1.07661
51	105	1.06907
51	116	0.988197
51	129	1.52987
51	131	1.0243
51	141	1.96532
51	147	1.22888
51	169	0.917828
52	33	1.08514
52	43	1.18329
52	49	1.0249
52	53	1.02115
52	72	1.13829
52	84	1.1045
52	87	1.47147
52	90	1.20986
52	102	1.02074
52	129	0.999245
52	141	0.954607
52	148	1.04221
52	151	1.65359
52	155	1.42988
52	168	0.973526
53	33	0.97401
53	43	1.07217
53	52	1.02115
53	60	0.984522
53	72	1.02716
53	84	0.993369
53	129	0.888118
53	133	0.936789
53	141	0.843481
53	147	1.46614
53	148	0.931088
53	149	1.43256
53	160	1.92986
53	163	1.53778
53	168	0.862399
54	3	1.04776
54	9	1.04332
54	13	0.905214
54	38	1.13279
54	55	1.0028
54	58	0.990238
54	65	1.05962
54	74	1.02602
54	75	1.00779
54	94	0.979038
54	114	1.14776
54	122	1.04531
54	127	1.00849
54	137	1.97921
54	149	1.58598
54	159	1.31739
55	3	1.06081
55	9	1.05636
55	13	0.918258
55	25	1.01309
55	54	1.0028
55	58	1.00328
55	65	1.07267
55	74	1.03906
55	75	1.02084
55	94	0.992082
55	127	1.02153
55	146	0.979701
55	155	0.996318
55	165	1.54821
55	166	1.71033
55	176	1.94041
56	8	1.08924
56	10	1.12592
56	16	1.08678
56	20	0.943391
56	48	1.06058
56	57	1.0177
56	64	1.01803
56	116	1.15972
56	121	1.30403
56	126	1.07411
56	127	1.02237
56	143	1.38711
56	163	1.47205
56	171	1.78365
56	173	0.837001
56	177	0.910668
57	8	1.08941
57	10	1.12609
57	16	1.08695
57	20	0.94356
57	48	1.06075
57	56	1.0177
57	64	1.0182
57	100	1.50674
57	122	1.10538
57	126	1.07428
57	127	1.02254
57	130	1.21913
57	159	1.37747
57	164	1.88846
57	173	0.83717
57	177	0.910837
58	3	1.04824
58	9	1.0438
58	13	0.905695
58	25	1.00052
58	38	1.13327
58	54	0.990238
58	55	1.00328
58	65	1.0601
58	74	1.0265
58	94	0.979519
58	120	0.75369
58	127	1.00897
58	143	1.05604
58	168	1.40095
58	169	2.34323
58	175	1.56151
59	39	0.912197
59	47	0.984485
59	61	0.946452
59	63	0.946808
59	90	1.10482
59	99	0.898146
59	108	0.922975
59	113	0.908629
59	117	0.950158
59	119	0.95053
59	134	0.908246
59	135	0.895049
59	140	0.948279
59	141	2.14291
59	145	1.53457
59	170	1.91835
60	30	1.04884
60	33	1.04851
60	43	1.14667
60	53	0.984522
60	84	1.06787
60	94	1.01367
60	120	1.04514
60	125	1.03021
60	133	1.01129
60	138	1.49947
60	141	0.917983
60	148	1.00559
60	164	1.56961
60	167	1.20413
60	168	0.936901
60	171	1.74403
61	4	1.07357
61	7	1.07098
61	35	1.03203
61	38	0.531393
61	39	1.00615
61	47	1.07843
61	59	0.946452
61	63	1.04076
61	115	0.973763
61	123	0.936192
61	135	0.988998
61	140	1.04223
61	149	1.40053
61	150	1.31063
61	160	1.89783
61	163	1.50576
62	11	1.08339
62	44	1.01765
62	51	1.09218
62	75	0.925831
62	83	1.05202
62	88	0.96284
62	92	1.02315
62	93	1.06183
62	95	0.990559
62	103	1.02286
62	105	1.01531
62	111	1.59368
62	123	1.60919
62	142	1.21895
62	164	1.71633
62	169	0.864072
63	4	1.07392
63	7	1.07134
63	35	1.03238
63	39	1.0065
63	47	1.07879
63	59	0.946808
63	61	1.04076
63	114	0.965045
63	115	0.974119
63	123	0.936548
63	131	1.50223
63	133	1.30928
63	135	0.989354
63	140	1.04258
63	145	1.56495
63	168	1.76845
64	8	1.08974
64	10	1.12642
64	16	1.08727
64	20	0.943885
64	48	1.06107
64	56	1.01803
64	57	1.0182
64	126	1.0746
64	127	1.02287
64	149	1.12722
64	160	1.62452
64	166	1.79316
64	167	1.00414
64	171	1.54404
64	173	0.837496
64	177	0.911163
65	3	1.11763
65	9	1.11318
65	13	0.975079
65	38	1.20265
65	54	1.05962
65	55	1.07267
65	58	1.0601
65	74	1.09588
65	75	1.07766
65	94	1.0489
65	127	1.07835
65	129	1.01109
65	154	1.6969
65	161	1.43844
65	166	1.34247
65	175	1.20227
65	177	1.28451
66	43	0.728605
66	51	1.16506
66	91	1.34536
66	111	0.947447
66	120	0.996485
66	135	0.940912
66	152	1.00102
66	156	0.912613
66	159	1.00973
66	163	0.944373
66	168	0.898217
66	171	0.883071
66	174	0.887229
66	177	0.89273
66	178	0.795524
66	179	0.873097
66	180	0.848325
67	11	1.06625
67	76	0.962593
67	83	1.03488
67	85	1.82257
67	88	0.945702
67	92	1.00601
67	93	1.04469
67	95	0.973421
67	96	1.05433
67	101	1.19491
67	103	1.00572
67	105	0.998177
67	131	0.953402
67	132	1.08001
67	159	1.05836
67	169	0.846934
67	180	2.27549
68	1	0.946664
68	6	0.9259
68	23	1.00485
68	24	1.01053
68	36	0.966966
68	69	1.05557
68	70	0.963892
68	73	0.964092
68	77	0.74364
68	81	1.02265
68	82	1.02822
68	86	1.02294
68	152	1.11125
68	153	1.97994
68	155	0.976926
68	158	1.56388
68	174	1.95553
69	1	1.01966
69	6	0.998897
69	18	0.999954
69	23	1.07785
69	24	1.08352
69	36	1.03996
69	68	1.05557
69	70	1.03689
69	73	1.03709
69	81	1.09564
69	86	1.09593
69	128	1.06256
69	130	0.834359
69	131	1.36024
69	155	1.04992
69	161	2.0232
69	165	1.76511
69	167	1.1382
70	1	0.927979
70	6	0.907216
70	18	0.908273
70	23	0.986169
70	24	0.991841
70	36	0.948281
70	68	0.963892
70	69	1.03689
70	73	0.945408
70	81	1.00396
70	82	1.00953
70	86	1.00425
70	136	1.33339
70	152	1.25268
70	153	2.12137
70	155	0.958242
70	158	1.70531
70	159	1.28504
71	19	1.1252
71	45	1.04503
71	78	0.996107
71	79	1.1001
71	91	1.05611
71	97	1.10282
71	98	1.03821
71	101	0.943594
71	102	0.618431
71	106	1.06789
71	107	1.05461
71	110	1.04447
71	135	1.02718
71	139	1.35983
71	146	1.01095
71	160	0.942662
71	171	1.49245
71	173	2.77482
72	28	0.732545
72	30	1.09148
72	33	1.09115
72	49	1.03091
72	52	1.13829
72	53	1.02716
72	84	1.11051
72	94	1.05631
72	100	1.20706
72	125	1.07285
72	129	1.00526
72	136	1.12613
72	141	0.960622
72	148	1.04823
72	150	1.25647
72	168	0.97954
72	172	1.51492
72	179	1.88474
73	1	0.928179
73	6	0.907416
73	18	0.908473
73	23	0.986369
73	24	0.992041
73	36	0.948482
73	68	0.964092
73	69	1.03709
73	70	0.945408
73	81	1.00416
73	82	1.00973
73	86	1.00445
73	87	1.50124
73	90	1.23964
73	120	1.22564
73	151	1.68336
73	155	0.958442
73	170	2.05317
74	3	1.08403
74	9	1.07958
74	13	0.941476
74	25	1.0363
74	38	1.16905
74	54	1.02602
74	55	1.03906
74	58	1.0265
74	65	1.09588
74	75	1.04406
74	94	1.0153
74	127	1.04475
74	138	1.36208
74	139	1.47402
74	147	1.22341
74	159	0.921239
74	161	1.95174
74	163	1.29505
75	25	1.01808
75	34	0.719065
75	36	0.811517
75	54	1.00779
75	55	1.02084
75	62	0.925831
75	65	1.07766
75	74	1.04406
75	99	0.922596
75	115	1.10888
75	127	1.02652
75	137	0.93024
75	145	0.957941
75	158	0.967606
75	163	0.966459
75	178	0.817611
75	179	0.895184
75	180	0.870412
76	2	1.02813
76	11	1.02469
76	51	1.03349
76	67	0.962593
76	83	0.993324
76	87	1.47663
76	88	0.904146
76	92	0.964453
76	93	1.00314
76	95	0.931865
76	96	1.01277
76	103	0.964164
76	105	0.956622
76	142	1.22812
76	163	1.58833
76	167	1.36002
76	169	0.805379
76	179	2.02147
77	4	0.844553
77	68	0.74364
77	78	1.08825
77	91	0.707042
77	109	0.688969
77	130	1.13722
77	137	0.980751
77	152	1.07362
77	157	0.9966
77	162	0.968222
77	165	0.967842
77	170	0.964412
77	173	0.891661
77	175	0.955207
77	176	0.924078
77	178	0.868122
77	179	0.945695
77	180	0.920923
78	5	1.0128
78	19	1.00454
78	45	0.924366
78	50	1.00689
78	71	0.996107
78	77	1.08825
78	79	0.979442
78	91	0.935447
78	97	0.982163
78	98	0.917547
78	106	0.947231
78	107	0.933953
78	110	0.923804
78	122	1.21613
78	135	0.90652
78	152	1.45586
78	157	1.82905
78	160	0.822001
78	172	1.92535
79	50	1.11089
79	71	1.1001
79	78	0.979442
79	85	0.913191
79	91	1.03944
79	97	1.08616
79	98	1.02154
79	106	1.05123
79	107	1.03795
79	110	1.0278
79	115	0.995282
79	130	0.866266
79	135	1.01052
79	143	1.31347
79	144	1.98434
79	155	1.24513
79	160	0.925998
79	168	1.65838
79	172	1.46174
80	21	1.03141
80	26	0.931868
80	37	1.0042
80	99	0.996043
80	104	1.03246
80	108	1.02087
80	109	1.01924
80	113	1.00653
80	117	1.04805
80	119	1.04843
80	122	0.755615
80	126	1.08949
80	130	0.869363
80	140	1.04618
80	148	1.00023
80	156	1.75955
80	160	1.79359
80	172	1.46484
80	175	1.82204
81	1	0.986735
81	6	0.965972
81	18	0.967029
81	23	1.04493
81	24	1.0506
81	36	1.00704
81	68	1.02265
81	69	1.09564
81	70	1.00396
81	73	1.00416
81	82	1.06829
81	86	1.06301
81	101	1.09205
81	118	1.53474
81	123	1.35935
81	149	1.22409
81	155	1.017
81	162	1.74487
81	168	1.58927
82	17	0.965432
82	31	0.945792
82	36	1.01261
82	40	1.01907
82	41	1.11997
82	42	1.00572
82	68	1.02822
82	70	1.00953
82	73	1.00973
82	81	1.06829
82	86	1.06858
82	134	1.01892
82	136	0.916705
82	155	1.02257
82	158	1.28863
82	165	1.64078
82	172	1.3055
82	174	1.68028
82	179	1.67532
83	44	1.03125
83	51	1.10577
83	62	1.05202
83	67	1.03488
83	76	0.993324
83	88	0.976433
83	93	1.07543
83	95	1.00415
83	96	1.08506
83	103	1.03645
83	105	1.02891
83	116	1.11598
83	124	1.199
83	129	1.65765
83	131	0.984133
83	145	1.48477
83	155	1.27502
83	156	1.78634
83	169	0.877666
84	30	1.05769
84	33	1.05736
84	49	0.997119
84	52	1.1045
84	53	0.993369
84	60	1.06787
84	72	1.11051
84	102	0.922585
84	125	1.03906
84	129	0.971467
84	132	1.13285
84	133	1.02014
84	141	0.92683
84	142	1.1248
84	143	1.40006
84	148	1.01444
84	153	1.94753
84	168	0.945748
84	175	1.90554
85	27	1.37412
85	32	0.959845
85	67	1.82257
85	79	0.913191
85	95	1.75267
85	98	0.851295
85	106	0.880979
85	110	0.857553
85	118	0.841501
85	125	0.872172
85	128	0.919371
85	142	0.94091
85	151	0.815842
85	153	0.775737
85	160	0.75575
85	161	0.746856
85	179	0.753741
85	180	0.728969
86	1	0.987024
86	6	0.96626
86	18	0.967317
86	23	1.04521
86	24	1.05089
86	36	1.00733
86	68	1.02294
86	69	1.09593
86	70	1.00425
86	73	1.00445
86	81	1.06301
86	82	1.06858
86	112	1.11483
86	123	1.22668
86	145	1.2531
86	155	1.01729
86	158	1.2431
86	174	1.63475
86	180	2.03995
87	7	1.25066
87	52	1.47147
87	73	1.50124
87	76	1.47663
87	116	1.02746
87	129	0.914211
87	144	0.901828
87	150	0.964413
87	162	0.885899
87	164	0.907449
87	170	0.882088
87	171	0.873345
87	172	0.915657
87	173	0.809338
87	175	0.872884
87	176	0.841755
87	178	0.785799
87	179	0.863372
87	180	0.8386
88	2	1.01124
88	15	1.0216
88	44	0.942069
88	51	1.0166
88	62	0.96284
88	67	0.945702
88	76	0.904146
88	83	0.976433
88	92	0.947562
88	96	0.995884
88	103	0.947273
88	105	0.939731
88	131	0.894955
88	143	1.31044
88	147	1.32374
88	163	1.39539
88	169	0.788488
88	175	1.81591
88	176	2.18619
89	26	0.924694
89	29	0.925764
89	37	0.997022
89	46	0.973098
89	99	0.988869
89	102	0.951858
89	104	1.02529
89	108	1.0137
89	109	1.01206
89	113	0.999351
89	117	1.04088
89	119	1.04125
89	129	1.74363
89	134	0.998969
89	140	1.039
89	148	0.993052
89	152	1.10811
89	155	1.361
89	168	1.77424
89	171	1.82588
90	22	0.975907
90	23	0.916921
90	52	1.20986
90	59	1.10482
90	73	1.23964
90	106	1.07033
90	116	1.04293
90	125	0.99728
90	146	1.01791
90	147	0.953718
90	157	0.929754
90	160	0.880858
90	165	0.900996
90	167	0.990134
90	171	0.888822
90	172	0.931134
90	175	0.888361
90	176	0.857232
90	179	0.878849
90	180	0.854077
91	5	1.0728
91	32	1.0861
91	45	0.984367
91	66	1.34536
91	71	1.05611
91	77	0.707042
91	78	0.935447
91	79	1.03944
91	97	1.04216
91	98	0.977548
91	102	0.918397
91	106	1.00723
91	107	0.993954
91	110	0.983806
91	115	0.951286
91	135	0.966521
91	146	1.31092
91	160	0.882002
91	167	1.25252
91	176	2.27163
92	2	1.07154
92	15	1.08191
92	44	1.00238
92	62	1.02315
92	67	1.00601
92	76	0.964453
92	88	0.947562
92	93	1.04655
92	95	0.975281
92	96	1.05619
92	101	1.13239
92	103	1.00758
92	105	1.00004
92	111	1.38418
92	131	0.955262
92	139	1.54862
92	146	1.19975
92	165	1.76826
92	169	0.848795
92	170	1.80989
93	2	1.11023
93	11	1.10679
93	44	1.04106
93	51	1.11559
93	62	1.06183
93	67	1.04469
93	76	1.00314
93	83	1.07543
93	92	1.04655
93	95	1.01397
93	96	1.09488
93	103	1.04627
93	105	1.03872
93	125	0.827781
93	129	1.25352
93	146	0.854276
93	154	1.93934
93	162	1.43973
93	169	0.88748
93	179	1.45732
93	180	1.86749
94	3	1.03704
94	22	0.804566
94	25	0.989322
94	49	0.94292
94	54	0.979038
94	55	0.992082
94	58	0.979519
94	60	1.01367
94	65	1.0489
94	72	1.05631
94	74	1.0153
94	112	1.34542
94	121	1.25922
94	127	0.997767
94	129	0.917267
94	136	1.10177
94	141	0.87263
94	148	0.960237
94	168	0.891548
94	179	1.86038
94	180	2.27055
95	11	1.03552
95	15	1.04932
95	44	0.969788
95	51	1.04431
95	62	0.990559
95	67	0.973421
95	76	0.931865
95	83	1.00415
95	85	1.75267
95	92	0.975281
95	93	1.01397
95	96	1.0236
95	103	0.974992
95	105	0.96745
95	111	1.3768
95	122	0.716381
95	125	1.16588
95	131	0.922674
95	169	0.816207
95	170	1.80251
95	175	1.7828
96	2	1.11986
96	11	1.11643
96	15	1.13023
96	38	0.503691
96	67	1.05433
96	76	1.01277
96	83	1.08506
96	88	0.995884
96	92	1.05619
96	93	1.09488
96	95	1.0236
96	100	1.23352
96	103	1.0559
96	105	1.04836
96	122	0.832159
96	131	1.00358
96	137	1.76606
96	145	1.53451
96	167	1.24975
96	169	0.897116
96	179	1.9112
97	5	1.11952
97	19	1.11126
97	45	1.03108
97	50	1.11361
97	71	1.10282
97	78	0.982163
97	79	1.08616
97	91	1.04216
97	98	1.02426
97	106	1.05395
97	107	1.04067
97	110	1.03052
97	130	0.770746
97	135	1.01324
97	142	0.942689
97	150	1.10777
97	151	1.37331
97	155	1.14961
97	160	0.928718
97	169	2.50514
97	179	1.73604
98	5	1.0549
98	32	1.0682
98	50	1.04899
98	71	1.03821
98	78	0.917547
98	79	1.02154
98	85	0.851295
98	91	0.977548
98	97	1.02426
98	106	0.989332
98	107	0.976054
98	110	0.965906
98	115	0.933387
98	120	1.28636
98	135	0.948622
98	149	1.56843
98	151	1.74408
98	155	1.52037
98	157	1.64068
98	159	1.29984
98	160	0.864102
99	26	0.879614
99	29	0.880684
99	46	0.928017
99	59	0.898146
99	75	0.922596
99	80	0.996043
99	89	0.988869
99	104	0.980209
99	108	0.968617
99	109	0.966981
99	113	0.954271
99	117	0.9958
99	118	1.78135
99	119	0.996172
99	120	1.18862
99	123	1.60596
99	126	1.03724
99	134	0.953888
99	140	0.993921
99	148	0.947972
99	167	1.34762
99	177	2.07868
100	14	1.01344
100	17	0.891478
100	27	0.988111
100	31	0.871838
100	40	0.945115
100	42	0.931765
100	57	1.50674
100	72	1.20706
100	96	1.23352
100	105	0.846007
100	116	1.00933
100	132	0.956466
100	134	0.944968
100	135	0.831839
100	158	0.917665
100	159	0.981879
100	173	0.791209
100	174	0.859375
100	175	0.854755
100	178	0.76767
100	179	0.845243
100	180	0.820471
101	5	0.808422
101	67	1.19491
101	71	0.943594
101	81	1.09205
101	92	1.13239
101	111	1.00434
101	133	1.0295
101	138	1.01821
101	140	0.942774
101	149	1.02204
101	150	1.03103
101	154	0.925635
101	156	0.969503
101	161	0.923103
101	164	0.974065
101	165	0.952135
101	166	0.943374
101	169	0.892579
101	174	0.94412
101	175	0.9395
101	179	0.929988
101	180	0.905216
102	30	1.12835
102	52	1.02074
102	71	0.618431
102	84	0.922585
102	89	0.951858
102	91	0.918397
102	106	0.881205
102	124	1.08908
102	132	1.07673
102	143	1.05887
102	147	1.04038
102	152	1.09344
102	157	1.01642
102	165	0.987657
102	167	1.07679
102	170	0.984226
102	171	0.975483
102	174	0.979642
102	175	0.975022
102	176	0.943893
102	178	0.887937
102	179	0.96551
102	180	0.940738
103	2	1.07125
103	15	1.08162
103	44	1.00209
103	51	1.07661
103	62	1.02286
103	67	1.00572
103	76	0.964164
103	83	1.03645
103	88	0.947273
103	92	1.00758
103	93	1.04627
103	95	0.974992
103	96	1.0559
103	105	0.999748
103	131	0.954973
103	133	0.919553
103	137	1.40677
103	146	0.948862
103	159	0.744954
103	162	1.53432
103	169	0.848505
103	173	2.71273
103	176	1.90957
104	21	1.01558
104	26	0.916034
104	37	0.988363
104	46	0.964438
104	80	1.03246
104	89	1.02529
104	99	0.980209
104	108	1.00504
104	109	1.0034
104	113	0.990692
104	117	1.03222
104	119	1.03259
104	123	1.09439
104	124	0.835038
104	126	1.07366
104	134	0.990309
104	140	1.03034
104	148	0.984393
104	153	1.52687
104	161	1.72104
104	165	1.46296
104	167	0.836048
104	173	2.65832
105	2	1.06371
105	11	1.06028
105	15	1.07408
105	44	0.994544
105	51	1.06907
105	62	1.01531
105	67	0.998177
105	76	0.956622
105	83	1.02891
105	88	0.939731
105	92	1.00004
105	93	1.03872
105	95	0.96745
105	96	1.04836
105	100	0.846007
105	103	0.999748
105	112	1.00873
105	124	0.861232
105	144	1.67647
105	152	0.684375
105	154	2.0057
105	169	0.840963
105	173	2.68451
106	19	1.07633
106	32	1.09788
106	45	0.996152
106	50	1.07868
106	71	1.06789
106	78	0.947231
106	79	1.05123
106	85	0.880979
106	90	1.07033
106	91	1.00723
106	97	1.05395
106	98	0.989332
106	102	0.881205
106	107	1.00574
106	110	0.99559
106	115	0.963071
106	124	1.21432
106	135	0.978306
106	149	1.33841
106	150	1.2485
106	160	0.893786
106	168	1.70359
106	171	1.75523
107	5	1.07131
107	19	1.06305
107	32	1.0846
107	45	0.982873
107	50	1.0654
107	71	1.05461
107	78	0.933953
107	79	1.03795
107	91	0.993954
107	97	1.04067
107	98	0.976054
107	106	1.00574
107	110	0.982311
107	115	0.949792
107	121	1.16734
107	125	1.13896
107	135	0.965027
107	137	1.62337
107	142	0.975159
107	160	0.880508
107	165	1.73397
107	172	1.39869
107	176	2.12617
108	21	1.00399
108	26	0.904443
108	29	0.905513
108	37	0.976771
108	59	0.922975
108	80	1.02087
108	89	1.0137
108	99	0.968617
108	104	1.00504
108	109	0.99181
108	113	0.9791
108	117	1.02063
108	119	1.021
108	125	1.28127
108	126	1.06206
108	134	0.978717
108	136	1.15221
108	140	1.01875
108	148	0.972801
108	150	1.28255
108	152	1.0715
108	171	1.78927
108	177	1.98043
108	179	1.91082
109	21	1.00235
109	26	0.902806
109	29	0.903876
109	37	0.975134
109	46	0.95121
109	77	0.688969
109	80	1.01924
109	89	1.01206
109	99	0.966981
109	104	1.0034
109	108	0.99181
109	113	0.977463
109	116	1.15042
109	117	1.01899
109	119	1.01936
109	126	1.06043
109	134	0.977081
109	136	1.13728
109	140	1.01711
109	148	0.971164
109	160	1.85483
109	168	1.72271
109	170	1.90298
109	172	1.52607
110	5	1.06116
110	19	1.0529
110	32	1.07446
110	45	0.972725
110	50	1.05525
110	71	1.04447
110	78	0.923804
110	79	1.0278
110	85	0.857553
110	91	0.983806
110	97	1.03052
110	98	0.965906
110	106	0.99559
110	107	0.982311
110	115	0.939644
110	131	1.27377
110	135	0.954879
110	137	1.56804
110	146	1.11013
110	160	0.87036
110	167	1.05173
110	170	1.72027
110	171	1.59163
110	180	2.12335
111	30	1.70529
111	48	1.14005
111	62	1.59368
111	66	0.947447
111	92	1.38418
111	95	1.3768
111	101	1.00434
111	132	0.950111
111	137	0.873944
111	143	0.932244
111	144	0.877343
111	145	0.901645
111	149	0.930941
111	158	0.91131
111	162	0.861415
111	164	0.882965
111	166	0.852274
111	168	0.864007
111	170	0.857604
111	172	0.891173
111	175	0.8484
111	178	0.761315
111	179	0.838888
111	180	0.814116
112	13	1.77664
112	29	1.65438
112	86	1.11483
112	94	1.34542
112	105	1.00873
112	139	0.921041
112	145	0.923888
112	146	1.0002
112	150	0.962171
112	153	0.883126
112	157	0.912035
112	159	0.997766
112	161	0.854245
112	165	0.883277
112	168	0.88625
112	170	0.879847
112	171	0.871104
112	172	0.913415
112	174	0.875262
112	176	0.839513
112	178	0.783557
112	179	0.86113
112	180	0.836358
113	21	0.989639
113	26	0.890096
113	29	0.891167
113	37	0.962425
113	46	0.9385
113	59	0.908629
113	80	1.00653
113	89	0.999351
113	99	0.954271
113	104	0.990692
113	108	0.9791
113	109	0.977463
113	114	0.832211
113	117	1.00628
113	119	1.00665
113	121	1.20764
113	126	1.04772
113	130	0.84351
113	134	0.964371
113	140	1.0044
113	141	2.04045
113	148	0.958455
113	152	0.969486
113	166	1.93638
113	173	2.96962
114	4	1.07489
114	54	1.14776
114	63	0.965045
114	113	0.832211
114	119	0.888102
114	120	1.0413
114	121	1.00838
114	128	1.08354
114	132	1.02913
114	135	0.532931
114	140	0.636589
114	149	1.00996
114	151	0.980011
114	152	1.04584
114	154	0.913557
114	164	0.961987
114	165	0.940057
114	166	0.931296
114	167	1.02919
114	172	0.970195
114	174	0.932042
114	175	0.927422
114	176	0.896293
114	179	0.91791
114	180	0.893138
115	4	1.00693
115	19	1.02038
115	35	0.96539
115	39	0.939508
115	45	0.940206
115	47	1.0118
115	50	1.02273
115	61	0.973763
115	63	0.974119
115	75	1.10888
115	79	0.995282
115	91	0.951286
115	98	0.933387
115	106	0.963071
115	107	0.949792
115	110	0.939644
115	121	1.59418
115	123	0.869555
115	124	1.53289
115	132	1.41004
115	135	0.92236
115	140	0.97559
115	152	1.35603
115	157	1.72922
115	160	0.837841
115	172	1.82553
116	3	1.05688
116	34	1.06006
116	39	1.26874
116	51	0.988197
116	56	1.15972
116	83	1.11598
116	87	1.02746
116	90	1.04293
116	100	1.00933
116	109	1.15042
116	139	0.988534
116	144	0.967078
116	147	1.00349
116	153	0.950618
116	154	0.924269
116	157	0.979528
116	161	0.921738
116	162	0.951149
116	170	0.947339
116	171	0.938596
116	172	0.980908
116	173	0.874589
116	175	0.938134
116	176	0.907005
116	179	0.928623
116	180	0.90385
117	21	1.03117
117	26	0.931626
117	29	0.932696
117	37	1.00395
117	46	0.980029
117	59	0.950158
117	80	1.04805
117	89	1.04088
117	99	0.9958
117	104	1.03222
117	108	1.02063
117	109	1.01899
117	113	1.00628
117	119	1.04818
117	126	1.08925
117	128	0.512527
117	134	1.0059
117	140	1.04593
117	141	1.48127
117	144	1.4024
117	148	0.999984
117	151	0.886899
117	156	1.17451
117	170	1.25671
117	177	1.31924
117	178	3.66033
118	1	1.84577
118	24	0.81181
118	81	1.53474
118	85	0.841501
118	99	1.78135
118	120	0.975687
118	124	0.97587
118	127	1.03636
118	137	0.887355
118	147	0.927167
118	154	0.847946
118	161	0.845414
118	162	0.874826
118	163	0.923575
118	164	0.896376
118	165	0.874446
118	166	0.865685
118	169	0.81489
118	170	0.871015
118	172	0.904584
118	174	0.866431
118	176	0.830682
118	178	0.774726
118	179	0.852299
118	180	0.827527
119	21	1.03154
119	26	0.931998
119	29	0.933068
119	37	1.00433
119	46	0.980401
119	59	0.95053
119	80	1.04843
119	89	1.04125
119	99	0.996172
119	104	1.03259
119	108	1.021
119	109	1.01936
119	113	1.00665
119	114	0.888102
119	117	1.04818
119	126	1.08962
119	128	1.1276
119	134	1.00627
119	140	1.04631
119	148	1.00036
119	150	1.23642
119	155	1.27826
119	160	1.82363
119	163	1.43155
119	164	1.56872
119	168	1.69151
120	32	1.13921
120	58	0.75369
120	60	1.04514
120	66	0.996485
120	73	1.22564
120	98	1.28636
120	99	1.18862
120	114	1.0413
120	118	0.975687
120	126	1.00772
120	128	1.05356
120	132	0.99915
120	138	0.976146
120	142	1.0751
120	156	0.927442
120	162	0.910453
120	164	0.932004
120	166	0.901313
120	167	0.999211
120	170	0.906643
120	171	0.8979
120	172	0.940212
120	174	0.902059
120	175	0.897439
120	178	0.810354
120	179	0.887927
120	180	0.863155
121	37	1.26759
121	56	1.30403
121	94	1.25922
121	107	1.16734
121	113	1.20764
121	114	1.00838
121	115	1.59418
121	122	1.03578
121	123	0.888728
121	142	1.04217
121	143	0.948361
121	144	0.893461
121	146	0.99407
121	147	0.929873
121	152	0.982932
121	156	0.89452
121	157	0.90591
121	165	0.877152
121	166	0.868391
121	170	0.873721
121	171	0.864978
121	175	0.864517
121	177	0.874638
121	178	0.777432
121	179	0.855005
121	180	0.830233
122	18	1.33872
122	29	1.0903
122	54	1.04531
122	57	1.10538
122	78	1.21613
122	80	0.755615
122	95	0.716381
122	96	0.832159
122	121	1.03578
122	124	1.06888
122	130	1.13684
122	147	1.02018
122	149	1.03736
122	151	1.00741
122	152	1.07324
122	161	0.938425
122	162	0.967837
122	163	1.01659
122	165	0.967457
122	166	0.958696
122	167	1.05659
122	170	0.964027
122	171	0.955284
122	175	0.954822
122	178	0.867737
122	179	0.94531
122	180	0.920538
123	2	1.50444
123	4	0.969359
123	7	0.966772
123	22	0.895319
123	35	0.92782
123	39	0.901937
123	47	0.974225
123	61	0.936192
123	62	1.60919
123	63	0.936548
123	81	1.35935
123	86	1.22668
123	99	1.60596
123	104	1.09439
123	115	0.869555
123	121	0.888728
123	132	0.909485
123	135	0.88479
123	140	0.938019
123	144	0.836717
123	145	0.861019
123	146	0.937327
123	152	0.926189
123	172	0.850546
123	174	0.812393
123	175	0.807773
123	179	0.798261
123	180	0.773489
124	44	1.33639
124	45	1.42113
124	83	1.199
124	102	1.08908
124	104	0.835038
124	105	0.861232
124	106	1.21432
124	115	1.53289
124	118	0.97587
124	122	1.06888
124	141	0.894311
124	145	0.950867
124	146	1.02718
124	147	0.962978
124	150	0.989151
124	158	0.960532
124	161	0.881225
124	162	0.910636
124	165	0.910257
124	166	0.901496
124	168	0.913229
124	170	0.906826
124	174	0.902242
124	175	0.897622
124	176	0.866493
124	178	0.810537
124	179	0.88811
124	180	0.863338
125	3	1.17281
125	33	1.0197
125	45	1.45405
125	60	1.03021
125	72	1.07285
125	84	1.03906
125	85	0.872172
125	90	0.99728
125	93	0.827781
125	95	1.16588
125	107	1.13896
125	108	1.28127
125	133	0.982479
125	135	0.879979
125	141	0.889171
125	147	0.957838
125	148	0.976778
125	157	0.933875
125	161	0.876085
125	166	0.896356
125	168	0.908089
125	171	0.892943
125	173	0.828936
125	174	0.897102
125	175	0.892482
125	176	0.861353
125	179	0.88297
125	180	0.858198
126	10	1.1825
126	16	1.14335
126	38	0.420653
126	48	1.11715
126	56	1.07411
126	57	1.07428
126	64	1.0746
126	80	1.08949
126	99	1.03724
126	104	1.07366
126	108	1.06206
126	109	1.06043
126	113	1.04772
126	117	1.08925
126	119	1.08962
126	120	1.00772
126	127	1.07895
126	128	1.09107
126	131	1.38875
126	133	1.1958
126	136	1.06955
126	140	1.08737
126	145	1.45147
126	148	1.04142
126	150	1.19989
126	157	1.36204
126	173	0.893577
126	177	0.967243
126	180	2.23833
127	8	1.09409
127	9	1.06205
127	13	0.923943
127	16	1.09162
127	20	0.948233
127	25	1.01877
127	48	1.06542
127	54	1.00849
127	55	1.02153
127	56	1.02237
127	57	1.02254
127	58	1.00897
127	64	1.02287
127	65	1.07835
127	74	1.04475
127	75	1.02652
127	94	0.997767
127	118	1.03636
127	126	1.07895
127	132	0.478766
127	139	1.0099
127	141	1.49573
127	157	0.79795
127	158	0.877387
127	168	1.09089
127	169	2.03317
127	173	0.841844
127	177	0.91551
127	178	3.67478
128	10	0.970935
128	15	1.27346
128	49	1.29992
128	69	1.06256
128	85	0.919371
128	114	1.08354
128	117	0.512527
128	119	1.1276
128	120	1.05356
128	126	1.09107
128	139	0.99008
128	140	0.876085
128	150	1.03121
128	151	0.99227
128	154	0.925816
128	158	1.00259
128	161	0.923284
128	162	0.952696
128	163	1.00144
128	164	0.974246
128	165	0.952316
128	166	0.943555
128	167	1.04145
128	170	0.948885
128	174	0.944301
128	176	0.908552
128	178	0.852596
128	179	0.930169
128	180	0.905397
129	10	1.50423
129	33	0.952108
129	49	0.891868
129	51	1.52987
129	52	0.999245
129	53	0.888118
129	65	1.01109
129	72	1.00526
129	83	1.65765
129	84	0.971467
129	87	0.914211
129	89	1.74363
129	93	1.25352
129	94	0.917267
129	133	0.914887
129	141	0.821579
129	144	0.853833
129	148	0.909186
129	154	0.811024
129	157	0.866282
129	158	0.887799
129	164	0.859454
129	167	0.926662
129	168	0.840497
129	169	0.777968
129	174	0.829509
129	177	0.83501
129	179	0.815377
129	180	0.790605
130	2	0.942256
130	45	1.1183
130	57	1.21913
130	69	0.834359
130	77	1.13722
130	79	0.866266
130	80	0.869363
130	97	0.770746
130	113	0.84351
130	122	1.13684
130	132	1.06729
130	134	0.744793
130	136	1.1087
130	138	1.04429
130	149	1.04812
130	152	1.08399
130	153	0.978062
130	154	0.951713
130	158	1.02849
130	159	1.0927
130	161	0.949181
130	162	0.978593
130	166	0.969452
130	167	1.06735
130	175	0.965578
130	176	0.934449
130	178	0.878493
130	179	0.956066
130	180	0.931294
131	15	1.0293
131	18	1.97836
131	35	0.744309
131	40	1.35234
131	44	0.949769
131	51	1.0243
131	63	1.50223
131	67	0.953402
131	69	1.36024
131	83	0.984133
131	88	0.894955
131	92	0.955262
131	95	0.922674
131	96	1.00358
131	103	0.954973
131	110	1.27377
131	126	1.38875
131	145	0.896354
131	149	0.92565
131	157	0.884502
131	161	0.826712
131	163	0.904873
131	165	0.855744
131	166	0.846983
131	169	0.796188
131	170	0.852313
131	171	0.84357
131	172	0.885882
131	173	0.779563
131	178	0.756024
131	179	0.833597
131	180	0.808825
132	18	1.63246
132	30	1.33861
132	44	1.21354
132	67	1.08001
132	84	1.13285
132	100	0.956466
132	102	1.07673
132	111	0.950111
132	114	1.02913
132	115	1.41004
132	120	0.99915
132	123	0.909485
132	127	0.478766
132	130	1.06729
132	137	0.910818
132	138	0.963982
132	140	0.827872
132	141	0.881963
132	149	0.967815
132	153	0.897758
132	159	1.0124
132	161	0.868877
132	164	0.919839
132	167	0.987047
132	170	0.894478
132	171	0.885735
132	172	0.928047
132	174	0.889894
132	175	0.885274
132	176	0.854145
132	178	0.798189
132	180	0.85099
133	1	1.44113
133	12	0.923422
133	30	1.00111
133	41	0.987709
133	43	1.09893
133	49	0.940539
133	53	0.936789
133	60	1.01129
133	63	1.30928
133	84	1.02014
133	101	1.0295
133	103	0.919553
133	125	0.982479
133	126	1.1958
133	129	0.914887
133	135	0.877164
133	140	0.980823
133	141	0.870249
133	144	0.902504
133	148	0.957856
133	150	0.965089
133	153	0.886044
133	158	0.93647
133	159	1.00068
133	162	0.886575
133	163	0.935324
133	166	0.877434
133	168	0.889167
133	176	0.842431
133	178	0.786475
133	179	0.864048
133	180	0.839276
134	12	1.04599
134	14	1.03247
134	17	0.910498
134	27	1.00713
134	29	0.890784
134	31	0.890858
134	34	0.993817
134	40	0.964136
134	41	1.06504
134	42	0.950785
134	46	0.938117
134	59	0.908246
134	82	1.01892
134	89	0.998969
134	99	0.953888
134	100	0.944968
134	104	0.990309
134	108	0.978717
134	109	0.977081
134	113	0.964371
134	117	1.0059
134	119	1.00627
134	130	0.744793
134	147	1.2053
134	148	0.958072
134	150	1.08181
134	153	1.73946
134	156	1.63498
134	165	1.67555
134	166	1.83766
134	177	1.7797
134	179	1.71008
135	4	1.02216
135	7	1.01958
135	28	0.357324
135	32	1.05717
135	35	0.980625
135	39	0.954743
135	47	1.02703
135	50	1.03797
135	59	0.895049
135	61	0.988998
135	63	0.989354
135	66	0.940912
135	71	1.02718
135	78	0.90652
135	79	1.01052
135	91	0.966521
135	97	1.01324
135	98	0.948622
135	100	0.831839
135	106	0.978306
135	107	0.965027
135	110	0.954879
135	114	0.532931
135	115	0.92236
135	123	0.88479
135	125	0.879979
135	133	0.877164
135	140	0.990825
135	160	0.853076
135	163	1.07638
135	166	1.6371
135	178	3.92023
136	10	0.94942
136	21	1.11355
136	70	1.33339
136	72	1.12613
136	82	0.916705
136	94	1.10177
136	108	1.15221
136	109	1.13728
136	126	1.06955
136	130	1.1087
136	142	1.10434
136	144	0.955627
136	146	1.05624
136	147	0.992039
136	149	1.00922
136	152	1.0451
136	157	0.968076
136	161	0.910286
136	162	0.939698
136	164	0.961248
136	165	0.939318
136	166	0.930557
136	167	1.02846
136	169	0.879762
136	170	0.935887
136	171	0.927144
136	172	0.969456
136	175	0.926683
136	176	0.895554
136	177	0.936804
136	178	0.839598
136	179	0.917171
136	180	0.892399
137	42	1.55654
137	54	1.97921
137	75	0.93024
137	77	0.980751
137	96	1.76606
137	103	1.40677
137	107	1.62337
137	110	1.56804
137	111	0.873944
137	118	0.887355
137	132	0.910818
137	142	0.986764
137	143	0.892951
137	147	0.874463
137	150	0.900636
137	151	0.861696
137	153	0.821591
137	155	0.902963
137	156	0.83911
137	159	0.936231
137	164	0.843672
137	166	0.812981
137	167	0.910879
137	168	0.824714
137	169	0.762186
137	171	0.809568
137	174	0.813727
137	175	0.809107
137	176	0.777977
137	177	0.819227
137	178	0.722022
137	179	0.799595
137	180	0.774823
138	3	1.43624
138	25	1.37489
138	33	1.52634
138	35	0.817602
138	37	1.50263
138	50	1.28074
138	60	1.49947
138	74	1.36208
138	101	1.01821
138	120	0.976146
138	130	1.04429
138	132	0.963982
138	143	0.946114
138	144	0.891214
138	145	0.915516
138	146	0.991824
138	149	0.944811
138	152	0.980686
138	153	0.874754
138	154	0.848405
138	156	0.892274
138	159	0.989394
138	160	0.854767
138	161	0.845873
138	162	0.875285
138	163	0.924034
138	169	0.815349
138	170	0.871475
138	171	0.862732
138	172	0.905043
138	173	0.798724
138	176	0.831141
138	177	0.872391
138	178	0.775185
138	179	0.852758
138	180	0.827986
139	26	1.69994
139	42	1.44751
139	71	1.35983
139	74	1.47402
139	92	1.54862
139	112	0.921041
139	116	0.988534
139	127	1.0099
139	128	0.99008
139	146	0.963515
139	147	0.899318
139	148	1.49818
139	150	0.925491
139	151	0.886551
139	156	0.863965
139	157	0.875355
139	158	0.896872
139	159	0.961086
139	160	0.826459
139	161	0.817565
139	162	0.846977
139	163	0.895726
139	164	0.868527
139	167	0.935735
139	168	0.849569
139	170	0.843166
139	171	0.834423
139	172	0.876735
139	174	0.838582
139	175	0.833962
