1	5	0.588241
1	9	0.75586
1	25	0.5748
1	32	0.746822
1	38	0.679606
1	49	0.735227
1	127	0.671906
1	129	2.81904
1	130	0.604759
1	157	0.651791
1	165	0.65461
1	175	5.35654
2	11	0.660134
2	14	0.670791
2	43	0.652155
2	44	0.692471
2	58	0.696648
2	59	0.643225
2	61	0.678525
2	63	0.733291
2	71	3.11948
2	95	0.665748
2	165	0.670294
2	172	7.09329
3	13	0.640525
3	14	0.744138
3	43	0.725501
3	44	0.765817
3	58	0.769994
3	59	0.716572
3	61	0.751872
3	63	0.806637
3	106	1.16656
3	129	3.01294
3	143	5.38558
3	165	0.743641
4	16	0.797828
4	20	0.794548
4	23	0.786088
4	27	0.796004
4	29	0.788088
4	136	3.36984
4	142	0.749406
4	147	2.19881
4	151	0.852665
4	153	0.823196
4	154	0.757036
4	173	4.18879
5	1	0.588241
5	25	0.576412
5	26	0.744592
5	32	0.748434
5	38	0.681218
5	49	0.736839
5	79	2.66147
5	127	0.673518
5	130	0.606371
5	157	0.653403
5	165	0.656222
5	174	5.70041
6	33	0.83319
6	36	0.762129
6	48	0.798952
6	52	0.798596
6	53	0.798634
6	54	0.798816
6	60	0.848922
6	97	4.98403
6	137	2.52322
6	142	0.736358
6	157	0.795485
6	159	3.06746
7	24	0.710165
7	33	0.761222
7	36	0.690161
7	48	0.726985
7	52	0.726629
7	53	0.726666
7	54	0.726849
7	60	0.776955
7	130	4.78435
7	142	0.66439
7	148	4.93837
7	157	0.723517
8	15	0.69465
8	17	0.78152
8	22	0.849222
8	35	0.760691
8	41	0.81585
8	46	0.816313
8	97	0.753028
8	146	2.44443
8	149	0.852578
8	151	0.842456
8	158	5.47264
8	165	1.9659
9	1	0.75586
9	25	0.744031
9	32	0.814183
9	38	0.848837
9	49	0.904458
9	127	0.841137
9	130	0.77399
9	150	2.80723
9	154	5.44088
9	157	0.821023
9	165	0.823841
9	167	3.89668
10	12	0.845907
10	28	0.69196
10	37	0.807928
10	39	0.738669
10	42	0.739468
10	147	3.46536
10	149	0.796555
10	165	3.71446
10	167	0.71076
10	173	0.704628
11	2	0.660134
11	13	0.490078
11	44	0.925794
11	58	0.992053
11	59	0.685362
11	61	0.720661
11	63	0.775427
11	94	0.63132
11	117	3.43547
11	155	2.85445
11	165	0.712431
11	178	8.65635
12	10	0.845907
12	28	0.770217
12	37	0.886185
12	39	0.816926
12	42	0.817725
12	116	1.32684
12	118	4.41437
12	149	0.874812
12	153	2.77935
12	167	0.789017
12	173	0.782885
13	3	0.640525
13	11	0.490078
13	43	1.18013
13	44	0.763896
13	58	1.14058
13	59	1.14931
13	61	0.627705
13	63	0.682471
13	130	5.26959
13	165	0.619475
13	168	5.00381
13	176	5.40789
14	2	0.670791
14	3	0.744138
14	43	0.704948
14	44	0.745264
14	58	0.749441
14	59	0.696019
14	61	0.731319
14	63	0.786084
14	75	0.713524
14	160	3.58021
14	165	0.723088
14	176	5.06086
15	8	0.69465
15	17	0.596475
15	21	0.691868
15	22	0.664177
15	30	1.39545
15	35	0.575646
15	41	0.630805
15	46	0.631268
15	70	2.90699
15	133	4.12831
15	149	0.667533
15	151	0.657411
16	4	0.797828
16	19	0.791603
16	20	0.692263
16	23	0.683802
16	27	0.693718
16	29	0.685803
16	90	3.41374
16	108	4.10689
16	142	0.647121
16	151	0.75038
16	153	0.720911
16	154	0.65475
17	8	0.78152
17	15	0.596475
17	21	0.778739
17	22	0.751047
17	30	0.661421
17	35	0.662516
17	41	0.717675
17	46	0.718138
17	110	3.29661
17	149	0.754403
17	150	4.03625
17	151	0.744281
18	47	0.718914
18	57	0.706491
18	72	0.696627
18	80	0.744417
18	82	0.733201
18	84	0.730461
18	149	0.764659
18	157	3.00625
18	167	0.678864
18	173	0.672732
18	174	5.19197
18	177	0.663921
19	16	0.791603
19	20	0.788323
19	23	0.779863
19	27	0.789778
19	29	0.781863
19	99	2.84554
19	115	2.30736
19	142	0.743181
19	151	0.84644
19	153	0.816971
19	154	0.750811
19	155	4.24121
20	4	0.794548
20	16	0.692263
20	19	0.788323
20	23	0.680523
20	27	0.690438
20	29	0.682523
20	142	0.643841
20	148	5.40026
20	151	0.7471
20	152	4.01177
20	153	0.717631
20	154	0.651471
21	15	0.691868
21	17	0.778739
21	30	0.756814
21	35	0.757909
21	41	0.813068
21	46	0.813531
21	115	0.804284
21	149	0.849796
21	151	0.839674
21	154	4.03804
21	167	2.49384
21	176	4.49539
22	8	0.849222
22	15	0.664177
22	17	0.751047
22	30	0.729123
22	35	0.730218
22	41	0.785377
22	46	0.78584
22	115	0.776593
22	149	0.822105
22	151	0.811983
22	153	2.80094
22	160	4.30809
22	161	4.83888
23	4	0.786088
23	16	0.683802
23	19	0.779863
23	20	0.680523
23	27	0.681978
23	29	0.674063
23	97	0.649211
23	99	2.52658
23	142	0.635381
23	148	6.86137
23	151	0.73864
23	153	0.709171
23	154	0.64301
24	7	0.710165
24	33	0.741306
24	36	0.670245
24	48	0.707068
24	52	0.706712
24	53	0.70675
24	54	0.706933
24	60	0.757039
24	106	3.37184
24	125	4.10167
24	128	0.69717
24	142	0.644474
24	157	0.703601
25	1	0.5748
25	5	0.576412
25	9	0.744031
25	26	0.731151
25	32	0.734993
25	38	0.667777
25	49	0.723397
25	127	0.660076
25	128	2.57445
25	130	0.59293
25	157	0.639962
25	158	6.25869
25	165	0.642781
26	5	0.744592
26	25	0.731151
26	32	0.801303
26	38	0.835957
26	49	0.891578
26	65	3.14294
26	78	0.733688
26	127	0.828257
26	130	0.76111
26	139	4.15025
26	156	3.43592
26	157	0.808142
26	165	0.810961
27	4	0.796004
27	16	0.693718
27	19	0.789778
27	20	0.690438
27	23	0.681978
27	29	0.683978
27	124	2.39384
27	142	0.645297
27	151	0.748555
27	153	0.719086
27	154	0.652926
27	174	5.64137
28	10	0.69196
28	12	0.770217
28	37	0.732238
28	39	0.662979
28	42	0.663778
28	94	0.707556
28	98	0.695478
28	114	5.81541
28	115	0.675353
28	123	2.53111
28	149	0.720865
28	167	0.63507
28	173	0.628938
29	4	0.788088
29	16	0.685803
29	19	0.781863
29	20	0.682523
29	23	0.674063
29	27	0.683978
29	97	0.651212
29	128	2.88571
29	142	0.637381
29	151	0.74064
29	153	0.711171
29	154	0.645011
29	175	5.82239
30	15	1.39545
30	17	0.661421
30	21	0.756814
30	22	0.729123
30	35	0.640591
30	41	0.695751
30	46	0.696214
30	115	0.686966
30	146	2.8341
30	149	0.732478
30	151	0.722357
30	172	7.27305
30	174	2.59929
31	68	0.870772
31	73	0.445836
31	76	0.57379
31	83	0.88803
31	87	0.890386
31	88	0.887494
31	90	3.215
31	102	0.901484
31	103	0.901828
31	104	0.895639
31	156	0.843022
31	177	0.839314
31	179	9.07682
31	180	11.2014
32	1	0.746822
32	5	0.748434
32	9	0.814183
32	25	0.734993
32	26	0.801303
32	38	0.737929
32	49	0.793549
32	127	0.730228
32	130	0.663082
32	157	0.710114
32	165	0.814803
32	166	6.08724
32	174	3.80504
32	179	6.42974
33	6	0.83319
33	7	0.761222
33	24	0.741306
33	36	0.721302
33	48	0.758126
33	52	0.757769
33	53	0.757807
33	54	0.75799
33	60	0.808096
33	129	2.60151
33	135	3.11004
33	142	0.695531
33	157	0.754658
33	163	5.17441
34	57	0.755619
34	62	0.752377
34	69	0.869223
34	72	0.745755
34	82	0.782328
34	84	0.779589
34	116	2.65591
34	154	0.708036
34	156	0.716756
34	161	3.97042
34	167	0.727992
34	173	0.72186
34	177	0.713049
34	179	5.53911
35	8	0.760691
35	15	0.575646
35	17	0.662516
35	21	0.757909
35	22	0.730218
35	30	0.640591
35	41	0.696845
35	46	0.697308
35	97	0.634023
35	101	5.85478
35	115	0.688061
35	118	3.98265
35	149	0.733573
35	151	0.723451
36	6	0.762129
36	7	0.690161
36	24	0.670245
36	33	0.721302
36	48	0.687065
36	52	0.686709
36	53	0.686747
36	54	0.686929
36	60	0.737035
36	128	0.677167
36	141	5.33224
36	142	0.62447
36	143	4.34096
36	157	0.683598
37	10	0.807928
37	12	0.886185
37	28	0.732238
37	39	0.778947
37	42	0.779746
37	115	0.791321
37	116	2.3515
37	137	3.35473
37	149	0.836833
37	167	0.751038
37	173	0.744906
37	178	7.41078
38	1	0.679606
38	5	0.681218
38	9	0.848837
38	25	0.667777
38	26	0.835957
38	32	0.737929
38	49	0.828203
38	78	0.670314
38	98	1.61202
38	127	0.764883
38	130	0.697736
38	157	0.744768
38	163	5.30497
38	165	0.747587
38	173	4.25127
39	10	0.738669
39	12	0.816926
39	28	0.662979
39	37	0.778947
39	42	0.710487
39	71	1.28375
39	75	0.706576
39	94	0.754266
39	98	0.742187
39	115	0.722062
39	146	3.74423
39	149	0.767574
39	156	5.27823
39	167	0.681779
39	173	0.675647
40	55	0.774207
40	56	0.75373
40	68	0.733042
40	75	0.741324
40	83	0.7503
40	87	0.752657
40	94	1.84937
40	102	0.763754
40	103	0.764098
40	104	0.757909
40	151	0.792201
40	153	2.66233
40	156	0.705292
40	175	5.86793
40	177	0.701584
41	8	0.81585
41	15	0.630805
41	17	0.717675
41	21	0.813068
41	22	0.785377
41	30	0.695751
41	35	0.696845
41	46	0.752468
41	97	0.689182
41	115	0.74322
41	149	0.788732
41	150	1.8319
41	151	0.778611
41	162	3.83372
41	164	5.39996
42	10	0.739468
42	12	0.817725
42	28	0.663778
42	37	0.779746
42	39	0.710487
42	75	0.707375
42	94	0.755064
42	98	0.742986
42	110	2.435
42	115	0.722861
42	143	4.76245
42	149	0.768373
42	164	5.1898
42	167	0.682578
42	173	0.676446
43	2	0.652155
43	3	0.725501
43	13	1.18013
43	14	0.704948
43	44	0.726627
43	58	0.730804
43	59	0.677382
43	61	0.712682
43	63	0.767447
43	75	0.694887
43	94	0.742577
43	105	2.06927
43	117	4.02826
43	138	6.12506
43	165	0.704451
44	2	0.692471
44	3	0.765817
44	11	0.925794
44	13	0.763896
44	14	0.745264
44	43	0.726627
44	58	0.77112
44	59	0.717698
44	61	0.752998
44	63	0.807763
44	95	0.740221
44	98	1.94811
44	162	4.3019
44	165	0.744767
44	167	4.9224
45	68	0.729546
45	73	0.749521
45	75	0.737829
45	76	0.79399
45	83	0.746805
45	88	0.746269
45	102	0.760259
45	103	0.760602
45	104	0.754414
45	115	2.42859
45	130	0.697542
45	132	4.3455
45	156	0.701797
45	168	5.36595
45	177	0.698089
46	8	0.816313
46	15	0.631268
46	17	0.718138
46	21	0.813531
46	22	0.78584
46	30	0.696214
46	35	0.697308
46	41	0.752468
46	97	0.689645
46	115	0.743683
46	134	1.97784
46	140	7.20244
46	149	0.789195
46	151	0.779074
46	153	1.43303
47	18	0.718914
47	57	0.721547
47	69	0.835152
47	72	0.711683
47	80	0.759473
47	82	0.748257
47	84	0.745517
47	97	4.21597
47	101	3.74522
47	142	5.31
47	149	0.779715
47	154	0.673964
47	156	0.682685
47	167	0.69392
47	173	0.687788
47	177	0.678977
48	6	0.798952
48	7	0.726985
48	24	0.707068
48	33	0.758126
48	36	0.687065
48	52	0.723532
48	53	0.72357
48	54	0.723753
48	60	0.773858
48	70	0.733474
48	92	3.73194
48	108	1.82298
48	128	0.71399
48	141	5.88096
48	142	0.661294
48	157	0.720421
49	1	0.735227
49	5	0.736839
49	9	0.904458
49	25	0.723397
49	26	0.891578
49	32	0.793549
49	38	0.828203
49	70	1.4656
49	78	0.725934
49	127	0.820503
49	130	0.753357
49	147	1.86874
49	157	0.800389
49	165	0.803207
49	176	6.19531
49	177	4.10701
50	74	0.731243
50	77	0.736124
50	86	0.760568
50	96	0.733803
50	100	2.45788
50	111	0.710081
50	112	0.738416
50	113	0.738812
50	119	0.731668
50	120	0.725852
50	121	0.745347
50	122	0.745221
50	128	0.702728
50	153	0.723821
50	173	4.50089
50	177	4.74918
51	67	0.760301
51	77	0.807798
51	81	0.790539
51	85	0.784816
51	96	0.805477
51	106	1.61494
51	111	0.781755
51	112	0.81009
51	113	0.810486
51	119	0.803342
51	120	0.797526
51	121	0.817021
51	122	0.816895
51	133	2.65305
51	160	4.6568
51	176	6.13746
52	6	0.798596
52	7	0.726629
52	24	0.706712
52	33	0.757769
52	36	0.686709
52	48	0.723532
52	53	0.723214
52	54	0.723396
52	60	0.773502
52	70	0.733117
52	99	2.03296
52	123	1.85256
52	128	0.713634
52	140	7.59756
52	142	0.660938
52	157	0.720065
53	6	0.798634
53	7	0.726666
53	24	0.70675
53	33	0.757807
53	36	0.686747
53	48	0.72357
53	52	0.723214
53	54	0.723434
53	60	0.77354
53	70	0.733155
53	108	2.62373
53	128	0.713672
53	139	5.82298
53	142	0.660975
53	153	2.64971
53	157	0.720103
54	6	0.798816
54	7	0.726849
54	24	0.706933
54	33	0.75799
54	36	0.686929
54	48	0.723753
54	52	0.723396
54	53	0.723434
54	60	0.773723
54	70	0.733338
54	124	2.5244
54	128	0.713854
54	134	3.79874
54	142	0.661158
54	155	4.85441
54	157	0.720285
55	40	0.774207
55	56	0.748751
55	68	0.728063
55	73	0.748037
55	83	0.745321
55	87	0.747678
55	88	0.744785
55	102	0.758775
55	103	0.759119
55	104	0.75293
55	136	4.43121
55	150	2.96287
55	151	0.787222
55	157	3.39514
55	177	0.696605
56	40	0.75373
56	55	0.748751
56	68	0.707586
56	76	0.77203
56	83	0.724844
56	87	0.727201
56	88	0.724308
56	95	0.720886
56	102	0.738298
56	103	0.738642
56	104	0.732453
56	105	2.31033
56	151	0.766745
56	159	4.14914
56	175	5.29342
56	177	0.676128
57	18	0.706491
57	34	0.755619
57	47	0.721547
57	62	0.705883
57	69	0.822729
57	79	2.74141
57	80	0.74705
57	82	0.735833
57	84	0.733094
57	134	3.80716
57	149	0.767292
57	154	0.661541
57	156	0.670262
57	159	5.32368
57	167	0.681497
57	173	0.675365
57	177	0.666554
58	2	0.696648
58	3	0.769994
58	11	0.992053
58	13	1.14058
58	14	0.749441
58	43	0.730804
58	44	0.77112
58	59	0.721875
58	61	0.757175
58	63	0.81194
58	65	4.05706
58	75	0.73938
58	95	0.744398
58	133	1.75093
58	137	3.40818
58	165	0.748944
58	177	4.32668
59	2	0.643225
59	3	0.716572
59	11	0.685362
59	13	1.14931
59	14	0.696019
59	43	0.677382
59	44	0.717698
59	58	0.721875
59	61	0.703752
59	63	0.758518
59	75	0.685958
59	94	0.733648
59	95	0.690976
59	145	4.20207
59	165	0.695521
59	173	3.89831
59	177	4.1466
60	6	0.848922
60	7	0.776955
60	24	0.757039
60	33	0.808096
60	36	0.737035
60	48	0.773858
60	52	0.773502
60	53	0.77354
60	54	0.773723
60	70	0.783444
60	78	7.2
60	128	0.76396
60	134	3.48134
60	142	0.711264
60	144	9.47657
60	157	0.770391
60	171	9.06504
61	2	0.678525
61	3	0.751872
61	11	0.720661
61	13	0.627705
61	14	0.731319
61	43	0.712682
61	44	0.752998
61	58	0.757175
61	59	0.703752
61	63	0.793818
61	75	0.721258
61	94	0.768947
61	95	0.726276
61	138	5.23618
61	161	4.5319
61	165	0.730821
61	173	3.14518
62	34	0.752377
62	57	0.705883
62	69	0.819487
62	72	0.696018
62	80	0.743809
62	82	0.732592
62	84	0.729852
62	124	1.55959
62	127	0.729911
62	147	2.48645
62	149	0.764051
62	154	0.6583
62	156	0.66702
62	167	0.678255
62	173	0.672123
62	177	0.663312
62	179	7.43183
63	2	0.733291
63	3	0.806637
63	11	0.775427
63	13	0.682471
63	14	0.786084
63	43	0.767447
63	44	0.807763
63	58	0.81194
63	59	0.758518
63	61	0.793818
63	94	0.823713
63	95	0.781041
63	117	3.33628
63	141	5.18679
63	153	2.73172
63	165	0.785587
63	170	4.25703
64	67	0.742479
64	85	0.766994
64	86	0.81442
64	89	0.760912
64	96	0.787655
64	107	2.23899
64	111	0.763933
64	112	0.792268
64	113	0.792664
64	119	0.78552
64	120	0.779704
64	121	0.799199
64	122	0.799073
64	134	0.743809
64	135	2.38338
64	169	4.74876
64	175	4.41236
65	26	3.14294
65	58	4.05706
65	92	0.705793
65	141	0.675215
65	147	0.733478
65	148	0.674481
65	163	0.687647
65	168	0.667091
65	169	0.676886
65	170	0.674053
65	171	0.656
65	172	0.654519
65	174	0.688625
65	175	0.672797
65	176	0.668435
65	178	0.651539
65	179	0.658385
65	180	0.650466
66	67	0.622522
66	77	0.670019
66	81	0.65276
66	85	0.647037
66	89	0.640956
66	91	1.52354
66	96	0.667698
66	111	0.643977
66	112	0.672311
66	113	0.672707
66	119	0.665563
66	120	0.659747
66	121	0.679242
66	122	0.679116
66	124	1.93023
66	153	0.657717
66	156	5.11871
66	177	5.09534
67	51	0.760301
67	64	0.742479
67	66	0.622522
67	74	0.718506
67	85	0.700405
67	86	0.747831
67	89	0.694323
67	93	4.55036
67	96	0.721066
67	111	0.697344
67	112	0.725679
67	113	0.726075
67	119	0.718931
67	120	0.713115
67	121	0.73261
67	122	0.732484
67	157	2.11542
67	158	5.7363
68	31	0.870772
68	40	0.733042
68	45	0.729546
68	55	0.728063
68	56	0.707586
68	73	0.706873
68	83	0.704157
68	87	0.706513
68	88	0.703621
68	102	0.71761
68	103	0.717954
68	104	0.711765
68	109	3.29475
68	130	0.654894
68	156	0.659149
68	157	2.87535
68	164	6.01114
68	177	0.655441
69	34	0.869223
69	47	0.835152
69	57	0.822729
69	62	0.819487
69	72	0.812864
69	80	0.860655
69	82	0.849438
69	84	0.846698
69	128	2.30989
69	136	1.93447
69	150	1.94099
69	154	0.775146
69	155	2.1666
69	156	0.783866
69	167	0.795101
69	173	0.788969
69	177	0.780158
69	180	7.83337
70	15	2.90699
70	48	0.733474
70	49	1.4656
70	52	0.733117
70	53	0.733155
70	54	0.733338
70	60	0.783444
70	104	1.59735
70	119	0.752515
70	120	0.746699
70	121	0.766194
70	122	0.766068
70	157	0.730006
70	168	0.675193
70	176	0.676537
70	178	0.659641
70	179	0.666488
70	180	0.658568
71	2	3.11948
71	39	1.28375
71	103	1.29983
71	155	0.757598
71	159	0.75045
71	161	0.734723
71	164	0.730805
71	166	0.721263
71	168	0.718665
71	169	0.728461
71	170	0.725628
71	171	0.707575
71	172	0.706094
71	175	0.724372
71	176	0.72001
71	178	0.703113
71	179	0.70996
71	180	0.70204
72	18	0.696627
72	34	0.745755
72	47	0.711683
72	62	0.696018
72	69	0.812864
72	80	0.737186
72	82	0.725969
72	84	0.72323
72	115	3.51184
72	125	3.39676
72	127	0.723289
72	147	4.04254
72	149	0.757428
72	154	0.651677
72	156	0.660397
72	167	0.671633
72	173	0.665501
72	177	0.65669
73	31	0.445836
73	45	0.749521
73	55	0.748037
73	68	0.706873
73	76	0.771316
73	83	0.724131
73	87	0.726487
73	98	0.750766
73	102	0.737585
73	103	0.737929
73	104	0.73174
73	110	2.32214
73	128	3.43068
73	134	0.702698
73	151	0.766032
73	156	0.679123
73	163	6.40276
73	177	0.675415
74	50	0.731243
74	67	0.718506
74	77	0.766003
74	85	0.743021
74	86	0.790447
74	89	0.736939
74	96	0.763682
74	111	0.73996
74	112	0.768295
74	113	0.768691
74	119	0.761547
74	120	0.755731
74	121	0.775226
74	122	0.7751
74	126	4.34011
74	128	0.732607
74	146	2.33849
74	159	3.47486
74	170	4.51578
75	14	0.713524
75	39	0.706576
75	40	0.741324
75	42	0.707375
75	43	0.694887
75	45	0.737829
75	58	0.73938
75	59	0.685958
75	61	0.721258
75	83	0.712439
75	104	0.720048
75	118	2.80298
75	149	0.764462
75	165	0.713027
75	166	5.96817
75	167	0.678666
75	169	4.70997
75	173	0.672534
75	177	0.663723
76	31	0.57379
76	45	0.79399
76	56	0.77203
76	73	0.771316
76	83	0.7686
76	87	0.770957
76	88	0.768064
76	102	0.782054
76	103	0.782398
76	104	0.776209
76	105	3.02867
76	107	3.8384
76	130	0.719337
76	134	0.747167
76	151	0.810501
76	156	0.723592
76	157	3.13844
76	162	4.708
76	177	0.719884
77	50	0.736124
77	51	0.807798
77	66	0.670019
77	74	0.766003
77	81	0.753624
77	89	0.74182
77	91	0.730302
77	96	0.768562
77	112	0.773175
77	113	0.773571
77	119	0.766427
77	120	0.760611
77	121	0.780106
77	122	0.77998
77	134	0.724716
77	152	4.29241
77	162	3.04314
77	167	3.66364
77	170	4.24355
78	26	0.733688
78	38	0.670314
78	49	0.725934
78	60	7.2
78	84	0.662554
78	105	0.683739
78	109	0.636052
78	138	0.603812
78	157	0.642499
78	165	0.645318
78	167	0.610957
78	170	0.594649
78	173	0.604825
78	176	0.58903
78	177	0.596014
78	178	0.572134
78	179	0.578981
78	180	0.571061
79	5	2.66147
79	57	2.74141
79	81	0.262447
79	99	0.783822
79	132	0.721874
79	140	0.700381
79	141	0.71049
79	147	0.768753
79	163	0.722923
79	166	0.704964
79	168	0.702367
79	170	0.709329
79	171	0.691276
79	172	0.689795
79	174	0.723901
79	176	0.703711
79	178	0.686815
79	179	0.693661
79	180	0.685741
80	18	0.744417
80	47	0.759473
80	57	0.74705
80	62	0.743809
80	69	0.860655
80	72	0.737186
80	82	0.77376
80	84	0.77102
80	127	0.771079
80	128	2.79927
80	131	4.12982
80	149	0.805218
80	154	0.699467
80	156	0.708188
80	162	4.43219
80	165	2.97677
80	167	0.719423
80	173	0.713291
80	177	0.70448
81	51	0.790539
81	66	0.65276
81	77	0.753624
81	79	0.262447
81	85	0.730642
81	86	0.778069
81	89	0.724561
81	91	0.713043
81	96	0.751304
81	111	0.727582
81	112	0.755917
81	113	0.756313
81	119	0.749168
81	120	0.743353
81	121	0.762848
81	122	0.762722
81	136	2.15174
81	144	7.32343
81	153	0.741322
81	156	3.24234
82	18	0.733201
82	34	0.782328
82	47	0.748257
82	57	0.735833
82	62	0.732592
82	69	0.849438
82	72	0.725969
82	80	0.77376
82	84	0.759803
82	99	2.19491
82	127	0.759862
82	134	2.53491
82	149	0.794001
82	150	1.89011
82	154	0.688251
82	156	0.696971
82	167	0.708206
82	171	8.11861
82	173	0.702074
82	177	0.693263
83	31	0.88803
83	40	0.7503
83	45	0.746805
83	55	0.745321
83	56	0.724844
83	68	0.704157
83	73	0.724131
83	75	0.712439
83	76	0.7686
83	87	0.723771
83	88	0.720879
83	94	2.03275
83	102	0.734869
83	103	0.735212
83	104	0.729024
83	129	3.5138
83	134	0.699982
83	151	0.763316
83	165	3.29212
83	170	5.94795
83	177	0.672699
84	18	0.730461
84	34	0.779589
84	47	0.745517
84	57	0.733094
84	62	0.729852
84	69	0.846698
84	72	0.72323
84	78	0.662554
84	80	0.77102
84	82	0.759803
84	105	2.59173
84	127	0.757123
84	145	4.86028
84	149	0.791262
84	153	2.36923
84	154	0.685511
84	156	0.694231
84	160	5.41246
84	167	0.705466
84	173	0.699334
84	177	0.690523
85	51	0.784816
85	64	0.766994
85	66	0.647037
85	67	0.700405
85	74	0.743021
85	81	0.730642
85	89	0.718838
85	91	0.70732
85	96	0.745581
85	111	0.721859
85	112	0.750193
85	113	0.75059
85	116	1.75879
85	119	0.743445
85	120	0.737629
85	121	0.757125
85	122	0.756998
85	126	4.55411
85	132	4.72688
85	153	0.735599
85	154	5.69407
86	50	0.760568
86	64	0.81442
86	67	0.747831
86	74	0.790447
86	81	0.778069
86	89	0.766264
86	91	0.754746
86	93	4.64964
86	100	2.02672
86	111	0.769285
86	112	0.79762
86	113	0.798016
86	116	1.72412
86	119	0.790871
86	120	0.785056
86	121	0.804551
86	122	0.804425
86	134	0.749161
86	153	0.783025
86	159	3.94375
86	169	5.42443
87	31	0.890386
87	40	0.752657
87	55	0.747678
87	56	0.727201
87	68	0.706513
87	73	0.726487
87	76	0.770957
87	83	0.723771
87	88	0.723235
87	95	0.719813
87	102	0.737225
87	103	0.737569
87	104	0.73138
87	125	2.12523
87	130	0.674508
87	135	3.75032
87	151	0.765672
87	153	2.57369
87	156	0.678763
87	169	6.11569
87	177	0.675055
88	31	0.887494
88	45	0.746269
88	55	0.744785
88	56	0.724308
88	68	0.703621
88	76	0.768064
88	83	0.720879
88	87	0.723235
88	98	0.747514
88	102	0.734333
88	103	0.734676
88	104	0.728488
88	124	1.68431
88	130	0.671616
88	134	0.699446
88	137	3.93093
88	151	0.76278
88	156	0.675871
88	165	2.86026
88	168	6.53365
88	177	0.672163
89	64	0.760912
89	66	0.640956
89	67	0.694323
89	74	0.736939
89	77	0.74182
89	81	0.724561
89	85	0.718838
89	86	0.766264
89	91	0.701238
89	95	0.713128
89	100	1.78604
89	111	0.715777
89	112	0.744112
89	113	0.744508
89	120	0.731548
89	121	0.751043
89	122	0.750917
89	128	0.708424
89	153	0.729517
89	169	5.18376
89	175	4.84736
89	177	4.07735
90	16	3.41374
90	31	3.215
90	121	0.146735
90	130	0.691091
90	139	0.694543
90	152	0.711802
90	154	0.686625
90	158	0.690546
90	159	0.715095
90	160	0.700643
90	161	0.699367
90	163	0.703866
90	164	0.69545
90	166	0.685907
90	169	0.693105
90	171	0.672219
90	172	0.670738
90	174	0.704844
90	176	0.684654
90	178	0.667758
90	179	0.674604
90	180	0.666685
91	66	1.52354
91	77	0.730302
91	81	0.713043
91	85	0.70732
91	86	0.754746
91	89	0.701238
91	95	0.70161
91	96	0.727981
91	111	0.704259
91	112	0.732594
91	119	0.725846
91	120	0.72003
91	121	0.739525
91	122	0.739399
91	127	0.723451
91	131	3.21854
91	134	0.684135
91	142	4.7422
91	143	2.71101
91	146	2.87844
91	153	0.718
91	180	6.93753
92	48	3.73194
92	65	0.705793
92	99	0.727485
92	127	3.26761
92	137	0.698307
92	139	0.657262
92	144	0.641743
92	155	0.684962
92	158	0.653265
92	162	0.678124
92	164	0.658169
92	168	0.646029
92	169	0.655825
92	170	0.652992
92	171	0.634939
92	172	0.633458
92	174	0.667563
92	175	0.651736
92	176	0.647373
92	178	0.630477
92	179	0.637324
92	180	0.629404
93	67	4.55036
93	86	4.64964
93	118	0.691833
93	136	0.696617
93	137	0.695779
93	152	0.671994
93	160	0.660836
93	161	0.659559
93	162	0.675597
93	163	0.664058
93	164	0.655642
93	166	0.6461
93	168	0.643502
93	169	0.653297
93	170	0.650465
93	171	0.632412
93	172	0.63093
93	174	0.665036
93	175	0.649208
93	176	0.644846
93	178	0.62795
93	179	0.634797
93	180	0.626877
94	11	0.63132
94	28	0.707556
94	39	0.754266
94	40	1.84937
94	42	0.755064
94	43	0.742577
94	59	0.733648
94	61	0.768947
94	63	0.823713
94	83	2.03275
94	111	0.561777
94	119	1.41532
94	132	0.722593
94	149	0.812152
94	165	0.760717
94	167	0.726356
94	170	0.710048
94	171	0.691995
94	173	0.720224
94	176	0.704429
94	178	0.687533
94	179	0.69438
94	180	0.68646
95	2	0.665748
95	44	0.740221
95	56	0.720886
95	58	0.744398
95	59	0.690976
95	61	0.726276
95	63	0.781041
95	87	0.719813
95	89	0.713128
95	91	0.70161
95	96	0.73987
95	102	0.730911
95	103	0.731255
95	104	0.725066
95	113	0.744879
95	121	0.751414
95	122	0.751288
95	152	3.33066
95	165	0.718045
95	166	4.97976
95	167	2.70189
95	171	6.30806
95	177	0.668741
96	50	0.733803
96	51	0.805477
96	64	0.787655
96	66	0.667698
96	67	0.721066
96	74	0.763682
96	77	0.768562
96	81	0.751304
96	85	0.745581
96	91	0.727981
96	95	0.73987
96	110	2.34625
96	111	0.74252
96	112	0.770855
96	113	0.771251
96	119	0.764106
96	120	0.758291
96	121	0.777786
96	122	0.77766
96	127	0.761712
96	145	4.17422
96	152	4.83427
96	155	3.28364
96	164	5.15123
97	6	4.98403
97	8	0.753028
97	23	0.649211
97	29	0.651212
97	35	0.634023
97	41	0.689182
97	46	0.689645
97	47	4.21597
97	125	0.692241
97	142	0.61253
97	145	0.638847
97	149	0.72591
97	151	0.715788
97	152	0.645336
97	153	0.686319
97	154	0.620159
97	160	0.634177
97	166	0.619441
97	175	0.62255
97	176	0.618188
97	178	0.601292
97	179	0.608138
97	180	0.600219
98	28	0.695478
98	38	1.61202
98	39	0.742187
98	42	0.742986
98	44	1.94811
98	73	0.750766
98	88	0.747514
98	102	0.761504
98	103	0.761848
98	104	0.755659
98	111	0.922774
98	119	1.77631
98	139	0.702239
98	149	0.800073
98	167	0.714277
98	168	0.691007
98	169	0.700802
98	172	0.678435
98	173	0.708145
98	174	0.712541
98	177	0.699334
98	178	0.675455
98	179	0.682301
98	180	0.674381
99	19	2.84554
99	23	2.52658
99	52	2.03296
99	79	0.783822
99	82	2.19491
99	92	0.727485
99	124	0.794619
99	135	0.746906
99	141	0.696907
99	145	0.710787
99	146	0.746217
99	147	0.75517
99	148	0.696173
99	152	0.717275
99	159	0.720568
99	163	0.709339
99	169	0.698579
99	172	0.676212
99	174	0.710317
99	175	0.694489
99	176	0.690127
99	178	0.673231
99	179	0.680078
99	180	0.672158
100	50	2.45788
100	86	2.02672
100	89	1.78604
100	106	0.811945
100	127	1.5289
100	136	0.757598
100	140	0.702497
100	152	0.732975
100	159	0.736267
100	160	0.721816
100	161	0.72054
100	166	0.70708
100	167	0.727753
100	168	0.704483
100	169	0.714278
100	170	0.711445
100	171	0.693392
100	172	0.691911
100	174	0.726017
100	175	0.710189
100	176	0.705827
100	178	0.688931
100	179	0.695777
100	180	0.687857
101	35	5.85478
101	47	3.74522
101	126	0.66459
101	132	0.656965
101	138	0.653583
101	143	0.665701
101	144	0.63317
101	147	0.703843
101	150	0.723426
101	159	0.669241
101	164	0.649596
101	165	0.695088
101	166	0.640054
101	168	0.637457
101	169	0.647252
101	170	0.644419
101	171	0.626366
101	172	0.624885
101	174	0.658991
101	175	0.643163
101	176	0.638801
101	178	0.621905
101	179	0.628751
101	180	0.620831
102	31	0.901484
102	40	0.763754
102	45	0.760259
102	55	0.758775
102	56	0.738298
102	68	0.71761
102	73	0.737585
102	76	0.782054
102	83	0.734869
102	87	0.737225
102	88	0.734333
102	95	0.730911
102	98	0.761504
102	103	0.748666
102	104	0.742478
102	106	2.03093
102	108	1.8464
102	130	0.685606
102	134	0.713436
102	145	4.36343
102	151	0.77677
102	156	0.689861
102	168	5.99217
102	170	4.97462
102	177	0.686153
103	31	0.901828
103	40	0.764098
103	45	0.760602
103	55	0.759119
103	56	0.738642
103	68	0.717954
103	71	1.29983
103	73	0.737929
103	76	0.782398
103	83	0.735212
103	87	0.737569
103	88	0.734676
103	95	0.731255
103	98	0.761848
103	102	0.748666
103	104	0.742821
103	116	1.38284
103	130	0.68595
103	134	0.71378
103	146	3.76031
103	151	0.777114
103	156	0.690204
103	161	6.40938
103	165	3.28178
103	177	0.686497
104	31	0.895639
104	40	0.757909
104	45	0.754414
104	55	0.75293
104	56	0.732453
104	68	0.711765
104	70	1.59735
104	73	0.73174
104	75	0.720048
104	76	0.776209
104	83	0.729024
104	87	0.73138
104	88	0.728488
104	95	0.725066
104	98	0.755659
104	102	0.742478
104	103	0.742821
104	123	2.98324
104	130	0.679761
104	133	2.81867
104	134	0.707591
104	147	3.15616
104	151	0.770925
104	156	0.684016
104	170	6.06108
104	177	0.680308
105	43	2.06927
105	56	2.31033
105	76	3.02867
105	78	0.683739
105	84	2.59173
105	129	0.766372
105	141	0.711504
105	146	0.760814
105	155	0.742313
105	158	0.710616
105	159	0.735165
105	160	0.720714
105	164	0.71552
105	166	0.705978
105	168	0.70338
105	169	0.713176
105	170	0.710343
105	171	0.69229
105	172	0.690809
105	174	0.724914
105	175	0.709087
105	176	0.704724
105	178	0.687828
105	179	0.694675
105	180	0.686755
106	3	1.16656
106	24	3.37184
106	51	1.61494
106	100	0.811945
106	102	2.03093
106	110	0.795541
106	120	1.02093
106	145	0.736793
106	147	0.781177
106	148	0.72218
106	152	0.743282
106	155	0.753723
106	159	0.746575
106	160	0.732123
106	161	0.730847
106	166	0.717387
106	168	0.71479
106	169	0.724585
106	170	0.721752
106	171	0.703699
106	172	0.702218
106	174	0.736324
106	175	0.720496
106	176	0.716134
106	178	0.699238
106	179	0.706084
106	180	0.698165
107	64	2.23899
107	76	3.8384
107	121	1.89809
107	123	0.741245
107	126	0.688197
107	139	0.672297
107	146	0.718498
107	150	0.747033
107	152	0.689556
107	155	0.699997
107	161	0.677121
107	162	0.693159
107	163	0.68162
107	166	0.663661
107	168	0.661064
107	169	0.670859
107	170	0.668026
107	171	0.649973
107	172	0.648492
107	174	0.682598
107	175	0.66677
107	176	0.662408
107	178	0.645512
107	179	0.652358
107	180	0.644439
108	16	4.10689
108	48	1.82298
108	53	2.62373
108	102	1.8464
108	136	0.748414
108	140	0.693313
108	144	0.691012
108	146	0.752733
108	148	0.702689
108	154	0.698614
108	155	0.734232
108	160	0.712632
108	161	0.711356
108	163	0.715855
108	166	0.697897
108	168	0.695299
108	170	0.702261
108	171	0.684208
108	172	0.682727
108	173	0.712438
108	174	0.716833
108	175	0.701005
108	176	0.696643
108	178	0.679747
108	179	0.686594
108	180	0.678674
109	68	3.29475
109	78	0.636052
109	111	2.12642
109	112	1.81394
109	118	0.704025
109	125	0.731092
109	132	0.675202
109	139	0.666927
109	146	0.713128
109	150	0.741663
109	155	0.694627
109	158	0.66293
109	159	0.687479
109	162	0.687789
109	163	0.67625
109	168	0.655694
109	169	0.665489
109	170	0.662656
109	171	0.644603
109	172	0.643122
109	174	0.677228
109	175	0.6614
109	176	0.657038
109	177	0.664022
109	178	0.640142
109	179	0.646988
109	180	0.639069
110	17	3.29661
110	42	2.435
110	73	2.32214
110	96	2.34625
110	106	0.795541
110	129	0.751071
110	137	0.740356
110	143	0.716323
110	150	0.774048
110	158	0.695315
110	159	0.719864
110	160	0.705412
110	162	0.720174
110	164	0.700218
110	166	0.690676
110	168	0.688079
110	169	0.697874
110	170	0.695041
110	171	0.676988
110	172	0.675507
110	174	0.709613
110	175	0.693785
110	176	0.689423
110	178	0.672527
110	179	0.679373
110	180	0.671454
111	50	0.710081
111	51	0.781755
111	64	0.763933
111	66	0.643977
111	67	0.697344
111	74	0.73996
111	81	0.727582
111	85	0.721859
111	86	0.769285
111	89	0.715777
111	91	0.704259
111	94	0.561777
111	96	0.74252
111	98	0.922774
111	109	2.12642
111	112	0.747133
111	113	0.747529
111	119	0.740385
111	120	0.734569
111	121	0.754064
111	122	0.753938
111	127	0.73799
111	128	0.711445
111	134	0.698674
111	135	2.55136
111	153	0.732538
111	172	8.5665
112	50	0.738416
112	51	0.81009
112	64	0.792268
112	66	0.672311
112	67	0.725679
112	74	0.768295
112	77	0.773175
112	81	0.755917
112	85	0.750193
112	86	0.79762
112	89	0.744112
112	91	0.732594
112	96	0.770855
112	109	1.81394
112	111	0.747133
112	113	0.775864
112	115	2.15221
112	119	0.768719
112	120	0.762904
112	121	0.782399
112	122	0.782273
112	127	0.766325
112	128	0.73978
112	153	0.760873
112	157	2.81786
112	174	3.58026
112	177	3.49784
112	178	8.46463
113	50	0.738812
113	51	0.810486
113	64	0.792664
113	66	0.672707
113	67	0.726075
113	74	0.768691
113	77	0.773571
113	81	0.756313
113	85	0.75059
113	86	0.798016
113	89	0.744508
113	95	0.744879
113	96	0.771251
113	111	0.747529
113	112	0.775864
113	119	0.769115
113	120	0.7633
113	121	0.782795
113	122	0.782669
113	125	2.34891
113	126	4.30579
113	127	0.766721
113	134	0.727404
113	153	0.761269
113	158	5.33237
113	162	3.28105
113	165	1.82563
113	176	5.9031
114	28	5.81541
114	124	0.726764
114	133	0.697439
114	135	0.679051
114	137	0.673205
114	140	0.618942
114	141	0.629052
114	145	0.642931
114	147	0.687315
114	149	3.1841
114	155	0.659861
114	156	0.632964
114	158	0.628164
114	159	0.652713
114	161	0.636985
114	162	0.653023
114	164	0.633068
114	166	0.623526
114	168	0.620928
114	169	0.630723
114	171	0.609837
114	172	0.608356
114	174	0.642462
114	175	0.626634
114	176	0.622272
114	178	0.605376
114	179	0.612222
114	180	0.604303
115	19	2.30736
115	21	0.804284
115	22	0.776593
115	28	0.675353
115	30	0.686966
115	35	0.688061
115	37	0.791321
115	39	0.722062
115	41	0.74322
115	42	0.722861
115	45	2.42859
115	46	0.743683
115	72	3.51184
115	112	2.15221
115	149	0.779948
115	151	0.769826
115	166	0.673479
115	167	0.694153
115	168	0.670882
115	169	0.680677
115	173	0.688021
115	175	0.676588
115	176	0.672226
115	178	0.65533
115	179	0.662176
115	180	0.654257
116	12	1.32684
116	34	2.65591
116	37	2.3515
116	85	1.75879
116	86	1.72412
116	103	1.38284
116	137	0.801388
116	139	0.760343
116	141	0.757234
116	147	0.815497
116	155	0.788044
116	159	0.780895
116	161	0.765168
116	162	0.781205
116	164	0.76125
116	166	0.751708
116	168	0.749111
116	169	0.758906
116	170	0.756073
116	171	0.73802
116	172	0.736539
116	173	0.76625
116	174	0.770645
116	175	0.754817
116	176	0.750455
116	178	0.733559
116	179	0.740405
116	180	0.732485
117	11	3.43547
117	43	4.02826
117	63	3.33628
117	129	0.714149
117	132	0.670665
117	135	0.70928
117	143	0.679401
117	144	0.64687
117	146	0.708591
117	147	0.717543
117	155	0.69009
117	158	0.658392
117	160	0.66849
117	161	0.667214
117	162	0.683251
117	164	0.663296
117	166	0.653754
117	167	0.674428
117	169	0.660952
117	170	0.658119
117	172	0.638585
117	174	0.672691
117	175	0.656863
117	176	0.652501
117	178	0.635605
117	179	0.642451
117	180	0.634532
118	12	4.41437
118	35	3.98265
118	75	2.80298
118	93	0.691833
118	109	0.704025
118	123	0.73584
118	126	0.682792
118	132	0.675167
118	140	0.653673
118	143	0.683903
118	144	0.651372
118	152	0.684151
118	158	0.662894
118	160	0.672992
118	161	0.671716
118	163	0.676215
118	164	0.667798
118	166	0.658256
118	169	0.665454
118	170	0.662621
118	171	0.644568
118	172	0.643087
118	174	0.677193
118	175	0.661365
118	176	0.657003
118	178	0.640107
118	179	0.646953
118	180	0.639033
119	50	0.731668
119	51	0.803342
119	64	0.78552
119	66	0.665563
119	67	0.718931
119	70	0.752515
119	74	0.761547
119	77	0.766427
119	81	0.749168
119	85	0.743445
119	86	0.790871
119	91	0.725846
119	94	1.41532
119	96	0.764106
119	98	1.77631
119	111	0.740385
119	112	0.768719
119	113	0.769115
119	120	0.756155
119	121	0.77565
119	122	0.775524
119	127	0.759577
119	128	0.733031
119	132	5.32762
119	134	0.72026
119	135	3.4049
119	150	2.12828
119	153	0.754125
119	173	4.41556
120	50	0.725852
120	51	0.797526
120	64	0.779704
120	66	0.659747
120	67	0.713115
120	70	0.746699
120	74	0.755731
120	77	0.760611
120	81	0.743353
120	85	0.737629
120	86	0.785056
120	89	0.731548
120	91	0.72003
120	96	0.758291
120	106	1.02093
120	111	0.734569
120	112	0.762904
120	113	0.7633
120	119	0.756155
120	121	0.769835
120	122	0.769709
120	123	2.22362
120	127	0.753761
120	128	0.727216
120	131	3.79868
120	134	0.714444
120	153	0.748309
120	155	3.79969
120	160	5.24244
120	167	4.72155
121	50	0.745347
121	51	0.817021
121	64	0.799199
121	66	0.679242
121	67	0.73261
121	70	0.766194
121	74	0.775226
121	77	0.780106
121	81	0.762848
121	85	0.757125
121	86	0.804551
121	89	0.751043
121	90	0.146735
121	91	0.739525
121	95	0.751414
121	96	0.777786
121	107	1.89809
121	111	0.754064
121	112	0.782399
121	113	0.782795
121	119	0.77565
121	120	0.769835
121	122	0.789204
121	127	0.773256
121	128	0.746711
121	134	0.733939
121	137	2.38294
121	150	2.40236
121	153	0.767804
121	156	3.32481
121	174	3.38386
121	178	8.26824
122	50	0.745221
122	51	0.816895
122	64	0.799073
122	66	0.679116
122	67	0.732484
122	70	0.766068
122	74	0.7751
122	77	0.77998
122	81	0.762722
122	85	0.756998
122	86	0.804425
122	89	0.750917
122	91	0.739399
122	95	0.751288
122	96	0.77766
122	111	0.753938
122	112	0.782273
122	113	0.782669
122	119	0.775524
122	120	0.769709
122	121	0.789204
122	127	0.77313
122	128	0.746585
122	130	4.34606
122	134	0.733813
122	136	3.31275
122	138	4.23877
122	153	0.767678
122	154	4.02701
122	157	2.65154
122	163	3.20147
122	180	7.22772
123	28	2.53111
123	52	1.85256
123	104	2.98324
123	107	0.741245
123	118	0.73584
123	120	2.22362
123	127	1.40902
123	132	0.707016
123	133	0.764019
123	137	0.739786
123	138	0.703634
123	145	0.709512
123	147	0.753895
123	150	0.773478
123	158	0.694744
123	159	0.719293
123	160	0.704842
123	161	0.703566
123	163	0.708065
123	164	0.699648
123	166	0.690106
123	168	0.687509
123	169	0.697304
123	170	0.694471
123	171	0.676418
123	172	0.674937
123	174	0.709043
123	175	0.693215
123	176	0.688853
123	178	0.671957
123	179	0.678803
123	180	0.670883
124	27	2.39384
124	54	2.5244
124	62	1.55959
124	66	1.93023
124	88	1.68431
124	99	0.794619
124	114	0.726764
124	129	0.776156
124	133	0.789674
124	134	0.748775
124	136	0.766279
124	138	0.72929
124	139	0.724396
124	145	0.735167
124	149	0.907133
124	158	0.720399
124	160	0.730497
124	161	0.729221
124	162	0.745258
124	164	0.725303
124	166	0.715761
124	168	0.713164
124	169	0.722959
124	170	0.720126
124	171	0.702073
124	172	0.700592
124	174	0.734698
124	175	0.71887
124	176	0.714508
124	177	0.721492
124	178	0.697612
124	179	0.704458
124	180	0.696539
125	24	4.10167
125	72	3.39676
125	87	2.12523
125	97	0.692241
125	109	0.731092
125	113	2.34891
125	126	0.709858
125	129	0.745717
125	135	0.740849
125	137	0.735003
125	138	0.698851
125	141	0.690849
125	144	0.678439
125	145	0.704729
125	149	1.11974
125	152	0.711217
125	155	0.721658
125	158	0.689961
125	159	0.71451
125	162	0.71482
125	163	0.703281
125	164	0.694865
125	166	0.685323
125	168	0.682725
125	169	0.692521
125	170	0.689688
125	171	0.671635
125	172	0.670154
125	174	0.704259
125	175	0.688432
125	176	0.684069
125	178	0.667173
125	179	0.67402
125	180	0.6661
126	74	4.34011
126	85	4.55411
126	101	0.66459
126	107	0.688197
126	113	4.30579
126	118	0.682792
126	125	0.709858
126	131	0.674792
126	132	0.653968
126	136	0.687576
126	143	0.662705
126	146	0.691894
126	150	0.72043
126	152	0.662953
126	155	0.673393
126	158	0.641696
126	160	0.651794
126	161	0.650518
126	162	0.666555
126	163	0.655017
126	164	0.6466
126	166	0.637058
126	168	0.634461
126	169	0.644256
126	170	0.641423
126	171	0.62337
126	172	0.621889
126	174	0.655995
126	175	0.640167
126	176	0.635805
126	178	0.618909
126	179	0.625755
126	180	0.617835
127	1	0.671906
127	5	0.673518
127	9	0.841137
127	25	0.660076
127	26	0.828257
127	32	0.730228
127	38	0.764883
127	49	0.820503
127	62	0.729911
127	72	0.723289
127	80	0.771079
127	82	0.759862
127	84	0.757123
127	91	0.723451
127	92	3.26761
127	96	0.761712
127	100	1.5289
127	111	0.73799
127	112	0.766325
127	113	0.766721
127	119	0.759577
127	120	0.753761
127	121	0.773256
127	122	0.77313
127	123	1.40902
127	129	2.05272
127	147	1.58194
127	154	0.68557
127	156	0.69429
127	157	0.737068
127	165	0.739886
127	166	6.18483
127	167	0.705526
127	168	5.50442
127	173	0.699394
127	177	0.690583
128	24	0.69717
128	25	2.57445
128	29	2.88571
128	36	0.677167
128	48	0.71399
128	50	0.702728
128	52	0.713634
128	53	0.713672
128	54	0.713854
128	60	0.76396
128	69	2.30989
128	73	3.43068
128	74	0.732607
128	80	2.79927
128	89	0.708424
128	111	0.711445
128	112	0.73978
128	119	0.733031
128	120	0.727216
128	121	0.746711
128	122	0.746585
128	135	0.713833
128	142	0.651395
128	145	0.677713
128	157	0.710523
128	161	0.671767
128	162	0.687804
128	163	0.676266
128	169	0.665505
128	170	0.662672
128	174	0.677244
128	175	0.661416
128	178	0.640158
128	179	0.647004
128	180	0.639084
129	1	2.81904
129	3	3.01294
129	33	2.60151
129	83	3.5138
129	105	0.766372
129	110	0.751071
129	117	0.714149
129	124	0.776156
129	125	0.745717
129	127	2.05272
129	133	0.74683
129	140	0.668334
129	143	0.698564
129	145	0.692323
129	148	0.677709
129	150	0.756289
129	152	0.698811
129	155	0.709252
129	158	0.677555
129	159	0.702104
129	162	0.702414
129	164	0.682459
129	168	0.670319
129	169	0.680115
129	170	0.677282
129	171	0.659229
129	172	0.657748
129	173	0.687458
129	174	0.691854
129	175	0.676026
129	176	0.671664
129	177	0.678647
129	178	0.654767
129	179	0.661614
129	180	0.653694
130	1	0.604759
130	5	0.606371
130	7	4.78435
130	9	0.77399
130	13	5.26959
130	25	0.59293
130	26	0.76111
130	32	0.663082
130	38	0.697736
130	45	0.697542
130	49	0.753357
130	68	0.654894
130	76	0.719337
130	87	0.674508
130	88	0.671616
130	90	0.691091
130	102	0.685606
130	103	0.68595
130	104	0.679761
130	122	4.34606
130	144	0.610822
130	145	0.637112
130	156	0.627144
130	157	0.669921
130	164	0.627248
130	165	0.67274
130	166	0.617706
130	171	0.604018
130	172	0.602537
130	174	0.636643
130	175	0.620815
130	176	0.616453
130	177	0.623436
130	178	0.599557
130	179	0.606403
130	180	0.598483
131	80	4.12982
131	91	3.21854
131	120	3.79868
131	126	0.674792
131	132	0.667167
131	133	0.724169
131	134	0.68327
131	135	0.705782
131	138	0.663785
131	139	0.658892
131	140	0.645673
131	141	0.655783
131	143	0.675904
131	144	0.643372
131	146	0.705093
131	150	0.733628
131	151	1.57925
131	155	0.686592
131	158	0.654895
131	159	0.679444
131	160	0.664992
131	161	0.663716
131	162	0.679754
131	164	0.659799
131	165	0.70529
131	166	0.650256
131	168	0.647659
131	169	0.657454
131	170	0.654621
131	171	0.636568
131	172	0.635087
131	174	0.669193
131	175	0.653365
131	176	0.649003
131	178	0.632107
131	179	0.638953
131	180	0.631034
132	45	4.3455
132	79	0.721874
132	85	4.72688
132	94	0.722593
132	101	0.656965
132	109	0.675202
132	117	0.670665
132	118	0.675167
132	119	5.32762
132	123	0.707016
132	126	0.653968
132	131	0.667167
132	139	0.638068
132	141	0.634959
132	145	0.648839
132	148	0.634225
132	150	0.712805
132	152	0.655328
132	155	0.665768
132	156	0.638871
132	158	0.634071
132	161	0.642893
132	162	0.65893
132	163	0.647392
