1	129	1.59631
1	165	0.872337
1	168	0.89881
1	169	0.869647
1	170	0.888109
1	174	0.880115
1	175	0.866072
1	176	0.850406
1	177	0.871601
1	178	0.851208
1	179	0.877353
1	180	0.857346
2	18	1.11903
2	24	1.0977
2	39	1.0679
2	53	1.14696
2	91	1.06284
2	137	1.58003
2	142	0.99116
2	147	1.04211
2	148	2.11718
2	151	0.982498
2	156	1.06533
2	159	1.11548
3	114	0.934363
3	121	0.980647
3	123	0.927831
3	130	1.68565
3	142	0.851214
3	168	0.878835
3	172	0.815221
3	176	0.830431
3	177	0.851626
3	178	0.831233
3	179	0.857378
3	180	0.837371
4	23	0.998078
4	29	0.986434
4	45	0.973471
4	58	0.956838
4	59	0.952704
4	61	0.932808
4	64	0.933341
4	68	0.933894
4	69	0.937553
4	75	0.99599
4	123	1.10195
4	180	3.05956
5	32	1.02603
5	35	0.99698
5	38	0.996474
5	40	0.996166
5	47	0.996026
5	51	0.983599
5	93	1.9981
5	138	1.76446
5	146	0.962527
5	164	0.888588
5	165	0.891537
5	173	0.876293
6	16	1.12624
6	43	1.07516
6	46	1.06653
6	48	1.07427
6	52	1.14714
6	60	1.05351
6	116	3.22859
6	140	1.17827
6	147	1.01195
6	157	1.09146
6	165	0.983164
6	166	0.990963
7	94	0.969973
7	97	1.02509
7	104	0.939042
7	105	0.984504
7	119	1.00955
7	121	1.46219
7	129	1.00265
7	130	0.982892
7	132	0.976354
7	160	2.38909
7	167	0.871353
7	173	0.866228
8	19	1.04203
8	32	1.01942
8	35	0.990373
8	38	0.989867
8	40	0.989558
8	47	0.989418
8	51	0.976992
8	98	1.55562
8	153	2.28465
8	164	0.88198
8	165	0.88493
8	173	0.869685
9	25	0.981564
9	63	0.93789
9	96	0.997871
9	103	0.997263
9	109	0.959753
9	115	0.997463
9	117	0.950441
9	118	0.982866
9	141	0.81482
9	143	1.45741
9	157	0.982172
9	164	2.64909
10	16	1.01821
10	36	0.969839
10	43	0.967138
10	48	0.966245
10	50	0.968004
10	52	1.03912
10	60	0.945481
10	81	2.48721
10	139	1.558
10	157	0.983439
10	165	0.87514
10	166	0.882939
11	27	1.09084
11	29	1.09818
11	37	1.07875
11	57	1.06054
11	61	1.04456
11	64	1.04509
11	68	1.04564
11	69	1.0493
11	75	1.10774
11	164	1.7799
11	165	1.64187
11	177	1.70518
12	17	1.09778
12	24	1.0668
12	26	1.07014
12	39	1.03699
12	44	0.901266
12	53	1.11606
12	91	1.03194
12	142	0.960256
12	147	1.01121
12	151	0.951594
12	159	1.08457
12	175	2.60391
12	177	1.97695
13	20	1.05637
13	56	1.00434
13	74	1.05003
13	83	1.04339
13	89	1.74998
13	96	1.06391
13	99	1.64688
13	109	1.0258
13	115	1.06351
13	117	1.01648
13	118	1.04891
13	142	1.69753
13	157	1.04822
14	77	1.09529
14	104	1.0155
14	105	1.06096
14	126	1.04383
14	129	1.0791
14	130	1.05935
14	132	1.05281
14	145	1.32665
14	147	1.00773
14	157	1.06622
14	162	2.33095
14	171	1.93968
14	173	0.942682
15	42	1.06882
15	78	1.07608
15	80	1.06603
15	82	0.941581
15	92	1.04183
15	110	1.10059
15	112	1.08825
15	143	1.64847
15	144	1.13109
15	159	1.08735
15	166	0.97198
15	167	0.954061
15	179	2.54865
16	6	1.12624
16	10	1.01821
16	34	1.07636
16	36	1.05803
16	46	1.04669
16	50	1.05619
16	60	1.03367
16	133	1.11728
16	157	1.07163
16	165	0.963329
16	166	0.971128
16	168	1.50375
16	173	2.77389
17	12	1.09778
17	18	1.08335
17	24	1.06202
17	26	1.06537
17	39	1.03222
17	53	1.11129
17	140	2.27134
17	142	0.955486
17	146	1.07658
17	147	1.00644
17	149	1.93944
17	151	0.946823
17	159	1.0798
18	2	1.11903
18	17	1.08335
18	26	1.05571
18	39	1.02256
18	53	1.10163
18	66	1.07019
18	142	0.945826
18	147	0.996781
18	151	0.937164
18	152	1.42005
18	159	1.07014
18	164	2.17188
18	167	2.47653
19	8	1.04203
19	35	1.0828
19	38	1.08229
19	40	1.08198
19	47	1.08184
19	51	1.06942
19	106	1.28377
19	146	1.04834
19	164	0.974403
19	165	0.977353
19	166	1.86038
19	167	2.70547
19	173	0.962109
20	13	1.05637
20	63	1.00072
20	85	1.03192
20	96	1.0607
20	103	1.0601
20	109	1.02259
20	115	1.0603
20	117	1.01327
20	118	1.0457
20	147	1.35736
20	157	1.04501
20	168	1.50867
20	180	2.97053
21	30	1.00524
21	78	0.988622
21	82	0.854124
21	87	0.923892
21	92	0.954375
21	110	1.01313
21	112	1.0008
21	125	0.893673
21	154	2.53807
21	159	0.999892
21	166	0.884524
21	167	0.866604
21	169	1.96565
22	85	0.370381
22	89	0.979569
22	92	1.02976
22	148	0.956941
22	158	0.938491
22	160	0.95985
22	161	0.923125
22	169	0.920959
22	170	0.939421
22	176	0.901718
22	177	0.922913
22	178	0.90252
22	179	0.928665
22	180	0.908658
23	4	0.998078
23	27	1.04754
23	37	1.03545
23	58	1.02528
23	59	1.02115
23	61	1.00125
23	64	1.00178
23	68	1.00234
23	69	1.006
23	75	1.06443
23	93	1.00309
23	146	0.865336
23	151	1.70154
23	178	2.74761
24	2	1.0977
24	12	1.0668
24	17	1.06202
24	26	1.03439
24	39	1.00124
24	53	1.0803
24	91	0.996181
24	102	2.54957
24	141	7.4
24	142	0.924499
24	146	1.67692
24	147	0.975453
24	151	0.915837
24	159	1.04882
25	9	0.981564
25	56	0.992371
25	63	0.991964
25	83	1.03142
25	85	1.02316
25	86	1.03605
25	96	1.05194
25	109	1.01383
25	115	1.05154
25	117	1.00451
25	118	1.03694
25	151	2.21956
25	155	1.45191
25	162	2.30233
26	12	1.07014
26	17	1.06537
26	18	1.05571
26	24	1.03439
26	39	1.00458
26	53	1.08365
26	91	0.999528
26	106	1.33568
26	114	2.15628
26	120	1.28736
26	142	0.927846
26	147	0.978801
26	151	0.919184
26	159	1.05216
27	11	1.09084
27	23	1.04754
27	29	1.03589
27	45	1.02293
27	57	0.998249
27	58	1.0063
27	59	1.00216
27	61	0.982268
27	64	0.982801
27	68	0.983353
27	75	1.04545
27	142	1.71564
27	149	1.48259
27	179	2.06674
28	38	1.22061
28	46	0.733519
28	99	0.973631
28	154	0.927804
28	160	0.963955
28	162	0.929784
28	163	0.899724
28	168	0.954226
28	174	0.935532
28	175	0.921489
28	176	0.905822
28	177	0.927018
28	179	0.93277
28	180	0.912762
29	4	0.986434
29	11	1.09818
29	27	1.03589
29	45	1.03027
29	57	1.00559
29	59	1.0095
29	61	0.989607
29	64	0.99014
29	68	0.990693
29	69	0.994352
29	75	1.05279
29	113	1.16512
29	137	0.913923
29	176	3.34498
30	21	1.00524
30	33	1.07872
30	71	0.999414
30	76	1.07788
30	78	1.06067
30	82	0.926169
30	92	1.02642
30	107	0.73251
30	110	1.08518
30	112	1.07284
30	147	1.43319
30	166	0.956569
30	167	0.938649
30	177	2.93489
31	71	1.00135
31	72	1.07792
31	78	1.0626
31	80	1.05256
31	82	0.928107
31	87	0.997875
31	92	1.02836
31	110	1.08712
31	112	1.07478
31	127	0.775692
31	161	2.10954
31	166	0.958507
31	167	0.940587
31	173	2.63888
32	5	1.02603
32	8	1.01942
32	35	1.06019
32	38	1.05969
32	40	1.05938
32	47	1.05924
32	51	1.04681
32	67	0.903439
32	134	1.50188
32	146	1.02574
32	164	0.9518
32	165	0.95475
32	171	2.69861
32	173	0.939506
33	30	1.07872
33	71	1.00086
33	72	1.07742
33	80	1.05206
33	82	0.927611
33	87	0.997378
33	92	1.02786
33	112	1.07428
33	142	1.95818
33	143	1.4091
33	159	1.07338
33	166	0.95801
33	167	0.940091
33	170	1.93952
34	16	1.07636
34	36	1.02798
34	43	1.02528
34	46	1.01665
34	48	1.02439
34	50	1.02615
34	52	1.09726
34	60	1.00363
34	84	0.959461
34	157	1.04158
34	165	0.933285
34	166	0.941084
34	167	2.81732
34	171	2.03193
35	5	0.99698
35	8	0.990373
35	19	1.0828
35	32	1.06019
35	38	1.03064
35	40	1.03033
35	47	1.03019
35	51	1.01776
35	89	2.25002
35	146	0.99669
35	152	1.35106
35	158	1.84914
35	164	0.922751
35	165	0.925701
35	173	0.910456
36	10	0.969839
36	16	1.05803
36	34	1.02798
36	43	1.00695
36	46	0.99832
36	48	1.00606
36	50	1.00782
36	52	1.07893
36	60	0.985298
36	135	1.44634
36	139	1.23332
36	157	1.02326
36	161	2.97325
36	165	0.914957
36	166	0.922756
37	11	1.07875
37	23	1.03545
37	45	1.01084
37	57	0.986159
37	58	0.994208
37	59	0.990074
37	61	0.970178
37	64	0.970711
37	66	0.914308
37	68	0.971263
37	69	0.974922
37	75	1.03336
37	93	0.972018
37	144	1.22872
37	174	2.68957
38	5	0.996474
38	8	0.989867
38	19	1.08229
38	28	1.22061
38	32	1.05969
38	35	1.03064
38	40	1.02982
38	47	1.02968
38	51	1.01726
38	138	1.06276
38	146	0.996184
38	153	2.04036
38	164	0.922245
38	165	0.925195
38	173	0.90995
39	2	1.0679
39	12	1.03699
39	17	1.03222
39	18	1.02256
39	24	1.00124
39	26	1.00458
39	53	1.0505
39	66	1.01906
39	84	0.966122
39	142	0.894696
39	147	0.945651
39	149	2.36587
39	151	0.886034
39	159	1.01901
39	174	2.3799
40	5	0.996166
40	8	0.989558
40	19	1.08198
40	32	1.05938
40	35	1.03033
40	38	1.02982
40	47	1.02937
40	51	1.01695
40	107	1.70411
40	127	1.59368
40	144	1.65874
40	146	0.995876
40	164	0.921936
40	165	0.924886
40	173	0.909641
41	56	0.978311
41	74	1.024
41	83	1.01736
41	85	1.0091
41	90	1.00432
41	96	1.03789
41	103	1.03728
41	109	0.999767
41	111	2.1015
41	115	1.03748
41	117	0.990455
41	118	1.02288
41	141	0.854834
41	155	1.74765
41	156	1.47781
42	15	1.06882
42	71	0.975542
42	76	1.05401
42	78	1.0368
42	80	1.02675
42	82	0.902297
42	110	1.06131
42	112	1.04897
42	116	2.17141
42	125	0.941846
42	159	1.04807
42	163	3.01744
42	166	0.932697
42	167	0.914778
42	170	1.10895
43	6	1.07516
43	10	0.967138
43	34	1.02528
43	36	1.00695
43	46	0.995618
43	48	1.00336
43	50	1.00512
43	52	1.07623
43	60	0.982596
43	155	1.10968
43	157	1.02055
43	165	0.912255
43	166	0.920054
43	168	2.0241
43	171	2.28134
44	12	0.901266
44	52	1.5856
44	122	0.955332
44	124	0.99322
44	158	0.928981
44	161	0.913614
44	162	0.916169
44	168	0.940612
44	174	0.921917
44	175	0.907874
44	176	0.892208
44	177	0.913403
44	178	0.89301
44	179	0.919155
44	180	0.899147
45	4	0.973471
45	27	1.02293
45	29	1.03027
45	37	1.01084
45	57	0.992625
45	58	1.00067
45	59	0.99654
45	61	0.976644
45	64	0.977177
45	66	0.976462
45	68	0.97773
45	69	0.981389
45	75	1.03983
45	148	2.15852
45	171	2.54816
46	6	1.06653
46	16	1.04669
46	28	0.733519
46	34	1.01665
46	36	0.99832
46	43	0.995618
46	48	0.994725
46	50	0.996484
46	52	1.0676
46	60	0.973962
46	156	0.939624
46	157	1.01192
46	165	0.90362
46	166	0.911419
46	172	4.60692
47	5	0.996026
47	8	0.989418
47	19	1.08184
47	32	1.05924
47	35	1.03019
47	38	1.02968
47	40	1.02937
47	51	1.01681
47	67	1.18902
47	128	1.95546
47	137	2.0574
47	146	0.995736
47	164	0.921796
47	165	0.924746
47	173	0.909501
48	6	1.07427
48	10	0.966245
48	34	1.02439
48	36	1.00606
48	43	1.00336
48	46	0.994725
48	50	1.00423
48	52	1.07534
48	60	0.981704
48	114	1.5203
48	138	0.674948
48	150	2.9541
48	157	1.01966
48	165	0.911362
48	166	0.919161
49	125	0.861027
49	137	0.924137
49	153	0.899738
49	154	0.844129
49	156	0.930981
49	159	2.17798
49	169	0.841389
49	170	0.85985
49	171	0.847165
49	172	0.806937
49	176	0.822147
49	177	0.843342
49	178	0.822949
49	179	0.849094
49	180	0.829087
50	10	0.968004
50	16	1.05619
50	34	1.02615
50	36	1.00782
50	43	1.00512
50	46	0.996484
50	48	1.00423
50	52	1.0771
50	60	0.983463
50	106	1.04927
50	122	2.2374
50	156	1.72915
50	157	1.02142
50	165	0.913122
50	166	0.920921
51	5	0.983599
51	8	0.976992
51	19	1.06942
51	32	1.04681
51	35	1.01776
51	38	1.01726
51	40	1.01695
51	47	1.01681
51	81	0.935459
51	120	0.73955
51	146	0.983309
51	160	2.06836
51	164	0.909369
51	165	0.912319
51	170	2.72872
51	173	0.897075
52	6	1.14714
52	10	1.03912
52	34	1.09726
52	36	1.07893
52	43	1.07623
52	44	1.5856
52	46	1.0676
52	48	1.07534
52	50	1.0771
52	60	1.05457
52	101	0.989588
52	121	1.18011
52	147	1.85221
52	157	1.09253
52	165	0.984233
52	166	0.992032
53	2	1.14696
53	12	1.11606
53	17	1.11129
53	18	1.10163
53	24	1.0803
53	26	1.08365
53	39	1.0505
53	62	1.04377
53	111	1.20413
53	124	0.910399
53	142	0.973762
53	147	1.02472
53	149	1.62702
53	151	0.9651
53	159	1.09808
53	167	2.80732
54	88	1.0115
54	94	1.00256
54	97	1.05768
54	105	1.01709
54	119	1.04215
54	126	0.999964
54	130	1.01548
54	132	1.00895
54	142	0.912915
54	151	0.904253
54	159	1.03723
54	161	1.96032
54	164	0.911114
54	166	1.41706
54	173	0.89882
54	180	2.68139
55	78	0.775597
55	102	0.944246
55	144	1.02247
55	156	0.989434
55	157	0.818117
55	161	0.902008
55	163	0.874502
55	170	0.918304
55	172	0.865391
55	174	0.910311
55	175	0.896268
55	176	0.880601
55	177	0.901796
55	178	0.881403
55	179	0.907548
55	180	0.887541
56	13	1.00434
56	25	0.992371
56	41	0.978311
56	63	0.948697
56	74	0.994794
56	83	0.988151
56	85	0.979891
56	86	0.992783
56	103	1.00807
56	108	1.16659
56	109	0.97056
56	115	1.00827
56	117	0.961248
56	118	0.993673
56	151	2.76846
56	166	2.40027
57	11	1.06054
57	27	0.998249
57	29	1.00559
57	37	0.986159
57	45	0.992625
57	58	0.975993
57	59	0.971859
57	61	0.951963
57	64	0.952496
57	68	0.953048
57	69	0.956707
57	75	1.01514
57	93	0.953803
57	158	1.06896
57	164	2.05997
57	180	2.78387
58	4	0.956838
58	23	1.02528
58	27	1.0063
58	37	0.994208
58	45	1.00067
58	57	0.975993
58	59	0.979908
58	61	0.960012
58	64	0.960545
58	68	0.961097
58	69	0.964757
58	75	1.02319
58	93	0.961852
58	156	0.922201
58	175	2.23392
58	178	2.55552
59	4	0.952704
59	23	1.02115
59	27	1.00216
59	29	1.0095
59	37	0.990074
59	45	0.99654
59	57	0.971859
59	58	0.979908
59	61	0.955878
59	64	0.956411
59	68	0.956963
59	69	0.960622
59	75	1.01906
59	84	0.474841
59	167	2.35696
59	180	2.7762
60	6	1.05351
60	10	0.945481
60	16	1.03367
60	34	1.00363
60	36	0.985298
60	43	0.982596
60	46	0.973962
60	48	0.981704
60	50	0.983463
60	52	1.05457
60	101	1.26693
60	138	1.46242
60	145	2.34732
60	157	0.998897
60	165	0.890599
60	166	0.898398
61	4	0.932808
61	11	1.04456
61	23	1.00125
61	27	0.982268
61	29	0.989607
61	37	0.970178
61	45	0.976644
61	57	0.951963
61	58	0.960012
61	59	0.955878
61	64	0.936514
61	68	0.937067
61	69	0.940726
61	75	0.999163
61	108	0.71884
61	124	1.45845
61	163	4.53569
62	53	1.04377
62	83	0.992591
62	85	0.984331
62	94	0.977621
62	109	0.975
62	115	1.01271
62	118	0.998113
62	130	0.99054
62	132	0.984002
62	135	1.3642
62	145	1.14632
62	147	0.938926
62	151	0.879309
62	157	0.997419
62	159	1.01229
62	169	3.06175
63	9	0.93789
63	20	1.00072
63	25	0.991964
63	56	0.948697
63	74	0.994387
63	85	0.979485
63	86	0.992376
63	103	1.00766
63	109	0.970153
63	115	1.00786
63	117	0.960841
63	118	0.993267
63	141	0.825221
63	146	1.03502
63	157	0.992573
63	173	2.4123
63	176	2.90366
64	4	0.933341
64	11	1.04509
64	23	1.00178
64	27	0.982801
64	29	0.99014
64	37	0.970711
64	45	0.977177
64	57	0.952496
64	58	0.960545
64	59	0.956411
64	61	0.936514
64	68	0.9376
64	69	0.941259
64	75	0.999696
64	152	1.18215
64	173	2.32669
64	176	2.81805
65	79	1.05468
65	94	0.995409
65	97	1.05053
65	104	0.964478
65	126	0.992809
65	127	1.05693
65	129	1.02809
65	130	1.00833
65	132	1.00179
65	141	0.847855
65	146	0.977899
65	151	0.897098
65	157	1.01521
65	166	2.20577
65	167	0.896789
65	173	0.891664
65	175	3.29844
66	18	1.07019
66	37	0.914308
66	39	1.01906
66	45	0.976462
66	105	0.640981
66	110	1.07988
66	112	1.06755
66	151	0.933661
66	159	1.06664
66	161	0.942947
66	163	0.915441
66	167	0.933352
66	171	0.946559
66	176	0.92154
66	179	0.948488
66	180	0.92848
67	32	0.903439
67	47	1.18902
67	91	0.470478
67	121	1.09007
67	152	1.02862
67	161	0.961258
67	163	0.933752
67	169	0.959093
67	170	0.977555
67	171	0.96487
67	172	0.924642
67	174	0.969561
67	175	0.955518
67	177	0.961047
67	178	0.940653
67	179	0.966799
67	180	0.946791
68	4	0.933894
68	11	1.04564
68	23	1.00234
68	27	0.983353
68	29	0.990693
68	37	0.971263
68	45	0.97773
68	57	0.953048
68	58	0.961097
68	59	0.956963
68	61	0.937067
68	64	0.9376
68	69	0.941812
68	75	1.00025
68	84	1.39958
68	172	4.65649
68	177	0.976917
69	4	0.937553
69	11	1.0493
69	23	1.006
69	29	0.994352
69	37	0.974922
69	45	0.981389
69	57	0.956707
69	58	0.964757
69	59	0.960622
69	61	0.940726
69	64	0.941259
69	68	0.941812
69	75	1.00391
69	93	0.942566
69	146	1.07936
69	162	2.72841
69	170	2.15661
70	80	2.5994
70	81	0.855513
70	131	0.924857
70	152	0.899207
70	153	0.888033
70	156	0.919275
70	162	0.834403
70	163	0.804343
70	168	0.858846
70	169	0.829683
70	174	0.840151
70	175	0.826108
70	176	0.810442
70	177	0.831637
70	178	0.811244
70	179	0.837389
70	180	0.817382
71	30	0.999414
71	31	1.00135
71	33	1.00086
71	42	0.975542
71	72	0.998114
71	80	0.972752
71	87	0.918069
71	91	0.941434
71	92	0.948552
71	110	1.00731
71	112	0.994975
71	113	2.46913
71	120	0.975028
71	125	0.88785
71	133	2.50102
71	159	0.994069
71	166	0.878701
71	167	0.860781
72	31	1.07792
72	33	1.07742
72	71	0.998114
72	76	1.07658
72	78	1.05937
72	80	1.04932
72	82	0.924869
72	87	0.994637
72	92	1.02512
72	101	0.677453
72	110	1.08388
72	112	1.07154
72	133	1.81472
72	153	1.28989
72	159	1.07064
72	164	2.93916
72	166	0.955269
72	167	0.93735
73	77	1.10283
73	88	1.0629
73	97	1.10908
73	98	0.989024
73	100	1.13776
73	104	1.02304
73	105	1.0685
73	119	1.09355
73	123	2.13361
73	125	2.27546
73	126	1.05137
73	130	1.06689
73	132	1.06035
73	141	0.906413
73	147	1.01527
73	164	0.962517
73	167	0.955346
73	173	0.950222
74	13	1.05003
74	41	1.024
74	56	0.994794
74	63	0.994387
74	83	1.03384
74	85	1.02558
74	86	1.03847
74	90	1.02081
74	96	1.05437
74	103	1.05376
74	109	1.01625
74	115	1.05396
74	117	1.00694
74	118	1.03936
74	137	1.47515
74	145	1.14071
74	151	2.71044
74	152	1.39357
75	4	0.99599
75	11	1.10774
75	23	1.06443
75	27	1.04545
75	29	1.05279
75	37	1.03336
75	45	1.03983
75	57	1.01514
75	58	1.02319
75	59	1.01906
75	61	0.999163
75	64	0.999696
75	68	1.00025
75	69	1.00391
75	133	1.56699
75	139	0.95433
75	165	2.5534
75	170	2.03017
76	30	1.07788
76	42	1.05401
76	72	1.07658
76	78	1.06126
76	80	1.05122
76	82	0.926765
76	87	0.996533
76	90	1.0398
76	91	1.0199
76	92	1.02702
76	101	0.937177
76	107	1.48243
76	110	1.08578
76	127	1.37199
76	143	2.56785
76	159	1.07253
76	166	0.957165
76	167	0.939245
77	14	1.09529
77	73	1.10283
77	98	0.811104
77	104	1.01519
77	105	1.06066
77	126	1.04353
77	129	1.0788
77	130	1.05905
77	132	1.05251
77	140	2.46235
77	142	0.956477
77	146	1.02862
77	151	0.947814
77	153	1.35684
77	157	1.06592
77	167	0.947505
77	173	0.942381
77	174	2.14449
78	15	1.07608
78	21	0.988622
78	30	1.06067
78	31	1.0626
78	42	1.0368
78	55	0.775597
78	72	1.05937
78	76	1.06126
78	87	0.979322
78	92	1.00981
78	110	1.06856
78	112	1.05623
78	114	0.788647
78	135	1.04608
78	159	1.05532
78	166	0.939954
78	167	0.922035
78	176	3.59369
79	65	1.05468
79	88	1.06547
79	94	1.05653
79	104	1.0256
79	105	1.07106
79	108	0.877883
79	119	1.09611
79	126	1.05393
79	129	1.08921
79	130	1.06945
79	132	1.06291
79	134	1.64534
79	136	2.31654
79	141	0.908978
79	151	0.95822
79	152	1.83369
79	167	0.957912
79	173	0.952787
80	15	1.06603
80	31	1.05256
80	33	1.05206
80	42	1.02675
80	70	2.5994
80	71	0.972752
80	72	1.04932
80	76	1.05122
80	81	1.31279
80	87	0.969275
80	92	0.999758
80	110	1.05852
80	112	1.04618
80	123	1.00525
80	125	0.939056
80	148	1.25029
80	159	1.04527
80	166	0.929907
80	167	0.911987
81	10	2.48721
81	51	0.935459
81	70	0.855513
81	80	1.31279
81	100	0.977098
81	103	0.966787
81	109	0.929277
81	117	0.919965
81	118	0.95239
81	146	0.914388
81	157	0.951696
81	160	0.879598
81	164	0.840448
81	165	0.843398
81	173	0.828153
81	174	0.851176
81	177	0.842661
81	179	0.848413
81	180	0.828406
82	15	0.941581
82	21	0.854124
82	30	0.926169
82	31	0.928107
82	33	0.927611
82	42	0.902297
82	72	0.924869
82	76	0.926765
82	87	0.844824
82	90	0.888093
82	91	0.868189
82	92	0.875307
82	110	0.934067
82	112	0.92173
82	139	2.36035
82	158	3.10643
82	159	0.920824
82	166	0.805456
82	167	0.787537
83	13	1.04339
83	25	1.03142
83	41	1.01736
83	56	0.988151
83	62	0.992591
83	74	1.03384
83	85	1.01894
83	86	1.03183
83	100	0.839559
83	103	1.04712
83	109	1.00961
83	115	1.04732
83	117	1.00029
83	118	1.03272
83	141	0.864674
83	152	0.915451
83	157	1.03203
83	162	2.31509
83	180	3.12845
84	34	0.959461
84	39	0.966122
84	59	0.474841
84	68	1.39958
84	128	1.03796
84	143	1.04673
84	152	1.06547
84	156	1.08554
84	162	1.00067
84	169	0.995947
84	170	1.01441
84	171	1.00172
84	174	1.00641
84	175	0.992372
84	176	0.976705
84	177	0.9979
84	178	0.977507
84	179	1.00365
84	180	0.983645
85	20	1.03192
85	22	0.370381
85	25	1.02316
85	41	1.0091
85	56	0.979891
85	62	0.984331
85	63	0.979485
85	74	1.02558
85	83	1.01894
85	86	1.02357
85	96	1.03947
85	109	1.00135
85	115	1.03906
85	117	0.992035
85	118	1.02446
85	147	1.39964
85	157	1.02377
85	168	2.23809
85	174	2.11443
86	25	1.03605
86	56	0.992783
86	63	0.992376
86	74	1.03847
86	83	1.03183
86	85	1.02357
86	96	1.05236
86	103	1.05175
86	109	1.01424
86	113	1.76575
86	115	1.05195
86	117	1.00493
86	118	1.03735
86	125	0.945308
86	136	1.91582
86	141	0.869306
86	147	1.34565
86	157	1.03666
86	158	1.93106
87	21	0.923892
87	31	0.997875
87	33	0.997378
87	71	0.918069
87	72	0.994637
87	76	0.996533
87	78	0.979322
87	80	0.969275
87	82	0.844824
87	92	0.945075
87	110	1.00383
87	112	0.991498
87	125	0.884373
87	142	2.62865
87	144	0.948771
87	159	0.990592
87	166	0.875224
87	167	0.857305
87	174	2.40962
88	54	1.0115
88	73	1.0629
88	79	1.06547
88	94	1.0062
88	97	1.06131
88	105	1.02073
88	119	1.04578
88	126	1.0036
88	129	1.03887
88	130	1.01912
88	132	1.01258
88	136	1.25447
88	142	0.916547
88	149	1.38508
88	150	1.91302
88	154	3.00662
88	157	1.02599
88	164	0.914746
88	167	0.907575
88	173	0.902451
89	13	1.74998
89	22	0.979569
89	35	2.25002
89	123	0.951644
89	148	0.909468
89	150	0.889008
89	154	0.876227
89	155	0.955713
89	161	0.875652
89	167	0.866056
89	169	0.873486
89	171	0.879263
89	172	0.839035
89	174	0.883955
89	175	0.869912
89	176	0.854245
89	177	0.87544
89	178	0.855047
89	179	0.881192
89	180	0.861185
90	41	1.00432
90	74	1.02081
90	76	1.0398
90	82	0.888093
90	96	1.03469
90	112	1.03477
90	117	0.987261
90	118	1.01969
90	119	1.03878
90	121	0.867794
90	129	1.03187
90	130	1.01211
90	131	1.40714
90	132	1.00558
90	138	1.07344
90	157	1.01899
90	159	1.03386
90	166	0.918493
90	167	0.900574
90	178	3.99015
91	2	1.06284
91	12	1.03194
91	24	0.996181
91	26	0.999528
91	67	0.470478
91	71	0.941434
91	76	1.0199
91	82	0.868189
91	96	1.01479
91	103	1.01418
91	110	1.0272
91	112	1.01486
91	115	1.01438
91	117	0.967357
91	118	0.999783
91	131	1.0372
91	155	1.09399
91	157	0.999089
91	159	1.01396
91	178	3.62021
92	15	1.04183
92	21	0.954375
92	22	1.02976
92	30	1.02642
92	31	1.02836
92	33	1.02786
92	71	0.948552
92	72	1.02512
92	76	1.02702
92	78	1.00981
92	80	0.999758
92	82	0.875307
92	87	0.945075
92	100	1.40588
92	110	1.03432
92	112	1.02198
92	121	1.38692
92	158	2.64442
92	159	1.02107
92	166	0.905707
92	167	0.887788
93	5	1.9981
93	23	1.00309
93	37	0.972018
93	57	0.953803
93	58	0.961852
93	69	0.942566
93	105	0.98299
93	115	0.0743709
93	117	0.336587
93	119	1.00804
93	126	0.96586
93	129	1.00114
93	132	0.974841
93	142	0.878811
93	155	0.959497
93	164	0.87701
93	172	0.842818
93	175	0.873695
93	178	0.85883
93	179	0.884975
93	180	0.864968
94	7	0.969973
94	54	1.00256
94	62	0.977621
94	65	0.995409
94	79	1.05653
94	88	1.0062
94	98	1.04425
94	119	1.03684
94	124	1.83028
94	126	0.994658
94	129	1.02994
94	130	1.01018
94	132	1.00364
94	138	0.795693
94	147	0.958563
94	157	1.01706
94	159	1.03192
94	164	0.905808
94	167	0.898638
94	173	0.893513
94	177	3.34783
95	97	0.363363
95	105	0.408735
95	116	0.968843
95	118	0.681771
95	129	0.191653
95	134	1.03648
95	138	1.08349
95	149	0.998157
95	153	1.01451
95	154	0.958899
95	156	1.04575
95	168	0.985322
95	169	0.956159
95	171	0.961936
95	172	0.921708
95	174	0.966627
95	175	0.952584
95	176	0.936918
95	177	0.958113
95	178	0.93772
95	179	0.963865
95	180	0.943857
96	9	0.997871
96	13	1.06391
96	20	1.0607
96	25	1.05194
96	41	1.03789
96	74	1.05437
96	85	1.03947
96	86	1.05236
96	90	1.03469
96	91	1.01479
96	103	1.06764
96	109	1.03013
96	115	1.06784
96	117	1.02082
96	118	1.05325
96	141	0.885201
96	144	1.18002
96	148	2.02808
96	155	1.24607
96	157	1.05255
96	160	1.57683
96	179	2.60696
97	7	1.02509
97	54	1.05768
97	65	1.05053
97	73	1.10908
97	88	1.06131
97	95	0.363363
97	104	1.02144
97	105	1.06691
97	119	1.09196
97	122	1.81852
97	125	2.14064
97	126	1.04978
97	129	1.08505
97	130	1.06529
97	132	1.05876
97	142	0.962726
97	144	0.910025
97	146	1.03487
97	160	1.91087
97	164	0.960925
97	167	0.953755
97	173	0.948631
98	8	1.55562
98	73	0.989024
98	77	0.811104
98	94	1.04425
98	122	1.00221
98	148	0.99431
98	152	1.02785
98	153	1.01668
98	155	1.04056
98	156	1.04792
98	160	0.997219
98	161	0.960494
98	162	0.963048
98	163	0.932988
98	172	0.923877
98	174	0.968796
98	175	0.954754
98	176	0.939087
98	177	0.960282
98	178	0.939889
98	179	0.966034
98	180	0.946027
99	13	1.64688
99	28	0.973631
99	119	1.98252
99	136	0.923908
99	141	0.807081
99	144	0.986069
99	149	0.905443
99	150	0.878966
99	152	0.932968
99	161	0.86561
99	162	0.868165
99	163	0.838104
99	168	0.892607
99	169	0.863444
99	172	0.828993
99	174	0.873913
99	175	0.85987
99	176	0.844203
99	177	0.865398
99	178	0.845005
99	179	0.87115
99	180	0.851143
100	73	1.13776
100	81	0.977098
100	83	0.839559
100	92	1.40588
100	119	0.446204
100	133	0.992225
100	145	1.03672
100	149	0.993266
100	156	1.04086
100	158	0.968799
100	160	0.990158
100	161	0.953433
100	168	0.98043
100	169	0.951267
100	171	0.957044
100	172	0.916816
100	174	0.961736
100	175	0.947693
100	176	0.932026
100	177	0.953221
100	178	0.932828
100	179	0.958973
100	180	0.938966
101	52	0.989588
101	60	1.26693
101	72	0.677453
101	76	0.937177
101	114	1.08449
101	116	1.01248
101	131	1.09497
101	135	1.07935
101	144	1.12242
101	158	1.01733
101	159	0.542919
101	160	1.03869
101	161	1.00196
101	162	1.00452
101	170	1.01826
101	171	1.00557
101	172	0.965344
101	175	0.996221
101	176	0.980554
101	177	1.00175
101	178	0.981356
101	179	1.0075
101	180	0.987494
102	24	2.54957
102	55	0.944246
102	131	0.954454
102	140	0.906467
102	150	0.874802
102	152	0.928804
102	154	0.862021
102	155	0.941508
102	159	1.02841
102	160	0.898171
102	162	0.864001
102	169	0.859281
102	170	0.877742
102	171	0.865057
102	172	0.824829
102	174	0.869749
102	175	0.855706
102	176	0.840039
102	177	0.861234
102	178	0.840841
102	179	0.866986
102	180	0.846979
103	9	0.997263
103	20	1.0601
103	41	1.03728
103	56	1.00807
103	63	1.00766
103	74	1.05376
103	81	0.966787
103	83	1.04712
103	86	1.05175
103	91	1.01418
103	96	1.06764
103	109	1.02953
103	115	1.06724
103	117	1.02021
103	118	1.05264
103	125	0.960595
103	141	0.884593
103	154	1.67762
103	157	1.05194
103	167	1.23639
103	172	4.53659
103	175	1.48397
103	179	1.51396
104	7	0.939042
104	14	1.0155
104	65	0.964478
104	73	1.02304
104	77	1.01519
104	79	1.0256
104	97	1.02144
104	105	0.980857
104	119	1.00591
104	126	0.963727
104	129	0.999004
104	130	0.979246
104	132	0.972708
104	135	1.88645
104	146	0.948817
104	147	0.927632
104	155	1.75815
104	156	1.48831
104	159	1.00099
104	164	0.874877
104	167	0.867707
104	168	2.67256
104	173	0.862582
105	7	0.984504
105	14	1.06096
105	54	1.01709
105	66	0.640981
105	73	1.0685
105	77	1.06066
105	79	1.07106
105	88	1.02073
105	93	0.98299
105	95	0.408735
105	97	1.06691
105	104	0.980857
105	119	1.05137
105	126	1.00919
105	129	1.04447
105	130	1.02471
105	132	1.01817
105	134	1.60042
105	146	0.994278
105	156	1.35565
105	164	0.920338
105	167	0.913168
105	173	0.908044
105	177	3.20315
106	19	1.28377
106	26	1.33568
106	50	1.04927
106	110	0.390809
106	134	1.02578
106	135	1.02502
106	148	0.981442
106	149	0.987459
106	150	0.960981
106	154	0.9482
106	155	1.02769
106	161	0.947625
106	163	0.92012
106	165	0.94815
106	170	0.963922
106	171	0.951237
106	172	0.911009
106	174	0.955928
106	175	0.941885
106	176	0.926219
106	177	0.947414
106	178	0.927021
106	179	0.953166
106	180	0.933158
107	30	0.73251
107	40	1.70411
107	76	1.48243
107	126	0.242327
107	139	1.00976
107	143	0.977793
107	144	1.04964
107	148	0.962992
107	149	0.969009
107	153	0.985361
107	154	0.929751
107	155	1.00924
107	160	0.965902
107	162	0.931731
107	168	0.956173
107	169	0.927011
107	170	0.945473
107	171	0.932788
107	172	0.89256
107	174	0.937479
107	176	0.907769
107	177	0.928965
107	178	0.908571
107	179	0.934717
107	180	0.914709
108	56	1.16659
108	61	0.71884
108	79	0.877883
108	110	0.547999
108	116	0.987849
108	133	1.01612
108	134	1.05548
108	138	1.1025
108	152	1.04469
108	153	1.03351
108	155	1.05739
108	157	0.167764
108	158	0.992697
108	160	1.01406
108	163	0.949824
108	168	1.00433
108	170	0.993627
108	171	0.980942
108	172	0.940714
108	174	0.985633
108	176	0.955923
108	177	0.977119
108	178	0.956725
108	179	0.982871
108	180	0.962863
109	9	0.959753
109	13	1.0258
109	20	1.02259
109	25	1.01383
109	41	0.999767
109	56	0.97056
109	62	0.975
109	63	0.970153
109	74	1.01625
109	81	0.929277
109	83	1.00961
109	85	1.00135
109	86	1.01424
109	96	1.03013
109	103	1.02953
109	115	1.02973
109	117	0.982704
109	118	1.01513
109	125	0.923085
109	141	0.847083
109	144	0.774133
109	157	1.01444
109	160	0.994459
109	168	1.57812
109	173	2.84825
109	176	3.33962
110	15	1.10059
110	21	1.01313
110	30	1.08518
110	31	1.08712
110	42	1.06131
110	66	1.07988
110	71	1.00731
110	72	1.08388
110	76	1.08578
110	78	1.06856
110	80	1.05852
110	82	0.934067
110	87	1.00383
110	91	1.0272
110	92	1.03432
110	106	0.390809
110	108	0.547999
110	111	1.69438
110	112	1.08074
110	123	1.7592
110	125	0.973616
110	146	1.2544
110	159	1.07983
110	166	0.964467
110	167	0.946548
110	179	2.70142
111	41	2.1015
111	53	1.20413
111	110	1.69438
111	123	0.966574
111	128	0.930425
111	145	0.973873
111	153	0.946766
111	154	0.891156
111	155	0.970643
111	156	0.978008
111	158	0.905948
111	161	0.890581
111	162	0.893136
111	163	0.863076
111	168	0.917579
111	169	0.888416
111	170	0.906878
111	171	0.894193
111	172	0.853965
111	174	0.898884
111	175	0.884841
111	176	0.869175
111	178	0.869977
111	179	0.896122
111	180	0.876115
112	15	1.08825
112	21	1.0008
112	30	1.07284
112	31	1.07478
112	33	1.07428
112	42	1.04897
112	66	1.06755
112	71	0.994975
112	72	1.07154
112	78	1.05623
112	80	1.04618
112	82	0.92173
112	87	0.991498
112	90	1.03477
112	91	1.01486
112	92	1.02198
112	110	1.08074
112	125	0.961279
112	131	1.34735
112	139	1.294
112	140	1.68804
112	154	2.97769
112	159	1.0675
112	161	2.23463
112	165	2.09377
112	166	0.95213
112	167	0.934211
113	29	1.16512
113	71	2.46913
113	86	1.76575
113	121	1.00778
113	133	0.91776
113	142	0.878344
113	145	0.962259
113	148	0.912784
113	153	0.935152
113	154	0.879543
113	155	0.95903
113	156	0.966395
113	158	0.894334
113	160	0.915693
113	161	0.878968
113	162	0.881523
113	163	0.851462
113	168	0.905965
113	169	0.876802
113	172	0.842351
113	174	0.887271
113	175	0.873228
113	176	0.857561
113	177	0.878756
113	178	0.858363
113	179	0.884508
113	180	0.864501
114	3	0.934363
114	26	2.15628
114	48	1.5203
114	78	0.788647
114	101	1.08449
114	121	1.03054
114	123	0.977726
114	127	1.0158
114	134	0.979888
114	139	0.982315
114	145	0.985025
114	156	0.98916
114	158	0.9171
114	159	0.112764
114	160	0.938459
114	162	0.904288
114	169	0.899568
114	170	0.91803
114	171	0.905345
114	172	0.865117
114	174	0.910036
114	175	0.895993
114	176	0.880326
114	177	0.901521
114	178	0.881128
114	179	0.907274
114	180	0.887266
115	9	0.997463
115	13	1.06351
115	20	1.0603
115	25	1.05154
115	41	1.03748
115	56	1.00827
115	62	1.01271
115	63	1.00786
115	74	1.05396
115	83	1.04732
115	85	1.03906
115	86	1.05195
115	91	1.01438
115	93	0.0743709
115	96	1.06784
115	103	1.06724
115	109	1.02973
115	117	1.02041
115	118	1.05284
115	121	0.902984
115	125	0.960795
115	141	0.884793
115	157	1.05215
115	165	2.32956
115	166	1.92715
115	169	2.64105
115	170	1.80632
116	6	3.22859
116	42	2.17141
116	95	0.968843
116	101	1.01248
116	108	0.987849
116	125	0.8472
116	128	0.86957
116	136	0.888025
116	137	0.91031
116	148	0.863543
116	150	0.843083
116	152	0.897085
116	155	0.909788
116	163	0.802221
116	164	0.827302
116	167	0.820131
116	168	0.856724
116	169	0.827561
116	170	0.846023
116	171	0.833338
116	174	0.83803
116	175	0.823987
116	176	0.80832
116	177	0.829515
116	178	0.809122
116	179	0.835267
116	180	0.81526
117	9	0.950441
117	13	1.01648
117	20	1.01327
117	25	1.00451
117	41	0.990455
117	56	0.961248
117	63	0.960841
117	74	1.00694
117	81	0.919965
117	83	1.00029
117	85	0.992035
117	86	1.00493
117	90	0.987261
117	91	0.967357
117	93	0.336587
117	96	1.02082
117	103	1.02021
117	109	0.982704
117	115	1.02041
117	118	1.00582
117	125	0.913773
117	141	0.837771
117	145	0.987835
117	157	1.00512
117	166	2.18937
117	177	2.65508
117	179	2.43831
118	9	0.982866
118	13	1.04891
118	20	1.0457
118	25	1.03694
118	41	1.02288
118	56	0.993673
118	62	0.998113
118	63	0.993267
118	74	1.03936
118	81	0.95239
118	83	1.03272
118	85	1.02446
118	86	1.03735
118	90	1.01969
118	91	0.999783
118	95	0.681771
118	96	1.05325
118	103	1.05264
118	109	1.01513
118	115	1.05284
118	117	1.00582
118	120	0.900475
118	125	0.946198
118	128	2.04145
118	131	1.84173
118	146	1.81239
118	153	1.90164
118	157	1.03755
119	7	1.00955
119	54	1.04215
119	73	1.09355
119	79	1.09611
119	88	1.04578
119	90	1.03878
119	93	1.00804
119	94	1.03684
119	97	1.09196
119	99	1.98252
119	100	0.446204
119	104	1.00591
119	105	1.05137
119	125	1.5839
119	126	1.03424
119	129	1.06952
119	130	1.04976
119	131	0.966587
119	132	1.04322
119	141	0.889286
119	142	0.947191
119	151	0.938529
119	156	1.36313
119	159	1.07151
119	164	0.94539
119	167	0.93822
119	169	2.84923
119	173	0.933095
120	26	1.28736
120	51	0.73955
120	71	0.975028
120	118	0.900475
120	122	1.03167
120	128	1.0298
120	130	0.440538
120	138	1.11512
120	143	1.03857
120	144	1.11041
120	150	1.00331
120	153	1.04614
120	154	0.990527
120	157	0.576432
120	160	1.02668
120	161	0.989952
120	163	0.962446
120	168	1.01695
120	169	0.987787
120	170	1.00625
120	171	0.993564
120	172	0.953336
120	174	0.998255
120	175	0.984212
120	176	0.968545
120	177	0.98974
120	178	0.969347
120	179	0.995493
120	180	0.975485
121	3	0.980647
121	7	1.46219
121	52	1.18011
121	67	1.09007
121	90	0.867794
121	92	1.38692
121	113	1.00778
121	114	1.03054
121	115	0.902984
121	124	1.02762
121	150	0.961373
121	152	1.01538
121	154	0.948592
121	158	0.963383
121	161	0.948017
121	162	0.950572
121	163	0.920511
121	167	0.938422
121	168	0.975014
121	169	0.945852
121	170	0.964313
121	172	0.9114
121	174	0.95632
121	175	0.942277
121	176	0.92661
121	177	0.947805
121	178	0.927412
121	179	0.953558
121	180	0.93355
122	44	0.955332
122	50	2.2374
122	97	1.81852
122	98	1.00221
122	120	1.03167
122	124	0.940531
122	126	1.10545
122	128	0.900769
122	134	0.93908
122	139	0.941507
122	141	0.802397
122	145	0.944217
122	151	0.851639
122	154	0.8615
122	158	0.876292
122	160	0.897651
122	161	0.860925
122	162	0.86348
122	163	0.83342
122	166	0.869249
122	168	0.887923
122	170	0.877222
122	171	0.864537
122	172	0.824309
122	174	0.869228
122	175	0.855185
122	177	0.860714
122	178	0.840321
122	179	0.866466
122	180	0.846459
123	3	0.927831
123	4	1.10195
123	73	2.13361
123	80	1.00525
123	89	0.951644
123	110	1.7592
123	111	0.966574
123	114	0.977726
123	133	0.933993
123	145	0.978492
123	148	0.929017
123	150	0.908557
123	152	0.962559
123	153	0.951385
123	154	0.895775
123	155	0.975262
123	156	0.982627
123	160	0.931926
123	162	0.897755
123	168	0.922198
123	170	0.911497
123	171	0.898812
123	172	0.858584
123	174	0.903503
123	175	0.889461
123	176	0.873794
123	177	0.894989
123	178	0.874596
123	179	0.900741
123	180	0.880734
124	44	0.99322
124	53	0.910399
124	61	1.45845
124	94	1.83028
124	121	1.02762
124	122	0.940531
124	140	0.943835
124	143	0.94743
124	148	0.93263
124	150	0.912169
124	152	0.966172
124	153	0.954998
124	154	0.899388
124	156	0.98624
124	157	1.02041
124	158	0.91418
124	161	0.898813
124	162	0.901368
124	163	0.871308
124	168	0.925811
124	169	0.896648
124	170	0.91511
124	171	0.902425
124	174	0.907116
124	175	0.893073
124	176	0.877407
124	177	0.898602
124	178	0.878209
124	179	0.904354
124	180	0.884346
125	21	0.893673
125	42	0.941846
125	49	0.861027
125	71	0.88785
125	73	2.27546
125	80	0.939056
125	86	0.945308
125	87	0.884373
125	97	2.14064
125	103	0.960595
125	109	0.923085
125	110	0.973616
125	112	0.961279
125	115	0.960795
125	116	0.8472
125	117	0.913773
125	118	0.946198
125	119	1.5839
125	146	0.908196
125	157	0.945504
125	167	0.827086
125	170	0.852977
125	171	0.840292
125	172	0.800064
125	175	0.830941
125	176	0.815274
125	177	0.836469
125	178	0.816076
125	179	0.842221
125	180	0.822214
126	14	1.04383
126	54	0.999964
126	65	0.992809
126	73	1.05137
126	77	1.04353
126	79	1.05393
126	88	1.0036
126	93	0.96586
126	94	0.994658
126	97	1.04978
126	104	0.963727
126	105	1.00919
126	107	0.242327
126	119	1.03424
126	122	1.10545
126	129	1.02733
126	130	1.00758
126	132	1.00104
126	136	1.51317
126	141	0.847104
126	142	0.905009
126	146	0.977147
126	147	0.955963
126	150	2.17172
126	151	0.896346
126	157	1.01446
126	159	1.02932
126	161	2.52226
126	164	0.903208
126	165	2.3814
126	167	0.896037
126	173	0.890913
127	31	0.775692
127	40	1.59368
127	65	1.05693
127	76	1.37199
127	114	1.0158
127	128	0.973114
127	131	1.02628
127	132	0.593485
127	140	0.978292
127	143	0.981887
127	144	1.05373
127	149	0.973104
127	150	0.946626
127	151	0.923984
127	154	0.933845
127	156	1.0207
127	158	0.948637
127	160	0.969996
127	161	0.93327
127	163	0.905765
127	170	0.949567
127	171	0.936882
127	172	0.896654
127	173	0.918551
127	174	0.941573
127	175	0.92753
127	176	0.911864
127	177	0.933059
127	178	0.912666
127	179	0.938811
127	180	0.918804
128	47	1.95546
128	84	1.03796
128	111	0.930425
128	116	0.86957
128	118	2.04145
128	120	1.0298
128	122	0.900769
128	127	0.973114
128	129	0.999405
128	136	0.917349
128	139	0.939633
128	145	0.942342
128	148	0.892867
128	153	0.915235
128	158	0.874417
128	161	0.859051
128	163	0.831545
128	168	0.886048
128	169	0.856886
128	170	0.875347
128	171	0.862662
128	172	0.822434
128	174	0.867354
128	175	0.853311
128	176	0.837644
128	177	0.858839
128	178	0.838446
128	179	0.864592
128	180	0.844584
129	1	1.59631
129	7	1.00265
129	14	1.0791
129	65	1.02809
129	77	1.0788
129	79	1.08921
129	88	1.03887
129	90	1.03187
129	93	1.00114
129	94	1.02994
129	95	0.191653
129	97	1.08505
129	104	0.999004
129	105	1.04447
129	119	1.06952
129	126	1.02733
129	128	0.999405
129	130	1.04285
129	132	1.03632
129	141	0.882381
129	142	0.940286
129	143	1.31718
129	146	1.01242
129	147	0.99124
129	150	2.16116
129	151	0.931624
129	153	0.859595
129	157	1.04973
129	159	1.0646
129	164	0.938485
129	167	0.931315
129	169	2.68233
129	173	0.92619
130	3	1.68565
130	7	0.982892
130	14	1.05935
130	54	1.01548
130	62	0.99054
130	65	1.00833
130	73	1.06689
130	77	1.05905
130	79	1.06945
130	88	1.01912
130	90	1.01211
130	94	1.01018
130	97	1.06529
130	104	0.979246
130	105	1.02471
130	119	1.04976
130	120	0.440538
130	126	1.00758
130	129	1.04285
130	132	1.01656
130	134	1.41352
130	141	0.862623
130	142	0.920528
130	144	0.768496
130	146	0.992667
130	147	0.971483
130	151	0.911866
130	157	1.02998
130	159	1.04484
130	160	1.76934
130	164	0.918727
130	167	0.911557
130	170	2.42971
130	173	0.906433
130	174	2.22934
131	70	0.924857
131	90	1.40714
131	91	1.0372
131	101	1.09497
131	102	0.954454
131	112	1.34735
131	118	1.84173
131	119	0.966587
131	127	1.02628
131	133	0.951008
131	134	0.99037
131	136	0.970514
131	144	1.03268
131	148	0.946032
131	149	0.952049
131	150	0.925572
131	152	0.979575
131	154	0.912791
131	155	0.992278
131	160	0.948941
131	162	0.914771
131	163	0.88471
131	168	0.939213
131	169	0.910051
131	170	0.928512
131	171	0.915827
131	172	0.875599
131	175	0.906476
131	176	0.890809
131	177	0.912004
131	178	0.891611
131	179	0.917756
131	180	0.897749
132	7	0.976354
132	14	1.05281
132	54	1.00895
132	62	0.984002
132	65	1.00179
132	73	1.06035
132	77	1.05251
132	79	1.06291
132	88	1.01258
132	90	1.00558
132	93	0.974841
132	94	1.00364
132	97	1.05876
132	104	0.972708
132	105	1.01817
132	119	1.04322
132	126	1.00104
132	127	0.593485
132	129	1.03632
132	130	1.01656
132	135	1.45694
132	137	1.57349
132	141	0.856085
132	142	0.91399
132	146	0.986129
132	147	0.964945
132	151	0.905328
132	155	1.32863
132	156	1.05879
132	157	1.02344
132	159	1.03831
132	164	0.912189
132	167	0.905019
132	171	2.50028
132	173	0.899895
132	175	3.53325
133	16	1.11728
133	71	2.50102
133	72	1.81472
133	75	1.56699
133	100	0.992225
133	108	1.01612
133	113	0.91776
133	123	0.933993
133	131	0.951008
133	137	0.938584
133	138	0.983169
133	140	0.903022
133	143	0.906617
133	144	0.97846
133	145	0.941292
133	148	0.891816
133	150	0.871356
133	152	0.925359
133	153	0.914185
133	155	0.938062
133	156	0.945427
133	158	0.873367
133	160	0.894726
133	161	0.858
133	163	0.830495
133	166	0.866324
133	168	0.884997
133	169	0.855835
133	170	0.874297
133	175	0.85226
133	176	0.836593
133	177	0.857789
133	178	0.837395
133	179	0.863541
133	180	0.843533
134	32	1.50188
134	79	1.64534
134	95	1.03648
134	105	1.60042
134	106	1.02578
134	108	1.05548
134	114	0.979888
134	122	0.93908
134	130	1.41352
134	131	0.99037
134	137	0.977946
134	140	0.942384
134	141	0.838833
134	143	0.945979
134	145	0.980654
134	148	0.931178
134	150	0.910718
134	152	0.964721
134	153	0.953547
134	158	0.912729
134	159	0.216823
134	162	0.899917
134	163	0.869857
134	167	0.887767
134	168	0.924359
134	169	0.895197
134	170	0.913659
134	171	0.900974
134	172	0.860746
134	174	0.905665
134	175	0.891622
134	176	0.875955
134	177	0.897151
134	178	0.876758
134	179	0.902903
134	180	0.882895
135	36	1.44634
135	62	1.3642
135	78	1.04608
135	101	1.07935
135	104	1.88645
135	106	1.02502
135	132	1.45694
135	136	0.954899
135	137	0.977184
135	138	1.02177
135	143	0.945217
135	148	0.930417
135	149	0.936434
135	150	0.909957
135	151	0.887314
135	152	0.963959
135	153	0.952785
135	154	0.897176
135	155	0.976662
135	156	0.984027
135	158	0.911967
135	160	0.933326
135	161	0.896601
135	162	0.899156
135	163	0.869095
135	168	0.923598
135	169	0.894435
135	170	0.912897
135	172	0.859984
135	174	0.904904
135	175	0.890861
135	176	0.875194
135	177	0.896389
135	178	0.875996
135	179	0.902141
135	180	0.882134
