1	23	0.953883
1	38	0.904265
1	49	0.986245
1	81	0.880311
1	96	0.977284
1	104	0.926072
1	120	0.888735
1	124	0.938085
1	130	0.944929
1	159	0.962608
1	173	1.56966
1	180	1.22917
2	31	1.0254
2	73	1.021
2	96	1.10409
2	104	1.05287
2	120	1.01554
2	124	1.06489
2	130	1.07173
2	145	1.04444
2	147	0.951783
2	164	1.08054
2	174	0.751977
2	177	1.03328
3	103	0.953549
3	110	0.908129
3	112	0.909017
3	115	0.937386
3	116	0.915141
3	119	0.918465
3	128	0.956019
3	131	0.988278
3	137	0.914047
3	142	1.26277
3	164	1.4186
3	178	1.07874
4	64	1.06958
4	72	1.01888
4	75	1.01554
4	89	0.938353
4	96	1.10146
4	104	1.05025
4	111	0.641035
4	120	1.01291
4	124	1.06226
4	130	1.0691
4	173	1.42931
4	174	0.803282
5	8	0.956785
5	11	0.845556
5	25	1.04251
5	30	0.867153
5	36	1.0025
5	45	0.844586
5	56	0.921512
5	70	0.986008
5	100	0.933257
5	141	1.19095
5	163	1.25792
5	166	1.3147
6	142	0.917963
6	155	1.18515
6	156	0.901191
6	168	0.95819
6	170	1.17386
6	171	1.09106
6	174	0.95752
6	175	0.961198
6	176	0.959401
6	178	0.949603
6	179	0.923227
6	180	0.87173
7	29	1.0477
7	35	1.04619
7	110	1.0385
7	116	1.04551
7	117	1.04246
7	119	1.04883
7	128	1.08639
7	137	1.04442
7	142	0.935978
7	173	1.38927
7	174	0.763243
7	176	0.721359
8	5	0.956785
8	20	0.932047
8	30	1.02651
8	36	1.16185
8	45	1.00394
8	56	1.08087
8	70	1.14536
8	100	1.09261
8	164	1.15722
8	175	0.752379
8	176	0.78678
8	180	1.1142
9	25	0.987558
9	33	1.32076
9	65	0.868737
9	128	1.12673
9	158	0.953771
9	163	0.955739
9	169	0.959229
9	171	0.952619
9	173	0.835147
9	175	0.974796
9	178	0.9632
9	179	0.936824
10	20	0.922737
10	25	1.19255
10	45	0.994629
10	56	1.07155
10	66	0.926826
10	137	0.77828
10	151	1.07105
10	153	0.842523
10	165	0.853348
10	174	1.0632
10	178	1.05528
10	179	1.02891
11	5	0.845556
11	20	0.820818
11	30	0.915277
11	36	1.05062
11	41	0.889823
11	45	0.89271
11	56	0.969636
11	70	1.03413
11	100	0.981381
11	154	1.09507
11	162	1.18268
11	177	1.48096
12	134	0.843654
12	139	1.00091
12	146	0.883192
12	150	0.869168
12	153	0.807654
12	156	1.02075
12	159	1.06951
12	167	1.08091
12	174	1.07708
12	175	1.08076
12	177	1.00095
12	178	1.06916
13	37	1.03655
13	43	1.0007
13	54	1.0776
13	60	1.07402
13	62	1.07608
13	67	1.04552
13	83	0.999485
13	100	1.08988
13	107	0.863437
13	147	1.00796
13	163	0.854646
13	180	1.0937
14	47	0.999446
14	123	1.25103
14	137	1.19043
14	160	0.9435
14	162	0.966926
14	164	0.872882
14	174	0.954919
14	175	0.958598
14	176	0.9568
14	177	0.878787
14	178	0.947002
14	179	0.920626
15	37	0.911653
15	47	0.999048
15	54	0.952703
15	57	0.863503
15	58	0.967317
15	60	0.949128
15	67	0.920625
15	80	0.961208
15	83	0.874591
15	163	1.15679
15	166	1.21358
15	180	1.39584
16	109	1.03863
16	143	1.06627
16	145	1.0522
16	151	0.88042
16	162	1.00493
16	165	1.07104
16	167	0.972254
16	169	1.06167
16	170	1.05775
16	171	1.05506
16	175	0.945623
16	177	0.997426
17	156	0.734184
17	159	0.782947
17	162	0.802519
17	167	0.794342
17	171	3.54998
17	172	0.783817
17	173	0.654542
17	174	0.790512
17	175	0.794191
17	176	0.792393
17	177	0.71438
17	179	0.75622
18	146	1.0607
18	149	1.05173
18	153	1.07468
18	158	1.06515
18	159	0.975457
18	162	0.939503
18	169	1.0706
18	170	1.06668
18	171	1.06399
18	172	0.947231
18	173	0.946521
18	178	0.945183
19	76	1.06082
19	90	0.882357
19	110	0.983826
19	112	0.984714
19	116	0.990838
19	117	0.987791
19	119	0.994161
19	131	1.06398
19	137	0.989744
19	157	1.04416
19	163	0.906112
19	164	1.18818
19	177	1.14093
20	8	0.932047
20	10	0.922737
20	11	0.820818
20	25	1.01777
20	30	0.842415
20	36	0.977758
20	45	0.819848
20	56	0.896774
20	70	0.96127
20	100	0.908519
20	151	1.12939
20	166	1.37415
20	180	1.55642
21	76	1.05123
21	103	1.01966
21	112	0.975125
21	117	0.978202
21	119	0.984572
21	128	1.02213
21	131	1.05439
21	137	0.980154
21	142	1.20607
21	151	0.891847
21	157	1.03457
21	167	0.98368
21	172	1.02408
22	30	1.01361
22	106	1.02351
22	107	0.99294
22	116	1.00321
22	130	0.776619
22	144	1.01645
22	159	1.01242
22	169	0.894754
22	172	1.01329
22	174	1.01999
22	175	1.02367
22	178	1.01207
22	179	0.985695
23	1	0.953883
23	38	1.00903
23	81	0.985071
23	91	1.01272
23	104	1.03083
23	120	0.993495
23	124	1.04285
23	130	1.04969
23	142	1.11215
23	145	1.0224
23	147	1.13922
23	162	0.922436
23	174	0.939413
24	43	0.959351
24	47	1.0826
24	54	1.03625
24	57	0.947052
24	60	1.03268
24	62	1.03474
24	67	1.00417
24	78	1.20515
24	80	1.04476
24	83	0.958141
24	89	0.971588
24	162	0.81954
24	180	1.12205
25	5	1.04251
25	9	0.987558
25	10	1.19255
25	20	1.01777
25	30	1.11223
25	36	1.24758
25	45	1.08967
25	56	1.16659
25	70	1.23109
25	89	0.823167
25	138	0.626747
25	159	0.707072
25	177	0.969401
26	44	0.925558
26	114	1.01603
26	127	1.07129
26	146	1.03661
26	158	1.04106
26	168	1.01482
26	169	1.04652
26	170	1.04259
26	171	1.03991
26	173	0.922434
26	174	1.0913
26	177	0.982272
26	180	0.972614
27	85	1.34133
27	111	1.30998
27	129	0.91223
27	134	0.940513
27	146	0.914872
27	158	0.919321
27	164	0.85463
27	165	0.934147
27	169	0.924778
27	170	0.920857
27	171	0.918168
27	175	1.39595
27	177	0.860535
28	115	0.976771
28	128	0.995405
28	131	1.02766
28	137	0.953432
28	152	1.16545
28	153	0.985282
28	154	1.04798
28	157	1.00785
28	165	0.99057
28	169	0.981201
28	171	0.974591
28	175	1.07628
28	176	1.11068
28	180	0.9073
29	7	1.0477
29	103	0.992351
29	110	0.946931
29	115	0.976188
29	116	0.953944
29	117	0.950897
29	119	0.957267
29	122	1.11699
29	128	0.994822
29	131	1.02708
29	137	0.95285
29	144	1.05392
29	172	1.13073
29	176	1.0981
30	5	0.867153
30	8	1.02651
30	11	0.915277
30	20	0.842415
30	22	1.01361
30	25	1.11223
30	36	1.07222
30	45	0.914308
30	56	0.991233
30	70	1.05573
30	100	1.00298
30	133	1.08614
30	163	1.19002
30	168	1.06705
31	2	1.0254
31	69	0.976813
31	72	0.944187
31	81	0.929791
31	87	0.977833
31	96	1.02676
31	120	0.938214
31	123	0.998824
31	124	0.987565
31	125	1.14605
31	130	0.994408
31	159	1.03353
31	168	0.938073
31	177	1.29586
32	103	1.00018
32	110	0.954762
32	112	0.955651
32	115	0.984019
32	116	0.961775
32	117	0.958728
32	127	0.97421
32	131	1.03491
32	137	0.960681
32	157	1.0151
32	160	1.07705
32	161	1.15314
32	175	1.01327
32	179	1.15807
33	9	1.32076
33	103	0.99445
33	113	0.958371
33	115	0.978287
33	116	0.956043
33	117	0.952996
33	119	0.959366
33	127	0.968478
33	128	0.996921
33	131	1.02918
33	137	0.954948
33	156	1.10855
33	157	1.00937
33	167	0.971642
34	42	0.971582
34	121	1.44717
34	132	1.00258
34	133	1.00728
34	150	0.980292
34	151	0.923185
34	155	1.00264
34	164	0.926274
34	165	1.00579
34	169	0.996423
34	170	0.992501
34	171	0.989812
34	176	1.02279
34	177	0.932179
35	7	1.04619
35	98	1.02488
35	112	0.946309
35	115	0.974677
35	116	0.952433
35	117	0.949386
35	119	0.955756
35	128	0.993311
35	137	0.951338
35	147	1.14974
35	157	1.00576
35	161	1.01353
35	177	1.23124
35	179	1.01846
36	5	1.0025
36	8	1.16185
36	11	1.05062
36	20	0.977758
36	25	1.24758
36	30	1.07222
36	41	1.04676
36	45	1.04965
36	70	1.19107
36	82	0.851857
36	142	0.966699
36	152	0.806844
36	176	0.752079
36	180	1.0795
37	13	1.03655
37	15	0.911653
37	43	0.926558
37	47	1.0498
37	57	0.914259
37	58	1.01807
37	60	0.999883
37	62	1.00195
37	65	1.33361
37	83	0.925347
37	100	1.01575
37	138	0.954289
37	166	1.11891
37	172	1.00639
38	1	0.904265
38	23	1.00903
38	40	1.05094
38	69	0.982477
38	75	0.946511
38	87	0.983496
38	96	1.03243
38	120	0.943878
38	123	1.00449
38	124	0.993228
38	130	1.00007
38	138	1.02241
38	142	1.25649
38	172	1.07451
39	92	0.967983
39	99	1.00287
39	114	0.955857
39	132	0.992501
39	134	1.00207
39	136	1.08465
39	142	0.95867
39	143	0.990936
39	150	0.970209
39	165	0.995707
39	167	1.15261
39	169	0.986339
39	171	0.979729
39	176	1.16038
40	38	1.05094
40	90	1.00234
40	94	0.906576
40	148	1.01755
40	150	1.07176
40	165	1.02107
40	168	1.01622
40	172	1.00885
40	173	0.87958
40	176	1.01743
40	177	0.939418
40	178	1.00763
40	179	0.981257
40	180	0.92976
41	11	0.889823
41	36	1.04676
41	45	0.888854
41	56	0.965779
41	70	1.03028
41	91	1.17024
41	126	0.943157
41	135	1.10358
41	137	0.990356
41	160	0.946005
41	169	1.03621
41	174	0.957424
41	176	0.959305
41	178	0.949507
41	179	0.923131
42	34	0.971582
42	46	1.00128
42	80	1.12119
42	143	0.984861
42	150	0.964134
42	155	0.986478
42	156	1.33832
42	158	0.974807
42	165	0.989632
42	170	0.976343
42	171	0.973654
42	172	1.24182
42	173	0.856182
42	177	0.91602
42	180	0.906362
43	13	1.0007
43	24	0.959351
43	37	0.926558
43	47	1.01395
43	54	0.967608
43	57	0.878408
43	58	0.982222
43	62	0.966096
43	67	0.935531
43	83	0.889497
43	100	0.979895
43	166	1.13682
43	168	0.957063
43	173	1.65957
43	175	0.95726
44	26	0.925558
44	87	0.844467
44	95	0.822278
44	98	0.780146
44	138	1.05127
44	149	0.920016
44	151	1.06056
44	160	1.04129
44	162	1.06471
44	167	1.05654
44	168	1.05338
44	174	1.05271
44	175	1.05639
44	178	1.04479
44	179	1.01842
45	5	0.844586
45	8	1.00394
45	10	0.994629
45	11	0.89271
45	20	0.819848
45	25	1.08967
45	30	0.914308
45	36	1.04965
45	41	0.888854
45	56	0.968666
45	70	1.03316
45	125	1.10096
45	164	1.29802
45	166	1.07273
45	177	1.25076
46	42	1.00128
46	105	0.839425
46	110	1.02507
46	117	1.02903
46	127	1.04451
46	131	1.10522
46	132	0.825158
46	137	1.03098
46	146	0.868811
46	155	0.770129
46	167	1.07447
46	174	1.07064
46	176	1.07252
46	178	1.06272
46	180	0.984851
47	14	0.999446
47	15	0.999048
47	24	1.0826
47	37	1.0498
47	43	1.01395
47	54	1.09085
47	57	1.00165
47	60	1.08728
47	67	1.05878
47	83	1.01274
47	100	1.10314
47	125	0.919346
47	147	0.987651
47	167	0.738192
47	180	1.07338
48	56	1.0817
48	78	0.866385
48	131	0.917338
48	134	1.17741
48	148	0.97176
48	152	0.955179
48	154	0.9693
48	155	1.11827
48	160	0.958343
48	167	0.973592
48	172	0.963067
48	175	0.973441
48	176	0.971643
48	178	0.961845
48	179	0.935469
49	1	0.986245
49	50	1.02127
49	72	1.03183
49	91	1.04508
49	96	1.11441
49	104	1.06319
49	120	1.02586
49	124	1.07521
49	125	0.973469
49	130	1.08205
49	145	1.05477
49	147	1.04177
49	176	0.800084
49	177	1.12327
49	178	0.83067
50	49	1.02127
50	64	0.980429
50	72	0.929735
50	73	0.929221
50	81	0.915339
50	87	0.963381
50	91	0.942987
50	104	0.9611
50	113	1.09539
50	120	0.923763
50	125	1.28981
50	130	0.979957
50	144	1.07225
50	145	0.95267
50	166	1.26158
51	121	0.771657
51	126	0.87867
51	143	1.41927
51	146	1.50503
51	147	0.859671
51	153	1.4295
51	159	0.885372
51	167	0.896767
51	168	0.893608
51	172	0.886242
51	174	0.892937
51	175	0.896616
51	176	0.894818
51	178	0.885021
51	179	0.858645
52	55	0.929969
52	91	1.02907
52	122	1.05591
52	143	1.05282
52	147	1.02684
52	148	0.991154
52	149	1.02935
52	150	1.03209
52	152	1.09179
52	154	0.974319
52	165	1.05759
52	169	1.04822
52	171	1.04161
52	173	0.924141
52	177	0.983979
52	180	0.974321
53	59	0.802267
53	81	1.0051
53	116	0.962219
53	132	0.904037
53	138	1.02837
53	144	1.02627
53	153	0.872153
53	154	1.02935
53	156	0.973485
53	161	0.99462
53	167	1.03364
53	168	1.03048
53	172	1.02312
53	175	1.03349
53	176	1.03169
53	179	0.99552
54	13	1.0776
54	15	0.952703
54	24	1.03625
54	43	0.967608
54	47	1.09085
54	57	0.955309
54	60	1.04093
54	62	1.043
54	67	1.01243
54	83	0.966397
54	100	1.0568
54	133	0.885189
54	156	1.02983
54	160	0.930081
54	163	0.98907
54	180	1.22812
55	52	0.929969
55	91	1.00977
55	95	0.839078
55	118	0.993103
55	135	0.94311
55	136	1.03827
55	143	0.883901
55	152	1.0101
55	160	1.01326
55	162	1.03669
55	167	1.02851
55	172	1.01799
55	175	1.02836
55	176	1.02656
55	178	1.01677
55	179	0.990391
56	5	0.921512
56	8	1.08087
56	10	1.07155
56	11	0.969636
56	20	0.896774
56	25	1.16659
56	30	0.991233
56	41	0.965779
56	45	0.968666
56	48	1.0817
56	70	1.11009
56	100	1.05734
56	163	1.02984
56	174	0.983353
56	176	0.941468
56	178	0.972055
57	15	0.863503
57	24	0.947052
57	37	0.914259
57	43	0.878408
57	47	1.00165
57	54	0.955309
57	58	0.969923
57	60	0.951734
57	62	0.953797
57	67	0.923232
57	78	1.42266
57	80	0.963814
57	83	0.877198
57	163	1.10051
57	166	1.15729
57	180	1.33956
58	15	0.967317
58	37	1.01807
58	43	0.982222
58	57	0.969923
58	62	1.05761
58	83	0.981011
58	112	1.00662
58	128	1.05362
58	131	1.08588
58	137	1.01165
58	139	1.0695
58	152	0.921873
58	157	1.06607
58	161	0.972583
58	178	0.897694
58	180	1.19453
59	53	0.802267
59	65	1.29116
59	88	1.05589
59	143	1.0422
59	148	0.885429
59	149	1.01873
59	153	1.04168
59	155	1.04381
59	159	0.992159
59	161	1.03677
59	165	1.04697
59	166	0.999227
59	170	1.03368
59	171	1.03099
59	173	0.91352
59	177	0.973358
60	13	1.07402
60	15	0.949128
60	24	1.03268
60	37	0.999883
60	47	1.08728
60	54	1.04093
60	57	0.951734
60	62	1.03942
60	67	1.00886
60	78	1.29969
60	83	0.962822
60	100	1.05322
60	111	0.768814
60	160	0.918559
60	168	0.85458
60	180	1.2166
61	73	1.00235
61	131	0.719861
61	140	0.92082
61	144	1.024
61	154	1.02708
61	156	0.971215
61	158	0.972446
61	160	1.01612
61	162	1.03955
61	167	1.03137
61	169	0.925549
61	172	1.02085
61	174	1.02754
61	176	1.02942
61	178	1.01963
61	179	0.993251
62	13	1.07608
62	24	1.03474
62	37	1.00195
62	43	0.966096
62	54	1.043
62	57	0.953797
62	58	1.05761
62	60	1.03942
62	67	1.01092
62	80	1.0515
62	83	0.964885
62	107	1.03694
62	133	0.924272
62	161	1.04526
62	166	1.08494
62	178	0.970367
63	84	0.989919
63	135	1.02814
63	140	1.05823
63	150	1.01926
63	151	0.898055
63	155	1.0416
63	158	1.02993
63	159	1.05852
63	165	1.04476
63	169	1.03539
63	170	1.03147
63	171	1.02878
63	173	0.911308
63	176	0.997657
63	177	0.971146
63	179	1.10806
64	4	1.06958
64	50	0.980429
64	69	1.02361
64	72	0.990986
64	73	0.990472
64	87	1.02463
64	120	0.985014
64	123	1.04562
64	124	1.03436
64	130	1.04121
64	141	0.878607
64	145	1.01392
64	162	0.882107
64	163	0.945573
64	177	1.18039
64	180	1.18462
65	9	0.868737
65	37	1.33361
65	59	1.29116
65	69	1.25039
65	100	1.11512
65	106	0.930021
65	148	0.928499
65	160	0.915082
65	162	0.938508
65	166	0.876238
65	167	0.930331
65	168	0.927172
65	172	0.919806
65	174	0.926501
65	176	0.928382
65	178	0.918585
65	179	0.892209
66	10	0.926826
66	118	1.07264
66	122	1.10437
66	132	1.01902
66	134	1.02859
66	147	0.99148
66	150	0.996728
66	153	1.01694
66	158	1.0074
66	160	1.11487
66	166	0.974484
66	167	1.07772
66	169	1.01286
66	170	1.00894
66	171	1.00625
66	173	0.888777
66	177	0.948615
67	13	1.04552
67	15	0.920625
67	24	1.00417
67	43	0.935531
67	47	1.05878
67	54	1.01243
67	57	0.923232
67	60	1.00886
67	62	1.01092
67	80	1.02094
67	83	0.93432
67	100	1.02472
67	108	0.987391
67	122	1.01664
67	176	0.997749
67	178	1.02834
67	180	1.32517
68	77	0.981863
68	82	1.16812
68	88	1.02178
68	97	1.00285
68	135	0.996248
68	151	0.968736
68	153	1.00758
68	155	1.00971
68	158	0.99804
68	164	0.93335
68	165	1.01287
68	170	0.999577
68	171	0.996888
68	174	1.11022
68	175	1.03394
68	176	1.06834
68	177	0.939254
69	31	0.976813
69	38	0.982477
69	64	1.02361
69	65	1.25039
69	72	0.972919
69	73	0.972405
69	81	0.958523
69	87	1.00656
69	104	1.00428
69	120	0.966946
69	124	1.0163
69	130	1.02314
69	145	0.995854
69	172	0.923163
69	177	1.21372
69	178	0.921115
69	179	1.00093
70	5	0.986008
70	8	1.14536
70	11	1.03413
70	20	0.96127
70	25	1.23109
70	30	1.05573
70	36	1.19107
70	41	1.03028
70	45	1.03316
70	56	1.11009
70	93	0.735812
70	100	1.12183
70	162	0.675831
70	164	1.02137
70	173	1.31884
70	174	0.692808
70	177	0.974113
71	74	0.957157
71	109	0.959969
71	111	0.988691
71	126	1.09035
71	134	0.998742
71	139	1.31145
71	143	0.987604
71	146	0.973101
71	150	0.966877
71	155	0.989221
71	158	0.97755
71	165	0.992376
71	169	0.983007
71	170	0.979086
71	171	0.976397
71	173	0.858926
71	174	1.15094
71	176	1.10905
72	4	1.01888
72	31	0.944187
72	49	1.03183
72	50	0.929735
72	64	0.990986
72	69	0.972919
72	73	0.939778
72	81	0.925896
72	87	0.973938
72	120	0.93432
72	124	0.98367
72	127	1.09015
72	130	0.990514
72	141	1.08968
72	145	0.963227
72	154	1.00557
72	164	1.43872
72	175	1.03387
73	2	1.021
73	50	0.929221
73	61	1.00235
73	64	0.990472
73	69	0.972405
73	72	0.939778
73	75	0.936439
73	81	0.925382
73	87	0.973424
73	96	1.02235
73	104	0.971143
73	106	0.995223
73	120	0.933806
73	123	0.994416
73	130	0.99
73	162	1.0845
73	163	1.14797
73	177	1.38279
74	71	0.957157
74	79	1.00818
74	82	1.19074
74	86	1.20924
74	134	0.99499
74	143	0.983852
74	149	0.960379
74	154	1.02825
74	155	0.985468
74	158	0.973797
74	165	0.988623
74	169	0.979255
74	170	0.975334
74	171	0.972645
74	174	1.13284
74	176	1.09096
74	177	0.915011
74	180	0.905353
75	4	1.01554
75	38	0.946511
75	73	0.936439
75	88	1.07154
75	102	1.04875
75	120	0.93098
75	124	0.980331
75	130	0.987174
75	143	1.02931
75	149	1.08222
75	152	0.966665
75	160	0.969828
75	168	0.981918
75	171	0.922295
75	174	0.981247
75	176	0.983128
75	178	0.973331
75	179	0.946955
76	19	1.06082
76	21	1.05123
76	89	0.935845
76	98	1.09419
76	112	1.01562
76	113	0.737849
76	115	1.04398
76	116	1.02174
76	119	1.02506
76	127	1.03418
76	128	1.06262
76	131	1.09488
76	137	1.02065
76	154	0.696185
76	157	1.07507
76	163	0.847262
76	173	1.4268
76	180	1.08631
77	68	0.981863
77	125	0.934667
77	135	0.97622
77	136	1.04748
77	140	1.00631
77	148	1.07734
77	152	1.17797
77	155	0.989683
77	157	1.01012
77	158	0.978012
77	165	0.992838
77	166	0.945095
77	167	1.11544
77	170	0.979549
77	171	0.97686
77	177	0.919226
77	179	1.23361
77	180	0.909568
78	24	1.20515
78	48	0.866385
78	57	1.42266
78	60	1.29969
78	99	0.946154
78	118	0.893924
78	147	0.892238
78	151	0.933354
78	159	0.917939
78	164	0.843468
78	165	1.42253
78	168	0.926175
78	173	0.789534
78	174	0.925504
78	175	0.929183
78	176	0.927385
78	178	0.917588
78	179	0.891212
79	74	1.00818
79	93	0.987973
79	101	0.803319
79	113	1.06874
79	121	1.32747
79	134	1.04977
79	146	1.02413
79	150	1.0179
79	155	1.04024
79	157	1.06068
79	160	0.932468
79	165	1.0434
79	166	0.995657
79	169	1.03403
79	171	1.02742
79	172	0.935719
79	177	0.969788
79	179	1.01349
79	180	0.96013
80	15	0.961208
80	24	1.04476
80	42	1.12119
80	57	0.963814
80	62	1.0515
80	67	1.02094
80	83	0.974902
80	104	0.72881
80	110	0.761896
80	116	1.00326
80	148	1.0472
80	151	1.05305
80	157	0.87896
80	158	0.9417
80	172	1.0385
80	175	1.04888
80	176	1.04708
80	178	1.03728
80	179	1.01091
81	1	0.880311
81	23	0.985071
81	31	0.929791
81	50	0.915339
81	53	1.0051
81	69	0.958523
81	72	0.925896
81	73	0.925382
81	91	0.939148
81	96	1.00847
81	104	0.957261
81	123	0.980534
81	124	0.969274
81	130	0.976117
81	136	1.0584
81	145	0.948831
81	161	1.23961
81	164	1.50458
81	168	1.09954
82	36	0.851857
82	68	1.16812
82	74	1.19074
82	93	0.945331
82	114	1.25833
82	132	1.13285
82	141	0.959273
82	154	0.969834
82	159	0.96273
82	161	0.935102
82	162	0.982302
82	163	0.954918
82	164	0.888259
82	172	0.9636
82	175	0.973975
82	176	0.972177
82	177	0.894164
82	178	0.962379
82	179	0.936003
83	13	0.999485
83	15	0.874591
83	24	0.958141
83	37	0.925347
83	43	0.889497
83	47	1.01274
83	54	0.966397
83	57	0.877198
83	58	0.981011
83	60	0.962822
83	62	0.964885
83	67	0.93432
83	80	0.974902
83	100	0.978684
83	125	1.23088
83	159	1.11835
83	163	1.14586
83	172	1.09013
83	180	1.38491
84	63	0.989919
84	92	1.09913
84	107	1.00897
84	121	0.914734
84	122	0.986254
84	131	0.769371
84	149	1.03613
84	152	1.02143
84	160	1.0246
84	161	1.00082
84	167	1.03984
84	169	0.975059
84	171	0.876205
84	173	0.900044
84	174	1.03601
84	175	1.03969
84	176	1.0379
84	177	0.959882
84	178	1.0281
84	179	1.00172
85	27	1.34133
85	108	1.00302
85	123	0.908532
85	138	1.01913
85	139	0.944401
85	154	1.02011
85	155	0.889022
85	156	0.964246
85	159	1.01301
85	165	0.922991
85	168	1.02124
85	169	0.89378
85	171	0.794926
85	172	1.01388
85	174	1.02057
85	175	1.02425
85	176	1.02246
85	178	1.01266
85	179	0.986281
85	180	0.934784
86	74	1.20924
86	100	0.873544
86	108	0.960543
86	136	0.991677
86	145	1.16055
86	156	0.921765
86	158	1.14798
86	159	0.970528
86	162	0.9901
86	167	0.981923
86	169	1.10108
86	172	0.971397
86	173	0.842123
86	175	0.981772
86	176	0.979974
86	177	0.901961
86	178	0.970176
86	179	0.9438
86	180	0.892303
87	31	0.977833
87	38	0.983496
87	44	0.844467
87	50	0.963381
87	64	1.02463
87	69	1.00656
87	72	0.973938
87	73	0.973424
87	96	1.05651
87	104	1.0053
87	120	0.967965
87	123	1.02858
87	124	1.01732
87	130	1.02416
87	145	0.996873
87	147	1.21001
87	156	1.09746
87	166	1.11348
87	172	1.00096
87	178	0.998909
88	59	1.05589
88	68	1.02178
88	75	1.07154
88	106	0.968812
88	114	0.992909
88	127	1.05506
88	133	1.01768
88	147	1.00201
88	149	1.00451
88	153	1.02747
88	155	1.0296
88	161	1.13866
88	165	1.03276
88	166	0.985016
88	169	1.02339
88	171	1.01678
88	173	0.899309
88	175	0.998785
88	177	0.959147
88	180	0.949489
89	4	0.938353
89	24	0.971588
89	25	0.823167
89	76	0.935845
89	95	1.0682
89	117	1.17974
89	126	1.0031
89	130	1.04162
89	132	1.01164
89	165	1.01484
89	166	0.967101
89	167	1.02119
89	170	1.00155
89	171	0.998866
89	174	1.01736
89	175	1.02104
89	176	1.01925
89	177	0.941232
89	179	0.983071
89	180	0.931574
90	19	0.882357
90	40	1.00234
90	95	1.01075
90	131	0.841727
90	154	1.01521
90	157	1.03157
90	159	1.00811
90	161	0.980479
90	162	1.02768
90	167	1.0195
90	168	1.01634
90	170	1.03136
90	171	0.948561
90	172	1.00898
90	173	0.879703
90	174	1.01567
90	175	1.01935
90	176	1.01755
90	178	1.00776
90	179	0.98138
91	23	1.01272
91	41	1.17024
91	49	1.04508
91	50	0.942987
91	52	1.02907
91	55	1.00977
91	81	0.939148
91	120	0.947572
91	122	1.13571
91	124	0.996922
91	130	1.00377
91	145	0.97648
91	151	1.01722
91	153	0.990031
91	165	0.995319
91	166	0.947576
91	168	1.08223
91	170	0.98203
91	171	0.979341
91	175	1.08242
91	180	0.912049
92	39	0.967983
92	84	1.09913
92	123	1.00898
92	134	1.00248
92	141	1.12828
92	143	0.991346
92	146	0.976843
92	148	1.061
92	150	0.970619
92	153	0.99083
92	154	1.04417
92	155	0.992963
92	158	0.981292
92	165	0.996118
92	166	0.948375
92	168	1.07228
92	169	0.986749
92	170	0.982828
92	171	0.980139
92	174	1.14876
92	177	0.922506
93	70	0.735812
93	79	0.987973
93	82	0.945331
93	139	0.927744
93	141	0.992894
93	150	1.14759
93	154	1.00346
93	155	1.06293
93	156	0.947588
93	158	1.11458
93	159	0.996352
93	161	0.968723
93	162	1.01592
93	164	0.92188
93	170	1.05163
93	172	0.997221
93	174	1.00392
93	175	1.0076
93	176	1.0058
93	178	0.996
93	179	0.969624
94	40	0.906576
94	98	1.10071
94	115	1.05051
94	116	1.02826
94	117	1.02522
94	128	1.06914
94	131	1.1014
94	137	1.02717
94	140	1.07778
94	141	0.91892
94	149	1.03606
94	150	1.03881
94	152	0.952278
94	159	0.958373
94	161	1.00299
94	169	1.05494
94	170	1.05102
94	171	1.04833
94	174	0.939397
94	177	0.990694
94	178	0.928099
95	44	0.822278
95	55	0.839078
95	89	1.0682
95	90	1.01075
95	125	1.01903
95	132	1.07399
95	140	1.09067
95	143	1.07243
95	144	0.901957
95	147	1.04645
95	149	1.04895
95	152	1.0009
95	155	1.07404
95	158	1.06237
95	165	1.0772
95	167	0.938364
95	169	1.06783
95	171	1.06122
95	173	0.943747
95	174	0.988018
95	180	0.993927
96	1	0.977284
96	2	1.10409
96	4	1.10146
96	31	1.02676
96	38	1.03243
96	49	1.11441
96	73	1.02235
96	81	1.00847
96	87	1.05651
96	101	0.770066
96	104	1.05423
96	120	1.0169
96	124	1.06625
96	130	1.07309
96	141	0.891238
96	145	1.0458
96	163	0.958203
96	166	1.01499
96	167	0.862062
96	177	1.19302
96	179	0.980232
97	68	1.00285
97	105	1.02179
97	111	0.970597
97	118	1.07812
97	126	1.07226
97	132	1.01062
97	143	1.00905
97	146	0.99455
97	149	0.98558
97	150	0.988326
97	156	1.2201
97	158	0.998999
97	164	0.934308
97	169	1.00446
97	170	1.00053
97	171	0.997846
97	173	0.880374
97	175	1.05656
97	177	0.940212
97	179	1.20136
97	180	0.930554
98	35	1.02488
98	44	0.780146
98	76	1.09419
98	94	1.10071
98	103	1.06261
98	110	1.01719
98	112	1.01808
98	115	1.04645
98	116	1.0242
98	117	1.02116
98	119	1.02753
98	128	1.06508
98	131	1.09734
98	136	0.828272
98	137	1.02311
98	141	0.925408
98	157	1.07753
98	162	0.928908
98	163	0.992373
98	172	0.936636
98	177	1.22719
99	39	1.00287
99	78	0.946154
99	116	0.933742
99	132	0.87556
99	142	1.00997
99	146	0.919213
99	150	0.905189
99	151	1.05738
99	152	1.03495
99	154	1.04907
99	157	0.809446
99	161	1.01434
99	162	1.06154
99	165	0.8545
99	166	0.999268
99	167	1.05336
99	172	1.04284
99	174	1.04953
99	176	1.05141
99	177	0.973399
99	178	1.04161
99	179	1.01524
100	5	0.933257
100	8	1.09261
100	11	0.981381
100	13	1.08988
100	20	0.908519
100	30	1.00298
100	37	1.01575
100	43	0.979895
100	47	1.10314
100	54	1.0568
100	56	1.05734
100	60	1.05322
100	65	1.11512
100	67	1.02472
100	70	1.12183
100	83	0.978684
100	86	0.873544
100	127	0.777139
100	147	0.996954
100	164	1.12571
100	166	0.900421
100	180	1.08269
101	79	0.803319
101	96	0.770066
101	102	0.910636
101	108	1.03339
101	116	0.991485
101	118	1.01936
101	121	0.929656
101	129	1.01982
101	146	0.976956
101	154	1.05047
101	155	0.878274
101	159	1.04337
101	161	1.01574
101	162	1.06294
101	166	1.00067
101	168	1.05161
101	174	1.05094
101	175	1.05462
101	176	1.05282
101	177	0.974804
101	178	1.04302
101	179	1.01664
102	75	1.04875
102	101	0.910636
102	114	0.99639
102	127	1.03228
102	129	1.01432
102	132	1.03303
102	140	1.04971
102	145	1.0174
102	146	1.01697
102	149	1.008
102	153	1.03095
102	154	0.947697
102	158	1.02141
102	161	1.11588
102	163	1.02338
102	169	1.02687
102	170	1.02295
102	171	1.02026
102	173	0.90279
102	175	0.976001
102	177	0.962628
102	179	1.1208
102	180	0.95297
103	3	0.953549
103	21	1.01966
103	29	0.992351
103	32	1.00018
103	33	0.99445
103	98	1.06261
103	110	0.98315
103	112	0.984039
103	113	0.903671
103	115	1.01241
103	116	0.990163
103	117	0.987116
103	119	0.993486
103	128	1.03104
103	131	1.0633
103	137	0.989068
103	157	1.04349
103	166	1.06987
103	172	0.957346
103	175	0.890312
103	177	1.2479
103	178	0.955298
103	180	1.25213
104	1	0.926072
104	2	1.05287
104	4	1.05025
104	23	1.03083
104	49	1.06319
104	50	0.9611
104	69	1.00428
104	73	0.971143
104	80	0.72881
104	81	0.957261
104	87	1.0053
104	96	1.05423
104	120	0.965684
104	123	1.02629
104	124	1.01503
104	130	1.02188
104	142	1.03142
104	145	0.994592
104	162	0.841712
104	164	1.18725
104	167	0.809036
104	173	1.48472
104	177	1.13999
105	46	0.839425
105	97	1.02179
105	114	0.991955
105	118	1.03449
105	127	1.06921
105	135	1.01519
105	149	1.00356
105	150	1.00631
105	155	1.02865
105	157	1.04909
105	158	1.01698
105	160	1.07672
105	163	1.01895
105	164	0.952289
105	165	1.03181
105	169	1.02244
105	170	1.01852
105	171	1.01583
105	174	1.08922
105	175	1.01294
105	177	0.958194
105	178	1.07792
105	180	0.948536
106	22	1.02351
106	65	0.930021
106	73	0.995223
106	88	0.968812
106	118	1.00082
106	122	0.98264
106	132	0.968695
106	140	0.913696
106	148	1.0344
106	153	0.936811
106	157	0.902582
106	158	0.965322
106	161	0.997207
106	162	1.04441
106	168	1.03307
106	172	1.02571
106	174	1.0324
106	175	1.03608
106	176	1.03428
106	177	0.956269
106	178	1.02448
106	179	0.998108
106	180	0.946611
107	13	0.863437
107	22	0.99294
107	62	1.03694
107	84	1.00897
107	128	0.882546
107	131	0.874274
107	138	1.00039
107	139	0.925661
107	145	1.13943
107	148	1.00383
107	151	1.00968
107	160	0.990414
107	161	0.96664
107	167	1.00566
107	168	1.0025
107	169	1.07996
107	170	1.06391
107	172	0.995138
107	174	1.00183
107	175	1.00551
107	176	1.00371
107	177	0.925702
107	178	0.993917
107	179	0.967541
108	67	0.987391
108	85	1.00302
108	86	0.960543
108	101	1.03339
108	117	0.992427
108	121	0.890051
108	130	0.854305
108	140	0.967711
108	144	1.00779
108	146	1.06636
108	149	1.03351
108	152	0.996749
108	153	0.990826
108	156	0.955003
108	161	0.976138
108	167	1.01516
108	168	1.012
108	172	1.00464
108	174	1.01133
108	175	1.01501
108	176	1.01321
108	178	1.00341
108	179	0.977039
108	180	0.925541
109	16	1.03863
109	71	0.959969
109	132	0.988229
109	135	0.974817
109	140	1.0049
109	146	0.972161
109	148	1.06779
109	149	0.963191
109	150	0.965936
109	153	0.986147
109	154	1.05096
109	158	0.976609
109	159	1.17452
109	163	0.978577
109	164	0.911919
109	165	0.991435
109	166	0.943692
109	168	1.07907
109	169	0.982067
109	170	0.978146
109	171	0.975457
109	176	1.11366
109	178	1.14425
109	179	1.22406
109	180	0.908165
110	3	0.908129
110	7	1.0385
110	19	0.983826
110	29	0.946931
110	32	0.954762
110	46	1.02507
110	80	0.761896
110	98	1.01719
110	103	0.98315
110	112	0.938619
110	115	0.966987
110	116	0.944743
110	117	0.941696
110	119	0.948066
110	121	1.27428
110	127	0.957178
110	128	0.985621
110	131	1.01788
110	137	0.943648
110	156	0.979028
110	157	0.998068
110	163	0.938263
110	173	1.5178
110	177	1.17308
110	180	1.17731
111	4	0.641035
111	27	1.30998
111	60	0.768814
111	71	0.988691
111	97	0.970597
111	134	0.916821
111	151	1.05478
111	154	1.04647
111	156	0.990605
111	159	1.03937
111	160	1.03551
111	161	1.01174
111	162	1.05894
111	164	0.964897
111	165	0.891646
111	167	1.05076
111	168	1.0476
111	169	0.862435
111	172	1.04024
111	174	1.04693
111	175	1.05061
111	176	1.04881
111	178	1.03902
111	179	1.01264
111	180	0.961143
112	3	0.909017
112	19	0.984714
112	21	0.975125
112	32	0.955651
112	35	0.946309
112	58	1.00662
112	76	1.01562
112	98	1.01808
112	103	0.984039
112	110	0.938619
112	115	0.967875
112	117	0.942584
112	119	0.948954
112	127	0.958066
112	128	0.986509
112	131	1.01877
112	137	0.944537
112	138	1.0016
112	156	1.1502
112	157	0.998956
112	166	1.16622
112	167	1.0133
112	172	1.0537
112	179	1.13147
112	180	1.34849
113	33	0.958371
113	50	1.09539
113	76	0.737849
113	79	1.06874
113	103	0.903671
113	115	0.8403
113	116	1.07021
113	124	0.83059
113	130	0.843622
113	140	1.06265
113	150	1.02368
113	151	1.05955
113	154	1.05124
113	158	1.03436
113	161	1.01651
113	165	1.04918
113	166	1.00144
113	170	1.03589
113	172	1.04501
113	173	0.915732
113	175	1.05538
113	176	1.05358
113	178	1.04379
113	179	1.01741
113	180	0.965912
114	26	1.01603
114	39	0.955857
114	82	1.25833
114	88	0.992909
114	102	0.99639
114	105	0.991955
114	129	0.962075
114	136	1.08282
114	140	0.99746
114	147	0.953244
114	149	0.955746
114	151	1.05895
114	153	0.978703
114	164	0.904474
114	165	0.983991
114	166	0.936248
114	167	1.15078
114	169	0.974623
114	170	0.970701
114	171	0.968012
114	173	0.850541
114	175	1.12415
114	176	1.15855
114	177	0.910379
114	179	1.26895
114	180	0.900721
115	3	0.937386
115	28	0.976771
115	29	0.976188
115	32	0.984019
115	33	0.978287
115	35	0.974677
115	76	1.04398
115	94	1.05051
115	98	1.04645
115	103	1.01241
115	110	0.966987
115	112	0.967875
115	113	0.8403
115	116	0.973999
115	117	0.970953
115	119	0.977322
115	128	1.01488
115	131	1.04714
115	136	0.785611
115	137	0.972905
115	147	1.10303
115	157	1.02732
115	164	1.23178
115	173	1.52925
115	175	0.826941
115	177	1.18453
115	179	0.971742
116	3	0.915141
116	7	1.04551
116	19	0.990838
116	22	1.00321
116	29	0.953944
116	32	0.961775
116	33	0.956043
116	35	0.952433
116	53	0.962219
116	76	1.02174
116	80	1.00326
116	94	1.02826
116	98	1.0242
116	99	0.933742
116	101	0.991485
116	103	0.990163
116	110	0.944743
116	113	1.07021
116	115	0.973999
116	117	0.948708
116	119	0.955078
116	127	0.96419
116	128	0.992633
116	131	1.02489
116	137	0.950661
116	157	1.00508
116	172	1.12388
116	180	1.41867
117	7	1.04246
117	19	0.987791
117	21	0.978202
117	29	0.950897
117	32	0.958728
117	33	0.952996
117	35	0.949386
117	46	1.02903
117	89	1.17974
117	94	1.02522
117	98	1.02116
117	103	0.987116
117	108	0.992427
117	110	0.941696
117	112	0.942584
117	115	0.970953
117	116	0.948708
117	119	0.952032
117	125	1.17617
117	128	0.989586
117	131	1.02185
117	133	0.987276
117	137	0.947614
117	157	1.00203
117	162	1.02769
117	167	0.995016
117	177	1.32597
117	178	1.03337
118	55	0.993103
118	66	1.07264
118	78	0.893924
118	97	1.07812
118	101	1.01936
118	105	1.03449
118	106	1.00082
118	126	0.983033
118	141	0.986278
118	143	0.978114
118	144	0.99376
118	149	1.03103
118	153	0.988342
118	156	0.940972
118	159	0.989735
118	160	0.985881
118	161	0.962107
118	165	0.999167
118	167	1.00113
118	168	0.997971
118	169	0.969956
118	172	0.990605
118	174	0.997301
118	175	1.00098
118	176	0.999182
118	178	0.989384
118	179	0.963008
118	180	0.911511
119	3	0.918465
119	7	1.04883
119	19	0.994161
119	21	0.984572
119	29	0.957267
119	33	0.959366
119	35	0.955756
119	76	1.02506
119	98	1.02753
119	103	0.993486
119	110	0.948066
119	112	0.948954
119	115	0.977322
119	116	0.955078
119	117	0.952032
119	127	0.967513
119	128	0.995956
119	131	1.02822
119	137	0.953984
119	139	1.0729
119	141	0.89191
119	142	1.08512
119	147	1.11219
119	157	1.0084
119	164	1.24095
119	173	1.53842
119	178	0.90109
119	179	0.980905
120	1	0.888735
120	2	1.01554
120	4	1.01291
120	23	0.993495
120	31	0.938214
120	38	0.943878
120	49	1.02586
120	50	0.923763
120	64	0.985014
120	69	0.966946
120	72	0.93432
120	73	0.933806
120	75	0.93098
120	87	0.967965
120	91	0.947572
120	96	1.0169
120	104	0.965684
120	123	0.988957
120	124	0.977697
120	130	0.984541
120	145	0.957255
120	154	0.883021
120	160	0.975108
120	163	1.0341
120	164	1.31617
120	166	1.09088
120	173	1.61364
120	176	0.945725
120	177	1.26891
121	34	1.44717
121	51	0.771657
121	79	1.32747
121	84	0.914734
121	101	0.929656
121	108	0.890051
121	110	1.27428
121	133	0.915849
121	136	0.921185
121	139	0.831428
121	144	0.90406
121	151	0.915451
121	152	0.893018
121	155	1.40242
121	156	0.851273
121	159	0.900036
121	160	0.896182
121	162	0.919607
121	167	0.911431
121	168	0.908271
121	169	1.40718
121	170	1.39113
121	172	0.900905
121	175	0.91128
121	176	0.909482
121	177	0.831469
121	178	0.899684
121	179	0.873308
122	29	1.11699
122	52	1.05591
122	66	1.10437
122	67	1.01664
122	84	0.986254
122	91	1.13571
122	106	0.98264
122	123	1.01644
122	134	1.05607
122	136	0.992705
122	138	0.977679
122	141	0.968098
122	151	0.986971
122	152	0.964538
122	156	0.922792
122	158	1.04858
122	159	0.971555
122	160	0.967701
122	161	0.943927
122	163	0.963743
122	166	0.928858
122	167	0.98295
122	168	0.979791
122	172	0.972425
122	174	0.979121
122	175	0.9828
122	176	0.981002
122	178	0.971204
122	180	0.893331
123	14	1.25103
123	31	0.998824
123	38	1.00449
123	64	1.04562
123	73	0.994416
123	81	0.980534
123	85	0.908532
123	87	1.02858
123	92	1.00898
123	104	1.02629
123	120	0.988957
123	122	1.01644
123	124	1.03831
123	129	1.01479
123	130	1.04515
123	132	1.0335
123	136	0.92182
123	144	0.953373
123	145	1.01786
123	146	1.01743
123	151	0.897947
123	153	1.03142
123	160	1.02693
123	169	1.02734
123	170	1.02341
123	171	1.02073
123	176	0.99755
123	178	1.02814
123	180	0.953434
124	1	0.938085
124	2	1.06489
124	4	1.06226
124	23	1.04285
124	31	0.987565
124	38	0.993228
124	49	1.07521
124	64	1.03436
124	69	1.0163
124	72	0.98367
124	75	0.980331
124	81	0.969274
124	87	1.01732
124	91	0.996922
124	96	1.06625
124	104	1.01503
124	113	0.83059
124	120	0.977697
124	123	1.03831
124	130	1.03389
124	145	1.00661
124	147	1.09332
124	148	0.80576
124	162	0.876537
124	163	0.940003
124	166	0.996788
124	173	1.51954
124	174	0.893514
124	177	1.17482
125	31	1.14605
125	45	1.10096
125	47	0.919346
125	49	0.973469
125	50	1.28981
125	77	0.934667
125	83	1.23088
125	95	1.01903
125	117	1.17617
125	129	0.943754
125	137	1.11033
125	142	0.928634
125	146	0.946396
125	147	0.934924
125	148	0.970189
125	149	0.937426
125	154	0.967729
125	158	0.950845
125	165	0.965671
125	167	0.97202
125	168	0.968861
125	170	0.952381
125	171	0.949692
125	172	0.961495
125	174	0.968191
125	175	0.97187
125	176	0.970072
125	177	0.892059
125	178	0.960274
125	179	0.933898
126	41	0.943157
126	51	0.87867
126	71	1.09035
126	89	1.0031
126	97	1.07226
126	118	0.983033
126	129	1.10088
126	130	0.845963
126	137	0.918241
126	138	1.01317
126	139	0.938441
126	140	0.959369
126	145	1.02357
126	148	1.01661
126	152	1.00003
126	153	0.982484
126	154	1.01415
126	156	0.958286
126	161	0.979421
126	162	1.02662
126	167	1.01844
126	168	1.01528
126	170	0.948046
126	172	1.00792
126	174	1.01461
126	175	1.01829
126	176	1.01649
126	177	0.938482
126	178	1.0067
126	179	0.980321
126	180	0.928824
127	26	1.07129
127	32	0.97421
127	33	0.968478
127	46	1.04451
127	72	1.09015
127	76	1.03418
127	88	1.05506
127	100	0.777139
127	102	1.03228
127	105	1.06921
127	110	0.957178
127	112	0.958066
127	116	0.96419
127	119	0.967513
127	128	1.00507
127	137	0.963096
127	140	0.999944
127	141	0.99173
127	148	1.00475
127	149	1.06575
127	156	0.946425
127	157	1.01752
127	160	0.991334
127	162	1.01476
127	170	0.988621
127	172	0.996058
127	175	1.00643
127	176	1.00463
127	177	0.926621
127	178	0.994836
127	179	0.968461
128	3	0.956019
128	7	1.08639
128	9	1.12673
128	21	1.02213
128	28	0.995405
128	29	0.994822
128	33	0.996921
128	35	0.993311
128	58	1.05362
128	76	1.06262
128	94	1.06914
128	98	1.06508
128	103	1.03104
128	107	0.882546
128	110	0.985621
128	112	0.986509
128	115	1.01488
128	116	0.992633
128	117	0.989586
128	119	0.995956
128	127	1.00507
128	131	1.06577
128	137	0.991539
128	142	1
128	152	0.840148
128	157	1.04596
128	159	0.846242
128	161	0.890858
128	164	1.15583
128	166	0.93054
128	173	1.4533
128	179	0.895783
129	27	0.91223
129	101	1.01982
129	102	1.01432
129	114	0.962075
129	123	1.01479
129	125	0.943754
129	126	1.10088
129	132	0.998719
129	134	1.00829
129	135	0.985307
129	143	0.997154
129	144	1.0754
129	146	0.982651
129	148	1.07371
129	150	0.976426
129	153	0.996637
129	154	1.05688
129	155	0.99877
129	156	1.24872
129	158	0.987099
129	162	1.14449
129	163	0.989067
129	164	0.922409
129	165	1.00193
129	166	0.954182
129	168	1.08499
129	169	0.992557
129	170	0.988636
129	171	0.985947
129	173	0.868475
129	178	1.15017
129	180	0.918655
130	1	0.944929
130	2	1.07173
130	4	1.0691
130	22	0.776619
130	23	1.04969
130	31	0.994408
130	38	1.00007
130	49	1.08205
130	50	0.979957
130	64	1.04121
130	69	1.02314
130	72	0.990514
130	73	0.99
130	75	0.987174
130	81	0.976117
130	87	1.02416
130	89	1.04162
130	91	1.00377
130	96	1.07309
130	104	1.02188
130	108	0.854305
130	113	0.843622
130	120	0.984541
130	123	1.04515
130	124	1.03389
130	126	0.845963
130	136	0.788934
130	145	1.01345
130	147	1.10635
130	164	1.23511
130	177	1.18785
130	180	1.19209
131	3	0.988278
131	19	1.06398
131	21	1.05439
131	28	1.02766
131	29	1.02708
131	32	1.03491
131	33	1.02918
131	46	1.10522
131	48	0.917338
131	58	1.08588
131	61	0.719861
131	76	1.09488
131	84	0.769371
131	90	0.841727
131	94	1.1014
131	98	1.09734
131	103	1.0633
131	107	0.874274
131	110	1.01788
131	112	1.01877
131	115	1.04714
131	116	1.02489
131	117	1.02185
131	119	1.02822
131	128	1.06577
131	137	1.0238
131	142	0.99173
131	157	1.07822
131	161	0.882586
131	163	0.865482
131	172	0.809745
131	173	1.44502
131	180	1.10453
132	34	1.00258
132	39	0.992501
132	46	0.825158
132	53	0.904037
132	66	1.01902
132	82	1.13285
132	89	1.01164
132	95	1.07399
132	97	1.01062
132	99	0.87556
132	102	1.03303
132	106	0.968695
132	109	0.988229
132	123	1.0335
132	129	0.998719
132	134	1.027
132	140	1.0341
132	144	0.988891
132	150	0.995136
132	152	1.08783
132	153	1.01535
132	155	1.01748
132	156	1.16221
132	158	1.00581
132	165	1.02064
132	166	0.972892
132	169	1.01127
132	170	1.00735
132	171	1.00466
132	173	0.887185
132	178	1.06365
132	179	1.14347
132	180	0.937365
133	30	1.08614
133	34	1.00728
133	54	0.885189
133	62	0.924272
133	88	1.01768
133	117	0.987276
133	121	0.915849
133	137	0.921432
133	139	0.960957
133	141	1.02611
133	142	0.997572
133	144	1.03359
133	148	1.03913
133	151	1.04498
133	152	1.02255
133	153	0.985676
133	156	0.980801
133	158	1.01419
133	159	1.02956
133	160	1.02571
133	161	1.00194
133	164	0.955093
133	166	0.986866
133	168	1.0378
133	171	0.868436
133	172	1.03043
133	173	0.901159
133	174	1.03713
133	175	1.04081
133	176	1.03901
133	177	0.960997
133	178	1.02921
133	179	1.00284
134	12	0.843654
134	27	0.940513
134	39	1.00207
134	48	1.17741
134	66	1.02859
134	71	0.998742
134	74	0.99499
134	79	1.04977
134	92	1.00248
134	111	0.916821
134	122	1.05607
134	129	1.00829
134	132	1.027
134	135	1.01359
134	146	1.01093
134	149	1.00196
134	153	1.02492
134	154	0.974479
134	155	1.02705
134	158	1.01538
134	160	1.06657
134	162	1.06209
134	163	1.01735
134	164	0.950691
134	165	1.03021
134	169	1.02084
134	170	1.01692
134	171	1.01423
134	175	1.00278
134	176	1.03718
134	177	0.956596
134	178	1.06777
134	180	0.946938
135	41	1.10358
135	55	0.94311
135	63	1.02814
135	68	0.996248
135	77	0.97622
135	105	1.01519
135	109	0.974817
135	129	0.985307
135	134	1.01359
135	136	0.974436
135	138	1.0307
135	140	1.02069
135	142	0.970186
135	143	1.00245
135	145	0.988384
135	146	0.987949
135	150	0.981725
135	152	1.10493
135	153	1.00194
135	155	1.00407
135	156	1.1793
135	157	1.02451
135	158	0.992397
135	160	1.07955
135	163	0.994365
135	164	0.927707
135	165	1.00722
135	168	1.01557
135	169	0.997855
135	170	0.993934
135	171	0.991245
135	174	1.09205
135	178	1.08075
135	180	0.923953
136	39	1.08465
136	55	1.03827
136	77	1.04748
136	81	1.0584
136	86	0.991677
136	98	0.828272
136	114	1.08282
136	115	0.785611
136	121	0.921185
136	122	0.992705
136	123	0.92182
136	130	0.788934
136	135	0.974436
136	138	1.04102
136	141	1.03144
136	151	1.05032
136	152	1.02788
136	154	1.042
136	156	0.986137
136	159	1.0349
136	160	1.03105
136	161	1.00727
136	162	1.05447
136	165	0.936279
136	166	0.992203
136	167	1.0463
136	168	1.04314
136	170	0.891016
136	172	1.03577
136	174	1.04247
136	175	1.04614
136	176	1.04435
136	178	1.03455
136	179	1.00817
136	180	0.956676
137	3	0.914047
137	7	1.04442
137	10	0.77828
