1	42	0.886759
1	52	0.949188
1	65	0.846233
1	84	0.855082
1	85	0.844226
1	125	0.952876
1	155	0.913149
1	160	0.943668
1	161	1.53364
1	163	1.56681
1	170	1.55335
1	177	1.42882
2	31	1.01384
2	59	1.03574
2	70	1.00933
2	79	1.06598
2	85	0.970046
2	104	1.28432
2	108	1.26631
2	151	1.71439
2	155	1.03897
2	160	1.06949
2	162	1.02636
2	164	1.09462
3	99	1.35992
3	102	1.36491
3	130	0.900444
3	150	0.882043
3	155	1.18303
3	156	0.856522
3	164	0.838747
3	168	0.761681
3	171	0.770851
3	177	0.769698
3	178	0.720255
3	180	0.694481
4	14	0.687064
4	18	0.804667
4	39	0.731338
4	45	0.733271
4	58	0.761941
4	63	0.766512
4	72	0.730586
4	101	0.69946
4	118	2.75247
4	120	0.711214
4	130	2.61227
4	175	0.582721
5	55	0.970448
5	75	0.885288
5	77	0.969947
5	81	1.35246
5	86	0.857501
5	89	0.901206
5	95	1.45441
5	100	0.871456
5	126	1.63066
5	132	1.54637
5	147	0.890606
5	172	0.852563
6	42	0.888302
6	52	0.950731
6	59	0.911458
6	70	0.885049
6	84	0.856625
6	85	0.845769
6	114	1.26291
6	143	1.75705
6	155	0.914692
6	160	0.945211
6	162	1.25438
6	177	1.74937
7	8	0.809623
7	62	1.52765
7	69	0.837379
7	76	0.82091
7	89	0.843351
7	91	0.850861
7	100	0.813601
7	147	0.832751
7	157	1.89287
7	167	1.89089
7	172	0.794708
8	7	0.809623
8	68	0.810074
8	76	0.785171
8	77	0.876352
8	86	0.763906
8	91	0.815122
8	100	0.777861
8	115	1.7716
8	132	1.56213
8	147	0.797011
8	170	2.39684
8	172	0.758968
9	39	1.49781
9	128	1.14986
9	145	1.21282
9	164	0.866715
9	170	0.801082
9	171	0.798819
9	172	0.818298
9	174	0.828928
9	176	0.844365
9	178	0.748224
9	179	0.765257
9	180	0.722449
10	67	1.76795
10	117	0.857054
10	134	1.9751
10	161	0.748515
10	168	0.723507
10	173	0.742359
10	174	0.762785
10	177	0.731524
10	178	0.682081
10	179	0.699114
10	180	0.656306
11	100	1.46775
11	146	1.26414
11	150	0.895168
11	157	0.821998
11	160	1.0963
11	163	0.777809
11	164	0.851871
11	173	0.793658
11	176	0.829521
11	177	0.782823
11	178	0.73338
11	180	0.707605
12	42	0.891575
12	59	0.914732
12	65	0.851049
12	84	0.859898
12	85	0.849042
12	95	1.13007
12	115	1.4315
12	125	0.957692
12	148	1.66629
12	155	0.917965
12	160	0.948484
12	172	1.78864
13	45	0.910857
13	63	0.944098
13	80	0.948405
13	83	0.9171
13	101	0.877046
13	120	0.8888
13	132	0.940381
13	152	1.32565
13	169	1.58268
13	171	1.69015
13	174	1.47913
13	175	0.760307
14	4	0.687064
14	18	0.894256
14	19	0.793349
14	41	0.906993
14	58	0.85153
14	101	0.789048
14	106	0.806016
14	119	1.49657
14	120	0.800803
14	156	1.91647
14	169	2.31142
14	175	0.672309
15	90	0.803563
15	127	0.796623
15	129	0.802011
15	131	0.769369
15	134	0.794651
15	140	1.49119
15	145	0.798538
15	146	0.79086
15	159	0.792333
15	160	0.830961
15	171	2.31617
15	176	1.90389
16	82	0.950035
16	96	0.906407
16	97	0.906037
16	107	0.895454
16	108	1.72429
16	140	1.22739
16	145	0.923659
16	151	0.854508
16	155	0.925562
16	156	1.54995
16	158	0.825256
16	165	1.52363
17	64	0.806766
17	90	0.802935
17	127	0.795995
17	129	0.801383
17	130	1.34449
17	131	0.768741
17	134	0.794024
17	145	0.79791
17	146	0.790232
17	160	0.830333
17	176	2.01396
17	177	2.3532
18	4	0.804667
18	14	0.894256
18	72	0.937778
18	80	0.978011
18	83	0.946706
18	106	0.92362
18	120	0.918406
18	149	1.03992
18	161	1.5971
18	175	0.789913
18	176	1.15304
18	178	2.29165
19	14	0.793349
19	63	0.872797
19	72	0.836871
19	74	0.882569
19	106	0.822712
19	120	0.817499
19	132	0.869079
19	149	1.58006
19	164	1.60569
19	168	2.18687
19	175	0.689005
20	22	1.17815
20	38	0.738768
20	63	0.687721
20	122	0.912694
20	127	0.890741
20	134	0.888769
20	138	1.2096
20	139	0.906838
20	146	0.884978
20	156	0.899217
20	166	0.847756
20	170	0.815808
20	180	0.737175
21	22	0.911091
21	97	0.867838
21	107	0.857255
21	123	0.904121
21	141	0.887094
21	142	0.878851
21	151	0.816309
21	158	0.787057
21	162	0.879607
21	164	1.28373
21	167	1.44844
21	177	1.71046
21	179	2.04904
22	20	1.17815
22	21	0.911091
22	48	0.853082
22	97	0.871325
22	102	0.902273
22	107	0.860742
22	112	1.57981
22	145	0.888947
22	151	0.819797
22	155	0.89085
22	158	0.790544
22	162	1.37549
22	163	2.00847
23	71	0.866289
23	110	0.83848
23	123	0.891284
23	128	0.871381
23	138	0.849489
23	141	0.874258
23	142	0.866015
23	144	0.888696
23	147	0.851035
23	151	1.83049
23	154	1.18245
23	174	1.49948
23	179	1.97603
24	34	1.25835
24	66	0.847074
24	110	1.63881
24	132	0.873405
24	145	1.41276
24	164	0.829791
24	166	0.796105
24	171	0.761895
24	174	0.792004
24	177	0.760743
24	178	0.7113
24	179	0.728332
24	180	0.685525
25	43	0.886769
25	50	0.862836
25	82	0.916311
25	96	0.872683
25	107	0.86173
25	116	1.37757
25	145	0.889935
25	148	1.77378
25	151	0.820785
25	155	0.891838
25	158	0.791532
25	164	1.61298
25	176	1.70047
26	28	1.24705
26	47	0.679354
26	64	1.2751
26	160	0.875973
26	161	0.883693
26	165	0.940966
26	169	0.881699
26	171	0.867854
26	176	0.913399
26	177	0.866702
26	178	0.817259
26	179	0.834292
26	180	0.791484
27	71	0.868663
27	87	0.8677
27	111	0.827421
27	128	0.873755
27	133	0.875285
27	138	0.851863
27	141	0.876632
27	142	0.868389
27	144	0.89107
27	157	1.45667
27	170	1.84123
27	172	1.57313
27	174	1.57873
28	26	1.24705
28	48	0.856149
28	82	0.91839
28	96	0.874762
28	97	0.874392
28	107	0.863809
28	114	1.5886
28	145	0.892013
28	149	1.6227
28	151	0.822863
28	155	0.893917
28	156	1.64567
28	158	0.793611
29	94	0.859948
29	99	0.849175
29	108	1.45545
29	110	0.849046
29	130	0.701782
29	133	0.883478
29	138	0.860055
29	141	0.884824
29	142	0.876581
29	144	0.899263
29	148	1.44457
29	153	0.822308
29	175	2.85488
30	92	0.823796
30	113	0.8293
30	122	0.860057
30	129	0.843492
30	131	0.81085
30	134	0.836133
30	145	0.840019
30	146	0.832341
30	158	1.9096
30	159	0.833814
30	160	0.872442
30	161	1.68829
30	168	1.73792
30	173	1.57009
31	2	1.01384
31	42	0.815601
31	52	0.87803
31	59	0.838757
31	65	0.775074
31	70	0.812348
31	84	0.783924
31	85	0.773068
31	136	1.05713
31	153	1.67017
31	155	0.841991
31	157	1.37609
31	160	0.87251
31	175	2.78051
32	64	0.946192
32	90	0.942361
32	92	0.921113
32	113	0.926617
32	118	0.979628
32	122	0.957374
32	124	1.44991
32	127	0.935421
32	131	0.908167
32	140	1.0962
32	146	0.929658
32	157	1.5881
32	159	0.931131
32	170	1.97266
33	48	0.827585
33	50	0.83635
33	60	0.882953
33	96	0.846197
33	102	0.876775
33	107	0.835244
33	145	0.863449
33	151	0.794299
33	155	0.865353
33	158	0.765046
33	162	1.44795
33	167	1.68092
33	172	1.79936
33	173	1.92957
34	24	1.25835
34	56	1.79915
34	87	0.843946
34	102	0.86457
34	110	0.8171
34	128	0.850002
34	133	0.851532
34	138	0.828109
34	141	0.852878
34	142	0.844635
34	143	1.70015
34	153	0.790362
34	159	0.845039
34	163	1.83045
35	73	0.835081
35	99	0.808297
35	123	0.860973
35	128	0.84107
35	133	0.8426
35	138	0.819178
35	141	0.843947
35	142	0.835704
35	144	0.858385
35	162	0.836459
35	164	1.12352
35	173	1.53688
35	175	2.69463
35	177	1.55025
36	57	0.800286
36	90	0.84763
36	98	0.864014
36	103	0.848179
36	113	0.831886
36	127	0.84069
36	131	0.813436
36	134	0.838718
36	135	1.73918
36	146	0.834927
36	153	1.80004
36	160	0.875028
36	167	1.50398
36	171	1.83904
37	90	0.843438
37	98	0.859822
37	103	0.843987
37	108	0.813031
37	122	0.85845
37	124	1.62765
37	127	0.836497
37	129	0.841886
37	131	0.809243
37	134	0.834526
37	136	1.44688
37	146	0.830734
37	151	2.21891
37	165	1.57018
38	20	0.738768
38	73	0.839843
38	99	0.813059
38	116	0.768963
38	123	0.865735
38	128	0.845832
38	133	0.847362
38	142	0.840466
38	144	0.863147
38	153	0.786192
38	159	0.840869
38	162	0.841221
38	178	2.23047
38	180	2.83586
39	4	0.731338
39	9	1.49781
39	58	0.895804
39	61	0.809799
39	74	0.910147
39	80	0.904681
39	101	0.833323
39	106	0.85029
39	120	0.845077
39	126	1.50596
39	132	0.896658
39	148	1.86594
39	162	1.63688
39	175	0.716584
40	68	0.849003
40	75	0.830623
40	100	0.81679
40	113	0.846809
40	121	1.80665
40	131	0.828359
40	134	0.853642
40	146	0.84985
40	147	0.835941
40	154	1.22238
40	160	0.889951
40	170	1.8019
40	172	0.797897
40	179	2.01596
41	14	0.906993
41	72	0.950515
41	74	0.996213
41	83	0.959442
41	101	0.919389
41	106	0.936356
41	120	0.931143
41	132	0.982724
41	149	1.22161
41	150	0.998979
41	169	1.63953
41	170	1.79849
41	174	1.53598
41	175	0.802649
42	1	0.886759
42	6	0.888302
42	12	0.891575
42	31	0.815601
42	52	0.876771
42	65	0.773816
42	84	0.782665
42	85	0.77181
42	124	1.74495
42	139	1.36245
42	155	0.840733
42	160	0.871251
42	165	1.68747
42	172	1.99959
43	25	0.886769
43	48	0.824286
43	82	0.886526
43	96	0.842898
43	97	0.842528
43	107	0.831945
43	117	0.996228
43	145	0.86015
43	151	0.791
43	153	1.81468
43	155	0.862054
43	158	0.761748
43	166	1.45283
43	178	2.58001
44	60	0.802783
44	61	1.64055
44	110	1.16997
44	147	0.832601
44	161	0.871913
44	163	0.849908
44	171	0.856074
44	173	0.865757
44	175	0.78751
44	176	0.90162
44	177	0.854922
44	178	0.805479
44	179	0.822512
44	180	0.779704
45	4	0.733271
45	13	0.910857
45	56	1.95599
45	61	0.811732
45	63	0.902308
45	80	0.906614
45	83	0.875309
45	101	0.835256
45	106	0.852223
45	120	0.84701
45	148	1.58337
45	161	1.95412
45	164	1.42257
45	175	0.718516
46	57	0.781535
46	92	0.80763
46	103	0.829427
46	108	0.798472
46	115	0.80728
46	122	0.843891
46	127	0.821938
46	129	0.827326
46	134	0.819967
46	136	1.58269
46	146	0.816175
46	150	1.48671
46	158	2.48782
46	159	0.817648
46	164	1.73496
47	26	0.679354
47	68	1.01909
47	69	1.01065
47	76	0.994185
47	86	0.972921
47	89	1.01663
47	91	1.02414
47	100	0.986876
47	112	1.21668
47	147	1.00603
47	166	1.17954
47	169	1.47292
47	172	0.967982
47	176	1.16811
47	179	1.84593
48	22	0.853082
48	28	0.856149
48	33	0.827585
48	43	0.824286
48	50	0.800352
48	82	0.853827
48	96	0.810199
48	97	0.809829
48	107	0.799246
48	150	1.46344
48	155	0.829355
48	158	0.729049
48	162	1.64343
48	167	1.87641
48	168	2.29288
49	61	0.763944
49	65	1.84768
49	74	0.864292
49	106	0.804435
49	113	1.49563
49	120	0.799222
49	135	0.759929
49	159	1.69297
49	167	0.782674
49	174	0.769401
49	175	0.670729
49	177	0.73814
49	178	0.688697
49	179	0.70573
49	180	0.662922
50	25	0.862836
50	33	0.83635
50	48	0.800352
50	66	1.75563
50	82	0.862593
50	88	1.55697
50	96	0.818965
50	97	0.818595
50	107	0.808012
50	117	1.54949
50	145	0.836216
50	151	0.767066
50	153	2.36794
50	155	0.83812
50	158	0.737814
51	99	0.879705
51	104	1.35712
51	110	0.879576
51	111	0.866144
51	126	0.968256
51	133	0.914008
51	138	0.890585
51	141	0.915355
51	142	0.907111
51	144	0.929793
51	147	0.892132
51	161	1.69898
51	162	0.907867
51	165	1.13846
51	178	2.39353
52	1	0.949188
52	6	0.950731
52	31	0.87803
52	42	0.876771
52	70	0.873519
52	84	0.845094
52	85	0.834239
52	125	0.942888
52	151	1.19446
52	153	1.03546
52	155	0.903162
52	160	0.93368
52	174	0.863445
52	175	2.14581
52	180	2.40618
53	82	1.19851
53	110	1.3766
53	121	0.826935
53	150	0.925738
53	155	1.0828
53	159	1.17554
53	168	0.805377
53	169	0.82839
53	171	0.814546
53	174	0.844654
53	176	0.860091
53	177	0.813393
53	178	0.763951
53	179	0.780983
53	180	0.738176
54	133	1.23088
54	142	1.1444
54	145	1.25643
54	153	0.838006
54	160	1.11353
54	164	0.887673
54	167	0.863158
54	171	0.819777
54	174	0.849885
54	175	0.751213
54	176	0.865322
54	177	0.818624
54	178	0.769182
54	179	0.786214
54	180	0.743407
55	5	0.970448
55	69	0.904608
55	75	0.894663
55	76	0.88814
55	86	0.866876
55	89	0.91058
55	91	0.918091
55	100	0.880831
55	137	1.09044
55	147	0.899981
55	156	0.719882
55	170	1.27379
55	172	0.861937
55	178	1.94863
55	180	2.55402
56	34	1.79915
56	45	1.95599
56	68	1.90451
56	92	0.780721
56	131	0.767775
56	146	0.789266
56	158	0.698542
56	159	0.790739
56	160	0.829367
56	163	0.711668
56	165	0.790946
56	170	0.720097
56	174	0.747942
56	177	0.716681
56	180	0.641464
57	36	0.800286
57	46	0.781535
57	92	0.804773
57	98	0.842405
57	103	0.826571
57	113	0.810277
57	117	1.4749
57	122	0.841034
57	129	0.824469
57	131	0.791827
57	146	0.813318
57	157	1.99928
57	160	0.853419
57	164	1.83259
57	166	1.9315
58	4	0.761941
58	14	0.85153
58	39	0.895804
58	63	0.930978
58	74	0.94075
58	80	0.935284
58	83	0.903979
58	101	0.863926
58	105	1.21212
58	106	0.880893
58	120	0.87568
58	125	1.36267
58	136	1.51533
58	165	1.63863
58	170	2.21885
58	175	0.747187
59	2	1.03574
59	6	0.911458
59	12	0.914732
59	31	0.838757
59	65	0.796973
59	70	0.834247
59	84	0.805822
59	85	0.794966
59	125	0.903616
59	136	1.18134
59	150	1.08535
59	155	0.863889
59	160	0.894408
59	170	1.88486
59	173	1.74697
59	179	2.09891
60	33	0.882953
60	44	0.802783
60	96	0.865568
60	98	0.904228
60	103	0.888394
60	107	0.854615
60	122	0.902857
60	131	0.85365
60	145	0.88282
60	146	0.875141
60	148	1.4398
60	155	0.884723
60	158	0.784417
60	169	1.6713
60	177	1.70573
60	179	2.04431
61	39	0.809799
61	44	1.64055
61	45	0.811732
61	49	0.763944
61	63	0.844973
61	72	0.809047
61	74	0.854746
61	80	0.84928
61	83	0.817975
61	101	0.777921
61	105	1.66128
61	106	0.794889
61	120	0.789675
61	139	1.76278
61	166	2.21568
61	175	0.661182
62	7	1.52765
62	85	1.43506
62	102	1.33574
62	133	1.19606
62	139	0.877313
62	154	0.877759
62	157	0.822042
62	167	0.827402
62	168	0.774851
62	169	0.797865
62	174	0.814129
62	176	0.829565
62	177	0.782868
62	178	0.733425
62	179	0.750458
62	180	0.70765
63	4	0.766512
63	13	0.944098
63	19	0.872797
63	20	0.687721
63	45	0.902308
63	58	0.930978
63	61	0.844973
63	74	0.945321
63	101	0.868497
63	106	0.885464
63	120	0.880251
63	153	1.4141
63	158	1.70619
63	167	1.11804
63	175	0.751758
63	180	2.78481
64	17	0.806766
64	26	1.2751
64	32	0.946192
64	98	0.89358
64	108	0.84679
64	109	1.38368
64	114	1.61664
64	115	0.855597
64	129	0.875644
64	131	0.843002
64	134	0.868284
64	139	1.32238
64	146	0.864493
64	159	0.865966
64	160	0.904594
64	172	1.95952
65	1	0.846233
65	12	0.851049
65	31	0.775074
65	42	0.773816
65	49	1.84768
65	59	0.796973
65	70	0.770564
65	79	0.827217
65	84	0.742139
65	85	0.731283
65	125	0.839933
65	155	0.800206
65	160	0.830725
65	165	1.57087
65	172	1.88299
65	177	2.02657
66	24	0.847074
66	50	1.75563
66	123	1.13758
66	128	1.20564
66	139	0.883566
66	141	1.32723
66	165	0.863385
66	168	0.781104
66	169	0.804118
66	170	0.792536
66	171	0.790273
66	176	0.835818
66	177	0.789121
66	178	0.739678
66	179	0.756711
66	180	0.713903
67	10	1.76795
67	87	0.935738
67	94	0.919794
67	105	0.638226
67	110	0.908892
67	111	0.89546
67	128	0.941794
67	133	0.943324
67	138	0.919901
67	141	0.94467
67	144	0.959109
67	151	1.71348
67	153	0.882154
67	157	1.2604
67	162	0.937183
67	169	1.48601
67	173	1.50707
68	8	0.810074
68	40	0.849003
68	47	1.01909
68	56	1.90451
68	69	0.837829
68	75	0.827884
68	77	0.912542
68	86	0.800096
68	89	0.843801
68	91	0.851312
68	100	0.814052
68	147	0.833202
68	164	1.37109
68	166	1.47
68	167	1.5358
68	172	0.795158
68	177	1.79782
69	7	0.837379
69	47	1.01065
69	55	0.904608
69	68	0.837829
69	75	0.819449
69	76	0.812926
69	77	0.904107
69	86	0.791662
69	88	1.14465
69	89	0.835366
69	91	0.842877
69	100	0.805617
69	149	1.46922
69	166	1.59377
69	172	0.786723
69	173	1.90821
69	179	2.26016
70	2	1.00933
70	6	0.885049
70	31	0.812348
70	52	0.873519
70	59	0.834247
70	65	0.770564
70	79	0.864491
70	84	0.779413
70	85	0.768557
70	125	0.877207
70	137	2.02338
70	139	1.30148
70	155	0.83748
70	156	1.65282
70	160	0.867999
70	162	1.58721
70	176	1.74296
71	23	0.866289
71	27	0.868663
71	94	0.833739
71	99	0.822967
71	108	1.75906
71	111	0.809405
71	117	1.22969
71	128	0.855739
71	133	0.85727
71	138	0.833847
71	141	0.858616
71	142	0.850373
71	143	2.02179
71	144	0.873055
71	156	1.58472
71	157	1.75407
71	162	0.851128
72	4	0.730586
72	18	0.937778
72	19	0.836871
72	41	0.950515
72	61	0.809047
72	74	0.909395
72	80	0.903929
72	83	0.872624
72	93	1.76444
72	101	0.832571
72	106	0.849538
72	117	1.27961
72	120	0.844325
72	139	1.28331
72	174	1.92604
72	175	0.715832
72	177	2.06402
73	35	0.835081
73	38	0.839843
73	87	0.848787
73	93	1.67759
73	102	0.869411
73	110	0.821941
73	123	0.874746
73	128	0.854843
73	135	1.95035
73	138	0.83295
73	140	1.22524
73	141	0.857719
73	142	0.849476
73	144	0.872158
73	147	0.834497
73	154	1.52217
73	173	1.9638
74	19	0.882569
74	39	0.910147
74	41	0.996213
74	49	0.864292
74	58	0.94075
74	61	0.854746
74	63	0.945321
74	72	0.909395
74	106	0.895237
74	116	1.0941
74	120	0.890023
74	132	0.941604
74	148	1.49031
74	166	1.42842
74	171	1.82928
74	172	1.61266
74	174	1.61826
74	175	0.76153
75	5	0.885288
75	40	0.830623
75	55	0.894663
75	68	0.827884
75	69	0.819449
75	76	0.802981
75	77	0.894162
75	86	0.781716
75	88	1.2514
75	89	0.825421
75	91	0.832931
75	100	0.795671
75	135	2.00152
75	147	0.814821
75	151	2.22137
75	152	1.73688
75	154	1.57333
75	172	0.776778
76	7	0.82091
76	8	0.785171
76	47	0.994185
76	55	0.88814
76	69	0.812926
76	75	0.802981
76	77	0.887639
76	81	1.41963
76	86	0.775193
76	89	0.818898
76	91	0.826409
76	100	0.789148
76	130	1.31502
76	140	1.5718
76	147	0.808299
76	157	2.06369
76	172	0.770255
76	177	2.32373
77	5	0.969947
77	8	0.876352
77	68	0.912542
77	69	0.904107
77	75	0.894162
77	76	0.887639
77	86	0.866375
77	89	0.910079
77	91	0.91759
77	100	0.88033
77	109	1.00904
77	147	0.89948
77	148	1.46253
77	156	1.29907
77	158	2.05459
77	170	1.85298
77	172	0.861436
77	176	1.38922
78	87	0.899945
78	102	0.920569
78	110	0.873099
78	111	0.859666
78	112	1.25172
78	128	0.906
78	133	0.90753
78	138	0.884108
78	141	0.908877
78	142	0.900634
78	144	0.923315
78	151	1.73543
78	154	1.08739
78	159	0.901037
78	162	0.901389
78	165	1.08669
78	171	1.61544
78	178	2.34176
79	2	1.06598
79	65	0.827217
79	70	0.864491
79	84	0.836067
79	103	0.897804
79	122	0.912268
79	127	0.890315
79	129	0.895703
79	132	0.83535
79	146	0.884552
79	149	1.09318
79	154	1.09054
79	155	0.894134
79	159	0.886025
79	160	0.924653
79	162	1.05055
79	175	2.68992
79	178	2.34491
80	13	0.948405
80	18	0.978011
80	39	0.904681
80	45	0.906614
80	58	0.935284
80	61	0.84928
80	72	0.903929
80	83	0.912857
80	101	0.872803
80	109	1.39423
80	119	1.26436
80	120	0.884557
80	125	1.38198
80	132	0.936138
80	140	1.36171
80	162	1.61866
80	172	1.97007
80	175	0.756064
81	5	1.35246
81	76	1.41963
81	106	1.29865
81	114	0.952087
81	127	0.624861
81	130	0.985772
81	142	0.830736
81	156	0.941851
81	158	0.836887
81	160	0.799868
81	163	0.850013
81	170	0.858442
81	171	0.856179
81	173	0.865862
81	174	0.886288
81	176	0.901725
81	177	0.855027
81	179	0.822617
81	180	0.779809
82	16	0.950035
82	25	0.916311
82	28	0.91839
82	43	0.886526
82	48	0.853827
82	50	0.862593
82	53	1.19851
82	96	0.87244
82	97	0.87207
82	105	1.01262
82	107	0.861487
82	121	2.02411
82	145	0.889692
82	151	0.820542
82	155	0.891595
82	156	1.46545
82	158	0.791289
82	169	1.8604
82	176	1.55559
83	13	0.9171
83	18	0.946706
83	41	0.959442
83	45	0.875309
83	58	0.903979
83	61	0.817975
83	72	0.872624
83	80	0.912857
83	101	0.841498
83	106	0.858466
83	118	1.04255
83	120	0.853252
83	125	1.17939
83	132	0.904833
83	162	1.41607
83	172	1.76748
83	174	1.77308
83	175	0.724759
83	179	2.24963
84	1	0.855082
84	6	0.856625
84	12	0.859898
84	31	0.783924
84	42	0.782665
84	52	0.845094
84	59	0.805822
84	65	0.742139
84	70	0.779413
84	79	0.836067
84	85	0.740133
84	117	1.60638
84	125	0.848782
84	130	1.38208
84	155	0.809056
84	160	0.839574
84	164	1.96407
84	166	2.06298
84	167	2.12878
85	1	0.844226
85	2	0.970046
85	6	0.845769
85	12	0.849042
85	31	0.773068
85	42	0.77181
85	52	0.834239
85	59	0.794966
85	62	1.43506
85	65	0.731283
85	70	0.768557
85	84	0.740133
85	108	1.80528
85	125	0.837926
85	150	1.38533
85	155	0.7982
85	160	0.828719
85	168	2.21477
85	173	2.04695
86	5	0.857501
86	8	0.763906
86	47	0.972921
86	55	0.866876
86	68	0.800096
86	69	0.791662
86	75	0.781716
86	76	0.775193
86	77	0.866375
86	89	0.797633
86	91	0.805144
86	100	0.767884
86	135	1.70922
86	147	0.787034
86	163	1.87403
86	165	1.28034
86	167	1.47402
86	172	0.748991
86	175	2.88042
87	27	0.8677
87	34	0.843946
87	67	0.935738
87	73	0.848787
87	78	0.899945
87	94	0.832776
87	111	0.808442
87	123	0.874679
87	132	1.26194
87	133	0.856306
87	140	1.22019
87	142	0.849409
87	144	0.872091
87	153	0.795136
87	156	1.54275
87	159	0.849813
87	162	0.850165
87	171	2.04517
87	173	1.95876
87	174	1.83415
88	50	1.55697
88	69	1.14465
88	75	1.2514
88	113	0.897596
88	120	1.24719
88	130	0.971989
88	139	0.935689
88	142	0.957908
88	154	0.936136
88	166	0.876606
88	169	0.856241
88	170	0.844659
88	172	0.861875
88	173	0.852079
88	174	0.872505
88	175	0.773832
88	177	0.841244
88	178	0.791801
88	179	0.808834
88	180	0.766026
89	5	0.901206
89	7	0.843351
89	47	1.01663
89	55	0.91058
89	68	0.843801
89	69	0.835366
89	75	0.825421
89	76	0.818898
89	77	0.910079
89	86	0.797633
89	91	0.848849
89	100	0.811588
89	109	1.20049
89	114	1.43345
89	115	1.41919
89	118	1.0514
89	147	0.830739
89	167	1.65789
89	172	0.792695
89	175	3.06429
90	15	0.803563
90	17	0.802935
90	32	0.942361
90	36	0.84763
90	37	0.843438
90	92	0.852117
90	93	1.69449
90	113	0.857621
90	119	1.14479
90	126	1.36817
90	127	0.866425
90	129	0.871814
90	131	0.839171
90	134	0.864454
90	145	0.868341
90	146	0.860662
90	159	0.862136
90	162	1.49908
90	163	2.13206
90	177	1.99407
91	7	0.850861
91	8	0.815122
91	47	1.02414
91	55	0.918091
91	68	0.851312
91	69	0.842877
91	75	0.832931
91	76	0.826409
91	77	0.91759
91	86	0.805144
91	89	0.848849
91	93	1.47863
91	100	0.819099
91	112	1.48754
91	147	0.83825
91	158	2.10435
91	163	1.9162
91	166	1.4504
91	172	0.800206
91	176	1.43898
92	30	0.823796
92	32	0.921113
92	46	0.80763
92	56	0.780721
92	57	0.804773
92	90	0.852117
92	103	0.852666
92	113	0.836373
92	122	0.86713
92	124	1.58847
92	125	1.25503
92	127	0.845177
92	129	0.850565
92	131	0.817923
92	134	0.843206
92	146	0.839414
92	159	0.840887
92	162	1.4917
92	163	2.12468
92	173	1.97332
92	174	1.84871
93	72	1.76444
93	73	1.67759
93	90	1.69449
93	91	1.47863
93	135	0.790783
93	137	0.806888
93	155	1.47954
93	156	0.855818
93	161	0.785986
93	164	0.838043
93	165	0.843259
93	166	0.804357
93	167	0.813529
93	170	0.77241
93	171	0.770147
93	173	0.77983
93	176	0.815692
93	177	0.768994
93	178	0.719552
93	179	0.736584
93	180	0.693777
94	29	0.859948
94	67	0.919794
94	71	0.833739
94	87	0.832776
94	110	0.80593
94	111	0.792497
94	114	1.37561
94	123	0.858735
94	128	0.838831
94	132	1.15188
94	133	0.840362
94	136	1.28307
94	138	0.816939
94	141	0.841708
94	142	0.833465
94	144	0.856147
94	147	0.818485
94	150	1.18709
94	159	0.833868
94	168	2.01652
94	180	3.26683
95	5	1.45441
95	12	1.13007
95	97	1.22235
95	129	1.15683
95	131	1.07864
95	138	1.09978
95	143	0.843349
95	154	0.919906
95	161	0.842006
95	163	0.820001
95	165	0.899279
95	166	0.860377
95	167	0.869549
95	171	0.826167
95	173	0.83585
95	174	0.856276
95	176	0.871713
95	177	0.825015
95	178	0.775572
95	179	0.792605
95	180	0.749797
96	16	0.906407
96	25	0.872683
96	28	0.874762
96	33	0.846197
96	43	0.842898
96	48	0.810199
96	50	0.818965
96	60	0.865568
96	82	0.87244
96	97	0.828442
96	102	0.85939
96	107	0.817859
96	118	1.15402
96	139	1.24181
96	151	0.776914
96	153	2.05657
96	155	0.847967
96	158	0.747661
96	162	1.52754
96	170	2.14705
96	171	2.09557
97	16	0.906037
97	21	0.867838
97	22	0.871325
97	28	0.874392
97	43	0.842528
97	48	0.809829
97	50	0.818595
97	82	0.87207
97	95	1.22235
97	96	0.828442
97	102	0.85902
97	105	1.14228
97	107	0.817489
97	121	2.15377
97	145	0.845694
97	150	1.34951
97	151	0.776544
97	155	0.847598
97	158	0.747291
97	166	1.69668
97	179	2.36308
98	36	0.864014
98	37	0.859822
98	57	0.842405
98	60	0.904228
98	64	0.89358
98	103	0.890298
98	109	0.893423
98	113	0.874005
98	122	0.904762
98	127	0.882809
98	129	0.888197
98	131	0.855555
98	134	0.880838
98	145	0.884724
98	146	0.877046
98	159	0.878519
98	168	1.76729
98	169	1.57841
98	172	1.46926
98	173	1.59947
98	176	1.2736
98	178	2.41221
99	3	1.35992
99	29	0.849175
99	35	0.808297
99	38	0.813059
99	51	0.879705
99	71	0.822967
99	110	0.795157
99	119	1.10673
99	123	0.847962
99	128	0.828059
99	133	0.829589
99	138	0.806166
99	141	0.830936
99	142	0.822692
99	144	0.845374
99	147	0.807713
99	153	0.768419
99	159	0.823096
99	161	2.06083
99	163	2.094
99	172	1.81243
99	173	1.94264
100	5	0.871456
100	7	0.813601
100	8	0.777861
100	11	1.46775
100	40	0.81679
100	47	0.986876
100	55	0.880831
100	68	0.814052
100	69	0.805617
100	75	0.795671
100	76	0.789148
100	77	0.88033
100	86	0.767884
100	89	0.811588
100	91	0.819099
100	147	0.800989
100	149	1.62306
100	157	1.81538
100	167	1.8134
100	172	0.762946
100	174	1.93744
100	176	1.73618
101	4	0.69946
101	13	0.877046
101	14	0.789048
101	39	0.833323
101	41	0.919389
101	45	0.835256
101	58	0.863926
101	61	0.777921
101	63	0.868497
101	72	0.832571
101	80	0.872803
101	83	0.841498
101	106	0.818412
101	120	0.813199
101	132	0.864779
101	137	1.76896
101	143	1.83547
101	148	1.56186
101	167	1.56577
101	173	1.81441
101	175	0.684705
101	179	2.16636
102	3	1.36491
102	22	0.902273
102	33	0.876775
102	34	0.86457
102	62	1.33574
102	73	0.869411
102	78	0.920569
102	96	0.85939
102	97	0.85902
102	104	1.72396
102	107	0.848437
102	111	0.829066
102	112	1.67032
102	119	1.11171
102	137	1.90218
102	138	0.853507
102	142	0.870033
102	144	0.892715
102	151	0.807492
102	155	0.878545
102	158	0.778239
102	159	0.870437
102	176	1.62176
103	36	0.848179
103	37	0.843987
103	46	0.829427
103	57	0.826571
103	60	0.888394
103	79	0.897804
103	92	0.852666
103	98	0.890298
103	104	1.64643
103	108	0.843508
103	113	0.85817
103	122	0.888927
103	125	1.1518
103	127	0.866974
103	129	0.872362
103	131	0.83972
103	134	0.865003
103	146	0.861211
103	151	2.0765
103	152	1.59201
103	165	1.42776
103	171	1.95651
103	176	1.54422
104	2	1.28432
104	51	1.35712
104	102	1.72396
104	103	1.64643
104	109	0.909301
104	119	0.913153
104	126	0.872063
104	147	1.49852
104	153	0.781838
104	156	0.84928
104	157	0.801631
104	160	1.46694
104	161	0.779448
104	162	0.836866
104	164	0.831505
104	169	0.777453
104	171	0.763609
104	173	0.773292
104	174	0.793717
104	176	0.809154
104	177	0.762456
104	178	0.713014
104	179	0.730046
104	180	0.687239
105	58	1.21212
105	61	1.66128
105	67	0.638226
105	82	1.01262
105	97	1.14228
105	120	1.1419
105	124	0.929977
105	152	0.945839
105	154	0.980443
105	155	0.896908
105	159	0.989655
105	164	0.9546
105	166	0.920914
105	167	0.930086
105	168	0.877535
105	169	0.900549
105	173	0.896387
105	174	0.916813
105	175	0.81814
105	176	0.932249
105	177	0.885552
105	178	0.836109
105	179	0.853142
105	180	0.810334
106	14	0.806016
106	18	0.92362
106	19	0.822712
106	39	0.85029
106	41	0.936356
106	45	0.852223
106	49	0.804435
106	58	0.880893
106	61	0.794889
106	63	0.885464
106	72	0.849538
106	74	0.895237
106	81	1.29865
106	83	0.858466
106	101	0.818412
106	120	0.830166
106	132	0.881747
106	136	1.62376
106	139	1.42204
106	152	1.9113
106	154	1.74776
106	162	1.70777
106	165	1.74706
106	175	0.701673
107	16	0.895454
107	21	0.857255
107	22	0.860742
107	25	0.86173
107	28	0.863809
107	33	0.835244
107	43	0.831945
107	48	0.799246
107	50	0.808012
107	60	0.854615
107	82	0.861487
107	96	0.817859
107	97	0.817489
107	102	0.848437
107	116	1.62398
107	119	1.43684
107	132	1.57593
107	139	1.5054
107	145	0.835111
107	150	1.61114
107	151	0.765961
107	155	0.837014
107	158	0.736708
107	166	1.9583
107	168	2.44057
108	2	1.26631
108	16	1.72429
108	29	1.45545
108	37	0.813031
108	46	0.798472
108	64	0.84679
108	71	1.75906
108	85	1.80528
108	103	0.843508
108	113	0.827214
108	131	0.808765
108	134	0.834047
108	135	0.77946
108	138	1.64689
108	146	0.830256
108	153	0.777052
108	160	0.870356
108	164	0.826719
108	167	0.802205
108	169	0.772668
108	175	0.690259
108	177	0.757671
108	178	0.708228
108	179	0.725261
108	180	0.682453
109	64	1.38368
109	77	1.00904
109	80	1.39423
109	89	1.20049
109	98	0.893423
109	104	0.909301
109	123	0.996434
109	125	0.971527
109	126	0.95924
109	141	1.18609
109	143	0.867968
109	149	0.956166
109	152	0.909921
109	157	0.888809
109	160	0.984555
109	162	0.924044
109	165	0.923898
109	166	0.884996
109	167	0.894168
109	173	0.860469
109	175	0.782222
109	177	0.849634
109	178	0.800191
109	179	0.817224
109	180	0.774416
110	23	0.83848
110	24	1.63881
110	29	0.849046
110	34	0.8171
110	44	1.16997
110	51	0.879576
110	53	1.3766
110	67	0.908892
110	73	0.821941
110	78	0.873099
110	94	0.80593
110	99	0.795157
110	115	1.57221
110	123	0.847833
110	126	1.44702
110	128	0.82793
110	133	0.82946
110	138	0.806038
110	141	0.830807
110	144	0.845245
110	147	0.807584
110	153	0.76829
110	162	0.823319
110	172	1.92934
110	177	2.07292
111	27	0.827421
111	51	0.866144
111	67	0.89546
111	71	0.809405
111	78	0.859666
111	87	0.808442
111	94	0.792497
111	102	0.829066
111	115	1.59238
111	123	0.8344
111	126	1.46719
111	128	0.814497
111	133	0.816028
111	138	0.792605
111	141	0.817374
111	142	0.809131
111	144	0.831812
111	147	0.794151
111	150	1.41811
111	153	0.754858
111	159	0.809534
111	161	2.19791
111	162	0.809886
111	165	1.6374
111	169	2.05867
111	170	2.21762
112	22	1.57981
112	47	1.21668
112	78	1.25172
112	91	1.48754
112	102	1.67032
112	119	0.929652
112	122	1.52123
112	125	0.900848
112	143	0.797289
112	147	1.44488
112	148	0.841329
112	149	0.885487
112	150	0.8913
112	157	0.818129
112	163	0.773941
112	167	0.823489
112	168	0.770938
112	169	0.793952
112	170	0.78237
112	171	0.780107
112	173	0.78979
112	174	0.810216
112	176	0.825652
112	177	0.778955
112	178	0.729512
112	179	0.746545
112	180	0.703737
113	30	0.8293
113	32	0.926617
113	36	0.831886
113	40	0.846809
113	49	1.49563
113	57	0.810277
113	88	0.897596
113	90	0.857621
113	92	0.836373
113	98	0.874005
113	103	0.85817
113	108	0.827214
113	115	0.836022
113	122	0.872633
113	127	0.850681
113	129	0.856069
113	131	0.823427
113	134	0.848709
113	135	1.64771
113	145	0.852596
113	146	0.844918
113	152	1.38307
113	154	1.21953
113	160	0.885018
113	161	1.77935
113	168	1.82898
113	178	2.47389
114	6	1.26291
114	28	1.5886
114	64	1.61664
114	81	0.952087
114	89	1.43345
114	94	1.37561
114	118	0.923848
114	137	0.837743
114	143	0.818183
114	148	0.862224
114	152	0.860136
114	155	1.29266
114	160	1.21751
114	163	0.794835
114	164	0.868897
114	167	0.844383
114	168	0.791832
114	169	0.814846
114	170	0.803264
114	173	0.810684
114	174	0.83111
114	175	0.732437
114	177	0.799849
114	178	0.750406
114	179	0.767439
114	180	0.724631
115	8	1.7716
115	12	1.4315
115	46	0.80728
115	64	0.855597
115	89	1.41919
115	110	1.57221
115	111	1.59238
115	113	0.836022
115	122	0.866779
115	127	0.844826
115	134	0.842855
115	142	1.23412
115	144	1.12393
115	146	0.839063
115	152	0.826766
115	157	0.805653
115	159	0.840537
115	160	0.879164
115	165	0.840743
115	166	0.801841
115	170	0.769894
115	174	0.79774
115	176	0.813176
115	177	0.766478
115	178	0.717036
115	179	0.734068
115	180	0.691261
116	25	1.37757
116	38	0.768963
116	74	1.0941
116	107	1.62398
116	119	0.972518
116	128	1.12177
116	135	0.84361
116	140	0.942572
116	141	1.24336
116	146	1.20967
116	147	1.07341
116	149	0.928353
116	152	0.882108
116	156	0.908645
116	157	0.860996
116	164	0.89087
116	165	0.896086
116	168	0.813804
116	169	0.836818
116	170	0.825236
116	173	0.832656
116	175	0.75441
116	176	0.868519
116	177	0.821821
116	178	0.772378
116	179	0.789411
116	180	0.746604
117	10	0.857054
117	43	0.996228
117	50	1.54949
117	57	1.4749
117	71	1.22969
117	72	1.27961
117	84	1.60638
117	136	0.940427
117	140	0.949071
117	143	0.846654
117	147	0.951139
117	148	0.890694
117	151	0.839432
117	156	0.915143
117	157	0.867494
117	159	1.08746
117	165	0.902584
117	166	0.863682
117	168	0.820303
117	169	0.843317
117	171	0.829472
117	174	0.85958
117	175	0.760908
117	176	0.875017
117	178	0.778877
117	179	0.795909
117	180	0.753102
118	4	2.75247
118	32	0.979628
118	83	1.04255
118	89	1.0514
118	96	1.15402
118	114	0.923848
118	130	0.957533
118	136	0.938896
118	145	0.978363
118	150	0.939133
118	152	0.887075
118	155	0.910612
118	156	0.913612
118	159	1.00336
118	161	0.843779
118	163	0.821774
118	166	0.862151
118	168	0.818771
118	169	0.841785
118	170	0.830203
118	173	0.837623
118	174	0.858049
118	175	0.759376
118	177	0.826788
118	178	0.777345
118	179	0.794378
118	180	0.75157
119	14	1.49657
119	80	1.26436
119	90	1.14479
119	99	1.10673
119	102	1.11171
119	104	0.913153
119	107	1.43684
119	112	0.929652
119	116	0.972518
119	127	0.679681
119	130	0.984232
119	133	0.972039
119	148	0.915861
119	158	0.835347
119	159	1.02259
119	164	0.922535
119	165	0.927751
119	167	0.89802
119	169	0.868483
119	170	0.856902
119	171	0.854639
119	173	0.864322
119	174	0.884747
119	176	0.900184
119	177	0.853486
119	178	0.804044
119	179	0.821076
119	180	0.778269
120	4	0.711214
120	13	0.8888
120	14	0.800803
120	18	0.918406
120	19	0.817499
120	39	0.845077
120	41	0.931143
120	45	0.84701
120	49	0.799222
120	58	0.87568
120	61	0.789675
120	63	0.880251
120	72	0.844325
120	74	0.890023
120	80	0.884557
120	83	0.853252
120	88	1.24719
120	101	0.813199
120	105	1.1419
120	106	0.830166
120	121	2.15339
120	125	1.29245
120	132	0.876534
120	135	1.9973
120	140	1.27218
120	149	1.57176
120	175	0.69646
120	179	2.3627
121	40	1.80665
121	53	0.826935
121	82	2.02411
121	97	2.15377
121	120	2.15339
121	133	1.9506
121	137	0.754224
121	149	0.822863
121	151	0.727444
121	152	0.776618
121	153	0.735712
121	154	0.811222
121	156	0.803155
121	157	0.755505
121	161	0.733322
121	163	0.711317
121	170	0.719746
121	171	0.717483
121	172	0.736962
121	173	0.727166
121	174	0.747592
121	176	0.763028
121	177	0.716331
121	178	0.666888
121	179	0.683921
121	180	0.641113
122	20	0.912694
122	30	0.860057
122	32	0.957374
122	37	0.85845
122	46	0.843891
122	57	0.841034
122	60	0.902857
122	79	0.912268
122	92	0.86713
122	98	0.904762
122	103	0.888927
122	112	1.52123
122	113	0.872633
122	115	0.866779
122	125	1.08024
122	126	1.186
122	129	0.886826
122	131	0.854184
122	134	0.879466
122	136	1.23291
122	143	1.81959
122	145	0.883353
122	146	0.875675
122	152	1.52045
122	158	2.13804
122	160	0.915775
122	162	1.31692
122	171	1.88495
123	21	0.904121
123	23	0.891284
123	35	0.860973
123	38	0.865735
123	66	1.13758
123	73	0.874746
123	87	0.874679
123	94	0.858735
123	99	0.847962
123	109	0.996434
123	110	0.847833
123	111	0.8344
123	128	0.880735
123	132	1.00566
123	133	0.882265
123	138	0.858842
123	141	0.883611
123	142	0.875368
123	144	0.89805
123	147	0.860388
123	148	1.44992
123	153	0.821095
123	159	0.875771
123	162	0.876124
123	165	1.26015
123	167	1.45383
123	170	1.84037
123	174	1.57787
123	180	3.12061
124	32	1.44991
124	37	1.62765
124	42	1.74495
124	92	1.58847
124	105	0.929977
124	128	1.38569
124	130	0.87796
124	139	0.84166
124	140	0.867966
124	141	1.50728
124	147	1.33733
124	148	0.809589
124	150	0.85956
124	152	0.807502
124	157	0.78639
124	158	0.729075
124	161	0.764206
124	162	0.821625
124	164	0.816263
124	167	0.791749
124	171	0.748367
124	172	0.767846
124	173	0.75805
124	174	0.778476
124	176	0.793912
124	177	0.747215
124	178	0.697772
124	179	0.714805
124	180	0.671997
125	1	0.952876
125	12	0.957692
125	52	0.942888
125	58	1.36267
125	59	0.903616
125	65	0.839933
125	70	0.877207
125	80	1.38198
125	83	1.17939
125	84	0.848782
125	85	0.837926
125	92	1.25503
125	103	1.1518
125	109	0.971527
125	112	0.900848
125	120	1.29245
125	122	1.08024
125	145	1.11521
125	146	1.14015
125	155	0.906849
125	157	0.863857
125	160	0.937368
125	163	0.819669
125	166	0.860045
125	170	0.828098
125	177	0.824682
125	178	0.77524
125	179	0.792272
125	180	0.749465
126	5	1.63066
126	39	1.50596
126	51	0.968256
126	90	1.36817
126	104	0.872063
126	109	0.95924
126	110	1.44702
126	111	1.46719
126	122	1.186
126	129	1.33308
126	136	0.924504
126	148	0.87477
126	152	0.872683
126	164	0.881444
126	165	0.88666
126	166	0.847758
126	167	0.85693
126	168	0.804379
126	169	0.827393
126	171	0.813548
126	173	0.823231
126	174	0.843657
126	175	0.744984
126	176	0.859093
126	177	0.812396
126	178	0.762953
126	179	0.779986
126	180	0.737178
127	15	0.796623
127	17	0.795995
127	20	0.890741
127	32	0.935421
127	36	0.84069
127	37	0.836497
127	46	0.821938
127	79	0.890315
127	81	0.624861
127	90	0.866425
127	92	0.845177
127	98	0.882809
127	103	0.866974
127	113	0.850681
127	115	0.844826
127	119	0.679681
127	129	0.864873
127	131	0.832231
127	134	0.857513
127	145	0.8614
127	146	0.853722
127	156	1.09958
127	158	1.8551
127	159	0.855195
127	160	0.893823
127	167	1.26695
127	171	1.60201
127	175	2.67335
127	177	1.52896
127	180	2.93372
128	9	1.14986
128	23	0.871381
128	27	0.873755
128	34	0.850002
128	35	0.84107
128	38	0.845832
128	66	1.20564
128	67	0.941794
128	71	0.855739
128	73	0.854843
128	78	0.906
128	94	0.838831
128	99	0.828059
128	110	0.82793
128	111	0.814497
128	116	1.12177
128	123	0.880735
128	124	1.38569
128	136	1.20491
128	138	0.838939
128	141	0.863708
128	142	0.855465
128	144	0.878147
128	153	0.801192
128	156	1.35453
128	159	0.855868
128	162	0.85622
128	164	1.35718
128	174	1.64593
128	180	3.18867
129	15	0.802011
129	17	0.801383
129	30	0.843492
129	37	0.841886
129	46	0.827326
129	57	0.824469
129	64	0.875644
129	79	0.895703
129	90	0.871814
129	92	0.850565
129	95	1.15683
129	98	0.888197
129	103	0.872362
129	113	0.856069
129	122	0.886826
129	126	1.33308
129	127	0.864873
129	130	0.950273
129	131	0.837619
129	134	0.862902
129	137	1.90017
129	140	1.20705
129	143	1.96667
129	145	0.866788
129	146	0.85911
129	150	1.284
129	159	0.860583
129	160	0.899211
129	161	2.06381
129	179	2.29756
130	3	0.900444
130	4	2.61227
130	17	1.34449
130	29	0.701782
130	76	1.31502
130	81	0.985772
130	84	1.38208
130	88	0.971989
130	118	0.957533
130	119	0.984232
130	124	0.87796
130	129	0.950273
130	131	0.87208
130	140	0.954286
130	141	0.896789
130	154	0.928426
130	155	0.770408
130	157	0.872709
130	158	0.815395
130	160	0.695257
130	161	0.850526
130	163	0.828521
130	166	0.868897
130	169	0.848532
130	170	0.83695
130	173	0.84437
130	174	0.864795
130	175	0.766123
130	176	0.880232
130	178	0.784092
130	179	0.801124
130	180	0.758317
131	15	0.769369
131	17	0.768741
131	30	0.81085
131	32	0.908167
131	36	0.813436
131	37	0.809243
131	40	0.828359
131	56	0.767775
131	57	0.791827
131	60	0.85365
131	64	0.843002
131	90	0.839171
131	92	0.817923
131	95	1.07864
131	98	0.855555
131	103	0.83972
131	108	0.808765
131	113	0.823427
131	122	0.854184
131	127	0.832231
131	129	0.837619
131	130	0.87208
131	134	0.830259
131	145	0.834146
131	146	0.826468
131	153	1.91483
131	158	2.20693
131	159	0.827941
131	161	1.98561
131	174	1.74282
131	176	1.54156
131	177	1.88079
131	179	2.21937
132	5	1.54637
132	8	1.56213
132	13	0.940381
132	19	0.869079
132	24	0.873405
132	39	0.896658
132	41	0.982724
132	74	0.941604
132	79	0.83535
132	80	0.936138
132	83	0.904833
132	87	1.26194
132	94	1.15188
132	101	0.864779
132	106	0.881747
132	107	1.57593
132	120	0.876534
132	123	1.00566
132	133	1.11113
132	135	0.837241
132	142	1.02465
132	146	1.16163
132	156	0.902276
132	157	0.854627
132	165	0.889716
132	169	0.830449
132	171	0.816604
132	174	0.846713
132	175	0.74804
132	177	0.815452
132	178	0.766009
132	179	0.783042
132	180	0.740234
133	27	0.875285
133	29	0.883478
133	34	0.851532
133	35	0.8426
133	38	0.847362
133	51	0.914008
133	54	1.23088
133	62	1.19606
133	67	0.943324
133	71	0.85727
133	78	0.90753
133	87	0.856306
133	94	0.840362
133	99	0.829589
133	110	0.82946
133	111	0.816028
133	119	0.972039
133	121	1.9506
133	123	0.882265
133	132	1.11113
133	138	0.840469
133	141	0.865238
133	142	0.856995
133	144	0.879677
133	147	0.842016
133	153	0.802722
133	156	1.39194
133	157	1.56129
133	159	0.857399
133	162	0.857751
133	168	1.97577
133	171	1.89437
133	176	1.48208
134	10	1.9751
134	15	0.794651
134	17	0.794024
134	20	0.888769
134	30	0.836133
134	36	0.838718
134	37	0.834526
134	40	0.853642
134	46	0.819967
134	64	0.868284
134	90	0.864454
134	92	0.843206
134	98	0.880838
134	103	0.865003
134	108	0.834047
134	113	0.848709
134	115	0.842855
134	122	0.879466
134	127	0.857513
134	129	0.862902
134	131	0.830259
134	143	1.73527
134	145	0.859429
134	146	0.85175
134	148	1.46165
134	152	1.43613
134	154	1.27258
134	157	1.46755
134	159	0.853224
134	160	0.891851
134	168	1.88204
134	169	1.69315
134	171	1.80063
134	177	1.72758
135	36	1.73918
135	49	0.759929
135	73	1.95035
135	75	2.00152
135	86	1.70922
135	93	0.790783
135	108	0.77946
135	113	1.64771
135	116	0.84361
135	120	1.9973
135	132	0.837241
135	136	0.836686
135	137	0.762472
135	143	0.742913
135	148	0.786953
135	149	0.83111
135	156	0.811402
135	158	0.706439
135	159	1.84505
135	161	0.74157
135	163	0.719565
135	164	0.793627
135	165	0.798843
135	167	0.769112
135	168	0.716561
135	169	0.739575
135	170	0.727993
135	171	0.725731
135	173	0.735413
135	174	0.755839
135	177	0.724578
135	179	0.692168
135	180	0.64936
136	31	1.05713
136	37	1.44688
136	46	1.58269
136	58	1.51533
136	59	1.18134
136	94	1.28307
136	106	1.62376
136	117	0.940427
136	118	0.938896
136	122	1.23291
136	126	0.924504
136	128	1.20491
136	135	0.836686
136	147	1.15655
136	148	0.877272
136	149	0.92143
136	150	0.927242
136	152	0.875184
136	154	0.909789
136	157	0.854072
136	163	0.809884
136	164	0.883946
136	166	0.85026
136	168	0.80688
136	169	0.829894
136	171	0.81605
136	172	0.835529
136	173	0.825733
136	175	0.747486
136	176	0.861595
136	177	0.814897
136	178	0.765455
136	179	0.782487
136	180	0.73968
137	55	1.09044
137	70	2.02338
137	93	0.806888
137	101	1.76896
137	102	1.90218
