1	27	0.811916
1	72	0.815251
1	74	0.874764
1	95	0.835135
1	97	0.83569
1	98	0.834809
1	99	0.835618
1	116	0.85708
1	153	0.831864
1	159	1.88273
1	176	0.867872
1	178	1.72324
2	9	0.904714
2	62	1.37987
2	105	0.919554
2	113	0.947715
2	133	0.958325
2	146	0.945046
2	147	1.15293
2	149	0.935237
2	151	0.932788
2	152	0.924724
2	159	0.931898
2	171	1.0733
3	22	1.58201
3	117	2.01083
3	160	0.828848
3	164	0.83952
3	168	0.845698
3	171	0.846723
3	173	0.841312
3	174	0.839122
3	177	0.835084
3	178	0.849103
3	179	0.83165
3	180	0.84294
4	48	0.85029
4	50	0.849132
4	74	0.858483
4	76	0.853944
4	86	0.83816
4	95	0.818855
4	97	0.819409
4	99	0.819337
4	116	0.840799
4	158	1.80657
4	175	1.79196
4	176	0.851591
5	160	0.829338
5	162	0.84622
5	166	0.835084
5	171	0.847213
5	172	1.87945
5	173	0.841801
5	174	0.839611
5	175	1.71534
5	177	0.835573
5	178	0.849592
5	179	0.832139
5	180	0.843429
6	112	0.932395
6	151	1.36197
6	166	0.928107
6	167	1.23754
6	168	0.939211
6	170	0.994903
6	173	0.934825
6	174	0.932635
6	177	0.928596
6	178	0.942616
6	179	0.925163
6	180	0.936453
7	26	0.807302
7	37	1.68133
7	85	0.811982
7	132	0.846418
7	142	0.851666
7	144	0.83907
7	155	0.858094
7	157	0.846305
7	169	0.852479
7	171	1.92094
7	172	0.839725
7	175	0.846959
8	90	0.844609
8	104	0.830259
8	107	0.834206
8	125	0.866493
8	126	0.816353
8	146	0.852724
8	149	0.842914
8	151	0.840466
8	152	0.832401
8	154	1.97691
8	155	1.62318
8	159	0.839575
9	2	0.904714
9	11	1.89852
9	51	0.842678
9	69	0.810914
9	81	0.808306
9	105	0.822067
9	107	0.829042
9	131	1.69283
9	133	0.860838
9	134	0.858903
9	151	0.835301
9	152	0.827237
10	46	1.18319
10	63	0.924431
10	90	0.938381
10	96	0.924134
10	126	0.910124
10	134	0.957838
10	135	0.948889
10	149	0.936685
10	152	0.926172
10	159	0.933346
10	173	1.21994
10	174	1.20392
11	9	1.89852
11	34	0.851622
11	48	0.855519
11	98	0.823757
11	116	0.846028
11	148	0.83039
11	161	0.818685
11	168	1.70454
11	170	0.875881
11	172	0.817032
11	175	0.824266
11	176	0.85682
12	40	1.65328
12	88	1.94406
12	156	0.842398
12	162	0.842797
12	165	0.84941
12	171	0.84379
12	173	0.838378
12	174	0.836188
12	177	0.83215
12	178	0.846169
12	179	0.828716
12	180	0.840006
13	132	1.87694
13	138	0.812319
13	156	0.847136
13	162	0.847535
13	166	0.836399
13	167	1.71755
13	168	0.847502
13	173	0.843116
13	177	0.836888
13	178	0.850907
13	179	0.833454
13	180	0.844744
14	43	0.859465
14	88	0.855853
14	105	0.817512
14	107	0.824487
14	125	0.856774
14	133	0.856283
14	139	1.76907
14	146	0.843004
14	149	0.833195
14	151	0.830746
14	152	0.822682
14	165	1.82946
15	23	1.60372
15	79	0.875506
15	80	0.810244
15	125	1.69394
15	148	0.849063
15	164	0.855546
15	170	0.894554
15	173	0.857337
15	177	0.851109
15	179	0.847675
15	180	0.858965
16	61	1.93327
16	84	1.67883
16	100	0.833083
16	111	0.854714
16	115	0.848627
16	131	0.834754
16	141	0.842262
16	157	0.833174
16	167	0.853619
16	169	0.839347
16	172	0.826593
16	175	0.833827
17	39	0.826518
17	49	0.826518
17	61	0.795396
17	77	0.833093
17	78	0.833093
17	79	0.839104
17	80	0.773842
17	124	0.85129
17	130	0.850337
17	137	2.00684
17	148	0.81266
17	170	0.858151
17	171	1.89881
18	124	1.81881
18	137	0.810203
18	143	2.07462
18	147	0.831233
18	158	0.825867
18	159	0.817604
18	168	0.834951
18	171	0.835977
18	174	0.828375
18	177	0.824337
18	178	0.838356
18	179	0.820903
18	180	0.832193
19	94	0.828463
19	121	2.06628
19	131	0.818711
19	140	0.825449
19	141	0.826219
19	158	1.84011
19	161	0.812204
19	163	0.830339
19	167	0.837576
19	169	0.823304
19	170	0.8694
19	172	0.81055
19	175	0.817784
20	32	0.924841
20	48	1.19395
20	74	1.27859
20	109	0.929507
20	111	0.921647
20	118	0.904574
20	132	0.900219
20	141	0.909195
20	161	0.895179
20	164	1.42883
20	167	0.920552
20	172	0.893526
20	175	0.90076
21	107	0.894661
21	113	0.915847
21	123	0.932124
21	124	0.98085
21	125	0.926948
21	133	0.926457
21	134	0.924522
21	136	0.885633
21	151	0.900921
21	152	0.892856
21	159	0.90003
21	171	1.44847
21	180	1.4731
22	3	1.58201
22	80	1.32844
22	139	0.910457
22	141	0.911533
22	144	0.895209
22	155	0.914234
22	157	0.902445
22	167	0.92289
22	169	0.908618
22	172	0.895864
22	175	0.903098
22	176	0.935653
22	179	0.992612
23	15	1.60372
23	25	0.950411
23	33	1.35001
23	140	0.910675
23	144	0.895122
23	145	0.897884
23	155	0.914146
23	161	0.897429
23	167	0.922802
23	169	0.90853
23	170	0.954626
23	172	0.895776
23	175	0.90301
24	66	1.03832
24	69	0.88205
24	83	0.920339
24	104	0.896231
24	105	0.893204
24	125	0.932465
24	133	0.931974
24	134	0.930039
24	149	0.908886
24	151	0.906438
24	152	0.898373
24	154	1.51617
24	180	1.35306
25	23	0.950411
25	69	1.72647
25	120	0.894677
25	162	0.914234
25	164	0.908024
25	165	0.920848
25	167	1.22153
25	168	0.914201
25	171	0.915227
25	177	0.903587
25	178	0.917606
25	179	0.900153
25	180	0.911443
26	7	0.807302
26	67	0.804648
26	103	0.86187
26	105	1.90122
26	137	2.00137
26	140	0.826727
26	145	0.813936
26	161	0.813481
26	163	0.831617
26	167	0.838854
26	170	0.870677
26	172	0.811828
26	175	0.819062
27	1	0.811916
27	72	0.815251
27	74	0.874764
27	95	0.835135
27	97	0.83569
27	98	0.834809
27	99	0.835618
27	116	0.85708
27	150	1.82643
27	153	0.831864
27	156	1.77977
27	176	0.867872
28	53	0.893098
28	54	1.43988
28	68	1.18677
28	77	0.921332
28	78	0.921332
28	143	1.25892
28	148	0.900899
28	160	0.89671
28	170	0.94639
28	174	0.906983
28	177	0.902945
28	179	0.899511
28	180	0.910801
29	87	1.31974
29	136	1.3739
29	147	0.910293
29	158	0.904927
29	163	1.19799
29	165	0.920657
29	171	0.915036
29	173	0.909625
29	174	0.907435
29	177	0.903396
29	178	0.917416
29	179	0.899963
29	180	0.911253
30	70	0.802328
30	99	1.9754
30	118	1.9183
30	156	0.835879
30	158	0.827161
30	160	0.819396
30	166	0.825142
30	171	0.837271
30	173	0.831859
30	177	0.825631
30	178	0.83965
30	179	0.822197
30	180	0.833487
31	63	0.886111
31	69	0.871529
31	81	0.868922
31	88	0.921023
31	100	0.892844
31	107	0.889657
31	126	0.871804
31	133	0.921453
31	136	0.88063
31	146	0.908175
31	152	0.887852
31	153	1.48965
31	168	1.3378
31	174	1.38071
32	20	0.924841
32	99	1.22607
32	115	0.8976
32	117	0.890222
32	122	1.59523
32	132	0.88226
32	140	0.890465
32	142	0.887508
32	148	0.888925
32	161	0.87722
32	167	0.902592
32	171	1.38135
32	172	0.875566
32	175	0.8828
33	23	1.35001
33	112	0.892519
33	129	0.858524
33	133	1.34403
33	166	0.888231
33	168	0.899335
33	171	0.90036
33	173	0.894949
33	174	0.892759
33	176	1.50147
33	177	0.88872
33	178	0.90274
33	179	0.885287
33	180	0.896577
34	11	0.851622
34	74	0.925522
34	86	0.905198
34	95	0.885893
34	97	0.886447
34	98	0.885566
34	99	0.886375
34	116	0.907837
34	123	1.19872
34	126	0.86429
34	144	1.41058
34	153	0.882622
34	176	0.918629
34	179	1.58934
35	96	1.62712
35	103	1.21195
35	121	0.880487
35	131	1.35871
35	156	0.896745
35	164	0.890934
35	166	0.886008
35	171	0.898137
35	173	0.892725
35	174	0.890535
35	177	0.886497
35	178	0.900516
35	179	0.883063
35	180	0.894353
36	65	1.7433
36	87	0.904355
36	115	0.897038
36	118	0.886053
36	139	0.889597
36	143	0.887757
36	147	1.24737
36	155	0.893374
36	163	0.894793
36	166	1.22084
36	167	0.902031
36	169	0.887758
36	172	0.875005
36	175	0.882239
37	7	1.68133
37	77	0.907656
37	78	0.907656
37	80	0.848405
37	97	0.881471
37	99	0.881399
37	116	0.902861
37	123	1.17431
37	126	0.859314
37	148	0.887224
37	153	0.877646
37	168	1.34525
37	170	0.932714
37	176	0.913653
38	102	0.875105
38	138	0.863815
38	155	1.38834
38	156	0.898632
38	162	0.899031
38	168	0.898998
38	171	0.900023
38	172	1.51432
38	174	0.892422
38	176	1.2916
38	177	0.888383
38	178	0.902403
38	179	0.88495
38	180	0.89624
39	17	0.826518
39	53	0.877025
39	61	0.867562
39	77	0.905259
39	78	0.905259
39	79	0.911269
39	80	0.846008
39	124	0.923456
39	130	0.922503
39	145	1.51487
39	148	0.884826
39	163	1.30762
39	170	0.930317
39	180	1.3757
40	12	1.65328
40	56	0.897638
40	69	0.863851
40	70	1.36827
40	83	0.902139
40	96	0.878135
40	107	0.881979
40	133	0.913774
40	135	0.902891
40	146	0.900496
40	149	0.890686
40	151	0.888238
40	152	0.880173
40	160	1.18397
41	120	1.50075
41	141	0.894578
41	143	0.891662
41	144	0.878255
41	154	0.874896
41	161	0.880562
41	163	0.898698
41	166	1.42786
41	167	0.905935
41	169	0.891663
41	172	0.878909
41	175	0.886143
41	176	0.918698
41	178	1.28065
42	77	1.31153
42	128	1.39187
42	131	0.887102
42	132	0.885635
42	141	0.89461
42	142	0.890883
42	145	0.88105
42	157	0.885522
42	161	0.880595
42	169	0.891695
42	170	0.937791
42	172	0.878941
42	173	1.50544
42	175	0.886176
43	14	0.859465
43	63	0.882289
43	81	0.8651
43	83	0.905996
43	88	0.917201
43	109	1.31425
43	125	0.918122
43	128	1.40172
43	136	0.876807
43	146	0.904353
43	149	0.894543
43	151	0.892095
43	152	0.88403
43	161	1.48321
44	52	1.46464
44	74	1.35654
44	113	0.902325
44	116	1.3807
44	117	0.892491
44	143	0.890589
44	146	0.899657
44	149	0.889847
44	151	0.887399
44	152	0.879334
44	167	0.904862
44	169	0.89059
44	172	0.877836
44	175	0.88507
45	124	1.25414
45	131	1.63574
45	133	1.3016
45	147	0.890876
45	150	0.886873
45	164	0.888417
45	165	0.901241
45	168	0.894594
45	171	0.89562
45	174	0.888018
45	177	0.88398
45	178	0.897999
45	179	0.880546
45	180	0.891836
46	10	1.18319
46	99	1.45176
46	116	1.56161
46	161	0.877092
46	163	0.895228
46	169	0.888193
46	171	0.902484
46	172	0.875439
46	173	0.897072
46	175	0.882673
46	177	0.890844
46	178	0.904863
46	179	0.88741
46	180	0.898701
47	51	0.895932
47	83	0.902457
47	126	0.864443
47	134	0.912158
47	135	0.903209
47	136	0.873269
47	146	0.900814
47	149	0.891005
47	151	0.888556
47	152	0.880491
47	159	0.887666
47	168	1.37228
47	171	1.35257
47	177	1.48315
48	4	0.85029
48	11	0.855519
48	20	1.19395
48	72	0.869906
48	76	0.92488
48	86	0.909096
48	92	1.52201
48	95	0.889791
48	98	0.889464
48	99	0.890273
48	116	0.911735
48	153	0.886519
48	173	1.48956
48	176	0.922527
49	17	0.826518
49	53	0.877025
49	61	0.867562
49	74	1.30731
49	77	0.905259
49	78	0.905259
49	79	0.911269
49	80	0.846008
49	87	1.45519
49	124	0.923456
49	130	0.922503
49	148	0.884826
49	170	0.930317
49	174	1.43951
50	4	0.849132
50	72	0.868748
50	76	0.923722
50	86	0.907937
50	95	0.888632
50	97	0.889187
50	98	0.888305
50	116	0.910577
50	126	0.86703
50	146	1.40782
50	153	0.885361
50	155	1.37702
50	165	1.41421
50	176	0.921369
51	9	0.842678
51	47	0.895932
51	88	0.895858
51	90	0.874896
51	96	0.860649
51	107	0.864493
51	122	1.63874
51	125	0.89678
51	129	1.70423
51	134	0.894353
51	136	0.855465
51	146	0.88301
51	149	0.8732
51	152	0.862687
51	176	1.16213
52	44	1.46464
52	138	0.849893
52	146	1.46847
52	154	0.855043
52	156	0.88471
52	160	0.868226
52	166	0.873972
52	168	0.885076
52	171	0.886101
52	172	1.56366
52	173	0.88069
52	177	0.874462
52	178	0.888481
52	179	0.871028
52	180	0.882318
53	28	0.893098
53	39	0.877025
53	49	0.877025
53	60	1.20652
53	61	0.845903
53	64	0.853119
53	77	0.8836
53	78	0.8836
53	79	0.889611
53	80	0.824349
53	130	0.900844
53	148	0.863167
53	153	1.61421
53	170	0.908658
53	179	1.68205
54	28	1.43988
54	60	0.865243
54	87	0.890754
54	109	0.897384
54	120	1.66028
54	141	0.877072
54	142	0.873344
54	144	0.860748
54	155	0.879773
54	161	0.863056
54	165	1.40548
54	167	0.888429
54	169	0.874157
54	172	0.861403
54	175	0.868637
55	61	1.48979
55	72	1.79379
55	82	0.836833
55	134	1.22522
55	150	0.876265
55	156	0.88362
55	160	0.867137
55	164	0.877809
55	168	0.883986
55	171	0.885012
55	174	0.87741
55	177	0.873372
55	178	0.887391
55	179	0.869938
55	180	0.881228
56	40	0.897638
56	63	0.86297
56	73	0.856833
56	84	1.40473
56	94	0.881126
56	104	0.86257
56	140	0.878113
56	146	0.885034
56	152	0.864711
56	155	0.881583
56	167	0.89024
56	169	0.875967
56	172	0.863214
56	178	1.4939
56	180	1.61264
57	88	1.29639
57	100	1.71434
57	129	0.844021
57	148	1.48291
57	158	0.875747
57	160	0.867982
57	164	0.878654
57	166	0.873728
57	171	0.885857
57	173	0.880446
57	174	0.878255
57	177	0.874217
57	178	0.888236
57	179	0.870783
57	180	0.882074
58	63	0.858077
58	110	1.33372
58	113	0.88281
58	125	0.893911
58	133	0.893419
58	134	0.891485
58	135	0.882536
58	136	0.852596
58	146	0.880141
58	149	0.870332
58	151	0.867883
58	152	0.859818
58	159	0.866993
58	177	1.69722
58	178	1.47254
59	60	0.855666
59	93	0.861602
59	102	1.65288
59	135	0.876041
59	142	0.863767
59	143	0.864579
59	144	0.851172
59	145	0.853934
59	147	1.49848
59	157	0.858407
59	161	0.853479
59	163	0.871615
59	167	0.878852
59	172	0.851826
59	175	0.85906
59	179	1.65825
60	53	1.20652
60	54	0.865243
60	59	0.855666
60	82	1.87459
60	111	0.876211
60	132	0.854784
60	138	1.72546
60	140	0.862989
60	141	0.863759
60	143	0.860843
60	155	0.86646
60	157	0.854671
60	167	0.875116
60	169	0.860844
60	172	0.84809
60	175	0.855324
61	16	1.93327
61	17	0.795396
61	39	0.867562
61	49	0.867562
61	53	0.845903
61	55	1.48979
61	64	0.843656
61	77	0.874137
61	78	0.874137
61	79	0.880148
61	80	0.814886
61	124	0.892334
61	130	0.891381
61	135	1.37265
61	148	0.853704
61	170	0.899195
62	2	1.37987
62	76	1.49785
62	104	1.92212
62	122	0.84456
62	147	0.863258
62	162	0.867009
62	164	0.860799
62	165	0.873622
62	166	0.855872
62	171	0.868002
62	173	0.86259
62	174	0.8604
62	177	0.856362
62	178	0.870381
62	179	0.852928
62	180	0.864218
63	10	0.924431
63	31	0.886111
63	43	0.882289
63	56	0.86297
63	58	0.858077
63	81	0.826575
63	82	1.9942
63	88	0.878676
63	100	0.850497
63	105	0.840336
63	136	0.838283
63	150	1.43609
63	151	0.85357
63	152	0.845505
63	157	1.37454
63	159	0.85268
64	53	0.853119
64	61	0.843656
64	79	0.887363
64	80	0.822101
64	120	1.62097
64	126	1.60996
64	139	0.862154
64	144	0.846906
64	148	0.86092
64	163	0.86735
64	169	0.860315
64	170	0.906411
64	172	0.847561
64	173	1.57361
64	175	0.854795
64	176	0.88735
65	36	1.7433
65	101	1.55713
65	106	0.830188
65	115	1.79112
65	129	0.821009
65	138	0.826636
65	156	0.861453
65	159	0.844472
65	164	0.855642
65	168	0.861819
65	171	0.862845
65	173	0.857433
65	174	0.855243
65	177	0.851205
65	178	0.865224
65	179	0.847771
65	180	0.859061
66	24	1.03832
66	95	1.43737
66	107	1.41872
66	122	0.901099
66	127	0.888948
66	141	1.19887
66	150	0.915793
66	156	0.923148
66	164	0.917337
66	166	0.912411
66	168	0.923514
66	171	0.92454
66	173	0.919129
66	174	0.916938
66	178	0.926919
66	179	0.909466
66	180	0.920757
67	26	0.804648
67	76	1.56775
67	81	1.94589
67	91	0.850579
67	113	1.58238
67	117	0.851727
67	144	0.836417
67	155	0.855441
67	164	0.856913
67	168	0.863091
67	169	0.849825
67	173	0.858705
67	175	0.844306
67	177	0.852476
67	178	0.866496
67	179	0.849043
67	180	0.860333
68	28	1.18677
68	84	1.0979
68	118	0.91128
68	131	0.908392
68	140	0.915131
68	144	0.899577
68	145	0.90234
68	154	0.896218
68	163	0.92002
68	167	0.927258
68	169	0.912985
68	170	0.959081
68	172	0.900232
68	175	0.907466
68	176	0.94002
68	179	1.52058
68	180	1.30581
69	9	0.810914
69	24	0.88205
69	25	1.72647
69	31	0.871529
69	40	0.863851
69	86	1.67605
69	88	0.864095
69	104	0.828782
69	107	0.832729
69	110	1.69409
69	113	0.853915
69	125	0.865016
69	133	0.864525
69	146	0.851246
69	149	0.841437
69	151	0.838988
69	152	0.830924
70	30	0.802328
70	40	1.36827
70	114	0.816406
70	121	0.845748
70	146	1.89314
70	156	0.862006
70	158	0.853288
70	162	0.862405
70	164	0.856194
70	168	0.862372
70	169	1.83532
70	173	0.857986
70	174	0.855796
70	177	0.851758
70	178	0.865777
70	179	0.848324
70	180	0.859614
71	127	0.821761
71	144	1.88658
71	147	0.852608
71	148	1.64318
71	150	0.848605
71	158	0.847243
71	164	0.850149
71	165	0.862973
71	168	0.856327
71	171	0.857352
71	173	0.851941
71	174	0.84975
71	176	1.56321
71	177	0.845712
71	178	0.859732
71	179	0.842278
71	180	0.853569
72	1	0.815251
72	27	0.815251
72	48	0.869906
72	50	0.868748
72	55	1.79379
72	74	0.878099
72	76	0.87356
72	86	0.857775
72	95	0.83847
72	97	0.839025
72	98	0.838143
72	99	0.838952
72	116	0.860415
72	153	0.835199
72	169	1.7473
72	170	1.55461
72	176	0.871207
73	56	0.856833
73	81	0.820437
73	83	0.861334
73	88	0.872539
73	90	0.851576
73	95	1.71276
73	105	0.834198
73	107	0.841173
73	113	0.862359
73	134	0.871034
73	136	0.832145
73	146	0.85969
73	149	0.849881
73	151	0.847432
73	152	0.839368
73	161	1.59698
73	179	1.78982
74	1	0.874764
74	4	0.858483
74	20	1.27859
74	27	0.874764
74	34	0.925522
74	44	1.35654
74	49	1.30731
74	72	0.878099
74	76	0.933073
74	86	0.917289
74	95	0.897984
74	97	0.898538
74	98	0.897657
74	99	0.898466
74	116	0.919928
74	153	0.894713
74	172	1.45556
74	176	0.93072
75	117	1.59398
75	120	0.82778
75	128	0.845536
75	129	0.806494
75	158	0.83822
75	161	2.02366
75	162	0.847337
75	165	0.85395
75	166	0.836201
75	168	0.847304
75	171	0.84833
75	173	0.842918
75	174	0.840728
75	175	1.77298
75	177	0.83669
75	178	0.850709
75	179	0.833256
75	180	0.844546
76	4	0.853944
76	48	0.92488
76	50	0.923722
76	62	1.49785
76	67	1.56775
76	72	0.87356
76	74	0.933073
76	86	0.912749
76	90	1.08372
76	95	0.893444
76	97	0.893999
76	98	0.893117
76	99	0.893927
76	111	1.24619
76	116	0.915389
76	126	0.871842
76	153	0.890173
76	176	0.926181
77	17	0.833093
77	28	0.921332
77	37	0.907656
77	39	0.905259
77	42	1.31153
77	49	0.905259
77	53	0.8836
77	61	0.874137
77	78	0.911834
77	79	0.917845
77	80	0.852583
77	124	0.930031
77	130	0.929078
77	143	1.23806
77	148	0.891401
77	152	1.53555
77	167	1.30681
77	170	0.936892
78	17	0.833093
78	28	0.921332
78	37	0.907656
78	39	0.905259
78	49	0.905259
78	53	0.8836
78	61	0.874137
78	77	0.911834
78	79	0.917845
78	80	0.852583
78	100	1.39682
78	124	0.930031
78	130	0.929078
78	132	1.36448
78	148	0.891401
78	167	1.20509
78	170	0.936892
78	173	1.42679
79	15	0.875506
79	17	0.839104
79	39	0.911269
79	49	0.911269
79	53	0.889611
79	61	0.880148
79	64	0.887363
79	77	0.917845
79	78	0.917845
79	80	0.858594
79	124	0.936042
79	130	0.935089
79	144	1.3353
79	148	0.897412
79	154	1.4624
79	162	1.28061
79	166	1.32776
79	170	0.942903
80	15	0.810244
80	17	0.773842
80	22	1.32844
80	37	0.848405
80	39	0.846008
80	49	0.846008
80	53	0.824349
80	61	0.814886
80	64	0.822101
80	77	0.852583
80	78	0.852583
80	79	0.858594
80	124	0.87078
80	130	0.869827
80	148	0.83215
80	151	2.12173
80	158	1.95087
80	170	0.877641
81	9	0.808306
81	31	0.868922
81	43	0.8651
81	63	0.826575
81	67	1.94589
81	73	0.820437
81	96	0.826278
81	113	0.851307
81	125	0.862408
81	133	0.861917
81	136	0.821094
81	146	0.848639
81	149	0.838829
81	151	0.836381
81	152	0.828316
81	159	0.83549
81	164	1.65007
81	179	1.80882
82	55	0.836833
82	60	1.87459
82	63	1.9942
82	101	1.52714
82	119	0.838571
82	121	0.832512
82	127	0.81457
82	150	0.841415
82	160	0.832286
82	165	0.855782
82	166	0.838032
82	171	0.850161
82	173	0.84475
82	174	0.84256
82	177	0.838522
82	178	0.852541
82	179	0.835088
82	180	0.846378
83	24	0.920339
83	40	0.902139
83	43	0.905996
83	47	0.902457
83	73	0.861334
83	90	0.881421
83	93	1.41733
83	104	0.867071
83	105	0.864043
83	125	0.903305
83	133	0.902813
83	134	0.900879
83	136	0.86199
83	149	0.879725
83	151	0.877277
83	152	0.869212
83	156	1.54807
83	170	1.22156
83	178	1.51316
84	16	1.67883
84	56	1.40473
84	68	1.0979
84	122	0.871756
84	128	0.892404
84	136	1.51433
84	138	0.858989
84	158	0.885088
84	160	0.877322
84	162	0.894204
84	165	0.900818
84	168	0.894171
84	171	0.895197
84	173	0.889786
84	174	0.887595
84	177	0.883557
84	178	0.897576
84	179	0.880123
84	180	0.891414
85	7	0.811982
85	109	0.852489
85	114	2.19284
85	131	0.824668
85	144	0.815853
85	145	0.818616
85	148	0.829866
85	154	0.812494
85	155	0.834877
85	158	1.63616
85	161	0.818161
85	163	0.836296
85	166	1.87877
85	167	0.843534
85	169	0.829261
85	170	0.875357
85	172	0.816508
85	175	0.823742
85	176	0.856296
86	4	0.83816
86	34	0.905198
86	48	0.909096
86	50	0.907937
86	69	1.67605
86	72	0.857775
86	74	0.917289
86	76	0.912749
86	95	0.87766
86	97	0.878214
86	98	0.877333
86	99	0.878142
86	116	0.899604
86	119	1.3525
86	126	0.856057
86	153	0.874389
86	169	1.12117
86	176	0.910397
86	179	1.55358
87	29	1.31974
87	36	0.904355
87	49	1.45519
87	54	0.890754
87	94	0.891514
87	111	0.901723
87	125	1.31948
87	128	1.60851
87	131	0.881762
87	139	0.888194
87	142	0.885543
87	143	0.886354
87	144	0.872947
87	157	0.880182
87	161	0.875255
87	167	0.900627
87	169	0.886355
87	172	0.873601
87	175	0.880835
88	12	1.94406
88	14	0.855853
88	31	0.921023
88	43	0.917201
88	51	0.895858
88	57	1.29639
88	63	0.878676
88	69	0.864095
88	73	0.872539
88	90	0.892626
88	96	0.878379
88	132	1.21219
88	135	0.903135
88	136	0.873195
88	149	0.890931
88	151	0.888482
88	152	0.880417
88	159	0.887592
88	161	1.24242
89	93	1.43473
89	108	1.69499
89	114	0.838622
89	128	0.88282
89	138	0.849405
89	139	1.43547
89	158	0.875504
89	160	0.867738
89	162	0.884621
89	164	0.87841
89	165	0.891234
89	166	0.873484
89	171	0.885613
89	173	0.880202
89	174	0.878012
89	175	1.42055
89	177	0.873973
89	178	0.887993
89	179	0.87054
89	180	0.88183
90	8	0.844609
90	10	0.938381
90	51	0.874896
90	73	0.851576
90	76	1.08372
90	83	0.881421
90	88	0.892626
90	102	1.69161
90	105	0.854285
90	113	0.882446
90	133	0.893056
90	134	0.891121
90	136	0.852232
90	146	0.879778
90	149	0.869968
90	151	0.86752
90	152	0.859455
90	154	1.64532
90	159	0.866629
90	177	1.58816
91	67	0.850579
91	94	0.875671
91	103	0.9078
91	110	0.895665
91	123	0.898523
91	131	0.865918
91	132	0.864452
91	139	0.872351
91	142	0.869699
91	157	0.864339
91	161	0.859411
91	165	1.36227
91	167	0.884784
91	168	1.51078
91	169	0.870512
91	172	0.857758
91	175	0.864992
91	176	0.897547
91	177	1.62165
91	180	1.5157
92	48	1.52201
92	106	0.852476
92	120	0.864583
92	128	0.88234
92	137	0.859359
92	139	1.48704
92	155	1.51024
92	160	0.867258
92	162	0.88414
92	164	0.87793
92	166	0.873004
92	168	0.884108
92	171	0.885133
92	173	0.879722
92	174	0.877531
92	175	1.47212
92	177	0.873493
92	178	0.887513
92	179	0.870059
92	180	0.88135
93	59	0.861602
93	83	1.41733
93	89	1.43473
93	103	0.904069
93	110	0.891933
93	117	0.868682
93	118	0.865075
93	127	1.75987
93	141	0.869696
93	143	0.866779
93	145	0.856135
93	155	0.872397
93	163	0.873816
93	167	0.881053
93	168	1.39493
93	169	0.866781
93	170	0.912877
93	172	0.854027
93	175	0.861261
93	176	0.893816
94	19	0.828463
94	56	0.881126
94	87	0.891514
94	91	0.875671
94	101	0.919676
94	117	0.876819
94	129	1.71235
94	139	0.876756
94	141	0.877832
94	144	0.861509
94	145	0.864272
94	152	1.51866
94	157	0.868744
94	162	1.43893
94	163	0.881952
94	167	0.889189
94	169	0.874917
94	172	0.862163
94	175	0.869397
94	178	1.33888
95	1	0.835135
95	4	0.818855
95	27	0.835135
95	34	0.885893
95	48	0.889791
95	50	0.888632
95	66	1.43737
95	72	0.83847
95	73	1.71276
95	74	0.897984
95	76	0.893444
95	86	0.87766
95	97	0.858909
95	98	0.858028
95	99	0.858837
95	116	0.880299
95	126	0.836752
95	153	0.855084
95	164	1.80814
95	170	1.34178
95	176	0.891092
96	10	0.924134
96	35	1.62712
96	40	0.878135
96	51	0.860649
96	81	0.826278
96	88	0.878379
96	105	0.840038
96	107	0.847013
96	113	0.868199
96	123	0.884475
96	125	0.8793
96	133	0.878809
96	134	0.876874
96	136	0.837985
96	142	1.53911
96	146	0.86553
96	149	0.855721
96	151	0.853273
96	152	0.845208
96	155	1.58154
96	175	1.54342
97	1	0.83569
97	4	0.819409
97	27	0.83569
97	34	0.886447
97	37	0.881471
97	50	0.889187
97	72	0.839025
97	74	0.898538
97	76	0.893999
97	86	0.878214
97	95	0.858909
97	98	0.858583
97	99	0.859392
97	105	1.59291
97	116	0.880854
97	126	0.837307
97	153	0.855638
97	166	1.63813
97	171	1.58503
97	176	0.891646
97	178	1.49092
98	1	0.834809
98	11	0.823757
98	27	0.834809
98	34	0.885566
98	48	0.889464
98	50	0.888305
98	72	0.838143
98	74	0.897657
98	76	0.893117
98	86	0.877333
98	95	0.858028
98	97	0.858583
98	99	0.85851
98	116	0.879972
98	126	0.836425
98	153	0.854757
98	162	1.56589
98	165	1.43114
98	174	1.62255
98	176	0.890765
98	177	1.69051
99	1	0.835618
99	4	0.819337
99	27	0.835618
99	30	1.9754
99	32	1.22607
99	34	0.886375
99	37	0.881399
99	46	1.45176
99	48	0.890273
99	72	0.838952
99	74	0.898466
99	76	0.893927
99	86	0.878142
99	95	0.858837
99	97	0.859392
99	98	0.85851
99	116	0.880781
99	126	0.837235
99	153	0.855566
99	176	0.891574
99	179	1.64926
100	16	0.833083
100	31	0.892844
100	57	1.71434
100	63	0.850497
100	78	1.39682
100	104	0.850096
100	112	1.6755
100	123	0.891506
100	131	0.8589
100	133	0.885839
100	135	0.874955
100	139	0.865333
100	146	0.872561
100	151	0.860303
100	152	0.852238
100	155	0.86911
100	163	0.870529
100	169	0.863494
100	172	0.85074
100	175	0.857974
100	178	1.5197
101	65	1.55713
101	82	1.52714
101	94	0.919676
101	108	0.898005
101	109	0.937745
101	115	0.923798
101	130	0.851685
101	139	0.916357
101	140	0.916663
101	145	0.903872
101	154	0.897751
101	157	0.908345
101	160	1.26045
101	163	0.921553
101	167	0.92879
101	169	0.914518
101	170	0.960614
101	172	0.901764
101	175	0.908998
101	176	0.941553
101	177	1.11214
102	38	0.875105
102	59	1.65288
102	90	1.69161
102	114	0.826431
102	121	0.855772
102	135	1.53551
102	156	0.87203
102	158	0.863312
102	160	0.855547
102	162	0.872429
102	164	0.866219
102	165	0.879042
102	166	0.861293
102	170	1.41347
102	171	0.873422
102	173	0.86801
102	174	0.86582
102	177	0.861782
102	178	0.875801
102	179	0.858348
102	180	0.869638
103	26	0.86187
103	35	1.21195
103	91	0.9078
103	93	0.904069
103	123	0.935058
103	139	0.908886
103	142	0.906234
103	143	0.907045
103	144	0.893638
103	148	0.907652
103	149	1.26473
103	152	1.41804
103	155	0.912662
103	157	0.900873
103	161	0.895946
103	167	0.921319
103	168	1.35208
103	169	0.907047
103	172	0.894293
103	175	0.901527
103	176	0.934082
103	180	1.35699
104	8	0.830259
104	24	0.896231
104	56	0.86257
104	62	1.92212
104	69	0.828782
104	83	0.867071
104	100	0.850096
104	105	0.839935
104	107	0.84691
104	113	0.868096
104	125	0.879197
104	126	0.829057
104	134	0.876771
104	135	0.867822
104	136	0.837882
104	146	0.865427
104	149	0.855618
104	151	0.85317
104	152	0.845105
104	162	1.6215
104	163	1.57209
104	165	1.48675
105	2	0.919554
105	9	0.822067
105	14	0.817512
105	24	0.893204
105	26	1.90122
105	63	0.840336
105	73	0.834198
105	83	0.864043
105	90	0.854285
105	96	0.840038
105	97	1.59291
105	104	0.839935
105	125	0.876169
105	133	0.875678
105	134	0.873743
105	136	0.834854
105	146	0.8624
105	149	0.85259
105	151	0.850142
105	156	1.51383
105	159	0.849251
105	180	1.59766
106	65	0.830188
106	92	0.852476
106	114	0.818692
106	125	1.48236
106	147	0.86094
106	150	0.856937
106	156	0.864291
106	157	1.73224
106	158	0.855574
106	160	0.847808
106	164	0.85848
106	165	0.871304
106	168	0.864658
106	169	1.61332
106	171	0.865683
106	172	1.76632
106	173	0.860272
106	174	0.858082
106	177	0.854043
106	178	0.868063
106	179	0.85061
106	180	0.8619
107	8	0.834206
107	9	0.829042
107	14	0.824487
107	21	0.894661
107	31	0.889657
107	40	0.881979
107	51	0.864493
107	66	1.41872
107	69	0.832729
107	73	0.841173
107	96	0.847013
107	104	0.84691
107	113	0.872043
107	126	0.833003
107	134	0.880718
107	136	0.841829
107	146	0.869374
107	149	0.859565
107	151	0.857116
107	153	1.8804
107	155	1.54284
107	166	1.76194
108	89	1.69499
108	101	0.898005
108	110	0.878398
108	111	0.868613
108	117	0.855147
108	118	0.85154
108	131	0.848652
108	132	0.847185
108	140	0.85539
108	141	0.85616
108	144	0.839837
108	145	0.8426
108	150	1.62293
108	156	1.57627
108	157	0.847072
108	161	0.842145
108	163	0.86028
108	167	0.867517
108	169	0.853245
108	172	0.840491
108	173	1.71411
108	175	0.847725
109	20	0.929507
109	43	1.31425
109	54	0.897384
109	85	0.852489
109	101	0.937745
109	117	0.894887
109	134	1.24934
109	139	0.894825
109	142	0.892173
109	143	0.892984
109	144	0.879577
109	145	0.88234
109	154	0.876219
109	161	0.881885
109	163	0.900021
109	164	1.52339
109	165	1.31394
109	167	0.907258
109	169	0.892986
109	172	0.880232
109	174	1.50536
109	175	0.887466
109	176	0.920021
110	58	1.33372
110	69	1.69409
110	91	0.895665
110	93	0.891933
110	108	0.878398
110	117	0.896812
110	118	0.893206
110	139	0.89675
110	140	0.897056
110	141	0.897826
110	142	0.894098
110	143	0.89491
110	144	0.881503
110	148	0.895516
110	157	0.888738
110	158	1.14271
110	166	1.38532
110	167	0.909183
110	168	1.35193
110	169	0.894911
110	172	0.882157
110	175	0.889391
110	176	0.921946
111	16	0.854714
111	20	0.921647
111	60	0.876211
111	76	1.24619
111	87	0.901723
111	108	0.868613
111	117	0.887027
111	131	0.880532
111	132	0.879066
111	133	1.19989
111	141	0.888041
111	142	0.884313
111	148	0.885731
111	155	0.890742
111	157	0.878953
111	158	1.43055
111	161	0.874025
111	163	0.892161
111	167	0.899398
111	169	0.885126
111	172	0.872372
111	174	1.68267
111	175	0.879606
111	180	1.64468
112	6	0.932395
112	33	0.892519
112	100	1.6755
112	113	1.26761
112	120	0.869949
112	128	0.887706
112	137	0.864725
112	138	0.85429
112	139	1.43764
112	148	1.44408
112	150	0.881752
112	160	0.872624
112	162	0.889506
112	164	0.883296
112	165	0.89612
112	166	0.87837
112	168	0.889473
112	171	0.890499
112	174	0.882897
112	176	1.36411
112	177	0.878859
112	178	0.892878
112	179	0.875425
112	180	0.886716
113	2	0.947715
113	21	0.915847
113	44	0.902325
113	58	0.88281
113	67	1.58238
113	69	0.853915
113	73	0.862359
113	81	0.851307
113	90	0.882446
113	96	0.868199
113	104	0.868096
113	107	0.872043
113	112	1.26761
113	125	0.90433
113	127	1.59058
113	133	0.903839
113	134	0.901904
113	136	0.863015
113	145	1.36972
113	146	0.89056
113	149	0.880751
113	151	0.878302
113	152	0.870238
113	154	1.39366
114	70	0.816406
114	85	2.19284
114	89	0.838622
114	102	0.826431
114	106	0.818692
114	128	0.848556
114	133	1.51216
114	134	1.73892
114	137	0.825575
114	148	1.74957
114	150	0.842602
114	153	0.828085
114	156	0.849957
114	158	0.84124
114	162	0.850356
114	165	0.85697
114	166	0.83922
114	168	0.850324
114	173	0.845938
114	174	0.843747
114	177	0.839709
114	178	0.853728
114	179	0.836275
114	180	0.847566
115	16	0.848627
115	32	0.8976
115	36	0.897038
115	65	1.79112
115	101	0.923798
115	122	1.42944
115	131	0.874445
115	132	0.872978
115	135	0.890499
115	137	1.32358
115	140	0.881183
115	141	0.881953
115	142	0.878226
115	143	0.879037
115	144	0.86563
115	153	1.38712
115	157	0.872865
115	159	1.28093
115	163	0.886073
115	169	0.879038
115	170	0.925134
115	172	0.866284
115	175	0.873518
115	176	0.906073
116	1	0.85708
116	4	0.840799
116	11	0.846028
116	27	0.85708
116	34	0.907837
116	37	0.902861
116	44	1.3807
116	46	1.56161
116	48	0.911735
116	50	0.910577
116	72	0.860415
116	74	0.919928
116	76	0.915389
116	86	0.899604
116	95	0.880299
116	97	0.880854
116	98	0.879972
116	99	0.880781
116	126	0.858697
116	130	1.38984
116	153	0.877028
116	169	1.32671
116	176	0.913036
116	180	1.54435
117	3	2.01083
117	32	0.890222
117	44	0.892491
117	67	0.851727
117	75	1.59398
117	93	0.868682
117	94	0.876819
117	108	0.855147
117	109	0.894887
117	110	0.896812
117	111	0.887027
117	132	0.8656
117	139	0.873499
117	145	0.861014
117	150	1.16949
117	157	0.865487
117	161	0.860559
117	163	0.878695
117	167	0.885932
117	169	0.87166
117	172	0.858906
117	175	0.86614
117	176	0.898695
117	177	1.3126
117	179	1.42142
118	20	0.904574
118	30	1.9183
118	36	0.886053
118	68	0.91128
118	93	0.865075
118	108	0.85154
118	110	0.893206
118	132	0.861993
118	137	1.46079
118	139	0.869892
118	141	0.870968
118	142	0.86724
118	143	0.868052
118	145	0.857407
118	154	0.851286
118	156	1.29356
118	161	0.856952
118	163	0.875088
118	164	1.43341
118	166	1.40586
118	167	0.882325
118	170	0.914149
118	172	0.855299
118	175	0.862533
118	176	0.895088
119	82	0.838571
119	86	1.3525
119	127	0.851158
119	128	0.883957
119	129	0.844914
119	132	1.6198
119	140	1.42228
119	147	0.882006
119	149	1.53584
119	150	0.878003
119	159	0.868377
119	160	0.868875
119	162	0.885757
119	163	1.56001
119	164	0.879547
119	165	0.892371
119	166	0.874621
119	168	0.885724
119	171	0.88675
119	173	0.881338
119	174	0.879148
119	177	0.87511
119	178	0.889129
119	179	0.871676
119	180	0.882967
120	25	0.894677
120	41	1.50075
120	54	1.66028
120	64	1.62097
120	75	0.82778
120	92	0.864583
120	112	0.869949
120	132	1.70747
120	137	0.852017
120	138	0.841582
120	150	0.869044
120	154	0.846733
120	158	0.867681
120	160	0.859916
120	162	0.876798
120	165	0.883411
120	166	0.865662
120	168	0.876765
120	170	1.30544
120	171	0.877791
120	173	0.872379
120	174	0.870189
120	177	0.866151
120	178	0.88017
120	179	0.862717
120	180	0.874007
121	19	2.06628
121	35	0.880487
121	70	0.845748
121	82	0.832512
121	102	0.855772
121	127	0.845099
121	129	0.838855
121	131	1.51578
121	137	0.854917
121	139	1.41261
121	142	1.39338
121	150	0.871944
121	153	0.857427
121	156	0.879299
121	162	0.879698
121	165	0.886311
121	166	0.868562
121	168	0.879665
121	171	0.880691
121	173	0.875279
121	174	0.873089
121	175	1.39768
121	177	0.869051
121	178	0.88307
121	179	0.865617
121	180	0.876907
122	32	1.59523
122	51	1.63874
122	62	0.84456
122	66	0.901099
122	84	0.871756
122	115	1.42944
122	138	0.838691
122	147	0.870156
122	150	0.866153
122	154	0.843841
122	158	0.86479
122	160	0.857024
122	162	0.873907
122	164	0.867696
122	165	0.88052
122	166	0.86277
122	168	0.873874
122	170	1.39332
122	171	0.874899
122	172	1.73902
122	173	0.869488
122	174	0.867298
122	177	0.863259
122	178	0.877279
122	179	0.859826
122	180	0.871116
123	21	0.932124
123	34	1.19872
123	37	1.17431
123	91	0.898523
123	96	0.884475
123	100	0.891506
123	103	0.935058
123	133	0.920115
123	134	0.91818
123	136	0.879291
123	140	0.899915
123	145	0.887124
123	146	0.906837
123	149	0.897027
123	151	0.894579
123	152	0.886514
123	155	0.903386
123	157	0.891597
123	161	0.886669
123	165	1.28512
123	167	0.912042
123	169	0.89777
123	171	1.41392
123	172	0.885016
123	173	1.49256
123	175	0.89225
123	177	1.5445
124	17	0.85129
124	18	1.81881
124	21	0.98085
124	39	0.923456
124	45	1.25414
124	49	0.923456
124	61	0.892334
124	77	0.930031
124	78	0.930031
124	79	0.936042
124	80	0.87078
124	131	0.9044
124	135	0.920455
124	138	1.49397
124	139	0.910833
124	140	0.911139
124	148	0.909599
124	151	1.07888
124	155	0.914609
124	157	0.90282
124	161	0.897893
124	163	0.916029
124	164	1.17818
124	170	0.95509
124	172	0.89624
124	175	0.903474
125	8	0.866493
125	14	0.856774
125	15	1.69394
125	21	0.926948
125	24	0.932465
125	43	0.918122
125	51	0.89678
125	58	0.893911
125	69	0.865016
125	81	0.862408
125	83	0.903305
125	87	1.31948
125	96	0.8793
125	104	0.879197
125	105	0.876169
125	106	1.48236
125	113	0.90433
125	126	0.86529
125	133	0.91494
125	134	0.913005
125	136	0.874116
125	145	1.40498
125	146	0.901661
125	149	0.891852
125	151	0.889403
125	159	0.888513
125	160	1.52007
125	176	0.978456
126	8	0.816353
126	10	0.910124
126	31	0.871804
126	34	0.86429
126	37	0.859314
126	47	0.864443
126	50	0.86703
126	64	1.60996
126	76	0.871842
126	86	0.856057
126	95	0.836752
126	97	0.837307
126	98	0.836425
126	99	0.837235
126	104	0.829057
126	107	0.833003
126	116	0.858697
126	125	0.86529
126	133	0.864799
126	136	0.823976
126	146	0.851521
126	149	0.841711
126	153	0.833481
126	172	1.64012
126	173	1.75877
126	176	0.869489
126	177	1.81071
126	178	1.58602
127	66	0.888948
127	71	0.821761
127	82	0.81457
127	93	1.75987
127	113	1.59058
127	119	0.851158
127	121	0.845099
127	128	0.859955
127	133	1.52964
127	137	0.836975
127	138	0.82654
127	140	1.76862
127	142	1.74139
127	156	0.861357
127	158	0.852639
127	160	0.844874
127	162	0.861756
127	164	0.855546
127	165	0.868369
127	166	0.85062
127	168	0.861723
127	171	0.862749
127	173	0.857337
127	174	0.855147
127	177	0.851109
127	178	0.865128
127	179	0.847675
127	180	0.858965
128	42	1.39187
128	43	1.40172
128	75	0.845536
128	84	0.892404
128	87	1.60851
128	89	0.88282
128	92	0.88234
128	112	0.887706
128	114	0.848556
128	119	0.883957
128	127	0.859955
128	138	0.859338
128	141	1.45405
128	147	0.890803
128	148	1.34745
128	150	0.8868
128	156	0.894155
128	158	0.885437
128	162	0.894554
128	163	1.48675
128	166	0.883418
128	168	0.894521
128	171	0.895547
128	173	0.890136
128	174	0.887945
128	177	0.883907
128	178	0.897926
128	179	0.880473
128	180	0.891764
129	33	0.858524
129	51	1.70423
129	57	0.844021
129	65	0.821009
129	75	0.806494
129	94	1.71235
129	119	0.844914
129	121	0.838855
129	136	1.97697
129	137	0.83073
129	143	1.6327
129	147	0.85176
129	148	1.66176
129	150	0.847757
129	153	0.83324
129	156	0.855112
129	158	0.846395
129	162	0.855511
129	164	0.849301
129	165	0.862125
129	166	0.844375
129	168	0.855479
129	171	0.856504
129	173	0.851093
129	174	0.848902
129	177	0.844864
129	178	0.858884
129	179	0.84143
129	180	0.852721
130	17	0.850337
130	39	0.922503
130	49	0.922503
130	53	0.900844
130	61	0.891381
130	77	0.929078
130	78	0.929078
130	79	0.935089
130	80	0.869827
130	101	0.851685
130	116	1.38984
130	144	1.49591
130	147	0.917587
130	148	0.908645
130	158	0.912222
130	160	0.904456
130	163	1.39181
130	165	0.927952
130	166	0.910202
130	167	1.2922
130	168	0.921306
130	170	0.954136
130	172	1.39526
130	173	0.91692
130	174	0.914729
130	176	1.17254
130	177	0.910691
130	178	0.92471
130	179	0.907257
130	180	0.918548
131	9	1.69283
131	16	0.834754
131	19	0.818711
131	35	1.35871
131	42	0.887102
131	45	1.63574
131	68	0.908392
131	85	0.824668
131	87	0.881762
131	91	0.865918
131	100	0.8589
131	108	0.848652
131	111	0.880532
131	115	0.874445
131	121	1.51578
131	124	0.9044
131	132	0.859105
131	135	0.876626
131	142	0.864352
131	145	0.854519
131	155	0.870781
131	159	1.54451
131	161	0.854064
131	163	0.8722
131	167	0.879437
131	169	0.865165
131	170	0.911261
131	172	0.852411
131	173	1.55777
131	175	0.859645
131	176	0.8922
132	7	0.846418
132	13	1.87694
132	20	0.900219
132	32	0.88226
132	42	0.885635
132	60	0.854784
132	78	1.36448
132	88	1.21219
132	91	0.864452
132	108	0.847185
132	111	0.879066
132	115	0.872978
132	117	0.8656
132	118	0.861993
132	119	1.6198
132	120	1.70747
132	131	0.859105
132	139	0.865537
132	140	0.865843
132	143	0.863697
132	145	0.853053
132	156	1.52228
132	157	0.857525
132	161	0.852598
132	163	0.870733
132	167	0.87797
132	169	0.863698
132	170	0.909794
132	172	0.850944
132	175	0.858178
132	176	0.890733
133	2	0.958325
133	9	0.860838
133	14	0.856283
133	21	0.926457
133	24	0.931974
133	31	0.921453
133	33	1.34403
133	40	0.913774
133	45	1.3016
133	58	0.893419
133	69	0.864525
133	81	0.861917
133	83	0.902813
133	90	0.893056
133	96	0.878809
133	100	0.885839
133	105	0.875678
133	111	1.19989
133	113	0.903839
133	114	1.51216
133	123	0.920115
133	125	0.91494
133	126	0.864799
133	127	1.52964
133	134	0.912514
133	135	0.903565
133	136	0.873625
133	146	0.90117
133	149	0.891361
133	151	0.888912
133	154	1.33272
133	179	1.38438
134	9	0.858903
134	10	0.957838
134	21	0.924522
134	24	0.930039
134	47	0.912158
134	51	0.894353
134	55	1.22522
134	58	0.891485
134	73	0.871034
134	83	0.900879
134	90	0.891121
134	96	0.876874
134	104	0.876771
134	105	0.873743
134	107	0.880718
134	109	1.24934
134	113	0.901904
134	114	1.73892
134	123	0.91818
134	125	0.913005
134	133	0.912514
134	135	0.90163
134	136	0.87169
134	146	0.899235
134	149	0.889426
134	151	0.886977
134	152	0.878913
134	159	0.886087
134	167	1.22867
134	173	1.45038
134	174	1.43436
134	178	1.27763
135	10	0.948889
135	40	0.902891
135	47	0.903209
135	58	0.882536
135	59	0.876041
135	61	1.37265
135	88	0.903135
135	100	0.874955
135	102	1.53551
135	104	0.867822
135	115	0.890499
135	124	0.920455
135	131	0.876626
135	133	0.903565
135	134	0.90163
135	136	0.862741
135	138	1.69793
135	140	0.883365
135	146	0.890286
135	147	1.38112
135	149	0.880477
135	152	0.869964
135	155	0.886836
135	156	1.24229
135	157	0.875046
135	159	0.877138
135	163	0.888255
135	168	1.3212
135	169	0.88122
135	172	0.868466
135	174	1.3641
135	175	0.8757
135	176	0.908255
136	21	0.885633
136	29	1.3739
136	31	0.88063
136	43	0.876807
136	47	0.873269
136	51	0.855465
136	58	0.852596
136	63	0.838283
136	73	0.832145
136	81	0.821094
136	83	0.86199
136	84	1.51433
136	88	0.873195
136	90	0.852232
136	96	0.837985
136	104	0.837882
136	105	0.834854
136	107	0.841829
136	113	0.863015
136	123	0.879291
136	125	0.874116
136	126	0.823976
136	129	1.97697
136	133	0.873625
136	134	0.87169
136	135	0.862741
136	146	0.860346
136	151	0.848089
136	152	0.840024
136	159	0.847198
136	168	1.71732
136	178	1.6035
136	180	1.72223
137	17	2.00684
137	18	0.810203
137	26	2.00137
137	92	0.859359
137	112	0.864725
137	114	0.825575
137	115	1.32358
137	118	1.46079
137	120	0.852017
137	121	0.854917
137	127	0.836975
137	129	0.83073
137	138	0.836358
137	147	0.867823
137	150	0.86382
137	153	0.849302
137	154	0.841508
137	156	0.871174
137	158	0.862457
137	159	0.854194
137	160	0.854691
137	164	0.865363
137	166	0.860437
137	168	0.871541
137	171	0.872566
137	172	1.63317
137	173	0.867155
137	174	0.864965
137	175	1.46906
137	177	0.860926
137	178	0.874946
137	179	0.857493
137	180	0.868783
138	13	0.812319
138	38	0.863815
138	52	0.849893
138	60	1.72546
138	65	0.826636
138	84	0.858989
138	89	0.849405
138	112	0.85429
138	120	0.841582
138	122	0.838691
138	124	1.49397
138	127	0.82654
138	128	0.859338
138	135	1.69793
138	137	0.836358
138	150	0.853385
138	158	0.852022
138	159	0.843759
138	160	0.844257
138	162	0.861139
138	164	0.854929
138	165	0.867753
138	166	0.850003
138	167	1.81853
138	168	0.861106
138	171	0.862132
138	173	0.85672
138	174	0.85453
138	175	1.75748
138	176	1.69887
138	177	0.850492
