1	2	0.410687
1	59	0.363132
1	69	0.420711
1	115	0.430727
1	163	1.45043
1	165	1.41488
1	167	0.332162
1	170	1.35761
1	173	1.38758
1	177	1.35688
1	178	1.26514
1	180	1.34201
2	1	0.410687
2	109	1.37403
2	115	1.37799
2	120	1.4276
2	122	1.39629
2	124	1.39626
2	146	0.580032
2	157	0.564097
2	163	0.619713
2	167	1.38452
2	169	0.584353
2	175	1.24404
3	6	1.43468
3	35	1.26815
3	76	1.36748
3	84	1.39696
3	94	1.33547
3	97	1.40666
3	99	1.40642
3	113	0.564775
3	132	0.570229
3	158	0.56368
3	160	0.570547
3	169	0.590124
4	19	1.38674
4	37	1.43352
4	38	1.43338
4	61	1.28906
4	68	1.36961
4	81	1.3473
4	96	1.35609
4	166	0.495778
4	170	0.607539
4	176	0.619063
4	179	0.505482
4	180	0.64053
5	80	1.36343
5	89	1.39178
5	93	1.4155
5	100	1.42083
5	125	0.505401
5	152	0.563687
5	163	0.592194
5	167	1.42455
5	171	0.538676
5	174	1.23072
5	175	0.660164
5	179	1.33774
6	3	1.43468
6	16	1.40506
6	72	1.35487
6	76	1.35409
6	84	1.38357
6	94	1.32208
6	113	0.568613
6	130	0.492262
6	139	1.34356
6	157	0.573707
6	160	0.574386
6	179	0.650116
7	30	0.636134
7	83	1.38485
7	85	1.37652
7	87	1.38292
7	104	1.32547
7	108	1.38239
7	113	1.38562
7	126	0.606673
7	151	0.464999
7	157	1.35918
7	160	0.54679
7	166	0.612816
8	45	1.38855
8	57	1.33211
8	63	1.42165
8	65	1.41274
8	67	1.26876
8	69	1.42327
8	126	0.631949
8	150	0.530906
8	151	0.490274
8	154	0.514545
8	169	1.33812
8	175	0.694972
9	70	0.468628
9	73	1.3411
9	79	1.42812
9	95	1.44502
9	136	0.464017
9	145	1.40529
9	160	1.35184
9	166	0.546734
9	169	1.34381
9	174	0.712714
9	177	0.659201
9	179	1.30241
10	43	1.44668
10	82	1.33552
10	90	1.44451
10	107	1.33831
10	112	1.35722
10	119	1.36382
10	126	0.389129
10	131	0.739636
10	140	0.318096
10	148	0.750363
10	167	1.36165
10	172	0.674694
11	37	1.4129
11	38	1.41276
11	40	1.23047
11	62	1.44106
11	81	1.32668
11	86	1.46117
11	96	1.33547
11	148	0.857693
11	150	0.416901
11	162	0.557234
11	164	0.552778
11	169	0.477636
12	20	1.30309
12	23	1.18426
12	32	1.41737
12	47	1.22117
12	54	1.04872
12	66	1.0932
12	74	1.17354
12	118	0.518412
12	157	1.17134
12	160	0.584415
12	168	0.87201
12	180	0.795192
13	28	1.36332
13	53	1.38603
13	85	1.38145
13	87	1.38785
13	104	1.33039
13	108	1.38731
13	110	0.522604
13	121	0.579801
13	131	0.541492
13	133	1.37999
13	144	0.643505
13	151	0.568812
14	50	1.27771
14	80	1.18133
14	89	1.20967
14	93	1.23339
14	100	1.23872
14	131	0.631684
14	151	0.659003
14	155	0.676737
14	163	0.795731
14	167	1.24244
14	174	1.04861
14	179	1.15563
15	52	1.39542
15	73	1.33547
15	79	1.42249
15	125	0.468943
15	147	0.506227
15	151	1.48686
15	160	1.34621
15	164	0.595517
15	168	0.788395
15	169	1.33818
15	171	0.502218
15	179	1.29678
16	6	1.40506
16	24	1.53993
16	35	1.23853
16	84	1.36734
16	94	1.30585
16	97	1.37704
16	99	1.37679
16	131	0.45364
16	146	0.578006
16	161	0.5782
16	163	0.617688
16	165	0.625426
17	35	1.27669
17	72	1.3768
17	76	1.37602
17	84	1.4055
17	85	0.330899
17	94	1.34401
17	97	1.4152
17	99	1.41495
17	136	0.507723
17	146	0.539669
17	169	0.54399
17	174	0.75642
18	88	1.2309
18	92	1.18318
18	111	1.22646
18	114	1.29203
18	128	1.23197
18	137	1.17811
18	138	1.21106
18	152	0.712115
18	155	0.621628
18	157	0.685006
18	165	0.74836
18	175	1.06017
19	4	1.38674
19	61	1.27633
19	62	1.44895
19	68	1.35688
19	81	1.33457
19	86	1.46906
19	96	1.34336
19	147	0.531056
19	155	0.461572
19	161	0.541078
19	162	0.624803
19	177	0.704122
20	12	1.30309
20	46	1.4143
20	47	1.45159
20	54	1.27915
20	66	1.32363
20	74	1.40396
20	113	0.516377
20	134	0.48679
20	149	0.517047
20	157	1.40177
20	175	0.645057
20	177	0.700643
21	82	1.36853
21	101	1.35195
21	107	1.37132
21	112	1.39023
21	119	1.39683
21	152	0.474336
21	160	1.35728
21	161	0.463356
21	166	0.513932
21	167	1.39466
21	170	0.625693
21	172	0.793355
22	30	0.61402
22	36	1.39742
22	51	1.3136
22	57	1.24734
22	63	1.33687
22	65	1.32797
22	67	1.18399
22	69	1.33849
22	132	0.524358
22	143	0.519006
22	169	1.25334
22	174	0.756683
22	175	0.647583
23	12	1.18426
23	26	1.51988
23	29	1.2959
23	46	1.29548
23	47	1.33277
23	66	1.2048
23	74	1.28514
23	121	0.539504
23	132	0.609988
23	157	1.28294
23	159	0.622167
23	165	0.672982
23	171	0.611725
24	16	1.53993
24	35	1.38963
24	72	1.48974
24	94	1.45695
24	97	1.52814
24	99	1.5279
24	134	0.453683
24	139	1.47843
24	144	0.481946
24	147	0.494471
24	161	0.504493
24	166	0.55507
24	177	0.667537
25	73	1.43601
25	79	1.52304
25	95	1.53993
25	105	0.66507
25	141	0.375208
25	145	1.50021
25	151	1.5874
25	152	0.435707
25	157	0.408598
25	169	1.43872
25	174	0.641284
25	179	1.39732
25	180	0.620055
26	23	1.51988
26	29	1.51992
26	46	1.5195
26	54	1.38434
26	66	1.42882
26	74	1.50915
26	139	0.463077
26	140	0.43993
26	155	0.387023
26	157	1.50696
26	173	0.57514
26	177	0.629572
26	180	0.661857
27	65	1.53011
27	67	1.38614
27	68	1.51207
27	96	1.49855
27	119	1.50307
27	150	0.421889
27	153	0.511214
27	157	0.462369
27	165	0.525724
27	167	1.5009
27	169	1.45549
27	175	0.585955
27	177	0.641541
28	13	1.36332
28	83	1.29491
28	85	1.28658
28	87	1.29298
28	104	1.23553
28	108	1.29245
28	113	1.29568
28	127	1.3349
28	163	0.563266
28	169	0.527905
28	176	0.69764
28	177	0.686822
28	179	0.584059
29	23	1.2959
29	26	1.51992
29	46	1.29552
29	47	1.33281
29	54	1.16036
29	66	1.20484
29	74	1.28517
29	141	0.545847
29	151	0.498126
29	154	0.522396
29	157	1.28298
29	164	0.674635
29	174	0.811923
30	7	0.636134
30	22	0.61402
30	38	0.631534
30	56	0.527464
30	72	1.20757
30	76	1.20679
30	94	1.17478
30	105	1.06408
30	130	1.35404
30	135	1.21808
30	137	1.19953
30	178	0.956088
30	180	1.03295
31	53	1.30462
31	83	1.30837
31	85	1.30004
31	87	1.30644
31	104	1.24898
31	108	1.3059
31	127	1.34836
31	148	0.41265
31	157	1.28269
31	170	0.68882
31	173	0.635094
31	175	0.63394
31	176	0.700345
32	12	1.41737
32	46	1.52859
32	47	1.56588
32	54	1.39343
32	66	1.43791
32	74	1.51825
32	148	0.411994
32	150	0.469218
32	152	0.536807
32	157	1.51605
32	166	0.576403
32	169	0.529954
32	175	0.633284
33	88	1.31396
33	103	1.28475
33	114	1.37508
33	123	1.29301
33	128	1.31503
33	135	1.27972
33	137	1.26117
33	138	1.29411
33	149	0.462603
33	170	0.645493
33	171	0.469125
33	172	0.813156
33	180	0.678484
34	53	1.39666
34	59	1.49926
34	83	1.40042
34	85	1.39208
34	87	1.39848
34	104	1.34103
34	108	1.39795
34	110	0.359005
34	133	1.39062
34	156	0.457524
34	163	0.541941
34	166	0.55303
34	172	0.832453
34	175	0.609911
35	3	1.26815
35	16	1.23853
35	17	1.27669
35	24	1.38963
35	72	1.18834
35	84	1.21705
35	97	1.22674
35	99	1.2265
35	126	1.17143
35	134	0.577
35	156	0.582881
35	171	0.613779
35	176	0.801672
35	179	0.688091
36	22	1.39742
36	45	1.4211
36	51	1.43092
36	57	1.36466
36	63	1.4542
36	67	1.30131
36	69	1.45582
36	139	0.504869
36	151	0.411081
36	154	0.435351
36	169	1.37066
36	173	0.616933
36	176	0.682183
36	180	0.70365
37	4	1.43352
37	11	1.4129
37	38	1.46743
37	40	1.28515
37	55	0.729348
37	61	1.32311
37	81	1.38136
37	86	1.51584
37	96	1.39014
37	125	0.469073
37	139	0.512927
37	146	0.516185
37	159	0.512791
37	162	0.600104
38	4	1.43338
38	11	1.41276
38	30	0.631534
38	37	1.46743
38	40	1.285
38	61	1.32297
38	81	1.38121
38	86	1.5157
38	96	1.39
38	150	0.501031
38	151	0.460399
38	154	0.48467
38	160	0.54219
38	164	0.636908
39	91	0.553869
39	106	1.4051
39	111	1.42665
39	114	1.49222
39	128	1.43216
39	135	1.39686
39	137	1.37831
39	138	1.41125
39	151	0.398367
39	153	0.528324
39	163	0.535095
39	170	0.657945
39	175	1.26036
39	176	0.669469
40	11	1.23047
40	37	1.28515
40	38	1.285
40	61	1.14068
40	62	1.3133
40	68	1.22123
40	71	0.579447
40	81	1.19893
40	86	1.33341
40	96	1.20771
40	136	0.657499
40	151	0.592399
40	165	0.736865
40	171	0.675608
41	82	1.5971
41	101	1.58052
41	107	1.59989
41	112	1.6188
41	119	1.6254
41	140	0.467841
41	141	0.44492
41	146	0.494245
41	149	0.473886
41	157	0.478311
41	160	1.58585
41	163	0.533926
41	165	0.541665
41	167	1.62324
42	60	1.40848
42	80	1.38712
42	89	1.41546
42	100	1.44451
42	121	0.383529
42	145	1.4643
42	148	0.355947
42	167	1.44823
42	168	0.741926
42	169	0.473907
42	174	1.2544
42	175	0.577237
42	178	0.825168
42	179	1.36142
43	10	1.44668
43	55	0.594621
43	82	1.37631
43	90	1.4853
43	101	1.35973
43	107	1.3791
43	112	1.39801
43	119	1.40461
43	153	0.414369
43	167	1.40245
43	174	0.59821
43	176	0.555515
43	178	0.737041
43	179	0.441934
44	50	1.48171
44	60	1.40669
44	80	1.38534
44	89	1.41368
44	100	1.44273
44	136	0.532684
44	143	0.543704
44	154	0.491854
44	158	0.542507
44	161	0.564824
44	167	1.44645
44	174	1.25262
44	175	0.672281
44	179	1.35964
45	8	1.38855
45	36	1.4211
45	51	1.33728
45	57	1.27102
45	63	1.36056
45	65	1.35165
45	67	1.20767
45	69	1.36218
45	70	0.517541
45	71	0.434878
45	91	0.603331
45	150	0.488461
45	163	0.584557
45	169	1.27702
45	178	0.900458
46	20	1.4143
46	23	1.29548
46	26	1.5195
46	29	1.29552
46	32	1.52859
46	54	1.15993
46	66	1.20441
46	74	1.28475
46	141	0.494997
46	157	1.28256
46	159	0.540927
46	164	0.623784
46	171	0.530485
46	175	0.651973
46	177	0.707559
47	12	1.22117
47	20	1.45159
47	23	1.33277
47	29	1.33281
47	32	1.56588
47	54	1.19723
47	66	1.24171
47	74	1.32204
47	139	0.523664
47	151	0.429876
47	156	0.482187
47	157	1.31985
47	171	0.513086
47	172	0.857116
47	174	0.743673
48	50	1.41101
48	60	1.33599
48	80	1.31463
48	89	1.34297
48	93	1.36669
48	100	1.37202
48	130	0.490248
48	141	0.538302
48	149	0.567269
48	153	0.620538
48	160	0.572372
48	167	1.37574
48	174	1.18191
48	176	0.761683
48	179	1.28893
49	58	0.471443
49	76	1.31765
49	90	1.41578
49	95	1.38871
49	97	1.35683
49	99	1.35659
49	112	1.32848
49	119	1.33509
49	121	0.489423
49	147	0.565652
49	157	0.559546
49	158	0.553357
49	169	1.2875
49	172	0.905674
49	179	1.2461
50	14	1.27771
50	44	1.48171
50	48	1.41101
50	80	1.29156
50	93	1.34363
50	121	0.515856
50	129	1.40086
50	146	0.601913
50	152	0.613087
50	158	0.57979
50	160	0.586658
50	166	0.652684
50	167	1.35268
50	174	1.15885
50	179	1.26587
51	22	1.3136
51	36	1.43092
51	45	1.33728
51	57	1.28084
51	63	1.37037
51	65	1.36147
51	67	1.21749
51	69	1.37199
51	147	0.510919
51	154	0.447971
51	162	0.604666
51	169	1.28684
51	176	0.694803
51	179	0.581223
51	180	0.71627
52	15	1.39542
52	73	1.28111
52	79	1.36813
52	95	1.38503
52	131	1.42394
52	145	1.3453
52	153	0.561636
52	156	0.48399
52	157	0.512791
52	160	1.29185
52	165	0.576146
52	169	1.28382
52	177	0.691963
52	179	1.24242
52	180	0.724248
53	13	1.38603
53	31	1.30462
53	34	1.39666
53	59	1.41647
53	87	1.31569
53	104	1.25824
53	108	1.31516
53	113	1.31839
53	132	0.5967
53	143	0.591348
53	148	0.498635
53	157	1.29195
53	160	0.597018
53	161	0.612468
53	165	0.659694
54	12	1.04872
54	20	1.27915
54	26	1.38434
54	29	1.16036
54	32	1.39343
54	46	1.15993
54	47	1.19723
54	66	1.06926
54	70	0.60155
54	74	1.14959
54	155	0.549573
54	157	1.1474
54	171	0.615049
54	172	0.959079
54	175	0.736537
55	37	0.729348
55	43	0.594621
55	106	0.794186
55	112	0.701492
55	136	1.18105
55	143	1.1898
55	155	1.27139
55	156	1.20735
55	163	1.09494
55	171	1.12989
55	173	1.03209
55	176	0.996851
55	177	1.00139
55	178	0.909656
55	180	0.986521
56	30	0.527464
56	78	1.44772
56	109	1.34659
56	115	1.35055
56	116	1.35626
56	120	1.40016
56	122	1.36884
56	124	1.36882
56	152	0.464549
56	161	0.453569
56	168	0.725715
56	172	0.783569
56	174	1.16324
56	175	1.2166
56	179	0.51385
57	8	1.33211
57	22	1.24734
57	36	1.36466
57	45	1.27102
57	51	1.28084
57	58	0.507168
57	63	1.30411
57	65	1.29521
57	67	1.15123
57	69	1.30573
57	150	0.554791
57	159	0.607811
57	164	0.690668
57	166	0.661976
57	169	1.22058
57	173	0.720011
58	49	0.471443
58	57	0.507168
58	82	0.494309
58	91	1.33151
58	101	0.504047
58	124	0.464268
58	153	1.37587
58	154	1.47128
58	165	1.28724
58	166	1.32337
58	167	0.397469
58	172	1.15827
58	173	1.25994
58	176	1.2247
58	178	1.1375
58	180	1.21437
59	1	0.363132
59	34	1.49926
59	53	1.41647
59	83	1.42022
59	85	1.41189
59	87	1.41829
59	104	1.36083
59	108	1.41775
59	127	1.46021
59	142	0.579507
59	143	0.511551
59	156	0.487741
59	157	1.39454
59	161	0.53267
59	173	0.641282
59	175	0.640128
60	42	1.40848
60	44	1.40669
60	48	1.33599
60	89	1.24489
60	93	1.26861
60	100	1.27394
60	118	0.417764
60	126	0.54365
60	145	1.29373
60	167	1.27766
60	174	1.08383
60	175	0.606674
60	176	0.673078
60	177	0.66226
60	178	0.854604
60	179	1.19085
61	4	1.28906
61	19	1.27633
61	37	1.32311
61	38	1.32297
61	40	1.14068
61	62	1.35126
61	68	1.25919
61	81	1.23689
61	86	1.37138
61	96	1.24568
61	151	0.49192
61	152	0.600141
61	158	0.566844
61	170	0.751498
61	175	0.696618
61	179	0.649442
62	11	1.44106
62	19	1.44895
62	40	1.3133
62	61	1.35126
62	68	1.43181
62	81	1.40951
62	86	1.54399
62	96	1.4183
62	113	0.569408
62	117	0.450979
62	118	1.44656
62	121	0.504379
62	125	0.543324
62	155	0.511124
62	158	0.568313
62	173	0.699241
63	8	1.42165
63	22	1.33687
63	36	1.4542
63	45	1.36056
63	51	1.37037
63	57	1.30411
63	65	1.38474
63	67	1.24077
63	69	1.39527
63	132	0.501856
63	148	0.403791
63	160	0.502175
63	162	0.601349
63	169	1.31012
63	170	0.679962
63	173	0.626236
63	174	0.734181
64	77	1.28778
64	98	1.19491
64	109	1.24738
64	115	1.25134
64	116	1.25704
64	120	1.30095
64	122	1.26963
64	124	1.2696
64	126	1.22646
64	130	0.547208
64	141	0.595263
64	147	0.63476
64	154	0.571812
64	156	0.599852
64	167	1.25786
64	174	1.06403
64	178	1.00017
65	8	1.41274
65	22	1.32797
65	27	1.53011
65	45	1.35165
65	51	1.36147
65	57	1.29521
65	63	1.38474
65	67	1.23186
65	69	1.38636
65	126	0.544915
65	131	0.375921
65	134	0.449672
65	162	0.584206
65	165	0.547707
65	169	1.30121
65	172	0.830481
65	174	0.717038
66	12	1.0932
66	20	1.32363
66	23	1.2048
66	26	1.42882
66	29	1.20484
66	32	1.43791
66	46	1.20441
66	47	1.24171
66	54	1.06926
66	74	1.19407
66	105	0.88409
66	110	0.500299
66	118	0.562295
66	139	0.640295
66	157	1.19188
66	162	0.727472
66	171	0.629716
67	8	1.26876
67	22	1.18399
67	27	1.38614
67	36	1.30131
67	45	1.20767
67	51	1.21749
67	57	1.15123
67	63	1.24077
67	65	1.23186
67	69	1.24239
67	110	0.585528
67	118	0.647525
67	134	0.678167
67	140	0.702378
67	141	0.679458
67	154	0.656006
67	169	1.15723
68	4	1.36961
68	19	1.35688
68	27	1.51207
68	40	1.22123
68	61	1.25919
68	62	1.43181
68	81	1.31744
68	86	1.45193
68	96	1.32623
68	105	0.79613
68	118	1.35449
68	130	0.458214
68	131	0.431227
68	152	0.566767
68	156	0.510858
68	169	0.559914
68	177	0.718831
69	1	0.420711
69	8	1.42327
69	22	1.33849
69	36	1.45582
69	45	1.36218
69	51	1.37199
69	57	1.30573
69	63	1.39527
69	65	1.38636
69	67	1.24239
69	71	0.480057
69	131	0.465689
69	136	0.558109
69	153	0.622966
69	169	1.31174
69	171	0.576219
69	174	0.806806
70	9	0.468628
70	45	0.517541
70	54	0.60155
70	79	0.50677
70	89	0.537531
70	103	0.494201
70	159	1.33536
70	163	1.31129
70	164	1.26991
70	168	1.17078
70	170	1.21847
70	171	1.34625
70	172	1.14678
70	176	1.2132
70	177	1.21774
70	178	1.12601
70	180	1.20287
71	40	0.579447
71	45	0.434878
71	69	0.480057
71	78	0.399039
71	101	0.498086
71	128	0.454455
71	158	1.44925
71	163	1.36561
71	166	1.36619
71	167	0.391509
71	168	1.2251
71	170	1.27279
71	171	1.40056
71	173	1.30276
71	176	1.26752
71	177	1.27206
71	178	1.18032
71	180	1.25719
72	6	1.35487
72	17	1.3768
72	24	1.48974
72	30	1.20757
72	35	1.18834
72	76	1.28767
72	84	1.31715
72	94	1.25566
72	97	1.32685
72	99	1.32661
72	125	0.522717
72	131	0.445463
72	139	1.27714
72	165	0.61725
72	169	0.574151
72	170	0.732361
72	173	0.678635
72	175	0.677481
73	9	1.3411
73	15	1.33547
73	25	1.43601
73	52	1.28111
73	79	1.30819
73	95	1.32509
73	110	0.430483
73	131	1.364
73	140	0.547333
73	141	0.524413
73	149	0.553379
73	151	1.37255
73	160	1.2319
73	162	0.657657
73	169	1.22387
73	174	0.790489
73	177	0.736975
73	179	1.18248
74	12	1.17354
74	20	1.40396
74	23	1.28514
74	26	1.50915
74	29	1.28517
74	32	1.51825
74	46	1.28475
74	47	1.32204
74	54	1.14959
74	66	1.19407
74	121	0.467034
74	131	0.428725
74	148	0.439452
74	157	1.27221
74	168	0.825431
74	170	0.715622
74	173	0.661896
74	177	0.716329
75	98	1.41316
75	109	1.46563
75	115	1.46959
75	116	1.47529
75	120	1.5192
75	122	1.48788
75	124	1.48785
75	142	0.482901
75	150	0.379455
75	161	0.436064
75	163	0.475551
75	167	1.47611
75	170	0.598401
75	173	0.544675
75	174	1.28228
75	175	1.33564
75	178	0.791452
75	180	0.631393
76	3	1.36748
76	6	1.35409
76	17	1.37602
76	30	1.20679
76	49	1.31765
76	72	1.28767
76	84	1.31637
76	94	1.25488
76	97	1.32607
76	99	1.32583
76	113	0.569259
76	126	1.27075
76	134	0.539671
76	148	0.476648
76	156	0.545551
76	169	0.594608
76	171	0.57645
76	178	0.945869
77	64	1.28778
77	98	1.28438
77	109	1.33685
77	115	1.34081
77	116	1.34652
77	120	1.39042
77	122	1.3591
77	124	1.35907
77	130	0.561106
77	131	0.534119
77	141	0.609161
77	149	0.638127
77	155	0.579173
77	159	0.655091
77	167	1.34734
77	169	0.662807
77	174	1.1535
77	175	1.20686
78	56	1.44772
78	71	0.399039
78	98	1.34511
78	105	0.749574
78	115	1.40153
78	116	1.40724
78	120	1.45114
78	122	1.41983
78	124	1.4198
78	141	0.459712
78	145	1.42413
78	146	0.509037
78	157	0.493103
78	163	0.548719
78	167	1.40806
78	174	1.21423
78	175	1.26758
78	179	0.569512
78	180	0.70456
79	9	1.42812
79	15	1.42249
79	25	1.52304
79	52	1.36813
79	70	0.50677
79	73	1.30819
79	95	1.41211
79	118	0.452847
79	121	0.448048
79	125	0.486993
79	145	1.37238
79	147	0.524277
79	151	1.45957
79	158	0.511982
79	160	1.31893
79	168	0.806445
79	169	1.3109
79	176	0.708161
79	179	1.2695
80	5	1.36343
80	14	1.18133
80	42	1.38712
80	44	1.38534
80	48	1.31463
80	50	1.29156
80	93	1.24725
80	100	1.25258
80	142	0.623816
80	143	0.55586
80	145	1.27237
80	164	0.656248
80	165	0.624205
80	167	1.2563
80	170	0.739317
80	171	0.562949
80	174	1.06247
80	175	0.684437
80	179	1.16949
81	4	1.3473
81	11	1.32668
81	19	1.33457
81	37	1.38136
81	38	1.38121
81	40	1.19893
81	61	1.23689
81	62	1.40951
81	68	1.31744
81	86	1.42962
81	96	1.30392
81	118	1.33219
81	144	0.487793
81	154	0.43737
81	166	0.560916
81	168	0.782486
81	171	0.496309
81	174	0.726897
81	177	0.673383
81	179	0.570621
82	10	1.33552
82	21	1.36853
82	41	1.5971
82	43	1.37631
82	58	0.494309
82	90	1.37414
82	101	1.24857
82	107	1.26794
82	110	0.455092
82	112	1.28685
82	117	0.458889
82	119	1.29345
82	129	1.33947
82	159	0.594952
82	160	1.2539
82	162	0.682265
82	166	0.649117
82	167	1.29129
82	169	0.602667
82	175	0.705998
83	7	1.38485
83	28	1.29491
83	31	1.30837
83	34	1.40042
83	59	1.42022
83	85	1.31305
83	87	1.31945
83	104	1.26199
83	108	1.31891
83	117	0.466302
83	118	0.524501
83	127	1.36137
83	133	1.31159
83	136	0.573813
83	150	0.549344
83	156	0.561024
83	157	1.2957
83	160	0.590504
83	164	0.685222
83	176	0.779815
84	3	1.39696
84	6	1.38357
84	16	1.36734
84	17	1.4055
84	35	1.21705
84	72	1.31715
84	76	1.31637
84	94	1.28436
84	97	1.35555
84	99	1.35531
84	113	0.490846
84	126	1.30024
84	139	1.30585
84	144	0.489521
84	155	0.432562
84	164	0.591336
84	166	0.562645
84	175	0.619525
84	176	0.68593
84	178	0.867456
85	7	1.37652
85	13	1.38145
85	17	0.330899
85	28	1.28658
85	31	1.30004
85	34	1.39208
85	59	1.41189
85	83	1.31305
85	87	1.31111
85	104	1.25366
85	108	1.31058
85	127	1.35303
85	133	1.30325
85	147	0.527656
85	153	0.570394
85	163	0.577165
85	164	0.616946
85	171	0.523647
85	178	0.893066
85	179	0.597959
86	11	1.46117
86	19	1.46906
86	37	1.51584
86	38	1.5157
86	40	1.33341
86	61	1.37138
86	62	1.54399
86	68	1.45193
86	81	1.42962
86	96	1.43841
86	113	0.505225
86	117	0.386796
86	118	1.46667
86	142	0.573284
86	149	0.505894
86	154	0.453477
86	161	0.526447
86	165	0.573673
86	179	0.586728
86	180	0.721776
87	7	1.38292
87	13	1.38785
87	28	1.29298
87	31	1.30644
87	34	1.39848
87	53	1.31569
87	59	1.41829
87	83	1.31945
87	85	1.31111
87	104	1.26006
87	108	1.31698
87	118	0.50513
87	136	0.554441
87	142	0.633418
87	149	0.566029
87	151	0.489341
87	157	1.29377
87	159	0.582993
87	177	0.749625
87	179	0.646863
88	18	1.2309
88	33	1.31396
88	102	1.34181
88	106	1.35195
88	111	1.3735
88	114	1.43907
88	117	0.480301
88	123	1.357
88	128	1.37901
88	135	1.3437
88	137	1.32515
88	138	1.3581
88	140	0.593354
88	143	0.598833
88	148	0.506119
88	149	0.599399
88	152	0.630932
88	171	0.605921
88	173	0.728563
88	175	1.20721
89	5	1.39178
89	14	1.20967
89	42	1.41546
89	44	1.41368
89	48	1.34297
89	60	1.24489
89	70	0.537531
89	93	1.27559
89	100	1.28092
89	129	1.33282
89	136	0.53292
89	139	0.561608
89	145	1.30071
89	156	0.520131
89	158	0.542743
89	160	0.549611
89	167	1.28464
89	168	0.837206
89	174	1.09081
89	179	1.19783
89	180	0.760388
90	10	1.44451
90	43	1.4853
90	49	1.41578
90	82	1.37414
90	101	1.35756
90	107	1.37693
90	112	1.39584
90	113	1.40302
90	119	1.40244
90	132	0.483001
90	133	1.39246
90	142	0.545605
90	144	0.476222
90	149	0.478216
90	160	1.36289
90	163	0.538256
90	166	0.549345
90	167	1.40028
90	175	0.606226
90	177	0.661812
90	180	0.694097
91	39	0.553869
91	45	0.603331
91	58	1.33151
91	106	0.639479
91	116	0.620194
91	122	0.616695
91	126	1.21405
91	132	1.28395
91	144	1.25937
91	145	0.603324
91	161	1.25572
91	166	1.16534
91	168	1.02425
91	170	1.07194
91	171	1.19972
91	172	1.00025
91	176	1.06667
91	177	1.07121
91	178	0.979478
91	180	1.05634
92	18	1.18318
92	102	1.29408
92	103	1.30101
92	106	1.30423
92	111	1.32578
92	114	1.39134
92	123	1.30927
92	128	1.33129
92	129	1.34814
92	130	0.535324
92	135	1.29598
92	137	1.27743
92	138	1.31037
92	141	0.583379
92	143	0.611778
92	148	0.519065
92	159	0.629309
92	165	0.680124
92	166	0.683474
92	175	1.15948
92	179	0.693179
93	5	1.4155
93	14	1.23339
93	48	1.36669
93	50	1.34363
93	60	1.26861
93	80	1.24725
93	89	1.27559
93	100	1.30464
93	110	0.494923
93	118	0.55692
93	129	1.35655
93	145	1.32443
93	151	0.541132
93	153	0.671088
93	159	0.634784
93	162	0.722097
93	163	0.677859
93	167	1.30837
93	171	0.624341
93	174	1.11453
93	179	1.22155
94	3	1.33547
94	6	1.32208
94	16	1.30585
94	17	1.34401
94	24	1.45695
94	30	1.17478
94	72	1.25566
94	76	1.25488
94	84	1.28436
94	97	1.29406
94	99	1.29382
94	113	0.589709
94	117	0.47128
94	126	1.23874
94	139	1.24435
94	140	0.584333
94	146	0.610737
94	157	0.594803
94	163	0.650419
94	171	0.596901
94	174	0.827489
95	9	1.44502
95	25	1.53993
95	49	1.38871
95	52	1.38503
95	73	1.32509
95	79	1.41211
95	118	0.47872
95	125	0.512866
95	131	1.46792
95	145	1.38928
95	151	1.47647
95	154	0.487202
95	156	0.515243
95	157	0.544043
95	158	0.537855
95	160	1.33583
95	161	0.560172
95	166	0.610748
95	169	1.3278
95	174	0.776729
95	179	1.2864
96	4	1.35609
96	11	1.33547
96	19	1.34336
96	27	1.49855
96	37	1.39014
96	38	1.39
96	40	1.20771
96	61	1.24568
96	62	1.4183
96	68	1.32623
96	81	1.30392
96	86	1.43841
96	113	0.502995
96	118	1.34097
96	132	0.508449
96	139	0.520764
96	146	0.524023
96	166	0.574793
96	169	0.528344
96	172	0.854216
96	175	0.631674
96	179	0.584498
97	3	1.40666
97	16	1.37704
97	17	1.4152
97	24	1.52814
97	35	1.22674
97	49	1.35683
97	72	1.32685
97	76	1.32607
97	84	1.35555
97	94	1.29406
97	99	1.36501
97	126	1.30993
97	139	1.31554
97	151	0.428833
97	152	0.537054
97	155	0.446567
97	160	0.510624
97	163	0.565561
97	169	0.530201
97	172	0.856073
97	173	0.634685
97	180	0.721402
98	64	1.19491
98	75	1.41316
98	77	1.28438
98	78	1.34511
98	109	1.24398
98	115	1.24794
98	116	1.25365
98	120	1.29755
98	122	1.26623
98	124	1.26621
98	134	0.61012
98	139	0.657478
98	142	0.707767
98	148	0.547097
98	151	1.35773
98	156	0.616001
98	160	0.64548
98	166	0.711507
98	167	1.25447
98	171	0.646899
98	174	1.06063
98	175	1.11399
99	3	1.40642
99	16	1.37679
99	17	1.41495
99	24	1.5279
99	35	1.2265
99	49	1.35659
99	72	1.32661
99	76	1.32583
99	84	1.35531
99	94	1.29382
99	97	1.36501
99	113	0.522794
99	126	1.30969
99	139	1.3153
99	142	0.590853
99	143	0.522896
99	149	0.523463
99	155	0.46451
99	158	0.521699
99	171	0.529985
99	173	0.652627
99	178	0.899404
100	5	1.42083
100	14	1.23872
100	42	1.44451
100	44	1.44273
100	48	1.37202
100	60	1.27394
100	80	1.25258
100	89	1.28092
100	93	1.30464
100	110	0.478943
100	125	0.575086
100	126	0.666826
100	129	1.36188
100	140	0.595794
100	144	0.599845
100	145	1.32976
100	150	0.565783
100	153	0.655108
100	161	0.622392
100	165	0.669618
100	167	1.31369
100	174	1.11986
100	179	1.22688
101	21	1.35195
101	41	1.58052
101	43	1.35973
101	58	0.504047
101	71	0.498086
101	82	1.24857
101	90	1.35756
101	107	1.25136
101	112	1.27027
101	113	1.27745
101	119	1.27687
101	127	1.31667
101	129	1.32288
101	132	0.59251
101	133	1.26689
101	140	0.58168
101	147	0.598256
101	157	0.59215
101	159	0.60469
101	160	1.23732
101	165	0.655504
101	167	1.2747
101	169	0.612405
102	88	1.34181
102	92	1.29408
102	103	1.3126
102	106	1.31582
102	111	1.33736
102	114	1.40293
102	123	1.32086
102	125	0.507146
102	127	1.35351
102	128	1.34288
102	133	1.30373
102	135	1.30757
102	137	1.28902
102	138	1.32196
102	140	0.527854
102	157	0.538324
102	164	0.633721
102	166	0.605029
102	170	0.71679
102	171	0.540422
102	175	1.17107
102	179	0.614734
102	180	0.749781
103	33	1.28475
103	70	0.494201
103	92	1.30101
103	102	1.3126
103	106	1.32275
103	111	1.34429
103	114	1.40986
103	118	1.34439
103	123	1.32779
103	128	1.34981
103	135	1.3145
103	137	1.29595
103	138	1.32889
103	139	1.29269
103	146	0.521536
103	153	0.554446
103	164	0.600998
103	165	0.568956
103	166	0.572306
103	174	0.738287
103	175	1.178
103	176	0.695592
103	179	0.582011
104	7	1.32547
104	13	1.33039
104	28	1.23553
104	31	1.24898
104	34	1.34103
104	53	1.25824
104	59	1.36083
104	83	1.26199
104	85	1.25366
104	87	1.26006
104	108	1.25952
104	113	1.26275
104	127	1.30198
104	133	1.2522
104	140	0.520705
104	148	0.433471
104	157	1.23631
104	160	0.531854
104	161	0.547304
104	166	0.59788
104	170	0.709641
104	175	0.654761
104	178	0.902692
104	180	0.742632
105	25	0.66507
105	30	1.06408
105	66	0.88409
105	68	0.79613
105	78	0.749574
105	112	0.728866
105	125	1.26944
105	129	0.792565
105	140	1.20139
105	146	1.1803
105	152	1.17151
105	153	1.13183
105	160	1.12205
105	161	1.16971
105	166	1.07933
105	168	0.938237
105	170	0.98593
105	171	1.1137
105	172	0.914234
105	173	1.0159
105	176	0.980659
105	177	0.985198
105	178	0.893463
105	180	0.970329
106	39	1.4051
106	55	0.794186
106	88	1.35195
106	91	0.639479
106	92	1.30423
106	102	1.31582
106	103	1.32275
106	110	0.437769
106	111	1.34751
106	114	1.41307
106	118	1.3476
106	123	1.331
106	128	1.35302
106	129	1.36987
106	135	1.31771
106	137	1.29916
106	138	1.33211
106	143	0.560098
106	150	0.524609
106	154	0.508248
106	155	0.501711
106	158	0.558901
106	160	0.565768
106	175	1.18121
106	179	0.641499
107	10	1.33831
107	21	1.37132
107	41	1.59989
107	43	1.3791
107	82	1.26794
107	90	1.37693
107	101	1.25136
107	112	1.28964
107	113	1.29682
107	119	1.29624
107	127	1.33604
107	129	1.34225
107	133	1.28626
107	134	0.529019
107	139	0.576376
107	140	0.55323
107	143	0.558709
107	154	0.506858
107	157	0.5637
107	159	0.57624
107	160	1.25669
107	167	1.29407
107	171	0.565798
107	173	0.68844
107	174	0.796385
108	7	1.38239
108	13	1.38731
108	28	1.29245
108	31	1.3059
108	34	1.39795
108	53	1.31516
108	59	1.41775
108	83	1.31891
108	85	1.31058
108	87	1.31698
108	104	1.25952
108	113	1.31967
108	127	1.3589
108	133	1.30912
108	144	0.538521
108	146	0.560873
108	151	0.463827
108	155	0.481561
108	157	1.29323
108	158	0.53875
108	160	0.545618
108	168	0.833213
108	169	0.565194
108	170	0.723405
108	175	0.668525
109	2	1.37403
109	56	1.34659
109	64	1.24738
109	75	1.46563
109	77	1.33685
109	98	1.24398
109	115	1.30041
109	116	1.30612
109	117	0.418898
109	120	1.35002
109	121	0.472298
109	122	1.3187
109	124	1.31867
109	126	1.27553
109	145	1.323
109	149	0.537997
109	161	0.55855
109	162	0.642275
109	164	0.637818
109	167	1.30694
109	170	0.720887
109	173	0.667161
109	174	1.1131
109	175	1.16646
109	177	0.721593
109	180	0.753878
110	13	0.522604
110	34	0.359005
110	66	0.500299
110	67	0.585528
110	73	0.430483
110	82	0.455092
110	93	0.494923
110	100	0.478943
110	106	0.437769
110	133	0.389716
110	141	1.54277
110	146	1.52287
110	159	1.44538
110	162	1.39349
110	165	1.38577
110	166	1.42189
110	167	0.358252
110	169	1.45658
110	170	1.32849
110	171	1.45627
110	172	1.2568
110	173	1.35846
110	176	1.32322
110	177	1.32776
110	178	1.23603
110	180	1.31289
111	18	1.22646
111	39	1.42665
111	88	1.3735
111	92	1.32578
111	102	1.33736
111	103	1.34429
111	106	1.34751
111	114	1.43462
111	123	1.35255
111	125	0.504363
111	126	0.596103
111	128	1.37457
111	129	1.39142
111	130	0.454095
111	131	1.43794
111	135	1.33926
111	137	1.32071
111	138	1.35365
111	144	0.529122
111	150	0.49506
111	153	0.584385
111	159	0.548081
111	161	0.551669
111	164	0.630937
111	175	1.20276
111	178	0.907057
111	179	0.61195
112	10	1.35722
112	21	1.39023
112	41	1.6188
112	43	1.39801
112	49	1.32848
112	55	0.701492
112	82	1.28685
112	90	1.39584
112	101	1.27027
112	105	0.728866
112	107	1.28964
112	113	1.31573
112	119	1.31515
112	126	0.532957
112	127	1.35495
112	129	1.36117
112	133	1.30517
112	146	0.488329
112	147	0.478501
112	150	0.431914
112	160	1.2756
112	162	0.572248
112	164	0.567792
112	165	0.535749
112	166	0.5391
112	167	1.31299
112	177	0.651567
113	3	0.564775
113	6	0.568613
113	7	1.38562
113	20	0.516377
113	28	1.29568
113	53	1.31839
113	62	0.569408
113	76	0.569259
113	84	0.490846
113	86	0.505225
113	90	1.40302
113	94	0.589709
113	96	0.502995
113	99	0.522794
113	101	1.27745
113	104	1.26275
113	107	1.29682
113	108	1.31967
113	112	1.31573
113	119	1.32233
113	150	1.41525
113	157	1.29646
113	171	1.27443
113	172	1.07496
113	177	1.14592
113	178	1.05419
113	180	1.13106
114	18	1.29203
114	33	1.37508
114	39	1.49222
114	88	1.43907
114	92	1.39134
114	102	1.40293
114	103	1.40986
114	106	1.41307
114	111	1.43462
114	123	1.41812
114	126	0.574757
114	128	1.44014
114	130	0.432749
114	133	1.40099
114	135	1.40483
114	137	1.38628
114	138	1.41922
114	142	0.577159
114	146	0.530129
114	155	0.450816
114	158	0.508006
114	159	0.526734
114	164	0.609591
114	169	0.53445
114	170	0.69266
114	171	0.516292
114	174	0.74688
114	175	1.26833
115	1	0.430727
115	2	1.37799
115	56	1.35055
115	64	1.25134
115	75	1.46959
115	77	1.34081
115	78	1.40153
115	98	1.24794
115	109	1.30041
115	116	1.31008
115	120	1.35398
115	122	1.32266
115	124	1.32263
115	130	0.502692
115	131	0.475705
115	144	0.577719
115	145	1.32696
115	151	1.41415
115	154	0.527296
115	157	0.584137
115	159	0.596677
115	164	0.679534
115	167	1.31089
115	173	0.708877
115	174	1.11706
115	175	1.17042
115	176	0.774128
115	179	0.660547
116	56	1.35626
116	64	1.25704
116	75	1.47529
116	77	1.34652
116	78	1.40724
116	91	0.620194
116	98	1.25365
116	109	1.30612
116	115	1.31008
116	117	0.422282
116	120	1.35968
116	122	1.32837
116	124	1.32834
116	126	1.2852
116	132	0.546165
116	145	1.33267
116	151	1.41986
116	154	0.488963
116	156	0.517004
116	160	0.546484
116	163	0.60142
116	167	1.3166
116	169	0.56606
116	173	0.670544
116	174	1.12277
116	175	1.17612
116	178	0.917321
116	179	0.622214
117	62	0.450979
117	82	0.458889
117	83	0.466302
117	86	0.386796
117	88	0.480301
117	94	0.47128
117	109	0.418898
117	116	0.422282
117	122	0.418782
117	123	0.459854
117	137	0.393543
117	138	0.397006
117	142	1.47861
117	149	1.55637
117	153	1.50101
117	163	1.44793
117	164	1.40655
117	165	1.41238
117	166	1.44851
117	168	1.30742
117	170	1.35511
117	171	1.48288
117	172	1.28341
117	173	1.38508
117	176	1.34984
117	177	1.35438
117	178	1.26264
117	180	1.33951
118	12	0.518412
118	60	0.417764
118	62	1.44656
118	66	0.562295
118	67	0.647525
118	68	1.35449
118	79	0.452847
118	81	1.33219
118	83	0.524501
118	86	1.46667
118	87	0.50513
118	93	0.55692
118	95	0.47872
118	96	1.34097
118	103	1.34439
118	106	1.3476
118	123	1.35264
118	124	0.487047
118	128	1.37466
118	137	1.3208
118	138	1.35375
118	145	0.463611
118	171	1.2976
118	172	1.09813
118	173	1.19979
118	174	1.1495
118	176	1.16455
118	178	1.07736
118	180	1.15422
119	10	1.36382
119	21	1.39683
119	27	1.50307
119	41	1.6254
119	43	1.40461
119	49	1.33509
119	82	1.29345
119	90	1.40244
119	101	1.27687
119	107	1.29624
119	112	1.31515
119	113	1.32233
119	127	1.36156
119	129	1.36777
119	133	1.31177
119	141	0.502086
119	142	0.598442
119	146	0.551411
119	151	0.454365
119	155	0.472099
119	157	0.535477
119	159	0.548017
119	160	1.2822
119	161	0.551605
119	167	1.31959
119	171	0.537575
119	174	0.768162
119	175	0.659063
119	177	0.714649
120	2	1.4276
120	56	1.40016
120	64	1.30095
120	75	1.5192
120	77	1.39042
120	78	1.45114
120	98	1.29755
120	109	1.35002
120	115	1.35398
120	116	1.35968
120	122	1.37227
120	124	1.37224
120	130	0.434176
120	131	0.407189
120	132	0.515982
120	139	0.528297
120	145	1.37657
120	151	1.46376
120	153	0.564466
120	156	0.48682
120	158	0.509432
120	160	0.5163
120	163	0.571237
120	167	1.3605
120	168	0.803896
120	172	0.861749
120	174	1.16667
120	175	1.22003
120	176	0.705612
121	13	0.579801
121	23	0.539504
121	42	0.383529
121	49	0.489423
121	50	0.515856
121	62	0.504379
121	74	0.467034
121	79	0.448048
121	109	0.472298
121	127	0.404074
121	129	0.465971
121	134	1.47702
121	138	0.450406
121	144	1.44278
121	154	1.49666
121	156	1.46057
121	158	1.43181
121	159	1.37223
121	163	1.34817
121	164	1.30679
121	165	1.31262
121	166	1.34875
121	168	1.20766
121	170	1.25535
121	171	1.38312
121	172	1.18365
121	173	1.28532
121	177	1.25462
121	178	1.16288
121	180	1.23975
122	2	1.39629
122	56	1.36884
122	64	1.26963
122	75	1.48788
122	77	1.3591
122	78	1.41983
122	91	0.616695
122	98	1.26623
122	109	1.3187
122	115	1.32266
122	116	1.32837
122	117	0.418782
122	120	1.37227
122	124	1.34093
122	126	1.29779
122	136	0.526294
122	139	0.554981
122	144	0.535887
122	145	1.34525
122	150	0.501825
122	151	1.43245
122	155	0.478927
122	156	0.513504
122	167	1.32919
122	173	0.667045
122	174	1.13535
122	175	1.18871
122	176	0.732296
122	179	0.618715
122	180	0.753762
123	33	1.29301
123	88	1.357
123	92	1.30927
123	102	1.32086
123	103	1.32779
123	106	1.331
123	111	1.35255
123	114	1.41812
123	117	0.459854
123	118	1.35264
123	127	1.3687
123	128	1.35807
123	131	1.42144
123	133	1.31892
123	135	1.32276
123	137	1.30421
123	138	1.33715
123	139	1.30095
123	142	0.646342
123	144	0.576959
123	148	0.485673
123	150	0.542897
123	151	0.502265
123	154	0.526535
123	156	0.554576
123	157	0.583377
123	162	0.68323
123	164	0.678774
123	175	1.18626
123	176	0.773368
124	2	1.39626
124	56	1.36882
124	58	0.464268
124	64	1.2696
124	75	1.48785
124	77	1.35907
124	78	1.4198
124	98	1.26621
124	109	1.31867
124	115	1.32263
124	116	1.32834
124	118	0.487047
124	120	1.37224
124	122	1.34093
124	125	0.521193
124	126	1.29776
124	139	0.565047
124	144	0.545953
124	145	1.34523
124	149	0.547946
124	151	1.43242
124	155	0.488993
124	165	0.615725
124	166	0.619076
124	167	1.32916
124	173	0.67711
124	174	1.13533
124	175	1.18868
124	179	0.62878
124	180	0.763828
125	5	0.505401
125	15	0.468943
125	37	0.469073
125	62	0.543324
125	72	0.522717
125	79	0.486993
125	95	0.512866
125	100	0.575086
125	102	0.507146
125	105	1.26944
125	111	0.504363
125	124	0.521193
125	137	0.485888
125	143	1.4416
125	156	1.45915
125	158	1.43038
125	159	1.37081
125	162	1.31892
125	163	1.34674
125	164	1.30536
125	165	1.3112
125	168	1.20623
125	170	1.25392
125	171	1.38169
125	172	1.18223
125	173	1.28389
125	175	1.28695
125	176	1.24865
125	177	1.25319
125	178	1.16146
125	180	1.23832
126	7	0.606673
126	8	0.631949
126	10	0.389129
126	35	1.17143
126	60	0.54365
126	64	1.22646
126	65	0.544915
126	76	1.27075
126	84	1.30024
126	91	1.21405
126	94	1.23874
126	97	1.30993
126	99	1.30969
126	100	0.666826
126	109	1.27553
126	111	0.596103
126	112	0.532957
126	114	0.574757
126	116	1.2852
126	122	1.29779
126	124	1.29776
126	127	0.534759
126	135	0.58954
126	140	1.32798
126	158	1.28897
126	164	1.16395
126	173	1.14248
126	174	1.09218
126	175	1.14554
126	177	1.11178
126	178	1.02005
126	180	1.09691
127	28	1.3349
127	31	1.34836
127	59	1.46021
127	83	1.36137
127	85	1.35303
127	101	1.31667
127	102	1.35351
127	104	1.30198
127	107	1.33604
127	108	1.3589
127	112	1.35495
127	119	1.36156
127	121	0.404074
127	123	1.3687
127	126	0.534759
127	134	0.439515
127	135	1.35541
127	137	1.33686
127	138	1.3698
127	147	0.480303
127	156	0.445395
127	158	0.468008
127	159	0.486736
127	160	1.322
127	167	1.35939
127	168	0.762471
127	169	0.494452
127	172	0.820324
127	175	1.21891
127	178	0.845713
127	179	0.550606
127	180	0.685653
128	18	1.23197
128	33	1.31503
128	39	1.43216
128	71	0.454455
128	88	1.37901
128	92	1.33129
128	102	1.34288
128	103	1.34981
128	106	1.35302
128	111	1.37457
128	114	1.44014
128	118	1.37466
128	123	1.35807
128	129	1.39693
128	133	1.34094
128	134	0.513837
128	135	1.34477
128	136	0.532507
128	137	1.32622
128	138	1.35917
128	139	1.32296
128	147	0.554625
128	148	0.450814
128	153	0.597363
128	156	0.519717
128	157	0.548518
128	161	0.564647
128	169	0.568774
128	170	0.726984
128	171	0.550616
128	175	1.20828
128	178	0.920035
129	50	1.40086
129	82	1.33947
129	89	1.33282
129	92	1.34814
129	93	1.35655
129	100	1.36188
129	101	1.32288
129	105	0.792565
129	106	1.36987
129	107	1.34225
129	111	1.39142
129	112	1.36117
129	119	1.36777
129	121	0.465971
129	128	1.39693
129	130	0.454649
129	132	0.536454
129	135	1.36162
129	138	1.37602
129	141	0.502703
129	144	0.529675
129	151	0.454982
129	154	0.479252
129	155	0.472716
129	160	1.32821
129	161	0.552222
129	165	0.599448
129	167	1.3656
129	168	0.824368
129	174	1.17177
129	179	1.27879
129	180	0.74755
130	6	0.492262
130	30	1.35404
130	48	0.490248
130	64	0.547208
130	68	0.458214
130	77	0.561106
130	92	0.535324
130	111	0.454095
130	114	0.432749
130	115	0.502692
130	120	0.434176
130	129	0.454649
130	134	1.49756
130	145	0.44749
130	147	1.47105
130	150	1.54449
130	159	1.39278
130	161	1.45967
130	162	1.34089
130	163	1.36871
130	164	1.32733
130	165	1.33317
130	166	1.36929
130	167	0.404127
130	168	1.2282
130	170	1.27589
130	171	1.40367
130	172	1.2042
130	176	1.27062
130	177	1.27516
130	178	1.18343
130	180	1.26029
131	10	0.739636
131	13	0.541492
131	14	0.631684
131	16	0.45364
131	52	1.42394
131	65	0.375921
131	68	0.431227
131	69	0.465689
131	72	0.445463
131	73	1.364
131	74	0.428725
131	77	0.534119
131	95	1.46792
131	111	1.43794
131	115	0.475705
131	120	0.407189
131	123	1.42144
131	135	1.40815
131	137	1.3896
131	138	1.42254
131	149	1.43988
131	160	1.37474
131	164	1.29006
131	167	0.37714
131	168	1.19093
131	169	1.36671
131	173	1.26859
131	175	1.27165
131	176	1.23335
131	177	1.23789
131	179	1.32531
131	180	1.22302
132	3	0.570229
132	22	0.524358
132	23	0.609988
132	53	0.5967
132	63	0.501856
132	90	0.483001
132	91	1.28395
132	96	0.508449
132	101	0.59251
132	116	0.546165
132	120	0.515982
132	129	0.536454
132	136	1.36134
132	138	0.520889
132	142	1.30591
132	147	1.37757
132	155	1.45168
132	156	1.38763
132	161	1.36619
132	162	1.24741
132	163	1.27523
132	164	1.23385
132	165	1.23968
132	166	1.27581
132	168	1.13472
132	170	1.18241
132	171	1.31018
132	172	1.11071
132	173	1.21238
132	176	1.17714
132	177	1.18168
132	178	1.08994
132	180	1.16681
133	13	1.37999
133	34	1.39062
133	83	1.31159
133	85	1.30325
133	90	1.39246
133	101	1.26689
133	102	1.30373
133	104	1.2522
133	107	1.28626
133	108	1.30912
133	110	0.389716
133	112	1.30517
133	114	1.40099
133	119	1.31177
133	123	1.31892
133	128	1.34094
133	135	1.30563
133	137	1.28708
133	138	1.32002
133	143	0.512045
133	153	0.565881
133	154	0.460195
133	157	1.28591
133	158	0.510847
133	161	0.533165
133	162	0.61689
133	167	1.30961
133	170	0.695502
133	171	0.519134
133	172	0.863164
133	173	0.641776
133	176	0.707027
133	177	0.696208
134	20	0.48679
134	24	0.453683
134	35	0.577
134	65	0.449672
134	67	0.678167
134	76	0.539671
134	98	0.61012
134	107	0.529019
134	121	1.47702
134	127	0.439515
134	128	0.513837
134	130	1.49756
134	138	0.485847
134	141	1.40635
134	142	1.31558
134	143	1.37976
134	158	1.36854
134	159	1.30896
134	161	1.37586
134	162	1.25707
134	165	1.24935
134	166	1.28547
134	167	0.450891
134	168	1.14438
134	170	1.19208
134	171	1.31985
134	172	1.12038
134	173	1.22204
134	176	1.18681
134	177	1.19134
134	178	1.09961
134	180	1.17648
135	30	1.21808
135	33	1.27972
135	39	1.39686
135	88	1.3437
135	92	1.29598
135	102	1.30757
135	103	1.3145
135	106	1.31771
135	111	1.33926
135	114	1.40483
135	123	1.32276
135	126	0.58954
135	127	1.35541
135	128	1.34477
135	129	1.36162
135	131	1.40815
135	133	1.30563
135	137	1.29092
135	138	1.32386
135	139	1.28765
135	143	0.523986
135	147	0.535084
135	152	0.556086
135	153	0.577822
135	158	0.522789
135	159	0.541517
135	161	0.545106
135	168	0.817252
135	170	0.707443
135	171	0.531075
135	173	0.653717
135	175	1.17297
135	179	0.605387
136	9	0.464017
136	17	0.507723
136	40	0.657499
136	44	0.532684
136	55	1.18105
136	69	0.558109
136	83	0.573813
136	87	0.554441
136	89	0.53292
136	122	0.526294
136	128	0.532507
136	132	1.36134
136	137	0.501054
136	142	1.27284
136	144	1.33677
136	148	1.42643
136	152	1.33492
136	153	1.29524
136	154	1.39065
136	155	1.41861
136	156	1.35456
136	161	1.33312
136	163	1.24216
136	164	1.20078
136	166	1.24274
136	167	0.469561
136	168	1.10165
136	170	1.14934
136	171	1.27711
136	176	1.14407
136	177	1.14861
136	178	1.05687
136	180	1.13374
137	18	1.17811
137	30	1.19953
137	33	1.26117
137	39	1.37831
137	88	1.32515
137	92	1.27743
137	102	1.28902
137	103	1.29595
137	106	1.29916
