1	64	0.773248
1	73	0.71304
1	78	0.717446
1	103	1.16217
1	122	1.17854
1	123	1.15909
1	131	0.737002
1	156	1.17858
1	157	1.22164
1	162	1.20962
1	164	0.666551
1	173	1.29036
2	28	1.09341
2	60	1.28554
2	95	1.18835
2	104	1.18943
2	105	1.20778
2	122	0.757437
2	146	1.15968
2	153	0.718142
2	164	0.641921
2	167	0.747214
2	169	0.739055
2	173	1.2758
3	26	0.775267
3	69	0.753618
3	107	0.681034
3	117	1.20067
3	132	1.19237
3	133	1.18505
3	139	0.691809
3	157	1.21724
3	158	1.20364
3	162	1.20523
3	163	0.701174
3	167	1.1958
4	27	0.803181
4	88	1.2418
4	107	0.692453
4	125	1.19415
4	133	1.18758
4	144	1.22606
4	147	1.17391
4	150	0.69396
4	154	1.19977
4	156	1.17672
4	171	0.715469
4	174	0.696841
5	77	1.24854
5	78	0.689686
5	84	1.20721
5	92	0.732837
5	102	1.15185
5	109	1.24328
5	111	1.21509
5	114	1.14262
5	151	0.738905
5	162	1.19141
5	178	0.70265
5	180	0.742851
6	25	0.975651
6	103	0.997639
6	117	1.04053
6	134	1.03078
6	138	0.884187
6	155	1.0399
6	157	1.0571
6	158	1.04351
6	161	0.880685
6	170	1.06472
6	173	1.12583
6	178	0.864682
7	62	1.20143
7	72	1.15006
7	90	0.688209
7	94	1.21399
7	100	1.16969
7	101	1.25443
7	106	0.733137
7	107	1.21986
7	108	0.683221
7	110	1.19054
7	115	0.768481
7	174	0.730971
8	67	0.662835
8	100	0.76834
8	148	0.734314
8	150	1.20586
8	156	0.757253
8	163	1.19126
8	169	1.20463
8	173	0.671053
8	176	1.19386
8	177	1.22055
8	179	1.18943
8	180	1.19441
9	58	1.22334
9	80	0.678071
9	121	0.706352
9	132	1.20029
9	136	1.17759
9	138	0.734068
9	149	1.21679
9	155	1.20795
9	156	1.1821
9	160	1.19194
9	161	0.730565
9	180	0.754763
10	18	0.737402
10	37	1.17109
10	44	1.12245
10	50	1.20592
10	54	1.08446
10	67	1.27672
10	121	1.22896
10	127	0.713287
10	150	0.702669
10	154	0.711665
10	164	1.31041
10	175	0.736883
11	53	1.13104
11	58	1.22701
11	117	1.21224
11	137	1.23672
11	155	1.21161
11	156	1.18577
11	159	0.740195
11	160	1.19561
11	165	0.712149
11	166	0.732076
11	169	0.727503
11	178	0.694228
12	49	1.19766
12	95	0.711844
12	97	0.724678
12	109	1.24375
12	111	1.21557
12	114	1.14309
12	121	1.22774
12	127	0.723207
12	148	1.18031
12	162	1.19188
12	170	0.708971
12	180	0.732258
13	93	1.2753
13	104	1.28306
13	140	1.28573
13	141	1.28573
13	142	1.28573
13	143	0.671384
13	152	0.657825
13	158	0.645186
13	161	0.639219
13	173	1.36943
13	176	0.657138
13	177	0.634139
13	178	1.31501
14	109	0.742463
14	113	0.770383
14	132	0.808148
14	148	0.790641
14	162	0.78154
14	169	1.14013
14	171	1.12742
14	172	1.14711
14	174	1.14508
14	176	1.12937
14	177	1.15605
14	179	1.12493
14	180	1.12992
15	63	0.803401
15	77	0.746501
15	90	0.74837
15	97	0.80034
15	140	0.795023
15	149	1.14893
15	161	1.14524
15	168	1.13077
15	171	1.13109
15	174	1.14875
15	176	1.13304
15	179	1.1286
15	180	1.13359
16	24	1.05928
16	105	0.753381
16	113	1.17201
16	135	1.13537
16	140	1.14056
16	141	1.14056
16	142	1.14056
16	152	0.779493
16	165	1.14181
16	168	0.788423
16	175	0.79963
16	178	1.16984
16	180	0.785085
17	27	1.06197
17	52	0.753922
17	66	1.1291
17	128	1.14796
17	135	1.14218
17	138	0.768727
17	140	1.14738
17	141	1.14738
17	142	1.14738
17	166	0.787069
17	167	0.790655
17	175	0.803967
17	178	1.17666
18	10	0.737402
18	57	0.751559
18	87	0.830803
18	103	1.09061
18	129	1.14178
18	136	1.10251
18	144	1.15636
18	145	0.792165
18	155	1.13286
18	156	1.10702
18	157	1.15007
18	173	1.2188
18	176	0.790425
19	26	1.07076
19	39	1.14667
19	70	1.07783
19	77	1.2013
19	109	1.19604
19	111	1.16785
19	114	1.09538
19	139	0.785079
19	150	0.775811
19	162	1.14417
19	163	0.794444
19	178	0.755279
19	180	0.79548
20	43	1.31625
20	72	1.25495
20	81	1.27476
20	100	1.27457
20	101	1.35931
20	107	1.32474
20	110	1.29542
20	126	0.624618
20	139	0.643988
20	143	0.662356
20	159	0.660155
20	169	0.647463
20	175	0.668934
21	41	1.15477
21	58	1.15338
21	143	0.801059
21	151	0.789146
21	152	1.1472
21	154	1.13519
21	156	1.11214
21	158	1.14159
21	160	1.12198
21	167	1.13375
21	174	0.776305
21	176	0.786813
21	178	0.752891
22	38	0.776515
22	70	0.85171
22	86	0.758854
22	134	0.789114
22	159	1.12914
22	163	1.13556
22	168	1.13589
22	173	0.719331
22	175	1.12399
22	176	1.13816
22	177	1.16484
22	179	1.13372
22	180	1.13871
23	41	0.780509
23	63	1.10764
23	76	1.1292
23	93	1.11672
23	95	1.1234
23	130	1.18948
23	131	1.12798
23	146	1.09473
23	169	0.792858
23	172	0.766092
23	173	1.21085
23	176	0.793506
23	177	0.770507
24	16	1.05928
24	96	1.08651
24	113	1.11679
24	135	1.08015
24	140	1.08535
24	141	1.08535
24	142	1.08535
24	145	0.842668
24	146	0.854732
24	160	0.839561
24	165	1.0866
24	167	0.848439
24	177	0.817928
24	178	1.11463
25	6	0.975651
25	36	0.812076
25	74	0.793325
25	90	0.792858
25	161	1.09118
25	162	0.821677
25	168	1.07672
25	169	1.08975
25	170	1.11086
25	171	1.07704
25	174	1.0947
25	177	1.10567
25	179	1.07455
25	180	1.07954
26	3	0.775267
26	19	1.07076
26	57	1.12167
26	69	0.906105
26	70	1.03281
26	84	1.11496
26	89	1.12785
26	102	1.05959
26	111	1.12284
26	114	1.05036
26	116	0.832309
26	162	1.09915
26	165	0.832417
26	167	0.85593
27	4	0.803181
27	17	1.06197
27	112	0.84115
27	128	1.08181
27	130	1.14355
27	135	1.07603
27	140	1.08122
27	141	1.08122
27	142	1.08122
27	165	1.08248
27	169	0.864265
27	174	0.854404
27	177	0.841914
27	178	1.1105
28	2	1.09341
28	56	1.08815
28	60	1.16138
28	63	1.04843
28	68	0.876689
28	76	1.07
28	82	0.820506
28	93	1.05751
28	95	1.0642
28	104	1.06528
28	158	0.835315
28	166	0.851194
28	172	0.819854
28	173	1.15165
29	73	0.650565
29	79	0.748965
29	134	1.2203
29	144	1.25291
29	147	1.20076
29	153	0.680296
29	155	1.22941
29	156	1.20357
29	157	1.24662
29	158	1.23302
29	159	0.713901
29	160	1.21341
29	166	0.705782
29	180	0.708135
30	32	1.29377
30	36	1.2337
30	72	1.16239
30	94	1.22632
30	100	1.18201
30	101	1.26676
30	107	1.23219
30	108	0.658799
30	110	1.20287
30	152	0.717745
30	170	0.700049
30	178	0.683135
30	179	0.724168
30	180	0.723337
31	81	1.18403
31	86	1.26422
31	94	1.22814
31	100	1.18383
31	101	1.26858
31	107	1.23401
31	108	0.661112
31	110	1.20469
31	129	0.711316
31	131	0.692041
31	138	1.2325
31	169	0.718723
31	177	0.696371
31	180	0.72565
32	30	1.29377
32	62	1.21377
32	81	1.18223
32	87	0.750682
32	94	1.22633
32	100	1.18203
32	101	1.26677
32	107	1.23221
32	110	1.20289
32	154	0.705911
32	164	0.612524
32	167	0.717817
32	171	0.718424
32	174	0.699796
33	56	1.23048
33	93	1.19984
33	95	1.20653
33	104	1.20761
33	112	0.705273
33	130	1.2726
33	131	1.2111
33	146	1.17786
33	149	0.727732
33	164	0.631255
33	170	0.712028
33	173	1.29398
33	178	0.695114
33	179	0.736147
34	37	1.11694
34	44	1.0683
34	50	1.15177
34	51	1.15081
34	52	1.15081
34	54	1.03031
34	68	0.824165
34	121	1.17481
34	149	0.79344
34	164	1.25626
34	171	0.802863
34	172	0.76733
34	173	0.716131
35	42	0.834369
35	103	0.886705
35	116	0.818811
35	153	1.10836
35	156	0.842508
35	159	1.07204
35	162	0.810468
35	167	1.08387
35	169	1.09183
35	171	1.07911
35	172	1.09881
35	177	1.10774
35	179	1.07663
35	180	1.08161
36	25	0.812076
36	30	1.2337
36	43	1.16364
36	59	0.742483
36	81	1.12216
36	94	1.16626
36	100	1.12196
36	101	1.2067
36	107	1.17214
36	110	1.14282
36	132	0.737184
36	138	1.17063
36	146	0.748833
36	170	0.71802
36	179	0.742139
37	10	1.17109
37	34	1.11694
37	50	1.16338
37	51	1.16241
37	52	1.16241
37	54	1.04192
37	67	1.23417
37	86	1.1798
37	105	0.738433
37	131	0.736528
37	152	0.764545
37	164	1.26786
37	166	0.767783
37	170	0.746849
37	174	0.753349
38	22	0.776515
38	56	1.16175
38	60	1.23499
38	82	0.720892
38	84	0.718587
38	93	1.13111
38	95	1.1378
38	104	1.13888
38	105	1.15722
38	130	1.20387
38	136	0.761436
38	146	1.10913
38	167	0.755165
38	173	1.22525
38	175	0.768477
39	19	1.14667
39	48	1.18453
39	57	1.19758
39	70	1.10872
39	102	1.1355
39	109	1.22693
39	111	1.19874
39	114	1.12627
39	150	0.741234
39	156	0.762211
39	162	1.17506
39	165	0.738623
39	167	0.762136
39	170	0.737616
39	171	0.762743
40	83	0.74293
40	130	0.701751
40	132	0.770893
40	154	0.764344
40	157	0.745371
40	160	0.767371
40	161	1.17173
40	168	1.15726
40	171	1.15758
40	172	1.17727
40	174	1.17524
40	176	1.15953
40	177	1.18621
40	179	1.1551
40	180	1.16008
41	21	1.15477
41	23	0.780509
41	105	0.73066
41	122	1.15307
41	127	0.753313
41	134	1.16984
41	136	1.1486
41	145	0.757826
41	155	1.17895
41	156	1.15311
41	157	1.19616
41	158	1.18256
41	160	1.16295
41	161	0.738166
41	174	0.745576
42	35	0.834369
42	59	1.16266
42	61	1.14412
42	119	0.740121
42	125	1.15257
42	129	1.16989
42	131	0.741201
42	132	1.15332
42	155	1.16098
42	158	1.16459
42	160	1.14497
42	164	0.670749
42	173	1.24691
42	177	0.745531
42	180	0.774809
43	20	1.31625
43	36	1.16364
43	62	1.1437
43	81	1.11216
43	100	1.11196
43	101	1.1967
43	107	1.16214
43	110	1.13282
43	138	1.16063
43	143	0.77368
43	144	0.728966
43	152	0.760121
43	158	0.747482
43	167	0.766946
43	178	0.725512
44	10	1.12245
44	34	1.0683
44	50	1.11474
44	51	1.11377
44	52	1.11377
44	54	0.993276
44	67	1.18553
44	80	0.747731
44	86	1.13116
44	121	1.13777
44	152	0.818831
44	161	0.800226
44	164	1.21922
44	172	0.790731
44	179	0.825255
44	180	0.824423
45	57	0.774505
45	87	1.08255
45	124	0.789821
45	132	0.815527
45	134	0.804541
45	148	0.798019
45	155	0.810461
45	163	1.11776
45	166	1.12072
45	168	1.11809
45	171	1.11841
45	174	1.13607
45	175	1.1062
45	176	1.12036
45	178	1.15892
45	180	1.12091
46	80	0.750943
46	97	1.12225
46	98	1.09212
46	99	1.09694
46	119	0.792947
46	128	1.12473
46	135	1.11896
46	140	1.12415
46	141	1.12415
46	142	1.12415
46	154	1.11913
46	159	0.833401
46	170	0.804348
46	177	0.798357
46	178	1.15343
46	180	0.827635
47	49	0.674572
47	74	1.28451
47	105	0.669984
47	111	0.672769
47	124	1.24415
47	125	1.23254
47	133	1.22596
47	144	1.26445
47	150	0.682019
47	152	1.25016
47	156	1.21511
47	157	1.25816
47	160	1.22495
47	168	0.705025
47	171	0.703528
47	176	0.695408
48	39	1.18453
48	77	1.23916
48	84	1.19783
48	89	1.21072
48	102	1.14246
48	109	1.2339
48	111	1.20571
48	114	1.13323
48	125	0.734426
48	138	0.722855
48	148	1.17045
48	149	0.735968
48	152	0.737959
48	162	1.18202
48	167	0.744783
48	174	0.726763
48	178	0.703349
49	12	1.19766
49	47	0.674572
49	77	1.23547
49	89	1.20703
49	102	1.13877
49	106	0.739902
49	109	1.23021
49	111	1.20202
49	114	1.12954
49	121	1.2142
49	148	1.16676
49	153	0.726686
49	162	1.17833
49	168	0.757862
49	171	0.756365
49	174	0.737736
49	178	0.714323
50	10	1.20592
50	34	1.15177
50	37	1.16338
50	44	1.11474
50	51	1.19724
50	52	1.19724
50	54	1.07675
50	67	1.26901
50	71	0.700932
50	121	1.22125
50	147	0.751833
50	164	1.3027
50	166	0.729599
50	167	0.733184
50	168	0.735289
50	170	0.708664
50	175	0.746496
51	34	1.15081
51	37	1.16241
51	44	1.11377
51	50	1.19724
51	52	1.19628
51	54	1.07578
51	64	0.734603
51	67	1.26804
51	71	0.700946
51	86	1.21367
51	114	0.758121
51	121	1.22028
51	143	0.739932
51	164	1.30173
51	169	0.725039
51	174	0.715178
51	179	0.732798
52	17	0.753922
52	34	1.15081
52	37	1.16241
52	44	1.11377
52	50	1.19724
52	51	1.19628
52	54	1.07578
52	67	1.26804
52	86	1.21367
52	121	1.22028
52	144	0.709393
52	153	0.718302
52	162	0.715409
52	164	1.30173
52	172	0.712448
52	179	0.746972
52	180	0.74614
53	11	1.13104
53	59	1.08329
53	66	0.853039
53	103	1.03934
53	120	0.859439
53	129	1.09051
53	132	1.07394
53	133	1.06661
53	139	0.859181
53	149	1.09044
53	150	0.849914
53	154	1.07881
53	155	1.0816
53	157	1.09881
53	160	1.0656
53	165	0.847302
53	172	0.83589
54	10	1.08446
54	34	1.03031
54	37	1.04192
54	44	0.993276
54	50	1.07675
54	51	1.07578
54	52	1.07578
54	67	1.14754
54	86	1.09317
54	121	1.09978
54	127	0.850312
54	141	0.842045
54	156	0.860672
54	164	1.18123
54	169	0.852437
54	170	0.836077
54	171	0.861204
55	103	0.781895
55	107	0.715213
55	116	0.714001
55	117	0.729549
55	124	0.70656
55	151	1.18481
55	156	0.737698
55	157	0.706745
55	161	1.197
55	168	1.18253
55	172	1.20254
55	174	1.20051
55	175	1.17063
55	176	1.1848
55	177	1.21148
55	179	1.18036
55	180	1.18535
56	28	1.08815
56	33	1.23048
56	38	1.16175
56	63	1.16733
56	76	1.18889
56	93	1.17641
56	95	1.18309
56	104	1.18417
56	130	1.24917
56	138	0.723218
56	163	0.742877
56	165	0.721633
56	166	0.74156
56	170	0.720626
56	173	1.27054
56	177	0.714635
56	180	0.743913
57	18	0.751559
57	26	1.12167
57	39	1.19758
57	45	0.774505
57	84	1.21088
57	89	1.22377
57	102	1.15552
57	109	1.24695
57	111	1.21876
57	114	1.14628
57	119	0.701807
57	146	0.74402
57	148	1.1835
57	152	0.730903
57	162	1.19508
57	177	0.707216
57	178	0.696293
58	9	1.22334
58	11	1.22701
58	21	1.15338
58	79	0.789083
58	112	0.71821
58	116	1.1792
58	118	1.22595
58	134	1.16845
58	141	0.730934
58	153	0.720414
58	155	1.17756
58	158	1.18117
58	159	0.754018
58	160	1.16156
58	164	0.644193
58	170	1.20238
58	171	0.750093
59	36	0.742483
59	42	1.16266
59	53	1.08329
59	61	1.14701
59	79	0.823646
59	103	1.1216
59	108	0.718278
59	117	1.16449
59	129	1.17277
59	138	0.762121
59	147	1.13521
59	151	0.77887
59	156	1.13802
59	158	1.16747
59	160	1.14786
59	167	1.15962
59	171	0.784656
59	175	0.797361
60	2	1.28554
60	28	1.16138
60	38	1.23499
60	93	1.24964
60	95	1.25632
60	104	1.2574
60	106	0.674915
60	119	0.65485
60	130	1.3224
60	131	1.2609
60	146	1.22765
60	151	0.685592
60	165	0.667258
60	167	0.690771
60	171	0.691378
60	172	0.655846
60	173	1.34378
60	180	0.689538
61	42	1.14412
61	59	1.14701
61	74	1.18887
61	125	1.13691
61	131	0.757388
61	136	1.11496
61	137	1.17042
61	153	0.763158
61	155	1.14532
61	156	1.11947
61	157	1.16253
61	159	0.796762
61	160	1.12931
61	161	0.766799
61	167	1.14108
61	172	0.757304
61	175	0.805541
61	177	0.761718
62	7	1.20143
62	32	1.21377
62	43	1.1437
62	68	0.809821
62	72	1.0824
62	81	1.10221
62	86	1.18241
62	87	0.820777
62	94	1.14632
62	100	1.10202
62	107	1.15219
62	110	1.12287
62	138	1.15068
62	153	0.75884
62	161	0.762481
62	164	0.682618
62	179	0.78751
62	180	0.786678
63	15	0.803401
63	23	1.10764
63	28	1.04843
63	56	1.16733
63	76	1.14917
63	78	0.723955
63	93	1.13668
63	95	1.14337
63	104	1.14445
63	130	1.20945
63	131	1.14795
63	136	0.784624
63	146	1.1147
63	149	0.769537
63	166	0.774767
63	167	0.778353
63	173	1.23082
63	176	0.770841
64	1	0.773248
64	51	0.734603
64	114	0.810432
64	135	0.76986
64	156	0.785586
64	157	0.754632
64	158	0.766046
64	161	1.15086
64	163	1.13606
64	166	1.13902
64	168	1.1364
64	169	1.14943
64	172	1.15641
64	174	1.15437
64	176	1.13866
64	177	1.16535
64	179	1.13423
64	180	1.13921
65	98	1.22594
65	113	1.28942
65	128	1.25855
65	135	1.25277
65	140	1.25797
65	141	1.25797
65	142	1.25797
65	145	0.678247
65	154	1.25295
65	162	0.652054
65	165	1.25922
65	169	0.675859
65	170	0.659499
65	171	0.684626
65	175	0.69733
65	176	0.676507
65	178	1.28725
65	180	0.682786
66	17	1.1291
66	53	0.853039
66	83	1.16908
66	98	1.11632
66	99	1.12114
66	128	1.14893
66	135	1.14316
66	139	0.754696
66	140	1.14835
66	141	1.14835
66	142	1.14835
66	145	0.760558
66	146	0.772623
66	149	0.757514
66	165	1.1496
66	170	0.74181
66	171	0.766937
66	178	1.17763
67	8	0.662835
67	10	1.27672
67	37	1.23417
67	44	1.18553
67	50	1.26901
67	51	1.26804
67	52	1.26804
67	54	1.14754
67	71	0.65751
67	86	1.28543
67	92	0.678515
67	121	1.29204
67	152	0.682938
67	159	0.694295
67	163	0.687493
67	164	1.37349
67	166	0.686176
67	177	0.659251
68	28	0.876689
68	34	0.824165
68	62	0.809821
68	78	1.17242
68	99	0.806146
68	102	0.812526
68	142	0.792324
68	150	1.10609
68	153	1.1214
68	162	0.774051
68	166	1.09445
68	169	1.10486
68	172	1.11184
68	174	1.10981
68	175	1.07993
68	176	1.0941
68	177	1.12078
68	179	1.08966
68	180	1.09465
69	3	0.753618
69	26	0.906105
69	72	1.04666
69	88	0.776564
69	94	1.11059
69	101	1.15103
69	107	1.11646
69	110	1.08714
69	129	0.818714
69	138	1.11495
69	154	0.822375
69	158	0.814816
69	162	0.802316
69	172	1.12292
69	174	1.12089
69	175	1.09101
69	177	1.13186
69	179	1.10075
69	180	1.10573
70	19	1.07783
70	22	0.85171
70	26	1.03281
70	39	1.10872
70	77	1.16335
70	84	1.12202
70	89	1.13491
70	102	1.06665
70	109	1.15809
70	111	1.1299
70	114	1.05742
70	121	1.14208
70	131	0.795519
70	162	1.10621
70	165	0.806847
70	170	0.80584
70	172	0.795435
70	176	0.822848
70	180	0.829128
71	50	0.700932
71	51	0.700946
71	67	0.65751
71	88	0.694137
71	97	0.74304
71	111	0.721702
71	145	1.20034
71	158	0.732389
71	159	1.19818
71	160	0.742975
71	161	1.2194
71	166	1.20756
71	168	1.20493
71	172	1.22495
71	175	1.19304
71	176	1.2072
71	177	1.23388
71	179	1.20277
71	180	1.20775
72	7	1.15006
72	20	1.25495
72	30	1.16239
72	62	1.0824
72	69	1.04666
72	81	1.05085
72	87	0.851356
72	94	1.09496
72	100	1.05066
72	101	1.1354
72	107	1.10083
72	110	1.07151
72	115	0.837979
72	138	1.09932
72	149	0.809674
72	161	0.79306
72	168	0.820595
72	171	0.819098
72	178	0.777056
73	1	0.71304
73	29	0.650565
73	117	0.717229
73	123	0.761041
73	133	0.719327
73	143	1.19607
73	145	1.19754
73	148	0.702439
73	153	1.2317
73	154	0.713397
73	160	0.716425
73	163	1.2018
73	172	1.22214
73	174	1.22011
73	175	1.19023
73	176	1.2044
73	177	1.23108
73	179	1.19997
73	180	1.20495
74	25	0.793325
74	47	1.28451
74	61	1.18887
74	82	0.689516
74	85	1.19289
74	90	1.24355
74	119	0.687868
74	126	0.692786
74	133	1.19074
74	136	1.17537
74	137	1.23083
74	147	1.17707
74	153	0.694718
74	155	1.20573
74	156	1.17988
74	166	0.720204
74	170	1.23055
74	175	0.737101
74	177	0.693278
75	83	1.18373
75	97	1.1611
75	99	1.1358
75	113	1.19445
75	120	0.747349
75	128	1.16359
75	135	1.15781
75	140	1.163
75	141	1.163
75	142	1.163
75	145	0.752954
75	152	0.751901
75	154	1.15798
75	159	0.763259
75	163	0.756457
75	165	1.16426
75	176	0.751214
75	177	0.728215
75	178	1.19228
75	179	0.758325
76	23	1.1292
76	28	1.07
76	56	1.18889
76	63	1.14917
76	93	1.15825
76	95	1.16494
76	104	1.16602
76	105	1.18436
76	112	0.730217
76	130	1.23101
76	131	1.16951
76	145	0.755721
76	146	1.13627
76	151	0.756314
76	165	0.737979
76	167	0.761492
76	168	0.763597
76	173	1.25239
76	174	0.743472
76	179	0.761091
77	5	1.24854
77	15	0.746501
77	19	1.2013
77	48	1.23916
77	49	1.23547
77	70	1.16335
77	89	1.25839
77	92	0.710206
77	102	1.19013
77	108	0.655683
77	109	1.28157
77	111	1.25338
77	112	0.690178
77	114	1.1809
77	148	1.21812
77	154	0.709548
77	162	1.22969
77	165	0.69794
77	170	0.696934
77	178	0.680019
77	179	0.721053
78	1	0.717446
78	5	0.689686
78	63	0.723955
78	68	1.17242
78	113	0.686586
78	118	0.677943
78	125	0.71935
78	131	1.2365
78	134	0.713366
78	145	1.21953
78	160	0.72083
78	161	1.23859
78	163	1.22379
78	171	1.22444
78	172	1.24414
78	173	0.643583
78	175	1.21223
78	176	1.22639
78	177	1.25307
78	179	1.22196
78	180	1.22694
79	29	0.748965
79	58	0.789083
79	59	0.823646
79	96	0.806687
79	118	0.771939
79	120	1.11111
79	128	0.810274
79	134	0.807361
79	139	1.13105
79	161	1.13709
79	166	1.12525
79	168	1.12262
79	169	1.13566
79	171	1.12294
79	172	1.14264
79	173	0.737578
79	175	1.11073
79	177	1.15157
79	178	1.16345
79	179	1.12046
79	180	1.12544
80	9	0.678071
80	44	0.747731
80	46	0.750943
80	89	0.6649
80	96	0.689165
80	104	0.68066
80	117	0.698108
80	127	1.22941
80	140	0.692051
80	142	0.692489
80	150	1.23217
80	159	1.21116
80	166	1.22053
80	170	1.25205
80	171	1.21823
80	172	1.23792
80	174	1.23588
80	175	1.20601
80	176	1.22018
80	179	1.21574
80	180	1.22072
81	20	1.27476
81	31	1.18403
81	32	1.18223
81	36	1.12216
81	43	1.11216
81	62	1.10221
81	72	1.05085
81	94	1.11478
81	100	1.07047
81	101	1.15522
81	107	1.12065
81	108	0.74658
81	110	1.09133
81	135	0.796701
81	136	0.818622
81	138	1.11914
81	152	0.805526
81	159	0.816884
81	170	0.787831
81	173	0.726226
81	176	0.804839
82	28	0.820506
82	38	0.720892
82	74	0.689516
82	86	0.703231
82	90	0.689049
82	96	0.732816
82	141	0.731281
82	147	0.768481
82	153	1.20655
82	155	0.739411
82	159	1.17023
82	163	1.17665
82	166	1.1796
82	168	1.17698
82	169	1.19001
82	171	1.1773
82	175	1.16508
82	176	1.17925
82	177	1.20593
82	178	1.21781
82	179	1.17481
82	180	1.1798
83	40	0.74293
83	66	1.16908
83	75	1.18373
83	88	0.69307
83	96	1.18852
83	99	1.16015
83	128	1.18794
83	135	1.18217
83	140	1.18736
83	141	1.18736
83	142	1.18736
83	144	0.712807
83	146	0.75708
83	148	1.17875
83	149	0.741971
83	152	0.743962
83	154	1.18234
83	165	1.18861
83	176	0.743275
83	177	0.720276
83	178	1.21664
83	180	0.749554
84	5	1.20721
84	26	1.11496
84	38	0.718587
84	48	1.19783
84	57	1.21088
84	70	1.12202
84	89	1.21706
84	102	1.1488
84	109	1.24024
84	111	1.21205
84	114	1.13957
84	115	0.767017
84	121	1.22422
84	127	0.737244
84	138	0.7256
84	145	0.741757
84	148	1.17679
84	149	0.738712
84	150	0.726627
84	162	1.18836
84	171	0.748136
84	178	0.706094
85	74	1.19289
85	88	1.18857
85	103	1.10708
85	105	0.758462
85	116	1.15097
85	120	0.780022
85	122	1.12345
85	126	0.760395
85	129	1.15825
85	139	0.779764
85	146	0.797691
85	147	1.12068
85	154	1.14654
85	155	1.14933
85	156	1.12349
85	157	1.16654
85	158	1.15294
85	164	0.686106
85	165	0.767885
85	167	1.1451
85	170	1.17416
85	179	0.790997
85	180	0.790166
86	22	0.758854
86	31	1.26422
86	37	1.1798
86	44	1.13116
86	51	1.21367
86	52	1.21367
86	54	1.09317
86	62	1.18241
86	67	1.28543
86	82	0.703231
86	94	1.19497
86	100	1.15067
86	107	1.20085
86	110	1.17153
86	125	0.727147
86	138	1.19934
86	149	0.728688
86	156	0.737579
86	164	1.31912
86	169	0.729345
86	170	0.712984
86	172	0.702579
86	173	0.651379
86	175	0.750816
87	18	0.830803
87	32	0.750682
87	45	1.08255
87	62	0.820777
87	72	0.851356
87	101	0.756969
87	125	0.806614
87	126	1.17658
87	141	0.79842
87	148	0.794108
87	153	1.13756
87	162	0.785007
87	163	1.10766
87	166	1.11061
87	168	1.10799
87	169	1.12102
87	170	1.14213
87	172	1.128
87	174	1.12597
87	175	1.09609
87	176	1.11026
87	177	1.13694
87	179	1.10582
87	180	1.11081
88	4	1.2418
88	69	0.776564
88	71	0.694137
88	83	0.69307
88	85	1.18857
88	105	0.693453
88	116	1.20304
88	122	1.17552
88	124	1.2046
88	125	1.19299
88	133	1.18642
88	136	1.17105
88	137	1.22651
88	143	0.733123
88	144	1.2249
88	146	0.732682
88	156	1.17556
88	157	1.21861
88	158	1.20501
88	160	1.1854
88	166	0.722803
88	171	0.726997
88	175	0.739701
88	177	0.695878
89	26	1.12785
89	48	1.21072
89	49	1.20703
89	57	1.22377
89	70	1.13491
89	77	1.25839
89	80	0.6649
89	84	1.21706
89	102	1.16169
89	109	1.25313
89	111	1.22494
89	114	1.15246
89	121	1.23712
89	126	0.711821
89	144	0.704844
89	148	1.18968
89	162	1.20125
89	166	0.739238
89	167	0.742824
89	168	0.744929
89	169	0.734665
89	172	0.707899
89	175	0.756136
89	178	0.70139
90	7	0.688209
90	15	0.74837
90	25	0.792858
90	74	1.24355
90	82	0.689049
90	124	1.20319
90	133	1.185
90	134	1.19087
90	136	1.16964
90	144	1.22349
90	147	1.17134
90	151	0.718144
90	152	1.2092
90	155	1.19999
90	156	1.17415
90	157	1.2172
90	158	1.2036
90	160	1.18399
90	163	0.721053
90	169	0.715163
90	170	1.22481
90	171	0.72393
90	172	0.688397
90	180	0.72209
91	92	0.800732
91	118	1.16856
91	125	1.11176
91	132	1.11251
91	133	1.10518
91	136	1.08982
91	137	1.14528
91	147	1.09152
91	149	1.12901
91	151	0.8068
91	152	1.12938
91	155	1.12017
91	156	1.09433
91	157	1.13738
91	158	1.12378
91	162	1.12536
91	163	0.80971
91	165	0.788466
91	167	1.11593
91	168	0.814084
91	169	0.80382
91	171	0.812587
91	176	0.804467
91	178	0.770545
92	5	0.732837
92	67	0.678515
92	77	0.710206
92	91	0.800732
92	97	0.764045
92	106	1.17995
92	110	0.762017
92	128	0.759429
92	143	1.14648
92	147	0.791506
92	158	0.753394
92	159	1.14579
92	161	1.16701
92	162	0.740894
92	163	1.15221
92	164	1.28437
92	168	1.15254
92	169	1.16558
92	171	1.15286
92	174	1.17052
92	175	1.14065
92	176	1.15481
92	177	1.18149
92	179	1.15038
92	180	1.15536
93	13	1.2753
93	23	1.11672
93	28	1.05751
93	33	1.19984
93	38	1.13111
93	56	1.17641
93	60	1.24964
93	63	1.13668
93	76	1.15825
93	95	1.15245
93	104	1.15353
93	105	1.17187
93	106	0.744265
93	131	1.15702
93	146	1.12378
93	149	0.751305
93	163	0.757852
93	167	0.760121
93	169	0.751961
93	173	1.2399
93	174	0.7421
93	175	0.773433
93	176	0.752609
93	178	0.718687
93	179	0.75972
94	7	1.21399
94	30	1.22632
94	31	1.22814
94	32	1.22633
94	36	1.16626
94	62	1.14632
94	69	1.11059
94	72	1.09496
94	81	1.11478
94	86	1.19497
94	100	1.11458
94	101	1.19932
94	107	1.16476
94	110	1.13544
94	131	0.7286
94	138	1.16325
94	145	0.75767
94	152	0.756617
94	154	0.751536
94	159	0.767974
94	169	0.755282
94	174	0.745421
94	178	0.722007
94	179	0.76304
94	180	0.762209
95	2	1.18835
95	12	0.711844
95	23	1.1234
95	28	1.0642
95	33	1.20653
95	38	1.1378
95	56	1.18309
95	60	1.25632
95	63	1.14337
95	76	1.16494
95	93	1.15245
95	104	1.16022
95	105	1.17856
95	110	0.751617
95	131	1.16371
95	146	1.13047
95	150	0.741557
95	152	0.755634
95	163	0.760189
95	168	0.764564
95	169	0.754299
95	170	0.737939
95	173	1.24659
95	175	0.77577
95	176	0.754947
96	24	1.08651
96	79	0.806687
96	80	0.689165
96	82	0.732816
96	83	1.18852
96	97	1.16589
96	98	1.13576
96	99	1.14059
96	113	1.19924
96	122	0.777313
96	128	1.16837
96	129	0.751523
96	130	1.23012
96	135	1.1626
96	136	0.773361
96	140	1.16779
96	141	1.16779
96	142	1.16779
96	148	1.15918
96	154	1.16277
96	163	0.764821
96	170	0.74257
96	173	0.680965
96	175	0.780402
96	178	1.19707
97	12	0.724678
97	15	0.80034
97	46	1.12225
97	71	0.74304
97	75	1.1611
97	92	0.764045
97	96	1.16589
97	98	1.1327
97	113	1.19617
97	115	0.794782
97	119	0.739372
97	128	1.16531
97	130	1.22705
97	135	1.15953
97	140	1.16473
97	141	1.16473
97	142	1.16473
97	148	1.15612
97	154	1.15971
97	164	0.67
97	165	1.16598
97	170	0.750773
97	171	0.7759
97	177	0.744782
97	178	1.19401
98	46	1.09212
98	65	1.22594
98	66	1.11632
98	96	1.13576
98	97	1.1327
98	99	1.1074
98	113	1.16605
98	128	1.13518
98	135	1.12941
98	136	0.799969
98	140	1.1346
98	141	1.1346
98	142	1.1346
98	148	1.12599
98	152	0.786873
98	153	0.764627
98	154	1.12958
98	155	0.783277
98	157	0.76282
98	165	1.13585
98	170	0.769178
98	174	0.775678
98	175	0.80701
98	177	0.763187
98	178	1.16388
98	180	0.792465
99	46	1.09694
99	66	1.12114
99	68	0.806146
99	75	1.1358
99	83	1.16015
99	96	1.14059
99	98	1.1074
99	107	0.761827
99	113	1.17087
99	115	0.803725
99	128	1.14001
99	135	1.13423
99	140	1.13943
99	141	1.13943
99	142	1.13943
99	143	0.79097
99	145	0.778465
99	147	0.802884
99	148	1.13082
99	154	1.1344
99	165	1.14068
99	169	0.776077
99	172	0.749311
99	177	0.753725
99	178	1.1687
99	179	0.783835
100	7	1.16969
100	8	0.76834
100	20	1.27457
100	30	1.18201
100	31	1.18383
100	32	1.18203
100	36	1.12196
100	43	1.11196
100	62	1.10202
100	72	1.05066
100	81	1.07047
100	86	1.15067
100	94	1.11458
100	101	1.15502
100	107	1.12045
100	110	1.09113
100	120	0.783892
100	138	1.11894
100	149	0.786452
100	161	0.769837
100	166	0.791682
100	167	0.795268
100	170	0.770748
100	171	0.795875
100	178	0.753834
100	179	0.794867
101	7	1.25443
101	20	1.35931
101	30	1.26676
101	31	1.26858
101	32	1.26677
101	36	1.2067
101	43	1.1967
101	69	1.15103
101	72	1.1354
101	81	1.15522
101	87	0.756969
101	94	1.19932
101	100	1.15502
101	107	1.2052
101	110	1.17588
101	115	0.743592
101	119	0.688182
101	124	0.69304
101	138	1.20369
101	149	0.715287
101	167	0.724103
101	170	0.699583
101	172	0.689178
101	177	0.693592
101	178	0.682669
101	179	0.723702
102	5	1.15185
102	26	1.05959
102	39	1.1355
102	48	1.14246
102	49	1.13877
102	57	1.15552
102	68	0.812526
102	70	1.06665
102	77	1.19013
102	84	1.1488
102	89	1.16169
102	106	0.774761
102	109	1.18487
102	111	1.15668
102	114	1.0842
102	121	1.16886
102	134	0.774275
102	143	0.79735
102	146	0.79691
102	148	1.12142
102	151	0.785438
102	162	1.133
102	167	0.790617
102	170	0.766097
102	173	0.704492
102	175	0.803929
103	1	1.16217
103	6	0.997639
103	18	1.09061
103	35	0.886705
103	53	1.03934
103	55	0.781895
103	59	1.1216
103	85	1.10708
103	105	0.795441
103	115	0.847867
103	122	1.09403
103	129	1.12883
103	131	0.793536
103	143	0.835112
103	147	1.09126
103	154	1.11712
103	155	1.11991
103	156	1.09407
103	157	1.13712
103	158	1.12352
103	162	1.12511
103	164	0.723085
103	170	1.14473
103	173	1.20585
103	176	0.820866
103	177	0.797867
103	179	0.827977
104	2	1.18943
104	13	1.28306
104	28	1.06528
104	33	1.20761
104	38	1.13888
104	56	1.18417
104	60	1.2574
104	63	1.14445
104	76	1.16602
104	80	0.68066
104	93	1.15353
104	95	1.16022
104	105	1.17964
104	130	1.22629
104	131	1.16479
104	139	0.746951
104	146	1.13155
104	148	0.735721
104	154	0.746679
104	161	0.733154
104	165	0.735072
104	167	0.758585
104	169	0.750426
104	170	0.734065
104	173	1.24767
104	177	0.728074
104	179	0.758184
105	2	1.20778
105	16	0.753381
105	37	0.738433
105	38	1.15722
105	41	0.73066
105	47	0.669984
105	76	1.18436
105	85	0.758462
105	88	0.693453
105	93	1.17187
105	95	1.17856
105	103	0.795441
105	104	1.17964
105	137	0.721707
105	141	0.732618
105	146	1.14989
105	147	0.769817
105	150	1.18502
105	151	1.17304
105	158	0.731705
105	169	1.18379
105	173	1.26601
105	174	1.18874
105	175	1.15886
105	176	1.17303
105	179	1.16859
105	180	1.17358
106	7	0.733137
106	49	0.739902
106	60	0.674915
106	92	1.17995
106	93	0.744265
106	102	0.774761
106	134	0.751909
106	137	0.738789
106	151	1.17322
106	154	0.756345
106	157	0.737373
106	159	1.16419
106	160	0.759372
106	161	1.1854
106	163	1.17061
106	166	1.17356
106	168	1.17094
106	169	1.18397
106	170	1.20508
106	172	1.19095
106	173	0.682125
106	174	1.18892
106	175	1.15904
106	177	1.19989
106	178	1.21177
106	179	1.16877
106	180	1.17376
107	3	0.681034
107	4	0.692453
107	7	1.21986
107	20	1.32474
107	30	1.23219
107	31	1.23401
107	32	1.23221
107	36	1.17214
107	43	1.16214
107	55	0.715213
107	62	1.15219
107	69	1.11646
107	72	1.10083
107	81	1.12065
107	86	1.20085
107	94	1.16476
107	99	0.761827
107	100	1.12045
107	101	1.2052
107	110	1.14131
107	123	0.797435
107	127	0.751413
107	152	0.754872
107	166	0.758111
107	167	0.761697
107	173	0.675572
107	176	0.754185
108	7	0.683221
108	30	0.658799
108	31	0.661112
108	59	0.718278
108	77	0.655683
108	81	0.74658
108	128	0.704906
108	129	0.702769
108	132	0.712979
108	133	0.712359
108	139	1.21948
108	141	0.699784
108	146	1.19018
108	147	0.736983
108	153	1.24062
108	159	1.2043
108	161	1.22552
108	164	1.34288
108	165	1.22385
108	166	1.21368
108	168	1.21105
108	169	1.22409
108	171	1.21137
108	172	1.23106
108	175	1.19915
108	177	1.24
108	179	1.20889
108	180	1.21387
109	5	1.24328
109	12	1.24375
109	14	0.742463
109	19	1.19604
109	39	1.22693
109	48	1.2339
109	49	1.23021
109	57	1.24695
109	70	1.15809
109	77	1.28157
109	84	1.24024
109	89	1.25313
109	102	1.18487
109	111	1.24812
109	114	1.17564
109	119	0.677144
109	126	0.682061
109	131	0.678223
109	148	1.21286
109	149	0.704249
109	151	0.707886
109	162	1.22443
109	163	0.710795
109	170	0.688545
109	172	0.678139
109	175	0.726376
109	176	0.705553
109	179	0.712664
110	7	1.19054
110	20	1.29542
110	30	1.20287
110	31	1.20469
110	32	1.20289
110	36	1.14282
110	43	1.13282
110	62	1.12287
110	69	1.08714
110	72	1.07151
110	81	1.09133
110	86	1.17153
110	92	0.762017
110	94	1.13544
110	95	0.751617
110	100	1.09113
110	101	1.17588
110	107	1.14131
110	120	0.761888
110	123	0.809003
110	138	1.1398
110	146	0.779557
110	161	0.747834
110	162	0.7413
110	167	0.773264
110	168	0.775369
110	172	0.738339
110	176	0.765752
111	5	1.21509
111	12	1.21557
111	19	1.16785
111	26	1.12284
111	39	1.19874
111	47	0.672769
111	48	1.20571
111	49	1.20202
111	57	1.21876
111	70	1.1299
111	71	0.721702
111	77	1.25338
111	84	1.21205
111	89	1.22494
111	102	1.15668
111	109	1.24812
111	114	1.14745
111	127	0.743671
111	145	0.748183
111	148	1.18467
111	149	0.745139
111	153	0.724883
111	162	1.19624
111	164	0.648662
111	165	0.730442
111	167	0.753955
111	176	0.746443
111	177	0.723444
111	180	0.752722
112	27	0.84115
112	33	0.705273
112	58	0.71821
112	76	0.730217
112	77	0.690178
112	121	0.703186
112	130	0.678332
112	135	0.737181
112	136	0.759102
112	139	1.19498
112	145	1.18196
112	150	1.20081
112	151	1.18883
112	153	1.21612
112	154	0.740925
112	157	0.721953
112	163	1.18622
112	166	1.18918
112	167	1.19163
112	169	1.19958
112	171	1.18687
112	172	1.20656
112	173	0.666706
112	174	1.20453
112	175	1.17465
112	176	1.18882
112	177	1.2155
112	179	1.18438
112	180	1.18937
113	14	0.770383
113	16	1.17201
113	24	1.11679
113	65	1.28942
113	75	1.19445
113	78	0.686586
113	96	1.19924
113	97	1.19617
113	98	1.16605
113	99	1.17087
113	128	1.19866
113	135	1.19288
113	139	0.72935
113	140	1.19808
113	141	1.19808
113	142	1.19808
113	146	0.747277
113	148	1.18947
113	149	0.732168
113	154	1.19306
113	161	0.715553
113	165	1.19933
113	167	0.740984
113	170	0.716464
113	172	0.706058
113	174	0.722963
113	176	0.733472
113	177	0.710473
113	178	1.22736
114	5	1.14262
114	12	1.14309
114	19	1.09538
114	26	1.05036
114	39	1.12627
114	48	1.13323
114	49	1.12954
114	51	0.758121
114	57	1.14628
114	64	0.810432
114	70	1.05742
114	77	1.1809
114	84	1.13957
114	89	1.15246
114	102	1.0842
114	109	1.17564
114	111	1.14745
114	121	1.15963
114	122	0.819251
114	131	0.774186
114	143	0.815762
114	148	1.11219
114	149	0.800212
114	152	0.802203
114	162	1.12376
114	172	0.774103
114	177	0.778517
114	178	0.767594
114	179	0.808627
115	7	0.768481
115	72	0.837979
115	84	0.767017
115	97	0.794782
115	99	0.803725
115	101	0.743592
115	103	0.847867
115	124	0.772532
115	126	1.18488
115	143	1.11023
115	150	1.13056
115	151	1.11857
115	154	0.791689
115	157	0.772717
115	159	1.10954
115	160	0.794717
115	161	1.13076
115	166	1.11892
115	168	1.11629
115	169	1.12933
115	170	1.15043
115	171	1.11661
115	172	1.1363
115	174	1.13427
115	175	1.10439
115	176	1.11856
115	178	1.15712
115	179	1.11413
115	180	1.11911
116	26	0.832309
116	35	0.818811
116	55	0.714001
116	58	1.1792
116	85	1.15097
116	88	1.20304
116	117	1.16444
116	123	1.11847
116	125	1.15539
116	126	0.72948
116	133	1.14882
116	137	1.18891
116	144	1.1873
116	147	1.13515
116	150	0.739583
116	151	0.755305
116	152	1.17302
116	153	0.731413
116	155	1.16381
116	156	1.13796
116	158	1.16742
116	160	1.1478
116	161	0.735054
116	162	1.169
116	165	0.736971
116	166	0.756898
116	167	1.15957
116	173	1.24974
116	174	0.742464
116	178	0.71905
117	3	1.20067
117	6	1.04053
117	11	1.21224
117	55	0.729549
117	59	1.16449
117	73	0.717229
117	80	0.698108
117	116	1.16444
117	118	1.21119
117	120	0.764656
117	124	1.166
117	132	1.15514
117	133	1.14781
117	134	1.15369
117	138	0.754104
117	140	0.761902
117	141	0.757482
117	143	0.782766
117	144	1.1863
117	150	0.755131
117	151	0.770854
117	154	1.16001
117	156	1.13696
117	157	1.18001
117	158	1.16641
117	160	1.1468
117	163	0.773763
117	167	1.15856
117	172	0.741107
117	173	1.24874
118	58	1.22595
118	78	0.677943
118	79	0.771939
118	91	1.16856
118	117	1.21119
118	122	1.18467
118	124	1.21376
118	125	1.20215
118	127	0.722057
118	129	1.21947
118	132	1.2029
118	136	1.18021
118	137	1.23566
118	140	0.718211
118	144	1.23405
118	147	1.18191
118	153	0.70327
118	154	1.20777
118	155	1.21056
118	156	1.18472
118	157	1.22777
118	158	1.21417
118	160	1.19455
118	161	0.706911
118	164	0.627048
118	166	0.728755
118	168	0.734446
118	169	0.724182
118	171	0.732949
118	179	0.73194
118	180	0.731108
119	42	0.740121
119	46	0.792947
119	57	0.701807
119	60	0.65485
119	74	0.687868
119	97	0.739372
119	101	0.688182
119	109	0.677144
119	126	1.26158
119	127	1.2045
119	144	0.710205
119	151	1.19528
119	153	1.22256
119	157	0.717307
119	158	0.72872
119	159	1.18624
119	160	0.739307
119	162	0.71622
119	165	1.2058
119	166	1.19562
119	168	1.193
119	169	1.20603
119	170	1.22714
119	171	1.19332
119	172	1.21301
119	174	1.21097
119	175	1.1811
119	176	1.19527
119	177	1.22195
119	179	1.19083
119	180	1.19581
120	53	0.859439
120	75	0.747349
120	79	1.11111
120	85	0.780022
120	100	0.783892
120	110	0.761888
120	117	0.764656
120	123	0.808468
120	125	0.762372
120	134	0.756388
120	141	0.754178
120	143	1.12595
120	149	1.15018
120	150	1.14628
120	151	1.1343
120	153	1.16159
120	155	0.762308
120	158	0.753265
120	159	1.12527
120	161	1.14648
120	166	1.13464
120	169	1.14505
120	170	1.16616
120	171	1.13234
120	172	1.15203
120	174	1.15
120	175	1.12012
120	177	1.16097
120	178	1.17285
120	179	1.12985
120	180	1.13484
121	9	0.706352
121	10	1.22896
121	12	1.22774
121	34	1.17481
121	44	1.13777
121	49	1.2142
121	50	1.22125
121	51	1.22028
121	52	1.22028
121	54	1.09978
121	67	1.29204
121	70	1.14208
121	84	1.22422
121	89	1.23712
121	102	1.16886
121	112	0.703186
121	114	1.15963
121	126	0.703458
121	128	0.721032
121	131	0.69962
121	148	1.19685
121	152	0.727637
121	161	0.709031
121	162	1.20842
121	164	1.32573
121	167	0.734461
121	168	0.736566
121	170	0.709941
121	178	0.693027
121	179	0.73406
121	180	0.733229
122	1	1.17854
122	2	0.757437
122	41	1.15307
122	85	1.12345
122	88	1.17552
122	96	0.777313
122	103	1.09403
122	114	0.819251
122	118	1.18467
122	125	1.12787
122	129	1.1452
122	132	1.12862
122	136	1.10593
122	137	1.16139
122	139	0.782695
122	146	0.800622
122	149	1.14512
122	152	1.1455
122	155	1.13628
122	158	1.13989
122	159	0.798862
122	160	1.12028
122	162	1.14148
122	164	0.689036
122	165	0.770816
122	167	1.13205
122	170	1.1611
122	171	0.794936
122	172	0.759404
122	175	0.807641
122	178	0.752895
123	1	1.15909
123	73	0.761041
123	107	0.797435
123	110	0.809003
123	116	1.11847
123	120	0.808468
123	124	1.12003
123	125	1.10842
123	129	1.12575
123	132	1.10917
123	133	1.10185
123	136	1.08648
123	137	1.14194
123	141	0.801293
123	143	0.826578
123	147	1.08818
123	150	0.798943
123	152	1.12604
123	153	0.790773
123	154	1.11404
123	155	1.11683
123	156	1.09099
123	157	1.13404
123	158	1.12044
123	160	1.10083
123	162	1.12203
123	163	0.817575
123	167	1.1126
123	172	0.784919
123	173	1.20277
123	175	0.833156
123	178	0.77841
124	45	0.789821
124	47	1.24415
124	55	0.70656
124	88	1.2046
124	90	1.20319
124	101	0.69304
124	115	0.772532
124	117	1.166
124	118	1.21376
124	123	1.12003
124	126	0.72204
124	127	0.742759
124	134	1.15625
124	136	1.13502
124	137	1.19048
124	138	0.731115
124	144	1.18887
124	146	0.759336
124	147	1.13672
124	154	1.16258
124	155	1.16537
124	157	1.18258
124	158	1.16898
124	160	1.14937
124	162	1.17056
124	165	0.72953
124	168	0.755148
124	169	0.744884
124	170	1.19019
124	173	1.2513
124	178	0.711609
124	179	0.752642
125	4	1.19415
125	42	1.15257
125	47	1.23254
125	48	0.734426
125	61	1.13691
125	78	0.71935
125	86	0.727147
125	87	0.806614
125	88	1.19299
125	91	1.11176
125	116	1.15539
125	118	1.20215
125	120	0.762372
125	122	1.12787
125	123	1.10842
125	132	1.1461
125	133	1.13877
125	136	1.12341
125	137	1.17887
125	147	1.12511
125	152	1.16297
125	155	1.15376
125	156	1.12792
125	157	1.17097
125	158	1.15737
125	159	0.778281
125	165	0.750235
125	168	0.775853
125	169	0.765589
125	171	0.774356
125	174	0.755728
125	175	0.78706
125	180	0.772516
126	20	0.624618
126	74	0.692786
126	85	0.760395
126	87	1.17658
126	89	0.711821
126	109	0.682061
126	115	1.18488
126	116	0.72948
126	119	1.26158
126	121	0.703458
126	124	0.72204
126	130	0.678604
126	137	0.72364
126	138	1.22416
126	145	1.20753
126	150	1.22638
126	156	0.753177
126	157	0.722224
126	159	1.20537
126	161	1.22659
126	162	0.721138
126	163	1.21179
126	166	1.21475
126	168	1.21212
126	169	1.22515
126	171	1.21244
126	173	0.666977
126	174	1.2301
126	175	1.20022
126	176	1.21439
126	177	1.24107
126	179	1.20995
126	180	1.21494
127	10	0.713287
127	12	0.723207
127	41	0.753313
127	54	0.850312
127	80	1.22941
127	84	0.737244
127	107	0.751413
127	111	0.743671
127	118	0.722057
127	119	1.2045
127	124	0.742759
127	130	0.699323
127	136	0.780093
127	139	1.16346
127	145	1.15045
127	146	1.13417
127	148	0.750958
127	154	0.761916
127	159	1.14829
127	160	0.764944
127	161	1.1695
127	163	1.15471
127	165	1.16784
127	167	1.16012
127	168	1.15504
127	169	1.16807
127	171	1.15536
127	172	1.17505
127	174	1.17301
127	175	1.14314
127	176	1.15731
127	177	1.18399
127	178	1.19587
127	179	1.15287
127	180	1.15785
128	17	1.14796
128	27	1.08181
128	46	1.12473
128	65	1.25855
128	66	1.14893
128	75	1.16359
128	79	0.810274
128	83	1.18794
128	92	0.759429
128	96	1.16837
128	97	1.16531
128	98	1.13518
128	99	1.14001
128	108	0.704906
128	113	1.19866
128	121	0.721032
128	130	1.22954
128	135	1.16202
128	138	0.748748
128	140	1.16721
128	141	1.16721
128	142	1.16721
128	146	0.776969
128	148	1.1586
128	154	1.16219
128	156	0.770752
128	165	1.16847
128	169	0.762517
128	172	0.735751
128	173	0.684551
128	174	0.752656
128	177	0.740165
128	178	1.19649
128	179	0.770275
128	180	0.769444
129	18	1.14178
129	31	0.711316
129	42	1.16989
129	53	1.09051
129	59	1.17277
129	69	0.818714
129	85	1.15825
129	96	0.751523
129	103	1.12883
129	108	0.702769
129	118	1.21947
129	122	1.1452
129	123	1.12575
129	132	1.16342
129	133	1.1561
129	134	1.16197
129	137	1.19619
129	144	1.19458
129	150	0.747638
129	153	0.739468
129	155	1.17108
129	156	1.14524
129	158	1.17469
129	160	1.15508
129	161	0.743109
129	162	1.17628
129	168	0.770644
129	170	1.1959
129	173	1.25702
129	174	0.750519
129	175	0.781851
129	176	0.761027
129	177	0.738028
129	178	0.727105
129	179	0.768138
130	23	1.18948
130	27	1.14355
130	33	1.2726
130	38	1.20387
130	40	0.701751
130	56	1.24917
130	60	1.3224
130	63	1.20945
130	76	1.23101
130	96	1.23012
130	97	1.22705
130	104	1.22629
130	112	0.678332
130	126	0.678604
130	127	0.699323
130	128	1.22954
130	131	1.22979
130	135	1.22376
130	140	1.22896
130	141	1.22896
130	142	1.22896
130	143	0.716341
130	149	0.700792
