1	24	0.997112
1	45	0.957115
1	46	0.94956
1	58	1.029
1	70	0.961397
1	126	1.11278
1	150	0.992174
1	160	0.974809
1	168	1.60313
1	169	1.28885
1	179	0.855287
2	9	0.875783
2	20	0.943483
2	34	0.943483
2	66	0.95829
2	67	0.963389
2	81	0.90395
2	144	0.925283
2	149	1.2115
2	154	0.965573
2	165	1.16443
2	167	0.954573
2	173	1.94574
3	6	0.910482
3	11	0.85364
3	59	0.901754
3	61	0.901046
3	72	0.964264
3	75	1.06658
3	133	1.67544
3	142	0.932792
3	145	0.980042
3	156	1.71464
3	169	0.920609
3	179	0.846455
4	8	0.84577
4	19	0.948719
4	21	0.955103
4	30	0.932626
4	42	0.895852
4	54	0.983985
4	57	0.984984
4	118	0.93722
4	137	1.30568
4	140	1.38121
4	147	1.58995
4	167	0.937382
5	25	1.04358
5	26	1.19139
5	52	1.08193
5	53	0.982225
5	56	1.07435
5	63	1.05297
5	142	1.0184
5	152	0.996537
5	156	0.961119
5	159	1.26672
5	162	1.30125
5	163	0.990133
6	3	0.910482
6	28	0.98724
6	59	0.890346
6	61	0.889638
6	72	0.952856
6	75	1.05517
6	131	0.996096
6	137	1.38501
6	138	1.42499
6	140	1.46054
6	169	0.909201
6	179	0.835047
7	15	0.936879
7	47	0.895405
7	74	1.00994
7	79	0.8865
7	83	0.972356
7	86	0.94615
7	96	0.972598
7	117	1.40116
7	142	0.896363
7	160	0.929548
7	165	1.10711
7	171	1.78637
8	4	0.84577
8	19	0.955813
8	21	0.962197
8	42	0.902946
8	50	0.870773
8	54	0.991079
8	57	0.992078
8	118	0.944314
8	124	0.985362
8	167	0.944476
8	178	1.56473
8	179	1.77184
9	2	0.875783
9	67	0.966114
9	81	0.906675
9	103	1.13402
9	127	1.558
9	133	0.862424
9	144	0.928008
9	145	0.958351
9	150	0.96165
9	154	0.968298
9	161	1.60787
9	167	0.957298
10	78	0.871716
10	94	0.957263
10	95	0.953605
10	105	0.913541
10	106	0.978098
10	107	0.975083
10	134	1.00315
10	135	1.209
10	148	1.252
10	157	0.946222
10	179	1.84126
10	180	0.847406
11	3	0.85364
11	61	0.953569
11	86	0.633457
11	116	1.18788
11	147	1.09993
11	150	0.524966
11	162	1.10054
11	175	0.993469
11	176	0.953839
11	177	0.989864
11	178	1.04773
11	180	1.02624
12	62	0.877559
12	64	0.977847
12	71	0.981661
12	85	0.974322
12	90	0.947395
12	97	0.923509
12	98	0.900471
12	111	0.994098
12	120	1.26418
12	167	0.962116
12	171	2.02787
12	180	0.832189
13	18	1.0831
13	25	1.06027
13	40	1.03007
13	52	1.09862
13	53	0.998912
13	56	1.09104
13	63	1.06966
13	120	0.892073
13	127	1.23377
13	133	1.35191
13	148	1.05015
13	156	0.977806
14	19	0.970323
14	21	0.976707
14	30	0.95423
14	33	1.07568
14	50	0.885283
14	54	1.00559
14	57	1.00659
14	120	1.36788
14	136	0.958572
14	167	0.958986
14	169	1.52303
15	7	0.936879
15	36	1.01352
15	79	0.974346
15	83	1.0602
15	86	1.034
15	96	1.06044
15	115	1.02985
15	146	1.00011
15	149	0.933207
15	159	1.069
15	160	1.01739
15	164	1.24345
15	180	1.63455
16	22	1.03971
16	55	1.08519
16	62	0.957709
16	90	1.02754
16	91	1.02086
16	92	0.875283
16	97	1.00366
16	98	0.980621
16	111	1.07425
16	153	1.07354
16	168	1.38919
16	170	1.47402
16	180	0.912338
17	31	1.00523
17	49	1.17054
17	60	1.0902
17	65	1.01103
17	68	0.978464
17	110	0.914341
17	144	0.987881
17	154	1.02817
17	157	0.986059
17	160	1.00416
17	169	0.95879
17	178	1.34189
17	179	1.549
18	13	1.0831
18	25	1.01688
18	40	0.986676
18	52	1.05523
18	53	0.955522
18	56	1.04765
18	63	1.02627
18	142	0.991701
18	152	1.07154
18	156	0.934416
18	159	1.34172
18	162	1.37625
18	163	1.06513
19	4	0.948719
19	8	0.955813
19	14	0.970323
19	21	1.06515
19	42	1.00589
19	50	0.973722
19	54	1.09403
19	110	0.898827
19	120	0.786149
19	136	1.04701
19	167	1.04742
19	174	1.6631
19	179	1.53348
20	2	0.943483
20	66	1.02872
20	67	1.03382
20	81	0.974375
20	140	0.546971
20	144	0.995709
20	145	1.02605
20	150	1.02935
20	151	1.2569
20	154	1.036
20	167	1.025
20	177	1.7021
20	180	1.36126
21	4	0.955103
21	8	0.962197
21	14	0.976707
21	19	1.06515
21	30	1.04905
21	42	1.01228
21	50	0.980105
21	109	0.510732
21	118	1.05365
21	122	1.0572
21	167	1.05381
21	177	1.81544
21	180	1.4746
22	16	1.03971
22	85	1.04574
22	90	1.01881
22	91	1.01213
22	97	0.994929
22	98	0.971891
22	111	1.06552
22	134	1.1015
22	152	1.11858
22	153	1.27524
22	158	1.34383
22	167	1.03354
22	180	0.903609
23	64	1.04834
23	85	1.04482
23	90	1.01789
23	91	1.0112
23	97	0.994003
23	98	0.970966
23	111	1.06459
23	138	0.799098
23	139	0.964846
23	167	1.03261
23	170	1.37034
23	174	1.69303
23	180	0.902683
24	1	0.997112
24	45	1.01467
24	58	1.08656
24	70	1.01895
24	121	1.16982
24	130	1.17732
24	136	1.04496
24	145	1.04643
24	153	0.902972
24	156	0.941897
24	160	1.03237
24	174	1.62614
24	179	0.912844
25	5	1.04358
25	13	1.06027
25	18	1.01688
25	26	1.14186
25	40	0.963847
25	53	0.932692
25	56	1.02482
25	63	1.00344
25	132	0.828043
25	149	0.775713
25	156	0.911586
25	159	0.911508
25	176	2.36901
26	5	1.19139
26	25	1.14186
26	38	1.05394
26	40	1.11166
26	52	1.18021
26	53	1.0805
26	56	1.17263
26	63	1.15125
26	84	1.13879
26	148	0.913434
26	156	1.0594
26	158	0.977727
26	166	0.939676
27	69	1.03554
27	77	1.01504
27	80	1.0144
27	82	1.00931
27	89	1.04233
27	100	0.90443
27	137	0.976485
27	144	1.02611
27	150	1.05975
27	151	1.76194
27	159	1.01052
27	169	1.1886
27	171	0.915774
28	6	0.98724
28	59	0.978512
28	61	0.977804
28	72	1.04102
28	75	1.14334
28	128	0.745294
28	142	1.00955
28	145	1.0568
28	151	1.44405
28	168	1.18499
28	169	0.997367
28	171	1.47925
28	179	0.923213
29	52	1.10119
29	56	1.09361
29	81	1.03324
29	92	0.894906
29	98	1.02222
29	111	1.11584
29	135	1.05445
29	147	1.16669
29	156	0.980379
29	164	1.38113
29	167	1.08386
29	180	0.953933
30	4	0.932626
30	14	0.95423
30	21	1.04905
30	42	0.989802
30	50	0.957628
30	54	1.07793
30	57	1.07893
30	136	1.03092
30	141	1.2703
30	155	1.09259
30	166	0.955669
30	167	1.03133
30	171	1.53505
31	17	1.00523
31	49	1.17752
31	65	1.018
31	68	0.985439
31	133	0.929271
31	154	1.03514
31	156	1.04742
31	157	0.993033
31	160	1.01113
31	166	0.732695
31	169	0.965764
31	177	1.72207
31	180	1.38123
32	86	0.905636
32	91	0.699369
32	115	0.805456
32	130	1.04017
32	137	1.12326
32	160	0.550402
32	163	1.11527
32	165	1.09859
32	172	0.960766
32	173	0.95102
32	175	0.933293
32	176	0.893664
32	180	0.966068
33	14	1.07568
33	79	0.753025
33	92	1.12479
33	110	1.11707
33	118	0.7808
33	145	0.599474
33	153	1.0667
33	165	1.08177
33	166	1.05395
33	173	0.934197
33	175	0.916471
33	176	0.876841
33	177	0.912866
34	2	0.943483
34	66	1.02872
34	67	1.03382
34	81	0.974375
34	127	1.01842
34	141	1.17567
34	144	0.995709
34	145	1.02605
34	150	1.02935
34	154	1.036
34	167	1.025
34	170	1.23099
34	179	1.42406
35	84	0.857335
35	109	0.940227
35	110	0.94246
35	142	1.57919
35	157	1.53832
35	161	0.848375
35	163	0.923838
35	166	0.879345
35	174	0.763179
35	176	0.702231
35	177	0.738256
35	178	0.796121
36	15	1.01352
36	47	0.972048
36	60	1.21274
36	74	1.08658
36	79	0.963143
36	83	1.049
36	86	1.02279
36	96	1.04924
36	119	0.977095
36	137	0.867243
36	160	1.00619
36	161	1.31578
36	178	1.46443
37	76	1.05833
37	78	0.959218
37	94	1.04476
37	95	1.04111
37	104	1.01595
37	105	1.00104
37	106	1.0656
37	107	1.06258
37	117	0.858234
37	152	0.476873
37	172	1.30543
37	176	2.20456
37	180	0.934908
38	26	1.05394
38	94	1.22189
38	117	0.974965
38	140	1.03091
38	150	1.18551
38	151	0.930825
38	172	0.894557
38	173	0.884811
38	174	0.888402
38	175	0.867085
38	176	0.827455
38	177	0.863479
38	178	0.921345
39	48	0.964587
39	51	0.958603
39	99	1.03108
39	101	0.965116
39	108	0.988562
39	112	0.970582
39	114	1.01167
39	136	0.925538
39	146	0.980298
39	157	0.979485
39	158	0.994226
39	163	0.809689
39	175	1.79242
39	180	1.65182
40	13	1.03007
40	18	0.986676
40	25	0.963847
40	26	1.11166
40	52	1.0022
40	53	0.90249
40	56	0.994614
40	63	0.973239
40	117	1.41377
40	133	1.49512
40	138	1.01831
40	142	0.938669
40	153	1.18907
40	156	0.881384
41	43	0.998324
41	69	1.00177
41	77	0.981258
41	80	0.980623
41	82	0.975535
41	89	1.00855
41	126	1.05255
41	127	1.41517
41	134	1.04744
41	146	0.99132
41	159	0.976739
41	163	1.0642
41	171	0.881997
41	178	1.6137
42	4	0.895852
42	8	0.902946
42	19	1.00589
42	21	1.01228
42	30	0.989802
42	50	0.920855
42	54	1.04116
42	57	1.04216
42	109	1.0268
42	136	0.994143
42	138	1.14084
42	143	1.2001
42	167	0.994558
42	170	1.71208
43	41	0.998324
43	69	0.992942
43	77	0.972433
43	80	0.971797
43	89	0.999727
43	134	1.03861
43	136	1.16066
43	140	1.07266
43	146	0.982495
43	150	1.01715
43	159	0.967914
43	163	1.04482
43	171	0.873171
43	180	1.88694
44	46	1.07958
44	58	1.15903
44	70	1.09142
44	133	1.08897
44	136	1.11743
44	145	1.1189
44	149	0.760649
44	150	1.1222
44	156	1.01436
44	160	1.10483
44	162	0.930977
44	178	1.16936
44	179	0.985311
44	180	1.46199
45	1	0.957115
45	24	1.01467
45	58	1.04656
45	70	0.978956
45	103	0.906883
45	136	1.00497
45	145	1.00643
45	149	1.12068
45	150	1.00973
45	156	0.901899
45	160	0.992369
45	169	1.14431
45	175	1.96262
45	179	0.872847
46	1	0.94956
46	44	1.07958
46	58	1.03901
46	70	0.971402
46	118	0.997665
46	143	0.863723
46	145	0.99888
46	150	1.00218
46	156	0.894345
46	160	0.984815
46	162	1.12328
46	175	1.79489
46	178	1.36166
46	179	0.865292
47	7	0.895405
47	36	0.972048
47	74	1.05631
47	79	0.932872
47	83	1.01873
47	86	0.992523
47	96	1.01897
47	126	1.00163
47	137	0.88994
47	146	0.958634
47	160	0.97592
47	165	1.03134
47	168	1.41633
47	173	1.81266
48	39	0.964587
48	51	0.938085
48	71	1.13018
48	88	0.981148
48	93	0.960669
48	99	1.01056
48	101	0.944597
48	102	1.0092
48	108	0.968044
48	109	1.28169
48	112	0.950063
48	114	0.991154
48	148	1.57078
48	163	1.40342
48	171	0.850456
49	17	1.17054
49	31	1.17752
49	65	1.18332
49	68	1.15076
49	100	0.736059
49	116	0.900857
49	124	0.825935
49	144	1.16017
49	152	0.862205
49	154	1.20046
49	155	1.18631
49	157	1.15835
49	160	1.17645
49	169	1.13108
49	178	1.4053
50	8	0.870773
50	14	0.885283
50	19	0.973722
50	21	0.980105
50	30	0.957628
50	42	0.920855
50	54	1.00899
50	57	1.00999
50	116	1.07316
50	118	0.962223
50	128	1.06712
50	136	0.96197
50	167	0.962384
50	168	1.50681
50	171	1.80107
51	39	0.958603
51	48	0.938085
51	93	0.954685
51	99	1.00457
51	101	0.938614
51	102	1.00321
51	108	0.96206
51	109	1.1477
51	112	0.94408
51	114	0.98517
51	154	0.995094
51	159	1.54602
51	163	1.26944
51	166	1.46303
51	171	0.844473
52	5	1.08193
52	13	1.09862
52	18	1.05523
52	26	1.18021
52	29	1.10119
52	40	1.0022
52	53	0.971046
52	63	1.04179
52	136	0.571136
52	142	1.00722
52	156	0.94994
52	164	0.906315
52	174	1.34151
52	177	1.63826
52	180	1.29742
53	5	0.982225
53	13	0.998912
53	18	0.955522
53	25	0.932692
53	26	1.0805
53	40	0.90249
53	52	0.971046
53	56	0.96346
53	63	0.942085
53	123	1.19743
53	136	1.05197
53	142	0.907515
53	148	1.10348
53	156	0.85023
53	177	2.1191
54	4	0.983985
54	8	0.991079
54	14	1.00559
54	19	1.09403
54	30	1.07793
54	42	1.04116
54	50	1.00899
54	57	1.13029
54	84	1.1041
54	87	0.894896
54	136	1.08228
54	155	1.0419
54	161	1.11224
54	167	1.08269
54	180	1.55352
55	16	1.08519
55	62	0.994456
55	85	1.09122
55	90	1.06429
55	91	1.05761
55	97	1.04041
55	98	1.01737
55	111	1.11099
55	130	1.10103
55	132	0.856737
55	141	1.17184
55	165	0.757335
55	167	1.07901
55	177	1.84659
55	180	0.949086
56	5	1.07435
56	13	1.09104
56	18	1.04765
56	25	1.02482
56	26	1.17263
56	29	1.09361
56	40	0.994614
56	53	0.96346
56	63	1.03421
56	129	0.97657
56	142	0.999639
56	159	0.92192
56	164	1.09636
56	170	1.20888
56	172	1.4803
57	4	0.984984
57	8	0.992078
57	14	1.00659
57	30	1.07893
57	42	1.04216
57	50	1.00999
57	54	1.13029
57	113	0.915472
57	118	1.08353
57	122	1.36761
57	136	1.08328
57	139	1.10093
57	161	1.34373
57	163	0.942885
57	167	1.08369
58	1	1.029
58	24	1.08656
58	44	1.15903
58	45	1.04656
58	46	1.03901
58	60	1.26535
58	70	1.05084
58	143	1.01911
58	145	1.07832
58	150	1.08162
58	156	0.973787
58	158	1.19919
58	165	1.06126
58	169	1.13197
58	179	0.944734
59	3	0.901754
59	6	0.890346
59	28	0.978512
59	61	0.88091
59	72	0.944128
59	75	1.04645
59	126	0.971554
59	130	1.28867
59	131	0.987367
59	141	1.35948
59	142	0.912656
59	145	0.959906
59	147	1.08784
59	169	0.900473
59	177	2.03423
59	179	0.826319
60	17	1.0902
60	36	1.21274
60	58	1.26535
60	89	0.978136
60	110	1.03776
60	155	0.973757
60	161	0.943677
60	162	0.944231
60	163	1.01914
60	164	0.937308
60	165	1.00246
60	172	0.864636
60	173	0.85489
60	177	0.833558
60	178	0.891424
60	179	0.867331
61	3	0.901046
61	6	0.889638
61	11	0.953569
61	28	0.977804
61	59	0.88091
61	72	0.943419
61	75	1.04574
61	84	1.69896
61	126	0.970845
61	128	1.34526
61	131	0.986659
61	142	0.911948
61	145	0.959198
61	166	1.49984
61	169	0.899764
61	179	0.82561
62	12	0.877559
62	16	0.957709
62	55	0.994456
62	64	0.967262
62	71	1.10635
62	85	0.963736
62	90	0.936809
62	91	0.930124
62	97	0.912923
62	98	0.889885
62	109	1.25786
62	111	0.983512
62	134	1.36891
62	167	0.95153
62	170	1.94314
62	180	0.821603
63	5	1.05297
63	13	1.06966
63	18	1.02627
63	25	1.00344
63	26	1.15125
63	40	0.973239
63	52	1.04179
63	53	0.942085
63	56	1.03421
63	123	1.06972
63	142	0.978264
63	147	1.04499
63	155	1.13892
63	156	0.920979
63	158	1.04005
63	173	1.68344
64	12	0.977847
64	23	1.04834
64	62	0.967262
64	85	1.06402
64	90	1.0371
64	91	1.03041
64	97	1.01321
64	98	0.990174
64	111	1.0838
64	124	1.08909
64	126	1.10731
64	147	1.35554
64	148	1.28631
64	152	1.12536
64	167	1.05182
64	180	0.921891
65	17	1.01103
65	31	1.018
65	49	1.18332
65	68	0.991241
65	115	1.02939
65	121	1.28374
65	133	0.935073
65	144	1.00066
65	154	1.04095
65	156	1.36215
65	157	0.998835
65	158	1.08548
65	160	1.01693
65	163	0.853829
65	169	0.971566
65	178	1.40333
66	2	0.95829
66	20	1.02872
66	34	1.02872
66	67	1.04862
66	81	0.989182
66	133	0.944931
66	137	0.688891
66	144	1.01052
66	145	1.04086
66	150	1.04416
66	154	1.05081
66	167	1.03981
66	168	1.21528
66	170	1.30012
66	178	1.28608
66	179	1.49319
67	2	0.963389
67	9	0.966114
67	20	1.03382
67	34	1.03382
67	66	1.04862
67	81	0.994281
67	121	1.39813
67	133	0.950031
67	145	1.04596
67	150	1.04926
67	152	0.974619
67	154	1.0559
67	155	1.29873
67	166	1.16181
67	167	1.0449
67	169	1.13264
68	17	0.978464
68	31	0.985439
68	49	1.15076
68	65	0.991241
68	103	1.00869
68	115	0.996822
68	133	0.902508
68	144	0.968092
68	154	1.00838
68	157	0.96627
68	158	0.702333
68	160	0.98437
68	169	0.939002
68	172	1.30565
68	174	1.35692
68	177	1.65366
68	180	1.31282
69	27	1.03554
69	41	1.00177
69	43	0.992942
69	77	0.975877
69	80	0.975241
69	82	0.970153
69	89	1.00317
69	92	0.89346
69	103	0.855653
69	117	1.31642
69	131	1.04475
69	134	1.04206
69	135	1.053
69	150	1.02059
69	159	0.971358
69	171	0.876615
69	177	2.11163
70	1	0.961397
70	24	1.01895
70	44	1.09142
70	45	0.978956
70	46	0.971402
70	58	1.05084
70	87	1.23668
70	118	1.0095
70	126	1.04153
70	136	1.00925
70	150	1.01402
70	156	0.906181
70	158	1.28482
70	160	0.996651
70	164	1.5042
70	166	1.24677
70	179	0.877128
71	12	0.981661
71	48	1.13018
71	62	1.10635
71	80	0.646631
71	100	1.14112
71	108	0.778821
71	122	1.00953
71	147	1.01652
71	149	1.05624
71	152	1.09722
71	162	1.01713
71	168	0.98048
71	174	0.931382
71	175	0.910065
71	176	0.870435
71	177	0.906459
71	178	0.964325
72	3	0.964264
72	6	0.952856
72	28	1.04102
72	59	0.944128
72	61	0.943419
72	75	1.10896
72	100	0.866109
72	126	1.03406
72	131	1.04988
72	134	0.975167
72	139	1.1439
72	142	0.975166
72	145	1.02242
72	155	1.31636
72	169	0.962982
72	175	1.96858
72	179	0.888828
73	88	1.0101
73	93	0.989621
73	101	0.97355
73	102	1.03815
73	108	0.996996
73	112	0.979016
73	114	1.02011
73	115	1.01847
73	134	1.03125
73	137	0.994249
73	154	1.03003
73	157	0.987919
73	158	1.00266
73	159	1.31852
73	162	1.35305
73	171	0.879409
73	178	1.59144
74	7	1.00994
74	36	1.08658
74	47	1.05631
74	79	1.04741
74	83	1.13326
74	86	1.10706
74	96	1.13351
74	110	0.691258
74	126	1.11617
74	142	1.05727
74	146	1.07317
74	151	1.30707
74	160	1.09046
74	162	0.880422
74	164	1.02033
74	171	1.34228
74	179	1.32591
75	3	1.06658
75	6	1.05517
75	28	1.14334
75	59	1.04645
75	61	1.04574
75	72	1.10896
75	126	1.13638
75	131	1.1522
75	140	0.756919
75	142	1.07748
75	143	0.780637
75	153	0.892136
75	156	1.2374
75	169	1.0653
75	172	1.56404
75	178	1.27858
75	179	0.991147
76	37	1.05833
76	78	0.923969
76	94	1.00952
76	95	1.00586
76	104	0.980697
76	105	0.965794
76	106	1.03035
76	107	1.02734
76	113	0.770046
76	134	1.05541
76	141	1.30568
76	156	1.30578
76	158	1.01322
76	159	0.984707
76	164	1.24849
76	173	1.67249
76	180	0.899659
77	27	1.01504
77	41	0.981258
77	43	0.972433
77	69	0.975877
77	80	0.954732
77	82	0.949644
77	89	0.982661
77	110	1.23198
77	113	1.08261
77	131	1.02424
77	139	1.26807
77	144	0.966438
77	146	0.965429
77	150	1.00008
77	158	1.34167
77	159	0.950848
77	171	0.856105
77	178	1.65953
78	10	0.871716
78	37	0.959218
78	76	0.923969
78	94	0.9104
78	95	0.906742
78	104	0.881581
78	105	0.866678
78	106	0.931235
78	107	0.92822
78	116	1.16922
78	131	0.958985
78	153	1.28723
78	157	0.899359
78	158	0.9141
78	159	0.885591
78	171	1.89714
78	174	2.01039
78	180	0.800543
79	7	0.8865
79	15	0.974346
79	33	0.753025
79	36	0.963143
79	47	0.932872
79	74	1.04741
79	83	1.00982
79	86	0.983618
79	96	1.01007
79	115	0.979468
79	119	0.937918
79	121	1.46586
79	126	0.992728
79	130	1.47336
79	142	0.933831
79	146	0.949729
79	156	1.54427
79	165	1.12967
80	27	1.0144
80	41	0.980623
80	43	0.971797
80	69	0.975241
80	71	0.646631
80	77	0.954732
80	82	0.949008
80	89	0.982026
80	125	1.00039
80	131	1.02361
80	144	0.965803
80	146	0.964794
80	150	0.999445
80	159	0.950213
80	165	1.01359
80	171	0.85547
80	173	1.7949
80	175	1.9026
81	2	0.90395
81	9	0.906675
81	20	0.974375
81	29	1.03324
81	34	0.974375
81	66	0.989182
81	67	0.994281
81	125	1.24347
81	133	0.890591
81	143	1.21451
81	144	0.956175
81	145	0.986518
81	149	1.30373
81	150	0.989817
81	152	1.16935
81	154	0.996465
81	167	0.985465
81	168	1.64165
82	27	1.00931
82	41	0.975535
82	69	0.970153
82	77	0.949644
82	80	0.949008
82	87	1.19124
82	89	0.976938
82	131	1.01852
82	134	1.01582
82	135	1.13208
82	144	0.960715
82	146	0.959706
82	150	0.994357
82	159	0.945125
82	166	1.20133
82	169	1.17216
82	171	0.850382
82	174	1.89396
83	7	0.972356
83	15	1.0602
83	36	1.049
83	47	1.01873
83	74	1.13326
83	79	1.00982
83	86	1.06947
83	96	1.09592
83	126	1.07858
83	135	0.901287
83	139	0.93499
83	142	1.01969
83	146	1.03559
83	158	1.00859
83	160	1.05287
83	161	1.17779
83	164	1.22797
83	171	1.54991
84	26	1.13879
84	35	0.857335
84	54	1.1041
84	61	1.69896
84	125	0.986497
84	137	1.01612
84	142	1.20886
84	147	0.932617
84	148	0.973817
84	155	0.962751
84	165	0.991453
84	172	0.853631
84	174	0.847476
84	175	0.826158
84	176	0.786528
84	177	0.822552
84	178	0.880418
84	180	0.858932
85	12	0.974322
85	22	1.04574
85	23	1.04482
85	55	1.09122
85	62	0.963736
85	64	1.06402
85	90	1.03357
85	91	1.02689
85	97	1.00969
85	98	0.986649
85	110	1.10549
85	111	1.08028
85	134	0.972851
85	138	0.975834
85	159	1.26012
85	165	1.07725
85	167	1.04829
85	179	1.74014
85	180	0.918366
86	7	0.94615
86	11	0.633457
86	15	1.034
86	32	0.905636
86	36	1.02279
86	47	0.992523
86	74	1.10706
86	79	0.983618
86	83	1.06947
86	96	1.06972
86	115	1.03912
86	119	0.997569
86	125	1.06666
86	142	0.993481
86	143	1.0377
86	146	1.00938
86	160	1.02667
86	166	1.17973
86	180	1.82827
87	54	0.894896
87	70	1.23668
87	82	1.19124
87	127	0.954617
87	128	1.03808
87	130	0.962536
87	131	0.995029
87	137	1.04562
87	138	1.04295
87	144	0.879422
87	164	0.955803
87	165	1.02095
87	166	0.993142
87	170	0.911336
87	173	0.873385
87	174	0.876976
87	175	0.855658
87	177	0.852053
87	178	0.909919
88	48	0.981148
88	73	1.0101
88	93	0.997748
88	99	1.04764
88	101	0.981677
88	102	1.04628
88	108	1.00512
88	112	0.987143
88	113	0.638482
88	114	1.02823
88	127	1.01687
88	134	0.655211
88	146	0.99686
88	154	1.03816
88	157	0.996046
88	158	1.01079
88	171	0.887536
88	176	2.39998
88	178	1.2154
88	180	1.50802
89	27	1.04233
89	41	1.00855
89	43	0.999727
89	60	0.978136
89	69	1.00317
89	77	0.982661
89	80	0.982026
89	82	0.976938
89	130	1.11774
89	131	1.05154
89	134	1.04884
89	144	0.993732
89	146	0.992723
89	150	1.02737
89	159	0.978142
89	165	0.774047
89	168	1.15904
89	171	0.8834
89	172	1.51529
89	175	1.66306
90	12	0.947395
90	16	1.02754
90	22	1.01881
90	23	1.01789
90	55	1.06429
90	62	0.936809
90	64	1.0371
90	85	1.03357
90	91	0.99996
90	97	0.982759
90	98	0.959721
90	111	1.05335
90	113	0.998986
90	117	1.41416
90	123	1.28771
90	129	1.35763
90	159	1.30298
90	163	1.0264
90	167	1.02137
90	180	0.891439
91	16	1.02086
91	22	1.01213
91	23	1.0112
91	32	0.699369
91	55	1.05761
91	62	0.930124
91	64	1.03041
91	85	1.02689
91	90	0.99996
91	97	0.976074
91	98	0.953036
91	103	1.02599
91	111	1.04666
91	126	0.768224
91	148	0.947224
91	158	1.01152
91	167	1.01468
91	168	1.25858
91	176	2.51396
91	180	0.884754
92	16	0.875283
92	29	0.894906
92	33	1.12479
92	69	0.89346
92	108	1.01686
92	111	0.907613
92	127	1.01796
92	128	1.10143
92	132	1.07555
92	140	1.08283
92	155	1.0556
92	157	0.740089
92	168	0.989421
92	172	0.946478
92	173	0.936732
92	174	0.940323
92	176	0.879376
92	177	0.9154
92	178	0.973266
92	180	0.95178
93	48	0.960669
93	51	0.954685
93	73	0.989621
93	88	0.997748
93	99	1.02716
93	101	0.961198
93	102	1.0258
93	108	0.984644
93	112	0.966664
93	114	1.00775
93	120	1.05661
93	126	1.03569
93	127	1.39831
93	129	1.37857
93	134	1.03666
93	146	0.97638
93	154	1.01768
93	157	0.975567
93	158	0.990308
93	171	0.867056
93	179	1.80395
94	10	0.957263
94	37	1.04476
94	38	1.22189
94	76	1.00952
94	78	0.9104
94	95	0.992288
94	104	0.967127
94	105	0.952224
94	106	1.01678
94	107	1.01377
94	119	0.973908
94	123	1.17535
94	128	0.95305
94	131	1.04453
94	133	1.38315
94	140	0.941881
94	157	0.984905
94	158	0.999646
94	159	0.971138
94	173	1.78907
94	180	0.886089
95	10	0.953605
95	37	1.04111
95	76	1.00586
95	78	0.906742
95	94	0.992288
95	100	1.11056
95	104	0.96347
95	105	0.948567
95	106	1.01312
95	107	1.01011
95	118	1.0122
95	124	1.20044
95	134	1.03818
95	149	1.37109
95	152	1.23671
95	153	1.39337
95	157	0.981247
95	158	0.995988
95	159	0.96748
95	169	1.39473
95	180	0.882432
96	7	0.972598
96	15	1.06044
96	36	1.04924
96	47	1.01897
96	74	1.13351
96	79	1.01007
96	83	1.09592
96	86	1.06972
96	115	1.06557
96	119	1.02402
96	123	1.15601
96	126	1.07883
96	142	1.01993
96	143	0.946267
96	146	1.03583
96	158	1.12635
96	159	1.17129
96	160	1.05311
96	165	0.988422
96	166	1.0883
96	170	1.45825
97	12	0.923509
97	16	1.00366
97	22	0.994929
97	23	0.994003
97	55	1.04041
97	62	0.912923
97	64	1.01321
97	85	1.00969
97	90	0.982759
97	91	0.976074
97	98	0.935835
97	103	1.00878
97	111	1.02946
97	136	0.98053
97	156	1.373
97	159	1.14127
97	164	1.31571
97	167	0.99748
97	168	1.34339
97	179	1.62129
97	180	0.867553
98	12	0.900471
98	16	0.980621
98	22	0.971891
98	23	0.970966
98	29	1.02222
98	55	1.01737
98	62	0.889885
98	64	0.990174
98	85	0.986649
98	90	0.959721
98	91	0.953036
98	97	0.935835
98	103	0.985747
98	111	1.00642
98	121	1.58882
98	124	1.12904
98	129	1.49014
98	148	1.32626
98	149	1.29969
98	152	1.16531
98	167	0.974443
98	180	0.844515
99	39	1.03108
99	48	1.01056
99	51	1.00457
99	88	1.04764
99	93	1.02716
99	101	1.01109
99	102	1.07569
99	108	1.03453
99	112	1.01655
99	114	1.05764
99	124	0.763786
99	132	0.98677
99	133	1.26276
99	146	1.02627
99	154	1.06757
99	155	1.12416
99	157	1.02546
99	158	1.0402
99	161	1.1945
99	168	1.27236
99	171	0.916946
99	173	1.66868
100	27	0.90443
100	49	0.736059
100	71	1.14112
100	72	0.866109
100	95	1.11056
100	104	0.884924
100	119	0.610809
100	127	1.0407
100	137	1.1317
100	143	1.10634
100	150	0.757906
100	163	1.12372
100	164	1.04188
100	165	1.10703
100	168	1.01215
100	171	0.964818
100	172	0.969211
100	174	0.963056
100	175	0.941739
100	176	0.902109
100	177	0.938133
100	178	0.995999
101	39	0.965116
101	48	0.944597
101	51	0.938614
101	73	0.97355
101	88	0.981677
101	93	0.961198
101	99	1.01109
101	102	1.00972
101	108	0.968573
101	112	0.950592
101	114	0.991683
101	119	0.948498
101	122	1.45126
101	132	1.21965
101	136	1.14238
101	138	1.01883
101	146	0.960309
101	157	0.959495
101	158	0.974236
101	169	1.19096
101	171	0.850985
101	175	2.00926
102	48	1.0092
102	51	1.00321
102	73	1.03815
102	88	1.04628
102	93	1.0258
102	99	1.07569
102	101	1.00972
102	108	1.03317
102	112	1.01519
102	114	1.05628
102	116	0.979221
102	132	1.12729
102	134	0.923482
102	139	1.09221
102	146	1.02491
102	154	1.06621
102	155	1.26468
102	157	1.02409
102	158	1.03883
102	169	1.09859
102	171	0.915584
102	172	1.76913
103	9	1.13402
103	45	0.906883
103	68	1.00869
103	69	0.855653
103	91	1.02599
103	97	1.00878
103	98	0.985747
103	105	1.13726
103	106	0.916782
103	111	1.07937
103	146	0.63613
103	149	1.03087
103	157	1.01628
103	160	1.03438
103	169	0.989012
103	170	0.940368
103	173	0.902417
103	174	0.906008
103	177	0.881085
103	178	0.938951
103	180	0.917465
104	37	1.01595
104	76	0.980697
104	78	0.881581
104	94	0.967127
104	95	0.96347
104	100	0.884924
104	105	0.923406
104	106	0.987963
104	107	0.984947
104	118	0.987036
104	119	0.945089
104	131	1.01571
104	134	1.01302
104	135	1.12901
104	153	1.16773
104	156	1.51299
104	157	0.956087
104	158	0.970827
104	159	0.942319
104	162	1.31578
104	171	1.77764
104	180	0.857271
105	10	0.913541
105	37	1.00104
105	76	0.965794
105	78	0.866678
105	94	0.952224
105	95	0.948567
105	103	1.13726
105	104	0.923406
105	106	0.97306
105	107	0.970044
105	118	0.972133
105	119	0.930186
105	120	1.21954
105	131	1.00081
105	134	0.998116
105	157	0.941184
105	158	0.955924
105	159	0.927416
105	161	1.61112
105	162	1.52138
105	163	1.21027
105	169	1.37469
105	180	0.842368
106	10	0.978098
106	37	1.0656
106	76	1.03035
106	78	0.931235
106	94	1.01678
106	95	1.01312
106	103	0.916782
106	104	0.987963
106	105	0.97306
106	107	1.0346
106	119	0.994743
106	124	0.959922
106	126	0.97814
106	131	1.06537
106	134	1.06267
106	138	0.982086
106	152	0.996191
106	156	1.49811
106	157	1.00574
106	158	1.02048
106	159	0.991973
106	175	1.97252
106	180	0.906925
107	10	0.975083
107	37	1.06258
107	76	1.02734
107	78	0.92822
107	94	1.01377
107	95	1.01011
107	104	0.984947
107	105	0.970044
107	106	1.0346
107	118	1.03367
107	120	0.882801
107	131	1.06235
107	133	1.34264
107	134	1.05966
107	136	0.989374
107	157	1.00273
107	158	1.01747
107	159	0.988958
107	165	0.967243
107	166	1.06712
107	172	1.70849
107	179	1.63014
107	180	0.903909
108	39	0.988562
108	48	0.968044
108	51	0.96206
108	71	0.778821
108	73	0.996996
108	88	1.00512
108	92	1.01686
108	93	0.984644
108	99	1.03453
108	101	0.968573
108	102	1.03317
108	112	0.974038
108	113	1.02465
108	114	1.01513
108	115	1.01349
108	119	0.971944
108	146	0.983755
108	147	1.28865
108	149	1.19285
108	154	1.02505
108	157	0.982942
108	165	1.14578
108	171	0.874431
108	174	1.93829
109	21	0.510732
109	35	0.940227
109	42	1.0268
109	48	1.28169
109	51	1.1477
109	62	1.25786
109	111	0.821075
109	124	1.1072
109	125	1.06939
109	141	0.98192
109	142	0.694415
109	148	1.05671
109	149	1.05523
109	163	1.09103
109	164	1.00919
109	165	1.07434
109	170	0.964728
109	172	0.936522
109	174	0.930367
109	175	0.90905
109	176	0.86942
109	177	0.905444
109	178	0.96331
109	179	0.939217
110	17	0.914341
110	19	0.898827
110	33	1.11707
110	35	0.94246
110	60	1.03776
110	74	0.691258
110	77	1.23198
110	85	1.10549
110	112	0.878731
110	129	1.01551
110	137	1.10125
110	140	1.0751
110	150	0.9996
110	161	1.0178
110	162	1.01835
110	164	1.01143
110	168	0.981698
110	172	0.938756
110	173	0.929009
110	174	0.932601
110	175	0.911283
110	176	0.871653
110	177	0.907678
110	178	0.965543
111	12	0.994098
111	16	1.07425
111	22	1.06552
111	23	1.06459
111	29	1.11584
111	55	1.11099
111	62	0.983512
111	64	1.0838
111	85	1.08028
111	90	1.05335
111	91	1.04666
111	92	0.907613
111	97	1.02946
111	98	1.00642
111	103	1.07937
111	109	0.821075
111	116	0.987867
111	124	0.912945
111	139	1.10086
111	140	0.970655
111	158	1.17446
111	167	1.06807
111	171	1.71578
111	180	0.938142
112	39	0.970582
112	48	0.950063
112	51	0.94408
112	73	0.979016
112	88	0.987143
112	93	0.966664
112	99	1.01655
112	101	0.950592
112	102	1.01519
112	108	0.974038
112	110	0.878731
112	114	0.997149
112	115	0.995514
112	119	0.953964
112	146	0.965775
112	147	0.993362
112	148	0.924131
112	154	1.00707
112	157	0.964961
112	158	0.979702
112	162	1.0679
112	166	0.950372
112	171	0.856451
112	173	1.63181
112	176	2.49087
113	57	0.915472
113	76	0.770046
113	77	1.08261
113	88	0.638482
113	90	0.998986
113	108	1.02465
113	115	0.858544
113	120	1.1135
113	124	1.14256
113	132	1.10095
113	141	1.01728
113	152	1.13157
113	153	1.09464
113	157	0.747874
113	165	1.1097
113	166	1.08189
113	168	1.01482
113	170	1.00009
113	171	0.967487
113	172	0.97188
113	173	0.962134
113	175	0.944407
113	176	0.904778
113	177	0.940802
113	178	0.998668
114	39	1.01167
114	48	0.991154
114	51	0.98517
114	73	1.02011
114	88	1.02823
114	93	1.00775
114	99	1.05764
114	101	0.991683
114	102	1.05628
114	108	1.01513
114	112	0.997149
114	115	1.0366
114	119	0.995055
114	120	0.930763
114	134	0.910804
114	146	1.00687
114	154	1.04816
114	157	1.00605
114	158	1.02079
114	162	1.2326
114	163	0.921487
114	165	1.01521
114	169	1.08591
114	170	1.48503
114	171	0.897542
114	177	2.10446
115	15	1.02985
115	32	0.805456
115	65	1.02939
115	68	0.996822
115	73	1.01847
115	79	0.979468
115	86	1.03912
115	96	1.06557
115	108	1.01349
115	112	0.995514
115	113	0.858544
115	114	1.0366
115	137	0.838271
115	138	0.878257
115	142	0.989332
115	146	1.00523
115	149	1.02675
115	151	1.62373
115	154	1.04653
115	157	1.00442
115	158	1.01916
115	160	1.02252
115	169	0.977148
115	170	1.4495
115	171	0.895906
115	172	1.72092
116	11	1.18788
116	49	0.900857
116	50	1.07316
116	78	1.16922
116	102	0.979221
116	111	0.987867
116	120	1.07419
116	128	1.08752
116	130	1.01198
116	131	0.856578
116	139	1.06737
116	140	1.06892
116	141	0.97797
116	147	1.01156
116	151	0.968839
116	154	0.735665
116	162	1.01217
116	166	1.04258
116	167	0.659728
116	168	0.975514
116	172	0.932572
116	173	0.922826
116	174	0.926417
116	175	0.905099
116	176	0.865469
116	177	0.901494
116	178	0.95936
117	7	1.40116
117	37	0.858234
117	38	0.974965
117	40	1.41377
117	69	1.31642
117	90	1.41416
117	121	0.907779
117	123	0.953043
117	130	0.925443
117	135	0.980669
117	140	0.982386
117	143	0.983168
117	155	0.955158
117	157	1.16305
117	161	0.925079
117	163	1.00054
117	164	0.918709
117	165	0.98386
117	168	0.88898
117	170	0.874243
117	173	0.836291
117	174	0.839883
117	175	0.818565
117	176	0.778935
117	177	0.81496
117	180	0.851339
118	4	0.93722
118	8	0.944314
118	21	1.05365
118	33	0.7808
118	46	0.997665
118	50	0.962223
118	57	1.08353
118	70	1.0095
118	95	1.0122
118	104	0.987036
118	105	0.972133
118	107	1.03367
118	121	1.49363
118	126	1.05208
118	128	1.10274
118	129	1.39496
118	143	1.11529
118	145	1.03698
118	150	1.04028
118	156	0.932444
118	157	1.00481
118	158	1.01956
118	165	1.15744
118	167	1.03593
118	170	1.62727
118	179	0.903392
118	180	0.905998
119	36	0.977095
119	79	0.937918
119	86	0.997569
119	94	0.973908
119	96	1.02402
119	100	0.610809
119	101	0.948498
119	104	0.945089
119	105	0.930186
119	106	0.994743
119	108	0.971944
119	112	0.953964
119	114	0.995055
119	136	0.846399
119	142	0.947782
119	146	0.963681
119	157	0.962867
119	159	0.9491
119	160	0.980967
119	166	0.924144
119	168	1.20926
119	171	0.854357
119	173	1.60558
119	174	1.61678
119	176	2.46464
119	180	0.864051
120	12	1.26418
120	13	0.892073
120	14	1.36788
120	19	0.786149
120	93	1.05661
120	105	1.21954
120	107	0.882801
120	113	1.1135
120	114	0.930763
120	116	1.07419
120	121	0.968992
120	128	1.0622
120	143	1.04438
120	148	1.02744
120	151	0.943518
120	152	1.06694
120	153	1.03001
120	155	1.01637
120	162	0.986846
120	163	1.06176
120	168	0.950193
120	172	0.907251
120	173	0.897504
120	174	0.901096
120	175	0.879778
120	176	0.840148
120	177	0.876173
120	178	0.934038
121	24	1.16982
121	65	1.28374
121	67	1.39813
121	79	1.46586
121	98	1.58882
121	117	0.907779
121	118	1.49363
121	120	0.968992
121	127	0.898856
121	129	0.904124
121	130	0.906776
121	132	0.956439
121	138	0.98719
121	148	0.947557
121	151	0.863638
121	152	0.987057
121	161	0.906412
121	163	0.981875
121	164	0.900042
121	166	0.937382
121	170	0.855576
121	171	0.822978
121	172	0.827371
121	174	0.821216
121	175	0.799898
121	176	0.760268
121	177	0.796293
121	178	0.854158
122	21	1.0572
122	57	1.36761
122	71	1.00953
122	101	1.45126
122	129	0.914378
122	131	1.23625
122	135	0.972257
122	138	0.997444
122	140	0.973974
122	141	0.883023
122	146	1.13386
122	149	0.956331
122	151	0.873893
122	152	0.997312
122	153	0.960385
122	154	1.11534
122	155	0.946745
122	164	0.910297
122	168	0.880568
122	170	0.86583
122	172	0.837625
122	173	0.827879
122	174	0.83147
122	175	0.810152
122	176	0.770523
122	177	0.806547
122	178	0.864413
123	53	1.19743
123	63	1.06972
123	90	1.28771
123	94	1.17535
123	96	1.15601
123	117	0.953043
123	129	0.949388
123	131	1.07283
123	143	1.00977
123	151	0.908903
123	152	1.03232
123	154	0.951918
123	155	0.981755
123	158	0.991493
123	161	0.951676
123	163	1.02714
123	164	0.945307
123	165	1.01046
123	166	0.982646
123	168	0.915578
123	170	0.90084
123	172	0.872635
123	173	0.862889
123	174	0.86648
123	175	0.845163
123	176	0.805533
123	177	0.841557
123	178	0.899423
124	8	0.985362
124	49	0.825935
124	64	1.08909
124	95	1.20044
124	98	1.12904
124	99	0.763786
124	106	0.959922
124	109	1.1072
124	111	0.912945
124	113	1.14256
124	130	1.01571
124	138	1.09613
124	139	1.07111
124	140	1.07266
124	147	1.01529
124	151	0.972575
124	152	1.09599
124	159	1.02666
124	161	1.01535
124	162	1.0159
124	164	1.00898
124	166	1.04632
124	167	0.584807
124	170	0.964512
124	172	0.936307
124	174	0.930152
124	175	0.908835
124	176	0.869205
124	178	0.963095
125	80	1.00039
125	81	1.24347
125	84	0.986497
125	86	1.06666
125	109	1.06939
125	128	1.05344
125	132	1.02756
125	133	0.938851
125	140	1.03484
125	141	0.943894
125	142	0.896672
125	143	1.03563
125	145	0.962918
125	147	0.977483
125	153	1.02126
125	154	0.77113
125	155	1.00762
125	157	0.855808
125	163	1.053
125	165	1.03632
125	167	0.695193
125	170	0.926701
125	172	0.898496
125	173	0.88875
125	174	0.892341
125	175	0.871023
125	176	0.831394
125	177	0.867418
125	178	0.925284
126	1	1.11278
126	41	1.05255
126	47	1.00163
126	59	0.971554
126	61	0.970845
126	64	1.10731
126	70	1.04153
126	72	1.03406
126	74	1.11617
126	75	1.13638
126	79	0.992728
126	83	1.07858
126	91	0.768224
126	93	1.03569
126	96	1.07883
126	106	0.97814
126	118	1.05208
126	142	1.00259
126	145	1.04984
126	149	1.03227
126	153	1.03632
126	160	1.03578
126	167	0.603025
126	169	0.990408
126	170	0.941764
126	172	0.913559
126	176	0.846457
126	177	0.882481
126	178	0.940347
126	179	0.916254
127	9	1.558
127	13	1.23377
127	34	1.01842
127	41	1.41517
127	87	0.954617
127	88	1.01687
127	92	1.01796
127	93	1.39831
127	100	1.0407
127	121	0.898856
127	132	0.966184
127	138	0.996934
127	139	0.971915
127	141	0.882513
127	143	0.974245
127	148	0.957301
127	149	0.955821
127	151	0.873383
127	153	0.959875
127	156	0.868862
127	157	1.12626
127	161	0.916156
127	165	0.974938
127	170	0.86532
127	174	0.83096
127	175	0.809643
127	176	0.770013
127	177	0.806037
127	178	0.863903
127	180	0.842417
128	28	0.745294
128	50	1.06712
128	61	1.34526
128	87	1.03808
128	92	1.10143
128	94	0.95305
128	116	1.08752
128	118	1.10274
128	120	1.0622
128	125	1.05344
128	140	1.05693
128	141	0.965976
128	144	0.734929
128	147	0.999565
128	150	0.91666
128	152	1.08026
128	155	1.0297
128	157	0.8143
128	164	0.99325
128	166	1.03059
128	167	0.653685
128	168	0.963521
128	170	0.948783
128	172	0.920578
128	173	0.910832
128	174	0.914423
128	175	0.893106
128	176	0.853476
128	177	0.8895
128	178	0.947366
128	180	0.92588
129	56	0.97657
129	90	1.35763
129	93	1.37857
129	98	1.49014
129	110	1.01551
129	118	1.39496
129	121	0.904124
129	122	0.914378
129	123	0.949388
129	135	0.977014
129	139	0.977182
129	140	0.978731
129	141	0.88778
129	143	0.979513
129	150	1.20888
129	154	1.02184
129	156	0.87413
129	159	0.932733
129	161	0.921424
129	162	0.921978
129	165	0.980205
129	168	0.885325
129	169	0.919232
129	170	0.870588
129	172	0.842383
129	173	0.832636
129	174	0.836228
129	175	0.81491
129	176	0.77528
129	177	0.811305
129	178	0.86917
130	24	1.17732
130	32	1.04017
130	55	1.10103
130	59	1.28867
130	79	1.47336
130	87	0.962536
130	89	1.11774
130	116	1.01198
130	117	0.925443
130	121	0.906776
130	124	1.01571
130	132	0.974103
130	137	1.00753
130	141	0.890432
130	146	1.14654
130	153	0.967794
130	157	1.2127
130	161	0.924076
130	165	0.982857
130	166	0.955046
130	168	0.887977
130	170	0.87324
130	172	0.845035
130	173	0.835288
130	174	0.83888
130	175	0.817562
130	176	0.777932
130	177	0.813956
130	178	0.871822
130	179	0.847729
131	6	0.996096
131	59	0.987367
131	61	0.986659
131	69	1.04475
131	72	1.04988
131	75	1.1522
131	77	1.02424
131	78	0.958985
131	80	1.02361
131	82	1.01852
131	87	0.995029
131	89	1.05154
131	94	1.04453
131	104	1.01571
131	105	1.00081
131	106	1.06537
131	107	1.06235
131	116	0.856578
131	122	1.23625
131	123	1.07283
131	141	1.31975
131	144	1.03531
131	145	1.06566
131	151	1.54929
131	152	0.817926
131	162	1.12264
131	163	0.811522
131	164	1.26255
131	169	1.00622
131	171	0.92498
131	179	0.932068
131	180	0.934675
132	25	0.828043
132	55	0.856737
132	92	1.07555
132	99	0.98677
132	101	1.21965
132	102	1.12729
132	113	1.10095
132	121	0.956439
132	125	1.02756
132	127	0.966184
132	130	0.974103
132	138	1.05452
132	145	1.07552
132	146	0.902255
132	147	0.973685
132	149	1.0134
132	151	0.930965
132	152	1.05438
132	160	0.824023
132	162	0.974293
132	163	1.0492
132	165	1.03252
132	166	1.00471
132	167	0.807792
132	168	0.937641
132	170	0.922903
132	172	0.894698
132	173	0.884952
132	174	0.888543
132	176	0.827595
132	178	0.921486
132	180	0.899999
133	3	1.67544
133	9	0.862424
133	13	1.35191
133	31	0.929271
133	40	1.49512
133	44	1.08897
133	65	0.935073
133	66	0.944931
133	67	0.950031
133	68	0.902508
133	81	0.890591
133	94	1.38315
133	99	1.26276
133	107	1.34264
133	125	0.938851
133	135	0.940616
133	138	0.965804
133	144	0.911925
133	145	0.942267
133	150	0.945567
133	154	0.952214
133	157	0.910102
133	160	0.928202
133	163	0.960489
133	167	0.941214
133	169	0.882834
133	173	0.796239
133	174	0.79983
133	175	0.778512
133	176	0.738882
133	177	0.774907
133	178	0.832772
134	10	1.00315
134	22	1.1015
134	41	1.04744
134	43	1.03861
134	62	1.36891
134	69	1.04206
134	72	0.975167
134	73	1.03125
134	76	1.05541
134	82	1.01582
134	85	0.972851
134	88	0.655211
134	89	1.04884
134	93	1.03666
134	95	1.03818
134	102	0.923482
134	104	1.01302
134	105	0.998116
134	106	1.06267
134	107	1.05966
134	114	0.910804
134	136	1.06149
134	146	1.03161
134	154	0.679925
134	162	1.00627
134	163	1.08118
134	168	0.969622
134	170	0.954884
134	171	0.922287
134	172	0.926679
134	176	0.859577
134	177	0.895601
134	180	0.931981
135	10	1.209
135	29	1.05445
135	69	1.053
135	82	1.13208
135	83	0.901287
135	104	1.12901
135	117	0.980669
135	122	0.972257
135	129	0.977014
135	133	0.940616
135	136	1.03508
135	139	1.03506
135	140	1.03661
135	148	1.02045
135	149	1.01897
135	150	1.00199
135	153	1.02302
135	154	0.814954
135	155	1.00938
135	156	0.932008
135	157	0.899632
135	161	0.979302
135	164	0.972933
135	165	1.03808
135	168	0.943204
135	170	0.928466
135	172	0.900261
135	173	0.890515
135	174	0.894106
135	176	0.833159
135	177	0.869183
135	178	0.927049
135	179	0.902956
136	14	0.958572
136	19	1.04701
136	24	1.04496
136	30	1.03092
136	39	0.925538
136	42	0.994143
136	43	1.16066
136	44	1.11743
136	45	1.00497
136	50	0.96197
136	52	0.571136
136	53	1.05197
136	54	1.08228
136	57	1.08328
136	70	1.00925
136	97	0.98053
136	101	1.14238
136	107	0.989374
136	119	0.846399
136	134	1.06149
136	135	1.03508
136	142	0.931999
136	147	0.979431
136	153	1.0232
136	154	0.806457
136	156	0.932192
136	160	1.02266
136	161	0.979485
136	166	1.01046
136	167	1.03567
136	176	0.833342
136	178	0.927232
136	179	0.903139
137	4	1.30568
137	6	1.38501
137	27	0.976485
137	32	1.12326
137	36	0.867243
137	47	0.88994
137	66	0.688891
137	73	0.994249
137	84	1.01612
137	87	1.04562
137	100	1.1317
137	110	1.10125
137	115	0.838271
137	130	1.00753
137	138	1.08794
137	145	0.834711
137	148	1.04831
137	151	0.96439
137	152	1.08781
137	154	0.642923
137	162	1.00772
137	163	1.08263
137	164	1.00079
137	166	1.03813
137	169	1.00497
137	172	0.928122
137	173	0.918376
137	174	0.921967
137	175	0.900649
137	176	0.86102
137	177	0.897044
137	178	0.95491
137	179	0.930817
138	6	1.42499
138	23	0.799098
138	40	1.01831
138	42	1.14084
138	85	0.975834
138	87	1.04295
138	101	1.01883
138	106	0.982086
138	115	0.878257
138	121	0.98719
138	122	0.997444
138	124	1.09613
138	127	0.996934
138	132	1.05452
138	133	0.965804
138	137	1.08794
138	141	0.970847
138	148	1.04563
138	150	0.869947
138	151	0.961716
138	152	1.08514
138	160	0.623203
138	161	1.00449
138	164	0.998121
138	165	1.06327
138	166	1.03546
138	168	0.968391
138	170	0.953654
138	174	0.919294
138	175	0.897976
138	176	0.858346
138	177	0.894371
138	178	0.952237
138	180	0.93075
139	23	0.964846
139	57	1.10093
139	72	1.1439
139	77	1.26807
139	83	0.93499
139	102	1.09221
139	111	1.10086
139	116	1.06737
139	124	1.07111
139	127	0.971915
139	129	0.977182
139	135	1.03506
139	140	1.03678
139	143	1.03756
139	145	1.04044
139	147	0.979416
139	148	1.02061
139	151	0.936697
139	163	1.05493
