1	67	0.718257
1	87	0.699972
1	125	0.750114
1	129	0.740006
1	140	1.17062
1	149	1.18621
1	152	1.20039
1	153	0.684952
1	157	1.20462
1	170	1.23539
1	171	1.20906
1	172	1.19371
2	7	1.2316
2	84	0.633632
2	124	0.771239
2	139	1.16571
2	147	0.721936
2	149	1.18307
2	158	0.737423
2	169	0.72869
2	170	1.23225
2	172	1.19057
2	173	1.20831
2	175	1.18849
3	53	0.710035
3	130	0.725502
3	131	0.76658
3	144	0.713378
3	150	1.22847
3	154	1.20245
3	156	1.18748
3	159	1.19694
3	165	1.19022
3	174	1.19819
3	177	1.19625
3	180	0.691855
4	71	0.760965
4	73	1.18285
4	129	1.18113
4	132	0.737291
4	145	1.21306
4	156	1.19726
4	160	0.714023
4	161	0.710211
4	169	1.21168
4	170	0.68482
4	174	1.20798
4	177	1.20603
5	39	1.22695
5	55	1.15489
5	109	1.13744
5	140	0.758587
5	142	0.765968
5	145	1.18137
5	157	0.733906
5	158	1.16787
5	159	1.17504
5	176	0.725894
5	178	1.35643
5	179	0.622319
6	59	0.766016
6	86	1.18611
6	96	0.672115
6	111	0.724757
6	125	0.739753
6	137	0.690564
6	155	1.20454
6	157	1.19602
6	170	1.22679
6	173	1.20285
6	175	1.18303
6	176	1.20066
7	2	1.2316
7	74	0.715091
7	106	0.760655
7	110	0.713861
7	118	0.675284
7	142	1.18177
7	149	1.18549
7	168	1.18891
7	172	1.19299
7	173	1.21072
7	176	1.20853
7	177	0.727984
8	13	1.07353
8	32	0.9838
8	34	1.10034
8	57	1.01574
8	64	1.04796
8	78	1.11832
8	107	1.06199
8	146	0.893761
8	151	0.86871
8	162	0.99832
8	166	0.929213
8	171	0.913074
9	14	1.01727
9	27	0.894436
9	35	1.04417
9	37	1.03859
9	74	0.990596
9	75	0.990596
9	83	0.962722
9	107	0.867582
9	137	0.983535
9	173	0.881083
9	178	1.18701
9	179	1.14823
10	30	0.754627
10	50	1.19465
10	60	1.23082
10	80	1.11965
10	85	1.13006
10	88	1.19048
10	99	1.2027
10	151	0.676612
10	172	0.736431
10	176	0.73473
10	179	1.33163
10	180	0.701507
11	26	1.1539
11	49	0.708852
11	64	0.708836
11	90	1.21506
11	106	1.18423
11	134	0.759823
11	154	1.22093
11	155	0.70187
11	165	1.2087
11	167	1.20051
11	172	0.72217
11	174	1.21667
12	59	1.00617
12	73	0.949695
12	87	1.04684
12	110	1.09439
12	115	1.03257
12	118	1.11342
12	121	1.00155
12	125	1.01672
12	146	0.913602
12	172	0.948369
12	178	0.788324
12	180	1.08834
13	8	1.07353
13	25	1.16794
13	32	1.17933
13	41	1.26023
13	57	1.21127
13	78	1.31385
13	134	0.774996
13	139	0.759737
13	146	0.702576
13	162	1.19385
13	172	0.737344
13	179	0.632068
14	9	1.01727
14	35	1.21727
14	74	1.16369
14	75	1.16369
14	119	0.673093
14	137	1.15663
14	161	0.73954
14	164	0.763074
14	173	0.719028
14	174	0.709723
14	178	1.36011
14	179	1.32132
15	52	1.19005
15	101	1.17449
15	105	0.701837
15	108	1.23752
15	117	1.18222
15	124	1.20055
15	148	0.801378
15	159	0.730808
15	162	1.17508
15	166	0.762477
15	178	0.601748
15	180	1.24009
16	19	1.01965
16	33	0.844491
16	50	1.04899
16	60	1.08516
16	80	0.97399
16	85	0.984396
16	88	1.04482
16	99	1.05704
16	141	0.928852
16	146	0.898164
16	152	0.930775
16	179	1.18596
17	96	1.24273
17	101	1.15908
17	108	1.22211
17	117	1.16681
17	124	1.18514
17	143	1.19944
17	146	0.702214
17	163	0.732467
17	171	0.721527
17	172	0.736982
17	173	0.713257
17	180	1.22468
18	49	1.19072
18	92	1.24384
18	110	1.24076
18	115	1.17895
18	121	1.14792
18	125	1.1631
18	143	0.711037
18	151	0.685795
18	163	0.741099
18	166	0.746298
18	173	0.721889
18	180	1.23472
19	16	1.01965
19	50	1.14899
19	60	1.18516
19	80	1.07399
19	85	1.0844
19	88	1.14482
19	99	1.15704
19	143	0.768652
19	157	0.80954
19	169	0.77265
19	177	0.782138
19	179	1.28596
19	180	0.768306
20	28	1.09153
20	36	1.17099
20	63	1.01807
20	65	1.12514
20	82	0.7332
20	128	0.793946
20	130	0.799886
20	144	1.12603
20	146	1.11327
20	151	1.15228
20	173	0.777438
20	176	0.799461
20	178	1.30268
21	33	1.15492
21	66	1.15691
21	133	1.17102
21	135	0.816838
21	148	1.0827
21	158	1.12978
21	161	0.800041
21	164	0.823576
21	165	1.13022
21	174	1.13819
21	177	1.13625
21	179	0.697978
21	180	0.76833
22	64	0.789959
22	75	0.778651
22	120	1.13808
22	131	1.09617
22	145	0.771651
22	166	1.12803
22	167	0.771587
22	168	1.10805
22	171	1.12748
22	173	1.12986
22	175	1.11005
22	177	0.782202
22	179	1.26228
23	69	1.13628
23	77	0.705438
23	81	1.15782
23	92	1.17344
23	115	1.10855
23	118	1.18939
23	121	1.07752
23	125	1.0927
23	128	0.795249
23	136	0.800373
23	152	0.800309
23	172	0.802465
23	180	1.16431
24	64	0.647024
24	73	0.661684
24	125	0.688951
24	132	1.25548
24	141	0.656279
24	150	0.599933
24	155	1.28686
24	158	0.638512
24	160	1.27835
24	170	1.30911
24	172	1.26744
24	173	1.28517
24	179	1.41759
25	13	1.16794
25	32	1.07821
25	34	1.19475
25	57	1.11015
25	64	1.14237
25	78	1.21273
25	128	1.10112
25	136	0.785678
25	139	0.810163
25	146	0.753002
25	162	1.09273
25	168	0.798863
25	170	0.759167
26	11	1.1539
26	69	0.745133
26	74	0.751703
26	81	0.742123
26	85	0.830089
26	121	0.825508
26	124	1.10681
26	141	1.09272
26	147	1.14038
26	173	1.11574
26	175	1.09592
26	179	1.24816
26	180	1.14636
27	9	0.894436
27	129	0.782202
27	141	0.759637
27	142	1.11809
27	152	1.13598
27	154	0.715824
27	161	1.13247
27	166	1.1452
27	168	1.12522
27	170	1.17098
27	175	1.12722
27	176	1.14484
27	177	0.742625
28	20	1.09153
28	31	0.71246
28	63	1.03411
28	68	1.02792
28	81	0.776868
28	105	1.18805
28	144	1.14207
28	145	0.78879
28	146	1.1293
28	151	1.16831
28	171	0.804977
28	176	0.818731
28	178	1.31871
29	48	1.13152
29	76	1.10246
29	96	1.18697
29	101	1.10333
29	108	1.16635
29	117	1.11106
29	119	0.744781
29	124	1.12938
29	126	0.757607
29	149	0.834846
29	151	0.754621
29	160	0.815039
29	180	1.16893
30	10	0.754627
30	56	1.11926
30	82	1.18397
30	98	0.754686
30	127	1.10019
30	147	1.1784
30	148	1.08934
30	154	1.14909
30	164	0.812606
30	165	1.13686
30	166	0.792968
30	176	0.790583
30	177	1.14289
31	28	0.71246
31	48	0.684878
31	57	0.685378
31	92	0.619126
31	107	1.33957
31	117	0.686806
31	120	1.3185
31	131	1.2766
31	164	1.27848
31	168	1.28847
31	171	1.30791
31	175	1.29047
31	178	0.506071
32	8	0.9838
32	13	1.17933
32	25	1.07821
32	34	1.20614
32	41	1.1705
32	64	1.15377
32	78	1.22412
32	100	0.733931
32	143	0.777636
32	151	0.752394
32	162	1.10412
32	172	0.812213
32	175	0.82728
33	16	0.844491
33	21	1.15492
33	67	0.682384
33	78	0.617029
33	88	0.693761
33	110	0.650434
33	117	0.706337
33	160	1.18841
33	166	1.1934
33	169	1.19
33	171	1.19285
33	174	1.18631
33	178	1.36645
33	179	1.32766
34	8	1.10034
34	25	1.19475
34	32	1.20614
34	40	0.77545
34	57	1.23809
34	64	1.27031
34	78	1.34066
34	102	0.732612
34	128	1.22905
34	132	0.700844
34	144	0.663577
34	162	1.22066
34	166	0.677661
34	177	0.655886
35	9	1.04417
35	14	1.21727
35	37	1.23859
35	74	1.1906
35	75	1.1906
35	137	1.18354
35	143	0.689544
35	146	0.689353
35	151	0.664302
35	163	0.719606
35	175	0.739187
35	177	0.703029
35	178	1.38701
35	179	1.34823
36	20	1.17099
36	63	1.11357
36	68	1.10738
36	77	1.28761
36	103	0.659373
36	119	1.26576
36	128	0.705487
36	139	0.735095
36	143	0.678126
36	146	1.20876
36	151	1.24777
36	157	0.719013
36	176	0.711002
36	178	1.39817
37	9	1.03859
37	35	1.23859
37	74	1.18501
37	75	1.18501
37	105	1.25077
37	119	0.643282
37	120	0.696767
37	128	0.705725
37	134	0.750593
37	137	1.17795
37	143	0.678364
37	164	0.733263
37	178	1.38143
37	179	1.34264
38	73	1.21351
38	99	0.683453
38	114	1.22762
38	127	1.19398
38	132	0.733936
38	154	1.24289
38	158	1.23022
38	161	0.706857
38	165	1.23066
38	167	1.22248
38	170	0.681466
38	174	1.23863
38	175	0.725136
38	180	0.675146
39	5	1.22695
39	102	0.743652
39	116	0.720506
39	133	1.25306
39	145	1.22532
39	150	1.25051
39	156	1.20952
39	160	0.688616
39	164	0.708339
39	165	1.21226
39	167	1.20408
39	170	0.659414
39	172	0.688017
39	177	1.21829
40	34	0.77545
40	61	0.814475
40	104	0.874041
40	137	0.851966
40	138	0.878852
40	163	1.07721
40	166	1.0877
40	168	1.06772
40	170	1.11348
40	171	1.08715
40	173	1.08953
40	175	1.06972
40	176	1.08734
40	180	1.12015
41	13	1.26023
41	32	1.1705
41	57	1.20245
41	64	1.23467
41	78	1.30502
41	107	1.24869
41	128	1.19341
41	151	0.671927
41	157	0.738056
41	158	0.709898
41	161	0.728533
41	162	1.18502
41	176	0.730044
41	179	0.62647
42	56	0.831171
42	60	1.11066
42	70	0.879228
42	88	1.07032
42	104	0.854805
42	117	1.0518
42	124	1.07012
42	134	1.04667
42	152	1.06799
42	154	0.805434
42	159	0.822341
42	172	1.06131
42	179	1.21147
42	180	1.10966
43	56	0.682224
43	76	0.745494
43	109	0.736356
43	134	1.20845
43	136	1.21687
43	142	1.21187
43	147	0.667046
43	157	1.234
43	161	1.22626
43	165	0.687084
43	169	0.673801
43	172	1.22309
43	173	1.24083
43	176	1.23863
44	56	1.20531
44	66	1.24959
44	95	0.757345
44	107	0.665909
44	117	0.723823
44	131	0.742936
44	148	1.17538
44	151	1.26061
44	167	1.21472
44	169	1.23457
44	174	1.23088
44	175	0.718201
44	177	1.22893
44	179	0.597859
45	112	0.830942
45	113	1.068
45	131	1.06849
45	136	1.07822
45	137	0.820464
45	141	0.836981
45	148	0.880645
45	161	1.08761
45	165	0.823765
45	168	1.08036
45	173	1.10218
45	175	1.08236
45	176	1.09998
45	180	1.13279
46	103	0.682321
46	105	0.675693
46	114	1.21968
46	124	0.747619
46	135	0.749234
46	153	1.23575
46	156	1.21997
46	158	1.22227
46	165	1.22272
46	167	1.21453
46	169	1.23439
46	171	0.720195
46	174	1.23069
46	179	0.630375
47	51	0.765117
47	93	1.21399
47	104	1.11116
47	111	1.11624
47	120	0.736054
47	127	1.10704
47	139	0.774621
47	141	1.1376
47	150	1.18196
47	159	1.15044
47	168	0.763321
47	172	0.752228
47	177	1.14974
47	178	1.33182
47	180	0.717305
48	29	1.13152
48	31	0.684878
48	67	1.18676
48	76	1.14479
48	101	1.14565
48	108	1.20868
48	116	0.825339
48	117	1.15339
48	124	1.17171
48	136	0.790758
48	144	0.779449
48	162	1.14624
48	176	0.791149
48	178	0.632804
48	180	1.21126
49	11	0.708852
49	18	1.19072
49	54	0.768543
49	59	1.1225
49	110	1.21072
49	115	1.14891
49	118	1.22975
49	121	1.11788
49	125	1.13306
49	134	0.798423
49	137	1.14179
49	143	0.726194
49	171	0.745315
49	176	0.759069
49	180	1.20467
50	10	1.19465
50	16	1.04899
50	19	1.14899
50	60	1.21449
50	80	1.10333
50	85	1.11373
50	88	1.17415
50	99	1.18637
50	123	0.739336
50	146	0.733387
50	168	0.779248
50	170	0.739551
50	175	0.783221
50	179	1.3153
50	180	0.733231
51	47	0.765117
51	86	1.15699
51	125	0.81557
51	138	0.793267
51	149	1.1485
51	154	0.739084
51	160	1.16691
51	163	1.1614
51	168	1.15192
51	170	1.19767
51	171	1.17135
51	173	1.17373
51	174	0.753948
51	176	1.17154
51	178	0.626932
52	15	1.19005
52	76	1.13216
52	96	1.21667
52	101	1.13302
52	108	1.19605
52	117	1.14075
52	119	0.708996
52	124	1.15908
52	151	0.718836
52	155	0.758354
52	162	1.13361
52	168	0.789748
52	173	0.75493
52	176	0.776954
52	180	1.19862
53	3	0.710035
53	80	0.825475
53	97	0.709364
53	111	0.770941
53	123	1.19025
53	135	1.1539
53	137	0.736749
53	142	1.14635
53	149	1.15006
53	155	1.17698
53	163	1.16297
53	165	0.740049
53	166	1.17347
53	171	1.17291
53	176	1.1731
54	49	0.768543
54	96	0.742816
54	122	1.1431
54	137	0.761265
54	139	1.14382
54	150	0.721435
54	152	1.17535
54	157	1.17959
54	164	1.1546
54	169	0.751282
54	171	1.18403
54	172	1.16868
54	174	0.748831
54	175	1.1666
54	176	1.18422
55	5	1.15489
55	79	0.776272
55	94	1.11306
55	117	0.76697
55	133	1.181
55	154	1.15243
55	155	0.72598
55	165	1.1402
55	167	1.13202
55	169	1.15187
55	171	0.730826
55	175	0.761347
55	176	0.74458
55	177	1.14623
55	178	1.32831
56	30	1.11926
56	42	0.831171
56	43	0.682224
56	44	1.20531
56	141	1.12992
56	147	1.17757
56	148	1.08851
56	149	0.772339
56	150	1.17428
56	156	1.13329
56	160	0.752532
56	169	1.1477
56	176	0.750232
56	178	1.32415
56	180	0.717009
57	8	1.01574
57	13	1.21127
57	25	1.11015
57	31	0.685378
57	34	1.23809
57	41	1.20245
57	64	1.18571
57	78	1.25606
57	128	1.14446
57	162	1.13607
57	165	0.776054
57	168	0.804443
57	176	0.791648
57	179	0.688074
57	180	0.758426
58	147	1.27767
58	149	0.713916
58	152	0.691353
58	154	1.24836
58	156	1.23339
58	158	1.23569
58	159	1.24286
58	160	0.694109
58	167	1.22795
58	169	1.2478
58	170	0.664906
58	171	0.678054
58	174	1.24411
58	175	0.708576
58	177	1.24216
58	180	0.658585
59	6	0.766016
59	12	1.00617
59	49	1.1225
59	87	1.12499
59	110	1.17254
59	115	1.11072
59	118	1.19157
59	119	0.759285
59	121	1.0797
59	125	1.09487
59	128	0.821728
59	144	1.13044
59	155	0.808643
59	162	0.850726
59	170	0.800341
59	180	1.16649
60	10	1.23082
60	16	1.08516
60	19	1.18516
60	42	1.11066
60	50	1.21449
60	80	1.13949
60	85	1.1499
60	88	1.21032
60	99	1.22254
60	116	0.759651
60	123	0.698344
60	139	0.749555
60	146	0.692394
60	157	0.733473
60	162	0.748944
60	172	0.727162
60	179	1.35147
61	40	0.814475
61	62	1.21396
61	91	1.18345
61	110	0.680788
61	112	1.17141
61	141	1.1818
61	142	0.754375
61	145	1.20097
61	148	1.1404
61	151	1.22563
61	153	1.20095
61	157	0.722313
61	158	1.18747
61	166	0.716686
61	171	0.700547
61	172	0.716002
61	177	1.19395
62	61	1.21396
62	66	1.20636
62	78	0.69106
62	126	0.702846
62	145	1.19273
62	146	1.17838
62	153	1.19271
62	164	0.780001
62	165	1.17967
62	167	1.17149
62	169	1.19134
62	171	0.744224
62	172	0.759679
62	174	1.18765
62	175	0.774746
62	177	1.1857
62	179	0.654403
63	20	1.01807
63	28	1.03411
63	36	1.11357
63	65	1.06771
63	68	0.954461
63	77	1.13469
63	119	1.11284
63	123	0.858161
63	143	0.852403
63	144	1.06861
63	146	1.05584
63	150	0.826554
63	151	1.09485
63	153	0.850411
63	173	0.863255
63	178	1.24525
63	180	0.852056
64	8	1.04796
64	11	0.708836
64	22	0.789959
64	24	0.647024
64	25	1.14237
64	32	1.15377
64	34	1.27031
64	41	1.23467
64	57	1.18571
64	78	1.28829
64	107	1.23196
64	119	0.691096
64	128	1.17668
64	144	0.747354
64	162	1.16829
64	171	0.745299
64	175	0.775821
65	20	1.12514
65	63	1.06771
65	68	1.06153
65	77	1.24175
65	84	1.29114
65	119	1.21991
65	134	0.778165
65	143	0.705936
65	144	1.17567
65	146	1.16291
65	150	0.680088
65	151	1.20192
65	152	0.738357
65	162	0.762294
65	171	0.725058
65	173	0.716789
65	178	1.35232
66	21	1.15691
66	44	1.24959
66	62	1.20636
66	85	0.794697
66	111	1.15285
66	120	0.73412
66	147	1.22186
66	155	0.729994
66	156	1.17758
66	158	1.17988
66	165	1.18032
66	168	0.761387
66	173	0.72657
66	174	1.18829
66	177	1.18635
66	179	0.645019
66	180	0.715371
67	1	0.718257
67	33	0.682384
67	48	1.18676
67	76	1.1577
67	96	1.24221
67	101	1.15857
67	108	1.22159
67	117	1.1663
67	119	0.701166
67	120	0.75465
67	124	1.18462
67	126	0.713991
67	132	0.794691
67	143	1.19893
67	162	1.15916
67	170	0.742221
67	180	1.22417
68	28	1.02792
68	36	1.10738
68	63	0.954461
68	65	1.06153
68	77	1.1285
68	98	1.072
68	105	1.1084
68	139	0.894925
68	143	0.837955
68	144	1.06242
68	146	1.04966
68	150	0.812107
68	151	1.08866
68	163	0.868018
68	170	0.843929
68	173	0.848808
68	178	1.23907
69	23	1.13628
69	26	0.745133
69	81	1.21413
69	87	1.17913
69	92	1.22975
69	110	1.22667
69	115	1.16486
69	118	1.2457
69	121	1.13383
69	125	1.14901
69	130	0.732258
69	131	0.773336
69	143	0.698957
69	149	0.753941
69	153	0.696966
69	170	0.704931
69	180	1.22063
70	42	0.879228
70	94	1.11875
70	97	1.15836
70	103	0.74666
70	126	0.743157
70	129	1.12702
70	147	1.18743
70	148	1.09837
70	154	1.15812
70	155	0.779689
70	156	1.14315
70	158	1.14545
70	169	1.15756
70	172	0.79999
70	174	1.15387
70	177	1.15192
70	179	0.694714
70	180	0.765066
71	4	0.760965
71	93	0.745727
71	113	1.12327
71	121	0.861451
71	140	1.11662
71	147	0.784296
71	149	1.13222
71	154	0.773737
71	160	1.15063
71	161	1.14289
71	163	1.14513
71	165	0.804334
71	166	1.15562
71	170	1.18139
71	171	1.15507
71	172	1.13972
71	173	1.15745
71	178	0.661584
72	75	0.741797
72	80	1.07004
72	83	0.824354
72	85	1.08044
72	87	0.744891
72	89	1.14773
72	99	1.15308
72	117	1.12234
72	124	1.14066
72	129	1.11382
72	130	0.765163
72	142	0.804812
72	150	1.17094
72	157	0.77275
72	171	0.750985
72	177	1.13872
72	179	1.28201
72	180	1.18021
73	4	1.18285
73	12	0.949695
73	24	0.661684
73	38	1.21351
73	114	1.13344
73	127	1.0998
73	133	1.17728
73	148	1.08896
73	153	1.14952
73	156	1.13374
73	160	0.776014
73	161	0.772202
73	167	1.1283
73	169	1.14815
73	170	0.746811
73	171	0.759959
73	174	1.14445
73	180	0.740491
74	7	0.715091
74	9	0.990596
74	14	1.16369
74	26	0.751703
74	35	1.1906
74	37	1.18501
74	75	1.13702
74	84	1.27226
74	105	1.20277
74	119	0.670445
74	134	0.777756
74	137	1.12996
74	140	0.771096
74	151	0.680285
74	172	0.740104
74	178	1.33344
74	179	1.29465
75	9	0.990596
75	14	1.16369
75	22	0.778651
75	35	1.1906
75	37	1.18501
75	72	0.741797
75	74	1.13702
75	84	1.27226
75	105	1.20277
75	137	1.12996
75	143	0.714869
75	144	0.736046
75	151	0.689627
75	177	0.728355
75	178	1.33344
75	179	1.29465
75	180	0.714523
76	29	1.10246
76	43	0.745494
76	48	1.14479
76	52	1.13216
76	67	1.1577
76	96	1.20025
76	101	1.1166
76	108	1.17963
76	112	0.805084
76	117	1.12434
76	124	1.14266
76	136	0.81311
76	151	0.755383
76	162	1.11719
76	173	0.791478
76	174	0.782173
76	179	0.709927
76	180	1.1822
77	23	0.705438
77	36	1.28761
77	63	1.13469
77	65	1.24175
77	68	1.1285
77	83	0.734976
77	84	1.35812
77	105	1.28863
77	135	0.690646
77	136	0.67497
77	144	1.24265
77	146	1.22988
77	149	0.697469
77	151	1.26889
77	155	0.656761
77	160	0.677661
77	178	1.41929
77	179	0.571786
78	8	1.11832
78	13	1.31385
78	25	1.21273
78	32	1.22412
78	33	0.617029
78	34	1.34066
78	41	1.30502
78	57	1.25606
78	62	0.69106
78	64	1.28829
78	107	1.30231
78	119	0.635811
78	120	0.689296
78	146	0.670702
78	160	0.706069
78	162	1.23864
78	168	0.716563
78	173	0.681745
79	55	0.776272
79	89	0.767219
79	94	0.829616
79	108	0.75862
79	118	0.730288
79	131	1.13067
79	139	1.12176
79	149	1.13912
79	152	1.15329
79	154	0.756187
79	159	0.773094
79	160	1.15753
79	161	1.14979
79	164	1.13254
79	171	1.16197
79	172	1.14662
79	175	1.14454
79	176	1.16216
80	10	1.11965
80	16	0.97399
80	19	1.07399
80	50	1.10333
80	53	0.825475
80	60	1.13949
80	72	1.07004
80	84	1.21792
80	85	1.03873
80	88	1.09916
80	98	1.11203
80	99	1.11137
80	114	0.807927
80	119	0.77256
80	128	0.835003
80	151	0.7824
80	160	0.842818
80	161	0.839006
80	179	1.2403
81	23	1.15782
81	26	0.742123
81	28	0.776868
81	69	1.21413
81	87	1.20067
81	92	1.25129
81	109	0.762501
81	110	1.24822
81	115	1.1864
81	118	1.26725
81	121	1.15538
81	125	1.17055
81	128	0.723309
81	144	1.20612
81	151	0.670706
81	159	0.699539
81	170	0.701922
81	179	0.625249
81	180	1.24217
82	20	0.7332
82	30	1.18397
82	93	1.27102
82	135	0.71971
82	138	1.18272
82	140	0.737118
82	142	0.744499
82	147	1.24228
82	149	0.726533
82	154	1.21297
82	156	1.198
82	158	1.20029
82	164	0.726448
82	165	1.20074
82	167	1.19255
82	174	1.20871
82	175	0.721193
82	177	1.20677
82	179	0.60085
83	9	0.962722
83	72	0.824354
83	77	0.734976
83	93	0.7561
83	95	1.06696
83	113	1.06992
83	142	1.07514
83	144	1.09866
83	157	1.09727
83	160	1.09727
83	161	1.08953
83	165	0.814707
83	167	0.800296
83	169	0.801424
83	170	1.12804
83	173	1.10409
83	176	1.1019
83	179	1.23652
83	180	1.13471
84	2	0.633632
84	65	1.29114
84	74	1.27226
84	75	1.27226
84	77	1.35812
84	80	1.21792
84	86	0.675247
84	88	1.28875
84	99	1.30096
84	128	0.641235
84	143	0.613874
84	170	0.619848
84	172	0.648451
84	175	0.663518
84	178	1.46868
84	179	1.42989
84	180	0.613528
85	10	1.13006
85	16	0.984396
85	19	1.0844
85	26	0.830089
85	50	1.11373
85	60	1.1499
85	66	0.794697
85	72	1.08044
85	80	1.03873
85	88	1.10956
85	97	1.11386
85	98	1.12243
85	99	1.12178
85	128	0.811275
85	140	0.849483
85	143	0.783914
85	149	0.838897
85	155	0.79819
85	179	1.25071
86	6	1.18611
86	51	1.15699
86	84	0.675247
86	123	1.18564
86	124	0.812854
86	135	1.1493
86	137	0.780288
86	145	0.769242
86	149	1.14546
86	153	0.764316
86	155	1.17238
86	156	0.778761
86	166	1.16886
86	167	0.769178
86	170	1.19463
86	171	1.16831
86	172	1.15296
86	175	1.15088
86	176	1.1685
86	178	0.640839
87	1	0.699972
87	12	1.04684
87	59	1.12499
87	69	1.17913
87	72	0.744891
87	81	1.20067
87	92	1.21629
87	97	1.17212
87	110	1.21321
87	115	1.1514
87	118	1.23224
87	121	1.12037
87	125	1.13555
87	142	0.790913
87	161	0.749328
87	162	0.774322
87	163	0.748026
87	168	0.763633
87	171	0.737085
87	180	1.20717
88	10	1.19048
88	16	1.04482
88	19	1.14482
88	33	0.693761
88	42	1.07032
88	50	1.17415
88	60	1.21032
88	80	1.09916
88	84	1.28875
88	85	1.10956
88	97	1.17428
88	99	1.1822
88	150	0.721776
88	151	0.722383
88	162	0.803983
88	166	0.782885
88	171	0.766746
88	174	0.749172
88	177	0.76111
88	179	1.31113
89	72	1.14773
89	79	0.767219
89	106	1.1442
89	122	0.786005
89	139	0.759621
89	141	1.16256
89	142	0.775601
89	148	1.12115
89	151	1.20638
89	152	0.735072
89	153	1.18171
89	155	0.716927
89	159	1.1754
89	161	0.734015
89	165	1.16867
89	167	1.16049
89	169	1.18034
89	174	1.17665
89	176	0.735527
89	177	1.1747
90	11	1.21506
90	112	1.14349
90	126	0.718341
90	127	1.12332
90	128	1.15089
90	145	1.17305
90	151	1.1977
90	153	1.17303
90	154	1.17223
90	155	0.754874
90	156	1.15725
90	165	1.15999
90	166	0.775858
90	168	0.786267
90	172	0.775174
90	174	1.16797
90	175	0.790241
90	177	1.16602
90	179	0.669899
90	180	0.740251
91	61	1.18345
91	102	0.813002
91	133	1.18996
91	137	1.13379
91	138	1.13114
91	139	0.77976
91	145	1.16221
91	148	1.10164
91	152	0.755211
91	155	0.737066
91	156	1.14642
91	162	0.779148
91	167	1.14098
91	169	1.16083
91	174	1.15713
91	175	0.772434
91	177	1.15519
91	178	1.33727
91	179	0.652091
91	180	0.722443
92	18	1.24384
92	23	1.17344
92	31	0.619126
92	69	1.22975
92	81	1.25129
92	87	1.21629
92	110	1.26383
92	115	1.20202
92	118	1.28286
92	121	1.17099
92	123	0.69828
92	125	1.18617
92	131	0.7669
92	143	0.692521
92	144	1.22174
92	146	0.69233
92	154	0.679205
92	157	0.733409
92	163	0.722584
92	173	0.703374
92	180	1.25779
93	47	1.21399
93	71	0.745727
93	82	1.27102
93	83	0.7561
93	96	0.659141
93	106	1.19944
93	107	0.66096
93	114	1.22088
93	128	1.21481
93	144	0.684786
93	148	1.17639
93	150	1.26216
93	154	1.23614
93	162	0.719968
93	164	0.718508
93	165	1.22391
93	166	0.69887
93	167	1.21573
93	169	1.23558
93	177	1.22994
93	180	0.663262
94	55	1.11306
94	70	1.11875
94	79	0.829616
94	98	0.762026
94	112	1.10998
94	113	0.84315
94	126	0.742792
94	129	1.10761
94	133	1.16729
94	141	1.12037
94	144	0.786224
94	145	1.13954
94	147	1.16803
94	156	1.12375
94	165	1.12649
94	168	0.810718
94	169	1.13816
94	170	0.771022
94	174	1.13446
94	177	1.13252
94	180	0.764701
95	44	0.757345
95	83	1.06696
95	106	0.839879
95	131	1.11662
95	132	1.12062
95	145	0.796658
95	148	0.867884
95	150	0.767874
95	157	1.14348
95	161	1.13574
95	162	1.11591
95	164	1.11849
95	166	1.14847
95	168	1.12849
95	169	0.797721
95	170	1.17425
95	172	1.13257
95	173	1.1503
95	174	0.79527
95	176	1.14811
95	178	0.668254
96	6	0.672115
96	17	1.24273
96	29	1.18697
96	52	1.21667
96	54	0.742816
96	67	1.24221
96	76	1.20025
96	93	0.659141
96	101	1.20111
96	105	0.675086
96	107	0.697818
96	108	1.26414
96	117	1.20885
96	119	0.665384
96	123	0.706225
96	124	1.22717
96	129	0.753529
96	136	0.732951
96	143	1.24147
96	162	1.2017
96	180	1.26671
97	53	0.709364
97	70	1.15836
97	85	1.11386
97	87	1.17212
97	88	1.17428
97	99	1.1865
97	118	1.2387
97	122	0.774886
97	125	1.142
97	132	0.749975
97	140	0.7571
97	159	1.17283
97	160	0.726708
97	161	0.722896
97	165	1.1661
97	166	0.726792
97	173	0.702384
97	174	1.17408
97	175	0.741175
97	177	1.17213
97	179	1.31543
97	180	1.21362
98	30	0.754686
98	68	1.072
98	80	1.11203
98	85	1.12243
98	94	0.762026
98	99	1.19507
98	117	0.757179
98	127	0.77753
98	131	1.15789
98	137	0.715894
98	142	1.16263
98	146	1.17338
98	147	0.699156
98	151	1.21239
98	158	0.714643
98	164	1.15977
98	169	0.705911
98	172	1.17384
98	174	0.70346
98	175	1.17176
98	178	1.36279
98	179	1.324
99	10	1.2027
99	16	1.05704
99	19	1.15704
99	38	0.683453
99	50	1.18637
99	60	1.22254
99	72	1.15308
99	80	1.11137
99	84	1.30096
99	85	1.12178
99	88	1.1822
99	97	1.1865
99	98	1.19507
99	104	0.748951
99	105	0.687515
99	144	0.734071
99	149	0.767878
99	152	0.745316
99	157	0.753783
99	161	0.744259
99	163	0.742957
99	179	1.32335
100	32	0.733931
100	113	0.739332
100	114	1.22702
100	119	1.28576
100	122	0.744584
100	136	0.693715
100	138	1.21203
100	141	1.22394
100	145	1.24311
100	146	1.22875
100	149	0.716213
100	150	1.2683
100	153	1.24309
100	158	1.22961
100	159	1.23678
100	167	1.22187
100	169	1.24172
100	170	0.667203
100	173	0.672082
100	174	1.23803
100	176	0.694106
100	179	0.590531
100	180	0.660883
101	15	1.17449
101	17	1.15908
101	29	1.10333
101	48	1.14565
101	52	1.13302
101	67	1.15857
101	76	1.1166
101	96	1.20111
101	102	0.842556
101	108	1.18049
101	117	1.1252
101	124	1.14352
101	128	0.779705
101	130	0.785645
101	143	1.15782
101	144	0.773521
101	146	0.752154
101	162	1.11805
101	163	0.782407
101	170	0.758318
101	174	0.753892
101	179	0.681646
101	180	1.18306
102	34	0.732612
102	39	0.743652
102	91	0.813002
102	101	0.842556
102	116	1.09001
102	122	1.082
102	132	1.09563
102	138	0.836013
102	141	0.825644
102	152	1.11425
102	153	0.793155
102	157	1.11849
102	163	1.11299
102	164	1.09351
102	166	1.12348
102	167	0.798017
102	168	1.1035
102	170	1.14926
102	171	1.12293
102	172	1.10758
102	175	1.1055
102	176	1.12312
102	177	0.808632
102	179	1.25774
103	36	0.659373
103	46	0.682321
103	70	0.74666
103	106	0.732338
103	108	1.28064
103	116	1.21729
103	117	1.22534
103	121	1.19642
103	123	1.26755
103	124	1.24367
103	125	1.2116
103	130	1.24901
103	132	1.22291
103	137	1.22033
103	138	0.727049
103	144	1.24716
103	145	0.689117
103	159	0.689774
103	165	0.703463
103	172	1.23486
103	177	0.699668
103	178	0.560714
103	180	1.28321
104	40	0.874041
104	42	0.854805
104	47	1.11116
104	99	0.748951
104	114	1.11805
104	116	0.808057
104	125	0.80416
104	129	1.10221
104	138	1.10306
104	147	1.16262
104	148	1.07356
104	153	1.13412
104	154	1.13332
104	156	1.11834
104	157	0.781878
104	158	1.12064
104	162	0.797349
104	164	0.795889
104	165	1.12108
104	167	1.1129
104	169	1.13275
104	174	1.12906
104	177	1.12711
104	180	0.740644
105	15	0.701837
105	28	1.18805
105	37	1.25077
105	46	0.675693
105	68	1.1084
105	74	1.20277
105	75	1.20277
105	77	1.28863
105	96	0.675086
105	99	0.687515
105	115	0.721093
105	120	1.23619
105	153	0.677563
105	161	1.21341
105	163	1.21565
105	165	0.696836
105	169	0.683552
105	171	1.2256
105	174	0.681102
105	175	1.20816
105	177	0.693041
105	178	1.39919
105	179	1.3604
106	7	0.760655
106	11	1.18423
106	89	1.1442
106	93	1.19944
106	95	0.839879
106	103	0.732338
106	112	1.11266
106	126	0.728835
106	128	1.12006
106	130	0.784392
106	132	0.809535
106	133	1.16996
106	136	0.783576
106	138	1.11114
106	140	0.81666
106	141	1.12305
106	148	1.08164
106	153	1.1422
106	154	1.14139
106	157	0.791979
106	159	1.13589
106	167	1.12098
106	169	1.14083
106	173	0.761943
106	174	1.13714
106	177	1.13519
107	8	1.06199
107	9	0.867582
107	31	1.33957
107	41	1.24869
107	44	0.665909
107	64	1.23196
107	78	1.30231
107	93	0.66096
107	96	0.697818
107	110	1.25337
107	115	1.19156
107	121	1.16053
107	125	1.17571
107	131	1.18302
107	133	0.692005
107	145	0.705221
107	147	0.699529
107	150	0.676438
107	159	0.705877
107	160	1.20988
107	162	1.18231
107	166	1.21488
107	174	0.703833
107	175	1.19689
107	177	0.715772
107	180	1.24733
108	15	1.23752
108	17	1.22211
108	29	1.16635
108	48	1.20868
108	52	1.19605
108	67	1.22159
108	76	1.17963
108	79	0.75862
108	96	1.26414
108	101	1.18049
108	103	1.28064
108	117	1.18822
108	124	1.20655
108	142	0.767002
108	143	1.22085
108	151	0.668811
108	155	0.708329
108	156	0.706506
108	162	1.18108
108	168	0.739723
108	170	0.700026
108	171	0.713175
108	174	0.6956
108	176	0.726929
108	179	0.623354
108	180	1.24609
109	5	1.13744
109	43	0.736356
109	81	0.762501
109	111	1.09529
109	123	0.777246
109	132	0.829932
109	133	1.16356
109	138	1.10474
109	141	1.11664
109	145	1.13581
109	147	1.1643
109	148	1.07524
109	153	1.13579
109	158	1.12231
109	159	1.12948
109	162	0.827846
109	163	0.80155
109	167	1.11458
109	169	1.13443
109	173	0.78234
109	174	1.13073
109	175	0.821132
109	177	1.12879
109	178	1.31087
109	179	0.700789
109	180	0.771141
110	7	0.713861
110	12	1.09439
110	18	1.24076
110	33	0.650434
110	49	1.21072
110	59	1.17254
110	61	0.680788
110	69	1.22667
110	81	1.24822
110	87	1.21321
110	92	1.26383
110	107	1.25337
110	115	1.19894
110	118	1.27979
110	121	1.16792
110	125	1.18309
110	126	0.682041
110	132	0.762741
110	137	1.19183
110	143	0.704298
110	146	0.704107
110	151	0.679056
110	163	0.73436
110	164	0.759197
110	166	0.739558
110	180	1.25471
111	6	0.724757
111	47	1.11624
111	53	0.770941
111	66	1.15285
111	109	1.09529
111	126	0.730852
111	129	1.10729
111	131	0.827486
111	132	0.811551
111	138	1.10814
111	145	1.13922
111	147	1.1677
111	148	1.07864
111	153	1.1392
111	159	1.13289
111	160	0.788284
111	164	0.808007
111	165	1.12616
111	167	1.11798
111	169	1.13783
111	170	0.759081
111	172	0.787685
111	174	1.13413
111	175	0.802751
111	177	1.13219
111	178	1.31427
112	45	0.830942
112	61	1.17141
112	76	0.805084
112	90	1.14349
112	94	1.10998
112	106	1.11266
112	127	1.10045
112	133	1.17793
112	135	0.777555
112	137	1.12176
112	138	1.11911
112	140	0.794962
112	141	1.13101
112	150	1.17538
112	154	1.14936
112	156	1.13439
112	159	1.14385
112	162	0.785752
112	163	0.759456
112	164	0.784292
112	165	1.13713
112	166	0.764654
112	167	1.12894
112	175	0.779037
112	177	1.14316
112	180	0.729047
113	45	1.068
113	71	1.12327
113	83	1.06992
113	94	0.84315
113	100	0.739332
113	117	0.838303
113	118	0.743823
113	132	1.12357
113	135	1.13186
113	138	0.823904
113	145	0.785972
113	152	1.14219
113	155	1.15494
113	157	1.14643
113	161	1.13869
113	166	1.15142
113	167	0.785908
113	169	0.787035
113	170	1.1772
113	171	1.15087
113	173	1.15326
113	174	0.784585
113	175	1.13344
113	176	1.15106
113	178	0.657569
113	180	1.18387
114	38	1.22762
114	46	1.21968
114	73	1.13344
114	80	0.807927
114	93	1.22088
114	100	1.22702
114	104	1.11805
114	129	1.13172
114	136	0.737705
114	141	1.14448
114	142	0.77817
114	144	0.726397
114	147	1.19214
114	152	0.737641
114	153	1.16363
114	156	1.14785
114	157	0.746108
114	159	1.15732
114	168	0.75089
114	169	1.16227
114	172	0.739797
114	173	0.716073
114	174	1.15857
114	176	0.738096
114	177	1.15662
114	178	1.33871
114	179	0.634521
115	12	1.03257
115	18	1.17895
115	23	1.10855
115	49	1.14891
115	59	1.11072
115	69	1.16486
115	81	1.1864
115	87	1.1514
115	92	1.20202
115	105	0.721093
115	107	1.19156
115	110	1.19894
115	118	1.21797
115	121	1.1061
115	123	0.752231
115	125	1.12128
115	135	0.794634
115	137	1.13001
115	140	0.812041
115	144	1.15685
115	146	0.746282
115	152	0.778893
115	154	0.733157
115	164	0.801372
115	165	0.763754
115	167	0.749343
115	170	0.752446
115	180	1.1929
116	39	0.720506
116	48	0.825339
116	60	0.759651
116	102	1.09001
116	103	1.21729
116	104	0.808057
116	122	1.10881
116	142	1.12318
116	147	0.769244
116	153	0.770009
116	154	0.758685
116	156	0.784454
116	157	1.1453
116	160	1.1453
116	161	1.13756
116	163	1.1398
116	166	1.1503
116	167	0.774871
116	168	1.13031
116	170	1.17607
116	172	1.13439
116	173	1.15213
116	174	0.773548
116	175	1.13231
116	176	1.14993
116	178	0.646532
116	179	1.28455
116	180	1.18274
117	15	1.18222
117	17	1.16681
117	29	1.11106
117	31	0.686806
117	33	0.706337
117	42	1.0518
117	44	0.723823
117	48	1.15339
117	52	1.14075
117	55	0.76697
117	67	1.1663
117	72	1.12234
117	76	1.12434
117	96	1.20885
117	98	0.757179
117	101	1.1252
117	103	1.22534
117	108	1.18822
117	113	0.838303
117	124	1.15125
117	128	0.787562
117	132	0.818645
117	140	0.82577
117	143	1.16556
117	146	0.76001
117	151	0.734959
117	162	1.12579
117	180	1.1908
118	7	0.675284
118	12	1.11342
118	23	1.18939
118	49	1.22975
118	59	1.19157
118	69	1.2457
118	79	0.730288
118	81	1.26725
118	87	1.23224
118	92	1.28286
118	97	1.2387
118	110	1.27979
118	113	0.743823
118	115	1.21797
118	121	1.18695
118	125	1.20212
118	128	0.693081
118	131	0.740099
118	137	1.21086
118	142	0.73867
118	143	0.66572
118	144	1.23769
118	146	0.665529
118	155	0.679996
118	163	0.695782
118	171	0.684842
118	176	0.698596
118	180	1.27374
119	14	0.673093
119	29	0.744781
119	36	1.26576
119	37	0.643282
119	52	0.708996
119	59	0.759285
119	63	1.11284
119	64	0.691096
119	65	1.21991
119	67	0.701166
119	74	0.670445
119	78	0.635811
119	80	0.77256
119	96	0.665384
119	100	1.28576
119	125	0.733023
119	144	1.2208
119	146	1.20804
119	148	1.16181
119	150	1.24758
119	164	1.19442
119	165	1.20934
119	168	1.20442
119	171	1.22385
119	173	1.22623
119	175	1.20642
119	177	1.21536
119	178	1.39745
120	22	1.13808
120	31	1.3185
120	37	0.696767
120	47	0.736054
120	66	0.73412
120	67	0.75465
120	78	0.689296
120	105	1.23619
120	136	1.17169
120	138	0.764205
120	140	1.15482
120	142	1.1667
120	148	0.797499
120	151	1.21646
120	152	1.18459
120	153	0.721346
120	155	1.19733
120	156	0.735791
120	157	1.18882
120	161	1.18108
120	163	1.18332
120	167	0.726208
120	170	1.21959
120	172	1.17791
120	173	1.19565
120	175	1.17583
120	176	1.19345
120	177	0.736823
120	178	0.597869
121	12	1.00155
121	18	1.14792
121	23	1.07752
121	26	0.825508
121	49	1.11788
121	59	1.0797
121	69	1.13383
121	71	0.861451
121	81	1.15538
121	87	1.12037
121	92	1.17099
121	103	1.19642
121	107	1.16053
121	110	1.16792
121	115	1.1061
121	118	1.18695
121	125	1.09025
121	128	0.806694
121	135	0.827494
121	137	1.09899
121	144	1.12582
121	146	0.779142
121	151	0.754091
121	161	0.810697
121	166	0.814594
121	170	0.785306
121	173	0.790185
121	178	0.653864
121	180	1.16187
122	54	1.1431
122	89	0.786005
122	97	0.774886
122	100	0.744584
122	102	1.082
122	116	1.10881
122	127	0.863906
122	130	1.14053
122	132	1.11443
122	137	0.80227
122	140	1.10329
122	147	0.785532
122	149	1.11888
122	150	0.762441
122	154	0.774973
122	155	1.1458
122	156	0.800742
122	157	1.13729
122	158	0.801019
122	160	1.13729
122	162	1.10972
122	164	1.11231
122	169	0.792287
122	170	1.16806
122	171	1.14173
122	172	1.12638
122	173	1.14412
122	175	1.1243
122	176	1.14192
123	50	0.739336
123	53	1.19025
123	60	0.698344
123	63	0.858161
123	86	1.18564
123	92	0.69828
123	96	0.706225
123	103	1.26755
123	109	0.777246
123	115	0.752231
123	128	1.17638
123	133	0.700412
123	139	1.15979
123	141	0.741191
123	142	1.17343
123	149	1.17715
123	153	0.708702
123	155	1.20407
123	160	1.19556
123	161	1.18782
123	163	1.19006
123	165	0.727974
123	166	1.20055
123	168	1.18057
123	170	1.22633
123	171	1.2
123	172	1.18465
123	176	1.20019
123	178	0.585225
124	2	0.771239
124	15	1.20055
124	17	1.18514
124	26	1.10681
124	29	1.12938
124	42	1.07012
124	46	0.747619
124	48	1.17171
124	52	1.15908
124	67	1.18462
124	72	1.14066
124	76	1.14266
124	86	0.812854
124	96	1.22717
124	101	1.14352
124	103	1.24367
124	108	1.20655
124	117	1.15125
124	136	0.783966
124	143	1.18388
124	146	0.75129
124	151	0.726239
124	152	0.783902
124	155	0.765757
124	162	1.14411
124	168	0.797151
124	173	0.762333
124	178	0.626012
124	179	0.680782
124	180	1.20912
125	1	0.750114
125	6	0.739753
125	12	1.01672
125	18	1.1631
125	23	1.0927
125	24	0.688951
125	49	1.13306
125	51	0.81557
125	59	1.09487
125	69	1.14901
125	81	1.17055
125	87	1.13555
125	92	1.18617
125	97	1.142
125	103	1.2116
125	104	0.80416
125	107	1.17571
125	110	1.18309
125	115	1.12128
125	118	1.20212
125	119	0.733023
125	121	1.09025
125	134	0.840334
125	137	1.11416
125	144	1.141
125	151	0.742863
125	152	0.800525
125	172	0.802681
125	174	0.769652
125	175	0.817748
125	180	1.17705
126	29	0.757607
126	62	0.702846
126	67	0.713991
126	70	0.743157
126	90	0.718341
126	94	0.742792
126	106	0.728835
126	110	0.682041
126	111	0.730852
126	134	1.18916
126	137	0.696659
126	139	1.17895
126	140	1.18071
126	141	0.713176
126	142	1.19259
126	144	1.21611
126	147	0.679922
126	149	1.19631
126	157	1.21472
126	160	1.21472
126	161	1.20698
126	163	1.20922
126	164	1.18973
126	168	1.19973
126	170	1.24549
126	171	1.21916
126	172	1.20381
126	173	1.22154
126	174	0.684226
126	175	1.20173
126	176	1.21935
127	30	1.10019
127	38	1.19398
127	47	1.10704
127	73	1.0998
127	90	1.12332
127	98	0.77753
127	112	1.10045
127	122	0.863906
127	129	1.09808
127	135	0.828713
127	136	0.813037
127	138	1.09894
127	141	1.11084
127	144	0.801728
127	145	1.13001
127	147	1.1585
127	148	1.06943
127	150	1.15521
127	153	1.12999
127	155	0.794828
127	156	1.11422
127	157	0.821439
127	158	1.11651
127	161	0.811916
127	163	0.810614
127	165	1.11696
127	169	1.12863
127	171	0.799674
127	174	1.12493
127	177	1.12298
127	179	0.709853
127	180	0.780205
128	20	0.793946
128	23	0.795249
128	25	1.10112
128	34	1.22905
128	36	0.705487
128	37	0.705725
128	41	1.19341
128	57	1.14446
128	59	0.821728
128	64	1.17668
128	80	0.835003
128	81	0.723309
128	84	0.641235
128	85	0.811275
128	90	1.15089
128	93	1.21481
128	101	0.779705
128	106	1.12006
128	117	0.787562
128	118	0.693081
128	121	0.806694
128	123	1.17638
128	129	1.12566
128	140	1.1206
128	160	1.1546
128	162	1.12704
128	169	1.1562
128	172	1.14369
128	173	1.16143
128	174	1.1525
128	175	1.14161
128	176	1.15924
128	177	1.15056
129	1	0.740006
129	4	1.18113
129	27	0.782202
129	70	1.12702
129	72	1.11382
129	94	1.10761
129	96	0.753529
129	104	1.10221
129	111	1.10729
129	114	1.13172
129	127	1.09808
129	128	1.12566
129	130	0.791298
129	131	0.832376
129	133	1.17556
129	137	1.11939
129	145	1.14781
129	147	1.1763
129	148	1.08724
129	150	1.17301
129	152	0.790418
129	154	1.14699
129	155	0.772273
129	158	1.13431
129	160	0.793173
129	164	0.812896
129	165	1.13476
129	166	0.793258
129	167	1.12658
129	168	0.803667
129	174	1.14273
129	176	0.790873
129	177	1.14079
129	180	0.75765
130	3	0.725502
130	20	0.799886
130	69	0.732258
130	72	0.765163
130	101	0.785645
130	103	1.24901
130	106	0.784392
130	122	1.14053
130	129	0.791298
130	131	1.15016
130	134	1.15147
130	135	1.16245
130	136	1.15989
130	137	0.752216
130	139	1.14125
130	142	1.15489
130	145	0.74117
130	148	0.812397
130	149	1.15861
130	150	0.712387
130	152	1.17278
130	153	0.736244
130	157	1.17702
130	161	1.16928
130	162	1.14945
130	163	1.17152
130	164	1.15203
130	166	1.18201
130	168	1.16203
130	172	1.16611
130	173	1.18384
130	174	0.739783
130	175	1.16403
130	176	1.18165
130	178	0.612767
131	3	0.76658
131	22	1.09617
131	31	1.2766
131	44	0.742936
131	45	1.06849
131	69	0.773336
131	79	1.13067
131	92	0.7669
131	95	1.11662
131	98	1.15789
131	107	1.18302
131	111	0.827486
131	118	0.740099
131	129	0.832376
131	130	1.15016
131	136	1.12979
131	139	1.11115
131	149	1.12851
131	150	0.753465
131	151	1.17455
131	155	1.15543
131	156	0.791766
131	157	1.14692
131	159	0.782905
131	164	1.12193
131	165	0.796594
131	166	1.15191
131	167	0.782184
131	168	1.13193
131	170	1.17769
131	171	1.15136
131	173	1.15374
131	174	0.780861
131	175	1.13393
131	176	1.15155
131	178	0.653845
132	4	0.737291
132	24	1.25548
132	34	0.700844
132	38	0.733936
132	67	0.794691
132	95	1.12062
132	97	0.749975
132	102	1.09563
132	103	1.22291
132	106	0.809535
132	109	0.829932
132	110	0.762741
132	111	0.811551
132	113	1.12357
132	117	0.818645
132	122	1.11443
132	133	0.753097
132	135	1.13635
132	136	1.13379
132	140	1.11692
132	142	1.12879
132	152	1.14668
132	153	0.761387
132	155	1.15943
132	160	1.15092
132	161	1.14318
132	162	1.12335
132	163	1.14542
132	167	0.766249
132	168	1.13593
132	171	1.15536
132	172	1.14001
132	173	1.15774
132	174	0.764926
132	175	1.13793
132	176	1.15555
133	21	1.17102
133	39	1.25306
133	55	1.181
133	73	1.17728
133	91	1.18996
133	94	1.16729
133	106	1.16996
133	107	0.692005
133	109	1.16356
133	112	1.17793
133	123	0.700412
133	129	1.17556
133	132	0.753097
133	134	0.766883
133	141	1.18832
133	142	0.767603
133	145	1.20749
133	147	1.23597
133	148	1.14691
133	153	1.20747
133	154	1.20666
133	158	1.19399
133	159	1.20116
133	160	0.72983
133	162	0.751012
133	163	0.724716
133	164	0.749552
133	170	0.700627
133	172	0.72923
133	173	0.705506
133	174	1.20241
133	176	0.727529
133	177	1.20046
133	178	1.38254
133	179	0.623955
133	180	0.694307
134	11	0.759823
134	13	0.774996
134	37	0.750593
134	42	1.04667
134	43	1.20845
134	49	0.798423
134	65	0.778165
134	74	0.777756
134	125	0.840334
134	126	1.18916
134	130	1.15147
134	133	0.766883
134	135	1.13366
134	139	1.11246
134	140	1.11422
134	154	0.763848
134	155	1.15674
134	157	1.14823
134	159	0.780755
134	160	1.14823
134	161	1.14049
134	163	1.14273
134	164	1.12324
134	166	1.15322
134	167	0.780034
134	168	1.13324
134	170	1.179
134	171	1.15267
134	172	1.13732
134	173	1.15505
134	174	0.778711
134	175	1.13524
134	176	1.15286
134	177	0.79065
134	178	0.651695
134	180	1.18567
135	21	0.816838
135	46	0.749234
135	53	1.1539
135	77	0.690646
135	82	0.71971
135	86	1.1493
135	112	0.777555
135	113	1.13186
135	115	0.794634
135	121	0.827494
135	127	0.828713
135	130	1.16245
135	132	1.13635
135	134	1.13366
135	136	1.14208
135	138	0.793963
135	139	1.12344
135	142	1.13708
135	146	1.14784
135	150	0.727247
135	152	1.15498
135	153	0.751104
135	156	0.765549
135	157	1.15921
135	160	1.15921
135	163	1.15371
135	164	1.13423
135	168	1.14422
135	170	1.18998
135	171	1.16365
135	172	1.1483
135	173	1.16604
135	174	0.754643
135	175	1.14622
135	176	1.16384
135	177	0.766582
135	178	0.627627
135	179	1.29846
136	23	0.800373
136	25	0.785678
136	43	1.21687
136	45	1.07822
136	48	0.790758
136	76	0.81311
136	77	0.67497
136	96	0.732951
136	100	0.693715
136	106	0.783576
136	114	0.737705
136	120	1.17169
136	124	0.783966
136	127	0.813037
136	130	1.15989
136	131	1.12979
136	132	1.13379
136	135	1.14208
136	137	0.7514
136	140	1.12265
