1	6	0.896532
1	17	2.15829
1	18	0.786899
1	20	0.790656
1	22	0.878234
1	24	0.850587
1	35	0.856592
1	36	0.773213
1	76	0.859108
1	78	0.838222
1	110	2.64504
1	131	0.872579
2	12	0.793288
2	134	0.727946
2	150	0.751293
2	163	0.680745
2	167	0.720871
2	169	0.699131
2	171	0.663446
2	173	0.685587
2	174	0.664259
2	175	0.669489
2	176	0.677449
2	180	0.664832
3	79	1.18422
3	137	0.925614
3	155	0.887237
3	167	0.869911
3	168	0.848068
3	169	0.848171
3	170	0.83302
3	171	0.812486
3	172	0.839939
3	175	0.818528
3	176	0.826488
3	180	0.813872
4	8	2.67339
4	135	0.770732
4	149	0.835496
4	153	0.815682
4	158	0.752711
4	162	0.792604
4	169	0.756418
4	173	0.742874
4	174	0.721546
4	175	0.726775
4	178	0.762527
4	180	0.722119
5	79	0.942384
5	101	1.19901
5	107	0.963884
5	111	0.951896
5	126	0.947645
5	132	0.944206
5	139	0.953943
5	141	0.928365
5	143	0.924328
5	164	2.8714
5	166	2.34471
5	177	0.846318
6	1	0.896532
6	8	0.989718
6	18	0.88353
6	24	0.947218
6	35	0.953223
6	36	0.869844
6	76	0.955739
6	78	0.934853
6	123	1.44877
6	127	2.13175
6	131	0.969209
6	166	2.31732
7	45	1.56684
7	64	0.871518
7	86	0.875565
7	87	0.811674
7	89	0.853274
7	105	0.821865
7	108	0.806385
7	112	0.843685
7	114	0.839545
7	120	0.852486
7	156	0.825917
7	165	3.56475
8	4	2.67339
8	6	0.989718
8	18	0.880085
8	20	0.883842
8	22	0.97142
8	24	0.943773
8	35	0.949778
8	36	0.866399
8	76	0.952294
8	131	0.965765
8	154	0.959002
8	176	1.54278
9	69	0.885747
9	71	0.872569
9	117	0.845517
9	119	0.856796
9	121	0.84112
9	125	0.865092
9	138	0.851911
9	151	2.29885
9	157	2.67131
9	164	0.788433
9	178	0.812996
9	179	0.779536
10	55	0.863396
10	74	0.903311
10	137	1.15362
10	145	0.851885
10	159	0.895809
10	165	0.82925
10	168	0.848923
10	170	0.833876
10	174	0.814155
10	175	0.819384
10	176	0.827344
10	180	0.814727
11	14	1.03666
11	105	1.15548
11	144	0.904997
11	161	0.853676
11	162	0.882193
11	168	0.845903
11	171	0.810321
11	172	0.837775
11	174	0.811135
11	175	0.816364
11	176	0.824324
11	180	0.811707
12	2	0.793288
12	86	0.909198
12	122	1.34688
12	162	0.893911
12	170	0.842574
12	172	0.849494
12	173	0.844181
12	174	0.822853
12	175	0.828082
12	176	0.836042
12	178	0.863834
12	180	0.823426
13	28	0.949257
13	99	0.920235
13	102	0.902705
13	122	0.933667
13	133	1.6929
13	135	2.45964
13	137	0.934998
13	139	0.928138
13	141	0.90256
13	143	0.898523
13	155	1.871
13	156	0.911136
13	177	0.820513
14	11	1.03666
14	69	0.947408
14	75	0.977142
14	117	0.907177
14	121	0.902781
14	125	0.926752
14	131	0.959391
14	138	0.913572
14	154	2.49441
14	157	1.8506
14	164	0.850093
14	178	0.874657
14	179	0.841197
15	126	1.58904
15	141	0.764573
15	149	0.915478
15	163	0.818014
15	167	0.85814
15	169	0.8364
15	170	0.821249
15	171	0.800715
15	173	0.822856
15	174	0.801528
15	175	0.806758
15	176	0.814717
15	180	0.802101
16	55	2.49575
16	66	0.879052
16	79	0.836932
16	126	0.842193
16	130	0.852528
16	132	0.838754
16	137	0.855351
16	139	0.848491
16	141	0.822913
16	143	0.818876
16	165	0.76498
16	172	3.01041
16	177	0.740866
17	1	2.15829
17	124	1.08995
17	159	0.886138
17	161	0.847025
17	163	0.82097
17	169	0.839356
17	170	0.824205
17	171	0.803671
17	172	0.831124
17	173	0.825812
17	174	0.804484
17	175	0.809713
17	180	0.805057
18	1	0.786899
18	6	0.88353
18	8	0.880085
18	19	0.785719
18	20	0.777654
18	22	0.865232
18	24	0.837585
18	35	0.84359
18	36	0.760211
18	78	0.82522
18	101	1.9011
18	131	0.859577
18	172	3.38636
19	18	0.785719
19	20	0.789476
19	35	0.855413
19	36	0.772033
19	92	0.852542
19	116	0.872438
19	126	0.837991
19	131	0.871399
19	132	0.834552
19	141	0.818711
19	143	0.814674
19	168	2.13332
19	176	3.30799
20	1	0.790656
20	8	0.883842
20	18	0.777654
20	19	0.789476
20	22	0.868989
20	24	0.841342
20	35	0.847347
20	36	0.763968
20	76	0.849863
20	78	0.828977
20	131	0.863334
20	157	1.6225
20	180	3.74088
21	84	0.94976
21	92	0.929963
21	102	0.896278
21	116	0.949859
21	130	0.925748
21	133	1.08342
21	137	0.92857
21	139	0.921711
21	141	0.896133
21	143	0.892096
21	163	2.54485
21	166	2.45549
21	177	0.814085
22	1	0.878234
22	8	0.97142
22	18	0.865232
22	20	0.868989
22	24	0.928921
22	35	0.934926
22	36	0.851546
22	76	0.937441
22	78	0.916555
22	101	1.17474
22	131	0.950912
22	133	1.55103
22	179	3.21881
23	69	1.36642
23	143	1.13685
23	146	0.88241
23	159	0.875144
23	162	0.864548
23	167	0.850102
23	170	0.813211
23	171	0.792677
23	172	0.82013
23	175	0.798719
23	176	0.806679
23	179	0.801011
23	180	0.794063
24	1	0.850587
24	6	0.947218
24	8	0.943773
24	18	0.837585
24	20	0.841342
24	22	0.928921
24	35	0.907279
24	36	0.823899
24	76	0.909794
24	78	0.888908
24	131	0.923265
24	154	2.18064
24	160	2.17421
24	162	2.07648
25	66	0.935296
25	101	1.64996
25	107	0.914676
25	113	0.908533
25	116	0.932883
25	130	0.908772
25	132	0.894998
25	140	0.890606
25	141	0.879157
25	143	0.87512
25	149	1.8324
25	154	0.865658
25	161	2.81609
25	177	0.79711
26	80	1.70881
26	129	0.928838
26	140	1.16677
26	161	0.820758
26	162	0.849275
26	166	0.800172
26	167	0.834829
26	169	0.813089
26	170	0.797938
26	172	0.804857
26	173	0.799545
26	174	0.778217
26	176	0.791406
26	180	0.778789
27	55	2.60425
27	56	0.827691
27	62	0.869054
27	71	0.834425
27	93	0.84845
27	96	0.795718
27	119	0.818652
27	125	0.826948
27	128	0.828986
27	136	0.823676
27	138	0.813767
27	158	3.21837
27	178	0.774852
27	179	0.741392
28	13	0.949257
28	61	1.6738
28	92	0.920408
28	102	0.886723
28	103	1.88633
28	111	0.910109
28	126	0.905858
28	130	0.916193
28	139	0.912156
28	141	0.886578
28	143	0.882541
28	144	2.62149
28	165	0.828645
28	177	0.804531
29	106	1.7626
29	118	0.883083
29	137	0.961458
29	164	0.807216
29	166	0.812753
29	167	0.84741
29	168	0.825567
29	170	0.810519
29	171	0.789985
29	172	0.817439
29	173	0.812126
29	175	0.796028
29	176	0.803988
29	180	0.791371
30	107	1.21594
30	121	1.49134
30	158	0.819715
30	159	0.870205
30	160	0.836185
30	161	0.831092
30	162	0.859609
30	166	0.810505
30	171	0.787737
30	173	0.809879
30	174	0.788551
30	175	0.79378
30	176	0.80174
30	180	0.789123
31	39	0.916368
31	44	0.914848
31	47	0.891476
31	63	1.33776
31	69	0.91887
31	75	0.948604
31	117	0.87864
31	119	0.889919
31	128	0.900253
31	138	0.885034
31	159	1.79008
31	175	3.32635
31	178	0.846119
31	179	0.812659
32	84	0.944689
32	88	1.23361
32	99	0.908736
32	132	0.906902
32	137	0.923499
32	139	0.916639
32	140	0.902511
32	141	0.891062
32	143	0.887025
32	150	2.79619
32	151	2.04519
32	154	0.877562
32	165	0.833129
32	177	0.809014
33	38	0.862232
33	52	0.837988
33	56	0.839422
33	97	0.854973
33	119	0.830383
33	121	0.814707
33	128	0.840717
33	135	0.794788
33	138	0.825498
33	164	0.762019
33	165	3.20301
33	168	2.51492
33	178	0.786583
33	179	0.753123
34	62	0.950996
34	75	0.95928
34	96	0.87766
34	103	1.3297
34	119	0.900594
34	121	0.884919
34	125	0.90889
34	128	0.910928
34	138	0.89571
34	155	2.35039
34	164	0.832231
34	167	2.50364
34	178	0.856795
34	179	0.823335
35	1	0.856592
35	6	0.953223
35	8	0.949778
35	18	0.84359
35	19	0.855413
35	20	0.847347
35	22	0.934926
35	24	0.907279
35	36	0.829904
35	78	0.894913
35	103	1.07412
35	131	0.92927
35	164	2.47733
35	177	3.42524
36	1	0.773213
36	6	0.869844
36	8	0.866399
36	18	0.760211
36	19	0.772033
36	20	0.763968
36	22	0.851546
36	24	0.823899
36	35	0.829904
36	76	0.83242
36	78	0.811534
36	131	0.84589
36	153	2.17349
36	173	3.49308
37	134	0.777729
37	144	0.807905
37	153	0.808178
37	156	3.74523
37	159	0.795697
37	166	0.735998
37	167	0.770654
37	168	0.748811
37	170	0.733764
37	171	0.713229
37	172	0.740683
37	175	0.719272
37	176	0.727232
37	177	0.705023
37	180	0.714615
38	33	0.862232
38	71	0.911009
38	95	2.16269
38	96	0.872302
38	104	2.14495
38	117	0.883957
38	119	0.895236
38	121	0.87956
38	125	0.903532
38	128	0.90557
38	138	0.890351
38	148	2.51612
38	164	0.826873
38	178	0.851436
38	179	0.817976
39	31	0.916368
39	40	0.725578
39	96	0.866901
39	117	0.878556
39	119	0.889835
39	125	0.898131
39	128	0.900169
39	131	0.93077
39	135	0.854241
39	138	0.884951
39	164	0.821472
39	165	2.60426
39	174	3.42038
39	178	0.846036
39	179	0.812576
40	39	0.725578
40	78	0.932554
40	99	1.4229
40	155	0.916478
40	157	0.923971
40	161	0.885082
40	163	0.859026
40	166	0.864495
40	168	0.877309
40	169	0.877412
40	170	0.862261
40	172	0.869181
40	173	0.863868
40	176	0.855729
40	180	0.843113
41	70	0.838297
41	85	0.863372
41	86	0.920442
41	98	0.879606
41	105	0.866742
41	106	0.865007
41	108	0.851262
41	112	0.888562
41	114	0.884422
41	120	0.897363
41	140	0.873668
41	150	1.65346
41	156	0.870794
41	178	1.93903
41	179	3.06845
42	68	0.915023
42	70	0.842894
42	77	0.878178
42	80	0.869063
42	85	0.867969
42	90	0.85282
42	98	0.884203
42	104	1.11043
42	106	0.869604
42	108	0.855859
42	112	0.893159
42	120	0.90196
42	147	3.5336
42	156	0.875391
42	164	2.35219
43	52	0.892989
43	71	0.901156
43	93	0.915181
43	104	1.79711
43	117	0.874104
43	121	0.869708
43	124	0.91158
43	125	0.893679
43	128	0.895717
43	138	0.880499
43	157	1.78976
43	164	0.81702
43	173	3.16379
43	178	0.841584
43	179	0.808124
44	31	0.914848
44	71	0.904089
44	81	1.71598
44	93	0.918114
44	96	0.865382
44	117	0.877037
44	121	0.87264
44	125	0.896611
44	136	0.89334
44	138	0.883431
44	160	2.53013
44	164	0.819952
44	167	2.34986
44	178	0.844516
44	179	0.811056
45	7	1.56684
45	128	0.680672
45	138	1.06906
45	145	0.870031
45	150	0.919333
45	158	0.863465
45	161	0.874842
45	166	0.854255
45	167	0.888912
45	168	0.867069
45	169	0.867172
45	171	0.831487
45	172	0.858941
45	174	0.8323
45	175	0.837529
45	180	0.832873
46	49	0.866445
46	82	1.66719
46	92	0.88773
46	111	0.877431
46	116	0.907626
46	122	0.885007
46	126	0.873179
46	132	0.86974
46	137	0.886337
46	139	0.879477
46	141	0.8539
46	143	0.849863
46	165	0.795967
46	168	2.79088
46	177	0.771852
46	178	2.5832
47	31	0.891476
47	50	0.873499
47	75	0.923629
47	93	0.894742
47	119	0.864944
47	121	0.849268
47	124	0.891141
47	125	0.87324
47	128	0.875278
47	138	0.860059
47	158	2.2417
47	161	1.82312
47	164	0.796581
47	178	0.821144
47	179	0.787684
47	180	3.0259
48	84	0.907261
48	92	0.887464
48	99	0.871308
48	113	0.883009
48	126	0.872913
48	130	0.883249
48	137	0.886071
48	139	0.879211
48	141	0.853634
48	143	0.849597
48	145	1.97815
48	156	0.862209
48	165	0.795701
48	173	2.23984
48	175	2.84226
48	177	0.771586
49	46	0.866445
49	60	0.901757
49	116	0.906153
49	124	0.890376
49	130	0.882042
49	137	0.884864
49	139	0.878004
49	140	0.863876
49	141	0.852427
49	143	0.84839
49	148	2.25198
49	155	2.1773
49	156	0.861002
49	165	0.794494
49	177	0.770379
49	178	2.53756
50	47	0.873499
50	52	0.879546
50	56	0.88098
50	62	0.922343
50	117	0.860662
50	119	0.871941
50	121	0.856266
50	125	0.880237
50	128	0.882275
50	138	0.867057
50	161	1.50054
50	164	0.803578
50	170	2.01856
50	177	3.55737
50	178	0.828141
50	179	0.794681
51	68	0.896472
51	70	0.824343
51	77	0.859627
51	80	0.850512
51	86	0.906488
51	87	0.842597
51	90	0.834269
51	105	0.852788
51	106	0.851053
51	112	0.874608
51	114	0.870468
51	118	2.18971
51	120	0.883409
51	133	2.28157
51	134	2.38813
51	140	0.859714
52	33	0.837988
52	43	0.892989
52	50	0.879546
52	62	0.921393
52	71	0.886765
52	91	1.86933
52	121	0.855316
52	125	0.879287
52	128	0.881325
52	136	0.876016
52	138	0.866107
52	162	2.2086
52	164	0.802628
52	172	2.90368
52	178	0.827192
52	179	0.793732
53	54	2.51704
53	59	1.2292
53	102	0.853276
53	111	0.876662
53	122	0.884238
53	126	0.872411
53	130	0.882746
53	132	0.868971
53	137	0.885568
53	139	0.878709
53	140	0.86458
53	141	0.853131
53	143	0.849094
53	156	0.861706
53	161	3.19704
53	177	0.771083
54	53	2.51704
54	109	0.863444
54	136	1.85506
54	155	0.834793
54	162	0.831912
54	164	0.777272
54	166	0.782809
54	167	0.817466
54	169	0.795726
54	171	0.760041
54	172	0.787495
54	173	0.782182
54	174	0.760854
54	175	0.766084
54	176	0.774044
54	178	0.801835
54	180	0.761427
55	10	0.863396
55	16	2.49575
55	27	2.60425
55	142	0.766592
55	144	0.836929
55	148	0.823871
55	150	0.830099
55	152	0.804645
55	155	0.817004
55	157	0.824497
55	163	0.759552
55	168	0.777835
55	170	0.762787
55	172	0.769707
55	173	0.764394
55	176	0.756255
55	180	0.743639
56	27	0.827691
56	33	0.839422
56	50	0.88098
56	96	0.849491
56	119	0.872425
56	121	0.85675
56	125	0.880721
56	128	0.882759
56	135	0.83683
56	136	0.877449
56	138	0.867541
56	154	1.71037
56	164	0.804062
56	165	2.62644
56	176	3.11303
56	178	0.828625
56	179	0.795165
57	67	0.823109
57	70	0.815183
57	77	0.850468
57	85	0.840258
57	86	0.897329
57	87	0.833438
57	89	0.875037
57	106	0.841894
57	108	0.828149
57	112	0.865449
57	114	0.861309
57	120	0.874249
57	123	2.30839
57	140	0.850555
57	145	2.79146
57	154	2.32292
57	156	0.847681
58	68	0.607568
58	71	1.03014
58	140	1.26099
58	145	0.868579
58	163	0.847335
58	165	0.845944
58	166	0.852804
58	167	0.887461
58	168	0.865618
58	169	0.865721
58	171	0.830036
58	173	0.852177
58	174	0.830849
58	175	0.836078
58	176	0.844038
58	179	0.83837
58	180	0.831422
59	53	1.2292
59	78	0.791768
59	108	0.577089
59	122	0.997173
59	158	0.927367
59	161	0.938744
59	163	0.912688
59	166	0.918157
59	167	0.952814
59	170	0.915923
59	172	0.922843
59	173	0.91753
59	174	0.896202
59	175	0.901431
59	176	0.909391
59	177	0.887183
59	180	0.896775
60	49	0.901757
60	84	0.942839
60	99	0.906886
60	102	0.889356
60	107	0.92473
60	113	0.918587
60	122	0.920318
60	129	1.05729
60	132	0.905052
60	139	0.914789
60	140	0.90066
60	141	0.889211
60	143	0.885174
60	146	1.97276
60	156	0.897786
60	159	2.12958
60	166	3.18722
60	177	0.807164
61	28	1.6738
61	126	0.695706
61	130	0.224323
61	133	0.957909
61	138	0.577738
61	147	0.876265
61	149	0.980547
61	158	0.897762
61	160	0.914231
61	162	0.937655
61	168	0.901366
61	170	0.886318
61	173	0.887925
61	174	0.866597
61	175	0.871826
61	176	0.879786
61	179	0.874118
61	180	0.86717
62	27	0.869054
62	34	0.950996
62	50	0.922343
62	52	0.921393
62	69	0.942739
62	72	1.19868
62	83	2.01158
62	96	0.890854
62	117	0.902509
62	121	0.898112
62	125	0.922084
62	136	0.918812
62	138	0.908903
62	164	0.845425
62	167	2.119
62	169	2.85555
62	178	0.869988
62	179	0.836528
63	31	1.33776
63	113	1.23561
63	127	0.870445
63	131	1.03917
63	152	0.876391
63	153	0.908948
63	158	0.845978
63	162	0.885871
63	167	0.871424
63	168	0.849581
63	170	0.834534
63	172	0.841453
63	173	0.836141
63	174	0.814813
63	175	0.820042
63	176	0.828002
63	180	0.815385
64	7	0.871518
64	67	0.87806
64	85	0.89521
64	87	0.888389
64	89	0.929989
64	90	0.880061
64	98	0.911444
64	105	0.89858
64	106	0.896845
64	108	0.8831
64	112	0.9204
64	114	0.91626
64	118	1.87153
64	120	0.929201
64	134	2.06995
64	149	1.76953
64	156	0.902632
64	178	2.50174
65	70	0.869528
65	77	0.904812
65	80	0.895697
65	85	0.894603
65	87	0.887782
65	88	0.969565
65	89	0.929382
65	90	0.879454
65	100	1.73222
65	105	0.897973
65	106	0.896238
65	108	0.882493
65	112	0.919793
65	114	0.915653
65	120	0.928594
65	156	0.902025
65	175	3.60897
65	178	2.29662
66	16	0.879052
66	25	0.935296
66	73	0.919778
66	76	1.26518
66	79	0.910039
66	97	0.932363
66	102	0.896165
66	109	1.57034
66	113	0.925396
66	122	0.927127
66	132	0.911861
66	137	0.928458
66	141	0.89602
66	143	0.891983
66	159	2.5128
66	165	0.838087
66	168	2.9444
66	177	0.813973
67	57	0.823109
67	64	0.87806
67	74	0.850209
67	77	0.835247
67	80	0.826132
67	85	0.825037
67	86	0.882108
67	87	0.818216
67	98	0.841271
67	105	0.828408
67	106	0.826673
67	114	0.846088
67	120	0.859028
67	123	2.00386
67	140	0.835333
67	152	2.35798
67	156	0.83246
67	175	3.35105
68	42	0.915023
68	51	0.896472
68	58	0.607568
68	80	0.890336
68	87	0.882421
68	89	0.92402
68	90	0.874093
68	98	0.905476
68	106	0.890877
68	108	0.877132
68	112	0.914432
68	114	0.910292
68	120	0.923232
68	140	0.899538
68	155	1.41863
68	156	0.896664
68	173	2.48881
68	175	3.09124
69	9	0.885747
69	14	0.947408
69	23	1.36642
69	31	0.91887
69	62	0.942739
69	75	0.951023
69	78	0.898916
69	119	0.892338
69	121	0.876662
69	125	0.900633
69	128	0.902672
69	131	0.933273
69	138	0.887453
69	151	1.49803
69	154	2.51429
69	155	2.17434
69	178	0.848538
69	179	0.815078
70	41	0.838297
70	42	0.842894
70	51	0.824343
70	57	0.815183
70	65	0.869528
70	74	0.842284
70	80	0.818206
70	86	0.874182
70	87	0.810291
70	90	0.801963
70	105	0.820482
70	108	0.805002
70	114	0.838162
70	120	0.851103
70	140	0.827408
70	148	1.95341
70	156	0.824534
70	167	2.03198
70	174	3.95086
71	9	0.872569
71	27	0.834425
71	38	0.911009
71	43	0.901156
71	44	0.904089
71	52	0.886765
71	58	1.03014
71	93	0.908957
71	95	1.56244
71	117	0.86788
71	119	0.879159
71	124	0.905356
71	125	0.887455
71	131	0.920094
71	138	0.874275
71	154	2.18115
71	164	0.810796
71	176	3.58381
71	178	0.83536
71	179	0.8019
72	62	1.19868
72	83	0.884361
72	96	2.32595
72	143	1.17769
72	147	0.808369
72	158	0.829866
72	161	0.841242
72	163	0.815187
72	166	0.820656
72	167	0.855313
72	168	0.833469
72	169	0.833573
72	170	0.818422
72	171	0.797888
72	172	0.825341
72	173	0.820029
72	174	0.798701
72	175	0.80393
72	176	0.81189
72	180	0.799273
73	66	0.919778
73	107	0.899157
73	109	1.44123
73	111	0.88717
73	116	0.917365
73	126	0.882919
73	130	0.893254
73	132	0.879479
73	136	0.880415
73	137	0.896076
73	139	0.889217
73	140	0.875088
73	141	0.863639
73	143	0.859602
73	149	1.8754
73	150	2.32204
73	156	0.872214
73	158	3.27767
73	165	0.805706
73	177	0.781591
74	10	0.903311
74	67	0.850209
74	70	0.842284
74	80	0.868453
74	85	0.867359
74	86	0.924429
74	87	0.860538
74	89	0.902138
74	90	0.85221
74	98	0.883593
74	105	0.870729
74	106	0.868994
74	108	0.855249
74	112	0.892549
74	114	0.888409
74	120	0.90135
74	156	0.874781
74	159	1.29702
74	173	2.23086
74	177	3.82926
75	14	0.977142
75	31	0.948604
75	34	0.95928
75	47	0.923629
75	69	0.951023
75	96	0.899138
75	115	2.77075
75	117	0.910793
75	121	0.906396
75	124	0.948269
75	128	0.932406
75	131	0.963007
75	135	0.886477
75	138	0.917187
75	146	1.50701
75	150	1.60218
75	159	1.66383
75	164	0.853709
75	169	2.41729
75	178	0.878272
75	179	0.844812
76	1	0.859108
76	6	0.955739
76	8	0.952294
76	20	0.849863
76	22	0.937441
76	24	0.909794
76	36	0.83242
76	66	1.26518
76	90	1.11574
76	93	0.574116
76	105	1.162
76	131	0.931785
76	146	0.894989
76	158	0.837235
76	167	0.862681
76	171	0.805256
76	173	0.827398
76	174	0.80607
76	175	0.811299
76	176	0.819259
76	180	0.806642
77	42	0.878178
77	51	0.859627
77	57	0.850468
77	65	0.904812
77	67	0.835247
77	80	0.853491
77	85	0.852396
77	89	0.887175
77	98	0.86863
77	101	2.17518
77	105	0.855767
77	106	0.854032
77	108	0.840287
77	110	1.67028
77	112	0.877587
77	114	0.873447
77	120	0.886387
77	140	0.862693
77	151	2.05326
77	156	0.859819
77	160	3.06309
78	1	0.838222
78	6	0.934853
78	18	0.82522
78	20	0.828977
78	22	0.916555
78	24	0.888908
78	35	0.894913
78	36	0.811534
78	40	0.932554
78	59	0.791768
78	69	0.898916
78	83	2.19369
78	97	0.894555
78	117	0.858686
78	128	0.880299
78	131	0.9109
78	135	0.83437
78	138	0.86508
78	176	3.89047
78	178	0.826165
78	179	0.792705
79	3	1.18422
79	5	0.942384
79	16	0.836932
79	66	0.910039
79	99	0.871574
79	111	0.877431
79	113	0.883276
79	122	0.885007
79	123	0.85676
79	130	0.883515
79	132	0.869741
79	136	0.870677
79	139	0.879478
79	140	0.865349
79	141	0.8539
79	143	0.849863
79	151	0.993284
79	165	0.795967
79	169	2.55939
79	174	3.74172
79	177	0.771853
80	26	1.70881
80	42	0.869063
80	51	0.850512
80	65	0.895697
80	67	0.826132
80	68	0.890336
80	70	0.818206
80	74	0.868453
80	77	0.853491
80	90	0.828133
80	94	1.44686
80	98	0.859516
80	105	0.846652
80	106	0.844917
80	108	0.831172
80	112	0.868472
80	114	0.864332
80	120	0.877272
80	135	3.20273
80	140	0.853578
80	144	2.32854
80	156	0.850704
81	44	1.71598
81	122	1.87263
81	138	1.33033
81	142	0.808083
81	145	0.822288
81	152	0.846136
81	155	0.858496
81	157	0.865989
81	158	0.815723
81	162	0.855616
81	163	0.801043
81	167	0.841169
81	169	0.819429
81	170	0.804279
81	171	0.783744
81	172	0.811198
81	173	0.805886
81	174	0.784558
81	176	0.797747
81	179	0.792079
81	180	0.78513
82	46	1.66719
82	93	1.12964
82	114	0.285533
82	121	1.22233
82	145	0.851365
82	147	0.823302
82	148	0.894439
82	149	0.927584
82	151	0.908731
82	152	0.875213
82	154	0.873163
82	157	0.895065
82	166	0.835589
82	167	0.870246
82	168	0.848403
82	169	0.848506
82	172	0.840275
82	173	0.834962
82	174	0.813634
82	175	0.818863
82	176	0.826823
82	180	0.814207
83	62	2.01158
83	72	0.884361
83	78	2.19369
83	125	1.6673
83	147	0.789153
83	152	0.841064
83	157	0.860916
83	158	0.81065
83	160	0.827119
83	162	0.850543
83	163	0.795971
83	166	0.80144
83	168	0.814254
83	169	0.814357
83	170	0.799206
83	171	0.778672
83	172	0.806126
83	174	0.779485
83	175	0.784714
83	176	0.792674
83	179	0.787006
83	180	0.780058
84	21	0.94976
84	32	0.944689
84	48	0.907261
84	60	0.942839
84	88	0.984453
84	102	0.893653
84	111	0.917039
84	122	0.924615
84	126	0.912788
84	129	1.53638
84	130	0.923124
84	132	0.909349
84	134	2.40081
84	137	0.925946
84	139	0.919086
84	141	0.893508
84	143	0.889471
84	146	2.45186
84	150	2.54703
84	156	0.902084
84	165	0.835576
84	177	0.811461
85	41	0.863372
85	42	0.867969
85	57	0.840258
85	64	0.89521
85	65	0.894603
85	67	0.825037
85	74	0.867359
85	77	0.852396
85	87	0.835366
85	90	0.827038
85	104	1.27369
85	105	0.845557
85	106	0.843822
85	108	0.830077
85	112	0.867377
85	114	0.863237
85	115	2.81345
85	120	0.876178
85	140	0.852483
85	146	1.54971
85	156	0.849609
85	171	4.0102
86	7	0.875565
86	12	0.909198
86	41	0.920442
86	51	0.906488
86	57	0.897329
86	67	0.882108
86	70	0.874182
86	74	0.924429
86	89	0.934036
86	90	0.884109
86	98	0.915491
86	105	0.902628
86	108	0.887147
86	112	0.924448
86	114	0.920307
86	120	0.933248
86	127	2.92399
86	140	0.909553
86	151	1.23927
86	156	0.906679
86	160	2.2491
86	162	2.15137
87	7	0.811674
87	51	0.842597
87	57	0.833438
87	64	0.888389
87	65	0.887782
87	67	0.818216
87	68	0.882421
87	70	0.810291
87	74	0.860538
87	85	0.835366
87	98	0.8516
87	100	1.5059
87	105	0.838736
87	106	0.837001
87	108	0.823256
87	112	0.860556
87	114	0.856416
87	120	0.869357
87	123	2.03546
87	140	0.845662
87	156	0.842788
87	170	2.8398
87	180	3.52457
88	32	1.23361
88	65	0.969565
88	84	0.984453
88	96	1.60513
88	100	0.949066
88	104	0.990564
88	122	0.865379
88	142	0.882726
88	145	0.896931
88	160	0.906835
88	162	0.930259
88	164	0.875618
88	165	0.874296
88	166	0.881156
88	167	0.915813
88	169	0.894073
88	170	0.878922
88	171	0.858388
88	172	0.885841
88	173	0.880529
88	175	0.86443
88	176	0.87239
88	180	0.859773
89	7	0.853274
89	57	0.875037
89	64	0.929989
89	65	0.929382
89	68	0.92402
89	74	0.902138
89	77	0.887175
89	86	0.934036
89	90	0.861817
89	98	0.8932
89	105	0.880336
89	106	0.878601
89	108	0.864856
89	112	0.902156
89	114	0.898016
89	120	0.910957
89	140	0.887262
89	147	3.04296
89	156	0.884388
89	158	1.17121
89	171	2.58089
89	174	2.21301
89	176	1.88349
90	42	0.85282
90	51	0.834269
90	64	0.880061
90	65	0.879454
90	68	0.874093
90	70	0.801963
90	74	0.85221
90	76	1.11574
90	80	0.828133
90	85	0.827038
90	86	0.884109
90	89	0.861817
90	98	0.843272
90	106	0.828674
90	108	0.814929
90	112	0.852229
90	114	0.848088
90	120	0.861029
90	140	0.837334
90	153	1.97761
90	156	0.834461
90	166	3.421
90	178	2.58727
91	52	1.86933
91	107	1.39922
91	122	2.24979
91	147	0.779975
91	151	0.865404
91	153	0.864442
91	154	0.829835
91	157	0.851738
91	161	0.812848
91	162	0.841365
91	163	0.786792
91	166	0.792262
91	167	0.826918
91	168	0.805075
91	169	0.805178
91	171	0.769493
91	172	0.796947
91	173	0.791635
91	174	0.770307
91	175	0.775536
91	176	0.783496
91	179	0.777828
91	180	0.770879
92	19	0.852542
92	21	0.929963
92	28	0.920408
92	46	0.88773
92	48	0.887464
92	94	0.819365
92	111	0.897242
92	113	0.903087
92	116	0.927437
92	122	0.904818
92	126	0.892991
92	130	0.903326
92	132	0.889552
92	136	0.890488
92	137	0.906149
92	141	0.873711
92	143	0.869674
92	154	0.860212
92	157	1.68273
92	159	2.12293
92	165	0.815778
92	177	0.791664
92	178	2.34684
92	180	3.80112
93	27	0.84845
93	43	0.915181
93	44	0.918114
93	47	0.894742
93	71	0.908957
93	76	0.574116
93	82	1.12964
93	96	0.87025
93	117	0.881905
93	119	0.893184
93	121	0.877508
93	124	0.919381
93	125	0.90148
93	128	0.903518
93	131	0.934119
93	135	0.857589
93	136	0.898208
93	138	0.8883
93	149	1.31345
93	164	0.824821
93	165	2.94141
93	178	0.849384
93	179	0.815924
93	180	3.49993
94	80	1.44686
94	92	0.819365
94	111	0.810005
94	122	1.18605
94	129	0.99541
94	135	0.893975
94	140	0.904823
94	150	0.931822
94	151	0.939886
94	157	0.92622
94	158	0.875954
94	160	0.892424
94	166	0.866744
94	167	0.901401
94	168	0.879558
94	169	0.879661
94	171	0.843976
94	172	0.87143
94	173	0.866117
94	174	0.844789
94	175	0.850019
94	176	0.857978
94	177	0.83577
94	180	0.845362
95	38	2.16269
95	71	1.56244
95	112	0.778258
95	127	0.863049
95	137	1.13223
95	147	0.817085
95	149	0.921367
95	153	0.901553
95	157	0.888848
95	158	0.838582
95	161	0.849958
95	163	0.823903
95	166	0.829372
95	167	0.864029
95	168	0.842186
95	169	0.842289
95	171	0.806604
95	172	0.834057
95	173	0.828745
95	174	0.807417
95	175	0.812646
95	176	0.820606
95	177	0.798398
95	180	0.80799
96	27	0.795718
96	34	0.87766
96	38	0.872302
96	39	0.866901
96	44	0.865382
96	56	0.849491
96	62	0.890854
96	72	2.32595
96	75	0.899138
96	88	1.60513
96	93	0.87025
96	103	2.07232
96	117	0.829173
96	119	0.840452
96	121	0.824777
96	125	0.848748
96	128	0.850786
96	135	0.804857
96	136	0.845476
96	138	0.835568
96	151	2.41671
96	164	0.772089
96	178	0.796653
96	179	0.763193
97	33	0.854973
97	66	0.932363
97	78	0.894555
97	113	0.905599
97	117	0.876697
97	121	0.872301
97	122	0.907331
97	128	0.89831
97	132	0.892064
97	136	0.893
97	137	0.908661
97	138	0.883092
97	139	0.901801
97	141	0.876224
97	143	0.872187
97	146	1.19435
97	147	4.1169
97	153	0.965415
97	154	0.862724
97	164	0.819613
97	167	1.36807
97	171	3.65483
97	177	0.794176
97	178	0.844177
97	179	0.810717
98	41	0.879606
98	42	0.884203
98	64	0.911444
98	67	0.841271
98	68	0.905476
98	74	0.883593
98	77	0.86863
98	80	0.859516
98	86	0.915491
98	87	0.8516
98	89	0.8932
98	90	0.843272
98	104	1.47382
98	105	0.861791
98	106	0.860056
98	108	0.846311
98	112	0.883611
98	114	0.879471
98	120	0.892412
98	140	0.868717
98	146	1.74984
98	148	1.84499
98	156	0.865843
98	161	2.38206
98	174	3.84244
99	13	0.920235
99	32	0.908736
99	40	1.4229
99	48	0.871308
99	60	0.906886
99	79	0.871574
99	107	0.893074
99	109	1.83208
99	111	0.881087
99	113	0.886931
99	116	0.911282
99	122	0.888662
99	123	0.860416
99	126	0.876835
99	129	1.70225
99	130	0.887171
99	132	0.873396
99	137	0.889993
99	139	0.883133
99	143	0.853519
99	146	2.61773
99	156	0.866131
99	165	0.799623
99	167	2.79145
99	177	0.775508
100	65	1.73222
100	87	1.5059
100	88	0.949066
100	130	1.25341
100	140	1.86791
100	144	0.877553
100	145	0.821421
100	148	0.864495
100	153	0.877826
100	155	0.857628
100	159	0.865344
100	160	0.831324
100	161	0.826232
100	162	0.854748
100	166	0.805645
100	168	0.818459
100	169	0.818562
100	170	0.803411
100	171	0.782877
100	172	0.810331
100	173	0.805018
100	174	0.78369
100	175	0.788919
100	176	0.796879
100	177	0.774671
100	180	0.784263
101	5	1.19901
101	18	1.9011
101	22	1.17474
101	25	1.64996
101	77	2.17518
101	144	0.90697
101	145	0.850838
101	146	0.902027
101	148	0.893913
101	151	0.908205
101	153	0.907243
101	155	0.887046
101	157	0.894539
101	159	0.894762
101	160	0.860742
101	161	0.855649
101	163	0.829593
101	166	0.835062
101	167	0.869719
101	169	0.847979
101	170	0.832828
101	171	0.812294
101	172	0.839748
101	174	0.813107
101	175	0.818337
101	176	0.826297
101	180	0.81368
102	13	0.902705
102	21	0.896278
102	28	0.886723
102	53	0.853276
102	60	0.889356
102	66	0.896165
102	84	0.893653
102	107	0.875545
102	109	1.99295
102	110	1.73979
102	113	0.869402
102	122	0.871133
102	124	0.877975
102	130	0.869641
102	132	0.855867
102	133	2.62098
102	136	0.856803
102	139	0.865604
102	140	0.851475
102	141	0.840026
102	143	0.835989
102	149	2.42712
102	154	0.826527
102	155	2.79907
102	156	0.848601
102	165	0.782093
102	177	0.757979
103	28	1.88633
103	34	1.3297
103	35	1.07412
103	96	2.07232
103	115	0.855894
103	140	1.05135
103	145	0.857262
103	147	0.829199
103	149	0.933481
103	151	0.914628
103	153	0.913667
103	158	0.850696
103	159	0.901185
103	160	0.867165
103	162	0.890589
103	163	0.836017
103	166	0.841486
103	167	0.876143
103	168	0.8543
103	169	0.854403
103	170	0.839252
103	172	0.846171
103	173	0.840859
103	174	0.819531
103	175	0.82476
103	176	0.83272
103	180	0.820104
104	38	2.14495
104	42	1.11043
104	43	1.79711
104	85	1.27369
104	88	0.990564
104	98	1.47382
104	145	0.862918
104	146	0.914108
104	147	0.834856
104	148	0.905993
104	157	0.906619
104	159	0.906842
104	160	0.872822
104	161	0.867729
104	166	0.847143
104	167	0.8818
104	168	0.859956
104	169	0.86006
104	170	0.844909
104	171	0.824375
104	172	0.851828
104	173	0.846516
104	174	0.825188
104	175	0.830417
104	176	0.838377
104	180	0.82576
105	7	0.821865
105	11	1.15548
105	41	0.866742
105	51	0.852788
105	64	0.89858
105	65	0.897973
105	67	0.828408
105	70	0.820482
105	74	0.870729
105	76	1.162
105	77	0.855767
105	80	0.846652
105	85	0.845557
105	86	0.902628
105	87	0.838736
105	89	0.880336
105	98	0.861791
105	106	0.847193
105	108	0.833448
105	112	0.870748
105	114	0.866608
105	120	0.879548
105	140	0.855853
105	144	1.98774
105	156	0.85298
105	159	2.40962
105	163	3.55661
106	29	1.7626
106	41	0.865007
106	42	0.869604
106	51	0.851053
106	57	0.841894
106	64	0.896845
106	65	0.896238
106	67	0.826673
106	68	0.890877
106	74	0.868994
106	77	0.854032
106	80	0.844917
106	85	0.843822
106	87	0.837001
106	89	0.878601
106	90	0.828674
106	98	0.860056
106	105	0.847193
106	108	0.831713
106	112	0.869013
106	114	0.864872
106	120	0.877813
106	153	1.96272
106	156	0.851245
106	157	1.90827
106	168	2.78006
106	178	2.57238
107	5	0.963884
107	25	0.914676
107	30	1.21594
107	60	0.92473
107	73	0.899157
107	91	1.39922
107	99	0.893074
107	102	0.875545
107	116	0.929126
107	122	0.906507
107	124	0.913349
107	126	0.89468
107	130	0.905015
107	132	0.89124
107	136	0.892176
107	137	0.907837
107	139	0.900978
107	140	0.886849
107	141	0.8754
107	143	0.871363
107	148	1.57737
107	150	1.57738
107	154	0.8619
107	156	0.883975
107	165	0.817467
107	169	2.39249
107	175	3.1753
107	177	0.793352
108	7	0.806385
108	41	0.851262
108	42	0.855859
108	57	0.828149
108	59	0.577089
108	64	0.8831
108	65	0.882493
108	68	0.877132
108	70	0.805002
108	74	0.855249
108	77	0.840287
108	80	0.831172
108	85	0.830077
108	86	0.887147
108	87	0.823256
108	89	0.864856
108	90	0.814929
108	98	0.846311
108	105	0.833448
108	106	0.831713
108	112	0.855268
108	114	0.851127
108	120	0.864068
108	140	0.840373
108	156	0.8375
108	165	2.54896
108	172	2.22381
108	177	3.96152
108	180	3.10747
109	54	0.863444
109	66	1.57034
109	73	1.44123
109	99	1.83208
109	102	1.99295
109	117	0.869916
109	119	0.881195
109	121	0.86552
109	125	0.889491
109	126	1.12281
109	128	0.891529
109	131	0.92213
109	135	0.845601
109	136	0.88622
109	138	0.876311
109	150	0.883448
109	160	0.844049
109	161	0.838956
109	166	0.81837
109	168	0.831183
109	169	0.831286
109	171	0.795602
109	173	0.817743
109	174	0.796415
109	175	0.801644
109	176	0.809604
109	178	0.837396
109	179	0.803936
109	180	0.796987
110	1	2.64504
110	77	1.67028
110	102	1.73979
110	111	0.917942
110	131	0.295868
110	142	0.830544
110	148	0.887824
110	150	0.894052
110	151	0.902116
110	152	0.868597
110	153	0.901154
110	158	0.838184
110	159	0.888673
110	160	0.854653
110	161	0.84956
110	162	0.878077
110	163	0.823504
110	166	0.828973
110	167	0.86363
110	168	0.841787
110	169	0.84189
110	170	0.82674
110	171	0.806205
110	173	0.828347
110	174	0.807019
110	175	0.812248
110	176	0.820208
110	177	0.797999
110	180	0.807591
111	5	0.951896
111	28	0.910109
111	46	0.877431
111	53	0.876662
111	73	0.88717
111	79	0.877431
111	84	0.917039
111	92	0.897242
111	94	0.810005
111	99	0.881087
111	110	0.917942
111	113	0.892788
111	116	0.917138
111	122	0.894519
111	124	0.901361
111	126	0.882692
111	130	0.893027
111	132	0.879253
111	137	0.89585
111	139	0.88899
111	141	0.863412
111	143	0.859375
111	146	1.95675
111	156	0.871987
111	160	2.31074
111	165	0.805479
111	167	2.13048
111	177	0.781365
111	179	3.4669
112	7	0.843685
112	41	0.888562
112	42	0.893159
112	51	0.874608
112	57	0.865449
112	64	0.9204
112	65	0.919793
112	68	0.914432
112	74	0.892549
112	77	0.877587
112	80	0.868472
112	85	0.867377
112	86	0.924448
112	87	0.860556
112	89	0.902156
112	90	0.852229
112	95	0.778258
112	98	0.883611
112	105	0.870748
112	106	0.869013
112	108	0.855268
112	120	0.901368
112	140	0.877674
112	144	0.771472
112	152	1.73655
112	156	0.8748
112	164	2.77768
112	176	2.79962
112	177	3.72559
113	25	0.908533
113	48	0.883009
113	60	0.918587
113	63	1.23561
113	66	0.925396
113	79	0.883276
113	92	0.903087
113	97	0.905599
113	99	0.886931
113	102	0.869402
113	111	0.892788
113	124	0.907206
113	126	0.888537
113	130	0.898872
113	132	0.885097
113	137	0.901694
113	139	0.894835
113	140	0.880706
113	141	0.869257
113	143	0.86522
113	154	0.855757
113	155	1.55159
113	156	0.877832
113	158	2.58191
113	160	1.88511
113	165	0.811324
113	170	2.68135
113	172	2.48246
113	177	0.787209
114	7	0.839545
114	41	0.884422
114	51	0.870468
114	57	0.861309
114	64	0.91626
114	65	0.915653
114	67	0.846088
114	68	0.910292
114	70	0.838162
114	74	0.888409
114	77	0.873447
114	80	0.864332
114	82	0.285533
114	85	0.863237
114	86	0.920307
114	87	0.856416
114	89	0.898016
114	90	0.848088
114	98	0.879471
114	105	0.866608
114	106	0.864872
114	108	0.851127
114	120	0.897228
114	135	1.42994
114	140	0.873533
114	156	0.870659
114	176	2.5839
114	177	3.50987
114	179	2.33097
114	180	2.65582
115	75	2.77075
115	85	2.81345
115	103	0.855894
115	128	2.66583
115	133	0.8215
115	142	0.753713
115	144	0.82405
115	147	0.739856
115	148	0.810993
115	149	0.844138
115	150	0.817221
115	151	0.825285
115	152	0.791766
115	155	0.804126
115	157	0.811619
115	160	0.777822
115	161	0.772729
115	162	0.801246
115	168	0.764957
115	169	0.76506
115	170	0.749909
115	171	0.729375
115	172	0.756828
115	173	0.751516
115	174	0.730188
115	175	0.735417
115	176	0.743377
115	177	0.721169
115	178	0.771169
115	180	0.73076
116	19	0.872438
116	21	0.949859
116	25	0.932883
116	46	0.907626
116	49	0.906153
116	73	0.917365
116	92	0.927437
116	99	0.911282
116	107	0.929126
116	111	0.917138
116	118	1.06022
116	122	0.924714
116	123	0.896468
116	126	0.912887
116	127	2.33858
116	130	0.923222
116	132	0.909448
116	137	0.926045
116	139	0.919185
116	140	0.905056
116	141	0.893607
116	143	0.88957
116	154	0.880108
116	156	0.902183
116	161	1.94192
116	162	1.56596
116	165	0.835675
116	166	2.52415
116	172	2.26104
116	177	0.81156
116	179	2.81985
117	9	0.845517
117	14	0.907177
117	31	0.87864
117	38	0.883957
117	39	0.878556
117	43	0.874104
117	44	0.877037
117	50	0.860662
117	62	0.902509
117	71	0.86788
117	75	0.910793
117	78	0.858686
117	93	0.881905
117	96	0.829173
117	97	0.876697
117	109	0.869916
117	119	0.852107
117	121	0.836432
117	124	0.878304
117	125	0.860403
117	128	0.862441
117	131	0.893042
117	138	0.847223
117	142	3.55153
117	152	2.41706
117	153	1.4881
117	158	2.76784
117	162	1.9733
117	164	0.783744
117	167	1.89076
117	178	0.808308
117	179	0.774848
118	29	0.883083
118	51	2.18971
118	64	1.87153
118	116	1.06022
118	125	1.35152
118	126	1.65898
118	134	0.849796
118	135	0.835296
118	142	0.809635
118	148	0.866915
118	151	0.881207
118	152	0.847688
118	153	0.880245
118	155	0.860048
118	157	0.867541
118	158	0.817275
118	159	0.867764
118	160	0.833744
118	162	0.857168
118	163	0.802596
118	166	0.808065
118	167	0.842722
118	169	0.820982
118	170	0.805831
118	171	0.785297
118	172	0.81275
118	173	0.807438
118	174	0.78611
118	175	0.791339
118	176	0.799299
118	179	0.793631
118	180	0.786682
119	9	0.856796
119	27	0.818652
119	31	0.889919
119	33	0.830383
119	34	0.900594
119	38	0.895236
119	39	0.889835
119	47	0.864944
119	50	0.871941
119	56	0.872425
119	69	0.892338
119	71	0.879159
119	93	0.893184
119	96	0.840452
119	109	0.881195
119	117	0.852107
119	121	0.847711
119	124	0.889583
119	128	0.87372
119	129	1.28252
119	131	0.904321
119	135	0.827791
119	136	0.86841
119	138	0.858502
119	144	1.93293
119	153	1.96907
119	161	2.83022
119	162	2.45426
119	163	3.50181
119	164	0.795023
119	178	0.819587
119	179	0.786126
120	7	0.852486
120	41	0.897363
120	42	0.90196
120	51	0.883409
120	57	0.874249
120	64	0.929201
120	65	0.928594
120	67	0.859028
120	68	0.923232
120	70	0.851103
120	74	0.90135
120	77	0.886387
120	80	0.877272
120	85	0.876178
120	86	0.933248
120	87	0.869357
120	89	0.910957
120	90	0.861029
120	98	0.892412
120	105	0.879548
120	106	0.877813
120	108	0.864068
120	112	0.901368
120	114	0.897228
120	127	2.50568
120	140	0.886474
120	149	1.12533
120	154	1.83723
120	156	0.8836
120	160	1.83079
120	161	2.10902
120	164	3.21794
120	173	2.56746
121	9	0.84112
121	14	0.902781
121	30	1.49134
121	33	0.814707
121	34	0.884919
121	38	0.87956
121	43	0.869708
121	44	0.87264
121	47	0.849268
121	50	0.856266
121	52	0.855316
121	56	0.85675
121	62	0.898112
121	69	0.876662
121	75	0.906396
121	82	1.22233
121	93	0.877508
121	96	0.824777
121	97	0.872301
121	109	0.86552
121	117	0.836432
121	119	0.847711
121	123	2.10351
121	124	0.873907
121	125	0.856006
121	135	0.812116
121	136	0.852735
121	138	0.842826
121	163	3.06142
121	168	2.34602
121	169	2.66789
121	178	0.803911
121	179	0.770451
122	12	1.34688
122	13	0.933667
122	46	0.885007
122	53	0.884238
122	59	0.997173
122	60	0.920318
122	66	0.927127
122	79	0.885007
122	81	1.87263
122	84	0.924615
122	88	0.865379
122	91	2.24979
122	92	0.904818
122	94	1.18605
122	97	0.907331
122	99	0.888662
122	102	0.871133
122	107	0.906507
122	111	0.894519
122	116	0.924714
122	126	0.890268
122	130	0.900603
122	132	0.886829
122	136	0.887765
122	137	0.903426
122	139	0.896566
122	141	0.870988
122	143	0.866951
122	153	2.10386
122	154	0.857489
122	156	0.879563
122	165	0.813055
122	177	0.788941
123	6	1.44877
123	57	2.30839
123	67	2.00386
123	79	0.85676
123	87	2.03546
123	99	0.860416
123	116	0.896468
123	121	2.10351
123	126	0.862021
123	130	0.872357
123	132	0.858582
123	137	0.875179
123	139	0.868319
123	141	0.842742
123	142	0.793239
123	143	0.838705
123	149	0.883663
123	154	0.829242
123	157	0.851145
123	159	0.851368
123	161	0.812255
123	162	0.840771
123	163	0.786199
123	165	0.784809
123	166	0.791668
123	168	0.804482
123	170	0.789434
123	173	0.791041
123	174	0.769713
123	175	0.774943
123	176	0.782903
123	177	0.760694
123	180	0.770286
124	17	1.08995
124	43	0.91158
124	47	0.891141
124	49	0.890376
124	71	0.905356
124	75	0.948269
124	93	0.919381
124	102	0.877975
124	107	0.913349
124	111	0.901361
124	113	0.907206
124	117	0.878304
124	119	0.889583
124	121	0.873907
124	126	0.89711
124	128	0.899917
124	129	1.70003
124	132	0.893671
124	134	2.56445
124	136	0.894607
124	137	0.910268
124	138	0.884698
124	141	0.87783
124	143	0.873793
124	144	2.35044
124	151	1.95967
124	153	2.38658
124	154	0.864331
124	157	2.33213
124	164	0.82122
124	165	0.819898
124	177	0.795783
124	178	0.845783
124	179	0.812323
125	9	0.865092
125	14	0.926752
125	27	0.826948
125	34	0.90889
125	38	0.903532
125	39	0.898131
125	43	0.893679
125	44	0.896611
125	47	0.87324
125	50	0.880237
125	52	0.879287
125	56	0.880721
125	62	0.922084
125	69	0.900633
125	71	0.887455
125	83	1.6673
125	93	0.90148
125	96	0.848748
125	109	0.889491
125	117	0.860403
125	118	1.35152
125	121	0.856006
125	128	0.882016
125	131	0.912617
125	135	0.836087
125	136	0.876706
125	138	0.866797
125	142	3.43549
125	157	1.31762
125	162	1.85726
125	164	0.803319
125	167	1.77472
125	170	2.75123
125	178	0.827882
125	179	0.794422
126	5	0.947645
126	15	1.58904
126	16	0.842193
126	19	0.837991
126	28	0.905858
126	46	0.873179
126	48	0.872913
126	53	0.872411
126	61	0.695706
126	73	0.882919
126	84	0.912788
126	92	0.892991
126	99	0.876835
126	107	0.89468
126	109	1.12281
126	111	0.882692
126	113	0.888537
126	116	0.912887
126	118	1.65898
126	122	0.890268
126	123	0.862021
126	124	0.89711
126	130	0.888776
126	132	0.875001
126	136	0.875938
126	137	0.891598
126	139	0.884739
126	141	0.859161
126	143	0.855124
126	152	2.60847
126	154	0.845661
126	157	1.62508
126	165	0.801228
126	177	0.777113
126	179	3.41861
127	6	2.13175
127	63	0.870445
127	86	2.92399
127	95	0.863049
127	116	2.33858
127	120	2.50568
127	144	0.843319
127	145	0.787187
127	146	0.838377
127	147	0.759125
127	149	0.863407
127	150	0.83649
127	153	0.843592
127	155	0.823395
127	158	0.780622
127	159	0.831111
127	160	0.797091
127	161	0.791998
127	162	0.820515
127	163	0.765943
127	166	0.771412
127	167	0.806069
127	168	0.784226
127	169	0.784329
127	170	0.769178
127	171	0.748644
127	172	0.776097
127	173	0.770785
127	174	0.749457
127	175	0.754686
127	176	0.762646
127	179	0.756978
127	180	0.750029
128	27	0.828986
128	31	0.900253
128	33	0.840717
128	34	0.910928
128	38	0.90557
128	39	0.900169
128	43	0.895717
128	45	0.680672
128	47	0.875278
128	50	0.882275
128	52	0.881325
128	56	0.882759
128	69	0.902672
128	75	0.932406
128	78	0.880299
128	93	0.903518
128	96	0.850786
128	97	0.89831
128	109	0.891529
128	115	2.66583
128	117	0.862441
128	119	0.87372
