1	3	0.472686
1	95	1.38905
1	117	0.479279
1	128	1.34754
1	139	1.35997
1	151	0.486041
1	158	0.476335
1	162	0.479436
1	170	1.38148
1	175	1.38121
1	177	1.37021
1	180	1.37054
2	3	1.24754
2	21	0.632838
2	49	1.21385
2	66	1.20726
2	73	0.623983
2	89	1.14049
2	96	1.21337
2	104	0.559752
2	120	1.15313
2	123	1.23135
2	170	0.58757
2	174	1.193
3	1	0.472686
3	2	1.24754
3	34	1.43122
3	89	1.33847
3	96	1.41135
3	120	1.35111
3	123	1.42932
3	154	0.487154
3	165	0.484859
3	174	1.39098
3	178	0.475747
3	179	0.48562
4	92	0.467875
4	99	1.36341
4	124	1.39635
4	142	1.33686
4	148	1.38406
4	149	1.37701
4	150	1.35056
4	164	0.48569
4	169	0.483662
4	170	0.479611
4	173	1.39176
4	180	0.49065
5	43	1.13029
5	49	1.22498
5	88	0.622431
5	89	1.15162
5	96	1.2245
5	114	0.591543
5	120	1.16426
5	123	1.24247
5	154	0.592712
5	160	0.599705
5	166	1.25774
5	174	1.20413
6	23	1.34266
6	65	1.41612
6	70	1.3444
6	85	1.36679
6	97	1.3587
6	140	0.496198
6	154	1.3846
6	164	0.478248
6	172	1.38673
6	178	0.47
6	179	0.479873
6	180	0.483209
7	32	0.536136
7	94	0.461678
7	129	0.464563
7	150	0.47263
7	155	1.35968
7	161	1.36714
7	164	1.37863
7	167	0.456877
7	169	1.37504
7	171	1.38055
7	177	1.36931
7	180	1.36964
8	13	0.556245
8	15	0.620763
8	106	1.20925
8	119	1.25007
8	125	1.13917
8	133	1.16333
8	135	1.2012
8	141	1.22724
8	161	0.606677
8	172	1.20222
8	173	1.20752
8	176	0.623524
9	101	1.43086
9	109	1.35066
9	136	1.38398
9	142	1.33336
9	148	1.38056
9	149	1.37351
9	150	1.34706
9	156	0.468629
9	170	0.480388
9	171	0.486317
9	177	0.483977
9	179	0.488092
10	61	1.45159
10	75	1.40804
10	118	0.491969
10	119	1.40589
10	125	1.29499
10	128	0.483741
10	133	1.31915
10	134	0.486716
10	135	1.35702
10	154	0.47545
10	168	0.470065
10	173	1.36333
11	36	0.457884
11	90	1.44577
11	98	0.492427
11	105	1.3152
11	107	0.487869
11	111	1.38095
11	136	1.3753
11	139	0.49287
11	149	1.36483
11	150	1.33838
11	173	1.37958
11	179	0.477338
12	49	0.523258
12	53	1.35994
12	85	1.35681
12	97	1.34872
12	140	0.489608
12	154	1.37462
12	156	1.40573
12	170	0.465579
12	172	1.37675
12	174	1.37742
12	175	0.462674
12	178	0.46341
13	8	0.556245
13	87	0.474914
13	88	1.33439
13	107	1.37592
13	109	0.46927
13	120	0.453698
13	149	0.438834
13	161	1.37665
13	168	1.38876
13	176	1.36631
13	177	1.37882
13	180	1.37915
14	25	0.444131
14	91	1.27336
14	122	1.28353
14	151	1.27986
14	152	1.337
14	153	1.29813
14	156	0.515681
14	157	1.30842
14	158	1.33043
14	159	1.28926
14	173	0.587076
14	174	0.527724
14	177	0.531029
15	8	0.620763
15	34	0.456156
15	117	1.30586
15	120	0.518216
15	149	0.503353
15	157	1.29598
15	158	1.31799
15	159	1.27682
15	164	1.3027
15	173	0.495362
15	177	1.29338
15	178	1.31357
15	180	1.29371
16	17	0.512835
16	80	0.624638
16	130	0.498092
16	136	0.48037
16	139	1.28691
16	148	0.476441
16	165	1.31092
16	168	1.30709
16	169	1.30288
16	171	1.30839
16	172	1.3017
16	176	1.28464
16	180	1.29748
17	16	0.512835
17	101	1.35188
17	111	1.31065
17	124	1.31387
17	136	1.30501
17	142	1.25438
17	148	1.30159
17	149	1.29453
17	150	1.26808
17	155	0.530233
17	164	0.525715
17	174	0.51992
17	178	0.517467
18	73	0.530752
18	74	1.35834
18	87	1.25396
18	112	1.28817
18	117	1.30656
18	129	0.566862
18	156	1.32761
18	160	0.51057
18	163	1.25375
18	167	1.29735
18	170	0.494338
18	178	1.31426
18	179	0.502043
19	24	0.574794
19	53	1.29
19	70	1.26448
19	92	0.492265
19	97	1.27878
19	132	1.31594
19	141	1.33183
19	147	0.480976
19	154	1.30468
19	163	0.548678
19	169	0.508052
19	172	1.30681
19	174	1.30748
20	95	0.514647
20	120	1.2584
20	123	1.33661
20	124	1.30749
20	143	0.53748
20	149	1.28814
20	153	1.28536
20	154	0.524225
20	156	0.503227
20	157	1.29565
20	159	1.27648
20	166	1.35188
20	176	0.52859
21	2	0.632838
21	76	0.458027
21	129	1.29042
21	151	1.27233
21	152	1.32948
21	153	1.29061
21	157	1.3009
21	158	1.32291
21	159	1.28173
21	163	0.514829
21	173	0.529788
21	178	0.467984
21	179	1.31162
22	41	1.51988
22	66	1.49543
22	76	1.51406
22	89	1.42866
22	118	0.434312
22	120	1.4413
22	123	1.51951
22	131	0.446954
22	144	0.41983
22	152	0.465934
22	154	0.417793
22	155	0.419152
22	174	1.48117
23	6	1.34266
23	65	1.32041
23	85	1.27108
23	97	1.26299
23	132	1.30015
23	140	0.5285
23	156	1.32
23	161	0.501227
23	162	0.564252
23	169	0.508522
23	172	1.29102
23	174	1.29169
23	178	0.502302
24	19	0.574794
24	84	1.30178
24	134	0.516182
24	146	1.33454
24	151	1.26662
24	152	1.32376
24	153	1.28489
24	157	1.29519
24	158	1.3172
24	159	1.27602
24	176	0.509281
24	177	0.499266
24	180	0.506718
25	14	0.444131
25	51	0.423369
25	58	0.458424
25	101	0.395216
25	112	0.429906
25	126	1.50127
25	128	1.46809
25	133	1.45641
25	135	1.49428
25	138	1.49811
25	142	0.439232
25	177	1.49075
25	180	1.49108
26	34	0.529411
26	119	0.530434
26	129	1.28684
26	146	1.33668
26	151	1.26876
26	152	1.3259
26	153	1.28703
26	157	1.29732
26	158	1.31933
26	159	1.27815
26	171	0.514909
26	172	0.520275
26	178	0.506812
27	67	0.566709
27	77	1.23649
27	97	0.562455
27	151	1.28033
27	152	1.33747
27	153	1.2986
27	157	1.3089
27	158	1.33091
27	159	1.28973
27	170	1.31757
27	171	0.496257
27	175	0.487423
27	178	0.488159
28	130	1.2588
28	146	1.34068
28	151	1.27276
28	152	1.3299
28	153	1.29103
28	157	1.30133
28	158	1.32334
28	159	1.28216
28	163	0.541259
28	168	0.500436
28	173	0.556217
28	174	0.496866
28	176	0.510185
29	51	1.3601
29	80	1.14791
29	87	1.28171
29	112	1.31592
29	113	0.545424
29	114	0.516175
29	117	1.33431
29	132	0.504286
29	143	0.530599
29	162	1.33654
29	163	1.2815
29	168	0.51196
29	178	1.34201
30	99	1.47876
30	102	0.424205
30	111	1.50848
30	136	1.50284
30	141	0.432259
30	142	1.45222
30	147	0.403583
30	148	1.49942
30	149	1.49236
30	150	1.46592
30	156	0.41485
30	159	0.505452
30	170	0.426608
31	108	1.25646
31	122	1.2234
31	129	1.23781
31	132	0.556071
31	151	1.21973
31	152	1.27687
31	153	1.238
31	157	1.24829
31	158	1.27031
31	159	1.22913
31	165	0.566834
31	168	0.563745
31	177	0.563479
31	178	0.557721
32	7	0.536136
32	62	0.547241
32	106	1.25562
32	119	1.29644
32	125	1.18554
32	133	1.2097
32	135	1.24757
32	155	0.579578
32	167	1.24731
32	170	1.25532
32	172	1.2486
32	173	1.25389
32	178	0.566812
32	179	0.576685
33	44	0.565089
33	59	1.20263
33	92	0.55095
33	94	1.2669
33	116	1.26078
33	127	1.18756
33	131	1.2739
33	138	1.24673
33	169	0.566737
33	170	0.562685
33	173	1.24923
33	175	0.55978
33	178	1.25957
33	179	1.25271
34	3	1.43122
34	15	0.456156
34	26	0.529411
34	41	1.41539
34	49	1.39753
34	96	1.39705
34	120	1.33681
34	123	1.41502
34	145	0.464349
34	166	1.43029
34	172	0.456609
34	174	1.37668
34	178	0.443146
34	180	0.456354
35	45	0.513418
35	46	1.30699
35	81	1.24656
35	83	1.24361
35	112	1.22731
35	113	0.598419
35	117	1.24569
35	132	0.557281
35	134	0.581605
35	154	1.23563
35	161	0.557856
35	162	1.24792
35	163	1.19289
35	178	1.2534
36	11	0.457884
36	45	1.45348
36	75	0.443639
36	130	0.493143
36	131	0.451533
36	150	0.493724
36	164	1.39828
36	166	0.4531
36	168	1.3989
36	169	1.39469
36	175	1.39996
36	176	1.37645
36	177	1.38896
36	180	1.38929
37	98	0.482868
37	100	1.3932
37	103	1.36006
37	110	1.37493
37	126	1.42073
37	127	1.35839
37	131	1.44473
37	134	0.480579
37	138	1.41756
37	156	0.448316
37	170	0.460075
37	171	0.466003
37	172	0.471369
37	178	1.4304
38	80	1.24614
38	81	1.43341
38	83	1.43045
38	104	0.432625
38	112	1.41415
38	117	1.43254
38	158	0.517125
38	161	0.4572
38	163	1.37974
38	165	0.467388
38	167	1.42333
38	174	0.460728
38	178	1.44025
38	180	0.471484
39	69	0.419204
39	88	0.505201
39	96	1.43155
39	115	0.468395
39	120	1.37131
39	123	1.44952
39	125	1.34746
39	133	1.37162
39	157	1.40856
39	158	1.43058
39	159	1.3894
39	165	0.473186
39	176	0.479846
39	178	0.464074
40	71	0.452549
40	78	0.45037
40	118	1.39347
40	120	0.49234
40	121	1.43838
40	138	0.467593
40	149	0.477476
40	160	1.39803
40	166	0.449816
40	169	1.39618
40	175	1.40145
40	176	1.37794
40	179	1.40378
40	180	1.39078
41	22	1.51988
41	34	1.41539
41	66	1.38941
41	89	1.32264
41	95	0.457031
41	107	0.475606
41	120	1.33528
41	123	1.41349
41	143	0.479864
41	164	0.46345
41	166	1.42876
41	172	0.468665
41	174	1.37515
41	179	0.465075
42	95	0.461805
42	125	1.35222
42	127	1.3589
42	135	1.41425
42	138	1.41807
42	139	0.48538
42	153	1.40303
42	158	1.43533
42	159	1.39416
42	161	0.4589
42	164	0.468223
42	165	0.469088
42	169	0.466196
42	179	1.42405
43	5	1.13029
43	61	0.517536
43	75	0.539408
43	97	0.581029
43	107	1.25448
43	116	1.27878
43	120	1.22273
43	123	1.30094
43	130	0.588912
43	135	0.564849
43	163	1.21705
43	168	1.26732
43	179	1.27071
43	180	1.2577
44	33	0.565089
44	109	1.37725
44	111	1.41622
44	124	1.41944
44	140	1.39794
44	148	1.40715
44	149	1.4001
44	150	1.37365
44	152	0.484667
44	160	0.443519
44	165	0.434232
44	167	1.40826
44	172	0.438582
44	180	0.438328
45	35	0.513418
45	36	1.45348
45	82	0.451881
45	105	0.490699
45	107	1.38762
45	153	0.460417
45	158	0.433883
45	167	0.44204
45	169	1.39625
45	171	1.40175
45	175	1.40152
45	176	1.37801
45	177	1.39052
45	180	1.39085
46	35	1.30699
46	74	1.46403
46	83	1.41016
46	112	1.39386
46	117	1.41225
46	125	0.537283
46	140	0.467449
46	156	1.4333
46	160	0.459651
46	163	1.35945
46	174	0.443704
46	177	0.447008
46	178	1.41996
46	179	0.451124
47	122	1.30646
47	128	0.501539
47	146	1.37072
47	151	1.3028
47	152	1.35994
47	153	1.32107
47	154	0.493248
47	157	1.33136
47	158	1.35337
47	159	1.3122
47	160	0.500241
47	163	0.528686
47	171	0.489938
47	172	0.495304
47	179	1.34209
48	72	0.459878
48	109	0.513789
48	110	0.511875
48	120	0.498217
48	127	0.50953
48	147	1.36903
48	150	0.496318
48	155	1.31466
48	165	1.33807
48	168	1.33424
48	169	1.33003
48	171	1.33553
48	174	1.32952
48	177	1.3243
48	180	1.32463
49	2	1.21385
49	5	1.22498
49	12	0.523258
49	34	1.39753
49	89	1.30478
49	96	1.37765
49	98	0.505356
49	120	1.31741
49	123	1.39563
49	128	0.500092
49	134	0.503067
49	166	1.4109
49	170	0.482563
49	174	1.35728
49	180	0.493602
50	71	0.514887
50	83	1.33806
50	85	0.53613
50	87	1.28755
50	112	1.32176
50	117	1.34015
50	154	1.33009
50	156	1.3612
50	160	0.488419
50	162	1.34238
50	166	0.512154
50	167	1.33094
50	175	0.469282
50	178	1.34786
50	179	0.479892
51	25	0.423369
51	29	1.3601
51	66	1.38375
51	80	1.19035
51	96	1.38986
51	105	1.30974
51	120	1.32962
51	139	0.529914
51	141	0.512329
51	142	1.31922
51	150	1.33292
51	165	0.513622
51	169	0.51073
51	172	0.517972
51	178	1.38445
52	106	0.544944
52	122	1.31238
52	130	1.29475
52	134	0.506292
52	141	0.491438
52	146	1.37663
52	151	1.30871
52	152	1.36586
52	153	1.32699
52	157	1.33728
52	158	1.35929
52	159	1.31811
52	172	0.497082
52	175	0.482882
52	178	0.483619
53	12	1.35994
53	19	1.29
53	57	1.41147
53	65	1.34768
53	76	0.481592
53	97	1.29025
53	118	0.519475
53	140	0.517747
53	154	1.31616
53	156	1.34727
53	172	1.31829
53	174	1.31895
53	177	0.497306
53	178	0.491549
53	179	0.501422
54	60	0.535141
54	71	0.480324
54	84	0.509515
54	85	1.32578
54	124	0.49137
54	125	1.28267
54	133	1.30683
54	135	1.3447
54	137	1.35422
54	162	0.497407
54	166	0.477591
54	172	1.34572
54	174	1.34639
54	175	1.35218
54	180	1.3415
55	112	0.517105
55	122	0.510615
55	138	0.486517
55	151	0.49516
55	155	1.319
55	161	1.32646
55	162	0.488555
55	165	1.3424
55	167	0.493611
55	168	1.33857
55	169	1.33436
55	175	1.33964
55	177	1.32863
55	179	1.34196
55	180	1.32896
56	81	0.537922
56	86	1.28392
56	121	1.31511
56	126	0.507383
56	130	0.544945
56	138	0.522679
56	147	1.31191
56	155	1.25755
56	157	0.534626
56	159	0.543779
56	160	1.27476
56	164	1.2765
56	165	1.28095
56	168	1.27712
56	176	1.25467
56	180	1.26751
57	53	1.41147
57	70	1.38596
57	85	1.40834
57	97	1.40026
57	108	0.485464
57	111	0.474967
57	141	1.45331
57	154	1.42616
57	156	1.45727
57	166	0.474208
57	168	0.438096
57	171	0.44017
57	172	1.42829
57	174	1.42896
57	176	0.447845
57	179	0.441946
58	25	0.458424
58	68	1.388
58	76	1.30432
58	90	1.34225
58	98	0.564526
58	109	1.23846
58	136	1.27179
58	137	0.545028
58	142	1.22116
58	148	1.26836
58	149	1.26131
58	150	1.23486
58	167	1.26948
58	169	0.545784
58	175	0.538827
58	176	0.555336
59	33	1.20263
59	88	0.566427
59	102	1.33358
59	103	1.23909
59	110	1.25395
59	115	0.529622
59	116	1.31065
59	126	1.29976
59	127	1.23742
59	131	1.32376
59	132	0.52365
59	138	1.29659
59	156	0.515711
59	164	0.533549
59	176	0.541073
59	179	1.30257
60	54	0.535141
60	100	1.25227
60	116	1.29069
60	123	0.55384
60	126	1.2798
60	127	1.21747
60	131	1.3038
60	138	1.27664
60	161	0.519157
60	165	0.529344
60	166	1.32812
60	172	0.533695
60	173	1.27913
60	178	1.28947
60	179	1.28261
60	180	0.53344
61	10	1.45159
61	43	0.517536
61	67	1.3906
61	88	0.472476
61	93	1.43527
61	106	1.43568
61	119	1.4765
61	125	1.3656
61	132	0.429699
61	133	1.38976
61	135	1.42763
61	144	0.444793
61	166	0.473484
61	167	1.42737
61	169	0.437569
61	178	0.431349
62	32	0.547241
62	109	0.501206
62	116	0.477386
62	118	1.36157
62	139	1.34831
62	153	0.486359
62	155	1.34891
62	157	0.472835
62	160	1.36612
62	165	1.37231
62	166	0.443111
62	171	1.36978
62	173	0.46278
62	175	1.36955
62	176	1.34603
62	177	1.35855
62	180	1.35887
63	75	1.4086
63	93	1.36522
63	106	1.36563
63	107	0.482605
63	113	0.501689
63	119	1.40645
63	121	0.450042
63	125	1.29555
63	127	0.558172
63	133	1.31971
63	135	1.35758
63	167	1.35732
63	168	0.468224
63	170	1.36533
63	172	1.3586
63	179	0.472074
63	180	0.47541
64	93	1.36969
64	106	1.3701
64	119	1.41092
64	125	1.30002
64	133	1.32418
64	135	1.36205
64	139	0.488991
64	144	0.47703
64	158	0.522435
64	163	0.510431
64	167	1.36179
64	169	0.469806
64	170	1.3698
64	172	1.36307
64	173	1.36837
64	175	0.462849
64	180	0.476794
65	6	1.41612
65	23	1.32041
65	53	1.34768
65	70	1.32216
65	85	1.34454
65	97	1.33646
65	102	0.476053
65	104	0.450638
65	128	0.495986
65	141	1.38951
65	156	1.39347
65	160	0.494688
65	163	0.523133
65	170	0.478456
65	172	1.36449
65	174	1.36516
65	176	0.49206
66	2	1.20726
66	22	1.49543
66	41	1.38941
66	51	1.38375
66	89	1.29819
66	96	1.37107
66	114	0.477096
66	118	0.494784
66	120	1.31083
66	123	1.38904
66	141	0.474678
66	145	0.488062
66	163	0.513704
66	166	1.40431
66	172	0.480321
66	174	1.3507
66	176	0.48263
67	27	0.566709
67	61	1.3906
67	75	1.34705
67	92	0.48953
67	106	1.30407
67	119	1.34489
67	121	0.486938
67	125	1.23399
67	132	0.497446
67	133	1.25815
67	135	1.29602
67	141	1.32206
67	144	0.512541
67	154	0.510504
67	163	0.545943
67	170	1.30377
67	172	1.29705
67	173	1.30234
68	58	1.388
68	79	1.38988
68	90	1.52383
68	124	1.46223
68	136	1.45337
68	137	0.448907
68	141	0.451264
68	142	1.40274
68	148	1.44994
68	150	1.41644
68	155	0.45621
68	162	1.4625
68	164	0.451692
68	167	1.45106
68	171	0.451541
68	175	0.442707
68	179	0.453317
68	180	0.456652
69	39	0.419204
69	73	1.37153
69	76	1.48146
69	89	0.479209
69	128	1.42069
69	136	0.440133
69	138	0.435589
69	142	0.475503
69	149	0.445472
69	159	0.45669
69	164	1.45267
69	168	1.45329
69	171	1.45459
69	172	1.4479
69	173	0.437481
69	176	1.43084
69	177	1.44335
69	180	1.44368
70	6	1.3444
70	19	1.26448
70	57	1.38596
70	65	1.32216
70	90	0.503634
70	97	1.26474
70	132	1.30189
70	141	1.31779
70	149	0.559234
70	154	1.29064
70	156	1.32175
70	157	0.561299
70	164	0.497687
70	170	0.491608
70	172	1.29277
70	174	1.29344
70	178	0.48944
70	179	0.499313
71	40	0.452549
71	50	0.514887
71	54	0.480324
71	108	1.39342
71	122	1.36036
71	129	1.37477
71	130	1.34273
71	141	0.473234
71	146	1.42461
71	151	1.35669
71	152	1.41384
71	153	1.37496
71	157	1.38526
71	158	1.40727
71	159	1.36609
71	168	0.471438
71	177	0.471172
71	178	0.465415
71	180	0.478623
72	48	0.459878
72	88	0.507993
72	94	1.40565
72	100	1.36112
72	104	0.441216
72	110	1.34284
72	116	1.39953
72	126	1.38865
72	127	1.32631
72	131	1.41265
72	137	0.47233
72	138	1.38548
72	140	0.493064
72	143	0.491528
72	165	0.475979
72	170	0.469035
72	173	1.38798
72	178	1.39832
72	179	1.39146
73	2	0.623983
73	18	0.530752
73	69	1.37153
73	86	1.27091
73	96	0.516193
73	99	0.53551
73	120	0.543788
73	128	1.23151
73	145	1.25759
73	162	0.521079
73	164	1.26349
73	168	1.26412
73	169	1.2599
73	171	1.26541
73	173	0.520933
73	175	1.26518
73	176	1.24167
73	177	1.25418
73	180	1.2545
74	18	1.35834
74	46	1.46403
74	80	1.21634
74	81	1.40361
74	87	1.35014
74	100	0.51973
74	112	1.38435
74	113	0.491826
74	117	1.40274
74	144	0.465783
74	147	0.431482
74	154	1.39268
74	156	1.42379
74	158	0.511188
74	160	0.470739
74	167	1.39353
74	168	0.458362
74	177	0.458096
74	178	1.41045
75	10	1.40804
75	36	0.443639
75	43	0.539408
75	63	1.4086
75	67	1.34705
75	76	0.443264
75	93	1.39172
75	107	0.473625
75	119	1.43295
75	125	1.32205
75	133	1.34621
75	135	1.38408
75	144	0.466665
75	155	0.465987
75	162	0.515171
75	167	1.38382
75	172	1.3851
75	173	1.3904
75	177	0.458978
76	21	0.458027
76	22	1.51406
76	53	0.481592
76	58	1.30432
76	69	1.48146
76	75	0.443264
76	84	0.484648
76	85	0.476701
76	116	0.487
76	120	1.32946
76	123	1.40767
76	149	1.35921
76	150	1.33276
76	152	0.470137
76	159	0.491602
76	161	1.36193
76	170	1.37538
76	174	1.36932
76	180	1.36443
77	27	1.23649
77	78	1.31694
77	82	1.26604
77	143	0.567237
77	146	1.29816
77	147	0.521719
77	151	1.23024
77	152	1.28738
77	153	1.24851
77	156	0.532985
77	157	1.2588
77	158	1.28081
77	159	1.23964
77	170	1.26747
77	172	0.556038
77	175	0.541838
77	177	0.548332
77	178	0.542575
77	179	1.26953
78	40	0.45037
78	77	1.31694
78	113	0.502723
78	114	0.473474
78	129	1.37886
78	130	1.34681
78	146	1.4287
78	151	1.36078
78	152	1.41792
78	153	1.37905
78	157	1.38934
78	158	1.41135
78	159	1.37018
78	163	0.510081
78	174	0.465688
78	177	0.468993
78	178	0.463236
78	179	1.40007
78	180	0.476444
79	68	1.38988
79	99	1.24959
79	105	1.21355
79	109	1.24034
79	111	1.27931
79	124	1.28253
79	136	1.27366
79	142	1.22304
79	147	0.508586
79	148	1.27024
79	149	1.26319
79	150	1.23674
79	154	0.54085
79	157	0.601302
79	172	0.542906
79	173	1.27793
79	174	0.531895
79	179	0.539316
79	180	0.542651
80	16	0.624638
80	29	1.14791
80	38	1.24614
80	51	1.19035
80	74	1.21634
80	81	1.16542
80	83	1.16247
80	104	0.603621
80	112	1.14617
80	117	1.16455
80	147	0.608415
80	151	0.697826
80	154	1.1545
80	162	1.16678
80	163	1.11175
80	167	1.15534
80	170	0.631439
80	178	1.17226
80	179	0.639144
81	35	1.24656
81	38	1.43341
81	56	0.537922
81	74	1.40361
81	80	1.16542
81	83	1.34974
81	87	1.29923
81	95	0.497532
81	104	0.470053
81	112	1.33344
81	117	1.35182
81	154	1.34176
81	156	1.37288
81	161	0.494628
81	167	1.34261
81	168	0.501726
81	169	0.501923
81	177	0.50146
81	178	1.35953
81	179	0.505575
82	45	0.451881
82	77	1.26604
82	84	1.34504
82	102	0.49716
82	129	1.32796
82	130	1.29592
82	151	1.30988
82	152	1.36703
82	153	1.32815
82	157	1.33845
82	158	1.36046
82	159	1.31928
82	163	0.54424
82	166	1.39468
82	170	1.34712
82	174	0.499847
82	175	0.496658
82	176	0.513167
82	178	0.497395
82	180	0.510603
83	35	1.24361
83	38	1.43045
83	46	1.41016
83	50	1.33806
83	80	1.16247
83	81	1.34974
83	95	0.493137
83	112	1.33049
83	117	1.34887
83	118	0.519234
83	145	0.512512
83	154	1.33881
83	162	1.3511
83	164	0.499556
83	165	0.500421
83	167	1.33966
83	169	0.497528
83	171	0.499405
83	175	0.490571
83	178	1.35658
84	24	1.30178
84	54	0.509515
84	76	0.484648
84	82	1.34504
84	102	0.494371
84	118	0.522532
84	121	0.482446
84	122	1.3129
84	130	1.29527
84	141	0.502425
84	146	1.37715
84	151	1.30923
84	152	1.36638
84	153	1.3275
84	154	0.506013
84	157	1.3378
84	158	1.35981
84	159	1.31863
84	179	1.34852
84	180	0.507814
85	6	1.36679
85	12	1.35681
85	23	1.27108
85	50	0.53613
85	54	1.32578
85	57	1.40834
85	65	1.34454
85	76	0.476701
85	92	0.477091
85	97	1.28712
85	104	0.461008
85	111	0.529552
85	124	0.542572
85	132	1.32428
85	141	1.34017
85	156	1.34413
85	161	0.485583
85	171	0.494755
85	172	1.31515
85	174	1.31582
86	56	1.28392
86	73	1.27091
86	99	0.521334
86	106	0.506278
86	111	0.487847
86	131	0.485521
86	132	1.35641
86	138	0.504865
86	139	1.33249
86	146	0.492843
86	155	1.3331
86	158	0.503802
86	164	1.35205
86	166	0.487088
86	168	1.35267
86	169	1.34846
86	171	1.35397
86	176	1.33022
86	177	1.34273
86	180	1.34306
87	13	0.474914
87	18	1.25396
87	29	1.28171
87	50	1.28755
87	74	1.35014
87	81	1.29923
87	112	1.27997
87	117	1.29836
87	134	0.549095
87	154	1.2883
87	156	1.31941
87	161	0.525347
87	162	1.30059
87	163	1.24556
87	167	1.28915
87	168	0.532445
87	174	0.528874
87	175	0.525685
87	176	0.542194
87	177	0.532179
87	178	1.30607
88	5	0.622431
88	13	1.33439
88	39	0.505201
88	59	0.566427
88	61	0.472476
88	72	0.507993
88	90	0.475868
88	114	1.29208
88	134	1.26499
88	147	1.32629
88	159	0.542686
88	160	1.28914
88	164	1.29088
88	166	0.503809
88	168	1.2915
88	170	1.29284
88	171	1.2928
88	175	1.29257
88	176	1.26905
88	177	1.28157
88	180	1.28189
89	2	1.14049
89	3	1.33847
89	5	1.15162
89	22	1.42866
89	41	1.32264
89	49	1.30478
89	66	1.29819
89	69	0.479209
89	96	1.3043
89	102	1.32304
89	120	1.24406
89	123	1.32227
89	134	0.546752
89	147	0.503222
89	161	0.523004
89	163	0.570924
89	166	1.33754
89	170	0.526247
89	174	1.28393
89	178	0.524079
89	180	0.537287
90	11	1.44577
90	58	1.34225
90	68	1.52383
90	70	0.503634
90	88	0.475868
90	91	0.527457
90	105	1.3475
90	109	1.37429
90	111	1.41326
90	118	0.462668
90	124	1.41648
90	136	1.40761
90	142	1.35699
90	148	1.40419
90	149	1.39714
90	150	1.37069
90	161	0.433667
90	166	0.476876
90	170	0.43691
90	171	0.442839
90	179	0.444614
91	14	1.27336
91	90	0.527457
91	108	1.30431
91	113	0.552751
91	121	0.501104
91	122	1.27125
91	129	1.28566
91	130	1.25361
91	143	0.537925
91	146	1.3355
91	151	1.26758
91	152	1.32472
91	153	1.28585
91	155	0.526029
91	157	1.29615
91	158	1.31816
91	159	1.27698
91	172	0.526726
91	175	0.512526
91	179	1.30687
91	180	0.526471
92	4	0.467875
92	19	0.492265
92	33	0.55095
92	67	0.48953
92	85	0.477091
92	134	1.33468
92	155	1.34161
92	157	0.48284
92	158	0.46983
92	159	0.491993
92	161	1.34908
92	164	1.36057
92	165	1.36502
92	168	1.36119
92	169	1.35698
92	171	1.36248
92	173	0.472784
92	175	1.36225
92	176	1.33874
92	177	1.35125
92	179	1.36458
92	180	1.35158
93	61	1.43527
93	63	1.36522
93	64	1.36969
93	75	1.39172
93	102	0.478417
93	106	1.34874
93	119	1.38956
93	125	1.27867
93	132	0.477001
93	133	1.30283
93	134	0.501324
93	135	1.34069
93	139	0.504056
93	145	0.499855
93	154	0.490059
93	167	1.34043
93	170	1.34844
93	172	1.34172
93	173	1.34701
93	174	0.481104
93	176	0.494423
93	179	0.488524
94	7	0.461678
94	33	1.2669
94	72	1.40565
94	103	1.30336
94	110	1.31823
94	116	1.37492
94	126	1.36404
94	127	1.3017
94	131	1.38804
94	137	0.497818
94	138	1.36087
94	147	0.471498
94	165	0.501467
94	166	1.41235
94	170	0.494523
94	171	0.500451
94	173	1.36337
94	174	0.494807
94	175	0.491618
94	177	0.498111
94	178	1.37371
94	179	1.36685
95	1	1.38905
95	20	0.514647
95	41	0.457031
95	42	0.461805
95	81	0.497532
95	83	0.493137
95	114	1.35535
95	129	0.497068
95	139	1.3346
95	143	1.31494
95	144	1.36933
95	147	1.38957
95	158	0.481226
95	159	0.503389
95	160	1.35241
95	167	0.489383
95	168	1.35478
95	169	1.35056
95	171	1.35607
95	175	1.35584
95	176	1.33233
95	180	1.34517
96	2	1.21337
96	3	1.41135
96	5	1.2245
96	34	1.39705
96	39	1.43155
96	49	1.37765
96	51	1.38986
96	66	1.37107
96	73	0.516193
96	89	1.3043
96	120	1.31694
96	123	1.39515
96	141	0.485431
96	143	0.502273
96	145	0.498814
96	156	0.468021
96	166	1.41042
96	171	0.485708
96	174	1.3568
96	178	0.477611
96	179	0.487484
96	180	0.490819
97	6	1.3587
97	12	1.34872
97	19	1.27878
97	23	1.26299
97	27	0.562455
97	43	0.581029
97	53	1.29025
97	57	1.40026
97	65	1.33646
97	70	1.26474
97	85	1.28712
97	102	0.494608
97	121	0.482684
97	132	1.31619
97	147	0.473986
97	154	1.30494
97	155	0.507608
97	156	1.33605
97	168	0.500866
97	171	0.50294
97	172	1.30707
97	174	1.30774
97	179	0.504716
98	11	0.492427
98	37	0.482868
98	49	0.505356
98	58	0.564526
98	111	0.488403
98	119	0.469131
98	121	1.35718
98	122	0.529519
98	125	0.541541
98	129	0.520201
98	134	1.29267
98	139	1.29901
98	160	1.31682
98	161	1.30707
98	165	1.32301
98	168	1.31918
98	169	1.31497
98	171	1.32048
98	172	1.3138
98	175	1.32025
98	176	1.29674
98	177	1.30925
98	180	1.30957
99	4	1.36341
99	30	1.47876
99	73	0.53551
99	79	1.24959
99	86	0.521334
99	101	1.35995
99	105	1.25296
99	109	1.27975
99	111	1.31872
99	131	0.537496
99	136	1.31307
99	142	1.26245
99	147	0.476072
99	148	1.30965
99	149	1.3026
99	150	1.27615
99	155	0.509694
99	162	1.3222
99	164	0.505176
99	165	0.506041
99	167	1.31076
99	179	0.506801
99	180	0.510137
100	37	1.3932
100	60	1.25227
100	72	1.36112
100	74	0.51973
100	103	1.25883
100	110	1.2737
100	116	1.33039
100	126	1.3195
100	127	1.25717
100	131	1.3435
100	136	0.552394
100	137	0.493402
100	138	1.31633
100	151	0.556493
100	160	0.506338
100	161	0.486863
100	162	1.32369
100	171	0.496035
100	172	0.501401
100	173	1.31883
100	177	0.493695
100	178	1.32917
100	179	1.32231
101	9	1.43086
101	17	1.35188
101	25	0.395216
101	99	1.35995
101	105	1.32392
101	109	1.3507
101	111	1.38967
101	124	1.39289
101	128	0.496055
101	136	1.38402
101	142	1.3334
101	145	0.49756
101	148	1.3806
101	149	1.37355
101	150	1.3471
101	155	0.489122
101	162	1.39316
101	163	0.523202
101	169	0.482577
101	173	1.3883
101	175	0.47562
101	176	0.492129
101	178	0.476356
101	179	0.48623
102	30	0.424205
102	59	1.33358
102	65	0.476053
102	82	0.49716
102	84	0.494371
102	89	1.32304
102	93	0.478417
102	97	0.494608
102	106	0.481638
102	120	1.33568
102	123	1.4139
102	126	1.38085
102	131	1.40485
102	137	1.38338
102	138	1.37768
102	145	1.37374
102	146	0.468202
102	155	1.3607
102	157	0.492172
102	162	1.38504
102	167	0.487319
102	174	1.37555
102	175	1.38134
102	180	1.37066
103	37	1.36006
103	59	1.23909
103	94	1.30336
103	100	1.25883
103	110	1.24055
103	116	1.29724
103	126	1.28636
103	127	1.22402
103	131	1.31036
103	138	1.28319
103	139	0.548393
103	141	0.530808
103	144	0.536432
103	154	0.534395
103	155	0.535754
103	162	1.29055
103	163	1.23552
103	164	0.531236
103	173	1.28569
103	175	0.522251
103	176	0.53876
103	178	1.29603
103	179	1.28917
103	180	0.536196
104	2	0.559752
104	38	0.432625
104	65	0.450638
104	72	0.441216
104	80	0.603621
104	81	0.470053
104	85	0.461008
104	121	1.42195
104	133	1.33968
104	135	1.37755
104	136	1.37959
104	142	1.32897
104	146	0.442787
104	148	1.37617
104	149	1.36912
104	150	1.34267
104	153	0.48028
104	158	0.453747
104	170	1.38529
104	171	1.38525
104	173	1.38387
104	176	1.36151
104	177	1.37402
104	180	1.37435
105	11	1.3152
105	45	0.490699
105	51	1.30974
105	79	1.21355
105	90	1.3475
105	99	1.25296
105	101	1.32392
105	109	1.24372
105	111	1.28268
105	124	1.28591
105	136	1.27704
105	147	0.515357
105	148	1.27362
105	149	1.26656
105	150	1.24012
105	155	0.548979
105	162	1.28617
105	164	0.544461
105	168	0.542236
105	173	1.28131
105	174	0.538665
105	178	0.536213
105	179	0.546086
105	180	0.549421
106	8	1.20925
106	32	1.25562
106	52	0.544944
106	61	1.43568
106	63	1.36563
106	64	1.3701
106	67	1.30407
106	86	0.506278
106	93	1.34874
106	102	0.481638
106	119	1.38997
106	125	1.27907
106	128	0.50157
106	133	1.30323
106	135	1.3411
106	140	0.50807
106	141	1.36714
106	144	0.495316
106	145	0.503076
106	167	1.34084
106	169	0.488092
106	172	1.34212
106	173	1.34742
106	174	0.484325
106	176	0.497644
107	11	0.487869
107	13	1.37592
107	41	0.475606
107	43	1.25448
107	45	1.38762
107	63	0.482605
107	75	0.473625
107	115	1.33315
107	117	0.502745
107	129	0.515643
107	138	0.500863
107	142	0.540777
107	145	1.32651
107	147	1.36783
107	149	0.510746
107	152	0.500499
107	161	1.32093
107	164	1.33241
107	165	1.33686
107	168	1.33304
107	169	1.32882
107	171	1.33433
107	175	1.3341
107	176	1.31059
107	180	1.32342
108	31	1.25646
108	57	0.485464
108	71	1.39342
108	91	1.30431
108	118	0.501865
108	122	1.31447
108	125	0.56997
108	128	0.493636
108	129	1.32888
108	130	1.29684
108	133	0.556039
108	146	1.37872
108	151	1.3108
108	152	1.36795
108	153	1.32908
108	157	1.33937
108	158	1.36138
108	159	1.3202
108	165	0.483051
108	168	0.479961
108	170	1.34804
108	171	0.482035
108	174	0.476391
108	177	0.479695
108	179	1.35009
109	9	1.35066
109	13	0.46927
109	44	1.37725
109	48	0.513789
109	58	1.23846
109	62	0.501206
109	79	1.24034
109	90	1.37429
109	99	1.27975
109	101	1.3507
109	105	1.24372
109	115	0.525098
109	124	1.31269
109	131	0.561345
109	136	1.30382
109	137	0.526241
109	142	1.2532
109	148	1.3004
109	149	1.29335
109	150	1.2669
109	154	0.532185
109	161	0.519703
109	162	1.31296
109	167	1.30152
109	171	0.528875
109	179	0.530651
110	37	1.37493
110	48	0.511875
110	59	1.25395
110	72	1.34284
110	94	1.31823
110	100	1.2737
110	103	1.24055
110	115	0.523184
110	116	1.31211
110	126	1.30123
110	127	1.23889
110	131	1.32523
110	138	1.29806
110	156	0.509273
110	162	1.30542
110	163	1.25039
110	166	1.34954
110	168	0.524886
110	170	0.521031
110	171	0.52696
110	172	0.532326
110	174	0.521315
110	175	0.518126
110	177	0.52462
110	178	1.3109
110	179	1.30404
111	11	1.38095
111	17	1.31065
111	30	1.50848
111	44	1.41622
111	57	0.474967
111	79	1.27931
111	85	0.529552
111	86	0.487847
111	90	1.41326
111	98	0.488403
111	99	1.31872
111	101	1.38967
111	105	1.28268
111	130	0.545619
111	136	1.34279
111	137	0.468905
111	142	1.29217
111	148	1.33937
111	149	1.33232
111	150	1.30587
111	163	0.510287
111	165	0.472554
111	167	1.34048
111	172	0.476904
111	173	1.34706
111	176	0.479213
111	179	0.473314
112	18	1.28817
112	25	0.429906
112	29	1.31592
112	35	1.22731
112	38	1.41415
112	46	1.39386
112	50	1.32176
112	55	0.517105
112	74	1.38435
112	80	1.14617
112	81	1.33344
112	83	1.33049
112	87	1.27997
112	115	0.515368
112	117	1.33257
112	139	0.536452
112	144	0.524491
112	156	1.35362
112	162	1.3348
112	163	1.27977
112	167	1.32336
112	168	0.51707
112	169	0.517267
112	170	0.513215
112	171	0.519144
112	174	0.5135
112	175	0.51031
112	178	1.34028
113	29	0.545424
113	35	0.598419
113	63	0.501689
113	74	0.491826
113	78	0.502723
113	91	0.552751
113	114	1.2927
113	115	1.29224
113	118	1.28521
113	121	1.33011
113	123	0.493642
113	134	1.26561
113	144	1.30668
113	147	1.32691
113	149	0.52983
113	151	0.52859
113	154	1.2846
113	160	1.28976
113	161	1.28001
113	163	1.24186
113	165	1.29595
113	167	0.527041
113	171	1.29342
113	173	0.521839
113	174	1.2874
113	175	1.29318
113	176	1.26967
113	177	1.28218
113	180	1.28251
114	5	0.591543
114	29	0.516175
114	66	0.477096
114	78	0.473474
114	88	1.29208
114	95	1.35535
114	113	1.2927
114	126	0.475401
114	128	1.31385
114	130	0.512963
114	134	1.31994
114	135	0.4889
114	137	1.34956
114	139	1.32627
114	144	1.36101
114	146	0.478675
114	153	0.516168
114	155	1.32688
114	161	1.33434
114	162	0.492735
114	164	1.34583
114	166	0.47292
114	168	1.34645
114	172	1.34106
114	173	0.492589
114	175	1.34751
114	176	1.324
114	177	1.33651
114	179	1.34984
114	180	1.33684
115	39	0.468395
115	59	0.529622
115	107	1.33315
115	109	0.525098
115	110	0.523184
115	112	0.515368
115	113	1.29224
115	121	1.38398
115	122	0.508878
115	123	0.458476
115	124	0.480782
115	128	1.31339
115	134	1.31948
115	143	1.30615
115	145	1.33946
115	148	0.485394
115	151	0.493423
115	153	0.510251
115	160	1.34363
115	163	1.29573
115	164	1.34537
115	165	1.34982
115	167	0.491874
115	168	1.34599
115	171	1.34729
115	174	1.34127
115	175	1.34706
115	176	1.32354
115	177	1.33605
115	180	1.33638
116	33	1.26078
116	43	1.27878
116	59	1.31065
116	60	1.29069
116	62	0.477386
116	72	1.39953
116	76	0.487
116	94	1.37492
116	100	1.33039
116	103	1.29724
116	110	1.31211
116	126	1.35792
116	127	1.29558
116	131	1.38192
116	132	0.495307
116	134	0.519631
116	137	0.502421
116	138	1.35475
116	140	0.523155
116	156	0.487367
116	162	1.36211
116	163	1.30708
116	164	0.505205
116	165	0.50607
116	170	0.499126
116	172	0.51042
116	173	1.35725
116	177	0.502715
116	178	1.36759
116	179	1.36073
117	1	0.479279
117	15	1.30586
117	18	1.30656
117	29	1.33431
117	35	1.24569
117	38	1.43254
117	46	1.41225
117	50	1.34015
117	74	1.40274
117	80	1.16455
117	81	1.35182
117	83	1.34887
117	87	1.29836
117	107	0.502745
117	112	1.33257
117	124	0.538254
117	144	0.495785
117	149	0.552135
117	156	1.37201
117	160	0.500741
117	161	0.481266
117	162	1.35318
117	163	1.29815
117	167	1.34174
117	174	0.484793
117	176	0.498113
117	177	0.488098
117	178	1.35866
117	179	0.492214
117	180	0.495549
118	10	0.491969
118	22	0.434312
118	40	1.39347
118	53	0.519475
118	62	1.36157
118	66	0.494784
118	83	0.519234
118	84	0.522532
118	90	0.462668
118	108	0.501865
118	113	1.28521
118	120	0.533132
118	131	0.489041
118	134	1.31245
118	139	1.31878
118	143	1.29912
118	145	1.33243
118	147	1.37375
118	155	1.31939
118	160	1.3366
118	164	1.33834
118	167	0.51548
118	168	1.33896
118	169	1.33475
118	171	1.34026
118	173	0.510277
118	175	1.34003
118	176	1.31651
118	177	1.32902
118	180	1.32935
119	8	1.25007
119	10	1.40589
119	26	0.530434
119	32	1.29644
119	61	1.4765
119	63	1.40645
119	64	1.41092
119	67	1.34489
119	75	1.43295
119	93	1.38956
119	98	0.469131
119	106	1.38997
119	125	1.31989
119	126	0.488785
119	133	1.34405
119	134	0.466842
119	135	1.38192
119	139	0.469574
119	140	0.470367
119	141	1.40797
119	143	0.468831
119	148	0.504695
119	159	0.525181
119	167	1.38166
119	170	1.38967
119	172	1.38295
119	173	1.38824
119	176	0.459941
119	178	0.444169
119	179	0.454042
119	180	0.457377
120	2	1.15313
120	3	1.35111
120	5	1.16426
120	13	0.453698
120	15	0.518216
120	20	1.2584
120	22	1.4413
120	34	1.33681
120	39	1.37131
120	40	0.49234
120	41	1.33528
120	43	1.22273
120	48	0.498217
120	49	1.31741
120	51	1.32962
120	66	1.31083
120	73	0.543788
120	76	1.32946
120	89	1.24406
120	96	1.31694
120	102	1.33568
120	118	0.533132
120	123	1.33491
120	134	0.527879
120	140	0.531403
120	143	0.529868
120	155	0.517971
120	163	0.552051
120	166	1.35018
120	174	1.29657
120	177	0.510963
121	40	1.43838
121	56	1.31511
121	63	0.450042
121	67	0.486938
121	84	0.482446
121	91	0.501104
121	97	0.482684
121	98	1.35718
121	104	1.42195
121	113	1.33011
121	115	1.38398
121	129	0.48308
121	135	0.466503
121	136	0.472844
121	144	1.39842
121	155	1.36429
121	157	0.480247
121	158	0.467237
121	160	1.3815
121	161	1.37176
121	162	0.470338
121	167	0.475395
121	168	1.38387
121	169	1.37965
121	171	1.38516
121	173	0.470192
121	175	1.38493
121	176	1.36142
121	177	1.37393
121	178	1.39411
121	180	1.37425
122	14	1.28353
122	31	1.2234
122	47	1.30646
122	52	1.31238
122	55	0.510615
122	71	1.36036
122	84	1.3129
122	91	1.27125
122	98	0.529519
122	108	1.31447
122	115	0.508878
122	129	1.29583
122	130	1.26378
122	146	1.34566
122	148	0.565083
122	151	1.27774
122	152	1.33489
122	153	1.29602
122	154	0.515964
122	157	1.30631
122	158	1.32832
122	159	1.28714
122	166	1.36254
122	168	0.51058
122	169	0.510777
122	171	0.512654
122	172	0.51802
122	174	0.507009
122	175	0.50382
122	179	1.31703
122	180	0.517765
123	2	1.23135
123	3	1.42932
123	5	1.24247
123	20	1.33661
123	22	1.51951
123	34	1.41502
123	39	1.44952
123	41	1.41349
123	43	1.30094
123	49	1.39563
123	60	0.55384
123	66	1.38904
123	76	1.40767
123	89	1.32227
123	96	1.39515
123	102	1.4139
123	113	0.493642
123	115	0.458476
123	120	1.33491
123	136	0.51861
123	139	0.47956
123	141	0.461974
123	144	0.467599
123	156	0.444565
123	160	0.472555
123	166	1.4284
123	169	0.460375
123	174	1.37478
123	176	0.469927
123	179	0.464028
123	180	0.467363
124	4	1.39635
124	17	1.31387
124	20	1.30749
124	44	1.41944
124	54	0.49137
124	68	1.46223
124	79	1.28253
124	85	0.542572
124	90	1.41648
124	101	1.39289
124	105	1.28591
124	109	1.31269
124	115	0.480782
124	117	0.538254
124	132	1.35412
124	136	1.34601
124	140	1.33338
124	142	1.29539
124	148	1.34259
124	149	1.33554
124	150	1.30909
124	154	0.487868
124	160	0.494861
124	167	1.34371
124	168	0.482484
124	170	0.478629
124	172	0.489924
124	173	1.35029
124	175	0.475724
124	176	0.492233
124	177	0.482218
124	178	0.476461
125	8	1.13917
125	10	1.29499
125	32	1.18554
125	39	1.34746
125	42	1.35222
125	46	0.537283
125	54	1.28267
125	61	1.3656
125	63	1.29555
125	64	1.30002
125	67	1.23399
125	75	1.32205
125	93	1.27867
125	98	0.541541
125	106	1.27907
125	108	0.56997
125	119	1.31989
125	133	1.23316
125	135	1.27102
125	137	0.522042
125	143	0.541241
125	165	0.525691
125	166	0.558714
125	167	1.27076
125	169	0.522799
125	170	1.27877
125	172	1.27205
125	173	1.27734
125	174	0.519031
125	178	0.516579
125	179	0.526452
125	180	0.529787
126	25	1.50127
126	37	1.42073
126	56	0.507383
126	59	1.29976
126	60	1.2798
126	72	1.38865
126	94	1.36404
126	100	1.3195
126	102	1.38085
126	103	1.28636
126	110	1.30123
126	114	0.475401
126	116	1.35792
126	119	0.488785
126	127	1.2847
126	129	0.539855
126	131	1.37103
126	138	1.34386
126	140	0.491361
126	145	0.486367
126	158	0.524013
126	162	1.35122
126	163	1.29619
126	164	0.473411
126	167	0.53217
126	169	0.471383
126	170	0.467332
126	172	0.478626
126	173	1.34636
126	177	0.47092
126	178	1.3567
126	179	1.34984
127	33	1.18756
127	37	1.35839
127	42	1.3589
127	48	0.50953
127	59	1.23742
127	60	1.21747
127	63	0.558172
127	72	1.32631
127	94	1.3017
127	100	1.25717
127	103	1.22402
127	110	1.23889
127	116	1.29558
127	126	1.2847
127	128	0.536216
127	131	1.3087
127	138	1.28153
127	140	0.542716
127	143	0.54118
127	145	0.537721
127	147	0.495661
127	150	0.599277
127	154	0.527925
127	162	1.28889
127	163	1.23386
127	166	1.33301
127	168	0.522541
127	169	0.522738
127	170	0.518686
127	173	1.28403
127	178	1.29437
127	179	1.28751
128	1	1.34754
128	10	0.483741
128	25	1.46809
128	47	0.501539
128	49	0.500092
128	65	0.495986
128	69	1.42069
128	73	1.23151
128	101	0.496055
128	106	0.50157
128	108	0.493636
128	114	1.31385
128	115	1.31339
128	127	0.536216
128	134	1.28676
128	137	1.31638
128	143	1.27343
128	147	1.34806
128	150	0.523004
128	153	0.525628
128	157	0.512104
128	159	0.521258
128	160	1.31091
128	161	1.30116
128	165	1.3171
128	168	1.31327
128	169	1.30906
128	173	0.502049
128	175	1.31433
128	176	1.29082
128	177	1.30333
128	179	1.31666
128	180	1.30366
129	7	0.464563
129	18	0.566862
129	21	1.29042
129	26	1.28684
129	31	1.23781
129	71	1.37477
129	78	1.37886
129	82	1.32796
129	91	1.28566
129	95	0.497068
129	98	0.520201
129	107	0.515643
129	108	1.32888
129	121	0.48308
129	122	1.29583
129	126	0.539855
129	130	1.27819
129	146	1.36008
129	147	0.474383
129	151	1.29216
129	152	1.3493
129	153	1.31043
129	155	0.508005
129	156	0.485649
129	157	1.32072
129	158	1.34273
129	159	1.30156
129	163	0.542085
129	166	1.37695
129	170	1.32939
129	176	0.511011
129	177	0.500996
129	179	1.33145
130	16	0.498092
130	28	1.2588
130	36	0.493143
130	43	0.588912
130	52	1.29475
130	56	0.544945
130	71	1.34273
130	78	1.34681
130	82	1.29592
130	84	1.29527
130	91	1.25361
130	108	1.29684
130	111	0.545619
130	114	0.512963
130	122	1.26378
130	129	1.27819
130	132	0.501074
130	139	0.52813
130	140	1.27901
130	146	1.32803
130	151	1.26011
130	152	1.31725
130	153	1.27838
130	157	1.28868
130	158	1.31069
130	159	1.26951
130	163	0.54957
130	166	1.34491
130	169	0.508945
130	170	1.29734
130	172	0.516188
130	174	0.505177
130	176	0.518497
130	179	1.2994
131	22	0.446954
131	33	1.2739
131	36	0.451533
131	37	1.44473
131	59	1.32376
131	60	1.3038
131	72	1.41265
131	86	0.485521
131	94	1.38804
131	99	0.537496
131	100	1.3435
131	102	1.40485
131	103	1.31036
131	109	0.561345
131	110	1.32523
131	116	1.38192
131	118	0.489041
131	126	1.37103
131	127	1.3087
131	134	0.483788
131	138	1.36787
131	154	0.472522
131	155	0.47388
131	160	0.479515
131	162	1.37522
131	163	1.32019
131	164	0.469362
131	166	1.41935
131	167	0.528121
131	168	0.467138
131	170	0.463283
131	173	1.37036
131	178	1.3807
131	179	1.37384
132	19	1.31594
132	23	1.30015
132	29	0.504286
132	31	0.556071
132	35	0.557281
132	59	0.52365
132	61	0.429699
132	67	0.497446
132	70	1.30189
132	85	1.32428
132	86	1.35641
132	93	0.477001
132	97	1.31619
132	116	0.495307
132	124	1.35412
132	130	0.501074
132	133	0.500997
132	135	0.477012
132	136	1.34525
132	142	1.29462
132	148	1.34183
132	149	1.33477
132	150	1.30832
132	153	0.504279
132	157	0.490756
132	158	0.477746
132	165	1.35344
132	169	1.3454
132	171	1.35091
132	172	1.34422
132	173	1.34952
132	174	1.34489
132	175	1.35068
132	176	1.32716
132	180	1.34
133	8	1.16333
133	10	1.31915
133	25	1.45641
133	32	1.2097
133	39	1.37162
133	54	1.30683
133	61	1.38976
133	63	1.31971
133	64	1.32418
133	67	1.25815
133	75	1.34621
133	93	1.30283
133	104	1.33968
133	106	1.30323
133	108	0.556039
133	119	1.34405
133	125	1.23316
133	132	0.500997
133	135	1.29519
133	140	0.528845
133	141	1.32123
133	146	0.550537
133	161	0.501572
133	164	0.510895
133	167	1.29492
133	168	0.50867
133	170	1.30293
133	171	0.510744
133	172	1.29621
133	173	1.3015
133	174	0.5051
133	175	0.501911
133	177	0.508404
133	178	0.502647
133	179	0.51252
133	180	0.515856
134	10	0.486716
134	24	0.516182
134	35	0.581605
134	37	0.480579
134	49	0.503067
134	52	0.506292
134	87	0.549095
134	88	1.26499
134	89	0.546752
134	92	1.33468
134	93	0.501324
134	98	1.29267
134	113	1.26561
134	114	1.31994
134	115	1.31948
134	116	0.519631
134	118	1.31245
134	119	0.466842
134	120	0.527879
134	128	1.28676
134	131	0.483788
134	144	1.33392
134	153	0.528603
134	154	1.31185
134	155	1.29979
134	160	1.317
134	161	1.30725
134	164	1.31874
134	165	1.32319
