1	40	1.05629
1	81	1.09974
1	110	1.07963
1	128	1.03645
1	133	1.0714
1	151	0.755801
1	157	1.06728
1	167	1.10342
1	169	1.02651
1	177	1.06055
1	179	0.988705
1	180	1.02317
2	75	1.02822
2	101	1.07408
2	102	1.0611
2	103	1.07338
2	104	1.06287
2	105	1.05607
2	109	1.08232
2	111	0.732221
2	114	1.05555
2	141	0.900115
2	148	1.13952
2	167	1.107
3	64	0.413159
3	91	0.544919
3	139	0.600984
3	162	1.30949
3	167	0.385161
3	170	1.18325
3	172	1.1629
3	174	1.17362
3	176	1.23276
3	178	1.19936
3	179	1.18122
3	180	1.1676
4	17	0.582742
4	82	1.1504
4	95	1.2222
4	121	0.643903
4	134	1.19138
4	136	1.22869
4	142	1.21499
4	149	1.17972
4	150	1.20911
4	159	0.811102
4	172	0.850001
4	177	1.20492
5	84	1.23809
5	85	1.23797
5	88	1.21537
5	89	1.18364
5	94	1.18337
5	96	1.24022
5	119	0.51803
5	129	0.746783
5	132	0.817535
5	141	1.18334
5	144	0.805042
5	173	1.13165
6	13	1.00977
6	20	1.13679
6	49	1.00571
6	119	0.82915
6	128	1.04381
6	131	0.900291
6	139	1.05886
6	156	1.07675
6	157	1.07463
6	161	1.12629
6	166	1.0322
6	177	1.0679
7	29	1.21268
7	52	0.654951
7	118	1.18982
7	120	0.709747
7	126	0.723187
7	142	1.21187
7	143	1.20023
7	145	1.20077
7	149	1.1766
7	150	1.20599
7	176	0.804007
7	177	1.2018
8	77	0.813659
8	88	1.06904
8	89	1.03731
8	94	1.03704
8	96	1.09389
8	116	1.13383
8	155	0.85392
8	156	1.0749
8	157	1.07278
8	158	1.08975
8	167	1.10893
8	173	0.985319
9	23	1.07271
9	27	1.08418
9	50	1.128
9	56	0.921572
9	68	1.0847
9	90	1.03476
9	92	1.03277
9	97	1.09318
9	108	0.859644
9	140	1.04357
9	164	1.02369
9	169	0.987086
10	28	0.745437
10	125	1.06749
10	134	1.0526
10	136	1.08991
10	137	1.07746
10	142	1.07621
10	143	1.06457
10	145	1.06511
10	149	1.04094
10	155	0.878746
10	168	1.1322
10	177	1.06614
11	30	0.533884
11	50	1.2636
11	62	1.2107
11	68	1.22031
11	90	1.17036
11	92	1.16838
11	97	1.22878
11	129	0.704562
11	140	1.17918
11	164	1.15929
11	169	0.698515
11	170	0.954705
12	16	1.2522
12	28	0.56142
12	47	0.475266
12	126	1.18138
12	139	1.18171
12	156	1.1996
12	157	1.19749
12	164	0.785271
12	167	1.23363
12	169	1.15672
12	171	1.05291
12	177	1.19076
13	6	1.00977
13	52	0.907347
13	53	1.0349
13	83	1.02107
13	115	1.075
13	124	1.09367
13	133	1.09612
13	156	1.09411
13	157	1.09199
13	162	0.890045
13	164	0.962429
13	177	1.08527
14	33	1.04619
14	121	0.984946
14	142	1.12969
14	162	1.04099
14	165	0.992872
14	166	1.02669
14	168	0.950677
14	174	0.905116
14	176	0.964252
14	178	0.930855
14	179	0.912714
14	180	0.899096
15	18	0.78074
15	70	1.09784
15	78	1.00997
15	84	1.10063
15	85	1.10051
15	88	1.07791
15	89	1.04618
15	94	1.04591
15	96	1.10276
15	141	1.04588
15	152	0.97861
15	173	0.994188
16	12	1.2522
16	21	1.13574
16	124	1.21324
16	127	0.665522
16	139	1.19579
16	152	0.605391
16	154	0.635634
16	156	1.21368
16	157	1.21156
16	169	1.1708
16	177	1.20483
16	180	0.979354
17	4	0.582742
17	74	0.873831
17	148	1.08379
17	165	1.12715
17	167	0.701661
17	171	1.04525
17	173	1.0985
17	174	1.0394
17	175	1.06816
17	178	1.06514
17	179	1.04699
17	180	1.03338
18	15	0.78074
18	60	0.469048
18	100	0.415256
18	150	0.361191
18	154	1.29109
18	170	1.18183
18	172	1.16148
18	175	1.20096
18	176	1.23134
18	178	1.19794
18	179	1.1798
18	180	1.16618
19	93	0.67977
19	107	1.15309
19	137	0.707706
19	170	1.05174
19	171	1.04797
19	172	1.03139
19	175	1.07088
19	176	1.10125
19	177	0.643676
19	178	1.06785
19	179	1.04971
19	180	1.0361
20	6	1.13679
20	115	1.20201
20	120	0.556584
20	123	1.21688
20	128	1.18818
20	132	0.627147
20	139	1.20323
20	156	1.22112
20	157	1.21901
20	171	0.824512
20	174	0.884507
20	177	1.21228
21	16	1.13574
21	41	0.953837
21	53	1.02393
21	63	1.10601
21	123	1.0789
21	124	1.08271
21	139	1.06525
21	154	0.842211
21	156	1.08314
21	166	0.880854
21	173	1.03864
21	177	1.0743
22	74	1.12097
22	115	1.14706
22	116	1.22511
22	123	1.16194
22	128	1.13323
22	133	1.16818
22	157	1.16406
22	166	0.609119
22	169	1.12329
22	176	0.729272
22	177	1.15733
22	178	0.836948
22	180	0.914195
23	9	1.07271
23	24	1.22296
23	27	1.17842
23	62	1.16935
23	68	1.17895
23	69	1.14276
23	90	1.129
23	97	1.18742
23	106	0.795705
23	135	0.82422
23	138	0.765641
23	161	0.691194
23	164	1.11794
24	23	1.22296
24	62	1.22535
24	73	1.17267
24	90	1.18501
24	92	1.18302
24	97	1.24343
24	127	0.601262
24	129	0.635721
24	140	1.19383
24	148	0.888597
24	164	1.17394
24	173	0.767799
25	60	1.16605
25	101	1.15693
25	102	1.14395
25	103	1.15623
25	104	1.14571
25	105	1.13891
25	107	0.792902
25	109	1.16517
25	114	1.13839
25	164	0.741044
25	166	0.714865
25	167	1.18985
25	176	0.835018
26	73	0.743361
26	101	0.670223
26	122	0.807163
26	154	1.11623
26	165	1.08509
26	166	1.11891
26	168	1.0429
26	171	1.00319
26	174	0.997337
26	175	1.0261
26	178	1.02308
26	179	1.00493
26	180	0.991317
27	9	1.08418
27	23	1.17842
27	31	1.1802
27	37	1.1381
27	46	0.746433
27	50	1.2337
27	51	0.756264
27	57	0.726012
27	73	1.12813
27	92	1.13848
27	97	1.19889
27	161	0.829964
27	164	1.1294
28	10	0.745437
28	12	0.56142
28	134	0.473345
28	139	0.602137
28	160	1.26032
28	170	1.13853
28	171	1.13476
28	172	1.11818
28	175	1.15767
28	176	1.18804
28	178	1.15465
28	179	1.1365
28	180	1.12289
29	7	1.21268
29	118	1.1423
29	122	1.15565
29	134	1.14074
29	143	1.15271
29	145	1.15325
29	149	1.12908
29	150	1.15847
29	155	0.634273
29	158	0.870101
29	162	0.65243
29	177	1.15428
29	178	0.926465
30	11	0.533884
30	34	0.489889
30	68	0.64129
30	89	1.20934
30	94	1.20908
30	96	1.26592
30	145	0.569183
30	173	1.15735
30	174	1.09825
30	176	1.15739
30	178	1.12399
30	179	1.10585
30	180	1.09223
31	27	1.1802
31	50	1.22402
31	62	1.17112
31	73	1.11844
31	90	1.13078
31	92	1.12879
31	97	1.1892
31	106	0.68956
31	132	0.793169
31	140	1.1396
31	146	0.732853
31	158	0.868178
31	164	1.11971
32	63	1.17523
32	116	1.21129
32	128	1.11942
32	138	0.673269
32	139	1.13447
32	152	0.641599
32	156	1.15236
32	157	1.15024
32	161	1.20191
32	163	0.705165
32	169	1.10948
32	174	1.0643
32	177	1.14352
33	14	1.04619
33	66	1.15648
33	81	1.18948
33	115	1.14001
33	129	1.16883
33	130	0.646902
33	133	1.16113
33	156	1.15912
33	157	1.15701
33	160	0.496939
33	169	1.11624
33	177	1.15028
33	178	0.773135
34	30	0.489889
34	71	1.14317
34	101	1.16304
34	102	1.15006
34	104	1.15182
34	105	1.14502
34	109	1.17128
34	114	1.14451
34	140	1.13573
34	147	0.710778
34	167	1.19596
34	175	0.864887
34	179	0.905474
35	112	0.71037
35	118	1.14695
35	125	1.16028
35	134	1.14539
35	137	1.17025
35	142	1.169
35	143	1.15736
35	145	1.1579
35	146	0.793095
35	149	1.13372
35	151	0.794662
35	164	0.783134
35	177	1.15893
36	59	1.16937
36	75	1.11414
36	101	1.16
36	102	1.14702
36	103	1.1593
36	104	1.14879
36	105	1.14198
36	109	1.16824
36	146	0.765727
36	155	0.665225
36	161	0.617924
36	167	1.19292
36	180	1.03466
37	27	1.1381
37	44	1.10305
37	50	1.18192
37	62	1.12903
37	68	1.13863
37	69	1.10245
37	90	1.08868
37	97	1.1471
37	117	0.681227
37	140	1.0975
37	146	0.852581
37	161	0.704777
37	164	1.07762
37	178	1.04427
38	81	0.653889
38	91	0.621083
38	140	0.554594
38	163	1.20896
38	164	1.18274
38	168	1.1257
38	170	1.08977
38	171	1.086
38	175	1.10891
38	176	1.13928
38	177	0.491033
38	178	1.10588
38	179	1.08774
38	180	1.07412
39	65	1.14798
39	82	1.06911
39	108	0.750121
39	122	1.12499
39	127	0.84915
39	137	1.13495
39	142	1.13369
39	143	1.12206
39	144	1.0923
39	145	1.12259
39	150	1.12781
39	160	0.809539
39	169	0.877563
39	177	1.12363
40	1	1.05629
40	49	1.07694
40	83	1.07494
40	108	0.527544
40	123	1.14374
40	129	1.15768
40	133	1.14999
40	156	1.14798
40	157	1.14586
40	159	0.981364
40	169	1.1051
40	170	0.911176
40	177	1.13914
40	178	0.863158
41	21	0.953837
41	123	1.02754
41	124	1.03134
41	126	1.01355
41	128	0.998837
41	135	1.095
41	139	1.01389
41	154	1.035
41	156	1.03178
41	157	1.02966
41	161	1.08132
41	162	1.02744
41	169	0.988896
41	177	1.02293
42	93	1.10156
42	118	1.11005
42	122	1.1234
42	136	1.1458
42	138	0.721391
42	142	1.1321
42	143	1.12047
42	145	1.121
42	149	1.09683
42	150	1.12622
42	163	0.753287
42	169	0.778265
42	170	1.03445
42	177	1.12203
43	70	1.27562
43	77	0.513406
43	84	1.27841
43	85	1.27829
43	88	1.25569
43	89	1.22396
43	94	1.22369
43	96	1.28053
43	113	0.633448
43	126	0.657364
43	141	1.22366
43	144	0.701992
43	170	0.893877
43	173	1.17197
44	37	1.10305
44	90	1.10541
44	92	1.10343
44	93	1.11111
44	97	1.16383
44	129	0.749178
44	137	1.14291
44	149	1.10638
44	150	1.13577
44	164	1.09434
44	165	0.805679
44	169	0.743132
44	177	1.13159
44	179	0.994086
45	55	1.16842
45	58	0.816331
45	63	1.14477
45	74	1.07669
45	112	0.806825
45	124	1.12146
45	128	1.08895
45	133	1.1239
45	156	1.12189
45	157	1.11978
45	160	0.805043
45	163	0.848089
45	167	1.15592
45	169	1.07901
46	27	0.746433
46	114	0.566812
46	124	0.547713
46	135	1.1974
46	139	0.604615
46	162	1.22318
46	170	1.09693
46	171	1.09316
46	172	1.07659
46	174	1.08731
46	176	1.14644
46	178	1.11305
46	179	1.09491
46	180	1.08129
47	12	0.475266
47	76	0.557832
47	90	0.437992
47	102	1.30641
47	104	1.30818
47	114	1.30086
47	124	0.45908
47	157	0.384243
47	167	1.35231
47	171	1.17546
47	176	1.22874
47	178	1.19534
47	179	1.1772
47	180	1.16358
48	89	0.617775
48	128	0.740193
48	156	0.617129
48	158	1.11576
48	159	1.08388
48	166	1.18046
48	168	1.10445
48	170	1.06851
48	172	1.04816
48	175	1.08765
48	176	1.11802
48	177	0.535181
48	178	1.08463
48	179	1.06648
48	180	1.05287
49	6	1.00571
49	40	1.07694
49	72	1.07961
49	77	0.787721
49	100	1.0846
49	110	1.10028
49	115	1.07093
49	116	1.14898
49	117	0.757131
49	123	1.08581
49	153	0.812212
49	156	1.09004
49	161	1.13959
49	167	1.12407
49	175	1.12237
50	9	1.128
50	11	1.2636
50	27	1.2337
50	31	1.22402
50	37	1.18192
50	51	0.484469
50	68	1.23423
50	90	1.18428
50	92	1.1823
50	106	0.662679
50	121	0.848668
50	140	1.1931
50	151	0.707539
50	164	1.17322
50	175	0.899856
51	27	0.756264
51	50	0.484469
51	136	0.486526
51	148	1.18981
51	153	1.33534
51	156	0.51028
51	160	1.27683
51	166	1.26699
51	167	0.398623
51	170	1.15504
51	171	1.15127
51	172	1.13469
51	176	1.20455
51	179	1.15301
51	180	1.1394
52	7	0.654951
52	13	0.907347
52	155	1.20448
52	157	0.639166
52	158	1.10331
52	163	1.17526
52	167	0.555083
52	168	1.092
52	171	1.0523
52	172	1.03572
52	175	1.07521
52	176	1.10558
52	178	1.07218
52	179	1.05404
52	180	1.04042
53	13	1.0349
53	21	1.02393
53	55	1.1484
53	100	1.09643
53	123	1.09764
53	124	1.10144
53	128	1.06893
53	156	1.10187
53	157	1.09976
53	160	0.760044
53	163	0.80309
53	167	1.1359
53	168	0.997507
53	176	0.928564
53	177	1.09303
54	79	1.14206
54	91	1.14215
54	105	1.06956
54	109	1.09582
54	114	1.06904
54	135	0.672538
54	137	1.08895
54	140	1.06027
54	149	1.05242
54	150	1.08181
54	167	1.1205
54	172	1.03611
54	174	1.00499
54	176	0.77133
54	177	1.07763
55	45	1.16842
55	53	1.1484
55	63	1.23048
55	110	1.21784
55	115	1.18849
55	117	0.512297
55	123	1.20337
55	139	1.18971
55	146	0.683651
55	156	1.2076
55	157	1.20549
55	165	0.729716
55	166	0.647511
55	167	1.24163
55	172	1.03244
56	9	0.921572
56	100	0.636156
56	134	0.62516
56	143	0.647371
56	151	1.16278
56	163	1.15616
56	168	1.0729
56	170	1.03697
56	172	1.01662
56	173	1.08644
56	174	1.02734
56	175	1.0561
56	176	1.08648
56	178	1.05308
56	179	1.03494
56	180	1.02132
57	27	0.726012
57	68	0.570649
57	137	0.46211
57	143	0.477612
57	156	0.480027
57	160	1.25256
57	163	1.24996
57	165	1.2089
57	170	1.13077
57	171	1.127
57	174	1.12114
57	175	1.14991
57	176	1.18028
57	178	1.14688
57	179	1.12874
57	180	1.11512
58	45	0.816331
58	63	0.652524
58	91	1.17908
58	134	1.10102
58	135	1.08481
58	137	1.12588
58	139	0.76273
58	150	1.11874
58	157	0.630991
58	166	1.09629
58	175	1.00348
58	176	1.03385
58	177	1.11456
58	178	1.00046
58	179	0.982315
58	180	0.968697
59	36	1.16937
59	60	1.18179
59	71	1.15279
59	75	1.1268
59	99	0.601775
59	102	1.15968
59	103	1.17196
59	105	1.15465
59	109	1.1809
59	114	1.15413
59	140	1.14536
59	147	0.755374
59	153	0.599327
59	167	1.20558
59	175	0.909484
59	179	0.950071
60	18	0.469048
60	25	1.16605
60	59	1.18179
60	73	1.12396
60	75	1.12656
60	101	1.17242
60	102	1.15944
60	103	1.17172
60	104	1.16121
60	109	1.18066
60	114	1.15389
60	147	0.811718
60	161	0.624141
60	167	1.20534
60	169	0.755461
60	171	1.02963
61	64	0.630938
61	65	0.695937
61	95	0.672413
61	143	0.712181
61	159	1.05786
61	163	1.16169
61	168	1.07843
61	169	1.13867
61	171	1.03872
61	172	1.02215
61	174	1.03287
61	175	1.06163
61	176	1.09201
61	178	1.05861
61	179	1.04047
61	180	1.02685
62	11	1.2107
62	23	1.16935
62	24	1.22535
62	31	1.17112
62	37	1.12903
62	68	1.18133
62	90	1.13139
62	92	1.12941
62	97	1.18981
62	99	0.611055
62	127	0.679985
62	140	1.14021
62	151	0.726447
62	164	1.12032
62	168	0.877836
62	175	0.918764
63	21	1.10601
63	32	1.17523
63	45	1.14477
63	55	1.23048
63	58	0.652524
63	66	1.18131
63	83	1.11091
63	127	0.680847
63	130	0.791199
63	133	1.18596
63	139	1.16606
63	157	1.18184
63	162	0.643397
63	169	1.14107
63	177	1.17511
63	178	0.917432
64	3	0.413159
64	61	0.630938
64	81	1.19723
64	98	1.12305
64	100	1.16144
64	115	1.14777
64	123	1.16264
64	126	1.14865
64	130	0.713581
64	133	1.16889
64	156	1.16688
64	157	1.16476
64	167	1.20091
64	174	0.9658
64	177	1.15804
64	178	0.839814
65	39	1.14798
65	61	0.695937
65	76	1.13474
65	99	0.599299
65	134	1.15421
65	136	1.19152
65	137	1.17907
65	142	1.17782
65	143	1.16618
65	145	1.16672
65	149	1.14255
65	150	1.17194
65	161	0.56532
65	174	1.0308
65	176	0.797137
65	177	1.16775
66	33	1.15648
66	63	1.18131
66	74	1.11323
66	110	1.16868
66	111	0.578392
66	123	1.1542
66	133	1.16044
66	153	0.626975
66	154	0.668465
66	156	1.15843
66	157	1.15632
66	161	1.20798
66	167	1.19246
66	171	1.00093
66	177	1.14959
66	178	0.934937
67	75	0.679344
67	102	0.423449
67	109	0.503265
67	125	0.493479
67	145	0.492826
67	163	1.25625
67	166	1.24901
67	168	1.173
67	170	1.13706
67	172	1.11671
67	174	1.12743
67	175	1.1562
67	176	1.18657
67	178	1.15317
67	179	1.13503
67	180	1.12142
68	9	1.0847
68	11	1.22031
68	23	1.17895
68	30	0.64129
68	37	1.13863
68	50	1.23423
68	57	0.570649
68	62	1.18133
68	90	1.14099
68	92	1.13901
68	97	1.19941
68	107	0.864302
68	135	0.807626
68	140	1.14981
68	161	0.674601
68	164	1.12992
69	23	1.14276
69	37	1.10245
69	92	1.10282
69	97	1.16323
69	107	0.760901
69	112	0.636279
69	123	1.13559
69	133	1.14183
69	140	1.11363
69	156	1.13983
69	157	1.13771
69	161	1.18937
69	164	1.09374
69	166	0.682864
69	171	0.976685
69	177	1.13098
69	179	0.953475
70	15	1.09784
70	43	1.27562
70	84	1.19201
70	85	1.1919
70	88	1.1693
70	89	1.13756
70	94	1.1373
70	96	1.19414
70	99	0.591419
70	108	1.19188
70	141	1.13727
70	146	0.705243
70	159	1.01514
70	161	0.55744
70	173	1.08557
70	179	0.939714
71	34	1.14317
71	59	1.15279
71	73	1.09497
71	75	1.09756
71	101	1.14343
71	103	1.14273
71	104	1.13221
71	105	1.12541
71	108	0.697547
71	109	1.15167
71	114	1.12489
71	119	0.602282
71	140	1.11612
71	160	0.756965
71	164	0.83151
71	167	1.17635
71	180	1.11041
72	49	1.07961
72	83	1.07761
72	107	0.79286
72	113	0.730241
72	116	1.20958
72	121	1.0818
72	124	1.15021
72	126	1.13243
72	139	1.13276
72	156	1.15065
72	157	1.14853
72	162	0.668618
72	163	0.709502
72	167	1.18468
72	169	1.10777
72	172	1.09976
72	177	1.14181
73	24	1.17267
73	26	0.743361
73	27	1.12813
73	31	1.11844
73	60	1.12396
73	71	1.09497
73	86	1.10363
73	90	1.07871
73	92	1.07673
73	102	1.10185
73	114	1.0963
73	140	1.08753
73	153	0.553973
73	164	1.06764
73	167	1.14775
73	174	0.987922
73	178	0.861935
73	180	0.939183
74	17	0.873831
74	22	1.12097
74	45	1.07669
74	66	1.11323
74	81	1.14623
74	98	1.07205
74	110	1.12612
74	115	1.09677
74	124	1.11545
74	128	1.08294
74	155	0.691793
74	156	1.11588
74	157	1.11377
74	163	0.750835
74	164	0.782335
74	167	1.14991
74	169	1.073
74	178	0.983986
75	2	1.02822
75	36	1.11414
75	59	1.1268
75	60	1.12656
75	67	0.679344
75	71	1.09756
75	101	1.11743
75	103	1.11673
75	104	1.10622
75	105	1.09941
75	109	1.12567
75	114	1.0989
75	117	0.765461
75	140	1.09012
75	161	0.789011
75	164	0.926854
75	167	1.15035
75	169	0.920332
76	47	0.557832
76	65	1.13474
76	82	1.05587
76	113	1.09491
76	122	1.11176
76	127	0.832904
76	134	1.09685
76	136	1.13415
76	137	1.12171
76	142	1.12045
76	143	1.10882
76	145	1.10935
76	149	1.08518
76	150	1.11457
76	152	0.772772
76	165	0.923863
76	173	0.999441
76	177	1.11039
77	8	0.813659
77	43	0.513406
77	49	0.787721
77	110	0.565432
77	115	0.678961
77	154	1.18515
77	158	1.12313
77	160	1.19768
77	165	1.15402
77	168	1.11182
77	171	1.07211
77	172	1.05554
77	174	1.06626
77	175	1.09502
77	176	1.1254
77	178	1.092
77	179	1.07386
77	180	1.06024
78	15	1.00997
78	96	0.683088
78	133	0.683821
78	156	0.658111
78	161	1.19108
78	162	1.12872
78	165	1.0806
78	166	1.11442
78	168	1.03841
78	170	1.00247
78	172	0.982124
78	174	0.992847
78	175	1.02161
78	176	1.05198
78	178	1.01859
78	179	1.00045
78	180	0.986827
79	54	1.14206
79	95	1.22511
79	106	0.63489
79	111	0.513327
79	118	1.19585
79	122	1.2092
79	134	1.1943
79	136	1.2316
79	137	1.21916
79	143	1.20627
79	144	1.17651
79	145	1.2068
79	149	1.18263
79	166	0.642043
79	176	0.762196
79	177	1.20783
79	178	0.869872
79	179	0.912654
80	83	0.580787
80	102	0.464674
80	123	0.517404
80	132	1.24667
80	137	0.497619
80	153	1.31929
80	156	0.515537
80	157	0.487964
80	158	1.18624
80	168	1.17493
80	170	1.13899
80	171	1.13522
80	172	1.11864
80	174	1.12937
80	175	1.15813
80	176	1.1885
80	178	1.15511
80	179	1.13697
80	180	1.12335
81	1	1.09974
81	33	1.18948
81	38	0.653889
81	64	1.19723
81	74	1.14623
81	115	1.17232
81	119	0.573501
81	121	1.12258
81	124	1.191
81	128	1.15849
81	135	0.797912
81	139	1.17354
81	155	0.712188
81	156	1.19143
81	160	0.728184
81	167	1.22546
81	169	1.14855
81	173	0.934332
81	177	1.18259
82	4	1.1504
82	39	1.06911
82	76	1.05587
82	86	1.08762
82	87	1.09107
82	93	1.0684
82	118	1.0769
82	122	1.09025
82	125	1.09023
82	143	1.08731
82	145	1.08785
82	149	1.06368
82	150	1.09307
82	153	0.572243
82	170	0.928223
82	171	0.946197
82	174	1.00619
82	177	1.08888
82	180	0.957452
83	13	1.02107
83	40	1.07494
83	63	1.11091
83	72	1.07761
83	80	0.580787
83	110	1.09828
83	113	0.776311
83	116	1.14698
83	126	1.06982
83	133	1.09005
83	139	1.07015
83	156	1.08804
83	157	1.08593
83	161	1.13759
83	165	0.843097
83	169	1.04516
83	171	1.05471
83	177	1.0792
83	179	1.0315
84	5	1.23809
84	15	1.10063
84	43	1.27841
84	70	1.19201
84	85	1.19468
84	88	1.17208
84	89	1.14035
84	94	1.14008
84	96	1.19693
84	98	1.13411
84	99	0.756158
84	108	1.19466
84	119	0.630793
84	141	1.14005
84	152	0.764956
84	161	0.722179
84	162	0.787637
84	164	0.860022
84	173	1.08836
85	5	1.23797
85	15	1.10051
85	43	1.27829
85	70	1.1919
85	84	1.19468
85	88	1.17197
85	89	1.14023
85	94	1.13997
85	96	1.19681
85	98	1.134
85	108	1.19454
85	129	0.658684
85	141	1.13994
85	146	0.66912
85	147	0.708895
85	151	0.670688
85	171	0.926802
85	173	1.08824
85	179	0.903592
86	73	1.10363
86	82	1.08762
86	101	1.15209
86	103	1.15139
86	105	1.13407
86	106	0.634402
86	109	1.16033
86	114	1.13355
86	125	1.14349
86	136	1.16591
86	142	1.15221
86	145	1.14111
86	150	1.14633
86	163	0.636234
86	167	1.18501
86	170	0.917402
86	173	0.799337
86	175	0.871579
86	177	1.14214
86	178	0.869385
87	82	1.09107
87	95	1.16286
87	118	1.1336
87	121	0.868705
87	122	1.14695
87	125	1.14693
87	132	0.786325
87	134	1.13204
87	136	1.16935
87	137	1.15691
87	142	1.15565
87	143	1.14401
87	145	1.14455
87	149	1.12038
87	150	1.14977
87	163	0.684548
87	168	0.878965
87	169	0.709526
87	176	0.810023
87	177	1.14558
88	5	1.21537
88	8	1.06904
88	15	1.07791
88	43	1.25569
88	70	1.1693
88	84	1.17208
88	85	1.17197
88	89	1.11763
88	94	1.11737
88	96	1.17421
88	98	1.1114
88	99	0.702579
88	108	1.17194
88	141	1.11734
88	144	0.864226
88	160	0.731897
88	162	0.734059
88	169	0.799921
88	173	1.06564
88	176	0.900417
89	5	1.18364
89	8	1.03731
89	15	1.04618
89	30	1.20934
89	43	1.22396
89	48	0.617775
89	70	1.13756
89	84	1.14035
89	85	1.14023
89	88	1.11763
89	94	1.08563
89	96	1.14248
89	98	1.07966
89	108	1.14021
89	121	0.875125
89	126	0.735622
89	141	1.0856
89	153	0.616156
89	173	1.03391
89	179	0.9669
89	180	1.00137
90	9	1.03476
90	11	1.17036
90	23	1.129
90	24	1.18501
90	31	1.13078
90	37	1.08868
90	44	1.10541
90	47	0.437992
90	50	1.18428
90	62	1.13139
90	68	1.14099
90	73	1.07871
90	92	1.08906
90	97	1.14947
90	140	1.09986
90	147	0.797732
90	159	1.06785
90	160	0.673452
90	164	1.07998
90	173	0.8796
90	175	0.951842
91	3	0.544919
91	38	0.621083
91	54	1.14215
91	58	1.17908
91	93	1.18744
91	95	1.22519
91	122	1.20928
91	125	1.20927
91	126	0.783078
91	134	1.19438
91	137	1.21924
91	141	0.782923
91	142	1.21798
91	143	1.20635
91	145	1.20688
91	149	1.18271
91	150	1.2121
91	161	0.632081
91	162	0.697539
91	166	0.743744
91	177	1.20792
92	9	1.03277
92	11	1.16838
92	24	1.18302
92	27	1.13848
92	31	1.12879
92	44	1.10343
92	50	1.1823
92	62	1.12941
92	68	1.13901
92	69	1.10282
92	73	1.07673
92	90	1.08906
92	97	1.14748
92	120	0.757221
92	140	1.09788
92	144	0.815291
92	158	0.902794
92	161	0.619665
92	164	1.07799
92	169	0.750986
92	174	1.08514
93	19	0.67977
93	42	1.10156
93	44	1.11111
93	82	1.0684
93	91	1.18744
93	122	1.12429
93	134	1.10938
93	136	1.14669
93	137	1.13424
93	141	0.688968
93	142	1.13299
93	143	1.12135
93	144	1.09159
93	145	1.12188
93	149	1.09771
93	150	1.1271
93	166	0.649789
93	168	0.838885
93	172	1.03472
93	177	1.12292
93	179	0.9204
94	5	1.18337
94	8	1.03704
94	15	1.04591
94	30	1.20908
94	43	1.22369
94	70	1.1373
94	84	1.14008
94	85	1.13997
94	88	1.11737
94	89	1.08563
94	96	1.14221
94	98	1.0794
94	108	1.13994
94	141	1.08534
94	151	0.805982
94	155	0.703912
94	160	0.719908
94	165	0.850479
94	169	0.787932
94	171	1.0621
94	173	1.03364
95	4	1.2222
95	61	0.672413
95	79	1.22511
95	87	1.16286
95	91	1.22519
95	118	1.14869
95	125	1.16203
95	126	0.692793
95	134	1.14714
95	136	1.18444
95	137	1.172
95	141	0.692639
95	142	1.17074
95	143	1.15911
95	145	1.15964
95	149	1.13547
95	150	1.16486
95	155	0.589097
95	164	0.679639
95	168	0.842556
95	177	1.16068
95	180	0.958537
96	5	1.24022
96	8	1.09389
96	15	1.10276
96	30	1.26592
96	43	1.28053
96	70	1.19414
96	78	0.683088
96	84	1.19693
96	85	1.19681
96	88	1.17421
96	89	1.14248
96	94	1.14221
96	98	1.13624
96	108	1.19679
96	130	0.822216
96	141	1.14218
96	153	0.640487
96	154	0.681977
96	160	0.672253
96	162	0.674414
96	173	1.09049
96	178	0.948449
97	9	1.09318
97	11	1.22878
97	23	1.18742
97	24	1.24343
97	27	1.19889
97	31	1.1892
97	37	1.1471
97	44	1.16383
97	62	1.18981
97	68	1.19941
97	69	1.16323
97	90	1.14947
97	92	1.14748
97	120	0.597511
97	129	0.597322
97	140	1.15828
97	164	1.1384
97	170	0.847465
97	174	0.925434
97	175	0.801642
97	176	0.691772
97	178	0.799448
98	64	1.12305
98	74	1.07205
98	84	1.13411
98	85	1.134
98	88	1.1114
98	89	1.07966
98	94	1.0794
98	96	1.13624
98	128	1.08431
98	133	1.11926
98	141	1.07937
98	147	0.906621
98	151	0.868414
98	154	0.792063
98	156	1.11725
98	157	1.11514
98	160	0.78234
98	166	0.830707
98	169	1.07437
98	173	1.02767
98	176	0.95086
98	177	1.10841
99	59	0.601775
99	62	0.611055
99	65	0.599299
99	70	0.591419
99	84	0.756158
99	88	0.702579
99	143	0.615543
99	147	1.21715
99	151	1.23271
99	155	1.25531
99	158	1.15415
99	160	1.22869
99	165	1.18503
99	168	1.14284
99	170	1.1069
99	171	1.10313
99	172	1.08655
99	174	1.09728
99	175	1.12604
99	176	1.15641
99	178	1.12301
99	179	1.10487
99	180	1.09126
100	18	0.415256
100	49	1.0846
100	53	1.09643
100	56	0.636156
100	64	1.16144
100	110	1.16588
100	115	1.13653
100	116	1.21457
100	123	1.1514
100	124	1.1552
100	128	1.1227
100	129	1.16534
100	139	1.13775
100	155	0.61765
100	157	1.15352
100	161	1.20519
100	167	1.18966
100	168	0.871108
100	169	1.11276
100	170	0.95786
100	175	0.912036
100	176	0.802166
100	177	1.1468
101	2	1.07408
101	25	1.15693
101	26	0.670223
101	34	1.16304
101	36	1.16
101	60	1.17242
101	71	1.14343
101	75	1.11743
101	86	1.15209
101	102	1.15031
101	103	1.16259
101	104	1.15208
101	105	1.14528
101	109	1.17153
101	114	1.14476
101	140	1.13599
101	148	0.839547
101	167	1.19621
101	169	0.580625
101	172	0.945902
101	175	0.790992
101	176	0.681121
101	179	0.831579
102	2	1.0611
102	25	1.14395
102	34	1.15006
102	36	1.14702
102	47	1.30641
102	59	1.15968
102	60	1.15944
102	67	0.423449
102	73	1.10185
102	80	0.464674
102	101	1.15031
102	103	1.14961
102	104	1.1391
102	105	1.1323
102	109	1.15855
102	113	0.660198
102	114	1.13178
102	140	1.12301
102	167	1.18323
102	168	0.833876
102	170	0.920627
102	172	1.02971
102	175	0.874804
103	2	1.07338
103	25	1.15623
103	36	1.1593
103	59	1.17196
103	60	1.17172
103	71	1.14273
103	75	1.11673
103	86	1.15139
103	101	1.16259
103	102	1.14961
103	104	1.15138
103	105	1.14458
103	109	1.17083
103	114	1.14406
103	127	0.594931
103	132	0.700142
103	140	1.13529
103	167	1.19551
103	171	0.897507
103	173	0.761468
103	176	0.72384
103	179	0.874297
103	180	0.908763
104	2	1.06287
104	25	1.14571
104	34	1.15182
104	36	1.14879
104	47	1.30818
104	60	1.16121
104	71	1.13221
104	75	1.10622
104	101	1.15208
104	102	1.1391
104	103	1.15138
104	105	1.13406
104	109	1.16032
104	114	1.13355
104	140	1.12477
104	144	0.857806
104	146	0.809984
104	152	0.704957
104	161	0.66218
104	162	0.727638
104	167	1.185
104	169	0.793501
104	176	0.893997
105	2	1.05607
105	25	1.13891
105	34	1.14502
105	36	1.14198
105	54	1.06956
105	59	1.15465
105	71	1.12541
105	75	1.09941
105	86	1.13407
105	101	1.14528
105	102	1.1323
105	103	1.14458
105	104	1.13406
105	109	1.15352
105	114	1.12675
105	121	0.820445
105	140	1.11797
105	163	0.636288
105	164	0.667788
105	167	1.1782
105	168	0.830705
105	172	1.02654
105	176	0.761763
105	179	0.91222
106	23	0.795705
106	31	0.68956
106	50	0.662679
106	79	0.63489
106	86	0.634402
106	124	0.735754
106	147	1.17581
106	152	1.21709
106	154	1.17483
106	159	1.08093
106	160	1.18735
106	162	1.19181
106	165	1.14369
106	168	1.1015
106	170	1.06556
106	171	1.06179
106	172	1.04521
106	173	1.11504
106	174	1.05593
106	175	1.0847
106	176	1.11507
106	177	0.606541
106	178	1.08167
106	179	1.06353
106	180	1.04992
107	19	1.15309
107	25	0.792902
107	68	0.864302
107	69	0.760901
107	72	0.79286
107	112	1.14485
107	138	1.13739
107	149	0.854905
107	154	1.09359
107	155	1.13273
107	158	1.03156
107	160	1.10611
107	162	1.11057
107	163	1.10351
107	165	1.06245
107	168	1.02026
107	170	0.984321
107	172	0.963972
107	174	0.974694
107	175	1.00346
107	176	1.03383
107	177	0.691731
107	178	1.00043
107	179	0.982293
107	180	0.968675
108	9	0.859644
108	39	0.750121
108	40	0.527544
108	70	1.19188
108	71	0.697547
108	84	1.19466
108	85	1.19454
108	88	1.17194
108	89	1.14021
108	94	1.13994
108	96	1.19679
108	134	0.563232
108	139	0.692025
108	140	0.569471
108	141	1.13991
108	154	1.14801
108	168	1.07468
108	170	1.03875
108	173	1.08822
108	174	1.02912
108	175	1.05788
108	176	1.08826
108	178	1.05486
108	179	1.03672
108	180	1.0231
109	2	1.08232
109	25	1.16517
109	34	1.17128
109	36	1.16824
109	54	1.09582
109	59	1.1809
109	60	1.18066
109	67	0.503265
109	71	1.15167
109	75	1.12567
109	86	1.16033
109	101	1.17153
109	102	1.15855
109	103	1.17083
109	104	1.16032
109	105	1.15352
109	114	1.153
109	117	0.589382
109	140	1.14423
109	141	0.763775
109	144	0.808558
109	163	0.719275
109	166	0.724596
109	167	1.20446
109	168	0.913692
109	180	1.02967
110	1	1.07963
110	49	1.10028
110	55	1.21784
110	66	1.16868
110	74	1.12612
110	77	0.565432
110	83	1.09828
110	100	1.16588
110	116	1.23026
110	121	1.10247
110	123	1.16708
110	124	1.17089
110	126	1.1531
110	128	1.13838
110	131	0.538148
110	139	1.15343
110	144	0.754018
110	148	0.948635
110	153	0.589923
110	156	1.17132
110	157	1.16921
110	161	1.22087
110	163	0.664735
110	172	1.05499
110	177	1.16248
110	179	0.940667
111	2	0.732221
111	66	0.578392
111	79	0.513327
111	116	0.529105
111	120	1.24703
111	130	1.215
111	140	0.54854
111	146	1.21004
111	149	0.648152
111	150	0.499232
111	153	1.27746
111	154	1.20643
111	157	0.539354
111	158	1.14441
111	163	1.21635
111	165	1.17529
111	166	1.20911
111	170	1.09716
111	171	1.09339
111	172	1.07681
111	174	1.08754
111	175	1.1163
111	176	1.14667
111	178	1.11328
111	179	1.09513
111	180	1.08152
112	35	0.71037
112	45	0.806825
112	69	0.636279
112	107	1.14485
112	118	0.651297
112	124	0.696323
112	133	0.674768
112	148	1.07826
112	151	1.16931
112	155	1.19191
112	158	1.09074
112	160	1.16529
112	162	1.16974
112	166	1.15544
112	167	0.537402
112	168	1.07943
112	169	1.13967
112	170	1.0435
112	171	1.03972
112	172	1.02315
112	174	1.03387
112	175	1.06263
112	176	1.09301
112	178	1.05961
112	179	1.04147
112	180	1.02785
113	43	0.633448
113	72	0.730241
113	76	1.09491
113	83	0.776311
113	102	0.660198
113	115	0.799003
113	124	0.758325
113	125	1.12927
113	136	1.15169
113	142	1.13799
113	143	1.12635
113	145	1.12689
113	149	1.10271
113	150	1.13211
113	152	1.14924
113	155	1.14612
113	157	0.683488
113	158	1.04495
113	160	1.11949
113	172	0.977356
113	174	0.988078
113	175	1.01684
113	176	1.04721
113	177	1.12792
113	178	1.01382
113	179	0.995677
113	180	0.982059
114	2	1.05555
114	25	1.13839
114	34	1.14451
114	46	0.566812
114	47	1.30086
114	54	1.06904
114	59	1.15413
114	60	1.15389
114	71	1.12489
114	73	1.0963
114	75	1.0989
114	86	1.13355
114	101	1.14476
114	102	1.13178
114	103	1.14406
114	104	1.13355
114	105	1.12675
114	109	1.153
114	130	0.863603
114	140	1.11746
114	144	0.845969
114	154	0.723364
114	160	0.71364
114	166	0.762007
114	167	1.17768
114	169	0.781664
114	175	0.99203
115	13	1.075
115	20	1.20201
115	22	1.14706
115	33	1.14001
115	49	1.07093
115	55	1.18849
115	64	1.14777
115	74	1.09677
115	77	0.678961
115	81	1.17232
115	100	1.13653
115	113	0.799003
115	123	1.13773
115	124	1.14153
115	126	1.12374
115	131	0.651677
115	138	0.746368
115	139	1.12408
115	141	0.822764
115	154	0.744942
115	156	1.14197
115	157	1.13985
115	162	0.73738
115	167	1.176
115	169	1.09909
115	173	0.941367
115	177	1.13313
116	8	1.13383
116	22	1.22511
116	32	1.21129
116	49	1.14898
116	72	1.20958
116	83	1.14698
116	100	1.21457
116	110	1.23026
116	111	0.529105
116	121	1.15116
116	123	1.21578
116	128	1.18708
116	131	0.525913
116	133	1.22202
116	138	0.620604
116	139	1.20213
116	144	0.741783
116	151	0.695528
116	156	1.22001
116	157	1.2179
116	161	1.26956
116	165	0.740025
116	166	0.657821
116	169	1.17713
116	172	1.04275
116	173	0.815603
116	177	1.21117
117	37	0.681227
117	49	0.757131
117	55	0.512297
117	75	0.765461
117	109	0.589382
117	123	0.562296
117	124	0.607693
117	125	1.18677
117	136	1.20919
117	137	1.19675
117	142	1.19549
117	143	1.18385
117	145	1.18439
117	149	1.16022
117	150	1.18961
117	156	0.560429
117	160	1.177
117	163	1.1744
117	166	1.16715
117	171	1.05143
117	172	1.03486
117	174	1.04558
117	176	1.10472
117	177	1.18542
117	178	1.07132
117	179	1.05318
117	180	1.03956
118	7	1.18982
118	29	1.1423
118	35	1.14695
118	42	1.11005
118	79	1.19585
118	82	1.0769
118	87	1.1336
118	95	1.14869
118	112	0.651297
118	122	1.13278
118	125	1.13277
118	126	0.737215
118	134	1.11788
118	136	1.15518
118	137	1.14274
118	142	1.14148
118	143	1.12985
118	145	1.13038
118	149	1.10621
118	150	1.1356
118	151	0.735589
118	155	0.633519
118	166	0.697882
118	174	1.0517
118	175	0.927906
118	176	0.818035
118	177	1.13142
119	5	0.51803
119	6	0.82915
119	71	0.602282
119	81	0.573501
119	84	0.630793
119	125	0.511761
119	136	0.468839
119	142	0.425754
119	149	0.573818
119	152	1.28122
119	154	1.23895
119	155	1.27809
119	159	1.14505
119	163	1.24887
119	164	1.22265
119	165	1.20781
119	166	1.24163
119	168	1.16562
119	170	1.12968
119	171	1.12591
119	172	1.10933
119	173	1.17916
119	174	1.12006
119	175	1.14882
119	176	1.17919
119	178	1.1458
119	179	1.12765
119	180	1.11404
120	7	0.709747
120	20	0.556584
120	92	0.757221
120	97	0.597511
120	111	1.24703
120	135	1.13331
120	138	1.1859
120	140	0.703148
120	147	1.14308
120	148	1.0676
120	150	0.65384
120	151	1.15865
120	153	1.21313
120	156	0.721535
120	159	1.0482
120	160	1.15462
120	163	1.15203
120	165	1.11096
120	166	1.14478
120	167	0.609879
120	169	1.12901
120	170	1.03284
120	171	1.02906
120	174	1.02321
120	175	1.05197
120	176	1.08235
120	178	1.04895
120	179	1.03081
120	180	1.01719
121	4	0.643903
121	14	0.984946
121	50	0.848668
121	72	1.0818
121	81	1.12258
121	87	0.868705
121	89	0.875125
121	105	0.820445
121	110	1.10247
121	116	1.15116
121	123	1.08799
121	129	1.10193
121	131	1.15501
121	133	1.09424
121	134	0.849852
121	136	0.850724
121	139	1.07434
121	146	1.06605
121	158	1.00042
121	159	0.968537
121	163	1.07236
121	167	1.12626
121	168	0.989107
121	169	1.04935
121	171	0.949399
121	174	0.943546
121	175	0.972309
121	176	1.00268
121	178	0.969285
121	180	0.937527
122	26	0.807163
122	29	1.15565
122	39	1.12499
122	42	1.1234
122	76	1.11176
122	79	1.2092
122	82	1.09025
122	87	1.14695
122	91	1.20928
122	93	1.12429
122	118	1.13278
122	125	1.14612
122	129	0.723611
122	134	1.13123
122	136	1.16853
122	137	1.15609
122	142	1.15483
122	143	1.1432
122	144	1.11344
122	145	1.14373
122	149	1.11956
122	150	1.14895
122	161	0.586244
122	164	0.724086
122	166	0.697907
122	168	0.887003
122	169	0.717564
122	170	0.973754
122	173	0.855689
122	177	1.14477
123	20	1.21688
123	21	1.0789
123	22	1.16194
123	40	1.14374
123	41	1.02754
123	49	1.08581
123	53	1.09764
123	55	1.20337
123	64	1.16264
123	66	1.1542
123	69	1.13559
123	80	0.517404
123	100	1.1514
123	110	1.16708
123	115	1.13773
123	116	1.21578
123	117	0.562296
123	121	1.08799
123	127	0.688755
123	133	1.15885
123	148	0.976089
123	152	0.628623
123	156	1.15684
123	162	0.651304
123	167	1.19087
123	169	1.11396
123	170	0.973357
123	173	0.855292
123	177	1.148
123	180	1.00259
124	13	1.09367
124	16	1.21324
124	21	1.08271
124	41	1.03134
124	45	1.12146
124	46	0.547713
124	47	0.45908
124	53	1.10144
124	72	1.15021
124	74	1.11545
124	81	1.191
124	100	1.1552
124	106	0.735754
124	110	1.17089
124	112	0.696323
124	113	0.758325
124	115	1.14153
124	117	0.607693
124	128	1.12771
124	131	0.610999
124	133	1.16265
124	139	1.14276
124	156	1.16065
124	157	1.15853
124	161	1.21019
124	167	1.19467
124	168	0.932003
124	169	1.11776
124	170	1.01875
124	177	1.1518
125	10	1.06749
125	35	1.16028
125	67	0.493479
125	82	1.09023
125	86	1.14349
125	87	1.14693
125	91	1.20927
125	95	1.16203
125	113	1.12927
125	117	1.18677
125	118	1.13277
125	119	0.511761
125	122	1.14612
125	134	1.13121
125	136	1.16852
125	137	1.15607
125	141	0.753989
125	142	1.15482
125	143	1.14318
125	144	1.11342
125	145	1.14372
125	149	1.11955
125	150	1.14894
125	152	0.645924
125	154	0.676167
125	158	0.886276
125	165	0.797015
125	172	1.09974
125	177	1.14475
125	179	0.985421
126	7	0.723187
126	12	1.18138
126	41	1.01355
126	43	0.657364
126	64	1.14865
126	72	1.13243
126	83	1.06982
126	89	0.735622
126	91	0.783078
126	95	0.692793
126	110	1.1531
126	115	1.12374
126	118	0.737215
126	127	1.17274
126	133	1.14486
126	136	0.711222
126	139	1.12497
126	140	0.716589
126	152	1.15533
126	157	1.14074
126	161	1.1924
126	163	1.12299
126	168	1.03973
126	170	1.0038
126	171	1.00003
126	175	1.02294
126	176	1.05331
126	178	1.01991
126	179	1.00177
126	180	0.988154
127	16	0.665522
127	24	0.601262
127	39	0.84915
127	62	0.679985
127	63	0.680847
127	76	0.832904
127	103	0.594931
127	123	0.688755
127	126	1.17274
127	141	1.15308
127	143	0.684473
127	147	1.16216
127	151	1.17772
127	153	1.23221
127	154	1.16118
127	158	1.09916
127	159	1.06728
127	160	1.1737
127	162	1.17816
127	165	1.13004
127	166	1.16386
127	168	1.08785
127	169	1.14809
127	170	1.05191
127	171	1.04814
127	172	1.03156
127	174	1.04229
127	175	1.07105
127	176	1.10142
127	178	1.06802
127	179	1.04988
127	180	1.03627
128	1	1.03645
128	6	1.04381
128	20	1.18818
128	22	1.13323
128	32	1.11942
128	41	0.998837
128	45	1.08895
128	48	0.740193
128	53	1.06893
128	74	1.08294
128	81	1.15849
128	98	1.08431
128	100	1.1227
128	110	1.13838
128	116	1.18708
128	124	1.12771
128	129	1.13785
128	133	1.13015
128	139	1.11025
128	152	0.74982
128	153	0.738574
128	155	0.754344
128	156	1.12814
128	157	1.12603
128	160	0.77034
128	161	1.17769
128	162	0.772501
128	165	0.900911
128	166	0.818707
128	169	1.08526
128	177	1.1193
128	180	1.12378
129	5	0.746783
129	11	0.704562
129	24	0.635721
129	33	1.16883
129	40	1.15768
129	44	0.749178
129	85	0.658684
129	97	0.597322
129	100	1.16534
129	121	1.10193
129	122	0.723611
129	128	1.13785
129	132	1.13941
129	133	1.17279
129	139	1.1529
129	140	0.702959
129	141	1.1329
129	142	0.654507
129	156	1.17078
129	157	1.16867
129	159	1.04709
129	161	1.22033
129	163	1.15092
129	166	1.14367
129	169	1.1279
129	170	1.03173
129	172	1.01138
129	174	1.0221
129	175	1.05087
129	176	1.08124
129	179	1.0297
129	180	1.01608
130	33	0.646902
130	63	0.791199
130	64	0.713581
130	96	0.822216
130	111	1.215
130	114	0.863603
130	142	0.7304
130	148	1.03557
130	151	1.12662
130	152	1.15234
130	153	1.1811
130	157	0.769666
130	159	1.01617
130	160	1.1226
130	162	1.12705
130	163	1.12
130	164	1.09378
130	165	1.07894
130	166	1.11275
130	168	1.03674
130	169	1.09698
130	170	1.00081
130	171	0.997034
130	172	0.980458
130	173	1.05028
130	174	0.99118
130	175	1.01994
130	176	1.05032
130	177	0.715291
130	178	1.01692
130	179	0.998779
130	180	0.985161
131	6	0.900291
131	110	0.538148
131	115	0.651677
131	116	0.525913
131	121	1.15501
131	124	0.610999
131	136	0.53998
131	138	1.23788
131	146	1.19768
131	148	1.11957
131	149	0.644959
131	152	1.23634
131	155	1.23322
131	156	0.563735
131	157	0.536161
131	159	1.10017
131	160	1.2066
131	162	1.21106
131	163	1.204
131	164	1.17778
131	165	1.16294
131	166	1.19675
131	168	1.12074
131	171	1.08104
131	172	1.06446
131	173	1.13428
131	174	1.07518
131	175	1.10395
131	176	1.13432
131	177	0.481786
131	178	1.10092
131	179	1.08278
131	180	1.06916
132	5	0.817535
132	20	0.627147
132	31	0.793169
132	80	1.24667
132	87	0.786325
132	103	0.700142
132	129	1.13941
132	133	0.817809
132	138	1.14372
132	145	0.810613
132	146	1.10352
132	148	1.02541
132	151	1.11646
132	152	1.14218
132	155	1.13906
132	159	1.00601
132	160	1.11244
132	162	1.1169
132	163	1.10984
132	164	1.08362
132	165	1.06878
132	166	1.10259
132	167	0.680442
132	170	0.990649
132	171	0.986875
132	172	0.9703
132	174	0.981022
132	175	1.00979
132	176	1.04016
132	178	1.00676
132	179	0.988621
132	180	0.975003
133	1	1.0714
133	13	1.09612
133	22	1.16818
133	33	1.16113
133	40	1.14999
133	45	1.1239
133	63	1.18596
133	64	1.16889
133	66	1.16044
133	69	1.14183
133	78	0.683821
133	83	1.09005
133	98	1.11926
133	112	0.674768
133	116	1.22202
133	121	1.09424
133	123	1.15885
133	124	1.16265
133	126	1.14486
133	128	1.13015
133	129	1.17279
133	132	0.817809
133	144	0.805315
133	147	0.797267
133	153	0.64122
133	156	1.16309
133	157	1.16097
133	160	0.672986
133	163	0.716032
133	165	0.803557
133	167	1.19712
133	176	0.841506
133	177	1.15425
134	4	1.19138
134	10	1.0526
134	28	0.473345
134	29	1.14074
134	35	1.14539
134	56	0.62516
134	58	1.10102
134	65	1.15421
134	76	1.09685
134	79	1.1943
134	87	1.13204
134	91	1.19438
134	93	1.10938
134	95	1.14714
134	108	0.563232
134	118	1.11788
134	121	0.849852
134	122	1.13123
134	125	1.13121
134	136	1.15363
134	137	1.14118
134	142	1.13993
134	143	1.12829
134	144	1.09853
134	145	1.12883
134	147	0.746931
134	149	1.10466
134	150	1.13405
134	159	1.01705
134	162	0.624811
134	169	0.690674
134	171	0.964838
134	177	1.12986
134	180	0.976093
135	23	0.82422
135	41	1.095
135	46	1.1974
135	54	0.672538
135	58	1.08481
135	68	0.807626
135	81	0.797912
135	120	1.13331
135	138	1.13651
135	146	1.09631
135	149	0.798229
135	151	1.10925
135	153	1.16374
135	155	1.13185
135	158	1.03068
135	159	0.998803
135	162	1.10969
135	163	1.10263
135	166	1.09538
135	167	0.605348
135	168	1.01937
135	169	1.07961
135	170	0.983439
135	171	0.979665
135	172	0.96309
135	173	1.03291
135	174	0.973812
135	175	1.00258
135	176	1.03295
135	177	0.635056
135	178	0.999551
135	179	0.981411
135	180	0.967793
136	4	1.22869
136	10	1.08991
136	42	1.1458
136	51	0.486526
136	65	1.19152
136	76	1.13415
136	79	1.2316
136	86	1.16591
136	87	1.16935
136	93	1.14669
136	95	1.18444
136	113	1.15169
136	117	1.20919
136	118	1.15518
136	119	0.468839
136	121	0.850724
136	122	1.16853
136	125	1.16852
136	126	0.711222
136	131	0.53998
136	134	1.15363
136	137	1.17849
136	142	1.17723
136	143	1.1656
136	144	1.13584
136	145	1.16613
136	149	1.14196
136	150	1.17135
136	158	0.843354
136	159	1.01792
136	161	0.560225
136	164	0.698067
136	165	0.754093
136	176	0.792042
136	177	1.16716
137	10	1.07746
137	19	0.707706
137	35	1.17025
137	39	1.13495
137	44	1.14291
137	54	1.08895
137	57	0.46211
137	58	1.12588
137	65	1.17907
137	76	1.12171
137	79	1.21916
137	80	0.497619
137	87	1.15691
137	91	1.21924
137	93	1.13424
137	95	1.172
137	117	1.19675
137	118	1.14274
137	122	1.15609
137	125	1.15607
137	134	1.14118
137	136	1.17849
137	138	0.640508
137	142	1.16479
137	143	1.15315
137	144	1.12339
137	147	0.753639
137	149	1.12952
137	150	1.15891
137	158	0.84919
137	163	0.672404
137	165	0.75993
137	170	0.953572
137	171	0.971546
137	175	0.907749
137	177	1.15472
138	23	0.765641
138	32	0.673269
138	42	0.721391
138	107	1.13739
138	115	0.746368
138	116	0.620604
138	120	1.1859
138	131	1.23788
138	132	1.14372
138	135	1.13651
138	137	0.640508
138	142	0.591587
138	143	0.656011
