1	5	0.914985
1	9	0.625683
1	12	1.38184
1	87	0.942546
1	130	0.951177
1	144	0.954385
1	170	0.930028
1	172	0.889163
1	177	0.783712
1	178	0.735324
1	179	0.866015
1	180	0.916135
2	14	0.729702
2	15	0.787733
2	44	0.306675
2	99	0.792286
2	114	1.81543
2	117	0.846187
2	139	1.72171
2	143	0.837189
2	157	0.804494
2	163	0.862311
2	169	0.7901
2	179	0.72727
3	27	0.718542
3	44	0.818739
3	70	0.821056
3	92	0.971146
3	102	0.801117
3	118	0.858469
3	123	0.819549
3	132	0.772659
3	138	0.879498
3	160	0.79152
3	162	0.39225
3	174	6.87544
4	30	1.78228
4	111	1.18983
4	121	0.872571
4	123	0.813768
4	132	0.766878
4	138	0.873716
4	140	0.871191
4	154	0.839271
4	155	1.14032
4	169	0.764395
4	172	0.724714
4	179	0.701566
5	1	0.914985
5	30	1.88931
5	81	0.812228
5	134	0.781694
5	137	0.823737
5	141	0.775042
5	154	0.857197
5	161	1.31385
5	162	0.828763
5	169	0.760726
5	170	0.761909
5	180	0.748016
6	9	2.11079
6	68	2.13434
6	120	0.682895
6	129	0.822449
6	135	0.610532
6	147	0.82492
6	151	0.790333
6	169	0.737396
6	171	0.757668
6	172	0.697715
6	174	0.564994
6	179	0.674567
7	27	0.891203
7	70	0.785959
7	104	1.22243
7	107	1.20519
7	118	0.761665
7	123	0.796127
7	132	0.749237
7	137	1.01223
7	159	3.86922
7	160	0.768097
7	173	4.32875
7	177	4.0942
8	17	1.54249
8	33	0.85394
8	55	0.848924
8	75	0.881744
8	83	1.53138
8	114	0.884728
8	119	0.878614
8	154	0.892577
8	173	0.655343
8	174	0.645299
8	177	0.672568
8	179	2.66517
9	1	0.625683
9	6	2.11079
9	125	0.916359
9	152	0.90406
9	155	0.915241
9	165	1.20929
9	167	0.933351
9	168	0.944014
9	169	1.42083
9	173	0.7048
9	176	0.937582
9	178	0.949507
10	49	0.769811
10	89	0.79858
10	109	0.767442
10	134	1.60038
10	152	0.783345
10	155	0.794526
10	167	0.812635
10	168	0.823299
10	169	1.82756
10	172	2.22679
10	176	0.816866
10	178	0.828792
11	22	5.2
11	60	0.408009
11	110	2.14192
11	114	1.01615
11	119	1.01004
11	149	0.339949
11	150	1.0049
11	154	1.024
11	173	0.786768
11	174	0.776724
11	175	0.781676
11	177	0.803994
12	1	1.38184
12	79	0.792265
12	89	0.811657
12	130	0.831149
12	149	2.03042
12	156	0.801647
12	164	0.830741
12	165	1.96545
12	168	0.836376
12	176	0.829943
12	177	0.614387
12	178	0.841869
13	62	0.827407
13	106	0.805913
13	137	0.849509
13	139	1.50445
13	140	0.734373
13	143	0.833586
13	155	1.65561
13	157	0.800891
13	170	0.787681
13	171	0.806769
13	172	0.746816
13	179	0.723668
14	2	0.729702
14	63	0.723694
14	90	0.705495
14	143	0.761277
14	149	0.75068
14	154	2.03658
14	168	2.14764
14	169	0.714188
14	170	0.715372
14	171	0.73446
14	179	0.651359
14	180	0.701478
15	2	0.787733
15	38	1.56518
15	77	0.797046
15	100	0.853644
15	103	1.22412
15	146	1.18309
15	163	0.84443
15	165	0.803792
15	166	0.778472
15	170	0.773403
15	171	0.792491
15	180	0.759509
16	60	1.94631
16	104	0.859848
16	119	0.893067
16	140	0.938949
16	150	0.887926
16	151	1.80735
16	154	0.907029
16	165	1.92091
16	173	0.669795
16	174	0.659751
16	175	0.664702
16	177	0.687021
17	8	1.54249
17	88	1.47551
17	90	0.768984
17	92	0.869576
17	129	0.86273
17	145	0.802244
17	162	0.845715
17	164	1.21731
17	169	0.777678
17	171	0.797949
17	172	0.737996
17	179	0.714848
18	42	0.890523
18	68	0.990432
18	108	0.8738
18	116	1.34847
18	123	0.140539
18	129	0.944801
18	141	0.874065
18	149	0.89624
18	153	0.887581
18	166	0.866001
18	167	1.13874
18	169	0.859748
18	173	0.69739
19	91	1.50594
19	127	0.879734
19	129	1.48436
19	131	1.52324
19	139	0.90144
19	155	0.876919
19	156	0.870964
19	167	0.895029
19	168	0.905692
19	170	1.80177
19	175	0.661386
19	176	0.89926
19	178	0.911185
20	51	0.774746
20	66	0.97261
20	87	1.17028
20	92	1.36075
20	115	0.794062
20	140	1.02815
20	150	0.977125
20	154	0.996228
20	158	3.27405
20	173	0.758994
20	174	0.74895
20	175	0.753901
20	177	0.776219
21	28	0.561194
21	33	0.697065
21	66	0.712083
21	81	0.514541
21	114	0.727853
21	120	1.17765
21	135	5.60246
21	140	0.767621
21	150	0.716598
21	154	0.735702
21	173	1.47133
21	174	1.46128
21	177	0.515693
22	11	5.2
22	74	0.593541
22	77	0.659293
22	102	0.665407
22	132	0.636949
22	138	0.743788
22	148	0.66603
22	168	0.711322
22	170	0.63565
22	173	0.472108
22	176	0.70489
22	178	0.716815
22	180	0.621757
23	74	0.779999
23	82	1.43057
23	94	0.8991
23	97	0.971952
23	131	0.889981
23	137	0.883936
23	139	0.893716
23	147	0.908448
23	150	0.94555
23	165	0.852497
23	166	0.827177
23	168	0.765793
23	172	0.781243
24	27	1.31516
24	43	0.855594
24	65	0.817781
24	102	1.69116
24	119	0.819219
24	124	0.825908
24	145	0.782872
24	154	0.833181
24	176	0.828729
24	177	0.613173
24	178	0.840654
24	179	0.695476
24	180	0.745596
25	83	0.793002
25	113	0.679739
25	117	0.81718
25	129	0.846145
25	143	0.808182
25	153	0.788924
25	161	1.57371
25	165	0.792665
25	167	1.41208
25	169	0.761092
25	171	0.781364
25	176	1.36158
25	179	0.698263
26	44	3.88134
26	75	0.698317
26	135	0.50741
26	147	0.721799
26	148	0.665838
26	150	0.690047
26	154	0.709151
26	167	0.700467
26	172	0.594593
26	175	0.466824
26	176	0.704698
26	178	0.716623
26	180	0.621565
27	3	0.718542
27	7	0.891203
27	24	1.31516
27	43	0.769406
27	44	0.771513
27	69	0.782508
27	102	0.753891
27	118	0.811243
27	123	0.772324
27	132	0.725434
27	138	0.832272
27	159	4.04134
27	177	4.26632
28	21	0.561194
28	52	1.18061
28	63	0.905404
28	136	1.3214
28	149	0.93239
28	163	0.968109
28	167	1.18703
28	169	0.895898
28	170	0.897081
28	175	0.728447
28	177	0.750765
28	179	0.833068
28	180	0.883188
29	127	0.858227
29	134	1.39127
29	145	2.04019
29	147	1.26696
29	152	0.844231
29	156	0.849457
29	161	0.847497
29	164	0.878551
29	167	0.873522
29	168	0.884185
29	171	1.71926
29	176	0.877753
29	178	0.889678
30	4	1.78228
30	5	1.88931
30	98	1.78581
30	105	0.786165
30	111	0.834267
30	124	0.807469
30	155	0.787949
30	156	0.781994
30	161	0.780034
30	167	0.806059
30	176	0.810289
30	177	0.594734
30	178	0.822215
31	43	0.833766
31	99	0.681306
31	102	0.818251
31	118	0.875603
31	123	0.836684
31	132	2.02053
31	135	0.660447
31	138	0.896632
31	141	0.585999
31	145	0.903594
31	158	0.672765
31	160	0.808654
31	174	4.982
31	175	5.4405
32	55	0.894906
32	58	0.550609
32	62	0.966354
32	66	0.91494
32	110	3.86402
32	121	0.971859
32	140	0.970478
32	150	0.919455
32	154	0.938559
32	173	0.701324
32	174	0.69128
32	175	0.696232
32	177	0.71855
32	179	1.90116
33	8	0.85394
33	21	0.697065
33	73	0.950211
33	75	0.874867
33	100	0.896356
33	114	0.877852
33	119	0.871738
33	121	0.919001
33	140	0.91762
33	145	1.83223
33	150	0.866597
33	154	0.885701
33	158	3.28145
33	175	0.643374
34	97	1.24723
34	101	0.959401
34	111	0.984258
34	122	1.30302
34	129	1.45368
34	131	1.49256
34	136	0.946141
34	156	0.931985
34	160	1.55144
34	164	0.961079
34	168	0.966713
34	174	0.717455
34	176	0.960281
34	178	0.972206
35	82	0.805936
35	88	0.831025
35	105	0.825871
35	130	0.851201
35	148	1.60679
35	155	0.827655
35	164	0.850793
35	165	1.5463
35	166	1.8316
35	167	0.845764
35	168	0.856428
35	169	1.75784
35	176	0.849995
35	178	0.861921
36	73	0.855573
36	104	0.832782
36	114	1.12322
36	119	1.21517
36	131	0.874144
36	133	1.10154
36	137	0.868099
36	153	0.832919
36	162	0.873125
36	169	0.805087
36	170	0.806271
36	171	0.825359
36	172	0.765406
36	178	1.02333
37	51	1.55153
37	71	1.5944
37	96	0.861274
37	108	1.82822
37	120	0.785914
37	137	1.78812
37	146	0.897673
37	156	0.882543
37	161	0.880582
37	167	0.906607
37	168	0.917271
37	173	0.678057
37	175	0.672964
37	176	0.910838
38	15	1.56518
38	76	0.834004
38	94	1.46698
38	100	1.62674
38	116	0.883965
38	131	1.84482
38	156	0.868201
38	164	0.897295
38	167	0.892266
38	168	0.902929
38	173	0.663715
38	176	0.896497
38	177	0.680941
38	178	0.908422
39	62	1.70345
39	68	0.983553
39	84	0.747164
39	95	2.00847
39	119	0.966563
39	150	0.961422
39	154	0.980526
39	159	0.783196
39	163	1.42278
39	169	1.74491
39	173	0.743291
39	174	0.733247
39	175	0.738199
39	177	0.760517
40	43	0.874665
40	57	0.918941
40	102	0.85915
40	110	0.724865
40	113	2.01431
40	118	0.916502
40	120	0.773709
40	123	0.877582
40	132	0.830692
40	135	0.701345
40	138	0.937531
40	157	0.481489
40	166	0.562724
40	175	7.26884
41	68	0.939097
41	100	1.23603
41	115	0.733904
41	119	0.922107
41	140	0.967989
41	141	1.8543
41	150	0.916966
41	154	0.93607
41	160	0.882537
41	169	1.75015
41	173	0.698835
41	175	0.693743
41	177	0.716061
41	180	2.01384
42	18	0.890523
42	58	0.892675
42	61	0.910738
42	80	1.1579
42	88	1.11754
42	107	1.16617
42	129	0.890413
42	143	0.852449
42	153	0.833192
42	166	0.811613
42	167	1.00539
42	172	0.765679
42	179	0.742531
42	180	0.79265
43	24	0.855594
43	27	0.769406
43	31	0.833766
43	40	0.874665
43	70	0.87192
43	102	0.851981
43	118	0.909333
43	123	0.870413
43	132	0.823523
43	138	0.930362
43	158	0.706494
43	159	4.19015
43	162	0.990344
43	173	4.64968
44	2	0.306675
44	3	0.818739
44	26	3.88134
44	27	0.771513
44	60	0.872067
44	70	0.874027
44	118	0.911439
44	123	0.87252
44	131	0.539129
44	132	0.82563
44	138	0.932469
44	158	0.708601
44	160	0.84449
44	177	4.48622
45	58	0.78777
45	129	0.785508
45	132	0.663923
45	134	0.721424
45	142	4.18348
45	145	0.725022
45	165	0.732028
45	166	0.706708
45	169	0.700455
45	170	0.701639
45	172	0.660774
45	173	0.538097
45	179	0.637626
45	180	0.687746
46	82	0.803743
46	122	1.30064
46	139	0.849982
46	145	2.20796
46	146	0.834636
46	155	0.825461
46	157	1.77874
46	161	0.817546
46	164	0.8486
46	167	0.843571
46	168	0.854234
46	174	0.604976
46	176	0.847802
46	178	0.859727
46	180	2.0499
47	82	0.827871
47	126	0.661913
47	137	1.47755
47	152	0.838408
47	155	0.849589
47	156	0.843634
47	161	0.841674
47	162	1.5817
47	164	0.872728
47	167	0.867699
47	170	1.85179
47	172	2.26853
47	173	0.639148
47	176	0.87193
47	178	0.883855
48	82	0.780477
48	85	0.854144
48	122	1.15594
48	142	0.8364
48	152	0.791014
48	156	0.79624
48	161	0.79428
48	164	0.825334
48	166	1.71527
48	167	0.820305
48	168	0.830968
48	176	0.824536
48	178	0.836461
48	179	2.53486
48	180	1.9052
49	10	0.769811
49	105	0.844253
49	122	1.53632
49	136	0.854237
49	139	0.870557
49	159	0.6755
49	161	0.838121
49	162	1.73429
49	163	1.69977
49	167	0.864146
49	168	0.87481
49	176	0.868377
49	177	0.652821
49	178	0.880302
49	180	2.28558
50	114	0.809064
50	116	0.981126
50	124	0.885995
50	143	0.970473
50	145	0.947951
50	146	0.937475
50	149	0.959876
50	151	0.976321
50	161	0.933023
50	166	0.929637
50	169	0.923384
50	174	0.750981
50	175	0.755933
50	179	0.860554
50	180	0.910674
51	20	0.774746
51	37	1.55153
51	56	0.970939
51	69	1.27959
51	70	0.00268967
51	83	0.927663
51	108	0.909805
51	126	0.75616
51	143	0.942842
51	163	0.967965
51	167	0.964346
51	169	0.895753
51	170	0.896937
51	179	0.832924
51	180	0.883043
52	28	1.18061
52	92	1.54394
52	96	0.857317
52	111	0.930859
52	127	0.887357
52	128	0.925759
52	136	0.892742
52	145	2.00802
52	149	1.43971
52	152	0.873361
52	163	1.26415
52	167	0.902651
52	168	0.913315
52	176	0.906882
52	178	0.918808
53	54	0.669025
53	110	0.579275
53	120	0.628118
53	121	5.67498
53	151	0.735556
53	153	0.710451
53	158	0.568072
53	160	0.703962
53	166	0.688872
53	170	0.683802
53	171	0.702891
53	172	0.642937
53	173	0.52026
53	174	0.510216
53	179	0.619789
54	53	0.669025
54	68	1.66977
54	86	0.86267
54	89	1.84442
54	97	0.91202
54	134	0.78196
54	147	0.848515
54	164	1.67202
54	170	0.762175
54	171	0.781263
54	172	0.72131
54	173	0.598633
54	177	0.615859
54	179	0.698162
54	180	0.748282
55	8	0.848924
55	32	0.894906
55	62	0.696404
55	65	0.788874
55	66	0.857066
55	69	0.865366
55	110	3.59407
55	121	0.913985
55	140	0.912605
55	150	0.861581
55	154	0.880685
55	158	2.60882
55	159	0.683355
55	174	0.633406
55	175	0.638358
56	51	0.970939
56	81	0.901274
56	112	0.934211
56	114	1.0173
56	130	1.13327
56	141	0.864088
56	156	1.05533
56	165	0.881344
56	166	0.856024
56	168	0.795661
56	169	0.849772
56	170	0.850955
56	171	0.870044
56	176	0.92913
56	179	0.786942
56	180	0.837062
57	40	0.918941
57	70	0.916197
57	102	0.896257
57	113	3.00714
57	118	0.953609
57	120	0.810816
57	123	0.91469
57	132	0.8678
57	135	0.738453
57	138	0.974639
57	144	0.773937
57	157	0.397047
57	158	0.750771
57	160	0.88666
57	171	0.50534
57	173	6.55237
58	32	0.550609
58	42	0.892675
58	45	0.78777
58	127	1.09575
58	129	0.946952
58	131	0.930957
58	144	0.88744
58	146	1.30157
58	153	0.889732
58	156	1.21118
58	165	0.893473
58	169	0.8619
58	170	0.863083
58	172	0.822219
58	176	1.08498
58	179	0.79907
59	68	0.989017
59	86	0.723345
59	113	0.829761
59	121	1.01929
59	140	1.01791
59	150	0.966887
59	151	0.878872
59	154	0.98599
59	158	3.07492
59	159	0.788661
59	170	1.18645
59	173	0.748756
59	174	0.738712
59	175	0.743663
59	177	0.765981
59	179	2.09731
60	11	0.408009
60	16	1.94631
60	44	0.872067
60	73	0.873991
60	132	0.825988
60	138	0.932827
60	140	0.580437
60	144	0.849046
60	150	1.40234
60	154	1.11153
60	164	0.894727
60	165	0.855078
60	168	0.900361
60	176	0.893929
60	178	0.905854
60	180	0.810796
61	42	0.910738
61	85	1.05215
61	97	1.03099
61	111	1.04024
61	119	1.02523
61	141	0.894279
61	148	0.911527
61	158	0.765417
61	161	1.05724
61	165	0.911536
61	166	0.886216
61	170	0.881147
61	175	0.712512
61	176	0.845106
61	179	0.817134
61	180	0.867254
62	13	0.827407
62	32	0.966354
62	39	1.70345
62	55	0.696404
62	107	0.825952
62	119	1.68085
62	128	0.904796
62	138	0.924817
62	140	0.725108
62	147	0.90302
62	160	0.836839
62	168	0.892352
62	170	0.816679
62	171	0.835768
62	176	0.885919
62	178	0.897845
63	14	0.723694
63	28	0.905404
63	87	0.797793
63	107	1.46023
63	128	1.33874
63	141	0.798408
63	149	0.820583
63	151	0.837029
63	160	0.805435
63	165	0.815664
63	169	0.784091
63	170	0.785275
63	172	0.74441
63	176	1.24894
63	178	1.23723
63	180	0.771382
64	109	1.33506
64	113	0.732183
64	124	1.2234
64	125	1.2736
64	129	0.898589
64	142	0.910094
64	145	0.838103
64	149	0.850028
64	157	0.827931
64	165	0.845109
64	166	0.819789
64	171	0.833808
64	172	0.773855
64	179	0.750707
64	180	0.800827
65	24	0.817781
65	55	0.788874
65	77	0.858888
65	142	1.44499
65	143	0.88115
65	148	0.865624
65	163	0.906272
65	167	1.6437
65	169	0.834061
65	170	0.835244
65	172	0.794379
65	173	0.671702
65	174	0.661658
65	177	0.688928
65	178	1.58148
65	179	0.771231
66	20	0.97261
66	21	0.712083
66	32	0.91494
66	55	0.857066
66	90	1.88942
66	113	0.744489
66	121	0.934019
66	144	1.73196
66	150	0.881615
66	151	1.57243
66	154	0.900719
66	159	0.703389
66	172	2.29676
66	173	0.663484
66	174	0.65344
66	175	0.658392
67	110	0.757832
67	131	0.930233
67	139	1.11615
67	140	0.346077
67	146	1.33828
67	148	0.892739
67	151	0.914113
67	155	1.26731
67	156	1.24789
67	160	0.882519
67	165	0.892749
67	166	0.867429
67	169	0.861176
67	172	0.821495
67	177	0.716043
67	179	0.798347
67	180	0.848466
68	6	2.13434
68	18	0.990432
68	39	0.983553
68	41	0.939097
68	54	1.66977
68	59	0.989017
68	75	0.916531
68	114	0.919516
68	119	0.913402
68	150	0.908261
68	160	0.873832
68	162	1.15678
68	170	1.42687
68	173	0.69013
68	174	0.680086
68	175	0.685038
68	177	0.707356
69	27	0.782508
69	51	1.27959
69	55	0.865366
69	86	1.42731
69	100	1.3938
69	106	2.00496
69	118	0.922435
69	132	0.836625
69	138	0.943464
69	140	0.940939
69	146	0.891401
69	150	0.889915
69	154	0.909019
69	170	1.89042
69	174	0.66174
69	175	0.666692
69	178	0.916492
70	3	0.821056
70	7	0.785959
70	43	0.87192
70	44	0.874027
70	51	0.00268967
70	57	0.916197
70	102	0.856405
70	113	3.18343
70	118	0.913757
70	123	0.874838
70	132	0.827948
70	138	0.934787
70	141	0.754204
70	158	0.710919
70	160	0.846808
70	171	0.75087
70	177	6.49412
71	37	1.5944
71	73	0.901169
71	111	1.15184
71	142	0.808508
71	144	0.876224
71	148	0.882247
71	152	1.08424
71	162	0.918722
71	165	0.882257
71	166	0.856937
71	169	0.850684
71	170	0.851867
71	171	0.870956
71	172	0.811003
71	173	0.688325
71	178	0.944995
71	179	0.787854
72	88	1.30198
72	100	0.940057
72	134	0.8796
72	140	0.363715
72	144	0.884172
72	155	1.28495
72	156	1.26553
72	157	0.873026
72	158	0.744085
72	163	0.930843
72	166	0.864885
72	170	0.859815
72	171	0.878904
72	174	0.686229
72	178	1.12762
72	179	0.795802
72	180	0.845922
73	33	0.950211
73	36	0.855573
73	60	0.873991
73	71	0.901169
73	116	1.34215
73	117	0.881158
73	128	1.17171
73	149	0.861563
73	155	1.22753
73	162	0.893109
73	165	0.856644
73	166	0.831324
73	168	0.948444
73	169	0.825071
73	170	0.826254
73	179	0.762241
73	180	0.812361
74	22	0.593541
74	23	0.779999
74	86	0.835338
74	98	0.780425
74	108	0.747711
74	121	1.39406
74	133	2.15185
74	148	0.765223
74	157	0.748054
74	165	0.765232
74	168	1.95188
74	170	0.734843
74	171	0.753932
74	172	0.693979
74	179	0.67083
74	180	0.72095
75	8	0.881744
75	26	0.698317
75	33	0.874867
75	68	0.916531
75	81	1.34779
75	84	0.680143
75	114	0.905656
75	119	0.899542
75	120	3.16844
75	121	0.946805
75	141	1.60176
75	143	1.19922
75	150	0.894401
75	154	0.913504
75	157	1.49014
75	160	0.859971
75	174	0.666226
75	175	0.671177
76	38	0.834004
76	85	0.882547
76	93	0.850374
76	97	1.47199
76	100	1.49923
76	101	0.85206
76	110	0.679172
76	113	0.701163
76	137	1.62161
76	139	0.855119
76	146	0.839774
76	163	1.69123
76	164	0.853737
76	167	0.848708
76	168	0.859372
76	172	2.41259
76	176	0.852939
76	178	0.864865
77	15	0.797046
77	22	0.659293
77	65	0.858888
77	98	0.846177
77	101	1.40461
77	120	0.744911
77	141	0.813729
77	164	1.45465
77	165	0.830985
77	166	0.805665
77	167	1.60069
77	170	0.800596
77	171	0.819684
77	172	0.759731
77	174	0.62701
77	175	0.631962
77	176	1.55019
77	180	0.786703
78	103	1.04651
78	108	0.920393
78	128	0.878686
78	144	0.931881
78	146	1.00548
78	157	0.920735
78	161	1.00103
78	163	0.978553
78	165	0.937914
78	169	0.906341
78	170	0.907525
78	171	0.926613
78	172	0.86666
78	173	0.743983
78	176	0.788893
78	178	0.777176
78	179	0.843512
78	180	0.893631
79	12	0.792265
79	133	0.883698
79	143	1.3359
79	146	0.864589
79	149	1.48772
79	155	0.855413
79	156	0.849458
79	161	0.847498
79	164	0.878552
79	167	0.873523
79	168	0.884187
79	170	1.61677
79	171	1.7351
79	174	0.634928
79	176	0.877754
79	177	0.662198
79	178	0.88968
79	179	2.52764
80	42	1.1579
80	92	1.70287
80	103	0.879017
80	110	0.744363
80	112	1.10552
80	128	0.937007
80	130	0.919336
80	142	0.929994
80	153	1.558
80	156	0.889835
80	161	0.887875
80	163	1.42308
80	164	0.918929
80	167	0.9139
80	168	0.924563
80	171	1.84602
80	176	0.918131
80	178	0.930056
81	5	0.812228
81	21	0.514541
81	56	0.901274
81	75	1.34779
81	99	0.828274
81	110	0.722743
81	134	0.847056
81	136	1.57724
81	137	0.889099
81	147	0.913611
81	149	0.862579
81	153	0.853919
81	156	1.51857
81	170	0.827271
81	171	0.846359
81	175	0.658636
81	178	1.38065
81	180	0.813378
82	23	1.43057
82	35	0.805936
82	46	0.803743
82	47	0.827871
82	48	0.780477
82	89	0.853087
82	96	0.821808
82	112	1.43381
82	147	1.72201
82	152	0.837852
82	156	0.843078
82	157	2.06602
82	158	0.686404
82	164	0.872171
82	167	0.867142
82	170	2.05598
82	173	0.638592
82	176	0.871373
82	178	0.883299
83	8	1.53138
83	25	0.793002
83	51	0.927663
83	122	0.927392
83	147	0.894019
83	148	0.838059
83	154	1.05722
83	155	1.44737
83	157	0.82089
83	159	0.684042
83	163	0.878707
83	164	1.2062
83	165	0.838068
83	168	1.16828
83	171	0.826767
83	172	0.766814
83	173	0.644137
83	179	0.743666
83	180	0.793786
84	39	0.747164
84	75	0.680143
84	93	0.683958
84	97	0.767128
84	98	0.662865
84	104	0.643795
84	126	0.476507
84	138	6.15441
84	140	0.722896
84	150	0.671872
84	155	0.664183
84	159	0.493646
84	168	0.692956
84	172	0.576419
84	173	0.453742
84	174	0.443698
84	176	0.686523
84	178	0.698449
84	180	0.60339
85	48	0.854144
85	61	1.05215
85	76	0.882547
85	86	1.26862
85	105	0.920915
85	108	1.39757
85	111	0.969017
85	135	0.747752
85	144	1.58367
85	156	0.916744
85	161	0.914784
85	164	0.945838
85	167	0.940809
85	170	1.73172
85	174	0.702214
85	175	0.707166
85	176	0.94504
85	178	0.956965
85	180	2.01292
86	54	0.86267
86	59	0.723345
86	69	1.42731
86	74	0.835338
86	85	1.26862
86	112	0.960703
86	128	1.15136
86	147	0.963788
86	148	0.907827
86	149	0.912756
86	162	0.944302
86	163	0.948476
86	167	1.11207
86	169	0.876264
86	171	0.896536
86	172	0.836583
86	174	0.703862
86	176	1.06157
86	177	0.731131
87	1	0.942546
87	20	1.17028
87	63	0.797793
87	100	0.869712
87	107	1.52066
87	142	1.16117
87	149	0.824779
87	151	0.841224
87	162	0.856325
87	164	1.21383
87	165	0.81986
87	166	0.79454
87	169	0.788287
87	170	0.789471
87	171	0.808559
87	172	0.748606
87	176	1.30937
87	179	0.725458
87	180	0.775577
88	17	1.47551
88	35	0.831025
88	42	1.11754
88	72	1.30198
88	116	0.883931
88	127	0.876937
88	130	0.897668
88	133	0.902406
88	142	0.908326
88	151	1.37975
88	152	0.86294
88	160	1.46767
88	164	0.89726
88	167	0.892231
88	168	0.902895
88	172	2.10407
88	173	0.66368
88	176	0.896462
88	177	0.680906
88	178	0.908388
89	10	0.79858
89	12	0.811657
89	54	1.84442
89	82	0.853087
89	95	1.88259
89	104	1.32768
89	117	1.47384
89	125	0.875923
89	129	1.28411
89	130	0.898352
89	152	0.863624
89	155	0.874805
89	161	0.86689
89	164	0.897944
89	167	0.892915
89	168	0.903578
89	169	1.61904
89	174	0.65432
89	176	0.897146
89	178	0.909071
90	14	0.705495
90	17	0.768984
90	66	1.88942
90	92	0.857791
90	112	0.850331
90	133	1.60057
90	146	1.75066
90	151	0.818829
90	160	0.787235
90	163	0.838103
90	165	0.797464
90	169	0.765892
90	170	0.767075
90	171	0.786164
90	174	0.593489
90	175	0.598441
90	178	1.52236
90	179	0.703062
90	180	0.753182
91	19	1.50594
91	122	0.903885
91	127	1.23961
91	129	0.868041
91	130	1.43298
91	134	0.803957
91	141	0.797305
91	147	0.870513
91	151	0.835926
91	153	0.810821
91	157	0.797383
91	161	1.44098
91	163	0.8552
91	169	0.782989
91	171	0.803261
91	172	0.743308
91	174	0.610586
91	176	1.22884
91	179	0.720159
91	180	0.770279
92	3	0.971146
92	17	0.869576
92	20	1.36075
92	52	1.54394
92	80	1.70287
92	90	0.857791
92	98	0.913249
92	112	0.950923
92	118	0.831965
92	137	0.929496
92	149	0.902976
92	154	1.25532
92	158	0.751938
92	169	0.866484
92	170	0.867668
92	171	0.886756
92	172	0.826803
92	173	0.704126
92	179	0.803655
92	180	0.853775
93	76	0.850374
93	84	0.683958
93	103	0.873753
93	111	0.936844
93	133	0.918811
93	137	1.45009
93	139	0.915047
93	146	0.899702
93	151	1.51675
93	152	0.879346
93	153	1.65464
93	158	0.727898
93	160	1.60468
93	161	0.882611
93	162	1.55424
93	167	0.908636
93	171	1.94266
93	175	0.674993
93	176	0.912867
93	178	0.924793
94	23	0.8991
94	38	1.46698
94	95	0.82849
94	96	1.15633
94	98	0.899526
94	106	0.872177
94	131	0.921818
94	136	1.05317
94	142	0.720094
94	146	1.08488
94	149	0.889253
94	152	0.995825
94	157	0.867155
94	158	0.738215
94	166	0.859014
94	169	0.852761
94	170	0.853945
94	171	0.873033
94	179	0.789932
94	180	0.840051
95	39	2.00847
95	89	1.88259
95	94	0.82849
95	131	0.819371
95	135	0.62345
95	143	0.797403
95	147	0.837838
95	151	0.803251
95	152	1.93327
95	154	1.56122
95	157	0.764708
95	159	0.62786
95	163	0.822526
95	166	0.756567
95	169	0.750314
95	170	0.751498
95	171	0.770586
95	172	0.710633
95	177	0.605181
95	179	0.687485
96	37	0.861274
96	52	0.857317
96	82	0.821808
96	94	1.15633
96	101	0.864988
96	124	0.863046
96	127	0.846342
96	142	0.877731
96	144	1.66465
96	146	0.852702
96	148	1.67917
96	152	0.832346
96	156	0.837572
96	157	1.82274
96	160	1.59305
96	163	1.50809
96	167	0.861636
96	168	0.8723
96	176	0.865867
96	178	0.877793
97	23	0.971952
97	34	1.24723
97	54	0.91202
97	61	1.03099
97	76	1.47199
97	84	0.767128
97	99	0.9278
97	140	0.225195
97	141	0.93993
97	142	0.852609
97	157	0.940008
97	158	0.811067
97	163	0.997825
97	167	1.05132
97	171	0.945886
97	172	0.885932
97	175	0.758163
97	176	1.00081
97	177	0.780481
97	178	0.989097
97	180	0.912904
98	30	1.78581
98	74	0.780425
98	77	0.846177
98	84	0.662865
98	92	0.913249
98	94	0.899526
98	107	1.20951
98	117	0.877438
98	129	0.906403
98	131	0.890407
98	148	0.852913
98	150	1.04451
98	162	0.889388
98	166	0.827603
98	167	1.04873
98	168	0.864755
98	169	0.82135
98	171	0.841622
98	176	0.998224
98	179	0.758521
98	180	0.80864
99	2	0.792286
99	31	0.681306
99	81	0.828274
99	97	0.9278
99	127	1.70626
99	131	0.845828
99	148	0.808335
99	149	0.813264
99	151	0.829709
99	159	0.654318
99	162	0.844809
99	163	0.848983
99	164	1.59995
99	165	0.808344
99	168	1.56203
99	169	0.776772
99	171	0.797044
99	174	0.604369
99	177	0.631639
99	178	1.68378
99	180	0.764062
100	15	0.853644
100	33	0.896356
100	38	1.62674
100	41	1.23603
100	69	1.3938
100	72	0.940057
100	76	1.49923
100	87	0.869712
100	105	1.26482
100	131	0.925067
100	140	0.252439
100	143	0.9031
100	144	0.881551
100	147	0.943535
100	157	0.870405
100	162	0.924049
100	165	0.887584
100	166	0.862264
100	169	0.856011
100	172	0.81633
100	179	0.793181
100	180	0.843301
101	34	0.959401
101	76	0.85206
101	77	1.40461
101	96	0.864988
101	117	1.25141
101	125	0.89333
101	141	1.50076
101	142	0.926416
101	146	0.901387
101	153	1.2094
101	155	0.892212
101	158	0.729583
101	161	0.884296
101	164	0.91535
101	167	0.910321
101	168	0.920985
101	169	1.39661
101	176	0.914552
101	177	0.698996
101	178	0.926478
101	179	2.28996
101	180	1.6603
102	3	0.801117
102	22	0.665407
102	24	1.69116
102	27	0.753891
102	31	0.818251
102	40	0.85915
102	43	0.851981
102	57	0.896257
102	70	0.856405
102	104	0.83322
102	107	0.815982
102	115	6.14924
102	118	0.893818
102	122	0.385591
102	123	0.854898
102	132	0.808008
102	138	0.914847
102	158	0.690979
102	160	0.826869
102	163	0.549041
102	172	1.2704
102	180	1.13485
103	15	1.22412
103	78	1.04651
103	80	0.879017
103	93	0.873753
103	109	0.826894
103	112	1.16012
103	113	0.724541
103	116	0.863787
103	120	0.751394
103	124	0.873497
103	128	0.895195
103	155	0.853977
103	156	0.848022
103	164	0.877116
103	166	1.87356
103	168	0.882751
103	173	0.643536
103	175	0.638444
103	176	0.876318
103	178	0.888244
103	179	2.69315
103	180	2.06349
104	7	1.22243
104	16	0.859848
104	36	0.832782
104	84	0.643795
104	89	1.32768
104	102	0.83322
104	115	0.67499
104	118	0.890573
104	123	0.851653
104	134	0.823249
104	138	0.911602
104	153	0.830112
104	154	0.877156
104	155	1.39645
104	156	1.37703
104	159	0.679827
104	166	0.808533
104	167	1.30134
104	168	1.11736
104	175	0.634829
104	177	0.657148
104	178	1.23912
104	180	0.789571
105	30	0.786165
105	35	0.825871
105	49	0.844253
105	85	0.920915
105	100	1.26482
105	128	0.910184
105	130	0.892514
105	136	0.877168
105	139	0.893488
105	142	0.903171
105	143	1.48056
105	148	1.6279
105	151	1.45386
105	152	0.857786
105	155	0.868967
105	161	0.861052
105	163	1.45682
105	166	1.85271
105	167	0.887077
105	168	0.89774
105	169	1.77895
105	174	0.648482
105	178	0.903233
106	13	0.805913
106	69	2.00496
106	94	0.872177
106	126	0.654408
106	132	0.787752
106	135	0.667137
106	136	1.82409
106	145	0.818568
106	149	0.830493
106	151	0.846938
106	153	0.821833
106	154	1.39469
106	162	0.862039
106	163	0.866213
106	168	1.50575
106	169	0.794001
106	171	0.814273
106	172	0.75432
106	174	0.621599
106	175	0.62655
106	179	0.731172
106	180	0.781291
107	7	1.20519
107	42	1.16617
107	62	0.825952
107	63	1.46023
107	87	1.52066
107	98	1.20951
107	102	0.815982
107	116	0.842934
107	121	0.893218
107	123	0.834415
107	132	0.787525
107	134	1.52629
107	140	0.891838
107	150	0.840814
107	154	0.859918
107	155	0.833125
107	156	0.82717
107	160	0.806385
107	163	1.43135
107	168	0.861898
107	169	1.75347
107	176	0.855465
107	178	0.867391
108	18	0.8738
108	37	1.82822
108	51	0.909805
108	74	0.747711
108	78	0.920393
108	85	1.39757
108	127	1.20129
108	143	0.835726
108	144	0.814177
108	148	0.8202
108	150	1.23682
108	153	0.816469
108	154	0.946004
108	161	1.40266
108	162	0.856675
108	163	0.860849
108	165	0.82021
108	166	0.79489
108	170	0.789821
108	171	0.808909
108	172	0.748956
108	173	0.626279
108	179	0.725808
109	10	0.767442
109	64	1.33506
109	103	0.826894
109	127	0.846482
109	136	0.851867
109	139	0.868188
109	142	0.877871
109	146	0.852842
109	151	1.49385
109	152	0.832486
109	156	0.837712
109	160	1.58178
109	161	0.835752
109	162	1.53134
109	164	0.866805
109	168	0.87244
109	174	0.623182
109	175	0.628133
109	176	0.866007
109	177	0.650451
109	178	0.877933
109	179	2.71229
109	180	2.08263
110	11	2.14192
110	32	3.86402
110	40	0.724865
110	53	0.579275
110	55	3.59407
110	67	0.757832
110	76	0.679172
110	80	0.744363
110	81	0.722743
110	118	0.759534
110	123	0.720614
110	132	0.673724
110	135	0.544377
110	138	0.780563
110	152	0.708143
110	153	0.699073
110	163	0.743453
110	164	0.742462
110	167	0.737434
110	171	0.691513
110	173	0.508883
110	174	0.498839
110	176	0.741664
110	180	0.658531
111	4	1.18983
111	30	0.834267
111	34	0.984258
111	52	0.930859
111	61	1.04024
111	71	1.15184
111	85	0.969017
111	93	0.936844
111	112	1.09763
111	113	0.787632
111	124	0.936588
111	126	0.729392
111	136	0.925269
111	137	1.34556
111	142	0.951273
111	151	1.41222
111	161	0.909153
111	164	0.940207
111	167	0.935178
111	171	1.83813
111	176	0.939409
111	177	0.723853
111	178	0.951335
111	180	2.001
112	56	0.934211
112	80	1.10552
112	82	1.43381
112	86	0.960703
112	90	0.850331
112	92	0.950923
112	103	1.16012
112	111	1.09763
112	119	1.08263
112	131	0.928081
112	143	0.906114
112	144	0.884564
112	147	0.946548
112	152	1.03003
112	153	0.886856
112	155	1.04812
112	162	0.927062
112	166	0.865277
112	169	0.859024
112	170	0.860208
112	171	0.879296
112	172	0.819343
112	177	0.713892
112	178	0.890787
112	179	0.796195
113	25	0.679739
113	40	2.01431
113	57	3.00714
113	59	0.829761
113	64	0.732183
113	66	0.744489
113	70	3.18343
113	76	0.701163
113	103	0.724541
113	111	0.787632
113	114	0.760259
113	132	0.024422
113	134	0.7142
113	137	0.756244
113	141	0.707548
113	150	0.749004
113	151	0.746169
113	154	0.768108
113	168	0.770088
113	174	0.52083
113	176	0.763655
113	177	0.548099
113	178	0.775581
113	179	0.630403
114	2	1.81543
114	8	0.884728
114	11	1.01615
114	21	0.727853
114	33	0.877852
114	36	1.12322
114	50	0.809064
114	56	1.0173
114	68	0.919516
114	75	0.905656
114	113	0.760259
114	119	0.902526
114	121	0.949789
114	137	1.23861
114	140	0.948409
114	150	0.897385
114	153	1.44315
114	154	0.916489
114	158	3.50132
114	159	0.719159
114	160	0.862956
114	173	0.679254
114	174	0.66921
114	175	0.674162
114	177	0.69648
115	20	0.794062
115	41	0.733904
115	102	6.14924
115	104	0.67499
115	117	0.703383
115	130	0.718925
115	135	0.520431
115	138	2.00518
115	142	0.729583
115	150	0.703068
115	154	0.722172
115	156	0.689423
115	157	0.66169
115	160	0.668639
115	162	0.715333
115	164	0.718517
115	172	0.607614
115	173	0.484937
115	174	0.474893
115	175	0.479845
115	176	0.717719
115	177	0.502163
115	178	0.729644
115	180	0.634586
116	18	1.34847
116	38	0.883965
116	50	0.981126
116	73	1.34215
116	88	0.883931
116	103	0.863787
116	107	0.842934
116	124	0.90008
116	125	0.881678
116	128	0.921777
116	129	1.4675
116	133	0.908844
116	139	0.905081
116	143	1.50403
116	146	0.889735
116	152	0.869379
116	155	0.88056
116	163	1.48029
116	167	0.89867
116	168	0.909333
116	170	1.78491
116	171	1.90324
116	173	0.670119
116	174	0.660075
116	176	0.902901
116	178	0.914826
117	2	0.846187
117	25	0.81718
117	73	0.881158
117	89	1.47384
117	98	0.877438
117	101	1.25141
117	115	0.703383
117	128	1.48679
117	138	0.121392
117	139	1.39145
117	141	0.844989
117	143	0.877762
117	145	0.85524
117	150	1.44328
117	161	1.60913
117	162	0.898711
117	163	0.902884
117	166	0.836926
117	169	0.830673
117	170	0.831856
117	171	0.850945
117	172	0.790992
117	174	0.65827
117	177	0.68554
117	179	0.767843
117	180	0.817963
118	3	0.858469
118	7	0.761665
118	27	0.811243
118	31	0.875603
118	40	0.916502
118	43	0.909333
118	44	0.911439
118	57	0.953609
118	69	0.922435
118	70	0.913757
118	92	0.831965
118	102	0.893818
118	104	0.890573
118	110	0.759534
118	123	0.91225
118	126	6.00205
118	132	0.86536
118	135	0.736013
118	137	0.448451
118	138	0.972199
118	158	0.748331
118	173	6.54447
118	174	7.79526
118	175	8.25376
118	177	6.30992
118	179	0.74858
119	8	0.878614
119	11	1.01004
119	16	0.893067
119	24	0.819219
119	33	0.871738
119	36	1.21517
119	39	0.966563
119	41	0.922107
119	61	1.02523
119	62	1.68085
119	68	0.913402
119	75	0.899542
119	112	1.08263
119	114	0.902526
119	121	0.943675
119	126	0.695906
119	140	0.942295
119	147	1.37083
119	150	0.891271
119	154	0.910375
119	159	0.713045
119	169	1.72231
119	170	1.7048
119	172	2.12154
119	173	0.673141
119	175	0.668048
119	177	0.690366
120	6	0.682895
120	21	1.17765
120	37	0.785914
120	40	0.773709
120	53	0.628118
120	57	0.810816
120	75	3.16844
120	77	0.744911
120	103	0.751394
120	123	0.769457
120	127	0.770982
120	132	0.722567
120	135	0.59322
120	138	0.829406
120	140	2.4374
120	154	2.96849
120	158	0.605538
120	161	0.760252
120	164	0.791306
120	166	0.726337
120	170	0.721268
120	173	0.557726
120	175	0.552634
120	177	0.574952
120	178	0.802433
120	179	0.657255
121	4	0.872571
121	32	0.971859
121	33	0.919001
121	53	5.67498
121	55	0.913985
121	59	1.01929
121	66	0.934019
121	74	1.39406
121	75	0.946805
121	107	0.893218
121	114	0.949789
121	119	0.943675
121	126	0.743168
121	129	0.515974
121	131	0.554855
121	140	0.989558
121	145	1.27264
121	150	0.938534
121	154	0.957638
121	159	0.760308
121	160	0.904105
121	163	0.528772
121	165	0.639364
121	173	0.720403
121	174	0.710359
121	175	0.715311
121	179	1.74425
121	180	1.11459
122	34	1.30302
122	46	1.30064
122	48	1.15594
122	49	1.53632
122	83	0.927392
122	91	0.903885
122	102	0.385591
122	131	0.964538
122	134	0.91645
122	136	1.24148
122	137	0.958493
122	142	0.908405
122	144	0.921022
122	151	0.948419
122	156	1.18281
122	158	0.780936
122	162	0.963519
122	163	0.967693
122	165	0.927054
122	166	0.901735
122	168	0.923141
122	169	0.895482
122	170	0.896665
122	173	0.733123
122	174	0.723079
122	175	0.728031
122	179	0.832652
122	180	0.882772
123	3	0.819549
123	4	0.813768
123	7	0.796127
123	18	0.140539
123	27	0.772324
123	31	0.836684
123	40	0.877582
123	43	0.870413
123	44	0.87252
123	57	0.91469
123	70	0.874838
123	102	0.854898
123	104	0.851653
123	107	0.834415
123	110	0.720614
123	118	0.91225
123	120	0.769457
123	132	0.826441
123	135	0.697094
123	138	0.933279
123	145	0.408568
123	158	0.709412
123	160	0.845301
123	163	0.802226
123	166	0.590444
123	169	0.516687
123	171	0.617502
123	173	6.67606
123	174	7.92685
124	24	0.825908
124	30	0.807469
124	50	0.885995
124	64	1.2234
124	96	0.863046
124	103	0.873497
124	111	0.936588
124	116	0.90008
124	125	0.891389
124	136	0.898471
124	139	0.914791
124	143	1.4089
124	146	0.899446
124	148	1.55624
124	149	1.56073
124	152	0.87909
124	156	0.884316
124	161	0.882355
124	163	1.38516
124	164	0.913409
124	167	0.90838
124	168	0.919044
124	170	1.68978
124	171	1.80811
124	172	2.10652
124	173	0.67983
124	174	0.669785
124	176	0.912611
124	178	0.924537
125	9	0.916359
125	64	1.2736
125	89	0.875923
125	101	0.89333
125	116	0.881678
125	124	0.891389
125	128	0.913086
125	129	1.42256
125	130	0.895415
125	133	0.900153
125	134	1.5303
125	142	0.906073
125	147	1.406
125	148	1.60644
125	152	0.860688
125	155	0.871869
125	156	0.865914
125	157	1.75001
125	159	0.701332
125	160	1.52032
125	161	0.863953
125	164	0.895007
125	165	1.54595
125	167	0.889978
125	168	0.900642
125	169	1.75749
125	173	0.661428
125	176	0.894209
125	178	0.906135
126	47	0.661913
126	51	0.75616
126	84	0.476507
126	106	0.654408
126	111	0.729392
126	118	6.00205
126	119	0.695906
126	121	0.743168
126	129	0.720045
126	132	3.02725
126	136	0.691275
126	140	0.741788
126	141	0.649308
126	144	0.660532
126	145	0.659559
126	146	0.69225
126	148	0.666555
126	149	0.671484
126	150	0.690764
126	154	0.709868
126	173	0.472634
126	174	0.46259
126	175	0.467541
126	176	0.705415
126	177	0.489859
126	178	0.717341
127	19	0.879734
127	29	0.858227
127	52	0.887357
127	58	1.09575
127	88	0.876937
127	91	1.23961
127	96	0.846342
127	99	1.70626
127	108	1.20129
127	109	0.846482
127	120	0.770982
127	128	0.914783
127	130	0.897112
127	133	0.90185
127	135	0.698619
127	144	1.38739
127	146	0.882741
127	152	0.862385
127	155	0.873566
127	156	0.867611
127	161	0.865651
127	162	1.26535
127	166	1.62671
127	167	0.891676
127	168	0.902339
127	170	1.53544
127	174	0.653081
127	176	0.895906
127	178	0.907832
127	179	2.4463
128	52	0.925759
128	62	0.904796
128	63	1.33874
128	73	1.17171
128	78	0.878686
128	80	0.937007
128	86	1.15136
128	103	0.895195
128	105	0.910184
128	116	0.921777
128	117	1.48679
128	125	0.913086
128	127	0.914783
128	130	0.935514
128	131	1.33594
128	133	0.940252
128	136	0.920168
128	139	0.936489
128	147	1.28049
128	155	0.911968
128	158	0.749339
128	163	1.30985
128	167	0.930078
128	168	0.940741
128	172	2.03121
128	173	0.701527
128	174	0.691483
128	176	0.934309
128	177	0.718753
128	178	0.946234
128	180	1.89567
129	6	0.822449
129	17	0.86273
129	18	0.944801
129	19	1.48436
129	25	0.846145
129	34	1.45368
129	42	0.890413
129	45	0.785508
129	58	0.946952
129	64	0.898589
129	89	1.28411
129	91	0.868041
129	98	0.906403
129	116	1.4675
129	121	0.515974
129	125	1.42256
129	126	0.720045
129	149	0.89613
129	151	0.912575
129	157	0.874032
129	163	0.93185
129	164	1.11172
129	166	0.865891
129	169	0.859638
129	172	0.819957
129	174	0.687236
129	176	1.20726
129	178	1.19554
129	179	0.796809
129	180	0.846928
130	1	0.951177
130	12	0.831149
130	35	0.851201
130	56	1.13327
130	80	0.919336
130	88	0.897668
130	89	0.898352
130	91	1.43298
130	105	0.892514
130	115	0.718925
130	125	0.895415
130	127	0.897112
130	128	0.935514
130	136	0.902498
130	141	1.85047
130	146	0.903472
130	147	1.39484
130	152	0.883116
130	155	0.894297
130	156	0.888342
130	159	0.723761
130	160	1.50916
130	161	0.886382
130	163	1.4242
130	165	1.53479
130	167	0.912407
130	168	0.92307
130	169	1.74632
130	171	1.84714
130	173	0.683856
130	176	0.916638
130	178	0.928563
131	19	1.52324
131	23	0.889981
131	34	1.49256
131	36	0.874144
131	38	1.84482
131	44	0.539129
131	58	0.930957
131	67	0.930233
131	94	0.921818
131	95	0.819371
131	98	0.890407
131	99	0.845828
131	100	0.925067
131	112	0.928081
131	121	0.554855
131	122	0.964538
131	128	1.33594
131	133	1.31264
131	138	0.436721
131	141	0.857958
131	144	0.869182
131	146	1.46273
131	153	0.871474
131	157	0.858036
131	161	1.45828
131	162	0.91168
131	163	0.915854
131	169	0.843642
131	170	0.844826
131	172	0.803961
131	177	0.698509
131	179	0.780813
132	3	0.772659
132	4	0.766878
132	7	0.749237
132	22	0.636949
132	27	0.725434
132	31	2.02053
132	40	0.830692
132	43	0.823523
132	44	0.82563
132	45	0.663923
132	57	0.8678
132	60	0.825988
132	69	0.836625
132	70	0.827948
132	102	0.808008
132	106	0.787752
132	107	0.787525
132	110	0.673724
132	113	0.024422
132	118	0.86536
132	120	0.722567
132	123	0.826441
132	126	3.02725
132	135	0.650204
132	138	0.88639
132	149	0.544155
132	158	0.662522
132	159	3.11014
132	160	0.798411
132	174	4.82045
132	175	5.27895
132	177	3.33511
133	36	1.10154
133	74	2.15185
133	79	0.883698
133	88	0.902406
133	90	1.60057
133	93	0.918811
133	116	0.908844
133	125	0.900153
133	127	0.90185
133	128	0.940252
133	131	1.31264
133	136	0.907236
133	139	0.923556
133	143	1.31029
133	144	1.44312
133	149	1.46211
133	151	1.28359
133	152	0.887854
133	153	1.42147
133	155	0.899035
133	156	0.89308
133	159	0.728499
133	161	0.89112
133	164	0.922174
133	165	1.39715
133	167	0.917145
133	168	0.927808
133	173	0.688594
133	174	0.67855
133	176	0.921376
133	177	0.70582
133	178	0.933301
134	5	0.781694
134	10	1.60038
134	29	1.39127
134	45	0.721424
134	54	0.78196
134	72	0.8796
134	81	0.847056
134	91	0.803957
134	104	0.823249
134	107	1.52629
134	113	0.7142
134	122	0.91645
134	125	1.5303
134	137	0.858566
134	139	1.30946
134	141	0.80987
134	145	0.820121
134	148	0.827117
134	151	0.848491
134	152	1.44253
134	153	0.823386
134	157	0.809948
134	161	1.52714
134	162	0.863592
134	163	0.867765
134	165	0.827127
134	172	0.755873
134	175	0.628103
134	176	1.315
134	177	0.650421
134	179	0.732724
134	180	0.782844
135	6	0.610532
135	21	5.60246
135	26	0.50741
135	31	0.660447
135	40	0.701345
135	57	0.738453
135	85	0.747752
135	95	0.62345
135	106	0.667137
135	110	0.544377
135	115	0.520431
135	118	0.736013
135	120	0.59322
135	123	0.697094
135	127	0.698619
135	132	0.650204
135	136	0.704004
135	138	0.757043
135	140	6.8622
135	145	0.672288
135	167	0.713913
135	168	0.724577
135	170	0.648905
135	171	0.667993
135	173	0.485363
135	174	0.475319
135	175	0.48027
135	176	0.718144
135	177	0.502588
135	178	0.73007
135	179	0.584892
135	180	0.635011
136	28	1.3214
136	34	0.946141
136	49	0.854237
136	52	0.892742
136	81	1.57724
136	94	1.05317
136	105	0.877168
136	106	1.82409
136	109	0.851867
136	111	0.925269
136	122	1.24148
136	124	0.898471
136	126	0.691275
136	128	0.920168
136	130	0.902498
136	133	0.907236
136	135	0.704004
136	143	1.42867
136	152	0.86777
136	153	1.53985
136	155	0.878951
136	156	0.872996
136	161	0.871036
136	164	0.90209
136	165	1.51552
136	166	1.80082
136	167	0.897061
136	168	0.907725
136	170	1.70954
136	173	0.66851
136	175	0.663418
136	176	0.901292
136	177	0.685736
136	178	0.913217
137	5	0.823737
137	7	1.01223
137	13	0.849509
137	23	0.883936
137	36	0.868099
137	37	1.78812
137	47	1.47755
137	76	1.62161
137	81	0.889099
137	92	0.929496
137	93	1.45009
137	111	1.34556
137	113	0.756244
137	114	1.23861
137	118	0.448451
137	122	0.958493
137	134	0.858566
137	141	0.851913
137	144	0.863137
137	145	0.862164
137	153	0.865429
137	155	1.29605
137	157	0.851991
