1	33	0.876537
1	75	1.33135
1	105	0.805369
1	163	0.708158
1	166	0.70623
1	167	0.724523
1	168	0.704703
1	172	0.712451
1	173	0.721014
1	178	0.709526
1	179	0.707625
1	180	0.699198
2	8	0.797421
2	24	0.696925
2	34	0.695662
2	45	0.773229
2	52	0.753893
2	53	0.753046
2	134	0.69461
2	146	3.07133
2	148	0.707896
2	149	0.702481
2	176	0.662895
2	178	5.08485
3	5	0.712226
3	12	0.71378
3	13	0.71069
3	15	0.712298
3	20	0.709661
3	33	0.770653
3	66	0.795955
3	108	0.707901
3	144	0.71936
3	146	0.687383
3	171	4.57676
3	173	3.47172
4	30	0.106201
4	74	0.742079
4	117	0.256132
4	154	0.799473
4	164	0.771147
4	169	0.81389
4	173	0.821495
4	176	0.808284
4	177	0.770835
4	178	0.810007
4	179	0.808106
4	180	0.799679
5	3	0.712226
5	12	0.70614
5	13	0.70305
5	15	0.704657
5	23	0.765158
5	33	0.763012
5	66	0.788315
5	108	0.70026
5	135	3.58354
5	137	3.85932
5	144	0.71172
5	146	0.679743
6	22	1.22405
6	27	0.715079
6	29	0.888252
6	38	0.789542
6	39	0.773169
6	40	0.716877
6	98	0.891759
6	132	12.4
6	145	0.718273
6	153	2.19663
6	174	0.758814
7	61	1.7461
7	76	0.105476
7	161	0.738054
7	167	0.73531
7	171	0.728682
7	172	0.723238
7	173	0.731801
7	175	0.720501
7	177	0.681141
7	178	0.720313
7	179	0.718412
7	180	0.709985
8	2	0.797421
8	24	0.783944
8	34	0.782682
8	42	5.6
8	45	0.860249
8	52	0.840913
8	53	0.840066
8	129	1.73176
8	148	0.794916
8	149	0.789501
8	159	2.23668
8	176	0.749915
9	51	0.77092
9	67	0.728107
9	77	0.773378
9	83	0.743923
9	101	0.704068
9	103	0.701024
9	106	0.692918
9	107	0.732767
9	109	2.58698
9	113	0.717468
9	149	4.48316
9	174	0.658966
10	126	2.02394
10	135	0.694999
10	148	0.691864
10	161	0.666327
10	168	0.643763
10	169	0.652469
10	173	0.660074
10	175	0.648774
10	177	0.609413
10	178	0.648586
10	179	0.646685
10	180	0.638258
11	110	0.728387
11	114	0.767626
11	119	0.718915
11	121	0.708728
11	122	0.743389
11	123	0.751428
11	124	0.747433
11	126	0.739595
11	127	1.8822
11	165	0.646064
11	176	0.660322
11	179	5.64469
12	3	0.71378
12	5	0.70614
12	13	0.704603
12	15	0.706211
12	20	0.703574
12	33	0.764566
12	66	0.789868
12	68	3.71914
12	99	0.730732
12	141	3.23237
12	144	0.713273
12	146	0.681296
13	3	0.71069
13	5	0.70305
13	12	0.704603
13	15	0.703121
13	20	0.700484
13	23	0.763622
13	33	0.761476
13	66	0.786779
13	144	0.710184
13	146	0.678206
13	174	3.43754
13	175	4.24969
14	88	0.818646
14	96	0.803946
14	101	0.79778
14	103	0.794736
14	106	0.786631
14	107	0.826479
14	111	0.817321
14	113	0.81118
14	129	1.8886
14	154	4.22394
14	165	4.15367
14	174	0.752678
15	3	0.712298
15	5	0.704657
15	12	0.706211
15	13	0.703121
15	20	0.702091
15	23	0.765229
15	66	0.788386
15	99	0.729249
15	139	3.63621
15	144	0.711791
15	145	3.91062
15	146	0.679814
16	46	1.45059
16	65	0.742105
16	76	0.791862
16	81	0.488564
16	104	0.709302
16	121	0.729841
16	126	0.760708
16	158	0.787392
16	176	0.681435
16	177	0.643985
16	179	0.681257
16	180	0.67283
17	46	0.759129
17	85	0.821143
17	87	0.809321
17	93	0.810953
17	95	0.802107
17	97	0.83962
17	108	0.780903
17	143	2.72339
17	150	0.750374
17	151	1.64222
17	158	0.846587
17	175	4.55744
18	58	0.754269
18	70	0.738124
18	74	0.726015
18	82	0.70807
18	91	0.747418
18	102	0.761991
18	128	0.720958
18	144	0.724174
18	149	1.79218
18	150	0.682185
18	165	0.658183
18	168	6.05524
19	27	0.968946
19	65	1.59721
19	160	0.738419
19	161	0.74354
19	164	0.686939
19	169	0.729682
19	172	0.728724
19	175	0.725987
19	177	0.686626
19	178	0.725799
19	179	0.723898
19	180	0.715471
20	3	0.709661
20	12	0.703574
20	13	0.700484
20	15	0.702091
20	23	0.762592
20	33	0.760446
20	66	0.785749
20	108	0.697694
20	133	3.17068
20	144	0.709154
20	146	0.677177
20	170	4.8703
21	60	0.842271
21	73	0.785266
21	80	0.811927
21	81	0.828828
21	82	0.769472
21	89	0.806547
21	102	0.823393
21	141	1.36631
21	144	0.785576
21	165	0.719585
21	176	2.77694
21	179	4.65588
22	6	1.22405
22	27	0.634863
22	30	0.787928
22	31	0.88563
22	38	0.790895
22	39	0.774523
22	40	0.636661
22	41	5.6
22	128	0.728169
22	145	0.719626
22	173	1.73626
22	174	0.678598
22	179	2.64286
23	5	0.765158
23	13	0.763622
23	15	0.765229
23	20	0.762592
23	33	0.823584
23	66	0.848887
23	99	0.78975
23	108	0.760832
23	135	3.40162
23	136	2.76075
23	144	0.772292
23	146	0.740314
23	151	3.05397
24	2	0.696925
24	8	0.783944
24	34	0.682185
24	45	0.759752
24	52	0.740416
24	53	0.739569
24	116	0.704937
24	127	2.56017
24	134	0.681133
24	148	0.694419
24	149	0.689004
24	150	5.27551
24	176	0.649418
25	37	2.62025
25	75	0.833492
25	83	0.806491
25	86	2.89363
25	88	0.787502
25	92	0.78553
25	103	0.763592
25	106	0.755486
25	107	0.795335
25	111	0.786176
25	113	0.780036
25	136	3.16474
25	174	0.721534
26	71	0.697297
26	72	2.69719
26	78	0.690163
26	85	0.726381
26	87	0.714559
26	93	0.716191
26	94	0.713095
26	95	0.707345
26	97	0.744858
26	108	0.686141
26	149	0.685454
26	155	4.69273
26	158	0.751825
27	6	0.715079
27	19	0.968946
27	22	0.634863
27	29	0.666198
27	30	0.678874
27	31	0.776576
27	38	0.681841
27	39	0.665469
27	40	1.1409
27	128	0.619115
27	145	0.610572
27	171	6.01229
27	174	0.569543
28	47	0.726139
28	50	0.725183
28	54	0.719119
28	57	0.718472
28	65	0.705159
28	69	0.717856
28	76	0.754917
28	98	2.20783
28	132	0.602577
28	144	0.696222
28	152	0.716483
28	158	0.750446
28	176	5.27253
29	6	0.888252
29	27	0.666198
29	30	0.819263
29	31	0.916964
29	38	0.82223
29	39	0.805858
29	40	0.667996
29	128	0.759504
29	136	2.24612
29	145	0.750961
29	146	4.14997
29	148	3.22875
29	174	0.709932
30	4	0.106201
30	22	0.787928
30	27	0.678874
30	29	0.819263
30	31	0.929641
30	38	0.834906
30	39	0.818534
30	40	0.680672
30	100	2.17554
30	128	0.77218
30	145	0.763637
30	163	5.3426
30	174	0.722608
31	22	0.88563
31	27	0.776576
31	29	0.916964
31	30	0.929641
31	38	0.932608
31	39	0.916236
31	40	0.778374
31	145	0.861339
31	148	2.17822
31	163	3.21347
31	167	2.2996
31	171	3.44425
31	174	0.82031
32	60	0.752617
32	73	0.695612
32	74	0.697762
32	80	0.722272
32	81	0.739174
32	89	0.716892
32	91	0.719166
32	102	0.733738
32	140	3.38665
32	150	0.653933
32	152	0.716182
32	165	0.629931
32	176	4.53658
33	1	0.876537
33	3	0.770653
33	5	0.763012
33	12	0.764566
33	13	0.761476
33	20	0.760446
33	23	0.823584
33	66	0.846741
33	99	0.787604
33	139	2.43326
33	144	0.770146
33	146	0.738169
33	172	4.7338
34	2	0.695662
34	8	0.782682
34	24	0.682185
34	45	0.75849
34	52	0.739154
34	53	0.738307
34	116	0.703675
34	133	2.26123
34	134	0.67987
34	148	0.693157
34	149	0.687742
34	154	6.5798
34	176	0.648156
35	98	1.95686
35	108	0.779399
35	110	0.80719
35	119	0.797718
35	121	0.787532
35	122	0.822192
35	124	0.826237
35	126	0.818399
35	132	0.697213
35	156	2.70495
35	165	0.724867
35	170	5.66464
35	176	0.739126
36	126	2.42394
36	137	0.690648
36	154	0.641243
36	161	0.669518
36	164	0.612917
36	167	0.666773
36	171	0.660146
36	172	0.654702
36	175	0.651965
36	177	0.612604
36	178	0.651776
36	179	0.649876
36	180	0.641449
37	25	2.62025
37	92	1.21367
37	137	0.743618
37	157	0.724347
37	159	0.720106
37	167	0.719744
37	172	0.707673
37	173	0.716236
37	175	0.704935
37	177	0.665575
37	178	0.704747
37	179	0.702846
37	180	0.694419
38	6	0.789542
38	22	0.790895
38	27	0.681841
38	29	0.82223
38	30	0.834906
38	31	0.932608
38	39	0.821501
38	40	0.683639
38	86	2.15229
38	129	2.74861
38	145	0.766605
38	161	4.07048
38	174	0.725576
39	6	0.773169
39	22	0.774523
39	27	0.665469
39	29	0.805858
39	30	0.818534
39	31	0.916236
39	38	0.821501
39	40	0.667267
39	128	0.758775
39	130	2.48267
39	145	0.750232
39	157	3.65371
39	174	0.709203
39	176	3.24754
40	6	0.716877
40	22	0.636661
40	27	1.1409
40	29	0.667996
40	30	0.680672
40	31	0.778374
40	38	0.683639
40	39	0.667267
40	104	3.54534
40	128	0.620913
40	145	0.61237
40	150	2.10635
40	168	4.74238
40	174	1.18463
41	22	5.6
41	133	0.682204
41	155	0.672611
41	160	0.651923
41	161	0.657044
41	162	0.657161
41	167	0.6543
41	170	0.630357
41	172	0.642228
41	173	0.650791
41	177	0.600131
41	178	0.639303
41	179	0.637402
41	180	0.628975
42	8	5.6
42	59	0.652341
42	130	0.719178
42	157	0.660405
42	160	0.653425
42	168	0.635982
42	169	0.644688
42	170	0.631859
42	171	0.649174
42	172	0.64373
42	175	0.640993
42	177	0.601632
42	179	0.638904
42	180	0.630477
43	61	0.757274
43	62	0.758454
43	110	0.767602
43	114	0.806841
43	119	0.75813
43	121	0.747943
43	122	0.782604
43	123	0.790642
43	124	0.786648
43	126	0.77881
43	146	3.78023
43	155	3.0305
43	156	3.14084
43	176	0.699537
44	84	0.717312
44	110	0.7659
44	117	0.79815
44	119	0.756428
44	121	0.746242
44	122	0.780903
44	123	0.788941
44	124	0.784947
44	126	0.777109
44	147	2.68239
44	158	0.803793
44	168	4.56523
44	175	2.96784
44	176	0.697836
45	2	0.773229
45	8	0.860249
45	24	0.759752
45	34	0.75849
45	52	0.816721
45	53	0.815874
45	109	1.83588
45	125	3.0195
45	134	0.757437
45	147	5.09558
45	148	0.770724
45	149	0.765309
45	176	0.725723
46	16	1.45059
46	17	0.759129
46	71	0.685316
46	85	0.714401
46	87	0.702578
46	93	0.70421
46	94	0.701114
46	95	0.695364
46	97	0.732877
46	108	0.67416
46	134	0.665602
46	150	0.643631
46	158	0.739844
46	169	5.57587
47	28	0.726139
47	50	0.777732
47	54	0.771668
47	57	0.77102
47	65	0.757708
47	69	0.770404
47	76	0.807465
47	116	2.07177
47	139	2.97329
47	144	0.74877
47	146	0.716793
47	152	0.769031
47	158	0.802995
47	167	4.45354
48	86	0.719697
48	158	4.20336
48	162	0.658665
48	166	0.637511
48	167	0.655804
48	168	0.635984
48	169	0.644691
48	171	0.649176
48	172	0.643733
48	175	0.640995
48	177	0.601635
48	178	0.640807
48	179	0.638906
48	180	0.63048
49	56	0.769859
49	71	0.749742
49	78	0.742609
49	85	0.778827
49	87	0.767004
49	93	0.768636
49	94	0.76554
49	95	0.75979
49	97	0.797303
49	133	3.64667
49	149	0.737899
49	157	2.8663
49	158	0.80427
49	167	3.39285
50	28	0.725183
50	47	0.777732
50	54	0.770712
50	57	0.770064
50	65	0.756752
50	69	0.769449
50	76	0.80651
50	100	1.88446
50	128	2.59881
50	144	0.747815
50	146	0.715837
50	152	0.768076
50	158	0.802039
50	172	4.95793
51	9	0.77092
51	64	0.792662
51	77	0.839645
51	92	0.789229
51	101	0.770334
51	106	0.759185
51	107	0.799034
51	109	2.12477
51	111	0.789875
51	113	0.783735
51	150	3.33614
51	174	0.725233
51	180	4.73455
52	2	0.753893
52	8	0.840913
52	24	0.740416
52	34	0.739154
52	45	0.816721
52	53	0.796538
52	116	0.761906
52	134	0.738101
52	148	0.751388
52	149	0.745973
52	159	3.17113
52	173	3.33456
52	174	3.4205
52	176	0.706387
53	2	0.753046
53	8	0.840066
53	24	0.739569
53	34	0.738307
53	45	0.815874
53	52	0.796538
53	72	1.59981
53	116	0.761059
53	131	2.91578
53	134	0.737254
53	148	0.75054
53	149	0.745125
53	168	6.12842
53	176	0.70554
54	28	0.719119
54	47	0.771668
54	50	0.770712
54	57	0.764001
54	65	0.750688
54	69	0.763385
54	76	0.800446
54	115	4.22296
54	132	0.648106
54	139	1.64871
54	144	0.741751
54	146	0.709773
54	152	0.762012
54	158	0.795975
54	166	4.63142
55	66	1.76661
55	112	0.724837
55	153	0.749949
55	158	1.14637
55	161	0.702992
55	162	0.703109
55	169	0.689134
55	170	0.676305
55	173	0.696739
55	175	0.685439
55	176	0.683528
55	177	0.646079
55	178	0.685251
55	179	0.68335
55	180	0.674923
56	49	0.769859
56	71	0.738363
56	78	0.731229
56	85	0.767447
56	87	0.755625
56	93	0.757257
56	94	0.754161
56	95	0.74841
56	97	0.785924
56	149	0.72652
56	150	0.696678
56	153	2.37707
56	158	0.792891
56	172	4.78885
56	176	3.03585
57	28	0.718472
57	47	0.77102
57	50	0.770064
57	54	0.764001
57	65	0.750041
57	69	0.762737
57	76	0.799798
57	132	0.647459
57	135	1.57139
57	144	0.741103
57	146	0.709126
57	152	0.761364
57	158	0.795328
57	175	4.13895
57	178	4.8479
58	18	0.754269
58	70	0.762898
58	73	0.748638
58	74	0.750789
58	81	0.7922
58	82	0.732844
58	89	0.769919
58	91	0.772192
58	102	0.786765
58	115	3.20297
58	150	0.706959
58	152	0.769209
58	165	0.682957
58	170	4.06242
58	178	3.75564
59	42	0.652341
59	114	4.19828
59	120	0.663387
59	141	0.749626
59	147	0.642869
59	157	0.649971
59	159	0.645729
59	160	0.642991
59	166	0.627075
59	168	0.625548
59	172	0.633296
59	175	0.630559
59	177	0.591199
59	179	0.62847
59	180	0.620043
60	21	0.842271
60	32	0.752617
60	73	0.775239
60	74	0.777389
60	80	1.02939
60	82	0.759444
60	89	0.796519
60	91	0.798793
60	102	0.813365
60	136	2.7131
60	144	0.775548
60	152	0.795809
60	164	13.5177
60	165	0.709558
60	170	6.93726
60	179	5.93004
61	7	1.7461
61	43	0.757274
61	110	0.74119
61	114	0.78043
61	117	0.77344
61	118	3.24157
61	119	0.731718
61	121	0.721532
61	122	0.756193
61	123	0.764231
61	124	0.760237
61	126	0.752399
61	152	0.745119
61	162	4.16503
61	165	0.658867
61	176	0.673126
62	43	0.758454
62	63	2.69776
62	84	0.693782
62	114	0.78161
62	117	0.774619
62	119	0.732898
62	121	0.722711
62	122	0.757372
62	123	0.765411
62	124	0.761416
62	126	0.753578
62	141	2.00084
62	150	5.282
62	158	0.780262
62	165	0.660047
62	176	0.674306
63	62	2.69776
63	101	2.47009
63	125	0.75531
63	154	0.675593
63	164	0.647266
63	166	0.68283
63	167	0.701123
63	168	0.681304
63	169	0.69001
63	171	0.694496
63	173	0.697615
63	175	0.686315
63	177	0.646954
63	178	0.686126
63	179	0.684226
63	180	0.675799
64	51	0.792662
64	67	0.749849
64	75	0.792666
64	88	0.746676
64	92	0.744704
64	96	0.731976
64	101	0.72581
64	103	0.722766
64	106	0.71466
64	111	0.74535
64	113	0.73921
64	145	0.721737
64	169	3.94966
64	170	4.8654
64	174	0.680708
64	176	1.97924
65	16	0.742105
65	19	1.59721
65	28	0.705159
65	47	0.757708
65	50	0.756752
65	54	0.750688
65	57	0.750041
65	69	0.749425
65	76	0.786486
65	86	2.95408
65	132	0.634146
65	137	4.14183
65	144	0.727791
65	146	0.695813
65	152	0.748052
65	158	0.782015
66	3	0.795955
66	5	0.788315
66	12	0.789868
66	13	0.786779
66	15	0.788386
66	20	0.785749
66	23	0.848887
66	33	0.846741
66	55	1.76661
66	99	0.812907
66	108	0.783989
66	129	1.98861
66	144	0.795448
66	146	0.763471
66	147	3.4758
66	172	3.64382
67	9	0.728107
67	64	0.749849
67	75	0.794378
67	83	0.767377
67	92	0.746415
67	96	0.733687
67	101	0.727521
67	103	0.724477
67	106	0.716372
67	107	0.75622
67	111	0.747062
67	113	0.740921
67	138	2.00259
67	156	3.83032
67	161	4.21294
67	174	0.682419
68	12	3.71914
68	90	0.761754
68	102	1.31387
68	159	0.697599
68	160	0.69486
68	164	0.64338
68	167	0.697237
68	169	0.686124
68	170	0.673294
68	171	0.69061
68	173	0.693729
68	175	0.682428
68	177	0.643068
68	178	0.68224
68	179	0.680339
68	180	0.671913
69	28	0.717856
69	47	0.770404
69	50	0.769449
69	54	0.763385
69	57	0.762737
69	65	0.749425
69	76	0.799182
69	132	0.646843
69	135	2.46411
69	144	0.740487
69	146	0.70851
69	147	4.74623
69	152	0.760748
69	156	3.08771
69	158	0.794712
70	18	0.738124
70	58	0.762898
70	73	0.732493
70	80	0.759154
70	81	0.776055
70	82	0.716699
70	89	0.753774
70	91	0.756048
70	102	0.77062
70	112	3.74096
70	125	2.93199
70	128	0.729587
70	150	0.690814
70	152	0.753064
70	161	3.73217
70	165	0.666812
71	26	0.697297
71	46	0.685316
71	49	0.749742
71	56	0.738363
71	78	0.711112
71	85	0.747331
71	87	0.735508
71	93	0.73714
71	94	0.734044
71	95	0.728294
71	97	0.765807
71	99	0.736008
71	141	1.307
71	150	0.676561
71	158	0.772774
71	159	4.56528
71	167	4.68909
72	26	2.69719
72	53	1.59981
72	75	1.25618
72	136	0.809587
72	156	0.75654
72	157	0.740834
72	160	0.733854
72	163	0.719866
72	168	0.716411
72	169	0.725118
72	170	0.712288
72	173	0.732722
72	175	0.721422
72	177	0.682062
72	178	0.721234
72	179	0.719333
72	180	0.710906
73	21	0.785266
73	32	0.695612
73	58	0.748638
73	60	0.775239
73	70	0.732493
73	74	0.720384
73	81	0.761795
73	82	0.702439
73	89	0.739514
73	102	0.75636
73	144	0.718543
73	150	0.676555
73	152	0.738804
73	163	3.99247
73	165	0.652553
73	173	3.11821
73	179	4.02481
74	4	0.742079
74	18	0.726015
74	32	0.697762
74	58	0.750789
74	60	0.777389
74	73	0.720384
74	80	0.747045
74	81	0.763946
74	82	0.70459
74	89	0.741665
74	90	2.7809
74	91	0.743939
74	102	0.758511
74	150	0.678705
74	152	0.740955
74	163	5.97848
74	165	0.654703
75	1	1.33135
75	25	0.833492
75	64	0.792666
75	67	0.794378
75	72	1.25618
75	83	0.810194
75	88	0.791205
75	92	0.789233
75	96	0.776505
75	103	0.767294
75	106	0.759189
75	107	0.799037
75	111	0.789879
75	113	0.783738
75	127	1.55206
75	174	0.725236
75	175	5.30604
76	7	0.105476
76	16	0.791862
76	28	0.754917
76	47	0.807465
76	50	0.80651
76	54	0.800446
76	57	0.799798
76	65	0.786486
76	69	0.799182
76	112	1.89972
76	132	0.683904
76	144	0.777548
76	146	0.745571
76	152	0.797809
76	158	0.831773
76	165	7.01666
76	174	2.64011
77	9	0.773378
77	51	0.839645
77	79	0.829288
77	88	0.793659
77	92	0.791687
77	96	0.778959
77	101	0.772792
77	103	0.769748
77	106	0.761643
77	107	0.801492
77	111	0.792333
77	113	0.786193
77	120	3.07899
77	125	2.80471
77	140	2.14587
77	173	4.26814
77	174	0.727691
78	26	0.690163
78	49	0.742609
78	56	0.731229
78	71	0.711112
78	85	0.740197
78	87	0.728374
78	93	0.730006
78	94	0.726911
78	95	0.72116
78	97	0.758674
78	108	0.699957
78	134	0.691398
78	149	0.69927
78	150	0.669427
78	158	0.765641
78	169	3.823
78	172	3.60559
78	180	4.08278
79	77	0.829288
79	83	0.799833
79	88	0.780844
79	92	0.778872
79	96	0.766144
79	100	2.38365
79	101	0.759977
79	103	0.756933
79	106	0.748828
79	107	0.788676
79	111	0.779518
79	113	0.773377
79	135	0.764067
79	145	0.755904
79	165	6.07572
79	168	4.10872
79	171	2.71826
79	174	0.714875
80	21	0.811927
80	32	0.722272
80	60	1.02939
80	70	0.759154
80	74	0.747045
80	81	0.788456
80	82	0.7291
80	89	0.766175
80	91	0.768449
80	98	2.49528
80	102	0.783021
80	130	2.66353
80	144	0.745204
80	148	1.59192
80	150	0.703215
80	152	0.765465
80	164	9.2823
80	165	0.679213
81	16	0.488564
81	21	0.828828
81	32	0.739174
81	58	0.7922
81	70	0.776055
81	73	0.761795
81	74	0.763946
81	80	0.788456
81	82	0.746001
81	89	0.783076
81	91	0.78535
81	102	0.799922
81	128	0.75889
81	145	2.3703
81	152	0.782366
81	165	0.696115
81	174	3.70171
81	180	4.87363
82	18	0.70807
82	21	0.769472
82	58	0.732844
82	60	0.759444
82	70	0.716699
82	73	0.702439
82	74	0.70459
82	80	0.7291
82	81	0.746001
82	89	0.72372
82	91	0.725993
82	102	0.740566
82	128	0.699533
82	144	0.702749
82	153	3.03647
82	165	0.636758
82	173	4.66758
82	176	3.69524
83	9	0.743923
83	25	0.806491
83	67	0.767377
83	75	0.810194
83	79	0.799833
83	88	0.764204
83	92	0.762232
83	96	0.749504
83	99	2.09381
83	101	0.743337
83	103	0.740293
83	106	0.732188
83	107	0.772037
83	111	0.762878
83	113	0.756738
83	116	2.5851
83	148	3.67879
83	173	5.00649
83	174	0.698236
84	44	0.717312
84	62	0.693782
84	99	1.7384
84	110	0.70293
84	117	0.735179
84	119	0.693458
84	121	0.683271
84	122	0.717932
84	123	0.725971
84	124	0.721976
84	126	0.714138
84	129	2.17873
84	135	0.683002
84	152	0.706858
84	158	0.740822
84	165	0.620607
84	176	1.54303
84	177	10.8419
84	178	1.85112
85	17	0.821143
85	26	0.726381
85	46	0.714401
85	49	0.778827
85	56	0.767447
85	71	0.747331
85	78	0.740197
85	87	0.764593
85	93	0.766225
85	94	0.763129
85	95	0.757378
85	97	0.794892
85	105	1.83929
85	134	0.727616
85	136	1.5184
85	149	0.735488
85	158	0.801859
85	175	4.72684
85	180	5.0866
86	25	2.89363
86	38	2.15229
86	48	0.719697
86	65	2.95408
86	146	0.715756
86	151	0.782963
86	155	0.731032
86	160	0.710344
86	163	0.696356
86	166	0.694428
86	169	0.701608
86	170	0.688778
86	171	0.706093
86	172	0.70065
86	173	0.709213
86	175	0.697912
86	177	0.658552
86	178	0.697724
86	179	0.695823
86	180	0.687396
87	17	0.809321
87	26	0.714559
87	46	0.702578
87	49	0.767004
87	56	0.755625
87	71	0.735508
87	78	0.728374
87	85	0.764593
87	93	0.754402
87	94	0.751306
87	95	0.745556
87	97	0.783069
87	99	0.75327
87	130	2.75453
87	134	0.715794
87	138	2.11711
87	146	2.08285
87	149	0.723665
87	158	0.790036
87	177	11.1854
88	14	0.818646
88	25	0.787502
88	64	0.746676
88	75	0.791205
88	77	0.793659
88	79	0.780844
88	83	0.764204
88	92	0.743242
88	96	0.730514
88	101	0.724348
88	103	0.721304
88	106	0.713199
88	111	0.743889
88	113	0.737748
88	128	2.75361
88	135	0.728438
88	140	2.2098
88	159	4.16864
88	162	4.3023
88	174	0.679246
89	21	0.806547
89	32	0.716892
89	58	0.769919
89	60	0.796519
89	70	0.753774
89	73	0.739514
89	74	0.741665
89	80	0.766175
89	81	0.783076
89	82	0.72372
89	91	0.763069
89	102	0.777641
89	128	0.736608
89	138	2.00365
89	143	2.86276
89	144	0.739824
89	150	0.697835
89	163	4.67297
89	165	0.673833
89	179	4.70532
90	68	0.761754
90	74	2.7809
90	95	1.61304
90	143	0.735718
90	152	0.740171
90	156	0.733655
90	157	0.717949
90	162	0.716207
90	163	0.69698
90	166	0.695053
90	168	0.693526
90	170	0.689403
90	171	0.706718
90	172	0.701274
90	173	0.709837
90	175	0.698537
90	177	0.659176
90	178	0.698348
90	179	0.696448
90	180	0.688021
91	18	0.747418
91	32	0.719166
91	58	0.772192
91	60	0.798793
91	70	0.756048
91	74	0.743939
91	80	0.768449
91	81	0.78535
91	82	0.725993
91	89	0.763069
91	102	0.779915
91	128	0.738882
91	144	0.742098
91	149	3.09909
91	150	0.700109
91	151	2.84954
91	152	0.762359
91	153	3.23556
91	157	4.3005
91	165	0.676107
92	25	0.78553
92	37	1.21367
92	51	0.789229
92	64	0.744704
92	67	0.746415
92	75	0.789233
92	77	0.791687
92	79	0.778872
92	83	0.762232
92	88	0.743242
92	96	0.728542
92	101	0.722376
92	103	0.719332
92	107	0.751075
92	111	0.741917
92	113	0.735776
92	131	3.35133
92	148	2.74078
92	169	5.06657
92	174	0.677274
93	17	0.810953
93	26	0.716191
93	46	0.70421
93	49	0.768636
93	56	0.757257
93	71	0.73714
93	78	0.730006
93	85	0.766225
93	87	0.754402
93	94	0.752938
93	95	0.747188
93	97	0.784701
93	99	0.754902
93	134	0.717426
93	140	2.27477
93	141	2.00984
93	150	0.695455
93	158	0.791668
93	173	4.39704
93	180	5.6549
94	26	0.713095
94	46	0.701114
94	49	0.76554
94	56	0.754161
94	71	0.734044
94	78	0.726911
94	85	0.763129
94	87	0.751306
94	93	0.752938
94	95	0.744092
94	97	0.781605
94	99	0.751806
94	108	0.722888
94	134	0.71433
94	137	2.91555
94	148	2.98153
94	149	0.722201
94	150	0.692359
94	157	3.74307
94	158	0.788573
94	174	4.39518
95	17	0.802107
95	26	0.707345
95	46	0.695364
95	49	0.75979
95	56	0.74841
95	71	0.728294
95	78	0.72116
95	85	0.757378
95	87	0.745556
95	90	1.61304
95	93	0.747188
95	94	0.744092
95	97	0.775855
95	99	0.746056
95	108	0.717138
95	149	0.716451
95	150	0.686609
95	153	2.30526
95	158	0.782822
95	172	4.71703
95	174	4.02231
96	14	0.803946
96	64	0.731976
96	67	0.733687
96	75	0.776505
96	77	0.778959
96	79	0.766144
96	83	0.749504
96	88	0.730514
96	92	0.728542
96	99	2.58836
96	101	0.709648
96	103	0.706604
96	106	0.698499
96	107	0.738347
96	111	0.729189
96	113	0.723048
96	134	4.15142
96	135	0.713738
96	141	2.07934
96	145	0.705575
96	161	4.83779
96	174	0.664546
97	17	0.83962
97	26	0.744858
97	46	0.732877
97	49	0.797303
97	56	0.785924
97	71	0.765807
97	78	0.758674
97	85	0.794892
97	87	0.783069
97	93	0.784701
97	94	0.781605
97	95	0.775855
97	99	0.783569
97	105	1.79615
97	127	2.59225
97	134	0.746093
97	149	0.753964
97	150	0.724122
97	158	0.820336
97	165	6.75396
97	171	3.3965
97	178	3.89852
98	6	0.891759
98	28	2.20783
98	35	1.95686
98	80	2.49528
98	124	0.953288
98	133	0.819479
98	157	0.796178
98	160	0.789198
98	163	0.775209
98	164	0.737718
98	167	0.791574
98	168	0.771755
98	169	0.780461
98	170	0.767631
98	171	0.784947
98	172	0.779503
98	175	0.776766
98	176	0.774855
98	177	0.737405
98	178	0.776577
98	179	0.774677
98	180	0.76625
99	12	0.730732
99	15	0.729249
99	23	0.78975
99	33	0.787604
99	66	0.812907
99	71	0.736008
99	83	2.09381
99	84	1.7384
99	87	0.75327
99	93	0.754902
99	94	0.751806
99	95	0.746056
99	96	2.58836
99	97	0.783569
99	121	1.06933
99	146	0.704334
99	169	0.690186
99	171	0.694672
99	172	0.689228
99	178	0.686302
99	179	0.684402
99	180	0.675975
100	30	2.17554
100	50	1.88446
100	79	2.38365
100	110	1.42929
100	151	0.80601
100	153	0.78547
100	159	0.73613
100	162	0.738629
100	163	0.719403
100	164	0.681911
100	166	0.717475
100	167	0.735768
100	168	0.715948
100	170	0.711825
100	171	0.72914
100	172	0.723697
100	173	0.73226
100	174	0.717993
100	175	0.720959
100	177	0.681599
100	178	0.720771
100	179	0.71887
100	180	0.710444
101	9	0.704068
101	14	0.79778
101	51	0.770334
101	63	2.47009
101	64	0.72581
101	67	0.727521
101	77	0.772792
101	79	0.759977
101	83	0.743337
101	88	0.724348
101	92	0.722376
101	96	0.709648
101	103	0.700438
101	106	0.692332
101	107	0.732181
101	111	0.723022
101	113	0.716882
101	128	3.61643
101	131	4.47773
101	135	0.707572
101	138	2.32128
101	145	0.699409
101	174	0.65838
102	18	0.761991
102	21	0.823393
102	32	0.733738
102	58	0.786765
102	60	0.813365
102	68	1.31387
102	70	0.77062
102	73	0.75636
102	74	0.758511
102	80	0.783021
102	81	0.799922
102	82	0.740566
102	89	0.777641
102	91	0.779915
102	128	0.753454
102	129	2.26369
102	135	2.57934
102	144	0.75667
102	150	0.714682
102	152	0.776931
102	156	3.20294
102	165	0.690679
102	178	5.85586
103	9	0.701024
103	14	0.794736
103	25	0.763592
103	64	0.722766
103	67	0.724477
103	75	0.767294
103	77	0.769748
103	79	0.756933
103	83	0.740293
103	88	0.721304
103	92	0.719332
103	96	0.706604
103	101	0.700438
103	106	0.689288
103	107	0.729137
103	111	0.719978
103	113	0.713838
103	116	2.56651
103	118	4.03467
103	140	2.86562
103	145	0.696365
103	167	4.94827
103	174	0.655336
104	16	0.709302
104	40	3.54534
104	115	0.689368
104	119	4.07076
104	148	0.688256
104	151	0.730217
104	153	0.709677
104	160	0.657598
104	161	0.662719
104	163	0.64361
104	164	0.606118
104	166	0.641682
104	168	0.640155
104	169	0.648862
104	170	0.636032
104	171	0.653347
104	172	0.647904
104	173	0.656467
104	175	0.645166
104	177	0.605806
104	178	0.644978
104	179	0.643077
104	180	0.634651
105	1	0.805369
105	85	1.83929
105	97	1.79615
105	113	2.62017
105	147	0.727176
105	155	0.747986
105	156	0.749984
105	157	0.734278
105	158	0.253465
105	159	0.730036
105	160	0.727298
105	161	0.732419
105	162	0.732536
105	166	0.711382
105	170	0.705732
105	171	0.723047
105	172	0.717603
105	173	0.726166
105	175	0.714866
105	177	0.675505
105	178	0.714678
105	179	0.712777
105	180	0.70435
106	9	0.692918
106	14	0.786631
106	25	0.755486
106	51	0.759185
106	64	0.71466
106	67	0.716372
106	75	0.759189
106	77	0.761643
106	79	0.748828
106	83	0.732188
106	88	0.713199
106	96	0.698499
106	101	0.692332
106	103	0.689288
106	107	0.721032
106	109	1.42401
106	111	0.711873
106	113	0.705733
106	134	3.73813
106	135	0.696422
106	143	4.1518
106	145	0.688259
106	159	4.92433
106	174	0.647231
107	9	0.732767
107	14	0.826479
107	25	0.795335
107	51	0.799034
107	67	0.75622
107	75	0.799037
107	77	0.801492
107	79	0.788676
107	83	0.772037
107	92	0.751075
107	96	0.738347
107	101	0.732181
107	103	0.729137
107	106	0.721032
107	111	0.751722
107	113	0.745581
107	120	3.23926
107	127	1.57252
107	135	0.736271
107	139	2.90854
107	145	0.728108
107	171	5.53344
107	174	0.687079
107	176	3.45608
108	3	0.707901
108	5	0.70026
108	17	0.780903
108	20	0.697694
108	23	0.760832
108	26	0.686141
108	35	0.779399
108	46	0.67416
108	66	0.783989
108	78	0.699957
108	94	0.722888
108	95	0.717138
108	117	0.755976
108	121	0.704067
108	122	0.738728
108	123	0.746767
108	144	0.707394
108	145	3.07311
108	146	0.675417
108	149	0.695247
108	156	3.2727
108	160	4.51194
108	162	4.28881
108	176	0.655662
109	9	2.58698
109	45	1.83588
109	51	2.12477
109	106	1.42401
109	121	0.318262
109	137	0.790058
109	147	0.763685
109	151	0.836426
109	154	0.740653
109	155	0.784495
109	159	0.766545
109	160	0.763807
109	163	0.749818
109	164	0.712327
109	166	0.747891
109	167	0.766184
109	170	0.742241
109	171	0.759556
109	173	0.762675
109	175	0.751375
109	177	0.712014
109	178	0.751187
109	179	0.749286
109	180	0.740859
110	11	0.728387
110	35	0.80719
110	43	0.767602
110	44	0.7659
110	61	0.74119
110	84	0.70293
110	100	1.42929
110	114	0.790757
110	116	0.738972
110	117	0.783767
110	119	0.742046
110	121	0.731859
110	122	0.76652
110	123	0.774559
110	124	0.770564
110	126	0.762726
110	146	3.31562
110	148	0.728454
110	149	1.95452
110	152	0.755446
110	158	0.78941
110	160	3.91547
110	165	0.669195
110	166	5.18494
110	176	0.683453
111	14	0.817321
111	25	0.786176
111	51	0.789875
111	64	0.74535
111	67	0.747062
111	75	0.789879
111	77	0.792333
111	79	0.779518
111	83	0.762878
111	88	0.743889
111	92	0.741917
111	96	0.729189
111	101	0.723022
111	103	0.719978
111	106	0.711873
111	107	0.751722
111	113	0.736423
111	135	0.727112
111	145	0.718949
111	149	2.76163
111	151	2.51208
111	153	2.8981
111	157	3.96304
111	160	4.72257
111	174	0.677921
112	55	0.724837
112	70	3.74096
112	76	1.89972
112	117	2.90066
112	136	0.746773
112	138	0.776949
112	139	0.723122
112	141	0.777675
112	151	0.743659
112	159	0.673779
112	160	0.67104
112	161	0.676161
112	163	0.657052
112	164	0.61956
112	166	0.655124
112	167	0.673417
112	169	0.662304
112	170	0.649474
112	171	0.666789
112	172	0.661346
112	175	0.658608
112	177	0.619248
112	178	0.65842
112	179	0.656519
112	180	0.648093
113	9	0.717468
113	14	0.81118
113	25	0.780036
113	51	0.783735
113	64	0.73921
113	67	0.740921
113	75	0.783738
113	77	0.786193
113	79	0.773377
113	83	0.756738
113	88	0.737748
113	92	0.735776
113	96	0.723048
113	101	0.716882
113	103	0.713838
113	105	2.62017
113	106	0.705733
113	107	0.745581
113	111	0.736423
113	128	3.03116
113	135	0.720972
113	145	0.712809
113	151	2.59249
113	155	3.4534
113	161	3.94637
113	174	0.67178
114	11	0.767626
114	43	0.806841
114	59	4.19828
114	61	0.78043
114	62	0.78161
114	110	0.790757
114	115	3.37407
114	116	0.778212
114	117	0.823007
114	119	0.781285
114	121	0.771099
114	122	0.80576
114	123	0.813798
114	124	0.809804
114	126	0.801966
114	132	0.68078
114	134	2.36337
114	135	0.770829
114	138	1.69915
114	148	0.767694
114	152	0.794686
114	158	0.82865
114	165	0.708434
114	176	0.722693
114	178	3.92675
114	179	3.2263
115	54	4.22296
115	58	3.20297
115	104	0.689368
115	114	3.37407
115	137	0.702095
115	139	0.727926
115	147	0.675722
115	153	0.727922
115	154	0.65269
115	156	0.69853
115	157	0.682824
115	159	0.678582
115	160	0.675844
115	161	0.680965
115	162	0.681082
115	166	0.659928
115	168	0.658401
115	169	0.667107
115	170	0.654278
115	171	0.671593
115	172	0.666149
115	173	0.674712
115	175	0.663412
115	177	0.624051
115	178	0.663223
115	179	0.661323
115	180	0.652896
116	24	0.704937
116	34	0.703675
116	47	2.07177
116	52	0.761906
116	53	0.761059
116	83	2.5851
116	103	2.56651
116	110	0.738972
116	114	0.778212
116	117	0.771222
116	121	0.719314
116	122	0.753975
116	126	0.750181
116	144	1.87597
116	148	0.715909
116	149	0.710494
116	156	0.707937
116	162	0.690489
116	166	0.669335
116	172	0.675556
116	175	0.672819
116	176	0.670908
116	177	0.633458
116	178	0.67263
116	179	0.67073
116	180	0.662303
117	4	0.256132
117	44	0.79815
117	61	0.77344
117	62	0.774619
117	84	0.735179
117	108	0.755976
117	110	0.783767
117	112	2.90066
117	114	0.823007
117	116	0.771222
117	119	0.774295
117	121	0.764109
117	122	0.79877
117	123	0.806808
117	124	0.802814
117	126	0.794976
117	132	0.67379
117	135	0.763839
117	148	0.760704
117	151	1.53799
117	152	0.787696
117	155	2.39889
117	158	0.82166
117	165	0.701444
117	175	4.4532
117	176	0.715703
117	180	4.81297
118	61	3.24157
118	103	4.03467
118	132	0.626055
118	142	0.664937
118	151	0.75493
118	152	2.11027
118	153	0.734389
118	156	0.704997
118	157	0.689291
118	159	0.685049
118	160	0.682311
118	161	0.687432
118	163	0.668322
118	164	0.630831
118	166	0.666395
118	167	0.684687
118	168	0.664868
118	169	0.673574
118	170	0.660744
118	172	0.672616
118	173	0.681179
118	174	0.666912
118	175	0.669879
118	177	0.630518
118	178	0.66969
118	179	0.66779
118	180	0.659363
119	11	0.718915
119	35	0.797718
119	43	0.75813
119	44	0.756428
119	61	0.731718
119	62	0.732898
119	84	0.693458
119	104	4.07076
119	110	0.742046
119	114	0.781285
119	117	0.774295
119	121	0.722387
119	122	0.757048
119	123	0.765087
119	124	0.761092
119	126	0.753254
119	131	2.05516
119	132	0.632069
119	135	0.722118
119	148	0.718982
119	152	0.745975
119	158	0.779938
119	162	2.74255
119	165	0.659723
119	172	3.55298
119	176	0.673981
119	178	4.37936
120	59	0.663387
120	77	3.07899
120	107	3.23926
120	122	2.61725
120	127	0.780992
120	129	0.762666
120	137	0.690721
120	138	0.770379
120	142	0.647097
120	147	0.664348
120	151	0.737089
120	153	0.716548
120	156	0.687156
120	160	0.66447
120	162	0.669708
120	167	0.666847
120	168	0.647027
120	169	0.655734
120	170	0.642904
120	172	0.654776
120	173	0.663338
120	175	0.652038
120	177	0.612678
120	178	0.65185
120	179	0.649949
120	180	0.641522
121	11	0.708728
121	16	0.729841
121	35	0.787532
121	43	0.747943
121	44	0.746242
121	61	0.721532
121	62	0.722711
121	84	0.683271
121	99	1.06933
121	108	0.704067
121	109	0.318262
121	110	0.731859
121	114	0.771099
121	116	0.719314
121	117	0.764109
121	119	0.722387
121	122	0.746861
121	123	0.7549
121	124	0.750906
121	126	0.743068
121	142	7.37123
121	148	0.708795
121	152	0.735788
121	153	2.35091
121	158	0.769752
121	160	4.17538
121	165	0.649536
121	176	0.663795
122	11	0.743389
122	35	0.822192
122	43	0.782604
122	44	0.780903
122	61	0.756193
122	62	0.757372
122	84	0.717932
122	108	0.738728
122	110	0.76652
122	114	0.80576
122	116	0.753975
122	117	0.79877
122	119	0.757048
122	120	2.61725
122	121	0.746861
122	123	0.789561
122	124	0.785567
122	126	0.777728
122	135	0.746592
122	141	1.42801
122	151	1.78928
122	152	0.770449
122	156	2.76053
122	158	0.804413
122	160	3.99977
122	165	0.684197
122	166	5.26924
122	176	0.698456
123	11	0.751428
123	43	0.790642
123	44	0.788941
123	61	0.764231
123	62	0.765411
123	84	0.725971
123	108	0.746767
123	110	0.774559
123	114	0.813798
123	117	0.806808
123	119	0.765087
123	121	0.7549
123	122	0.789561
123	124	0.793605
123	126	0.785767
123	127	1.44081
123	130	2.55949
123	132	0.664582
123	134	2.94708
123	135	0.754631
123	138	1.4231
123	148	0.751495
123	152	0.778487
123	158	0.812451
123	165	0.692236
123	174	4.38264
123	176	0.706494
123	180	5.55456
124	11	0.747433
124	35	0.826237
124	43	0.786648
124	44	0.784947
124	61	0.760237
124	62	0.761416
124	84	0.721976
124	98	0.953288
124	110	0.770564
124	114	0.809804
124	117	0.802814
124	119	0.761092
124	121	0.750906
124	122	0.785567
124	123	0.793605
124	125	2.4438
124	126	0.781773
124	132	0.660587
124	133	4.12142
124	135	0.750636
124	136	1.59688
124	148	0.747501
124	152	0.774493
124	158	0.808457
124	165	0.688241
124	166	5.37006
124	169	4.90531
124	176	0.7025
125	45	3.0195
125	63	0.75531
125	70	2.93199
125	77	2.80471
125	124	2.4438
125	140	0.772719
125	147	0.700516
125	153	0.752716
125	154	0.677484
125	155	0.721326
125	156	0.723324
125	157	0.707618
125	159	0.703376
125	160	0.700638
125	162	0.705876
125	163	0.68665
125	164	0.649158
125	166	0.684722
125	167	0.703015
125	168	0.683195
125	169	0.691901
125	170	0.679072
125	171	0.696387
125	172	0.690943
125	177	0.648846
125	178	0.688018
125	179	0.686117
125	180	0.67769
126	10	2.02394
126	11	0.739595
126	16	0.760708
126	35	0.818399
126	36	2.42394
126	43	0.77881
126	44	0.777109
126	61	0.752399
126	62	0.753578
126	84	0.714138
126	110	0.762726
126	114	0.801966
126	116	0.750181
126	117	0.794976
126	119	0.753254
126	121	0.743068
126	122	0.777728
126	123	0.785767
126	124	0.781773
126	132	0.652749
126	138	2.43312
126	148	0.739663
126	152	0.766655
126	158	0.800619
126	165	0.680403
126	167	3.37477
126	171	2.31851
126	176	0.694662
126	177	9.97275
127	11	1.8822
127	24	2.56017
127	75	1.55206
127	97	2.59225
127	107	1.57252
127	120	0.780992
127	123	1.44081
127	147	0.760475
127	151	0.833216
127	155	0.781284
127	156	0.783283
127	157	0.767577
127	159	0.763335
127	161	0.765718
127	163	0.746608
127	164	0.709117
127	166	0.744681
127	167	0.762974
127	168	0.743154
127	169	0.75186
127	170	0.739031
127	171	0.756346
127	172	0.750902
127	173	0.759465
127	175	0.748165
127	177	0.708804
127	178	0.747976
127	179	0.746076
127	180	0.737649
128	18	0.720958
128	22	0.728169
128	27	0.619115
128	29	0.759504
128	30	0.77218
128	39	0.758775
128	40	0.620913
128	50	2.59881
128	70	0.729587
128	81	0.75889
128	82	0.699533
128	88	2.75361
128	89	0.736608
128	91	0.738882
128	101	3.61643
128	102	0.753454
128	113	3.03116
128	145	0.703879
128	154	0.655095
128	164	0.626768
128	165	0.649647
128	167	0.680625
128	172	0.668553
128	173	0.677116
128	174	0.66285
128	175	0.665816
128	177	0.626456
128	178	0.665628
128	179	0.663727
128	180	0.6553
129	8	1.73176
129	14	1.8886
129	38	2.74861
129	66	1.98861
129	84	2.17873
129	102	2.26369
129	120	0.762666
129	139	0.794352
129	143	0.767019
129	147	0.742148
129	149	0.767513
129	154	0.719116
129	155	0.762958
129	156	0.764956
129	157	0.74925
129	159	0.745008
129	162	0.747508
129	163	0.728282
129	164	0.69079
129	166	0.726354
129	167	0.744647
129	168	0.724827
129	170	0.720704
129	171	0.738019
129	172	0.732575
129	173	0.741138
129	174	0.726872
129	175	0.729838
129	177	0.690477
129	178	0.72965
129	179	0.727749
129	180	0.719322
130	39	2.48267
130	42	0.719178
130	80	2.66353
130	87	2.75453
130	123	2.55949
130	131	0.747285
130	137	0.736079
130	142	0.692455
130	143	0.734577
130	146	0.71524
130	152	1.32629
130	153	0.761906
130	154	0.686674
130	155	0.730515
130	156	0.732514
130	160	0.709828
130	161	0.714949
130	162	0.715066
130	163	0.695839
130	164	0.658348
130	166	0.693912
130	167	0.712205
130	168	0.692385
130	169	0.701091
130	170	0.688262
130	171	0.705577
130	172	0.700133
130	173	0.708696
130	175	0.697396
130	177	0.658035
130	178	0.697208
130	179	0.695307
130	180	0.68688
131	53	2.91578
131	92	3.35133
131	101	4.47773
131	119	2.05516
131	130	0.747285
131	133	0.711813
131	137	0.707783
131	140	0.753613
131	141	0.788167
131	143	0.706281
131	147	0.68141
131	154	0.658378
131	156	0.704218
131	157	0.688512
131	159	0.68427
131	160	0.681532
131	161	0.686653
131	162	0.68677
131	163	0.667544
131	164	0.630052
131	166	0.665616
131	167	0.683909
131	168	0.664089
131	169	0.672795
131	171	0.677281
131	172	0.671837
131	173	0.6804
131	175	0.6691
131	177	0.629739
131	178	0.668912
131	179	0.667011
131	180	0.658584
132	6	12.4
132	28	0.602577
132	35	0.697213
132	54	0.648106
132	57	0.647459
132	65	0.634146
132	69	0.646843
132	76	0.683904
132	114	0.68078
132	117	0.67379
132	118	0.626055
132	119	0.632069
132	123	0.664582
132	124	0.660587
132	126	0.652749
132	134	0.605191
132	146	0.593231
132	152	0.64547
132	156	0.610505
132	158	0.679433
132	159	0.590558
132	163	0.573831
132	165	0.559218
132	169	0.579083
132	171	0.583568
132	173	0.586688
132	176	0.573476
132	177	0.536027
132	178	0.575199
132	179	0.573298
132	180	0.564872
133	20	3.17068
133	34	2.26123
133	41	0.682204
133	49	3.64667
133	98	0.819479
133	124	4.12142
133	131	0.711813
133	136	0.750089
133	139	0.726438
133	142	0.656982
133	147	0.674234
133	151	0.746975
133	153	0.726434
133	155	0.695043
133	156	0.697042
133	157	0.681336
133	159	0.677094
133	161	0.679477
133	162	0.679594
133	163	0.660367
133	164	0.622876
133	166	0.65844
133	168	0.656913
133	169	0.665619
133	170	0.65279
133	171	0.670105
133	172	0.664661
133	173	0.673224
133	176	0.660013
133	177	0.622563
133	178	0.661735
133	179	0.659835
133	180	0.651408
134	2	0.69461
134	24	0.681133
134	34	0.67987
134	45	0.757437
134	46	0.665602
134	52	0.738101
134	53	0.737254
134	78	0.691398
134	85	0.727616
134	87	0.715794
134	93	0.717426
134	94	0.71433
134	96	4.15142
134	97	0.746093
134	106	3.73813
134	114	2.36337
134	123	2.94708
134	132	0.605191
134	148	0.692104
134	149	0.686689
134	150	0.656847
134	158	0.75306
134	161	0.666567
134	162	0.666684
134	163	0.647458
134	170	0.63988
134	171	0.657195
134	172	0.651751
134	176	0.647103
134	177	0.609654
134	178	0.648826
134	179	0.646925
134	180	0.638498
135	5	3.58354
135	10	0.694999
135	23	3.40162
135	57	1.57139
135	69	2.46411
135	79	0.764067
135	84	0.683002
135	88	0.728438
135	96	0.713738
135	101	0.707572
135	102	2.57934
135	106	0.696422
135	107	0.736271
135	111	0.727112
135	113	0.720972
135	114	0.770829
135	117	0.763839
135	119	0.722118
135	122	0.746592
135	123	0.754631
135	124	0.750636
135	148	0.708526
135	159	0.680606
135	160	0.677868
135	162	0.683106
135	167	0.680245
135	169	0.669132
135	171	0.673617
135	173	0.676736
135	174	0.66247
135	176	0.663525
135	177	0.626076
135	178	0.665248
135	180	0.65492
136	23	2.76075
136	25	3.16474
136	29	2.24612
136	60	2.7131
136	72	0.809587
136	85	1.5184
136	112	0.746773
136	124	1.59688
136	133	0.750089
136	137	0.746059
136	140	0.791888
136	142	0.702434
136	147	0.719686
136	151	0.792427
136	154	0.696654
136	155	0.740495
136	157	0.726788
136	159	0.722546
136	160	0.719808
136	161	0.724929
136	162	0.725046
136	163	0.705819
136	166	0.703892
136	167	0.722184
136	168	0.702365
136	169	0.711071
136	170	0.698242
136	171	0.715557
136	172	0.710113
136	173	0.718676
136	175	0.707376
136	177	0.668015
136	178	0.707187
136	179	0.705287
136	180	0.69686
137	5	3.85932
137	36	0.690648
137	37	0.743618
137	65	4.14183
137	94	2.91555
137	109	0.790058
137	115	0.702095
137	120	0.690721
137	130	0.736079
137	131	0.707783
137	136	0.746059
137	142	0.652952
137	152	1.66981
137	154	0.647172
137	155	0.691013
137	156	0.693012
137	157	0.677306
137	159	0.673064
137	161	0.675447
137	162	0.675564
137	163	0.656337
137	164	0.618846
137	166	0.65441
137	167	0.672702
137	168	0.652883
137	169	0.661589
137	170	0.648759
137	171	0.666075
137	172	0.660631
137	173	0.669194
137	175	0.657894
137	177	0.618533
137	178	0.657705
137	179	0.655805
137	180	0.647378
