1	2	0.79172
1	3	0.785396
1	4	0.883571
1	20	0.863174
1	33	0.843363
1	37	0.843363
1	38	0.843363
1	55	0.826655
1	112	0.865455
1	149	0.853938
1	166	1.68968
1	175	1.9522
2	1	0.79172
2	3	0.785396
2	5	0.883571
2	20	0.863174
2	33	0.843363
2	37	0.843363
2	38	0.843363
2	55	0.826655
2	112	0.865455
2	127	1.84212
2	149	0.853938
2	180	1.80015
3	1	0.785396
3	2	0.785396
3	4	0.877247
3	5	0.877247
3	20	0.85685
3	33	0.837039
3	37	0.837039
3	38	0.837039
3	112	0.859131
3	149	0.847614
3	163	1.76069
3	174	1.88089
4	1	0.883571
4	3	0.877247
4	5	0.975422
4	20	0.955025
4	33	0.935214
4	37	0.935214
4	38	0.935214
4	65	1.51097
4	112	0.957306
4	121	1.08247
4	144	1.07002
4	149	0.945788
5	2	0.883571
5	3	0.877247
5	4	0.975422
5	20	0.955025
5	23	1.68057
5	33	0.935214
5	37	0.935214
5	38	0.935214
5	112	0.957306
5	149	0.945788
5	176	0.884198
5	178	1.09895
6	31	1.7855
6	32	1.85768
6	59	0.810659
6	101	0.863065
6	148	0.825834
6	154	0.8418
6	157	0.831949
6	161	0.84564
6	162	0.842088
6	164	0.836146
6	165	0.836146
6	179	0.866674
7	129	0.860488
7	151	0.820819
7	153	0.842297
7	154	0.844186
7	155	1.78844
7	157	0.834335
7	159	0.828313
7	161	0.848025
7	162	0.844474
7	164	0.838532
7	165	0.838532
7	175	1.85359
8	66	0.921197
8	94	0.930557
8	105	0.912951
8	109	0.950864
8	119	0.927549
8	123	0.923567
8	125	0.944623
8	126	0.939934
8	136	0.948758
8	148	1.30924
8	167	1.29011
8	169	1.06454
9	129	0.956277
9	148	0.924009
9	151	0.916608
9	154	0.939975
9	157	0.930124
9	159	0.924102
9	162	0.940263
9	164	0.934321
9	165	0.934321
9	173	1.13115
9	175	1.2639
9	176	1.26789
10	75	0.803822
10	77	0.861432
10	85	0.839771
10	88	0.849368
10	91	0.833341
10	95	0.821393
10	104	0.853379
10	117	0.826285
10	144	1.83518
10	147	1.80709
10	158	0.835979
10	179	0.875229
11	27	0.970792
11	28	0.891728
11	50	0.939535
11	66	0.91238
11	83	0.949752
11	84	0.94602
11	119	0.918733
11	126	0.931118
11	136	0.939942
11	148	1.30466
11	167	1.28553
11	170	1.07302
12	14	0.993343
12	24	0.874018
12	29	0.966476
12	34	0.857979
12	35	0.944018
12	36	0.944018
12	48	0.921615
12	49	0.921615
12	123	1.52282
12	137	1.02524
12	152	0.97692
12	175	1.11407
13	44	1.78101
13	91	1.78026
13	146	0.813844
13	157	0.831058
13	163	0.842708
13	164	0.835255
13	165	0.835255
13	168	0.850483
13	173	0.846326
13	174	0.837099
13	179	0.865783
13	180	0.84219
14	12	0.993343
14	24	0.874018
14	29	0.966476
14	34	0.857979
14	35	0.944018
14	36	0.944018
14	48	0.921615
14	49	0.921615
14	98	1.07504
14	130	1.26169
14	152	0.97692
14	167	1.32744
15	34	0.860388
15	48	0.924024
15	49	0.924024
15	112	1.06984
15	128	0.962693
15	152	0.979329
15	157	0.932752
15	158	1.30938
15	162	0.942891
15	164	0.936949
15	165	0.936949
15	180	1.2835
16	115	1.08874
16	139	0.930262
16	146	0.914385
16	153	0.939561
16	157	0.931598
16	159	0.925576
16	161	0.945289
16	162	0.941738
16	164	0.935795
16	165	0.935795
16	167	1.341
16	172	1.23423
17	142	0.745431
17	162	3.57909
17	166	0.78206
17	169	0.766934
17	171	0.767232
17	172	0.762271
17	173	0.771449
17	174	0.762222
17	175	0.759322
17	177	0.763299
17	178	0.752468
17	180	0.767313
18	41	0.768664
18	138	0.861805
18	139	0.824282
18	141	0.82104
18	143	2.08082
18	145	0.844585
18	154	0.83547
18	157	0.825618
18	159	0.819596
18	161	0.839309
18	164	0.829816
18	165	0.829816
18	168	1.86023
19	30	0.859262
19	50	0.913721
19	56	0.908728
19	60	0.950831
19	81	0.931851
19	82	0.878552
19	124	0.927631
19	125	0.909992
19	126	0.905304
19	136	0.914128
19	142	1.38654
19	155	1.2247
19	172	1.3523
20	1	0.863174
20	2	0.863174
20	3	0.85685
20	4	0.955025
20	5	0.955025
20	32	1.13078
20	33	0.914817
20	37	0.914817
20	38	0.914817
20	39	1.38138
20	112	0.936909
20	149	0.925392
20	155	1.45233
21	87	1.90939
21	95	1.9499
21	155	0.821371
21	160	0.835327
21	166	0.842299
21	169	0.827172
21	170	0.829013
21	171	0.827471
21	173	0.831687
21	175	0.81956
21	176	0.825844
21	178	0.812706
21	180	0.827551
22	46	0.905668
22	84	0.917059
22	105	0.875174
22	109	0.913087
22	110	0.922598
22	119	0.889773
22	125	0.906846
22	126	0.902158
22	136	0.910982
22	152	0.956654
22	170	1.34578
22	171	1.29373
22	180	1.32326
23	5	1.68057
23	96	0.809667
23	130	0.810332
23	157	2.19806
23	168	0.841092
23	170	0.83426
23	171	0.832717
23	172	0.827756
23	173	0.836934
23	174	0.827707
23	177	0.828784
23	178	0.817953
23	180	0.832798
24	12	0.874018
24	14	0.874018
24	29	0.84715
24	34	0.738653
24	35	0.824692
24	36	0.824692
24	48	0.80229
24	49	0.80229
24	76	0.832124
24	86	0.822479
24	152	0.857595
24	168	1.88738
24	177	2.05459
25	44	0.909537
25	73	0.930558
25	77	0.924611
25	85	0.90295
25	90	0.904179
25	95	0.884573
25	103	1.49927
25	104	0.916559
25	117	0.889465
25	122	1.54724
25	158	0.899159
25	163	0.916475
25	179	0.938409
26	113	1.31021
26	116	0.889341
26	124	1.55902
26	140	0.898957
26	156	0.910782
26	163	0.919831
26	167	0.910181
26	174	0.914222
26	176	0.917606
26	177	0.915299
26	178	0.904468
26	179	0.972303
26	180	0.919313
27	11	0.970792
27	60	0.936705
27	81	0.917725
27	83	0.909812
27	96	1.47692
27	105	0.864194
27	109	0.902107
27	110	0.911618
27	125	0.895866
27	126	0.891178
27	136	0.900002
27	173	1.20975
27	180	1.27667
28	11	0.891728
28	47	0.839685
28	82	0.785363
28	84	0.827016
28	105	0.785131
28	110	0.832555
28	119	0.799729
28	124	0.834442
28	125	0.816803
28	136	0.820938
28	152	0.866611
28	160	1.87263
28	169	2.06975
29	12	0.966476
29	14	0.966476
29	24	0.84715
29	34	0.831112
29	35	0.91715
29	36	0.91715
29	48	0.894748
29	49	0.894748
29	86	0.914937
29	118	1.4171
29	148	1.38348
29	152	0.950053
29	174	1.16278
30	19	0.859262
30	56	0.808887
30	81	0.83201
30	82	0.778711
30	83	0.824097
30	84	0.820364
30	110	0.825903
30	119	0.793077
30	124	0.82779
30	125	0.810151
30	126	0.805462
30	136	0.814287
30	137	2.15236
30	163	2.08863
31	6	1.7855
31	40	1.21896
31	63	0.86542
31	79	0.847325
31	80	0.908205
31	95	1.15306
31	140	0.883393
31	155	0.897568
31	163	0.904267
31	169	0.90337
31	175	0.895758
31	176	0.902041
31	178	0.888904
31	180	0.903749
32	6	1.85768
32	20	1.13078
32	118	0.868282
32	135	0.888756
32	142	0.875218
32	153	1.1903
32	166	0.911847
32	167	0.887968
32	173	0.901235
32	174	0.892009
32	175	0.889109
32	176	0.895392
32	177	0.893086
32	180	0.897099
33	1	0.843363
33	2	0.843363
33	3	0.837039
33	4	0.935214
33	5	0.935214
33	20	0.914817
33	37	0.895006
33	38	0.895006
33	46	1.41045
33	55	0.878298
33	112	0.917098
33	118	1.58491
33	149	0.905581
33	171	1.26761
34	12	0.857979
34	14	0.857979
34	15	0.860388
34	24	0.738653
34	29	0.831112
34	35	0.808653
34	36	0.808653
34	48	0.786251
34	49	0.786251
34	76	0.816085
34	86	0.80644
34	107	2.94598
34	152	0.841556
34	159	1.25047
35	12	0.944018
35	14	0.944018
35	24	0.824692
35	29	0.91715
35	34	0.808653
35	36	0.894692
35	48	0.87229
35	49	0.87229
35	76	0.902124
35	86	0.892479
35	97	1.55645
35	152	0.927595
35	171	1.27488
35	172	1.43266
36	12	0.944018
36	14	0.944018
36	24	0.824692
36	29	0.91715
36	34	0.808653
36	35	0.894692
36	48	0.87229
36	49	0.87229
36	76	0.902124
36	86	0.892479
36	152	0.927595
36	155	1.44146
36	160	1.25313
36	172	1.56906
37	1	0.843363
37	2	0.843363
37	3	0.837039
37	4	0.935214
37	5	0.935214
37	20	0.914817
37	33	0.895006
37	38	0.895006
37	55	0.878298
37	112	0.917098
37	130	1.55333
37	149	0.905581
37	169	1.39351
37	173	1.31712
38	1	0.843363
38	2	0.843363
38	3	0.837039
38	4	0.935214
38	5	0.935214
38	20	0.914817
38	33	0.895006
38	37	0.895006
38	55	0.878298
38	112	0.917098
38	148	1.57624
38	149	0.905581
38	169	1.33155
38	174	1.35555
39	20	1.38138
39	104	1.20602
39	111	0.879556
39	126	1.56994
39	135	0.888179
39	155	0.890342
39	163	0.897041
39	171	0.896442
39	172	0.891481
39	174	0.891432
39	176	0.894816
39	177	0.892509
39	178	0.881678
39	180	0.896523
40	31	1.21896
40	72	0.91229
40	73	0.909944
40	85	0.882336
40	88	0.891933
40	90	0.883565
40	91	0.875906
40	95	0.863959
40	104	0.895945
40	111	1.59865
40	117	0.868851
40	124	0.897477
40	160	1.42436
40	179	0.917795
41	18	0.768664
41	115	2.12742
41	120	0.823892
41	134	0.820222
41	138	0.846576
41	139	0.809054
41	145	0.829356
41	153	0.818352
41	154	0.820241
41	157	0.810389
41	161	0.82408
41	164	0.814587
41	165	0.814587
41	171	2.11512
42	75	0.855905
42	85	0.891855
42	93	0.880308
42	104	0.905463
42	116	1.53702
42	117	0.878369
42	137	1.35542
42	157	0.892588
42	158	0.888063
42	159	0.886566
42	164	0.896785
42	165	0.896785
42	177	1.37003
42	179	0.927313
43	44	0.812016
43	75	0.76948
43	77	0.827091
43	88	0.815026
43	141	0.801585
43	146	0.788949
43	157	0.806163
43	158	0.801638
43	159	0.800141
43	162	0.816302
43	164	0.81036
43	165	0.81036
43	166	2.20631
43	173	2.33609
43	179	0.840888
44	13	1.78101
44	25	0.909537
44	43	0.812016
44	46	1.61046
44	72	0.902416
44	75	0.836514
44	77	0.894124
44	88	0.88206
44	95	0.854086
44	104	0.886071
44	107	1.14447
44	117	0.858978
44	124	0.887604
44	158	0.868672
44	179	0.907922
45	103	1.8375
45	132	0.856827
45	141	0.865758
45	145	0.889303
45	151	0.85682
45	153	0.878299
45	154	0.880188
45	156	1.38441
45	157	0.870336
45	159	0.864314
45	161	0.884027
45	164	0.874533
45	165	0.874533
45	179	0.905061
45	180	1.34145
46	22	0.905668
46	33	1.41045
46	44	1.61046
46	56	0.858439
46	83	0.873649
46	92	0.911043
46	110	0.875455
46	119	0.84263
46	136	0.863839
46	144	0.877979
46	154	1.45787
46	173	0.878203
46	174	0.868976
46	177	0.870053
46	180	0.874066
47	28	0.839685
47	56	0.882499
47	82	0.852323
47	94	0.869697
47	96	1.64629
47	105	0.852091
47	109	0.890003
47	119	0.866689
47	121	1.44776
47	123	0.862707
47	125	0.883763
47	126	0.879074
47	136	0.887898
47	152	0.933571
47	170	1.46856
48	12	0.921615
48	14	0.921615
48	15	0.924024
48	24	0.80229
48	29	0.894748
48	34	0.786251
48	35	0.87229
48	36	0.87229
48	49	0.849887
48	76	0.879721
48	86	0.870076
48	108	1.19223
48	122	1.99975
48	152	0.905192
48	163	1.36898
49	12	0.921615
49	14	0.921615
49	15	0.924024
49	24	0.80229
49	29	0.894748
49	34	0.786251
49	35	0.87229
49	36	0.87229
49	48	0.849887
49	76	0.879721
49	86	0.870076
49	144	1.41044
49	152	0.905192
49	158	1.44705
49	178	1.70574
50	11	0.939535
50	19	0.913721
50	81	0.886468
50	94	0.850544
50	105	0.832938
50	109	0.87085
50	119	0.847536
50	121	1.51141
50	123	0.843554
50	126	0.859921
50	127	0.87177
50	136	0.868745
50	152	0.914418
50	169	1.51915
50	170	1.5322
51	65	0.848195
51	72	0.900034
51	73	0.897689
51	85	0.870081
51	90	0.87131
51	91	0.863651
51	95	0.851704
51	104	0.883689
51	117	0.856596
51	124	0.885222
51	135	1.66376
51	158	0.86629
51	166	1.33459
51	174	1.56476
51	179	0.90554
52	85	0.869056
52	90	0.870284
52	117	0.85557
52	124	0.884197
52	136	1.50074
52	150	0.859005
52	151	1.62138
52	157	1.31396
52	158	0.865264
52	171	0.880841
52	173	0.885057
52	176	0.879214
52	178	0.866076
52	179	0.904514
52	180	0.880921
53	127	1.18279
53	129	0.951052
53	132	0.911389
53	134	0.934731
53	147	1.10201
53	153	0.932861
53	154	0.93475
53	157	0.924898
53	159	0.918876
53	161	0.938589
53	162	0.935038
53	164	0.929096
53	165	0.929096
53	174	1.17429
53	178	1.4254
53	179	0.959624
54	77	1.6091
54	96	0.843787
54	128	1.49949
54	130	0.844452
54	133	0.877563
54	150	0.845001
54	155	0.860737
54	157	1.62741
54	163	0.867436
54	168	0.875211
54	172	0.861876
54	173	0.871054
54	174	0.861827
54	175	0.858927
54	176	0.86521
54	180	0.866918
55	1	0.826655
55	2	0.826655
55	33	0.878298
55	37	0.878298
55	38	0.878298
55	84	0.871449
55	94	0.84717
55	110	0.876987
55	118	1.76092
55	119	0.844162
55	125	0.861235
55	126	0.856547
55	136	0.865371
55	149	0.888873
55	150	1.62013
55	169	1.4826
56	19	0.908728
56	30	0.808887
56	46	0.858439
56	47	0.882499
56	66	0.836191
56	94	0.845552
56	105	0.827945
56	124	0.877256
56	125	0.859617
56	126	0.854929
56	127	0.866777
56	136	0.863753
56	152	0.909425
56	167	1.6404
56	172	1.53363
56	178	1.68993
57	132	0.844158
57	134	0.867499
57	138	0.893853
57	141	0.853088
57	145	0.876633
57	146	0.840453
57	151	0.844151
57	153	0.865629
57	159	0.851645
57	161	0.871357
57	162	0.867806
57	164	0.861864
57	165	0.861864
57	166	1.52223
57	171	1.68941
57	173	1.65201
58	101	0.873511
58	113	0.834479
58	120	0.855898
58	141	0.837817
58	145	0.861362
58	151	0.82888
58	153	0.850358
58	156	1.73758
58	157	0.842395
58	159	0.836373
58	161	0.856086
58	162	0.852535
58	164	0.846593
58	165	0.846593
58	171	1.6651
58	175	1.76044
58	179	0.877121
59	6	0.810659
59	79	1.93985
59	131	0.86826
59	138	0.88224
59	145	0.86502
59	146	0.82884
59	151	0.832538
59	153	0.854016
59	154	0.855905
59	157	0.846053
59	159	0.840031
59	161	0.859744
59	162	0.856193
59	164	0.850251
59	165	0.850251
59	176	1.65074
59	177	1.57253
60	19	0.950831
60	27	0.936705
60	81	0.923578
60	83	0.915665
60	94	0.887654
60	97	1.26734
60	109	0.90796
60	110	0.917471
60	119	0.884646
60	122	1.55932
60	124	0.919358
60	125	0.901719
60	126	0.897031
60	136	0.905855
60	152	0.951527
60	156	1.05825
60	178	1.29986
61	116	0.892262
61	126	1.37185
61	136	1.25029
61	138	1.09465
61	139	1.29827
61	150	0.900318
61	156	0.913704
61	163	0.922753
61	168	0.930528
61	169	0.921855
61	171	0.922154
61	172	0.917193
61	174	0.917144
61	175	0.914244
61	177	0.918221
61	178	0.90739
61	180	0.922234
62	96	0.830381
62	104	1.71446
62	109	1.73909
62	147	0.844509
62	155	0.847331
62	156	0.844981
62	162	1.58299
62	163	0.85403
62	166	0.868259
62	168	0.861805
62	169	0.853132
62	173	0.857647
62	174	0.848421
62	175	0.845521
62	176	0.851804
62	178	0.838667
62	180	0.853511
63	31	0.86542
63	64	1.83016
63	84	1.41445
63	119	1.7917
63	150	0.829362
63	166	0.866027
63	168	0.859573
63	170	0.852741
63	171	0.851198
63	172	0.846238
63	173	0.855415
63	174	0.846188
63	175	0.843288
63	176	0.849572
63	177	0.847265
63	178	0.836434
63	180	0.851279
64	63	1.83016
64	76	0.863884
64	114	0.835776
64	133	1.57755
64	134	0.85261
64	138	0.878965
64	141	0.8382
64	146	0.825565
64	148	0.836663
64	153	0.850741
64	156	1.73477
64	159	0.836756
64	161	0.856469
64	162	0.852917
64	164	0.846975
64	165	0.846975
64	179	0.877503
65	4	1.51097
65	51	0.848195
65	75	0.808042
65	86	0.856185
65	104	0.857599
65	109	1.73116
65	110	1.81542
65	117	0.830505
65	158	0.840199
65	160	0.863632
65	170	0.857319
65	173	0.859992
65	175	0.847866
65	176	0.854149
65	178	0.841012
65	179	0.879449
65	180	0.855856
66	8	0.921197
66	11	0.91238
66	56	0.836191
66	82	0.806015
66	83	0.8514
66	84	0.847668
66	94	0.823389
66	105	0.805783
66	108	1.4381
66	109	0.843696
66	110	0.853207
66	125	0.837455
66	126	0.832766
66	136	0.84159
66	148	1.95575
66	152	0.887263
66	175	1.76742
67	116	1.39932
67	128	0.918135
67	129	0.914347
67	131	0.910401
67	138	0.924381
67	141	0.883616
67	151	0.874678
67	153	0.896157
67	157	0.888194
67	159	0.882172
67	161	0.901885
67	162	0.898333
67	164	0.892391
67	165	0.892391
67	167	1.47576
67	172	1.36899
67	179	0.922919
67	180	1.24073
68	103	0.805013
68	119	1.95175
68	137	0.830215
68	145	1.74202
68	154	1.64295
68	155	0.837056
68	160	0.851012
68	163	0.843755
68	166	0.857984
68	168	0.851531
68	170	0.844699
68	171	0.843156
68	172	0.838195
68	174	0.838146
68	175	0.835246
68	176	0.84153
68	177	0.839223
68	180	0.843237
69	75	1.65103
69	90	1.38464
69	131	1.06919
69	145	1.20991
69	147	0.891034
69	160	0.907812
69	163	0.900555
69	166	0.914784
69	168	0.90833
69	169	0.899657
69	170	0.901498
69	171	0.899956
69	172	0.894995
69	174	0.894946
69	175	0.892046
69	176	0.898329
69	177	0.896023
69	180	0.900036
70	76	1.16174
70	113	1.472
70	122	0.870543
70	124	1.7208
70	150	0.884564
70	156	0.89795
70	160	0.914257
70	162	0.966686
70	163	0.907
70	169	0.906102
70	170	0.907943
70	171	0.906401
70	174	0.901391
70	175	0.89849
70	176	0.904774
70	177	0.902467
70	178	0.891636
70	180	0.906481
71	107	0.893629
71	128	1.19595
71	131	1.29489
71	134	1.52016
71	156	0.892409
71	160	0.908715
71	166	0.915687
71	168	0.909233
71	170	0.902402
71	171	0.900859
71	173	0.905075
71	174	0.895849
71	175	0.892949
71	176	0.899232
71	177	0.896926
71	178	0.886095
71	179	1.30423
71	180	0.900939
72	40	0.91229
72	44	0.902416
72	51	0.900034
72	73	0.923438
72	75	0.859881
72	77	0.917491
72	88	0.905427
72	90	0.897059
72	91	0.8894
72	95	0.877453
72	104	0.909438
72	117	0.882345
72	123	1.59789
72	140	1.31611
72	148	1.37748
72	158	0.892039
72	176	1.19313
72	179	0.931289
73	25	0.930558
73	40	0.909944
73	51	0.897689
73	72	0.923438
73	75	0.857536
73	77	0.915146
73	88	0.903082
73	90	0.894714
73	91	0.887055
73	92	1.25317
73	95	0.875108
73	104	0.907093
73	117	0.88
73	135	1.51603
73	137	1.36057
73	158	0.889694
73	171	1.35404
73	179	0.928944
74	123	1.79861
74	128	0.9067
74	129	0.902912
74	131	0.898966
74	139	0.875423
74	141	0.872181
74	145	0.895726
74	151	0.863243
74	154	0.88661
74	155	1.32471
74	156	1.36699
74	157	0.876759
74	159	0.870737
74	161	0.89045
74	162	0.886898
74	164	0.880956
74	165	0.880956
74	171	1.29451
74	179	0.911484
75	10	0.803822
75	42	0.855905
75	43	0.76948
75	44	0.836514
75	65	0.808042
75	69	1.65103
75	72	0.859881
75	73	0.857536
75	77	0.851589
75	88	0.839525
75	90	0.831156
75	91	0.823498
75	95	0.81155
75	97	2.13679
75	104	0.843536
75	117	0.816442
75	158	0.826136
75	176	1.95455
75	179	0.865386
76	24	0.832124
76	34	0.816085
76	35	0.902124
76	36	0.902124
76	48	0.879721
76	49	0.879721
76	64	0.863884
76	70	1.16174
76	122	1.88392
76	141	0.883871
76	143	1.38488
76	152	0.935026
76	153	0.896412
76	154	0.898301
76	161	0.90214
76	164	0.892647
76	165	0.892647
76	177	1.3315
76	179	0.923175
77	10	0.861432
77	25	0.924611
77	43	0.827091
77	44	0.894124
77	54	1.6091
77	72	0.917491
77	73	0.915146
77	75	0.851589
77	85	0.887538
77	90	0.888767
77	91	0.881108
77	95	0.869161
77	104	0.901146
77	117	0.874053
77	144	1.30283
77	148	1.56772
77	158	0.883747
77	171	1.28404
77	179	0.922997
78	84	1.89379
78	98	0.848328
78	128	1.82164
78	131	1.92057
78	133	0.846064
78	140	0.815063
78	143	0.811051
78	156	0.826887
78	163	0.835937
78	167	0.826287
78	169	0.835039
78	170	0.83688
78	172	0.830377
78	173	0.839554
78	175	0.827427
78	176	0.833711
78	177	0.831404
78	178	0.820573
78	180	0.835418
79	31	0.847325
79	59	1.93985
79	98	0.846094
79	132	1.88688
79	150	0.811268
79	156	0.824654
79	161	1.83138
79	166	0.847932
79	167	0.824053
79	170	0.834647
79	171	0.833104
79	172	0.828143
79	173	0.83732
79	174	0.828094
79	175	0.825194
79	176	0.831477
79	177	0.829171
79	178	0.81834
79	180	0.833184
80	31	0.908205
80	103	0.855841
80	110	1.35756
80	115	0.874851
80	116	0.864092
80	121	0.893038
80	128	1.17632
80	140	0.873709
80	153	1.48354
80	159	1.59983
80	168	0.902358
80	169	0.893685
80	170	0.895526
80	171	0.893984
80	172	0.889023
80	176	0.892357
80	177	0.89005
80	178	0.879219
80	180	0.894064
81	19	0.931851
81	27	0.917725
81	30	0.83201
81	50	0.886468
81	60	0.923578
81	82	0.8513
81	84	0.892953
81	94	0.868674
81	97	1.63941
81	98	1.37
81	105	0.851068
81	110	0.898492
81	119	0.865666
81	125	0.88274
81	126	0.878051
81	136	0.886875
81	152	0.932548
81	169	1.39682
81	177	1.37897
82	19	0.878552
82	28	0.785363
82	30	0.778711
82	47	0.852323
82	66	0.806015
82	81	0.8513
82	83	0.843387
82	84	0.839654
82	108	1.80609
82	109	0.835682
82	110	0.845193
82	119	0.812368
82	124	0.84708
82	125	0.829441
82	126	0.824753
82	127	0.836601
82	136	0.833577
82	168	1.89398
82	177	2.06119
83	11	0.949752
83	27	0.909812
83	30	0.824097
83	46	0.873649
83	60	0.915665
83	66	0.8514
83	82	0.843387
83	99	1.34281
83	105	0.843155
83	109	0.881067
83	110	0.890578
83	119	0.857753
83	123	0.853771
83	125	0.874827
83	126	0.870138
83	127	0.881987
83	136	0.878962
83	140	1.70032
83	158	1.5334
83	180	1.50752
84	11	0.94602
84	22	0.917059
84	28	0.827016
84	30	0.820364
84	55	0.871449
84	63	1.41445
84	66	0.847668
84	78	1.89379
84	81	0.892953
84	82	0.839654
84	105	0.839422
84	109	0.877335
84	110	0.886846
84	124	0.888733
84	125	0.871094
84	127	0.878254
84	136	0.87523
84	140	1.4689
84	144	1.26538
84	152	0.920902
85	10	0.839771
85	25	0.90295
85	40	0.882336
85	42	0.891855
85	51	0.870081
85	52	0.869056
85	77	0.887538
85	86	0.878071
85	88	0.875474
85	90	0.867106
85	91	0.859447
85	99	1.40656
85	104	0.879485
85	117	0.852391
85	124	0.881018
85	133	1.457
85	148	1.82543
85	158	0.862085
85	168	1.39567
85	179	0.901336
86	24	0.822479
86	29	0.914937
86	34	0.80644
86	35	0.892479
86	36	0.892479
86	48	0.870076
86	49	0.870076
86	65	0.856185
86	85	0.878071
86	88	0.887668
86	91	0.871641
86	95	0.859694
86	111	1.62871
86	117	0.864586
86	152	0.925381
86	158	0.87428
86	160	1.45443
86	163	1.55535
86	166	1.44539
86	179	0.91353
87	21	1.90939
87	102	0.841396
87	107	1.15292
87	131	0.892092
87	132	0.856376
87	134	0.879717
87	138	0.906071
87	139	0.868549
87	141	0.865306
87	146	0.852671
87	147	1.46678
87	153	0.877848
87	154	0.879736
87	159	0.863863
87	161	0.883576
87	162	0.880024
87	164	0.874082
87	165	0.874082
87	170	1.52812
87	179	0.90461
88	10	0.849368
88	40	0.891933
88	43	0.815026
88	44	0.88206
88	72	0.905427
88	73	0.903082
88	75	0.839525
88	85	0.875474
88	86	0.887668
88	91	0.869044
88	95	0.857096
88	104	0.889082
88	106	1.41299
88	117	0.861988
88	118	1.77299
88	124	0.890615
88	133	1.37095
88	156	1.52817
88	158	0.871682
88	179	0.910932
89	100	0.886153
89	117	1.49529
89	130	0.853942
89	136	1.38512
89	146	1.58475
89	150	0.854491
89	160	0.884183
89	165	1.44999
89	166	0.891155
89	168	0.884702
89	169	0.876029
89	170	0.87787
89	171	0.876327
89	172	0.871366
89	173	0.880544
89	174	0.871317
89	175	0.868417
89	176	0.874701
89	177	0.872394
89	180	0.876408
90	25	0.904179
90	40	0.883565
90	51	0.87131
90	52	0.870284
90	69	1.38464
90	72	0.897059
90	73	0.894714
90	75	0.831156
90	77	0.888767
90	85	0.867106
90	91	0.860675
90	95	0.848728
90	104	0.880714
90	117	0.85362
90	124	0.882246
90	158	0.863314
90	168	1.44274
90	173	1.55142
90	175	1.68417
90	179	0.902564
91	10	0.833341
91	13	1.78026
91	40	0.875906
91	51	0.863651
91	72	0.8894
91	73	0.887055
91	75	0.823498
91	77	0.881108
91	85	0.859447
91	86	0.871641
91	88	0.869044
91	90	0.860675
91	95	0.841069
91	104	0.873055
91	117	0.845961
91	124	0.874588
91	137	1.47339
91	143	1.54138
91	158	0.855655
91	176	1.56621
91	179	0.894905
92	46	0.911043
92	73	1.25317
92	118	0.897767
92	130	0.904119
92	143	0.902218
92	144	0.930497
92	145	1.31322
92	155	0.920404
92	156	0.918054
92	162	1.01444
92	163	0.927103
92	165	1.45312
92	167	0.917453
92	169	0.926205
92	170	0.928047
92	171	0.926504
92	172	0.921543
92	173	0.93072
92	178	0.91174
92	179	1.18184
92	180	0.926584
93	42	0.880308
93	101	0.886179
93	114	0.848062
93	120	0.868566
93	129	0.881217
93	132	0.841554
93	138	0.89125
93	139	0.853728
93	140	1.77603
93	143	1.62823
93	146	0.83785
93	154	0.864915
93	155	1.58391
93	157	0.855063
93	159	0.849041
93	160	1.39558
93	161	0.868754
93	162	0.865203
93	164	0.859261
93	165	0.859261
93	179	0.889789
94	8	0.930557
94	47	0.869697
94	50	0.850544
94	55	0.84717
94	56	0.845552
94	60	0.887654
94	66	0.823389
94	81	0.868674
94	105	0.815143
94	106	1.67346
94	109	0.853056
94	110	0.862567
94	119	0.829742
94	123	0.82576
94	125	0.846815
94	126	0.842127
94	127	0.853976
94	136	0.850951
94	147	1.70686
94	152	0.896623
94	155	1.74635
94	160	1.55802
95	10	0.821393
95	21	1.9499
95	25	0.884573
95	31	1.15306
95	40	0.863959
95	44	0.854086
95	51	0.851704
95	72	0.877453
95	73	0.875108
95	75	0.81155
95	77	0.869161
95	86	0.859694
95	88	0.857096
95	90	0.848728
95	91	0.841069
95	104	0.861108
95	117	0.834014
95	124	0.86264
95	142	1.70862
95	158	0.843708
95	178	1.83068
95	179	0.882958
96	23	0.809667
96	27	1.47692
96	47	1.64629
96	54	0.843787
96	62	0.830381
96	105	1.92231
96	121	0.865451
96	140	0.846122
96	142	0.844596
96	147	0.857475
96	155	0.860297
96	167	0.857346
96	168	0.874771
96	169	0.866098
96	170	0.86794
96	171	0.866397
96	173	0.870613
96	175	0.858487
96	177	0.862464
96	178	0.851632
96	179	1.51248
96	180	0.866477
97	35	1.55645
97	60	1.26734
97	75	2.13679
97	81	1.63941
97	122	0.824761
97	143	0.836333
97	144	0.864612
97	147	0.851697
97	156	0.852168
97	163	0.861218
97	166	0.875447
97	167	0.851568
97	168	0.868993
97	170	0.862162
97	172	0.855658
97	173	0.864835
97	174	0.855609
97	175	0.852709
97	176	0.858992
97	177	0.856686
97	178	0.845854
97	180	0.860699
98	14	1.07504
98	78	0.848328
98	79	0.846094
98	81	1.37
98	142	0.880636
98	147	0.893516
98	151	1.62193
98	155	0.896337
98	160	0.910293
98	164	1.4747
98	166	0.917265
98	168	0.910812
98	169	0.902139
98	170	0.90398
98	171	0.902437
98	172	0.897476
98	173	0.906654
98	175	0.894527
98	176	0.90081
98	177	0.898504
98	178	0.887673
98	179	1.29487
98	180	0.902518
99	83	1.34281
99	85	1.40656
99	100	0.908092
99	125	1.44072
99	129	1.28382
99	134	1.36346
99	150	0.876429
99	156	0.889815
99	158	0.882689
99	163	0.898865
99	167	0.889214
99	168	0.90664
99	169	0.897967
99	170	0.899808
99	171	0.898265
99	172	0.893305
99	173	0.902482
99	174	0.893255
99	175	0.890355
99	176	0.896639
99	177	0.894332
99	178	0.883501
99	180	0.898346
100	89	0.886153
100	99	0.908092
100	103	0.86113
100	134	1.4632
100	138	1.29804
100	143	0.874987
100	144	0.903266
100	147	0.890351
100	156	0.890823
100	157	1.2669
100	160	0.907129
100	163	0.899872
100	165	1.51855
100	166	0.914101
100	167	0.890222
100	171	0.899273
100	173	0.903489
100	174	0.894263
100	176	0.897646
100	177	0.89534
100	178	0.884509
100	179	1.24726
100	180	0.899353
101	6	0.863065
101	58	0.873511
101	93	0.886179
101	102	0.869971
101	103	1.71392
101	113	0.890543
101	114	0.891458
101	128	0.9284
101	134	0.908292
101	139	0.897123
101	146	0.881246
101	151	0.884944
101	154	0.908311
101	156	1.26083
101	157	0.898459
101	159	0.892437
101	161	0.91215
101	162	0.908599
101	164	0.902657
101	165	0.902657
101	170	1.24039
101	176	1.28769
101	178	1.50244
102	87	0.841396
102	101	0.869971
102	116	1.93313
102	128	0.868796
102	132	0.825346
102	134	0.848688
102	138	0.875042
102	139	0.837519
102	145	0.857822
102	146	0.821642
102	151	0.825339
102	153	0.846818
102	154	0.848707
102	157	0.838855
102	159	0.832833
102	161	0.852546
102	162	0.848995
102	164	0.843052
102	165	0.843052
102	168	1.59893
102	171	1.74501
102	173	1.70761
102	179	0.87358
103	25	1.49927
103	45	1.8375
103	68	0.805013
103	80	0.855841
103	100	0.86113
103	101	1.71392
103	107	0.844074
103	150	0.829468
103	156	0.842854
103	157	1.82793
103	160	0.85916
103	163	0.851903
103	166	0.866132
103	167	0.842253
103	168	0.859678
103	169	0.851005
103	170	0.852847
103	171	0.851304
103	172	0.846343
103	175	0.843394
103	176	0.849677
103	178	0.83654
103	180	0.851384
104	10	0.853379
104	25	0.916559
104	39	1.20602
104	40	0.895945
104	42	0.905463
104	44	0.886071
104	51	0.883689
104	62	1.71446
104	65	0.857599
104	72	0.909438
104	73	0.907093
104	75	0.843536
104	77	0.901146
104	85	0.879485
104	88	0.889082
104	90	0.880714
104	91	0.873055
104	95	0.861108
104	117	0.866
104	118	1.56408
104	140	1.4691
104	158	0.875694
104	174	1.30976
104	179	0.914944
105	8	0.912951
105	22	0.875174
105	27	0.864194
105	28	0.785131
105	47	0.852091
105	50	0.832938
105	56	0.827945
105	66	0.805783
105	81	0.851068
105	83	0.843155
105	84	0.839422
105	94	0.815143
105	96	1.92231
105	109	0.83545
105	110	0.844961
105	119	0.812135
105	125	0.829209
105	126	0.824521
105	127	0.836369
105	136	0.833345
105	142	1.88457
105	144	1.71133
105	152	0.879017
105	170	1.74458
106	88	1.41299
106	94	1.67346
106	130	0.856717
106	135	0.870839
106	137	0.866161
106	140	0.858827
106	147	0.87018
106	153	1.43895
106	155	0.873002
106	161	1.40023
106	163	0.879701
106	165	1.5113
106	166	0.89393
106	167	0.870051
106	168	0.887476
106	169	0.878803
106	170	0.880644
106	171	0.879102
106	172	0.874141
106	173	0.883318
106	174	0.874092
106	175	0.871192
106	176	0.877475
106	177	0.875169
106	180	0.879182
107	34	2.94598
107	44	1.14447
107	71	0.893629
107	87	1.15292
107	103	0.844074
107	111	0.86533
107	116	0.852325
107	118	0.85348
107	129	1.09584
107	135	0.873954
107	137	0.869276
107	155	0.876117
107	160	0.890073
107	161	1.11977
107	166	0.897045
107	167	0.873166
107	168	0.890591
107	169	0.881918
107	171	0.882217
107	172	0.877256
107	174	0.877207
107	175	0.874307
107	177	0.878284
107	178	0.867453
107	180	0.882297
108	48	1.19223
108	66	1.4381
108	82	1.80609
108	119	1.38987
108	120	0.884865
108	124	1.63546
108	132	0.857853
108	137	0.869473
108	146	0.854149
108	151	0.857846
108	154	0.881214
108	157	0.871362
108	158	0.866837
108	159	0.86534
108	162	0.881502
108	164	0.875559
108	165	0.875559
108	168	0.890788
108	169	0.882115
108	170	0.883957
108	171	0.882414
108	174	0.877404
108	176	0.880787
108	177	0.878481
108	180	0.882494
109	8	0.950864
109	22	0.913087
109	27	0.902107
109	47	0.890003
109	50	0.87085
109	60	0.90796
109	62	1.73909
109	65	1.73116
109	66	0.843696
109	82	0.835682
109	83	0.881067
109	84	0.877335
109	94	0.853056
109	105	0.83545
109	110	0.882873
109	119	0.850048
109	123	0.846066
109	124	0.884761
109	125	0.867122
109	126	0.862433
109	127	0.874282
109	135	1.43341
109	136	0.871257
109	175	1.36676
109	177	1.29254
110	22	0.922598
110	27	0.911618
110	28	0.832555
110	30	0.825903
110	46	0.875455
110	55	0.876987
110	60	0.917471
110	65	1.81542
110	66	0.853207
110	80	1.35756
110	81	0.898492
110	82	0.845193
110	83	0.890578
110	84	0.886846
110	94	0.862567
110	105	0.844961
110	109	0.882873
110	119	0.859559
110	125	0.876633
110	126	0.871944
110	127	0.883793
110	136	0.880768
110	150	1.53219
110	166	1.1885
110	178	1.66977
111	39	0.879556
111	40	1.59865
111	86	1.62871
111	107	0.86533
111	117	1.61545
111	122	0.836703
111	135	0.864297
111	137	0.859619
111	143	0.848274
111	147	0.863639
111	152	1.28163
111	159	1.6141
111	160	0.880416
111	163	0.873159
111	167	0.863509
111	169	0.872262
111	170	0.874103
111	171	0.87256
111	172	0.867599
111	173	0.876777
111	174	0.86755
111	175	0.86465
111	176	0.870933
111	177	0.868627
111	178	0.857796
111	180	0.872641
112	1	0.865455
112	2	0.865455
112	3	0.859131
112	4	0.957306
112	5	0.957306
112	15	1.06984
112	20	0.936909
112	33	0.917098
112	37	0.917098
112	38	0.917098
112	125	1.39176
112	129	1.23486
112	134	1.31451
112	142	0.892517
112	147	0.905397
112	149	0.927673
112	151	1.42563
112	161	1.25879
112	167	0.905267
112	171	0.914318
112	173	0.918535
112	175	0.906408
112	176	0.912692
112	177	0.910385
112	178	0.899554
112	180	0.914399
113	26	1.31021
113	58	0.834479
113	70	1.472
113	101	0.890543
113	114	0.852425
113	120	0.87293
113	128	0.889368
113	129	0.88558
113	131	0.881634
113	139	0.858091
113	141	0.854849
113	145	0.878394
113	146	0.842213
113	150	1.79713
113	151	0.845911
113	153	0.86739
113	154	0.869278
113	157	0.859427
113	159	0.853405
113	161	0.873118
113	162	0.869566
113	163	1.56341
113	164	0.863624
113	165	0.863624
113	176	1.71996
113	179	0.894152
114	64	0.835776
114	93	0.848062
114	101	0.891458
114	113	0.852425
114	120	0.873845
114	128	0.890282
114	130	1.63457
114	134	0.870174
114	138	0.896528
114	139	0.859006
114	140	1.65809
114	146	0.843128
114	148	0.854227
114	149	0.884748
114	151	0.846826
114	154	0.870193
114	157	0.860342
114	159	0.85432
114	161	0.874033
114	162	0.870481
114	164	0.864539
114	165	0.864539
114	173	1.39836
114	178	1.74986
114	179	0.895067
114	180	1.46529
115	16	1.08874
115	41	2.12742
115	80	0.874851
115	116	0.840423
115	121	0.869369
115	141	1.54192
115	144	0.874308
115	146	1.70106
115	150	0.848478
115	152	1.27778
115	155	0.864215
115	156	0.861864
115	163	0.870914
115	166	0.885143
115	167	0.861264
115	168	0.878689
115	169	0.870016
115	170	0.871857
115	172	0.865354
115	173	0.874531
115	174	0.865305
115	175	0.862404
115	176	0.868688
115	177	0.866381
115	178	0.85555
115	180	0.870395
116	26	0.889341
116	42	1.53702
116	61	0.892262
116	67	1.39932
116	80	0.864092
116	102	1.93313
116	107	0.852325
116	115	0.840423
116	121	0.858609
116	137	0.846614
116	139	1.72523
116	143	0.835269
116	144	0.863549
116	149	1.46309
116	155	0.853455
116	166	0.874383
116	167	0.850504
116	168	0.86793
116	169	0.859257
116	170	0.861098
116	172	0.854594
116	173	0.863772
116	174	0.854545
116	176	0.857928
116	177	0.855622
116	178	0.844791
116	180	0.859636
117	10	0.826285
117	25	0.889465
117	40	0.868851
117	42	0.878369
117	44	0.858978
117	51	0.856596
117	52	0.85557
117	65	0.830505
117	72	0.882345
117	73	0.88
117	75	0.816442
117	77	0.874053
117	85	0.852391
117	86	0.864586
117	88	0.861988
117	89	1.49529
117	90	0.85362
117	91	0.845961
117	95	0.834014
117	104	0.866
117	111	1.61545
117	124	0.867532
117	158	0.8486
117	166	1.43212
117	167	1.86386
117	172	1.75708
117	179	0.88785
118	29	1.4171
118	32	0.868282
118	33	1.58491
118	55	1.76092
118	88	1.77299
118	92	0.897767
118	104	1.56408
118	107	0.85348
118	122	0.824852
118	133	0.871436
118	142	0.838909
118	144	0.864703
118	158	0.845133
118	160	0.868566
118	163	0.861309
118	166	0.875538
118	167	0.851659
118	169	0.860411
118	170	0.862253
118	171	0.86071
118	172	0.855749
118	173	0.864926
118	174	0.8557
118	175	0.8528
118	176	0.859083
118	178	0.845945
118	180	0.86079
119	8	0.927549
119	11	0.918733
119	22	0.889773
119	28	0.799729
119	30	0.793077
119	46	0.84263
119	47	0.866689
119	50	0.847536
119	55	0.844162
119	60	0.884646
119	63	1.7917
119	68	1.95175
119	81	0.865666
119	82	0.812368
119	83	0.857753
119	94	0.829742
119	105	0.812135
119	108	1.38987
119	109	0.850048
119	110	0.859559
119	121	1.65508
119	123	0.822752
119	125	0.843807
119	126	0.839119
119	127	0.850967
119	136	0.847943
119	152	0.893615
119	180	1.65336
120	41	0.823892
120	58	0.855898
120	93	0.868566
120	108	0.884865
120	113	0.87293
120	114	0.873845
120	124	0.00238854
120	129	0.907
120	131	0.903053
120	138	0.917033
120	139	0.879511
120	141	0.876268
120	143	1.78242
120	145	0.899813
120	146	0.863633
120	151	0.867331
120	153	0.888809
120	154	0.890698
120	157	0.880847
120	158	1.76332
120	159	0.874825
120	161	0.894537
120	162	0.890986
120	164	0.885044
120	165	0.885044
120	170	1.75995
120	174	1.77089
120	179	0.915572
120	180	1.73743
121	4	1.08247
121	47	1.44776
121	50	1.51141
121	80	0.893038
121	96	0.865451
121	115	0.869369
121	116	0.858609
121	119	1.65508
121	135	0.880238
121	140	0.868226
121	142	0.8667
121	144	0.892494
121	147	0.879579
121	156	0.880051
121	157	1.3336
121	159	1.6292
121	160	0.896357
121	166	0.903329
121	167	0.87945
121	169	0.888202
121	170	0.890044
121	171	0.888501
121	172	0.88354
121	173	0.892717
121	174	0.883491
121	175	0.880591
121	176	0.886874
121	177	0.884568
121	180	0.888581
122	25	1.54724
122	48	1.99975
122	60	1.55932
122	70	0.870543
122	76	1.88392
122	97	0.824761
122	111	0.836703
122	118	0.824852
122	127	0.846467
122	133	0.864316
122	137	0.840649
122	140	0.833315
122	142	0.831789
122	143	0.829303
122	150	0.831753
122	162	1.68886
122	163	0.854189
122	167	0.844539
122	168	0.861964
122	169	0.853291
122	170	0.855132
122	171	0.85359
122	172	0.848629
122	173	0.857806
122	174	0.848579
122	175	0.845679
122	177	0.849656
122	178	0.838825
122	180	0.85367
123	8	0.923567
123	12	1.52282
123	47	0.862707
123	50	0.843554
123	72	1.59789
123	74	1.79861
123	83	0.853771
123	94	0.82576
123	109	0.846066
123	119	0.822752
123	125	0.839825
123	126	0.835137
123	127	0.846985
123	135	0.845845
123	140	0.833833
123	152	0.889633
123	154	1.81913
123	162	1.61941
123	166	0.868936
123	167	0.845057
123	168	0.862483
123	169	0.85381
123	172	0.849147
123	173	0.858325
123	174	0.849098
123	177	0.850175
123	178	0.839344
123	180	0.854189
124	19	0.927631
124	26	1.55902
124	28	0.834442
124	30	0.82779
124	40	0.897477
124	44	0.887604
124	51	0.885222
124	52	0.884197
124	56	0.877256
124	60	0.919358
124	70	1.7208
124	82	0.84708
124	84	0.888733
124	85	0.881018
124	88	0.890615
124	90	0.882246
124	91	0.874588
124	95	0.86264
124	108	1.63546
124	109	0.884761
124	117	0.867532
124	120	0.00238854
124	125	0.87852
124	126	0.873831
124	136	0.882655
124	137	1.87595
124	152	0.928328
124	175	1.96477
124	179	0.916476
125	8	0.944623
125	19	0.909992
125	22	0.906846
125	27	0.895866
125	28	0.816803
125	30	0.810151
125	47	0.883763
125	55	0.861235
125	56	0.859617
125	60	0.901719
125	66	0.837455
125	81	0.88274
125	82	0.829441
125	83	0.874827
125	84	0.871094
125	94	0.846815
125	99	1.44072
125	105	0.829209
125	109	0.867122
125	110	0.876633
125	112	1.39176
125	119	0.843807
125	123	0.839825
125	124	0.87852
125	126	0.856192
125	136	0.865017
125	152	0.910689
125	158	1.63131
125	174	1.63889
125	176	1.67524
125	180	1.60542
126	8	0.939934
126	11	0.931118
126	19	0.905304
126	22	0.902158
126	27	0.891178
126	30	0.805462
126	39	1.56994
126	47	0.879074
126	50	0.859921
126	55	0.856547
126	56	0.854929
126	60	0.897031
126	61	1.37185
126	66	0.832766
126	81	0.878051
126	82	0.824753
126	83	0.870138
126	94	0.842127
126	105	0.824521
126	109	0.862433
126	110	0.871944
126	119	0.839119
126	123	0.835137
126	124	0.873831
126	125	0.856192
126	136	0.860328
126	152	0.906
126	156	1.68318
126	158	1.6661
126	166	1.44351
126	169	1.64968
127	2	1.84212
127	50	0.87177
127	53	1.18279
127	56	0.866777
127	82	0.836601
127	83	0.881987
127	84	0.878254
127	94	0.853976
127	105	0.836369
127	109	0.874282
127	110	0.883793
127	119	0.850967
127	122	0.846467
127	123	0.846985
127	130	0.859939
127	136	0.872177
127	141	1.60111
127	147	0.873402
127	150	0.860488
127	151	1.68126
127	156	0.873874
127	157	1.37384
127	160	0.89018
127	164	1.53402
127	167	0.873273
127	169	0.882025
127	172	0.877363
127	176	0.880697
127	177	0.878391
127	178	0.86756
127	180	0.882404
128	15	0.962693
128	54	1.49949
128	67	0.918135
128	71	1.19595
128	74	0.9067
128	78	1.82164
128	80	1.17632
128	101	0.9284
128	102	0.868796
128	113	0.889368
128	114	0.890282
128	132	0.883775
128	134	0.907117
128	139	0.895948
128	141	0.892706
128	145	0.916251
128	146	0.880071
128	149	0.92169
128	151	0.883768
128	153	0.905247
128	154	0.907136
128	157	0.897284
128	159	0.891262
128	161	0.910975
128	162	0.907424
128	164	0.901482
128	165	0.901482
128	175	1.26978
128	177	1.19556
128	179	0.932009
128	180	1.20396
129	7	0.860488
129	9	0.956277
129	53	0.951052
129	67	0.914347
129	74	0.902912
129	93	0.881217
129	99	1.28382
129	107	1.09584
129	112	1.23486
129	113	0.88558
129	120	0.907
129	131	0.915704
129	134	0.903329
129	138	0.929683
129	141	0.888918
129	145	0.912463
129	146	0.876283
129	149	0.917903
129	150	1.59551
129	151	0.879981
129	153	0.90146
129	157	0.893497
129	159	0.887475
129	161	0.907187
129	162	0.903636
129	164	0.897694
129	165	0.897694
129	166	1.25182
129	174	1.48199
129	177	1.44013
129	179	0.928222
130	14	1.26169
130	23	0.810332
130	37	1.55333
130	54	0.844452
130	89	0.853942
130	92	0.904119
130	106	0.856717
130	114	1.63457
130	127	0.859939
130	132	1.69724
130	133	0.877788
130	141	1.72843
130	142	0.845261
130	143	0.842776
130	150	0.845226
130	156	0.858612
130	160	0.874918
130	163	0.867661
130	164	1.66134
130	166	0.88189
130	167	0.858011
130	168	0.875436
130	169	0.866764
130	170	0.868605
130	171	0.867062
130	173	0.871279
130	174	0.862052
130	175	0.859152
130	176	0.865435
130	177	0.863129
130	178	0.852298
130	180	0.867143
131	59	0.86826
131	67	0.910401
131	69	1.06919
131	71	1.29489
131	74	0.898966
131	78	1.92057
131	87	0.892092
131	113	0.881634
131	120	0.903053
131	129	0.915704
131	132	0.876042
131	134	0.899383
131	138	0.925737
131	139	0.888215
131	141	0.884972
131	145	0.908517
131	146	0.872337
131	149	0.913956
131	151	0.876035
131	153	0.897513
131	154	0.899402
131	157	0.889551
131	159	0.883529
131	161	0.903241
131	162	0.89969
131	164	0.893748
131	165	0.893748
131	168	1.12729
131	169	1.31236
131	176	1.37271
131	178	1.58746
131	179	0.924276
132	45	0.856827
132	53	0.911389
132	57	0.844158
132	79	1.88688
132	87	0.856376
132	93	0.841554
132	102	0.825346
132	108	0.857853
132	128	0.883775
132	130	1.69724
132	131	0.876042
132	134	0.863667
132	138	0.890021
132	139	0.852499
132	141	0.849256
132	145	0.872801
132	146	0.836621
132	147	1.48914
132	149	0.87824
132	151	0.840319
132	153	0.861798
132	154	0.863686
132	157	0.853835
132	158	1.55384
132	159	0.847813
132	161	0.867525
132	162	0.863974
132	164	0.858032
132	165	0.858032
132	169	1.53742
132	177	1.51956
132	179	0.88856
133	54	0.877563
133	64	1.57755
133	78	0.846064
133	85	1.457
133	88	1.37095
133	118	0.871436
133	122	0.864316
133	130	0.877788
133	137	0.887232
133	140	0.879898
133	142	0.878372
133	143	0.875887
133	144	0.904167
133	146	1.60401
133	147	0.891252
133	150	0.878337
133	154	1.23029
133	156	0.891723
133	157	1.21761
133	161	1.35819
133	163	0.900772
133	166	0.915001
133	167	0.891122
133	169	0.899875
133	170	0.901716
133	172	0.895212
133	173	0.90439
133	174	0.895163
133	175	0.892263
133	176	0.898546
133	177	0.89624
133	178	0.885409
133	180	0.900254
134	41	0.820222
134	53	0.934731
134	57	0.867499
134	64	0.85261
134	71	1.52016
134	87	0.879717
134	99	1.36346
134	100	1.4632
134	101	0.908292
134	102	0.848688
134	112	1.31451
134	114	0.870174
134	128	0.907117
134	129	0.903329
134	131	0.899383
134	132	0.863667
134	138	0.913362
134	139	0.87584
134	141	0.872598
134	145	0.896143
134	146	0.859962
134	149	0.901582
134	151	0.86366
134	153	0.885139
134	154	0.887027
134	157	0.877176
134	159	0.871154
134	160	1.34051
134	161	0.890867
134	162	0.887315
134	164	0.881373
134	165	0.881373
134	167	1.7632
134	171	1.49864
135	32	0.888756
135	39	0.888179
135	51	1.66376
