1	14	0.853798
1	16	0.8412
1	19	0.918809
1	25	0.921924
1	28	0.91802
1	48	0.925666
1	61	0.902681
1	84	0.916379
1	132	1.19074
1	176	1.34671
1	179	1.38673
1	180	1.39546
2	12	0.818132
2	13	0.814081
2	38	0.983695
2	42	0.928749
2	52	0.917587
2	57	0.903217
2	58	0.90293
2	65	1.06631
2	74	0.938383
2	117	1.6701
2	120	1.29426
2	164	1.2686
3	16	0.73934
3	17	0.74645
3	19	0.816949
3	28	0.816161
3	47	0.770658
3	48	0.823807
3	61	0.800821
3	67	0.869115
3	84	0.814519
3	159	1.82858
3	163	1.71924
3	169	1.64328
4	95	0.774388
4	100	1.61708
4	145	0.811661
4	146	0.808364
4	147	0.793925
4	150	0.793827
4	152	0.80216
4	156	0.796049
4	162	1.72103
4	164	1.84727
4	168	0.820996
4	171	0.800275
5	63	0.820213
5	121	0.841985
5	125	0.819444
5	131	0.815723
5	137	1.38968
5	141	0.833303
5	147	1.44874
5	152	1.57317
5	175	0.786514
5	177	0.779018
5	178	0.757329
5	180	0.751317
6	23	0.715599
6	92	0.854727
6	106	0.81802
6	134	0.809889
6	137	0.791764
6	144	0.795038
6	148	0.809085
6	151	0.812464
6	157	0.794275
6	158	1.64475
6	173	1.63937
6	178	1.90637
7	103	0.870322
7	126	0.800946
7	146	0.80617
7	147	0.791731
7	150	0.791633
7	152	0.799966
7	156	0.793855
7	160	0.799935
7	162	1.57928
7	173	1.75557
7	175	1.8517
7	179	0.746532
8	36	0.86783
8	76	0.831933
8	104	0.774137
8	129	0.773684
8	131	0.776454
8	133	0.804352
8	135	0.793181
8	138	0.795449
8	157	0.784477
8	160	1.67075
8	162	1.55716
8	176	1.95721
9	14	0.774489
9	28	0.838711
9	60	0.788857
9	67	0.891665
9	78	1.4773
9	84	0.83707
9	146	1.4749
9	156	1.46271
9	170	0.782603
9	177	0.779332
9	178	0.757643
9	180	0.751631
10	29	0.810927
10	101	0.808003
10	107	0.776172
10	122	0.805987
10	129	0.785246
10	132	1.76276
10	135	0.804742
10	138	0.807011
10	141	0.805597
10	160	1.63226
10	167	1.78538
10	171	0.797827
11	89	0.796737
11	113	0.817108
11	142	1.62887
11	146	0.810998
11	150	0.796461
11	152	0.804794
11	156	0.798683
11	165	1.66829
11	168	0.823631
11	171	0.802909
11	172	1.8865
11	179	0.75136
12	2	0.818132
12	38	0.863659
12	42	0.808713
12	49	0.739989
12	52	0.797551
12	57	0.783182
12	58	0.782894
12	74	0.818348
12	119	0.792923
12	166	1.85694
12	172	1.71257
12	177	1.62236
13	2	0.814081
13	38	0.859608
13	41	0.718563
13	42	0.804662
13	52	0.7935
13	57	0.779131
13	58	0.778843
13	74	0.814297
13	124	0.847231
13	155	1.78087
13	163	1.64056
13	177	1.77075
14	1	0.853798
14	9	0.774489
14	16	0.740934
14	17	0.748044
14	19	0.818543
14	47	0.772251
14	61	0.802415
14	67	0.870708
14	84	0.816113
14	112	1.86003
14	168	1.62676
14	169	1.70119
15	33	1.21161
15	63	0.897106
15	109	0.87116
15	110	0.87205
15	121	0.918877
15	122	0.910586
15	135	0.909341
15	136	1.28018
15	138	0.91161
15	141	0.910196
15	159	1.42664
15	173	1.36762
16	1	0.8412
16	3	0.73934
16	14	0.740934
16	25	0.80906
16	48	0.812802
16	61	0.789817
16	67	0.85811
16	84	0.803515
16	88	0.805169
16	159	1.76085
16	169	1.57555
16	170	1.85603
17	3	0.74645
17	14	0.748044
17	19	0.813054
17	25	0.81617
17	28	0.812266
17	47	0.766763
17	48	0.819912
17	67	0.86522
17	84	0.810625
17	154	1.67474
17	168	1.65469
17	173	1.8554
18	99	1.32878
18	116	0.866967
18	130	0.860022
18	145	0.8839
18	147	0.866163
18	150	0.866066
18	156	0.868288
18	160	0.874368
18	167	1.50529
18	168	0.893235
18	169	1.28857
18	172	1.58493
18	179	0.820964
19	1	0.918809
19	3	0.816949
19	14	0.818543
19	17	0.813054
19	25	0.886669
19	39	1.16637
19	47	0.837262
19	48	0.890411
19	67	0.935719
19	84	0.881124
19	148	1.48979
19	154	1.39109
19	167	1.66219
20	71	0.918979
20	108	0.843648
20	127	0.868343
20	136	1.42592
20	142	1.4258
20	145	0.880057
20	146	0.87676
20	147	0.86232
20	152	0.870555
20	156	0.864445
20	163	1.46303
20	169	1.38707
20	179	0.817121
21	28	1.1621
21	59	1.13194
21	66	0.885247
21	87	1.20719
21	111	0.92063
21	115	0.896298
21	144	0.903074
21	152	1.21306
21	174	0.825425
21	175	0.865079
21	176	0.846556
21	178	0.835895
21	180	0.829882
22	94	1.11685
22	126	1.22927
22	145	1.12247
22	156	1.22059
22	166	0.868738
22	172	0.875823
22	173	0.884136
22	174	0.846975
22	176	0.868105
22	177	0.879132
22	178	0.857444
22	179	0.874099
22	180	0.851432
23	6	0.715599
23	55	0.7932
23	66	0.756934
23	83	0.779925
23	86	1.93366
23	92	0.834449
23	106	0.797743
23	115	0.767985
23	123	0.793546
23	137	0.771486
23	151	0.792187
23	160	1.89676
23	168	1.75873
24	124	1.27777
24	130	0.860014
24	136	1.41032
24	142	1.4102
24	145	0.883892
24	146	0.880595
24	150	0.866058
24	152	0.87439
24	156	0.86828
24	160	0.87436
24	167	1.58819
24	171	0.872506
24	179	0.820957
25	1	0.921924
25	16	0.80906
25	17	0.81617
25	19	0.886669
25	28	0.885881
25	61	0.870541
25	70	0.841633
25	84	0.884239
25	88	0.885894
25	112	1.35769
25	148	1.24317
25	161	1.56835
25	176	1.5489
26	45	0.896407
26	68	0.897098
26	91	0.835823
26	100	1.14328
26	111	0.86886
26	123	0.870089
26	134	0.866155
26	137	0.848029
26	144	0.851304
26	151	0.868729
26	155	1.5135
26	165	1.37539
26	179	1.68731
27	36	0.931675
27	72	0.897849
27	75	0.896283
27	78	0.866759
27	101	0.860287
27	107	0.828456
27	109	0.818844
27	112	1.41531
27	118	1.54461
27	129	0.837529
27	132	1.45056
27	133	0.868197
27	148	1.30079
28	1	0.91802
28	3	0.816161
28	9	0.838711
28	17	0.812266
28	21	1.1621
28	25	0.885881
28	47	0.836474
28	48	0.889623
28	61	0.866637
28	67	0.93493
28	86	1.38782
28	163	1.36329
28	179	1.67741
29	10	0.810927
29	72	0.917089
29	90	0.857421
29	105	0.855706
29	129	0.856769
29	131	0.85954
29	133	0.887437
29	138	0.878534
29	141	0.87712
29	159	1.36427
29	175	1.40139
29	177	1.38512
29	178	1.57225
30	116	1.62398
30	141	1.56519
30	145	1.62164
30	149	0.842158
30	165	0.819692
30	169	0.821579
30	170	0.776787
30	172	0.770206
30	174	0.741358
30	176	0.762488
30	177	0.773515
30	178	0.751827
30	180	0.745815
31	40	1.08199
31	87	0.875074
31	126	0.876281
31	127	0.873088
31	145	0.884801
31	147	0.867065
31	152	0.8753
31	154	1.30272
31	155	0.858741
31	156	0.869189
31	167	1.57382
31	178	1.75039
31	179	0.821866
32	73	1.56627
32	89	0.843384
32	95	0.823669
32	99	1.49353
32	127	0.849228
32	146	0.857645
32	147	0.843206
32	149	1.46889
32	150	0.843108
32	152	0.85144
32	156	0.84533
32	158	1.58499
32	171	0.849556
32	179	0.798006
33	15	1.21161
33	46	1.54309
33	123	1.20536
33	161	0.844248
33	164	0.873363
33	165	0.881991
33	170	0.839086
33	171	1.27782
33	173	0.840818
33	175	0.843311
33	176	0.824787
33	177	0.835815
33	178	0.814126
33	180	0.808114
34	91	0.817286
34	93	0.854011
34	94	0.854897
34	111	0.850323
34	114	1.44664
34	123	0.851552
34	134	0.847618
34	137	0.829492
34	144	0.832767
34	149	1.52331
34	151	0.850193
34	159	0.814786
34	168	1.43332
34	177	1.7139
35	45	0.796855
35	64	0.751842
35	66	0.733924
35	68	0.797546
35	91	0.736271
35	92	0.81144
35	123	0.770537
35	137	0.748477
35	144	0.751752
35	151	0.769177
35	159	0.733771
35	168	1.77161
35	173	1.97232
35	180	2.24485
36	8	0.86783
36	27	0.931675
36	60	1.34375
36	76	0.983483
36	78	0.954464
36	104	0.925687
36	105	0.924171
36	119	1.04672
36	129	0.925234
36	135	0.944731
36	140	1.44999
36	141	0.945585
36	143	1.16863
36	155	1.22181
37	104	1.18415
37	115	0.861937
37	129	1.33699
37	131	1.28401
37	137	0.865438
37	144	0.868713
37	151	0.886139
37	152	1.27309
37	157	0.86795
37	170	0.826493
37	172	0.819913
37	176	0.812195
37	178	0.801534
37	180	0.795522
38	2	0.983695
38	12	0.863659
38	13	0.859608
38	41	0.888177
38	42	0.974276
38	44	1.30926
38	57	0.948745
38	58	0.948457
38	74	0.983911
38	119	0.958486
38	142	1.20682
38	155	1.38436
38	160	1.23169
38	168	1.09366
39	19	1.16637
39	55	0.942952
39	63	1.08952
39	106	0.947495
39	127	1.04195
39	130	1.12129
39	144	0.924513
39	151	0.941938
39	152	1.05919
39	159	0.906532
39	175	0.886518
39	176	0.867994
39	177	0.879022
39	178	0.857333
39	180	0.851321
40	31	1.08199
40	90	1.23569
40	106	1.00525
40	130	1.12528
40	163	0.936661
40	169	0.944669
40	170	0.899876
40	171	1.03244
40	172	0.893296
40	173	0.901608
40	175	0.904101
40	176	0.885577
40	177	0.896605
40	178	0.874916
40	180	0.868904
41	13	0.718563
41	38	0.888177
41	44	1.70822
41	52	0.822068
41	55	0.819105
41	74	0.842865
41	81	1.3419
41	83	0.80583
41	115	0.79389
41	119	0.81744
41	124	0.875799
41	144	0.800666
41	151	0.818091
41	168	1.49262
41	179	1.95713
42	2	0.928749
42	12	0.808713
42	13	0.804662
42	38	0.974276
42	52	0.908168
42	57	0.893798
42	58	0.893511
42	74	0.928964
42	118	1.20015
42	119	0.903539
42	124	0.961899
42	140	1.35646
42	161	1.28152
42	166	1.35275
42	174	1.4476
43	69	1.12136
43	78	1.02311
43	108	1.13873
43	151	1.02864
43	162	0.959648
43	167	0.908227
43	171	1.03792
43	172	0.899457
43	173	0.90777
43	174	0.870609
43	175	0.910263
43	176	0.891739
43	177	0.902766
43	178	0.881078
43	180	0.875066
44	38	1.30926
44	41	1.70822
44	59	1.39834
44	111	1.34691
44	139	0.824852
44	161	0.829816
44	165	0.867559
44	170	0.824654
44	172	0.818074
44	173	0.826386
44	174	0.789225
44	176	0.810355
44	177	0.821383
44	178	0.799694
44	180	0.793682
45	26	0.896407
45	35	0.796855
45	83	0.904468
45	92	0.958992
45	93	0.920548
45	106	0.922286
45	115	0.892528
45	137	0.896029
45	151	0.91673
45	157	0.89854
45	163	1.04683
45	174	1.50646
45	178	1.36416
45	179	1.36095
45	180	1.36968
46	33	1.54309
46	63	0.817131
46	65	1.44676
46	88	0.835327
46	104	0.810322
46	107	0.800796
46	110	0.792075
46	118	1.86096
46	131	0.81264
46	135	0.829366
46	138	0.831635
46	141	0.830221
46	157	0.820662
46	162	1.52282
46	171	0.822451
47	3	0.770658
47	14	0.772251
47	17	0.766763
47	19	0.837262
47	28	0.836474
47	48	0.84412
47	61	0.821134
47	67	0.889428
47	70	0.792226
47	84	0.834832
47	88	0.836487
47	100	1.38509
47	143	1.70213
47	173	1.66533
47	175	1.76146
48	1	0.925666
48	3	0.823807
48	16	0.812802
48	17	0.819912
48	19	0.890411
48	28	0.889623
48	47	0.84412
48	61	0.874283
48	67	0.942576
48	84	0.887981
48	88	0.889636
48	117	1.65872
48	136	1.21984
48	140	1.62544
48	154	1.12661
48	177	1.38714
49	12	0.739989
49	52	0.839443
49	57	0.825074
49	58	0.824786
49	74	0.86024
49	79	1.77526
49	85	1.38038
49	94	1.30439
49	122	1.45192
49	124	0.893174
49	169	0.820614
49	175	0.780046
49	176	0.761523
49	177	0.77255
49	178	0.750861
49	180	0.744849
50	64	0.859283
50	68	0.904986
50	92	0.91888
50	106	0.882174
50	115	0.852416
50	123	0.877978
50	134	0.874043
50	137	0.855917
50	144	0.859192
50	151	0.876618
50	159	0.841211
50	160	1.37616
50	162	1.26256
50	164	1.3888
50	169	1.31256
50	179	1.70264
51	70	0.847755
51	101	0.889316
51	104	0.867011
51	105	0.865495
51	109	0.847874
51	120	1.26495
51	121	0.895591
51	122	0.8873
51	125	1.36065
51	129	0.866559
51	131	0.869329
51	140	1.6075
51	141	0.886909
51	158	1.29472
51	171	0.87914
51	176	1.51311
52	2	0.917587
52	12	0.797551
52	13	0.7935
52	41	0.822068
52	42	0.908168
52	49	0.839443
52	57	0.882636
52	58	0.882349
52	74	0.917802
52	98	1.03056
52	119	0.892377
52	124	0.950737
52	143	1.29199
52	174	1.66448
52	179	1.51898
52	180	1.52771
53	81	1.11747
53	102	1.25515
53	103	0.947737
53	108	0.850473
53	116	0.869949
53	127	0.875168
53	130	0.863004
53	136	1.38146
53	145	0.886882
53	147	0.869146
53	150	0.869048
53	152	0.877381
53	156	0.87127
53	161	1.71212
53	175	1.56504
53	179	0.823947
54	79	0.832966
54	124	1.18518
54	126	0.881196
54	127	0.878003
54	128	0.882844
54	145	0.889716
54	146	0.886419
54	147	0.87198
54	152	0.880215
54	156	0.874104
54	158	1.41055
54	159	1.46419
54	164	1.35512
54	168	0.899052
54	176	1.62894
54	179	0.826781
55	23	0.7932
55	39	0.942952
55	41	0.819105
55	94	0.89477
55	97	1.47993
55	106	0.895622
55	115	0.865864
55	125	1.45528
55	134	0.887491
55	137	0.869365
55	144	0.87264
55	151	0.890066
55	157	0.871876
55	162	1.20769
55	169	1.25769
55	179	1.64776
56	61	1.14131
56	70	1.23093
56	89	1.13121
56	152	1.15683
56	156	1.09669
56	162	0.925136
56	164	0.905803
56	165	0.914431
56	170	0.871526
56	172	0.864945
56	174	0.836097
56	175	0.875751
56	176	0.857227
56	177	0.868254
56	178	0.846566
56	180	0.840554
57	2	0.903217
57	12	0.783182
57	13	0.779131
57	38	0.948745
57	42	0.893798
57	49	0.825074
57	52	0.882636
57	58	0.867979
57	60	1.52995
57	74	0.903433
57	98	1.0934
57	119	0.878008
57	124	0.936367
57	167	1.40846
57	175	1.41416
57	179	1.58182
58	2	0.90293
58	12	0.782894
58	13	0.778843
58	38	0.948457
58	42	0.893511
58	49	0.824786
58	52	0.882349
58	57	0.867979
58	74	0.903145
58	119	0.87772
58	124	0.93608
58	155	1.35747
58	163	1.21717
58	164	1.21744
58	166	1.58194
58	174	1.67679
59	21	1.13194
59	44	1.39834
59	113	0.892628
59	119	1.29835
59	130	0.865937
59	136	1.29602
59	145	0.889815
59	146	0.886518
59	147	0.872079
59	150	0.871981
59	152	0.880314
59	155	0.863754
59	156	0.874203
59	171	0.878429
59	178	1.65046
59	179	0.82688
60	9	0.788857
60	36	1.34375
60	57	1.52995
60	92	0.877922
60	93	0.839478
60	134	0.833085
60	144	0.818234
60	150	1.62185
60	151	0.83566
60	163	0.8128
60	166	0.76235
60	171	1.64576
60	175	0.78024
60	176	0.761716
60	178	0.751055
60	180	0.745043
61	1	0.902681
61	3	0.800821
61	14	0.802415
61	16	0.789817
61	25	0.870541
61	28	0.866637
61	47	0.821134
61	48	0.874283
61	56	1.14131
61	67	0.919591
61	70	0.82239
61	84	0.864996
61	88	0.86665
61	114	1.26167
61	139	1.71827
61	149	1.33833
61	174	1.85835
62	94	1.20416
62	103	1.10745
62	135	1.20586
62	139	0.846406
62	156	1.3079
62	163	0.882992
62	164	0.880484
62	167	0.848397
62	169	0.891
62	170	0.846207
62	171	1.33731
62	173	0.847939
62	175	0.850432
62	176	0.831909
62	177	0.842936
62	178	0.821247
62	180	0.815235
63	5	0.820213
63	15	0.897106
63	39	1.08952
63	46	0.817131
63	101	0.861107
63	107	0.829276
63	109	0.819664
63	120	1.47051
63	121	0.867381
63	122	0.85909
63	133	0.869017
63	138	0.860114
63	157	0.849142
63	161	1.73812
63	164	1.44486
63	171	0.850931
63	177	1.57477
64	35	0.751842
64	50	0.859283
64	83	0.859455
64	94	0.876421
64	111	0.871847
64	115	0.847515
64	124	1.09889
64	134	0.869142
64	137	0.851016
64	144	0.854291
64	151	0.871717
64	157	0.853528
64	159	0.83631
64	172	1.48896
64	174	1.72818
64	176	1.54265
64	179	1.58268
65	2	1.06631
65	46	1.44676
65	78	1.16668
65	102	0.97886
65	103	0.951636
65	141	0.997517
65	145	1.05396
65	163	0.932384
65	167	0.897789
65	169	0.940392
65	172	0.889019
65	173	0.897331
65	174	0.86017
65	175	0.899824
65	176	0.881301
65	177	0.892328
65	178	0.870639
65	180	0.864627
66	21	0.885247
66	23	0.756934
66	35	0.733924
66	82	1.53909
66	93	0.857617
66	94	0.858503
66	115	0.829597
66	134	0.851224
66	137	0.833098
66	144	0.836373
66	148	0.850419
66	149	1.41126
66	151	0.853799
66	157	0.83561
66	159	0.818392
66	168	1.32127
66	178	1.78898
66	180	1.79451
67	3	0.869115
67	9	0.891665
67	14	0.870708
67	16	0.85811
67	17	0.86522
67	19	0.935719
67	28	0.93493
67	47	0.889428
67	48	0.942576
67	61	0.919591
67	70	0.890683
67	73	1.23035
67	84	0.933289
67	153	1.41683
67	160	1.181
67	163	1.19336
67	166	1.55814
67	170	1.39789
68	26	0.897098
68	35	0.797546
68	50	0.904986
68	80	1.08645
68	106	0.922977
68	111	0.917551
68	123	0.91878
68	134	0.914846
68	137	0.89672
68	144	0.899995
68	148	0.914041
68	151	0.91742
68	157	0.899231
68	166	1.64451
68	168	1.12935
68	169	1.20378
68	173	1.33006
68	179	1.59385
69	43	1.12136
69	90	0.815838
69	100	0.857384
69	101	0.837944
69	104	0.815639
69	105	0.814123
69	110	0.797392
69	121	0.844219
69	122	0.835928
69	133	0.845854
69	135	0.834683
69	138	0.836951
69	141	0.835538
69	155	1.60725
69	171	0.827768
69	175	1.61341
69	177	1.59714
69	178	1.78427
70	25	0.841633
70	47	0.792226
70	51	0.847755
70	56	1.23093
70	61	0.82239
70	67	0.890683
70	78	0.841515
70	84	0.836088
70	88	0.837742
70	90	0.812937
70	105	0.811222
70	129	0.812285
70	135	0.831782
70	143	1.57548
70	155	1.62866
70	160	1.47599
70	171	0.824867
70	179	1.80247
71	20	0.918979
71	79	0.861196
71	87	0.908218
71	97	1.4198
71	112	1.35638
71	113	0.920758
71	127	0.906232
71	128	0.911074
71	146	0.914649
71	147	0.90021
71	150	0.900112
71	154	1.14317
71	156	0.902334
71	159	1.38285
71	163	1.2735
71	171	0.90656
71	177	1.4037
71	179	0.855011
72	27	0.897849
72	29	0.917089
72	104	0.891861
72	109	0.872723
72	110	0.873613
72	114	1.16743
72	122	0.912149
72	129	0.891408
72	135	0.910905
72	138	0.913173
72	141	0.911759
72	148	1.27285
72	157	0.902201
72	160	1.29213
72	169	1.22853
72	171	0.90399
72	176	1.57858
72	177	1.43468
73	32	1.56627
73	67	1.23035
73	101	1.27078
73	134	1.32789
73	149	0.894027
73	161	0.833817
73	163	0.865441
73	165	0.871561
73	166	0.81499
73	170	0.828655
73	171	1.4205
73	173	0.830387
73	174	0.793226
73	175	0.83288
73	176	0.814357
73	177	0.825384
73	178	0.803696
73	180	0.797683
74	2	0.938383
74	12	0.818348
74	13	0.814297
74	38	0.983911
74	41	0.842865
74	42	0.928964
74	49	0.86024
74	52	0.917802
74	57	0.903433
74	58	0.903145
74	97	1.2652
74	119	0.913174
74	124	0.971533
74	140	1.48739
74	159	1.22825
74	161	1.41245
74	172	1.33931
74	177	1.2491
75	27	0.896283
75	96	1.07092
75	100	0.93204
75	102	1.07493
75	104	0.890294
75	107	0.880768
75	110	0.872047
75	117	1.64013
75	122	0.910583
75	129	0.889842
75	131	0.892612
75	133	0.92051
75	135	0.909338
75	157	0.900635
75	160	1.226
75	167	1.37912
75	171	0.902423
75	180	1.56121
76	8	0.831933
76	36	0.983483
76	78	0.918567
76	107	0.880264
76	109	0.870652
76	110	0.871542
76	122	0.910078
76	131	0.892107
76	133	0.920005
76	138	0.911102
76	139	1.50571
76	141	0.909688
76	155	1.32649
76	157	0.90013
76	160	1.17382
76	169	1.11022
76	172	1.40658
76	176	1.46027
77	79	1.29539
77	90	1.16093
77	92	0.849613
77	107	1.14144
77	129	1.05231
77	144	0.928133
77	153	0.91325
77	165	0.949642
77	166	0.893071
77	170	0.906736
77	172	0.900156
77	173	0.908468
77	174	0.871307
77	175	0.910961
77	176	0.892438
77	177	0.903465
77	178	0.881776
77	180	0.875764
78	9	1.4773
78	27	0.866759
78	36	0.954464
78	43	1.02311
78	65	1.16668
78	70	0.841515
78	76	0.918567
78	90	0.86097
78	105	0.859255
78	110	0.842523
78	121	0.88935
78	129	0.860318
78	138	0.882083
78	141	0.880669
78	157	0.871111
78	161	1.66224
78	163	1.36869
78	169	1.29274
78	171	0.8729
79	49	1.77526
79	54	0.832966
79	71	0.861196
79	77	1.29539
79	81	1.42012
79	87	0.812546
79	113	0.825086
79	126	0.813753
79	128	0.815401
79	146	0.818976
79	150	0.80444
79	152	0.812772
79	155	0.796213
79	156	0.806661
79	168	0.831609
79	169	1.64527
79	171	0.810887
79	177	1.85142
79	179	0.759338
80	68	1.08645
80	83	1.16192
80	105	1.25996
80	133	1.08959
80	139	0.872986
80	146	1.173
80	157	1.17233
80	158	0.909566
80	162	0.926398
80	163	0.909573
80	164	0.907065
80	167	0.874977
80	170	0.872788
80	174	0.837359
80	175	0.877013
80	176	0.858489
80	177	0.869516
80	178	0.847828
80	180	0.841816
81	41	1.3419
81	53	1.11747
81	79	1.42012
81	109	1.17256
81	128	1.07727
81	153	0.882395
81	158	0.91266
81	161	0.881043
81	162	0.929491
81	166	0.862216
81	169	0.920674
81	171	1.0824
81	172	0.869301
81	173	0.877613
81	174	0.840452
81	176	0.861582
81	177	0.87261
81	178	0.850921
81	180	0.844909
82	66	1.53909
82	134	1.35833
82	138	1.32867
82	156	1.42154
82	157	1.43306
82	162	0.862502
82	163	0.845677
82	165	0.851797
82	166	0.795226
82	167	0.811081
82	169	0.853684
82	170	0.808891
82	173	0.810623
82	174	0.773462
82	175	0.813116
82	176	0.794593
82	177	0.80562
82	179	0.800587
82	180	0.777919
83	23	0.779925
83	41	0.80583
83	45	0.904468
83	64	0.859455
83	80	1.16192
83	91	0.843884
83	94	0.881495
83	106	0.882347
83	123	0.87815
83	134	0.874216
83	137	0.85609
83	144	0.859365
83	151	0.876791
83	157	0.858601
83	159	0.841384
83	161	1.64875
83	165	1.35739
83	172	1.57561
83	173	1.40553
83	175	1.50167
84	1	0.916379
84	3	0.814519
84	9	0.83707
84	14	0.816113
84	16	0.803515
84	17	0.810625
84	19	0.881124
84	25	0.884239
84	47	0.834832
84	48	0.887981
84	61	0.864996
84	67	0.933289
84	70	0.836088
84	88	0.880348
84	112	1.48109
84	124	1.22855
84	154	1.26788
84	167	1.53898
84	177	1.52841
84	179	1.71233
85	49	1.38038
85	94	0.876368
85	113	0.869461
85	115	0.847462
85	120	1.35229
85	123	0.873023
85	134	0.869089
85	137	0.850963
85	140	1.69484
85	143	1.41348
85	145	0.866649
85	147	0.848913
85	148	0.868284
85	149	1.26596
85	150	0.848815
85	151	0.871663
85	152	0.857148
85	156	0.851037
85	170	1.53088
85	179	0.803714
86	23	1.93366
86	28	1.38782
86	117	0.786037
86	128	1.40292
86	129	1.50268
86	150	1.38414
86	154	0.864136
86	158	0.82849
86	163	0.828497
86	166	0.778046
86	168	0.855678
86	169	0.836504
86	170	0.791711
86	172	0.785131
86	173	0.793443
86	174	0.756282
86	177	0.78844
86	178	0.766752
86	179	0.783407
86	180	0.760739
87	21	1.20719
87	31	0.875074
87	71	0.908218
87	79	0.812546
87	119	1.37361
87	125	1.53002
87	126	0.860775
87	127	0.857583
87	128	0.862424
87	142	1.37115
87	146	0.865999
87	147	0.85156
87	150	0.851462
87	152	0.859795
87	156	0.853684
87	162	1.28243
87	168	0.878631
87	171	0.85791
87	174	1.86801
87	179	0.806361
88	16	0.805169
88	25	0.885894
88	46	0.835327
88	47	0.836487
88	48	0.889636
88	61	0.86665
88	70	0.837742
88	84	0.880348
88	96	1.14415
88	105	0.855482
88	107	0.847472
88	109	0.837861
88	135	0.876042
88	139	1.63113
88	141	0.876896
88	164	1.31187
88	171	0.869127
88	177	1.44179
88	178	1.62892
88	179	1.62571
89	11	0.796737
89	32	0.843384
89	56	1.13121
89	108	0.825057
89	116	0.844533
89	127	0.849752
89	130	0.837588
89	145	0.861465
89	147	0.843729
89	149	1.32822
89	150	0.843632
89	152	0.851964
89	153	1.61209
89	155	0.835405
89	156	0.845854
89	160	0.851934
89	168	0.870801
89	172	1.60902
89	176	1.66272
89	178	1.70595
89	179	0.79853
90	29	0.857421
90	40	1.23569
90	69	0.815838
90	70	0.812937
90	77	1.16093
90	78	0.86097
90	101	0.854497
90	109	0.813055
90	110	0.813945
90	120	1.6127
90	121	0.860772
90	129	0.83174
90	131	0.83451
90	135	0.851236
90	138	0.853505
90	141	0.852091
90	154	1.45643
90	157	0.842532
90	163	1.58677
90	171	0.844321
90	176	1.86086
91	26	0.835823
91	34	0.817286
91	35	0.736271
91	83	0.843884
91	92	0.898408
91	93	0.859964
91	111	0.856276
91	114	1.3862
91	123	0.857505
91	134	0.853571
91	137	0.835445
91	142	1.48603
91	144	0.83872
91	148	0.852766
91	151	0.856146
91	154	1.39293
91	157	0.837956
91	159	0.820739
91	162	1.39731
91	177	1.65346
91	180	1.84612
92	6	0.854727
92	23	0.834449
92	35	0.81144
92	45	0.958992
92	50	0.91888
92	60	0.877922
92	77	0.849613
92	91	0.898408
92	93	0.935132
92	111	0.931445
92	132	1.39358
92	134	0.92874
92	137	0.910614
92	144	0.913889
92	151	0.931314
92	155	1.41576
92	158	1.33115
92	159	0.895908
92	163	1.27545
92	165	1.27764
92	166	1.64023
93	34	0.854011
93	45	0.920548
93	60	0.839478
93	66	0.857617
93	91	0.859964
93	92	0.935132
93	111	0.893001
93	115	0.868668
93	123	0.89423
93	134	0.890295
93	137	0.872169
93	144	0.875444
93	148	0.88949
93	151	0.89287
93	158	1.25571
93	159	0.857463
93	164	1.20028
93	170	1.40453
93	175	1.34646
93	176	1.4741
93	178	1.51733
93	179	1.51412
94	22	1.11685
94	34	0.854897
94	49	1.30439
94	55	0.89477
94	62	1.20416
94	64	0.876421
94	66	0.858503
94	83	0.881495
94	85	0.876368
94	111	0.893887
94	115	0.869555
94	118	1.46254
94	123	0.895116
94	124	1.0807
94	134	0.891182
94	137	0.873056
94	144	0.876331
94	148	0.890377
94	151	0.893757
94	157	0.875567
94	166	1.61514
94	176	1.52446
95	4	0.774388
95	32	0.823669
95	103	0.902606
95	108	0.805342
95	126	0.83323
95	127	0.830037
95	128	0.834878
95	130	0.817873
95	136	1.42269
95	145	0.84175
95	146	0.838453
95	147	0.824014
95	150	0.823916
95	155	0.81569
95	156	0.826138
95	160	0.832219
95	162	1.33385
95	166	1.82459
95	169	1.38385
95	172	1.68021
95	174	1.91943
95	179	0.778815
96	75	1.07092
96	88	1.14415
96	126	1.19534
96	128	1.21094
96	135	1.08462
96	146	1.19885
96	152	1.2468
96	153	0.875745
96	154	0.941655
96	162	0.922841
96	163	0.906016
96	165	0.912136
96	166	0.855565
96	167	0.87142
96	169	0.914023
96	170	0.86923
96	172	0.86265
96	173	0.870963
96	176	0.854932
96	177	0.865959
96	178	0.844271
96	180	0.838259
97	55	1.47993
97	71	1.4198
97	74	1.2652
97	100	0.878959
97	107	0.827688
97	109	0.818077
97	116	1.40462
97	122	0.857502
97	129	0.836761
97	135	0.856258
97	138	0.858526
97	145	1.40227
97	147	1.43611
97	169	0.850891
97	171	0.849343
97	172	0.799518
97	173	0.80783
97	175	0.810323
97	176	0.791799
97	177	0.802827
97	178	0.781138
97	180	0.775126
98	52	1.03056
98	57	1.0934
98	105	1.27895
98	122	1.22359
98	123	1.13675
98	151	1.19992
98	161	0.878397
98	162	0.926845
98	163	0.91002
98	164	0.907512
98	165	0.91614
98	169	0.918028
98	170	0.873235
98	171	1.2092
98	172	0.866655
98	173	0.874967
98	174	0.837806
98	175	0.87746
98	176	0.858936
98	177	0.869964
98	178	0.848275
98	180	0.842263
99	18	1.32878
99	32	1.49353
99	107	1.53153
99	133	1.24713
99	143	0.857532
99	151	1.33847
99	158	0.857006
99	162	0.873838
99	163	0.857013
99	164	0.854505
99	167	0.822418
99	170	0.820228
99	171	1.34776
99	172	0.813647
99	173	0.82196
99	174	0.784799
99	175	0.824453
99	176	0.805929
99	177	0.816957
99	178	0.795268
99	179	0.811924
99	180	0.789256
100	4	1.61708
100	26	1.14328
100	47	1.38509
100	69	0.857384
100	75	0.93204
100	97	0.878959
100	106	1.12641
100	131	0.876056
100	133	0.903954
100	138	0.895051
100	146	1.13638
100	150	1.12969
100	151	1.14431
100	157	0.884079
100	164	0.8769
100	171	0.885868
100	172	0.836042
100	173	0.844355
100	174	0.807194
100	175	0.846848
100	176	0.828324
100	177	0.839351
100	180	0.811651
101	10	0.808003
101	27	0.860287
101	51	0.889316
101	63	0.861107
101	69	0.837944
101	73	1.27078
101	90	0.854497
101	110	0.836051
101	118	1.44597
101	121	0.882878
101	122	0.874587
101	129	0.853846
101	133	0.884514
101	135	0.873342
101	138	0.875611
101	140	1.60228
101	141	0.874197
101	157	0.864638
101	168	1.0834
101	171	0.866427
101	174	1.69342
101	176	1.50789
101	177	1.36399
102	53	1.25515
102	65	0.97886
102	75	1.07493
102	110	1.35439
102	146	1.20286
102	152	1.25082
102	153	0.859536
102	157	1.20219
102	158	0.8898
102	163	0.889807
102	164	0.887299
102	165	0.895927
102	166	0.839357
102	167	0.855211
102	170	0.853022
102	171	1.22008
102	172	0.846441
102	173	0.854754
102	174	0.817593
102	176	0.838723
102	177	0.84975
102	178	0.828062
102	180	0.82205
103	7	0.870322
103	53	0.947737
103	62	1.10745
103	65	0.951636
103	95	0.902606
103	108	0.90347
103	116	0.922946
103	124	0.983988
103	126	0.931358
103	130	0.916001
103	145	0.939879
103	146	0.936582
103	147	0.922143
103	152	0.930378
103	156	0.924267
103	161	1.4472
103	168	0.949214
103	170	1.35818
103	171	0.928493
103	172	1.37405
103	177	1.28385
103	178	1.47098
103	179	0.876944
104	8	0.774137
104	36	0.925687
104	37	1.18415
104	46	0.810322
104	51	0.867011
104	69	0.815639
104	72	0.891861
104	75	0.890294
104	105	0.830477
104	107	0.822468
104	110	0.813746
104	121	0.860573
104	122	0.852282
104	131	0.834311
104	133	0.862209
104	135	0.851037
104	138	0.853306
104	139	1.64485
104	148	1.29367
104	161	1.61885
104	170	1.52984
104	171	0.844122
104	175	1.47177
104	178	1.64264
105	29	0.855706
105	36	0.924171
105	51	0.865495
105	69	0.814123
105	70	0.811222
105	78	0.859255
105	80	1.25996
105	88	0.855482
105	98	1.27895
105	104	0.830477
105	110	0.81223
105	122	0.850766
105	129	0.830025
105	131	0.832795
105	133	0.860693
105	135	0.849521
105	138	0.85179
105	141	0.850376
105	154	1.32291
105	155	1.59356
105	159	1.5626
105	163	1.45325
105	171	0.842606
105	180	1.7761
106	6	0.81802
106	23	0.797743
106	39	0.947495
106	40	1.00525
106	45	0.922286
106	50	0.882174
106	55	0.895622
106	68	0.922977
106	83	0.882347
106	100	1.12641
106	115	0.870407
106	123	0.895968
106	134	0.892033
106	137	0.873908
106	144	0.877182
106	148	0.891229
106	151	0.894608
106	154	1.22598
106	157	0.876419
106	159	0.859202
106	168	1.20593
106	173	1.40665
106	175	1.50279
106	176	1.63042
106	178	1.67365
107	10	0.776172
107	27	0.828456
107	46	0.800796
107	63	0.829276
107	75	0.880768
107	76	0.880264
107	77	1.14144
107	88	0.847472
107	97	0.827688
107	99	1.53153
107	104	0.822468
107	109	0.80333
107	110	0.80422
107	121	0.851047
107	122	0.842756
107	133	0.852683
107	135	0.841511
107	141	0.842366
107	149	1.50688
107	157	0.832808
107	163	1.56728
107	164	1.56756
107	167	1.70804
107	171	0.834596
107	173	1.61761
108	20	0.843648
108	43	1.13873
108	53	0.850473
108	89	0.825057
108	95	0.805342
108	103	0.90347
108	116	0.825683
108	127	0.830901
108	128	0.835743
108	130	0.818737
108	145	0.842615
108	146	0.839318
108	149	1.42392
108	150	0.824781
108	152	0.833114
108	156	0.827003
108	158	1.54002
108	160	0.833083
108	164	1.48459
108	166	1.84909
108	168	0.85195
108	171	0.831229
108	173	1.53464
108	179	0.77968
108	180	1.80717
109	15	0.87116
109	27	0.818844
109	51	0.847874
109	63	0.819664
109	72	0.872723
109	76	0.870652
109	81	1.17256
109	88	0.837861
109	90	0.813055
109	97	0.818077
109	107	0.80333
109	121	0.841435
109	129	0.812403
109	131	0.815174
109	133	0.843071
109	135	0.8319
109	141	0.832754
109	157	0.823196
109	167	1.61443
109	168	1.32328
109	169	1.39771
109	170	1.67819
109	171	0.824985
109	178	1.791
109	180	1.79652
110	15	0.87205
110	46	0.792075
110	69	0.797392
110	72	0.873613
110	75	0.872047
110	76	0.871542
110	78	0.842523
110	90	0.813945
110	101	0.836051
110	102	1.35439
110	104	0.813746
110	105	0.81223
110	107	0.80422
110	121	0.842325
110	131	0.816064
110	133	0.843961
110	138	0.835058
110	141	0.833644
110	148	1.48618
110	153	1.74128
110	160	1.50545
110	164	1.51809
110	165	1.52001
110	171	0.825875
110	177	1.64801
111	21	0.92063
111	26	0.86886
111	34	0.850323
111	44	1.34691
111	64	0.871847
111	68	0.917551
111	91	0.856276
111	92	0.931445
111	93	0.893001
111	94	0.893887
111	114	1.14464
111	115	0.864981
111	123	0.890542
111	125	1.40334
111	137	0.868482
111	143	1.36883
111	144	0.871757
111	148	0.885803
111	151	0.889183
111	157	0.870993
111	159	0.853776
111	167	1.42246
111	168	1.13131
111	173	1.33203
111	174	1.74133
112	14	1.86003
112	25	1.35769
112	27	1.41531
112	71	1.35638
112	84	1.48109
112	123	1.39393
112	132	0.851507
112	139	0.818782
112	140	0.832343
112	141	1.28241
112	153	0.825098
112	158	0.855362
112	161	0.823746
112	164	0.852861
112	165	0.861489
112	166	0.804919
112	167	0.820773
112	170	0.818584
112	172	0.812003
112	173	0.820316
112	174	0.783155
112	175	0.822809
112	176	0.804285
112	177	0.815312
112	178	0.793624
112	180	0.787612
113	11	0.817108
113	59	0.892628
113	71	0.920758
113	79	0.825086
113	85	0.869461
113	116	0.864903
113	119	1.32234
113	120	1.38305
113	125	1.47875
113	126	0.873315
113	145	0.881836
113	146	0.878539
113	147	0.8641
113	150	0.864002
113	152	0.872335
113	155	0.855775
113	156	0.866224
113	158	1.41282
113	159	1.46646
113	160	0.872304
113	165	1.35931
113	167	1.49788
113	168	0.891171
113	171	0.87045
113	175	1.50358
113	179	0.818901
114	34	1.44664
114	61	1.26167
114	72	1.16743
114	91	1.3862
114	111	1.14464
114	138	1.12418
114	142	0.90151
114	143	0.895391
114	151	1.23716
114	158	0.894866
114	161	0.863249
114	163	0.894872
114	164	0.892364
114	165	0.900992
114	166	0.844422
114	167	0.860277
114	169	0.90288
114	171	1.24645
114	172	0.851507
114	173	0.859819
114	174	0.822658
114	175	0.862312
114	176	0.843788
114	177	0.854816
114	178	0.833127
114	180	0.827115
115	21	0.896298
115	23	0.767985
115	37	0.861937
115	41	0.79389
115	45	0.892528
115	50	0.852416
115	55	0.865864
115	64	0.847515
115	66	0.829597
115	85	0.847462
115	93	0.868668
115	94	0.869555
115	106	0.870407
115	111	0.864981
115	120	1.43594
115	123	0.86621
115	144	0.847425
115	148	0.861471
115	151	0.86485
115	155	1.55031
115	159	0.829444
115	160	1.39764
115	164	1.41028
115	168	1.25961
115	170	1.61453
115	172	1.6304
115	177	1.5402
116	18	0.866967
116	30	1.62398
116	53	0.869949
116	89	0.844533
116	97	1.40462
116	103	0.922946
116	108	0.825683
116	113	0.864903
116	126	0.85357
116	127	0.850378
116	128	0.855219
116	130	0.838213
116	145	0.862091
116	146	0.858794
116	147	0.844355
116	150	0.844257
116	152	0.85259
116	154	1.12799
116	156	0.846479
116	160	0.852559
116	161	1.55187
116	166	1.62311
116	171	0.850705
116	173	1.30866
116	175	1.40479
116	176	1.53242
116	179	0.799156
117	2	1.6701
117	48	1.65872
117	75	1.64013
117	86	0.786037
117	124	0.88144
117	137	1.63252
117	145	1.65775
117	149	0.829459
117	153	0.770601
117	156	1.75587
117	160	0.809187
117	161	0.769249
117	162	0.817697
117	164	0.798364
117	165	0.806993
117	167	0.766277
117	169	0.80888
117	172	0.757507
117	173	0.765819
117	174	0.728658
117	175	0.768312
117	176	0.749789
117	177	0.760816
117	178	0.739127
117	179	0.755783
117	180	0.733115
118	27	1.54461
118	42	1.20015
118	46	1.86096
118	94	1.46254
118	101	1.44597
118	130	0.827918
118	137	1.44294
118	146	0.848499
118	150	0.833962
118	151	1.5864
118	152	0.842295
118	155	0.825735
118	156	0.836184
118	161	0.802327
118	164	0.831442
118	167	0.799355
118	168	0.861131
118	171	0.84041
118	172	0.790584
118	173	0.798897
118	174	0.761736
118	175	0.80139
118	176	0.782866
118	177	0.793894
118	178	0.772205
118	179	0.788861
118	180	0.766193
119	12	0.792923
119	36	1.04672
119	38	0.958486
119	41	0.81744
119	42	0.903539
119	52	0.892377
119	57	0.878008
119	58	0.87772
119	59	1.29835
119	74	0.913174
119	87	1.37361
119	113	1.32234
119	122	1.36311
119	124	0.946108
119	138	1.22646
119	144	1.31919
119	151	1.33944
119	154	0.90118
119	166	0.81509
119	172	0.822175
119	173	0.830487
119	174	0.793326
119	176	0.814456
119	177	0.825484
119	178	0.803795
119	179	0.820451
119	180	0.797783
120	2	1.29426
120	51	1.26495
120	63	1.47051
120	85	1.35229
120	90	1.6127
120	113	1.38305
120	115	1.43594
120	132	0.85836
120	136	0.889368
120	137	1.25669
120	158	0.862215
120	161	0.830598
120	162	0.879047
120	163	0.862222
120	164	0.859713
120	165	0.868342
120	166	0.811771
120	167	0.827626
120	168	0.889403
120	169	0.870229
120	172	0.818856
120	173	0.827168
120	174	0.790007
120	175	0.829661
120	176	0.811138
120	177	0.822165
120	178	0.800476
120	180	0.794464
121	5	0.841985
121	15	0.918877
121	51	0.895591
121	63	0.867381
121	69	0.844219
121	78	0.88935
121	90	0.860772
121	101	0.882878
121	104	0.860573
121	107	0.851047
121	109	0.841435
121	110	0.842325
121	122	0.880861
121	129	0.86012
121	131	0.862891
121	133	0.890788
121	138	0.881885
121	139	1.59764
121	141	0.880471
121	153	1.50157
121	155	1.41842
121	157	0.870913
121	163	1.27811
121	165	1.2803
121	168	1.12772
121	171	0.872702
121	175	1.42457
121	176	1.5522
121	179	1.59223
122	10	0.805987
122	15	0.910586
122	49	1.45192
122	51	0.8873
122	63	0.85909
122	69	0.835928
122	72	0.912149
122	75	0.910583
122	76	0.910078
122	97	0.857502
122	98	1.22359
122	101	0.874587
122	104	0.852282
122	105	0.850766
122	107	0.842756
122	119	1.36311
122	121	0.880861
122	124	1.22823
122	131	0.8546
122	133	0.882497
122	135	0.871326
122	141	0.87218
122	153	1.62136
122	154	1.26755
122	157	0.862622
122	160	1.38553
122	162	1.27193
122	167	1.53865
122	171	0.864411
123	23	0.793546
123	26	0.870089
123	33	1.20536
123	34	0.851552
123	35	0.770537
123	50	0.877978
123	68	0.91878
123	83	0.87815
123	85	0.873023
123	91	0.857505
123	93	0.89423
123	94	0.895116
123	98	1.13675
123	106	0.895968
123	111	0.890542
123	112	1.39393
123	115	0.86621
123	134	0.887837
123	139	1.63059
123	143	1.39818
123	144	0.872986
123	148	0.887032
123	151	0.890412
123	157	0.872222
123	158	1.36676
123	159	0.855005
123	167	1.45181
123	168	1.16066
123	179	1.62517
124	13	0.847231
124	24	1.27777
124	41	0.875799
124	42	0.961899
124	49	0.893174
124	52	0.950737
124	54	1.18518
124	57	0.936367
124	58	0.93608
124	64	1.09889
124	74	0.971533
124	84	1.22855
124	94	1.0807
124	103	0.983988
124	117	0.88144
124	119	0.946108
124	122	1.22823
124	142	0.930538
124	145	1.08632
124	151	1.20456
124	152	1.24458
124	167	0.889304
124	173	0.888846
124	174	0.851685
124	175	0.891339
124	176	0.872816
124	177	0.883843
124	178	0.862155
124	179	0.87881
124	180	0.856142
125	5	0.819444
125	51	1.36065
125	55	1.45528
125	87	1.53002
125	111	1.40334
125	113	1.47875
125	127	1.51864
125	142	0.85034
125	145	1.37762
125	149	0.872288
125	153	0.813431
125	154	0.879341
125	157	1.48726
125	158	0.843695
125	161	0.812078
125	162	0.860527
125	165	0.849822
125	166	0.793252
125	167	0.809106
125	169	0.851709
125	170	0.806917
125	172	0.800336
125	173	0.808649
125	174	0.771488
125	175	0.811142
125	176	0.792618
125	177	0.803645
125	178	0.781957
125	179	0.798612
125	180	0.775945
126	7	0.800946
126	22	1.22927
126	31	0.876281
126	54	0.881196
126	79	0.813753
126	87	0.860775
126	95	0.83323
126	96	1.19534
126	103	0.931358
126	113	0.873315
126	116	0.85357
126	128	0.863631
126	130	0.846625
126	139	1.68232
126	145	0.870503
126	146	0.867206
126	147	0.852767
126	150	0.852669
126	152	0.861001
126	156	0.854891
126	158	1.41849
126	159	1.47213
126	160	0.860971
126	164	1.36306
126	165	1.36497
126	168	0.879838
126	171	0.859117
126	175	1.50925
126	178	1.68011
126	179	0.807568
127	20	0.868343
127	31	0.873088
127	32	0.849228
127	39	1.04195
127	53	0.875168
127	54	0.878003
127	71	0.906232
127	87	0.857583
127	89	0.849752
127	95	0.830037
127	108	0.830901
127	116	0.850378
127	125	1.51864
127	128	0.860438
127	145	0.86731
127	147	0.849574
127	148	1.36537
127	150	0.849476
127	152	0.857809
127	156	0.851698
127	158	1.45271
127	160	0.857778
127	162	1.27105
127	164	1.39728
127	165	1.3992
127	168	0.876645
127	170	1.60153
127	171	0.855924
127	174	1.85663
127	179	0.804375
128	54	0.882844
128	71	0.911074
128	79	0.815401
128	81	1.07727
128	86	1.40292
128	87	0.862424
128	95	0.834878
128	96	1.21094
128	108	0.835743
128	116	0.855219
128	126	0.863631
128	127	0.860438
128	130	0.848274
128	145	0.872151
128	146	0.868854
128	147	0.854415
128	148	1.34675
128	150	0.854318
128	152	0.86265
128	155	0.846091
128	156	0.856539
128	159	1.48773
128	160	0.86262
128	168	0.881487
128	171	0.860765
128	172	1.59879
128	173	1.42871
128	175	1.52485
128	179	0.809216
128	180	1.70124
129	8	0.773684
129	10	0.785246
129	27	0.837529
129	29	0.856769
129	36	0.925234
129	37	1.33699
129	51	0.866559
129	70	0.812285
129	72	0.891408
129	75	0.889842
129	77	1.05231
129	78	0.860318
129	86	1.50268
129	90	0.83174
129	97	0.836761
129	101	0.853846
129	105	0.830025
129	109	0.812403
129	121	0.86012
129	131	0.833859
129	135	0.850585
129	138	0.852853
129	141	0.851439
129	142	1.44091
129	148	1.44651
129	157	0.841881
129	162	1.35219
129	167	1.61891
129	171	0.84367
129	177	1.60834
129	180	1.801
130	18	0.860022
130	24	0.860014
130	39	1.12129
130	40	1.12528
130	53	0.863004
130	59	0.865937
130	89	0.837588
130	95	0.817873
130	103	0.916001
130	108	0.818737
130	116	0.838213
130	118	0.827918
130	126	0.846625
130	128	0.848274
130	143	1.56348
130	145	0.855146
130	146	0.851849
130	147	0.837409
130	150	0.837312
130	152	0.845644
130	155	0.829085
130	156	0.839534
130	159	1.5857
130	160	0.845614
130	162	1.35039
130	165	1.47854
130	168	0.864481
130	170	1.68088
130	177	1.60655
130	178	1.79368
130	179	0.79221
131	5	0.815723
131	8	0.776454
131	29	0.85954
131	37	1.28401
131	46	0.81264
131	51	0.869329
131	75	0.892612
131	76	0.892107
131	90	0.83451
131	100	0.876056
131	104	0.834311
131	105	0.832795
131	109	0.815174
131	110	0.816064
131	121	0.862891
131	122	0.8546
131	129	0.833859
131	133	0.864526
131	135	0.853355
131	138	0.855623
131	141	0.85421
131	148	1.39353
131	157	0.844651
131	163	1.42517
131	166	1.78994
131	168	1.27478
131	169	1.34921
131	170	1.62969
131	171	0.84644
131	177	1.55536
131	179	1.73929
132	1	1.19074
132	10	1.76276
132	27	1.45056
132	92	1.39358
132	112	0.851507
132	120	0.85836
132	133	1.40101
132	141	1.31767
132	143	0.839989
132	146	1.48442
132	150	1.47774
132	154	0.875109
132	158	0.839464
132	161	0.807847
132	162	0.856295
132	163	0.83947
132	164	0.836962
132	165	0.84559
132	166	0.78902
132	167	0.804875
132	169	0.847478
132	170	0.802685
132	172	0.796105
132	173	0.804417
132	174	0.767256
132	175	0.80691
132	176	0.788386
132	177	0.799414
132	178	0.777725
132	180	0.771713
133	8	0.804352
133	27	0.868197
133	29	0.887437
133	63	0.869017
133	69	0.845854
133	75	0.92051
133	76	0.920005
133	80	1.08959
133	99	1.24713
133	100	0.903954
133	101	0.884514
133	104	0.862209
133	105	0.860693
133	107	0.852683
133	109	0.843071
133	110	0.843961
133	121	0.890788
133	122	0.882497
133	131	0.864526
133	132	1.40101
133	135	0.881252
133	138	0.883521
133	141	0.882107
133	157	0.872549
133	158	1.33859
133	161	1.57642
133	168	1.13249
133	171	0.874338
133	173	1.33321
133	175	1.42934
133	176	1.55698
133	180	1.60573
134	6	0.809889
134	26	0.866155
134	34	0.847618
134	50	0.874043
134	55	0.887491
134	60	0.833085
134	64	0.869142
134	66	0.851224
134	68	0.914846
134	73	1.32789
134	82	1.35833
134	83	0.874216
134	85	0.869089
134	91	0.853571
134	92	0.92874
134	93	0.890295
134	94	0.891182
134	106	0.892033
134	123	0.887837
134	142	1.25367
134	144	0.869052
134	148	0.883098
134	149	1.2305
134	151	0.886477
134	157	0.868288
134	159	0.851071
134	162	1.16494
134	169	1.21494
134	170	1.49542
134	176	1.56499
134	179	1.60502
134	180	1.61375
135	8	0.793181
135	10	0.804742
135	15	0.909341
135	36	0.944731
135	46	0.829366
135	62	1.20586
135	69	0.834683
135	70	0.831782
135	72	0.910905
135	75	0.909338
135	88	0.876042
135	90	0.851236
135	96	1.08462
135	97	0.856258
135	101	0.873342
135	104	0.851037
135	105	0.849521
135	107	0.841511
135	109	0.8319
135	122	0.871326
135	129	0.850585
135	131	0.853355
135	133	0.881252
135	136	1.21494
135	138	0.87235
135	141	0.870936
