1	8	0.848811
1	28	0.805917
1	43	0.74858
1	44	0.752459
1	67	0.760692
1	74	0.810525
1	77	0.810353
1	81	0.810126
1	87	1.73406
1	133	0.859097
1	136	1.91015
1	150	2.01093
2	31	1.39354
2	126	1.33063
2	146	0.904167
2	153	1.21466
2	171	0.777159
2	173	0.772235
2	174	0.812896
2	175	0.818711
2	176	0.820772
2	177	0.789753
2	178	0.771548
2	180	0.769071
3	37	1.10651
3	52	0.926748
3	61	1.12554
3	107	0.948169
3	112	0.490784
3	119	0.954255
3	153	0.942159
3	164	0.947769
3	169	0.899464
3	176	0.872058
3	177	0.841038
3	180	0.820356
4	70	1.01788
4	71	0.741594
4	126	1.00083
4	127	0.873995
4	161	0.949533
4	166	0.883291
4	167	0.89831
4	174	0.908138
4	175	0.913952
4	176	0.916014
4	177	0.884994
4	180	0.864313
5	128	0.812211
5	132	1.29422
5	139	0.788175
5	145	0.822224
5	153	0.806507
5	154	0.802571
5	162	0.812732
5	163	0.805559
5	164	0.812118
5	166	2.21968
5	168	0.73283
5	171	2.19908
6	105	1.27643
6	113	1.426
6	131	1.24898
6	155	0.882066
6	156	0.816667
6	171	0.778437
6	172	0.770872
6	175	0.819989
6	176	0.822051
6	177	0.791031
6	178	0.772826
6	180	0.770349
7	25	0.98645
7	27	0.902431
7	33	1.0867
7	38	0.896568
7	49	0.91796
7	63	0.900471
7	70	0.953443
7	143	1.04711
7	175	1.23597
7	178	1.81869
7	179	1.50686
8	1	0.848811
8	19	0.923117
8	28	0.923426
8	43	0.866089
8	67	0.878201
8	74	0.928034
8	77	0.927862
8	81	0.927636
8	132	1.14547
8	143	1.38419
8	176	1.62783
8	179	1.84393
9	20	0.741525
9	120	0.821364
9	139	0.787285
9	152	0.815895
9	153	0.805618
9	154	0.801682
9	155	1.60887
9	160	1.75524
9	162	0.811843
9	163	0.80467
9	164	0.811228
9	166	2.3345
10	21	1.12952
10	120	1.51037
10	153	1.34743
10	156	0.824947
10	171	0.786717
10	173	0.781793
10	174	0.822454
10	175	0.828269
10	176	0.830331
10	177	0.799311
10	178	0.781106
10	180	0.778629
11	12	1.73689
11	83	1.12486
11	115	1.14457
11	167	0.814867
11	172	0.781393
11	173	0.784033
11	174	0.824695
11	175	0.830509
11	176	0.832571
11	177	0.801551
11	178	0.783346
11	180	0.78087
12	11	1.73689
12	64	0.803716
12	72	1.79152
12	85	0.809526
12	92	0.805382
12	99	0.787126
12	109	0.810856
12	112	0.79367
12	114	0.831107
12	141	1.82065
12	169	0.756808
12	170	0.803487
13	83	0.900918
13	145	0.912308
13	152	0.906869
13	153	0.896591
13	154	0.892655
13	155	1.1106
13	162	0.902816
13	163	0.895643
13	164	0.902201
13	166	1.83623
13	176	1.39313
13	177	1.66341
14	88	0.895127
14	118	1.59961
14	127	0.905282
14	129	0.924887
14	141	1.19659
14	152	0.901168
14	153	0.890891
14	154	0.886955
14	155	1.4435
14	162	0.897116
14	164	0.896501
14	176	1.72604
15	21	1.95147
15	38	0.754176
15	63	0.758079
15	70	0.811052
15	116	0.807029
15	128	2.34346
15	135	0.745607
15	168	0.699913
15	173	0.654951
15	177	0.672469
15	179	0.699094
15	180	0.651788
16	92	0.90654
16	94	0.9022
16	99	0.888284
16	109	0.912014
16	112	0.894828
16	114	0.932265
16	130	1.26014
16	142	1.42209
16	150	1.45196
16	169	0.857966
16	170	0.904645
16	175	1.84952
17	57	0.812061
17	60	0.783756
17	61	0.787336
17	69	1.66998
17	78	0.811677
17	96	0.840252
17	100	0.770647
17	103	0.811301
17	125	0.782915
17	133	1.92784
17	136	2.03354
17	137	0.841097
18	36	1.34909
18	85	0.87657
18	92	0.872426
18	94	0.868086
18	99	0.854169
18	109	0.8779
18	112	0.860714
18	114	0.898151
18	151	1.58458
18	155	1.58045
18	169	0.823851
18	170	0.870531
18	174	1.86182
19	8	0.923117
19	22	0.884563
19	29	0.883992
19	43	0.822886
19	44	0.826764
19	67	0.834998
19	74	0.884831
19	77	0.884659
19	81	0.884432
19	82	1.11517
19	147	1.30816
19	166	2.20618
19	176	1.76308
20	9	0.741525
20	79	1.80567
20	90	0.803253
20	117	0.770755
20	123	0.777459
20	137	1.58225
20	152	0.794065
20	153	0.783788
20	154	0.779852
20	162	0.790013
20	163	0.78284
20	164	0.789398
20	180	2.67879
21	10	1.12952
21	15	1.95147
21	56	0.878856
21	71	0.904538
21	91	0.870579
21	95	0.852828
21	97	0.910159
21	107	0.863401
21	119	0.869488
21	141	0.930196
21	157	0.83981
21	167	1.75259
21	169	0.814696
22	19	0.884563
22	28	0.884873
22	29	0.888642
22	43	0.827536
22	44	0.831414
22	67	0.839648
22	74	0.889481
22	77	0.889309
22	81	0.889082
22	166	1.58259
22	168	1.45465
22	172	1.77098
22	180	1.60848
23	34	0.929695
23	37	0.847876
23	48	0.880872
23	52	0.875989
23	53	0.878474
23	137	0.905564
23	149	1.24498
23	155	0.856308
23	158	1.229
23	165	1.602
23	170	0.870378
23	173	2.31266
23	179	0.791897
24	108	0.837943
24	123	0.865435
24	124	1.3687
24	126	0.886649
24	139	0.853431
24	153	0.871763
24	154	0.867827
24	162	0.877988
24	163	0.870815
24	164	0.877374
24	165	1.58369
24	174	1.74218
24	175	1.68855
25	7	0.98645
25	27	0.904797
25	33	1.08906
25	38	0.898935
25	49	0.920327
25	63	0.902837
25	70	0.95581
25	158	1.01623
25	159	1.29811
25	170	1.17647
25	173	2.09988
26	52	0.917774
26	68	0.858669
26	84	0.998385
26	95	1.15618
26	109	1.02835
26	162	0.914403
26	163	0.90723
26	164	0.913788
26	170	0.912163
26	176	0.838077
26	177	0.807057
26	179	0.833682
26	180	0.786376
27	7	0.902431
27	25	0.904797
27	33	1.00505
27	38	0.814916
27	49	0.836308
27	63	0.818819
27	70	0.871791
27	79	0.843366
27	110	0.831157
27	143	1.15766
27	168	1.71646
27	178	1.92924
27	179	1.61741
28	1	0.805917
28	8	0.923426
28	22	0.884873
28	29	0.884301
28	44	0.827074
28	67	0.835307
28	69	0.974063
28	74	0.88514
28	77	0.884968
28	81	0.884741
28	132	1.40839
28	155	1.60821
28	180	2.35973
29	19	0.883992
29	22	0.888642
29	28	0.884301
29	43	0.826965
29	44	0.830843
29	67	0.839076
29	74	0.88891
29	77	0.888738
29	81	0.888511
29	137	1.37901
29	144	1.66955
29	146	1.57235
29	157	1.7661
30	115	0.883177
30	120	0.871986
30	121	1.67109
30	129	0.890237
30	145	0.871957
30	146	1.27254
30	153	0.85624
30	154	0.852304
30	157	1.46628
30	162	0.862465
30	163	0.855292
30	164	0.86185
30	177	1.97702
31	2	1.39354
31	80	0.904226
31	84	0.876476
31	98	0.925914
31	105	0.903178
31	106	0.82981
31	116	0.910015
31	137	1.22887
31	157	0.858995
31	159	1.60565
31	168	0.802899
31	169	1.85979
31	179	0.80208
32	77	1.13322
32	90	0.926426
32	94	0.973428
32	120	1.05894
32	171	0.858863
32	172	0.851298
32	173	0.853939
32	174	0.8946
32	175	0.900414
32	176	0.902476
32	177	0.871457
32	178	0.853252
32	180	0.850775
33	7	1.0867
33	25	1.08906
33	27	1.00505
33	38	0.999183
33	49	1.02057
33	63	1.00309
33	70	1.05606
33	101	0.858895
33	122	1.14918
33	134	1.38861
33	136	0.990359
33	167	1.83643
34	23	0.929695
34	37	0.892665
34	48	0.925661
34	52	0.920778
34	53	0.923263
34	144	1.16069
34	155	0.901097
34	158	0.965059
34	170	0.915167
34	171	1.9202
34	179	0.836686
34	180	1.9667
35	53	1.20965
35	77	1.11626
35	131	0.937725
35	158	0.99237
35	164	0.840839
35	166	0.85433
35	171	0.843439
35	172	0.835874
35	175	0.884991
35	176	0.887053
35	177	0.856033
35	178	0.837828
35	180	0.835351
36	18	1.34909
36	42	0.941817
36	49	0.89355
36	50	1.10765
36	63	0.876061
36	70	0.929034
36	109	1.29569
36	162	0.897798
36	163	0.890624
36	164	0.897183
36	171	0.777858
36	173	0.772934
36	178	0.772247
36	180	0.76977
37	3	1.10651
37	23	0.847876
37	34	0.892665
37	48	0.843842
37	52	0.838959
37	53	0.841444
37	132	0.865225
37	137	0.868533
37	149	1.55948
37	151	1.79775
37	155	0.819278
37	170	0.833348
37	175	2.02136
37	179	0.754867
38	7	0.896568
38	15	0.754176
38	25	0.898935
38	27	0.814916
38	33	0.999183
38	49	0.830445
38	63	0.812956
38	70	0.865929
38	76	0.732541
38	110	0.825294
38	147	1.24132
38	156	1.89053
38	169	1.69961
38	177	1.96652
39	75	0.916985
39	117	0.882719
39	128	0.901456
39	131	0.891337
39	145	0.911469
39	148	1.15916
39	152	0.906029
39	154	0.891816
39	159	1.21107
39	162	0.901977
39	163	0.894804
39	164	0.901362
39	169	1.4652
39	177	1.73211
39	180	1.93082
40	46	0.785422
40	51	0.840343
40	56	0.83962
40	86	1.40506
40	91	0.831343
40	95	0.813592
40	97	0.870924
40	104	1.63014
40	107	0.824165
40	119	0.830252
40	155	0.80807
40	157	0.800574
40	169	0.775461
40	170	1.75473
40	177	2.39741
41	50	0.893566
41	57	0.885719
41	59	1.04091
41	61	0.860994
41	78	0.885335
41	96	0.913911
41	100	0.844305
41	101	1.09231
41	103	0.884959
41	133	1.11807
41	137	0.914755
41	141	0.904405
41	147	1.32198
41	165	1.61725
41	173	2.32791
42	36	0.941817
42	64	0.903978
42	85	0.909788
42	92	0.905644
42	94	0.901304
42	99	0.887388
42	109	0.911118
42	112	0.893932
42	114	0.931369
42	130	0.811533
42	138	1.35607
42	169	0.85707
42	170	0.903749
42	172	2.08719
42	173	2.00671
43	1	0.74858
43	8	0.866089
43	19	0.822886
43	22	0.827536
43	29	0.826965
43	44	0.769737
43	67	0.77797
43	74	0.827804
43	77	0.827631
43	81	0.827405
43	111	1.5223
43	133	0.876375
43	143	1.81919
43	158	1.53019
43	177	2.33311
44	1	0.752459
44	19	0.826764
44	22	0.831414
44	28	0.827074
44	29	0.830843
44	43	0.769737
44	67	0.781849
44	74	0.831682
44	77	0.83151
44	81	0.831283
44	93	1.42766
44	133	0.880253
44	158	1.62131
44	161	1.96105
44	174	2.1528
45	64	0.822367
45	85	0.828176
45	87	1.43298
45	92	0.824032
45	94	0.819692
45	99	0.805776
45	109	0.829507
45	112	0.81232
45	114	0.849757
45	134	0.805825
45	137	1.53464
45	146	1.72798
45	168	2.47735
45	169	0.775458
45	170	0.822137
46	40	0.785422
46	50	0.833129
46	51	0.837335
46	56	0.836613
46	91	0.828336
46	95	0.810585
46	97	0.867916
46	119	0.827245
46	142	1.382
46	148	1.56154
46	155	0.805062
46	157	0.797567
46	169	0.772453
46	176	1.86422
46	178	2.39216
47	66	0.861746
47	72	1.19714
47	73	0.90079
47	79	1.35159
47	80	0.902605
47	84	0.874855
47	89	0.880509
47	102	0.901451
47	106	0.828189
47	116	0.908394
47	122	1.36142
47	125	1.60983
47	141	0.903775
47	157	0.857373
47	173	2.30673
47	179	0.800459
48	23	0.880872
48	34	0.925661
48	37	0.843842
48	52	0.871955
48	53	0.87444
48	79	0.871396
48	132	0.898221
48	133	1.12085
48	137	0.901529
48	148	1.477
48	155	0.852274
48	161	1.58677
48	165	1.62003
48	168	2.09483
48	170	0.866344
48	179	0.787863
49	7	0.91796
49	25	0.920327
49	27	0.836308
49	33	1.02057
49	36	0.89355
49	38	0.830445
49	63	0.834348
49	70	0.88732
49	76	0.753933
49	79	0.858895
49	110	0.846686
49	122	1.03355
49	157	1.18739
49	172	2.05934
49	177	1.69813
49	180	1.89684
50	36	1.10765
50	41	0.893566
50	46	0.833129
50	56	0.887327
50	67	0.836963
50	74	0.886796
50	77	0.886624
50	81	0.886397
50	95	0.861299
50	96	0.904188
50	103	0.875236
50	119	0.877959
50	144	1.28452
50	151	1.34314
50	172	2.25302
50	176	1.62154
51	40	0.840343
51	46	0.837335
51	54	1.15807
51	55	0.892767
51	71	0.917216
51	91	0.883256
51	95	0.865505
51	97	0.922837
51	107	0.876078
51	119	0.882165
51	133	1.30531
51	135	1.99152
51	142	1.48192
51	157	0.852487
51	169	0.827373
51	176	1.96414
52	3	0.926748
52	23	0.875989
52	26	0.917774
52	34	0.920778
52	37	0.838959
52	48	0.871955
52	53	0.869557
52	124	1.52175
52	132	0.893338
52	137	0.896646
52	144	1.55937
52	155	0.847391
52	161	1.70348
52	170	0.861461
52	176	1.89639
52	179	0.78298
53	23	0.878474
53	34	0.923263
53	35	1.20965
53	37	0.841444
53	48	0.87444
53	52	0.869557
53	65	1.21155
53	79	0.868998
53	132	0.895823
53	137	0.899131
53	146	1.57395
53	150	1.55582
53	155	0.849876
53	170	0.863946
53	176	2.00817
53	179	0.785465
54	51	1.15807
54	59	1.0685
54	60	0.885003
54	67	0.963985
54	89	1.23967
54	100	0.871894
54	103	0.912548
54	107	0.940531
54	119	0.905778
54	145	0.918891
54	153	0.903174
54	164	0.908784
54	174	0.825197
54	177	0.802053
54	178	0.783848
54	180	0.781372
55	51	0.892767
55	88	0.874816
55	107	0.87659
55	112	0.864748
55	114	0.902185
55	119	0.882677
55	121	1.67231
55	137	1.08041
55	155	0.860495
55	159	1.4572
55	163	0.869632
55	164	0.87619
55	165	1.54831
55	169	0.827885
55	170	0.874565
55	171	2.13046
56	21	0.878856
56	40	0.83962
56	46	0.836613
56	50	0.887327
56	65	1.01359
56	71	0.916493
56	91	0.882533
56	97	0.922114
56	107	0.875356
56	119	0.881442
56	135	1.83758
56	144	1.47318
56	157	0.851764
56	168	2.12535
56	169	0.826651
56	170	1.43779
57	17	0.812061
57	41	0.885719
57	59	1.02334
57	60	0.839845
57	61	0.843425
57	78	0.867766
57	96	0.896341
57	100	0.826735
57	103	0.86739
57	118	1.42762
57	124	1.17941
57	132	0.893877
57	134	1.39918
57	141	0.886835
57	173	2.10506
57	179	1.77015
58	82	1.20888
58	115	0.86841
58	124	1.48215
58	127	0.855864
58	128	0.847177
58	129	0.87547
58	131	0.837058
58	139	0.823141
58	145	0.85719
58	147	1.40187
58	152	0.851751
58	154	0.837537
58	162	0.847698
58	163	0.840525
58	164	0.847083
58	176	1.85679
58	180	2.32578
59	41	1.04091
59	54	1.0685
59	57	1.02334
59	60	0.995034
59	61	0.998614
59	78	1.02295
59	96	1.05153
59	100	0.981925
59	103	1.02258
59	122	0.81946
59	141	1.04202
59	147	0.758843
59	166	1.65686
59	169	1.21713
59	176	1.21377
59	177	1.48404
59	178	1.7417
60	17	0.783756
60	54	0.885003
60	57	0.839845
60	59	0.995034
60	61	0.81512
60	78	0.83946
60	96	0.868036
60	100	0.79843
60	103	0.839084
60	125	0.810698
60	132	0.865572
60	133	1.10746
60	135	1.79366
60	137	0.86888
60	144	1.42926
60	166	2.20938
60	174	1.76512
61	3	1.12554
61	17	0.787336
61	41	0.860994
61	57	0.843425
61	59	0.998614
61	60	0.81512
61	65	1.29857
61	66	0.820081
61	78	0.843041
61	96	0.871616
61	100	0.80201
61	103	0.842665
61	136	1.54205
61	137	0.87246
61	141	0.86211
61	165	1.93553
61	175	2.04039
62	73	0.881701
62	76	2.37995
62	80	0.883516
62	84	0.855766
62	89	0.86142
62	98	0.905204
62	102	0.882362
62	106	0.8091
62	116	0.889305
62	125	1.31124
62	134	0.843538
62	151	1.17874
62	157	0.838284
62	168	0.782188
62	176	1.45714
62	178	1.98508
62	179	0.78137
63	7	0.900471
63	15	0.758079
63	25	0.902837
63	27	0.818819
63	33	1.00309
63	36	0.876061
63	38	0.812956
63	49	0.834348
63	70	0.869831
63	76	0.736444
63	79	0.841406
63	110	0.829197
63	134	1.62828
63	141	1.25371
63	157	1.54269
63	169	1.78652
63	177	2.05343
64	12	0.803716
64	42	0.903978
64	45	0.822367
64	85	0.862118
64	92	0.857974
64	94	0.853634
64	99	0.839718
64	109	0.863449
64	112	0.846262
64	114	0.883699
64	156	1.89837
64	157	1.46362
64	160	1.56792
64	169	0.8094
64	170	0.856079
64	174	1.70292
64	175	1.64929
65	53	1.21155
65	56	1.01359
65	61	1.29857
65	105	0.967075
65	154	0.95143
65	162	0.880986
65	165	0.961249
65	166	0.895255
65	167	0.910273
65	171	0.884364
65	172	0.876799
65	173	0.87944
65	174	0.920101
65	175	0.925915
65	176	0.927977
65	177	0.896957
65	178	0.878753
65	180	0.876276
66	47	0.861746
66	61	0.820081
66	71	0.881819
66	86	1.42046
66	91	0.847859
66	95	0.830109
66	96	0.872998
66	97	0.88744
66	100	0.803392
66	103	0.844046
66	106	0.787906
66	111	1.60201
66	134	0.822344
66	143	1.8989
66	147	1.68762
66	169	0.791977
66	175	2.08775
66	179	0.760176
67	1	0.760692
67	8	0.878201
67	19	0.834998
67	22	0.839648
67	28	0.835307
67	29	0.839076
67	43	0.77797
67	44	0.781849
67	50	0.836963
67	54	0.963985
67	74	0.839915
67	77	0.839743
67	81	0.839516
67	133	0.888487
67	142	1.28783
67	155	1.48752
67	172	2.40153
67	180	2.23904
68	26	0.858669
68	73	0.925623
68	80	0.927438
68	84	0.899689
68	87	0.910678
68	89	0.905343
68	98	0.949126
68	102	0.926284
68	105	0.92639
68	106	0.853022
68	116	0.933227
68	140	1.1972
68	141	0.928608
68	167	1.93284
68	168	0.826111
68	174	1.63873
68	179	0.825292
68	180	2.10888
69	17	1.66998
69	28	0.974063
69	78	0.883041
69	113	0.996578
69	127	0.749996
69	150	1.00839
69	162	0.760916
69	165	0.949628
69	171	0.872743
69	172	0.865178
69	173	0.867819
69	174	0.90848
69	175	0.914295
69	176	0.916357
69	177	0.885337
69	178	0.867132
69	179	0.911961
69	180	0.864655
70	4	1.01788
70	7	0.953443
70	15	0.811052
70	25	0.95581
70	27	0.871791
70	33	1.05606
70	36	0.929034
70	38	0.865929
70	49	0.88732
70	63	0.869831
70	72	1.25199
70	76	0.789417
70	79	0.894379
70	110	0.882169
70	142	1.32835
70	156	2.00486
70	161	1.61766
70	170	1.43815
71	4	0.741594
71	21	0.904538
71	51	0.917216
71	56	0.916493
71	66	0.881819
71	91	0.908216
71	95	0.890465
71	97	0.947797
71	107	0.901038
71	119	0.907125
71	135	1.56166
71	150	1.08193
71	155	0.884943
71	157	0.877447
71	165	1.37463
71	168	1.84943
71	169	0.852334
71	173	2.08528
72	12	1.79152
72	47	1.19714
72	70	1.25199
72	80	1.08915
72	100	1.27642
72	107	0.882767
72	119	0.888853
72	152	0.887034
72	153	0.876757
72	155	0.866671
72	163	0.875809
72	164	0.882367
72	169	0.834062
72	172	0.755477
72	173	0.758118
72	176	0.806656
72	178	0.757431
72	180	0.754954
73	47	0.90079
73	62	0.881701
73	68	0.925623
73	80	0.901366
73	84	0.873616
73	89	0.879271
73	98	0.923054
73	102	0.900212
73	105	0.900318
73	106	0.82695
73	141	0.902536
73	143	1.64009
73	144	1.54672
73	158	1.35109
73	159	1.63297
73	165	1.72408
73	168	0.800038
73	170	1.51133
73	179	0.79922
74	1	0.810525
74	8	0.928034
74	19	0.884831
74	22	0.889481
74	28	0.88514
74	29	0.88891
74	43	0.827804
74	44	0.831682
74	50	0.886796
74	67	0.839915
74	76	2.53443
74	77	0.889576
74	81	0.88935
74	93	0.885328
74	133	0.93832
74	141	1.08218
74	149	1.09496
74	174	1.61046
74	178	2.13956
75	39	0.916985
75	101	1.30333
75	108	0.835293
75	115	0.89605
75	126	0.884
75	127	0.883505
75	129	0.90311
75	136	1.43479
75	139	0.850781
75	140	1.54522
75	152	0.879391
75	153	0.869114
75	154	0.865177
75	155	1.70539
75	159	1.73715
75	162	0.875339
75	163	0.868166
75	164	0.874724
75	170	1.61551
76	38	0.732541
76	49	0.753933
76	62	2.37995
76	63	0.736444
76	70	0.789417
76	74	2.53443
76	91	0.765143
76	95	0.747392
76	107	0.757965
76	112	2.38323
76	119	0.764052
76	121	0.733439
76	169	0.709261
76	171	0.63824
76	172	0.630676
76	174	0.673978
76	175	0.679792
76	176	0.681854
76	180	0.630153
77	1	0.810353
77	8	0.927862
77	19	0.884659
77	22	0.889309
77	28	0.884968
77	29	0.888738
77	32	1.13322
77	35	1.11626
77	43	0.827631
77	44	0.83151
77	50	0.886624
77	67	0.839743
77	74	0.889576
77	79	1.51064
77	81	0.889178
77	133	0.938148
77	140	1.47207
77	149	1.3981
77	179	2.13087
78	17	0.811677
78	41	0.885335
78	57	0.867766
78	59	1.02295
78	60	0.83946
78	61	0.843041
78	69	0.883041
78	82	1.15181
78	96	0.895957
78	100	0.826351
78	103	0.867005
78	125	0.838619
78	132	0.893493
78	134	1.64485
78	137	0.896801
78	141	0.886451
78	151	1.52133
78	159	1.54895
78	178	2.32766
79	20	1.80567
79	27	0.843366
79	47	1.35159
79	48	0.871396
79	49	0.858895
79	53	0.868998
79	63	0.841406
79	70	0.894379
79	77	1.51064
79	112	1.0563
79	153	1.27342
79	155	0.846832
79	170	0.860902
79	172	0.735638
79	174	0.77894
79	177	0.755796
79	178	0.737591
79	179	0.782421
79	180	0.735115
80	31	0.904226
80	47	0.902605
80	62	0.883516
80	68	0.927438
80	72	1.08915
80	73	0.901366
80	84	0.875431
80	89	0.881086
80	102	0.902027
80	105	0.902133
80	106	0.828765
80	116	0.90897
80	149	1.13106
80	161	1.45482
80	168	0.801853
80	169	1.6511
80	175	1.59294
80	178	2.17567
80	179	0.801035
81	1	0.810126
81	8	0.927636
81	19	0.884432
81	22	0.889082
81	28	0.884741
81	29	0.888511
81	43	0.827405
81	44	0.831283
81	50	0.886397
81	67	0.839516
81	74	0.88935
81	77	0.889178
81	133	0.937921
81	144	1.15152
81	150	1.03619
81	171	1.91103
81	172	2.12002
81	176	1.48854
81	179	1.70464
82	19	1.11517
82	58	1.20888
82	78	1.15181
82	120	1.19258
82	129	1.03102
82	144	0.985331
82	161	0.923816
82	162	1.02969
82	165	0.923568
82	167	0.872592
82	171	0.846683
82	172	0.839118
82	173	0.841759
82	174	0.882421
82	175	0.888235
82	176	0.890297
82	177	0.859277
82	178	0.841072
82	180	0.838595
83	11	1.12486
83	13	0.900918
83	90	0.871673
83	108	0.818388
83	117	0.839175
83	120	0.867954
83	129	0.886205
83	131	0.847793
83	135	1.76544
83	139	0.833876
83	142	1.25585
83	152	0.862486
83	153	0.852208
83	154	0.848272
83	160	1.6019
83	162	0.858433
83	163	0.85126
83	164	0.857818
83	167	2.03101
83	175	1.68327
84	26	0.998385
84	31	0.876476
84	47	0.874855
84	62	0.855766
84	68	0.899689
84	73	0.873616
84	80	0.875431
84	89	0.853336
84	98	0.897119
84	102	0.874277
84	105	0.874383
84	116	0.88122
84	142	1.29739
84	148	1.47693
84	150	1.32727
84	157	0.8302
84	167	2.07256
84	168	0.774104
84	178	2.30755
84	179	0.773285
85	12	0.809526
85	18	0.87657
85	42	0.909788
85	45	0.828176
85	64	0.862118
85	92	0.863784
85	94	0.859444
85	99	0.845528
85	109	0.869259
85	112	0.852072
85	114	0.889509
85	125	1.55704
85	133	1.04411
85	134	0.845576
85	151	1.42454
85	160	1.56678
85	168	2.01809
85	169	0.81521
85	170	0.861889
85	180	2.17192
86	40	1.40506
86	66	1.42046
86	115	1.03569
86	116	0.95697
86	140	0.955594
86	151	0.917023
86	152	0.955973
86	154	1.02596
86	159	0.910909
86	160	0.897811
86	165	0.889546
86	167	0.83857
86	171	0.81266
86	172	0.805096
86	174	0.848398
86	175	0.854212
86	176	0.856274
86	177	0.825254
86	178	0.807049
86	180	0.804573
87	1	1.73406
87	45	1.43298
87	68	0.910678
87	103	0.851469
87	123	1.22064
87	151	0.937586
87	153	0.948329
87	156	0.871455
87	165	0.910109
87	166	0.844115
87	167	0.859133
87	171	0.833224
87	172	0.82566
87	173	0.8283
87	174	0.868962
87	175	0.874776
87	176	0.876838
87	177	0.845818
87	178	0.827613
87	180	0.825137
88	14	0.895127
88	55	0.874816
88	117	0.839085
88	123	0.845789
88	126	0.867003
88	131	0.847702
88	134	1.84184
88	137	1.36916
88	139	0.833785
88	141	1.46727
88	143	1.75307
88	145	0.867834
88	149	1.48005
88	152	0.862395
88	153	0.852117
88	154	0.848181
88	162	0.858342
88	163	0.851169
88	164	0.857728
88	165	1.83706
89	47	0.880509
89	54	1.23967
89	62	0.86142
89	68	0.905343
89	73	0.879271
89	80	0.881086
89	84	0.853336
89	98	0.902773
89	102	0.879931
89	105	0.880037
89	106	0.806669
89	116	0.886875
89	133	1.38691
89	146	1.61152
89	157	0.835854
89	158	1.51309
89	168	0.779758
89	170	1.67332
89	174	2.04457
89	179	0.778939
90	20	0.803253
90	32	0.926426
90	83	0.871673
90	113	0.860028
90	123	0.861017
90	127	0.881737
90	131	0.862931
90	139	0.849014
90	149	1.19131
90	152	0.877624
90	153	0.867346
90	154	0.86341
90	161	1.51507
90	162	0.873571
90	163	0.866398
90	164	0.872956
90	168	0.793669
90	170	1.33556
90	172	2.33946
90	180	2.17696
91	21	0.870579
91	40	0.831343
91	46	0.828336
91	51	0.883256
91	56	0.882533
91	66	0.847859
91	71	0.908216
91	76	0.765143
91	95	0.856505
91	97	0.913837
91	107	0.867078
91	119	0.873165
91	132	1.53252
91	138	1.91525
91	141	1.48544
91	148	1.71221
91	155	0.850983
91	158	1.48224
91	169	0.818374
91	170	1.64247
92	12	0.805382
92	16	0.90654
92	18	0.872426
92	42	0.905644
92	45	0.824032
92	64	0.857974
92	85	0.863784
92	93	1.14642
92	94	0.8553
92	99	0.841384
92	109	0.865115
92	112	0.847928
92	114	0.885365
92	132	1.39036
92	143	1.62908
92	157	1.63226
92	159	1.62195
92	169	0.811066
92	170	0.857745
92	180	2.34171
93	44	1.42766
93	74	0.885328
93	92	1.14642
93	102	1.12028
93	106	1.44543
93	128	1.12534
93	135	0.903243
93	147	0.971927
93	158	0.966443
93	161	0.894645
93	166	0.828403
93	171	0.817512
93	172	0.809947
93	173	0.812588
93	174	0.853249
93	175	0.859064
93	176	0.861126
93	177	0.830106
93	178	0.811901
93	180	0.809424
94	16	0.9022
94	18	0.868086
94	32	0.973428
94	42	0.901304
94	45	0.819692
94	64	0.853634
94	85	0.859444
94	92	0.8553
94	99	0.837044
94	109	0.860775
94	110	0.846247
94	112	0.843588
94	114	0.881025
94	121	1.71932
94	155	1.47244
94	156	1.94927
94	160	1.61881
94	169	0.806726
94	170	0.853405
94	176	1.75498
95	21	0.852828
95	26	1.15618
95	40	0.813592
95	46	0.810585
95	50	0.861299
95	51	0.865505
95	66	0.830109
95	71	0.890465
95	76	0.747392
95	91	0.856505
95	97	0.896086
95	107	0.849328
95	119	0.855414
95	125	1.79151
95	134	1.78253
95	146	1.50319
95	147	1.48248
95	155	0.833232
95	157	0.825736
95	169	0.800623
95	179	2.1535
96	17	0.840252
96	41	0.913911
96	50	0.904188
96	57	0.896341
96	59	1.05153
96	60	0.868036
96	61	0.871616
96	66	0.872998
96	78	0.895957
96	100	0.854927
96	103	0.895581
96	124	1.37299
96	125	0.867195
96	130	1.10347
96	132	0.922069
96	133	1.08881
96	137	0.925377
96	138	1.64801
96	151	1.46924
96	168	2.06279
96	174	1.74648
97	21	0.910159
97	40	0.870924
97	46	0.867916
97	51	0.922837
97	56	0.922114
97	66	0.88744
97	71	0.947797
97	91	0.913837
97	95	0.896086
97	104	1.00433
97	107	0.906659
97	119	0.912746
97	149	0.984658
97	155	0.890564
97	157	0.883068
97	167	1.79427
97	168	1.81648
97	169	0.857955
97	171	1.92382
97	175	1.44654
97	176	1.50133
98	31	0.925914
98	62	0.905204
98	68	0.949126
98	73	0.923054
98	84	0.897119
98	89	0.902773
98	102	0.923715
98	105	0.923821
98	106	0.850453
98	116	0.930658
98	134	0.884891
98	141	0.926039
98	156	1.62454
98	159	1.17948
98	165	1.27059
98	168	0.823541
98	174	1.42909
98	175	1.37546
98	177	1.70052
98	179	0.822723
98	180	1.89923
99	12	0.787126
99	16	0.888284
99	18	0.854169
99	42	0.887388
99	45	0.805776
99	64	0.839718
99	85	0.845528
99	92	0.841384
99	94	0.837044
99	101	1.25782
99	109	0.846858
99	112	0.829672
99	114	0.867109
99	124	1.56776
99	125	1.79652
99	134	0.823176
99	157	1.70194
99	158	1.40976
99	169	0.79281
99	170	0.839489
99	178	2.47035
100	17	0.770647
100	41	0.844305
100	54	0.871894
100	57	0.826735
100	59	0.981925
100	60	0.79843
100	61	0.80201
100	66	0.803392
100	72	1.27642
100	78	0.826351
100	96	0.854927
100	101	1.15041
100	103	0.825975
100	125	0.797589
100	132	0.852463
100	137	0.855771
100	140	1.3923
100	141	0.845421
100	160	1.69884
100	171	2.25749
100	177	2.10527
101	33	0.858895
101	41	1.09231
101	75	1.30333
101	99	1.25782
101	100	1.15041
101	103	0.896094
101	110	1.2298
101	147	1.02235
101	160	0.953084
101	165	0.944818
101	166	0.878824
101	168	0.90797
101	171	0.867933
101	172	0.860368
101	173	0.863009
101	174	0.903671
101	175	0.909485
101	176	0.911547
101	177	0.880527
101	178	0.862322
101	180	0.859845
102	47	0.901451
102	62	0.882362
102	68	0.926284
102	73	0.900212
102	80	0.902027
102	84	0.874277
102	89	0.879931
102	93	1.12028
102	98	0.923715
102	105	0.900979
102	106	0.827611
102	116	0.907816
102	133	1.18775
102	140	1.40388
102	141	0.903197
102	144	1.50956
102	157	0.856795
102	160	1.71042
102	168	0.800699
102	169	1.84995
102	175	1.79179
102	179	0.799881
103	17	0.811301
103	41	0.884959
103	50	0.875236
103	54	0.912548
103	57	0.86739
103	59	1.02258
103	60	0.839084
103	61	0.842665
103	66	0.844046
103	78	0.867005
103	87	0.851469
103	96	0.895581
103	100	0.825975
103	101	0.896094
103	132	0.893117
103	137	0.896425
103	141	0.886075
103	149	1.06402
103	166	2.02378
103	168	1.89584
103	169	1.58405
103	171	2.00318
104	40	1.63014
104	97	1.00433
104	116	1.18205
104	128	1.35463
104	145	1.20393
104	150	0.921908
104	154	1.25104
104	156	0.824494
104	158	0.935194
104	159	0.884512
104	161	0.863396
104	166	0.797154
104	167	0.812172
104	171	0.786263
104	172	0.778698
104	173	0.781339
104	174	0.822
104	175	0.827815
104	176	0.829877
104	177	0.798857
104	178	0.780652
104	180	0.778175
105	6	1.27643
105	31	0.903178
105	65	0.967075
105	68	0.92639
105	73	0.900318
105	80	0.902133
105	84	0.874383
105	89	0.880037
105	98	0.923821
105	102	0.900979
105	106	0.827717
105	111	1.22315
105	116	0.907922
105	134	0.862155
105	138	1.66406
105	141	0.903303
105	147	1.30876
105	148	1.46101
105	157	0.856901
105	168	0.800805
105	172	2.39517
105	179	0.799987
106	31	0.82981
106	47	0.828189
106	62	0.8091
106	66	0.787906
106	68	0.853022
106	73	0.82695
106	80	0.828765
106	89	0.806669
106	93	1.44543
106	98	0.850453
106	102	0.827611
106	105	0.827717
106	116	0.834554
106	130	1.52755
106	133	1.51289
106	134	0.788787
106	141	0.829935
106	142	1.68951
106	157	0.783533
106	159	1.92095
106	168	0.727437
106	171	2.59422
106	179	0.726619
107	3	0.948169
107	21	0.863401
107	40	0.824165
107	51	0.876078
107	54	0.940531
107	55	0.87659
107	56	0.875356
107	71	0.901038
107	72	0.882767
107	76	0.757965
107	91	0.867078
107	95	0.849328
107	97	0.906659
107	111	1.20606
107	119	0.865987
107	125	1.6007
107	138	1.64697
107	146	1.31238
107	155	0.843805
107	157	0.836309
107	168	2.06175
107	169	0.811196
107	180	2.21558
108	24	0.837943
108	75	0.835293
108	83	0.818388
108	113	0.806742
108	117	0.801028
108	123	0.807732
108	128	0.819764
108	131	0.809645
108	135	1.68653
108	139	0.795728
108	145	0.829777
108	152	0.824338
108	153	0.81406
108	154	0.810124
108	156	1.85344
108	162	0.820285
108	163	0.813112
108	164	0.819671
108	168	0.740383
108	169	1.66252
108	173	2.21016
108	176	1.65915
108	177	1.92943
109	12	0.810856
109	16	0.912014
109	18	0.8779
109	26	1.02835
109	36	1.29569
109	42	0.911118
109	45	0.829507
109	64	0.863449
109	85	0.869259
109	92	0.865115
109	94	0.860775
109	99	0.846858
109	110	0.856062
109	111	1.26904
109	112	0.853403
109	114	0.89084
109	134	0.846907
109	142	1.32736
109	149	1.29291
109	166	2.25267
109	169	0.81654
109	170	0.86322
109	171	2.23207
110	27	0.831157
110	38	0.825294
110	49	0.846686
110	63	0.829197
110	70	0.882169
110	94	0.846247
110	101	1.2298
110	109	0.856062
110	112	0.838875
110	114	0.876312
110	128	0.850412
110	136	1.36127
110	137	1.28684
110	145	0.860425
110	148	1.61172
110	152	0.854985
110	159	1.66362
110	162	0.850933
110	163	0.84376
110	164	0.850318
110	166	2.35749
110	169	0.802013
110	170	0.848692
110	175	1.8596
111	43	1.5223
111	66	1.60201
111	105	1.22315
111	107	1.20606
111	109	1.26904
111	142	0.949304
111	148	0.918226
111	150	0.936809
111	151	0.905525
111	161	0.878296
111	162	1.13706
111	163	1.04362
111	165	0.878048
111	166	0.812054
111	167	0.827073
111	171	0.801163
111	172	0.793599
111	173	0.796239
111	174	0.836901
111	175	0.842715
111	176	0.844777
111	177	0.813757
111	178	0.795552
111	180	0.793076
112	3	0.490784
112	12	0.79367
112	16	0.894828
112	18	0.860714
112	42	0.893932
112	45	0.81232
112	55	0.864748
112	64	0.846262
112	76	2.38323
112	79	1.0563
112	85	0.852072
112	92	0.847928
112	94	0.843588
112	99	0.829672
112	109	0.853403
112	110	0.838875
112	114	0.873653
112	134	0.829721
112	160	1.32427
112	169	0.799354
112	170	0.846033
112	172	2.09191
112	174	1.45927
112	178	1.98837
113	6	1.426
113	69	0.996578
113	90	0.860028
113	108	0.806742
113	115	0.867499
113	117	0.82753
113	118	1.78683
113	120	0.856308
113	123	0.834234
113	124	1.53862
113	126	0.855448
113	127	0.854953
113	128	0.846266
113	129	0.874559
113	131	0.836147
113	132	1.4309
113	145	0.856279
113	152	0.85084
113	154	0.836626
113	160	1.7771
113	162	0.846787
113	163	0.839614
113	164	0.846173
113	179	2.12936
114	12	0.831107
114	16	0.932265
114	18	0.898151
114	42	0.931369
114	45	0.849757
114	55	0.902185
114	64	0.883699
114	85	0.889509
114	92	0.885365
114	94	0.881025
114	99	0.867109
114	109	0.89084
114	110	0.876312
114	112	0.873653
114	124	1.16863
114	134	0.867157
114	136	0.990149
114	144	1.20626
114	165	1.38362
114	167	1.83622
114	169	0.836791
114	170	0.88347
114	171	1.96577
114	178	2.07122
114	179	1.75938
115	11	1.14457
115	30	0.883177
115	58	0.86841
115	75	0.89605
115	86	1.03569
115	113	0.867499
115	120	0.890564
115	126	0.889703
115	127	0.889209
115	128	0.880522
115	129	0.908814
115	131	0.870402
115	132	1.27541
115	134	1.60289
115	139	0.856485
115	145	0.890535
115	146	1.32356
115	152	0.885095
115	154	0.870881
115	161	1.56486
115	162	0.881043
115	163	0.873869
115	164	0.880428
115	167	2.05071
115	169	1.76114
116	15	0.807029
116	31	0.910015
116	47	0.908394
116	62	0.889305
116	68	0.933227
116	80	0.90897
116	84	0.88122
116	86	0.95697
116	89	0.886875
116	98	0.930658
116	102	0.907816
116	104	1.18205
116	105	0.907922
116	106	0.834554
116	125	1.53316
116	134	0.868992
116	141	0.91014
116	143	1.43541
116	146	1.24484
116	157	0.863739
116	158	1.1464
116	168	0.807643
116	171	2.10155
116	178	2.20699
116	179	0.806824
117	20	0.770755
117	39	0.882719
117	83	0.839175
117	88	0.839085
117	108	0.801028
117	113	0.82753
117	120	0.850594
117	121	1.95006
117	126	0.849734
117	127	0.849239
117	129	0.868845
117	139	0.816516
117	145	0.850565
117	148	1.68304
117	149	1.46905
117	153	0.834848
117	154	0.830912
117	158	1.45307
117	162	0.841073
117	163	0.8339
117	164	0.840458
117	168	0.761171
117	169	1.98908
117	170	1.6133
117	175	1.93092
118	14	1.59961
118	57	1.42762
118	113	1.78683
118	125	0.820293
118	127	1.54025
118	131	1.60981
118	135	0.811321
118	146	0.852598
118	149	0.901572
118	151	0.829952
118	156	0.76382
118	159	0.823839
118	160	0.810741
118	161	0.802723
118	162	1.55117
118	165	0.802475
118	167	0.751499
118	171	0.72559
118	172	0.718025
118	173	0.720666
118	174	0.761327
118	175	0.767142
118	176	0.769204
118	177	0.738184
118	178	0.719979
118	180	0.717502
119	3	0.954255
119	21	0.869488
119	40	0.830252
119	46	0.827245
119	50	0.877959
119	51	0.882165
119	54	0.905778
119	55	0.882677
119	56	0.881442
119	71	0.907125
119	72	0.888853
119	76	0.764052
119	91	0.873165
119	95	0.855414
119	97	0.912746
119	107	0.865987
119	130	1.06767
119	141	1.1824
119	155	0.849892
119	157	0.842396
119	167	2.00479
119	168	2.027
119	169	0.817283
119	170	1.33943
119	176	1.71185
119	178	2.23978
120	9	0.821364
120	10	1.51037
120	30	0.871986
120	32	1.05894
120	82	1.19258
120	83	0.867954
120	113	0.856308
120	115	0.890564
120	117	0.850594
120	126	0.878513
120	128	0.869331
120	129	0.897623
120	131	0.859212
120	139	0.845294
120	142	1.35828
120	145	0.879344
120	146	1.40628
120	147	1.38557
120	152	0.873904
120	153	0.863627
120	154	0.859691
120	162	0.869852
120	163	0.862679
120	164	0.869237
120	174	1.83933
120	177	2.11077
121	30	1.67109
121	55	1.67231
121	76	0.733439
121	94	1.71932
121	117	1.95006
121	130	0.918334
121	138	0.812796
121	142	0.863791
121	143	0.829282
121	144	0.854298
121	150	0.851295
121	156	0.753881
121	160	0.800801
121	162	1.64194
121	163	1.5485
121	165	0.792535
121	166	0.726541
121	167	0.741559
121	171	0.71565
121	172	0.708085
121	173	0.710726
121	174	0.751388
121	175	0.757202
121	176	0.759264
121	177	0.728244
121	178	0.710039
121	180	0.707562
122	33	1.14918
122	47	1.36142
122	49	1.03355
122	59	0.81946
122	128	1.45733
122	129	1.28463
122	143	0.9167
122	146	0.930077
122	149	0.97905
122	151	0.90743
122	153	1.28324
122	156	0.841299
122	159	0.901317
122	160	0.888219
122	161	0.880201
122	164	1.24505
122	166	0.813959
122	167	0.828977
122	171	0.803068
122	172	0.795503
122	173	0.798144
122	174	0.838806
122	175	0.84462
122	176	0.846682
122	177	0.815662
122	178	0.797457
122	180	0.79498
123	20	0.777459
123	24	0.865435
123	87	1.22064
123	88	0.845789
123	90	0.861017
123	108	0.807732
123	113	0.834234
123	126	0.856438
123	127	0.855943
123	128	0.847256
123	129	0.875549
123	131	0.837137
123	132	1.4675
123	139	0.82322
123	141	1.42041
123	145	0.857269
123	149	1.43319
123	150	1.49751
123	152	0.85183
123	153	0.841552
123	154	0.837616
123	161	1.75695
123	162	0.847777
123	163	0.840604
123	164	0.847162
123	168	0.767875
123	173	2.50086
123	174	1.9487
124	24	1.3687
124	52	1.52175
124	57	1.17941
124	58	1.48215
124	96	1.37299
124	99	1.56776
124	113	1.53862
124	114	1.16863
124	136	0.927556
124	138	0.887028
124	150	0.925527
124	151	0.894243
124	156	0.828112
124	158	0.938812
124	159	0.88813
124	165	0.866766
124	166	0.800772
124	167	0.81579
124	171	0.789881
124	172	0.782317
124	173	0.784957
124	174	0.825619
124	175	0.831433
124	176	0.833495
124	177	0.802475
124	178	0.78427
124	179	0.8291
124	180	0.781794
125	17	0.782915
125	47	1.60983
125	60	0.810698
125	62	1.31124
125	78	0.838619
125	85	1.55704
125	95	1.79151
125	96	0.867195
125	99	1.79652
125	100	0.797589
125	107	1.6007
125	116	1.53316
125	118	0.820293
125	132	0.864731
125	141	0.857689
125	152	0.839147
125	153	0.828869
125	154	0.824933
125	158	0.864085
125	162	0.835094
125	163	0.827921
125	164	0.834479
125	167	0.741064
125	171	0.715154
125	173	0.71023
125	177	0.727748
125	178	0.709543
125	180	0.707067
126	2	1.33063
126	4	1.00083
126	24	0.886649
126	75	0.884
126	88	0.867003
126	113	0.855448
126	115	0.889703
126	117	0.849734
126	120	0.878513
126	123	0.856438
126	127	0.877158
126	128	0.868471
126	129	0.896763
126	131	0.858351
126	139	0.844434
126	140	1.35081
126	145	0.878484
126	150	1.34116
126	151	1.51511
126	152	0.873044
126	153	0.862767
126	154	0.85883
126	155	1.51098
126	157	1.55305
126	162	0.868992
126	163	0.861819
126	164	0.868377
126	174	1.79235
126	180	2.2625
127	4	0.873995
127	14	0.905282
127	58	0.855864
127	69	0.749996
127	75	0.883505
127	90	0.881737
127	113	0.854953
127	115	0.889209
127	117	0.849239
127	118	1.54025
127	123	0.855943
127	126	0.877158
127	128	0.867976
127	129	0.896268
127	131	0.857857
127	134	1.51181
127	139	0.843939
127	145	0.877989
127	152	0.872549
127	153	0.862272
127	154	0.858336
127	162	0.868497
127	163	0.861324
127	164	0.867882
127	165	1.50703
127	170	1.29427
127	171	2.08917
127	177	1.93695
127	179	1.88278
128	5	0.812211
128	15	2.34346
128	39	0.901456
128	58	0.847177
128	93	1.12534
128	104	1.35463
128	108	0.819764
128	110	0.850412
128	113	0.846266
128	115	0.880522
128	120	0.869331
128	122	1.45733
128	123	0.847256
128	126	0.868471
128	127	0.867976
128	129	0.887581
128	131	0.84917
128	139	0.835252
128	140	1.40893
128	142	1.36942
128	145	0.869302
128	147	1.39671
128	152	0.863862
128	153	0.853585
128	154	0.849649
128	158	1.31898
128	162	0.85981
128	163	0.852637
128	164	0.859195
128	165	1.69198
129	14	0.924887
129	30	0.890237
129	58	0.87547
129	75	0.90311
129	82	1.03102
129	83	0.886205
129	113	0.874559
129	115	0.908814
129	117	0.868845
129	120	0.897623
129	122	1.28463
129	123	0.875549
129	126	0.896763
129	127	0.896268
129	128	0.887581
129	130	1.03476
129	138	1.5793
129	143	1.43529
129	145	0.897594
129	147	1.22401
129	148	1.37625
129	152	0.892155
129	153	0.881877
129	154	0.877941
129	157	1.43847
129	162	0.888102
129	163	0.880929
129	164	0.887488
129	168	0.8082
129	171	2.10143
129	172	2.31041
130	16	1.26014
130	42	0.811533
130	96	1.10347
130	106	1.52755
130	119	1.06767
130	121	0.918334
130	129	1.03476
130	136	0.96081
130	138	0.920282
130	139	1.30222
130	142	0.971276
130	145	1.05676
130	147	0.977551
130	152	1.03388
130	158	0.972067
130	159	0.921384
130	160	0.908286
130	164	0.995182
130	165	0.900021
130	167	0.849045
130	170	0.940835
130	171	0.823135
130	172	0.815571
130	173	0.818211
130	174	0.858873
130	175	0.864687
130	176	0.866749
130	177	0.835729
130	178	0.817524
130	179	0.862354
130	180	0.815048
131	6	1.24898
131	35	0.937725
131	39	0.891337
131	58	0.837058
131	83	0.847793
131	88	0.847702
131	90	0.862931
131	108	0.809645
131	113	0.836147
131	115	0.870402
131	118	1.60981
131	120	0.859212
131	123	0.837137
131	126	0.858351
131	127	0.857857
131	128	0.84917
131	135	1.76362
131	138	1.63661
131	139	0.825133
131	145	0.859183
131	150	1.2839
131	152	0.853743
131	153	0.843466
131	154	0.839529
131	160	1.60008
131	162	0.849691
131	163	0.842517
131	164	0.849076
131	168	0.769788
131	172	2.36772
131	176	1.73624
132	5	1.29422
132	8	1.14547
132	28	1.40839
132	37	0.865225
132	48	0.898221
132	52	0.893338
132	53	0.895823
132	57	0.893877
132	60	0.865572
132	78	0.893493
132	91	1.53252
132	92	1.39036
132	96	0.922069
132	100	0.852463
132	103	0.893117
132	113	1.4309
132	115	1.27541
132	123	1.4675
132	125	0.864731
132	155	0.873657
132	164	1.15699
132	166	0.780919
132	167	0.795937
132	170	0.887728
132	171	0.770028
132	174	0.805766
132	175	0.81158
132	176	0.813642
132	178	0.764417
132	179	0.809247
132	180	0.761941
133	1	0.859097
133	17	1.92784
133	41	1.11807
133	43	0.876375
133	44	0.880253
133	48	1.12085
133	51	1.30531
133	60	1.10746
133	67	0.888487
133	74	0.93832
133	77	0.938148
133	81	0.937921
133	85	1.04411
133	89	1.38691
133	96	1.08881
133	102	1.18775
133	106	1.51289
133	139	0.899054
133	152	0.927664
133	153	0.917386
133	154	0.91345
133	162	0.923611
133	163	0.916438
133	164	0.922996
133	166	0.814562
133	171	0.803671
133	172	0.796107
133	173	0.798747
133	174	0.839409
133	175	0.845223
133	178	0.79806
133	180	0.795584
134	33	1.38861
134	45	0.805825
134	57	1.39918
134	62	0.843538
134	63	1.62828
134	66	0.822344
134	78	1.64485
134	85	0.845576
134	88	1.84184
134	95	1.78253
134	98	0.884891
134	99	0.823176
134	105	0.862155
134	106	0.788787
134	109	0.846907
134	112	0.829721
134	114	0.867157
134	115	1.60289
134	116	0.868992
134	127	1.51181
134	144	0.860486
134	169	0.792858
134	170	0.839537
134	172	0.714273
134	173	0.716914
134	174	0.757576
134	175	0.76339
134	176	0.765452
134	177	0.734432
134	178	0.716227
134	179	0.761057
134	180	0.71375
135	15	0.745607
135	51	1.99152
135	56	1.83758
135	60	1.79366
135	71	1.56166
135	83	1.76544
135	93	0.903243
135	108	1.68653
135	118	0.811321
135	131	1.76362
135	140	0.849116
135	142	0.854323
135	143	0.819815
135	149	0.882165
135	151	0.810545
135	158	0.855114
135	159	0.804432
135	160	0.791334
135	161	0.783316
135	165	0.783068
135	166	0.717074
135	171	0.706183
135	172	0.698618
135	173	0.701259
135	174	0.74192
135	175	0.747735
135	176	0.749797
135	177	0.718777
135	178	0.700572
135	179	0.745402
135	180	0.698095
136	1	1.91015
136	17	2.03354
136	33	0.990359
136	61	1.54205
136	75	1.43479
136	110	1.36127
136	114	0.990149
136	124	0.927556
136	130	0.96081
136	143	0.871758
136	144	0.896774
136	145	1.1478
136	148	0.875189
136	150	0.893771
136	151	0.862488
136	154	1.19491
136	156	0.796356
136	159	0.856375
136	160	0.843276
136	161	0.835258
136	165	0.835011
136	166	0.769017
136	167	0.784035
136	170	0.875825
136	171	0.758126
136	172	0.750561
136	173	0.753202
136	174	0.793863
136	175	0.799678
136	176	0.801739
136	177	0.77072
136	178	0.752515
136	180	0.750038
137	17	0.841097
137	20	1.58225
137	23	0.905564
137	29	1.37901
137	31	1.22887
137	37	0.868533
137	41	0.914755
137	45	1.53464
137	48	0.901529
137	52	0.896646
137	53	0.899131
137	55	1.08041
137	60	0.86888
137	61	0.87246
137	78	0.896801
137	88	1.36916
137	96	0.925377
137	100	0.855771
137	103	0.896425
137	110	1.28684
137	145	1.07337
137	153	1.04999
