1	46	1.07877
1	86	1.06661
1	90	1.12934
1	97	1.03462
1	102	1.00255
1	116	0.907267
1	121	1.0019
1	158	0.918512
1	171	1.03011
1	174	1.05611
1	177	0.884855
1	179	0.895947
2	9	0.946071
2	85	1.0444
2	117	1.12257
2	126	1.08265
2	128	1.05908
2	130	0.969848
2	132	1.05074
2	156	1.04791
2	161	0.877867
2	165	0.880451
2	168	1.04658
2	175	0.874738
3	34	0.693787
3	84	0.722502
3	89	1.18559
3	123	1.21673
3	125	0.757332
3	137	1.20794
3	144	1.19321
3	148	1.19477
3	149	1.18651
3	153	1.21526
3	161	0.710516
3	162	0.721489
4	25	1.05472
4	75	1.00301
4	97	0.869664
4	112	1.04137
4	150	1.04769
4	152	1.07001
4	159	1.05945
4	163	1.0487
4	164	1.07128
4	168	1.05848
4	172	0.840281
4	176	0.838669
5	18	0.746924
5	113	0.69162
5	145	0.718252
5	149	0.729394
5	169	1.20678
5	170	1.19517
5	173	1.18919
5	174	0.70689
5	177	1.20148
5	178	1.20643
5	179	1.2041
5	180	1.19684
6	52	1.28562
6	56	0.666247
6	123	1.19485
6	143	0.674587
6	144	1.17132
6	148	1.17288
6	153	1.19337
6	168	1.19208
6	169	0.765903
6	172	1.18988
6	175	0.744874
6	177	0.756539
7	24	0.778291
7	104	0.741991
7	125	0.756748
7	137	1.20694
7	141	0.619961
7	144	1.1922
7	148	1.19377
7	149	1.1855
7	151	1.20087
7	153	1.21426
7	161	0.709933
7	176	1.20646
8	55	0.764324
8	97	1.22009
8	98	1.17552
8	101	1.17184
8	102	1.18802
8	121	1.18737
8	122	0.695705
8	126	0.729689
8	170	0.71522
8	171	1.21558
8	174	1.24158
8	177	0.700424
9	2	0.946071
9	81	0.837158
9	120	1.05172
9	127	1.05783
9	154	0.925271
9	155	1.08395
9	159	1.06182
9	162	0.923181
9	163	1.05107
9	164	1.07365
9	174	1.0739
9	177	0.920745
10	88	1.049
10	91	1.06928
10	104	1.05975
10	145	1.05689
10	146	0.839876
10	148	0.951227
10	152	1.04892
10	157	0.90243
10	159	1.03836
10	163	1.02761
10	164	1.05019
10	165	0.909555
11	56	1.12682
11	62	0.932838
11	81	0.825546
11	103	1.03363
11	124	1.03029
11	134	1.03921
11	136	1.04022
11	140	1.04021
11	155	1.0467
11	164	0.935713
11	166	1.04293
11	178	0.909749
12	59	1.11012
12	92	0.891075
12	93	1.04276
12	114	1.04265
12	117	1.09302
12	126	1.05309
12	127	1.01401
12	128	1.02952
12	154	0.916775
12	161	0.903712
12	166	0.894932
12	172	1.01483
13	51	1.04128
13	103	1.05097
13	124	1.04763
13	125	1.02697
13	128	0.935519
13	136	1.05756
13	140	1.05755
13	154	0.890905
13	155	1.06405
13	165	0.880426
13	174	1.05399
13	180	0.896395
14	29	1.42928
14	61	1.25128
14	83	0.775801
14	123	1.30092
14	130	1.25627
14	137	1.29212
14	140	0.655998
14	146	0.563978
14	149	1.27069
14	153	1.29944
14	161	0.631073
14	175	0.627945
14	180	0.649627
15	130	1.10789
15	131	1.15677
15	137	1.14374
15	140	0.786719
15	144	1.12901
15	148	1.13058
15	151	1.13768
15	153	1.15106
15	158	0.803987
15	166	0.753015
15	173	0.790908
15	176	1.14327
15	178	0.770948
16	22	0.791426
16	75	0.841261
16	77	0.720763
16	152	0.777104
16	162	1.15301
16	164	0.761032
16	165	1.13052
16	169	1.13979
16	170	1.12819
16	175	1.14469
16	177	1.1345
16	178	1.13944
16	180	1.12986
17	51	1.29924
17	57	0.712478
17	94	1.31034
17	99	1.24085
17	124	1.30559
17	140	1.31551
17	143	0.539831
17	144	0.698493
17	155	1.32201
17	161	1.30646
17	162	0.624219
17	168	0.665322
17	171	0.663303
18	5	0.746924
18	35	0.734896
18	57	0.869007
18	97	1.14135
18	121	1.10863
18	130	1.1079
18	151	1.1377
18	153	1.15108
18	159	1.15076
18	163	1.14
18	164	1.16259
18	175	0.766646
18	179	0.789403
19	96	0.81333
19	104	1.15566
19	120	0.811146
19	121	0.821746
19	138	0.696852
19	145	1.15279
19	150	1.1225
19	152	1.14482
19	159	1.13427
19	163	1.12351
19	164	1.14609
19	171	1.12035
19	179	0.755374
20	107	0.667622
20	122	1.30982
20	130	1.26708
20	131	1.31596
20	145	0.667792
20	149	1.2815
20	151	1.29687
20	154	0.620791
20	160	0.628716
20	163	0.683703
20	167	0.635208
20	172	1.30676
20	174	1.32201
21	48	0.648355
21	120	1.29626
21	139	0.692263
21	152	0.636778
21	155	0.631604
21	163	0.661566
21	164	0.620707
21	168	1.30539
21	172	1.30319
21	173	1.29124
21	176	1.29888
21	179	1.30615
21	180	1.29889
22	16	0.791426
22	39	1.22004
22	90	1.22698
22	98	1.0877
22	101	1.08402
22	102	1.1002
22	115	0.822212
22	121	1.09954
22	122	0.750366
22	170	0.76988
22	171	1.12776
22	174	1.15375
22	176	0.772704
23	38	1.0436
23	114	1.15523
23	117	1.2056
23	126	1.16568
23	127	1.12659
23	128	1.14211
23	132	1.13376
23	134	0.765509
23	160	0.776091
23	167	0.782583
23	170	0.778434
23	171	0.805159
23	172	1.12742
24	7	0.778291
24	41	0.720774
24	77	0.744244
24	101	0.841415
24	119	1.18302
24	120	1.11926
24	128	1.14088
24	132	1.13253
24	137	0.808326
24	155	1.15148
24	173	1.11423
24	175	1.13672
24	180	1.12188
25	4	1.05472
25	74	0.967858
25	88	0.930264
25	99	0.95526
25	120	1.00419
25	123	0.942922
25	128	1.02581
25	136	1.02993
25	155	1.03642
25	172	1.01111
25	178	1.0164
25	179	1.01407
25	180	1.00681
26	95	1.14254
26	131	1.1502
26	135	0.766482
26	137	1.13718
26	144	1.12245
26	149	1.11575
26	151	1.13112
26	153	1.1445
26	162	0.778529
26	166	0.758776
26	171	0.817613
26	174	1.15626
26	180	0.78611
27	40	1.17459
27	65	1.14351
27	93	1.14026
27	114	1.14015
27	125	0.806333
27	126	1.1506
27	127	1.11151
27	128	1.12703
27	157	0.754977
27	158	0.80171
27	172	1.11234
27	173	0.788631
27	175	0.756389
28	55	0.84284
28	65	1.15229
28	124	1.13
28	126	1.15937
28	132	1.12746
28	141	0.680432
28	147	0.780813
28	152	1.13484
28	153	0.819393
28	155	1.14641
28	162	0.781377
28	163	1.11353
28	164	1.13611
29	14	1.42928
29	137	1.28647
29	144	1.27173
29	147	0.635453
29	148	1.2733
29	149	1.26503
29	151	1.2804
29	153	1.29379
29	158	0.667237
29	167	0.652525
29	171	0.675101
29	178	0.634198
29	179	0.644672
30	78	1.17272
30	82	1.15673
30	94	1.12748
30	122	0.760347
30	136	1.13266
30	140	1.13265
30	147	0.766938
30	148	0.800785
30	155	1.13914
30	168	0.808605
30	174	1.12909
30	176	1.10953
30	178	0.765683
31	58	0.710273
31	142	0.796835
31	144	0.818617
31	152	0.784558
31	153	0.782358
31	169	1.14282
31	170	1.13121
31	173	1.12523
31	175	1.14772
31	177	1.13752
31	178	1.14247
31	179	1.14014
31	180	1.13288
32	83	1.04762
32	104	1.11536
32	134	0.842396
32	139	1.0588
32	145	1.11249
32	150	1.08221
32	156	0.830801
32	159	1.09397
32	161	1.10055
32	163	1.08321
32	164	1.1058
32	170	0.855321
32	175	0.828861
32	180	0.850542
33	37	0.774186
33	65	0.689386
33	79	1.17854
33	100	1.27599
33	115	0.7227
33	144	1.2176
33	148	1.21917
33	149	1.2109
33	151	1.22627
33	153	1.23966
33	162	0.658009
33	169	0.664937
33	171	0.697093
33	176	1.23186
34	3	0.693787
34	49	1.22741
34	75	1.17324
34	104	1.25107
34	133	0.685615
34	149	0.735515
34	150	1.21792
34	152	1.24024
34	158	0.706501
34	159	1.22968
34	163	1.21893
34	164	1.24151
34	173	0.693422
34	176	0.690464
35	18	0.734896
35	50	0.675134
35	124	0.700469
35	153	0.695148
35	155	0.692173
35	165	1.22221
35	170	1.21987
35	173	1.21389
35	174	0.694862
35	175	1.23638
35	177	1.22618
35	178	1.23113
35	179	1.2288
35	180	1.22154
36	40	1.26412
36	109	0.677548
36	114	1.22968
36	117	1.28005
36	120	1.19494
36	127	1.20104
36	128	1.21656
36	130	0.763408
36	132	1.20822
36	152	0.722616
36	156	1.20539
36	160	0.692416
36	166	0.662648
36	178	0.680581
37	33	0.774186
37	132	0.842207
37	152	0.859375
37	159	0.862262
37	160	1.09424
37	162	1.10566
37	165	1.08318
37	167	1.09053
37	173	1.07486
37	174	0.85689
37	177	1.08715
37	178	1.0921
37	179	1.08977
37	180	1.08251
38	23	1.0436
38	50	1.08835
38	59	1.16845
38	92	0.830183
38	126	1.11142
38	127	1.07233
38	128	1.08785
38	132	1.0795
38	157	0.838279
38	161	0.84282
38	166	0.83404
38	168	1.07535
38	172	1.07315
38	179	0.862448
39	22	1.22004
39	90	1.32698
39	98	1.1877
39	101	1.18402
39	102	1.2002
39	121	1.19954
39	134	0.705993
39	141	0.605614
39	161	0.695586
39	163	0.771562
39	171	1.22776
39	172	0.723354
39	174	1.25375
39	178	0.70474
40	27	1.17459
40	36	1.26412
40	42	0.803884
40	85	1.21923
40	126	1.25748
40	127	1.21839
40	132	1.22557
40	142	0.734915
40	143	0.598034
40	161	0.671449
40	168	1.22141
40	172	1.21922
40	173	0.700563
40	176	0.697605
41	24	0.720774
41	57	0.751649
41	118	1.21694
41	139	1.19801
41	150	1.22142
41	151	0.717775
41	152	1.24374
41	154	0.66548
41	159	1.23318
41	163	1.22243
41	164	1.24501
41	171	1.21927
41	176	0.678572
41	180	0.67097
42	40	0.803884
42	50	0.842448
42	109	0.819593
42	157	1.09616
42	160	1.09267
42	168	0.865548
42	169	1.09088
42	170	1.07927
42	174	0.862176
42	175	1.09578
42	177	1.08558
42	178	1.09053
42	179	1.0882
42	180	1.08094
43	58	1.27293
43	82	1.23859
43	92	0.684075
43	109	1.23612
43	135	0.695637
43	136	1.21452
43	140	1.21451
43	143	0.623296
43	144	0.781959
43	155	1.221
43	174	1.21095
43	176	1.19139
43	177	0.705248
43	179	0.71634
44	97	0.696915
44	117	0.641009
44	130	0.731746
44	142	0.70323
44	145	0.69983
44	150	0.718365
44	158	1.19915
44	167	1.23147
44	173	1.2158
44	175	1.23829
44	177	1.22809
44	178	1.23304
44	179	1.23071
44	180	1.22345
45	76	1.11937
45	81	0.757334
45	96	1.05835
45	115	0.908047
45	136	1.09269
45	140	1.09268
45	155	1.09918
45	161	1.08363
45	166	1.09541
45	172	0.860151
45	174	1.08912
45	176	1.06957
45	177	0.84092
45	178	0.841537
46	1	1.07877
46	47	0.735604
46	64	1.16113
46	86	1.22063
46	91	0.762645
46	97	1.18864
46	98	1.14407
46	102	1.15657
46	105	0.765968
46	121	1.15592
46	160	0.745
46	169	0.741912
46	171	1.18414
46	172	0.751779
46	174	1.21013
47	46	0.735604
47	73	0.778595
47	94	0.730533
47	114	0.720058
47	127	0.750204
47	144	0.777878
47	165	1.16337
47	167	1.17072
47	170	1.16103
47	173	1.15505
47	175	1.17754
47	177	1.16734
47	178	1.17229
47	179	1.16996
47	180	1.1627
48	21	0.648355
48	94	1.16926
48	96	1.1401
48	103	1.16785
48	124	1.16451
48	133	0.765109
48	136	1.17444
48	140	1.17443
48	155	1.18093
48	166	1.17716
48	169	0.761703
48	170	0.767134
48	171	0.793859
48	172	0.77157
48	176	1.15132
49	34	1.22741
49	110	0.798631
49	112	1.14294
49	125	1.14608
49	145	1.17955
49	150	1.14926
49	152	1.17158
49	156	0.728978
49	163	1.15027
49	164	1.17285
49	168	1.16005
49	175	0.727037
49	176	0.756321
49	179	0.749794
49	180	0.748719
50	35	0.675134
50	38	1.08835
50	42	0.842448
50	57	0.809245
50	86	1.19791
50	91	1.20624
50	101	1.11767
50	132	1.17851
50	147	0.720422
50	154	0.723076
50	163	1.16458
50	164	1.18716
50	172	1.17216
50	174	1.18741
50	176	0.736168
51	13	1.04128
51	17	1.29924
51	99	1.10364
51	106	0.779271
51	109	1.19991
51	116	0.763999
51	124	1.16839
51	135	0.731976
51	140	1.1783
51	155	1.1848
51	156	0.731863
51	161	1.16925
51	172	0.760818
51	176	1.15519
51	178	0.742204
52	6	1.28562
52	125	0.700489
52	130	1.21301
52	137	1.24887
52	139	0.760346
52	144	1.23414
52	148	1.2357
52	149	1.22744
52	151	1.24281
52	153	1.25619
52	154	0.666736
52	156	1.25622
52	161	0.653673
52	167	0.681154
52	179	0.673301
52	180	0.672226
53	56	1.18661
53	58	1.15842
53	76	1.12669
53	96	1.06567
53	109	1.12161
53	119	1.13803
53	136	1.10001
53	140	1.1
53	155	1.1065
53	158	0.806995
53	160	0.785791
53	163	0.840778
53	167	0.792283
53	170	0.788134
53	172	0.792569
53	174	1.09645
54	91	1.27439
54	106	0.721107
54	118	1.22723
54	135	0.673812
54	138	0.635992
54	139	1.20831
54	145	1.262
54	147	0.685295
54	152	1.25404
54	159	1.24348
54	160	0.695875
54	163	1.23273
54	164	1.25531
54	168	1.24251
54	170	0.698218
54	176	0.701042
55	8	0.764324
55	28	0.84284
55	94	0.791377
55	113	0.786907
55	140	0.778399
55	150	0.832074
55	154	1.11222
55	165	1.11628
55	167	1.12363
55	169	1.12555
55	173	1.10796
55	175	1.13045
55	177	1.12025
55	178	1.1252
55	179	1.12287
55	180	1.11561
56	6	0.666247
56	11	1.12682
56	53	1.18661
56	64	0.732207
56	85	1.2624
56	93	1.29031
56	127	1.26156
56	136	1.2812
56	139	0.705955
56	144	0.68453
56	145	0.659347
56	150	0.677882
56	151	0.664641
56	178	1.26767
56	179	1.26534
56	180	1.25808
57	17	0.712478
57	18	0.869007
57	41	0.751649
57	50	0.809245
57	137	0.839201
57	157	1.12837
57	162	1.1363
57	164	0.815387
57	167	1.12117
57	169	1.12309
57	170	1.11148
57	173	1.1055
57	177	1.11779
57	178	1.12274
57	179	1.12041
57	180	1.11315
58	31	0.710273
58	43	1.27293
58	53	1.15842
58	76	1.27969
58	92	0.645305
58	96	1.21867
58	109	1.27461
58	136	1.25301
58	137	0.716872
58	142	1.23375
58	154	0.671005
58	155	1.25949
58	162	0.668914
58	171	0.707998
58	172	0.685709
58	174	1.24944
59	12	1.11012
59	38	1.16845
59	66	0.796732
59	93	1.28018
59	111	0.712744
59	117	1.33044
59	119	0.664715
59	126	1.29052
59	127	1.25143
59	132	1.25861
59	141	0.58278
59	156	1.25578
59	158	0.714945
59	161	0.672752
59	166	0.663972
59	168	1.25445
60	84	0.680533
60	129	1.28754
60	135	0.667473
60	145	1.25458
60	150	1.22429
60	152	1.24661
60	159	1.23606
60	161	1.24264
60	163	1.2253
60	164	1.24789
60	168	1.23508
60	169	0.686448
60	172	0.696315
60	174	0.717251
60	175	0.665419
60	176	0.694703
61	14	1.25128
61	66	0.891497
61	94	0.80542
61	116	1.10614
61	137	1.10847
61	140	0.792442
61	144	1.09374
61	148	1.0953
61	149	1.08704
61	151	1.10241
61	153	1.11579
61	165	0.770102
61	166	0.758738
61	172	1.1123
61	174	1.12755
61	180	0.786071
62	11	0.932838
62	88	0.720301
62	89	0.798544
62	112	0.8159
62	123	0.73296
62	150	0.791881
62	160	1.12371
62	162	1.13514
62	165	1.11265
62	169	1.12192
62	170	1.11032
62	175	1.12682
62	177	1.11663
62	178	1.12157
62	179	1.11925
62	180	1.11199
63	67	0.796307
63	77	0.75597
63	114	0.78855
63	150	0.839722
63	162	1.13727
63	164	0.796239
63	165	1.11478
63	167	1.12214
63	168	0.813198
63	170	1.11244
63	173	1.10647
63	175	1.12895
63	177	1.11876
63	178	1.1237
63	179	1.12138
63	180	1.11412
64	46	1.16113
64	56	0.732207
64	86	1.14896
64	90	1.21169
64	97	1.11697
64	98	1.07241
64	101	1.06873
64	102	1.08491
64	121	1.08426
64	147	0.824371
64	156	0.812775
64	166	0.805182
64	171	1.11247
64	174	1.13847
64	175	0.810834
64	177	0.822499
65	27	1.14351
65	28	1.15229
65	33	0.689386
65	68	1.09178
65	93	1.21607
65	114	1.21596
65	117	1.26633
65	126	1.22641
65	128	1.20284
65	132	1.19449
65	146	0.656293
65	158	0.765581
65	168	1.19034
65	171	0.773444
65	176	0.749543
65	177	0.731924
65	179	0.743016
66	59	0.796732
66	61	0.891497
66	105	0.846974
66	148	0.849273
66	151	0.870376
66	157	1.0877
66	160	1.08421
66	162	1.09563
66	164	0.840135
66	167	1.0805
66	169	1.08242
66	170	1.07081
66	175	1.08732
66	177	1.07712
66	178	1.08207
66	179	1.07974
66	180	1.07248
67	63	0.796307
67	73	1.16911
67	106	0.762444
67	108	1.15558
67	129	1.24455
67	134	0.72663
67	139	1.1579
67	141	0.626251
67	145	1.21159
67	150	1.18131
67	159	1.19307
67	161	1.19966
67	163	1.18232
67	164	1.2049
67	165	0.718807
67	167	0.743704
67	179	0.735851
68	65	1.09178
68	85	1.06061
68	93	1.08853
68	104	0.869402
68	113	1.09198
68	114	1.08842
68	117	1.13879
68	120	1.05368
68	122	0.841161
68	126	1.09887
68	127	1.05978
68	132	1.06695
68	166	0.828564
68	171	0.887401
68	172	1.0606
68	175	0.834215
68	178	0.846497
69	139	0.770099
69	149	0.734633
69	150	0.742026
69	153	0.712415
69	158	1.16456
69	159	0.717501
69	164	0.698543
69	165	1.18953
69	167	1.19688
69	168	0.715502
69	170	1.18719
69	173	1.18121
69	175	1.2037
69	177	1.1935
69	178	1.19845
69	179	1.19612
69	180	1.18886
70	74	1.14647
70	77	1.20864
70	89	1.12166
70	95	1.14937
70	100	1.18766
70	111	0.787138
70	130	1.10816
70	136	0.794973
70	137	1.14401
70	144	1.12928
70	148	1.13084
70	149	1.12258
70	153	1.15133
70	161	0.747146
70	166	0.738366
70	171	0.797203
70	173	0.77626
70	179	0.766774
71	104	1.16348
71	112	1.124
71	129	1.19357
71	132	0.78584
71	134	0.762227
71	139	1.10692
71	145	1.16061
71	150	1.13033
71	152	1.15264
71	155	0.797834
71	157	0.747279
71	159	1.14209
71	162	0.762793
71	163	1.13133
71	164	1.15392
71	168	1.14111
71	169	0.769721
71	172	0.779588
72	97	1.25636
72	101	1.20812
72	108	1.22829
72	119	1.31944
72	121	1.22364
72	146	0.59079
72	151	0.723244
72	153	0.706874
72	155	1.28791
72	159	1.26577
72	163	1.25502
72	164	1.2776
72	165	0.66047
72	167	0.685366
72	172	0.685653
72	174	1.27785
72	179	0.677514
72	180	0.676439
73	47	0.778595
73	67	1.16911
73	91	1.17025
73	118	1.12309
73	132	0.801023
73	141	0.67703
73	145	1.15786
73	150	1.12758
73	152	1.1499
73	159	1.13934
73	163	1.12859
73	164	1.15117
73	166	1.1577
73	171	1.12543
73	172	0.79477
73	176	0.793158
73	177	0.775539
73	179	0.786631
74	25	0.967858
74	70	1.14647
74	95	1.15712
74	116	1.14943
74	130	1.1159
74	131	1.16478
74	144	1.13703
74	148	1.13859
74	149	1.13033
74	151	1.1457
74	153	1.15908
74	160	0.746641
74	166	0.716872
74	171	0.775709
74	172	1.15559
74	175	0.722524
74	177	0.734189
74	179	0.74528
75	4	1.00301
75	16	0.841261
75	34	1.17324
75	87	1.11872
75	91	1.13777
75	97	0.853534
75	139	1.07169
75	145	1.12538
75	147	0.806793
75	152	1.11742
75	156	0.795196
75	159	1.10686
75	160	0.817373
75	163	1.09611
75	164	1.11869
75	165	0.798968
75	166	1.12522
75	168	1.10589
75	175	0.793255
76	45	1.11937
76	53	1.12669
76	58	1.27969
76	100	0.709107
76	103	1.21469
76	107	0.735097
76	110	0.743667
76	119	1.2593
76	124	1.21135
76	140	1.22127
76	155	1.22776
76	158	0.717395
76	166	1.224
76	169	0.693103
76	171	0.725259
76	172	0.702969
76	174	1.21771
76	176	1.19816
76	177	0.683738
77	16	0.720763
77	24	0.744244
77	63	0.75597
77	70	1.20864
77	79	1.16014
77	100	1.25758
77	104	0.707944
77	142	1.21732
77	144	1.1992
77	148	1.20076
77	149	1.1925
77	151	1.20787
77	153	1.22125
77	156	1.22129
77	165	0.67847
77	166	0.667106
77	171	0.725943
77	173	0.705
77	176	1.21345
78	30	1.17272
78	98	1.16504
78	101	1.16136
78	106	0.761848
78	109	1.25626
78	121	1.17688
78	133	0.736934
78	138	0.676733
78	141	0.625655
78	155	1.24115
78	159	1.21901
78	162	0.7266
78	163	1.20826
78	164	1.23084
78	165	0.718212
78	166	1.23738
78	167	0.743108
78	174	1.2311
78	177	0.724164
79	33	1.17854
79	77	1.16014
79	111	0.830198
79	123	1.10431
79	125	0.837021
79	131	1.10853
79	144	1.08078
79	147	0.800615
79	148	1.08234
79	149	1.07408
79	151	1.08945
79	153	1.10283
79	156	1.10287
79	161	0.790206
79	168	1.10154
79	170	0.813538
79	171	0.840263
79	174	1.11459
79	178	0.79936
80	117	0.666284
80	118	0.734257
80	131	0.710589
80	148	0.709296
80	153	0.714029
80	154	1.20061
80	157	1.21922
80	160	1.21573
80	163	0.741016
80	164	0.700158
80	165	1.20467
80	167	1.21202
80	169	1.21394
80	173	1.19635
80	174	0.713744
80	177	1.20864
80	178	1.21359
80	179	1.21126
80	180	1.204
81	9	0.837158
81	11	0.825546
81	45	0.757334
81	86	0.657995
81	100	0.639894
81	142	0.669453
81	155	0.652002
81	158	1.18147
81	162	1.22893
81	165	1.20644
81	169	1.21571
81	170	1.20411
81	173	1.19813
81	174	0.654691
81	175	1.22061
81	177	1.21042
81	178	1.21536
81	179	1.21304
81	180	1.20578
82	30	1.15673
82	43	1.23859
82	96	1.18433
82	99	1.144
82	109	1.24027
82	116	0.722304
82	119	1.25669
82	122	0.695173
82	133	0.712663
82	135	0.690281
82	136	1.21867
82	140	1.21866
82	155	1.22515
82	158	0.733549
82	165	0.69394
82	166	1.22138
82	168	0.743432
82	172	0.719123
82	176	1.19554
83	14	0.775801
83	32	1.04762
83	84	0.837751
83	91	1.14787
83	112	1.09887
83	117	0.827009
83	118	1.10071
83	139	1.08178
83	145	1.13548
83	146	0.75867
83	150	1.10519
83	152	1.12751
83	159	1.11695
83	163	1.1062
83	164	1.12878
83	165	0.82835
83	171	1.10304
83	177	0.834302
83	180	0.844318
84	3	0.722502
84	60	0.680533
84	83	0.837751
84	102	0.776627
84	132	0.727044
84	142	0.756489
84	158	1.13828
84	159	0.747098
84	160	1.17432
84	162	1.18574
84	165	1.16325
84	167	1.17061
84	168	0.745099
84	169	1.17253
84	170	1.16092
84	173	1.15494
84	175	1.17743
84	177	1.16723
84	178	1.17218
84	180	1.16259
85	2	1.0444
85	40	1.21923
85	56	1.2624
85	68	1.06061
85	114	1.18479
85	117	1.23516
85	120	1.15005
85	122	0.764326
85	126	1.19524
85	127	1.15615
85	128	1.17167
85	132	1.16332
85	141	0.670536
85	146	0.693413
85	157	0.755967
85	158	0.802701
85	161	0.760508
85	169	0.778409
85	172	1.15698
85	176	0.786663
86	1	1.06661
86	46	1.22063
86	50	1.19791
86	64	1.14896
86	81	0.657995
86	90	1.27119
86	97	1.17647
86	98	1.13191
86	101	1.12823
86	102	1.14441
86	111	0.773036
86	121	1.14375
86	147	0.743453
86	149	0.804251
86	156	0.731857
86	158	0.775237
86	164	0.768161
86	171	1.17197
86	174	1.19796
86	180	0.751597
87	75	1.11872
87	108	1.13768
87	118	1.15892
87	139	1.14
87	141	0.670422
87	145	1.19369
87	146	0.693299
87	147	0.770803
87	148	0.80465
87	150	1.1634
87	152	1.18572
87	156	0.759206
87	157	0.755853
87	159	1.17517
87	161	1.18175
87	163	1.16441
87	164	1.187
87	166	1.19353
87	176	0.786549
87	177	0.76893
88	10	1.049
88	25	0.930264
88	62	0.720301
88	105	1.17666
88	112	1.15585
88	115	0.763723
88	126	0.72586
88	129	1.22542
88	139	1.13877
88	145	1.19246
88	148	0.732314
88	150	1.16217
88	152	1.18449
88	159	1.17394
88	162	0.699031
88	163	1.16318
88	164	1.18576
88	166	1.1923
88	167	0.715539
88	173	0.717172
89	3	1.18559
89	62	0.798544
89	70	1.12166
89	95	1.13231
89	106	0.812522
89	131	1.13998
89	137	1.12695
89	140	0.791225
89	144	1.11222
89	148	1.11378
89	149	1.10552
89	151	1.12089
89	153	1.13427
89	154	0.779364
89	156	1.13431
89	166	0.757521
89	170	0.789633
89	173	0.795415
89	174	1.14603
89	176	1.12648
89	180	0.784854
90	1	1.12934
90	22	1.22698
90	39	1.32698
90	64	1.21169
90	86	1.27119
90	97	1.2392
90	98	1.19464
90	101	1.19096
90	102	1.20714
90	116	0.722608
90	121	1.20648
90	122	0.695477
90	133	0.712966
90	156	0.690472
90	166	0.682879
90	171	1.2347
90	173	0.720773
90	174	1.26069
90	175	0.688531
90	177	0.700196
90	178	0.700813
91	10	1.06928
91	46	0.762645
91	50	1.20624
91	54	1.27439
91	73	1.17025
91	75	1.13777
91	83	1.14787
91	129	1.2457
91	134	0.730078
91	139	1.15904
91	145	1.21274
91	147	0.73008
91	150	1.18245
91	152	1.20477
91	156	0.718484
91	157	0.715131
91	160	0.74066
91	163	1.18346
91	164	1.20604
91	169	0.737572
91	179	0.739299
91	180	0.738224
92	12	0.891075
92	38	0.830183
92	43	0.684075
92	58	0.645305
92	129	0.676376
92	136	0.716227
92	142	0.731866
92	154	1.17803
92	155	0.714415
92	157	1.19665
92	158	1.15712
92	162	1.20458
92	164	0.703518
92	165	1.18209
92	167	1.18945
92	169	1.19136
92	170	1.17975
92	173	1.17378
92	177	1.18607
92	178	1.19101
92	179	1.18869
92	180	1.18143
93	12	1.04276
93	27	1.14026
93	56	1.29031
93	59	1.28018
93	65	1.21607
93	68	1.08853
93	110	0.772732
93	114	1.21271
93	120	1.17796
93	125	0.751082
93	128	1.19958
93	132	1.19124
93	134	0.714674
93	156	1.18841
93	167	0.731748
93	168	1.18709
93	171	0.754323
93	172	1.18489
93	173	0.73338
93	176	0.730422
93	177	0.712803
93	178	0.71342
94	17	1.31034
94	30	1.12748
94	47	0.730533
94	48	1.16926
94	55	0.791377
94	61	0.80542
94	96	1.15508
94	99	1.11475
94	119	1.22744
94	129	0.726916
94	134	1.18841
94	136	1.18942
94	138	0.680047
94	140	1.18941
94	143	0.645525
94	155	1.1959
94	161	1.18036
94	167	0.746421
94	170	0.742273
94	174	1.18585
94	176	1.1663
94	180	0.737494
95	26	1.14254
95	70	1.14937
95	74	1.15712
95	89	1.13231
95	123	1.16346
95	130	1.11881
95	137	1.15466
95	148	1.14149
95	149	1.13323
95	151	1.1486
95	153	1.16198
95	155	0.796445
95	156	1.16202
95	157	0.74589
95	160	0.77142
95	166	0.741651
95	168	1.16069
95	169	0.768331
95	171	0.800487
95	174	1.17374
95	175	0.747302
95	179	0.770059
95	180	0.768984
96	19	0.81333
96	45	1.05835
96	48	1.1401
96	53	1.06567
96	58	1.21867
96	82	1.18433
96	94	1.15508
96	113	1.17282
96	119	1.19828
96	124	1.15033
96	135	0.757548
96	136	1.16026
96	142	1.14101
96	143	0.685207
96	152	0.809811
96	155	1.16675
96	157	0.754082
96	160	0.779611
96	161	1.1512
96	167	0.786103
96	175	0.755494
96	176	1.13714
96	178	0.767776
97	1	1.03462
97	4	0.869664
97	8	1.22009
97	18	1.14135
97	44	0.696915
97	46	1.18864
97	64	1.11697
97	72	1.25636
97	75	0.853534
97	86	1.17647
97	90	1.2392
97	98	1.09992
97	101	1.09624
97	102	1.11242
97	121	1.11176
97	125	0.785003
97	146	0.671093
97	169	0.756088
97	171	1.13998
97	172	0.765955
97	174	1.16598
97	176	0.764343
97	177	0.746724
98	8	1.17552
98	22	1.0877
98	39	1.1877
98	46	1.14407
98	64	1.07241
98	78	1.16504
98	86	1.13191
98	90	1.19464
98	97	1.09992
98	101	1.05167
98	102	1.06785
98	113	1.13754
98	121	1.0672
98	122	0.787366
98	134	0.793956
98	156	0.782361
98	159	0.837624
98	161	0.783549
98	171	1.09542
98	172	0.811316
98	174	1.12141
98	176	0.809704
98	179	0.803177
98	180	0.802102
99	17	1.24085
99	25	0.95526
99	51	1.10364
99	82	1.144
99	94	1.11475
99	103	1.11334
99	109	1.14153
99	119	1.15795
99	124	1.11
99	131	0.833173
99	134	1.11892
99	136	1.11993
99	140	1.11992
99	141	0.697653
99	145	0.84769
99	146	0.72053
99	147	0.798034
99	149	0.858831
99	155	1.12641
99	161	1.11086
99	166	1.12264
99	171	0.837682
99	172	0.815392
99	177	0.796161
100	33	1.27599
100	70	1.18766
100	76	0.709107
100	77	1.25758
100	81	0.639894
100	130	1.1571
100	131	1.20598
100	134	1.21459
100	137	1.19295
100	143	0.641528
100	144	1.17822
100	148	1.17978
100	149	1.17152
100	150	0.793543
100	151	1.18689
100	153	1.20027
100	163	0.790919
100	166	0.706163
100	168	1.19898
100	169	0.732844
100	176	1.19248
100	178	0.724097
100	179	0.734571
100	180	0.733496
101	8	1.17184
101	22	1.08402
101	24	0.841415
101	39	1.18402
101	50	1.11767
101	64	1.06873
101	72	1.20812
101	78	1.16136
101	86	1.12823
101	90	1.19096
101	97	1.09624
101	98	1.05167
101	102	1.06417
101	116	0.804005
101	121	1.06352
101	133	0.794364
101	135	0.771982
101	154	0.78612
101	158	0.81525
101	162	0.784029
101	163	0.849033
101	166	0.764277
101	171	1.09173
101	174	1.11773
102	1	1.00255
102	8	1.18802
102	22	1.1002
102	39	1.2002
102	46	1.15657
102	64	1.08491
102	84	0.776627
102	86	1.14441
102	90	1.20714
102	97	1.11242
102	98	1.06785
102	101	1.06417
102	107	0.824536
102	110	0.833106
102	111	0.804633
102	113	1.15003
102	121	1.0797
102	156	0.763454
102	158	0.806834
102	168	0.816717
102	171	1.10792
102	173	0.793755
102	174	1.13391
102	176	0.790797
103	11	1.03363
103	13	1.05097
103	48	1.16785
103	76	1.21469
103	99	1.11334
103	109	1.20961
103	113	1.20057
103	116	0.765386
103	119	1.22603
103	122	0.738255
103	124	1.17808
103	134	1.187
103	136	1.18801
103	140	1.188
103	142	1.16876
103	155	1.1945
103	156	0.733249
103	161	1.17895
103	165	0.737021
103	167	0.761918
103	168	0.786513
103	169	0.752338
103	173	0.763551
103	175	0.731308
103	178	0.743591
104	7	0.741991
104	10	1.05975
104	19	1.15566
104	32	1.11536
104	34	1.25107
104	68	0.869402
104	71	1.16348
104	77	0.707944
104	105	1.18741
104	108	1.14721
104	115	0.78876
104	118	1.16845
104	124	0.767406
104	139	1.14952
104	145	1.20322
104	150	1.17293
104	156	0.711908
104	157	0.708555
104	159	1.18469
104	163	1.17394
104	164	1.19652
104	171	1.17078
104	172	0.740863
104	176	0.739251
104	180	0.731649
105	46	0.765968
105	66	0.846974
105	88	1.17666
105	104	1.18741
105	107	0.782889
105	108	1.12853
105	112	1.14794
105	118	1.14978
105	129	1.2175
105	138	0.684101
105	139	1.13085
105	142	1.16242
105	145	1.18454
105	147	0.733403
105	150	1.15426
105	152	1.17658
105	155	0.769009
105	157	0.718454
105	159	1.16602
105	162	0.733967
105	163	1.15527
105	164	1.17785
105	165	0.725579
105	166	1.18439
105	176	0.74915
106	51	0.779271
106	54	0.721107
106	67	0.762444
106	78	0.761848
106	89	0.812522
106	118	0.796475
106	124	0.781569
106	147	1.13708
106	149	0.798465
106	150	0.805859
106	154	1.1296
106	155	0.773273
106	157	1.14821
106	158	1.10869
106	160	1.14472
106	162	1.15614
106	165	1.13366
106	167	1.14101
106	169	1.14293
106	170	1.13132
106	173	1.12534
106	175	1.14783
106	177	1.13763
106	178	1.14258
106	179	1.14025
106	180	1.13299
107	20	0.667622
107	76	0.735097
107	102	0.824536
107	105	0.782889
107	109	0.747053
107	121	0.826933
107	126	0.778734
107	130	0.832913
107	147	1.13708
107	151	0.806291
107	154	1.1296
107	157	1.14821
107	158	1.10869
107	160	1.14472
107	162	1.15614
107	165	1.13366
107	167	1.14101
107	169	1.14293
107	170	1.13132
107	173	1.12534
107	174	0.789636
107	175	1.14783
107	177	1.13763
107	178	1.14258
107	179	1.14025
107	180	1.13299
108	67	1.15558
108	72	1.22829
108	87	1.13768
108	104	1.14721
108	105	1.12853
108	112	1.10773
108	115	0.832182
108	118	1.10957
108	129	1.1773
108	134	0.766925
108	139	1.09065
108	145	1.14434
108	150	1.11405
108	152	1.13637
108	159	1.12582
108	163	1.11506
108	164	1.13764
108	165	0.759102
108	166	1.14418
108	167	0.783999
108	170	0.77985
108	172	0.784286
108	173	0.785632
108	176	0.782673
108	178	0.765672
108	180	0.775071
109	36	0.677548
109	42	0.819593
109	43	1.23612
109	51	1.19991
109	53	1.12161
109	58	1.27461
109	78	1.25626
109	82	1.24027
109	99	1.14153
109	103	1.20961
109	107	0.747053
109	116	0.718107
109	119	1.25422
109	124	1.20627
109	125	1.1856
109	135	0.686084
109	136	1.2162
109	138	0.648264
109	140	1.21619
109	155	1.22268
109	166	1.21891
109	167	0.714639
109	172	0.714926
109	175	0.68403
109	177	0.695695
109	179	0.706786
110	49	0.798631
110	76	0.743667
110	93	0.772732
110	102	0.833106
110	117	0.750746
110	119	0.741466
110	129	0.757478
110	136	0.797329
110	147	1.13708
110	154	1.1296
110	155	0.795517
110	157	1.14821
110	158	1.10869
110	160	1.14472
110	162	1.15614
110	165	1.13366
110	167	1.14101
110	168	0.801579
110	169	1.14293
110	170	1.13132
110	173	1.12534
110	175	1.14783
110	177	1.13763
110	178	1.14258
110	179	1.14025
110	180	1.13299
111	59	0.712744
111	70	0.787138
111	79	0.830198
111	86	0.773036
111	102	0.804633
111	131	0.766578
111	144	0.806277
111	147	1.13708
111	153	0.770018
111	154	1.1296
111	157	1.14821
111	158	1.10869
111	160	1.14472
111	162	1.15614
111	165	1.13366
111	167	1.14101
111	168	0.773105
111	169	1.14293
111	170	1.13132
111	173	1.12534
111	174	0.769733
111	175	1.14783
111	177	1.13763
111	178	1.14258
111	179	1.14025
111	180	1.13299
112	4	1.04137
112	49	1.14294
112	62	0.8159
112	71	1.124
112	83	1.09887
112	88	1.15585
112	105	1.14794
112	108	1.10773
112	129	1.1967
112	141	0.693685
112	143	0.710242
112	145	1.16374
112	150	1.13346
112	152	1.15578
112	156	0.78247
112	159	1.14522
112	163	1.13447
112	164	1.15705
112	165	0.786241
112	166	1.16358
112	167	0.811138
112	169	0.801558
112	170	0.806989
112	171	1.13131
112	173	0.812771
112	178	0.792811
113	5	0.69162
113	55	0.786907
113	68	1.09198
113	96	1.17282
113	98	1.13754
113	102	1.15003
113	103	1.20057
113	114	1.21616
113	120	1.18141
113	121	1.14938
113	128	1.20303
113	132	1.19469
113	140	1.20715
113	143	0.641055
113	145	0.774536
113	150	0.793071
113	155	1.21364
113	163	0.790447
113	165	0.717055
113	166	1.20987
113	167	0.741952
113	168	1.19054
113	171	1.1776
113	174	1.20359
113	175	0.711342
113	177	0.723008
113	179	0.734099
114	12	1.04265
114	23	1.15523
114	27	1.14015
114	36	1.22968
114	47	0.720058
114	63	0.78855
114	65	1.21596
114	68	1.08842
114	85	1.18479
114	93	1.21271
114	113	1.21616
114	117	1.26297
114	120	1.17786
114	125	0.755281
114	126	1.22305
114	127	1.18396
114	132	1.19113
114	154	0.721529
114	156	1.18831
114	158	0.750659
114	160	0.729455
114	161	0.708466
114	168	1.18698
114	169	0.726367
114	171	0.758522
114	179	0.728094
114	180	0.727019
115	22	0.822212
115	33	0.7227
115	45	0.908047
115	88	0.763723
115	104	0.78876
115	108	0.832182
115	129	0.764677
115	139	0.863374
115	142	0.820167
115	146	1.19209
115	147	1.10633
115	152	0.80789
115	154	1.09884
115	157	1.11746
115	158	1.07793
115	160	1.11396
115	162	1.12539
115	165	1.1029
115	167	1.11026
115	169	1.11217
115	170	1.10057
115	173	1.09459
115	175	1.11707
115	177	1.10688
115	178	1.11182
115	179	1.1095
115	180	1.10224
116	1	0.907267
116	51	0.763999
116	61	1.10614
116	74	1.14943
116	82	0.722304
116	90	0.722608
116	101	0.804005
116	103	0.765386
116	109	0.718107
116	119	0.703949
116	128	0.769663
116	129	1.20546
116	136	0.759813
116	145	1.1725
116	149	1.12555
116	151	1.14092
116	152	1.16453
116	153	1.1543
116	155	0.758001
116	159	1.15398
116	160	1.15823
116	163	1.14322
116	164	1.16581
116	165	1.14717
116	175	1.16134
116	177	1.15115
116	179	1.15377
116	180	1.14651
117	2	1.12257
117	12	1.09302
117	23	1.2056
117	36	1.28005
117	44	0.641009
117	59	1.33044
117	65	1.26633
117	68	1.13879
117	80	0.666284
117	83	0.827009
117	85	1.23516
117	110	0.750746
117	114	1.26297
117	120	1.22822
117	127	1.23433
117	128	1.24984
117	132	1.2415
117	143	0.608866
117	144	0.767529
117	156	1.23867
117	157	0.677741
117	166	0.673501
117	168	1.23735
117	170	0.705613
117	172	1.23515
117	176	0.708437
117	177	0.690818
117	178	0.691435
118	41	1.21694
118	54	1.22723
118	73	1.12309
118	80	0.734257
118	83	1.10071
118	87	1.15892
118	104	1.16845
118	105	1.14978
118	106	0.796475
118	108	1.10957
118	123	0.769933
118	129	1.19854
118	139	1.11189
118	150	1.1353
118	152	1.15761
118	154	0.763318
118	156	0.749067
118	159	1.14706
118	161	1.15364
118	163	1.1363
118	164	1.15889
118	165	0.752839
118	167	0.777735
118	168	1.14608
118	170	0.773586
118	172	0.778022
118	175	0.747126
118	180	0.768807
119	24	1.18302
119	53	1.13803
119	59	0.664715
119	72	1.31944
119	76	1.2593
119	82	1.25669
119	94	1.22744
119	96	1.19828
119	99	1.15795
119	103	1.22603
119	109	1.25422
119	110	0.741466
119	116	0.703949
119	124	1.22269
119	135	0.671926
119	136	1.23262
119	140	1.23261
119	145	0.733065
119	155	1.2391
119	161	1.22355
119	162	0.683973
119	168	0.725077
119	170	0.696333
119	171	0.723058
119	172	0.700768
119	174	1.22905
119	177	0.681537
119	178	0.682154
120	9	1.05172
120	19	0.811146
120	21	1.29626
120	24	1.11926
120	25	1.00419
120	36	1.19494
120	68	1.05368
120	85	1.15005
120	93	1.17796
120	113	1.18141
120	114	1.17786
120	117	1.22822
120	122	0.760255
120	126	1.1883
120	127	1.14922
120	128	1.16473
120	132	1.15639
120	133	0.777745
120	138	0.717544
120	143	0.683022
120	155	0.802452
120	156	1.15356
120	161	0.756438
120	168	1.15224
120	170	0.77977
120	171	0.806495
120	175	0.753309
120	177	0.764974
121	1	1.0019
121	8	1.18737
121	18	1.10863
121	19	0.821746
121	22	1.09954
121	39	1.19954
121	46	1.15592
121	64	1.08426
121	72	1.22364
121	78	1.17688
121	86	1.14375
121	90	1.20648
121	97	1.11176
121	98	1.0672
121	101	1.06352
121	102	1.0797
121	107	0.826933
121	113	1.14938
121	122	0.770856
121	125	0.813854
121	131	0.812586
121	161	0.767038
121	166	0.758258
121	169	0.784939
121	171	1.10726
121	172	0.794806
121	173	0.796152
121	174	1.13326
121	175	0.76391
122	8	0.695705
122	20	1.30982
122	22	0.750366
122	30	0.760347
122	68	0.841161
122	82	0.695173
122	85	0.764326
122	90	0.695477
122	98	0.787366
122	103	0.738255
122	120	0.760255
122	121	0.770856
122	124	0.739166
122	131	1.16921
122	139	1.12802
122	148	1.14302
122	149	1.13476
122	150	1.15143
122	151	1.15013
122	152	1.17374
122	153	1.16351
122	159	1.16319
122	160	1.16745
122	163	1.15243
122	164	1.17502
122	167	1.16374
122	175	1.17055
122	178	1.16531
122	179	1.16298
122	180	1.15572
123	3	1.21673
123	6	1.19485
123	14	1.30092
123	25	0.942922
123	62	0.73296
123	79	1.10431
123	95	1.16346
123	118	0.769933
123	130	1.12224
123	131	1.17112
123	137	1.1581
123	142	1.16149
123	144	1.14337
123	148	1.14493
123	149	1.13667
123	151	1.15204
123	153	1.16542
123	156	1.16545
123	158	0.74291
123	159	0.754792
123	162	0.71169
123	164	0.735834
123	166	0.691937
123	168	1.16412
123	170	0.724049
123	171	0.750774
123	173	0.729831
123	174	1.17718
123	176	1.15762
123	179	0.720345
124	11	1.03029
124	13	1.04763
124	17	1.30559
124	28	1.13
124	35	0.700469
124	48	1.16451
124	51	1.16839
124	76	1.21135
124	96	1.15033
124	99	1.11
124	103	1.17808
124	104	0.767406
124	106	0.781569
124	109	1.20627
124	119	1.22269
124	122	0.739166
124	127	0.792922
124	136	1.18467
124	138	0.696454
124	140	1.18466
124	142	1.16542
124	154	0.748411
124	155	1.19116
124	160	0.756337
124	166	1.18739
124	169	0.753249
124	171	0.785405
124	176	1.16155
124	177	0.743885
124	178	0.744502
125	3	0.757332
125	7	0.756748
125	13	1.02697
125	27	0.806333
125	49	1.14608
125	52	0.700489
125	79	0.837021
125	93	0.751082
125	97	0.785003
125	109	1.1856
125	114	0.755281
125	121	0.813854
125	131	0.773401
125	136	1.164
125	137	0.786784
125	139	1.11318
125	142	1.14475
125	148	0.772109
125	152	1.15891
125	155	1.17049
125	158	1.11658
125	163	1.1376
125	164	1.16018
125	169	1.15082
125	173	1.13324
125	174	1.16044
125	175	1.15572
125	176	1.14088
125	177	1.14553
125	179	1.14815
125	180	1.14089
126	2	1.08265
126	8	0.729689
126	12	1.05309
126	23	1.16568
126	27	1.1506
126	28	1.15937
126	38	1.11142
126	40	1.25748
126	59	1.29052
126	65	1.22641
126	68	1.09887
126	85	1.19524
126	88	0.72586
126	107	0.778734
126	114	1.22305
126	120	1.1883
126	127	1.19441
126	128	1.20992
126	132	1.20158
126	142	0.782304
126	147	0.729248
126	156	1.19875
126	157	0.714298
126	159	0.772914
126	161	0.718839
126	165	0.721423
126	166	0.710059
126	168	1.19743
126	170	0.742171
126	172	1.19523
126	176	0.744995
126	179	0.738467
127	9	1.05783
127	12	1.01401
127	23	1.12659
127	27	1.11151
127	36	1.20104
127	38	1.07233
127	40	1.21839
127	47	0.750204
127	56	1.26156
127	59	1.25143
127	68	1.05978
127	85	1.15615
127	114	1.18396
127	117	1.23433
127	120	1.14922
127	124	0.792922
127	126	1.19441
127	128	1.17083
127	132	1.16249
127	134	0.749019
127	136	0.786438
127	149	0.809819
127	156	1.15967
127	161	0.738612
127	164	0.773729
127	165	0.741196
127	166	0.729832
127	168	1.15834
127	171	0.788669
127	172	1.15614
127	175	0.735484
127	176	0.764767
127	178	0.747766
128	2	1.05908
128	12	1.02952
128	13	0.935519
128	23	1.14211
128	24	1.14088
128	25	1.02581
128	27	1.12703
128	36	1.21656
128	38	1.08785
128	65	1.20284
128	85	1.17167
128	93	1.19958
128	113	1.20303
128	116	0.769663
128	117	1.24984
128	120	1.16473
128	126	1.20992
128	127	1.17083
128	132	1.17801
128	138	0.69982
128	143	0.665299
128	153	0.787703
128	156	1.17518
128	166	0.729935
128	168	1.17386
128	170	0.762046
128	172	1.17166
128	173	0.767828
128	174	0.787418
128	175	0.735586
128	176	0.76487
128	177	0.747251
128	179	0.758343
129	60	1.28754
129	67	1.24455
129	71	1.19357
129	88	1.22542
129	91	1.2457
129	92	0.676376
129	94	0.726916
129	105	1.2175
129	108	1.1773
129	110	0.757478
129	112	1.1967
129	115	0.764677
129	116	1.20546
129	118	1.19854
129	134	0.69942
129	139	1.17961
129	141	0.599041
129	142	1.21118
129	145	1.23331
129	147	0.699422
129	150	1.20302
129	159	1.21478
129	160	0.710002
129	161	1.22137
129	162	0.699986
129	163	1.20403
129	164	1.22661
129	165	0.691597
129	168	1.21381
129	172	0.71678
129	173	0.718127
129	174	0.737716
129	176	0.715168
130	2	0.969848
130	14	1.25627
130	15	1.10789
130	18	1.1079
130	20	1.26708
130	36	0.763408
130	44	0.731746
130	52	1.21301
130	70	1.10816
130	74	1.1159
130	95	1.11881
130	100	1.1571
130	107	0.832913
130	123	1.12224
130	131	1.12647
130	135	0.771944
130	137	1.11345
130	141	0.683046
130	142	1.11684
130	144	1.09872
130	147	0.783427
130	148	1.10028
130	149	1.09202
130	151	1.10739
130	153	1.12077
130	157	0.768478
130	160	0.794007
130	161	0.773018
130	165	0.775603
130	166	0.764239
130	168	1.11947
130	172	1.11728
130	173	0.802132
130	176	1.11297
131	15	1.15677
131	20	1.31596
131	26	1.1502
131	74	1.16478
131	79	1.10853
131	80	0.710589
131	89	1.13998
131	99	0.833173
131	100	1.20598
131	111	0.766578
131	121	0.812586
131	122	1.16921
131	123	1.17112
131	125	0.773401
131	130	1.12647
131	134	1.18397
131	142	1.16572
131	143	0.65317
131	144	1.14759
131	147	0.736995
131	148	1.14916
131	149	1.14089
131	151	1.15626
131	153	1.16965
131	154	0.739649
131	160	0.747575
131	161	0.726586
131	168	1.16835
131	171	0.776643
131	172	1.16616
131	173	0.7557
131	174	1.18141
131	176	1.16185
131	178	0.73574
131	180	0.745139
132	2	1.05074
132	23	1.13376
132	24	1.13253
132	28	1.12746
132	36	1.20822
132	37	0.842207
132	38	1.0795
132	40	1.22557
132	50	1.17851
132	59	1.25861
132	65	1.19449
132	68	1.06695
132	71	0.78584
132	73	0.801023
132	84	0.727044
132	85	1.16332
132	93	1.19124
132	113	1.19469
132	114	1.19113
132	117	1.2415
132	120	1.15639
132	126	1.20158
132	127	1.16249
132	128	1.17801
132	133	0.736365
132	146	0.647963
132	150	0.793658
132	157	0.710517
132	169	0.732959
132	170	0.73839
132	171	0.765115
132	172	1.16331
132	174	0.763761
132	176	0.741213
132	177	0.723594
133	34	0.685615
133	48	0.765109
133	78	0.736934
133	82	0.712663
133	90	0.712966
133	101	0.794364
133	120	0.777745
133	132	0.736365
133	135	1.17035
133	137	0.761275
133	138	1.20535
133	141	1.27535
133	142	0.76581
133	143	1.27535
133	146	1.23171
133	147	1.14595
133	150	0.780945
133	151	0.767704
133	154	1.13847
133	157	1.15708
133	158	1.11755
133	159	0.75642
133	160	1.15359
133	162	1.16501
133	164	0.737462
133	165	1.14253
133	167	1.14988
133	169	1.1518
133	170	1.14019
133	173	1.13421
133	175	1.1567
133	177	1.1465
133	178	1.15145
133	179	1.14912
133	180	1.14186
134	11	1.03921
134	23	0.765509
134	32	0.842396
134	39	0.705993
134	67	0.72663
134	71	0.762227
134	91	0.730078
134	93	0.714674
134	94	1.18841
134	98	0.793956
134	99	1.11892
134	100	1.21459
134	103	1.187
134	108	0.766925
134	127	0.749019
134	129	0.69942
134	131	1.18397
134	142	1.17434
134	148	1.15777
134	149	1.14951
134	151	1.16488
134	153	1.17826
134	154	1.16708
134	155	1.20008
134	158	1.14617
134	159	0.74552
134	163	0.767421
134	164	0.726562
134	167	1.17849
134	169	1.18041
134	172	1.17477
134	176	1.17047
134	177	1.17512
134	178	1.18006
134	180	1.17047
135	26	0.766482
135	43	0.695637
135	51	0.731976
135	54	0.673812
135	60	0.667473
135	82	0.690281
135	96	0.757548
135	101	0.771982
135	109	0.686084
135	119	0.671926
135	130	0.771944
135	133	1.17035
135	138	1.24035
135	140	0.704888
135	141	1.31035
135	143	1.31035
