1	6	0.874735
1	11	0.867111
1	64	0.785791
1	74	0.825552
1	81	0.803359
1	82	3.67631
1	86	0.791559
1	109	1.68826
1	127	0.820002
1	150	1.48541
1	165	0.835068
2	97	1.66355
2	110	0.891236
2	130	0.809367
2	135	0.0647472
2	158	0.839864
2	160	0.848053
2	170	0.808806
2	175	0.795633
2	176	0.787729
2	178	0.756827
2	179	0.783997
2	180	0.767984
3	11	1.47039
3	141	0.129306
3	155	0.885196
3	157	1.01306
3	166	0.790785
3	172	0.791439
3	175	0.801518
3	176	0.793614
3	177	0.808014
3	178	0.762712
3	179	0.789882
3	180	0.773869
4	147	0.641625
4	153	0.693986
4	158	0.699266
4	161	0.646356
4	165	3.98981
4	170	0.668208
4	172	0.644956
4	175	0.655035
4	177	0.661531
4	178	0.616228
4	179	0.643399
4	180	0.627385
5	26	0.695118
5	28	0.756906
5	32	0.751963
5	70	0.702331
5	76	0.728226
5	95	0.731135
5	97	0.725832
5	139	0.727785
5	154	2.77431
5	157	0.732302
5	161	0.65024
5	169	3.65152
6	1	0.874735
6	64	0.774066
6	68	1.39069
6	73	0.766431
6	81	0.791634
6	86	0.779834
6	92	0.799732
6	117	1.00045
6	126	0.812481
6	147	5.72448
6	149	0.781418
6	165	0.823343
7	27	0.768232
7	42	0.733934
7	47	2.93338
7	49	0.736842
7	64	0.693217
7	73	0.685582
7	74	0.732978
7	81	0.710785
7	86	0.698985
7	124	3.23608
7	149	0.700569
7	165	0.742494
8	19	0.836258
8	41	0.820879
8	53	0.796413
8	76	0.809319
8	95	0.812229
8	114	1.00695
8	132	0.771906
8	139	0.808878
8	157	0.813396
8	161	0.731333
8	164	3.52931
8	169	2.71561
9	58	0.709151
9	112	2.61211
9	126	3.67669
9	137	0.723468
9	138	0.719698
9	139	0.727815
9	142	0.745374
9	143	0.711456
9	151	0.737746
9	165	0.739499
9	171	0.649956
9	173	0.735211
10	25	0.670873
10	29	0.756236
10	51	0.771099
10	60	0.70409
10	62	0.686212
10	78	0.714614
10	127	0.721386
10	145	1.6298
10	159	0.73893
10	161	4.84717
10	162	0.733537
10	174	0.706521
11	1	0.867111
11	3	1.47039
11	16	0.728337
11	74	0.806203
11	80	1.68406
11	81	0.78401
11	86	0.77221
11	107	0.855841
11	117	3.12045
11	127	0.800653
11	149	0.773794
11	165	0.815719
12	72	0.805172
12	105	1.72862
12	117	0.895378
12	124	0.844539
12	128	0.798789
12	137	0.802587
12	138	0.798817
12	143	0.790575
12	151	0.816866
12	163	4.55714
12	171	0.729075
12	173	0.81433
13	24	1.8141
13	39	0.802617
13	51	0.849124
13	60	0.782115
13	62	0.764236
13	78	0.792639
13	107	1.38391
13	127	0.799411
13	159	0.816955
13	162	0.811562
13	174	0.784545
13	179	3.80486
14	103	0.736751
14	128	0.708073
14	135	0.723224
14	137	0.711871
14	138	0.708101
14	140	1.93465
14	142	0.733777
14	143	0.699859
14	151	0.72615
14	165	0.727903
14	166	4.50907
14	173	0.723614
15	20	1.62541
15	128	0.859383
15	146	0.859781
15	155	0.87671
15	159	0.083238
15	164	0.799836
15	172	0.782953
15	175	0.793032
15	176	0.785128
15	178	0.754226
15	179	0.781396
15	180	0.765383
16	11	0.728337
16	107	0.736417
16	119	0.656061
16	126	0.685432
16	141	4.02506
16	149	0.654369
16	161	0.607066
16	164	0.622548
16	165	0.696294
16	177	0.62224
16	179	0.604109
16	180	0.588095
17	21	0.694495
17	79	0.70565
17	106	0.736851
17	116	0.727742
17	120	0.712138
17	122	0.706462
17	123	0.70522
17	130	4.23734
17	141	0.710558
17	157	0.723795
17	167	0.652957
17	173	0.726673
17	174	2.68533
18	56	0.765031
18	77	1.44463
18	88	0.764506
18	93	0.793363
18	102	0.816702
18	109	2.83675
18	137	0.787735
18	138	0.783965
18	143	0.775723
18	151	0.802014
18	169	3.2446
18	171	0.714223
18	173	0.799478
19	8	0.836258
19	26	0.755021
19	32	0.811866
19	37	0.731896
19	41	0.799689
19	43	0.78545
19	95	0.791038
19	97	0.785734
19	131	3.19772
19	145	2.2281
19	148	2.10434
19	157	0.792205
19	161	0.710143
20	15	1.62541
20	79	0.778133
20	94	0.758421
20	106	0.809334
20	113	0.796182
20	122	0.778945
20	123	0.777703
20	124	2.02504
20	141	0.783041
20	145	3.02409
20	157	0.796278
20	167	0.72544
20	173	0.799156
21	17	0.694495
21	61	0.714482
21	96	0.736401
21	110	0.717121
21	115	0.741806
21	122	0.722711
21	123	0.721469
21	135	0.742532
21	149	1.86003
21	152	4.66243
21	167	0.669206
21	173	0.742922
22	42	0.725822
22	49	0.72873
22	64	0.685105
22	73	0.67747
22	74	0.724866
22	81	0.702674
22	86	0.690873
22	126	0.72352
22	127	0.719316
22	129	0.869244
22	149	0.692457
22	165	0.734382
22	178	6.23048
23	89	0.784628
23	100	0.865387
23	102	0.797169
23	103	0.793083
23	128	0.764404
23	137	0.768203
23	142	0.790109
23	143	0.756191
23	151	0.782481
23	165	0.784234
23	170	3.4635
23	173	0.779946
23	175	3.2231
24	13	1.8141
24	103	2.72202
24	155	0.787135
24	156	0.708804
24	160	0.755877
24	166	0.692724
24	169	0.713954
24	172	0.693378
24	175	0.703457
24	177	0.709953
24	178	0.664651
24	179	0.691821
24	180	0.675808
25	10	0.670873
25	29	0.737881
25	35	0.71321
25	51	0.752743
25	60	0.685735
25	66	0.719906
25	78	0.696259
25	127	0.703031
25	140	2.34476
25	159	0.720574
25	162	0.715181
25	164	4.55424
25	174	0.688165
26	5	0.695118
26	19	0.755021
26	41	0.739642
26	48	0.733105
26	53	0.715176
26	77	1.97268
26	95	0.730991
26	97	0.725688
26	139	0.727641
26	157	0.732158
26	161	0.650096
26	176	4.36839
27	7	0.768232
27	42	0.800853
27	49	0.803762
27	64	0.760136
27	73	0.752502
27	81	0.777705
27	86	0.765905
27	126	0.798552
27	130	2.74202
27	149	0.767489
27	165	0.809414
27	170	2.42364
27	176	2.54706
28	5	0.756906
28	32	0.813607
28	37	0.733638
28	43	0.787192
28	54	0.834816
28	95	0.79278
28	97	0.787476
28	134	1.94728
28	139	0.789429
28	157	0.793946
28	161	0.711884
28	172	3.3361
28	175	2.31196
29	10	0.756236
29	25	0.737881
29	35	0.798574
29	62	0.753219
29	66	0.805269
29	78	0.781622
29	124	1.21107
29	127	0.788394
29	130	4.38936
29	155	1.9446
29	159	0.805938
29	162	0.800545
29	174	0.773528
30	35	0.78725
30	51	0.826783
30	60	0.759774
30	62	0.741896
30	66	0.793946
30	78	0.770299
30	121	2.98913
30	127	0.77707
30	149	2.85101
30	155	1.84938
30	159	0.794614
30	162	0.789221
30	174	0.762205
31	56	0.764285
31	68	2.48432
31	83	2.56598
31	118	0.785139
31	128	0.783191
31	137	0.786989
31	138	0.783219
31	143	0.774977
31	151	0.801268
31	159	0.805498
31	162	2.25799
31	165	0.803021
31	171	0.713477
32	5	0.751963
32	19	0.811866
32	28	0.813607
32	54	0.829873
32	70	0.759032
32	95	0.787837
32	97	0.782533
32	109	0.772742
32	153	2.2104
32	157	0.789003
32	161	0.706941
32	162	1.56679
32	167	3.89883
33	46	1.95084
33	59	0.697227
33	128	0.707062
33	135	0.722214
33	138	0.707091
33	139	0.715208
33	141	0.706489
33	142	0.732766
33	151	0.725139
33	165	0.726892
33	171	0.637349
33	173	0.722604
33	177	4.71274
34	88	0.763567
34	103	0.811677
34	105	2.62537
34	118	0.784946
34	128	0.782998
34	137	0.786797
34	138	0.783027
34	143	0.774785
34	151	0.801075
34	160	1.80794
34	168	3.0963
34	171	0.713285
34	173	0.79854
35	25	0.71321
35	29	0.798574
35	30	0.78725
35	39	0.76693
35	62	0.728549
35	66	0.780598
35	78	0.756952
35	127	0.763723
35	148	1.55162
35	158	2.03301
35	159	0.781267
35	162	0.775874
35	172	4.31998
35	174	0.748858
36	66	0.757565
36	78	0.733918
36	103	2.50874
36	132	0.7071
36	137	1.6679
36	159	0.758233
36	162	0.75284
36	163	0.657852
36	174	0.725824
36	175	0.675206
36	177	0.681701
36	178	0.636399
36	179	0.66357
36	180	0.647556
37	19	0.731896
37	28	0.733638
37	43	0.702279
37	48	0.709981
37	70	0.679063
37	76	0.704958
37	95	0.707867
37	97	0.702564
37	109	0.692773
37	139	0.704516
37	157	0.709034
37	161	0.626972
37	167	4.11412
37	170	3.19873
38	57	0.699094
38	59	0.694404
38	110	0.69398
38	113	0.716806
38	115	0.718665
38	116	0.720849
38	118	0.706187
38	142	0.729943
38	148	0.747764
38	165	0.724069
38	167	0.646065
38	171	0.634525
38	173	0.71978
38	178	6.63961
39	13	0.802617
39	35	0.76693
39	51	0.806463
39	60	0.739454
39	62	0.721575
39	66	0.773625
39	78	0.749978
39	83	2.54447
39	117	2.15507
39	127	0.75675
39	159	0.774294
39	162	0.768901
39	169	3.1808
39	174	0.741884
40	133	0.747833
40	134	0.738218
40	156	0.702689
40	159	1.73044
40	168	0.709594
40	169	0.707839
40	172	0.687263
40	173	2.21244
40	175	0.697342
40	176	0.689438
40	177	0.703838
40	178	0.658535
40	179	0.685706
40	180	0.669693
41	8	0.820879
41	19	0.799689
41	26	0.739642
41	70	0.746856
41	76	0.772751
41	92	1.29562
41	95	0.77566
41	97	0.770356
41	132	0.735337
41	139	0.772309
41	157	0.776827
41	161	0.694765
41	172	3.44713
41	179	3.20172
42	7	0.733934
42	22	0.725822
42	27	0.800853
42	73	0.718203
42	74	0.765599
42	81	0.743407
42	86	0.731606
42	92	0.751504
42	126	0.764253
42	127	0.760049
42	145	1.05071
42	149	0.73319
42	156	3.63766
42	165	0.775115
42	171	3.77626
43	19	0.78545
43	28	0.787192
43	37	0.702279
43	48	0.763534
43	54	0.803457
43	70	0.732617
43	76	0.758512
43	91	0.72915
43	92	2.69545
43	97	0.756117
43	109	0.746327
43	124	1.20331
43	157	0.762588
43	161	0.680526
43	164	4.40461
44	90	2.37026
44	118	0.722446
44	126	0.729466
44	127	2.08922
44	128	0.720498
44	137	0.724297
44	143	0.712285
44	151	0.738575
44	168	0.67203
44	172	0.649699
44	173	0.73604
44	175	0.659778
44	176	0.651875
44	179	0.648143
44	180	0.632129
45	104	0.688276
45	111	0.719042
45	114	0.735935
45	133	0.674484
45	139	5.19601
45	149	0.662617
45	156	0.62934
45	161	0.615314
45	166	0.613259
45	172	0.613913
45	175	0.623993
45	177	0.630488
45	178	0.585186
45	179	0.612357
45	180	0.596343
46	33	1.95084
46	80	0.86736
46	103	1.31352
46	133	0.77783
46	138	1.31622
46	148	0.807979
46	160	0.779758
46	166	0.716605
46	168	0.73959
46	169	0.737835
46	170	0.740511
46	175	0.727338
46	178	0.688532
46	179	0.715703
46	180	0.699689
47	7	2.93338
47	93	0.635278
47	114	0.848144
47	128	0.956316
47	154	0.791578
47	158	0.780433
47	160	0.788621
47	163	0.718848
47	164	0.743005
47	172	0.726123
47	176	0.728298
47	177	0.742697
47	178	0.697395
47	179	0.724566
47	180	0.708552
48	26	0.733105
48	37	0.709981
48	43	0.763534
48	54	0.811158
48	76	0.766213
48	91	0.736851
48	95	0.769122
48	97	0.763819
48	132	0.7288
48	139	0.765771
48	146	0.955688
48	147	4.07763
48	157	0.770289
48	161	0.688227
48	178	4.02007
49	7	0.736842
49	22	0.72873
49	27	0.803762
49	64	0.728746
49	73	0.721112
49	74	0.768508
49	81	0.746315
49	86	0.734515
49	92	0.754413
49	98	0.76064
49	126	0.767162
49	149	0.736099
49	165	0.778024
49	171	4.34094
49	175	3.23585
50	52	0.739116
50	94	0.715881
50	99	0.745551
50	110	0.730815
50	113	0.753641
50	115	0.7555
50	116	0.757684
50	119	2.53841
50	120	0.742081
50	122	0.736405
50	123	0.735162
50	131	2.27332
50	157	0.753737
50	167	0.6829
50	171	4.02924
50	173	0.756615
51	10	0.771099
51	13	0.849124
51	25	0.752743
51	30	0.826783
51	39	0.806463
51	60	0.78596
51	62	0.768082
51	66	0.820132
51	75	1.65894
51	78	0.796485
51	92	2.77444
51	117	2.64416
51	125	2.35525
51	159	0.8208
51	162	0.815407
51	174	0.788391
52	50	0.739116
52	55	0.737797
52	61	0.72916
52	79	0.736576
52	110	0.731799
52	115	0.756484
52	116	0.758668
52	120	0.743065
52	122	0.737389
52	123	0.736146
52	154	2.52649
52	157	0.754721
52	167	0.683884
52	168	3.68215
52	173	0.757599
52	174	2.6424
53	8	0.796413
53	26	0.715176
53	54	0.793229
53	70	0.722389
53	76	0.748284
53	91	0.718922
53	95	0.751193
53	97	0.745889
53	98	2.64441
53	109	0.736099
53	124	2.50011
53	132	0.710871
53	139	0.747842
53	148	3.3754
53	157	0.75236
53	161	0.670298
54	28	0.834816
54	32	0.829873
54	43	0.803457
54	48	0.811158
54	53	0.793229
54	76	0.806136
54	95	0.809045
54	97	0.803741
54	132	0.768723
54	139	0.805694
54	149	1.30281
54	150	1.34455
54	157	0.810212
54	161	0.72815
54	164	2.76895
54	180	4.34486
55	52	0.737797
55	90	0.756052
55	94	0.714562
55	96	0.748776
55	99	0.744232
55	110	0.729496
55	113	0.752323
55	115	0.754181
55	116	0.756365
55	120	0.740762
55	122	0.735086
55	140	1.86476
55	167	0.681581
55	169	3.26053
55	170	3.73285
55	173	0.755297
56	18	0.765031
56	31	0.764285
56	102	0.757876
56	124	0.770861
56	137	0.728909
56	138	0.725139
56	139	0.733256
56	142	0.750815
56	143	0.716897
56	146	2.31447
56	151	0.743188
56	158	2.43536
56	159	0.747418
56	171	0.655397
56	173	0.740652
56	176	4.06201
57	38	0.699094
57	93	0.748297
57	103	0.76755
57	104	0.822927
57	131	0.707564
57	137	0.74267
57	138	0.7389
57	142	0.764575
57	143	0.730658
57	151	0.756948
57	152	3.81115
57	159	0.761178
57	163	4.29723
57	165	0.758701
57	171	0.669158
57	173	0.754413
58	9	0.709151
58	101	2.24003
58	103	0.762177
58	118	0.735446
58	124	0.779248
58	128	0.733498
58	133	2.30042
58	137	0.737296
58	139	0.741644
58	142	0.759202
58	143	0.725285
58	151	0.751575
58	165	0.753328
58	171	0.663785
58	173	0.749039
58	179	4.2192
59	33	0.697227
59	38	0.694404
59	89	0.754405
59	93	0.743608
59	101	2.44084
59	102	0.766946
59	118	0.736129
59	133	2.50123
59	135	0.749333
59	137	0.73798
59	138	0.73421
59	142	0.759886
59	143	0.725968
59	151	0.752258
59	170	3.88167
59	173	0.749723
60	10	0.70409
60	13	0.782115
60	25	0.685735
60	30	0.759774
60	39	0.739454
60	51	0.78596
60	62	0.701073
60	66	0.753123
60	78	0.729476
60	127	0.736248
60	159	0.753791
60	162	0.748398
60	163	3.8349
60	167	2.58657
60	171	2.53586
60	174	0.721382
61	21	0.714482
61	52	0.72916
61	71	3.28149
61	90	0.747415
61	94	0.705925
61	96	0.740139
61	106	0.756838
61	110	0.720859
61	113	0.743686
61	120	0.732125
61	122	0.726449
61	123	0.725207
61	157	0.743782
61	167	0.672944
61	173	0.74666
61	174	1.41189
61	180	4.56281
62	10	0.686212
62	13	0.764236
62	29	0.753219
62	30	0.741896
62	35	0.728549
62	39	0.721575
62	51	0.768082
62	60	0.701073
62	66	0.735244
62	78	0.711597
62	108	2.20041
62	114	2.14515
62	127	0.718369
62	159	0.735913
62	162	0.73052
62	174	0.703503
62	175	4.70966
63	67	0.754808
63	90	0.744604
63	94	0.703114
63	96	0.737328
63	108	2.28887
63	110	0.718048
63	116	0.744917
63	120	0.729314
63	122	0.723638
63	123	0.722395
63	135	0.743459
63	141	0.727734
63	145	3.17767
63	154	3.689
63	157	0.74097
63	167	0.670133
63	173	0.743848
64	1	0.785791
64	6	0.774066
64	7	0.693217
64	22	0.685105
64	27	0.760136
64	49	0.728746
64	73	0.677486
64	74	0.724882
64	81	0.70269
64	86	0.690889
64	92	0.710787
64	121	2.17293
64	126	0.723537
64	127	0.719332
64	149	0.692473
64	161	4.51606
64	165	0.734399
64	177	3.06053
65	80	0.897683
65	97	2.1049
65	128	0.943592
65	146	0.82441
65	155	0.841339
65	157	0.985833
65	161	0.748982
65	163	0.740307
65	164	0.764464
65	165	0.273515
65	166	0.746927
65	167	0.760207
65	169	0.768158
65	172	0.747582
65	177	0.764157
65	178	0.718855
65	179	0.746025
65	180	0.730012
66	25	0.719906
66	29	0.805269
66	30	0.793946
66	35	0.780598
66	36	0.757565
66	39	0.773625
66	51	0.820132
66	60	0.753123
66	62	0.735244
66	78	0.763647
66	101	2.31509
66	127	0.770419
66	136	1.62371
66	140	1.88784
66	159	0.787962
66	162	0.78257
66	167	4.67132
66	174	0.755553
67	63	0.754808
67	87	0.757826
67	90	0.786814
67	96	0.779539
67	99	0.774995
67	106	0.796237
67	113	0.783085
67	115	0.784944
67	120	0.771525
67	123	0.764606
67	141	0.769944
67	144	2.13686
67	153	2.35427
67	157	0.783181
67	167	0.712344
67	168	2.93343
67	173	0.786059
67	177	3.02827
68	6	1.39069
68	31	2.48432
68	90	2.56885
68	104	0.765793
68	119	0.741826
68	130	0.715243
68	145	0.789813
68	152	0.695114
68	154	0.756885
68	160	0.753929
68	163	0.684155
68	164	0.708312
68	169	0.712006
68	170	0.714682
68	171	0.692516
68	177	0.708005
68	179	0.689873
68	180	0.67386
69	74	0.78361
69	81	0.761417
69	86	0.749617
69	126	0.782264
69	127	0.77806
69	128	0.773296
69	138	0.773325
69	142	0.799
69	143	0.765083
69	149	0.751201
69	151	0.791373
69	159	0.795603
69	162	1.86672
69	165	0.793126
69	168	3.08949
69	171	0.703583
69	174	2.04974
69	176	3.40679
70	5	0.702331
70	32	0.759032
70	37	0.679063
70	41	0.746856
70	43	0.732617
70	53	0.722389
70	76	0.735296
70	91	0.705934
70	95	0.738205
70	97	0.732901
70	109	0.72311
70	126	2.09356
70	132	0.697882
70	139	0.734854
70	157	0.739372
70	158	2.58968
70	161	0.65731
70	172	4.87665
71	61	3.28149
71	105	0.716343
71	125	0.725587
71	144	0.714564
71	148	0.72937
71	153	0.687681
71	154	0.704105
71	156	0.654077
71	164	0.655533
71	165	3.50832
71	166	0.637996
71	168	0.660981
71	169	0.659226
71	170	0.661902
71	172	0.63865
71	176	0.640826
71	177	0.655225
71	179	0.637094
71	180	0.62108
72	12	0.805172
72	89	0.770624
72	102	0.783165
72	118	0.752348
72	128	0.7504
72	132	2.54224
72	136	1.46519
72	137	0.754198
72	139	0.758545
72	141	0.749827
72	142	0.776104
72	143	0.742186
72	151	0.768477
72	159	0.772707
72	165	0.77023
72	167	4.5128
72	171	0.680686
72	173	0.765941
72	174	2.36379
73	6	0.766431
73	7	0.685582
73	22	0.67747
73	27	0.752502
73	42	0.718203
73	49	0.721112
73	64	0.677486
73	74	0.717248
73	81	0.695055
73	86	0.683254
73	92	0.703152
73	107	0.766886
73	119	2.86744
73	126	0.715902
73	127	0.711698
73	134	2.88851
73	149	0.684839
73	165	0.726764
73	172	4.27733
74	1	0.825552
74	7	0.732978
74	11	0.806203
74	22	0.724866
74	42	0.765599
74	49	0.768508
74	64	0.724882
74	69	0.78361
74	73	0.717248
74	81	0.742451
74	86	0.730651
74	107	0.814282
74	112	0.840293
74	119	3.27807
74	127	0.759094
74	149	0.732235
74	150	2.82121
74	165	0.77416
74	177	3.8052
75	51	1.65894
75	82	0.781185
75	96	1.61527
75	106	1.26717
75	129	0.830551
75	152	0.7454
75	153	0.790746
75	156	0.757142
75	166	0.741061
75	169	0.762292
75	170	0.764968
75	171	0.742802
75	173	0.66962
75	174	0.802413
75	176	0.743891
75	177	0.758291
75	178	0.712989
75	179	0.740159
75	180	0.724146
76	5	0.728226
76	8	0.809319
76	37	0.704958
76	41	0.772751
76	43	0.758512
76	48	0.766213
76	53	0.748284
76	54	0.806136
76	70	0.735296
76	91	0.731829
76	95	0.7641
76	97	0.758796
76	100	1.99193
76	109	0.749005
76	125	2.80309
76	132	0.723777
76	153	3.81702
76	155	2.46367
76	157	0.765267
76	161	0.683205
77	18	1.44463
77	26	1.97268
77	84	0.795069
77	130	0.760556
77	143	1.11605
77	157	1.88889
77	160	0.799242
77	164	0.753625
77	166	0.736089
77	168	0.759074
77	169	0.757319
77	170	0.759995
77	171	0.737829
77	172	0.736743
77	175	0.746822
77	176	0.738918
77	177	0.753318
77	178	0.708016
77	179	0.735186
77	180	0.719173
78	10	0.714614
78	13	0.792639
78	25	0.696259
78	29	0.781622
78	30	0.770299
78	35	0.756952
78	36	0.733918
78	39	0.749978
78	51	0.796485
78	60	0.729476
78	62	0.711597
78	66	0.763647
78	92	2.83449
78	107	2.31964
78	127	0.746772
78	132	3.14709
78	133	2.82182
78	159	0.764316
78	162	0.758923
78	174	0.731906
79	17	0.70565
79	20	0.778133
79	52	0.736576
79	87	0.725843
79	90	0.754832
79	96	0.747556
79	99	0.743012
79	106	0.764255
79	113	0.751102
79	115	0.752961
79	116	0.755145
79	120	0.739542
79	122	0.733866
79	123	0.732623
79	136	2.37754
79	146	2.88563
79	149	3.385
79	157	0.751198
79	158	3.00653
79	167	0.680361
79	173	0.754076
80	11	1.68406
80	46	0.86736
80	65	0.897683
80	99	0.688431
80	103	1.24
80	116	0.561828
80	138	1.2427
80	145	0.850902
80	147	0.749189
80	155	0.846276
80	160	0.815018
80	166	0.751865
80	168	0.77485
80	169	0.773095
80	170	0.775771
80	175	0.762598
80	176	0.754694
80	177	0.769094
80	178	0.723792
80	179	0.750962
80	180	0.734949
81	1	0.803359
81	6	0.791634
81	7	0.710785
81	11	0.78401
81	22	0.702674
81	27	0.777705
81	42	0.743407
81	49	0.746315
81	64	0.70269
81	69	0.761417
81	73	0.695055
81	74	0.742451
81	86	0.708458
81	92	0.728356
81	126	0.741105
81	144	1.95538
81	149	0.710042
81	161	4.30233
81	165	0.751967
81	171	3.81051
81	174	1.7122
82	1	3.67631
82	75	0.781185
82	89	3.29039
82	112	0.767403
82	130	0.665701
82	132	0.683861
82	147	0.638557
82	156	0.657314
82	158	0.696198
82	161	0.643288
82	166	0.641233
82	168	0.664218
82	169	0.662463
82	170	0.665139
82	175	0.651967
82	176	0.644063
82	177	0.658462
82	178	0.61316
82	179	0.640331
82	180	0.624317
83	31	2.56598
83	39	2.54447
83	92	0.732039
83	128	3.01028
83	140	0.766827
83	144	0.740935
83	146	0.74185
83	148	0.755741
83	150	0.746468
83	156	0.680448
83	158	0.719332
83	161	0.666422
83	163	0.657747
83	166	0.664367
83	169	0.685597
83	170	0.688274
83	172	0.665022
83	175	0.675101
83	176	0.667197
83	178	0.636294
83	179	0.663465
83	180	0.647451
84	77	0.795069
84	85	0.805679
84	128	2.92251
84	129	0.74958
84	141	2.081
84	146	0.737572
84	152	0.664429
84	154	0.726199
84	159	1.47448
84	160	0.723243
84	161	0.662145
84	166	0.66009
84	167	0.67337
84	169	0.68132
84	170	0.683996
84	171	0.66183
84	172	0.660744
84	175	0.670824
84	176	0.66292
84	177	0.677319
84	179	0.659188
84	180	0.643174
85	84	0.805679
85	115	1.45556
85	116	0.553147
85	118	1.46846
85	125	0.83429
85	136	0.857537
85	140	0.849158
85	154	0.812808
85	156	0.762779
85	157	1.21805
85	163	0.740078
85	164	0.764235
85	168	0.769684
85	169	0.767929
85	170	0.770605
85	173	0.209766
85	175	0.757432
85	176	0.749528
85	177	0.763928
85	178	0.718626
85	179	0.745796
85	180	0.729783
86	1	0.791559
86	6	0.779834
86	7	0.698985
86	11	0.77221
86	22	0.690873
86	27	0.765905
86	42	0.731606
86	49	0.734515
86	64	0.690889
86	69	0.749617
86	73	0.683254
86	74	0.730651
86	81	0.708458
86	107	0.780289
86	114	1.62461
86	126	0.729305
86	127	0.725101
86	149	0.698242
86	158	2.92629
86	165	0.740167
86	174	3.1959
86	175	4.18912
87	67	0.757826
87	79	0.725843
87	90	0.747622
87	94	0.706132
87	96	0.740346
87	99	0.735802
87	106	0.757044
87	110	0.721066
87	113	0.743892
87	115	0.745751
87	116	0.747935
87	120	0.732332
87	122	0.726656
87	123	0.725413
87	130	2.63129
87	141	0.730751
87	154	0.963378
87	157	0.743988
87	164	2.65429
87	167	0.673151
87	173	0.746866
87	178	6.22012
88	18	0.764506
88	34	0.763567
88	89	0.744809
88	91	0.703811
88	93	0.734012
88	102	0.757351
88	118	0.726533
88	128	0.724585
88	129	2.75304
88	135	0.739737
88	138	0.724614
88	141	0.724012
88	142	0.75029
88	143	0.716372
88	148	2.22243
88	151	0.742662
88	155	2.08068
88	159	0.746893
88	165	0.744415
88	166	4.91339
88	171	0.654872
88	173	0.740127
89	23	0.784628
89	59	0.754405
89	72	0.770624
89	82	3.29039
89	88	0.744809
89	93	0.773666
89	103	0.792919
89	107	1.04043
89	118	0.766188
89	121	1.19586
89	128	0.76424
89	131	0.732933
89	135	0.779392
89	138	0.764269
89	142	0.789944
89	143	0.756027
89	144	1.19205
89	151	0.782317
89	159	0.786547
89	165	0.78407
89	171	0.694527
89	173	0.779781
89	178	6.08971
90	44	2.37026
90	55	0.756052
90	61	0.747415
90	63	0.744604
90	67	0.786814
90	68	2.56885
90	79	0.754832
90	87	0.747622
90	94	0.73512
90	99	0.76479
90	106	0.786033
90	110	0.750054
90	111	1.88338
90	113	0.772881
90	115	0.774739
90	116	0.776923
90	120	0.76132
90	122	0.755644
90	123	0.754402
90	140	1.89107
90	141	0.75974
90	167	0.702139
90	169	3.28684
90	173	0.775855
91	43	0.72915
91	48	0.736851
91	53	0.718922
91	70	0.705934
91	76	0.731829
91	88	0.703811
91	95	0.734738
91	97	0.729434
91	100	3.14963
91	102	0.756007
91	112	2.68382
91	114	2.94283
91	132	0.694416
91	137	0.72704
91	138	0.72327
91	141	0.722669
91	142	0.748946
91	143	0.715028
91	148	3.76312
91	151	0.741319
91	157	0.735905
91	161	0.653843
91	171	0.653528
91	173	0.738783
92	6	0.799732
92	41	1.29562
92	42	0.751504
92	43	2.69545
92	49	0.754413
92	51	2.77444
92	64	0.710787
92	73	0.703152
92	78	2.83449
92	81	0.728356
92	83	0.732039
92	98	0.77613
92	127	0.744999
92	147	0.666105
92	149	0.71814
92	155	0.763193
92	158	0.723746
92	165	0.760065
92	168	0.691767
92	169	0.690012
92	175	0.679515
92	177	0.686011
92	179	0.667879
92	180	0.651866
93	18	0.793363
93	47	0.635278
93	57	0.748297
93	59	0.743608
93	88	0.734012
93	89	0.773666
93	102	0.786208
93	103	0.782121
93	118	0.755391
93	128	0.753443
93	131	0.722136
93	137	0.757241
93	138	0.753471
93	142	0.779147
93	143	0.745229
93	151	0.771519
93	154	2.44836
93	155	1.67151
93	159	0.77575
93	162	2.38125
93	165	0.773273
93	171	0.683729
93	173	0.768984
93	180	5.71519
94	20	0.758421
94	50	0.715881
94	55	0.714562
94	61	0.705925
94	63	0.703114
94	87	0.706132
94	90	0.73512
94	96	0.727844
94	99	0.7233
94	110	0.708564
94	113	0.731391
94	115	0.733249
94	116	0.735433
94	120	0.71983
94	122	0.714154
94	123	0.712912
94	134	3.47705
94	135	0.733975
94	136	1.94991
94	157	0.731487
94	160	2.5999
94	166	4.78846
94	167	0.660649
94	173	0.734365
95	5	0.731135
95	8	0.812229
95	19	0.791038
95	26	0.730991
95	28	0.79278
95	32	0.787837
95	37	0.707867
95	41	0.77566
95	48	0.769122
95	53	0.751193
95	54	0.809045
95	70	0.738205
95	76	0.7641
95	91	0.734738
95	97	0.761705
95	124	1.22183
95	132	0.726687
95	139	0.763658
95	152	4.19538
95	156	3.24382
95	157	0.768176
95	161	0.686114
95	166	3.22407
95	177	2.41871
96	21	0.736401
96	55	0.748776
96	61	0.740139
96	63	0.737328
96	67	0.779539
96	75	1.61527
96	79	0.747556
96	87	0.740346
96	94	0.727844
96	99	0.757514
96	104	2.78796
96	106	0.778757
96	110	0.742778
96	113	0.765605
96	116	0.769647
96	120	0.754044
96	122	0.748368
96	123	0.747126
96	134	3.49346
96	135	0.768189
96	136	1.96632
96	141	0.752464
96	153	3.3255
96	167	0.694863
96	173	0.768579
97	2	1.66355
97	5	0.725832
97	19	0.785734
97	26	0.725688
97	28	0.787476
97	32	0.782533
97	37	0.702564
97	41	0.770356
97	43	0.756117
97	48	0.763819
97	53	0.745889
97	54	0.803741
97	65	2.1049
97	70	0.732901
97	76	0.758796
97	91	0.729434
97	95	0.761705
97	109	0.746611
97	112	2.2163
97	114	2.47532
97	132	0.721383
97	139	0.758354
97	157	0.762872
97	160	3.79801
97	161	0.68081
98	49	0.76064
98	53	2.64441
98	92	0.77613
98	100	0.822298
98	106	1.03482
98	110	1.7923
98	111	0.814241
98	134	0.760068
98	140	0.810918
98	148	0.799832
98	150	0.790559
98	152	0.712797
98	157	1.44556
98	158	0.763423
98	160	0.771612
98	162	0.796826
98	166	0.708458
98	169	0.729689
98	172	0.709113
98	175	0.719192
98	176	0.711288
98	177	0.725688
98	178	0.680385
98	179	0.707556
98	180	0.691543
99	50	0.745551
99	55	0.744232
99	67	0.774995
99	79	0.743012
99	80	0.688431
99	87	0.735802
99	90	0.76479
99	94	0.7233
99	96	0.757514
99	106	0.774213
99	110	0.738234
99	113	0.761061
99	115	0.762919
99	116	0.765104
99	120	0.7495
99	122	0.743824
99	123	0.742582
99	126	1.62352
99	135	0.763645
99	157	0.761157
99	167	0.690319
99	170	3.62287
99	173	0.764035
99	176	3.7463
99	177	3.52385
100	23	0.865387
100	76	1.99193
100	91	3.14963
100	98	0.822298
100	121	0.798084
100	133	0.776174
100	138	1.57903
100	139	0.854494
100	145	0.813987
100	149	0.764307
100	150	0.79705
100	153	0.764634
100	154	0.781059
100	160	0.778102
100	163	0.708329
100	164	0.732486
100	168	0.737934
100	169	0.736179
100	172	0.715604
100	175	0.725683
100	176	0.717779
100	177	0.732178
100	178	0.686876
100	179	0.714047
100	180	0.698033
101	58	2.24003
101	59	2.44084
101	66	2.31509
101	108	0.776981
101	113	2.17582
101	129	0.771479
101	130	0.706457
101	134	0.733598
101	140	0.784449
101	144	0.758557
101	146	0.759472
101	147	0.679313
101	152	0.686328
101	160	0.745142
101	164	0.699526
101	166	0.681989
101	168	0.704974
101	169	0.703219
101	170	0.705895
101	172	0.682643
101	175	0.692723
101	176	0.684819
101	177	0.699218
101	179	0.681087
101	180	0.665073
102	18	0.816702
102	23	0.797169
102	56	0.757876
102	59	0.766946
102	72	0.783165
102	88	0.757351
102	91	0.756007
102	93	0.786208
102	103	0.80546
102	128	0.776781
102	137	0.78058
102	138	0.77681
102	141	0.776208
102	142	0.802486
102	143	0.768568
102	145	0.992527
102	151	0.794858
102	152	4.53104
102	154	1.50386
102	159	0.799089
102	164	3.19478
102	165	0.796611
102	169	2.38108
102	170	2.85339
102	171	0.707068
102	173	0.792323
103	14	0.736751
103	23	0.793083
103	24	2.72202
103	34	0.811677
103	36	2.50874
103	46	1.31352
103	57	0.76755
103	58	0.762177
103	80	1.24
103	89	0.792919
103	93	0.782121
103	102	0.80546
103	108	1.42479
103	118	0.774643
103	124	0.818445
103	128	0.772695
103	137	0.776493
103	138	0.772723
103	142	0.798399
103	143	0.764481
103	151	0.790772
103	159	0.795002
103	160	2.69222
103	165	0.792525
103	171	0.702981
103	173	0.788236
104	45	0.688276
104	57	0.822927
104	68	0.765793
104	96	2.78796
104	117	0.792126
104	129	0.765616
104	131	0.716273
104	134	0.727736
104	137	2.02303
104	147	0.673451
104	148	0.767501
104	150	0.758227
104	152	0.680465
104	153	0.725811
104	155	0.770538
104	157	2.85059
104	162	0.764495
104	163	0.669506
104	168	0.699112
104	170	0.700033
104	172	0.676781
104	176	0.678956
104	178	0.648054
104	179	0.675224
104	180	0.659211
105	12	1.72862
105	34	2.62537
105	71	0.716343
105	130	0.703924
105	131	0.719603
105	134	0.731065
105	137	2.6688
105	144	0.756024
105	145	0.778494
105	147	0.67678
105	153	0.729141
105	155	0.773868
105	156	0.695537
105	160	0.742609
105	161	0.681511
105	163	0.672836
105	165	2.20754
105	166	0.679456
105	168	0.702441
105	169	0.700686
105	172	0.680111
105	175	0.69019
105	176	0.682286
105	177	0.696685
105	178	0.651383
105	179	0.678554
105	180	0.66254
106	17	0.736851
106	20	0.809334
106	61	0.756838
106	67	0.796237
106	75	1.26717
106	79	0.764255
106	87	0.757044
106	90	0.786033
106	96	0.778757
106	98	1.03482
106	99	0.774213
106	110	0.759477
106	113	0.782303
106	115	0.784162
106	116	0.786346
106	120	0.770743
106	122	0.765067
106	123	0.763824
106	129	2.29642
106	135	0.784888
106	141	0.769163
106	150	2.66743
106	156	4.47652
106	157	0.782399
106	162	2.33379
106	167	0.711562
106	173	0.785277
107	11	0.855841
107	13	1.38391
107	16	0.736417
107	73	0.766886
107	74	0.814282
107	78	2.31964
107	86	0.780289
107	89	1.04043
107	119	0.783565
107	126	0.812937
107	127	0.808732
107	139	1.56999
107	142	0.750492
107	149	0.781873
107	155	0.826927
107	163	0.725895
107	164	0.750052
107	165	0.823799
107	168	0.7555
107	169	0.753745
107	170	0.756422
107	172	0.73317
107	173	1.27027
107	176	0.735345
107	177	0.749744
107	179	0.731613
107	180	0.715599
108	62	2.20041
108	63	2.28887
108	101	0.776981
108	103	1.42479
108	112	0.822271
108	115	1.64903
108	118	1.66193
108	144	0.772669
108	145	0.795138
108	146	0.773583
108	148	0.787475
108	154	0.76221
108	156	0.712181
108	158	0.751065
108	162	0.784469
108	163	0.68948
108	164	0.713637
108	168	0.719086
108	169	0.717331
108	170	0.720007
108	172	0.696755
108	174	0.757452
108	175	0.706834
108	176	0.69893
108	178	0.668028
108	179	0.695198
108	180	0.679185
109	1	1.68826
109	18	2.83675
109	32	0.772742
109	37	0.692773
109	43	0.746327
109	53	0.736099
109	70	0.72311
109	76	0.749005
109	97	0.746611
109	132	0.711592
109	134	0.720574
109	137	2.45345
109	139	0.748564
109	152	0.673304
109	156	0.685045
109	157	0.753082
109	161	0.67102
109	163	0.662344
109	164	0.686502
109	166	0.668965
109	169	0.690195
109	170	0.692871
109	172	0.669619
109	173	2.27273
109	175	0.679698
109	179	0.668062
109	180	0.652049
110	2	0.891236
110	21	0.717121
110	38	0.69398
110	50	0.730815
110	52	0.731799
110	55	0.729496
110	61	0.720859
110	63	0.718048
110	87	0.721066
110	90	0.750054
110	94	0.708564
110	96	0.742778
110	98	1.7923
110	99	0.738234
110	106	0.759477
110	111	2.63214
110	113	0.746325
110	115	0.748183
110	116	0.750367
110	120	0.734764
110	122	0.729088
110	123	0.727846
110	131	3.61667
110	141	0.733184
110	157	0.746421
110	167	0.675583
110	173	0.749298
110	176	4.63134
111	45	0.719042
111	90	1.88338
111	98	0.814241
111	110	2.63214
111	132	0.749519
111	133	0.768117
111	135	1.80565
111	136	0.81773
111	140	0.809351
111	141	1.40164
111	151	0.676678
111	152	0.711231
111	153	0.756577
111	155	0.801304
111	163	0.700272
111	164	0.724429
111	166	0.706892
111	168	0.729877
111	169	0.728122
111	170	0.730798
111	171	0.708632
111	172	0.707546
111	175	0.717625
111	177	0.724121
111	178	0.678819
111	179	0.70599
111	180	0.689976
112	9	2.61211
112	74	0.840293
112	82	0.767403
112	91	2.68382
112	97	2.2163
112	108	0.822271
112	133	0.788504
112	134	0.778889
112	135	0.617496
112	136	0.838118
112	148	0.818653
112	152	0.731618
112	153	0.776964
112	154	0.793389
112	156	0.74336
112	157	1.09724
112	158	0.782244
112	163	0.720659
112	166	0.727279
112	168	0.750265
112	169	0.74851
112	170	0.751186
112	171	0.729019
112	172	0.727934
112	175	0.738013
112	176	0.730109
112	178	0.699206
112	179	0.726377
112	180	0.710364
113	20	0.796182
113	38	0.716806
113	50	0.753641
113	55	0.752323
113	61	0.743686
113	67	0.783085
113	79	0.751102
113	87	0.743892
113	90	0.772881
113	94	0.731391
113	96	0.765605
113	99	0.761061
113	101	2.17582
113	106	0.782303
113	110	0.746325
113	115	0.77101
113	116	0.773194
113	120	0.757591
113	121	2.63003
113	122	0.751915
113	123	0.750672
113	131	2.72542
113	135	0.771735
113	141	0.756011
113	155	1.49028
113	162	2.20001
113	167	0.69841
113	171	4.48134
113	173	0.772125
114	8	1.00695
114	45	0.735935
114	47	0.848144
114	62	2.14515
114	86	1.62461
114	91	2.94283
114	97	2.47532
114	119	0.774835
114	121	0.80692
114	125	0.811376
114	129	0.813274
114	131	0.763931
114	143	0.583418
114	145	0.822822
114	146	0.801267
114	147	0.721109
114	152	0.728124
114	153	0.77347
114	163	0.717164
114	164	0.741322
114	168	0.74677
114	169	0.745015
114	172	0.724439
114	175	0.734518
114	176	0.726615
114	177	0.741014
114	178	0.695712
114	179	0.722883
114	180	0.706869
115	21	0.741806
115	38	0.718665
115	50	0.7555
115	52	0.756484
115	55	0.754181
115	67	0.784944
115	79	0.752961
115	85	1.45556
115	87	0.745751
115	90	0.774739
115	94	0.733249
115	99	0.762919
115	106	0.784162
115	108	1.64903
115	110	0.748183
115	113	0.77101
115	116	0.775052
115	120	0.759449
115	121	3.41205
115	122	0.753773
115	123	0.752531
115	135	0.773594
115	141	0.757869
115	155	2.2723
115	157	0.771106
115	160	2.91646
115	167	0.700268
115	173	0.773984
115	174	3.16506
116	17	0.727742
116	38	0.720849
116	50	0.757684
116	52	0.758668
116	55	0.756365
116	63	0.744917
116	79	0.755145
116	80	0.561828
116	85	0.553147
116	87	0.747935
116	90	0.776923
116	94	0.735433
116	96	0.769647
116	99	0.765104
116	106	0.786346
116	110	0.750367
116	113	0.773194
116	115	0.775052
116	120	0.761633
116	122	0.755957
116	123	0.754715
116	126	1.49692
116	135	0.775778
116	153	2.72324
116	157	0.77329
116	167	0.702452
116	173	0.776168
116	179	4.0346
116	180	5.41357
117	6	1.00045
117	11	3.12045
117	12	0.895378
117	39	2.15507
117	51	2.64416
117	104	0.792126
117	125	0.8047
117	133	0.778334
117	148	0.808483
117	150	0.799209
117	153	0.766794
117	154	0.783218
117	155	0.811521
117	156	0.73319
117	158	0.772074
117	163	0.710488
117	165	1.37429
117	166	0.717109
117	168	0.740094
117	169	0.738339
117	170	0.741015
117	171	0.718849
117	172	0.717763
117	174	0.77846
117	175	0.727842
117	176	0.719939
117	177	0.734338
117	178	0.689036
117	179	0.716207
117	180	0.700193
118	31	0.785139
118	34	0.784946
118	38	0.706187
118	44	0.722446
118	58	0.735446
118	59	0.736129
118	72	0.752348
118	85	1.46846
118	88	0.726533
118	89	0.766188
118	93	0.755391
118	103	0.774643
118	108	1.66193
118	124	0.791715
118	128	0.745964
118	129	2.95756
118	131	0.714657
118	135	0.761116
118	137	0.749763
118	138	0.745993
118	142	0.771669
118	143	0.737751
118	149	3.28683
118	151	0.764041
118	158	2.90835
118	159	0.768272
118	160	2.92936
118	165	0.765794
118	171	0.676251
118	173	0.761506
119	16	0.656061
119	50	2.53841
119	68	0.741826
119	73	2.86744
119	74	3.27807
119	107	0.783565
119	114	0.774835
119	121	0.735294
119	136	0.762997
119	146	0.729642
119	147	0.649483
119	148	0.743533
119	150	0.73426
119	153	0.701844
119	154	0.718269
119	163	0.645539
119	164	0.669696
119	166	0.652159
119	167	0.665439
119	168	0.675144
119	169	0.673389
119	170	0.676066
119	173	2.52674
119	174	0.713511
119	175	0.662893
119	176	0.654989
119	177	0.669388
119	178	0.624086
119	179	0.651257
119	180	0.635243
120	17	0.712138
120	50	0.742081
120	52	0.743065
120	55	0.740762
120	61	0.732125
120	63	0.729314
120	67	0.771525
120	79	0.739542
120	87	0.732332
120	90	0.76132
120	94	0.71983
120	96	0.754044
120	99	0.7495
120	106	0.770743
120	110	0.734764
120	113	0.757591
120	115	0.759449
120	116	0.761633
120	122	0.740354
120	123	0.739112
120	125	1.72544
120	135	0.760175
120	141	0.74445
120	146	1.88827
120	149	2.38764
120	155	1.38602
120	156	4.23849
120	157	0.757687
120	163	5.67612
120	167	0.686849
120	173	0.760565
121	30	2.98913
121	64	2.17293
121	89	1.19586
121	100	0.798084
121	113	2.63003
121	114	0.80692
121	115	3.41205
121	119	0.735294
121	129	0.773734
121	130	0.708712
121	148	0.775618
121	149	0.733603
121	150	0.766345
121	152	0.688583
121	153	0.733929
121	156	0.700325
121	160	0.747398
121	161	0.686299
121	163	0.677624
121	166	0.684244
121	168	0.70723
121	169	0.705474
121	170	0.708151
121	171	0.685984
121	172	0.684899
121	175	0.694978
121	176	0.687074
121	177	0.701474
121	178	0.656171
121	179	0.683342
121	180	0.667328
122	17	0.706462
122	20	0.778945
122	21	0.722711
122	50	0.736405
122	52	0.737389
122	55	0.735086
122	61	0.726449
122	63	0.723638
122	79	0.733866
122	87	0.726656
122	90	0.755644
122	94	0.714154
122	96	0.748368
122	99	0.743824
122	106	0.765067
122	110	0.729088
122	113	0.751915
122	115	0.753773
122	116	0.755957
122	120	0.740354
122	123	0.733436
122	134	3.39371
122	135	0.754499
122	136	1.86657
122	141	0.738774
122	145	2.13792
122	157	0.752011
122	160	2.51656
122	167	0.681173
122	173	0.754889
122	175	3.75839
122	177	3.89976
123	17	0.70522
123	20	0.777703
123	21	0.721469
123	50	0.735162
123	52	0.736146
123	61	0.725207
123	63	0.722395
123	67	0.764606
123	79	0.732623
123	87	0.725413
123	90	0.754402
123	94	0.712912
123	96	0.747126
123	99	0.742582
123	106	0.763824
123	110	0.727846
123	113	0.750672
123	115	0.752531
123	116	0.754715
123	120	0.739112
123	122	0.733436
123	126	2.45207
123	135	0.753256
123	140	2.58334
123	141	0.737531
123	144	3.46098
123	146	2.8273
123	149	3.32667
123	154	3.1019
123	157	0.750768
123	167	0.679931
123	173	0.753646
124	7	3.23608
124	12	0.844539
124	20	2.02504
124	29	1.21107
124	43	1.20331
124	53	2.50011
124	56	0.770861
124	58	0.779248
124	95	1.22183
124	103	0.818445
124	118	0.791715
124	127	0.618196
124	137	0.793565
124	138	0.789795
124	139	0.797912
124	141	0.789193
124	142	0.815471
124	145	0.817351
124	151	0.807843
124	152	0.722652
124	153	0.767998
124	158	0.773278
124	164	0.73585
124	169	0.739543
124	170	0.74222
124	173	0.805308
124	175	0.729047
124	176	0.721143
124	177	0.735542
124	178	0.69024
124	179	0.717411
124	180	0.701397
125	51	2.35525
125	71	0.725587
125	76	2.80309
125	85	0.83429
125	114	0.811376
125	117	0.8047
125	120	1.72544
125	131	0.728847
125	140	0.79116
125	141	1.49045
125	144	0.765268
125	146	0.766183
125	147	0.686025
125	148	0.780075
125	149	0.738059
125	153	0.738385
125	154	0.75481
125	156	0.704781
125	158	0.743665
125	161	0.690755
125	162	0.777069
125	165	1.08538
125	166	0.688701
125	168	0.711686
125	169	0.709931
125	172	0.689355
125	173	1.36593
125	174	0.750052
125	175	0.699434
125	176	0.69153
125	178	0.660628
125	179	0.687798
125	180	0.671785
126	6	0.812481
126	9	3.67669
126	16	0.685432
126	22	0.72352
126	27	0.798552
126	42	0.764253
126	44	0.729466
126	49	0.767162
126	64	0.723537
126	69	0.782264
126	70	2.09356
126	73	0.715902
126	81	0.741105
126	86	0.729305
126	99	1.62352
126	107	0.812937
126	116	1.49692
126	123	2.45207
126	136	0.792369
126	139	1.45326
126	140	0.78399
126	163	0.67491
126	164	0.699068
126	165	0.772814
126	166	0.681531
126	167	0.69481
126	170	0.705437
126	172	0.682185
126	174	0.742882
126	176	0.684361
126	177	0.69876
126	178	0.653458
126	179	0.680628
126	180	0.664615
127	1	0.820002
127	10	0.721386
127	11	0.800653
127	13	0.799411
127	22	0.719316
127	25	0.703031
127	29	0.788394
127	30	0.77707
127	35	0.763723
127	39	0.75675
127	42	0.760049
127	44	2.08922
127	60	0.736248
127	62	0.718369
127	64	0.719332
127	66	0.770419
127	69	0.77806
127	73	0.711698
127	74	0.759094
127	78	0.746772
127	86	0.725101
127	92	0.744999
127	107	0.808732
127	124	0.618196
127	131	2.58687
127	149	0.726685
127	150	2.3951
127	159	0.771087
127	162	0.765695
127	165	0.76861
127	168	3.28424
127	174	0.738678
127	175	3.23771
127	177	3.37908
128	12	0.798789
128	14	0.708073
128	15	0.859383
128	23	0.764404
128	31	0.783191
128	33	0.707062
128	34	0.782998
128	44	0.720498
128	47	0.956316
128	58	0.733498
128	65	0.943592
128	69	0.773296
128	72	0.7504
128	83	3.01028
128	84	2.92251
128	88	0.724585
128	89	0.76424
128	93	0.753443
128	102	0.776781
128	103	0.772695
128	118	0.745964
128	131	0.712709
128	135	0.759168
128	137	0.747815
128	138	0.744045
128	141	0.743443
128	142	0.769721
128	143	0.735803
128	151	0.762093
128	158	2.6157
128	159	0.766324
128	165	0.763846
128	171	0.674303
128	173	0.759558
128	176	4.24235
129	22	0.869244
129	75	0.830551
129	84	0.74958
129	88	2.75304
129	101	0.771479
129	104	0.765616
129	106	2.29642
129	114	0.813274
129	118	2.95756
129	121	0.773734
129	133	0.751824
129	134	0.742208
129	137	1.87959
129	144	0.767167
129	145	0.789636
129	147	0.687923
129	150	0.772699
129	152	0.694938
129	156	0.70668
129	158	0.745564
129	159	1.21688
129	163	0.683978
129	166	0.690599
129	167	0.703878
129	168	0.713584
129	169	0.711829
129	170	0.714505
129	172	0.691253
129	175	0.701332
129	176	0.693429
129	177	0.707828
129	178	0.662526
129	179	0.689697
129	180	0.673683
130	2	0.809367
130	17	4.23734
130	27	2.74202
130	29	4.38936
130	68	0.715243
130	77	0.760556
130	82	0.665701
130	87	2.63129
130	101	0.706457
130	105	0.703924
130	121	0.708712
130	132	0.668204
130	136	0.736415
130	140	0.728036
130	144	0.702145
130	145	0.724615
130	148	0.716951
130	153	0.675262
130	154	0.691686
130	155	0.719989
130	158	0.680542
130	160	0.68873
130	163	0.618956
130	164	0.643114
130	168	0.648562
130	169	0.646807
130	170	0.649483
130	171	0.627317
130	172	0.626231
130	175	0.63631
130	176	0.628407
130	177	0.642806
130	178	0.597504
130	179	0.624675
130	180	0.608661
131	19	3.19772
131	50	2.27332
