1	102	0.826252
1	114	0.837465
1	126	1.08105
1	140	0.821185
1	148	1.07575
1	149	1.00559
1	153	0.659813
1	157	1.08783
1	168	1.04262
1	169	0.945483
1	177	0.963087
1	178	0.699058
2	20	0.893852
2	34	1.09273
2	66	1.04075
2	91	0.70998
2	94	1.10419
2	96	0.639563
2	118	1.05363
2	131	0.999503
2	147	1.02865
2	167	0.809838
2	171	0.769641
2	176	0.879085
3	58	1.16757
3	110	0.979754
3	120	1.08281
3	132	1.01941
3	134	0.916256
3	148	1.13239
3	152	1.0533
3	164	1.10827
3	171	1.0378
3	177	1.36695
3	178	1.04854
3	179	1.04189
4	65	0.979929
4	70	0.955118
4	114	1.13144
4	141	1.00245
4	152	0.939495
4	154	0.946455
4	156	0.959323
4	167	0.977008
4	170	0.874241
4	176	0.805884
4	177	0.849406
4	180	0.808967
5	37	1.07466
5	40	0.672962
5	64	0.893735
5	67	1.02374
5	84	1.18679
5	123	0.892163
5	153	0.689783
5	160	1.04083
5	170	0.98738
5	173	0.707862
5	177	0.962544
5	180	0.922105
6	49	0.908153
6	70	1.33757
6	100	0.846093
6	112	1.37795
6	115	0.888126
6	140	0.890781
6	146	1.33974
6	154	1.51659
6	155	0.946672
6	167	0.893821
6	178	0.917169
6	179	0.910516
7	16	1.0436
7	27	1.16333
7	74	1.03444
7	79	1.0244
7	83	1.06292
7	90	1.20261
7	101	0.883243
7	135	1.35459
7	143	1.03355
7	166	0.836523
7	170	1.04172
7	172	1.32189
8	34	1.07378
8	63	1.02584
8	66	1.02179
8	84	0.87281
8	98	0.969851
8	105	1.06357
8	133	1.17931
8	143	1.00777
8	153	1.03439
8	160	1.14529
8	168	1.1451
8	175	1.4265
9	72	0.965843
9	101	1.00218
9	105	1.10624
9	118	1.07734
9	130	1.036
9	145	0.954048
9	147	1.05236
9	149	1.05542
9	158	1.08611
9	159	0.875197
9	163	0.98349
9	166	1.78747
10	17	0.775383
10	52	0.723793
10	61	1.18725
10	64	0.894634
10	87	0.719842
10	138	1.09576
10	166	0.912887
10	168	1.08532
10	175	0.99037
10	176	0.962271
10	178	0.729928
10	180	0.965354
11	53	1.07645
11	93	1.04934
11	111	1.28229
11	118	1.0591
11	129	0.831534
11	139	1.08543
11	147	1.03412
11	158	1.06786
11	161	1.11261
11	162	0.921112
11	170	1.17222
11	175	1.28044
12	29	0.800491
12	72	0.961892
12	86	1.00397
12	93	1.06363
12	98	1.00856
12	130	1.03205
12	142	1.29597
12	147	1.04841
12	151	1.06087
12	158	1.08216
12	164	1.02788
12	180	1.5788
13	52	1.00419
13	85	0.915011
13	130	1.0414
13	131	0.947117
13	148	0.982886
13	158	0.973259
13	168	0.949753
13	169	0.852617
13	175	0.854798
13	177	0.870221
13	178	1.01032
13	180	0.829782
14	17	1.47239
14	41	0.768626
14	45	1.42782
14	58	0.787013
14	63	0.848701
14	76	0.845176
14	96	0.932157
14	115	1.32999
14	149	0.769013
14	153	0.857245
14	175	0.711089
14	180	0.686073
15	22	0.769873
15	55	1.05987
15	73	0.767029
15	78	0.625574
15	118	0.795759
15	125	1.08268
15	141	1.15705
15	172	0.959161
15	174	0.949038
15	175	0.988585
15	177	1.00401
15	178	0.837875
16	7	1.0436
16	35	0.937765
16	79	0.999531
16	126	0.894033
16	136	0.980203
16	143	1.00868
16	145	0.984129
16	153	1.03529
16	159	1.78194
16	161	1.18391
16	163	1.06635
16	166	0.811654
16	170	1.24351
17	10	0.775383
17	14	1.47239
17	108	1.02552
17	150	0.963642
17	155	1.02811
17	166	0.786698
17	167	0.975257
17	168	1.11469
17	171	0.987859
17	173	1.00612
17	176	1.45428
17	178	0.998605
17	179	0.991952
18	112	0.973241
18	113	1.11083
18	123	1.24987
18	149	0.895697
18	152	1.03321
18	168	0.932728
18	169	0.835592
18	170	0.878031
18	171	1.03052
18	172	0.808349
18	176	0.809674
18	177	0.853195
18	180	0.812757
19	108	1.13793
19	110	0.888981
19	117	0.886365
19	138	1.06942
19	146	0.932695
19	155	1.14051
19	164	1.0175
19	167	1.08766
19	171	1.10027
19	173	1.11853
19	174	1.55833
19	178	1.11101
19	179	1.10436
20	2	0.893852
20	108	1.01396
20	114	0.944945
20	115	0.957996
20	140	0.960651
20	149	1.20516
20	167	0.963691
20	168	1.13723
20	173	0.994558
20	175	1.41863
20	177	1.31926
20	178	0.987039
20	179	0.980386
21	30	1.11794
21	95	0.892656
21	122	0.700665
21	125	0.925499
21	157	0.971574
21	158	1.10283
21	162	0.956527
21	163	0.919976
21	167	1.12387
21	171	1.08367
21	172	0.801984
21	175	0.831408
21	176	0.803309
22	15	0.769873
22	25	0.953786
22	92	0.960451
22	106	0.961597
22	155	1.01537
22	156	0.924986
22	167	0.962521
22	169	1.35295
22	171	0.975123
22	172	1.45457
22	173	0.993388
22	179	0.979216
22	180	1.47551
23	104	1.00544
23	108	1.01879
23	120	1.02614
23	152	0.99663
23	159	0.801749
23	165	1.25545
23	168	1.12532
23	171	0.981125
23	173	0.99939
23	176	1.46491
23	177	1.30735
23	178	0.991871
23	179	0.985218
24	40	1.07293
24	78	0.982662
24	83	1.02809
24	91	1.00985
24	129	2.07954
24	136	0.970237
24	150	0.833242
24	153	1.02533
24	156	0.908042
24	157	0.908966
24	165	0.911719
24	166	0.801688
24	174	1.44848
25	22	0.953786
25	61	0.856004
25	101	1.1101
25	113	0.949913
25	123	0.967846
25	132	0.967179
25	167	0.972962
25	173	1.00383
25	175	1.37681
25	177	1.27744
25	178	0.99631
25	179	0.989657
25	180	1.56969
26	92	1.10443
26	113	1.08345
26	121	0.905189
26	125	1.03568
26	131	0.920219
26	144	1.13473
26	160	1.00501
26	165	1.13495
26	167	1.1065
26	169	1.35654
26	171	1.1191
26	178	1.12985
26	179	1.1232
27	7	1.16333
27	32	1.22481
27	38	1.08559
27	42	0.859387
27	74	1.1293
27	77	1.10679
27	112	0.765057
27	136	1.09994
27	143	1.12841
27	148	0.835771
27	153	1.15502
27	159	1.59989
27	165	1.04142
28	101	1.26313
28	106	0.953115
28	120	1.01166
28	144	0.98227
28	145	1.215
28	146	1.08699
28	161	1.362
28	167	0.95404
28	168	1.24844
28	171	0.966642
28	173	0.984907
28	178	0.977388
28	179	0.970735
29	12	0.800491
29	45	0.766092
29	65	0.752102
29	78	1.06513
29	88	0.808709
29	93	0.841954
29	105	0.662108
29	143	1.08118
29	148	1.08973
29	171	1.08532
29	175	0.961639
29	176	0.933541
29	178	1.09606
29	179	1.08941
30	21	1.11794
30	42	1.01837
30	86	1.02924
30	94	0.741599
30	105	1.12755
30	130	1.05732
30	139	1.125
30	141	0.843138
30	147	1.07368
30	151	1.00363
30	158	1.10743
30	159	0.896516
30	165	0.984762
30	166	1.84727
31	41	0.766214
31	72	0.721509
31	86	0.736491
31	92	0.778607
31	98	0.726186
31	141	1.18029
31	144	0.683204
31	149	1.06975
31	161	1.06668
31	164	1.15937
31	172	0.982398
31	174	0.972275
31	176	0.983723
31	180	0.986806
32	27	1.22481
32	78	1.19345
32	96	1.21946
32	103	0.862995
32	139	0.914137
32	142	0.759833
32	149	0.799278
32	150	0.922998
32	153	1.36651
32	165	0.773903
32	173	0.883298
32	175	0.741354
32	178	0.875779
32	179	0.869126
33	114	0.864394
33	124	0.709564
33	127	0.772549
33	163	1.10196
33	164	1.16094
33	168	1.10835
33	169	1.01121
33	171	0.669768
33	173	0.70482
33	175	1.01339
33	176	0.985293
33	177	1.02882
33	178	0.725986
33	180	0.988377
34	2	1.09273
34	8	1.07378
34	39	0.986651
34	41	1.00263
34	44	1.40848
34	48	0.944262
34	63	1.0827
34	66	1.07865
34	76	1.07918
34	84	0.902393
34	88	1.00705
34	146	1.01324
34	151	1.13103
34	177	1.35672
35	16	0.937765
35	74	0.928602
35	78	0.911664
35	79	0.918567
35	87	0.986859
35	91	0.938849
35	135	1.49097
35	136	0.899239
35	143	0.927712
35	153	0.954327
35	168	1.00492
35	172	1.45826
35	175	1.28632
35	176	1.34451
36	87	0.767771
36	91	0.661977
36	99	0.994946
36	118	0.735741
36	133	1.09109
36	137	0.782192
36	139	0.747155
36	152	0.724323
36	157	1.17037
36	160	1.12391
36	172	1.00078
36	174	0.990655
36	175	1.0302
36	176	1.0021
37	5	1.07466
37	70	1.00822
37	74	0.758046
37	114	1.09189
37	153	0.914238
37	163	0.975652
37	168	0.982039
37	174	0.847537
37	175	0.887084
37	176	0.858985
37	177	0.902506
37	178	0.953483
37	179	0.920123
37	180	0.862068
38	27	1.08559
38	40	1.03003
38	55	0.600486
38	82	1.56089
38	83	0.985181
38	111	0.808419
38	122	2.57024
38	135	1.1918
38	136	0.927333
38	143	0.955806
38	153	0.982421
38	165	0.868814
38	166	0.758783
38	168	0.705758
39	34	0.986651
39	55	0.872385
39	63	0.938716
39	76	0.935191
39	81	1.07281
39	88	0.86306
39	104	0.903622
39	122	2.6039
39	126	0.934492
39	135	1.22546
39	145	0.896096
39	146	0.577968
39	157	0.664092
39	166	1.53941
40	5	0.672962
40	24	1.07293
40	38	1.03003
40	44	1.24696
40	60	1.13213
40	74	1.07374
40	89	0.794691
40	136	1.04437
40	143	1.07285
40	153	1.09946
40	159	1.72476
40	164	0.936527
40	166	0.875824
40	170	1.18634
41	14	0.768626
41	31	0.766214
41	34	1.00263
41	88	0.879036
41	139	0.989864
41	144	0.956388
41	147	0.938551
41	158	0.972293
41	163	1.2171
41	164	1.14445
41	174	1.68528
41	176	1.56068
41	178	0.951505
41	179	0.944852
42	27	0.859387
42	30	1.01837
42	51	0.946805
42	53	0.932867
42	94	1.07922
42	102	1.16752
42	154	0.994687
42	163	0.970783
42	170	0.922474
42	172	0.852791
42	175	0.882215
42	176	0.854116
42	177	0.897638
42	178	1.04033
43	92	1.06374
43	115	1.06011
43	123	1.06069
43	127	1.07381
43	128	0.969192
43	141	0.918297
43	145	1.089
43	154	1.13784
43	164	1.0458
43	166	0.87725
43	173	1.09668
43	178	1.08916
43	179	1.0825
43	180	1.59672
44	34	1.40848
44	40	1.24696
44	56	0.825944
44	87	1.29294
44	99	0.717532
44	111	0.724941
44	125	0.846879
44	138	0.858182
44	152	0.891971
44	153	1.26378
44	154	0.865259
44	158	0.908
44	178	0.887212
44	179	0.880559
45	14	1.42782
45	29	0.766092
45	47	1.0361
45	85	0.999787
45	97	1.12776
45	98	1.02119
45	105	1.11492
45	125	1.10098
45	130	1.04468
45	139	1.11236
45	148	1.0176
45	151	1.02647
45	158	1.09479
45	159	0.883877
46	58	1.10611
46	114	0.991175
46	116	1.01875
46	121	1.02382
46	122	0.768101
46	133	1.15766
46	152	1.03803
46	155	1.06277
46	165	1.25359
46	170	1.29663
46	171	1.02252
46	173	1.04079
46	177	1.30549
46	178	1.03327
46	179	1.02662
47	45	1.0361
47	117	1.0322
47	140	1.15734
47	146	0.97069
47	151	0.946574
47	152	0.981677
47	154	0.935353
47	156	0.948222
47	160	0.91659
47	165	0.855431
47	167	1.01919
47	169	0.820701
47	172	0.793458
47	174	0.783335
47	178	1.03521
48	34	0.944262
48	82	0.909075
48	89	1.15868
48	95	1.04591
48	105	0.735718
48	116	0.996848
48	127	0.885375
48	142	1.00314
48	143	0.68313
48	163	1.07323
48	166	0.907183
48	171	0.782593
48	174	0.945119
48	177	1.00009
48	180	0.95965
49	6	0.908153
49	59	1.23561
49	113	0.97298
49	132	0.990246
49	138	1.12671
49	141	0.94729
49	144	1.02426
49	155	1.04888
49	157	1.07611
49	165	1.28156
49	167	0.99603
49	173	1.0269
49	176	1.49102
49	178	1.01938
49	179	1.01272
50	117	1.05219
50	118	0.981703
50	129	0.761751
50	148	0.970957
50	155	1.02915
50	161	0.897728
50	162	0.967988
50	164	0.990421
50	167	1.0078
50	169	0.840688
50	175	0.842869
50	177	0.858292
50	178	1.02382
50	179	0.990458
50	180	0.817853
51	42	0.946805
51	59	0.891022
51	82	0.748543
51	103	1.11237
51	110	1.01106
51	112	0.959602
51	117	1.03345
51	137	0.998485
51	138	0.929529
51	169	0.821953
51	170	0.864392
51	173	0.972982
51	176	0.796035
51	178	0.994149
51	179	0.960789
52	10	0.723793
52	13	1.00419
52	65	1.04454
52	86	0.972655
52	98	0.977245
52	103	1.01727
52	118	1.04207
52	128	0.909853
52	130	1.00073
52	134	1.35825
52	135	0.880583
52	147	1.0171
52	158	1.05084
52	177	1.24513
52	180	1.53738
53	11	1.07645
53	42	0.932867
53	86	1.00037
53	103	1.04498
53	112	0.838537
53	118	1.06979
53	122	0.792601
53	130	1.02845
53	147	1.04481
53	156	0.885525
53	158	1.07856
53	159	0.867646
53	166	1.76176
53	169	1.31349
53	175	1.24317
54	62	1.00533
54	116	0.962311
54	117	1.03359
54	127	0.961483
54	135	0.827368
54	137	0.95333
54	150	1.09032
54	151	1.19772
54	152	0.981593
54	155	1.00634
54	167	0.953486
54	168	1.24137
54	170	1.41454
54	176	1.58096
54	178	0.976834
54	179	0.970181
55	15	1.05987
55	38	0.600486
55	39	0.872385
55	56	1.02969
55	76	0.964911
55	91	0.848083
55	98	1.07579
55	113	0.918852
55	126	0.964212
55	128	0.998645
55	139	0.933261
55	158	0.926901
55	162	0.955944
55	167	0.941902
55	178	0.965249
55	179	0.958596
56	44	0.825944
56	55	1.02969
56	93	0.969388
56	97	1.02089
56	103	0.954341
56	118	0.979144
56	126	0.966088
56	130	0.937805
56	139	1.00548
56	142	1.32641
56	146	0.973515
56	147	0.954171
56	158	0.987913
56	163	1.13097
56	172	1.5883
56	177	1.317
57	102	1.00742
57	119	0.959159
57	126	0.895423
57	127	1.06737
57	140	1.05633
57	141	0.867589
57	145	1.0383
57	150	0.920683
57	152	1.08748
57	167	1.05937
57	171	1.07197
57	172	1.52507
57	173	1.09024
57	178	1.08272
57	179	1.07607
57	180	1.54601
58	3	1.16757
58	14	0.787013
58	46	1.10611
58	59	0.902355
58	100	1.34738
58	114	1.1903
58	133	0.896353
58	138	0.940862
58	145	0.930459
58	162	0.960586
58	165	0.868016
58	169	0.833286
58	170	0.875726
58	174	0.795921
58	179	1.01853
58	180	0.810451
59	49	1.23561
59	51	0.891022
59	58	0.902355
59	95	0.887679
59	108	1.1773
59	117	1.03575
59	118	1.1113
59	143	0.997732
59	151	0.950124
59	152	1.09988
59	165	0.85898
59	169	0.824251
59	170	0.86669
59	172	0.797008
59	174	0.786885
59	180	0.801416
60	40	1.13213
60	73	1.0907
60	77	1.11904
60	83	1.08728
60	87	1.11705
60	90	1.2346
60	129	1.99579
60	136	1.02943
60	143	1.0579
60	145	1.03336
60	153	1.08452
60	157	0.825216
60	160	0.900729
60	163	0.896547
60	164	0.823899
60	165	0.970913
61	10	1.18725
61	25	0.856004
61	94	1.15344
61	105	0.726737
61	113	0.853923
61	123	0.992966
61	133	1.01731
61	136	0.600793
61	137	0.834167
61	147	0.760554
61	164	1.10398
61	169	0.954247
61	170	0.996687
61	172	0.927004
61	175	0.956428
61	177	0.971851
61	180	0.931412
62	54	1.00533
62	64	1.05374
62	95	1.08087
62	114	1.0148
62	133	1.12575
62	140	1.03051
62	146	0.930094
62	149	1.15947
62	164	1.0149
62	166	0.844986
62	167	1.03355
62	171	1.04615
62	173	1.06441
62	177	1.27358
62	178	1.05689
62	179	1.05024
62	180	1.56582
63	8	1.02584
63	14	0.848701
63	34	1.0827
63	39	0.938716
63	66	1.03072
63	76	1.03124
63	81	1.16886
63	88	0.95911
63	97	1.08534
63	121	0.894444
63	125	1.02493
63	126	1.03054
63	134	1.28923
63	142	1.18552
63	149	1.06201
63	159	1.70567
63	160	0.994267
64	5	0.893735
64	10	0.894634
64	62	1.05374
64	75	1.03771
64	85	1.24063
64	115	0.996199
64	123	0.996777
64	126	1.05763
64	127	1.00989
64	131	1.14934
64	144	1.03012
64	156	1.15769
64	165	1.36407
64	167	1.00189
64	173	1.03276
64	178	1.02524
64	179	1.01859
65	4	0.979929
65	29	0.752102
65	52	1.04454
65	86	0.985492
65	103	1.0301
65	104	0.936256
65	105	1.0838
65	110	0.850973
65	126	1.04185
65	129	0.827343
65	130	1.01357
65	139	1.08124
65	147	1.02993
65	158	1.06367
65	166	1.85613
65	168	1.05613
65	175	1.33754
66	2	1.04075
66	8	1.02179
66	34	1.07865
66	63	1.03072
66	76	1.02719
66	77	1.1246
66	85	0.953319
66	88	0.955061
66	97	1.08129
66	101	0.920794
66	126	1.02649
66	135	1.39215
66	145	0.988098
66	148	0.853578
66	157	0.830776
66	166	1.70609
66	180	1.38038
67	5	1.02374
67	87	0.910421
67	110	1.02309
67	119	0.958455
67	124	0.904084
67	132	1.0228
67	138	0.941556
67	140	1.04263
67	148	0.964249
67	153	0.881261
67	162	0.96128
67	164	0.983713
67	168	0.931116
67	174	0.796614
67	176	0.808062
67	179	0.887146
67	180	0.811145
68	71	0.852392
68	88	0.836612
68	101	1.05871
68	125	1.04623
68	128	1.11996
68	138	1.05754
68	139	0.762403
68	143	0.637423
68	144	0.861949
68	149	1.01006
68	164	1.09969
68	170	0.992399
68	171	0.736886
68	176	0.924041
68	177	0.967563
68	179	0.759744
68	180	0.927124
69	92	0.92587
69	108	0.785506
69	120	0.766385
69	142	0.995578
69	146	1.12491
69	160	1.07081
69	161	1.03196
69	162	1.10222
69	167	0.745601
69	170	1.01736
69	173	0.740455
69	174	0.937553
69	175	0.977099
69	176	0.949
69	177	0.992522
69	178	0.761622
69	179	0.728262
70	4	0.955118
70	6	1.33757
70	37	1.00822
70	74	0.710176
70	82	0.805088
70	123	1.06875
70	144	0.974457
70	147	0.836336
70	148	1.00877
70	151	1.00437
70	161	0.935537
70	168	0.975634
70	170	0.920937
70	172	0.851255
70	174	0.841132
70	177	0.896101
70	178	0.905613
71	68	0.852392
71	102	0.971863
71	111	0.884886
71	116	1.03263
71	120	1.08143
71	127	1.03181
71	140	1.02077
71	145	1.09509
71	149	1.19645
71	157	1.0532
71	162	1.05059
71	170	1.3017
71	171	1.03641
71	173	1.05468
71	175	1.40992
71	178	1.04716
71	179	1.0405
72	9	0.965843
72	12	0.961892
72	31	0.721509
72	85	0.854705
72	86	0.871523
72	93	0.93118
72	103	0.916133
72	105	0.969833
72	111	1.45964
72	130	0.899597
72	134	1.47154
72	139	0.967275
72	141	0.972243
72	147	0.915963
72	158	0.949705
72	166	1.97637
72	168	1.17638
73	15	0.767029
73	60	1.0907
73	77	1.21689
73	78	1.01538
73	87	1.09057
73	90	1.33245
73	96	1.13295
73	126	0.822082
73	128	0.845142
73	129	2.09364
73	136	1.00295
73	143	1.03142
73	145	1.00687
73	153	1.05804
73	162	0.920459
73	165	0.944432
73	166	0.834401
74	7	1.03444
74	27	1.1293
74	35	0.928602
74	37	0.758046
74	40	1.07374
74	70	0.710176
74	83	1.02889
74	96	1.10104
74	136	0.971041
74	143	0.999514
74	153	1.02613
74	159	1.58539
74	161	0.987363
74	165	0.912522
74	172	1.32714
74	177	1.05583
74	180	1.34808
75	64	1.03771
75	82	1.83251
75	95	0.966708
75	102	0.96557
75	114	0.998771
75	132	1.01173
75	133	1.01159
75	137	1.01736
75	152	1.04562
75	163	0.97339
75	164	0.900742
75	167	1.01752
75	171	1.03012
75	176	1.31698
75	177	1.15942
75	178	1.04086
75	179	1.03421
76	14	0.845176
76	34	1.07918
76	39	0.935191
76	55	0.964911
76	63	1.03124
76	66	1.02719
76	80	0.996891
76	85	0.953843
76	88	0.955585
76	104	0.996148
76	111	1.40589
76	126	1.02702
76	145	0.988622
76	154	1.13804
76	156	1.0464
76	165	1.25277
76	168	1.12264
76	174	1.58683
77	27	1.10679
77	60	1.11904
77	66	1.1246
77	73	1.21689
77	91	1.17185
77	93	0.950463
77	130	0.91888
77	136	1.05869
77	156	0.939115
77	158	0.968988
77	169	0.811594
77	170	0.854034
77	171	0.937454
77	173	0.955719
77	176	0.785676
77	178	0.9482
77	179	0.941547
77	180	0.78876
78	15	0.625574
78	24	0.982662
78	29	1.06513
78	32	1.19345
78	35	0.911664
78	73	1.01538
78	91	0.993713
78	96	1.0841
78	104	0.965554
78	117	0.649156
78	122	2.72141
78	128	0.703687
78	134	0.865174
78	135	1.34298
78	136	0.954103
78	145	0.958028
78	153	1.00919
78	161	0.970499
79	7	1.0244
79	16	0.999531
79	35	0.918567
79	87	1.04863
79	91	1.00062
79	96	1.09101
79	131	0.997945
79	135	1.56859
79	136	0.961006
79	143	0.989479
79	145	0.964931
79	150	0.9315
79	153	1.01609
79	163	1.07855
79	164	1.00591
79	166	0.792456
79	169	1.43426
79	180	1.55683
80	76	0.996891
80	81	0.745815
80	112	1.04134
80	113	0.967575
80	127	0.990047
80	133	0.966759
80	135	0.890831
80	149	0.963797
80	152	0.88995
80	158	0.906422
80	160	0.999582
80	161	0.960732
80	163	0.994441
80	168	1.00083
80	169	0.903692
80	172	0.876449
80	177	0.921296
80	178	0.943484
80	180	0.880857
81	39	1.07281
81	63	1.16886
81	80	0.745815
81	88	1.09321
81	99	1.1178
81	124	1.1703
81	136	1.12232
81	143	1.15079
81	145	1.12624
81	151	0.827915
81	153	1.17741
81	154	0.886967
81	160	0.871755
81	164	0.794925
81	174	1.33575
81	176	1.21116
81	178	1.16568
81	179	1.15902
81	180	1.34585
82	38	1.56089
82	48	0.909075
82	51	0.748543
82	70	0.805088
82	75	1.83251
82	113	1.94846
82	125	0.778045
82	134	0.686091
82	138	0.789348
82	148	0.812042
82	149	0.741877
82	160	0.777662
82	162	0.809072
82	168	0.778908
82	170	0.724212
82	171	1.86815
82	175	0.683953
82	177	0.699376
82	180	0.658937
83	7	1.06292
83	24	1.02809
83	38	0.985181
83	60	1.08728
83	74	1.02889
83	87	1.08715
83	90	1.3941
83	91	1.03914
83	126	0.883733
83	133	1.09425
83	136	0.999526
83	143	1.028
83	145	1.00345
83	148	1.00752
83	153	1.05461
83	163	1.05605
83	164	0.983399
83	175	1.34144
83	176	1.39963
84	5	1.18679
84	8	0.87281
84	34	0.902393
84	87	0.786857
84	99	0.963961
84	113	0.821034
84	118	0.754827
84	131	1.09154
84	147	0.727665
84	154	1.11169
84	155	0.802279
84	157	1.13938
84	169	0.997036
84	172	0.969793
84	174	0.95967
84	175	0.999217
84	176	0.971118
84	177	1.01464
84	179	0.763582
85	13	0.915011
85	45	0.999787
85	64	1.24063
85	66	0.953319
85	72	0.854705
85	76	0.953843
85	88	0.881712
85	97	1.00794
85	115	0.978988
85	122	0.689014
85	132	1.17822
85	144	1.14477
85	147	0.941227
85	159	0.76406
85	170	0.860016
85	172	0.790333
85	173	1.05476
85	176	0.791658
85	179	1.04256
86	12	1.00397
86	30	1.02924
86	31	0.736491
86	52	0.972655
86	53	1.00037
86	65	0.985492
86	72	0.871523
86	111	1.47462
86	125	1.22222
86	126	0.969962
86	129	0.755456
86	130	0.941679
86	134	1.48652
86	139	1.00936
86	158	0.991786
86	160	1.19156
86	162	1.11344
86	165	0.869123
86	169	1.54308
87	10	0.719842
87	35	0.986859
87	36	0.767771
87	44	1.29294
87	60	1.11705
87	67	0.910421
87	73	1.09057
87	79	1.04863
87	83	1.08715
87	84	0.786857
87	90	1.39321
87	91	1.06891
87	125	1.09
87	136	1.0293
87	143	1.05777
87	153	1.08439
87	165	0.970779
87	166	0.860748
87	170	1.23232
88	29	0.808709
88	34	1.00705
88	39	0.86306
88	41	0.879036
88	63	0.95911
88	66	0.955061
88	68	0.836612
88	76	0.955585
88	81	1.09321
88	85	0.881712
88	97	1.00969
88	104	0.924017
88	110	0.90758
88	126	0.954887
88	145	0.916491
88	159	1.82434
88	162	1.03481
88	165	1.24287
88	166	1.91273
89	40	0.794691
89	48	1.15868
89	118	0.808642
89	121	1.06594
89	125	1.02765
89	132	0.953051
89	133	0.994442
89	139	0.820056
89	146	1.08136
89	153	0.811513
89	157	1.07372
89	158	0.813696
89	159	0.877859
89	168	1.02851
89	169	0.931375
89	173	0.829591
89	176	0.905457
89	177	0.948979
89	179	0.817397
89	180	0.90854
90	7	1.20261
90	60	1.2346
90	73	1.33245
90	83	1.3941
90	87	1.39321
90	98	0.84963
90	105	0.943351
90	128	0.93583
90	134	0.770148
90	139	0.940792
90	143	1.24761
90	158	0.923222
90	166	0.690527
90	168	0.862965
90	171	0.891688
90	173	0.909953
90	176	0.739911
90	178	0.902434
90	179	0.895781
90	180	0.742994
91	2	0.70998
91	24	1.00985
91	35	0.938849
91	36	0.661977
91	55	0.848083
91	77	1.17185
91	78	0.993713
91	79	1.00062
91	83	1.03914
91	87	1.06891
91	96	1.11129
91	129	2.04861
91	134	0.892359
91	136	0.981288
91	143	1.00976
91	150	0.802308
91	153	1.03638
91	156	0.877109
91	159	1.66495
91	165	0.92277
92	22	0.960451
92	26	1.10443
92	31	0.778607
92	43	1.06374
92	69	0.92587
92	100	0.931898
92	114	0.960881
92	117	1.0257
92	120	1.03724
92	132	0.973843
92	137	0.979471
92	150	1.08243
92	151	1.18983
92	164	1.15684
92	167	0.979627
92	169	1.5852
92	173	1.01049
92	177	1.41552
92	178	1.00297
92	179	0.996322
93	11	1.04934
93	12	1.06363
93	29	0.841954
93	56	0.969388
93	72	0.93118
93	77	0.950463
93	98	0.977852
93	103	1.01787
93	111	1.42924
93	117	0.938209
93	118	1.04267
93	130	1.00134
93	133	1.18019
93	138	1.12126
93	147	1.0177
93	148	1.09347
93	158	1.05144
93	163	1.14199
93	165	0.92878
93	174	1.61017
94	2	1.10419
94	30	0.741599
94	42	1.07922
94	61	1.15344
94	105	0.66046
94	121	1.08894
94	124	0.747132
94	125	1.05064
94	128	1.12437
94	132	0.865847
94	140	0.885681
94	142	0.975032
94	147	0.694277
94	155	0.76889
94	161	1.01141
94	164	1.1041
94	168	1.05151
94	176	0.928454
94	178	0.763554
94	179	0.730193
94	180	0.931537
95	21	0.892656
95	48	1.04591
95	59	0.887679
95	62	1.08087
95	75	0.966708
95	115	0.961622
95	127	1.10512
95	129	0.739673
95	140	1.18069
95	141	0.989256
95	142	0.83927
95	144	1.1274
95	146	0.968599
95	151	0.944483
95	153	1.01931
95	154	0.933263
95	160	0.9145
95	164	0.968343
95	170	0.86105
95	174	0.781245
95	177	0.836214
96	2	0.639563
96	14	0.932157
96	32	1.21946
96	73	1.13295
96	74	1.10104
96	78	1.0841
96	79	1.09101
96	91	1.11129
96	104	1.08313
96	107	0.690797
96	111	0.952765
96	119	0.770366
96	125	0.913791
96	129	1.97819
96	134	0.982749
96	143	1.10015
96	153	1.12677
96	154	0.898339
96	159	1.59453
96	166	0.903129
96	170	1.05611
97	45	1.12776
97	56	1.02089
97	63	1.08534
97	66	1.08129
97	85	1.00794
97	88	1.00969
97	129	0.866611
97	138	0.998599
97	141	0.819183
97	147	1.0692
97	151	0.979673
97	157	0.948001
97	158	1.10294
97	160	1.02351
97	168	1.02332
97	169	1.37504
97	171	1.07141
97	172	1.47666
97	178	1.08215
97	179	1.0755
97	180	1.4976
98	8	0.969851
98	12	1.00856
98	31	0.726186
98	45	1.02119
98	52	0.977245
98	55	1.07579
98	90	0.84963
98	93	0.977852
98	101	1.19576
98	105	1.01651
98	118	0.987607
98	130	0.946269
98	139	1.01395
98	147	0.962635
98	151	1.13741
98	157	1.10574
98	158	0.996377
98	163	1.17707
98	165	0.873713
98	166	1.98105
98	168	1.18106
99	36	0.994946
99	44	0.717532
99	81	1.1178
99	84	0.963961
99	102	1.44266
99	107	0.889602
99	110	0.911216
99	129	0.64317
99	132	1.41776
99	135	0.709246
99	146	0.872096
99	150	0.905932
99	154	0.83676
99	157	0.864455
99	158	1.2784
99	160	0.817997
99	164	0.87184
99	167	1.29944
99	168	0.819243
99	174	0.684742
99	179	1.2821
99	180	0.699273
100	6	0.846093
100	58	1.34738
100	92	0.931898
100	106	0.933044
100	110	1.15957
100	124	0.961941
100	128	1.21148
100	131	1.28012
100	132	0.928185
100	137	0.933813
100	144	0.962199
100	152	0.962075
100	155	0.98682
100	156	1.28848
100	157	1.2894
100	162	1.2868
100	164	1.28809
100	167	0.933969
100	171	0.94657
100	173	0.964836
100	178	0.957317
100	179	0.950664
101	7	0.883243
101	9	1.00218
101	25	1.1101
101	28	1.26313
101	66	0.920794
101	68	1.05871
101	98	1.19576
101	107	1.03143
101	115	0.986992
101	139	1.05323
101	146	1.01392
101	149	0.924041
101	151	0.989809
101	156	0.991456
101	162	0.991236
101	163	0.954685
101	165	0.898665
101	168	0.961072
101	172	0.836693
101	174	0.82657
101	177	0.881539
101	180	0.841101
102	1	0.826252
102	42	1.16752
102	57	1.00742
102	71	0.971863
102	75	0.96557
102	99	1.44266
102	106	0.928826
102	114	0.911005
102	120	0.987368
102	124	0.957722
102	127	0.937747
102	128	1.04318
102	150	1.04538
102	155	0.982602
102	159	0.762977
102	167	0.929751
102	168	1.19643
102	173	0.960618
102	177	1.37846
102	178	0.953098
102	179	0.946445
102	180	1.67071
103	32	0.862995
103	51	1.11237
103	52	1.01727
103	53	1.04498
103	56	0.954341
103	65	1.0301
103	72	0.916133
103	93	1.01787
103	105	1.05653
103	111	1.4707
103	118	1.02763
103	119	1.07488
103	131	1.10285
103	135	0.866142
103	138	1.16273
103	139	1.05397
103	141	0.983312
103	147	1.00265
103	149	1.25539
103	158	1.0364
103	162	1.10952
103	165	0.913733
103	175	1.46886
104	23	1.00544
104	39	0.903622
104	65	0.936256
104	76	0.996148
104	78	0.965554
104	88	0.924017
104	96	1.08313
104	109	1.02597
104	120	0.954118
104	136	0.953129
104	145	0.957054
104	146	1.00987
104	149	0.919986
104	153	1.00822
104	163	0.95063
104	167	0.933335
104	169	0.859881
104	173	0.928189
104	176	0.833963
104	178	0.949355
104	179	0.915995
104	180	0.837046
105	8	1.06357
105	9	1.10624
105	29	0.662108
105	30	1.12755
105	45	1.11492
105	48	0.735718
105	61	0.726737
105	65	1.0838
105	72	0.969833
105	90	0.943351
105	94	0.66046
105	98	1.01651
105	103	1.05653
105	118	1.08133
105	130	1.03999
105	134	1.2613
105	139	1.10767
105	148	0.91362
105	158	1.0901
105	163	0.962148
105	166	1.76613
105	175	1.24754
105	180	1.44042
106	22	0.961597
106	28	0.953115
106	100	0.933044
106	102	0.928826
106	107	0.988473
106	109	1.02637
106	115	0.975078
106	120	1.03839
106	124	1.00874
106	128	1.02737
106	132	0.974989
106	137	0.980616
106	142	1.37206
106	146	1.01917
106	151	1.13696
106	152	1.00888
106	154	1.19602
106	165	1.31075
106	170	1.35379
106	173	1.01164
106	176	1.52021
106	178	1.00412
106	179	0.997467
107	96	0.690797
107	99	0.889602
107	101	1.03143
107	106	0.988473
107	108	0.900977
107	119	1.04715
107	125	1.01895
107	137	0.881429
107	144	0.945937
107	146	1.07267
107	150	1.1065
107	155	0.882429
107	161	0.979716
107	162	1.04998
107	167	0.861072
107	168	1.01981
107	170	0.965116
107	172	0.895433
107	173	0.855926
107	174	0.885311
107	177	0.94028
107	179	0.843733
107	180	0.899841
108	17	1.02552
108	19	1.13793
108	20	1.01396
108	23	1.01879
108	59	1.1773
108	69	0.785506
108	107	0.900977
108	123	1.02685
108	134	0.923024
108	145	1.05968
108	149	1.16105
108	150	0.94207
108	152	1.06007
108	154	1.10852
108	155	1.08481
108	159	0.865189
108	160	1.09331
108	167	1.03196
108	169	1.44483
108	171	1.04456
108	173	1.06283
108	177	1.27515
108	178	1.05531
108	179	1.04866
109	104	1.02597
109	106	1.02637
109	115	1.0216
109	119	1.03328
109	120	1.08491
109	132	1.02151
109	137	1.02714
109	138	1.12113
109	140	1.02426
109	141	0.941712
109	144	1.05553
109	145	1.11242
109	155	1.08015
109	161	1.25942
109	162	1.06792
109	163	1.14186
109	166	0.838737
109	167	1.0273
109	168	1.14585
109	171	1.0399
109	173	1.05816
109	176	1.48545
109	178	1.05064
109	179	1.04399
110	3	0.979754
110	19	0.888981
110	51	1.01106
110	65	0.850973
110	67	1.02309
110	88	0.90758
110	99	0.911216
110	100	1.15957
110	118	0.821958
110	141	1.11494
110	146	1.09428
110	155	0.869409
110	157	1.08664
110	160	1.04018
110	163	1.03504
110	167	0.848052
110	168	1.04143
110	170	0.98673
110	173	0.842906
110	174	0.906925
110	175	0.946471
110	176	0.918372
110	177	0.961894
110	178	0.864073
110	180	0.921455
111	11	1.28229
111	38	0.808419
111	44	0.724941
111	71	0.884886
111	72	1.45964
111	76	1.40589
111	86	1.47462
111	93	1.42924
111	96	0.952765
111	103	1.4707
111	112	0.867166
111	133	0.792583
111	138	0.837092
111	143	0.851238
111	147	1.28321
111	153	0.877853
111	155	0.895625
111	156	0.857037
111	164	0.879249
111	165	0.764246
111	173	0.873641
111	176	0.703599
111	178	0.866122
111	179	0.859469
111	180	0.706682
112	6	1.37795
112	18	0.973241
112	27	0.765057
112	51	0.959602
112	53	0.838537
112	80	1.04134
112	111	0.867166
112	113	0.970091
112	116	1.10404
112	120	0.950763
112	131	0.987331
112	144	1.01484
112	149	0.952936
112	150	1.07666
112	156	1.02035
112	165	0.927561
112	167	0.929979
112	169	0.892831
112	170	0.935271
112	171	0.889781
112	172	0.865588
112	174	0.855466
112	176	0.866913
112	177	0.910435
112	180	0.869996
113	18	1.11083
113	25	0.949913
113	26	1.08345
113	49	0.97298
113	55	0.918852
113	61	0.853923
113	80	0.967575
113	82	1.94846
113	84	0.821034
113	112	0.970091
113	114	0.939902
113	116	0.967472
113	123	0.953532
113	124	0.98662
113	125	1.12418
113	140	0.955608
113	144	0.986878
113	155	1.0115
113	156	1.01708
113	163	1.08933
113	167	0.958648
113	171	0.97125
113	173	0.989515
113	177	1.27536
113	178	0.981996
113	179	0.975343
114	1	0.837465
114	4	1.13144
114	20	0.944945
114	33	0.864394
114	37	1.09189
114	46	0.991175
114	58	1.1903
114	62	1.0148
114	75	0.998771
114	92	0.960881
114	102	0.911005
114	113	0.939902
114	127	0.970948
114	137	0.962795
114	141	1.0035
114	144	0.991182
114	148	1.15512
114	152	0.991058
114	155	1.0158
114	161	1.32121
114	167	0.962951
114	170	1.38082
114	171	0.975553
114	177	1.38968
114	178	0.986299
114	179	0.979646
115	6	0.888126
115	14	1.32999
115	20	0.957996
115	43	1.06011
115	64	0.996199
115	85	0.978988
115	95	0.961622
115	101	0.986992
115	106	0.975078
115	109	1.0216
115	116	0.984827
115	124	1.00397
115	132	0.970219
115	137	0.975846
115	138	0.947571
115	140	0.972963
115	142	1.16374
115	144	1.00423
115	154	0.987698
115	159	0.809229
115	171	0.988604
115	174	1.43648
115	176	1.31189
115	178	0.99935
115	179	0.992697
115	180	1.44658
116	46	1.01875
116	48	0.996848
116	54	0.962311
116	71	1.03263
116	112	1.10404
116	113	0.967472
116	115	0.984827
116	117	1.01949
116	123	0.985405
116	126	1.05096
116	129	0.798326
116	132	0.984737
116	133	1.26148
116	140	0.987482
116	141	1.02313
116	144	1.01875
116	157	1.15195
116	159	0.823748
116	165	1.3574
116	167	0.990521
116	171	1.00312
116	173	1.02139
116	176	1.56686
116	177	1.4093
116	178	1.01387
116	179	1.00722
117	19	0.886365
117	47	1.0322
117	50	1.05219
117	51	1.03345
117	54	1.03359
117	59	1.03575
117	78	0.649156
117	92	1.0257
117	93	0.938209
117	116	1.01949
117	122	0.838121
117	140	0.983584
117	141	1.13733
117	142	0.987342
117	143	0.705775
117	144	0.930301
117	150	1.15051
117	156	1.0942
117	158	0.824395
117	162	1.09398
117	170	1.00912
117	172	0.93944
117	173	0.84029
117	174	0.929317
117	176	0.940765
117	177	0.984286
117	180	0.943848
118	2	1.05363
118	9	1.07734
118	11	1.0591
118	15	0.795759
118	36	0.735741
118	50	0.981703
118	52	1.04207
118	53	1.06979
118	56	0.979144
118	59	1.1113
118	84	0.754827
118	89	0.808642
118	93	1.04267
118	98	0.987607
118	103	1.02763
118	105	1.08133
118	110	0.821958
118	128	0.873872
118	129	0.824868
118	139	1.07877
118	147	1.02746
118	158	1.0612
118	159	0.85029
118	165	0.938536
118	166	1.82711
118	169	1.37884
118	174	1.49131
119	57	0.959159
119	67	0.958455
119	96	0.770366
119	103	1.07488
119	107	1.04715
119	109	1.03328
119	127	1.00323
119	131	0.974158
119	135	0.866796
119	138	0.987233
119	140	1.07879
119	142	0.900317
119	147	0.887385
119	154	0.99431
119	155	0.961999
119	156	1.00718
119	157	1.022
119	158	0.919601
119	160	0.975547
119	162	1.00696
119	164	1.02939
119	169	0.879657
119	170	0.922097
119	172	0.852414
119	175	0.881838
119	177	0.897261
119	178	0.956663
120	3	1.08281
120	23	1.02614
120	28	1.01166
120	69	0.766385
120	71	1.08143
120	92	1.03724
120	102	0.987368
120	104	0.954118
120	106	1.03839
120	109	1.08491
120	112	0.950763
120	124	1.06729
120	127	1.04731
120	137	1.03916
120	146	0.91255
120	148	1.02148
120	152	1.06742
120	157	0.998674
120	160	1.07419
120	162	0.996067
120	167	1.03931
120	168	1.074
120	169	1.42571
120	173	1.07018
120	175	1.3554
120	176	1.41359
120	178	1.06266
120	179	1.05601
121	26	0.905189
121	46	1.02382
121	63	0.894444
121	89	1.06594
121	94	1.08894
121	122	0.761185
121	128	1.05975
121	133	0.952814
121	134	0.894066
121	137	0.973937
121	139	0.9389
121	151	1.01562
121	155	0.974937
121	156	1.01727
121	158	0.93254
121	162	1.01705
121	163	0.980496
121	164	1.03948
121	167	0.95358
121	170	0.932187
121	171	0.913383
121	172	0.862504
121	174	0.852381
121	175	0.891928
121	176	0.863829
121	177	0.907351
121	179	0.936241
122	21	0.700665
122	38	2.57024
122	39	2.6039
122	46	0.768101
122	53	0.792601
122	78	2.72141
122	85	0.689014
122	117	0.838121
122	121	0.761185
122	134	0.630939
122	136	2.70468
122	137	0.739721
122	139	0.801583
122	144	0.768108
122	145	0.723793
122	158	0.784013
122	159	0.573104
122	165	0.661349
122	166	0.551318
122	169	0.62662
122	170	0.669059
122	171	0.752479
122	172	0.599377
122	177	0.644223
122	178	0.763225
122	179	0.756572
122	180	0.603785
123	5	0.892163
123	18	1.24987
123	25	0.967846
123	43	1.06069
123	61	0.992966
123	64	0.996777
123	70	1.06875
123	108	1.02685
123	113	0.953532
123	116	0.985405
123	126	1.05606
123	135	0.850462
123	137	0.976425
123	140	0.973541
123	144	1.00481
123	150	1.08132
123	152	1.00469
123	154	1.24777
123	155	1.02943
123	156	1.15612
123	160	1.23256
123	164	1.15573
123	167	0.976581
123	171	0.989183
123	173	1.00745
123	177	1.4144
123	178	0.999929
123	179	0.993276
124	33	0.709564
124	67	0.904084
124	81	1.1703
124	94	0.747132
124	100	0.961941
124	102	0.957722
124	106	1.00874
124	113	0.98662
124	115	1.00397
124	120	1.06729
124	127	1.01767
124	133	1.08702
124	137	1.00951
124	140	1.00663
124	142	1.24426
124	144	1.0379
124	145	1.01938
124	152	1.03778
124	162	0.974882
124	163	1.04882
124	165	1.18294
124	167	1.00967
124	171	1.02227
124	172	1.50615
124	173	1.04054
124	174	1.517
124	176	1.3924
124	178	1.03302
124	179	1.02636
125	15	1.08268
125	21	0.925499
125	26	1.03568
125	44	0.846879
125	45	1.10098
125	63	1.02493
125	68	1.04623
125	82	0.778045
125	86	1.22222
125	87	1.09
125	89	1.02765
125	94	1.05064
125	96	0.913791
125	107	1.01895
125	113	1.12418
125	127	1.14665
125	136	0.871049
125	142	0.872114
125	148	0.981723
125	156	0.978975
125	160	0.947344
125	162	0.978754
125	163	0.942203
125	166	0.776153
125	167	1.08407
125	172	0.824211
125	175	0.853635
125	177	0.869058
126	1	1.08105
126	16	0.894033
126	39	0.934492
126	55	0.964212
126	56	0.966088
126	57	0.895423
126	63	1.03054
126	64	1.05763
126	65	1.04185
126	66	1.02649
126	73	0.822082
126	76	1.02702
126	83	0.883733
126	86	0.969962
126	88	0.954887
126	116	1.05096
126	123	1.05606
126	139	1.06571
126	147	1.0144
126	150	1.07457
126	155	0.898264
126	158	1.04814
126	164	1.04048
126	167	0.876906
126	168	0.987886
126	171	0.836709
126	173	0.87176
126	176	0.864832
126	177	0.908354
126	178	0.892927
127	33	0.772549
127	43	1.07381
127	48	0.885375
127	54	0.961483
127	57	1.06737
127	64	1.00989
127	71	1.03181
127	80	0.990047
127	95	1.10512
127	102	0.937747
127	114	0.970948
127	119	1.00323
127	120	1.04731
127	124	1.01767
127	125	1.14665
127	140	0.986654
127	145	1.08236
127	148	1.06328
127	152	1.0178
127	155	1.04255
127	162	1.03787
127	163	1.1118
127	166	0.801135
127	167	0.989694
127	171	1.0023
127	172	1.56914
127	173	1.02056
127	175	1.3972
127	178	1.01304
127	179	1.00639
128	43	0.969192
128	52	0.909853
128	55	0.998645
128	68	1.11996
128	73	0.845142
128	78	0.703687
128	90	0.93583
128	94	1.12437
128	100	1.21148
128	102	1.04318
128	106	1.02737
128	118	0.873872
128	121	1.05975
128	141	1.09583
128	144	0.984832
128	146	1.07517
128	148	1.05545
128	156	1.0527
128	159	0.871667
128	160	1.02107
128	163	1.01593
128	168	1.02232
128	169	0.925183
128	171	0.859769
128	172	0.89794
128	175	0.927364
128	176	0.899265
128	178	0.915988
128	179	0.882627
128	180	0.902348
129	11	0.831534
129	24	2.07954
129	50	0.761751
129	60	1.99579
129	65	0.827343
129	73	2.09364
129	86	0.755456
129	91	2.04861
129	95	0.739673
129	96	1.97819
129	97	0.866611
129	99	0.64317
129	116	0.798326
129	118	0.824868
129	137	0.789346
129	139	0.851208
129	143	2.00881
129	154	0.790897
129	158	0.833638
129	159	0.622728
129	166	0.600943
129	169	0.676244
129	171	0.802104
129	172	0.649001
129	174	0.638879
129	175	0.678425
129	176	0.650326
129	177	0.693848
129	178	0.81285
129	179	0.806197
129	180	0.653409
130	9	1.036
130	12	1.03205
130	13	1.0414
130	30	1.05732
130	45	1.04468
130	52	1.00073
130	53	1.02845
130	56	0.937805
130	65	1.01357
130	72	0.899597
130	77	0.91888
130	86	0.941679
130	93	1.00134
130	98	0.946269
130	105	1.03999
130	131	1.01572
130	134	1.39547
130	135	0.849606
130	139	1.03743
130	147	0.986119
130	150	0.949271
130	156	1.02407
130	158	1.01986
130	159	0.808951
130	161	1.21388
130	162	1.02239
130	164	1.02368
130	169	1.45203
130	170	1.27349
130	172	1.55366
130	174	1.5645
131	2	0.999503
131	13	0.947117
131	26	0.920219
131	64	1.14934
131	79	0.997945
131	84	1.09154
131	100	1.28012
131	103	1.10285
131	112	0.987331
131	119	0.974158
131	130	1.01572
131	134	0.854001
131	137	0.988967
131	139	0.95393
131	140	1.10676
131	141	1.02033
131	142	0.870342
131	148	0.979951
131	150	1.03351
131	154	0.964335
131	159	0.796166
131	162	0.976982
131	163	0.940431
131	167	0.968611
131	168	0.946818
131	169	0.849682
131	175	0.851863
131	176	0.823764
131	177	0.867286
131	179	0.951271
131	180	0.826847
132	3	1.01941
132	25	0.967179
132	49	0.990246
132	67	1.0228
132	75	1.01173
132	85	1.17822
132	89	0.953051
132	92	0.973843
132	94	0.865847
132	99	1.41776
132	100	0.928185
132	106	0.974989
132	109	1.02151
132	115	0.970219
132	116	0.984737
132	140	0.972874
132	142	1.36297
132	148	1.11901
132	150	1.02048
132	152	1.00402
132	155	1.02876
132	156	1.09528
132	164	1.09489
132	166	0.787354
132	167	0.975913
132	168	1.17153
132	171	0.988515
132	173	1.00678
132	175	1.45293
132	178	0.999261
132	179	0.992608
133	8	1.17931
133	36	1.09109
133	46	1.15766
133	58	0.896353
133	61	1.01731
133	62	1.12575
133	75	1.01159
133	80	0.966759
133	83	1.09425
133	89	0.994442
133	93	1.18019
133	111	0.792583
133	116	1.26148
133	121	0.952814
133	124	1.08702
133	138	0.925825
133	141	0.988894
133	143	0.947759
133	146	0.968238
133	154	0.932901
133	155	1.10878
133	156	0.945769
133	157	0.960596
133	158	1.06638
133	161	0.875288
133	162	0.945549
133	164	0.967982
133	172	0.791006
133	174	0.780883
133	175	0.82043
133	176	0.792331
133	180	0.795414
134	3	0.916256
134	52	1.35825
134	63	1.28923
134	72	1.47154
134	78	0.865174
134	82	0.686091
134	86	1.48652
134	90	0.770148
134	91	0.892359
134	96	0.982749
134	105	1.2613
134	108	0.923024
134	121	0.894066
134	122	0.630939
134	130	1.39547
134	131	0.854001
134	136	0.852749
134	139	1.33369
134	147	1.29511
134	152	0.900865
134	153	0.907837
134	158	1.32733
134	161	0.81654
134	166	0.684199
134	168	0.856637
134	171	0.88536
134	172	0.732258
134	173	0.903626
134	174	0.722135
134	178	0.896106
134	179	0.889453
134	180	0.736666
135	7	1.35459
135	35	1.49097
135	38	1.1918
135	39	1.22546
135	52	0.880583
135	54	0.827368
135	66	1.39215
135	78	1.34298
135	79	1.56859
135	80	0.890831
135	99	0.709246
135	103	0.866142
135	119	0.866796
135	123	0.850462
135	130	0.849606
135	136	1.32624
135	139	0.917284
135	147	0.865972
135	150	0.926145
135	151	0.868194
135	153	1.51604
135	155	0.90843
135	165	0.77705
135	167	0.855578
135	169	0.742321
135	170	0.78476
135	171	0.86818
135	172	0.715078
135	177	0.759924
135	178	0.878926
135	179	0.872273
135	180	0.719486
136	16	0.980203
136	24	0.970237
136	27	1.09994
136	35	0.899239
136	38	0.927333
136	40	1.04437
136	60	1.02943
136	61	0.600793
136	73	1.00295
136	74	0.971041
136	77	1.05869
136	78	0.954103
136	79	0.961006
136	81	1.12232
136	83	0.999526
136	87	1.0293
136	91	0.981288
136	104	0.953129
136	122	2.70468
136	125	0.871049
136	134	0.852749
136	135	1.32624
136	143	0.970151
136	148	0.787675
136	153	0.996766
136	159	1.55179
136	164	0.763555
136	165	0.883159
136	166	0.773128
136	168	0.840196
136	169	1.19191
136	175	1.1216
136	177	1.02223
136	180	1.31447
137	36	0.782192
137	51	0.998485
137	54	0.95333
137	61	0.834167
137	75	1.01736
137	92	0.979471
137	100	0.933813
137	106	0.980616
137	107	0.881429
137	109	1.02714
137	114	0.962795
137	115	0.975846
137	120	1.03916
137	121	0.973937
137	122	0.739721
137	123	0.976425
137	124	1.00951
137	129	0.789346
137	131	0.988967
137	140	0.978501
137	152	1.00965
137	155	1.03439
137	161	1.18714
137	163	1.06958
137	165	1.2037
137	167	0.981541
137	169	1.42529
137	171	0.994143
137	172	1.52691
137	173	1.01241
137	174	1.53776
137	178	1.00489
137	179	0.998236
137	180	1.54785
138	10	1.09576
138	19	1.06942
138	44	0.858182
138	49	1.12671
138	51	0.929529
