1	10	1.62463
1	66	0.726513
1	113	2.79455
1	124	0.729804
1	136	0.695847
1	156	0.720681
1	159	0.723173
1	170	0.726114
1	172	0.718931
1	174	0.728583
1	175	0.719216
1	179	0.713087
2	96	0.807422
2	111	1.4003
2	123	1.78144
2	132	1.0186
2	152	0.77713
2	153	0.815
2	157	0.797367
2	164	0.808526
2	169	0.799481
2	173	0.81587
2	177	0.780687
2	179	0.799003
3	34	1.45064
3	148	0.735675
3	161	0.718381
3	165	0.735847
3	169	0.717785
3	173	0.734174
3	174	0.732803
3	175	0.723436
3	176	0.68686
3	177	0.698991
3	179	0.717307
3	180	2.95975
4	137	2.21552
4	159	0.727711
4	164	0.727148
4	165	0.736165
4	167	0.720378
4	169	0.718104
4	172	2.24127
4	173	0.734493
4	174	0.733121
4	176	0.687178
4	177	0.69931
4	179	0.717625
5	13	2.21087
5	83	2.22492
5	145	0.725892
5	148	0.736593
5	152	0.696353
5	161	0.7193
5	164	0.727748
5	169	0.718704
5	174	0.733721
5	175	0.724354
5	177	0.69991
5	179	0.718225
6	23	0.771399
6	47	0.754291
6	68	2.00125
6	72	0.798721
6	80	0.829138
6	87	0.769369
6	101	0.853534
6	113	0.812482
6	116	0.796321
6	143	0.414734
6	178	3.30144
6	180	0.813927
7	69	2.07513
7	70	2.30414
7	139	0.703634
7	158	0.731036
7	162	0.718285
7	164	0.732612
7	167	0.725842
7	173	0.739957
7	175	0.729218
7	176	0.692642
7	177	0.704774
7	179	0.723089
8	59	0.830063
8	62	0.829927
8	64	0.829725
8	74	1.75074
8	116	0.809529
8	147	1.54671
8	151	0.828237
8	154	0.828108
8	168	1.66903
8	172	0.823148
8	180	0.827135
9	50	0.810042
9	75	0.832814
9	82	0.826503
9	121	0.81178
9	124	0.811068
9	132	0.818413
9	136	0.777111
9	146	1.45998
9	150	2.16094
9	174	1.79061
9	178	0.707961
9	180	0.804184
10	1	1.62463
10	15	0.820009
10	59	0.859722
10	62	0.859587
10	64	0.859384
10	98	0.896433
10	100	0.892115
10	119	0.815882
10	139	1.42902
10	177	1.33416
11	69	0.722493
11	94	0.73788
11	122	0.745968
11	124	0.74193
11	125	2.27791
11	126	3.01822
11	132	0.749275
11	136	0.707973
11	143	0.724945
11	166	0.696685
11	178	0.638823
11	180	0.735046
12	90	1.97827
12	101	2.34416
12	141	0.726517
12	157	0.723091
12	162	0.719924
12	167	0.727481
12	168	0.722426
12	169	0.725206
12	175	0.730857
12	176	0.694281
12	177	0.706412
12	179	0.724728
13	5	2.21087
13	22	0.795425
13	27	0.78028
13	121	0.830023
13	124	0.829312
13	130	1.27779
13	132	0.836657
13	136	0.795354
13	166	0.784066
13	174	1.69053
13	178	0.726204
13	180	0.822427
14	138	1.47932
14	140	0.789533
14	154	0.803013
14	155	0.804816
14	156	0.799802
14	160	0.789298
14	163	0.796985
14	167	1.64913
14	170	0.805235
14	171	0.814586
14	172	0.798053
14	176	2.24609
15	10	0.820009
15	59	0.719231
15	62	0.719096
15	64	0.718893
15	68	0.652947
15	78	0.693232
15	81	0.69451
15	98	0.755942
15	100	0.751625
15	119	0.675391
15	146	2.4314
15	167	2.74259
16	36	0.769014
16	141	0.71946
16	164	0.727193
16	166	0.689141
16	168	0.715369
16	169	0.718149
16	171	2.16496
16	172	2.26731
16	174	0.733166
16	175	0.723799
16	176	0.687223
16	179	0.71767
17	35	2.0635
17	99	1.28664
17	139	0.786744
17	152	0.784327
17	153	0.822197
17	155	0.895247
17	168	0.803898
17	174	0.821695
17	175	0.812328
17	176	0.775752
17	177	0.787884
17	179	0.806199
18	21	0.529486
18	52	0.57504
18	59	0.61168
18	62	0.611544
18	64	0.611342
18	143	0.598652
18	170	0.611947
18	171	0.621298
18	172	0.604765
18	173	0.615788
18	174	0.614416
18	179	0.59892
19	32	0.691691
19	55	0.746603
19	82	0.741123
19	118	0.696069
19	121	0.7264
19	122	0.729727
19	124	0.725689
19	132	0.733034
19	136	0.691731
19	150	2.73095
19	179	2.51579
19	180	0.718804
20	34	1.64723
20	55	2.75218
20	147	0.737668
20	153	0.731833
20	162	0.711032
20	164	0.725359
20	168	0.713535
20	169	0.716314
20	173	0.732703
20	174	0.731332
20	176	0.685389
20	179	0.715836
21	18	0.529486
21	29	0.642828
21	42	4.59761
21	121	0.68142
21	124	0.680709
21	170	0.677018
21	171	0.686369
21	172	0.669836
21	173	0.68086
21	176	0.633545
21	177	0.645676
21	180	0.673824
22	13	0.795425
22	69	0.713536
22	118	0.703353
22	121	0.733684
22	122	0.737011
22	124	0.732972
22	132	0.740318
22	136	0.699015
22	143	0.715987
22	164	2.38777
22	176	2.81677
22	178	0.629865
23	6	0.771399
23	58	2.39594
23	72	0.695357
23	87	0.666004
23	88	0.7196
23	91	0.672078
23	101	0.750169
23	105	0.694421
23	113	0.709117
23	116	0.692956
23	146	0.718203
23	162	3.19197
23	180	0.710562
24	110	1.721
24	139	2.45395
24	140	0.769517
24	142	0.785543
24	149	0.777015
24	151	0.783126
24	159	1.63959
24	160	0.769282
24	163	0.776969
24	170	0.785218
24	171	0.794569
24	172	0.778036
24	180	0.782024
25	66	0.723627
25	82	0.742353
25	112	2.6034
25	118	0.697299
25	121	0.72763
25	122	0.730957
25	124	0.726919
25	132	0.734264
25	136	0.692961
25	153	3.00698
25	166	0.681673
25	178	0.623811
25	180	0.720034
26	53	1.1084
26	115	0.77948
26	149	0.787251
26	154	0.793233
26	156	0.790022
26	160	0.779518
26	163	0.787205
26	170	0.795454
26	171	0.804805
26	172	0.788272
26	173	1.95769
26	177	2.7112
26	178	0.696037
27	13	0.78028
27	28	0.657162
27	49	0.71729
27	60	0.711527
27	105	0.694803
27	113	0.709498
27	116	0.693338
27	132	0.725173
27	136	0.683871
27	146	0.718584
27	158	2.53312
27	177	3.06024
27	180	0.710944
28	27	0.657162
28	31	0.650881
28	34	0.858782
28	37	0.669707
28	44	0.711125
28	49	0.705655
28	60	0.699892
28	100	0.734629
28	126	0.699804
28	137	0.704148
28	146	0.70695
28	150	2.93095
28	179	2.71579
29	21	0.642828
29	62	2.12753
29	147	0.734094
29	155	2.64201
29	157	0.710626
29	158	0.720209
29	161	0.713336
29	162	0.707458
29	164	0.721785
29	167	0.715015
29	173	0.729129
29	177	0.693946
29	179	0.712262
30	131	0.706542
30	137	2.43675
30	139	0.688639
30	148	0.726462
30	152	0.686222
30	156	2.41181
30	165	0.726634
30	168	0.705793
30	173	0.724962
30	174	0.72359
30	175	0.714223
30	177	0.689779
30	179	0.708094
31	28	0.650881
31	33	0.608049
31	34	0.864135
31	37	0.67506
31	40	1.0774
31	44	0.716478
31	49	0.711008
31	60	0.705246
31	100	0.739983
31	126	0.705158
31	137	0.709502
31	146	0.712303
31	178	4.83448
32	19	0.691691
32	70	0.720499
32	81	2.66997
32	118	0.703242
32	121	0.733573
32	122	0.7369
32	124	0.732861
32	132	0.740207
32	136	0.698904
32	166	0.687616
32	173	2.93215
32	178	0.629754
32	180	0.725977
33	31	0.608049
33	44	0.668293
33	60	0.657061
33	118	5.00312
33	120	0.636965
33	146	0.664118
33	162	0.641841
33	163	0.651422
33	164	0.656168
33	167	0.649398
33	171	0.669022
33	172	0.652489
33	179	0.646645
34	3	1.45064
34	20	1.64723
34	28	0.858782
34	31	0.864135
34	37	0.882961
34	44	0.924379
34	49	0.918909
34	60	0.913147
34	137	0.917403
34	146	0.920204
34	161	1.06043
34	164	1.05031
35	17	2.0635
35	56	0.665561
35	73	0.703626
35	128	0.735166
35	149	0.708561
35	154	0.714543
35	156	0.711332
35	159	3.34119
35	160	0.700828
35	163	0.708515
35	170	0.716765
35	171	0.726116
35	172	0.709582
36	16	0.769014
36	124	1.4715
36	147	0.806602
36	152	0.762897
36	156	1.47342
36	161	0.785844
36	162	0.779966
36	163	1.66438
36	174	0.800266
36	175	0.790899
36	176	0.754323
36	177	0.766454
36	179	0.78477
37	28	0.669707
37	31	0.67506
37	34	0.882961
37	44	0.735304
37	49	0.729834
37	60	0.724072
37	126	0.723984
37	137	0.728328
37	146	0.731129
37	166	2.83241
37	179	2.04085
38	76	2.13542
38	85	1.6634
38	97	0.770498
38	135	0.768019
38	148	1.95197
38	154	0.783748
38	155	0.785551
38	156	0.780537
38	160	0.770033
38	170	0.78597
38	171	0.795321
38	172	0.778788
38	180	0.782776
39	73	0.698323
39	95	0.706024
39	106	0.73467
39	144	2.72556
39	154	0.70924
39	155	0.711042
39	156	0.706029
39	159	2.85751
39	160	0.695525
39	163	0.703212
39	170	0.711461
39	171	0.720812
39	172	0.704279
40	31	1.0774
40	43	1.63255
40	64	1.87597
40	124	0.790053
40	132	0.797399
40	136	0.756096
40	147	0.795169
40	169	0.773815
40	170	0.786363
40	171	0.795714
40	172	0.779181
40	177	0.755021
40	179	0.773337
41	121	1.49492
41	133	1.55308
41	152	0.762888
41	154	1.55165
41	161	0.785834
41	162	0.779956
41	165	0.8033
41	167	0.787513
41	169	0.785239
41	175	0.790889
41	176	0.754313
41	177	0.766445
41	179	0.78476
42	21	4.59761
42	47	0.732866
42	77	0.819442
42	87	0.747943
42	88	0.80154
42	105	0.776361
42	113	0.791056
42	116	0.774896
42	146	0.800142
42	150	0.762618
42	174	0.217274
42	177	0.773197
42	180	0.792502
43	40	1.63255
43	72	0.772492
43	77	0.814637
43	87	0.743139
43	88	0.796735
43	89	0.799254
43	105	0.771556
43	113	0.786252
43	116	0.770091
43	143	2.50292
43	150	0.757813
43	164	1.55691
43	180	0.787697
44	28	0.711125
44	31	0.716478
44	33	0.668293
44	34	0.924379
44	37	0.735304
44	49	0.771252
44	60	0.765489
44	100	0.800227
44	126	0.765402
44	137	0.769745
44	138	1.62165
44	143	2.90544
44	146	0.772547
44	175	1.73748
45	125	1.89583
45	134	0.77582
45	151	0.764028
45	154	0.763899
45	155	0.765702
45	156	0.760688
45	160	0.750184
45	163	0.757871
45	167	2.13735
45	170	0.76612
45	171	0.775471
45	172	0.758938
45	174	2.15679
45	180	0.762926
46	149	2.52698
46	152	0.679361
46	153	0.717231
46	162	0.69643
46	164	0.710757
46	165	0.719774
46	167	0.703987
46	168	0.698933
46	169	0.701712
46	172	2.701
46	173	0.718101
46	176	0.670787
46	177	0.682918
46	179	0.701234
47	6	0.754291
47	42	0.732866
47	72	0.678249
47	87	0.648896
47	88	0.702492
47	89	0.705011
47	90	0.706932
47	101	0.733061
47	105	0.677314
47	113	0.692009
47	116	0.675848
47	126	1.35858
47	178	4.86047
47	180	0.693454
48	88	1.57522
48	98	1.68786
48	127	0.761288
48	133	1.78274
48	141	0.762164
48	148	0.778742
48	157	0.758738
48	158	0.768321
48	159	0.77046
48	161	0.761449
48	169	0.760853
48	174	0.77587
48	177	0.742059
48	179	0.760374
49	27	0.71729
49	28	0.705655
49	31	0.711008
49	34	0.918909
49	37	0.729834
49	44	0.771252
49	60	0.76002
49	100	0.794757
49	126	0.759932
49	131	1.71973
49	137	0.764276
49	146	0.767077
49	152	2.04449
49	166	2.49087
50	9	0.810042
50	66	0.762543
50	69	0.746397
50	79	0.853502
50	94	0.761784
50	118	0.736214
50	122	0.769872
50	124	0.765834
50	126	2.2551
50	132	0.773179
50	150	2.14608
50	178	0.662727
50	179	1.93091
50	180	0.758949
51	78	2.20084
51	97	1.70616
51	148	0.779306
51	158	0.768884
51	159	0.771023
51	161	0.762012
51	165	0.779478
51	169	0.761416
51	173	0.777805
51	175	0.767067
51	176	0.73049
51	177	0.742622
51	179	0.760938
51	180	1.1784
52	18	0.57504
52	83	2.44701
52	148	0.727914
52	149	2.77602
52	158	0.717493
52	162	0.704742
52	164	0.719069
52	169	0.710024
52	173	0.726413
52	174	0.725042
52	175	0.715675
52	176	0.679099
52	177	0.69123
52	179	0.709546
53	26	1.1084
53	74	0.836407
53	102	1.54791
53	155	1.28963
53	157	0.840288
53	162	0.837121
53	164	0.851448
53	169	0.842403
53	170	1.07393
53	173	0.858792
53	174	0.85742
53	176	0.811477
53	177	0.823609
53	179	0.841925
54	123	1.87373
54	128	1.63172
54	148	0.781407
54	158	0.770986
54	159	0.773125
54	162	0.758235
54	167	0.765792
54	169	0.763518
54	174	0.778535
54	175	0.769168
54	176	0.732592
54	177	0.744724
54	179	0.763039
54	180	1.53452
55	19	0.746603
55	20	2.75218
55	69	0.768337
55	70	0.775412
55	118	0.758155
55	121	0.788486
55	124	0.787774
55	136	0.753817
55	137	0.785729
55	143	0.770789
55	157	1.68856
55	158	1.54399
55	178	0.684667
55	180	0.78089
56	35	0.665561
56	71	2.85875
56	123	0.705749
56	135	0.690324
56	145	3.07765
56	149	0.700072
56	151	0.706183
56	154	0.706054
56	155	0.707856
56	160	0.692339
56	163	0.700026
56	170	0.708275
56	171	0.717626
56	172	0.701093
57	61	0.776228
57	106	1.43681
57	127	0.763691
57	155	1.79821
57	158	0.770724
57	162	0.757974
57	163	1.80958
57	167	0.765531
57	173	0.779645
57	174	0.778273
57	175	0.768907
57	176	0.73233
57	177	0.744462
57	179	0.762777
58	23	2.39594
58	115	1.79434
58	117	0.736412
58	144	0.756386
58	153	0.762245
58	159	0.756334
58	162	0.741444
58	165	0.764788
58	168	0.743947
58	171	1.43699
58	173	0.763115
58	174	0.761744
58	175	0.752377
58	176	0.715801
58	179	0.746248
59	8	0.830063
59	10	0.859722
59	15	0.719231
59	18	0.61168
59	62	0.75881
59	64	0.758607
59	68	0.69266
59	78	0.732945
59	81	0.734223
59	98	0.795656
59	100	0.791338
59	119	0.715105
59	126	2.06674
59	166	2.53411
59	177	2.14332
60	27	0.711527
60	28	0.699892
60	31	0.705246
60	33	0.657061
60	34	0.913147
60	37	0.724072
60	44	0.765489
60	49	0.76002
60	100	0.788994
60	126	0.754169
60	137	0.758513
60	146	0.761315
60	153	0.853784
60	161	1.03598
60	178	4.85858
61	57	0.776228
61	106	1.6574
61	137	1.86414
61	148	0.765245
61	158	0.754824
61	160	1.94092
61	162	0.742073
61	168	0.744576
61	169	0.747355
61	173	0.763744
61	174	0.762373
61	175	0.753006
61	176	0.71643
61	177	0.728561
61	179	0.746877
62	8	0.829927
62	10	0.859587
62	15	0.719096
62	18	0.611544
62	29	2.12753
62	59	0.75881
62	64	0.758471
62	68	0.692525
62	78	0.73281
62	81	0.734088
62	96	1.5806
62	98	0.79552
62	100	0.791203
62	119	0.714969
62	166	2.76874
63	114	2.15072
63	128	0.774998
63	129	0.777174
63	134	0.766296
63	142	0.756922
63	149	0.748393
63	155	0.756178
63	156	0.751164
63	160	0.74066
63	164	2.00791
63	170	0.756597
63	171	0.765948
63	172	0.749415
63	176	2.43691
63	178	0.65718
64	8	0.829725
64	10	0.859384
64	15	0.718893
64	18	0.611342
64	40	1.87597
64	59	0.758607
64	62	0.758471
64	68	0.692322
64	78	0.732607
64	81	0.733885
64	98	0.795318
64	100	0.791
64	119	0.714767
64	150	2.02214
64	166	2.59853
65	128	0.769908
65	142	0.751831
65	151	0.749414
65	154	0.749285
65	155	0.751088
65	156	0.746074
65	158	2.20017
65	160	0.73557
65	163	0.743257
65	169	2.07328
65	170	0.751507
65	171	0.760858
65	172	0.744325
65	179	2.32652
65	180	0.748312
66	1	0.726513
66	25	0.723627
66	50	0.762543
66	70	0.751206
66	79	0.851236
66	121	0.76428
66	122	0.767606
66	132	0.770914
66	143	0.746583
66	148	2.13677
66	166	0.718323
66	174	2.25485
66	175	2.18142
66	178	0.660461
66	180	0.756684
67	93	2.00438
67	128	1.80471
67	142	2.0192
67	145	0.743881
67	153	0.752212
67	157	0.734579
67	158	0.744161
67	159	0.746301
67	167	0.738968
67	168	0.733914
67	173	0.753082
67	174	0.751711
67	175	0.742344
67	176	0.705768
67	177	0.717899
67	179	0.736215
68	6	2.00125
68	15	0.652947
68	59	0.69266
68	62	0.692525
68	64	0.692322
68	126	0.690228
68	132	4.17676
68	154	0.690706
68	165	0.698441
68	170	0.692927
68	171	0.702278
68	172	0.685745
68	174	0.695397
68	175	0.68603
68	176	0.649454
68	179	0.679901
69	7	2.07513
69	11	0.722493
69	22	0.713536
69	50	0.746397
69	55	0.768337
69	75	0.769169
69	98	0.780176
69	119	2.98225
69	121	0.748134
69	122	0.751461
69	124	0.747423
69	132	0.754768
69	136	0.713466
69	159	1.77899
69	178	0.644315
69	180	0.740538
70	7	2.30414
70	32	0.720499
70	55	0.775412
70	66	0.751206
70	75	0.776243
70	94	0.750447
70	118	0.724877
70	122	0.758535
70	132	0.761842
70	136	0.72054
70	137	0.752452
70	161	2.33022
70	166	0.709252
70	167	2.15214
70	178	0.65139
70	180	0.747612
71	56	2.85875
71	73	1.69472
71	127	0.736612
71	142	1.47034
71	147	0.75753
71	153	0.751696
71	157	0.734062
71	161	0.736772
71	164	0.745221
71	165	0.754238
71	168	0.733397
71	174	0.751194
71	175	0.741827
71	176	0.705251
71	177	0.717383
71	179	0.735698
72	6	0.798721
72	23	0.695357
72	43	0.772492
72	47	0.678249
72	80	0.753096
72	89	0.749442
72	90	0.751363
72	101	0.777492
72	105	0.721744
72	110	0.664939
72	113	0.73644
72	116	0.720279
72	143	1.84162
72	150	0.708001
72	178	4.72833
72	180	0.737885
73	35	0.703626
73	39	0.698323
73	71	1.69472
73	111	0.752266
73	128	0.764742
73	149	0.738137
73	151	0.744248
73	154	0.744119
73	155	0.745922
73	160	0.730404
73	161	2.61404
73	163	0.738091
73	168	2.47861
73	170	0.746341
73	171	0.755692
73	172	0.739159
74	8	1.75074
74	53	0.836407
74	109	2.25314
74	130	0.761771
74	144	0.738047
74	148	0.746277
74	152	0.706036
74	161	0.728983
74	168	0.725607
74	169	0.728387
74	173	0.744776
74	174	0.743404
74	175	0.734038
74	176	0.697461
74	177	0.709593
74	180	2.02425
75	9	0.832814
75	69	0.769169
75	70	0.776243
75	79	0.876273
75	82	0.80404
75	94	0.784556
75	118	0.758986
75	122	0.792644
75	124	0.788606
75	132	0.795951
75	136	0.754649
75	139	2.34666
75	148	1.5778
75	162	1.82365
75	178	0.685498
75	179	1.85104
75	180	0.781721
76	38	2.13542
76	103	0.725324
76	122	2.07312
76	153	0.742567
76	159	0.736655
76	162	0.721765
76	165	0.745109
76	167	0.729322
76	168	0.724268
76	169	0.727048
76	170	2.18617
76	173	0.743437
76	174	0.742065
76	175	0.732698
76	176	0.696122
76	177	0.708253
76	179	0.726569
77	42	0.819442
77	43	0.814637
77	80	0.795242
77	88	0.789069
77	89	0.791588
77	90	0.793508
77	91	0.741546
77	101	0.819637
77	105	0.76389
77	113	0.778585
77	116	0.762425
77	126	1.06704
77	150	0.750147
77	162	0.715471
77	166	1.53441
77	178	4.56893
77	180	0.780031
78	15	0.693232
78	51	2.20084
78	59	0.732945
78	62	0.73281
78	64	0.732607
78	85	2.53512
78	89	0.741575
78	90	0.743496
78	113	0.728573
78	116	0.712412
78	145	2.4
78	155	0.732794
78	156	0.72778
78	163	0.724963
78	171	0.742563
78	172	0.72603
78	180	0.730018
79	50	0.853502
79	66	0.851236
79	75	0.876273
79	82	0.869962
79	94	0.850477
79	100	0.882963
79	118	0.824908
79	119	2.34498
79	121	0.855239
79	122	0.858565
79	136	0.82057
79	147	1.20618
79	157	1.47869
79	158	1.33411
79	166	0.809282
79	179	1.46046
79	180	0.847643
80	6	0.829138
80	72	0.753096
80	77	0.795242
80	87	0.723744
80	88	0.77734
80	89	0.779859
80	90	0.78178
80	101	0.807909
80	105	0.752161
80	113	0.766857
80	116	0.750696
80	143	2.83809
80	146	0.775943
80	150	0.738418
80	153	1.72
80	169	1.64548
80	179	1.89872
80	180	0.768302
81	15	0.69451
81	32	2.66997
81	59	0.734223
81	62	0.734088
81	64	0.733885
81	87	2.15068
81	136	1.93991
81	160	0.718554
81	162	0.71666
81	163	0.726241
81	165	0.740004
81	170	0.73449
81	171	0.743841
81	172	0.727308
81	173	0.738331
81	177	0.703148
81	178	0.635073
81	179	0.721464
82	9	0.826503
82	19	0.741123
82	25	0.742353
82	75	0.80404
82	79	0.869962
82	118	0.752675
82	121	0.783006
82	122	0.786332
82	130	1.61636
82	132	0.789639
82	136	0.748337
82	143	0.765309
82	150	2.39943
82	164	2.17762
82	166	0.737049
82	173	1.83152
82	178	0.679187
82	180	0.775409
83	5	2.22492
83	52	2.44701
83	123	0.759705
83	128	0.780633
83	134	0.771931
83	135	0.744281
83	142	0.762556
83	149	0.754028
83	151	0.760139
83	154	0.76001
83	155	0.761813
83	156	0.756799
83	160	0.746295
83	163	0.753982
83	169	1.6065
83	170	0.762232
83	171	0.771583
83	172	0.755049
83	174	1.70458
84	137	1.76414
84	144	0.774744
84	155	1.91879
84	158	0.772552
84	159	0.774692
84	161	0.76568
84	162	0.759802
84	164	0.774129
84	167	0.767359
84	168	0.762305
84	169	0.765084
84	171	1.68754
84	173	0.781473
84	174	0.780102
84	176	0.734159
84	177	0.74629
84	178	0.678215
84	179	0.764606
84	180	1.50162
85	38	1.6634
85	78	2.53512
85	101	1.23493
85	117	0.75143
85	137	1.7752
85	141	0.763055
85	145	0.768932
85	152	0.739393
85	162	0.756462
85	165	0.779806
85	167	0.764019
85	168	0.758964
85	169	0.761744
85	173	0.778133
85	174	0.776761
85	175	0.767395
85	176	0.730818
85	177	0.74295
85	179	0.761266
86	131	0.758552
86	139	0.740649
86	140	1.76055
86	144	0.770243
86	145	0.767771
86	151	1.67488
86	154	1.59247
86	157	0.758468
86	161	0.761179
86	163	1.82252
86	165	0.778645
86	167	0.762858
86	168	0.757803
86	169	0.760583
86	173	0.776972
86	174	0.7756
86	176	0.729657
86	177	0.741789
86	179	0.760105
87	6	0.769369
87	23	0.666004
87	42	0.747943
87	43	0.743139
87	47	0.648896
87	80	0.723744
87	81	2.15068
87	88	0.71757
87	89	0.720089
87	90	0.72201
87	96	2.36903
87	101	0.748139
87	105	0.692391
87	113	0.707087
87	116	0.690926
87	146	0.716173
87	150	0.678649
87	166	3.55717
87	180	0.708532
88	23	0.7196
88	42	0.80154
88	43	0.796735
88	47	0.702492
88	48	1.57522
88	77	0.789069
88	80	0.77734
88	87	0.71757
88	89	0.773685
88	90	0.775606
88	101	0.801735
88	103	1.95624
88	105	0.745987
88	113	0.760683
88	116	0.744522
88	139	2.56251
88	150	0.732245
88	157	2.08512
88	180	0.762128
89	43	0.799254
89	47	0.705011
89	72	0.749442
89	77	0.791588
89	78	0.741575
89	80	0.779859
89	87	0.720089
89	88	0.773685
89	90	0.778125
89	101	0.804254
89	105	0.748506
89	113	0.763202
89	116	0.747041
89	150	0.734764
89	153	1.87782
89	164	2.0499
89	166	2.8481
89	173	1.7038
89	180	0.764647
90	12	1.97827
90	47	0.706932
90	72	0.751363
90	77	0.793508
90	78	0.743496
90	80	0.78178
90	87	0.72201
90	88	0.775606
90	89	0.778125
90	101	0.806175
90	105	0.750427
90	113	0.765123
90	116	0.748962
90	119	2.31538
90	146	0.774209
90	150	0.736684
90	152	1.77603
90	166	2.22241
90	180	0.766568
91	23	0.672078
91	77	0.741546
91	94	0.717441
91	105	0.698465
91	112	2.44856
91	116	0.697
91	121	0.722202
91	122	0.725529
91	124	0.72149
91	136	0.687533
91	146	0.722247
91	153	2.85213
91	155	0.717381
91	163	0.709551
91	168	2.89891
91	170	0.7178
91	171	0.727151
91	172	0.710618
91	180	0.714606
92	95	0.746992
92	120	2.30311
92	129	0.773006
92	133	0.765018
92	134	0.762128
92	135	0.734478
92	140	0.736727
92	141	2.26127
92	145	1.83246
92	149	0.744225
92	151	0.750336
92	155	0.75201
92	156	0.746996
92	160	0.736492
92	163	0.744179
92	170	0.752429
92	171	0.76178
92	172	0.745247
92	175	2.3008
92	180	0.749234
93	67	2.00438
93	97	0.744271
93	102	0.738341
93	123	0.757216
93	135	0.741792
93	140	0.744042
93	149	0.751539
93	151	0.75765
93	154	0.757521
93	155	0.759324
93	156	0.75431
93	160	0.743806
93	163	0.751493
93	166	0.718188
93	167	2.19675
93	170	0.759743
93	171	0.769094
93	172	0.752561
93	173	2.01861
93	179	2.37136
94	11	0.73788
94	50	0.761784
94	70	0.750447
94	75	0.784556
94	79	0.850477
94	91	0.717441
94	103	1.98521
94	104	2.70305
94	118	0.73319
94	121	0.763521
94	124	0.76281
94	131	2.11627
94	132	0.770155
94	136	0.728853
94	137	0.760765
94	143	0.745824
94	158	1.96951
94	166	0.717565
94	178	0.659702
94	180	0.755925
95	39	0.706024
95	92	0.746992
95	111	0.759967
95	115	0.738068
95	129	0.774619
95	133	0.766631
95	140	0.738341
95	142	0.754367
95	151	0.751949
95	154	0.75182
95	155	0.753623
95	156	0.748609
95	163	0.745792
95	165	2.05453
95	168	2.23779
95	169	2.1165
95	170	0.754042
95	171	0.763393
95	172	0.74686
95	179	2.36974
96	2	0.807422
96	62	1.5806
96	87	2.36903
96	125	0.754581
96	127	0.74276
96	134	1.78598
96	147	0.763678
96	148	0.760214
96	159	0.751932
96	164	0.751369
96	165	0.760386
96	167	0.744599
96	168	0.739544
96	169	0.742324
96	170	1.87937
96	174	0.757341
96	175	0.747975
96	176	0.711399
96	177	0.72353
96	179	0.741846
97	38	0.770498
97	51	1.70616
97	93	0.744271
97	109	0.743558
97	128	0.762408
97	129	0.764584
97	135	0.726056
97	140	0.728306
97	142	0.744332
97	149	0.735804
97	154	0.741786
97	156	0.738575
97	157	2.62049
97	159	2.28352
97	160	0.728071
97	163	0.735758
97	166	0.702452
97	170	0.744007
97	171	0.753358
97	172	0.736825
97	175	2.37366
98	10	0.896433
98	15	0.755942
98	48	1.68786
98	59	0.795656
98	62	0.79552
98	64	0.795318
98	69	0.780176
98	118	0.769994
98	121	0.800325
98	127	1.88693
98	136	0.765656
98	145	1.4826
98	157	2.19776
98	160	0.779986
98	163	0.787673
98	165	1.86431
98	170	0.795923
98	171	0.805274
98	172	0.788741
98	178	0.696506
98	180	0.792728
99	17	1.28664
99	109	0.749684
99	123	0.747606
99	133	0.762722
99	135	0.732182
99	142	0.750458
99	144	2.43238
99	149	0.741929
99	151	0.74804
99	154	0.747911
99	155	0.749714
99	156	0.7447
99	160	0.734196
99	163	0.741883
99	167	2.70846
99	170	0.750133
99	171	0.759484
99	172	0.742951
99	173	2.53032
99	178	0.650716
99	180	0.746938
100	10	0.892115
100	15	0.751625
100	28	0.734629
100	31	0.739983
100	44	0.800227
100	49	0.794757
100	59	0.791338
100	60	0.788994
100	62	0.791203
100	64	0.791
100	79	0.882963
100	118	0.765676
100	122	0.799333
100	144	1.52751
100	146	0.796052
100	157	1.99643
100	165	1.66298
100	175	1.74961
100	176	2.40055
100	178	0.692188
100	180	0.788411
101	6	0.853534
101	12	2.34416
101	23	0.750169
101	47	0.733061
101	72	0.777492
101	77	0.819637
101	80	0.807909
101	85	1.23493
101	87	0.748139
101	88	0.801735
101	89	0.804254
101	90	0.806175
101	105	0.776556
101	112	1.21445
101	113	0.791252
101	116	0.775091
101	143	2.73611
101	146	0.800338
101	147	1.54247
101	150	0.762814
101	180	0.792697
102	53	1.54791
102	93	0.738341
102	108	0.716872
102	128	0.756478
102	133	0.750667
102	135	0.720126
102	142	0.738402
102	149	0.729874
102	150	0.704999
102	151	0.735984
102	154	0.735855
102	155	0.737658
102	156	0.732644
102	160	0.72214
102	162	2.72256
102	163	0.729827
102	170	0.738077
102	171	0.747428
102	172	0.730895
102	174	2.59479
102	175	2.52136
102	180	0.734883
103	76	0.725324
103	88	1.95624
103	94	1.98521
103	124	2.19951
103	131	0.730629
103	148	0.750549
103	150	0.71213
103	151	2.24474
103	158	0.740128
103	159	0.742267
103	162	0.727378
103	164	0.741705
103	165	0.750721
103	167	0.734935
103	168	0.72988
103	169	0.73266
103	173	0.749049
103	174	0.747677
103	175	0.73831
103	176	0.701734
103	177	0.713866
103	179	0.732181
104	94	2.70305
104	111	2.63977
104	114	0.681896
104	138	0.713856
104	147	0.719591
104	152	0.675886
104	153	0.713756
104	158	0.705705
104	161	0.698833
104	162	0.692955
104	164	0.707282
104	165	0.716299
104	167	0.700512
104	169	0.698237
104	173	0.714626
104	174	0.713254
104	175	0.703888
104	176	0.667311
104	177	0.679443
104	179	0.697759
104	180	2.68169
105	23	0.694421
105	27	0.694803
105	42	0.776361
105	43	0.771556
105	47	0.677314
105	72	0.721744
105	77	0.76389
105	80	0.752161
105	87	0.692391
105	88	0.745987
105	89	0.748506
105	90	0.750427
105	91	0.698465
105	101	0.776556
105	113	0.735504
105	116	0.719343
105	141	2.2035
105	146	0.74459
105	147	2.21735
105	175	2.24303
105	176	2.89397
105	180	0.736949
106	39	0.73467
106	57	1.43681
106	61	1.6574
106	109	0.782239
106	111	0.788613
106	115	0.766713
106	123	0.780161
106	134	0.792387
106	140	0.766986
106	142	0.783012
106	146	1.64448
106	149	0.774484
106	154	0.780466
106	155	0.782269
106	156	0.777255
106	160	0.766751
106	163	0.774438
106	164	2.12362
106	170	0.782688
106	171	0.792039
106	172	0.775506
106	177	2.53103
107	110	2.41209
107	111	0.749327
107	133	0.755992
107	134	0.753102
107	135	0.725451
107	137	0.745047
107	140	0.727701
107	141	2.38129
107	147	2.39514
107	149	0.735199
107	151	0.74131
107	154	0.741181
107	155	0.742983
107	156	0.73797
107	160	0.727466
107	166	0.701847
107	169	2.39617
107	170	0.743402
107	171	0.752753
107	172	0.73622
107	178	0.643985
107	180	0.740208
108	102	0.716872
108	119	0.694166
108	123	0.735747
108	128	0.756675
108	129	0.758851
108	140	0.722572
108	142	0.738598
108	149	0.73007
108	151	0.736181
108	152	2.64937
108	154	0.736052
108	155	0.737855
108	156	0.732841
108	160	0.722337
108	163	0.730024
108	169	2.05096
108	170	0.738273
108	171	0.747624
108	172	0.731091
108	174	2.14904
108	176	2.72655
108	180	0.735079
109	74	2.25314
109	97	0.743558
109	99	0.749684
109	106	0.782239
109	129	0.779607
109	133	0.771619
109	134	0.768729
109	135	0.741079
109	142	0.759355
109	144	1.8527
109	149	0.750827
109	151	0.756937
109	154	0.756808
109	155	0.758611
109	156	0.753597
109	157	2.32161
109	159	1.98465
109	160	0.743093
109	163	0.75078
109	170	0.75903
109	171	0.768381
109	172	0.751848
109	173	1.95064
109	180	0.755836
110	24	1.721
110	72	0.664939
110	107	2.41209
110	115	2.38045
110	127	0.757413
110	138	0.772596
110	139	0.737043
110	144	0.766637
110	152	0.734626
110	153	0.772496
110	157	0.754863
110	158	0.764445
110	159	0.766585
110	165	0.775039
110	167	0.759252
110	168	0.754198
110	169	0.756977
110	170	2.03865
110	173	0.773366
110	174	0.771995
110	175	0.762628
110	176	0.726052
110	177	0.738183
110	179	0.756499
111	2	1.4003
111	73	0.752266
111	95	0.759967
111	104	2.63977
111	106	0.788613
111	107	0.749327
111	123	0.762877
111	133	0.777994
111	134	0.775104
111	140	0.749703
111	142	0.765729
111	149	0.757201
111	151	0.763311
111	152	2.37775
111	154	0.763182
111	155	0.764985
111	160	0.749467
111	163	0.757154
111	167	1.85796
111	168	1.90062
111	170	0.765404
111	171	0.774755
111	172	0.758222
111	178	0.665987
112	25	2.6034
112	91	2.44856
112	101	1.21445
112	117	0.74108
112	120	0.741236
112	125	0.763651
112	128	1.58939
112	138	0.767013
112	147	0.772748
112	158	0.758862
112	159	0.761002
112	161	0.75199
112	164	0.760439
112	165	0.769456
112	167	0.753669
112	168	0.748614
112	169	0.751394
112	172	1.78047
112	173	0.767783
112	174	0.766411
112	175	0.757045
112	176	0.720469
112	177	0.7326
112	178	0.664525
112	179	0.750916
113	1	2.79455
113	6	0.812482
113	23	0.709117
113	27	0.709498
113	42	0.791056
113	43	0.786252
113	47	0.692009
113	72	0.73644
113	77	0.778585
113	78	0.728573
113	80	0.766857
113	87	0.707087
113	88	0.760683
113	89	0.763202
113	90	0.765123
113	101	0.791252
113	105	0.735504
113	116	0.734039
113	131	2.12373
113	146	0.759286
113	150	0.721762
113	165	1.7881
113	168	1.97137
113	179	2.10332
113	180	0.751645
114	63	2.15072
114	104	0.681896
114	127	0.718478
114	130	0.751427
114	134	2.31873
114	145	0.72523
114	152	0.695691
114	153	0.733561
114	154	2.40914
114	157	0.715928
114	158	0.725511
114	159	0.72765
114	160	2.54995
114	161	0.718638
114	164	0.727087
114	167	0.720317
114	168	0.715263
114	169	0.718042
114	173	0.734431
114	174	0.73306
114	175	0.723693
114	176	0.687117
114	177	0.699248
114	178	0.631173
114	179	0.717564
115	26	0.77948
115	58	1.79434
115	95	0.738068
115	106	0.766713
115	110	2.38045
115	126	0.740806
115	128	0.761906
115	129	0.764082
115	133	0.756094
115	135	0.725554
115	140	0.727803
115	142	0.743829
115	145	1.92083
115	149	0.735301
115	151	0.741412
115	154	0.741283
115	155	0.743086
115	156	0.738072
115	160	0.727568
115	163	0.735255
115	166	0.70195
115	170	0.743505
115	171	0.752856
115	172	0.736322
115	174	2.4626
115	175	2.38917
116	6	0.796321
116	8	0.809529
116	23	0.692956
116	27	0.693338
116	42	0.774896
116	43	0.770091
116	47	0.675848
116	72	0.720279
116	77	0.762425
116	78	0.712412
116	80	0.750696
116	87	0.690926
116	88	0.744522
116	89	0.747041
116	90	0.748962
116	91	0.697
116	101	0.775091
116	105	0.719343
116	113	0.734039
116	143	2.36107
116	146	0.743125
116	148	1.14846
116	150	0.705601
116	159	1.10297
116	166	2.21325
116	178	5.24778
116	180	0.735484
117	58	0.736412
117	85	0.75143
117	112	0.74108
117	122	1.98785
117	129	1.96119
117	130	0.757454
117	140	2.26599
117	141	0.72538
117	144	0.733729
117	147	0.745423
117	152	0.701718
117	153	0.739588
117	156	2.137
117	157	0.721954
117	158	0.731537
117	159	0.733676
117	161	0.724665
117	164	0.733114
117	165	0.742131
117	167	0.726344
117	169	0.724069
117	173	0.740458
117	174	0.739086
117	175	0.72972
117	176	0.693143
117	177	0.705275
117	179	0.723591
117	180	1.89942
118	19	0.696069
118	22	0.703353
118	25	0.697299
118	32	0.703242
118	33	5.00312
118	50	0.736214
118	55	0.758155
118	70	0.724877
118	75	0.758986
118	79	0.824908
118	82	0.752675
118	94	0.73319
118	98	0.769994
118	100	0.765676
118	121	0.737952
118	122	0.741278
118	124	0.73724
118	132	0.744585
118	136	0.703283
118	137	0.735195
118	143	0.720255
118	153	1.76617
118	158	1.81855
118	166	0.691995
118	168	1.81294
118	173	1.59215
118	178	0.634133
118	180	0.730355
119	10	0.815882
119	15	0.675391
119	59	0.715105
119	62	0.714969
119	64	0.714767
119	69	2.98225
119	79	2.34498
119	90	2.31538
119	108	0.694166
119	132	2.5354
119	134	0.725071
119	139	0.68289
119	151	0.713279
119	152	0.680473
119	163	0.707122
119	165	0.720886
119	166	0.673817
119	168	0.700044
119	170	0.715372
119	171	0.724723
119	172	0.70819
119	173	0.719213
119	174	0.717841
119	175	0.708475
119	176	0.671898
119	179	0.702346
120	33	0.636965
120	92	2.30311
120	112	0.741236
120	128	1.9454
120	130	0.757609
120	131	0.722194
120	138	0.739844
120	140	2.21477
120	144	0.733885
120	147	0.745579
120	148	0.742115
120	153	0.739744
120	157	0.72211
120	159	0.733832
120	161	0.724821
120	162	0.718943
120	163	2.27675
120	165	0.742287
120	166	0.695218
120	167	0.7265
120	168	0.721445
120	169	0.724225
120	172	2.13648
120	173	0.740614
120	174	0.739242
120	175	0.729876
120	176	0.693299
120	177	0.705431
120	179	0.723747
121	9	0.81178
121	13	0.830023
121	19	0.7264
121	21	0.68142
121	22	0.733684
121	25	0.72763
121	32	0.733573
121	41	1.49492
121	55	0.788486
121	66	0.76428
121	69	0.748134
121	79	0.855239
121	82	0.783006
121	91	0.722202
121	94	0.763521
121	98	0.800325
121	118	0.737952
121	122	0.771609
121	125	1.80012
121	132	0.774917
121	136	0.733614
121	137	0.765526
121	150	2.43141
121	161	2.21972
121	166	0.722326
121	167	2.04164
121	176	2.6386
121	178	0.664464
121	180	0.760687
122	11	0.745968
122	19	0.729727
122	22	0.737011
122	25	0.730957
122	32	0.7369
122	50	0.769872
122	66	0.767606
122	69	0.751461
122	70	0.758535
122	75	0.792644
122	76	2.07312
122	79	0.858565
122	82	0.786332
122	91	0.725529
122	100	0.799333
122	117	1.98785
122	118	0.741278
122	121	0.771609
122	124	0.770898
122	132	0.778243
122	136	0.73694
122	143	0.753912
122	148	1.88968
122	150	2.37809
122	153	1.98419
122	162	2.13553
122	166	0.725652
122	178	0.66779
122	180	0.764013
123	2	1.78144
123	54	1.87373
123	56	0.705749
123	83	0.759705
123	93	0.757216
123	99	0.747606
123	106	0.780161
123	108	0.735747
123	111	0.762877
123	129	0.777529
123	133	0.769542
123	134	0.766652
123	138	2.06929
123	140	0.741251
123	142	0.757277
123	149	0.748749
123	151	0.75486
123	152	2.75888
123	154	0.754731
123	155	0.756533
123	156	0.75152
123	160	0.741016
123	163	0.748703
123	165	2.09849
123	170	0.756952
123	171	0.766303
123	172	0.74977
123	175	2.18512
123	178	0.657535
123	180	0.753758
124	1	0.729804
124	9	0.811068
124	11	0.74193
124	13	0.829312
124	19	0.725689
124	21	0.680709
124	22	0.732972
124	25	0.726919
124	32	0.732861
124	36	1.4715
124	40	0.790053
124	50	0.765834
124	55	0.787774
124	69	0.747423
124	75	0.788606
124	91	0.72149
124	94	0.76281
124	103	2.19951
124	118	0.73724
124	122	0.770898
124	126	2.63433
124	132	0.774205
124	136	0.732902
124	137	0.764814
124	162	2.28276
124	164	2.3035
124	165	1.99493
124	166	0.721614
124	178	0.663752
124	180	0.759975
125	11	2.27791
125	45	1.89583
125	96	0.754581
125	112	0.763651
125	121	1.80012
125	127	0.747076
125	129	1.72014
125	133	1.85829
125	138	0.762259
125	141	0.747951
125	144	0.7563
125	145	0.753828
125	152	0.724289
125	153	0.762159
125	157	0.744525
125	158	0.754108
125	159	0.756248
125	161	0.747236
125	164	0.755685
125	165	0.764702
125	167	0.748915
125	168	0.74386
125	169	0.74664
125	170	1.85984
125	173	0.763029
125	174	0.761657
125	175	0.752291
125	176	0.715715
125	177	0.727846
125	179	0.746162
126	11	3.01822
126	28	0.699804
126	31	0.705158
126	37	0.723984
126	44	0.765402
126	47	1.35858
126	49	0.759932
126	50	2.2551
126	59	2.06674
126	60	0.754169
126	68	0.690228
126	77	1.06704
126	115	0.740806
126	124	2.63433
126	137	0.758425
126	146	0.761227
126	151	0.754687
126	152	0.721881
126	155	0.756361
126	159	0.75384
126	160	0.740843
126	161	0.744828
126	163	0.74853
126	165	0.762294
126	168	0.741453
126	170	0.75678
126	171	0.766131
126	172	0.749598
126	173	0.760621
126	174	0.759249
126	177	0.725438
127	48	0.761288
127	57	0.763691
127	71	0.736612
127	96	0.74276
127	98	1.88693
127	110	0.757413
127	114	0.718478
127	125	0.747076
127	129	1.84365
127	140	2.14845
127	141	0.73613
127	144	0.744479
127	149	1.89615
127	151	2.06278
127	152	0.712468
127	156	2.01947
127	157	0.732704
127	158	0.742287
127	159	0.744426
127	161	0.735415
127	162	0.729536
127	164	0.743863
127	165	0.75288
127	167	0.737093
127	168	0.732039
127	169	0.734819
127	173	0.751208
127	174	0.749836
127	175	0.740469
127	176	0.703893
127	177	0.716025
127	179	0.73434
128	35	0.735166
128	54	1.63172
128	63	0.774998
128	65	0.769908
128	67	1.80471
128	73	0.764742
128	83	0.780633
128	97	0.762408
128	102	0.756478
128	108	0.756675
128	112	1.58939
128	115	0.761906
128	120	1.9454
128	129	0.798457
128	133	0.79047
128	134	0.78758
128	140	0.762179
128	142	0.778205
128	151	0.775788
128	154	0.775659
128	155	0.777461
128	156	0.772448
128	160	0.761943
128	163	0.769631
128	170	0.77788
128	171	0.787231
128	172	0.770698
128	173	1.81894
128	174	2.01653
128	177	2.57245
128	178	0.678463
128	180	0.774686
129	63	0.777174
129	92	0.773006
129	95	0.774619
129	97	0.764584
129	108	0.758851
129	109	0.779607
129	115	0.764082
129	117	1.96119
129	123	0.777529
129	125	1.72014
129	127	1.84365
129	128	0.798457
129	135	0.762105
129	140	0.764355
129	142	0.780381
129	149	0.771853
129	150	0.746978
129	151	0.777964
129	154	0.777835
129	155	0.779637
129	156	0.774623
129	160	0.764119
129	161	2.13973
129	163	0.771807
129	165	1.82104
129	166	0.738501
129	167	1.96165
129	170	0.780056
129	171	0.789407
129	172	0.772874
129	178	0.680639
129	179	2.13626
130	13	1.27779
130	74	0.761771
130	82	1.61636
130	114	0.751427
130	117	0.757454
130	120	0.757609
130	131	0.765737
130	136	1.98695
130	138	0.783387
130	144	0.777427
130	145	0.774956
130	147	0.789121
130	149	1.62085
130	153	0.783287
130	157	0.765653
130	158	0.775236
130	159	0.777375
130	161	0.768363
130	163	1.93513
130	164	0.776812
130	166	0.738761
130	167	0.770042
130	168	0.764988
130	169	0.767768
130	170	1.70806
130	171	1.69251
130	173	0.784157
130	174	0.782785
130	175	0.773418
130	176	0.736842
130	177	0.748974
130	179	0.767289
131	30	0.706542
131	49	1.71973
131	86	0.758552
131	94	2.11627
131	103	0.730629
131	113	2.12373
131	120	0.722194
131	130	0.765737
131	138	0.747971
131	139	0.712418
131	145	0.73954
131	147	0.753706
131	148	0.750242
131	152	0.710001
131	153	0.747871
131	154	2.29339
131	157	0.730238
131	158	0.73982
131	161	0.732948
131	162	0.72707
131	164	0.741397
131	165	0.750414
131	166	0.703345
131	167	0.734627
131	168	0.729573
131	169	0.732352
131	171	2.28083
131	173	0.748741
131	175	0.738003
131	176	0.701427
131	177	0.713558
131	179	0.731874
131	180	2.09491
132	2	1.0186
132	9	0.818413
132	11	0.749275
132	13	0.836657
132	19	0.733034
132	22	0.740318
132	25	0.734264
132	27	0.725173
132	32	0.740207
132	40	0.797399
132	50	0.773179
132	66	0.770914
132	68	4.17676
132	69	0.754768
132	70	0.761842
132	75	0.795951
132	82	0.789639
132	94	0.770155
132	118	0.744585
132	119	2.5354
132	121	0.774917
132	122	0.778243
132	124	0.774205
132	136	0.740248
132	137	0.77216
132	143	0.75722
132	153	1.47215
132	159	1.33214
132	166	0.72896
132	175	1.42228
132	177	2.05164
132	178	0.671097
132	180	0.76732
133	41	1.55308
133	48	1.78274
133	92	0.765018
133	95	0.766631
133	99	0.762722
133	102	0.750667
133	107	0.755992
133	109	0.771619
133	111	0.777994
133	115	0.756094
133	123	0.769542
133	125	1.85829
133	128	0.79047
133	134	0.781768
133	135	0.754118
133	140	0.756367
133	142	0.772393
133	143	0.758773
133	147	2.02014
133	149	0.763865
133	151	0.769976
133	156	0.766636
133	159	1.95568
133	160	0.756132
133	163	0.763819
133	166	0.730514
133	170	0.772068
133	171	0.781419
133	172	0.764886
133	174	2.11925
133	176	2.69676
133	178	0.672651
133	180	0.768874
134	45	0.77582
134	63	0.766296
134	83	0.771931
134	92	0.762128
134	96	1.78598
134	106	0.792387
134	107	0.753102
134	109	0.768729
134	111	0.775104
134	114	2.31873
134	119	0.725071
134	123	0.766652
134	128	0.78758
134	133	0.781768
134	135	0.751228
134	140	0.753477
134	141	1.91445
134	142	0.769503
134	144	1.73188
134	151	0.767086
134	152	2.52775
134	154	0.766957
134	155	0.76876
134	156	0.763746
134	163	0.760929
134	166	0.727624
134	170	0.769179
134	171	0.77853
134	172	0.761996
134	173	1.82982
134	174	2.02741
134	178	0.669761
134	180	0.765984
135	38	0.768019
135	56	0.690324
135	83	0.744281
135	92	0.734478
135	93	0.741792
135	97	0.726056
135	99	0.732182
135	102	0.720126
135	107	0.725451
135	109	0.741079
135	115	0.725554
135	129	0.762105
135	133	0.754118
135	134	0.751228
135	140	0.725827
135	142	0.741853
135	149	0.733325
135	151	0.739435
135	152	2.83439
135	154	0.739306
135	155	0.741109
135	156	0.736095
135	157	2.50744
135	160	0.725591
135	163	0.733278
135	165	2.174
135	169	2.23597
135	170	0.741528
135	171	0.750879
135	172	0.734346
135	174	2.33405
135	175	2.26062
135	178	0.642111
136	1	0.695847
136	9	0.777111
136	11	0.707973
136	13	0.795354
136	19	0.691731
136	22	0.699015
136	25	0.692961
136	27	0.683871
136	32	0.698904
136	40	0.756096
136	55	0.753817
136	69	0.713466
136	70	0.72054
136	75	0.754649
136	79	0.82057
136	81	1.93991
136	82	0.748337
136	91	0.687533
136	94	0.728853
136	98	0.765656
136	118	0.703283
136	121	0.733614
136	122	0.73694
136	124	0.732902
136	130	1.98695
136	132	0.740248
136	137	0.730857
136	143	0.715917
136	158	2.4285
136	161	2.55832
136	162	2.52746
136	166	0.687657
136	177	2.95561
136	180	0.726018
137	4	2.21552
137	28	0.704148
137	30	2.43675
137	31	0.709502
137	34	0.917403
137	37	0.728328
137	44	0.769745
137	49	0.764276
137	55	0.785729
137	60	0.758513
137	61	1.86414
137	70	0.752452
137	84	1.76414
137	85	1.7752
137	94	0.760765
137	107	0.745047
137	118	0.735195
137	121	0.765526
137	124	0.764814
137	126	0.758425
137	132	0.77216
137	136	0.730857
137	144	1.88632
137	146	0.765571
137	149	0.752921
137	154	0.758902
137	156	0.755691
137	160	0.745187
137	163	0.752874
137	165	2.02179
137	170	0.761124
137	171	0.770475
137	172	0.753942
137	178	0.661707
138	14	1.47932
138	44	1.62165
138	104	0.713856
138	110	0.772596
138	112	0.767013
138	120	0.739844
138	123	2.06929
138	125	0.762259
138	130	0.783387
138	131	0.747971
138	139	0.730069
138	141	0.751314
138	145	0.75719
138	148	0.767892
138	153	0.765521
138	154	1.92856
138	157	0.747888
138	158	0.757471
138	159	0.75961
138	160	2.06937
138	161	0.750598
