1	68	0.820454
1	72	0.831945
1	85	0.860444
1	91	0.846853
1	92	0.897508
1	94	0.846773
1	106	0.777723
1	136	0.860669
1	144	0.856835
1	164	2.73301
1	171	0.805118
1	177	2.97226
2	50	2.72449
2	73	0.801058
2	153	0.841311
2	161	0.786535
2	169	0.714636
2	173	0.732637
2	174	0.765814
2	175	0.740032
2	176	0.771835
2	177	0.758216
2	179	0.761933
2	180	0.722847
3	10	0.884156
3	25	0.954156
3	26	0.870289
3	33	0.940189
3	35	0.94014
3	36	0.940144
3	40	0.940199
3	43	0.940292
3	126	2.35572
3	148	2.53575
3	156	0.995199
3	157	1.71237
4	10	0.884156
4	25	0.954156
4	26	0.870289
4	33	0.940189
4	35	0.94014
4	36	0.940144
4	40	0.940199
4	43	0.940292
4	117	2.13893
4	142	2.58642
4	156	0.995199
4	157	1.70616
5	31	0.873601
5	68	0.80702
5	85	0.84701
5	91	0.833419
5	92	0.884074
5	94	0.833339
5	112	0.798539
5	131	0.888046
5	136	0.847235
5	168	2.24744
5	171	0.791684
5	177	3.34156
6	17	0.69914
6	64	0.990081
6	160	0.905898
6	161	0.866766
6	167	0.846549
6	168	0.872765
6	169	0.794867
6	170	0.834712
6	173	0.812868
6	178	0.817409
6	179	0.842164
6	180	0.803078
7	34	0.883899
7	85	0.853419
7	91	0.839828
7	92	0.890483
7	94	0.839749
7	131	0.894456
7	136	0.853644
7	144	0.84981
7	163	3.03352
7	166	2.37793
7	171	0.798094
8	70	1.67992
8	98	0.805302
8	130	0.836801
8	133	0.846407
8	135	0.838843
8	140	0.844331
8	141	0.838791
8	143	0.838784
8	145	0.838777
8	155	0.822752
8	156	0.891886
8	172	4.80209
9	10	0.884156
9	25	0.954156
9	26	0.870289
9	33	0.940189
9	35	0.94014
9	36	0.940144
9	40	0.940199
9	43	0.940292
9	127	4.86575
9	155	1.86629
9	156	0.995199
9	167	1.682
10	3	0.884156
10	4	0.884156
10	9	0.884156
10	26	0.753446
10	33	0.823347
10	35	0.823297
10	36	0.823302
10	40	0.823357
10	43	0.82345
10	121	1.69715
10	156	0.878356
10	173	4.01025
11	12	0.834404
11	20	0.812207
11	23	0.908709
11	52	0.838062
11	56	0.83613
11	57	0.833972
11	60	0.844087
11	61	0.845825
11	66	0.827041
11	95	1.33722
11	166	0.823535
11	174	4.35768
12	11	0.834404
12	13	0.933006
12	20	0.815559
12	30	0.790338
12	56	0.839482
12	57	0.837324
12	60	0.847439
12	61	0.849177
12	66	0.830393
12	117	1.7653
12	166	0.826887
12	177	3.81296
13	12	0.933006
13	28	0.992645
13	30	0.885588
13	52	0.936664
13	56	0.934732
13	57	0.932574
13	60	0.942689
13	66	0.925643
13	137	2.42407
13	157	1.21022
13	163	3.03065
13	166	0.922137
14	15	0.799787
14	39	0.778896
14	42	0.877666
14	44	0.877676
14	47	0.840116
14	53	0.824429
14	55	0.824321
14	63	0.905789
14	79	3.07961
14	131	0.877852
14	154	2.74432
14	164	0.795372
15	14	0.799787
15	39	0.779223
15	42	0.877993
15	44	0.878003
15	47	0.840443
15	53	0.824756
15	55	0.824648
15	63	0.906116
15	131	0.878179
15	155	2.42321
15	164	0.795699
15	168	3.05759
16	24	1.43331
16	67	0.850315
16	143	0.260292
16	153	0.920065
16	161	0.865289
16	169	0.79339
16	174	0.844568
16	175	0.818786
16	176	0.850589
16	177	0.83697
16	178	0.815932
16	180	0.801601
17	6	0.69914
17	69	0.880891
17	113	0.93994
17	122	0.949234
17	133	0.944084
17	135	0.936519
17	140	0.942008
17	141	0.936468
17	143	0.936461
17	145	0.936454
17	148	1.62032
17	174	3.55773
18	20	0.918483
18	30	0.893261
18	52	0.944337
18	56	0.942405
18	57	0.940247
18	59	2.56506
18	60	0.950362
18	61	0.952101
18	66	0.933316
18	121	1.9607
18	166	0.92981
18	179	2.41924
19	27	0.871343
19	41	0.859667
19	62	0.828503
19	71	0.796635
19	81	0.833577
19	83	0.821478
19	100	0.799287
19	109	0.819591
19	111	0.805681
19	115	0.838822
19	119	0.831709
19	157	2.40402
19	165	3.39383
20	11	0.812207
20	12	0.815559
20	18	0.918483
20	23	0.889864
20	30	0.768141
20	52	0.819217
20	57	0.815127
20	60	0.825242
20	61	0.82698
20	66	0.808196
20	148	2.55103
20	159	3.46302
20	166	0.80469
21	68	0.890454
21	72	0.901945
21	85	0.930444
21	91	0.916853
21	92	0.967508
21	94	0.916773
21	106	0.847723
21	128	1.01741
21	136	0.930669
21	144	0.926835
21	159	2.45967
21	171	0.875118
21	177	3.20473
22	87	0.85057
22	88	0.857365
22	122	0.834559
22	130	0.819803
22	135	0.821844
22	140	0.827333
22	141	0.821793
22	143	0.821786
22	145	0.821779
22	155	0.805754
22	157	0.820284
22	164	3.19203
22	166	2.84326
23	11	0.908709
23	20	0.889864
23	28	0.9717
23	30	0.864643
23	52	0.915719
23	56	0.913787
23	57	0.911629
23	61	0.923482
23	66	0.904698
23	125	1.43269
23	158	3.16383
23	166	0.901192
23	170	2.49874
24	16	1.43331
24	47	0.913488
24	53	0.897801
24	55	0.897692
24	73	3.19584
24	76	0.922712
24	130	0.912717
24	131	0.951224
24	140	0.920247
24	141	0.914707
24	143	0.9147
24	145	0.914693
24	164	0.868744
25	3	0.954156
25	4	0.954156
25	9	0.954156
25	26	0.823446
25	33	0.893347
25	35	0.893297
25	36	0.893302
25	40	0.893357
25	43	0.89345
25	102	6.9
25	146	1.86693
25	148	1.34332
25	156	0.948356
26	3	0.870289
26	4	0.870289
26	9	0.870289
26	10	0.753446
26	25	0.823446
26	33	0.80948
26	35	0.80943
26	36	0.809435
26	40	0.80949
26	43	0.809583
26	134	1.77385
26	156	0.86449
26	178	4.16518
27	19	0.871343
27	58	0.913662
27	71	0.89641
27	82	0.915461
27	84	0.911807
27	100	0.899063
27	109	0.919366
27	111	0.905456
27	115	0.938598
27	119	0.931485
27	127	5.03425
27	144	1.93789
27	172	1.59887
28	13	0.992645
28	23	0.9717
28	30	0.849976
28	52	0.901053
28	56	0.89912
28	57	0.896962
28	60	0.907078
28	61	0.908816
28	66	0.890031
28	142	1.86521
28	162	2.548
28	166	0.886525
28	168	2.37125
29	71	0.878269
29	74	0.816459
29	81	0.915212
29	82	0.897319
29	83	0.903112
29	84	0.893666
29	100	0.880922
29	109	0.901225
29	111	0.887315
29	115	0.920457
29	119	0.913344
29	129	1.65455
29	152	2.47832
29	158	3.83292
30	12	0.790338
30	13	0.885588
30	18	0.893261
30	20	0.768141
30	23	0.864643
30	28	0.849976
30	52	0.793995
30	56	0.792063
30	60	0.80002
30	61	0.801759
30	66	0.782974
30	93	2.79657
30	157	3.13798
30	166	0.779468
31	5	0.873601
31	68	0.860772
31	72	0.872263
31	85	0.900761
31	91	0.887171
31	92	0.937826
31	94	0.887091
31	131	0.941798
31	136	0.900986
31	144	0.897153
31	153	1.27978
31	160	2.11594
31	170	3.87854
31	171	0.845436
32	73	2.20416
32	77	0.879436
32	87	0.911319
32	113	0.886014
32	130	0.880551
32	133	0.890158
32	135	0.882593
32	140	0.888081
32	141	0.882541
32	143	0.882534
32	145	0.882527
32	151	2.53038
32	156	0.935636
32	164	2.53883
33	3	0.940189
33	4	0.940189
33	9	0.940189
33	10	0.823347
33	25	0.893347
33	26	0.80948
33	35	0.87933
33	36	0.879335
33	40	0.87939
33	43	0.879483
33	97	2.3569
33	146	2.68492
33	156	0.93439
33	160	2.23993
34	7	0.883899
34	68	0.864661
34	72	0.876151
34	85	0.90465
34	91	0.891059
34	92	0.941714
34	94	0.89098
34	112	0.856179
34	131	0.945687
34	144	0.901041
34	147	3.75515
34	166	1.31301
34	167	2.35472
34	171	0.849325
35	3	0.94014
35	4	0.94014
35	9	0.94014
35	10	0.823297
35	25	0.893297
35	26	0.80943
35	33	0.87933
35	36	0.879285
35	40	0.879341
35	43	0.879433
35	76	0.734177
35	150	3.61012
35	156	0.93434
35	168	2.4871
36	3	0.940144
36	4	0.940144
36	9	0.940144
36	10	0.823302
36	25	0.893302
36	26	0.809435
36	33	0.879335
36	35	0.879285
36	40	0.879345
36	43	0.879438
36	80	1.63521
36	123	2.56969
36	129	2.65859
36	156	0.934345
37	75	0.855744
37	91	1.38531
37	107	0.839838
37	114	0.813981
37	146	0.862909
37	159	0.842166
37	169	0.773844
37	170	0.81369
37	173	0.791846
37	174	0.825022
37	175	0.79924
37	177	0.817424
37	179	0.821141
37	180	0.782055
38	79	0.753504
38	109	3.31019
38	144	0.805116
38	159	0.76644
38	162	0.764626
38	163	0.752414
38	165	0.779055
38	168	0.776016
38	174	0.749297
38	175	0.723514
38	176	0.755318
38	178	0.720661
38	179	0.745416
38	180	0.706329
39	14	0.778896
39	15	0.779223
39	42	0.857102
39	44	0.857113
39	47	0.819553
39	51	0.825874
39	53	0.803866
39	55	0.803757
39	63	0.885225
39	67	0.76257
39	131	0.857288
39	164	0.774808
39	165	2.27507
39	174	4.04605
40	3	0.940199
40	4	0.940199
40	9	0.940199
40	10	0.823357
40	25	0.893357
40	26	0.80949
40	33	0.87939
40	35	0.879341
40	36	0.879345
40	43	0.879493
40	132	1.44834
40	156	0.9344
40	169	4.96845
40	174	1.32283
41	19	0.859667
41	71	0.884734
41	81	0.921677
41	83	0.909577
41	84	0.900131
41	97	0.875673
41	100	0.887387
41	105	0.827689
41	111	0.89378
41	115	0.926922
41	119	0.919809
41	151	3.16188
41	157	0.929149
41	176	3.08171
42	14	0.877666
42	15	0.877993
42	39	0.857102
42	44	0.955882
42	47	0.918322
42	53	0.902635
42	55	0.902526
42	63	0.983994
42	131	0.956058
42	132	2.08493
42	138	2.01861
42	164	0.873578
42	166	2.99591
43	3	0.940292
43	4	0.940292
43	9	0.940292
43	10	0.82345
43	25	0.89345
43	26	0.809583
43	33	0.879483
43	35	0.879433
43	36	0.879438
43	40	0.879493
43	129	1.03946
43	146	2.03858
43	156	0.934493
43	178	4.04759
44	14	0.877676
44	15	0.878003
44	39	0.857113
44	42	0.955882
44	47	0.918332
44	53	0.902646
44	55	0.902537
44	63	0.984005
44	79	2.92039
44	131	0.956068
44	137	1.76343
44	164	0.873588
44	174	2.58281
45	99	0.845534
45	101	0.846109
45	107	0.873408
45	130	0.873514
45	133	0.88312
45	136	0.871209
45	139	2.39259
45	140	0.881044
45	141	0.875504
45	143	0.875497
45	145	0.87549
45	156	0.928599
45	157	0.873995
45	171	2.22843
45	179	2.97381
46	49	0.894597
46	58	0.87639
46	71	0.859138
46	74	0.797327
46	81	0.89608
46	82	0.878188
46	83	0.88398
46	84	0.874534
46	109	0.882094
46	111	0.868184
46	115	0.901325
46	119	0.894212
46	134	2.31783
46	153	1.41901
46	154	3.81213
47	14	0.840116
47	15	0.840443
47	24	0.913488
47	39	0.819553
47	42	0.918322
47	44	0.918332
47	53	0.865086
47	55	0.864977
47	63	0.946445
47	67	0.82379
47	125	2.62196
47	131	0.918508
47	157	1.54468
47	159	3.28005
47	164	0.836028
48	106	0.736547
48	141	3.48292
48	150	0.755161
48	151	0.770252
48	162	0.775168
48	168	0.786558
48	169	0.708661
48	170	0.748506
48	174	0.759839
48	175	0.734056
48	176	0.76586
48	177	0.752241
48	178	0.731203
48	179	0.755958
48	180	0.716872
49	46	0.894597
49	58	0.874413
49	71	0.857161
49	78	1.72952
49	83	0.882003
49	84	0.872557
49	100	0.859813
49	105	0.800115
49	108	0.926565
49	109	0.880117
49	111	0.866207
49	115	0.899348
49	119	0.892235
49	160	1.67644
49	175	4.20685
50	2	2.72449
50	101	0.852626
50	107	0.879924
50	120	2.36052
50	122	0.894786
50	128	1.23048
50	133	0.889637
50	135	0.882072
50	140	0.887561
50	141	0.882021
50	143	0.882013
50	145	0.882007
50	149	0.769711
50	155	0.865982
50	156	0.935115
51	39	0.825874
51	53	0.871407
51	55	0.871298
51	63	0.952766
51	64	0.882244
51	74	0.795748
51	109	0.880515
51	111	0.866605
51	115	0.899746
51	119	0.892633
51	129	2.02816
51	131	0.92483
51	132	2.35759
51	159	3.11154
51	164	0.84235
52	11	0.838062
52	13	0.936664
52	18	0.944337
52	20	0.819217
52	23	0.915719
52	28	0.901053
52	30	0.793995
52	56	0.843139
52	57	0.840982
52	60	0.851097
52	61	0.852835
52	66	0.83405
52	110	3.20831
52	153	2.01094
52	155	2.39291
52	166	0.830545
53	14	0.824429
53	15	0.824756
53	24	0.897801
53	39	0.803866
53	42	0.902635
53	44	0.902646
53	47	0.865086
53	51	0.871407
53	55	0.84929
53	63	0.930758
53	67	0.808103
53	131	0.902821
53	163	2.91227
53	164	0.820341
53	171	2.14024
53	179	2.88562
54	72	1.00992
54	87	0.519414
54	143	0.207071
54	152	0.872718
54	159	0.886429
54	162	0.884614
54	168	0.896005
54	170	0.857953
54	172	0.849267
54	173	0.836109
54	175	0.843503
54	176	0.875306
54	177	0.861687
54	178	0.840649
54	179	0.865404
54	180	0.826318
55	14	0.824321
55	15	0.824648
55	24	0.897692
55	39	0.803757
55	42	0.902526
55	44	0.902537
55	47	0.864977
55	51	0.871298
55	53	0.84929
55	63	0.930649
55	67	0.807994
55	105	2.61853
55	131	0.902713
55	139	1.41558
55	164	0.820233
55	180	4.13365
56	11	0.83613
56	12	0.839482
56	13	0.934732
56	18	0.942405
56	23	0.913787
56	28	0.89912
56	30	0.792063
56	52	0.843139
56	57	0.839049
56	60	0.849164
56	61	0.850903
56	66	0.832118
56	116	2.82918
56	128	1.48506
56	161	3.20885
56	166	0.828612
57	11	0.833972
57	12	0.837324
57	13	0.932574
57	18	0.940247
57	20	0.815127
57	23	0.911629
57	28	0.896962
57	52	0.840982
57	56	0.839049
57	60	0.847007
57	61	0.848745
57	66	0.82996
57	123	2.19905
57	142	2.51622
57	166	0.826454
57	168	3.02226
58	27	0.913662
58	46	0.87639
58	49	0.874413
58	62	0.870821
58	64	0.863639
58	74	0.777143
58	75	3.47553
58	82	0.858004
58	83	0.863797
58	100	0.841606
58	109	0.86191
58	111	0.848
58	115	0.881141
58	119	0.874028
58	148	2.46336
58	153	2.00994
59	18	2.56506
59	81	1.04904
59	128	0.875381
59	158	0.787481
59	160	0.857725
59	162	0.8132
59	163	0.800988
59	167	0.798376
59	168	0.824591
59	170	0.786539
59	173	0.764695
59	174	0.797871
59	175	0.772089
59	178	0.769235
59	179	0.79399
59	180	0.754904
60	11	0.844087
60	12	0.847439
60	13	0.942689
60	18	0.950362
60	20	0.825242
60	28	0.907078
60	30	0.80002
60	52	0.851097
60	56	0.849164
60	57	0.847007
60	61	0.85886
60	66	0.840076
60	152	3.80642
60	155	2.27914
60	157	1.52721
60	166	0.83657
61	11	0.845825
61	12	0.849177
61	18	0.952101
61	20	0.82698
61	23	0.923482
61	28	0.908816
61	30	0.801759
61	52	0.852835
61	56	0.850903
61	57	0.848745
61	60	0.85886
61	66	0.841814
61	78	2.2045
61	162	2.50836
61	166	0.838308
61	176	3.09787
62	19	0.828503
62	58	0.870821
62	74	0.791759
62	79	0.824583
62	81	0.890512
62	82	0.87262
62	83	0.878412
62	84	0.868966
62	100	0.856222
62	109	0.876526
62	111	0.862616
62	115	0.895757
62	119	0.888644
62	151	2.79732
62	164	2.80577
62	171	2.34056
63	14	0.905789
63	15	0.906116
63	39	0.885225
63	42	0.983994
63	44	0.984005
63	47	0.946445
63	51	0.952766
63	53	0.930758
63	55	0.930649
63	67	0.889462
63	106	3.20419
63	131	0.984181
63	158	3.08673
63	159	1.1883
63	161	1.46983
63	164	0.9017
64	6	0.990081
64	51	0.882244
64	58	0.863639
64	71	0.846387
64	81	0.883329
64	82	0.865437
64	83	0.87123
64	84	0.861783
64	100	0.849039
64	105	0.789341
64	109	0.869343
64	110	2.65522
64	111	0.855433
64	115	0.888574
64	119	0.881461
64	121	3.15069
65	69	0.866745
65	98	0.888832
65	122	0.935087
65	130	0.920331
65	133	0.929938
65	135	0.922373
65	136	0.918027
65	137	2.23191
65	140	0.927861
65	141	0.922321
65	143	0.922314
65	144	2.12727
65	145	0.922307
65	155	0.906283
65	157	0.920812
65	163	2.83848
65	171	2.06646
66	11	0.827041
66	12	0.830393
66	13	0.925643
66	18	0.933316
66	20	0.808196
66	23	0.904698
66	28	0.890031
66	30	0.782974
66	52	0.83405
66	56	0.832118
66	57	0.82996
66	60	0.840076
66	61	0.841814
66	89	2.0804
66	146	3.26139
66	160	2.8164
66	166	0.819523
67	16	0.850315
67	39	0.76257
67	47	0.82379
67	53	0.808103
67	55	0.807994
67	63	0.889462
67	84	1.36938
67	131	0.861526
67	143	1.77356
67	152	0.764493
67	164	0.779045
67	167	0.761565
67	174	0.76106
67	176	0.767082
67	177	0.753463
67	178	0.732425
67	179	0.757179
67	180	0.718093
68	1	0.820454
68	5	0.80702
68	21	0.890454
68	31	0.860772
68	34	0.864661
68	72	0.805682
68	76	0.890365
68	85	0.834181
68	91	0.82059
68	92	0.871245
68	94	0.82051
68	126	2.57998
68	131	0.875218
68	136	0.834406
68	138	2.85174
68	144	0.830572
68	165	2.92645
68	171	0.778855
69	17	0.880891
69	65	0.866745
69	88	0.863206
69	99	0.797664
69	104	0.839062
69	112	2.14109
69	113	0.831106
69	117	0.826968
69	122	0.840399
69	130	0.825644
69	133	0.83525
69	140	0.833174
69	141	0.827634
69	143	0.827626
69	145	0.82762
69	147	4.25452
69	156	0.880728
69	176	2.07254
70	8	1.67992
70	100	1.1271
70	122	0.0799924
70	139	0.94417
70	151	0.921441
70	156	0.510222
70	159	0.928172
70	167	0.911533
70	169	0.85985
70	170	0.899695
70	172	0.89101
70	173	0.877851
70	175	0.885246
70	176	0.917049
70	177	0.90343
70	178	0.882392
70	179	0.907147
70	180	0.868061
71	19	0.796635
71	27	0.89641
71	29	0.878269
71	41	0.884734
71	46	0.859138
71	49	0.857161
71	64	0.846387
71	79	0.792715
71	81	0.858644
71	97	0.81264
71	100	0.824354
71	105	0.764656
71	109	0.844658
71	111	0.830748
71	117	2.40552
71	119	0.856776
71	153	2.34272
71	162	3.53581
72	1	0.831945
72	21	0.901945
72	31	0.872263
72	34	0.876151
72	54	1.00992
72	68	0.805682
72	85	0.845672
72	91	0.832081
72	92	0.882736
72	94	0.832001
72	106	0.762951
72	112	0.797201
72	131	0.886708
72	136	0.845897
72	144	0.842063
72	150	3.42849
72	161	2.93607
72	171	0.790346
73	2	0.801058
73	24	3.19584
73	32	2.20416
73	102	0.763093
73	132	0.847842
73	137	0.823103
73	150	0.78588
73	151	0.80097
73	160	0.850411
73	169	0.73938
73	173	0.757381
73	174	0.790557
73	175	0.764775
73	176	0.796579
73	177	0.78296
73	178	0.761922
73	179	0.786676
73	180	0.74759
74	29	0.816459
74	46	0.797327
74	51	0.795748
74	58	0.777143
74	62	0.791759
74	81	0.796834
74	82	0.778941
74	83	0.784734
74	84	0.775288
74	97	0.75083
74	100	0.762544
74	108	0.829295
74	109	0.782847
74	111	0.768937
74	115	0.802079
74	119	0.794966
74	165	3.3108
74	171	4.09695
75	37	0.855744
75	58	3.47553
75	119	1.15702
75	127	0.766309
75	129	0.862601
75	147	0.772943
75	152	0.789468
75	163	0.789152
75	165	0.815794
75	169	0.734857
75	170	0.774702
75	172	0.766017
75	173	0.752858
75	174	0.786035
75	175	0.760253
75	176	0.792056
75	177	0.778437
75	178	0.757399
75	180	0.743068
76	24	0.922712
76	35	0.734177
76	68	0.890365
76	84	0.228868
76	91	0.916764
76	92	0.967419
76	94	0.916684
76	101	1.75674
76	136	0.93058
76	144	0.926746
76	150	0.866249
76	152	0.874359
76	170	0.859594
76	171	0.875029
76	176	0.876948
76	177	0.863329
76	178	0.842291
76	179	0.867045
76	180	0.827959
77	32	0.879436
77	87	0.908882
77	98	0.846616
77	101	0.85071
77	103	0.872162
77	104	0.891533
77	113	0.883577
77	116	2.13844
77	133	0.887721
77	134	1.77
77	135	0.880156
77	136	0.87581
77	140	0.885645
77	141	0.880105
77	143	0.880098
77	145	0.880091
77	149	0.767795
77	150	3.01054
77	156	0.9332
77	179	3.02255
78	49	1.72952
78	61	2.2045
78	121	0.858951
78	126	0.881169
78	132	0.874986
78	146	0.855588
78	151	0.828114
78	156	1.03882
78	159	0.834845
78	160	0.877555
78	163	0.820818
78	167	0.818206
78	169	0.766523
78	170	0.806369
78	173	0.784525
78	175	0.791919
78	176	0.823722
78	178	0.789065
78	179	0.81382
78	180	0.774734
79	14	3.07961
79	38	0.753504
79	44	2.92039
79	62	0.824583
79	71	0.792715
79	82	0.811765
79	84	0.808112
79	100	0.795368
79	109	0.815671
79	115	0.834903
79	119	0.82779
79	147	0.746429
79	161	0.780242
79	170	0.748189
79	172	0.739503
79	176	0.765542
79	177	0.751923
79	178	0.730885
79	179	0.75564
79	180	0.716554
80	36	1.63521
80	88	0.583785
80	104	0.303374
80	122	0.556146
80	148	0.94025
80	150	0.877112
80	151	0.892202
80	162	0.897119
80	168	0.908509
80	169	0.830612
80	170	0.870457
80	172	0.861771
80	173	0.848613
80	174	0.88179
80	175	0.856007
80	176	0.887811
80	177	0.874192
80	178	0.853154
80	179	0.877909
80	180	0.838822
81	19	0.833577
81	29	0.915212
81	41	0.921677
81	46	0.89608
81	59	1.04904
81	62	0.890512
81	64	0.883329
81	71	0.858644
81	74	0.796834
81	82	0.877694
81	84	0.874041
81	97	0.849583
81	100	0.861297
81	109	0.8816
81	111	0.86769
81	115	0.900832
81	119	0.893719
81	144	1.67081
81	149	5.38528
81	174	1.14266
82	27	0.915461
82	29	0.897319
82	46	0.878188
82	58	0.858004
82	62	0.87262
82	64	0.865437
82	74	0.778941
82	79	0.811765
82	81	0.877694
82	83	0.865595
82	84	0.856148
82	90	1.5519
82	100	0.843404
82	108	0.910156
82	109	0.863708
82	111	0.849798
82	115	0.882939
82	119	0.875826
82	134	1.98265
82	162	2.27692
82	178	4.37398
83	19	0.821478
83	29	0.903112
83	41	0.909577
83	46	0.88398
83	49	0.882003
83	58	0.863797
83	62	0.878412
83	64	0.87123
83	74	0.784734
83	82	0.865595
83	97	0.837483
83	105	0.789499
83	108	0.915949
83	109	0.869501
83	111	0.855591
83	112	3.69628
83	115	0.888732
83	119	0.881619
83	142	2.35545
83	157	1.47518
83	160	2.6813
84	27	0.911807
84	29	0.893666
84	41	0.900131
84	46	0.874534
84	49	0.872557
84	62	0.868966
84	64	0.861783
84	67	1.36938
84	74	0.775288
84	76	0.228868
84	79	0.808112
84	81	0.874041
84	82	0.856148
84	100	0.839751
84	108	0.906502
84	109	0.860054
84	111	0.846144
84	115	0.879286
84	119	0.872173
84	144	1.54891
84	180	5.30195
85	1	0.860444
85	5	0.84701
85	7	0.853419
85	21	0.930444
85	31	0.900761
85	34	0.90465
85	68	0.834181
85	72	0.845672
85	91	0.86058
85	92	0.911235
85	94	0.8605
85	97	1.68036
85	106	0.79145
85	112	0.8257
85	131	0.915207
85	136	0.874395
85	144	0.870562
85	166	2.24966
85	168	1.74357
85	171	0.818845
85	173	4.73316
86	91	1.3851
86	99	0.471666
86	102	0.79581
86	103	1.49427
86	150	0.818596
86	153	0.898771
86	154	0.830065
86	158	0.812884
86	161	0.843995
86	163	0.826391
86	168	0.849993
86	169	0.772096
86	170	0.811941
86	172	0.803255
86	173	0.790097
86	174	0.823274
86	175	0.797491
86	176	0.829295
86	178	0.794638
86	179	0.819393
86	180	0.780307
87	22	0.85057
87	32	0.911319
87	54	0.519414
87	77	0.908882
87	96	0.927015
87	101	0.882592
87	103	0.904044
87	107	0.909891
87	121	2.49146
87	130	0.909997
87	133	0.919603
87	135	0.912039
87	136	0.907692
87	137	2.37007
87	140	0.917527
87	141	0.911987
87	143	0.91198
87	145	0.911973
87	151	2.66138
87	152	2.70786
87	155	0.895948
87	157	0.910478
88	22	0.857365
88	69	0.863206
88	80	0.583785
88	89	1.4253
88	96	0.93381
88	103	0.910839
88	107	0.916686
88	113	0.922254
88	122	0.931548
88	130	0.916792
88	133	0.926398
88	135	0.918834
88	139	2.8953
88	140	0.924322
88	141	0.918782
88	143	0.918775
88	145	0.918768
88	149	0.806472
88	155	0.902743
88	157	0.917273
88	165	1.94499
88	167	3.88929
89	66	2.0804
89	88	1.4253
89	108	0.713064
89	120	0.898283
89	132	0.914811
89	139	0.890669
89	152	0.860959
89	156	0.249749
89	158	0.847136
89	160	0.91738
89	163	0.860643
89	167	0.858031
89	169	0.806349
89	170	0.846194
89	172	0.837508
89	173	0.82435
89	174	0.857526
89	175	0.831744
89	177	0.849929
89	178	0.82889
89	179	0.853645
89	180	0.814559
90	82	1.5519
90	92	1.20717
90	98	0.816846
90	109	1.99107
90	127	0.766661
90	130	0.848346
90	133	0.857952
90	135	0.850387
90	138	0.845902
90	140	0.855876
90	141	0.850336
90	143	0.850328
90	145	0.850322
90	156	0.90343
90	169	0.73521
90	172	0.766369
90	173	0.753211
90	174	0.786387
90	177	0.77879
90	178	0.757752
90	179	0.782506
90	180	0.74342
91	1	0.846853
91	5	0.833419
91	7	0.839828
91	21	0.916853
91	31	0.887171
91	34	0.891059
91	37	1.38531
91	68	0.82059
91	72	0.832081
91	76	0.916764
91	85	0.86058
91	86	1.3851
91	92	0.897644
91	94	0.846909
91	106	0.777859
91	112	0.812109
91	131	0.901616
91	136	0.860805
91	144	0.856971
91	155	2.00689
91	171	0.805254
91	179	3.77631
92	1	0.897508
92	5	0.884074
92	7	0.890483
92	21	0.967508
92	31	0.937826
92	34	0.941714
92	68	0.871245
92	72	0.882736
92	76	0.967419
92	85	0.911235
92	90	1.20717
92	91	0.897644
92	94	0.897564
92	106	0.828514
92	110	1.93647
92	118	1.15385
92	124	3.03195
92	131	0.952271
92	136	0.91146
92	144	0.907626
92	170	3.33786
92	171	0.855909
93	30	2.79657
93	132	0.909541
93	135	0.175665
93	136	0.334483
93	138	0.911771
93	145	0.88043
93	146	0.890143
93	152	0.855689
93	162	0.867585
93	163	0.855373
93	164	0.870241
93	167	0.852761
93	168	0.878976
93	169	0.801078
93	170	0.840924
93	172	0.832238
93	173	0.819079
93	174	0.852256
93	176	0.858277
93	177	0.844658
93	179	0.848375
93	180	0.809289
94	1	0.846773
94	5	0.833339
94	7	0.839749
94	21	0.916773
94	31	0.887091
94	34	0.89098
94	68	0.82051
94	72	0.832001
94	76	0.916684
94	85	0.8605
94	91	0.846909
94	92	0.897564
94	106	0.777779
94	112	0.812029
94	131	0.901537
94	136	0.860725
94	144	0.856891
94	154	3.17451
94	155	1.16336
94	167	3.34554
94	171	0.805174
94	174	3.17222
95	11	1.33722
95	100	1.71496
95	113	0.709429
95	125	0.904333
95	132	0.906551
95	140	0.766275
95	158	0.838876
95	160	0.90912
95	161	0.869987
95	165	0.879025
95	167	0.849771
95	168	0.875986
95	170	0.837933
95	171	0.853369
95	172	0.829248
95	174	0.849266
95	175	0.823484
95	176	0.855287
95	177	0.841668
95	178	0.82063
95	179	0.845385
95	180	0.806299
96	87	0.927015
96	88	0.93381
96	98	0.864749
96	99	0.868268
96	101	0.868843
96	103	0.890295
96	107	0.896142
96	108	0.936888
96	114	4.07554
96	130	0.896248
96	133	0.905854
96	135	0.898289
96	138	1.26309
96	140	0.903778
96	141	0.898238
96	143	0.898231
96	145	0.898224
96	149	0.785928
96	154	2.08964
96	155	0.882199
96	156	0.951333
96	164	1.56773
96	172	3.38065
97	33	2.3569
97	41	0.875673
97	71	0.81264
97	74	0.75083
97	81	0.849583
97	83	0.837483
97	85	1.68036
97	109	0.835596
97	111	0.821686
97	112	0.790404
97	115	0.854828
97	119	0.847715
97	135	1.84018
97	142	0.826015
97	160	0.8393
97	161	0.800168
97	165	0.809205
97	172	0.759428
97	175	0.753664
97	177	0.771849
97	178	0.75081
97	179	0.775565
97	180	0.736479
98	8	0.805302
98	65	0.888832
98	77	0.846616
98	90	0.816846
98	96	0.864749
98	101	0.820326
98	104	0.861149
98	107	0.847624
98	113	0.853193
98	122	0.862486
98	125	2.33947
98	126	1.90554
98	130	0.847731
98	133	0.857337
98	135	0.849772
98	136	0.845426
98	140	0.855261
98	141	0.849721
98	143	0.849713
98	145	0.849707
98	155	0.833682
98	161	3.2791
98	176	3.41475
99	45	0.845534
99	69	0.797664
99	86	0.471666
99	96	0.868268
99	101	0.823845
99	104	0.864668
99	107	0.851144
99	112	2.56263
99	113	0.856712
99	122	0.866006
99	130	0.85125
99	133	0.860856
99	135	0.853291
99	136	0.848945
99	140	0.85878
99	141	0.85324
99	143	0.853233
99	145	0.853226
99	149	0.74093
99	150	2.85085
99	156	0.906335
99	157	0.851731
99	178	4.00164
100	19	0.799287
100	27	0.899063
100	29	0.880922
100	41	0.887387
100	49	0.859813
100	58	0.841606
100	62	0.856222
100	64	0.849039
100	70	1.1271
100	71	0.824354
100	74	0.762544
100	79	0.795368
100	81	0.861297
100	82	0.843404
100	84	0.839751
100	95	1.71496
100	108	0.893758
100	109	0.84731
100	111	0.8334
100	115	0.866542
100	119	0.859429
100	128	2.26775
100	162	3.53769
101	45	0.846109
101	50	0.852626
101	76	1.75674
101	77	0.85071
101	87	0.882592
101	96	0.868843
101	98	0.820326
101	99	0.823845
101	103	0.845872
101	104	0.865243
101	107	0.851719
101	118	2.90807
101	122	0.866581
101	128	2.41646
101	133	0.861431
101	135	0.853866
101	140	0.859355
101	141	0.853815
101	143	0.853808
101	145	0.853801
101	149	0.741505
101	153	2.49332
101	157	0.852306
102	25	6.9
102	73	0.763093
102	86	0.79581
102	149	0.679488
102	153	0.803346
102	154	0.734641
102	158	0.717459
102	159	0.744993
102	160	0.787703
102	165	0.757608
102	166	0.758201
102	167	0.728354
102	168	0.754569
102	169	0.676672
102	172	0.707831
102	173	0.694673
102	174	0.727849
102	175	0.702067
102	176	0.733871
102	177	0.720252
102	178	0.699214
102	179	0.723968
102	180	0.684882
103	77	0.872162
103	86	1.49427
103	87	0.904044
103	88	0.910839
103	96	0.890295
103	101	0.845872
103	104	0.886695
103	107	0.873171
103	108	0.913917
103	113	0.878739
103	117	0.874602
103	122	0.888033
103	129	2.01612
103	132	2.34554
103	133	0.882883
103	135	0.875319
103	138	2.27923
103	140	0.880807
103	141	0.875267
103	143	0.87526
103	145	0.875253
103	156	0.928362
103	157	0.873758
103	171	3.14009
104	69	0.839062
104	77	0.891533
104	80	0.303374
104	98	0.861149
104	99	0.864668
104	101	0.865243
104	103	0.886695
104	107	0.892542
104	113	0.89811
104	114	4.62446
104	117	0.893973
104	120	1.29862
104	122	0.907404
104	133	0.902254
104	135	0.89469
104	140	0.900178
104	141	0.894638
104	143	0.894631
104	145	0.894624
104	149	0.782328
104	156	0.947733
104	157	0.893129
104	159	1.61084
104	178	3.53559
105	41	0.827689
105	49	0.800115
105	55	2.61853
105	64	0.789341
105	71	0.764656
105	83	0.789499
105	108	0.834061
105	109	0.787613
105	111	0.773703
105	115	0.806844
105	119	0.799731
105	138	0.790977
105	156	3.85431
105	157	0.793902
105	159	0.748606
105	161	0.752184
105	164	0.749447
105	167	0.731967
105	172	0.711444
105	173	0.698286
105	175	0.70568
105	177	0.723865
105	178	0.702827
105	179	0.727581
105	180	0.688495
106	1	0.777723
106	21	0.847723
106	48	0.736547
106	63	3.20419
106	72	0.762951
106	85	0.79145
106	91	0.777859
106	92	0.828514
106	94	0.777779
106	112	0.742979
106	120	0.772778
106	137	0.764568
106	139	0.765164
106	141	3.27872
106	144	0.787841
106	148	0.790482
106	161	0.752743
106	162	0.747351
106	168	0.758741
106	171	0.736124
106	176	0.738043
106	177	0.724424
106	178	0.703386
106	179	0.728141
106	180	0.689054
107	37	0.839838
107	45	0.873408
107	50	0.879924
107	87	0.909891
107	88	0.916686
107	96	0.896142
107	98	0.847624
107	99	0.851144
107	101	0.851719
107	103	0.873171
107	104	0.892542
107	113	0.884586
107	130	0.879124
107	132	1.6909
107	133	0.88873
107	135	0.881165
107	140	0.886654
107	141	0.881114
107	143	0.881107
107	145	0.8811
107	149	0.768804
107	157	0.879605
107	161	2.72639
107	163	3.25747
107	179	3.23083
108	49	0.926565
108	74	0.829295
108	82	0.910156
108	83	0.915949
108	84	0.906502
108	89	0.713064
108	96	0.936888
108	100	0.893758
108	103	0.913917
108	105	0.834061
108	111	0.900152
108	115	0.933293
108	119	0.92618
108	122	0.934626
108	135	0.921911
108	140	0.9274
108	141	0.92186
108	143	0.921853
108	145	0.921846
108	153	1.36755
108	155	0.905821
108	157	0.920351
108	168	1.62925
108	175	3.97947
108	176	2.3955
108	179	2.76429
109	19	0.819591
109	27	0.919366
109	29	0.901225
109	38	3.31019
109	46	0.882094
109	49	0.880117
109	51	0.880515
109	58	0.86191
109	62	0.876526
109	64	0.869343
109	71	0.844658
109	74	0.782847
109	79	0.815671
109	81	0.8816
109	82	0.863708
109	83	0.869501
109	84	0.860054
109	90	1.99107
109	97	0.835596
109	100	0.84731
109	105	0.787613
109	111	0.853704
109	115	0.886845
109	119	0.879732
109	155	1.90496
109	157	1.15303
109	168	2.53934
110	52	3.20831
110	64	2.65522
110	92	1.93647
110	125	0.840165
110	127	0.765372
110	138	0.844613
110	148	0.843558
110	155	0.833007
110	158	0.774708
110	160	0.844952
110	161	0.805819
110	165	0.814857
110	166	0.81545
110	167	0.785603
110	168	0.811818
110	169	0.73392
110	170	0.773766
110	172	0.76508
110	173	0.751921
110	174	0.785098
110	175	0.759316
110	176	0.791119
110	177	0.7775
110	178	0.756462
110	179	0.781217
110	180	0.742131
111	19	0.805681
111	27	0.905456
111	29	0.887315
111	41	0.89378
111	46	0.868184
111	49	0.866207
111	51	0.866605
111	58	0.848
111	62	0.862616
111	64	0.855433
111	71	0.830748
111	74	0.768937
111	81	0.86769
111	82	0.849798
111	83	0.855591
111	84	0.846144
111	97	0.821686
111	100	0.8334
111	105	0.773703
111	108	0.900152
111	109	0.853704
111	115	0.872935
111	119	0.865822
111	134	1.48009
111	149	7.21472
111	155	0.963237
111	162	1.77436
111	171	1.98727
112	5	0.798539
112	34	0.856179
112	69	2.14109
112	72	0.797201
112	83	3.69628
112	85	0.8257
112	91	0.812109
112	94	0.812029
112	97	0.790404
112	99	2.56263
112	106	0.742979
112	131	0.866736
112	136	0.825925
112	144	0.822091
112	149	0.71791
112	154	0.773063
112	160	0.826125
112	165	0.79603
112	167	0.766776
112	168	0.792991
112	171	0.770374
112	172	0.746253
112	173	0.733095
112	174	0.766271
112	175	0.740489
112	177	0.758673
112	178	0.737635
112	180	0.723304
113	17	0.93994
113	32	0.886014
113	69	0.831106
113	77	0.883577
113	88	0.922254
113	95	0.709429
113	98	0.853193
113	99	0.856712
113	103	0.878739
113	104	0.89811
113	107	0.884586
113	117	0.886017
113	122	0.899448
113	130	0.884692
113	133	0.894298
113	135	0.886734
113	136	0.882387
113	137	2.91052
113	140	0.892222
113	141	0.886682
113	143	0.886675
113	145	0.886668
113	148	1.79249
113	149	0.774372
113	155	0.870643
113	156	0.939777
113	165	1.95892
113	176	3.12167
113	177	3.44953
114	37	0.813981
114	96	4.07554
114	104	4.62446
114	124	0.756222
114	127	0.724547
114	129	0.820839
114	138	0.803788
114	139	0.777415
114	146	0.78216
114	149	0.695911
114	152	0.747705
114	159	0.761417
114	160	0.804126
114	161	0.764994
114	162	0.759602
114	165	0.774031
114	166	0.774625
114	167	0.744777
114	168	0.770993
114	169	0.693095
114	170	0.73294
114	172	0.724254
114	173	0.711096
114	175	0.718491
114	176	0.750294
114	177	0.736675
114	178	0.715637
114	179	0.740392
114	180	0.701306
115	19	0.838822
115	27	0.938598
115	29	0.920457
115	41	0.926922
115	46	0.901325
115	49	0.899348
115	51	0.899746
115	58	0.881141
115	62	0.895757
115	64	0.888574
115	74	0.802079
115	79	0.834903
115	81	0.900832
115	82	0.882939
115	83	0.888732
115	84	0.879286
115	97	0.854828
115	100	0.866542
115	105	0.806844
115	108	0.933293
115	109	0.886845
115	111	0.872935
115	117	0.983977
115	119	0.898964
115	123	1.1143
115	159	2.28657
115	165	1.54102
115	172	4.60529
115	175	4.28773
116	56	2.82918
116	77	2.13844
116	122	2.56477
116	124	0.790315
116	132	0.835652
116	138	0.837882
116	150	0.773689
116	152	0.781799
116	153	0.853864
116	154	0.785158
116	159	0.795511
116	160	0.83822
116	161	0.799088
116	163	0.781484
116	164	0.796352
116	166	0.808719
116	167	0.778871
116	169	0.727189
116	170	0.767034
116	172	0.758348
116	173	0.74519
116	174	0.778367
116	175	0.752584
116	176	0.784388
116	177	0.770769
116	178	0.749731
116	179	0.774486
116	180	0.7354
117	4	2.13893
117	12	1.7653
117	69	0.826968
117	71	2.40552
117	103	0.874602
117	104	0.893973
117	113	0.886017
117	115	0.983977
117	122	0.895311
117	124	0.830545
117	125	0.873664
117	130	0.880555
117	131	0.388574
117	136	0.87825
117	141	0.882545
117	143	0.882538
117	145	0.882531
117	146	0.856484
117	157	0.881036
117	160	0.87845
117	163	0.821714
117	167	0.819101
117	169	0.767419
117	172	0.798578
117	174	0.818597
117	175	0.792814
117	178	0.789961
117	179	0.814716
117	180	0.775629
118	92	1.15385
118	101	2.90807
118	122	1.71225
118	131	0.74052
118	134	0.87199
118	142	0.857526
118	146	0.848844
118	148	0.869417
118	150	0.806279
118	151	0.82137
118	152	0.81439
118	158	0.800567
118	160	0.870811
118	161	0.831678
118	165	0.840716
118	167	0.811462
118	168	0.837677
118	169	0.759779
118	171	0.81506
118	172	0.790939
118	173	0.777781
118	174	0.810957
118	175	0.785175
118	176	0.816978
118	177	0.803359
118	178	0.782321
118	179	0.807076
118	180	0.76799
119	19	0.831709
119	27	0.931485
119	29	0.913344
119	41	0.919809
119	46	0.894212
119	49	0.892235
119	51	0.892633
119	58	0.874028
119	62	0.888644
119	64	0.881461
119	71	0.856776
119	74	0.794966
119	75	1.15702
119	79	0.82779
119	81	0.893719
119	82	0.875826
119	83	0.881619
119	84	0.872173
119	97	0.847715
119	100	0.859429
119	105	0.799731
119	108	0.92618
119	109	0.879732
119	111	0.865822
119	115	0.898964
119	152	1.60066
119	158	2.95527
119	164	1.56263
119	167	2.25557
119	180	4.91127
120	50	2.36052
120	89	0.898283
120	104	1.29862
120	106	0.772778
120	124	0.808019
120	127	0.776344
120	129	0.872636
120	130	1.6119
120	131	1.37895
120	137	0.828616
120	142	0.842639
120	148	0.85453
120	152	0.799503
120	153	0.871567
120	158	0.78568
120	159	0.813214
120	160	0.855924
120	162	0.811399
120	163	0.799187
120	165	0.825829
120	167	0.796575
120	168	0.82279
120	170	0.784738
120	172	0.776052
120	173	0.762894
120	174	0.79607
120	176	0.802091
120	179	0.792189
120	180	0.753103
121	10	1.69715
121	18	1.9607
121	64	3.15069
121	78	0.858951
121	87	2.49146
121	129	0.873129
121	139	0.829706
121	142	0.843132
121	146	0.83445
121	147	0.783471
121	152	0.799996
121	154	0.803355
121	158	0.786173
121	159	0.813707
121	160	0.856417
121	162	0.811892
121	163	0.79968
121	166	0.826915
121	167	0.797068
121	168	0.823283
121	169	0.745386
121	171	0.800666
121	172	0.776545
121	173	0.763387
121	174	0.796563
121	175	0.770781
121	176	0.802585
121	177	0.788966
121	178	0.767928
121	179	0.792682
121	180	0.753596
122	17	0.949234
122	22	0.834559
122	50	0.894786
122	65	0.935087
122	69	0.840399
122	70	0.0799924
122	80	0.556146
122	88	0.931548
122	98	0.862486
122	99	0.866006
122	101	0.866581
122	103	0.888033
122	104	0.907404
122	108	0.934626
122	113	0.899448
122	116	2.56477
122	117	0.895311
122	118	1.71225
122	126	1.57088
122	130	0.893986
122	133	0.903592
122	135	0.896027
122	136	0.891681
122	139	2.86766
122	140	0.901516
122	141	0.895976
122	143	0.895969
122	145	0.895962
122	152	3.20674
122	155	0.879937
122	156	0.949071
122	157	0.894467
123	36	2.56969
123	57	2.19905
123	115	1.1143
123	126	0.897323
123	127	0.814129
123	128	0.911365
123	129	0.910421
123	133	0.787413
123	135	1.08018
123	142	0.880424
123	147	0.820763
123	153	0.909352
123	154	0.840647
123	158	0.823465
123	159	0.850999
123	162	0.849184
123	163	0.836972
123	165	0.863614
123	167	0.83436
123	169	0.782678
123	170	0.822523
123	171	0.837958
123	172	0.813837
123	173	0.800679
123	175	0.808073
123	176	0.839877
123	177	0.826258
123	178	0.80522
123	179	0.829974
123	180	0.790888
124	92	3.03195
124	114	0.756222
124	116	0.790315
124	117	0.830545
124	120	0.808019
124	133	2.03464
124	145	1.98811
124	148	0.825722
124	150	0.762584
124	153	0.842759
124	154	0.774054
124	157	0.829701
124	159	0.784406
124	161	0.787984
124	162	0.782591
124	163	0.770379
124	165	0.797021
124	167	0.767767
124	168	0.793982
124	169	0.716084
124	170	0.75593
124	171	0.771365
124	172	0.747244
124	173	0.734086
124	174	0.767262
124	175	0.74148
124	176	0.773284
124	177	0.759664
124	178	0.738626
124	179	0.763381
124	180	0.724295
125	23	1.43269
125	47	2.62196
125	95	0.904333
125	98	2.33947
125	110	0.840165
125	117	0.873664
125	129	0.886947
125	134	0.871414
125	137	0.842927
125	141	0.604734
125	142	0.85695
125	147	0.797288
125	148	0.868841
125	151	0.820794
125	152	0.813813
125	156	0.856906
125	158	0.799991
125	159	0.827525
125	160	0.870234
125	162	0.82571
125	163	0.813498
125	165	0.840139
125	167	0.810885
125	170	0.799048
125	172	0.790362
125	173	0.777204
125	174	0.810381
125	175	0.784599
125	176	0.816402
125	177	0.802783
125	178	0.781745
125	179	0.8065
125	180	0.767414
126	3	2.35572
126	68	2.57998
126	78	0.881169
126	98	1.90554
126	122	1.57088
126	123	0.897323
126	137	0.851328
126	141	0.1708
126	147	0.805689
126	148	0.877242
126	151	0.829194
126	152	0.822214
126	153	0.894279
126	154	0.825573
126	158	0.808392
126	159	0.835925
126	160	0.878635
126	161	0.839503
126	162	0.834111
126	164	0.836767
126	165	0.84854
126	168	0.845501
126	169	0.767604
126	170	0.807449
126	173	0.785605
126	174	0.818782
126	175	0.792999
126	176	0.824803
126	177	0.811184
126	178	0.790146
126	179	0.814901
126	180	0.775814
127	9	4.86575
127	27	5.03425
127	75	0.766309
127	90	0.766661
127	110	0.765372
127	114	0.724547
127	120	0.776344
127	123	0.814129
127	132	0.792872
127	139	0.76873
127	142	0.782156
127	147	0.722495
127	150	0.73091
127	153	0.811084
127	154	0.742379
127	159	0.752731
127	161	0.756309
127	162	0.750916
127	163	0.738704
127	165	0.765346
127	167	0.736092
127	168	0.762307
127	169	0.68441
127	170	0.724255
127	172	0.715569
127	173	0.702411
127	174	0.735588
127	175	0.709805
127	176	0.741609
127	177	0.72799
127	178	0.706952
127	179	0.731706
127	180	0.69262
128	21	1.01741
128	50	1.23048
128	56	1.48506
128	59	0.875381
128	100	2.26775
128	101	2.41646
128	123	0.911365
128	132	0.890108
128	134	0.893856
128	137	0.86537
128	138	0.892338
128	139	0.865966
128	142	0.879392
128	145	0.616867
128	152	0.836256
128	157	0.895263
128	158	0.822434
128	159	0.849967
128	160	0.892677
128	161	0.853545
128	162	0.848152
128	163	0.83594
128	165	0.862582
128	167	0.833328
128	170	0.821491
128	171	0.836926
128	172	0.812805
128	174	0.832824
128	175	0.807041
128	176	0.838845
128	177	0.825226
128	178	0.804188
128	179	0.828942
128	180	0.789856
129	29	1.65455
129	36	2.65859
129	43	1.03946
129	51	2.02816
129	75	0.862601
129	103	2.01612
129	114	0.820839
129	120	0.872636
129	121	0.873129
129	123	0.910421
129	125	0.886947
129	132	0.889164
129	133	0.0238181
129	138	0.891394
129	142	0.878448
129	147	0.818787
129	154	0.838671
129	157	0.894318
129	158	0.821489
129	159	0.849023
129	160	0.891733
129	162	0.847208
129	165	0.861638
129	168	0.858599
129	169	0.780702
129	170	0.820547
129	172	0.811861
129	173	0.798703
129	174	0.831879
129	175	0.806097
129	176	0.837901
129	177	0.824282
129	178	0.803243
129	179	0.827998
129	180	0.788912
130	8	0.836801
130	22	0.819803
130	24	0.912717
130	32	0.880551
130	45	0.873514
130	65	0.920331
130	69	0.825644
130	87	0.909997
130	88	0.916792
130	90	0.848346
130	96	0.896248
130	98	0.847731
130	99	0.85125
130	107	0.879124
130	113	0.884692
130	117	0.880555
130	120	1.6119
130	122	0.893986
130	133	0.888836
130	135	0.881272
130	136	0.876925
130	139	2.12887
130	140	0.88676
130	141	0.88122
130	143	0.881213
130	145	0.881206
130	146	1.83987
130	149	0.76891
130	155	0.865181
130	156	0.934315
130	157	0.879711
130	161	2.20565
130	167	3.12286
130	170	3.15747
130	177	2.66918
131	5	0.888046
131	7	0.894456
131	14	0.877852
131	15	0.878179
131	24	0.951224
131	31	0.941798
131	34	0.945687
131	39	0.857288
131	42	0.956058
131	44	0.956068
131	47	0.918508
131	51	0.92483
131	53	0.902821
131	55	0.902713
131	63	0.984181
131	67	0.861526
131	68	0.875218
131	72	0.886708
131	85	0.915207
131	91	0.901616
131	92	0.952271
131	94	0.901537
131	112	0.866736
131	117	0.388574
131	118	0.74052
131	120	1.37895
131	136	0.915432
131	144	0.911598
131	147	4.29034
131	160	1.16192
131	162	1.51886
131	164	0.873764
131	166	1.8482
131	171	0.859882
131	173	4.3317
132	40	1.44834
132	42	2.08493
132	51	2.35759
132	73	0.847842
132	78	0.874986
132	89	0.914811
132	93	0.909541
132	95	0.906551
132	103	2.34554
132	107	1.6909
132	116	0.835652
132	127	0.792872
132	128	0.890108
132	129	0.889164
132	145	0.306712
132	146	0.850485
132	147	0.799506
132	151	0.823011
132	152	0.816031
132	153	0.888095
132	154	0.81939
132	157	0.875038
132	158	0.802208
132	160	0.872452
132	163	0.815715
132	168	0.839318
132	169	0.761421
132	170	0.801266
132	171	0.816701
132	172	0.79258
132	173	0.779422
132	174	0.812598
132	175	0.786816
132	176	0.81862
132	177	0.805001
132	178	0.783963
132	179	0.808717
132	180	0.769631
133	8	0.846407
133	17	0.944084
133	32	0.890158
133	45	0.88312
