1	89	1.43934
1	148	0.863448
1	150	0.832537
1	154	0.824296
1	155	0.847595
1	160	0.879611
1	162	0.839448
1	169	0.858698
1	170	4.21961
1	174	0.846355
1	175	0.856732
1	177	0.853578
2	67	1.62403
2	88	1.9988
2	103	1.79111
2	115	0.906352
2	137	0.782986
2	155	0.96442
2	160	0.996436
2	164	0.947285
2	169	0.975523
2	174	0.963181
2	175	0.973557
2	177	0.970403
3	37	1.68335
3	60	0.924519
3	79	0.739065
3	119	0.81552
3	121	0.93804
3	124	0.736984
3	152	0.640211
3	161	0.890855
3	165	0.762133
3	168	0.848673
3	171	0.756254
3	176	0.84598
4	19	0.873704
4	113	1.17468
4	115	0.922262
4	148	0.996183
4	159	0.957092
4	164	0.963195
4	171	0.809417
4	174	0.979091
4	175	0.989467
4	177	0.986313
4	178	3.38737
4	179	2.33972
5	58	0.917356
5	94	0.881337
5	132	0.766788
5	151	0.885272
5	154	1.07837
5	156	0.747673
5	161	0.882332
5	168	0.840149
5	173	0.836812
5	178	0.808449
5	179	0.830345
5	180	0.791781
6	105	0.609342
6	112	0.677596
6	122	0.753925
6	125	0.747269
6	130	0.599441
6	166	0.689186
6	171	0.596654
6	172	0.66987
6	174	0.766328
6	175	0.776704
6	177	0.77355
6	178	0.657372
7	73	0.686555
7	89	0.723154
7	109	0.571715
7	148	0.758665
7	151	0.70944
7	160	0.774828
7	164	0.725677
7	165	0.577777
7	173	0.66098
7	174	0.741572
7	177	0.748795
7	179	0.654512
8	16	0.741658
8	26	0.834816
8	30	1.31727
8	45	0.724654
8	63	0.870556
8	68	0.863552
8	91	0.884854
8	111	0.883474
8	146	0.865919
8	153	0.823516
8	162	0.263275
8	165	0.765831
9	34	1.91333
9	35	0.783937
9	40	0.849311
9	73	2.48472
9	109	0.697683
9	138	0.849256
9	152	0.847337
9	154	0.845481
9	162	0.860633
9	174	0.867541
9	175	0.877917
9	177	0.874763
10	45	0.707667
10	50	0.798928
10	52	0.903061
10	98	1.31603
10	113	0.896729
10	135	0.931224
10	136	0.823054
10	173	0.832046
10	176	0.832691
10	177	0.931439
10	178	0.803683
10	179	0.825578
11	31	3.9
11	79	0.680295
11	101	1.85983
11	110	0.873404
11	122	0.854755
11	128	0.836127
11	134	0.700346
11	155	0.868397
11	162	0.86025
11	163	0.852204
11	174	0.867158
11	177	0.87438
12	39	0.83605
12	89	0.870923
12	118	0.869076
12	121	0.901454
12	123	0.714125
12	136	0.799757
12	145	0.33274
12	147	0.81199
12	149	0.839467
12	156	0.71961
12	174	1.35017
12	180	0.763718
13	24	0.798025
13	49	0.942483
13	52	0.903807
13	88	0.878614
13	101	0.865598
13	119	0.802976
13	166	0.836242
13	167	0.755624
13	173	0.832792
13	174	0.640306
13	177	1.38516
13	178	0.804428
14	135	0.829745
14	145	0.889203
14	156	0.711792
14	159	0.859525
14	162	0.874616
14	164	0.865628
14	167	0.723763
14	169	0.893866
14	174	0.881524
14	175	0.8919
14	177	0.888746
14	178	4.70339
15	32	0.741473
15	47	1.35438
15	70	0.856134
15	93	1.03997
15	100	0.269482
15	116	0.993424
15	127	0.896479
15	170	0.906998
15	172	0.916311
15	173	0.932176
15	176	0.932821
15	180	0.887145
16	8	0.741658
16	51	0.629287
16	56	0.694742
16	100	0.767475
16	131	0.718948
16	141	0.677536
16	162	0.735752
16	164	0.726764
16	167	0.584899
16	169	0.755002
16	177	0.749882
16	178	0.633704
17	48	0.834487
17	64	0.70137
17	78	1.65616
17	150	0.852133
17	152	0.845748
17	154	0.843891
17	159	0.843953
17	162	0.859043
17	163	0.850997
17	173	3.48862
17	174	0.865951
17	177	0.873174
18	31	0.946622
18	45	0.832315
18	83	0.758681
18	127	0.920997
18	128	0.752656
18	137	0.857092
18	139	0.864946
18	146	0.97358
18	157	0.871069
18	159	0.285306
18	168	0.960031
18	180	0.911663
19	4	0.873704
19	61	0.871127
19	75	0.778682
19	90	2.30951
19	97	0.811746
19	122	0.812838
19	154	0.803181
19	163	0.810287
19	172	3.61879
19	174	0.825241
19	175	0.835617
19	177	0.832463
20	23	2.13884
20	32	0.905828
20	35	0.836384
20	59	2.02196
20	61	0.965874
20	118	2.05421
20	138	0.901704
20	159	0.89799
20	167	0.762228
20	169	0.932331
20	174	0.919989
20	175	0.930365
20	177	0.927211
21	40	1.29901
21	46	0.802751
21	78	0.925886
21	102	0.847961
21	120	0.838235
21	141	0.823408
21	151	0.856399
21	158	0.800178
21	172	0.792074
21	176	0.808584
21	177	1.15973
21	179	0.801471
21	180	0.762907
22	26	0.678288
22	57	0.684888
22	152	0.752895
22	153	0.666988
22	159	0.7511
22	166	0.695956
22	169	0.785441
22	171	0.603424
22	175	0.783475
22	177	0.780321
22	179	0.686038
22	180	0.647475
23	20	2.13884
23	39	0.823874
23	65	0.809646
23	78	0.914521
23	88	0.842395
23	114	0.791442
23	119	0.766758
23	135	0.895751
23	168	0.79991
23	170	0.771395
23	173	0.796574
23	175	0.820797
23	176	0.797218
24	13	0.798025
24	64	0.650687
24	71	0.738625
24	107	0.791422
24	112	0.726536
24	113	0.799358
24	142	0.789804
24	149	0.765393
24	152	3.12649
24	167	0.657507
24	168	0.738012
24	173	0.734676
24	178	0.706312
25	59	0.776139
25	114	0.753095
25	141	0.773695
25	145	2.84184
25	151	0.806686
25	158	0.750465
25	161	0.803746
25	170	0.733048
25	172	0.742361
25	173	0.758227
25	176	0.758871
25	179	0.751759
25	180	0.713195
26	8	0.834816
26	22	0.678288
26	60	0.834408
26	106	0.745351
26	116	0.816473
26	129	0.766067
26	153	0.729707
26	157	0.6696
26	166	0.758675
26	167	0.678057
26	169	2.89982
26	179	0.748757
26	180	0.710193
27	39	0.841472
27	59	0.832085
27	78	0.932119
27	102	0.854194
27	104	0.711136
27	112	0.806033
27	125	1.20482
27	126	0.871858
27	157	0.728547
27	169	0.623229
27	173	0.814172
27	178	0.785809
27	180	0.769141
28	71	0.825888
28	116	0.883187
28	120	0.852235
28	135	0.921116
28	149	0.852656
28	169	0.91663
28	170	0.79676
28	171	0.732857
28	172	0.806073
28	173	0.821939
28	175	1.04283
28	176	0.822583
28	178	0.793575
29	40	0.528056
29	76	0.949287
29	85	0.953344
29	100	0.818359
29	112	0.892487
29	119	0.870811
29	124	0.792275
29	135	0.999805
29	150	0.149222
29	166	0.904077
29	178	0.872263
29	179	0.894159
29	180	0.855595
30	8	1.31727
30	48	0.835572
30	110	0.873282
30	124	0.678092
30	125	0.847978
30	158	3.4496
30	159	0.845038
30	160	0.900292
30	165	0.703241
30	169	0.879378
30	171	0.697362
30	174	0.867036
30	177	0.874259
31	11	3.9
31	18	0.946622
31	116	0.820618
31	133	0.770103
31	156	0.670231
31	161	0.80489
31	167	0.682202
31	168	0.762707
31	170	0.734192
31	172	0.743505
31	178	0.731007
31	179	0.752902
31	180	0.714339
32	15	0.741473
32	20	0.905828
32	58	1.91892
32	138	0.898182
32	148	0.933559
32	149	2.72498
32	150	0.902648
32	160	0.949722
32	162	0.909559
32	163	0.901512
32	169	0.928808
32	175	0.926842
32	177	0.923689
33	60	1.57647
33	95	0.827079
33	97	0.841165
33	98	0.834103
33	134	0.687848
33	136	3.78374
33	138	0.836376
33	144	0.841764
33	148	0.871753
33	156	0.684928
33	171	0.684986
33	174	0.85466
33	177	0.861882
34	9	1.91333
34	47	1.89503
34	136	0.844677
34	143	0.860723
34	158	0.845908
34	168	0.857006
34	170	0.828491
34	171	0.764588
34	172	0.837804
34	176	0.854314
34	178	0.825306
34	179	0.847201
34	180	0.808638
35	9	0.783937
35	20	0.836384
35	43	2.0496
35	108	0.848879
35	115	0.790194
35	150	0.833205
35	159	0.825025
35	162	0.840115
35	168	3.72812
35	169	0.859365
35	174	0.847023
35	175	0.857399
35	177	0.854245
36	71	0.762313
36	88	0.804185
36	101	0.791169
36	131	0.815244
36	140	0.792154
36	144	2.80946
36	146	0.775249
36	156	0.669224
36	165	0.67516
36	176	0.759008
36	178	0.73
36	179	0.751895
36	180	0.713332
37	3	1.68335
37	49	2.13948
37	92	1.88336
37	95	0.890782
37	128	0.887333
37	150	0.904546
37	154	0.896304
37	156	0.748632
37	163	0.90341
37	164	0.902469
37	169	0.930706
37	174	0.918364
37	175	0.92874
37	177	0.925586
38	53	1.48504
38	131	0.953435
38	133	0.907287
38	136	0.887561
38	147	0.899794
38	152	0.659651
38	158	0.888792
38	166	0.900004
38	172	0.880689
38	173	0.896554
38	174	0.639878
38	178	0.86819
38	179	0.890086
38	180	0.851522
39	12	0.83605
39	23	0.823874
39	27	0.841472
39	59	0.814656
39	88	0.842565
39	121	0.889447
39	146	0.813628
39	160	0.999016
39	161	0.842262
39	170	0.771565
39	173	0.796743
39	175	1.15938
39	179	0.790275
39	180	0.751711
40	9	0.849311
40	21	1.29901
40	29	0.528056
40	74	0.932773
40	79	0.725536
40	144	0.899502
40	152	0.892195
40	154	0.890338
40	155	0.913638
40	158	3.23981
40	163	0.897444
40	174	0.912398
40	175	0.922774
40	177	0.91962
41	70	0.614687
41	90	0.693523
41	127	0.655033
41	129	0.701572
41	136	0.681737
41	164	0.755427
41	165	0.607527
41	169	0.783664
41	172	0.674865
41	174	0.771322
41	175	0.781698
41	176	0.691375
41	177	0.778544
41	178	0.662366
42	54	0.731024
42	57	0.676697
42	70	0.608273
42	134	0.598095
42	138	0.746623
42	146	0.701201
42	157	0.598691
42	169	0.77725
42	174	0.764907
42	175	0.775284
42	177	0.77213
42	178	0.655952
42	179	0.677847
42	180	0.639284
43	35	2.0496
43	71	0.796292
43	91	0.828162
43	95	1.20654
43	101	0.825149
43	116	0.853591
43	131	0.849223
43	146	0.809228
43	149	0.82306
43	161	0.837862
43	170	0.767164
43	176	0.792987
43	179	0.785875
43	180	0.747311
44	88	0.73494
44	105	0.612724
44	128	0.738679
44	140	0.722908
44	153	0.6636
44	156	0.599978
44	157	0.603493
44	162	0.762802
44	172	0.673253
44	174	0.76971
44	175	0.780086
44	176	0.689763
44	177	0.776933
44	180	0.644086
45	8	0.724654
45	10	0.707667
45	18	0.832315
45	46	0.639875
45	76	0.693724
45	133	0.655796
45	138	0.707371
45	141	0.660532
45	148	0.742748
45	150	0.711837
45	169	0.737998
45	171	0.555982
45	175	0.736032
45	177	0.732878
46	21	0.802751
46	45	0.639875
46	50	0.731136
46	118	0.824581
46	127	0.728558
46	143	0.771309
46	147	0.767494
46	151	0.812714
46	160	2.79875
46	165	0.681052
46	167	0.687087
46	170	0.739076
46	173	0.764255
47	15	1.35438
47	34	1.89503
47	83	0.846269
47	91	2.02231
47	122	0.857531
47	128	0.838903
47	132	0.88486
47	144	0.857038
47	148	0.887027
47	150	0.856116
47	155	0.871174
47	169	0.882276
47	174	0.869934
47	175	0.880311
47	177	0.877157
48	17	0.834487
48	30	0.835572
48	110	0.905409
48	111	1.99158
48	128	0.868132
48	131	2.40712
48	148	0.916255
48	160	0.932418
48	161	2.56886
48	164	0.883267
48	165	0.735367
48	169	0.911505
48	174	0.899163
48	175	0.909539
48	177	0.906385
49	13	0.942483
49	37	2.13948
49	51	0.846354
49	86	0.93411
49	129	0.889976
49	139	0.787386
49	146	0.896019
49	153	0.853616
49	158	0.871372
49	160	0.0792782
49	165	0.795931
49	168	0.88247
49	170	0.853955
49	175	0.239639
49	178	0.85077
50	10	0.798928
50	46	0.731136
50	92	0.854079
50	126	0.79401
50	133	0.747057
50	136	0.727332
50	146	0.75321
50	147	0.739564
50	149	0.767042
50	170	0.711146
50	171	0.647243
50	172	0.720459
50	173	0.736325
50	175	3.55964
50	180	0.691293
51	16	0.629287
51	49	0.846354
51	69	0.744406
51	78	0.85461
51	96	0.84503
51	120	0.766959
51	124	0.628311
51	126	0.794349
51	130	0.650368
51	145	3.44184
51	146	0.753549
51	176	0.737308
51	178	0.7083
51	179	0.730195
51	180	0.691632
52	10	0.903061
52	13	0.903807
52	76	0.889118
52	90	0.84325
52	94	0.884982
52	107	0.897204
52	135	0.939635
52	136	0.831465
52	143	0.847512
52	153	0.81494
52	165	0.757254
52	169	0.241338
52	175	0.367538
52	177	1.23499
52	180	0.795426
53	38	1.48504
53	85	1.93246
53	110	0.936652
53	120	2.57823
53	130	0.763518
53	137	0.750211
53	152	0.910202
53	160	0.963661
53	164	0.91451
53	167	0.772645
53	169	0.942748
53	171	0.760731
53	174	0.930405
53	175	0.940782
53	177	0.937628
54	42	0.731024
54	76	1.81924
54	101	2.30481
54	108	0.8986
54	138	0.87846
54	144	0.883848
54	152	0.876541
54	154	0.874684
54	160	0.93
54	161	2.57633
54	162	0.889837
54	163	0.88179
54	174	0.896744
54	175	0.90712
54	177	0.903967
55	57	4.8
55	72	0.847102
55	83	0.862524
55	92	0.908058
55	126	1.69558
55	138	0.867905
55	145	0.893869
55	155	0.887429
55	160	0.919445
55	163	0.871235
55	164	0.870294
55	165	0.722394
55	169	0.898531
55	171	0.716515
55	175	0.896566
55	177	0.893412
56	16	0.694742
56	68	0.816635
56	74	0.792813
56	91	0.837937
56	97	1.96391
56	106	0.792243
56	107	0.858864
56	120	0.832414
56	124	0.693765
56	130	0.715822
56	147	0.805357
56	158	0.794356
56	168	0.805454
56	172	0.786252
56	179	0.795649
56	180	0.757086
57	22	0.684888
57	42	0.676697
57	55	4.8
57	64	0.677836
57	79	0.655555
57	81	0.833929
57	142	0.816954
57	147	0.765065
57	161	0.807344
57	166	0.765275
57	167	0.684657
57	168	0.765162
57	170	0.736647
57	178	0.733461
57	179	0.755357
57	180	0.716793
58	5	0.917356
58	32	1.91892
58	70	0.773943
58	91	0.885806
58	94	0.89451
58	96	0.958353
58	116	0.911234
58	123	0.755361
58	129	0.860828
58	162	0.312418
58	164	0.78627
58	166	0.853436
58	170	0.824808
58	171	0.760904
58	178	0.821622
58	180	0.804954
59	20	2.02196
59	25	0.776139
59	27	0.832085
59	39	0.814656
59	90	0.790148
59	105	0.710962
59	106	0.777482
59	107	0.844102
59	122	1.86918
59	129	0.798197
59	136	0.778363
59	141	0.802824
59	149	0.818073
59	171	0.698274
59	172	0.77149
59	178	0.758992
60	3	0.924519
60	26	0.834408
60	33	1.57647
60	66	0.924874
60	70	0.772583
60	91	0.884446
60	115	0.778867
60	131	0.905506
60	149	0.879343
60	151	0.897085
60	156	0.759486
60	158	0.840864
60	160	0.492558
60	165	0.765423
60	178	0.820262
60	179	0.842158
61	19	0.871127
61	20	0.965874
61	84	1.36325
61	117	0.941581
61	126	1.593
61	127	3.63173
61	135	1.17868
61	152	0.956309
61	159	0.954514
61	162	0.969605
61	163	0.961559
61	164	0.960618
61	171	0.806839
61	174	0.976513
61	175	0.986889
61	177	0.983735
62	73	0.77737
62	86	0.806772
62	112	0.743656
62	127	0.716099
62	129	0.762637
62	133	0.762528
62	137	0.652193
62	149	0.782513
62	166	0.755245
62	167	0.674627
62	170	0.726617
62	173	0.751795
62	174	3.94107
62	176	0.75244
62	178	0.723432
62	179	0.745327
63	8	0.870556
63	67	0.866455
63	81	0.863069
63	87	0.848491
63	98	1.99974
63	104	0.687929
63	126	0.848651
63	144	0.772784
63	151	0.839425
63	156	0.701825
63	167	0.713797
63	172	0.7751
63	173	0.790965
63	179	0.784497
63	180	0.745934
64	17	0.70137
64	24	0.650687
64	57	0.677836
64	101	0.71826
64	123	0.590829
64	126	0.74314
64	152	0.745843
64	155	0.767286
64	161	0.730974
64	165	0.602251
64	169	0.778388
64	171	0.596372
64	174	0.766046
64	176	0.686099
64	177	0.773269
64	179	0.678986
65	23	0.809646
65	92	0.90027
65	107	0.839262
65	111	0.816956
65	114	0.777383
65	127	0.746819
65	132	1.78333
65	139	0.690768
65	151	0.830975
65	153	0.756998
65	166	0.785965
65	168	0.785852
65	169	1.16467
65	171	0.693434
65	176	0.78316
65	178	0.754152
66	60	0.924874
66	68	0.860209
66	89	0.907865
66	101	0.878497
66	112	0.837552
66	122	1.00281
66	142	0.90082
66	152	0.694239
66	153	0.820174
66	170	0.820513
66	173	0.845691
66	176	0.846336
66	177	0.704988
66	178	0.817328
66	179	0.839223
66	180	0.80066
67	2	1.62403
67	63	0.866455
67	99	1.04343
67	111	0.879373
67	118	0.905259
67	142	0.900062
67	143	0.851987
67	149	0.875651
67	151	0.893393
67	164	0.595632
67	168	0.84827
67	172	0.829068
67	173	0.844933
67	176	0.845578
67	179	0.838465
67	180	0.799901
68	8	0.863552
68	56	0.816635
68	66	0.860209
68	97	1.95589
68	119	0.754145
68	121	0.876665
68	131	0.840841
68	139	0.692213
68	146	0.800846
68	155	1.37063
68	166	0.78741
68	172	0.768095
68	176	0.784605
68	178	0.755597
68	179	0.777493
68	180	0.738929
69	51	0.744406
69	72	2.25654
69	85	0.829902
69	90	0.779978
69	102	0.817208
69	112	0.769046
69	134	0.690966
69	135	0.876363
69	141	0.792654
69	149	0.807903
69	161	0.822705
69	165	0.693983
69	172	0.76132
69	175	0.949813
69	176	0.77783
69	179	0.770718
70	15	0.856134
70	41	0.614687
70	42	0.608273
70	58	0.773943
70	60	0.772583
70	107	0.750147
70	120	0.723697
70	123	0.598775
70	141	0.708869
70	161	0.73892
70	168	0.696737
70	171	0.604318
70	172	0.677535
70	176	0.694045
70	178	0.665037
70	180	0.648369
71	24	0.738625
71	28	0.825888
71	36	0.762313
71	43	0.796292
71	78	0.89134
71	93	0.881189
71	106	0.763518
71	120	0.803689
71	129	0.784234
71	136	0.7644
71	147	0.776632
71	148	1.73201
71	169	1.39135
71	176	0.774037
71	178	0.745029
71	179	0.766924
71	180	0.728361
72	55	0.847102
72	69	2.25654
72	107	2.09537
72	115	0.834711
72	120	2.20286
72	138	0.873256
72	152	0.871336
72	159	0.869541
72	160	0.924795
72	163	0.876586
72	164	0.875644
72	167	0.733779
72	169	0.903882
72	171	0.721866
72	174	0.89154
72	175	0.901916
72	177	0.898762
73	7	0.686555
73	9	2.48472
73	62	0.77737
73	75	1.99989
73	94	0.839542
73	106	0.785144
73	129	0.80586
73	137	0.695416
73	140	0.828808
73	142	0.850147
73	161	0.840538
73	166	0.798468
73	167	0.71785
73	168	0.798355
73	172	0.779153
73	178	0.766654
73	179	0.78855
74	40	0.932773
74	56	0.792813
74	81	1.54149
74	89	1.57922
74	145	0.958682
74	150	0.937184
74	152	0.930799
74	154	0.928943
74	157	0.784786
74	159	0.929004
74	162	0.944095
74	164	0.935107
74	165	0.787207
74	174	0.951003
74	175	0.961379
74	177	0.958225
74	180	5.36969
75	19	0.778682
75	73	1.99989
75	86	2.3407
75	89	2.68145
75	132	0.898994
75	137	0.703874
75	144	0.871172
75	152	0.863865
75	155	0.885308
75	160	0.917324
75	162	0.877161
75	164	0.868173
75	169	0.896411
75	171	0.714394
75	174	0.884068
75	175	0.894445
75	177	0.891291
76	29	0.949287
76	45	0.693724
76	52	0.889118
76	54	1.81924
76	80	0.954618
76	92	0.935858
76	106	0.808229
76	118	0.878429
76	126	0.875789
76	156	0.728964
76	158	0.810342
76	159	0.641163
76	163	1.05527
76	170	0.792925
76	172	0.802238
76	176	0.818748
76	179	0.811635
77	96	1.24394
77	97	0.870745
77	101	2.13536
77	110	0.890487
77	115	0.827412
77	128	0.85321
77	139	0.711901
77	148	0.901333
77	152	0.864037
77	156	0.714509
77	163	0.869287
77	164	0.868345
77	171	0.714567
77	174	0.884241
77	175	0.894617
77	176	4.27329
77	177	0.891463
78	17	1.65616
78	21	0.925886
78	23	0.914521
78	27	0.932119
78	51	0.85461
78	71	0.89134
78	91	0.92321
78	102	0.927412
78	119	0.857574
78	142	0.942519
78	149	0.918108
78	153	0.861872
78	164	0.790855
78	167	0.810222
78	171	0.798308
78	174	0.277078
78	175	0.154487
78	179	0.880922
79	3	0.739065
79	11	0.680295
79	40	0.725536
79	57	0.655555
79	81	0.735276
79	119	0.633357
79	128	0.712734
79	135	0.76235
79	144	0.730868
79	160	0.77702
79	168	0.666509
79	169	0.756107
79	170	0.637994
79	175	0.754141
79	176	0.663817
79	177	0.750987
79	179	0.656705
79	180	0.618141
80	76	0.954618
80	84	0.973377
80	111	0.940398
80	119	0.876142
80	128	0.928293
80	133	0.91669
80	147	0.909198
80	162	0.764295
80	163	0.875047
80	166	0.909408
80	168	0.909295
80	170	0.880779
80	171	0.816876
80	172	0.890093
80	177	0.613176
80	178	0.877594
80	179	0.89949
80	180	0.860926
81	57	0.833929
81	63	0.863069
81	74	1.54149
81	79	0.735276
81	88	0.887368
81	96	0.949914
81	102	0.881569
81	112	0.833407
81	127	0.80585
81	144	0.821481
81	153	0.816029
81	155	1.12195
81	168	0.844883
81	170	0.816368
81	173	0.841547
81	178	0.813183
81	179	0.835079
81	180	0.796515
82	84	0.727563
82	96	0.768512
82	113	0.724827
82	126	0.71783
82	141	0.675613
82	145	0.748416
82	154	0.718677
82	160	0.773992
82	164	0.724841
82	165	0.576941
82	170	0.634966
82	171	0.571063
82	173	0.660144
82	174	0.740737
82	175	0.751113
82	176	0.660789
82	177	0.747959
82	179	0.653676
83	18	0.758681
83	47	0.846269
83	55	0.862524
83	98	0.886405
83	113	1.68961
83	114	3.15749
83	122	0.894559
83	125	0.887904
83	138	0.888678
83	145	0.914642
83	154	0.884902
83	159	0.884964
83	160	0.940218
83	169	0.919304
83	174	0.906962
83	175	0.917338
83	177	0.914185
83	178	4.5857
84	61	1.36325
84	80	0.973377
84	82	0.727563
84	113	0.901545
84	116	0.89811
84	136	0.827869
84	147	0.840102
84	149	0.867579
84	155	0.866835
84	161	0.882381
84	163	1.67061
84	168	0.840199
84	171	0.74778
84	172	0.820997
84	173	0.836862
84	178	0.808498
84	179	0.830394
84	180	0.79183
85	29	0.953344
85	53	1.93246
85	69	0.829902
85	88	0.867981
85	97	1.16117
85	112	0.81402
85	133	0.832892
85	140	0.85595
85	149	0.852877
85	154	1.05441
85	161	0.867679
85	166	0.825609
85	168	0.825496
85	170	0.796981
85	172	0.806294
85	173	0.82216
85	176	0.822804
85	178	0.793796
85	180	0.777128
86	49	0.93411
86	62	0.806772
86	75	2.3407
86	90	0.827212
86	102	0.864442
86	109	0.735154
86	113	0.889102
86	123	0.729795
86	125	0.880698
86	127	0.788723
86	129	0.835261
86	130	0.738125
86	157	0.738795
86	161	0.869939
86	168	0.827756
86	173	0.82442
86	174	0.547895
86	179	0.817952
86	180	0.779388
87	63	0.848491
87	89	0.889142
87	101	0.859774
87	111	0.861408
87	121	0.919672
87	149	0.857686
87	158	0.819207
87	159	1.30716
87	160	0.431585
87	164	1.22831
87	165	0.743765
87	166	0.830418
87	168	0.830305
87	171	0.737887
87	173	0.826968
87	176	0.827613
87	178	0.798605
87	179	0.8205
87	180	0.781937
88	2	1.9988
88	13	0.878614
88	23	0.842395
88	36	0.804185
88	39	0.842565
88	44	0.73494
88	81	0.887368
88	85	0.867981
88	91	0.851085
88	93	0.923061
88	121	0.907969
88	147	0.818504
88	155	0.659575
88	156	0.726125
88	170	0.790086
88	172	0.799399
88	176	0.815909
88	177	1.20148
89	1	1.43934
89	7	0.723154
89	12	0.870923
89	66	0.907865
89	74	1.57922
89	75	2.68145
89	87	0.889142
89	101	0.864423
89	136	0.822624
89	147	0.834856
89	151	0.880076
89	158	0.823855
89	168	0.834953
89	170	0.806438
89	172	0.815751
89	173	0.831616
89	176	0.832261
89	178	0.803253
89	180	0.786585
90	19	2.30951
90	41	0.693523
90	52	0.84325
90	59	0.790148
90	69	0.779978
90	86	0.827212
90	94	0.81676
90	103	0.861419
90	126	0.829921
90	142	0.827364
90	143	0.779289
90	168	0.775572
90	171	0.683154
90	172	0.75637
90	173	0.772235
90	174	2.53155
90	178	0.743872
90	179	0.765767
90	180	0.727204
91	8	0.884854
91	43	0.828162
91	47	2.02231
91	56	0.837937
91	58	0.885806
91	60	0.884446
91	78	0.92321
91	88	0.851085
91	102	0.845285
91	117	0.770851
91	120	0.835559
91	127	0.769566
91	138	0.601001
91	151	0.853723
91	153	0.779745
91	158	0.797501
91	171	0.716181
91	178	0.776899
91	180	0.760231
92	37	1.88336
92	50	0.854079
92	55	0.908058
92	65	0.90027
92	76	0.935858
92	111	0.921638
92	114	0.882066
92	140	0.920988
92	143	0.894252
92	158	0.879436
92	164	0.619889
92	166	0.890647
92	168	0.890534
92	172	0.871332
92	176	0.887842
92	177	0.850969
92	178	0.858834
92	179	0.88073
92	180	0.842166
93	15	1.03997
93	71	0.881189
93	88	0.923061
93	114	0.872108
93	133	0.887972
93	147	0.880479
93	149	0.907957
93	150	0.805473
93	157	0.791615
93	161	0.922759
93	168	0.880576
93	169	0.0513833
93	170	0.852061
93	173	0.87724
93	175	0.177583
93	176	0.877884
93	177	1.04503
93	178	0.848876
93	180	0.832208
94	5	0.881337
94	52	0.884982
94	58	0.89451
94	73	0.839542
94	90	0.81676
94	99	1.25306
94	100	1.46592
94	127	0.778271
94	133	0.8247
94	137	0.714365
94	141	0.829436
94	142	0.869096
94	146	0.830853
94	170	0.788789
94	172	0.798102
94	173	0.813967
94	176	0.814612
94	177	1.03634
94	179	0.807499
94	180	0.768936
95	33	0.827079
95	37	0.890782
95	43	1.20654
95	99	0.866693
95	113	1.46055
95	122	0.890642
95	136	2.80526
95	138	0.884761
95	141	3.47765
95	152	0.882842
95	154	0.880986
95	156	0.733314
95	159	0.881047
95	162	0.896138
95	163	0.888092
95	164	0.88715
95	169	0.915388
95	174	0.903046
95	175	0.913422
95	177	0.910268
96	51	0.84503
96	58	0.958353
96	77	1.24394
96	81	0.949914
96	82	0.768512
96	106	0.867936
96	108	0.70157
96	110	0.480429
96	114	0.872678
96	137	0.778208
96	139	0.786062
96	149	0.908528
96	153	0.852292
96	161	0.92333
96	166	0.88126
96	170	0.852632
96	172	0.861945
96	173	0.87781
96	174	0.348214
96	178	0.849447
97	19	0.811746
97	33	0.841165
97	56	1.96391
97	68	1.95589
97	77	0.870745
97	85	1.16117
97	121	1.5122
97	134	0.75032
97	145	0.924812
97	152	0.896929
97	154	0.895072
97	156	0.7474
97	159	0.895133
97	162	0.910224
97	163	0.902178
97	164	0.901237
97	169	0.929474
97	174	0.917132
97	175	0.927508
97	177	0.924354
98	10	1.31603
98	33	0.834103
98	63	1.99974
98	83	0.886405
98	108	0.911926
98	124	0.721126
98	130	0.743183
98	135	1.60875
98	138	0.891786
98	147	2.65414
98	148	0.927162
98	154	0.88801
98	160	0.943325
98	163	0.895116
98	164	0.894174
98	167	0.752309
98	169	0.922412
98	174	0.91007
98	175	0.920446
98	177	0.917292
99	67	1.04343
99	94	1.25306
99	95	0.866693
99	108	0.896131
99	122	0.881872
99	123	0.719058
99	125	0.875216
99	128	0.863244
99	150	0.880457
99	151	2.2027
99	154	0.872215
99	155	0.895514
99	162	0.887367
99	163	0.879321
99	165	0.73048
99	167	0.736515
99	169	0.906617
99	174	0.894275
99	175	0.904651
99	176	3.6336
99	177	0.901497
100	15	0.269482
100	16	0.767475
100	29	0.818359
100	94	1.46592
100	117	0.920511
100	125	0.936385
100	137	0.775249
100	148	0.972536
100	150	0.941625
100	154	0.933383
100	159	0.933445
100	160	0.988699
100	161	1.98006
100	162	0.948535
100	163	0.940489
100	164	0.939548
100	167	0.797683
100	169	0.967785
100	173	3.28398
100	175	0.965819
100	177	0.962666
101	11	1.85983
101	13	0.865598
101	36	0.791169
101	43	0.825149
101	54	2.30481
101	64	0.71826
101	66	0.878497
101	77	2.13536
101	87	0.859774
101	89	0.864423
101	111	0.836689
101	112	0.794109
101	135	0.901427
101	141	0.817717
101	142	0.857378
101	167	0.725081
101	170	0.777071
101	173	0.802249
101	178	0.773885
101	179	0.795781
101	180	0.757217
102	21	0.847961
102	27	0.854194
102	69	0.817208
102	78	0.927412
102	81	0.881569
102	86	0.864442
102	91	0.845285
102	108	1.71983
102	126	0.867151
102	127	0.773768
102	136	0.800472
102	168	0.812802
102	170	0.784287
102	173	0.809465
102	175	0.538352
102	176	0.81011
102	177	1.4058
102	178	0.781101
102	179	0.802997
102	180	0.764433
103	2	1.79111
103	90	0.861419
103	106	0.848753
103	111	0.893067
103	121	0.951331
103	123	0.764002
103	127	0.82293
103	132	0.618794
103	137	0.759025
103	143	0.865681
103	151	0.907086
103	153	0.833109
103	161	0.904146
103	163	1.25565
103	166	0.862077
103	168	0.861963
103	170	0.833448
103	173	0.858627
103	174	0.248926
103	176	0.859271
103	178	0.830263
104	27	0.711136
104	63	0.687929
104	108	0.748855
104	112	0.658267
104	120	0.696703
104	121	0.759111
104	124	0.558055
104	140	0.700197
104	143	0.673461
104	144	0.734103
104	145	0.754679
104	150	0.733181
104	155	0.748239
104	160	0.780254
104	165	0.583204
104	167	0.589239
104	171	0.577325
104	175	0.757375
104	176	0.667052
104	177	0.754221
104	179	0.659939
105	6	0.609342
105	44	0.612724
105	59	0.710962
105	116	0.754297
105	126	0.750735
105	133	0.703782
105	137	0.593447
105	138	0.755357
105	153	0.667531
105	157	0.607424
105	160	0.806897
105	165	0.609846
105	166	0.696499
105	168	0.696386
105	169	0.785983
105	171	0.603967
105	172	0.677184
105	174	0.773641
105	175	0.784018
105	177	0.780864
106	26	0.745351
106	56	0.792243
106	59	0.777482
106	71	0.763518
106	73	0.785144
106	76	0.808229
106	96	0.867936
106	103	0.848753
106	111	0.794009
106	115	2.83338
106	129	0.770411
106	137	0.659967
106	143	0.766623
106	157	0.673944
106	161	0.805088
106	162	1.8555
106	166	0.763019
106	170	0.734391
106	172	0.743704
106	176	0.760214
106	178	0.731205
106	179	0.753101
107	24	0.791422
107	52	0.897204
107	56	0.858864
107	59	0.844102
107	65	0.839262
107	70	0.750147
107	72	2.09537
107	132	1.28111
107	146	0.843075
107	153	0.800672
107	157	0.740565
107	158	0.818428
107	161	0.871709
107	165	0.742986
107	171	0.737108
107	172	0.810324
107	173	0.826189
107	176	0.826834
107	177	1.65609
107	178	0.797826
107	179	0.819722
107	180	0.781158
108	35	0.848879
108	54	0.8986
108	96	0.70157
108	98	0.911926
108	99	0.896131
108	102	1.71983
108	104	0.748855
108	115	0.875654
108	116	1.4997
108	138	0.914199
108	142	2.01388
108	144	0.919587
108	148	0.949575
108	152	0.91228
108	154	0.910423
108	155	0.933723
108	163	0.917529
108	164	0.916588
108	168	3.10701
108	171	0.762809
108	174	0.932483
108	175	0.942859
108	177	0.939705
109	7	0.571715
109	9	0.697683
109	86	0.735154
109	110	0.767016
109	125	0.741711
109	129	0.69102
109	134	0.593958
109	140	0.713968
109	141	0.695646
109	151	0.728637
109	158	0.672416
109	160	0.794025
109	163	0.745816
109	169	0.773112
109	170	0.654999
109	171	0.591096
109	172	0.664312
109	174	0.76077
109	175	0.771146
109	177	0.767992
109	178	0.651814
109	179	0.67371
109	180	0.635146
110	11	0.873404
110	30	0.873282
110	48	0.905409
110	53	0.936652
110	77	0.890487
110	96	0.480429
110	109	0.767016
110	134	0.770061
110	144	0.923977
110	145	0.944553
110	154	0.914814
110	155	0.938113
110	159	0.914875
110	162	0.929966
110	164	0.920978
110	171	0.767199
110	172	2.72599
110	174	0.936873
110	175	0.94725
110	176	1.55719
110	177	0.944096
110	179	2.19046
110	180	4.63774
111	8	0.883474
111	48	1.99158
111	65	0.816956
111	67	0.879373
111	80	0.940398
111	87	0.861408
111	92	0.921638
111	101	0.836689
111	103	0.893067
111	106	0.794009
111	113	0.868566
111	126	0.861568
111	131	0.860764
111	138	1.06637
111	142	0.859012
111	147	0.807123
111	148	0.32022
111	153	0.778365
111	159	0.820969
111	170	0.778705
111	172	0.788018
111	176	0.804528
111	178	0.775519
112	6	0.677596
112	24	0.726536
112	27	0.806033
112	29	0.892487
112	62	0.743656
112	66	0.837552
112	69	0.769046
112	81	0.833407
112	85	0.81402
112	101	0.794109
112	104	0.658267
112	120	0.7916
112	128	3.23821
112	131	0.818184
112	136	0.752311
112	168	0.76464
112	170	0.736125
112	172	0.745438
112	173	0.761303
112	174	2.17824
112	176	0.761948
112	179	0.754835
112	180	0.716272
113	4	1.17468
113	10	0.896729
113	24	0.799358
113	82	0.724827
113	83	1.68961
113	84	0.901545
113	86	0.889102
113	95	1.46055
113	111	0.868566
113	118	0.894451
113	120	0.864422
113	122	1.66629
113	129	0.844967
113	140	0.867916
113	146	0.851011
113	151	0.882585
113	161	0.879645
113	165	0.750922
113	166	0.837575
113	173	0.834126
113	178	0.805762
113	179	0.827658
113	180	0.789094
114	23	0.791442
114	25	0.753095
114	65	0.777383
114	83	3.15749
114	92	0.882066
114	93	0.872108
114	96	0.872678
114	130	0.678016
114	133	0.775044
114	143	0.771365
114	146	0.781196
114	147	0.767551
114	156	0.675171
114	167	0.687143
114	168	0.767648
114	170	0.739133
114	172	0.748446
114	173	0.764311
114	175	2.80215
114	176	0.764956
114	178	0.735947
114	179	0.757843
114	180	0.719279
115	2	0.906352
115	4	0.922262
115	35	0.790194
115	60	0.778867
115	72	0.834711
115	77	0.827412
115	106	2.83338
115	108	0.875654
115	117	0.838867
115	131	1.6617
115	144	0.860902
115	145	0.881478
115	152	0.853595
115	154	0.851739
115	155	0.875038
115	156	0.704067
115	159	0.8518
115	162	0.866891
115	167	0.716038
115	171	0.704125
115	174	0.873799
115	175	0.884175
115	176	3.68984
115	177	0.881021
116	15	0.993424
116	26	0.816473
116	28	0.883187
116	31	0.820618
116	43	0.853591
116	58	0.911234
116	84	0.89811
116	105	0.754297
116	108	1.4997
116	119	0.800875
116	140	0.864481
116	141	0.84616
116	153	0.805173
116	158	0.82293
116	163	1.44754
116	164	0.954593
116	166	0.834141
116	168	0.834028
116	172	0.814826
116	173	0.830691
116	177	1.18567
116	178	0.802327
116	179	0.824223
116	180	0.785659
117	61	0.941581
117	91	0.770851
117	100	0.920511
117	115	0.838867
117	118	1.50592
117	119	2.82032
117	122	0.883292
117	123	0.720478
117	128	0.864664
117	132	0.91062
117	139	0.723355
117	144	0.882799
117	145	0.903375
117	150	0.881877
117	152	0.875492
117	155	0.896935
117	162	0.888788
117	163	0.880741
117	164	0.8798
117	169	0.908037
117	171	0.726021
117	174	0.895695
117	175	0.906071
117	179	2.77343
117	180	5.22071
118	12	0.869076
118	20	2.05421
118	46	0.824581
118	67	0.905259
118	76	0.878429
118	113	0.894451
118	117	1.50592
118	120	0.860065
118	124	0.721417
118	125	1.19156
118	133	0.840501
118	136	0.820776
118	140	0.863559
118	151	0.878228
118	153	0.804251
118	166	0.833219
118	167	0.752601
118	168	0.833105
118	170	0.80459
118	172	0.813904
118	173	0.829769
118	175	0.736169
118	176	0.830413
118	179	0.823301
118	180	0.784737
119	3	0.81552
119	13	0.802976
119	23	0.766758
119	29	0.870811
119	68	0.754145
119	78	0.857574
119	79	0.633357
119	80	0.876142
119	116	0.800875
119	117	2.82032
119	130	0.653332
119	131	0.796508
119	135	0.838805
119	136	0.730634
119	137	0.640025
119	143	0.746681
119	147	0.742867
119	155	3.55514
119	161	0.785147
119	165	0.656424
119	172	0.723762
119	176	0.740272
119	179	0.733159
119	180	0.694595
120	21	0.838235
120	28	0.852235
120	51	0.766959
120	53	2.57823
120	56	0.832414
120	70	0.723697
120	71	0.803689
120	72	2.20286
120	91	0.835559
120	104	0.696703
120	112	0.7916
120	113	0.864422
120	118	0.860065
120	131	0.85662
120	134	0.713519
120	141	0.815208
120	149	0.830457
120	153	0.774221
120	162	1.05865
120	170	0.774561
120	172	0.783874
120	176	0.800384
120	179	0.793271
121	3	0.93804
121	12	0.901454
121	39	0.889447
121	68	0.876665
121	87	0.919672
121	88	0.907969
121	97	1.5122
121	103	0.951331
121	104	0.759111
121	126	0.919832
121	128	1.13406
121	140	0.895937
121	141	0.877615
121	147	0.865387
121	152	0.808191
121	158	0.854385
121	163	1.08081
121	166	0.865597
121	170	0.836969
121	172	0.846282
121	173	0.862147
121	175	0.728952
121	176	0.862792
121	179	0.855679
121	180	0.817115
122	6	0.753925
122	11	0.854755
122	19	0.812838
122	47	0.857531
122	59	1.86918
122	66	1.00281
122	83	0.894559
122	95	0.890642
122	99	0.881872
122	113	1.66629
122	117	0.883292
122	126	1.93631
122	130	0.751337
122	132	0.933149
122	136	3.011
122	152	0.898021
122	157	0.752007
122	159	0.896225
122	162	0.911316
122	163	0.90327
122	164	0.902329
122	169	0.930566
122	171	0.74855
122	174	0.918224
122	175	0.9286
122	177	0.925446
123	12	0.714125
123	58	0.755361
123	64	0.590829
123	70	0.598775
123	86	0.729795
123	99	0.719058
123	103	0.764002
123	117	0.720478
123	138	0.737126
123	145	0.76309
123	150	0.741592
123	155	0.75665
123	161	0.720337
123	164	0.739515
123	166	0.678268
123	167	0.59765
123	168	0.678155
123	169	0.767752
123	171	0.585736
123	173	0.674818
123	174	0.75541
123	177	0.762632
123	180	0.629786
124	3	0.736984
124	29	0.792275
124	30	0.678092
124	51	0.628311
124	56	0.693765
124	98	0.721126
124	104	0.558055
124	118	0.721417
124	125	0.722624
124	140	0.694881
124	142	0.71622
124	143	0.668145
124	145	0.749363
124	148	0.758775
124	151	0.70955
124	154	0.719623
124	155	0.742922
124	163	0.726729
124	164	0.725788
124	168	0.664427
124	172	0.645226
124	174	0.741683
124	175	0.752059
124	178	0.632727
124	179	0.654623
124	180	0.616059
125	6	0.747269
125	27	1.20482
125	30	0.847978
125	83	0.887904
125	86	0.880698
125	99	0.875216
125	100	0.936385
125	109	0.741711
125	118	1.19156
125	124	0.722624
125	128	0.880538
125	138	0.893284
125	148	0.928661
125	150	0.897751
125	154	0.889509
125	159	0.88957
125	160	0.944824
125	162	0.904661
125	163	0.896615
125	164	0.895673
125	166	2.51193
125	171	0.741895
125	172	4.17364
125	174	0.911569
125	175	0.921945
125	177	0.918791
126	27	0.871858
126	50	0.79401
126	51	0.794349
126	55	1.69558
126	61	1.593
126	63	0.848651
126	64	0.74314
126	76	0.875789
126	82	0.71783
126	90	0.829921
126	102	0.867151
126	105	0.750735
126	111	0.861568
126	121	0.919832
126	122	1.93631
126	131	0.884009
126	135	0.926306
126	147	0.830368
126	158	0.819367
126	163	1.90036
126	168	0.830465
126	172	0.811263
126	173	0.827128
126	176	0.827773
126	179	0.82066
126	180	0.782097
127	15	0.896479
127	18	0.920997
127	41	0.655033
127	46	0.728558
127	61	3.63173
127	62	0.716099
127	65	0.746819
127	81	0.80585
127	86	0.788723
127	91	0.769566
127	94	0.778271
127	102	0.773768
127	103	0.82293
127	133	0.744479
127	137	0.634144
127	140	0.767536
127	142	0.788875
127	146	0.750632
127	147	0.736986
127	149	0.764464
127	164	3.44614
127	171	0.644664
127	172	0.717881
127	173	0.733746
127	176	0.734391
127	178	0.705383
128	11	0.836127
128	18	0.752656
128	37	0.887333
128	44	0.738679
128	47	0.838903
128	48	0.868132
128	77	0.85321
128	79	0.712734
128	80	0.928293
128	99	0.863244
128	112	3.23821
128	117	0.864664
128	121	1.13406
128	125	0.880538
128	133	2.63352
128	144	0.8867
128	148	0.916688
128	150	0.885778
128	155	0.900836
128	157	0.733379
128	159	0.877598
128	162	0.892688
128	164	0.883701
128	169	0.911938
128	174	0.899596
128	175	0.909972
128	177	0.906818
129	26	0.766067
129	41	0.701572
129	49	0.889976
129	58	0.860828
129	59	0.798197
129	62	0.762637
129	71	0.784234
129	73	0.80586
129	86	0.835261
129	106	0.770411
129	109	0.69102
129	113	0.844967
129	135	0.879462
129	140	0.814075
129	143	0.787339
129	148	1.64872
129	149	0.811002
129	156	0.691145
129	158	0.772523
129	159	2.14947
129	166	0.783735
129	168	0.783621
129	173	0.780285
129	174	1.55684
129	178	0.751921
129	179	0.773817
129	180	0.735253
130	6	0.599441
130	51	0.650368
130	53	0.763518
130	56	0.715822
130	86	0.738125
130	98	0.743183
130	114	0.678016
130	119	0.653332
130	122	0.751337
130	135	0.782325
130	145	0.77142
130	154	0.74168
130	156	0.594008
130	157	0.597523
130	158	0.675386
130	160	0.796995
130	163	0.748786
130	167	0.60598
130	169	0.776082
130	173	0.683148
130	175	0.774116
130	176	0.683792
130	177	0.770962
130	178	0.654784
130	179	0.67668
130	180	0.638116
131	16	0.718948
131	36	0.815244
131	38	0.953435
131	43	0.849223
131	48	2.40712
131	60	0.905506
131	68	0.840841
131	111	0.860764
131	112	0.818184
131	115	1.6617
131	119	0.796508
131	120	0.85662
131	126	0.884009
131	133	0.837056
131	140	0.860114
131	143	0.833378
131	146	0.843209
131	154	1.32534
131	165	0.743121
131	166	0.829773
131	170	0.801145
131	171	0.737242
131	174	0.643891
131	176	0.826968
131	178	0.79796
131	180	0.781292
132	5	0.766788
132	47	0.88486
132	65	1.78333
132	75	0.898994
132	103	0.618794
132	107	1.28111
132	117	0.91062
132	122	0.933149
132	137	0.765358
132	139	0.773213
132	140	2.03479
132	144	0.932656
132	150	0.931734
132	152	0.925349
132	154	0.923493
132	155	0.946792
132	156	0.77582
132	159	0.923554
132	162	0.938645
132	163	0.930598
132	164	0.929657
132	169	0.957895
132	171	0.775878
132	174	0.945552
132	175	0.955929
132	177	0.952775
132	179	3.67517
133	31	0.770103
133	38	0.907287
133	45	0.655796
133	50	0.747057
133	62	0.762528
133	80	0.91669
133	85	0.832892
133	93	0.887972
133	94	0.8247
133	105	0.703782
133	114	0.775044
133	118	0.840501
133	127	0.744479
133	128	2.63352
133	131	0.837056
133	135	0.879353
133	136	0.771183
133	146	0.797061
133	151	0.828635
133	156	0.691036
133	157	0.694551
133	171	0.691094
133	172	0.76431
133	174	1.57355
133	177	2.3184
133	178	0.751812
133	180	0.735144
134	11	0.700346
134	33	0.687848
134	42	0.598095
134	69	0.690966
134	97	0.75032
134	109	0.593958
134	110	0.770061
134	120	0.713519
134	142	0.738352
134	143	0.690277
134	146	0.700109
134	147	0.686463
134	150	0.749997
134	158	0.675462
134	159	0.741817
134	160	0.797071
134	161	0.728743
134	162	0.756908
134	168	0.68656
134	169	0.776157
134	171	0.594141
134	172	0.667358
134	174	0.763815
134	175	0.774191
134	176	0.683868
134	177	0.771038
134	178	0.65486
134	179	0.676755
134	180	0.638192
135	10	0.931224
135	14	0.829745
135	23	0.895751
135	28	0.921116
135	29	0.999805
135	52	0.939635
135	61	1.17868
135	69	0.876363
135	79	0.76235
135	98	1.60875
135	101	0.901427
135	119	0.838805
135	126	0.926306
135	129	0.879462
135	130	0.782325
135	133	0.879353
135	140	0.902411
135	143	0.875675
135	147	0.87186
135	151	0.91708
135	153	0.843103
135	155	0.682263
135	156	0.779481
135	163	1.48604
135	164	0.993088
135	165	0.785417
135	166	0.87207
135	172	0.852755
135	176	0.869265
135	180	0.823589
136	10	0.823054
136	12	0.799757
136	33	3.78374
136	34	0.844677
136	38	0.887561
136	41	0.681737
136	50	0.727332
136	52	0.831465
136	59	0.778363
136	71	0.7644
136	84	0.827869
136	89	0.822624
136	95	2.80526
136	102	0.800472
136	112	0.752311
136	118	0.820776
136	119	0.730634
136	122	3.011
136	133	0.771183
136	141	0.775919
136	143	0.767504
136	149	0.791168
136	158	0.752689
136	161	0.80597
136	168	0.763787
136	170	0.735272
136	171	0.671368
136	172	0.744585
136	173	0.76045
136	176	0.761095
136	178	0.732087
136	180	0.715419
137	2	0.782986
137	18	0.857092
137	53	0.750211
137	62	0.652193
137	73	0.695416
137	75	0.703874
137	94	0.714365
137	96	0.778208
137	100	0.775249
137	103	0.759025
137	105	0.593447
137	106	0.659967
137	119	0.640025
137	127	0.634144
137	132	0.765358
137	143	0.676895
137	150	0.736615
137	155	0.751672
137	156	0.580701
137	163	0.735479
137	166	0.673291
137	167	0.592673
137	168	0.673177
137	169	0.762775
137	172	0.653976
137	173	0.669841
137	174	0.750433
137	175	0.760809
137	176	0.670485
137	177	0.757655
137	178	0.641477
138	9	0.849256
138	20	0.901704
138	32	0.898182
138	33	0.836376
138	42	0.746623
138	45	0.707371
138	54	0.87846
138	55	0.867905
138	72	0.873256
138	83	0.888678
138	91	0.601001
138	95	0.884761
138	98	0.891786
138	105	0.755357
138	108	0.914199
138	111	1.06637
138	123	0.737126
138	125	0.893284
138	142	1.79302
138	143	3.01832
138	144	0.899447
138	150	0.898525
138	152	0.89214
138	153	3.91609
138	160	0.945598
138	163	0.897389
138	164	0.896448
138	165	0.748548
138	166	3.01715
138	169	0.924685
138	171	0.742669
138	174	0.912343
138	177	0.919565
139	18	0.864946
139	49	0.787386
139	65	0.690768
139	68	0.692213
139	77	0.711901
139	96	0.786062
139	117	0.723355
139	132	0.773213
139	144	0.745391
139	149	0.708413
139	152	0.738084
139	156	0.588555
139	157	0.59207
139	158	0.669934
139	159	0.736289
139	160	0.791543
139	163	0.743333
139	165	0.594492
139	167	0.600527
139	168	0.681032
139	169	0.770629
139	170	0.652517
139	171	0.588613
139	172	0.66183
139	173	0.677695
139	175	0.768664
139	176	0.67834
139	177	0.76551
139	178	0.649332
139	179	0.671227
140	36	0.792154
140	44	0.722908
140	73	0.828808
140	85	0.85595
140	92	0.920988
140	104	0.700197
140	109	0.713968
140	113	0.867916
140	116	0.864481
140	118	0.863559
140	121	0.895937
140	124	0.694881
140	127	0.767536
140	129	0.814075
140	131	0.860114
140	132	2.03479
140	135	0.902411
140	145	0.647501
140	151	0.851693
140	155	1.86788
140	158	0.795472
140	159	2.25755
140	161	0.848753
