1	35	1.08724
1	86	0.993819
1	100	0.976578
1	113	0.976342
1	117	0.956954
1	127	0.945524
1	130	0.922892
1	132	1.31854
1	134	0.941186
1	137	0.972475
1	141	0.974196
1	178	0.940342
2	121	1.22485
2	142	0.605161
2	148	1.18402
2	154	1.20374
2	163	1.18215
2	165	1.19826
2	166	1.20796
2	170	1.20909
2	171	1.19003
2	174	0.617588
2	175	0.568771
2	180	0.612779
3	27	0.769267
3	69	0.819244
3	94	0.816227
3	104	1.08746
3	115	1.06263
3	117	1.07077
3	127	1.05934
3	130	1.03671
3	134	1.055
3	137	1.08629
3	141	1.08801
3	178	1.05416
4	114	0.829279
4	135	0.797071
4	138	1.06658
4	142	1.04071
4	144	1.06829
4	150	1.08342
4	152	1.05763
4	157	1.08432
4	159	1.06671
4	160	1.0667
4	161	1.0667
4	167	0.777565
5	114	1.04055
5	125	0.810721
5	135	1.05884
5	159	0.783282
5	167	0.798498
5	169	1.08663
5	172	1.06482
5	174	1.0644
5	175	1.0852
5	177	1.05808
5	179	1.07767
5	180	1.06404
6	41	0.697266
6	46	0.917023
6	124	0.797874
6	139	1.07685
6	154	1.07274
6	155	1.06148
6	158	1.08148
6	163	1.05115
6	165	1.06726
6	168	1.05207
6	170	1.0781
6	171	1.05903
7	8	1.26012
7	11	0.690285
7	21	0.564638
7	26	1.15821
7	45	1.10405
7	56	1.29156
7	60	1.2618
7	79	1.15087
7	125	1.18904
7	153	0.589351
7	176	0.56397
7	178	1.18452
8	7	1.26012
8	29	1.18222
8	33	1.17801
8	59	1.1783
8	82	1.18798
8	125	1.20397
8	154	0.586399
8	164	1.20993
8	175	0.58691
8	176	0.618537
8	178	1.19945
8	179	0.611548
9	35	0.619365
9	85	0.924912
9	100	1.08387
9	104	1.08094
9	113	1.08364
9	117	1.06425
9	130	1.03019
9	134	1.04848
9	136	0.860267
9	137	1.07977
9	141	1.08149
9	178	1.04764
10	105	0.581226
10	142	1.17402
10	144	1.20161
10	149	0.636089
10	150	1.21673
10	152	1.19094
10	157	1.21764
10	159	1.20002
10	160	1.20002
10	161	1.20002
10	176	0.599385
10	179	0.592396
11	7	0.690285
11	38	0.914824
11	100	0.788049
11	159	1.05746
11	160	1.05746
11	161	1.05745
11	165	1.07029
11	168	1.0551
11	170	1.08112
11	175	1.08351
11	176	1.076
11	180	1.06235
12	76	1.20451
12	147	0.648508
12	150	0.543909
12	154	1.20894
12	162	1.18021
12	165	1.20346
12	167	1.20526
12	168	1.18827
12	170	1.21429
12	171	1.19523
12	176	0.605688
12	178	0.606562
13	42	1.11326
13	44	0.614384
13	136	1.18057
13	156	0.695354
13	158	1.1774
13	162	1.13993
13	163	1.14707
13	167	1.16498
13	168	1.14799
13	170	1.17401
13	171	1.15495
13	173	0.646431
13	177	0.654484
14	60	1.22525
14	66	0.679173
14	79	1.11433
14	130	0.681132
14	134	0.620381
14	146	1.17581
14	155	0.614055
14	159	1.14129
14	160	1.14129
14	161	1.14128
14	175	1.16734
14	178	1.14797
14	180	1.14618
15	71	0.748585
15	112	0.591854
15	124	1.16162
15	137	0.61309
15	169	1.1696
15	171	0.640108
15	172	1.14779
15	173	1.15706
15	174	1.14737
15	175	1.16817
15	177	1.14105
15	179	1.16064
15	180	1.14701
16	124	0.622679
16	138	1.15547
16	142	1.1296
16	144	1.15718
16	147	0.695072
16	150	1.17231
16	152	1.14651
16	157	1.17321
16	159	1.1556
16	160	1.15559
16	161	1.15559
16	171	0.646896
16	177	0.642515
17	91	0.655694
17	133	1.19515
17	142	1.12463
17	144	1.15221
17	150	1.16734
17	152	1.14155
17	153	0.671523
17	157	1.16825
17	159	1.15063
17	160	1.15063
17	161	1.15062
17	177	0.636406
17	178	0.647017
18	116	1.16403
18	133	0.617866
18	140	0.69044
18	150	0.635895
18	159	0.647759
18	172	1.14964
18	174	1.14922
18	175	1.17002
18	176	1.16251
18	177	1.1429
18	178	1.15065
18	179	1.16249
18	180	1.14886
19	89	0.661628
19	100	0.619477
19	116	0.655801
19	138	1.15547
19	142	1.1296
19	144	1.15718
19	150	1.17231
19	152	1.14651
19	157	1.17321
19	159	1.1556
19	160	1.15559
19	161	1.15559
19	166	0.667229
20	84	1.1219
20	90	0.678884
20	109	1.14541
20	113	0.614895
20	129	1.1881
20	141	0.623181
20	163	0.673502
20	172	1.15324
20	174	1.15282
20	175	1.17362
20	176	1.16611
20	177	1.14649
20	180	1.15246
21	7	0.564638
21	83	0.617559
21	84	0.754825
21	95	1.14864
21	113	0.667196
21	139	1.17086
21	148	1.14704
21	162	1.13803
21	165	1.16127
21	167	1.16308
21	168	1.14609
21	170	1.17211
21	171	1.15305
22	76	1.16136
22	114	0.671248
22	123	0.618582
22	148	1.14607
22	154	1.16579
22	156	0.685364
22	162	1.13706
22	163	1.1442
22	165	1.16031
22	167	1.16211
22	169	0.631932
22	170	1.17115
22	171	1.15208
23	24	1.28109
23	48	1.18386
23	66	0.700586
23	79	1.10509
23	82	1.12727
23	92	1.13591
23	121	0.613105
23	124	0.623943
23	125	1.14326
23	149	1.13564
23	164	1.14922
23	178	1.13873
23	180	0.665897
24	23	1.28109
24	26	1.23989
24	34	1.19767
24	45	1.18573
24	79	1.23255
24	92	1.26337
24	103	0.53541
24	119	0.510256
24	125	1.27072
24	149	1.2631
24	158	0.557754
24	163	0.598062
24	174	0.597048
24	178	1.26619
25	94	0.623705
25	103	0.716116
25	112	1.14373
25	139	1.12565
25	154	1.12154
25	155	1.11029
25	158	1.13028
25	161	0.722523
25	163	1.09995
25	165	1.11606
25	167	1.11786
25	170	1.1269
25	171	1.10783
25	173	0.742775
26	7	1.15821
26	24	1.23989
26	48	1.14266
26	59	1.07639
26	82	1.08607
26	92	1.09471
26	96	0.603331
26	125	1.10206
26	149	1.09444
26	163	0.736075
26	164	1.10802
26	174	0.735061
26	178	1.09754
26	180	0.730251
27	3	0.769267
27	107	1.22167
27	118	1.24343
27	132	0.452895
27	154	1.25998
27	156	0.554245
27	160	0.506071
27	162	1.23125
27	163	1.23839
27	165	1.2545
27	168	1.23931
27	170	1.26534
27	171	1.24627
27	176	0.523112
28	45	1.04236
28	92	1.12
28	104	1.15613
28	125	1.12734
28	130	1.10537
28	141	1.15668
28	150	0.660164
28	157	0.700201
28	167	0.687245
28	168	0.743683
28	172	1.12181
28	176	1.13467
28	177	1.11506
28	180	1.12103
29	8	1.18222
29	33	1.08519
29	48	1.15175
29	59	1.08547
29	60	1.1839
29	79	1.07297
29	92	1.1038
29	125	1.11114
29	146	0.675315
29	153	0.742295
29	164	1.11711
29	170	0.702976
29	175	0.685287
29	178	1.10662
30	34	0.678004
30	138	1.24436
30	142	1.21849
30	144	1.24607
30	150	1.2612
30	152	1.2354
30	153	0.563242
30	157	1.2621
30	159	1.24449
30	160	1.24448
30	161	1.24448
30	173	0.520071
30	175	0.506234
30	178	0.538735
31	122	0.557468
31	125	0.557703
31	137	0.547805
31	147	1.22376
31	157	0.558437
31	164	0.566525
31	172	1.24114
31	173	1.25041
31	174	1.24073
31	175	1.26153
31	176	1.25401
31	177	1.2344
31	179	1.254
31	180	1.24037
32	51	0.66032
32	68	0.678688
32	81	0.74986
32	87	1.14067
32	148	1.11007
32	149	1.11507
32	158	1.13854
32	162	1.10107
32	163	1.10821
32	167	1.12612
32	168	1.10913
32	170	1.13515
32	171	1.11609
32	177	0.722893
33	8	1.17801
33	29	1.08519
33	35	1.17448
33	45	1.02194
33	48	1.14753
33	60	1.17969
33	77	0.687929
33	82	1.09094
33	125	1.10693
33	132	0.668077
33	151	0.723382
33	160	0.721253
33	164	1.11289
33	178	1.10241
34	24	1.19767
34	30	0.678004
34	56	1.16236
34	59	1.03417
34	60	1.1326
34	79	1.02167
34	82	1.04385
34	92	1.0525
34	94	1.13624
34	96	0.732534
34	98	1.10355
34	125	1.05984
34	143	0.798528
34	145	0.798929
34	178	1.05532
35	1	1.08724
35	9	0.619365
35	33	1.17448
35	38	0.486986
35	98	1.24414
35	125	1.20044
35	127	0.414861
35	155	1.19628
35	157	0.383668
35	168	1.18687
35	171	1.19383
35	174	1.19448
35	176	1.20777
35	179	1.20775
35	180	1.19412
36	90	0.620072
36	133	1.2401
36	138	1.19546
36	142	1.16959
36	144	1.19717
36	150	1.2123
36	152	1.1865
36	157	1.2132
36	159	1.19559
36	160	1.19558
36	161	1.19558
36	162	0.605592
36	166	0.599041
36	173	0.578696
36	178	0.59736
37	52	0.750903
37	94	0.477835
37	95	1.19596
37	107	1.17577
37	136	1.22599
37	143	0.566149
37	146	0.573095
37	148	1.19435
37	155	1.20282
37	156	0.645828
37	163	1.19248
37	165	1.20859
37	167	1.2104
37	168	1.19341
37	171	1.20037
38	11	0.914824
38	35	0.486986
38	104	1.11304
38	109	0.799814
38	114	0.805525
38	115	1.0882
38	127	1.08492
38	130	1.06228
38	134	1.08058
38	137	1.11187
38	141	1.11359
38	151	1.07846
38	153	1.09194
38	166	1.09558
38	178	1.07973
39	107	0.772867
39	115	0.708635
39	129	1.11625
39	130	0.795978
39	144	0.714955
39	169	1.1032
39	172	1.08139
39	173	1.09066
39	174	1.08097
39	175	1.10177
39	176	1.09426
39	177	1.07464
39	178	1.0824
39	179	1.09424
39	180	1.08061
40	133	1.2401
40	138	1.19546
40	142	1.16959
40	144	1.19717
40	147	0.622294
40	148	0.605334
40	150	1.2123
40	152	1.1865
40	157	1.2132
40	159	1.19559
40	160	1.19558
40	161	1.19558
40	166	0.58203
40	168	0.601214
40	180	0.591855
41	6	0.697266
41	54	0.556722
41	117	0.549768
41	132	1.20021
41	147	1.17929
41	162	0.585858
41	168	0.598492
41	172	1.19668
41	173	1.20595
41	174	1.19626
41	175	1.21706
41	176	1.20954
41	177	1.18993
41	179	1.20953
41	180	1.1959
42	13	1.11326
42	46	0.848504
42	86	0.700921
42	87	1.10257
42	118	1.07515
42	121	1.11281
42	134	0.747205
42	143	0.710382
42	154	1.0917
42	158	1.10044
42	163	1.07011
42	167	1.08802
42	168	1.07103
42	170	1.09705
42	171	1.07799
43	69	0.569053
43	107	1.13326
43	108	0.654176
43	128	1.19297
43	132	0.63268
43	139	1.17567
43	146	0.661297
43	154	1.17157
43	158	1.1803
43	162	1.14283
43	163	1.14998
43	167	1.16789
43	168	1.1509
43	170	1.17692
43	171	1.15786
43	179	0.695908
44	13	0.614384
44	47	0.617877
44	87	0.61693
44	88	1.17229
44	127	0.666547
44	143	1.17074
44	163	0.675299
44	169	1.17603
44	172	1.15422
44	173	1.16349
44	174	1.15381
44	175	1.17461
44	176	1.16709
44	177	1.14748
44	179	1.16708
44	180	1.15344
45	7	1.10405
45	24	1.18573
45	28	1.04236
45	33	1.02194
45	48	1.0885
45	59	1.02223
45	60	1.12066
45	82	1.03191
45	92	1.04055
45	125	1.0479
45	149	1.04028
45	151	0.80869
45	154	0.791463
45	158	0.801498
45	164	1.05386
45	175	0.791974
46	6	0.917023
46	42	0.848504
46	78	1.05624
46	95	0.792891
46	99	0.634136
46	131	1.08885
46	147	1.04295
46	169	1.08215
46	172	1.06034
46	173	1.06961
46	174	1.05992
46	175	1.08072
46	176	1.07321
46	177	1.05359
46	179	1.07319
46	180	1.05956
47	44	0.617877
47	127	1.16403
47	132	0.597498
47	134	1.15969
47	137	1.19098
47	141	1.1927
47	157	1.16978
47	159	1.15216
47	160	1.15216
47	161	1.15216
47	162	1.14174
47	168	1.1498
47	169	0.645415
47	170	1.17583
47	176	0.667715
47	180	0.680095
48	23	1.18386
48	26	1.14266
48	29	1.15175
48	33	1.14753
48	45	1.0885
48	56	1.27601
48	79	1.13532
48	92	1.16614
48	96	0.550029
48	116	0.655696
48	125	1.17349
48	138	0.629808
48	147	0.707389
48	149	1.16587
48	172	0.665803
48	178	1.16897
49	69	0.698062
49	119	1.08599
49	123	1.06676
49	133	1.10481
49	138	1.06017
49	142	1.0343
49	144	1.06188
49	150	1.07701
49	152	1.05121
49	153	0.857285
49	157	1.07791
49	159	1.0603
49	160	1.06029
49	161	1.06029
49	177	0.822168
49	178	0.832779
50	63	1.14718
50	71	1.11983
50	74	0.638847
50	139	1.18508
50	155	1.16971
50	160	0.644195
50	162	1.15224
50	163	1.15938
50	165	1.17549
50	167	1.17729
50	168	1.1603
50	170	1.18633
50	171	1.16726
50	173	0.643446
50	175	0.629608
50	177	0.651498
51	32	0.66032
51	83	1.22612
51	113	0.594219
51	146	1.17845
51	148	0.660482
51	156	1.14994
51	165	0.621245
51	168	0.656362
51	169	1.17141
51	172	1.14961
51	173	1.15887
51	174	1.14919
51	176	1.16247
51	177	1.14286
51	179	1.16246
51	180	1.14883
52	37	0.750903
52	83	1.12969
52	92	0.807834
52	109	1.04535
52	132	1.05671
52	137	0.810766
52	145	1.08309
52	155	0.82509
52	169	1.07498
52	172	1.05317
52	174	1.05276
52	175	1.07356
52	176	1.06604
52	177	1.04643
52	179	1.06603
52	180	1.05239
53	72	1.08185
53	75	0.791925
53	86	1.09844
53	100	1.0812
53	104	1.07826
53	111	0.75638
53	113	1.08096
53	115	1.05343
53	127	1.05014
53	130	1.02751
53	134	1.0458
53	137	1.07709
53	140	1.04666
53	141	1.07881
53	147	0.853269
53	171	0.805093
54	41	0.556722
54	73	0.63247
54	77	0.636538
54	80	0.698536
54	123	1.16549
54	133	1.20355
54	138	1.1589
54	142	1.13303
54	144	1.16061
54	150	1.17574
54	152	1.14995
54	157	1.17665
54	159	1.15903
54	160	1.15903
54	161	1.15902
54	178	0.687776
55	76	0.656955
55	100	1.18465
55	113	1.18442
55	115	1.15689
55	117	1.16503
55	122	0.644386
55	127	1.1536
55	129	0.608309
55	130	1.13097
55	131	0.642145
55	134	1.14926
55	135	0.651904
55	137	1.18055
55	141	1.18227
55	166	1.16427
55	178	1.14842
56	7	1.29156
56	34	1.16236
56	48	1.27601
56	59	1.20974
56	60	1.30816
56	79	1.19724
56	82	1.21942
56	92	1.22806
56	125	1.23541
56	129	0.5159
56	141	0.54257
56	153	0.600067
56	156	0.60582
56	164	1.24137
56	166	0.577242
56	178	1.23089
56	179	0.567698
57	84	0.655855
57	89	0.605583
57	104	1.21858
57	108	0.559908
57	113	1.22127
57	115	1.19374
57	117	1.20189
57	127	1.19046
57	130	1.16782
57	134	1.18612
57	137	1.21741
57	141	1.21913
57	153	1.19748
57	166	1.20112
57	169	0.58633
57	171	0.603273
57	178	1.18527
57	179	0.60164
58	64	1.08407
58	88	0.722158
58	91	0.760533
58	126	0.686102
58	128	1.13891
58	134	0.739259
58	139	1.12161
58	145	0.702837
58	148	1.09778
58	154	1.11751
58	155	1.10625
58	162	1.08877
58	163	1.09592
58	165	1.11202
58	167	1.11383
58	168	1.09684
58	170	1.12286
58	171	1.1038
59	8	1.1783
59	26	1.07639
59	29	1.08547
59	34	1.03417
59	45	1.02223
59	56	1.20974
59	60	1.17997
59	82	1.09123
59	92	1.09987
59	120	0.767337
59	125	1.10722
59	128	0.682282
59	129	0.686749
59	149	1.0996
59	164	1.11318
59	166	0.748091
59	169	0.723237
59	178	1.1027
60	7	1.2618
60	14	1.22525
60	29	1.1839
60	33	1.17969
60	34	1.1326
60	45	1.12066
60	56	1.30816
60	59	1.17997
60	82	1.18965
60	125	1.20564
60	147	0.637575
60	164	1.21161
60	169	0.572455
60	172	0.595988
60	174	0.611944
60	178	1.20112
60	179	0.587766
60	180	0.607135
61	106	0.682428
61	117	1.11278
61	121	1.1289
61	134	1.09701
61	137	1.1283
61	141	1.13002
61	150	0.710493
61	152	0.739839
61	155	1.09653
61	159	0.722357
61	161	0.73423
61	167	1.10411
61	168	1.08712
61	169	1.11696
61	176	1.10802
61	177	1.08841
61	179	1.108
61	180	1.09437
62	75	0.600618
62	86	0.561134
62	111	0.565073
62	119	1.21932
62	123	1.20009
62	133	1.23815
62	138	1.1935
62	142	1.16763
62	144	1.19521
62	150	1.21034
62	152	1.18455
62	157	1.21125
62	159	1.19363
62	160	1.19363
62	161	1.19362
62	166	0.621696
62	168	0.640881
62	171	0.613785
63	50	1.14718
63	110	0.695721
63	138	0.719541
63	139	1.11741
63	144	0.722307
63	148	1.09358
63	154	1.11331
63	155	1.10205
63	158	1.12205
63	162	1.08458
63	163	1.09172
63	165	1.10782
63	167	1.10963
63	168	1.09264
63	170	1.11866
63	171	1.0996
63	175	0.722675
63	177	0.744565
64	58	1.08407
64	67	0.704159
64	84	0.794439
64	90	1.10198
64	112	1.13584
64	129	0.688425
64	136	1.12557
64	139	1.11776
64	146	0.705613
64	154	1.11365
64	158	1.12239
64	162	1.08492
64	163	1.09206
64	167	1.10997
64	168	1.09298
64	170	1.11901
64	171	1.09994
64	175	0.715585
65	113	0.703338
65	118	0.745377
65	126	1.14616
65	128	0.680487
65	131	1.12348
65	143	1.11148
65	155	0.725692
65	156	1.0953
65	169	1.11677
65	171	0.738386
65	172	1.09496
65	173	1.10423
65	174	1.09454
65	175	1.11534
65	176	1.10783
65	177	1.08822
65	179	1.10781
65	180	1.09418
66	14	0.679173
66	23	0.700586
66	112	1.13255
66	118	1.09381
66	136	1.12227
66	137	0.721627
66	139	1.11446
66	153	1.11094
66	154	1.11036
66	155	1.0991
66	158	1.1191
66	163	1.08877
66	167	1.10668
66	168	1.08969
66	170	1.11571
66	171	1.09665
66	176	0.754001
66	179	0.747012
67	64	0.704159
67	106	1.2013
67	110	0.605297
67	119	1.18587
67	123	1.16664
67	126	0.598999
67	132	0.593662
67	133	1.20469
67	138	1.16005
67	142	1.13418
67	144	1.16176
67	150	1.17689
67	152	1.15109
67	157	1.17779
67	159	1.16018
67	160	1.16017
67	161	1.16017
67	170	0.64994
67	179	0.656889
68	32	0.678688
68	112	0.59938
68	115	1.17324
68	118	0.654626
68	128	0.589736
68	130	1.14732
68	134	1.16562
68	141	1.19863
68	157	1.17571
68	158	0.630886
68	159	1.15809
68	160	1.15809
68	161	1.15809
68	169	1.18557
68	170	0.639052
68	175	1.18414
68	177	1.15702
68	179	1.17661
68	180	1.16298
69	3	0.819244
69	43	0.569053
69	49	0.698062
69	89	1.1785
69	102	0.557788
69	107	0.599007
69	120	1.14568
69	132	1.16737
69	135	1.15786
69	146	1.19269
69	157	0.551347
69	172	1.16384
69	173	1.17311
69	174	1.16342
69	175	1.18422
69	176	1.17671
69	177	1.15709
69	179	1.17669
69	180	1.16306
70	106	1.2013
70	109	0.625969
70	119	1.18587
70	123	1.16664
70	133	1.20469
70	138	1.16005
70	142	1.13418
70	144	1.16176
70	148	0.640524
70	149	0.651369
70	150	1.17689
70	152	1.15109
70	156	0.645797
70	157	1.17779
70	159	1.16018
70	160	1.16017
70	161	1.16017
70	172	0.615898
70	174	0.631854
71	15	0.748585
71	50	1.11983
71	77	0.759689
71	90	1.07429
71	103	0.765605
71	105	0.791894
71	119	0.740451
71	122	1.10929
71	128	1.10736
71	148	1.06623
71	153	1.08654
71	154	1.08595
71	158	1.09469
71	163	1.06436
71	165	1.08047
71	167	1.08227
71	168	1.06529
71	170	1.09131
71	171	1.07224
72	53	1.08185
72	89	0.637959
72	100	1.19697
72	113	1.19673
72	117	1.17734
72	120	0.662805
72	126	0.576126
72	127	1.16591
72	134	1.16157
72	137	1.19286
72	140	1.16243
72	141	1.19458
72	151	1.15945
72	153	1.17294
72	162	0.650111
72	166	1.17658
72	172	0.642239
72	176	0.641005
72	178	1.16073
73	54	0.63247
73	74	1.17272
73	85	1.12845
73	102	0.637198
73	116	1.1768
73	140	0.645266
73	146	1.19127
73	154	0.620361
73	161	0.614457
73	164	0.638845
73	169	1.18423
73	172	1.16242
73	173	1.17169
73	174	1.162
73	175	1.1828
73	176	1.17529
73	177	1.15567
73	179	1.17527
73	180	1.16164
74	50	0.638847
74	73	1.17272
74	120	1.11396
74	121	0.644132
74	126	1.18332
74	139	0.661687
74	140	0.67731
74	145	1.16203
74	146	1.16097
74	147	1.11474
74	160	0.667503
74	163	0.702748
74	172	1.13212
74	173	1.14139
74	174	1.1317
74	175	1.1525
74	177	1.12538
74	178	1.13313
74	179	1.14497
74	180	1.13134
75	53	0.791925
75	62	0.600618
75	91	1.13059
75	94	1.21547
75	102	0.673107
75	114	1.10927
75	121	0.647997
75	135	1.12756
75	145	1.16345
75	147	1.11615
75	150	0.62663
75	167	0.65371
75	169	1.15534
75	173	1.1428
75	174	1.13312
75	175	1.15392
75	176	1.1464
75	177	1.12679
75	179	1.14639
75	180	1.13276
76	12	1.20451
76	22	1.16136
76	55	0.656955
76	92	0.661485
76	110	0.63821
76	118	1.12611
76	139	1.14677
76	154	1.14266
76	155	1.1314
76	158	1.1514
76	162	1.11393
76	165	1.13718
76	166	1.14689
76	167	1.13898
76	168	1.12199
76	169	0.674491
76	170	1.14802
76	171	1.12895
76	173	0.679
76	178	0.697664
77	33	0.687929
77	54	0.636538
77	71	0.759689
77	114	1.11094
77	124	1.14904
77	129	1.17007
77	131	1.16373
77	135	1.12923
77	141	0.624451
77	156	1.13555
77	164	0.642914
77	169	1.15702
77	170	0.642629
77	172	1.13521
77	174	1.13479
77	175	1.15559
77	176	1.14808
77	177	1.12847
77	179	1.14806
77	180	1.13443
78	46	1.05624
78	80	1.11081
78	84	1.08638
78	104	0.675491
78	111	1.1472
78	120	1.09956
78	143	1.13424
78	145	1.14763
78	146	1.14657
78	148	0.742328
78	152	0.684036
78	161	0.678426
78	162	0.725575
78	167	0.68177
78	173	1.12699
78	174	1.1173
78	175	1.1381
78	176	1.13059
78	177	1.11098
78	179	1.13057
78	180	1.11694
79	7	1.15087
79	14	1.11433
79	23	1.10509
79	24	1.23255
79	29	1.07297
79	34	1.02167
79	48	1.13532
79	56	1.19724
79	92	1.08737
79	94	1.17111
79	98	1.13843
79	125	1.09472
79	129	0.661357
79	135	0.704952
79	140	0.712911
79	143	0.671598
79	148	0.746004
79	149	1.0871
79	164	1.10068
79	177	0.710407
79	178	1.0902
80	54	0.698536
80	78	1.11081
80	116	1.12929
80	141	0.686449
80	147	1.09752
80	153	1.12813
80	154	0.686427
80	156	1.11524
80	162	0.727671
80	164	0.704911
80	167	0.683867
80	169	1.13671
80	172	1.11491
80	173	1.12418
80	174	1.11449
80	175	1.13529
80	176	1.12778
80	177	1.10816
80	178	1.11592
80	179	1.12776
80	180	1.11413
81	32	0.74986
81	109	1.10402
81	111	1.14133
81	113	0.683759
81	124	1.12568
81	128	0.660908
81	141	0.692045
81	143	1.12837
81	151	0.709251
81	154	0.692024
81	156	1.11218
81	169	1.13365
81	172	1.11185
81	173	1.12112
81	174	1.11143
81	175	1.13223
81	176	1.12472
81	177	1.1051
81	178	1.11286
81	179	1.1247
81	180	1.11107
82	8	1.18798
82	23	1.12727
82	26	1.08607
82	33	1.09094
82	34	1.04385
82	45	1.03191
82	56	1.21942
82	59	1.09123
82	60	1.18965
82	85	0.736342
82	88	0.703494
82	92	1.10955
82	98	1.1606
82	106	0.642473
82	125	1.1169
82	129	0.67353
82	149	1.10928
82	164	1.12286
82	169	0.710018
82	178	1.11238
82	180	0.744698
83	21	0.617559
83	51	1.22612
83	52	1.12969
83	93	0.648337
83	100	0.571694
83	104	0.575914
83	135	1.19235
83	144	0.584897
83	151	0.60198
83	152	0.584459
83	156	1.19867
83	169	1.22014
83	172	1.19833
83	173	1.2076
83	174	1.19791
83	175	1.21871
83	176	1.2112
83	177	1.19159
83	178	1.19934
83	179	1.21118
83	180	1.19755
84	20	1.1219
84	21	0.754825
84	57	0.655855
84	64	0.794439
84	78	1.08638
84	116	1.10486
84	117	0.727174
84	145	1.12039
84	146	1.11933
84	147	1.0731
84	156	1.09081
84	164	0.740504
84	167	0.719459
84	169	1.11229
84	172	1.09048
84	173	1.09975
84	174	1.09006
84	175	1.11086
84	176	1.10335
84	177	1.08374
84	179	1.10333
84	180	1.0897
85	9	0.924912
85	73	1.12845
85	82	0.736342
85	108	1.13511
85	114	1.06358
85	115	0.672642
85	120	1.06969
85	122	0.688246
85	126	1.13904
85	131	1.11636
85	150	0.649178
85	156	1.08818
85	162	0.720062
85	169	1.10965
85	172	1.08784
85	173	1.09711
85	174	1.08743
85	175	1.10822
85	176	1.10071
85	177	1.0811
85	179	1.10069
85	180	1.08706
86	1	0.993819
86	42	0.700921
86	53	1.09844
86	62	0.561134
86	89	0.645878
86	100	1.21356
86	104	1.21063
86	113	1.21332
86	115	1.18579
86	117	1.19393
86	127	1.1825
86	130	1.15987
86	132	0.578708
86	134	1.17816
86	137	1.20945
86	140	1.17902
86	141	1.21117
86	146	0.607325
86	163	0.667129
86	166	1.19317
86	171	0.643569
86	178	1.17732
87	32	1.14067
87	42	1.10257
87	44	0.61693
87	120	0.688568
87	121	1.17907
87	122	1.1813
87	128	1.17937
87	136	1.16988
87	148	1.13824
87	151	1.14506
87	155	1.14671
87	157	0.645025
87	162	1.12923
87	163	1.13637
87	165	1.15248
87	167	1.15429
87	168	1.1373
87	170	1.16332
87	171	1.14426
87	172	0.668001
87	176	0.666767
87	177	0.65703
87	178	0.667641
88	44	1.17229
88	58	0.722158
88	82	0.703494
88	99	0.515735
88	111	1.16937
88	118	0.679743
88	120	1.12172
88	122	0.655397
88	123	0.642458
88	132	1.14341
88	143	1.1564
88	146	1.16873
88	156	1.14022
88	169	1.16169
88	171	0.672752
88	172	1.13988
88	173	1.14915
88	174	1.13946
88	175	1.16026
88	176	1.15275
88	177	1.13314
88	179	1.15273
88	180	1.1391
89	19	0.661628
89	57	0.605583
89	69	1.1785
89	72	0.637959
89	86	0.645878
89	104	0.662908
89	110	1.16415
89	131	1.16499
89	132	1.14001
89	143	1.15299
89	146	1.16532
89	156	1.13681
89	164	0.690232
89	169	1.15828
89	170	0.689948
89	172	1.13647
89	173	1.14574
89	174	1.13606
89	175	1.15685
89	176	1.14934
89	177	1.12973
89	179	1.14932
89	180	1.13569
90	20	0.678884
90	36	0.620072
90	64	1.10198
90	71	1.07429
90	97	1.19725
90	107	1.09712
90	116	0.721645
90	122	1.15876
90	126	0.665639
90	128	1.15683
90	136	1.14734
90	140	1.1255
90	143	0.681972
90	148	1.1157
90	154	1.13543
90	158	1.14416
90	162	1.10669
90	165	1.12994
90	167	1.13175
90	168	1.11476
90	170	1.14078
90	171	1.12172
90	173	0.712728
90	178	0.731392
91	17	0.655694
91	58	0.760533
91	75	1.13059
91	101	0.585722
91	104	0.675505
91	108	1.16614
91	116	1.13326
91	131	1.14739
91	135	1.11289
91	145	1.14878
91	147	1.10149
91	151	0.701572
91	156	1.11921
91	160	0.699442
91	169	1.14068
91	171	0.711127
91	172	1.11887
91	173	1.12814
91	175	1.13925
91	176	1.13174
91	177	1.11213
91	178	1.11988
91	179	1.13172
91	180	1.11809
92	23	1.13591
92	24	1.26337
92	26	1.09471
92	28	1.12
92	29	1.1038
92	34	1.0525
92	45	1.04055
92	48	1.16614
92	52	0.807834
92	56	1.22806
92	59	1.09987
92	76	0.661485
92	79	1.08737
92	82	1.10955
92	94	1.20194
92	125	1.12554
92	149	1.11792
92	155	0.653577
92	164	1.1315
92	166	0.674182
92	172	0.67286
92	176	0.671626
92	178	1.12102
92	179	0.664638
93	83	0.648337
93	94	0.601517
93	95	1.1144
93	102	1.1451
93	111	0.684309
93	118	1.11597
93	121	1.15363
93	122	1.15585
93	136	1.14443
93	139	1.13662
93	143	0.689832
93	154	1.13252
93	155	1.12126
93	158	1.14126
93	162	1.10379
93	163	1.11093
93	165	1.12703
93	167	1.12884
93	168	1.11185
93	170	1.13787
93	171	1.11881
93	174	0.755567
93	175	0.70675
93	177	0.72864
94	3	0.816227
94	25	0.623705
94	34	1.13624
94	37	0.477835
94	75	1.21547
94	79	1.17111
94	92	1.20194
94	93	0.601517
94	122	0.547361
94	125	1.20928
94	137	0.537698
94	145	1.23366
94	148	0.595932
94	152	1.189
94	157	1.2157
94	159	1.19808
94	160	1.19808
94	161	1.19807
94	168	0.591812
94	173	1.21302
94	177	1.197
94	178	1.20476
94	179	1.2166
94	180	1.20297
95	21	1.14864
95	37	1.19596
95	46	0.792891
95	93	1.1144
95	102	1.14156
95	118	1.11243
95	122	1.15231
95	126	0.638435
95	128	1.15038
95	129	0.644527
95	145	0.655169
95	148	1.10925
95	154	1.12898
95	155	1.11772
95	158	1.13771
95	162	1.10024
95	163	1.10739
95	167	1.1253
95	168	1.10831
95	170	1.13433
95	171	1.11527
95	172	0.704548
95	173	0.685525
95	177	0.693577
96	26	0.603331
96	34	0.732534
96	48	0.550029
96	113	0.551989
96	125	0.569917
96	128	1.23355
96	130	0.64142
96	134	0.580669
96	141	0.560275
96	148	1.19242
96	152	1.18476
96	157	1.21146
96	159	1.19384
96	160	1.19384
96	161	1.19383
96	162	1.18341
96	168	1.19148
96	171	1.19844
96	173	1.20878
96	174	1.19909
96	176	1.21237
96	177	1.19276
96	179	1.21236
96	180	1.19873
97	90	1.19725
97	102	1.2215
97	107	1.17061
97	116	0.622107
97	124	0.601407
97	128	1.23032
97	133	0.551172
97	137	0.598607
97	145	0.582835
97	148	1.18919
97	149	1.19419
97	155	1.19766
97	158	1.21766
97	162	1.18019
97	163	1.18733
97	164	1.20778
97	165	1.20343
97	167	1.20524
97	168	1.18825
97	170	1.21427
97	171	1.19521
97	175	0.599353
97	176	0.630981
97	179	0.623992
98	34	1.10355
98	35	1.24414
98	79	1.13843
98	82	1.1606
98	117	1.18868
98	122	0.607802
98	125	1.1766
98	127	1.17726
98	130	1.15462
98	134	1.17292
98	137	1.20421
98	141	1.20593
98	144	0.598519
98	148	0.656373
98	158	0.608409
98	163	0.648717
98	167	0.595815
98	168	0.652253
98	169	1.19287
98	170	0.616575
98	174	1.17064
98	176	1.18393
98	178	1.17207
98	179	1.18391
98	180	1.17028
99	46	0.634136
99	88	0.515735
99	101	1.34014
99	105	0.5264
99	106	1.28282
99	119	1.26739
99	123	1.24815
99	126	0.47968
99	133	1.28621
99	138	1.24156
99	142	1.21569
99	144	1.24327
99	149	0.581264
99	150	1.2584
99	152	1.23261
99	153	0.56994
99	157	1.25931
99	159	1.24169
99	160	1.24169
99	161	1.24168
99	174	0.561749
99	178	0.545433
100	1	0.976578
100	9	1.08387
100	11	0.788049
100	19	0.619477
100	53	1.0812
100	55	1.18465
100	72	1.19697
100	83	0.571694
100	86	1.21356
100	108	0.613014
100	113	1.19608
100	115	1.16855
100	117	1.17669
100	127	1.16526
100	130	1.14263
100	134	1.16092
100	137	1.19221
100	141	1.19393
100	151	1.15881
100	153	1.17229
100	156	0.692867
100	164	0.64808
100	166	1.17593
100	173	0.643944
100	175	0.630107
100	178	1.16008
101	91	0.585722
101	99	1.34014
101	106	1.25005
101	119	1.23462
101	123	1.21539
101	131	0.551219
101	133	1.25344
101	138	1.2088
101	142	1.18293
101	144	1.21051
101	145	0.528026
101	149	0.612875
101	150	1.22564
101	152	1.19984
101	153	0.601551
101	157	1.22654
101	159	1.20893
101	160	1.20892
101	161	1.20892
101	164	1.22609
101	166	0.578726
101	179	0.569182
101	180	0.588551
102	69	0.557788
102	73	0.637198
102	75	0.673107
102	93	1.1451
102	95	1.14156
102	97	1.2215
102	117	0.664647
102	118	1.14313
102	121	1.18078
102	132	0.621414
102	145	0.643485
102	147	0.73445
102	148	1.13995
102	154	1.15967
102	155	1.14842
102	157	0.669889
102	158	1.16841
102	162	1.13094
102	163	1.13808
102	164	1.15853
102	165	1.15419
102	166	1.1639
102	167	1.156
102	168	1.13901
102	170	1.16503
102	171	1.14597
103	24	0.53541
103	25	0.716116
103	71	0.765605
103	115	1.15967
103	125	0.640008
103	127	1.15638
103	128	0.599229
103	130	1.13375
103	132	1.15372
103	137	1.18333
103	141	1.18505
103	150	1.16123
103	152	1.13544
103	157	1.16214
103	159	1.14452
103	160	1.14452
103	161	1.14451
103	165	0.649107
103	167	0.627785
103	171	0.657128
103	173	1.15945
103	175	1.17057
103	176	1.16305
103	177	1.14344
103	178	1.1512
103	180	1.14941
104	3	1.08746
104	9	1.08094
104	28	1.15613
104	38	1.11304
104	53	1.07826
104	57	1.21858
104	78	0.675491
104	83	0.575914
104	86	1.21063
104	89	0.662908
104	91	0.675505
104	113	1.19315
104	115	1.16562
104	117	1.17376
104	127	1.16233
104	130	1.1397
104	134	1.15799
104	137	1.18928
104	141	1.191
104	146	0.624355
104	149	0.702659
104	151	1.15587
104	153	1.16936
104	158	0.64385
104	169	0.643655
104	178	1.15715
105	10	0.581226
105	71	0.791894
105	99	0.5264
105	111	1.17484
105	120	1.12719
105	126	1.19655
105	132	1.14888
105	133	0.608965
105	135	1.13937
105	145	1.17526
105	146	1.1742
105	147	1.12797
105	153	1.15857
105	155	0.670723
105	165	0.675396
105	167	0.654074
105	169	1.16716
105	171	0.683417
105	172	1.14535
105	173	1.15462
105	174	1.14493
105	175	1.16573
105	176	1.15822
105	177	1.13861
105	179	1.1582
105	180	1.14457
106	61	0.682428
106	67	1.2013
106	70	1.2013
106	82	0.642473
106	99	1.28282
106	101	1.25005
106	119	1.1773
106	123	1.15807
106	133	1.19612
106	138	1.15148
106	142	1.12561
106	144	1.15319
106	150	1.16832
106	152	1.14252
106	153	0.642468
106	157	1.16922
106	159	1.15161
106	160	1.1516
106	161	1.1516
106	164	1.16877
106	166	0.619643
106	170	0.603149
106	173	0.599298
106	174	0.634277
106	175	0.58546
107	27	1.22167
107	37	1.17577
107	39	0.772867
107	43	1.13326
107	69	0.599007
107	90	1.09712
107	97	1.17061
107	109	0.744154
107	112	1.13097
107	121	1.1299
107	128	1.13019
107	136	1.1207
107	138	0.698088
107	139	1.11289
107	145	0.684704
107	148	1.08906
107	155	1.09753
107	158	1.11752
107	159	0.682935
107	162	1.08005
107	163	1.0872
107	165	1.1033
107	167	1.10511
107	168	1.08812
107	169	0.71055
107	170	1.11414
107	171	1.09508
107	173	0.71506
108	43	0.654176
108	57	0.559908
108	85	1.13511
108	91	1.16614
108	100	0.613014
108	110	1.19676
108	117	0.631228
108	124	1.18291
108	126	1.22028
108	129	1.20394
108	132	1.17261
108	135	1.1631
108	136	0.597591
108	144	0.626217
108	145	1.19899
108	155	0.640162
108	156	1.16942
108	161	0.62017
108	164	0.644557
108	169	1.19089
108	172	1.16908
108	173	1.17835
108	174	1.16866
108	175	1.18946
108	176	1.18195
108	177	1.16234
108	179	1.18193
108	180	1.1683
109	20	1.14541
109	38	0.799814
109	52	1.04535
109	70	0.625969
109	81	1.10402
109	107	0.744154
109	110	1.14166
109	117	0.691253
109	124	1.12782
109	129	1.14885
109	131	1.14251
109	135	1.10801
109	136	0.657616
109	143	1.13051
109	147	1.09661
109	156	1.11433
109	158	0.696133
109	159	0.668322
109	164	0.704583
109	169	1.1358
109	172	1.11399
109	173	1.12326
109	174	1.11357
109	175	1.13437
109	176	1.12686
109	177	1.10725
109	179	1.12684
109	180	1.11321
110	63	0.695721
110	67	0.605297
110	76	0.63821
110	89	1.16415
110	108	1.19676
110	109	1.14166
110	114	1.12522
110	125	0.625876
110	129	1.18435
110	143	1.16601
110	145	1.1794
110	146	1.17834
110	147	1.13211
110	152	0.615918
110	156	1.14982
110	163	0.666555
110	164	0.634697
110	166	1.16635
110	168	0.670091
110	169	1.1713
110	170	0.634413
110	172	1.14949
110	173	1.15876
110	175	1.16987
110	176	1.16236
110	177	1.14275
110	178	1.1505
110	179	1.16234
110	180	1.14871
111	53	0.75638
111	62	0.565073
111	78	1.1472
111	81	1.14133
111	88	1.16937
111	93	0.684309
111	105	1.17484
111	114	1.12703
111	116	1.16569
111	120	1.13314
111	126	1.2025
111	143	1.16782
111	145	1.18121
111	146	1.18015
111	150	0.591085
111	153	1.16452
111	156	1.15164
111	160	0.635823
111	161	0.614822
111	162	0.66197
111	164	0.63921
111	165	0.639487
111	172	1.1513
111	173	1.16057
111	174	1.15088
111	175	1.17168
111	177	1.14456
111	179	1.16415
111	180	1.15052
112	15	0.591854
112	25	1.14373
112	64	1.13584
112	66	1.13255
112	68	0.59938
112	107	1.13097
112	120	0.675123
112	121	1.19039
112	122	1.19262
112	127	0.662774
112	136	1.1812
112	139	1.17339
112	148	1.14956
112	154	1.16928
112	155	1.15803
112	156	0.684455
112	158	1.17802
112	161	0.61528
112	162	1.14055
112	163	1.14769
112	164	1.16814
112	165	1.1638
112	167	1.1656
112	168	1.14861
112	170	1.17464
112	171	1.15557
112	174	0.670512
112	177	0.643585
112	180	0.665702
113	1	0.976342
113	9	1.08364
113	20	0.614895
113	21	0.667196
113	51	0.594219
113	53	1.08096
113	55	1.18442
113	57	1.22127
113	65	0.703338
113	72	1.19673
113	81	0.683759
113	86	1.21332
113	96	0.551989
113	100	1.19608
113	104	1.19315
113	115	1.16831
113	117	1.17646
113	127	1.16503
113	130	1.14239
113	134	1.16069
113	137	1.19198
113	140	1.16154
113	141	1.1937
113	151	1.15857
113	166	1.17569
113	171	0.661173
113	172	0.667763
113	178	1.15984
113	179	0.65954
114	4	0.829279
114	5	1.04055
114	22	0.671248
114	38	0.805525
114	75	1.10927
114	77	1.11094
114	85	1.06358
114	110	1.12522
114	111	1.12703
114	117	0.696965
114	122	0.701237
114	126	1.14874
114	129	1.13241
114	132	1.10108
114	135	1.09157
114	143	1.11407
114	146	1.12639
114	147	1.08016
114	152	0.691515
114	158	0.701844
114	167	0.68925
114	169	1.11935
114	172	1.09755
114	173	1.10681
114	174	1.09713
114	176	1.11041
114	177	1.0908
114	179	1.1104
114	180	1.09677
115	3	1.06263
115	38	1.0882
115	39	0.708635
115	53	1.05343
115	55	1.15689
115	57	1.19374
115	68	1.17324
115	85	0.672642
115	86	1.18579
115	100	1.16855
115	103	1.15967
115	104	1.16562
115	113	1.16831
115	117	1.14892
115	127	1.13749
115	130	1.11486
115	134	1.13316
115	137	1.16445
115	140	1.13401
115	141	1.16617
115	153	1.14452
115	156	0.69975
115	164	0.654963
115	165	0.655241
115	166	1.14816
115	169	0.646318
115	173	0.650827
115	175	0.63699
115	178	1.13231
115	180	0.680998
116	18	1.16403
116	19	0.655801
116	48	0.655696
116	73	1.1768
116	80	1.12929
116	84	1.10486
116	90	0.721645
116	91	1.13326
116	97	0.622107
116	111	1.16569
116	120	1.11804
116	121	0.657647
116	124	1.15003
116	131	1.16472
116	135	1.13022
116	137	0.665685
116	147	1.11882
116	153	1.14942
116	159	0.648144
116	160	0.681018
116	165	0.684682
116	169	1.15801
116	172	1.1362
116	173	1.14547
116	174	1.13578
116	175	1.15658
116	176	1.14907
116	177	1.12946
116	179	1.14905
116	180	1.13542
117	1	0.956954
117	3	1.07077
117	9	1.06425
117	41	0.549768
117	55	1.16503
117	57	1.20189
117	61	1.11278
117	72	1.17734
117	84	0.727174
117	86	1.19393
117	98	1.18868
117	100	1.17669
117	102	0.664647
117	104	1.17376
117	108	0.631228
117	109	0.691253
117	113	1.17646
117	114	0.696965
117	115	1.14892
117	127	1.14564
117	130	1.123
117	134	1.1413
117	137	1.17259
117	141	1.17431
117	151	1.13918
117	166	1.15631
117	176	0.679948
117	178	1.14046
117	179	0.67296
117	180	0.692329
118	27	1.24343
118	42	1.07515
118	65	0.745377
118	66	1.09381
118	68	0.654626
118	76	1.12611
118	88	0.679743
118	93	1.11597
118	95	1.11243
118	102	1.14313
118	122	1.15388
118	125	0.686092
118	127	0.718019
118	128	1.15195
118	136	1.14246
118	146	0.666967
118	148	1.11082
118	151	1.11765
118	152	0.676134
118	155	1.11929
118	158	1.13929
118	161	0.670525
118	162	1.10181
118	163	1.10896
118	164	1.1294
118	165	1.12506
118	167	1.12687
118	168	1.10988
118	170	1.1359
118	171	1.11684
118	177	0.69883
119	24	0.510256
119	49	1.08599
119	62	1.21932
119	67	1.18587
119	70	1.18587
119	71	0.740451
119	99	1.26739
119	101	1.23462
119	106	1.1773
119	123	1.14264
119	130	0.686358
119	133	1.18069
119	138	1.13605
119	142	1.11017
119	144	1.13776
119	149	0.674035
119	150	1.15288
119	151	1.14158
119	152	1.12709
119	157	1.15379
119	159	1.13618
119	160	1.13617
119	161	1.13617
119	164	1.15334
119	170	0.623392
119	174	0.65452
119	178	0.638204
119	179	0.630341
119	180	0.649711
120	59	0.767337
120	69	1.14568
120	72	0.662805
120	74	1.11396
120	78	1.09956
120	85	1.06969
120	87	0.688568
120	88	1.12172
120	105	1.12719
120	111	1.13314
120	112	0.675123
120	116	1.11804
120	124	1.11749
120	131	1.13217
120	132	1.10719
120	135	1.09768
120	140	0.721499
120	141	0.696616
120	143	1.12018
120	145	1.13357
120	147	1.08627
120	155	0.710683
120	164	0.715078
120	168	0.750473
120	172	1.10366
120	173	1.11293
120	174	1.10324
120	175	1.12404
120	176	1.11653
120	177	1.09691
120	179	1.11651
120	180	1.10288
121	2	1.22485
121	23	0.613105
121	42	1.11281
121	61	1.1289
121	74	0.644132
121	75	0.647997
121	87	1.17907
121	93	1.15363
121	102	1.18078
121	107	1.1299
121	112	1.19039
121	116	0.657647
121	123	0.630871
121	128	1.18961
121	136	1.18012
121	138	0.631759
121	139	1.17231
121	148	1.14848
121	149	1.15348
121	155	1.15695
121	157	0.644779
121	158	1.17694
121	160	0.64948
121	163	1.14661
121	165	1.16272
121	166	1.17243
121	167	1.16452
121	168	1.14754
121	169	0.644221
121	170	1.17356
121	171	1.15449
121	175	0.634893
122	31	0.557468
122	55	0.644386
122	71	1.10929
122	85	0.688246
122	87	1.1813
122	88	0.655397
122	90	1.15876
122	93	1.15585
122	94	0.547361
122	95	1.15231
122	98	0.607802
122	112	1.19262
122	114	0.701237
122	118	1.15388
122	128	1.19183
122	136	1.18235
122	139	1.17454
122	146	0.642621
122	148	1.15071
122	151	1.15753
122	154	1.17043
122	155	1.15917
122	158	1.17917
122	162	1.1417
122	165	1.16495
122	166	1.17466
122	167	1.16675
122	168	1.14976
122	170	1.17579
122	171	1.15672
122	178	0.685095
122	179	0.677232
123	22	0.618582
123	49	1.06676
123	54	1.16549
123	62	1.20009
123	67	1.16664
123	70	1.16664
123	88	0.642458
123	99	1.24815
123	101	1.21539
123	106	1.15807
123	119	1.14264
123	121	0.630871
123	133	1.16146
123	138	1.11682
123	142	1.09094
123	144	1.11853
123	148	0.697142
123	149	0.707987
123	150	1.13365
123	151	1.12235
123	152	1.10786
123	153	0.696662
123	157	1.13456
123	159	1.11694
123	160	1.11694
123	161	1.11693
123	164	1.13411
123	171	0.665926
123	179	0.664293
123	180	0.683663
124	6	0.797874
124	15	1.16162
124	16	0.622679
124	23	0.623943
124	77	1.14904
124	81	1.12568
124	97	0.601407
124	108	1.18291
124	109	1.12782
124	116	1.15003
124	120	1.11749
124	126	1.18685
124	131	1.16416
124	134	0.665636
124	141	0.645242
124	145	1.16556
124	146	1.16449
124	147	1.11826
124	151	0.662448
124	156	1.13598
124	158	0.655255
124	166	1.15251
124	167	0.64266
124	169	1.15745
124	171	0.672003
124	172	1.13565
124	173	1.14492
124	174	1.13523
124	175	1.15603
124	176	1.14851
124	178	1.13666
124	179	1.1485
124	180	1.13487
125	5	0.810721
125	7	1.18904
125	8	1.20397
125	23	1.14326
125	24	1.27072
125	26	1.10206
125	28	1.12734
125	29	1.11114
125	31	0.557703
125	33	1.10693
125	34	1.05984
125	35	1.20044
125	45	1.0479
125	48	1.17349
125	56	1.23541
125	59	1.10722
125	60	1.20564
125	79	1.09472
125	82	1.1169
125	92	1.12554
125	94	1.20928
125	96	0.569917
125	98	1.1766
125	103	0.640008
125	110	0.625876
125	118	0.686092
125	149	1.12527
125	156	0.71559
125	164	1.13885
125	169	0.662157
125	173	0.666667
125	177	0.674719
125	178	1.12837
126	58	0.686102
126	65	1.14616
126	67	0.598999
126	72	0.576126
126	74	1.18332
126	85	1.13904
126	90	0.665639
126	95	0.638435
126	99	0.47968
126	105	1.19655
126	108	1.22028
126	111	1.2025
126	114	1.14874
126	124	1.18685
126	129	1.20787
126	132	1.17654
126	139	0.619196
126	141	0.609936
126	143	1.18953
126	145	1.20292
126	146	1.20186
126	149	1.17093
126	156	1.17335
126	163	0.660257
126	165	0.628676
126	169	1.19482
126	170	0.628114
126	172	1.17301
126	173	1.18228
126	175	1.19339
126	176	1.18588
126	177	1.16627
126	179	1.18586
126	180	1.17223
127	1	0.945524
127	3	1.05934
127	35	0.414861
127	38	1.08492
127	44	0.666547
127	47	1.16403
127	53	1.05014
127	55	1.1536
127	57	1.19046
127	72	1.16591
127	86	1.1825
127	98	1.17726
127	100	1.16526
127	103	1.15638
127	104	1.16233
127	112	0.662774
127	113	1.16503
127	115	1.13749
127	117	1.14564
127	118	0.718019
127	130	1.11158
127	134	1.12987
127	137	1.16116
127	140	1.13072
127	141	1.16288
127	149	0.753088
127	151	1.12775
127	153	1.14123
127	162	0.72549
127	165	0.703007
127	172	0.717617
127	174	0.733573
127	178	1.12903
127	179	0.709395
128	43	1.19297
128	58	1.13891
128	59	0.682282
128	65	0.680487
128	68	0.589736
128	71	1.10736
128	81	0.660908
128	87	1.17937
128	90	1.15683
128	95	1.15038
128	96	1.23355
128	97	1.23032
128	103	0.599229
128	107	1.13019
128	118	1.15195
128	121	1.18961
128	122	1.19183
128	136	1.18041
128	139	1.1726
128	144	0.611683
128	146	0.602078
128	154	1.1685
128	155	1.15724
128	158	1.17724
128	162	1.13977
128	163	1.14691
128	165	1.16301
128	167	1.16482
128	168	1.14783
128	169	0.621379
128	170	1.17385
128	171	1.15479
128	174	0.660867
128	178	0.644552
128	180	0.656058
129	20	1.1881
129	39	1.11625
129	55	0.608309
129	56	0.5159
129	59	0.686749
129	64	0.688425
129	77	1.17007
129	79	0.661357
129	82	0.67353
129	95	0.644527
129	108	1.20394
129	109	1.14885
129	110	1.18435
129	114	1.13241
129	126	1.20787
129	131	1.18519
129	132	1.16021
129	135	1.1507
129	143	1.1732
129	145	1.18659
129	147	1.13929
129	156	1.15701
129	159	0.59823
129	163	0.666349
129	165	0.634768
129	166	1.17354
129	167	0.613446
129	169	1.17848
129	173	1.16594
129	174	1.15626
129	175	1.17706
129	176	1.16954
129	177	1.14993
129	179	1.16953
129	180	1.1559
130	1	0.922892
130	3	1.03671
130	9	1.03019
130	14	0.681132
130	28	1.10537
130	38	1.06228
130	39	0.795978
130	53	1.02751
130	55	1.13097
130	57	1.16782
130	68	1.14732
130	86	1.15987
130	96	0.64142
130	98	1.15462
130	100	1.14263
130	103	1.13375
130	104	1.1397
130	113	1.14239
130	115	1.11486
130	117	1.123
130	119	0.686358
130	127	1.11158
130	131	0.731008
130	132	0.685744
130	134	1.10724
130	135	0.740768
130	137	1.13853
130	140	1.10809
130	141	1.14025
130	151	1.10512
130	153	1.1186
130	163	0.774164
130	166	1.12224
130	175	0.724333
130	178	1.10639
130	179	0.748971
131	46	1.08885
131	55	0.642145
131	65	1.12348
131	77	1.16373
131	85	1.11636
131	89	1.16499
131	91	1.14739
131	101	0.551219
131	109	1.14251
131	116	1.16472
131	120	1.13217
131	124	1.16416
131	129	1.18519
131	130	0.731008
131	132	1.15386
131	133	0.602172
