1	12	0.800758
1	82	1.02099
1	86	1.00114
1	121	1.01034
1	124	1.04357
1	128	1.04303
1	131	1.05213
1	143	1.01556
1	166	1.22017
1	173	1.11667
1	175	1.27929
1	178	1.05232
2	27	1.01962
2	80	1.05254
2	83	1.00962
2	106	1.05162
2	120	1.10676
2	138	0.919197
2	145	0.952463
2	146	0.985496
2	164	0.971301
2	167	1.11174
2	168	1.27897
2	180	1.19805
3	39	1.07059
3	84	1.00836
3	88	1.06306
3	100	1.01746
3	103	1.01921
3	111	0.993149
3	113	1.0328
3	141	1.05963
3	145	1.02116
3	153	0.998693
3	160	1.02488
3	168	1.34766
4	5	1.07745
4	43	1.08998
4	59	0.969971
4	65	1.04814
4	140	1.0551
4	150	1.02549
4	151	1.03424
4	153	1.05844
4	160	1.08463
4	169	1.09311
4	170	1.17869
4	173	0.960874
5	4	1.07745
5	15	1.07431
5	36	0.978838
5	59	1.00022
5	135	1.05323
5	137	0.947539
5	150	1.05574
5	159	1.03163
5	162	1.01334
5	168	1.29396
5	171	1.16731
5	173	0.991122
6	82	0.997435
6	92	0.955075
6	115	1.02867
6	119	1.07007
6	124	1.02002
6	128	1.01947
6	131	1.02858
6	136	1.19564
6	151	0.989519
6	170	1.13397
6	172	1.02464
6	176	1.18159
7	71	0.920545
7	79	0.964191
7	81	0.997674
7	91	1.0474
7	109	1.05907
7	126	1.02544
7	127	1.06682
7	132	1.03802
7	140	1.00333
7	143	1.06485
7	159	1.10368
7	168	1.36601
8	57	0.981065
8	64	1.0903
8	77	1.05277
8	83	0.975255
8	106	1.01725
8	120	1.07239
8	140	1.04781
8	149	1.00021
8	151	0.917822
8	170	1.06227
8	171	1.16433
8	179	1.30625
9	18	0.824085
9	89	1.04363
9	105	1.03711
9	112	1.01084
9	129	1.03952
9	148	1.02866
9	154	1.25407
9	163	1.12635
9	164	0.961736
9	170	1.0895
9	172	1.05245
9	173	1.16395
10	49	0.903855
10	85	0.849418
10	91	0.912928
10	98	0.923753
10	110	0.861982
10	126	0.890966
10	127	0.932344
10	132	0.903546
10	136	1.36097
10	150	1.21962
10	165	1.38138
10	173	1.37375
11	26	0.982477
11	94	0.965664
11	96	1.08822
11	114	1.07548
11	125	1.08199
11	130	1.02028
11	134	1.06696
11	137	1.0378
11	149	1.09345
11	150	1.05087
11	154	0.95406
11	164	1.26945
12	1	0.800758
12	91	0.842815
12	115	0.822749
12	134	0.906968
12	157	0.890068
12	167	1.03239
12	168	0.993897
12	169	1.10308
12	170	1.04678
12	178	1.05935
12	179	0.967282
12	180	1.00011
13	19	1.03402
13	70	1.03065
13	95	0.992187
13	110	1.00062
13	123	0.978927
13	126	1.02961
13	127	1.07099
13	132	1.04219
13	150	0.979
13	173	1.13313
13	178	1.06878
13	179	1.30265
14	65	0.816203
14	85	0.920548
14	134	0.844927
14	149	1.12228
14	158	0.814542
14	165	1.03356
14	167	1.0401
14	172	0.747096
14	174	0.982608
14	176	1.04497
14	179	0.974993
14	180	1.00782
15	5	1.07431
15	43	1.08685
15	63	0.977534
15	65	1.04501
15	135	1.01984
15	139	0.925562
15	140	1.05196
15	154	1.21618
15	163	1.08846
15	164	1.16555
15	170	1.05161
15	173	0.957738
16	47	1.04539
16	52	1.00553
16	119	1.07336
16	121	0.99008
16	128	1.02276
16	131	1.03187
16	139	0.944308
16	156	0.901393
16	169	0.98477
16	172	1.02793
16	175	1.30743
16	179	1.31433
17	44	0.994897
17	84	1.01918
17	88	1.07388
17	100	1.02828
17	103	1.03004
17	111	1.00397
17	113	1.04363
17	116	0.930201
17	143	1.00547
17	151	0.993189
17	154	1.30221
17	173	1.21209
18	9	0.824085
18	19	0.747929
18	130	0.968983
18	131	0.868613
18	158	0.852628
18	166	1.01938
18	170	1.06245
18	171	1.02391
18	177	1.02847
18	178	1.07502
18	179	0.982954
18	180	1.01578
19	13	1.03402
19	18	0.747929
19	49	1.03656
19	85	0.982122
19	126	1.02367
19	127	1.06505
19	132	1.03625
19	141	0.995419
19	167	1.07483
19	177	1.08867
19	179	1.25732
19	180	1.16115
20	86	0.856354
20	115	0.907431
20	119	0.948829
20	121	0.865553
20	124	0.898781
20	128	0.898235
20	131	0.907344
20	144	0.908985
20	153	1.24144
20	162	1.30979
20	170	1.36169
20	176	1.40932
21	29	0.989685
21	80	1.04742
21	92	1.01167
21	102	0.995034
21	105	0.989257
21	107	0.970407
21	112	0.962987
21	129	0.991667
21	148	0.980799
21	151	1.04612
21	152	1.14416
21	154	1.35513
21	164	0.913878
22	27	0.978278
22	77	1.04579
22	80	1.0112
22	83	0.96828
22	106	1.01027
22	139	1.03285
22	146	0.944151
22	154	0.914424
22	160	1.06484
22	164	0.929956
22	167	1.22039
22	177	1.23422
22	180	1.3067
23	24	0.941593
23	38	1.02175
23	53	0.966188
23	54	0.966764
23	97	1.00349
23	104	0.971733
23	142	1.20759
23	143	1.08232
23	157	0.962801
23	158	0.978216
23	162	1.10286
23	165	1.23685
23	177	1.23009
24	23	0.941593
24	38	1.02157
24	67	0.982138
24	97	1.00332
24	99	0.923429
24	104	0.971558
24	141	0.952086
24	147	1.22978
24	149	1.15577
24	157	0.962627
24	158	0.978041
24	162	1.16592
24	180	1.36563
25	32	0.846602
25	38	0.877896
25	39	0.950259
25	132	0.94919
25	170	1.02025
25	171	0.981704
25	172	0.909937
25	174	0.948365
25	175	0.947527
25	176	1.01073
25	177	0.986269
25	179	0.94075
25	180	0.973579
26	11	0.982477
26	43	0.840218
26	102	0.926923
26	157	0.958496
26	158	0.945012
26	166	0.967487
26	167	0.996171
26	170	1.01056
26	175	0.937836
26	177	0.976578
26	178	1.02312
26	179	0.931059
26	180	0.963888
27	2	1.01962
27	22	0.978278
27	64	1.04292
27	80	0.970798
27	106	0.969873
27	117	1.01291
27	120	1.02502
27	132	0.996159
27	146	0.90375
27	155	1.19777
27	156	1.07092
27	164	0.889555
27	177	1.3152
28	40	0.924606
28	108	0.970893
28	118	1.02196
28	122	1.01066
28	130	0.962379
28	134	1.00906
28	137	1.02183
28	142	1.19237
28	152	1.09314
28	161	1.1704
28	172	1.0024
28	173	0.928347
28	179	1.38351
29	21	0.989685
29	42	0.944843
29	102	0.998196
29	105	0.992419
29	107	0.973569
29	112	0.966149
29	129	0.994829
29	136	0.933393
29	146	1.19728
29	160	1.03488
29	165	1.21103
29	167	1.19044
29	171	1.231
30	94	1.02597
30	128	0.898116
30	135	0.895693
30	144	0.830059
30	158	0.876134
30	162	1.03923
30	167	0.988
30	171	0.963842
30	175	0.929665
30	176	0.992868
30	178	1.01495
30	179	0.922889
30	180	0.955718
31	82	0.948678
31	115	0.97991
31	119	1.02131
31	121	0.938033
31	124	0.971261
31	128	0.970715
31	131	0.979823
31	140	0.965171
31	146	1.16746
31	159	1.06552
31	168	1.32785
31	172	0.975884
31	175	1.3362
32	25	0.846602
32	94	1.06786
32	101	1.15215
32	130	1.12248
32	134	1.16916
32	135	1.15055
32	146	1.08598
32	152	0.940858
32	154	1.05626
32	160	0.8932
32	164	1.1012
32	166	1.16522
32	169	0.901676
33	62	0.931062
33	79	0.929689
33	85	0.949392
33	95	0.953519
33	98	1.02373
33	127	1.03232
33	132	1.00352
33	141	0.962689
33	143	1.08437
33	145	1.05903
33	153	1.03656
33	164	1.27076
33	174	1.40079
34	39	0.973261
34	41	0.975487
34	84	0.91103
34	88	0.965731
34	100	0.920127
34	103	0.921883
34	111	0.895819
34	113	0.935474
34	142	1.22609
34	143	0.897316
34	146	1.24159
34	151	1.02881
34	166	1.35121
34	179	1.41724
35	46	0.95367
35	81	1.03247
35	85	1.01869
35	95	1.02282
35	98	1.09302
35	109	1.09386
35	127	1.10162
35	132	1.07282
35	133	0.968693
35	151	0.860076
35	163	1.04138
35	164	1.11846
35	174	1.2485
35	180	1.15233
36	5	0.978838
36	43	0.991377
36	50	0.994371
36	59	0.871364
36	61	1.09719
36	65	0.949537
36	135	0.924373
36	140	0.956492
36	150	0.926885
36	152	1.21324
36	156	1.09068
36	164	1.37359
36	166	1.4376
36	173	0.862267
37	59	0.899265
37	67	0.777682
37	86	0.809804
37	106	0.800548
37	131	0.778535
37	156	1.18007
37	157	0.776035
37	170	1.07742
37	174	1.00554
37	175	1.0047
37	176	1.0679
37	177	1.04344
37	179	0.997924
37	180	1.03075
38	23	1.02175
38	24	1.02157
38	25	0.877896
38	48	1.09182
38	53	1.04617
38	67	1.06229
38	97	1.08347
38	104	1.05171
38	150	0.938881
38	158	1.0582
38	164	1.1325
38	170	1.01856
38	174	1.26253
38	178	1.02866
39	3	1.07059
39	25	0.950259
39	34	0.973261
39	84	1.04704
39	88	1.10174
39	100	1.05614
39	103	1.0579
39	111	1.03183
39	113	1.07149
39	140	0.956961
39	150	1.01124
39	155	1.04881
39	161	1.12178
39	165	1.173
40	28	0.924606
40	73	0.937172
40	92	1.15629
40	99	1.04078
40	101	0.934511
40	114	0.960041
40	118	0.964427
40	122	0.953121
40	134	0.951519
40	153	1.21492
40	169	1.24959
40	172	0.944864
40	173	0.870809
40	174	1.57915
41	34	0.975487
41	69	1.23376
41	84	1.04927
41	88	1.10397
41	92	0.874633
41	100	1.05837
41	103	1.06012
41	111	1.03406
41	113	1.07371
41	135	1.05624
41	153	0.93327
41	163	1.09038
41	178	1.06363
41	180	1.20133
42	29	0.944843
42	87	1.00167
42	89	0.950928
42	92	1.07509
42	107	0.925565
42	112	0.918145
42	129	0.946825
42	136	0.885389
42	141	1.19466
42	148	0.935957
42	154	1.41855
42	163	1.29083
42	164	0.869036
42	178	1.26408
43	4	1.08998
43	15	1.08685
43	26	0.840218
43	36	0.991377
43	59	1.01276
43	63	1.02346
43	136	1.07492
43	140	1.09789
43	150	1.06828
43	154	1.17782
43	160	0.919187
43	163	1.0501
43	166	1.1912
43	173	1.00366
44	17	0.994897
44	60	1.1141
44	67	0.990434
44	100	0.94084
44	112	1.05285
44	159	0.97254
44	160	1.01289
44	162	0.973457
44	168	0.883731
44	170	0.936616
44	176	0.927096
44	178	0.949182
44	179	0.857117
44	180	0.889945
45	52	0.751816
45	103	0.862491
45	114	0.833854
45	131	0.815766
45	157	0.813266
45	161	1.09453
45	165	1.06336
45	171	1.04574
45	172	0.732335
45	174	1.0124
45	177	1.05031
45	178	1.09685
45	179	1.00479
45	180	1.03762
46	35	0.95367
46	49	0.925575
46	91	0.934647
46	98	0.945472
46	109	0.946311
46	110	0.883701
46	117	1.05746
46	126	0.912685
46	127	0.954064
46	132	0.925265
46	150	1.20476
46	163	1.32129
46	170	1.28444
46	171	1.3865
47	16	1.04539
47	58	1.09379
47	115	1.04415
47	119	1.08554
47	124	1.0355
47	128	1.03495
47	131	1.04406
47	136	1.10036
47	142	1.09151
47	143	1.00748
47	146	1.10701
47	149	0.976626
47	170	1.03869
47	176	1.08631
48	38	1.09182
48	54	1.03684
48	67	1.05239
48	68	1.05345
48	97	1.07357
48	104	1.04181
48	146	1.09246
48	149	0.962066
48	157	1.03288
48	158	1.04829
48	160	0.930064
48	167	1.08562
48	168	1.25284
48	176	1.07175
49	10	0.903855
49	19	1.03656
49	46	0.925575
49	62	0.972265
49	85	0.990595
49	110	1.00316
49	127	1.07352
49	132	1.04472
49	138	1.00921
49	139	1.01422
49	144	1.03943
49	146	1.20859
49	169	1.05468
49	177	1.21558
49	180	1.28807
50	36	0.994371
50	59	1.01575
50	65	1.09392
50	72	1.05353
50	75	0.826957
50	135	1.06876
50	140	1.10088
50	149	1.01018
50	150	1.07127
50	154	1.23681
50	156	0.903277
50	171	1.1743
50	173	1.00665
50	180	1.22004
51	57	0.992345
51	80	1.02945
51	83	0.986535
51	92	1.02883
51	106	1.02853
51	120	1.08367
51	136	1.16702
51	146	0.962406
51	154	0.93268
51	156	0.936381
51	161	1.1362
51	164	0.948211
51	165	1.18742
51	178	1.11545
51	180	1.25315
52	16	1.00553
52	45	0.751816
52	115	1.00428
52	119	1.04568
52	121	0.962406
52	124	0.995634
52	128	0.995088
52	131	1.0042
52	142	1.1229
52	143	0.967619
52	144	1.00584
52	173	1.14453
52	175	1.30715
52	176	1.1177
52	180	1.21788
53	23	0.966188
53	38	1.04617
53	54	0.991184
53	68	1.00779
53	97	1.02791
53	104	0.996154
53	139	0.964491
53	141	0.976681
53	146	1.15887
53	147	1.10249
53	157	0.987222
53	158	1.00264
53	163	1.12739
53	166	1.26849
53	173	1.16499
54	23	0.966764
54	48	1.03684
54	53	0.991184
54	68	1.00837
54	69	1.27108
54	97	1.02849
54	104	0.996729
54	136	1.15251
54	139	0.964791
54	141	0.977256
54	151	0.94639
54	154	1.25541
54	157	0.987797
54	158	1.00321
54	164	1.20478
55	61	0.804605
55	66	1.14429
55	75	0.721775
55	78	1.15188
55	89	1.13199
55	112	1.0992
55	129	1.12788
55	158	1.13681
55	163	1.00391
55	164	1.05009
55	168	1.19577
55	169	0.881472
55	171	1.06912
55	172	1.14081
55	179	1.21103
56	86	0.955904
56	99	0.850176
56	115	1.00698
56	119	1.04838
56	121	0.965103
56	124	0.998331
56	128	0.997786
56	131	1.00689
56	141	1.08526
56	144	1.00854
56	160	1.05052
56	172	1.00295
56	173	1.21903
56	175	1.38165
56	176	1.1922
57	8	0.981065
57	51	0.992345
57	64	1.03874
57	80	0.96661
57	92	0.965985
57	106	0.965685
57	116	1.03755
57	120	1.02083
57	146	0.899562
57	154	0.869835
57	155	1.20288
57	160	1.15093
57	161	1.27585
57	162	1.19308
57	164	0.885367
57	177	1.32031
58	47	1.09379
58	82	1.04913
58	86	1.02928
58	115	1.08036
58	121	1.03848
58	124	1.07171
58	128	1.07116
58	131	1.08027
58	137	0.970415
58	140	0.954165
58	147	1.10008
58	150	1.00845
58	159	1.05451
58	162	1.03622
58	171	1.19018
58	172	1.07633
59	4	0.969971
59	5	1.00022
59	36	0.871364
59	37	0.899265
59	43	1.01276
59	50	1.01575
59	61	1.0923
59	65	0.970918
59	99	0.960356
59	135	0.945753
59	140	0.977872
59	147	1.26671
59	150	0.948266
59	173	0.883647
59	175	1.49183
59	176	1.30238
60	44	1.1141
60	66	0.975321
60	78	0.982912
60	99	0.962437
60	102	0.962281
60	105	0.956505
60	117	1.02986
60	129	0.958914
60	144	0.97742
60	157	0.952427
60	158	0.967841
60	164	0.881125
60	166	1.43479
60	169	1.17125
60	172	0.971838
60	177	1.33216
61	36	1.09719
61	55	0.804605
61	59	1.0923
61	73	1.00432
61	77	0.977988
61	80	1.02798
61	83	1.054
61	86	0.964959
61	122	1.02027
61	131	1.01595
61	134	1.01867
61	162	0.976736
61	172	1.01201
61	174	0.86801
61	179	0.860395
61	180	0.893224
62	33	0.931062
62	49	0.972265
62	70	0.96042
62	79	0.898125
62	85	0.917828
62	98	0.992163
62	109	0.993002
62	126	0.959376
62	127	1.00075
62	132	0.971956
62	152	1.06551
62	159	1.0783
62	168	1.34063
62	173	1.18637
62	174	1.35589
62	176	1.15954
63	15	0.977534
63	43	1.02346
63	103	0.960331
63	111	0.934267
63	113	0.973922
63	121	0.93055
63	128	0.963233
63	131	0.972341
63	144	0.973983
63	159	1.10313
63	167	1.19823
63	169	1.05116
63	171	1.2388
63	173	0.894347
63	174	1.38072
63	177	1.21206
64	8	1.0903
64	27	1.04292
64	57	1.03874
64	77	1.11044
64	83	1.03293
64	106	1.07492
64	120	1.13006
64	140	1.10549
64	142	1.03059
64	150	0.898088
64	154	0.97907
64	162	0.925855
64	165	1.05985
64	168	1.20648
64	174	1.22174
64	178	0.987867
65	4	1.04814
65	14	0.816203
65	15	1.04501
65	36	0.949537
65	50	1.09392
65	59	0.970918
65	72	1.0087
65	123	1.03995
65	135	1.02393
65	139	0.993656
65	140	1.05605
65	142	1.17253
65	150	1.02644
65	154	1.28427
65	161	1.15056
65	173	0.961821
65	178	1.12981
66	55	1.14429
66	60	0.975321
66	102	1.01658
66	107	0.991957
66	112	0.984537
66	129	1.01322
66	133	1.10472
66	141	1.08123
66	148	1.00235
66	153	1.0203
66	155	1.09844
66	157	1.00673
66	158	1.02214
66	160	1.04649
66	172	1.02614
66	173	1.215
66	178	1.15065
67	24	0.982138
67	37	0.777682
67	38	1.06229
67	44	0.990434
67	48	1.05239
67	68	1.02391
67	90	1.01863
67	92	1.01266
67	104	1.01228
67	141	0.992805
67	146	1.2015
67	147	1.14513
67	156	0.964212
67	157	1.00335
67	158	1.01876
67	170	1.13317
67	171	1.23523
68	48	1.05345
68	53	1.00779
68	54	1.00837
68	67	1.02391
68	92	1.01372
68	97	1.04509
68	104	1.01333
68	136	1.19735
68	137	1.01796
68	141	0.993862
68	142	1.1885
68	143	1.06323
68	151	0.991225
68	157	1.0044
68	158	1.01982
68	159	1.10206
68	161	1.16653
69	41	1.23376
69	54	1.27108
69	107	1.34526
69	111	1.31897
69	121	0.862082
69	124	0.895309
69	127	1.23109
69	128	0.894764
69	130	0.85991
69	131	0.903872
69	134	0.906588
69	155	0.867102
69	158	0.895935
69	168	0.774932
69	176	0.818297
69	179	0.748318
69	180	0.781146
70	13	1.03065
70	62	0.96042
70	74	1.06635
70	81	0.992531
70	90	1.01787
70	98	1.05308
70	109	1.05392
70	110	0.991313
70	126	1.0203
70	132	1.03288
70	136	1.06773
70	144	1.02758
70	146	1.07438
70	163	1.04291
70	165	1.08814
70	179	1.25003
70	180	1.15386
71	7	0.920545
71	78	0.842295
71	104	0.914249
71	108	1.00336
71	114	0.935369
71	119	0.879323
71	134	0.93168
71	143	1.04079
71	163	1.01408
71	167	0.986928
71	168	0.948431
71	169	1.05762
71	171	0.96277
71	175	0.928593
71	177	0.967335
71	178	1.01388
71	179	0.921816
71	180	0.954645
72	50	1.05353
72	65	1.0087
72	83	0.943094
72	100	0.985657
72	106	0.985088
72	111	0.961349
72	113	1.001
72	120	1.04023
72	150	0.986047
72	153	0.999929
72	162	1.06827
72	164	0.90477
72	166	1.29814
72	169	1.0346
72	171	1.22224
72	173	0.921429
72	175	1.35725
72	178	1.13029
73	40	0.937172
73	61	1.00432
73	74	1.25408
73	94	0.920327
73	96	1.04288
73	114	1.03014
73	118	1.03453
73	122	1.02323
73	130	0.974945
73	134	1.02162
73	136	0.940608
73	141	1.13447
73	152	1.14739
73	154	0.908723
73	155	1.15168
73	156	1.02483
73	160	1.09973
73	171	1.29585
74	70	1.06635
74	73	1.25408
74	94	1.32817
74	97	0.937863
74	98	1.13212
74	100	0.90676
74	103	0.908515
74	104	0.906105
74	105	1.1552
74	111	0.882451
74	113	0.922106
74	115	1.1245
74	157	0.897174
74	158	0.912588
74	162	0.881312
74	174	0.772586
74	176	0.83495
74	178	0.857036
74	180	0.7978
75	50	0.826957
75	55	0.721775
75	83	0.971173
75	84	0.912016
75	109	0.854497
75	119	0.850787
75	148	0.875774
75	152	1.0869
75	156	1.14546
75	165	1.02188
75	168	0.989927
75	169	1.09911
75	171	1.00427
75	172	0.805314
75	176	1.03329
75	177	1.00883
75	178	1.05538
75	179	0.963313
75	180	0.996141
76	87	1.0915
76	102	1.04002
76	105	1.03424
76	107	1.01539
76	112	1.00797
76	129	1.03665
76	136	0.975216
76	138	0.89839
76	143	0.956996
76	144	1.05516
76	157	1.03016
76	158	1.04558
76	166	1.2074
76	170	1.02944
76	172	1.04958
76	173	1.1039
76	176	1.07707
76	177	1.10476
76	179	1.27342
77	8	1.05277
77	22	1.04579
77	61	0.977988
77	64	1.11044
77	80	1.03831
77	83	0.995394
77	92	1.03769
77	93	1.10346
77	106	1.03739
77	116	0.933005
77	120	1.09253
77	140	1.06795
77	141	1.08112
77	154	0.941538
77	156	0.971478
77	162	1.08853
77	164	0.95707
77	165	1.22252
77	170	1.14044
78	55	1.15188
78	60	0.982912
78	71	0.842295
78	87	1.07565
78	89	1.02491
78	105	1.0184
78	107	0.999549
78	129	1.02081
78	141	0.999721
78	144	1.03931
78	150	0.979366
78	154	1.22361
78	157	1.01432
78	158	1.02974
78	161	1.0899
78	172	1.03373
78	176	1.10667
78	178	1.06914
78	180	1.20684
79	7	0.964191
79	33	0.929689
79	62	0.898125
79	91	0.979965
79	95	0.920582
79	109	0.991629
79	110	0.929019
79	126	0.958003
79	132	0.970583
79	139	1.08684
79	141	0.929752
79	144	0.965287
79	147	1.22484
79	148	0.935914
79	156	1.04392
79	161	1.24374
79	162	1.16098
79	174	1.45686
79	177	1.28821
80	2	1.05254
80	21	1.04742
80	22	1.0112
80	27	0.970798
80	51	1.02945
80	57	0.96661
80	61	1.02798
80	77	1.03831
80	83	0.9608
80	106	1.00279
80	120	1.05794
80	123	1.11068
80	138	1.05938
80	140	1.03336
80	143	1.11799
80	146	0.936671
80	150	1.11076
80	151	1.04598
80	164	0.922476
80	173	1.26489
81	7	0.997674
81	35	1.03247
81	70	0.992531
81	91	1.01345
81	95	0.954066
81	109	1.02511
81	110	0.962502
81	126	0.991487
81	127	1.03286
81	132	1.00407
81	133	1.0544
81	141	0.963236
81	143	1.01779
81	144	0.99877
81	160	0.996171
81	161	1.12109
81	166	1.26819
81	177	1.16555
81	178	1.10034
81	179	1.33421
82	1	1.02099
82	6	0.997435
82	31	0.948678
82	58	1.04913
82	115	0.999479
82	119	1.04088
82	121	0.957602
82	123	1.0235
82	124	0.99083
82	128	0.990284
82	131	0.999393
82	144	1.00103
82	146	1.17158
82	151	0.958799
82	155	1.06114
82	167	1.16474
82	172	0.995453
82	173	1.1777
82	176	1.15087
82	179	1.34722
83	2	1.00962
83	8	0.975255
83	22	0.96828
83	51	0.986535
83	61	1.054
83	64	1.03293
83	72	0.943094
83	75	0.971173
83	77	0.995394
83	80	0.9608
83	106	0.959875
83	120	1.01502
83	140	0.990441
83	143	1.14401
83	150	1.13678
83	151	1.07201
83	154	0.864025
83	164	0.879557
83	169	1.13087
83	170	1.21646
83	174	1.46043
84	3	1.00836
84	17	1.01918
84	34	0.91103
84	39	1.04704
84	41	1.04927
84	75	0.912016
84	88	1.03951
84	92	0.978407
84	100	0.99391
84	103	0.995666
84	111	0.969602
84	113	1.00926
84	125	1.08378
84	135	0.991788
84	143	0.971098
84	145	1.05951
84	154	1.32187
84	155	1.11519
84	163	1.19415
84	177	1.23262
85	10	0.849418
85	14	0.920548
85	19	0.982122
85	33	0.949392
85	35	1.01869
85	49	0.990595
85	62	0.917828
85	91	0.999667
85	110	0.948721
85	126	0.977705
85	127	1.01908
85	132	0.990285
85	138	1.093
85	139	1.098
85	144	0.984989
85	148	0.955616
85	151	1.0796
85	152	1.17764
85	161	1.25491
85	170	1.22405
85	179	1.46802
86	1	1.00114
86	20	0.856354
86	37	0.809804
86	56	0.955904
86	58	1.02928
86	61	0.964959
86	115	0.979635
86	119	1.02103
86	121	0.937757
86	124	0.970985
86	128	0.970439
86	131	0.979548
86	143	0.942971
86	152	1.11889
86	156	0.996333
86	159	1.13168
86	168	1.39401
86	172	0.975608
86	176	1.21292
86	177	1.24062
86	179	1.40927
87	42	1.00167
87	76	1.0915
87	78	1.07565
87	89	1.05576
87	102	1.05502
87	105	1.04924
87	107	1.03039
87	116	0.882368
87	125	1.01629
87	129	1.05165
87	136	0.990219
87	143	1.01736
87	155	1.0477
87	157	1.04517
87	158	1.06058
87	159	1.05619
87	167	1.15129
87	169	1.00422
87	172	1.06458
87	173	1.16426
87	180	1.23761
88	3	1.06306
88	17	1.07388
88	34	0.965731
88	39	1.10174
88	41	1.10397
88	84	1.03951
88	93	1.02615
88	100	1.04861
88	103	1.05037
88	111	1.0243
88	113	1.06396
88	116	0.855702
88	135	1.04649
88	143	1.0258
88	147	1.07509
88	149	1.00108
88	152	1.01673
88	154	1.22771
88	160	0.969076
88	161	1.094
88	175	1.30021
89	9	1.04363
89	42	0.950928
89	55	1.13199
89	78	1.02491
89	87	1.05576
89	105	0.998504
89	107	0.979654
89	112	0.972234
89	125	1.02379
89	143	1.02486
89	144	1.01942
89	146	1.16564
89	148	0.990046
89	152	1.05091
89	153	0.977054
89	157	0.994426
89	158	1.00984
89	162	1.0454
89	165	1.17939
89	172	1.01384
89	173	1.17176
89	179	1.34128
90	67	1.01863
90	70	1.01787
90	97	1.03981
90	98	1.04962
90	100	1.00871
90	103	1.01046
90	104	1.00805
90	111	0.984397
90	113	1.02405
90	117	0.893965
90	126	1.01683
90	132	1.02941
90	136	1.18262
90	137	1.00323
90	146	1.18927
90	148	0.99474
90	157	0.99912
90	159	1.08733
90	161	1.1518
90	163	1.1578
90	173	1.1954
90	178	1.13105
91	7	1.0474
91	10	0.912928
91	12	0.842815
91	46	0.934647
91	79	0.979965
91	81	1.01345
91	85	0.999667
91	95	1.00379
91	109	1.07484
91	110	1.01223
91	126	1.04122
91	127	1.08259
91	132	1.05379
91	142	1.1371
91	148	1.01913
91	155	1.04217
91	161	1.11513
91	164	1.19821
91	166	1.26223
91	169	0.998688
91	173	1.15873
91	178	1.09438
92	6	0.955075
92	21	1.01167
92	40	1.15629
92	41	0.874633
92	42	1.07509
92	51	1.02883
92	57	0.965985
92	67	1.01266
92	68	1.01372
92	77	1.03769
92	84	0.978407
92	97	1.03384
92	104	1.00208
92	106	1.00217
92	115	0.885316
92	120	1.05731
92	128	0.961133
92	132	0.910958
92	163	0.953212
92	166	0.897377
92	169	0.996751
92	177	0.906468
92	180	0.893778
93	77	1.10346
93	88	1.02615
93	98	1.03485
93	110	1.10023
93	120	1.00694
93	127	1.01387
93	135	1.10062
93	145	1.01355
93	147	0.943925
93	161	0.945163
93	163	0.947678
93	166	0.891843
93	169	0.991217
93	170	0.934915
93	171	0.896369
93	172	1.01361
93	174	0.86303
93	175	0.862192
93	176	0.925394
93	177	0.900934
93	178	0.94748
93	179	0.855415
93	180	0.888244
94	11	0.965664
94	30	1.02597
94	32	1.06786
94	73	0.920327
94	74	1.32817
94	96	0.955932
94	101	0.917666
94	114	0.943195
94	122	0.936276
94	130	0.887996
94	133	1.23204
94	134	0.934674
94	136	0.853659
94	154	0.821774
94	155	1.22577
94	156	1.09891
94	157	0.908607
94	158	0.924021
94	162	1.21597
94	165	1.34996
94	172	0.928019
94	173	0.853964
94	179	1.51185
95	13	0.992187
95	33	0.953519
95	35	1.02282
95	79	0.920582
95	81	0.954066
95	91	1.00379
95	98	1.01462
95	109	1.01546
95	110	0.952849
95	126	0.981833
95	127	1.02321
95	132	0.994413
95	133	1.08916
95	137	1.00728
95	138	0.993935
95	144	0.989117
95	145	1.0272
95	148	0.959744
95	164	1.23893
95	168	1.3537
95	169	1.0394
95	175	1.36206
95	180	1.27279
96	11	1.08822
96	73	1.04288
96	94	0.955932
96	101	1.04022
96	108	1.01906
96	114	1.06575
96	118	1.07014
96	122	1.05883
96	130	1.01055
96	133	1.0515
96	134	1.05723
96	136	0.976213
96	140	0.953376
96	143	1.01489
96	148	1.02678
96	150	1.04114
96	161	1.11819
96	165	1.16942
96	166	1.26529
96	169	1.00175
96	170	1.08733
96	173	0.976519
96	177	1.16266
96	178	1.09744
97	23	1.00349
97	24	1.00332
97	38	1.08347
97	48	1.07357
97	53	1.02791
97	54	1.02849
97	68	1.04509
97	74	0.937863
97	90	1.03981
97	92	1.03384
97	104	1.03346
97	117	0.832497
97	123	0.979725
97	141	1.01398
97	142	1.1123
97	157	1.02452
97	158	1.03994
97	160	0.965412
97	164	1.17341
97	169	0.973888
97	174	1.30345
97	175	1.29655
97	178	1.06958
97	180	1.20728
98	10	0.923753
98	33	1.02373
98	35	1.09302
98	46	0.945472
98	62	0.992163
98	70	1.05308
98	74	1.13212
98	90	1.04962
98	93	1.03485
98	95	1.01462
98	109	1.08567
98	110	1.02306
98	125	0.998312
98	126	1.05204
98	132	1.06462
98	136	1.1335
98	141	1.02379
98	148	1.02995
98	153	0.951576
98	159	1.03822
98	162	1.01992
98	165	1.15391
98	170	1.07183
98	176	1.11946
99	24	0.923429
99	40	1.04078
99	56	0.850176
99	59	0.960356
99	60	0.962437
99	112	0.901184
99	126	0.876773
99	127	0.756454
99	135	0.8432
99	158	0.823642
99	159	1.08223
99	162	1.08314
99	165	1.02537
99	167	1.03191
99	169	1.1026
99	170	1.0463
99	171	1.00776
99	174	0.974417
99	175	0.973579
99	176	1.03678
99	177	1.01232
99	178	1.05887
99	179	0.966802
99	180	0.999631
100	3	1.01746
100	17	1.02828
100	34	0.920127
100	39	1.05614
100	41	1.05837
100	44	0.94084
100	72	0.985657
100	74	0.90676
100	84	0.99391
100	88	1.04861
100	90	1.00871
100	103	1.00476
100	111	0.978699
100	113	1.01835
100	135	1.00089
100	143	0.980196
100	150	1.0039
100	152	1.03718
100	159	1.04997
100	161	1.11444
100	164	1.19752
100	166	1.26153
100	173	1.15803
100	175	1.32065
100	178	1.09368
101	32	1.15215
101	40	0.934511
101	94	0.917666
101	96	1.04022
101	108	0.980798
101	114	1.02748
101	117	0.938536
101	118	1.03187
101	122	1.02056
101	123	1.08576
101	130	0.972284
101	134	1.01896
101	145	1.06773
101	148	0.988514
101	153	1.04526
101	156	0.996551
101	157	0.992895
101	158	1.00831
101	161	1.19637
101	162	1.1136
101	166	1.34347
101	171	1.26757
101	172	1.01231
101	173	0.938252
101	177	1.24083
102	21	0.995034
102	26	0.926923
102	29	0.998196
102	60	0.962281
102	66	1.01658
102	76	1.04002
102	87	1.05502
102	105	0.997768
102	107	0.978918
102	112	0.971498
102	129	1.00018
102	133	1.06412
102	144	1.01868
102	149	1.03789
102	150	1.02028
102	151	0.955506
102	157	0.99369
102	158	1.0091
102	164	0.922389
102	165	1.18204
102	172	1.0131
102	173	1.17441
102	175	1.33703
102	176	1.14758
102	179	1.34393
103	3	1.01921
103	17	1.03004
103	34	0.921883
103	39	1.0579
103	41	1.06012
103	45	0.862491
103	63	0.960331
103	74	0.908515
103	84	0.995666
103	88	1.05037
103	90	1.01046
103	100	1.00476
103	111	0.980454
103	113	1.02011
103	133	1.14492
103	135	1.00264
103	137	1.06304
103	139	1.0547
103	140	1.04679
103	141	1.12143
103	142	1.23358
103	143	0.981951
103	150	1.10108
103	159	1.14714
103	175	1.41782
104	23	0.971733
104	24	0.971558
104	38	1.05171
104	48	1.04181
104	53	0.996154
104	54	0.996729
104	67	1.01228
104	68	1.01333
104	71	0.914249
104	74	0.906105
104	90	1.00805
104	92	1.00208
104	97	1.03346
104	140	0.997037
104	141	0.982225
104	146	1.19932
104	147	1.14295
104	149	1.06894
104	153	1.01074
104	157	0.992767
104	158	1.00818
104	162	1.07909
104	163	1.16785
104	168	1.35971
104	171	1.23305
105	9	1.03711
105	21	0.989257
105	29	0.992419
105	60	0.956505
105	74	1.1552
105	76	1.03424
105	78	1.0184
105	87	1.04924
105	89	0.998504
105	102	0.997768
105	107	0.973141
105	112	0.965721
105	129	0.994401
105	137	0.977196
105	145	0.99712
105	148	0.983533
105	150	1.01523
105	157	0.987913
105	165	1.17699
105	168	1.32362
105	169	1.00932
105	170	1.09491
105	172	1.00733
105	178	1.10501
105	179	1.33888
106	2	1.05162
106	8	1.01725
106	22	1.01027
106	27	0.969873
106	37	0.800548
106	51	1.02853
106	57	0.965685
106	64	1.07492
106	72	0.985088
106	77	1.03739
106	80	1.00279
106	83	0.959875
106	92	1.00217
106	120	1.05701
106	138	1.02499
106	147	1.16799
106	153	1.03579
106	154	0.906019
106	155	1.11393
106	160	1.06198
106	161	1.1869
106	164	0.921551
106	167	1.21753
106	171	1.2581
106	180	1.30384
107	21	0.970407
107	29	0.973569
107	42	0.925565
107	66	0.991957
107	69	1.34526
107	76	1.01539
107	78	0.999549
107	87	1.03039
107	89	0.979654
107	102	0.978918
107	105	0.973141
107	112	0.946871
107	129	0.975551
107	148	0.964683
107	155	1.12292
107	156	0.996063
107	157	0.969063
107	160	1.07096
107	162	1.11312
107	163	1.20188
107	164	0.897762
107	167	1.22651
107	169	1.07944
107	172	0.988475
107	177	1.24035
107	178	1.17513
108	28	0.970893
108	71	1.00336
108	96	1.01906
108	101	0.980798
108	114	1.00633
108	117	0.993131
108	118	1.01071
108	122	0.999408
108	123	1.14036
108	130	0.951128
108	134	0.997806
108	135	0.979203
108	138	1.08906
108	143	1.14766
108	146	0.914633
108	148	0.967359
108	150	0.981715
108	152	1.1737
108	154	0.884906
108	157	0.971739
108	158	0.987153
108	160	1.12605
108	167	1.2816
108	171	1.32217
108	172	0.991151
108	177	1.29543
109	7	1.05907
109	35	1.09386
109	46	0.946311
109	62	0.993002
109	70	1.05392
109	75	0.854497
109	79	0.991629
109	81	1.02511
109	91	1.07484
109	95	1.01546
109	98	1.08567
109	110	1.0239
109	127	1.09426
109	132	1.06546
109	133	1.06395
109	138	0.968728
109	141	1.02463
109	143	1.02733
109	148	1.03079
109	149	1.03772
109	150	1.0201
109	153	0.979526
109	167	1.16127
109	169	1.01419
109	179	1.34376
109	180	1.24758
110	10	0.861982
110	13	1.00062
110	46	0.883701
110	49	1.00316
110	70	0.991313
110	79	0.929019
110	81	0.962502
110	85	0.948721
110	91	1.01223
110	93	1.10023
110	95	0.952849
110	98	1.02306
110	109	1.0239
110	126	0.990269
110	127	1.03165
110	132	1.00285
110	138	1.00616
110	148	0.96818
110	151	0.992761
110	159	1.1036
110	160	1.04315
110	167	1.1987
110	168	1.36593
110	173	1.21166
110	175	1.37428
110	176	1.18484
111	3	0.993149
111	17	1.00397
111	34	0.895819
111	39	1.03183
111	41	1.03406
111	63	0.934267
111	69	1.31897
111	72	0.961349
111	74	0.882451
111	84	0.969602
111	88	1.0243
111	90	0.984397
111	100	0.978699
111	103	0.980454
111	113	0.994045
111	135	0.976577
111	136	1.2004
111	140	1.00477
111	143	0.955887
111	145	1.04094
111	151	0.994282
111	154	1.3033
111	156	0.969768
111	163	1.17559
111	167	1.20022
111	168	1.36745
112	9	1.01084
112	21	0.962987
112	29	0.966149
112	42	0.918145
112	44	1.05285
112	55	1.0992
112	66	0.984537
112	76	1.00797
112	89	0.972234
112	99	0.901184
112	102	0.971498
112	105	0.965721
112	107	0.946871
112	117	0.968608
112	129	0.968131
112	146	1.26391
112	149	1.13353
112	157	0.961643
112	158	0.977057
112	159	1.16197
112	164	0.890342
112	165	1.27767
112	169	1.11
112	172	0.981055
112	176	1.24321
112	180	1.34339
113	3	1.0328
113	17	1.04363
113	34	0.935474
113	39	1.07149
113	41	1.07371
113	63	0.973922
113	72	1.001
113	74	0.922106
113	84	1.00926
113	88	1.06396
113	90	1.02405
113	100	1.01835
113	103	1.02011
113	111	0.994045
113	135	1.01623
113	140	0.954227
113	143	0.995542
113	145	0.990399
113	149	1.02612
113	150	1.00851
113	154	1.25275
113	155	1.04608
113	165	1.17027
113	166	1.26614
113	171	1.19024
113	178	1.09829
113	180	1.23599
114	11	1.07548
114	40	0.960041
114	45	0.833854
114	71	0.935369
114	73	1.03014
114	94	0.943195
114	96	1.06575
114	101	1.02748
114	108	1.00633
114	116	0.944679
114	118	1.0574
114	122	1.04609
114	125	1.0786
114	130	0.997813
114	134	1.04449
114	135	1.02589
114	136	0.963476
114	145	1.05433
114	146	0.961318
114	156	0.983153
114	164	1.26606
114	169	1.06653
114	171	1.25417
114	172	1.03784
114	173	0.963782
114	175	1.38919
114	178	1.16222
115	6	1.02867
115	12	0.822749
115	20	0.907431
115	31	0.97991
115	47	1.04415
115	52	1.00428
115	56	1.00698
115	58	1.08036
115	74	1.1245
115	82	0.999479
115	86	0.979635
115	92	0.885316
115	119	1.07211
115	121	0.988834
115	124	1.02206
115	128	1.02152
115	131	1.03062
115	141	1.00489
115	143	0.994048
115	152	1.0178
115	155	1.0221
115	164	1.17815
115	165	1.14629
115	167	1.1257
115	172	1.02669
115	174	1.30818
115	180	1.21201
116	17	0.930201
116	57	1.03755
116	77	0.933005
116	87	0.882368
116	88	0.855702
116	114	0.944679
116	121	0.974484
116	122	0.887324
116	148	0.913621
116	155	1.06716
116	157	0.924091
116	159	1.06379
116	160	1.10415
116	165	1.00694
116	166	0.984799
116	168	0.974986
116	169	1.08417
116	170	1.02787
116	171	0.989325
116	172	0.843161
116	174	0.955987
116	175	0.955148
116	176	1.01835
116	177	0.99389
116	178	1.04044
116	179	0.948372
116	180	0.9812
117	27	1.01291
117	46	1.05746
117	60	1.02986
117	90	0.893965
117	97	0.832497
117	101	0.938536
117	108	0.993131
117	112	0.968608
117	129	0.887804
117	148	0.89408
117	153	1.10315
117	158	0.891066
117	159	1.05787
117	162	1.05879
117	163	1.03471
117	165	1.00102
117	167	1.00756
117	169	1.07825
117	170	1.02195
117	171	0.983402
117	174	0.950063
117	175	0.949225
117	176	1.01243
117	177	0.987967
117	178	1.03451
117	179	0.942448
117	180	0.975277
118	28	1.02196
118	40	0.964427
118	73	1.03453
118	96	1.07014
118	101	1.03187
118	108	1.01071
118	114	1.0574
118	122	1.05048
118	130	1.0022
118	134	1.04888
118	136	0.967863
118	138	1.01291
118	139	1.01792
118	141	1.08464
118	142	1.19679
118	146	0.965704
118	147	1.15592
118	148	1.01843
118	153	1.02371
118	154	0.935978
118	156	0.975001
118	161	1.17482
118	169	1.05838
118	170	1.14396
118	172	1.04222
118	173	0.968168
118	174	1.38794
119	6	1.07007
119	16	1.07336
119	20	0.948829
119	31	1.02131
119	47	1.08554
119	52	1.04568
119	56	1.04838
119	71	0.879323
119	75	0.850787
119	82	1.04088
119	86	1.02103
119	115	1.07211
119	121	1.03023
119	124	1.06346
119	128	1.06291
119	131	1.07202
119	133	1.06024
119	136	1.15774
119	144	1.07366
119	149	1.03401
119	153	0.975816
119	155	1.05396
119	156	0.927108
119	162	1.04416
119	169	1.01048
119	172	1.06808
119	173	1.17052
119	174	1.34005
120	2	1.10676
120	8	1.07239
120	27	1.02502
120	51	1.08367
120	57	1.02083
120	64	1.13006
120	72	1.04023
120	77	1.09253
120	80	1.05794
120	83	1.01502
120	92	1.05731
120	93	1.00694
120	106	1.05701
120	133	1.00809
120	140	1.08758
120	141	0.984601
120	146	0.99089
120	151	0.899474
120	154	0.961163
120	155	1.00181
120	159	1.01031
120	162	0.992014
120	164	0.976695
120	175	1.28099
120	176	1.09155
120	177	1.11924
120	178	1.05403
120	180	1.19173
121	1	1.01034
121	16	0.99008
121	20	0.865553
121	31	0.938033
121	52	0.962406
121	56	0.965103
121	58	1.03848
121	63	0.93055
121	69	0.862082
121	82	0.957602
121	86	0.937757
121	115	0.988834
121	116	0.974484
121	119	1.03023
121	124	0.980185
121	128	0.979639
121	131	0.988748
121	136	1.24359
121	140	1.04796
121	144	0.990389
121	146	1.25025
121	150	1.10225
121	152	1.13552
121	155	1.13981
121	164	1.29586
121	165	1.264
121	167	1.24341
121	172	0.984808
121	176	1.22955
122	28	1.01066
122	40	0.953121
122	61	1.02027
122	73	1.02323
122	94	0.936276
122	96	1.05883
122	101	1.02056
122	108	0.999408
122	114	1.04609
122	116	0.887324
122	118	1.05048
122	130	0.990894
122	134	1.03757
122	136	0.956557
122	138	0.963708
122	141	1.03544
122	145	0.996974
122	146	0.954399
122	147	1.10671
122	150	1.02148
122	154	0.924672
122	157	1.0115
122	160	1.0007
122	166	1.27271
122	167	1.15625
122	173	0.956862
122	174	1.33874
122	178	1.10486
122	179	1.33874
122	180	1.24256
123	13	0.978927
123	65	1.03995
123	80	1.11068
123	82	1.0235
123	97	0.979725
123	101	1.08576
123	108	1.14036
123	126	1.09143
123	133	1.01292
123	135	1.05785
123	144	0.992219
123	152	0.999128
123	155	0.994323
123	156	1.05768
123	161	0.965287
123	163	0.967802
123	165	0.934108
123	166	0.911967
123	167	0.94065
123	168	0.902154
123	169	1.01134
123	171	0.916492
123	172	0.970848
123	174	0.883154
123	175	0.882316
123	176	0.945518
123	177	0.921057
123	178	0.967604
123	179	0.875539
123	180	0.908368
124	1	1.04357
124	6	1.02002
124	20	0.898781
124	31	0.971261
124	47	1.0355
124	52	0.995634
124	56	0.998331
124	58	1.07171
124	69	0.895309
124	82	0.99083
124	86	0.970985
124	115	1.02206
124	119	1.06346
124	121	0.980185
124	125	1.02875
124	128	1.01287
124	131	1.02198
124	136	1.16394
124	143	0.985398
124	145	1.00448
124	146	1.17059
124	155	1.06016
124	159	1.06865
124	163	1.13912
124	165	1.18435
124	170	1.10227
124	171	1.20432
124	172	1.01804
124	178	1.11237
124	179	1.34624
125	11	1.08199
125	84	1.08378
125	87	1.01629
125	89	1.02379
125	98	0.998312
125	114	1.0786
125	124	1.02875
125	134	1.07491
125	136	0.955834
125	148	1.04754
125	155	0.997363
125	157	1.05801
125	159	0.994002
125	160	1.03435
125	161	0.968327
125	162	0.994919
125	163	0.970841
125	165	0.937148
125	167	0.94369
125	168	0.905193
125	170	0.958079
125	171	0.919532
125	172	0.977078
125	174	0.886194
125	175	0.885355
125	176	0.948558
125	177	0.924097
125	178	0.970644
125	179	0.878579
125	180	0.911407
126	7	1.02544
126	10	0.890966
126	13	1.02961
126	19	1.02367
126	46	0.912685
126	62	0.959376
126	70	1.0203
126	79	0.958003
126	81	0.991487
126	85	0.977705
126	90	1.01683
126	91	1.04122
126	95	0.981833
126	98	1.05204
126	99	0.876773
126	110	0.990269
126	123	1.09143
126	127	1.06063
126	132	1.03183
126	133	1.13534
126	137	1.05347
126	138	1.04012
126	143	1.09873
126	144	1.02654
126	147	1.18313
126	151	1.02673
126	162	1.11927
126	164	1.28511
126	176	1.2188
126	178	1.18128
127	7	1.06682
127	10	0.932344
127	13	1.07099
127	19	1.06505
127	33	1.03232
127	35	1.10162
127	46	0.954064
127	49	1.07352
127	62	1.00075
127	69	1.23109
127	81	1.03286
127	85	1.01908
127	91	1.08259
127	93	1.01387
127	95	1.02321
127	99	0.756454
127	109	1.09426
127	110	1.03165
127	126	1.06063
127	132	1.07321
127	140	0.916897
127	141	1.03238
127	148	1.03854
127	150	0.97118
127	152	1.00445
127	153	0.930601
127	156	0.881893
127	162	0.998947
127	164	1.1648
127	166	1.22881
127	167	1.11234
127	174	1.29483
127	177	1.12618
128	1	1.04303
128	6	1.01947
128	16	1.02276
128	20	0.898235
128	30	0.898116
128	31	0.970715
128	47	1.03495
128	52	0.995088
128	56	0.997786
128	58	1.07116
128	63	0.963233
128	69	0.894764
128	82	0.990284
128	86	0.970439
128	92	0.961133
128	115	1.02152
128	119	1.06291
128	121	0.979639
128	124	1.01287
128	131	1.02143
128	133	1.10419
128	136	1.2017
128	138	1.00897
128	140	1.00607
128	141	1.0807
128	143	0.984853
128	144	1.02307
128	150	1.06035
128	152	1.09362
128	160	1.04596
128	163	1.17688
128	172	1.01749
128	175	1.3771
128	176	1.18765
128	179	1.384
129	9	1.03952
129	21	0.991667
129	29	0.994829
129	42	0.946825
129	55	1.12788
129	60	0.958914
129	66	1.01322
129	76	1.03665
129	78	1.02081
129	87	1.05165
129	102	1.00018
129	105	0.994401
129	107	0.975551
129	112	0.968131
129	117	0.887804
129	136	0.935375
129	138	0.98373
129	139	0.988734
129	142	1.16761
129	144	1.01532
129	148	0.985943
129	151	0.970333
129	154	1.27935
129	156	0.945819
129	157	0.990323
129	158	1.00574
129	163	1.15164
129	164	0.919022
129	167	1.17627
129	170	1.11478
129	171	1.21684
129	172	1.00974
129	174	1.35876
129	177	1.1901
129	180	1.26258
130	11	1.02028
130	18	0.968983
130	28	0.962379
130	32	1.12248
130	69	0.85991
130	73	0.974945
130	94	0.887996
130	96	1.01055
130	101	0.972284
130	108	0.951128
130	114	0.997813
130	118	1.0022
130	122	0.990894
130	134	0.989292
130	135	0.970688
130	136	0.908277
130	137	1.11669
130	139	1.10835
130	140	1.10044
130	141	1.17508
130	143	1.16195
130	145	1.13661
130	146	0.906118
130	148	0.958844
130	149	1.17234
130	150	0.973201
130	154	0.876392
130	157	0.963225
130	158	0.978639
130	159	1.20078
130	162	1.18249
130	167	1.29589
130	170	1.2344
130	171	1.33646
130	172	0.982637
130	173	0.908582
130	177	1.30972
131	1	1.05213
131	6	1.02858
131	16	1.03187
131	18	0.868613
131	20	0.907344
131	31	0.979823
131	37	0.778535
131	45	0.815766
131	47	1.04406
131	52	1.0042
131	56	1.00689
131	58	1.08027
131	61	1.01595
131	63	0.972341
131	69	0.903872
131	82	0.999393
131	86	0.979548
131	115	1.03062
131	119	1.07202
131	121	0.988748
131	124	1.02198
131	128	1.02143
131	140	1.00007
131	141	1.07471
131	143	0.993961
131	144	1.03218
131	145	1.03624
131	149	1.07197
131	160	1.03996
131	163	1.17088
131	164	1.24797
131	168	1.36274
131	172	1.0266
131	173	1.20848
131	175	1.3711
131	176	1.18165
131	178	1.14413
132	7	1.03802
132	10	0.903546
132	13	1.04219
132	19	1.03625
132	25	0.94919
132	27	0.996159
132	33	1.00352
132	35	1.07282
132	46	0.925265
132	49	1.04472
132	62	0.971956
132	70	1.03288
132	79	0.970583
132	81	1.00407
132	85	0.990285
132	90	1.02941
132	91	1.05379
132	92	0.910958
132	95	0.994413
132	98	1.06462
132	109	1.06546
132	110	1.00285
132	126	1.03183
132	127	1.07321
132	137	0.972141
132	140	0.955892
132	144	1.03912
132	145	0.992064
132	148	1.00974
132	149	1.02779
132	150	1.01017
132	153	0.969596
132	154	1.25442
132	159	1.05624
132	164	1.20379
132	165	1.17193
132	173	1.1643
132	174	1.33383
132	179	1.33383
133	35	0.968693
133	66	1.10472
133	81	1.0544
133	94	1.23204
133	95	1.08916
133	96	1.0515
133	102	1.06412
133	103	1.14492
133	109	1.06395
133	119	1.06024
133	120	1.00809
133	123	1.01292
133	126	1.13534
133	128	1.10419
133	144	1.03614
133	147	0.945316
133	149	1.0041
133	151	1.04644
133	152	0.980395
133	153	1.0175
133	155	0.975591
133	156	1.03895
133	159	0.97223
133	160	1.01258
133	161	0.946554
133	163	0.949069
133	165	0.915375
133	166	0.893234
133	167	0.921918
133	168	0.883421
133	169	0.992608
133	170	0.936306
133	171	0.89776
133	172	1.01477
133	174	0.864421
133	175	0.863583
133	176	0.926786
133	177	0.902325
133	178	0.948872
133	179	0.856806
133	180	0.889635
134	11	1.06696
134	12	0.906968
134	14	0.844927
134	28	1.00906
134	32	1.16916
134	40	0.951519
134	61	1.01867
134	69	0.906588
134	71	0.93168
134	73	1.02162
134	94	0.934674
134	96	1.05723
134	101	1.01896
134	108	0.997806
134	114	1.04449
134	118	1.04888
134	122	1.03757
134	125	1.07491
134	130	0.989292
134	135	1.01737
134	136	0.954955
134	137	1.03072
134	140	1.01447
134	142	1.20125
134	146	0.952796
134	147	1.16038
134	148	1.00552
134	150	1.01988
134	151	1.00398
134	154	0.92307
134	155	1.10632
134	157	1.0099
134	158	1.02532
134	159	1.11481
134	160	1.05436
134	164	1.26237
134	169	1.06284
134	170	1.14843
134	172	1.02931
134	173	0.95526
134	175	1.3855
134	176	1.19605
135	5	1.05323
135	15	1.01984
135	30	0.895693
135	32	1.15055
135	36	0.924373
135	41	1.05624
