1	9	0.774718
1	14	0.86934
1	15	0.765903
1	16	0.766055
1	17	0.766153
1	33	0.817312
1	40	0.817127
1	62	2.62584
1	87	0.78829
1	90	0.997669
1	150	0.83118
1	178	3.9776
2	5	0.669081
2	6	0.762359
2	10	0.669175
2	11	0.751942
2	24	0.735811
2	31	0.713874
2	41	0.713795
2	66	0.752759
2	103	0.745465
2	127	0.686375
2	140	4.36392
2	148	2.6121
3	13	0.69206
3	36	0.669666
3	45	0.725401
3	53	0.722137
3	55	0.718571
3	64	0.708551
3	68	0.746547
3	72	0.760803
3	76	0.739318
3	85	0.720481
3	159	3.78888
3	165	3.16601
4	20	1.71227
4	151	0.769746
4	155	0.990342
4	160	0.722217
4	162	0.716985
4	172	0.730899
4	173	0.705598
4	176	0.719086
4	177	0.700473
4	178	0.728788
4	179	0.699975
4	180	0.705898
5	2	0.669081
5	6	0.762276
5	10	0.669092
5	11	0.751859
5	24	0.735728
5	31	0.713791
5	41	0.713712
5	103	0.745382
5	114	0.755216
5	127	0.686292
5	159	3.46646
5	167	3.53839
6	2	0.762359
6	5	0.762276
6	10	0.76237
6	11	0.845137
6	24	0.829006
6	31	0.807069
6	41	0.80699
6	46	2.70944
6	67	2.90585
6	114	0.848494
6	127	0.77957
6	165	2.15091
7	12	0.78431
7	20	0.678653
7	21	0.784647
7	23	0.678754
7	27	0.738713
7	35	0.738634
7	37	0.738535
7	106	0.754591
7	129	1.38702
7	168	0.700291
7	173	5.41119
8	127	1.68783
8	137	1.00064
8	156	0.764245
8	158	0.723356
8	159	0.787573
8	171	0.715493
8	173	0.697524
8	175	0.708667
8	177	0.692399
8	178	0.720714
8	179	0.691901
8	180	0.697824
9	1	0.774718
9	15	0.671755
9	16	0.671907
9	17	0.672005
9	19	0.680961
9	26	0.852764
9	33	0.723164
9	40	0.722979
9	87	0.694142
9	150	0.737032
9	174	3.13277
9	180	4.01866
10	2	0.669175
10	5	0.669092
10	6	0.76237
10	24	0.735821
10	31	0.713884
10	41	0.713806
10	66	0.752769
10	78	2.00663
10	103	0.745476
10	114	0.75531
10	127	0.686386
10	166	4.74578
11	2	0.751942
11	5	0.751859
11	6	0.845137
11	24	0.818589
11	31	0.796652
11	41	0.796573
11	66	0.835537
11	114	0.838077
11	118	1.09001
11	127	0.769153
11	150	1.87806
11	174	5.04343
12	7	0.78431
12	20	0.754051
12	21	0.860045
12	23	0.754152
12	27	0.814111
12	35	0.814032
12	37	0.813933
12	106	0.829989
12	162	3.73401
12	167	1.12273
12	168	0.77569
12	170	3.45886
13	3	0.69206
13	22	0.74584
13	36	0.672134
13	45	0.727869
13	55	0.721038
13	58	0.707081
13	64	0.711018
13	72	0.763271
13	76	0.741785
13	85	0.722948
13	135	2.5661
13	177	4.93744
14	1	0.86934
14	15	0.766377
14	16	0.766529
14	17	0.766627
14	19	0.775584
14	33	0.817786
14	40	0.817601
14	83	1.68934
14	87	0.788764
14	150	0.831654
14	159	2.27189
14	172	4.18475
15	1	0.765903
15	9	0.671755
15	14	0.766377
15	16	0.663091
15	17	0.66319
15	19	0.672146
15	26	0.843949
15	33	0.714348
15	40	0.714164
15	134	1.76899
15	138	5.25867
15	150	0.728216
16	1	0.766055
16	9	0.671907
16	14	0.766529
16	15	0.663091
16	17	0.663342
16	19	0.672298
16	26	0.844101
16	33	0.7145
16	40	0.714316
16	86	1.42273
16	150	0.728368
16	178	5.23876
17	1	0.766153
17	9	0.672005
17	14	0.766627
17	15	0.66319
17	16	0.663342
17	19	0.672397
17	26	0.844199
17	33	0.714599
17	40	0.714414
17	132	3.09493
17	134	3.78884
17	150	0.728467
18	26	1.20083
18	34	0.693904
18	49	1.14241
18	159	0.786285
18	165	0.781648
18	171	0.714205
18	172	0.721537
18	173	0.696236
18	175	0.707379
18	176	0.709724
18	179	0.690613
18	180	0.696536
19	9	0.680961
19	14	0.775584
19	15	0.672146
19	16	0.672298
19	17	0.672397
19	26	0.853155
19	33	0.723555
19	40	0.723371
19	87	0.694533
19	150	0.737423
19	168	1.66987
19	177	5.53074
20	4	1.71227
20	7	0.678653
20	12	0.754051
20	21	0.754387
20	23	0.648494
20	27	0.708453
20	35	0.708375
20	37	0.708275
20	50	0.705509
20	66	0.742373
20	106	0.724331
20	168	0.670032
20	171	4.55228
21	7	0.784647
21	12	0.860045
21	20	0.754387
21	23	0.754488
21	27	0.814447
21	35	0.814369
21	37	0.814269
21	80	1.21888
21	106	0.830325
21	111	2.26099
21	166	4.21942
21	168	0.776026
22	13	0.74584
22	50	0.779888
22	55	0.772351
22	58	0.758394
22	64	0.762331
22	68	0.800327
22	72	0.814583
22	76	0.793098
22	85	0.774261
22	86	0.800903
22	166	2.01201
22	175	4.19117
22	178	2.18503
23	7	0.678754
23	12	0.754152
23	20	0.648494
23	21	0.754488
23	27	0.708554
23	35	0.708476
23	37	0.708376
23	50	0.70561
23	66	0.742474
23	86	1.62273
23	106	0.724432
23	168	0.670133
23	178	5.43876
24	2	0.735811
24	5	0.735728
24	6	0.829006
24	10	0.735821
24	11	0.818589
24	31	0.78052
24	41	0.780441
24	103	0.812111
24	114	0.821945
24	127	0.753021
24	135	2.74989
24	141	1.61504
24	173	4.72839
25	92	0.708289
25	105	2.0908
25	119	0.710018
25	125	0.735337
25	128	0.724097
25	130	0.681922
25	137	0.725171
25	139	0.698623
25	142	0.716659
25	153	0.695683
25	154	0.698397
25	155	0.707569
25	180	5.37414
26	9	0.852764
26	15	0.843949
26	16	0.844101
26	17	0.844199
26	18	1.20083
26	19	0.853155
26	33	0.895358
26	40	0.895173
26	70	2.20951
26	87	0.866336
26	141	1.50297
26	149	3.75081
26	150	0.909225
27	7	0.738713
27	12	0.814111
27	20	0.708453
27	21	0.814447
27	23	0.708554
27	35	0.768435
27	37	0.768335
27	38	5.6
27	43	2.23977
27	50	0.765569
27	66	0.802433
27	94	1.76148
27	106	0.784391
27	168	0.730092
28	47	0.75974
28	49	0.756275
28	59	0.816027
28	60	0.816275
28	82	0.766398
28	84	0.767082
28	96	0.752536
28	98	0.749773
28	111	0.776221
28	116	0.733622
28	124	3.42141
28	134	1.72322
28	140	3.65271
28	166	0.710157
29	89	0.78003
29	104	0.755307
29	113	0.781233
29	117	0.77971
29	133	0.77469
29	140	0.723973
29	145	0.777464
29	153	0.76741
29	154	0.770124
29	155	0.779296
29	156	1.9258
29	173	4.39471
29	174	0.711466
29	180	3.72577
30	133	1.7649
30	138	0.703719
30	145	1.71212
30	163	0.709686
30	169	0.695611
30	171	0.707897
30	172	0.71523
30	173	0.689929
30	175	0.701072
30	176	0.703417
30	177	0.684804
30	178	0.713119
30	179	0.684306
30	180	0.690229
31	2	0.713874
31	5	0.713791
31	6	0.807069
31	10	0.713884
31	11	0.796652
31	24	0.78052
31	41	0.758504
31	66	0.797468
31	103	0.790174
31	114	0.800008
31	127	0.731085
31	141	1.59397
31	146	1.36398
31	177	6.21359
32	61	0.77782
32	83	1.67683
32	89	0.789326
32	123	0.770923
32	130	0.762944
32	138	0.714251
32	140	0.733269
32	145	0.78676
32	153	0.776706
32	154	0.77942
32	155	0.788592
32	158	4.21792
32	168	3.06359
32	174	0.720762
33	1	0.817312
33	9	0.723164
33	14	0.817786
33	15	0.714348
33	16	0.7145
33	17	0.714599
33	19	0.723555
33	26	0.895358
33	40	0.765573
33	87	0.736736
33	100	1.6144
33	150	0.779625
33	151	3.89661
33	168	3.37908
34	18	0.693904
34	149	0.598096
34	158	0.604291
34	164	0.619826
34	170	0.596318
34	171	0.596427
34	172	0.603759
34	173	0.578459
34	175	0.589601
34	176	0.591947
34	177	0.573333
34	178	0.601649
34	179	0.572836
34	180	0.578759
35	7	0.738634
35	12	0.814032
35	20	0.708375
35	21	0.814369
35	23	0.708476
35	27	0.768435
35	37	0.768257
35	50	0.76549
35	66	0.802355
35	95	2.51063
35	106	0.784313
35	136	3.6878
35	148	2.69404
35	168	0.730014
36	3	0.669666
36	13	0.672134
36	45	0.705475
36	51	0.694419
36	53	0.70221
36	55	0.698644
36	58	0.684687
36	64	0.688624
36	72	0.740877
36	76	0.719391
36	85	0.700554
36	86	0.727197
36	135	4.51922
36	164	3.65784
37	7	0.738535
37	12	0.813933
37	20	0.708275
37	21	0.814269
37	23	0.708376
37	27	0.768335
37	35	0.768257
37	42	2.30703
37	50	0.765391
37	66	0.802255
37	78	2.75098
37	106	0.784213
37	126	3.28935
37	168	0.729914
38	27	5.6
38	79	0.664184
38	98	0.683403
38	101	0.676283
38	107	0.71166
38	116	0.667251
38	136	0.670087
38	162	0.618492
38	166	0.643786
38	170	0.624964
38	177	0.601979
38	178	0.630295
38	179	0.601482
38	180	0.607405
39	93	0.77406
39	94	1.05955
39	104	0.756542
39	123	0.762862
39	127	0.753798
39	129	0.757798
39	131	2.02876
39	137	0.798133
39	138	0.70619
39	139	0.771585
39	153	0.768644
39	154	0.771359
39	155	0.78053
39	179	5.69255
40	1	0.817127
40	9	0.722979
40	14	0.817601
40	15	0.714164
40	16	0.714316
40	17	0.714414
40	19	0.723371
40	26	0.895173
40	33	0.765573
40	73	3.03086
40	87	0.736551
40	140	3.88726
40	150	0.779441
40	165	1.82202
41	2	0.713795
41	5	0.713712
41	6	0.80699
41	10	0.713806
41	11	0.796573
41	24	0.780441
41	31	0.758504
41	66	0.797389
41	103	0.790096
41	114	0.79993
41	127	0.731006
41	147	1.23445
41	170	4.25127
41	175	3.62369
42	37	2.30703
42	50	1.88413
42	110	0.732439
42	156	0.798309
42	162	0.742974
42	167	0.812344
42	169	0.73727
42	171	0.749556
42	173	0.731587
42	175	0.74273
42	176	0.745076
42	177	0.726462
42	178	0.754777
42	179	0.725965
42	180	0.731888
43	27	2.23977
43	70	0.740975
43	93	2.62073
43	146	0.772159
43	169	0.676483
43	170	0.68866
43	172	0.696101
43	173	0.670801
43	174	0.691101
43	175	0.681943
43	176	0.684289
43	177	0.665675
43	178	0.693991
43	179	0.665178
43	180	0.671101
44	74	0.777299
44	77	0.720934
44	79	0.727133
44	82	0.762976
44	84	0.76366
44	96	0.749114
44	98	0.746352
44	107	0.774609
44	109	0.770636
44	111	0.772799
44	116	0.7302
44	143	2.80537
44	159	2.22127
44	166	0.706735
44	176	4.25417
45	3	0.725401
45	13	0.727869
45	36	0.705475
45	51	0.750154
45	53	0.757945
45	55	0.754379
45	58	0.740422
45	64	0.744359
45	68	0.782356
45	76	0.775126
45	85	0.756289
45	86	0.782932
45	129	2.70845
45	148	2.15092
45	176	4.49327
46	6	2.70944
46	58	0.694201
46	64	0.698138
46	72	0.75039
46	76	0.728905
46	85	0.710068
46	102	0.75307
46	114	0.7551
46	116	2.21025
46	164	0.666147
46	167	0.705536
46	172	0.65008
46	174	0.645079
46	179	0.619156
46	180	0.625079
47	28	0.75974
47	60	0.809855
47	77	0.717936
47	79	0.724135
47	84	0.760662
47	96	0.746116
47	98	0.743354
47	107	0.771611
47	108	2.93705
47	109	0.767638
47	111	0.769801
47	116	0.727202
47	157	3.0681
47	166	0.703737
47	178	3.2178
48	60	0.753421
48	82	0.703544
48	84	0.704228
48	86	3.68301
48	90	4.04442
48	96	0.689682
48	116	0.670768
48	120	0.698219
48	125	0.72652
48	133	0.694145
48	145	0.696919
48	154	0.68958
48	155	0.698751
48	166	0.647303
48	174	0.630922
49	18	1.14241
49	28	0.756275
49	59	0.806142
49	60	0.80639
49	77	0.714471
49	82	0.756513
49	84	0.757197
49	96	0.74265
49	98	0.739888
49	101	0.732769
49	107	0.768145
49	116	0.723737
49	166	0.700272
49	176	2.32338
49	177	4.95557
50	20	0.705509
50	22	0.779888
50	23	0.70561
50	27	0.765569
50	35	0.76549
50	37	0.765391
50	42	1.88413
50	51	0.750861
50	53	0.758652
50	64	0.745067
50	76	0.775834
50	80	2.0667
50	85	0.756996
50	161	4.04663
50	168	0.727147
51	36	0.694419
51	45	0.750154
51	50	0.750861
51	53	0.746889
51	55	0.743323
51	58	0.729366
51	64	0.733303
51	68	0.7713
51	72	0.785556
51	76	0.76407
51	85	0.745233
51	108	2.41688
51	114	0.790266
51	168	2.50376
51	169	4.40097
52	71	0.826815
52	74	0.806305
52	77	0.74994
52	98	0.775358
52	107	0.803615
52	109	0.799642
52	127	1.2456
52	145	0.719259
52	157	0.768333
52	164	0.740428
52	166	0.735741
52	171	0.717028
52	175	0.710203
52	177	0.693935
52	180	0.69936
53	3	0.722137
53	36	0.70221
53	45	0.757945
53	50	0.758652
53	51	0.746889
53	55	0.751114
53	58	0.737158
53	64	0.741095
53	68	0.779091
53	76	0.771862
53	85	0.753025
53	86	0.779667
53	122	2.16485
53	167	3.03578
53	178	3.96193
54	57	0.754386
54	93	0.751474
54	115	0.765144
54	119	0.760392
54	120	0.757412
54	123	0.740275
54	124	2.60884
54	137	0.775546
54	139	0.748998
54	145	0.756112
54	146	1.21324
54	154	0.748772
54	155	0.757944
54	173	5.67001
54	174	0.690114
55	3	0.718571
55	13	0.721038
55	22	0.772351
55	36	0.698644
55	45	0.754379
55	51	0.743323
55	53	0.751114
55	58	0.733591
55	65	2.62154
55	68	0.775525
55	72	0.789781
55	85	0.749459
55	102	3.21561
55	114	0.794491
55	144	3.22402
56	63	0.745998
56	92	0.758172
56	103	0.78981
56	104	0.733463
56	113	0.759389
56	119	0.759901
56	121	0.744664
56	142	0.766542
56	150	1.83047
56	151	2.71482
56	153	0.745566
56	154	0.74828
56	155	0.757452
56	174	0.689623
56	179	5.65354
57	54	0.754386
57	117	0.753907
57	121	0.740704
57	123	0.735824
57	128	0.77002
57	130	0.727845
57	139	0.744547
57	140	0.698169
57	145	0.75166
57	153	0.741606
57	154	0.744321
57	155	0.753492
57	156	1.74193
57	172	2.84128
57	173	5.20066
57	174	0.685663
58	13	0.707081
58	22	0.758394
58	36	0.684687
58	45	0.740422
58	46	0.694201
58	51	0.729366
58	53	0.737158
58	55	0.733591
58	68	0.761568
58	72	0.775824
58	85	0.735502
58	86	0.762144
58	114	0.780534
58	138	4.86882
58	167	1.9382
58	178	2.86436
59	28	0.816027
59	49	0.806142
59	73	0.775311
59	74	0.830588
59	77	0.774223
59	79	0.780422
59	82	0.816265
59	91	1.38277
59	98	0.799641
59	101	0.792521
59	107	0.827898
59	109	0.823925
59	141	2.29653
59	143	2.83517
59	166	0.760024
59	176	4.28396
60	28	0.816275
60	47	0.809855
60	48	0.753421
60	49	0.80639
60	61	0.800948
60	82	0.816513
60	88	1.99256
60	96	0.802651
60	98	0.799888
60	107	0.828146
60	109	0.824173
60	116	0.783737
60	141	2.71812
60	143	3.25676
60	166	0.760272
60	167	2.74459
61	32	0.77782
61	60	0.800948
61	79	0.715228
61	83	1.93113
61	84	0.751755
61	109	0.758731
61	116	0.718295
61	121	0.73349
61	122	1.71469
61	139	0.737333
61	142	0.755369
61	145	0.744446
61	153	0.734392
61	166	0.69483
61	174	0.678449
61	180	6.11698
62	1	2.62584
62	120	2.805
62	147	0.721745
62	156	0.723967
62	158	0.683078
62	163	0.677003
62	165	0.742657
62	167	0.738003
62	170	0.675105
62	173	0.657246
62	175	0.668389
62	176	0.670734
62	177	0.65212
62	178	0.680436
62	179	0.651623
62	180	0.657546
63	56	0.745998
63	71	0.781011
63	108	3.84607
63	110	0.727808
63	113	0.747534
63	115	0.752796
63	117	0.746011
63	130	0.719949
63	139	0.736651
63	141	3.1742
63	142	0.754687
63	145	0.743764
63	150	2.68077
63	153	0.73371
63	154	0.736425
63	174	0.677767
64	3	0.708551
64	13	0.711018
64	22	0.762331
64	36	0.688624
64	45	0.744359
64	46	0.698138
64	50	0.745067
64	51	0.733303
64	53	0.741095
64	68	0.765505
64	72	0.779761
64	85	0.739439
64	114	0.784471
64	146	2.8652
64	161	2.85421
64	166	3.87481
65	55	2.62154
65	139	1.20387
65	142	0.423313
65	144	0.818893
65	147	0.766744
65	157	0.771518
65	161	0.78695
65	167	0.783002
65	170	0.720104
65	173	0.702245
65	175	0.713388
65	176	0.715733
65	177	0.69712
65	178	0.725435
65	179	0.696622
65	180	0.702545
66	2	0.752759
66	10	0.752769
66	11	0.835537
66	20	0.742373
66	23	0.742474
66	27	0.802433
66	31	0.797468
66	35	0.802355
66	37	0.802255
66	41	0.797389
66	114	0.838893
66	127	0.76997
66	151	1.81572
66	157	1.34236
66	168	0.764012
66	174	3.21138
66	177	5.15906
67	6	2.90585
67	119	2.91636
67	138	0.667524
67	141	0.765539
67	149	0.673372
67	156	0.720456
67	167	0.734492
67	171	0.671703
67	172	0.679036
67	173	0.653735
67	174	0.674035
67	175	0.664878
67	176	0.667223
67	177	0.64861
67	178	0.676925
67	179	0.648112
67	180	0.654035
68	3	0.746547
68	22	0.800327
68	45	0.782356
68	51	0.7713
68	53	0.779091
68	55	0.775525
68	58	0.761568
68	64	0.765505
68	72	0.817757
68	76	0.796272
68	85	0.777435
68	86	0.804078
68	114	0.822468
68	129	2.76698
68	132	1.33787
68	147	3.1339
68	164	3.95127
69	97	0.642806
69	103	1.99481
69	133	2.72009
69	152	0.708188
69	164	0.697754
69	165	0.741798
69	167	0.737143
69	169	0.662069
69	171	0.674355
69	172	0.681687
69	174	0.676687
69	175	0.667529
69	176	0.669874
69	177	0.651261
69	178	0.679576
69	179	0.650763
69	180	0.656686
70	26	2.20951
70	43	0.740975
70	93	3.451
70	97	0.637386
70	144	0.767614
70	162	0.662353
70	164	0.692333
70	165	0.736377
70	170	0.668825
70	171	0.668934
70	172	0.676266
70	173	0.650966
70	175	0.662108
70	176	0.664454
70	178	0.674156
70	179	0.645343
70	180	0.651266
71	52	0.826815
71	63	0.781011
71	75	0.808633
71	92	0.793185
71	113	0.794403
71	115	0.799665
71	120	0.791933
71	125	0.820234
71	133	0.787859
71	138	0.718125
71	140	0.737142
71	141	2.29917
71	142	0.801556
71	153	0.780579
71	155	0.792465
71	163	4.70174
71	167	2.32564
72	3	0.760803
72	13	0.763271
72	22	0.814583
72	36	0.740877
72	46	0.75039
72	51	0.785556
72	55	0.789781
72	58	0.775824
72	64	0.779761
72	68	0.817757
72	76	0.810528
72	81	3.06701
72	85	0.791691
72	86	0.818334
72	147	2.30024
72	161	1.48972
72	174	4.40266
73	40	3.03086
73	59	0.775311
73	84	0.726366
73	98	0.709057
73	107	0.737315
73	109	0.733342
73	116	0.692906
73	155	2.70243
73	166	0.669441
73	170	0.650619
73	172	0.65806
73	173	0.63276
73	174	0.65306
73	175	0.643902
73	178	0.65595
73	179	0.627137
73	180	0.63306
74	44	0.777299
74	52	0.806305
74	59	0.830588
74	77	0.738917
74	79	0.745116
74	82	0.780958
74	84	0.781643
74	96	0.767096
74	98	0.764334
74	101	0.757215
74	107	0.792591
74	109	0.788619
74	116	0.748183
74	146	1.17514
74	166	0.724718
74	168	2.16388
74	174	4.07708
74	175	4.36391
75	71	0.808633
75	78	1.26026
75	115	0.780418
75	117	0.773633
75	121	0.76043
75	123	0.755549
75	125	0.800986
75	128	0.789746
75	130	0.747571
75	137	0.79082
75	139	0.764272
75	140	0.717895
75	142	0.782308
75	144	2.15846
75	146	2.9898
75	153	0.761332
75	155	0.773218
75	171	4.88823
76	3	0.739318
76	13	0.741785
76	22	0.793098
76	36	0.719391
76	45	0.775126
76	46	0.728905
76	50	0.775834
76	51	0.76407
76	53	0.771862
76	68	0.796272
76	72	0.810528
76	85	0.770206
76	86	0.796848
76	114	0.815238
76	170	4.07996
76	171	2.16206
76	172	2.36102
76	174	3.16556
77	44	0.720934
77	47	0.717936
77	49	0.714471
77	52	0.74994
77	59	0.774223
77	74	0.738917
77	79	0.688751
77	82	0.724594
77	84	0.725278
77	96	0.710731
77	98	0.707969
77	102	1.354
77	107	0.736227
77	109	0.732254
77	116	0.691818
77	149	4.9511
77	166	0.668353
77	169	4.25063
78	10	2.00663
78	37	2.75098
78	75	1.26026
78	147	0.804744
78	148	0.85089
78	149	0.759881
78	154	0.105224
78	159	0.830293
78	160	0.756863
78	165	0.825656
78	169	0.745927
78	170	0.758103
78	173	0.740244
78	176	0.753733
78	177	0.735119
78	178	0.763434
78	179	0.734622
78	180	0.740545
79	38	0.664184
79	44	0.727133
79	47	0.724135
79	59	0.780422
79	61	0.715228
79	74	0.745116
79	77	0.688751
79	82	0.730793
79	96	0.71693
79	98	0.714168
79	99	8
79	107	0.742426
79	109	0.738453
79	111	0.740616
79	116	0.698017
79	150	1.5711
79	160	1.78187
79	166	0.674552
80	21	1.21888
80	50	2.0667
80	84	1.91402
80	98	0.366507
80	147	0.79881
80	161	0.819015
80	163	0.754067
80	167	0.815068
80	168	0.78975
80	169	0.739993
80	170	0.75217
80	171	0.752279
80	173	0.734311
80	175	0.745453
80	176	0.747799
80	177	0.729185
80	178	0.757501
80	179	0.728688
80	180	0.734611
81	72	3.06701
81	131	0.705196
81	142	3.42343
81	156	0.705448
81	160	0.655346
81	161	0.723432
81	164	0.680095
81	165	0.724139
81	167	0.719484
81	170	0.656586
81	171	0.656696
81	172	0.664028
81	173	0.638727
81	175	0.64987
81	176	0.652215
81	177	0.633602
81	178	0.661917
81	179	0.633104
81	180	0.639028
82	28	0.766398
82	44	0.762976
82	48	0.703544
82	49	0.756513
82	59	0.816265
82	60	0.816513
82	74	0.780958
82	77	0.724594
82	79	0.730793
82	84	0.767319
82	107	0.778268
82	109	0.774295
82	111	0.776458
82	116	0.733859
82	131	3.05791
82	144	1.44536
82	161	2.26571
82	166	0.710395
82	174	5.17865
83	14	1.68934
83	32	1.67683
83	61	1.93113
83	105	0.790089
83	117	1.13734
83	144	0.84347
83	159	0.81687
83	163	0.746578
83	164	0.768189
83	165	0.812233
83	171	0.74479
83	172	0.752122
83	173	0.726821
83	175	0.737964
83	176	0.74031
83	177	0.721696
83	178	0.750011
83	179	0.721199
83	180	0.727122
84	28	0.767082
84	44	0.76366
84	47	0.760662
84	48	0.704228
84	49	0.757197
84	61	0.751755
84	73	0.726366
84	74	0.781643
84	77	0.725278
84	80	1.91402
84	82	0.767319
84	86	1.27153
84	96	0.753457
84	101	0.743576
84	107	0.778952
84	109	0.77498
84	116	0.734543
84	129	4.33755
84	165	3.46661
84	166	0.711079
85	3	0.720481
85	13	0.722948
85	22	0.774261
85	36	0.700554
85	45	0.756289
85	46	0.710068
85	50	0.756996
85	51	0.745233
85	53	0.753025
85	55	0.749459
85	58	0.735502
85	64	0.739439
85	68	0.777435
85	72	0.791691
85	76	0.770206
85	88	2.82105
85	114	0.796401
85	144	2.48527
85	146	3.31661
85	167	3.57308
86	16	1.42273
86	22	0.800903
86	23	1.62273
86	36	0.727197
86	45	0.782932
86	48	3.68301
86	53	0.779667
86	58	0.762144
86	68	0.804078
86	72	0.818334
86	76	0.796848
86	84	1.27153
86	118	0.823367
86	170	0.710581
86	175	0.703865
86	176	0.706211
86	177	0.687597
86	178	0.715912
86	179	0.6871
86	180	0.693023
87	1	0.78829
87	9	0.694142
87	14	0.788764
87	19	0.694533
87	26	0.866336
87	33	0.736736
87	40	0.736551
87	110	1.64783
87	137	1.42057
87	150	0.750603
87	153	1.76853
87	158	0.670084
87	160	0.660871
87	166	0.680934
87	171	0.662221
87	173	0.644252
87	175	0.655395
87	176	0.65774
87	178	0.667442
87	180	0.644553
88	60	1.99256
88	85	2.82105
88	105	0.735422
88	106	2.156
88	144	0.788803
88	151	0.736302
88	158	0.697987
88	159	0.762203
88	160	0.688773
88	163	0.691911
88	164	0.713522
88	167	0.752912
88	169	0.677837
88	172	0.697455
88	173	0.672154
88	174	0.692455
88	176	0.685643
88	177	0.667029
88	179	0.666532
88	180	0.672455
89	29	0.78003
89	32	0.789326
89	93	0.751315
89	101	0.738834
89	110	0.739997
89	119	0.760234
89	121	0.744997
89	130	0.732138
89	133	0.753179
89	139	0.74884
89	142	0.766875
89	145	0.755953
89	153	0.745899
89	154	0.748613
89	155	0.757785
89	156	2.98698
89	161	1.97794
89	165	1.5506
89	170	5.80528
89	174	0.689956
90	1	0.997669
90	48	4.04442
90	120	0.70214
90	127	0.215963
90	135	0.773425
90	136	0.783503
90	144	0.837169
90	158	0.746353
90	165	0.805932
90	166	0.757202
90	169	0.726203
90	170	0.73838
90	171	0.738489
90	172	0.745821
90	173	0.720521
90	174	0.740821
90	176	0.734009
90	177	0.715395
90	179	0.714898
90	180	0.720821
91	59	1.38277
91	103	0.605359
91	125	1.6156
91	141	0.8324
91	142	1.17337
91	143	0.776201
91	159	0.810644
91	162	0.731982
91	164	0.761963
91	168	0.776035
91	169	0.726278
91	170	0.738454
91	171	0.738564
91	172	0.745896
91	175	0.731738
91	176	0.734084
91	177	0.71547
91	178	0.743785
91	179	0.714973
91	180	0.720896
92	25	0.708289
92	56	0.758172
92	71	0.793185
92	93	0.7513
92	110	0.739982
92	113	0.759708
92	115	0.76497
92	117	0.758185
92	128	0.774298
92	130	0.732123
92	136	2.31777
92	142	0.766861
92	145	0.755938
92	153	0.745885
92	154	0.748599
92	155	0.757771
92	159	1.63346
92	162	5.54043
92	164	3.06582
92	174	0.689941
93	39	0.77406
93	43	2.62073
93	54	0.751474
93	70	3.451
93	89	0.751315
93	92	0.7513
93	104	0.726592
93	110	0.732792
93	123	0.732912
93	127	0.723848
93	130	0.724933
93	137	0.768183
93	139	0.741635
93	142	0.759671
93	145	0.748748
93	151	2.91215
93	153	0.738694
93	154	0.741409
93	155	0.75058
93	167	1.66234
93	174	0.682751
94	27	1.76148
94	39	1.05955
94	103	0.299722
94	144	0.877368
94	145	0.972221
94	148	0.871365
94	149	0.780356
94	151	0.824867
94	153	1.15934
94	162	0.772106
94	163	0.780476
94	169	0.766402
94	171	0.778688
94	172	0.78602
94	173	0.760719
94	175	0.771862
94	176	0.774207
94	177	0.755594
94	178	0.783909
94	179	0.755097
94	180	0.76102
95	35	2.51063
95	113	2.25734
95	123	1.45065
95	140	0.700792
95	141	0.77979
95	146	0.769344
95	151	0.732133
95	152	0.719787
95	156	0.734707
95	163	0.687742
95	164	0.709353
95	169	0.673668
95	170	0.685845
95	172	0.693286
95	173	0.667986
95	175	0.679128
95	176	0.681474
95	177	0.66286
95	178	0.691176
95	179	0.662363
95	180	0.668286
96	28	0.752536
96	44	0.749114
96	47	0.746116
96	48	0.689682
96	49	0.74265
96	60	0.802651
96	74	0.767096
96	77	0.710731
96	79	0.71693
96	84	0.753457
96	98	0.736149
96	101	0.729029
96	107	0.764406
96	109	0.760433
96	111	0.762596
96	116	0.719997
96	148	1.64583
96	166	0.696533
96	173	4.99503
96	175	3.72702
96	176	2.75568
97	69	0.642806
97	70	0.637386
97	108	0.640461
97	124	0.625063
97	140	0.600018
97	148	0.677857
97	149	0.586848
97	160	0.58383
97	163	0.586968
97	167	0.647968
97	169	0.572893
97	170	0.58507
97	171	0.58518
97	172	0.592512
97	173	0.567211
97	174	0.587512
97	175	0.578354
97	176	0.580699
97	178	0.590401
97	179	0.561588
97	180	0.567511
98	28	0.749773
98	38	0.683403
98	44	0.746352
98	47	0.743354
98	49	0.739888
98	52	0.775358
98	59	0.799641
98	60	0.799888
98	73	0.709057
98	74	0.764334
98	77	0.707969
98	79	0.714168
98	80	0.366507
98	96	0.736149
98	107	0.761644
98	109	0.757671
98	116	0.717235
98	134	2.05484
98	147	3.15696
98	160	6.27164
98	166	0.69377
99	79	8
99	100	0.708623
99	129	0.656485
99	157	0.66036
99	159	0.681135
99	160	0.607706
99	161	0.675791
99	163	0.610844
99	164	0.632454
99	165	0.676498
99	167	0.671844
99	169	0.596769
99	170	0.608946
99	171	0.609055
99	172	0.616387
99	173	0.591087
99	175	0.60223
99	178	0.614277
99	179	0.585464
99	180	0.591387
100	33	1.6144
100	99	0.708623
100	119	1.82382
100	122	0.817614
100	131	0.764796
100	145	1.18569
100	147	0.762826
100	154	1.05883
100	161	0.783032
100	163	0.718084
100	165	0.783738
100	167	0.779084
100	170	0.716186
100	171	0.716295
100	172	0.723628
100	173	0.698327
100	175	0.70947
100	176	0.711815
100	177	0.693202
100	178	0.721517
100	179	0.692704
100	180	0.698627
101	38	0.676283
101	49	0.732769
101	59	0.792521
101	74	0.757215
101	84	0.743576
101	89	0.738834
101	96	0.729029
101	105	3.58052
101	107	0.754524
101	109	0.750552
101	128	0.754627
101	133	0.733493
101	139	0.729154
101	142	0.747189
101	145	0.736267
101	146	3.07603
101	147	3.87555
101	154	0.728927
101	155	0.738099
101	165	2.63769
101	166	0.686651
101	174	0.67027
102	46	0.75307
102	55	3.21561
102	77	1.354
102	117	0.695601
102	152	0.760884
102	153	1.30898
102	157	0.778355
102	158	0.734914
102	162	0.720469
102	163	0.728839
102	164	0.75045
102	165	0.794493
102	169	0.714764
102	171	0.72705
102	172	0.734383
102	173	0.709082
102	175	0.720225
102	176	0.72257
102	177	0.703957
102	178	0.732272
102	179	0.703459
102	180	0.709382
103	2	0.745465
103	5	0.745382
103	10	0.745476
103	24	0.812111
103	31	0.790174
103	41	0.790096
103	56	0.78981
103	69	1.99481
103	91	0.605359
103	94	0.299722
103	112	0.757314
103	113	0.791346
103	114	0.8316
103	127	0.762676
103	133	0.784802
103	139	0.780463
103	145	0.787576
103	153	0.777522
103	155	0.789408
103	166	2.29873
103	174	0.721579
103	179	5.73411
104	29	0.755307
104	39	0.756542
104	56	0.733463
104	93	0.726592
104	112	0.700967
104	115	0.740262
104	117	0.733477
104	120	0.73253
104	121	0.720274
104	122	1.91601
104	123	0.715393
104	125	0.76083
104	133	0.728456
104	137	0.750664
104	139	0.724116
104	142	0.742152
104	145	0.73123
104	154	0.72389
104	155	0.733062
104	165	2.09213
104	171	4.4289
104	172	4.62786
105	25	2.0908
105	83	0.790089
105	88	0.735422
105	101	3.58052
105	108	0.717308
105	143	0.699665
105	145	2.46612
105	148	0.754705
105	150	0.75041
105	156	0.71078
105	158	0.669891
105	160	0.660678
105	162	0.655446
105	164	0.685427
105	165	0.72947
105	166	0.68074
105	172	0.66936
105	173	0.644059
105	176	0.657547
105	177	0.638934
105	178	0.667249
105	179	0.638436
105	180	0.644359
106	7	0.754591
106	12	0.829989
106	20	0.724331
106	21	0.830325
106	23	0.724432
106	27	0.784391
106	35	0.784313
106	37	0.784213
106	88	2.156
106	112	0.746565
106	118	1.60008
106	121	0.765872
106	130	0.753013
106	131	3.43276
106	139	0.769714
106	145	0.776828
106	153	0.766774
106	154	0.769488
106	155	0.77866
106	157	3.68448
106	161	2.64057
106	168	0.74597
106	174	0.71083
107	38	0.71166
107	44	0.774609
107	47	0.771611
107	49	0.768145
107	52	0.803615
107	59	0.827898
107	60	0.828146
107	73	0.737315
107	74	0.792591
107	77	0.736227
107	79	0.742426
107	82	0.778268
107	84	0.778952
107	96	0.764406
107	98	0.761644
107	101	0.754524
107	116	0.745492
107	140	2.89611
107	152	2.03833
107	159	1.45375
107	166	0.722028
107	178	2.45183
107	179	5.7142
108	47	2.93705
108	51	2.41688
108	63	3.84607
108	97	0.640461
108	105	0.717308
108	122	0.773327
108	143	0.709646
108	146	0.755399
108	148	0.764686
108	156	0.720762
108	158	0.679873
108	161	0.738745
108	163	0.673797
108	169	0.659723
108	170	0.671899
108	172	0.679341
108	173	0.65404
108	175	0.665183
108	176	0.667529
108	177	0.648915
108	178	0.677231
108	179	0.648418
108	180	0.654341
109	44	0.770636
109	47	0.767638
109	52	0.799642
109	59	0.823925
109	60	0.824173
109	61	0.758731
109	73	0.733342
109	74	0.788619
109	77	0.732254
109	79	0.738453
109	82	0.774295
109	84	0.77498
109	96	0.760433
109	98	0.757671
109	101	0.750552
109	111	0.784118
109	116	0.741519
109	138	3.47251
109	144	1.05736
109	162	4.37692
109	164	1.90232
109	166	0.718055
109	170	4.10177
110	42	0.732439
110	63	0.727808
110	87	1.64783
110	89	0.739997
110	92	0.739982
110	93	0.732792
110	112	0.707168
110	119	0.741711
110	120	0.73873
110	121	0.726474
110	125	0.767031
110	129	0.71653
110	130	0.713615
110	133	0.734656
110	138	0.664922
110	142	0.748352
110	145	0.73743
110	153	0.727376
110	154	0.73009
110	155	0.739262
110	160	5.94224
110	172	4.12543
110	174	0.671433
111	21	2.26099
111	28	0.776221
111	44	0.772799
111	47	0.769801
111	79	0.740616
111	82	0.776458
111	96	0.762596
111	109	0.784118
111	116	0.743682
111	121	1.29377
111	137	0.851961
111	139	1.68887
111	164	0.724904
111	166	0.720218
111	169	0.689218
111	170	0.701395
111	172	0.708837
111	173	0.683536
111	176	0.697024
111	177	0.678411
111	178	0.706726
111	179	0.677913
111	180	0.683836
112	103	0.757314
112	104	0.700967
112	106	0.746565
112	110	0.707168
112	117	0.725371
112	119	0.727405
112	120	0.724424
112	121	0.712168
112	125	0.752725
112	127	0.698224
112	128	0.741484
112	129	0.702224
112	130	0.699309
112	137	0.742558
112	142	0.734046
112	145	0.723124
112	148	2.15639
112	153	0.71307
112	154	0.715784
112	155	0.724956
112	163	4.91387
112	166	3.29092
112	174	0.657127
112	178	3.46393
113	29	0.781233
113	56	0.759389
113	63	0.747534
113	71	0.794403
113	92	0.759708
113	95	2.25734
113	103	0.791346
113	115	0.766188
113	123	0.741319
113	128	0.775516
113	130	0.733341
113	133	0.754382
113	137	0.77659
113	139	0.750042
113	142	0.768078
113	143	3.33431
113	145	0.757156
113	150	2.30225
113	152	3.3348
113	153	0.747102
113	154	0.749816
113	155	0.758988
113	161	2.55468
113	174	0.691159
114	5	0.755216
114	6	0.848494
114	10	0.75531
114	11	0.838077
114	24	0.821945
114	31	0.800008
114	41	0.79993
114	46	0.7551
114	51	0.790266
114	55	0.794491
114	58	0.780534
114	64	0.784471
114	66	0.838893
114	68	0.822468
114	76	0.815238
114	85	0.796401
114	103	0.8316
114	127	0.77251
114	135	2.9648
114	151	1.9928
114	157	1.51944
114	158	2.6296
114	170	4.30287
114	174	3.38846
115	54	0.765144
115	63	0.752796
115	71	0.799665
115	75	0.780418
115	92	0.76497
115	104	0.740262
115	113	0.766188
115	119	0.766699
115	125	0.792019
115	127	0.737518
115	128	0.780778
115	129	0.741519
115	137	0.781853
115	139	0.755305
115	140	0.708927
115	144	1.20221
115	153	0.752364
115	154	0.755079
115	155	0.76425
115	161	2.02256
115	165	1.59522
115	169	4.91951
115	174	0.696421
115	175	5.22232
116	28	0.733622
116	38	0.667251
116	44	0.7302
116	46	2.21025
116	47	0.727202
116	48	0.670768
116	49	0.723737
116	60	0.783737
116	61	0.718295
116	73	0.692906
116	74	0.748183
116	77	0.691818
116	79	0.698017
116	82	0.733859
116	84	0.734543
116	96	0.719997
116	98	0.717235
116	107	0.745492
116	109	0.741519
116	111	0.743682
116	136	2.95889
116	150	1.82663
116	160	6.00426
116	166	0.677619
117	29	0.77971
117	57	0.753907
117	63	0.746011
117	75	0.773633
117	83	1.13734
117	92	0.758185
117	102	0.695601
117	104	0.733477
117	112	0.725371
117	119	0.759914
117	120	0.756933
117	121	0.744677
117	123	0.739797
117	128	0.773993
117	130	0.731818
117	133	0.752859
117	137	0.775068
117	139	0.74852
117	140	0.702142
117	145	0.755633
117	153	0.745579
117	154	0.748294
117	164	3.15226
117	175	4.72413
117	176	3.75279
118	11	1.09001
118	86	0.823367
118	106	1.60008
118	120	1.92266
118	137	0.749294
118	139	1.58621
118	146	0.812794
118	148	0.822082
118	157	0.780709
118	159	0.801484
118	160	0.728055
118	162	0.722823
118	163	0.731193
118	165	0.796847
118	168	0.766876
118	170	0.729295
118	171	0.729404
118	172	0.736736
118	173	0.711436
118	175	0.722579
118	176	0.724924
118	177	0.70631
118	178	0.734626
118	179	0.705813
118	180	0.711736
119	25	0.710018
119	54	0.760392
119	56	0.759901
119	67	2.91636
119	89	0.760234
119	100	1.82382
119	110	0.741711
119	112	0.727405
119	115	0.766699
119	117	0.759914
119	120	0.758967
119	123	0.741831
119	126	1.40858
119	127	0.732767
119	128	0.776027
119	133	0.754893
119	137	0.777102
119	142	0.768589
119	143	3.36839
119	145	0.757667
119	153	0.747613
119	154	0.750328
119	155	0.759499
119	168	3.5885
119	174	0.69167
120	48	0.698219
120	54	0.757412
120	62	2.805
120	71	0.791933
120	90	0.70214
120	104	0.73253
120	110	0.73873
120	112	0.724424
120	117	0.756933
120	118	1.92266
120	119	0.758967
120	121	0.74373
120	124	4.36975
120	125	0.784287
120	133	0.751912
120	137	0.774121
120	138	0.682178
120	139	0.747573
120	140	0.701195
120	142	0.765609
120	145	0.754686
120	150	2.71072
120	153	0.744633
120	154	0.747347
120	155	0.756519
120	174	0.688689
121	56	0.744664
121	57	0.740704
121	61	0.73349
121	75	0.76043
121	89	0.744997
121	104	0.720274
121	106	0.765872
121	110	0.726474
121	111	1.29377
121	112	0.712168
121	117	0.744677
121	120	0.74373
121	125	0.772031
121	126	1.05141
121	128	0.76079
121	130	0.718615
121	133	0.739656
121	137	0.761865
121	138	0.669922
121	142	0.753353
121	153	0.732376
121	154	0.735091
121	155	0.744262
121	158	4.38566
121	168	3.23133
121	169	5.12854
121	174	0.676433
122	53	2.16485
122	61	1.71469
122	100	0.817614
122	104	1.91601
122	108	0.773327
122	143	0.755683
122	145	1.34716
122	149	0.719715
122	151	0.764225
122	153	1.53428
122	156	0.766799
122	157	0.76935
122	158	0.72591
122	162	0.711465
122	163	0.719834
122	164	0.741445
122	165	0.785489
122	167	0.780835
122	169	0.70576
122	170	0.717937
122	171	0.718046
122	173	0.700078
122	176	0.713566
122	177	0.694952
122	178	0.723268
122	179	0.694455
122	180	0.700378
123	32	0.770923
123	39	0.762862
123	54	0.740275
123	57	0.735824
123	75	0.755549
123	93	0.732912
123	95	1.45065
123	104	0.715393
123	113	0.741319
123	117	0.739797
123	119	0.741831
123	125	0.76715
123	128	0.75591
123	133	0.734776
123	137	0.756984
123	138	0.665042
123	139	0.730436
123	142	0.748472
123	145	0.73755
123	148	1.63406
123	153	0.727496
123	154	0.73021
123	155	0.739382
123	161	1.74799
123	174	0.671553
123	175	4.94775
123	180	5.54682
124	28	3.42141
124	54	2.60884
124	97	0.625063
124	120	4.36975
124	126	0.757335
124	143	0.694248
124	147	0.703142
124	149	0.65828
124	151	0.70279
124	152	0.690444
124	157	0.707916
124	159	0.728691
124	160	0.655262
124	161	0.723347
124	163	0.6584
124	164	0.68001
124	165	0.724054
124	167	0.7194
124	169	0.644325
124	171	0.656611
124	172	0.663943
124	175	0.649785
124	176	0.652131
124	177	0.633517
124	179	0.63302
124	180	0.638943
125	25	0.735337
125	48	0.72652
125	71	0.820234
125	75	0.800986
125	91	1.6156
125	104	0.76083
125	110	0.767031
125	112	0.752725
125	115	0.792019
125	120	0.784287
125	121	0.772031
125	123	0.76715
125	128	0.801347
125	130	0.759172
125	131	3.08057
125	137	0.802421
125	140	0.729496
125	142	0.793909
125	145	0.782987
125	147	3.09889
125	148	2.17444
125	153	0.772933
125	154	0.775647
125	155	0.784819
125	165	1.86103
125	174	0.71699
125	176	4.5168
126	37	3.28935
126	119	1.40858
126	121	1.05141
126	124	0.757335
126	130	2.21135
126	131	0.765952
126	138	0.713273
126	141	0.811288
126	155	0.740756
126	159	0.789532
126	160	0.716102
126	161	0.784188
126	163	0.71924
126	164	0.740851
126	165	0.784895
126	167	0.780241
126	168	0.754923
126	169	0.705166
126	171	0.717452
126	172	0.724784
126	173	0.699484
126	175	0.710626
126	176	0.712972
126	177	0.694358
126	178	0.722674
126	179	0.693861
126	180	0.699784
127	2	0.686375
127	5	0.686292
127	6	0.77957
127	8	1.68783
127	10	0.686386
127	11	0.769153
127	24	0.753021
127	31	0.731085
127	39	0.753798
127	41	0.731006
127	52	1.2456
127	66	0.76997
127	90	0.215963
127	93	0.723848
127	103	0.762676
127	112	0.698224
127	114	0.77251
127	115	0.737518
127	119	0.732767
127	130	0.704671
127	137	0.747921
127	142	0.739409
127	153	0.718432
127	154	0.721147
127	155	0.730318
127	164	4.10486
127	174	0.662489
127	180	6.2758
128	25	0.724097
128	57	0.77002
128	75	0.789746
128	92	0.774298
128	101	0.754627
128	112	0.741484
128	113	0.775516
128	115	0.780778
128	117	0.773993
128	119	0.776027
128	121	0.76079
128	123	0.75591
128	125	0.801347
128	133	0.768972
128	137	0.791181
128	139	0.764633
128	140	0.718255
128	144	1.85615
128	145	0.771746
128	153	0.761692
128	154	0.764407
128	155	0.773578
128	159	1.50331
128	163	2.58656
128	174	0.705749
128	177	4.80361
128	179	4.39898
128	180	3.74183
129	7	1.38702
129	39	0.757798
129	45	2.70845
129	68	2.76698
129	84	4.33755
129	99	0.656485
129	110	0.71653
129	112	0.702224
129	115	0.741519
129	133	0.729713
129	141	0.757993
129	142	0.743409
129	145	0.732487
129	146	0.747547
129	153	0.722433
129	154	0.725147
129	155	0.734319
129	156	0.71291
129	167	0.726946
129	171	0.664157
129	173	0.646189
129	174	0.666489
129	175	0.657332
129	176	0.659677
129	177	0.641064
129	178	0.669379
129	179	0.640566
129	180	0.646489
130	25	0.681922
130	32	0.762944
130	57	0.727845
130	63	0.719949
130	75	0.747571
130	89	0.732138
130	92	0.732123
130	93	0.724933
130	106	0.753013
130	110	0.713615
130	112	0.699309
130	113	0.733341
130	117	0.731818
130	121	0.718615
130	125	0.759172
130	126	2.21135
130	127	0.704671
130	132	2.40601
130	133	0.726797
130	139	0.722458
130	142	0.740494
130	144	2.57117
130	145	0.729571
130	153	0.719517
130	154	0.722232
130	155	0.731403
130	165	2.96418
130	174	0.663574
130	176	5.61995
131	39	2.02876
131	81	0.705196
131	82	3.05791
131	100	0.764796
131	106	3.43276
131	125	3.08057
131	126	0.765952
131	134	0.751191
131	140	0.680067
131	141	0.759064
131	143	0.702865
131	146	0.748618
131	148	0.757906
131	149	0.666897
131	152	0.699062
131	157	0.716533
131	158	0.673092
131	159	0.737308
131	160	0.663879
131	162	0.658647
131	168	0.7027
131	171	0.665228
131	172	0.672561
131	173	0.64726
131	176	0.660748
131	177	0.642135
131	178	0.67045
131	179	0.641637
131	180	0.64756
132	17	3.09493
132	68	1.33787
132	130	2.40601
132	133	1.01789
132	135	0.737041
132	136	0.747119
132	139	1.64118
132	146	0.785495
132	147	0.748636
132	151	0.748284
132	152	0.735938
132	156	0.750858
132	157	0.75341
132	158	0.709969
132	161	0.768841
132	162	0.695524
132	165	0.769548
132	167	0.764894
132	168	0.739577
132	169	0.689819
132	170	0.701996
132	171	0.702105
132	172	0.709437
132	175	0.69528
132	176	0.697625
132	177	0.679011
132	178	0.707327
132	179	0.678514
132	180	0.684437
133	29	0.77469
133	30	1.7649
133	48	0.694145
133	69	2.72009
133	71	0.787859
133	89	0.753179
133	101	0.733493
133	103	0.784802
133	104	0.728456
133	110	0.734656
133	113	0.754382
133	117	0.752859
133	119	0.754893
133	120	0.751912
133	121	0.739656
133	123	0.734776
133	128	0.768972
133	129	0.729713
133	130	0.726797
133	132	1.01789
133	137	0.770047
133	139	0.743499
133	140	0.697121
133	142	0.761535
133	153	0.740559
133	154	0.743273
133	155	0.752445
133	157	3.04732
133	167	2.27087
133	169	4.90036
133	174	0.684615
134	15	1.76899
134	17	3.78884
134	28	1.72322
134	98	2.05484
134	131	0.751191
134	135	0.737627
134	138	0.698512
134	142	1.55454
134	144	0.801371
134	147	0.749222
134	148	0.795369
134	149	0.70436
134	151	0.74887
134	158	0.710555
134	160	0.701342
134	161	0.769427
134	164	0.72609
134	167	0.76548
134	169	0.690405
134	170	0.702582
134	171	0.702691
134	172	0.710023
134	173	0.684723
134	174	0.705023
134	175	0.695865
134	176	0.698211
134	177	0.679597
134	178	0.707913
134	179	0.6791
134	180	0.685023
135	13	2.5661
135	24	2.74989
135	36	4.51922
135	90	0.773425
135	114	2.9648
135	132	0.737041
135	134	0.737627
135	136	0.696678
135	138	0.647485
135	141	0.7455
135	143	0.689301
135	146	0.735054
135	147	0.698195
135	148	0.744341
135	156	0.700416
135	157	0.702968
135	158	0.659527
135	160	0.650314
135	161	0.7184
135	164	0.675063
135	165	0.719107
135	166	0.670377
135	167	0.714452
135	172	0.658996
135	173	0.633695
135	174	0.653996
135	175	0.644838
135	176	0.647183
135	177	0.62857
135	178	0.656885
135	179	0.628072
135	180	0.633995
136	35	3.6878
136	38	0.670087
136	90	0.783503
136	92	2.31777
136	116	2.95889
136	132	0.747119
136	135	0.696678
136	141	0.755578
136	142	2.72597
136	143	0.699379
136	152	0.695575
136	156	0.710495
136	157	0.713047
136	158	0.669606
136	159	0.733822
136	160	0.660393
136	161	0.728478
136	162	0.655161
136	164	0.685141
136	165	0.729185
136	166	0.680455
136	169	0.649456
136	170	0.661633
136	171	0.661742
136	172	0.669074
136	173	0.643774
136	175	0.654917
136	176	0.657262
136	177	0.638648
136	178	0.666964
136	179	0.638151
136	180	0.644074
137	8	1.00064
137	25	0.725171
137	39	0.798133
137	54	0.775546
137	75	0.79082
137	87	1.42057
137	93	0.768183
137	104	0.750664
137	111	0.851961
137	112	0.742558
137	113	0.77659
137	115	0.781853
137	117	0.775068
137	118	0.749294
137	119	0.777102
137	120	0.774121
137	121	0.761865
137	123	0.756984
137	125	0.802421
137	127	0.747921
137	128	0.791181
137	133	0.770047
137	139	0.765707
137	142	0.783743
137	145	0.772821
137	153	0.762767
137	154	0.765481
137	155	0.774653
137	163	4.43334
137	171	3.69921
137	172	3.89817
137	174	0.706824
138	15	5.25867
138	30	0.703719
138	32	0.714251
138	39	0.70619
138	58	4.86882
138	67	0.667524
138	71	0.718125
138	109	3.47251
138	110	0.664922
138	120	0.682178
138	121	0.669922
138	123	0.665042
138	126	0.713273
138	134	0.698512
138	135	0.647485
138	139	0.673765
138	142	0.691801
138	145	0.680878
138	152	0.646382
138	154	0.673539
138	155	0.68271
138	157	0.663853
138	163	0.614337
138	165	0.679992
138	167	0.675338
138	168	0.65002
138	170	0.61244
138	171	0.612549
138	173	0.594581
