1	9	1.03102
1	44	0.812814
1	46	0.883763
1	52	0.936941
1	65	0.937598
1	69	0.995572
1	87	1.16023
1	90	0.951831
1	98	0.935799
1	100	0.921864
1	127	1.8035
1	142	1.91005
2	62	0.821283
2	78	0.864459
2	101	0.806921
2	111	0.842904
2	112	0.83336
2	114	0.839841
2	115	0.828115
2	140	0.89398
2	141	1.78566
2	152	2.67704
2	172	0.849874
2	178	0.819958
3	85	0.452538
3	115	0.761634
3	119	1.03254
3	161	0.965138
3	165	0.917103
3	167	0.937098
3	170	0.935041
3	171	0.971664
3	174	0.921526
3	175	0.953892
3	176	0.913412
3	180	0.880941
4	14	0.898691
4	17	0.794544
4	26	0.891707
4	35	0.782771
4	41	0.774668
4	45	0.85315
4	51	0.836626
4	64	0.811163
4	70	0.883985
4	130	2.22515
4	138	0.87802
4	161	2.27609
5	7	0.81704
5	10	0.840689
5	22	0.825957
5	42	0.802277
5	48	0.872407
5	66	2.11059
5	72	0.917187
5	76	0.775862
5	88	0.822419
5	93	0.869027
5	147	2.36958
5	179	0.855493
6	14	1.00109
6	17	0.896948
6	31	0.884813
6	35	0.885176
6	41	0.877072
6	45	0.955555
6	51	0.939031
6	70	0.98639
6	138	0.980424
6	142	1.3283
6	167	1.54454
6	174	2.0738
7	5	0.81704
7	21	1.71921
7	37	0.875083
7	48	0.85345
7	72	0.89823
7	76	0.756905
7	77	0.876574
7	88	0.803463
7	93	0.85007
7	105	0.837015
7	169	2.62512
7	179	0.836536
8	46	2.02356
8	50	1.08444
8	129	0.869362
8	142	0.901169
8	143	0.842686
8	165	0.818041
8	167	0.838036
8	171	0.872602
8	174	0.822464
8	175	0.85483
8	177	0.797915
8	180	0.781879
9	1	1.03102
9	32	0.913421
9	44	0.816231
9	46	0.88718
9	52	0.940358
9	69	0.998989
9	90	0.955248
9	98	0.939216
9	100	0.925281
9	142	1.49523
9	164	2.20811
9	171	1.2219
10	5	0.840689
10	33	0.821061
10	38	0.808731
10	42	0.806969
10	72	0.921879
10	76	0.780554
10	88	0.827112
10	93	0.873719
10	105	0.860664
10	132	3.48054
10	150	1.05207
10	179	0.860186
11	30	1.68078
11	47	1.08853
11	71	0.905595
11	89	2.10959
11	110	0.940123
11	139	0.955183
11	149	0.947176
11	153	0.940955
11	156	0.928134
11	157	0.92713
11	159	0.921162
11	162	0.933642
12	94	0.835488
12	113	0.845225
12	139	0.860697
12	149	0.85269
12	153	0.846468
12	156	0.833648
12	157	0.832644
12	159	0.826676
12	160	0.82495
12	162	0.839156
12	165	1.81204
12	177	2.70488
13	23	0.910506
13	46	0.780906
13	65	0.834741
13	97	0.846918
13	100	0.819007
13	110	0.852694
13	150	1.68241
13	156	0.840705
13	157	0.839701
13	160	0.832008
13	162	0.846214
13	176	2.82676
14	4	0.898691
14	6	1.00109
14	31	0.88026
14	41	0.872519
14	45	0.951002
14	51	0.934478
14	53	1.54617
14	70	0.981837
14	82	1.21938
14	95	0.910129
14	138	0.975871
14	171	2.02775
15	25	0.896513
15	75	0.955393
15	105	1.23172
15	119	0.956139
15	146	0.948717
15	153	0.94076
15	156	0.92794
15	158	2.03979
15	159	0.920967
15	160	0.919242
15	162	0.933448
15	166	1.53375
16	56	0.839598
16	62	0.816534
16	64	0.808813
16	80	0.849137
16	101	0.802171
16	111	0.838154
16	112	0.82861
16	114	0.835092
16	115	0.823366
16	145	2.40951
16	167	2.40972
16	172	0.845124
16	178	0.815209
17	4	0.794544
17	6	0.896948
17	26	0.885412
17	30	2.21922
17	31	0.776114
17	35	0.776476
17	41	0.768373
17	45	0.846855
17	64	0.804867
17	70	0.87769
17	95	0.805982
17	138	0.871724
17	167	2.54481
18	124	0.798611
18	133	0.765031
18	138	3.45153
18	140	0.842941
18	152	0.730458
18	155	0.749184
18	163	0.76084
18	166	0.805053
18	167	0.742588
18	170	0.740531
18	175	0.759381
18	176	0.718902
18	180	0.68643
19	26	1.42634
19	98	1.05896
19	115	0.27657
19	127	0.934828
19	129	0.934281
19	150	0.937677
19	163	0.921208
19	169	0.911032
19	173	0.896643
19	174	0.887383
19	176	0.87927
19	179	0.949643
19	180	0.846798
20	29	0.962038
20	32	0.887641
20	40	1.4105
20	44	0.790451
20	52	0.914578
20	73	0.961394
20	90	0.929468
20	97	0.927412
20	98	0.913436
20	100	0.899501
20	116	0.919723
20	148	1.49466
20	178	2.25103
21	7	1.71921
21	98	1.8123
21	117	0.856787
21	150	0.859275
21	155	0.83115
21	163	0.842807
21	165	0.804559
21	169	0.83263
21	174	0.808981
21	175	0.841347
21	176	0.800868
21	178	0.850886
21	180	0.768396
22	5	0.825957
22	33	0.806329
22	37	0.884001
22	38	0.793999
22	42	0.792237
22	53	1.50771
22	76	0.765822
22	77	0.885492
22	88	0.81238
22	93	0.858987
22	117	0.830999
22	165	3.25716
22	179	0.845454
23	13	0.910506
23	44	0.798579
23	46	0.869527
23	73	0.969521
23	89	0.925944
23	90	0.937596
23	97	0.93554
23	98	0.921563
23	100	0.907628
23	116	0.927851
23	151	1.97404
23	164	2.13733
23	166	1.09086
24	59	0.887365
24	68	0.793544
24	85	0.840829
24	101	0.79016
24	111	0.826143
24	114	0.82308
24	115	0.811354
24	116	0.814346
24	135	2.29961
24	140	0.877219
24	147	2.44224
24	172	0.833113
24	178	0.803198
25	15	0.896513
25	107	0.806897
25	123	0.809259
25	125	0.852851
25	146	0.848878
25	156	0.8281
25	157	0.827095
25	159	0.821128
25	160	0.819402
25	162	0.833608
25	168	0.753923
25	173	2.37613
25	176	2.45642
26	4	0.891707
26	17	0.885412
26	19	1.42634
26	31	0.873277
26	35	0.873639
26	41	0.865535
26	45	0.944018
26	51	0.927494
26	64	0.90203
26	70	0.974853
26	103	0.565634
26	117	2.52164
26	138	0.968887
27	78	0.937057
27	80	0.926484
27	101	0.879519
27	112	0.905958
27	114	0.912439
27	115	0.900713
27	116	0.903704
27	121	0.921259
27	163	1.62114
27	170	2.05092
27	172	0.922472
27	175	1.54753
27	178	0.892556
28	52	1.26055
28	118	0.791318
28	136	1.70968
28	144	0.816953
28	152	0.824964
28	163	0.855346
28	167	0.837094
28	171	0.871659
28	173	0.830781
28	174	0.821521
28	175	0.853887
28	176	0.813408
28	180	0.780936
29	20	0.962038
29	32	0.866806
29	65	0.8944
29	69	0.952375
29	73	0.940559
29	90	0.908634
29	97	0.906578
29	98	0.892601
29	100	0.878666
29	106	1.94329
29	116	0.898889
29	170	1.64786
29	173	1.72445
30	11	1.68078
30	17	2.21922
30	127	0.860677
30	144	0.808664
30	151	0.845569
30	161	0.856844
30	167	0.828804
30	171	0.86337
30	173	0.822492
30	175	0.845598
30	176	0.805118
30	177	0.788683
30	180	0.772647
31	6	0.884813
31	14	0.88026
31	17	0.776114
31	26	0.873277
31	35	0.764341
31	41	0.756238
31	45	0.83472
31	51	0.818196
31	70	0.865555
31	95	0.793847
31	96	1.82289
31	138	0.859589
31	148	2.80505
32	9	0.913421
32	20	0.887641
32	29	0.866806
32	44	0.695219
32	46	0.766168
32	52	0.819346
32	65	0.820003
32	69	0.877978
32	97	0.832181
32	100	0.804269
32	116	0.824492
32	133	1.58618
32	177	3.21445
33	10	0.821061
33	22	0.806329
33	38	0.784411
33	48	0.852779
33	72	0.897559
33	76	0.756234
33	77	0.875903
33	88	0.802791
33	93	0.849399
33	117	0.82141
33	145	2.15502
33	174	2.68449
33	179	0.835865
34	83	1.72048
34	121	1.33415
34	124	0.871752
34	135	0.883625
34	150	0.85045
34	151	0.832493
34	158	0.82451
34	163	0.833982
34	165	0.795734
34	169	0.823805
34	175	0.832523
34	176	0.792043
34	180	0.759571
35	4	0.782771
35	6	0.885176
35	17	0.776476
35	26	0.873639
35	31	0.764341
35	41	0.7566
35	45	0.835083
35	51	0.818559
35	64	0.793095
35	70	0.865917
35	95	0.79421
35	131	2.13363
35	138	0.859952
35	167	2.91585
36	42	2.44607
36	81	0.858009
36	122	0.834481
36	129	0.845175
36	160	0.889702
36	163	0.832102
36	169	0.821926
36	171	0.848415
36	173	0.807537
36	174	0.798277
36	175	0.830643
36	176	0.790164
36	177	0.773728
36	180	0.757692
37	7	0.875083
37	22	0.884001
37	38	0.862083
37	42	0.86032
37	76	0.833905
37	77	0.953575
37	88	0.880463
37	93	0.92707
37	95	2.08808
37	103	0.492604
37	105	0.914016
37	117	0.899082
37	176	3.05604
37	179	0.913537
38	10	0.808731
38	22	0.793999
38	33	0.784411
38	37	0.862083
38	42	0.770319
38	48	0.840449
38	72	0.885229
38	76	0.743904
38	77	0.863573
38	88	0.790462
38	93	0.837069
38	140	2.10488
38	155	2.88728
38	179	0.823536
39	68	0.885567
39	101	0.882183
39	111	0.918166
39	112	0.908622
39	115	0.903378
39	116	0.906369
39	121	0.923924
39	129	1.91232
39	137	0.953064
39	148	0.958928
39	172	0.925136
39	174	2.3311
39	178	0.895221
40	20	1.4105
40	60	1.40828
40	96	1.01566
40	164	0.874247
40	165	0.862883
40	166	0.945343
40	168	0.847657
40	170	0.880821
40	171	0.917444
40	172	0.522831
40	174	0.867306
40	175	0.899672
40	176	0.859192
40	180	0.826721
41	4	0.774668
41	6	0.877072
41	14	0.872519
41	17	0.768373
41	26	0.865535
41	31	0.756238
41	35	0.7566
41	45	0.826979
41	51	0.810455
41	70	0.857814
41	95	0.786106
41	138	0.851848
41	142	2.67663
41	171	2.40329
42	5	0.802277
42	10	0.806969
42	22	0.792237
42	36	2.44607
42	37	0.86032
42	38	0.770319
42	48	0.838687
42	72	0.883467
42	76	0.742142
42	77	0.861811
42	88	0.7887
42	93	0.835307
42	140	2.16867
42	179	0.821774
43	50	1.49916
43	136	0.856957
43	148	0.956025
43	153	0.727044
43	161	0.914676
43	163	0.904889
43	165	0.866641
43	170	0.884579
43	171	0.921202
43	173	0.880324
43	174	0.871064
43	175	0.90343
43	176	0.86295
43	180	0.830479
44	1	0.812814
44	9	0.816231
44	20	0.790451
44	23	0.798579
44	32	0.695219
44	65	0.722813
44	69	0.780788
44	73	0.768972
44	89	0.725394
44	97	0.734991
44	98	0.721014
44	100	0.707079
44	103	4.4149
44	116	0.727302
45	4	0.85315
45	6	0.955555
45	14	0.951002
45	17	0.846855
45	26	0.944018
45	31	0.83472
45	35	0.835083
45	41	0.826979
45	51	0.888937
45	70	0.936296
45	132	2.75408
45	138	0.930331
45	173	1.38967
45	176	1.46996
46	1	0.883763
46	8	2.02356
46	9	0.88718
46	13	0.780906
46	23	0.869527
46	32	0.766168
46	65	0.793762
46	73	0.839921
46	82	2.53535
46	89	0.796343
46	90	0.807995
46	97	0.80594
46	98	0.791963
46	100	0.778028
47	11	1.08853
47	105	0.907126
47	116	1.49814
47	135	0.927855
47	154	0.900685
47	158	0.86874
47	162	1.08659
47	163	0.878212
47	166	0.922425
47	171	0.894525
47	173	0.853647
47	174	0.844387
47	175	0.876753
47	177	0.819838
47	180	0.803802
48	5	0.872407
48	7	0.85345
48	33	0.852779
48	38	0.840449
48	42	0.838687
48	72	0.953597
48	76	0.812272
48	77	0.931941
48	88	0.85883
48	93	0.905437
48	105	0.892382
48	142	2.045
48	154	1.99303
48	171	1.77166
48	179	0.891904
49	85	0.894303
49	111	0.879618
49	112	0.870074
49	115	0.864829
49	117	1.36219
49	146	0.890074
49	153	0.882117
49	156	0.869296
49	157	0.868292
49	160	0.860599
49	162	0.874805
49	167	1.88129
49	172	0.886588
49	176	2.55128
49	178	0.856672
50	8	1.08444
50	43	1.49916
50	99	0.85724
50	108	0.892685
50	119	0.895087
50	128	2.30049
50	136	0.869066
50	139	0.893936
50	146	0.887665
50	153	0.879707
50	156	0.866887
50	157	0.865883
50	159	0.859915
50	160	0.85819
50	162	0.872395
51	4	0.836626
51	6	0.939031
51	14	0.934478
51	26	0.927494
51	31	0.818196
51	35	0.818559
51	41	0.810455
51	45	0.888937
51	64	0.84695
51	70	0.919772
51	95	0.848064
51	135	1.18275
51	138	0.913807
51	152	2.66384
51	163	1.93367
52	1	0.936941
52	9	0.940358
52	20	0.914578
52	28	1.26055
52	32	0.819346
52	65	0.84694
52	69	0.904915
52	73	0.893099
52	89	0.849521
52	90	0.861174
52	97	0.859118
52	98	0.845141
52	100	0.831206
52	145	1.80264
52	173	2.39255
53	14	1.54617
53	22	1.50771
53	89	0.897115
53	126	0.954982
53	131	0.917984
53	145	0.882614
53	158	0.870324
53	161	0.889583
53	162	1.03328
53	165	0.841548
53	169	0.869619
53	173	0.85523
53	175	0.878336
53	176	0.837857
53	180	0.805385
54	74	0.868755
54	76	2.65725
54	111	0.984098
54	143	0.792805
54	150	0.822876
54	151	0.804919
54	153	0.839931
54	156	0.827111
54	159	0.820138
54	160	0.818413
54	162	0.832619
54	163	0.806407
54	164	0.779524
54	168	0.752934
54	180	0.731997
55	127	0.836419
55	143	0.809196
55	146	1.96862
55	147	0.822616
55	154	0.845272
55	155	0.811142
55	158	0.813327
55	163	0.822799
55	165	0.784551
55	171	0.839111
55	172	1.65495
55	175	0.821339
55	176	0.78086
55	177	0.764424
55	180	0.748388
56	16	0.839598
56	62	0.859993
56	64	0.852272
56	78	0.903168
56	84	1.87099
56	85	0.896299
56	101	0.84563
56	111	0.881613
56	116	0.869816
56	121	0.887371
56	137	0.916511
56	161	1.66267
56	172	0.888583
56	174	2.33305
56	178	0.858668
57	108	0.901922
57	109	0.852082
57	119	0.904323
57	136	0.878303
57	146	0.896902
57	156	0.876124
57	157	0.87512
57	159	0.869152
57	160	0.867426
57	162	0.881632
57	168	0.801947
57	169	1.95507
57	170	2.42331
57	171	1.42064
57	172	0.893415
58	108	1.26459
58	122	0.891621
58	153	1.46443
58	158	0.87977
58	164	0.862358
58	165	0.850994
58	168	0.835769
58	170	0.868933
58	171	0.905555
58	172	0.792263
58	173	0.864677
58	174	0.855417
58	175	0.887783
58	176	0.847303
58	177	0.830868
58	180	0.814832
59	24	0.887365
59	68	0.908793
59	78	0.962947
59	85	0.956077
59	101	0.905409
59	111	0.941392
59	112	0.931848
59	114	0.938329
59	115	0.926603
59	129	1.28649
59	137	0.976289
59	165	1.95429
59	168	2.57179
59	172	0.948362
59	178	0.918446
59	179	0.786057
60	40	1.40828
60	62	0.846855
60	65	0.852189
60	69	0.910164
60	73	0.898348
60	90	0.866422
60	97	0.864367
60	98	0.85039
60	100	0.836455
60	101	0.832492
60	111	0.868475
60	115	0.853686
60	158	2.29157
60	172	0.875445
60	178	0.84553
60	179	1.94541
61	101	1.71668
61	130	0.88063
61	138	0.715366
61	142	0.90362
61	143	0.845137
61	150	0.875208
61	152	0.828357
61	154	0.881213
61	157	1.35794
61	163	0.858739
61	164	0.831856
61	167	0.840487
61	170	0.83843
61	171	0.875052
61	175	0.85728
61	177	0.800365
61	180	0.784329
62	2	0.821283
62	16	0.816534
62	56	0.859993
62	60	0.846855
62	68	0.82595
62	78	0.880104
62	80	0.869532
62	84	1.33245
62	85	0.873235
62	111	0.858549
62	112	0.849005
62	114	0.855486
62	115	0.84376
62	144	2.17968
62	172	0.865519
62	177	2.93635
62	178	0.835604
63	132	0.754456
63	147	0.814106
63	151	0.8128
63	152	0.783906
63	154	0.836761
63	159	2.17032
63	160	2.03137
63	161	0.824075
63	164	0.787404
63	170	0.793978
63	171	0.830601
63	173	0.789723
63	174	0.780463
63	176	0.772349
63	177	0.755914
63	178	0.822367
63	180	0.739878
64	4	0.811163
64	16	0.808813
64	17	0.804867
64	26	0.90203
64	35	0.793095
64	51	0.84695
64	56	0.852272
64	70	0.894309
64	80	0.86181
64	106	2.67858
64	111	0.850828
64	133	1.91289
64	138	0.888343
64	140	0.901904
64	172	0.857798
64	175	1.87976
64	178	0.827882
65	1	0.937598
65	13	0.834741
65	29	0.8944
65	32	0.820003
65	44	0.722813
65	46	0.793762
65	52	0.84694
65	60	0.852189
65	69	0.905572
65	73	0.893756
65	90	0.86183
65	97	0.859775
65	98	0.845798
65	100	0.831863
65	137	1.84774
65	145	2.57323
65	147	2.04846
66	5	2.11059
66	102	0.685647
66	119	1.37792
66	124	0.893794
66	131	0.894212
66	141	0.866052
66	142	0.900904
66	150	0.872492
66	151	0.854535
66	154	0.878497
66	165	0.817776
66	170	0.835714
66	173	0.831458
66	174	0.822198
66	175	0.854564
66	177	0.797649
66	180	0.781613
67	92	1.23993
67	102	0.27503
67	125	0.76429
67	133	0.936747
67	136	1.05741
67	161	0.942343
67	164	0.905672
67	165	0.894308
67	166	0.976769
67	167	0.914303
67	170	0.912246
67	174	0.898731
67	175	0.931097
67	176	0.890617
67	177	0.874182
67	179	0.960991
67	180	0.858146
68	24	0.793544
68	39	0.885567
68	59	0.908793
68	62	0.82595
68	78	0.869125
68	80	0.858553
68	85	0.862256
68	101	0.811587
68	111	0.84757
68	114	0.844508
68	115	0.832782
68	120	1.7412
68	137	0.882468
68	169	2.33583
68	172	0.85454
68	175	2.30069
68	178	0.824625
69	1	0.995572
69	9	0.998989
69	29	0.952375
69	32	0.877978
69	44	0.780788
69	52	0.904915
69	60	0.910164
69	65	0.905572
69	73	0.951731
69	97	0.917749
69	98	0.903773
69	100	0.889838
69	116	0.91006
69	137	0.720834
69	145	1.44632
69	164	1.94317
69	168	2.84232
70	4	0.883985
70	6	0.98639
70	14	0.981837
70	17	0.87769
70	26	0.974853
70	31	0.865555
70	35	0.865917
70	41	0.857814
70	45	0.936296
70	51	0.919772
70	64	0.894309
70	95	0.895423
70	130	1.56304
70	135	1.08749
70	138	0.961166
70	141	1.67719
70	165	2.53337
71	11	0.905595
71	86	0.860553
71	102	0.863568
71	103	0.898376
71	109	0.812946
71	123	0.818147
71	125	0.861738
71	137	0.7674
71	149	0.856029
71	153	0.849808
71	156	0.836987
71	157	0.835983
71	159	0.830015
71	160	0.82829
71	162	0.842496
71	174	2.02236
71	180	3.70791
72	5	0.917187
72	7	0.89823
72	10	0.921879
72	33	0.897559
72	38	0.885229
72	42	0.883467
72	48	0.953597
72	76	0.857052
72	77	0.976721
72	82	0.413321
72	88	0.90361
72	93	0.950217
72	117	0.922228
72	132	3.66537
72	161	1.57016
72	166	1.16143
72	179	0.936684
73	20	0.961394
73	23	0.969521
73	29	0.940559
73	44	0.768972
73	46	0.839921
73	52	0.893099
73	60	0.898348
73	65	0.893756
73	69	0.951731
73	90	0.907989
73	97	0.905934
73	98	0.891957
73	100	0.878022
73	116	0.898245
73	122	1.85524
73	163	1.84376
73	167	1.76045
73	178	1.67391
74	54	0.868755
74	75	0.928624
74	92	0.90837
74	94	0.90301
74	121	0.917249
74	130	1.8566
74	133	2.09149
74	141	1.97075
74	148	1.20574
74	149	0.920213
74	153	0.913991
74	156	0.901171
74	157	0.900166
74	159	0.894198
74	160	0.892473
74	162	0.906679
74	168	0.826994
74	172	0.918462
75	15	0.955393
75	74	0.928624
75	91	0.908989
75	109	0.862939
75	119	0.91518
75	133	1.96561
75	135	1.25517
75	136	0.889159
75	146	0.907758
75	149	0.906022
75	153	0.899801
75	156	0.88698
75	157	0.885976
75	159	0.880008
75	160	0.878283
75	162	0.892489
75	171	1.4332
75	173	2.51247
76	5	0.775862
76	7	0.756905
76	10	0.780554
76	22	0.765822
76	33	0.756234
76	37	0.833905
76	38	0.743904
76	42	0.742142
76	48	0.812272
76	54	2.65725
76	72	0.857052
76	77	0.835396
76	88	0.762285
76	93	0.808892
76	105	0.795837
76	117	0.780903
76	150	3.1942
76	179	0.795359
77	7	0.876574
77	22	0.885492
77	33	0.875903
77	37	0.953575
77	38	0.863573
77	42	0.861811
77	48	0.931941
77	72	0.976721
77	76	0.835396
77	88	0.881954
77	93	0.928561
77	105	0.915506
77	117	0.900573
77	170	1.51518
77	173	1.59178
77	178	0.915542
77	179	0.915028
77	180	3.21689
78	2	0.864459
78	27	0.937057
78	56	0.903168
78	59	0.962947
78	62	0.880104
78	68	0.869125
78	101	0.865741
78	111	0.901724
78	112	0.89218
78	114	0.898662
78	115	0.886936
78	140	0.9528
78	161	0.893557
78	168	2.43045
78	172	0.908694
78	178	0.878779
78	179	0.64472
78	180	3.24948
79	89	1.21722
79	99	0.887989
79	125	0.922387
79	136	0.899815
79	139	0.924685
79	142	0.897765
79	146	0.918414
79	149	0.916678
79	153	0.910457
79	156	0.897636
79	157	0.896632
79	159	0.890664
79	160	0.888939
79	162	0.903145
79	168	0.823459
79	172	0.914928
79	176	1.78399
79	180	3.32881
80	16	0.849137
80	27	0.926484
80	62	0.869532
80	64	0.86181
80	68	0.858553
80	85	0.905838
80	101	0.855169
80	112	0.881608
80	114	0.888089
80	115	0.876363
80	120	1.41778
80	121	0.896909
80	137	0.92605
80	140	0.942228
80	143	2.38973
80	169	2.01241
80	172	0.898122
80	178	0.868206
80	179	1.57761
81	36	0.858009
81	109	2.12887
81	121	1.04909
81	128	0.883527
81	147	0.843845
81	155	0.83237
81	156	1.32754
81	158	0.834555
81	164	0.817143
81	166	0.888239
81	167	0.825774
81	170	0.823717
81	171	0.86034
81	173	0.819462
81	174	0.810201
81	175	0.842568
81	176	0.802088
81	177	0.785653
81	180	0.769616
82	14	1.21938
82	46	2.53535
82	72	0.413321
82	113	0.923825
82	116	1.11804
82	136	0.914427
82	153	0.925068
82	157	0.911243
82	159	0.905276
82	160	0.90355
82	162	0.917756
82	164	0.864661
82	169	0.881368
82	170	0.871235
82	171	0.907858
82	173	0.86698
82	176	0.849606
82	177	0.833171
82	180	0.817134
83	34	1.72048
83	92	0.888054
83	99	0.871208
83	107	0.859651
83	108	0.906652
83	125	0.905605
83	136	0.883033
83	140	1.0345
83	146	0.901632
83	149	0.899896
83	153	0.893675
83	156	0.880854
83	157	0.87985
83	159	0.873882
83	160	0.872157
83	162	0.886363
83	164	2.61074
83	171	1.62453
83	172	0.898146
84	56	1.87099
84	62	1.33245
84	111	2.06262
84	130	0.865632
84	141	0.85377
84	143	0.830139
84	151	0.842253
84	154	0.866215
84	155	0.832085
84	169	0.833565
84	170	0.823432
84	173	0.819177
84	174	0.809916
84	175	0.842283
84	176	0.801803
84	177	0.785368
84	178	0.851821
84	179	0.872177
84	180	0.769331
85	3	0.452538
85	24	0.840829
85	49	0.894303
85	56	0.896299
85	59	0.956077
85	62	0.873235
85	68	0.862256
85	80	0.905838
85	101	0.858872
85	112	0.885311
85	114	0.891792
85	115	0.880066
85	116	0.883057
85	121	0.900612
85	122	1.67668
85	151	1.91523
85	168	2.97766
85	172	0.901825
85	178	0.871909
86	71	0.860553
86	102	0.909672
86	104	0.916081
86	119	0.911291
86	120	1.03032
86	129	1.69059
86	136	0.885271
86	146	0.90387
86	149	0.902134
86	153	0.895912
86	156	0.883092
86	157	0.882088
86	159	0.87612
86	160	0.874394
86	162	0.8886
86	168	0.808915
86	172	0.900384
86	177	3.25122
86	178	1.49357
87	1	1.16023
87	127	0.90388
87	129	0.903332
87	135	0.939903
87	139	0.886502
87	148	0.941396
87	149	1.22299
87	153	1.15601
87	154	0.912733
87	161	0.900047
87	166	0.934472
87	167	0.872007
87	169	0.880083
87	170	0.86995
87	174	0.856434
87	175	0.8888
87	176	0.848321
87	177	0.831885
87	180	0.815849
88	5	0.822419
88	7	0.803463
88	10	0.827112
88	22	0.81238
88	33	0.802791
88	37	0.880463
88	38	0.790462
88	42	0.7887
88	48	0.85883
88	72	0.90361
88	76	0.762285
88	77	0.881954
88	93	0.85545
88	105	0.842395
88	117	0.827461
88	137	2.07703
88	150	2.32836
88	161	2.66161
88	179	0.841916
89	11	2.10959
89	23	0.925944
89	44	0.725394
89	46	0.796343
89	52	0.849521
89	53	0.897115
89	79	1.21722
89	90	0.864411
89	97	0.862356
89	98	0.848379
89	100	0.834444
89	120	0.888188
89	159	1.93407
89	165	0.797192
89	169	0.825263
89	171	0.851753
89	176	0.793501
89	177	0.777066
89	180	0.761029
90	1	0.951831
90	9	0.955248
90	20	0.929468
90	23	0.937596
90	29	0.908634
90	46	0.807995
90	52	0.861174
90	60	0.866422
90	65	0.86183
90	73	0.907989
90	89	0.864411
90	97	0.874008
90	98	0.860031
90	100	0.846096
90	103	0.451891
90	116	0.866319
90	135	1.9849
90	155	2.3553
90	158	2.6087
91	75	0.908989
91	94	0.883375
91	107	0.860332
91	113	0.893112
91	123	0.862695
91	134	1.05432
91	136	0.883714
91	139	0.908584
91	146	0.902313
91	149	0.900577
91	156	0.881535
91	157	0.880531
91	158	1.28161
91	159	0.874563
91	160	0.872838
91	162	0.887044
91	165	2.10369
91	172	0.898827
91	177	2.99652
92	67	1.23993
92	74	0.90837
92	83	0.888054
92	107	0.845523
92	110	0.878714
92	123	0.847885
92	125	0.891477
92	136	0.868905
92	139	0.893775
92	140	1.35491
92	146	0.887503
92	149	0.885768
92	153	0.879546
92	154	2.16631
92	156	0.866726
92	157	0.865721
92	159	0.859753
92	160	0.858028
92	162	0.872234
92	163	2.51783
93	5	0.869027
93	7	0.85007
93	10	0.873719
93	22	0.858987
93	33	0.849399
93	37	0.92707
93	38	0.837069
93	42	0.835307
93	48	0.905437
93	72	0.950217
93	76	0.808892
93	77	0.928561
93	88	0.85545
93	105	0.889002
93	117	0.874068
93	145	1.91329
93	154	1.6453
93	164	2.41014
93	178	1.82696
93	179	0.888524
94	12	0.835488
94	74	0.90301
94	91	0.883375
94	113	0.872943
94	119	0.889566
94	123	0.842526
94	125	0.886117
94	136	0.863545
94	140	1.25044
94	146	0.882144
94	149	0.880408
94	153	0.874187
94	156	0.861366
94	157	0.860362
94	159	0.854394
94	160	0.852669
94	162	0.866875
94	168	0.787189
94	171	1.84046
94	176	3.00002
94	179	1.94009
95	14	0.910129
95	17	0.805982
95	31	0.793847
95	35	0.79421
95	37	2.08808
95	41	0.786106
95	51	0.848064
95	70	0.895423
95	133	0.825109
95	138	0.889458
95	152	0.790536
95	153	1.8241
95	159	1.53289
95	166	0.86513
95	167	0.802665
95	173	0.796353
95	174	0.787092
95	175	0.819459
95	176	0.778979
95	177	0.762544
95	180	0.746507
96	31	1.82289
96	40	1.01566
96	100	1.03457
96	104	0.559406
96	109	0.982489
96	129	0.945725
96	147	0.93247
96	149	0.363981
96	152	0.90227
96	158	0.92318
96	164	0.905769
96	166	0.976865
96	167	0.9144
96	168	0.879179
96	169	0.922476
96	171	0.948965
96	173	0.908087
96	174	0.898827
96	176	0.890713
96	177	0.874278
96	180	0.858242
97	13	0.846918
97	20	0.927412
97	23	0.93554
97	29	0.906578
97	32	0.832181
97	44	0.734991
97	46	0.80594
97	52	0.859118
97	60	0.864367
97	65	0.859775
97	69	0.917749
97	73	0.905934
97	89	0.862356
97	90	0.874008
97	98	0.857976
97	100	0.844041
97	116	0.864263
97	147	1.36524
97	168	3.286
97	175	1.89993
97	179	1.50027
98	1	0.935799
98	9	0.939216
98	19	1.05896
98	20	0.913436
98	21	1.8123
98	23	0.921563
98	29	0.892601
98	44	0.721014
98	46	0.791963
98	52	0.845141
98	60	0.85039
98	65	0.845798
98	69	0.903773
98	73	0.891957
98	89	0.848379
98	90	0.860031
98	97	0.857976
98	100	0.830064
98	116	0.850287
98	147	2.14839
98	166	2.12353
99	50	0.85724
99	79	0.887989
99	83	0.871208
99	110	0.861868
99	113	0.861457
99	117	1.70764
99	119	0.878079
99	123	0.831039
99	125	0.874631
99	128	1.63305
99	136	0.852059
99	139	0.876929
99	149	0.868922
99	153	0.8627
99	156	0.84988
99	157	0.848875
99	159	0.842907
99	160	0.841182
99	162	0.855388
99	168	0.775703
99	173	2.81643
99	178	2.1402
100	1	0.921864
100	9	0.925281
100	13	0.819007
100	20	0.899501
100	23	0.907628
100	29	0.878666
100	32	0.804269
100	44	0.707079
100	46	0.778028
100	52	0.831206
100	60	0.836455
100	65	0.831863
100	69	0.889838
100	73	0.878022
100	89	0.834444
100	90	0.846096
100	96	1.03457
100	97	0.844041
100	98	0.830064
100	105	2.00777
100	116	0.836352
100	134	2.58855
100	179	2.46969
101	2	0.806921
101	16	0.802171
101	24	0.79016
101	27	0.879519
101	39	0.882183
101	56	0.84563
101	59	0.905409
101	60	0.832492
101	61	1.71668
101	68	0.811587
101	78	0.865741
101	80	0.855169
101	85	0.858872
101	111	0.844186
101	112	0.834642
101	114	0.841124
101	126	1.41954
101	137	0.879084
101	140	0.895262
101	158	2.22078
101	172	0.851157
101	173	2.85427
101	178	0.821241
102	66	0.685647
102	67	0.27503
102	71	0.863568
102	86	0.909672
102	106	2.27814
102	107	0.864903
102	113	0.897684
102	119	0.914306
102	123	0.867266
102	125	0.910858
102	136	0.888285
102	138	0.933943
102	139	0.913156
102	146	0.906884
102	149	0.905149
102	156	0.886107
102	157	0.885102
102	159	0.879134
102	160	0.877409
102	162	0.891615
102	172	0.903398
102	178	1.38307
102	180	3.68442
103	26	0.565634
103	37	0.492604
103	44	4.4149
103	71	0.898376
103	90	0.451891
103	112	0.608559
103	113	0.932492
103	118	0.836184
103	134	0.904855
103	146	0.941693
103	153	0.933736
103	157	0.919911
103	159	0.913943
103	160	0.912218
103	162	0.926424
103	163	0.900212
103	165	0.861964
103	167	0.88196
103	168	0.846739
103	171	0.916525
103	173	0.875647
103	174	0.866387
103	180	0.825802
104	86	0.916081
104	96	0.559406
104	107	0.871313
104	109	0.868474
104	113	0.904093
104	123	0.873675
104	126	1.53945
104	136	0.894695
104	138	0.940353
104	139	0.919565
104	146	0.913294
104	149	0.911558
104	153	0.905336
104	156	0.892516
104	157	0.891512
104	159	0.885544
104	160	0.883818
104	162	0.898024
104	166	1.83464
104	167	2.38448
104	168	0.818339
104	172	0.909807
104	178	2.29794
105	7	0.837015
105	10	0.860664
105	15	1.23172
105	37	0.914016
105	47	0.907126
105	48	0.892382
105	76	0.795837
105	77	0.915506
105	88	0.842395
105	93	0.889002
105	100	2.00777
105	109	1.95569
105	145	0.849852
105	146	0.911709
105	150	0.863502
105	152	0.816651
105	169	0.836857
105	173	0.822468
105	174	0.813208
105	176	0.805095
105	177	0.788659
105	179	0.875469
105	180	0.772623
106	29	1.94329
106	64	2.67858
106	102	2.27814
106	118	0.746098
106	131	0.848315
106	135	0.85977
106	137	0.876049
106	145	0.812945
106	152	0.779744
106	154	0.8326
106	155	0.79847
106	158	0.800655
106	164	0.783243
106	165	0.771879
106	166	0.854339
106	169	0.79995
106	170	0.789817
106	171	0.826439
106	173	0.785561
106	175	0.808667
106	177	0.751752
106	179	0.838562
106	180	0.735716
107	25	0.806897
107	83	0.859651
107	91	0.860332
107	92	0.845523
107	102	0.864903
107	104	0.871313
107	109	0.814282
107	118	4.12074
107	119	0.866523
107	123	0.819483
107	125	0.863074
107	127	1.59684
107	129	2.03011
107	139	0.865372
107	140	0.840025
107	146	0.859101
107	149	0.857365
107	153	0.851144
107	156	0.838323
107	157	0.837319
107	159	0.831351
107	160	0.829626
107	172	0.855615
108	50	0.892685
108	57	0.901922
108	58	1.26459
108	83	0.906652
108	109	0.861283
108	110	0.897313
108	121	0.901403
108	125	0.910075
108	136	0.887503
108	139	0.912373
108	146	0.906102
108	148	1.07933
108	149	0.904366
108	153	0.898145
108	156	0.885324
108	157	0.88432
108	159	0.878352
108	160	0.876627
108	162	0.890832
108	163	2.00556
108	170	2.43534
108	172	0.902616
108	178	1.8357
109	57	0.852082
109	71	0.812946
109	75	0.862939
109	81	2.12887
109	96	0.982489
109	104	0.868474
109	105	1.95569
109	107	0.814282
109	108	0.861283
109	110	0.847474
109	123	0.816644
109	136	0.837664
109	138	0.883322
109	146	0.856263
109	149	0.854527
109	153	0.848305
109	155	2.51036
109	156	0.835485
109	157	0.834481
109	159	0.828513
109	160	0.826788
109	162	0.840993
109	168	0.761308
109	172	0.852777
110	11	0.940123
110	13	0.852694
110	92	0.878714
110	99	0.861868
110	108	0.897313
110	109	0.847474
110	118	3.97926
110	119	0.899715
110	123	0.852675
110	128	1.18445
110	132	0.79098
110	136	0.873694
110	139	0.898564
110	140	0.698546
110	143	2.20031
110	146	0.892293
110	149	0.890557
110	153	0.884336
110	154	1.50994
110	156	0.871515
110	157	0.870511
110	159	0.864543
110	160	0.862818
110	162	0.877024
110	172	0.888807
111	2	0.842904
111	16	0.838154
111	24	0.826143
111	39	0.918166
111	49	0.879618
111	54	0.984098
111	56	0.881613
111	59	0.941392
111	60	0.868475
111	62	0.858549
111	64	0.850828
111	68	0.84757
111	78	0.901724
111	84	2.06262
111	101	0.844186
111	112	0.870625
111	114	0.877107
111	115	0.865381
111	135	1.32781
111	137	0.915067
111	140	0.931245
111	141	1.91751
111	170	2.50851
111	172	0.887139
111	178	0.857224
112	2	0.83336
112	16	0.82861
112	27	0.905958
112	39	0.908622
112	49	0.870074
112	59	0.931848
112	62	0.849005
112	78	0.89218
112	80	0.881608
112	85	0.885311
112	101	0.834642
112	103	0.608559
112	111	0.870625
112	114	0.867563
112	115	0.855837
112	116	0.858828
112	121	0.876383
112	122	2.3573
112	127	1.93972
112	137	0.905523
112	140	0.921701
112	155	1.96531
112	172	0.877595
112	175	2.27222
112	178	0.84768
113	12	0.845225
113	82	0.923825
113	91	0.893112
113	94	0.872943
113	99	0.861457
113	102	0.897684
113	103	0.932492
113	104	0.904093
113	123	0.852263
113	132	0.790568
113	137	1.34946
113	139	0.898153
113	146	0.891881
113	149	0.890145
113	150	1.60079
113	153	0.883924
113	157	0.870099
113	158	2.03136
113	159	0.864131
113	160	0.862406
113	162	0.876612
113	163	2.15847
113	164	2.57179
113	168	0.796927
113	172	0.888395
114	2	0.839841
114	16	0.835092
114	24	0.82308
114	27	0.912439
114	59	0.938329
114	62	0.855486
114	68	0.844508
114	78	0.898662
114	80	0.888089
114	85	0.891792
114	101	0.841124
114	111	0.877107
114	112	0.867563
114	115	0.862318
114	116	0.865309
114	121	0.882864
114	124	1.38059
114	126	1.05097
114	137	0.912004
114	140	0.928183
114	151	2.22934
114	161	1.75489
114	168	3.29178
114	172	0.884077
114	178	0.854161
115	2	0.828115
115	3	0.761634
115	16	0.823366
115	19	0.27657
115	24	0.811354
115	27	0.900713
115	39	0.903378
115	49	0.864829
115	59	0.926603
115	60	0.853686
115	62	0.84376
115	68	0.832782
115	78	0.886936
115	80	0.876363
115	85	0.880066
115	111	0.865381
115	112	0.855837
115	114	0.862318
115	116	0.853583
115	137	0.900278
115	140	0.916457
115	165	2.66926
115	166	1.34114
115	172	0.872351
115	178	0.842435
115	180	4.10578
116	20	0.919723
116	23	0.927851
116	24	0.814346
116	27	0.903704
116	29	0.898889
116	32	0.824492
116	39	0.906369
116	44	0.727302
116	47	1.49814
116	56	0.869816
116	69	0.91006
116	73	0.898245
116	82	1.11804
116	85	0.883057
116	90	0.866319
116	97	0.864263
116	98	0.850287
116	100	0.836352
116	112	0.858828
116	114	0.865309
116	115	0.853583
116	122	2.51078
116	171	1.92641
116	172	0.875342
116	178	0.845426
116	179	2.02604
117	21	0.856787
117	22	0.830999
117	26	2.52164
117	33	0.82141
117	37	0.899082
117	49	1.36219
117	72	0.922228
117	76	0.780903
117	77	0.900573
117	88	0.827461
117	93	0.874068
117	99	1.70764
117	134	0.836743
117	143	0.818498
117	156	1.48713
117	161	0.841887
117	164	0.805216
117	167	0.813847
117	173	0.807535
117	174	0.798275
117	175	0.830641
117	177	0.773726
117	178	0.840179
117	179	0.860535
117	180	0.75769
118	28	0.791318
118	103	0.836184
118	106	0.746098
118	107	4.12074
118	110	3.97926
118	124	0.791862
118	128	0.793592
118	129	0.767165
118	131	0.792281
118	142	0.798972
118	145	0.75691
118	148	0.805228
118	151	0.752603
118	152	0.72371
118	154	0.776565
118	155	0.742435
118	163	0.754092
118	167	0.735839
118	169	0.743915
118	170	0.733782
118	171	0.770405
118	173	0.729527
118	174	0.720266
118	175	0.752632
118	176	0.712153
118	177	0.695718
118	180	0.679681
119	3	1.03254
119	15	0.956139
119	50	0.895087
119	57	0.904323
119	66	1.37792
119	75	0.91518
119	86	0.911291
119	94	0.889566
119	99	0.878079
119	102	0.914306
119	107	0.866523
119	110	0.899715
119	125	0.912477
119	136	0.889905
119	137	1.43618
119	139	0.914775
119	146	0.908504
119	149	0.906768
119	156	0.887726
119	157	0.886722
119	159	0.880754
119	160	0.879028
119	162	0.893234
119	166	1.61204
119	169	2.20673
119	172	0.905018
119	175	2.17159
120	68	1.7412
120	80	1.41778
120	86	1.03032
120	89	0.888188
120	132	0.811036
120	134	0.875511
120	136	1.7022
120	137	0.93679
120	144	0.832475
120	145	0.873687
120	147	0.870686
120	151	0.86938
120	154	0.893341
120	155	0.859212
120	157	1.35605
120	161	0.880655
120	165	0.83262
120	166	0.915081
120	167	0.852615
120	168	0.817395
120	169	0.860692
120	173	0.846303
120	175	0.869409
120	176	0.828929
120	177	0.812494
120	178	0.878947
120	180	0.796458
121	27	0.921259
121	34	1.33415
121	39	0.923924
121	56	0.887371
121	74	0.917249
121	80	0.896909
121	81	1.04909
121	85	0.900612
121	108	0.901403
121	112	0.876383
121	114	0.882864
121	137	0.920824
121	138	0.923442
121	140	0.937003
121	149	0.894647
121	152	2.54126
121	153	0.888426
121	156	0.875605
121	157	0.874601
121	159	0.868633
121	160	0.866908
121	162	0.881114
121	166	1.17794
121	168	0.801428
121	169	1.77263
121	170	2.24087
121	172	0.892897
121	178	0.862981
122	36	0.834481
122	58	0.891621
122	73	1.85524
122	85	1.67668
122	112	2.3573
122	116	2.51078
122	129	0.833572
122	132	0.760667
122	141	0.830527
122	142	0.865379
122	143	0.806896
122	145	0.823317
122	147	0.820317
122	155	0.808842
122	158	0.811027
122	161	0.830286
122	166	0.864711
122	167	0.802246
122	169	0.810322
122	170	0.800189
122	171	0.836812
122	174	0.786674
122	175	0.81904
122	176	0.77856
122	177	0.762125
122	178	0.828578
122	179	0.848934
122	180	0.746089
123	25	0.809259
123	71	0.818147
123	91	0.862695
123	92	0.847885
123	94	0.842526
123	99	0.831039
123	102	0.867266
123	104	0.873675
123	107	0.819483
123	109	0.816644
123	110	0.852675
123	113	0.852263
123	125	0.865437
123	128	1.75842
123	134	2.08103
123	136	0.842865
123	139	0.867735
123	141	2.27422
123	146	0.861464
123	149	0.859728
123	153	0.853506
123	156	0.840686
123	157	0.839681
123	159	0.833713
123	160	0.831988
123	162	0.846194
123	166	1.80228
123	172	0.857977
123	174	2.88138
124	18	0.798611
124	34	0.871752
124	66	0.893794
124	114	1.38059
124	118	0.791862
124	126	0.931077
124	139	1.33716
124	143	0.842288
124	144	0.817497
124	147	0.855708
124	149	1.67365
124	150	0.872359
124	151	0.854402
124	157	1.39043
124	158	0.846418
124	160	1.1765
124	163	0.85589
124	164	0.829007
124	166	0.900103
124	169	0.845714
124	170	0.835581
124	171	0.872203
124	173	0.831325
124	174	0.822065
124	175	0.854431
124	176	0.813952
124	177	0.797516
124	179	0.884325
124	180	0.78148
125	25	0.852851
125	67	0.76429
125	71	0.861738
125	79	0.922387
125	83	0.905605
125	92	0.891477
125	94	0.886117
125	99	0.874631
125	102	0.910858
125	107	0.863074
125	108	0.910075
125	119	0.912477
125	123	0.865437
125	132	0.803742
125	139	0.911327
125	144	2.87332
125	146	0.905055
125	153	0.897098
125	154	1.69067
125	155	1.66167
125	156	0.884277
125	157	0.883273
125	159	0.877305
125	160	0.87558
125	162	0.889786
125	167	1.95887
125	168	0.810101
125	172	0.901569
125	178	1.87233
126	53	0.954982
126	101	1.41954
126	104	1.53945
126	114	1.05097
126	124	0.931077
126	127	0.906927
126	132	0.833475
126	141	0.903335
126	143	0.879704
126	147	0.893124
126	152	0.862924
126	153	1.27704
126	154	0.91578
126	155	0.88165
126	158	0.883835
126	159	0.985826
126	162	1.15941
126	163	0.893307
126	165	0.855059
126	167	0.875054
126	170	0.872997
126	171	0.909619
126	173	0.868741
126	174	0.859481
126	175	0.891847
126	176	0.851368
126	177	0.834932
126	179	0.921742
126	180	0.818896
127	1	1.8035
127	19	0.934828
127	30	0.860677
127	55	0.836419
127	87	0.90388
127	107	1.59684
127	112	1.93972
127	126	0.906927
127	130	0.853631
127	134	0.836383
127	141	0.841769
127	148	0.882876
127	150	0.848209
127	161	0.841527
127	162	1.68165
127	163	0.83174
127	164	0.804856
127	166	0.875953
127	167	0.813487
127	169	0.821564
127	171	0.848053
127	172	1.12712
127	173	0.807175
127	174	0.797915
127	175	0.830281
127	176	0.789801
127	177	0.773366
127	178	0.839819
127	179	0.860175
127	180	0.75733
128	50	2.30049
128	81	0.883527
128	99	1.63305
128	110	1.18445
128	118	0.793592
128	123	1.75842
128	135	0.907264
128	143	0.844018
128	144	0.819228
128	145	0.860439
128	147	0.857439
128	150	0.874089
128	151	0.856133
128	152	0.827239
128	155	0.845964
128	161	0.867408
128	162	1.41075
128	163	0.857621
128	164	0.830737
128	165	0.819373
128	166	0.901833
128	169	0.847444
128	170	0.837311
128	171	0.873934
128	173	0.833056
128	176	0.815682
128	177	0.799247
128	178	0.8657
128	180	0.783211
129	8	0.869362
129	19	0.934281
129	36	0.845175
129	39	1.91232
129	59	1.28649
129	86	1.69059
129	87	0.903332
129	96	0.945725
129	107	2.03011
129	118	0.767165
129	122	0.833572
129	142	0.876073
129	144	0.7928
129	148	0.882329
129	152	0.800811
129	158	0.821721
129	159	1.94134
129	161	0.84098
129	164	0.804309
129	165	0.792945
129	166	0.875406
129	167	0.81294
129	171	0.847506
129	173	0.806628
129	174	0.797368
129	175	0.829734
129	176	0.789254
129	177	0.772819
129	178	0.839272
129	179	0.859628
129	180	0.756783
130	4	2.22515
130	61	0.88063
130	70	1.56304
130	74	1.8566
130	84	0.865632
130	127	0.853631
130	133	0.844202
130	134	0.844654
130	141	0.850039
130	144	0.801618
130	145	0.842829
130	151	0.838522
130	152	0.809629
130	158	0.830539
130	160	1.49985
130	161	0.849798
130	163	0.840011
130	164	0.813127
130	166	0.884223
130	167	0.821758
130	169	0.829834
130	170	0.819701
130	171	0.856323
130	172	1.25786
130	173	0.815445
130	174	0.806185
130	175	0.838551
130	177	0.781636
130	178	0.84809
130	179	0.868446
130	180	0.7656
131	35	2.13363
131	53	0.917984
131	66	0.894212
131	106	0.848315
131	118	0.792281
131	133	0.8605
131	135	0.905952
131	141	0.866338
131	144	0.817916
131	145	0.859127
131	146	0.98136
131	148	0.907445
131	149	1.40683
131	152	0.825927
131	155	0.844653
131	156	1.22401
131	157	1.12362
131	161	0.866096
131	162	1.22222
131	164	0.829425
131	165	0.818061
131	166	0.900521
131	167	0.838056
131	169	0.846132
131	170	0.835999
131	171	0.872622
131	173	0.831744
131	174	0.822484
131	175	0.85485
131	176	0.81437
131	177	0.797935
131	178	0.864388
131	179	0.884744
131	180	0.781899
132	10	3.48054
132	45	2.75408
132	63	0.754456
132	72	3.66537
132	110	0.79098
132	113	0.790568
132	120	0.811036
132	122	0.760667
132	125	0.803742
132	126	0.833475
132	133	0.762479
132	136	0.78117
132	138	0.826828
132	139	0.80604
132	143	0.744686
132	149	0.798033
132	154	0.780761
132	156	0.778991
132	157	0.777987
132	158	0.748816
132	159	0.772019
132	160	0.770294
132	162	0.7845
132	163	0.758288
132	166	0.802501
132	168	0.704815
132	170	0.737979
132	171	0.774601
132	172	0.796283
132	173	0.733723
132	174	0.724463
132	177	0.699914
132	180	0.683878
133	18	0.765031
133	32	1.58618
133	64	1.91289
133	67	0.936747
133	74	2.09149
133	75	1.96561
133	95	0.825109
133	130	0.844202
133	131	0.8605
133	132	0.762479
133	134	0.826954
133	141	0.83234
133	142	0.867192
133	147	0.822129
133	148	0.873447
133	149	2.23189
133	150	0.83878
133	152	0.791929
133	154	0.844784
133	155	0.810655
133	161	0.832098
133	164	0.795427
133	166	0.866524
133	168	0.768837
133	169	0.812135
133	170	0.802001
133	171	0.838624
133	174	0.788486
133	175	0.820852
133	176	0.780372
133	177	0.763937
133	178	0.83039
133	179	0.850746
133	180	0.747901
134	91	1.05432
134	100	2.58855
134	103	0.904855
134	117	0.836743
134	120	0.875511
134	123	2.08103
134	127	0.836383
134	130	0.844654
134	133	0.826954
134	135	0.872406
134	141	0.832792
134	144	0.78437
134	147	0.822581
134	148	0.873899
134	149	1.91797
134	154	0.845236
134	155	0.811107
134	162	1.73336
134	163	0.822763
134	164	0.795879
134	165	0.784515
134	166	0.866976
134	167	0.80451
134	168	0.76929
134	169	0.812587
134	170	0.802454
134	171	0.839076
134	173	0.798198
134	174	0.788938
134	175	0.821304
134	176	0.780824
134	177	0.764389
134	178	0.830842
134	180	0.748353
135	24	2.29961
135	34	0.883625
135	47	0.927855
135	51	1.18275
135	70	1.08749
135	75	1.25517
135	87	0.939903
135	90	1.9849
135	106	0.85977
135	111	1.32781
135	128	0.907264
135	131	0.905952
135	134	0.872406
135	141	0.877792
135	144	0.82937
135	148	0.9189
135	154	0.890236
135	155	0.856107
135	157	1.23824
135	158	0.858291
135	161	0.87755
135	163	0.867763
135	165	0.829516
135	166	0.911976
135	167	0.849511
135	169	0.857587
135	170	0.847454
135	171	0.884076
135	173	0.843198
135	174	0.833938
135	175	0.866304
135	176	0.825825
135	177	0.809389
135	178	0.875842
135	179	0.896198
135	180	0.793353
136	28	1.70968
136	43	0.856957
136	50	0.869066
136	57	0.878303
136	67	1.05741
136	75	0.889159
136	79	0.899815
136	82	0.914427
136	83	0.883033
136	86	0.885271
136	91	0.883714
136	92	0.868905
136	94	0.863545
136	99	0.852059
136	102	0.888285
136	104	0.894695
136	108	0.887503
136	109	0.837664
136	110	0.873694
136	119	0.889905
136	120	1.7022
136	123	0.842865
136	132	0.78117
136	139	0.888754
136	146	0.882483
136	149	0.880747
136	153	0.874526
136	156	0.861705
136	157	0.860701
136	159	0.854733
136	160	0.853008
136	162	0.867214
136	166	1.70215
136	168	0.787529
