1	37	1.15725
1	38	1.26308
1	69	1.16461
1	70	1.16676
1	82	1.22211
1	84	1.19754
1	95	1.25934
1	145	0.740976
1	157	0.491043
1	160	1.17765
1	178	0.686689
1	179	0.94142
2	3	1.11005
2	9	1.29265
2	13	1.19469
2	23	1.23619
2	25	1.09187
2	43	1.1518
2	44	1.28287
2	47	1.23286
2	129	0.609557
2	161	0.757094
2	164	0.866941
2	169	0.631187
3	2	1.11005
3	9	1.13131
3	12	1.0779
3	23	1.07485
3	25	0.93054
3	29	1.0731
3	43	0.990465
3	44	1.12154
3	47	1.07153
3	163	0.724793
3	168	0.848701
3	177	1.20108
4	9	1.1398
4	12	1.08639
4	13	1.04184
4	23	1.08334
4	25	0.939029
4	29	1.08159
4	43	0.998955
4	44	1.13003
4	47	1.08002
4	100	0.841393
4	157	0.91954
4	163	0.996894
5	54	0.722862
5	80	1.13265
5	89	1.16934
5	92	1.17396
5	99	1.20678
5	102	1.20713
5	103	1.20745
5	105	1.26103
5	136	0.561191
5	147	0.852011
5	158	1.22379
5	160	0.749349
6	10	0.680106
6	37	1.0583
6	67	1.09898
6	69	1.06567
6	70	1.06781
6	75	1.17408
6	84	1.09859
6	95	1.16039
6	135	1.03567
6	147	0.843274
6	160	1.0787
7	67	1.18941
7	69	1.1561
7	70	1.15825
7	75	1.26451
7	82	1.21359
7	84	1.18903
7	95	1.25082
7	111	0.78312
7	160	1.16913
7	162	0.782136
7	165	0.626466
7	169	0.682064
8	17	0.953745
8	22	1.1262
8	24	1.08365
8	30	1.03458
8	32	1.04162
8	41	1.10948
8	46	1.08012
8	52	1.07981
8	86	0.815334
8	120	0.942323
8	154	1.14877
8	168	1.01197
9	2	1.29265
9	3	1.13131
9	4	1.1398
9	13	1.21595
9	25	1.11314
9	29	1.2557
9	43	1.17307
9	47	1.25413
9	163	0.606121
9	172	0.676255
9	175	0.867626
9	178	0.724413
10	6	0.680106
10	95	0.705589
10	134	1.1275
10	138	1.13395
10	153	0.767018
10	155	1.17402
10	173	1.05121
10	174	1.03017
10	175	1.04098
10	177	1.00596
10	179	1.01323
10	180	1.01989
11	79	0.458677
11	83	0.484694
11	96	0.485147
11	127	1.31077
11	132	1.31389
11	159	0.524098
11	162	1.22043
11	169	1.25573
11	175	1.14347
11	177	1.10845
11	179	1.11573
11	180	1.12238
12	3	1.0779
12	4	1.08639
12	13	1.16254
12	23	1.20404
12	25	1.05973
12	29	1.20228
12	43	1.11965
12	44	1.25072
12	47	1.20071
12	93	0.702534
12	118	0.639065
12	173	0.900575
12	178	0.841164
13	2	1.19469
13	4	1.04184
13	9	1.21595
13	12	1.16254
13	23	1.15949
13	29	1.15774
13	43	1.0751
13	44	1.20618
13	47	1.15617
13	124	0.77672
13	157	0.524601
13	170	0.783955
13	179	0.974977
14	33	0.57631
14	40	0.693716
14	50	1.01686
14	53	1.11532
14	56	1.18666
14	58	1.18638
14	71	1.25381
14	108	1.29799
14	145	1.10097
14	157	0.818696
14	166	1.11995
14	168	1.1411
14	172	0.966185
15	26	1.16486
15	35	1.1096
15	51	1.16882
15	61	1.24742
15	63	1.12202
15	64	1.12098
15	66	1.12004
15	68	1.19188
15	109	1.22705
15	147	0.906732
15	160	0.804069
15	165	0.60332
15	178	0.770044
16	21	0.560233
16	76	0.569373
16	130	0.445428
16	143	1.14422
16	144	0.5432
16	150	1.18161
16	165	1.25327
16	169	1.22091
16	172	1.17071
16	173	1.11889
16	176	1.12089
16	179	1.08091
16	180	1.08756
17	8	0.953745
17	22	1.10642
17	24	1.06386
17	30	1.01479
17	32	1.02183
17	34	1.0039
17	46	1.06033
17	52	1.06003
17	90	1.03367
17	125	0.823367
17	154	1.12898
17	171	1.10674
17	178	1.02347
18	45	1.09686
18	49	1.18043
18	65	1.145
18	73	1.21583
18	76	1.11413
18	78	1.18053
18	81	1.1803
18	86	0.706049
18	129	0.764312
18	130	1.19634
18	134	0.867421
18	136	0.742935
18	139	1.12768
19	83	1.14757
19	87	1.14656
19	89	1.11598
19	92	1.1206
19	96	1.18211
19	99	1.15343
19	102	1.15378
19	103	1.15409
19	105	1.20767
19	112	0.77735
19	162	0.711656
19	171	0.805977
19	176	0.791874
20	42	1.20834
20	45	1.09328
20	65	1.14142
20	73	1.21224
20	76	1.11055
20	78	1.17695
20	81	1.17672
20	93	0.628577
20	120	0.703177
20	125	1.20283
20	139	1.1241
20	160	0.801232
20	174	0.965494
21	16	0.560233
21	45	1.09726
21	49	1.18082
21	65	1.14539
21	76	1.11453
21	78	1.18093
21	81	1.1807
21	110	0.708642
21	125	1.2068
21	130	1.19673
21	139	1.12808
21	162	0.838305
21	178	0.849359
22	8	1.1262
22	17	1.10642
22	30	1.18725
22	34	1.17636
22	41	1.26216
22	46	1.23279
22	52	1.23249
22	111	0.819517
22	127	0.599972
22	139	0.778119
22	154	1.30144
22	165	0.662863
23	2	1.23619
23	3	1.07485
23	4	1.08334
23	12	1.20404
23	13	1.15949
23	25	1.05668
23	43	1.11661
23	44	1.24768
23	47	1.19767
23	109	0.668587
23	125	0.687885
23	163	0.769699
23	173	0.947402
24	8	1.08365
24	17	1.06386
24	30	1.14469
24	32	1.15173
24	34	1.1338
24	41	1.2196
24	46	1.19023
24	52	1.18993
24	154	1.25888
24	162	0.740585
24	164	0.876268
24	169	0.640513
24	170	0.815348
25	2	1.09187
25	3	0.93054
25	4	0.939029
25	9	1.11314
25	12	1.05973
25	23	1.05668
25	29	1.05492
25	43	0.972291
25	44	1.10336
25	47	1.05336
25	140	1.05028
25	177	1.02349
25	180	0.905348
26	15	1.16486
26	35	1.11326
26	51	1.17248
26	61	1.25108
26	63	1.12568
26	64	1.12464
26	66	1.1237
26	68	1.19554
26	104	1.20446
26	132	0.627686
26	167	0.76404
26	172	0.813435
26	178	0.861593
27	29	1.24053
27	51	1.11959
27	88	1.01296
27	134	0.974605
27	157	1.04353
27	163	1.00551
27	167	1.00435
27	172	0.950131
27	175	0.888077
27	177	0.853057
27	178	0.932991
27	179	0.860333
27	180	0.866989
28	40	0.458492
28	50	1.03922
28	53	1.13768
28	55	1.20254
28	56	1.20902
28	58	1.20875
28	59	1.20153
28	60	0.830213
28	124	0.835591
28	145	1.12334
28	164	0.903746
28	166	1.14232
28	168	1.16347
29	3	1.0731
29	4	1.08159
29	9	1.2557
29	12	1.20228
29	13	1.15774
29	25	1.05492
29	27	1.24053
29	43	1.11485
29	44	1.24592
29	47	1.19591
29	60	0.616983
29	86	0.374869
29	164	0.690516
30	8	1.03458
30	17	1.01479
30	22	1.18725
30	24	1.14469
30	32	1.10267
30	34	1.08474
30	41	1.17053
30	46	1.14117
30	52	1.14086
30	154	1.20981
30	169	0.674409
30	173	0.844946
30	174	0.983821
30	178	0.785535
31	37	1.17469
31	38	1.28052
31	70	1.1842
31	75	1.29046
31	82	1.23955
31	84	1.21498
31	95	1.27678
31	108	1.35086
31	154	0.459908
31	155	0.537124
31	160	1.19509
31	163	0.558407
31	179	0.931429
31	180	0.916558
32	8	1.04162
32	17	1.02183
32	24	1.15173
32	30	1.10267
32	34	1.09178
32	41	1.17757
32	46	1.14821
32	52	1.1479
32	90	1.12154
32	129	0.700952
32	154	1.21685
32	163	0.715416
32	166	0.831413
32	174	1.03199
33	14	0.57631
33	62	1.34535
33	66	0.461275
33	74	0.491311
33	106	1.27767
33	126	0.453857
33	140	1.18742
33	152	0.358274
33	161	1.27407
33	162	1.29558
33	174	1.20782
33	176	1.23087
33	179	1.19088
33	180	1.19754
34	17	1.0039
34	22	1.17636
34	24	1.1338
34	30	1.08474
34	32	1.09178
34	41	1.15964
34	46	1.13028
34	52	1.12997
34	90	1.10362
34	120	0.81878
34	154	1.19892
34	158	0.794628
34	161	0.897592
34	169	0.771684
35	15	1.1096
35	26	1.11326
35	40	1.22909
35	51	1.11722
35	61	1.19582
35	63	1.07042
35	64	1.06938
35	66	1.06844
35	68	1.14028
35	91	0.523513
35	104	1.1492
35	132	0.55884
35	151	1.16621
35	180	1.03261
36	65	0.525127
36	103	0.561792
36	107	0.491485
36	108	0.379514
36	118	1.30175
36	124	1.21244
36	125	1.29737
36	146	0.506702
36	150	1.22023
36	166	1.19223
36	169	1.25952
36	173	1.1575
36	177	1.11224
36	179	1.11952
36	180	1.12618
37	1	1.15725
37	6	1.0583
37	31	1.17469
37	67	1.06563
37	69	1.03232
37	70	1.03446
37	75	1.14073
37	82	1.08981
37	84	1.06524
37	95	1.12704
37	106	0.841911
37	145	0.982026
37	160	1.04535
37	165	0.761016
37	172	0.879582
38	1	1.26308
38	31	1.28052
38	67	1.17146
38	69	1.13815
38	70	1.14029
38	75	1.24656
38	82	1.19564
38	84	1.17108
38	95	1.23287
38	122	0.53979
38	125	0.530394
38	138	0.669483
38	143	0.854153
38	160	1.15118
38	179	0.98523
39	74	1.04793
39	79	1.11303
39	83	1.08162
39	87	1.0806
39	92	1.05464
39	96	1.11615
39	99	1.08747
39	102	1.08782
39	103	1.08813
39	104	0.685143
39	105	1.14171
39	158	1.10447
39	166	0.884681
39	175	1.03019
39	178	0.886976
40	14	0.693716
40	28	0.458492
40	35	1.22909
40	58	0.493463
40	63	1.24152
40	64	1.24048
40	66	1.23953
40	68	1.31137
40	76	0.537873
40	135	1.1323
40	149	0.438952
40	172	1.22779
40	177	1.13071
40	179	1.13799
40	180	1.14464
41	8	1.10948
41	22	1.26216
41	24	1.2196
41	30	1.17053
41	32	1.17757
41	34	1.15964
41	46	1.21607
41	52	1.21577
41	88	0.531987
41	90	1.18941
41	112	0.739468
41	154	1.28472
41	171	0.768095
41	174	0.883115
41	178	0.684829
42	20	1.20834
42	49	1.21102
42	65	1.17559
42	73	1.24642
42	76	1.14472
42	78	1.21113
42	81	1.21089
42	125	1.237
42	130	1.22693
42	139	1.15827
42	163	0.618656
42	165	0.570224
42	173	0.796359
42	175	0.880161
42	178	0.736948
43	2	1.1518
43	3	0.990465
43	4	0.998955
43	9	1.17307
43	12	1.11965
43	13	1.0751
43	23	1.11661
43	25	0.972291
43	29	1.11485
43	44	1.16329
43	47	1.11328
43	122	0.690445
43	166	0.87886
43	170	0.944863
43	171	0.964422
44	2	1.28287
44	3	1.12154
44	4	1.13003
44	12	1.25072
44	13	1.20618
44	23	1.24768
44	25	1.10336
44	29	1.24592
44	43	1.16329
44	47	1.24435
44	93	0.659611
44	134	0.768595
44	165	0.631517
44	169	0.687115
44	173	0.857652
45	18	1.09686
45	20	1.09328
45	21	1.09726
45	49	1.09595
45	65	1.06053
45	73	1.13135
45	76	1.02966
45	78	1.09606
45	81	1.09583
45	125	1.12194
45	130	1.11187
45	154	0.800997
45	157	0.822142
45	158	0.929606
45	167	0.920236
46	8	1.08012
46	17	1.06033
46	22	1.23279
46	24	1.19023
46	30	1.14117
46	32	1.14821
46	34	1.13028
46	41	1.21607
46	52	1.1864
46	90	1.16005
46	151	1.05889
46	154	1.25535
46	168	0.691043
46	169	0.574301
46	173	0.744838
46	176	0.75459
47	2	1.23286
47	3	1.07153
47	4	1.08002
47	9	1.25413
47	12	1.20071
47	13	1.15617
47	23	1.19767
47	25	1.05336
47	29	1.19591
47	43	1.11328
47	44	1.24435
47	139	0.584768
47	151	1.0097
47	167	0.538684
47	170	0.699945
47	177	0.994233
48	50	1.02173
48	53	1.12018
48	55	1.18504
48	56	1.19152
48	58	1.19125
48	59	1.18403
48	71	1.25868
48	108	1.30286
48	110	0.720731
48	119	0.721529
48	122	0.670739
48	145	1.10584
48	162	0.850394
48	166	1.12482
48	168	1.14597
48	172	0.813291
49	18	1.18043
49	21	1.18082
49	42	1.21102
49	45	1.09595
49	65	1.14409
49	73	1.21492
49	76	1.11322
49	78	1.17963
49	81	1.1794
49	94	0.759333
49	104	0.554944
49	130	1.19543
49	139	1.12678
49	167	0.659224
49	173	0.816188
49	179	1.01151
50	14	1.01686
50	28	1.03922
50	48	1.02173
50	53	0.913471
50	55	0.978331
50	56	0.984811
50	58	0.984538
50	59	0.97732
50	71	1.05196
50	108	1.09615
50	145	0.899126
50	155	1.03033
50	166	0.918109
50	168	0.939258
50	173	1.22932
50	175	1.31312
51	15	1.16882
51	26	1.17248
51	27	1.11959
51	35	1.11722
51	61	1.25504
51	63	1.12964
51	64	1.12861
51	66	1.12766
51	68	1.1995
51	94	1.10686
51	104	1.20842
51	109	1.23467
51	136	0.290816
51	151	0.818408
51	177	0.802945
51	180	0.684808
52	8	1.07981
52	17	1.06003
52	22	1.23249
52	24	1.18993
52	30	1.14086
52	32	1.1479
52	34	1.12997
52	41	1.21577
52	46	1.1864
52	90	1.15974
52	97	0.628372
52	120	0.701644
52	154	1.25505
52	155	0.626098
52	164	0.890302
52	174	0.96396
53	14	1.11532
53	28	1.13768
53	48	1.12018
53	50	0.913471
53	55	1.07679
53	56	1.08327
53	58	1.083
53	59	1.07578
53	71	1.15042
53	112	0.915084
53	145	0.997586
53	164	0.985073
53	166	1.01657
53	168	1.03772
53	173	0.919855
53	178	0.860444
54	5	0.722862
54	84	0.797112
54	92	0.843055
54	108	0.690152
54	135	0.97256
54	143	1.04156
54	148	1.09866
54	152	1.08872
54	153	1.11695
54	156	1.11846
54	159	1.1186
54	175	1.00599
54	176	1.01824
54	177	0.970975
54	178	1.05091
54	179	0.978251
54	180	0.984907
55	28	1.20254
55	48	1.18504
55	50	0.978331
55	53	1.07679
55	56	1.14813
55	58	1.14786
55	59	1.14064
55	71	1.21528
55	90	0.731312
55	108	1.25947
55	127	0.740146
55	145	1.06245
55	157	0.774115
55	166	1.08143
55	167	0.872209
55	168	1.10258
55	169	0.858635
56	14	1.18666
56	28	1.20902
56	48	1.19152
56	50	0.984811
56	53	1.08327
56	55	1.14813
56	58	1.15434
56	59	1.14712
56	71	1.22176
56	127	0.603969
56	145	1.06893
56	147	0.970272
56	150	0.764045
56	158	0.745402
56	166	1.08791
56	168	1.10906
56	170	0.897293
57	74	1.10163
57	80	1.06704
57	83	1.13532
57	87	1.1343
57	89	1.10372
57	92	1.10834
57	96	1.16986
57	99	1.14117
57	102	1.14152
57	103	1.14184
57	105	1.19541
57	136	0.645343
57	139	0.748008
57	158	1.15817
57	162	0.788421
57	168	0.805092
57	180	1.03933
58	14	1.18638
58	28	1.20875
58	40	0.493463
58	48	1.19125
58	50	0.984538
58	53	1.083
58	55	1.14786
58	56	1.15434
58	59	1.14685
58	71	1.22149
58	129	0.681333
58	145	1.06865
58	147	0.950776
58	166	1.08764
58	168	1.10878
58	169	0.702963
58	180	1.05395
59	28	1.20153
59	48	1.18403
59	50	0.97732
59	53	1.07578
59	55	1.14064
59	56	1.14712
59	58	1.14685
59	71	1.21427
59	100	0.476847
59	108	1.25846
59	145	1.06143
59	147	0.887327
59	166	1.08042
59	168	1.10157
59	170	0.814348
59	176	0.819803
59	179	1.00537
60	28	0.830213
60	29	0.616983
60	88	1.12514
60	107	0.84568
60	134	1.08678
60	144	0.883422
60	154	1.19662
60	161	1.05571
60	162	1.07721
60	166	1.04522
60	170	1.03853
60	173	1.01049
60	174	0.989454
60	175	1.00026
60	176	1.0125
60	177	0.965236
60	180	0.979168
61	15	1.24742
61	26	1.25108
61	35	1.19582
61	51	1.25504
61	63	1.20824
61	64	1.2072
61	66	1.20626
61	68	1.2781
61	94	1.18545
61	104	1.28702
61	109	1.31327
61	110	0.519412
61	112	0.714769
61	160	0.694154
61	162	0.649075
61	169	0.549003
61	177	1.01813
62	33	1.34535
62	70	0.586112
62	88	1.18289
62	107	0.509427
62	113	0.70471
62	129	1.21012
62	133	0.468944
62	144	0.547168
62	157	1.21346
62	163	1.17544
62	171	1.07887
62	172	1.12005
62	173	1.06824
62	175	1.058
62	176	1.07024
62	179	1.03026
62	180	1.03691
63	15	1.12202
63	26	1.12568
63	35	1.07042
63	40	1.24152
63	51	1.12964
63	61	1.20824
63	64	1.0818
63	66	1.08086
63	68	1.1527
63	94	1.06005
63	104	1.16162
63	106	0.66991
63	109	1.18787
63	120	0.691708
63	172	0.70758
63	176	0.824901
63	177	1.11373
64	15	1.12098
64	26	1.12464
64	35	1.06938
64	40	1.24048
64	51	1.12861
64	61	1.2072
64	63	1.0818
64	66	1.07982
64	68	1.15166
64	94	1.05902
64	104	1.16058
64	109	1.18683
64	139	0.810354
64	155	0.722247
64	157	0.666176
64	166	0.859527
64	171	0.945089
65	18	1.145
65	20	1.14142
65	21	1.14539
65	36	0.525127
65	42	1.17559
65	45	1.06053
65	49	1.14409
65	73	1.17949
65	76	1.0778
65	78	1.1442
65	81	1.14397
65	94	0.830782
65	117	0.910117
65	125	1.17007
65	139	1.09135
65	163	0.709935
65	176	0.89739
66	15	1.12004
66	26	1.1237
66	33	0.461275
66	35	1.06844
66	40	1.23953
66	51	1.12766
66	61	1.20626
66	63	1.08086
66	64	1.07982
66	68	1.15071
66	94	1.05807
66	104	1.15964
66	109	1.18588
66	119	0.759388
66	138	0.83829
66	145	0.953594
66	150	0.829768
67	6	1.09898
67	7	1.18941
67	37	1.06563
67	38	1.17146
67	69	1.07299
67	70	1.07514
67	75	1.1814
67	82	1.13049
67	84	1.10592
67	88	0.562886
67	95	1.16771
67	108	1.24179
67	160	1.08603
67	166	0.713433
67	171	0.798994
67	179	0.970458
67	180	0.955587
68	15	1.19188
68	26	1.19554
68	35	1.14028
68	40	1.31137
68	51	1.1995
68	61	1.2781
68	63	1.1527
68	64	1.15166
68	66	1.15071
68	94	1.12991
68	104	1.23148
68	109	1.25772
68	110	0.651031
68	111	0.781678
68	124	0.848221
68	127	0.562133
68	139	0.74028
68	158	0.703565
69	1	1.16461
69	6	1.06567
69	7	1.1561
69	37	1.03232
69	38	1.13815
69	67	1.07299
69	70	1.04183
69	75	1.14809
69	82	1.09718
69	84	1.07261
69	88	0.790266
69	95	1.1344
69	108	1.20848
69	136	0.788975
69	154	0.726316
69	160	1.05271
69	161	0.957889
69	178	0.943107
70	1	1.16676
70	6	1.06781
70	7	1.15825
70	31	1.1842
70	37	1.03446
70	38	1.14029
70	62	0.586112
70	67	1.07514
70	69	1.04183
70	75	1.15024
70	82	1.09932
70	84	1.07475
70	93	0.73264
70	95	1.13655
70	118	0.66917
70	160	1.05486
70	177	1.22927
70	178	0.87127
71	14	1.25381
71	48	1.25868
71	50	1.05196
71	53	1.15042
71	55	1.21528
71	56	1.22176
71	58	1.22149
71	59	1.21427
71	108	1.3331
71	129	0.603222
71	138	0.67496
71	145	1.13608
71	154	0.519186
71	164	0.860605
71	166	1.15506
71	167	0.638425
71	168	1.17621
71	179	0.990707
72	97	0.545529
72	98	1.16329
72	109	0.463428
72	131	1.23906
72	135	1.01191
72	137	1.20447
72	141	1.23029
72	142	1.17903
72	146	1.19253
72	148	1.18771
72	149	1.21853
72	153	1.206
72	156	1.20751
72	159	1.20765
72	170	0.74654
72	172	0.634673
72	178	1.13996
72	180	0.92269
73	18	1.21583
73	20	1.21224
73	42	1.24642
73	45	1.13135
73	49	1.21492
73	65	1.17949
73	76	1.14862
73	77	0.617269
73	78	1.21503
73	81	1.2148
73	109	0.546489
73	125	1.2409
73	130	1.23083
73	139	1.16217
73	150	0.696353
73	163	0.647601
73	178	0.765893
73	179	1.02062
74	33	0.491311
74	39	1.04793
74	57	1.10163
74	79	1.14115
74	80	1.04145
74	83	1.10973
74	86	0.738325
74	89	1.07813
74	92	1.08275
74	96	1.14427
74	99	1.11558
74	102	1.11593
74	103	1.11625
74	105	1.16982
74	158	1.13259
74	166	0.927049
74	168	0.93496
74	176	0.998506
75	6	1.17408
75	7	1.26451
75	31	1.29046
75	37	1.14073
75	38	1.24656
75	67	1.1814
75	69	1.14809
75	70	1.15024
75	82	1.20559
75	84	1.18102
75	86	0.618737
75	95	1.24281
75	125	0.60965
75	134	0.780109
75	160	1.16112
75	162	0.798701
75	169	0.698629
75	178	0.809755
76	16	0.569373
76	18	1.11413
76	20	1.11055
76	21	1.11453
76	40	0.537873
76	42	1.14472
76	45	1.02966
76	49	1.11322
76	65	1.0778
76	73	1.14862
76	78	1.11333
76	81	1.1131
76	125	1.13921
76	130	1.12914
76	139	1.06048
76	167	0.760946
76	175	1.00171
76	180	1.09836
77	73	0.617269
77	83	0.626464
77	92	0.686893
77	119	1.16567
77	131	0.533763
77	155	1.20495
77	159	0.665868
77	163	1.18934
77	169	1.18416
77	170	1.11018
77	171	1.09278
77	173	1.08214
77	174	1.0611
77	175	1.0719
77	176	1.08415
77	177	1.03688
77	179	1.04416
77	180	1.05082
78	18	1.18053
78	20	1.17695
78	21	1.18093
78	42	1.21113
78	45	1.09606
78	49	1.17963
78	65	1.1442
78	73	1.21503
78	76	1.11333
78	81	1.17951
78	91	0.477249
78	120	0.682453
78	125	1.20561
78	130	1.19554
78	139	1.12688
78	158	0.6583
78	168	0.7521
78	174	0.94477
78	179	1.00121
79	11	0.458677
79	39	1.11303
79	74	1.14115
79	80	1.10655
79	83	1.17483
79	87	1.17382
79	89	1.14324
79	91	0.479837
79	92	1.14786
79	96	1.20937
79	99	1.18068
79	102	1.18103
79	103	1.18135
79	105	1.23493
79	129	0.616315
79	140	1.13386
79	145	0.803357
79	158	1.19769
79	164	0.873698
80	5	1.13265
80	57	1.06704
80	74	1.04145
80	79	1.10655
80	83	1.07514
80	87	1.07412
80	88	0.791833
80	89	1.04354
80	92	1.04816
80	96	1.10967
80	99	1.08099
80	102	1.08134
80	103	1.08166
80	105	1.13523
80	134	0.915028
80	154	0.727883
80	158	1.09799
80	176	1.01384
80	178	0.944674
81	18	1.1803
81	20	1.17672
81	21	1.1807
81	42	1.21089
81	45	1.09583
81	49	1.1794
81	65	1.14397
81	73	1.2148
81	76	1.1131
81	78	1.17951
81	91	0.591089
81	118	0.658223
81	124	0.916796
81	125	1.20538
81	127	0.630708
81	130	1.19531
81	139	1.12665
81	169	0.749196
81	176	0.929486
82	1	1.22211
82	7	1.21359
82	31	1.23955
82	37	1.08981
82	38	1.19564
82	67	1.13049
82	69	1.09718
82	70	1.09932
82	75	1.20559
82	84	1.1301
82	95	1.1919
82	104	0.561497
82	108	1.26598
82	135	1.09241
82	138	0.702313
82	160	1.11021
82	167	0.665777
82	169	0.652204
82	176	0.832493
83	11	0.484694
83	19	1.14757
83	39	1.08162
83	57	1.13532
83	74	1.10973
83	77	0.626464
83	79	1.17483
83	80	1.07514
83	87	1.1424
83	89	1.11182
83	96	1.17795
83	99	1.14927
83	102	1.14962
83	103	1.14993
83	105	1.20351
83	119	0.635168
83	158	1.16627
83	164	0.899715
83	178	0.775087
83	179	1.02982
84	1	1.19754
84	6	1.09859
84	7	1.18903
84	31	1.21498
84	37	1.06524
84	38	1.17108
84	54	0.797112
84	67	1.10592
84	69	1.07261
84	70	1.07475
84	75	1.18102
84	82	1.1301
84	95	1.16733
84	108	1.24141
84	136	0.63544
84	145	0.843859
84	155	0.649998
84	160	1.08564
84	167	0.69202
84	174	0.987859
85	101	1.0986
85	109	0.557652
85	116	1.15587
85	126	1.12604
85	132	0.543148
85	137	1.16158
85	141	1.1874
85	144	1.15643
85	146	1.14964
85	148	1.14483
85	149	1.17565
85	152	1.13489
85	156	1.16462
85	159	1.16476
85	161	0.791837
85	164	1.06747
85	167	0.679503
85	177	1.13505
85	178	1.09707
85	180	1.01691
86	8	0.815334
86	18	0.706049
86	29	0.374869
86	74	0.738325
86	75	0.618737
86	87	0.617962
86	138	1.18012
86	142	1.17113
86	144	1.19142
86	146	1.18463
86	156	1.19961
86	159	1.19975
86	161	1.1426
86	164	1.10245
86	171	1.10802
86	172	1.1492
86	174	1.07634
86	178	1.13206
86	179	1.0594
86	180	1.06606
87	19	1.14656
87	39	1.0806
87	57	1.1343
87	79	1.17382
87	80	1.07412
87	83	1.1424
87	86	0.617962
87	89	1.1108
87	92	1.11542
87	96	1.17694
87	99	1.14825
87	102	1.1486
87	103	1.14892
87	105	1.20249
87	136	0.654848
87	158	1.16526
87	160	0.843005
87	170	0.872689
87	172	0.760822
87	173	0.868391
88	27	1.01296
88	41	0.531987
88	60	1.12514
88	62	1.18289
88	67	0.562886
88	69	0.790266
88	80	0.791833
88	96	0.622699
88	122	1.1949
88	129	1.20827
88	150	1.12912
88	151	1.04149
88	155	1.18921
88	157	1.21161
88	159	0.66165
88	161	1.11161
88	167	1.17243
88	171	1.07703
88	176	1.0684
88	179	1.02842
88	180	1.03507
89	5	1.16934
89	19	1.11598
89	57	1.10372
89	74	1.07813
89	79	1.14324
89	80	1.04354
89	83	1.11182
89	87	1.1108
89	90	0.657687
89	92	1.08484
89	96	1.14636
89	99	1.11767
89	102	1.11802
89	103	1.11834
89	105	1.17191
89	117	0.978026
89	132	0.662229
89	158	1.13467
89	165	0.729412
89	171	0.979403
89	178	0.896136
90	17	1.03367
90	32	1.12154
90	34	1.10362
90	41	1.18941
90	46	1.16005
90	52	1.15974
90	55	0.731312
90	89	0.657687
90	114	0.598231
90	115	0.496877
90	126	0.65344
90	144	0.593877
90	154	1.22869
90	157	1.18778
90	162	1.10928
90	163	1.14976
90	169	1.14459
90	172	1.09438
90	175	1.03233
90	176	1.04457
90	180	1.01124
91	35	0.523513
91	78	0.477249
91	79	0.479837
91	81	0.591089
91	103	0.595657
91	114	0.567447
91	117	1.20916
91	128	0.637004
91	138	1.26508
91	147	1.1999
91	167	1.28838
91	170	1.21039
91	171	1.19298
91	172	1.23416
91	173	1.18235
91	175	1.17211
91	176	1.18435
91	177	1.13709
91	178	1.21702
91	179	1.14437
91	180	1.15102
92	5	1.17396
92	19	1.1206
92	39	1.05464
92	54	0.843055
92	57	1.10834
92	74	1.08275
92	77	0.686893
92	79	1.14786
92	80	1.04816
92	87	1.11542
92	89	1.08484
92	96	1.15098
92	99	1.12229
92	102	1.12264
92	103	1.12296
92	105	1.17653
92	106	0.749688
92	139	0.784048
92	150	0.765977
92	158	1.13929
92	161	0.850298
93	12	0.702534
93	20	0.628577
93	44	0.659611
93	70	0.73264
93	112	1.12993
93	116	0.627726
93	129	1.22742
93	154	1.27167
93	156	0.604066
93	157	1.23076
93	162	1.15226
93	164	1.09062
93	171	1.09618
93	173	1.08555
93	174	1.06451
93	175	1.07531
93	176	1.08755
93	177	1.04029
93	178	1.12022
93	179	1.04757
93	180	1.05422
94	49	0.759333
94	51	1.10686
94	61	1.18545
94	63	1.06005
94	64	1.05902
94	65	0.830782
94	66	1.05807
94	68	1.12991
94	109	1.16508
94	130	0.73711
94	137	0.760484
94	147	1.01206
94	156	0.745252
94	168	1.05038
94	170	1.02255
94	171	1.00514
94	175	0.984269
94	176	0.996512
94	177	0.94925
94	178	1.02918
94	180	0.963181
95	1	1.25934
95	6	1.16039
95	7	1.25082
95	10	0.705589
95	31	1.27678
95	37	1.12704
95	38	1.23287
95	67	1.16771
95	69	1.1344
95	70	1.13655
95	75	1.24281
95	82	1.1919
95	84	1.16733
95	108	1.30321
95	125	0.531964
95	155	0.592494
95	158	0.643887
95	160	1.14744
95	167	0.634517
95	168	0.737686
95	177	1.09007
96	11	0.485147
96	19	1.18211
96	39	1.11615
96	57	1.16986
96	74	1.14427
96	79	1.20937
96	80	1.10967
96	83	1.17795
96	87	1.17694
96	88	0.622699
96	89	1.14636
96	92	1.15098
96	99	1.1838
96	102	1.18415
96	103	1.18447
96	105	1.23805
96	106	0.689712
96	154	0.558749
96	158	1.20081
96	168	0.781157
96	171	0.858807
96	180	1.0154
97	52	0.628372
97	72	0.545529
97	99	0.701687
97	122	1.21416
97	123	0.603169
97	131	0.545085
97	148	0.685869
97	151	1.06074
97	161	1.13086
97	164	1.09072
97	165	1.22004
97	167	1.19169
97	169	1.18767
97	170	1.11369
97	172	1.13747
97	173	1.08565
97	174	1.06461
97	175	1.07541
97	176	1.08766
97	179	1.04767
97	180	1.05433
98	72	1.16329
98	113	1.06919
98	115	1.12253
98	116	1.10323
98	118	0.658763
98	126	1.0734
98	127	0.631248
98	132	0.626956
98	135	1.18995
98	137	1.10894
98	142	1.08351
98	143	0.984516
98	144	1.10379
98	146	1.097
98	148	1.09219
98	149	1.12301
98	152	1.08225
98	153	1.11047
98	156	1.11198
98	159	1.11212
98	175	1.00408
98	178	1.04443
99	5	1.20678
99	19	1.15343
99	39	1.08747
99	57	1.14117
99	74	1.11558
99	79	1.18068
99	80	1.08099
99	83	1.14927
99	87	1.14825
99	89	1.11767
99	92	1.12229
99	96	1.1838
99	97	0.701687
99	102	1.15547
99	103	1.15578
99	105	1.20936
99	109	0.619585
99	125	0.638883
99	150	0.769449
99	158	1.17212
99	164	0.963617
99	165	0.672265
99	171	0.922255
100	4	0.841393
100	59	0.476847
100	102	0.446421
100	110	1.24543
100	114	0.562888
100	118	1.23902
100	121	0.554832
100	124	1.14971
100	128	0.632445
100	136	1.24546
100	137	0.484136
100	150	1.1575
100	157	1.23999
100	161	1.13998
100	165	1.22916
100	169	1.19679
100	170	1.12281
100	174	1.07373
100	175	1.08453
100	176	1.09678
100	177	1.04951
100	179	1.05679
100	180	1.06345
101	85	1.0986
101	107	1.1194
101	123	1.06483
101	126	1.0516
101	133	1.11004
101	137	1.08714
101	141	1.11296
101	142	1.06171
101	144	1.08199
101	146	1.0752
101	148	1.07039
101	149	1.10121
101	150	0.7746
101	152	1.06045
101	153	1.08867
101	156	1.09018
101	159	1.09032
101	161	0.858921
101	166	0.841845
101	170	0.907848
101	173	0.90355
101	174	1.04243
101	178	1.02263
102	5	1.20713
102	19	1.15378
102	39	1.08782
102	57	1.14152
102	74	1.11593
102	79	1.18103
102	80	1.08134
102	83	1.14962
102	87	1.1486
102	89	1.11802
102	92	1.12264
102	96	1.18415
102	99	1.15547
102	100	0.446421
102	103	1.15613
102	105	1.20971
102	143	0.843867
102	154	0.503422
102	158	1.17247
102	173	0.779624
102	174	0.9185
102	175	0.863426
102	179	0.974943
103	5	1.20745
103	19	1.15409
103	36	0.561792
103	39	1.08813
103	57	1.14184
103	74	1.11625
103	79	1.18135
103	80	1.08166
103	83	1.14993
103	87	1.14892
103	89	1.11834
103	91	0.595657
103	92	1.12296
103	96	1.18447
103	99	1.15578
103	102	1.15613
103	105	1.21003
103	110	0.724174
103	119	0.724972
103	127	0.635276
103	158	1.17279
103	164	0.989519
103	170	0.9286
104	26	1.20446
104	35	1.1492
104	39	0.685143
104	49	0.554944
104	51	1.20842
104	61	1.28702
104	63	1.16162
104	64	1.16058
104	66	1.15964
104	68	1.23148
104	82	0.561497
104	116	0.564523
104	137	0.556096
104	143	1.1214
104	144	0.630494
104	149	0.557746
104	161	1.14129
104	171	1.10671
104	172	1.14789
104	173	1.09607
104	175	1.08584
104	179	1.05809
104	180	1.06475
105	5	1.26103
105	19	1.20767
105	39	1.14171
105	57	1.19541
105	74	1.16982
105	79	1.23493
105	80	1.13523
105	83	1.20351
105	87	1.20249
105	89	1.17191
105	92	1.17653
105	96	1.23805
105	99	1.20936
105	102	1.20971
105	103	1.21003
105	111	0.558107
105	143	0.691831
105	151	0.941637
105	158	1.22636
105	160	0.602203
105	162	0.557123
105	175	0.711391
105	177	0.926174
105	180	0.808037
106	33	1.27767
106	37	0.841911
106	63	0.66991
106	92	0.749688
106	96	0.689712
106	110	1.15122
106	133	0.668274
106	134	1.07685
106	138	1.08329
106	148	0.737342
106	151	0.975645
106	155	1.12336
106	157	1.14577
106	162	1.06727
106	163	1.10775
106	165	1.13494
106	167	1.10659
106	169	1.10258
106	170	1.0286
106	171	1.01119
106	172	1.05237
106	179	0.962574
106	180	0.96923
107	36	0.491485
107	60	0.84568
107	62	0.509427
107	101	1.1194
107	114	1.19226
107	116	1.17666
107	121	1.15958
107	125	0.594479
107	130	1.21299
107	131	1.21697
107	133	1.20528
107	137	1.18238
107	138	0.733568
107	144	1.17723
107	146	1.17044
107	148	1.16562
107	149	1.19644
107	152	1.15568
107	153	1.18391
107	155	0.65501
107	156	1.18541
107	158	0.706402
107	159	1.18556
107	178	1.11787
107	179	1.04931
108	14	1.29799
108	31	1.35086
108	36	0.379514
108	48	1.30286
108	50	1.09615
108	54	0.690152
108	55	1.25947
108	59	1.25846
108	67	1.24179
108	69	1.20848
108	71	1.3331
108	82	1.26598
108	84	1.24141
108	95	1.30321
108	117	0.764504
108	124	0.739087
108	145	1.18026
108	155	0.543038
108	158	0.594431
108	160	1.22152
108	161	0.697395
108	166	1.19925
108	168	1.22039
108	173	0.742024
108	178	0.682613
109	15	1.22705
109	23	0.668587
109	51	1.23467
109	61	1.31327
109	63	1.18787
109	64	1.18683
109	66	1.18588
109	68	1.25772
109	72	0.463428
109	73	0.546489
109	85	0.557652
109	94	1.16508
109	99	0.619585
109	128	0.686834
109	141	0.49229
109	143	1.14765
109	144	0.612923
109	150	1.18505
109	155	1.24513
109	172	1.17414
109	173	1.12232
109	174	1.10128
109	177	1.07706
109	179	1.08434
109	180	1.09099
110	21	0.708642
110	48	0.720731
110	61	0.519412
110	68	0.651031
110	100	1.24543
110	103	0.724174
110	106	1.15122
110	135	1.05874
110	137	0.617211
110	142	0.609161
110	150	1.16514
110	162	1.16913
110	164	1.10748
110	165	1.2368
110	169	1.20443
110	170	1.13045
110	171	1.11305
110	173	1.10241
110	174	1.08137
110	175	1.09217
110	176	1.10442
110	177	1.05715
110	179	1.06443
110	180	1.07108
111	7	0.78312
111	22	0.819517
111	68	0.781678
111	105	0.558107
111	119	1.1119
111	120	1.11692
111	121	0.818555
111	135	0.984696
111	151	1.00346
111	157	1.17359
111	159	0.804421
111	160	1.08537
111	161	1.07358
111	163	1.13557
111	164	1.03344
111	167	1.1344
111	169	1.13039
111	170	1.05641
111	171	1.039
111	172	1.08018
111	174	1.00733
111	175	1.01813
111	179	0.990387
111	180	0.997043
112	19	0.77735
112	41	0.739468
112	53	0.915084
112	61	0.714769
112	93	1.12993
112	120	1.08469
112	122	1.12464
112	123	0.795111
112	135	0.952463
112	137	0.812568
112	138	1.07887
112	155	1.11894
112	157	1.14135
112	162	1.06285
112	165	1.13052
112	167	1.10217
112	169	1.09816
112	170	1.02417
112	171	1.00677
112	174	0.975096
112	175	0.985898
112	176	0.998141
112	178	1.03081
112	179	0.958154
112	180	0.96481
113	62	0.70471
113	98	1.06919
113	116	1.10466
113	118	0.787768
113	121	1.08757
113	123	1.08807
113	126	1.07483
113	128	1.11397
113	133	1.13327
113	136	0.835736
113	141	1.1362
113	142	1.08494
113	144	1.10522
113	146	1.09843
113	148	1.09362
113	149	1.12444
113	152	1.08368
113	153	1.11191
113	155	0.850293
113	156	1.11341
113	159	1.11356
113	164	1.01626
113	165	0.823144
113	169	0.878742
113	173	1.04928
113	178	1.04586
114	90	0.598231
114	91	0.567447
114	100	0.562888
114	107	1.19226
114	115	1.17359
114	121	1.13721
114	126	1.12447
114	128	1.16361
114	131	1.1946
114	133	1.18291
114	137	1.16001
114	142	1.13457
114	144	1.15486
114	146	1.14807
114	148	1.14325
114	149	1.17407
114	152	1.13331
114	153	1.16154
114	154	0.619889
114	156	1.16305
114	159	1.16319
114	163	0.718389
114	172	0.788523
114	174	1.03497
114	176	0.905844
114	178	1.0955
115	90	0.496877
115	98	1.12253
115	114	1.17359
115	118	0.533226
115	121	1.14091
115	123	1.1414
115	124	0.791799
115	126	1.12817
115	128	1.16731
115	131	1.1983
115	135	1.06441
115	137	1.16371
115	141	1.18953
115	144	1.15856
115	145	0.789613
115	146	1.15177
115	148	1.14695
115	149	1.17777
115	151	1.10879
115	152	1.13701
115	153	1.16524
115	156	1.16674
115	157	0.53968
115	159	1.16689
115	172	0.687168
115	178	1.0992
116	85	1.15587
116	93	0.627726
116	98	1.10323
116	104	0.564523
116	107	1.17666
116	113	1.10466
116	117	0.848246
116	123	1.1221
116	126	1.10887
116	128	1.14801
116	131	1.179
116	139	0.714888
116	140	1.15115
116	141	1.17023
116	142	1.11897
116	144	1.13926
116	146	1.13247
116	147	0.903043
116	148	1.12765
116	149	1.15847
116	152	1.11771
116	153	1.14594
116	154	0.549564
116	156	1.14745
116	159	1.14759
116	168	0.771972
116	178	1.0799
117	65	0.910117
117	89	0.978026
117	91	1.20916
117	108	0.764504
117	116	0.848246
117	122	1.10707
117	123	0.822361
117	129	1.12044
117	133	0.835993
117	135	0.93489
117	136	1.12925
117	140	0.937123
117	143	1.00389
117	154	1.16469
117	160	1.03556
117	163	1.08576
117	164	0.983633
117	167	1.0846
117	169	1.08058
117	171	0.989199
117	173	0.978563
117	174	0.957523
117	175	0.968324
117	176	0.980567
117	177	0.933305
117	179	0.940581
117	180	0.947237
118	12	0.639065
118	36	1.30175
118	70	0.66917
118	81	0.658223
118	98	0.658763
118	100	1.23902
118	113	0.787768
118	115	0.533226
118	121	0.626525
118	127	1.25306
118	135	1.05233
118	139	1.15714
118	140	1.05456
118	143	1.12133
118	147	1.11355
118	153	0.591399
118	163	1.2032
118	165	1.23038
118	169	1.19802
118	173	1.096
118	174	1.07496
118	175	1.08576
118	176	1.098
118	177	1.05074
118	178	1.13068
118	179	1.05802
118	180	1.06467
119	48	0.721529
119	66	0.759388
119	77	1.16567
119	83	0.635168
119	103	0.724972
119	111	1.1119
119	122	1.16378
119	134	1.11157
119	136	1.18597
119	143	1.06061
119	146	0.669882
119	150	1.098
119	152	0.656387
119	154	1.2214
119	159	0.674572
119	162	1.10199
119	163	1.14248
119	165	1.16966
119	170	1.06332
119	171	1.04592
119	172	1.0871
119	174	1.01424
119	176	1.03728
119	177	0.990022
119	179	0.997298
119	180	1.00395
120	8	0.942323
120	20	0.703177
120	34	0.81878
120	52	0.701644
120	63	0.691708
120	78	0.682453
120	111	1.11692
120	112	1.08469
120	140	0.998863
120	146	0.745771
120	157	1.18552
120	160	1.0973
120	161	1.08551
120	162	1.10702
120	165	1.17469
120	167	1.14634
120	168	1.09618
120	169	1.14232
120	171	1.05094
120	172	1.09212
120	173	1.0403
120	174	1.01926
120	175	1.03006
120	177	0.995045
120	178	1.07498
120	179	1.00232
120	180	1.00898
121	100	0.554832
121	107	1.15958
121	111	0.818555
121	113	1.08757
121	114	1.13721
121	115	1.14091
121	118	0.626525
121	123	1.10502
121	128	1.13092
121	133	1.15022
121	134	0.798979
121	137	1.12732
121	141	1.15315
121	142	1.10189
121	143	0.952278
121	144	1.12217
121	146	1.11538
121	148	1.11057
121	149	1.14139
121	150	0.759086
121	152	1.10063
121	153	1.12886
121	156	1.13036
121	159	1.1305
121	163	0.710333
121	164	1.03321
121	175	0.971838
121	178	1.06281
122	38	0.53979
122	43	0.690445
122	48	0.670739
122	88	1.1949
122	97	1.21416
122	112	1.12464
122	117	1.10707
122	119	1.16378
122	124	1.13519
122	126	0.701179
122	130	0.543845
122	140	1.03881
122	143	1.10558
122	146	0.619091
122	148	0.632461
122	153	0.602789
122	155	1.20306
122	163	1.18745
122	164	1.08533
122	167	1.18629
122	170	1.10829
122	171	1.09089
122	172	1.13207
122	173	1.08025
122	174	1.05921
122	176	1.08226
122	177	1.035
122	180	1.04893
123	97	0.603169
123	101	1.06483
123	112	0.795111
123	113	1.08807
123	115	1.1414
123	116	1.1221
123	117	0.822361
123	121	1.10502
123	126	1.09228
123	128	1.13142
123	131	1.16241
123	133	1.15072
123	134	0.710825
123	137	1.12782
123	140	1.12526
123	141	1.15364
123	142	1.10238
123	144	1.12266
123	146	1.11588
123	149	1.14188
123	152	1.10112
123	153	1.12935
123	156	1.13085
123	159	1.131
123	165	0.573747
123	168	0.746088
123	171	0.823738
123	178	1.0633
124	13	0.77672
124	28	0.835591
124	36	1.21244
124	68	0.848221
124	81	0.916796
124	100	1.14971
124	108	0.739087
124	115	0.791799
124	122	1.13519
124	132	1.16687
124	135	0.963015
124	140	0.965248
124	141	0.768166
124	145	1.02243
124	147	1.02424
124	150	1.06941
124	151	0.981777
124	163	1.11388
124	165	1.14107
124	167	1.11272
124	169	1.10871
124	172	1.0585
124	173	1.00669
124	174	0.985648
124	176	1.00869
124	177	0.96143
124	178	1.04136
124	179	0.968706
124	180	0.975362
125	17	0.823367
125	20	1.20283
125	21	1.2068
125	23	0.687885
125	36	1.29737
125	38	0.530394
125	42	1.237
125	45	1.12194
125	65	1.17007
125	73	1.2409
125	75	0.60965
125	76	1.13921
125	78	1.20561
125	81	1.20538
125	95	0.531964
125	99	0.638883
125	107	0.594479
125	130	1.22141
125	135	1.04794
125	141	0.511588
125	148	0.623065
125	150	1.15434
125	162	1.15833
125	165	1.226
125	173	1.09162
125	176	1.09362
125	177	1.04636
125	179	1.05364
125	180	1.06029
126	33	0.453857
126	85	1.12604
126	90	0.65344
126	98	1.0734
126	101	1.0516
126	113	1.07483
126	114	1.12447
126	115	1.12817
126	116	1.10887
126	122	0.701179
126	123	1.09228
126	128	1.11818
126	131	1.14918
126	133	1.13748
126	137	1.11459
126	141	1.14041
126	148	1.09783
126	149	1.12865
126	152	1.08789
126	153	1.11612
126	156	1.11762
126	157	0.696243
126	159	1.11777
126	164	1.02047
126	170	0.955598
126	172	0.843731
126	176	0.961052
126	178	1.05007
126	180	1.13175
127	11	1.31077
127	22	0.599972
127	55	0.740146
127	56	0.603969
127	68	0.562133
127	81	0.630708
127	98	0.631248
127	103	0.635276
127	118	1.25306
127	132	1.26899
127	138	1.19154
127	139	1.16995
127	146	0.580186
127	147	1.12636
127	159	0.584877
127	165	1.2432
127	167	1.21485
127	169	1.21083
127	170	1.13685
127	171	1.11945
127	172	1.16063
127	173	1.10881
127	174	1.08777
127	175	1.09857
127	176	1.11082
127	177	1.06355
127	178	1.14349
127	179	1.07083
127	180	1.07748
128	91	0.637004
128	100	0.632445
128	109	0.686834
128	113	1.11397
128	114	1.16361
128	115	1.16731
128	116	1.14801
128	121	1.13092
128	123	1.13142
128	126	1.11818
128	132	0.67233
128	133	1.17662
128	134	0.876591
128	137	1.15372
128	141	1.17955
128	142	1.12829
128	144	1.14857
128	146	1.14178
128	148	1.13697
128	149	1.16779
128	152	1.12703
128	153	1.15525
128	156	1.15676
128	159	1.1569
128	163	0.787946
128	164	1.05961
128	165	0.739514
128	167	0.808685
128	172	0.85808
128	178	1.08921
129	2	0.609557
129	18	0.764312
129	32	0.700952
129	58	0.681333
129	62	1.21012
129	71	0.603222
129	79	0.616315
129	88	1.20827
129	93	1.22742
129	117	1.12044
129	130	0.601799
129	134	1.16992
129	135	1.04995
129	141	0.578938
129	143	1.11896
129	151	1.06872
129	159	0.681736
129	160	1.15063
129	166	1.12836
129	167	1.19966
129	168	1.1495
129	169	1.19565
129	170	1.12167
129	173	1.09363
129	174	1.07259
129	175	1.08339
129	176	1.09563
129	177	1.04837
129	178	1.1283
129	179	1.05565
129	180	1.0623
130	16	0.445428
130	18	1.19634
130	21	1.19673
130	42	1.22693
130	45	1.11187
130	49	1.19543
130	73	1.23083
130	76	1.12914
130	78	1.19554
130	81	1.19531
130	94	0.73711
130	107	1.21299
130	122	0.543845
130	125	1.22141
130	129	0.601799
130	133	1.20363
130	139	1.14269
130	140	1.11935
130	142	1.1553
130	146	1.1688
130	148	1.16398
130	152	1.15404
130	153	1.18227
130	154	0.517763
130	156	1.18377
130	159	1.18392
130	165	0.567831
130	167	0.637002
130	171	0.817821
130	174	0.932841
130	178	1.11622
131	72	1.23906
131	77	0.533763
131	97	0.545085
131	107	1.21697
131	114	1.1946
131	115	1.1983
131	116	1.179
131	123	1.16241
131	126	1.14918
131	133	1.20762
131	137	1.18472
131	141	1.21054
131	142	1.15928
131	143	0.80604
131	144	1.17956
131	146	1.17278
131	148	1.16796
131	149	1.19878
131	152	1.15802
131	153	1.18625
131	156	1.18775
131	158	0.594204
131	159	1.1879
131	160	0.716412
131	161	0.697168
131	164	1.0906
131	167	0.584834
131	170	0.746095
131	177	1.04038
131	178	1.1202
131	180	0.922245
132	11	1.31389
132	26	0.627686
132	35	0.55884
132	85	0.543148
132	89	0.662229
132	98	0.626956
132	124	1.16687
132	127	1.26899
132	128	0.67233
132	136	1.26262
132	140	1.07049
132	142	0.515972
132	145	1.12767
132	146	0.575894
132	153	0.559592
132	155	1.23474
132	157	1.25715
132	159	0.580585
132	162	1.17864
132	165	1.24631
132	167	1.21796
132	170	1.13997
132	171	1.12256
132	172	1.16374
132	173	1.11193
132	174	1.09089
132	175	1.10169
132	176	1.11393
132	177	1.06667
132	178	1.1466
132	179	1.07395
132	180	1.0806
133	62	0.468944
133	101	1.11004
133	106	0.668274
133	107	1.20528
133	113	1.13327
133	114	1.18291
133	117	0.835993
133	121	1.15022
133	123	1.15072
133	126	1.13748
133	128	1.17662
133	130	1.20363
133	131	1.20762
133	137	1.17302
133	138	0.693085
133	141	1.19884
133	142	1.14759
133	143	0.877755
133	144	1.16787
133	146	1.16108
133	149	1.18709
133	152	1.14633
133	153	1.17455
133	156	1.17606
133	157	0.558456
133	159	1.1762
133	163	0.63581
133	164	1.07891
133	169	0.642976
133	174	0.952389
133	175	0.897315
133	178	1.10851
134	10	1.1275
134	18	0.867421
134	27	0.974605
134	44	0.768595
134	60	1.08678
134	75	0.780109
134	80	0.915028
134	106	1.07685
134	119	1.11157
134	121	0.798979
134	123	0.710825
134	128	0.876591
134	129	1.16992
134	135	0.984367
134	140	0.9866
134	145	1.04379
134	147	1.04559
134	151	1.00313
134	153	0.763853
134	161	1.07325
134	163	1.13524
134	167	1.13407
134	169	1.13006
134	170	1.05608
134	171	1.03868
134	172	1.07986
134	173	1.02804
134	175	1.0178
134	176	1.03004
134	177	0.982782
134	178	1.06272
134	179	0.990058
134	180	0.996714
135	6	1.03567
135	40	1.1323
135	54	0.97256
135	72	1.01191
135	82	1.09241
135	98	1.18995
135	110	1.05874
135	111	0.984696
135	112	0.952463
135	115	1.06441
135	117	0.93489
135	118	1.05233
135	124	0.963015
135	125	1.04794
135	129	1.04995
135	134	0.984367
135	142	1.07896
135	155	1.03089
135	157	1.05329
135	158	1.02676
135	163	1.01527
135	167	1.01411
135	168	0.963954
135	169	1.0101
135	170	0.936116
135	171	0.918713
135	173	0.908077
135	174	0.887037
135	175	0.897839
135	177	0.862819
135	178	0.942752
135	179	0.870095
135	180	0.876751
136	5	0.561191
136	18	0.742935
136	51	0.290816
136	57	0.645343
136	69	0.788975
136	84	0.63544
136	87	0.654848
136	100	1.24546
136	113	0.835736
136	117	1.12925
136	119	1.18597
136	132	1.26262
136	138	1.18517
136	140	1.061
136	145	1.11818
136	149	0.605446
136	156	0.588564
136	157	1.24766
136	158	1.22113
136	162	1.16915
136	163	1.20964
136	166	1.13717
136	167	1.20847
136	170	1.13048
136	171	1.11308
136	172	1.15425
136	173	1.10244
136	174	1.0814
136	175	1.0922
136	176	1.10444
136	177	1.05718
136	179	1.06446
136	180	1.07111
137	72	1.20447
137	85	1.16158
137	94	0.760484
137	98	1.10894
137	100	0.484136
137	101	1.08714
137	104	0.556096
137	107	1.18238
137	110	0.617211
137	112	0.812568
137	114	1.16001
137	115	1.16371
137	121	1.12732
137	123	1.12782
137	126	1.11459
137	128	1.15372
137	131	1.18472
137	133	1.17302
137	141	1.17595
137	142	1.12469
137	144	1.14497
137	148	1.13337
137	149	1.16419
137	150	0.688389
137	152	1.12343
137	153	1.15166
137	156	1.15316
137	158	0.669746
137	159	1.15331
137	172	0.709771
137	175	0.901142
137	178	1.08561
137	180	0.997788
138	10	1.13395
138	38	0.669483
138	66	0.83829
138	71	0.67496
138	82	0.702313
138	86	1.18012
138	91	1.26508
138	106	1.08329
