1	4	1.02476
1	56	0.912848
1	75	0.889073
1	89	0.926344
1	114	0.581636
1	115	1.01801
1	126	0.580686
1	129	0.614587
1	146	1.99672
1	149	0.604193
1	170	2.57367
1	175	8.80462
2	14	0.748081
2	19	1.55515
2	24	0.823478
2	55	0.776415
2	60	0.783546
2	73	0.816916
2	74	0.815039
2	126	0.802727
2	132	0.815014
2	149	0.826234
2	159	2.26651
2	179	3.71705
3	27	1.48017
3	114	0.346817
3	115	0.701872
3	142	0.841568
3	143	0.837801
3	163	0.802634
3	168	0.800711
3	170	0.786203
3	174	0.78174
3	178	0.792551
3	179	0.778106
3	180	0.777858
4	1	1.02476
4	17	0.763908
4	29	0.747912
4	33	0.796249
4	75	0.743255
4	99	0.783488
4	114	0.793247
4	121	1.91738
4	128	0.782804
4	145	2.62077
4	149	0.815804
4	178	3.26148
5	40	0.806257
5	47	0.798941
5	48	0.803987
5	85	0.81712
5	104	0.819816
5	105	0.819819
5	151	0.765001
5	152	0.812342
5	154	1.33551
5	167	2.45379
5	176	4.35423
5	177	0.759813
6	11	0.697336
6	42	0.732574
6	43	0.729531
6	70	0.682087
6	72	0.752832
6	78	0.726386
6	79	0.719754
6	91	0.729472
6	125	2.52224
6	129	0.753513
6	154	0.684249
6	171	4.42113
7	68	2.32744
7	108	0.739466
7	118	0.724693
7	130	0.752891
7	135	0.739751
7	136	0.737939
7	137	0.731402
7	138	0.732651
7	139	0.733788
7	160	4.61589
7	173	0.658471
7	176	0.655588
8	96	0.810264
8	107	0.790055
8	130	0.837843
8	131	2.48249
8	135	0.824703
8	136	0.822891
8	137	0.816354
8	138	0.817602
8	148	2.24304
8	168	3.22326
8	173	0.743422
8	176	0.74054
9	38	0.867043
9	66	0.902263
9	70	0.889167
9	78	0.933466
9	79	0.926834
9	88	0.922743
9	110	1.38146
9	120	1.38816
9	127	0.867837
9	133	2.00524
9	154	0.891329
9	164	4.82194
10	92	0.744639
10	107	0.706409
10	111	0.739535
10	130	0.754197
10	135	0.741057
10	137	0.732707
10	138	0.733956
10	139	0.735093
10	173	0.659776
10	176	0.656894
10	178	2.99111
10	180	3.89982
11	6	0.697336
11	66	0.703149
11	70	0.690053
11	78	0.734352
11	79	0.72772
11	88	0.723629
11	91	0.737438
11	124	2.20835
11	129	0.761479
11	132	0.739866
11	154	0.692214
11	170	4.63824
12	108	0.726911
12	111	0.725674
12	113	2.55867
12	118	0.712138
12	130	0.740336
12	135	0.727196
12	136	0.725384
12	137	0.718847
12	138	0.720095
12	139	0.721232
12	161	4.52854
12	173	0.645915
12	176	0.643033
13	33	0.79066
13	56	0.761441
13	65	0.763782
13	75	0.737666
13	77	1.38545
13	89	0.774937
13	99	0.777899
13	103	0.808273
13	114	0.787658
13	115	0.822401
13	128	0.777215
13	162	3.25803
13	180	3.5384
14	2	0.748081
14	23	0.719449
14	28	0.726712
14	44	0.692437
14	60	0.676028
14	73	0.709398
14	74	0.707521
14	126	0.695209
14	132	0.707496
14	140	0.706255
14	143	3.9276
14	149	0.718716
14	163	3.33273
15	40	0.786258
15	48	0.783988
15	49	0.783331
15	64	0.776758
15	85	0.797121
15	104	0.799817
15	105	0.79982
15	120	1.85131
15	142	2.61305
15	151	0.745002
15	152	0.792343
15	171	3.9091
15	177	0.739814
16	17	0.75826
16	33	0.790601
16	58	0.77941
16	65	0.763722
16	89	0.774878
16	99	0.777839
16	114	0.787599
16	126	0.786648
16	129	0.820549
16	149	0.810155
16	155	1.93678
16	163	2.39764
16	177	3.68601
17	4	0.763908
17	16	0.75826
17	26	0.693266
17	33	0.725419
17	56	0.696199
17	57	0.653484
17	65	0.69854
17	75	0.672425
17	89	0.709696
17	103	0.743032
17	114	0.722417
17	152	3.32456
17	155	3.7367
18	24	1.18444
18	108	2.00846
18	146	0.752729
18	160	0.708389
18	167	0.724962
18	169	0.712102
18	170	0.711858
18	173	0.692717
18	174	0.707395
18	175	0.662212
18	178	0.718206
18	179	0.703762
18	180	0.703513
19	2	1.55515
19	74	2.88002
19	110	0.794286
19	125	0.752326
19	153	0.765094
19	170	0.695522
19	171	0.703361
19	172	0.674706
19	174	0.691059
19	175	0.645875
19	178	0.701869
19	179	0.687425
19	180	0.687177
20	40	0.781946
20	47	0.77463
20	49	0.779019
20	54	0.78354
20	93	2.29289
20	98	0.830113
20	104	0.795504
20	105	0.795508
20	151	0.740689
20	152	0.788031
20	169	3.06655
20	177	0.735502
20	179	3.06505
21	31	0.731079
21	67	0.640708
21	80	0.726743
21	84	0.719163
21	87	0.71538
21	94	0.70849
21	95	0.706347
21	97	2.64739
21	102	0.745941
21	122	0.710472
21	148	0.723435
21	155	0.676662
21	163	4.49442
22	39	2.00728
22	81	0.8
22	112	2.01605
22	119	3.73516
22	128	0.782828
22	130	0.813008
22	135	0.799868
22	136	0.798056
22	137	0.791518
22	138	0.792767
22	139	0.793904
22	173	0.718587
22	176	0.715705
23	14	0.719449
23	24	0.794846
23	28	0.805598
23	44	0.771323
23	73	0.788284
23	74	0.786407
23	126	0.774095
23	132	0.786382
23	140	0.785141
23	148	1.1382
23	149	0.797602
23	170	2.74123
23	173	4.42152
24	2	0.823478
24	18	1.18444
24	23	0.794846
24	55	0.744294
24	60	0.751425
24	73	0.784795
24	74	0.782918
24	126	0.770606
24	132	0.782893
24	140	0.781652
24	149	0.794113
24	154	2.70192
24	157	3.48367
25	31	0.730603
25	35	0.666775
25	71	0.687123
25	80	0.726268
25	84	0.718687
25	87	0.714905
25	94	0.708014
25	95	0.705872
25	102	0.745466
25	148	0.72296
25	155	0.676187
25	174	4.31412
25	178	3.0681
26	17	0.693266
26	29	0.67727
26	56	0.696388
26	58	0.714416
26	75	0.672613
26	89	0.709884
26	103	0.74322
26	114	0.722605
26	122	2.80751
26	128	0.712162
26	129	0.755556
26	149	0.745162
26	178	4.4415
27	3	1.48017
27	40	0.778056
27	47	0.770739
27	61	0.824215
27	64	0.768555
27	98	0.826223
27	104	0.791614
27	105	0.791618
27	113	2.27762
27	151	0.736799
27	152	0.784141
27	155	3.2182
27	177	0.731612
28	14	0.726712
28	23	0.805598
28	55	0.755046
28	60	0.762177
28	73	0.795547
28	74	0.79367
28	126	0.781358
28	132	0.793645
28	140	0.792403
28	141	2.73964
28	144	2.8107
28	145	2.71154
28	149	0.804865
29	4	0.747912
29	26	0.67727
29	56	0.680203
29	57	0.637488
29	65	0.682544
29	99	0.696661
29	103	0.727035
29	114	0.70642
29	126	0.70547
29	128	0.695977
29	129	0.739371
29	149	0.728977
29	169	4.01825
29	177	3.69101
30	66	1.86454
30	71	0.738218
30	118	0.0593941
30	162	0.775165
30	164	0.748271
30	165	0.744708
30	166	0.78712
30	169	0.771319
30	171	0.778914
30	174	0.766612
30	175	0.721428
30	178	0.777422
30	179	0.762978
30	180	0.76273
31	21	0.731079
31	25	0.730603
31	71	0.746797
31	80	0.785941
31	84	0.778361
31	87	0.774578
31	94	0.767688
31	95	0.765545
31	102	0.805139
31	125	2.40275
31	148	0.782633
31	155	0.73586
31	156	1.95661
31	162	4.32047
32	56	0.734607
32	58	0.752635
32	65	0.736947
32	89	0.748103
32	99	0.751065
32	103	0.781439
32	114	0.760824
32	115	0.795566
32	124	1.60151
32	126	0.759874
32	129	0.793775
32	141	2.94965
32	149	0.78338
32	169	4.26133
33	4	0.796249
33	13	0.79066
33	16	0.790601
33	17	0.725419
33	51	1.23244
33	75	0.704766
33	89	0.742037
33	93	2.41186
33	99	0.744998
33	103	0.775373
33	114	0.754758
33	115	0.7895
33	149	0.777314
33	164	5.22339
34	37	0.788342
34	47	0.751355
34	49	0.755744
34	54	0.760265
34	61	0.804831
34	98	0.806838
34	104	0.772229
34	105	0.772233
34	150	3.01274
34	151	0.717415
34	152	0.764756
34	171	1.85901
34	176	4.16504
34	177	0.712227
35	25	0.666775
35	41	0.709124
35	67	0.636077
35	71	0.682969
35	84	0.714532
35	87	0.71075
35	94	0.703859
35	95	0.701717
35	100	0.744753
35	102	0.741311
35	133	3.87966
35	148	0.718805
35	154	3.85624
35	155	0.672032
36	42	0.776605
36	66	0.739213
36	70	0.726118
36	72	0.796863
36	78	0.770417
36	79	0.763785
36	88	0.759694
36	91	0.773503
36	119	3.85508
36	123	1.52128
36	129	0.797544
36	132	0.775931
36	154	0.728279
36	159	2.97219
37	34	0.788342
37	40	0.757158
37	47	0.749842
37	61	0.803318
37	85	0.768021
37	98	0.805325
37	101	2.26933
37	104	0.770717
37	105	0.77072
37	116	3.54042
37	125	2.78004
37	151	0.715902
37	152	0.763243
37	177	0.710714
38	9	0.867043
38	42	0.703167
38	52	3.77421
38	66	0.665775
38	70	0.65268
38	72	0.723425
38	78	0.696979
38	88	0.686256
38	91	0.700065
38	127	0.631349
38	129	0.724106
38	132	0.702493
38	140	3.77924
38	154	0.654841
39	22	2.00728
39	81	2.78092
39	141	0.733847
39	146	0.737825
39	155	0.717342
39	165	0.670588
39	167	0.710059
39	168	0.711463
39	170	0.696955
39	174	0.692492
39	175	0.647308
39	178	0.703302
39	179	0.688858
39	180	0.68861
40	5	0.806257
40	15	0.786258
40	20	0.781946
40	27	0.778056
40	37	0.757158
40	54	0.729081
40	63	2.5897
40	68	1.48233
40	85	0.73835
40	98	0.775654
40	104	0.741046
40	105	0.741049
40	151	0.686231
40	165	5.11389
40	177	0.681043
41	35	0.709124
41	59	0.802575
41	67	0.682582
41	71	0.729473
41	84	0.761037
41	87	0.757254
41	94	0.750363
41	95	0.748221
41	100	0.791257
41	102	0.787815
41	148	0.765309
41	155	0.718536
41	169	3.20916
41	171	3.1196
41	177	2.88192
42	6	0.732574
42	36	0.776605
42	38	0.703167
42	43	0.772735
42	70	0.725291
42	72	0.796037
42	78	0.76959
42	79	0.762958
42	88	0.758867
42	91	0.772676
42	127	0.703961
42	152	1.665
42	154	0.727453
42	162	4.08288
42	168	3.30087
43	6	0.729531
43	42	0.772735
43	66	0.735343
43	70	0.722248
43	72	0.792993
43	78	0.766546
43	79	0.759914
43	88	0.755823
43	91	0.769632
43	123	2.36052
43	127	0.700917
43	132	0.77206
43	140	2.62112
43	154	0.724409
43	159	3.81143
44	14	0.692437
44	23	0.771323
44	50	0.765239
44	55	0.720771
44	60	0.727902
44	69	0.776793
44	73	0.761272
44	74	0.759395
44	90	5.55142
44	125	1.37013
44	126	0.747083
44	132	0.75937
44	140	0.758129
44	149	0.77059
44	158	2.68319
45	57	6.4
45	59	0.800948
45	67	0.680955
45	71	0.727846
45	80	0.76699
45	84	0.75941
45	87	0.755627
45	90	2.44858
45	94	0.748737
45	95	0.746594
45	102	0.786188
45	122	0.750719
45	148	0.763682
45	155	0.716909
45	169	1.58309
46	62	0.752108
46	108	0.770324
46	111	0.769087
46	117	1.16139
46	118	0.755551
46	135	0.770609
46	136	0.768797
46	137	0.762259
46	138	0.763508
46	139	0.764645
46	144	0.754109
46	167	4.2093
46	169	3.89326
46	173	0.689328
46	176	0.686446
47	5	0.798941
47	20	0.77463
47	27	0.770739
47	34	0.751355
47	37	0.749842
47	64	0.71067
47	85	0.731033
47	98	0.768338
47	104	0.733729
47	105	0.733733
47	123	2.62865
47	151	0.678914
47	152	0.726256
47	155	3.45513
47	156	3.09701
47	177	0.673727
48	5	0.803987
48	15	0.783988
48	49	0.72229
48	54	0.726811
48	61	0.771376
48	64	0.715716
48	85	0.736079
48	98	0.773384
48	104	0.738775
48	105	0.738779
48	122	1.86734
48	140	1.55807
48	151	0.68396
48	152	0.731302
48	165	6.04198
48	177	0.678773
49	15	0.783331
49	20	0.779019
49	34	0.755744
49	48	0.72229
49	61	0.77072
49	64	0.71506
49	85	0.735423
49	86	1.72527
49	98	0.772727
49	104	0.738118
49	105	0.738122
49	147	4.66373
49	151	0.683304
49	152	0.730645
49	163	2.94705
49	177	0.678116
50	44	0.765239
50	55	0.7417
50	59	0.651998
50	60	0.748831
50	66	2.42325
50	74	0.780324
50	98	0.425136
50	140	0.779057
50	149	0.791518
50	162	0.717508
50	167	0.726522
50	170	0.713418
50	174	0.708955
50	178	0.719766
50	179	0.705321
50	180	0.705073
51	33	1.23244
51	129	1.47363
51	130	1.57496
51	147	0.750726
51	158	0.772109
51	160	0.740848
51	164	0.721514
51	165	0.717951
51	167	0.757421
51	170	0.744318
51	171	0.752156
51	172	0.723502
51	175	0.694671
51	178	0.750665
51	179	0.736221
51	180	0.735973
52	38	3.77421
52	100	1.20457
52	142	0.741885
52	159	0.735907
52	160	0.68305
52	161	0.704105
52	162	0.69061
52	163	0.702951
52	168	0.701028
52	169	0.686764
52	172	0.665705
52	175	0.636873
52	178	0.692867
52	179	0.678423
52	180	0.678175
53	105	2.22555
53	116	0.699638
53	136	2.2224
53	157	0.697886
53	159	0.732603
53	167	0.696319
53	168	0.697723
53	169	0.683459
53	170	0.683216
53	171	0.691054
53	173	0.664074
53	174	0.678753
53	175	0.633569
53	178	0.689563
53	179	0.675119
53	180	0.67487
54	20	0.78354
54	34	0.760265
54	40	0.729081
54	48	0.726811
54	61	0.77524
54	64	0.71958
54	85	0.739943
54	98	0.777248
54	104	0.742639
54	105	0.742643
54	151	0.687824
54	152	0.735166
54	160	3.52902
54	162	2.95984
54	177	0.682637
54	179	3.02908
55	2	0.776415
55	24	0.744294
55	28	0.755046
55	44	0.720771
55	50	0.7417
55	60	0.704363
55	69	0.753253
55	73	0.737732
55	74	0.735855
55	126	0.723543
55	131	1.84391
55	132	0.735831
55	140	0.734589
55	149	0.74705
55	150	4.5016
55	157	3.41694
56	1	0.912848
56	13	0.761441
56	17	0.696199
56	26	0.696388
56	29	0.680203
56	32	0.734607
56	58	0.717349
56	63	4.2103
56	99	0.715779
56	103	0.746153
56	114	0.725538
56	126	0.724588
56	129	0.758489
56	149	0.748095
56	153	2.80685
56	156	2.45835
57	17	0.653484
57	29	0.637488
57	45	6.4
57	63	0.65514
57	75	0.632831
57	90	0.645451
57	99	0.673064
57	114	0.682823
57	147	0.633688
57	149	0.70538
57	170	0.62728
57	174	0.622817
57	175	0.577633
57	177	0.624245
57	178	0.633627
57	180	0.618935
58	16	0.77941
58	26	0.714416
58	32	0.752635
58	56	0.717349
58	65	0.71969
58	75	0.693575
58	89	0.730846
58	99	0.733807
58	103	0.764182
58	110	2.71359
58	114	0.743567
58	117	2.90609
58	121	3.59479
58	126	0.742616
58	129	0.776517
58	149	0.766123
59	41	0.802575
59	45	0.800948
59	50	0.651998
59	67	0.729528
59	80	0.815564
59	84	0.807983
59	87	0.804201
59	94	0.79731
59	95	0.795168
59	100	0.838203
59	102	0.834762
59	143	2.86549
59	148	0.812256
59	155	0.765483
59	161	2.83905
59	178	3.18715
60	2	0.783546
60	14	0.676028
60	24	0.751425
60	28	0.762177
60	44	0.727902
60	50	0.748831
60	55	0.704363
60	73	0.744863
60	74	0.742987
60	123	1.79183
60	126	0.730674
60	132	0.742962
60	140	0.74172
60	149	0.754181
60	174	1.39992
60	175	8.11353
61	27	0.824215
61	34	0.804831
61	37	0.803318
61	48	0.771376
61	49	0.77072
61	54	0.77524
61	64	0.764146
61	85	0.784509
61	98	0.821813
61	104	0.787205
61	105	0.787208
61	144	1.10974
61	152	0.779732
61	160	2.84882
61	167	2.6664
61	176	4.56684
61	177	0.727203
62	46	0.752108
62	81	0.74658
62	96	0.732008
62	106	0.752109
62	107	0.711799
62	111	0.744926
62	118	0.731389
62	134	2.85797
62	135	0.746447
62	136	0.744635
62	137	0.738098
62	138	0.739347
62	139	0.740484
62	152	3.28601
62	153	3.68854
62	173	0.665167
62	176	0.662284
63	40	2.5897
63	56	4.2103
63	57	0.65514
63	86	0.722733
63	116	0.684952
63	123	0.763235
63	134	0.741289
63	157	0.6832
63	163	0.68496
63	169	0.668773
63	170	0.668529
63	173	0.649388
63	174	0.664066
63	175	0.618883
63	178	0.674877
63	179	0.660433
63	180	0.660184
64	15	0.776758
64	27	0.768555
64	47	0.71067
64	48	0.715716
64	49	0.71506
64	54	0.71958
64	61	0.764146
64	85	0.728849
64	98	0.766154
64	104	0.731545
64	105	0.731549
64	120	2.44069
64	140	1.94569
64	151	0.67673
64	152	0.724072
64	172	5.4042
64	177	0.671543
65	13	0.763782
65	16	0.763722
65	17	0.69854
65	29	0.682544
65	32	0.736947
65	58	0.71969
65	75	0.677887
65	89	0.715158
65	99	0.71812
65	103	0.748494
65	114	0.727879
65	115	0.762622
65	122	1.50799
65	128	0.717436
65	129	0.76083
65	141	2.52938
65	164	5.87895
66	9	0.902263
66	11	0.703149
66	30	1.86454
66	36	0.739213
66	38	0.665775
66	43	0.735343
66	50	2.42325
66	70	0.6879
66	72	0.758645
66	78	0.732199
66	79	0.725567
66	88	0.721476
66	91	0.735285
66	112	3.36922
66	127	0.666569
66	132	0.737712
66	154	0.690061
67	21	0.640708
67	35	0.636077
67	41	0.682582
67	45	0.680955
67	59	0.729528
67	71	0.656426
67	80	0.69557
67	84	0.68799
67	86	4.44026
67	87	0.684207
67	94	0.677317
67	95	0.675174
67	100	0.71821
67	102	0.714768
67	122	0.679299
67	134	4.36102
67	155	0.645489
68	7	2.32744
68	40	1.48233
68	115	1.98915
68	147	0.737522
68	163	0.747544
68	164	0.70831
68	165	0.704747
68	166	0.747159
68	167	0.744217
68	168	0.745621
68	169	0.731357
68	171	0.738952
68	174	0.72665
68	175	0.681467
68	178	0.737461
68	179	0.723017
68	180	0.722768
69	44	0.776793
69	55	0.753253
69	73	0.793754
69	74	0.791877
69	106	0.792773
69	126	0.779565
69	136	0.785299
69	137	0.778762
69	138	0.780011
69	139	0.781148
69	140	0.790611
69	148	2.45278
69	149	0.803072
69	151	3.51735
69	152	1.79713
69	166	3.4605
69	173	0.705831
69	176	0.702949
70	6	0.682087
70	9	0.889167
70	11	0.690053
70	36	0.726118
70	38	0.65268
70	42	0.725291
70	43	0.722248
70	66	0.6879
70	72	0.74555
70	78	0.719103
70	79	0.712471
70	88	0.70838
70	91	0.722189
70	129	0.746231
70	154	0.676966
70	157	3.29015
70	159	1.85861
70	165	5.15221
71	25	0.687123
71	30	0.738218
71	31	0.746797
71	35	0.682969
71	41	0.729473
71	45	0.727846
71	67	0.656426
71	80	0.742462
71	84	0.734881
71	87	0.731099
71	94	0.724208
71	95	0.722066
71	102	0.76166
71	122	0.72619
71	142	3.14554
71	148	0.739153
71	155	0.692381
71	172	5.34731
72	6	0.752832
72	36	0.796863
72	38	0.723425
72	42	0.796037
72	43	0.792993
72	66	0.758645
72	70	0.74555
72	79	0.783216
72	88	0.779125
72	91	0.792934
72	101	1.27976
72	119	3.20976
72	127	0.724219
72	129	0.816976
72	132	0.795362
72	154	0.747711
72	158	3.10351
72	171	3.68935
73	2	0.816916
73	14	0.709398
73	23	0.788284
73	24	0.784795
73	28	0.795547
73	44	0.761272
73	55	0.737732
73	60	0.744863
73	69	0.793754
73	74	0.776356
73	126	0.764044
73	132	0.776331
73	140	0.77509
73	147	2.5389
73	149	0.787551
73	151	1.66945
73	164	4.47572
73	167	2.75388
74	2	0.815039
74	14	0.707521
74	19	2.88002
74	23	0.786407
74	24	0.782918
74	28	0.79367
74	44	0.759395
74	50	0.780324
74	55	0.735855
74	60	0.742987
74	69	0.791877
74	73	0.776356
74	77	3.10009
74	97	1.58077
74	109	2.42263
74	132	0.774454
74	140	0.773213
74	149	0.785674
75	1	0.889073
75	4	0.743255
75	13	0.737666
75	17	0.672425
75	26	0.672613
75	33	0.704766
75	57	0.632831
75	58	0.693575
75	65	0.677887
75	89	0.689043
75	99	0.692004
75	103	0.722379
75	115	0.736506
75	126	0.700813
75	128	0.69132
75	131	3.74467
75	134	2.42153
75	149	0.72432
75	151	4.56979
76	96	3.18935
76	103	2.20993
76	133	0.692065
76	134	0.7362
76	142	0.718805
76	159	0.712828
76	160	0.659971
76	161	0.681025
76	162	0.66753
76	163	0.679871
76	164	0.640637
76	165	0.637074
76	168	0.677948
76	172	0.642625
76	174	0.658977
76	175	0.613794
76	178	0.669788
76	179	0.655344
76	180	0.655095
77	13	1.38545
77	74	3.10009
77	105	2.12967
77	116	0.718509
77	133	0.730711
77	150	0.706437
77	153	0.771659
77	154	0.721316
77	158	0.729878
77	159	0.751474
77	160	0.698617
77	165	0.67572
77	166	0.718132
77	169	0.702331
77	172	0.681271
77	177	0.699052
77	178	0.708434
77	179	0.69399
77	180	0.693742
78	6	0.726386
78	9	0.933466
78	11	0.734352
78	36	0.770417
78	38	0.696979
78	42	0.76959
78	43	0.766546
78	66	0.732199
78	70	0.719103
78	79	0.75677
78	88	0.752679
78	91	0.766488
78	123	1.04879
78	129	0.790529
78	132	0.768916
78	154	0.721264
78	166	3.12649
78	178	3.25266
78	180	4.16137
79	6	0.719754
79	9	0.926834
79	11	0.72772
79	36	0.763785
79	42	0.762958
79	43	0.759914
79	66	0.725567
79	70	0.712471
79	72	0.783216
79	78	0.75677
79	88	0.746047
79	91	0.759856
79	129	0.783897
79	132	0.762284
79	140	1.36146
79	154	0.714632
79	157	3.98332
79	162	3.93308
79	163	2.3882
80	21	0.726743
80	25	0.726268
80	31	0.785941
80	45	0.76699
80	59	0.815564
80	67	0.69557
80	71	0.742462
80	82	3.56466
80	84	0.774025
80	87	0.770243
80	94	0.763352
80	95	0.76121
80	102	0.800804
80	122	0.765334
80	148	0.778298
80	154	2.71108
80	155	0.731525
80	166	2.68808
80	178	2.81425
81	22	0.8
81	39	2.78092
81	62	0.74658
81	92	0.768662
81	96	0.750641
81	106	0.770742
81	107	0.730432
81	112	2.78969
81	113	2.0609
81	118	0.750022
81	128	0.748041
81	130	0.77822
81	135	0.76508
81	136	0.763268
81	137	0.756731
81	138	0.75798
81	139	0.759117
81	155	3.00148
81	173	0.6838
81	176	0.680917
82	80	3.56466
82	83	3.33535
82	131	0.711457
82	150	0.662759
82	152	0.707903
82	156	0.725944
82	158	0.6862
82	161	0.675994
82	162	0.662498
82	166	0.674454
82	167	0.671512
82	169	0.658653
82	170	0.658409
82	172	0.637593
82	175	0.608762
82	176	0.636385
82	177	0.655374
82	178	0.664756
82	179	0.650312
82	180	0.650064
83	82	3.33535
83	96	0.748285
83	106	0.768386
83	107	0.728076
83	108	0.762439
83	111	0.761202
83	115	0.79087
83	118	0.747666
83	128	0.745684
83	130	0.775864
83	135	0.762724
83	136	0.760912
83	137	0.754374
83	138	0.755623
83	139	0.75676
83	148	1.45106
83	158	2.60862
83	173	0.681443
83	174	3.83097
83	176	0.678561
84	21	0.719163
84	25	0.718687
84	31	0.778361
84	35	0.714532
84	41	0.761037
84	45	0.75941
84	59	0.807983
84	67	0.68799
84	71	0.734881
84	80	0.774025
84	87	0.762662
84	94	0.755772
84	95	0.753629
84	102	0.793223
84	122	0.757754
84	127	2.84097
84	155	0.723944
84	162	3.0457
84	170	2.8865
84	180	3.32607
85	5	0.81712
85	15	0.797121
85	37	0.768021
85	40	0.73835
85	47	0.731033
85	48	0.736079
85	49	0.735423
85	54	0.739943
85	61	0.784509
85	64	0.728849
85	98	0.786516
85	104	0.751908
85	105	0.751912
85	146	2.58666
85	151	0.697093
85	152	0.744435
85	153	1.30745
85	173	4.8439
85	177	0.691906
85	179	3.39204
86	49	1.72527
86	63	0.722733
86	67	4.44026
86	90	0.713044
86	98	0.821964
86	148	0.762033
86	157	0.709543
86	159	0.74426
86	161	0.712458
86	162	0.698963
86	163	0.711304
86	167	0.707977
86	168	0.70938
86	170	0.694873
86	171	0.702712
86	174	0.69041
86	175	0.645226
86	178	0.70122
86	179	0.686776
86	180	0.686528
87	21	0.71538
87	25	0.714905
87	31	0.774578
87	35	0.71075
87	41	0.757254
87	45	0.755627
87	59	0.804201
87	67	0.684207
87	71	0.731099
87	80	0.770243
87	84	0.762662
87	94	0.751989
87	100	0.792883
87	102	0.789441
87	112	2.22504
87	125	2.52485
87	148	0.766935
87	155	0.720162
87	163	2.89768
87	177	4.18605
88	9	0.922743
88	11	0.723629
88	36	0.759694
88	38	0.686256
88	42	0.758867
88	43	0.755823
88	66	0.721476
88	70	0.70838
88	72	0.779125
88	78	0.752679
88	79	0.746047
88	91	0.755765
88	127	0.687049
88	129	0.779806
88	132	0.758193
88	142	2.05951
88	145	2.10534
88	154	0.710541
88	172	4.26129
88	180	3.65476
89	1	0.926344
89	13	0.774937
89	16	0.774878
89	17	0.709696
89	26	0.709884
89	32	0.748103
89	33	0.742037
89	58	0.730846
89	65	0.715158
89	75	0.689043
89	103	0.75965
89	114	0.739035
89	126	0.738084
89	128	0.728591
89	129	0.771985
89	146	2.29479
89	149	0.761591
89	150	4.16583
89	168	2.24892
89	174	3.64861
90	44	5.55142
90	45	2.44858
90	57	0.645451
90	86	0.713044
90	127	0.654577
90	150	0.663191
90	153	0.728412
90	156	0.726376
90	159	0.708227
90	161	0.676425
90	162	0.66293
90	163	0.675271
90	164	0.636036
90	165	0.632473
90	166	0.674885
90	172	0.638024
90	174	0.654377
90	175	0.609193
90	179	0.650743
90	180	0.650495
91	6	0.729472
91	11	0.737438
91	36	0.773503
91	38	0.700065
91	42	0.772676
91	43	0.769632
91	66	0.735285
91	70	0.722189
91	72	0.792934
91	78	0.766488
91	79	0.759856
91	88	0.755765
91	109	2.53887
91	110	2.23527
91	127	0.700858
91	129	0.793615
91	132	0.772002
91	152	2.67104
91	154	0.72435
91	168	4.30691
92	10	0.744639
92	81	0.768662
92	96	0.754091
92	107	0.733882
92	111	0.767008
92	125	0.763194
92	128	0.75149
92	130	0.78167
92	134	1.30951
92	135	0.76853
92	136	0.766718
92	137	0.760181
92	138	0.761429
92	139	0.762566
92	144	0.75203
92	161	3.17898
92	168	3.37342
92	173	0.687249
92	176	0.684367
92	179	4.22467
93	20	2.29289
93	33	2.41186
93	114	2.48199
93	134	0.767352
93	145	0.741369
93	147	0.701
93	151	0.696745
93	153	0.764164
93	160	0.691122
93	163	0.711023
93	164	0.671788
93	165	0.668225
93	167	0.707696
93	170	0.694592
93	171	0.702431
93	172	0.673777
93	174	0.690129
93	175	0.644946
93	178	0.70094
93	179	0.686495
93	180	0.686247
94	21	0.70849
94	25	0.708014
94	31	0.767688
94	35	0.703859
94	41	0.750363
94	45	0.748737
94	59	0.79731
94	67	0.677317
94	71	0.724208
94	80	0.763352
94	84	0.755772
94	87	0.751989
94	95	0.742956
94	102	0.78255
94	122	0.747081
94	134	1.19263
94	148	0.760044
94	155	0.713271
94	157	3.02592
94	176	5.26288
94	180	3.25604
95	21	0.706347
95	25	0.705872
95	31	0.765545
95	35	0.701717
95	41	0.748221
95	45	0.746594
95	59	0.795168
95	67	0.675174
95	71	0.722066
95	80	0.76121
95	84	0.753629
95	94	0.742956
95	100	0.783849
95	102	0.780408
95	110	1.55695
95	122	0.744938
95	148	0.757902
95	155	0.711129
95	156	2.04674
95	160	4.97978
95	178	3.78225
96	8	0.810264
96	62	0.732008
96	76	3.18935
96	81	0.750641
96	83	0.748285
96	92	0.754091
96	100	0.781477
96	107	0.715861
96	108	0.750224
96	118	0.73545
96	127	3.27169
96	130	0.763649
96	135	0.750509
96	136	0.748697
96	137	0.742159
96	138	0.743408
96	139	0.744545
96	158	2.87175
96	159	2.09511
96	173	0.669228
96	176	0.666346
97	21	2.64739
97	74	1.58077
97	103	0.000621087
97	106	0.691617
97	121	0.81871
97	140	0.843194
97	142	0.83292
97	145	0.824332
97	149	0.226494
97	152	0.827049
97	157	0.792226
97	164	0.754751
97	165	0.751189
97	168	0.792063
97	169	0.777799
97	170	0.777555
97	171	0.785394
97	172	0.75674
97	175	0.727909
97	179	0.769458
97	180	0.76921
98	20	0.830113
98	27	0.826223
98	34	0.806838
98	37	0.805325
98	40	0.775654
98	47	0.768338
98	48	0.773384
98	49	0.772727
98	50	0.425136
98	54	0.777248
98	61	0.821813
98	64	0.766154
98	85	0.786516
98	86	0.821964
98	104	0.789212
98	105	0.789216
98	146	2.85249
98	152	0.781739
98	159	2.20733
98	173	5.10973
98	177	0.72921
99	4	0.783488
99	13	0.777899
99	16	0.777839
99	29	0.696661
99	32	0.751065
99	33	0.744998
99	56	0.715779
99	57	0.673064
99	58	0.733807
99	65	0.71812
99	75	0.692004
99	101	2.58862
99	103	0.762611
99	114	0.741996
99	115	0.776739
99	124	2.42795
99	126	0.741046
99	128	0.731553
99	149	0.764553
99	156	2.65319
99	177	4.76053
100	35	0.744753
100	41	0.791257
100	52	1.20457
100	59	0.838203
100	67	0.71821
100	87	0.792883
100	95	0.783849
100	96	0.781477
100	106	0.801578
100	108	0.795631
100	130	0.809056
100	137	0.787567
100	138	0.788816
100	139	0.789953
100	142	2.46633
100	146	3.04507
100	148	0.800937
100	155	0.754164
100	158	3.17655
100	166	3.0267
100	173	0.714636
100	176	0.711753
101	37	2.26933
101	72	1.27976
101	99	2.58862
101	132	1.64275
101	143	0.773349
101	144	0.767391
101	153	0.791324
101	158	0.749543
101	159	0.771139
101	160	0.718282
101	161	0.739337
101	162	0.725842
101	166	0.737797
101	168	0.736259
101	169	0.721996
101	170	0.721752
101	172	0.700936
101	174	0.717289
101	175	0.672105
101	178	0.728099
101	179	0.713655
101	180	0.713407
102	21	0.745941
102	25	0.745466
102	31	0.805139
102	35	0.741311
102	41	0.787815
102	45	0.786188
102	59	0.834762
102	67	0.714768
102	71	0.76166
102	80	0.800804
102	84	0.793223
102	87	0.789441
102	94	0.78255
102	95	0.780408
102	122	0.784533
102	134	1.05735
102	144	2.73338
102	148	0.797496
102	155	0.750723
102	156	1.53942
102	167	4.29004
102	174	4.52095
103	13	0.808273
103	17	0.743032
103	26	0.74322
103	29	0.727035
103	32	0.781439
103	33	0.775373
103	56	0.746153
103	58	0.764182
103	65	0.748494
103	75	0.722379
103	76	2.20993
103	89	0.75965
103	97	0.000621087
103	99	0.762611
103	114	0.772371
103	115	0.807113
103	126	0.771421
103	128	0.761927
103	129	0.805321
103	143	1.54699
103	149	0.794927
103	173	4.0181
103	176	4.7842
104	5	0.819816
104	15	0.799817
104	20	0.795504
104	27	0.791614
104	34	0.772229
104	37	0.770717
104	40	0.741046
104	47	0.733729
104	48	0.738775
104	49	0.738118
104	54	0.742639
104	61	0.787205
104	64	0.731545
104	85	0.751908
104	98	0.789212
104	105	0.754607
104	113	1.75131
104	117	2.03649
104	120	2.621
104	144	3.52773
104	151	0.699789
104	152	0.747131
104	169	4.76836
104	177	0.694602
105	5	0.819819
105	15	0.79982
105	20	0.795508
105	27	0.791618
105	34	0.772233
105	37	0.77072
105	40	0.741049
105	47	0.733733
105	48	0.738779
105	49	0.738122
105	53	2.22555
105	54	0.742643
105	61	0.787208
105	64	0.731549
105	77	2.12967
105	85	0.751912
105	98	0.789216
105	104	0.754607
105	144	2.83236
105	148	2.24003
105	151	0.699792
105	152	0.747134
105	166	3.24774
105	177	0.694605
106	62	0.752109
106	69	0.792773
106	81	0.770742
106	83	0.768386
106	97	0.691617
106	100	0.801578
106	107	0.735962
106	108	0.770325
106	116	2.9262
106	118	0.755552
106	125	0.765274
106	128	0.75357
106	130	0.78375
106	135	0.77061
106	136	0.768798
106	137	0.76226
106	138	0.763509
106	139	0.764646
106	141	2.84257
106	144	0.75411
106	145	2.81447
106	173	0.689329
106	176	0.686447
106	180	4.36389
107	8	0.790055
107	10	0.706409
107	62	0.711799
107	81	0.730432
107	83	0.728076
107	92	0.733882
107	96	0.715861
107	106	0.735962
107	108	0.730015
107	111	0.728778
107	113	1.7515
107	118	0.715242
107	130	0.74344
107	135	0.7303
107	136	0.728488
107	137	0.721951
107	138	0.723199
107	139	0.724336
107	144	0.7138
107	147	4.86961
107	156	2.33397
107	170	4.53862
107	173	0.649019
107	176	0.646137
108	7	0.739466
108	12	0.726911
108	18	2.00846
108	46	0.770324
108	83	0.762439
108	96	0.750224
108	100	0.795631
108	106	0.770325
108	107	0.730015
108	109	1.7074
108	111	0.763141
108	118	0.749604
108	125	0.759327
108	130	0.777803
108	131	2.73466
108	135	0.764662
108	136	0.762851
108	137	0.756313
108	138	0.757562
108	139	0.758699
108	144	0.748163
108	155	2.25171
108	172	5.14434
108	173	0.683382
108	176	0.6805
109	74	2.42263
109	91	2.53887
109	108	1.7074
109	123	0.804018
109	128	1.97996
109	142	0.764677
109	146	0.750182
109	151	0.711465
109	157	0.723983
109	158	0.737104
109	159	0.7587
109	162	0.713402
109	165	0.682946
109	167	0.722416
109	168	0.72382
109	169	0.709556
109	170	0.709312
109	171	0.717151
109	172	0.688497
109	174	0.704849
109	175	0.659666
109	178	0.71566
109	179	0.701215
109	180	0.700967
110	9	1.38146
110	19	0.794286
110	58	2.71359
110	91	2.23527
110	95	1.55695
110	119	0.764677
110	131	0.792482
110	136	1.14546
110	148	0.806594
110	156	0.806969
110	162	0.743523
110	163	0.755864
110	164	0.71663
110	165	0.713067
110	166	0.755479
110	168	0.753941
110	169	0.739677
110	170	0.739433
110	173	0.720292
110	174	0.73497
110	176	0.71741
110	177	0.736399
110	178	0.745781
110	179	0.731336
110	180	0.731088
111	10	0.739535
111	12	0.725674
111	46	0.769087
111	62	0.744926
111	83	0.761202
111	92	0.767008
111	107	0.728778
111	108	0.763141
111	115	0.791572
111	118	0.748368
111	121	2.17913
111	125	0.758091
111	130	0.776566
111	133	3.44348
111	135	0.763426
111	136	0.761614
111	137	0.755077
111	138	0.756325
111	139	0.757462
111	144	0.746926
111	151	3.45391
111	152	1.7337
111	173	0.682145
111	176	0.679263
111	179	4.22082
112	22	2.01605
112	66	3.36922
112	81	2.78969
112	87	2.22504
112	121	0.73215
112	123	0.785702
112	131	0.744044
112	140	0.756635
112	145	0.737772
112	152	0.74049
112	156	0.758531
112	158	0.718787
112	160	0.687526
112	161	0.708581
112	162	0.695085
112	163	0.707427
112	164	0.668192
112	166	0.707041
112	167	0.704099
112	172	0.67018
112	174	0.686533
112	175	0.641349
112	177	0.687961
112	178	0.697343
112	179	0.682899
112	180	0.682651
113	12	2.55867
113	27	2.27762
113	81	2.0609
113	104	1.75131
113	107	1.7515
113	116	0.750124
113	134	0.806461
113	146	0.774571
113	151	0.735854
113	153	0.803273
113	155	0.754089
113	159	0.783088
113	161	0.751286
113	163	0.750132
113	164	0.710897
113	165	0.707335
113	167	0.746805
113	169	0.733945
113	170	0.733701
113	171	0.74154
113	172	0.712886
113	174	0.729238
113	175	0.684055
113	178	0.740049
113	179	0.725604
113	180	0.725356
114	1	0.581636
114	3	0.346817
114	4	0.793247
114	13	0.787658
114	16	0.787599
114	17	0.722417
114	26	0.722605
114	29	0.70642
114	32	0.760824
114	33	0.754758
114	56	0.725538
114	57	0.682823
114	58	0.743567
114	65	0.727879
114	89	0.739035
114	93	2.48199
114	99	0.741996
114	103	0.772371
114	115	0.786498
114	126	0.750806
114	128	0.741312
114	129	0.784706
114	142	1.87004
114	149	0.774312
114	150	4.31983
114	173	4.70602
115	1	1.01801
115	3	0.701872
115	13	0.822401
115	32	0.795566
115	33	0.7895
115	65	0.762622
115	68	1.98915
115	75	0.736506
115	83	0.79087
115	99	0.776739
115	103	0.807113
115	111	0.791572
115	114	0.786498
115	118	0.778036
115	128	0.776055
115	135	0.793094
115	136	0.791282
115	137	0.784745
115	139	0.78713
115	143	2.75841
115	158	3.10375
115	168	2.92641
115	173	0.711813
115	176	0.708931
115	177	3.4519
116	37	3.54042
116	53	0.699638
116	63	0.684952
116	77	0.718509
116	106	2.9262
116	113	0.750124
116	122	0.711288
116	132	2.91384
116	145	0.703868
116	147	0.663499
116	148	0.724252
116	150	0.661442
116	153	0.726663
116	155	0.677479
116	161	0.674676
116	162	0.661181
116	163	0.673522
116	167	0.670195
116	169	0.657335
116	170	0.657091
116	171	0.66493
116	174	0.652628
116	175	0.607445
116	178	0.663439
116	179	0.648994
116	180	0.648746
117	46	1.16139
117	58	2.90609
117	104	2.03649
117	120	0.812229
117	126	1.51858
117	129	0.694839
117	133	0.762107
117	141	0.770375
117	151	0.735636
117	153	0.803055
117	160	0.730013
117	161	0.751068
117	162	0.737573
117	163	0.749914
117	166	0.749528
117	167	0.746587
117	168	0.747991
117	169	0.733727
117	171	0.741322
117	172	0.712667
117	175	0.683836
117	176	0.711459
117	177	0.730448
117	178	0.73983
117	179	0.725386
117	180	0.725138
118	7	0.724693
118	12	0.712138
118	30	0.0593941
118	46	0.755551
118	62	0.731389
118	81	0.750022
118	83	0.747666
118	96	0.73545
118	106	0.755552
118	107	0.715242
118	108	0.749604
118	111	0.748368
118	115	0.778036
118	125	0.744554
118	130	0.76303
118	135	0.749889
118	136	0.748078
118	137	0.74154
118	138	0.742789
118	139	0.743926
118	144	0.73339
118	161	2.80515
118	171	3.76277
118	173	0.668609
118	174	4.39928
118	176	0.665727
118	180	4.06196
119	22	3.73516
119	36	3.85508
119	72	3.20976
119	110	0.764677
119	131	0.718961
119	134	0.738672
119	141	0.702805
119	150	0.670263
119	157	0.680583
119	160	0.662443
119	161	0.683497
119	162	0.670002
119	163	0.682343
119	165	0.639546
119	166	0.681957
119	168	0.68042
119	169	0.666156
119	170	0.665912
119	171	0.673751
119	172	0.645097
119	174	0.661449
119	175	0.616266
119	176	0.643889
119	177	0.662878
119	178	0.67226
119	179	0.657815
119	180	0.657567
120	9	1.38816
120	15	1.85131
120	64	2.44069
120	104	2.621
120	117	0.812229
120	121	0.760569
120	122	0.773612
120	135	1.88378
120	145	0.766191
120	146	0.760285
120	158	0.747206
120	160	0.715945
120	161	0.737
120	163	0.735846
120	164	0.696611
120	166	0.73546
120	167	0.732519
120	168	0.733922
120	169	0.719659
120	171	0.727254
120	172	0.698599
120	174	0.714952
120	175	0.669768
120	176	0.697391
120	177	0.71638
120	178	0.725762
120	179	0.711318
120	180	0.71107
121	4	1.91738
121	58	3.59479
121	97	0.81871
121	111	2.17913
121	112	0.73215
121	120	0.760569
121	128	2.55756
121	143	0.733421
121	144	0.727463
121	146	0.722693
121	151	0.683976
121	152	0.731318
121	156	0.749359
121	157	0.696494
121	160	0.678354
121	163	0.698254
121	165	0.655457
121	166	0.697869
121	168	0.696331
121	171	0.689662
121	172	0.661008
121	173	0.662682
121	174	0.67736
121	175	0.632177
121	176	0.6598
121	178	0.688171
121	179	0.673727
121	180	0.673478
122	21	0.710472
122	26	2.80751
122	45	0.750719
122	48	1.86734
122	65	1.50799
122	67	0.679299
122	71	0.72619
122	80	0.765334
122	84	0.757754
122	94	0.747081
122	95	0.744938
122	102	0.784533
122	116	0.711288
122	120	0.773612
122	135	1.69806
122	136	1.73676
122	147	0.701274
122	148	0.762026
122	152	0.74436
122	155	0.715253
122	156	0.762402
122	161	0.712451
122	167	0.70797
122	171	0.702705
122	172	0.67405
122	177	0.691831
122	178	0.701213
122	179	0.686769
122	180	0.686521
123	36	1.52128
123	43	2.36052
123	47	2.62865
123	60	1.79183
123	63	0.763235
123	78	1.04879
123	109	0.804018
123	112	0.785702
123	124	0.826322
123	128	1.69779
123	141	0.772267
123	143	0.786972
123	150	0.739725
123	156	0.80291
123	158	0.763166
123	162	0.739464
123	163	0.751806
123	164	0.712571
123	165	0.709008
123	166	0.75142
123	168	0.749882
123	169	0.735618
123	170	0.735375
123	171	0.743213
123	172	0.714559
123	174	0.730912
123	175	0.685728
123	178	0.741722
123	179	0.727278
123	180	0.727029
124	11	2.20835
124	32	1.60151
124	99	2.42795
124	123	0.826322
124	130	0.86822
124	134	0.804376
124	139	1.69808
124	141	0.768508
124	143	0.783213
124	145	0.778393
124	146	0.772486
124	149	0.87286
124	153	0.801188
124	157	0.746287
124	158	0.759407
124	162	0.735706
124	163	0.748047
124	164	0.708812
124	165	0.705249
124	166	0.747661
124	167	0.74472
124	168	0.746124
124	169	0.73186
124	170	0.731616
124	171	0.739455
124	172	0.7108
124	174	0.727153
124	178	0.737963
124	179	0.723519
124	180	0.723271
125	6	2.52224
125	19	0.752326
125	31	2.40275
125	37	2.78004
125	44	1.37013
125	87	2.52485
125	92	0.763194
125	106	0.765274
125	108	0.759327
125	111	0.758091
125	118	0.744554
125	130	0.772752
125	135	0.759612
125	136	0.7578
125	138	0.752512
125	139	0.753649
125	146	0.738343
125	150	0.701823
125	162	0.701563
125	168	0.711981
125	170	0.697473
125	171	0.705312
125	172	0.676657
125	173	0.678332
125	174	0.69301
125	176	0.675449
125	178	0.70382
125	179	0.689376
125	180	0.689128
126	1	0.580686
126	2	0.802727
126	14	0.695209
126	16	0.786648
126	23	0.774095
126	24	0.770606
126	28	0.781358
126	29	0.70547
126	32	0.759874
126	44	0.747083
126	55	0.723543
126	56	0.724588
126	58	0.742616
126	60	0.730674
126	69	0.779565
126	73	0.764044
126	75	0.700813
126	89	0.738084
126	99	0.741046
126	103	0.771421
126	114	0.750806
126	117	1.51858
126	128	0.740362
126	132	0.762142
126	133	3.47162
126	140	0.760901
126	141	2.93876
126	149	0.773362
126	153	2.16437
126	154	3.44821
126	170	4.02052
127	9	0.867837
127	38	0.631349
127	42	0.703961
127	43	0.700917
127	66	0.666569
127	72	0.724219
127	84	2.84097
127	88	0.687049
127	90	0.654577
127	91	0.700858
127	96	3.27169
127	129	0.7249
127	132	0.703286
127	133	0.66503
127	134	0.709166
127	137	4.07383
127	145	0.683183
127	154	0.655635
127	160	0.632936
127	161	0.653991
127	168	0.650914
127	169	0.63665
127	173	0.617265
127	174	0.631943
127	176	0.614382
127	177	0.633371
127	179	0.628309
127	180	0.628061
128	4	0.782804
128	13	0.777215
128	22	0.782828
128	26	0.712162
128	29	0.695977
128	65	0.717436
128	75	0.69132
128	81	0.748041
128	83	0.745684
128	89	0.728591
128	92	0.75149
128	99	0.731553
128	103	0.761927
128	106	0.75357
128	109	1.97996
128	114	0.741312
128	115	0.776055
128	121	2.55756
128	123	1.69779
128	126	0.740362
128	130	0.761048
128	135	0.747908
128	136	0.746096
128	137	0.739559
128	138	0.740807
128	139	0.741945
128	145	3.26095
128	148	2.76777
128	149	0.763869
128	161	3.55356
128	173	0.666628
128	176	0.663745
129	1	0.614587
129	6	0.753513
129	11	0.761479
129	16	0.820549
129	26	0.755556
129	29	0.739371
129	32	0.793775
129	36	0.797544
129	38	0.724106
129	51	1.47363
129	56	0.758489
129	58	0.776517
129	65	0.76083
129	70	0.746231
129	72	0.816976
129	78	0.790529
129	79	0.783897
129	88	0.779806
129	89	0.771985
129	91	0.793615
129	103	0.805321
129	114	0.784706
129	117	0.694839
129	127	0.7249
129	132	0.796043
129	144	2.18608
129	145	2.08692
129	147	3.52776
129	149	0.807263
129	154	0.748392
129	167	3.74274
129	172	4.24286
130	7	0.752891
130	8	0.837843
130	10	0.754197
130	12	0.740336
130	22	0.813008
130	51	1.57496
130	81	0.77822
130	83	0.775864
130	92	0.78167
130	96	0.763649
130	100	0.809056
130	106	0.78375
130	107	0.74344
130	108	0.777803
130	111	0.776566
130	118	0.76303
130	124	0.86822
130	125	0.772752
130	128	0.761048
130	135	0.778088
130	136	0.776276
130	137	0.769739
130	138	0.770987
130	139	0.772124
130	144	0.761588
130	153	1.44196
130	158	2.85264
130	160	4.02649
130	173	0.696807
130	176	0.693925
130	179	3.52655
130	180	3.73767
131	8	2.48249
131	55	1.84391
131	75	3.74467
131	82	0.711457
131	108	2.73466
131	110	0.792482
131	112	0.744044
131	119	0.718961
131	133	0.722342
131	134	0.766477
131	138	0.774293
131	142	0.749082
131	146	0.734587
131	150	0.698068
131	153	0.763289
131	157	0.708388
131	159	0.743104
131	160	0.690248
131	161	0.711302
131	162	0.697807
131	163	0.710148
131	165	0.667351
131	166	0.709763
131	168	0.708225
131	169	0.693961
131	171	0.701556
131	172	0.672902
131	175	0.644071
131	176	0.671694
131	178	0.700065
131	179	0.68562
131	180	0.685372
132	2	0.815014
132	11	0.739866
132	14	0.707496
132	23	0.786382
132	24	0.782893
132	28	0.793645
132	36	0.775931
132	38	0.702493
132	43	0.77206
132	44	0.75937
132	55	0.735831
132	60	0.742962
132	66	0.737712
132	72	0.795362
132	73	0.776331
132	74	0.774454
132	78	0.768916
132	79	0.762284
132	88	0.758193
132	91	0.772002
132	101	1.64275
132	116	2.91384
132	126	0.762142
132	127	0.703286
132	129	0.796043
132	140	0.773188
132	148	2.30894
132	149	0.785649
132	152	1.65329
132	153	2.05582
132	154	0.726778
132	161	3.09473
132	174	4.68885
133	9	2.00524
133	35	3.87966
133	76	0.692065
133	77	0.730711
133	111	3.44348
133	117	0.762107
133	126	3.47162
133	127	0.66503
133	131	0.722342
133	141	0.706185
133	146	0.710163
133	147	0.675701
133	150	0.673644
133	153	0.738865
133	156	0.736829
133	157	0.683964
133	158	0.697084
133	159	0.71868
133	165	0.642926
133	166	0.685338
133	167	0.682397
133	168	0.683801
133	170	0.669293
133	171	0.677132
133	172	0.648478
133	173	0.650152
133	174	0.66483
133	175	0.619647
133	177	0.666258
133	178	0.675641
133	179	0.661196
133	180	0.660948
134	62	2.85797
134	63	0.741289
134	67	4.36102
134	75	2.42153
134	76	0.7362
134	92	1.30951
134	93	0.767352
134	94	1.19263
134	102	1.05735
134	113	0.806461
134	119	0.738672
134	124	0.804376
134	127	0.709166
134	131	0.766477
134	141	0.750321
134	152	0.762923
134	156	0.780965
134	157	0.728099
134	158	0.74122
134	160	0.709959
134	161	0.731014
134	163	0.72986
134	165	0.687062
134	166	0.729474
134	167	0.726533
134	169	0.713673
134	170	0.713429
134	171	0.721268
134	174	0.708966
134	175	0.663782
134	178	0.719776
134	179	0.705332
134	180	0.705084
135	7	0.739751
135	8	0.824703
135	10	0.741057
135	12	0.727196
135	22	0.799868
135	46	0.770609
135	62	0.746447
135	81	0.76508
135	83	0.762724
135	92	0.76853
135	96	0.750509
135	106	0.77061
135	107	0.7303
135	108	0.764662
135	111	0.763426
135	115	0.793094
135	118	0.749889
135	120	1.88378
135	122	1.69806
135	125	0.759612
135	128	0.747908
135	130	0.778088
135	136	0.763136
135	137	0.756598
135	138	0.757847
135	139	0.758984
135	142	2.64552
