1	22	0.973959
1	28	0.713606
1	41	1.02623
1	42	1.0226
1	80	1.08803
1	94	1.08225
1	98	1.05665
1	103	1.08282
1	139	0.956098
1	145	0.988796
1	172	1.07034
1	177	1.20602
2	16	0.440036
2	23	1.06688
2	41	1.14383
2	64	1.19091
2	67	1.18587
2	94	1.19984
2	98	1.17425
2	103	1.20042
2	171	0.599937
2	172	1.18793
2	176	0.629752
2	177	1.32361
3	127	1.18078
3	135	1.17598
3	137	1.20565
3	146	1.21747
3	148	0.582213
3	149	1.20327
3	155	1.22071
3	157	1.20883
3	161	1.18663
3	164	0.714077
3	171	0.69952
3	174	0.751978
4	122	1.08995
4	128	0.823837
4	135	1.01942
4	139	1.05276
4	142	1.03093
4	146	1.06091
4	149	1.04672
4	152	1.06814
4	161	1.03007
4	165	0.902261
4	171	0.935839
4	177	1.20092
5	43	0.457898
5	50	1.29053
5	61	1.2883
5	62	1.1917
5	76	1.17621
5	117	1.20014
5	121	1.15073
5	129	1.15879
5	158	0.789487
5	167	0.713233
5	170	1.14537
5	174	0.769813
6	57	1.27196
6	65	0.75009
6	79	1.17362
6	102	0.596402
6	120	1.10623
6	123	1.20016
6	124	1.26425
6	131	1.24051
6	133	1.22314
6	139	0.654099
6	170	0.752699
6	174	1.12853
7	90	0.508131
7	121	1.19379
7	129	1.20185
7	152	1.27971
7	160	0.59532
7	161	1.24164
7	168	0.735399
7	170	1.18843
7	171	0.704014
7	172	1.27681
7	177	1.41249
8	19	1.14222
8	32	1.24921
8	37	1.24078
8	39	1.25476
8	48	1.12459
8	72	1.22724
8	115	0.645678
8	128	0.640307
8	145	1.20769
8	154	1.1511
8	165	0.718731
8	166	0.74534
9	16	0.660419
9	43	0.560863
9	57	1.25275
9	66	1.217
9	111	0.694856
9	112	1.20255
9	120	1.08702
9	123	1.18095
9	124	1.24505
9	131	1.2213
9	133	1.20393
9	153	0.80914
10	112	1.21057
10	120	1.09503
10	124	1.25306
10	131	1.22931
10	133	1.21195
10	138	0.525648
10	150	1.24
10	151	0.633373
10	158	1.14052
10	172	1.22018
10	173	0.872638
10	175	0.720066
11	50	0.483733
11	79	0.616841
11	157	0.579391
11	165	1.25581
11	169	1.19712
11	173	1.16678
11	175	1.21806
11	176	1.20234
11	177	0.370341
11	178	1.2157
11	179	1.20247
11	180	1.16554
12	70	0.598494
12	116	1.18744
12	137	1.20067
12	141	1.23085
12	142	1.18252
12	149	1.1983
12	155	1.21574
12	157	1.20386
12	160	0.631896
12	161	1.18165
12	164	0.755147
12	178	0.768473
13	14	1.29503
13	61	1.26971
13	62	1.17311
13	81	1.23629
13	109	1.144
13	117	1.18155
13	119	1.16544
13	129	1.1402
13	139	0.611649
13	145	0.644346
13	153	0.65571
13	180	0.840567
14	13	1.29503
14	18	0.496953
14	76	1.18642
14	81	1.26509
14	109	1.17281
14	119	1.19425
14	121	1.16094
14	129	1.169
14	160	0.660742
14	166	0.762467
14	170	1.15558
14	174	0.821893
15	29	1.2405
15	38	0.527284
15	65	0.746439
15	66	1.23776
15	112	1.22332
15	120	1.10778
15	123	1.20172
15	131	1.24206
15	133	1.2247
15	140	0.770776
15	171	0.70569
15	174	1.13009
16	2	0.440036
16	9	0.660419
16	64	0.562761
16	114	1.24808
16	133	0.565294
16	157	1.26182
16	161	1.23961
16	170	1.1864
16	174	1.17194
16	178	1.18936
16	179	1.17613
16	180	1.1392
17	24	1.13059
17	25	0.96853
17	31	1.05742
17	35	1.0774
17	45	1.02927
17	55	0.988495
17	58	1.1177
17	96	0.813628
17	138	0.834855
17	145	1.03161
17	177	1.20613
17	179	1.01237
18	14	0.496953
18	59	0.718894
18	89	0.51612
18	106	0.404829
18	165	1.24744
18	169	1.18875
18	171	1.22493
18	175	1.20969
18	176	1.19397
18	178	1.20733
18	179	1.19409
18	180	1.15717
19	8	1.14222
19	32	1.06245
19	37	1.05402
19	39	1.06799
19	56	1.13715
19	70	0.804629
19	72	1.04048
19	128	0.834723
19	132	1.11141
19	145	1.02093
19	154	0.964338
19	169	1.0263
20	107	0.731628
20	122	0.701763
20	157	0.707375
20	158	1.07368
20	164	1.09054
20	165	1.10804
20	169	1.04935
20	171	1.08553
20	175	1.07029
20	178	1.06793
20	179	1.0547
20	180	1.01777
21	76	0.764762
21	93	0.703801
21	105	0.670139
21	165	1.11099
21	166	1.09769
21	167	1.1051
21	168	1.08101
21	173	1.02196
21	176	1.05752
21	178	1.07087
21	179	1.05764
21	180	1.02072
22	1	0.973959
22	64	1.07068
22	65	0.989391
22	80	1.0854
22	94	1.07961
22	98	1.05402
22	103	1.08019
22	126	0.939817
22	130	0.734604
22	158	0.988038
22	172	1.0677
22	177	1.20338
23	2	1.06688
23	166	1.01189
23	167	1.0193
23	168	0.995205
23	169	0.966491
23	171	1.00267
23	173	0.936153
23	177	1.04621
23	178	0.985071
23	179	0.971837
23	180	0.934914
24	17	1.13059
24	25	1.1223
24	31	1.21118
24	45	1.18304
24	55	1.14226
24	58	1.27146
24	139	0.614582
24	140	0.734911
24	145	1.18538
24	156	0.551089
24	173	0.852886
24	177	1.3599
25	17	0.96853
25	24	1.1223
25	35	1.06911
25	45	1.02097
25	55	0.980199
25	58	1.1094
25	130	0.717824
25	132	1.1138
25	145	1.02332
25	174	0.98432
25	176	0.961677
25	177	1.19784
26	32	0.559531
26	95	0.496343
26	127	0.539925
26	137	0.45525
26	159	1.26124
26	160	1.2983
26	171	1.20953
26	173	1.14301
26	175	1.19429
26	178	1.19193
26	179	1.17869
26	180	1.14177
27	93	1.21432
27	99	1.19483
27	135	1.16909
27	137	1.19876
27	141	1.22894
27	151	0.616975
27	155	1.21383
27	157	1.20195
27	160	0.564483
27	161	1.17974
27	170	0.716537
27	173	0.85624
28	1	0.713606
28	71	0.388262
28	99	0.55139
28	157	0.490578
28	167	1.24875
28	169	1.19595
28	171	1.23213
28	173	1.16561
28	176	1.20117
28	178	1.21453
28	179	1.20129
28	180	1.16437
29	15	1.2405
29	53	1.23068
29	79	1.11389
29	123	1.14043
29	131	1.18077
29	133	1.16341
29	154	0.778777
29	158	1.09198
29	160	0.534409
29	172	1.17164
29	173	0.826166
29	174	1.0688
29	180	0.81678
30	112	0.588894
30	117	0.60831
30	132	0.529162
30	163	1.22986
30	164	1.16762
30	165	1.18512
30	166	1.17183
30	171	1.16261
30	172	0.522616
30	176	1.13165
30	178	1.14501
30	179	1.13178
30	180	1.09485
31	17	1.05742
31	24	1.21118
31	35	1.158
31	45	1.10986
31	55	1.06909
31	58	1.19829
31	132	1.20269
31	139	0.612709
31	145	1.11221
31	154	0.803624
31	176	0.697765
31	177	1.28673
31	180	0.841627
32	8	1.24921
32	19	1.06245
32	26	0.559531
32	37	1.16101
32	39	1.17499
32	63	1.19342
32	72	1.14747
32	108	0.676932
32	128	0.729903
32	132	1.21841
32	145	1.12792
32	154	1.07133
32	174	0.894363
33	83	0.990913
33	118	1.0193
33	122	1.0759
33	136	1.05402
33	141	1.06522
33	146	1.04686
33	149	1.03267
33	152	1.05409
33	155	1.05011
33	161	1.01602
33	170	0.918583
33	173	1.05829
33	179	0.888807
34	44	1.28966
34	59	1.12205
34	63	1.21034
34	74	1.23517
34	92	0.632814
34	109	1.11253
34	119	1.13397
34	121	1.10066
34	129	1.10872
34	139	0.732777
34	162	0.772097
34	170	1.0953
34	176	0.817834
35	17	1.0774
35	25	1.06911
35	31	1.158
35	45	1.12985
35	55	1.08907
35	58	1.21827
35	130	0.58532
35	132	1.22267
35	145	1.13219
35	151	0.743156
35	164	0.813915
35	177	1.30671
35	179	0.812942
36	57	0.558714
36	99	0.633767
36	131	0.53142
36	141	0.534584
36	163	1.24016
36	164	1.17791
36	168	1.16544
36	169	1.13673
36	175	1.15767
36	176	1.14195
36	178	1.15531
36	179	1.14207
36	180	1.10515
37	8	1.24078
37	19	1.05402
37	32	1.16101
37	39	1.16656
37	56	1.23572
37	72	1.13904
37	92	0.525209
37	113	1.13236
37	132	1.20997
37	154	1.0629
37	173	0.863477
37	175	0.710904
37	180	0.854091
38	15	0.527284
38	109	0.633261
38	155	0.566058
38	157	0.609906
38	166	1.19099
38	167	1.1984
38	168	1.17431
38	173	1.11525
38	175	1.16653
38	176	1.15081
38	178	1.16417
38	179	1.15094
38	180	1.11402
39	8	1.25476
39	19	1.06799
39	32	1.17499
39	37	1.16656
39	72	1.15302
39	113	1.14634
39	132	1.22395
39	145	1.13347
39	148	0.688913
39	154	1.07688
39	159	0.715231
39	160	0.697526
39	170	0.84958
40	46	1.24985
40	57	1.16891
40	112	1.11871
40	120	1.00318
40	123	1.09711
40	124	1.16121
40	131	1.13746
40	133	1.12009
40	151	0.758349
40	159	0.723563
40	172	1.12833
40	174	1.02549
40	178	0.842434
40	179	0.828135
41	1	1.02623
41	2	1.14383
41	64	1.12295
41	67	1.11791
41	80	1.13767
41	98	1.10629
41	103	1.13246
41	128	0.758595
41	138	0.706669
41	158	1.04031
41	160	0.761903
41	172	1.11998
41	174	0.923055
41	177	1.25566
42	1	1.0226
42	67	1.11428
42	80	1.13404
42	94	1.12826
42	98	1.10266
42	103	1.12883
42	132	1.16799
42	138	0.690201
42	143	0.723728
42	158	1.03668
42	167	0.850007
42	172	1.11635
42	177	1.25203
42	178	0.882012
43	5	0.457898
43	9	0.560863
43	55	1.16435
43	83	0.676262
43	103	1.25879
43	149	0.538808
43	172	1.24631
43	176	1.14753
43	177	1.38199
43	178	1.16089
43	179	1.14765
43	180	1.11073
44	34	1.28966
44	61	1.32461
44	65	0.71408
44	74	1.32155
44	76	1.21252
44	78	1.25155
44	117	1.23645
44	121	1.18704
44	129	1.1951
44	143	0.542929
44	147	0.648599
44	162	0.657408
44	170	1.18168
44	171	0.67333
45	17	1.02927
45	24	1.18304
45	25	1.02097
45	31	1.10986
45	35	1.12985
45	55	1.04094
45	58	1.17014
45	132	1.17454
45	145	1.08406
45	156	0.705115
45	159	0.73286
45	174	0.876307
45	177	1.25858
45	179	0.837433
46	40	1.24985
46	79	1.22785
46	92	0.501749
46	120	1.16045
46	124	1.31848
46	128	0.544952
46	131	1.29473
46	133	1.27737
46	140	0.722041
46	145	0.634411
46	158	1.20594
46	172	1.2856
46	173	0.840017
46	174	1.18276
47	68	0.662558
47	78	0.614362
47	133	0.57227
47	161	0.601956
47	162	1.16041
47	167	1.16349
47	168	1.1394
47	169	1.11068
47	173	1.08035
47	175	1.13162
47	176	1.11591
47	178	1.12926
47	179	1.11603
47	180	1.07911
48	8	1.12459
48	72	1.02285
48	136	0.839118
48	137	0.840598
48	145	1.0033
48	158	0.962473
48	160	1.06309
48	161	0.857854
48	167	0.990948
48	172	1.04214
48	175	0.959078
48	177	1.17782
48	178	0.95672
48	180	0.906563
49	75	1.16065
49	95	1.18484
49	97	0.563262
49	99	1.18816
49	140	0.732062
49	141	1.22227
49	152	1.21114
49	154	1.11281
49	155	1.20716
49	157	1.19528
49	161	1.17307
49	168	0.69836
49	169	0.746549
49	177	1.34392
49	178	0.694858
50	5	1.29053
50	11	0.483733
50	54	1.28974
50	59	1.15923
50	74	1.27235
50	81	1.24199
50	109	1.14971
50	117	1.18725
50	121	1.13784
50	129	1.1459
50	138	0.528726
50	140	0.75774
50	170	1.13248
50	173	0.875716
50	179	0.706237
51	74	0.630826
51	133	0.65483
51	141	0.679577
51	151	1.1612
51	160	1.18891
51	161	0.684516
51	166	1.10937
51	168	1.09268
51	171	1.10015
51	173	1.03363
51	175	1.0849
51	176	1.06919
51	178	1.08255
51	179	1.06931
51	180	1.03239
52	81	0.543958
52	107	0.564901
52	131	0.499113
52	141	0.502278
52	153	1.23864
52	163	1.27985
52	165	1.2351
52	166	1.22181
52	172	0.460618
52	173	1.14608
52	175	1.19735
52	176	1.18164
52	178	1.19499
52	179	1.18176
52	180	1.14484
53	29	1.23068
53	66	1.22795
53	96	0.502079
53	112	1.2135
53	120	1.09797
53	123	1.1919
53	124	1.25599
53	131	1.23224
53	133	1.21488
53	140	0.752321
53	166	0.680266
53	169	0.766809
53	170	0.730594
53	172	1.22312
53	174	1.12027
54	50	1.28974
54	74	1.28446
54	76	1.17543
54	81	1.2541
54	109	1.16181
54	117	1.19936
54	118	0.307311
54	119	1.18326
54	121	1.14995
54	129	1.15801
54	158	0.782134
54	167	0.705879
54	170	1.14459
54	175	0.740491
54	178	0.737884
55	17	0.988495
55	24	1.14226
55	25	0.980199
55	31	1.06909
55	35	1.08907
55	43	1.16435
55	45	1.04094
55	58	1.12936
55	132	1.13377
55	145	1.04328
55	147	0.810067
55	154	0.970472
55	160	0.726104
55	164	0.849355
55	177	1.2178
56	19	1.13715
56	37	1.23572
56	72	1.22218
56	104	1.16453
56	112	1.23185
56	123	1.21025
56	124	1.27434
56	144	0.675798
56	159	0.640992
56	163	0.617013
56	170	1.15309
56	172	1.24147
56	174	1.13862
56	176	0.761796
56	179	0.745564
57	6	1.27196
57	9	1.25275
57	36	0.558714
57	40	1.16891
57	66	1.20949
57	79	1.14691
57	110	0.715932
57	124	1.23754
57	131	1.21379
57	133	1.19643
57	138	0.610143
57	163	0.659102
57	168	0.805455
57	172	1.20466
57	174	1.10182
58	17	1.1177
58	24	1.27146
58	25	1.1094
58	31	1.19829
58	35	1.21827
58	45	1.17014
58	55	1.12936
58	96	0.580951
58	113	0.721628
58	115	0.659476
58	132	1.26297
58	145	1.17248
58	159	0.675117
58	175	0.796597
58	177	1.347
59	18	0.718894
59	34	1.12205
59	50	1.15923
59	60	0.695974
59	62	1.06041
59	74	1.15394
59	81	1.12359
59	106	1.19774
59	117	1.06885
59	119	1.05274
59	121	1.01943
59	129	1.0275
59	138	0.827449
59	170	1.01408
59	176	1.02119
60	59	0.695974
60	93	0.448447
60	135	0.556226
60	149	0.502862
60	151	1.27012
60	155	0.449061
60	162	1.2226
60	166	1.21828
60	167	1.22569
60	168	1.2016
60	175	1.19382
60	176	1.1781
60	178	1.19146
60	179	1.17823
60	180	1.1413
61	5	1.2883
61	13	1.26971
61	44	1.32461
61	62	1.17659
61	76	1.16109
61	109	1.14748
61	117	1.18503
61	119	1.16892
61	121	1.13561
61	129	1.14368
61	138	0.539265
61	153	0.692014
61	164	0.71775
61	174	0.755651
61	178	0.731076
62	5	1.1917
62	13	1.17311
62	59	1.06041
62	61	1.17659
62	76	1.0645
62	109	1.05088
62	113	0.78956
62	115	0.727408
62	117	1.08843
62	119	1.07232
62	121	1.03902
62	126	0.825214
62	129	1.04708
62	170	1.03366
62	180	1.00772
63	32	1.19342
63	34	1.21034
63	72	1.17144
63	117	1.15713
63	119	1.14102
63	129	1.11578
63	137	1.17459
63	147	0.756015
63	152	1.19364
63	154	1.09531
63	155	1.18966
63	156	0.662012
63	161	1.15557
63	163	0.665778
63	165	0.747168
63	178	0.808629
64	2	1.19091
64	16	0.562761
64	22	1.07068
64	41	1.12295
64	67	1.16499
64	80	1.18475
64	88	0.860253
64	94	1.17896
64	98	1.15337
64	103	1.17954
64	143	0.592261
64	158	1.08739
64	172	1.16705
64	174	0.77512
64	175	0.753152
64	177	1.30273
65	6	0.75009
65	15	0.746439
65	22	0.989391
65	44	0.71408
65	104	1.05492
65	114	1.10515
65	153	1.09008
65	155	1.13078
65	157	1.1189
65	161	1.09669
65	164	1.06904
65	170	1.04348
65	174	1.02901
65	178	1.04643
65	179	1.0332
65	180	0.996278
66	9	1.217
66	15	1.23776
66	53	1.22795
66	57	1.20949
66	70	0.59921
66	112	1.15929
66	120	1.04376
66	123	1.13769
66	131	1.17804
66	133	1.16067
66	159	0.650317
66	165	0.707728
66	172	1.16891
66	174	1.06607
66	176	0.771121
66	180	0.914983
67	2	1.18587
67	41	1.11791
67	42	1.11428
67	64	1.16499
67	80	1.17971
67	94	1.17393
67	98	1.14833
67	103	1.1745
67	145	0.649544
67	154	0.807761
67	158	1.08235
67	165	0.63851
67	172	1.16202
67	176	0.701903
67	177	1.2977
67	180	0.845764
68	47	0.662558
68	82	1.07362
68	108	0.65051
68	116	1.12977
68	136	1.16198
68	137	1.14301
68	142	1.12485
68	146	1.15483
68	152	1.16206
68	154	1.06372
68	155	1.15807
68	157	1.1462
68	159	0.724493
68	161	1.12399
68	169	0.895057
68	171	0.815483
68	172	1.15915
69	85	1.29871
69	86	1.34251
69	89	1.29871
69	104	1.1829
69	105	1.29805
69	107	1.22992
69	114	1.23314
69	115	0.552959
69	134	0.653374
69	144	0.603407
69	169	0.739164
69	170	1.17146
69	174	1.157
69	178	0.687472
70	12	0.598494
70	19	0.804629
70	66	0.59921
70	74	0.559095
70	142	0.662113
70	162	1.16386
70	163	1.21757
70	167	1.16694
70	168	1.14285
70	169	1.11414
70	171	1.15032
70	173	1.0838
70	175	1.13507
70	176	1.11936
70	178	1.13272
70	179	1.11948
70	180	1.08256
71	28	0.388262
71	82	1.16015
71	83	1.18541
71	87	0.671267
71	93	1.2451
71	118	1.21379
71	136	1.24851
71	141	1.25972
71	142	1.21138
71	147	0.661264
71	153	0.674816
71	155	1.2446
71	158	0.758128
71	161	1.21052
71	166	0.679027
71	172	1.24568
71	177	1.38136
72	8	1.22724
72	19	1.04048
72	32	1.14747
72	37	1.13904
72	39	1.15302
72	48	1.02285
72	56	1.22218
72	63	1.17144
72	113	1.11882
72	126	0.794093
72	132	1.19643
72	145	1.10595
72	154	1.04936
72	156	0.684183
72	163	0.687949
72	174	0.855375
72	179	0.816501
73	83	0.714311
73	120	0.709602
73	121	0.655053
73	153	1.17352
73	161	0.533473
73	163	1.21473
73	164	1.15248
73	165	1.16999
73	169	1.1113
73	171	1.14748
73	173	1.08096
73	175	1.13223
73	176	1.11652
73	177	0.357854
73	178	1.12987
73	179	1.11664
73	180	1.07972
74	34	1.23517
74	44	1.32155
74	50	1.27235
74	51	0.630826
74	54	1.28446
74	59	1.15394
74	70	0.559095
74	81	1.2367
74	109	1.14442
74	115	0.59456
74	117	1.18196
74	119	1.16586
74	121	1.13255
74	129	1.14061
74	162	0.685268
74	167	0.697068
74	169	0.780765
74	170	1.12719
75	49	1.16065
75	116	1.08711
75	126	0.802149
75	127	1.07548
75	136	1.11933
75	141	1.13053
75	142	1.0822
75	146	1.11217
75	149	1.09798
75	150	0.691038
75	152	1.11941
75	155	1.11542
75	157	1.10354
75	158	0.883106
75	161	1.08133
75	171	0.810974
75	172	1.1165
75	175	0.841464
76	5	1.17621
76	14	1.18642
76	21	0.764762
76	44	1.21252
76	54	1.17543
76	61	1.16109
76	62	1.0645
76	78	1.08803
76	81	1.12768
76	117	1.07294
76	119	1.05683
76	121	1.02352
76	129	1.03158
76	159	0.713821
76	162	0.788888
76	166	0.797842
76	169	0.884385
76	170	1.01816
77	81	0.679815
77	118	0.731943
77	123	0.676633
77	143	1.22201
77	152	0.634369
77	162	1.12937
77	164	1.12083
77	165	1.13833
77	166	1.12504
77	168	1.10836
77	171	1.11582
77	173	1.0493
77	175	1.10058
77	176	1.08486
77	177	0.467454
77	178	1.09822
77	179	1.08499
77	180	1.04807
78	44	1.25155
78	47	0.614362
78	76	1.08803
78	87	0.752558
78	104	1.06863
78	107	1.11565
78	109	1.07441
78	114	1.11887
78	119	1.09586
78	142	1.11126
78	146	1.14124
78	157	1.13261
78	158	0.839419
78	161	1.1104
78	168	0.798671
78	170	1.05719
78	174	1.04272
78	180	0.940964
79	6	1.17362
79	11	0.616841
79	29	1.11389
79	46	1.22785
79	57	1.14691
79	100	0.647265
79	112	1.09671
79	120	0.981174
79	123	1.0751
79	124	1.1392
79	131	1.11545
79	133	1.09809
79	150	1.12614
79	168	0.857146
79	171	0.825762
79	172	1.10632
79	174	1.00348
79	180	0.999439
80	1	1.08803
80	22	1.0854
80	41	1.13767
80	42	1.13404
80	64	1.18475
80	67	1.17971
80	94	1.19369
80	98	1.16809
80	103	1.19426
80	132	1.23342
80	154	0.820758
80	158	1.10211
80	164	0.699642
80	166	0.678116
80	170	0.728444
80	171	0.685085
80	172	1.18178
80	176	0.714899
80	177	1.31745
81	13	1.23629
81	14	1.26509
81	50	1.24199
81	52	0.543958
81	54	1.2541
81	59	1.12359
81	74	1.2367
81	76	1.12768
81	77	0.679815
81	109	1.11406
81	111	0.666158
81	117	1.15161
81	119	1.1355
81	121	1.1022
81	129	1.11026
81	148	0.674315
81	165	0.758044
81	168	0.823006
81	170	1.09684
82	68	1.07362
82	71	1.16015
82	118	1.04666
82	125	1.04803
82	130	0.694503
82	136	1.08138
82	137	1.0624
82	141	1.09258
82	146	1.07422
82	147	0.88381
82	152	1.08145
82	155	1.07747
82	156	0.789807
82	157	1.06559
82	161	1.04338
82	170	0.9519
82	172	1.07855
82	177	1.21423
82	179	0.922125
83	33	0.990913
83	43	0.676262
83	71	1.18541
83	73	0.714311
83	90	0.739835
83	93	1.10322
83	118	1.07192
83	127	1.06279
83	135	1.05799
83	136	1.10664
83	142	1.0695
83	146	1.09948
83	149	1.08529
83	152	1.10671
83	155	1.10273
83	157	1.09085
83	161	1.06864
83	171	0.935718
83	174	0.988176
84	95	1.15765
84	99	1.16097
84	122	1.20576
84	127	1.14003
84	135	1.13523
84	136	1.18388
84	137	1.1649
84	146	1.17672
84	147	0.667748
84	149	1.16253
84	154	1.08562
84	157	1.16809
84	159	0.60149
84	161	1.14588
84	174	0.744937
84	175	0.72297
84	177	1.31673
84	178	0.720362
84	180	0.866156
85	69	1.29871
85	86	1.28562
85	89	1.24182
85	97	0.572686
85	104	1.12601
85	105	1.24115
85	107	1.17303
85	114	1.17625
85	134	0.670184
85	138	1.23302
85	139	1.19047
85	150	1.22277
85	154	0.812072
85	165	0.642821
85	167	0.672277
85	169	0.755973
85	170	1.11457
85	174	1.1001
86	69	1.34251
86	85	1.28562
86	89	1.28563
86	104	1.16982
86	105	1.28496
86	107	1.21684
86	114	1.22006
86	134	0.705328
86	139	1.23428
86	143	0.581142
86	147	0.686812
86	150	1.26658
86	151	0.655341
86	160	0.602849
86	162	0.695621
86	170	1.15838
86	174	1.14391
87	71	0.671267
87	78	0.752558
87	124	0.690102
87	147	1.12414
87	155	0.729735
87	160	1.17258
87	163	1.15107
87	164	1.08882
87	165	1.10633
87	166	1.09303
87	167	1.10044
87	169	1.04764
87	171	1.08382
87	172	0.693553
87	175	1.06857
87	176	1.05286
87	178	1.06622
87	179	1.05298
87	180	1.01606
88	64	0.860253
88	98	0.898219
88	144	1.07476
88	148	1.10221
88	149	0.935856
88	158	0.998431
88	160	1.09905
88	162	1.02382
88	163	1.07753
88	167	1.02691
88	169	0.974098
88	171	1.01028
88	172	0.845873
88	173	0.943759
88	175	0.995036
88	176	0.979319
88	178	0.992677
88	179	0.979443
88	180	0.942521
89	18	0.51612
89	69	1.29871
89	85	1.24182
89	86	1.28563
89	97	0.684889
89	102	0.675664
89	104	1.12602
89	105	1.24116
89	107	1.17304
89	114	1.17625
89	138	1.23302
89	139	1.19048
89	150	1.22278
89	156	0.669868
89	163	0.673634
89	170	1.11458
89	174	1.10011
89	175	0.819093
90	7	0.508131
90	83	0.739835
90	99	0.65324
90	112	0.578676
90	157	0.592429
90	159	1.23326
90	163	1.2488
90	164	1.18655
90	167	1.19817
90	168	1.17408
90	169	1.14537
90	171	1.18155
90	173	1.11503
90	175	1.1663
90	176	1.15059
90	177	0.383378
90	178	1.16395
90	179	1.15071
90	180	1.11379
91	101	1.06336
91	116	1.06736
91	118	1.06486
91	122	1.12146
91	125	1.06623
91	136	1.09958
91	137	1.0806
91	138	1.12682
91	141	1.11078
91	142	1.06244
91	147	0.84944
91	152	1.09965
91	155	1.09567
91	157	1.08379
91	161	1.06158
91	163	0.759204
91	164	0.888729
91	165	0.840594
91	176	0.903987
92	34	0.632814
92	37	0.525209
92	46	0.501749
92	114	0.600138
92	149	0.643059
92	157	0.633106
92	159	1.23385
92	162	1.19568
92	164	1.18714
92	166	1.19135
92	167	1.19876
92	168	1.17467
92	171	1.18214
92	173	1.11562
92	175	1.16689
92	176	1.15118
92	178	1.16453
92	179	1.1513
92	180	1.11438
93	21	0.703801
93	27	1.21432
93	60	0.448447
93	71	1.2451
93	83	1.10322
93	118	1.13161
93	135	1.11768
93	141	1.17753
93	146	1.15917
93	149	1.14498
93	153	0.732671
93	155	1.16242
93	157	1.15054
93	161	1.12833
93	167	0.739728
93	171	0.743851
93	172	1.1635
93	175	0.77434
93	177	1.29918
94	1	1.08225
94	2	1.19984
94	22	1.07961
94	42	1.12826
94	64	1.17896
94	67	1.17393
94	80	1.19369
94	98	1.16231
94	103	1.18848
94	113	0.67927
94	132	1.22763
94	151	0.667546
94	158	1.09633
94	165	0.69017
94	168	0.755133
94	172	1.17599
94	174	0.776206
94	175	0.754238
94	177	1.31167
95	26	0.496343
95	49	1.18484
95	84	1.15765
95	110	0.720578
95	118	1.10879
95	122	1.16539
95	125	1.11016
95	127	1.09967
95	142	1.10638
95	144	0.722534
95	145	0.756173
95	146	1.13636
95	152	1.14359
95	155	1.1396
95	157	1.12772
95	161	1.10552
95	172	1.14068
95	177	1.27636
95	179	0.7923
95	180	0.952394
96	17	0.813628
96	53	0.502079
96	58	0.580951
96	116	0.591154
96	118	0.658595
96	149	0.61311
96	159	1.20807
96	162	1.1699
96	165	1.17887
96	166	1.16558
96	167	1.17298
96	168	1.14889
96	169	1.12018
96	171	1.15636
96	173	1.08984
96	175	1.14111
96	176	1.1254
96	178	1.13876
96	179	1.12552
96	180	1.0886
97	49	0.563262
97	85	0.572686
97	89	0.684889
97	131	0.643064
97	133	0.621481
97	153	1.16645
97	156	1.23966
97	159	1.19212
97	160	1.22917
97	161	0.651167
97	164	1.14541
97	165	1.16292
97	168	1.13294
97	171	1.14041
97	173	1.07389
97	175	1.12516
97	176	1.10945
97	178	1.12281
97	179	1.10957
97	180	1.07265
98	1	1.05665
98	2	1.17425
98	22	1.05402
98	41	1.10629
98	42	1.10266
98	64	1.15337
98	67	1.14833
98	80	1.16809
98	88	0.898219
98	94	1.16231
98	103	1.16288
98	132	1.20204
98	144	0.704445
98	150	0.640692
98	158	1.07073
98	163	0.64566
98	167	0.756506
98	172	1.1504
98	177	1.28608
98	178	0.78851
99	27	1.19483
99	28	0.55139
99	36	0.633767
99	49	1.18816
99	84	1.16097
99	90	0.65324
99	125	1.11349
99	134	0.842908
99	135	1.09819
99	136	1.14684
99	141	1.15804
99	146	1.13968
99	149	1.12549
99	150	0.729188
99	152	1.14691
99	155	1.14293
99	157	1.13105
99	161	1.10884
99	171	0.849124
99	172	1.14401
100	79	0.647265
100	107	0.634067
100	121	0.697963
100	123	0.609943
100	156	1.24735
100	161	0.576383
100	163	1.21535
100	164	1.15311
100	165	1.17061
100	166	1.15732
100	167	1.16473
100	169	1.11192
100	171	1.1481
100	173	1.08158
100	175	1.13286
100	176	1.11714
100	177	0.400764
100	178	1.1305
100	179	1.11726
100	180	1.08034
101	91	1.06336
101	116	1.10131
101	122	1.15541
101	125	1.10017
101	127	1.08968
101	135	1.08488
101	137	1.11455
101	141	1.14473
101	142	1.09639
101	149	1.11218
101	152	1.1336
101	153	0.795189
101	155	1.12962
101	157	1.11774
101	158	0.878501
101	160	0.697675
101	161	1.09553
101	163	0.691401
101	164	0.820926
101	168	0.837753
101	177	1.26637
102	6	0.596402
102	89	0.675664
102	114	0.642406
102	122	0.669761
102	148	1.20777
102	152	0.633238
102	153	1.14189
102	155	0.631526
102	159	1.16755
102	160	1.20461
102	163	1.18309
102	165	1.13835
102	166	1.12506
102	168	1.10838
102	169	1.07966
102	173	1.04932
102	175	1.1006
102	176	1.08488
102	178	1.09824
102	179	1.08501
102	180	1.04809
103	1	1.08282
103	2	1.20042
103	22	1.08019
103	41	1.13246
103	42	1.12883
103	43	1.25879
103	64	1.17954
103	67	1.1745
103	80	1.19426
103	94	1.18848
103	98	1.16288
103	108	0.538937
103	110	0.645771
103	132	1.22821
103	153	0.69273
103	154	0.839583
103	158	1.0969
103	167	0.699788
103	172	1.17657
103	177	1.31225
103	179	0.717493
103	180	0.877587
104	56	1.16453
104	65	1.05492
104	69	1.1829
104	78	1.06863
104	85	1.12601
104	86	1.16982
104	89	1.12602
104	105	1.12535
104	106	1.18243
104	107	1.05723
104	114	1.06045
104	138	1.11722
104	139	1.07467
104	143	0.692669
104	150	1.10697
104	154	0.958744
104	156	0.704336
104	158	0.895203
104	166	0.816101
104	170	0.998768
104	174	0.984303
104	175	0.85356
105	21	0.670139
105	69	1.29805
105	85	1.24115
105	86	1.28496
105	89	1.24116
105	104	1.12535
105	107	1.17237
105	114	1.17559
105	138	1.23236
105	139	1.18981
105	144	0.654005
105	150	1.22211
105	156	0.591453
105	165	0.67661
105	166	0.703219
105	170	1.11391
105	174	1.09945
105	175	0.740678
106	18	0.404829
106	59	1.19774
106	104	1.18243
106	107	1.22945
106	109	1.18821
106	114	1.23266
106	119	1.20965
106	120	1.13422
106	121	1.17634
106	123	1.22815
106	129	1.18441
106	131	1.26849
106	133	1.25113
106	145	0.654768
106	163	0.562343
106	170	1.17099
106	173	0.860374
106	174	1.15652
106	178	0.705194
106	179	0.690895
106	180	0.850988
107	20	0.731628
107	52	0.564901
107	69	1.22992
107	78	1.11565
107	85	1.17303
107	86	1.21684
107	89	1.17304
107	100	0.634067
107	104	1.05723
107	105	1.17237
107	106	1.22945
107	114	1.10746
107	138	1.16423
107	139	1.12169
107	148	0.695257
107	150	1.15398
107	167	0.808442
107	170	1.04579
107	174	1.03132
107	179	0.826148
108	32	0.676932
108	68	0.65051
108	103	0.538937
108	112	0.609586
108	122	0.617726
108	151	1.23642
108	160	1.26413
108	162	1.1889
108	163	1.24261
108	164	1.18037
108	166	1.18458
108	167	1.19199
108	169	1.13918
108	171	1.17536
108	172	0.543308
108	173	1.10884
108	175	1.16012
108	176	1.1444
108	177	0.414288
108	178	1.15776
108	179	1.14453
108	180	1.1076
109	13	1.144
109	14	1.17281
109	34	1.11253
109	38	0.633261
109	50	1.14971
109	54	1.16181
109	61	1.14748
109	62	1.05088
109	74	1.14442
109	78	1.07441
109	81	1.11406
109	106	1.18821
109	117	1.05932
109	119	1.04322
109	121	1.00991
109	129	1.01797
109	154	0.947341
109	162	0.795744
109	167	0.807545
109	170	1.00455
109	171	0.811667
109	178	0.839549
110	57	0.715932
110	95	0.720578
110	103	0.645771
110	136	0.678005
110	141	0.691803
110	153	1.12565
110	155	0.686325
110	156	1.19886
110	159	1.15131
110	160	1.18837
110	162	1.11315
110	166	1.10882
110	167	1.11623
110	168	1.09214
110	169	1.06342
110	171	1.09961
110	173	1.03308
110	175	1.08436
110	176	1.06864
110	178	1.082
110	179	1.06877
110	180	1.03185
111	9	0.694856
111	81	0.666158
111	119	0.768736
111	146	0.627892
111	147	1.14651
111	149	0.672801
111	152	0.620713
111	158	1.09434
111	159	1.1579
111	160	1.19495
111	162	1.11973
111	164	1.11119
111	166	1.11541
111	168	1.09872
111	169	1.07001
111	171	1.10619
111	173	1.03967
111	175	1.09095
111	176	1.07523
111	178	1.08859
111	179	1.07535
111	180	1.03843
112	9	1.20255
112	10	1.21057
112	15	1.22332
112	30	0.588894
112	40	1.11871
112	53	1.2135
112	56	1.23185
112	66	1.15929
112	79	1.09671
112	90	0.578676
112	108	0.609586
112	120	1.02931
112	123	1.12325
112	124	1.18734
112	133	1.14623
112	150	1.17428
112	153	0.763379
112	158	1.0748
112	170	0.817918
112	172	1.15446
112	174	1.05162
112	178	0.802442
112	179	0.788143
113	37	1.13236
113	39	1.14634
113	58	0.721628
113	62	0.78956
113	72	1.11882
113	94	0.67927
113	116	0.73183
113	126	1.10112
113	131	1.14724
113	133	1.12987
113	141	0.705462
113	145	1.09927
113	154	1.04268
113	158	1.05844
113	161	0.710402
113	167	1.08692
113	169	1.03411
113	172	1.13811
113	174	1.03527
113	175	1.05505
113	176	1.03933
113	179	1.03946
113	180	1.00253
114	16	1.24808
114	65	1.10515
114	69	1.23314
114	78	1.11887
114	85	1.17625
114	86	1.22006
114	89	1.17625
114	92	0.600138
114	102	0.642406
114	104	1.06045
114	105	1.17559
114	106	1.23266
114	107	1.10746
114	138	1.16745
114	139	1.1249
114	150	1.1572
114	151	0.699141
114	159	0.664354
114	165	0.721765
114	170	1.049
114	174	1.03454
114	178	0.783226
114	180	0.92902
115	8	0.645678
115	58	0.659476
115	62	0.727408
115	69	0.552959
115	74	0.59456
115	125	0.698443
115	135	0.744998
115	147	1.16632
115	148	1.21792
115	151	1.18705
115	156	1.22524
115	162	1.13953
115	165	1.1485
115	166	1.13521
115	167	1.14262
115	168	1.11852
115	169	1.08981
115	171	1.12599
115	173	1.05947
115	175	1.11075
115	176	1.09503
115	178	1.10839
115	179	1.09515
115	180	1.05823
116	12	1.18744
116	68	1.12977
116	75	1.08711
116	91	1.06736
116	96	0.591154
116	101	1.10131
116	113	0.73183
116	125	1.10417
116	135	1.08888
116	136	1.13753
116	138	1.16477
116	140	0.841396
116	141	1.14873
116	142	1.10039
116	149	1.11618
116	150	0.656374
116	152	1.1376
116	155	1.13362
116	156	0.657574
116	157	1.12174
116	161	1.09953
116	168	0.807694
116	177	1.27038
116	180	0.949986
117	5	1.20014
117	13	1.18155
117	30	0.60831
117	44	1.23645
117	50	1.18725
117	54	1.19936
117	59	1.06885
117	61	1.18503
117	62	1.08843
117	63	1.15713
117	74	1.18196
117	76	1.07294
117	81	1.15161
117	109	1.05932
117	119	1.08076
117	121	1.04745
117	129	1.05552
117	150	0.67404
117	159	0.702986
117	167	0.789853
117	169	0.87355
117	170	1.0421
117	174	0.846433
117	175	0.824466
118	33	1.0193
118	54	0.307311
118	71	1.21379
118	77	0.731943
118	82	1.04666
118	83	1.07192
118	91	1.06486
118	93	1.13161
118	95	1.10879
118	96	0.658595
118	122	1.15691
118	135	1.08638
118	140	0.908837
118	141	1.14623
118	142	1.09789
118	146	1.12787
118	149	1.11368
118	152	1.1351
118	155	1.13112
118	157	1.11924
118	161	1.09703
118	166	0.836781
118	170	0.88711
118	172	1.13219
118	180	1.01743
119	13	1.16544
119	14	1.19425
119	34	1.13397
119	54	1.18326
119	59	1.05274
119	61	1.16892
119	62	1.07232
119	63	1.14102
119	74	1.16586
119	76	1.05683
119	78	1.09586
119	81	1.1355
119	106	1.20965
119	109	1.04322
119	111	0.768736
119	117	1.08076
119	121	1.03135
119	126	0.885375
119	129	1.03941
119	130	0.680162
119	139	0.838958
119	148	0.776892
119	150	0.774264
119	159	0.80321
119	170	1.02599
120	6	1.10623
120	9	1.08702
120	10	1.09503
120	15	1.10778
120	40	1.00318
120	46	1.16045
120	53	1.09797
120	66	1.04376
120	73	0.709602
120	79	0.981174
120	106	1.13422
120	112	1.02931
120	123	1.00771
120	124	1.07181
120	131	1.04806
120	133	1.03069
120	144	0.874827
120	150	1.05875
120	158	0.959266
120	162	0.915087
120	163	0.816041
120	169	1.01058
120	172	1.03893
120	173	1.11407
120	174	0.936088
121	5	1.15073
121	7	1.19379
121	14	1.16094
121	34	1.10066
121	44	1.18704
121	50	1.13784
121	54	1.14995
121	59	1.01943
121	61	1.13561
121	62	1.03902
121	73	0.655053
121	74	1.13255
121	76	1.02352
121	81	1.1022
121	100	0.697963
121	106	1.17634
121	109	1.00991
121	117	1.04745
121	119	1.03135
121	129	1.0061
121	138	0.712532
121	145	0.853916
121	170	0.992682
121	175	0.90695
121	176	0.906275
121	178	0.904343
122	4	1.08995
122	20	0.701763
122	33	1.0759
122	84	1.20576
122	91	1.12146
122	95	1.16539
122	101	1.15541
122	102	0.669761
122	108	0.617726
122	118	1.15691
122	125	1.15827
122	127	1.14778
122	135	1.14298
122	137	1.17265
122	138	1.21886
122	141	1.20283
122	143	0.652298
122	149	1.17028
122	150	0.662764
122	154	1.09336
122	155	1.18771
122	157	1.17584
122	159	0.69171
122	161	1.15363
122	170	0.826058
122	175	0.813189
123	6	1.20016
123	9	1.18095
123	15	1.20172
123	29	1.14043
123	40	1.09711
123	53	1.1919
123	56	1.21025
123	66	1.13769
123	77	0.676633
123	79	1.0751
123	100	0.609943
123	106	1.22815
123	112	1.12325
123	120	1.00771
123	124	1.16574
123	131	1.14199
123	133	1.12463
123	138	0.624512
123	150	1.15268
123	158	1.0532
123	165	0.754862
123	168	0.819825
123	172	1.13286
123	174	1.03002
123	175	0.81893
123	178	0.816323
123	179	0.802024
124	6	1.26425
124	9	1.24505
124	10	1.25306
124	40	1.16121
124	46	1.31848
124	53	1.25599
124	56	1.27434
124	57	1.23754
124	79	1.1392
124	87	0.690102
124	112	1.18734
124	120	1.07181
124	123	1.16574
124	126	0.696006
124	131	1.20608
124	133	1.18872
124	139	0.649589
124	148	0.587524
124	150	1.21678
124	156	0.586096
124	158	1.11729
124	164	0.719388
124	167	0.700709
124	172	1.19696
124	174	1.09411
124	175	0.735321
124	176	0.734646
125	82	1.04803
125	91	1.06623
125	95	1.11016
125	99	1.11349
125	101	1.10017
125	115	0.698443
125	116	1.10417
125	122	1.15827
125	127	1.09254
125	135	1.08774
125	136	1.13639
125	141	1.14759
125	142	1.09926
125	146	1.12923
125	147	0.780342
125	148	0.687766
125	149	1.11504
125	152	1.13647
125	155	1.13248
125	157	1.1206
125	160	0.69638
125	161	1.09839
125	162	0.789151
125	164	0.819631
125	169	0.884648
125	172	1.13356
125	174	0.857531
125	177	1.26924
126	22	0.939817
126	62	0.825214
126	72	0.794093
126	75	0.802149
126	113	1.10112
126	119	0.885375
126	124	0.696006
126	144	1.12375
126	154	1.03166
126	156	1.15853
126	159	1.11098
126	160	1.14804
126	162	1.07281
126	163	1.12652
126	164	1.06428
126	165	1.08178
126	166	1.06849
126	167	1.0759
126	168	1.05181
126	169	1.02309
126	171	1.05927
126	173	0.992753
126	175	1.04403
126	176	1.02831
126	177	0.570437
126	178	1.04167
126	179	1.02844
126	180	0.991515
127	3	1.18078
127	26	0.539925
127	75	1.07548
127	83	1.06279
127	84	1.14003
127	95	1.09967
127	101	1.08968
127	122	1.14778
127	125	1.09254
127	136	1.1259
127	137	1.10692
127	141	1.1371
127	142	1.08876
127	146	1.11874
127	149	1.10455
127	150	0.702364
127	151	0.766096
127	152	1.12597
127	155	1.12199
127	157	1.11011
127	161	1.0879
127	162	0.806376
127	166	0.81533
127	172	1.12307
127	174	0.874757
127	175	0.852789
127	176	0.852114
127	177	1.25875
128	4	0.823837
128	8	0.640307
128	19	0.834723
128	32	0.729903
128	41	0.758595
128	46	0.544952
128	137	0.625622
128	144	1.17327
128	151	1.16985
128	153	1.13484
128	156	1.20805
128	159	1.1605
128	160	1.19756
128	162	1.12234
128	163	1.17604
128	165	1.1313
128	166	1.11801
128	167	1.12542
128	168	1.10133
128	169	1.07261
128	171	1.10879
128	173	1.04227
128	175	1.09355
128	176	1.07783
128	177	0.467259
128	178	1.09119
128	179	1.07796
128	180	1.04104
129	5	1.15879
129	7	1.20185
129	13	1.1402
129	14	1.169
129	34	1.10872
129	44	1.1951
129	50	1.1459
129	54	1.15801
129	59	1.0275
129	61	1.14368
129	62	1.04708
129	63	1.11578
129	74	1.14061
129	76	1.03158
129	81	1.11026
129	106	1.18441
129	109	1.01797
129	117	1.05552
129	119	1.03941
129	121	1.0061
129	143	0.708796
129	145	0.816653
129	147	0.814465
129	151	0.782994
129	162	0.823274
129	166	0.832228
129	168	0.870581
129	170	1.00074
129	179	0.85278
130	22	0.734604
130	25	0.717824
130	35	0.58532
130	82	0.694503
130	119	0.680162
130	135	0.637591
130	140	1.17474
130	143	1.25144
130	144	1.20973
130	146	0.539318
130	147	1.18558
130	148	1.23718
130	159	1.19697
130	160	1.23402
130	162	1.1588
130	163	1.21251
130	165	1.16776
130	166	1.15447
130	168	1.13779
130	169	1.10907
130	171	1.14526
130	172	0.494244
130	173	1.07874
130	175	1.13001
130	176	1.1143
130	177	0.365223
130	178	1.12765
130	179	1.11442
130	180	1.0775
131	6	1.24051
131	9	1.2213
131	10	1.22931
131	15	1.24206
131	29	1.18077
131	36	0.53142
131	40	1.13746
131	46	1.29473
131	52	0.499113
131	53	1.23224
131	57	1.21379
131	66	1.17804
131	79	1.11545
131	97	0.643064
131	106	1.26849
131	113	1.14724
131	120	1.04806
131	123	1.14199
131	124	1.20608
131	133	1.16497
131	150	1.19303
131	151	0.690574
131	156	0.628042
131	158	1.09354
131	160	0.638082
131	166	0.739808
131	171	0.746777
131	172	1.17321
131	174	1.07036
131	178	0.774659
131	180	0.920453
132	19	1.11141
132	25	1.1138
132	30	0.529162
132	31	1.20269
132	32	1.21841
132	35	1.22267
132	37	1.20997
132	39	1.22395
132	42	1.16799
132	45	1.17454
132	55	1.13377
132	58	1.26297
132	72	1.19643
132	80	1.23342
132	94	1.22763
132	98	1.20204
132	103	1.22821
132	139	0.659586
132	140	0.779914
132	145	1.17688
132	148	0.59752
132	150	0.594892
132	154	1.12029
132	160	0.606133
132	165	0.681249
132	171	0.714828
132	172	1.21572
132	173	0.89789
132	177	1.3514
132	179	0.728411
133	6	1.22314
133	9	1.20393
133	10	1.21195
133	15	1.2247
133	16	0.565294
133	29	1.16341
133	40	1.12009
133	46	1.27737
133	47	0.57227
133	51	0.65483
133	53	1.21488
133	57	1.19643
133	66	1.16067
133	79	1.09809
133	97	0.621481
133	106	1.25113
133	112	1.14623
133	113	1.12987
133	120	1.03069
133	123	1.12463
133	124	1.18872
133	131	1.16497
133	139	0.669953
133	150	1.17566
133	154	0.860868
133	158	1.07618
133	164	0.739752
133	167	0.721072
133	170	0.768554
133	172	1.15584
133	174	1.053
133	176	0.755009
134	69	0.653374
134	85	0.670184
134	86	0.705328
134	99	0.842908
134	140	1.08971
134	141	0.743726
134	146	0.74714
134	147	1.10056
134	148	1.15216
134	150	1.14787
134	151	1.12129
134	153	1.08628
134	155	0.738248
134	156	1.15949
134	159	1.11194
134	160	1.149
134	161	0.748665
134	162	1.07377
134	163	1.12748
134	164	1.06524
134	165	1.08274
134	167	1.07686
134	168	1.05277
134	169	1.02405
134	171	1.06023
134	173	0.993713
134	175	1.04499
134	176	1.02927
134	178	1.04263
134	179	1.0294
134	180	0.992474
135	3	1.17598
135	4	1.01942
135	27	1.16909
135	60	0.556226
135	83	1.05799
135	84	1.13523
135	93	1.11768
135	99	1.09819
135	101	1.08488
135	115	0.744998
135	116	1.08888
135	118	1.08638
135	122	1.14298
135	125	1.08774
135	130	0.637591
135	136	1.1211
135	137	1.10212
135	141	1.1323
135	142	1.08396
135	146	1.11394
135	149	1.09975
135	152	1.12117
135	153	0.840449
135	157	1.10531
135	160	0.742935
135	161	1.0831
135	163	0.736661
135	172	1.11827
135	174	0.904086
135	176	0.881443
135	177	1.25395
135	178	0.879511
136	33	1.05402
136	48	0.839118
136	68	1.16198
136	71	1.24851
136	75	1.11933
136	82	1.08138
136	83	1.10664
136	84	1.18388
136	91	1.09958
136	99	1.14684
136	110	0.678005
136	116	1.13753
136	125	1.13639
136	127	1.1259
136	135	1.1211
136	137	1.15076
136	139	1.15444
136	142	1.13261
136	143	0.605743
136	146	1.16259
136	149	1.14839
136	150	0.616209
136	152	1.16982
136	155	1.16583
136	157	1.15395
136	158	0.808276
136	161	1.13175
136	163	0.621176
136	166	0.729175
136	171	0.736144
136	177	1.30259
136	179	0.749728
136	180	0.909821
137	3	1.20565
137	12	1.20067
137	26	0.45525
137	27	1.19876
137	48	0.840598
137	63	1.17459
137	68	1.14301
137	82	1.0624
137	84	1.1649
137	91	1.0806
137	101	1.11455
137	122	1.17265
137	127	1.10692
137	128	0.625622
137	135	1.10212
137	136	1.15076
137	139	1.13546
137	141	1.16197
137	142	1.11363
137	144	0.681441
137	149	1.12942
137	152	1.15084
137	155	1.14686
137	157	1.13498
137	159	0.646635
137	161	1.11277
137	167	0.733502
137	168	0.769009
137	170	0.780983
137	172	1.14793
137	177	1.28361
137	178	0.765507
137	180	0.911301
138	10	0.525648
138	17	0.834855
138	41	0.706669
138	42	0.690201
138	50	0.528726
138	57	0.610143
138	59	0.827449
138	61	0.539265
138	85	1.23302
138	89	1.23302
138	91	1.12682
138	104	1.11722
138	105	1.23236
138	107	1.16423
138	114	1.16745
138	116	1.16477
138	121	0.712532
138	122	1.21886
138	123	0.624512
138	141	1.20818
138	146	1.18982
138	149	1.17563
138	153	1.15238
138	161	1.15899
138	164	1.13134
138	170	1.10577
138	171	1.12633
138	173	1.05981
138	174	1.09131
138	176	1.09537
138	178	1.10873
138	179	1.0955
138	180	1.05857
139	1	0.956098
139	4	1.05276
139	6	0.654099
139	13	0.611649
139	24	0.614582
139	31	0.612709
139	34	0.732777
139	85	1.19047
139	86	1.23428
139	89	1.19048
139	104	1.07467
139	105	1.18981
139	107	1.12169
139	114	1.1249
139	119	0.838958
139	124	0.649589
139	132	0.659586
139	133	0.669953
139	136	1.15444
139	137	1.13546
139	142	1.1173
139	146	1.14728
139	149	1.13309
139	156	1.18304
139	157	1.13865
139	160	1.17255
139	161	1.11644
139	163	1.15104
139	170	1.06323
139	171	1.08379
139	174	1.04876
139	176	1.05283
139	178	1.06619
139	179	1.05295
139	180	1.01603
140	15	0.770776
140	24	0.734911
140	46	0.722041
140	49	0.732062
140	50	0.75774
140	53	0.752321
140	116	0.841396
140	118	0.908837
140	130	1.17474
140	132	0.779914
140	134	1.08971
140	143	1.16411
140	144	1.12241
140	147	1.09825
140	151	1.11898
140	153	1.08397
140	156	1.15718
140	159	1.10964
140	160	1.14669
140	162	1.07147
140	163	1.12518
140	164	1.06293
140	165	1.08044
140	166	1.06715
140	167	1.07455
140	168	1.05046
140	169	1.02175
140	171	1.05793
140	173	0.991408
140	174	1.0229
140	175	1.04268
140	176	1.02697
140	178	1.04033
140	179	1.02709
140	180	0.990169
141	12	1.23085
141	27	1.22894
141	33	1.06522
141	36	0.534584
141	49	1.22227
141	51	0.679577
141	52	0.502278
141	71	1.25972
141	75	1.13053
141	82	1.09258
141	91	1.11078
141	93	1.17753
141	99	1.15804
141	101	1.14473
141	110	0.691803
141	113	0.705462
141	116	1.14873
141	118	1.14623
141	122	1.20283
141	125	1.14759
141	127	1.1371
141	134	0.743726
141	135	1.1323
141	137	1.16197
141	138	1.20818
141	142	1.14381
141	146	1.17379
141	149	1.1596
141	152	1.18102
141	153	0.738761
141	155	1.17704
141	156	0.631207
141	160	0.641247
141	161	1.14295
141	165	0.716363
141	177	1.3138
141	178	0.777824
141	179	0.763525
142	4	1.03093
142	12	1.18252
142	68	1.12485
142	70	0.662113
142	71	1.21138
142	75	1.0822
142	78	1.11126
142	83	1.0695
142	91	1.06244
142	95	1.10638
142	101	1.09639
142	116	1.10039
142	118	1.09789
142	125	1.09926
142	127	1.08876
142	135	1.08396
142	136	1.13261
142	137	1.11363
142	139	1.1173
142	141	1.14381
142	144	0.748026
142	145	0.781665
142	146	1.12545
142	149	1.11126
142	152	1.13268
142	154	1.03435
142	155	1.1287
142	157	1.11682
142	159	0.71322
