1	17	1.01982
1	89	1.11828
1	124	1.06102
1	132	0.873273
1	141	1.06591
1	142	0.924191
1	151	0.899901
1	152	1.02845
1	159	1.03872
1	160	1.0332
1	163	0.908064
1	175	1.0346
2	18	1.176
2	65	1.19913
2	81	0.728111
2	122	1.16227
2	125	1.20861
2	134	0.705724
2	159	1.21923
2	160	1.21371
2	166	0.735315
2	169	0.712595
2	171	1.22105
2	178	0.724875
3	101	0.685679
3	104	0.672642
3	120	0.689586
3	137	0.779928
3	144	0.765471
3	161	1.21196
3	162	1.19793
3	165	1.19474
3	167	1.18014
3	168	1.22253
3	169	1.19966
3	178	1.19304
4	60	1.21378
4	93	0.72527
4	136	1.18885
4	139	1.22252
4	149	1.20471
4	155	1.18399
4	168	0.703326
4	171	0.722509
4	174	1.20233
4	177	0.726318
4	179	1.18381
4	180	0.729454
5	86	1.20456
5	121	1.14262
5	147	1.1939
5	151	0.711231
5	154	1.21601
5	163	1.20873
5	168	0.707291
5	171	1.2148
5	174	1.21938
5	175	0.72337
5	178	0.735099
5	179	0.729585
6	58	0.57883
6	102	0.60637
6	106	0.640892
6	145	0.610225
6	150	1.38802
6	154	0.561444
6	155	0.595449
6	160	1.40066
6	169	1.40257
6	176	1.41428
6	177	1.39851
6	178	1.39595
7	11	1.22521
7	79	0.762707
7	93	1.22093
7	121	1.1325
7	133	1.21399
7	140	1.176
7	145	1.19813
7	156	0.71276
7	169	0.704363
7	170	0.721845
7	172	1.23325
7	175	0.704915
8	123	0.708605
8	128	0.752963
8	133	0.699978
8	145	0.738931
8	162	1.19927
8	165	1.19608
8	167	1.18148
8	168	1.22387
8	170	1.19219
8	174	0.693693
8	176	1.21272
8	178	1.19439
9	84	0.705008
9	94	1.21411
9	96	1.2176
9	129	1.20321
9	144	1.17632
9	152	1.1888
9	159	1.19907
9	162	0.735444
9	165	0.731159
9	171	1.20089
9	176	0.708817
9	180	0.726283
10	120	1.25115
10	138	1.16823
10	153	1.22347
10	155	1.19221
10	156	1.17289
10	166	0.735937
10	167	0.746337
10	171	0.716872
10	172	0.686783
10	175	1.20002
10	177	0.720681
10	179	1.19203
11	7	1.22521
11	48	1.19914
11	118	1.18448
11	147	1.17706
11	154	1.19917
11	165	0.717155
11	167	0.734799
11	169	0.701679
11	170	0.719161
11	172	1.22653
11	173	0.731556
11	180	1.18842
12	41	0.710601
12	77	0.672635
12	112	0.746722
12	120	0.673329
12	122	0.789498
12	148	1.21489
12	166	1.18567
12	168	1.21893
12	169	1.19606
12	170	1.18724
12	176	1.20777
12	178	1.18944
13	33	0.984613
13	68	0.820469
13	98	1.03073
13	104	1.14476
13	114	0.934362
13	125	1.04228
13	148	0.927254
13	152	1.04262
13	157	0.923461
13	159	1.0529
13	160	1.04737
13	171	1.05472
14	26	1.10249
14	65	1.12763
14	93	0.785495
14	94	1.16277
14	112	1.13276
14	124	1.17004
14	125	1.13712
14	144	1.12498
14	156	0.787475
14	160	1.14221
14	163	0.775654
14	176	0.772212
14	179	0.785844
15	35	0.839944
15	95	0.750525
15	147	0.765033
15	152	0.775117
15	164	1.14315
15	166	1.12564
15	168	1.1589
15	169	1.13603
15	170	1.12721
15	173	0.763272
15	176	1.14774
15	178	1.12941
15	180	1.13192
16	74	1.18763
16	90	1.10117
16	135	0.786203
16	141	1.16629
16	144	1.11634
16	159	1.13909
16	160	1.13357
16	165	0.791283
16	168	0.760279
16	173	1.1245
16	177	1.13142
16	179	0.782573
16	180	0.786407
17	1	1.01982
17	89	1.23445
17	112	1.13991
17	122	1.09793
17	129	1.15903
17	148	0.772361
17	152	1.14461
17	159	1.15489
17	160	1.14936
17	164	0.782338
17	172	0.760533
17	179	0.793733
17	180	0.797567
18	2	1.176
18	65	1.11046
18	80	0.788707
18	97	1.1475
18	130	0.765715
18	141	1.15776
18	152	1.12029
18	156	0.790252
18	159	1.13056
18	160	1.12504
18	164	0.777227
18	169	0.781856
18	171	1.13238
19	53	1.21581
19	79	0.823037
19	115	1.13166
19	130	1.18863
19	135	0.77509
19	137	1.09866
19	146	1.10873
19	150	1.11563
19	163	0.76127
19	170	0.782176
19	173	1.1192
19	175	0.765245
19	179	1.12168
20	59	0.868285
20	77	0.865307
20	102	0.94081
20	148	1.0709
20	162	1.05033
20	166	1.04168
20	167	1.03254
20	169	1.05206
20	170	1.04325
20	173	0.920609
20	176	1.06378
20	178	1.04545
21	97	1.14998
21	104	1.22491
21	107	0.744445
21	122	1.0761
21	124	1.15535
21	144	1.1103
21	152	1.12278
21	159	1.13305
21	160	1.12753
21	170	0.799599
21	176	0.775251
21	178	0.794398
21	180	0.792717
22	28	1.212
22	34	1.20879
22	35	1.04821
22	42	1.14179
22	75	1.06795
22	156	1.11087
22	163	1.13787
22	165	0.790114
22	172	1.17251
22	176	0.767772
22	177	0.782102
22	179	0.781404
22	180	0.785238
23	66	0.799324
23	109	0.739446
23	138	1.10721
23	143	1.1323
23	144	0.797888
23	153	1.16244
23	154	1.14614
23	159	0.779048
23	160	0.778822
23	165	1.13458
23	169	1.1395
23	171	1.14494
23	178	1.13289
24	50	1.38914
24	100	1.27604
24	115	1.30997
24	117	0.645659
24	128	1.2669
24	134	0.644438
24	137	1.27697
24	146	1.28704
24	150	1.29394
24	165	0.666785
24	171	0.654963
24	175	0.65186
24	176	0.644443
25	90	1.10311
25	96	1.15956
25	103	1.12232
25	141	1.16822
25	142	0.789112
25	156	0.784806
25	159	1.14103
25	160	1.1355
25	170	0.793891
25	172	0.749976
25	175	1.13691
25	177	1.13335
25	178	0.78869
26	14	1.10249
26	51	0.697015
26	89	1.20811
26	94	1.14359
26	127	0.824456
26	129	1.13269
26	141	1.15574
26	144	1.1058
26	157	0.776443
26	159	1.12855
26	160	1.12303
26	163	0.791418
26	166	0.817563
27	45	1.16239
27	83	0.784269
27	85	1.1353
27	108	1.19827
27	128	1.09726
27	141	0.801262
27	146	1.1174
27	148	0.760609
27	150	1.1243
27	169	0.775215
27	177	0.782679
27	179	1.13034
27	180	1.13474
28	22	1.212
28	29	1.2995
28	32	0.777384
28	35	1.14976
28	42	1.24333
28	75	1.1695
28	156	1.21242
28	161	0.678314
28	163	1.23942
28	170	0.694999
28	172	1.27406
28	177	0.684981
28	179	0.684283
28	180	0.688117
29	28	1.2995
29	34	1.29629
29	35	1.13571
29	42	1.22929
29	75	1.15545
29	80	0.700431
29	156	1.19837
29	157	0.67518
29	163	1.22537
29	167	0.7267
29	172	1.26001
29	177	0.701044
29	179	0.700346
29	180	0.70418
30	41	0.825099
30	90	0.860919
30	94	0.829237
30	138	0.860356
30	154	0.817711
30	157	1.08989
30	158	1.11683
30	164	1.09031
30	165	1.07826
30	166	1.0728
30	168	1.10606
30	170	1.07437
30	176	1.0949
30	178	1.07657
31	32	0.909656
31	48	1.1059
31	61	1.0171
31	64	1.08534
31	86	1.09449
31	133	1.11404
31	145	1.09817
31	147	1.08382
31	154	1.10593
31	167	0.842909
31	170	0.827271
31	175	0.810341
31	177	1.09523
31	179	0.816555
32	28	0.777384
32	31	0.909656
32	71	0.832008
32	82	0.842234
32	133	0.835096
32	157	1.09499
32	161	1.10059
32	162	1.08656
32	164	1.09542
32	165	1.08337
32	166	1.07791
32	170	1.07948
32	176	1.10001
32	178	1.08168
33	13	0.984613
33	96	1.12403
33	99	0.857761
33	129	1.10964
33	135	0.851917
33	144	1.08275
33	152	1.09523
33	157	0.823121
33	158	0.809662
33	159	1.1055
33	160	1.09998
33	166	0.864241
33	171	1.10732
33	173	1.09091
34	22	1.20879
34	29	1.29629
34	35	1.14654
34	75	1.16628
34	95	1.26586
34	111	0.702872
34	151	0.690269
34	156	1.2092
34	163	1.2362
34	169	0.701857
34	171	0.705511
34	172	1.27084
34	176	0.694991
34	180	0.712456
35	15	0.839944
35	22	1.04821
35	28	1.14976
35	29	1.13571
35	34	1.14654
35	42	1.07954
35	75	1.00571
35	127	0.85641
35	142	0.8395
35	156	1.04863
35	163	1.07563
35	171	0.830452
35	172	1.11027
35	178	0.839078
36	66	1.07444
36	68	0.739629
36	116	0.870092
36	128	1.05607
36	130	1.15611
36	137	1.06614
36	146	1.07622
36	150	1.08311
36	171	0.864675
36	173	1.08668
36	174	1.10767
36	175	0.861572
36	177	0.868484
36	180	1.09355
37	46	0.726685
37	48	1.23375
37	101	1.29447
37	106	1.18061
37	118	1.21909
37	135	1.21136
37	140	1.2039
37	154	1.23378
37	158	0.659481
37	167	0.72446
37	168	0.675812
37	173	0.721217
37	179	0.698106
37	180	1.22304
38	72	0.788045
38	108	1.1479
38	127	0.877073
38	128	1.04689
38	130	1.14693
38	137	1.05696
38	146	1.06703
38	150	1.07393
38	163	0.844036
38	164	0.842831
38	173	1.0775
38	174	1.09849
38	177	0.854924
38	180	1.08437
39	48	0.831535
39	86	0.845448
39	105	0.848699
39	115	1.09164
39	120	0.80593
39	146	1.06871
39	147	0.862298
39	150	1.07561
39	156	1.06252
39	161	1.10245
39	163	1.08952
39	172	1.12415
39	176	1.10187
39	178	1.08354
40	74	1.12395
40	103	1.0567
40	104	1.16727
40	117	0.846164
40	141	1.10261
40	151	0.840226
40	152	1.06514
40	159	1.07541
40	160	1.06989
40	168	0.836285
40	172	0.82538
40	175	1.07129
40	177	1.06774
40	179	0.858579
41	12	0.710601
41	30	0.825099
41	68	1.26735
41	71	1.14241
41	106	1.12041
41	140	1.1437
41	145	1.16582
41	147	1.15147
41	154	1.17358
41	156	0.741186
41	166	0.75551
41	171	1.17237
41	175	0.73334
41	177	1.16288
41	179	0.739555
42	22	1.14179
42	28	1.24333
42	29	1.22929
42	35	1.07954
42	62	0.723375
42	75	1.09928
42	93	1.19152
42	135	0.759031
42	156	1.1422
42	162	0.768396
42	163	1.1692
42	171	0.752289
42	172	1.20384
42	175	0.749186
42	177	0.756098
43	86	1.16084
43	118	1.15759
43	123	1.18117
43	133	1.18039
43	147	1.15017
43	164	0.740727
43	165	0.760832
43	167	0.778475
43	168	0.729827
43	171	1.17107
43	174	1.17565
43	175	0.745907
43	177	1.16158
43	179	0.752121
43	180	1.16154
44	78	1.20893
44	115	1.17282
44	134	0.739056
44	135	0.756323
44	137	1.13982
44	146	1.14989
44	150	1.15679
44	170	0.763409
44	171	0.749582
44	173	1.16035
44	174	1.18135
44	175	0.746478
44	177	0.753391
44	179	1.16283
44	180	1.16723
45	27	1.16239
45	52	1.13118
45	66	1.1669
45	127	0.777441
45	128	1.14853
45	146	1.16867
45	150	1.17557
45	164	0.743199
45	168	0.7323
45	171	0.751483
45	173	1.17914
45	175	0.748379
45	177	0.755292
45	179	1.18161
45	180	1.18601
46	37	0.726685
46	59	0.733146
46	133	0.770574
46	139	0.740508
46	142	1.13884
46	153	0.758733
46	157	1.17905
46	162	1.17062
46	164	1.17948
46	165	1.16743
46	166	1.16196
46	167	1.15283
46	174	0.764289
46	176	1.18407
46	178	1.16573
47	48	1.15783
47	54	1.25336
47	71	1.12669
47	123	1.16675
47	133	1.16597
47	142	0.752756
47	147	1.13575
47	154	1.15786
47	156	0.74845
47	163	1.15058
47	164	0.735425
47	172	1.18522
47	173	0.76993
47	178	0.752334
47	179	0.746819
48	11	1.19914
48	31	1.1059
48	37	1.23375
48	39	0.831535
48	47	1.15783
48	63	1.15459
48	140	1.14993
48	145	1.17205
48	147	1.1577
48	159	0.753435
48	164	0.716493
48	173	0.750999
48	175	0.721673
48	177	1.16911
48	179	0.727888
49	71	0.799892
49	89	0.756095
49	126	0.818149
49	152	0.829721
49	154	0.793152
49	162	1.12235
49	164	1.13121
49	166	1.1137
49	167	1.10456
49	169	1.12408
49	170	1.11527
49	174	0.796695
49	176	1.1358
49	178	1.11747
49	179	1.11558
49	180	1.11998
50	24	1.38914
50	66	1.224
50	99	0.691563
50	100	1.21478
50	119	0.72586
50	128	1.20563
50	137	1.2157
50	150	1.23267
50	161	0.67612
50	163	0.671898
50	167	0.708443
50	168	0.659794
50	173	1.23624
50	175	0.675874
50	179	1.23872
50	180	1.24312
51	26	0.697015
51	75	0.737208
51	98	0.680918
51	137	0.688032
51	141	0.648468
51	150	0.67608
51	152	0.664143
51	164	1.25231
51	165	1.24026
51	167	1.22566
51	168	1.26806
51	169	1.24519
51	170	1.23637
51	176	1.2569
51	178	1.23857
51	179	1.23669
52	45	1.13118
52	53	1.19326
52	66	1.08441
52	84	0.785009
52	99	0.811924
52	108	1.16705
52	130	1.16608
52	137	1.07611
52	146	1.08618
52	150	1.09308
52	161	0.79648
52	162	0.815445
52	175	0.796235
52	177	0.803147
52	179	1.09913
52	180	1.10352
53	19	1.21581
53	52	1.19326
53	78	1.2898
53	85	1.24865
53	100	1.21975
53	114	0.675862
53	115	1.25368
53	130	1.31065
53	146	1.23075
53	150	1.23765
53	162	0.703122
53	168	0.667832
53	170	0.700842
53	171	0.687015
53	175	0.683911
53	177	0.690824
54	47	1.25336
54	61	1.18652
54	71	1.24418
54	86	1.26391
54	121	1.20196
54	140	1.24547
54	142	0.694272
54	148	0.666963
54	154	1.27535
54	161	0.682366
54	162	0.701331
54	175	0.68212
54	177	1.26465
54	178	0.69385
54	179	0.688335
54	180	1.26461
55	70	1.0924
55	77	1.14901
55	82	1.10985
55	92	1.12886
55	113	0.797796
55	120	1.15832
55	136	1.10424
55	149	1.1201
55	153	1.13064
55	155	1.09938
55	161	0.79887
55	162	0.817834
55	164	0.793444
55	175	1.10719
55	176	0.791207
55	180	0.808673
56	95	1.14619
56	105	0.80906
56	108	1.17659
56	128	1.07558
56	130	1.17562
56	137	1.08565
56	142	0.803725
56	146	1.09572
56	150	1.10262
56	169	0.791022
56	170	0.808504
56	171	0.794677
56	173	1.10619
56	174	1.12718
56	177	0.798486
56	179	1.10866
57	73	0.855425
57	105	1.10245
57	110	1.07651
57	120	1.17131
57	134	0.769662
57	136	1.11723
57	140	0.813354
57	143	1.11349
57	149	1.13309
57	153	1.14363
57	155	1.11237
57	162	0.796294
57	173	1.10972
57	175	1.12019
57	177	0.783997
57	180	0.787132
58	6	0.57883
58	121	1.13258
58	131	0.801895
58	134	0.735917
58	140	1.17609
58	145	1.19821
58	147	1.18386
58	154	1.20597
58	162	0.762549
58	163	1.19869
58	171	1.20476
58	174	1.20934
58	175	0.743339
58	176	0.735922
58	177	1.19527
58	179	0.749553
58	180	1.19523
59	20	0.868285
59	46	0.733146
59	70	1.17457
59	105	1.17163
59	114	0.690303
59	116	1.19422
59	139	1.22007
59	142	0.710504
59	143	1.18266
59	149	1.20226
59	153	1.2128
59	155	1.18154
59	169	0.697801
59	171	0.701456
59	173	1.17889
59	177	0.705265
59	179	1.18136
60	4	1.21378
60	76	0.781126
60	83	0.715251
60	88	1.14572
60	116	1.19238
60	120	1.23865
60	127	0.73581
60	143	1.18082
60	146	0.754161
60	153	1.21097
60	155	1.17971
60	156	1.16039
60	158	0.674338
60	161	0.706993
60	167	0.739317
60	174	1.19804
60	179	1.17953
61	31	1.0171
61	54	1.18652
61	63	1.06579
61	106	1.03784
61	140	1.06113
61	145	1.08325
61	147	1.0689
61	154	1.09101
61	156	0.858963
61	157	0.832167
61	166	0.873287
61	168	0.835038
61	171	1.0898
61	172	1.11837
61	175	0.851118
61	179	0.857332
61	180	1.08027
62	42	0.723375
62	95	0.712118
62	109	1.21109
62	128	0.762954
62	145	1.1867
62	149	0.712849
62	150	0.748647
62	153	0.698128
62	154	1.19446
62	155	0.734146
62	159	1.19143
62	160	1.18591
62	166	1.17743
62	170	1.179
62	171	1.19325
62	176	1.19953
62	178	1.1812
63	48	1.15459
63	61	1.06579
63	91	0.732796
63	99	1.12833
63	101	1.21531
63	118	1.13994
63	140	1.12475
63	145	1.14687
63	148	0.765244
63	151	0.768263
63	154	1.15462
63	161	0.780647
63	165	0.795327
63	172	1.18199
63	175	0.780402
63	177	1.14392
63	179	0.786616
63	180	1.14388
64	31	1.08534
64	86	1.14781
64	91	0.736806
64	101	1.21994
64	118	1.14456
64	121	1.08586
64	123	1.16814
64	145	1.15149
64	147	1.13714
64	154	1.15925
64	156	0.792257
64	158	0.752002
64	163	1.15197
64	164	0.779231
64	168	0.768332
64	175	0.784411
64	178	0.796141
64	180	1.14851
65	2	1.19913
65	14	1.12763
65	18	1.11046
65	98	1.13152
65	114	0.766919
65	125	1.14307
65	129	1.15783
65	152	1.14341
65	154	0.77957
65	158	0.742559
65	159	1.15369
65	160	1.14816
65	161	0.775214
65	165	0.789894
65	173	1.1391
65	176	0.767552
65	177	1.14601
65	180	0.785017
66	23	0.799324
66	36	1.07444
66	45	1.1669
66	50	1.224
66	52	1.08441
66	100	1.11091
66	107	0.735166
66	108	1.20277
66	114	0.765339
66	115	1.14483
66	118	0.788777
66	125	0.810538
66	130	1.2018
66	146	1.1219
66	150	1.1288
66	168	0.757309
66	172	0.746404
66	180	1.13924
67	77	1.29686
67	105	1.23731
67	134	0.66524
67	139	1.28576
67	143	1.24835
67	149	1.26795
67	153	1.27849
67	155	1.24723
67	156	1.22791
67	161	0.672907
67	164	0.667482
67	166	0.694831
67	169	0.672111
67	171	0.675765
67	173	1.24457
67	174	1.26557
67	177	0.679574
67	180	0.68271
68	13	0.820469
68	36	0.739629
68	41	1.26735
68	94	0.615536
68	96	0.632137
68	103	0.658669
68	106	1.22044
68	112	0.647519
68	141	0.624904
68	143	1.25977
68	150	0.652516
68	153	1.28991
68	154	1.27361
68	167	1.24745
68	169	1.26697
68	170	1.25816
68	173	1.25599
68	178	1.26035
69	84	0.754315
69	90	1.12086
69	98	1.13661
69	122	1.10182
69	129	1.16291
69	141	1.18597
69	144	1.13602
69	152	1.1485
69	155	0.804147
69	159	1.15877
69	160	1.15325
69	161	0.765786
69	173	1.14418
69	176	0.758124
69	177	1.1511
69	178	0.77727
69	179	0.771755
69	180	0.775589
70	55	1.0924
70	59	1.17457
70	80	0.781517
70	88	1.10896
70	92	1.17242
70	132	0.73645
70	136	1.14781
70	138	1.11897
70	149	1.16367
70	153	1.17421
70	155	1.14295
70	165	0.790141
70	168	0.759137
70	169	0.774665
70	174	1.16128
70	177	0.782129
70	179	1.14277
70	180	0.785265
71	32	0.832008
71	41	1.14241
71	47	1.12669
71	49	0.799892
71	54	1.24418
71	106	1.0955
71	112	0.780802
71	133	1.15678
71	140	1.11879
71	145	1.14091
71	147	1.12656
71	154	1.14867
71	161	0.732938
71	170	0.749623
71	171	1.14746
71	173	0.762017
71	174	1.15205
71	178	0.744421
72	38	0.788045
72	82	0.682952
72	96	0.694113
72	123	0.684441
72	144	0.711987
72	145	0.714766
72	150	0.714492
72	155	0.699991
72	157	1.21273
72	158	1.23968
72	164	1.21315
72	165	1.2011
72	167	1.1865
72	168	1.2289
72	169	1.20603
72	170	1.19722
72	176	1.21774
72	178	1.19941
72	179	1.19753
73	57	0.855425
73	97	0.788466
73	126	0.82929
73	139	0.784056
73	153	0.802281
73	154	0.804294
73	157	1.11253
73	158	1.13947
73	162	1.1041
73	164	1.11295
73	165	1.1009
73	166	1.09544
73	167	1.0863
73	168	1.1287
73	169	1.10583
73	170	1.09701
73	173	0.829018
73	176	1.11754
73	178	1.09921
74	16	1.18763
74	40	1.12395
74	90	1.18441
74	96	1.24086
74	99	0.727118
74	124	1.24463
74	141	1.24953
74	144	1.19958
74	148	0.696271
74	151	0.69929
74	152	1.21206
74	157	0.692478
74	159	1.22233
74	160	1.21681
74	163	0.707453
74	165	0.726354
74	167	0.743998
74	175	1.21821
74	179	0.717643
75	22	1.06795
75	28	1.1695
75	29	1.15545
75	34	1.16628
75	35	1.00571
75	42	1.09928
75	51	0.737208
75	84	1.09936
75	93	1.11769
75	95	1.12503
75	117	0.829386
75	132	0.79682
75	134	0.828165
75	156	1.06837
75	163	1.09537
75	171	0.83869
75	172	1.13001
75	175	0.835586
75	177	0.842499
76	60	0.781126
76	90	0.843539
76	104	0.753503
76	138	0.842976
76	140	0.832
76	147	0.826815
76	149	0.813038
76	158	1.13855
76	161	1.11721
76	162	1.10318
76	164	1.11203
76	165	1.09998
76	166	1.09452
76	167	1.08538
76	168	1.12778
76	170	1.0961
76	171	1.11034
76	176	1.11662
76	178	1.09829
77	12	0.672635
77	20	0.865307
77	55	1.14901
77	67	1.29686
77	81	0.71034
77	92	1.22903
77	102	1.18978
77	111	1.20401
77	113	0.694547
77	136	1.20442
77	138	1.17558
77	143	1.20067
77	149	1.22027
77	153	1.23081
77	155	1.19956
77	165	0.7103
77	168	0.679295
77	172	0.66839
77	178	0.707104
78	44	1.20893
78	53	1.2898
78	85	1.20062
78	114	0.702266
78	128	1.16258
78	130	1.26262
78	146	1.18272
78	150	1.18962
78	162	0.729526
78	166	0.732485
78	171	0.713419
78	172	0.683331
78	173	1.19319
78	174	1.21418
78	175	0.710316
78	177	0.717229
78	178	0.722045
78	179	1.19567
78	180	1.20006
79	7	0.762707
79	19	0.823037
79	82	0.80071
79	106	0.863192
79	128	0.846557
79	148	1.12543
79	159	0.810905
79	161	1.1189
79	162	1.10486
79	164	1.11372
79	165	1.10167
79	166	1.09621
79	167	1.08707
79	168	1.12947
79	169	1.1066
79	170	1.09778
79	174	0.787287
79	176	1.11831
79	178	1.09998
80	18	0.788707
80	29	0.700431
80	70	0.781517
80	92	0.732995
80	105	0.745138
80	127	1.12983
80	141	0.753147
80	161	1.18213
80	162	1.1681
80	164	1.17696
80	165	1.16491
80	166	1.15945
80	167	1.15031
80	168	1.1927
80	169	1.16983
80	170	1.16102
80	173	0.756977
80	174	0.735795
80	176	1.18155
80	178	1.16322
81	2	0.728111
81	77	0.71034
81	116	0.744836
81	125	0.773465
81	138	0.783563
81	142	1.13111
81	147	0.767402
81	154	0.740917
81	157	1.17133
81	161	1.17693
81	162	1.16289
81	164	1.17175
81	167	1.1451
81	168	1.18749
81	169	1.16462
81	170	1.15581
81	172	1.19863
81	174	0.74446
81	176	1.17634
81	178	1.15801
82	32	0.842234
82	55	1.10985
82	72	0.682952
82	79	0.80071
82	117	0.736718
82	120	1.21934
82	126	1.14901
82	136	1.16526
82	138	1.13642
82	139	1.19892
82	149	1.18112
82	151	0.73078
82	153	1.19166
82	155	1.1604
82	156	1.14108
82	158	0.710508
82	174	1.17873
82	175	1.16821
82	177	0.749831
82	180	0.752967
83	27	0.784269
83	60	0.715251
83	92	0.735198
83	101	0.700664
83	126	0.759452
83	141	0.75535
83	144	0.780457
83	151	1.16554
83	158	1.19825
83	159	0.761616
83	161	1.17691
83	162	1.16287
83	164	1.17173
83	165	1.15968
83	166	1.15422
83	169	1.1646
83	170	1.15579
83	176	1.17632
83	178	1.15799
83	179	1.1561
84	9	0.705008
84	52	0.785009
84	69	0.754315
84	75	1.09936
84	85	0.730983
84	88	0.776106
84	123	1.18545
84	133	1.18467
84	137	0.775184
84	147	1.15446
84	149	0.727434
84	151	1.17086
84	154	1.17656
84	156	1.14229
84	162	1.16819
84	163	1.16929
84	172	1.20393
84	173	0.73945
84	176	1.18164
84	178	1.16331
85	27	1.1353
85	53	1.24865
85	78	1.20062
85	84	0.730983
85	115	1.16451
85	128	1.12143
85	130	1.22147
85	135	0.752053
85	137	1.1315
85	146	1.14158
85	150	1.14847
85	156	0.750054
85	162	0.761419
85	166	0.764378
85	170	0.759139
85	174	1.17303
85	175	0.742209
85	177	0.749121
85	179	1.15452
85	180	1.15892
86	5	1.20456
86	31	1.09449
86	39	0.845448
86	43	1.16084
86	54	1.26391
86	64	1.14781
86	119	0.785573
86	132	0.69682
86	140	1.13852
86	145	1.16064
86	147	1.14629
86	154	1.1684
86	162	0.754797
86	163	1.16112
86	164	0.730407
86	168	0.719507
86	169	0.735035
86	172	1.19576
86	179	0.741801
86	180	1.15766
87	88	0.78805
87	100	0.767822
87	109	0.71423
87	115	0.753845
87	133	0.736499
87	151	1.16639
87	153	0.724658
87	157	1.17215
87	159	0.753832
87	161	1.17775
87	162	1.16372
87	164	1.17258
87	166	1.15507
87	167	1.14593
87	168	1.18832
87	169	1.16545
87	170	1.15664
87	173	0.751395
87	176	1.17717
87	178	1.15884
88	60	1.14572
88	70	1.10896
88	84	0.776106
88	87	0.78805
88	95	1.15328
88	116	1.12861
88	136	1.1208
88	139	1.15446
88	143	1.11706
88	149	1.13666
88	153	1.1472
88	155	1.11594
88	160	0.818868
88	161	0.787577
88	169	0.78678
88	171	0.790435
88	172	0.760347
88	173	1.11328
88	174	1.13427
88	175	1.12375
88	180	0.79738
89	1	1.11828
89	17	1.23445
89	26	1.20811
89	49	0.756095
89	90	1.21544
89	93	0.69476
89	98	1.23119
89	112	1.23838
89	126	1.23003
89	135	0.69874
89	144	1.2306
89	152	1.24308
89	159	1.25335
89	160	1.24783
89	161	0.68914
89	163	0.684919
89	169	0.688343
89	174	0.697039
89	175	1.24924
89	178	0.700624
89	180	0.698943
90	16	1.10117
90	25	1.10311
90	30	0.860919
90	69	1.12086
90	74	1.18441
90	76	0.843539
90	89	1.21544
90	122	1.07892
90	125	1.12526
90	144	1.11312
90	152	1.1256
90	156	0.777006
90	157	0.75021
90	159	1.13587
90	160	1.13035
90	171	1.13769
90	172	0.742175
90	174	0.777304
90	177	1.1282
90	179	0.775375
90	180	0.779209
91	63	0.732796
91	64	0.736806
91	101	0.644555
91	123	0.696801
91	147	0.704831
91	149	0.691054
91	151	1.22267
91	153	0.676333
91	158	1.25538
91	159	0.705507
91	161	1.23404
91	164	1.22886
91	166	1.21135
91	167	1.20221
91	168	1.24461
91	169	1.22174
91	170	1.21292
91	173	0.70307
91	176	1.23345
91	178	1.21512
91	180	1.21763
92	55	1.12886
92	70	1.17242
92	77	1.22903
92	80	0.732995
92	83	0.735198
92	102	1.16963
92	110	1.14354
92	120	1.23834
92	136	1.18426
92	139	1.21792
92	140	0.762965
92	143	1.18052
92	149	1.20012
92	155	1.1794
92	164	0.721515
92	169	0.726144
92	173	1.17674
92	176	0.719278
92	177	0.733608
92	178	0.738424
92	179	1.17922
92	180	0.736744
93	4	0.72527
93	7	1.22093
93	14	0.785495
93	42	1.19152
93	75	1.11769
93	89	0.69476
93	104	0.68499
93	130	0.710524
93	140	1.16501
93	143	0.748875
93	147	1.17278
93	149	0.744525
93	152	0.768386
93	153	0.729804
93	154	1.19489
93	163	1.18761
93	164	1.19537
93	166	1.17786
93	169	1.18825
93	172	1.22225
93	177	1.18419
93	178	1.18163
94	9	1.21411
94	14	1.16277
94	26	1.14359
94	30	0.829237
94	68	0.615536
94	97	1.20576
94	98	1.16666
94	109	1.20848
94	111	0.737943
94	124	1.21113
94	125	1.17821
94	152	1.17855
94	163	0.733503
94	169	0.736927
94	170	0.754409
94	171	1.19065
94	172	0.710493
94	173	1.17424
94	175	1.18471
94	177	1.18115
94	179	0.743693
94	180	0.747527
95	15	0.750525
95	34	1.26586
95	56	1.14619
95	62	0.712118
95	75	1.12503
95	88	1.15328
95	137	1.16407
95	143	1.18838
95	146	1.17414
95	148	0.722771
95	150	1.18104
95	155	1.18727
95	163	1.19495
95	164	0.732749
95	165	0.752854
95	168	0.721849
95	171	0.741032
95	172	1.22959
95	173	1.18461
95	174	1.2056
95	176	0.730512
95	177	0.744841
96	9	1.2176
96	25	1.15956
96	33	1.12403
96	68	0.632137
96	72	0.694113
96	74	1.24086
96	97	1.20925
96	103	1.17361
96	112	1.17734
96	114	0.74603
96	122	1.13536
96	125	1.1817
96	141	1.21951
96	151	0.741941
96	152	1.18205
96	159	1.19232
96	160	1.1868
96	161	0.754325
96	166	0.776249
96	169	0.753528
96	176	0.746663
96	180	0.764128
97	18	1.1475
97	21	1.14998
97	73	0.788466
97	94	1.20576
97	96	1.20925
97	119	0.76011
97	124	1.21303
97	129	1.19486
97	131	0.768681
97	144	1.16797
97	148	0.694967
97	152	1.18045
97	159	1.19072
97	160	1.1852
97	165	0.725049
97	167	0.742693
97	168	0.694045
97	169	0.709573
97	170	0.727054
97	171	1.19254
97	173	1.17613
97	175	1.1866
98	13	1.03073
98	51	0.680918
98	65	1.13152
98	69	1.13661
98	89	1.23119
98	94	1.16666
98	104	1.24348
98	112	1.13665
98	122	1.09467
98	124	1.17393
98	125	1.14101
98	141	1.17882
98	158	0.746887
98	159	1.15162
98	160	1.1461
98	161	0.779543
98	163	0.775321
98	164	0.774117
98	165	0.794222
98	169	0.778746
98	173	1.13703
98	174	0.787441
98	178	0.791026
99	33	0.857761
99	50	0.691563
99	52	0.811924
99	63	1.12833
99	74	0.727118
99	101	1.21423
99	104	0.694814
99	105	1.12867
99	116	1.15126
99	125	0.774189
99	145	1.14579
99	150	0.790147
99	151	1.14784
99	152	0.77821
99	153	1.16984
99	154	1.15354
99	155	1.13858
99	160	0.768577
99	167	1.12738
99	168	1.16977
99	170	1.13809
99	175	1.1464
99	178	1.14029
100	24	1.27604
100	50	1.21478
100	53	1.21975
100	66	1.11091
100	87	0.767822
100	115	1.13561
100	128	1.09254
100	130	1.19258
100	135	0.776949
100	137	1.10261
100	143	0.788762
100	146	1.11268
100	150	1.11958
100	156	0.774949
100	157	0.748153
100	171	0.770207
100	172	0.740119
100	173	1.12315
100	174	1.14414
100	175	0.767104
100	177	0.774016
100	179	1.12562
100	180	1.13002
101	3	0.685679
101	37	1.29447
101	63	1.21531
101	64	1.21994
101	83	0.700664
101	91	0.644555
101	99	1.21423
101	111	0.692626
101	118	1.22584
101	123	1.24942
101	133	1.24864
101	145	1.23277
101	147	1.21842
101	153	0.694749
101	164	0.686981
101	166	0.71433
101	171	1.23932
101	172	1.26789
101	174	1.24391
101	176	0.684744
101	177	1.22983
101	178	0.70389
101	179	0.698375
102	6	0.60637
102	20	0.94081
102	77	1.18978
102	92	1.16963
102	105	1.13023
102	107	0.732655
102	108	0.757942
102	136	1.14501
102	138	1.11617
102	139	1.17868
102	143	1.14127
102	149	1.16087
102	153	1.17141
102	155	1.14015
102	156	1.12084
102	161	0.771123
102	162	0.790088
102	172	0.743893
102	173	1.13749
102	174	1.15849
102	178	0.782607
102	179	1.13997
102	180	0.780926
103	25	1.12232
103	40	1.0567
103	68	0.658669
103	96	1.17361
103	104	1.24694
103	109	1.17474
103	111	0.781076
103	117	0.774411
103	122	1.09812
103	129	1.15922
103	135	0.790456
103	141	1.18227
103	144	1.13233
103	152	1.14481
103	159	1.15508
103	160	1.14956
103	162	0.799821
103	168	0.764532
103	170	0.797541
103	171	1.1569
103	172	0.753626
103	177	1.14741
103	180	0.79066
104	3	0.672642
104	13	1.14476
104	21	1.22491
104	40	1.16727
104	76	0.753503
104	93	0.68499
104	98	1.24348
104	99	0.694814
104	103	1.24694
104	109	1.28531
104	112	1.25068
104	144	1.2429
104	147	0.71021
104	152	1.25538
104	157	0.660174
104	159	1.26565
104	160	1.26013
104	162	0.698335
104	172	0.65214
104	173	1.25106
104	174	0.687269
104	175	1.26153
104	180	0.689173
105	39	0.848699
105	56	0.80906
105	57	1.10245
105	59	1.17163
105	67	1.23731
105	80	0.745138
105	99	1.12867
105	102	1.13023
105	131	0.797394
105	136	1.14487
105	138	1.11603
105	139	1.17853
105	143	1.14112
105	149	1.16072
105	153	1.17126
105	155	1.14001
105	163	0.734862
105	165	0.753763
105	171	0.741941
105	173	1.13735
105	176	0.731421
105	177	0.74575
105	179	1.13983
106	6	0.640892
106	37	1.18061
106	41	1.12041
106	61	1.03784
106	68	1.22044
106	71	1.0955
106	79	0.863192
106	111	0.805865
106	121	1.05329
106	140	1.0968
106	145	1.11892
106	146	0.852814
106	147	1.10457
106	151	0.793261
106	154	1.12667
106	157	0.786449
106	163	1.1194
106	170	0.822331
106	171	1.12547
106	172	1.15404
106	173	0.834725
106	174	1.13005
106	175	0.8054
106	177	1.11597
107	21	0.744445
107	66	0.735166
107	102	0.732655
107	126	0.712726
107	133	0.697557
107	142	1.16637
107	150	0.736235
107	157	1.20659
107	159	0.71489
107	160	0.714665
107	161	1.21219
107	162	1.19816
107	165	1.19496
107	166	1.1895
107	167	1.18036
107	168	1.22276
107	169	1.19989
107	170	1.19107
107	172	1.23389
107	173	0.712453
107	174	0.691272
107	175	1.19938
107	176	1.2116
107	178	1.19327
108	27	1.19827
108	38	1.1479
108	52	1.16705
108	56	1.17659
108	66	1.20277
108	102	0.757942
108	111	1.22212
108	128	1.1844
108	131	0.766972
108	135	0.718261
108	137	1.19448
108	146	1.20455
108	150	1.21145
108	162	0.727626
108	163	0.70444
108	171	0.711519
108	172	0.681431
108	173	1.21501
108	174	1.23601
108	175	0.708416
108	177	0.715328
108	178	0.720145
108	179	1.21749
108	180	1.22189
109	23	0.739446
109	62	1.21109
109	87	0.71423
109	94	1.20848
109	103	1.17474
109	104	1.28531
109	124	1.21575
109	126	1.17013
109	129	1.19759
109	141	1.22064
109	142	0.725663
109	144	1.1707
109	145	0.766894
109	152	1.18317
109	159	1.19345
109	160	1.18792
109	163	0.709536
109	166	0.735681
109	168	0.697432
109	169	0.712961
109	171	1.19527
109	172	0.686527
109	177	1.18577
109	179	0.719726
110	57	1.07651
110	92	1.14354
110	116	1.12674
110	126	1.10268
110	132	0.765118
110	136	1.11893
110	138	1.09009
110	139	1.15259
110	142	0.816036
110	143	1.11518
110	149	1.13478
110	153	1.14532
110	155	1.11407
110	158	0.771475
110	163	0.799909
110	164	0.798705
110	167	0.836453
110	169	0.803333
110	171	0.806988
110	173	1.11141
110	174	1.1324
110	175	1.12188
110	179	1.11388
110	180	0.813933
111	34	0.702872
111	77	1.20401
111	94	0.737943
111	101	0.692626
111	103	0.781076
111	106	0.805865
111	108	1.22212
111	116	1.16705
111	129	0.747363
111	137	1.13118
111	141	0.747311
111	144	0.772418
111	146	1.14125
111	147	0.752901
111	149	1.17509
111	150	1.14815
111	155	1.15437
111	157	1.1694
111	160	0.753352
111	170	1.15388
111	171	1.16813
111	174	1.17271
111	175	1.16219
111	176	1.17441
111	178	1.15608
112	12	0.746722
112	14	1.13276
112	17	1.13991
112	68	0.647519
112	71	0.780802
112	89	1.23838
112	96	1.17734
112	98	1.13665
112	104	1.25068
112	125	1.1482
112	129	1.16295
112	132	0.730695
112	141	1.18601
112	152	1.14854
112	159	1.15881
112	160	1.15329
112	164	0.764281
112	168	0.753382
112	170	0.786391
112	171	1.16063
112	172	0.742476
112	175	1.1547
112	177	1.15114
112	178	0.78119
112	179	0.775675
113	55	0.797796
113	77	0.694547
113	118	0.735912
113	132	1.1737
113	133	0.734953
113	136	0.753131
113	140	0.756793
113	142	1.13181
113	143	0.742181
113	150	0.77363
113	151	1.16626
113	160	0.75206
113	161	1.17763
113	162	1.16359
113	164	1.17245
113	165	1.1604
113	166	1.15494
113	167	1.1458
113	168	1.1882
113	169	1.16532
113	172	1.19933
113	173	0.749848
113	175	1.16482
113	176	1.17704
113	178	1.15871
114	13	0.934362
114	53	0.675862
114	59	0.690303
114	65	0.766919
114	66	0.765339
114	78	0.702266
114	96	0.74603
114	124	0.728534
114	142	1.13113
114	143	0.73496
114	148	1.18348
114	151	1.16558
114	155	0.751907
114	157	1.17135
114	158	1.19829
114	161	1.17694
114	164	1.17177
114	165	1.15972
114	166	1.15426
114	167	1.14512
114	168	1.18751
114	169	1.16464
114	170	1.15583
114	176	1.17636
114	178	1.15803
115	19	1.13166
115	24	1.30997
115	39	1.09164
115	44	1.17282
115	53	1.25368
115	66	1.14483
115	85	1.16451
115	87	0.753845
115	100	1.13561
115	127	0.782188
115	137	1.13653
115	146	1.14661
115	150	1.1535
115	158	0.720716
115	163	0.749151
115	164	0.747946
115	165	0.768051
115	172	0.726142
115	173	1.15707
115	174	1.17806
115	175	0.753126
115	176	0.745709
115	178	0.764856
115	179	1.15955
115	180	1.16395
116	36	0.870092
116	59	1.19422
116	60	1.19238
116	81	0.744836
116	88	1.12861
116	99	1.15126
116	110	1.12674
116	111	1.16705
116	136	1.16746
116	138	1.13862
116	139	1.20112
116	149	1.18332
116	153	1.19386
116	155	1.1626
116	162	0.749082
116	164	0.724691
116	167	0.76244
116	170	0.746802
116	171	0.732975
116	172	0.702887
116	173	1.15994
116	175	1.17041
116	177	0.736784
116	179	1.16242
116	180	0.73992
117	24	0.645659
117	40	0.846164
117	75	0.829386
117	82	0.736718
117	103	0.774411
117	126	0.744748
117	139	0.699514
117	140	0.75142
117	142	1.13284
117	154	0.719752
117	157	1.17305
117	158	1.2
117	160	0.746687
117	161	1.17865
117	162	1.16462
117	164	1.17348
117	165	1.16143
117	166	1.15596
117	167	1.14682
117	168	1.18922
117	169	1.16635
117	170	1.15754
117	176	1.17807
117	178	1.15973
117	180	1.16225
118	11	1.18448
118	37	1.21909
118	43	1.15759
118	63	1.13994
118	64	1.14456
118	66	0.788777
118	101	1.22584
118	113	0.735912
118	123	1.17404
118	131	0.795296
118	135	1.14273
118	140	1.13527
118	145	1.1574
118	147	1.14305
118	154	1.16515
118	157	0.717789
118	167	0.769308
118	168	0.72066
118	171	1.16394
118	172	1.19252
118	173	0.766065
118	175	0.736739
118	176	0.729323
118	178	0.748469
118	180	1.15441
119	50	0.72586
119	86	0.785573
119	97	0.76011
119	120	0.746055
119	125	0.808486
119	130	0.754645
119	137	0.836396
119	138	0.818584
119	148	1.15137
119	154	0.775939
119	158	1.16618
119	161	1.14483
119	162	1.1308
119	164	1.13966
119	165	1.12761
119	166	1.12215
119	167	1.11301
119	168	1.1554
119	169	1.13253
119	170	1.12372
119	172	1.16653
119	174	0.779481
119	175	1.13203
119	176	1.14425
119	178	1.12592
119	179	1.12403
120	3	0.689586
120	10	1.25115
120	12	0.673329
120	39	0.80593
120	55	1.15832
120	57	1.17131
120	60	1.23865
120	82	1.21934
120	92	1.23834
120	119	0.746055
120	138	1.18489
120	139	1.24739
120	143	1.20998
120	153	1.24012
120	155	1.20887
120	156	1.18955
120	161	0.696314
120	163	0.692093
120	167	0.728637
120	171	0.699172
120	172	0.669083
120	173	1.20621
120	174	1.2272
120	177	0.702981
120	179	1.20868
120	180	0.706117
121	5	1.14262
121	7	1.1325
121	54	1.20196
121	58	1.13258
121	64	1.08586
121	106	1.05329
121	123	1.11534
121	133	1.11457
121	134	0.797853
121	140	1.07658
121	145	1.0987
121	153	0.807863
121	154	1.10645
121	155	0.843881
121	163	1.09918
121	164	0.800094
121	169	0.804723
121	170	0.822205
121	171	1.10525
121	172	1.13382
121	174	1.10983
121	175	0.805274
121	176	0.797858
121	177	1.09576
121	178	0.817004
121	179	0.811489
121	180	1.09571
122	2	1.16227
122	12	0.789498
122	17	1.09793
122	21	1.0761
122	69	1.10182
122	90	1.07892
122	96	1.13536
122	98	1.09467
122	103	1.09812
122	124	1.13914
122	129	1.12097
122	141	1.14403
122	144	1.09408
122	152	1.10656
122	156	0.820083
122	157	0.793287
122	159	1.11683
122	160	1.11131
122	161	0.812484
122	165	0.827163
122	167	0.844807
122	169	0.811687
122	172	0.785253
122	174	0.820382
122	175	1.11272
122	176	0.804821
122	177	1.10916
123	8	0.708605
123	43	1.18117
123	47	1.16675
123	64	1.16814
123	72	0.684441
123	84	1.18545
123	91	0.696801
123	101	1.24942
123	118	1.17404
123	121	1.11534
123	131	0.802964
123	133	1.19684
123	139	0.728771
123	140	1.15885
123	145	1.18097
123	147	1.16662
123	151	0.732269
123	154	1.18873
123	158	0.711997
123	162	0.763618
123	163	1.18145
123	166	0.766576
123	170	0.761338
123	172	1.21609
123	174	1.1921
123	177	1.17803
123	179	0.750622
124	1	1.06102
124	14	1.17004
124	21	1.15535
124	74	1.24463
124	94	1.21113
124	97	1.21303
124	98	1.17393
124	109	1.21575
124	114	0.728534
124	122	1.13914
124	128	0.803997
124	129	1.20023
124	132	0.697817
124	144	1.17334
124	151	0.724445
124	152	1.18582
124	156	0.744429
124	158	0.704173
124	159	1.19609
124	160	1.19057
124	161	0.736829
124	163	0.732608
124	173	1.1815
124	177	1.18842
124	178	0.748313
124	179	0.742798
124	180	0.746632
125	2	1.20861
125	13	1.04228
125	14	1.13712
125	65	1.14307
125	66	0.810538
125	81	0.773465
125	90	1.12526
125	94	1.17821
125	96	1.1817
125	98	1.14101
125	99	0.774189
125	112	1.1482
125	119	0.808486
125	129	1.16731
125	132	0.719734
125	141	1.19037
125	142	0.770652
125	148	0.743343
125	152	1.1529
125	159	1.16317
125	160	1.15765
125	168	0.742421
125	172	0.731515
125	173	1.14858
125	175	1.15906
125	177	1.1555
125	178	0.770229
125	179	0.764715
126	49	0.818149
126	73	0.82929
126	82	1.14901
126	83	0.759452
126	89	1.23003
126	107	0.712726
126	109	1.17013
126	110	1.10268
126	117	0.744748
126	133	1.1616
126	134	0.743527
126	138	1.11456
126	139	1.17706
126	141	1.17766
126	144	1.12772
126	149	1.15925
126	154	1.15349
126	155	1.13854
126	159	1.15047
126	164	0.745769
126	166	0.773118
126	167	0.783518
126	168	0.73487
126	171	1.15229
126	173	1.13588
126	174	1.15687
126	178	0.762678
126	180	1.14275
127	26	0.824456
127	35	0.85641
127	38	0.877073
127	45	0.777441
127	60	0.73581
127	80	1.12983
127	115	0.782188
127	129	0.77596
127	131	1.07802
127	134	1.14203
127	143	0.772071
127	148	1.1454
127	151	1.1275
127	154	0.755014
127	161	1.13886
127	162	1.12483
127	164	1.13369
127	165	1.12164
127	166	1.11618
127	167	1.10704
127	168	1.14943
127	169	1.12656
127	170	1.11775
127	172	1.16056
127	173	0.779738
127	174	0.758557
127	176	1.13828
127	178	1.11995
127	180	1.12246
128	8	0.752963
128	24	1.2669
128	27	1.09726
128	36	1.05607
128	38	1.04689
128	45	1.14853
128	50	1.20563
128	56	1.07558
128	62	0.762954
128	78	1.16258
128	79	0.846557
128	85	1.12143
128	100	1.09254
128	108	1.1844
128	124	0.803997
128	130	1.18343
128	137	1.09346
128	146	1.10353
128	150	1.11043
128	151	0.776626
128	156	0.79661
128	163	0.78479
128	166	0.810934
128	171	0.791869
128	173	1.114
128	176	0.781348
128	178	0.800494
128	179	1.11648
128	180	1.12087
129	9	1.20321
129	17	1.15903
129	26	1.13269
129	33	1.10964
129	65	1.15783
129	69	1.16291
129	97	1.19486
129	103	1.15922
129	109	1.19759
129	111	0.747363
129	112	1.16295
129	122	1.12097
129	124	1.20023
129	125	1.16731
129	127	0.77596
129	135	0.756743
129	152	1.16766
129	158	0.714488
129	159	1.17793
129	160	1.17241
129	162	0.766109
129	163	0.742923
129	170	0.763829
129	171	1.17975
129	172	0.719914
129	174	0.755043
129	175	1.17381
129	178	0.758628
129	179	0.753113
129	180	0.756947
130	18	0.765715
130	19	1.18863
130	36	1.15611
130	38	1.14693
130	52	1.16608
130	53	1.31065
130	56	1.17562
130	66	1.2018
130	78	1.26262
130	85	1.22147
130	93	0.710524
130	100	1.19258
130	119	0.754645
130	128	1.18343
130	135	0.714504
130	137	1.1935
130	146	1.20358
130	148	0.689502
130	150	1.21047
130	161	0.704905
130	162	0.723869
130	167	0.737228
130	169	0.704108
130	170	0.721589
130	172	0.677674
130	173	1.21404
130	174	1.23503
130	176	0.697242
130	177	0.711572
130	179	1.21652
130	180	1.22092
131	58	0.801895
131	97	0.768681
131	105	0.797394
131	108	0.766972
131	118	0.795296
131	123	0.802964
131	127	1.07802
131	136	0.812515
131	143	0.801566
131	146	0.827321
131	148	1.13686
131	149	0.797216
131	150	0.833015
131	151	1.11896
131	157	1.12473
131	158	1.15167
131	161	1.13033
131	162	1.11629
131	164	1.12515
131	165	1.1131
131	166	1.10764
131	167	1.0985
131	168	1.1409
131	169	1.11803
131	170	1.10921
131	172	1.15203
131	174	0.788052
131	176	1.12974
131	177	1.11396
131	178	1.11141
131	179	1.10953
131	180	1.11392
132	1	0.873273
132	70	0.73645
132	75	0.79682
132	86	0.69682
132	110	0.765118
132	112	0.730695
132	113	1.1737
132	124	0.697817
132	125	0.719734
132	134	1.19041
132	138	0.729831
132	145	0.735967
132	149	0.699893
132	151	1.17587
132	155	0.721191
132	158	1.20859
132	161	1.18724
132	162	1.17321
132	164	1.18206
132	165	1.17001
132	166	1.16455
132	167	1.15541
132	168	1.19781
132	169	1.17494
132	170	1.16613
132	172	1.20894
132	174	0.690729
132	175	1.17443
132	176	1.18665
132	177	1.17088
132	178	1.16832
132	180	1.17084
133	7	1.21399
133	8	0.699978
133	31	1.11404
133	32	0.835096
133	43	1.18039
133	46	0.770574
133	47	1.16597
133	71	1.15678
133	84	1.18467
133	87	0.736499
133	101	1.24864
133	107	0.697557
133	113	0.734953
133	121	1.11457
133	123	1.19684
133	126	1.1616
133	145	1.18019
133	147	1.16585
133	154	1.18795
133	156	0.743626
133	158	0.70337
133	163	1.18068
133	167	0.768349
133	168	0.719701
133	169	0.735229
133	171	1.18674
133	172	1.21531
133	174	1.19133
133	175	0.73578
133	176	0.728364
133	177	1.17725
133	180	1.17721
134	2	0.705724
134	24	0.644438
134	44	0.739056
134	57	0.769662
134	58	0.735917
134	67	0.66524
134	75	0.828165
134	121	0.797853
134	126	0.743527
134	127	1.14203
134	132	1.19041
134	135	1.16625
134	142	1.14852
134	149	0.731238
134	150	0.767037
134	151	1.18297
134	158	1.21568
134	160	0.745466
134	161	1.19433
134	162	1.1803
134	165	1.17711
134	166	1.17164
134	167	1.1625
134	168	1.2049
134	169	1.18203
134	170	1.17322
134	171	1.18746
134	174	0.722073
134	176	1.19375
134	177	1.17797
134	178	1.17541
134	179	1.17353
135	16	0.786203
135	19	0.77509
135	33	0.851917
135	37	1.21136
135	42	0.759031
135	44	0.756323
135	85	0.752053
135	89	0.69874
135	100	0.776949
135	103	0.790456
135	108	0.718261
135	118	1.14273
135	129	0.756743
135	130	0.714504
135	134	1.16625
135	138	1.11849
135	139	1.18099
135	145	1.14967
135	147	1.13532
135	149	1.16318
135	153	1.17372
135	155	1.14247
135	158	1.18443
135	160	0.762733
135	165	1.14586
135	166	1.1404
135	170	1.14197
135	174	1.1608
135	176	1.1625
135	177	1.14672
135	178	1.14417
135	179	1.14228
135	180	1.14668
136	4	1.18885
136	55	1.10424
136	57	1.11723
136	70	1.14781
136	77	1.20442
136	82	1.16526
136	88	1.1208
136	92	1.18426
136	102	1.14501
136	105	1.14487
136	110	1.11893
136	113	0.753131
136	116	1.16746
136	131	0.812515
136	138	1.1308
136	143	1.1559
136	148	0.738801
136	149	1.1755
136	153	1.18604
136	155	1.15478
136	157	0.735008
136	160	0.785495
136	163	0.749983
136	166	0.776128
136	167	0.786527
136	171	0.757062
136	172	0.726974
136	173	1.15213
136	174	1.17312
136	175	1.1626
136	177	0.760871
136	178	0.765688
136	180	0.764007
137	3	0.779928
137	19	1.09866
137	24	1.27697
137	36	1.06614
137	38	1.05696
137	44	1.13982
137	50	1.2157
137	51	0.688032
