1	88	0.922793
1	93	1.12554
1	96	1.1773
1	140	0.96971
1	146	0.940537
1	150	0.93445
1	158	0.979903
1	167	1.18972
1	174	0.903756
1	178	0.939525
1	179	0.905696
1	180	0.91294
2	35	0.931674
2	68	1.09074
2	113	0.933809
2	128	1.18151
2	138	0.956993
2	143	0.950207
2	146	0.931552
2	155	1.22555
2	171	0.923726
2	176	0.900165
2	177	0.981755
2	180	0.903955
3	95	1.151
3	98	1.13534
3	131	1.2069
3	164	0.953214
3	166	0.963418
3	168	0.961462
3	171	0.939997
3	173	0.905906
3	176	0.916436
3	178	0.946812
3	179	0.912983
3	180	0.920227
4	16	1.06154
4	33	1.13599
4	50	1.09289
4	77	0.977336
4	78	1.03346
4	82	1.07422
4	141	0.808503
4	156	1.02634
4	159	0.889936
4	173	1.04075
4	174	0.997006
4	179	1.00062
5	21	0.932549
5	35	0.906858
5	63	1.01177
5	66	1.19627
5	86	0.960722
5	98	0.921757
5	99	0.914866
5	113	0.908993
5	160	1.28233
5	164	1.22842
5	169	0.892116
5	177	0.956938
6	79	1.04111
6	123	1.0737
6	124	1.0535
6	127	1.04003
6	137	1.02037
6	138	1.06051
6	139	0.999809
6	140	1.06424
6	143	1.05372
6	144	0.892158
6	166	0.920357
6	170	0.922058
7	22	0.950321
7	43	0.923986
7	50	0.995833
7	75	1.0628
7	77	0.880276
7	78	0.936396
7	88	0.918983
7	156	0.929278
7	158	0.976093
7	161	1.27301
7	174	0.899946
7	179	1.36629
8	84	0.87928
8	121	0.839082
8	126	0.891095
8	140	0.856819
8	145	1.06518
8	170	1.05748
8	171	1.05262
8	172	1.04411
8	175	1.07965
8	178	1.05944
8	179	1.02561
8	180	1.03285
9	23	1.13374
9	73	1.24396
9	132	1.14481
9	162	0.913728
9	166	0.968881
9	172	0.936951
9	173	0.91137
9	175	0.972488
9	176	0.9219
9	178	0.952275
9	179	0.918446
9	180	0.92569
10	57	1.07953
10	70	1.0592
10	80	1.0318
10	84	1.03583
10	101	1.04299
10	102	1.0429
10	120	0.927528
10	160	1.02732
10	169	0.921174
10	170	0.877563
10	174	1.01232
10	177	1.08411
11	96	1.04789
11	103	1.05329
11	121	1.07606
11	134	1.03381
11	136	1.05941
11	155	1.03272
11	157	1.05025
11	165	0.892678
11	167	1.04886
11	169	0.956144
11	173	1.09312
11	177	0.797318
12	111	1.13144
12	113	1.20088
12	164	0.956073
12	166	0.966276
12	167	1.16159
12	170	0.947712
12	172	0.934346
12	173	0.908765
12	176	0.919295
12	178	0.94967
12	179	0.915841
12	180	0.923085
13	32	0.913973
13	40	0.916914
13	53	0.946184
13	70	0.949972
13	75	1.12202
13	84	0.926605
13	101	0.933758
13	102	0.933668
13	156	0.91723
13	158	1.21014
13	177	0.974882
13	180	1.37229
14	56	1.22085
14	107	0.905982
14	123	0.941677
14	124	0.921471
14	126	0.912742
14	131	0.918854
14	137	0.88834
14	138	0.928484
14	146	0.903044
14	150	0.896957
14	165	1.37932
14	169	0.888424
14	170	1.39918
15	21	0.869869
15	47	0.857216
15	52	1.10964
15	163	0.927805
15	165	1.02978
15	166	1.03699
15	170	1.01843
15	172	1.00506
15	175	1.0406
15	176	0.990011
15	178	1.02039
15	179	0.986558
15	180	0.993802
16	4	1.06154
16	22	1.02596
16	43	0.999629
16	76	1.04048
16	77	0.955919
16	78	1.01204
16	88	0.994625
16	147	1.03018
16	158	1.05174
16	165	0.909312
16	174	0.975589
16	179	1.06962
16	180	1.0164
17	77	0.965554
17	78	1.02167
17	103	0.894298
17	113	1.02426
17	115	1.04487
17	128	0.89498
17	131	0.932287
17	147	1.03981
17	174	0.985224
17	177	1.07221
17	178	1.02099
17	179	0.987164
17	180	0.994408
18	36	1.00069
18	94	1.0281
18	110	0.976697
18	115	0.988106
18	132	1.01211
18	134	1.01093
18	157	1.02737
18	163	1.03357
18	167	1.02599
18	171	0.990982
18	172	1.03628
18	174	1.0935
18	175	0.919135
19	26	1.02681
19	87	1.04582
19	108	0.928852
19	129	1.02808
19	132	0.998192
19	148	1.01039
19	154	1.00785
19	155	0.995928
19	158	0.978772
19	160	0.996644
19	163	1.01965
19	167	1.01207
19	171	1.08592
20	80	1.23539
20	126	1.28374
20	133	1.28092
20	152	0.948738
20	159	0.921823
20	170	0.9203
20	172	0.906933
20	173	0.881352
20	175	0.94247
20	176	0.891882
20	178	0.922258
20	179	0.888429
20	180	0.895673
21	5	0.932549
21	15	0.869869
21	30	1.02541
21	47	1.07006
21	58	0.992603
21	60	0.976997
21	99	1.01856
21	113	1.01269
21	161	0.990918
21	169	0.995811
21	174	1.07936
21	176	1.07622
21	177	1.06063
22	7	0.950321
22	16	1.02596
22	33	1.10041
22	56	1.04474
22	78	0.99788
22	88	0.980467
22	106	0.956658
22	156	0.990762
22	158	1.03758
22	165	0.941903
22	172	1.03929
22	174	0.961431
22	179	1.10222
23	9	1.13374
23	40	0.989971
23	53	1.01924
23	70	1.02303
23	80	0.995629
23	84	0.999661
23	92	0.913509
23	101	1.00681
23	102	1.00672
23	105	0.863504
23	141	1.02095
23	161	1.08453
23	177	1.04794
24	75	1.03835
24	83	1.01314
24	89	0.988849
24	119	0.994081
24	128	1.03303
24	132	0.992096
24	145	0.954229
24	154	1.00175
24	157	1.00736
24	163	1.01355
24	167	1.00597
24	174	1.04967
24	176	1.04652
25	36	1.00259
25	127	0.854432
25	129	0.91839
25	132	0.985936
25	165	1.03628
25	170	1.02493
25	172	1.01156
25	173	0.985982
25	175	1.0471
25	176	0.996512
25	178	1.02689
25	179	0.993058
25	180	1.0003
26	19	1.02681
26	64	0.887347
26	94	1.01914
26	114	0.998808
26	115	0.979146
26	133	1.00811
26	141	0.990974
26	148	1.01535
26	154	1.01281
26	163	1.02461
26	164	1.03966
26	167	1.01703
26	180	1.12987
27	107	0.967373
27	117	0.973125
27	127	0.826253
27	137	0.993949
27	165	1.03342
27	168	1.03868
27	171	1.01721
27	173	0.983123
27	175	1.04424
27	176	0.993653
27	178	1.02403
27	179	0.9902
27	180	0.997444
28	56	1.04651
28	59	1.04625
28	114	0.990599
28	129	1.02483
28	133	0.999902
28	144	0.975423
28	154	1.0046
28	155	0.992681
28	157	1.01021
28	163	1.0164
28	164	1.00236
28	167	1.00882
28	178	1.01541
29	116	0.910778
29	123	0.930552
29	130	0.900414
29	131	0.907729
29	138	0.917359
29	140	0.921092
29	143	0.910574
29	146	0.891919
29	150	0.885832
29	158	0.931285
29	175	1.3438
29	177	1.2682
29	178	1.3935
30	21	1.02541
30	38	0.970259
30	54	1.02742
30	86	1.05359
30	99	1.00773
30	113	1.00186
30	151	0.930823
30	152	0.928607
30	160	1.02617
30	161	0.980087
30	169	0.98498
30	173	1.15581
30	177	1.0498
31	98	1.25879
31	122	1.25198
31	153	0.932996
31	157	1.28382
31	159	0.917632
31	166	0.934673
31	171	0.911252
31	172	0.902742
31	175	0.938279
31	176	0.887691
31	178	0.918067
31	179	0.884238
31	180	0.891481
32	13	0.913973
32	57	1.01953
32	64	0.950603
32	70	0.999204
32	80	0.971805
32	84	0.975837
32	101	0.98299
32	102	0.9829
32	120	1.15585
32	152	1.05927
32	156	0.966462
32	160	0.967324
32	172	1.18342
32	177	1.02411
33	4	1.13599
33	22	1.10041
33	43	1.07408
33	44	1.18043
33	77	1.03037
33	78	1.08649
33	88	1.06907
33	156	1.07937
33	160	0.87034
33	161	0.866571
33	166	0.817693
33	168	0.81534
33	173	0.999984
33	174	1.05004
34	69	0.951577
34	136	0.9757
34	146	1.10524
34	163	1.02951
34	165	0.999573
34	166	1.00678
34	168	1.00483
34	170	0.98822
34	171	0.983363
34	173	0.949272
34	175	1.01039
34	176	0.959802
34	179	0.956349
34	180	0.963593
35	2	0.931674
35	5	0.906858
35	47	1.04437
35	58	0.966912
35	61	0.926378
35	66	1.02487
35	86	1.03873
35	99	0.99287
35	113	0.986996
35	160	1.11093
35	169	0.97012
35	172	1.13752
35	177	1.03494
35	178	1.07007
36	18	1.00069
36	25	1.00259
36	117	0.964064
36	121	1.00418
36	129	0.992997
36	133	0.96807
36	148	0.975311
36	154	0.972768
36	155	0.960849
36	163	0.984567
36	167	0.976987
36	174	1.19985
36	177	0.949877
36	180	1.15233
37	127	2.0727
37	130	2.05723
37	139	0.823605
37	160	0.819792
37	165	0.834762
37	166	0.841973
37	168	0.840018
37	171	0.818552
37	173	0.784461
37	175	0.84558
37	176	0.794991
37	178	0.825367
37	179	0.791538
37	180	0.798782
38	30	0.970259
38	47	1.01491
38	54	0.983092
38	63	1.06031
38	99	0.963407
38	113	0.957533
38	125	1.15974
38	147	0.973087
38	161	0.935763
38	162	1.12044
38	164	1.02484
38	169	0.940657
38	177	1.00548
38	178	1.03789
39	40	1.43396
39	48	1.24084
39	58	1.42413
39	122	0.930383
39	125	0.867404
39	127	0.900608
39	148	0.902806
39	163	0.912063
39	167	0.904482
39	168	0.909286
39	174	0.858866
39	178	0.894635
39	179	0.860806
39	180	0.86805
40	13	0.916914
40	23	0.989971
40	39	1.43396
40	75	0.824
40	80	0.974746
40	84	0.978778
40	101	0.985931
40	102	0.985841
40	141	1.00007
40	153	0.973041
40	156	0.969403
40	160	0.970265
40	177	1.02705
40	180	1.07427
41	73	0.934225
41	122	1.0078
41	124	0.991496
41	126	0.982767
41	127	0.978029
41	131	0.988878
41	137	0.958365
41	140	1.00224
41	143	0.991723
41	146	0.973068
41	149	1.14642
41	160	1.09328
41	176	1.17394
41	177	0.927117
42	91	0.944216
42	116	0.995036
42	123	1.01481
42	125	1.11919
42	127	0.981137
42	130	0.984672
42	140	1.00535
42	142	0.974684
42	143	0.994831
42	146	0.976177
42	150	0.97009
42	174	0.939395
42	176	1.11886
42	179	1.12771
43	7	0.923986
43	16	0.999629
43	33	1.07408
43	56	1.01841
43	77	0.915426
43	78	0.971545
43	88	0.954132
43	112	0.993429
43	147	0.989687
43	158	1.01124
43	161	1.102
43	169	1.09843
43	174	0.935096
43	180	1.14206
44	33	1.18043
44	50	1.13734
44	77	1.02178
44	78	1.0779
44	88	1.06049
44	147	1.09604
44	156	1.07078
44	158	1.1176
44	164	0.856129
44	165	0.839239
44	166	0.857393
44	174	1.04145
44	175	0.819484
44	179	0.999552
45	62	1.0447
45	69	1.12041
45	90	1.01351
45	108	0.835377
45	109	0.919883
45	117	1.04145
45	132	1.0405
45	133	1.04546
45	134	1.03932
45	139	1.03796
45	142	0.947638
45	144	0.930311
45	155	1.03824
45	163	1.06196
45	167	1.05438
46	98	0.82588
46	102	0.870671
46	131	0.897437
46	138	0.857904
46	164	1.06703
46	165	1.07002
46	167	0.871325
46	168	1.07528
46	170	1.05867
46	171	1.05381
46	172	1.0453
46	176	1.03025
46	178	1.06063
46	179	1.0268
46	180	1.03404
47	15	0.857216
47	21	1.07006
47	35	1.04437
47	38	1.01491
47	58	1.02642
47	86	1.09824
47	99	1.05238
47	113	1.04651
47	135	0.871104
47	161	1.02474
47	165	0.912102
47	166	0.930256
47	169	1.02963
47	174	1.06671
47	177	1.09445
48	39	1.24084
48	53	1.05747
48	57	1.08158
48	70	1.06125
48	80	1.03385
48	84	1.03789
48	101	1.04504
48	102	1.04495
48	156	1.02851
48	160	1.02937
48	168	0.789856
48	172	0.871443
48	177	1.08616
48	178	0.803999
48	179	0.934368
49	64	0.785789
49	93	1.07028
49	96	1.05222
49	103	1.05762
49	110	1.0039
49	136	1.06374
49	154	1.04897
49	155	1.03705
49	157	1.05458
49	158	0.866159
49	163	1.06077
49	167	1.05319
49	173	1.12166
49	177	0.825858
49	179	1.08153
50	4	1.09289
50	7	0.995833
50	44	1.13734
50	59	0.925384
50	77	0.987272
50	78	1.04339
50	82	1.08415
50	88	1.02598
50	118	0.884648
50	156	1.03627
50	158	1.08309
50	159	0.914235
50	161	0.931635
50	174	1.00694
50	176	1.01607
51	83	1.11434
51	95	1.06518
51	157	1.07455
51	162	0.933266
51	163	1.1086
51	165	0.981209
51	170	0.969856
51	171	0.964999
51	172	0.956489
51	173	0.930908
51	175	0.992026
51	176	0.941438
51	178	0.971814
51	179	0.937985
51	180	0.945229
52	15	1.10964
52	116	0.962195
52	123	0.98197
52	124	0.961764
52	126	0.953035
52	127	0.948297
52	131	0.959146
52	137	0.928633
52	140	0.97251
52	143	0.961991
52	146	0.943336
52	150	0.93725
52	152	1.13776
52	165	1.16452
52	178	1.19447
53	13	0.946184
53	23	1.01924
53	48	1.05747
53	57	1.05174
53	80	1.00402
53	84	1.00805
53	101	1.0152
53	102	1.01511
53	120	0.99968
53	141	1.02934
53	156	0.998673
53	168	0.945661
53	175	0.910105
53	176	1.08132
53	177	1.05633
53	180	1.03695
54	30	1.02742
54	38	0.983092
54	58	0.994605
54	86	1.06642
54	98	1.02745
54	99	1.02056
54	106	1.01094
54	113	1.01469
54	153	0.906418
54	161	0.99292
54	169	0.997813
54	171	0.952644
54	174	1.05516
54	176	1.05201
54	177	1.06264
54	180	1.00764
55	56	0.877252
55	75	1.04997
55	124	1.02719
55	126	1.01846
55	131	1.02457
55	137	0.994058
55	138	1.0342
55	140	1.03793
55	143	1.02742
55	150	1.00267
55	161	0.989248
55	165	1.03572
55	168	1.05152
55	169	0.994141
55	177	0.94036
55	178	1.06566
56	14	1.22085
56	22	1.04474
56	28	1.04651
56	43	1.01841
56	55	0.877252
56	62	1.0303
56	80	0.817841
56	88	1.0134
56	126	0.866196
56	150	0.917429
56	162	0.991587
56	167	1.03998
56	174	0.994365
56	178	1.03013
56	179	0.996305
56	180	1.00355
57	10	1.07953
57	32	1.01953
57	48	1.08158
57	53	1.05174
57	70	1.05553
57	80	1.02813
57	84	1.03216
57	101	1.03931
57	102	1.03922
57	142	0.869651
57	149	0.986314
57	172	0.959757
57	177	1.08044
57	178	0.892313
57	180	0.969459
58	21	0.992603
58	35	0.966912
58	39	1.42413
58	47	1.02642
58	54	0.994605
58	63	1.07182
58	86	1.02078
58	97	0.919266
58	99	0.97492
58	106	0.965293
58	109	0.93688
58	113	0.969047
58	151	0.932808
58	160	1.02816
58	161	0.947277
58	169	0.95217
58	177	1.01699
59	28	1.04625
59	50	0.925384
59	123	1.01128
59	130	0.942388
59	149	0.986614
59	156	1.07107
59	164	1.01118
59	168	1.01943
59	170	1.00282
59	171	0.997963
59	172	0.989453
59	173	0.963872
59	175	1.02499
59	176	0.974402
59	178	1.00478
59	179	0.970949
59	180	0.978192
60	21	0.976997
60	63	0.833574
60	84	1.06509
60	122	0.969039
60	137	1.11701
60	159	1.00394
60	162	0.965823
60	166	1.02098
60	168	1.01902
60	170	1.00241
60	171	0.997556
60	173	0.963465
60	175	1.02458
60	176	0.973995
60	178	1.00437
60	179	0.970542
60	180	0.977785
61	35	0.926378
61	63	1.03129
61	72	1.32209
61	103	1.11052
61	113	0.928513
61	116	0.945115
61	126	0.935955
61	143	0.944911
61	150	0.920169
61	157	1.10198
61	163	1.13603
61	176	0.894869
61	177	0.976459
61	178	0.925244
61	179	0.891415
61	180	0.898659
62	45	1.0447
62	56	1.0303
62	72	0.941915
62	95	1.00033
62	115	0.954729
62	117	0.979687
62	136	1.00316
62	149	1.06331
62	153	0.945234
62	154	0.988391
62	155	0.976472
62	157	0.993998
62	163	1.00019
62	167	0.992611
62	172	1.03676
62	173	1.13981
62	176	1.09083
63	5	1.01177
63	38	1.06031
63	58	1.07182
63	60	0.833574
63	61	1.03129
63	86	1.14363
63	99	1.09778
63	113	1.0919
63	147	1.10746
63	160	0.852134
63	161	1.07013
63	169	1.07503
63	171	0.833424
63	172	0.87872
63	174	0.935941
63	177	1.13985
63	179	0.941645
64	26	0.887347
64	32	0.950603
64	49	0.785789
64	67	0.938594
64	134	0.859522
64	143	0.867102
64	159	1.06379
64	162	1.02568
64	164	1.07063
64	168	1.07888
64	170	1.06227
64	172	1.0489
64	173	1.02332
64	175	1.08444
64	176	1.03385
64	178	1.06423
64	179	1.0304
64	180	1.03764
65	72	0.928298
65	90	0.938132
65	93	0.996081
65	112	1.04772
65	129	0.995004
65	132	0.96512
65	133	0.970077
65	134	0.963939
65	148	0.977318
65	151	1.06471
65	154	0.974775
65	155	0.962856
65	160	0.963572
65	163	0.986574
65	167	0.978994
65	171	1.14135
65	175	1.0695
65	179	1.24957
66	5	1.19627
66	35	1.02487
66	77	1.1335
66	80	0.961054
66	85	0.982702
66	99	0.982531
66	130	0.982177
66	140	1.00286
66	141	0.996896
66	150	0.967596
66	156	0.966233
66	163	0.990098
66	167	0.982518
66	172	0.957346
66	173	0.931765
66	178	0.97267
66	179	0.938841
66	180	0.946085
67	64	0.938594
67	68	1.0122
67	69	1.02118
67	93	0.972232
67	96	0.954176
67	117	0.942222
67	121	0.982341
67	128	0.982209
67	133	0.946228
67	136	0.965695
67	154	0.950926
67	157	0.956533
67	163	0.962726
67	167	0.955145
67	169	1.13749
67	171	1.12612
67	178	1.10397
67	179	1.23434
68	2	1.09074
68	67	1.0122
68	94	1.06146
68	98	1.06553
68	106	0.881854
68	115	1.02146
68	129	1.07536
68	132	1.04547
68	144	0.857053
68	145	0.926268
68	148	1.05767
68	154	1.05513
68	155	1.04321
68	156	1.04306
68	157	1.06073
68	166	0.885253
68	167	1.05935
68	169	0.930565
69	34	0.951577
69	45	1.12041
69	67	1.02118
69	71	1.01235
69	74	1.01367
69	85	1.06851
69	110	1.01903
69	115	1.03044
69	119	1.05643
69	136	1.07887
69	139	1.00236
69	148	1.06665
69	155	1.05218
69	159	0.954389
69	164	0.921647
69	167	1.06832
69	177	0.809398
69	178	0.934701
70	10	1.0592
70	13	0.949972
70	23	1.02303
70	32	0.999204
70	48	1.06125
70	57	1.05553
70	84	1.01184
70	101	1.01899
70	102	1.0189
70	141	1.03312
70	152	0.916336
70	153	0.948963
70	156	1.00246
70	160	1.00332
70	169	1.00656
70	173	1.14354
70	175	0.923343
70	177	1.06011
70	178	0.973042
71	69	1.01235
71	83	0.953485
71	95	0.954041
71	114	0.928097
71	115	0.908435
71	121	0.973513
71	129	0.962328
71	132	0.932443
71	136	0.956867
71	148	0.944641
71	151	1.09307
71	157	0.947705
71	160	0.930895
71	162	1.23011
71	163	0.953898
71	167	0.946317
71	169	1.18108
71	174	1.27222
71	175	1.09786
72	61	1.32209
72	62	0.941915
72	65	0.928298
72	103	0.956017
72	112	1.12721
72	119	0.939703
72	128	0.978655
72	129	0.967602
72	133	0.942674
72	134	0.936537
72	135	1.12775
72	136	0.962142
72	148	0.949916
72	155	0.935454
72	157	0.952979
72	163	0.959172
72	166	1.1869
72	167	0.951592
72	177	1.07339
73	9	1.24396
73	41	0.934225
73	104	0.947335
73	107	0.948712
73	122	0.98051
73	123	0.984407
73	126	0.955473
73	131	0.961584
73	137	0.931071
73	140	0.974947
73	142	1.13501
73	146	0.945774
73	147	0.963584
73	150	0.939687
73	169	0.931154
73	170	1.14758
73	174	0.908993
73	176	1.27919
73	177	1.03237
74	69	1.01367
74	85	0.947816
74	93	0.964718
74	94	0.949743
74	106	1.0864
74	114	0.929411
74	129	0.963641
74	132	0.933757
74	133	0.938714
74	134	0.932576
74	139	1.16925
74	148	0.945955
74	155	0.931493
74	157	0.949018
74	163	0.955211
74	167	0.947631
74	172	1.16903
74	174	1.22625
74	176	1.22311
75	7	1.0628
75	13	1.12202
75	24	1.03835
75	40	0.824
75	55	1.04997
75	78	0.850745
75	101	0.870908
75	113	0.865181
75	130	1.03432
75	137	1.01112
75	140	1.055
75	155	1.01852
75	162	0.986268
75	163	1.04224
75	167	1.03466
75	172	1.00949
75	175	1.04503
75	179	0.990987
75	180	0.998231
76	16	1.04048
76	102	1.09957
76	103	1.08835
76	116	1.13009
76	142	0.975597
76	150	1.20706
76	162	0.922533
76	164	0.967483
76	165	0.970475
76	168	0.975731
76	170	0.959122
76	171	0.954266
76	172	0.945756
76	173	0.920175
76	175	0.981293
76	176	0.930705
76	178	0.96108
76	179	0.927251
76	180	0.934495
77	4	0.977336
77	7	0.880276
77	16	0.955919
77	17	0.965554
77	33	1.03037
77	43	0.915426
77	44	1.02178
77	50	0.987272
77	66	1.1335
77	78	0.927835
77	88	0.910422
77	144	1.13871
77	147	0.945977
77	153	1.15462
77	156	0.920717
77	158	0.967532
77	159	1.19839
77	169	1.21222
77	174	0.891385
78	4	1.03346
78	7	0.936396
78	16	1.01204
78	17	1.02167
78	22	0.99788
78	33	1.08649
78	43	0.971545
78	44	1.0779
78	50	1.04339
78	75	0.850745
78	77	0.927835
78	88	0.966542
78	139	1.09153
78	147	1.0021
78	156	0.976837
78	160	1.06472
78	161	1.06095
78	169	1.05739
78	171	1.04601
78	174	0.947505
79	6	1.04111
79	105	0.867655
79	107	0.993597
79	111	1.00986
79	123	1.02929
79	124	1.00909
79	125	1.17344
79	126	1.00036
79	130	0.999154
79	137	0.975956
79	138	1.0161
79	143	1.00931
79	146	0.990659
79	150	0.984572
79	153	1.02752
79	161	0.971146
79	164	1.03854
79	169	0.976039
79	176	1.17312
79	177	0.926293
80	10	1.0318
80	20	1.23539
80	23	0.995629
80	32	0.971805
80	40	0.974746
80	48	1.03385
80	53	1.00402
80	56	0.817841
80	57	1.02813
80	66	0.961054
80	84	0.984436
80	101	0.991589
80	102	0.991499
80	141	1.00572
80	145	1.03548
80	156	0.975061
80	159	1.02594
80	160	0.975924
80	171	1.0284
80	177	1.03271
81	86	0.893402
81	113	1.00348
81	121	0.967773
81	123	0.945619
81	140	0.985509
81	148	0.999153
81	151	1.03108
81	162	0.971403
81	165	1.01935
81	166	1.02656
81	168	1.0246
81	170	1.00799
81	171	1.00314
81	172	0.994626
81	173	0.969045
81	175	1.03016
81	176	0.979575
81	178	1.00995
81	179	0.976122
81	180	0.983366
82	4	1.07422
82	50	1.08415
82	94	0.966212
82	121	0.879048
82	132	0.934975
82	133	0.928236
82	138	1.05049
82	146	1.02505
82	147	1.04286
82	148	0.910428
82	150	1.01896
82	163	0.889087
82	169	1.01043
82	171	1.01722
82	174	0.988268
82	176	0.993661
82	178	1.02404
82	179	0.990208
82	180	0.997452
83	24	1.01314
83	51	1.11434
83	71	0.953485
83	110	0.960165
83	114	0.991236
83	115	0.971574
83	121	1.03665
83	128	1.03652
83	132	0.995581
83	133	1.00054
83	134	0.994401
83	136	1.02001
83	144	0.978385
83	151	0.963885
83	154	1.00524
83	163	1.01704
83	167	1.00946
83	169	1.0519
83	175	0.968676
83	180	1.09552
84	8	0.87928
84	10	1.03583
84	13	0.926605
84	23	0.999661
84	32	0.975837
84	40	0.978778
84	48	1.03789
84	53	1.00805
84	57	1.03216
84	60	1.06509
84	70	1.01184
84	80	0.984436
84	100	0.989385
84	101	0.995622
84	102	0.995532
84	158	0.957789
84	160	0.979956
84	170	1.0327
84	173	1.21329
84	177	1.03675
85	66	0.982702
85	69	1.06851
85	74	0.947816
85	96	1.0015
85	106	1.0368
85	110	0.953182
85	119	0.990584
85	128	1.02954
85	129	1.01848
85	134	0.987418
85	136	1.01302
85	148	1.0008
85	154	0.998253
85	158	0.966985
85	159	1.07168
85	161	1.08908
85	163	1.01005
85	167	1.00247
85	168	1.03785
85	175	1.00229
86	5	0.960722
86	30	1.05359
86	35	1.03873
86	47	1.09824
86	54	1.06642
86	58	1.02078
86	63	1.14363
86	81	0.893402
86	99	1.04673
86	106	1.03711
86	109	0.877806
86	113	1.04086
86	139	0.995885
86	147	1.05641
86	151	0.873734
86	161	1.01909
86	165	0.898279
86	166	0.916433
86	169	1.02398
86	176	1.04974
86	177	1.08881
87	19	1.04582
87	114	1.08594
87	134	1.00694
87	136	0.940868
87	137	1.07676
87	139	0.988676
87	147	0.965066
87	162	0.95189
87	164	0.99684
87	165	0.999832
87	166	1.00704
87	168	1.00509
87	170	0.988479
87	171	0.983623
87	172	0.975113
87	173	0.949532
87	175	1.01065
87	176	0.960062
87	178	0.990437
87	179	0.956608
87	180	0.963852
88	1	0.922793
88	7	0.918983
88	16	0.994625
88	22	0.980467
88	33	1.06907
88	43	0.954132
88	44	1.06049
88	50	1.02598
88	56	1.0134
88	77	0.910422
88	78	0.966542
88	141	1.02603
88	142	1.06511
88	147	0.984683
88	156	0.959424
88	158	1.00624
88	160	1.12863
88	165	1.05783
88	166	1.07599
88	172	1.15522
88	174	0.930092
89	24	0.988849
89	131	1.08896
89	135	1.00203
89	136	1.02267
89	137	1.15856
89	153	0.984894
89	156	1.10408
89	159	0.96953
89	162	0.931417
89	164	0.976367
89	165	0.97936
89	166	0.986571
89	167	1.06285
89	170	0.968007
89	171	0.96315
89	172	0.954641
89	173	0.929059
89	175	0.990178
89	176	0.939589
89	178	0.969965
89	179	0.936136
89	180	0.94338
90	45	1.01351
90	65	0.938132
90	93	0.978512
90	98	0.967611
90	103	0.96585
90	110	0.912135
90	118	1.09941
90	121	0.988621
90	129	0.977436
90	134	0.946371
90	136	0.971976
90	148	0.959749
90	152	1.0526
90	154	0.957206
90	155	0.945287
90	160	0.946003
90	163	0.969006
90	167	0.961425
90	171	1.13146
90	174	1.23397
90	178	1.10931
90	180	1.18646
91	42	0.944216
91	104	0.954217
91	111	0.971857
91	116	0.971516
91	118	1.11957
91	122	0.987392
91	123	0.99129
91	124	0.971084
91	126	0.962355
91	130	0.961151
91	131	0.968467
91	137	0.937953
91	138	0.978097
91	140	0.98183
91	142	1.10681
91	143	0.971311
91	150	0.94657
91	160	1.17033
91	174	0.915875
91	175	1.07977
91	178	1.12947
91	180	1.20662
92	23	0.913509
92	119	0.921768
92	126	0.920671
92	131	0.891178
92	140	0.886394
92	146	0.954426
92	149	1.02043
92	156	0.906296
92	159	1.03815
92	162	1.00004
92	165	1.04798
92	166	1.0552
92	168	1.05324
92	170	1.03663
92	171	1.03178
92	172	1.02327
92	173	0.997684
92	175	1.0588
92	176	1.00821
92	178	1.03859
92	179	1.00476
92	180	1.012
93	1	1.12554
93	49	1.07028
93	65	0.996081
93	67	0.972232
93	74	0.964718
93	90	0.978512
93	94	1.02149
93	96	1.01841
93	110	0.970084
93	114	1.00115
93	119	1.00749
93	125	1.05667
93	134	1.00432
93	136	1.02992
93	141	0.873082
93	149	1.02883
93	155	1.00324
93	157	1.02076
93	163	1.02695
93	167	1.01937
93	171	0.956975
93	174	1.05949
93	180	1.01197
94	18	1.0281
94	26	1.01914
94	68	1.06146
94	74	0.949743
94	82	0.966212
94	93	1.02149
94	95	1.01212
94	105	0.905816
94	108	0.954835
94	110	0.95511
94	117	0.991477
94	128	1.03146
94	129	1.02041
94	141	1.02801
94	148	1.00272
94	154	1.00018
94	155	0.988262
94	157	1.00579
94	161	1.12685
94	163	1.01198
94	166	1.07797
94	167	1.0044
94	175	1.04006
95	3	1.151
95	51	1.06518
95	62	1.00033
95	71	0.954041
95	94	1.01212
95	96	1.00904
95	103	1.01444
95	117	0.997088
95	121	1.03721
95	128	1.03707
95	134	0.994956
95	136	1.02056
95	142	0.94655
95	144	0.929222
95	148	1.00834
95	154	1.00579
95	155	0.993873
95	157	1.0114
95	159	0.988899
95	160	0.994589
95	167	1.01001
95	168	0.955069
95	172	1.03666
96	1	1.1773
96	11	1.04789
96	49	1.05222
96	67	0.954176
96	85	1.0015
96	93	1.01841
96	95	1.00904
96	121	1.02851
96	132	0.987444
96	133	0.992401
96	136	1.01187
96	139	1.05424
96	148	0.999643
96	149	1.08058
96	154	0.997099
96	155	0.98518
96	157	1.00271
96	163	1.0089
96	167	1.00132
96	168	0.972439
96	170	0.976493
96	177	0.861278
96	178	0.986582
97	58	0.919266
97	107	1.00011
97	112	1.02677
97	124	0.948685
97	129	0.922945
97	146	1.02033
97	151	1.0347
97	154	0.969448
97	157	0.910548
97	162	0.975019
97	164	1.01997
97	165	1.02296
97	166	1.03017
97	168	1.02822
97	170	1.01161
97	171	1.00675
97	172	0.998242
97	173	0.972661
97	175	1.03378
97	176	0.983191
97	178	1.01357
97	179	0.979737
97	180	0.986981
98	3	1.13534
98	5	0.921757
98	31	1.25879
98	46	0.82588
98	54	1.02745
98	68	1.06553
98	90	0.967611
98	99	1.00777
98	111	1.01884
98	113	1.0019
98	130	1.00813
98	131	1.01545
98	136	1.01902
98	146	0.999638
98	150	0.993552
98	152	0.896852
98	163	1.01605
98	167	1.00847
98	169	0.985018
98	170	0.943468
98	175	0.903859
98	176	1.07508
98	177	1.04984
99	5	0.914866
99	21	1.01856
99	30	1.00773
99	35	0.99287
99	38	0.963407
99	47	1.05238
99	54	1.02056
99	58	0.97492
99	63	1.09778
99	66	0.982531
99	86	1.04673
99	98	1.00777
99	113	0.995004
99	147	1.01056
99	158	0.942727
99	160	1.06859
99	161	0.973234
99	164	1.01468
99	166	1.01594
99	169	0.978128
99	175	0.978031
99	177	1.04295
99	180	1.10488
100	84	0.989385
100	119	1.0023
100	123	0.927033
100	128	0.934401
100	130	0.858144
100	147	0.929615
100	150	1.05243
100	152	1.03949
100	153	1.02794
100	159	1.01258
100	162	0.974463
100	164	1.01941
100	165	1.02241
100	166	1.02962
100	168	1.02766
100	171	1.0062
100	172	0.997686
100	173	0.972105
100	175	1.03322
100	176	0.982635
100	178	1.01301
100	179	0.979182
100	180	0.986426
101	10	1.04299
101	13	0.933758
101	23	1.00681
101	32	0.98299
101	40	0.985931
101	48	1.04504
101	53	1.0152
101	57	1.03931
101	70	1.01899
101	75	0.870908
101	80	0.991589
101	84	0.995622
101	102	1.00268
101	106	1.02884
101	141	1.01691
101	142	1.02136
101	156	0.986247
101	160	0.987109
101	165	1.01408
101	168	1.02988
101	169	1.07755
101	171	1.06617
101	177	1.0439
102	10	1.0429
102	13	0.933668
102	23	1.00672
102	32	0.9829
102	40	0.985841
102	46	0.870671
102	48	1.04495
102	53	1.01511
102	57	1.03922
102	70	1.0189
102	76	1.09957
102	80	0.991499
102	84	0.995532
102	101	1.00268
102	141	1.01682
102	156	0.986157
102	158	0.913346
102	160	0.987019
102	173	1.16885
102	175	0.94865
102	177	1.04381
102	178	0.998349
102	180	1.0755
103	11	1.05329
103	17	0.894298
103	49	1.05762
103	61	1.11052
103	72	0.956017
103	76	1.08835
103	90	0.96585
103	95	1.01444
103	117	0.993789
103	129	1.02272
103	132	0.992838
103	133	0.997795
103	134	0.991658
103	136	1.01726
103	144	0.947136
103	148	1.00504
103	154	1.00249
103	157	1.0081
103	158	0.902122
103	163	1.01429
103	166	0.975335
103	167	1.00671
103	179	1.11749
104	73	0.947335
104	91	0.954217
104	107	0.989116
104	109	1.02804
104	116	1.00504
104	123	1.02481
104	126	0.995877
104	127	0.991139
104	131	1.00199
104	137	0.971475
104	138	1.01162
104	142	1.0558
104	143	1.00483
104	146	0.986178
104	147	1.00399
104	151	1.02397
104	158	1.02554
104	161	0.966665
104	164	1.0654
104	169	0.971558
104	170	1.06837
104	173	1.24896
104	174	0.949397
104	177	0.953154
105	23	0.863504
105	79	0.867655
105	94	0.905816
105	114	0.919956
105	142	1.07283
105	145	1.06405
105	146	0.904421
105	150	0.921898
105	162	1.01976
105	163	0.828692
105	164	1.06471
105	165	1.0677
105	166	1.07491
105	167	0.815061
105	168	1.07296
105	170	1.05635
105	171	1.05149
105	172	1.04298
105	173	1.0174
105	175	1.07852
105	176	1.02793
105	178	1.05831
105	179	1.02448
105	180	1.03172
106	22	0.956658
106	54	1.01094
106	58	0.965293
106	68	0.881854
106	74	1.0864
106	85	1.0368
106	86	1.03711
106	101	1.02884
106	115	1.12251
106	124	1.00155
106	130	0.991616
106	131	0.998931
106	143	1.00178
106	146	0.983121
106	147	1.00093
106	148	1.01879
106	164	0.988512
106	169	0.968501
106	170	0.980151
106	175	1.00232
106	176	0.951734
106	177	1.03332
106	179	0.94828
106	180	0.955524
107	14	0.905982
107	27	0.967373
107	73	0.948712
107	79	0.993597
107	97	1.00011
107	104	0.989116
107	122	1.02229
107	124	1.00598
107	127	0.992516
107	130	0.996051
107	131	1.00337
107	137	0.972852
107	138	1.013
107	140	1.01673
107	143	1.00621
107	146	0.987556
107	147	1.00537
107	150	0.981469
107	151	1.01365
107	162	1.15069
107	165	1.03819
107	169	0.972936
107	170	1.05805
107	180	1.14529
108	19	0.928852
108	45	0.835377
108	94	0.954835
108	113	0.903377
108	115	1.00278
108	124	0.881794
108	125	1.01087
108	144	1.07023
108	147	0.848099
108	149	1.01994
108	150	0.970917
108	159	1.03766
108	162	0.999552
108	164	1.0445
108	165	1.04749
108	166	1.05471
108	168	1.05275
108	170	1.03614
108	171	1.03129
108	173	0.997194
108	175	1.05831
108	176	1.00772
108	178	1.0381
108	179	1.00427
108	180	1.01151
109	45	0.919883
109	58	0.93688
109	86	0.877806
109	104	1.02804
109	117	1.02347
109	124	0.9663
109	142	1.03223
109	149	0.999546
109	151	1.03884
109	153	1.03264
109	155	0.981433
109	157	0.928162
109	162	0.979162
109	164	1.02411
109	165	1.02711
109	166	1.03432
109	168	1.03236
109	170	1.01575
109	171	1.0109
109	172	1.00239
109	173	0.976805
109	175	1.03792
109	176	0.987335
109	178	1.01771
109	179	0.983881
109	180	0.991125
110	18	0.976697
110	49	1.0039
110	69	1.01903
110	83	0.960165
110	85	0.953182
110	90	0.912135
110	93	0.970084
110	94	0.95511
110	115	0.915116
110	119	0.941109
110	121	0.980193
110	125	1.26425
110	128	0.980061
110	132	0.939123
110	133	0.94408
110	154	0.948778
110	155	0.936859
110	157	0.954385
110	158	1.0574
110	162	1.22495
110	163	0.960578
110	167	0.952998
110	169	1.17593
110	171	1.16455
110	177	1.0171
110	178	1.14241
111	12	1.13144
111	79	1.00986
111	91	0.971857
111	98	1.01884
111	122	1.03855
111	123	1.04245
111	124	1.02225
111	125	1.09071
111	126	1.01352
111	127	1.00878
111	130	1.01231
111	131	1.01963
111	137	0.989114
111	138	1.02926
111	140	1.03299
111	141	1.02703
111	143	1.02247
111	150	0.997731
111	152	0.912156
111	161	0.984304
111	162	1.05141
111	170	0.958772
111	174	0.967036
111	176	1.09038
111	177	0.843558
111	178	0.968861
112	43	0.993429
112	65	1.04772
112	72	1.12721
112	97	1.02677
112	116	0.957389
112	118	1.00393
112	130	0.840071
112	132	0.987042
112	135	1.02786
112	146	1.01688
112	149	0.977631
112	152	1.02228
112	153	1.01072
112	155	0.960371
112	159	0.99536
112	165	1.00519
112	166	1.0124
112	168	1.01045
112	170	0.993837
112	171	0.98898
112	172	0.98047
112	173	0.954889
112	175	1.01601
112	176	0.965419
112	178	0.995795
112	179	0.961966
112	180	0.96921
113	2	0.933809
113	5	0.908993
113	12	1.20088
113	17	1.02426
113	21	1.01269
113	30	1.00186
113	35	0.986996
113	38	0.957533
113	47	1.04651
113	54	1.01469
113	58	0.969047
113	61	0.928513
113	63	1.0919
113	75	0.865181
113	81	1.00348
113	86	1.04086
113	98	1.0019
113	99	0.995004
113	108	0.903377
113	147	1.00468
113	158	0.953298
113	161	0.967361
113	169	0.972254
113	173	1.2088
113	175	0.988602
113	177	1.03708
113	180	1.11545
114	26	0.998808
114	28	0.990599
114	71	0.928097
114	74	0.929411
114	83	0.991236
114	87	1.08594
114	93	1.00115
114	105	0.919956
114	117	0.971145
114	121	1.01126
114	128	1.01113
114	132	0.970194
114	133	0.97515
114	134	0.969013
114	136	0.994618
114	141	1.04215
114	148	0.982392
114	152	1.04719
114	154	0.979849
114	155	0.96793
114	156	0.967783
114	157	0.985455
114	162	1.18645
114	163	0.991648
114	167	0.984068
114	171	1.12605
114	176	1.22542
114	177	0.978595
115	17	1.04487
115	18	0.988106
115	26	0.979146
115	62	0.954729
115	68	1.02146
115	69	1.03044
115	71	0.908435
115	83	0.971574
115	106	1.12251
115	108	1.00278
115	110	0.915116
115	117	0.951483
115	119	0.952517
115	121	0.991602
115	128	0.991469
115	129	0.980416
115	132	0.950532
115	133	0.955489
115	134	0.949351
115	148	0.96273
115	152	1.081
115	156	0.948121
115	157	0.965793
115	159	1.15739
115	163	0.971986
115	166	1.12591
115	167	0.964406
115	168	1.12356
115	180	1.21485
116	29	0.910778
116	42	0.995036
116	52	0.962195
116	61	0.945115
116	76	1.13009
116	91	0.971516
116	104	1.00504
116	112	0.957389
116	118	1.01897
116	122	1.03821
116	123	1.04211
116	124	1.0219
116	126	1.01318
116	127	1.00844
116	130	1.01197
116	131	1.01929
116	137	0.988773
116	138	1.02892
116	140	1.03265
116	141	1.02669
116	143	1.02213
116	146	1.00348
116	150	0.99739
116	152	0.972164
116	162	1.11142
116	164	1.01581
116	174	0.966695
116	175	0.97917
116	177	0.903565
116	179	1.15924
117	27	0.973125
117	36	0.964064
117	45	1.04145
117	62	0.979687
117	67	0.942222
117	94	0.991477
117	95	0.997088
117	103	0.993789
117	109	1.02347
117	114	0.971145
117	115	0.951483
117	119	0.977476
117	121	1.01656
117	128	1.01643
117	129	1.00537
117	132	0.97549
117	133	0.980447
117	134	0.97431
117	148	0.987688
117	154	0.985145
117	155	0.973226
117	157	0.990752
117	159	1.09358
117	161	1.11098
117	163	0.996945
117	167	0.989365
117	168	1.05975
117	169	1.10741
117	174	1.19855
117	175	1.02419
117	177	0.948586
118	50	0.884648
118	90	1.09941
118	91	1.11957
118	112	1.00393
118	116	1.01897
118	136	0.948926
118	139	0.988966
118	140	1.01043
118	143	1.02258
118	144	1.02286
118	149	0.972564
118	151	1.01186
118	152	1.01721
118	153	1.00566
118	156	1.03033
118	162	0.95218
118	164	0.99713
118	165	1.00012
118	166	1.00733
118	167	0.989104
118	168	1.00538
118	170	0.98877
118	171	0.983913
118	172	0.975403
118	173	0.949822
118	174	0.954959
118	175	1.01094
118	176	0.960352
118	178	0.990728
118	179	0.956899
118	180	0.964143
119	24	0.994081
119	69	1.05643
119	72	0.939703
119	85	0.990584
119	92	0.921768
119	93	1.00749
119	100	1.0023
119	110	0.941109
119	115	0.952517
119	117	0.977476
119	128	1.01746
119	129	1.00641
119	132	0.976525
119	133	0.981482
119	134	0.975344
119	135	0.984762
119	136	1.00095
119	148	0.988723
119	151	1.00121
119	154	0.98618
119	155	0.974261
119	156	0.974114
119	157	0.991786
119	160	0.974977
119	161	1.09279
119	163	0.99798
119	166	1.04391
119	167	0.990399
119	169	1.08923
119	173	1.2262
119	176	1.17722
120	10	0.927528
120	32	1.15585
120	53	0.99968
120	121	1.04247
120	124	1.05659
120	128	1.02768
120	129	1.03085
120	135	1.00821
120	139	0.974385
120	142	0.990664
120	145	0.981891
120	146	1.12824
120	147	1.0229
120	149	0.957983
120	151	0.99728
120	152	1.00263
120	153	0.991076
120	159	0.975712
120	162	0.937599
120	164	0.982549
120	165	0.985542
120	166	0.992753
120	168	0.990798
120	170	0.974189
120	171	0.969332
120	172	0.960823
120	173	0.935241
120	175	0.99636
120	176	0.945771
120	178	0.976147
120	179	0.942318
120	180	0.949562
121	8	0.839082
121	11	1.07606
121	36	1.00418
121	67	0.982341
121	71	0.973513
121	81	0.967773
121	82	0.879048
121	83	1.03665
121	90	0.988621
121	95	1.03721
121	96	1.02851
121	110	0.980193
121	114	1.01126
121	115	0.991602
121	117	1.01656
121	120	1.04247
121	128	1.05655
121	132	1.01561
121	133	1.02057
121	134	1.01443
121	148	1.02781
121	153	0.978516
121	154	1.02526
121	155	1.01335
121	157	1.03087
121	158	0.917592
121	161	1.03968
121	163	1.03706
121	167	1.02948
121	168	0.988451
121	171	1.02474
121	174	1.12726
122	31	1.25198
122	39	0.930383
122	41	1.0078
122	60	0.969039
122	73	0.98051
122	91	0.987392
122	107	1.02229
122	111	1.03855
122	116	1.03821
122	123	1.05799
122	124	1.03778
122	126	1.02905
122	127	1.02431
122	131	1.03516
122	135	0.8758
122	137	1.00465
122	138	1.04479
122	140	1.04853
122	142	0.924079
122	146	1.01935
122	147	1.03716
122	149	1.04074
122	150	1.01327
122	158	1.05872
122	159	0.966429
122	161	0.99984
122	162	1.02929
122	164	0.933687
122	169	1.00473
122	174	0.982572
122	176	1.06826
122	177	0.821438
123	6	1.0737
123	14	0.941677
123	29	0.930552
123	42	1.01481
123	52	0.98197
123	59	1.01128
123	73	0.984407
123	79	1.02929
123	81	0.945619
123	91	0.99129
123	100	0.927033
123	104	1.02481
123	111	1.04245
123	116	1.04211
123	122	1.05799
123	127	1.02821
123	130	1.03175
123	131	1.03906
123	138	1.04869
123	141	1.04646
123	143	1.04191
123	144	0.940451
123	147	1.04106
123	150	1.01716
123	152	0.923735
123	160	1.0213
123	162	1.06299
123	169	1.00863
123	172	1.04788
123	174	0.98647
123	177	0.855137
123	179	1.11081
124	6	1.0535
124	14	0.921471
124	41	0.991496
124	52	0.961764
124	55	1.02719
124	79	1.00909
124	91	0.971084
124	97	0.948685
124	106	1.00155
124	107	1.00598
124	108	0.881794
124	109	0.9663
124	111	1.02225
124	116	1.0219
124	120	1.05659
124	122	1.03778
124	126	1.01274
124	127	1.00801
124	130	1.01154
124	137	0.988342
124	138	1.02849
124	140	1.03222
124	146	1.00304
124	150	0.996958
124	153	0.992639
124	158	1.04241
124	164	1.00366
124	168	1.00257
124	169	0.988425
124	174	0.966264
124	178	1.01672
124	179	1.14709
124	180	1.09386
125	38	1.15974
125	39	0.867404
125	42	1.11919
125	79	1.17344
125	93	1.05667
125	108	1.01087
125	110	1.26425
125	111	1.09071
125	127	1.04886
125	130	1.0334
125	134	1.14674
125	135	0.987426
125	139	0.953601
125	144	0.987497
125	145	0.961106
125	151	0.976496
125	152	0.981843
125	153	0.970292
125	159	0.954928
125	162	0.916815
125	164	0.961765
125	165	0.964758
125	166	0.971969
125	168	0.970013
125	170	0.953405
125	171	0.948548
125	172	0.940038
125	173	0.914457
125	174	0.919593
125	175	0.975575
125	176	0.924987
125	178	0.955363
125	179	0.921534
125	180	0.928777
126	8	0.891095
126	14	0.912742
126	20	1.28374
126	41	0.982767
126	52	0.953035
126	55	1.01846
126	56	0.866196
126	61	0.935955
126	73	0.955473
126	79	1.00036
126	91	0.962355
126	92	0.920671
126	104	0.995877
126	111	1.01352
126	116	1.01318
126	122	1.02905
126	124	1.01274
126	127	0.999277
126	130	1.00281
126	131	1.01013
126	137	0.979613
126	138	1.01976
126	140	1.02349
126	143	1.01297
126	144	1.01462
126	146	0.994316
126	150	0.988229
126	158	1.03368
126	160	1.09546
126	165	1.02466
126	172	1.12205
126	174	0.957535
126	175	1.00491
126	179	1.18498
127	6	1.04003
127	25	0.854432
127	27	0.826253
127	37	2.0727
127	39	0.900608
127	41	0.978029
127	42	0.981137
127	52	0.948297
127	104	0.991139
127	107	0.992516
127	111	1.00878
127	116	1.00844
127	122	1.02431
127	123	1.02821
127	124	1.00801
127	125	1.04886
127	126	0.999277
127	130	0.998073
127	135	0.856076
127	137	0.974875
127	140	1.01875
127	141	1.01279
127	142	0.904356
127	143	1.00823
127	145	0.956243
127	146	0.989578
127	147	1.00739
127	149	1.02102
127	150	0.983491
127	161	0.970065
127	169	0.974958
127	172	0.994462
127	174	0.952797
127	175	0.877319
128	2	1.18151
128	17	0.89498
128	24	1.03303
128	67	0.982209
128	72	0.978655
128	83	1.03652
128	85	1.02954
128	94	1.03146
128	95	1.03707
128	100	0.934401
128	110	0.980061
128	114	1.01113
128	115	0.991469
128	117	1.01643
128	119	1.01746
128	120	1.02768
128	121	1.05655
128	129	1.04536
128	133	1.02043
128	134	1.0143
128	136	1.0399
128	144	0.947818
128	148	1.02768
128	149	1.08181
128	152	0.931102
128	154	1.02513
128	155	1.01321
128	156	1.01307
128	157	1.03074
128	158	0.902805
128	163	1.03693
128	165	0.957864
128	167	1.02935
128	169	1.02133
128	177	0.862504
129	19	1.02808
129	25	0.91839
129	28	1.02483
129	36	0.992997
129	65	0.995004
129	68	1.07536
129	71	0.962328
129	72	0.967602
129	74	0.963641
129	85	1.01848
129	90	0.977436
129	94	1.02041
129	97	0.922945
129	103	1.02272
129	115	0.980416
129	117	1.00537
129	119	1.00641
129	120	1.03085
129	128	1.04536
129	132	1.00442
129	134	1.00324
129	141	0.929231
129	145	1.0202
129	148	1.01662
129	149	1.08498
129	154	1.01408
129	155	1.00216
129	157	1.01969
129	160	1.00288
129	163	1.02588
129	167	1.0183
129	170	0.980887
129	171	1.01312
129	178	0.990977
129	179	1.12135
129	180	1.06812
130	29	0.900414
130	37	2.05723
130	42	0.984672
130	59	0.942388
130	66	0.982177
130	75	1.03432
130	79	0.999154
130	91	0.961151
130	98	1.00813
130	100	0.858144
130	106	0.991616
130	107	0.996051
130	111	1.01231
130	112	0.840071
130	116	1.01197
130	123	1.03175
130	124	1.01154
130	125	1.0334
130	126	1.00281
130	127	0.998073
130	137	0.978409
130	138	1.01855
130	140	1.02229
130	141	1.01633
130	143	1.01177
130	146	0.993112
130	150	0.987026
130	158	1.03248
130	159	0.931238
130	161	0.973599
130	164	0.898496
130	166	0.899761
130	169	0.978493
130	170	0.901461
130	173	1.08205
130	174	0.956331
130	175	0.861852
131	3	1.2069
131	14	0.918854
131	17	0.932287
131	29	0.907729
131	41	0.988878
131	46	0.897437
131	52	0.959146
131	55	1.02457
131	73	0.961584
131	89	1.08896
131	91	0.968467
131	92	0.891178
131	98	1.01545
131	104	1.00199
131	106	0.998931
131	107	1.00337
131	111	1.01963
131	116	1.01929
131	122	1.03516
131	123	1.03906
131	126	1.01013
131	137	0.985724
131	138	1.02587
131	140	1.0296
131	143	1.01908
131	146	1.00043
131	149	1.11912
131	150	0.994341
131	158	1.03979
131	161	0.980914
131	168	1.01097
131	169	0.985808
131	172	1.09256
131	174	0.963646
131	176	1.14663
131	177	0.899811
131	178	1.02511
132	9	1.14481
132	18	1.01211
132	19	0.998192
132	24	0.992096
132	25	0.985936
132	45	1.0405
132	65	0.96512
132	68	1.04547
132	71	0.932443
132	74	0.933757
132	82	0.934975
132	83	0.995581
132	96	0.987444
132	103	0.992838
132	110	0.939123
132	112	0.987042
132	114	0.970194
132	115	0.950532
132	117	0.97549
132	119	0.976525
132	121	1.01561
132	129	1.00442
132	133	0.979496
132	134	0.973359
132	136	0.998964
132	141	0.996777
132	148	0.986737
132	151	1.00403
132	154	0.984194
132	155	0.972275
132	157	0.989801
132	163	0.995994
132	166	1.04673
132	167	0.988414
132	170	1.04843
132	171	1.08067
132	173	1.22902
132	174	1.18319
133	20	1.28092
133	26	1.00811
133	28	0.999902
133	36	0.96807
133	45	1.04546
133	65	0.970077
133	67	0.946228
133	72	0.942674
133	74	0.938714
133	82	0.928236
133	83	1.00054
133	96	0.992401
