1	24	0.875003
1	30	0.610603
1	160	1.06559
1	162	1.07462
1	168	1.06674
1	169	0.91002
1	171	1.07753
1	172	1.06699
1	174	1.05198
1	175	1.07536
1	177	1.06036
1	179	1.06083
2	60	1.06395
2	81	1.0855
2	87	1.04511
2	100	1.09448
2	124	1.06512
2	134	1.07002
2	140	0.74094
2	143	1.07932
2	161	1.04431
2	166	1.0522
2	178	0.819559
2	180	0.846003
3	30	0.591157
3	40	0.965794
3	90	0.90201
3	126	0.901926
3	161	1.07386
3	166	1.08175
3	169	1.09753
3	171	1.09481
3	173	1.07146
3	174	1.06926
3	176	1.06743
3	179	1.07811
4	5	1.24997
4	152	1.20707
4	153	1.19243
4	155	1.208
4	159	0.57048
4	165	0.589603
4	170	1.18437
4	171	0.619291
4	173	1.18264
4	174	0.62593
4	176	1.17861
4	178	1.19691
5	4	1.24997
5	42	1.16957
5	152	1.2127
5	158	1.1909
5	160	0.599438
5	162	0.587154
5	169	1.21435
5	170	1.19
5	173	1.18828
5	174	0.617289
5	176	1.18424
5	179	0.603387
6	76	1.22198
6	81	0.54392
6	94	1.16905
6	151	0.654642
6	152	1.21745
6	158	1.19565
6	169	1.2191
6	170	1.19475
6	171	0.60285
6	172	0.606127
6	173	1.19303
6	176	1.18899
7	26	0.740002
7	82	1.09014
7	99	1.01553
7	110	1.11973
7	115	1.00396
7	122	1.09267
7	131	1.09341
7	133	0.825668
7	157	1.05146
7	161	1.0626
7	166	1.07049
7	180	0.841192
8	76	0.587498
8	105	0.610485
8	151	1.17395
8	168	1.20478
8	169	0.563778
8	170	0.632123
8	171	1.21557
8	172	1.20502
8	174	1.19002
8	175	1.2134
8	177	1.19839
8	179	1.19887
9	56	1.12271
9	88	1.20779
9	96	0.623714
9	118	1.19341
9	130	1.24894
9	141	1.18848
9	142	0.599394
9	159	1.21266
9	163	1.21593
9	171	0.590618
9	172	0.593895
9	178	1.21009
10	73	0.57965
10	83	0.626262
10	120	0.55314
10	141	0.633451
10	148	1.17408
10	168	1.20476
10	171	1.21555
10	172	1.205
10	174	1.19
10	175	1.21338
10	177	1.19837
10	179	1.19885
11	73	1.10723
11	89	0.792294
11	92	1.04948
11	148	0.813322
11	153	1.06638
11	154	1.06825
11	155	1.08195
11	158	1.05922
11	168	0.799949
11	170	1.05832
11	173	1.0566
11	176	1.05256
12	84	1.18811
12	99	1.14673
12	110	1.25093
12	116	1.18576
12	131	1.22461
12	134	1.21952
12	147	0.626364
12	157	1.18266
12	163	0.598781
12	166	1.20169
12	172	0.575486
12	180	0.608011
13	38	1.27065
13	57	1.19852
13	124	1.20031
13	125	0.576913
13	131	1.21031
13	135	0.609941
13	146	1.18495
13	147	0.620232
13	157	1.16836
13	161	1.1795
13	166	1.18739
13	180	0.601879
14	23	0.781919
14	75	0.775022
14	103	1.09569
14	105	1.07526
14	138	1.08339
14	156	1.06762
14	158	1.05295
14	169	1.0764
14	170	1.05206
14	173	1.05033
14	176	1.0463
14	177	0.84937
15	17	1.12484
15	21	0.77128
15	70	1.01519
15	71	1.03121
15	97	0.787245
15	126	1.06113
15	130	1.10198
15	139	1.08092
15	159	1.0657
15	163	1.06896
15	169	0.838125
15	180	1.05006
16	108	0.600254
16	112	1.18573
16	152	0.564038
16	154	0.598978
16	164	1.2035
16	171	1.21382
16	172	1.20327
16	174	1.18827
16	175	1.21165
16	176	0.630588
16	177	1.19664
16	179	1.19712
17	15	1.12484
17	40	0.870622
17	88	1.20889
17	90	1.17728
17	126	1.2092
17	130	1.25005
17	146	1.20477
17	151	0.542491
17	159	1.21377
17	164	0.508442
17	177	0.486918
17	178	1.21119
18	88	0.626993
18	103	0.544357
18	145	1.172
18	154	0.602833
18	165	1.22414
18	171	1.21267
18	172	1.20212
18	173	0.619672
18	174	1.18712
18	175	1.2105
18	177	1.19549
18	179	1.19597
19	41	1.15671
19	77	0.789796
19	122	1.07112
19	130	0.787028
19	139	0.816979
19	143	1.07607
19	155	1.06401
19	169	1.06473
19	172	1.05146
19	174	1.03645
19	176	1.03462
19	177	1.04483
20	56	0.874599
20	136	1.09078
20	152	0.726799
20	162	1.07292
20	168	1.06504
20	171	1.07583
20	174	1.05028
20	175	1.07366
20	176	0.79335
20	177	1.05866
20	179	1.05913
20	180	1.05369
21	15	0.77128
21	30	0.551517
21	141	0.542652
21	155	1.21784
21	159	0.531422
21	161	1.19489
21	166	1.20278
21	167	1.19937
21	168	1.20504
21	173	1.19249
21	176	1.18846
21	179	1.19913
22	79	1.0845
22	91	1.02761
22	149	0.866536
22	153	1.03763
22	154	1.0395
22	156	1.04514
22	158	1.03047
22	169	1.05392
22	170	1.02957
22	173	1.02784
22	174	0.874767
22	176	1.02381
22	177	0.864347
23	14	0.781919
23	64	0.616652
23	78	0.59687
23	79	0.599284
23	123	1.16867
23	162	1.16168
23	164	1.15427
23	171	1.16459
23	172	1.15404
23	174	1.13904
23	175	1.16242
23	177	1.14741
23	179	1.14789
24	1	0.875003
24	55	1.08991
24	63	0.56599
24	119	1.1899
24	120	1.19642
24	127	1.15262
24	138	1.17606
24	155	1.16836
24	161	0.54901
24	170	1.14474
24	171	0.612062
24	173	1.14301
24	176	1.13898
25	30	0.355865
25	56	0.812103
25	88	0.723403
25	157	1.14089
25	159	0.704287
25	161	1.15203
25	166	1.15992
25	169	1.1757
25	170	1.15136
25	174	1.14743
25	175	1.17081
25	176	1.1456
25	179	1.15628
26	7	0.740002
26	99	0.699934
26	100	0.5591
26	106	1.17018
26	126	1.15841
26	153	1.15593
26	159	1.16298
26	164	1.15917
26	166	0.594332
26	173	1.14614
26	176	1.14211
26	177	1.15231
26	179	1.15278
27	40	0.949422
27	98	1.11498
27	117	1.15777
27	127	1.16289
27	137	0.539741
27	153	1.16307
27	154	1.16493
27	169	1.17935
27	173	1.15328
27	175	0.553685
27	176	1.14925
27	177	0.565718
27	180	1.15448
28	103	0.886173
28	107	1.0501
28	132	0.876304
28	134	0.831811
28	162	1.04418
28	164	1.03677
28	165	1.05856
28	171	1.04709
28	172	1.03654
28	174	1.02154
28	175	1.04492
28	177	1.02991
28	179	1.03039
29	51	1.10531
29	62	0.499169
29	82	1.19306
29	84	1.15983
29	87	1.16632
29	115	1.10687
29	116	1.15748
29	134	1.19124
29	147	0.727573
29	157	1.15437
29	161	1.16552
29	163	0.699989
29	178	0.682775
30	1	0.610603
30	3	0.591157
30	21	0.551517
30	25	0.355865
30	33	1.21922
30	69	1.2149
30	70	1.20851
30	106	1.26622
30	137	1.26661
30	139	1.27424
30	141	1.23483
30	159	1.25902
30	162	0.692681
30	178	1.25644
31	35	1.21329
31	84	1.23589
31	87	1.24238
31	125	0.557673
31	131	1.27239
31	143	1.27659
31	149	1.23796
31	157	1.23044
31	161	1.24158
31	163	0.573408
31	166	1.24947
31	168	0.540673
31	178	0.556194
31	180	0.582638
32	41	1.32669
32	45	1.30136
32	84	1.20535
32	110	1.26816
32	124	1.23184
32	134	1.23675
32	147	0.593615
32	157	1.19989
32	161	1.21103
32	164	0.557203
32	166	1.21892
32	177	0.535679
32	178	0.548818
32	180	0.575262
33	30	1.21922
33	57	1.11941
33	91	1.09775
33	105	1.12292
33	148	0.720556
33	159	1.11483
33	161	1.10039
33	165	0.683657
33	166	1.10828
33	169	1.12406
33	175	0.697532
33	176	1.09396
33	179	0.706081
33	180	1.09919
34	92	0.731627
34	117	0.686229
34	142	1.1115
34	144	1.14004
34	153	0.686765
34	154	0.688954
34	163	1.12274
34	164	1.11567
34	165	1.13746
34	168	1.1152
34	172	1.11545
34	175	1.12382
34	177	1.10881
34	179	1.10929
35	31	1.21329
35	66	1.10259
35	82	1.12499
35	84	1.09177
35	122	1.12752
35	124	1.11826
35	143	1.13247
35	157	1.08631
35	160	0.691159
35	161	1.09745
35	166	1.10535
35	176	0.680126
35	179	0.695107
35	180	0.738174
36	37	0.738762
36	58	0.684014
36	129	1.11981
36	135	1.11116
36	166	0.692145
36	167	1.11851
36	169	0.679504
36	171	1.13497
36	172	1.12443
36	174	1.10942
36	175	1.1328
36	177	1.11779
36	179	1.11827
36	180	1.11283
37	36	0.738762
37	58	1.14298
37	104	1.12652
37	105	1.1313
37	143	0.614571
37	151	0.758129
37	154	1.11802
37	155	1.13173
37	156	1.12366
37	158	1.10899
37	170	1.1081
37	173	1.10637
37	175	0.690523
37	176	1.10234
38	13	1.27065
38	44	1.33807
38	45	1.30723
38	66	1.22203
38	95	0.459859
38	114	1.25088
38	115	1.15825
38	135	0.611939
38	145	0.588722
38	146	1.22234
38	157	1.20576
38	166	1.22479
38	171	0.568074
38	178	0.577432
39	66	1.11414
39	99	1.06194
39	100	1.15918
39	110	1.16614
39	116	1.10097
39	124	1.12982
39	143	1.14402
39	157	1.09787
39	161	1.10901
39	163	0.7147
39	166	1.1169
39	175	0.672315
39	178	0.697486
39	180	0.723931
40	3	0.965794
40	17	0.870622
40	27	0.949422
40	85	0.977659
40	113	1.01967
40	142	1.02414
40	150	1.00859
40	167	1.02217
40	171	1.03863
40	172	1.02808
40	174	1.01308
40	175	1.03646
40	177	1.02145
40	179	1.02193
41	19	1.15671
41	32	1.32669
41	60	1.26105
41	114	1.27539
41	115	1.18276
41	140	0.481657
41	143	1.27642
41	147	0.605073
41	157	1.23026
41	161	1.24141
41	163	0.57749
41	166	1.2493
41	178	0.560276
41	180	0.58672
42	5	1.16957
42	113	0.709579
42	125	1.13179
42	135	0.738359
42	146	0.658934
42	154	1.1139
42	155	1.1276
42	156	1.11954
42	158	1.10487
42	169	1.12831
42	170	1.10397
42	173	1.10224
42	174	0.701132
42	176	1.09821
43	132	1.1567
43	135	0.743874
43	152	1.12758
43	153	1.11295
43	155	1.12851
43	156	1.12045
43	159	0.651196
43	164	0.717751
43	169	1.12923
43	170	1.10489
43	173	1.10316
43	176	1.09912
43	178	1.11742
43	179	0.692744
44	38	1.33807
44	51	1.18671
44	99	1.19985
44	115	1.18827
44	122	1.27698
44	125	0.55875
44	134	1.27263
44	147	0.602069
44	157	1.23577
44	161	1.24692
44	165	0.518224
44	166	1.25481
44	171	0.547912
44	180	0.583715
45	32	1.30136
45	38	1.30723
45	65	0.584649
45	82	1.24362
45	99	1.16901
45	114	1.25006
45	131	1.24689
45	134	1.2418
45	147	0.594165
45	161	1.21608
45	164	0.557753
45	166	1.22397
45	175	0.524196
45	178	0.549368
46	72	0.758389
46	106	0.651098
46	115	0.736938
46	150	1.10662
46	151	1.09503
46	160	1.12471
46	161	0.646094
46	168	1.12587
46	171	1.13665
46	172	1.12611
46	174	1.1111
46	175	1.13449
46	177	1.11948
46	179	1.11995
47	88	0.577409
47	143	0.51534
47	151	1.219
47	157	0.538075
47	160	1.24867
47	168	1.24983
47	170	0.577634
47	172	1.25008
47	174	1.23507
47	175	1.25845
47	176	0.58486
47	177	1.24344
47	178	1.25154
47	179	1.24392
48	68	1.0759
48	81	0.694866
48	132	1.12937
48	150	0.760515
48	151	0.805588
48	152	1.10025
48	153	1.08562
48	154	1.08748
48	155	1.10118
48	156	1.09312
48	169	1.1019
48	170	1.07756
48	173	1.07583
48	176	1.0718
48	179	0.746532
49	79	0.597177
49	129	1.1955
49	139	0.560874
49	140	1.21818
49	158	0.625213
49	159	0.622744
49	164	1.20034
49	166	0.586381
49	167	1.1942
49	171	1.21065
49	172	1.20011
49	174	1.1851
49	175	1.20849
49	177	1.19348
49	179	1.19395
50	56	1.01328
50	83	1.0949
50	101	0.694069
50	102	1.05424
50	106	1.11043
50	126	1.09866
50	130	1.13951
50	139	1.11845
50	140	0.725168
50	141	1.07904
50	159	1.10323
50	174	0.801067
50	178	1.10065
50	179	0.787164
50	180	1.08759
51	29	1.10531
51	44	1.18671
51	52	1.14275
51	82	1.09308
51	84	1.05986
51	87	1.06634
51	114	1.09952
51	115	1.0069
51	143	1.10055
51	161	1.06554
51	163	0.759071
51	166	1.07343
51	174	0.739138
51	178	0.741858
51	180	0.768302
52	51	1.14275
52	57	1.22198
52	115	1.14431
52	116	1.19492
52	124	1.22377
52	134	1.22868
52	143	1.23797
52	157	1.19181
52	161	1.20296
52	163	0.6144
52	166	1.21085
52	174	0.594466
52	178	0.597186
52	179	0.580563
52	180	0.62363
53	56	1.12954
53	70	1.16899
53	78	1.24081
53	86	1.20877
53	102	1.17051
53	126	1.21493
53	129	0.590581
53	139	1.23472
53	141	1.19531
53	159	1.2195
53	167	0.62319
53	168	0.605545
53	170	0.582236
53	178	1.21692
53	179	0.604443
54	100	0.734439
54	120	0.736954
54	133	1.07607
54	134	0.688152
54	135	1.07968
54	136	1.11844
54	148	1.06203
54	165	1.11496
54	171	1.10349
54	172	1.09295
54	174	1.07794
54	175	1.10133
54	176	0.832601
54	177	1.08632
54	179	1.08679
55	24	1.08991
55	73	1.11849
55	75	0.693377
55	79	1.12451
55	108	1.07979
55	120	1.12127
55	128	0.758033
55	145	0.792154
55	152	1.09228
55	153	1.07765
55	158	1.07048
55	169	1.09393
55	173	1.06786
55	176	1.06383
55	179	0.764242
56	9	1.12271
56	20	0.874599
56	25	0.812103
56	50	1.01328
56	53	1.12954
56	78	1.08598
56	88	1.0598
56	102	1.01569
56	106	1.07188
56	118	1.04542
56	129	0.782774
56	139	1.0799
56	140	0.734639
56	159	1.06467
56	178	1.0621
56	180	1.04904
57	13	1.19852
57	33	1.11941
57	52	1.22198
57	62	0.496442
57	100	1.19494
57	107	0.654263
57	110	1.2019
57	115	1.08612
57	123	0.674242
57	131	1.17558
57	134	1.17049
57	157	1.13363
57	161	1.14477
57	166	1.15266
57	178	0.680047
57	180	0.706492
58	36	0.684014
58	37	1.14298
58	98	1.11926
58	120	1.21097
58	149	0.649997
58	153	1.16735
58	156	1.17486
58	160	0.640377
58	166	0.566414
58	167	0.663072
58	169	1.18363
58	170	1.15929
58	173	1.15756
58	176	1.15353
58	178	1.17182
58	180	1.15876
59	79	0.613617
59	81	1.18878
59	94	0.668352
59	136	1.18349
59	152	0.5992
59	160	1.15659
59	165	1.18001
59	167	1.15207
59	170	0.658525
59	171	1.16853
59	172	1.15799
59	173	0.65098
59	174	1.14298
59	175	1.16637
59	177	1.15136
59	179	1.15183
60	2	1.06395
60	41	1.26105
60	110	1.20252
60	114	1.17937
60	116	1.13736
60	123	0.626622
60	124	1.1662
60	131	1.1762
60	133	0.643347
60	143	1.1804
60	157	1.13425
60	161	1.14539
60	163	0.649641
60	166	1.15329
60	178	0.632427
60	180	0.658871
61	85	1.16616
61	92	1.14766
61	95	1.21866
61	98	1.11648
61	121	0.659952
61	127	1.16439
61	152	1.1792
61	153	1.16457
61	167	0.650969
61	169	1.18085
61	170	1.15651
61	172	0.642764
61	173	1.15478
61	175	0.623673
61	176	1.15075
61	179	0.632222
62	29	0.499169
62	57	0.496442
62	67	1.25581
62	99	0.591075
62	115	0.59844
62	116	0.504523
62	118	1.27153
62	138	1.30701
62	157	0.501618
62	159	1.29079
62	173	1.27395
62	175	1.29513
62	176	1.26992
62	177	1.28012
62	179	1.2806
62	180	1.27515
63	24	0.56599
63	67	0.649853
63	92	0.68764
63	142	1.16324
63	145	1.13706
63	160	1.16578
63	165	1.1892
63	166	0.613647
63	167	1.16127
63	168	1.16694
63	172	1.16718
63	174	1.15218
63	175	1.17556
63	176	0.676578
63	177	1.16055
63	179	1.16103
64	23	0.616652
64	73	1.16174
64	95	1.17499
64	96	0.720979
64	97	1.15021
64	104	1.13125
64	138	1.14416
64	152	1.13553
64	153	1.1209
64	155	1.13646
64	158	1.11373
64	170	1.11284
64	172	0.69116
64	173	1.11111
64	174	0.694522
64	176	1.10708
64	177	0.684102
65	45	0.584649
65	71	1.10705
65	84	0.718832
65	110	0.666534
65	137	1.14913
65	139	1.15677
65	157	0.720505
65	159	1.14154
65	166	0.704359
65	170	1.12643
65	171	1.14805
65	172	1.13751
65	173	1.12471
65	176	1.12067
65	177	1.13088
65	179	1.13135
65	180	1.12591
66	35	1.10259
66	38	1.22203
66	39	1.11414
66	99	1.08381
66	115	1.07224
66	122	1.16095
66	123	0.683174
66	131	1.16169
66	143	1.16589
66	149	1.12726
66	157	1.11974
66	161	1.13088
66	166	1.13877
66	167	0.691103
66	172	0.682898
66	175	0.663807
66	178	0.688979
67	62	1.25581
67	63	0.649853
67	103	1.14817
67	120	1.15622
67	121	0.716391
67	138	1.13586
67	147	1.12894
67	148	0.703136
67	154	1.11446
67	156	1.1201
67	158	1.10543
67	162	0.672428
67	165	0.666237
67	169	1.12888
67	170	1.10454
67	173	1.10281
67	176	1.09878
68	48	1.0759
68	95	1.1849
68	97	1.16013
68	108	1.13295
68	135	0.721741
68	138	1.15408
68	149	0.676284
68	156	1.13832
68	158	1.12365
68	160	0.666663
68	169	1.14709
68	170	1.12275
68	173	1.12102
68	176	1.11699
68	177	0.674095
68	179	0.670612
68	180	1.12222
69	30	1.2149
69	71	1.07602
69	82	0.648381
69	92	1.08655
69	115	0.810804
69	137	1.11809
69	141	1.08632
69	157	0.713982
69	161	0.719961
69	166	0.697837
69	168	1.10622
69	170	1.0954
69	171	1.11701
69	175	1.11485
69	176	1.08964
69	177	1.09984
69	179	1.10031
69	180	1.09487
70	15	1.01519
70	30	1.20851
70	53	1.16899
70	78	1.12543
70	86	1.09339
70	102	1.05513
70	112	0.731994
70	126	1.09955
70	130	1.1404
70	136	0.705807
70	139	1.11934
70	140	0.675348
70	141	1.07993
70	150	0.751327
70	159	1.10412
70	171	0.744608
70	178	1.10154
70	180	1.08848
71	15	1.03121
71	65	1.10705
71	69	1.07602
71	88	1.11526
71	90	1.08365
71	101	0.644271
71	106	1.12734
71	130	1.15642
71	139	1.13536
71	142	0.753406
71	149	1.10208
71	159	1.12014
71	160	0.733418
71	163	1.1234
71	177	0.74085
71	178	1.11756
71	179	0.737366
71	180	1.1045
72	46	0.758389
72	73	1.11521
72	79	1.12124
72	92	1.05746
72	111	0.755403
72	117	1.06908
72	132	1.11812
72	138	1.09764
72	146	0.758578
72	152	1.08901
72	153	1.07437
72	154	1.07624
72	155	1.08994
72	156	1.08188
72	162	0.770641
72	163	1.08468
72	165	0.76445
72	173	1.06458
72	176	1.06055
73	10	0.57965
73	11	1.10723
73	55	1.11849
73	64	1.16174
73	72	1.11521
73	80	0.602096
73	95	1.23546
73	104	1.19173
73	109	0.638995
73	150	0.660233
73	155	1.19694
73	156	1.18888
73	158	1.17421
73	164	0.671256
73	169	1.19765
73	170	1.17331
73	172	0.65679
73	173	1.17158
73	176	1.16755
74	85	1.08602
74	98	1.03634
74	105	1.09957
74	117	1.07913
74	120	1.12805
74	127	1.08425
74	141	0.74813
74	152	1.09906
74	153	1.08443
74	156	1.09193
74	157	0.716682
74	169	1.10071
74	170	1.07637
74	171	0.785711
74	173	1.07464
74	175	0.769898
74	176	1.07061
74	177	0.781931
74	178	1.0889
75	14	0.775022
75	55	0.693377
75	96	1.15063
75	119	0.57171
75	131	0.554083
75	135	1.16079
75	136	1.19955
75	146	1.16909
75	150	1.15456
75	151	1.14297
75	165	1.19607
75	169	0.56895
75	172	1.17405
75	173	0.62975
75	174	1.15905
75	175	1.18243
75	177	1.16742
75	178	1.17551
75	179	1.1679
76	6	1.22198
76	8	0.587498
76	81	0.611868
76	94	1.12594
76	95	1.21379
76	112	0.658184
76	117	1.1544
76	119	1.1968
76	152	1.17433
76	154	1.16156
76	155	1.17527
76	158	1.15253
76	162	0.647301
76	165	0.64111
76	169	1.17598
76	170	1.15164
76	173	1.14991
76	176	1.14588
76	179	0.663534
77	19	0.789796
77	83	1.16938
77	90	1.14123
77	102	1.12873
77	106	1.18492
77	109	0.592512
77	118	1.15846
77	126	1.17315
77	130	1.214
77	139	1.19294
77	141	1.15353
77	146	1.16872
77	159	1.17772
77	172	0.610307
77	174	0.613668
77	177	0.603249
77	178	1.17514
77	179	0.599766
77	180	1.16208
78	23	0.59687
78	53	1.24081
78	56	1.08598
78	70	1.12543
78	86	1.16521
78	108	0.615521
78	125	1.18864
78	126	1.17137
78	130	1.21221
78	139	1.19116
78	141	1.15175
78	144	0.611369
78	149	1.15787
78	159	1.17593
78	164	0.685844
78	168	0.661939
78	173	0.631085
78	178	1.17336
78	180	1.1603
79	22	1.0845
79	23	0.599284
79	49	0.597177
79	55	1.12451
79	59	0.613617
79	72	1.12124
79	80	0.619098
79	108	1.18954
79	113	0.685601
79	133	1.17353
79	138	1.21066
79	145	0.691163
79	153	1.1874
79	155	1.20296
79	156	1.1949
79	158	1.18023
79	170	1.17934
79	173	1.17761
79	176	1.17358
80	73	0.602096
80	79	0.619098
80	102	0.739386
80	120	0.575586
80	135	1.15911
80	143	0.601713
80	151	1.14129
80	162	1.18001
80	164	1.1726
80	165	1.19439
80	167	1.16646
80	171	1.18292
80	172	1.17237
80	173	0.656462
80	174	1.15737
80	175	1.18075
80	177	1.16574
80	179	1.16622
80	180	1.16077
81	2	1.0855
81	6	0.54392
81	48	0.694866
81	59	1.18878
81	76	0.611868
81	118	1.16212
81	139	1.1966
81	146	1.17238
81	149	1.16332
81	154	0.632109
81	157	1.15579
81	159	1.18138
81	161	1.16694
81	165	1.19936
81	167	1.17142
81	173	0.648949
81	175	1.18572
81	176	0.66372
81	177	1.17071
82	7	1.09014
82	29	1.19306
82	35	1.12499
82	45	1.24362
82	51	1.09308
82	69	0.648381
82	100	1.20346
82	110	1.21042
82	114	1.18727
82	122	1.18335
82	123	0.613817
82	134	1.179
82	143	1.1883
82	147	0.664419
82	157	1.14214
82	163	0.636836
82	164	0.628007
82	166	1.16118
82	178	0.619622
83	10	0.626262
83	50	1.0949
83	77	1.16938
83	88	1.14142
83	93	0.616619
83	106	1.1535
83	113	0.71521
83	126	1.14172
83	130	1.18257
83	133	1.12538
83	139	1.16152
83	141	1.1221
83	146	1.1373
83	159	1.14629
83	163	1.14955
83	168	0.693963
83	170	0.670654
83	175	0.684312
83	178	1.14372
83	180	1.13066
84	12	1.18811
84	29	1.15983
84	31	1.23589
84	32	1.20535
84	35	1.09177
84	51	1.05986
84	65	0.718832
84	99	1.07299
84	100	1.17023
84	122	1.15013
84	124	1.14087
84	143	1.15507
84	144	0.617461
84	146	1.1255
84	149	1.11644
84	153	0.618148
84	166	1.12795
84	175	0.658379
84	178	0.683551
84	180	0.709996
85	40	0.977659
85	61	1.16616
85	74	1.08602
85	95	1.19621
85	117	1.13682
85	127	1.14194
85	151	0.649528
85	154	1.14398
85	155	1.15769
85	156	1.14962
85	158	1.13495
85	164	0.615479
85	165	0.568048
85	169	1.1584
85	170	1.13406
85	171	0.597736
85	172	0.601013
85	173	1.13233
85	176	1.1283
85	180	1.13353
86	53	1.20877
86	70	1.09339
86	78	1.16521
86	96	0.728735
86	101	0.595281
86	102	1.09491
86	118	1.12464
86	123	1.15449
86	126	1.13933
86	130	1.18018
86	139	1.15912
86	141	1.11971
86	144	0.638908
86	145	0.716287
86	146	1.1349
86	147	1.1532
86	159	1.1439
86	170	0.666169
86	173	0.658624
86	180	1.12826
87	2	1.04511
87	29	1.16632
87	31	1.24238
87	51	1.06634
87	89	0.646269
87	110	1.18368
87	114	1.16053
87	116	1.11851
87	122	1.15662
87	124	1.14736
87	131	1.15736
87	133	0.680364
87	134	1.15227
87	143	1.16156
87	157	1.11541
87	161	1.12655
87	163	0.686658
87	170	0.630615
87	178	0.669444
87	180	0.695888
88	9	1.20779
88	17	1.20889
88	18	0.626993
88	25	0.723403
88	47	0.577409
88	56	1.0598
88	71	1.11526
88	83	1.14142
88	90	1.11327
88	102	1.10076
88	126	1.14518
88	130	1.18603
88	139	1.16498
88	141	1.12556
88	158	0.668856
88	159	1.14975
88	168	0.709038
88	176	0.692955
88	178	1.14718
88	180	1.13412
89	11	0.792294
89	87	0.646269
89	142	1.12171
89	148	1.09474
89	151	1.09458
89	153	0.675033
89	158	0.684735
89	160	1.12426
89	162	1.13329
89	167	1.11974
89	168	1.12542
89	170	0.701607
89	171	1.1362
89	172	1.12566
89	173	0.694062
89	174	1.11065
89	175	1.13404
89	177	1.11903
89	178	1.12712
89	179	1.1195
89	180	1.11406
90	3	0.90201
90	17	1.17728
90	71	1.08365
90	77	1.14123
90	88	1.11327
90	106	1.12534
90	118	1.09888
90	123	1.12873
90	126	1.11357
90	130	1.15442
90	139	1.13336
90	141	1.09395
90	149	1.10008
90	150	0.665234
90	159	1.11814
90	167	0.669997
90	171	0.658514
90	172	0.661792
90	178	1.11557
90	179	0.65125
90	180	1.10251
91	22	1.02761
91	33	1.09775
91	92	1.1136
91	98	1.08242
91	119	1.16761
91	121	0.738999
91	144	0.661801
91	145	0.739181
91	152	1.14514
91	153	1.13051
91	154	1.13237
91	156	1.13801
91	158	1.12334
91	166	0.633358
91	168	0.712372
91	169	1.14679
91	170	1.12245
91	172	0.721811
91	173	1.12072
91	176	1.11669
91	178	1.13498
92	11	1.04948
92	34	0.731627
92	61	1.14766
92	63	0.68764
92	69	1.08655
92	72	1.05746
92	91	1.1136
92	104	1.13398
92	117	1.11833
92	120	1.16724
92	132	1.16737
92	138	1.14689
92	139	0.62303
92	146	0.698152
92	148	0.740923
92	156	1.13113
92	160	0.7225
92	169	1.1399
92	170	1.11556
92	176	1.1098
92	180	1.11504
93	83	0.616619
93	98	0.673329
93	100	0.540982
93	103	0.549057
93	104	0.598591
93	143	0.569624
93	145	1.17327
93	148	1.17248
93	160	1.202
93	162	1.21103
93	164	1.20363
93	165	1.22542
93	167	1.19748
93	168	1.20316
93	171	1.21394
93	172	1.2034
93	174	1.18839
93	175	1.21178
93	176	0.639144
93	177	1.19677
93	179	1.19724
94	6	1.16905
94	59	0.668352
94	76	1.12594
94	111	0.686516
94	119	1.14387
94	129	0.704126
94	132	1.15052
94	137	0.695494
94	142	0.734027
94	147	1.12311
94	152	1.1214
94	153	1.10677
94	154	1.10863
94	155	1.12234
94	158	1.0996
94	163	1.11708
94	169	1.12305
94	170	1.09871
94	173	1.09698
94	176	1.09295
94	177	0.72147
95	38	0.459859
95	61	1.21866
95	64	1.17499
95	68	1.1849
95	73	1.23546
95	76	1.21379
95	85	1.19621
95	101	1.23218
95	108	1.19676
95	136	0.597879
95	154	1.19649
95	158	1.18746
95	160	0.625467
95	168	0.630518
95	169	1.2109
95	170	1.18656
95	173	1.18483
95	174	0.643318
95	175	0.620867
95	176	1.1808
95	177	0.632899
96	9	0.623714
96	64	0.720979
96	75	1.15063
96	86	0.728735
96	121	1.09758
96	126	0.691526
96	128	1.12415
96	140	1.1412
96	145	1.093
96	148	1.09221
96	152	0.689195
96	162	1.13076
96	164	1.12336
96	167	1.11721
96	171	1.13367
96	172	1.12313
96	173	0.740974
96	174	1.10812
96	175	1.13151
96	177	1.1165
96	179	1.11697
97	15	0.787245
97	64	1.15021
97	68	1.16013
97	103	1.20542
97	117	1.16455
97	119	1.20695
97	127	1.16967
97	132	1.21359
97	135	0.640064
97	146	0.560639
97	151	0.647991
97	153	1.16984
97	154	1.17171
97	158	1.16268
97	169	1.18613
97	170	1.16178
97	173	1.16006
97	174	0.602838
97	175	0.580386
97	176	1.15602
97	177	0.592418
97	180	1.16126
98	27	1.11498
98	58	1.11926
98	61	1.11648
98	74	1.03634
98	91	1.08242
98	93	0.673329
98	103	1.12802
98	111	0.718101
98	119	1.12955
98	120	1.13607
98	127	1.09227
98	137	0.727079
98	155	1.10801
98	158	1.08528
98	164	0.774579
98	169	1.10873
98	170	1.08438
98	173	1.08266
98	174	0.763474
98	176	1.07862
98	177	0.753055
98	178	1.09692
99	7	1.01553
99	12	1.14673
99	26	0.699934
99	39	1.06194
99	44	1.19985
99	45	1.16901
99	62	0.591075
99	66	1.08381
99	84	1.07299
99	101	1.12363
99	114	1.11266
99	116	1.07064
99	122	1.10874
99	124	1.09949
99	125	0.77616
99	143	1.11369
99	149	1.07506
99	151	0.817114
99	157	1.06754
99	161	1.07868
99	175	0.749509
99	178	0.774681
100	2	1.09448
100	26	0.5591
100	39	1.15918
100	54	0.734439
100	57	1.19494
100	82	1.20346
100	84	1.17023
100	93	0.540982
100	115	1.11728
100	116	1.16789
100	122	1.20599
100	125	0.635326
100	131	1.20673
100	133	0.644767
100	134	1.20164
100	146	1.18137
100	149	1.1723
100	157	1.16478
100	161	1.17592
100	166	1.18381
100	178	0.633847
100	180	0.660291
101	50	0.694069
101	71	0.644271
101	86	0.595281
101	95	1.23218
101	99	1.12363
101	102	0.690444
101	106	0.586488
101	115	1.11206
101	118	0.589211
101	124	1.19151
101	156	1.1856
101	157	1.15956
101	158	1.17093
101	159	0.595724
101	166	1.17859
101	170	1.17003
101	171	1.19165
101	172	1.1811
101	175	1.18948
101	176	1.16427
101	177	1.17447
101	179	1.17495
102	50	1.05424
102	53	1.17051
102	56	1.01569
102	70	1.05513
102	77	1.12873
102	80	0.739386
102	86	1.09491
102	88	1.10076
102	101	0.690444
102	106	1.11284
102	118	1.08638
102	125	1.11834
102	126	1.10107
102	130	1.14192
102	147	1.11494
102	153	0.734758
102	154	0.736947
102	155	0.704583
102	159	1.10564
102	163	1.1089
102	171	0.790803
102	180	1.09
103	14	1.09569
103	18	0.544357
103	28	0.886173
103	67	1.14817
103	93	0.549057
103	97	1.20542
103	98	1.12802
103	105	1.19125
103	127	1.17593
103	129	0.611438
103	132	1.21986
103	146	0.597003
103	152	1.19074
103	155	1.19167
103	156	1.18361
103	165	0.602875
103	169	1.19239
103	170	1.16805
103	173	1.16632
103	175	0.61675
103	176	1.16229
103	178	1.18058
104	37	1.12652
104	64	1.13125
104	73	1.19173
104	92	1.13398
104	93	0.598591
104	108	1.15303
104	117	1.14559
104	121	0.702564
104	127	1.15071
104	132	1.19464
104	133	1.13702
104	137	0.652341
104	140	0.612837
104	142	0.690874
104	148	0.689309
104	153	1.15089
104	154	1.15275
104	158	1.14372
104	169	1.16717
104	170	1.14283
104	173	1.1411
104	175	0.666284
104	176	1.13707
105	8	0.610485
105	14	1.07526
105	33	1.12292
105	37	1.1313
105	74	1.09957
105	103	1.19125
105	109	0.679268
105	112	0.681172
105	117	1.15038
105	119	1.19278
105	123	1.17331
105	126	0.607322
105	127	1.1555
105	150	0.700506
105	155	1.17124
105	156	1.16318
105	157	0.624756
105	163	1.16599
105	169	1.17196
105	170	1.14761
105	173	1.14589
105	174	0.700425
105	176	1.14185
106	26	1.17018
106	30	1.26622
106	46	0.651098
106	50	1.11043
106	56	1.07188
106	71	1.12734
106	77	1.18492
106	83	1.1535
106	90	1.12534
106	101	0.586488
106	102	1.11284
106	118	1.14257
106	128	0.673373
106	133	1.14092
106	139	1.17705
106	140	0.617586
106	141	1.13764
106	147	1.17113
106	148	0.694058
106	150	0.693566
106	159	1.16183
106	174	0.693485
106	180	1.14619
107	28	1.0501
107	57	0.654263
107	130	0.587836
107	140	1.17818
107	141	0.690888
107	145	1.12998
107	150	1.14062
107	152	0.639674
107	154	0.674614
107	157	0.65944
107	158	0.682126
107	160	1.15871
107	162	1.16774
107	164	1.16034
107	167	1.15419
107	168	1.15986
107	171	1.17065
107	172	1.16011
107	174	1.1451
107	175	1.16849
107	177	1.15348
107	179	1.15395
107	180	1.14851
108	16	0.600254
108	55	1.07979
108	68	1.13295
108	78	0.615521
108	79	1.18954
108	95	1.19676
108	104	1.15303
108	117	1.13737
108	132	1.18642
108	138	1.16594
108	150	0.699035
108	154	1.14454
108	155	1.15824
108	160	0.681103
108	163	1.15298
108	164	0.710058
108	166	0.60714
108	169	1.15895
108	170	1.13461
108	171	0.692315
108	173	1.13288
108	176	1.12885
108	178	1.14714
109	73	0.638995
109	77	0.592512
109	105	0.679268
109	111	1.13904
109	125	1.17073
109	129	1.14937
109	130	0.589743
109	145	1.12386
109	148	1.12306
109	150	1.13449
109	158	0.684034
109	160	1.15258
109	162	1.16162
109	164	1.15421
109	165	1.176
109	170	0.700906
109	171	1.16453
109	172	1.15398
109	174	1.13898
109	175	1.16236
109	176	0.708132
109	177	1.14735
109	179	1.14783
110	7	1.11973
110	12	1.25093
110	32	1.26816
110	39	1.16614
110	57	1.2019
110	60	1.20252
110	65	0.666534
110	82	1.21042
110	87	1.18368
110	116	1.17484
110	119	0.526839
110	122	1.21294
110	124	1.20369
110	132	0.499694
110	134	1.2086
110	137	1.20491
110	143	1.21789
110	161	1.18288
110	166	1.19077
110	167	0.633377
110	173	0.584879
110	176	0.59965
110	178	0.631253
110	180	0.657697
111	72	0.755403
111	94	0.686516
111	98	0.718101
111	109	1.13904
111	128	1.13263
111	129	1.12699
111	142	1.12766
111	148	1.10068
111	150	1.11211
111	152	0.617364
111	159	0.657348
111	160	1.1302
111	162	1.13924
111	165	1.15362
111	167	1.12569
111	168	1.13136
111	170	0.676689
111	171	1.14215
111	172	1.13161
111	174	1.1166
111	175	1.13998
111	176	0.683915
111	177	1.12497
111	179	1.12545
112	16	1.18573
112	70	0.731994
112	76	0.658184
112	105	0.681172
112	128	1.13004
112	138	0.657709
112	144	1.15362
112	148	1.09809
112	150	1.10952
112	151	1.09794
112	153	0.676236
112	154	0.678425
112	160	1.12761
112	162	1.13665
112	163	1.13631
112	168	1.12877
112	171	1.13956
112	172	1.12902
112	174	1.11401
112	175	1.13739
112	176	0.710036
112	177	1.12238
112	178	1.13048
112	179	1.12286
113	40	1.01967
113	42	0.709579
113	79	0.685601
113	83	0.71521
113	116	0.693855
113	124	0.651658
113	135	1.12487
113	145	1.10801
113	147	1.15147
113	155	0.67376
113	160	1.13674
113	162	1.14577
113	163	1.14544
113	164	1.13837
113	167	1.13222
113	168	1.13789
113	169	0.662164
113	171	1.14868
113	172	1.13814
113	174	1.12313
113	175	1.14652
113	177	1.13151
113	178	1.1396
113	179	1.13198
114	38	1.25088
114	41	1.27539
114	45	1.25006
114	51	1.09952
114	60	1.17937
114	82	1.18727
114	87	1.16053
114	99	1.11266
114	115	1.10108
114	116	1.15169
114	122	1.18979
114	123	0.624477
114	124	1.18054
114	131	1.19054
114	133	0.641202
114	143	1.19474
114	156	0.575045
114	157	1.14859
114	161	1.15973
114	163	0.647496
114	166	1.16762
114	171	0.620924
114	177	0.617143
114	178	0.630282
114	180	0.656727
115	7	1.00396
115	29	1.10687
115	38	1.15825
115	41	1.18276
115	44	1.18827
115	46	0.736938
115	51	1.0069
115	52	1.14431
115	57	1.08612
115	62	0.59844
115	66	1.07224
115	69	0.810804
115	100	1.11728
115	101	1.11206
115	114	1.10108
115	116	1.05907
115	122	1.09717
115	133	0.792965
115	143	1.10211
115	149	1.06348
115	157	1.05596
115	161	1.0671
115	166	1.075
115	169	0.674871
115	178	0.782045
115	180	0.80849
116	12	1.18576
116	29	1.15748
116	39	1.10097
116	52	1.19492
116	60	1.13736
116	62	0.504523
116	87	1.11851
116	99	1.07064
116	100	1.16789
116	110	1.17484
116	113	0.693855
116	114	1.15169
116	115	1.05907
116	121	0.699236
116	122	1.14778
116	124	1.13852
116	125	0.689608
116	131	1.14852
116	134	1.14343
116	143	1.15272
116	147	0.732926
116	157	1.10657
116	161	1.11771
116	166	1.1256
116	167	0.690253
116	178	0.688129
116	180	0.714573
117	27	1.15777
117	34	0.686229
117	72	1.06908
117	74	1.07913
117	76	1.1544
117	85	1.13682
117	92	1.11833
117	97	1.16455
117	104	1.14559
117	105	1.15038
117	108	1.13737
117	120	1.17885
117	129	0.667189
117	144	0.631582
117	145	0.708962
117	147	1.15158
117	152	1.14987
117	154	1.1371
117	156	1.14274
117	158	1.12807
117	159	0.639502
117	167	0.699797
117	168	0.682152
117	169	1.15151
117	173	1.12544
117	174	0.694953
117	176	1.12141
118	9	1.19341
118	56	1.04542
118	62	1.27153
118	77	1.15846
118	81	1.16212
118	86	1.12464
118	90	1.09888
118	101	0.589211
118	102	1.08638
118	106	1.14257
118	126	1.1308
118	130	1.17165
118	133	1.11445
118	141	1.11118
118	147	1.14467
118	149	1.11731
118	151	0.741362
118	159	1.13537
118	162	0.666073
118	163	1.13863
118	165	0.659882
118	167	0.701053
118	174	0.696209
118	175	0.673757
118	177	0.685789
118	178	1.13279
118	180	1.11973
119	24	1.1899
119	75	0.57171
119	76	1.1968
119	91	1.16761
119	94	1.14387
119	97	1.20695
119	98	1.12955
119	105	1.19278
119	110	0.526839
119	120	1.22125
119	128	0.636366
119	135	0.693705
119	136	0.611038
119	149	0.648247
119	152	1.19227
119	153	1.17763
119	154	1.1795
119	156	1.18514
119	158	1.17047
119	160	0.638627
119	168	0.643677
119	169	1.19391
119	170	1.16957
119	173	1.16784
119	176	1.16381
119	178	1.18211
119	179	0.642575
119	180	1.16904
120	10	0.55314
120	24	1.19642
120	54	0.736954
120	55	1.12127
120	58	1.21097
120	67	1.15622
120	74	1.12805
120	80	0.575586
120	92	1.16724
120	98	1.13607
120	117	1.17885
120	119	1.22125
120	132	1.2279
120	137	0.597246
120	142	0.635779
120	149	0.625411
120	152	1.19878
120	153	1.18415
120	154	1.18602
120	158	1.17699
120	160	0.615791
120	164	0.644747
120	169	1.20043
120	170	1.17609
120	171	0.627003
120	173	1.17436
120	176	1.17033
120	178	1.18862
121	61	0.659952
121	67	0.716391
121	91	0.738999
121	96	1.09758
121	104	0.702564
121	116	0.699236
121	127	0.700602
121	128	1.12203
121	135	1.10774
121	136	1.1465
121	137	1.13263
121	140	1.13908
121	142	1.11706
121	150	1.10152
121	151	1.08993
121	153	0.709316
121	162	1.12864
121	164	1.12124
121	165	1.14302
121	167	1.11509
121	168	1.12076
121	169	0.667545
121	171	1.13155
121	172	1.12101
121	174	1.106
121	175	1.12938
121	177	1.11438
121	179	1.11485
122	7	1.09267
122	19	1.07112
122	35	1.12752
122	44	1.27698
122	66	1.16095
122	82	1.18335
122	84	1.15013
122	87	1.15662
122	99	1.10874
122	100	1.20599
122	110	1.21294
122	114	1.18979
122	115	1.09717
122	116	1.14778
122	124	1.17662
122	131	1.18662
122	133	0.667828
122	143	1.19082
122	147	0.701705
122	155	0.56133
122	156	0.601671
122	157	1.14467
122	161	1.15581
122	166	1.16371
122	171	0.647549
122	172	0.650827
122	178	0.656908
122	179	0.640285
122	180	0.683352
123	23	1.16867
123	57	0.674242
123	60	0.626622
123	66	0.683174
123	82	0.613817
123	86	1.15449
123	90	1.12873
123	105	1.17331
123	114	0.624477
123	124	0.640126
123	134	0.581755
123	139	1.18044
123	141	1.14103
123	152	1.1728
123	156	1.16568
123	159	1.16522
123	161	0.685397
123	165	1.1832
123	166	0.663273
123	169	1.17445
123	170	1.15011
123	172	1.16118
123	173	1.14838
123	174	1.14618
123	175	1.16956
123	176	1.14435
123	177	1.15455
123	178	1.16264
123	179	1.15503
124	2	1.06512
124	13	1.20031
124	32	1.23184
124	35	1.11826
124	39	1.12982
124	52	1.22377
124	60	1.1662
124	84	1.14087
124	87	1.14736
124	99	1.09949
124	101	1.19151
124	110	1.20369
124	113	0.651658
124	114	1.18054
124	116	1.13852
124	122	1.17662
124	123	0.640126
124	131	1.17737
124	134	1.17228
124	157	1.13542
124	161	1.14656
124	163	0.663145
124	166	1.15445
124	167	0.648055
124	168	0.630411
124	177	0.632792
124	178	0.645931
124	179	0.629309
124	180	0.672376
125	13	0.576913
125	31	0.557673
125	42	1.13179
125	44	0.55875
125	78	1.18864
125	99	0.77616
125	100	0.635326
125	102	1.11834
125	109	1.17073
125	116	0.689608
125	126	1.16276
125	131	0.64305
125	137	1.17492
125	144	1.18789
125	152	1.17492
125	154	1.16215
125	157	0.686702
125	159	1.16733
125	160	1.16189
125	162	1.17093
125	166	0.670557
125	170	1.15222
125	173	1.15049
125	174	1.14829
125	176	1.14646
125	177	1.15666
125	178	1.16476
125	179	1.15714
125	180	1.15169
126	3	0.901926
126	15	1.06113
126	17	1.2092
126	26	1.15841
126	50	1.09866
126	53	1.21493
126	70	1.09955
126	77	1.17315
126	78	1.17137
126	83	1.14172
126	86	1.13933
126	88	1.14518
126	90	1.11357
126	96	0.691526
126	102	1.10107
126	105	0.607322
126	118	1.1308
126	125	1.16276
126	129	0.637305
126	130	1.18634
126	132	0.53623
126	133	1.12914
126	136	0.619629
126	141	1.12587
126	151	0.710223
126	159	1.15006
126	163	1.15332
126	168	0.652269
126	179	0.651167
126	180	1.13442
127	24	1.15262
127	27	1.16289
127	61	1.16439
127	74	1.08425
127	85	1.14194
127	97	1.16967
127	98	1.09227
127	103	1.17593
127	104	1.15071
127	105	1.1555
127	121	0.700602
127	138	1.16362
127	142	0.688912
127	144	0.623404
127	146	0.644576
127	153	1.14035
127	154	1.14222
127	156	1.14786
127	158	1.13319
127	162	0.656639
127	169	1.15663
127	170	1.13229
127	171	0.680136
127	172	0.683413
127	173	1.13056
127	175	0.664323
127	176	1.12653
127	178	1.14482
127	179	0.672872
127	180	1.13176
128	55	0.758033
128	96	1.12415
128	106	0.673373
128	111	1.13263
128	112	1.13004
128	119	0.636366
128	121	1.12203
128	130	0.590788
128	131	0.618739
128	140	1.16564
128	141	0.69384
128	142	1.14363
128	144	1.17217
128	150	1.12808
128	151	1.1165
128	152	0.642626
128	159	0.68261
128	160	1.14617
128	164	1.1478
128	165	1.16959
128	167	1.14166
128	168	1.14733
128	171	1.15812
128	172	1.14758
128	173	0.694406
128	174	1.13257
128	175	1.15595
128	177	1.14094
128	179	1.14142
128	180	1.13598
129	36	1.11981
129	49	1.1955
129	53	0.590581
129	56	0.782774
129	94	0.704126
129	103	0.611438
129	109	1.14937
129	111	1.12699
129	117	0.667189
129	126	0.637305
129	140	1.16001
129	144	1.16654
129	148	1.11102
129	150	1.12245
129	155	0.637549
129	158	0.677426
129	160	1.14054
129	162	1.14957
129	165	1.16396
129	167	1.13603
129	168	1.1417
129	171	1.15248
129	172	1.14194
129	173	0.686753
129	174	1.12694
129	175	1.15032
129	177	1.13531
129	178	1.1434
129	179	1.13579
129	180	1.13034
130	9	1.24894
130	15	1.10198
130	17	1.25005
130	19	0.787028
130	50	1.13951
130	70	1.1404
130	71	1.15642
130	77	1.214
130	78	1.21221
130	83	1.18257
130	86	1.18018
130	88	1.18603
130	90	1.15442
130	102	1.14192
130	107	0.587836
130	109	0.589743
130	118	1.17165
130	126	1.18634
130	128	0.590788
130	139	1.20613
130	141	1.16672
130	147	1.2002
130	151	0.656053
130	159	1.19091
130	163	1.19417
130	167	0.615743
130	168	0.598099
130	175	0.588448
130	177	0.60048
130	179	0.596997
130	180	1.17527
131	7	1.09341
131	12	1.22461
131	13	1.21031
131	31	1.27239
131	45	1.24689
131	57	1.17558
131	60	1.1762
131	66	1.16169
131	75	0.554083
131	87	1.15736
131	100	1.20673
131	114	1.19054
131	116	1.14852
131	122	1.18662
131	124	1.17737
131	125	0.64305
131	128	0.618739
131	134	1.18227
131	137	1.17859
131	143	1.19157
131	149	1.15294
131	156	0.586333
131	157	1.14541
131	161	1.15656
131	165	0.602524
131	166	1.16445
131	171	0.632212
131	172	0.635489
131	177	0.628431
131	178	0.641571
131	180	0.668015
132	28	0.876304
132	43	1.1567
132	48	1.12937
132	72	1.11812
132	92	1.16737
132	94	1.15052
132	97	1.21359
132	103	1.21986
132	104	1.19464
132	108	1.18642
132	110	0.499694
132	120	1.2279
132	126	0.53623
132	137	0.592937
132	150	0.629414
132	152	1.19891
132	153	1.18428
132	154	1.18615
132	155	1.19985
132	156	1.19179
132	158	1.17712
132	160	0.611482
132	162	0.599197
132	169	1.20056
132	170	1.17622
132	171	0.622694
132	173	1.17449
132	174	0.629333
132	176	1.17046
132	179	0.61543
132	180	1.17569
133	7	0.825668
133	54	1.07607
133	60	0.643347
133	79	1.17353
133	83	1.12538
133	87	0.680364
133	100	0.644767
133	104	1.13702
133	106	1.14092
133	114	0.641202
133	115	0.792965
133	118	1.11445
133	122	0.667828
133	126	1.12914
133	134	0.59848
133	141	1.10952
133	147	1.14301
133	153	1.12666
133	161	0.702122
133	165	1.15169
133	167	1.12376
133	169	1.14294
133	170	1.1186
133	171	1.14022
133	173	1.11687
133	174	1.11467
133	175	1.13805
133	176	1.11284
133	177	1.12304
133	179	1.12352
133	180	1.11808
134	2	1.07002
134	12	1.21952
134	28	0.831811
134	29	1.19124
134	32	1.23675
134	44	1.27263
134	45	1.2418
134	52	1.22868
134	54	0.688152
134	57	1.17049
134	82	1.179
134	87	1.15227
134	100	1.20164
134	110	1.2086
134	116	1.14343
134	123	0.581755
134	124	1.17228
134	131	1.18227
134	133	0.59848
134	137	1.17349
134	145	0.598849
134	146	1.15691
134	149	1.14784
134	157	1.14032
134	161	1.15147
134	166	1.15936
134	167	0.589684
134	175	0.562388
134	176	0.555956
134	178	0.58756
134	180	0.614004
135	13	0.609941
135	36	1.11116
135	38	0.611939
135	42	0.738359
135	43	0.743874
135	54	1.07968
135	68	0.721741
135	75	1.16079
135	80	1.15911
135	97	0.640064
135	113	1.12487
135	119	0.693705
135	121	1.10774
135	139	0.678078
135	145	1.10316
135	150	1.1138
135	151	1.10221
135	162	1.14092
135	164	1.13352
135	165	1.15531
135	167	1.12737
135	168	1.13305
135	170	0.759289
135	171	1.14383
135	172	1.13329
135	174	1.11828
135	175	1.14167
135	177	1.12666
135	178	1.13475
135	179	1.12713
135	180	1.12169
136	20	1.09078
136	54	1.11844
136	59	1.18349
136	70	0.705807
136	75	1.19955
136	95	0.597879
136	119	0.611038
136	121	1.1465
136	126	0.619629
136	138	0.631522
136	139	0.595411
136	140	1.19012
136	145	1.14193
136	148	1.14113
136	150	1.15256
136	151	1.14097
136	153	0.650049
136	156	0.660215
136	160	1.17065
136	161	0.643042
136	162	1.17968
136	164	1.17228
136	165	1.19407
136	167	1.16614
136	168	1.17181
136	170	0.676623
136	171	1.18259
136	172	1.17205
136	175	1.18043
136	177	1.16542
136	178	1.17351
136	179	1.1659
137	27	0.539741
137	30	1.26661
137	65	1.14913
137	69	1.11809
137	94	0.695494
137	98	0.727079
137	104	0.652341
137	110	1.20491
137	120	0.597246
137	121	1.13263
137	125	1.17492
137	131	1.17859
137	132	0.592937
137	134	1.17349
137	138	0.640566
137	143	1.18279
137	154	0.661282
137	156	0.669259
137	157	1.13663
137	159	1.16222
137	161	1.14778
137	165	1.1802
137	166	1.15567
137	167	1.15226
137	168	1.15794
137	169	0.617322
137	172	1.15818
137	174	1.14317
137	175	1.16656
137	178	1.15964
137	179	1.15202
137	180	1.14658
138	14	1.08339
138	24	1.17606
138	62	1.30701
138	64	1.14416
138	67	1.13586
138	68	1.15408
138	72	1.09764
138	79	1.21066
138	92	1.14689
138	108	1.16594
138	112	0.657709
138	127	1.16362
138	136	0.631522
138	137	0.640566
138	140	0.601063
138	146	0.634763
138	149	0.668731
138	152	1.17843
138	154	1.16566
138	155	1.17937
138	156	1.17131
138	158	1.15663
138	161	0.607272
138	165	0.640635
138	169	1.18008
138	170	1.15574
138	172	0.6736
138	173	1.15401
138	175	0.65451
