1	8	1.25948
1	103	0.467098
1	115	1.35274
1	117	0.496542
1	140	1.40623
1	156	1.36008
1	161	0.490811
1	164	1.39237
1	171	0.480507
1	176	1.41295
1	178	1.41674
1	180	0.466641
2	71	0.54194
2	133	0.483632
2	144	1.34113
2	148	0.437146
2	155	1.38703
2	160	1.35582
2	169	0.47039
2	173	1.36103
2	175	1.41469
2	176	0.461536
2	179	1.36572
2	180	1.37643
3	28	0.618855
3	106	0.418927
3	117	0.45338
3	127	0.454535
3	149	0.449475
3	150	1.41234
3	163	1.36585
3	169	1.35358
3	176	1.35991
3	177	1.38192
3	178	1.3637
3	180	1.36366
4	52	0.485455
4	60	0.494871
4	84	1.37603
4	101	1.45047
4	120	1.34166
4	128	0.474934
4	138	1.34395
4	156	1.33458
4	157	0.447902
4	164	1.36686
4	169	0.495279
4	176	1.38745
5	40	1.45362
5	53	1.36697
5	86	0.46342
5	105	1.30326
5	123	0.502199
5	143	1.3793
5	159	0.466839
5	166	1.34675
5	169	1.36293
5	170	0.475283
5	172	0.490314
5	174	1.3876
6	69	1.37478
6	73	0.479497
6	87	0.476027
6	138	1.31675
6	150	1.41267
6	157	0.474663
6	167	1.36658
6	170	1.40548
6	176	1.36024
6	178	1.36403
6	179	0.492246
6	180	0.481966
7	70	0.49569
7	82	0.430953
7	92	1.40334
7	99	1.43542
7	114	1.38744
7	131	0.465728
7	143	1.35384
7	166	1.32129
7	167	0.511164
7	169	1.33747
7	170	0.496329
7	174	1.36213
8	1	1.25948
8	41	0.554711
8	57	1.18516
8	83	0.614641
8	84	1.16127
8	139	1.20911
8	140	1.16597
8	150	1.22512
8	170	1.21793
8	171	0.625044
8	178	1.17648
8	180	0.611178
9	89	0.459897
9	124	0.490827
9	127	0.487968
9	138	1.33187
9	143	0.485198
9	146	1.37335
9	156	1.32251
9	159	1.40187
9	170	1.42061
9	172	1.37493
9	174	0.473265
9	176	1.37537
10	29	1.32614
10	102	1.38451
10	109	0.51373
10	110	1.35049
10	114	0.479515
10	126	1.39439
10	148	1.40028
10	152	0.464447
10	153	1.38792
10	161	1.35746
10	173	0.484989
10	177	0.458901
11	115	0.537963
11	119	0.449305
11	128	1.3569
11	145	1.37142
11	150	0.454198
11	160	1.35946
11	165	1.36555
11	166	0.484781
11	170	0.47107
11	177	1.39833
11	179	1.36936
11	180	1.38007
12	90	0.457722
12	114	1.40838
12	131	0.464777
12	139	0.493986
12	141	1.34719
12	143	1.37478
12	165	0.499607
12	166	1.34223
12	169	1.35841
12	174	1.38307
12	177	1.38674
12	179	0.488252
13	95	0.507506
13	110	1.34323
13	127	1.39714
13	135	0.478281
13	148	1.39302
13	151	0.454527
13	153	1.38066
13	154	1.37608
13	161	1.3502
13	162	0.474878
13	171	1.36019
13	172	0.487555
14	108	1.35165
14	136	1.36927
14	137	0.482429
14	145	1.36765
14	158	0.483121
14	159	0.461694
14	160	1.35568
14	167	0.484973
14	172	0.48517
14	175	1.41456
14	179	1.36559
14	180	1.3763
15	63	1.31401
15	89	1.40713
15	118	0.476016
15	127	1.3985
15	144	0.491238
15	149	1.36927
15	153	1.38201
15	154	1.37743
15	161	1.35156
15	172	0.497733
15	173	0.482345
15	177	0.456257
16	55	0.488738
16	112	1.40551
16	115	0.52383
16	122	0.480032
16	136	1.36217
16	139	0.455546
16	159	0.448494
16	162	1.38023
16	163	1.37138
16	173	1.35379
16	179	1.35848
16	180	1.36919
17	42	0.591758
17	72	0.477576
17	107	1.26882
17	109	1.26876
17	129	0.512264
17	139	1.33759
17	148	0.496281
17	149	0.515447
17	162	1.31595
17	167	1.30751
17	178	1.30495
17	179	1.2942
17	180	1.30491
18	23	0.543775
18	72	0.503354
18	112	0.50508
18	118	0.525949
18	131	1.32784
18	150	1.3436
18	156	1.23831
18	164	1.27059
18	167	1.29752
18	170	1.33641
18	172	1.29073
18	178	1.29496
18	179	0.52551
19	55	0.537218
19	93	1.31056
19	126	0.513694
19	133	0.541329
19	134	0.506267
19	159	0.496974
19	160	1.28115
19	163	1.30395
19	165	1.28725
19	173	1.28636
19	175	1.34002
19	179	1.29105
19	180	1.30176
20	51	0.429272
20	55	0.43748
20	115	0.472572
20	116	0.406957
20	146	0.426631
20	152	1.51148
20	165	1.46456
20	167	0.420515
20	173	1.46367
20	175	1.51734
20	177	1.49733
20	179	1.46837
20	180	1.47908
21	50	0.517569
21	111	0.534189
21	118	1.29081
21	124	1.26975
21	147	1.29398
21	149	0.52407
21	151	0.497484
21	154	0.520919
21	155	1.31013
21	162	1.31057
21	175	1.3378
21	179	1.28883
21	180	1.29954
22	89	1.33075
22	96	1.24777
22	135	0.53122
22	142	1.3021
22	148	1.318
22	149	1.2929
22	153	1.30564
22	157	1.32723
22	161	1.27518
22	167	0.540298
22	173	0.525107
22	177	0.499018
22	180	0.508058
23	18	0.543775
23	78	0.524333
23	124	1.27154
23	142	0.514096
23	143	0.512635
23	147	1.29577
23	162	1.31236
23	163	1.30351
23	165	1.28681
23	170	0.501755
23	175	1.33959
23	179	1.29061
23	180	1.30132
24	51	0.544229
24	110	1.2715
24	126	1.3154
24	142	1.30538
24	148	1.32129
24	149	1.29619
24	153	1.30893
24	154	1.30435
24	161	1.27847
24	165	0.524867
24	176	0.534452
24	177	0.494193
24	180	0.503232
25	48	0.417153
25	49	0.623627
25	59	0.428543
25	62	0.337625
25	66	0.457606
25	94	0.326063
25	159	1.50879
25	166	1.45979
25	167	1.48864
25	174	1.50064
25	176	1.4823
25	179	1.47533
25	180	1.48604
26	122	1.26876
26	133	1.2768
26	136	0.514898
26	142	0.541543
26	156	1.26044
26	160	0.533247
26	164	1.29272
26	170	1.35854
26	172	1.31286
26	175	0.501625
26	176	1.3133
26	178	1.31709
26	180	0.511797
27	38	0.567954
27	67	1.24165
27	89	0.488376
27	111	1.28856
27	117	1.31108
27	119	1.37012
27	158	0.515778
27	165	1.28647
27	167	0.517631
27	174	1.31558
27	178	0.504892
27	179	1.29028
27	180	1.30099
28	3	0.618855
28	46	1.16697
28	59	1.16834
28	66	1.11131
28	79	1.12993
28	80	1.14034
28	111	1.13739
28	117	1.15991
28	119	1.21896
28	134	1.16202
28	137	0.680876
28	148	0.65801
28	177	0.642141
29	10	1.32614
29	64	0.544395
29	127	1.31608
29	134	0.510179
29	142	1.29606
29	148	1.31196
29	149	1.28686
29	153	1.2996
29	154	1.29502
29	161	1.26914
29	164	0.534737
29	170	0.50933
29	179	0.502204
30	54	0.523705
30	66	1.25785
30	107	0.55211
30	112	0.498195
30	117	1.30646
30	119	1.3655
30	156	1.23975
30	163	0.520145
30	169	1.28629
30	170	1.33785
30	174	1.31095
30	178	1.2964
30	180	0.508345
31	41	0.463
31	47	1.32455
31	88	1.24567
31	119	0.515105
31	129	1.29834
31	135	0.542628
31	138	0.564242
31	143	1.31199
31	166	1.27944
31	169	1.29562
31	174	1.32028
31	177	1.32395
31	180	0.519466
32	35	0.562685
32	72	1.33535
32	113	0.525226
32	116	0.499093
32	125	1.32056
32	130	0.472237
32	141	1.27665
32	143	1.30424
32	156	0.539298
32	166	1.27169
32	169	1.28787
32	171	1.29133
32	174	1.31253
33	34	0.501339
33	47	1.27593
33	96	0.573384
33	105	1.18732
33	111	0.574647
33	125	1.27969
33	137	1.22119
33	141	1.23578
33	146	0.576889
33	166	1.23082
33	169	1.24699
33	171	1.25046
33	172	0.570969
33	174	1.27166
34	33	0.501339
34	63	0.488789
34	71	0.530235
34	86	0.424154
34	119	0.41425
34	144	1.3643
34	152	1.432
34	155	1.41019
34	165	1.38508
34	173	1.38419
34	175	1.43786
34	178	0.438112
34	179	1.38889
34	180	1.3996
35	32	0.562685
35	84	0.590644
35	124	1.21701
35	142	0.567826
35	145	1.23814
35	150	0.538611
35	151	0.537488
35	155	1.25739
35	162	1.25782
35	165	1.23227
35	173	1.23139
35	175	1.28505
35	179	1.23608
35	180	1.24679
36	64	1.21875
36	98	1.21991
36	105	0.607705
36	128	0.559279
36	133	1.21708
36	156	1.20071
36	157	0.532248
36	159	1.28007
36	170	1.29882
36	171	0.553416
36	172	1.25314
36	176	1.25358
36	178	1.25737
36	179	0.54983
37	49	0.234469
37	110	0.515172
37	124	1.38208
37	144	1.37656
37	148	0.485924
37	155	1.42245
37	156	0.537982
37	163	1.41405
37	165	1.39734
37	166	0.51021
37	173	1.39645
37	176	0.510314
37	179	1.40115
37	180	1.41186
38	27	0.567954
38	39	1.30711
38	123	1.19708
38	124	0.572282
38	141	0.58127
38	150	1.27546
38	155	0.553237
38	158	1.22885
38	167	1.22938
38	170	1.26827
38	172	1.22259
38	175	0.528196
38	177	1.24504
38	178	1.22682
39	38	1.30711
39	42	0.534674
39	126	0.458049
39	127	0.463424
39	155	0.447238
39	158	1.41606
39	159	1.43674
39	164	1.38966
39	167	1.41659
39	171	0.446234
39	172	1.40981
39	173	0.449417
39	176	1.41025
39	178	1.41403
40	5	1.45362
40	75	1.30497
40	93	0.474044
40	97	0.48551
40	125	1.43689
40	131	0.437434
40	132	1.35777
40	134	1.42647
40	135	0.473792
40	155	0.4655
40	162	0.470389
40	166	1.38802
40	169	1.4042
40	174	1.42887
41	8	0.554711
41	31	0.463
41	80	0.452867
41	120	0.463806
41	128	1.39064
41	136	1.40678
41	142	0.429084
41	160	1.3932
41	163	1.416
41	168	1.37931
41	173	1.39841
41	176	0.430557
41	179	1.4031
41	180	1.41381
42	17	0.591758
42	39	0.534674
42	61	1.18801
42	96	1.20567
42	127	1.28002
42	142	1.25999
42	148	1.2759
42	149	1.2508
42	153	1.26354
42	161	1.23308
42	168	0.579793
42	171	1.24307
42	175	0.547939
42	177	0.549071
43	52	0.485346
43	59	0.516469
43	82	0.407125
43	84	1.38505
43	101	1.45949
43	118	0.465816
43	156	1.3436
43	157	0.447794
43	160	0.476547
43	164	1.37589
43	167	1.40281
43	170	1.44171
43	172	1.39603
43	176	1.39647
44	110	0.519955
44	112	0.473728
44	115	1.25984
44	121	0.51786
44	130	1.40091
44	146	1.31803
44	148	0.490707
44	151	1.36759
44	158	1.32586
44	169	0.523952
44	170	1.36529
44	172	1.31961
44	175	0.473707
44	176	1.32005
44	178	1.32384
45	66	0.569042
45	86	1.36236
45	92	0.475103
45	93	0.50202
45	98	1.28626
45	112	0.468456
45	130	1.40079
45	146	1.31791
45	155	0.493476
45	164	1.29934
45	167	1.32627
45	170	1.36516
45	171	0.492471
45	172	1.31949
45	178	1.32371
46	28	1.16697
46	48	1.33959
46	59	1.36933
46	66	1.3123
46	79	1.33092
46	83	0.496098
46	111	1.33838
46	117	1.36091
46	119	1.41995
46	134	1.36301
46	151	0.492043
46	164	0.535447
46	165	0.514268
46	175	0.482463
46	177	0.483595
47	31	1.32455
47	33	1.27593
47	110	0.517156
47	114	1.39242
47	129	1.34518
47	130	0.472906
47	132	1.29602
47	141	1.33123
47	146	0.519435
47	154	0.503923
47	159	0.49004
47	163	0.49288
47	166	1.32627
47	169	1.34245
47	174	1.36712
48	25	0.417153
48	46	1.33959
48	56	1.31702
48	59	1.34095
48	66	1.28392
48	103	1.34478
48	111	1.31
48	117	1.33253
48	119	1.39157
48	134	1.33463
48	141	0.548691
48	145	0.526991
48	157	0.498485
48	177	0.496749
48	179	0.516068
49	25	0.623627
49	37	0.234469
49	62	1.47561
49	74	1.39741
49	82	1.49747
49	94	1.49752
49	102	0.259544
49	104	0.248559
49	106	1.39574
49	107	1.31134
49	109	1.31128
49	168	1.31293
49	177	0.703223
49	178	0.731764
50	21	0.517569
50	85	1.30984
50	108	0.497595
50	122	1.2935
50	140	1.33132
50	144	0.50124
50	159	1.36453
50	164	1.31745
50	165	0.496933
50	167	1.34438
50	169	0.515373
50	176	1.33804
50	177	1.36004
50	178	1.34182
50	180	0.475299
51	20	0.429272
51	24	0.544229
51	52	1.34968
51	72	1.37509
51	105	1.26794
51	128	0.51653
51	141	1.31639
51	143	1.34398
51	163	0.508602
51	166	1.31143
51	168	0.518484
51	169	1.32761
51	174	1.35227
51	175	0.48663
51	177	1.35594
52	4	0.485455
52	43	0.485346
52	51	1.34968
52	75	1.23636
52	99	1.43354
52	105	1.27592
52	129	1.33831
52	138	0.53083
52	143	1.35196
52	165	0.507688
52	166	1.31941
52	168	0.507737
52	169	1.33559
52	174	1.36025
52	180	0.486054
53	5	1.36697
53	76	0.511322
53	97	0.515813
53	99	1.41551
53	118	0.491652
53	132	1.27113
53	136	0.484035
53	141	1.30634
53	143	1.33393
53	160	0.502383
53	166	1.30138
53	168	0.502615
53	169	1.31756
53	174	1.34222
53	177	1.34589
54	30	0.523705
54	85	0.523588
54	99	0.463658
54	108	1.31742
54	113	1.2893
54	138	0.51594
54	143	0.49945
54	145	1.33343
54	151	0.470573
54	162	1.35311
54	165	1.32755
54	173	1.32667
54	175	1.38033
54	179	1.33136
54	180	1.34207
55	16	0.488738
55	19	0.537218
55	20	0.43748
55	120	1.28698
55	130	1.41362
55	140	1.32604
55	146	1.33074
55	156	1.2799
55	158	1.33858
55	159	1.35926
55	171	0.518875
55	172	1.33232
55	176	1.33276
55	179	0.515289
55	180	0.505009
56	48	1.31702
56	72	0.483747
56	77	0.458525
56	79	1.30835
56	106	0.49107
56	110	0.531699
56	119	1.39738
56	153	0.517917
56	170	1.36973
56	172	1.32405
56	173	1.31284
56	174	0.511975
56	178	1.32828
56	179	1.31753
56	180	1.32824
57	8	1.18516
57	91	0.532204
57	145	0.511205
57	146	1.33661
57	151	1.38617
57	152	0.486509
57	157	0.482699
57	158	1.34445
57	167	1.34498
57	170	1.38387
57	171	0.503868
57	172	1.33819
57	176	1.33864
57	178	1.34242
57	180	0.490002
58	88	0.55634
58	101	0.467974
58	102	1.3366
58	121	1.29695
58	126	1.34648
58	127	1.35649
58	143	0.520817
58	148	1.35237
58	149	1.32727
58	153	1.34001
58	154	1.33543
58	161	1.30955
58	175	0.48236
58	177	0.483492
58	180	0.492531
59	25	0.428543
59	28	1.16834
59	43	0.516469
59	46	1.36933
59	48	1.34095
59	66	1.31366
59	79	1.33229
59	111	1.33975
59	117	1.36227
59	119	1.42132
59	131	0.503982
59	135	1.35325
59	157	0.509875
59	162	0.536937
59	177	0.508138
60	4	0.494871
60	96	1.28987
60	110	1.31031
60	148	1.3601
60	149	1.33499
60	152	0.491978
60	153	1.34773
60	154	1.34315
60	157	1.36932
60	161	1.31728
60	165	0.517105
60	171	1.32726
60	172	0.527907
60	175	0.485299
60	177	0.486431
61	42	1.18801
61	63	1.21785
61	75	0.603867
61	77	1.37865
61	89	1.31097
61	127	1.30234
61	134	0.529124
61	142	1.28231
61	147	0.53483
61	148	1.29821
61	153	1.28585
61	154	1.28127
61	161	1.2554
61	175	0.500698
61	177	0.50183
61	178	0.530371
62	25	0.337625
62	49	1.47561
62	74	1.51182
62	82	1.61188
62	92	0.422757
62	94	1.61193
62	106	1.51015
62	107	1.42575
62	109	1.42569
62	135	0.449422
62	138	0.471036
62	159	0.435221
62	163	0.438061
62	165	0.447894
62	168	1.42735
63	15	1.31401
63	34	0.488789
63	61	1.21785
63	117	0.555883
63	122	0.566481
63	126	1.29985
63	127	1.30986
63	137	1.24364
63	142	1.28984
63	149	1.28064
63	153	1.29338
63	154	1.2888
63	161	1.26292
63	168	0.547665
63	177	0.516943
63	180	0.525982
64	29	0.544395
64	36	1.21875
64	72	0.496399
64	97	1.26395
64	107	1.25899
64	109	1.25894
64	117	0.538175
64	129	0.531087
64	141	0.551177
64	149	0.53427
64	168	1.26059
64	170	1.33657
64	175	1.33335
64	176	1.29134
64	179	1.28437
64	180	1.29508
65	70	1.44582
65	84	0.472226
65	108	1.40237
65	116	0.438344
65	118	1.41829
65	132	0.483296
65	141	0.462564
65	158	0.450049
65	162	1.43806
65	163	1.42921
65	165	1.4125
65	170	0.437067
65	173	1.41162
65	176	0.450881
65	179	1.41631
65	180	1.42702
66	25	0.457606
66	28	1.11131
66	30	1.25785
66	45	0.569042
66	46	1.3123
66	48	1.28392
66	59	1.31366
66	76	0.576631
66	79	1.27526
66	101	0.521685
66	111	1.28272
66	117	1.30524
66	119	1.36428
66	131	0.533045
66	135	1.29622
66	180	0.546241
67	27	1.24165
67	68	1.24801
67	91	0.556379
67	99	1.36221
67	118	0.524897
67	125	1.29694
67	134	1.28652
67	141	1.25303
67	151	0.513586
67	157	1.30977
67	158	0.544565
67	161	0.538347
67	166	1.24807
67	169	1.26425
67	174	1.28892
67	179	0.524457
68	67	1.24801
68	75	1.19804
68	97	0.556486
68	105	1.2376
68	125	1.32996
68	129	1.3
68	139	0.537619
68	141	1.28605
68	152	0.518113
68	166	1.28109
68	168	0.543288
68	169	1.29727
68	171	1.30073
68	173	0.538655
68	174	1.32194
68	175	0.511434
69	6	1.37478
69	85	1.31251
69	136	0.478098
69	139	1.37713
69	147	0.498957
69	150	1.39313
69	153	0.497291
69	155	0.489866
69	158	1.34652
69	159	1.3672
69	163	0.486797
69	170	1.38594
69	171	0.488862
69	172	1.34026
69	175	0.464825
69	176	1.34071
69	177	1.36271
70	7	0.49569
70	65	1.44582
70	82	0.4246
70	108	1.32781
70	125	0.486403
70	146	0.510927
70	147	1.34691
70	150	0.473103
70	155	1.36306
70	160	1.33185
70	163	1.35466
70	164	0.515383
70	171	1.34585
70	175	1.39073
70	178	0.492072
70	179	1.34176
70	180	1.35247
71	2	0.54194
71	34	0.530235
71	106	1.29074
71	107	1.20634
71	108	0.589724
71	109	1.20628
71	119	0.563067
71	144	0.59337
71	164	1.2181
71	166	1.21618
71	167	1.24503
71	168	1.20793
71	169	1.23236
71	170	1.28392
71	173	0.584477
71	174	1.25702
71	176	1.23869
72	17	0.477576
72	18	0.503354
72	32	1.33535
72	51	1.37509
72	56	0.483747
72	64	0.496399
72	88	1.31105
72	92	1.42687
72	115	0.528226
72	129	1.36372
72	132	1.31457
72	141	1.34978
72	143	1.37737
72	147	0.467889
72	169	1.361
72	174	1.38567
72	180	0.443929
73	6	0.479497
73	78	0.493318
73	122	0.493834
73	141	0.496238
73	144	1.32812
73	153	0.47563
73	155	1.37401
73	157	1.39886
73	165	1.3489
73	168	1.32892
73	171	1.3568
73	172	0.485772
73	173	1.34801
73	175	1.40168
73	178	0.472837
73	179	1.3527
73	180	1.36341
74	49	1.39741
74	62	1.51182
74	82	1.53367
74	94	1.53373
74	95	0.49691
74	106	1.43195
74	107	1.34755
74	109	1.34749
74	135	0.467684
74	137	1.34775
74	151	0.443931
74	153	0.466817
74	157	0.437219
74	163	0.456323
74	168	1.34914
74	177	0.435483
75	40	1.30497
75	52	1.23636
75	61	0.603867
75	68	1.19804
75	88	1.16434
75	92	1.28016
75	99	1.31224
75	129	1.21701
75	141	1.20307
75	143	1.23066
75	150	0.549334
75	163	0.560602
75	165	0.570436
75	168	0.570484
75	169	1.21429
75	174	1.23895
75	180	0.548802
76	53	0.511322
76	66	0.576631
76	93	1.32082
76	116	0.504876
76	119	0.481833
76	139	0.502207
76	144	1.27673
76	145	1.30338
76	147	1.30647
76	155	1.32262
76	163	1.31422
76	165	1.29751
76	173	1.29662
76	174	0.502547
76	175	1.35029
76	176	0.517413
76	179	1.30132
76	180	1.31203
77	56	0.458525
77	61	1.37865
77	85	0.471131
77	89	1.47929
77	96	1.39631
77	98	0.474082
77	134	0.436962
77	148	1.46654
77	149	1.44144
77	153	1.45418
77	154	1.4496
77	157	1.47577
77	161	1.42372
77	162	0.438467
77	167	0.450947
77	169	0.458781
77	171	1.43371
77	177	0.409668
78	23	0.524333
78	73	0.493318
78	93	0.519202
78	101	1.35479
78	137	0.525483
78	146	1.28975
78	151	1.33931
78	159	1.31826
78	160	0.517238
78	164	1.27118
78	166	0.526903
78	167	1.29811
78	170	1.337
78	172	1.29132
78	176	1.29177
78	177	1.31377
78	178	1.29555
78	180	0.495787
79	28	1.12993
79	46	1.33092
79	56	1.30835
79	59	1.33229
79	66	1.27526
79	87	1.36281
79	103	1.33611
79	111	1.30134
79	113	0.541868
79	117	1.32386
79	119	1.38291
79	131	0.483856
79	135	1.31484
79	148	0.503881
79	155	0.511922
79	158	0.527439
79	170	0.514457
79	178	0.516553
80	28	1.14034
80	41	0.452867
80	91	0.551536
80	98	0.564709
80	100	0.501839
80	106	1.37249
80	107	1.28809
80	109	1.28804
80	111	1.31175
80	117	1.33428
80	119	1.39332
80	126	1.34451
80	139	0.525348
80	142	1.3345
80	151	0.508743
80	161	1.30759
80	168	1.28969
80	177	0.500295
81	108	0.51662
81	109	0.540114
81	110	1.29037
81	117	0.524224
81	123	1.28424
81	148	1.34016
81	152	0.490831
81	154	1.32322
81	158	1.31601
81	161	1.29734
81	162	0.514083
81	163	0.506125
81	166	1.28769
81	167	1.31654
81	169	1.30387
81	173	0.511373
81	174	1.32853
81	178	1.31398
82	7	0.430953
82	43	0.407125
82	49	1.49747
82	62	1.61188
82	70	0.4246
82	74	1.53367
82	84	0.460398
82	87	0.401894
82	94	1.63378
82	100	0.400339
82	106	1.532
82	107	1.44761
82	109	1.44755
82	137	1.44781
82	164	0.450646
82	168	1.4492
82	170	0.425238
83	8	0.614641
83	46	0.496098
83	103	1.33532
83	121	1.28378
83	126	1.33331
83	146	0.497624
83	154	1.32226
83	156	0.518155
83	158	0.489656
83	161	1.29638
83	164	0.50208
83	166	1.28673
83	169	1.30291
83	173	1.29758
83	174	1.32757
83	178	0.478769
83	179	1.30227
83	180	1.31298
84	4	1.37603
84	8	1.16127
84	35	0.590644
84	43	1.38505
84	65	0.472226
84	82	0.460398
84	103	0.508826
84	115	1.25453
84	116	1.36285
84	123	1.28879
84	133	1.27825
84	135	1.31957
84	159	1.34124
84	163	0.52017
84	172	1.3143
84	173	0.525418
84	174	0.524722
84	178	1.31853
85	50	1.30984
85	54	0.523588
85	69	1.31251
85	77	0.471131
85	91	0.55043
85	100	1.36835
85	112	0.498079
85	134	1.31391
85	136	0.51133
85	140	1.29125
85	145	0.529431
85	159	1.32446
85	164	1.27739
85	167	1.30431
85	171	0.522094
85	172	1.29753
85	176	1.29797
85	178	1.30176
86	5	0.46342
86	34	0.424154
86	45	1.36236
86	111	0.497462
86	116	1.41671
86	131	1.40526
86	140	1.36188
86	144	0.487289
86	146	1.36658
86	151	1.41614
86	163	0.473148
86	164	1.34802
86	169	0.501421
86	170	1.41384
86	171	0.475213
86	172	1.36816
86	174	0.4777
86	176	1.3686
86	178	1.37239
87	6	0.476027
87	79	1.36281
87	82	0.401894
87	98	0.505241
87	111	1.37027
87	113	1.32993
87	117	1.39279
87	119	1.45184
87	149	0.475861
87	152	1.4151
87	164	0.492678
87	166	1.35645
87	167	0.482105
87	169	1.37262
87	172	0.482302
87	174	1.39729
87	176	0.481085
87	179	1.37199
87	180	1.3827
88	31	1.24567
88	58	0.55634
88	72	1.31105
88	75	1.16434
88	99	1.36152
88	114	1.31353
88	121	1.24445
88	122	0.560112
88	131	0.506418
88	132	1.21714
88	141	1.25235
88	149	0.545609
88	159	0.528575
88	164	0.562426
88	166	1.24739
88	169	1.26357
88	174	1.28823
88	177	1.2919
88	178	0.539115
89	9	0.459897
89	15	1.40713
89	22	1.33075
89	27	0.488376
89	61	1.31097
89	77	1.47929
89	98	0.514165
89	102	1.38309
89	126	1.39296
89	144	0.484731
89	145	0.479992
89	148	1.39885
89	149	1.37375
89	153	1.38649
89	154	1.38191
89	161	1.35604
89	168	0.480472
89	175	0.448618
89	177	0.449751
90	12	0.457722
90	107	0.47932
90	115	0.519852
90	128	1.3629
90	136	1.37904
90	140	0.476587
90	144	1.35077
90	146	0.473911
90	149	0.46155
90	152	1.41848
90	158	0.465942
90	160	1.36546
90	161	0.459724
90	162	1.39711
90	165	1.37155
90	173	1.37067
90	175	1.42433
90	179	1.37536
90	180	1.38607
91	57	0.532204
91	67	0.556379
91	80	0.551536
91	85	0.55043
91	108	1.24064
91	116	0.516689
91	133	0.551322
91	136	1.25827
91	147	1.25974
91	152	1.2977
91	155	1.27589
91	160	1.24468
91	163	1.26749
91	169	0.53808
91	173	1.24989
91	175	1.30356
91	177	1.28355
91	179	1.25459
91	180	1.2653
92	7	1.40334
92	45	0.475103
92	62	0.422757
92	72	1.42687
92	75	1.28016
92	104	0.489682
92	124	0.486216
92	129	1.38211
92	132	1.33296
92	143	1.39576
92	156	0.511189
92	157	1.42491
92	162	0.472061
92	166	1.36321
92	168	0.473984
92	169	1.37939
92	174	1.40405
92	177	1.40772
92	178	0.471803
93	19	1.31056
93	40	0.474044
93	45	0.50202
93	76	1.32082
93	78	0.519202
93	95	1.3041
93	123	0.52354
93	124	1.31268
93	125	0.493051
93	134	0.497474
93	135	1.34353
93	145	1.33382
93	151	0.478628
93	158	0.509607
93	160	1.32185
93	162	1.3535
93	163	1.34465
93	175	1.38072
93	179	1.33175
93	180	1.34246
94	25	0.326063
94	49	1.49752
94	62	1.61193
94	74	1.53373
94	82	1.63378
94	106	1.53206
94	107	1.44766
94	109	1.4476
94	125	0.42853
94	137	1.44787
94	154	0.437542
94	162	0.434458
94	164	0.45751
94	165	0.436332
94	168	1.44925
94	170	0.432103
94	172	0.447134
95	13	0.507506
95	74	0.49691
95	93	1.3041
95	113	1.24253
95	114	0.519768
95	118	1.28657
95	127	0.539248
95	128	1.27213
95	134	0.526447
95	152	1.32771
95	158	0.53858
95	160	1.27469
95	162	1.30634
95	165	1.28078
95	166	0.539308
95	173	1.2799
95	175	1.33356
95	177	1.31356
95	178	0.527694
95	179	1.28459
95	180	1.2953
96	22	1.24777
96	33	0.573384
96	42	1.20567
96	60	1.28987
96	77	1.39631
96	110	1.26609
96	126	1.30998
96	127	1.32
96	135	0.513819
96	141	0.533559
96	148	1.31587
96	149	1.29077
96	152	0.487164
96	153	1.30351
96	154	1.29893
96	156	0.549544
96	161	1.27306
96	168	0.512339
96	171	1.28304
96	176	0.521876
96	178	0.510158
97	40	0.48551
97	53	0.515813
97	64	1.26395
97	68	0.556486
97	105	0.558839
97	106	1.35084
97	107	1.26644
97	109	1.26638
97	129	0.513497
97	139	1.3352
97	154	0.513529
97	155	1.31313
97	156	1.24592
97	160	1.28192
97	163	1.30472
97	166	0.5218
97	167	1.30513
97	168	1.26803
97	169	0.530758
97	176	1.29878
97	180	1.30253
98	36	1.21991
98	45	1.28626
98	77	0.474082
98	80	0.564709
98	87	0.505241
98	89	0.514165
98	113	0.555996
98	140	1.28578
98	151	1.34004
98	153	0.533474
98	158	1.29831
98	159	1.31899
98	164	1.27191
98	167	1.29884
98	168	1.26175
98	170	1.33773
98	171	0.525045
98	172	1.29206
98	174	0.527532
98	176	1.2925
98	178	1.29628
99	7	1.43542
99	52	1.43354
99	53	1.41551
99	54	0.463658
99	67	1.36221
99	75	1.31224
99	88	1.36152
99	108	0.470594
99	110	0.484375
99	132	1.36504
99	145	0.4695
99	152	0.444805
99	155	0.463168
99	157	1.45699
99	166	1.39529
99	169	1.41147
99	171	1.41493
99	172	0.480735
99	174	1.43613
99	178	0.467799
99	179	0.458578
100	80	0.501839
100	82	0.400339
100	85	1.36835
100	111	0.484424
100	117	0.47821
100	119	0.443949
100	125	1.42291
100	127	0.479365
100	130	1.47741
100	142	0.478056
100	147	1.39474
100	148	0.455139
100	154	0.471154
100	156	1.34368
100	159	1.42304
100	163	1.40249
100	166	1.37404
100	169	1.39022
100	174	1.41489
100	179	1.38959
100	180	1.4003
101	4	1.45047
101	43	1.45949
101	58	0.467974
101	66	0.521685
101	78	1.35479
101	109	0.477038
101	120	1.3434
101	127	0.462304
101	137	0.460943
101	138	1.34569
101	142	0.460994
101	150	1.44161
101	151	1.43673
101	156	1.33632
101	159	1.41568
101	162	0.451007
101	165	0.452882
101	170	1.43442
101	171	0.445113
101	172	1.38874
101	178	1.39297
102	10	1.38451
102	49	0.259544
102	58	1.3366
102	89	1.38309
102	126	1.36444
102	131	1.37703
102	137	1.30823
102	142	1.35443
102	145	0.525372
102	147	0.528131
102	148	1.37033
102	149	1.34523
102	152	0.500677
102	153	1.35797
102	154	1.35339
102	159	0.513131
102	161	1.32752
102	168	0.525853
102	171	1.3375
102	174	0.520523
102	176	0.535389
102	177	0.495131
103	1	0.467098
103	48	1.34478
103	79	1.33611
103	83	1.33532
103	84	0.508826
103	111	1.34357
103	114	0.467836
103	117	1.3661
103	120	0.520729
103	142	1.36632
103	143	0.484547
103	149	1.35712
103	154	1.36528
103	161	1.3394
103	163	1.35819
103	169	0.496335
103	172	0.488698
103	173	1.3406
103	174	0.472614
103	175	1.39426
103	176	0.48748
103	180	1.356
104	49	0.248559
104	92	0.489682
104	121	1.32897
104	122	0.533684
104	134	0.51144
104	144	1.32287
104	145	1.34952
104	153	0.51548
104	155	1.36876
104	160	1.33755
104	162	1.3692
104	163	1.36035
104	164	0.535998
104	165	1.34364
104	166	0.524301
104	173	1.34276
104	175	1.39642
104	176	0.524405
104	177	1.37642
104	178	0.512686
104	179	1.34745
104	180	1.35816
105	5	1.30326
105	33	1.18732
105	36	0.607705
105	51	1.26794
105	52	1.27592
105	68	1.2376
105	97	0.558839
105	128	0.543687
105	129	1.25657
105	132	1.20741
105	135	0.547121
105	141	1.24263
105	143	1.27021
105	157	1.29936
105	159	0.53292
105	161	0.548128
105	166	1.23766
105	169	1.25384
105	173	0.541007
105	174	1.27851
105	177	1.28217
105	180	0.523959
106	3	0.418927
106	49	1.39574
106	56	0.49107
106	62	1.51015
106	71	1.29074
106	74	1.43195
106	80	1.37249
106	82	1.532
106	94	1.53206
106	97	1.35084
106	107	1.34588
106	109	1.34582
106	135	0.474414
106	137	1.34608
106	140	0.492284
106	158	0.481639
106	168	1.34747
106	173	0.4683
106	176	0.482471
106	177	0.442212
106	180	0.451252
107	17	1.26882
107	30	0.55211
107	49	1.31134
107	62	1.42575
107	64	1.25899
107	71	1.20634
107	74	1.34755
107	80	1.28809
107	82	1.44761
107	90	0.47932
107	94	1.44766
107	97	1.26644
107	106	1.34588
107	109	1.26142
107	118	0.510289
107	137	1.26169
107	144	0.525511
107	157	0.492267
107	167	0.53181
107	168	1.26307
107	171	0.513435
107	177	0.49053
107	179	0.509849
108	14	1.35165
108	50	0.497595
108	54	1.31742
108	65	1.40237
108	70	1.32781
108	71	0.589724
108	81	0.51662
108	91	1.24064
108	99	0.470594
108	110	0.514178
108	127	0.509156
108	128	1.28584
108	147	1.30345
108	150	0.478633
108	152	1.34142
108	160	1.2884
108	165	1.29449
108	172	0.510537
108	173	1.29361
108	175	1.34727
108	176	0.50932
108	179	1.2983
108	180	1.30901
109	10	0.51373
109	17	1.26876
109	49	1.31128
109	62	1.42569
109	64	1.25894
109	71	1.20628
109	74	1.34749
109	80	1.28804
109	81	0.540114
109	82	1.44755
109	94	1.4476
109	97	1.26638
109	101	0.477038
109	106	1.34582
109	107	1.26142
109	130	0.493421
109	131	0.488399
109	137	1.26163
109	165	0.523229
109	168	1.26301
109	170	0.518999
109	172	0.534031
109	179	0.511874
110	10	1.35049
110	13	1.34323
110	24	1.2715
110	37	0.515172
110	44	0.519955
110	47	0.517156
110	56	0.531699
110	60	1.31031
110	81	1.29037
110	96	1.26609
110	99	0.484375
110	108	0.514178
110	126	1.33042
110	127	1.34044
110	149	1.31121
110	153	1.32395
110	154	1.31937
110	157	1.34554
110	161	1.2935
110	166	0.522997
110	168	0.513564
110	171	1.30348
110	177	0.482842
111	21	0.534189
111	27	1.28856
111	28	1.13739
111	33	0.574647
111	46	1.33838
111	48	1.31
111	59	1.33975
111	66	1.28272
111	79	1.30134
111	80	1.31175
111	86	0.497462
111	87	1.37027
111	100	0.484424
111	103	1.34357
111	112	0.481769
111	117	1.33132
111	119	1.39037
111	134	1.33343
111	135	1.3223
111	140	0.532951
111	168	0.513601
111	177	0.48288
111	179	0.502199
112	16	1.40551
112	18	0.50508
112	30	0.498195
112	44	0.473728
112	45	0.468456
112	85	0.498079
112	111	0.481769
112	114	0.45723
112	118	1.36125
112	128	1.34681
112	136	1.36295
112	137	0.47535
112	147	1.36442
112	152	1.40238
112	155	1.38058
112	160	1.34937
112	162	1.38101
112	165	1.35546
112	166	0.47677
112	170	0.46306
112	173	1.35458
112	175	1.40824
112	179	1.35927
112	180	1.36998
113	32	0.525226
113	54	1.2893
113	79	0.541868
113	87	1.32993
113	95	1.24253
113	98	0.555996
113	124	1.25111
113	128	1.25772
113	129	0.523433
113	133	0.553936
113	134	0.518875
113	145	1.27224
113	152	1.31329
113	160	1.26028
113	161	0.52479
113	162	1.29192
113	163	1.28308
113	170	0.518025
113	171	1.27428
113	172	0.533057
113	173	1.26549
113	175	1.31915
113	179	1.27018
113	180	1.28089
114	7	1.38744
114	10	0.479515
114	12	1.40838
114	47	1.39242
114	88	1.31353
114	95	0.519768
114	103	0.467836
114	112	0.45723
114	125	1.39617
114	129	1.36621
114	131	0.454184
114	132	1.31705
114	141	1.35226
114	145	0.488582
114	147	0.49134
114	153	0.489675
114	157	1.409
114	166	1.3473
114	168	0.489062
114	169	1.36348
114	171	1.36694
114	174	1.38815
114	177	1.39181
114	180	0.46738
115	1	1.35274
115	11	0.537963
115	16	0.52383
115	20	0.472572
115	44	1.25984
115	72	0.528226
115	84	1.25453
115	90	0.519852
115	134	1.2819
115	139	1.30238
115	140	1.25923
115	146	1.26393
115	150	1.31838
115	151	1.31349
115	156	1.21309
115	159	1.29245
115	160	0.561552
115	161	0.564272
115	164	1.24537
115	170	1.31119
115	171	0.553967
115	172	1.26551
115	176	1.26596
115	180	0.540102
116	20	0.406957
116	32	0.499093
116	65	0.438344
116	76	0.504876
116	84	1.36285
116	86	1.41671
116	91	0.516689
116	120	1.32849
116	121	0.508468
116	122	1.32974
116	133	1.33778
116	155	0.489357
116	156	1.32141
116	157	0.467184
116	158	1.38009
116	159	1.40077
116	167	1.38062
116	170	1.41951
116	171	0.488353
116	172	1.37383
116	176	1.37428
116	177	1.39628
116	178	1.37806
116	179	0.484767
117	1	0.496542
117	3	0.45338
117	27	1.31108
117	28	1.15991
117	30	1.30646
117	46	1.36091
117	48	1.33253
117	59	1.36227
117	63	0.555883
117	64	0.538175
117	66	1.30524
117	79	1.32386
117	80	1.33428
117	81	0.524224
117	87	1.39279
117	100	0.47821
117	103	1.3661
117	111	1.33132
117	119	1.41289
117	121	0.519686
117	134	1.35595
117	135	1.34483
117	175	0.475533
117	177	0.476666
117	180	0.485705
118	15	0.476016
118	18	0.525949
118	21	1.29081
118	43	0.465816
118	53	0.491652
118	65	1.41829
118	67	0.524897
118	95	1.28657
118	107	0.510289
118	112	1.36125
118	140	0.507556
118	144	1.28963
118	145	1.31629
118	147	1.31938
118	152	1.35734
118	153	0.488819
118	155	1.33553
118	157	1.36038
118	162	1.33597
118	163	1.32712
118	164	0.509336
118	175	1.36319
118	176	0.497743
118	179	1.31422
118	180	1.32493
119	11	0.449305
119	27	1.37012
119	28	1.21896
119	30	1.3655
119	31	0.515105
119	34	0.41425
119	46	1.41995
119	48	1.39157
119	56	1.39738
119	59	1.42132
119	66	1.36428
119	71	0.563067
119	76	0.481833
119	79	1.38291
119	80	1.39332
119	87	1.45184
119	100	0.443949
119	111	1.39037
119	117	1.41289
119	134	1.41499
119	135	1.40387
119	138	0.49622
119	147	0.475404
119	150	0.451976
119	174	0.467796
119	177	0.442404
120	4	1.34166
120	41	0.463806
120	55	1.28698
120	101	1.3434
120	103	0.520729
120	116	1.32849
120	130	1.36124
120	136	0.523374
120	146	1.27836
120	151	1.32792
120	152	0.51678
120	156	1.22751
120	157	0.51297
120	158	1.28619
120	162	0.540032
120	164	1.2598
120	165	0.541907
120	167	1.28672
120	170	1.32562
120	172	1.27994
120	173	0.537322
120	176	1.28038
120	177	1.30239
120	178	1.28417
120	179	0.530552
120	180	0.520273
121	44	0.51786
121	58	1.29695
121	83	1.28378
121	88	1.24445
121	104	1.32897
121	116	0.508468
121	117	0.519686
121	123	0.534107
121	133	0.543102
121	135	1.30554
121	137	1.26858
121	142	1.31478
121	148	1.33069
121	149	1.30558
121	150	0.490318
121	151	0.489195
121	156	0.548673
121	165	1.28995
121	167	0.522026
121	169	1.29439
121	171	1.29786
121	172	0.522222
121	174	1.31906
121	177	1.32273
121	179	1.29376
121	180	1.30447
122	16	0.480032
122	26	1.26876
122	50	1.2935
122	63	0.566481
122	73	0.493834
122	88	0.560112
122	104	0.533684
122	116	1.32974
122	125	0.510135
122	130	1.36249
122	133	1.24513
122	139	1.31805
122	142	0.52605
122	150	1.33406
122	151	1.32917
122	158	1.28744
122	159	1.30812
122	162	0.516063
122	163	0.508104
122	164	1.26104
122	167	1.28797
122	170	1.32686
122	172	1.28119
122	176	1.28163
122	178	1.28542
122	179	0.506583
123	5	0.502199
123	38	1.19708
123	81	1.28424
123	84	1.28879
123	93	0.52354
123	121	0.534107
123	133	1.26372
123	136	0.503227
123	139	1.33663
123	140	1.29349
123	143	0.528411
123	150	1.35264
123	151	1.34775
123	155	0.514995
123	156	1.24735
123	158	1.30603
123	159	1.32671
123	166	0.531241
123	167	1.30656
123	169	0.540199
123	170	1.34545
123	171	0.513991
123	172	1.29977
123	176	1.30021
123	178	1.304
123	179	0.510405
124	9	0.490827
124	21	1.26975
124	23	1.27154
124	35	1.21701
124	37	1.38208
124	38	0.572282
124	92	0.486216
124	93	1.31268
124	113	1.25111
124	131	1.33679
124	142	0.519466
124	144	1.26858
124	147	1.29832
124	152	1.33629
124	155	1.31448
124	156	0.548607
124	158	0.520107
124	162	1.31492
124	167	0.521959
124	170	0.507124
124	172	0.522156
124	173	1.28848
124	174	0.506072
124	175	1.34214
124	179	1.29317
124	180	1.30388
125	32	1.32056
125	33	1.27969
125	40	1.43689
125	67	1.29694
125	68	1.32996
125	70	0.486403
125	93	0.493051
125	94	0.42853
125	100	1.42291
125	114	1.39617
125	122	0.510135
125	129	1.34893
125	132	1.29977
125	141	1.33499
125	142	0.499383
125	143	1.36257
125	149	0.495632
125	156	0.528524
125	160	0.491087
125	162	0.489396
125	166	1.33003
125	168	0.491319
125	169	1.3462
125	171	1.34967
125	173	0.486685
125	174	1.37087
125	177	1.37454
126	10	1.39439
126	19	0.513694
126	24	1.3154
126	39	0.458049
126	58	1.34648
126	63	1.29985
126	80	1.34451
126	83	1.33331
126	89	1.39296
126	96	1.30998
126	102	1.36444
126	110	1.33042
126	127	1.38433
126	130	0.473312
126	142	1.36431
126	148	1.38021
126	149	1.35511
126	150	0.482017
126	159	0.490447
126	161	1.33739
126	168	0.503168
126	169	0.521559
126	171	1.34738
126	175	0.471314
126	176	0.512705
126	177	0.472446
126	178	0.500987
127	3	0.454535
127	9	0.487968
127	13	1.39714
127	15	1.3985
127	29	1.31608
127	39	0.463424
127	42	1.28002
127	58	1.35649
127	61	1.30234
127	63	1.30986
127	95	0.539248
127	96	1.32
127	100	0.479365
127	101	0.462304
127	108	0.509156
127	110	1.34044
127	126	1.38433
127	130	0.478687
127	142	1.37432
127	149	1.36512
127	153	1.37786
127	154	1.37328
127	161	1.3474
127	163	0.498661
127	168	0.508543
127	171	1.35739
127	176	0.518079
128	4	0.474934
128	11	1.3569
128	36	0.559279
128	41	1.39064
128	51	0.51653
128	90	1.3629
128	95	1.27213
128	105	0.543687
128	108	1.28584
128	112	1.34681
128	113	1.25772
128	138	0.520309
128	144	1.2752
128	147	1.30494
128	149	0.501529
128	151	0.474942
128	152	1.3429
128	153	0.497828
128	155	1.32109
128	159	0.484494
128	162	1.32153
128	163	1.31268
128	165	1.29598
128	169	0.515607
128	173	1.29509
128	175	1.34876
128	176	0.506752
128	180	1.31049
129	17	0.512264
129	31	1.29834
129	47	1.34518
129	52	1.33831
129	64	0.531087
129	68	1.3
129	72	1.36372
129	75	1.21701
129	92	1.38211
129	97	0.513497
129	105	1.25657
129	113	0.523433
129	114	1.36621
129	125	1.34893
129	132	1.26981
129	133	0.531932
129	141	1.30502
129	143	1.33261
129	147	0.502577
129	164	0.521429
129	166	1.30006
129	168	0.500299
129	169	1.31624
129	171	1.3197
129	174	1.3409
129	178	0.498118
129	179	0.488896
129	180	0.478617
130	32	0.472237
130	44	1.40091
130	45	1.40079
130	47	0.472906
130	55	1.41362
130	100	1.47741
130	109	0.493421
130	120	1.36124
130	122	1.36249
130	126	0.473312
130	127	0.478687
130	133	1.37053
130	138	1.36353
130	139	1.44345
130	140	1.40031
130	144	0.473573
130	152	0.444138
130	158	1.41284
130	160	0.469082
130	164	1.38644
130	165	0.469265
130	167	1.41337
130	168	1.37628
130	172	1.40658
130	173	0.46468
130	175	0.43746
130	178	1.41081
130	179	0.457911
131	7	0.465728
131	12	0.464777
131	18	1.32784
131	40	0.437434
131	59	0.503982
131	66	0.533045
131	79	0.483856
131	86	1.40526
131	88	0.506418
131	102	1.37703
131	109	0.488399
131	114	0.454184
131	124	1.33679
131	132	0.506243
131	142	1.37689
131	143	0.470894
131	146	1.36081
131	153	1.38043
131	154	1.37585
131	161	1.34998
131	168	1.33208
131	169	0.482682
131	171	1.35996
131	172	1.36239
131	175	1.40484
131	176	1.36283
131	178	1.36661
131	179	1.35587
131	180	1.36658
132	40	1.35777
132	47	1.29602
132	53	1.27113
132	65	0.483296
132	72	1.31457
132	88	1.21714
132	92	1.33296
132	99	1.36504
132	105	1.20741
132	114	1.31705
132	125	1.29977
132	129	1.26981
132	131	0.506243
132	134	1.28935
132	136	0.522541
132	141	1.25587
132	143	1.28345
132	144	0.545381
132	147	0.5434
132	150	0.519971
132	157	1.3126
132	160	0.540889
132	161	0.543609
132	163	0.53124
132	166	1.2509
132	169	1.26708
132	174	1.29175
132	178	0.53894
132	179	0.529719
133	2	0.483632
133	19	0.541329
133	26	1.2768
133	36	1.21708
133	84	1.27825
133	91	0.551322
133	113	0.553936
133	116	1.33778
133	121	0.543102
133	122	1.24513
133	123	1.26372
133	129	0.531932
133	130	1.37053
133	139	1.32609
133	145	0.530322
133	146	1.28765
133	156	1.2368
133	158	1.29548
133	159	1.31616
133	160	0.53057
133	164	1.26908
133	165	0.530754
133	167	1.29601
133	172	1.28923
133	175	0.498949
133	176	1.28967
133	177	1.31167
133	178	1.29346
133	180	0.50912
134	19	0.506267
134	28	1.16202
134	29	0.510179
134	40	1.42647
134	46	1.36301
134	48	1.33463
134	61	0.529124
134	67	1.28652
134	77	0.436962
134	85	1.31391
134	93	0.497474
134	95	0.526447
134	104	0.51144
134	111	1.33343
134	113	0.518875
134	115	1.2819
134	117	1.35595
134	119	1.41499
134	132	1.28935
134	147	0.498019
134	155	0.488929
134	158	1.34792
134	160	0.495509
134	166	1.3196
134	169	1.33578
134	170	1.38735
134	172	1.34167
134	174	1.36045
134	178	1.3459
134	179	0.484339
135	13	0.478281
135	22	0.53122
135	31	0.542628
135	40	0.473792
135	59	1.35325
135	62	0.449422
135	66	1.29622
135	74	0.467684
135	79	1.31484
135	84	1.31957
135	93	1.34353
135	96	0.513819
135	105	0.547121
135	106	0.474414
135	111	1.3223
135	117	1.34483
135	119	1.40387
135	121	1.30554
135	140	1.32427
135	149	0.504962
135	151	1.37853
135	156	1.27812
135	169	0.51904
135	173	1.31933
135	174	0.495319
135	175	1.373
135	176	1.33099
135	178	1.33477
135	179	1.32402
135	180	1.33474
136	14	1.36927
136	16	1.36217
136	26	0.514898
136	41	1.40678
136	53	0.484035
136	69	0.478098
136	85	0.51133
136	90	1.37904
136	91	1.25827
136	112	1.36295
136	120	0.523374
136	123	0.503227
136	132	0.522541
136	144	1.29134
136	145	1.31799
136	147	1.32108
136	149	0.484902
136	152	1.35904
136	156	0.517794
136	158	0.489294
136	160	1.30602
136	165	1.31212
136	167	0.491146
136	168	1.29214
136	173	1.31123
136	174	0.475259
136	175	1.3649
136	177	1.34489
136	179	1.31592
136	180	1.32663
137	14	0.482429
137	28	0.680876
137	33	1.22119
137	63	1.24364
137	74	1.34775
137	78	0.525483
137	82	1.44781
137	94	1.44787
137	101	0.460943
137	102	1.30823
137	106	1.34608
137	107	1.26169
137	109	1.26163
137	112	0.47535
137	121	1.26858
137	140	0.526533
137	142	1.30809
137	143	1.30407
137	152	0.482007
137	153	1.31164
137	154	1.30706
137	156	0.544388
137	161	1.28118
137	166	1.27152
137	168	1.26328
137	169	1.2877
137	170	0.502905
137	172	0.517937
137	174	1.31237
137	178	0.505001
137	179	0.49578
138	4	1.34395
138	6	1.31675
138	9	1.33187
138	31	0.564242
138	52	0.53083
138	54	0.51594
138	62	0.471036
138	101	1.34569
138	119	0.49622
138	128	0.520309
138	130	1.36353
138	139	1.31909
138	140	1.27595
138	146	1.28065
138	150	1.3351
138	151	1.33021
138	156	1.2298
138	157	0.493278
138	158	1.28848
138	159	1.30916
138	161	0.52475
138	164	1.26209
138	165	0.522215
138	166	0.531696
138	167	1.28901
138	170	1.32791
138	171	0.514446
138	172	1.28223
138	173	0.517629
138	176	1.28267
138	178	1.28646
139	8	1.20911
139	12	0.493986
139	16	0.455546
139	17	1.33759
139	68	0.537619
139	69	1.37713
139	76	0.502207
139	80	0.525348
139	97	1.3352
139	115	1.30238
139	122	1.31805
139	123	1.33663
139	130	1.44345
139	133	1.32609
139	138	1.31909
139	140	1.35587
139	150	1.41501
139	152	0.468325
139	155	0.486688
139	158	1.3684
139	160	0.493268
139	161	0.495988
139	162	0.491578
139	164	1.342
139	166	0.502934
139	167	1.36893
139	168	1.33184
139	174	0.488171
139	175	0.461647
139	176	1.36259
139	177	1.38459
139	178	1.36638
140	1	1.40623
140	8	1.16597
140	50	1.33132
140	55	1.32604
140	85	1.29125
140	86	1.36188
140	90	0.476587
140	98	1.28578
140	106	0.492284
140	111	0.532951
140	115	1.25923
140	118	0.507556
140	123	1.29349
140	130	1.40031
140	135	1.32427
140	137	0.526533
140	138	1.27595
140	139	1.35587
140	145	0.518039
140	148	0.503666
140	150	1.37187
140	154	0.519681
140	157	0.489534
140	162	0.516597
140	163	0.508638
140	164	1.29886
140	167	1.32579
140	170	1.36468
140	172	1.319
140	174	0.51319
140	176	1.31945
140	178	1.32323
140	180	0.496837
141	12	1.34719
141	32	1.27665
141	33	1.23578
141	38	0.58127
141	47	1.33123
141	48	0.548691
141	51	1.31639
141	53	1.30634
141	64	0.551177
141	65	0.462564
141	67	1.25303
141	68	1.28605
141	72	1.34978
141	73	0.496238
141	75	1.20307
141	88	1.25235
141	96	0.533559
141	105	1.24263
141	114	1.35226
141	125	1.33499
141	129	1.30502
141	132	1.25587
141	146	0.537063
141	150	0.499239
141	159	0.507668
141	162	0.518467
141	166	1.28612
141	169	1.3023
141	170	0.516112
141	171	1.30576
141	172	0.531143
