1	20	0.887577
1	21	0.305164
1	35	1.10445
1	125	0.970864
1	157	0.96806
1	159	1.00079
1	160	0.998946
1	169	0.865845
1	176	0.870971
1	178	0.920104
1	179	0.908775
1	180	0.909168
2	13	1.0555
2	20	0.957031
2	22	0.955944
2	24	0.85016
2	31	0.926668
2	35	0.913011
2	38	0.918554
2	42	0.912844
2	61	0.967279
2	115	1.23794
2	148	2.08049
2	178	2.39897
3	39	0.873239
3	53	0.855129
3	55	0.87831
3	63	0.830367
3	80	0.89564
3	91	0.860997
3	94	0.841758
3	97	0.781414
3	98	0.827986
3	126	1.94797
3	164	0.758438
3	179	3.20195
4	68	0.819424
4	79	0.819589
4	85	1.46787
4	87	0.854736
4	92	0.843267
4	105	0.854841
4	108	0.847042
4	150	0.783449
4	154	0.856646
4	157	0.838729
4	160	0.869615
4	161	3.52438
5	75	2.79907
5	119	0.779075
5	163	0.786619
5	165	0.7758
5	166	0.762909
5	168	0.787029
5	170	0.740823
5	171	0.73975
5	175	0.746151
5	177	0.773598
5	179	0.75749
5	180	0.757883
6	37	1.12974
6	53	0.962207
6	63	0.937445
6	66	0.946836
6	73	0.937176
6	91	0.968074
6	94	0.948836
6	97	0.888492
6	98	0.935064
6	148	2.09211
6	163	2.46851
6	164	0.865516
7	9	1.46391
7	17	0.233299
7	143	0.89321
7	148	0.873032
7	149	0.898001
7	162	0.829143
7	173	0.828574
7	176	0.781632
7	177	0.835545
7	178	0.830766
7	179	0.819437
7	180	0.81983
8	12	1.23303
8	54	1.43295
8	117	0.932933
8	166	0.835267
8	173	0.838985
8	174	0.856817
8	175	0.818508
8	176	0.792043
8	177	0.845955
8	178	0.841176
8	179	0.829847
8	180	0.83024
9	7	1.46391
9	28	0.880584
9	32	0.851089
9	45	0.836595
9	50	0.83483
9	54	0.838507
9	58	0.811357
9	67	0.8029
9	69	0.873372
9	77	0.85932
9	138	0.821202
9	150	3.03886
10	56	0.421393
10	69	1.51048
10	120	0.848951
10	167	0.865184
10	170	0.822369
10	174	0.866006
10	175	0.827697
10	176	0.801231
10	177	0.855144
10	178	0.850365
10	179	0.839036
10	180	0.839429
11	35	1.63488
11	103	1.47866
11	143	0.890885
11	163	0.846241
11	166	0.822532
11	172	0.832284
11	174	0.844082
11	175	0.805773
11	176	0.779308
11	177	0.83322
11	178	0.828441
11	179	0.817112
11	180	0.817505
12	8	1.23303
12	17	0.946886
12	26	0.868624
12	41	0.936323
12	46	0.843149
12	51	0.915011
12	68	0.880823
12	74	0.966768
12	84	2.24543
12	88	0.915962
12	96	0.903033
12	105	0.91624
12	136	1.61608
13	2	1.0555
13	16	1.0424
13	24	0.944134
13	31	1.02064
13	35	1.00699
13	38	1.01253
13	42	1.00682
13	61	1.06125
13	99	0.974113
13	142	1.51053
13	162	2.13683
13	165	1.91978
13	177	1.36336
14	33	0.932234
14	46	0.846365
14	68	0.884039
14	72	0.891796
14	74	0.969985
14	79	0.884205
14	87	0.919352
14	92	0.907882
14	96	0.90625
14	105	0.919457
14	120	2.44911
14	150	2.30887
14	172	1.73667
15	46	0.855505
15	64	0.911545
15	68	0.893179
15	72	0.900936
15	79	0.893345
15	87	0.928491
15	88	0.928319
15	92	0.917022
15	96	0.91539
15	105	0.928597
15	126	1.18507
15	139	1.35553
15	170	3.77188
16	13	1.0424
16	35	0.899907
16	42	0.899739
16	43	0.931044
16	53	0.90903
16	61	0.954175
16	94	0.895659
16	98	0.881886
16	99	0.867034
16	139	1.09814
16	164	0.812338
16	174	1.02826
16	176	4.21818
17	7	0.233299
17	12	0.946886
17	51	0.904402
17	64	0.888579
17	68	0.870214
17	74	0.956159
17	87	0.905526
17	88	0.905353
17	92	0.894057
17	96	0.892424
17	105	0.905631
17	158	1.23227
17	176	4.06624
18	97	2.52685
18	101	0.924812
18	102	0.924994
18	125	0.893634
18	131	0.921262
18	132	0.889624
18	146	0.908785
18	152	0.914809
18	154	0.908746
18	157	0.89083
18	160	0.921716
18	167	1.7823
18	168	1.71019
19	116	1.63163
19	125	0.864384
19	141	0.91822
19	142	0.852516
19	149	0.888778
19	164	0.792797
19	166	0.815634
19	171	0.792474
19	176	0.77241
19	177	0.826323
19	178	0.821543
19	179	0.810214
19	180	0.810607
20	1	0.887577
20	2	0.957031
20	22	0.951447
20	24	0.845663
20	27	2.14687
20	31	0.922171
20	35	0.908514
20	38	0.914057
20	42	0.908347
20	61	0.962783
20	75	0.877663
20	99	0.875642
20	137	2.06694
21	1	0.305164
21	25	0.857476
21	32	0.930131
21	50	0.913871
21	54	0.917549
21	58	0.890398
21	60	0.895727
21	65	2.31138
21	67	0.881941
21	69	0.952413
21	85	0.961478
21	123	2.79246
21	138	0.900244
22	2	0.955944
22	20	0.951447
22	24	0.844576
22	31	0.921084
22	35	0.907427
22	38	0.91297
22	42	0.907259
22	48	0.877356
22	61	0.961695
22	99	0.874554
22	122	0.968563
22	142	1.70231
22	171	3.55877
23	111	0.896087
23	114	0.865957
23	120	0.846075
23	131	0.925877
23	132	0.894238
23	147	0.909233
23	151	0.922789
23	152	0.919424
23	154	0.91336
23	159	0.92817
23	160	0.92633
23	171	3.31824
23	179	1.96517
24	2	0.85016
24	13	0.944134
24	20	0.845663
24	22	0.844576
24	31	0.8153
24	35	0.801643
24	38	0.807186
24	42	0.801475
24	61	0.855911
24	75	0.770791
24	99	0.76877
24	141	2.22004
24	178	3.10985
25	21	0.857476
25	28	0.864087
25	32	0.834592
25	44	0.840123
25	50	0.818333
25	54	0.82201
25	60	0.800188
25	67	0.786402
25	69	0.856874
25	77	0.842823
25	117	1.65499
25	138	0.804705
25	166	3.65693
26	12	0.868624
26	41	0.847452
26	46	0.754278
26	51	0.82614
26	64	0.810317
26	74	0.877897
26	79	0.792117
26	87	0.827264
26	88	0.827091
26	96	0.814162
26	105	0.827369
26	130	2.53627
26	134	2.46587
27	20	2.14687
27	86	1.07833
27	161	0.839498
27	165	0.840417
27	167	0.848255
27	173	0.831244
27	174	0.849076
27	175	0.810767
27	176	0.784302
27	177	0.838215
27	178	0.833435
27	179	0.822106
27	180	0.822499
28	9	0.880584
28	25	0.864087
28	32	0.936742
28	54	0.92416
28	58	0.897009
28	60	0.902338
28	67	0.888552
28	69	0.959024
28	77	0.944973
28	126	1.62884
28	138	0.906855
28	153	1.69812
28	179	2.88282
29	36	0.872561
29	39	0.95172
29	55	0.956791
29	59	0.923186
29	63	0.908849
29	73	0.908579
29	91	0.939478
29	93	0.775598
29	94	0.92024
29	98	0.906467
29	164	0.836919
29	177	2.5364
29	178	2.58896
30	55	0.824209
30	80	0.84154
30	91	0.806897
30	98	0.773886
30	128	3.18047
30	135	0.787851
30	148	0.775351
30	164	0.704338
30	176	0.683951
30	177	0.737864
30	178	0.733085
30	179	0.721756
30	180	0.722148
31	2	0.926668
31	13	1.02064
31	20	0.922171
31	22	0.921084
31	24	0.8153
31	35	0.878151
31	37	2.16993
31	38	0.883694
31	42	0.877984
31	48	0.84808
31	75	0.847299
31	99	0.845279
31	117	2.24451
31	134	1.63038
32	9	0.851089
32	21	0.930131
32	25	0.834592
32	28	0.936742
32	44	0.912778
32	54	0.894665
32	60	0.872843
32	67	0.859057
32	69	0.929529
32	77	0.915478
32	127	3.21694
32	133	1.26216
32	138	0.87736
32	153	1.92934
33	14	0.932234
33	79	0.852511
33	88	0.887485
33	92	0.876188
33	96	0.874556
33	105	0.887763
33	124	0.886873
33	131	0.902084
33	140	2.84534
33	157	0.871651
33	159	0.904377
33	160	0.902537
33	172	1.82629
33	180	1.94401
34	48	1.93677
34	76	0.917431
34	111	0.878243
34	125	0.880405
34	127	0.83261
34	128	0.889183
34	145	1.58631
34	146	0.895556
34	147	0.891389
34	154	0.895517
34	157	0.8776
34	158	2.84189
34	159	0.910326
34	160	0.908486
35	1	1.10445
35	2	0.913011
35	11	1.63488
35	13	1.00699
35	16	0.899907
35	20	0.908514
35	22	0.907427
35	24	0.801643
35	31	0.878151
35	38	0.870037
35	42	0.864327
35	48	0.834423
35	61	0.918762
35	110	2.0031
36	29	0.872561
36	43	0.843705
36	53	0.82169
36	55	0.844871
36	59	0.811266
36	66	0.80632
36	73	0.796659
36	80	0.862201
36	91	0.827558
36	94	0.808319
36	98	0.794547
36	110	2.12785
36	129	3.30958
36	164	0.724999
37	6	1.12974
37	31	2.16993
37	75	0.0993958
37	81	0.929899
37	163	0.915598
37	165	0.904779
37	166	0.891889
37	171	0.868729
37	175	0.87513
37	176	0.848665
37	177	0.902577
37	178	0.897798
37	179	0.886469
37	180	0.886862
38	2	0.918554
38	13	1.01253
38	20	0.914057
38	22	0.91297
38	24	0.807186
38	31	0.883694
38	35	0.870037
38	42	0.86987
38	61	0.924305
38	75	0.839185
38	99	0.837165
38	120	3.15117
38	143	1.43141
38	163	1.97794
39	3	0.873239
39	29	0.95172
39	43	0.922864
39	59	0.890425
39	63	0.876087
39	73	0.875818
39	80	0.94136
39	91	0.906717
39	94	0.887478
39	98	0.873706
39	122	2.0897
39	129	2.47583
39	155	1.82192
39	164	0.804158
40	41	0.924613
40	46	0.831438
40	51	0.903301
40	68	0.869112
40	72	0.876869
40	79	0.869278
40	87	0.904424
40	88	0.904252
40	92	0.892955
40	96	0.891323
40	105	0.90453
40	106	2.34409
40	153	1.53414
40	158	2.6358
41	12	0.936323
41	26	0.847452
41	40	0.924613
41	51	0.89384
41	64	0.878017
41	68	0.859651
41	72	0.867408
41	87	0.894963
41	88	0.894791
41	92	0.883494
41	105	0.895069
41	123	1.08045
41	137	1.08262
41	169	5.85565
42	2	0.912844
42	13	1.00682
42	16	0.899739
42	20	0.908347
42	22	0.907259
42	24	0.801475
42	31	0.877984
42	35	0.864327
42	38	0.86987
42	48	0.834255
42	61	0.918595
42	93	1.23554
42	137	1.89487
42	177	2.99634
43	16	0.931044
43	36	0.843705
43	39	0.922864
43	59	0.89433
43	63	0.879992
43	66	0.889384
43	80	0.945265
43	91	0.910622
43	94	0.891384
43	98	0.877611
43	162	2.33207
43	164	0.808063
43	166	2.40683
43	174	1.77016
44	25	0.840123
44	32	0.912778
44	45	0.898283
44	50	0.896519
44	54	0.900196
44	58	0.873045
44	60	0.878374
44	67	0.864589
44	69	0.93506
44	77	0.921009
44	122	1.38623
44	138	0.882891
44	155	1.11846
44	171	3.97644
45	9	0.836595
45	44	0.898283
45	58	0.853019
45	60	0.858348
45	77	0.900983
45	138	0.862865
45	142	2.462
45	147	0.874298
45	152	0.884489
45	154	0.878426
45	155	1.46047
45	157	0.86051
45	158	2.88234
45	159	0.893236
45	160	0.891396
46	12	0.843149
46	14	0.846365
46	15	0.855505
46	26	0.754278
46	40	0.831438
46	68	0.766476
46	72	0.774233
46	74	0.852422
46	79	0.766642
46	87	0.801789
46	92	0.790319
46	96	0.788687
46	105	0.801894
46	140	3.83034
46	177	2.24001
47	84	0.946658
47	86	0.560868
47	111	1.54503
47	112	0.932644
47	151	0.397792
47	153	0.917529
47	170	0.84462
47	171	0.843547
47	173	0.870425
47	175	0.849948
47	176	0.823483
47	177	0.877396
47	178	0.872616
47	179	0.861287
47	180	0.86168
48	22	0.877356
48	31	0.84808
48	34	1.93677
48	35	0.834423
48	42	0.834255
48	61	0.888691
48	75	0.803571
48	110	0.83382
48	124	1.85505
48	170	0.747605
48	171	0.746532
48	177	0.780381
48	178	0.775601
48	179	0.764272
48	180	0.764665
49	63	2.8641
49	65	0.800082
49	135	0.798616
49	149	0.811084
49	161	0.749912
49	162	0.742226
49	163	0.761649
49	171	0.71478
49	173	0.741658
49	175	0.721181
49	176	0.694716
49	177	0.748629
49	178	0.74385
49	179	0.732521
49	180	0.732913
50	9	0.83483
50	21	0.913871
50	25	0.818333
50	44	0.896519
50	54	0.878406
50	58	0.851255
50	60	0.856583
50	67	0.842798
50	69	0.91327
50	77	0.899219
50	85	0.922335
50	135	1.7871
50	138	0.8611
50	143	1.98681
50	165	2.97927
51	12	0.915011
51	17	0.904402
51	26	0.82614
51	40	0.903301
51	41	0.89384
51	64	0.856705
51	79	0.838505
51	87	0.873651
51	88	0.873479
51	92	0.862182
51	96	0.86055
51	100	1.93044
51	105	0.873757
51	106	2.71853
51	143	2.00669
52	74	1.22118
52	146	0.780864
52	155	0.968248
52	160	0.369973
52	162	0.880181
52	167	0.896623
52	169	0.827544
52	170	0.853808
52	172	0.885647
52	175	0.859136
52	176	0.83267
52	177	0.886583
52	178	0.881804
52	179	0.870475
52	180	0.870868
53	3	0.855129
53	6	0.962207
53	16	0.90903
53	36	0.82169
53	55	0.90592
53	59	0.872316
53	66	0.867369
53	73	0.857708
53	80	0.92325
53	91	0.888607
53	98	0.855596
53	110	1.35321
53	153	2.20126
53	164	0.786049
53	173	2.95369
54	8	1.43295
54	9	0.838507
54	21	0.917549
54	25	0.82201
54	28	0.92416
54	32	0.894665
54	44	0.900196
54	50	0.878406
54	58	0.854932
54	60	0.860261
54	67	0.846475
54	77	0.902896
54	134	1.57468
54	135	2.70678
54	138	0.864778
55	3	0.87831
55	29	0.956791
55	30	0.824209
55	36	0.844871
55	53	0.90592
55	59	0.895496
55	63	0.881158
55	66	0.890549
55	94	0.892549
55	97	0.832205
55	98	0.878777
55	114	2.6561
55	136	1.57823
55	155	2.25039
55	164	0.809229
56	10	0.421393
56	103	0.88344
56	110	0.867104
56	113	0.898638
56	118	0.88067
56	124	0.872062
56	128	0.868423
56	150	0.801561
56	151	0.884186
56	154	0.874757
56	157	0.856841
56	159	0.889566
56	160	0.887726
56	165	1.43285
56	176	4.27792
57	76	0.882061
57	103	0.86883
57	108	0.850543
57	110	0.852494
57	118	0.866061
57	121	1.41364
57	124	0.857453
57	125	0.845035
57	128	0.853814
57	147	0.85602
57	154	0.860147
57	157	0.842231
57	159	0.874957
57	160	0.873117
57	168	2.7691
57	178	2.76658
58	9	0.811357
58	21	0.890398
58	28	0.897009
58	44	0.873045
58	45	0.853019
58	50	0.851255
58	54	0.854932
58	60	0.83311
58	67	0.819325
58	69	0.889796
58	77	0.875745
58	85	0.898861
58	120	3.39971
58	135	1.48024
58	138	0.837627
58	167	2.24317
59	29	0.923186
59	36	0.811266
59	39	0.890425
59	43	0.89433
59	53	0.872316
59	55	0.895496
59	66	0.856945
59	73	0.847284
59	80	0.912826
59	84	1.46137
59	94	0.858945
59	97	0.7986
59	98	0.845172
59	164	0.775624
59	165	2.91496
59	173	2.57683
60	21	0.895727
60	25	0.800188
60	28	0.902338
60	32	0.872843
60	44	0.878374
60	45	0.858348
60	50	0.856583
60	54	0.860261
60	58	0.83311
60	67	0.824653
60	69	0.895125
60	77	0.881074
60	90	1.51541
60	136	1.74731
60	138	0.842956
60	177	3.27383
61	2	0.967279
61	13	1.06125
61	16	0.954175
61	20	0.962783
61	22	0.961695
61	24	0.855911
61	35	0.918762
61	38	0.924305
61	42	0.918595
61	48	0.888691
61	75	0.88791
61	99	0.88589
61	134	0.824734
61	141	1.19863
61	158	2.60339
61	175	3.44159
62	78	0.688019
62	103	1.31461
62	111	1.16958
62	162	0.875615
62	169	0.822979
62	170	0.849242
62	171	0.848169
62	172	0.881081
62	173	0.875046
62	174	0.892879
62	175	0.85457
62	176	0.828105
62	177	0.882017
62	178	0.877238
62	179	0.865909
62	180	0.866302
63	3	0.830367
63	6	0.937445
63	29	0.908849
63	39	0.876087
63	43	0.879992
63	49	2.8641
63	55	0.881158
63	66	0.842607
63	73	0.832946
63	80	0.898488
63	91	0.863845
63	94	0.844607
63	98	0.830834
63	164	0.761287
63	169	3.46294
63	175	1.76244
64	15	0.911545
64	17	0.888579
64	26	0.810317
64	41	0.878017
64	51	0.856705
64	72	0.830273
64	74	0.908462
64	79	0.822682
64	87	0.857828
64	88	0.857656
64	90	0.800955
64	92	0.846359
64	96	0.844727
64	105	0.857934
64	135	1.92363
64	175	3.96509
65	21	2.31138
65	49	0.800082
65	108	1.75806
65	156	0.870295
65	165	0.810065
65	167	0.817903
65	168	0.821294
65	170	0.775088
65	171	0.774015
65	173	0.800892
65	174	0.818724
65	175	0.780416
65	176	0.75395
65	178	0.803084
65	179	0.791755
65	180	0.792148
66	6	0.946836
66	36	0.80632
66	43	0.889384
66	53	0.867369
66	55	0.890549
66	59	0.856945
66	63	0.842607
66	73	0.842338
66	80	0.90788
66	91	0.873237
66	93	1.93722
66	94	0.853998
66	98	0.840226
66	110	2.31584
66	121	2.39764
66	164	0.770678
67	9	0.8029
67	21	0.881941
67	25	0.786402
67	28	0.888552
67	32	0.859057
67	44	0.864589
67	50	0.842798
67	54	0.846475
67	58	0.819325
67	60	0.824653
67	69	0.88134
67	77	0.867289
67	85	0.890405
67	100	1.84313
67	138	0.82917
67	165	2.91184
67	167	2.48261
68	4	0.819424
68	12	0.880823
68	14	0.884039
68	15	0.893179
68	17	0.870214
68	40	0.869112
68	41	0.859651
68	46	0.766476
68	72	0.811907
68	74	0.890096
68	88	0.83929
68	92	0.827993
68	96	0.826361
68	105	0.839568
68	136	1.51002
68	156	2.22653
68	173	3.25483
69	9	0.873372
69	10	1.51048
69	21	0.952413
69	25	0.856874
69	28	0.959024
69	32	0.929529
69	44	0.93506
69	50	0.91327
69	58	0.889796
69	60	0.895125
69	67	0.88134
69	77	0.93776
69	85	0.960876
69	129	1.76507
69	138	0.899642
69	149	1.35624
69	179	2.61608
70	80	1.3294
70	95	1.23663
70	155	0.935693
70	159	0.468183
70	165	0.85623
70	166	0.843339
70	167	0.864068
70	168	0.867459
70	170	0.821253
70	172	0.853092
70	174	0.86489
70	175	0.826581
70	176	0.800115
70	177	0.854028
70	178	0.849249
70	179	0.83792
70	180	0.838313
71	102	0.880836
71	118	1.49911
71	137	0.946215
71	156	0.912524
71	158	0.861328
71	159	0.67221
71	163	0.863112
71	169	0.791053
71	172	0.849156
71	173	0.843121
71	174	0.860953
71	175	0.822645
71	176	0.796179
71	177	0.850092
71	178	0.845313
71	179	0.833984
71	180	0.834377
72	14	0.891796
72	15	0.900936
72	40	0.876869
72	41	0.867408
72	46	0.774233
72	64	0.830273
72	68	0.811907
72	74	0.897853
72	79	0.812073
72	87	0.847219
72	88	0.847047
72	92	0.83575
72	96	0.834118
72	105	0.847325
72	127	2.26309
72	170	3.49303
72	174	1.72119
73	6	0.937176
73	29	0.908579
73	36	0.796659
73	39	0.875818
73	53	0.857708
73	59	0.847284
73	63	0.832946
73	66	0.842338
73	80	0.898219
73	81	2.38543
73	91	0.863576
73	94	0.844338
73	97	0.783993
73	98	0.830565
73	156	1.7617
73	164	0.761017
73	172	3.143
74	12	0.966768
74	14	0.969985
74	17	0.956159
74	26	0.877897
74	46	0.852422
74	52	1.22118
74	64	0.908462
74	68	0.890096
74	72	0.897853
74	79	0.890262
74	87	0.925408
74	92	0.913939
74	96	0.912307
74	105	0.925514
74	121	1.46651
74	137	1.66543
74	168	2.82198
75	5	2.79907
75	20	0.877663
75	24	0.770791
75	31	0.847299
75	37	0.0993958
75	38	0.839185
75	48	0.803571
75	61	0.88791
75	99	0.80077
75	128	0.834359
75	131	0.853209
75	147	0.836565
75	152	0.846756
75	154	0.840692
75	157	0.822776
75	159	0.855502
75	160	0.853662
75	170	3.31107
76	34	0.917431
76	57	0.882061
76	103	0.909192
76	113	0.92439
76	119	2.70637
76	124	0.897814
76	128	0.894175
76	133	1.22521
76	147	0.896381
76	150	0.827313
76	151	0.909938
76	152	0.906572
76	154	0.900509
76	156	1.61653
76	157	0.882593
76	159	0.915318
76	160	0.913478
76	163	2.53703
77	9	0.85932
77	25	0.842823
77	28	0.944973
77	32	0.915478
77	44	0.921009
77	45	0.900983
77	50	0.899219
77	54	0.902896
77	58	0.875745
77	60	0.881074
77	67	0.867289
77	69	0.93776
77	85	0.946825
77	138	0.885591
77	141	1.22498
77	174	2.27378
77	178	2.11478
77	180	2.75122
78	62	0.688019
78	111	0.885187
78	113	0.926342
78	114	2.15382
78	118	0.908374
78	120	0.835176
78	125	0.887349
78	133	1.40114
78	146	0.9025
78	147	0.898333
78	151	0.91189
78	152	0.908524
78	153	0.881502
78	154	0.902461
78	157	0.884545
78	159	0.917271
78	160	0.915431
78	180	3.29147
79	4	0.819589
79	14	0.884205
79	15	0.893345
79	26	0.792117
79	33	0.852511
79	40	0.869278
79	46	0.766642
79	51	0.838505
79	64	0.822682
79	72	0.812073
79	74	0.890262
79	87	0.839629
79	88	0.839456
79	92	0.828159
79	105	0.839734
79	121	1.52339
79	150	3.96726
79	153	2.28963
80	3	0.89564
80	30	0.84154
80	36	0.862201
80	39	0.94136
80	43	0.945265
80	53	0.92325
80	59	0.912826
80	63	0.898488
80	66	0.90788
80	70	1.3294
80	73	0.898219
80	91	0.929118
80	94	0.909879
80	98	0.896107
80	130	1.07682
80	153	2.24011
80	164	0.826559
80	168	2.82933
81	37	0.929899
81	73	2.38543
81	124	2.00639
81	140	0.781002
81	149	0.846187
81	156	0.846163
81	161	0.785015
81	165	0.785933
81	166	0.773043
81	168	0.797162
81	173	0.77676
81	175	0.756284
81	176	0.729819
81	177	0.783731
81	178	0.778952
81	179	0.767623
81	180	0.768016
82	99	0.700747
82	120	0.673385
82	139	0.748356
82	146	0.740709
82	147	0.736542
82	151	0.750099
82	152	0.746733
82	157	0.722754
82	159	0.755479
82	160	0.753639
82	166	0.668888
82	169	0.620538
82	173	0.672606
82	175	0.65213
82	176	0.625664
82	177	0.679577
82	178	0.674798
82	180	0.663862
83	95	0.873104
83	104	0.893574
83	111	0.87102
83	116	0.863635
83	117	1.23313
83	118	0.894207
83	124	0.885599
83	131	0.90081
83	132	0.869171
83	146	0.888332
83	147	0.884166
83	151	0.897722
83	152	0.894357
83	153	0.867334
83	156	1.57684
83	159	0.903103
83	160	0.901263
83	162	3.16031
83	174	2.5984
84	12	2.24543
84	47	0.946658
84	59	1.46137
84	131	1.27005
84	145	0.88432
84	158	0.836908
84	161	0.826956
84	163	0.838693
84	165	0.827874
84	166	0.814983
84	167	0.835712
84	171	0.791824
84	172	0.824736
84	174	0.836534
84	176	0.771759
84	177	0.825672
84	178	0.820893
84	179	0.809564
84	180	0.809957
85	4	1.46787
85	21	0.961478
85	50	0.922335
85	58	0.898861
85	67	0.890405
85	69	0.960876
85	77	0.946825
85	138	0.908707
85	146	0.753383
85	152	0.417044
85	157	0.982926
85	167	0.873215
85	173	0.856204
85	174	0.874037
85	176	0.809262
85	177	0.863175
85	178	0.858396
85	179	0.847067
85	180	0.84746
86	27	1.07833
86	47	0.560868
86	95	0.875017
86	104	0.895486
86	111	0.872932
86	116	0.865547
86	124	0.887511
86	128	0.883872
86	132	0.871084
86	146	0.890245
86	147	0.886078
86	151	0.899635
86	152	0.896269
86	154	0.890206
86	157	0.87229
86	159	0.905015
86	160	0.903175
86	179	2.75043
86	180	2.78887
87	4	0.854736
87	14	0.919352
87	15	0.928491
87	17	0.905526
87	26	0.827264
87	40	0.904424
87	41	0.894963
87	46	0.801789
87	51	0.873651
87	64	0.857828
87	72	0.847219
87	74	0.925408
87	79	0.839629
87	88	0.874602
87	96	0.861673
87	105	0.87488
87	112	1.01787
87	162	2.83709
87	173	2.28191
87	179	2.71418
88	12	0.915962
88	15	0.928319
88	17	0.905353
88	26	0.827091
88	33	0.887485
88	40	0.904252
88	41	0.894791
88	51	0.873479
88	64	0.857656
88	68	0.83929
88	72	0.847047
88	79	0.839456
88	87	0.874602
88	92	0.863133
88	93	1.18224
88	96	0.861501
88	105	0.874708
88	143	1.83618
88	172	2.8435
88	175	3.67793
89	101	0.895222
89	102	0.895404
89	111	0.861883
89	116	0.854498
89	118	0.88507
89	119	2.69072
89	124	0.876462
89	125	0.864044
89	127	0.816249
89	128	0.872823
89	143	1.97485
89	145	1.72282
89	146	0.879196
89	147	0.875029
89	152	0.88522
89	154	0.879156
89	157	0.86124
89	159	0.893966
89	160	0.892126
89	177	2.41089
90	60	1.51541
90	64	0.800955
90	103	1.47064
90	112	0.924211
90	116	1.10235
90	134	0.988253
90	148	0.906449
90	162	0.86256
90	163	0.881983
90	165	0.871164
90	167	0.879002
90	168	0.882393
90	169	0.809924
90	171	0.835114
90	174	0.879824
90	175	0.841515
90	177	0.868962
90	178	0.864183
90	179	0.852854
90	180	0.853247
91	3	0.860997
91	6	0.968074
91	29	0.939478
91	30	0.806897
91	36	0.827558
91	39	0.906717
91	43	0.910622
91	53	0.888607
91	63	0.863845
91	66	0.873237
91	73	0.863576
91	80	0.929118
91	94	0.875236
91	97	0.814892
91	98	0.861464
91	144	0.997507
91	161	2.52077
91	164	0.791916
91	166	2.88569
91	172	2.60875
92	4	0.843267
92	14	0.907882
92	15	0.917022
92	17	0.894057
92	33	0.876188
92	40	0.892955
92	41	0.883494
92	46	0.790319
92	51	0.862182
92	64	0.846359
92	68	0.827993
92	72	0.83575
92	74	0.913939
92	79	0.828159
92	88	0.863133
92	96	0.850204
92	105	0.863411
92	115	1.49162
92	143	2.16405
92	173	2.81838
92	174	2.81165
93	29	0.775598
93	42	1.23554
93	66	1.93722
93	88	1.18224
93	104	0.400768
93	142	0.952287
93	144	0.998183
93	161	0.927378
93	166	0.915405
93	167	0.936134
93	169	0.867055
93	171	0.892246
93	172	0.925158
93	173	0.919123
93	174	0.936956
93	175	0.898647
93	176	0.872181
93	177	0.926094
93	178	0.921315
93	179	0.909986
93	180	0.910379
94	3	0.841758
94	6	0.948836
94	16	0.895659
94	29	0.92024
94	36	0.808319
94	39	0.887478
94	43	0.891384
94	55	0.892549
94	59	0.858945
94	63	0.844607
94	66	0.853998
94	73	0.844338
94	80	0.909879
94	91	0.875236
94	97	0.795654
94	98	0.842226
94	145	1.94037
94	155	1.77407
94	163	2.73892
94	164	0.772678
94	178	2.68099
95	70	1.23663
95	83	0.873104
95	86	0.875017
95	102	0.879653
95	107	0.856066
95	123	2.88795
95	125	0.848293
95	128	0.857072
95	131	0.875922
95	132	0.844283
95	144	1.64153
95	146	0.863445
95	147	0.859278
95	151	0.872834
95	152	0.869469
95	153	0.842446
95	154	0.863405
95	157	0.845489
95	159	0.878215
95	160	0.876375
95	167	2.80867
96	12	0.903033
96	14	0.90625
96	15	0.91539
96	17	0.892424
96	26	0.814162
96	33	0.874556
96	40	0.891323
96	46	0.788687
96	51	0.86055
96	64	0.844727
96	68	0.826361
96	72	0.834118
96	74	0.912307
96	87	0.861673
96	88	0.861501
96	92	0.850204
96	105	0.861779
96	127	3.51997
96	133	1.56519
96	134	0.998678
96	174	2.97808
97	3	0.781414
97	6	0.888492
97	18	2.52685
97	55	0.832205
97	59	0.7986
97	73	0.783993
97	91	0.814892
97	94	0.795654
97	98	0.781881
97	140	0.74313
97	149	0.808315
97	156	0.808291
97	157	3.42786
97	158	0.757095
97	164	0.712334
97	166	0.735171
97	175	0.718412
97	176	0.691947
97	177	0.745859
97	178	0.74108
97	179	0.729751
97	180	0.730144
98	3	0.827986
98	6	0.935064
98	16	0.881886
98	29	0.906467
98	30	0.773886
98	36	0.794547
98	39	0.873706
98	43	0.877611
98	53	0.855596
98	55	0.878777
98	59	0.845172
98	63	0.830834
98	66	0.840226
98	73	0.830565
98	80	0.896107
98	91	0.861464
98	94	0.842226
98	97	0.781881
98	150	2.98502
98	153	1.3074
98	164	0.758905
98	170	3.82493
98	174	2.0531
99	13	0.974113
99	16	0.867034
99	20	0.875642
99	22	0.874554
99	24	0.76877
99	31	0.845279
99	38	0.837165
99	61	0.88589
99	75	0.80077
99	82	0.700747
99	132	2.11887
99	140	0.774849
99	142	0.803772
99	146	1.59127
99	147	1.0552
99	162	0.771177
99	167	0.787619
99	175	0.750132
99	176	0.723667
99	177	0.777579
99	178	0.7728
99	179	0.761471
99	180	0.761864
100	51	1.93044
100	67	1.84313
100	109	0.856615
100	111	2.57174
100	119	0.806572
100	121	0.901747
100	126	0.869164
100	129	0.833501
100	161	0.802379
100	163	0.814116
100	166	0.790406
100	167	0.811135
100	168	0.814526
100	169	0.742056
100	170	0.76832
100	172	0.800159
100	173	0.794124
100	174	0.811957
100	175	0.773648
100	176	0.747182
100	177	0.801095
100	179	0.784987
100	180	0.78538
101	18	0.924812
101	89	0.895222
101	104	0.899941
101	107	0.887321
101	108	0.885057
101	111	0.877387
101	118	0.900574
101	124	0.891966
101	131	0.907177
101	132	0.875538
101	137	1.04537
101	146	0.8947
101	147	0.890533
101	148	1.18314
101	151	0.904089
101	153	0.873701
101	154	0.89466
101	157	0.876744
101	159	0.90947
101	160	0.90763
101	164	3.35013
101	168	1.50414
101	171	3.45268
102	18	0.924994
102	71	0.880836
102	89	0.895404
102	95	0.879653
102	104	0.900123
102	111	0.877569
102	113	0.918723
102	115	1.0132
102	116	0.870184
102	124	0.892148
102	125	0.87973
102	131	0.907359
102	133	0.920336
102	138	0.879281
102	146	0.894882
102	149	1.51238
102	151	0.904271
102	152	0.900906
102	153	0.873883
102	154	0.894842
102	157	0.876926
102	160	0.907812
102	176	5.52314
103	11	1.47866
103	56	0.88344
103	57	0.86883
103	62	1.31461
103	76	0.909192
103	90	1.47064
103	107	0.879938
103	113	0.911159
103	116	0.862619
103	124	0.884583
103	125	0.872166
103	131	0.899794
103	136	1.70254
103	146	0.887317
103	147	0.88315
103	150	0.814081
103	151	0.896706
103	152	0.893341
103	153	0.866319
103	154	0.887278
103	156	2.41906
103	157	0.869361
103	159	0.902087
103	160	0.900247
104	83	0.893574
104	86	0.895486
104	93	0.400768
104	101	0.899941
104	102	0.900123
104	106	2.43737
104	107	0.876535
104	108	0.874271
104	116	0.859217
104	121	0.861192
104	124	0.88118
104	128	0.877542
104	131	0.896391
104	132	0.864753
104	146	0.883914
104	151	0.893304
104	152	0.889938
104	153	0.862916
104	154	0.883875
104	157	0.865959
104	159	0.898685
104	160	0.896845
104	175	3.56728
104	180	2.85057
105	4	0.854841
105	12	0.91624
105	14	0.919457
105	15	0.928597
105	17	0.905631
105	26	0.827369
105	33	0.887763
105	40	0.90453
105	41	0.895069
105	46	0.801894
105	51	0.873757
105	64	0.857934
105	68	0.839568
105	72	0.847325
105	74	0.925514
105	79	0.839734
105	87	0.87488
105	88	0.874708
105	92	0.863411
105	96	0.861779
105	109	1.90991
105	141	1.93482
105	144	1.73212
105	168	2.82715
105	177	2.77207
106	40	2.34409
106	51	2.71853
106	104	2.43737
106	127	0.77951
106	134	0.900615
106	136	0.891112
106	139	0.850103
106	143	0.838989
106	148	0.818811
106	156	0.843756
106	158	0.79256
106	162	0.774922
106	165	0.783526
106	166	0.770635
106	167	0.791364
106	168	0.794755
106	169	0.722286
106	173	0.774353
106	174	0.792186
106	175	0.753877
106	176	0.727412
106	177	0.781324
106	178	0.776545
106	179	0.765216
106	180	0.765609
107	95	0.856066
107	101	0.887321
107	103	0.879938
107	104	0.876535
107	111	0.853981
107	113	0.895136
107	118	0.877168
107	125	0.856143
107	127	0.808348
107	128	0.864922
107	130	1.09888
107	131	0.883771
107	132	0.852133
107	138	0.855694
107	146	0.871294
107	147	0.867127
107	150	0.798059
107	152	0.877318
107	154	0.871255
107	157	0.853339
107	159	0.886065
107	160	0.884225
107	161	2.66626
107	166	3.03117
107	167	2.31013
107	180	2.87194
108	4	0.847042
108	57	0.850543
108	65	1.75806
108	101	0.885057
108	104	0.874271
108	110	0.861338
108	113	0.892872
108	116	0.844332
108	118	0.874904
108	120	0.801706
108	123	2.23914
108	125	0.853879
108	131	0.881507
108	138	0.85343
108	146	0.86903
108	147	0.864863
108	149	1.42339
108	151	0.87842
108	152	0.875054
108	153	0.848032
108	154	0.868991
108	157	0.851075
108	159	0.8838
108	160	0.88196
108	166	2.88091
108	172	2.60396
109	100	0.856615
109	105	1.90991
109	113	1.0991
109	122	0.895214
109	136	0.921717
109	137	0.908052
109	138	1.07183
109	143	0.869594
109	155	0.893595
109	156	0.874361
109	160	1.05353
109	163	0.82495
109	165	0.814132
109	166	0.801241
109	167	0.82197
109	168	0.82536
109	169	0.752891
109	170	0.779154
109	172	0.810993
109	173	0.804959
109	174	0.822791
109	177	0.81193
109	178	0.80715
109	179	0.795821
109	180	0.796214
110	35	2.0031
110	36	2.12785
110	48	0.83382
110	53	1.35321
110	56	0.867104
110	57	0.852494
110	66	2.31584
110	108	0.861338
110	150	0.797746
110	151	0.880371
110	152	0.877005
110	154	0.870942
110	157	0.853026
110	159	0.885751
110	160	0.883911
110	167	0.819889
110	169	0.75081
110	172	0.808913
110	173	0.802878
110	174	0.820711
110	175	0.782402
110	176	0.755936
110	177	0.809849
110	178	0.80507
110	179	0.793741
110	180	0.794134
111	23	0.896087
111	34	0.878243
111	47	1.54503
111	62	1.16958
111	78	0.885187
111	83	0.87102
111	86	0.872932
111	89	0.861883
111	100	2.57174
111	101	0.877387
111	102	0.877569
111	107	0.853981
111	113	0.885202
111	116	0.836663
111	118	0.867234
111	128	0.854988
111	130	1.3866
111	131	0.873837
111	132	0.842199
111	138	0.84576
111	145	2.39596
111	151	0.87075
111	152	0.867384
111	153	0.840362
111	157	0.843405
111	160	0.87429
112	47	0.932644
112	87	1.01787
112	90	0.924211
112	115	0.901047
112	118	1.69418
112	119	0.817135
112	123	0.849338
112	132	1.80843
112	144	0.883747
112	149	0.874114
112	152	0.944485
112	156	0.87409
112	162	0.805256
112	165	0.81386
112	167	0.821698
112	168	0.825089
112	170	0.778883
112	171	0.77781
112	172	0.810722
112	174	0.82252
112	175	0.784211
112	177	0.811658
112	178	0.806879
112	179	0.79555
112	180	0.795943
113	56	0.898638
113	76	0.92439
113	78	0.926342
113	102	0.918723
113	103	0.911159
113	107	0.895136
113	108	0.892872
113	109	1.0991
113	111	0.885202
113	116	0.877817
113	118	0.908389
113	125	0.887364
113	132	0.883353
113	139	1.5283
113	146	0.902515
113	147	0.898348
113	150	0.829279
113	151	0.911905
113	152	0.908539
113	154	0.902476
113	157	0.884559
113	159	0.917285
113	160	0.915445
113	165	2.51768
113	167	2.08845
113	172	2.53255
113	173	2.17956
114	23	0.865957
114	55	2.6561
114	78	2.15382
114	121	0.916119
114	143	0.873132
114	144	0.887556
114	145	0.874115
114	147	1.34185
114	156	0.877899
114	161	0.816751
114	162	0.809065
114	163	0.828488
114	165	0.81767
114	166	0.804779
114	167	0.825508
114	168	0.828898
114	170	0.782692
114	171	0.781619
114	172	0.814531
114	173	0.808497
114	174	0.826329
114	175	0.78802
114	177	0.815468
114	178	0.810688
114	179	0.799359
114	180	0.799752
115	2	1.23794
115	92	1.49162
115	102	1.0132
115	112	0.901047
115	116	1.7523
115	122	0.929082
115	129	0.878203
115	130	0.973913
115	136	0.955585
115	138	0.825522
115	141	0.937695
115	156	0.90823
115	161	0.847081
115	162	0.839395
115	163	0.858818
115	164	0.812272
115	165	0.848
115	168	0.859229
115	169	0.786759
115	170	0.813022
115	172	0.844861
115	173	0.838827
115	177	0.845798
115	178	0.841019
115	179	0.82969
115	180	0.830082
116	19	1.63163
116	83	0.863635
116	86	0.865547
116	89	0.854498
116	90	1.10235
116	102	0.870184
116	103	0.862619
116	104	0.859217
116	108	0.844332
116	111	0.836663
116	113	0.877817
116	115	1.7523
116	118	0.85985
116	124	0.851242
116	127	0.791029
116	128	0.847603
116	132	0.834814
116	146	0.853975
116	147	0.849809
116	149	2.25148
116	150	0.78074
116	151	0.863365
116	152	0.86
116	153	0.832977
116	154	0.853936
116	159	0.868746
116	160	0.866906
116	173	3.07906
117	8	0.932933
117	25	1.65499
117	31	2.24451
117	83	1.23313
117	139	0.912166
117	140	0.840657
117	149	0.905843
117	155	0.925052
117	157	1.40241
117	158	0.854623
117	160	0.761978
117	161	0.844671
117	162	0.836985
117	163	0.856408
117	164	0.809861
117	165	0.845589
117	166	0.832698
117	167	0.853427
117	169	0.784349
117	170	0.810612
117	171	0.809539
117	173	0.836416
117	174	0.854249
117	175	0.81594
117	176	0.789474
117	177	0.843387
117	178	0.838608
117	179	0.827279
117	180	0.827672
118	56	0.88067
118	57	0.866061
118	71	1.49911
118	78	0.908374
118	83	0.894207
118	89	0.88507
118	101	0.900574
118	107	0.877168
118	108	0.874904
118	111	0.867234
118	112	1.69418
118	113	0.908389
118	116	0.85985
118	122	2.15335
118	124	0.881813
118	128	0.878175
118	131	0.897024
118	132	0.865386
118	134	0.972095
118	139	2.30697
118	146	0.884547
118	147	0.88038
118	150	0.811312
118	151	0.893937
118	152	0.890571
118	157	0.866592
118	159	0.899318
118	160	0.897478
118	163	2.85042
119	5	0.779075
119	76	2.70637
119	89	2.69072
119	100	0.806572
119	112	0.817135
119	133	0.888994
119	136	0.871673
119	140	0.759156
119	141	0.853784
119	142	0.788079
119	144	0.833975
119	146	2.6064
119	148	0.799373
119	153	0.802019
119	161	0.76317
119	162	0.755483
119	163	0.774907
119	167	0.771926
119	168	0.775317
119	170	0.729111
119	171	0.728038
119	172	0.76095
119	174	0.772747
119	175	0.734439
119	176	0.707973
119	177	0.761886
119	178	0.757107
119	179	0.745778
119	180	0.746171
120	10	0.848951
120	14	2.44911
120	23	0.846075
120	38	3.15117
120	58	3.39971
120	78	0.835176
120	82	0.673385
120	108	0.801706
120	131	0.823826
120	132	0.792187
120	143	0.807882
120	146	0.811349
120	147	0.807182
120	151	0.820738
120	154	0.811309
120	157	0.793393
120	158	0.761453
120	159	0.826119
120	160	0.824279
120	161	0.751501
120	168	0.763648
120	169	0.691178
120	170	0.717442
120	172	0.749281
120	173	0.743246
120	175	0.72277
120	177	0.750217
120	178	0.745438
120	179	0.734109
120	180	0.734502
121	57	1.41364
121	66	2.39764
121	74	1.46651
121	79	1.52339
121	100	0.901747
121	104	0.861192
121	114	0.916119
121	134	0.976352
121	135	0.907048
121	137	0.953184
121	141	0.948958
121	144	0.92915
121	148	0.894548
121	155	0.938726
121	159	0.612658
121	162	0.850658
121	167	0.867101
121	168	0.870492
121	169	0.798022
121	170	0.824286
121	171	0.823212
121	172	0.856125
121	173	0.85009
121	174	0.867922
121	175	0.829614
121	176	0.803148
121	177	0.857061
121	178	0.852282
121	179	0.840953
121	180	0.841346
122	22	0.968563
122	39	2.0897
122	44	1.38623
122	109	0.895214
122	115	0.929082
122	118	2.15335
122	126	0.907762
122	135	0.889681
122	145	0.898342
122	154	1.35087
122	156	0.902126
122	158	0.85093
122	162	0.833291
122	164	0.806168
122	165	0.841896
122	167	0.849734
122	168	0.853125
122	169	0.780655
122	170	0.806918
122	171	0.805845
122	172	0.838757
122	173	0.832723
122	174	0.850555
122	175	0.812246
122	176	0.785781
122	177	0.839694
122	178	0.834915
122	179	0.823586
122	180	0.823978
123	21	2.79246
123	41	1.08045
123	95	2.88795
123	108	2.23914
123	112	0.849338
123	129	0.826495
123	133	0.921198
123	136	0.903877
123	144	0.866178
123	148	0.831576
123	150	0.781986
123	153	0.834223
123	155	0.875754
123	158	0.805325
123	161	0.795373
123	163	0.80711
123	166	0.7834
123	168	0.80752
123	169	0.735051
123	170	0.761314
123	171	0.760241
123	172	0.793153
123	173	0.787118
123	174	0.804951
123	175	0.766642
123	176	0.740176
123	177	0.794089
123	178	0.78931
123	179	0.777981
123	180	0.778374
124	33	0.886873
124	48	1.85505
124	56	0.872062
124	57	0.857453
124	76	0.897814
124	81	2.00639
124	83	0.885599
124	86	0.887511
124	89	0.876462
124	101	0.891966
124	102	0.892148
124	103	0.884583
124	104	0.88118
124	116	0.851242
124	118	0.881813
124	125	0.860788
124	132	0.856778
124	138	0.860339
124	141	1.35542
124	145	1.5046
124	146	0.875939
124	147	0.871772
124	150	0.802704
124	151	0.885329
124	154	0.8759
124	157	0.857984
124	159	0.89071
124	160	0.88887
124	178	2.24522
124	180	2.88166
125	1	0.970864
125	18	0.893634
125	19	0.864384
125	34	0.880405
125	57	0.845035
125	78	0.887349
125	89	0.864044
125	95	0.848293
125	102	0.87973
125	103	0.872166
125	107	0.856143
125	108	0.853879
125	113	0.887364
125	124	0.860788
125	128	0.857149
125	132	0.84436
125	137	0.992052
125	138	0.847922
125	146	0.863522
125	147	0.859355
125	150	0.790286
125	151	0.872911
125	152	0.869546
125	154	0.863483
125	157	0.845566
125	159	0.878292
125	160	0.876452
125	164	3.99459
125	167	2.2207
125	177	2.09352
125	179	2.74408
126	3	1.94797
126	15	1.18507
126	28	1.62884
126	100	0.869164
126	122	0.907762
126	130	0.952593
126	138	1.33057
126	142	0.850671
126	144	0.896567
126	148	0.861965
126	149	0.886934
126	154	1.33403
126	156	0.88691
126	158	0.835714
126	161	0.825762
126	162	0.818075
126	163	0.837499
126	165	0.82668
126	166	0.813789
126	168	0.837909
126	169	0.765439
126	172	0.823542
126	173	0.817507
126	174	0.835339
126	175	0.797031
126	176	0.770565
126	177	0.824478
126	178	0.819699
126	179	0.80837
126	180	0.808763
127	32	3.21694
127	34	0.83261
127	72	2.26309
127	89	0.816249
127	96	3.51997
127	106	0.77951
127	107	0.808348
127	116	0.791029
127	128	0.809354
127	131	0.828204
127	132	0.796565
127	151	0.825116
127	152	0.821751
127	154	0.815688
127	155	0.83626
127	158	0.765831
127	159	0.830497
127	160	0.828657
127	161	0.755879
127	165	0.756797
127	169	0.695556
127	170	0.72182
127	171	0.720747
127	173	0.747624
127	175	0.727148
127	176	0.700682
127	177	0.754595
127	178	0.749816
127	179	0.738487
127	180	0.73888
128	30	3.18047
128	34	0.889183
128	56	0.868423
128	57	0.853814
128	75	0.834359
128	76	0.894175
128	86	0.883872
128	89	0.872823
128	95	0.857072
128	104	0.877542
128	107	0.864922
128	111	0.854988
128	116	0.847603
128	118	0.878175
128	125	0.857149
128	127	0.809354
128	129	1.74953
128	131	0.884778
128	132	0.853139
128	136	0.999579
128	146	0.8723
128	147	0.868134
128	151	0.88169
128	152	0.878325
128	154	0.872261
128	157	0.854345
128	159	0.887071
128	160	0.885231
128	162	2.72345
128	178	2.00254
128	180	2.63898
129	36	3.30958
129	39	2.47583
129	69	1.76507
129	100	0.833501
129	115	0.878203
129	123	0.826495
129	128	1.74953
129	137	0.884938
129	140	0.786085
129	141	0.880712
129	142	0.815008
129	148	0.826302
129	155	0.87048
129	156	0.851247
129	161	0.790099
129	162	0.782412
129	163	0.801835
129	165	0.791017
129	167	0.798855
129	168	0.802246
129	169	0.729776
129	171	0.754966
129	172	0.787879
129	173	0.781844
129	174	0.799676
129	175	0.761368
129	176	0.734902
129	177	0.788815
129	178	0.784036
129	179	0.772707
129	180	0.7731
130	26	2.53627
130	80	1.07682
130	107	1.09888
130	111	1.3866
130	115	0.973913
130	126	0.952593
130	137	0.980647
130	139	0.953303
130	142	0.910718
130	151	0.239357
130	154	0.240012
130	155	0.96619
130	156	0.946957
130	157	0.858686
130	158	0.895761
130	161	0.885808
130	165	0.886727
130	166	0.873836
130	167	0.894565
130	168	0.897956
130	169	0.825486
130	170	0.85175
130	171	0.850676
130	172	0.883588
130	173	0.877554
130	174	0.895386
130	175	0.857077
130	176	0.830612
130	177	0.884525
130	178	0.879746
130	179	0.868417
130	180	0.868809
131	18	0.921262
131	23	0.925877
131	33	0.902084
131	75	0.853209
131	83	0.90081
131	84	1.27005
131	95	0.875922
131	101	0.907177
131	102	0.907359
131	103	0.899794
131	104	0.896391
131	107	0.883771
131	108	0.881507
131	111	0.873837
131	118	0.897024
131	120	0.823826
131	127	0.828204
131	128	0.884778
131	132	0.871989
131	141	1.32997
131	146	0.89115
131	147	0.886983
131	148	1.9013
131	151	0.90054
131	152	0.897174
131	154	0.891111
131	157	0.873195
131	159	0.905921
131	160	0.904081
131	161	2.65053
131	165	2.72363
131	177	2.16722
131	178	2.21978
132	18	0.889624
132	23	0.894238
132	83	0.869171
132	86	0.871084
132	95	0.844283
132	99	2.11887
132	101	0.875538
132	104	0.864753
132	107	0.852133
132	111	0.842199
132	112	1.80843
132	113	0.883353
132	116	0.834814
132	118	0.865386
132	120	0.792187
132	124	0.856778
132	125	0.84436
132	127	0.796565
132	128	0.853139
132	131	0.871989
132	137	1.75272
132	138	0.843911
132	144	1.81423
132	146	0.859512
132	147	0.855345
132	149	2.2449
132	150	0.786276
132	151	0.868901
132	152	0.865536
132	153	0.838513
132	159	0.874282
132	160	0.872442
132	178	2.90674
133	32	1.26216
133	76	1.22521
133	78	1.40114
133	96	1.56519
133	102	0.920336
133	119	0.888994
133	123	0.921198
133	135	0.933505
133	148	0.921004
133	149	0.945974
133	150	0.871414
133	152	0.78891
133	153	0.923651
133	155	0.965183
133	157	1.35479
133	158	0.894754
133	161	0.884801
133	162	0.877115
133	163	0.896538
133	164	0.849992
133	165	0.88572
133	166	0.872829
133	168	0.896949
133	169	0.824479
133	170	0.850743
133	172	0.882581
133	174	0.894379
133	175	0.85607
133	176	0.829605
133	177	0.883518
133	178	0.878739
133	179	0.86741
133	180	0.867802
134	26	2.46587
134	31	1.63038
134	54	1.57468
134	61	0.824734
134	90	0.988253
134	96	0.998678
134	106	0.900615
134	118	0.972095
134	121	0.976352
134	135	0.925687
134	140	0.87297
134	142	0.901893
134	143	0.933365
134	144	0.947789
134	149	0.938156
134	157	0.788281
134	158	0.886936
134	162	0.869298
134	163	0.888721
134	165	0.877902
134	166	0.865011
134	167	0.88574
134	168	0.889131
134	169	0.816661
134	170	0.842925
134	171	0.841852
134	172	0.874764
134	173	0.868729
134	176	0.821787
134	177	0.8757
134	178	0.870921
134	179	0.859592
134	180	0.859985
135	30	0.787851
135	49	0.798616
135	50	1.7871
135	54	2.70678
135	58	1.48024
135	64	1.92363
135	121	0.907048
135	122	0.889681
135	133	0.933505
135	134	0.925687
135	142	0.83259
135	143	0.864061
135	145	0.865045
135	153	0.84653
135	155	0.888062
135	159	1.27729
135	161	0.80768
135	162	0.799994
135	163	0.819417
135	166	0.795708
135	167	0.816437
135	168	0.819827
135	170	0.773621
135	171	0.772548
135	172	0.80546
135	173	0.799426
135	174	0.817258
135	175	0.778949
