1	21	0.722731
1	76	0.797793
1	94	0.760218
1	100	0.752116
1	101	0.752086
1	102	0.748284
1	117	4.21539
1	140	3.15371
1	151	0.726421
1	166	0.709932
1	179	0.633064
2	12	0.687603
2	20	0.666319
2	29	0.66554
2	36	0.739574
2	42	0.742098
2	46	0.725818
2	49	0.813711
2	73	0.722379
2	108	0.724988
2	154	2.28492
2	161	0.65766
2	176	5.91772
3	11	0.711004
3	15	0.711103
3	33	0.742202
3	34	0.742192
3	35	0.672379
3	45	0.726844
3	56	0.726762
3	66	0.780803
3	118	1.85219
3	135	0.688766
3	148	5.20487
3	163	0.698721
4	8	0.631194
4	22	0.672758
4	23	0.713496
4	40	0.707983
4	53	0.726276
4	55	0.730884
4	58	0.728236
4	63	0.711509
4	72	0.759901
4	86	0.630587
4	147	2.92403
4	168	5.16252
5	26	0.201047
5	63	1.13967
5	74	0.426072
5	145	0.843767
5	161	0.81688
5	170	0.779717
5	172	0.788731
5	173	0.815158
5	175	0.785068
5	176	0.808928
5	177	0.783809
5	178	0.773449
6	12	0.687603
6	20	0.666319
6	29	0.66554
6	36	0.739574
6	42	0.742098
6	46	0.725818
6	49	0.813711
6	73	0.722379
6	84	3.43736
6	108	0.724988
6	136	3.4348
6	161	0.65766
7	71	3.16059
7	127	0.685431
7	144	0.666223
7	145	0.683258
7	146	0.704998
7	155	0.660227
7	164	0.671595
7	170	0.619208
7	171	0.608063
7	172	0.628223
7	173	0.654649
7	175	0.624559
8	4	0.631194
8	14	0.869741
8	23	1.11752
8	40	1.15993
8	53	0.685542
8	55	0.69015
8	58	0.687502
8	63	0.670775
8	72	0.719167
8	146	2.01275
8	171	8.26007
8	173	2.42487
9	105	1.78504
9	117	0.771846
9	123	0.876711
9	128	0.748545
9	159	0.738413
9	162	0.751476
9	167	0.707237
9	170	0.705781
9	171	0.694636
9	175	0.711132
9	178	0.699513
9	179	0.669532
10	25	0.860973
10	31	0.780606
10	41	0.843731
10	59	0.841588
10	61	0.826007
10	70	0.875596
10	107	1.81125
10	110	0.807308
10	160	4.48531
10	162	2.64685
10	174	0.782667
11	3	0.711004
11	15	0.711298
11	33	0.742397
11	34	0.742386
11	35	0.672573
11	45	0.727038
11	56	0.726956
11	66	0.780998
11	135	0.68896
11	146	2.97845
11	163	0.698915
11	165	5.07879
12	2	0.687603
12	6	0.687603
12	20	0.693588
12	29	0.692809
12	36	0.766843
12	42	0.769368
12	46	0.753087
12	49	0.680531
12	108	0.752257
12	145	2.12713
12	161	0.684929
12	172	5.85311
13	17	0.714797
13	25	0.752805
13	31	0.672439
13	41	0.735563
13	59	0.73342
13	61	0.717839
13	70	0.767428
13	79	0.751386
13	110	0.69914
13	117	3.44677
13	166	4.69534
13	174	0.674499
14	8	0.869741
14	22	0.681405
14	40	0.716631
14	53	0.734923
14	55	0.739532
14	57	0.730617
14	58	0.736883
14	63	0.720157
14	72	0.768549
14	86	0.639234
14	137	3.61987
14	157	3.64881
15	3	0.711103
15	11	0.711298
15	33	0.742496
15	34	0.742485
15	35	0.672672
15	45	0.727137
15	56	0.727055
15	66	0.781097
15	114	4.35022
15	135	0.68906
15	140	3.39134
15	163	0.699015
16	90	0.836577
16	92	0.836805
16	94	0.824108
16	100	0.816006
16	101	0.815976
16	102	0.812174
16	113	3.43974
16	141	3.11777
16	149	2.64449
16	151	0.79031
16	166	0.773822
16	179	0.696954
17	13	0.714797
17	31	0.691383
17	41	0.754507
17	59	0.752365
17	61	0.736784
17	67	0.701606
17	70	0.786372
17	77	0.674366
17	110	0.718084
17	134	2.95178
17	168	4.93921
17	174	0.693443
18	26	0.784209
18	28	0.625883
18	30	0.860381
18	32	0.729439
18	37	0.733136
18	51	0.714386
18	52	1.13618
18	64	0.890137
18	99	3.7436
18	124	4.08762
18	127	0.679087
18	152	0.617954
19	43	0.591005
19	48	0.711234
19	50	0.707359
19	62	0.670107
19	68	0.79553
19	69	0.673232
19	74	0.663045
19	98	0.658419
19	110	0.669893
19	125	0.664012
19	136	2.02101
19	150	5.78266
19	169	0.640037
20	2	0.666319
20	6	0.666319
20	12	0.693588
20	29	0.671525
20	36	0.745559
20	42	0.748083
20	46	0.731803
20	49	0.777421
20	93	0.678127
20	108	0.730973
20	161	0.663645
20	175	5.50539
20	176	3.46402
21	1	0.722731
21	76	0.762558
21	83	0.745469
21	90	0.737452
21	94	0.724983
21	100	0.716881
21	101	0.716851
21	102	0.713049
21	136	1.61145
21	151	0.691185
21	161	6.03492
21	166	0.674697
21	179	0.597829
22	4	0.672758
22	14	0.681405
22	23	0.714326
22	40	0.708813
22	48	0.729348
22	53	0.727105
22	55	0.731714
22	57	0.722799
22	58	0.729065
22	63	0.712339
22	72	0.760731
22	155	3.85104
22	159	4.77181
23	4	0.713496
23	8	1.11752
23	22	0.714326
23	40	0.749551
23	53	0.767844
23	55	0.772452
23	57	0.763538
23	58	0.769804
23	63	0.753077
23	65	1.7592
23	72	0.801469
23	156	5.33818
23	174	2.8552
24	44	1.83388
24	46	0.839056
24	62	0.716804
24	68	0.842227
24	69	0.719929
24	74	0.709742
24	122	0.680454
24	162	0.701401
24	165	0.684746
24	169	0.686734
24	172	0.664721
24	173	0.691147
24	177	0.659799
25	10	0.860973
25	13	0.752805
25	31	0.729391
25	41	0.792515
25	59	0.790372
25	61	0.774791
25	70	0.82438
25	79	0.808338
25	110	0.756092
25	134	2.62851
25	156	5.35502
25	166	3.40695
25	174	0.731451
26	5	0.201047
26	18	0.784209
26	28	0.765023
26	30	0.999521
26	32	0.86858
26	37	0.872276
26	51	0.853526
26	52	0.578514
26	64	1.02928
26	107	2.3011
26	127	0.818227
26	152	0.757094
26	162	5.43611
27	33	0.920296
27	34	0.920286
27	35	0.850473
27	45	0.904937
27	54	3.72686
27	56	0.904856
27	66	0.958897
27	84	1.43234
27	114	3.34349
27	135	0.86686
27	149	1.99921
27	163	0.876815
28	18	0.625883
28	26	0.765023
28	30	0.841194
28	32	0.710253
28	37	0.713949
28	51	0.695199
28	52	1.117
28	64	0.87095
28	104	0.710328
28	127	0.6599
28	147	2.71151
28	152	0.598767
28	159	5.81864
29	2	0.66554
29	6	0.66554
29	12	0.692809
29	20	0.671525
29	36	0.74478
29	42	0.747305
29	46	0.731024
29	49	0.776642
29	73	0.727585
29	93	0.677348
29	126	3.15151
29	161	0.662866
29	174	5.04261
30	18	0.860381
30	26	0.999521
30	28	0.841194
30	32	0.732123
30	37	0.735819
30	51	0.71707
30	52	0.995633
30	64	0.539957
30	104	0.732199
30	127	0.681771
30	144	2.43843
30	152	0.620638
30	175	5.36848
30	180	6.7011
31	10	0.780606
31	13	0.672439
31	17	0.691383
31	25	0.729391
31	41	0.712149
31	59	0.710006
31	61	0.694425
31	70	0.744014
31	77	0.632008
31	79	0.727972
31	106	3.94349
31	110	0.675726
31	157	4.3285
31	174	0.651084
32	18	0.729439
32	26	0.86858
32	28	0.710253
32	30	0.732123
32	37	0.817506
32	51	0.798756
32	52	0.523744
32	64	0.974507
32	104	0.813885
32	127	0.763457
32	130	2.10998
32	135	3.64727
32	152	0.702324
32	176	4.96887
33	3	0.742202
33	11	0.742397
33	15	0.742496
33	27	0.920296
33	34	0.773584
33	35	0.703771
33	45	0.758236
33	56	0.758154
33	66	0.812196
33	130	2.5123
33	135	0.720158
33	161	3.60496
33	162	3.9046
33	163	0.730113
34	3	0.742192
34	11	0.742386
34	15	0.742485
34	27	0.920286
34	33	0.773584
34	35	0.703761
34	45	0.758226
34	56	0.758144
34	66	0.812185
34	113	3.7064
34	135	0.720148
34	141	3.38443
34	149	2.91115
34	163	0.730103
35	3	0.672379
35	11	0.672573
35	15	0.672672
35	27	0.850473
35	33	0.703771
35	34	0.703761
35	45	0.688412
35	56	0.688331
35	57	0.702979
35	66	0.742372
35	135	0.650335
35	150	3.76796
35	152	4.80145
35	163	0.66029
36	2	0.739574
36	6	0.739574
36	12	0.766843
36	20	0.745559
36	29	0.74478
36	42	0.821339
36	46	0.805058
36	49	0.732502
36	93	0.751382
36	108	0.804228
36	120	2.20414
36	131	6.91957
36	137	1.40054
36	161	0.7369
37	18	0.733136
37	26	0.872276
37	28	0.713949
37	30	0.735819
37	32	0.817506
37	51	0.802453
37	52	0.52744
37	64	0.978203
37	67	0.745336
37	127	0.767154
37	142	1.33405
37	152	0.706021
37	157	2.57745
37	178	7.85892
38	60	0.370451
38	83	0.843286
38	90	0.83527
38	92	0.835498
38	94	0.822801
38	100	0.814699
38	101	0.814669
38	102	0.810867
38	151	0.789003
38	153	6.34856
38	166	0.772515
38	171	12.2895
38	177	9.49274
38	179	0.695646
39	44	0.808749
39	47	6
39	71	0.817718
39	80	0.80243
39	95	0.784265
39	109	0.782059
39	116	0.725291
39	119	0.793492
39	123	0.77868
39	129	0.735484
39	136	1.99572
39	141	2.57753
39	151	0.736877
39	180	0.665344
40	4	0.707983
40	8	1.15993
40	14	0.716631
40	22	0.708813
40	23	0.749551
40	53	0.762331
40	55	0.766939
40	58	0.764291
40	63	0.747565
40	72	0.795957
40	86	0.666642
40	144	2.42009
40	164	1.98187
40	180	6.68276
41	10	0.843731
41	13	0.735563
41	17	0.754507
41	25	0.792515
41	31	0.712149
41	59	0.773131
41	61	0.757549
41	70	0.807138
41	79	0.791096
41	110	0.73885
41	147	1.62743
41	169	3.21648
41	174	0.714209
41	175	5.87286
42	2	0.742098
42	6	0.742098
42	12	0.769368
42	20	0.748083
42	29	0.747305
42	36	0.821339
42	46	0.807582
42	49	0.735026
42	93	0.753906
42	108	0.806752
42	150	2.15634
42	161	0.739424
42	170	6.39548
42	173	2.18202
43	19	0.591005
43	50	0.746657
43	62	0.998597
43	68	0.454546
43	69	1.00172
43	74	0.991536
43	91	7.2
43	93	0.763569
43	98	0.986196
43	110	0.623538
43	125	0.992503
43	149	1.9436
43	158	5.22543
43	169	0.593682
44	24	1.83388
44	39	0.808749
44	80	0.832299
44	97	0.8212
44	105	0.55872
44	111	0.792575
44	116	0.755161
44	121	0.780878
44	123	0.80855
44	129	0.765354
44	136	1.18821
44	148	5.00074
44	151	0.766747
44	180	0.695214
45	3	0.726844
45	11	0.727038
45	15	0.727137
45	27	0.904937
45	33	0.758236
45	34	0.758226
45	35	0.688412
45	54	2.27314
45	56	0.742795
45	57	0.757444
45	66	0.796837
45	135	0.7048
45	157	1.81879
45	163	0.714755
45	177	6.76962
46	2	0.725818
46	6	0.725818
46	12	0.753087
46	20	0.731803
46	24	0.839056
46	29	0.731024
46	36	0.805058
46	42	0.807582
46	49	0.718746
46	73	0.787863
46	89	3.54626
46	93	0.737626
46	108	0.790472
46	161	0.723144
46	174	4.57878
47	39	6
47	91	0.631381
47	136	0.7436
47	154	0.682139
47	156	0.632803
47	157	0.686653
47	159	0.642255
47	160	0.642702
47	167	0.611079
47	168	0.649111
47	172	0.618637
47	173	0.645064
47	175	0.614974
47	178	0.603355
47	180	0.595198
48	19	0.711234
48	22	0.729348
48	53	0.782866
48	55	0.787474
48	58	0.784826
48	62	0.743981
48	63	0.768099
48	65	2.21426
48	69	0.747106
48	72	0.816491
48	74	0.736919
48	125	0.737886
48	137	3.60962
48	143	4.15264
48	169	0.713911
49	2	0.813711
49	6	0.813711
49	12	0.680531
49	20	0.777421
49	29	0.776642
49	36	0.732502
49	42	0.735026
49	46	0.718746
49	73	0.715306
49	93	0.783244
49	108	0.717916
49	157	2.84047
49	161	0.768762
49	170	5.85692
49	177	4.68186
50	19	0.707359
50	43	0.746657
50	62	0.740106
50	68	0.865528
50	69	0.743231
50	74	0.733044
50	79	0.792138
50	93	0.730654
50	98	0.728417
50	110	0.739892
50	125	0.734011
50	139	5.18389
50	143	1.8749
50	160	4.47356
50	169	0.710036
51	18	0.714386
51	26	0.853526
51	28	0.695199
51	30	0.71707
51	32	0.798756
51	37	0.802453
51	52	0.508691
51	64	0.959453
51	67	0.726587
51	104	0.798832
51	122	6.24913
51	126	2.79295
51	127	0.748404
51	152	0.687271
51	160	3.73192
52	18	1.13618
52	26	0.578514
52	28	1.117
52	30	0.995633
52	32	0.523744
52	37	0.52744
52	51	0.508691
52	64	0.684441
52	67	1.01551
52	104	0.52382
52	122	4.95087
52	127	0.473392
52	152	0.976191
52	165	2.88681
52	180	5.43579
53	4	0.726276
53	8	0.685542
53	14	0.734923
53	22	0.727105
53	23	0.767844
53	40	0.762331
53	48	0.782866
53	55	0.785232
53	57	0.776317
53	58	0.782583
53	63	0.765857
53	72	0.814249
53	112	2.73648
53	135	4.47737
53	138	3.60723
54	27	3.72686
54	45	2.27314
54	86	0.662723
54	137	0.734826
54	142	0.782631
54	154	0.730946
54	159	0.691062
54	161	0.695593
54	168	0.697918
54	170	0.658429
54	171	0.647285
54	173	0.69387
54	176	0.68764
54	177	0.662522
54	178	0.652162
55	4	0.730884
55	8	0.69015
55	14	0.739532
55	22	0.731714
55	23	0.772452
55	40	0.766939
55	48	0.787474
55	53	0.785232
55	58	0.787192
55	63	0.770466
55	72	0.818857
55	86	0.689543
55	114	2.30629
55	150	2.49899
55	172	5.92364
56	3	0.726762
56	11	0.726956
56	15	0.727055
56	27	0.904856
56	33	0.758154
56	34	0.758144
56	35	0.688331
56	45	0.742795
56	57	0.757362
56	66	0.796755
56	127	3.51705
56	135	0.704718
56	140	2.16118
56	163	0.714673
56	165	4.90086
57	14	0.730617
57	22	0.722799
57	23	0.763538
57	35	0.702979
57	45	0.757444
57	53	0.776317
57	56	0.757362
57	63	0.761551
57	66	0.811404
57	72	0.809943
57	128	4.53688
57	135	0.719367
57	161	3.00705
57	163	0.729322
57	166	3.5039
58	4	0.728236
58	8	0.687502
58	14	0.736883
58	22	0.729065
58	23	0.769804
58	40	0.764291
58	48	0.784826
58	53	0.782583
58	55	0.787192
58	63	0.767817
58	72	0.816209
58	78	3.72887
58	86	0.686895
58	161	3.07383
58	169	4.22505
59	10	0.841588
59	13	0.73342
59	17	0.752365
59	25	0.790372
59	31	0.710006
59	41	0.773131
59	61	0.755407
59	67	0.720229
59	70	0.804996
59	77	0.692989
59	110	0.736707
59	145	3.19834
59	147	2.3221
59	169	5.31272
59	174	0.712066
60	38	0.370451
60	76	0.836707
60	83	0.819618
60	90	0.811601
60	92	0.811829
60	94	0.799133
60	100	0.79103
60	101	0.791
60	102	0.787198
60	106	3.4631
60	142	2.67195
60	149	3.92071
60	151	0.765335
60	166	0.748847
60	179	0.671978
61	10	0.826007
61	13	0.717839
61	17	0.736784
61	25	0.774791
61	31	0.694425
61	41	0.757549
61	59	0.755407
61	67	0.704648
61	70	0.789415
61	75	2.85915
61	77	0.677408
61	79	0.773372
61	110	0.721126
61	173	4.01733
61	174	0.696485
61	176	4.79665
62	19	0.670107
62	24	0.716804
62	43	0.998597
62	48	0.743981
62	50	0.740106
62	68	0.828276
62	69	0.705978
62	74	0.695792
62	79	0.754886
62	93	0.693402
62	98	0.691165
62	99	2.35494
62	110	0.70264
62	148	3.41663
62	165	4.95384
62	169	0.672784
63	4	0.711509
63	5	1.13967
63	8	0.670775
63	14	0.720157
63	22	0.712339
63	23	0.753077
63	40	0.747565
63	48	0.768099
63	53	0.765857
63	55	0.770466
63	57	0.761551
63	58	0.767817
63	72	0.799483
63	86	0.670168
63	131	5.88043
63	165	3.58801
64	18	0.890137
64	26	1.02928
64	28	0.87095
64	30	0.539957
64	32	0.974507
64	37	0.978203
64	51	0.959453
64	52	0.684441
64	67	0.902337
64	112	2.39351
64	126	1.7606
64	127	0.924154
64	132	3.93652
64	152	0.863021
64	154	1.82321
64	164	4.1291
65	23	1.7592
65	48	2.21426
65	84	0.819289
65	113	0.775682
65	119	1.10936
65	147	0.791812
65	155	0.744179
65	160	0.736239
65	165	0.732199
65	167	0.704616
65	168	0.742648
65	170	0.703159
65	172	0.712174
65	176	0.73237
65	177	0.707252
65	178	0.696892
66	3	0.780803
66	11	0.780998
66	15	0.781097
66	27	0.958897
66	33	0.812196
66	34	0.812185
66	35	0.742372
66	45	0.796837
66	56	0.796755
66	57	0.811404
66	135	0.758759
66	138	3.59681
66	141	2.29679
66	154	2.15576
66	163	0.768715
66	164	4.46165
67	17	0.701606
67	37	0.745336
67	51	0.726587
67	52	1.01551
67	59	0.720229
67	61	0.704648
67	64	0.902337
67	70	0.754237
67	77	0.642231
67	104	0.741716
67	118	2.45642
67	127	0.691288
67	142	2.97246
67	152	0.630155
67	154	4.55347
67	174	0.661308
68	19	0.79553
68	24	0.842227
68	43	0.454546
68	50	0.865528
68	62	0.828276
68	69	0.831401
68	74	0.821215
68	79	0.880309
68	93	0.818825
68	110	0.828063
68	125	0.822182
68	127	2.35849
68	166	3.31287
68	168	3.21511
68	169	0.798207
68	176	4.58226
69	19	0.673232
69	24	0.719929
69	43	1.00172
69	48	0.747106
69	50	0.743231
69	62	0.705978
69	68	0.831401
69	74	0.698917
69	93	0.696527
69	98	0.69429
69	110	0.705765
69	125	0.699884
69	128	5.06967
69	145	2.57668
69	155	3.88681
69	169	0.675909
70	10	0.875596
70	13	0.767428
70	17	0.786372
70	25	0.82438
70	31	0.744014
70	41	0.807138
70	59	0.804996
70	61	0.789415
70	67	0.754237
70	77	0.726997
70	79	0.822961
70	103	1.87339
70	110	0.770715
70	144	4.92771
70	149	1.85135
70	152	4.42183
70	174	0.746074
71	7	3.16059
71	39	0.817718
71	85	0.841817
71	87	0.84405
71	88	0.740198
71	95	0.823105
71	96	0.828717
71	105	0.56769
71	118	1.64245
71	119	0.832332
71	120	1.78366
71	121	0.789848
71	123	0.817519
71	129	0.774324
71	151	0.775716
71	160	5.38011
71	180	0.704183
72	4	0.759901
72	8	0.719167
72	14	0.768549
72	22	0.760731
72	23	0.801469
72	40	0.795957
72	48	0.816491
72	53	0.814249
72	55	0.818857
72	57	0.809943
72	58	0.816209
72	63	0.799483
72	86	0.71856
72	130	3.04355
72	140	2.3228
72	144	5.01376
72	146	2.96214
73	2	0.722379
73	6	0.722379
73	29	0.727585
73	46	0.787863
73	49	0.715306
73	97	0.794103
73	105	0.531623
73	108	0.787033
73	116	0.728064
73	121	0.753781
73	123	0.781452
73	129	0.738257
73	143	2.93172
73	153	5.57019
73	154	2.82248
73	161	0.719705
73	180	0.668116
74	5	0.426072
74	19	0.663045
74	24	0.709742
74	43	0.991536
74	48	0.736919
74	50	0.733044
74	62	0.695792
74	68	0.821215
74	69	0.698917
74	79	0.747824
74	93	0.68634
74	98	0.684103
74	110	0.695578
74	125	0.689697
74	143	4.50849
74	163	4.54267
74	169	0.665722
75	61	2.85915
75	80	2.28462
75	113	0.726397
75	122	0.678622
75	128	0.696639
75	133	0.689163
75	144	0.700889
75	146	0.739664
75	152	0.658964
75	160	0.686953
75	165	0.682913
75	170	0.653874
75	171	0.642729
75	175	0.659225
75	176	0.683085
75	177	0.657966
75	178	0.647606
76	1	0.797793
76	21	0.762558
76	60	0.836707
76	83	0.820531
76	90	0.812514
76	92	0.812742
76	94	0.800046
76	100	0.791943
76	101	0.791913
76	102	0.788111
76	142	2.14247
76	146	1.99278
76	151	0.766248
76	166	0.74976
76	172	5.92967
76	173	4.15377
76	179	0.672891
77	17	0.674366
77	31	0.632008
77	59	0.692989
77	61	0.677408
77	67	0.642231
77	70	0.726997
77	90	4.36233
77	133	0.633114
77	165	0.626864
77	167	0.599281
77	173	0.633266
77	174	0.634068
77	175	0.603176
77	176	0.627036
77	177	0.601917
77	178	0.591557
78	58	3.72887
78	83	0.741466
78	92	0.733677
78	97	1.62515
78	100	0.712879
78	101	0.712849
78	144	0.67709
78	149	0.72626
78	151	0.687183
78	162	0.67577
78	165	0.659115
78	166	0.670695
78	167	0.631531
78	168	0.669563
78	176	0.659286
78	177	0.634167
78	179	0.593826
78	180	0.61565
79	13	0.751386
79	25	0.808338
79	31	0.727972
79	41	0.791096
79	50	0.792138
79	61	0.773372
79	62	0.754886
79	68	0.880309
79	70	0.822961
79	74	0.747824
79	89	3.65374
79	110	0.754673
79	125	0.748792
79	146	3.55027
79	154	2.85778
79	163	3.0012
79	169	0.724817
79	174	0.730032
80	39	0.80243
80	44	0.832299
80	75	2.28462
80	81	0.828362
80	85	0.826528
80	96	0.813428
80	105	0.552401
80	109	0.80561
80	111	0.786257
80	116	0.748842
80	119	0.817043
80	121	0.774559
80	129	0.759035
80	132	2.70263
80	150	1.79405
80	151	0.760428
80	172	5.2187
80	180	0.688895
81	80	0.828362
81	87	0.831142
81	95	0.810197
81	97	0.817263
81	98	0.75511
81	105	0.554783
81	109	0.807991
81	111	0.788638
81	116	0.751224
81	119	0.819425
81	121	0.776941
81	125	0.760704
81	129	0.761416
81	134	1.73392
81	142	1.34068
81	166	2.27204
81	178	8.16369
81	180	0.691276
82	86	0.619717
82	87	5.36029
82	131	0.631018
82	153	0.654105
82	158	0.629889
82	159	0.648056
82	162	0.661118
82	164	0.667811
82	165	0.644463
82	168	0.654912
82	170	0.615423
82	172	0.624438
82	173	0.650865
82	175	0.620774
82	176	0.644634
82	177	0.619516
82	178	0.609156
83	21	0.745469
83	38	0.843286
83	60	0.819618
83	76	0.820531
83	78	0.741466
83	90	0.795425
83	92	0.795652
83	94	0.782956
83	100	0.774854
83	101	0.774824
83	102	0.771022
83	124	2.06074
83	151	0.749158
83	158	6.39417
83	165	2.99169
83	166	0.73267
83	168	2.4645
83	179	0.655801
84	6	3.43736
84	27	1.43234
84	65	0.819289
84	98	0.114359
84	122	0.721537
84	154	0.769306
84	157	0.773819
84	159	0.729421
84	164	0.749176
84	165	0.725828
84	170	0.696789
84	171	0.685644
84	172	0.705803
84	175	0.70214
84	176	0.726
84	177	0.700881
84	178	0.690521
85	71	0.841817
85	80	0.826528
85	88	0.725457
85	95	0.808364
85	105	0.552949
85	108	0.808359
85	109	0.806157
85	111	0.786804
85	116	0.74939
85	117	2.73784
85	119	0.817591
85	123	0.802778
85	129	0.759583
85	141	1.76403
85	143	1.73224
85	151	0.760976
85	175	7.29716
85	180	0.689443
86	4	0.630587
86	14	0.639234
86	40	0.666642
86	54	0.662723
86	55	0.689543
86	58	0.686895
86	63	0.670168
86	72	0.71856
86	82	0.619717
86	129	5.57151
86	145	0.649003
86	160	0.618032
86	164	0.63734
86	167	0.586409
86	170	0.584952
86	177	0.589045
86	178	0.578685
86	180	0.570528
87	71	0.84405
87	81	0.831142
87	82	5.36029
87	88	0.727689
87	97	0.817662
87	99	1.50147
87	105	0.555182
87	106	1.39341
87	109	0.80839
87	111	0.789037
87	116	0.751623
87	119	0.819824
87	121	0.77734
87	123	0.805011
87	129	0.761816
87	132	3.36559
87	151	0.763208
87	180	0.691675
88	71	0.740198
88	85	0.725457
88	87	0.727689
88	96	0.712357
88	97	0.71381
88	104	0.718899
88	105	1.10245
88	109	0.704538
88	111	0.685185
88	116	0.647771
88	119	0.715972
88	121	0.673488
88	123	0.701159
88	129	0.657963
88	148	2.37776
88	156	5.43361
88	159	4.25643
88	180	0.587823
89	46	3.54626
89	79	3.65374
89	99	0.74333
89	131	0.664697
89	156	0.672282
89	161	0.686266
89	162	0.694797
89	163	0.702089
89	164	0.70149
89	169	0.68013
89	170	0.649102
89	171	0.637958
89	172	0.658117
89	173	0.684544
89	175	0.654453
89	176	0.678313
89	177	0.653195
89	178	0.642835
90	16	0.836577
90	21	0.737452
90	38	0.83527
90	60	0.811601
90	76	0.812514
90	77	4.36233
90	83	0.795425
90	92	0.787636
90	94	0.774939
90	100	0.766837
90	101	0.766807
90	102	0.763005
90	139	2.03191
90	151	0.741142
90	159	2.23373
90	166	0.724654
90	179	0.647785
90	180	4.32371
91	43	7.2
91	47	0.631381
91	130	0.680785
91	136	0.736395
91	143	0.677094
91	155	0.643437
91	156	0.625597
91	163	0.655404
91	164	0.654805
91	167	0.603874
91	168	0.641906
91	170	0.602417
91	171	0.591273
91	172	0.611432
91	175	0.607768
91	176	0.631628
91	177	0.60651
91	178	0.59615
92	16	0.836805
92	38	0.835498
92	60	0.811829
92	76	0.812742
92	78	0.733677
92	83	0.795652
92	90	0.787636
92	94	0.775167
92	100	0.767065
92	101	0.767035
92	102	0.763233
92	103	2.66088
92	136	1.41283
92	145	4.87314
92	147	3.9969
92	151	0.741369
92	166	0.724881
92	179	0.648012
93	20	0.678127
93	29	0.677348
93	36	0.751382
93	42	0.753906
93	43	0.763569
93	46	0.737626
93	49	0.783244
93	50	0.730654
93	62	0.693402
93	68	0.818825
93	69	0.696527
93	74	0.68634
93	118	2.69031
93	125	0.687307
93	133	3.29247
93	161	0.669468
93	167	7.68333
93	169	0.663332
94	1	0.760218
94	16	0.824108
94	21	0.724983
94	38	0.822801
94	60	0.799133
94	76	0.800046
94	83	0.782956
94	90	0.774939
94	92	0.775167
94	100	0.754368
94	101	0.754338
94	102	0.750536
94	103	2.04081
94	136	1.93597
94	139	6.7842
94	151	0.728673
94	164	4.37512
94	166	0.712185
94	179	0.635316
95	39	0.784265
95	71	0.823105
95	81	0.810197
95	85	0.808364
95	96	0.795264
95	109	0.787445
95	111	0.768092
95	116	0.730678
95	119	0.798879
95	121	0.756395
95	123	0.784066
95	125	0.740158
95	129	0.74087
95	138	3.70279
95	149	1.92949
95	163	2.40517
95	173	5.11523
95	180	0.67073
96	71	0.828717
96	80	0.813428
96	88	0.712357
96	95	0.795264
96	97	0.802329
96	105	0.539849
96	108	0.795259
96	109	0.793057
96	111	0.773704
96	119	0.804491
96	120	2.84624
96	121	0.762007
96	123	0.789678
96	129	0.746483
96	130	4.33417
96	142	1.97925
96	151	0.747875
96	163	3.70369
96	180	0.676343
97	44	0.8212
97	73	0.794103
97	78	1.62515
97	81	0.817263
97	87	0.817662
97	88	0.71381
97	96	0.802329
97	105	0.541302
97	111	0.775157
97	112	2.77196
97	116	0.737743
97	119	0.805944
97	121	0.76346
97	123	0.791131
97	125	0.747223
97	129	0.747936
97	176	2.73636
97	178	7.35863
97	180	0.677796
98	19	0.658419
98	43	0.986196
98	50	0.728417
98	62	0.691165
98	69	0.69429
98	74	0.684103
98	81	0.75511
98	84	0.114359
98	111	0.713005
98	121	0.701308
98	123	0.728979
98	125	0.685071
98	129	0.685783
98	151	0.687176
98	156	3.47319
98	162	2.74763
98	169	0.661096
98	171	7.85039
98	180	1.33215
99	18	3.7436
99	62	2.35494
99	87	1.50147
99	89	0.74333
99	120	0.790861
99	136	0.808864
99	139	0.70995
99	140	0.75769
99	156	0.698066
99	158	0.689352
99	159	0.707519
99	165	0.703926
99	167	0.676343
99	168	0.714375
99	171	0.663742
99	172	0.683901
99	175	0.680237
99	176	0.704097
99	178	0.668619
100	1	0.752116
100	16	0.816006
100	21	0.716881
100	38	0.814699
100	60	0.79103
100	76	0.791943
100	78	0.712879
100	83	0.774854
100	90	0.766837
100	92	0.767065
100	94	0.754368
100	101	0.746236
100	102	0.742434
100	127	3.33034
100	145	2.82471
100	151	0.720571
100	162	4.08751
100	166	0.704082
100	168	4.18696
100	179	0.627214
101	1	0.752086
101	16	0.815976
101	21	0.716851
101	38	0.814669
101	60	0.791
101	76	0.791913
101	78	0.712849
101	83	0.774824
101	90	0.766807
101	92	0.767035
101	94	0.754338
101	100	0.746236
101	102	0.742404
101	124	1.9752
101	133	5.33142
101	151	0.72054
101	155	3.65077
101	164	3.74313
101	166	0.704052
101	179	0.627184
102	1	0.748284
102	16	0.812174
102	21	0.713049
102	38	0.810867
102	60	0.787198
102	76	0.788111
102	83	0.771022
102	90	0.763005
102	92	0.763233
102	94	0.750536
102	100	0.742434
102	101	0.742404
102	138	2.29317
102	151	1.39953
102	161	2.67924
102	163	2.4158
102	164	1.75575
102	166	0.70025
102	177	5.34175
102	179	1.30617
102	180	6.45664
103	70	1.87339
103	92	2.66088
103	94	2.04081
103	110	0.0762356
103	136	0.837756
103	147	0.792431
103	149	0.799964
103	152	0.708869
103	154	0.776296
103	156	0.726959
103	157	0.780809
103	159	0.736411
103	165	0.732818
103	169	0.734807
103	170	0.703779
103	171	0.692634
103	173	0.73922
103	175	0.70913
103	176	0.73299
103	177	0.707871
103	178	0.697511
104	28	0.710328
104	30	0.732199
104	32	0.813885
104	51	0.798832
104	52	0.52382
104	67	0.741716
104	88	0.718899
104	109	0.7996
104	116	0.742833
104	119	0.811034
104	121	0.76855
104	123	0.796221
104	127	0.763533
104	129	0.753025
104	142	2.35914
104	151	0.754418
104	152	0.7024
104	166	3.6089
104	172	5.87487
104	173	4.09897
104	180	0.682885
105	9	1.78504
105	44	0.55872
105	71	0.56769
105	73	0.531623
105	80	0.552401
105	81	0.554783
105	85	0.552949
105	87	0.555182
105	88	1.10245
105	96	0.539849
105	97	0.541302
105	109	0.53203
105	116	1.12638
105	119	0.543464
105	121	1.0847
105	123	0.528651
105	129	1.13096
105	151	1.13797
105	173	3.36628
105	176	1.93763
105	179	12.0902
105	180	1.06082
106	31	3.94349
106	60	3.4631
106	87	1.39341
106	107	0.763572
106	117	0.721699
106	128	0.698398
106	131	0.671227
106	141	0.749761
106	150	0.722769
106	154	0.72815
106	157	0.732663
106	162	0.701328
106	164	0.70802
106	170	0.655633
106	171	0.644488
106	172	0.664647
106	173	0.691074
106	174	0.691876
106	175	0.660984
106	176	0.684844
106	177	0.659725
106	178	0.649365
107	10	1.81125
107	26	2.3011
107	106	0.763572
107	123	1.21923
107	137	0.764995
107	140	0.771401
107	141	0.782726
107	150	0.755734
107	151	0.586894
107	154	0.761115
107	155	0.729617
107	156	0.711778
107	157	0.765628
107	167	0.690054
107	168	0.728086
107	170	0.688598
107	171	0.677453
107	172	0.697612
107	173	0.724039
107	175	0.693949
107	176	0.717809
107	177	0.69269
107	178	0.68233
108	2	0.724988
108	6	0.724988
108	12	0.752257
108	20	0.730973
108	36	0.804228
108	42	0.806752
108	46	0.790472
108	49	0.717916
108	73	0.787033
108	85	0.808359
108	96	0.795259
108	109	0.78744
108	111	0.768087
108	116	0.730673
108	121	0.75639
108	123	0.784061
108	126	2.63977
108	129	0.740866
108	154	2.70238
108	155	4.91591
108	157	2.29754
108	161	0.722314
108	174	4.53087
108	180	0.670726
109	39	0.782059
109	80	0.80561
109	81	0.807991
109	85	0.806157
109	87	0.80839
109	88	0.704538
109	95	0.787445
109	96	0.793057
109	104	0.7996
109	105	0.53203
109	108	0.78744
109	111	0.765886
109	116	0.728471
109	119	0.796672
109	121	0.754188
109	123	0.78186
109	125	0.737952
109	129	0.738664
109	135	2.27489
109	137	2.46526
109	153	2.7114
109	176	3.59649
109	178	8.21876
109	180	0.668524
110	10	0.807308
110	13	0.69914
110	17	0.718084
110	19	0.669893
110	25	0.756092
110	31	0.675726
110	41	0.73885
110	43	0.623538
110	50	0.739892
110	59	0.736707
110	61	0.721126
110	62	0.70264
110	68	0.828063
110	69	0.705765
110	70	0.770715
110	74	0.695578
110	79	0.754673
110	103	0.0762356
110	125	0.696546
110	127	2.79412
110	158	7.58041
110	159	4.51939
110	169	0.672571
110	174	0.677786
111	44	0.792575
111	80	0.786257
111	81	0.788638
111	85	0.786804
111	87	0.789037
111	88	0.685185
111	95	0.768092
111	96	0.773704
111	97	0.775157
111	98	0.713005
111	108	0.768087
111	109	0.765886
111	116	0.709118
111	119	0.777319
111	121	0.734835
111	123	0.762507
111	125	0.718599
111	129	0.719311
111	132	2.79525
111	133	4.57611
111	151	0.720704
111	155	2.89547
111	157	1.73525
111	175	6.3561
111	180	0.649171
112	53	2.73648
112	64	2.39351
112	97	2.77196
112	121	1.25699
112	124	0.763694
112	131	0.699931
112	133	0.719626
112	134	0.783061
112	145	0.748387
112	146	0.770127
112	149	0.780522
112	153	0.723019
112	156	0.707517
112	160	0.717416
112	164	0.736724
112	168	0.723825
112	171	0.673192
112	172	0.693352
112	173	0.719778
112	175	0.689688
112	176	0.713548
112	177	0.688429
112	178	0.678069
112	180	0.669912
113	16	3.43974
113	34	3.7064
113	65	0.775682
113	75	0.726397
113	122	0.67793
113	133	0.688471
113	138	0.718536
113	139	0.688245
113	149	0.749367
113	151	0.787446
113	153	0.691863
113	155	0.694201
113	157	0.730212
113	158	0.667648
113	165	0.682221
113	170	0.653182
113	171	0.642037
113	172	0.662196
113	173	0.688623
113	175	0.658533
113	176	0.682393
113	177	0.657274
113	178	0.646914
113	179	0.616933
114	15	4.35022
114	27	3.34349
114	55	2.30629
114	127	0.714258
114	133	0.683324
114	137	0.724432
114	140	0.730838
114	142	0.772237
114	145	0.712085
114	154	0.720552
114	155	0.689054
114	156	0.671215
114	157	0.725065
114	161	0.685199
114	165	0.677075
114	167	0.649491
114	168	0.687523
114	171	0.63689
114	172	0.65705
114	175	0.653386
114	176	0.677246
114	177	0.652127
114	178	0.641767
114	179	0.611786
114	180	0.63361
115	121	1.04438
115	125	5.52875
115	137	0.688091
115	140	0.694498
115	141	0.705823
115	143	0.686371
115	145	0.675745
115	148	0.6525
115	150	0.678831
115	155	0.652714
115	156	0.634875
115	157	0.688725
115	158	0.626161
115	159	0.644327
115	160	0.644774
115	164	0.664082
115	166	0.652315
115	167	0.613151
115	168	0.651183
115	171	0.60055
115	172	0.620709
115	173	0.647136
115	175	0.617046
115	176	0.640905
115	177	0.615787
115	178	0.605427
116	39	0.725291
116	44	0.755161
116	73	0.728064
116	80	0.748842
116	81	0.751224
116	85	0.74939
116	87	0.751623
116	88	0.647771
116	95	0.730678
116	97	0.737743
116	104	0.742833
116	105	1.12638
116	108	0.730673
116	109	0.728471
116	111	0.709118
116	119	0.739905
116	121	0.697421
116	123	0.725092
116	125	0.681184
116	129	0.681897
116	151	0.68329
116	153	2.16985
116	157	1.55319
116	167	7.70718
116	169	2.43993
116	177	5.31403
116	180	0.611757
117	1	4.21539
117	9	0.771846
117	13	3.44677
117	85	2.73784
117	106	0.721699
117	131	0.662319
117	133	0.682014
117	140	0.729528
117	147	0.735377
117	153	0.685406
117	156	0.669905
117	158	0.661191
117	159	0.679357
117	162	0.69242
117	164	0.699112
117	166	0.687345
117	167	0.648181
117	170	0.646725
117	171	0.63558
117	172	0.655739
117	174	0.682968
117	175	0.652076
117	176	0.675936
117	177	0.650817
117	178	0.640457
117	180	0.6323
118	3	1.85219
118	67	2.45642
118	71	1.64245
118	93	2.69031
118	119	0.841445
118	122	0.709842
118	126	0.791373
118	132	0.751096
118	141	0.779223
118	142	0.809296
118	143	0.759771
118	144	0.732109
118	147	0.773747
118	150	0.75223
118	153	0.723776
118	154	0.757611
118	155	0.726114
118	157	0.762125
118	164	0.737482
118	165	0.714134
118	168	0.724583
118	171	0.67395
118	172	0.694109
118	173	0.720535
118	174	0.721337
118	176	0.714305
118	178	0.678827
119	39	0.793492
119	65	1.10936
119	71	0.832332
119	80	0.817043
119	81	0.819425
119	85	0.817591
119	87	0.819824
119	88	0.715972
119	95	0.798879
119	96	0.804491
119	97	0.805944
119	104	0.811034
119	105	0.543464
119	109	0.796672
119	111	0.777319
119	116	0.739905
119	118	0.841445
119	121	0.765622
119	123	0.793293
119	124	3.47645
119	125	0.749385
119	129	0.750098
119	134	3.21672
119	137	2.50471
119	151	0.75149
119	152	5.17672
119	180	0.679957
120	36	2.20414
120	71	1.78366
120	96	2.84624
120	99	0.790861
120	123	1.47402
120	136	0.830611
120	146	0.782424
120	147	0.785286
120	150	0.76377
120	151	0.927405
120	155	0.737653
120	158	0.7111
120	160	0.729713
120	164	0.749021
120	165	0.725673
120	166	0.737254
120	167	0.69809
120	168	0.736122
120	169	0.727662
120	170	0.696634
120	171	0.685489
120	172	0.705648
120	173	0.732075
120	175	0.701985
120	176	0.725845
120	177	0.700726
120	178	0.690366
120	179	0.660385
121	44	0.780878
121	71	0.789848
121	73	0.753781
121	80	0.774559
121	81	0.776941
121	87	0.77734
121	88	0.673488
121	95	0.756395
121	96	0.762007
121	97	0.76346
121	98	0.701308
121	104	0.76855
121	105	1.0847
121	108	0.75639
121	109	0.754188
121	111	0.734835
121	112	1.25699
121	115	1.04438
121	116	0.697421
121	119	0.765622
121	123	0.750809
121	125	0.706901
121	128	2.39346
121	129	0.707614
121	140	2.97096
121	151	0.709007
121	164	3.15338
121	179	13.1098
121	180	0.637474
122	24	0.680454
122	51	6.24913
122	52	4.95087
122	75	0.678622
122	84	0.721537
122	113	0.67793
122	118	0.709842
122	126	0.711686
122	140	0.68821
122	144	0.652422
122	145	0.669457
122	148	0.646213
122	153	0.644089
122	155	0.646426
122	156	0.628587
122	157	0.682437
122	159	0.638039
122	160	0.638486
122	163	0.658394
122	170	0.605407
122	171	0.594262
122	172	0.614422
122	175	0.610758
122	176	0.634618
122	177	0.609499
122	178	0.599139
122	179	0.569158
122	180	0.590982
123	9	0.876711
123	39	0.77868
123	44	0.80855
123	71	0.817519
123	73	0.781452
123	85	0.802778
123	87	0.805011
123	88	0.701159
123	95	0.784066
123	96	0.789678
123	97	0.791131
123	98	0.728979
123	104	0.796221
123	105	0.528651
123	107	1.21923
123	108	0.784061
123	109	0.78186
123	111	0.762507
123	116	0.725092
123	119	0.793293
123	120	1.47402
123	121	0.750809
123	125	0.734573
123	129	0.735285
123	151	0.736678
123	163	2.33147
123	169	5.20583
123	173	5.04153
123	180	0.665145
124	18	4.08762
124	83	2.06074
124	101	1.9752
124	112	0.763694
124	119	3.47645
124	135	0.703047
124	137	0.736412
124	139	0.695078
124	141	0.754144
124	143	0.734692
124	145	0.724066
124	146	0.745805
124	148	0.700821
124	155	0.701035
124	159	0.692648
124	160	0.693095
124	163	0.713002
124	165	0.689055
124	166	0.700635
124	169	0.691043
124	170	0.660015
124	171	0.648871
124	172	0.66903
124	173	0.695456
124	175	0.665366
124	176	0.689226
124	177	0.664108
124	178	0.653748
124	179	0.623767
125	19	0.664012
125	43	0.992503
125	48	0.737886
125	50	0.734011
125	68	0.822182
125	69	0.699884
125	74	0.689697
125	79	0.748792
125	81	0.760704
125	93	0.687307
125	95	0.740158
125	97	0.747223
125	98	0.685071
125	109	0.737952
125	110	0.696546
125	111	0.718599
125	115	5.52875
125	116	0.681184
125	119	0.749385
125	121	0.706901
125	123	0.734573
125	129	0.691377
125	146	2.10361
125	151	0.69277
125	162	3.57731
125	168	3.67677
125	169	0.66669
125	174	3.2396
125	180	0.621237
126	29	3.15151
126	51	2.79295
126	64	1.7606
126	108	2.63977
126	118	0.791373
126	122	0.711686
126	129	0.0266715
126	130	0.765305
126	137	0.763334
126	146	0.772728
126	148	0.727743
126	152	0.692028
126	154	0.759455
126	155	0.727957
126	157	0.763968
126	160	0.720017
126	164	0.739325
126	165	0.715977
126	167	0.688394
126	168	0.726426
126	170	0.686938
126	171	0.675793
126	172	0.695952
126	173	0.722379
126	174	0.723181
126	175	0.692289
126	176	0.716149
126	177	0.69103
126	178	0.68067
126	179	0.650689
127	7	0.685431
127	18	0.679087
127	26	0.818227
127	28	0.6599
127	30	0.681771
127	32	0.763457
127	37	0.767154
127	51	0.748404
127	52	0.473392
127	56	3.51705
127	64	0.924154
127	67	0.691288
127	68	2.35849
127	100	3.33034
127	104	0.763533
127	110	2.79412
127	114	0.714258
127	152	0.651972
127	154	0.719399
127	159	0.679514
127	166	0.687502
127	168	0.68637
127	171	0.635737
127	172	0.655897
127	173	0.682323
127	175	0.652233
127	176	0.676093
127	177	0.650974
127	178	0.640614
127	179	0.610633
128	9	0.748545
128	57	4.53688
128	69	5.06967
128	75	0.696639
128	106	0.698398
128	121	2.39346
128	133	0.658713
128	137	0.69982
128	138	0.688778
128	140	0.706227
128	143	0.6981
128	144	0.670439
128	146	0.709213
128	147	0.712076
128	148	0.664229
128	154	0.69594
128	158	0.63789
128	160	0.656503
128	163	0.67641
128	167	0.62488
128	168	0.662912
128	169	0.654451
128	170	0.623424
128	172	0.632438
128	173	0.658865
128	175	0.628775
128	176	0.652635
128	177	0.627516
128	178	0.617156
128	180	0.608999
129	39	0.735484
129	44	0.765354
129	71	0.774324
129	73	0.738257
129	80	0.759035
129	81	0.761416
129	85	0.759583
129	86	5.57151
129	87	0.761816
129	88	0.657963
129	95	0.74087
129	96	0.746483
129	97	0.747936
129	98	0.685783
129	104	0.753025
129	105	1.13096
129	108	0.740866
129	109	0.738664
129	111	0.719311
129	116	0.681897
129	119	0.750098
129	121	0.707614
129	123	0.735285
129	125	0.691377
129	126	0.0266715
129	135	2.40047
129	141	1.65945
129	151	0.693482
129	168	2.35493
129	170	7.15622
129	180	0.621949
130	32	2.10998
130	33	2.5123
130	72	3.04355
130	91	0.680785
130	96	4.33417
130	126	0.765305
130	132	0.725028
130	135	0.702058
130	138	0.72438
130	149	0.755211
130	150	0.726162
130	153	0.697708
130	155	0.700046
130	157	0.736057
130	158	0.673492
130	159	0.691659
130	160	0.692106
130	164	0.711414
130	165	0.688066
130	167	0.660483
130	168	0.698514
130	169	0.690054
130	170	0.659026
130	173	0.694467
130	175	0.664377
130	176	0.688237
130	177	0.663119
130	178	0.652759
130	179	0.622777
130	180	0.644601
131	36	6.91957
131	63	5.88043
131	82	0.631018
131	89	0.664697
131	106	0.671227
131	112	0.699931
131	117	0.662319
131	133	0.631542
131	134	0.694977
131	140	0.679056
131	142	0.720455
131	143	0.67093
131	144	0.643268
131	147	0.684906
131	149	0.692438
131	155	0.637273
131	158	0.610719
131	161	0.633417
131	164	0.648641
131	165	0.625293
131	166	0.636873
131	167	0.597709
131	168	0.635741
131	172	0.605268
131	173	0.631694
131	174	0.632496
131	175	0.601604
131	176	0.625464
131	177	0.600345
131	178	0.589986
131	179	0.560004
131	180	0.581828
132	64	3.93652
132	80	2.70263
132	87	3.36559
132	111	2.79525
132	118	0.751096
132	130	0.725028
132	138	0.712015
132	141	0.740789
132	148	0.687466
132	149	0.742846
132	150	0.713797
132	154	0.719178
132	155	0.68768
132	157	0.723691
132	158	0.661127
132	160	0.67974
132	162	0.692356
132	163	0.699647
132	164	0.699048
132	165	0.6757
132	167	0.648117
132	168	0.686149
132	170	0.646661
132	171	0.635516
132	172	0.655675
132	173	0.682102
132	174	0.682904
132	175	0.652012
132	176	0.675872
132	177	0.650753
132	178	0.640393
132	180	0.632236
133	75	0.689163
133	77	0.633114
133	93	3.29247
133	101	5.33142
133	111	4.57611
133	112	0.719626
133	113	0.688471
133	114	0.683324
133	117	0.682014
133	128	0.658713
133	131	0.631542
133	143	0.690625
133	145	0.679998
133	146	0.701738
133	148	0.656754
133	149	0.712133
133	150	0.683084
133	153	0.654629
133	154	0.688465
133	155	0.656967
133	157	0.692978
133	159	0.64858
133	160	0.649027
133	162	0.661643
133	165	0.644987
133	170	0.615948
133	171	0.604803
133	172	0.624962
133	173	0.651389
133	175	0.621299
133	176	0.645159
133	177	0.62004
133	178	0.60968
134	17	2.95178
134	25	2.62851
134	81	1.73392
134	112	0.783061
134	119	3.21672
134	131	0.694977
134	138	0.744737
134	142	0.803585
134	144	0.726398
134	146	0.765173
134	148	0.720189
134	151	0.602668
134	154	0.7519
134	156	0.702563
134	159	0.712015
134	160	0.712462
134	161	0.716546
134	164	0.73177
134	165	0.708422
134	167	0.680839
134	168	0.718871
134	170	0.679383
134	171	0.668238
134	172	0.688397
134	173	0.714824
134	174	0.715626
134	175	0.684734
134	176	0.708594
134	177	0.683475
134	178	0.673115
134	179	0.643134
134	180	0.664958
135	3	0.688766
135	11	0.68896
135	15	0.68906
135	27	0.86686
135	32	3.64727
135	33	0.720158
135	34	0.720148
135	35	0.650335
135	45	0.7048
135	53	4.47737
135	56	0.704718
135	57	0.719367
135	66	0.758759
135	109	2.27489
135	124	0.703047
135	129	2.40047
135	130	0.702058
135	137	0.700087
135	141	0.717819
135	148	0.664496
135	149	0.719875
135	153	0.662372
135	155	0.66471
135	163	0.676677
135	164	0.676078
135	165	0.65273
135	168	0.663179
135	171	0.612546
135	173	0.659131
135	178	0.617423
135	179	0.587442
135	180	0.609266
136	6	3.4348
136	19	2.02101
136	21	1.61145
136	39	1.99572
136	44	1.18821
136	47	0.7436
136	91	0.736395
136	92	1.41283
136	94	1.93597
136	99	0.808864
136	103	0.837756
136	120	0.830611
136	137	0.791033
136	139	0.749699
136	140	0.797439
136	141	0.808765
136	144	0.761651
136	148	0.755442
136	155	0.755656
136	156	0.737816
136	157	0.791666
136	162	0.760331
136	164	0.767024
136	165	0.743676
136	167	0.716092
136	168	0.754124
136	169	0.745664
136	170	0.714636
136	171	0.703491
136	173	0.750077
136	175	0.719987
136	177	0.718729
136	178	0.708369
136	180	0.700211
137	14	3.61987
137	36	1.40054
137	48	3.60962
137	54	0.734826
137	107	0.764995
137	109	2.46526
137	114	0.724432
137	115	0.688091
137	119	2.50471
137	124	0.736412
137	126	0.763334
137	128	0.69982
137	135	0.700087
137	136	0.791033
137	142	0.781257
137	146	0.742845
137	149	0.753241
137	153	0.695737
137	156	0.680236
137	157	0.734086
137	159	0.689688
137	165	0.686095
137	166	0.697675
137	168	0.696544
137	170	0.657056
137	171	0.645911
137	172	0.66607
137	173	0.692497
137	174	0.693298
137	175	0.662407
137	176	0.686266
137	177	0.661148
137	178	0.650788
137	179	0.620807
138	53	3.60723
138	66	3.59681
138	95	3.70279
138	102	2.29317
138	113	0.718536
138	128	0.688778
138	130	0.72438
138	132	0.712015
138	134	0.744737
138	143	0.72069
138	144	0.693028
138	147	0.734666
138	148	0.686819
138	150	0.713149
138	154	0.71853
138	155	0.687033
138	158	0.660479
138	159	0.678646
138	160	0.679092
138	162	0.691708
138	164	0.698401
138	165	0.675053
138	167	0.647469
138	170	0.646013
138	171	0.634868
138	172	0.655028
138	173	0.681454
138	174	0.682256
138	175	0.651364
138	176	0.675224
138	177	0.650106
138	178	0.639746
138	179	0.609764
139	50	5.18389
139	90	2.03191
139	94	6.7842
139	99	0.70995
139	113	0.688245
139	124	0.695078
139	136	0.749699
139	144	0.662737
139	145	0.679772
139	146	0.701512
139	147	0.704374
139	148	0.656528
