1	78	1.14261
1	80	1.20356
1	120	1.23476
1	123	1.20506
1	129	1.21254
1	130	1.20733
1	134	1.19795
1	161	0.828271
1	167	0.749815
1	174	0.728586
1	176	0.74489
1	177	0.730664
2	68	1.14976
2	72	1.21966
2	85	1.17053
2	87	1.12974
2	100	1.1493
2	137	0.728007
2	138	0.74454
2	154	0.778413
2	160	0.797962
2	168	1.28404
2	169	1.29581
2	172	0.734995
3	77	0.807281
3	90	1.26784
3	107	1.2477
3	136	1.19492
3	137	0.745228
3	139	0.721808
3	142	0.757322
3	150	1.17475
3	153	1.17327
3	155	1.21045
3	160	1.13201
3	174	0.754746
4	63	1.07687
4	123	1.03329
4	124	1.05105
4	126	0.939719
4	129	1.04077
4	130	1.03556
4	134	1.02618
4	139	0.9158
4	141	1.06838
4	144	1.06964
4	173	0.942369
4	174	0.948737
5	8	1.22671
5	14	1.22613
5	36	1.27535
5	38	1.10419
5	75	1.12739
5	83	1.19116
5	89	1.25494
5	133	0.744511
5	137	0.756178
5	151	0.736893
5	172	0.763166
5	176	0.782
6	34	0.996611
6	66	1.07272
6	67	1.0683
6	74	1.02576
6	86	1.0859
6	94	1.01452
6	98	1.10369
6	109	1.03958
6	118	0.853184
6	163	0.925026
6	172	0.941597
6	179	1.02598
7	9	1.07313
7	17	1.17801
7	53	1.15555
7	61	1.24648
7	118	0.692054
7	119	1.27158
7	133	1.25217
7	135	0.740857
7	140	1.2253
7	172	0.780467
7	174	0.782997
7	177	0.785076
8	5	1.22671
8	14	1.24054
8	38	1.1186
8	51	1.19474
8	75	1.1418
8	83	1.20557
8	89	1.26935
8	143	0.744782
8	148	0.73176
8	154	0.783667
8	162	0.780394
8	174	0.742779
9	7	1.07313
9	19	0.998666
9	24	0.97464
9	55	1.18483
9	61	1.04151
9	112	0.94743
9	119	1.06661
9	133	1.0472
9	140	1.02033
9	143	0.92599
9	151	0.895184
9	175	0.978032
10	56	0.77932
10	57	1.23956
10	84	1.16218
10	85	1.16398
10	87	1.1232
10	100	1.14275
10	147	0.705831
10	151	0.700328
10	154	0.770018
10	161	0.828816
10	168	1.27749
10	169	1.28927
11	37	1.15346
11	38	1.14944
11	39	1.16121
11	51	1.22558
11	75	1.17263
11	83	1.23641
11	89	1.30019
11	127	0.706937
11	135	0.706808
11	152	0.770221
11	154	0.789835
11	160	0.809384
12	75	0.765491
12	134	0.692057
12	155	0.671561
12	157	0.710504
12	158	0.58156
12	159	1.20712
12	172	1.22515
12	174	1.22852
12	177	1.22066
12	178	1.19491
12	179	1.15909
12	180	1.16371
13	21	0.760697
13	79	1.28632
13	113	1.19319
13	123	1.17509
13	124	1.19286
13	126	0.753129
13	130	1.17736
13	134	1.16798
13	141	1.21018
13	151	0.733345
13	165	0.768864
13	177	0.764226
14	5	1.22613
14	8	1.24054
14	37	1.12204
14	51	1.19416
14	75	1.14122
14	83	1.20499
14	89	1.26877
14	121	0.754712
14	142	0.755442
14	167	0.774094
14	173	0.746497
14	174	0.752865
15	60	1.18459
15	73	1.2026
15	76	1.0999
15	108	1.12944
15	125	0.724937
15	141	1.21773
15	149	1.27829
15	151	0.726716
15	158	1.28893
15	173	0.749151
15	175	0.809565
15	176	0.771824
16	42	1.07465
16	45	1.18102
16	74	1.10843
16	92	1.10223
16	93	1.18179
16	94	1.0972
16	98	1.18637
16	103	0.752492
16	112	0.826527
16	116	1.16173
16	151	0.77428
16	154	0.843971
16	179	0.884937
17	7	1.17801
17	43	1.18207
17	53	1.05546
17	61	1.14639
17	91	0.807247
17	109	1.09663
17	119	1.1715
17	133	1.15208
17	140	1.12521
17	148	0.794055
17	163	0.785973
17	177	0.807153
17	179	0.886928
18	31	1.15592
18	52	1.18462
18	60	1.11171
18	76	1.02702
18	96	0.767807
18	103	0.76957
18	108	1.05657
18	141	1.14485
18	143	0.822164
18	149	1.20541
18	158	1.21605
18	175	0.874207
18	178	0.848538
19	9	0.998666
19	43	1.20769
19	53	1.08109
19	56	0.846455
19	61	1.17201
19	109	1.12225
19	119	1.19712
19	133	1.17771
19	135	0.754126
19	137	0.786748
19	140	1.15083
19	167	0.817495
19	179	0.87812
20	56	0.852114
20	90	1.20762
20	99	1.10893
20	105	0.758611
20	128	1.14632
20	140	1.14367
20	150	1.11453
20	153	1.11304
20	155	1.15022
20	157	1.1198
20	159	0.825909
20	170	0.847574
20	172	0.799395
21	13	0.760697
21	49	0.772435
21	88	0.711622
21	129	0.755508
21	155	0.754067
21	166	1.13261
21	167	1.14348
21	170	1.12146
21	173	1.17676
21	174	1.16653
21	177	1.15867
21	179	1.0971
21	180	1.10171
22	78	1.08286
22	104	1.15415
22	112	0.820163
22	124	1.16307
22	134	1.1382
22	136	1.14603
22	153	1.12438
22	155	1.16157
22	157	1.13114
22	164	0.829916
22	167	0.817949
22	173	0.790351
22	178	0.825097
23	78	1.06072
23	79	1.23439
23	80	1.12166
23	124	1.14093
23	129	1.13065
23	130	1.12544
23	144	1.15952
23	146	0.805766
23	148	1.13047
23	159	0.820626
23	160	0.857079
23	165	0.803358
23	174	0.796642
24	9	0.97464
24	43	1.18366
24	53	1.05706
24	55	1.2913
24	61	1.14799
24	116	0.777313
24	119	1.17309
24	131	0.762511
24	133	1.15368
24	140	1.12681
24	156	0.873407
24	173	0.791005
24	179	0.879227
25	46	1.10234
25	54	1.04026
25	65	1.20313
25	97	1.11701
25	102	1.17099
25	111	0.871064
25	118	0.762977
25	135	0.811781
25	144	1.14053
25	146	1.09823
25	164	0.887117
25	169	0.749252
25	171	1.22713
26	136	1.11496
26	137	0.806264
26	142	0.818358
26	150	1.0948
26	153	1.09331
26	155	1.13049
26	157	1.10007
26	165	1.10593
26	166	0.84906
26	168	1.22217
26	169	0.711113
26	171	1.2372
26	179	0.897635
27	68	1.0912
27	72	1.1611
27	84	1.11016
27	85	1.11197
27	87	1.07118
27	95	0.93623
27	100	1.09074
27	145	0.784508
27	163	0.765049
27	168	1.22548
27	169	1.23725
27	174	0.78415
27	178	0.812528
28	99	1.10925
28	106	1.10655
28	125	0.75795
28	132	1.14558
28	150	1.11485
28	152	0.809805
28	153	1.11336
28	154	0.82942
28	155	1.15054
28	156	0.864566
28	157	1.12012
28	164	0.821728
28	168	1.24222
29	39	1.06669
29	71	1.22314
29	75	1.07811
29	83	1.14189
29	89	1.20566
29	101	0.79359
29	153	1.11249
29	155	1.14968
29	157	1.11925
29	163	0.78396
29	167	0.82429
29	170	0.848711
29	178	0.831438
30	57	1.26582
30	68	1.16947
30	72	1.23938
30	84	1.18844
30	87	1.14946
30	100	1.16901
30	125	0.698173
30	143	0.730758
30	145	0.729112
30	165	0.735471
30	168	1.30375
30	169	1.31553
30	172	0.726225
30	180	0.799669
31	18	1.15592
31	52	1.2741
31	60	1.2012
31	73	1.21921
31	76	1.11651
31	101	0.722551
31	141	1.23434
31	142	0.734599
31	145	0.73238
31	149	1.2949
31	151	0.70322
31	158	1.30554
31	164	0.765219
31	178	0.7604
32	65	0.655641
32	71	0.645044
32	88	0.659181
32	94	0.788651
32	158	0.611625
32	160	1.19854
32	166	1.22867
32	167	1.23954
32	168	0.620854
32	174	1.26259
32	176	1.24953
32	178	1.22898
32	179	1.19316
32	180	1.19778
33	64	1.21066
33	88	1.24073
33	97	1.20838
33	102	1.26237
33	103	0.677872
33	108	1.14235
33	121	0.73031
33	139	0.695525
33	144	1.2319
33	146	1.1896
33	147	0.705163
33	171	1.3185
33	179	0.810316
33	180	0.799377
34	6	0.996611
34	66	1.1055
34	67	1.10108
34	74	1.05854
34	86	1.11868
34	93	1.13189
34	94	1.0473
34	98	1.13647
34	116	1.11184
34	143	0.830077
34	159	0.852059
34	161	0.927759
34	170	0.873724
34	180	0.898988
35	63	1.25275
35	69	0.64182
35	104	1.21801
35	110	1.25952
35	113	1.22726
35	114	1.22519
35	123	1.20917
35	127	0.71811
35	130	1.21144
35	134	1.20206
35	139	0.727183
35	163	0.74102
35	175	0.814167
35	176	0.776425
36	5	1.27535
36	37	1.17127
36	38	1.16724
36	39	1.17902
36	51	1.24339
36	75	1.19044
36	83	1.25422
36	89	1.31799
36	165	0.741173
36	169	0.629788
36	173	0.728088
36	176	0.750761
36	178	0.762834
36	180	0.805371
37	11	1.15346
37	14	1.12204
37	36	1.17127
37	38	1.00011
37	39	1.01188
37	51	1.07625
37	75	1.0233
37	83	1.08708
37	89	1.15086
37	116	0.868133
37	125	0.857612
37	148	0.877174
37	165	0.89491
37	172	0.885664
38	5	1.10419
38	8	1.1186
38	11	1.14944
38	36	1.16724
38	37	1.00011
38	39	1.00786
38	75	1.01928
38	83	1.08305
38	89	1.14683
38	135	0.853728
38	139	0.86293
38	152	0.917141
38	160	0.956304
38	169	0.791199
39	11	1.16121
39	29	1.06669
39	36	1.17902
39	37	1.01188
39	38	1.00786
39	51	1.084
39	75	1.03106
39	83	1.09483
39	89	1.15861
39	154	0.898263
39	166	0.890654
39	173	0.851007
39	174	0.857375
39	178	0.885753
40	44	1.29734
40	52	1.25398
40	60	1.18108
40	73	1.19908
40	76	1.09638
40	112	0.738638
40	141	1.21421
40	149	1.27477
40	152	0.736467
40	158	1.28541
40	161	0.814879
40	165	0.72191
40	169	0.610525
40	179	0.797048
41	44	0.602443
41	89	0.651963
41	99	0.716079
41	110	0.653585
41	128	0.686665
41	138	1.24575
41	140	0.680227
41	163	1.25536
41	172	1.2438
41	174	1.24717
41	176	1.23411
41	178	1.21356
41	179	1.17774
41	180	1.18235
42	16	1.07465
42	66	1.10087
42	67	1.09644
42	74	1.0539
42	86	1.11405
42	93	1.12726
42	94	1.04267
42	95	1.01192
42	98	1.13184
42	105	0.81653
42	109	1.06773
42	169	0.755174
42	172	0.857313
42	179	0.941697
43	17	1.18207
43	19	1.20769
43	24	1.18366
43	53	1.15961
43	55	1.39385
43	61	1.25053
43	109	1.20077
43	140	1.22936
43	156	0.778358
43	160	0.762761
43	164	0.735521
43	165	0.709041
43	174	0.702324
43	178	0.730702
44	40	1.29734
44	41	0.602443
44	60	1.27326
44	73	1.29126
44	76	1.18857
44	141	1.3064
44	149	1.36696
44	158	1.3776
44	160	0.733785
44	165	0.680065
44	172	0.670819
44	173	0.66698
44	175	0.727395
45	16	1.18102
45	86	1.22041
45	93	1.23362
45	94	1.14903
45	98	1.2382
45	100	1.16617
45	138	0.729909
45	151	0.694091
45	159	0.746878
45	165	0.72961
45	168	1.30091
45	169	1.31268
45	177	0.724973
45	180	0.793808
46	25	1.10234
46	47	1.12181
46	54	1.08735
46	59	1.16879
46	88	1.19645
46	102	1.21808
46	116	0.765777
46	137	0.77632
46	143	0.787841
46	144	1.18762
46	146	1.14532
46	164	0.819034
46	171	1.27422
46	172	0.783308
46	177	0.787917
47	46	1.12181
47	59	1.14117
47	65	1.2226
47	69	0.676998
47	88	1.16883
47	97	1.13648
47	102	1.19046
47	144	1.16
47	146	1.1177
47	147	0.771999
47	148	0.784279
47	162	0.832913
47	164	0.828495
47	171	1.2466
47	178	0.823676
48	57	1.21133
48	68	1.11498
48	72	1.18489
48	82	0.739187
48	84	1.13395
48	85	1.13575
48	87	1.09497
48	100	1.11452
48	131	0.726718
48	156	0.837615
48	168	1.24926
48	169	1.26103
48	170	0.807231
48	176	0.777886
48	180	0.832495
49	21	0.772435
49	92	0.833506
49	115	1.13332
49	122	1.1611
49	132	1.17151
49	135	0.731746
49	150	1.14078
49	151	1.17499
49	153	1.13929
49	157	1.14605
49	165	1.15191
49	169	0.669218
49	170	0.819536
49	171	1.28318
49	179	0.85574
50	96	0.711659
50	111	1.13655
50	115	1.14597
50	117	1.22982
50	122	1.17375
50	148	0.752994
50	150	1.15342
50	153	1.15194
50	155	1.18912
50	156	0.840046
50	157	1.1587
50	159	0.787997
50	165	1.16455
50	176	0.780317
50	179	0.845867
51	8	1.19474
51	11	1.22558
51	14	1.19416
51	36	1.24339
51	37	1.07625
51	39	1.084
51	75	1.09542
51	83	1.1592
51	89	1.22297
51	92	0.8166
51	148	0.745961
51	166	0.790259
51	167	0.778209
51	173	0.750612
51	179	0.838834
52	18	1.18462
52	31	1.2741
52	40	1.25398
52	73	1.2479
52	76	1.14521
52	91	0.691849
52	95	0.841756
52	108	1.17475
52	141	1.26304
52	148	0.678657
52	149	1.3236
52	151	0.660873
52	152	0.710949
52	158	1.33424
52	162	0.72729
52	175	0.743722
53	7	1.15555
53	17	1.05546
53	19	1.08109
53	24	1.05706
53	43	1.15961
53	55	1.26724
53	61	1.12393
53	109	1.07417
53	133	1.12962
53	135	0.772533
53	140	1.10275
53	145	0.81503
53	148	0.803654
53	170	0.860323
53	171	0.876833
53	177	0.816752
54	25	1.04026
54	46	1.08735
54	59	1.10671
54	64	1.1043
54	65	1.18814
54	97	1.10202
54	102	1.156
54	103	0.750012
54	126	0.791584
54	131	0.765739
54	140	0.968763
54	144	1.12554
54	146	1.08324
54	171	1.21214
54	175	0.854648
54	176	0.816907
55	9	1.18483
55	24	1.2913
55	43	1.39385
55	53	1.26724
55	61	1.35817
55	103	0.618214
55	109	1.30841
55	133	1.36386
55	137	0.659287
55	140	1.33699
55	156	0.744838
55	159	0.692789
55	161	0.76849
55	162	0.706419
55	169	0.564136
56	10	0.77932
56	19	0.846455
56	20	0.852114
56	132	0.787823
56	149	0.730971
56	163	1.15758
56	164	1.11816
56	166	1.11547
56	167	1.12634
56	170	1.10432
56	171	0.695321
56	173	1.15963
56	176	1.13633
56	178	1.11578
56	179	1.07996
56	180	1.08458
57	10	1.23956
57	30	1.26582
57	48	1.21133
57	84	1.21572
57	85	1.21753
57	87	1.17674
57	100	1.19629
57	121	0.701736
57	143	0.701892
57	154	0.740777
57	164	0.733085
57	168	1.33103
57	169	1.34281
57	172	0.697359
57	174	0.699889
57	179	0.781743
58	104	1.11425
58	110	1.15577
58	114	1.12144
58	120	1.13511
58	123	1.10541
58	129	1.1129
58	130	1.10769
58	134	1.09831
58	135	0.776812
58	141	1.1405
58	148	1.11272
58	161	0.918637
58	162	0.856566
58	165	0.825668
58	174	0.818952
58	177	0.82103
59	46	1.16879
59	47	1.14117
59	54	1.10671
59	64	1.18574
59	69	0.667762
59	88	1.21581
59	97	1.18346
59	102	1.23744
59	103	0.735472
59	111	0.803206
59	127	0.744052
59	144	1.20698
59	146	1.16468
59	171	1.29358
59	176	0.802368
59	177	0.788142
59	178	0.81444
60	15	1.18459
60	18	1.11171
60	31	1.2012
60	40	1.18108
60	44	1.27326
60	73	1.175
60	76	1.07231
60	118	0.686833
60	141	1.19013
60	143	0.77978
60	149	1.2507
60	151	0.748974
60	158	1.26133
60	164	0.810972
60	169	0.673108
60	170	0.823426
60	175	0.831822
61	7	1.24648
61	9	1.04151
61	17	1.14639
61	19	1.17201
61	24	1.14799
61	43	1.25053
61	53	1.12393
61	55	1.35817
61	95	0.897595
61	118	0.654571
61	121	0.747362
61	133	1.22055
61	140	1.19368
61	162	0.783129
61	164	0.778711
61	165	0.752231
61	172	0.742985
62	101	0.853524
62	106	1.03714
62	122	1.06577
62	128	1.07724
62	132	1.07618
62	136	1.06561
62	138	0.87001
62	142	0.865571
62	150	1.04544
62	153	1.04396
62	155	1.08114
62	157	1.05072
62	162	0.900609
62	164	0.896191
62	168	1.17282
62	171	1.18784
62	180	0.933909
63	4	1.07687
63	35	1.25275
63	78	1.13422
63	91	0.739487
63	113	1.21476
63	114	1.2127
63	124	1.21443
63	129	1.20415
63	130	1.19894
63	134	1.18956
63	138	0.744329
63	148	1.20397
63	154	0.778202
63	161	0.836999
63	165	0.74403
63	170	0.782964
63	173	0.730945
64	33	1.21066
64	54	1.1043
64	59	1.18574
64	69	0.663348
64	88	1.2134
64	97	1.18104
64	102	1.23503
64	108	1.11501
64	144	1.20456
64	146	1.16227
64	147	0.75835
64	151	0.752846
64	163	0.762548
64	164	0.814845
64	170	0.827299
64	171	1.29117
64	173	0.77528
65	25	1.20313
65	32	0.655641
65	47	1.2226
65	54	1.18814
65	88	1.29723
65	97	1.26488
65	102	1.31887
65	108	1.19885
65	142	0.712109
65	144	1.2884
65	145	0.70989
65	146	1.24611
65	152	0.730806
65	160	0.76997
65	163	0.690432
65	169	0.604864
65	171	1.37501
65	180	0.780447
66	6	1.07272
66	34	1.1055
66	42	1.10087
66	67	1.17719
66	74	1.13465
66	86	1.19479
66	92	1.12844
66	93	1.208
66	94	1.12341
66	98	1.21258
66	109	1.14847
66	135	0.758363
66	151	0.7717
66	166	0.833782
66	172	0.797973
66	176	0.816808
66	177	0.802582
66	180	0.871417
67	6	1.0683
67	34	1.10108
67	42	1.09644
67	66	1.17719
67	74	1.13022
67	86	1.19037
67	92	1.12402
67	93	1.20358
67	94	1.11899
67	98	1.20816
67	116	1.18352
67	147	0.775361
67	148	0.78764
67	151	0.769857
67	165	0.805376
67	166	0.831938
67	176	0.814964
67	180	0.869574
68	2	1.14976
68	27	1.0912
68	30	1.16947
68	48	1.11498
68	72	1.17031
68	84	1.11937
68	85	1.12118
68	87	1.08039
68	100	1.09995
68	127	0.747514
68	138	0.79654
68	148	0.778505
68	152	0.810798
68	154	0.830412
68	160	0.849961
68	168	1.23469
68	169	1.24646
68	175	0.843571
69	35	0.64182
69	47	0.676998
69	59	0.667762
69	64	0.663348
69	99	0.668685
69	118	1.36798
69	123	0.648494
69	136	0.659096
69	145	1.28657
69	155	0.637217
69	156	1.22617
69	159	1.25741
69	162	1.25659
69	166	1.2449
69	176	1.26576
69	177	1.27096
69	179	1.20939
69	180	1.214
70	79	1.23147
70	96	0.775933
70	104	1.12908
70	110	1.1706
70	113	1.13834
70	120	1.14994
70	124	1.13801
70	125	0.797705
70	129	1.12772
70	130	1.12252
70	134	1.11313
70	143	0.83029
70	144	1.1566
70	147	0.804988
70	148	1.12755
70	151	0.799484
70	173	0.821918
70	174	0.828287
71	29	1.22314
71	32	0.645044
71	82	0.676543
71	115	1.21591
71	127	0.656925
71	132	1.25411
71	133	0.677751
71	138	0.705951
71	149	1.33846
71	150	1.22337
71	152	0.72021
71	153	1.22188
71	157	1.22864
71	160	1.18063
71	161	0.798622
71	168	1.35075
71	171	1.36577
71	179	0.78079
72	2	1.21966
72	27	1.1611
72	30	1.23938
72	48	1.18489
72	68	1.17031
72	84	1.18928
72	85	1.19109
72	87	1.1503
72	91	0.740071
72	100	1.16985
72	121	0.739745
72	147	0.714598
72	160	0.798334
72	165	0.744614
72	168	1.30459
72	169	1.31637
72	170	0.783547
72	173	0.731529
72	177	0.739976
73	15	1.2026
73	31	1.21921
73	40	1.19908
73	44	1.29126
73	52	1.2479
73	60	1.175
73	76	1.09031
73	92	0.776983
73	108	1.11985
73	141	1.20814
73	149	1.2687
73	154	0.758251
73	158	1.27934
73	159	0.741348
73	162	0.754978
73	173	0.710995
73	175	0.77141
73	176	0.733668
73	178	0.745741
74	6	1.02576
74	16	1.10843
74	34	1.05854
74	42	1.0539
74	66	1.13465
74	67	1.13022
74	86	1.14783
74	93	1.16104
74	94	1.07645
74	98	1.16562
74	105	0.801899
74	109	1.10151
74	111	0.862356
74	116	1.14098
74	131	0.81035
74	133	0.824028
74	159	0.869197
74	178	0.87359
74	180	0.916127
75	5	1.12739
75	8	1.1418
75	11	1.17263
75	12	0.765491
75	14	1.14122
75	29	1.07811
75	36	1.19044
75	37	1.0233
75	38	1.01928
75	39	1.03106
75	51	1.09542
75	83	1.10625
75	89	1.17003
75	126	0.84043
75	142	0.852024
75	147	0.826149
75	160	0.909885
75	164	0.882644
75	173	0.843079
76	15	1.0999
76	18	1.02702
76	31	1.11651
76	40	1.09638
76	44	1.18857
76	52	1.14521
76	60	1.07231
76	73	1.09031
76	108	1.01716
76	141	1.10544
76	142	0.836748
76	149	1.166
76	154	0.87506
76	158	1.17664
76	160	0.894609
76	165	0.840888
76	169	0.729503
76	178	0.862549
76	179	0.916026
77	3	0.807281
77	97	0.79431
77	119	0.796631
77	128	0.810106
77	142	1.13386
77	150	0.82599
77	152	1.12284
77	158	0.718053
77	164	1.10458
77	166	1.10189
77	168	0.727282
77	170	1.09074
77	173	1.14605
77	174	1.13581
77	175	1.09588
77	177	1.12795
77	178	1.1022
77	179	1.06638
77	180	1.071
78	1	1.14261
78	22	1.08286
78	23	1.06072
78	63	1.13422
78	104	1.09948
78	110	1.14099
78	113	1.10873
78	114	1.10667
78	120	1.12034
78	129	1.09812
78	134	1.08353
78	137	0.816555
78	144	1.12699
78	147	0.802774
78	161	0.925758
78	165	0.832789
78	166	0.859351
78	167	0.847302
78	170	0.871723
79	13	1.28632
79	23	1.23439
79	70	1.23147
79	110	1.31467
79	111	0.693539
79	120	1.29401
79	123	1.26432
79	124	1.28208
79	126	0.667378
79	129	1.2718
79	130	1.26659
79	134	1.25721
79	138	0.683411
79	141	1.29941
79	152	0.69767
79	160	0.736833
79	166	0.709675
79	177	0.678475
79	178	0.704773
79	179	0.75825
80	1	1.20356
80	23	1.12166
80	110	1.20194
80	111	0.780152
80	113	1.16968
80	120	1.18129
80	123	1.15159
80	124	1.16935
80	129	1.15907
80	130	1.15386
80	134	1.14448
80	144	1.18794
80	146	0.772133
80	148	1.15889
80	152	0.784282
80	165	0.769725
80	166	0.796287
80	177	0.765087
80	178	0.791386
80	180	0.833923
81	90	1.21378
81	106	1.11238
81	107	1.19363
81	118	0.719194
81	121	0.811984
81	125	0.779555
81	128	1.15248
81	136	1.14085
81	145	0.810495
81	150	1.12069
81	151	1.1549
81	153	1.1192
81	155	1.15638
81	157	1.12596
81	163	0.791036
81	164	0.843333
81	167	0.831366
81	168	1.24806
81	169	0.705469
81	171	1.26308
82	48	0.739187
82	71	0.676543
82	87	0.785708
82	89	0.700475
82	102	0.68196
82	120	0.71866
82	130	0.750906
82	135	1.22406
82	140	0.728739
82	161	1.12201
82	162	1.17377
82	164	1.16477
82	170	1.15093
82	172	1.19263
82	173	1.20624
82	175	1.15607
82	177	1.18814
82	178	1.16239
82	179	1.12657
82	180	1.13119
83	5	1.19116
83	8	1.20557
83	11	1.23641
83	14	1.20499
83	29	1.14189
83	36	1.25422
83	37	1.08708
83	38	1.08305
83	39	1.09483
83	51	1.1592
83	75	1.10625
83	89	1.2338
83	131	0.763291
83	135	0.756014
83	146	0.807278
83	147	0.774854
83	152	0.819427
83	160	0.85859
83	167	0.819383
83	169	0.693485
84	10	1.16218
84	27	1.11016
84	30	1.18844
84	48	1.13395
84	57	1.21572
84	68	1.11937
84	72	1.18928
84	85	1.14014
84	87	1.09936
84	100	1.11891
84	103	0.717575
84	112	0.791609
84	148	0.757146
84	156	0.844199
84	159	0.79215
84	160	0.828602
84	167	0.789394
84	168	1.25365
84	169	1.26542
84	177	0.770244
85	2	1.17053
85	10	1.16398
85	27	1.11197
85	48	1.13575
85	57	1.21753
85	68	1.12118
85	72	1.19109
85	84	1.14014
85	87	1.10116
85	100	1.12072
85	111	0.821573
85	118	0.713487
85	121	0.806277
85	139	0.771492
85	146	0.813554
85	151	0.775628
85	163	0.785329
85	168	1.25546
85	169	1.26723
85	177	0.806509
86	6	1.0859
86	34	1.11868
86	42	1.11405
86	45	1.22041
86	66	1.19479
86	67	1.19037
86	74	1.14783
86	92	1.14162
86	93	1.22118
86	94	1.13659
86	98	1.22576
86	116	1.20113
86	142	0.791659
86	143	0.791086
86	145	0.78944
86	152	0.810356
86	160	0.849519
86	169	0.684414
86	172	0.786552
86	174	0.789082
87	2	1.12974
87	10	1.1232
87	27	1.07118
87	30	1.14946
87	48	1.09497
87	57	1.17674
87	68	1.08039
87	72	1.1503
87	82	0.785708
87	84	1.09936
87	85	1.10116
87	100	1.07993
87	111	0.825245
87	147	0.784802
87	148	0.797082
87	156	0.884135
87	159	0.832086
87	164	0.841298
87	168	1.21467
87	169	1.22644
87	172	0.805572
88	21	0.711622
88	32	0.659181
88	33	1.24073
88	46	1.19645
88	47	1.16883
88	59	1.21581
88	64	1.2134
88	65	1.29723
88	96	0.660719
88	97	1.21111
88	102	1.2651
88	108	1.14508
88	143	0.715076
88	144	1.23463
88	146	1.19234
88	156	0.789106
88	159	0.737057
88	160	0.77351
88	171	1.32124
88	177	0.715152
88	179	0.794927
89	5	1.25494
89	8	1.26935
89	11	1.30019
89	14	1.26877
89	29	1.20566
89	36	1.31799
89	37	1.15086
89	38	1.14683
89	39	1.15861
89	41	0.651963
89	51	1.22297
89	75	1.17003
89	82	0.700475
89	83	1.2338
89	146	0.731993
89	165	0.729585
89	172	0.720339
89	173	0.7165
89	174	0.722869
89	175	0.776915
89	179	0.804723
90	3	1.26784
90	20	1.20762
90	81	1.21378
90	106	1.19901
90	115	1.19985
90	128	1.23911
90	136	1.22747
90	146	0.734517
90	149	1.3224
90	150	1.20731
90	155	1.243
90	157	1.21258
90	160	1.16457
90	162	0.763008
90	163	0.706292
90	167	0.746622
90	169	0.620725
90	175	0.779439
90	176	0.741698
90	177	0.727472
90	179	0.807247
91	17	0.807247
91	52	0.691849
91	63	0.739487
91	72	0.740071
91	94	0.844716
91	122	0.768806
91	134	0.778186
91	143	1.16194
91	153	0.787485
91	154	1.1358
91	161	1.08327
91	163	1.16545
91	170	1.11219
91	173	1.1675
91	174	1.15726
91	175	1.11733
91	176	1.1442
91	177	1.1494
91	178	1.12365
91	179	1.08783
91	180	1.09245
92	16	1.10223
92	49	0.833506
92	51	0.8166
92	66	1.12844
92	67	1.12402
92	73	0.776983
92	86	1.14162
92	93	1.15483
92	94	1.07024
92	109	1.0953
92	113	0.811987
92	120	0.800674
92	123	0.826414
92	129	0.816579
92	167	1.093
92	168	0.734366
92	173	1.12629
92	175	1.07613
92	177	1.10819
92	178	1.08244
92	179	1.04663
92	180	1.05124
93	16	1.18179
93	34	1.13189
93	42	1.12726
93	45	1.23362
93	66	1.208
93	67	1.20358
93	74	1.16104
93	86	1.22118
93	92	1.15483
93	94	1.1498
93	98	1.23898
93	109	1.17487
93	116	1.21434
93	146	0.768918
93	154	0.800682
93	159	0.783778
93	164	0.79299
93	167	0.781023
93	169	0.655125
93	173	0.753425
93	177	0.761873
93	180	0.830708
94	6	1.01452
94	16	1.0972
94	32	0.788651
94	34	1.0473
94	42	1.04267
94	45	1.14903
94	66	1.12341
94	67	1.11899
94	74	1.07645
94	86	1.13659
94	91	0.844716
94	92	1.07024
94	93	1.1498
94	98	1.15438
94	109	1.09027
94	116	1.12975
94	139	0.809605
94	146	0.851667
94	166	0.875821
94	167	0.863772
94	170	0.888193
94	175	0.896589
95	27	0.93623
95	42	1.01192
95	52	0.841756
95	61	0.897595
95	131	1.11149
95	132	0.889713
95	156	1.02287
95	158	0.817597
95	162	1.05329
95	166	1.0416
95	167	1.05247
95	170	1.03045
95	171	0.797212
95	173	1.08576
95	174	1.07552
95	175	1.03559
95	176	1.06246
95	177	1.06766
95	178	1.04191
95	179	1.00609
95	180	1.0107
96	18	0.767807
96	50	0.711659
96	70	0.775933
96	88	0.660719
96	98	0.690238
96	115	0.753715
96	140	0.698779
96	143	1.21555
96	145	1.21862
96	149	0.628428
96	153	0.732958
96	161	1.13688
96	163	1.21906
96	166	1.17695
96	167	1.18782
96	172	1.2075
96	175	1.17094
96	176	1.19781
96	177	1.20301
96	178	1.17726
96	179	1.14144
96	180	1.14605
97	25	1.11701
97	33	1.20838
97	47	1.13648
97	54	1.10202
97	59	1.18346
97	64	1.18104
97	65	1.26488
97	77	0.79431
97	88	1.21111
97	102	1.23275
97	108	1.11273
97	127	0.699763
97	144	1.20228
97	146	1.15999
97	148	0.730755
97	159	0.765759
97	160	0.802211
97	162	0.779389
97	167	0.763003
97	170	0.787424
97	171	1.28889
97	178	0.770151
98	6	1.10369
98	16	1.18637
98	34	1.13647
98	42	1.13184
98	45	1.2382
98	66	1.21258
98	67	1.20816
98	74	1.16562
98	86	1.22576
98	93	1.23898
98	94	1.15438
98	96	0.690238
98	109	1.17945
98	116	1.21892
98	133	0.721407
98	146	0.751716
98	161	0.842277
98	162	0.780206
98	165	0.749308
98	170	0.788242
98	177	0.74467
98	179	0.824446
99	20	1.10893
99	28	1.10925
99	41	0.716079
99	69	0.668685
99	101	0.777514
99	107	1.18156
99	119	1.18404
99	134	0.980027
99	135	0.744845
99	140	1.13776
99	150	1.10862
99	153	1.10713
99	155	1.14431
99	157	1.11389
99	158	1.23434
99	160	1.06588
99	165	1.11975
99	168	1.23599
99	169	0.682317
99	171	1.25102
99	175	0.841032
99	178	0.815363
99	180	0.8579
100	2	1.1493
100	10	1.14275
100	27	1.09074
100	30	1.16901
100	45	1.16617
100	48	1.11452
100	57	1.19629
100	68	1.09995
100	72	1.16985
100	84	1.11891
100	85	1.12072
100	87	1.07993
100	105	0.748514
100	112	0.815271
100	162	0.829442
100	165	0.798544
100	168	1.23423
100	169	1.246
100	173	0.785459
100	174	0.791827
100	175	0.845873
100	177	0.793906
100	178	0.820204
101	29	0.79359
101	31	0.722551
101	62	0.853524
101	99	0.777514
101	110	0.715019
101	122	0.757162
101	153	0.775841
101	154	1.15242
101	158	0.656046
101	163	1.18207
101	166	1.13996
101	167	1.15083
101	168	0.665275
101	170	1.12881
101	172	1.17051
101	173	1.18412
101	174	1.17388
101	175	1.13395
101	176	1.16082
101	177	1.16602
101	178	1.14027
101	179	1.10445
101	180	1.10906
102	25	1.17099
102	33	1.26237
102	46	1.21808
102	47	1.19046
102	54	1.156
102	59	1.23744
102	64	1.23503
102	65	1.31887
102	82	0.68196
102	88	1.2651
102	97	1.23275
102	137	0.694836
102	144	1.25627
102	146	1.21397
102	154	0.745241
102	163	0.685252
102	166	0.737632
102	170	0.750003
102	171	1.34287
102	174	0.704353
102	176	0.720658
102	178	0.732731
102	180	0.775267
103	16	0.752492
103	18	0.76957
103	33	0.677872
103	54	0.750012
103	55	0.618214
103	59	0.735472
103	84	0.717575
103	110	0.6739
103	114	0.700958
103	136	1.20527
103	144	0.694178
103	150	1.18511
103	153	1.18362
103	155	1.22081
103	157	1.19038
103	163	1.21461
103	165	1.19624
103	168	1.31249
103	173	1.21666
103	175	1.16649
103	176	1.19336
103	177	1.19856
103	178	1.17281
103	180	1.1416
104	22	1.15415
104	35	1.21801
104	58	1.11425
104	70	1.12908
104	78	1.09948
104	105	0.730221
104	110	1.21228
104	113	1.18002
104	114	1.17795
104	120	1.19163
104	123	1.16193
104	124	1.17969
104	125	0.742953
104	129	1.16941
104	130	1.1642
104	134	1.15482
104	135	0.731394
104	144	1.19828
104	151	0.744732
104	156	0.849568
104	161	0.87322
104	163	0.754433
104	170	0.819184
104	174	0.773534
104	180	0.844449
105	20	0.758611
105	42	0.81653
105	74	0.801899
105	100	0.748514
105	104	0.730221
105	129	0.713646
105	132	0.69432
105	152	1.17893
105	153	0.741999
105	155	0.712204
105	159	1.1705
105	162	1.16967
105	166	1.15798
105	167	1.16885
105	170	1.14683
105	171	0.601819
105	172	1.18853
105	173	1.20214
105	174	1.1919
105	175	1.15197
105	176	1.17884
105	177	1.18404
105	178	1.15829
105	179	1.12247
105	180	1.12709
106	28	1.10655
106	62	1.03714
106	81	1.11238
106	90	1.19901
106	107	1.17886
106	112	0.830086
106	116	0.786581
106	119	1.18134
106	121	0.808489
106	131	0.771779
106	132	1.13665
106	133	0.785457
106	136	1.12608
106	139	0.773704
106	150	1.10592
106	153	1.10443
106	155	1.14161
106	157	1.11119
106	160	1.06317
106	161	0.906327
106	163	0.787541
106	165	1.11704
106	166	0.839921
106	168	1.23329
106	171	1.24831
106	180	0.877556
107	3	1.2477
107	81	1.19363
107	99	1.18156
107	106	1.17886
107	115	1.17971
107	117	1.26356
107	121	0.729112
107	128	1.21896
107	132	1.2179
107	133	0.70608
107	136	1.20732
107	142	0.729842
107	145	0.727623
107	146	0.736389
107	150	1.18716
107	153	1.18567
107	155	1.22286
107	157	1.19244
107	159	0.75125
107	165	1.19829
107	170	0.772915
107	171	1.32956
107	172	0.724735
107	175	0.781311
107	176	0.74357
107	180	0.798179
108	15	1.12944
108	18	1.05657
108	33	1.14235
108	52	1.17475
108	64	1.11501
108	65	1.19885
108	73	1.11985
108	76	1.01716
108	88	1.14508
108	97	1.11273
108	111	0.830427
108	133	0.792099
108	138	0.820299
108	139	0.780346
108	141	1.13498
108	144	1.13625
108	146	1.09396
108	148	0.802264
108	149	1.19555
108	152	0.834557
108	158	1.20618
108	162	0.850898
108	163	0.794182
108	166	0.846562
108	171	1.22286
108	177	0.815362
109	6	1.03958
109	17	1.09663
109	19	1.12225
109	42	1.06773
109	43	1.20077
109	53	1.07417
109	55	1.30841
109	66	1.14847
109	74	1.10151
109	92	1.0953
109	93	1.17487
109	94	1.09027
109	98	1.17945
109	119	1.1902
109	133	1.17079
109	135	0.765176
109	137	0.797798
109	138	0.814331
109	140	1.14392
109	160	0.867753
109	161	0.907001
109	166	0.840595
109	169	0.702647
109	176	0.823621
109	177	0.809395
109	178	0.835693
110	35	1.25952
110	41	0.653585
110	58	1.15577
110	70	1.1706
110	78	1.14099
110	79	1.31467
110	80	1.20194
110	101	0.715019
110	103	0.6739
110	104	1.21228
110	113	1.22154
110	114	1.21947
110	120	1.23314
110	124	1.22121
110	126	0.715472
110	129	1.21092
110	130	1.20571
110	134	1.19633
110	143	0.726494
110	144	1.2398
110	152	0.745764
110	154	0.765378
110	159	0.748475
110	160	0.784927
110	166	0.757769
110	179	0.806344
111	25	0.871064
111	50	1.13655
111	59	0.803206
111	74	0.862356
111	79	0.693539
111	80	0.780152
111	85	0.821573
111	87	0.825245
111	108	0.830427
111	130	0.790443
111	136	1.1175
111	141	0.748076
111	149	1.21243
111	150	1.09734
111	153	1.09585
111	154	1.09719
111	155	1.13304
111	157	1.10261
111	164	1.08742
111	168	1.22472
111	170	1.07358
111	172	1.11528
111	174	1.11865
111	175	1.07872
111	176	1.10559
111	179	1.04922
111	180	1.05383
112	9	0.94743
112	16	0.826527
112	22	0.820163
112	40	0.738638
112	84	0.791609
112	100	0.815271
112	106	0.830086
112	142	1.13395
112	145	1.14365
112	147	1.1629
112	149	0.704226
112	154	1.11444
112	156	1.08325
112	157	0.817904
112	161	1.06191
112	162	1.11367
112	164	1.10467
112	167	1.11285
112	168	0.69819
112	173	1.14614
112	174	1.1359
112	175	1.09597
112	176	1.12284
112	177	1.12804
112	178	1.10229
112	179	1.06647
112	180	1.07108
113	13	1.19319
113	35	1.22726
113	63	1.21476
113	70	1.13834
113	78	1.10873
113	80	1.16968
113	92	0.811987
113	104	1.18002
113	110	1.22154
113	114	1.18721
113	118	0.661424
113	123	1.17118
113	124	1.18895
113	129	1.17867
113	130	1.17346
113	134	1.16408
113	141	1.20627
113	142	0.754943
113	145	0.752725
113	148	1.17849
113	151	0.723565
113	160	0.812804
113	161	0.852052
113	167	0.773596
113	170	0.798017
113	176	0.768672
113	177	0.754446
114	35	1.22519
114	58	1.12144
114	63	1.2127
114	78	1.10667
114	103	0.700958
114	104	1.17795
114	110	1.21947
114	113	1.18721
114	120	1.19881
114	123	1.16912
114	124	1.18688
114	126	0.74253
114	129	1.1766
114	130	1.17139
114	134	1.16201
114	139	0.718611
114	141	1.20421
114	144	1.20547
114	148	1.17642
114	154	0.792436
114	161	0.851234
114	162	0.789163
114	164	0.784745
114	165	0.758265
114	166	0.784827
114	170	0.797198
114	173	0.74518
115	49	1.13332
115	50	1.14597
115	71	1.21591
115	90	1.19985
115	96	0.753715
115	107	1.17971
115	122	1.12708
115	132	1.13749
115	133	0.784884
115	136	1.12692
115	145	0.806427
115	146	0.815193
115	149	1.22185
115	150	1.10676
115	153	1.10527
115	155	1.14246
115	157	1.11203
115	158	1.23249
115	160	1.06402
115	163	0.786968
115	165	1.11789
115	167	0.827298
115	168	1.23413
115	169	0.701401
115	172	0.803539
115	173	0.799701
115	177	0.808148
115	180	0.876983
116	16	1.16173
116	24	0.777313
116	34	1.11184
116	37	0.868133
116	46	0.765777
116	67	1.18352
116	74	1.14098
116	86	1.20113
116	93	1.21434
116	94	1.12975
116	98	1.21892
116	106	0.786581
116	122	0.746572
116	124	0.74465
116	136	0.757337
116	154	1.1541
116	157	0.7744
116	158	0.645456
116	160	1.11151
116	162	1.15333
116	164	1.14433
116	167	1.15251
116	168	0.654686
116	171	0.625071
116	176	1.1625
116	178	1.14195
116	179	1.10613
116	180	1.11074
117	50	1.22982
117	107	1.26356
117	122	1.21094
117	126	0.715831
117	127	0.682839
117	128	1.22241
117	132	1.22135
117	136	1.21078
117	139	0.691912
117	140	1.21976
117	142	0.727426
117	150	1.19061
117	151	1.22482
117	153	1.18913
117	155	1.22631
117	157	1.19589
117	158	1.31634
117	160	1.14787
117	162	0.762464
117	163	0.705748
117	164	0.758046
117	165	1.20174
117	171	1.33301
117	174	0.724849
117	175	0.778896
117	176	0.741154
117	178	0.753227
117	180	0.795764
118	6	0.853184
118	7	0.692054
118	25	0.762977
118	60	0.686833
118	61	0.654571
118	69	1.36798
118	81	0.719194
118	85	0.713487
118	113	0.661424
118	149	0.589839
118	152	1.23302
118	155	0.664574
118	156	1.19334
118	157	0.703518
118	161	1.172
118	162	1.22376
118	164	1.21476
118	170	1.20092
118	171	0.554189
118	172	1.24262
118	173	1.25623
118	174	1.24599
118	175	1.20606
118	176	1.23293
118	177	1.23813
118	178	1.21238
118	179	1.17656
118	180	1.18118
119	7	1.27158
119	9	1.06661
119	17	1.1715
119	19	1.19712
119	24	1.17309
119	77	0.796631
119	99	1.18404
119	106	1.18134
119	109	1.1902
119	128	1.22144
119	133	1.24565
119	140	1.21878
119	145	0.744453
119	148	0.733076
119	151	1.22385
119	153	1.18815
119	155	1.22534
119	157	1.19491
119	160	1.1469
119	163	0.724994
119	165	1.20077
119	166	0.777374
119	167	0.765325
119	169	0.639427
119	174	0.744095
119	176	0.7604
119	178	0.772473
119	179	0.825949
119	180	0.81501
120	1	1.23476
120	58	1.13511
120	70	1.14994
120	78	1.12034
120	79	1.29401
120	80	1.18129
120	82	0.71866
120	92	0.800674
120	104	1.19163
120	110	1.23314
120	114	1.19881
120	123	1.18279
120	124	1.20055
120	127	0.699043
120	129	1.19027
120	130	1.18506
120	134	1.17568
120	141	1.21788
120	144	1.21914
120	145	0.741412
120	148	1.19009
120	151	0.712252
120	165	0.747771
120	166	0.774333
120	167	0.762283
120	175	0.7951
120	176	0.757359
120	177	0.743133
120	180	0.811968
121	14	0.754712
121	33	0.73031
121	57	0.701736
121	61	0.747362
121	72	0.739745
121	81	0.811984
121	85	0.806277
121	106	0.808489
121	107	0.729112
121	138	1.18299
121	141	0.73278
121	145	1.19217
121	149	0.682629
121	152	1.17144
121	156	1.13177
121	161	1.11043
121	162	1.16219
121	163	1.19261
121	164	1.15319
121	165	1.17423
121	169	1.30225
121	170	1.13934
121	171	0.646979
121	173	1.19465
121	174	1.18442
121	175	1.14449
121	177	1.17656
121	178	1.1508
121	179	1.11499
121	180	1.1196
122	49	1.1611
122	50	1.17375
122	62	1.06577
122	91	0.768806
122	101	0.757162
122	115	1.12708
122	116	0.746572
122	117	1.21094
122	128	1.16634
122	132	1.16528
122	136	1.1547
122	140	1.16368
122	146	0.775757
122	147	0.743334
122	150	1.13454
122	153	1.13305
122	155	1.17024
122	156	0.842667
122	157	1.13981
122	158	1.26027
122	159	0.790618
122	160	1.0918
122	165	1.14567
122	166	0.799912
122	168	1.26192
122	171	1.27694
122	173	0.760265
122	174	0.766633
122	176	0.782938
122	178	0.79501
123	1	1.20506
123	4	1.03329
123	13	1.17509
123	35	1.20917
123	58	1.10541
123	69	0.648494
123	79	1.26432
123	80	1.15159
123	92	0.826414
123	104	1.16193
123	113	1.17118
123	114	1.16912
123	120	1.18279
123	124	1.17086
123	129	1.16057
123	130	1.15536
123	134	1.14598
123	138	0.77381
123	141	1.18818
123	144	1.18944
123	148	1.16039
123	151	0.737992
123	156	0.842828
123	164	0.799991
123	165	0.773511
123	166	0.800073
123	169	0.662126
123	170	0.812445
123	179	0.848648
123	180	0.837709
124	4	1.05105
124	13	1.19286
124	22	1.16307
124	23	1.14093
124	63	1.21443
124	70	1.13801
124	79	1.28208
124	80	1.16935
124	104	1.17969
124	110	1.22121
124	113	1.18895
124	114	1.18688
124	116	0.74465
124	120	1.20055
124	123	1.17086
124	129	1.17834
124	130	1.17313
124	134	1.16375
124	138	0.771726
124	141	1.20595
124	145	0.765068
124	147	0.741412
124	148	1.17816
124	151	0.735908
124	163	0.74561
124	165	0.771427
124	167	0.78594
124	172	0.762181
124	175	0.818757
124	176	0.781015
124	177	0.76679
124	179	0.846565
125	15	0.724937
125	28	0.75795
125	30	0.698173
125	37	0.857612
125	70	0.797705
125	81	0.779555
125	104	0.742953
125	134	0.745431
125	138	1.17695
125	140	0.720551
125	141	0.700351
125	142	1.17642
125	145	1.18612
125	153	0.75473
125	154	1.15691
125	156	1.12572
125	157	0.763879
125	159	1.15697
125	161	1.10438
125	162	1.15614
125	163	1.18657
125	164	1.14714
125	165	1.16819
125	166	1.14445
125	168	0.644164
125	170	1.1333
125	172	1.175
125	173	1.18861
125	174	1.17837
125	177	1.17051
125	178	1.14476
125	179	1.10894
125	180	1.11356
126	4	0.939719
126	13	0.753129
126	54	0.791584
126	75	0.84043
126	79	0.667378
126	110	0.715472
126	114	0.74253
126	117	0.715831
126	130	0.764281
126	139	1.18716
126	141	0.721915
126	147	1.20249
126	150	0.764436
126	156	1.12284
126	159	1.15408
126	160	1.11144
126	161	1.1015
126	162	1.15326
126	163	1.18368
126	164	1.14426
126	166	1.14157
126	168	0.665728
126	169	1.29333
126	170	1.13042
126	171	0.636114
126	172	1.17211
126	174	1.17549
126	175	1.13556
126	176	1.16243
126	177	1.16763
126	178	1.14188
126	179	1.10606
126	180	1.11067
127	11	0.706937
127	35	0.71811
127	59	0.744052
127	68	0.747514
127	71	0.656925
127	97	0.699763
127	117	0.682839
127	120	0.699043
127	128	0.71556
127	129	0.714948
127	132	0.695622
127	143	1.21983
127	144	0.702758
127	147	1.24215
127	153	0.743301
127	154	1.19369
127	156	1.1625
127	157	0.75245
127	159	1.19374
127	161	1.14116
127	163	1.22334
127	164	1.18392
127	165	1.20497
127	166	1.18123
127	167	1.1921
127	170	1.17008
127	172	1.21177
127	174	1.21515
127	175	1.17522
127	176	1.20209
127	177	1.20729
127	178	1.18154
127	179	1.14572
127	180	1.15033
128	20	1.14632
128	41	0.686665
128	62	1.07724
128	77	0.810106
128	81	1.15248
128	90	1.23911
128	107	1.21896
128	117	1.22241
128	119	1.22144
128	122	1.16634
128	127	0.71556
128	132	1.17675
128	136	1.16618
128	145	0.757928
128	146	0.766695
128	149	1.2611
128	150	1.14602
128	151	1.18022
128	154	0.798459
128	155	1.18171
128	157	1.15129
128	158	1.27174
128	160	1.10327
128	162	0.795185
128	163	0.738469
128	165	1.15714
128	167	0.7788
128	168	1.27339
128	169	0.652902
128	170	0.803221
128	171	1.28841
128	173	0.751202
128	177	0.759649
128	178	0.785948
129	1	1.21254
129	4	1.04077
129	21	0.755508
129	23	1.13065
129	58	1.1129
129	63	1.20415
129	70	1.12772
129	78	1.09812
129	79	1.2718
129	80	1.15907
129	92	0.816579
129	104	1.16941
129	105	0.713646
129	110	1.21092
129	113	1.17867
129	114	1.1766
129	120	1.19027
129	123	1.16057
129	124	1.17834
129	127	0.714948
129	130	1.16284
129	133	0.735774
129	134	1.15346
129	139	0.724021
129	141	1.19566
129	142	0.759535
129	144	1.19693
129	148	1.16788
129	159	0.780943
129	160	0.817396
129	161	0.856644
129	173	0.75059
129	176	0.773263
129	179	0.838813
129	180	0.827873
130	1	1.20733
130	4	1.03556
130	13	1.17736
130	23	1.12544
130	35	1.21144
130	58	1.10769
130	63	1.19894
130	70	1.12252
130	79	1.26659
130	80	1.15386
130	82	0.750906
130	104	1.1642
130	110	1.20571
130	111	0.790443
130	113	1.17346
130	114	1.17139
130	120	1.18506
130	123	1.15536
130	124	1.17313
130	126	0.764281
130	129	1.16284
130	134	1.14825
130	137	0.763782
130	141	1.19045
130	148	1.16267
130	154	0.814187
130	159	0.797284
130	162	0.810914
130	166	0.806578
130	167	0.794528
130	169	0.668631
130	174	0.773299
130	176	0.789604
130	177	0.775378
130	178	0.801677
131	24	0.762511
131	48	0.726718
131	54	0.765739
131	74	0.81035
131	83	0.763291
131	95	1.11149
131	106	0.771779
131	132	0.702771
131	134	0.74115
131	139	1.20448
131	143	1.19749
131	144	0.709906
131	150	0.738592
131	153	0.750449
131	154	1.17135
131	155	0.720655
131	159	1.1714
131	161	1.11882
131	162	1.17058
131	163	1.201
131	164	1.16158
131	166	1.15889
131	167	1.16976
131	168	0.639883
131	170	1.14774
131	171	0.610269
131	172	1.18943
131	173	1.20305
131	174	1.19281
131	175	1.15288
131	176	1.17975
131	177	1.18495
131	178	1.1592
131	179	1.12338
131	180	1.12799
132	28	1.14558
132	49	1.17151
132	56	0.787823
132	62	1.07618
132	71	1.25411
132	95	0.889713
132	105	0.69432
132	106	1.13665
132	107	1.2179
132	115	1.13749
132	117	1.22135
132	122	1.16528
132	127	0.695622
132	128	1.17675
132	131	0.702771
132	136	1.16511
132	140	1.17409
132	145	0.737991
132	146	0.746757
132	149	1.26004
132	150	1.14495
132	151	1.17916
132	153	1.14346
132	155	1.18065
132	156	0.813667
132	157	1.15022
132	158	1.27068
132	160	1.10221
132	161	0.837319
132	164	0.770829
132	165	1.15608
132	168	1.27233
132	172	0.735103
132	174	0.737633
132	177	0.739712
132	178	0.766011
132	180	0.808547
133	5	0.744511
133	7	1.25217
133	9	1.0472
133	17	1.15208
133	19	1.17771
133	24	1.15368
133	53	1.12962
133	55	1.36386
133	61	1.22055
133	71	0.677751
133	74	0.824028
133	98	0.721407
133	106	0.785457
133	107	0.70608
133	108	0.792099
133	109	1.17079
133	115	0.784884
133	119	1.24565
133	129	0.735774
133	136	0.756212
133	140	1.19937
133	143	1.19622
133	149	0.659597
133	157	0.773276
133	158	0.644332
133	162	1.16931
133	164	1.16031
133	166	1.15762
133	168	0.653561
133	170	1.14647
133	171	0.623947
133	172	1.18816
133	176	1.17848
133	177	1.18368
133	178	1.15793
133	179	1.12211
133	180	1.12672
134	1	1.19795
134	4	1.02618
134	12	0.692057
134	13	1.16798
134	22	1.1382
134	35	1.20206
134	58	1.09831
134	63	1.18956
134	70	1.11313
134	78	1.08353
134	79	1.25721
134	80	1.14448
134	91	0.778186
134	99	0.980027
134	104	1.15482
134	110	1.19633
134	113	1.16408
134	114	1.16201
134	120	1.17568
134	123	1.14598
134	124	1.16375
134	125	0.745431
134	129	1.15346
134	130	1.14825
134	131	0.74115
134	137	0.766495
134	141	1.18107
134	144	1.18234
134	148	1.15329
134	160	0.83645
134	162	0.813628
134	163	0.756912
134	165	0.78273
134	166	0.809292
134	169	0.671345
134	172	0.773483
134	173	0.769645
134	180	0.846927
135	7	0.740857
135	11	0.706808
135	19	0.754126
