1	32	1.42774
1	38	1.34616
1	89	1.33565
1	100	1.36459
1	107	1.37119
1	108	1.36758
1	136	0.500757
1	139	0.471516
1	163	0.481985
1	165	1.38709
1	174	0.484707
1	175	0.478652
2	83	1.39668
2	91	1.32876
2	112	1.36315
2	114	1.36965
2	115	0.495925
2	119	1.34091
2	131	0.496192
2	146	0.46215
2	152	1.4291
2	161	0.485938
2	168	1.37176
2	170	0.477274
3	58	1.29468
3	137	1.38509
3	140	1.35458
3	142	1.40931
3	151	0.499719
3	153	1.39362
3	154	1.39475
3	162	0.467594
3	170	0.473533
3	172	1.36797
3	174	0.491389
3	175	0.485334
4	26	0.488147
4	62	1.39428
4	83	1.39089
4	89	1.34917
4	91	1.32298
4	110	1.37608
4	131	0.48685
4	155	0.490573
4	156	0.478648
4	165	1.40061
4	168	1.36598
4	178	0.473299
5	54	1.14982
5	57	0.557408
5	69	1.05926
5	72	1.17886
5	73	1.17886
5	75	1.26475
5	78	1.26745
5	116	1.30888
5	132	0.613423
5	149	1.19212
5	162	0.607595
5	179	0.6356
6	79	1.40613
6	113	1.35729
6	128	0.485261
6	133	1.40691
6	139	0.48272
6	143	1.36152
6	144	1.35694
6	147	0.465926
6	150	1.33815
6	159	1.37306
6	161	0.486718
6	173	0.496902
7	42	1.42551
7	59	1.36408
7	66	1.43643
7	67	1.29991
7	80	1.32781
7	82	1.32533
7	102	1.42094
7	134	0.547048
7	162	0.455282
7	167	0.480931
7	170	0.461221
7	175	0.473022
8	51	1.19918
8	64	1.22487
8	98	1.20318
8	109	1.17907
8	128	0.599329
8	137	1.18782
8	142	1.21204
8	153	1.19635
8	154	1.19748
8	161	0.600787
8	174	0.609979
8	175	0.603924
9	18	1.48161
9	36	1.23638
9	56	1.27701
9	68	1.45479
9	92	1.40154
9	95	1.40154
9	131	0.495466
9	149	1.34712
9	165	0.454482
9	169	0.486648
9	175	0.488349
9	180	0.49263
10	36	1.26045
10	56	1.30108
10	68	1.47886
10	92	1.42561
10	95	1.42561
10	105	0.452249
10	125	0.476727
10	136	1.33719
10	149	1.37119
10	151	0.500934
10	179	0.496813
10	180	0.490829
11	84	1.19174
11	93	1.14984
11	96	1.14984
11	109	1.21378
11	121	0.590634
11	140	1.19203
11	153	1.23106
11	154	1.2322
11	158	0.600275
11	164	1.2395
11	169	0.60561
11	179	0.617576
12	44	1.40396
12	66	1.43127
12	67	1.29475
12	80	1.32264
12	82	1.32016
12	102	1.41577
12	141	0.506238
12	146	1.41146
12	172	0.484387
12	176	0.477046
12	177	0.473889
12	178	0.475906
13	23	1.34814
13	61	1.42605
13	70	1.35807
13	91	1.33485
13	110	1.38795
13	112	1.36923
13	114	1.37573
13	132	0.468646
13	151	0.494943
13	167	0.488468
13	169	0.478857
13	174	0.486613
14	21	0.413365
14	52	1.34352
14	53	1.33433
14	72	1.33859
14	73	1.33859
14	75	1.42448
14	116	1.46862
14	145	0.496427
14	149	1.35186
14	174	0.504999
14	176	0.49365
14	179	0.509209
15	32	1.42774
15	38	1.34616
15	57	0.433489
15	89	1.33565
15	100	1.36459
15	107	1.37119
15	108	1.36758
15	125	0.491595
15	135	0.492091
15	145	0.498899
15	165	1.38709
15	175	0.501416
16	30	1.4082
16	100	1.3475
16	107	1.35409
16	115	0.489897
16	120	0.479663
16	128	0.478453
16	153	1.38158
16	154	1.38271
16	157	0.487484
16	165	1.36999
16	171	0.482085
16	172	1.35594
17	71	1.36083
17	77	1.36083
17	81	1.36083
17	84	1.26318
17	87	1.3008
17	93	1.22129
17	96	1.22129
17	115	0.516758
17	136	0.532013
17	157	0.514344
17	160	0.507038
17	164	1.31095
17	166	0.547399
18	9	1.48161
18	56	1.39756
18	60	0.41276
18	68	1.57534
18	92	1.52208
18	95	1.52208
18	136	1.43366
18	149	1.46767
18	158	0.435888
18	171	0.441961
18	172	0.44497
18	174	0.448979
18	178	0.43649
19	53	1.26018
19	54	1.2354
19	72	1.26444
19	73	1.26444
19	75	1.35033
19	78	1.35303
19	101	0.55258
19	116	1.39446
19	149	1.27771
19	157	0.50914
19	166	0.542194
19	175	0.504703
19	180	0.508984
20	29	0.59287
20	65	0.615806
20	84	1.28715
20	93	1.24526
20	96	1.24526
20	133	0.0623257
20	137	1.31795
20	142	1.34217
20	153	1.32648
20	161	0.671313
20	164	1.33492
20	172	1.30083
20	178	0.668016
21	14	0.413365
21	35	0.396852
21	48	0.431777
21	73	0.443202
21	93	0.457789
21	109	0.439348
21	147	1.52759
21	163	1.48578
21	175	1.49097
21	177	1.48359
21	178	1.48059
21	179	1.45941
21	180	1.47207
22	61	0.616794
22	75	1.21405
22	78	1.21676
22	82	0.683582
22	116	1.25819
22	130	0.640671
22	134	1.05478
22	143	0.644833
22	149	1.14143
22	177	1.13838
22	178	1.13537
22	179	1.11419
22	180	1.12685
23	13	1.34814
23	35	1.40195
23	83	1.301
23	105	0.500751
23	110	1.28618
23	112	1.26746
23	114	1.27397
23	119	1.24523
23	141	0.558948
23	158	0.528014
23	165	0.501183
23	168	1.27608
23	178	0.528616
24	40	0.52272
24	63	1.31099
24	122	1.26031
24	129	0.520586
24	143	1.28287
24	146	0.505721
24	150	1.2595
24	152	1.33768
24	153	1.32656
24	154	1.3277
24	159	1.2944
24	171	0.531684
24	180	0.536927
25	63	0.489066
25	87	1.34031
25	88	0.510879
25	93	1.2608
25	96	1.2608
25	109	0.53378
25	119	0.547044
25	142	0.501591
25	164	1.35046
25	170	1.304
25	177	1.30644
25	179	1.28226
25	180	1.29492
26	4	0.488147
26	56	0.555805
26	112	0.518034
26	117	0.548098
26	127	0.475851
26	155	1.30897
26	161	1.29404
26	174	1.29197
26	176	1.30375
26	177	1.31
26	178	1.307
26	179	1.28581
26	180	1.29847
27	60	0.406981
27	118	1.51262
27	128	0.43255
27	133	1.52623
27	141	0.461043
27	143	1.48084
27	144	1.47626
27	148	1.4542
27	150	1.45747
27	159	1.49237
27	172	0.439192
27	173	0.444191
27	175	0.437144
28	30	1.45294
28	48	1.37435
28	62	1.4084
28	89	1.36329
28	100	1.39224
28	107	1.39883
28	108	1.39523
28	134	0.534315
28	157	0.464725
28	162	0.442549
28	165	1.41473
28	176	0.454995
28	178	0.453855
28	179	0.470554
29	20	0.59287
29	31	0.401729
29	56	0.465811
29	62	0.40957
29	67	1.33444
29	80	1.36233
29	82	1.35985
29	102	1.45546
29	154	0.486422
29	159	0.426535
29	166	1.39185
29	176	1.4327
29	178	1.43595
29	180	1.42743
30	16	1.4082
30	28	1.45294
30	38	1.37233
30	43	0.482055
30	62	1.40693
30	89	1.36182
30	100	1.39077
30	108	1.39376
30	155	0.478354
30	163	0.470848
30	165	1.41326
30	172	0.469561
30	177	0.459063
30	178	0.46108
31	29	0.401729
31	46	0.472107
31	71	1.46083
31	77	1.46083
31	81	1.46083
31	84	1.36318
31	87	1.4008
31	93	1.32129
31	96	1.32129
31	157	0.487745
31	164	1.41095
31	177	0.474858
31	179	0.493574
31	180	0.48759
32	1	1.42774
32	15	1.42774
32	43	0.488208
32	48	1.37533
32	76	0.448127
32	89	1.36426
32	100	1.39321
32	107	1.39981
32	108	1.3962
32	139	0.466531
32	158	0.466631
32	165	1.41571
32	169	0.471966
32	174	0.479722
33	86	1.23942
33	109	1.24528
33	122	1.19631
33	135	0.560491
33	137	1.25403
33	140	1.22353
33	142	1.27825
33	146	0.542891
33	153	1.26256
33	154	1.26369
33	172	1.23692
33	173	0.576863
33	174	0.575872
33	177	0.561365
34	51	1.13778
34	60	0.684148
34	64	1.16346
34	88	1.11766
34	90	1.08554
34	109	1.11766
34	117	1.04693
34	142	1.15064
34	146	0.687385
34	153	1.13495
34	154	1.13608
34	167	0.722221
34	172	1.1093
34	174	0.720366
35	21	0.396852
35	23	1.40195
35	69	1.31248
35	70	1.41188
35	76	0.456891
35	91	1.38866
35	112	1.42304
35	114	1.42954
35	119	1.4008
35	141	0.506329
35	158	0.475395
35	168	1.43165
35	173	0.489478
35	179	0.492696
36	9	1.23638
36	10	1.26045
36	56	1.15234
36	68	1.33011
36	92	1.27686
36	94	0.52833
36	95	1.27686
36	103	1.2561
36	136	1.18844
36	149	1.22244
36	170	0.56582
36	176	0.572327
36	177	0.56917
36	180	0.581902
37	40	0.505872
37	46	0.504597
37	79	1.36387
37	113	1.31503
37	124	0.498111
37	127	1.39647
37	143	1.31926
37	144	1.31468
37	148	1.29262
37	150	1.29589
37	159	1.33079
37	161	0.512661
37	164	1.3714
37	165	0.481932
37	172	0.517846
38	1	1.34616
38	15	1.34616
38	30	1.37233
38	40	0.511079
38	48	1.29375
38	62	1.32779
38	65	0.462361
38	94	0.471714
38	103	1.34685
38	107	1.31823
38	108	1.31462
38	132	0.509093
38	151	0.53539
38	165	1.33412
38	179	0.53127
39	97	0.476312
39	111	1.31823
39	126	1.34594
39	132	0.491247
39	133	1.3713
39	139	0.496023
39	143	1.32591
39	144	1.32133
39	148	1.29927
39	150	1.30254
39	159	1.33744
39	163	0.506492
39	164	1.37805
39	166	0.540649
39	173	0.510205
40	24	0.52272
40	37	0.505872
40	38	0.511079
40	108	0.495161
40	116	0.447105
40	134	1.26596
40	150	0.507495
40	151	1.32762
40	158	1.35466
40	173	1.34278
40	174	1.33153
40	176	1.34331
40	177	1.34956
40	178	1.34656
40	180	1.33803
41	45	1.32269
41	76	0.482439
41	118	1.35181
41	126	1.34005
41	127	1.39723
41	129	0.495919
41	130	1.32326
41	138	1.34337
41	148	1.29338
41	150	1.29665
41	159	1.33156
41	160	0.505109
41	168	0.519884
41	173	0.515025
41	176	0.502685
42	7	1.42551
42	59	1.3078
42	66	1.38016
42	67	1.24364
42	80	1.27153
42	82	1.26905
42	99	1.37729
42	102	1.36466
42	120	0.507012
42	125	0.500576
42	146	1.36035
42	147	0.486467
42	171	0.509434
42	172	0.512444
42	176	0.505103
43	30	0.482055
43	32	0.488208
43	51	0.521302
43	77	0.457554
43	118	0.488374
43	138	0.548414
43	147	1.38121
43	158	1.34232
43	163	1.3394
43	166	1.29011
43	167	1.31887
43	176	1.33096
43	177	1.33722
43	178	1.33421
43	180	1.32569
44	12	1.40396
44	50	1.40524
44	59	1.29143
44	66	1.36378
44	67	1.22726
44	80	1.25516
44	99	1.36091
44	102	1.34828
44	131	0.507242
44	136	0.522231
44	146	1.34397
44	170	0.488325
44	171	0.499163
44	178	0.493692
44	179	0.510391
45	41	1.32269
45	106	1.34959
45	111	1.30583
45	118	1.34529
45	133	1.3589
45	138	1.33686
45	141	0.524515
45	150	1.29014
45	157	0.505053
45	158	0.49358
45	159	1.32504
45	160	0.497747
45	164	1.36565
45	176	0.495322
45	180	0.504897
46	31	0.472107
46	37	0.504597
46	51	0.495559
46	56	0.536189
46	126	0.480583
46	159	0.496913
46	167	1.32243
46	170	1.33834
46	172	1.35071
46	173	1.334
46	174	1.32275
46	175	1.34815
46	178	1.33778
46	179	1.31659
46	180	1.32925
47	94	0.46988
47	113	1.32282
47	124	0.501483
47	127	1.40426
47	130	1.33029
47	138	1.35041
47	143	1.32706
47	144	1.32247
47	148	1.30042
47	150	1.30368
47	151	0.533556
47	156	0.518087
47	159	1.33859
47	165	0.485305
47	178	0.512737
48	21	0.431777
48	28	1.37435
48	32	1.37533
48	38	1.29375
48	62	1.32834
48	100	1.31219
48	103	1.3474
48	107	1.31878
48	108	1.31517
48	115	0.524206
48	131	0.524473
48	165	1.33468
48	170	0.505555
48	172	0.519403
48	176	0.512062
49	71	1.46083
49	77	1.46083
49	81	1.46083
49	84	1.36318
49	87	1.4008
49	93	1.32129
49	96	1.32129
49	158	0.465025
49	162	0.454321
49	164	1.41095
49	167	0.47997
49	168	0.483966
49	172	0.474108
49	177	0.46361
50	44	1.40524
50	80	1.32392
50	82	1.32144
50	92	1.45801
50	95	1.45801
50	102	1.41705
50	121	0.450742
50	146	1.41274
50	149	1.40359
50	160	0.464549
50	166	0.50491
50	173	0.474465
50	175	0.467419
50	177	0.458968
51	8	1.19918
51	34	1.13778
51	43	0.521302
51	46	0.495559
51	117	1.31304
51	137	1.39253
51	140	1.36203
51	142	1.41676
51	153	1.40106
51	154	1.40219
51	156	0.505677
51	165	0.472895
51	171	0.505798
51	172	1.37542
51	174	0.512816
52	14	1.34352
52	78	1.40017
52	91	1.26815
52	110	1.32125
52	114	1.30903
52	116	1.4416
52	119	1.28029
52	128	0.503531
52	147	0.484196
52	149	1.32484
52	161	0.504989
52	168	1.31114
52	174	0.514181
52	178	0.501692
52	180	0.512407
53	14	1.33433
53	19	1.26018
53	54	1.27335
53	72	1.3024
53	73	1.3024
53	75	1.38828
53	78	1.39099
53	97	0.482454
53	116	1.43242
53	121	0.492623
53	132	0.497388
53	149	1.31566
53	151	0.523686
53	167	0.51721
53	169	0.507599
54	5	1.14982
54	19	1.2354
54	53	1.27335
54	69	1.15801
54	72	1.27761
54	73	1.27761
54	75	1.3635
54	78	1.3662
54	116	1.40763
54	121	0.525779
54	125	0.532635
54	149	1.29087
54	162	0.524716
54	168	0.554361
54	173	0.549503
54	177	0.534005
55	106	1.30499
55	110	1.27649
55	112	1.25777
55	113	1.26468
55	119	1.23554
55	129	0.534639
55	143	1.26892
55	152	1.32372
55	159	1.28045
55	164	1.32105
55	165	0.512833
55	168	1.26639
55	170	0.534899
55	176	0.541405
55	178	0.540266
55	179	0.556965
56	9	1.27701
56	10	1.30108
56	18	1.39756
56	26	0.555805
56	29	0.465811
56	36	1.15234
56	46	0.536189
56	68	1.37074
56	74	1.17413
56	92	1.31749
56	95	1.31749
56	136	1.22907
56	149	1.26307
56	168	0.559296
56	173	0.554437
56	177	0.53894
57	5	0.557408
57	15	0.433489
57	66	0.429026
57	86	0.44518
57	99	0.439972
57	108	0.43716
57	134	1.3548
57	151	1.41646
57	159	0.440188
57	170	1.43595
57	175	1.44577
57	176	1.43214
57	177	1.4384
57	178	1.43539
57	179	1.41421
57	180	1.42687
58	3	1.29468
58	86	1.27616
58	90	1.24989
58	98	1.30613
58	122	1.23304
58	123	0.540809
58	131	0.53084
58	137	1.29077
58	140	1.26026
58	141	0.547621
58	142	1.31499
58	151	0.538109
58	154	1.30043
58	172	1.27365
58	174	0.529778
58	179	0.533988
59	7	1.36408
59	42	1.3078
59	44	1.29143
59	66	1.31873
59	67	1.18221
59	80	1.21011
59	82	1.20762
59	99	1.31586
59	102	1.30323
59	146	1.29892
59	168	0.547459
59	169	0.533853
59	172	0.537601
59	173	0.5426
59	176	0.53026
59	178	0.52912
60	18	0.41276
60	27	0.406981
60	34	0.684148
60	61	0.431335
60	83	0.477489
60	106	0.463626
60	117	0.509521
60	151	1.34488
60	161	1.35087
60	162	1.39652
60	171	1.37355
60	173	1.36004
60	174	1.3488
60	176	1.36057
60	177	1.36683
60	179	1.34264
60	180	1.3553
61	13	1.42605
61	22	0.616794
61	60	0.431335
61	70	1.33422
61	83	1.37891
61	91	1.311
61	110	1.3641
61	112	1.34538
61	114	1.35188
61	119	1.32314
61	152	1.41133
61	155	0.472339
61	163	0.464832
61	166	0.498989
61	168	1.35399
61	175	0.461498
61	179	0.471764
62	4	1.39428
62	28	1.4084
62	29	0.40957
62	30	1.40693
62	38	1.32779
62	48	1.32834
62	89	1.31728
62	100	1.34623
62	101	0.539027
62	107	1.35282
62	108	1.34922
62	121	0.474473
62	155	0.50199
62	157	0.495587
62	165	1.36872
62	167	0.49906
62	179	0.501415
63	24	1.31099
63	25	0.489066
63	85	0.48781
63	98	1.38948
63	109	1.36537
63	117	1.29463
63	134	0.554239
63	137	1.37412
63	140	1.34362
63	142	1.39834
63	153	1.38265
63	154	1.38378
63	165	0.446346
63	171	0.47925
63	172	1.35701
63	178	0.473779
63	179	0.490478
64	8	1.22487
64	34	1.16346
64	109	1.40946
64	117	1.33873
64	122	1.36049
64	124	0.473154
64	137	1.41822
64	140	1.38771
64	142	1.44244
64	147	0.466912
64	151	0.505228
64	153	1.42675
64	154	1.42788
64	155	0.501682
64	157	0.495279
64	173	0.497889
64	178	0.484408
65	20	0.615806
65	38	0.462361
65	74	0.501997
65	99	0.449255
65	145	1.37204
65	148	0.465884
65	149	0.44659
65	153	0.440584
65	157	1.37076
65	170	1.35894
65	171	1.3681
65	173	1.3546
65	175	1.36875
65	177	1.36138
65	178	1.35838
65	179	1.3372
65	180	1.34985
66	7	1.43643
66	12	1.43127
66	42	1.38016
66	44	1.36378
66	57	0.429026
66	59	1.31873
66	67	1.25457
66	82	1.27998
66	99	1.38822
66	102	1.37559
66	136	0.519058
66	146	1.37128
66	158	0.489917
66	167	0.504862
66	171	0.49599
66	176	0.491659
66	178	0.490519
67	7	1.29991
67	12	1.29475
67	29	1.33444
67	42	1.24364
67	44	1.22726
67	59	1.18221
67	66	1.25457
67	80	1.14594
67	82	1.14346
67	102	1.23907
67	135	0.565286
67	139	0.567476
67	146	1.23476
67	160	0.571742
67	161	0.571474
67	172	0.576658
67	178	0.568178
68	9	1.45479
68	10	1.47886
68	18	1.57534
68	36	1.33011
68	56	1.37074
68	74	1.35191
68	92	1.49527
68	95	1.49527
68	123	0.465168
68	125	0.438261
68	132	0.436171
68	136	1.40685
68	149	1.44085
68	157	0.452519
68	166	0.485573
68	173	0.455129
68	176	0.442788
68	180	0.452363
69	5	1.05926
69	35	1.31248
69	54	1.15801
69	72	1.18705
69	73	1.18705
69	83	1.21153
69	110	1.19672
69	114	1.1845
69	116	1.31707
69	119	1.15576
69	124	0.59626
69	152	1.24395
69	156	0.612863
69	165	0.580081
69	168	1.18661
69	170	0.602147
69	177	0.605497
69	179	0.624213
70	13	1.35807
70	35	1.41188
70	61	1.33422
70	83	1.31092
70	85	0.518886
70	91	1.24301
70	101	0.559165
70	110	1.29611
70	112	1.27739
70	114	1.28389
70	119	1.25516
70	145	0.508771
70	152	1.34334
70	168	1.28601
70	172	0.513335
70	176	0.505994
70	177	0.502837
70	180	0.515569
71	17	1.36083
71	31	1.46083
71	49	1.46083
71	77	1.51488
71	81	1.51488
71	84	1.41723
71	87	1.45485
71	93	1.37534
71	96	1.37534
71	125	0.429315
71	131	0.446252
71	134	0.513162
71	136	0.461241
71	164	1.465
71	173	0.446182
71	175	0.439135
71	179	0.449401
71	180	0.443416
72	5	1.17886
72	14	1.33859
72	19	1.26444
72	53	1.3024
72	54	1.27761
72	69	1.18705
72	73	1.30666
72	75	1.39254
72	78	1.39525
72	94	0.477632
72	116	1.43668
72	149	1.31992
72	157	0.531359
72	161	0.523786
72	162	0.509183
72	163	0.530257
72	170	0.515122
72	179	0.537188
73	5	1.17886
73	14	1.33859
73	19	1.26444
73	21	0.443202
73	53	1.3024
73	54	1.27761
73	69	1.18705
73	72	1.30666
73	75	1.39254
73	78	1.39525
73	116	1.43668
73	120	0.525396
73	135	0.519456
73	149	1.31992
73	155	0.539621
73	158	0.521745
73	168	0.540686
73	172	0.530828
74	56	1.17413
74	65	0.501997
74	68	1.35191
74	90	1.22736
74	92	1.29866
74	95	1.29866
74	98	1.2836
74	103	1.2779
74	128	0.556047
74	140	1.23774
74	146	0.533715
74	149	1.24424
74	153	1.27677
74	154	1.2779
74	161	0.557504
74	169	0.55894
74	172	1.25113
74	175	0.560641
74	177	0.55219
75	5	1.26475
75	14	1.42448
75	19	1.35033
75	22	1.21405
75	53	1.38828
75	54	1.3635
75	72	1.39254
75	73	1.39254
75	78	1.48113
75	116	1.52257
75	120	0.479654
75	147	0.459108
75	149	1.40581
75	168	0.494943
75	169	0.481337
75	170	0.471237
75	171	0.482075
75	172	0.485085
75	177	0.474587
76	32	0.448127
76	35	0.456891
76	41	0.482439
76	79	0.45847
76	96	0.502236
76	122	0.496581
76	132	1.39944
76	139	1.40353
76	143	0.463998
76	144	0.473627
76	151	1.36051
76	157	1.39183
76	158	1.38756
76	175	1.38983
76	176	1.3762
76	177	1.38245
76	178	1.37945
76	179	1.35827
76	180	1.37093
77	17	1.36083
77	31	1.46083
77	43	0.457554
77	49	1.46083
77	71	1.51488
77	81	1.51488
77	84	1.41723
77	87	1.45485
77	93	1.37534
77	96	1.37534
77	124	0.425325
77	134	0.517039
77	156	0.441929
77	161	0.439876
77	164	1.465
77	168	0.454918
77	177	0.434562
77	179	0.453278
78	5	1.26745
78	19	1.35303
78	22	1.21676
78	52	1.40017
78	53	1.39099
78	54	1.3662
78	72	1.39525
78	73	1.39525
78	75	1.48113
78	85	0.48796
78	94	0.431072
78	115	0.487213
78	116	1.52527
78	125	0.470542
78	149	1.40851
78	155	0.491203
78	157	0.484799
78	179	0.490628
78	180	0.484644
79	6	1.40613
79	37	1.36387
79	76	0.45847
79	85	0.491607
79	126	1.37548
79	127	1.43265
79	130	1.35868
79	133	1.40084
79	138	1.3788
79	141	0.507908
79	143	1.35545
79	144	1.35086
79	147	0.46008
79	152	1.41026
79	158	0.476974
79	159	1.36698
79	162	0.46627
79	170	0.472209
79	173	0.491056
80	7	1.32781
80	12	1.32264
80	29	1.36233
80	42	1.27153
80	44	1.25516
80	50	1.32392
80	59	1.21011
80	67	1.14594
80	82	1.17135
80	99	1.27959
80	102	1.26696
80	105	0.51617
80	139	0.543334
80	146	1.26265
80	160	0.5476
80	162	0.532729
80	166	0.58796
80	177	0.542018
80	180	0.55475
81	17	1.36083
81	31	1.46083
81	49	1.46083
81	71	1.51488
81	77	1.51488
81	84	1.41723
81	87	1.45485
81	93	1.37534
81	96	1.37534
81	139	0.445079
81	163	0.455548
81	164	1.465
81	167	0.460124
81	168	0.46412
81	172	0.454261
81	173	0.459261
81	177	0.443763
81	178	0.445781
82	7	1.32533
82	12	1.32016
82	22	0.683582
82	29	1.35985
82	42	1.26905
82	50	1.32144
82	59	1.20762
82	66	1.27998
82	67	1.14346
82	80	1.17135
82	99	1.27711
82	102	1.26448
82	104	0.573727
82	146	1.26017
82	147	0.504357
82	165	0.49442
82	169	0.526586
82	170	0.516486
82	178	0.521853
83	2	1.39668
83	4	1.39089
83	23	1.301
83	60	0.477489
83	61	1.37891
83	69	1.21153
83	70	1.31092
83	110	1.34081
83	112	1.32209
83	114	1.32859
83	119	1.29985
83	145	0.505135
83	152	1.38804
83	157	0.512089
83	161	0.504515
83	168	1.3307
83	172	0.509699
83	176	0.502358
83	178	0.501219
83	180	0.511933
84	11	1.19174
84	17	1.26318
84	20	1.28715
84	31	1.36318
84	49	1.36318
84	71	1.41723
84	77	1.41723
84	81	1.41723
84	87	1.35719
84	93	1.27768
84	96	1.27768
84	125	0.499511
84	147	0.485402
84	160	0.506462
84	164	1.36734
84	170	0.497531
84	171	0.508369
84	172	0.511379
84	173	0.516378
84	178	0.502898
85	63	0.48781
85	70	0.518886
85	78	0.48796
85	79	0.491607
85	103	0.499402
85	127	0.475034
85	128	1.35388
85	133	0.518855
85	144	0.506764
85	167	1.32075
85	169	1.32865
85	170	1.33665
85	171	1.34582
85	173	1.33231
85	174	1.32106
85	175	1.34647
85	176	1.33284
85	177	1.33909
85	179	1.31491
85	180	1.32757
86	33	1.23942
86	57	0.44518
86	58	1.27616
86	90	1.32569
86	99	1.36865
86	117	1.28707
86	122	1.30884
86	124	0.495419
86	137	1.36656
86	140	1.33606
86	142	1.39078
86	145	0.51059
86	153	1.37509
86	154	1.37622
86	168	0.525012
86	169	0.511406
86	171	0.512144
86	172	1.34945
86	173	0.520153
86	177	0.504656
87	17	1.3008
87	25	1.34031
87	31	1.4008
87	49	1.4008
87	71	1.45485
87	77	1.45485
87	81	1.45485
87	84	1.35719
87	93	1.3153
87	96	1.3153
87	97	0.525947
87	132	0.540881
87	135	0.543468
87	154	0.000512379
87	164	1.40496
87	168	0.564698
87	172	0.55484
87	176	0.547499
87	178	0.546359
88	25	0.510879
88	34	1.11766
88	90	1.33155
88	123	0.519112
88	132	0.490115
88	133	1.38264
88	138	1.36061
88	140	1.34192
88	142	1.39664
88	144	1.33267
88	146	0.475101
88	148	1.31061
88	150	1.31388
88	151	0.516412
88	153	1.38095
88	154	1.38208
88	156	0.500942
88	159	1.34879
88	167	0.509936
88	175	0.502026
89	1	1.33565
89	4	1.34917
89	15	1.33565
89	28	1.36329
89	30	1.36182
89	32	1.36426
89	62	1.31728
89	100	1.30112
89	103	1.33634
89	107	1.30771
89	108	1.30411
89	129	0.477399
89	134	0.563485
89	145	0.486942
89	160	0.486589
89	165	1.32361
89	166	0.52695
89	172	0.491506
89	174	0.495514
89	179	0.499724
90	34	1.08554
90	58	1.24989
90	74	1.22736
90	86	1.32569
90	88	1.33155
90	117	1.26081
90	122	1.28257
90	129	0.502913
90	131	0.52209
90	134	0.588999
90	136	0.537078
90	137	1.3403
90	140	1.3098
90	142	1.36452
90	151	0.529358
90	153	1.34883
90	154	1.34996
90	163	0.518306
90	167	0.522882
90	172	1.32319
90	177	0.506522
91	2	1.32876
91	4	1.32298
91	13	1.33485
91	35	1.38866
91	52	1.26815
91	61	1.311
91	70	1.24301
91	110	1.27289
91	112	1.25417
91	114	1.26067
91	119	1.23194
91	120	0.52627
91	141	0.553553
91	147	0.505725
91	152	1.32013
91	155	0.540495
91	158	0.522619
91	168	1.26279
91	176	0.524361
91	177	0.521203
91	180	0.533936
92	9	1.40154
92	10	1.42561
92	18	1.52208
92	36	1.27686
92	50	1.45801
92	56	1.31749
92	68	1.49527
92	74	1.29866
92	94	0.428091
92	95	1.44202
92	103	1.42126
92	128	0.472787
92	135	0.468056
92	136	1.3536
92	149	1.3876
92	161	0.474244
92	168	0.489287
92	175	0.477381
92	177	0.46893
92	178	0.470948
92	180	0.481662
93	11	1.14984
93	17	1.22129
93	20	1.24526
93	21	0.457789
93	25	1.2608
93	31	1.32129
93	49	1.32129
93	71	1.37534
93	77	1.37534
93	81	1.37534
93	84	1.27768
93	87	1.3153
93	96	1.23579
93	163	0.546701
93	164	1.32545
93	165	0.509501
93	169	0.541667
93	175	0.543368
93	177	0.534917
93	178	0.536934
93	179	0.553633
94	36	0.52833
94	38	0.471714
94	47	0.46988
94	72	0.477632
94	78	0.431072
94	92	0.428091
94	109	0.475636
94	114	0.475237
94	139	1.43023
94	141	1.37796
94	152	0.431804
94	163	1.41134
94	166	1.36205
94	169	1.39871
94	173	1.40237
94	175	1.41653
94	176	1.4029
94	177	1.40915
94	178	1.40615
94	179	1.38497
94	180	1.39763
95	9	1.40154
95	10	1.42561
95	18	1.52208
95	36	1.27686
95	50	1.45801
95	56	1.31749
95	68	1.49527
95	74	1.29866
95	92	1.44202
95	103	1.42126
95	124	0.457949
95	136	1.3536
95	149	1.3876
95	160	0.472767
95	161	0.4725
95	163	0.478971
95	165	0.441771
95	174	0.481692
95	175	0.475637
95	176	0.470343
95	180	0.479918
96	11	1.14984
96	17	1.22129
96	20	1.24526
96	25	1.2608
96	31	1.32129
96	49	1.32129
96	71	1.37534
96	76	0.502236
96	77	1.37534
96	81	1.37534
96	84	1.27768
96	87	1.3153
96	93	1.23579
96	121	0.5111
96	135	0.518451
96	157	0.532213
96	161	0.524639
96	164	1.32545
96	166	0.565267
96	167	0.535686
96	173	0.534823
97	39	0.476312
97	53	0.482454
97	87	0.525947
97	99	0.481053
97	108	0.478241
97	110	0.493041
97	113	0.49451
97	128	1.37542
97	140	0.481464
97	142	0.465892
97	163	1.36282
97	166	1.31353
97	170	1.35819
97	171	1.36736
97	173	1.35385
97	174	1.3426
97	175	1.36801
97	176	1.35438
97	177	1.36064
97	178	1.35763
97	179	1.33645
97	180	1.34911
98	8	1.20318
98	58	1.30613
98	63	1.38948
98	74	1.2836
98	109	1.38778
98	117	1.31704
98	122	1.3388
98	123	0.501547
98	136	0.506566
98	137	1.39653
98	140	1.36603
98	142	1.42075
98	153	1.40506
98	154	1.40619
98	156	0.483377
98	160	0.481591
98	166	0.521952
98	171	0.483498
98	172	1.37942
98	174	0.490516
98	175	0.484461
98	178	0.478027
99	42	1.37729
99	44	1.36091
99	57	0.439972
99	59	1.31586
99	65	0.449255
99	66	1.38822
99	80	1.27959
99	82	1.27711
99	86	1.36865
99	97	0.481053
99	102	1.37272
99	104	0.553339
99	122	1.32553
99	137	1.38326
99	153	1.39179
99	154	1.39292
99	165	0.474032
99	168	0.519804
99	172	1.36615
99	176	0.502605
99	177	0.499448
99	178	0.501465
100	1	1.36459
100	15	1.36459
100	16	1.3475
100	28	1.39224
100	30	1.39077
100	32	1.39321
100	48	1.31219
100	62	1.34623
100	89	1.30112
100	103	1.36528
100	107	1.33666
100	108	1.33306
100	115	0.501122
100	125	0.484451
100	129	0.482212
100	147	0.470342
100	165	1.35256
100	167	0.502182
100	174	0.500327
100	178	0.487838
100	179	0.504537
100	180	0.498553
101	19	0.55258
101	62	0.539027
101	70	0.559165
101	113	0.569233
101	128	1.27811
101	130	0.533252
101	136	1.23238
101	144	0.547043
101	149	0.55311
101	152	0.528972
101	155	1.2623
101	157	1.2727
101	163	1.26551
101	166	1.21622
101	170	1.26088
101	171	1.27005
101	173	1.25655
101	175	1.2707
101	177	1.26333
101	178	1.26032
101	179	1.23914
101	180	1.2518
102	7	1.42094
102	12	1.41577
102	29	1.45546
102	42	1.36466
102	44	1.34828
102	50	1.41705
102	59	1.30323
102	66	1.37559
102	67	1.23907
102	80	1.26696
102	82	1.26448
102	99	1.37272
102	115	0.494991
102	139	0.481006
102	141	0.512039
102	145	0.485624
102	146	1.35578
102	158	0.481105
102	168	0.500046
102	172	0.490188
102	174	0.494196
102	180	0.492422
103	36	1.2561
103	38	1.34685
103	48	1.3474
103	74	1.2779
103	85	0.499402
103	89	1.33634
103	92	1.42126
103	95	1.42126
103	100	1.36528
103	107	1.37188
103	108	1.36827
103	136	1.33284
103	146	0.464879
103	149	1.36684
103	157	0.496241
103	165	1.38778
103	168	0.50371
103	170	0.480004
103	172	0.493852
103	175	0.491805
103	179	0.50207
103	180	0.496086
104	82	0.573727
104	99	0.553339
104	120	1.2693
104	137	0.533616
104	139	1.27904
104	140	0.55375
104	144	0.544606
104	147	1.30196
104	150	0.562861
104	152	0.526535
104	155	1.25693
104	164	0.53043
104	167	1.23962
104	169	1.24752
104	170	1.25552
104	174	1.23993
104	175	1.26534
104	176	1.25171
104	177	1.25796
104	178	1.25496
104	179	1.23378
104	180	1.24644
105	10	0.452249
105	23	0.500751
105	80	0.51617
105	113	0.487057
105	131	1.36831
105	139	1.37718
105	140	0.474011
105	142	0.458439
105	150	0.483122
105	154	0.533703
105	158	1.36121
105	159	0.473816
105	160	1.35418
105	167	1.33776
105	170	1.35366
105	171	1.36283
105	173	1.34932
105	176	1.34985
105	177	1.3561
105	178	1.3531
105	179	1.33192
105	180	1.34458
106	45	1.34959
106	55	1.30499
106	60	0.463626
106	113	1.34268
106	115	1.33942
106	118	1.3787
106	120	0.490404
106	123	0.510875
106	125	1.37709
106	126	1.36695
106	129	0.481729
106	138	1.37027
106	139	0.486654
106	141	0.517687
106	143	1.34692
106	144	1.34233
106	150	1.32355
106	159	1.35845
106	164	1.39905
106	175	0.493789
106	177	0.485338
106	180	0.49807
107	1	1.37119
107	15	1.37119
107	16	1.35409
107	28	1.39883
107	32	1.39981
107	38	1.31823
107	48	1.31878
107	62	1.35282
107	89	1.30771
107	100	1.33666
107	103	1.37188
107	108	1.33965
107	123	0.50908
107	145	0.489477
107	146	0.465069
107	156	0.49091
107	162	0.474254
107	165	1.35916
107	166	0.529485
107	169	0.490294
107	171	0.491032
107	175	0.491994
108	1	1.36758
108	15	1.36758
108	28	1.39523
108	30	1.39376
108	32	1.3962
108	38	1.31462
108	40	0.495161
108	48	1.31517
108	57	0.43716
108	62	1.34922
108	89	1.30411
108	97	0.478241
108	100	1.33306
108	103	1.36827
108	107	1.33965
108	115	0.511937
108	147	0.481158
108	157	0.509524
108	165	1.35555
108	176	0.499793
108	178	0.498654
108	180	0.509368
109	8	1.17907
109	11	1.21378
109	21	0.439348
109	25	0.53378
109	33	1.24528
109	34	1.11766
109	63	1.36537
109	64	1.40946
109	94	0.475636
109	98	1.38778
109	117	1.29293
109	122	1.31469
109	125	0.515106
109	129	0.512867
109	137	1.37242
109	140	1.34191
109	142	1.39664
109	153	1.38095
109	154	1.38208
109	155	0.535767
109	158	0.517891
109	163	0.52826
109	166	0.562418
110	4	1.37608
110	13	1.38795
110	23	1.28618
110	52	1.32125
110	55	1.27649
110	61	1.3641
110	69	1.19672
110	70	1.29611
110	83	1.34081
110	91	1.27289
110	97	0.493041
110	112	1.30727
110	119	1.28504
110	151	0.534272
110	152	1.37323
110	157	0.524323
110	160	0.517017
110	163	0.52322
110	165	0.48602
110	168	1.31589
110	176	0.514592
110	177	0.511435
110	180	0.524167
111	39	1.31823
111	45	1.30583
111	113	1.29892
111	118	1.33494
111	126	1.32319
111	129	0.505472
111	130	1.30639
111	131	0.524649
111	138	1.32651
111	143	1.30316
111	144	1.29857
111	148	1.27652
111	150	1.27979
111	152	1.35797
111	158	0.510496
111	159	1.31469
111	164	1.35529
111	170	0.505731
111	171	0.51657
111	172	0.519579
111	176	0.512238
111	177	0.509081
111	179	0.527797
112	2	1.36315
112	13	1.36923
112	23	1.26746
112	26	0.518034
112	35	1.42304
112	55	1.25777
112	61	1.34538
112	70	1.27739
112	83	1.32209
112	91	1.25417
112	110	1.30727
112	114	1.29506
112	119	1.26632
112	124	0.491932
112	134	0.583646
112	135	0.500295
112	152	1.35451
112	160	0.50675
112	168	1.29717
112	169	0.507919
112	176	0.504326
112	177	0.501169
112	180	0.513901
113	6	1.35729
113	37	1.31503
113	47	1.32282
113	55	1.26468
113	97	0.49451
113	101	0.569233
113	105	0.487057
113	106	1.34268
113	111	1.29892
113	121	0.504679
113	126	1.32664
113	128	0.516761
113	133	1.352
113	138	1.32996
113	143	1.30661
113	144	1.30202
113	148	1.27997
113	150	1.28324
113	159	1.31814
113	165	0.48749
113	169	0.519655
113	176	0.516062
113	180	0.525637
114	2	1.36965
114	13	1.37573
114	23	1.27397
114	35	1.42954
114	52	1.30903
114	61	1.35188
114	69	1.1845
114	70	1.28389
114	83	1.32859
114	91	1.26067
114	94	0.475237
114	112	1.29506
114	119	1.27282
114	139	0.517392
114	145	0.522011
114	146	0.497602
114	152	1.36101
114	155	0.535368
114	165	0.490661
114	168	1.30367
114	174	0.530583
114	175	0.524528
114	179	0.534793
115	2	0.495925
115	16	0.489897
115	17	0.516758
115	48	0.524206
115	78	0.487213
115	100	0.501122
115	102	0.494991
115	106	1.33942
115	108	0.511937
115	127	1.38055
115	130	1.30658
115	133	1.34873
115	138	1.32669
115	148	1.2767
115	154	0.574852
115	159	1.31487
115	167	1.29311
115	169	1.30102
115	176	1.30521
115	177	1.31146
115	178	1.30846
115	179	1.28727
115	180	1.29993
116	5	1.30888
116	14	1.46862
116	19	1.39446
116	22	1.25819
116	40	0.447105
116	52	1.4416
116	53	1.43242
116	54	1.40763
116	69	1.31707
116	72	1.43668
116	73	1.43668
116	75	1.52257
116	78	1.52527
116	128	0.452437
116	149	1.44994
116	151	0.471417
116	163	0.460365
116	166	0.494522
116	171	0.456069
116	173	0.464078
116	175	0.457031
116	179	0.467296
116	180	0.461312
117	26	0.548098
117	34	1.04693
117	51	1.31304
117	60	0.509521
117	63	1.29463
117	64	1.33873
117	86	1.28707
117	90	1.26081
117	98	1.31704
117	109	1.29293
117	122	1.24395
117	136	0.56179
117	137	1.30168
117	140	1.27118
117	142	1.3259
117	147	0.515755
117	153	1.31021
117	154	1.31134
117	155	0.550524
117	156	0.5386
117	162	0.521944
117	172	1.28457
117	176	0.53439
117	180	0.543965
118	27	1.51262
118	41	1.35181
118	43	0.488374
118	45	1.34529
118	106	1.3787
118	111	1.33494
118	123	0.490919
118	125	1.3728
118	127	1.41983
118	130	1.34586
118	133	1.38801
118	138	1.36598
118	148	1.31598
118	150	1.31925
118	156	0.472749
118	159	1.35416
118	163	0.477167
118	164	1.39476
118	166	0.511324
118	168	0.485739
118	174	0.479889
118	175	0.473833
118	178	0.467399
118	179	0.484098
119	2	1.34091
119	23	1.24523
119	25	0.547044
119	35	1.4008
119	52	1.28029
119	55	1.23554
119	61	1.32314
119	69	1.15576
119	70	1.25516
119	83	1.29985
119	91	1.23194
119	110	1.28504
119	112	1.26632
119	114	1.27282
119	146	0.511265
119	152	1.33227
119	160	0.535321
119	168	1.27493
119	170	0.52639
119	171	0.537228
119	173	0.545237
119	174	0.544246
119	176	0.532897
119	179	0.548456
120	16	0.479663
120	42	0.507012
120	73	0.525396
120	75	0.479654
120	91	0.52627
120	104	1.2693
120	106	0.490404
120	124	1.3682
120	129	1.34865
120	142	0.489353
120	149	0.501849
120	159	0.50473
120	162	1.36811
120	164	0.481606
120	168	1.32776
120	169	1.32797
120	171	1.34513
120	173	1.33163
120	174	1.32038
120	175	1.34578
120	176	1.33216
120	177	1.33841
120	178	1.33541
120	179	1.31423
120	180	1.32688
121	11	0.590634
121	50	0.450742
121	53	0.492623
121	54	0.525779
121	62	0.474473
121	96	0.5111
121	113	0.504679
121	135	1.3164
121	145	1.34737
121	147	1.3807
121	149	0.488557
121	153	0.482551
121	157	1.34608
121	164	0.468313
121	167	1.31836
121	169	1.32626
121	170	1.33426
121	171	1.34343
121	173	1.32992
121	174	1.31867
121	176	1.33045
121	177	1.3367
121	178	1.3337
121	179	1.31252
121	180	1.32518
122	24	1.26031
122	33	1.19631
122	58	1.23304
122	64	1.36049
122	76	0.496581
122	86	1.30884
122	90	1.28257
122	98	1.3388
122	99	1.32553
122	109	1.31469
122	117	1.24395
122	137	1.32345
122	140	1.29294
122	142	1.34767
122	153	1.33197
122	154	1.33311
122	155	0.532961
122	165	0.488255
122	166	0.559612
122	167	0.530031
122	169	0.520421
122	172	1.30633
122	173	0.529168
122	178	0.515688
122	179	0.532387
122	180	0.526402
123	58	0.540809
123	68	0.465168
123	88	0.519112
123	98	0.501547
123	106	0.510875
123	107	0.50908
123	118	0.490919
123	132	1.31953
123	138	0.550959
123	141	1.27136
123	147	1.34654
123	153	0.516314
123	154	0.585088
123	156	1.30162
123	160	1.30063
123	167	1.2842
123	169	1.29211
123	170	1.30011
123	171	1.30927
123	172	1.31248
123	173	1.29577
123	174	1.28452
123	175	1.30992
123	177	1.30255
123	179	1.27836
123	180	1.29102
124	37	0.498111
124	47	0.501483
124	64	0.473154
124	69	0.59626
124	77	0.425325
124	86	0.495419
124	95	0.457949
124	112	0.491932
124	120	1.3682
124	143	0.47185
124	149	0.487546
124	159	0.490427
124	160	1.35494
124	161	1.3409
124	165	1.38085
124	166	1.30976
124	167	1.33852
124	169	1.34642
124	170	1.35442
124	171	1.36358
124	174	1.33883
124	175	1.36424
124	176	1.35061
124	177	1.35686
124	178	1.35386
124	179	1.33268
124	180	1.34534
125	10	0.476727
125	15	0.491595
125	42	0.500576
125	54	0.532635
125	68	0.438261
125	71	0.429315
125	78	0.470542
125	84	0.499511
125	100	0.484451
125	106	1.37709
125	109	0.515106
125	118	1.3728
125	127	1.41822
125	130	1.34425
125	144	1.33643
125	148	1.31438
125	150	1.31765
125	154	0.558181
125	159	1.35255
125	162	1.37883
125	173	1.34235
125	174	1.3311
125	175	1.35651
125	177	1.34914
125	178	1.34613
125	179	1.32495
125	180	1.33761
126	39	1.34594
126	41	1.34005
126	46	0.480583
126	79	1.37548
126	106	1.36695
126	111	1.32319
126	113	1.32664
126	127	1.40808
126	130	1.3341
126	131	0.498901
126	132	0.479873
126	133	1.37626
126	136	0.51389
126	138	1.35422
126	144	1.32629
126	145	0.489268
126	148	1.30423
126	150	1.3075
126	151	0.50617
126	152	1.38568
126	156	0.4907
126	159	1.3424
126	164	1.38301
126	169	0.490084
126	174	0.49784
126	175	0.491785
126	180	0.496066
127	26	0.475851
127	37	1.39647
127	41	1.39723
127	47	1.40426
127	79	1.43265
127	85	0.475034
127	115	1.38055
127	118	1.41983
127	125	1.41822
127	126	1.40808
127	130	1.39128
127	131	0.474554
127	138	1.4114
127	139	0.460301
127	143	1.38805
127	144	1.38346
127	146	0.440511
127	148	1.36141
127	150	1.36468
127	152	1.44286
127	159	1.39958
127	162	0.449697
127	166	0.504928
127	171	0.466474
127	173	0.474483
127	174	0.473492
127	176	0.462143
127	179	0.477702
128	6	0.485261
128	8	0.599329
128	16	0.478453
128	27	0.43255
128	52	0.503531
128	74	0.556047
128	85	1.35388
128	92	0.472787
128	97	1.37542
128	101	1.27811
128	113	0.516761
128	116	0.452437
128	141	1.31067
128	142	0.488143
128	145	1.35252
128	149	0.500639
128	156	1.34093
128	158	1.34696
128	159	0.503521
128	161	1.3259
128	163	1.34405
128	166	1.29475
128	170	1.33942
128	174	1.32383
128	175	1.34923
128	176	1.33561
128	177	1.34186
128	178	1.33886
128	179	1.31768
128	180	1.33033
129	24	0.520586
129	41	0.495919
129	55	0.534639
129	89	0.477399
129	90	0.502913
129	100	0.482212
129	106	0.481729
129	109	0.512867
129	111	0.505472
129	120	1.34865
129	137	0.476117
129	144	0.487107
129	145	1.34797
129	148	0.512468
129	156	1.33638
129	158	1.34241
129	160	1.33539
129	162	1.36701
129	163	1.3395
129	166	1.2902
129	167	1.31896
129	170	1.33487
129	172	1.34725
129	173	1.33053
129	174	1.31928
129	176	1.33106
129	177	1.33731
129	178	1.33431
129	179	1.31313
129	180	1.32579
130	22	0.640671
130	41	1.32326
130	47	1.33029
130	79	1.35868
130	101	0.533252
130	111	1.30639
130	115	1.30658
130	118	1.34586
130	125	1.34425
130	126	1.3341
130	127	1.39128
130	131	0.492492
130	133	1.35946
130	138	1.33743
130	143	1.31408
130	144	1.30949
130	146	0.45845
130	148	1.28744
130	150	1.2907
130	151	0.499761
130	152	1.36888
130	159	1.32561
130	161	0.482238
130	164	1.36621
130	165	0.451509
130	166	0.522866
130	167	0.493285
130	168	0.497281
130	170	0.473575
130	180	0.489656
131	2	0.496192
131	4	0.48685
131	9	0.495466
131	44	0.507242
131	48	0.524473
131	58	0.53084
131	71	0.446252
131	90	0.52209
131	105	1.36831
131	111	0.524649
131	126	0.498901
131	127	0.474554
131	130	0.492492
131	134	1.25569
131	135	1.31898
131	145	1.34995
131	156	1.33835
131	157	1.34866
131	162	1.36898
131	163	1.34147
131	167	1.32093
131	170	1.33684
131	173	1.3325
131	174	1.32125
131	175	1.34666
131	176	1.33303
131	177	1.33928
131	178	1.33628
131	179	1.3151
131	180	1.32776
132	5	0.613423
132	13	0.468646
132	38	0.509093
132	39	0.491247
132	53	0.497388
132	68	0.436171
132	76	1.39944
132	87	0.540881
132	88	0.490115
132	123	1.31953
132	126	0.479873
132	134	1.26046
132	135	1.32375
132	137	0.476265
132	142	0.480826
132	150	0.505509
132	157	1.35344
132	163	1.34625
132	166	1.29695
132	167	1.32571
132	169	1.33362
132	171	1.35078
132	173	1.33728
132	174	1.32603
132	175	1.35143
132	176	1.33781
132	177	1.34406
132	178	1.34106
132	179	1.31987
132	180	1.33253
133	6	1.40691
133	20	0.0623257
133	27	1.52623
133	39	1.3713
133	45	1.3589
133	79	1.40084
133	85	0.518855
133	88	1.38264
133	113	1.352
133	115	1.34873
133	118	1.38801
133	126	1.37626
133	130	1.35946
133	138	1.37958
133	143	1.35623
133	144	1.35165
133	148	1.32959
133	150	1.33286
133	152	1.41104
133	155	0.522097
133	156	0.510173
133	159	1.36776
133	160	0.508388
133	162	0.493517
133	163	0.514591
133	166	0.548748
133	167	0.519167
133	169	0.509557
133	170	0.499457
133	172	0.513304
133	173	0.518304
134	7	0.547048
134	22	1.05478
134	28	0.534315
134	40	1.26596
134	57	1.3548
134	63	0.554239
134	71	0.513162
134	77	0.517039
134	89	0.563485
134	90	0.588999
134	112	0.583646
134	131	1.25569
134	132	1.26046
134	140	0.582337
134	143	0.563564
134	145	1.25414
134	154	0.642028
134	155	1.24245
134	156	1.24255
134	161	1.22752
134	162	1.27318
134	168	1.23283
134	171	1.2502
134	173	1.2367
134	174	1.22545
134	175	1.25085
134	176	1.23723
134	177	1.24348
134	178	1.24048
134	179	1.2193
134	180	1.23195
135	15	0.492091
135	33	0.560491
135	67	0.565286
135	73	0.519456
135	87	0.543468
135	92	0.468056
135	96	0.518451
135	112	0.500295
135	121	1.3164
135	131	1.31898
135	132	1.32375
135	143	0.480213
135	150	0.508096
135	152	0.47177
135	154	0.558677
135	155	1.30574
135	158	1.31187
135	160	1.30485
135	161	1.29081
135	162	1.33647
135	163	1.30896
135	165	1.33076
135	166	1.25966
135	173	1.29999
135	174	1.28874
135	175	1.31414
135	176	1.30052
135	177	1.30677
135	178	1.30377
135	179	1.28259
135	180	1.29524
136	1	0.500757
136	10	1.33719
136	17	0.532013
136	18	1.43366
136	36	1.18844
136	44	0.522231
136	56	1.22907
136	66	0.519058
136	68	1.40685
136	71	0.461241
136	90	0.537078
136	92	1.3536
136	95	1.3536
136	98	0.506566
136	101	1.23238
136	103	1.33284
136	117	0.56179
136	126	0.51389
136	137	0.510282
136	149	1.29918
136	152	0.5032
136	153	0.521333
136	157	1.3055
136	169	1.28569
136	171	1.30285
136	175	1.3035
136	176	1.28987
136	177	1.29613
136	178	1.29312
136	179	1.27194
136	180	1.2846
137	3	1.38509
137	8	1.18782
137	20	1.31795
137	33	1.25403
137	51	1.39253
137	58	1.29077
137	63	1.37412
137	64	1.41822
137	86	1.36656
137	90	1.3403
137	98	1.39653
137	99	1.38326
137	104	0.533616
137	109	1.37242
137	117	1.30168
137	122	1.32345
137	129	0.476117
137	132	0.476265
137	136	0.510282
137	140	1.35067
137	146	0.461251
137	153	1.3897
137	154	1.39083
137	155	0.499017
137	160	0.485307
137	166	0.525667
137	167	0.496086
137	172	1.36406
137	174	0.494232
137	176	0.482883
137	179	0.498442
137	180	0.492457
138	41	1.34337
138	43	0.548414
138	45	1.33686
138	47	1.35041
138	79	1.3788
138	88	1.36061
138	106	1.37027
138	111	1.32651
138	113	1.32996
138	115	1.32669
138	118	1.36598
138	123	0.550959
138	126	1.35422
138	127	1.4114
138	130	1.33743
138	133	1.37958
138	143	1.33419
138	144	1.32961
138	148	1.30755
138	150	1.31082
138	154	0.000887541
138	156	0.532789
138	159	1.34573
138	162	0.516133
138	167	0.541783
138	168	0.545779
138	170	0.522073
138	171	0.532911
138	172	0.53592
138	176	0.528579
138	179	0.544139
138	180	0.538154
139	1	0.471516
139	6	0.48272
139	32	0.466531
139	39	0.496023
139	67	0.567476
139	76	1.40353
139	80	0.543334
139	81	0.445079
139	94	1.43023
139	102	0.481006
139	104	1.27904
139	105	1.37718
139	106	0.486654
139	114	0.517392
139	127	0.460301
139	145	1.35882
139	151	1.32621
139	152	0.47396
139	157	1.35753
139	159	0.50098
139	161	1.3322
139	162	1.37785
139	166	1.30105
139	167	1.32981
139	170	1.34571
139	171	1.35488
139	174	1.33013
139	176	1.3419
139	177	1.34816
139	178	1.34515
139	179	1.32397
139	180	1.33663
140	3	1.35458
140	11	1.19203
140	33	1.22353
140	51	1.36203
140	58	1.26026
140	63	1.34362
