1	95	0.573398
1	108	1.17267
1	115	0.581178
1	141	0.659432
1	144	0.579047
1	159	1.18737
1	170	1.20368
1	173	1.21137
1	176	1.2069
1	178	1.19878
1	179	1.20991
1	180	1.20933
2	18	1.10263
2	27	0.806487
2	90	1.0662
2	124	1.03422
2	130	0.826038
2	144	1.08859
2	157	1.07228
2	159	1.05209
2	161	1.06574
2	162	1.05474
2	171	0.773525
2	178	1.0635
3	12	0.509449
3	17	1.25255
3	112	0.738741
3	123	1.15399
3	130	0.539977
3	132	1.21076
3	133	1.20327
3	137	0.620402
3	160	1.20355
3	166	1.18798
3	172	1.19448
3	178	1.19342
4	54	1.01103
4	83	1.00779
4	94	1.09859
4	99	1.08204
4	126	1.07081
4	131	0.779234
4	135	1.02171
4	153	1.07314
4	155	1.08325
4	171	1.15164
4	174	0.827834
4	176	0.798389
5	31	0.636001
5	39	0.526912
5	93	0.568491
5	131	1.21683
5	148	1.204
5	156	0.660252
5	165	1.20303
5	170	1.19484
5	175	1.17934
5	177	1.20039
5	179	1.20108
5	180	1.20049
6	50	1.16529
6	64	0.58441
6	97	0.595571
6	100	1.16487
6	101	1.22012
6	141	1.18773
6	154	1.20489
6	161	1.22024
6	162	1.20924
6	165	0.614864
6	169	1.22762
6	176	0.612963
7	23	0.971908
7	45	1.06399
7	108	1.04386
7	121	1.05331
7	134	1.09771
7	138	1.11028
7	149	1.11717
7	156	1.05921
7	164	0.8025
7	173	1.08256
7	175	0.810014
7	177	0.793217
8	113	0.592594
8	153	1.21452
8	154	0.610335
8	162	0.574206
8	164	1.20028
8	170	1.19753
8	172	0.616116
8	174	1.19566
8	175	1.18202
8	177	1.20307
8	179	1.20376
8	180	1.20317
9	30	1.19847
9	51	1.23982
9	62	1.2064
9	85	0.667105
9	97	0.542034
9	120	1.22151
9	129	0.638648
9	134	1.20247
9	166	1.16929
9	173	1.18731
9	178	1.17473
9	179	0.560326
10	60	0.576549
10	142	0.610518
10	150	1.2242
10	159	1.18298
10	160	1.20452
10	166	1.18896
10	172	1.19545
10	173	1.20698
10	174	0.624455
10	176	1.20251
10	178	1.1944
10	179	0.595911
11	49	0.522733
11	67	1.16451
11	78	1.12621
11	88	1.20809
11	94	1.2211
11	99	1.20454
11	122	0.678832
11	142	0.584675
11	146	0.621685
11	153	1.19565
11	155	1.20576
11	171	1.27415
12	3	0.509449
12	92	1.17418
12	99	0.548487
12	123	0.71911
12	153	1.21886
12	166	0.616699
12	167	1.20029
12	168	1.20294
12	170	1.20187
12	175	1.18636
12	177	1.20741
12	179	1.2081
13	20	1.20891
13	38	1.17257
13	43	0.585085
13	54	0.678561
13	65	0.610645
13	107	0.516369
13	172	1.19652
13	173	1.20805
13	177	1.2059
13	178	1.19546
13	179	1.20659
13	180	1.206
14	59	1.09362
14	74	1.12684
14	105	0.78945
14	111	1.03842
14	142	1.07279
14	146	1.04426
14	154	0.820927
14	162	0.784798
14	164	1.06087
14	174	1.05624
14	175	1.04261
14	179	1.06435
15	31	1.06787
15	111	0.852601
15	126	1.0646
15	134	1.07279
15	138	1.08536
15	149	1.09224
15	150	1.07486
15	152	0.787082
15	166	1.03961
15	173	1.05763
15	178	1.04505
15	180	0.766182
16	29	1.21705
16	109	0.549397
16	146	0.658944
16	152	0.591197
16	156	1.18764
16	159	1.18699
16	165	0.608328
16	166	1.19296
16	172	1.19946
16	173	1.21099
16	176	1.20651
16	178	1.1984
17	3	1.25255
17	106	0.643973
17	116	1.20656
17	137	0.612453
17	150	1.21542
17	156	1.17485
17	166	1.18017
17	172	1.18666
17	173	1.19819
17	174	0.608481
17	178	1.18561
17	180	0.542907
18	2	1.10263
18	55	0.781983
18	68	1.17255
18	69	0.611356
18	114	0.595647
18	136	1.15571
18	141	1.13533
18	157	1.17439
18	158	1.15949
18	161	1.16784
18	162	1.15685
18	168	0.619069
18	169	1.17522
19	75	1.21723
19	103	1.215
19	136	1.13619
19	139	1.11896
19	141	1.11581
19	144	1.17118
19	158	1.13997
19	161	1.14833
19	162	1.13733
19	168	0.665992
19	170	0.653931
19	176	0.66192
19	180	0.625791
20	13	1.20891
20	136	0.663761
20	142	1.15951
20	144	0.628235
20	148	1.15399
20	151	1.14792
20	162	0.624412
20	163	1.15626
20	166	0.677472
20	167	1.14325
20	175	1.12932
20	177	1.15037
20	180	1.15048
21	50	1.10299
21	91	1.22675
21	101	1.15783
21	114	0.633731
21	141	1.12543
21	145	1.16803
21	157	1.16449
21	158	1.14959
21	161	1.15794
21	162	1.14695
21	168	0.657153
21	175	0.66372
21	176	0.653082
22	54	0.690389
22	66	0.617539
22	69	1.14996
22	130	1.17272
22	141	0.655113
22	151	1.15396
22	155	1.17798
22	156	0.62806
22	164	1.15362
22	170	1.15087
22	174	1.149
22	175	1.13537
22	180	1.15652
23	7	0.971908
23	44	1.02655
23	57	1.07376
23	117	0.866388
23	132	1.04576
23	134	1.05616
23	138	1.06873
23	150	1.05823
23	163	0.877162
23	169	0.862657
23	172	1.02948
23	173	1.04101
23	178	1.02842
24	39	0.60365
24	46	0.595183
24	84	1.09592
24	138	0.686343
24	142	1.16416
24	167	1.14791
24	170	1.14949
24	171	1.24498
24	175	1.13398
24	176	1.15271
24	178	0.707001
24	179	1.15572
24	180	1.15513
25	56	0.508712
25	78	1.24178
25	99	1.32012
25	119	0.501425
25	148	0.535382
25	159	1.27792
25	166	1.2839
25	168	1.2953
25	171	1.38972
25	173	1.30192
25	174	0.547905
25	177	0.512302
25	178	1.28934
26	61	1.16917
26	70	1.14067
26	106	0.715064
26	116	1.16422
26	120	1.19005
26	132	1.1606
26	152	0.634898
26	159	1.13185
26	172	1.14432
26	173	1.15585
26	177	0.643969
26	178	1.14327
26	180	0.613998
27	2	0.806487
27	122	1.11738
27	126	0.6134
27	130	1.17507
27	140	1.17673
27	158	0.587075
27	161	0.587432
27	163	1.16466
27	174	1.15135
27	175	1.13772
27	177	1.15876
27	179	1.15946
27	180	1.15887
28	104	1.02586
28	105	0.866585
28	119	0.854006
28	143	1.02439
28	158	0.874391
28	165	1.03924
28	167	1.02948
28	169	1.03577
28	171	1.12655
28	174	1.02918
28	175	1.01555
28	179	1.03728
28	180	1.0367
29	16	1.21705
29	72	0.689985
29	134	1.17288
29	156	1.13437
29	159	1.13372
29	164	0.643685
29	166	1.13969
29	170	0.63257
29	172	1.14619
29	173	1.15772
29	176	1.15325
29	178	1.14513
29	179	0.641459
30	9	1.19847
30	34	1.12846
30	42	0.506802
30	89	1.16083
30	105	1.14621
30	116	1.17118
30	143	0.715651
30	155	0.678526
30	156	1.13947
30	160	1.16036
30	166	1.14479
30	178	1.15023
30	179	0.70702
31	5	0.636001
31	15	1.06787
31	40	1.26183
31	66	1.15367
31	113	1.17268
31	123	1.10988
31	150	1.17912
31	153	0.645881
31	168	1.15528
31	169	0.639177
31	172	1.15036
31	175	0.68472
31	178	1.14931
32	118	1.12041
32	126	0.632879
32	135	0.708525
32	159	0.644271
32	161	0.606911
32	163	1.15505
32	165	1.1518
32	170	1.14362
32	171	1.23911
32	174	1.14175
32	177	1.14916
32	179	1.14985
32	180	1.14926
33	50	0.71226
33	108	0.648185
33	113	0.576266
33	125	1.16072
33	139	0.654713
33	152	1.15382
33	163	1.16284
33	165	1.15959
33	167	1.14983
33	170	1.1514
33	174	1.14953
33	176	1.15462
33	179	1.15764
34	30	1.12846
34	113	1.12808
34	116	1.12566
34	120	1.1515
34	130	0.694013
34	149	1.15191
34	156	1.09395
34	163	0.720622
34	166	1.09927
34	168	1.11068
34	171	0.6415
34	172	1.10577
34	175	0.75166
34	178	1.10471
35	100	1.1981
35	104	0.610603
35	122	0.636758
35	136	1.24133
35	139	1.22409
35	140	0.511582
35	144	1.27632
35	145	1.26355
35	147	1.25556
35	158	1.24511
35	161	1.25347
35	162	1.24247
35	164	0.53022
35	177	0.520936
36	45	0.715401
36	111	1.10382
36	112	1.07809
36	126	0.6989
36	150	0.677013
36	155	1.15062
36	165	1.13171
36	167	1.12195
36	169	1.12824
36	172	0.702025
36	174	1.12165
36	175	1.10801
36	176	1.12674
36	180	1.12917
37	52	0.661227
37	101	1.24299
37	105	0.519833
37	111	0.57458
37	144	1.26596
37	145	1.25319
37	154	1.22775
37	157	1.24965
37	158	1.23475
37	161	1.24311
37	162	1.23211
37	165	0.526191
37	169	1.25048
37	176	0.52429
38	13	1.17257
38	61	1.1295
38	98	0.756416
38	123	1.06416
38	133	1.11344
38	137	0.700909
38	138	1.1439
38	149	1.15079
38	159	1.09217
38	160	1.11371
38	167	0.682288
38	173	1.11618
38	178	1.10359
38	179	0.668393
39	5	0.526912
39	24	0.60365
39	75	1.30023
39	106	0.629929
39	107	1.29917
39	147	1.23342
39	154	1.21597
39	157	1.23787
39	158	1.22297
39	161	1.23133
39	162	1.22033
39	167	0.579788
39	169	1.2387
39	171	0.46547
40	31	1.26183
40	80	1.26932
40	123	1.19958
40	133	1.24886
40	140	0.577544
40	143	0.602588
40	152	0.577827
40	160	1.24913
40	166	1.23357
40	169	0.558152
40	171	0.493535
40	173	1.25159
40	176	1.24712
40	178	1.23901
41	83	1.05609
41	94	1.14689
41	99	1.13034
41	106	0.748819
41	107	1.16963
41	136	1.08966
41	153	1.12144
41	158	1.09343
41	161	1.10179
41	162	1.09079
41	164	0.687008
41	168	0.687954
41	171	1.19994
41	176	0.683883
42	30	0.506802
42	58	1.24778
42	73	1.30011
42	83	0.625425
42	87	0.616173
42	95	1.27469
42	123	0.597329
42	143	1.23022
42	149	0.446254
42	158	1.22586
42	161	1.23422
42	162	1.22322
42	175	1.22137
42	180	1.24252
43	13	0.585085
43	54	1.06648
43	55	0.834171
43	67	1.09745
43	83	1.06323
43	88	1.14103
43	92	0.719858
43	94	1.15403
43	126	1.12625
43	135	1.07715
43	153	1.12859
43	155	1.1387
43	171	1.20709
43	176	0.667185
44	23	1.02655
44	45	1.11863
44	105	1.1206
44	121	1.10795
44	125	0.719493
44	149	1.17181
44	150	1.15442
44	165	0.720596
44	166	1.11917
44	168	1.13058
44	171	0.619173
44	172	1.12567
44	174	0.74814
44	178	1.12461
45	7	1.06399
45	36	0.715401
45	44	1.11863
45	69	0.692821
45	70	1.11791
45	133	1.13036
45	134	1.14825
45	147	0.687781
45	160	1.13063
45	166	1.11507
45	172	1.12156
45	173	1.13309
45	175	0.707101
45	178	1.12051
46	24	0.595183
46	92	0.609199
46	96	1.22473
46	112	0.708281
46	119	1.23405
46	130	0.509517
46	145	1.19934
46	160	1.19715
46	162	1.17826
46	169	1.19663
46	172	1.18808
46	173	1.19961
46	174	0.58597
46	176	1.19513
46	178	1.18702
47	84	0.73614
47	86	1.22221
47	115	1.2171
47	128	1.23029
47	143	0.600963
47	145	1.20242
47	147	1.19444
47	154	1.17699
47	157	1.19888
47	158	1.18398
47	161	1.19234
47	162	1.18134
47	168	0.595503
47	171	0.49191
47	177	0.585274
48	58	0.602462
48	94	0.582258
48	143	1.19755
48	144	0.594992
48	145	0.583905
48	154	0.627297
48	156	1.18856
48	159	1.18791
48	166	1.19388
48	172	1.20038
48	174	1.20234
48	177	1.20975
48	178	1.19932
48	179	1.21045
48	180	1.20986
49	11	0.522733
49	90	1.19127
49	95	0.592916
49	132	1.20591
49	138	1.22889
49	139	0.691576
49	144	0.598565
49	145	0.587478
49	152	1.19589
49	163	1.2049
49	164	1.19622
49	172	1.18963
49	177	1.19901
49	178	1.18858
49	179	1.1997
50	6	1.16529
50	21	1.10299
50	33	0.71226
50	68	1.08071
50	79	1.06021
50	107	1.14384
50	109	0.738527
50	136	1.06387
50	144	1.09886
50	154	1.06065
50	157	1.08255
50	161	1.07601
50	162	1.06501
50	176	0.795557
50	180	0.759427
51	9	1.23982
51	71	1.17526
51	90	1.19427
51	104	0.656108
51	118	0.617829
51	132	1.20892
51	134	1.21932
51	142	0.588108
51	156	1.18082
51	166	1.18614
51	170	0.564612
51	173	1.20417
51	175	0.583239
51	176	1.19969
51	178	1.19158
52	37	0.661227
52	79	0.850024
52	128	0.70472
52	148	1.09927
52	149	1.13241
52	156	1.07445
52	162	0.778113
52	166	1.07977
52	170	1.09011
52	172	1.08627
52	174	1.08824
52	175	1.0746
52	176	1.09333
52	178	1.08521
52	179	1.09634
53	61	0.703246
53	118	1.06952
53	122	1.05689
53	138	0.75452
53	155	1.11983
53	161	0.760826
53	163	1.10416
53	164	1.09548
53	170	1.09273
53	173	0.774403
53	174	1.09086
53	175	1.07723
53	176	1.09595
53	179	1.09896
53	180	1.09838
54	4	1.01103
54	13	0.678561
54	22	0.690389
54	43	1.06648
54	78	1.03871
54	83	1.04279
54	88	1.12059
54	94	1.13359
54	99	1.11704
54	122	0.870324
54	135	1.05671
54	153	1.10815
54	155	1.11826
54	168	0.764732
54	171	1.18665
55	18	0.781983
55	43	0.834171
55	64	1.07389
55	67	0.822513
55	82	0.757705
55	125	1.07006
55	130	1.08259
55	148	1.0699
55	152	1.06316
55	163	1.07217
55	165	1.06893
55	168	1.06182
55	174	1.05887
55	175	1.04524
55	179	1.06697
55	180	1.06639
56	25	0.508712
56	62	0.672817
56	90	0.690055
56	117	1.15765
56	146	1.14942
56	158	0.643886
56	160	0.676419
56	163	1.1747
56	164	1.16602
56	165	1.17146
56	168	1.16435
56	174	1.1614
56	175	1.14777
56	177	1.16881
56	179	1.1695
56	180	1.16892
57	23	1.07376
57	60	0.623059
57	70	1.16923
57	76	0.574651
57	87	1.12488
57	104	0.725028
57	113	1.1952
57	133	1.18168
57	160	1.18195
57	166	1.16639
57	168	1.17779
57	172	1.17288
57	173	1.18441
57	175	0.652159
57	177	0.635362
57	178	1.17183
58	42	1.24778
58	48	0.602462
58	82	1.18067
58	103	1.2112
58	144	1.16737
58	147	1.14662
58	154	1.12917
58	157	1.15107
58	158	1.13617
58	161	1.14452
58	162	1.13353
58	163	0.63207
58	167	0.667266
58	169	1.1519
58	176	0.65247
58	179	0.65337
59	14	1.09362
59	118	1.14856
59	119	0.586924
59	130	1.19362
59	133	0.631768
59	141	0.679059
59	146	1.15792
59	159	0.645026
59	164	1.17453
59	165	1.17996
59	166	0.64791
59	167	1.1702
59	174	1.1699
59	175	1.15627
59	179	1.178
59	180	1.17742
60	10	0.576549
60	57	0.623059
60	77	1.2189
60	127	0.666145
60	130	1.17246
60	136	0.662063
60	155	1.17772
60	160	0.667706
60	164	1.15337
60	165	1.1588
60	167	1.14904
60	168	1.15169
60	174	1.14875
60	177	1.15616
60	179	1.15685
60	180	1.15626
61	26	1.16917
61	38	1.1295
61	53	0.703246
61	89	1.163
61	98	0.685336
61	102	0.617935
61	127	1.1648
61	131	1.17927
61	149	1.19959
61	150	1.1822
61	156	1.14163
61	167	0.611208
61	172	1.15345
61	173	1.16498
61	177	0.590254
61	178	1.1524
62	9	1.2064
62	56	0.672817
62	121	1.14149
62	122	1.12721
62	127	1.17057
62	138	1.19847
62	151	0.636965
62	152	0.667336
62	159	1.14674
62	160	1.16828
62	166	1.15272
62	169	0.647661
62	171	0.583044
62	172	1.15921
62	173	1.17075
62	178	1.15816
63	70	0.669441
63	87	0.797548
63	94	0.614322
63	137	1.1173
63	150	0.64013
63	151	1.12659
63	152	1.12591
63	160	0.668224
63	165	1.13168
63	167	1.12192
63	168	1.12457
63	170	1.1235
63	171	1.21899
63	174	1.12163
63	177	1.12904
63	179	1.12973
63	180	1.12914
64	6	0.58441
64	55	1.07389
64	69	1.14851
64	94	1.19186
64	99	1.17531
64	133	0.649541
64	142	1.1641
64	153	1.16641
64	155	1.17653
64	156	0.669779
64	157	0.626502
64	159	0.662799
64	167	1.14785
64	171	1.24492
64	177	1.15496
64	179	1.15565
65	13	0.610645
65	95	1.16232
65	103	1.18852
65	107	1.18968
65	111	0.743034
65	115	1.14661
65	117	0.661571
65	136	1.10971
65	141	1.08933
65	145	1.13193
65	154	1.10649
65	158	1.11349
65	161	1.12185
65	162	1.11085
65	164	0.69587
65	168	0.696816
65	169	1.12922
66	22	0.617539
66	31	1.15367
66	87	1.0839
66	93	1.20141
66	114	1.15185
66	129	0.767033
66	135	1.10129
66	156	1.12008
66	159	1.11943
66	166	1.1254
66	168	1.13681
66	169	0.652906
66	172	1.1319
66	173	1.14343
66	177	0.681652
66	178	1.13084
66	179	0.688711
67	11	1.16451
67	43	1.09745
67	55	0.822513
67	78	1.06968
67	83	1.07377
67	88	1.15157
67	94	1.16457
67	99	1.14802
67	126	1.13679
67	135	1.08769
67	153	1.13912
67	155	1.14923
67	165	0.657428
67	168	0.659598
67	169	0.620622
67	170	0.647538
67	171	1.21762
68	18	1.17255
68	50	1.08071
68	102	0.711188
68	115	1.16042
68	119	1.18045
68	136	1.12353
68	139	1.10629
68	141	1.10315
68	153	0.661465
68	157	1.14221
68	158	1.12731
68	161	1.13566
68	162	1.12467
68	168	0.693737
68	169	1.14304
68	176	0.689666
68	180	0.653536
69	18	0.611356
69	22	1.14996
69	45	0.692821
69	64	1.14851
69	112	1.08994
69	129	1.10891
69	135	0.751965
69	140	1.15887
69	146	1.12151
69	154	0.673663
69	165	1.14355
69	170	1.13536
69	175	1.11986
69	177	1.14091
69	178	0.664702
69	179	1.1416
69	180	1.14101
70	26	1.14067
70	45	1.11791
70	57	1.16923
70	63	0.669441
70	111	0.737674
70	113	1.14726
70	116	1.14484
70	124	1.09461
70	143	0.696916
70	150	1.1537
70	159	1.11247
70	160	1.13401
70	169	0.65248
70	172	1.12494
70	173	1.13647
70	178	1.12389
70	180	0.651255
71	51	1.17526
71	73	0.615751
71	93	1.18073
71	120	1.15695
71	127	1.12257
71	131	1.13705
71	146	0.735883
71	150	1.13998
71	160	1.12029
71	166	1.10473
71	167	0.698162
71	170	0.675377
71	172	1.11122
71	173	1.12276
71	176	1.11828
71	178	1.11017
71	179	0.684267
72	29	0.689985
72	119	1.14744
72	127	0.734032
72	144	1.1255
72	150	0.7075
72	154	1.0873
72	157	1.1092
72	158	1.0943
72	161	1.10265
72	162	1.09166
72	165	1.1135
72	166	0.743662
72	170	1.10531
72	175	1.0898
72	177	1.11085
72	178	0.717769
72	179	1.11154
72	180	1.11096
73	42	1.30011
73	71	0.615751
73	85	1.14264
73	92	1.17182
73	101	0.626294
73	113	0.591947
73	129	1.17305
73	138	0.58007
73	142	1.21418
73	149	0.577956
73	167	1.19793
73	174	1.19763
73	175	1.184
73	176	1.20272
73	177	1.20504
73	178	0.600728
73	179	1.20573
73	180	1.20515
74	14	1.12684
74	106	1.18491
74	127	0.597218
74	130	1.22685
74	143	1.19834
74	151	1.20809
74	156	0.610944
74	160	0.59878
74	163	1.21643
74	165	1.21319
74	166	0.606848
74	167	1.20343
74	172	0.595697
74	173	0.580181
74	175	1.1895
74	177	1.21054
74	179	1.21123
74	180	1.21065
75	19	1.21723
75	39	1.30023
75	100	1.14449
75	122	0.684561
75	131	0.555743
75	136	1.18772
75	141	1.16734
75	145	1.20994
75	146	0.627414
75	147	1.20195
75	154	1.1845
75	157	1.2064
75	158	1.1915
75	161	1.19985
75	162	1.18886
75	167	0.589693
75	175	0.585536
75	177	0.568739
76	57	0.574651
76	104	1.19352
76	107	0.5316
76	135	0.688737
76	138	0.580817
76	151	1.20181
76	152	1.20113
76	161	0.587123
76	163	1.21015
76	165	1.2069
76	166	0.627367
76	167	1.19714
76	170	1.19872
76	174	1.19685
76	175	1.18321
76	176	1.20194
76	177	1.20426
76	180	1.20437
77	60	1.2189
77	78	0.609805
77	98	1.15385
77	101	0.588001
77	117	1.19893
77	123	0.690738
77	133	0.572184
77	146	1.1907
77	157	0.549145
77	160	0.580258
77	164	1.2073
77	167	1.20298
77	170	1.20455
77	174	1.20268
77	175	1.18904
77	177	1.21009
77	179	1.21078
77	180	1.2102
78	11	1.12621
78	25	1.24178
78	54	1.03871
78	67	1.06968
78	77	0.609805
78	83	1.03546
78	88	1.11326
78	94	1.12626
78	99	1.10971
78	122	0.825378
78	126	1.09848
78	135	1.04938
78	153	1.10082
78	155	1.11093
78	167	0.730511
78	171	1.17932
78	175	0.726353
78	176	0.715715
79	50	1.06021
79	52	0.850024
79	85	1.06096
79	107	1.183
79	115	1.13992
79	130	0.666078
79	131	0.693932
79	139	1.08579
79	141	1.08265
79	147	1.11726
79	154	1.09981
79	157	1.12171
79	158	1.10681
79	161	1.11516
79	162	1.10417
79	163	0.692688
79	169	1.12254
79	170	0.705098
80	40	1.26932
80	117	0.610443
80	122	1.12584
80	124	1.12751
80	125	0.642413
80	134	1.18454
80	138	1.1971
80	148	0.658538
80	149	1.20399
80	156	1.14603
80	159	1.14538
80	163	0.621217
80	165	0.643517
80	166	1.15135
80	172	1.15785
80	173	1.16938
80	176	1.16491
80	177	0.635458
80	178	1.15679
81	100	0.674698
81	116	0.597541
81	123	0.729508
81	132	0.605089
81	137	1.15899
81	140	1.18869
81	142	1.17986
81	145	0.566774
81	152	1.1676
81	153	1.18218
81	164	1.16794
81	167	1.16361
81	170	1.16518
81	172	0.615947
81	174	1.16331
81	175	1.14968
81	177	1.17072
81	179	1.17141
81	180	1.17083
82	55	0.757705
82	58	1.18067
82	91	1.23591
82	127	0.625039
82	128	1.20506
82	136	1.15497
82	139	1.13774
82	140	0.575206
82	141	1.13459
82	146	0.643236
82	147	1.1692
82	154	1.15175
82	157	1.17365
82	158	1.15875
82	161	1.16711
82	162	1.15611
82	169	1.17448
82	174	0.620163
82	177	0.58456
83	4	1.00779
83	41	1.05609
83	42	0.625425
83	43	1.06323
83	54	1.04279
83	67	1.07377
83	78	1.03546
83	88	1.11735
83	94	1.13035
83	99	1.1138
83	126	1.10257
83	135	1.05347
83	151	0.779143
83	153	1.1049
83	155	1.11502
83	169	0.789838
83	171	1.18341
83	176	0.824743
83	180	0.788613
84	24	1.09592
84	47	0.73614
84	96	0.768093
84	102	1.09156
84	128	0.712491
84	144	0.789708
84	150	1.10762
84	159	1.06639
84	160	1.08793
84	162	0.785884
84	163	1.09413
84	167	1.08113
84	168	1.08378
84	172	1.07886
84	173	1.09039
84	175	1.06719
84	178	1.07781
84	179	1.08893
84	180	1.08835
85	9	0.667105
85	73	1.14264
85	79	1.06096
85	92	1.05172
85	113	0.767242
85	119	1.12154
85	128	1.1147
85	134	0.75314
85	144	1.0996
85	147	1.07885
85	154	1.0614
85	156	0.806011
85	159	0.799031
85	161	1.07675
85	165	1.0876
85	167	1.07784
85	174	1.07754
85	175	1.0639
85	177	1.08495
86	47	1.22221
86	101	1.16071
86	103	1.2275
86	114	0.63734
86	128	1.19877
86	136	1.14869
86	139	1.13145
86	141	1.12831
86	144	1.18368
86	148	0.673612
86	157	1.16737
86	158	1.15247
86	161	1.16082
86	162	1.14983
86	163	0.636291
86	169	1.1682
86	171	0.557168
86	174	0.686135
86	180	0.620561
87	42	0.616173
87	57	1.12488
87	63	0.797548
87	66	1.0839
87	109	0.758461
87	122	1.04859
87	127	1.09195
87	132	1.09687
87	138	1.11985
87	156	1.06878
87	159	1.06812
87	160	1.08967
87	166	1.0741
87	168	1.08551
87	170	0.807502
87	172	1.08059
87	175	0.82613
87	176	1.08765
87	178	1.07954
88	11	1.20809
88	43	1.14103
88	54	1.12059
88	67	1.15157
88	78	1.11326
88	83	1.11735
88	94	1.20815
88	99	1.1916
88	111	0.660043
88	112	0.761509
88	126	1.18037
88	130	0.562745
88	131	0.590599
88	135	1.13127
88	148	0.626675
88	153	1.1827
88	155	1.19281
88	171	1.2612
88	176	0.609754
89	30	1.16083
89	61	1.163
89	90	1.13978
89	108	1.11097
89	116	1.15804
89	124	1.10781
89	131	1.16397
89	135	1.10754
89	143	0.681038
89	149	1.18429
89	157	0.676277
89	160	1.14722
89	163	0.651108
89	166	1.13165
89	170	0.663518
89	172	1.13814
89	173	1.14968
89	174	0.700951
89	178	1.13709
89	180	0.635377
90	2	1.0662
90	49	1.19127
90	51	1.19427
90	56	0.690055
90	89	1.13978
90	117	0.66863
90	127	1.14159
90	133	1.13903
90	137	0.73322
90	138	1.16949
90	149	1.17638
90	151	0.654203
90	159	1.11776
90	160	1.13931
90	166	1.12374
90	171	0.600281
90	172	1.13023
90	173	1.14177
90	178	1.12918
90	180	0.663674
91	21	1.22675
91	82	1.23591
91	112	0.717623
91	122	0.675532
91	131	0.546713
91	136	1.18763
91	138	0.563269
91	139	1.17039
91	141	1.16725
91	144	1.22261
91	145	1.20984
91	147	1.20186
91	154	1.1844
91	157	1.2063
91	158	1.1914
91	161	1.19976
91	162	1.18876
91	163	0.545469
91	169	1.20714
91	174	0.595313
91	176	0.565868
92	12	1.17418
92	43	0.719858
92	46	0.609199
92	73	1.17182
92	85	1.05172
92	99	0.678697
92	118	1.08538
92	133	0.730766
92	142	1.12326
92	152	1.111
92	161	0.706664
92	165	1.11677
92	166	0.746909
92	167	1.10701
92	171	1.20408
92	174	1.10671
92	175	1.09308
92	176	1.1118
92	177	1.11413
92	179	1.11482
92	180	1.11423
93	5	0.568491
93	66	1.20141
93	71	1.18073
93	101	0.650196
93	108	1.17093
93	110	0.574844
93	121	1.18038
93	125	0.607369
93	127	1.20945
93	138	1.23736
93	146	0.659088
93	149	1.24425
93	155	0.578978
93	156	1.18629
93	159	1.18563
93	160	1.20717
93	166	1.19161
93	172	1.1981
93	173	1.20964
93	178	1.19705
93	180	0.570442
94	4	1.09859
94	11	1.2211
94	41	1.14689
94	43	1.15403
94	48	0.582258
94	54	1.13359
94	63	0.614322
94	64	1.19186
94	67	1.16457
94	78	1.12626
94	83	1.13035
94	88	1.20815
94	99	1.2046
94	129	0.711489
94	135	1.14427
94	153	1.1957
94	155	1.20582
94	163	0.611867
94	170	0.624277
94	171	1.27421
94	176	0.632266
94	179	0.633166
95	1	0.573398
95	42	1.27469
95	49	0.592916
95	65	1.16232
95	96	1.20691
95	100	1.11606
95	115	1.19619
95	122	0.749015
95	139	1.14206
95	141	1.13892
95	145	1.18151
95	147	1.17353
95	154	1.15608
95	157	1.17798
95	158	1.16308
95	161	1.17143
95	162	1.16044
95	167	0.654147
95	169	1.17881
95	171	0.539829
95	176	0.639351
95	178	0.657409
96	46	1.22473
96	84	0.768093
96	95	1.20691
96	100	1.11106
96	101	1.16631
96	104	0.706892
96	109	0.566355
96	119	1.21122
96	128	1.20438
96	139	1.13706
96	144	1.18928
96	145	1.17652
96	147	1.16853
96	154	1.15108
96	155	0.595791
96	157	1.17298
96	158	1.15808
96	161	1.16643
96	162	1.15544
96	168	0.627456
96	171	0.523862
96	176	0.623385
97	6	0.595571
97	9	0.542034
97	102	1.17961
97	129	1.14429
97	133	0.660702
97	140	1.19425
97	143	1.16409
97	155	1.19785
97	158	0.636243
97	160	0.668776
97	161	0.6366
97	165	1.17893
97	167	1.16917
97	168	1.17182
97	169	1.17546
97	170	1.17075
97	174	1.16888
97	175	1.15524
97	177	1.17629
97	178	0.650952
97	179	1.17698
97	180	1.17639
98	38	0.756416
98	61	0.685336
98	77	1.15385
98	109	1.12259
98	120	0.69174
98	121	0.779086
98	125	1.09489
98	145	0.722837
98	146	1.07172
98	151	1.08866
98	155	1.11267
98	164	1.08832
98	167	1.084
98	170	1.08557
98	171	1.18106
98	174	1.0837
98	175	1.07006
98	176	1.08879
98	177	1.09111
98	178	0.757267
98	179	1.0918
98	180	1.09122
99	4	1.08204
99	11	1.20454
99	12	0.548487
99	25	1.32012
99	41	1.13034
99	54	1.11704
99	64	1.17531
99	67	1.14802
99	78	1.10971
99	83	1.1138
99	88	1.1916
99	92	0.678697
99	94	1.2046
99	126	1.17682
99	137	0.659441
99	143	0.635556
99	153	1.17915
99	155	1.18926
99	167	0.64082
99	171	1.25765
99	177	0.619866
99	179	0.626925
100	6	1.16487
100	35	1.1981
100	75	1.14449
100	81	0.674698
100	95	1.11606
100	96	1.11106
100	103	1.14226
100	114	0.722487
100	115	1.10035
100	136	1.06345
100	139	1.04622
100	143	0.751368
100	145	1.08567
100	147	1.07768
100	154	1.06023
100	157	1.08213
100	158	1.06723
100	161	1.07559
100	162	1.06459
100	165	0.743738
100	168	0.745908
100	174	0.771281
101	6	1.22012
101	21	1.15783
101	37	1.24299
101	73	0.626294
101	77	0.588001
101	86	1.16071
101	93	0.650196
101	96	1.16631
101	107	1.19868
101	139	1.10147
101	141	1.09832
101	144	1.15369
101	145	1.14092
101	147	1.13293
101	154	1.11548
101	157	1.13738
101	158	1.12248
101	159	0.734976
101	161	1.13084
101	162	1.11984
101	171	0.594388
101	178	0.711968
101	179	0.69481
102	61	0.617935
102	68	0.711188
102	84	1.09156
102	97	1.17961
102	103	0.586414
102	107	0.619992
102	110	1.18459
102	140	1.16864
102	143	1.13847
102	149	0.667094
102	154	0.698828
102	163	1.15657
102	164	1.14789
102	165	1.15332
102	167	1.14356
102	168	1.14621
102	170	1.14513
102	174	1.14326
102	176	1.14835
102	177	1.15068
102	178	0.689866
102	179	1.15137
102	180	1.15078
103	19	1.215
103	58	1.2112
103	65	1.18852
103	86	1.2275
103	100	1.14226
103	102	0.586414
103	106	0.629828
103	112	0.716647
103	119	1.24242
103	128	1.23558
103	136	1.1855
103	139	1.16826
103	144	1.22048
103	145	1.20772
103	147	1.19973
103	154	1.18228
103	158	1.18928
103	161	1.19763
103	162	1.18664
103	165	0.566793
103	168	0.568963
103	173	0.582175
103	174	0.594336
103	176	0.564892
104	28	1.02586
104	35	0.610603
104	51	0.656108
104	57	0.725028
104	76	1.19352
104	96	0.706892
104	106	1.11099
104	107	0.681977
104	110	1.17053
104	111	1.11138
104	128	0.651291
104	129	1.10462
104	133	0.761601
104	143	1.12441
104	148	1.14024
104	151	1.13417
104	155	1.15818
104	163	1.14251
104	164	1.13383
104	170	1.13108
104	174	1.1292
104	175	1.11557
104	177	1.13662
104	179	1.13731
105	14	0.78945
105	28	0.866585
105	30	1.14621
105	37	0.519833
105	44	1.1206
105	122	1.09152
105	123	1.08304
105	126	1.14202
105	132	1.13981
105	133	1.13232
105	134	1.15021
105	142	0.661336
105	148	0.66275
105	149	1.16967
105	150	1.15228
105	159	1.11105
105	160	1.1326
105	166	1.11703
105	167	0.660624
105	172	1.12352
105	173	1.13506
105	176	1.13058
105	178	1.12247
105	179	0.646729
106	17	0.643973
106	26	0.715064
106	39	0.629929
106	41	0.748819
106	74	1.18491
106	103	0.629828
106	104	1.11099
106	117	1.11057
106	137	1.10999
106	140	1.13969
106	142	1.13086
106	148	1.12534
106	149	0.710508
106	155	1.14329
106	158	0.718571
106	167	1.11461
106	169	1.1209
106	170	1.11619
106	171	1.21168
106	174	1.11431
106	175	1.10068
106	177	1.12173
106	179	1.12242
106	180	1.12183
107	13	0.516369
107	39	1.29917
107	41	1.16963
107	50	1.14384
107	65	1.18968
107	76	0.5316
107	79	1.183
107	101	1.19868
107	102	0.619992
107	104	0.681977
107	110	0.566741
107	128	1.23675
107	129	0.677692
107	141	1.16628
107	142	0.613976
107	144	1.22165
107	145	1.20888
107	147	1.20089
107	154	1.18344
107	157	1.20534
107	161	1.1988
107	162	1.1878
107	169	1.20617
107	179	0.599369
108	1	1.17267
108	7	1.04386
108	33	0.648185
108	89	1.11097
108	93	1.17093
108	118	0.776711
108	121	1.0837
108	127	1.11278
108	132	1.1177
108	134	1.12811
108	135	1.07082
108	138	1.14068
108	140	0.71597
108	150	1.13018
108	159	1.08895
108	160	1.11049
108	166	1.09493
108	167	0.746278
108	169	0.696577
108	172	1.10142
108	173	1.11296
108	176	1.10848
108	178	1.10037
108	179	0.732382
108	180	0.695352
109	16	0.549397
109	50	0.738527
109	87	0.758461
109	96	0.566355
109	98	1.12259
109	118	1.15008
109	125	1.18261
109	131	1.19528
109	137	1.1671
109	145	0.576883
109	146	1.15944
109	151	1.17638
109	158	0.596604
109	161	0.596962
109	163	1.18472
109	165	1.18148
109	167	1.17172
109	170	1.17329
109	171	1.26879
109	173	0.610539
109	174	1.17142
109	175	1.15779
109	177	1.17883
109	179	1.17952
109	180	1.17894
110	93	0.574844
110	102	1.18459
110	104	1.17053
110	107	0.566741
110	111	1.15602
110	132	0.640501
110	133	0.646366
110	143	1.16906
110	150	0.626346
110	153	1.19271
110	164	1.17848
110	165	1.18391
110	166	0.662508
110	167	1.17415
110	168	1.1768
110	169	1.18044
110	170	1.17572
110	173	0.635841
110	174	1.17385
110	175	1.16022
110	176	1.17894
110	177	1.18126
110	178	0.636616
110	179	1.18195
110	180	1.18137
111	14	1.03842
111	15	0.852601
111	36	1.10382
111	37	0.57458
111	65	0.743034
111	70	0.737674
111	88	0.660043
111	104	1.11138
111	110	1.15602
111	112	1.07115
111	137	1.11038
111	143	1.10991
111	149	0.695861
111	152	1.11899
111	163	1.12801
111	167	1.115
111	168	1.11765
111	170	1.11657
111	172	0.733375
111	174	1.1147
111	175	1.10107
111	176	1.11979
111	177	1.12211
111	179	1.12281
111	180	1.12222
112	3	0.738741
112	36	1.07809
112	46	0.708281
112	69	1.08994
112	88	0.761509
112	91	0.717623
112	103	0.716647
112	111	1.07115
112	115	0.798886
112	120	0.754572
112	125	1.10016
112	129	1.06439
112	130	1.11269
112	137	1.08465
112	146	1.07699
112	163	1.10228
112	164	1.0936
112	165	1.09903
112	169	1.09556
112	170	1.09085
112	171	1.18634
112	174	1.08897
112	175	1.07534
112	177	1.09639
112	179	1.09708
112	180	1.09649
113	8	0.592594
113	31	1.17268
113	33	0.576266
113	34	1.12808
113	57	1.1952
113	70	1.14726
113	73	0.591947
113	85	0.767242
113	121	1.13319
113	122	1.11891
113	132	1.16719
113	133	1.15971
113	134	1.1776
113	149	1.19705
113	156	1.1391
113	159	1.13844
113	160	1.15998
113	164	0.662689
113	166	1.14442
113	167	0.674359
113	172	1.15091
113	173	1.16244
113	174	0.689008
113	176	1.15797
113	177	0.653405
113	178	1.14986
114	18	0.595647
114	21	0.633731
114	66	1.15185
114	86	0.63734
114	100	0.722487
114	115	0.62778
114	123	1.10806
114	138	1.1878
114	141	0.706035
114	142	1.16706
114	148	1.16154
114	149	1.19469
114	152	1.1548
114	156	1.13673
114	157	0.635705
114	159	1.13607
114	160	1.15762
114	161	0.634642
114	163	1.16381
114	164	1.15514
114	167	1.15081
114	173	1.16008
114	174	1.15051
114	177	1.15792
114	178	1.14749
114	180	1.15803
115	1	0.581178
115	47	1.2171
115	65	1.14661
115	68	1.16042
115	79	1.13992
115	95	1.19619
115	100	1.10035
115	112	0.798886
115	114	0.62778
115	128	1.19367
115	136	1.14358
115	139	1.12635
115	140	0.631618
115	141	1.1232
115	144	1.17857
115	145	1.1658
115	147	1.15781
115	148	0.664052
115	149	0.642417
115	153	0.61893
115	154	1.14036
115	157	1.16226
115	158	1.14736
115	161	1.15572
115	162	1.14472
115	177	0.640972
116	17	1.20656
116	26	1.16422
116	30	1.17118
116	34	1.12566
116	70	1.14484
116	81	0.597541
116	89	1.15804
116	123	1.10801
116	124	1.11816
116	127	1.15984
116	133	1.15729
116	134	1.17518
116	138	1.18775
116	146	0.717196
116	150	1.17725
116	153	0.636479
116	156	1.13668
116	164	0.667805
116	167	0.679475
116	168	1.15341
116	169	0.629774
116	170	0.65669
116	172	1.14849
116	173	1.16002
116	178	1.14744
116	180	0.62855
117	23	0.866388
117	56	1.15765
117	65	0.661571
117	77	1.19893
117	80	0.610443
117	90	0.66863
117	106	1.11057
117	120	0.571643
117	121	0.658988
117	129	1.1042
117	130	1.1525
117	140	1.15416
117	141	0.694211
117	146	1.1168
117	148	1.13981
117	159	0.660178
117	163	1.14208
117	164	1.13341
117	165	1.13884
117	168	1.13173
117	169	1.13537
117	170	1.13065
117	174	1.12878
117	175	1.11515
117	177	1.13619
117	179	1.13688
117	180	1.1363
118	32	1.12041
118	51	0.617829
118	53	1.06952
118	59	1.14856
118	92	1.08538
118	108	0.776711
118	109	1.15008
118	134	0.69069
118	137	1.10687
118	142	1.12774
118	144	0.690228
118	145	0.679142
118	148	1.12222
118	157	0.700284
118	159	0.73658
118	161	0.69922
118	163	1.1245
118	164	1.11582
118	167	1.11149
118	168	1.11414
118	170	1.11306
118	171	1.20856
118	174	1.11119
118	175	1.09756
118	176	1.11628
118	177	1.1186
118	179	1.1193
118	180	1.11871
119	25	0.501425
119	28	0.854006
119	46	1.23405
119	59	0.586924
119	68	1.18045
119	72	1.14744
119	85	1.12154
119	96	1.21122
119	103	1.24242
119	128	1.2137
119	136	1.16361
119	139	1.14637
119	141	1.14323
119	144	1.1986
119	145	1.18583
119	147	1.17784
119	154	1.16039
119	155	0.605656
119	157	1.18229
119	158	1.16739
119	161	1.17575
119	162	1.16475
119	164	0.636375
119	169	1.18312
119	171	0.533728
119	174	0.662694
119	176	0.63325
119	180	0.59712
120	9	1.22151
120	26	1.19005
120	34	1.1515
120	71	1.15695
120	98	0.69174
120	112	0.754572
120	117	0.571643
120	121	1.1566
120	123	1.13384
120	124	1.14399
120	126	1.19282
120	131	1.20015
120	132	1.19061
120	137	0.636233
120	138	1.21358
120	150	1.20308
120	151	0.557216
120	160	1.1834
120	163	0.582417
120	166	1.16783
120	167	0.617613
120	168	1.17924
120	172	1.17433
120	173	1.18586
120	176	1.18138
120	177	0.596658
120	178	1.17327
120	179	0.603717
121	7	1.05331
121	44	1.10795
121	62	1.14149
121	93	1.18038
121	98	0.779086
121	108	1.0837
121	113	1.13319
121	117	0.658988
121	120	1.1566
121	126	1.12937
121	134	1.13756
121	135	1.08027
121	137	0.723578
121	149	1.15702
121	150	1.13963
121	159	1.0984
121	160	1.11994
121	165	0.692063
121	166	1.10438
121	168	1.11579
121	169	0.655257
121	170	0.682173
121	172	1.11087
121	173	1.12241
121	174	0.719606
121	175	0.700801
121	176	1.11793
121	178	1.10982
122	11	0.678832
122	27	1.11738
122	35	0.636758
122	53	1.05689
122	54	0.870324
122	62	1.12721
122	75	0.684561
122	78	0.825378
122	80	1.12584
122	87	1.04859
122	91	0.675532
122	95	0.749015
122	105	1.09152
122	113	1.11891
122	128	0.677446
122	129	1.07398
122	149	1.14273
122	156	1.08478
122	159	1.08412
122	160	1.10566
122	164	1.10318
122	165	1.10861
122	168	1.1015
122	169	1.10515
122	170	1.10043
122	171	1.19592
122	177	1.10597
122	178	1.09554
122	180	1.10608
123	3	1.15399
123	12	0.71911
123	31	1.10988
123	38	1.06416
123	40	1.19958
123	42	0.597329
123	77	0.690738
123	81	0.729508
123	105	1.08304
123	114	1.10806
123	116	1.10801
123	120	1.13384
123	124	1.05777
123	127	1.09946
123	132	1.10439
123	133	1.09691
123	134	1.1148
123	138	1.12736
123	150	1.11686
123	151	0.751047
123	155	0.769053
123	156	1.07629
123	159	1.07564
123	172	1.08811
123	173	1.09964
123	176	1.09517
123	177	0.790489
123	178	1.08705
123	180	0.760517
124	2	1.03422
124	70	1.09461
124	80	1.12751
124	89	1.10781
124	116	1.11816
124	120	1.14399
124	123	1.05777
124	126	1.11676
124	127	1.10961
124	132	1.11454
124	133	1.10705
124	134	1.12495
124	140	0.716455
124	148	0.748889
124	149	1.1444
124	151	0.686367
124	159	1.08579
124	160	1.10733
124	165	0.733869
124	166	1.09176
124	167	0.746764
124	168	1.10317
124	170	0.723979
124	172	1.09826
124	173	1.10979
124	176	1.10532
124	177	0.725809
124	178	1.0972
124	179	0.732868
125	33	1.16072
125	44	0.719493
125	55	1.07006
125	80	0.642413
125	93	0.607369
125	98	1.09489
125	109	1.18261
125	112	1.10016
125	140	1.16909
125	142	1.16027
125	144	0.645797
125	146	1.13174
125	148	1.15475
125	149	0.646369
125	151	1.14868
125	156	0.699129
125	159	0.692149
125	162	0.641973
125	163	1.15702
125	164	1.14834
125	165	1.15377
125	166	0.695033
125	167	1.14402
125	169	1.15031
125	170	1.14559
125	174	1.14372
125	175	1.13008
125	177	1.15113
125	179	1.15182
125	180	1.15124
126	4	1.07081
126	15	1.0646
126	27	0.6134
126	32	0.632879
126	36	0.6989
126	43	1.12625
126	67	1.13679
126	78	1.09848
126	83	1.10257
126	88	1.18037
126	99	1.17682
126	105	1.14202
126	120	1.19282
126	121	1.12937
126	124	1.11676
126	133	1.15589
126	135	1.11649
126	138	1.18635
126	155	1.17804
126	156	1.13528
126	160	1.15617
126	164	0.683085
126	166	1.1406
126	167	0.694756
126	169	0.645055
126	170	0.671971
126	171	1.24643
126	172	1.14709
126	175	0.690599
126	179	0.68086
127	60	0.666145
127	61	1.1648
127	62	1.17057
127	71	1.12257
127	72	0.734032
127	74	0.597218
127	82	0.625039
127	87	1.09195
127	90	1.14159
127	93	1.20945
127	108	1.11278
127	116	1.15984
127	123	1.09946
127	124	1.10961
127	132	1.15623
127	137	0.718022
127	138	1.1792
127	140	0.669093
127	150	1.1687
127	153	0.656406
127	156	1.12813
127	159	1.12748
127	160	1.14902
127	166	1.13345
127	168	1.14486
127	172	1.13995
127	173	1.15148
127	175	0.695245
127	178	1.13889
127	180	0.648476
128	47	1.23029
128	52	0.70472
128	82	1.20506
128	84	0.712491
128	85	1.1147
128	86	1.19877
128	96	1.20438
128	103	1.23558
128	104	0.651291
128	107	1.23675
128	115	1.19367
128	119	1.2137
128	122	0.677446
128	129	0.647005
128	136	1.15677
128	139	1.13954
128	141	1.13639
128	144	1.19176
128	145	1.17899
128	147	1.171
128	154	1.15355
128	157	1.17545
128	158	1.16055
128	161	1.16891
128	162	1.15791
128	163	0.547383
128	164	0.570908
128	168	0.571854
128	169	1.17628
128	170	0.559794
128	179	0.568683
129	9	0.638648
129	66	0.767033
129	69	1.10891
129	73	1.17305
129	94	0.711489
129	97	1.14429
129	104	1.10462
129	107	0.677692
129	112	1.06439
129	117	1.1042
129	122	1.07398
129	128	0.647005
129	140	1.13332
129	143	1.10316
129	147	0.720827
129	148	1.11898
129	152	1.11223
129	153	1.12681
129	156	0.777554
129	161	0.733214
129	162	0.720399
129	163	1.12125
129	164	1.11257
129	165	1.118
129	167	1.10824
129	170	1.10982
129	174	1.10795
129	175	1.09431
129	176	1.11304
129	177	1.11536
129	179	1.11605
129	180	1.11547
130	2	0.826038
130	3	0.539977
130	22	1.17272
130	27	1.17507
130	34	0.694013
130	46	0.509517
130	55	1.08259
130	59	1.19362
130	60	1.17246
130	74	1.22685
130	79	0.666078
130	88	0.562745
130	112	1.11269
130	117	1.1525
130	137	1.15192
130	139	0.691002
130	146	1.14427
130	152	1.16053
130	163	1.16955
130	164	1.16087
130	165	1.1663
130	166	0.647227
130	167	1.15654
130	169	1.16284
130	170	1.15812
130	171	1.25361
130	172	0.636077
130	173	0.62056
130	174	1.15625
130	175	1.14261
130	179	1.16435
130	180	1.16376
131	4	0.779234
131	5	1.21683
131	61	1.17927
131	71	1.13705
131	75	0.555743
131	79	0.693932
131	88	0.590599
131	89	1.16397
131	91	0.546713
131	109	1.19528
131	120	1.20015
131	139	0.718856
131	145	0.614758
131	146	1.14441
131	147	0.622449
131	151	1.16135
131	152	1.16067
131	156	1.1426
131	157	0.6359
131	158	0.634479
131	159	1.14195
131	163	1.16969
131	164	1.16101
131	166	1.14792
131	167	1.15668
131	170	1.15826
131	172	1.15442
131	173	1.16595
131	176	1.16148
131	177	1.1638
131	178	1.15336
131	180	1.16391
132	3	1.21076
132	23	1.04576
132	26	1.1606
132	49	1.20591
132	51	1.20892
132	81	0.605089
132	87	1.09687
132	105	1.13981
132	108	1.1177
132	110	0.640501
132	113	1.16719
132	120	1.19061
132	123	1.10439
132	124	1.11454
132	127	1.15623
132	133	1.15367
132	135	1.11427
132	142	0.687735
132	143	0.68176
132	149	1.19102
132	157	0.676998
132	159	1.1324
132	160	1.15395
132	161	0.675935
132	165	0.674129
132	166	1.13838
132	170	0.664239
132	172	1.14487
132	173	1.15641
132	176	1.15193
132	177	0.66607
132	178	1.14382
132	180	0.636098
133	3	1.20327
133	38	1.11344
133	40	1.24886
133	45	1.13036
133	57	1.18168
133	59	0.631768
133	64	0.649541
133	77	0.572184
133	90	1.13903
133	92	0.730766
133	97	0.660702
133	104	0.761601
133	105	1.13232
133	110	0.646366
133	113	1.15971
133	116	1.15729
133	123	1.09691
133	124	1.10705
133	126	1.15589
133	132	1.15367
133	135	1.10679
133	149	1.18353
133	150	1.16615
133	151	0.632493
133	152	0.662864
133	156	1.12558
133	159	1.12492
133	160	1.14646
133	163	0.657694
133	172	1.13739
133	173	1.14892
133	176	1.14445
133	178	1.13634
134	7	1.09771
134	9	1.20247
134	15	1.07279
134	23	1.05616
134	29	1.17288
134	45	1.14825
134	51	1.21932
134	80	1.18454
134	85	0.75314
134	105	1.15021
134	108	1.12811
134	113	1.1776
134	116	1.17518
134	118	0.69069
134	121	1.13756
134	123	1.1148
134	124	1.12495
134	135	1.12468
134	136	0.6757
134	140	0.629948
134	146	0.697978
134	150	1.18404
134	152	0.630231
134	155	0.617867
134	156	1.14347
134	166	1.14879
134	167	0.660257
134	168	1.1602
134	169	0.610556
134	172	1.15528
134	173	1.16681
134	178	1.15423
134	179	0.646361
135	4	1.02171
135	32	0.708525
135	43	1.07715
135	54	1.05671
135	66	1.10129
135	67	1.08769
135	69	0.751965
135	76	0.688737
135	78	1.04938
135	83	1.05347
135	88	1.13127
135	89	1.10754
135	94	1.14427
135	108	1.07082
135	121	1.08027
135	126	1.11649
135	132	1.11427
135	133	1.10679
135	134	1.12468
135	146	0.808123
135	151	0.710006
135	152	0.740376
135	153	1.11882
135	155	1.12893
135	160	1.10706
135	163	0.735207
135	166	1.0915
135	171	1.19732
135	172	1.09799
135	173	1.10952
135	176	1.10505
135	177	0.749448
135	180	0.719476
136	18	1.15571
136	19	1.13619
136	20	0.663761
136	35	1.24133
136	41	1.08966
136	50	1.06387
136	60	0.662063
136	65	1.10971
136	68	1.12353
136	75	1.18772
136	82	1.15497
136	86	1.14869
136	91	1.18763
136	100	1.06345
136	103	1.1855
136	115	1.14358
136	119	1.16361
136	128	1.15677
136	134	0.6757
136	139	1.08945
136	141	1.08631
136	145	1.12891
136	147	1.12092
136	148	0.697446
136	151	0.634924
136	157	1.12537
136	158	1.11047
136	159	0.721591
136	161	1.11882
136	162	1.10783
136	168	0.684596
136	170	0.672536
136	172	0.713325
136	176	0.680525
137	3	0.620402
137	17	0.612453
137	38	0.700909
137	63	1.1173
137	81	1.15899
137	90	0.73322
137	99	0.659441
137	106	1.10999
137	109	1.1671
137	111	1.11038
137	112	1.08465
137	118	1.10687
137	120	0.636233
137	121	0.723578
137	127	0.718022
137	130	1.15192
137	143	1.12342
137	146	1.11623
137	148	1.13924
137	150	0.69149
137	151	1.13317
137	152	1.13249
137	163	1.14151
137	164	1.13283
137	165	1.13826
137	167	1.1285
137	168	1.13115
137	171	1.22557
137	173	0.700985
137	174	1.12821
137	175	1.11457
137	177	1.13562
137	179	1.13631
137	180	1.13573
138	7	1.11028
138	15	1.08536
138	23	1.06873
138	24	0.686343
138	38	1.1439
138	49	1.22889
