1	36	1.15585
1	56	1.19963
1	75	0.708246
1	110	1.23237
1	129	1.18304
1	134	1.23782
1	150	1.19548
1	156	1.19589
1	167	0.71894
1	168	0.723074
1	171	0.729551
1	177	0.72617
2	91	1.06333
2	114	1.0319
2	119	0.895043
2	149	1.02625
2	160	1.06157
2	163	1.05504
2	164	1.05996
2	165	1.04775
2	166	1.05483
2	167	0.94111
2	174	0.910664
2	180	0.855697
3	51	1.07025
3	71	0.868608
3	78	0.993058
3	112	1.06266
3	113	1.06265
3	128	0.896048
3	134	0.876874
3	151	0.959561
3	156	1.01908
3	159	1.03225
3	173	1.05533
3	180	1.10427
4	103	1.05025
4	110	0.866989
4	127	0.916018
4	128	0.89397
4	135	1.01913
4	138	1.0557
4	143	1.07119
4	147	1.01303
4	151	1.015
4	158	1.05089
4	171	0.926729
4	179	1.1258
5	14	0.989141
5	38	0.987705
5	77	0.848874
5	112	1.06849
5	113	1.06848
5	128	0.855207
5	137	0.91272
5	154	1.04485
5	155	1.0207
5	159	1.03808
5	173	1.06116
5	180	1.1101
6	75	1.20108
6	100	1.24377
6	103	1.18727
6	105	0.742674
6	117	0.679618
6	138	1.19272
6	141	1.18408
6	158	1.18791
6	168	0.71514
6	170	0.75032
6	173	1.20328
6	176	0.721648
7	18	0.696868
7	41	0.787469
7	82	0.666137
7	124	0.718832
7	147	1.18238
7	153	1.22696
7	157	1.17027
7	158	1.22025
7	161	1.2018
7	164	1.20284
7	166	1.19772
7	167	0.732706
8	88	0.699545
8	97	1.11228
8	103	1.19491
8	138	1.20036
8	143	1.21585
8	153	0.701703
8	158	1.19556
8	170	0.781831
8	172	0.756385
8	173	1.21092
8	179	1.27047
8	180	0.657104
9	118	0.686654
9	133	0.727941
9	143	0.709161
9	163	0.743127
9	167	1.19662
9	168	1.20243
9	169	0.721974
9	174	1.22208
9	175	1.18297
9	176	1.19576
9	177	1.19746
9	178	1.20759
10	21	1.14805
10	92	0.743625
10	109	1.26069
10	110	1.21533
10	134	1.22079
10	142	0.7459
10	150	1.17844
10	153	0.698677
10	154	1.1988
10	156	1.17885
10	168	0.743626
10	179	0.670092
11	24	0.658102
11	33	0.667543
11	108	1.15898
11	109	1.2668
11	110	1.22144
11	122	0.832909
11	127	1.16938
11	129	1.17211
11	134	1.2269
11	145	0.763615
11	150	1.18455
11	180	0.675452
12	136	1.24155
12	149	1.16859
12	150	0.726656
12	156	0.719879
12	160	1.2039
12	162	0.753343
12	163	1.19737
12	164	1.20229
12	165	1.19008
12	166	1.19717
12	173	0.679217
12	175	0.724394
13	100	0.706481
13	110	0.705757
13	123	0.747631
13	133	0.751566
13	146	1.17419
13	170	1.19089
13	174	1.22876
13	175	1.18964
13	176	1.20243
13	177	1.20414
13	178	1.21426
13	179	0.685486
14	5	0.989141
14	18	1.03923
14	19	0.995954
14	44	1.08348
14	64	1.09826
14	95	0.972529
14	99	1.07681
14	106	0.864964
14	115	0.882966
14	142	1.01584
14	164	0.866468
14	179	1.11789
15	36	0.757931
15	104	1.22033
15	148	0.679475
15	149	1.17251
15	157	0.715971
15	161	1.20518
15	162	0.744112
15	163	1.2013
15	164	1.20622
15	165	1.19401
15	166	1.20109
15	168	0.703963
16	20	0.741068
16	31	0.760763
16	93	1.17378
16	98	1.24456
16	102	1.19813
16	153	1.22472
16	155	1.1929
16	157	1.16802
16	172	1.19868
16	173	0.673838
16	175	0.719016
16	176	0.714324
17	25	1.14371
17	30	1.29717
17	35	0.758964
17	50	1.21912
17	84	0.757329
17	118	0.683638
17	121	1.13847
17	157	1.15206
17	172	1.18272
17	175	0.743579
17	179	0.658845
17	180	1.26634
18	7	0.696868
18	14	1.03923
18	19	1.15812
18	32	1.3037
18	44	1.24565
18	95	1.1347
18	99	1.23897
18	106	0.71734
18	137	0.742599
18	156	0.718053
18	161	0.727427
18	179	1.28006
19	14	0.995954
19	18	1.15812
19	27	1.07071
19	64	1.21716
19	95	1.09142
19	99	1.1957
19	142	1.13473
19	144	0.805179
19	172	0.804945
19	175	0.806411
19	178	0.777587
19	179	1.23678
19	180	0.705664
20	16	0.741068
20	37	0.806425
20	134	0.739139
20	144	0.794562
20	166	0.808339
20	167	1.13616
20	168	1.14197
20	170	1.12376
20	174	1.16162
20	175	1.12251
20	176	1.1353
20	177	1.13701
20	178	1.14713
21	10	1.14805
21	35	1.11038
21	39	0.708326
21	108	1.11033
21	129	1.12346
21	133	1.13544
21	134	1.17825
21	150	1.1359
21	152	0.814204
21	154	1.15626
21	172	0.837275
21	174	0.792962
21	179	0.754008
22	31	1.11703
22	101	0.776627
22	144	1.15063
22	149	1.1149
22	159	0.767847
22	161	1.14757
22	163	1.14369
22	165	1.13639
22	166	1.14348
22	168	0.786274
22	171	0.792751
22	172	1.14669
22	177	0.78937
23	36	0.762417
23	71	0.654727
23	95	1.1475
23	96	0.681301
23	108	0.769985
23	147	0.724617
23	153	1.22466
23	157	1.16797
23	176	1.18575
23	177	1.18746
23	178	1.19758
23	179	1.29285
24	11	0.658102
24	107	0.684847
24	118	0.595703
24	136	0.61786
24	144	0.654412
24	147	1.28825
24	153	1.33283
24	157	1.27614
24	158	1.32611
24	165	0.678426
24	175	1.28113
24	176	1.29392
24	178	1.30575
25	17	1.14371
25	76	1.13977
25	81	0.808803
25	101	0.770117
25	121	1.087
25	128	0.753483
25	153	1.15728
25	159	0.761338
25	162	0.819914
25	169	1.12478
25	171	1.10223
25	172	1.13125
25	180	1.21487
26	66	1.06935
26	88	1.05253
26	107	0.966153
26	109	1.06195
26	110	1.01658
26	126	0.988763
26	127	0.964523
26	129	0.967251
26	134	1.02204
26	150	0.979691
26	167	0.9818
26	168	0.985934
26	174	0.951354
27	19	1.07071
27	32	1.21629
27	44	1.15823
27	64	1.17302
27	95	1.04728
27	99	1.15156
27	142	1.09059
27	151	0.811021
27	152	0.760452
27	168	0.77379
27	171	0.780267
27	175	0.78499
27	179	1.19264
28	115	0.820099
28	122	1.08328
28	132	0.774905
28	136	1.18252
28	144	1.14529
28	161	1.14223
28	164	1.14327
28	165	1.13106
28	166	1.13814
28	169	1.13489
28	175	0.807326
28	177	0.799222
28	180	0.706579
29	54	0.645407
29	65	0.727486
29	98	0.585621
29	121	0.663976
29	150	0.623845
29	165	0.644366
29	168	1.30422
29	170	1.28601
29	174	1.32387
29	175	1.28476
29	176	1.29755
29	177	1.29926
29	178	1.30938
30	17	1.29717
30	43	0.654001
30	60	0.665689
30	98	1.33059
30	102	1.28416
30	126	0.674846
30	153	1.31075
30	157	1.25406
30	171	1.25569
30	173	0.638039
30	176	0.678524
30	179	0.598483
30	180	1.36833
31	16	0.760763
31	22	1.11703
31	139	1.15059
31	155	0.776778
31	160	1.14412
31	161	1.14148
31	163	1.1376
31	164	1.14252
31	165	1.13031
31	166	1.13739
31	171	0.810766
31	173	0.770311
31	178	0.786665
32	18	1.3037
32	27	1.21629
32	64	1.36274
32	95	1.23701
32	99	1.34128
32	126	1.25665
32	140	0.650125
32	146	0.666477
32	156	0.650639
32	165	0.677937
32	169	0.630533
32	178	0.62633
32	179	1.38236
33	11	0.667543
33	93	1.27474
33	102	1.29909
33	121	1.25539
33	145	0.652501
33	152	0.640548
33	153	1.32567
33	155	1.29386
33	157	1.26898
33	159	0.635458
33	168	0.653885
33	177	0.656981
33	180	1.38326
34	74	0.857224
34	83	0.777945
34	98	1.17782
34	121	1.08769
34	131	0.7615
34	153	1.15798
34	157	1.10128
34	158	0.751265
34	169	1.12547
34	171	1.10292
34	172	1.13194
34	176	0.760778
34	180	1.21556
35	17	0.758964
35	21	1.11038
35	89	0.773048
35	95	0.826341
35	147	1.12421
35	150	1.14077
35	154	1.16112
35	155	0.750415
35	158	1.16207
35	164	0.785401
35	174	1.1562
35	175	1.11709
35	177	1.13159
36	1	1.15585
36	15	0.757931
36	23	0.762417
36	88	1.1995
36	108	1.1011
36	127	1.1115
36	129	1.11422
36	134	1.16901
36	150	1.12666
36	159	0.786882
36	169	1.12218
36	171	0.811786
36	178	0.787685
37	20	0.806425
37	94	1.14992
37	115	0.797146
37	116	1.11075
37	118	1.16909
37	119	1.12734
37	125	0.767072
37	159	0.754746
37	171	1.06949
37	172	1.09851
37	175	0.784373
37	179	1.19274
37	180	1.18213
38	5	0.987705
38	58	1.11478
38	74	0.858524
38	112	1.17351
38	113	1.1735
38	155	1.12571
38	159	1.14309
38	164	0.763045
38	168	0.75557
38	173	1.16617
38	175	0.766769
38	176	0.762078
38	180	1.21511
39	21	0.708326
39	50	0.581306
39	79	0.677508
39	108	0.693661
39	134	0.586671
39	157	0.644134
39	167	1.29923
39	170	1.28683
39	174	1.32469
39	175	1.28558
39	176	1.29837
39	177	1.30008
39	178	1.3102
40	53	0.642164
40	65	0.725217
40	129	0.640789
40	160	0.631391
40	163	0.615846
40	166	0.631859
40	167	1.29923
40	170	1.28683
40	174	1.32469
40	175	1.28558
40	176	1.29837
40	177	1.30008
40	178	1.3102
41	7	0.787469
41	59	0.783705
41	74	1.00954
41	116	1.13081
41	118	1.18915
41	119	1.1474
41	168	0.80197
41	171	1.08955
41	172	1.11857
41	173	0.767993
41	174	0.767391
41	179	1.21279
41	180	1.20219
42	49	0.889516
42	75	0.98856
42	100	1.03125
42	117	1.02036
42	135	0.943625
42	138	0.980196
42	141	0.971553
42	143	0.995688
42	146	1.0784
42	154	0.974445
42	158	0.97539
42	169	1.04246
42	176	1.06239
42	179	1.0503
43	30	0.654001
43	102	0.714117
43	113	0.692331
43	123	0.721937
43	165	0.767308
43	167	1.22366
43	168	1.22947
43	170	1.21126
43	174	1.24912
43	175	1.21001
43	176	1.2228
43	177	1.22451
43	178	1.23463
43	180	0.643779
44	14	1.08348
44	18	1.24565
44	27	1.15823
44	64	1.30468
44	95	1.17895
44	99	1.28323
44	142	1.22226
44	148	0.667623
44	151	0.729342
44	154	0.675001
44	156	0.698795
44	162	0.73226
44	164	0.699586
44	179	1.32431
45	74	0.957316
45	94	1.11775
45	101	0.840558
45	116	1.07859
45	118	1.13692
45	119	1.09518
45	147	0.866374
45	171	1.03732
45	172	1.06634
45	173	0.816228
45	177	0.853302
45	178	0.832582
45	179	1.16057
45	180	1.14996
46	51	0.679182
46	97	0.76203
46	110	0.656672
46	127	0.705701
46	134	0.66448
46	145	1.24093
46	150	0.723397
46	157	1.20345
46	164	1.23602
46	166	1.23089
46	169	1.22764
46	175	1.20844
46	177	1.22294
46	178	1.23306
47	60	0.851711
47	61	0.82668
47	66	0.756279
47	137	1.05817
47	146	1.06852
47	162	1.08094
47	163	0.865771
47	165	0.892021
47	170	1.08522
47	174	1.12309
47	175	1.08397
47	176	1.09676
47	177	1.09847
47	178	1.10859
48	66	0.763347
48	70	0.844335
48	106	1.09005
48	141	0.863615
48	142	0.86738
48	162	1.07269
48	168	1.09519
48	169	0.851685
48	170	1.07697
48	174	1.11484
48	175	1.07572
48	176	1.08852
48	177	1.09022
48	178	1.10034
49	42	0.889516
49	84	1.07471
49	103	1.12238
49	105	0.885612
49	117	0.822556
49	138	1.12783
49	141	1.11918
49	143	1.14332
49	147	1.08516
49	158	1.12302
49	159	1.1153
49	163	0.86581
49	177	0.861174
49	180	0.768531
50	17	1.21912
50	39	0.581306
50	53	0.734572
50	67	1.28974
50	69	0.741241
50	73	0.706029
50	98	1.25255
50	121	1.16242
50	153	1.2327
50	157	1.17601
50	170	0.735701
50	171	1.17765
50	176	0.707029
50	180	1.29029
51	3	1.07025
51	46	0.679182
51	60	1.19135
51	82	0.649884
51	105	0.748122
51	112	1.26188
51	113	1.26187
51	122	0.788499
51	138	0.690889
51	154	1.23824
51	156	1.2183
51	173	1.25455
51	179	0.647055
51	180	1.30349
52	91	1.17537
52	115	0.786301
52	130	0.763864
52	145	1.17692
52	149	1.1383
52	160	1.17361
52	161	1.17097
52	163	1.16708
52	164	1.172
52	165	1.15979
52	166	1.16688
52	171	0.768805
52	175	0.773528
52	178	0.744704
52	180	0.672781
53	40	0.642164
53	50	0.734572
53	56	1.15804
53	63	0.804252
53	107	1.14035
53	108	1.12832
53	109	1.23615
53	110	1.19078
53	123	1.15765
53	127	1.13872
53	134	1.19624
53	150	1.15389
53	168	0.785392
53	171	0.791869
53	174	0.750812
54	29	0.645407
54	76	1.17471
54	102	1.16564
54	125	0.780264
54	130	0.7879
54	137	1.11473
54	138	0.756665
54	153	1.19222
54	156	1.16462
54	157	1.13553
54	165	0.820347
54	171	1.13717
54	172	1.16619
54	179	0.712831
54	180	1.24981
55	94	0.711994
55	121	0.798521
55	136	0.718344
55	152	1.18468
55	158	0.741922
55	160	0.768206
55	162	1.14686
55	164	0.752403
55	167	1.16355
55	168	1.16936
55	174	1.18901
55	175	1.1499
55	176	1.16269
55	177	1.16439
55	178	1.17452
56	1	1.19963
56	53	1.15804
56	79	1.13346
56	97	0.80399
56	102	0.732685
56	107	1.15691
56	108	1.14488
56	124	0.733886
56	129	1.158
56	134	1.21279
56	150	1.17044
56	155	0.724384
56	161	0.767954
56	169	1.16596
56	178	0.734271
57	67	1.24435
57	69	0.802261
57	89	1.15853
57	93	1.13637
57	137	1.10981
57	146	0.784063
57	148	0.737053
57	153	1.18731
57	157	1.13062
57	169	1.15481
57	171	1.13225
57	174	0.726961
57	175	0.772741
57	179	0.688007
57	180	1.24489
58	38	1.11478
58	60	1.12504
58	72	0.737826
58	78	1.12596
58	112	1.19557
58	113	1.19556
58	151	0.774642
58	156	1.15198
58	159	1.16515
58	165	0.771393
58	168	0.737411
58	171	0.743888
58	173	1.18823
58	176	0.743919
58	180	1.23717
59	41	0.783705
59	95	1.11163
59	99	1.21591
59	116	0.706447
59	122	0.800987
59	135	1.15032
59	138	1.18689
59	147	1.14422
59	164	0.740552
59	169	0.719655
59	172	0.74281
59	175	1.1371
59	176	1.14989
59	177	1.1516
59	179	1.25699
60	30	0.665689
60	47	0.851711
60	51	1.19135
60	58	1.12504
60	78	1.11416
60	112	1.18376
60	113	1.18375
60	141	0.743523
60	145	0.743629
60	154	1.16012
60	156	1.14017
60	158	0.742008
60	173	1.17643
60	176	0.751522
60	180	1.22536
61	47	0.82668
61	108	0.781519
61	148	0.695495
61	158	1.15962
61	159	1.15191
61	160	1.14383
61	161	1.14118
61	162	0.760132
61	165	1.13001
61	167	0.715849
61	172	1.14031
61	173	1.17499
61	176	0.726491
61	179	1.23453
61	180	1.22393
62	68	0.799266
62	86	0.791266
62	91	0.716335
62	148	1.21738
62	157	0.724261
62	162	1.14432
62	166	0.735998
62	168	1.16682
62	170	1.14861
62	172	0.721986
62	174	1.18647
62	175	1.14736
62	176	1.16015
62	177	1.16186
62	178	1.17198
63	53	0.804252
63	87	1.21042
63	97	1.09742
63	102	0.750992
63	110	0.716938
63	112	0.737344
63	129	0.802877
63	138	1.1855
63	165	1.15108
63	166	1.15817
63	175	1.13571
63	176	1.1485
63	178	1.16033
63	179	1.2556
63	180	0.680654
64	14	1.09826
64	19	1.21716
64	27	1.17302
64	32	1.36274
64	44	1.30468
64	95	1.19373
64	99	1.29801
64	111	0.66273
64	121	0.739384
64	126	1.21338
64	132	0.66457
64	147	0.701959
64	170	0.720971
64	174	0.651211
64	178	0.668167
64	179	1.33909
65	29	0.727486
65	40	0.725217
65	84	1.06651
65	100	1.17069
65	115	0.892417
65	135	1.08306
65	138	1.11963
65	141	1.11099
65	143	1.13513
65	151	1.07894
65	152	0.855107
65	153	0.823496
65	158	1.11483
65	173	1.13019
65	179	1.18974
65	180	0.778897
66	26	1.06935
66	47	0.756279
66	48	0.763347
66	79	1.21897
66	107	1.24242
66	109	1.33821
66	110	1.29285
66	125	0.643481
66	127	1.24079
66	129	1.24351
66	134	1.2983
66	149	0.698505
66	150	1.25595
66	167	0.645448
66	170	0.684762
66	173	0.615605
67	50	1.28974
67	57	1.24435
67	72	0.685991
67	76	1.26185
67	90	1.14501
67	93	1.22843
67	94	0.652641
67	143	0.659342
67	151	0.722807
67	157	1.22268
67	161	0.701634
67	169	1.24687
67	171	1.22432
67	176	0.692083
67	177	0.688671
67	180	1.33696
68	62	0.799266
68	104	1.14185
68	114	1.09968
68	120	1.11313
68	144	1.12976
68	146	0.860877
68	149	1.09403
68	155	0.810844
68	159	0.819927
68	160	1.12934
68	161	1.1267
68	164	1.12773
68	165	1.11552
68	166	1.12261
68	179	0.764821
68	180	0.748807
69	50	0.741241
69	57	0.802261
69	88	0.744954
69	90	0.898683
69	140	1.14729
69	146	1.09027
69	157	0.804069
69	162	1.10269
69	167	1.11938
69	168	1.12519
69	172	0.801795
69	174	1.14483
69	175	1.10572
69	176	1.11851
69	177	1.12022
69	178	1.13034
70	48	0.844335
70	91	1.18785
70	96	1.24581
70	124	0.712562
70	139	1.19255
70	141	0.72908
70	145	1.18939
70	160	1.18609
70	161	1.18344
70	162	0.770719
70	163	1.17956
70	164	1.18448
70	165	1.17227
70	166	1.17935
70	174	0.695991
70	178	0.712947
70	180	0.641023
71	3	0.868608
71	23	0.654727
71	94	0.664686
71	108	0.759155
71	120	1.18179
71	137	0.72885
71	144	1.19843
71	145	1.20131
71	149	1.16269
71	160	1.19801
71	161	1.19536
71	163	1.19148
71	164	1.1964
71	165	1.18419
71	166	1.19127
71	167	0.693485
71	170	0.732799
72	58	0.737826
72	67	0.685991
72	146	1.15869
72	148	1.24417
72	154	0.734646
72	160	0.775034
72	162	1.17111
72	163	0.759489
72	168	1.19361
72	169	0.738336
72	170	1.17539
72	174	1.21326
72	175	1.17414
72	176	1.18694
72	177	1.18864
72	178	1.19877
72	180	0.662209
73	50	0.706029
73	87	0.718479
73	132	1.22642
73	140	1.20946
73	142	0.759122
73	143	0.730615
73	150	0.77031
73	154	0.739739
73	167	1.18155
73	168	1.18736
73	170	1.16915
73	174	1.20701
73	175	1.1679
73	176	1.18069
73	177	1.18239
73	178	1.19252
73	180	0.667301
74	34	0.857224
74	38	0.858524
74	41	1.00954
74	45	0.957316
74	85	1.13127
74	94	1.11264
74	116	1.07348
74	118	1.13182
74	119	1.09007
74	131	0.861525
74	138	0.824595
74	139	0.834155
74	164	0.86177
74	171	1.03222
74	172	1.06124
74	179	1.15546
74	180	1.14486
75	1	0.708246
75	6	1.20108
75	42	0.98856
75	82	0.665809
75	97	1.13879
75	100	1.27792
75	125	0.730412
75	135	1.1903
75	140	0.742684
75	141	1.21823
75	143	1.24236
75	146	0.759035
75	147	1.1842
75	158	1.22206
75	166	0.760258
75	171	0.74299
75	173	1.23743
76	25	1.13977
76	54	1.17471
76	67	1.26185
76	77	1.208
76	89	1.17604
76	122	0.781223
76	132	0.692091
76	135	0.748174
76	140	0.719483
76	153	1.20481
76	155	1.173
76	157	1.14812
76	160	0.73659
76	170	0.748492
76	171	1.14976
76	173	0.679335
76	180	1.2624
77	5	0.848874
77	76	1.208
77	107	0.75913
77	112	0.685869
77	116	0.692098
77	118	0.669986
77	121	1.15523
77	123	0.707338
77	135	1.18703
77	147	1.18094
77	157	1.16882
77	158	1.2188
77	164	0.726202
77	174	1.21293
77	176	1.18661
77	177	1.18831
77	178	1.19844
78	3	0.993058
78	58	1.12596
78	60	1.11416
78	112	1.18469
78	113	1.18468
78	126	0.786868
78	138	0.754339
78	154	1.16104
78	155	1.13689
78	156	1.1411
78	159	1.15427
78	160	0.807317
78	168	0.784039
78	172	0.793773
78	173	1.17735
78	178	0.766415
78	179	0.710505
78	180	1.22629
79	39	0.677508
79	56	1.13346
79	66	1.21897
79	88	1.20215
79	107	1.11577
79	108	1.10374
79	109	1.21156
79	127	1.11414
79	129	1.11687
79	131	0.803953
79	133	1.12884
79	142	0.798997
79	150	1.12931
79	159	0.778296
79	163	0.804456
79	169	1.12483
79	173	0.762746
79	178	0.7791
80	84	0.799839
80	101	1.12077
80	114	0.84067
80	123	0.7635
80	131	1.14912
80	134	0.729434
80	136	0.748305
80	155	0.747378
80	162	1.13165
80	167	1.14834
80	168	1.15415
80	169	0.761468
80	170	1.13593
80	174	1.1738
80	175	1.13468
80	176	1.14747
80	177	1.14918
80	178	1.1593
81	25	0.808803
81	89	0.775501
81	95	0.828795
81	109	0.725237
81	119	0.730179
81	135	1.14035
81	147	1.13426
81	153	0.735431
81	156	0.787064
81	158	1.17212
81	160	1.15632
81	163	1.1498
81	165	1.1425
81	166	1.14959
81	175	1.12714
81	176	1.13993
81	177	1.14164
81	178	1.15176
82	7	0.666137
82	51	0.649884
82	75	0.665809
82	94	0.647703
82	121	0.73423
82	136	0.654053
82	156	0.687322
82	162	1.23924
82	163	0.688369
82	167	1.25593
82	168	1.26174
82	170	1.24353
82	173	1.30262
82	174	1.28139
82	175	1.24228
82	176	1.25507
82	177	1.25678
82	178	1.2669
83	34	0.777945
83	103	0.738312
83	131	1.14475
83	133	0.767562
83	144	0.784984
83	150	0.788477
83	152	1.16509
83	153	0.730067
83	162	1.12727
83	166	0.798761
83	167	1.14396
83	168	1.14977
83	170	1.13156
83	174	1.16942
83	175	1.13031
83	176	1.1431
83	177	1.14481
83	178	1.15493
84	17	0.757329
84	49	1.07471
84	65	1.06651
84	80	0.799839
84	102	0.757082
84	103	1.15994
84	133	1.13881
84	135	1.12882
84	136	0.749707
84	141	1.15674
84	143	1.18088
84	147	1.12272
84	158	1.16058
84	169	0.76287
84	170	0.811471
84	173	1.17594
84	178	0.758667
84	179	1.23549
85	74	1.13127
85	94	1.2917
85	116	1.25254
85	117	0.635175
85	118	1.31087
85	119	1.26913
85	141	0.669206
85	143	0.644463
85	147	0.686865
85	155	1.23451
85	161	0.686756
85	166	0.694442
85	170	0.705877
85	171	1.21127
85	172	1.24029
85	176	0.677205
85	179	1.33452
85	180	1.32391
86	62	0.791266
86	96	1.17442
86	119	0.780154
86	122	1.0531
86	137	0.861586
86	144	1.11512
86	145	1.118
86	149	1.07938
86	154	0.813245
86	160	1.1147
86	163	1.10817
86	164	1.11309
86	165	1.10088
86	166	1.10796
86	167	0.826221
86	169	1.10471
86	172	1.11118
86	173	0.796377
86	176	0.836863
87	63	1.21042
87	73	0.718479
87	102	0.693762
87	119	0.662771
87	120	1.20662
87	122	1.16123
87	139	1.22929
87	146	0.735494
87	149	1.18751
87	160	1.22283
87	161	1.22018
87	162	0.753121
87	163	1.2163
87	164	1.22122
87	165	1.20901
87	166	1.21609
87	170	0.748151
87	173	0.678994
87	177	0.716068
88	8	0.699545
88	26	1.05253
88	36	1.1995
88	69	0.744954
88	79	1.20215
88	107	1.22559
88	108	1.21356
88	123	1.24289
88	127	1.22396
88	129	1.22669
88	149	0.753157
88	150	1.23913
88	151	0.741466
88	156	1.23954
88	161	0.720293
88	168	0.704235
88	169	1.23465
88	171	0.710711
88	179	0.630701
89	35	0.773048
89	57	1.15853
89	76	1.17604
89	81	0.775501
89	92	0.746462
89	102	1.16697
89	121	1.12327
89	136	0.719879
89	144	0.756431
89	153	1.19356
89	155	1.16174
89	156	1.16595
89	157	1.13686
89	168	0.746463
89	169	1.16106
89	171	1.1385
89	172	1.16752
89	175	0.757663
89	178	0.728839
89	180	1.25114
90	67	1.14501
90	69	0.898683
90	114	1.03579
90	138	0.828263
90	146	0.880485
90	153	1.08797
90	156	1.06037
90	157	1.03128
90	161	1.06281
90	163	1.05893
90	164	1.06385
90	166	1.05873
90	170	0.893143
90	171	1.03292
90	172	1.06194
90	173	0.823985
90	174	0.823383
90	177	0.861059
90	179	1.15616
90	180	1.14556
91	2	1.06333
91	52	1.17537
91	62	0.716335
91	70	1.18785
91	105	0.782957
91	120	1.16285
91	131	0.762653
91	137	0.786654
91	139	1.18553
91	144	1.17949
91	156	0.762108
91	160	1.17907
91	161	1.17642
91	163	1.17254
91	164	1.17746
91	165	1.16525
91	168	0.755423
91	172	1.17555
91	176	0.761931
91	179	0.68189
92	10	0.743625
92	89	0.746462
92	128	1.16241
92	129	0.784017
92	133	0.743887
92	140	1.19097
92	152	1.18419
92	154	0.734231
92	155	0.72383
92	162	1.14637
92	166	0.775086
92	167	1.16306
92	168	1.16887
92	169	0.73792
92	170	1.15066
92	174	1.18852
92	175	1.14941
92	176	1.1622
92	177	1.1639
92	178	1.17403
93	16	1.17378
93	33	1.27474
93	57	1.13637
93	67	1.22843
93	102	1.14481
93	121	1.10111
93	132	0.737278
93	142	1.13754
93	151	0.795731
93	152	0.745162
93	153	1.17139
93	156	1.14379
93	157	1.1147
93	159	0.740072
93	167	0.754365
93	168	0.758499
93	172	1.14536
93	173	0.724522
93	177	0.761595
93	180	1.22898
94	37	1.14992
94	45	1.11775
94	55	0.711994
94	67	0.652641
94	71	0.664686
94	74	1.11264
94	82	0.647703
94	85	1.2917
94	108	0.779943
94	116	1.23391
94	118	1.29225
94	119	1.2505
94	152	0.70507
94	155	1.21589
94	167	0.714273
94	171	1.19265
94	172	1.22167
94	175	0.729607
94	178	0.700783
94	179	1.31589
94	180	1.30529
95	14	0.972529
95	18	1.1347
95	19	1.09142
95	23	1.1475
95	27	1.04728
95	32	1.23701
95	35	0.826341
95	44	1.17895
95	59	1.11163
95	64	1.19373
95	81	0.828795
95	98	0.774994
95	99	1.17228
95	110	0.746493
95	126	1.08764
95	142	1.11131
95	148	0.775268
95	171	0.806233
95	174	0.765177
95	178	0.782132
95	179	1.21336
96	23	0.681301
96	70	1.24581
96	86	1.17442
96	98	0.699431
96	120	1.22081
96	124	0.706184
96	145	1.24033
96	147	0.740361
96	149	1.20171
96	160	1.23702
96	161	1.23438
96	163	1.2305
96	164	1.23542
96	165	1.22321
96	166	1.23029
96	167	0.720059
96	169	1.22704
96	171	0.73067
96	173	0.690215
96	174	0.689614
96	179	0.65066
97	8	1.11228
97	46	0.76203
97	56	0.80399
97	63	1.09742
97	75	1.13879
97	100	1.18148
97	123	0.792047
97	124	0.785428
97	135	1.09385
97	138	1.13043
97	141	1.12178
97	143	1.14592
97	147	1.08776
97	148	0.778949
97	152	0.790099
97	154	1.12467
97	158	1.12562
97	171	0.809913
97	173	1.14098
97	178	0.785812
97	179	1.20053
98	16	1.24456
98	29	0.585621
98	30	1.33059
98	34	1.17782
98	50	1.25255
98	95	0.774994
98	96	0.699431
98	117	0.691057
98	121	1.17189
98	126	0.729408
98	132	0.705358
98	155	1.21036
98	156	1.21457
98	157	1.18548
98	169	1.20968
98	170	0.761759
98	171	1.18712
98	172	1.21614
98	178	0.708955
98	179	0.653046
98	180	1.29976
99	14	1.07681
99	18	1.23897
99	19	1.1957
99	27	1.15156
99	32	1.34128
99	44	1.28323
99	59	1.21591
99	64	1.29801
99	95	1.17228
99	105	0.724006
99	113	0.655477
99	126	1.19192
99	136	0.669888
99	142	1.21559
99	151	0.733703
99	154	0.679362
99	158	0.693466
99	164	0.703947
99	170	0.731652
99	172	0.706206
99	179	1.31763
100	6	1.24377
100	13	0.706481
100	42	1.03125
100	65	1.17069
100	75	1.27792
100	97	1.18148
100	103	1.26411
100	123	0.687413
100	138	1.26956
100	141	1.26092
100	147	1.22689
100	151	1.22886
100	155	0.671292
100	158	1.26475
100	160	0.72208
100	161	0.714861
100	166	0.722548
100	168	0.698803
100	172	0.708536
100	173	1.28012
100	174	0.664223
101	22	0.776627
101	25	0.770117
101	45	0.840558
101	80	1.12077
101	107	0.782097
101	114	0.807475
101	124	1.14914
101	125	1.15328
101	129	0.77437
101	148	1.17504
101	149	0.790617
101	152	1.1398
101	163	0.749426
101	167	1.11867
101	168	1.12449
101	170	1.10627
101	174	1.14413
101	175	1.10502
101	176	1.11781
101	177	1.11952
101	178	1.12964
102	16	1.19813
102	30	1.28416
102	33	1.29909
102	43	0.714117
102	54	1.16564
102	56	0.732685
102	63	0.750992
102	84	0.757082
102	87	0.693762
102	89	1.16697
102	93	1.14481
102	137	1.11824
102	142	1.16189
102	148	0.707644
102	155	1.16393
102	157	1.13905
102	162	0.772281
102	169	1.16324
102	171	1.14069
102	175	0.743332
102	177	0.735228
102	180	1.25333
103	4	1.05025
103	6	1.18727
103	8	1.19491
103	49	1.12238
103	83	0.738312
103	84	1.15994
103	100	1.26411
103	105	0.742171
103	135	1.17649
103	141	1.20442
103	143	1.22855
103	149	0.763561
103	151	1.17236
103	154	1.20731
103	158	1.20825
103	162	0.754787
103	167	0.710504
103	168	0.714638
103	170	0.749818
103	173	1.22362
103	176	0.721146
103	177	0.717734
104	15	1.22033
104	68	1.14185
104	122	1.12821
104	136	1.22745
104	139	1.19627
104	140	0.761553
104	145	1.19311
104	152	0.742045
104	159	0.736955
104	160	1.18981
104	161	1.18716
104	163	1.18328
104	164	1.1882
104	165	1.17599
104	166	1.18307
104	167	0.751248
104	168	0.755382
104	171	0.761859
104	172	1.18629
104	173	0.721404
104	174	0.720802
104	180	0.665835
105	6	0.742674
105	49	0.885612
105	51	0.748122
105	91	0.782957
105	99	0.724006
105	103	0.742171
105	115	1.11127
105	116	0.752246
105	117	1.16917
105	128	1.14947
105	130	1.15137
105	143	0.752641
105	152	1.17125
105	162	1.13343
105	167	1.15012
105	168	1.15593
105	169	0.765454
105	170	1.13771
105	174	1.17558
105	175	1.13646
105	176	1.14926
105	177	1.15096
105	178	1.16109
106	14	0.864964
106	18	0.71734
106	48	1.09005
106	109	0.70217
106	120	0.758691
106	124	1.17737
106	125	1.18152
106	141	0.755822
106	147	0.773481
106	148	1.20328
106	162	1.13022
106	165	0.791295
106	166	0.781058
106	167	1.14691
106	168	1.15272
106	169	0.743892
106	170	1.13451
106	171	1.1299
106	174	1.17237
106	175	1.13326
106	176	1.14605
106	177	1.14776
106	178	1.15788
107	24	0.684847
107	26	0.966153
107	53	1.14035
107	56	1.15691
107	66	1.24242
107	77	0.75913
107	79	1.11577
107	88	1.22559
107	101	0.782097
107	125	0.785644
107	127	1.13758
107	129	1.14031
107	133	1.15229
107	134	1.1951
107	150	1.15275
107	154	1.17311
107	156	1.15317
107	157	0.803753
107	169	1.14827
107	172	0.801479
107	177	0.794841
107	178	0.774121
107	179	0.718211
108	11	1.15898
108	21	1.11033
108	23	0.769985
108	36	1.1011
108	39	0.693661
108	53	1.12832
108	56	1.14488
108	61	0.781519
108	71	0.759155
108	79	1.10374
108	88	1.21356
108	94	0.779943
108	109	1.22298
108	110	1.17761
108	127	1.12555
108	129	1.12828
108	134	1.18307
108	150	1.14072
108	154	1.16108
108	159	0.794449
108	172	0.82261
108	173	0.778899
108	180	0.723329
109	10	1.26069
109	11	1.2668
109	26	1.06195
109	53	1.23615
109	66	1.33821
109	79	1.21156
109	81	0.725237
109	106	0.70217
109	108	1.22298
109	127	1.23338
109	129	1.23611
109	132	0.674977
109	134	1.29089
109	148	0.67171
109	150	1.24855
109	156	1.24896
109	159	0.677771
109	164	0.703673
109	169	1.24406
109	172	0.705932
109	173	0.662221
109	175	0.707398
109	178	0.678574
110	1	1.23237
110	4	0.866989
110	10	1.21533
110	11	1.22144
110	13	0.705757
110	26	1.01658
110	46	0.656672
110	53	1.19078
110	63	0.716938
110	66	1.29285
110	95	0.746493
110	108	1.17761
110	127	1.18801
110	129	1.19074
110	134	1.24553
110	137	0.729309
110	150	1.20318
110	154	1.22354
110	156	1.2036
110	160	0.721356
110	166	0.721823
110	169	1.1987
110	172	0.707812
110	179	0.624544
111	64	0.66273
111	112	0.695423
111	124	1.22489
111	130	1.19569
111	131	1.19522
111	140	1.22234
111	152	1.21556
111	154	0.71117
111	155	0.700769
111	158	0.725274
111	160	0.751558
111	162	1.17774
111	164	0.735755
111	166	0.752025
111	167	1.19443
111	168	1.20024
111	169	0.714859
111	170	1.18203
111	172	0.738014
111	174	1.21989
111	175	1.18078
111	176	1.19357
111	177	1.19528
111	178	1.2054
112	3	1.06266
112	5	1.06849
112	38	1.17351
112	51	1.26188
112	58	1.19557
112	60	1.18376
112	63	0.737344
112	77	0.685869
112	78	1.18469
112	111	0.695423
112	113	1.25429
112	115	0.742457
112	131	0.725713
112	144	0.728452
112	151	0.755715
112	154	1.23065
112	155	1.2065
112	156	1.21071
112	159	1.22388
112	163	0.726216
112	173	1.24696
112	174	0.683904
112	176	0.724992
112	180	1.2959
113	3	1.06265
113	5	1.06848
113	38	1.1735
113	43	0.692331
113	51	1.26187
113	58	1.19556
113	60	1.18375
113	78	1.18468
113	99	0.655477
113	112	1.25429
113	122	0.778257
113	126	0.713176
113	154	1.23064
113	155	1.20649
113	156	1.2107
113	159	1.22387
113	162	0.750496
113	165	0.744329
113	170	0.745526
113	172	0.72008
113	173	1.24695
113	177	0.713443
113	178	0.692723
113	180	1.29589
114	2	1.0319
114	68	1.09968
114	80	0.84067
114	90	1.03579
114	101	0.807475
114	122	1.08604
114	132	0.795901
114	137	0.848353
114	143	0.790889
114	144	1.14806
114	145	1.15094
114	149	1.11232
114	153	0.772174
114	160	1.14764
114	161	1.14499
114	163	1.14111
114	164	1.14603
114	165	1.13382
114	166	1.1409
114	169	1.13765
114	171	0.823599
114	172	1.14412
114	174	0.782543
114	179	0.743589
115	14	0.882966
115	28	0.820099
115	37	0.797146
115	52	0.786301
115	65	0.892417
115	105	1.11127
115	112	0.742457
115	116	0.748685
115	123	0.763925
115	124	1.13785
115	131	1.10818
115	132	1.15226
115	140	1.1353
115	152	1.12852
115	167	1.10739
115	168	1.1132
115	169	0.761893
115	170	1.09499
115	173	1.15409
115	174	1.13285
115	175	1.09374
115	176	1.10653
115	177	1.10824
115	178	1.11836
116	37	1.11075
116	41	1.13081
116	45	1.07859
116	59	0.706447
116	74	1.07348
116	77	0.692098
116	85	1.25254
116	94	1.23391
116	105	0.752246
116	115	0.748685
116	118	1.25309
116	119	1.21134
116	141	0.723221
116	151	0.761944
116	155	1.17673
116	158	0.721707
116	163	0.732444
116	165	0.758695
116	171	1.15349
116	172	1.18251
116	179	1.27673
116	180	1.26613
117	6	0.679618
117	42	1.02036
117	49	0.822556
117	85	0.635175
117	98	0.691057
117	105	1.16917
117	130	1.16654
117	132	1.21016
117	146	1.13618
117	149	0.764742
117	152	1.18642
117	155	0.688308
117	156	0.722504
117	160	0.739097
117	161	0.731878
117	162	1.1486
117	167	1.16529
117	168	1.1711
117	170	1.15289
117	171	1.14828
117	174	1.19075
117	175	1.15164
117	176	1.16443
117	177	1.16613
117	178	1.17626
118	9	0.686654
118	17	0.683638
118	24	0.595703
118	37	1.16909
118	41	1.18915
118	45	1.13692
118	74	1.13182
118	77	0.669986
118	85	1.31087
118	94	1.29225
118	116	1.25309
118	119	1.26967
118	151	0.739832
118	155	1.23506
118	170	0.73778
118	171	1.21182
118	172	1.24084
118	173	0.668623
118	175	0.7138
118	176	0.709109
118	177	0.705697
118	179	1.33507
118	180	1.32446
119	2	0.895043
119	37	1.12734
119	41	1.1474
119	45	1.09518
119	74	1.09007
119	81	0.730179
119	85	1.26913
119	86	0.780154
119	87	0.662771
119	94	1.2505
119	116	1.21134
119	118	1.26967
119	123	1.20087
119	124	0.683132
119	155	1.19332
119	158	0.698135
119	166	0.724886
119	167	0.697006
119	171	1.17008
119	172	1.19909
119	173	0.667163
119	174	0.666561
119	179	1.29332
119	180	1.28271
120	68	1.11313
120	71	1.18179
120	87	1.20662
120	91	1.16285
120	96	1.22081
120	106	0.758691
120	130	0.754256
120	136	1.19874
120	139	1.16756
120	142	1.14975
120	145	1.1644
120	146	0.775242
120	147	0.768888
120	159	0.734293
120	160	1.16109
120	161	1.15845
120	163	1.15456
120	164	1.15948
120	165	1.14727
120	166	1.15436
120	167	0.748586
120	171	0.759197
120	174	0.718141
120	175	0.76392
120	178	0.735096
121	17	1.13847
121	25	1.087
121	29	0.663976
121	33	1.25539
121	34	1.08769
121	50	1.16242
121	55	0.798521
121	64	0.739384
121	77	1.15523
121	82	0.73423
121	89	1.12327
121	93	1.10111
121	98	1.17189
121	122	0.872844
121	140	0.811105
121	142	1.11819
121	153	1.15205
121	157	1.09535
121	161	0.820993
121	164	0.812409
121	169	1.11955
121	171	1.09699
121	172	1.12601
121	175	0.816134
121	179	0.7314
121	180	1.20963
122	11	0.832909
122	28	1.08328
122	51	0.788499
122	59	0.800987
122	76	0.781223
122	86	1.0531
122	87	1.16123
122	104	1.12821
122	113	0.778257
122	114	1.08604
122	121	0.872844
122	123	1.11396
122	130	0.820787
122	136	1.15335
122	137	0.850482
122	139	1.12217
122	143	0.793018
122	145	1.11901
122	160	1.1157
122	161	1.11306
122	163	1.10918
122	164	1.1141
122	165	1.10189
122	166	1.10897
122	169	1.10572
122	172	1.11218
122	173	0.785274
123	13	0.747631
123	43	0.721937
123	53	1.15765
123	77	0.707338
123	80	0.7635
123	88	1.24289
123	97	0.792047
123	100	0.687413
123	115	0.763925
123	119	1.20087
123	122	1.11396
123	129	1.15761
123	141	0.738461
123	144	1.17597
123	150	1.17005
123	158	0.736947
123	159	0.721525
123	160	1.17555
123	161	1.17291
123	163	1.16903
123	165	1.16173
123	169	1.16557
123	171	1.14301
123	172	1.17203
123	178	0.722328
123	179	1.26626
123	180	1.25565
124	7	0.718832
124	56	0.733886
124	70	0.712562
124	96	0.706184
124	97	0.785428
124	101	1.14914
124	106	1.17737
124	111	1.22489
124	115	1.13785
124	119	0.683132
124	129	0.766008
124	140	1.20461
124	149	0.782255
124	152	1.19783
124	162	1.16001
124	164	0.740808
124	167	1.1767
124	168	1.18251
124	169	0.719911
124	170	1.1643
124	172	0.743066
124	173	1.22339
124	174	1.20216
124	175	1.16305
124	176	1.17584
124	177	1.17754
124	178	1.18767
125	37	0.767072
125	54	0.780264
125	66	0.643481
125	75	0.730412
125	101	1.15328
125	106	1.18152
125	107	0.785644
125	128	1.1802
125	130	1.1821
125	132	1.22571
125	142	0.747514
125	144	0.755208
125	146	1.15174
125	152	1.20197
125	155	0.717729
125	161	0.761299
125	162	1.16415
125	167	1.18084
125	168	1.18665
125	169	0.731819
125	170	1.16844
125	174	1.2063
125	175	1.16719
125	176	1.17998
125	177	1.18169
125	178	1.19181
125	179	0.671707
126	26	0.988763
126	30	0.674846
126	32	1.25665
126	64	1.21338
126	78	0.786868
126	95	1.08764
126	98	0.729408
126	99	1.19192
126	113	0.713176
126	129	0.786846
126	141	0.75268
126	145	1.1456
126	147	0.770339
126	156	0.760855
126	157	0.766179
126	160	1.1423
126	161	1.13965
126	163	1.13577
126	164	1.14069
126	166	1.13556
126	167	1.12676
126	174	1.15222
126	175	1.11311
126	176	1.1259
126	177	1.12761
126	178	1.13773
126	179	1.233
126	180	0.664623
127	4	0.916018
127	11	1.16938
127	26	0.964523
127	36	1.1115
127	46	0.705701
127	53	1.13872
127	66	1.24079
127	79	1.11414
127	88	1.22396
127	107	1.13758
127	108	1.12555
127	109	1.23338
127	110	1.18801
127	129	1.13868
127	133	1.15066
127	134	1.19347
127	137	0.778338
127	143	0.720873
127	149	0.79603
127	150	1.15112
127	151	0.784339
127	154	1.17148
127	160	0.770385
127	169	1.14664
127	172	0.756841
127	173	0.713129
127	174	0.712528
127	177	0.750203
128	3	0.896048
128	4	0.89397
128	5	0.855207
128	25	0.753483
128	92	1.16241
128	105	1.14947
128	125	1.1802
128	130	1.14685
128	135	0.759921
128	142	0.727333
128	146	1.11649
128	148	1.20196
128	150	0.738521
128	152	1.16672
128	160	0.748338
128	162	1.1289
128	163	0.732792
128	167	1.14559
128	170	1.13319
128	171	1.12859
128	173	1.19229
128	174	1.17105
128	175	1.13194
128	176	1.14473
128	177	1.14644
128	178	1.15656
128	179	0.651526
128	180	0.635513
129	1	1.18304
129	11	1.17211
129	21	1.12346
129	26	0.967251
129	36	1.11422
129	40	0.640789
129	56	1.158
129	63	0.802877
129	66	1.24351
129	79	1.11687
129	88	1.22669
129	92	0.784017
129	101	0.77437
129	107	1.14031
129	108	1.12828
129	109	1.23611
129	110	1.19074
129	123	1.15761
129	124	0.766008
129	126	0.786846
129	127	1.13868
129	150	1.15385
129	159	0.76559
129	163	0.791749
129	169	1.14937
129	173	0.750039
129	174	0.749438
129	175	0.795217
130	52	0.763864
130	54	0.7879
130	105	1.15137
130	111	1.19569
130	117	1.16654
130	120	0.754256
130	122	0.820787
130	125	1.1821
130	128	1.14685
130	131	1.14828
130	135	0.787738
130	146	1.11839
130	150	0.766339
130	152	1.16862
130	154	0.735767
130	157	0.764885
130	162	1.1308
130	163	0.760609
130	165	0.786859
130	167	1.14749
130	168	1.1533
130	170	1.13509
130	174	1.17295
130	175	1.13384
130	176	1.14663
130	177	1.14834
130	178	1.15846
130	180	0.66333
131	34	0.7615
131	74	0.861525
131	79	0.803953
131	80	1.14912
131	83	1.14475
131	91	0.762653
131	111	1.19522
131	112	0.725713
131	115	1.10818
131	130	1.14828
131	146	1.11792
131	148	1.20339
131	152	1.16815
131	158	0.755565
131	161	0.77463
131	162	1.13033
131	163	0.766303
131	164	0.766046
131	168	1.15283
131	169	0.74515
131	170	1.13462
131	173	1.19371
131	174	1.17248
131	175	1.13337
131	176	1.14616
131	177	1.14787
131	178	1.15799
131	180	0.669024
132	28	0.774905
132	64	0.66457
132	73	1.22642
132	76	0.692091
132	93	0.737278
132	98	0.705358
132	109	0.674977
132	114	0.795901
132	115	1.15226
132	117	1.21016
132	125	1.22571
132	146	1.162
132	148	1.24748
132	150	0.743582
132	151	1.18654
132	154	0.71301
132	155	0.702609
132	156	0.736805
132	160	0.753398
132	162	1.17442
132	167	1.19111
132	168	1.19692
132	170	1.1787
132	171	1.1741
132	174	1.21657
132	175	1.17745
132	176	1.19025
132	177	1.19195
132	178	1.20208
133	9	0.727941
133	13	0.751566
133	21	1.13544
133	79	1.12884
133	83	0.767562
133	84	1.13881
133	92	0.743887
133	107	1.15229
133	127	1.15066
133	134	1.20817
133	135	1.15536
133	140	0.750058
133	143	1.20742
133	146	0.76641
133	147	1.14927
133	149	1.13602
133	150	1.16582
133	157	0.755896
133	158	1.18713
133	161	1.16869
133	162	0.784036
133	163	1.1648
133	164	1.16972
133	165	1.15751
133	166	1.1646
133	171	0.750364
133	174	0.709308
133	175	0.755087
133	176	0.750395
133	179	1.26204
134	1	1.23782
134	3	0.876874
134	10	1.22079
134	11	1.2269
134	20	0.739139
134	21	1.17825
134	26	1.02204
134	36	1.16901
134	39	0.586671
134	46	0.66448
134	53	1.19624
134	56	1.21279
134	66	1.2983
134	80	0.729434
134	107	1.1951
134	108	1.18307
134	109	1.29089
134	110	1.24553
134	127	1.19347
134	133	1.20817
134	137	0.737117
134	147	0.722054
134	150	1.20864
134	151	0.743118
134	156	1.20905
134	165	0.739868
134	169	1.20416
134	172	0.71562
134	173	0.671908
134	174	0.671306
134	177	0.708982
135	4	1.01913
135	42	0.943625
135	59	1.15032
135	65	1.08306
135	75	1.1903
135	76	0.748174
135	77	1.18703
135	81	1.14035
135	84	1.12882
135	97	1.09385
135	103	1.17649
135	128	0.759921
135	130	0.787738
135	133	1.15536
135	136	0.759619
135	138	1.18194
135	139	0.766062
135	141	1.17329
135	143	1.19743
135	145	0.784818
135	147	1.13927
135	148	0.761715
135	150	0.799664
135	151	1.14124
135	158	1.17713
135	159	1.16941
135	167	0.782068
135	171	0.79268
135	177	0.789299
135	178	0.768579
135	179	1.25204
136	12	1.24155
136	24	0.61786
136	28	1.18252
136	55	0.718344
136	80	0.748305
136	82	0.654053
136	84	0.749707
136	89	0.719879
136	99	0.669888
136	104	1.22745
136	120	1.19874
136	122	1.15335
136	135	0.759619
136	139	1.22141
136	142	1.20361
136	144	1.21537
136	145	1.21826
136	146	0.74728
136	148	0.70027
136	149	1.17963
136	151	1.19485
136	160	1.21495
136	161	1.2123
136	162	0.764906
136	163	1.20842
136	164	1.21334
136	165	1.20113
136	166	1.20821
136	169	1.20496
136	176	0.731265
136	177	0.727854
137	5	0.91272
137	18	0.742599
137	47	1.05817
137	54	1.11473
137	57	1.10981
137	71	0.72885
137	86	0.861586
137	91	0.786654
137	102	1.11824
137	110	0.729309
137	114	0.848353
137	122	0.850482
137	127	0.778338
137	134	0.737117
137	143	1.15841
137	147	1.10025
137	149	0.831495
137	153	1.14483
137	157	1.08814
137	158	1.13811
137	159	1.1304
137	163	0.790304
137	168	1.1126
137	171	1.08978
137	172	1.1188
137	173	1.15348
137	174	1.13224
137	175	1.09313
137	176	1.10592
137	177	1.10763
137	178	1.11775
137	179	1.21302
138	4	1.0557
138	6	1.19272
138	8	1.20036
138	42	0.980196
138	49	1.12783
138	51	0.690889
138	54	0.756665
138	59	1.18689
138	63	1.1855
138	65	1.11963
138	74	0.824595
138	78	0.754339
138	90	0.828263
138	97	1.13043
138	100	1.26956
138	135	1.18194
138	141	1.20987
138	143	1.234
138	147	1.17584
138	154	1.21276
138	158	1.2137
138	159	1.20598
138	160	0.744919
138	165	0.755624
138	168	0.721641
138	170	0.756821
138	173	1.22907
138	174	0.687062
138	176	0.728149
138	177	0.724737
138	179	1.28861
138	180	0.632094
139	31	1.15059
139	70	1.19255
139	74	0.834155
139	87	1.22929
139	91	1.18553
139	104	1.19627
139	120	1.16756
139	122	1.12217
139	135	0.766062
139	136	1.22141
139	144	1.18419
139	145	1.18708
139	149	1.14846
139	150	0.744662
139	151	1.16367
139	152	0.717863
139	154	0.714091
139	159	0.712773
139	160	1.18377
139	161	1.18113
139	163	1.17724
139	164	1.18216
139	165	1.16995
139	166	1.17704
139	168	0.731201
139	170	0.76638
139	171	0.737678
139	172	1.18025
139	173	0.697223
139	175	0.742401
139	176	0.737709
139	178	0.713577
140	32	0.650125
140	69	1.14729
140	73	1.20946
140	75	0.742684
140	76	0.719483
140	92	1.19097
140	104	0.761553
140	111	1.22234
140	115	1.1353
140	121	0.811105
140	124	1.20461
140	133	0.750058
140	142	0.759786
140	144	0.76748
140	146	1.14504
140	148	1.23052
140	152	1.19528
140	156	0.764196
140	157	0.76952
140	162	1.15746
140	167	1.17415
140	168	1.17996
140	169	0.744091
140	170	1.16175
140	171	1.15714
140	174	1.19961
140	175	1.1605
140	176	1.17329
140	177	1.17499
140	178	1.18512
140	179	0.683979
140	180	0.667965
141	6	1.18408
141	42	0.971553
141	48	0.863615
141	49	1.11918
141	60	0.743523
141	65	1.11099
141	70	0.72908
141	75	1.21823
141	84	1.15674
141	85	0.669206
141	97	1.12178
141	100	1.26092
141	103	1.20442
141	106	0.755822
141	116	0.723221
141	123	0.738461
141	126	0.75268
141	135	1.17329
141	138	1.20987
141	143	1.22536
141	147	1.1672
141	151	1.16917
141	154	1.20411
141	158	1.20506
141	159	1.19734
141	169	0.736429
141	172	0.759584
141	173	1.22042
141	174	0.715271
141	177	0.752946
141	179	1.27997
