1	59	2.06687
1	148	0.416231
1	160	0.753717
1	161	0.73525
1	168	0.743556
1	172	0.736465
1	173	0.72699
1	174	0.708013
1	177	0.702183
1	178	0.691196
1	179	0.701186
1	180	0.698598
2	35	0.974414
2	66	1.65174
2	142	0.741667
2	153	0.73059
2	162	0.74671
2	166	0.743803
2	169	0.724771
2	175	0.74236
2	177	0.696637
2	178	0.685649
2	179	0.69564
2	180	0.693052
3	9	0.716555
3	12	0.640481
3	33	0.601846
3	35	0.660103
3	43	0.641155
3	47	0.714488
3	51	0.707662
3	70	0.672885
3	150	0.575781
3	157	0.684775
3	167	0.605166
3	173	5.97701
4	103	0.759851
4	111	0.772159
4	120	0.752178
4	121	1.96129
4	128	0.729763
4	130	0.75572
4	133	0.723408
4	146	0.716752
4	149	0.721393
4	153	5.08554
4	171	0.635109
4	176	0.63896
5	14	3.64804
5	62	0.69347
5	75	0.769772
5	126	0.688278
5	165	0.679438
5	169	0.639369
5	170	0.638676
5	175	0.656958
5	177	0.611235
5	178	0.600247
5	179	0.610238
5	180	0.60765
6	37	0.789344
6	41	0.789194
6	42	0.789225
6	44	0.843949
6	49	0.773014
6	55	0.773278
6	61	0.823504
6	66	0.823646
6	113	1.75485
6	136	2.48852
6	158	0.781211
6	178	5.26935
7	117	1.37739
7	119	0.806129
7	146	1.21713
7	158	0.749346
7	162	0.729068
7	164	0.75032
7	165	0.747199
7	173	0.703802
7	174	0.684825
7	177	0.678996
7	178	0.668008
7	180	0.67541
8	99	2.76049
8	103	0.763474
8	124	0.712281
8	130	0.759343
8	133	0.727031
8	141	0.723108
8	146	0.720375
8	148	0.73786
8	149	0.725016
8	161	0.675181
8	175	4.20295
8	176	0.642583
9	3	0.716555
9	19	0.8372
9	33	0.767839
9	43	0.807148
9	51	0.873655
9	70	0.838877
9	137	1.68982
9	144	2.74186
9	150	0.741774
9	157	0.850768
9	164	3.95845
9	167	0.771158
10	24	0.564675
10	29	0.845135
10	39	0.831299
10	45	0.843232
10	52	0.841252
10	54	0.856749
10	57	1.94275
10	59	0.778447
10	68	0.782744
10	82	0.815114
10	147	3.91825
10	161	3.44208
11	34	0.915156
11	74	0.420266
11	120	0.622317
11	150	0.789331
11	157	0.846495
11	166	0.819292
11	174	0.777956
11	175	0.817849
11	177	0.772126
11	178	0.761138
11	179	0.771129
11	180	0.768541
12	3	0.640481
12	18	0.698156
12	33	0.691764
12	35	0.750022
12	43	0.731073
12	47	0.804406
12	70	0.762803
12	137	2.1602
12	150	0.6657
12	157	0.774693
12	167	0.695084
12	172	4.9709
13	37	0.789344
13	41	0.789194
13	42	0.789225
13	44	0.843949
13	49	0.773014
13	55	0.773278
13	61	0.823504
13	66	0.823646
13	71	1.22237
13	75	1.43032
13	158	0.781211
13	160	4.74986
14	5	3.64804
14	21	0.901145
14	24	0.560128
14	29	0.840588
14	39	0.826752
14	52	0.836705
14	54	0.852202
14	59	0.7739
14	68	0.778197
14	71	1.04634
14	82	0.810567
14	173	2.80536
15	17	0.675643
15	67	0.757233
15	73	0.739863
15	74	0.682006
15	79	0.726342
15	92	0.71254
15	95	2.38316
15	97	0.695537
15	98	0.694371
15	100	0.694741
15	102	0.73306
15	112	0.712587
15	173	5.15756
16	26	0.735061
16	27	0.658279
16	40	0.712684
16	65	0.749279
16	69	0.748834
16	83	0.732239
16	95	0.779951
16	99	0.697624
16	131	0.706316
16	136	0.656075
16	139	0.660805
16	144	3.86824
16	145	3.53508
17	15	0.675643
17	67	0.761697
17	76	0.740917
17	84	0.728681
17	85	0.676903
17	87	0.667568
17	89	0.717289
17	97	0.700001
17	98	0.698835
17	100	0.699205
17	102	0.737524
17	127	1.61682
17	180	6.33931
18	12	0.698156
18	19	0.728883
18	33	0.659522
18	35	0.717779
18	43	0.69883
18	47	0.772163
18	51	0.765338
18	70	0.73056
18	118	2.20188
18	150	0.633457
18	157	0.74245
18	161	5.49355
18	167	0.662841
19	9	0.8372
19	18	0.728883
19	35	0.780748
19	43	0.7618
19	47	0.835133
19	51	0.828307
19	70	0.79353
19	91	1.13766
19	110	3.62161
19	150	0.696426
19	157	0.80542
19	159	3.70644
19	167	0.725811
20	24	0.538926
20	29	0.819385
20	38	0.831095
20	39	0.80555
20	45	0.817483
20	52	0.815502
20	54	0.831
20	59	0.752697
20	68	0.756995
20	82	0.789364
20	119	1.12238
20	163	3.86043
20	168	3.31563
21	14	0.901145
21	23	0.871737
21	24	0.52661
21	29	0.80707
21	39	0.793234
21	45	0.805167
21	52	0.803187
21	59	0.740382
21	68	0.744679
21	72	3.03475
21	82	0.777049
21	115	2.02288
21	162	3.55831
22	31	0.809616
22	37	0.76712
22	41	0.76697
22	42	0.767001
22	44	0.821725
22	49	0.75079
22	55	0.751054
22	61	0.80128
22	66	0.801422
22	113	2.73937
22	134	2.80234
22	158	0.758988
22	165	3.30299
23	21	0.871737
23	24	0.53072
23	45	0.809277
23	49	0.783372
23	55	0.783636
23	59	0.744491
23	61	0.833862
23	66	0.834004
23	82	0.781159
23	138	5.62886
23	143	1.67702
23	156	1.74586
23	158	0.79157
24	10	0.564675
24	14	0.560128
24	20	0.538926
24	21	0.52661
24	23	0.53072
24	45	0.46415
24	52	0.46217
24	54	1.03974
24	59	1.0162
24	68	1.0205
24	82	1.05287
24	174	2.75355
24	178	5.51663
25	26	0.792783
25	27	0.716001
25	38	0.778521
25	40	0.770407
25	65	0.807001
25	94	0.7707
25	95	0.837673
25	99	0.755347
25	126	2.59231
25	131	0.764038
25	136	0.713798
25	139	0.718527
25	166	1.82191
25	177	4.98836
26	16	0.735061
26	25	0.792783
26	27	0.721676
26	38	0.784195
26	40	0.776081
26	53	1.2077
26	65	0.812676
26	69	0.812231
26	83	0.795636
26	131	0.769713
26	136	0.719472
26	139	0.724202
26	160	3.73483
26	161	4.09152
27	16	0.658279
27	25	0.716001
27	26	0.721676
27	40	0.6993
27	65	0.735894
27	69	0.73545
27	83	0.718854
27	94	0.699592
27	95	0.766566
27	118	2.64611
27	131	0.692931
27	136	0.642691
27	139	0.64742
27	170	5.31544
28	83	1.64267
28	91	0.806672
28	131	2.08536
28	138	0.679524
28	154	0.712804
28	156	0.733697
28	164	0.737831
28	169	0.694641
28	170	0.693948
28	173	0.691313
28	177	0.666507
28	178	0.655519
28	179	0.66551
28	180	0.662922
29	10	0.845135
29	14	0.840588
29	20	0.819385
29	21	0.80707
29	39	0.732677
29	45	0.744609
29	52	0.742629
29	54	0.758127
29	59	0.679824
29	68	0.684122
29	82	0.716491
29	110	3.48322
29	158	2.92401
29	165	2.7138
30	46	0.562402
30	52	0.0229302
30	131	1.35026
30	163	0.773766
30	164	0.80896
30	165	0.805839
30	168	0.779009
30	169	0.76577
30	174	0.743465
30	175	0.783359
30	177	0.737636
30	178	0.726648
30	179	0.736639
30	180	0.734051
31	22	0.809616
31	37	0.766053
31	41	0.765903
31	42	0.765934
31	44	0.820658
31	49	0.749723
31	55	0.749987
31	61	0.800213
31	66	0.800355
31	135	2.50774
31	136	4.77992
31	158	0.757921
31	159	2.13046
32	45	0.795443
32	52	0.793463
32	54	0.808961
32	59	0.730658
32	68	0.734955
32	70	0.821694
32	75	1.21355
32	82	0.767325
32	145	2.62278
32	150	0.72459
32	157	0.833584
32	167	0.753975
32	170	4.26744
33	3	0.601846
33	9	0.767839
33	12	0.691764
33	18	0.659522
33	35	0.711387
33	43	0.692439
33	47	0.765772
33	51	0.758946
33	70	0.724169
33	77	2.91713
33	121	4.27876
33	150	0.627065
33	157	0.736059
33	167	0.65645
34	11	0.915156
34	44	0.929166
34	61	0.37468
34	111	0.667002
34	152	0.77317
34	154	0.755919
34	164	0.780946
34	170	0.737063
34	172	0.743903
34	174	0.715451
34	175	0.755345
34	177	0.709622
34	178	0.698634
34	179	0.708625
34	180	0.706037
35	2	0.974414
35	3	0.660103
35	12	0.750022
35	18	0.717779
35	19	0.780748
35	33	0.711387
35	43	0.750696
35	47	0.824029
35	51	0.817203
35	70	0.782426
35	113	1.51771
35	150	0.685322
35	157	0.794316
35	167	0.714707
35	179	6.12946
36	63	2.76729
36	74	0.72343
36	76	0.777877
36	83	0.77342
36	84	0.765642
36	86	0.752154
36	87	0.704528
36	89	0.754249
36	92	0.753964
36	98	0.735795
36	100	0.736165
36	102	0.774485
36	112	0.754011
36	118	1.28413
36	179	5.67099
37	6	0.789344
37	13	0.789344
37	22	0.76712
37	31	0.766053
37	41	0.723408
37	42	0.723439
37	44	0.778162
37	49	0.707227
37	55	0.707492
37	61	0.757718
37	66	0.75786
37	154	3.67569
37	155	2.22308
37	158	0.715425
37	170	3.50893
38	20	0.831095
38	25	0.778521
38	26	0.784195
38	39	0.744387
38	40	0.761819
38	54	0.769837
38	59	0.691534
38	68	0.695832
38	69	0.797969
38	82	0.728202
38	136	0.70521
38	139	0.709939
38	145	1.14845
38	164	2.69819
38	177	5.82282
39	10	0.831299
39	14	0.826752
39	20	0.80555
39	21	0.793234
39	29	0.732677
39	38	0.744387
39	45	0.730774
39	52	0.728793
39	54	0.744291
39	59	0.665989
39	68	0.670286
39	82	0.702656
39	142	3.37194
39	158	1.55023
39	174	4.86149
40	16	0.712684
40	25	0.770407
40	26	0.776081
40	27	0.6993
40	38	0.761819
40	65	0.790299
40	69	0.789855
40	94	0.753998
40	95	0.820971
40	109	1.58451
40	131	0.747336
40	136	0.697096
40	139	0.701825
40	151	3.42526
40	172	4.46883
41	6	0.789194
41	13	0.789194
41	22	0.76697
41	31	0.765903
41	37	0.723408
41	42	0.723288
41	44	0.778012
41	49	0.707077
41	55	0.707341
41	61	0.757567
41	66	0.757709
41	77	1.40755
41	127	2.00481
41	158	0.715275
41	176	7.01596
42	6	0.789225
42	13	0.789225
42	22	0.767001
42	31	0.765934
42	37	0.723439
42	41	0.723288
42	44	0.778043
42	49	0.707108
42	55	0.707372
42	61	0.757598
42	66	0.75774
42	134	1.84204
42	139	3.98028
42	158	0.715306
42	167	3.94841
43	3	0.641155
43	9	0.807148
43	12	0.731073
43	18	0.69883
43	19	0.7618
43	33	0.692439
43	35	0.750696
43	47	0.80508
43	51	0.798255
43	70	0.763477
43	150	0.666374
43	157	0.775367
43	164	3.09994
43	167	0.695758
43	168	3.41958
43	172	3.642
44	6	0.843949
44	13	0.843949
44	22	0.821725
44	31	0.820658
44	34	0.929166
44	37	0.778162
44	41	0.778012
44	42	0.778043
44	49	0.761832
44	55	0.762096
44	61	0.812322
44	66	0.812464
44	101	4.22685
44	123	1.06798
44	158	0.77003
44	168	3.32417
45	10	0.843232
45	20	0.817483
45	21	0.805167
45	23	0.809277
45	24	0.46415
45	29	0.744609
45	32	0.795443
45	39	0.730774
45	52	0.740726
45	54	0.756224
45	59	0.677921
45	68	0.682219
45	82	0.714589
45	143	2.63705
45	165	3.07617
45	170	4.14192
46	30	0.562402
46	64	0.743906
46	90	0.773351
46	108	0.729944
46	120	0.775932
46	130	0.779474
46	140	0.747578
46	146	0.740506
46	148	0.757991
46	149	0.745147
46	157	0.788442
46	161	0.695311
46	166	3.69272
46	169	4.4348
46	171	0.658863
46	176	0.662714
47	3	0.714488
47	12	0.804406
47	18	0.772163
47	19	0.835133
47	33	0.765772
47	35	0.824029
47	43	0.80508
47	51	0.871587
47	70	0.83681
47	139	2.32404
47	150	0.739707
47	157	0.8487
47	161	2.37455
47	164	1.65729
47	167	0.769091
47	180	5.24543
48	81	1.19527
48	98	1.39883
48	116	0.449929
48	135	0.786775
48	163	0.752081
48	166	0.763117
48	168	0.757324
48	172	0.750233
48	173	0.740757
48	174	0.72178
48	175	0.761674
48	176	0.716421
48	177	0.715951
48	178	0.704963
48	179	0.714954
48	180	0.712366
49	6	0.773014
49	13	0.773014
49	22	0.75079
49	23	0.783372
49	31	0.749723
49	37	0.707227
49	41	0.707077
49	42	0.707108
49	44	0.761832
49	55	0.691161
49	61	0.741387
49	66	0.741529
49	91	2.76158
49	93	2.68332
49	122	3.46572
49	158	0.699095
50	57	0.842759
50	67	0.359083
50	81	1.86336
50	84	0.54966
50	152	0.764719
50	156	0.768361
50	160	0.752704
50	168	0.742544
50	169	0.729305
50	170	0.728612
50	172	0.735452
50	173	0.725977
50	174	0.707
50	178	0.690183
50	179	0.700173
50	180	0.697585
51	3	0.707662
51	9	0.873655
51	18	0.765338
51	19	0.828307
51	33	0.758946
51	35	0.817203
51	43	0.798255
51	47	0.871587
51	70	0.829984
51	150	0.732881
51	157	0.841875
51	162	1.88145
51	164	1.78112
51	167	0.762266
51	168	2.10076
51	176	5.65791
52	10	0.841252
52	14	0.836705
52	20	0.815502
52	21	0.803187
52	24	0.46217
52	29	0.742629
52	30	0.0229302
52	32	0.793463
52	39	0.728793
52	45	0.740726
52	54	0.754243
52	59	0.675941
52	68	0.680238
52	82	0.712608
52	156	2.17988
52	178	7.31262
53	26	1.2077
53	59	1.94601
53	109	0.84181
53	116	0.940623
53	138	0.718953
53	155	0.790186
53	162	0.756007
53	165	0.774138
53	169	0.734069
53	172	0.740217
53	173	0.730741
53	174	0.711764
53	177	0.705935
53	178	0.694947
53	179	0.704938
53	180	0.70235
54	10	0.856749
54	14	0.852202
54	20	0.831
54	24	1.03974
54	29	0.758127
54	32	0.808961
54	38	0.769837
54	39	0.744291
54	45	0.756224
54	52	0.754243
54	68	0.695736
54	82	0.728106
54	142	2.41172
54	152	1.73351
54	169	2.05091
54	176	5.22744
55	6	0.773278
55	13	0.773278
55	22	0.751054
55	23	0.783636
55	31	0.749987
55	37	0.707492
55	41	0.707341
55	42	0.707372
55	44	0.762096
55	49	0.691161
55	61	0.741651
55	66	0.741793
55	71	2.2456
55	91	2.72715
55	119	3.53891
55	158	0.699359
56	78	0.636086
56	122	0.722841
56	126	0.678238
56	130	5.14158
56	135	0.672019
56	159	0.677355
56	163	0.637325
56	168	0.642568
56	169	0.629329
56	170	0.628636
56	172	0.635477
56	175	0.646918
56	177	0.601195
56	178	0.590207
56	179	0.600198
56	180	0.59761
57	10	1.94275
57	50	0.842759
57	68	1.56462
57	142	0.753209
57	157	0.494967
57	162	0.758252
57	168	0.749553
57	170	0.735621
57	171	0.704798
57	172	0.742461
57	173	0.732986
57	174	0.714009
57	175	0.753903
57	178	0.697192
57	179	0.707182
57	180	0.704594
58	73	0.772987
58	74	0.715131
58	79	0.759467
58	84	0.757342
58	85	0.705563
58	86	0.743854
58	87	0.696228
58	89	0.745949
58	92	0.745665
58	98	0.727496
58	100	0.727865
58	102	0.766185
58	112	0.745712
58	137	1.9982
58	145	2.71709
58	169	4.96711
59	1	2.06687
59	10	0.778447
59	14	0.7739
59	20	0.752697
59	21	0.740382
59	23	0.744491
59	24	1.0162
59	29	0.679824
59	32	0.730658
59	38	0.691534
59	39	0.665989
59	45	0.677921
59	52	0.675941
59	53	1.94601
59	68	0.617434
59	82	0.649803
59	164	4.11257
60	66	1.71364
60	128	1.41201
60	153	0.741077
60	154	0.753422
60	157	0.230713
60	160	0.758659
60	168	0.748498
60	170	0.734566
60	172	0.741407
60	173	0.731931
60	174	0.712954
60	175	0.752848
60	176	0.707594
60	177	0.707125
60	178	0.696137
60	179	0.706128
60	180	0.70354
61	6	0.823504
61	13	0.823504
61	22	0.80128
61	23	0.833862
61	31	0.800213
61	34	0.37468
61	37	0.757718
61	41	0.757567
61	42	0.757598
61	44	0.812322
61	49	0.741387
61	55	0.741651
61	66	0.792019
61	93	1.57676
61	158	0.749585
61	167	3.08491
61	176	6.32683
62	5	0.69347
62	70	1.32972
62	75	0.807363
62	124	2.95252
62	125	0.651457
62	152	0.712375
62	153	0.682779
62	162	0.698899
62	163	0.684956
62	169	0.676961
62	172	0.683108
62	173	0.673633
62	176	0.649296
62	177	0.648827
62	178	0.637839
62	179	0.647829
62	180	0.645241
63	36	2.76729
63	84	2.7124
63	105	0.744389
63	110	0.696003
63	111	0.764046
63	133	0.715295
63	141	0.711371
63	146	0.708639
63	149	0.71328
63	166	0.677543
63	171	0.626996
63	173	0.655183
63	175	0.6761
63	176	0.630847
63	177	0.630377
63	179	0.62938
63	180	0.626792
64	46	0.743906
64	90	0.75936
64	116	0.767953
64	118	1.96877
64	124	0.718421
64	128	0.739527
64	129	0.738849
64	130	0.765484
64	140	0.733587
64	141	0.729248
64	146	0.726516
64	148	0.744
64	149	0.731156
64	158	3.78256
64	162	4.64352
64	171	0.644872
64	176	0.648723
65	16	0.749279
65	25	0.807001
65	26	0.812676
65	27	0.735894
65	40	0.790299
65	69	0.826449
65	83	0.809854
65	94	0.790592
65	95	0.857566
65	99	0.775239
65	126	3.21114
65	131	0.783931
65	136	0.73369
65	139	0.73842
65	152	2.86542
65	153	3.5072
65	175	2.26007
66	2	1.65174
66	6	0.823646
66	13	0.823646
66	22	0.801422
66	23	0.834004
66	31	0.800355
66	37	0.75786
66	41	0.757709
66	42	0.75774
66	44	0.812464
66	49	0.741529
66	55	0.741793
66	60	1.71364
66	61	0.792019
66	122	1.74827
66	158	0.749727
66	166	3.68769
67	15	0.757233
67	17	0.761697
67	50	0.359083
67	73	0.825917
67	74	0.768061
67	76	0.822508
67	79	0.812397
67	85	0.758493
67	86	0.796784
67	87	0.749158
67	97	0.781592
67	98	0.780426
67	100	0.780796
67	102	0.819115
67	119	1.39362
67	164	2.34824
67	171	6.96811
68	10	0.782744
68	14	0.778197
68	20	0.756995
68	21	0.744679
68	24	1.0205
68	29	0.684122
68	32	0.734955
68	38	0.695832
68	39	0.670286
68	45	0.682219
68	52	0.680238
68	54	0.695736
68	57	1.56462
68	59	0.617434
68	82	0.654101
68	162	3.41656
68	163	4.18067
69	16	0.748834
69	26	0.812231
69	27	0.73545
69	38	0.797969
69	40	0.789855
69	65	0.826449
69	83	0.809409
69	94	0.790148
69	95	0.857121
69	99	0.774795
69	131	0.783486
69	136	0.733246
69	139	0.737975
69	143	1.94677
69	156	3.5377
69	165	2.38589
69	172	3.8988
70	3	0.672885
70	9	0.838877
70	12	0.762803
70	18	0.73056
70	19	0.79353
70	32	0.821694
70	33	0.724169
70	35	0.782426
70	43	0.763477
70	47	0.83681
70	51	0.829984
70	62	1.32972
70	126	2.55117
70	150	0.698104
70	157	0.807097
70	167	0.727488
70	173	2.21998
70	179	4.89987
71	13	1.22237
71	14	1.04634
71	55	2.2456
71	75	0.895626
71	94	1.73815
71	147	0.778629
71	154	0.783387
71	156	0.80428
71	163	0.773219
71	169	0.765223
71	172	0.771371
71	173	0.761896
71	174	0.742919
71	175	0.782812
71	177	0.737089
71	178	0.726102
71	179	0.736092
71	180	0.733504
72	21	3.03475
72	125	0.651871
72	138	0.662258
72	141	2.99314
72	145	0.763425
72	156	0.71643
72	164	0.720564
72	169	0.677374
72	170	0.676681
72	171	0.645859
72	172	0.683522
72	173	0.674046
72	174	0.655069
72	175	0.694963
72	177	0.64924
72	178	0.638252
72	179	0.648243
72	180	0.645655
73	15	0.739863
73	58	0.772987
73	67	0.825917
73	74	0.75069
73	84	0.792901
73	85	0.741123
73	86	0.779414
73	87	0.731788
73	89	0.781509
73	92	0.781224
73	97	0.764221
73	98	0.763055
73	100	0.763425
73	102	0.801744
73	165	2.07004
73	169	3.74116
73	170	3.1358
73	175	2.81839
74	11	0.420266
74	15	0.682006
74	36	0.72343
74	58	0.715131
74	67	0.768061
74	73	0.75069
74	79	0.73717
74	83	0.742824
74	85	0.683266
74	86	0.721557
74	87	0.673931
74	89	0.723652
74	97	0.706365
74	100	0.705568
74	102	0.743888
74	112	0.723415
74	160	3.04615
74	180	6.27371
75	5	0.769772
75	13	1.43032
75	32	1.21355
75	62	0.807363
75	71	0.895626
75	83	1.12074
75	126	0.802171
75	131	1.56342
75	142	0.770158
75	152	0.788677
75	166	0.772294
75	170	0.75257
75	172	0.75941
75	173	0.749935
75	175	0.770851
75	177	0.725128
75	178	0.714141
75	180	0.721543
76	17	0.740917
76	36	0.777877
76	67	0.822508
76	84	0.789491
76	85	0.737713
76	86	0.776004
76	87	0.728378
76	88	1.84539
76	89	0.778099
76	92	0.777814
76	97	0.760811
76	98	0.759645
76	100	0.760015
76	102	0.798335
76	112	0.777861
76	155	1.80773
76	174	5.5493
76	175	2.77617
77	33	2.91713
77	41	1.40755
77	84	1.03039
77	96	0.550265
77	144	0.828586
77	162	0.79425
77	163	0.780307
77	166	0.791343
77	168	0.785551
77	169	0.772312
77	170	0.771619
77	173	0.768984
77	174	0.750007
77	175	0.789901
77	177	0.744178
77	178	0.73319
77	179	0.74318
77	180	0.740592
78	56	0.636086
78	142	0.646513
78	145	0.715669
78	148	5.6312
78	152	0.665032
78	160	0.653017
78	161	0.63455
78	162	0.651556
78	165	0.669686
78	166	0.648649
78	169	0.629617
78	174	0.607312
78	175	0.647206
78	177	0.601483
78	178	0.590495
78	179	0.600486
78	180	0.597898
79	15	0.726342
79	58	0.759467
79	67	0.812397
79	74	0.73717
79	83	0.78716
79	84	0.779381
79	85	0.727602
79	87	0.718267
79	89	0.767988
79	92	0.767704
79	97	0.750701
79	98	0.749535
79	100	0.749904
79	102	0.788224
79	112	0.767751
79	123	1.55714
79	158	2.3871
79	159	3.03114
79	177	6.27235
80	105	0.795778
80	107	0.755611
80	116	0.801465
80	117	0.760266
80	118	1.80721
80	124	0.751933
80	129	0.772361
80	130	0.798995
80	133	0.766683
80	140	0.767099
80	141	0.76276
80	146	0.760027
80	148	0.777512
80	149	0.764668
80	164	1.82741
80	167	2.46229
80	171	0.678384
80	176	0.682235
80	178	7.14112
81	48	1.19527
81	50	1.86336
81	111	0.816712
81	116	0.802742
81	117	0.761543
81	120	0.796731
81	124	0.75321
81	129	0.773638
81	133	0.76796
81	140	0.768376
81	141	0.764037
81	146	0.761304
81	148	0.778789
81	149	0.765945
81	161	0.71611
81	162	3.95285
81	165	2.88168
81	171	0.679661
81	176	0.683512
82	10	0.815114
82	14	0.810567
82	20	0.789364
82	21	0.777049
82	23	0.781159
82	24	1.05287
82	29	0.716491
82	32	0.767325
82	38	0.728202
82	39	0.702656
82	45	0.714589
82	52	0.712608
82	54	0.728106
82	59	0.649803
82	68	0.654101
82	143	1.72893
82	159	1.79113
82	161	2.62497
82	171	6.52759
83	16	0.732239
83	26	0.795636
83	27	0.718854
83	28	1.64267
83	36	0.77342
83	65	0.809854
83	69	0.809409
83	74	0.742824
83	75	1.12074
83	79	0.78716
83	87	0.723921
83	92	0.773358
83	97	0.756355
83	98	0.755189
83	131	0.766891
83	134	2.60821
83	136	0.71665
83	139	0.72138
83	167	4.71458
84	17	0.728681
84	36	0.765642
84	50	0.54966
84	58	0.757342
84	63	2.7124
84	73	0.792901
84	76	0.789491
84	77	1.03039
84	79	0.779381
84	85	0.725477
84	86	0.763768
84	87	0.716142
84	89	0.765863
84	92	0.765579
84	97	0.748576
84	98	0.74741
84	100	0.74778
84	102	0.786099
84	177	5.66345
85	17	0.676903
85	58	0.705563
85	67	0.758493
85	73	0.741123
85	74	0.683266
85	76	0.737713
85	79	0.727602
85	84	0.725477
85	86	0.71199
85	87	0.664364
85	92	0.7138
85	97	0.696797
85	98	0.695631
85	100	0.696001
85	102	0.73432
85	112	0.713847
85	144	1.81128
85	154	3.28954
85	179	6.10515
86	36	0.752154
86	58	0.743854
86	67	0.796784
86	73	0.779414
86	74	0.721557
86	76	0.776004
86	84	0.763768
86	85	0.71199
86	87	0.702655
86	89	0.752376
86	92	0.752091
86	97	0.735088
86	98	0.733922
86	100	0.734292
86	102	0.772611
86	112	0.752138
86	115	1.35146
86	122	1.69462
86	170	2.88147
86	171	7.40642
87	17	0.667568
87	36	0.704528
87	58	0.696228
87	67	0.749158
87	73	0.731788
87	74	0.673931
87	76	0.728378
87	79	0.718267
87	83	0.723921
87	84	0.716142
87	85	0.664364
87	86	0.702655
87	89	0.70475
87	92	0.704465
87	97	0.687462
87	98	0.686296
87	102	0.724986
87	151	2.19357
87	154	2.95674
87	176	6.57186
88	76	1.84539
88	103	1.93145
88	133	1.50468
88	143	0.794938
88	151	0.760132
88	154	0.724074
88	165	0.74598
88	166	0.724943
88	168	0.71915
88	169	0.705911
88	170	0.705218
88	172	0.712059
88	173	0.702583
88	174	0.683606
88	175	0.7235
88	177	0.677777
88	178	0.666789
88	179	0.67678
88	180	0.674192
89	17	0.717289
89	36	0.754249
89	58	0.745949
89	73	0.781509
89	74	0.723652
89	76	0.778099
89	79	0.767988
89	84	0.765863
89	86	0.752376
89	87	0.70475
89	92	0.754186
89	97	0.737183
89	98	0.736017
89	100	0.736387
89	102	0.774707
89	112	0.754233
89	113	2.02482
89	151	3.05779
89	153	4.58393
89	159	3.4427
90	46	0.773351
90	64	0.75936
90	107	0.751543
90	108	0.745398
90	114	0.795245
90	117	0.756198
90	128	0.768971
90	129	0.768294
90	133	0.762616
90	134	1.38229
90	141	0.758692
90	146	0.75596
90	148	0.773445
90	149	0.760601
90	150	4.96427
90	161	0.710765
90	163	3.71823
90	171	0.674317
90	175	2.63129
90	176	0.678168
91	19	1.13766
91	28	0.806672
91	49	2.76158
91	55	2.72715
91	111	1.01399
91	121	0.792225
91	145	0.820942
91	147	0.748297
91	153	0.740709
91	162	0.756829
91	164	0.778081
91	165	0.77496
91	168	0.74813
91	169	0.734891
91	173	0.731563
91	175	0.75248
91	177	0.706757
91	178	0.695769
91	179	0.70576
91	180	0.703172
92	15	0.71254
92	36	0.753964
92	58	0.745665
92	73	0.781224
92	76	0.777814
92	79	0.767704
92	83	0.773358
92	84	0.765579
92	85	0.7138
92	86	0.752091
92	87	0.704465
92	89	0.754186
92	97	0.736898
92	98	0.735732
92	100	0.736102
92	102	0.774422
92	109	1.26405
92	152	3.98917
92	173	4.00369
92	175	3.38381
93	49	2.68332
93	61	1.57676
93	100	1.13409
93	141	0.652742
93	152	0.773553
93	155	0.794255
93	160	0.761538
93	161	0.743071
93	165	0.778207
93	166	0.75717
93	168	0.751377
93	169	0.738138
93	170	0.737445
93	172	0.744286
93	174	0.715833
93	175	0.755727
93	176	0.710474
93	177	0.710004
93	178	0.699016
93	179	0.709007
93	180	0.706419
94	25	0.7707
94	27	0.699592
94	40	0.753998
94	65	0.790592
94	69	0.790148
94	71	1.73815
94	99	0.738937
94	107	0.734286
94	108	0.728141
94	121	2.80546
94	131	0.747629
94	136	0.697389
94	139	0.702118
94	140	0.745774
94	143	3.4951
94	146	0.738703
94	148	0.756187
94	149	0.743344
94	155	3.71413
94	157	0.786639
94	176	0.660911
95	15	2.38316
95	16	0.779951
95	25	0.837673
95	27	0.766566
95	40	0.820971
95	65	0.857566
95	69	0.857121
95	112	1.00498
95	114	0.621677
95	116	0.730165
95	131	0.814603
95	133	0.280944
95	138	0.740432
95	139	0.769092
95	164	0.798739
95	169	0.755549
95	172	0.761697
95	173	0.752221
95	177	0.727415
95	178	0.716427
95	179	0.726418
95	180	0.72383
96	77	0.550265
96	105	0.770838
96	106	0.726574
96	107	0.730671
96	108	0.724525
96	114	0.774372
96	117	0.735326
96	120	0.770514
96	124	0.726992
96	128	0.748099
96	129	0.747421
96	131	0.744013
96	134	2.54001
96	140	0.742159
96	141	0.73782
96	146	0.735087
96	148	0.752572
96	149	0.739728
96	150	6.12199
96	165	3.04066
96	171	0.653444
96	176	0.657295
97	15	0.695537
97	17	0.700001
97	67	0.781592
97	73	0.764221
97	74	0.706365
97	76	0.760811
97	79	0.750701
97	83	0.756355
97	84	0.748576
97	85	0.696797
97	86	0.735088
97	87	0.687462
97	89	0.737183
97	92	0.736898
97	98	0.718729
97	100	0.719099
97	102	0.757419
97	112	0.736946
97	115	2.70868
97	132	3.39763
97	135	4.40448
97	155	2.95284
98	15	0.694371
98	17	0.698835
98	36	0.735795
98	48	1.39883
98	58	0.727496
98	67	0.780426
98	73	0.763055
98	76	0.759645
98	79	0.749535
98	83	0.755189
98	84	0.74741
98	85	0.695631
98	86	0.733922
98	87	0.686296
98	89	0.736017
98	92	0.735732
98	97	0.718729
98	100	0.717933
98	102	0.756253
98	122	2.07485
98	161	4.77334
98	175	3.83359
99	8	2.76049
99	16	0.697624
99	25	0.755347
99	65	0.775239
99	69	0.774795
99	94	0.738937
99	101	0.682584
99	124	1.78044
99	131	0.732276
99	136	0.682036
99	137	0.779601
99	139	0.686765
99	146	2.04109
99	163	0.681218
99	169	0.673222
99	171	0.641707
99	172	0.67937
99	174	0.650917
99	177	0.645088
99	178	0.6341
99	179	0.644091
99	180	0.641503
100	15	0.694741
100	17	0.699205
100	36	0.736165
100	58	0.727865
100	67	0.780796
100	73	0.763425
100	74	0.705568
100	76	0.760015
100	79	0.749904
100	84	0.74778
100	85	0.696001
100	86	0.734292
100	89	0.736387
100	92	0.736102
100	93	1.13409
100	97	0.719099
100	98	0.717933
100	102	0.756623
100	112	0.736149
100	113	2.36325
100	135	4.15842
100	147	5.09114
101	44	4.22685
101	99	0.682584
101	122	0.725734
101	123	0.745305
101	133	3.88028
101	137	0.738601
101	147	0.645628
101	151	0.686443
101	156	0.671278
101	160	0.655622
101	162	0.65416
101	164	0.675412
101	165	0.672291
101	166	0.651254
101	168	0.645461
101	169	0.632222
101	170	0.631529
101	172	0.63837
101	173	0.628894
101	174	0.609917
101	177	0.604088
101	178	0.5931
101	180	0.600503
102	15	0.73306
102	17	0.737524
102	36	0.774485
102	58	0.766185
102	67	0.819115
102	73	0.801744
102	74	0.743888
102	76	0.798335
102	79	0.788224
102	84	0.786099
102	85	0.73432
102	86	0.772611
102	87	0.724986
102	89	0.774707
102	92	0.774422
102	97	0.757419
102	98	0.756253
102	100	0.756623
102	137	1.24941
102	145	2.04667
102	152	2.86088
102	171	7.09788
102	172	3.02007
103	4	0.759851
103	8	0.763474
103	88	1.93145
103	108	0.755652
103	111	0.821622
103	114	0.805499
103	116	0.807652
103	117	0.766453
103	128	0.779226
103	130	0.805182
103	133	0.77287
103	140	0.773286
103	141	0.768947
103	146	0.766214
103	148	0.783699
103	149	0.770855
103	151	2.58322
103	159	2.96814
103	161	0.721019
103	162	3.18505
103	168	3.40437
103	171	0.684571
103	176	0.688422
104	106	3.58621
104	133	3.32079
104	136	0.662966
104	150	0.643222
104	152	0.689567
104	153	0.65997
104	159	0.702178
104	160	0.677552
104	162	0.67609
104	163	0.662148
104	164	0.697342
104	168	0.667391
104	169	0.654152
104	170	0.653459
104	172	0.6603
104	173	0.650824
104	174	0.631847
104	175	0.671741
104	176	0.626488
104	177	0.626018
104	178	0.61503
104	179	0.625021
104	180	0.622433
105	63	0.744389
105	80	0.795778
105	96	0.770838
105	106	0.750352
105	107	0.754449
105	108	0.748304
105	114	0.798151
105	116	0.800303
105	120	0.794292
105	124	0.750771
105	126	3.64538
105	130	0.797834
105	133	0.765521
105	139	3.58354
105	141	0.761598
105	146	0.758866
105	148	0.77635
105	149	0.763506
105	151	2.41529
105	161	0.713671
105	164	2.91679
105	167	3.55167
105	171	0.677222
105	176	0.681073
106	96	0.726574
106	104	3.58621
106	105	0.750352
106	107	0.710185
106	111	0.770009
106	114	0.753887
106	116	0.756039
106	117	0.71484
106	124	0.706507
106	130	0.75357
106	131	0.723528
106	133	0.721258
106	140	0.721674
106	141	0.717334
106	146	0.714602
106	148	0.732087
106	149	0.719243
106	152	3.30624
106	157	0.762538
106	161	0.669407
106	166	2.88156
106	171	0.632959
106	172	3.46544
106	176	0.63681
107	80	0.755611
107	90	0.751543
107	94	0.734286
107	96	0.730671
107	105	0.754449
107	106	0.710185
107	108	0.708137
107	117	0.718937
107	120	0.754125
107	121	2.15448
107	128	0.73171
107	129	0.731033
107	133	0.725355
107	140	0.725771
107	141	0.721431
107	146	0.718699
107	148	0.736184
107	149	0.72334
107	156	4.43505
107	161	0.673504
107	165	3.28324
107	170	4.349
107	171	0.637056
107	176	0.640907
108	46	0.729944
108	90	0.745398
108	94	0.728141
108	96	0.724525
108	103	0.755652
108	105	0.748304
108	107	0.708137
108	112	0.727993
108	120	0.74798
108	124	0.704458
108	127	3.39128
108	128	0.725565
108	129	0.724887
108	130	0.751521
108	137	2.257
108	140	0.719625
108	141	0.715286
108	146	0.712553
108	148	0.730038
108	149	0.717194
108	156	4.7066
108	171	0.63091
108	175	4.30314
108	176	0.634761
109	40	1.58451
109	53	0.84181
109	92	1.26405
109	120	1.68411
109	131	2.18014
109	137	0.83698
109	142	0.747496
109	144	0.786874
109	147	0.744006
109	148	0.119675
109	152	0.766015
109	153	0.736419
109	155	0.786717
109	158	0.772817
109	159	0.778627
109	166	0.749632
109	170	0.729908
109	172	0.736748
109	173	0.727273
109	175	0.748189
109	176	0.702936
109	177	0.702466
109	178	0.691479
109	179	0.701469
109	180	0.698881
110	19	3.62161
110	29	3.48322
110	63	0.696003
110	123	0.773434
110	125	0.634848
110	126	0.70926
110	132	0.713277
110	134	0.748805
110	138	0.645235
110	144	0.716625
110	152	0.695766
110	157	2.04516
110	162	0.682289
110	164	0.703541
110	165	0.70042
110	166	0.679383
110	167	0.678806
110	168	0.67359
110	169	0.660351
110	173	0.657023
110	174	0.638046
110	175	0.67794
110	177	0.632217
110	178	0.621229
110	179	0.63122
110	180	0.628632
111	4	0.772159
111	34	0.667002
111	63	0.764046
111	81	0.816712
111	91	1.01399
111	103	0.821622
111	106	0.770009
111	114	0.817808
111	117	0.778761
111	119	1.86379
111	120	0.813949
111	124	0.770428
111	125	11.2
111	128	0.791534
111	130	0.817491
111	131	0.787449
111	133	0.785178
111	140	0.785594
111	141	0.781255
111	148	0.796007
111	149	0.783163
111	156	1.39493
111	160	1.57454
111	161	0.733328
111	171	0.696879
111	176	0.70073
112	15	0.712587
112	36	0.754011
112	58	0.745712
112	74	0.723415
112	76	0.777861
112	79	0.767751
112	85	0.713847
112	86	0.752138
112	89	0.754233
112	95	1.00498
112	97	0.736946
112	100	0.736149
112	108	0.727993
112	114	0.777841
112	120	0.773982
112	129	0.750889
112	132	1.58894
112	140	0.745627
112	147	3.52852
112	148	0.75604
112	149	0.743196
112	157	0.786492
112	161	0.693361
112	174	4.88572
112	176	0.660763
112	177	5.45972
113	6	1.75485
113	22	2.73937
113	35	1.51771
113	89	2.02482
113	100	2.36325
113	121	0.780428
113	127	0.80633
113	132	0.77602
113	135	0.765783
113	137	0.829473
113	147	0.736499
113	156	0.76215
113	159	0.77112
113	161	0.728027
113	162	0.745032
113	163	0.731089
113	164	0.766283
113	166	0.742125
113	170	0.722401
113	173	0.719766
113	174	0.700789
113	175	0.740683
113	177	0.694959
113	178	0.683972
113	179	0.693962
113	180	0.691374
114	90	0.795245
114	95	0.621677
114	96	0.774372
114	103	0.805499
114	105	0.798151
114	106	0.753887
114	111	0.817808
114	112	0.777841
114	115	1.56359
114	116	0.803838
114	117	0.762639
114	124	0.754306
114	128	0.775412
114	129	0.774734
114	133	0.769056
114	136	5.53157
114	140	0.769472
114	141	0.765133
114	145	1.44895
114	146	0.7624
114	148	0.779885
114	149	0.767041
114	153	4.02333
114	157	0.810337
114	163	3.86313
114	171	0.680757
114	176	0.684608
115	21	2.02288
115	86	1.35146
115	97	2.70868
115	114	1.56359
115	118	0.848252
115	125	0.695752
115	134	0.809709
115	141	1.98127
115	142	0.738151
115	143	0.810283
115	147	0.734661
115	159	0.769281
115	160	0.744655
115	163	0.729251
115	164	0.764445
115	165	0.761324
115	168	0.734494
115	169	0.721255
115	170	0.720562
115	173	0.717927
115	174	0.69895
115	175	0.738844
115	176	0.693591
115	177	0.693121
115	178	0.682133
115	179	0.692124
115	180	0.689536
116	48	0.449929
116	53	0.940623
116	64	0.767953
116	80	0.801465
116	81	0.802742
116	95	0.730165
116	103	0.807652
116	105	0.800303
116	106	0.756039
116	114	0.803838
116	117	0.764791
116	124	0.756458
116	128	0.777564
116	129	0.776887
116	130	0.803521
116	138	7.17114
116	140	0.771625
116	141	0.767285
116	143	1.69722
116	146	0.764553
116	148	0.782038
116	149	0.769194
116	157	0.812489
116	160	3.46775
116	161	0.719358
116	171	0.68291
116	176	0.686761
117	7	1.37739
117	80	0.760266
117	81	0.761543
117	90	0.756198
117	96	0.735326
117	103	0.766453
117	106	0.71484
117	107	0.718937
117	111	0.778761
117	114	0.762639
117	116	0.764791
117	118	1.29189
117	120	0.75878
117	128	0.736365
117	129	0.735687
117	130	0.762322
117	133	0.730009
117	140	0.730425
117	141	0.726086
117	142	4.92739
117	146	0.723353
117	148	0.740838
117	149	0.727994
117	160	4.22688
117	166	3.82449
117	171	0.64171
117	176	0.645561
118	18	2.20188
118	27	2.64611
118	36	1.28413
118	64	1.96877
118	80	1.80721
118	115	0.848252
118	117	1.29189
118	143	0.838884
118	147	0.763263
118	152	0.785272
118	159	0.797883
118	160	0.773257
118	161	0.75479
118	163	0.757853
118	165	0.789926
118	166	0.768888
118	167	0.768312
118	168	0.763096
118	169	0.749857
118	170	0.749164
118	172	0.756005
118	173	0.746529
118	174	0.727552
118	175	0.767446
118	177	0.721723
118	178	0.710735
118	179	0.720726
118	180	0.718138
119	7	0.806129
119	20	1.12238
119	55	3.53891
119	67	1.39362
119	111	1.86379
119	125	0.696356
119	144	0.778133
119	145	0.807911
119	146	1.83243
119	147	0.735265
119	153	0.727678
119	155	0.777976
119	156	0.760916
119	162	0.743798
119	163	0.729855
119	164	0.765049
119	166	0.740891
119	167	0.740314
119	168	0.735098
119	170	0.721166
119	173	0.718531
119	174	0.699554
119	175	0.739448
119	177	0.693725
119	178	0.682737
119	179	0.692728
119	180	0.69014
120	4	0.752178
120	11	0.622317
120	46	0.775932
120	81	0.796731
120	96	0.770514
120	105	0.794292
120	107	0.754125
120	108	0.74798
120	109	1.68411
120	111	0.813949
120	112	0.773982
120	117	0.75878
120	124	0.750447
120	128	0.771553
120	129	0.770875
120	130	0.79751
120	133	0.765197
120	140	0.765613
120	141	0.761274
120	144	2.80977
120	146	0.758541
120	148	0.776026
120	149	0.763182
120	151	3.52486
120	155	2.83542
120	171	0.676898
120	173	4.42375
120	176	0.680749
121	4	1.96129
121	33	4.27876
121	91	0.792225
121	94	2.80546
121	107	2.15448
121	113	0.780428
121	126	0.729103
121	127	0.763431
121	132	0.73312
121	142	0.69709
121	144	0.736468
121	154	0.698357
121	159	0.72822
121	160	0.703594
121	162	0.702132
121	163	0.68819
121	166	0.699225
121	168	0.693433
121	170	0.679501
121	171	0.648679
121	172	0.686342
121	173	0.676866
121	174	0.657889
121	175	0.697783
121	177	0.65206
121	178	0.641072
121	179	0.651063
121	180	0.648475
122	49	3.46572
122	56	0.722841
122	66	1.74827
122	86	1.69462
122	98	2.07485
122	101	0.725734
122	126	0.765281
122	128	1.44665
122	138	0.701255
122	142	0.733268
122	152	0.751786
122	155	0.772489
122	156	0.755428
122	159	0.764398
122	162	0.73831
122	163	0.724368
122	164	0.759562
122	165	0.756441
122	168	0.729611
122	169	0.716372
122	170	0.715679
122	171	0.684856
122	172	0.72252
122	173	0.713044
122	174	0.694067
122	177	0.688238
122	178	0.67725
122	179	0.687241
122	180	0.684653
123	44	1.06798
123	79	1.55714
123	101	0.745305
123	110	0.773434
123	124	0.928374
123	127	0.819179
123	131	2.00537
123	134	0.824397
123	137	0.842322
123	140	0.654285
123	144	0.792216
123	145	0.821994
123	149	0.915291
123	150	0.725013
123	159	0.783969
123	164	0.779132
123	165	0.776011
123	166	0.754974
123	168	0.749182
123	169	0.735942
123	170	0.73525
123	171	0.704427
123	172	0.74209
123	174	0.713638
123	175	0.753531
123	177	0.707808
123	178	0.696821
123	179	0.706811
123	180	0.704223
124	8	0.712281
124	62	2.95252
124	64	0.718421
124	80	0.751933
124	81	0.75321
124	96	0.726992
124	99	1.78044
124	105	0.750771
124	106	0.706507
124	108	0.704458
124	111	0.770428
124	114	0.754306
124	116	0.756458
124	120	0.750447
124	123	0.928374
124	128	0.728032
124	130	0.753989
124	133	0.721676
124	139	4.11214
124	140	0.722092
124	141	0.717753
124	146	0.71502
124	148	0.732505
124	149	0.719661
124	157	0.762957
124	161	0.669826
124	163	4.30983
124	171	0.633377
124	176	0.637228
125	62	0.651457
125	72	0.651871
125	110	0.634848
125	111	11.2
125	115	0.695752
125	119	0.696356
125	132	0.650283
125	139	0.610899
125	145	0.683408
125	151	0.651577
125	152	0.632771
125	154	0.61552
125	156	0.636413
125	159	0.645382
125	163	0.605352
125	164	0.640546
125	165	0.637425
125	166	0.616388
125	168	0.610595
125	169	0.597356
125	171	0.565841
125	172	0.603504
125	174	0.575052
125	175	0.614945
125	177	0.569222
125	178	0.558235
125	179	0.568225
125	180	0.565637
126	5	0.688278
126	25	2.59231
126	56	0.678238
126	65	3.21114
126	70	2.55117
126	75	0.802171
126	105	3.64538
126	110	0.70926
126	121	0.729103
126	122	0.765281
126	135	0.714458
126	136	0.680582
126	145	0.75782
126	151	0.725989
126	160	0.695168
126	163	0.679764
126	164	0.714958
126	165	0.711837
126	166	0.6908
126	168	0.685007
126	170	0.671076
126	172	0.677916
126	173	0.668441
126	174	0.649464
126	175	0.689357
126	176	0.644104
126	177	0.643634
126	178	0.632647
126	179	0.642637
126	180	0.640049
127	17	1.61682
127	41	2.00481
127	108	3.39128
127	113	0.80633
127	121	0.763431
127	123	0.819179
127	129	0.334311
127	139	0.71964
127	140	2.03695
127	142	0.722992
127	153	0.711915
127	156	0.745153
127	159	0.754123
127	160	0.729496
127	162	0.728035
127	165	0.746166
127	166	0.725128
127	167	0.724551
127	168	0.719336
127	169	0.706097
127	170	0.705404
127	171	0.674581
127	172	0.712244
127	173	0.702769
127	174	0.683792
127	176	0.678432
127	177	0.677962
127	178	0.666975
127	179	0.676965
127	180	0.674377
128	4	0.729763
128	60	1.41201
128	64	0.739527
128	90	0.768971
128	96	0.748099
128	103	0.779226
128	107	0.73171
128	108	0.725565
128	111	0.791534
128	114	0.775412
128	116	0.777564
128	117	0.736365
128	120	0.771553
128	122	1.44665
128	124	0.728032
128	129	0.748461
128	130	0.775095
128	131	0.745053
128	140	0.743198
128	141	0.738859
128	142	4.48896
128	143	2.01791
128	146	0.736127
128	148	0.753611
128	149	0.740768
128	157	0.784063
128	161	0.690932
128	168	3.74752
128	169	4.12815
128	171	0.654484
128	176	0.658334
129	64	0.738849
129	80	0.772361
129	81	0.773638
129	90	0.768294
129	96	0.747421
129	107	0.731033
129	108	0.724887
129	112	0.750889
129	114	0.774734
129	116	0.776887
129	117	0.735687
129	120	0.770875
129	127	0.334311
129	128	0.748461
129	130	0.774417
129	131	0.744375
129	133	0.742105
129	135	1.72936
129	140	0.742521
129	141	0.738181
129	146	0.735449
129	147	2.66209
129	148	0.752934
129	149	0.74009
129	157	0.783385
129	161	0.690254
129	171	0.653806
129	176	0.657657
129	177	4.5933
129	179	4.54595
129	180	5.0568
130	4	0.75572
130	8	0.759343
130	46	0.779474
130	56	5.14158
130	64	0.765484
130	80	0.798995
130	103	0.805182
130	105	0.797834
130	106	0.75357
130	108	0.751521
130	111	0.817491
130	116	0.803521
130	117	0.762322
130	120	0.79751
130	124	0.753989
130	128	0.775095
130	129	0.774417
130	133	0.768739
130	137	1.88725
130	140	0.769155
130	141	0.764816
130	146	0.762083
130	149	0.766724
130	150	4.11374
130	157	0.810019
130	161	0.716889
130	163	2.8677
130	167	2.63814
130	171	0.68044
130	172	2.54532
130	175	1.78077
130	176	0.684291
131	16	0.706316
131	25	0.764038
131	26	0.769713
131	27	0.692931
131	28	2.08536
131	30	1.35026
131	40	0.747336
131	65	0.783931
131	69	0.783486
131	75	1.56342
131	83	0.766891
131	94	0.747629
131	95	0.814603
131	96	0.744013
131	99	0.732276
131	106	0.723528
131	109	2.18014
131	111	0.787449
131	123	2.00537
131	128	0.745053
131	129	0.744375
131	136	0.690727
131	139	0.695457
131	140	0.739113
131	141	0.734774
131	148	0.749526
131	149	0.736682
131	154	4.78406
131	157	0.779978
131	161	0.686847
131	171	0.650398
131	176	0.654249
132	97	3.39763
132	110	0.713277
132	112	1.58894
132	113	0.77602
132	121	0.73312
132	125	0.650283
132	133	1.91181
132	144	0.73206
132	146	2.95989
132	151	0.730007
132	154	0.693949
132	155	0.731903
132	159	0.723812
132	160	0.699186
132	162	0.697724
132	164	0.718976
132	165	0.715855
132	166	0.694817
132	167	0.694241
132	169	0.675786
132	170	0.675093
132	171	0.64427
132	172	0.681934
132	173	0.672458
132	174	0.653481
132	175	0.693375
132	177	0.647652
132	178	0.636664
132	179	0.646655
132	180	0.644067
133	4	0.723408
133	8	0.727031
133	63	0.715295
133	80	0.766683
133	81	0.76796
133	88	1.50468
133	90	0.762616
133	95	0.280944
133	101	3.88028
133	103	0.77287
133	104	3.32079
133	105	0.765521
133	106	0.721258
133	107	0.725355
133	111	0.785178
133	114	0.769056
133	117	0.730009
133	120	0.765197
133	124	0.721676
133	129	0.742105
133	130	0.768739
133	132	1.91181
133	140	0.736843
133	141	0.732503
133	146	0.729771
133	148	0.747256
133	149	0.734412
133	157	0.777707
133	161	0.684576
133	166	3.03691
133	171	0.648128
133	176	0.651979
134	22	2.80234
134	42	1.84204
134	83	2.60821
134	90	1.38229
134	96	2.54001
134	110	0.748805
134	115	0.809709
134	123	0.824397
134	143	0.800341
134	147	0.724719
134	151	0.765535
134	152	0.746728
134	154	0.729477
134	155	0.767431
134	157	0.775086
134	160	0.734713
134	162	0.733252
134	163	0.71931
134	164	0.754504
134	165	0.751383
134	166	0.730345
134	167	0.729768
134	168	0.724553
134	169	0.711314
134	170	0.710621
134	172	0.717461
134	173	0.707986
134	174	0.689009
134	175	0.728903
134	177	0.68318
134	178	0.672192
134	179	0.682183
134	180	0.679595
135	31	2.50774
135	48	0.786775
135	56	0.672019
135	97	4.40448
135	100	4.15842
135	113	0.765783
135	126	0.714458
135	129	1.72936
135	142	0.682445
135	144	0.721824
135	145	0.751601
135	147	0.678955
135	153	0.671368
135	154	0.683713
135	158	0.707766
135	160	0.688949
135	162	0.687488
