1	23	0.893287
1	29	0.889443
1	39	0.863686
1	45	0.921643
1	64	0.877585
1	67	0.856366
1	116	0.886101
1	149	1.67154
1	166	0.976596
1	169	1.07279
1	177	1.01189
1	180	1.08281
2	26	0.817072
2	41	0.794536
2	42	1.59919
2	85	0.791231
2	90	0.790414
2	119	0.79193
2	132	0.823434
2	156	0.802399
2	161	1.65072
2	163	0.792837
2	164	0.796147
2	170	1.55588
3	40	1.37946
3	56	1.06874
3	98	1.09816
3	158	0.910507
3	163	1.2456
3	165	0.88602
3	172	0.898261
3	174	0.902455
3	175	0.897784
3	176	0.899339
3	179	0.902835
3	180	0.902799
4	11	1.19749
4	23	0.899136
4	39	0.869534
4	45	0.927491
4	47	0.848504
4	64	0.883434
4	67	0.862215
4	116	0.89195
4	131	1.22885
4	168	1.19364
4	169	1.18716
4	177	1.01774
5	21	0.820345
5	38	1.71297
5	56	0.846787
5	79	0.808164
5	87	0.842489
5	99	0.770292
5	102	0.765987
5	112	0.773168
5	113	0.773168
5	145	0.799601
5	166	1.54143
5	175	1.5514
6	24	1.10294
6	124	1.21952
6	146	1.19001
6	149	1.27975
6	166	0.907508
6	167	0.90292
6	170	0.911116
6	172	0.893565
6	175	0.893088
6	176	0.894644
6	178	0.899055
6	180	0.898103
7	100	0.919553
7	103	0.915941
7	132	0.914642
7	142	0.861226
7	146	0.891393
7	150	0.894346
7	151	0.915543
7	152	1.29092
7	164	0.887355
7	168	1.3028
7	177	0.907486
7	180	1.30634
8	48	1.36705
8	53	1.26664
8	109	1.10748
8	119	1.05124
8	162	0.893956
8	169	0.895847
8	171	0.895255
8	172	0.899229
8	174	0.903423
8	178	0.904719
8	179	0.903803
8	180	0.903767
9	10	0.841212
9	17	1.13662
9	23	0.90469
9	29	0.900846
9	39	0.875089
9	45	0.933046
9	47	0.854058
9	60	1.17859
9	67	0.867769
9	94	1.28884
9	168	1.20364
9	177	1.02329
10	9	0.841212
10	23	0.795665
10	31	0.810573
10	39	0.766064
10	47	0.745033
10	64	0.779963
10	67	0.758744
10	71	1.67379
10	116	0.788479
10	174	1.58185
10	177	0.914266
10	178	1.55036
11	4	1.19749
11	16	1.43376
11	46	0.950536
11	51	1.21406
11	91	0.944507
11	102	0.869239
11	112	0.876419
11	113	0.876419
11	136	0.920622
11	178	0.904887
11	179	0.903971
11	180	0.903935
12	25	1.13078
12	78	0.848839
12	80	0.965167
12	104	0.857764
12	105	0.84569
12	106	0.900207
12	107	0.940207
12	109	0.88319
12	114	1.59483
12	165	1.06377
12	167	1.01423
12	173	0.958936
13	44	0.888331
13	78	0.859815
13	101	1.32022
13	104	0.86874
13	105	0.856667
13	106	0.911183
13	107	0.951183
13	109	0.894167
13	136	1.26303
13	173	0.969913
13	177	0.971285
13	178	1.25262
14	15	1.57921
14	72	0.872999
14	76	0.924672
14	125	1.08351
14	132	0.922537
14	135	1.05632
14	146	0.899287
14	148	0.891074
14	150	0.902241
14	163	0.89194
14	164	0.895249
14	172	1.08545
15	14	1.57921
15	70	0.903312
15	78	0.810925
15	80	0.927253
15	87	1.30281
15	104	0.81985
15	105	0.807776
15	106	0.862293
15	107	0.902293
15	109	0.845276
15	158	1.31333
15	173	0.921022
15	177	1.00966
16	11	1.43376
16	43	0.86375
16	115	0.843515
16	134	0.894877
16	142	0.843431
16	144	0.87043
16	148	0.865384
16	150	0.876551
16	156	0.875812
16	163	0.86625
16	176	1.35367
16	177	1.03459
16	179	1.38352
17	9	1.13662
17	155	1.2957
17	159	0.845001
17	160	1.37624
17	162	0.8607
17	163	1.38554
17	169	0.862591
17	170	0.883524
17	174	0.870167
17	175	0.865496
17	178	0.871463
17	179	0.870547
17	180	0.870511
18	81	1.2781
18	109	1.40409
18	134	1.2432
18	140	1.26687
18	159	0.844762
18	166	0.879677
18	171	0.86176
18	174	0.869928
18	175	0.865257
18	176	0.866813
18	178	0.871224
18	179	0.870308
18	180	0.870272
19	52	1.52495
19	59	0.821588
19	133	0.854761
19	136	1.1693
19	140	0.883252
19	141	0.88017
19	149	0.855502
19	154	0.880377
19	155	0.879035
19	159	1.27998
19	160	0.87246
19	161	1.23311
19	168	0.872854
20	45	1.13195
20	108	1.40236
20	138	0.839912
20	154	1.28953
20	158	0.880662
20	161	0.865009
20	164	1.36883
20	165	0.856175
20	167	0.877771
20	169	0.865034
20	176	0.869494
20	179	0.872989
20	180	0.872954
21	5	0.820345
21	33	0.866052
21	77	0.912413
21	79	0.893299
21	99	0.855427
21	101	1.36504
21	102	0.851122
21	112	0.858303
21	113	0.858303
21	121	1.41472
21	145	0.884736
21	168	1.41142
21	177	1.01611
22	39	1.76638
22	107	1.58811
22	121	0.779494
22	148	1.83958
22	159	0.758099
22	166	0.793013
22	171	0.775096
22	172	0.77907
22	174	0.783265
22	176	0.780149
22	178	0.78456
22	179	0.783644
22	180	0.783609
23	1	0.893287
23	4	0.899136
23	9	0.90469
23	10	0.795665
23	29	0.8553
23	47	0.808512
23	52	1.37022
23	64	0.843442
23	66	1.66329
23	67	0.822223
23	117	1.0981
23	171	1.07261
23	177	0.977744
24	6	1.10294
24	30	1.2152
24	89	1.62415
24	133	0.840538
24	137	0.868389
24	139	0.871131
24	141	0.865948
24	153	0.852128
24	154	0.866154
24	160	0.858237
24	168	0.858632
24	173	0.918843
24	179	1.26368
25	12	1.13078
25	49	1.44937
25	54	1.2156
25	127	0.874061
25	134	0.878007
25	137	1.39995
25	148	0.848514
25	151	0.880878
25	167	0.867433
25	174	0.862272
25	178	0.863568
25	179	0.862652
25	180	0.862616
26	2	0.817072
26	50	1.04445
26	87	1.18933
26	114	0.852676
26	124	0.872754
26	127	0.888603
26	144	0.868101
26	150	0.874222
26	151	0.89542
26	154	1.71539
26	162	1.25448
26	163	0.863921
26	164	0.867231
27	50	1.21624
27	66	0.838772
27	117	1.44323
27	134	0.88471
27	144	0.860263
27	150	0.866384
27	151	0.887582
27	156	0.865645
27	157	0.881167
27	163	0.856083
27	164	0.859393
27	172	1.47988
27	177	1.06796
28	108	0.849955
28	116	1.31528
28	125	1.36062
28	130	0.868548
28	140	0.870603
28	149	0.842853
28	153	0.853702
28	154	0.867727
28	155	0.866386
28	160	0.859811
28	173	0.920416
28	178	1.23199
28	179	1.29958
29	1	0.889443
29	9	0.900846
29	23	0.8553
29	39	0.825698
29	45	0.883655
29	47	0.804667
29	67	0.818379
29	116	0.848114
29	118	1.27013
29	125	1.3343
29	161	1.27988
29	177	0.9739
29	180	1.32319
30	24	1.2152
30	39	1.21798
30	105	1.50889
30	140	1.25217
30	165	0.852004
30	169	0.860862
30	170	0.881795
30	172	0.864244
30	174	0.868438
30	176	0.865323
30	178	0.869734
30	179	0.868818
30	180	0.868782
31	10	0.810573
31	45	0.902407
31	47	0.823419
31	67	0.837131
31	103	1.26065
31	104	0.829823
31	105	0.81775
31	109	0.85525
31	158	1.28695
31	172	1.39518
31	173	0.930996
31	177	0.992652
31	178	1.2646
32	121	0.864623
32	134	1.31373
32	145	1.36358
32	155	1.35306
32	161	0.860793
32	165	0.851959
32	170	0.881751
32	173	1.16169
32	174	0.868394
32	176	0.865278
32	178	0.86969
32	179	0.868774
32	180	0.868738
33	21	0.866052
33	48	0.805673
33	50	1.32259
33	56	0.892494
33	58	0.810391
33	77	0.872984
33	91	0.886962
33	99	0.815999
33	102	0.811694
33	112	0.818875
33	113	0.818875
33	171	1.52409
33	172	1.58623
33	177	1.17431
34	70	1.19065
34	117	0.827939
34	121	0.836496
34	136	0.857297
34	139	1.41575
34	146	1.47429
34	153	1.51205
34	166	0.850015
34	169	0.83269
34	175	0.835595
34	176	0.837151
34	178	0.841562
34	179	0.840646
34	180	0.84061
35	68	1.49125
35	84	1.18048
35	133	0.821749
35	139	0.852342
35	140	0.850241
35	141	0.847159
35	149	0.822491
35	151	1.631
35	153	0.833339
35	154	0.847365
35	155	0.846024
35	160	0.839448
35	168	0.839843
35	172	1.30113
36	64	1.4132
36	73	0.861904
36	115	0.810614
36	119	0.832442
36	129	0.813963
36	144	0.837529
36	146	0.840697
36	151	0.864848
36	156	0.842911
36	157	0.858432
36	159	1.43579
36	164	0.836659
36	165	1.41265
36	174	1.34619
37	40	0.820101
37	70	0.878857
37	78	0.786469
37	80	0.902798
37	104	0.795394
37	105	0.78332
37	106	0.837837
37	107	0.877837
37	109	0.82082
37	118	1.40065
37	135	1.43763
37	170	1.31556
37	173	0.896567
37	180	1.45371
38	5	1.71297
38	54	1.23349
38	111	0.824705
38	139	1.40746
38	161	0.834497
38	165	0.825663
38	166	0.851846
38	170	0.855454
38	173	1.24022
38	174	0.842097
38	175	0.837426
38	178	0.843393
38	179	0.842477
38	180	0.842441
39	1	0.863686
39	4	0.869534
39	9	0.875089
39	10	0.766064
39	22	1.76638
39	29	0.825698
39	30	1.21798
39	45	0.857898
39	47	0.77891
39	67	0.792622
39	116	0.822357
39	143	1.37206
39	167	1.2473
39	177	0.948143
40	3	1.37946
40	37	0.820101
40	70	0.878857
40	78	0.786469
40	80	0.902798
40	104	0.795394
40	105	0.78332
40	106	0.837837
40	107	0.877837
40	109	0.82082
40	158	1.49478
40	173	0.896567
40	177	1.1911
40	179	1.54002
41	2	0.794536
41	81	0.851547
41	95	1.42485
41	114	0.830141
41	124	0.850218
41	129	0.821999
41	134	0.870012
41	135	1.42081
41	142	0.818567
41	144	0.845565
41	152	1.42147
41	156	0.850947
41	157	0.866469
41	175	1.34065
42	2	1.59919
42	105	0.781104
42	106	0.83562
42	107	0.87562
42	109	0.818604
42	139	1.24731
42	142	1.4761
42	155	1.27143
42	172	0.836374
42	173	0.89435
42	174	0.840569
42	175	0.835898
42	179	0.840948
42	180	0.840913
43	16	0.86375
43	61	0.786687
43	92	1.40204
43	97	0.87163
43	114	0.825942
43	129	0.8178
43	138	1.4808
43	150	0.847488
43	156	0.846749
43	157	0.86227
43	163	0.837187
43	164	0.840497
43	169	1.41626
43	178	1.30874
44	13	0.888331
44	54	0.875496
44	55	1.30813
44	70	0.873741
44	78	0.781353
44	104	0.790278
44	105	0.778204
44	106	0.832721
44	107	0.872721
44	109	0.815704
44	121	1.48473
44	166	1.37877
44	171	1.4359
44	173	0.89145
45	1	0.921643
45	4	0.927491
45	9	0.933046
45	20	1.13195
45	29	0.883655
45	31	0.902407
45	39	0.857898
45	47	0.836867
45	67	0.850579
45	68	1.36765
45	116	0.880314
45	125	1.17558
45	169	1.15446
45	172	1.17752
45	177	1.0061
46	11	0.950536
46	98	0.915357
46	101	0.900304
46	104	1.63317
46	115	1.55283
46	130	0.899262
46	133	0.872826
46	137	0.900677
46	140	0.901318
46	141	0.898236
46	149	0.873568
46	155	0.897101
46	160	0.890525
46	172	0.963279
46	173	0.951131
47	4	0.848504
47	9	0.854058
47	10	0.745033
47	23	0.808512
47	29	0.804667
47	31	0.823419
47	39	0.77891
47	45	0.836867
47	60	1.48919
47	67	0.771591
47	69	1.59531
47	116	0.801326
47	161	1.47448
47	167	1.44868
47	177	0.927112
48	8	1.36705
48	33	0.805673
48	56	0.871543
48	58	0.78944
48	77	0.852033
48	79	0.83292
48	91	0.866011
48	99	0.795048
48	102	0.790743
48	112	0.797924
48	113	0.797924
48	123	1.66013
48	128	0.80074
48	177	1.34854
48	178	1.62987
49	25	1.44937
49	102	1.94326
49	123	1.31467
49	130	0.821095
49	133	0.794659
49	136	1.29483
49	139	0.825251
49	141	0.820068
49	149	0.7954
49	153	0.806249
49	154	0.820274
49	155	0.818933
49	160	0.812357
49	168	0.812752
49	173	0.872963
50	26	1.04445
50	27	1.21624
50	33	1.32259
50	76	1.124
50	108	0.887242
50	112	1.28881
50	133	0.879399
50	153	0.890989
50	160	0.897098
50	165	0.887488
50	171	0.895754
50	173	0.957704
50	175	0.899251
50	176	0.900807
50	180	0.904266
51	11	1.21406
51	93	0.881781
51	121	1.2135
51	126	1.25969
51	130	0.910421
51	133	0.883985
51	136	1.10663
51	139	0.914577
51	141	0.909394
51	149	0.884726
51	153	0.895575
51	154	0.9096
51	155	0.908259
51	160	0.901683
51	180	1.21374
52	19	1.52495
52	23	1.37022
52	72	1.67754
52	131	0.795973
52	136	0.82321
52	166	0.815928
52	169	0.798604
52	170	0.819536
52	173	1.42343
52	175	0.801509
52	176	0.803064
52	177	0.921617
52	178	0.807476
52	179	0.80656
52	180	0.806524
53	8	1.26664
53	72	0.79618
53	129	0.795733
53	134	0.843747
53	142	0.792301
53	144	0.8193
53	146	0.822468
53	150	0.825421
53	151	0.846618
53	156	0.824682
53	163	0.81512
53	164	0.81843
53	165	1.62742
53	174	1.56095
53	175	1.55074
54	25	1.2156
54	38	1.23349
54	44	0.875496
54	70	0.939368
54	78	0.846981
54	80	0.963309
54	104	0.855906
54	105	0.843832
54	106	0.898349
54	107	0.938349
54	109	0.881332
54	143	1.22382
54	168	1.16462
54	173	0.957078
54	180	1.16816
55	44	1.30813
55	86	1.06234
55	143	0.895218
55	147	0.88781
55	150	1.25838
55	157	1.09374
55	160	1.26996
55	169	0.894484
55	170	0.915417
55	172	0.897866
55	174	0.90206
55	176	0.898945
55	178	0.903356
55	179	0.90244
55	180	0.902404
56	3	1.06874
56	5	0.846787
56	33	0.892494
56	48	0.871543
56	79	0.919741
56	87	0.954066
56	91	0.952832
56	99	0.881869
56	112	0.884745
56	113	0.884745
56	145	0.911178
56	158	1.18405
56	172	1.29229
56	175	1.18299
56	180	1.27923
57	99	1.57199
57	101	0.840018
57	117	0.806934
57	128	1.52889
57	143	0.812418
57	144	1.43081
57	148	1.46033
57	158	0.827313
57	169	0.811685
57	171	0.811093
57	175	0.81459
57	176	0.816146
57	178	0.820557
57	179	0.819641
57	180	0.819605
58	33	0.810391
58	48	0.78944
58	77	0.856752
58	79	0.837639
58	91	0.87073
58	92	1.53041
58	99	0.799767
58	102	0.795462
58	112	0.802642
58	113	0.802642
58	128	0.805459
58	145	0.829076
58	162	1.51409
58	175	1.4584
58	179	1.50471
59	19	0.821588
59	75	0.767843
59	84	1.56598
59	88	1.67877
59	108	0.791093
59	139	0.813842
59	141	0.808659
59	147	1.60685
59	149	0.783992
59	152	0.79946
59	153	0.79484
59	154	0.808866
59	155	0.807524
59	160	0.800949
59	168	0.801343
59	178	1.55605
60	9	1.17859
60	47	1.48919
60	77	1.26928
60	139	0.872721
60	151	1.21603
60	154	0.867744
60	155	0.866403
60	157	1.242
60	160	0.859827
60	167	0.871813
60	169	0.859076
60	170	0.880008
60	173	0.920433
60	178	0.867948
60	179	0.867032
60	180	0.866996
61	43	0.786687
61	76	0.821919
61	81	0.799348
61	100	0.824695
61	119	0.78828
61	127	0.813868
61	132	0.819784
61	142	0.766368
61	148	0.78832
61	150	0.799487
61	156	0.798748
61	164	0.792496
61	166	1.60075
61	170	1.56881
61	175	1.61072
61	176	1.62718
62	86	0.914427
62	89	1.59288
62	103	1.16087
62	130	0.873123
62	137	0.874538
62	139	0.87728
62	140	0.875179
62	141	0.872097
62	149	0.847429
62	153	0.858277
62	154	0.872303
62	155	0.870962
62	158	1.18717
62	160	0.864386
62	169	1.27234
62	174	1.19631
63	79	0.869534
63	91	0.902625
63	99	0.831662
63	102	0.827357
63	110	1.24614
63	112	0.834538
63	113	0.834538
63	138	1.46245
63	142	0.825999
63	146	0.856166
63	147	1.34119
63	148	0.847952
63	150	0.859119
63	156	0.85838
63	164	0.852128
63	167	1.33881
63	172	1.42098
64	1	0.877585
64	4	0.883434
64	10	0.779963
64	23	0.843442
64	36	1.4132
64	67	0.806521
64	85	1.42989
64	97	1.26616
64	100	1.3175
64	120	0.85357
64	156	1.36519
64	159	0.821439
64	165	0.83017
64	177	0.962042
64	178	0.847901
64	179	0.846985
64	180	0.846949
65	67	1.49363
65	77	1.3493
65	88	0.8043
65	97	1.3366
65	100	1.38794
65	142	1.62236
65	143	0.827277
65	162	0.824653
65	165	0.817686
65	166	0.843869
65	167	0.839281
65	170	0.847477
65	171	0.825952
65	174	0.83412
65	176	0.831005
65	178	0.835416
65	179	0.8345
65	180	0.834464
66	23	1.66329
66	27	0.838772
66	76	0.855108
66	90	0.819952
66	119	0.821469
66	122	1.3892
66	129	0.802989
66	144	0.826555
66	145	0.834529
66	146	0.829723
66	148	0.821509
66	151	0.853874
66	157	0.847459
66	163	0.822376
66	164	0.825685
66	170	1.30515
66	172	1.45635
66	179	1.39336
67	1	0.856366
67	4	0.862215
67	9	0.867769
67	10	0.758744
67	23	0.822223
67	29	0.818379
67	31	0.837131
67	39	0.792622
67	45	0.850579
67	47	0.771591
67	64	0.806521
67	65	1.49363
67	88	1.4474
67	116	0.815037
67	126	1.48815
67	165	1.42264
67	174	1.35617
67	177	0.940823
68	35	1.49125
68	45	1.36765
68	94	0.810105
68	95	0.799354
68	107	1.34131
68	114	1.61637
68	118	0.818054
68	162	0.817136
68	169	0.819027
68	170	0.839959
68	172	0.822408
68	173	1.37807
68	174	0.826603
68	176	0.823487
68	177	0.94204
68	178	0.827898
68	179	0.826982
68	180	0.826947
69	47	1.59531
69	77	0.861656
69	79	0.842543
69	93	1.52039
69	98	1.38617
69	99	0.804671
69	112	0.807547
69	113	0.807547
69	131	0.824512
69	144	1.43762
69	145	0.83398
69	166	0.844467
69	168	0.828289
69	170	0.848075
69	171	0.82655
69	173	1.25242
69	179	0.835099
69	180	0.835063
70	15	0.903312
70	34	1.19065
70	37	0.878857
70	40	0.878857
70	44	0.873741
70	54	0.939368
70	75	1.744
70	80	0.961553
70	87	1.01135
70	104	0.85415
70	105	0.842076
70	106	0.896593
70	107	0.936593
70	109	0.879576
70	131	1.14872
70	161	1.07374
70	173	0.955323
70	176	1.03727
71	10	1.67379
71	82	1.3895
71	91	1.23904
71	93	1.44877
71	97	0.854733
71	108	1.44078
71	115	0.797555
71	148	0.819424
71	150	0.830591
71	151	0.851788
71	164	0.8236
71	172	0.828987
71	174	0.833182
71	175	0.828511
71	176	0.830066
71	178	0.834477
71	179	0.833561
71	180	0.833525
72	14	0.872999
72	52	1.67754
72	53	0.79618
72	84	1.32141
72	100	0.856254
72	114	0.809501
72	124	0.829578
72	132	0.851343
72	134	0.849373
72	142	0.797927
72	145	0.832899
72	146	0.828094
72	150	0.831047
72	163	0.820746
72	164	0.824056
72	165	1.40944
72	169	1.41899
72	171	1.37992
73	36	0.861904
73	76	0.900974
73	83	0.870153
73	85	0.866635
73	120	1.23998
73	124	0.877074
73	128	0.856778
73	132	0.898839
73	138	1.37551
73	145	0.880395
73	146	0.875589
73	150	0.878542
73	157	0.893325
73	163	0.868241
73	164	0.871551
73	168	1.31744
73	170	1.18283
73	175	1.22473
73	179	1.27104
74	75	0.773036
74	86	0.856183
74	95	1.53018
74	108	0.796286
74	120	1.46122
74	130	0.814879
74	137	0.816293
74	138	1.59675
74	139	0.819035
74	140	0.816934
74	141	0.813852
74	149	0.789184
74	152	0.804653
74	154	0.814059
74	155	0.812717
74	160	0.806142
74	161	1.49891
74	165	1.52265
74	173	0.866747
75	59	0.767843
75	70	1.744
75	74	0.773036
75	96	0.788846
75	130	0.827452
75	133	0.801016
75	137	0.828867
75	140	0.829508
75	147	1.46193
75	149	0.801758
75	153	0.812606
75	154	0.826632
75	155	0.825291
75	159	1.53222
75	160	0.818715
75	168	0.81911
75	170	1.39051
75	173	0.879321
75	179	1.47872
76	14	0.924672
76	50	1.124
76	61	0.821919
76	66	0.855108
76	73	0.900974
76	127	0.897101
76	128	0.860955
76	129	0.853033
76	144	0.876599
76	146	0.879767
76	148	0.871553
76	151	0.903918
76	156	0.881981
76	161	1.33128
76	163	0.872419
76	165	1.35502
76	167	1.30548
76	170	1.23644
76	178	1.25706
77	21	0.912413
77	33	0.872984
77	48	0.852033
77	58	0.856752
77	60	1.26928
77	65	1.3493
77	69	0.861656
77	79	0.900232
77	91	0.933323
77	99	0.86236
77	102	0.858055
77	103	1.17639
77	112	0.865235
77	113	0.865235
77	128	0.868052
77	145	0.891669
77	152	1.28245
77	159	1.30144
77	167	1.22876
78	12	0.848839
78	13	0.859815
78	15	0.810925
78	37	0.786469
78	40	0.786469
78	44	0.781353
78	54	0.846981
78	80	0.869166
78	104	0.761762
78	105	0.749689
78	106	0.804205
78	107	0.844205
78	109	0.787189
78	125	1.60068
78	143	1.64523
78	159	1.59314
78	169	1.57955
78	173	0.862935
78	177	1.19071
79	5	0.808164
79	21	0.893299
79	48	0.83292
79	56	0.919741
79	58	0.837639
79	63	0.869534
79	69	0.842543
79	77	0.900232
79	95	1.35331
79	99	0.843247
79	102	0.838942
79	112	0.846122
79	113	0.846122
79	128	0.848939
79	145	0.872556
79	166	1.25914
79	168	1.36181
79	169	1.35533
79	171	1.31627
79	180	1.36535
80	12	0.965167
80	15	0.927253
80	37	0.902798
80	40	0.902798
80	54	0.963309
80	70	0.961553
80	78	0.869166
80	104	0.878091
80	105	0.866017
80	106	0.920534
80	107	0.960534
80	109	0.903517
80	120	1.10882
80	121	1.18957
80	158	1.09464
80	165	1.17025
80	166	1.08361
80	168	1.18628
80	169	1.17981
80	173	0.979263
81	18	1.2781
81	41	0.851547
81	61	0.799348
81	85	0.848242
81	97	0.884291
81	117	1.33824
81	124	0.858681
81	125	1.37293
81	127	0.87453
81	129	0.830462
81	132	0.880445
81	146	0.857196
81	148	0.848982
81	150	0.860149
81	151	0.881347
81	152	1.3464
81	157	0.874931
81	163	0.849848
81	179	1.31189
81	180	1.36183
82	71	1.3895
82	96	0.82159
82	98	0.87629
82	103	1.26212
82	130	0.860196
82	133	0.83376
82	137	0.86161
82	139	0.864352
82	140	0.862251
82	141	0.859169
82	149	0.834501
82	153	0.84535
82	154	0.859375
82	155	0.858034
82	159	1.38717
82	160	0.851459
82	161	1.34029
82	162	1.34305
82	173	0.912064
82	175	1.28736
83	73	0.870153
83	94	1.44215
83	97	0.876041
83	100	0.877106
83	124	0.85043
83	127	0.86628
83	129	0.822212
83	131	1.39216
83	132	0.872195
83	134	0.870225
83	142	0.818779
83	147	1.29376
83	148	0.840732
83	151	0.873096
83	156	0.85116
83	157	0.866681
83	161	1.31718
83	164	0.844908
83	167	1.29138
83	174	1.27445
84	35	1.18048
84	59	1.56598
84	72	1.32141
84	114	1.30559
84	122	0.846452
84	136	0.877031
84	138	0.827304
84	148	1.28201
84	160	1.3392
84	166	0.869749
84	167	0.865162
84	169	0.852425
84	171	0.851832
84	172	0.855806
84	174	0.860001
84	175	0.85533
84	176	0.856885
84	178	0.861297
84	179	0.860381
84	180	0.860345
85	2	0.791231
85	64	1.42989
85	73	0.866635
85	81	0.848242
85	97	0.872524
85	115	0.815345
85	128	0.826617
85	129	0.818694
85	138	1.50344
85	142	0.815262
85	147	1.38218
85	148	0.837214
85	150	0.848381
85	151	0.869579
85	156	0.847642
85	157	0.863164
85	163	0.83808
85	164	0.84139
85	171	1.39983
85	174	1.36287
85	178	1.33138
86	55	1.06234
86	62	0.914427
86	74	0.856183
86	108	0.892006
86	117	1.2156
86	120	1.15819
86	126	1.28514
86	135	0.885391
86	137	0.912014
86	139	0.914756
86	140	0.912655
86	141	0.909573
86	149	0.884905
86	153	0.895754
86	154	0.909779
86	155	0.908438
86	160	0.901862
86	162	1.19864
86	168	0.902257
86	172	1.25224
86	180	1.23919
87	5	0.842489
87	15	1.30281
87	26	1.18933
87	56	0.954066
87	70	1.01135
87	91	0.948534
87	102	0.873266
87	112	0.880447
87	113	0.880447
87	120	0.914584
87	128	0.883263
87	137	1.24681
87	141	1.20936
87	146	1.29498
87	151	1.13892
87	169	0.900043
87	171	0.89945
87	175	0.902948
87	176	0.904503
87	179	0.907999
87	180	0.907963
88	59	1.67877
88	65	0.8043
88	67	1.4474
88	98	1.31384
88	125	0.827582
88	144	1.36529
88	164	1.40655
88	165	0.819215
88	166	0.845398
88	167	0.84081
88	169	0.828073
88	170	0.849006
88	171	0.827481
88	172	0.831455
88	173	1.18009
88	174	0.835649
88	175	0.830978
88	177	0.951086
88	178	0.836945
88	179	0.836029
88	180	0.835993
89	24	1.62415
89	62	1.59288
89	90	1.69847
89	94	0.777268
89	138	0.761069
89	147	0.779515
89	158	0.801818
89	159	0.7686
89	161	0.786165
89	163	1.76663
89	164	1.71188
89	166	0.803514
89	167	0.798927
89	169	0.78619
89	171	0.785597
89	172	0.789571
89	174	0.793766
89	175	0.789095
89	176	0.79065
89	179	0.794146
89	180	0.79411
90	2	0.790414
90	66	0.819952
90	89	1.69847
90	97	0.871706
90	100	0.872772
90	114	0.826018
90	115	0.814528
90	119	0.836356
90	128	0.825799
90	144	0.841443
90	145	0.849416
90	148	0.836397
90	151	0.868762
90	156	0.846825
90	157	0.862346
90	163	0.837263
90	167	1.31883
90	168	1.38439
90	169	1.37792
90	175	1.29169
90	179	1.338
91	11	0.944507
91	33	0.886962
91	48	0.866011
91	56	0.952832
91	58	0.87073
91	63	0.902625
91	71	1.23904
91	77	0.933323
91	87	0.948534
91	99	0.876338
91	101	1.18322
91	102	0.872033
91	110	1.07136
91	112	0.879213
91	113	0.879213
91	128	0.88203
91	138	1.28767
91	143	1.2888
91	145	0.905647
91	170	1.09499
91	172	1.24619
92	43	1.40204
92	58	1.53041
92	133	1.42972
92	139	1.31791
92	144	1.33586
92	146	1.37645
92	147	0.828131
92	161	0.834781
92	165	0.825947
92	166	0.85213
92	167	0.847543
92	169	0.834806
92	170	0.855738
92	171	0.834213
92	172	0.838187
92	174	0.842382
92	175	0.837711
92	176	0.839266
92	178	0.843677
92	179	0.842761
92	180	0.842726
93	51	0.881781
93	69	1.52039
93	71	1.44877
93	96	0.80205
93	101	1.39295
93	130	0.840656
93	137	0.84207
93	139	0.844812
93	140	0.842712
93	141	0.839629
93	149	0.814962
93	152	0.83043
93	153	0.82581
93	154	0.839836
93	155	0.838494
93	160	0.831919
93	168	0.832313
93	173	0.892525
93	174	1.35683
93	176	1.36309
93	178	1.32534
94	9	1.28884
94	68	0.810105
94	83	1.44215
94	89	0.777268
94	100	1.41817
94	117	0.836644
94	122	0.835423
94	127	1.26858
94	149	1.57209
94	154	1.40371
94	165	0.832537
94	166	0.85872
94	167	0.854133
94	170	0.862328
94	172	0.844777
94	174	0.848972
94	175	0.844301
94	176	0.845856
94	178	0.850268
94	179	0.849352
94	180	0.849316
95	41	1.42485
95	68	0.799354
95	74	1.53018
95	79	1.35331
95	116	0.827872
95	121	0.834451
95	128	1.44613
95	138	0.805524
95	139	1.3301
95	154	1.31001
95	158	0.846273
95	162	0.828754
95	170	0.851578
95	171	0.830053
95	172	0.834027
95	174	0.838221
95	175	0.83355
95	177	0.953658
95	178	0.839517
95	179	0.838601
95	180	0.838565
96	75	0.788846
96	82	0.82159
96	93	0.80205
96	98	0.846784
96	120	1.3294
96	127	1.69563
96	130	0.83069
96	133	0.804254
96	137	0.832104
96	139	0.834846
96	140	0.832745
96	147	1.34367
96	149	0.804995
96	153	0.815844
96	154	0.829869
96	155	0.828528
96	157	1.77929
96	158	1.31522
96	160	0.821952
96	167	1.34129
96	168	0.822347
96	173	0.882558
97	43	0.87163
97	64	1.26616
97	65	1.3366
97	71	0.854733
97	81	0.884291
97	83	0.876041
97	85	0.872524
97	90	0.871706
97	127	0.898811
97	131	1.31685
97	134	0.902756
97	142	0.851311
97	144	0.878309
97	146	0.881477
97	151	0.905628
97	157	0.899213
97	158	1.19
97	163	0.87413
97	164	0.877439
97	166	1.17897
97	179	1.23524
97	180	1.28518
98	3	1.09816
98	46	0.915357
98	69	1.38617
98	82	0.87629
98	88	1.31384
98	96	0.846784
98	108	0.866797
98	118	1.25559
98	126	1.3546
98	133	0.858954
98	135	0.860182
98	137	0.886805
98	141	0.884364
98	152	0.875164
98	153	0.870544
98	154	0.88457
98	155	0.883229
98	160	0.876653
98	168	0.877048
98	170	1.1705
98	173	0.937259
98	176	1.22887
99	5	0.770292
99	21	0.855427
99	33	0.815999
99	48	0.795048
99	56	0.881869
99	57	1.57199
99	58	0.799767
99	63	0.831662
99	69	0.804671
99	77	0.86236
99	79	0.843247
99	91	0.876338
99	102	0.80107
99	112	0.80825
99	113	0.80825
99	128	0.811067
99	135	1.4852
99	145	0.834684
99	162	1.46073
99	166	1.39506
99	169	1.49126
99	175	1.40503
100	7	0.919553
100	61	0.824695
100	64	1.3175
100	65	1.38794
100	72	0.856254
100	83	0.877106
100	90	0.872772
100	94	1.41817
100	114	0.86395
100	119	0.874288
100	123	1.24925
100	124	0.884027
100	127	0.899876
100	134	0.903821
100	144	0.879375
100	148	0.874329
100	151	0.906693
100	156	0.884757
100	164	0.878504
100	175	1.24027
100	176	1.25674
100	177	0.937659
101	13	1.32022
101	21	1.36504
101	46	0.900304
101	57	0.840018
101	91	1.18322
101	93	1.39295
101	114	1.36327
101	122	0.872678
101	135	0.862931
101	154	1.27213
101	158	0.894279
101	161	0.878626
101	166	0.895975
101	167	0.891388
101	169	0.87865
101	171	0.878058
101	172	0.882032
101	175	0.881555
101	176	0.883111
101	178	0.887522
101	179	0.886606
101	180	0.88657
102	5	0.765987
102	11	0.869239
102	21	0.851122
102	33	0.811694
102	48	0.790743
102	49	1.94326
102	58	0.795462
102	63	0.827357
102	77	0.858055
102	79	0.838942
102	87	0.873266
102	91	0.872033
102	99	0.80107
102	112	0.803945
102	113	0.803945
102	116	1.40879
102	118	1.38996
102	128	0.806762
102	145	0.830379
102	158	1.34784
102	171	1.39394
102	178	1.3255
103	7	0.915941
103	31	1.26065
103	62	1.16087
103	77	1.17639
103	82	1.26212
103	104	1.46317
103	112	1.41791
103	115	0.848848
103	128	0.860119
103	150	0.881884
103	157	0.896666
103	161	0.876874
103	163	0.871583
103	164	0.874893
103	171	0.876306
103	172	0.88028
103	173	1.05341
103	175	0.879804
103	176	0.881359
103	178	0.88577
103	179	0.884854
103	180	0.884818
104	12	0.857764
104	13	0.86874
104	15	0.81985
104	31	0.829823
104	37	0.795394
104	40	0.795394
104	44	0.790278
104	46	1.63317
104	54	0.855906
104	70	0.85415
104	78	0.761762
104	80	0.878091
104	103	1.46317
104	105	0.758614
104	106	0.81313
104	107	0.85313
104	109	0.796114
104	136	1.47754
104	152	1.56923
104	166	1.47844
104	173	0.87186
104	177	1.18579
105	12	0.84569
105	13	0.856667
105	15	0.807776
105	30	1.50889
105	31	0.81775
105	37	0.78332
105	40	0.78332
105	42	0.781104
105	44	0.778204
105	54	0.843832
105	70	0.842076
105	78	0.749689
105	80	0.866017
105	104	0.758614
105	106	0.801057
105	107	0.841057
105	109	0.78404
105	168	1.60378
105	171	1.55824
105	173	0.859786
105	174	1.52128
105	176	1.52754
105	178	1.48979
106	12	0.900207
106	13	0.911183
106	15	0.862293
106	37	0.837837
106	40	0.837837
106	42	0.83562
106	44	0.832721
106	54	0.898349
106	70	0.896593
106	78	0.804205
106	80	0.920534
106	104	0.81313
106	105	0.801057
106	107	0.895573
106	109	0.838557
106	138	1.45454
106	162	1.35946
106	165	1.38044
106	173	0.914303
106	174	1.31397
106	175	1.30376
106	177	1.00115
106	180	1.40001
107	12	0.940207
107	13	0.951183
107	15	0.902293
107	22	1.58811
107	37	0.877837
107	40	0.877837
107	42	0.87562
107	44	0.872721
107	54	0.938349
107	68	1.34131
107	70	0.936593
107	78	0.844205
107	80	0.960534
107	104	0.85313
107	105	0.841057
107	106	0.895573
107	109	0.878557
107	143	1.19379
107	172	1.15119
107	173	0.954303
107	174	1.0521
107	176	1.05835
107	179	1.0882
107	180	1.13813
108	20	1.40236
108	28	0.849955
108	50	0.887242
108	59	0.791093
108	71	1.44078
108	74	0.796286
108	86	0.892006
108	98	0.866797
108	118	1.38182
108	130	0.850702
108	133	0.824266
108	137	0.852117
108	140	0.852758
108	149	0.825008
108	152	0.840476
108	153	0.835857
108	155	0.848541
108	160	0.841965
108	165	1.41531
108	168	0.84236
108	170	1.29673
108	173	0.902571
108	176	1.3551
108	178	1.31735
109	8	1.10748
109	12	0.88319
109	13	0.894167
109	15	0.845276
109	18	1.40409
109	31	0.85525
109	37	0.82082
109	40	0.82082
109	42	0.818604
109	44	0.815704
109	54	0.881332
109	70	0.879576
109	78	0.787189
109	80	0.903517
109	104	0.796114
109	105	0.78404
109	106	0.838557
109	107	0.878557
109	123	1.40055
109	167	1.41871
109	171	1.43874
109	173	0.897286
109	174	1.40178
109	179	1.43788
110	63	1.24614
110	91	1.07136
110	111	0.886986
110	122	0.890829
110	134	1.16514
110	150	1.27344
110	158	0.91243
110	159	0.879211
110	160	1.28502
110	162	0.894911
110	163	1.29431
110	164	1.23957
110	165	0.887943
110	166	0.914126
110	167	0.909538
110	168	0.897948
110	169	0.896801
110	170	0.917734
110	171	0.896209
110	172	0.900183
110	173	1.01311
110	178	0.905673
110	179	0.904757
110	180	0.904721
111	38	0.824705
111	110	0.886986
111	121	0.844308
111	124	1.34239
111	128	1.37037
111	129	1.4169
111	131	0.837871
111	139	1.25433
111	142	1.48313
111	147	0.833828
111	153	1.35064
111	158	0.85613
111	162	0.838611
111	163	1.36829
111	166	0.857827
111	167	0.853239
111	171	0.83991
111	172	0.843884
111	174	0.848078
111	175	0.843407
111	176	0.844963
111	178	0.849374
111	179	0.848458
111	180	0.848422
112	5	0.773168
112	11	0.876419
112	21	0.858303
112	33	0.818875
112	48	0.797924
112	50	1.28881
112	56	0.884745
112	58	0.802642
112	63	0.834538
112	69	0.807547
112	77	0.865235
112	79	0.846122
112	87	0.880447
112	91	0.879213
112	99	0.80825
112	102	0.803945
112	103	1.41791
112	113	0.811126
112	128	0.813942
112	145	0.837559
112	147	1.47267
112	166	1.43318
112	168	1.53585
112	170	1.40125
112	176	1.45961
113	5	0.773168
113	11	0.876419
113	21	0.858303
113	33	0.818875
113	48	0.797924
113	56	0.884745
113	58	0.802642
113	63	0.834538
113	69	0.807547
113	77	0.865235
113	79	0.846122
113	87	0.880447
113	91	0.879213
113	99	0.80825
113	102	0.803945
113	112	0.811126
113	128	0.813942
113	141	1.85276
113	145	0.837559
113	158	1.34422
113	167	1.3703
113	169	1.42939
113	170	1.30126
113	178	1.32188
113	179	1.38947
114	12	1.59483
114	26	0.852676
114	41	0.830141
114	43	0.825942
114	68	1.61637
114	72	0.809501
114	84	1.30559
114	90	0.826018
114	100	0.86395
114	101	1.36327
114	115	0.805706
114	122	1.35909
114	127	0.853123
114	129	0.809055
114	132	0.859039
114	134	0.857068
114	142	0.805623
114	145	0.840595
114	146	0.835789
114	148	0.827576
114	156	0.838004
114	163	0.828442
114	164	0.831751
114	169	1.40318
114	179	1.36325
115	16	0.843515
115	36	0.810614
115	46	1.55283
115	71	0.797555
115	85	0.815345
115	90	0.814528
115	103	0.848848
115	114	0.805706
115	118	0.821294
115	121	1.50406
115	128	0.805487
115	131	1.53598
115	142	0.794132
115	144	0.821131
115	146	0.824299
115	148	0.816085
115	150	0.827252
115	151	0.848449
115	156	0.826513
115	157	0.842034
115	159	1.50788
115	163	0.816951
115	164	0.820261
115	166	1.3981
115	175	1.40806
115	180	1.50431
116	1	0.886101
116	4	0.89195
116	10	0.788479
116	28	1.31528
116	29	0.848114
116	39	0.822357
116	45	0.880314
116	47	0.801326
116	67	0.815037
116	95	0.827872
116	102	1.40879
116	129	1.47047
116	141	1.28083
116	151	1.21039
116	153	1.40421
116	155	1.33203
116	164	1.36712
116	165	0.838686
116	166	0.86487
116	169	0.847545
116	171	0.846953
116	175	0.85045
116	176	0.852006
116	177	0.970558
116	178	0.856417
116	179	0.855501
116	180	0.855465
117	23	1.0981
117	27	1.44323
117	34	0.827939
117	57	0.806934
117	81	1.33824
117	86	1.2156
117	94	0.836644
117	122	0.839594
117	125	0.845075
117	129	1.48112
117	131	0.842935
117	136	0.870173
117	153	1.41486
117	160	1.42322
117	161	0.845542
117	164	1.37776
117	165	0.836708
117	166	0.862891
117	169	0.845567
117	170	0.866499
117	171	0.844974
117	175	0.848471
117	176	0.850027
117	177	0.96858
117	178	0.854438
117	179	0.853522
117	180	0.853486
118	29	1.27013
118	37	1.40065
118	68	0.818054
118	98	1.25559
118	102	1.38996
118	108	1.38182
118	115	0.821294
118	129	0.824643
118	130	1.31004
118	132	0.874626
118	133	1.4009
118	134	0.872656
118	146	0.851377
118	150	0.85433
118	153	1.38539
118	156	0.853591
118	157	0.869112
118	161	0.84932
118	164	0.847339
118	167	0.862082
118	169	0.849345
118	170	0.870278
118	174	0.856921
118	175	0.85225
118	178	0.858217
118	179	0.857301
118	180	0.857265
119	2	0.79193
119	8	1.05124
119	36	0.832442
119	61	0.78828
119	66	0.821469
119	90	0.836356
119	100	0.874288
119	124	0.847612
119	127	0.863461
119	129	0.819393
119	132	0.869377
119	135	1.41551
119	142	0.815961
119	144	0.842959
119	146	0.846127
119	148	0.837914
119	150	0.84908
119	151	0.870278
119	154	1.85194
119	156	0.848342
119	157	0.863863
119	159	1.43515
119	163	0.83878
119	164	0.842089
119	172	1.44464
119	174	1.34555
119	176	1.3518
119	178	1.31406
120	64	0.85357
120	73	1.23998
120	74	1.46122
120	80	1.10882
120	86	1.15819
120	87	0.914584
120	96	1.3294
120	131	0.862228
120	143	0.865592
120	145	1.29578
120	156	1.30321
120	159	0.847269
120	162	0.862968
120	163	1.3751
120	164	1.32035
120	165	0.856
120	166	0.882184
120	167	0.877596
120	168	0.866005
120	169	0.864859
120	170	0.885792
120	171	0.864267
120	172	0.868241
120	174	0.872435
120	175	0.867764
120	176	0.86932
120	178	0.873731
120	179	0.872815
120	180	0.872779
121	21	1.41472
121	22	0.779494
121	32	0.864623
121	34	0.836496
121	44	1.48473
121	51	1.2135
121	80	1.18957
121	95	0.834451
121	111	0.844308
121	115	1.50406
121	147	0.847449
121	151	1.24437
121	155	1.36602
121	158	0.869752
121	159	0.836533
121	161	0.854099
121	164	1.4011
121	165	0.845265
121	166	0.871448
121	167	0.866861
121	169	0.854124
121	171	0.853531
121	173	1.17465
121	174	0.8617
121	175	0.857028
121	176	0.858584
121	177	0.977137
121	178	0.862995
121	179	0.862079
121	180	0.862043
122	66	1.3892
122	84	0.846452
122	94	0.835423
122	101	0.872678
122	110	0.890829
122	114	1.35909
122	117	0.839594
122	123	0.842785
122	134	1.27282
122	135	0.828626
122	136	0.868952
122	139	1.28804
122	142	1.51683
122	143	0.845079
122	145	1.32268
122	147	0.837671
122	148	1.33551
122	150	1.38112
122	162	0.842455
122	166	0.86167
122	167	0.857082
122	170	0.865278
122	171	0.843753
122	172	0.847727
122	173	1.12079
122	176	0.848806
122	177	0.967358
122	178	0.853217
122	179	0.852301
122	180	0.852265
123	48	1.66013
123	49	1.31467
123	100	1.24925
123	109	1.40055
123	122	0.842785
123	125	0.848266
123	126	0.835075
123	131	0.846127
123	138	0.823636
123	140	1.26332
123	142	1.48367
123	143	0.849491
123	154	1.23478
123	156	1.29694
123	158	0.864386
123	165	0.839899
123	166	0.866082
123	167	0.861495
123	169	0.848758
123	170	0.86969
123	171	0.848165
123	172	0.852139
123	173	1.08763
123	174	0.856334
123	175	0.851663
123	176	0.853218
123	177	0.971771
123	178	0.857629
123	179	0.856713
123	180	0.856678
124	6	1.21952
124	26	0.872754
124	41	0.850218
124	72	0.829578
124	73	0.877074
124	81	0.858681
124	83	0.85043
124	100	0.884027
124	111	1.34239
124	119	0.847612
124	128	0.837055
124	132	0.879116
124	136	1.32308
124	142	0.8257
124	144	0.852699
124	145	0.860672
124	146	0.855866
124	148	0.847653
124	150	0.85882
124	151	0.880017
124	156	0.858081
124	157	0.873602
124	162	1.38964
124	163	0.848519
124	164	0.851828
124	167	1.36108
124	175	1.33395
124	176	1.35041
124	178	1.31267
124	179	1.38026
125	14	1.08351
125	28	1.36062
125	29	1.3343
125	45	1.17558
125	78	1.60068
125	81	1.37293
125	88	0.827582
125	117	0.845075
125	123	0.848266
125	127	1.19803
125	129	1.51581
125	139	1.35325
125	143	0.85056
125	147	0.843152
125	159	0.832236
125	162	0.847936
125	165	0.840968
125	166	0.867151
125	167	0.862563
125	169	0.849826
125	170	0.870759
125	171	0.849234
125	172	0.853208
125	174	0.857402
125	175	0.852731
125	176	0.854287
125	177	0.972839
125	178	0.858698
125	179	0.857782
125	180	0.857746
126	51	1.25969
126	67	1.48815
126	86	1.28514
126	98	1.3546
126	123	0.835075
126	131	0.834004
126	132	1.39268
126	145	1.42273
126	147	0.82996
126	149	1.53638
126	156	1.43016
126	158	0.852263
126	159	0.819045
126	161	0.83661
126	162	0.834744
126	165	0.827776
126	166	0.85396
126	167	0.849372
126	168	0.837781
126	169	0.836635
126	170	0.857568
126	171	0.836043
126	172	0.840017
126	173	1.22084
126	174	0.844211
126	175	0.83954
126	176	0.841095
126	177	0.959648
126	178	0.845507
126	179	0.844591
126	180	0.844555
127	25	0.874061
127	26	0.888603
127	61	0.813868
127	76	0.897101
127	81	0.87453
127	83	0.86628
127	94	1.26858
127	96	1.69563
127	97	0.898811
127	100	0.899876
127	114	0.853123
127	119	0.863461
127	125	1.19803
127	129	0.844981
127	132	0.894965
127	134	0.892995
127	140	1.63581
127	142	0.841549
127	143	1.24258
127	144	0.868548
127	146	0.871716
127	148	0.863502
127	150	0.874669
127	151	0.895866
127	152	1.1715
127	157	0.889451
127	162	1.14637
127	163	0.864368
127	164	0.867678
127	166	1.08071
127	168	1.18338
127	180	1.18692
128	48	0.80074
128	57	1.52889
128	58	0.805459
128	73	0.856778
128	76	0.860955
128	77	0.868052
128	79	0.848939
128	85	0.826617
128	87	0.883263
128	90	0.825799
128	91	0.88203
128	95	1.44613
128	99	0.811067
128	102	0.806762
128	103	0.860119
128	111	1.37037
128	112	0.813942
128	113	0.813942
128	115	0.805487
128	124	0.837055
128	129	0.808836
128	134	0.856849
128	142	0.805404
128	145	0.840376
128	147	1.39144
128	152	1.44275
128	157	0.853306
128	158	1.36299
128	159	1.46174
128	162	1.41762
128	163	0.828223
128	167	1.38907
129	36	0.813963
129	41	0.821999
129	43	0.8178
129	53	0.795733
129	66	0.802989
129	76	0.853033
129	81	0.830462
129	83	0.822212
129	85	0.818694
129	111	1.4169
129	114	0.809055
129	116	1.47047
129	117	1.48112
129	118	0.824643
129	119	0.819393
129	125	1.51581
129	127	0.844981
129	128	0.808836
129	132	0.850897
129	134	0.848927
129	135	1.48862
129	142	0.797481
129	144	0.82448
129	146	0.827648
129	148	0.819434
129	151	0.851798
129	156	0.829862
129	157	0.845383
129	163	0.8203
129	168	1.50116
129	171	1.45562
129	176	1.42492
129	179	1.45477
130	28	0.868548
130	46	0.899262
130	49	0.821095
130	51	0.910421
130	62	0.873123
130	74	0.814879
130	75	0.827452
130	82	0.860196
130	93	0.840656
130	96	0.83069
130	108	0.850702
130	118	1.31004
130	133	0.84286
130	137	0.87071
130	139	0.873452
130	140	0.871351
130	141	0.868269
130	149	0.843601
130	153	0.85445
130	154	0.868475
130	155	0.867134
130	158	1.26792
130	160	0.860558
130	161	1.31979
130	162	1.32255
130	165	1.34353
130	168	0.860953
130	169	1.35308
130	172	1.37615
130	173	0.921164
130	174	1.27706
130	176	1.28332
130	180	1.3631
131	4	1.22885
131	52	0.795973
131	69	0.824512
131	70	1.14872
131	83	1.39216
131	97	1.31685
131	111	0.837871
131	115	1.53598
131	117	0.842935
131	120	0.862228
131	123	0.846127
131	126	0.834004
131	137	1.38419
131	138	0.822566
131	145	1.40845
131	148	1.42128
131	151	1.27629
131	159	0.830097
131	160	1.47847
131	161	0.847662
131	162	0.845796
131	165	0.838828
131	167	0.860424
131	169	0.847687
131	170	0.868619
131	171	0.847094
131	172	0.851068
131	174	0.855263
131	175	0.850592
131	176	0.852147
131	177	0.9707
131	178	0.856559
131	179	0.855643
131	180	0.855607
132	2	0.823434
132	7	0.914642
132	14	0.922537
132	61	0.819784
132	72	0.851343
132	73	0.898839
132	81	0.880445
132	83	0.872195
132	114	0.859039
132	118	0.874626
132	119	0.869377
132	124	0.879116
132	126	1.39268
132	127	0.894965
132	129	0.850897
132	134	0.89891
132	135	1.33065
132	142	0.847465
132	143	1.40239
132	144	0.874464
132	146	0.877631
132	147	1.28
132	148	0.869418
132	151	0.901782
132	156	0.879846
132	157	0.895367
132	163	0.870284
132	164	0.873593
132	166	1.24052
132	168	1.34319
132	170	1.20858
132	177	0.947875
132	178	1.22921
132	179	1.2968
132	180	1.34673
133	19	0.854761
133	24	0.840538
133	35	0.821749
133	46	0.872826
133	49	0.794659
133	50	0.879399
133	51	0.883985
133	75	0.801016
133	82	0.83376
133	92	1.42972
133	96	0.804254
133	98	0.858954
133	108	0.824266
133	118	1.4009
133	130	0.84286
133	135	0.817651
133	137	0.844274
133	139	0.847016
133	140	0.844915
133	141	0.841833
133	149	0.817165
133	151	1.79687
133	153	0.828014
133	154	0.842039
133	155	0.840698
133	160	0.834122
133	161	1.41065
133	162	1.4134
133	166	1.34774
133	168	0.834517
133	170	1.31581
133	172	1.46701
133	173	0.894728
133	176	1.37417
133	177	1.0551
134	16	0.894877
134	18	1.2432
134	25	0.878007
134	27	0.88471
134	32	1.31373
134	41	0.870012
134	53	0.843747
134	72	0.849373
134	83	0.870225
134	97	0.902756
134	100	0.903821
134	110	1.16514
134	114	0.857068
134	118	0.872656
134	122	1.27282
134	127	0.892995
134	128	0.856849
134	129	0.848927
134	132	0.89891
134	138	1.38146
134	142	0.845494
134	144	0.872493
134	148	0.867447
134	150	0.878614
134	151	0.899811
134	152	1.31151
134	156	0.877875
134	157	0.893396
134	163	0.868313
134	164	0.871623
134	168	1.32339
134	170	1.18878
134	178	1.2094
134	179	1.27699
134	180	1.32693
135	14	1.05632
135	37	1.43763
135	41	1.42081
135	86	0.885391
135	98	0.860182
135	99	1.4852
135	101	0.862931
135	119	1.41551
135	122	0.828626
135	129	1.48862
135	132	1.33065
135	133	0.817651
135	137	0.845502
135	139	0.848244
135	140	0.846143
135	142	1.55486
135	143	0.835332
135	149	0.818393
135	150	1.41914
135	152	0.833861
135	153	0.829241
