1	32	1.1285
1	51	1.08646
1	53	0.998298
1	58	1.08012
1	66	1.1324
1	71	1.05222
1	74	1.1242
1	86	1.06001
1	138	0.947014
1	170	0.984247
1	177	1.6884
1	178	1.16291
2	33	0.976897
2	83	0.979385
2	84	0.517074
2	85	0.978821
2	87	0.978229
2	112	0.985154
2	114	0.965464
2	157	1.01094
2	160	1.00427
2	161	0.989117
2	179	0.887128
2	180	0.854001
3	4	1.13348
3	12	1.23485
3	16	1.10909
3	28	1.09108
3	33	1.06547
3	60	1.03956
3	95	1.06962
3	107	0.941063
3	111	0.931346
3	139	0.912073
3	145	0.952467
3	172	1.87422
4	3	1.13348
4	12	1.26851
4	16	1.14275
4	28	1.12473
4	33	1.09913
4	37	2.6
4	95	1.10327
4	107	0.974719
4	145	0.986123
4	168	0.633962
4	169	0.612773
5	13	0.975163
5	25	0.90817
5	27	1.04777
5	31	1.01601
5	34	1.04588
5	35	1.01484
5	42	0.983517
5	121	0.954743
5	129	1.20437
5	150	1.80315
5	169	0.908517
6	80	0.764637
6	143	1.05835
6	151	0.989654
6	156	1.00339
6	158	0.984666
6	159	0.50049
6	173	0.950478
6	174	0.974274
6	177	0.94866
6	178	0.965273
6	180	0.919056
7	28	0.880531
7	33	0.854925
7	108	0.732249
7	134	0.825948
7	144	0.854585
7	145	0.741921
7	148	0.833193
7	152	0.817939
7	159	0.873795
7	173	0.745337
7	178	0.760133
7	180	0.713916
8	10	0.181468
8	34	0.283252
8	138	0.992088
8	155	1.10049
8	156	1.09883
8	160	0.453387
8	164	1.1195
8	168	1.08433
8	174	1.06971
8	178	1.06071
8	179	1.04762
8	180	1.01449
9	64	1.05482
9	70	1.03869
9	75	1.02538
9	77	1.08146
9	84	1.06521
9	88	1.06486
9	96	1.12338
9	100	1.10181
9	102	1.09855
9	106	0.518972
9	173	1.71913
9	179	1.55627
10	8	0.181468
10	17	1.11235
10	64	1.03159
10	69	1.10096
10	77	1.05822
10	84	1.04198
10	88	1.04162
10	96	1.10014
10	100	1.07858
10	102	1.07531
10	147	1.75852
10	151	1.45492
11	14	0.927948
11	21	0.911602
11	26	1.01523
11	30	0.910321
11	36	0.993504
11	38	0.993504
11	40	0.988742
11	47	0.969711
11	48	0.969456
11	49	0.969203
11	115	1.39258
11	165	1.83829
12	3	1.23485
12	4	1.26851
12	16	1.24411
12	28	1.2261
12	33	1.2005
12	145	1.08749
12	149	0.661913
12	168	1.37672
12	170	1.41314
13	5	0.975163
13	25	0.931865
13	27	1.07146
13	31	1.03971
13	34	1.06958
13	35	1.03853
13	42	1.00721
13	98	1.88465
13	105	1.06628
13	169	0.932212
14	11	0.927948
14	21	0.911214
14	26	1.01485
14	30	0.909932
14	36	0.993115
14	38	0.993115
14	40	0.988353
14	47	0.969323
14	48	0.969067
14	49	0.968814
14	126	1.67284
14	133	1.54287
15	104	1.27959
15	141	1.06295
15	143	0.921655
15	146	1.04754
15	148	1.04504
15	153	1.06613
15	154	1.06677
15	157	1.08271
15	159	1.08564
15	160	1.07604
15	161	1.06088
15	166	1.48902
16	3	1.10909
16	4	1.14275
16	12	1.24411
16	22	0.836045
16	28	1.10034
16	33	1.07473
16	60	1.04883
16	67	0.991845
16	107	0.950327
16	138	3.01703
16	142	0.592664
16	145	0.961731
17	10	1.11235
17	69	1.11658
17	70	1.03108
17	75	1.01777
17	77	1.07385
17	84	1.0576
17	88	1.05724
17	100	1.0942
17	102	1.09093
17	121	1.27757
17	122	1.21398
17	139	1.10582
18	24	0.99731
18	32	0.97953
18	44	0.981132
18	51	0.937493
18	53	0.849331
18	54	1.03618
18	58	0.931151
18	66	0.983433
18	71	0.903252
18	74	0.975233
18	118	1.24175
18	142	0.88731
18	162	2.16323
19	24	1.10351
19	32	1.08573
19	51	1.0437
19	53	0.955535
19	54	1.14239
19	58	1.03736
19	66	1.08964
19	71	1.00946
19	74	1.08144
19	103	1.06243
19	138	0.90425
19	140	1.27505
19	143	1.49338
20	97	1.20042
20	99	1.04815
20	129	1.16502
20	132	1.04581
20	136	1.03888
20	144	1.03584
20	148	1.01445
20	149	1.44097
20	153	1.03554
20	157	1.05212
20	159	1.05505
20	160	1.04545
20	161	1.03029
21	11	0.911602
21	14	0.911214
21	26	0.998501
21	29	1.47662
21	30	0.893587
21	36	0.97677
21	38	0.97677
21	40	0.972008
21	47	0.952978
21	48	0.952722
21	49	0.952469
21	124	1.90778
21	127	0.934552
22	16	0.836045
22	31	1.23327
22	83	0.992209
22	85	0.991645
22	87	0.991053
22	89	0.810173
22	93	0.972932
22	146	0.988598
22	161	1.00194
22	166	0.952795
22	171	0.933833
22	176	0.918549
22	180	0.866825
23	45	0.653621
23	69	1.09062
23	70	1.00511
23	75	0.991801
23	77	1.04788
23	82	1.03172
23	84	1.03164
23	88	1.03128
23	96	1.0898
23	100	1.06824
23	102	1.06497
23	121	1.04636
23	142	2.25147
24	18	0.99731
24	19	1.10351
24	44	1.08664
24	51	1.04301
24	53	0.954843
24	58	1.03666
24	66	1.08895
24	71	1.00876
24	74	1.08075
24	86	1.01656
24	108	2.80867
24	175	0.610562
24	176	1.00538
25	5	0.90817
25	13	0.931865
25	27	1.00447
25	31	0.972712
25	34	1.00258
25	35	0.971541
25	42	0.940219
25	45	0.972604
25	82	0.926136
25	121	0.911445
25	168	1.77379
25	169	0.865219
25	170	1.81021
26	11	1.01523
26	14	1.01485
26	21	0.998501
26	30	0.997219
26	36	1.0804
26	38	1.0804
26	40	1.07564
26	47	1.05661
26	48	1.05635
26	49	1.0561
26	112	1.21084
26	125	1.06387
26	171	1.83628
27	5	1.04777
27	13	1.07146
27	25	1.00447
27	31	1.11231
27	34	1.14218
27	35	1.11114
27	42	1.07981
27	91	1.4837
27	121	1.05104
27	143	0.827633
27	166	1.395
27	169	1.00481
28	3	1.09108
28	4	1.12473
28	7	0.880531
28	12	1.2261
28	16	1.10034
28	33	1.05672
28	67	0.973831
28	95	1.06087
28	107	0.932314
28	108	1.79133
28	120	2.20693
28	145	0.943718
28	171	0.819239
29	21	1.47662
29	69	0.682484
29	134	0.995004
29	156	0.967309
29	163	0.964075
29	168	0.952809
29	171	0.94998
29	175	0.991558
29	176	0.934696
29	177	0.912576
29	178	0.929189
29	179	0.916099
29	180	0.882972
30	11	0.910321
30	14	0.909932
30	21	0.893587
30	26	0.997219
30	36	0.975489
30	38	0.975489
30	40	0.970727
30	47	0.951696
30	48	0.951441
30	49	0.951187
30	127	0.93327
30	145	2.40333
30	175	1.35529
31	5	1.01601
31	13	1.03971
31	22	1.23327
31	25	0.972712
31	27	1.11231
31	34	1.11042
31	35	1.07938
31	42	1.04806
31	82	1.03398
31	86	0.859595
31	121	1.01928
31	169	0.973059
31	170	1.44052
32	1	1.1285
32	18	0.97953
32	19	1.08573
32	44	1.06887
32	51	1.02523
32	53	0.937064
32	66	1.07117
32	67	1.55381
32	71	0.990985
32	74	1.06297
32	138	0.885779
32	142	0.975043
32	169	1.39142
32	171	1.47863
33	2	0.976897
33	3	1.06547
33	4	1.09913
33	7	0.854925
33	12	1.2005
33	16	1.07473
33	28	1.05672
33	60	1.00521
33	67	0.948226
33	95	1.03526
33	107	0.906708
33	139	0.961873
33	145	0.918112
33	175	1.76268
34	5	1.04588
34	8	0.283252
34	13	1.06958
34	25	1.00258
34	27	1.14218
34	31	1.11042
34	35	1.10925
34	42	1.07793
34	55	1.05284
34	121	1.04916
34	145	2.25815
34	169	1.00293
35	5	1.01484
35	13	1.03853
35	25	0.971541
35	27	1.11114
35	31	1.07938
35	34	1.10925
35	42	1.04689
35	82	1.03281
35	118	0.749787
35	121	1.01811
35	142	2.03299
35	158	1.65471
35	169	0.971888
36	11	0.993504
36	14	0.993115
36	21	0.97677
36	26	1.0804
36	30	0.975489
36	40	1.05391
36	47	1.03488
36	48	1.03462
36	49	1.03437
36	81	0.999308
36	127	1.01645
36	142	1.43594
36	145	1.90792
36	151	1.20647
37	4	2.6
37	77	0.89899
37	96	0.940909
37	102	0.916075
37	104	0.859783
37	131	0.878048
37	153	0.904047
37	157	0.920621
37	161	0.898794
37	166	0.849648
37	173	0.7951
37	177	0.793282
37	180	0.763678
38	11	0.993504
38	14	0.993115
38	21	0.97677
38	26	1.0804
38	30	0.975489
38	40	1.05391
38	47	1.03488
38	48	1.03462
38	49	1.03437
38	81	0.999308
38	113	1.61714
38	127	1.01645
38	129	0.793682
38	162	1.57512
39	127	1.20546
39	149	1.00297
39	156	0.941512
39	157	0.722781
39	158	0.922786
39	165	0.952347
39	166	0.943146
39	167	0.976443
39	171	0.924184
39	175	0.965762
39	176	0.9089
39	177	0.886779
39	178	0.903393
39	180	0.857176
40	11	0.988742
40	14	0.988353
40	21	0.972008
40	26	1.07564
40	30	0.970727
40	36	1.05391
40	38	1.05391
40	47	1.03012
40	48	1.02986
40	49	1.02961
40	103	0.747856
40	124	1.24602
40	127	1.01169
40	170	2.09853
41	56	1.02957
41	113	0.957294
41	154	0.785797
41	162	0.95539
41	166	0.964925
41	168	0.948791
41	171	0.945963
41	172	0.949846
41	173	0.910376
41	174	0.934173
41	177	0.908558
41	178	0.925172
41	179	0.912081
41	180	0.878955
42	5	0.983517
42	13	1.00721
42	25	0.940219
42	27	1.07981
42	31	1.04806
42	34	1.07793
42	35	1.04689
42	45	1.04795
42	72	1.06107
42	82	1.00148
42	121	0.986792
42	143	1.47587
42	167	1.50451
42	169	0.940566
43	46	1.07511
43	52	1.10199
43	61	1.07493
43	63	1.07472
43	68	1.09833
43	78	1.07918
43	83	1.05084
43	85	1.05027
43	87	1.04968
43	114	1.10289
43	165	1.09436
43	172	1.54741
44	18	0.981132
44	24	1.08664
44	32	1.06887
44	53	0.938666
44	54	1.12552
44	58	1.02049
44	66	1.07277
44	71	0.992587
44	74	1.06457
44	118	0.740924
44	124	1.36997
44	138	0.887381
44	142	0.976645
44	174	1.89372
45	23	0.653621
45	25	0.972604
45	42	1.04795
45	70	1.14108
45	102	0.393736
45	105	1.0068
45	154	1.05573
45	157	1.07166
45	160	1.06499
45	161	1.04983
45	169	0.97295
45	177	0.94432
45	178	0.960934
45	179	0.947843
45	180	0.914716
46	43	1.07511
46	52	1.07529
46	55	0.935454
46	61	1.04823
46	63	1.04801
46	68	1.07163
46	78	1.05248
46	83	1.02414
46	85	1.02357
46	87	1.02298
46	92	1.05728
46	121	1.00321
46	177	2.16931
47	11	0.969711
47	14	0.969323
47	21	0.952978
47	26	1.05661
47	30	0.951696
47	36	1.03488
47	38	1.03488
47	40	1.03012
47	48	1.01083
47	49	1.01058
47	81	0.975516
47	106	1.44511
47	121	1.09025
47	127	0.992661
47	174	1.76297
48	11	0.969456
48	14	0.969067
48	21	0.952722
48	26	1.05635
48	30	0.951441
48	36	1.03462
48	38	1.03462
48	40	1.02986
48	47	1.01083
48	49	1.01032
48	81	0.97526
48	125	1.2766
48	127	0.992405
48	140	0.881361
48	178	2.19809
49	11	0.969203
49	14	0.968814
49	21	0.952469
49	26	1.0561
49	30	0.951187
49	36	1.03437
49	38	1.03437
49	40	1.02961
49	47	1.01058
49	48	1.01032
49	81	0.975007
49	109	1.50959
49	127	0.992152
49	133	1.21473
49	134	1.48856
50	93	0.97351
50	95	1.02773
50	128	0.982237
50	131	0.981773
50	137	0.973072
50	141	1.00458
50	148	0.98668
50	150	1.5121
50	153	1.00777
50	154	1.00841
50	155	1.6966
50	157	1.02435
50	159	1.02728
50	160	1.01768
50	161	1.00252
51	1	1.08646
51	18	0.937493
51	19	1.0437
51	24	1.04301
51	32	1.02523
51	53	0.895026
51	54	1.08188
51	58	0.976846
51	66	1.02913
51	71	0.948947
51	74	1.02093
51	118	0.765049
51	142	0.933006
51	167	1.35552
51	169	2.189
52	43	1.10199
52	46	1.07529
52	61	1.07511
52	63	1.0749
52	68	1.09851
52	78	1.07937
52	83	1.05102
52	85	1.05046
52	87	1.04986
52	155	0.937904
52	167	0.605045
52	177	2.20029
53	1	0.998298
53	18	0.849331
53	19	0.955535
53	24	0.954843
53	32	0.937064
53	44	0.938666
53	51	0.895026
53	54	0.993717
53	58	0.888684
53	66	0.940966
53	71	0.860785
53	74	0.932767
53	86	0.868578
53	158	2.22108
53	164	1.74457
54	18	1.03618
54	19	1.14239
54	44	1.12552
54	51	1.08188
54	53	0.993717
54	58	1.07554
54	66	1.12782
54	71	1.04764
54	74	1.11962
54	86	1.05543
54	135	0.584104
54	138	0.942433
54	142	1.0317
54	151	0.957642
54	175	0.611046
54	180	3.0328
55	34	1.05284
55	46	0.935454
55	88	0.69884
55	139	1.06141
55	163	0.999638
55	164	1.02354
55	166	1.00451
55	168	0.988372
55	171	0.985543
55	173	0.949957
55	175	1.02712
55	176	0.970259
55	177	0.948139
55	178	0.964752
55	179	0.951662
55	180	0.918535
56	41	1.02957
56	99	1.00672
56	101	0.951816
56	116	1.01524
56	117	0.956892
56	128	0.96857
56	131	0.968106
56	137	0.959405
56	148	0.973013
56	153	0.994104
56	157	1.01068
56	159	1.01362
56	160	1.00401
56	161	0.988852
56	175	1.38208
56	176	1.7769
57	79	0.982776
57	101	0.949132
57	109	1.53587
57	121	1.52235
57	123	0.974247
57	132	1.00169
57	136	0.994756
57	137	0.956721
57	140	1.38578
57	144	0.991721
57	146	0.972825
57	153	0.991421
57	154	0.992061
57	159	1.01093
57	160	1.00132
57	161	0.986168
58	1	1.08012
58	18	0.931151
58	19	1.03736
58	24	1.03666
58	44	1.02049
58	51	0.976846
58	53	0.888684
58	54	1.07554
58	66	1.02279
58	71	0.942605
58	74	1.01459
58	118	1.16768
58	122	1.58417
58	138	0.8374
58	142	0.926664
58	149	1.58368
59	103	0.849727
59	123	0.969187
59	131	0.960362
59	132	0.996625
59	136	0.989696
59	141	0.983173
59	146	0.967765
59	148	0.965269
59	153	0.98636
59	154	0.987001
59	157	1.00293
59	159	1.00587
59	160	0.996264
59	161	0.981108
59	174	1.87164
59	175	1.82797
60	3	1.03956
60	16	1.04883
60	33	1.00521
60	78	1.01793
60	83	0.989583
60	85	0.989019
60	87	0.988427
60	105	1.71027
60	108	0.882533
60	131	0.978569
60	143	0.958528
60	145	0.892205
60	146	0.985972
60	154	1.00521
60	161	0.999315
60	170	1.87826
61	43	1.07493
61	46	1.04823
61	52	1.07511
61	63	1.04784
61	68	1.07145
61	78	1.05231
61	83	1.02396
61	85	1.02339
61	87	1.0228
61	97	0.527444
61	121	1.00303
61	171	1.45809
61	177	2.13265
62	76	1.07647
62	89	0.889736
62	122	0.841714
62	123	1.06958
62	129	0.565274
62	141	1.08357
62	144	1.08706
62	146	1.06816
62	148	1.06567
62	152	1.44542
62	153	1.08676
62	154	1.0874
62	157	1.10333
62	160	1.09666
62	161	1.0815
62	178	2.08546
63	43	1.07472
63	46	1.04801
63	52	1.0749
63	61	1.04784
63	68	1.07124
63	78	1.05209
63	83	1.02375
63	85	1.02318
63	87	1.02259
63	91	0.688126
63	120	3.19307
63	121	1.00282
63	152	0.490416
64	9	1.05482
64	10	1.03159
64	69	1.03582
64	70	0.950313
64	75	0.937001
64	77	0.993083
64	84	0.976836
64	88	0.976479
64	96	1.035
64	100	1.01344
64	102	1.01017
64	120	0.869027
64	127	0.97034
64	149	0.757871
64	169	1.76583
64	178	2.0021
65	125	1.04336
65	141	0.924647
65	148	0.830128
65	152	1.00391
65	157	0.303862
65	158	0.965498
65	163	0.980991
65	165	0.995059
65	170	0.965418
65	171	0.966896
65	172	0.970779
65	174	0.955106
65	175	1.00847
65	176	0.951613
65	178	0.946105
65	179	0.933015
65	180	0.899888
66	1	1.1324
66	18	0.983433
66	19	1.08964
66	24	1.08895
66	32	1.07117
66	44	1.07277
66	51	1.02913
66	53	0.940966
66	54	1.12782
66	58	1.02279
66	71	0.994887
66	74	1.06687
66	114	1.12448
66	126	0.627228
66	142	0.978946
66	174	1.45132
66	178	1.95876
67	16	0.991845
67	28	0.973831
67	32	1.55381
67	33	0.948226
67	88	1.33332
67	113	0.885556
67	141	0.944397
67	145	0.835222
67	148	0.926493
67	153	0.947585
67	154	0.948225
67	159	0.967096
67	171	0.874224
67	173	0.838638
67	176	0.858941
67	179	0.840343
67	180	0.807216
68	43	1.09833
68	46	1.07163
68	52	1.09851
68	61	1.07145
68	63	1.07124
68	78	1.07571
68	81	1.0174
68	83	1.04736
68	85	1.0468
68	87	1.0462
68	89	0.865323
68	95	1.06713
68	121	1.02644
68	138	3.38297
68	145	1.43059
68	149	0.908994
68	164	0.666119
69	10	1.10096
69	17	1.11658
69	23	1.09062
69	29	0.682484
69	64	1.03582
69	70	1.01969
69	75	1.00637
69	77	1.06246
69	84	1.04621
69	88	1.04585
69	100	1.08281
69	102	1.07954
69	108	0.945478
69	124	1.00109
69	135	0.964069
69	164	1.31498
69	169	1.90854
70	9	1.03869
70	17	1.03108
70	23	1.00511
70	45	1.14108
70	64	0.950313
70	69	1.01969
70	75	0.920869
70	84	0.960705
70	88	0.960348
70	96	1.01887
70	100	0.997305
70	102	0.994037
70	108	0.859973
70	115	1.42545
70	124	0.915585
70	127	0.954209
70	167	1.64422
71	1	1.05222
71	18	0.903252
71	19	1.00946
71	24	1.00876
71	32	0.990985
71	44	0.992587
71	51	0.948947
71	53	0.860785
71	54	1.04764
71	58	0.942605
71	66	0.994887
71	74	0.986688
71	86	0.922499
71	138	0.809501
71	140	1.26814
71	142	0.898765
71	152	1.94483
71	165	1.74206
72	42	1.06107
72	116	0.590593
72	147	1.01747
72	152	1.06972
72	153	0.423606
72	154	0.176209
72	163	1.0468
72	164	1.07071
72	165	1.06087
72	167	1.08496
72	170	1.03123
72	173	0.997118
72	174	1.02091
72	176	1.01742
72	177	0.9953
72	178	1.01191
72	179	0.998823
72	180	0.965696
73	120	0.84673
73	144	1.26326
73	149	0.981267
73	156	0.919811
73	158	0.901084
73	161	1.35142
73	164	0.940484
73	165	0.930646
73	166	0.921445
73	171	0.902483
73	173	0.866896
73	174	0.890693
73	175	0.94406
73	176	0.887199
73	177	0.865078
73	178	0.881692
73	179	0.868601
73	180	0.835475
74	1	1.1242
74	18	0.975233
74	19	1.08144
74	24	1.08075
74	32	1.06297
74	44	1.06457
74	51	1.02093
74	53	0.932767
74	54	1.11962
74	58	1.01459
74	66	1.06687
74	71	0.986688
74	111	1.12033
74	133	0.991469
74	138	0.881482
74	142	0.970746
74	163	1.82996
74	167	1.3832
75	9	1.02538
75	17	1.01777
75	23	0.991801
75	64	0.937001
75	69	1.00637
75	70	0.920869
75	77	0.963639
75	82	0.947479
75	84	0.947392
75	88	0.947035
75	96	1.00556
75	100	0.983992
75	102	0.980724
75	120	0.839583
75	124	0.902273
75	133	1.46771
75	134	1.74153
75	139	1.5773
76	62	1.07647
76	93	0.985288
76	99	1.03216
76	109	0.896551
76	117	0.982337
76	128	0.994015
76	132	1.02981
76	133	0.601691
76	146	1.00095
76	148	0.998458
76	153	1.01955
76	154	1.02019
76	157	1.03612
76	159	1.03906
76	160	1.02945
76	161	1.0143
76	169	0.937415
76	173	2.43805
76	174	1.55575
77	9	1.08146
77	10	1.05822
77	17	1.07385
77	23	1.04788
77	37	0.89899
77	64	0.993083
77	69	1.06246
77	75	0.963639
77	84	1.00347
77	88	1.00312
77	96	1.06164
77	100	1.04008
77	102	1.03681
77	107	2.13463
77	108	0.902743
77	127	0.996979
77	130	1.60879
77	142	1.28694
77	172	0.872226
78	43	1.07918
78	46	1.05248
78	52	1.07937
78	60	1.01793
78	61	1.05231
78	63	1.05209
78	68	1.07571
78	81	0.998254
78	83	1.02821
78	85	1.02765
78	87	1.02706
78	89	0.846178
78	95	1.04799
78	121	1.00729
78	151	1.4741
78	164	0.848775
78	166	1.14758
78	173	2.05347
79	57	0.982776
79	86	0.971418
79	93	0.986929
79	119	1.04573
79	137	0.986491
79	141	1.018
79	144	1.02149
79	146	1.00259
79	148	1.0001
79	153	1.02119
79	154	1.02183
79	155	1.34325
79	157	1.03776
79	159	1.0407
79	160	1.03109
79	161	1.01594
79	163	1.45714
79	164	1.25031
79	174	1.57271
80	6	0.764637
80	99	0.966638
80	116	0.975163
80	128	0.928492
80	131	0.928028
80	132	0.964291
80	136	0.957363
80	141	0.950839
80	144	0.954327
80	148	0.932935
80	153	0.954027
80	154	0.954667
80	157	0.970601
80	159	0.973538
80	160	0.963931
80	161	0.948774
80	163	1.75735
80	169	0.871892
80	176	2.22407
81	36	0.999308
81	38	0.999308
81	47	0.975516
81	48	0.97526
81	49	0.975007
81	68	1.0174
81	78	0.998254
81	83	0.969905
81	85	0.969341
81	87	0.968749
81	143	0.983814
81	148	0.869263
81	159	0.879353
81	160	0.694491
81	171	0.911529
81	177	0.874124
81	178	0.890738
81	179	0.877648
81	180	0.844521
82	23	1.03172
82	25	0.926136
82	31	1.03398
82	35	1.03281
82	42	1.00148
82	75	0.947479
82	95	0.939997
82	96	1.04548
82	100	1.02391
82	102	1.02065
82	137	0.973919
82	144	1.00892
82	146	0.990023
82	149	1.10153
82	151	2.14126
82	159	1.02813
82	160	1.01852
82	161	1.00337
82	165	1.50296
82	169	0.926483
83	2	0.979385
83	22	0.992209
83	43	1.05084
83	46	1.02414
83	52	1.05102
83	60	0.989583
83	61	1.02396
83	63	1.02375
83	68	1.04736
83	78	1.02821
83	81	0.969905
83	85	0.999302
83	87	0.99871
83	89	0.817829
83	95	1.01964
83	121	0.978942
83	124	1.27623
83	164	1.47758
83	166	1.77638
83	167	1.23766
84	2	0.517074
84	9	1.06521
84	10	1.04198
84	17	1.0576
84	23	1.03164
84	64	0.976836
84	69	1.04621
84	70	0.960705
84	75	0.947392
84	77	1.00347
84	88	0.98687
84	96	1.04539
84	100	1.02383
84	102	1.02056
84	120	0.879418
84	124	0.942108
84	127	0.980731
84	130	2.20077
84	162	1.11521
84	169	1.61768
85	2	0.978821
85	22	0.991645
85	43	1.05027
85	46	1.02357
85	52	1.05046
85	60	0.989019
85	61	1.02339
85	63	1.02318
85	68	1.0468
85	78	1.02765
85	81	0.969341
85	83	0.999302
85	86	1.48343
85	87	0.998146
85	89	0.817265
85	95	1.01907
85	97	0.75823
85	121	0.978378
85	133	0.781525
85	177	2.76851
86	1	1.06001
86	24	1.01656
86	31	0.859595
86	53	0.868578
86	54	1.05543
86	71	0.922499
86	79	0.971418
86	85	1.48343
86	102	1.20704
86	154	0.980703
86	159	0.999574
86	161	0.97481
86	163	0.920797
86	169	0.897928
86	170	0.905224
86	174	0.894912
86	175	0.94828
86	177	0.869298
86	179	0.872821
86	180	0.839694
87	2	0.978229
87	22	0.991053
87	43	1.04968
87	46	1.02298
87	52	1.04986
87	60	0.988427
87	61	1.0228
87	63	1.02259
87	68	1.0462
87	78	1.02706
87	81	0.968749
87	83	0.99871
87	85	0.998146
87	89	0.816673
87	95	1.01848
87	121	0.977786
87	135	1.18702
87	155	1.63086
87	162	1.62901
87	167	1.298
88	9	1.06486
88	10	1.04162
88	17	1.05724
88	23	1.03128
88	55	0.69884
88	64	0.976479
88	67	1.33332
88	69	1.04585
88	70	0.960348
88	75	0.947035
88	77	1.00312
88	84	0.98687
88	96	1.04504
88	100	1.02347
88	102	1.0202
88	120	0.879061
88	124	0.941751
88	127	0.980375
88	147	1.5063
88	178	1.40721
89	22	0.810173
89	62	0.889736
89	68	0.865323
89	78	0.846178
89	83	0.817829
89	85	0.817265
89	87	0.816673
89	107	0.709046
89	109	0.823617
89	130	0.76055
89	137	0.798114
89	154	0.833454
89	157	0.849388
89	158	0.758055
89	159	0.852324
89	160	0.842717
89	171	0.759453
89	175	0.801031
89	177	0.722049
89	179	0.725572
89	180	0.692445
90	93	1.71781
90	111	0.98436
90	112	0.93467
90	115	0.926986
90	120	0.814773
90	126	0.975094
90	146	1.68737
90	150	0.911948
90	163	0.88462
90	164	0.908527
90	167	0.922785
90	170	0.869047
90	172	0.874408
90	173	0.834939
90	174	0.858735
90	175	0.912103
90	176	0.855242
90	177	0.833121
90	178	0.849734
90	179	0.836644
90	180	0.803517
91	27	1.4837
91	63	0.688126
91	127	1.6202
91	129	1.02869
91	142	0.92079
91	149	0.999719
91	150	0.962357
91	155	0.939924
91	164	0.958937
91	166	0.939897
91	167	0.973195
91	168	0.923764
91	170	0.919457
91	172	0.924818
91	173	0.885349
91	175	0.962513
91	176	0.905651
91	177	0.88353
91	178	0.900144
91	179	0.887054
91	180	0.853927
92	46	1.05728
92	94	0.958496
92	112	0.988722
92	133	1.00275
92	136	1.14553
92	144	1.00765
92	145	0.885574
92	149	1.00336
92	158	0.923179
92	163	0.938672
92	166	0.943539
92	167	0.976837
92	168	0.927406
92	170	0.923098
92	173	0.88899
92	174	0.912787
92	175	0.966155
92	177	0.887172
92	178	0.903786
92	179	0.890696
92	180	0.857569
93	22	0.972932
93	50	0.97351
93	76	0.985288
93	79	0.986929
93	90	1.71781
93	94	1.06444
93	128	0.970039
93	131	0.969575
93	132	1.00584
93	137	0.960874
93	141	0.992385
93	143	0.864898
93	146	0.976978
93	148	0.974482
93	153	0.995573
93	154	0.996214
93	157	1.01215
93	159	1.01508
93	160	1.00548
93	161	0.99032
93	176	1.80702
94	92	0.958496
94	93	1.06444
94	109	0.981197
94	112	0.981178
94	114	0.961487
94	116	1.20494
94	128	1.09703
94	139	0.992895
94	150	0.958455
94	156	0.934361
94	162	0.92646
94	165	0.945196
94	167	0.969292
94	172	0.920916
94	173	0.881446
94	174	0.905243
94	175	0.958611
94	177	0.879628
94	178	0.896242
94	179	0.883151
94	180	0.850025
95	3	1.06962
95	4	1.10327
95	28	1.06087
95	33	1.03526
95	50	1.02773
95	68	1.06713
95	78	1.04799
95	82	0.939997
95	83	1.01964
95	85	1.01907
95	87	1.01848
95	127	0.656759
95	145	0.922257
95	150	1.00268
95	160	0.525576
95	176	0.945976
95	177	0.923855
95	178	0.940469
95	179	0.927379
95	180	0.894252
96	9	1.12338
96	10	1.10014
96	23	1.0898
96	37	0.940909
96	64	1.035
96	70	1.01887
96	75	1.00556
96	77	1.06164
96	82	1.04548
96	84	1.04539
96	88	1.04504
96	100	1.08199
96	102	1.07873
96	107	2.66537
96	108	0.944662
96	120	0.937584
96	124	1.00027
96	127	1.0389
96	135	0.611973
96	152	1.15268
96	156	1.24456
96	163	1.16971
97	20	1.20042
97	61	0.527444
97	85	0.75823
97	118	1.15174
97	137	0.525215
97	140	1.11171
97	151	1.02929
97	153	0.452016
97	155	1.04469
97	162	1.03513
97	163	1.0398
97	164	1.0637
97	165	1.05387
97	166	1.04467
97	168	1.02853
97	171	1.0257
97	173	0.990117
97	174	1.01391
97	176	1.01042
97	177	0.988298
97	179	0.991822
97	180	0.958695
98	13	1.88465
98	111	0.980399
98	122	0.954768
98	130	0.867661
98	145	0.827562
98	151	0.870154
98	152	0.90358
98	155	0.885553
98	157	2.05157
98	162	0.875992
98	163	0.880659
98	164	0.904566
98	167	0.918824
98	170	0.865086
98	171	0.866564
98	172	0.870448
98	174	0.854774
98	175	0.908142
98	176	0.851281
98	178	0.845773
98	179	0.832683
98	180	0.799556
99	20	1.04815
99	56	1.00672
99	76	1.03216
99	80	0.966638
99	116	1.06358
99	123	1.02527
99	125	1.04468
99	126	0.634638
99	128	1.01691
99	132	1.05271
99	136	1.04578
99	141	1.03926
99	144	1.04275
99	146	1.02385
99	153	1.04245
99	154	1.04309
99	157	1.05902
99	160	1.05235
99	161	1.03719
99	162	1.22741
99	172	1.57641
99	179	2.17818
100	9	1.10181
100	10	1.07858
100	17	1.0942
100	23	1.06824
100	64	1.01344
100	69	1.08281
100	70	0.997305
100	75	0.983992
100	77	1.04008
100	82	1.02391
100	84	1.02383
100	88	1.02347
100	96	1.08199
100	102	1.05716
100	108	0.923096
100	112	0.976524
100	124	0.978709
100	127	1.01733
100	156	1.20288
100	169	1.51476
100	175	1.19994
100	179	1.96305
101	56	0.951816
101	57	0.949132
101	117	0.950333
101	123	0.970373
101	126	0.976866
101	128	0.962012
101	131	0.961548
101	132	0.997811
101	136	0.990882
101	137	0.952847
101	141	0.984359
101	144	0.987847
101	146	0.968951
101	153	0.987546
101	154	0.988187
101	155	1.57149
101	156	1.76023
101	157	1.00412
101	159	1.00706
101	160	0.99745
101	161	0.982294
101	172	1.91863
102	9	1.09855
102	10	1.07531
102	17	1.09093
102	23	1.06497
102	37	0.916075
102	45	0.393736
102	64	1.01017
102	69	1.07954
102	70	0.994037
102	75	0.980724
102	77	1.03681
102	82	1.02065
102	84	1.02056
102	86	1.20704
102	88	1.0202
102	96	1.07873
102	100	1.05716
102	108	0.919828
102	112	1.19211
102	120	0.91275
102	125	1.04515
102	127	1.01406
102	179	2.17864
103	19	1.06243
103	40	0.747856
103	59	0.849727
103	128	0.46654
103	140	1.10695
103	151	1.02454
103	158	1.01955
103	159	0.586864
103	162	1.03037
103	163	1.03504
103	164	1.05895
103	166	1.03991
103	167	1.07321
103	170	1.01947
103	171	1.02095
103	172	1.02483
103	173	0.98536
103	174	1.00916
103	176	1.00566
103	177	0.983542
103	178	1.00016
103	179	0.987065
103	180	0.953939
104	15	1.27959
104	37	0.859783
104	122	1.00041
104	130	0.913307
104	132	1.04944
104	143	0.984495
104	148	1.36565
104	150	0.953632
104	151	0.9158
104	152	0.949225
104	162	0.921638
104	166	0.931172
104	167	0.96447
104	168	0.915039
104	170	0.910732
104	172	0.916093
104	174	0.90042
104	175	0.953788
104	176	0.896926
104	177	0.874806
104	178	0.891419
104	179	0.878329
104	180	0.845202
105	13	1.06628
105	45	1.0068
105	60	1.71027
105	120	0.85244
105	135	1.01718
105	139	0.984055
105	150	0.949615
105	151	0.911782
105	152	0.945208
105	154	1.34275
105	162	0.91762
105	165	0.936356
105	166	0.927155
105	167	0.960452
105	168	0.911021
105	170	0.906714
105	172	0.912076
105	173	0.872606
105	176	0.892909
105	177	0.870788
105	178	0.887402
105	179	0.874311
105	180	0.841184
106	9	0.518972
106	47	1.44511
106	110	0.975753
106	132	0.964612
106	133	1.03909
106	139	1.03678
106	149	1.0397
106	155	0.979905
106	157	0.754561
106	158	0.959518
106	164	0.998918
106	168	0.963745
106	170	0.959438
106	171	0.960917
106	172	0.9648
106	173	0.92533
106	174	0.949126
106	175	1.00249
106	176	0.945633
106	177	0.923512
106	178	0.940126
106	179	0.927035
106	180	0.893909
107	3	0.941063
107	4	0.974719
107	16	0.950327
107	28	0.932314
107	33	0.906708
107	77	2.13463
107	89	0.709046
107	96	2.66537
107	119	0.930609
107	141	0.902879
107	143	0.904991
107	145	0.793704
107	148	0.884976
107	151	0.836297
107	153	0.906067
107	154	0.906708
107	160	0.915971
107	161	0.900814
107	167	0.884966
107	170	0.831228
107	174	0.820916
107	177	0.795302
107	179	0.798825
107	180	0.765698
108	7	0.732249
108	24	2.80867
108	28	1.79133
108	60	0.882533
108	69	0.945478
108	70	0.859973
108	77	0.902743
108	96	0.944662
108	100	0.923096
108	102	0.919828
108	134	0.879463
108	143	0.906724
108	144	0.9081
108	146	0.889204
108	147	0.819203
108	153	0.9078
108	157	0.924374
108	159	0.92731
108	168	0.837268
108	172	0.838322
108	175	0.876017
108	177	0.797035
108	180	0.767431
109	49	1.50959
109	57	1.53587
109	76	0.896551
109	89	0.823617
109	94	0.981197
109	134	0.992301
109	135	1.05626
109	136	0.565433
109	149	1.02606
109	150	0.9887
109	151	0.950868
109	155	0.966266
109	164	0.985279
109	166	0.96624
109	168	0.950106
109	170	0.945799
109	172	0.951161
109	173	0.911691
109	174	0.935488
109	175	0.988855
109	176	0.931994
109	177	0.909873
109	178	0.926487
109	179	0.913396
109	180	0.88027
110	106	0.975753
110	114	0.942404
110	116	1.35153
110	140	0.983956
110	143	0.970235
110	150	0.939373
110	152	0.934966
110	154	0.937146
110	160	1.17908
110	162	0.907378
110	163	0.912045
110	164	0.935952
110	165	0.926113
110	167	0.95021
110	168	0.900779
110	170	0.896472
110	171	0.89795
110	172	0.901833
110	174	0.88616
110	176	0.882666
110	177	0.860546
110	178	0.877159
110	179	0.864069
110	180	0.830942
111	3	0.931346
111	74	1.12033
111	90	0.98436
111	98	0.980399
111	114	1.0414
111	117	0.344053
111	119	0.634254
111	149	1.07573
111	151	1.00054
111	152	1.03396
111	156	1.01428
111	160	0.598712
111	162	1.00638
111	163	1.01104
111	165	1.02511
111	167	1.04921
111	168	0.999777
111	172	1.00083
111	173	0.961362
111	174	0.985158
111	176	0.981664
111	177	0.959544
111	178	0.976157
111	179	0.963067
111	180	0.92994
112	2	0.985154
112	26	1.21084
112	90	0.93467
112	92	0.988722
112	94	0.981178
112	100	0.976524
112	102	1.19211
112	130	0.948355
112	151	0.950848
112	153	1.16229
112	156	0.964587
112	162	0.956686
112	164	0.98526
112	165	0.975422
112	167	0.999518
112	170	0.94578
112	171	0.947258
112	172	0.951142
112	173	0.911672
112	174	0.935468
112	175	0.988836
112	177	0.909854
112	178	0.926467
112	179	0.913377
112	180	0.88025
113	38	1.61714
113	41	0.957294
113	67	0.885556
113	115	0.950905
113	126	0.999013
113	128	1.29915
113	135	1.00343
113	146	1.23614
113	147	0.879209
113	149	0.973229
113	152	0.93146
113	163	0.90854
113	164	0.932446
113	166	0.913407
113	170	0.892966
113	171	0.894445
113	172	0.898328
113	173	0.858858
113	174	0.882655
113	175	0.936023
113	176	0.879161
113	177	0.85704
113	178	0.873654
113	179	0.860563
113	180	0.827437
114	2	0.965464
114	43	1.10289
114	66	1.12448
114	94	0.961487
114	110	0.942404
114	111	1.0414
114	125	1.00403
114	127	1.22825
114	130	0.928664
114	139	1.00343
114	149	1.00635
114	150	0.96899
114	151	0.931158
114	161	0.848072
114	162	0.936995
114	165	0.955731
114	170	0.926089
114	171	0.927568
114	172	0.931451
114	173	0.891981
114	174	0.915778
114	175	0.969145
114	176	0.912284
114	178	0.906777
114	179	0.893686
114	180	0.86056
115	11	1.39258
115	70	1.42545
115	90	0.926986
115	113	0.950905
115	123	0.754467
115	127	0.774003
115	129	1.04733
115	133	1.01775
115	139	1.01544
115	145	0.900571
115	147	0.924338
115	152	0.976589
115	156	0.956902
115	158	0.938175
115	162	0.949001
115	163	0.953669
115	170	0.938095
115	172	0.943457
115	173	0.903987
115	174	0.927783
115	175	0.981151
115	176	0.92429
115	177	0.902169
115	178	0.918783
115	179	0.905692
115	180	0.872566
116	56	1.01524
116	72	0.590593
116	80	0.975163
116	94	1.20494
116	99	1.06358
116	110	1.35153
116	117	1.01376
116	123	1.0338
116	128	1.02544
116	131	1.02497
116	132	1.06124
116	136	1.05431
116	137	1.01627
116	141	1.04778
116	144	1.05127
116	146	1.03238
116	148	1.02988
116	149	0.859561
116	153	1.05097
116	154	1.05161
116	155	1.36689
116	157	1.06755
116	159	1.07048
116	160	1.06087
116	161	1.04572
116	167	1.03403
117	56	0.956892
117	76	0.982337
117	101	0.950333
117	111	0.344053
117	116	1.01376
117	119	1.01716
117	127	0.964822
117	128	0.967087
117	131	0.966623
117	132	1.00289
117	136	0.995957
117	137	0.957922
117	141	0.989434
117	144	0.992922
117	145	0.880259
117	146	0.974026
117	148	0.97153
117	153	0.992622
117	154	0.993262
117	157	1.0092
117	158	1.32336
117	159	1.01213
117	160	1.00253
117	161	0.987369
117	167	0.606927
117	171	1.52762
117	180	3.54734
118	18	1.24175
118	35	0.749787
118	44	0.740924
118	51	0.765049
118	58	1.16768
118	97	1.15174
118	133	1.08732
118	150	1.05057
118	152	1.04616
118	153	0.276575
118	155	1.02814
118	156	1.02648
118	158	1.00775
118	162	1.01858
118	163	1.02324
118	164	1.04715
118	165	1.03731
118	166	1.02811
118	167	1.06141
118	168	1.01198
118	170	1.00767
118	171	1.00915
118	175	1.05073
118	177	0.971744
118	178	0.988357
118	179	0.975267
118	180	0.94214
119	79	1.04573
119	107	0.930609
119	111	0.634254
119	117	1.01716
119	123	1.0372
119	124	0.987954
119	128	1.02884
119	131	1.02838
119	132	1.06464
119	137	1.01968
119	138	0.891607
119	139	0.614981
119	141	1.05119
119	144	1.05468
119	146	1.03578
119	147	2.06598
119	148	1.03329
119	153	1.05438
119	154	1.05502
119	157	1.07095
119	159	1.07389
119	160	1.06428
119	161	1.04912
119	162	1.22814
119	168	1.7518
119	169	0.972242
119	175	1.41578
120	28	2.20693
120	63	3.19307
120	64	0.869027
120	73	0.84673
120	75	0.839583
120	84	0.879418
120	88	0.879061
120	90	0.814773
120	96	0.937584
120	102	0.91275
120	105	0.85244
120	124	0.834299
120	130	0.828458
120	134	0.872385
120	136	0.904057
120	146	0.882126
120	154	0.901362
120	156	0.84469
120	157	0.917296
120	159	0.920232
120	160	0.910625
120	161	0.895469
120	174	0.815571
120	175	0.868939
120	176	0.812077
120	177	0.789957
120	180	0.760353
121	5	0.954743
121	17	1.27757
121	23	1.04636
121	25	0.911445
121	27	1.05104
121	31	1.01928
121	34	1.04916
121	35	1.01811
121	42	0.986792
121	46	1.00321
121	47	1.09025
121	57	1.52235
121	61	1.00303
121	63	1.00282
121	68	1.02644
121	78	1.00729
121	83	0.978942
121	85	0.978378
121	87	0.977786
121	151	0.924155
121	157	0.399695
121	163	0.934661
121	167	0.972825
121	169	0.911791
121	175	0.962143
121	177	0.883161
121	178	0.899775
121	179	0.886684
121	180	0.853557
122	17	1.21398
122	58	1.58417
122	62	0.841714
122	98	0.954768
122	104	1.00041
122	138	0.881908
122	140	1.05732
122	144	0.350449
122	146	0.689121
122	150	1.01274
122	156	0.988646
122	158	0.969919
122	164	1.00932
122	165	0.99948
122	166	0.99028
122	167	1.02358
122	168	0.974146
122	170	0.969839
122	171	0.971317
122	172	0.9752
122	173	0.935731
122	174	0.959527
122	175	1.0129
122	176	0.956034
122	177	0.933913
122	178	0.950526
122	179	0.937436
122	180	0.904309
123	57	0.974247
123	59	0.969187
123	62	1.06958
123	99	1.02527
123	101	0.970373
123	115	0.754467
123	116	1.0338
123	119	1.0372
123	127	0.984861
123	128	0.987127
123	131	0.986662
123	132	1.02293
123	135	0.862244
123	136	1.016
123	137	0.977962
123	141	1.00947
123	144	1.01296
123	146	0.994066
123	148	0.99157
123	153	1.01266
123	154	1.0133
123	157	1.02924
123	159	1.03217
123	160	1.02256
123	161	1.00741
123	164	1.21316
123	165	1.20018
123	170	1.86433
123	179	2.255
124	21	1.90778
124	40	1.24602
124	44	1.36997
124	69	1.00109
124	70	0.915585
124	75	0.902273
124	83	1.27623
124	84	0.942108
124	88	0.941751
124	96	1.00027
124	100	0.978709
124	119	0.987954
124	120	0.834299
124	137	0.928712
124	144	0.963712
124	148	0.94232
124	150	0.931474
124	154	0.964052
124	155	0.90904
124	159	0.982922
124	160	0.973315
124	161	0.958159
124	164	0.928053
124	165	0.918214
124	170	0.888573
124	177	0.852647
124	178	0.86926
124	179	0.85617
124	180	0.823043
125	26	1.06387
125	48	1.2766
125	65	1.04336
125	99	1.04468
125	102	1.04515
125	114	1.00403
125	134	1.0046
125	144	0.672708
125	149	1.03836
125	150	1.001
125	151	0.963166
125	152	0.996591
125	155	0.978565
125	162	0.969003
125	164	0.997577
125	165	0.987739
125	167	1.01184
125	168	0.962404
125	170	0.958097
125	171	0.959576
125	173	0.923989
125	174	0.947786
125	175	1.00115
125	176	0.944292
125	177	0.922171
125	178	0.938785
125	179	0.925695
125	180	0.892568
126	14	1.67284
126	66	0.627228
126	90	0.975094
126	99	0.634638
126	101	0.976866
126	113	0.999013
126	135	1.09667
126	139	1.06354
126	143	1.05997
126	146	0.601337
126	147	0.972446
126	149	1.06647
126	151	0.991272
126	152	1.0247
126	153	0.605279
126	156	1.00501
126	158	0.986284
126	163	1.00178
126	164	1.02568
126	165	1.01585
126	168	0.990511
126	169	0.978908
126	170	0.986204
126	172	0.991565
126	174	0.975892
126	176	0.972398
126	177	0.950278
126	178	0.966891
126	179	0.953801
126	180	0.920674
127	21	0.934552
127	30	0.93327
127	36	1.01645
127	38	1.01645
127	39	1.20546
127	40	1.01169
127	47	0.992661
127	48	0.992405
127	49	0.992152
127	64	0.97034
127	70	0.954209
127	77	0.996979
127	84	0.980731
127	88	0.980375
127	91	1.6202
127	95	0.656759
127	96	1.0389
127	100	1.01733
127	102	1.01406
127	114	1.22825
127	115	0.774003
127	117	0.964822
127	123	0.984861
127	131	0.976036
127	136	1.00537
127	146	0.98344
127	150	1.14113
127	153	1.00203
127	157	1.01861
127	159	1.02155
127	161	0.996782
128	50	0.982237
128	56	0.96857
128	76	0.994015
128	80	0.928492
128	93	0.970039
128	94	1.09703
128	99	1.01691
128	101	0.962012
128	103	0.46654
128	113	1.29915
128	116	1.02544
128	117	0.967087
128	119	1.02884
128	123	0.987127
128	132	1.01456
128	136	1.00764
128	137	0.969601
128	140	0.679155
128	141	1.00111
128	144	1.0046
128	146	0.985705
128	148	0.983209
128	153	1.0043
128	154	1.00494
128	157	1.02087
128	158	1.64256
128	159	1.02381
128	160	1.0142
128	161	0.999047
128	169	0.922165
128	173	2.37075
129	5	1.20437
129	20	1.16502
129	38	0.793682
129	62	0.565274
129	91	1.02869
129	115	1.04733
129	131	0.767849
129	143	1.06316
129	147	0.975636
129	149	1.06966
129	155	1.00986
129	156	1.0082
129	158	0.989474
129	159	0.596023
129	163	1.00497
129	164	1.02887
129	165	1.01904
129	166	1.00983
129	168	0.993701
129	170	0.989394
129	171	0.990872
129	172	0.994755
129	173	0.955286
129	174	0.979082
129	175	1.03245
129	176	0.975588
129	177	0.953468
129	178	0.970081
129	179	0.956991
129	180	0.923864
130	77	1.60879
130	84	2.20077
130	89	0.76055
130	98	0.867661
130	104	0.913307
130	112	0.948355
130	114	0.928664
130	120	0.828458
130	147	0.868974
130	149	0.962994
130	151	0.8878
130	152	0.921225
130	156	0.901539
130	157	1.92666
130	158	0.882812
130	162	0.893638
130	163	0.898305
130	165	0.912373
130	166	0.903172
130	167	0.93647
130	168	0.887039
130	171	0.88421
130	172	0.888093
130	173	0.848624
130	174	0.87242
130	175	0.925788
130	176	0.868926
130	177	0.846806
130	178	0.863419
130	179	0.850329
130	180	0.817202
131	37	0.878048
131	50	0.981773
131	56	0.968106
131	59	0.960362
131	60	0.978569
131	80	0.928028
131	93	0.969575
131	101	0.961548
131	116	1.02497
131	117	0.966623
131	119	1.02838
131	123	0.986662
131	127	0.976036
131	129	0.767849
131	132	1.0141
131	134	1.10036
131	136	1.00717
131	141	1.00065
131	144	1.00414
131	146	0.985241
131	148	0.982745
131	153	1.00384
131	154	1.00448
131	156	1.73987
131	157	1.02041
131	159	1.02335
131	160	1.01374
131	161	0.998583
131	164	1.4582
131	166	1.757
131	169	0.921701
131	172	1.89827
132	20	1.04581
132	57	1.00169
132	59	0.996625
132	76	1.02981
132	80	0.964291
132	93	1.00584
132	99	1.05271
132	101	0.997811
132	104	1.04944
132	106	0.964612
132	116	1.06124
132	117	1.00289
132	119	1.06464
132	123	1.02293
132	128	1.01456
132	131	1.0141
132	137	1.0054
132	141	1.03691
132	144	1.0404
132	145	0.927736
132	148	1.01901
132	150	0.868503
132	153	1.0401
132	154	1.04074
132	155	1.053
132	157	1.05667
132	159	1.05961
132	160	1.05
132	161	1.03485
132	163	1.1669
132	171	1.64083
132	179	2.00191
133	14	1.54287
133	49	1.21473
133	74	0.991469
133	75	1.46771
133	76	0.601691
133	85	0.781525
133	92	1.00275
133	106	1.03909
133	115	1.01775
133	118	1.08732
133	134	1.00631
133	140	1.0473
133	147	0.946053
133	149	1.04007
133	151	0.964879
133	155	0.980278
133	156	0.978618
133	158	0.959891
133	162	0.970717
133	163	0.975384
133	166	0.980251
133	167	1.01355
133	168	0.964118
133	170	0.959811
133	171	0.961289
133	172	0.965172
133	173	0.925703
133	174	0.949499
133	176	0.946005
133	177	0.923885
133	178	0.940498
133	179	0.927408
133	180	0.894281
134	7	0.825948
134	29	0.995004
134	49	1.48856
134	75	1.74153
134	108	0.879463
134	109	0.992301
134	120	0.872385
134	125	1.0046
134	131	1.10036
134	133	1.00631
134	137	0.822336
134	140	1.01414
134	146	0.745195
134	147	0.912901
134	149	1.00692
134	150	0.96956
134	162	0.937565
134	163	0.942232
134	164	0.966139
134	165	0.9563
134	166	0.947099
134	167	0.980397
134	168	0.930966
134	170	0.926659
134	171	0.928137
134	172	0.93202
134	173	0.892551
134	174	0.916347
134	175	0.969715
134	176	0.912853
134	177	0.890733
134	178	0.907346
134	179	0.894256
134	180	0.861129
135	54	0.584104
135	69	0.964069
135	87	1.18702
135	96	0.611973
135	105	1.01718
135	109	1.05626
135	113	1.00343
135	123	0.862244
135	126	1.09667
135	139	1.06796
135	143	1.06438
135	147	0.976861
135	150	1.03352
135	155	1.01109
135	156	1.00943
135	159	0.935459
135	160	0.750597
135	162	1.00152
135	163	1.00619
135	164	1.0301
135	165	1.02026
135	167	1.04436
135	168	0.994926
135	170	0.990619
135	171	0.992097
135	172	0.99598
135	173	0.956511
135	174	0.980307
135	175	1.03367
135	176	0.976813
135	177	0.954693
135	178	0.971306
135	179	0.958216
135	180	0.925089
136	20	1.03888
136	57	0.994756
136	59	0.989696
136	80	0.957363
136	92	1.14553
136	99	1.04578
136	101	0.990882
136	109	0.565433
136	116	1.05431
136	117	0.995957
136	120	0.904057
136	123	1.016
136	127	1.00537
136	128	1.00764
136	131	1.00717
136	137	0.998471
136	141	1.02998
136	142	0.959665
136	144	1.03347
136	145	0.920807
136	146	1.01458
136	148	1.01208
136	153	1.03317
136	154	1.03381
136	156	1.18391
136	157	1.04974
136	158	1.37874
136	159	1.05268
136	160	1.04307
136	161	1.02792
136	166	1.20103
136	169	0.951036
136	173	2.10693
136	176	1.57579
137	50	0.973072
137	56	0.959405
137	57	0.956721
137	79	0.986491
137	82	0.973919
137	89	0.798114
137	93	0.960874
137	97	0.525215
137	101	0.952847
137	116	1.01627
137	117	0.957922
137	119	1.01968
137	123	0.977962
137	124	0.928712
137	128	0.969601
137	132	1.0054
137	134	0.822336
137	136	0.998471
137	141	0.991948
137	144	0.995436
137	145	0.882772
137	146	0.97654
137	148	0.974044
137	152	1.36996
137	153	0.995135
137	154	0.995776
137	157	1.01171
137	159	1.01465
137	160	1.00504
137	161	0.989883
137	169	0.913001
137	172	1.62025
137	176	1.85373
137	177	2.5355
138	1	0.947014
138	8	0.992088
138	16	3.01703
138	19	0.90425
138	32	0.885779
138	44	0.887381
138	54	0.942433
138	58	0.8374
138	68	3.38297
138	71	0.809501
138	74	0.881482
138	119	0.891607
138	122	0.881908
138	140	0.87971
138	141	0.863877
138	142	0.793559
138	144	0.867365
138	152	0.830719
