1	3	0.806168
1	6	0.915339
1	13	0.803975
1	28	0.79012
1	32	0.889316
1	40	0.859405
1	49	0.859427
1	50	0.859567
1	119	1.01447
1	133	0.870513
1	153	0.784823
1	178	5.02526
2	56	0.952488
2	63	0.864814
2	68	0.932021
2	75	0.915877
2	80	0.971029
2	85	0.956518
2	119	1.14534
2	133	0.975807
2	159	0.918438
2	164	4.57365
2	165	2.57272
2	174	0.919827
3	1	0.806168
3	6	0.914301
3	13	0.802937
3	28	0.789082
3	32	0.888278
3	40	0.858367
3	49	0.858389
3	50	0.858529
3	133	0.869475
3	141	1.74735
3	149	4.1869
3	153	0.783785
4	15	0.90107
4	24	1.33163
4	29	0.88591
4	30	0.88845
4	59	0.930212
4	65	0.92651
4	72	0.9151
4	76	0.983989
4	78	1.04568
4	120	0.928874
4	124	2.03809
4	172	4.02428
5	29	0.865508
5	30	0.868047
5	36	0.952333
5	41	0.936781
5	65	0.906107
5	70	0.991655
5	72	0.894697
5	76	0.963586
5	78	1.02528
5	111	1.69772
5	154	2.21194
5	164	4.21741
6	1	0.915339
6	3	0.914301
6	13	0.912108
6	28	0.898253
6	40	0.967538
6	49	0.967561
6	50	0.9677
6	132	2.27034
6	133	0.978646
6	145	2.40733
6	153	0.892956
6	156	2.03283
7	44	0.746883
7	53	0.741234
7	67	0.715771
7	86	0.745564
7	88	5.4
7	94	0.722045
7	99	0.768698
7	101	0.712075
7	106	0.752641
7	138	1.81784
7	147	0.683672
7	171	4.43688
8	9	0.924699
8	63	0.865121
8	75	0.916184
8	80	0.971336
8	85	0.956824
8	113	0.956223
8	128	2.11731
8	133	0.976114
8	147	2.11081
8	153	2.97692
8	159	0.918745
8	174	0.920134
9	8	0.924699
9	35	0.812729
9	56	0.859087
9	63	0.771413
9	68	0.83862
9	75	0.822476
9	80	0.877628
9	85	0.863116
9	129	1.80473
9	131	4.51716
9	159	0.825037
9	174	0.826426
10	42	0.520035
10	79	1.21763
10	116	0.859614
10	145	0.906971
10	164	0.845306
10	166	0.83534
10	171	0.80396
10	175	0.836364
10	177	0.840869
10	178	0.841488
10	179	0.809028
10	180	0.817797
11	16	0.919553
11	21	0.904826
11	25	0.995239
11	26	0.903253
11	31	0.902925
11	37	0.90284
11	38	0.972953
11	39	0.973194
11	113	0.959786
11	117	1.787
11	150	2.74496
11	177	3.15427
12	62	0.823587
12	67	0.834317
12	86	0.86411
12	94	0.840591
12	99	0.887244
12	101	0.830621
12	104	0.868192
12	106	0.871187
12	138	0.772181
12	147	0.802218
12	148	1.63522
12	157	4.28848
13	1	0.803975
13	3	0.802937
13	6	0.912108
13	28	0.786889
13	32	0.886085
13	40	0.856174
13	49	0.856196
13	50	0.856336
13	133	0.867282
13	152	1.44583
13	153	0.781592
13	176	4.60552
14	24	0.936572
14	138	2.56579
14	142	0.796233
14	149	0.741999
14	160	0.744199
14	169	0.749193
14	172	0.751456
14	175	0.734223
14	176	0.732247
14	177	0.738728
14	178	0.739346
14	180	0.715656
15	4	0.90107
15	30	0.764227
15	36	0.848512
15	59	0.805989
15	65	0.802287
15	70	0.887834
15	72	0.790877
15	76	0.859766
15	78	0.921461
15	120	0.804651
15	121	3.0534
15	129	2.91134
16	11	0.919553
16	21	0.798845
16	25	0.889258
16	26	0.797272
16	31	0.796944
16	37	0.796859
16	38	0.866972
16	39	0.867212
16	93	0.837414
16	113	0.853805
16	119	0.948417
16	139	4.23767
17	102	3.05212
17	108	0.816801
17	140	0.840987
17	148	0.814105
17	155	0.75738
17	163	0.75196
17	173	0.729618
17	175	0.736256
17	176	0.734281
17	177	0.740761
17	178	0.74138
17	179	0.70892
17	180	0.71769
18	69	2.74165
18	155	0.775355
18	162	0.771844
18	164	0.763174
18	166	0.753208
18	168	0.770621
18	172	0.771465
18	173	0.747594
18	175	0.754232
18	176	0.752256
18	177	0.758737
18	179	0.726895
18	180	0.735665
19	92	2.76847
19	98	0.836138
19	136	0.840048
19	167	0.72138
19	170	0.750319
19	171	0.718085
19	172	0.767722
19	173	0.743851
19	176	0.748513
19	177	0.754994
19	178	0.755612
19	179	0.723153
19	180	0.731922
20	23	0.859366
20	34	0.821013
20	74	0.854139
20	77	0.79774
20	94	0.82282
20	99	0.869473
20	101	0.81285
20	106	0.853417
20	118	0.866283
20	138	0.754411
20	147	0.784447
20	159	1.88403
20	169	4.27014
21	11	0.904826
21	16	0.798845
21	25	0.874532
21	26	0.782546
21	31	0.782217
21	37	0.782132
21	38	0.852245
21	39	0.852486
21	64	0.82484
21	93	0.822688
21	113	0.839078
21	117	4.05088
21	140	2.68059
22	60	0.840954
22	79	0.813498
22	82	0.817129
22	84	0.872347
22	87	0.851742
22	103	0.827867
22	114	0.884522
22	123	0.865138
22	125	0.865168
22	148	1.3549
22	150	0.778619
22	151	0.722301
22	165	4.49662
23	20	0.859366
23	27	0.949307
23	62	0.890894
23	74	0.939217
23	94	0.907898
23	99	0.954551
23	101	0.897928
23	104	0.935499
23	106	0.938494
23	110	1.7869
23	122	1.95661
23	138	0.839488
23	143	3.36725
24	4	1.33163
24	14	0.936572
24	80	0.631374
24	133	0.976079
24	164	0.922236
24	170	0.913124
24	171	0.88089
24	173	0.906656
24	175	0.913294
24	177	0.917799
24	178	0.918417
24	179	0.885958
24	180	0.894727
25	11	0.995239
25	16	0.889258
25	21	0.874532
25	26	0.872959
25	31	0.87263
25	37	0.872545
25	38	0.942658
25	39	0.942899
25	93	0.913101
25	111	1.64888
25	113	0.929492
25	134	1.50383
25	146	4.24161
26	11	0.903253
26	16	0.797272
26	21	0.782546
26	25	0.872959
26	31	0.780644
26	37	0.780559
26	38	0.850672
26	39	0.850913
26	64	0.823267
26	93	0.821115
26	113	0.837506
26	143	3.80772
26	148	1.99313
27	23	0.949307
27	44	0.937599
27	62	0.895757
27	74	0.94408
27	77	0.887681
27	86	0.936281
27	101	0.902791
27	104	0.940362
27	116	3.74775
27	138	0.844351
27	147	0.874388
27	150	2.64701
27	156	1.78364
28	1	0.79012
28	3	0.789082
28	6	0.898253
28	13	0.786889
28	32	0.87223
28	40	0.842319
28	49	0.842342
28	50	0.842481
28	64	0.819298
28	119	0.969276
28	133	0.853427
28	141	4.37649
28	153	0.767737
29	4	0.88591
29	5	0.865508
29	30	0.749068
29	41	0.817801
29	59	0.79083
29	65	0.787127
29	70	0.872675
29	72	0.775718
29	76	0.844606
29	78	0.906302
29	120	0.789492
29	172	1.73726
29	173	4.75059
30	4	0.88845
30	5	0.868047
30	15	0.764227
30	29	0.749068
30	41	0.820341
30	59	0.79337
30	65	0.789667
30	70	0.875215
30	72	0.778257
30	76	0.847146
30	78	0.908842
30	156	3.05503
30	159	2.79347
31	11	0.902925
31	16	0.796944
31	21	0.782217
31	25	0.87263
31	26	0.780644
31	37	0.780231
31	38	0.850344
31	39	0.850585
31	64	0.822939
31	93	0.820787
31	113	0.837177
31	170	3.15047
31	173	3.81547
32	1	0.889316
32	3	0.888278
32	13	0.886085
32	28	0.87223
32	40	0.941515
32	49	0.941538
32	50	0.941677
32	64	0.918494
32	133	0.952623
32	153	0.866933
32	157	1.97755
32	173	5.19576
32	174	1.82405
33	35	0.886819
33	56	0.933178
33	63	0.845503
33	68	0.91271
33	75	0.896566
33	80	0.951719
33	83	1.80339
33	85	0.937207
33	130	1.03404
33	133	0.956496
33	159	0.899128
33	174	0.900517
33	178	4.34631
34	20	0.821013
34	60	0.328732
34	64	1.53595
34	67	0.863272
34	99	0.916198
34	101	0.859575
34	104	0.897146
34	158	0.824629
34	160	0.799318
34	166	0.788317
34	176	0.787365
34	179	0.762005
34	180	0.770774
35	9	0.812729
35	33	0.886819
35	56	0.840825
35	63	0.75315
35	69	0.825212
35	75	0.804214
35	80	0.859366
35	85	0.844854
35	133	0.864144
35	153	1.86421
35	159	0.806775
35	174	0.808164
35	180	4.80415
36	5	0.952333
36	15	0.848512
36	41	0.904626
36	59	0.877655
36	65	0.873952
36	70	0.9595
36	72	0.862542
36	76	0.931431
36	78	0.993127
36	120	0.876316
36	135	1.6076
36	147	1.70688
36	166	4.09341
37	11	0.90284
37	16	0.796859
37	21	0.782132
37	25	0.872545
37	26	0.780559
37	31	0.780231
37	38	0.850259
37	39	0.850499
37	64	0.822854
37	93	0.820701
37	113	0.837092
37	161	7.19668
37	162	3.38023
38	11	0.972953
38	16	0.866972
38	21	0.852245
38	25	0.942658
38	26	0.850672
38	31	0.850344
38	37	0.850259
38	39	0.920613
38	64	0.892967
38	93	0.890815
38	113	0.907205
38	144	1.83958
38	174	1.82256
38	177	3.94796
39	11	0.973194
39	16	0.867212
39	21	0.852486
39	25	0.942899
39	26	0.850913
39	31	0.850585
39	37	0.850499
39	38	0.920613
39	64	0.893208
39	81	2.29806
39	93	0.891055
39	113	0.907446
39	119	1.12821
39	177	4.30145
40	1	0.859405
40	3	0.858367
40	6	0.967538
40	13	0.856174
40	28	0.842319
40	32	0.941515
40	49	0.911627
40	50	0.911766
40	64	0.888583
40	132	2.09777
40	133	0.922712
40	136	2.14422
40	153	0.837022
40	180	5.6777
41	5	0.936781
41	29	0.817801
41	30	0.820341
41	36	0.904626
41	53	0.899402
41	59	0.862103
41	70	0.943948
41	72	0.84699
41	76	0.915879
41	78	0.977575
41	120	0.860764
41	140	1.60572
41	141	2.79278
41	158	3.06808
42	10	0.520035
42	45	0.828086
42	46	0.901414
42	58	0.880694
42	89	0.89373
42	91	0.894099
42	92	0.955722
42	95	0.883914
42	97	0.927918
42	100	0.928147
42	109	2.97657
42	138	0.82283
42	148	0.888884
42	174	2.81274
43	47	0.826204
43	54	0.827252
43	55	0.815012
43	89	0.811204
43	91	0.811572
43	92	0.873195
43	93	0.803665
43	95	0.801387
43	97	0.845391
43	100	0.84562
43	109	2.75212
43	138	0.740303
43	148	0.806357
43	168	3.6664
44	7	0.746883
44	27	0.937599
44	67	0.889917
44	74	0.92751
44	86	0.919711
44	94	0.896191
44	99	0.942844
44	104	0.923792
44	106	0.926787
44	110	1.72661
44	138	0.827781
44	145	3.16818
44	147	0.857818
44	159	2.53213
45	42	0.828086
45	47	0.825691
45	55	0.814499
45	58	0.797655
45	89	0.810691
45	91	0.811059
45	92	0.872682
45	95	0.800874
45	97	0.844878
45	100	0.845107
45	138	0.73979
45	148	0.805844
45	172	3.90178
45	174	2.44689
46	42	0.901414
46	47	0.899018
46	58	0.870982
46	89	0.884018
46	91	0.884386
46	92	0.946009
46	95	0.874202
46	97	0.918205
46	100	0.918434
46	137	3.76171
46	138	0.813117
46	142	3.31602
46	148	0.879171
46	167	8.2858
47	43	0.826204
47	45	0.825691
47	46	0.899018
47	69	0.881146
47	89	0.891335
47	91	0.891704
47	92	0.953326
47	95	0.881519
47	97	0.925523
47	98	1.34659
47	100	0.925752
47	134	1.97399
47	148	0.886489
47	153	4.01101
48	75	1.53986
48	103	0.641746
48	111	0.913096
48	131	0.84772
48	146	0.81563
48	149	0.811851
48	166	0.803051
48	169	0.819046
48	170	0.803906
48	175	0.804075
48	176	0.8021
48	177	0.808581
48	179	0.776739
48	180	0.785509
49	1	0.859427
49	3	0.858389
49	6	0.967561
49	13	0.856196
49	28	0.842342
49	32	0.941538
49	40	0.911627
49	50	0.911788
49	64	0.888605
49	129	1.36326
49	132	1.91061
49	133	0.922735
49	153	0.837045
49	176	4.53272
50	1	0.859567
50	3	0.858529
50	6	0.9677
50	13	0.856336
50	28	0.842481
50	32	0.941677
50	40	0.911766
50	49	0.911788
50	64	0.888745
50	133	0.922874
50	153	0.837184
50	169	3.38737
50	171	7.60708
50	172	2.81964
51	60	0.880796
51	84	0.912189
51	90	0.882709
51	96	0.878579
51	102	0.869919
51	114	0.924364
51	118	0.920642
51	120	0.85773
51	123	0.90498
51	125	0.905009
51	150	0.818461
51	151	0.762142
51	163	1.64964
51	170	3.10364
51	180	4.12352
52	105	0.817699
52	115	0.726272
52	138	3.46579
52	143	0.783428
52	152	0.82283
52	162	0.746117
52	169	0.743475
52	172	0.745738
52	173	0.721867
52	174	0.783963
52	175	0.728505
52	176	0.726529
52	178	0.733628
52	179	0.701168
52	180	0.709938
53	7	0.741234
53	41	0.899402
53	59	0.872431
53	65	0.868729
53	72	0.857319
53	76	0.926208
53	77	0.865462
53	101	0.880572
53	104	0.918143
53	106	0.921138
53	120	0.871093
53	142	1.18958
53	147	0.852169
53	166	4.12918
53	178	2.68305
54	43	0.827252
54	55	0.896191
54	58	0.879347
54	89	0.892383
54	91	0.892751
54	92	0.954374
54	95	0.882566
54	97	0.92657
54	98	2.57818
54	100	0.926799
54	127	2.28398
54	130	2.00462
54	138	0.821482
54	148	0.887536
55	43	0.815012
55	45	0.814499
55	54	0.896191
55	58	0.867107
55	89	0.880143
55	91	0.880511
55	92	0.942134
55	95	0.870327
55	97	0.91433
55	100	0.914559
55	127	2.33558
55	130	2.05622
55	138	0.809242
55	148	0.875296
55	152	3.00903
56	2	0.952488
56	9	0.859087
56	33	0.933178
56	35	0.840825
56	63	0.799509
56	68	0.866716
56	75	0.850572
56	85	0.891212
56	107	2.83224
56	109	1.17131
56	113	0.890611
56	133	0.910502
56	159	0.853133
56	164	4.74688
56	174	0.854522
57	60	0.867213
57	61	0.863026
57	71	0.859039
57	73	0.855181
57	79	0.839757
57	84	0.898606
57	96	0.864996
57	102	0.856336
57	103	0.854126
57	114	0.910781
57	123	0.891397
57	125	0.891426
57	146	3.03486
57	150	0.804878
57	162	2.91106
57	178	2.40839
58	42	0.880694
58	45	0.797655
58	46	0.870982
58	54	0.879347
58	55	0.867107
58	89	0.863299
58	91	0.863667
58	93	0.85576
58	95	0.853482
58	97	0.897486
58	100	0.897715
58	136	2.11233
58	138	0.792398
58	148	0.858452
58	152	1.52829
58	175	4.61532
59	4	0.930212
59	15	0.805989
59	29	0.79083
59	30	0.79337
59	36	0.877655
59	41	0.862103
59	53	0.872431
59	65	0.831429
59	70	0.916977
59	72	0.820019
59	76	0.888908
59	78	0.950604
59	120	0.833793
59	135	1.09626
59	176	3.99815
59	177	3.36587
60	22	0.840954
60	34	0.328732
60	51	0.880796
60	57	0.867213
60	87	0.889374
60	90	0.880499
60	96	0.876369
60	114	0.922154
60	120	0.85552
60	123	0.90277
60	125	0.902799
60	141	0.811199
60	142	2.46644
60	150	0.816251
60	151	0.759932
60	163	4.35168
61	57	0.863026
61	73	0.862367
61	79	0.846943
61	84	0.905792
61	90	0.876312
61	96	0.872182
61	102	0.863522
61	103	0.861312
61	114	0.917967
61	123	0.898583
61	125	0.898613
61	134	2.53299
61	141	0.807012
61	147	2.22258
61	151	0.755746
61	179	8.17167
62	12	0.823587
62	23	0.890894
62	27	0.895757
62	77	0.829269
62	86	0.877868
62	94	0.854349
62	99	0.901001
62	101	0.844379
62	104	0.881949
62	106	0.884945
62	118	0.897811
62	138	0.785939
62	147	0.815976
62	148	2.24692
62	167	9.7142
62	173	3.00582
63	2	0.864814
63	8	0.865121
63	9	0.771413
63	33	0.845503
63	35	0.75315
63	56	0.799509
63	68	0.779041
63	69	0.783896
63	75	0.762897
63	80	0.81805
63	85	0.803538
63	115	7.5
63	119	2.59429
63	133	0.822827
63	159	0.765458
63	174	0.766847
64	21	0.82484
64	26	0.823267
64	28	0.819298
64	31	0.822939
64	32	0.918494
64	34	1.53595
64	37	0.822854
64	38	0.892967
64	39	0.893208
64	40	0.888583
64	49	0.888605
64	50	0.888745
64	133	0.899691
64	148	1.80644
64	153	0.814001
64	174	3.20969
65	4	0.92651
65	5	0.906107
65	15	0.802287
65	29	0.787127
65	30	0.789667
65	36	0.873952
65	53	0.868729
65	59	0.831429
65	70	0.913274
65	72	0.816317
65	76	0.885206
65	78	0.946901
65	120	0.830091
65	154	2.16639
65	160	3.68603
65	175	3.11747
66	92	0.849511
66	106	1.29429
66	121	0.881184
66	139	0.82724
66	145	0.85697
66	149	0.794139
66	152	0.880689
66	167	0.757255
66	171	0.75396
66	172	0.803597
66	173	0.779726
66	174	0.841822
66	176	0.784388
66	179	0.759027
66	180	0.767797
67	7	0.715771
67	12	0.834317
67	34	0.863272
67	44	0.889917
67	77	0.839999
67	86	0.888599
67	94	0.865079
67	99	0.911732
67	101	0.855109
67	104	0.89268
67	106	0.895675
67	118	0.908542
67	130	1.48863
67	147	0.826706
67	150	3.67803
67	165	3.70041
68	2	0.932021
68	9	0.83862
68	33	0.91271
68	56	0.866716
68	63	0.779041
68	69	0.851103
68	75	0.830104
68	80	0.885257
68	85	0.870745
68	113	0.870143
68	122	1.51298
68	133	0.890034
68	139	2.96922
68	159	0.832666
68	168	3.5904
68	174	0.834055
69	18	2.74165
69	35	0.825212
69	47	0.881146
69	63	0.783896
69	68	0.851103
69	80	0.890111
69	85	0.875599
69	91	0.866514
69	95	0.856329
69	97	0.900333
69	100	0.900562
69	135	1.3047
69	148	0.861299
69	154	3.18284
69	159	0.83752
69	174	0.838909
70	5	0.991655
70	15	0.887834
70	29	0.872675
70	30	0.875215
70	36	0.9595
70	41	0.943948
70	59	0.916977
70	65	0.913274
70	72	0.901864
70	76	0.970753
70	78	1.03245
70	120	0.915638
70	140	2.19633
70	141	3.38339
70	161	7.50332
70	179	4.30865
71	57	0.859039
71	73	0.85838
71	79	0.842955
71	82	0.846585
71	87	0.881199
71	96	0.868194
71	103	0.857324
71	114	0.913979
71	118	0.910258
71	123	0.894595
71	124	2.50115
71	125	0.894625
71	129	2.62067
71	141	0.803024
71	144	3.04947
71	150	0.808076
72	4	0.9151
72	5	0.894697
72	15	0.790877
72	29	0.775718
72	30	0.778257
72	36	0.862542
72	41	0.84699
72	53	0.857319
72	59	0.820019
72	65	0.816317
72	70	0.901864
72	76	0.873796
72	78	0.935492
72	120	0.818681
72	126	1.26218
72	128	3.18864
72	165	3.90356
73	57	0.855181
73	61	0.862367
73	71	0.85838
73	79	0.839097
73	82	0.842728
73	87	0.877342
73	102	0.855677
73	103	0.853467
73	114	0.910122
73	120	0.843489
73	121	1.65782
73	123	0.890738
73	125	0.890767
73	141	0.799167
73	151	0.7479
73	168	3.00565
73	178	3.88499
74	20	0.854139
74	23	0.939217
74	27	0.94408
74	44	0.92751
74	77	0.877591
74	86	0.926191
74	94	0.902672
74	99	0.949324
74	101	0.892701
74	104	0.930272
74	106	0.933268
74	116	3.75225
74	118	0.946134
74	131	3.23607
74	139	1.39236
74	147	0.864298
74	157	2.18543
75	2	0.915877
75	8	0.916184
75	9	0.822476
75	33	0.896566
75	35	0.804214
75	48	1.53986
75	56	0.850572
75	63	0.762897
75	68	0.830104
75	80	0.869113
75	85	0.854601
75	113	0.854
75	130	1.69438
75	133	0.873891
75	158	3.8994
75	159	0.816522
75	174	0.817911
76	4	0.983989
76	5	0.963586
76	15	0.859766
76	29	0.844606
76	30	0.847146
76	36	0.931431
76	41	0.915879
76	53	0.926208
76	59	0.888908
76	65	0.885206
76	70	0.970753
76	72	0.873796
76	78	1.00438
76	121	1.513
76	145	2.05529
76	147	2.79977
76	154	3.51666
77	20	0.79774
77	27	0.887681
77	53	0.865462
77	62	0.829269
77	67	0.839999
77	74	0.877591
77	86	0.869792
77	94	0.846273
77	99	0.892925
77	101	0.836303
77	104	0.873873
77	106	0.876869
77	137	2.34084
77	138	0.777863
77	144	1.4482
77	147	0.807899
77	170	5.23439
78	4	1.04568
78	5	1.02528
78	15	0.921461
78	29	0.906302
78	30	0.908842
78	36	0.993127
78	41	0.977575
78	59	0.950604
78	65	0.946901
78	70	1.03245
78	72	0.935492
78	76	1.00438
78	108	2.10236
78	120	0.949265
78	148	1.95914
78	155	2.1416
78	164	2.26369
78	171	8.65604
79	10	1.21763
79	22	0.813498
79	57	0.839757
79	61	0.846943
79	71	0.842955
79	73	0.839097
79	84	0.882522
79	90	0.853042
79	96	0.848912
79	102	0.840252
79	103	0.838042
79	114	0.894697
79	123	0.875313
79	125	0.875343
79	126	2.60742
79	150	0.788794
79	151	0.732476
79	156	3.4084
80	2	0.971029
80	8	0.971336
80	9	0.877628
80	24	0.631374
80	33	0.951719
80	35	0.859366
80	63	0.81805
80	68	0.885257
80	69	0.890111
80	75	0.869113
80	85	0.909753
80	113	0.909152
80	133	0.929043
80	159	0.871674
80	174	0.873063
80	175	2.72349
80	177	2.16387
80	180	4.86157
81	39	2.29806
81	83	0.893681
81	93	1.96163
81	129	0.849797
81	141	0.791584
81	149	0.782927
81	160	0.785127
81	162	0.792763
81	166	0.774127
81	167	0.746042
81	169	0.790121
81	171	0.742747
81	172	0.792384
81	176	0.773175
81	177	0.779656
81	178	0.780274
81	179	0.747814
81	180	0.756584
82	22	0.817129
82	71	0.846585
82	73	0.842728
82	84	0.886153
82	87	0.865548
82	90	0.856673
82	96	0.852543
82	102	0.843883
82	114	0.898328
82	120	0.831694
82	123	0.878944
82	125	0.878973
82	137	3.49745
82	141	0.787373
82	144	2.60481
82	150	0.792425
82	151	0.736106
82	174	2.58779
83	33	1.80339
83	81	0.893681
83	94	0.573471
83	116	0.852725
83	123	0.402753
83	140	0.934206
83	161	0.813005
83	162	0.847087
83	168	0.845864
83	169	0.844446
83	171	0.797071
83	173	0.822837
83	175	0.829475
83	176	0.827499
83	177	0.83398
83	178	0.834599
83	179	0.802139
83	180	0.810908
84	22	0.872347
84	51	0.912189
84	57	0.898606
84	61	0.905792
84	79	0.882522
84	82	0.886153
84	90	0.911892
84	102	0.899102
84	103	0.896892
84	120	0.886913
84	123	0.934163
84	125	0.934192
84	141	0.842592
84	145	2.04427
84	150	0.847644
84	151	0.791325
84	152	1.36969
84	158	2.62191
84	162	4.23182
85	2	0.956518
85	8	0.956824
85	9	0.863116
85	33	0.937207
85	35	0.844854
85	56	0.891212
85	63	0.803538
85	68	0.870745
85	69	0.875599
85	75	0.854601
85	80	0.909753
85	111	1.7193
85	113	0.89464
85	133	0.914531
85	149	3.49233
85	159	0.857162
85	169	2.5005
85	174	0.858551
85	176	3.23556
86	7	0.745564
86	12	0.86411
86	27	0.936281
86	44	0.919711
86	62	0.877868
86	67	0.888599
86	74	0.926191
86	77	0.869792
86	94	0.894872
86	99	0.941525
86	101	0.884902
86	104	0.922473
86	106	0.925468
86	135	1.84762
86	138	0.826462
86	140	1.27669
86	147	0.856499
86	160	3.91772
86	173	5.13236
87	22	0.851742
87	60	0.889374
87	71	0.881199
87	73	0.877342
87	82	0.865548
87	90	0.891287
87	96	0.887157
87	102	0.878497
87	103	0.876287
87	114	0.932942
87	118	0.92922
87	123	0.913558
87	124	1.07502
87	125	0.913587
87	132	1.7419
87	141	0.821987
87	149	4.62077
87	150	0.827039
87	151	0.77072
87	172	3.06121
88	7	5.4
88	158	0.775938
88	160	0.750628
88	161	0.724181
88	165	0.747981
88	167	0.711542
88	168	0.75704
88	169	0.755622
88	170	0.740481
88	171	0.708247
88	172	0.757884
88	173	0.734013
88	175	0.740651
88	176	0.738675
88	177	0.745156
88	178	0.745775
88	179	0.713315
88	180	0.722084
89	42	0.89373
89	43	0.811204
89	45	0.810691
89	46	0.884018
89	47	0.891335
89	54	0.892383
89	55	0.880143
89	58	0.863299
89	91	0.876703
89	92	0.938326
89	93	0.868796
89	95	0.866518
89	97	0.910522
89	100	0.910751
89	112	2.04526
89	138	0.805434
89	148	0.871488
89	160	3.7713
89	162	2.97784
89	176	3.27541
90	51	0.882709
90	60	0.880499
90	61	0.876312
90	79	0.853042
90	82	0.856673
90	84	0.911892
90	87	0.891287
90	96	0.878282
90	102	0.869622
90	103	0.867412
90	114	0.924067
90	118	0.920345
90	123	0.904683
90	125	0.904712
90	126	1.31835
90	150	0.818164
90	151	0.761845
90	168	2.24539
90	175	3.8523
90	178	3.12472
91	42	0.894099
91	43	0.811572
91	45	0.811059
91	46	0.884386
91	47	0.891704
91	54	0.892751
91	55	0.880511
91	58	0.863667
91	69	0.866514
91	89	0.876703
91	92	0.938694
91	95	0.866887
91	97	0.91089
91	100	0.911119
91	105	2.40427
91	122	1.29837
91	135	2.15345
91	138	0.805802
91	148	0.871856
91	155	4.49171
92	19	2.76847
92	42	0.955722
92	43	0.873195
92	45	0.872682
92	46	0.946009
92	47	0.953326
92	54	0.954374
92	55	0.942134
92	66	0.849511
92	89	0.938326
92	91	0.938694
92	93	0.930787
92	95	0.928509
92	97	0.972513
92	100	0.972742
92	138	0.867425
92	145	1.4424
92	148	0.933479
92	174	1.16984
92	178	3.12728
93	16	0.837414
93	21	0.822688
93	25	0.913101
93	26	0.821115
93	31	0.820787
93	37	0.820701
93	38	0.890815
93	39	0.891055
93	43	0.803665
93	58	0.85576
93	81	1.96163
93	89	0.868796
93	92	0.930787
93	95	0.858979
93	97	0.902983
93	100	0.903212
93	105	1.94623
93	113	0.877648
93	146	4.42354
93	148	0.863949
93	152	1.43761
94	7	0.722045
94	12	0.840591
94	20	0.82282
94	23	0.907898
94	44	0.896191
94	62	0.854349
94	67	0.865079
94	74	0.902672
94	77	0.846273
94	83	0.573471
94	86	0.894872
94	99	0.918005
94	101	0.861383
94	104	0.898953
94	106	0.901949
94	118	0.914815
94	138	0.802943
94	143	1.57029
94	147	0.832979
94	169	3.18156
94	170	4.96216
95	42	0.883914
95	43	0.801387
95	45	0.800874
95	46	0.874202
95	47	0.881519
95	54	0.882566
95	55	0.870327
95	58	0.853482
95	69	0.856329
95	89	0.866518
95	91	0.866887
95	92	0.928509
95	93	0.858979
95	97	0.900706
95	100	0.900935
95	122	1.95556
95	127	1.8794
95	138	0.795618
95	148	0.861672
95	159	2.59137
95	168	4.03298
96	51	0.878579
96	57	0.864996
96	60	0.876369
96	61	0.872182
96	71	0.868194
96	79	0.848912
96	82	0.852543
96	87	0.887157
96	90	0.878282
96	102	0.865492
96	103	0.863282
96	105	2.54951
96	111	2.4341
96	114	0.919937
96	120	0.853303
96	123	0.900553
96	125	0.900582
96	141	0.808982
96	147	3.45996
96	151	0.757715
96	156	2.34098
97	42	0.927918
97	43	0.845391
97	45	0.844878
97	46	0.918205
97	47	0.925523
97	54	0.92657
97	55	0.91433
97	58	0.897486
97	69	0.900333
97	89	0.910522
97	91	0.91089
97	92	0.972513
97	93	0.902983
97	95	0.900706
97	100	0.944938
97	138	0.839621
97	148	0.905676
97	152	1.60514
97	153	2.84786
97	155	3.15874
97	158	1.8149
97	177	3.0901
98	19	0.836138
98	47	1.34659
98	54	2.57818
98	102	1.52735
98	127	0.910175
98	132	0.886991
98	146	0.808148
98	152	0.890919
98	155	0.817717
98	160	0.80657
98	162	0.814206
98	166	0.795569
98	170	0.796424
98	171	0.764189
98	172	0.813827
98	175	0.796594
98	176	0.794618
98	177	0.801099
98	178	0.801717
98	179	0.769257
98	180	0.778027
99	7	0.768698
99	12	0.887244
99	20	0.869473
99	23	0.954551
99	34	0.916198
99	44	0.942844
99	62	0.901001
99	67	0.911732
99	74	0.949324
99	77	0.892925
99	86	0.941525
99	94	0.918005
99	101	0.908035
99	104	0.945606
99	106	0.948602
99	127	0.967881
99	136	1.15341
99	138	0.849596
99	147	0.879632
99	160	4.22495
99	163	3.3206
99	169	2.994
100	42	0.928147
100	43	0.84562
100	45	0.845107
100	46	0.918434
100	47	0.925752
100	54	0.926799
100	55	0.914559
100	58	0.897715
100	69	0.900562
100	89	0.910751
100	91	0.911119
100	92	0.972742
100	93	0.903212
100	95	0.900935
100	97	0.944938
100	108	2.57587
100	121	1.87578
100	138	0.83985
100	148	0.905904
100	152	1.74349
100	157	3.39552
100	158	2.99571
101	7	0.712075
101	12	0.830621
101	20	0.81285
101	23	0.897928
101	27	0.902791
101	34	0.859575
101	53	0.880572
101	62	0.844379
101	67	0.855109
101	74	0.892701
101	77	0.836303
101	86	0.884902
101	94	0.861383
101	99	0.908035
101	106	0.891979
101	118	0.904845
101	124	2.18574
101	131	1.54677
101	138	0.792973
101	147	0.823009
101	170	3.04934
101	179	7.97314
102	17	3.05212
102	51	0.869919
102	57	0.856336
102	61	0.863522
102	73	0.855677
102	79	0.840252
102	82	0.843883
102	84	0.899102
102	87	0.878497
102	90	0.869622
102	96	0.865492
102	98	1.52735
102	103	0.854622
102	114	0.911277
102	120	0.844643
102	123	0.891893
102	125	0.891922
102	127	1.23315
102	141	0.800322
102	142	2.77258
102	150	0.805374
102	151	0.749055
103	22	0.827867
103	48	0.641746
103	57	0.854126
103	61	0.861312
103	71	0.857324
103	73	0.853467
103	79	0.838042
103	84	0.896892
103	87	0.876287
103	90	0.867412
103	96	0.863282
103	102	0.854622
103	114	0.909067
103	118	0.905345
103	123	0.889683
103	125	0.889712
103	140	1.53892
103	141	0.798112
103	150	0.803164
103	151	0.746845
103	172	3.60598
103	177	4.27649
104	12	0.868192
104	23	0.935499
104	27	0.940362
104	34	0.897146
104	44	0.923792
104	53	0.918143
104	62	0.881949
104	67	0.89268
104	74	0.930272
104	77	0.873873
104	86	0.922473
104	94	0.898953
104	99	0.945606
104	106	0.92955
104	108	2.22177
104	118	0.942416
104	136	1.97344
104	138	0.830544
104	142	2.25538
104	147	0.86058
104	159	1.42792
104	163	4.14063
105	52	0.817699
105	91	2.40427
105	93	1.94623
105	96	2.54951
105	107	0.830413
105	137	0.828569
105	149	0.807915
105	154	0.843435
105	161	0.783668
105	163	0.815843
105	165	0.807469
105	167	0.77103
105	168	0.816528
105	169	0.81511
105	171	0.767735
105	172	0.817372
105	173	0.793501
105	175	0.800139
105	176	0.798163
105	177	0.804644
105	178	0.805262
105	179	0.772803
105	180	0.781572
106	7	0.752641
106	12	0.871187
106	20	0.853417
106	23	0.938494
106	44	0.926787
106	53	0.921138
106	62	0.884945
106	66	1.29429
106	67	0.895675
106	74	0.933268
106	77	0.876869
106	86	0.925468
106	94	0.901949
106	99	0.948602
106	101	0.891979
106	104	0.92955
106	112	1.508
106	118	0.945412
106	138	0.833539
106	144	1.22699
106	145	1.48253
106	147	0.863576
106	180	6.03307
107	56	2.83224
107	105	0.830413
107	109	0.827599
107	123	2.813
107	124	0.839328
107	131	0.784863
107	152	0.835543
107	154	0.784514
107	156	0.804052
107	165	0.748549
107	166	0.740194
107	167	0.712109
107	168	0.757607
107	170	0.741048
107	171	0.708814
107	172	0.758451
107	173	0.73458
107	174	0.796677
107	175	0.741218
107	177	0.745723
107	178	0.746342
107	179	0.713882
107	180	0.722652
108	17	0.816801
108	78	2.10236
108	100	2.57587
108	104	2.22177
108	124	0.8896
108	136	0.881049
108	146	0.803044
108	155	0.812613
108	161	0.775019
108	162	0.809102
108	163	0.807194
108	164	0.800432
108	168	0.807879
108	169	0.80646
108	170	0.79132
108	171	0.759086
108	172	0.808723
108	173	0.784852
108	175	0.79149
108	177	0.795995
108	178	0.796613
108	179	0.764153
108	180	0.772923
109	42	2.97657
109	43	2.75212
109	56	1.17131
109	107	0.827599
109	136	0.886884
109	149	0.805101
109	158	0.832613
109	162	0.814937
109	163	0.813029
109	164	0.806267
109	165	0.804656
109	166	0.796301
109	167	0.768217
109	168	0.813714
109	170	0.797156
109	171	0.764921
109	173	0.790687
109	175	0.797325
109	176	0.79535
109	177	0.80183
109	178	0.802449
109	179	0.769989
109	180	0.778759
110	23	1.7869
110	44	1.72661
110	118	1.16557
110	122	0.935456
110	125	0.357434
110	134	0.918801
110	145	0.888811
110	146	0.829759
110	152	0.912529
110	155	0.839327
110	162	0.835816
110	165	0.825534
110	167	0.789095
110	168	0.834593
110	169	0.833175
110	170	0.818034
110	172	0.835437
110	173	0.811566
110	175	0.818204
110	176	0.816228
110	177	0.822709
110	178	0.823328
110	179	0.790868
110	180	0.799637
111	5	1.69772
111	25	1.64888
111	48	0.913096
111	85	1.7193
111	96	2.4341
111	137	0.848395
111	139	0.860842
111	142	0.881975
111	146	0.831519
111	148	0.897813
111	160	0.829942
111	161	0.803494
111	162	0.837577
111	164	0.828907
111	167	0.790856
111	169	0.834936
111	170	0.819795
111	171	0.787561
111	172	0.837198
111	173	0.813327
111	176	0.817989
111	177	0.82447
111	178	0.825088
111	179	0.792629
111	180	0.801398
112	89	2.04526
112	106	1.508
112	117	0.843495
112	118	2.63261
112	128	0.836222
112	131	0.824801
112	132	0.871554
112	145	0.851763
112	146	0.792711
112	159	0.835226
112	163	0.79686
112	164	0.790098
112	165	0.788487
112	168	0.797545
112	170	0.780986
112	171	0.748752
112	172	0.798389
112	173	0.774518
112	175	0.781156
112	176	0.779181
112	177	0.785661
112	178	0.78628
112	179	0.75382
112	180	0.76259
113	8	0.956223
113	11	0.959786
113	16	0.853805
113	21	0.839078
113	25	0.929492
113	26	0.837506
113	31	0.837177
113	37	0.837092
113	38	0.907205
113	39	0.907446
113	56	0.890611
113	68	0.870143
113	75	0.854
113	80	0.909152
113	85	0.89464
113	93	0.877648
113	133	0.913929
113	140	1.50175
113	144	2.13094
113	148	1.60425
113	150	3.83
113	155	4.30795
113	159	0.856561
113	174	0.85795
114	22	0.884522
114	51	0.924364
114	57	0.910781
114	60	0.922154
114	61	0.917967
114	71	0.913979
114	73	0.910122
114	79	0.894697
114	82	0.898328
114	87	0.932942
114	90	0.924067
114	96	0.919937
114	102	0.911277
114	103	0.909067
114	118	0.962
114	120	0.899088
114	123	0.946338
114	125	0.946367
114	132	1.57939
114	139	1.90075
114	143	1.85516
114	150	0.859819
114	151	0.8035
114	152	1.96092
114	166	4.84739
114	169	3.46643
115	52	0.726272
115	63	7.5
115	124	0.806822
115	126	0.836362
115	131	0.752357
115	140	0.813443
115	144	0.791647
115	149	0.716488
115	155	0.729835
115	160	0.718689
115	161	0.692242
115	162	0.726324
115	163	0.724416
115	164	0.717654
115	167	0.679603
115	169	0.723683
115	171	0.676308
115	172	0.725945
115	173	0.702074
115	175	0.708712
115	176	0.706736
115	177	0.713217
115	178	0.713835
115	179	0.681376
115	180	0.690145
116	10	0.859614
116	27	3.74775
116	74	3.75225
116	83	0.852725
116	122	0.851446
116	135	0.847477
116	147	0.776025
116	151	0.699361
116	154	0.77749
116	155	0.755317
116	158	0.769482
116	160	0.744171
116	162	0.751806
116	163	0.749898
116	164	0.743136
116	166	0.73317
116	167	0.705085
116	169	0.749165
116	170	0.734024
116	175	0.734194
116	176	0.732219
116	177	0.738699
116	178	0.739318
116	179	0.706858
116	180	0.715628
117	11	1.787
117	21	4.05088
117	112	0.843495
117	132	0.863681
117	133	1.29708
117	139	0.81416
117	142	0.835294
117	155	0.794407
117	157	0.805701
117	158	0.808571
117	161	0.756813
117	162	0.790895
117	163	0.788987
117	165	0.780614
117	167	0.744175
117	168	0.789672
117	169	0.788254
117	170	0.773114
117	171	0.740879
117	172	0.790516
117	174	0.828742
117	176	0.771308
117	177	0.777788
117	178	0.778407
117	179	0.745947
117	180	0.754717
118	20	0.866283
118	51	0.920642
118	62	0.897811
118	67	0.908542
118	71	0.910258
118	74	0.946134
118	87	0.92922
118	90	0.920345
118	94	0.914815
118	101	0.904845
118	103	0.905345
118	104	0.942416
118	106	0.945412
118	110	1.16557
118	112	2.63261
118	114	0.962
118	123	0.942616
118	125	0.942645
118	126	1.43167
118	135	2.19037
118	136	2.5166
118	138	0.846406
118	141	0.851045
118	147	0.876442
118	150	0.856097
118	159	1.97109
119	1	1.01447
119	2	1.14534
119	16	0.948417
119	28	0.969276
119	39	1.12821
119	63	2.59429
119	130	1.01025
119	139	0.926274
119	140	0.990128
119	143	0.94032
119	145	0.956004
119	156	0.94823
119	157	0.917815
119	163	0.901101
119	164	0.894339
119	165	0.892727
119	168	0.901786
119	171	0.852993
119	172	0.90263
119	173	0.878759
119	175	0.885397
119	176	0.883421
119	177	0.889902
119	178	0.890521
119	179	0.858061
119	180	0.86683
120	4	0.928874
120	15	0.804651
120	29	0.789492
120	36	0.876316
120	41	0.860764
120	51	0.85773
120	53	0.871093
120	59	0.833793
120	60	0.85552
120	65	0.830091
120	70	0.915638
120	72	0.818681
120	73	0.843489
120	78	0.949265
120	82	0.831694
120	84	0.886913
120	96	0.853303
120	102	0.844643
120	114	0.899088
120	123	0.879704
120	125	0.879734
120	126	1.78038
120	130	1.32211
120	141	0.788133
120	172	3.04984
120	175	4.27997
120	176	4.35263
121	15	3.0534
121	66	0.881184
121	73	1.65782
121	76	1.513
121	100	1.87578
121	128	0.86083
121	137	0.834194
121	139	0.846641
121	148	0.883613
121	154	0.849061
121	160	0.815741
121	161	0.789294
121	162	0.823376
121	163	0.821468
121	165	0.813095
121	167	0.776656
121	168	0.822154
121	169	0.820735
121	170	0.805595
121	171	0.77336
121	173	0.799127
121	174	0.861223
121	176	0.803789
121	177	0.81027
121	178	0.810888
121	179	0.778428
121	180	0.787198
122	23	1.95661
122	68	1.51298
122	91	1.29837
122	95	1.95556
122	110	0.935456
122	116	0.851446
122	125	0.527141
122	127	0.941777
122	143	0.883119
122	148	0.906045
122	152	0.922521
122	153	0.853944
122	154	0.871492
122	158	0.863484
122	165	0.835527
122	167	0.799088
122	168	0.844585
122	169	0.843167
122	170	0.828027
122	171	0.795792
122	172	0.845429
122	173	0.821558
122	175	0.828196
122	176	0.826221
122	177	0.832701
122	178	0.83332
122	179	0.80086
122	180	0.80963
123	22	0.865138
123	51	0.90498
123	57	0.891397
123	60	0.90277
123	61	0.898583
123	71	0.894595
123	73	0.890738
123	79	0.875313
123	82	0.878944
123	83	0.402753
123	84	0.934163
123	87	0.913558
123	90	0.904683
123	96	0.900553
123	102	0.891893
123	103	0.889683
123	107	2.813
123	114	0.946338
123	118	0.942616
123	120	0.879704
123	125	0.926983
123	141	0.835383
123	143	1.39957
123	150	0.840435
123	151	0.784116
123	154	2.72216
123	163	3.33745
123	165	2.7267
124	4	2.03809
124	71	2.50115
124	87	1.07502
124	101	2.18574
124	107	0.839328
124	108	0.8896
124	115	0.806822
124	139	0.849931
124	146	0.820609
124	152	0.90338
124	154	0.852351
124	155	0.830178
124	157	0.841472
124	160	0.819031
124	163	0.824759
124	164	0.817997
124	169	0.824025
124	170	0.808885
124	172	0.826288
124	173	0.802417
124	175	0.809055
124	176	0.807079
124	177	0.81356
124	178	0.814178
124	179	0.781718
124	180	0.790488
125	22	0.865168
125	51	0.905009
125	57	0.891426
125	60	0.902799
125	61	0.898613
125	71	0.894625
125	73	0.890767
125	79	0.875343
125	82	0.878973
125	84	0.934192
125	87	0.913587
125	90	0.904712
125	96	0.900582
125	102	0.891922
125	103	0.889712
125	110	0.357434
125	114	0.946367
125	118	0.942645
125	120	0.879734
125	122	0.527141
125	123	0.926983
125	134	1.37257
125	141	0.835412
125	150	0.840464
125	151	0.784146
125	166	4.93001
125	174	1.52644
125	175	4.21146
126	72	1.26218
126	79	2.60742
126	90	1.31835
126	115	0.836362
126	118	1.43167
126	120	1.78038
126	144	0.92153
126	152	0.93292
126	157	0.871012
126	160	0.848571
126	162	0.856207
126	163	0.854299
126	164	0.847537
126	165	0.845925
126	166	0.837571
126	167	0.809486
126	168	0.854984
126	169	0.853565
126	170	0.838425
126	171	0.806191
126	172	0.855828
126	174	0.894053
126	175	0.838595
126	176	0.836619
126	177	0.8431
126	178	0.843718
126	179	0.811258
126	180	0.820028
127	54	2.28398
127	55	2.33558
127	95	1.8794
127	98	0.910175
127	99	0.967881
127	102	1.23315
127	122	0.941777
127	128	0.879591
127	129	0.899172
127	149	0.832301
127	154	0.867822
127	156	0.887359
127	157	0.856943
127	159	0.878595
127	160	0.834502
127	163	0.840229
127	166	0.823501
127	167	0.795417
127	168	0.840914
127	169	0.839496
127	170	0.824356
127	171	0.792121
127	173	0.817888
127	175	0.824525
127	176	0.82255
127	177	0.829031
127	178	0.829649
127	179	0.797189
127	180	0.805959
128	8	2.11731
128	72	3.18864
128	112	0.836222
128	121	0.86083
128	127	0.879591
128	138	2.05984
128	139	0.806887
128	146	0.777564
128	150	0.787496
128	151	0.731177
128	153	0.791758
128	156	0.828843
128	160	0.775987
128	163	0.781714
128	165	0.77334
128	166	0.764986
128	167	0.736901
128	168	0.782399
128	169	0.780981
128	170	0.76584
128	172	0.783243
128	173	0.759372
128	175	0.76601
128	176	0.764034
128	177	0.770515
128	178	0.771134
128	179	0.738674
128	180	0.747443
129	9	1.80473
129	15	2.91134
129	49	1.36326
129	71	2.62067
129	81	0.849797
129	127	0.899172
129	132	0.875988
129	139	0.826467
129	141	0.802024
129	143	0.840514
129	144	0.868525
129	149	0.793366
129	152	0.879916
129	156	0.848424
129	158	0.820878
129	163	0.801295
129	164	0.794533
129	166	0.784566
129	167	0.756482
129	168	0.80198
129	169	0.800561
129	170	0.785421
129	171	0.753186
129	172	0.802824
129	175	0.785591
129	176	0.783615
129	178	0.790714
129	179	0.758254
129	180	0.767024
130	33	1.03404
130	54	2.00462
130	55	2.05622
130	67	1.48863
130	75	1.69438
130	119	1.01025
130	120	1.32211
130	132	0.926198
130	135	0.949082
130	137	0.86423
130	143	0.890723
130	146	0.847354
130	149	0.843576
130	152	0.930125
130	155	0.856923
130	157	0.868218
130	160	0.845776
130	162	0.853412
130	163	0.851504
130	164	0.844742
130	165	0.84313
130	169	0.85077
130	170	0.83563
130	171	0.803396
130	172	0.853033
130	173	0.829162
130	175	0.8358
130	176	0.833824
130	177	0.840305
130	178	0.840923
130	179	0.808463
130	180	0.817233
131	9	4.51716
131	48	0.84772
131	74	3.23607
131	101	1.54677
131	107	0.784863
131	112	0.824801
131	115	0.752357
131	141	0.771023
131	142	0.8166
131	145	0.825196
131	153	0.780337
131	156	0.817423
131	157	0.787007
131	158	0.789877
131	161	0.738119
131	163	0.770293
131	164	0.763532
131	165	0.76192
131	166	0.753565
131	168	0.770978
131	169	0.76956
131	171	0.722185
131	172	0.771822
131	173	0.747952
131	174	0.810048
131	175	0.754589
131	176	0.752614
131	177	0.759094
131	178	0.759713
131	179	0.727253
131	180	0.736023
132	6	2.27034
132	40	2.09777
132	49	1.91061
132	87	1.7419
132	98	0.886991
132	112	0.871554
132	114	1.57939
132	117	0.863681
132	129	0.875988
132	130	0.926198
132	136	0.890901
132	142	0.863353
132	149	0.809118
132	152	0.895667
132	155	0.822465
132	160	0.811319
132	162	0.818954
132	163	0.817046
132	164	0.810284
132	165	0.808673
132	167	0.772234
132	169	0.816313
132	171	0.768938
132	172	0.818575
132	173	0.794704
132	174	0.856801
132	175	0.801342
132	176	0.799367
132	177	0.805847
132	178	0.806466
132	179	0.774006
132	180	0.782776
133	1	0.870513
133	2	0.975807
133	3	0.869475
133	6	0.978646
133	8	0.976114
133	13	0.867282
133	24	0.976079
133	28	0.853427
133	32	0.952623
133	33	0.956496
133	35	0.864144
133	40	0.922712
133	49	0.922735
133	50	0.922874
133	56	0.910502
133	63	0.822827
133	64	0.899691
133	68	0.890034
133	75	0.873891
133	80	0.929043
133	85	0.914531
133	113	0.913929
133	117	1.29708
133	151	12.6
133	153	0.84813
133	157	1.95301
133	159	0.876452
133	162	2.99906
133	164	1.89838
133	174	0.877841
133	179	4.44654
134	25	1.50383
134	47	1.97399
134	61	2.53299
134	110	0.918801
134	125	1.37257
134	135	0.924824
134	138	0.882418
134	143	0.866465
134	144	0.894476
134	154	0.854838
134	156	0.874375
134	158	0.846829
134	159	0.865611
134	161	0.795071
134	162	0.829154
134	164	0.820484
134	165	0.818872
134	166	0.810517
134	167	0.782433
134	168	0.827931
134	169	0.826512
134	170	0.811372
134	171	0.779138
134	172	0.828775
134	173	0.804904
134	174	0.867
134	175	0.811542
134	176	0.809566
134	177	0.816047
134	179	0.784205
134	180	0.792975
135	36	1.6076
135	59	1.09626
135	69	1.3047
135	86	1.84762
135	91	2.15345
135	116	0.847477
135	118	2.19037
135	130	0.949082
135	134	0.924824
135	136	0.913786
135	137	0.852657
135	140	0.928958
135	141	0.84066
135	144	0.907162
135	149	0.832003
135	152	0.918552
135	155	0.84535
135	157	0.856645
135	158	0.859514
135	161	0.807756
135	164	0.833169
135	165	0.831557
135	166	0.823203
135	167	0.795118
135	168	0.840616
135	170	0.824057
135	171	0.791823
135	172	0.84146
135	175	0.824227
135	176	0.822251
135	177	0.828732
135	178	0.82935
135	179	0.796891
135	180	0.80566
136	19	0.840048
136	40	2.14422
136	58	2.11233
136	99	1.15341
136	104	1.97344
136	108	0.881049
136	109	0.886884
136	118	2.5166
136	132	0.890901
136	135	0.913786
136	139	0.84138
136	144	0.883438
136	145	0.87111
136	149	0.808279
136	155	0.821627
136	157	0.832921
136	160	0.81048
136	161	0.784033
136	163	0.816207
136	165	0.807834
136	166	0.799479
136	168	0.816893
136	169	0.815474
136	170	0.800334
136	171	0.768099
136	172	0.817737
136	173	0.793866
136	175	0.800504
136	176	0.798528
136	177	0.805009
136	178	0.805627
136	179	0.773167
136	180	0.781937
137	46	3.76171
137	77	2.34084
137	82	3.49745
137	105	0.828569
137	111	0.848395
137	121	0.834194
137	130	0.86423
137	135	0.852657
137	140	0.844105
137	144	0.822309
137	146	0.750929
137	147	0.781205
137	152	0.833699
137	154	0.78267
137	155	0.760497
137	158	0.774662
137	161	0.722904
137	162	0.756986
137	163	0.755078
137	164	0.748316
137	165	0.746705
137	167	0.710266
137	169	0.754345
137	170	0.739205
137	171	0.70697
137	172	0.756607
137	173	0.732736
137	175	0.739374
137	176	0.737399
137	178	0.744498
137	179	0.712038
137	180	0.720808
138	7	1.81784
138	12	0.772181
138	14	2.56579
138	20	0.754411
138	23	0.839488
138	27	0.844351
138	42	0.82283
138	43	0.740303
138	44	0.827781
138	45	0.73979
138	46	0.813117
138	52	3.46579
138	54	0.821482
138	55	0.809242
138	58	0.792398
138	62	0.785939
138	77	0.777863
138	86	0.826462
138	89	0.805434
138	91	0.805802
138	92	0.867425
138	94	0.802943
138	95	0.795618
138	97	0.839621
138	99	0.849596
138	100	0.83985
138	101	0.792973
138	104	0.830544
138	106	0.833539
138	118	0.846406
138	128	2.05984
138	134	0.882418
138	148	0.800587
138	156	1.17913
138	168	2.35918
139	16	4.23767
139	66	0.82724
139	68	2.96922
139	74	1.39236
139	111	0.860842
