1	7	0.871973
1	32	0.832733
1	44	0.747713
1	54	0.805532
1	56	0.799458
1	93	1.49827
1	150	0.826772
1	152	2.97061
1	161	0.800347
1	162	2.06471
1	168	0.756054
1	177	0.771523
2	112	0.472631
2	120	1.45493
2	127	1.33445
2	153	0.85041
2	162	0.824331
2	171	0.817773
2	173	0.788101
2	175	0.791458
2	176	0.770906
2	178	0.76133
2	179	0.802816
2	180	0.775799
3	7	0.871786
3	33	0.83521
3	44	0.747526
3	54	0.805345
3	56	0.799271
3	97	1.5111
3	138	2.03897
3	150	0.826585
3	161	0.800159
3	168	0.755866
3	174	2.82936
3	177	0.771336
4	28	0.673235
4	50	0.726993
4	65	0.696211
4	68	0.799899
4	77	0.726112
4	82	0.724718
4	88	0.751499
4	92	0.745609
4	151	2.62518
4	166	0.694024
4	168	3.35299
4	170	0.699797
5	28	0.678173
5	43	0.73229
5	60	0.70088
5	65	0.701149
5	68	0.804837
5	77	0.73105
5	88	0.756437
5	92	0.750547
5	141	0.677748
5	164	2.44847
5	170	0.704735
5	177	3.47622
6	28	0.772407
6	60	0.795114
6	65	0.795383
6	77	0.825284
6	82	0.82389
6	92	0.844781
6	119	1.68972
6	141	0.771982
6	165	2.2054
6	166	0.793196
6	170	0.798969
6	172	2.36433
7	1	0.871973
7	3	0.871786
7	32	0.821484
7	33	0.824148
7	44	0.736464
7	56	0.788209
7	136	2.13997
7	138	2.29091
7	161	0.789097
7	165	2.01619
7	168	0.744804
7	177	0.760274
8	27	0.728164
8	61	0.693939
8	62	0.746647
8	69	0.722093
8	70	0.723412
8	73	0.714022
8	84	0.695921
8	85	2.75626
8	86	0.740185
8	91	0.731542
8	134	2.8742
8	154	0.714314
9	32	0.839795
9	33	0.842459
9	44	0.754774
9	54	0.812593
9	56	0.80652
9	109	0.809201
9	129	2.03493
9	161	0.807408
9	165	1.71801
9	168	0.763115
9	177	0.778585
9	179	2.70106
10	61	0.696872
10	69	0.725026
10	70	0.726345
10	73	0.716955
10	84	0.698854
10	86	0.743118
10	91	0.734475
10	121	3.24711
10	145	0.730434
10	154	0.717247
10	156	0.706486
10	170	2.61723
11	27	0.809502
11	46	0.789152
11	55	1.74151
11	69	0.803431
11	70	0.80475
11	71	0.798406
11	73	0.79536
11	84	0.777259
11	86	0.821523
11	91	0.81288
11	125	2.30461
11	164	2.25586
12	14	0.84412
12	19	0.770918
12	24	0.772068
12	39	0.828081
12	47	0.867612
12	142	2.21872
12	156	0.802654
12	157	0.79706
12	158	2.3864
12	166	1.84325
12	167	0.794557
12	168	0.754293
13	26	0.747978
13	30	0.740366
13	34	0.807577
13	38	0.807719
13	42	0.79842
13	48	0.78722
13	52	0.786797
13	57	0.78635
13	59	0.785875
13	117	2.71143
13	135	1.84371
13	162	2.35308
13	167	0.770149
14	12	0.84412
14	19	0.735336
14	23	0.819867
14	39	0.792499
14	47	0.83203
14	134	1.43099
14	145	0.79102
14	156	0.767072
14	157	0.761479
14	167	0.758975
14	168	0.718712
14	170	2.34566
14	174	2.95484
15	55	1.94288
15	61	0.754214
15	62	0.806922
15	69	0.782369
15	70	0.783687
15	71	0.777343
15	73	0.774298
15	84	0.756196
15	86	0.80046
15	91	0.791817
15	119	1.79713
15	154	0.774589
15	170	2.76875
16	17	0.73542
16	18	0.740915
16	20	0.819272
16	21	0.812897
16	25	0.832964
16	36	0.794224
16	58	0.762802
16	128	2.34166
16	134	1.67058
16	154	0.781228
16	163	0.748622
16	165	0.802845
16	167	2.74141
17	16	0.73542
17	18	0.661006
17	20	0.739363
17	21	0.732989
17	25	0.753056
17	36	0.714315
17	58	0.682893
17	145	0.714506
17	154	0.701319
17	156	2.71178
17	163	0.668713
17	165	0.722936
17	175	3.59104
18	16	0.740915
18	17	0.661006
18	20	0.744858
18	21	0.738484
18	36	0.71981
18	58	0.688388
18	109	0.693779
18	125	2.75036
18	145	0.720001
18	154	0.706814
18	163	0.674208
18	165	0.728431
18	173	3.58941
19	12	0.770918
19	14	0.735336
19	23	0.746664
19	24	0.663284
19	39	0.719297
19	47	0.758828
19	83	4.1698
19	97	1.95149
19	145	0.717817
19	156	0.69387
19	157	0.688276
19	167	0.685773
19	168	0.645509
20	16	0.819272
20	17	0.739363
20	18	0.744858
20	21	0.816841
20	58	0.766745
20	109	0.772136
20	141	2.58474
20	145	0.798358
20	154	0.785171
20	160	1.76683
20	163	0.752565
20	165	0.806788
20	171	2.43415
21	16	0.812897
21	17	0.732989
21	18	0.738484
21	20	0.816841
21	25	0.830533
21	29	1.61943
21	36	0.791793
21	58	0.76037
21	154	0.778797
21	161	2.62594
21	163	0.74619
21	165	0.800413
21	167	2.51362
22	26	0.747978
22	30	0.740366
22	34	0.807577
22	38	0.807719
22	42	0.79842
22	48	0.78722
22	52	0.786797
22	57	0.78635
22	59	0.785875
22	90	2.00378
22	122	2.65464
22	167	0.770149
22	172	2.13413
23	14	0.819867
23	19	0.746664
23	24	0.747815
23	39	0.803828
23	47	0.843359
23	129	2.37662
23	145	0.802348
23	153	1.84606
23	156	0.778401
23	157	0.772807
23	162	2.59327
23	167	0.770304
23	168	0.73004
24	12	0.772068
24	19	0.663284
24	23	0.747815
24	39	0.720447
24	47	0.759978
24	90	0.704807
24	110	2.99051
24	145	0.718968
24	153	3.18463
24	156	0.69502
24	157	0.689427
24	167	0.686923
24	168	0.646659
25	16	0.832964
25	17	0.753056
25	21	0.830533
25	36	0.81186
25	58	0.780437
25	100	1.61923
25	145	0.81205
25	154	0.798864
25	156	2.06744
25	159	2.75769
25	163	0.766257
25	165	0.82048
26	13	0.747978
26	22	0.747978
26	30	0.657458
26	34	0.724669
26	38	0.724811
26	42	0.715512
26	48	0.704312
26	52	0.703889
26	57	0.703442
26	59	0.702967
26	162	3.3259
26	167	0.687241
26	172	2.95126
27	8	0.728164
27	11	0.809502
27	31	2.50218
27	46	0.754477
27	61	0.740602
27	62	0.79331
27	71	0.763731
27	84	0.742584
27	86	0.786848
27	91	0.778205
27	154	0.760977
27	156	0.750216
27	165	1.24868
27	180	3.49663
28	4	0.673235
28	5	0.678173
28	6	0.772407
28	65	0.67774
28	68	0.781429
28	77	0.707641
28	82	0.706247
28	88	0.733029
28	92	0.727139
28	93	2.84056
28	113	0.613906
28	166	0.675553
28	169	3.92947
28	170	0.681326
29	21	1.61943
29	39	1.34249
29	91	1.62977
29	128	0.801351
29	148	0.800118
29	152	0.761747
29	169	0.7664
29	171	0.779922
29	174	0.768694
29	175	0.753607
29	176	0.733055
29	178	0.723479
29	179	0.764964
29	180	0.737947
30	13	0.740366
30	22	0.740366
30	26	0.657458
30	34	0.717057
30	38	0.717199
30	42	0.7079
30	48	0.6967
30	52	0.696277
30	57	0.695831
30	59	0.695355
30	81	0.670524
30	148	3.41247
30	153	3.22701
30	167	0.679629
31	27	2.50218
31	67	0.727636
31	92	2.60564
31	113	0.651252
31	125	0.745065
31	158	0.70682
31	164	0.737641
31	172	0.728276
31	173	0.688439
31	175	0.691796
31	176	0.671244
31	178	0.661668
31	179	0.703153
31	180	0.676136
32	1	0.832733
32	7	0.821484
32	9	0.839795
32	44	0.697224
32	54	0.755043
32	56	0.748969
32	109	0.751651
32	130	1.26574
32	150	0.776283
32	158	2.57551
32	161	0.749857
32	168	0.705565
32	177	0.721034
32	180	3.48785
33	3	0.83521
33	7	0.824148
33	9	0.842459
33	44	0.699888
33	54	0.757707
33	56	0.751633
33	96	0.730306
33	150	0.778947
33	155	2.48917
33	161	0.752521
33	168	0.708229
33	169	2.64935
33	171	2.16443
33	177	0.723698
34	13	0.807577
34	22	0.807577
34	26	0.724669
34	30	0.717057
34	38	0.78441
34	42	0.775111
34	48	0.763911
34	52	0.763489
34	57	0.763042
34	59	0.762566
34	67	2.3548
34	135	1.95714
34	167	0.74684
34	179	2.91601
35	40	2.01904
35	65	0.700427
35	73	0.723342
35	82	0.728935
35	84	0.70524
35	88	0.755716
35	91	0.740861
35	101	2.53537
35	142	0.694847
35	170	0.704013
35	176	0.656585
35	178	0.647009
35	179	0.688494
35	180	0.661477
36	16	0.794224
36	17	0.714315
36	18	0.71981
36	21	0.791793
36	25	0.81186
36	58	0.741697
36	63	0.805854
36	109	0.747088
36	149	2.37824
36	154	0.760123
36	163	0.727517
36	165	0.78174
36	174	1.86737
36	180	3.0502
37	89	0.72763
37	94	0.678742
37	95	0.717231
37	98	0.714577
37	101	0.707709
37	106	0.694035
37	108	0.729063
37	111	0.729396
37	112	0.693841
37	114	0.690431
37	124	3.20655
37	154	0.700744
37	164	3.36699
37	177	0.657092
38	13	0.807719
38	22	0.807719
38	26	0.724811
38	30	0.717199
38	34	0.78441
38	42	0.775253
38	48	0.764053
38	52	0.76363
38	57	0.763184
38	59	0.762708
38	152	2.3596
38	155	1.81599
38	167	0.746982
38	180	3.16809
39	12	0.828081
39	14	0.792499
39	19	0.719297
39	23	0.803828
39	24	0.720447
39	29	1.34249
39	47	0.815991
39	145	0.774981
39	156	0.751033
39	157	0.74544
39	159	2.5908
39	167	0.742936
39	168	0.702673
39	175	2.77982
40	35	2.01904
40	81	2.38337
40	89	0.788026
40	95	0.777627
40	101	0.768105
40	103	0.796596
40	106	0.754431
40	108	0.789459
40	111	0.789792
40	112	0.754237
40	114	0.750827
40	169	2.28623
40	170	0.74152
40	177	0.717488
41	78	1.49407
41	96	3.21898
41	105	0.745422
41	123	0.770139
41	126	0.739118
41	127	0.735428
41	131	0.762881
41	132	0.754502
41	137	0.748226
41	139	0.748385
41	140	0.751298
41	143	2.72582
41	144	0.738885
41	146	0.756268
41	147	0.756309
42	13	0.79842
42	22	0.79842
42	26	0.715512
42	30	0.7079
42	34	0.775111
42	38	0.775253
42	48	0.754754
42	52	0.754331
42	57	0.753885
42	59	0.753409
42	83	0.691341
42	113	5.41464
42	125	1.09493
42	138	1.17649
42	167	0.737683
43	5	0.73229
43	50	0.762639
43	60	0.731588
43	68	0.835545
43	77	0.761758
43	82	0.760364
43	88	0.787145
43	92	0.781255
43	113	0.668022
43	129	0.748105
43	148	2.18484
43	165	2.21302
43	166	0.72967
43	170	0.735443
43	173	3.24525
44	1	0.747713
44	3	0.747526
44	7	0.736464
44	9	0.754774
44	32	0.697224
44	33	0.699888
44	54	0.670023
44	56	0.663949
44	109	0.66663
44	128	3.15503
44	150	0.691263
44	161	0.664837
44	168	0.620544
44	173	3.97491
44	177	0.636014
45	89	0.777484
45	94	0.728596
45	98	0.764431
45	101	0.757562
45	103	0.786053
45	106	0.743889
45	108	0.778916
45	111	0.779249
45	112	0.743694
45	114	0.740285
45	129	2.18709
45	170	0.730978
45	171	2.44128
45	175	3.02541
45	177	0.706946
46	11	0.789152
46	27	0.754477
46	61	0.720252
46	62	0.77296
46	70	0.749725
46	71	0.743381
46	73	0.740336
46	76	1.48137
46	84	0.722234
46	86	0.766498
46	91	0.757855
46	145	0.753814
46	156	0.729867
46	160	1.46277
46	178	4.69769
47	12	0.867612
47	14	0.83203
47	19	0.758828
47	23	0.843359
47	24	0.759978
47	39	0.815991
47	79	0.871535
47	90	0.800351
47	145	0.814512
47	156	0.790564
47	157	0.78497
47	158	2.17694
47	163	1.40771
47	167	0.782467
47	168	0.742203
47	178	3.98004
48	13	0.78722
48	22	0.78722
48	26	0.704312
48	30	0.6967
48	34	0.763911
48	38	0.764053
48	42	0.754754
48	52	0.743131
48	57	0.742684
48	59	0.742209
48	81	0.717378
48	83	0.68014
48	122	2.69896
48	167	0.726483
48	172	2.17845
48	177	3.19169
49	78	2.54773
49	85	2.46725
49	107	0.730814
49	116	0.724498
49	119	2.52824
49	126	0.730946
49	127	0.727256
49	131	0.754709
49	132	0.74633
49	133	0.745093
49	137	0.740055
49	139	0.740213
49	140	0.743127
49	144	0.730713
49	146	0.748096
49	147	0.748138
50	4	0.726993
50	43	0.762639
50	60	0.73123
50	63	2.03798
50	65	0.731498
50	77	0.761399
50	82	0.760005
50	88	0.786786
50	92	0.780897
50	109	0.741669
50	113	0.667663
50	119	2.23617
50	141	0.708098
50	163	3.31824
50	166	0.729311
50	170	0.735084
51	53	1.46528
51	57	1.98844
51	87	0.785173
51	109	1.59509
51	151	0.758562
51	158	0.741402
51	159	0.741928
51	171	0.752693
51	172	0.762858
51	173	0.723021
51	174	0.741465
51	175	0.726378
51	176	0.705826
51	178	0.69625
51	179	0.737735
51	180	0.710718
52	13	0.786797
52	22	0.786797
52	26	0.703889
52	30	0.696277
52	34	0.763489
52	38	0.76363
52	42	0.754331
52	48	0.743131
52	57	0.742262
52	59	0.741787
52	81	0.716955
52	83	0.679718
52	90	2.44445
52	119	1.90019
52	167	0.72606
52	174	3.48099
53	51	1.46528
53	89	0.766262
53	94	0.717374
53	95	0.755862
53	98	0.753209
53	101	0.74634
53	103	0.774831
53	106	0.732667
53	108	0.767694
53	111	0.768027
53	112	0.732472
53	114	0.729063
53	161	2.79719
53	163	0.706769
53	175	3.228
53	177	0.695724
54	1	0.805532
54	3	0.805345
54	9	0.812593
54	32	0.755043
54	33	0.757707
54	44	0.670023
54	56	0.721768
54	96	0.700441
54	109	0.724449
54	136	2.61837
54	150	0.749082
54	161	0.722656
54	165	2.4946
54	168	0.678363
54	170	2.95053
54	177	0.693833
55	11	1.74151
55	15	1.94288
55	114	2.2598
55	119	0.792381
55	141	0.723117
55	143	0.752786
55	162	0.7561
55	164	0.769072
55	171	0.749542
55	172	0.759707
55	173	0.71987
55	175	0.723227
55	176	0.702675
55	178	0.693099
55	179	0.734584
55	180	0.707567
56	1	0.799458
56	3	0.799271
56	7	0.788209
56	9	0.80652
56	32	0.748969
56	33	0.751633
56	44	0.663949
56	54	0.721768
56	85	1.99604
56	96	0.694367
56	150	0.743008
56	160	2.47651
56	161	0.716582
56	166	3.36517
56	168	0.67229
56	177	0.687759
57	13	0.78635
57	22	0.78635
57	26	0.703442
57	30	0.695831
57	34	0.763042
57	38	0.763184
57	42	0.753885
57	48	0.742684
57	51	1.98844
57	52	0.742262
57	59	0.74134
57	81	0.716509
57	83	0.679271
57	134	2.1372
57	163	3.16232
57	167	0.725614
58	16	0.762802
58	17	0.682893
58	18	0.688388
58	20	0.766745
58	21	0.76037
58	25	0.780437
58	36	0.741697
58	63	0.774432
58	109	0.715666
58	130	2.47512
58	141	3.17098
58	145	0.741888
58	154	0.728701
58	160	2.35307
58	163	0.696095
58	165	0.750318
59	13	0.785875
59	22	0.785875
59	26	0.702967
59	30	0.695355
59	34	0.762566
59	38	0.762708
59	42	0.753409
59	48	0.742209
59	52	0.741787
59	57	0.74134
59	81	0.716033
59	83	0.678796
59	129	1.84269
59	155	2.42161
59	167	0.725138
59	176	3.84129
60	5	0.70088
60	6	0.795114
60	43	0.731588
60	50	0.73123
60	65	0.700448
60	68	0.804136
60	77	0.730348
60	82	0.728955
60	88	0.755736
60	90	2.86341
60	92	0.749846
60	110	2.42707
60	129	0.716696
60	141	0.677047
60	166	0.698261
60	170	0.704034
60	172	2.99376
61	8	0.693939
61	10	0.696872
61	15	0.754214
61	27	0.740602
61	46	0.720252
61	69	0.734531
61	70	0.73585
61	71	0.729506
61	73	0.72646
61	75	2.74957
61	84	0.708359
61	86	0.752622
61	91	0.74398
61	124	2.59973
61	129	2.93267
61	145	0.739939
61	156	0.715991
62	8	0.746647
62	15	0.806922
62	27	0.79331
62	46	0.77296
62	69	0.78724
62	70	0.788559
62	71	0.782214
62	73	0.779169
62	84	0.761067
62	86	0.805331
62	91	0.796688
62	136	1.60301
62	145	0.792647
62	151	2.3263
62	152	2.9187
62	154	0.779461
62	161	2.20366
63	36	0.805854
63	50	2.03798
63	58	0.774432
63	91	1.19798
63	92	0.638266
63	114	1.91586
63	118	0.800804
63	126	0.781478
63	137	0.790586
63	144	0.781244
63	145	0.806045
63	163	0.760252
63	165	0.814475
63	175	0.746362
63	176	0.72581
63	178	0.716234
63	179	0.757719
63	180	0.730702
64	105	3.16991
64	115	0.6379
64	132	2.93195
64	142	0.681926
64	151	0.6964
64	153	0.723168
64	155	0.692695
64	158	0.67924
64	162	0.697089
64	169	0.67701
64	171	0.690531
64	173	0.660859
64	174	0.679304
64	175	0.664216
64	176	0.643664
64	178	0.634088
64	179	0.675574
64	180	0.648557
65	4	0.696211
65	5	0.701149
65	6	0.795383
65	28	0.67774
65	35	0.700427
65	50	0.731498
65	60	0.700448
65	68	0.804404
65	77	0.730617
65	82	0.729223
65	88	0.756004
65	92	0.750114
65	93	2.07398
65	113	0.636881
65	129	0.716964
65	157	2.51898
65	166	0.698529
65	180	4.35481
66	96	2.68071
66	99	0.761884
66	118	0.765997
66	120	0.784615
66	123	0.777691
66	126	0.74667
66	127	0.74298
66	131	0.770433
66	132	0.762054
66	133	0.760817
66	137	0.755779
66	139	0.755937
66	140	0.758851
66	144	0.746437
66	146	0.76382
66	147	0.763862
66	169	2.50802
66	171	2.0231
66	177	2.62416
67	31	0.727636
67	34	2.3548
67	87	0.748769
67	97	0.773872
67	98	2.30215
67	148	0.736485
67	149	0.693644
67	150	1.83199
67	162	0.722847
67	164	0.735819
67	169	0.702767
67	170	0.716851
67	172	0.726454
67	174	0.705061
67	175	0.689974
67	176	0.669422
67	178	0.659846
67	179	0.701331
67	180	0.674314
68	4	0.799899
68	5	0.804837
68	28	0.781429
68	43	0.835545
68	60	0.804136
68	65	0.804404
68	77	0.834305
68	88	0.859693
68	92	0.853803
68	109	0.814575
68	129	0.820653
68	130	1.80029
68	141	0.781004
68	142	2.94237
68	153	1.56081
68	160	1.67824
68	162	2.30801
68	166	0.802218
68	170	0.80799
69	8	0.722093
69	10	0.725026
69	11	0.803431
69	15	0.782369
69	61	0.734531
69	62	0.78724
69	70	0.764005
69	71	0.75766
69	73	0.754615
69	84	0.736513
69	86	0.780777
69	91	0.772135
69	110	1.77717
69	136	2.30871
69	145	0.768094
69	154	0.754907
69	156	0.744146
69	172	2.34386
69	174	3.25005
70	8	0.723412
70	10	0.726345
70	11	0.80475
70	15	0.783687
70	46	0.749725
70	61	0.73585
70	62	0.788559
70	69	0.764005
70	71	0.758979
70	73	0.755934
70	80	1.21478
70	84	0.737832
70	86	0.782096
70	91	0.773453
70	152	2.75255
70	154	0.756225
70	156	0.745465
70	176	3.62861
70	179	2.29614
71	11	0.798406
71	15	0.777343
71	27	0.763731
71	46	0.743381
71	61	0.729506
71	62	0.782214
71	69	0.75766
71	70	0.758979
71	73	0.749589
71	76	2.13738
71	84	0.731488
71	86	0.775752
71	91	0.767109
71	130	2.24083
71	145	0.763068
71	154	0.749881
71	156	0.73912
71	170	2.67093
71	171	2.7861
72	74	0.758079
72	76	2.07888
72	99	0.756723
72	100	1.98424
72	102	0.7536
72	107	0.741377
72	116	0.735061
72	120	0.779454
72	126	0.741509
72	127	0.737819
72	133	0.755656
72	137	0.750618
72	139	0.750776
72	140	0.75369
72	142	3.32441
72	144	0.741276
72	146	0.758659
72	147	0.7587
72	150	0.764487
72	167	2.76859
73	8	0.714022
73	10	0.716955
73	11	0.79536
73	15	0.774298
73	35	0.723342
73	46	0.740336
73	61	0.72646
73	62	0.779169
73	69	0.754615
73	70	0.755934
73	71	0.749589
73	84	0.728442
73	86	0.772706
73	91	0.764064
73	125	2.34865
73	145	0.760023
73	156	0.736075
73	165	2.15549
73	166	2.94794
73	167	2.76759
74	72	0.758079
74	96	3.30032
74	97	1.81846
74	102	0.753027
74	104	0.749064
74	107	0.740804
74	118	0.760263
74	123	0.771957
74	126	0.740936
74	132	0.75632
74	133	0.755083
74	135	2.09579
74	137	0.750044
74	139	0.750203
74	140	0.753116
74	144	0.740703
74	146	0.758086
74	147	0.758127
74	155	2.96745
74	166	0.726924
75	61	2.74957
75	97	0.764714
75	127	2.27597
75	131	1.87457
75	141	0.680707
75	151	0.713
75	153	0.739768
75	155	0.709295
75	160	0.747724
75	162	0.713689
75	164	0.726661
75	165	0.74893
75	169	0.693609
75	171	0.707131
75	173	0.677459
75	175	0.680816
75	176	0.660264
75	178	0.650688
75	179	0.692173
75	180	0.665157
76	46	1.48137
76	71	2.13738
76	72	2.07888
76	78	0.789813
76	100	0.801117
76	136	0.791513
76	140	1.72076
76	156	0.764166
76	158	0.743454
76	164	0.774275
76	169	0.741224
76	171	0.754745
76	172	0.764911
76	174	0.743518
76	175	0.728431
76	176	0.707878
76	177	0.731275
76	178	0.698302
76	179	0.739788
76	180	0.712771
77	4	0.726112
77	5	0.73105
77	6	0.825284
77	28	0.707641
77	43	0.761758
77	50	0.761399
77	60	0.730348
77	65	0.730617
77	68	0.834305
77	82	0.759124
77	85	1.58046
77	87	2.13052
77	88	0.785905
77	92	0.780015
77	113	0.666782
77	129	0.746865
77	149	3.73312
77	157	2.56925
77	166	0.72843
77	170	0.734203
78	41	1.49407
78	49	2.54773
78	76	0.789813
78	114	2.13355
78	128	0.763261
78	136	0.778599
78	138	0.775148
78	139	1.27417
78	143	0.745076
78	151	0.7477
78	158	0.730541
78	159	0.731067
78	160	0.782425
78	171	0.741831
78	172	0.751997
78	174	0.730604
78	175	0.715517
78	176	0.694965
78	178	0.685389
78	179	0.726874
78	180	0.699857
79	47	0.871535
79	85	0.779245
79	93	0.795822
79	109	2.23279
79	125	0.768667
79	136	0.77848
79	137	1.99265
79	139	1.80056
79	153	0.77435
79	155	0.743876
79	159	0.730948
79	160	0.782306
79	167	0.743037
79	169	0.728191
79	173	0.712041
79	174	0.730485
79	175	0.715398
79	176	0.694846
79	178	0.68527
79	179	0.726755
79	180	0.699738
80	70	1.21478
80	84	2.26593
80	94	2.38629
80	108	0.943648
80	119	0.786378
80	138	0.776856
80	149	0.720895
80	153	0.776177
80	155	0.745704
80	159	0.732775
80	160	0.784133
80	162	0.750098
80	171	0.74354
80	172	0.753705
80	173	0.713868
80	174	0.732312
80	175	0.717225
80	176	0.696673
80	177	0.72007
80	179	0.728582
80	180	0.701565
81	30	0.670524
81	40	2.38337
81	48	0.717378
81	52	0.716955
81	57	0.716509
81	59	0.716033
81	92	2.50532
81	106	2.42565
81	121	0.685004
81	131	0.731547
81	139	0.717051
81	140	0.719965
81	146	0.724934
81	147	0.724975
81	160	0.739576
81	167	0.700307
81	175	0.672668
81	176	0.652116
81	178	0.64254
81	179	0.684025
81	180	0.657008
82	4	0.724718
82	6	0.82389
82	28	0.706247
82	35	0.728935
82	43	0.760364
82	50	0.760005
82	60	0.728955
82	65	0.729223
82	77	0.759124
82	88	0.784512
82	92	0.778622
82	93	0.909882
82	109	0.739394
82	113	0.665389
82	129	0.745471
82	141	0.705823
82	166	0.727037
82	168	2.51763
82	170	0.732809
82	176	3.25828
82	178	4.08147
83	19	4.1698
83	42	0.691341
83	48	0.68014
83	52	0.679718
83	57	0.679271
83	59	0.678796
83	87	0.694226
83	89	0.708814
83	94	0.659926
83	95	0.698414
83	114	0.671614
83	139	3.73553
83	167	0.66307
83	169	0.648224
83	170	0.662308
83	173	0.632074
83	174	0.650518
83	177	0.638276
83	178	0.605303
83	179	0.646788
83	180	0.619771
84	8	0.695921
84	10	0.698854
84	11	0.777259
84	15	0.756196
84	27	0.742584
84	35	0.70524
84	46	0.722234
84	61	0.708359
84	62	0.761067
84	69	0.736513
84	70	0.737832
84	71	0.731488
84	73	0.728442
84	80	2.26593
84	86	0.754604
84	91	0.745962
84	119	1.84856
84	141	3.08595
84	145	0.741921
84	154	0.728734
84	156	0.717973
84	163	2.93063
85	8	2.75626
85	49	2.46725
85	56	1.99604
85	77	1.58046
85	79	0.779245
85	121	0.730318
85	128	0.765726
85	134	0.785555
85	152	0.726122
85	158	0.733006
85	159	0.733532
85	169	0.730775
85	171	0.744297
85	172	0.754462
85	173	0.714625
85	174	0.733069
85	175	0.717982
85	176	0.69743
85	177	0.720827
85	178	0.687854
85	179	0.729339
85	180	0.702322
86	8	0.740185
86	10	0.743118
86	11	0.821523
86	15	0.80046
86	27	0.786848
86	46	0.766498
86	61	0.752622
86	62	0.805331
86	69	0.780777
86	70	0.782096
86	71	0.775752
86	73	0.772706
86	84	0.754604
86	91	0.790226
86	143	2.40254
86	145	0.786185
86	154	0.772998
86	156	0.762237
86	160	1.57077
86	161	2.3914
86	167	2.27908
86	177	2.83915
87	51	0.785173
87	67	0.748769
87	77	2.13052
87	83	0.694226
87	107	2.22874
87	110	0.776663
87	132	1.39413
87	135	0.781271
87	148	0.75944
87	150	1.38353
87	152	0.721069
87	155	0.741408
87	164	0.758774
87	168	0.700304
87	169	0.725722
87	171	0.739244
87	172	0.74941
87	173	0.709572
87	176	0.692377
87	178	0.682801
87	179	0.724286
87	180	0.69727
88	4	0.751499
88	5	0.756437
88	28	0.733029
88	35	0.755716
88	43	0.787145
88	50	0.786786
88	60	0.755736
88	65	0.756004
88	68	0.859693
88	77	0.785905
88	82	0.784512
88	92	0.805403
88	109	0.766175
88	113	0.69217
88	129	0.772252
88	130	1.36128
88	141	0.732604
88	159	2.30165
88	166	0.753818
88	170	0.75959
88	177	2.50761
88	179	2.3185
88	180	3.58339
89	37	0.72763
89	40	0.788026
89	45	0.777484
89	53	0.766262
89	83	0.708814
89	94	0.752012
89	95	0.790501
89	98	0.787847
89	101	0.780979
89	103	0.80947
89	106	0.767305
89	108	0.802333
89	111	0.802666
89	112	0.767111
89	114	0.763701
89	129	2.226
89	157	0.75766
89	159	2.8753
89	164	2.0535
89	165	1.90909
89	170	0.754394
89	177	0.730362
89	179	2.89214
90	22	2.00378
90	24	0.704807
90	47	0.800351
90	52	2.44445
90	60	2.86341
90	112	1.3089
90	115	0.673341
90	120	0.772718
90	132	0.750157
90	133	0.74892
90	144	0.73454
90	146	0.751923
90	147	0.751965
90	156	0.735393
90	157	0.729799
90	167	0.727296
90	168	0.687032
90	172	0.736138
90	174	0.714745
90	175	0.699657
90	178	0.669529
90	179	0.711014
90	180	0.683997
91	8	0.731542
91	10	0.734475
91	11	0.81288
91	15	0.791817
91	27	0.778205
91	29	1.62977
91	35	0.740861
91	46	0.757855
91	61	0.74398
91	62	0.796688
91	63	1.19798
91	69	0.772135
91	70	0.773453
91	71	0.767109
91	73	0.764064
91	84	0.745962
91	86	0.790226
91	124	1.89584
91	143	2.64742
91	145	0.777542
91	152	3.35132
91	154	0.764355
91	156	0.753595
92	4	0.745609
92	5	0.750547
92	6	0.844781
92	28	0.727139
92	31	2.60564
92	43	0.781255
92	50	0.780897
92	60	0.749846
92	63	0.638266
92	65	0.750114
92	68	0.853803
92	77	0.780015
92	81	2.50532
92	82	0.778622
92	88	0.805403
92	109	0.760285
92	113	0.68628
92	121	2.43796
92	129	0.766363
92	141	0.726714
92	161	2.07656
92	166	0.747928
92	170	0.7537
93	1	1.49827
93	28	2.84056
93	65	2.07398
93	79	0.795822
93	82	0.909882
93	101	1.71364
93	121	0.746895
93	125	0.787828
93	136	0.797641
93	142	0.752269
93	148	0.78107
93	151	0.766742
93	155	0.763037
93	156	0.770294
93	158	0.749582
93	160	0.801466
93	171	0.760873
93	172	0.771039
93	173	0.731202
93	175	0.734559
93	176	0.714007
93	178	0.704431
93	179	0.745916
93	180	0.718899
94	37	0.678742
94	45	0.728596
94	53	0.717374
94	80	2.38629
94	83	0.659926
94	89	0.752012
94	95	0.741613
94	98	0.738959
94	101	0.732091
94	103	0.760581
94	106	0.718417
94	108	0.753444
94	111	0.753777
94	112	0.718222
94	114	0.714813
94	121	3.57042
94	135	2.50879
94	150	0.736723
94	154	0.725126
94	156	2.76057
94	157	0.708771
94	163	0.692519
94	170	0.705506
94	177	0.681474
95	37	0.717231
95	40	0.777627
95	53	0.755862
95	83	0.698414
95	89	0.790501
95	94	0.741613
95	98	0.777448
95	101	0.770579
95	103	0.79907
95	106	0.756906
95	108	0.791933
95	111	0.792266
95	112	0.756711
95	114	0.753301
95	115	5.31269
95	135	1.1299
95	143	1.84126
95	150	0.775212
95	154	0.763614
95	163	0.731008
95	166	1.89816
95	170	0.743994
95	174	2.17083
95	177	0.719963
96	33	0.730306
96	41	3.21898
96	54	0.700441
96	56	0.694367
96	66	2.68071
96	74	3.30032
96	101	0.717048
96	106	0.703375
96	111	0.738735
96	112	0.70318
96	114	0.699771
96	138	0.723218
96	149	0.667257
96	158	0.678611
96	161	0.695255
96	168	0.650962
96	171	0.689902
96	172	0.700068
96	175	0.663587
96	176	0.643035
96	177	0.666432
96	179	0.674944
96	180	0.647927
97	3	1.5111
97	19	1.95149
97	67	0.773872
97	74	1.81846
97	75	0.764714
97	122	0.781464
97	124	0.774664
97	126	1.6975
97	145	1.47932
97	151	0.770216
97	153	0.796984
97	158	0.753056
97	159	0.753582
97	160	0.80494
97	169	0.750825
97	171	0.764347
97	172	0.774512
97	173	0.734675
97	174	0.753119
97	175	0.738032
97	176	0.71748
97	178	0.707904
97	179	0.749389
97	180	0.722372
98	37	0.714577
98	45	0.764431
98	53	0.753209
98	67	2.30215
98	89	0.787847
98	94	0.738959
98	95	0.777448
98	101	0.767926
98	103	0.796417
98	106	0.754252
98	108	0.78928
98	111	0.789613
98	112	0.754058
98	114	0.750648
98	150	0.772558
98	154	0.760961
98	157	0.744607
98	163	0.728354
98	164	2.02472
98	165	1.8803
98	166	2.67276
98	169	2.93633
98	170	0.741341
98	177	0.717309
99	66	0.761884
99	72	0.756723
99	104	0.747708
99	105	0.745884
99	107	0.739448
99	116	0.733132
99	117	2.63486
99	118	0.758907
99	120	0.777525
99	123	0.770601
99	126	0.73958
99	127	0.73589
99	131	0.763343
99	132	0.754964
99	133	0.753727
99	137	0.748689
99	139	0.748847
99	140	0.751761
99	141	2.46465
99	144	0.739347
99	146	0.75673
99	147	0.756771
99	151	2.59001
99	170	2.19888
99	175	2.89818
100	25	1.61923
100	72	1.98424
100	76	0.801117
100	104	1.88463
100	112	1.10808
100	121	0.739157
100	122	0.770252
100	134	0.794394
100	136	0.789903
100	137	1.7902
100	143	0.75638
100	148	0.773332
100	151	0.759004
100	155	0.7553
100	159	0.742371
100	162	0.759694
100	164	0.772666
100	169	0.739614
100	173	0.723464
100	174	0.741908
100	175	0.726821
100	176	0.706269
100	178	0.696693
100	179	0.738178
100	180	0.711161
101	35	2.53537
101	37	0.707709
101	40	0.768105
101	45	0.757562
101	53	0.74634
101	89	0.780979
101	93	1.71364
101	94	0.732091
101	95	0.770579
101	96	0.717048
101	98	0.767926
101	103	0.789548
101	106	0.747384
101	108	0.782411
101	111	0.782744
101	112	0.747189
101	114	0.743779
101	154	0.754092
101	155	2.64237
101	157	0.737738
101	161	2.47094
101	163	0.721486
101	170	0.734472
101	171	2.31763
101	177	0.710441
102	72	0.7536
102	74	0.753027
102	104	0.744585
102	105	0.742762
102	116	0.73001
102	118	0.755784
102	120	0.774402
102	123	0.767479
102	126	0.736458
102	127	0.732768
102	128	1.74218
102	131	0.760221
102	132	0.751842
102	133	0.750605
102	137	0.745566
102	139	0.745725
102	140	0.748638
102	146	0.753607
102	147	0.753649
102	150	0.759435
102	165	0.769455
102	170	1.98576
102	173	2.56205
102	176	3.84535
102	177	2.702
103	40	0.796596
103	45	0.786053
103	53	0.774831
103	89	0.80947
103	94	0.760581
103	95	0.79907
103	98	0.796417
103	101	0.789548
103	106	0.775875
103	108	0.810902
103	111	0.811235
103	112	0.77568
103	114	0.77227
103	141	0.735977
103	150	0.79418
103	154	0.782583
103	157	0.766229
103	161	2.41116
103	162	2.2203
103	163	0.749977
103	164	1.83116
103	165	1.68674
103	170	0.762963
103	173	2.71897
103	175	2.84197
103	177	0.738931
104	74	0.749064
104	99	0.747708
104	100	1.88463
104	102	0.744585
104	105	0.738799
104	107	0.732362
104	116	0.726046
104	118	0.751821
104	122	2.73631
104	123	0.763515
104	126	0.732495
104	127	0.728805
104	131	0.756258
104	132	0.747878
104	133	0.746642
104	137	0.741603
104	139	0.741762
104	140	0.744675
104	144	0.732261
104	146	0.749644
104	147	0.749686
104	148	2.0287
104	161	0.729046
104	163	2.62326
104	165	0.765492
104	177	3.22905
105	41	0.745422
105	64	3.16991
105	99	0.745884
105	102	0.742762
105	104	0.738799
105	116	0.724223
105	118	0.749997
105	120	0.768616
105	121	2.74451
105	123	0.761692
105	126	0.730671
105	127	0.726981
105	128	1.87105
105	131	0.754434
105	132	0.746055
105	133	0.744818
105	137	0.739779
105	138	1.93342
105	139	0.739938
105	140	0.742851
105	142	2.82662
105	144	0.730438
105	146	0.74782
105	147	0.747862
105	165	0.763668
105	166	0.716659
106	37	0.694035
106	40	0.754431
106	45	0.743889
106	53	0.732667
106	81	2.42565
106	89	0.767305
106	94	0.718417
106	95	0.756906
106	96	0.703375
106	98	0.754252
106	101	0.747384
106	103	0.775875
106	108	0.768738
106	111	0.769071
106	112	0.733516
106	113	5.78536
106	114	0.730106
106	128	1.48484
106	141	0.693813
106	150	0.752016
106	151	2.11954
106	154	0.740419
106	157	0.724065
106	163	0.707813
106	165	1.27248
106	170	0.720799
106	177	0.696767
107	49	0.730814
107	72	0.741377
107	74	0.740804
107	87	2.22874
107	99	0.739448
107	104	0.732362
107	116	0.717787
107	118	0.743561
107	120	0.762179
107	123	0.755256
107	126	0.724235
107	127	0.720545
107	131	0.747998
107	132	0.739619
107	133	0.738382
107	135	2.27954
107	137	0.733343
107	139	0.733502
107	140	0.736415
107	144	0.724001
107	146	0.741384
107	147	0.741426
107	150	0.747212
107	161	0.720787
107	171	2.82646
107	172	2.41428
107	179	3.2384
108	37	0.729063
108	40	0.789459
108	45	0.778916
108	53	0.767694
108	80	0.943648
108	89	0.802333
108	94	0.753444
108	95	0.791933
108	98	0.78928
108	101	0.782411
108	103	0.810902
108	106	0.768738
108	111	0.804098
108	112	0.768543
108	114	0.765133
108	122	1.72139
108	141	0.72884
108	150	0.787043
108	154	0.775446
108	157	0.759092
108	163	0.74284
108	166	1.83442
108	167	1.65407
108	170	0.755826
108	177	0.731795
108	178	4.18067
108	180	3.28991
109	9	0.809201
109	18	0.693779
109	20	0.772136
109	32	0.751651
109	36	0.747088
109	44	0.66663
109	50	0.741669
109	51	1.59509
109	54	0.724449
109	58	0.715666
109	68	0.814575
109	79	2.23279
109	82	0.739394
109	88	0.766175
109	92	0.760285
109	143	2.93814
109	145	0.747279
109	150	0.745689
109	154	0.734092
109	156	2.47855
109	163	0.701486
109	165	0.755709
109	166	0.7087
109	168	0.674971
109	170	0.714472
109	177	0.690441
109	179	3.18564
110	24	2.99051
110	60	2.42707
110	69	1.77717
110	87	0.776663
110	115	0.691552
110	125	0.771137
110	128	0.765612
110	137	1.55468
110	143	0.747427
110	149	0.721538
110	150	1.00238
110	151	0.750052
110	152	0.726008
110	153	0.77682
110	158	0.732892
110	159	0.733418
110	160	0.784776
110	164	0.763713
110	171	0.744183
110	173	0.714511
110	174	0.732955
110	175	0.717868
110	176	0.697316
110	177	0.720713
110	178	0.68774
110	179	0.729225
110	180	0.702208
111	37	0.729396
111	40	0.789792
111	45	0.779249
111	53	0.768027
111	89	0.802666
111	94	0.753777
111	95	0.792266
111	96	0.738735
111	98	0.789613
111	101	0.782744
111	103	0.811235
111	106	0.769071
111	108	0.804098
111	112	0.768876
111	114	0.765466
111	122	2.1887
111	141	0.729173
111	143	2.24483
111	149	3.08527
111	150	0.787376
111	154	0.775779
111	155	2.40512
111	157	0.759425
111	167	2.12138
111	170	0.756159
111	171	2.08038
111	177	0.732127
112	2	0.472631
112	37	0.693841
112	40	0.754237
112	45	0.743694
112	53	0.732472
112	89	0.767111
112	90	1.3089
112	94	0.718222
112	95	0.756711
112	96	0.70318
112	98	0.754058
112	100	1.10808
112	101	0.747189
112	103	0.77568
112	106	0.733516
112	108	0.768543
112	111	0.768876
112	114	0.729911
112	115	5.48731
112	141	0.693618
112	150	0.751821
112	154	0.740224
112	157	0.72387
112	163	0.707618
112	170	0.720604
112	176	3.59585
112	177	0.696573
113	28	0.613906
113	31	0.651252
113	42	5.41464
113	43	0.668022
113	50	0.667663
113	65	0.636881
113	77	0.666782
113	82	0.665389
113	88	0.69217
113	92	0.68628
113	106	5.78536
113	115	0.587274
113	117	0.637849
113	131	0.67247
113	132	0.664091
113	137	0.657815
113	140	0.660887
113	143	0.643149
113	144	0.648474
113	146	0.665856
113	147	0.665898
113	151	0.645774
113	172	0.650071
113	174	0.628678
113	175	0.613591
113	178	0.583463
113	179	0.624948
113	180	0.597931
114	37	0.690431
114	40	0.750827
114	45	0.740285
114	53	0.729063
114	55	2.2598
114	63	1.91586
114	78	2.13355
114	83	0.671614
114	89	0.763701
114	94	0.714813
114	95	0.753301
114	96	0.699771
114	98	0.750648
114	101	0.743779
114	103	0.77227
114	106	0.730106
114	108	0.765133
114	111	0.765466
114	112	0.729911
114	141	0.690208
114	150	0.748412
114	154	0.736814
114	157	0.72046
114	160	2.53353
114	163	0.704208
114	166	3.42219
114	170	0.717195
114	177	0.693163
115	64	0.6379
115	90	0.673341
115	95	5.31269
115	110	0.691552
115	112	5.48731
115	113	0.587274
115	117	0.652077
115	125	0.681087
115	130	0.702976
115	136	0.6909
115	148	0.674329
115	149	0.631488
115	152	0.635958
115	155	0.656297
115	156	0.663554
115	158	0.642842
115	162	0.660691
115	169	0.640611
115	171	0.654133
115	172	0.664299
115	173	0.624461
115	174	0.642906
115	175	0.627818
115	176	0.607266
115	178	0.59769
115	179	0.639175
115	180	0.612159
116	49	0.724498
116	72	0.735061
116	99	0.733132
116	102	0.73001
116	104	0.726046
116	105	0.724223
116	107	0.717787
116	118	0.737245
116	120	0.755863
116	123	0.74894
116	126	0.717919
116	127	0.714229
116	129	0.722341
116	131	0.741682
116	132	0.733303
116	133	0.732066
116	135	2.18513
116	137	0.727027
116	139	0.727186
116	140	0.730099
116	144	0.717685
116	146	0.735068
116	147	0.73511
116	150	0.740896
116	164	2.30536
116	168	3.73581
116	170	2.61688
116	179	3.144
117	13	2.71143
117	99	2.63486
117	113	0.637849
117	115	0.652077
117	124	0.715025
117	134	0.745966
117	135	0.746735
117	138	0.738024
117	142	0.696103
117	144	2.69966
117	148	0.724904
117	149	0.682063
117	154	1.99065
117	160	0.745301
117	162	0.711266
117	164	0.724238
117	165	0.746507
117	169	0.691187
117	170	0.70527
117	171	0.704708
117	172	0.714874
117	173	0.675036
117	174	0.693481
117	175	0.678393
117	176	0.657841
117	178	0.648265
117	179	0.689751
117	180	0.662734
118	63	0.800804
118	66	0.765997
118	74	0.760263
118	99	0.758907
118	102	0.755784
118	104	0.751821
118	105	0.749997
118	107	0.743561
118	116	0.737245
118	120	0.781638
118	123	0.774714
118	125	1.72831
118	126	0.743693
118	127	0.740003
118	129	0.748116
118	131	0.767456
118	132	0.759077
118	133	0.75784
118	139	0.75296
118	140	0.755874
118	144	0.74346
118	146	0.760843
118	147	0.760885
118	156	1.8111
118	162	2.0687
118	166	0.729681
118	170	1.99107
118	177	2.70731
118	178	4.67385
119	6	1.68972
119	15	1.79713
119	49	2.52824
119	50	2.23617
119	52	1.90019
119	55	0.792381
119	80	0.786378
119	84	1.84856
119	121	0.735624
119	125	0.776557
119	130	0.798446
119	135	0.791629
119	142	0.740998
119	148	0.769799
119	149	0.726958
119	153	0.78224
119	155	0.751767
119	157	0.75343
119	159	0.738838
119	162	0.756161
119	164	0.769133
119	171	0.749603
119	172	0.759768
119	173	0.719931
119	174	0.738375
119	175	0.723288
119	176	0.702736
119	178	0.69316
119	179	0.734645
119	180	0.707628
120	2	1.45493
120	66	0.784615
120	72	0.779454
120	90	0.772718
120	99	0.777525
120	102	0.774402
120	105	0.768616
120	107	0.762179
120	116	0.755863
120	118	0.781638
120	123	0.793332
120	124	2.2466
120	126	0.762312
120	127	0.758622
120	131	0.786075
120	132	0.777695
120	133	0.776459
120	134	1.80389
120	137	0.77142
120	138	2.53735
120	139	0.771579
120	140	0.774492
120	144	0.762078
120	146	0.779461
120	147	0.779503
120	148	2.23445
120	150	0.785289
120	160	2.16642
120	161	0.758863
120	163	2.82901
120	165	0.795309
121	10	3.24711
121	81	0.685004
121	85	0.730318
121	92	2.43796
121	93	0.746895
121	94	3.57042
121	100	0.739157
121	105	2.74451
121	119	0.735624
121	128	0.714215
121	134	0.734044
121	142	0.684181
121	148	0.712982
121	149	0.67014
121	152	0.67461
121	153	0.725423
121	155	0.694949
121	158	0.681495
121	160	0.733378
121	168	0.653846
121	169	0.679264
121	171	0.692785
121	173	0.663114
121	174	0.681558
121	175	0.666471
121	176	0.645919
121	177	0.669315
121	178	0.636343
121	179	0.677828
121	180	0.650811
122	22	2.65464
122	48	2.69896
122	97	0.781464
122	100	0.770252
122	104	2.73631
122	108	1.72139
122	111	2.1887
122	141	0.697456
122	142	0.715276
122	143	0.727125
122	149	0.701236
122	151	0.729749
122	152	0.705706
122	153	0.756518
122	156	0.733302
122	158	0.71259
122	162	0.730439
122	164	0.743411
122	165	0.765679
122	168	0.684941
122	169	0.710359
122	171	0.723881
122	172	0.734046
122	173	0.694209
122	174	0.712653
122	175	0.697566
122	176	0.677014
122	178	0.667438
122	179	0.708923
122	180	0.681906
123	41	0.770139
123	66	0.777691
123	74	0.771957
123	99	0.770601
123	102	0.767479
123	104	0.763515
123	105	0.761692
123	107	0.755256
123	116	0.74894
123	118	0.774714
123	120	0.793332
123	126	0.755388
123	127	0.751698
123	131	0.779151
123	132	0.770772
123	133	0.769535
123	137	0.764496
123	139	0.764655
123	140	0.767568
123	144	0.755154
123	146	0.772537
123	147	0.772579
123	150	0.778365
123	156	1.89093
123	160	1.51875
123	164	1.75938
123	165	0.788385
123	166	0.741376
123	171	2.18607
123	175	2.77019
123	176	3.93048
123	179	2.59801
124	37	3.20655
124	61	2.59973
124	91	1.89584
124	97	0.774664
124	117	0.715025
124	120	2.2466
124	130	0.765924
124	136	0.753848
124	137	1.94642
124	142	0.708476
124	149	0.694436
124	151	0.722949
124	152	0.698906
124	153	0.749718
124	155	0.719245
124	158	0.70579
124	159	0.706316
124	160	0.757674
124	162	0.723639
124	163	0.704656
124	164	0.736611
124	169	0.703559
124	171	0.717081
124	172	0.727246
124	173	0.687409
124	174	0.705853
124	175	0.690766
124	176	0.670214
124	178	0.660638
124	179	0.702123
124	180	0.675106
125	11	2.30461
125	18	2.75036
125	31	0.745065
125	42	1.09493
125	73	2.34865
125	79	0.768667
125	93	0.787828
125	110	0.771137
125	115	0.681087
125	118	1.72831
125	119	0.776557
125	128	0.755148
125	130	0.782562
125	135	0.775745
125	138	0.767034
125	140	1.99153
125	143	0.736962
125	152	0.715543
125	153	0.766356
125	155	0.735882
125	160	0.774311
125	164	0.753248
125	169	0.720197
125	171	0.733718
125	172	0.743884
125	173	0.704047
125	174	0.722491
125	175	0.707404
125	176	0.686852
125	177	0.710248
125	178	0.677276
125	180	0.691744
126	41	0.739118
126	49	0.730946
126	63	0.781478
126	66	0.74667
126	72	0.741509
126	74	0.740936
126	97	1.6975
126	99	0.73958
126	102	0.736458
126	104	0.732495
126	105	0.730671
126	107	0.724235
126	116	0.717919
126	118	0.743693
126	120	0.762312
126	123	0.755388
126	127	0.720677
126	131	0.74813
126	132	0.739751
126	133	0.738514
126	137	0.733475
126	139	0.733634
126	140	0.736547
126	144	0.724134
126	146	0.741516
126	147	0.741558
126	148	1.92247
126	157	2.36276
126	166	0.710355
126	168	3.52552
126	173	2.98287
126	177	3.12282
127	2	1.33445
127	41	0.735428
127	49	0.727256
127	66	0.74298
127	72	0.737819
127	75	2.27597
127	99	0.73589
127	102	0.732768
127	104	0.728805
127	105	0.726981
127	107	0.720545
127	116	0.714229
127	118	0.740003
127	120	0.758622
127	123	0.751698
127	126	0.720677
127	129	0.7251
127	131	0.74444
127	132	0.736061
127	133	0.734824
127	137	0.729785
127	139	0.729944
127	140	0.732857
127	144	0.720444
127	146	0.737826
127	147	0.737868
127	157	2.55426
127	161	0.717229
127	165	0.753674
127	166	0.706665
127	167	2.75425
127	173	3.17437
127	175	3.29738
128	16	2.34166
128	29	0.801351
128	44	3.15503
128	78	0.763261
128	85	0.765726
128	102	1.74218
128	105	1.87105
128	106	1.48484
128	110	0.765612
128	121	0.714215
128	125	0.755148
128	134	0.769451
128	135	0.77022
128	136	0.764961
128	143	0.731437
128	146	2.04916
128	149	0.705548
128	152	0.710018
128	153	0.760831
128	158	0.716902
128	159	0.717429
128	160	0.768786
128	162	0.734751
128	167	0.729517
128	171	0.728193
128	172	0.738359
128	173	0.698521
128	174	0.716966
128	175	0.701878
128	176	0.681326
128	178	0.67175
128	179	0.713236
128	180	0.686219
129	9	2.03493
129	23	2.37662
129	43	0.748105
129	45	2.18709
129	59	1.84269
129	60	0.716696
129	61	2.93267
129	65	0.716964
129	68	0.820653
129	77	0.746865
129	82	0.745471
129	88	0.772252
129	89	2.226
129	92	0.766363
129	116	0.722341
129	118	0.748116
129	127	0.7251
129	133	0.742937
129	137	0.737898
129	139	0.738057
129	144	0.728556
129	146	0.745939
129	147	0.745981
129	151	0.725857
129	155	0.722152
129	159	0.709224
129	162	0.726546
129	170	0.72055
129	173	0.690316
129	175	0.693673
129	176	0.673121
129	178	0.663545
129	179	0.705031
129	180	0.678014
130	32	1.26574
130	58	2.47512
130	68	1.80029
130	71	2.24083
130	88	1.36128
130	115	0.702976
130	119	0.798446
130	124	0.765924
130	125	0.782562
130	134	0.796866
130	138	0.788923
130	142	0.747002
130	143	0.758851
130	147	2.19515
130	148	0.775803
130	152	0.737432
130	153	0.788245
130	154	1.12458
130	155	0.757771
130	158	0.744316
130	159	0.744843
130	160	0.7962
130	162	0.762165
130	164	0.775137
130	166	0.750397
130	169	0.742086
130	171	0.755607
130	172	0.765773
130	174	0.74438
130	175	0.729292
130	176	0.70874
130	178	0.699164
130	179	0.74065
130	180	0.713633
131	41	0.762881
131	49	0.754709
131	66	0.770433
131	75	1.87457
131	81	0.731547
131	99	0.763343
131	102	0.760221
131	104	0.756258
131	105	0.754434
131	107	0.747998
131	113	0.67247
131	116	0.741682
131	118	0.767456
131	120	0.786075
