1	3	0.502602
1	106	0.330125
1	111	0.361683
1	124	0.508151
1	152	1.37698
1	172	1.18603
1	174	1.14626
1	175	1.18965
1	176	1.22452
1	177	1.20303
1	178	1.13023
1	180	1.17581
2	110	1.07963
2	127	1.08044
2	130	1.06856
2	132	1.09011
2	133	1.08826
2	135	1.08819
2	144	1.07947
2	150	0.707334
2	153	1.07724
2	166	1.18867
2	171	1.08531
2	179	0.919859
3	1	0.502602
3	32	1.07175
3	37	1.03648
3	49	1.00729
3	58	1.08678
3	73	1.06227
3	81	1.09736
3	86	1.09767
3	122	1.04295
3	136	1.07246
3	146	0.923313
3	179	1.35391
4	53	0.577389
4	78	1.15944
4	90	1.19015
4	93	1.16621
4	95	1.26373
4	97	1.14789
4	98	1.23023
4	99	1.20133
4	126	0.798028
4	140	0.841926
4	145	0.862601
4	159	1.24381
5	8	1.12527
5	46	1.23889
5	75	1.27434
5	91	1.20934
5	102	1.17019
5	104	1.17034
5	105	1.17043
5	142	0.611306
5	145	1.2468
5	146	0.657661
5	159	0.638577
5	174	1.24897
6	28	0.720607
6	42	1.14223
6	107	1.07763
6	127	1.07063
6	134	1.07244
6	141	1.08267
6	142	1.05708
6	144	1.06966
6	165	1.1507
6	168	1.09256
6	171	1.0755
6	179	0.91005
7	125	0.616379
7	130	1.20332
7	132	1.22487
7	133	1.22302
7	134	1.21701
7	135	1.22295
7	144	1.21423
7	162	0.719607
7	166	0.929705
7	167	0.884063
7	171	1.22007
7	179	1.05462
8	5	1.12527
8	23	0.722672
8	75	1.11743
8	82	1.08146
8	91	1.05243
8	102	1.01328
8	104	1.01343
8	105	1.01352
8	123	1.05791
8	140	0.911805
8	145	1.08988
8	170	1.31526
9	39	0.931707
9	129	1.06197
9	141	1.10957
9	163	0.983952
9	166	0.963603
9	167	0.963419
9	174	0.910844
9	175	0.954231
9	176	0.989099
9	177	0.967608
9	178	0.894808
9	180	0.940388
10	40	1.1796
10	85	1.2293
10	90	1.19559
10	93	1.17165
10	97	1.15333
10	99	1.20678
10	115	1.21796
10	149	0.5979
10	159	1.24925
10	162	0.754526
10	170	0.937004
10	177	0.86925
11	34	0.572341
11	79	1.20396
11	83	1.15678
11	101	1.2228
11	106	1.18449
11	108	1.21208
11	148	1.25104
11	154	1.22563
11	161	0.922847
11	169	1.14258
11	175	0.917996
11	176	0.729902
12	70	1.09337
12	105	1.02187
12	155	1.07896
12	162	1.01306
12	171	0.999571
12	172	0.924042
12	174	0.884277
12	175	0.927663
12	176	0.962531
12	177	0.94104
12	178	0.868241
12	180	0.91382
13	56	1.11052
13	107	1.08425
13	127	1.07725
13	130	1.06537
13	132	1.08692
13	135	1.085
13	139	1.01496
13	144	1.07628
13	149	0.793748
13	163	1.17207
13	171	1.08212
13	179	0.91667
14	46	1.24101
14	47	1.15417
14	74	1.18906
14	75	1.27647
14	82	1.24049
14	102	1.17232
14	104	1.17246
14	105	1.17256
14	131	0.677242
14	148	0.591105
14	169	0.814098
14	172	1.06132
15	32	1.07906
15	36	1.03316
15	37	1.04379
15	49	1.0146
15	73	1.06958
15	81	1.10467
15	86	1.10498
15	122	1.05026
15	128	0.872764
15	136	1.07977
15	140	0.904971
15	176	1.15193
16	65	0.575943
16	98	0.376251
16	121	1.26817
16	124	1.24578
16	132	0.324003
16	135	0.35457
16	168	1.30744
16	171	1.29038
16	175	1.14544
16	177	1.15881
16	178	1.08601
16	180	1.13159
17	78	1.1644
17	85	1.22881
17	90	1.19511
17	93	1.17117
17	97	1.15285
17	98	1.23519
17	99	1.20629
17	139	0.778057
17	153	0.812137
17	155	0.614575
17	158	0.970098
17	159	1.24877
18	31	0.475503
18	111	1.20055
18	113	1.19897
18	119	1.2089
18	121	1.20411
18	124	1.18172
18	139	0.907224
18	153	1.13267
18	160	0.85002
18	168	1.24338
18	171	1.22632
18	176	0.868619
19	27	1.19349
19	33	1.16354
19	52	0.484247
19	55	1.12789
19	74	1.15231
19	82	1.20374
19	91	1.17471
19	102	1.13556
19	104	1.13571
19	105	1.1358
19	161	0.973102
19	167	0.918631
19	180	0.954975
20	41	1.22385
20	110	1.15979
20	112	1.14723
20	133	1.16842
20	135	1.16835
20	141	1.17264
20	145	0.702661
20	150	0.63173
20	153	1.00163
20	168	1.18253
20	171	1.16547
20	177	1.01769
20	179	1.00002
21	89	0.693787
21	100	1.10659
21	103	1.13694
21	114	1.20658
21	115	0.846993
21	119	1.16361
21	124	1.13643
21	143	0.839454
21	153	1.08738
21	154	1.17519
21	162	0.965985
21	168	1.19809
21	171	1.18103
22	103	1.12706
22	109	0.607929
22	111	1.14539
22	113	1.14381
22	114	1.19671
22	119	1.15374
22	121	1.14894
22	124	1.12656
22	148	0.651918
22	168	1.18821
22	171	1.17115
22	172	1.12213
22	177	0.956551
23	8	0.722672
23	119	0.425413
23	133	0.479931
23	141	0.407683
23	156	1.2505
23	164	1.18224
23	166	1.16158
23	173	1.13501
23	174	1.10882
23	176	1.18707
23	177	1.16558
23	178	1.09278
23	180	1.13836
24	54	0.637669
24	65	1.17373
24	83	1.1005
24	88	1.17149
24	94	1.22572
24	106	1.12821
24	108	1.15579
24	125	0.83515
24	128	1.19303
24	131	0.834606
24	154	1.16935
24	169	1.08629
24	177	1.0531
25	36	1.11975
25	37	1.13038
25	49	1.10119
25	58	1.18068
25	73	1.15617
25	81	1.19126
25	86	1.19157
25	122	1.13685
25	129	0.716894
25	136	1.16637
25	155	0.61993
25	157	0.781407
25	178	1.255
26	63	0.632561
26	79	1.1522
26	88	1.17601
26	89	0.653765
26	92	1.14888
26	101	1.17104
26	106	1.13273
26	108	1.16032
26	148	1.19928
26	154	1.17387
26	164	1.12255
26	169	1.09082
26	176	0.951944
27	19	1.19349
27	33	1.14411
27	74	1.13288
27	75	1.22028
27	91	1.15528
27	102	1.11613
27	104	1.11628
27	105	1.11637
27	139	0.880789
27	145	1.19273
27	148	0.626293
27	169	0.849286
27	170	0.99868
28	6	0.720607
28	66	0.466918
28	102	0.345529
28	124	0.546029
28	163	1.19034
28	166	1.16999
28	167	1.16981
28	174	1.11723
28	175	1.16062
28	176	1.19549
28	177	1.174
28	178	1.1012
28	180	1.14678
29	77	1.11553
29	109	0.995808
29	112	1.02748
29	116	1.06078
29	130	1.02898
29	131	1.12593
29	133	1.04868
29	135	1.04861
29	141	1.0529
29	144	1.03989
29	151	1.02718
29	168	1.06279
29	179	0.88028
30	61	1.14851
30	83	1.1571
30	94	1.28232
30	101	1.22311
30	106	1.18481
30	108	1.21239
30	115	0.598039
30	138	0.795645
30	148	1.25135
30	169	1.14289
30	175	0.931106
30	177	0.831755
31	18	0.475503
31	66	0.640184
31	107	0.593099
31	169	1.21584
31	170	1.17649
31	171	0.378814
31	173	1.1426
31	174	1.11641
31	175	1.15979
31	176	1.19466
31	177	1.17317
31	178	1.10037
31	180	1.14595
32	3	1.07175
32	15	1.07906
32	36	1.13212
32	58	1.19305
32	73	1.16854
32	81	1.20363
32	86	1.20394
32	122	1.14922
32	136	1.17873
32	147	0.634896
32	157	0.915387
32	165	0.742494
32	180	1.05361
33	19	1.16354
33	27	1.14411
33	44	0.853836
33	47	1.06804
33	74	1.10293
33	82	1.15436
33	102	1.08618
33	104	1.08633
33	105	1.08642
33	123	1.13081
33	145	1.16279
33	170	0.780785
33	175	0.812382
33	178	1.13448
34	11	0.572341
34	39	0.508348
34	85	0.552395
34	161	1.13841
34	165	1.21559
34	166	1.11999
34	167	1.11981
34	170	1.12732
34	171	0.614369
34	172	1.107
34	175	1.11062
34	177	1.124
34	178	1.0512
34	180	1.09678
35	103	1.09638
35	113	1.11312
35	114	1.16602
35	119	1.12305
35	121	1.11826
35	124	1.09587
35	148	0.801472
35	150	0.720146
35	152	0.768151
35	153	1.04682
35	154	1.13463
35	168	1.15753
35	171	1.14047
35	179	1.26441
36	15	1.03316
36	25	1.11975
36	32	1.13212
36	49	1.06766
36	58	1.14715
36	73	1.12264
36	81	1.15773
36	86	1.15804
36	122	1.10331
36	136	1.13283
36	146	0.718484
36	150	0.604816
36	175	1.09013
36	179	1.14908
37	3	1.03648
37	15	1.04379
37	25	1.13038
37	49	1.07829
37	58	1.15777
37	73	1.13327
37	81	1.16836
37	86	1.16867
37	118	0.798392
37	122	1.11394
37	136	1.14346
37	148	0.953743
37	150	0.872418
37	152	0.920423
38	100	1.202
38	103	1.23235
38	111	1.25068
38	113	1.2491
38	124	1.23185
38	138	0.70674
38	153	1.18279
38	154	1.27061
38	157	0.690707
38	163	0.849823
38	168	1.2935
38	171	1.27644
38	175	0.842201
38	176	0.654107
39	9	0.931707
39	34	0.508348
39	103	1.21595
39	111	1.23428
39	113	1.2327
39	114	1.2856
39	119	1.24263
39	121	1.23783
39	123	0.523379
39	124	1.21545
39	163	0.861625
39	165	0.529617
39	168	1.2771
39	171	1.26004
40	10	1.1796
40	78	1.06285
40	90	1.09355
40	95	1.16713
40	97	1.05129
40	98	1.13364
40	99	1.10474
40	115	1.11592
40	136	1.1285
40	147	0.841778
40	149	0.903061
40	151	0.857159
40	155	0.960792
40	159	1.14721
41	20	1.22385
41	72	1.19914
41	120	0.611345
41	127	1.21263
41	130	1.20075
41	134	1.21445
41	135	1.22039
41	141	1.22468
41	143	0.657526
41	144	1.21166
41	149	0.62743
41	167	0.948512
41	171	1.2175
41	173	1.08995
41	179	1.05205
42	6	1.14223
42	44	0.974205
42	107	1.22798
42	112	1.20761
42	130	1.2091
42	134	1.2228
42	135	1.22874
42	144	1.22001
42	145	0.518372
42	159	0.542025
42	168	1.24291
42	170	0.901154
42	171	1.22585
42	173	1.02457
42	179	1.06041
43	51	0.669721
43	110	1.09791
43	127	1.09872
43	130	1.08684
43	132	1.10839
43	133	1.10655
43	134	1.10054
43	135	1.10647
43	141	1.11076
43	145	0.719786
43	153	1.01876
43	168	1.12065
43	171	1.10359
43	174	1.35383
43	179	0.938143
44	33	0.853836
44	42	0.974205
44	58	1.0995
44	73	1.07499
44	81	1.11008
44	86	1.11039
44	132	0.97834
44	136	1.08518
44	139	1.02494
44	174	0.886692
44	175	0.930079
44	176	0.964946
44	177	0.943456
44	178	0.870656
44	180	0.916236
45	87	0.776055
45	100	1.04156
45	103	1.07191
45	109	0.883414
45	111	1.09023
45	114	1.14155
45	119	1.09858
45	121	1.09378
45	124	1.0714
45	148	0.927403
45	153	1.02234
45	154	1.11016
45	168	1.13305
45	171	1.11599
45	176	1.14329
46	5	1.23889
46	14	1.24101
46	57	1.31586
46	75	1.23105
46	82	1.19508
46	89	0.617252
46	102	1.1269
46	104	1.12704
46	105	1.12714
46	123	1.17153
46	145	1.2035
46	146	0.731882
46	150	0.618215
46	160	0.896832
46	170	1.07193
47	14	1.15417
47	33	1.06804
47	51	0.922166
47	55	1.03239
47	57	1.22901
47	82	1.10824
47	91	1.07921
47	102	1.04006
47	104	1.0402
47	105	1.0403
47	118	0.827275
47	123	1.08468
47	143	1.04601
47	145	1.11666
47	152	0.949306
48	70	0.930568
48	72	1.08489
48	116	1.1183
48	118	0.764519
48	130	1.0865
48	132	1.10804
48	133	1.1062
48	134	1.10019
48	141	1.11042
48	144	1.09741
48	150	0.838544
48	153	1.20845
48	168	1.1203
48	171	1.10324
48	179	0.937797
49	3	1.00729
49	15	1.0146
49	25	1.10119
49	36	1.06766
49	37	1.07829
49	58	1.12859
49	73	1.10408
49	81	1.13917
49	86	1.13948
49	122	1.08476
49	136	1.11427
49	150	0.686711
49	151	0.755418
49	153	1.05661
49	173	1.26384
50	61	1.1497
50	63	0.576118
50	83	1.15828
50	88	1.22927
50	92	1.20214
50	94	1.28351
50	101	1.2243
50	106	1.18599
50	108	1.21358
50	131	0.765748
50	140	0.648541
50	154	1.22713
50	162	0.86952
50	169	1.14408
50	180	1.07032
51	43	0.669721
51	47	0.922166
51	61	0.592537
51	85	0.433606
51	158	1.11256
51	165	1.19022
51	167	1.09443
51	170	1.10195
51	172	1.08162
51	174	1.04186
51	175	1.08524
51	176	1.12011
51	177	1.09862
51	178	1.02582
51	180	1.0714
52	19	0.484247
52	65	0.704823
52	106	0.638476
52	127	0.624597
52	142	1.25129
52	157	1.14659
52	172	1.07981
52	173	1.06623
52	174	1.04004
52	175	1.08343
52	176	1.1183
52	177	1.09681
52	178	1.02401
52	179	1.06292
52	180	1.06959
53	4	0.577389
53	57	0.26291
53	83	0.519817
53	119	0.350008
53	124	0.600914
53	156	1.29752
53	167	1.20842
53	170	1.21593
53	173	1.18203
53	174	1.15584
53	175	1.19923
53	176	1.2341
53	177	1.2126
53	178	1.1398
53	180	1.18538
54	24	0.637669
54	64	1.26171
54	97	0.642542
54	113	0.578283
54	136	0.579436
54	162	1.15889
54	167	1.08268
54	172	1.06987
54	173	1.0563
54	174	1.03011
54	175	1.0735
54	176	1.10836
54	177	1.08687
54	178	1.01407
54	180	1.05965
55	19	1.12789
55	47	1.03239
55	74	1.06728
55	75	1.15469
55	82	1.11871
55	91	1.08968
55	102	1.05054
55	104	1.05068
55	105	1.05078
55	118	0.680355
55	123	1.09516
55	145	1.12714
55	156	0.950337
55	165	0.915305
55	167	1.19007
56	13	1.11052
56	67	1.16527
56	71	0.713699
56	109	0.547826
56	112	1.16928
56	127	1.18265
56	130	1.17077
56	132	1.19232
56	141	1.19469
56	144	1.18168
56	157	0.844306
56	168	1.20458
56	170	0.964202
56	171	1.18752
56	172	1.06203
56	179	1.02207
57	46	1.31586
57	47	1.22901
57	53	0.26291
57	69	0.630616
57	74	1.26391
57	82	1.31534
57	91	1.28631
57	102	1.24716
57	104	1.24731
57	105	1.2474
57	123	1.29179
57	140	0.527447
57	145	1.32376
57	160	0.755809
57	163	0.970123
57	166	0.958524
58	3	1.08678
58	25	1.18068
58	32	1.19305
58	36	1.14715
58	37	1.15777
58	44	1.0995
58	49	1.12859
58	63	0.517158
58	81	1.21866
58	86	1.21897
58	89	0.538363
58	122	1.16424
58	136	1.19376
58	160	0.817943
58	177	0.925284
58	178	1.34674
59	83	0.586843
59	111	0.521472
59	130	0.464324
59	141	0.399304
59	157	1.22134
59	165	1.26316
59	166	1.16755
59	167	1.16737
59	171	0.327459
59	173	1.14099
59	174	1.11479
59	176	1.19305
59	177	1.17156
59	178	1.09876
59	179	1.13768
59	180	1.14434
60	78	1.11929
60	85	1.1837
60	90	1.14999
60	93	1.12605
60	95	1.22357
60	97	1.10773
60	98	1.19007
60	99	1.16118
60	122	1.15542
60	129	0.8331
60	136	1.18494
60	137	0.614455
60	151	0.632502
60	153	0.933697
60	159	1.20365
60	173	1.14092
61	30	1.14851
61	50	1.1497
61	51	0.592537
61	65	1.07439
61	71	0.774881
61	79	1.04833
61	84	1.02339
61	88	1.07215
61	101	1.06717
61	106	1.02887
61	108	1.05645
61	148	1.09541
61	154	1.07001
61	169	0.986948
61	172	1.12321
61	174	1.27664
62	84	1.00124
62	114	0.842138
62	120	1.14607
62	139	1.05969
62	154	0.791034
62	160	1.03594
62	166	0.974191
62	170	0.98152
62	172	0.961197
62	173	0.947623
62	174	0.921432
62	175	0.964819
62	176	0.999687
62	177	0.978196
62	178	0.905396
62	180	0.950976
63	26	0.632561
63	50	0.576118
63	58	0.517158
63	110	0.50879
63	114	1.26885
63	119	1.22588
63	124	1.1987
63	136	0.586744
63	160	1.16947
63	168	1.26036
63	171	1.2433
63	175	1.09836
63	176	1.13323
63	177	1.11173
63	178	1.03893
63	180	1.08451
64	54	1.26171
64	86	0.635621
64	112	0.615463
64	133	0.672707
64	164	1.08749
64	170	1.07415
64	171	0.528614
64	172	1.05383
64	173	1.04026
64	174	1.01407
64	175	1.05745
64	176	1.09232
64	177	1.07083
64	178	0.998031
64	179	1.03695
64	180	1.04361
65	16	0.575943
65	24	1.17373
65	52	0.704823
65	61	1.07439
65	79	1.13016
65	84	1.10521
65	92	1.12683
65	94	1.2082
65	101	1.14899
65	106	1.11069
65	108	1.13828
65	131	0.870979
65	142	0.770828
65	148	1.17724
65	154	1.15183
65	157	1.03733
65	169	1.06877
66	28	0.466918
66	31	0.640184
66	100	1.084
66	103	1.11435
66	111	1.13267
66	113	1.13109
66	114	1.18399
66	119	1.14102
66	121	1.13623
66	124	1.11384
66	137	0.786743
66	153	1.06479
66	154	1.1526
66	160	1.0147
66	168	1.1755
66	169	1.0404
66	171	1.15844
67	56	1.16527
67	76	1.18962
67	110	1.13119
67	116	1.15192
67	132	1.14167
67	134	1.13381
67	135	1.13975
67	141	1.14404
67	144	1.13103
67	162	0.722283
67	163	0.943981
67	168	1.15393
67	170	0.904761
67	171	1.13687
67	175	0.936359
67	177	0.837008
67	179	0.971421
68	110	1.13781
68	112	1.12525
68	116	1.15854
68	125	0.797858
68	127	1.13862
68	132	1.14829
68	133	1.14645
68	134	1.14044
68	135	1.14637
68	137	0.680511
68	141	1.15066
68	144	1.13765
68	148	0.711177
68	159	0.724434
68	168	1.16055
68	178	1.43726
68	179	0.978044
69	57	0.630616
69	91	0.729392
69	127	0.776715
69	143	1.14234
69	144	0.718417
69	152	1.2146
69	163	1.05699
69	164	1.0573
69	166	1.03664
69	170	1.04397
69	172	1.02364
69	173	1.01007
69	174	0.983879
69	175	1.02727
69	177	1.04064
69	178	0.967843
69	180	1.01342
70	12	1.09337
70	48	0.930568
70	72	0.687357
70	144	0.657016
70	157	1.0981
70	164	1.06498
70	167	1.04413
70	169	1.09099
70	170	1.05164
70	171	0.566738
70	172	1.03132
70	174	0.991556
70	175	1.03494
70	176	1.06981
70	177	1.04832
70	178	0.97552
70	180	1.0211
71	56	0.713699
71	61	0.774881
71	122	0.765795
71	144	0.768202
71	155	1.17698
71	156	1.12398
71	158	1.053
71	160	1.09681
71	167	1.03488
71	170	1.04239
71	173	1.00849
71	174	0.982302
71	175	1.02569
71	176	1.06056
71	177	1.03907
71	178	0.966267
71	180	1.01185
72	41	1.19914
72	48	1.08489
72	70	0.687357
72	76	1.19351
72	110	1.13508
72	132	1.14556
72	133	1.14371
72	134	1.13771
72	141	1.14793
72	144	1.13492
72	156	0.79129
72	159	0.689916
72	161	1.08549
72	168	1.15782
72	169	0.899652
72	171	1.14076
72	179	0.975312
73	3	1.06227
73	15	1.06958
73	25	1.15617
73	32	1.16854
73	36	1.12264
73	37	1.13327
73	44	1.07499
73	49	1.10408
73	81	1.19415
73	86	1.19446
73	122	1.13973
73	131	0.847496
73	136	1.16925
73	142	0.747345
73	152	0.728038
73	155	0.852373
73	166	1.16137
74	14	1.18906
74	19	1.15231
74	27	1.13288
74	33	1.10293
74	55	1.06728
74	57	1.26391
74	75	1.1791
74	91	1.1141
74	102	1.07495
74	104	1.0751
74	105	1.07519
74	140	0.670066
74	142	0.687122
74	145	1.15155
74	159	0.714393
74	175	1.10512
74	179	1.16408
75	5	1.27434
75	8	1.11743
75	14	1.27647
75	27	1.22028
75	46	1.23105
75	55	1.15469
75	74	1.1791
75	91	1.2015
75	102	1.16235
75	104	1.1625
75	105	1.16259
75	120	0.670996
75	128	0.590522
75	145	1.23896
75	148	0.653798
75	160	0.85109
75	169	0.876791
75	180	1.04451
76	67	1.18962
76	72	1.19351
76	96	1.24145
76	107	1.214
76	116	1.22693
76	117	0.575993
76	130	1.19513
76	133	1.21483
76	135	1.21476
76	143	0.742482
76	144	1.20604
76	147	0.651103
76	151	0.666484
76	168	1.22893
76	171	1.21187
76	173	1.1749
76	176	0.894994
76	179	1.04643
77	29	1.11553
77	112	1.21068
77	113	1.20158
77	114	1.25448
77	117	0.555526
77	121	1.20671
77	124	1.18433
77	127	1.22406
77	138	0.927159
77	141	1.2361
77	143	0.722014
77	144	1.22309
77	156	0.773266
77	162	0.848545
77	168	1.24598
77	169	0.881629
77	171	1.22892
77	179	1.06348
78	4	1.15944
78	17	1.1644
78	40	1.06285
78	60	1.11929
78	85	1.11255
78	93	1.05491
78	95	1.15243
78	97	1.03659
78	98	1.11893
78	99	1.09003
78	122	1.08427
78	125	0.802226
78	136	1.11379
78	149	0.748828
78	151	0.702926
78	159	1.13251
78	161	1.12438
78	179	1.17848
79	11	1.20396
79	26	1.1522
79	61	1.04833
79	65	1.13016
79	83	1.05692
79	84	1.07915
79	88	1.12791
79	92	1.10077
79	106	1.08463
79	108	1.11222
79	109	0.732907
79	145	0.766501
79	148	1.15118
79	154	1.12577
79	160	0.974188
79	165	0.856494
79	166	1.1769
79	169	1.04271
80	87	0.58421
80	100	1.14841
80	107	1.22498
80	111	1.19708
80	119	1.20543
80	121	1.20064
80	127	1.21798
80	128	0.672282
80	132	1.22765
80	133	1.2258
80	134	1.21979
80	143	0.798937
80	149	0.768842
80	152	0.702238
80	158	1.18209
80	168	1.23991
80	171	1.22285
80	179	1.0574
81	3	1.09736
81	15	1.10467
81	25	1.19126
81	32	1.20363
81	36	1.15773
81	37	1.16836
81	44	1.11008
81	49	1.13917
81	58	1.21866
81	73	1.19415
81	86	1.22955
81	122	1.17482
81	129	0.864936
81	136	1.20434
81	142	0.662943
81	146	0.709298
81	165	0.756555
81	167	1.03132
81	176	0.892848
82	8	1.08146
82	14	1.24049
82	19	1.20374
82	33	1.15436
82	46	1.19508
82	47	1.10824
82	55	1.11871
82	57	1.31534
82	102	1.12638
82	104	1.12653
82	105	1.12662
82	118	0.498412
82	123	1.17101
82	131	0.7399
82	145	1.20299
82	155	0.744777
82	166	1.05377
82	167	1.00813
82	176	0.869654
83	11	1.15678
83	24	1.1005
83	30	1.1571
83	50	1.15828
83	53	0.519817
83	59	0.586843
83	79	1.05692
83	84	1.03197
83	92	1.0536
83	94	1.13497
83	101	1.07576
83	106	1.03745
83	108	1.06504
83	123	0.888785
83	128	1.10227
83	154	1.07859
83	167	1.16979
83	169	0.995536
83	170	1.18781
84	61	1.02339
84	62	1.00124
84	65	1.10521
84	79	1.07915
84	83	1.03197
84	88	1.10296
84	92	1.07582
84	94	1.1572
84	101	1.09799
84	106	1.05968
84	108	1.08727
84	117	0.645291
84	128	1.1245
84	137	0.717735
84	148	1.12623
84	154	1.10082
84	169	1.01777
84	176	0.964292
84	179	1.21134
85	10	1.2293
85	17	1.22881
85	34	0.552395
85	51	0.433606
85	60	1.1837
85	78	1.11255
85	90	1.14325
85	93	1.11932
85	95	1.21684
85	97	1.101
85	98	1.18334
85	99	1.15444
85	122	1.14868
85	136	1.1782
85	152	0.460745
85	159	1.19692
85	161	0.902902
85	173	0.989865
85	178	1.22015
86	3	1.09767
86	15	1.10498
86	25	1.19157
86	32	1.20394
86	36	1.15804
86	37	1.16867
86	44	1.11039
86	49	1.13948
86	58	1.21897
86	64	0.635621
86	73	1.19446
86	81	1.22955
86	122	1.17514
86	136	1.20465
86	146	0.695388
86	147	0.635047
86	152	0.629726
86	158	1.10958
86	170	1.03543
87	45	0.776055
87	80	0.58421
87	119	0.494267
87	134	0.59829
87	143	1.23501
87	151	1.26897
87	154	0.386845
87	157	1.1831
87	161	1.14772
87	164	1.14997
87	170	1.13664
87	171	0.404692
87	172	1.11632
87	173	1.10274
87	175	1.11994
87	176	1.15481
87	177	1.13332
87	178	1.06052
87	179	1.09943
87	180	1.1061
88	24	1.17149
88	26	1.17601
88	50	1.22927
88	61	1.07215
88	79	1.12791
88	84	1.10296
88	92	1.12459
88	94	1.20596
88	101	1.14675
88	106	1.10844
88	108	1.13603
88	123	0.673854
88	128	1.17326
88	140	0.569424
88	154	1.14958
88	155	0.691508
88	167	0.954858
88	169	1.06653
88	174	1.22414
88	175	1.00448
89	21	0.693787
89	26	0.653765
89	46	0.617252
89	58	0.538363
89	103	0.516196
89	108	0.596603
89	127	1.21608
89	133	1.2239
89	134	1.2179
89	141	1.22812
89	152	1.26334
89	168	1.23801
89	171	1.22095
89	173	1.05881
89	174	1.03262
89	175	1.07601
89	176	1.11088
89	178	1.01659
89	179	1.0555
89	180	1.06217
90	4	1.19015
90	10	1.19559
90	17	1.19511
90	40	1.09355
90	60	1.14999
90	85	1.14325
90	93	1.08561
90	95	1.18313
90	97	1.06729
90	98	1.14963
90	99	1.12073
90	122	1.11498
90	136	1.1445
90	140	0.600818
90	145	0.621493
90	158	1.07842
90	159	1.16321
90	176	0.847778
90	177	0.936521
90	180	1.0226
91	5	1.20934
91	8	1.05243
91	19	1.17471
91	27	1.15528
91	47	1.07921
91	55	1.08968
91	57	1.28631
91	69	0.729392
91	74	1.1141
91	75	1.2015
91	102	1.09735
91	104	1.0975
91	105	1.09759
91	117	0.554183
91	123	1.14198
91	137	0.626626
91	145	1.17396
91	164	1.04379
91	167	1.01166
91	177	0.961926
92	26	1.14888
92	50	1.20214
92	65	1.12683
92	79	1.10077
92	83	1.0536
92	84	1.07582
92	88	1.12459
92	94	1.17882
92	101	1.11961
92	106	1.08131
92	108	1.10889
92	128	1.14613
92	129	0.88648
92	147	0.670501
92	148	1.14785
92	149	0.731784
92	154	1.12245
92	159	0.711758
92	169	1.03939
92	173	1.1943
92	179	1.16144
93	4	1.16621
93	10	1.17165
93	17	1.17117
93	60	1.12605
93	78	1.05491
93	85	1.11932
93	90	1.08561
93	95	1.15919
93	97	1.04335
93	98	1.12569
93	99	1.0968
93	115	1.10798
93	122	1.09104
93	123	0.869863
93	128	0.733226
93	136	1.12056
93	145	0.786108
93	156	0.911134
93	159	1.13927
93	160	0.993795
93	162	0.986412
94	24	1.22572
94	30	1.28232
94	50	1.28351
94	65	1.2082
94	83	1.13497
94	84	1.1572
94	88	1.20596
94	92	1.17882
94	101	1.20098
94	106	1.16268
94	108	1.19026
94	128	1.2275
94	149	0.56812
94	154	1.20382
94	157	0.787327
94	158	0.981372
94	159	0.548094
94	162	0.724745
94	164	0.921335
94	169	1.12076
94	172	1.00505
95	4	1.26373
95	40	1.16713
95	60	1.22357
95	78	1.15243
95	85	1.21684
95	90	1.18313
95	93	1.15919
95	97	1.14087
95	98	1.22321
95	99	1.19432
95	115	1.20549
95	122	1.18856
95	136	1.21808
95	149	0.402597
95	153	0.65789
95	158	0.81585
95	159	1.23679
95	164	0.755813
95	174	0.992961
95	178	1.0954
95	179	0.832254
96	76	1.24145
96	100	1.11426
96	111	1.16293
96	113	1.16135
96	116	1.20375
96	119	1.17128
96	121	1.16648
96	129	0.773293
96	130	1.17195
96	132	1.19349
96	135	1.19158
96	141	1.19587
96	152	0.551993
96	154	1.18286
96	155	0.676328
96	159	0.598571
96	164	0.971813
96	168	1.20575
96	170	0.957701
96	171	1.18869
96	174	1.20896
96	179	1.02325
97	4	1.14789
97	10	1.15333
97	17	1.15285
97	40	1.05129
97	54	0.642542
97	60	1.10773
97	78	1.03659
97	85	1.101
97	90	1.06729
97	93	1.04335
97	95	1.14087
97	98	1.10737
97	99	1.07848
97	115	1.08965
97	120	0.770539
97	122	1.07272
97	136	1.10224
97	142	0.739328
97	143	0.816721
97	159	1.12095
97	179	1.21628
97	180	1.14405
98	4	1.23023
98	16	0.376251
98	17	1.23519
98	40	1.13364
98	60	1.19007
98	78	1.11893
98	85	1.18334
98	90	1.14963
98	93	1.12569
98	95	1.22321
98	97	1.10737
98	99	1.16082
98	115	1.172
98	122	1.15506
98	125	0.671831
98	136	1.18458
98	159	1.20329
98	163	0.996757
98	165	0.664748
98	167	0.939515
98	175	0.989134
98	177	0.889783
99	4	1.20133
99	10	1.20678
99	17	1.20629
99	40	1.10474
99	60	1.16118
99	78	1.09003
99	85	1.15444
99	90	1.12073
99	93	1.0968
99	95	1.19432
99	97	1.07848
99	98	1.16082
99	115	1.1431
99	122	1.12616
99	126	0.62812
99	136	1.15568
99	143	0.766467
99	145	0.692693
99	159	1.1744
99	160	0.90038
99	165	0.782686
99	177	1.00772
99	180	1.0938
100	21	1.10659
100	38	1.202
100	45	1.04156
100	66	1.084
100	80	1.14841
100	96	1.11426
100	103	1.04059
100	111	1.05892
100	113	1.05733
100	114	1.11023
100	119	1.06726
100	121	1.06247
100	124	1.04009
100	129	0.98253
100	143	0.85793
100	153	0.99103
100	154	1.07884
100	159	0.807809
100	165	0.87415
100	168	1.10174
100	169	1.01754
100	171	1.08468
100	180	1.18526
101	11	1.2228
101	26	1.17104
101	30	1.22311
101	50	1.2243
101	61	1.06717
101	65	1.14899
101	83	1.07576
101	84	1.09799
101	88	1.14675
101	92	1.11961
101	94	1.20098
101	108	1.13105
101	125	0.647104
101	128	1.16829
101	148	1.17001
101	153	0.848998
101	154	1.14461
101	155	0.651437
101	160	0.757715
101	164	0.946922
101	169	1.06155
101	173	1.05622
101	179	1.02336
102	5	1.17019
102	8	1.01328
102	14	1.17232
102	19	1.13556
102	27	1.11613
102	28	0.345529
102	33	1.08618
102	46	1.1269
102	47	1.04006
102	55	1.05054
102	57	1.24716
102	74	1.07495
102	75	1.16235
102	82	1.12638
102	91	1.09735
102	104	1.05835
102	105	1.05844
102	123	1.10283
102	139	0.950515
102	142	0.682006
102	145	1.13481
102	153	0.984595
102	159	0.709277
102	167	1.05038
102	178	1.4221
103	21	1.13694
103	22	1.12706
103	35	1.09638
103	38	1.23235
103	39	1.21595
103	45	1.07191
103	66	1.11435
103	89	0.516196
103	100	1.04059
103	111	1.08927
103	113	1.08768
103	114	1.14058
103	119	1.09761
103	121	1.09282
103	124	1.07043
103	153	1.02138
103	154	1.10919
103	156	0.713115
103	161	1.00732
103	165	0.678082
103	166	0.998491
103	168	1.13209
103	171	1.11503
103	174	1.22213
103	180	0.989194
104	5	1.17034
104	8	1.01343
104	14	1.17246
104	19	1.13571
104	27	1.11628
104	33	1.08633
104	46	1.12704
104	47	1.0402
104	55	1.05068
104	57	1.24731
104	74	1.0751
104	75	1.1625
104	82	1.12653
104	91	1.0975
104	102	1.05835
104	105	1.05859
104	123	1.10298
104	145	1.13495
104	147	0.668983
104	148	0.696982
104	155	0.787997
104	157	0.949473
104	158	1.14352
104	169	0.919976
104	179	1.15992
105	5	1.17043
105	8	1.01352
105	12	1.02187
105	14	1.17256
105	19	1.1358
105	27	1.11637
105	33	1.08642
105	46	1.12714
105	47	1.0403
105	55	1.05078
105	57	1.2474
105	74	1.07519
105	75	1.16259
105	82	1.12662
105	91	1.09759
105	102	1.05844
105	104	1.05859
105	123	1.10307
105	140	0.547268
105	145	1.13505
105	165	0.657936
105	173	1.07414
105	175	0.982322
105	176	0.794229
105	179	1.04128
106	1	0.330125
106	11	1.18449
106	24	1.12821
106	26	1.13273
106	30	1.18481
106	50	1.18599
106	52	0.638476
106	61	1.02887
106	65	1.11069
106	79	1.08463
106	83	1.03745
106	84	1.05968
106	88	1.10844
106	92	1.08131
106	94	1.16268
106	108	1.09275
106	128	1.12998
106	139	0.972991
106	147	0.690495
106	148	1.13171
106	154	1.1063
106	164	1.10499
106	169	1.02325
106	172	1.18871
106	177	1.02313
107	6	1.07763
107	13	1.08425
107	31	0.593099
107	42	1.22798
107	76	1.214
107	80	1.22498
107	110	1.15557
107	112	1.143
107	116	1.1763
107	117	0.667214
107	120	0.787522
107	126	0.695356
107	127	1.15638
107	128	0.707048
107	132	1.16605
107	133	1.1642
107	134	1.15819
107	135	1.16413
107	141	1.16842
107	144	1.15541
107	145	0.759929
107	168	1.17831
107	171	1.16125
107	173	1.26612
107	176	0.986215
107	179	0.9958
108	11	1.21208
108	24	1.15579
108	26	1.16032
108	30	1.21239
108	50	1.21358
108	61	1.05645
108	65	1.13828
108	79	1.11222
108	83	1.06504
108	84	1.08727
108	88	1.13603
108	89	0.596603
108	92	1.10889
108	94	1.19026
108	101	1.13105
108	106	1.09275
108	115	0.749809
108	128	1.15757
108	138	0.947415
108	148	1.1593
108	150	0.597566
108	154	1.13389
108	159	0.692149
108	161	1.08773
108	169	1.05083
108	177	0.983525
108	180	1.0696
109	22	0.607929
109	29	0.995808
109	45	0.883414
109	56	0.547826
109	79	0.732907
109	112	0.5989
109	133	0.656144
109	142	1.19
109	148	1.18666
109	150	1.21007
109	151	1.17118
109	155	1.17344
109	157	1.0853
109	159	1.19596
109	160	1.09326
109	165	1.12712
109	166	1.03152
109	167	1.03133
109	170	1.03885
109	173	1.00495
109	174	0.97876
109	175	1.02215
109	176	1.05701
109	177	1.03552
109	178	0.962724
109	179	1.00164
109	180	1.0083
110	2	1.07963
110	20	1.15979
110	43	1.09791
110	63	0.50879
110	67	1.13119
110	68	1.13781
110	72	1.13508
110	107	1.15557
110	112	1.1352
110	116	1.16849
110	117	0.509173
110	127	1.14857
110	130	1.13669
110	132	1.15824
110	133	1.15639
110	134	1.15038
110	141	1.16061
110	142	0.598269
110	144	1.1476
110	156	0.726914
110	168	1.1705
110	171	1.15344
110	173	1.10808
110	177	0.916916
110	178	1.33837
110	179	0.987991
110	180	1.00299
111	1	0.361683
111	18	1.20055
111	22	1.14539
111	38	1.25068
111	39	1.23428
111	45	1.09023
111	59	0.521472
111	66	1.13267
111	80	1.19708
111	96	1.16293
111	100	1.05892
111	103	1.08927
111	113	1.10601
111	114	1.15891
111	118	0.594702
111	119	1.11594
111	121	1.11115
111	124	1.08876
111	147	0.722054
111	153	1.03971
111	154	1.12752
111	160	0.947345
111	163	1.16166
111	165	0.829651
111	168	1.15042
111	171	1.13336
111	174	1.3737
112	20	1.14723
112	29	1.02748
112	42	1.20761
112	56	1.16928
112	64	0.615463
112	68	1.12525
112	77	1.21068
112	107	1.143
112	109	0.5989
112	110	1.1352
112	116	1.15593
112	125	0.72957
112	130	1.12413
112	132	1.14568
112	133	1.14383
112	134	1.13782
112	135	1.14376
112	138	0.911413
112	141	1.14805
112	144	1.13504
112	156	0.75752
112	160	0.840181
112	164	1.02939
112	166	1.0429
112	168	1.15794
112	171	1.14088
112	179	0.975429
113	18	1.19897
113	22	1.14381
113	35	1.11312
113	38	1.2491
113	39	1.2327
113	54	0.578283
113	66	1.13109
113	77	1.20158
113	96	1.16135
113	100	1.05733
113	103	1.08768
113	111	1.10601
113	114	1.15733
113	119	1.11435
113	121	1.10956
113	124	1.08718
113	143	0.752462
113	146	0.721425
113	152	0.655763
113	153	1.03812
113	154	1.12594
113	168	1.14883
113	169	0.912077
113	171	1.13177
113	175	1.09307
113	176	0.904974
113	180	1.07979
114	21	1.20658
114	22	1.19671
114	35	1.16602
114	39	1.2856
114	45	1.14155
114	62	0.842138
114	63	1.26885
114	66	1.18399
114	77	1.25448
114	100	1.11023
114	103	1.14058
114	111	1.15891
114	113	1.15733
114	115	0.660214
114	119	1.16726
114	120	0.606495
114	121	1.16246
114	124	1.14008
114	152	0.555976
114	153	1.09102
114	154	1.17884
114	155	0.680311
114	157	0.841788
114	158	1.03583
114	166	0.989304
114	168	1.20173
114	171	1.18467
114	177	0.893931
115	10	1.21796
115	21	0.846993
115	30	0.598039
115	40	1.11592
115	93	1.10798
115	95	1.20549
115	97	1.08965
115	98	1.172
115	99	1.1431
115	108	0.749809
115	114	0.660214
115	135	0.634386
115	136	1.16686
115	144	0.717235
115	153	1.06305
115	159	1.18557
115	165	1.11673
115	166	1.02113
115	171	0.626957
115	172	1.00814
115	173	0.994561
115	174	0.96837
115	175	1.01176
115	176	1.04663
115	177	1.02513
115	178	0.952334
115	180	0.997914
116	29	1.06078
116	48	1.1183
116	67	1.15192
116	68	1.15854
116	76	1.22693
116	96	1.20375
116	107	1.1763
116	110	1.16849
116	112	1.15593
116	118	0.506673
116	127	1.16931
116	130	1.15742
116	132	1.17897
116	133	1.17713
116	134	1.17112
116	135	1.17706
116	137	0.631358
116	141	1.18135
116	144	1.16833
116	149	0.695308
116	159	0.675282
116	162	0.851934
116	166	1.06203
116	168	1.19123
116	169	0.885017
116	171	1.17417
116	172	1.13224
116	179	1.00872
116	180	1.05273
117	76	0.575993
117	77	0.555526
117	84	0.645291
117	91	0.554183
117	107	0.667214
117	110	0.509173
117	119	0.542506
117	129	1.22762
117	134	0.646528
117	144	0.543208
117	146	1.28606
117	150	1.30781
117	156	1.21818
117	157	1.18304
117	158	1.1472
117	161	1.14767
117	163	1.14961
117	165	1.22486
117	167	1.12907
117	169	1.17593
117	170	1.13659
117	172	1.11626
117	173	1.10269
117	174	1.0765
117	175	1.11989
117	176	1.15475
117	177	1.13326
117	178	1.06046
117	180	1.10604
118	37	0.798392
118	47	0.827275
118	48	0.764519
118	55	0.680355
118	82	0.498412
118	111	0.594702
118	116	0.506673
118	121	0.565842
118	132	0.377551
118	137	1.30595
118	143	1.2088
118	147	1.29213
118	149	1.26891
118	156	1.19201
118	157	1.15688
118	160	1.16484
118	162	1.17912
118	165	1.1987
118	166	1.1031
118	167	1.10291
118	170	1.11043
118	172	1.0901
118	173	1.07653
118	174	1.05034
118	175	1.09372
118	176	1.12859
118	177	1.1071
118	178	1.0343
118	179	1.07322
118	180	1.07988
119	18	1.2089
119	21	1.16361
119	22	1.15374
119	23	0.425413
119	35	1.12305
119	39	1.24263
119	45	1.09858
119	53	0.350008
119	63	1.22588
119	66	1.14102
119	80	1.20543
119	87	0.494267
119	96	1.17128
119	100	1.06726
119	103	1.09761
119	111	1.11594
119	113	1.11435
119	114	1.16726
119	117	0.542506
119	121	1.11949
119	124	1.09711
119	129	0.833594
119	153	1.04805
119	154	1.13586
119	164	1.03211
119	168	1.15876
119	169	0.868608
119	171	1.1417
119	178	1.3717
119	180	1.03632
120	41	0.611345
120	62	1.14607
120	75	0.670996
120	97	0.770539
120	107	0.787522
120	114	0.606495
120	121	0.738391
120	134	0.766836
120	149	1.22568
120	150	1.23842
120	152	1.23783
120	157	1.11365
120	160	1.12161
120	161	1.07827
120	163	1.08021
120	164	1.08053
120	165	1.15546
120	166	1.05986
120	167	1.05968
120	168	0.479238
120	170	1.06719
120	172	1.04687
120	173	1.03329
120	174	1.0071
120	175	1.05049
120	176	1.08536
120	177	1.06387
120	178	0.991067
120	179	1.02998
120	180	1.03665
121	16	1.26817
121	18	1.20411
121	22	1.14894
121	35	1.11826
121	39	1.23783
121	45	1.09378
121	66	1.13623
121	77	1.20671
121	80	1.20064
121	96	1.16648
121	100	1.06247
121	103	1.09282
121	111	1.11115
121	113	1.10956
121	114	1.16246
121	118	0.565842
121	119	1.11949
121	120	0.738391
121	124	1.09231
121	129	0.909172
121	137	0.690527
121	138	0.989717
121	145	0.710798
121	153	1.04326
121	154	1.13107
121	159	0.734451
121	165	0.800791
121	168	1.15397
121	171	1.13691
121	179	1.18413
122	3	1.04295
122	15	1.05026
122	25	1.13685
122	32	1.14922
122	36	1.10331
122	37	1.11394
122	49	1.08476
122	58	1.16424
122	60	1.15542
122	71	0.765795
122	73	1.13973
122	78	1.08427
122	81	1.17482
122	85	1.14868
122	86	1.17514
122	90	1.11498
122	93	1.09104
122	95	1.18856
122	97	1.07272
122	98	1.15506
122	99	1.12616
122	136	1.14993
122	137	0.613245
122	142	0.629897
122	148	0.643911
122	159	1.16864
122	161	1.05275
122	162	0.83382
122	163	1.05552
122	167	0.998276
122	179	1.10685
123	8	1.05791
123	33	1.13081
123	39	0.523379
123	46	1.17153
123	47	1.08468
123	55	1.09516
123	57	1.29179
123	82	1.17101
123	83	0.888785
123	88	0.673854
123	91	1.14198
123	93	0.869863
123	102	1.10283
123	104	1.10298
123	105	1.10307
123	132	0.606262
123	143	1.12342
123	144	0.719678
123	162	1.09375
123	163	1.03807
123	165	1.11332
123	168	0.535401
123	170	1.02505
123	171	0.6294
123	173	0.991151
123	174	0.96496
123	175	1.00835
123	176	1.04322
123	177	1.02172
123	178	0.948924
123	180	0.994504
124	1	0.508151
124	16	1.24578
124	18	1.18172
124	21	1.13643
124	22	1.12656
124	28	0.546029
124	35	1.09587
124	38	1.23185
124	39	1.21545
124	45	1.0714
124	53	0.600914
124	63	1.1987
124	66	1.11384
124	77	1.18433
124	100	1.04009
124	103	1.07043
124	111	1.08876
124	113	1.08718
124	114	1.14008
124	119	1.09711
124	121	1.09231
124	126	0.821552
124	128	0.833244
124	151	0.883901
124	152	0.8632
124	153	1.02087
124	154	1.10869
124	157	1.14901
124	162	1.08643
124	168	1.13158
124	171	1.11452
125	7	0.616379
125	24	0.83515
125	68	0.797858
125	78	0.802226
125	98	0.671831
125	101	0.647104
125	112	0.72957
125	129	1.14584
125	131	1.16648
125	139	1.13297
125	140	1.23756
125	141	0.714567
125	147	1.23651
125	149	1.21329
125	155	1.1894
125	156	1.13639
125	161	1.06589
125	163	1.06782
125	166	1.04747
125	169	1.09415
125	170	1.0548
125	172	1.03448
125	173	1.02091
125	174	0.994716
125	175	1.0381
125	176	1.07297
125	177	1.05148
125	178	0.97868
125	179	1.0176
125	180	1.02426
126	4	0.798028
126	99	0.62812
126	107	0.695356
126	124	0.821552
126	130	0.617937
126	132	0.457934
126	138	1.16766
126	144	0.57135
126	146	1.22992
126	151	1.21277
126	152	1.25108
126	155	1.21504
126	157	1.1269
126	158	1.09105
126	160	1.13486
126	162	1.14914
126	163	1.09346
126	164	1.09378
126	165	1.16872
126	167	1.07293
126	168	0.387072
126	169	1.11979
126	171	0.481072
126	172	1.06012
126	173	1.04654
126	174	1.02035
126	175	1.06374
126	176	1.09861
126	177	1.07712
126	178	1.00432
126	179	1.04323
126	180	1.0499
127	2	1.08044
127	6	1.07063
127	13	1.07725
127	41	1.21263
127	43	1.09872
127	52	0.624597
127	56	1.18265
127	68	1.13862
127	69	0.776715
127	77	1.22406
127	80	1.21798
127	89	1.21608
127	107	1.15638
127	110	1.14857
127	116	1.16931
127	128	0.641339
127	130	1.1375
127	132	1.15905
127	133	1.15721
127	134	1.1512
127	135	1.15714
127	141	1.16143
127	144	1.14841
127	147	0.676616
127	151	0.691996
127	152	0.671295
127	155	0.79563
127	168	1.17131
127	171	1.15425
127	172	1.17483
127	175	1.1086
127	176	0.920506
127	179	0.988804
128	15	0.872764
128	24	1.19303
128	75	0.590522
128	80	0.672282
128	83	1.10227
128	84	1.1245
128	88	1.17326
128	92	1.14613
128	93	0.733226
128	94	1.2275
128	101	1.16829
128	106	1.12998
128	107	0.707048
128	108	1.15757
128	124	0.833244
128	127	0.641339
128	134	0.686362
128	138	1.13594
128	148	1.19653
128	154	1.17112
128	160	1.10314
128	161	1.05981
128	166	1.04139
128	169	1.08807
128	170	1.04872
128	171	0.492763
128	172	1.0284
128	173	1.01482
128	174	0.988634
128	176	1.06689
128	177	1.0454
128	178	0.972598
128	180	1.01818
129	9	1.06197
129	25	0.716894
129	60	0.8331
129	81	0.864936
129	92	0.88648
129	96	0.773293
129	100	0.98253
129	117	1.22762
129	119	0.833594
129	121	0.909172
129	125	1.14584
129	131	1.10536
129	146	1.14315
129	151	1.12601
129	152	1.16431
129	153	1.02827
129	155	1.12827
129	158	1.00429
129	159	1.15079
129	161	1.00476
129	162	1.06237
129	164	1.00701
129	165	1.08195
129	166	0.986348
129	167	0.986164
129	169	1.03302
129	172	0.973355
129	173	0.95978
129	174	0.93359
129	175	0.976977
129	176	1.01184
129	177	0.990354
129	178	0.917554
129	180	0.963134
130	2	1.06856
130	7	1.20332
130	13	1.06537
130	29	1.02898
130	41	1.20075
130	42	1.2091
130	43	1.08684
130	48	1.0865
130	56	1.17077
130	59	0.464324
130	76	1.19513
130	96	1.17195
130	110	1.13669
130	112	1.12413
130	116	1.15742
130	126	0.617937
130	127	1.1375
130	132	1.14717
130	133	1.14533
130	134	1.13932
130	135	1.14525
130	141	1.14954
130	144	1.13653
130	146	0.725247
130	150	0.611579
130	151	0.680286
130	156	0.807536
130	161	1.10174
130	162	0.882814
130	168	1.15943
130	171	1.14237
130	177	0.997539
130	178	1.41899
130	179	0.976923
131	14	0.677242
131	24	0.834606
131	29	1.12593
131	50	0.765748
131	65	0.870979
131	73	0.847496
131	82	0.7399
131	125	1.16648
131	129	1.10536
131	137	1.20984
131	143	1.11269
131	146	1.1638
131	150	1.18555
131	151	1.14665
131	153	1.04891
131	157	1.06078
131	158	1.02493
131	160	1.06874
131	161	1.0254
131	163	1.02734
131	164	1.02765
131	165	1.10259
131	166	1.00699
131	168	0.548177
131	170	1.01432
131	172	0.993997
131	173	0.980423
131	174	0.954232
131	175	0.997619
131	176	1.03249
131	177	1.011
131	178	0.938196
131	180	0.983776
132	2	1.09011
132	7	1.22487
132	13	1.08692
132	16	0.324003
132	43	1.10839
132	44	0.97834
132	48	1.10804
132	56	1.19232
132	67	1.14167
132	68	1.14829
132	72	1.14556
132	80	1.22765
132	96	1.19349
132	107	1.16605
132	110	1.15824
132	112	1.14568
132	116	1.17897
132	118	0.377551
132	123	0.606262
132	126	0.457934
132	127	1.15905
132	130	1.14717
132	133	1.16687
132	134	1.16087
132	135	1.1668
132	138	0.801426
132	141	1.17109
132	144	1.15808
132	161	0.941738
132	168	1.18098
132	171	1.16392
132	172	1.00312
132	174	1.15655
132	175	0.936887
132	176	0.748793
132	179	0.998471
133	2	1.08826
133	7	1.22302
133	20	1.16842
133	23	0.479931
133	29	1.04868
133	43	1.10655
133	48	1.1062
133	64	0.672707
133	68	1.14645
133	72	1.14371
133	76	1.21483
133	80	1.2258
133	89	1.2239
133	107	1.1642
133	109	0.656144
133	110	1.15639
133	112	1.14383
133	116	1.17713
133	127	1.15721
133	130	1.14533
133	132	1.16687
133	134	1.15902
133	135	1.16496
133	137	0.669467
133	141	1.16925
133	144	1.15624
133	147	0.672134
133	149	0.733417
133	150	0.618808
133	151	0.687514
133	166	1.10014
133	168	1.17913
133	171	1.16207
133	174	1.32378
133	175	1.10412
133	179	0.996626
134	6	1.07244
134	7	1.21701
134	41	1.21445
134	42	1.2228
134	43	1.10054
134	48	1.10019
134	67	1.13381
134	68	1.14044
134	72	1.13771
134	80	1.21979
134	87	0.59829
134	89	1.2179
134	107	1.15819
134	110	1.15038
134	112	1.13782
134	116	1.17112
134	117	0.646528
134	120	0.766836
134	127	1.1512
134	128	0.686362
134	130	1.13932
134	132	1.16087
134	133	1.15902
134	135	1.15895
134	140	0.718568
134	141	1.16324
134	144	1.15023
134	150	0.668312
134	151	0.737019
134	155	0.840652
134	156	0.864269
134	165	0.829236
134	168	1.17313
134	171	1.15606
134	175	1.15362
134	179	0.990618
135	2	1.08819
135	7	1.22295
135	13	1.085
135	16	0.35457
135	20	1.16835
135	29	1.04861
135	41	1.22039
135	42	1.22874
135	43	1.10647
135	67	1.13975
135	68	1.14637
135	76	1.21476
135	96	1.19158
135	107	1.16413
135	112	1.14376
135	115	0.634386
135	116	1.17706
135	127	1.15714
135	130	1.14525
135	132	1.1668
135	133	1.16496
135	134	1.15895
135	141	1.16918
135	144	1.15616
135	152	0.530148
135	155	0.654483
135	156	0.678099
135	162	0.753378
135	163	0.975075
135	168	1.17906
135	169	0.786462
135	171	1.162
135	173	1.05927
135	174	1.18712
135	178	1.28955
135	179	0.996555
136	3	1.07246
136	15	1.07977
136	25	1.16637
136	32	1.17873
136	36	1.13283
136	37	1.14346
136	40	1.1285
136	44	1.08518
136	49	1.11427
136	54	0.579436
136	58	1.19376
136	60	1.18494
136	63	0.586744
136	73	1.16925
136	78	1.11379
136	81	1.20434
136	85	1.1782
136	86	1.20465
136	90	1.1445
136	93	1.12056
136	95	1.21808
136	97	1.10224
136	98	1.18458
136	99	1.15568
136	115	1.16686
136	122	1.14993
136	137	0.65957
136	140	0.659167
136	148	0.690237
136	151	0.677617
136	156	0.804867
136	159	1.19816
136	172	1.16045
136	176	0.906127
