1	51	1.38884
1	72	1.3723
1	110	1.40516
1	113	1.33092
1	122	1.3686
1	123	0.540555
1	129	1.38667
1	134	1.3475
1	147	0.496611
1	170	0.444296
1	179	0.468479
1	180	0.453918
2	8	0.285131
2	109	1.3587
2	117	0.520014
2	142	1.37811
2	149	1.3478
2	150	0.514459
2	151	0.5409
2	154	1.39982
2	159	1.37601
2	160	1.37669
2	161	1.36287
2	164	0.54346
3	116	0.477889
3	146	1.3642
3	149	1.35353
3	152	1.35398
3	153	1.37171
3	154	1.40555
3	155	0.487536
3	160	1.38242
3	161	1.3686
3	167	0.49776
3	176	0.463999
3	177	0.47919
4	30	0.281597
4	39	1.36822
4	46	1.39672
4	50	1.25766
4	56	1.40222
4	76	1.37456
4	81	1.31331
4	108	0.298945
4	165	0.245112
4	168	1.48731
4	169	0.796679
4	175	0.781961
5	103	0.524195
5	141	1.39259
5	150	0.464427
5	152	1.34269
5	154	1.39426
5	156	0.481809
5	159	1.37046
5	160	1.37113
5	161	1.35731
5	173	0.471462
5	176	0.464506
5	180	1.37156
6	24	1.29165
6	25	1.28745
6	58	1.38443
6	60	1.36309
6	87	1.38344
6	90	1.44497
6	92	1.44497
6	130	0.481898
6	143	0.476776
6	156	0.482445
6	164	0.494063
6	180	0.471107
7	133	1.19646
7	146	1.19256
7	149	1.18189
7	153	1.20007
7	159	1.2101
7	160	1.21078
7	161	1.19696
7	163	0.625352
7	173	0.628037
7	174	0.526614
7	178	0.624798
7	180	1.2112
8	2	0.285131
8	20	1.3432
8	23	1.34426
8	74	1.29232
8	114	1.34205
8	126	1.3222
8	128	0.177369
8	162	0.647481
8	165	0.651301
8	170	0.643687
8	172	1.46497
8	174	1.49099
9	92	0.44706
9	100	0.451901
9	132	0.495653
9	146	0.499612
9	152	0.499787
9	163	1.37692
9	166	1.379
9	167	1.34734
9	169	1.37321
9	171	1.37948
9	175	1.37745
9	179	1.3666
10	24	1.38347
10	31	1.4794
10	60	1.45492
10	69	1.53336
10	83	0.431177
10	87	1.47526
10	90	1.5368
10	92	1.5368
10	127	0.456524
10	145	0.440104
10	164	0.440047
10	169	0.413438
10	177	0.426316
11	54	0.509613
11	63	0.539836
11	73	0.527572
11	108	0.484874
11	149	0.532347
11	151	1.27492
11	163	1.30869
11	167	1.2791
11	173	1.30525
11	175	1.30921
11	176	1.31587
11	178	1.30859
11	179	1.29837
12	94	0.534655
12	111	1.25812
12	119	1.28434
12	123	1.30154
12	125	1.3176
12	131	1.31152
12	132	1.30935
12	137	1.30034
12	165	1.31718
12	166	0.526033
12	168	0.478344
12	170	0.521474
12	179	0.545657
13	50	0.601761
13	96	0.501043
13	140	0.49227
13	145	1.27627
13	151	1.28194
13	154	0.484574
13	157	0.514512
13	164	1.28059
13	171	1.31826
13	173	1.31227
13	177	1.30968
13	178	1.31561
13	179	1.30539
14	19	1.19208
14	22	0.458021
14	23	1.29741
14	35	1.23223
14	74	1.24547
14	114	1.2952
14	116	0.361531
14	118	0.441931
14	126	1.27535
14	136	0.371967
14	172	1.41812
14	174	1.44414
14	175	0.970729
15	18	0.539466
15	65	0.482802
15	109	0.517452
15	116	1.30793
15	132	0.533846
15	138	0.519402
15	163	1.30542
15	164	1.27031
15	171	1.30798
15	173	1.30198
15	175	1.30595
15	178	1.30532
15	179	1.2951
16	74	1.24744
16	105	0.504026
16	113	0.527529
16	121	0.532727
16	126	1.27732
16	131	0.509217
16	156	1.25188
16	161	0.521682
16	164	1.23443
16	172	1.42009
16	174	1.44611
16	177	1.26351
16	179	1.25922
17	39	1.29105
17	46	1.31956
17	50	1.18049
17	56	1.32505
17	59	1.26998
17	76	1.29739
17	103	0.557602
17	104	1.30634
17	151	0.524275
17	165	0.501869
17	168	1.41014
17	179	0.518439
17	180	0.503878
18	15	0.539466
18	81	0.542057
18	140	1.32789
18	141	1.31883
18	149	1.26848
18	153	1.28666
18	154	1.3205
18	159	1.2967
18	160	1.29737
18	161	1.28355
18	165	0.508201
18	173	0.511201
18	176	0.504246
19	14	1.19208
19	20	1.29982
19	35	1.2357
19	74	1.24894
19	89	0.514534
19	94	1.25559
19	108	0.564094
19	114	1.29867
19	163	0.510575
19	170	0.502647
19	172	1.42159
19	174	1.44761
19	180	0.512269
20	8	1.3432
20	19	1.29982
20	29	0.507414
20	35	1.33997
20	74	1.35322
20	83	0.460203
20	114	1.40294
20	126	1.3831
20	127	0.48555
20	165	0.444107
20	172	1.52586
20	173	0.447107
20	174	1.55189
20	179	0.460676
21	36	1.23525
21	45	1.18005
21	66	1.29015
21	76	1.23092
21	95	1.23655
21	97	1.20019
21	99	1.27754
21	120	0.556581
21	134	1.2057
21	158	0.575102
21	168	1.34366
21	171	0.55273
21	177	0.565609
21	180	0.556383
22	14	0.458021
22	110	0.568276
22	153	0.599287
22	154	0.578855
22	159	0.591266
22	163	1.24506
22	166	1.24713
22	169	1.24134
22	170	1.24994
22	175	1.24558
22	176	1.25224
22	177	1.23903
22	178	1.24496
22	179	1.23474
23	8	1.34426
23	14	1.29741
23	32	1.33605
23	74	1.35427
23	114	1.404
23	126	1.38415
23	128	0.473534
23	147	0.502592
23	148	0.466316
23	150	0.453855
23	170	0.450276
23	172	1.52692
23	173	0.46089
23	174	1.55294
24	6	1.29165
24	10	1.38347
24	31	1.2001
24	37	1.24128
24	58	1.19695
24	60	1.17561
24	87	1.19596
24	89	0.59516
24	90	1.25749
24	92	1.25749
24	162	0.587067
24	163	0.591202
24	168	0.540143
24	174	0.492465
25	6	1.28745
25	37	1.23708
25	43	1.30722
25	58	1.19275
25	69	1.24986
25	87	1.19176
25	90	1.2533
25	92	1.2533
25	104	1.22728
25	130	0.557236
25	141	0.614246
25	156	0.557784
25	175	0.528075
25	180	0.546445
26	67	1.32434
26	82	1.42995
26	99	1.45449
26	102	1.41696
26	113	1.36606
26	122	1.40374
26	129	1.42182
26	134	1.38265
26	138	0.530264
26	147	0.481916
26	155	0.456795
26	158	0.457942
26	170	0.4296
26	177	0.448449
27	37	1.24694
27	87	1.20161
27	90	1.26315
27	92	1.26315
27	100	1.29895
27	107	0.634121
27	123	1.22539
27	131	1.23537
27	132	1.23319
27	139	1.23225
27	151	0.578373
27	155	0.575548
27	174	0.457545
27	180	0.557976
28	49	1.26493
28	98	0.576637
28	100	1.31387
28	105	1.22352
28	115	1.18208
28	119	1.2231
28	120	0.560691
28	131	1.25029
28	137	1.23911
28	139	1.24717
28	165	1.25594
28	169	0.556842
28	170	0.550871
28	173	0.561485
29	20	0.507414
29	103	0.514127
29	114	0.449409
29	121	1.39373
29	140	1.42682
29	141	1.41776
29	152	1.36785
29	154	1.41943
29	159	1.39563
29	160	1.3963
29	161	1.38248
29	168	0.40765
29	177	0.469629
29	178	0.458156
30	4	0.281597
30	91	0.558167
30	120	1.3343
30	131	0.51719
30	134	0.543642
30	135	0.549845
30	152	0.543201
30	164	1.30749
30	167	1.31301
30	169	1.33889
30	171	1.34516
30	176	1.34978
30	177	1.33658
30	178	1.3425
30	179	1.33228
31	10	1.4794
31	24	1.2001
31	43	1.40735
31	58	1.29288
31	60	1.27155
31	69	1.34999
31	78	0.532427
31	87	1.29189
31	90	1.35343
31	92	1.35343
31	114	0.496452
31	143	0.513117
31	168	0.454694
31	169	0.503796
31	180	0.507447
32	23	1.33605
32	62	0.522016
32	84	1.21226
32	94	1.29076
32	116	0.505733
32	123	1.30058
32	126	1.31399
32	137	1.29939
32	139	1.30744
32	148	0.504225
32	162	0.49198
32	170	0.488186
32	172	1.45676
32	174	1.48278
32	178	0.49556
33	84	1.24987
33	89	0.503319
33	106	1.40597
33	111	1.29479
33	119	1.321
33	123	1.3382
33	125	1.35426
33	137	1.337
33	139	1.34506
33	157	0.606327
33	165	1.35384
33	170	0.491432
33	173	0.502046
33	174	0.400624
33	180	0.501055
34	39	0.526146
34	54	1.36389
34	96	1.32529
34	105	1.31445
34	106	1.39901
34	112	0.495465
34	115	1.27301
34	119	1.31404
34	121	0.566433
34	131	1.34122
34	132	1.33905
34	137	1.33004
34	162	0.453485
34	167	0.487109
34	179	0.473874
35	14	1.23223
35	19	1.2357
35	20	1.33997
35	62	0.5226
35	74	1.28909
35	94	1.29574
35	114	1.33881
35	126	1.31897
35	147	0.541086
35	156	0.509732
35	168	0.44564
35	172	1.46174
35	174	1.48776
35	176	0.492428
35	178	0.496145
36	21	1.23525
36	61	1.45696
36	67	1.26168
36	72	1.3448
36	110	1.37765
36	113	1.30341
36	120	0.497652
36	122	1.34109
36	129	1.35917
36	130	0.508246
36	134	1.32
36	155	0.515027
36	165	0.495446
36	171	0.493802
36	180	0.497455
37	24	1.24128
37	25	1.23708
37	27	1.24694
37	38	0.489468
37	43	1.44853
37	60	1.31273
37	69	1.39117
37	87	1.33307
37	90	1.39461
37	92	1.39461
37	130	0.482188
37	148	0.477813
37	151	0.491793
37	152	0.581015
37	156	0.482735
38	37	0.489468
38	69	0.484655
38	107	0.493322
38	140	0.500208
38	152	0.526796
38	160	0.499592
38	162	1.3371
38	163	1.34043
38	164	1.30532
38	167	1.31084
38	171	1.34299
38	175	1.34096
38	176	1.34761
38	177	1.33441
38	178	1.34033
39	4	1.36822
39	17	1.29105
39	34	0.526146
39	45	1.28367
39	46	1.3567
39	50	1.21763
39	59	1.30712
39	66	1.39377
39	76	1.33454
39	128	0.479573
39	145	0.488952
39	153	0.561705
39	155	0.48351
39	163	0.464244
39	168	1.44729
40	53	1.30123
40	71	1.29176
40	95	1.28508
40	97	1.24872
40	102	1.28855
40	110	1.3119
40	112	0.546346
40	122	1.27533
40	129	1.29341
40	134	1.25424
40	149	0.609492
40	150	0.504151
40	157	1.24978
40	170	0.500572
40	177	0.519421
40	179	0.524755
41	69	0.433945
41	74	0.4665
41	102	0.440582
41	119	0.461006
41	132	0.471952
41	137	0.469081
41	145	1.39287
41	156	1.41465
41	160	0.448883
41	166	1.43438
41	167	1.40272
41	173	1.42887
41	175	1.43283
41	176	1.43949
41	178	1.43221
41	179	1.42199
42	61	1.38828
42	71	1.28883
42	72	1.27611
42	82	1.29861
42	97	1.24579
42	103	1.21691
42	110	1.30897
42	113	1.23472
42	129	1.29048
42	134	1.25131
42	143	0.536854
42	158	0.549903
42	170	0.521561
42	171	0.527531
42	177	0.54041
42	180	0.531184
43	25	1.30722
43	31	1.40735
43	37	1.44853
43	58	1.4042
43	62	0.472027
43	69	1.4613
43	87	1.4032
43	88	0.498001
43	90	1.46474
43	92	1.46474
43	104	1.43872
43	120	0.448017
43	167	0.475615
43	169	0.444168
43	175	0.42945
43	176	0.441855
44	47	0.677477
44	51	0.401204
44	58	0.451618
44	90	0.407232
44	132	0.418371
44	134	0.422947
44	139	0.411572
44	144	1.42381
44	146	1.40694
44	156	1.41228
44	159	1.42448
44	169	1.42623
44	176	1.43713
44	177	1.42392
44	179	1.41963
44	180	1.42558
45	21	1.18005
45	39	1.28367
45	46	1.31217
45	50	1.1731
45	56	1.31766
45	59	1.26259
45	66	1.34924
45	76	1.29001
45	81	1.22875
45	128	0.558993
45	155	0.56293
45	168	1.40276
45	170	0.535735
45	172	0.460387
45	173	0.546349
45	178	0.54311
46	4	1.39672
46	17	1.31956
46	39	1.3567
46	45	1.31217
46	50	1.24613
46	59	1.33563
46	66	1.42227
46	76	1.36304
46	79	0.520172
46	104	1.37199
46	155	0.499386
46	156	0.493153
46	163	0.48012
46	166	0.47675
46	168	1.47579
46	175	0.463444
46	176	0.475849
47	44	0.677477
47	48	1.3812
47	50	0.464267
47	55	1.37812
47	63	1.31914
47	89	0.274009
47	101	1.4183
47	115	1.29673
47	123	1.35496
47	125	1.37102
47	131	1.36494
47	137	1.35376
47	139	1.36182
47	167	0.29954
47	172	0.678726
47	175	0.253375
47	176	0.757732
48	47	1.3812
48	86	1.33892
48	94	0.501896
48	111	1.31811
48	114	0.487344
48	119	1.34432
48	123	1.36153
48	125	1.37758
48	131	1.37151
48	132	1.36934
48	137	1.36033
48	156	0.509677
48	164	0.521295
48	165	1.37716
48	174	0.397908
48	176	0.492374
48	180	0.498339
49	28	1.26493
49	100	1.43348
49	105	1.34313
49	106	1.42768
49	109	0.57292
49	115	1.30169
49	123	1.35991
49	125	1.37597
49	130	0.49462
49	132	1.36772
49	137	1.35872
49	139	1.36677
49	166	0.478765
49	167	0.511625
49	172	0.398858
49	175	0.465459
49	180	0.483829
50	4	1.25766
50	13	0.601761
50	17	1.18049
50	39	1.21763
50	45	1.1731
50	46	1.24613
50	47	0.464267
50	56	1.25162
50	59	1.19656
50	66	1.2832
50	76	1.22397
50	104	1.23292
50	165	0.589618
50	166	0.586563
50	168	1.33672
50	175	0.573257
50	178	0.589379
51	1	1.38884
51	44	0.401204
51	72	1.35659
51	82	1.37908
51	95	1.36263
51	97	1.32627
51	99	1.40363
51	122	1.35288
51	127	0.526857
51	129	1.37096
51	130	0.498214
51	134	1.33179
51	143	0.493093
51	157	1.32733
51	165	0.485414
51	167	0.515219
51	180	0.487423
52	53	1.39018
52	67	1.28488
52	71	1.38071
52	86	0.562799
52	95	1.37404
52	99	1.41503
52	112	0.486933
52	113	1.3266
52	117	0.450294
52	122	1.36428
52	126	0.535029
52	129	1.38236
52	134	1.34319
52	148	0.457199
52	157	1.33873
52	166	0.445718
52	179	0.465343
53	40	1.30123
53	52	1.39018
53	68	0.522948
53	71	1.37496
53	78	0.4999
53	82	1.38474
53	99	1.40928
53	102	1.37174
53	113	1.32085
53	114	0.463925
53	129	1.37661
53	134	1.33744
53	151	0.495316
53	156	0.486258
53	157	1.33298
53	166	0.469856
53	169	0.471268
54	11	0.509613
54	34	1.36389
54	86	1.34533
54	98	0.491811
54	105	1.35115
54	115	1.30971
54	119	1.35073
54	125	1.38399
54	131	1.37792
54	132	1.37575
54	137	1.36674
54	139	1.3748
54	155	0.49324
54	164	0.498624
54	171	0.472014
54	175	0.457298
54	177	0.484893
55	47	1.37812
55	70	1.27901
55	86	1.33584
55	106	1.42622
55	114	0.460212
55	119	1.34124
55	125	1.3745
55	131	1.36843
55	137	1.35725
55	139	1.36531
55	141	0.539009
55	160	0.553622
55	164	0.494164
55	165	1.37408
55	168	0.418454
55	171	0.467554
55	180	0.471207
56	4	1.40222
56	17	1.32505
56	45	1.31766
56	50	1.25162
56	59	1.34112
56	66	1.42777
56	76	1.36853
56	81	1.30728
56	104	1.37748
56	117	0.471681
56	146	0.581614
56	150	0.466126
56	156	0.483508
56	168	1.48128
56	170	0.462547
56	175	0.4538
56	179	0.48673
57	72	1.31201
57	82	1.3345
57	98	0.529984
57	99	1.35905
57	102	1.32151
57	103	1.25281
57	110	1.34487
57	113	1.27062
57	114	0.502845
57	122	1.3083
57	129	1.32638
57	134	1.28721
57	151	0.534237
57	157	1.28275
57	163	0.512146
57	171	0.510187
57	176	0.507875
57	178	0.511592
58	6	1.38443
58	24	1.19695
58	25	1.19275
58	31	1.29288
58	43	1.4042
58	44	0.451618
58	60	1.2684
58	64	0.549604
58	68	0.585865
58	69	1.34684
58	87	1.28874
58	90	1.35028
58	92	1.35028
58	104	1.32425
58	170	0.528214
58	174	0.437406
58	175	0.519467
58	178	0.535589
59	17	1.26998
59	39	1.30712
59	45	1.26259
59	46	1.33563
59	50	1.19656
59	56	1.34112
59	66	1.3727
59	76	1.31347
59	81	1.25221
59	83	0.500901
59	103	0.540538
59	104	1.32241
59	112	0.522965
59	149	0.586112
59	165	0.484806
59	168	1.42621
59	169	0.483163
59	173	0.487806
60	6	1.36309
60	10	1.45492
60	24	1.17561
60	31	1.27155
60	37	1.31273
60	58	1.2684
60	69	1.3255
60	87	1.2674
60	90	1.32894
60	92	1.32894
60	104	1.30292
60	112	0.520861
60	119	0.579248
60	127	0.524144
60	136	0.50307
60	148	0.491126
60	158	0.503429
60	180	0.48471
61	36	1.45696
61	42	1.38828
61	89	0.414636
61	95	1.45826
61	97	1.4219
61	102	1.46172
61	110	1.48508
61	112	0.448522
61	113	1.41083
61	119	0.50691
61	129	1.46659
61	134	1.42742
61	147	0.455064
61	155	0.429943
61	157	1.42296
61	159	0.500118
61	167	0.440167
61	178	0.410123
62	32	0.522016
62	35	0.5226
62	43	0.472027
62	70	0.543225
62	90	0.517658
62	104	0.511317
62	131	0.50692
62	138	1.31437
62	142	1.31427
62	144	1.3115
62	152	1.2844
62	160	1.31285
62	167	1.28805
62	176	1.32482
62	177	1.31161
62	178	1.31754
62	179	1.30732
62	180	1.31327
63	11	0.539836
63	47	1.31914
63	86	1.27686
63	100	1.37303
63	105	1.28267
63	106	1.36723
63	115	1.24124
63	117	0.505402
63	126	1.31287
63	132	1.30727
63	137	1.29827
63	139	1.30632
63	144	0.596489
63	163	0.504197
63	165	1.3151
63	168	0.453137
63	176	0.499926
63	180	0.505891
64	58	0.549604
64	66	0.467619
64	76	0.521682
64	78	1.26053
64	83	1.32167
64	85	0.520701
64	130	1.3116
64	133	0.51508
64	144	0.501471
64	157	0.516145
64	158	1.28741
64	163	1.319
64	166	1.32108
64	169	1.31529
64	173	1.31557
64	176	1.32619
64	177	1.31298
64	179	1.30868
65	15	0.482802
65	79	0.491905
65	81	0.485393
65	127	0.492981
65	138	1.38691
65	140	1.41592
65	142	1.38682
65	144	1.38404
65	146	1.36717
65	152	1.35695
65	153	1.37469
65	155	0.471118
65	158	0.472265
65	159	1.38472
65	160	1.38539
65	161	1.37157
65	171	0.449893
65	177	0.462772
65	180	1.38582
66	21	1.29015
66	39	1.39377
66	45	1.34924
66	46	1.42227
66	50	1.2832
66	56	1.42777
66	59	1.3727
66	64	0.467619
66	75	0.569659
66	76	1.40011
66	81	1.33886
66	104	1.40906
66	112	0.492003
66	163	0.454158
66	168	1.51286
66	169	0.4522
66	170	0.446229
66	178	0.453604
66	179	0.470412
67	26	1.32434
67	36	1.26168
67	52	1.28488
67	71	1.26965
67	72	1.25694
67	95	1.26298
67	97	1.22662
67	98	0.56757
67	102	1.26644
67	110	1.2898
67	122	1.25323
67	128	0.565062
67	129	1.27131
67	134	1.23214
67	158	0.570146
67	166	0.546363
67	170	0.541804
67	172	0.466456
67	180	0.551427
68	53	0.522948
68	58	0.585865
68	77	0.532836
68	122	0.550698
68	137	0.549747
68	141	0.514935
68	142	0.536744
68	147	1.23044
68	150	1.27272
68	162	1.2685
68	166	1.27391
68	169	1.26812
68	173	1.2684
68	175	1.27236
68	176	1.27902
68	177	1.26581
68	178	1.27174
68	179	1.26152
68	180	1.26747
69	10	1.53336
69	25	1.24986
69	31	1.34999
69	37	1.39117
69	38	0.484655
69	41	0.433945
69	43	1.4613
69	58	1.34684
69	60	1.3255
69	87	1.34585
69	90	1.40738
69	92	1.40738
69	98	0.482727
69	104	1.38136
69	123	0.55322
69	169	0.462931
69	170	0.45696
69	178	0.464335
69	180	0.466583
70	55	1.27901
70	62	0.543225
70	77	0.604721
70	101	1.31919
70	105	1.23906
70	106	1.32362
70	111	1.21244
70	119	1.23865
70	125	1.27191
70	126	1.26926
70	131	1.26583
70	132	1.26366
70	137	1.25465
70	138	0.610059
70	139	1.26271
70	169	0.515366
70	170	0.509395
70	175	0.500648
70	180	0.519018
71	40	1.29176
71	42	1.28883
71	52	1.38071
71	53	1.37496
71	67	1.26965
71	72	1.35277
71	94	0.521282
71	102	1.36227
71	113	1.31138
71	122	1.34906
71	129	1.36714
71	134	1.32797
71	157	1.32351
71	163	0.51603
71	164	0.540681
71	168	0.464971
71	174	0.417293
71	175	0.499355
71	179	0.532285
71	180	0.517724
72	1	1.3723
72	36	1.3448
72	42	1.27611
72	51	1.35659
72	57	1.31201
72	67	1.25694
72	71	1.35277
72	102	1.34956
72	110	1.37291
72	122	1.33634
72	128	0.511661
72	129	1.35442
72	134	1.31525
72	143	0.503696
72	148	0.504443
72	156	0.509365
72	162	0.492197
72	163	0.496332
72	169	0.494375
72	180	0.498026
73	11	0.527572
73	116	0.501552
73	117	0.493139
73	133	1.32747
73	135	1.32123
73	142	1.34321
73	143	0.499297
73	146	1.32356
73	148	0.500044
73	149	1.31289
73	152	1.31334
73	153	1.33108
73	154	1.36491
73	155	0.5112
73	159	1.34111
73	160	1.34178
73	161	1.32797
73	166	0.488564
73	170	1.35145
73	176	0.487663
74	8	1.29232
74	14	1.24547
74	16	1.24744
74	19	1.24894
74	20	1.35322
74	23	1.35427
74	35	1.28909
74	41	0.4665
74	78	0.524118
74	94	1.30898
74	114	1.35206
74	116	0.507062
74	120	0.499335
74	126	1.33222
74	155	0.51671
74	162	0.493309
74	166	0.494074
74	172	1.47498
74	174	1.50101
74	177	0.508364
75	66	0.569659
75	85	1.32019
75	109	1.32256
75	142	1.34197
75	144	1.3392
75	146	1.32233
75	152	1.3121
75	153	1.32984
75	154	1.36368
75	159	1.33987
75	160	1.34055
75	161	1.32673
75	162	0.507083
75	165	0.510903
75	168	0.460159
75	172	0.427941
75	175	0.494542
75	178	0.510664
75	179	0.527473
75	180	1.34097
76	4	1.37456
76	17	1.29739
76	21	1.23092
76	39	1.33454
76	45	1.29001
76	46	1.36304
76	50	1.22397
76	56	1.36853
76	59	1.31347
76	64	0.521682
76	66	1.40011
76	80	0.53663
76	104	1.34983
76	112	0.546066
76	116	0.51784
76	164	0.532872
76	168	1.45363
76	172	0.424944
76	174	0.409484
76	177	0.519141
77	68	0.532836
77	70	0.604721
77	117	0.48432
77	127	0.524243
77	138	1.33977
77	140	1.36877
77	142	1.33967
77	144	1.3369
77	146	1.32003
77	147	0.527501
77	149	1.30936
77	152	1.3098
77	153	1.32754
77	159	1.33757
77	160	1.33825
77	161	1.32443
77	165	0.482799
77	170	1.34792
77	174	0.384377
77	175	0.466438
78	31	0.532427
78	53	0.4999
78	64	1.26053
78	74	0.524118
78	95	0.528649
78	124	0.519306
78	135	0.540349
78	144	0.514683
78	148	1.28561
78	152	0.533704
78	156	1.27039
78	158	1.25646
78	162	1.28472
78	166	1.29013
78	169	1.28434
78	172	1.4386
78	173	1.28462
78	176	1.29523
78	178	1.28795
78	179	1.27773
78	180	1.28369
79	46	0.520172
79	65	0.491905
79	93	1.32348
79	96	0.529267
79	124	0.532684
79	141	0.505265
79	152	0.547082
79	153	0.533231
79	155	1.27623
79	156	1.28134
79	158	1.26741
79	161	0.533537
79	163	1.299
79	167	1.26941
79	169	1.29529
79	171	1.30156
79	175	1.29953
79	176	1.30618
79	177	1.29298
79	178	1.2989
79	179	1.28868
80	76	0.53663
80	84	0.566599
80	90	0.520166
80	113	0.52774
80	125	0.50618
80	127	1.26925
80	131	0.509428
80	144	0.516418
80	147	1.2629
80	158	1.2727
80	160	0.508235
80	163	1.3043
80	164	1.26918
80	166	1.30637
80	169	1.30058
80	171	1.30685
80	176	1.31148
80	177	1.29827
80	178	1.3042
80	179	1.29398
80	180	1.29993
81	4	1.31331
81	18	0.542057
81	45	1.22875
81	56	1.30728
81	59	1.25221
81	65	0.485393
81	66	1.33886
81	91	0.555537
81	110	0.495708
81	132	0.536437
81	142	0.520562
81	149	0.530249
81	153	0.52672
81	168	1.39237
81	169	1.27873
81	171	1.285
81	175	1.28297
81	176	1.28963
81	177	1.27642
81	178	1.28235
81	179	1.27213
82	26	1.42995
82	42	1.29861
82	51	1.37908
82	53	1.38474
82	57	1.3345
82	97	1.33223
82	99	1.40959
82	103	1.30335
82	113	1.32116
82	116	0.490476
82	122	1.35884
82	127	0.521986
82	129	1.37692
82	134	1.33775
82	148	0.488968
82	150	0.476507
82	156	0.49389
82	157	1.33329
82	163	0.480857
82	171	0.478898
82	179	0.497112
82	180	0.482551
83	10	0.431177
83	20	0.460203
83	59	0.500901
83	64	1.32167
83	122	0.516757
83	123	0.499829
83	129	0.494932
83	138	0.504233
83	141	0.480993
83	143	1.33483
83	144	0.50379
83	147	1.3078
83	150	1.35008
83	156	1.33153
83	162	1.34586
83	163	1.34919
83	173	1.34576
83	174	1.52577
83	176	1.35638
83	177	1.34317
83	178	1.3491
83	179	1.33887
84	32	1.21226
84	33	1.24987
84	80	0.566599
84	86	1.22436
84	100	1.32052
84	101	1.3103
84	106	1.31473
84	111	1.20354
84	119	1.22976
84	125	1.26302
84	126	1.26036
84	131	1.25694
84	132	1.25477
84	137	1.24576
84	139	1.25382
84	143	0.545554
84	145	0.562899
84	148	0.546301
84	150	0.533841
84	164	0.562841
84	171	0.536232
84	179	0.554445
85	64	0.520701
85	75	1.32019
85	103	0.562657
85	114	0.497939
85	128	0.522569
85	133	1.30228
85	138	1.31812
85	140	1.34712
85	141	1.33805
85	142	1.31802
85	145	0.531948
85	146	1.29837
85	149	1.2877
85	151	0.52933
85	152	1.28815
85	153	1.30589
85	154	1.33972
85	160	1.3166
85	161	1.30278
85	172	0.423963
85	176	0.502969
85	177	0.518159
85	180	1.31702
86	48	1.33892
86	52	0.562799
86	54	1.34533
86	55	1.33584
86	63	1.27686
86	84	1.22436
86	96	1.30673
86	100	1.38625
86	115	1.25446
86	125	1.32874
86	131	1.32266
86	132	1.32049
86	137	1.31149
86	139	1.31954
86	156	0.52246
86	158	0.529841
86	162	0.505293
86	165	1.32832
86	166	0.506058
86	168	0.458369
86	176	0.505157
86	178	0.508874
86	180	0.511122
87	6	1.38344
87	10	1.47526
87	24	1.19596
87	25	1.19176
87	27	1.20161
87	31	1.29189
87	37	1.33307
87	43	1.4032
87	58	1.28874
87	60	1.2674
87	69	1.34585
87	90	1.34928
87	92	1.34928
87	98	0.510491
87	104	1.32326
87	134	0.604408
87	145	0.517361
87	150	0.488303
87	156	0.505686
87	165	0.492338
87	167	0.522143
87	175	0.475977
87	178	0.492099
88	43	0.498001
88	108	0.501111
88	126	0.533533
88	136	1.26184
88	137	0.551901
88	139	0.547973
88	141	0.517088
88	147	1.24282
88	148	1.28177
88	152	0.558906
88	158	1.25262
88	159	0.537033
88	161	0.54536
88	162	1.28088
88	164	1.2491
88	167	1.25463
88	168	1.39414
88	170	1.2891
88	173	1.28078
88	175	1.28474
88	176	1.2914
88	177	1.27819
88	178	1.28412
88	179	1.27389
89	19	0.514534
89	24	0.59516
89	33	0.503319
89	47	0.274009
89	61	0.414636
89	126	0.485616
89	127	1.34167
89	133	0.505577
89	145	1.33728
89	146	0.510813
89	150	1.3776
89	155	1.35394
89	157	0.506642
89	158	1.34512
89	160	0.483785
89	162	1.37339
89	167	1.34713
89	168	1.48664
89	169	1.373
89	173	1.37328
89	175	1.37724
89	177	1.37069
89	178	1.37662
89	179	1.3664
90	6	1.44497
90	10	1.5368
90	24	1.25749
90	25	1.2533
90	27	1.26315
90	31	1.35343
90	37	1.39461
90	43	1.46474
90	44	0.407232
90	58	1.35028
90	60	1.32894
90	62	0.517658
90	69	1.40738
90	80	0.520166
90	87	1.34928
90	92	1.41082
90	104	1.3848
90	120	0.493649
90	162	0.487622
90	164	0.516408
90	166	0.488387
90	174	0.39302
90	178	0.491203
90	180	0.493451
91	30	0.558167
91	81	0.555537
91	121	1.27891
91	133	1.26717
91	138	1.28301
91	140	1.31201
91	141	1.30295
91	142	1.28291
91	144	1.28013
91	145	0.546704
91	149	1.2526
91	152	1.25304
91	153	1.27078
91	154	1.30462
91	159	1.28081
91	160	1.28149
91	161	1.26767
91	162	0.517862
91	163	0.521996
91	164	0.546647
91	165	0.521682
91	169	0.520039
91	171	0.520037
91	180	1.28191
92	6	1.44497
92	9	0.44706
92	10	1.5368
92	24	1.25749
92	25	1.2533
92	27	1.26315
92	31	1.35343
92	37	1.39461
92	43	1.46474
92	58	1.35028
92	60	1.32894
92	69	1.40738
92	87	1.34928
92	90	1.41082
92	104	1.3848
92	133	0.560205
92	147	0.49869
92	153	0.551765
92	162	0.450168
92	163	0.454303
92	164	0.478954
92	169	0.452345
92	173	0.456988
92	180	0.455997
93	79	1.32348
93	99	0.472583
93	100	0.449944
93	104	0.476216
93	109	0.477302
93	135	0.504475
93	137	0.490825
93	138	0.479252
93	152	0.49783
93	154	0.463547
93	155	1.34823
93	158	1.33942
93	159	0.475958
93	163	1.37101
93	164	1.3359
93	166	1.37308
93	167	1.34142
93	171	1.37357
93	174	1.54758
93	175	1.37153
93	176	1.37819
93	177	1.36498
93	178	1.37091
93	179	1.36069
94	12	0.534655
94	19	1.25559
94	32	1.29076
94	35	1.29574
94	48	0.501896
94	71	0.521282
94	74	1.30898
94	107	0.478808
94	119	0.497201
94	125	0.483023
94	126	1.33887
94	133	0.506871
94	142	0.492274
94	147	1.28969
94	151	1.29731
94	153	0.498431
94	154	0.477998
94	164	1.29597
94	169	1.32737
94	171	1.33364
94	172	1.48163
94	174	1.50766
94	177	1.32505
94	178	1.33098
94	179	1.32076
95	21	1.23655
95	40	1.28508
95	51	1.36263
95	52	1.37404
95	61	1.45826
95	67	1.26298
95	78	0.528649
95	97	1.31578
95	99	1.39313
95	103	1.28689
95	110	1.37895
95	112	0.53982
95	113	1.30471
95	120	0.503866
95	122	1.34239
95	129	1.36047
95	134	1.3213
95	150	0.497625
95	157	1.31684
95	162	0.49784
95	167	0.531465
95	170	0.494046
95	172	0.418698
95	176	0.497704
95	178	0.501421
96	13	0.501043
96	34	1.32529
96	79	0.529267
96	86	1.30673
96	100	1.4029
96	101	1.39268
96	111	1.28592
96	115	1.27111
96	119	1.31213
96	123	1.32934
96	125	1.34539
96	126	1.34274
96	131	1.33932
96	132	1.33715
96	137	1.32814
96	139	1.3362
96	145	0.513922
96	148	0.497325
96	149	0.590206
96	165	1.34497
96	174	0.390477
96	177	0.500134
96	178	0.488661
96	179	0.505469
96	180	0.490909
97	21	1.20019
97	40	1.24872
97	42	1.24579
97	51	1.32627
97	61	1.4219
97	67	1.22662
97	82	1.33223
97	95	1.31578
97	99	1.35677
97	102	1.31924
97	110	1.34259
97	113	1.26835
97	122	1.30603
97	129	1.3241
97	130	0.523175
97	134	1.28493
97	136	0.530744
97	150	0.50634
97	154	0.587719
97	157	1.28048
97	170	0.502761
97	171	0.508731
97	176	0.506419
97	177	0.52161
97	178	0.510136
97	180	0.512384
98	28	0.576637
98	54	0.491811
98	57	0.529984
98	67	0.56757
98	69	0.482727
98	87	0.510491
98	110	0.480005
98	115	0.543602
98	131	0.498857
98	135	1.28266
98	139	0.513935
98	141	1.32468
98	142	1.30464
98	149	1.27433
98	152	1.27477
98	153	1.29251
98	159	1.30255
98	161	1.2894
98	163	1.30801
98	171	1.31057
98	173	1.30457
98	175	1.30853
98	176	1.31519
98	177	1.30198
98	178	1.30791
98	179	1.29769
99	21	1.27754
99	26	1.45449
99	51	1.40363
99	52	1.41503
99	53	1.40928
99	57	1.35905
99	82	1.40959
99	93	0.472583
99	95	1.39313
99	97	1.35677
99	102	1.39659
99	108	0.535301
99	110	1.41995
99	117	0.482988
99	122	1.38338
99	129	1.40146
99	134	1.36229
99	143	0.489146
99	157	1.35783
99	164	0.506433
99	167	0.511272
99	170	0.473854
99	171	0.479823
99	172	0.398506
99	174	0.383045
99	176	0.477512
100	9	0.451901
100	27	1.29895
100	28	1.31387
100	49	1.43348
100	63	1.37303
100	84	1.32052
100	86	1.38625
100	93	0.449944
100	96	1.4029
100	102	0.534952
100	105	1.39206
100	106	1.47662
100	114	0.449842
100	115	1.35062
100	119	1.39165
100	123	1.40885
100	124	0.556058
100	130	0.471628
100	131	1.41883
100	132	1.41666
100	139	1.41571
100	143	0.466507
100	162	0.455008
100	170	0.451215
100	178	0.458589
100	180	0.460837
101	47	1.4183
101	70	1.31919
101	84	1.3103
101	96	1.39268
101	105	1.38184
101	106	1.4664
101	111	1.35521
101	115	1.3404
101	119	1.38142
101	123	1.39863
101	126	1.41203
101	128	0.48004
101	132	1.40644
101	137	1.39743
101	139	1.40549
101	145	0.489418
101	153	0.562172
101	155	0.483977
101	158	0.485124
101	162	0.460576
101	163	0.464711
101	165	1.41426
101	169	0.462753
101	174	0.365973
101	177	0.47563
101	179	0.480965
102	26	1.41696
102	40	1.28855
102	41	0.440582
102	53	1.37174
102	57	1.32151
102	61	1.46172
102	67	1.26644
102	71	1.36227
102	72	1.34956
102	97	1.31924
102	99	1.39659
102	100	0.534952
102	110	1.38241
102	113	1.30817
102	114	0.462225
102	122	1.34585
102	129	1.36393
102	134	1.32476
102	136	0.49158
102	142	0.56283
102	145	0.496234
102	155	0.490792
102	157	1.3203
102	165	0.471211
102	167	0.501015
102	169	0.469568
102	179	0.48778
103	5	0.524195
103	17	0.557602
103	29	0.514127
103	42	1.21691
103	57	1.25281
103	59	0.540538
103	82	1.30335
103	85	0.562657
103	95	1.28689
103	107	0.528975
103	109	0.54192
103	113	1.23946
103	122	1.27714
103	134	1.25605
103	138	0.54387
103	149	0.552126
103	154	0.528164
103	157	1.25159
103	164	1.24897
103	166	1.28616
103	171	1.28665
103	173	1.28065
103	175	1.28461
103	176	1.29127
103	178	1.28399
103	179	1.27377
103	180	1.27973
104	17	1.30634
104	25	1.22728
104	43	1.43872
104	46	1.37199
104	50	1.23292
104	56	1.37748
104	58	1.32425
104	59	1.32241
104	60	1.30292
104	62	0.511317
104	66	1.40906
104	69	1.38136
104	76	1.34983
104	87	1.32326
104	90	1.3848
104	92	1.3848
104	93	0.476216
104	151	0.507507
104	158	0.505829
104	159	0.574857
104	162	0.481281
104	167	0.514906
104	168	1.46258
104	172	0.402139
104	175	0.46874
104	176	0.481145
104	178	0.484862
105	16	0.504026
105	28	1.22352
105	34	1.31445
105	49	1.34313
105	54	1.35115
105	63	1.28267
105	70	1.23906
105	100	1.39206
105	101	1.38184
105	106	1.38627
105	111	1.27508
105	112	0.513674
105	115	1.26027
105	123	1.3185
105	125	1.33456
105	131	1.32848
105	132	1.32631
105	134	0.587584
105	137	1.3173
105	139	1.32536
105	140	0.560554
105	142	0.567134
105	151	0.49792
105	159	0.56527
105	174	0.377092
105	175	0.459153
105	179	0.492084
105	180	0.477523
106	33	1.40597
106	34	1.39901
106	49	1.42768
106	55	1.42622
106	63	1.36723
106	70	1.32362
106	84	1.31473
106	100	1.47662
106	101	1.4664
106	105	1.38627
106	111	1.35964
106	119	1.38585
106	125	1.41911
106	128	0.480423
106	131	1.41304
106	139	1.40992
106	145	0.489802
106	150	0.460744
106	151	0.487185
106	158	0.485507
106	165	1.41869
106	166	0.461724
106	167	0.494584
106	171	0.463135
106	172	0.381817
106	173	0.467779
106	176	0.460823
106	179	0.481348
107	27	0.634121
107	38	0.493322
107	94	0.478808
107	103	0.528975
107	118	1.33622
107	124	1.33538
107	133	1.30819
107	135	1.30195
107	140	1.35303
107	142	1.32393
107	144	1.32115
107	146	1.30429
107	149	1.29362
107	152	1.29406
107	153	1.3118
107	154	1.34564
107	155	0.492823
107	157	1.2948
107	159	1.32183
107	160	1.32251
107	161	1.30869
107	163	0.473557
107	168	0.422498
107	172	0.39028
107	174	0.751929
107	176	0.469286
107	178	0.473003
107	180	1.32293
108	4	0.298945
108	11	0.484874
108	19	0.564094
108	88	0.501111
108	99	0.535301
108	124	1.33321
108	130	0.461721
108	133	1.30602
108	135	1.29977
108	138	1.32185
108	140	1.35085
108	141	1.34179
108	142	1.32175
108	144	1.31898
108	146	1.30211
108	149	1.29144
108	152	1.29188
108	153	1.30962
108	154	1.34346
108	159	1.31966
108	160	1.32033
108	161	1.30651
108	172	0.721733
108	173	0.451921
108	174	0.706273
108	175	0.43256
108	178	0.448682
108	180	1.32075
109	2	1.3587
109	15	0.517452
109	49	0.57292
109	75	1.32256
109	93	0.477302
109	103	0.54192
109	121	1.3164
109	124	1.33184
109	130	0.498987
109	135	1.29841
109	138	1.32049
109	141	1.34043
109	144	1.31762
109	145	0.51121
109	146	1.30075
109	148	0.494612
109	149	1.29008
109	152	1.29052
109	153	1.30826
109	154	1.3421
109	159	1.3183
109	160	1.31897
109	161	1.30515
109	165	0.486187
109	167	0.515992
109	173	0.489187
109	179	0.502756
109	180	1.31939
110	1	1.40516
110	22	0.568276
110	36	1.37765
110	40	1.3119
110	42	1.30897
110	57	1.34487
110	61	1.48508
110	67	1.2898
110	72	1.37291
110	81	0.495708
110	95	1.37895
110	97	1.34259
110	98	0.480005
110	99	1.41995
110	102	1.38241
110	113	1.33152
110	122	1.3692
110	129	1.38728
110	134	1.34811
110	145	0.486876
110	147	0.506554
110	151	0.484258
110	157	1.34365
110	160	0.546277
110	172	0.378891
110	173	0.464853
110	175	0.445492
110	177	0.473087
110	179	0.478422
111	12	1.25812
111	33	1.29479
111	48	1.31811
111	70	1.21244
111	84	1.20354
111	96	1.28592
111	101	1.35521
111	105	1.27508
111	106	1.35964
111	115	1.23364
111	123	1.29187
111	125	1.30793
111	126	1.30528
111	131	1.30185
111	132	1.29968
111	137	1.29067
111	139	1.29873
111	150	0.53621
111	155	0.559826
111	165	1.30751
111	167	0.570049
111	168	0.4895
111	169	0.538602
111	170	0.532631
111	171	0.5386
111	174	0.441822
111	175	0.523884
111	178	0.540006
111	180	0.542254
112	34	0.495465
112	40	0.546346
112	52	0.486933
112	59	0.522965
112	60	0.520861
112	61	0.448522
112	66	0.492003
112	76	0.546066
112	95	0.53982
112	105	0.513674
112	115	0.563609
112	123	0.521893
112	133	1.29281
112	141	1.32859
112	144	1.30578
112	146	1.28891
112	149	1.27824
112	153	1.29642
112	154	1.33026
112	155	1.28914
112	159	1.30645
112	161	1.29331
112	162	1.30858
112	166	1.31399
112	169	1.3082
112	173	1.30848
112	175	1.31244
112	176	1.3191
112	177	1.30589
112	178	1.31182
112	179	1.3016
113	1	1.33092
113	16	0.527529
113	26	1.36606
113	36	1.30341
113	42	1.23472
113	52	1.3266
113	53	1.32085
113	57	1.27062
113	61	1.41083
113	71	1.31138
113	80	0.52774
113	82	1.32116
113	95	1.30471
113	97	1.26835
113	102	1.30817
113	103	1.23946
113	110	1.33152
113	122	1.29496
113	128	0.514661
113	129	1.31303
113	134	1.27386
113	148	0.507442
113	157	1.2694
113	158	0.519744
113	160	0.583441
113	163	0.499331
113	167	0.528821
113	173	0.502017
113	175	0.482656
113	179	0.515586
113	180	0.501026
114	8	1.34205
114	14	1.2952
114	19	1.29867
114	20	1.40294
114	23	1.404
114	29	0.449409
114	31	0.496452
114	35	1.33881
114	48	0.487344
114	53	0.463925
114	55	0.460212
114	57	0.502845
114	74	1.35206
114	85	0.497939
114	100	0.449842
114	102	0.462225
114	135	0.504374
114	140	0.471141
114	143	1.35979
114	144	0.478709
114	155	1.35138
114	160	0.470526
114	167	1.34457
114	169	1.37044
114	172	1.52471
114	173	1.37072
114	174	1.55073
114	175	1.37468
114	176	1.38134
114	178	1.37406
114	179	1.36384
115	28	1.18208
115	34	1.27301
115	47	1.29673
115	49	1.30169
115	54	1.30971
115	63	1.24124
115	86	1.25446
115	96	1.27111
115	98	0.543602
115	100	1.35062
115	101	1.3404
115	105	1.26027
115	111	1.23364
115	112	0.563609
115	123	1.27706
115	125	1.29312
115	126	1.29047
115	127	0.566893
115	131	1.28704
115	132	1.28487
115	137	1.27586
115	139	1.28392
115	141	0.59526
115	150	0.521414
115	160	0.609874
115	165	1.2927
115	166	0.522395
115	168	0.474705
115	170	0.517836
115	173	0.52845
115	174	0.427027
115	177	0.536684
116	3	0.477889
116	14	0.361531
116	15	1.30793
116	32	0.505733
116	73	0.501552
116	74	0.507062
116	76	0.51784
116	82	0.490476
116	120	1.34074
116	128	1.36191
116	132	0.512515
116	134	0.517091
116	143	1.33467
116	148	1.34659
116	149	0.506327
116	151	1.31527
116	153	0.502797
116	155	1.32627
116	158	1.31745
116	160	0.489445
116	161	0.503103
116	166	1.35111
116	167	1.31945
116	169	1.34533
116	171	1.3516
116	172	1.49959
116	173	1.3456
116	175	1.34957
116	176	1.35622
116	177	1.34301
116	178	1.34894
116	179	1.33872
117	2	0.520014
117	52	0.450294
117	56	0.471681
117	63	0.505402
117	73	0.493139
117	77	0.48432
117	99	0.482988
117	121	0.505735
117	124	0.493837
117	125	0.478977
117	128	1.36916
117	138	0.489657
117	143	1.34192
117	145	1.31684
117	146	0.50806
117	147	1.31489
117	148	1.35384
117	152	0.508235
117	155	1.33351
117	156	1.33862
117	162	1.35295
117	163	1.35628
117	166	1.35836
117	167	1.3267
117	169	1.35257
117	171	1.35884
117	173	1.35285
117	175	1.35681
117	176	1.36347
117	177	1.35026
117	178	1.35619
117	179	1.34596
118	14	0.441931
118	107	1.33622
118	121	1.34809
118	123	0.574066
118	124	1.36354
118	128	0.501065
118	131	0.571038
118	133	1.33635
118	135	1.33011
118	138	1.35219
118	140	1.38119
118	141	1.37213
118	142	1.35209
118	144	1.34931
118	146	1.33245
118	149	1.32178
118	152	1.32222
118	153	1.33996
118	154	1.3738
118	159	1.34999
118	160	1.35067
118	161	1.33685
118	165	0.485421
118	166	0.482366
118	167	0.515225
118	171	0.483776
118	173	0.488421
118	174	0.386998
118	176	0.481465
118	177	0.496655
118	179	0.50199
118	180	1.35109
119	12	1.28434
119	28	1.2231
119	33	1.321
119	34	1.31404
119	41	0.461006
119	48	1.34432
119	54	1.35073
119	55	1.34124
119	60	0.579248
119	61	0.50691
119	70	1.23865
119	84	1.22976
119	94	0.497201
119	96	1.31213
119	100	1.39165
119	101	1.38142
119	106	1.38585
119	123	1.31809
119	125	1.33414
119	131	1.32807
119	132	1.32589
119	133	0.597851
119	137	1.31689
119	139	1.32495
119	158	0.512363
119	161	0.589717
119	165	1.33372
119	171	0.489991
119	173	0.494635
119	174	0.393213
119	176	0.487679
119	177	0.502869
119	180	0.493644
120	21	0.556581
120	28	0.560691
120	30	1.3343
120	36	0.497652
120	43	0.448017
120	74	0.499335
120	90	0.493649
120	95	0.503866
120	116	1.34074
120	124	0.494523
120	137	0.501917
120	140	0.482334
120	141	0.467104
120	143	1.32386
120	144	0.489901
120	145	1.29879
120	146	0.508746
120	147	1.29683
120	148	1.33578
120	150	1.33911
120	151	1.30446
120	155	1.31546
120	156	1.32057
120	159	0.487049
120	162	1.3349
120	163	1.33823
120	166	1.3403
120	167	1.30864
120	168	1.44815
120	171	1.34079
120	173	1.33479
120	175	1.33875
120	176	1.34541
120	177	1.3322
120	179	1.32791
121	16	0.532727
121	29	1.39373
121	34	0.566433
121	91	1.27891
121	109	1.3164
121	117	0.505735
121	118	1.34809
121	124	1.34726
121	128	0.519859
121	135	1.31383
121	138	1.3359
121	140	1.3649
121	141	1.35584
121	142	1.33581
121	143	0.511894
121	144	1.33303
121	145	0.529238
121	146	1.31616
121	149	1.30549
121	152	1.30594
121	153	1.32368
121	154	1.35751
121	159	1.33371
121	160	1.33438
121	161	1.32056
121	162	0.500395
121	164	0.529181
121	166	0.50116
121	167	0.53402
121	168	0.453471
121	169	0.502572
121	170	1.34405
121	172	0.421253
121	174	0.405793
121	180	1.33481
122	1	1.3686
122	26	1.40374
122	36	1.34109
122	40	1.27533
122	51	1.35288
122	52	1.36428
122	57	1.3083
122	67	1.25323
122	68	0.550698
122	71	1.34906
122	72	1.33634
122	82	1.35884
122	83	0.516757
122	95	1.34239
122	97	1.30603
122	99	1.38338
122	102	1.34585
122	103	1.27714
122	110	1.3692
122	113	1.29496
122	129	1.35071
122	134	1.31154
122	150	0.496626
122	155	0.520242
122	157	1.30709
122	158	0.521389
122	165	0.500661
122	167	0.530466
122	168	0.449917
122	169	0.499018
122	170	0.493047
122	172	0.417699
122	173	0.503661
122	177	0.511896
122	180	0.50267
123	1	0.540555
123	12	1.30154
123	27	1.22539
123	32	1.30058
123	33	1.3382
123	47	1.35496
123	48	1.36153
123	49	1.35991
123	69	0.55322
123	83	0.499829
123	96	1.32934
123	100	1.40885
123	101	1.39863
123	105	1.3185
123	111	1.29187
123	112	0.521893
123	115	1.27706
123	118	0.574066
123	119	1.31809
123	125	1.35134
123	126	1.34869
123	127	0.525176
123	131	1.34527
123	132	1.3431
123	137	1.33409
123	139	1.34215
123	150	0.479698
123	151	0.506139
123	155	0.503314
123	164	0.508699
123	165	1.35092
123	168	0.432989
123	174	0.385311
123	176	0.479777
123	179	0.500302
124	78	0.519306
124	79	0.532684
124	100	0.556058
124	107	1.33538
124	108	1.33321
124	109	1.33184
124	117	0.493837
124	118	1.36354
124	120	0.494523
124	121	1.34726
124	133	1.33551
124	135	1.32927
124	138	1.35135
124	140	1.38035
124	141	1.37129
124	142	1.35125
124	143	0.499995
124	144	1.34848
124	148	0.500743
124	149	1.32094
124	152	1.32138
124	153	1.33912
124	154	1.37296
124	156	0.505664
124	157	1.32212
124	159	1.34915
124	160	1.34983
124	161	1.33601
124	162	0.488497
124	168	0.441573
124	169	0.490674
124	170	1.3595
124	171	0.490673
124	173	0.495317
124	174	0.393895
124	179	0.508886
124	180	1.35025
125	12	1.3176
125	33	1.35426
125	47	1.37102
125	48	1.37758
125	49	1.37597
125	54	1.38399
125	55	1.3745
125	70	1.27191
125	80	0.50618
125	84	1.26302
125	86	1.32874
125	94	0.483023
125	96	1.34539
125	105	1.33456
125	106	1.41911
125	111	1.30793
125	115	1.29312
125	117	0.478977
125	119	1.33414
125	123	1.35134
125	131	1.36132
125	132	1.35915
125	137	1.35015
125	139	1.3582
125	147	0.522158
125	150	0.473421
125	161	0.575539
125	162	0.473637
125	164	0.502422
125	165	1.36698
125	167	0.507261
125	170	0.469843
125	173	0.480457
125	177	0.488691
125	178	0.477217
125	179	0.494026
125	180	0.479465
126	8	1.3222
126	14	1.27535
126	16	1.27732
126	20	1.3831
126	23	1.38415
126	32	1.31399
126	35	1.31897
126	52	0.535029
126	63	1.31287
126	70	1.26926
126	74	1.33222
126	84	1.26036
126	88	0.533533
126	89	0.485616
126	94	1.33887
126	96	1.34274
126	101	1.41203
126	111	1.30528
126	115	1.29047
126	123	1.34869
126	127	0.522786
126	132	1.3565
126	139	1.35555
126	143	0.489021
126	147	0.526044
126	155	0.500924
126	162	0.477523
126	163	0.481657
126	165	1.36433
126	166	0.478288
126	167	0.511147
126	168	0.430598
126	169	0.4797
126	171	0.479698
126	172	1.50486
126	174	1.53089
126	180	0.483351
127	10	0.456524
127	20	0.48555
127	51	0.526857
127	60	0.524144
127	65	0.492981
127	77	0.524243
127	80	1.26925
127	82	0.521986
127	89	1.34167
127	115	0.566893
127	123	0.525176
127	126	0.522786
127	129	0.520279
127	134	0.5486
127	141	0.506341
127	143	1.29711
127	145	1.27204
127	147	1.27008
127	148	1.30903
127	149	0.537836
127	150	1.31236
127	151	1.27771
127	153	0.534307
127	156	1.29382
127	158	1.27989
127	162	1.30815
127	163	1.31148
127	164	1.27637
127	166	1.31355
127	167	1.28189
127	169	1.30776
127	171	1.31404
127	173	1.30804
127	175	1.312
127	176	1.31866
127	177	1.30545
127	178	1.31138
127	179	1.30116
127	180	1.30712
128	8	0.177369
128	23	0.473534
128	39	0.479573
128	45	0.558993
128	67	0.565062
128	72	0.511661
128	85	0.522569
128	101	0.48004
128	106	0.480423
128	113	0.514661
128	116	1.36191
128	117	1.36916
128	118	0.501065
128	121	0.519859
128	130	1.352
128	136	1.33702
128	140	0.495771
128	142	0.502351
128	144	0.503339
128	147	1.318
