1	5	0.879674
1	12	0.987138
1	21	0.864696
1	132	0.928666
1	145	1.60318
1	149	0.680247
1	169	0.88833
1	170	0.813091
1	171	0.793367
1	175	1.40483
1	176	0.837949
1	179	0.72681
2	3	0.704564
2	96	0.959771
2	104	0.990646
2	122	0.982978
2	132	1.02021
2	136	1.06278
2	143	0.887439
2	144	0.830657
2	162	0.983426
2	166	0.915609
2	170	0.904637
2	177	0.86587
3	2	0.704564
3	35	0.644693
3	87	0.654044
3	91	0.469523
3	123	0.730413
3	133	0.753981
3	137	0.804457
3	141	0.767052
3	162	0.702838
3	165	0.665347
3	178	0.740805
3	180	0.762237
4	32	0.757617
4	33	0.816625
4	36	0.945802
4	59	0.968661
4	68	0.873288
4	86	0.877571
4	91	6
4	134	2.89238
4	159	0.697884
4	164	0.781044
4	174	1.16616
4	179	1.21503
5	1	0.879674
5	9	1.06168
5	86	0.534027
5	107	1.02795
5	120	0.929945
5	125	0.952912
5	138	0.985617
5	165	0.932001
5	170	0.890703
5	176	0.915561
5	177	0.851937
5	178	1.09129
6	10	1.1299
6	28	1.06848
6	38	1.06848
6	45	1.04952
6	74	1.07958
6	75	1.06492
6	97	6.6
6	112	0.480377
6	164	1.02233
6	172	0.916903
6	173	0.620152
6	177	0.53504
7	118	1.12192
7	120	0.92349
7	121	0.92321
7	122	0.962589
7	124	0.879742
7	132	0.999823
7	144	0.710096
7	155	0.893969
7	167	0.950568
7	171	0.864523
7	173	0.972651
7	176	0.909106
8	24	0.956669
8	44	1.0184
8	57	1.0706
8	82	0.985721
8	86	0.510203
8	120	0.938469
8	148	0.934488
8	169	0.974466
8	170	0.899228
8	171	0.879503
8	178	1.06747
8	179	0.812946
9	5	1.06168
9	95	0.519665
9	115	1.11027
9	124	0.954194
9	141	0.109746
9	152	1.09924
9	158	0.80948
9	162	1.07389
9	170	0.995099
9	173	1.0835
9	176	1.01996
9	177	0.956333
10	6	1.1299
10	19	0.928118
10	28	1.06847
10	38	1.06846
10	45	1.0495
10	56	0.995339
10	74	1.07956
10	75	1.06491
10	164	1.02231
10	169	1.29556
10	170	1.56985
10	172	0.916888
11	28	1.12988
11	29	0.667867
11	38	1.12988
11	45	1.11092
11	74	1.14097
11	75	1.12632
11	119	0.359441
11	125	0.609373
11	161	4.7049
11	164	1.08373
11	172	0.978302
12	1	0.987138
12	47	1.18949
12	85	0.850276
12	126	1.03737
12	148	1.03343
12	167	1.06449
12	171	0.978442
12	173	1.08657
12	175	0.510367
12	176	1.02303
12	178	0.58732
12	180	0.471701
13	14	1.10806
13	20	1.11279
13	47	0.404338
13	93	2.23562
13	95	1.06301
13	98	1.13152
13	117	1.08914
13	122	0.847817
13	139	1.34516
13	141	1.14314
13	149	0.867293
13	161	0.88479
14	13	1.10806
14	27	1.0011
14	50	0.980371
14	98	1.06343
14	102	0.3697
14	117	1.02105
14	123	1.03841
14	137	1.11245
14	141	1.07505
14	160	0.503591
14	172	1.69604
14	179	2.25306
15	73	0.950529
15	99	0.935027
15	106	0.951248
15	114	0.968239
15	138	1.31024
15	142	0.94745
15	150	0.925421
15	163	0.951897
15	174	0.726674
15	177	2.24225
15	178	0.978585
15	180	1.00002
16	19	1.13834
16	23	1.08525
16	45	0.278511
16	63	0.698271
16	70	1.11695
16	112	1.03246
16	150	0.849066
16	160	1.02754
16	162	1.06161
16	166	0.993796
16	177	0.944057
16	178	0.591505
17	27	0.566423
17	43	0.973682
17	59	1.22237
17	75	0.971898
17	141	0.873325
17	144	0.979769
17	164	0.929302
17	170	0.883993
17	171	0.864268
17	172	0.823877
17	173	0.972395
17	178	1.00075
18	27	0.98983
18	54	1.06445
18	88	1.05472
18	95	0.983649
18	112	0.705131
18	117	1.00977
18	123	1.02714
18	137	1.10118
18	138	0.466797
18	141	1.06378
18	161	0.805424
18	177	1.39881
18	179	2.57132
19	10	0.928118
19	16	1.13834
19	104	0.838597
19	108	0.942413
19	116	1.02998
19	121	1.01859
19	154	0.748538
19	160	1.02435
19	166	0.990605
19	169	1.05487
19	171	0.959908
19	177	0.940867
19	180	0.495248
20	13	1.11279
20	86	1.05121
20	120	1.29662
20	123	1.04313
20	135	1.20241
20	141	1.07977
20	144	1.03255
20	147	1.22181
20	169	1.36294
20	174	0.801615
20	178	1.05353
20	179	0.850488
20	180	1.07496
21	1	0.864696
21	88	0.81488
21	98	1.17469
21	138	0.97064
21	156	0.896514
21	159	0.949163
21	160	0.920442
21	166	0.886698
21	168	0.923361
21	169	0.950964
21	175	1.02117
21	176	0.900584
21	177	0.836959
22	57	1.06105
22	77	1.13638
22	113	1.01818
22	142	1.02182
22	145	1.0319
22	151	1.0015
22	156	1.56023
22	167	1.20889
22	173	1.17601
22	174	0.80104
22	175	1.03713
22	178	1.05295
22	180	1.07438
23	16	1.08525
23	120	0.965792
23	122	1.00489
23	133	0.889878
23	135	1.02472
23	136	1.08469
23	145	0.61109
23	151	0.659646
23	152	1.03069
23	163	0.55481
23	166	0.937523
23	173	1.01495
23	176	0.951409
24	8	0.956669
24	37	0.996501
24	91	0.727037
24	129	0.923995
24	145	1.08462
24	147	0.991243
24	152	0.985706
24	155	0.891283
24	157	0.911859
24	159	0.955
24	169	0.956801
24	170	0.881562
24	177	0.842796
25	70	1.11123
25	76	0.897885
25	108	0.939882
25	114	0.606389
25	155	0.986824
25	159	1.05054
25	160	1.02182
25	165	1.0184
25	169	1.05234
25	172	0.916987
25	176	1.00196
25	178	0.662453
25	180	0.546834
26	49	4.5
26	50	1.00079
26	88	1.08641
26	90	0.487121
26	95	1.01534
26	98	1.08385
26	123	1.05883
26	134	0.806712
26	137	1.13288
26	141	1.09547
26	149	0.819622
26	160	0.433944
26	179	0.411787
27	14	1.0011
27	17	0.566423
27	18	0.98983
27	54	1.03686
27	95	0.956057
27	98	1.02457
27	117	0.982179
27	123	0.999544
27	137	1.07359
27	141	1.03618
27	172	1.61356
27	176	0.488145
27	179	2.17058
28	6	1.06848
28	10	1.06847
28	11	1.12988
28	38	1.00704
28	45	0.988082
28	52	0.63412
28	74	1.01814
28	75	1.00349
28	134	6.40762
28	156	0.835949
28	161	1.01011
28	164	0.960893
28	172	0.855468
29	11	0.667867
29	80	0.759637
29	86	2.88279
29	88	0.859731
29	122	0.804126
29	135	0.823954
29	137	0.906195
29	141	0.868789
29	162	0.804575
29	163	0.815854
29	176	0.750643
29	178	0.842542
29	180	0.863975
30	101	1.20773
30	108	1.73316
30	119	0.789986
30	133	1.08734
30	150	1.021
30	151	1.02272
30	160	1.3405
30	163	1.04748
30	174	0.822253
30	175	1.05834
30	178	1.07416
30	179	0.871127
30	180	1.0956
31	61	1.11339
31	96	1.03992
31	142	0.683902
31	151	0.743461
31	153	1.01382
31	154	0.711179
31	157	1.01509
31	165	1.02609
31	166	0.995761
31	170	0.984789
31	171	0.965064
31	177	0.946023
31	178	0.573508
32	4	0.757617
32	33	0.899496
32	36	1.08095
32	59	1.10381
32	68	0.956158
32	86	0.960441
32	115	0.947378
32	131	0.981063
32	164	0.891312
32	169	1.15447
32	172	2.70369
32	174	0.710848
32	179	0.759722
33	4	0.816625
33	32	0.899496
33	36	1.11256
33	47	1.08292
33	59	1.13542
33	68	0.987769
33	86	0.992052
33	162	1.72562
33	164	0.922923
33	173	1.66504
33	174	0.742459
33	179	0.791332
34	65	1.18407
34	71	1.00416
34	72	0.979995
34	81	1.18797
34	104	1.01903
34	115	1.26313
34	143	0.986045
34	145	1.00845
34	158	1.01903
34	163	1.00281
34	169	1.47022
34	178	1.0295
34	180	1.05093
35	3	0.644693
35	48	1.2889
35	52	0.949391
35	56	1.03598
35	63	1.61716
35	68	0.449839
35	70	0.97889
35	125	0.906974
35	126	0.883966
35	136	1.00291
35	148	0.880026
35	165	0.886064
35	171	0.825041
35	177	0.805999
36	4	0.945802
36	32	1.08095
36	33	1.11256
36	59	1.31688
36	68	1.16922
36	86	1.17351
36	94	0.453985
36	149	5.2643
36	152	0.573875
36	159	0.320873
36	160	0.627051
36	164	1.10438
36	174	0.923914
36	179	0.972788
37	24	0.996501
37	78	0.925091
37	102	1.23447
37	118	1.05075
37	121	1.18043
37	122	1.07559
37	129	1.10787
37	142	1.07899
37	150	1.05696
37	154	1.08065
37	158	1.09965
37	163	1.08344
37	178	1.11013
37	180	1.13156
38	6	1.06848
38	10	1.06846
38	11	1.12988
38	28	1.00704
38	45	0.988078
38	74	1.01813
38	75	1.00348
38	99	0.873199
38	149	2.62093
38	157	0.456087
38	161	3.44558
38	164	0.960888
38	172	0.855463
39	106	0.97101
39	107	0.957828
39	116	1.30826
39	118	0.938975
39	124	1.00479
39	132	1.09397
39	142	0.967212
39	158	0.987873
39	163	0.971659
39	165	1.40684
39	170	1.57007
39	175	0.982524
39	178	0.998347
39	180	1.01978
40	64	1.08276
40	92	1.05531
40	105	1.04882
40	116	1.15539
40	136	0.841244
40	144	1.09035
40	145	1.09028
40	151	1.05989
40	154	1.08186
40	157	1.43652
40	164	1.19767
40	175	1.09551
40	178	1.11133
40	180	1.13277
41	61	0.830189
41	104	1.09057
41	107	1.06052
41	116	1.19201
41	120	1.11321
41	133	1.11422
41	145	1.07999
41	154	1.07157
41	162	1.24606
41	163	1.07435
41	165	1.29059
41	175	1.08522
41	178	1.10104
41	180	1.12247
42	55	1.07193
42	118	0.954367
42	122	1.35649
42	128	0.992366
42	133	1.02692
42	143	0.970282
42	144	0.992759
42	145	0.992687
42	146	1.00064
42	156	1.68267
42	169	1.29249
42	172	0.836867
42	175	0.997916
42	180	1.03517
43	17	0.973682
43	93	0.868822
43	120	1.13141
43	132	0.995919
43	142	0.999432
43	144	1.00959
43	150	0.977403
43	158	1.02009
43	168	1.37393
43	171	1.88129
43	172	0.853695
43	175	1.01474
43	178	1.03057
43	180	1.052
44	8	1.0184
44	64	0.776027
44	96	0.998425
44	135	1.04146
44	140	0.858506
44	146	0.703614
44	149	0.810446
44	152	1.04743
44	153	0.97232
44	160	0.988007
44	171	0.923565
44	173	1.03169
44	176	0.968148
44	178	0.674525
45	6	1.04952
45	10	1.0495
45	11	1.11092
45	16	0.278511
45	28	0.988082
45	38	0.988078
45	74	0.999176
45	75	0.984526
45	93	0.851632
45	136	0.36365
45	162	0.731852
45	164	0.941929
45	172	0.836504
45	174	3.72087
46	48	1.0637
46	89	0.965664
46	127	1.33903
46	129	1.00599
46	136	0.881722
46	154	0.978771
46	158	0.99777
46	161	0.776141
46	163	0.981556
46	165	1.29445
46	171	1.86695
46	175	0.992421
46	178	1.00824
46	180	1.02968
47	12	1.18949
47	13	0.404338
47	33	1.08292
47	66	1.15049
47	116	1.06579
47	118	0.881706
47	140	0.586121
47	148	1.0507
47	150	0.659701
47	155	1.02516
47	156	1.03623
47	164	1.06075
47	170	1.01544
47	177	0.976673
47	179	0.929158
48	35	1.2889
48	46	1.0637
48	97	0.83881
48	111	0.569845
48	124	1.11953
48	128	1.09172
48	130	1.78491
48	143	1.06963
48	151	1.06164
48	165	0.867883
48	175	1.09727
48	176	1.18062
48	178	1.11309
48	179	0.910053
48	180	1.13452
49	26	4.5
49	74	0.825358
49	101	0.792457
49	122	0.801143
49	134	0.577048
49	138	0.817716
49	146	0.826455
49	164	0.768111
49	166	0.733774
49	168	0.770437
49	172	0.662686
49	174	0.587647
49	178	0.839558
49	179	0.63652
49	180	0.860991
50	14	0.980371
50	26	1.00079
50	51	0.433349
50	54	1.01613
50	88	1.00639
50	90	2.58112
50	98	1.00383
50	105	0.305465
50	117	0.961445
50	123	0.978811
50	134	0.726692
50	137	1.05285
50	141	1.01545
50	161	0.757098
50	179	2.50579
51	50	0.433349
51	75	0.836385
51	101	0.990274
51	127	0.936022
51	139	0.920363
51	151	1.18206
51	153	0.949649
51	154	1.14978
51	157	0.950915
51	162	0.999408
51	165	0.961917
51	168	0.968254
51	169	0.995857
51	176	0.945477
51	177	0.881852
52	28	0.63412
52	35	0.949391
52	55	1.02476
52	100	1.16063
52	141	0.559597
52	144	1.2344
52	148	0.964006
52	153	0.957776
52	156	0.949534
52	161	0.813399
52	168	0.976382
52	169	1.00398
52	173	1.01715
52	176	0.953604
52	177	0.88998
53	107	0.929451
53	126	1.37454
53	133	0.983146
53	140	0.954942
53	146	0.956867
53	150	0.916806
53	153	1.46574
53	154	0.940496
53	158	0.959496
53	163	0.943282
53	164	1.31576
53	170	1.53529
53	175	0.954147
53	178	0.96997
53	180	0.991403
54	18	1.06445
54	27	1.03686
54	50	1.01613
54	84	0.7505
54	88	1.10175
54	93	2.19153
54	95	1.03068
54	98	1.09919
54	117	1.0568
54	137	1.14821
54	141	1.11081
54	149	0.83496
54	159	0.909786
54	169	0.739722
54	171	1.42329
55	42	1.07193
55	52	1.02476
55	126	0.959337
55	143	0.88227
55	150	1.01531
55	157	0.950433
55	159	0.993574
55	164	0.965446
55	166	0.931108
55	168	0.967772
55	170	0.920136
55	173	1.00854
55	176	0.944994
55	179	0.833855
55	180	0.642128
56	10	0.995339
56	35	1.03598
56	57	0.681212
56	74	0.259322
56	113	0.765127
56	116	1.06569
56	119	1.14836
56	127	1.03074
56	130	0.992521
56	148	1.0506
56	162	1.09413
56	166	1.02631
56	170	1.01534
56	175	0.601134
56	176	1.04019
57	8	1.0706
57	22	1.06105
57	56	0.681212
57	102	1.20431
57	109	1.04807
57	114	1.05539
57	122	1.04543
57	142	1.0346
57	144	1.04476
57	151	1.01429
57	163	1.03905
57	175	1.04991
57	176	1.40523
57	178	1.06574
57	180	1.08717
58	84	1.22233
58	106	1.00803
58	111	1.02458
58	133	1.04854
58	135	1.05102
58	138	1.21327
58	139	1.7729
58	140	1.02034
58	144	1.01439
58	146	1.02226
58	150	0.982203
58	151	0.983919
58	163	1.00868
58	175	1.01954
58	178	1.03537
58	180	1.0568
59	4	0.968661
59	17	1.22237
59	32	1.10381
59	33	1.13542
59	36	1.31688
59	68	1.19208
59	70	0.514649
59	86	1.19637
59	94	0.957468
59	131	1.21699
59	147	0.57916
59	164	1.12724
59	172	2.26951
59	173	0.726248
59	174	0.946774
59	179	0.995648
60	81	0.964476
60	96	0.862258
60	100	1.38183
60	105	0.954219
60	106	1.25424
60	108	0.769904
60	135	0.905293
60	138	0.902038
60	147	0.916805
60	148	0.842384
60	153	0.836154
60	156	0.827912
60	166	0.818096
60	176	0.831982
60	177	0.768357
60	180	1.27223
61	31	1.11339
61	41	0.830189
61	63	0.73574
61	127	0.968122
61	128	0.845264
61	136	1.11086
61	147	1.0624
61	155	0.96244
61	157	0.983015
61	163	0.694092
61	168	1.00035
61	169	1.02796
61	170	0.952719
61	173	1.04112
61	176	0.977577
61	180	0.513355
62	65	1.01657
62	77	0.93805
62	95	0.726499
62	104	1.15137
62	105	1.01404
62	121	0.905904
62	125	0.929151
62	130	0.844127
62	138	0.961857
62	148	0.902203
62	152	0.971086
62	153	0.895973
62	156	0.887731
62	167	0.933262
62	178	0.92364
62	180	0.808021
63	16	0.698271
63	35	1.61716
63	61	0.73574
63	89	1.01864
63	110	1.02749
63	118	1.00185
63	128	1.03985
63	133	1.0744
63	145	1.04017
63	151	1.00978
63	163	1.03454
63	168	1.26128
63	169	1.08507
63	174	0.809314
63	178	1.06122
63	180	1.08266
64	40	1.08276
64	44	0.776027
64	104	1.01859
64	106	1.00173
64	128	1.00769
64	150	0.975899
64	154	0.999589
64	156	1.46999
64	158	1.01859
64	159	1.24988
64	162	1.14635
64	163	1.00237
64	170	1.35411
64	175	1.01324
64	178	1.02906
64	180	1.0505
65	34	1.18407
65	62	1.01657
65	82	1.06024
65	117	0.875543
65	126	1.01295
65	127	0.98915
65	136	1.13189
65	141	0.0850977
65	147	1.08343
65	153	1.00278
65	163	0.757275
65	167	1.04007
65	170	0.973746
65	171	0.954021
65	177	0.93498
65	178	0.692158
66	47	1.15049
66	102	1.03601
66	107	0.533859
66	109	0.863015
66	116	1.00952
66	127	0.974577
66	133	0.997389
66	137	0.0613253
66	139	0.958918
66	150	0.854765
66	152	1.06332
66	157	0.989471
66	162	1.03796
66	166	0.970146
66	167	1.02549
66	176	0.984032
67	86	1.00168
67	92	1.08039
67	108	0.85002
67	120	0.926482
67	123	0.993606
67	133	1.19268
67	137	1.06765
67	141	1.03024
67	154	0.930168
67	160	0.931958
67	161	0.771893
67	164	0.93255
67	167	0.95356
67	170	0.887241
67	174	0.752086
67	175	0.715544
67	179	0.800959
68	4	0.873288
68	32	0.956158
68	33	0.987769
68	35	0.449839
68	36	1.16922
68	59	1.19208
68	80	0.759049
68	83	0.769249
68	86	1.04871
68	90	0.878209
68	99	1.09825
68	131	1.06934
68	149	3.21477
68	161	4.03941
68	164	0.979586
68	174	0.799121
68	179	0.847995
69	74	1.00414
69	75	0.989487
69	95	0.964458
69	117	0.990581
69	137	1.08199
69	138	0.986468
69	140	1.00331
69	141	1.04458
69	143	0.974881
69	164	0.94689
69	166	1.26022
69	170	1.25904
69	171	1.66831
69	172	0.841466
69	176	1.40855
69	178	1.01834
69	180	1.03977
70	16	1.11695
70	25	1.11123
70	35	0.97889
70	59	0.514649
70	80	0.992097
70	84	1.04611
70	129	0.733446
70	150	1.03023
70	158	0.865344
70	165	0.999543
70	166	0.969217
70	170	0.958245
70	171	0.93852
70	173	1.04665
70	174	0.82309
70	177	0.919479
70	178	0.77267
71	34	1.00416
71	72	0.982782
71	83	1.19832
71	92	0.976265
71	119	1.04952
71	140	1.01726
71	145	1.01124
71	146	1.01919
71	151	0.980841
71	157	1.53687
71	161	0.800185
71	163	1.0056
71	170	1.51756
71	173	1.24922
71	175	1.01647
71	178	1.03229
71	180	1.05372
72	34	0.979995
72	71	0.982782
72	101	1.46382
72	109	0.990466
72	113	0.973356
72	114	0.997781
72	128	0.986753
72	135	1.07929
72	140	0.993098
72	145	0.987075
72	154	0.978653
72	165	1.35088
72	167	1.27865
72	168	1.41603
72	175	0.992304
72	178	1.00813
72	180	1.02956
73	15	0.950529
73	105	1.13061
73	121	1.39353
73	128	1.0082
73	132	1.02289
73	133	1.04275
73	139	1.78604
73	142	0.998442
73	145	1.00853
73	151	0.978129
73	154	1.0001
73	158	1.0191
73	163	1.00289
73	167	1.26353
73	175	1.01375
73	179	0.82654
73	180	1.05101
74	6	1.07958
74	10	1.07956
74	11	1.14097
74	28	1.01814
74	38	1.01813
74	45	0.999176
74	49	0.825358
74	56	0.259322
74	69	1.00414
74	75	1.01458
74	93	0.881689
74	157	0.853151
74	164	0.971987
74	172	0.866562
74	173	0.565503
74	174	3.6151
74	176	0.983342
75	6	1.06492
75	10	1.06491
75	11	1.12632
75	17	0.971898
75	28	1.00349
75	38	1.00348
75	45	0.984526
75	51	0.836385
75	69	0.989487
75	74	1.01458
75	93	0.867039
75	115	0.595492
75	148	1.18271
75	164	0.957336
75	169	0.802585
75	172	0.851911
75	179	2.90882
76	25	0.897885
76	102	1.43662
76	107	1.00292
76	110	1.00971
76	124	1.04988
76	142	1.01231
76	145	1.02239
76	147	1.07261
76	151	0.991995
76	163	1.01676
76	167	1.25257
76	172	0.866571
76	174	0.791532
76	175	1.02762
76	176	1.63754
76	178	1.04344
76	180	1.06488
77	22	1.13638
77	62	0.93805
77	90	0.839162
77	119	1.02825
77	128	1.16092
77	129	0.905406
77	139	0.894973
77	155	0.90495
77	159	0.968666
77	161	0.779881
77	163	1.00975
77	166	0.906201
77	167	0.961548
77	168	0.942864
77	170	0.895229
77	173	0.983632
77	177	0.856462
78	37	0.925091
78	80	0.973145
78	112	0.988926
78	122	1.01763
78	123	0.258456
78	124	1.1292
78	127	0.954697
78	131	0.908189
78	138	1.03421
78	148	0.974554
78	153	0.968324
78	157	0.969591
78	158	0.984483
78	159	1.01273
78	168	0.986929
78	169	1.01453
78	174	0.804139
78	177	0.900527
79	82	1.10135
79	89	1.02655
79	92	1.01311
79	99	0.756219
79	100	1.05831
79	114	1.05879
79	125	1.27403
79	140	1.05411
79	142	1.038
79	146	1.05603
79	154	1.03966
79	160	1.48648
79	163	1.04245
79	166	1.40518
79	169	1.12971
79	175	1.05331
79	178	1.06913
79	180	1.09057
80	29	0.759637
80	68	0.759049
80	70	0.992097
80	78	0.973145
80	88	0.968826
80	108	0.820752
80	109	1.51788
80	116	0.908323
80	121	0.896934
80	131	1.26845
80	132	0.973547
80	136	1.01611
80	138	0.952886
80	157	0.888269
80	160	0.902689
80	170	0.857972
80	171	0.838247
80	177	0.819206
81	34	1.18797
81	60	0.964476
81	89	0.803981
81	95	0.498919
81	108	0.944252
81	115	1.09664
81	117	0.879445
81	123	0.0627082
81	126	1.02067
81	159	1.05491
81	162	1.06026
81	163	0.761178
81	165	1.02277
81	166	0.992445
81	168	1.02911
81	169	1.05671
81	170	0.981473
81	173	1.06988
81	176	1.00633
82	8	0.985721
82	65	1.06024
82	79	1.10135
82	137	0.414067
82	140	1.13393
82	144	1.01769
82	147	1.0203
82	152	1.01476
82	155	0.920336
82	156	0.931403
82	157	0.940911
82	159	0.984052
82	166	0.921587
82	167	0.976934
82	169	0.985853
82	170	0.910614
82	174	0.77546
82	177	0.871848
82	180	0.834326
83	68	0.769249
83	71	1.19832
83	90	0.884394
83	108	0.903241
83	112	0.990093
83	113	1.02041
83	114	0.877303
83	119	1.07348
83	125	1.00267
83	130	0.917646
83	131	0.949748
83	139	0.940205
83	153	0.969491
83	155	0.950182
83	156	0.961249
83	161	0.825114
83	166	0.951433
83	173	1.02886
83	177	0.901695
84	54	0.7505
84	58	1.22233
84	70	1.04611
84	94	0.979688
84	102	0.988817
84	111	1.03554
84	112	0.961615
84	120	0.951225
84	125	0.974191
84	149	0.779138
84	155	0.921704
84	156	0.932771
84	159	0.98542
84	163	1.0542
84	167	0.978302
84	171	0.892258
84	175	0.912134
84	177	0.873216
84	180	0.873468
85	12	0.850276
85	92	1.00349
85	99	0.867771
85	103	0.994185
85	104	1.04904
85	110	1.02578
85	111	1.05429
85	129	1.05726
85	143	1.01606
85	146	1.04642
85	151	1.00807
85	153	1.44601
85	155	1.59747
85	163	1.03283
85	165	1.35233
85	172	0.882646
85	175	1.0437
85	178	1.05952
85	180	1.08095
86	4	0.877571
86	5	0.534027
86	8	0.510203
86	20	1.05121
86	29	2.88279
86	32	0.960441
86	33	0.992052
86	36	1.17351
86	59	1.19637
86	67	1.00168
86	68	1.04871
86	90	0.882492
86	93	1.87285
86	99	1.10253
86	126	0.534588
86	131	1.07362
86	164	0.983869
86	168	0.59725
86	174	0.803404
86	179	0.852278
87	3	0.654044
87	89	1.17292
87	121	0.893079
87	122	0.932458
87	124	1.30239
87	126	0.893317
87	152	0.95826
87	154	1.20267
87	155	0.863838
87	157	0.884413
87	159	0.927554
87	162	0.932906
87	163	1.13012
87	168	0.901752
87	169	0.929355
87	170	0.854117
87	171	0.834392
87	173	0.94252
87	174	0.718962
87	176	0.878975
88	18	1.05472
88	21	0.81488
88	26	1.08641
88	29	0.859731
88	50	1.00639
88	54	1.10175
88	80	0.968826
88	91	0.803541
88	95	1.02094
88	97	0.800543
88	98	1.08945
88	117	1.04707
88	123	1.06443
88	127	0.850709
88	137	1.13848
88	141	1.10107
88	149	0.825222
88	155	1.05127
88	167	0.733902
88	179	2.80131
89	46	0.965664
89	63	1.01864
89	79	1.02655
89	81	0.803981
89	87	1.17292
89	100	1.00423
89	112	1.32628
89	113	0.980282
89	126	1.19978
89	127	1.24187
89	140	1.00002
89	142	0.983918
89	144	0.994073
89	146	1.00195
89	148	1.46635
89	154	0.985579
89	163	0.988365
89	175	0.99923
89	178	1.01505
89	180	1.03649
90	26	0.487121
90	50	2.58112
90	68	0.878209
90	77	0.839162
90	83	0.884394
90	86	0.882492
90	93	0.723066
90	112	0.817686
90	124	0.89125
90	129	0.882553
90	137	2.624
90	139	0.767798
90	157	0.79835
90	162	0.846843
90	164	0.813363
90	174	0.632899
90	175	0.868987
90	178	0.88481
90	179	0.681772
90	180	0.906243
91	3	0.469523
91	4	6
91	24	0.727037
91	88	0.803541
91	110	0.752615
91	115	0.784763
91	117	0.758595
91	123	0.77596
91	125	0.731804
91	137	0.850004
91	141	0.812599
91	142	0.755217
91	146	0.773249
91	156	0.690383
91	162	0.748385
91	173	0.757998
91	177	0.630829
91	178	0.786352
91	179	0.583314
91	180	0.807784
92	40	1.05531
92	67	1.08039
92	71	0.976265
92	79	1.01311
92	85	1.00349
92	114	0.991264
92	124	1.00805
92	127	1.42185
92	128	0.980237
92	138	1.26792
92	144	0.98063
92	147	1.12508
92	150	0.948446
92	154	0.972136
92	155	1.62241
92	158	0.991136
92	161	0.769506
92	169	1.26621
92	175	0.985787
92	178	1.00161
92	180	1.02304
93	13	2.23562
93	43	0.868822
93	45	0.851632
93	54	2.19153
93	74	0.881689
93	75	0.867039
93	86	1.87285
93	90	0.723066
93	97	0.621609
93	120	0.818375
93	128	0.874516
93	130	0.756318
93	143	0.852433
93	159	0.85257
93	160	0.82385
93	164	0.824442
93	168	0.826768
93	172	0.719018
93	175	0.880066
93	177	0.740367
93	180	0.917322
94	36	0.453985
94	59	0.957468
94	84	0.979688
94	113	1.30253
94	115	1.00699
94	122	0.970167
94	126	0.931026
94	139	0.89157
94	147	1.00151
94	148	0.927086
94	149	0.758981
94	151	1.38544
94	156	0.912614
94	158	1.30816
94	165	0.933124
94	167	0.958145
94	170	0.891826
94	171	0.872101
94	172	0.83171
94	173	0.980229
94	177	0.853059
95	9	0.519665
95	13	1.06301
95	18	0.983649
95	26	1.01534
95	27	0.956057
95	54	1.03068
95	62	0.726499
95	69	0.964458
95	81	0.498919
95	88	1.02094
95	99	1.05097
95	117	0.975998
95	123	0.993363
95	131	1.02206
95	137	1.06741
95	141	1.03
95	149	0.754154
95	161	0.771651
95	164	0.835927
95	169	0.781168
95	174	3.83672
96	2	0.959771
96	31	1.03992
96	44	0.998425
96	60	0.862258
96	110	1.0839
96	120	0.918497
96	124	1.12453
96	125	0.941463
96	127	0.894658
96	130	0.85644
96	146	0.916228
96	153	0.908285
96	155	0.888976
96	160	0.923972
96	166	0.890227
96	167	0.945575
96	168	0.92689
96	175	0.810185
96	176	0.904113
96	177	0.840489
96	178	0.887138
97	6	6.6
97	48	0.83881
97	88	0.800543
97	93	0.621609
97	101	0.736252
97	121	0.705559
97	123	0.772962
97	137	0.847006
97	140	0.768325
97	141	0.809601
97	153	0.695627
97	156	0.687385
97	161	0.55125
97	162	0.745387
97	167	0.732917
97	169	0.741835
97	172	0.606481
97	173	0.755
97	175	0.76753
97	177	0.627831
97	178	0.783353
97	180	0.804786
98	13	1.13152
98	14	1.06343
98	21	1.17469
98	26	1.08385
98	27	1.02457
98	50	1.00383
98	54	1.09919
98	88	1.08945
98	105	0.960792
98	117	1.04451
98	123	1.06187
98	131	1.09057
98	134	0.809755
98	135	0.894347
98	137	1.13592
98	141	1.09851
98	149	0.822664
98	153	1.25962
98	160	1.41165
98	161	0.840161
98	166	1.33035
98	170	1.32917
99	15	0.935027
99	38	0.873199
99	68	1.09825
99	79	0.756219
99	85	0.867771
99	86	1.10253
99	95	1.05097
99	121	1.02706
99	123	1.09446
99	128	0.821105
99	137	1.1685
99	141	1.1311
99	143	0.729339
99	145	0.726212
99	161	0.872748
99	164	1.0334
99	166	0.999067
99	167	1.05441
99	169	1.06333
99	174	0.85294
99	177	0.949329
99	179	0.901814
100	52	1.16063
100	60	1.38183
100	79	1.05831
100	89	1.00423
100	104	1.03634
100	107	1.00629
100	113	1.01204
100	138	0.974005
100	139	1.53363
100	140	1.03178
100	145	1.02576
100	146	1.03371
100	150	0.993646
100	151	0.995362
100	152	0.997651
100	158	1.03634
100	162	1.03882
100	163	1.02012
100	173	0.978247
100	175	1.03099
100	178	1.04681
100	180	1.06824
101	30	1.20773
101	49	0.792457
101	51	0.990274
101	72	1.46382
101	97	0.736252
101	108	0.856556
101	112	0.943408
101	115	1.00894
101	116	0.944126
101	127	0.909179
101	141	0.595252
101	154	1.33998
101	156	0.914564
101	157	0.924073
101	160	0.938493
101	167	0.960095
101	168	0.941411
101	169	0.969014
101	170	0.893776
101	174	0.758621
101	176	0.918634
101	180	1.08669
102	14	0.3697
102	37	1.23447
102	57	1.20431
102	66	1.03601
102	76	1.43662
102	84	0.988817
102	111	1.02451
102	115	1.01612
102	119	1.03397
102	120	0.940196
102	122	0.979296
102	137	0.665311
102	147	1.01064
102	156	0.921743
102	165	0.942253
102	166	0.911927
102	169	0.976193
102	172	0.840839
102	173	0.989358
102	176	0.925813
102	177	0.862188
102	180	1.08557
103	85	0.994185
103	104	0.981826
103	110	0.958564
103	116	1.39902
103	121	1.55538
103	124	0.998741
103	126	1.50009
103	128	0.970927
103	136	1.08487
103	143	0.948844
103	144	0.971321
103	146	0.979198
103	150	0.939137
103	151	0.940853
103	154	0.962827
103	158	0.981827
103	164	1.4413
103	173	1.3925
103	175	0.976477
103	178	0.9923
103	179	0.789263
103	180	1.01373
104	2	0.990646
104	19	0.838597
104	34	1.01903
104	41	1.09057
104	62	1.15137
104	64	1.01859
104	85	1.04904
104	100	1.03634
104	103	0.981826
104	106	1.01982
104	115	0.998945
104	144	1.02618
104	146	1.03406
104	147	1.06491
104	154	1.01769
104	155	1.56224
104	163	1.02047
104	166	1.48151
104	174	0.795248
104	175	1.03134
104	178	1.04716
104	179	0.844121
104	180	1.06859
105	40	1.04882
105	50	0.305465
105	60	0.954219
105	62	1.01404
105	73	1.13061
105	98	0.960792
105	113	0.971264
105	114	0.828161
105	125	1.03342
105	127	0.98662
105	130	0.948401
105	135	1.06939
105	136	1.12936
105	147	1.0809
105	152	1.07536
105	156	0.992004
105	160	1.01593
105	165	1.01251
105	168	1.01885
105	171	0.951491
105	177	0.93245
105	179	0.884935
105	180	0.768606
106	15	0.951248
106	39	0.97101
106	58	1.00803
106	60	1.25424
106	64	1.00173
106	104	1.01982
106	108	1.59414
106	109	1.01264
106	116	0.857187
106	133	1.04347
106	140	1.01527
106	142	0.999161
106	143	0.986839
106	145	1.00924
106	148	1.22483
106	151	0.978848
106	154	1.00082
106	155	1.20091
106	158	1.01982
106	168	1.02091
106	171	1.52827
106	178	1.0303
106	180	1.05173
107	5	1.02795
107	39	0.957828
107	41	1.06052
107	53	0.929451
107	66	0.533859
107	76	1.00292
107	100	1.00629
107	109	0.999454
107	124	1.02355
107	127	1.0706
107	128	0.995741
107	129	1.01486
107	130	1.94306
107	140	1.00209
107	150	0.96395
107	151	0.965666
107	158	1.00664
107	173	0.920924
107	175	1.00129
107	176	1.33876
107	177	1.84869
107	178	1.01711
107	179	0.814077
107	180	1.03855
108	19	0.942413
108	25	0.939882
108	30	1.73316
108	60	0.769904
108	67	0.85002
108	80	0.820752
108	81	0.944252
108	83	0.903241
108	101	0.856556
108	106	1.59414
108	114	1.67168
108	125	0.849109
108	126	0.826101
108	127	0.802304
108	139	0.786645
108	147	0.896582
108	157	0.817197
108	167	0.85322
108	170	0.786901
108	171	0.767176
108	173	0.875303
108	176	0.811758
108	179	0.700619
108	180	1.61212
109	57	1.04807
109	66	0.863015
109	72	0.990466
109	80	1.51788
109	106	1.01264
109	107	0.999454
109	110	1.00624
109	129	1.03772
109	132	1.04231
109	133	1.05315
109	134	0.777463
109	135	1.08359
109	140	1.02494
109	142	1.00884
109	143	0.996516
109	145	1.01892
109	147	1.10299
109	153	1.44886
109	160	1.60089
109	172	0.863101
109	175	1.02415
109	178	1.03997
109	179	0.836935
109	180	1.06141
110	63	1.02749
110	76	1.00971
110	85	1.02578
110	91	0.752615
110	96	1.0839
110	103	0.958564
110	109	1.00624
110	143	0.98044
110	144	1.00292
110	146	1.01079
110	150	0.970733
110	151	0.972449
110	152	1.20043
110	154	0.994423
110	158	1.01342
110	162	1.24161
110	163	0.997209
110	166	1.45054
110	168	1.35128
110	170	1.44936
110	173	1.18103
110	175	1.00807
110	178	1.0239
110	180	1.04533
111	48	0.569845
111	58	1.02458
111	84	1.03554
111	85	1.05429
111	102	1.02451
111	121	0.986638
111	125	1.00988
111	126	0.986877
111	132	1.06325
111	134	0.801923
111	138	1.04259
111	150	1.04889
111	153	0.976706
111	154	0.929005
111	156	0.968464
111	159	1.02111
111	167	1.014
111	169	1.02291
111	171	0.927951
111	173	1.03608
111	175	0.714381
111	176	0.972534
111	177	0.90891
111	180	0.675715
112	6	0.480377
112	16	1.03246
112	18	0.705131
112	78	0.988926
112	83	0.990093
112	84	0.961615
112	89	1.32628
112	90	0.817686
112	101	0.943408
112	113	1.3054
112	120	0.912995
112	130	0.850937
112	135	0.971922
112	136	1.03189
112	148	0.909013
112	151	1.38831
112	153	0.902783
112	159	0.94719
112	164	0.919062
112	169	0.948991
112	170	0.873753
112	173	0.962156
112	177	0.834986
112	180	1.10274
113	22	1.01818
113	56	0.765127
113	72	0.973356
113	83	1.02041
113	89	0.980282
113	94	1.30253
113	100	1.01204
113	105	0.971264
113	112	1.3054
113	114	1.01252
113	129	1.02061
113	140	1.00783
113	142	0.991727
113	143	0.979406
113	144	1.00188
113	150	0.969698
113	151	0.971414
113	161	0.790759
113	163	0.996174
113	166	1.34082
113	173	1.07131
113	175	1.00704
113	178	1.02286
113	180	1.0443
114	15	0.968239
114	25	0.606389
114	57	1.05539
114	72	0.997781
114	79	1.05879
114	83	0.877303
114	92	0.991264
114	105	0.828161
114	108	1.67168
114	113	1.01252
114	140	1.03226
114	145	1.02624
114	148	1.30237
114	149	0.797687
114	150	0.994124
114	151	0.99584
114	152	0.947609
114	158	1.03681
114	161	0.815184
114	172	0.870416
114	175	1.03146
114	177	1.85597
114	178	1.04729
114	180	1.06872
115	9	1.11027
115	32	0.947378
115	34	1.26313
115	75	0.595492
115	81	1.09664
115	91	0.784763
115	94	1.00699
115	101	1.00894
115	102	1.01612
115	104	0.998945
115	147	1.04897
115	150	1.02878
115	151	0.941168
115	156	0.960077
115	157	0.969586
115	162	1.01808
115	163	0.836333
115	164	0.984598
115	165	0.980587
115	167	1.00561
115	168	0.986924
115	174	0.804134
115	176	0.964147
115	177	0.900522
115	179	0.853008
116	19	1.02998
116	39	1.30826
116	40	1.15539
116	41	1.19201
116	47	1.06579
116	56	1.06569
116	66	1.00952
116	80	0.908323
116	101	0.944126
116	103	1.39902
116	106	0.857187
116	125	0.936679
116	135	0.97264
116	139	0.874215
116	147	0.984152
116	157	0.904768
116	162	0.953261
116	165	0.915769
116	168	0.922106
116	169	0.949709
116	174	0.739316
116	177	0.835705
116	178	0.990793
116	179	0.78819
117	13	1.08914
117	14	1.02105
117	18	1.00977
117	27	0.982179
117	50	0.961445
117	54	1.0568
117	65	0.875543
117	69	0.990581
117	81	0.879445
117	88	1.04707
117	91	0.758595
117	95	0.975998
117	98	1.04451
117	119	0.967951
117	123	1.01949
117	125	1.30601
117	131	1.04818
117	134	0.767367
117	137	1.09353
117	141	1.05612
117	147	1.02057
117	149	0.780276
117	161	0.797773
117	162	1.22823
117	172	2.71091
118	7	1.12192
118	37	1.05075
118	39	0.938975
118	42	0.954367
118	47	0.881706
118	63	1.00185
118	124	1.0047
118	129	0.996004
118	132	1.25607
118	136	1.15621
118	140	0.983233
118	144	0.977282
118	145	0.97721
118	150	0.945098
118	151	0.946814
118	154	0.968788
118	158	0.987788
118	163	0.971574
118	164	1.51263
118	165	1.56894
118	173	1.46384
118	175	0.982439
118	178	0.998262
118	179	0.795224
118	180	1.01969
119	11	0.359441
119	30	0.789986
119	56	1.14836
119	71	1.04952
119	77	1.02825
119	83	1.07348
119	102	1.03397
119	117	0.967951
119	133	1.18475
119	136	1.11528
119	146	0.813656
119	147	1.06682
119	148	0.992401
119	152	1.06128
119	156	0.977929
119	157	0.987437
119	159	1.03058
119	160	1.00186
119	168	1.00478
119	170	0.957141
119	173	1.04554
119	174	0.821986
119	176	0.981999
119	178	0.784566
119	179	0.870859
119	180	0.668947
120	5	0.929945
120	7	0.92349
120	8	0.938469
120	20	1.29662
120	23	0.965792
120	41	1.11321
120	43	1.13141
120	67	0.926482
120	84	0.951225
120	93	0.818375
120	96	0.918497
120	102	0.940196
120	112	0.912995
120	130	0.840547
120	133	1.31218
120	147	0.973044
120	151	1.08195
120	160	0.908079
120	162	0.942152
120	163	0.977114
120	165	0.904661
120	168	0.910998
120	169	0.938601
120	171	0.843638
120	176	0.88822
120	177	0.824596
121	7	0.92321
121	19	1.01859
121	37	1.18043
121	62	0.905904
121	73	1.39353
121	80	0.896934
121	87	0.893079
121	97	0.705559
121	99	1.02706
121	103	1.55538
121	111	0.986638
121	139	0.862827
121	141	0.540088
121	142	1.25754
121	145	1.26854
121	147	0.972764
121	152	0.967226
121	156	0.883871
121	165	0.904381
121	166	0.874055
121	167	0.929402
121	169	0.938321
121	170	0.863083
121	171	0.843358
121	173	0.951486
121	174	0.727928
121	177	0.824316
122	2	0.982978
122	7	0.962589
122	13	0.847817
122	23	1.00489
122	29	0.804126
122	37	1.07559
122	42	1.35649
122	49	0.801143
122	57	1.04543
122	78	1.01763
122	87	0.932458
122	94	0.970167
122	102	0.979296
122	131	1.05869
122	135	1.00063
122	139	0.902206
122	145	1.1637
122	155	0.912183
122	157	0.932759
122	159	0.975899
122	161	0.787114
122	167	0.968781
122	168	0.950097
122	169	0.9777
122	171	0.882737
122	173	0.990865
122	175	0.965354
122	177	0.863695
123	3	0.730413
123	14	1.03841
123	18	1.02714
123	20	1.04313
123	26	1.05883
123	27	0.999544
123	50	0.978811
123	67	0.993606
123	78	0.258456
123	81	0.0627082
123	88	1.06443
123	91	0.77596
123	95	0.993363
123	97	0.772962
123	98	1.06187
123	99	1.09446
123	117	1.01949
123	130	1.37305
123	131	1.06555
123	134	0.784732
123	137	1.11089
123	141	1.07349
123	149	0.797641
123	152	0.370321
123	156	0.735133
123	161	0.815138
123	172	1.89417
123	174	3.40051
123	179	2.45119
124	7	0.879742
124	9	0.954194
124	39	1.00479
124	48	1.11953
124	76	1.04988
124	78	1.1292
124	87	1.30239
124	90	0.89125
124	92	1.00805
124	96	1.12453
124	103	0.998741
124	107	1.02355
124	118	1.0047
124	128	1.0427
124	129	1.06182
124	133	1.07725
124	135	1.05517
124	136	0.914032
124	140	1.04905
124	143	1.02062
124	146	1.05097
124	149	0.814473
124	154	1.0346
124	163	1.03739
124	164	1.27046
124	167	1.25453
124	178	1.06407
124	179	0.861036
124	180	1.08551
125	5	0.952912
125	11	0.609373
125	35	0.906974
125	62	0.929151
125	79	1.27403
125	83	1.00267
125	84	0.974191
125	91	0.731804
125	96	0.941463
125	105	1.03342
125	108	0.849109
125	111	1.00988
125	116	0.936679
125	117	1.30601
125	126	0.92553
125	129	1.0834
125	132	1.0019
125	144	1.19037
125	148	0.921589
125	155	0.89605
125	157	0.916626
125	160	0.931046
125	170	0.886329
125	171	0.866604
125	173	0.974732
125	175	1.04567
125	176	0.911187
125	179	0.800048
125	180	1.00701
126	12	1.03737
126	35	0.883966
126	53	1.37454
126	55	0.959337
126	65	1.01295
126	81	1.02067
126	86	0.534588
126	87	0.893317
126	89	1.19978
126	94	0.931026
126	103	1.50009
126	108	0.826101
126	111	0.986877
126	125	0.92553
126	127	0.878725
126	131	1.10824
126	132	0.978896
126	140	1.27584
126	146	1.12095
126	147	0.973003
126	152	0.967465
126	155	0.873043
126	157	0.893618
126	162	0.942111
126	165	0.90462
126	166	0.874294
126	171	0.843597
126	174	0.728167
126	176	0.88818
126	179	0.77704
127	46	1.33903
127	51	0.936022
127	56	1.03074
127	61	0.968122
127	65	0.98915
127	66	0.974577
127	78	0.954697
127	88	0.850709
127	89	1.24187
127	92	1.42185
127	96	0.894658
127	101	0.909179
127	105	0.98662
127	107	1.0706
127	108	0.802304
127	126	0.878725
127	132	0.955099
127	138	0.934438
127	145	1.25535
127	148	0.874784
127	152	0.943668
127	158	1.22662
127	160	0.884241
127	162	0.918314
127	165	0.880822
127	166	0.850496
127	167	0.905844
127	168	0.88716
127	170	0.839524
127	177	0.800758
128	42	0.992366
128	48	1.09172
128	61	0.845264
128	63	1.03985
128	64	1.00769
128	72	0.986753
128	73	1.0082
128	77	1.16092
128	92	0.980237
128	93	0.874516
128	99	0.821105
128	103	0.970927
128	107	0.995741
128	124	1.0427
128	136	0.892934
128	138	1.19632
128	140	1.02123
128	144	1.01528
128	148	1.57472
128	150	0.983096
128	154	1.00679
128	158	1.02579
128	160	1.55137
128	163	1.00957
128	164	1.24936
128	170	1.46889
128	175	1.02044
128	178	1.03626
128	179	0.833222
128	180	1.05769
129	24	0.923995
129	37	1.10787
129	46	1.00599
129	70	0.733446
129	77	0.905406
129	85	1.05726
129	90	0.882553
129	107	1.01486
129	109	1.03772
129	113	1.02061
129	118	0.996004
129	124	1.06182
129	125	1.0834
129	133	1.06855
129	134	0.792866
129	139	1.50043
129	142	1.02424
129	143	1.01192
129	146	1.04227
129	147	0.797957
129	148	1.31921
129	150	1.00221
129	154	1.0259
129	161	0.823273
129	175	1.03955
129	176	1.36288
129	177	1.87281
129	178	1.05538
129	179	0.852339
129	180	1.07681
130	48	1.78491
130	56	0.992521
130	62	0.844127
130	83	0.917646
130	93	0.756318
130	96	0.85644
130	105	0.948401
130	107	1.94306
130	112	0.850937
130	120	0.840547
130	123	1.37305
130	132	0.91688
130	134	0.655552
130	135	0.899474
130	138	0.896219
130	141	1.39934
130	148	0.836565
130	153	0.830335
130	155	0.811027
130	157	0.831602
130	160	0.846022
130	162	0.880095
130	165	0.842604
130	166	0.812278
130	168	0.848941
130	171	0.78158
130	176	0.826163
130	177	0.762539
130	179	0.715024
130	180	1.89078
131	32	0.981063
131	59	1.21699
131	68	1.06934
131	78	0.908189
131	80	1.26845
131	83	0.949748
131	86	1.07362
131	95	1.02206
131	98	1.09057
131	117	1.04818
131	122	1.05869
131	123	1.06555
131	126	1.10824
131	132	0.792883
131	134	0.813427
131	137	1.13959
131	141	1.10218
131	143	1.03248
131	146	1.06283
131	150	1.02277
131	151	1.02449
131	153	1.19943
131	157	1.2883
131	164	1.00449
131	167	1.03352
131	168	1.1709
131	174	0.824026
131	175	1.06011
131	178	1.07594
131	179	0.8729
131	180	1.09737
132	1	0.928666
132	2	1.02021
132	7	0.999823
132	39	1.09397
132	43	0.995919
132	73	1.02289
132	80	0.973547
132	109	1.04231
132	111	1.06325
132	118	1.25607
132	125	1.0019
132	126	0.978896
132	127	0.955099
132	130	0.91688
132	131	0.792883
132	134	0.793942
132	138	1.03461
132	140	0.960485
132	142	0.886897
132	152	1.04384
132	153	0.968726
132	159	1.01313
132	164	0.985005
132	165	0.980994
132	166	0.950668
132	167	1.00602
132	168	0.987331
132	169	1.01493
132	173	1.0281
132	177	0.900929
132	179	0.853414
132	180	0.660884
133	3	0.753981
133	23	0.889878
133	30	1.08734
133	41	1.11422
133	42	1.02692
133	53	0.983146
133	58	1.04854
133	63	1.0744
133	66	0.997389
133	67	1.19268
133	73	1.04275
133	106	1.04347
133	109	1.05315
133	119	1.18475
133	120	1.31218
133	124	1.07725
133	129	1.06855
133	134	0.8083
133	136	1.07683
133	141	0.0691589
133	142	1.03967
133	143	1.02735
133	144	1.04983
133	146	1.05771
133	153	1.58323
133	161	0.838706
133	167	1.41733
133	170	1.65279
133	174	0.818898
133	175	1.05499
133	178	1.07081
133	179	0.867772
133	180	1.09224
134	4	2.89238
134	26	0.806712
134	28	6.40762
134	49	0.577048
134	50	0.726692
134	98	0.809755
134	109	0.777463
134	111	0.801923
134	117	0.767367
134	123	0.784732
134	129	0.792866
134	130	0.655552
134	131	0.813427
134	132	0.793942
134	133	0.8083
134	137	0.858776
134	141	0.821371
134	148	0.713627
134	155	0.688088
134	157	0.708664
134	158	0.784649
134	163	0.768435
134	166	0.689339
134	171	0.658642
134	173	0.76677
134	175	0.7793
134	176	0.703225
134	177	0.639601
134	178	0.795123
134	179	0.592086
134	180	0.816556
135	20	1.20241
135	23	1.02472
135	29	0.823954
135	44	1.04146
135	58	1.05102
135	60	0.905293
135	72	1.07929
135	98	0.894347
135	105	1.06939
135	109	1.08359
135	112	0.971922
135	116	0.97264
135	122	1.00063
135	124	1.05517
135	130	0.899474
135	143	0.942303
135	147	1.03197
135	148	0.95755
135	153	0.95132
135	159	0.995727
135	160	0.967006
135	163	0.882897
135	164	0.967599
135	165	0.963588
135	167	0.988609
135	168	0.969925
135	169	0.997528
135	170	0.92229
135	173	1.01069
135	176	0.947148
135	177	0.883523
135	178	0.81778
135	179	0.836008
136	2	1.06278
136	23	1.08469
136	35	1.00291
136	40	0.841244
136	45	0.36365
136	46	0.881722
136	61	1.11086
136	65	1.13189
136	80	1.01611
136	103	1.08487
136	105	1.12936
136	112	1.03189
136	118	1.15621
136	119	1.11528
136	124	0.914032
136	128	0.892934
136	133	1.07683
136	140	0.860626
136	152	1.0864
136	156	1.00305
136	159	1.0557
136	160	1.02698
136	162	1.06105
136	164	1.02757
136	165	1.02356
136	168	1.0299
136	169	1.0575
136	170	0.982261
136	171	0.962536
136	174	0.847106
136	176	1.00712
136	177	0.943495
136	178	0.676644
136	180	0.561025
137	3	0.804457
137	14	1.11245
137	18	1.10118
137	26	1.13288
137	27	1.07359
137	29	0.906195
137	50	1.05285
137	54	1.14821
137	66	0.0613253
137	67	1.06765
137	69	1.08199
137	82	0.414067
137	88	1.13848
137	90	2.624
137	91	0.850004
137	95	1.06741
137	97	0.847006
137	98	1.13592
137	99	1.1685
137	102	0.665311
137	117	1.09353
137	123	1.11089
137	131	1.13959
137	134	0.858776
137	141	1.14753
137	148	0.822553
137	149	0.871685
137	159	0.612494
137	161	0.889183
137	164	0.49719
137	170	0.716725
137	172	1.99165
137	177	1.37616
137	179	2.54867
138	5	0.985617
138	15	1.31024
138	18	0.466797
138	21	0.97064
138	49	0.817716
138	58	1.21327
138	60	0.902038
138	62	0.961857
138	69	0.986468
138	78	1.03421
138	80	0.952886
138	92	1.26792
138	100	0.974005
138	111	1.04259
138	127	0.934438
138	128	1.19632
138	130	0.896219
138	132	1.03461
138	139	0.918779
138	147	1.02872
138	152	1.02318
138	154	1.1177
138	156	0.939823
138	157	0.949332
138	158	1.0727
138	159	0.992472
138	160	0.963752
138	162	0.997824
138	166	0.930007
138	172	0.858919
138	173	1.00744
138	176	0.943893
138	177	0.880268
138	179	0.832754
