1	86	1.45058
1	87	1.31486
1	102	1.41707
1	121	1.35086
1	130	1.33117
1	136	1.36031
1	147	0.47769
1	153	1.37541
1	157	0.494691
1	158	0.467341
1	178	0.483357
1	180	0.479677
2	11	1.37386
2	24	0.509013
2	45	0.435141
2	71	1.44675
2	77	1.39429
2	114	0.478892
2	135	0.482332
2	148	0.496588
2	155	1.35835
2	156	1.35097
2	173	1.32273
2	179	1.35299
3	113	0.490893
3	143	0.472638
3	158	1.38947
3	164	1.36393
3	167	0.482702
3	168	0.476221
3	172	1.37257
3	173	1.3497
3	174	0.482854
3	176	1.37172
3	179	1.37996
3	180	1.37193
4	57	0.508496
4	60	1.29073
4	66	0.471617
4	122	0.466523
4	133	1.37864
4	134	1.3768
4	148	0.494524
4	149	0.45995
4	151	1.37284
4	156	1.39777
4	172	1.3924
4	176	1.39154
5	88	0.462685
5	96	0.469748
5	107	0.51336
5	122	0.463265
5	148	0.491267
5	151	1.35859
5	154	1.36662
5	155	1.3909
5	172	1.37815
5	173	1.35528
5	176	1.3773
5	178	1.37285
6	11	0.576684
6	88	1.22607
6	114	1.19603
6	116	1.20597
6	127	0.599073
6	129	1.2287
6	141	1.22416
6	150	1.15778
6	152	1.17578
6	157	1.18564
6	158	0.601316
6	167	0.632345
7	17	0.480093
7	28	0.440273
7	34	1.32915
7	61	0.49023
7	79	1.35361
7	102	1.39772
7	126	1.41759
7	140	1.41649
7	146	1.32889
7	153	1.35606
7	164	0.499201
7	178	0.498881
8	89	0.575145
8	119	0.586545
8	132	0.628997
8	159	1.17598
8	160	1.21055
8	161	1.21735
8	165	1.17801
8	167	1.18384
8	169	1.20813
8	170	1.22574
8	176	0.605551
8	178	1.19984
9	29	0.493895
9	34	1.32741
9	89	1.4376
9	94	1.39927
9	134	0.475831
9	136	1.33921
9	140	1.41474
9	144	0.474511
9	146	1.32715
9	153	1.35431
9	156	0.471013
9	175	0.488493
10	23	0.412793
10	26	1.51495
10	62	1.38422
10	78	0.548823
10	119	0.461904
10	121	1.32243
10	126	1.40851
10	130	1.30274
10	146	1.31981
10	153	1.34698
10	169	0.499434
10	176	0.48091
11	2	1.37386
11	6	0.576684
11	33	0.398504
11	110	0.480029
11	118	0.467968
11	125	0.471508
11	154	1.36128
11	166	1.37433
11	168	1.37304
11	170	1.3934
11	172	1.37281
11	177	1.35073
12	69	0.490091
12	114	0.464434
12	130	0.500276
12	135	0.467874
12	143	1.36314
12	152	0.470032
12	161	1.38168
12	169	1.37246
12	170	1.39008
12	173	1.3466
12	176	1.36863
12	179	1.37687
13	52	0.535066
13	63	0.471598
13	114	1.36719
13	116	1.37713
13	118	1.36535
13	122	1.36796
13	129	1.39986
13	138	1.37455
13	148	1.34881
13	158	0.457062
13	164	0.473398
13	171	0.463614
14	25	0.49825
14	36	1.41993
14	119	1.38789
14	127	0.448413
14	150	0.509385
14	151	1.33844
14	155	1.37075
14	157	0.478005
14	161	0.466487
14	163	1.36911
14	164	1.34936
14	179	1.36539
15	23	1.50164
15	111	0.485414
15	115	1.34396
15	116	0.482756
15	148	0.496716
15	151	1.33532
15	164	1.34624
15	170	0.45652
15	171	1.35657
15	174	0.483702
15	176	1.35403
15	179	1.36227
16	70	0.443032
16	78	0.53546
16	107	1.31654
16	140	0.470641
16	160	1.39549
16	166	1.39162
16	167	1.36879
16	168	1.39033
16	175	1.36875
16	176	0.467547
16	177	1.36802
16	179	0.47983
17	7	0.480093
17	110	0.501888
17	128	0.457948
17	145	1.37053
17	149	1.40005
17	151	0.481638
17	164	0.472387
17	169	1.37808
17	175	1.35375
17	177	1.35302
17	178	1.3698
17	180	1.37446
18	84	0.492185
18	122	1.30004
18	125	1.29667
18	129	1.33193
18	138	1.30662
18	139	0.530772
18	147	1.33732
18	150	1.26101
18	152	1.279
18	157	1.28887
18	160	0.533579
18	161	0.530348
18	176	0.516873
19	95	1.24632
19	106	1.33013
19	129	0.50439
19	130	0.557821
19	142	1.32041
19	149	0.505101
19	164	1.2979
19	166	0.50675
19	173	1.28367
19	174	0.526661
19	176	1.30569
19	178	1.30124
19	179	1.31394
20	59	1.33244
20	104	1.30514
20	111	0.540035
20	112	0.503307
20	115	1.29188
20	151	1.28324
20	161	0.522972
20	164	1.29415
20	168	0.531689
20	170	0.511141
20	172	1.3028
20	173	1.27992
20	179	1.31019
21	59	1.31324
21	74	1.39106
21	76	1.33996
21	87	0.577848
21	90	0.494001
21	127	0.502137
21	132	1.23518
21	141	0.512666
21	145	0.517502
21	154	1.27206
21	156	1.28897
21	176	1.28274
21	178	1.27829
22	117	1.29273
22	121	1.25903
22	126	1.34511
22	127	0.500991
22	136	1.26848
22	140	1.34401
22	143	0.524199
22	166	0.514505
22	167	0.534263
22	171	1.29565
22	175	0.534406
22	179	1.30136
22	180	1.29332
23	10	0.412793
23	15	1.50164
23	93	0.409639
23	113	0.432282
23	125	0.430379
23	130	0.455404
23	150	0.451792
23	161	1.5035
23	166	1.49282
23	167	1.46999
23	171	1.49299
23	173	1.46842
23	175	1.46995
24	2	0.509013
24	97	1.34535
24	124	1.28347
24	128	0.51734
24	156	0.529137
24	161	1.31362
24	162	1.29238
24	169	1.3044
24	171	0.521995
24	175	1.28007
24	176	0.5178
24	177	1.27934
24	180	1.30078
25	14	0.49825
25	51	0.540212
25	53	1.27932
25	93	1.33251
25	115	0.526758
25	121	1.28181
25	130	1.26212
25	136	1.29125
25	140	1.36678
25	145	0.51954
25	146	1.27919
25	153	1.30635
25	180	0.518754
26	10	1.51495
26	42	1.35891
26	66	1.5087
26	70	0.399539
26	96	0.444375
26	102	1.53341
26	104	0.438754
26	121	1.4672
26	126	1.55328
26	146	1.46458
26	160	0.440761
26	173	0.439468
26	178	0.437715
27	65	0.509412
27	94	1.3379
27	121	1.26839
27	126	1.35448
27	130	1.2487
27	136	1.27784
27	140	1.35337
27	146	1.26578
27	153	1.29294
27	154	0.525573
27	160	0.529344
27	171	0.516833
27	180	0.522617
28	7	0.440273
28	79	0.455328
28	96	1.50607
28	100	0.437374
28	108	1.45806
28	119	0.399581
28	154	0.431523
28	162	1.47924
28	166	1.48981
28	169	1.49127
28	170	1.50888
28	177	1.46621
28	179	0.43087
29	9	0.493895
29	79	0.534495
29	93	0.511974
29	140	0.500848
29	150	0.554127
29	154	1.29427
29	160	1.3112
29	166	1.30733
29	167	1.2845
29	171	1.30749
29	172	1.3058
29	176	1.30495
29	177	1.28373
30	68	0.530439
30	115	0.504085
30	130	0.546086
30	144	1.29757
30	152	0.515842
30	156	0.497438
30	166	1.31163
30	167	1.2888
30	168	1.31033
30	175	1.28876
30	177	1.28803
30	178	1.3048
30	180	1.30946
31	47	1.2961
31	72	1.25608
31	85	0.548828
31	109	0.512769
31	116	1.30854
31	120	1.34751
31	122	1.29938
31	129	1.33127
31	152	1.27835
31	160	0.516673
31	173	0.51538
31	174	1.28285
31	178	0.513627
32	45	0.48707
32	120	1.34186
32	143	0.525286
32	151	1.27489
32	155	1.3072
32	163	1.30556
32	164	1.28581
32	165	0.55092
32	170	0.508321
32	174	0.535503
32	176	1.2936
32	178	1.28915
32	179	1.30184
33	11	0.398504
33	59	0.434618
33	72	1.46124
33	81	1.48968
33	117	0.449203
33	131	0.420897
33	135	1.47983
33	141	1.53189
33	150	1.4655
33	152	1.4835
33	174	1.488
33	177	0.454954
33	179	0.437775
34	7	1.32915
34	9	1.32741
34	80	1.29872
34	87	1.23632
34	121	1.27232
34	136	1.28176
34	140	1.3573
34	143	0.522705
34	153	1.29687
34	164	0.518076
34	175	0.532913
34	178	0.517756
34	180	0.514076
35	59	0.562412
35	99	1.239
35	110	1.22508
35	113	1.23656
35	125	1.23946
35	129	1.27472
35	141	1.27018
35	144	0.56812
35	147	1.28011
35	150	1.2038
35	155	0.547932
35	157	1.23166
35	166	0.5622
35	171	0.557481
36	14	1.41993
36	75	0.455144
36	89	0.428766
36	93	0.473392
36	115	1.39555
36	132	1.35806
36	144	0.474007
36	155	1.41922
36	159	0.491628
36	162	0.480555
36	163	1.41758
36	164	1.39783
36	171	1.40816
36	173	1.3836
37	51	0.467615
37	52	0.511825
37	106	1.4209
37	121	0.47794
37	134	1.38172
37	139	0.450076
37	144	0.451012
37	158	1.41421
37	161	0.449652
37	163	1.40842
37	171	1.399
37	173	1.37444
37	176	1.39646
37	179	1.40471
38	47	1.24213
38	64	1.2771
38	82	0.525636
38	109	0.579219
38	116	1.25457
38	118	1.2428
38	125	1.24204
38	131	0.561821
38	141	1.27277
38	149	0.573681
38	150	1.20638
38	157	1.23424
38	174	1.22888
38	176	0.566416
39	64	0.554974
39	100	0.571483
39	122	0.566533
39	131	0.548101
39	149	1.27288
39	162	1.23889
39	165	1.2208
39	168	1.24817
39	169	1.25092
39	170	1.26853
39	174	1.23068
39	176	0.552696
39	177	1.22586
39	178	1.24263
40	63	0.464955
40	115	0.47076
40	120	0.454124
40	134	0.468931
40	158	1.42233
40	159	1.37626
40	161	1.41764
40	167	1.38413
40	168	1.40566
40	170	1.42603
40	173	0.468189
40	175	1.38409
40	177	1.38336
40	179	0.465059
41	51	0.469019
41	62	0.453371
41	67	1.48123
41	98	0.507225
41	119	1.41779
41	149	0.444846
41	153	0.463769
41	154	1.37637
41	171	1.38959
41	172	1.3879
41	173	1.36503
41	176	1.38705
41	177	0.467043
41	179	1.39529
42	26	1.35891
42	56	1.30821
42	86	1.26611
42	102	1.2326
42	126	1.25247
42	136	1.17583
42	140	1.25137
42	146	1.16377
42	153	1.19094
42	158	0.547338
42	169	0.568217
42	172	0.558832
42	173	0.565107
42	178	0.563354
43	84	1.30994
43	89	0.524958
43	105	0.56509
43	122	0.569202
43	142	1.25393
43	151	1.22051
43	164	1.23143
43	170	0.557008
43	172	1.24007
43	173	1.2172
43	176	1.23922
43	177	0.584826
43	179	1.24746
43	180	1.23943
44	76	0.438113
44	80	0.472359
44	108	1.37875
44	146	0.494734
44	159	1.37981
44	160	1.41438
44	166	1.4105
44	169	1.41196
44	170	1.42958
44	172	0.459251
44	173	0.465526
44	175	1.38763
44	177	1.3869
44	179	0.462396
45	2	0.435141
45	32	0.48707
45	78	0.511841
45	141	0.449858
45	144	1.39463
45	149	1.43211
45	159	1.37799
45	164	0.457908
45	167	1.38586
45	168	1.40739
45	169	1.41014
45	177	1.38508
45	179	0.456211
45	180	1.40652
46	53	1.21942
46	58	0.542373
46	62	1.2837
46	66	1.26341
46	87	1.18591
46	101	1.21331
46	144	0.560468
46	153	1.24645
46	157	0.570627
46	163	1.26795
46	166	0.554547
46	174	0.574458
46	179	1.26423
46	180	1.2562
47	31	1.2961
47	38	1.24213
47	69	1.31307
47	98	0.548228
47	101	0.506579
47	116	1.34899
47	120	1.38795
47	122	1.33982
47	141	1.36718
47	142	0.474181
47	147	1.3771
47	157	1.32866
47	160	0.49529
47	166	0.487499
47	178	0.492244
48	68	1.30965
48	87	1.27323
48	91	0.509878
48	93	1.35993
48	109	1.32062
48	112	0.470229
48	121	1.30922
48	140	1.3942
48	159	0.508876
48	162	0.497803
48	165	0.520662
48	167	0.505093
48	178	1.33886
48	179	1.35155
48	180	1.34352
49	56	1.42788
49	85	0.517663
49	117	1.31976
49	124	0.501475
49	130	0.528787
49	131	1.33881
49	147	0.476795
49	156	1.32637
49	159	0.501259
49	166	0.477717
49	172	1.321
49	173	1.29812
49	176	1.32014
49	179	1.32839
49	180	1.32035
50	89	1.38922
50	93	1.3321
50	94	1.35089
50	102	1.3476
50	126	1.36747
50	130	1.2617
50	140	1.36637
50	146	1.27877
50	153	1.30594
50	156	0.493307
50	164	0.49595
50	174	0.510795
50	177	0.511432
50	178	0.49563
50	179	0.494253
51	25	0.540212
51	37	0.467615
51	41	0.469019
51	132	0.51842
51	139	1.34476
51	156	0.50631
51	165	1.31299
51	166	1.34165
51	167	1.31882
51	168	1.34036
51	169	1.3431
51	170	1.36072
51	175	1.31878
51	176	0.494974
51	177	1.31805
52	13	0.535066
52	37	0.511825
52	56	0.499819
52	76	0.527183
52	97	1.32622
52	137	0.56647
52	149	1.30723
52	161	1.29449
52	162	1.27324
52	165	1.25515
52	166	1.28381
52	167	1.26098
52	173	0.554596
52	175	1.26094
52	177	1.26021
52	178	1.27698
53	25	1.27932
53	46	1.21942
53	63	1.32257
53	79	1.29428
53	87	1.23619
53	109	0.525643
53	121	1.27218
53	130	1.25249
53	139	0.526739
53	140	1.35716
53	146	1.26957
53	148	0.55468
53	149	0.520106
53	153	1.29673
53	165	0.557083
53	178	0.526501
54	69	1.26237
54	108	0.536888
54	113	1.28286
54	122	1.28912
54	124	0.544089
54	125	1.28575
54	132	0.534863
54	138	1.29571
54	141	1.31648
54	150	1.25009
54	152	1.26809
54	156	0.522754
54	157	1.27796
54	159	0.543873
54	174	1.27259
54	180	0.521397
55	74	0.489267
55	108	1.25604
55	119	0.521422
55	123	0.538184
55	134	0.556584
55	142	0.536026
55	160	1.29166
55	161	1.29847
55	165	1.25913
55	166	1.28779
55	169	1.28924
55	170	1.30686
55	175	1.26492
55	177	1.26419
55	178	1.28096
55	179	0.552711
56	42	1.30821
56	49	1.42788
56	52	0.499819
56	102	1.48271
56	118	0.455591
56	130	1.39681
56	137	1.40252
56	146	1.41388
56	149	0.431437
56	153	1.44104
56	155	1.46418
56	159	0.456628
56	160	0.440878
56	163	1.46254
56	165	0.468414
56	175	0.452988
57	4	0.508496
57	95	0.561981
57	97	1.32148
57	101	0.547341
57	106	0.520104
57	112	1.30998
57	141	0.525277
57	145	1.27298
57	161	1.28975
57	166	1.27908
57	167	1.25625
57	168	1.27778
57	169	1.28053
57	175	1.25621
57	177	1.25547
57	179	0.531629
58	46	0.542373
58	69	1.33909
58	88	1.3951
58	96	0.480596
58	114	1.36506
58	118	1.36323
58	135	1.34114
58	138	1.37243
58	141	1.3932
58	142	0.455873
58	150	1.32681
58	157	1.35467
58	158	0.45792
58	164	0.474256
58	165	0.504518
58	167	0.488949
58	174	1.34931
59	20	1.33244
59	21	1.31324
59	33	0.434618
59	35	0.562412
59	101	1.33065
59	105	0.482389
59	112	0.466471
59	115	1.36327
59	133	1.36043
59	141	0.478593
59	156	1.37956
59	158	1.39108
59	166	0.481577
59	172	1.37419
59	174	0.501487
59	179	1.38158
59	180	1.37354
60	4	1.29073
60	83	1.19475
60	137	1.19397
60	156	1.24825
60	157	0.570901
60	160	0.562613
60	161	0.559382
60	164	1.23424
60	169	0.564431
60	171	1.24457
60	172	1.24288
60	173	1.22
60	174	0.574733
60	175	0.574724
60	176	1.24203
60	178	1.23758
60	179	1.25027
61	7	0.49023
61	75	1.40018
61	86	0.466031
61	121	0.510307
61	123	0.4663
61	137	0.495831
61	149	1.38529
61	159	1.33117
61	161	1.37254
61	165	1.33321
61	167	1.33904
61	169	1.36332
61	170	1.38094
61	173	0.483957
61	175	1.33899
61	178	1.35504
61	179	0.480827
62	10	1.38422
62	41	0.453371
62	46	1.2837
62	87	1.30047
62	89	1.4443
62	98	1.3202
62	102	1.40267
62	121	1.33646
62	129	0.485879
62	136	1.34591
62	140	1.42144
62	151	0.502556
62	153	1.36101
62	166	0.48824
62	172	0.488464
62	178	0.492986
62	180	0.489306
63	13	0.471598
63	40	0.464955
63	53	1.32257
63	79	1.34715
63	90	0.46298
63	119	1.38988
63	123	1.36454
63	126	1.41114
63	127	0.471116
63	136	1.3345
63	142	1.37385
63	150	0.532088
63	153	1.3496
63	154	1.34846
63	159	0.508171
63	169	0.494238
63	176	1.35914
64	38	1.2771
64	39	0.554974
64	80	1.36698
64	86	1.4403
64	93	1.39129
64	113	1.36853
64	146	1.33797
64	150	1.33576
64	152	1.35376
64	153	1.36513
64	156	0.477151
64	157	1.36363
64	158	0.463457
64	162	0.487197
64	176	0.465814
64	178	0.479474
64	180	0.475794
65	27	0.509412
65	72	0.506465
65	94	0.464281
65	95	0.502944
65	124	1.35301
65	127	1.3829
65	128	0.459851
65	132	0.483757
65	159	1.34178
65	162	1.36191
65	165	1.34382
65	166	1.37248
65	170	1.39155
65	171	0.464506
65	174	1.3537
65	175	1.34961
65	177	1.34888
66	4	0.471617
66	26	1.5087
66	46	1.26341
66	71	0.439535
66	79	1.33828
66	93	1.36688
66	98	1.29991
66	102	1.38239
66	109	0.49527
66	117	0.506179
66	126	1.40226
66	130	1.29649
66	140	1.40115
66	153	1.34072
66	156	0.493805
66	158	0.480112
66	159	0.514924
67	41	1.48123
67	91	0.457096
67	98	0.493282
67	113	0.460501
67	127	0.419038
67	128	1.45625
67	137	1.38896
67	139	0.437536
67	142	1.45173
67	159	0.456094
67	161	0.437112
67	164	1.42923
67	171	1.43956
67	172	1.43787
67	174	0.452463
67	176	1.43702
67	178	1.43257
67	179	1.44526
68	30	0.530439
68	48	1.30965
68	70	0.483358
68	80	1.3015
68	86	1.37482
68	87	1.23911
68	89	1.38294
68	98	1.25884
68	123	0.505629
68	126	1.36119
68	130	1.25541
68	133	0.519582
68	136	1.28455
68	140	1.36008
68	146	1.27249
68	158	0.505517
68	168	0.530065
68	173	0.523286
69	12	0.490091
69	47	1.31307
69	54	1.26237
69	58	1.33909
69	110	1.2986
69	119	0.494329
69	125	1.31298
69	141	1.3437
69	147	1.35363
69	150	1.27732
69	152	1.29532
69	157	1.30518
69	170	0.514979
69	174	1.29982
69	175	0.542152
69	176	0.513336
69	178	0.526996
69	180	0.523316
70	16	0.443032
70	26	0.399539
70	68	0.483358
70	86	0.436508
70	122	1.44622
70	128	1.46532
70	135	1.42152
70	143	1.44061
70	152	1.42519
70	154	1.43541
70	157	1.43506
70	164	1.4383
70	166	0.447935
70	169	0.457544
70	172	1.44694
70	175	0.467837
70	176	1.44609
70	177	0.468483
71	2	1.44675
71	66	0.439535
71	79	0.457344
71	98	0.490248
71	101	1.40216
71	105	0.43033
71	113	1.43871
71	122	1.44497
71	129	1.47687
71	152	1.42394
71	157	1.43381
71	161	0.434078
71	163	1.4568
71	165	0.464845
71	168	0.442795
71	173	1.42282
71	175	0.44942
71	179	1.45308
72	31	1.25608
72	33	1.46124
72	65	0.506465
72	82	0.46891
72	106	0.510448
72	110	1.28206
72	114	1.29903
72	116	1.30897
72	121	0.551453
72	125	1.29644
72	141	1.32716
72	147	1.33709
72	150	1.26078
72	157	1.28864
72	168	0.531882
72	170	0.511334
72	174	1.28327
72	179	0.521973
73	91	1.28736
73	99	0.514365
73	103	0.518972
73	105	1.32502
73	144	1.30213
73	151	0.516954
73	152	0.523464
73	158	1.33156
73	159	1.28549
73	160	1.32006
73	164	0.507703
73	165	1.28753
73	168	1.31489
73	169	1.31764
73	170	1.33526
73	172	0.502861
73	173	0.509136
73	175	1.29332
74	21	1.39106
74	55	0.489267
74	109	1.42847
74	137	1.40309
74	142	1.46586
74	146	0.456996
74	150	0.468748
74	155	1.46475
74	163	1.46311
74	164	1.44336
74	167	0.441048
74	168	0.434566
74	169	0.430898
74	172	1.452
74	173	1.42913
74	174	0.4412
74	177	0.441837
74	179	1.45939
75	36	0.455144
75	61	1.40018
75	92	0.490238
75	127	1.39633
75	133	0.471217
75	147	0.467501
75	149	1.40933
75	151	0.482738
75	152	0.489249
75	159	1.35521
75	160	1.38978
75	161	1.39658
75	165	1.35724
75	166	1.38591
75	167	1.36308
75	173	0.474921
75	176	0.459508
75	177	1.3623
75	180	1.38374
76	21	1.33996
76	44	0.438113
76	52	0.527183
76	103	1.36105
76	126	0.44683
76	130	0.511521
76	131	1.41872
76	134	1.38531
76	137	1.352
76	148	0.493375
76	151	1.38135
76	154	1.38938
76	162	0.47292
76	164	1.39226
76	166	0.460451
76	170	0.45318
76	171	1.40259
76	173	1.37803
76	176	1.40005
77	2	1.39429
77	95	1.33301
77	107	0.510974
77	113	0.483905
77	114	0.471184
77	116	0.474921
77	117	1.392
77	123	1.39779
77	132	1.34483
77	134	1.37764
77	143	0.46565
77	160	0.463747
77	163	1.40434
77	168	0.469233
77	169	0.465565
77	172	1.39324
77	173	1.37036
77	176	1.39238
77	179	1.40063
78	10	0.548823
78	16	0.53546
78	45	0.511841
78	103	1.2286
78	106	1.29205
78	135	0.559032
78	143	0.550058
78	154	1.25693
78	155	1.28121
78	156	1.27383
78	161	0.544924
78	163	1.27957
78	164	1.25982
78	168	0.553641
78	171	1.27015
78	172	1.26846
78	173	1.24559
78	176	1.26761
78	179	1.27585
79	7	1.35361
79	28	0.455328
79	29	0.534495
79	53	1.29428
79	63	1.34715
79	66	1.33828
79	71	0.457344
79	80	1.32317
79	86	1.39649
79	94	1.36628
79	105	0.510003
79	130	1.27708
79	136	1.30622
79	140	1.38175
79	146	1.29416
79	153	1.32132
79	154	0.513213
79	166	0.509191
79	179	0.51256
79	180	0.510257
80	34	1.29872
80	44	0.472359
80	64	1.36698
80	68	1.3015
80	79	1.32317
80	86	1.40079
80	87	1.26508
80	91	0.51924
80	93	1.35178
80	94	1.37058
80	109	0.498584
80	126	1.38715
80	136	1.31052
80	137	0.513068
80	146	1.29846
80	153	1.32562
80	172	0.49492
80	177	0.515244
80	178	0.499442
80	180	0.495762
81	33	1.48968
81	110	1.3105
81	116	1.33741
81	118	1.32564
81	126	0.478134
81	135	1.30354
81	137	0.510127
81	138	1.33483
81	147	1.36553
81	148	1.30909
81	150	1.28922
81	152	1.30721
81	157	1.31708
81	159	0.515297
81	162	0.504224
81	164	0.49682
81	174	1.31171
81	175	0.511657
81	178	0.4965
81	180	0.49282
82	38	0.525636
82	72	0.46891
82	87	0.493868
82	92	1.38284
82	102	0.426007
82	121	0.464518
82	122	0.436593
82	130	0.48274
82	134	1.39671
82	138	0.443755
82	153	0.448944
82	156	1.41768
82	159	1.38314
82	160	1.41771
82	162	1.40327
82	164	1.40367
82	168	1.41254
82	173	1.38943
82	175	1.39096
82	176	1.41146
82	177	1.39023
83	60	1.19475
83	90	0.488086
83	98	0.570465
83	123	1.30097
83	128	1.3148
83	131	1.31423
83	133	1.28266
83	134	1.28082
83	141	0.506752
83	152	0.530562
83	153	0.527009
83	154	1.28489
83	155	1.30917
83	158	1.31331
83	162	0.522205
83	163	1.30752
83	171	1.2981
83	172	1.29642
83	175	0.529637
83	177	0.530283
83	179	1.30381
84	18	0.492185
84	43	1.30994
84	104	1.41675
84	113	0.475711
84	119	1.4443
84	123	1.41897
84	124	0.47152
84	133	1.40065
84	135	0.46643
84	137	1.3655
84	138	0.459847
84	148	0.480686
84	151	1.39485
84	162	0.460231
84	169	0.457371
84	170	0.440491
84	173	1.39154
84	176	1.41356
84	178	1.40911
84	179	1.4218
84	180	1.41377
85	31	0.548828
85	49	0.517663
85	109	1.2718
85	111	1.27814
85	112	1.32776
85	117	0.536108
85	120	0.513745
85	128	0.511937
85	141	0.518327
85	149	1.32028
85	158	1.31223
85	160	1.30073
85	162	1.28629
85	165	1.2682
85	166	1.29686
85	167	1.27403
85	168	1.29557
85	172	0.521535
85	175	1.27399
85	179	0.52468
85	180	1.29469
86	1	1.45058
86	42	1.26611
86	61	0.466031
86	64	1.4403
86	68	1.37482
86	70	0.436508
86	79	1.39649
86	80	1.40079
86	90	0.448288
86	93	1.4251
86	126	1.46047
86	130	1.3547
86	134	0.477178
86	140	1.45937
86	146	1.37178
86	153	1.39894
86	171	0.465218
86	177	0.490485
86	178	0.474683
86	179	0.473306
86	180	0.471003
87	1	1.31486
87	21	0.577848
87	34	1.23632
87	46	1.18591
87	48	1.27323
87	53	1.23619
87	62	1.30047
87	68	1.23911
87	80	1.26508
87	82	0.493868
87	94	1.30818
87	98	1.22241
87	101	0.562643
87	103	0.559897
87	121	1.23868
87	126	1.32476
87	130	1.21899
87	139	0.548547
87	144	0.549483
87	146	1.23606
87	177	0.56411
87	178	0.548308
88	5	0.462685
88	6	1.22607
88	58	1.3951
88	99	1.36854
88	110	1.35462
88	111	0.507331
88	113	1.3661
88	114	1.37159
88	125	1.36899
88	135	1.34766
88	141	1.39972
88	150	1.33333
88	152	1.35133
88	157	1.3612
88	158	0.474437
88	159	0.509249
88	162	0.498177
88	163	0.48231
88	167	0.505467
88	171	0.480988
88	174	1.35583
88	180	0.486773
89	8	0.575145
89	9	1.4376
89	36	0.428766
89	43	0.524958
89	50	1.38922
89	62	1.4443
89	68	1.38294
89	90	0.420395
89	93	1.43322
89	94	1.45201
89	120	0.434478
89	121	1.38251
89	126	1.46859
89	130	1.36282
89	136	1.39195
89	140	1.46749
89	146	1.37989
89	149	0.440395
89	153	1.40706
89	158	0.430773
89	167	0.461803
89	178	0.44679
89	180	0.44311
90	21	0.494001
90	63	0.46298
90	83	0.488086
90	86	0.448288
90	89	0.420395
90	96	1.43838
90	111	1.4034
90	112	1.45302
90	126	0.446095
90	127	1.43254
90	144	1.40806
90	148	1.40072
90	162	1.41155
90	163	0.456317
90	165	1.39346
90	167	1.39929
90	168	1.42083
90	170	1.44119
90	173	0.466214
90	175	1.39925
90	176	0.450801
90	177	1.39852
90	179	0.463084
91	48	0.509878
91	67	0.457096
91	73	1.28736
91	80	0.51924
91	95	0.539629
91	97	1.36117
91	104	0.511694
91	122	0.510832
91	137	0.524281
91	139	1.32187
91	149	1.34218
91	152	0.526736
91	155	0.491641
91	159	1.28806
91	161	1.32944
91	165	1.2901
91	167	1.29593
91	168	1.31747
91	169	1.32021
91	170	1.33783
91	175	1.29589
91	177	1.29516
91	180	1.31659
92	75	0.490238
92	82	1.38284
92	100	1.30692
92	101	1.27154
92	111	0.524804
92	123	1.31963
92	133	1.30131
92	142	1.32893
92	151	1.29551
92	159	0.526722
92	160	0.510972
92	163	1.32618
92	164	1.30643
92	166	0.50318
92	169	0.512789
92	170	0.49591
92	171	1.31676
92	172	1.31507
92	173	1.2922
92	174	0.523091
92	176	1.31422
92	177	0.523728
92	179	1.32246
93	23	0.409639
93	25	1.33251
93	29	0.511974
93	36	0.473392
93	48	1.35993
93	50	1.3321
93	64	1.39129
93	66	1.36688
93	80	1.35178
93	86	1.4251
93	89	1.43322
93	94	1.39488
93	102	1.39159
93	109	0.490558
93	121	1.32538
93	131	0.473161
93	136	1.33482
93	140	1.41036
93	151	0.500986
93	153	1.34993
93	172	0.486894
93	176	0.477756
93	178	0.491416
93	180	0.487736
94	9	1.39927
94	27	1.3379
94	50	1.35089
94	65	0.464281
94	79	1.36628
94	80	1.37058
94	87	1.30818
94	89	1.45201
94	93	1.39488
94	102	1.41039
94	115	0.48549
94	121	1.34418
94	126	1.43026
94	130	1.32449
94	146	1.34156
94	153	1.36873
94	157	0.4925
94	158	0.46515
94	160	0.484212
94	164	0.481486
94	167	0.49618
94	172	0.476645
94	178	0.481166
94	180	0.477486
95	19	1.24632
95	57	0.561981
95	65	0.502944
95	77	1.33301
95	91	0.539629
95	106	1.30791
95	115	1.2734
95	117	1.28308
95	123	1.28888
95	128	1.3027
95	132	1.23591
95	137	1.23541
95	138	0.527169
95	146	0.550791
95	154	1.27279
95	156	1.28969
95	159	0.538626
95	160	0.522876
95	163	1.29543
95	169	0.524693
95	173	1.26144
95	174	0.534995
95	176	1.28347
95	179	1.29171
96	5	0.469748
96	26	0.444375
96	28	1.50607
96	58	0.480596
96	90	1.43838
96	106	0.484614
96	107	1.28878
96	112	1.39475
96	119	0.46485
96	129	0.49041
96	139	1.36697
96	141	0.489787
96	145	1.35776
96	159	1.33316
96	160	1.36773
96	162	1.35329
96	163	0.489373
96	166	1.36385
96	169	1.36531
96	170	1.38293
96	171	0.488051
96	172	0.492994
96	175	1.34098
96	177	1.34025
97	24	1.34535
97	52	1.32622
97	57	1.32148
97	91	1.36117
97	100	0.487163
97	112	1.4209
97	120	0.469724
97	124	1.37053
97	137	0.495663
97	144	1.37594
97	154	0.481312
97	155	0.463022
97	156	0.479713
97	161	1.40068
97	162	1.37943
97	164	0.482356
97	166	1.39
97	169	1.39145
97	172	0.477514
97	173	0.483789
97	175	1.36713
97	176	0.468376
97	177	1.3664
97	178	1.38317
98	41	0.507225
98	47	0.548228
98	62	1.3202
98	66	1.29991
98	67	0.493282
98	68	1.25884
98	71	0.490248
98	83	0.570465
98	87	1.22241
98	113	0.570044
98	121	1.25841
98	123	0.530936
98	136	1.26785
98	145	1.28877
98	153	1.28296
98	154	0.546116
98	161	1.30554
98	163	0.538696
98	165	1.26621
98	166	1.29487
98	170	1.31394
98	174	1.27609
98	175	1.272
98	177	1.27127
99	35	1.239
99	73	0.514365
99	88	1.36854
99	113	1.33301
99	118	1.33667
99	122	1.33927
99	125	1.3359
99	129	1.37117
99	138	1.34586
99	140	0.487271
99	141	1.36663
99	145	0.494943
99	147	1.37656
99	148	1.32012
99	150	1.30024
99	152	1.31824
99	153	0.510366
99	157	1.32811
99	162	0.505561
99	168	0.506369
99	169	0.502701
99	172	0.493316
99	174	1.32274
99	178	0.497838
99	180	0.494158
100	28	0.437374
100	39	0.571483
100	92	1.30692
100	97	0.487163
100	103	1.29653
100	104	1.33873
100	118	0.513742
100	120	1.3838
100	128	1.35477
100	137	1.28748
100	139	0.496221
100	145	0.493089
100	149	0.489588
100	154	1.32486
100	156	1.34176
100	158	1.35329
100	161	0.495798
100	163	1.34749
100	172	1.33639
100	173	1.31351
100	175	0.511139
100	176	1.33554
100	177	0.511785
100	179	1.34378
100	180	1.33575
101	46	1.21331
101	47	0.506579
101	57	0.547341
101	59	1.33065
101	71	1.40216
101	87	0.562643
101	92	1.27154
101	103	1.26115
101	106	1.32459
101	117	1.29977
101	119	1.33089
101	131	1.31882
101	136	0.524194
101	137	1.2521
101	145	0.502296
101	156	1.30638
101	159	0.523986
101	162	0.512914
101	168	0.513722
101	170	0.493174
101	171	1.3027
101	173	1.27813
101	176	1.30015
101	177	0.520992
101	179	1.3084
101	180	1.30036
102	1	1.41707
102	7	1.39772
102	26	1.53341
102	42	1.2326
102	50	1.3476
102	56	1.48271
102	62	1.40267
102	66	1.38239
102	82	0.426007
102	93	1.39159
102	94	1.41039
102	119	0.447781
102	128	0.466328
102	130	1.32119
102	136	1.35033
102	140	1.42586
102	142	0.462385
102	146	1.33827
102	153	1.36543
102	161	0.480262
102	168	0.488979
102	169	0.485311
102	174	0.495613
102	175	0.495604
102	179	0.479071
102	180	0.476768
103	73	0.518972
103	76	1.36105
103	78	1.2286
103	87	0.559897
103	100	1.29653
103	101	1.26115
103	106	1.32827
103	125	0.523745
103	130	0.54877
103	132	1.25627
103	142	1.31854
103	145	0.499551
103	151	1.28512
103	153	0.514973
103	158	1.32158
103	162	0.510169
103	163	1.31579
103	164	1.29604
103	166	0.497699
103	168	0.510977
103	171	1.30637
103	172	1.30468
103	175	0.517601
103	176	1.30383
103	179	1.31207
103	180	1.30404
104	20	1.30514
104	26	0.438754
104	84	1.41675
104	91	0.511694
104	100	1.33873
104	106	1.37047
104	111	0.508773
104	115	1.33596
104	117	1.34565
104	129	0.484789
104	131	1.36469
104	145	0.489001
104	153	0.504424
104	154	1.33535
104	155	1.35963
104	156	1.35225
104	162	0.499619
104	164	1.33824
104	166	0.48715
104	169	0.496759
104	170	0.479879
104	171	1.34857
104	172	1.34688
104	174	0.507061
104	178	1.34158
104	179	1.35427
104	180	1.34624
105	43	0.56509
105	59	0.482389
105	71	0.43033
105	73	1.32502
105	79	0.510003
105	117	0.496973
105	118	0.504682
105	131	0.468667
105	134	0.489417
105	144	1.34237
105	145	1.35033
105	149	1.37985
105	155	0.467908
105	157	0.498256
105	159	1.32573
105	160	1.3603
105	161	1.3671
105	163	0.478778
105	166	1.35642
105	167	1.3336
105	168	1.35513
105	169	1.35788
105	170	1.3755
105	175	1.33355
105	177	1.33282
105	178	1.3496
105	180	1.35426
106	19	1.33013
106	37	1.4209
106	57	0.520104
106	72	0.510448
106	78	1.29205
106	95	1.30791
106	96	0.484614
106	101	1.32459
106	103	1.32827
106	104	1.37047
106	108	0.489765
106	115	1.35721
106	119	1.39801
106	132	1.31972
106	143	0.482902
106	146	0.508915
106	149	0.471559
106	151	1.34857
106	154	1.3566
106	156	1.3735
106	164	1.35949
106	165	0.508536
106	166	0.473208
106	170	0.465937
106	172	1.36813
106	173	1.34525
106	177	0.493756
107	5	0.51336
107	16	1.31654
107	77	0.510974
107	96	1.28878
107	108	1.24076
107	111	1.2538
107	112	1.30342
107	114	0.551612
107	116	0.555348
107	124	1.25305
107	125	0.562428
107	132	0.550914
107	133	0.539177
107	142	0.523065
107	143	1.26466
107	160	1.27639
107	161	1.28319
107	162	1.26195
107	164	0.541448
107	166	1.27252
107	167	1.24969
107	168	1.27122
107	169	1.27397
107	170	1.29159
107	173	0.542881
107	175	1.24965
107	177	1.24892
108	28	1.45806
108	44	1.37875
108	54	0.536888
108	55	1.25604
108	106	0.489765
108	107	1.24076
108	110	0.532488
108	112	1.34674
108	127	1.32626
108	146	0.533629
108	153	0.515196
108	154	0.501943
108	155	0.483654
108	160	1.31971
108	161	1.32651
108	162	1.30527
108	165	1.28718
108	167	1.29301
108	168	1.31454
108	169	1.31729
108	170	1.33491
108	171	0.493203
108	172	0.498146
108	173	0.504421
108	175	1.29297
108	177	1.29224
108	178	1.30901
108	179	0.50129
109	31	0.512769
109	38	0.579219
109	48	1.32062
109	53	0.525643
109	66	0.49527
109	74	1.42847
109	80	0.498584
109	85	1.2718
109	93	0.490558
109	115	1.31009
109	122	0.490176
109	125	0.511298
109	129	0.482892
109	136	0.509003
109	138	0.497338
109	162	1.31196
109	163	1.33211
109	165	1.29387
109	167	1.2997
109	169	1.32398
109	170	1.3416
109	171	1.32269
109	172	1.32101
109	173	1.29813
109	174	1.30375
109	175	1.29966
109	176	1.32015
109	177	1.29893
110	11	0.480029
110	17	0.501888
110	35	1.22508
110	69	1.2986
110	72	1.28206
110	81	1.3105
110	88	1.35462
110	108	0.532488
110	112	0.500826
110	113	1.31909
110	120	1.37348
110	129	1.35725
110	135	1.30065
110	138	1.33194
110	141	1.35271
110	142	0.502614
110	143	1.31974
110	145	0.517782
110	147	1.36264
110	150	1.28633
110	152	1.30432
110	157	1.31419
110	158	0.50466
110	164	0.520996
110	174	1.30882
110	176	0.507017
110	179	0.519299
110	180	0.516996
111	15	0.485414
111	20	0.540035
111	85	1.27814
111	88	0.507331
111	90	1.4034
111	92	0.524804
111	104	0.508773
111	107	1.2538
111	119	0.475067
111	136	0.526738
111	137	0.52136
111	142	0.489671
111	144	1.31482
111	159	1.29818
111	160	1.33275
111	161	1.33955
111	162	1.31831
111	165	1.30022
111	167	1.30605
111	168	1.32758
111	169	1.33033
111	170	1.34795
111	173	0.509487
111	174	1.3101
111	175	1.306
111	177	1.30527
111	179	0.506357
111	180	1.32671
112	20	0.503307
112	48	0.470229
112	57	1.30998
112	59	0.466471
112	85	1.32776
112	90	1.45302
112	96	1.39475
112	97	1.4209
112	107	1.30342
112	108	1.34674
112	110	0.500826
112	118	0.488765
112	124	1.35902
112	128	0.456885
112	130	0.51733
112	150	0.513718
112	157	0.482339
112	158	1.39386
112	159	1.34779
112	162	1.36792
112	163	0.462861
112	165	1.34983
112	166	1.37849
112	167	1.35566
112	169	1.37994
112	175	1.35562
112	176	0.457345
112	177	1.35489
112	179	0.469628
113	3	0.490893
113	23	0.432282
113	35	1.23656
113	54	1.28286
113	64	1.36853
113	67	0.460501
113	71	1.43871
113	77	0.483905
113	84	0.475711
113	88	1.3661
113	98	0.570044
113	99	1.33301
113	110	1.31909
113	114	1.33606
113	118	1.33423
113	124	0.533072
113	129	1.36873
113	135	1.31213
113	138	1.34342
113	143	1.33122
113	147	1.37412
113	148	1.31768
113	150	1.29781
113	152	1.3158
113	154	0.513336
113	157	1.32567
113	161	0.513874
113	163	0.505916
113	178	0.51406
113	180	0.51038
114	2	0.478892
114	6	1.19603
114	12	0.464434
114	13	1.36719
114	58	1.36506
114	72	1.29903
114	77	0.471184
114	88	1.37159
114	107	0.551612
114	113	1.33606
114	115	0.505663
114	116	1.35149
114	118	1.33971
114	122	1.34232
114	125	1.33895
114	132	0.511125
114	135	1.31762
114	138	1.34891
114	139	0.501578
114	141	1.36968
114	147	1.3796
114	148	1.32317
114	150	1.30329
114	152	1.32129
114	157	1.33116
114	159	0.520135
114	164	0.501659
114	172	0.496817
114	178	0.501339
114	180	0.497659
115	15	1.34396
115	20	1.29188
115	25	0.526758
115	30	0.504085
115	36	1.39555
115	40	0.47076
115	59	1.36327
115	94	0.48549
115	95	1.2734
115	104	1.33596
115	106	1.35721
115	109	1.31009
115	114	0.505663
115	123	1.33818
115	131	1.35144
115	133	1.31986
115	141	0.48745
115	143	0.500128
115	145	0.492285
115	154	1.32209
115	155	1.34638
115	165	0.525762
115	166	0.490434
115	172	1.33363
115	173	1.31075
115	174	0.510345
115	175	0.510336
115	176	1.33277
115	179	1.34101
115	180	1.33298
116	6	1.20597
116	13	1.37713
116	15	0.482756
116	31	1.30854
116	38	1.25457
116	47	1.34899
116	72	1.30897
116	77	0.474921
116	81	1.33741
116	107	0.555348
116	114	1.35149
116	118	1.34965
116	120	1.40039
116	122	1.35226
116	123	0.489171
116	125	1.34889
116	127	0.486816
116	131	0.48682
116	143	1.34665
116	147	1.38954
116	149	0.498681
116	150	1.31323
116	152	1.33123
116	153	0.517604
116	157	1.3411
116	169	0.509939
116	171	0.495611
116	174	1.33573
116	178	0.505076
116	180	0.501396
117	22	1.29273
117	33	0.449203
117	49	1.31976
117	66	0.506179
117	77	1.392
117	85	0.536108
117	95	1.28308
117	101	1.29977
117	104	1.34565
117	105	0.496973
117	126	0.48254
117	134	1.32771
117	137	1.2944
117	140	0.49034
117	142	1.35717
117	143	0.505855
117	155	1.35606
117	156	1.34868
117	160	0.503953
117	163	1.35441
117	164	1.33466
117	167	0.51592
117	170	0.48889
117	171	1.34499
117	172	1.34331
117	173	1.32043
117	174	0.516072
117	176	1.34245
117	177	0.516709
117	180	1.34266
118	11	0.467968
118	13	1.36535
118	38	1.2428
118	56	0.455591
118	58	1.36323
118	81	1.32564
118	99	1.33667
118	100	0.513742
118	105	0.504682
118	112	0.488765
118	113	1.33423
118	114	1.33971
118	116	1.34965
118	122	1.34049
118	135	1.31579
118	138	1.34708
118	141	1.36785
118	147	1.37777
118	148	1.32133
118	150	1.30146
118	152	1.31946
118	157	1.32933
118	161	0.50843
118	167	0.523629
118	170	0.496599
118	173	0.510369
118	174	1.32396
118	177	0.524418
118	178	0.508615
118	180	0.504935
119	8	0.586545
119	10	0.461904
119	14	1.38789
119	28	0.399581
119	41	1.41779
119	55	0.521422
119	63	1.38988
119	69	0.494329
119	84	1.4443
119	96	0.46485
119	101	1.33089
119	102	0.447781
119	106	1.39801
119	111	0.475067
119	122	0.458367
119	132	1.32602
119	140	0.447623
119	146	0.48915
119	148	0.486368
119	151	1.35487
119	154	1.3629
119	155	1.38718
119	158	1.39133
119	163	1.38553
119	164	1.36579
119	168	0.466721
119	171	1.37612
119	172	1.37443
119	173	1.35155
119	176	1.37358
119	179	1.38182
120	31	1.34751
120	32	1.34186
120	40	0.454124
120	47	1.38795
120	85	0.513745
120	89	0.434478
120	97	0.469724
120	100	1.3838
120	110	1.37348
120	116	1.40039
120	135	1.36653
120	137	1.34304
120	138	1.39782
120	140	0.467978
120	144	0.479719
120	150	1.3522
120	157	1.38006
120	161	0.478359
120	164	1.38331
120	165	0.509126
120	166	0.473799
120	167	0.493557
120	168	0.487076
120	169	0.483407
120	170	0.466528
120	171	1.39364
120	172	1.39195
120	174	1.3747
120	176	1.3911
120	179	1.39934
120	180	1.39131
121	1	1.35086
121	10	1.32243
121	22	1.25903
121	25	1.28181
121	26	1.4672
121	27	1.26839
121	34	1.27232
121	37	0.47794
121	48	1.30922
121	53	1.27218
121	61	0.510307
121	62	1.33646
121	72	0.551453
121	82	0.464518
121	87	1.23868
121	89	1.38251
121	93	1.32538
121	94	1.34418
121	98	1.25841
121	130	1.25498
121	133	0.517007
121	134	0.521454
121	135	0.532882
121	136	1.28412
121	146	1.27206
121	153	1.29922
121	159	0.537755
121	167	0.533972
121	173	0.520712
121	178	0.518959
121	180	0.515279
122	4	0.466523
122	5	0.463265
122	13	1.36796
122	18	1.30004
122	31	1.29938
122	39	0.566533
122	43	0.569202
122	47	1.33982
122	54	1.28912
122	70	1.44622
122	71	1.44497
122	82	0.436593
122	91	0.510832
122	99	1.33927
122	109	0.490176
122	114	1.34232
122	116	1.35226
122	118	1.34049
122	119	0.458367
122	129	1.37499
122	135	1.31839
122	141	1.37046
122	143	1.33748
122	147	1.38038
122	149	0.484639
122	150	1.30407
122	152	1.32207
122	154	0.49031
122	157	1.33193
122	158	0.475017
122	167	0.506047
122	180	0.487354
123	55	0.538184
123	61	0.4663
123	63	1.36454
123	68	0.505629
123	77	1.39779
123	83	1.30097
123	84	1.41897
123	92	1.31963
123	95	1.28888
123	98	0.530936
123	115	1.33818
123	116	0.489171
123	131	1.36691
123	137	1.30019
123	141	0.467222
123	142	1.36296
123	154	1.33757
123	156	1.35447
123	160	0.477998
123	161	0.474766
123	163	1.3602
123	164	1.34046
123	165	0.505534
123	168	0.483483
123	171	1.35079
123	172	1.3491
123	174	0.490117
123	175	0.490108
123	176	1.34825
123	177	0.490754
123	178	1.3438
123	179	1.35649
124	24	1.28347
124	49	0.501475
124	54	0.544089
124	65	1.35301
124	84	0.47152
124	97	1.37053
124	107	1.25305
124	112	1.35902
124	113	0.533072
124	128	0.495749
124	142	0.491806
124	144	1.31406
124	145	1.32202
124	147	0.504201
124	148	1.30672
124	149	1.35154
124	152	0.525949
124	154	0.509144
124	156	0.507545
124	159	1.29742
124	161	1.3388
124	165	1.29946
124	166	1.32812
124	168	1.32683
124	169	1.32957
124	171	0.500404
124	174	1.30934
124	175	1.30525
124	176	0.496209
124	177	1.30452
124	178	1.32129
124	179	0.508491
124	180	1.32595
125	11	0.471508
125	18	1.29667
125	23	0.430379
125	35	1.23946
125	38	1.24204
125	54	1.28575
125	69	1.31298
125	72	1.29644
125	88	1.36899
125	99	1.3359
125	103	0.523745
125	107	0.562428
125	109	0.511298
125	114	1.33895
125	116	1.34889
125	129	1.37162
125	135	1.31503
125	138	1.34632
125	143	1.33411
125	147	1.37701
125	148	1.32057
125	150	1.3007
125	152	1.3187
125	154	0.511432
125	157	1.32856
125	158	0.496139
125	162	0.519879
125	164	0.512475
125	165	0.542738
125	171	0.502691
125	174	1.3232
125	178	0.512156
125	180	0.508476
126	7	1.41759
126	10	1.40851
126	22	1.34511
126	26	1.55328
126	27	1.35448
126	42	1.25247
126	50	1.36747
126	63	1.41114
126	66	1.40226
126	68	1.36119
126	76	0.44683
126	80	1.38715
126	81	0.478134
126	86	1.46047
126	87	1.32476
126	89	1.46859
126	90	0.446095
126	94	1.43026
126	117	0.48254
126	130	1.34107
126	132	0.482275
126	134	0.474985
126	136	1.3702
126	139	0.472728
126	146	1.35814
126	153	1.3853
126	155	0.453476
126	164	0.472809
126	165	0.503071
126	171	0.463024
126	172	0.467968
126	174	0.487654
126	180	0.468809
127	6	0.599073
127	14	0.448413
127	21	0.502137
127	22	0.500991
127	63	0.471116
127	65	1.3829
127	67	0.419038
127	75	1.39633
127	90	1.43254
127	108	1.32626
127	116	0.486816
127	139	1.36113
127	144	1.34396
127	145	1.35192
127	149	1.38144
127	150	0.51531
127	152	0.488678
127	153	0.485125
127	156	0.470274
127	160	1.36189
127	161	1.36869
127	162	1.34745
127	163	0.464453
127	164	0.472916
127	165	1.32935
127	166	1.35801
127	168	1.35672
127	169	1.35947
127	170	1.37709
127	172	0.468075
127	174	1.33924
127	175	1.33514
127	177	1.33441
127	180	1.35585
128	17	0.457948
128	24	0.51734
128	65	0.459851
128	67	1.45625
128	70	1.46532
128	83	1.3148
128	85	0.511937
128	95	1.3027
128	100	1.35477
128	102	0.466328
128	112	0.456885
128	124	0.495749
128	131	1.38073
128	132	1.31451
128	133	1.34916
128	137	1.31401
128	143	0.481685
128	144	0.477911
128	148	0.504915
128	151	1.34336
128	154	1.35139
128	156	1.36829
128	159	0.495533
128	163	1.37403
128	164	1.35428
128	165	0.507318
128	168	0.485268
128	171	1.36461
128	173	1.34005
128	175	0.491893
128	176	1.36207
128	178	1.35762
128	179	1.37031
128	180	1.36228
129	6	1.2287
129	13	1.39986
129	18	1.33193
129	19	0.50439
129	31	1.33127
129	35	1.27472
129	62	0.485879
129	71	1.47687
129	96	0.49041
129	99	1.37117
129	104	0.484789
129	109	0.482892
129	110	1.35725
129	113	1.36873
129	122	1.37499
129	125	1.37162
129	133	0.481798
129	135	1.35029
129	138	1.38158
129	141	1.40235
129	147	1.41228
129	148	1.35584
129	150	1.33596
129	152	1.35396
129	157	1.36383
129	158	0.467733
129	163	0.475606
129	166	0.479004
129	168	0.492281
129	174	1.35846
129	175	0.498906
129	177	0.499552
129	178	0.483749
129	180	0.480069
130	1	1.33117
130	10	1.30274
130	12	0.500276
130	19	0.557821
130	23	0.455404
130	25	1.26212
130	27	1.2487
130	30	0.546086
130	49	0.528787
130	50	1.2617
130	53	1.25249
130	56	1.39681
130	66	1.29649
130	68	1.25541
130	76	0.511521
130	79	1.27708
130	82	0.48274
130	86	1.3547
130	87	1.21899
130	89	1.36282
130	94	1.32449
130	102	1.32119
130	103	0.54877
130	112	0.51733
130	121	1.25498
130	126	1.34107
130	136	1.26443
130	140	1.33996
130	146	1.25237
130	153	1.27953
130	162	0.544905
130	173	0.538934
130	178	0.537181
130	180	0.533501
131	33	0.420897
131	38	0.561821
131	39	0.548101
131	49	1.33881
131	76	1.41872
131	83	1.31423
131	93	0.473161
131	101	1.31882
131	104	1.36469
131	105	0.468667
131	115	1.35144
131	116	0.48682
131	123	1.36691
131	128	1.38073
131	133	1.3486
131	138	0.47994
131	141	0.464871
131	142	1.37622
131	148	0.50078
131	151	1.34279
131	153	0.485129
131	155	1.37511
131	157	0.483934
131	158	1.37925
131	161	0.472416
131	163	1.37346
131	164	1.35371
131	166	0.467855
131	171	1.36404
131	173	1.33948
131	176	1.3615
131	177	0.488403
131	179	1.36974
131	180	1.36171
132	8	0.628997
132	21	1.23518
132	36	1.35806
132	51	0.51842
132	54	0.534863
132	65	0.483757
132	77	1.34483
132	95	1.23591
132	103	1.25627
132	106	1.31972
132	107	0.550914
132	114	0.511125
132	119	1.32602
132	126	0.482275
132	128	1.31451
132	133	1.28237
132	134	1.28054
132	139	0.500881
132	143	0.505591
132	148	0.528821
132	151	1.27657
132	155	1.30888
132	156	1.3015
132	163	1.30724
132	165	0.531224
132	171	1.29782
132	172	1.29613
132	173	1.27326
132	175	0.515798
132	176	1.29528
132	177	0.516444
132	178	1.29083
132	179	1.30352
132	180	1.29549
133	4	1.37864
133	59	1.36043
133	68	0.519582
133	75	0.471217
133	83	1.28266
