1	5	1.14608
1	15	1.29122
1	30	1.20326
1	38	1.34032
1	43	1.15508
1	141	1.23864
1	143	0.575194
1	146	1.4247
1	156	0.742127
1	166	0.647616
1	168	1.13279
1	172	1.13075
2	9	1.11327
2	12	1.24692
2	26	0.34684
2	44	1.25757
2	57	1.29318
2	59	1.17511
2	70	1.14542
2	72	1.21205
2	99	0.585052
2	166	1.18484
2	174	1.13279
2	179	1.29563
3	37	1.16958
3	53	1.22614
3	73	1.22592
3	87	0.659864
3	89	1.17707
3	100	1.22721
3	104	1.20477
3	119	1.16943
3	144	0.788531
3	148	1.21464
3	167	1.08081
3	175	0.909696
4	31	1.12388
4	45	1.19731
4	55	1.24068
4	56	1.24081
4	68	1.20706
4	76	1.27392
4	111	0.671847
4	135	0.881492
4	141	1.25791
4	166	0.770488
4	176	1.0518
4	179	1.06472
5	1	1.14608
5	13	1.20746
5	30	1.04363
5	33	1.03558
5	38	1.18069
5	43	0.995445
5	141	1.079
5	164	1.00519
5	168	0.973162
5	172	0.97112
5	174	1.25462
5	175	0.894235
6	45	1.17633
6	52	1.26389
6	55	1.2197
6	56	1.21983
6	68	1.18608
6	76	1.25294
6	105	0.775953
6	110	0.654356
6	145	0.914369
6	148	1.23801
6	167	1.06847
6	179	1.04374
7	24	1.11567
7	60	1.10598
7	67	1.09
7	78	0.536103
7	89	0.693351
7	113	1.13452
7	125	1.08489
7	127	1.14472
7	148	0.437156
7	177	1.01282
7	178	0.975769
7	180	0.932063
8	32	1.16187
8	47	1.11464
8	50	1.21114
8	51	1.20306
8	77	1.22064
8	93	1.24285
8	94	1.24308
8	135	0.772249
8	140	1.2144
8	157	0.812453
8	161	0.87022
8	176	0.942553
9	2	1.11327
9	18	1.06204
9	44	1.1035
9	57	1.13911
9	59	1.02104
9	70	0.991338
9	72	1.05797
9	129	0.930156
9	133	1.0939
9	154	0.867441
9	155	1.34493
9	166	1.03076
10	24	0.997747
10	46	1.08138
10	55	1.06467
10	67	0.972081
10	76	0.900378
10	115	1.15434
10	128	1.03674
10	138	0.980862
10	155	0.885535
10	178	0.85785
10	179	0.828111
10	180	0.814144
11	34	1.18301
11	37	1.17903
11	58	1.20176
11	73	1.23538
11	90	1.18207
11	91	1.1859
11	100	1.23666
11	104	1.21423
11	138	0.690325
11	171	0.8376
11	176	0.754696
11	178	1.13332
12	2	1.24692
12	41	1.22143
12	44	1.23714
12	57	1.27275
12	59	1.15468
12	70	1.12498
12	72	1.19161
12	141	0.559726
12	166	1.16441
12	170	1.15352
12	175	0.776822
12	177	0.922669
13	5	1.20746
13	15	1.3526
13	33	1.25659
13	38	1.4017
13	43	1.21646
13	133	0.67985
13	140	0.027828
13	142	1.10928
13	163	1.075
13	168	1.19417
13	172	1.19213
14	34	1.18473
14	89	1.18824
14	90	1.18379
14	91	1.18762
14	100	1.23838
14	104	1.21595
14	124	0.85592
14	135	1.17799
14	148	1.22582
14	165	0.837062
14	169	0.824893
14	175	0.875358
15	1	1.29122
15	13	1.3526
15	30	1.18877
15	33	1.18072
15	43	1.14059
15	99	0.625324
15	137	0.556831
15	141	1.22415
15	152	0.877984
15	168	1.1183
15	172	1.11626
15	179	1.33591
16	21	1.19694
16	25	1.30912
16	27	1.17234
16	49	1.25226
16	60	1.18536
16	67	1.16938
16	131	1.00452
16	138	0.8095
16	140	1.21952
16	142	0.924809
16	145	1.11692
16	153	0.641473
17	62	1.19262
17	66	1.26702
17	74	1.14324
17	78	1.14357
17	81	1.20561
17	82	1.20624
17	83	1.20692
17	134	0.752977
17	148	1.21913
17	168	0.924822
17	169	0.840264
17	172	0.875397
18	9	1.06204
18	41	1.19063
18	44	1.20634
18	57	1.24195
18	59	1.12388
18	70	1.09418
18	72	1.16081
18	111	0.719078
18	131	1.22968
18	133	1.19674
18	137	0.803764
18	141	0.842521
18	166	1.13361
19	102	1.18514
19	113	1.17425
19	118	1.1641
19	120	1.1211
19	122	1.17928
19	123	1.17948
19	125	1.12462
19	127	1.18445
19	139	0.738038
19	145	0.894218
19	152	0.942506
19	172	1.07107
19	177	1.02305
20	32	1.08911
20	42	1.18625
20	50	1.13838
20	77	1.14787
20	93	1.17008
20	94	1.17031
20	115	1.27376
20	119	1.0966
20	140	1.14163
20	156	0.634561
20	167	0.953063
20	168	0.81604
20	178	1.19998
21	16	1.19694
21	24	1.12633
21	25	1.2404
21	27	1.10362
21	46	1.20996
21	49	1.18354
21	60	1.11664
21	67	1.10066
21	110	0.718576
21	124	0.942138
21	140	1.15079
21	165	0.923279
21	176	1.00099
22	32	1.11638
22	36	0.526957
22	42	1.21353
22	47	1.06915
22	50	1.16565
22	51	1.15757
22	77	1.17515
22	93	1.19736
22	94	1.19759
22	136	1.13077
22	152	1.05821
22	165	0.954612
22	176	1.03232
23	48	1.12836
23	62	1.16109
23	64	1.14056
23	66	1.23548
23	74	1.11171
23	78	1.11204
23	81	1.17408
23	82	1.1747
23	83	1.17538
23	134	0.662449
23	144	0.679037
23	147	0.942168
23	179	1.32343
24	7	1.11567
24	10	0.997747
24	21	1.12633
24	25	1.23851
24	27	1.10173
24	46	1.20807
24	49	1.18165
24	60	1.11475
24	67	1.09877
24	110	0.490871
24	131	0.90393
24	145	1.04631
24	167	0.904985
24	180	1.5203
25	16	1.30912
25	21	1.2404
25	24	1.23851
25	27	1.2158
25	46	1.32214
25	49	1.29572
25	60	1.22882
25	67	1.21285
25	133	0.445239
25	145	1.16038
25	151	0.787694
25	166	0.542426
25	177	0.930171
25	179	1.30755
26	2	0.34684
26	68	0.699133
26	72	0.652793
26	148	0.397015
26	149	1.16235
26	159	1.1804
26	162	1.15991
26	173	1.06602
26	174	1.08763
26	175	1.14882
26	176	1.13515
26	177	1.11736
26	178	1.08031
26	180	1.03661
27	16	1.17234
27	21	1.10362
27	24	1.10173
27	25	1.2158
27	46	1.18536
27	60	1.09204
27	67	1.07606
27	99	1.11375
27	134	0.761482
27	135	0.768341
27	140	1.1262
27	145	1.0236
27	164	1.01019
27	170	1.27593
28	95	1.123
28	98	1.17342
28	103	1.15583
28	109	1.14479
28	112	1.14741
28	114	1.16267
28	121	1.16339
28	128	1.16568
28	132	0.660176
28	150	0.929452
28	157	0.872535
28	168	1.0444
28	174	1.3236
28	179	0.957049
29	31	1.02977
29	45	1.1032
29	52	1.19076
29	55	1.14657
29	56	1.1467
29	68	1.11295
29	76	1.17981
29	132	0.635898
29	141	1.1638
29	143	0.624626
29	148	1.16488
29	160	1.22509
29	174	1.29933
29	179	0.970605
30	1	1.20326
30	5	1.04363
30	15	1.18877
30	33	1.09276
30	38	1.23787
30	43	1.05262
30	61	0.358291
30	85	1.18933
30	141	1.13618
30	164	1.05022
30	168	1.03034
30	171	1.06158
30	172	1.0283
30	178	1.35729
31	4	1.12388
31	29	1.02977
31	45	0.976928
31	52	1.06449
31	55	1.0203
31	56	1.02043
31	68	0.986682
31	76	1.05354
31	141	1.03753
31	147	1.23908
31	148	1.03861
31	162	1.046
31	167	1.26823
31	179	0.844337
32	8	1.16187
32	20	1.08911
32	22	1.11638
32	42	1.16546
32	47	1.02109
32	51	1.10951
32	77	1.12709
32	93	1.1493
32	94	1.14953
32	105	0.665268
32	140	1.12085
32	169	0.736205
32	176	0.826081
32	180	1.5731
33	5	1.03558
33	13	1.25659
33	15	1.18072
33	30	1.09276
33	38	1.22982
33	43	1.04458
33	85	1.18129
33	124	0.945545
33	137	0.709129
33	141	1.12814
33	143	0.650663
33	168	1.02229
33	172	1.02025
33	179	1.48821
34	11	1.18301
34	14	1.18473
34	40	1.10059
34	58	1.1103
34	89	1.09506
34	90	1.0906
34	91	1.09444
34	92	0.652323
34	100	1.1452
34	104	1.12276
34	119	1.08742
34	131	1.15334
34	149	1.15438
34	156	0.835889
35	48	1.08891
35	64	1.10111
35	65	0.451408
35	66	1.19603
35	74	1.07226
35	78	1.07259
35	81	1.13463
35	82	1.13525
35	83	1.13593
35	136	1.10984
35	148	1.14815
35	162	0.750901
35	173	1.37503
35	178	1.22005
36	22	0.526957
36	91	0.664734
36	95	0.431266
36	128	0.438402
36	151	1.149
36	158	1.19827
36	162	1.13794
36	169	1.15376
36	171	1.12629
36	175	1.12685
36	176	1.11319
36	177	1.0954
36	178	1.05835
36	180	1.01464
37	3	1.16958
37	11	1.17903
37	40	1.09661
37	58	1.10632
37	73	1.13993
37	87	0.578462
37	89	1.09108
37	90	1.08662
37	91	1.09046
37	100	1.14122
37	104	1.11879
37	138	0.803334
37	170	1.20499
37	178	1.24632
38	1	1.34032
38	5	1.18069
38	13	1.4017
38	30	1.23787
38	33	1.22982
38	43	1.18969
38	105	0.735303
38	139	0.717538
38	141	1.27325
38	151	0.860075
38	156	0.709319
38	168	1.1674
38	172	1.16536
38	177	1.00255
39	62	0.410305
39	100	0.467062
39	119	0.527001
39	128	0.415054
39	143	1.28071
39	164	1.12373
39	169	1.16656
39	173	1.05687
39	174	1.07848
39	175	1.13966
39	176	1.126
39	177	1.10821
39	178	1.07116
39	180	1.02745
40	34	1.10059
40	37	1.09661
40	53	1.15317
40	58	1.11934
40	73	1.15295
40	75	0.734424
40	89	1.1041
40	90	1.09964
40	91	1.10348
40	100	1.15424
40	104	1.1318
40	159	0.824756
40	168	0.958244
40	174	1.28453
41	12	1.22143
41	18	1.19063
41	44	1.23209
41	57	1.2677
41	59	1.14963
41	70	1.11993
41	72	1.18656
41	85	1.24712
41	105	0.687471
41	133	1.22249
41	150	0.775102
41	151	0.812244
41	162	0.757758
41	166	1.15936
41	178	1.2269
42	20	1.18625
42	22	1.21353
42	32	1.16546
42	47	1.11823
42	50	1.21473
42	51	1.20665
42	65	0.677461
42	77	1.22423
42	92	0.697118
42	93	1.24644
42	94	1.24667
42	129	0.918069
42	136	1.17985
42	156	0.880684
42	172	1.01274
43	1	1.15508
43	5	0.995445
43	13	1.21646
43	15	1.14059
43	30	1.05262
43	33	1.04458
43	38	1.18969
43	85	1.14115
43	99	0.765441
43	141	1.088
43	144	0.831636
43	162	0.901685
43	168	0.982159
43	172	0.980117
43	173	1.52581
44	2	1.25757
44	9	1.1035
44	12	1.23714
44	18	1.20634
44	41	1.23209
44	57	1.28341
44	59	1.16533
44	70	1.13564
44	72	1.20227
44	110	0.748654
44	137	0.7358
44	154	0.818937
44	166	1.17506
44	169	0.941188
44	175	0.991654
45	4	1.19731
45	6	1.17633
45	29	1.1032
45	31	0.976928
45	52	1.13791
45	55	1.09373
45	56	1.09386
45	68	1.06011
45	76	1.12696
45	115	0.647032
45	126	0.968811
45	147	1.2716
45	148	1.11204
45	169	1.07916
45	179	0.91776
46	10	1.08138
46	21	1.20996
46	24	1.20807
46	25	1.32214
46	27	1.18536
46	49	1.26528
46	60	1.19838
46	67	1.18241
46	75	0.581654
46	140	1.23254
46	145	1.12995
46	161	0.738458
46	171	0.893695
46	175	0.771382
46	179	1.2946
47	8	1.11464
47	22	1.06915
47	32	1.02109
47	42	1.11823
47	50	1.07035
47	77	1.07985
47	93	1.10206
47	94	1.10229
47	110	0.959594
47	115	1.20574
47	132	0.899546
47	136	1.03548
47	140	1.07361
47	153	1.00961
47	157	1.1119
48	23	1.12836
48	35	1.08891
48	62	1.08797
48	64	1.06745
48	66	1.16237
48	74	1.03859
48	78	1.03892
48	81	1.10096
48	82	1.10159
48	83	1.10227
48	136	1.07617
48	157	0.926749
48	161	0.984515
48	162	0.966321
48	171	1.13975
49	16	1.25226
49	21	1.18354
49	24	1.18165
49	25	1.29572
49	46	1.26528
49	60	1.17196
49	67	1.15599
49	99	1.19367
49	135	0.861998
49	140	1.20612
49	143	0.678572
49	145	1.10352
49	150	0.95912
49	166	0.750994
49	175	0.992892
50	8	1.21114
50	20	1.13838
50	22	1.16565
50	42	1.21473
50	47	1.07035
50	51	1.15878
50	77	1.17635
50	93	1.19856
50	94	1.19879
50	110	0.801027
50	117	0.918338
50	119	1.12508
50	133	0.704941
50	136	1.13198
50	156	0.896639
50	168	1.07812
51	8	1.20306
51	22	1.15757
51	32	1.10951
51	42	1.20665
51	50	1.15878
51	77	1.16827
51	93	1.19048
51	94	1.19071
51	119	1.117
51	136	1.1239
51	140	1.16203
51	145	0.880798
51	150	0.830013
51	162	0.812668
51	163	0.919854
51	177	1.00963
52	6	1.26389
52	29	1.19076
52	31	1.06449
52	45	1.13791
52	55	1.18128
52	56	1.18142
52	68	1.14766
52	76	1.21452
52	80	0.737691
52	139	0.915484
52	141	1.19851
52	148	1.19959
52	159	0.955256
52	162	1.00354
52	166	0.812754
52	179	1.00532
53	3	1.22614
53	40	1.15317
53	65	0.664339
53	73	1.19649
53	89	1.14764
53	90	1.14319
53	91	1.14702
53	100	1.19778
53	104	1.17535
53	106	1.09124
53	115	0.532351
53	119	1.14
53	148	1.18522
53	155	1.31972
53	164	1.12591
53	166	0.773051
54	88	1.16189
54	95	1.17109
54	98	1.22151
54	101	1.12801
54	107	1.25119
54	109	1.19288
54	114	1.21077
54	121	1.21148
54	128	1.21377
54	145	1.09665
54	153	0.632643
54	162	0.774514
54	167	0.996746
54	175	0.825631
54	178	1.24366
54	179	1.00514
55	4	1.24068
55	6	1.2197
55	10	1.06467
55	29	1.14657
55	31	1.0203
55	45	1.09373
55	52	1.18128
55	56	1.13723
55	68	1.10348
55	76	1.17034
55	111	0.758864
55	115	0.616806
55	141	1.15433
55	148	1.15541
55	165	1.06111
55	166	0.857505
55	179	0.961134
56	4	1.24081
56	6	1.21983
56	29	1.1467
56	31	1.02043
56	45	1.09386
56	52	1.18142
56	55	1.13723
56	68	1.10361
56	76	1.17047
56	80	0.618892
56	141	1.15446
56	147	1.07782
56	148	1.15554
56	152	1.00115
56	157	0.845163
56	177	1.0817
56	179	0.961265
57	2	1.29318
57	9	1.13911
57	12	1.27275
57	18	1.24195
57	41	1.2677
57	44	1.28341
57	59	1.20095
57	70	1.17125
57	72	1.23788
57	105	0.701926
57	106	0.733094
57	116	0.964275
57	133	1.27381
57	139	0.684162
57	142	0.913677
57	166	1.21067
57	168	0.857422
58	11	1.20176
58	34	1.1103
58	37	1.10632
58	40	1.11934
58	73	1.16266
58	89	1.11381
58	90	1.10935
58	91	1.11319
58	100	1.16395
58	104	1.14152
58	119	1.10617
58	141	0.706898
58	145	0.941006
58	148	1.15138
58	158	0.835138
58	166	0.682095
58	173	1.497
59	2	1.17511
59	9	1.02104
59	12	1.15468
59	18	1.12388
59	41	1.14963
59	44	1.16533
59	57	1.20095
59	70	1.05318
59	72	1.11981
59	75	0.7276
59	85	1.18037
59	133	1.15574
59	153	0.72434
59	161	0.884405
59	165	0.879032
59	166	1.0926
59	179	1.44055
60	7	1.10598
60	16	1.18536
60	21	1.11664
60	24	1.11475
60	25	1.22882
60	27	1.09204
60	46	1.19838
60	49	1.17196
60	65	0.795018
60	67	1.08908
60	99	1.12677
60	115	0.66303
60	140	1.13922
60	141	0.928532
60	145	1.03662
60	154	0.972911
60	164	1.25659
61	30	0.358291
61	63	0.446993
61	82	0.308627
61	104	0.271779
61	107	0.388789
61	121	0.345933
61	137	1.36654
61	142	1.24303
61	153	1.34198
61	162	1.25901
61	169	1.27482
61	170	1.18999
61	175	1.24792
61	177	1.21646
61	178	1.17941
61	179	1.14967
61	180	1.13571
62	17	1.19262
62	23	1.16109
62	39	0.410305
62	48	1.08797
62	64	1.10017
62	66	1.19509
62	74	1.07132
62	78	1.07165
62	81	1.13369
62	82	1.13431
62	83	1.13499
62	137	0.643751
62	140	1.14703
62	148	1.14721
62	164	1.01056
62	167	1.07072
62	170	1.2763
63	61	0.446993
63	84	1.14043
63	86	1.12878
63	96	1.17099
63	97	1.08803
63	108	1.19036
63	113	1.14318
63	118	1.13303
63	120	1.09003
63	122	1.14821
63	123	1.14841
63	125	1.09355
63	127	1.15338
63	138	1.00301
63	151	1.03134
63	156	0.88058
63	175	1.02797
64	23	1.14056
64	35	1.10111
64	48	1.06745
64	62	1.10017
64	66	1.17457
64	74	1.05079
64	78	1.05112
64	81	1.11316
64	82	1.11379
64	83	1.11447
64	92	0.666891
64	116	1.13879
64	130	0.825064
64	136	1.08837
64	140	1.12651
64	143	0.683524
64	148	1.12668
64	179	1.52107
65	35	0.451408
65	42	0.677461
65	53	0.664339
65	60	0.795018
65	70	1.12613
65	72	1.19276
65	76	0.584502
65	117	1.14107
65	120	1.14231
65	122	1.20049
65	123	1.20069
65	127	1.20566
65	162	1.1163
65	166	1.16555
65	173	1.02242
65	177	1.07376
65	180	0.993004
66	17	1.26702
66	23	1.23548
66	35	1.19603
66	48	1.16237
66	62	1.19509
66	64	1.17457
66	74	1.14571
66	78	1.14604
66	81	1.20808
66	82	1.2087
66	83	1.20938
66	130	0.804825
66	133	0.63852
66	134	0.839852
66	140	1.22143
66	153	0.784617
66	163	1.03367
66	172	0.962272
67	7	1.09
67	10	0.972081
67	16	1.16938
67	21	1.10066
67	24	1.09877
67	25	1.21285
67	27	1.07606
67	46	1.18241
67	49	1.15599
67	60	1.08908
67	99	1.1108
67	130	0.941004
67	140	1.12324
67	143	0.799464
67	144	0.992619
67	145	1.02065
67	162	1.06267
67	169	1.06332
68	4	1.20706
68	6	1.18608
68	26	0.699133
68	29	1.11295
68	31	0.986682
68	45	1.06011
68	52	1.14766
68	55	1.10348
68	56	1.10361
68	76	1.13672
68	85	1.17386
68	99	0.937345
68	126	0.963886
68	132	0.821657
68	141	1.12071
68	148	1.12179
68	168	1.1588
68	179	0.927514
69	88	1.1969
69	98	1.25653
69	101	1.16303
69	103	1.23894
69	109	1.22789
69	112	1.23052
69	121	1.2465
69	128	1.24879
69	132	0.501602
69	133	1.26187
69	135	0.673756
69	159	0.705254
69	165	0.766354
69	166	1.19874
69	168	1.12751
69	176	0.84406
69	179	1.04016
69	180	1.59108
70	2	1.14542
70	9	0.991338
70	12	1.12498
70	18	1.09418
70	41	1.11993
70	44	1.13564
70	57	1.17125
70	59	1.05318
70	65	1.12613
70	72	1.09011
70	85	1.15067
70	116	1.01999
70	133	1.12604
70	135	0.748148
70	145	0.896055
70	158	0.790186
70	166	1.06291
70	179	1.40226
71	75	0.942353
71	79	1.23884
71	84	1.11066
71	96	1.14121
71	97	1.05826
71	108	1.16058
71	111	0.791542
71	113	1.11341
71	118	1.10326
71	120	1.06025
71	122	1.11844
71	123	1.11863
71	125	1.06378
71	127	1.12361
71	157	1.04139
71	166	0.890182
71	172	1.01023
71	176	1.17149
72	2	1.21205
72	9	1.05797
72	12	1.19161
72	18	1.16081
72	26	0.652793
72	41	1.18656
72	44	1.20227
72	57	1.23788
72	59	1.11981
72	65	1.19276
72	70	1.09011
72	85	1.2173
72	115	0.595767
72	132	0.775317
72	133	1.19267
72	135	0.947471
72	159	0.978969
72	166	1.12954
72	172	1.06303
73	3	1.22592
73	11	1.23538
73	37	1.13993
73	40	1.15295
73	53	1.19649
73	58	1.16266
73	87	0.539145
73	89	1.14742
73	90	1.14297
73	91	1.1468
73	100	1.19756
73	104	1.17513
73	119	1.13979
73	126	0.628158
73	135	1.13717
73	160	1.07512
73	172	0.773645
73	173	1.36199
73	177	0.934824
74	17	1.14324
74	23	1.11171
74	35	1.07226
74	48	1.03859
74	62	1.07132
74	64	1.05079
74	66	1.14571
74	78	1.02227
74	81	1.08431
74	82	1.08493
74	83	1.08561
74	130	0.946621
74	136	1.05952
74	137	0.863547
74	139	0.980233
74	140	1.09765
74	148	1.09783
74	150	1.08563
74	176	1.15881
75	40	0.734424
75	46	0.581654
75	59	0.7276
75	71	0.942353
75	93	0.557548
75	105	1.19459
75	144	1.18191
75	149	1.10774
75	159	1.12579
75	167	1.08641
75	169	1.12111
75	171	1.09364
75	174	1.03302
75	175	1.0942
75	176	1.08054
75	177	1.06275
75	178	1.0257
75	179	0.995959
75	180	0.981992
76	4	1.27392
76	6	1.25294
76	10	0.900378
76	29	1.17981
76	31	1.05354
76	45	1.12696
76	52	1.21452
76	55	1.17034
76	56	1.17047
76	65	0.584502
76	68	1.13672
76	85	1.24072
76	117	0.809424
76	141	1.18757
76	148	1.18865
76	154	0.762395
76	158	0.846255
76	162	0.883995
76	179	0.994372
77	8	1.22064
77	20	1.14787
77	22	1.17515
77	32	1.12709
77	42	1.22423
77	47	1.07985
77	50	1.17635
77	51	1.16827
77	93	1.20806
77	94	1.20829
77	119	1.13457
77	124	0.813683
77	136	1.14147
77	140	1.17961
77	144	0.711955
77	153	0.640132
77	161	0.800197
77	171	0.955434
77	173	1.40613
78	7	0.536103
78	17	1.14357
78	23	1.11204
78	35	1.07259
78	48	1.03892
78	62	1.07165
78	64	1.05112
78	66	1.14604
78	74	1.02227
78	81	1.08464
78	82	1.08526
78	83	1.08594
78	136	1.05985
78	140	1.09798
78	148	1.09816
78	160	1.20767
78	165	0.883238
78	169	0.871069
78	170	1.29823
79	71	1.23884
79	86	1.27318
79	97	1.23243
79	102	1.29847
79	108	1.33476
79	113	1.28758
79	120	1.23443
79	122	1.29261
79	123	1.29281
79	125	1.23795
79	127	1.29778
79	146	1.15793
79	149	0.793842
79	151	0.62611
79	152	0.688041
79	164	0.733701
79	169	0.572275
79	170	0.999438
79	172	1.1844
80	52	0.737691
80	56	0.618892
80	96	0.633158
80	107	0.652802
80	110	1.20007
80	122	0.413504
80	124	1.11178
80	143	1.22895
80	147	1.04926
80	150	1.10973
80	154	1.15664
80	165	1.11117
80	173	1.00511
80	174	1.02672
80	175	1.08791
80	176	1.07424
80	177	1.05645
80	178	1.0194
80	180	0.975696
81	17	1.20561
81	23	1.17408
81	35	1.13463
81	48	1.10096
81	62	1.13369
81	64	1.11316
81	66	1.20808
81	74	1.08431
81	78	1.08464
81	82	1.1473
81	83	1.14798
81	136	1.12189
81	140	1.16003
81	141	0.750647
81	143	0.653423
81	148	1.1602
81	150	0.93397
81	159	0.868346
81	174	1.32812
81	175	0.967743
82	17	1.20624
82	23	1.1747
82	35	1.13525
82	48	1.10159
82	61	0.308627
82	62	1.13431
82	64	1.11379
82	66	1.2087
82	74	1.08493
82	78	1.08526
82	81	1.1473
82	83	1.1486
82	136	1.12251
82	140	1.16065
82	143	0.575281
82	148	1.16082
82	151	0.89297
82	163	0.94567
82	169	0.839135
82	180	1.67603
83	17	1.20692
83	23	1.17538
83	35	1.13593
83	48	1.10227
83	62	1.13499
83	64	1.11447
83	66	1.20938
83	74	1.08561
83	78	1.08594
83	81	1.14798
83	82	1.1486
83	106	0.934055
83	111	0.683751
83	136	1.12319
83	138	0.999329
83	140	1.16133
83	148	1.1615
83	154	0.851574
83	161	0.991367
83	175	1.02429
84	63	1.14043
84	71	1.11066
84	96	1.18721
84	97	1.10426
84	102	1.17029
84	108	1.20658
84	110	0.826922
84	111	0.729383
84	113	1.1594
84	118	1.14926
84	120	1.10625
84	122	1.16444
84	123	1.16463
84	125	1.10978
84	127	1.1696
84	133	0.730837
84	134	0.932169
84	150	1.03615
84	172	1.05623
84	177	1.21577
85	30	1.18933
85	33	1.18129
85	41	1.24712
85	43	1.14115
85	59	1.18037
85	68	1.17386
85	70	1.15067
85	72	1.2173
85	76	1.24072
85	99	0.618576
85	149	0.977037
85	162	0.75482
85	166	1.1901
85	168	1.11887
85	172	1.11683
85	175	0.805937
85	177	0.951783
85	178	1.22397
85	179	1.03152
86	63	1.12878
86	79	1.27318
86	92	0.58179
86	96	1.17555
86	97	1.0926
86	99	1.14091
86	108	1.19492
86	113	1.14774
86	118	1.1376
86	120	1.09459
86	122	1.15278
86	123	1.15297
86	125	1.09812
86	127	1.15794
86	142	1.00309
86	145	0.929755
86	149	1.08384
86	155	1.21751
86	166	0.670844
86	172	1.04457
87	3	0.659864
87	37	0.578462
87	73	0.539145
87	104	0.60292
87	109	0.550759
87	122	0.480632
87	129	1.17663
87	139	1.1972
87	149	1.14498
87	151	1.15359
87	160	1.11355
87	162	1.14253
87	163	1.13504
87	165	1.15471
87	170	1.07352
87	174	1.07026
87	175	1.13144
87	176	1.11778
87	177	1.09999
87	178	1.06294
87	180	1.01923
88	54	1.16189
88	69	1.1969
88	95	1.10787
88	98	1.15829
88	101	1.06479
88	103	1.1407
88	107	1.18796
88	109	1.12965
88	112	1.13227
88	114	1.14754
88	117	0.854375
88	119	1.09098
88	121	1.14826
88	128	1.15055
88	142	1.07041
88	154	0.807346
88	166	1.1005
88	169	0.929597
88	172	0.96473
88	176	1.01947
88	179	0.941916
89	3	1.17707
89	7	0.693351
89	14	1.18824
89	34	1.09506
89	37	1.09108
89	40	1.1041
89	53	1.14764
89	58	1.11381
89	73	1.14742
89	90	1.09411
89	91	1.09795
89	100	1.14871
89	104	1.12627
89	106	1.04217
89	115	0.596184
89	135	1.08831
89	148	1.13614
89	152	1.14408
89	166	0.836884
89	169	1.02832
89	176	1.11819
90	11	1.18207
90	14	1.18379
90	34	1.0906
90	37	1.08662
90	40	1.09964
90	53	1.14319
90	58	1.10935
90	73	1.14297
90	89	1.09411
90	91	1.09349
90	100	1.14425
90	104	1.12182
90	119	1.08648
90	134	0.659321
90	135	1.08386
90	138	0.772113
90	148	1.13169
90	149	0.968175
90	155	1.10184
90	171	0.919388
90	179	1.3203
91	11	1.1859
91	14	1.18762
91	34	1.09444
91	36	0.664734
91	37	1.09046
91	40	1.10348
91	53	1.14702
91	58	1.11319
91	73	1.1468
91	89	1.09795
91	90	1.09349
91	100	1.14809
91	104	1.12565
91	106	1.04155
91	132	0.827638
91	133	0.7916
91	135	1.08769
91	139	0.991518
91	148	1.13552
91	151	1.13405
91	156	0.983299
92	34	0.652323
92	42	0.697118
92	64	0.666891
92	86	0.58179
92	118	0.628229
92	146	1.09381
92	148	0.491634
92	151	1.1678
92	153	1.23972
92	155	1.10484
92	162	1.15675
92	164	1.12973
92	170	1.08773
92	171	1.1451
92	173	1.06287
92	174	1.08448
92	175	1.14566
92	176	1.13199
92	177	1.1142
92	178	1.07715
92	180	1.03345
93	8	1.24285
93	20	1.17008
93	22	1.19736
93	32	1.1493
93	42	1.24644
93	47	1.10206
93	50	1.19856
93	51	1.19048
93	75	0.557548
93	77	1.20806
93	94	1.2305
93	115	1.33395
93	119	1.15678
93	136	1.16368
93	140	1.20182
93	144	0.626111
93	152	0.812576
93	160	1.03342
93	166	0.505377
93	177	0.893122
93	179	1.2705
94	8	1.24308
94	20	1.17031
94	22	1.19759
94	32	1.14953
94	42	1.24667
94	47	1.10229
94	50	1.19879
94	51	1.19071
94	77	1.20829
94	93	1.2305
94	115	1.33418
94	119	1.15702
94	135	0.676847
94	136	1.16392
94	140	1.20205
94	152	0.873041
94	154	0.635024
94	157	0.717051
94	167	0.978856
94	176	0.847151
94	178	1.22577
95	28	1.123
95	36	0.431266
95	54	1.17109
95	88	1.10787
95	98	1.16749
95	101	1.07399
95	103	1.1499
95	107	1.19717
95	109	1.13886
95	112	1.14148
95	114	1.15674
95	121	1.15746
95	128	1.15975
95	139	0.75805
95	146	1.43241
95	149	1.06832
95	158	0.808362
95	163	0.953287
95	166	1.1097
95	168	1.03847
95	179	0.951119
96	63	1.17099
96	71	1.14121
96	80	0.633158
96	84	1.18721
96	86	1.17555
96	102	1.20084
96	108	1.23713
96	113	1.18995
96	118	1.17981
96	120	1.1368
96	122	1.19499
96	123	1.19518
96	125	1.14033
96	127	1.20015
96	129	0.840118
96	133	0.611034
96	135	1.14791
96	156	0.802732
96	160	1.23626
96	163	1.00619
96	166	0.708221
96	172	1.08678
97	63	1.08803
97	71	1.05826
97	79	1.23243
97	84	1.10426
97	86	1.0926
97	102	1.11789
97	108	1.15418
97	113	1.107
97	118	1.09685
97	120	1.05385
97	122	1.11203
97	123	1.11223
97	125	1.05737
97	127	1.1172
97	129	0.968997
97	136	1.07448
97	143	0.764678
97	161	1.04608
97	163	1.13507
97	166	0.8371
97	168	1.11309
97	172	1.00382
98	28	1.17342
98	54	1.22151
98	69	1.25653
98	88	1.15829
98	95	1.16749
98	101	1.12441
98	103	1.20032
98	107	1.24758
98	109	1.18927
98	112	1.1919
98	114	1.20716
98	121	1.20788
98	128	1.21017
98	134	0.687598
98	139	0.686183
98	145	1.09305
98	150	0.791579
98	159	0.725955
98	163	0.88142
98	173	1.39836
98	177	0.971197
98	179	1.00154
99	2	0.585052
99	15	0.625324
99	27	1.11375
99	43	0.765441
99	49	1.19367
99	60	1.12677
99	67	1.1108
99	68	0.937345
99	85	0.618576
99	86	1.14091
99	109	0.613231
99	118	1.14517
99	120	1.10216
99	125	1.10569
99	127	1.16551
99	131	1.07595
99	138	1.11958
99	140	1.16093
99	176	1.05141
99	177	1.03362
99	178	0.996568
99	180	0.952861
100	3	1.22721
100	11	1.23666
100	14	1.23838
100	34	1.1452
100	37	1.14122
100	39	0.467062
100	40	1.15424
100	53	1.19778
100	58	1.16395
100	73	1.19756
100	89	1.14871
100	90	1.14425
100	91	1.14809
100	104	1.17642
100	119	1.14107
100	126	0.795543
100	133	0.617277
100	135	1.13846
100	142	1.04671
100	158	0.867506
100	166	0.714464
100	170	1.33306
101	54	1.12801
101	69	1.16303
101	88	1.06479
101	95	1.07399
101	98	1.12441
101	103	1.10682
101	107	1.15408
101	109	1.09577
101	112	1.0984
101	114	1.11366
101	115	1.23427
101	121	1.11438
101	126	0.981849
101	128	1.11667
101	133	1.12975
101	143	0.828348
101	153	0.94968
101	154	0.969952
101	159	1.04327
101	161	1.10975
101	168	0.995392
101	179	0.908038
102	19	1.18514
102	79	1.29847
102	84	1.17029
102	96	1.20084
102	97	1.11789
102	108	1.22022
102	113	1.17304
102	118	1.16289
102	120	1.11988
102	122	1.17807
102	123	1.17826
102	125	1.12341
102	127	1.18324
102	135	1.13099
102	136	1.14051
102	141	0.675663
102	150	0.858986
102	153	0.69977
102	159	0.793362
102	168	0.926851
102	174	1.25314
102	176	0.932169
103	28	1.15583
103	69	1.23894
103	88	1.1407
103	95	1.1499
103	98	1.20032
103	101	1.10682
103	107	1.23
103	109	1.17169
103	112	1.17431
103	114	1.18957
103	121	1.19029
103	128	1.19258
103	131	1.00801
103	137	0.582099
103	144	0.716787
103	145	1.07546
103	146	1.37314
103	155	1.14272
103	157	0.747263
103	165	0.799656
103	166	1.14253
103	168	1.0713
103	179	0.98395
104	3	1.20477
104	11	1.21423
104	14	1.21595
104	34	1.12276
104	37	1.11879
104	40	1.1318
104	53	1.17535
104	58	1.14152
104	61	0.271779
104	73	1.17513
104	87	0.60292
104	89	1.12627
104	90	1.12182
104	91	1.12565
104	100	1.17642
104	106	1.06987
104	134	0.714999
104	135	1.11602
104	141	0.635657
104	145	0.869765
104	148	1.16385
104	155	1.15752
104	180	1.63918
105	6	0.775953
105	32	0.665268
105	38	0.735303
105	41	0.687471
105	57	0.701926
105	75	1.19459
105	128	0.78295
105	130	1.16205
105	146	1.0302
105	152	1.1141
105	156	1.14715
105	158	1.15346
105	159	1.11363
105	163	1.08565
105	167	1.07425
105	170	1.02412
105	171	1.08149
105	174	1.02086
105	175	1.08205
105	176	1.06838
105	177	1.05059
105	178	1.01354
105	180	0.969836
106	53	1.09124
106	57	0.733094
106	83	0.934055
106	89	1.04217
106	91	1.04155
106	104	1.06987
106	113	0.718746
106	114	1.09109
106	118	0.868946
106	121	1.09181
106	125	0.805913
106	128	1.0941
106	129	1.0289
106	144	1.07142
106	146	0.931866
106	148	1.07974
106	152	1.01576
106	166	1.04405
106	174	0.922527
106	176	0.970045
106	177	0.952255
106	178	0.915206
106	179	0.885467
106	180	0.8715
107	54	1.25119
107	61	0.388789
107	80	0.652802
107	88	1.18796
107	95	1.19717
107	98	1.24758
107	101	1.15408
107	103	1.23
107	109	1.21895
107	112	1.22157
107	114	1.23684
107	119	1.18028
107	121	1.23756
107	126	0.808944
107	128	1.23985
107	133	1.25293
107	153	0.776775
107	156	0.822376
107	157	0.879073
107	159	0.870367
107	164	1.08072
107	166	1.1898
107	168	1.11857
107	179	1.03121
108	63	1.19036
108	71	1.16058
108	79	1.33476
108	84	1.20658
108	86	1.19492
108	96	1.23713
108	97	1.15418
108	102	1.22022
108	113	1.20932
108	118	1.19918
108	120	1.15617
108	122	1.21436
108	123	1.21455
108	125	1.1597
108	127	1.21952
108	141	0.719158
108	144	0.815089
108	145	0.953267
108	154	0.763538
108	158	0.847398
108	162	0.885137
108	165	0.897958
108	172	1.10615
108	175	0.936254
109	28	1.14479
109	54	1.19288
109	69	1.22789
109	87	0.550759
109	88	1.12965
109	95	1.13886
109	98	1.18927
109	99	0.613231
109	101	1.09577
109	103	1.17169
109	107	1.21895
109	112	1.16326
109	114	1.17853
109	115	1.29913
109	119	1.12197
109	121	1.17925
109	128	1.18154
109	135	0.669697
109	142	0.89094
109	145	1.06441
109	158	0.711735
109	163	0.85666
109	166	1.13149
109	172	0.785259
109	179	0.972905
109	180	1.58702
110	6	0.654356
110	21	0.718576
110	24	0.490871
110	44	0.748654
110	47	0.959594
110	50	0.801027
110	80	1.20007
110	84	0.826922
110	116	1.08017
110	126	1.14115
110	144	1.18153
110	147	1.05517
110	153	1.18787
110	156	1.15892
110	157	1.12867
110	159	1.1254
110	161	1.11821
110	165	1.11708
110	170	1.03589
110	174	1.03263
110	175	1.09382
110	176	1.08015
110	177	1.06236
110	178	1.02531
110	179	0.995572
110	180	0.981605
111	4	0.671847
111	18	0.719078
111	55	0.758864
111	71	0.791542
111	83	0.683751
111	84	0.729383
111	124	1.11397
111	134	1.20127
111	136	0.596568
111	138	1.1446
111	141	1.18504
111	144	1.1778
111	159	1.12167
111	164	1.07416
111	165	1.11336
111	166	1.15043
111	168	1.0792
111	170	1.03217
111	171	1.08953
111	172	1.07716
111	175	1.09009
111	176	1.07642
111	177	1.05863
111	178	1.02159
111	179	0.991846
111	180	0.977879
112	28	1.14741
112	69	1.23052
112	88	1.13227
112	95	1.14148
112	98	1.1919
112	101	1.0984
112	103	1.17431
112	107	1.22157
112	109	1.16326
112	114	1.18115
112	115	1.30175
112	121	1.18187
112	128	1.18416
112	133	1.19724
112	141	0.584132
112	144	0.680063
112	145	1.06704
112	149	0.972329
112	164	0.912188
112	166	1.13411
112	168	1.06288
112	171	0.923542
112	172	0.785896
112	175	0.801228
112	179	0.975527
112	180	1.58766
113	7	1.13452
113	19	1.17425
113	63	1.14318
113	71	1.11341
113	79	1.28758
113	84	1.1594
113	86	1.14774
113	96	1.18995
113	97	1.107
113	102	1.17304
113	106	0.718746
113	108	1.20932
113	115	0.326383
113	116	0.949927
113	118	1.152
113	120	1.10899
113	122	1.16718
113	123	1.16737
113	125	1.11252
113	127	1.17234
113	158	0.720125
113	167	0.980096
113	168	0.843074
113	170	1.18568
113	172	1.05897
113	178	1.22701
114	28	1.16267
114	54	1.21077
114	88	1.14754
114	95	1.15674
114	98	1.20716
114	101	1.11366
114	103	1.18957
114	106	1.09109
114	107	1.23684
114	109	1.17853
114	112	1.18115
114	117	0.825044
114	121	1.19714
114	128	1.19942
114	129	0.84073
114	133	1.21251
114	137	0.694878
114	142	1.04108
114	145	1.0823
114	158	0.861876
114	166	1.14937
114	168	1.07815
114	172	0.935399
114	175	0.950732
114	176	0.990142
114	179	0.990792
115	10	1.15434
115	20	1.27376
115	45	0.647032
115	47	1.20574
115	53	0.532351
115	55	0.616806
115	60	0.66303
115	72	0.595767
115	89	0.596184
115	93	1.33395
115	94	1.33418
115	101	1.23427
115	109	1.29913
115	112	1.30175
115	113	0.326383
115	118	0.476583
115	122	0.247867
115	128	1.32003
115	136	1.26736
115	147	1.171
115	155	1.16882
115	173	1.12685
115	175	1.20964
115	177	1.17818
115	179	1.1114
115	180	1.09743
116	57	0.964275
116	64	1.13879
116	70	1.01999
116	110	1.08017
116	113	0.949927
116	124	0.991885
116	131	0.978882
116	136	1.07805
116	137	1.08664
116	138	1.02252
116	142	0.963119
116	149	0.981545
116	150	0.989837
116	152	1.00006
116	153	1.06207
116	154	1.03674
116	156	1.03311
116	158	1.03943
116	167	0.960216
116	169	0.994912
116	170	0.910084
116	174	0.906825
116	175	0.968009
116	176	0.954344
116	177	0.936554
116	178	0.899505
116	180	0.855798
117	50	0.918338
117	65	1.14107
117	76	0.809424
117	88	0.854375
117	114	0.825044
117	119	0.890613
117	122	0.604777
117	126	1.06484
117	132	1.13415
117	139	1.08327
117	141	1.11246
117	145	1.01078
117	156	1.08262
117	157	1.05237
117	161	1.0419
117	166	1.07785
117	167	1.00972
117	168	1.00662
117	169	1.04442
117	170	0.959589
117	171	1.01695
117	173	0.93472
117	174	0.95633
117	176	1.00385
117	177	0.986059
117	178	0.949009
117	180	0.905303
118	19	1.1641
118	63	1.13303
118	71	1.10326
118	84	1.14926
118	86	1.1376
118	92	0.628229
118	96	1.17981
118	97	1.09685
118	99	1.14517
118	102	1.16289
118	106	0.868946
118	108	1.19918
118	113	1.152
118	115	0.476583
118	120	1.09885
118	122	1.15703
118	123	1.15723
118	125	1.10237
118	127	1.1622
118	135	1.10996
118	136	1.11948
118	137	0.703328
118	147	1.10115
118	156	0.811794
118	165	0.920885
118	172	1.04882
118	177	1.10503
119	3	1.16943
119	20	1.0966
119	34	1.08742
119	39	0.527001
119	50	1.12508
119	51	1.117
119	53	1.14
119	58	1.10617
119	73	1.13979
119	77	1.13457
119	88	1.09098
119	90	1.08648
119	93	1.15678
119	94	1.15702
119	100	1.14107
119	107	1.18028
119	109	1.12197
119	117	0.890613
119	121	1.14058
119	128	1.14286
119	132	0.713253
119	140	1.12833
119	147	1.15827
119	153	0.823312
119	165	0.978004
119	169	0.965835
119	172	1.00097
119	179	0.934233
120	19	1.1211
120	63	1.09003
120	65	1.14231
120	71	1.06025
120	79	1.23443
120	84	1.10625
120	86	1.09459
120	96	1.1368
120	97	1.05385
120	99	1.10216
120	102	1.11988
120	108	1.15617
120	113	1.10899
120	118	1.09885
120	122	1.11403
120	123	1.11422
120	125	1.05937
120	127	1.11919
120	130	0.730975
120	135	1.06695
120	136	1.07647
120	145	0.920768
120	161	0.870832
120	164	1.01471
120	171	1.02607
120	172	1.00582
120	175	0.903755
120	177	1.0496
120	178	1.32178
121	28	1.16339
121	54	1.21148
121	61	0.345933
121	69	1.2465
121	88	1.14826
121	95	1.15746
121	98	1.20788
121	101	1.11438
121	103	1.19029
121	106	1.09181
121	107	1.23756
121	109	1.17925
121	112	1.18187
121	114	1.19714
121	119	1.14058
121	128	1.20014
121	133	1.21323
121	134	0.789153
121	141	0.70981
121	143	0.612586
121	145	1.08302
121	166	1.15009
121	167	1.09802
121	168	1.07886
121	171	1.04922
121	172	0.911574
121	176	0.966316
121	178	1.34494
121	179	0.991511
122	19	1.17928
122	63	1.14821
122	65	1.20049
122	71	1.11844
122	79	1.29261
122	80	0.413504
122	84	1.16444
122	86	1.15278
122	87	0.480632
122	96	1.19499
122	97	1.11203
122	102	1.17807
122	108	1.21436
122	113	1.16718
122	115	0.247867
122	117	0.604777
122	118	1.15703
122	120	1.11403
122	123	1.17241
122	125	1.11755
122	127	1.17738
122	131	0.900525
122	135	1.12514
122	136	1.13466
122	146	1.26565
122	160	1.0166
122	171	0.852779
122	172	1.064
122	173	1.30347
123	19	1.17948
123	63	1.14841
123	65	1.20069
123	71	1.11863
123	79	1.29281
123	84	1.16463
123	86	1.15297
123	96	1.19518
123	97	1.11223
123	102	1.17826
123	108	1.21455
123	113	1.16737
123	118	1.15723
123	120	1.11422
123	122	1.17241
123	125	1.11775
123	127	1.17757
123	130	0.438198
123	135	1.12533
123	136	1.13485
123	146	1.14617
123	149	0.782079
123	155	0.915749
123	158	0.522122
123	160	0.897118
123	172	1.0642
123	174	0.971359
123	178	1.02901
123	180	1.39741
124	14	0.85592
124	21	0.942138
124	33	0.945545
124	77	0.813683
124	80	1.11178
124	111	1.11397
124	116	0.991885
124	126	1.05286
124	127	0.739768
124	139	1.07129
124	148	0.803149
124	151	1.02768
124	153	1.09959
124	156	1.07063
124	158	1.07695
124	159	1.03712
124	161	1.02992
124	163	1.00913
124	164	0.989598
124	167	0.997739
124	170	0.947607
124	171	1.00497
124	174	0.944348
124	175	1.00553
124	176	0.991867
124	177	0.974077
124	178	0.937027
124	180	0.893321
125	7	1.08489
125	19	1.12462
125	63	1.09355
125	71	1.06378
125	79	1.23795
125	84	1.10978
125	86	1.09812
125	96	1.14033
125	97	1.05737
125	99	1.10569
125	102	1.12341
125	106	0.805913
125	108	1.1597
125	113	1.11252
125	118	1.10237
125	120	1.05937
125	122	1.11755
125	123	1.11775
125	127	1.12272
125	130	0.723368
125	133	0.557063
125	135	1.07048
125	136	1.08
125	144	0.774983
125	159	0.796752
125	168	0.930241
125	170	1.27285
125	172	1.00934
125	180	1.68258
126	45	0.968811
126	68	0.963886
126	73	0.628158
126	100	0.795543
126	101	0.981849
126	107	0.808944
126	110	1.14115
126	117	1.06484
126	124	1.05286
126	127	0.598387
126	131	1.03986
126	137	1.14761
126	138	1.08349
126	142	1.0241
126	143	1.17003
126	150	1.05081
126	153	1.12304
126	162	1.04007
126	163	1.03258
126	165	1.05225
126	166	1.08932
126	167	1.02119
126	169	1.05589
126	173	0.946191
126	174	0.967802
126	175	1.02899
126	176	1.01532
126	177	0.99753
126	178	0.960481
126	180	0.916775
127	7	1.14472
127	19	1.18445
127	63	1.15338
127	65	1.20566
127	71	1.12361
127	79	1.29778
127	84	1.1696
127	86	1.15794
127	96	1.20015
127	97	1.1172
127	99	1.16551
127	102	1.18324
127	108	1.21952
127	113	1.17234
127	118	1.1622
127	120	1.11919
127	122	1.17738
127	123	1.17757
127	124	0.739768
127	125	1.12272
127	126	0.598387
127	129	0.649205
127	135	1.1303
127	136	1.13982
127	153	0.566218
127	154	0.58649
127	168	0.793299
127	169	0.708741
127	171	0.88152
127	172	1.06917
127	173	1.33221
127	180	1.54564
128	10	1.03674
128	28	1.16568
128	36	0.438402
128	39	0.415054
128	54	1.21377
128	69	1.24879
128	88	1.15055
128	95	1.15975
128	98	1.21017
128	101	1.11667
128	103	1.19258
128	105	0.78295
128	106	1.0941
128	107	1.23985
128	109	1.18154
128	112	1.18416
128	114	1.19942
128	115	1.32003
128	119	1.14286
128	121	1.20014
128	133	1.21551
128	138	0.879393
128	141	0.687257
128	144	0.783188
128	145	1.08531
128	151	0.907723
128	166	1.15238
128	168	1.08115
128	174	1.26473
128	176	0.943764
128	177	1.0502
128	179	0.993799
129	9	0.930156
129	42	0.918069
129	87	1.17663
129	96	0.840118
129	97	0.968997
129	106	1.0289
129	114	0.84073
129	127	0.649205
129	130	1.10685
129	134	1.13803
129	135	1.07505
129	140	0.834422
129	146	0.975002
129	147	0.988203
129	151	1.04899
129	152	1.05889
129	156	1.09195
129	157	1.0617
129	161	1.05124
129	162	1.03793
129	163	1.03044
129	164	1.01091
129	165	1.05011
129	167	1.01905
129	171	1.02628
129	173	0.944052
129	174	0.965662
129	175	1.02685
129	176	1.01318
129	178	0.958342
129	180	0.914635
130	64	0.825064
130	66	0.804825
130	67	0.941004
130	74	0.946621
130	105	1.16205
130	120	0.730975
130	123	0.438198
130	125	0.723368
130	129	1.10685
130	132	1.1783
130	138	1.11617
130	140	0.771643
130	142	1.05677
130	150	1.08349
130	152	1.09371
130	153	1.15572
130	154	1.13039
130	157	1.09652
130	160	1.04377
130	162	1.07275
130	163	1.06526
130	164	1.04573
130	165	1.08493
130	167	1.05387
130	170	1.00374
130	173	0.978869
130	174	1.00048
130	175	1.06166
130	176	1.048
130	177	1.03021
130	178	0.993159
130	180	0.949452
131	16	1.00452
131	18	1.22968
131	24	0.90393
131	34	1.15334
131	99	1.07595
131	103	1.00801
131	116	0.978882
131	122	0.900525
131	126	1.03986
131	134	1.10371
131	146	0.940685
131	147	0.953886
131	150	1.01436
131	153	1.08659
131	154	1.06126
131	157	1.02739
131	159	1.02411
131	160	0.974632
131	162	1.00362
131	163	0.996128
131	168	0.98164
131	169	1.01943
131	170	0.934605
131	171	0.991968
131	173	0.909736
131	174	0.931346
131	175	0.99253
131	176	0.978864
131	177	0.961075
131	178	0.924025
131	180	0.880319
132	28	0.660176
132	29	0.635898
132	47	0.899546
132	68	0.821657
132	69	0.501602
132	72	0.775317
132	91	0.827638
132	117	1.13415
132	119	0.713253
132	130	1.1783
132	134	1.20947
132	146	1.04645
132	147	1.05965
132	148	0.519539
132	150	1.12012
132	154	1.16703
132	155	1.05748
132	156	1.1634
132	157	1.13315
132	158	1.16971
132	161	1.12269
132	162	1.10938
132	164	1.08236
132	165	1.12156
132	169	1.1252
132	170	1.04037
132	171	1.09773
132	173	1.0155
132	174	1.03711
132	175	1.0983
132	176	1.08463
132	178	1.02979
132	180	0.986085
133	9	1.0939
133	13	0.67985
133	18	1.19674
133	25	0.445239
133	41	1.22249
133	50	0.704941
133	57	1.27381
133	59	1.15574
133	66	0.63852
133	69	1.26187
133	70	1.12604
133	72	1.19267
133	84	0.730837
133	91	0.7916
133	96	0.611034
133	100	0.617277
133	101	1.12975
133	107	1.25293
133	112	1.19724
133	114	1.21251
133	121	1.21323
133	125	0.557063
133	128	1.21551
133	140	0.605338
133	147	1.06648
133	166	1.16546
133	169	1.13203
133	170	1.0472
133	175	1.10513
133	177	1.07367
133	178	1.03662
133	179	1.00688
133	180	0.992916
134	17	0.752977
134	23	0.662449
134	27	0.761482
134	66	0.839852
134	84	0.932169
134	90	0.659321
134	98	0.687598
134	104	0.714999
134	111	1.20127
134	121	0.789153
134	129	1.13803
134	131	1.10371
134	132	1.20947
134	139	1.15859
134	142	1.08795
134	146	1.04099
134	147	1.05419
134	151	1.11498
134	155	1.05202
134	157	1.12769
134	159	1.12442
134	160	1.07494
134	161	1.11723
134	162	1.10392
134	163	1.09643
134	164	1.0769
134	170	1.03491
134	171	1.09227
134	173	1.01004
134	174	1.03165
134	176	1.07917
134	177	1.06138
134	178	1.02433
134	180	0.980624
135	4	0.881492
135	8	0.772249
135	14	1.17799
135	27	0.768341
135	49	0.861998
135	69	0.673756
135	70	0.748148
135	72	0.947471
135	73	1.13717
135	89	1.08831
135	90	1.08386
135	91	1.08769
135	94	0.676847
135	96	1.14791
135	100	1.13846
135	102	1.13099
135	104	1.11602
135	109	0.669697
135	118	1.10996
135	120	1.06695
135	122	1.12514
135	123	1.12533
135	125	1.07048
135	127	1.1303
135	129	1.07505
135	148	1.12589
135	158	1.10128
135	160	1.01196
135	167	1.02207
135	170	0.971934
135	175	1.02986
135	176	1.01619
135	177	0.998404
135	178	0.961354
135	180	0.917648
136	22	1.13077
136	35	1.10984
136	42	1.17985
136	47	1.03548
136	48	1.07617
136	50	1.13198
136	51	1.1239
136	64	1.08837
136	74	1.05952
136	77	1.14147
136	78	1.05985
136	81	1.12189
136	82	1.12251
136	83	1.12319
136	93	1.16368
136	94	1.16392
136	97	1.07448
136	102	1.14051
136	111	0.596568
136	115	1.26736
136	116	1.07805
136	118	1.11948
136	120	1.07647
136	122	1.13466
136	123	1.13485
136	125	1.08
136	127	1.13982
136	152	1.00241
136	154	0.764391
136	157	0.846418
136	159	0.837711
136	161	0.904185
136	163	0.993177
136	165	0.898811
136	171	1.05942
137	15	0.556831
137	18	0.803764
137	33	0.709129
137	44	0.7358
137	61	1.36654
137	62	0.643751
137	74	0.863547
137	103	0.582099
137	114	0.694878
137	116	1.08664
137	118	0.703328
137	126	1.14761
137	140	0.68857
137	142	1.09539
137	144	1.18799
137	146	1.04844
137	147	1.06164
137	149	1.11382
137	151	1.12243
137	154	1.16901
137	155	1.05946
137	156	1.16538
137	158	1.1717
