1	38	0.47943
1	39	0.475684
1	115	0.477665
1	122	1.34341
1	144	1.40193
1	146	1.38212
1	151	1.38354
1	161	1.36877
1	162	0.493378
1	164	1.37552
1	170	1.3447
1	180	0.479339
2	35	0.466748
2	139	0.487545
2	144	0.478298
2	150	1.38142
2	151	0.48939
2	159	0.468798
2	162	1.35511
2	174	1.36985
2	175	1.38824
2	178	1.37063
2	179	1.37413
2	180	1.36067
3	16	1.32907
3	36	1.3551
3	39	0.477071
3	90	1.41192
3	116	0.479666
3	127	1.4288
3	151	0.493083
3	152	1.3808
3	154	1.36997
3	166	1.32434
3	174	0.474434
3	180	0.480726
4	108	1.24041
4	110	1.15989
4	117	0.600607
4	125	0.604469
4	135	0.609081
4	143	1.19215
4	146	1.19464
4	148	1.20555
4	161	1.18128
4	167	1.20136
4	172	1.22469
4	178	0.59282
5	40	0.478401
5	79	0.499845
5	88	0.447564
5	102	0.496952
5	136	1.3875
5	144	0.47176
5	155	1.40851
5	165	1.39286
5	177	1.3598
5	178	1.35261
5	179	1.3561
5	180	1.34264
6	33	1.4489
6	68	1.30119
6	98	1.44824
6	114	1.30919
6	128	1.36713
6	132	1.38047
6	135	0.492986
6	166	1.34487
6	173	0.484249
6	174	0.487583
6	175	0.480768
6	176	0.461841
7	60	0.465222
7	77	0.550611
7	130	1.37507
7	140	1.38868
7	152	1.39127
7	154	1.38043
7	156	0.4584
7	158	0.463147
7	160	1.37471
7	164	1.35506
7	166	1.3348
7	178	0.465388
8	54	1.32721
8	87	0.489375
8	100	1.3521
8	120	0.496764
8	121	1.33246
8	130	1.38751
8	145	0.479837
8	152	1.4037
8	154	1.39287
8	171	0.48425
8	172	1.40415
8	176	0.458655
9	23	1.15618
9	40	1.21376
9	43	1.21455
9	72	1.25295
9	89	1.24219
9	104	0.601806
9	109	0.580467
9	126	1.16928
9	128	1.16882
9	132	1.18216
9	164	0.624843
9	176	0.596656
10	43	1.22213
10	72	1.26052
10	77	1.08816
10	83	1.21648
10	89	1.24976
10	95	1.19625
10	109	0.573174
10	126	1.17686
10	132	1.18974
10	147	0.608354
10	150	0.609639
10	174	0.615106
11	90	0.436296
11	105	0.505669
11	113	1.34852
11	126	0.476086
11	162	1.35736
11	163	1.38858
11	166	0.489556
11	170	0.486182
11	174	1.37209
11	175	1.39048
11	177	1.38007
11	180	1.36291
12	24	0.509419
12	146	0.480775
12	160	0.465465
12	164	0.470078
12	167	0.468566
12	171	1.37022
12	173	1.38815
12	175	1.38228
12	177	1.37186
12	178	1.36467
12	179	1.36817
12	180	1.35471
13	86	0.474029
13	103	0.456643
13	123	0.510015
13	139	0.468072
13	155	1.40846
13	156	1.38728
13	168	1.39762
13	170	0.48265
13	174	1.35177
13	177	1.35975
13	178	1.35256
13	180	1.34259
14	119	0.505523
14	124	0.452946
14	125	1.37196
14	137	0.479188
14	157	0.485927
14	159	0.46976
14	163	1.38068
14	171	1.37051
14	173	1.38844
14	178	1.36497
14	179	1.36846
14	180	1.35501
15	96	0.477059
15	118	1.3416
15	134	1.4266
15	135	0.496653
15	141	0.478651
15	152	1.40047
15	154	1.38963
15	164	1.36426
15	166	1.344
15	168	0.476046
15	170	1.33344
15	178	0.480392
16	3	1.32907
16	63	1.33281
16	100	1.27248
16	105	0.563479
16	117	0.509542
16	121	1.25284
16	130	1.30788
16	152	1.32408
16	154	1.31324
16	158	0.499513
16	160	0.510443
16	166	1.26761
16	180	0.518904
17	72	1.57885
17	77	1.40649
17	82	1.50216
17	114	1.43677
17	126	1.49519
17	132	1.50806
17	135	0.446454
17	155	0.427796
17	165	0.428773
17	166	1.47246
17	177	0.44067
17	178	0.430194
17	179	0.435857
18	27	0.535427
18	81	0.527742
18	122	1.27167
18	123	1.25747
18	143	1.30789
18	148	1.3213
18	149	0.50403
18	157	0.524519
18	160	1.32343
18	167	1.31711
18	169	1.32818
18	170	1.27296
18	171	0.510147
19	79	0.543763
19	95	0.515153
19	115	0.51274
19	144	0.515678
19	150	1.30156
19	159	0.506178
19	162	1.27526
19	165	1.33103
19	173	1.31425
19	175	1.30838
19	177	1.29797
19	178	1.29077
19	180	1.28081
20	34	1.54543
20	62	1.37862
20	73	0.438425
20	110	1.45748
20	125	0.43514
20	138	1.5214
20	140	1.51924
20	141	0.42175
20	161	1.47887
20	162	0.454681
20	167	1.49895
20	173	0.431015
20	179	0.429155
21	32	0.433518
21	100	0.373025
21	114	0.378439
21	115	0.333424
21	118	0.374543
21	128	0.359781
21	146	1.75095
21	152	0.339195
21	162	1.72387
21	170	1.71353
21	178	1.73939
21	179	1.74288
21	180	1.72942
22	90	0.492098
22	121	0.557246
22	122	1.27441
22	129	1.27916
22	133	1.30075
22	143	1.31063
22	144	1.33294
22	147	0.503852
22	154	0.515917
22	162	0.530935
22	164	1.30652
22	167	1.31985
22	170	1.27571
23	9	1.15618
23	38	0.535169
23	73	0.532862
23	95	1.31463
23	98	1.37589
23	106	0.521856
23	107	1.38266
23	126	1.29524
23	128	1.29478
23	132	1.30812
23	165	0.516508
23	166	1.27251
23	176	0.503044
24	12	0.509419
24	46	1.2882
24	90	1.34149
24	103	1.30149
24	130	1.29418
24	152	1.31037
24	154	1.29954
24	156	0.517354
24	158	0.522101
24	161	0.544757
24	166	1.2539
24	172	1.31082
24	176	0.509457
25	70	0.490042
25	123	1.4435
25	148	1.50732
25	155	0.41276
25	161	1.48306
25	164	1.48981
25	167	1.50314
25	169	1.51421
25	170	1.45899
25	171	0.425868
25	174	0.426015
25	175	0.4192
25	180	0.432307
26	49	1.26491
26	50	0.48133
26	61	1.34005
26	65	1.27826
26	69	1.25445
26	83	0.515842
26	86	1.27807
26	131	1.32454
26	153	1.34579
26	157	1.31387
26	171	0.534249
26	177	0.534015
26	180	0.540689
27	18	0.535427
27	51	1.38392
27	59	1.32354
27	102	1.24668
27	105	1.21727
27	113	0.529803
27	115	1.31643
27	137	1.30248
27	150	0.51308
27	153	1.3208
27	157	1.28888
27	168	0.503342
27	180	0.524839
28	63	0.512841
28	74	1.31168
28	87	0.534228
28	130	0.529391
28	138	1.32406
28	151	1.2963
28	156	0.511405
28	160	1.30793
28	164	1.28828
28	165	0.516972
28	167	1.30161
28	169	1.31268
28	170	1.25746
29	42	0.547649
29	47	0.589612
29	61	1.27198
29	69	1.18638
29	74	0.568707
29	75	1.25294
29	105	1.17419
29	115	1.27335
29	131	1.25647
29	153	1.27772
29	157	1.2458
29	159	1.26119
29	176	0.542764
29	178	0.557649
30	59	0.444309
30	88	0.420458
30	110	0.474583
30	122	0.486401
30	123	0.495843
30	155	1.43757
30	165	1.42192
30	166	0.471852
30	168	1.42673
30	171	1.38721
30	174	1.38088
30	177	1.38886
30	179	1.38516
30	180	1.3717
31	47	0.469718
31	71	1.33349
31	76	1.40386
31	81	0.466059
31	86	1.37776
31	88	1.43398
31	99	1.36721
31	115	1.44112
31	119	0.482432
31	123	0.507358
31	133	0.455364
31	157	1.41357
31	159	1.42895
31	176	0.42287
32	21	0.433518
32	79	1.22595
32	93	1.24775
32	94	0.579675
32	99	1.20154
32	101	1.19974
32	115	1.27545
32	131	1.25857
32	153	1.27982
32	157	1.2479
32	159	1.26329
32	172	0.592553
32	179	0.592933
32	180	0.604419
33	6	1.4489
33	78	0.424203
33	89	1.46255
33	95	1.40903
33	114	1.33124
33	118	0.511825
33	126	1.38965
33	128	1.38919
33	132	1.40252
33	166	1.36692
33	170	0.497468
33	172	0.460513
33	176	0.440345
33	177	0.465705
34	20	1.54543
34	40	0.487501
34	57	0.465846
34	78	0.43142
34	124	1.4352
34	140	1.39683
34	157	0.487527
34	160	1.38286
34	161	1.35646
34	163	0.465109
34	164	1.36321
34	169	1.38761
34	170	1.3324
34	175	0.466488
35	2	0.466748
35	71	1.33645
35	80	0.456862
35	88	1.43695
35	93	1.41638
35	101	1.36838
35	105	1.34492
35	109	0.44749
35	141	0.476822
35	145	0.48486
35	153	1.44845
35	157	1.41653
35	159	1.43192
35	165	0.477143
36	3	1.3551
36	84	0.507659
36	97	1.33585
36	100	1.29851
36	116	0.510788
36	121	1.27887
36	125	0.506347
36	127	1.3981
36	152	1.35011
36	154	1.33927
36	165	0.493278
36	166	1.29364
36	168	0.490352
36	172	1.35055
36	173	0.502222
37	44	0.443774
37	119	1.3166
37	136	0.502034
37	139	1.33451
37	140	1.36095
37	143	1.33145
37	153	0.513242
37	160	1.34698
37	161	1.32058
37	167	1.34066
37	169	1.35173
37	170	1.29652
37	177	0.520202
37	178	0.509725
37	179	0.515389
38	1	0.47943
38	23	0.535169
38	56	1.37069
38	92	0.512495
38	98	0.476274
38	147	1.34103
38	158	1.33475
38	160	0.497629
38	168	1.35982
38	172	0.494224
38	173	1.33824
38	174	1.31398
38	177	1.32195
38	178	1.31476
38	180	1.3048
39	1	0.475684
39	3	0.477071
39	68	0.55137
39	127	0.476637
39	131	0.504694
39	147	1.34765
39	155	1.37728
39	157	0.510276
39	158	1.34136
39	171	1.32692
39	174	1.32059
39	177	1.32857
39	178	1.32138
39	179	1.32487
39	180	1.31141
40	5	0.478401
40	9	1.21376
40	34	0.487501
40	77	1.26412
40	82	1.35979
40	83	1.39244
40	99	0.544512
40	107	1.44023
40	114	1.2944
40	126	1.35282
40	128	1.35235
40	141	0.495013
40	150	0.502146
40	166	1.33008
40	178	0.496755
41	98	1.4005
41	117	0.507376
41	126	1.31986
41	128	1.31939
41	132	1.33273
41	136	0.491896
41	146	1.32399
41	161	1.31063
41	163	0.502252
41	165	0.498167
41	166	1.29712
41	169	1.34178
41	172	1.35404
41	177	0.510064
41	178	0.499588
42	29	0.547649
42	74	0.472758
42	78	1.41159
42	110	0.510043
42	146	0.485698
42	162	1.3016
42	163	1.33282
42	167	0.47349
42	168	1.36218
42	170	0.503938
42	171	1.32266
42	177	1.32431
42	178	1.31711
42	179	1.32061
42	180	1.30715
43	9	1.21455
43	10	1.22213
43	82	1.36059
43	83	1.39324
43	107	1.44103
43	109	0.475364
43	114	1.2952
43	126	1.35362
43	128	1.35315
43	132	1.36649
43	138	0.519195
43	141	0.504696
43	153	0.509954
43	158	0.504197
43	176	0.491554
44	37	0.443774
44	45	1.34682
44	63	1.36663
44	76	0.426731
44	91	1.27662
44	103	1.34901
44	119	1.31095
44	121	1.28666
44	152	1.3579
44	154	1.34706
44	161	0.426163
44	165	0.404328
44	172	1.35834
44	176	0.888061
44	177	0.416224
45	44	1.34682
45	46	1.34257
45	50	0.466826
45	81	1.30957
45	118	1.30587
45	119	1.31779
45	121	1.2935
45	141	0.507293
45	152	1.36474
45	154	1.3539
45	165	0.507614
45	172	1.36518
45	176	0.49415
45	177	0.519511
45	179	0.514699
46	24	1.2882
46	45	1.34257
46	121	1.28241
46	127	1.40164
46	130	1.33745
46	133	0.507458
46	141	0.488107
46	142	0.520033
46	152	1.35365
46	154	1.34281
46	166	1.29718
46	172	1.35409
46	174	0.500707
46	175	0.493892
46	179	0.495512
47	29	0.589612
47	31	0.469718
47	49	0.554064
47	60	0.503497
47	97	0.515668
47	118	0.560259
47	156	1.30405
47	162	1.25381
47	165	1.30958
47	171	1.27487
47	173	1.2928
47	175	1.28693
47	177	1.27652
47	178	1.26932
47	179	1.27282
47	180	1.25936
48	75	0.488789
48	78	0.425849
48	109	0.425801
48	140	1.44334
48	147	0.460981
48	148	1.42724
48	152	0.478122
48	153	0.460391
48	160	1.42937
48	161	1.40297
48	164	1.40972
48	169	1.43412
48	170	1.37891
48	172	1.44638
48	176	1.42796
48	179	0.462539
49	26	1.26491
49	47	0.554064
49	52	1.24779
49	69	1.24068
49	79	1.27815
49	81	0.550405
49	101	1.25194
49	111	1.24601
49	115	1.32765
49	116	0.53819
49	131	1.31076
49	153	1.33202
49	155	0.519703
49	157	1.30009
49	158	0.51986
49	175	0.526144
50	26	0.48133
50	45	0.466826
50	108	1.46588
50	140	0.437725
50	146	0.453489
50	147	1.4348
50	148	0.443792
50	163	1.42425
50	166	0.475103
50	171	1.41408
50	172	0.434774
50	175	1.42614
50	177	1.41573
50	178	1.40854
50	179	1.41203
50	180	1.39857
51	27	1.38392
51	86	1.40828
51	101	1.39593
51	104	0.443337
51	105	1.37247
51	111	1.39
51	115	1.47164
51	116	0.469161
51	137	1.45768
51	149	0.457665
51	153	1.47601
51	155	0.450674
51	157	1.44409
51	162	0.484261
51	168	0.448725
51	175	0.457115
52	49	1.24779
52	69	1.23732
52	71	1.21666
52	75	1.30389
52	94	0.526659
52	104	0.524519
52	105	1.22513
52	115	1.32429
52	131	1.30741
52	153	1.32866
52	156	0.527266
52	157	1.29674
52	158	0.532013
52	159	1.31213
52	164	0.547556
52	167	0.546044
53	72	0.453314
53	85	0.473569
53	123	1.37996
53	129	1.3989
53	145	0.456602
53	148	1.44378
53	155	0.447907
53	160	1.44591
53	161	1.41951
53	164	1.42626
53	167	1.43959
53	169	1.45066
53	170	1.39544
53	171	0.461015
53	174	0.461163
53	179	0.455969
54	8	1.32721
54	90	1.33044
54	91	1.21805
54	97	1.28507
54	110	0.56147
54	118	1.24046
54	121	1.22808
54	130	1.28313
54	133	0.530735
54	148	0.527428
54	152	1.29932
54	154	1.28849
54	161	0.533541
54	163	0.51579
54	172	1.29977
54	180	0.530276
55	85	0.477441
55	104	0.444442
55	139	1.41945
55	141	0.452436
55	144	1.4387
55	148	1.4298
55	155	0.45178
55	159	1.45049
55	161	1.40553
55	164	1.41228
55	167	1.42561
55	168	0.449831
55	169	1.43668
55	170	1.38146
55	171	0.464888
55	180	0.471327
56	38	1.37069
56	74	0.485355
56	89	0.480843
56	90	0.466648
56	115	0.489772
56	145	1.35769
56	152	0.495543
56	154	0.490467
56	159	0.483211
56	162	1.3339
56	163	1.36512
56	165	1.38967
56	171	1.35496
56	173	1.37289
56	174	1.34863
56	175	1.36702
56	180	1.33945
57	34	0.465846
57	129	0.510181
57	134	0.472066
57	140	0.483334
57	144	0.493514
57	155	1.40222
57	156	1.38104
57	167	0.48689
57	171	1.35186
57	172	0.480383
57	174	1.34553
57	175	1.36392
57	176	1.36951
57	177	1.35351
57	178	1.34631
57	179	1.34981
57	180	1.33635
58	107	0.448874
58	123	0.526826
58	125	1.35816
58	126	0.489365
58	128	0.499056
58	152	0.47847
58	156	1.3859
58	157	0.482305
58	159	0.466138
58	171	1.35672
58	173	1.37465
58	174	1.35039
58	175	1.36878
58	177	1.35837
58	178	1.35118
58	179	1.35467
58	180	1.34121
59	27	1.32354
59	30	0.444309
59	64	1.35425
59	65	1.3481
59	75	1.39086
59	99	1.33735
59	102	1.34152
59	105	1.3121
59	115	1.41127
59	130	0.500768
59	137	1.39731
59	157	1.38371
59	169	0.489466
59	172	0.495053
59	173	0.497293
59	174	0.500628
59	176	0.474885
60	7	0.465222
60	47	0.503497
60	86	1.33626
60	87	1.35142
60	88	1.39248
60	99	1.3257
60	102	1.32987
60	111	1.31798
60	116	0.487623
60	125	0.483182
60	131	1.38273
60	139	0.499194
60	153	1.40398
60	157	1.37206
60	159	1.38745
60	179	0.477197
60	180	0.488683
61	26	1.34005
61	29	1.27198
61	85	0.494832
61	88	1.39565
61	101	1.32707
61	105	1.30361
61	115	1.40278
61	131	1.3859
61	147	0.475674
61	149	0.476161
61	153	1.40715
61	154	0.487739
61	157	1.37523
61	159	1.39062
61	160	0.480257
61	162	0.502757
61	180	0.488718
62	20	1.37862
62	74	1.2198
62	112	1.25946
62	134	1.25874
62	138	1.23218
62	140	1.23002
62	142	1.1973
62	144	1.22281
62	150	0.567946
62	169	1.2208
62	170	1.16558
62	173	0.570078
62	174	0.573412
62	175	0.566597
62	176	1.21464
62	178	0.562554
62	179	0.568218
63	16	1.33281
63	28	0.512841
63	44	1.36663
63	71	0.539119
63	91	1.30327
63	100	1.33295
63	116	0.482238
63	118	1.32568
63	127	1.43254
63	130	1.36835
63	134	0.463114
63	149	1.37948
63	152	1.38455
63	154	1.37372
63	156	0.45916
63	163	0.468811
63	174	0.477006
64	59	1.35425
64	69	1.26017
64	85	0.521634
64	86	1.28379
64	87	1.29895
64	93	1.31944
64	101	1.27143
64	102	1.27739
64	114	0.558861
64	117	0.506158
64	131	1.33026
64	137	1.33318
64	141	0.496629
64	145	0.504667
64	153	1.35151
64	157	1.31959
64	167	0.510161
64	177	0.508847
65	26	1.27826
65	59	1.3481
65	75	1.32059
65	79	1.29149
65	83	0.488319
65	93	1.31329
65	99	1.26708
65	102	1.27124
65	114	0.556505
65	131	1.32411
65	137	1.32704
65	142	0.5262
65	149	0.500608
65	153	1.34536
65	154	0.512186
65	157	1.31344
65	167	0.507805
65	177	0.506491
66	93	0.529189
66	112	1.3437
66	124	1.35262
66	127	0.501282
66	134	1.34298
66	138	1.31641
66	142	1.28153
66	144	1.30705
66	149	0.514432
66	151	1.28866
66	155	0.507442
66	160	1.30028
66	161	1.27388
66	163	0.512503
66	167	1.29396
66	171	0.520549
66	176	1.29887
66	177	0.520315
67	90	1.31741
67	92	1.26569
67	100	1.23469
67	122	1.21797
67	127	1.33428
67	136	0.534091
67	143	1.2542
67	147	0.545889
67	154	1.27546
67	158	0.539542
67	160	1.26973
67	164	1.25008
67	169	1.27448
67	170	1.21927
67	172	1.28674
67	173	0.549306
67	177	0.552259
67	178	0.541783
67	179	0.547446
68	6	1.30119
68	39	0.55137
68	72	1.32559
68	77	1.15323
68	89	1.31483
68	94	0.53028
68	95	1.26132
68	98	1.32257
68	107	1.32935
68	120	1.23445
68	126	1.24193
68	128	1.24147
68	132	1.25481
68	160	0.546564
68	161	0.558289
68	166	1.2192
68	172	0.543158
68	176	0.52299
68	177	0.548351
69	26	1.25445
69	29	1.18638
69	49	1.24068
69	52	1.23732
69	64	1.26017
69	86	1.25383
69	102	1.24744
69	108	0.510834
69	130	0.550632
69	131	1.3003
69	137	1.30323
69	143	0.566157
69	149	0.544226
69	153	1.32155
69	157	1.28963
69	159	1.30502
69	174	0.550491
69	175	0.543676
69	178	0.539633
70	25	0.490042
70	80	1.34673
70	91	1.2026
70	92	1.26327
70	97	1.26962
70	108	0.517785
70	113	0.568698
70	119	1.23693
70	121	1.21264
70	127	1.33187
70	130	1.26768
70	142	0.576768
70	152	1.28387
70	154	1.27304
70	166	1.22741
70	171	0.557294
70	172	1.28432
70	176	0.531699
70	180	0.563734
71	31	1.33349
71	35	1.33645
71	52	1.21666
71	63	0.539119
71	79	1.24702
71	88	1.28939
71	101	1.22081
71	102	1.22677
71	105	1.19736
71	131	1.27964
71	136	0.536979
71	137	1.28257
71	145	0.550968
71	153	1.30089
71	157	1.26897
71	172	0.549955
71	176	0.529786
71	177	0.555147
71	178	0.544671
72	9	1.25295
72	10	1.26052
72	17	1.57885
72	53	0.453314
72	68	1.32559
72	95	1.41139
72	107	1.47942
72	114	1.33359
72	126	1.39201
72	128	1.39154
72	132	1.40488
72	138	0.487465
72	149	0.479302
72	150	0.4801
72	159	0.483623
72	166	1.36927
72	173	0.482232
72	175	0.478751
72	176	0.459824
73	20	0.438425
73	23	0.532862
73	104	1.35422
73	129	0.521714
73	140	0.494867
73	144	0.505047
73	152	0.50788
73	155	1.37384
73	162	1.30242
73	163	1.33365
73	164	0.499935
73	168	1.363
73	171	1.32348
73	172	0.491916
73	173	1.34141
73	175	1.33554
73	177	1.32513
73	178	1.31794
73	179	1.32143
73	180	1.30797
74	28	1.31168
74	29	0.568707
74	42	0.472758
74	56	0.485355
74	62	1.2198
74	88	0.476976
74	99	0.530516
74	124	1.39879
74	135	0.499019
74	142	1.3277
74	144	1.35322
74	148	1.34432
74	150	0.48815
74	151	1.33483
74	160	1.34646
74	164	1.3268
74	167	1.34014
74	169	1.3512
74	176	1.34504
74	178	0.482758
75	29	1.25294
75	48	0.488789
75	52	1.30389
75	59	1.39086
75	65	1.32059
75	84	0.516574
75	93	1.35604
75	101	1.30804
75	105	1.28458
75	108	0.474815
75	111	1.30211
75	120	0.526837
75	131	1.36686
75	136	0.495922
75	137	1.36979
75	153	1.38812
75	155	0.501216
75	157	1.3562
75	163	0.506277
75	165	0.502193
76	31	1.40386
76	44	0.426731
76	83	0.484986
76	86	1.30355
76	89	0.49923
76	92	0.516237
76	101	1.29119
76	119	0.53736
76	129	0.527764
76	137	1.35295
76	153	1.37127
76	157	1.33935
76	160	0.501371
76	168	1.35663
76	172	0.497966
76	173	1.33504
76	174	1.31078
76	177	1.31876
76	179	1.31506
76	180	1.3016
77	7	0.550611
77	10	1.08816
77	17	1.40649
77	40	1.26412
77	68	1.15323
77	88	0.551141
77	95	1.23903
77	96	0.553589
77	98	1.30029
77	105	0.618647
77	107	1.30706
77	111	0.586814
77	114	1.16123
77	120	1.21216
77	126	1.21964
77	128	1.21918
77	132	1.23252
77	133	0.574531
77	159	0.565837
77	166	1.19691
78	33	0.424203
78	34	0.43142
78	42	1.41159
78	48	0.425849
78	99	0.488431
78	118	0.497269
78	122	0.500836
78	135	1.37723
78	148	0.454975
78	150	1.39875
78	156	1.42269
78	166	0.486286
78	168	1.43303
78	170	0.482912
78	173	1.41144
78	174	1.38718
78	175	1.40557
78	177	1.39516
78	178	1.38796
78	179	1.39146
78	180	1.378
79	5	0.499845
79	19	0.543763
79	32	1.22595
79	49	1.27815
79	65	1.29149
79	71	1.24702
79	84	0.531158
79	87	1.30646
79	93	1.32695
79	99	1.28074
79	101	1.27895
79	102	1.2849
79	105	1.25549
79	108	0.4894
79	131	1.33777
79	134	0.515164
79	149	0.522791
79	153	1.35902
79	157	1.3271
79	161	0.538613
79	170	0.560437
80	35	0.456862
80	70	1.34673
80	86	0.483615
80	89	0.456545
80	91	1.35739
80	92	1.41807
80	93	0.469347
80	102	0.493603
80	103	1.42978
80	107	0.441648
80	118	1.3798
80	144	0.468412
80	154	1.42784
80	159	0.458912
80	160	0.458687
80	168	1.44257
80	174	1.39672
80	175	1.41511
80	178	1.3975
80	179	1.401
80	180	1.38754
81	18	0.527742
81	31	0.466059
81	45	1.30957
81	49	0.550405
81	102	0.54361
81	115	0.51548
81	118	1.26178
81	121	1.24941
81	131	0.519503
81	139	0.527665
81	147	1.30575
81	149	1.31558
81	152	1.32064
81	154	1.30981
81	165	1.31973
81	170	0.542243
81	174	1.2787
81	175	1.29709
81	178	1.27948
81	179	1.28297
81	180	1.26952
82	17	1.50216
82	40	1.35979
82	43	1.36059
82	83	1.35494
82	89	1.38822
82	95	1.33471
82	98	1.39596
82	107	1.40274
82	114	1.25691
82	120	1.30784
82	123	0.541865
82	126	1.31532
82	132	1.32819
82	133	0.48987
82	137	0.490604
82	147	0.476368
82	155	0.469864
82	166	1.29259
82	167	0.484052
82	173	0.479785
82	174	0.483119
82	180	0.489411
83	10	1.21648
83	26	0.515842
83	40	1.39244
83	43	1.39324
83	65	0.488319
83	76	0.484986
83	82	1.35494
83	95	1.36735
83	98	1.42861
83	100	0.51908
83	107	1.43538
83	114	1.28955
83	119	0.50868
83	120	1.34048
83	126	1.34797
83	128	1.3475
83	132	1.36084
83	156	0.457015
83	166	1.32523
83	170	0.506242
83	173	0.471526
83	176	0.449118
84	36	0.507659
84	75	0.516574
84	79	0.531158
84	124	0.476761
84	134	0.481626
84	141	1.34478
84	143	0.511184
84	146	0.508659
84	147	1.32295
84	155	1.35259
84	156	1.33141
84	162	1.28117
84	163	1.31239
84	165	1.33694
84	166	0.530272
84	170	0.526898
84	173	1.32016
84	174	1.2959
84	175	1.31429
84	177	1.30388
84	178	1.29668
84	179	1.30018
84	180	1.28672
85	53	0.473569
85	55	0.477441
85	61	0.494832
85	64	0.521634
85	94	1.32779
85	107	0.486614
85	110	0.543307
85	113	1.27798
85	117	1.30452
85	119	0.539641
85	131	0.514463
85	155	1.35824
85	156	1.33706
85	158	1.32232
85	162	1.28682
85	165	1.34259
85	166	0.540576
85	171	1.30788
85	174	1.30155
85	176	1.32553
85	177	1.30953
85	179	1.30583
85	180	1.29237
86	13	0.474029
86	26	1.27807
86	31	1.37776
86	51	1.40828
86	60	1.33626
86	64	1.28379
86	69	1.25383
86	76	1.30355
86	80	0.483615
86	99	1.26689
86	105	1.24163
86	115	1.3408
86	120	0.528541
86	122	0.565479
86	131	1.32392
86	137	1.32685
86	153	1.34517
86	157	1.31325
86	163	0.507981
86	165	0.503896
86	173	0.51284
86	175	0.50936
86	180	0.522467
87	8	0.489375
87	28	0.534228
87	60	1.35142
87	64	1.29895
87	79	1.30646
87	88	1.34883
87	99	1.28205
87	126	0.519677
87	137	1.34201
87	139	0.515195
87	142	0.517719
87	148	0.501836
87	152	0.508781
87	154	0.503706
87	157	1.32841
87	158	1.32061
87	164	0.500837
87	174	1.29984
87	175	1.31823
87	177	1.30782
87	178	1.30063
87	179	1.30412
87	180	1.29066
88	5	0.447564
88	30	0.420458
88	31	1.43398
88	35	1.43695
88	60	1.39248
88	61	1.39565
88	71	1.28939
88	74	0.476976
88	77	0.551141
88	87	1.34883
88	99	1.32311
88	101	1.32131
88	102	1.32727
88	112	0.464587
88	115	1.39702
88	131	1.38014
88	135	0.482178
88	137	1.38306
88	146	0.489917
88	153	1.40139
88	157	1.36947
88	166	0.51153
88	167	0.477708
88	171	0.476628
89	9	1.24219
89	10	1.24976
89	33	1.46255
89	56	0.480843
89	68	1.31483
89	76	0.49923
89	80	0.456545
89	82	1.38822
89	95	1.40063
89	98	1.46189
89	107	1.46866
89	108	0.449448
89	114	1.32283
89	120	1.37376
89	125	0.489895
89	126	1.38125
89	128	1.38078
89	132	1.39412
89	150	0.483638
89	151	0.507753
89	166	1.35851
89	168	0.4739
89	171	0.488957
89	178	0.478247
90	3	1.41192
90	11	0.436296
90	22	0.492098
90	24	1.34149
90	54	1.33044
90	56	0.466648
90	67	1.31741
90	91	1.32565
90	92	1.38633
90	97	1.39267
90	103	1.39804
90	111	0.493943
90	118	1.34807
90	121	1.33569
90	125	0.4757
90	128	0.505884
90	149	1.40186
90	150	0.469443
90	152	1.40693
90	154	1.3961
90	167	0.475842
90	170	0.50629
90	172	1.40738
90	180	0.481201
91	44	1.27662
91	54	1.21805
91	63	1.30327
91	70	1.2026
91	80	1.35739
91	90	1.32565
91	92	1.27394
91	97	1.28028
91	100	1.24294
91	103	1.28565
91	110	0.564111
91	121	1.2233
91	127	1.34253
91	133	0.533376
91	143	0.542291
91	148	0.530068
91	149	1.28947
91	152	1.29454
91	154	1.28371
91	167	0.527557
91	169	0.515463
91	174	0.526625
91	177	0.526243
91	180	0.532917
92	38	0.512495
92	67	1.26569
92	70	1.26327
92	76	0.516237
92	80	1.41807
92	90	1.38633
92	91	1.27394
92	100	1.30362
92	103	1.34633
92	118	1.29635
92	127	1.40321
92	130	1.33902
92	140	0.503488
92	149	1.35015
92	150	0.500645
92	152	1.35521
92	154	1.34438
92	155	0.492856
92	158	0.493013
92	166	1.29875
92	172	1.35566
92	173	0.502777
92	174	0.506112
92	176	0.480369
92	179	0.500918
93	32	1.24775
93	35	1.41638
93	64	1.31944
93	65	1.31329
93	66	0.529189
93	75	1.35604
93	79	1.32695
93	80	0.469347
93	99	1.30254
93	101	1.30074
93	102	1.3067
93	105	1.27728
93	115	1.37645
93	137	1.36249
93	146	0.515048
93	153	1.38082
93	157	1.3489
93	158	0.488808
93	159	1.36429
93	160	0.499739
93	162	0.522239
93	164	0.504352
93	176	0.476165
93	177	0.501525
93	179	0.496713
94	32	0.579675
94	52	0.526659
94	68	0.53028
94	85	1.32779
94	115	0.479581
94	127	0.455548
94	141	1.36703
94	145	1.32722
94	147	1.34521
94	150	1.32973
94	152	0.485352
94	158	1.33892
94	161	0.48452
94	162	1.30342
94	165	1.35919
94	167	0.475895
94	168	1.364
94	170	0.506344
94	171	1.32448
94	172	0.469388
94	175	1.33655
94	177	1.32613
94	178	1.31894
94	179	1.32243
94	180	1.30898
95	10	1.19625
95	19	0.515153
95	23	1.31463
95	33	1.40903
95	68	1.26132
95	72	1.41139
95	77	1.23903
95	82	1.33471
95	83	1.36735
95	89	1.40063
95	98	1.40837
95	107	1.41514
95	114	1.26932
95	128	1.32726
95	129	0.52467
95	132	1.3406
95	133	0.507197
95	158	0.487347
95	159	0.498503
95	163	0.492252
95	165	0.488168
95	166	1.305
95	171	0.500298
95	175	0.493631
95	177	0.500064
96	15	0.477059
96	77	0.553589
96	97	0.480371
96	122	0.528528
96	123	0.53797
96	130	0.479365
96	133	1.32074
96	143	0.49489
96	150	1.33234
96	156	1.35627
96	160	0.477055
96	161	0.488781
96	162	1.30603
96	163	1.33726
96	165	1.36181
96	168	1.36661
96	171	1.3271
96	172	0.47365
96	173	1.34503
96	174	1.32077
96	175	1.33916
96	177	1.32874
96	178	1.32155
96	179	1.32505
96	180	1.31159
97	36	1.33585
97	47	0.515668
97	54	1.28507
97	70	1.26962
97	90	1.39267
97	91	1.28028
97	96	0.480371
97	103	1.35267
97	118	1.3027
97	121	1.29032
97	122	0.543866
97	127	1.40955
97	130	1.34537
97	133	0.501313
97	138	0.496461
97	149	1.35649
97	150	0.489096
97	152	1.36156
97	154	1.35073
97	162	0.514894
97	166	1.30509
97	171	0.494414
97	172	1.36201
97	176	0.46882
97	180	0.500854
98	6	1.44824
98	23	1.37589
98	38	0.476274
98	41	1.4005
98	68	1.32257
98	77	1.30029
98	82	1.39596
98	83	1.42861
98	89	1.46189
98	95	1.40837
98	106	0.46296
98	114	1.33057
98	116	0.475123
98	120	1.3815
98	126	1.38899
98	128	1.38852
98	132	1.40186
98	137	0.477376
98	159	0.467947
98	162	0.490222
98	163	0.461696
98	164	0.472335
98	166	1.36625
98	168	0.454686
98	170	0.501272
98	179	0.464697
99	31	1.36721
99	32	1.20154
99	40	0.544512
99	59	1.33735
99	60	1.3257
99	65	1.26708
99	74	0.530516
99	78	0.488431
99	79	1.28074
99	86	1.26689
99	87	1.28205
99	88	1.32311
99	93	1.30254
99	108	0.490658
99	111	1.24861
99	115	1.33024
99	131	1.31336
99	136	0.511765
99	137	1.31629
99	139	0.547118
99	153	1.33461
99	157	1.30269
99	165	0.518036
99	171	0.530167
99	172	0.52474
99	178	0.519457
100	8	1.3521
100	16	1.27248
100	21	0.373025
100	36	1.29851
100	63	1.33295
100	67	1.23469
100	83	0.51908
100	91	1.24294
100	92	1.30362
100	103	1.31533
100	111	0.556668
100	117	0.534564
100	118	1.26535
100	119	1.27727
100	127	1.37221
100	130	1.30802
100	133	0.544385
100	134	0.523743
100	143	0.553301
100	149	1.31915
100	151	0.556283
100	152	1.32422
100	154	1.31338
100	163	0.52944
100	166	1.26775
100	176	0.511892
101	32	1.19974
101	35	1.36838
101	49	1.25194
101	51	1.39593
101	61	1.32707
101	64	1.27143
101	71	1.22081
101	75	1.30804
101	76	1.29119
101	79	1.27895
101	88	1.32131
101	93	1.30074
101	116	0.532011
101	135	0.532181
101	137	1.31449
101	145	0.522218
101	153	1.33282
101	156	0.508933
101	157	1.30089
101	159	1.31628
101	160	0.52461
101	169	0.515617
101	172	0.521204
101	173	0.523444
101	174	0.526779
101	176	0.501036
102	5	0.496952
102	27	1.24668
102	59	1.34152
102	60	1.32987
102	64	1.27739
102	65	1.27124
102	69	1.24744
102	71	1.22677
102	79	1.2849
102	80	0.493603
102	81	0.54361
102	88	1.32727
102	93	1.3067
102	115	1.33441
102	131	1.31752
102	137	1.32045
102	149	0.519898
102	152	0.536552
102	153	1.33877
102	157	1.30685
102	159	1.32224
102	163	0.517969
102	167	0.527095
102	168	0.510959
102	174	0.526163
102	180	0.532455
103	13	0.456643
103	24	1.30149
103	44	1.34901
103	80	1.42978
103	90	1.39804
103	91	1.28565
103	92	1.34633
103	97	1.35267
103	100	1.31533
103	109	0.456857
103	111	0.517823
103	118	1.30806
103	120	0.511155
103	121	1.29569
103	127	1.41492
103	130	1.35073
103	135	0.504191
103	143	0.514455
103	149	1.36186
103	152	1.36693
103	153	0.491447
103	154	1.3561
103	155	0.485533
103	156	0.480943
103	162	0.51912
103	172	1.36738
103	176	0.473046
104	9	0.601806
104	51	0.443337
104	52	0.524519
104	55	0.444442
104	73	1.35422
104	122	0.522126
104	129	0.497046
104	136	1.36466
104	137	0.480307
104	145	1.33805
104	147	1.35603
104	153	0.46548
104	154	0.478135
104	155	1.38567
104	158	1.34975
104	163	1.34548
104	164	0.475267
104	165	1.37002
104	168	1.37483
104	169	0.46166
104	171	1.33531
104	173	1.35324
104	176	1.35296
104	177	1.33696
104	178	1.32977
104	179	1.33326
104	180	1.3198
105	11	0.505669
105	16	0.563479
105	27	1.21727
105	29	1.17419
105	35	1.34492
105	51	1.37247
105	52	1.22513
105	59	1.3121
105	61	1.30361
105	71	1.19736
105	75	1.28458
105	77	0.618647
105	79	1.25549
105	86	1.24163
105	93	1.27728
105	108	0.504626
105	111	1.22335
105	125	0.545073
105	135	0.549685
105	137	1.29103
105	153	1.30936
105	157	1.27744
105	159	1.29282
105	168	0.529078
105	169	0.53312
105	173	0.540948
105	176	0.51854
106	23	0.521856
106	98	0.46296
106	115	0.491103
106	121	0.533127
106	124	0.467728
106	127	0.46707
106	131	0.495126
106	135	1.32577
106	136	1.3714
106	142	0.505812
106	145	1.34479
106	147	1.36277
106	148	0.489928
106	153	0.479143
106	156	1.37123
106	158	1.35649
106	163	1.35221
106	165	1.37676
106	169	0.475323
106	171	1.34205
106	173	1.35998
106	174	1.33572
106	175	1.35411
106	177	1.3437
106	178	1.33651
106	179	1.34
106	180	1.32654
107	23	1.38266
107	40	1.44023
107	43	1.44103
107	58	0.448874
107	68	1.32935
107	72	1.47942
107	77	1.30706
107	80	0.441648
107	82	1.40274
107	83	1.43538
107	85	0.486614
107	89	1.46866
107	95	1.41514
107	114	1.33735
107	117	0.471137
107	120	1.38828
107	126	1.39576
107	128	1.3953
107	132	1.40863
107	136	0.455658
107	147	0.467456
107	149	0.467943
107	151	0.492856
107	166	1.37303
107	168	0.459003
107	170	0.505589
107	176	0.448465
107	178	0.46335
108	4	1.24041
108	50	1.46588
108	69	0.510834
108	70	0.517785
108	75	0.474815
108	79	0.4894
108	89	0.449448
108	99	0.490658
108	105	0.504626
108	118	0.499496
108	124	1.42776
108	128	0.484734
108	143	1.35989
108	153	0.446417
108	154	0.459072
108	157	0.467983
108	158	1.37081
108	160	1.37543
108	164	1.35578
108	165	1.39108
108	167	1.36911
108	169	1.38018
108	170	1.32496
108	173	1.3743
108	174	1.35004
108	175	1.36843
108	178	1.35082
108	179	1.35432
108	180	1.34086
109	9	0.580467
109	10	0.573174
109	35	0.44749
109	43	0.475364
109	48	0.425801
109	103	0.456857
109	113	1.33052
109	119	0.485303
109	121	0.498125
109	125	1.36186
109	135	1.34415
109	141	1.40297
109	150	1.36566
109	151	0.470132
109	157	0.465707
109	158	1.37486
109	161	0.46104
109	162	1.33936
109	164	0.453928
109	165	1.39513
109	168	1.39994
109	171	1.36042
109	173	1.37835
109	174	1.35409
109	175	1.37248
109	177	1.36207
109	178	1.35488
109	179	1.35837
109	180	1.34491
110	4	1.15989
110	20	1.45748
110	30	0.474583
110	42	0.510043
110	54	0.56147
110	85	0.543307
110	91	0.564111
110	117	0.527831
110	122	1.24315
110	134	1.3376
110	138	1.31104
110	139	1.28243
110	141	0.518301
110	142	1.27616
110	143	1.27937
110	144	1.30167
110	146	1.28186
110	148	1.29277
110	151	1.28328
110	153	0.523559
110	156	0.513056
110	161	1.26851
110	162	0.551232
110	164	1.27525
110	169	1.29966
110	170	1.24444
110	172	1.31191
110	176	1.29349
110	178	0.520043
111	49	1.24601
111	51	1.39
111	60	1.31798
111	75	1.30211
111	77	0.586814
111	90	0.493943
111	99	1.24861
111	100	0.556668
111	103	0.517823
111	105	1.22335
111	112	0.500261
111	114	0.562082
111	136	1.30207
111	137	1.30856
111	138	0.514348
111	153	1.32689
111	157	1.29496
111	160	0.510281
111	161	0.522006
111	164	0.514894
111	167	0.513381
111	168	1.31224
111	173	1.29066
111	174	1.2664
111	175	1.28479
111	176	1.29038
111	178	1.26718
111	179	1.27068
111	180	1.25722
112	62	1.25946
112	66	1.3437
112	88	0.464587
112	111	0.500261
112	119	1.35573
112	129	1.3391
112	139	1.37364
112	141	0.468627
112	143	1.37058
112	144	1.39288
112	148	1.38398
112	150	0.475761
112	151	1.37449
112	152	0.491616
112	153	0.473885
112	160	1.38612
112	161	1.35971
112	162	0.501558
112	164	1.36646
112	166	0.515981
112	167	1.3798
112	168	0.466023
112	169	1.39086
112	170	1.33565
112	171	0.481079
112	172	1.40312
112	174	0.481227
112	176	1.3847
112	180	0.487519
113	11	1.34852
113	27	0.529803
113	70	0.568698
113	85	1.27798
113	109	1.33052
113	117	1.27131
113	118	0.550409
113	128	0.535647
113	136	1.30402
113	138	0.506571
113	146	0.517813
113	148	0.508115
113	150	1.27992
113	151	0.52332
113	155	1.32504
113	156	1.30385
113	157	0.518896
113	158	1.28912
113	162	1.25362
113	163	1.28484
113	169	0.49351
113	170	0.536053
113	171	1.27468
113	173	1.29261
113	175	1.28674
113	177	1.27633
113	178	1.26913
113	179	1.27263
113	180	1.25917
114	6	1.30919
114	17	1.43677
114	21	0.378439
114	33	1.33124
114	40	1.2944
114	43	1.2952
114	64	0.558861
114	65	0.556505
114	72	1.33359
114	77	1.16123
114	82	1.25691
114	83	1.28955
114	89	1.32283
114	95	1.26932
114	98	1.33057
114	107	1.33735
114	111	0.562082
114	120	1.24245
114	126	1.24993
114	128	1.24947
114	132	1.26281
114	135	0.54845
114	155	0.529792
114	158	0.529949
114	166	1.2272
114	169	0.531886
114	171	0.5429
114	178	0.53219
114	179	0.537854
115	1	0.477665
115	19	0.51274
115	21	0.333424
115	27	1.31643
115	29	1.27335
115	31	1.44112
115	32	1.27545
115	49	1.32765
115	51	1.47164
115	52	1.32429
115	56	0.489772
115	59	1.41127
115	61	1.40278
115	81	0.51548
115	86	1.3408
115	88	1.39702
115	93	1.37645
115	94	0.479581
115	99	1.33024
115	102	1.33441
115	106	0.491103
115	130	0.498175
115	153	1.40852
115	157	1.3766
115	159	1.39199
115	162	0.518365
115	164	0.500478
115	165	0.485755
115	167	0.498966
116	3	0.479666
116	36	0.510788
116	49	0.53819
116	51	0.469161
116	60	0.487623
116	63	0.482238
116	98	0.475123
116	101	0.532011
116	122	1.29123
116	126	0.519931
116	127	0.479232
116	144	1.34975
116	148	1.34086
116	151	1.33136
116	152	0.509036
116	156	1.3531
116	157	0.512871
116	158	1.33836
116	159	1.36155
116	160	1.34299
116	165	1.35863
116	167	1.33667
116	168	1.36344
116	169	1.34774
116	170	1.29252
116	174	1.3176
116	177	1.32557
116	178	1.31838
116	179	1.32187
116	180	1.30842
117	4	0.600607
117	16	0.509542
117	41	0.507376
117	64	0.506158
117	85	1.30452
117	100	0.534564
117	107	0.471137
117	110	0.527831
117	113	1.27131
117	121	0.536987
117	125	1.30265
117	131	0.498986
117	135	1.28494
117	141	1.34376
117	145	1.30395
117	150	1.30645
117	158	1.31565
117	161	0.499902
117	162	1.28015
117	163	1.31137
117	165	1.33592
117	168	1.34073
117	169	0.479183
117	170	0.521726
117	171	1.30121
117	173	1.31914
117	174	1.29488
117	177	1.30286
117	178	1.29567
117	179	1.29916
117	180	1.2857
118	15	1.3416
118	21	0.374543
118	33	0.511825
118	45	1.30587
118	47	0.560259
118	54	1.24046
118	63	1.32568
118	78	0.497269
118	80	1.3798
118	81	1.26178
118	90	1.34807
118	92	1.29635
118	97	1.3027
118	100	1.26535
118	103	1.30806
118	108	0.499496
118	113	0.550409
118	120	0.551519
118	121	1.24571
118	125	0.539943
118	127	1.36494
118	130	1.30076
118	149	1.31189
118	152	1.31695
118	154	1.30612
118	156	0.521307
118	166	1.26048
118	169	0.527991
118	171	0.539005
118	172	1.3174
118	179	0.533959
119	14	0.505523
119	31	0.482432
119	37	1.3166
119	44	1.31095
119	45	1.31779
119	70	1.23693
119	76	0.53736
119	83	0.50868
119	85	0.539641
119	100	1.27727
119	109	0.485303
119	112	1.35573
119	123	1.24636
119	127	1.37686
119	130	1.31268
119	132	0.537682
119	143	1.29678
119	145	0.522674
119	146	1.29927
119	149	1.32381
119	151	1.30069
119	152	1.32887
119	154	1.31804
119	161	1.28591
119	163	0.51904
119	166	1.2724
119	167	1.30599
119	168	0.51203
119	169	1.31706
119	179	0.522041
119	180	0.533527
120	8	0.496764
120	68	1.23445
120	75	0.526837
120	77	1.21216
120	82	1.30784
120	83	1.34048
120	86	0.528541
120	89	1.37376
120	98	1.3815
120	103	0.511155
120	107	1.38828
120	114	1.24245
120	118	0.551519
120	128	1.3004
120	134	0.491889
120	146	0.518922
120	148	0.509225
120	150	1.30422
120	155	1.34933
120	157	0.520005
120	159	0.503838
120	162	1.27791
120	163	1.30914
120	169	0.494619
120	170	0.537162
120	174	1.29265
120	175	1.31104
120	177	1.30062
120	178	1.29343
120	179	1.29693
120	180	1.28347
121	8	1.33246
121	16	1.25284
121	22	0.557246
121	36	1.27887
121	44	1.28666
121	45	1.2935
121	46	1.28241
121	54	1.22808
121	70	1.21264
121	81	1.24941
121	90	1.33569
121	91	1.2233
121	97	1.29032
121	103	1.29569
121	106	0.533127
121	109	0.498125
121	117	0.536987
121	118	1.24571
121	127	1.35257
121	129	0.56428
121	130	1.28838
121	152	1.30458
121	154	1.29375
121	160	0.537888
121	163	0.531863
121	165	0.527779
121	166	1.24811
121	168	0.524853
121	169	0.528895
121	172	1.30503
121	178	0.529199
121	179	0.534863
122	1	1.34341
122	18	1.27167
122	22	1.27441
122	30	0.486401
122	67	1.21797
122	78	0.500836
122	86	0.565479
122	96	0.528528
122	97	0.543866
122	104	0.522126
122	110	1.24315
122	116	1.29123
122	125	0.54351
122	134	1.33363
122	139	1.27846
122	140	1.30491
122	142	1.27219
122	143	1.2754
122	145	0.538158
122	146	1.27789
122	148	1.28881
122	151	1.27931
122	158	0.52962
122	160	1.29094
122	161	1.26454
122	163	0.534525
122	164	1.27129
122	166	0.577474
122	167	1.28462
122	169	1.29569
122	170	1.24047
122	175	0.535904
123	13	0.510015
123	18	1.25747
123	25	1.4435
123	30	0.495843
123	31	0.507358
123	53	1.37996
123	58	0.526826
123	82	0.541865
123	96	0.53797
123	119	1.24636
123	129	1.22973
123	133	1.25132
123	138	1.29287
123	139	1.26427
123	140	1.29071
123	144	1.28351
123	146	1.2637
123	150	0.546694
123	151	1.26512
123	158	0.539062
123	160	1.27674
123	161	1.25034
123	164	1.25709
123	167	1.27042
123	169	1.28149
123	170	1.22628
123	171	0.552013
123	172	1.29375
123	174	0.552161
123	176	1.27533
123	177	0.551779
123	179	0.546966
124	14	0.452946
124	34	1.4352
124	66	1.35262
124	74	1.39879
124	84	0.476761
124	106	0.467728
124	108	1.42776
124	126	0.495942
124	129	1.34802
124	134	1.43773
124	138	1.41116
124	142	1.37628
124	143	1.37949
124	144	1.4018
124	146	1.38199
124	147	0.467907
124	149	0.468394
124	151	1.38341
124	157	0.488882
124	160	1.39503
124	161	1.36863
124	164	1.37538
124	165	0.46238
124	167	1.38871
124	168	0.459454
124	169	1.39978
124	170	1.34457
124	171	0.474511
124	173	0.471324
124	176	1.39362
124	177	0.474276
124	179	0.469464
124	180	0.48095
125	4	0.604469
125	14	1.37196
125	20	0.43514
125	36	0.506347
125	58	1.35816
125	60	0.483182
125	89	0.489895
125	90	0.4757
125	105	0.545073
125	109	1.36186
125	117	1.30265
125	118	0.539943
125	122	0.54351
125	130	0.494347
125	135	1.28974
125	141	1.34856
125	146	0.507347
125	150	1.31126
125	156	1.33519
125	162	1.28495
125	163	1.31618
125	168	1.34553
125	169	0.483044
125	171	1.30601
125	172	0.488632
125	173	1.32395
125	174	1.29969
125	175	1.31808
125	176	1.32367
125	177	1.30766
125	178	1.30047
125	179	1.30396
125	180	1.29051
126	9	1.16928
126	10	1.17686
126	11	0.476086
126	17	1.49519
126	23	1.29524
126	33	1.38965
126	40	1.35282
126	41	1.31986
126	43	1.35362
126	58	0.489365
126	68	1.24193
126	72	1.39201
126	77	1.21964
126	82	1.31532
126	83	1.34797
126	87	0.519677
126	89	1.38125
126	98	1.38899
126	107	1.39576
126	114	1.24993
126	116	0.519931
126	124	0.495942
126	128	1.30788
126	132	1.32122
126	133	0.52145
126	145	0.510138
126	161	0.524256
126	164	0.517144
126	166	1.28561
126	175	0.507884
126	176	0.488957
126	177	0.514317
126	180	0.520991
127	3	1.4288
127	36	1.3981
127	39	0.476637
127	46	1.40164
127	63	1.43254
127	66	0.501282
127	67	1.33428
127	70	1.33187
127	91	1.34253
127	92	1.40321
127	94	0.455548
127	97	1.40955
127	100	1.37221
127	103	1.41492
127	106	0.46707
127	116	0.479232
127	118	1.36494
127	119	1.37686
127	121	1.35257
127	130	1.40761
127	136	0.455451
127	138	0.4759
127	151	0.492649
127	152	1.42381
127	153	0.466659
127	154	1.41298
127	163	0.465806
127	166	1.36734
127	167	0.474933
127	172	1.42426
127	173	0.470666
127	176	0.448258
127	177	0.473619
128	6	1.36713
128	9	1.16882
128	21	0.359781
128	23	1.29478
128	33	1.38919
128	40	1.35235
128	41	1.31939
128	43	1.35315
128	58	0.499056
128	68	1.24147
128	72	1.39154
128	77	1.21918
128	83	1.3475
128	89	1.38078
128	90	0.505884
128	95	1.32726
128	98	1.38852
128	107	1.3953
128	108	0.484734
128	113	0.535647
128	114	1.24947
128	120	1.3004
128	126	1.30788
128	129	0.548614
128	132	1.32075
128	145	0.519829
128	160	0.522222
128	162	0.544722
128	163	0.516196
128	164	0.526835
128	166	1.28515
128	167	0.525322
128	178	0.513532
129	22	1.27916
129	53	1.3989
129	57	0.510181
129	73	0.521714
129	76	0.527764
129	95	0.52467
129	104	0.497046
129	112	1.3391
129	121	0.56428
129	123	1.22973
129	124	1.34802
129	128	0.548614
129	138	1.31182
129	139	1.28321
129	140	1.30966
129	142	1.27694
129	143	1.28015
129	146	1.28264
129	148	1.29356
129	150	0.512172
129	151	1.28406
129	153	0.510297
129	160	1.29569
129	161	1.26929
129	164	1.27604
129	166	0.552393
129	167	1.28937
129	169	1.30044
129	170	1.24522
129	172	1.31269
129	174	0.517639
129	175	0.510824
129	176	1.29428
129	178	0.506781
130	7	1.37507
130	8	1.38751
130	16	1.30788
130	24	1.29418
130	28	0.529391
130	46	1.33745
130	54	1.28313
130	59	0.500768
130	63	1.36835
130	69	0.550632
130	70	1.26768
130	92	1.33902
130	96	0.479365
130	97	1.34537
130	100	1.30802
130	103	1.35073
130	115	0.498175
130	118	1.30076
130	119	1.31268
130	121	1.28838
130	125	0.494347
130	127	1.40761
130	140	0.490933
130	149	1.35455
130	152	1.35962
130	153	0.486214
130	154	1.34879
130	156	0.475711
130	159	0.491613
130	163	0.485362
130	166	1.30315
130	170	0.524937
130	172	1.36007
130	177	0.493174
130	180	0.499848
131	26	1.32454
131	29	1.25647
131	32	1.25857
131	39	0.504694
