1	15	0.995297
1	92	0.952679
1	111	0.951779
1	122	1.03549
1	133	1.06554
1	134	0.950756
1	135	1.06125
1	150	1.00383
1	155	1.03945
1	156	0.99915
1	173	1.02921
1	179	0.914138
2	38	0.934833
2	55	0.876321
2	69	0.929635
2	75	1.08725
2	91	1.03775
2	129	1.06431
2	143	1.0171
2	152	1.04674
2	161	1.01404
2	162	1.09944
2	171	0.947006
2	175	0.94949
3	76	1.05057
3	92	0.931183
3	106	0.928738
3	116	0.993976
3	121	1.04786
3	167	1.03365
3	168	1.03481
3	173	1.04387
3	176	0.99073
3	177	1.02859
3	178	1.01723
3	179	0.892642
4	12	1.15966
4	99	0.892262
4	121	0.915278
4	132	0.886518
4	147	1.19685
4	165	1.21429
4	167	0.901063
4	171	0.912939
4	173	0.911286
4	177	0.896006
4	178	0.884645
4	180	1.22326
5	12	0.908344
5	27	0.877143
5	57	0.959015
5	61	0.923863
5	79	0.864335
5	83	0.864787
5	87	1.22614
5	92	1.16033
5	124	1.18473
5	143	0.862133
5	144	1.23299
5	164	0.940372
6	14	1.06136
6	26	0.996947
6	38	0.921963
6	75	1.07438
6	91	1.02489
6	116	1.03114
6	120	0.888371
6	146	0.983951
6	152	1.03387
6	153	0.92236
6	159	0.97882
6	162	1.08657
7	79	0.872899
7	103	0.890502
7	126	0.943219
7	139	1.09643
7	146	0.856083
7	151	1.08013
7	172	1.09117
7	173	0.842026
7	175	1.09308
7	179	1.14102
7	180	1.09819
8	29	1.03242
8	77	0.891731
8	81	1.28415
8	82	0.904569
8	91	1.2099
8	114	0.866324
8	126	0.874459
8	159	0.904689
8	165	1.26818
8	173	0.928891
8	174	0.915715
8	177	0.913612
9	35	1.06805
9	80	1.1007
9	105	1.02249
9	114	0.990852
9	133	0.881452
9	144	0.915754
9	161	0.951696
9	170	1.03403
9	172	1.00968
9	175	1.01159
9	176	1.00481
9	180	1.0167
10	15	0.978373
10	80	1.09886
10	124	0.902283
10	130	0.974853
10	157	0.964601
10	158	1.04099
10	161	0.986489
10	175	1.00975
10	176	1.00298
10	177	0.972687
10	179	1.05769
10	180	1.01487
11	63	1.05776
11	85	1.00177
11	114	0.996041
11	123	0.986944
11	147	0.941303
11	148	0.970952
11	159	1.03441
11	164	0.919825
11	165	0.958745
11	168	1.04955
11	177	1.04333
11	178	1.03197
12	4	1.15966
12	5	0.908344
12	48	1.06584
12	49	1.02335
12	57	1.10249
12	79	1.00781
12	83	1.00827
12	157	0.933255
12	164	1.08385
12	171	0.888106
12	174	0.91569
12	176	0.906083
13	27	0.971022
13	72	0.928599
13	118	1.00506
13	119	1.05746
13	145	1.04089
13	150	0.983385
13	155	0.934911
13	156	0.978582
13	166	1.00504
13	173	1.04594
13	176	1.01686
13	180	1.02875
14	6	1.06136
14	34	1.0517
14	38	0.942537
14	68	0.937259
14	69	0.937339
14	77	1.00719
14	91	1.04546
14	137	0.998838
14	152	1.05444
14	154	0.899458
14	162	1.10714
14	167	0.959288
15	1	0.995297
15	10	0.978373
15	24	1.11879
15	36	1.00306
15	58	1.04678
15	66	0.898772
15	68	1.03649
15	85	0.933568
15	88	1.05348
15	108	1.07005
15	150	0.938134
15	155	0.973753
15	165	0.960196
16	95	1.0045
16	109	0.946812
16	110	1.00534
16	115	0.932865
16	117	0.935468
16	128	1.04568
16	139	0.973019
16	143	1.08064
16	148	0.984368
16	159	1.05443
16	171	1.01054
16	175	1.01303
16	179	1.01761
17	60	0.81969
17	61	0.880585
17	127	1.16111
17	131	1.10355
17	136	1.05588
17	138	0.879039
17	162	0.820364
17	163	1.11201
17	172	1.10353
17	174	0.886362
17	178	0.922544
17	179	1.15338
17	180	1.11055
18	99	1.03904
18	125	0.988574
18	132	1.03312
18	142	1.02972
18	144	1.0339
18	154	0.991718
18	158	0.99018
18	161	1.06984
18	169	0.947508
18	175	0.958935
18	176	0.952163
18	179	1.00688
18	180	0.964053
19	72	0.989982
19	132	1.03963
19	151	0.956154
19	158	1.00035
19	161	1.07635
19	163	0.975678
19	165	0.969116
19	167	1.03713
19	171	0.993063
19	175	0.969102
19	176	0.962329
19	177	1.06255
19	180	0.97422
20	35	0.904456
20	52	0.978561
20	100	0.987437
20	103	0.943914
20	132	0.982468
20	138	1.01908
20	150	1.10336
20	160	1.00223
20	165	1.03885
20	166	0.966339
20	174	0.994059
20	176	1.08589
20	179	0.987799
21	36	1.02532
21	44	1.07042
21	51	1.06196
21	80	0.958677
21	113	1.0494
21	143	0.951219
21	145	0.984161
21	159	0.965006
21	161	0.948571
21	173	0.989208
21	177	0.973929
21	178	0.962568
21	180	1.0531
22	123	1.1093
22	134	1.00524
22	136	0.920018
22	150	1.03245
22	153	0.984422
22	160	1.02845
22	169	0.958147
22	170	0.992017
22	175	0.969574
22	176	0.962802
22	177	1.05023
22	179	1.01752
22	180	0.974692
23	53	1.06832
23	97	1.02336
23	102	0.967943
23	118	1.0494
23	123	0.939213
23	132	0.986108
23	142	1.03939
23	159	0.986674
23	161	0.970239
23	166	0.96998
23	175	1.01495
23	177	0.995597
23	178	0.984236
24	15	1.11879
24	25	0.927289
24	109	1.10827
24	157	0.983683
24	161	0.954104
24	166	0.953845
24	167	0.984519
24	173	0.994742
24	174	0.981565
24	175	1.06236
24	177	0.979462
24	178	0.968101
24	179	0.979761
25	24	0.927289
25	91	0.751872
25	108	0.878547
25	110	1.13456
25	139	1.10224
25	144	0.870303
25	170	1.12134
25	173	0.874165
25	175	1.09889
25	176	1.09212
25	178	0.902975
25	179	1.14683
25	180	1.10401
26	6	0.996947
26	38	0.878126
26	69	0.872928
26	75	1.03054
26	77	1.0966
26	91	0.981048
26	129	1.00761
26	145	1.02755
26	152	0.99003
26	153	1.00831
26	156	1.05154
26	162	1.04273
26	171	1.02089
27	5	0.877143
27	13	0.971022
27	39	0.910816
27	40	1.03917
27	49	0.99215
27	74	0.975524
27	79	0.976612
27	83	0.977065
27	114	1.10107
27	126	1.13103
27	143	0.97441
27	156	1.02553
27	164	1.05265
28	42	1.1484
28	71	0.959849
28	102	0.908373
28	111	0.963495
28	126	0.896873
28	151	1.14416
28	156	1.15777
28	159	0.927104
28	160	0.946296
28	161	0.910668
28	165	1.09806
28	173	0.951306
28	177	0.936027
28	179	1.04701
29	8	1.03242
29	34	1.21832
29	38	1.10916
29	69	1.10397
29	75	1.26158
29	91	1.21209
29	136	0.795916
29	146	0.755985
29	152	1.22107
29	157	0.75212
29	160	0.738424
29	162	1.27377
29	177	0.760206
29	178	0.770737
30	46	1.10025
30	70	1.22356
30	74	0.959259
30	87	0.924079
30	108	0.949106
30	126	0.89659
30	138	0.962866
30	166	0.910126
30	174	0.937846
30	176	1.13478
30	177	0.935743
30	178	0.924383
30	179	1.03669
30	180	1.09672
31	74	1.09584
31	110	1.1021
31	118	0.90157
31	125	0.949772
31	127	0.97581
31	141	1.13013
31	150	1.15065
31	158	0.951378
31	165	0.920148
31	168	1.12566
31	170	0.942577
31	175	0.920134
31	176	0.913361
31	180	0.925252
32	102	1.01163
32	135	1.08886
32	137	1.01767
32	141	1.04888
32	149	1.05455
32	150	1.03145
32	154	0.887639
32	155	1.06706
32	156	1.02677
32	157	1.06474
32	167	0.947469
32	172	0.913712
32	176	0.937636
32	180	0.899573
33	97	0.917195
33	107	0.987143
33	109	0.954699
33	142	0.933222
33	162	0.867887
33	163	1.05991
33	169	1.04191
33	172	1.05142
33	175	1.05333
33	176	1.04656
33	177	0.959536
33	178	0.970067
33	179	1.10128
33	180	1.05845
34	14	1.0517
34	29	1.21832
34	69	0.907105
34	75	1.06472
34	91	1.01522
34	119	0.910328
34	129	1.04178
34	152	1.02421
34	153	0.944435
34	159	1.00089
34	162	1.07691
34	165	0.927953
34	179	0.876901
34	180	0.936925
35	9	1.06805
35	20	0.904456
35	55	1.00388
35	57	1.06386
35	97	1.16608
35	121	0.936592
35	138	0.944443
35	140	0.935307
35	165	1.12613
35	173	0.9326
35	174	0.919423
35	176	1.17316
35	177	0.91732
35	178	0.905959
36	15	1.00306
36	21	1.02532
36	46	0.927589
36	132	1.04673
36	147	0.897637
36	160	1.06648
36	166	1.0306
36	172	0.938191
36	173	1.07149
36	174	1.05832
36	176	0.962115
36	177	1.05622
36	178	1.04485
36	179	0.864027
37	45	0.928283
37	55	1.0032
37	120	1.09473
37	138	0.943759
37	158	1.09124
37	159	0.907713
37	160	0.926906
37	163	1.1283
37	168	0.922853
37	173	0.931916
37	174	0.918739
37	176	1.15928
37	177	0.916636
37	180	1.12121
38	2	0.934833
38	6	0.921963
38	14	0.942537
38	26	0.878126
38	29	1.10916
38	69	0.797945
38	129	0.932622
38	131	1.09852
38	137	1.16818
38	152	0.915047
38	162	0.96775
38	171	1.10082
38	174	1.12841
38	175	1.10331
39	27	0.910816
39	40	0.960561
39	43	1.12474
39	48	0.95604
39	49	0.913546
39	55	1.08744
39	57	0.992688
39	62	1.10863
39	79	0.898008
39	83	0.898461
39	111	1.11565
39	143	0.895806
39	164	0.974045
39	175	1.1606
40	27	1.03917
40	39	0.960561
40	48	1.08439
40	49	1.0419
40	57	1.12104
40	79	1.02636
40	129	0.911733
40	143	1.02416
40	157	0.967319
40	162	0.883756
40	164	1.10239
40	168	0.932634
40	175	0.924655
40	178	0.985936
41	60	0.94053
41	73	0.970684
41	99	0.992722
41	111	1.02394
41	115	0.952637
41	116	1.07582
41	117	0.955239
41	120	1.02346
41	139	0.992791
41	148	1.00414
41	153	1.01768
41	168	0.990081
41	175	0.982102
41	178	1.04338
41	179	1.03738
42	28	1.1484
42	72	1.02251
42	88	1.08218
42	111	0.950605
42	122	0.998492
42	131	0.990775
42	141	0.984267
42	142	0.992174
42	150	0.966838
42	155	1.00246
42	156	0.962158
42	158	0.943013
42	165	0.9889
42	171	0.993074
42	180	0.972987
43	39	1.12474
43	125	1.02412
43	133	0.935204
43	151	0.981536
43	161	1.00545
43	165	0.994498
43	167	0.966221
43	169	0.983056
43	172	0.992575
43	173	0.973368
43	175	0.994484
43	176	0.987711
43	178	1.00218
43	179	1.04243
43	180	0.999602
44	21	1.07042
44	66	0.931203
44	88	1.08591
44	89	0.948634
44	122	1.00222
44	133	1.03228
44	135	1.02798
44	141	0.987995
44	142	0.995902
44	150	0.970565
44	156	0.965885
44	171	0.969022
44	173	1.00398
44	176	0.986998
44	177	1.02226
45	37	0.928283
45	58	0.944936
45	77	0.994587
45	100	1.01195
45	116	0.98185
45	124	1.01461
45	127	0.949664
45	141	1.04665
45	152	1.02753
45	154	0.999698
45	155	1.0187
45	166	0.99085
45	173	1.03175
45	174	1.01857
45	175	1.0342
46	30	1.10025
46	36	0.927589
46	94	0.93155
46	101	1.06438
46	149	0.99226
46	159	0.999126
46	163	0.997781
46	164	1.05376
46	169	0.979778
46	171	1.01517
46	172	0.989297
46	174	0.982827
46	175	0.991205
46	176	0.984433
46	180	0.996323
47	126	1.08023
47	127	1.03846
47	138	0.964339
47	151	0.969834
47	154	1.01557
47	158	1.01403
47	160	0.97553
47	163	0.989358
47	166	1.01941
47	169	0.971355
47	174	0.971661
47	175	0.982783
47	177	0.997312
47	179	1.03072
47	180	0.9879
48	12	1.06584
48	39	0.95604
48	40	1.08439
48	49	1.03737
48	57	1.11652
48	83	1.02229
48	96	0.911963
48	100	0.962165
48	129	0.913034
48	143	1.01963
48	163	0.910468
48	164	1.09787
48	167	0.951282
48	173	0.958429
49	12	1.02335
49	27	0.99215
49	39	0.913546
49	40	1.0419
49	48	1.03737
49	79	0.979342
49	83	0.979795
49	126	1.10433
49	130	1.02973
49	143	0.97714
49	154	0.936162
49	164	1.05538
49	168	0.978646
49	173	1.00314
49	180	0.948096
50	89	1.02876
50	93	0.939756
50	96	0.977549
50	104	0.968131
50	106	1.0042
50	163	0.996168
50	166	1.06439
50	167	1.01687
50	169	0.978165
50	170	1.01204
50	171	1.01355
50	175	0.989592
50	176	0.98282
50	177	1.04229
50	180	0.99471
51	21	1.06196
51	54	1.04841
51	82	1.02316
51	90	1.01757
51	109	0.957545
51	117	0.9462
51	120	1.01443
51	139	0.983752
51	148	0.995101
51	153	1.00864
51	160	0.992019
51	168	0.97103
51	169	0.998912
51	172	0.95462
51	179	1.02834
52	20	0.978561
52	54	1.12044
52	73	0.87351
52	95	1.08726
52	109	1.02957
52	115	1.01562
52	117	1.01823
52	119	1.08626
52	120	1.08645
52	139	1.05578
52	159	0.926326
52	160	0.913896
52	167	0.910254
52	168	0.892907
52	174	0.910027
52	179	1.10037
53	23	1.06832
53	59	1.09168
53	109	1.07604
53	125	0.981069
53	136	0.901874
53	138	1.0479
53	147	0.978559
53	156	1.05829
53	160	1.0591
53	163	0.958006
53	164	1.01399
53	169	0.940003
53	170	0.973873
53	175	0.95143
53	176	0.944658
53	180	0.956548
54	51	1.04841
54	52	1.12044
54	67	0.884641
54	101	0.983554
54	104	0.853491
54	109	1.03592
54	112	0.961279
54	115	1.02198
54	117	1.02458
54	120	1.0928
54	139	1.06213
54	146	0.923432
54	153	1.08701
54	157	0.919567
54	175	0.876902
54	179	1.10672
55	2	0.876321
55	35	1.00388
55	37	1.0032
55	39	1.08744
55	92	0.859537
55	124	1.08953
55	142	0.928028
55	160	1.10165
55	161	1.06603
55	166	1.06577
55	167	1.09644
55	174	1.09349
55	175	0.903591
55	176	0.919084
55	178	1.08002
55	179	0.820996
56	85	1.10692
56	93	0.989184
56	94	0.994881
56	123	0.894289
56	127	1.0109
56	133	0.983311
56	135	1.05717
56	140	0.96866
56	160	0.960943
56	163	1.07995
56	165	1.06389
56	173	0.965953
56	174	0.952776
56	177	0.950673
56	178	0.939313
56	180	1.07286
57	5	0.959015
57	12	1.10249
57	35	1.06386
57	39	0.992688
57	40	1.12104
57	48	1.11652
57	60	0.841376
57	79	1.05848
57	83	1.05894
57	136	0.969408
57	143	1.05628
57	149	0.889262
57	152	0.88318
57	163	0.86746
57	164	1.13452
57	175	0.882948
58	15	1.04678
58	45	0.944936
58	59	1.02778
58	85	1.05075
58	93	0.835708
58	128	0.920141
58	135	1.11273
58	141	1.07274
58	142	1.08065
58	144	1.06699
58	155	1.09093
58	156	1.05063
58	160	0.916462
58	166	0.960337
58	169	0.923355
58	176	0.902986
59	53	1.09168
59	58	1.02778
59	67	0.97772
59	93	0.986526
59	111	0.993358
59	113	0.978116
59	126	1.17198
59	130	1.09737
59	135	0.976557
59	137	0.905364
59	142	0.944475
59	147	0.968316
59	155	0.954758
59	156	0.914458
59	157	0.952436
59	174	1.06341
60	17	0.81969
60	41	0.94053
60	57	0.841376
60	85	1.04261
60	95	0.914355
60	109	0.981102
60	121	1.09552
60	122	1.07883
60	146	1.08811
60	150	1.04718
60	151	0.949745
60	156	1.0425
60	166	1.05063
60	174	1.07835
60	176	0.950681
60	177	1.07625
61	5	0.923863
61	17	0.880585
61	79	1.02333
61	81	0.980508
61	83	1.02379
61	112	1.08046
61	114	0.996553
61	126	1.00469
61	127	0.911545
61	143	1.02113
61	148	0.976747
61	159	1.03492
61	160	1.05411
61	164	1.09937
61	166	1.01822
61	172	0.987652
61	180	0.973512
62	39	1.10863
62	71	0.916793
62	112	0.983389
62	131	1.00929
62	138	0.942561
62	140	0.937584
62	143	0.992394
62	160	0.953753
62	164	1.07373
62	169	0.999745
62	170	1.03362
62	172	1.00926
62	173	0.957257
62	175	1.01117
62	176	1.0044
62	179	1.05911
62	180	1.01629
63	11	1.05776
63	130	1.04042
63	132	1.00976
63	140	1.03724
63	145	1.02948
63	149	0.987674
63	150	1.01433
63	159	1.01033
63	161	0.993893
63	164	0.910897
63	166	0.993635
63	168	1.02547
63	173	1.03453
63	175	0.98136
63	178	1.00789
63	179	0.898765
63	180	0.958789
64	98	1.00379
64	114	1.02952
64	123	1.03563
64	134	1.04848
64	140	0.93861
64	141	0.938257
64	152	0.926043
64	158	1.04405
64	161	0.990363
64	163	1.01938
64	167	0.951136
64	169	1.00138
64	170	1.03525
64	172	1.0109
64	175	1.01281
64	176	1.00604
64	180	1.01793
65	72	0.911729
65	100	0.969755
65	109	0.989698
65	115	0.975751
65	116	1.02726
65	117	0.978354
65	153	1.04079
65	157	0.97621
65	158	1.0438
65	161	0.998098
65	164	1.07511
65	168	0.941525
65	175	1.01255
65	176	1.00578
65	177	0.984296
65	179	1.0605
65	180	1.01767
66	15	0.898772
66	44	0.931203
66	76	0.917847
66	87	1.15089
66	113	0.966283
66	129	1.11621
66	142	0.932642
66	146	1.17566
66	149	0.930408
66	150	0.907305
66	155	0.942924
66	156	0.902625
66	157	0.940603
66	165	0.929368
66	171	1.12665
66	178	1.19041
66	179	1.04654
67	54	0.884641
67	59	0.97772
67	85	1.00068
67	94	0.958322
67	97	1.02371
67	107	1.09267
67	142	1.03059
67	143	1.05211
67	144	1.01693
67	148	1.042
67	149	1.02835
67	153	0.969437
67	155	1.04087
67	156	1.00057
67	157	1.03855
67	162	0.9436
67	179	0.901904
68	14	0.937259
68	15	1.03649
68	70	0.952244
68	72	0.95824
68	84	1.00201
68	88	0.894134
68	117	1.00297
68	132	1.0229
68	142	1.00449
68	145	1.04262
68	148	0.960721
68	151	1.01242
68	160	1.04266
68	167	1.03745
68	168	1.03861
68	176	1.01859
68	180	1.03048
69	2	0.929635
69	14	0.937339
69	26	0.872928
69	29	1.10397
69	34	0.907105
69	38	0.797945
69	75	0.950361
69	91	0.900867
69	93	1.09526
69	125	1.1252
69	129	0.927424
69	144	1.17566
69	152	0.909849
69	157	1.18971
69	162	0.962552
69	164	1.07658
69	172	1.13861
70	30	1.22356
70	68	0.952244
70	96	1.06704
70	103	1.16198
70	112	0.889861
70	118	0.899079
70	121	1.09918
70	127	0.97332
70	128	1.11368
70	131	0.91576
70	163	0.924219
70	169	0.906216
70	170	0.940087
70	176	0.910871
70	178	1.14232
70	179	0.965586
70	180	0.922762
71	28	0.959849
71	62	0.916793
71	86	1.0007
71	89	0.945897
71	119	0.9196
71	136	1.05523
71	137	1.03364
71	140	1.04663
71	146	1.04051
71	155	0.953263
71	160	1.03891
71	166	1.00303
71	167	1.0337
71	174	1.03075
71	175	0.968768
71	177	1.02864
71	178	1.01728
72	13	0.928599
72	19	0.989982
72	42	1.02251
72	65	0.911729
72	68	0.95824
72	76	1.01288
72	82	1.01505
72	97	1.0208
72	122	1.03399
72	141	1.01977
72	142	1.02767
72	150	1.00234
72	155	1.03796
72	156	0.997656
72	165	1.0244
72	166	1.02779
72	176	0.970436
73	41	0.970684
73	52	0.87351
73	82	1.02545
73	104	0.941931
73	130	0.985613
73	136	0.970954
73	153	0.95028
73	159	1.00674
73	166	1.03819
73	169	1.00908
73	170	1.04295
73	171	1.04447
73	172	1.0186
73	175	1.02051
73	176	1.01374
73	179	1.06845
73	180	1.02563
74	27	0.975524
74	30	0.959259
74	31	1.09584
74	82	1.01929
74	101	0.992274
74	108	1.0417
74	142	0.979355
74	145	1.03857
74	160	1.03861
74	168	1.03455
74	172	0.946488
74	174	1.03044
74	175	0.954919
74	176	0.970411
74	177	1.02834
74	178	1.01697
74	179	0.872323
75	2	1.08725
75	6	1.07438
75	26	1.03054
75	29	1.26158
75	34	1.06472
75	69	0.950361
75	91	1.05848
75	92	0.849208
75	98	0.907459
75	116	0.986978
75	129	1.08504
75	152	1.06746
75	161	0.957815
75	162	1.12017
75	170	0.870713
75	171	0.890779
75	173	0.925735
75	179	0.810667
76	3	1.05057
76	66	0.917847
76	72	1.01288
76	122	0.988863
76	132	1.07993
76	135	1.01463
76	142	0.982545
76	147	1.00639
76	148	0.993958
76	149	0.980312
76	150	0.957209
76	155	0.992828
76	156	0.952529
76	162	1.01119
76	164	0.981627
76	168	1.06007
76	171	1.04961
76	179	0.969495
77	8	0.891731
77	14	1.00719
77	26	1.0966
77	45	0.994587
77	80	0.932989
77	104	1.0361
77	146	0.994803
77	147	1.001
77	160	0.993209
77	161	0.957581
77	167	0.987997
77	168	0.989156
77	169	1.08585
77	172	1.04155
77	173	0.998219
77	174	0.985042
77	178	0.971579
77	180	1.02741
78	97	1.07277
78	108	0.929819
78	113	1.11328
78	119	0.843797
78	123	1.00278
78	141	1.07174
78	147	1.10348
78	148	1.09106
78	149	1.07741
78	150	1.05431
78	155	1.08993
78	156	1.04963
78	164	0.822502
78	165	1.07637
78	171	0.890482
78	173	0.925438
78	174	0.918065
78	180	0.870395
79	5	0.864335
79	7	0.872899
79	12	1.00781
79	27	0.976612
79	39	0.898008
79	40	1.02636
79	49	0.979342
79	57	1.05848
79	61	1.02333
79	83	0.964257
79	86	1.08204
79	102	1.1296
79	124	1.02045
79	143	0.961602
79	158	0.98756
79	164	1.03984
79	168	1.04809
79	174	1.06521
80	9	1.1007
80	10	1.09886
80	21	0.958677
80	77	0.932989
80	107	1.01369
80	108	0.896617
80	121	0.877909
80	132	0.887599
80	136	1.03032
80	152	0.859996
80	154	1.11266
80	172	1.07797
80	174	0.884863
80	175	1.07988
80	176	1.07311
80	177	0.910513
80	179	1.12782
80	180	1.085
81	8	1.28415
81	61	0.980508
81	90	0.910526
81	100	0.997395
81	109	1.0071
81	131	0.977655
81	136	0.929981
81	151	0.96659
81	154	1.01232
81	158	1.01078
81	159	1.00258
81	163	0.986114
81	170	1.00198
81	172	0.977629
81	175	0.979538
81	176	0.972765
81	178	1.02247
81	180	0.984656
82	8	0.904569
82	51	1.02316
82	72	1.01505
82	73	1.02545
82	74	1.01929
82	118	1.07131
82	123	0.939394
82	128	0.980537
82	142	1.0613
82	152	1.00684
82	158	0.984322
82	159	0.986855
82	161	0.970419
82	167	1.00084
82	170	1.01432
82	173	1.01106
82	177	0.995778
82	178	0.984417
83	5	0.864787
83	12	1.00827
83	27	0.977065
83	39	0.898461
83	48	1.02229
83	49	0.979795
83	57	1.05894
83	61	1.02379
83	79	0.964257
83	87	1.04214
83	125	0.998529
83	138	1.03815
83	143	0.962055
83	146	1.0669
83	153	1.00531
83	164	1.04029
83	171	1.01789
83	176	1.03587
84	68	1.00201
84	91	0.924734
84	92	1.01889
84	124	0.994901
84	147	0.99454
84	157	1.05722
84	158	0.998656
84	161	1.07911
84	163	0.973987
84	167	1.03988
84	169	0.955984
84	170	0.989854
84	172	0.965503
84	173	1.04703
84	175	0.967411
84	176	0.960639
84	177	1.0653
84	180	0.972529
85	11	1.00177
85	15	0.933568
85	56	1.10692
85	58	1.05075
85	60	1.04261
85	67	1.00068
85	113	1.00108
85	129	0.975325
85	130	1.04731
85	141	0.959531
85	142	0.967438
85	144	0.953781
85	155	0.977721
85	156	0.937421
85	157	0.975399
85	167	1.01357
85	173	1.02072
85	177	1.039
86	71	1.0007
86	79	1.08204
86	98	1.03289
86	107	1.12686
86	110	1.00552
86	121	0.996151
86	151	1.03325
86	152	0.987945
86	154	0.984185
86	159	0.967957
86	160	0.987149
86	166	0.951262
86	167	0.981936
86	174	0.978982
86	177	0.976879
86	178	0.965519
86	179	0.936095
86	180	0.996119
87	5	1.22614
87	30	0.924079
87	66	1.15089
87	83	1.04214
87	88	0.912597
87	101	0.957094
87	124	0.9913
87	128	0.977915
87	134	0.952544
87	135	0.960251
87	144	0.975758
87	147	0.949536
87	166	0.967538
87	168	0.999372
87	171	1.01009
87	173	1.00844
87	174	0.995258
87	177	0.993156
88	15	1.05348
88	42	1.08218
88	44	1.08591
88	68	0.894134
88	87	0.912597
88	110	0.875255
88	122	1.09367
88	131	0.886054
88	142	1.08735
88	143	0.958447
88	149	1.08512
88	150	1.06201
88	155	1.09763
88	156	1.05733
88	157	1.09531
88	162	0.849938
88	171	0.888353
88	177	0.941587
89	44	0.948634
89	50	1.02876
89	71	0.945897
89	99	0.987644
89	106	1.04454
89	136	0.980376
89	148	0.934553
89	152	0.954121
89	153	0.938827
89	154	1.06272
89	158	1.06118
89	160	0.982857
89	162	0.91299
89	170	1.05238
89	171	1.05389
89	172	1.02802
89	175	1.02993
89	176	1.02316
89	180	1.03505
90	51	1.01757
90	81	0.910526
90	95	1.06277
90	109	1.00508
90	115	0.991133
90	116	1.01982
90	117	0.993735
90	119	1.06177
90	120	1.06196
90	139	1.03129
90	148	1.04264
90	150	0.959069
90	153	1.05617
90	157	0.968765
90	160	0.955069
90	169	0.961962
90	171	0.923617
90	179	1.07588
90	180	0.90353
91	2	1.03775
91	6	1.02489
91	8	1.2099
91	14	1.04546
91	25	0.751872
91	26	0.981048
91	29	1.21209
91	34	1.01522
91	69	0.900867
91	75	1.05848
91	84	0.924734
91	102	0.97643
91	129	1.03554
91	143	0.954549
91	152	1.01797
91	162	1.07067
91	166	0.959782
91	172	0.878508
91	178	0.948221
92	1	0.952679
92	3	0.931183
92	5	1.16033
92	55	0.859537
92	75	0.849208
92	84	1.01889
92	128	0.965353
92	130	1.00735
92	134	1.07791
92	136	0.992687
92	140	0.945505
92	165	1.04226
92	168	0.940685
92	169	1.03082
92	170	1.06469
92	172	1.04034
92	175	1.04224
92	176	1.03547
92	180	1.04736
93	50	0.939756
93	56	0.989184
93	58	0.835708
93	59	0.986526
93	69	1.09526
93	103	0.995289
93	108	1.05669
93	116	1.00871
93	118	0.959421
93	132	1.03384
93	138	1.07045
93	149	0.931288
93	156	0.95314
93	161	1.01797
93	162	1.1071
93	165	0.893431
93	174	1.04543
93	177	1.04333
93	178	1.03197
94	46	0.93155
94	56	0.994881
94	67	0.958322
94	99	1.04528
94	114	1.00174
94	124	1.04717
94	125	0.928737
94	150	0.983552
94	159	1.04011
94	161	1.02367
94	163	0.935095
94	167	1.05409
94	168	1.05524
94	169	0.986444
94	170	0.928034
94	172	0.942152
94	174	1.05113
94	177	1.04903
94	178	1.03767
95	16	1.0045
95	52	1.08726
95	60	0.914355
95	90	1.06277
95	109	1.00274
95	111	1.0601
95	115	0.988797
95	117	0.991399
95	120	1.05962
95	133	0.950236
95	135	0.917658
95	139	1.02895
95	146	1.00246
95	148	1.0403
95	149	0.962241
95	162	0.915028
95	177	1.00668
95	179	1.07354
95	180	0.933356
96	48	0.911963
96	50	0.977549
96	70	1.06704
96	123	0.989147
96	126	1.00638
96	128	1.03029
96	135	0.924498
96	139	0.937366
96	141	0.975214
96	153	1.06674
96	158	0.910222
96	159	1.03661
96	160	1.0558
96	161	1.02017
96	164	0.892304
96	167	1.05059
96	171	1.06246
96	174	1.04763
96	178	1.03417
97	23	1.02336
97	33	0.917195
97	35	1.16608
97	67	1.02371
97	72	1.0208
97	78	1.07277
97	103	1.06612
97	122	0.996785
97	135	1.02255
97	141	0.98256
97	142	0.990467
97	144	0.97681
97	145	0.989347
97	150	0.965131
97	155	1.00075
97	156	0.96045
97	158	0.932624
97	162	0.944271
97	165	0.987193
97	170	0.96262
98	64	1.00379
98	75	0.907459
98	86	1.03289
98	99	1.02471
98	110	0.975374
98	127	1.03742
98	129	0.978035
98	134	1.01741
98	149	0.982798
98	157	1.03362
98	158	1.01299
98	163	0.988319
98	170	1.00419
98	172	0.979835
98	174	1.01606
98	175	0.981743
98	176	0.974971
98	177	1.04171
98	179	1.02969
98	180	0.986861
99	4	0.892262
99	18	1.03904
99	41	0.992722
99	89	0.987644
99	94	1.04528
99	98	1.02471
99	115	0.957246
99	119	1.02788
99	120	1.02807
99	125	0.98867
99	139	0.9974
99	145	1.01131
99	146	1.01294
99	154	0.976011
99	165	0.978973
99	174	1.00318
99	175	1.01052
99	178	0.989715
99	179	1.04199
99	180	0.987945
100	20	0.987437
100	45	1.01195
100	48	0.962165
100	65	0.969755
100	81	0.997395
100	106	0.96647
100	123	0.943917
100	124	0.998445
100	127	0.928431
100	136	1.09943
100	137	1.07784
100	140	1.01829
100	145	1.01053
100	153	1.02151
100	160	1.01057
100	161	0.974943
100	168	1.00652
100	173	1.01558
100	177	1.0003
100	180	0.990399
101	46	1.06438
101	54	0.983554
101	74	0.992274
101	87	0.957094
101	126	0.929605
101	140	0.986745
101	141	1.09586
101	146	0.980621
101	149	1.08973
101	155	1.06791
101	158	1.03087
101	160	0.979028
101	166	0.943141
101	167	0.973816
101	168	0.974975
101	170	1.06086
101	171	0.985692
101	174	0.970861
101	177	0.968759
101	178	0.957398
101	179	1.00082
102	23	0.967943
102	28	0.908373
102	32	1.01163
102	79	1.1296
102	91	0.97643
102	120	1.0172
102	128	0.961926
102	131	1.06147
102	136	1.15271
102	146	0.989029
102	160	0.987436
102	161	0.951808
102	163	1.05076
102	164	0.995788
102	166	0.951549
102	167	0.982224
102	168	0.983383
102	171	0.994099
102	174	0.979269
102	177	0.977166
102	178	0.965806
103	7	0.890502
103	20	0.943914
103	70	1.16198
103	93	0.995289
103	97	1.06612
103	104	1.00994
103	110	0.985422
103	114	0.90949
103	127	0.973171
103	129	0.985419
103	140	0.974765
103	141	1.07016
103	142	1.08215
103	153	0.977987
103	160	0.967048
103	168	0.962995
103	169	1.09357
103	173	0.972058
103	174	0.958881
103	175	1.05771
103	177	0.956778
104	50	0.968131
104	54	0.853491
104	73	0.941931
104	77	1.0361
104	103	1.00994
104	108	1.07134
104	114	1.01069
104	120	0.904299
104	130	1.01241
104	140	1.07597
104	157	1.0622
104	159	1.04906
104	160	1.06825
104	164	0.882886
104	166	1.03236
104	168	1.0642
104	170	0.9308
104	173	1.07326
104	176	0.968842
104	178	1.04662
104	180	0.930778
105	9	1.02249
105	110	0.942018
105	126	1.09127
105	133	0.951909
105	141	0.970047
105	145	0.961777
105	147	1.02879
105	151	0.988715
105	153	0.942539
105	154	1.03445
105	157	1.00027
105	158	1.03291
105	160	0.986569
105	168	0.96558
105	169	0.990236
105	170	1.02411
105	171	1.02562
105	172	0.999755
105	175	1.00166
105	176	0.994891
105	179	1.04961
105	180	1.00678
106	3	0.928738
106	50	1.0042
106	89	1.04454
106	100	0.96647
106	118	0.986803
106	119	1.0392
106	126	1.06393
106	131	1.00348
106	145	0.934437
106	151	0.992419
106	154	1.03815
106	159	0.971659
106	161	0.994813
106	164	1.06792
106	165	1.00538
106	166	1.0031
106	172	1.00346
106	174	0.95536
106	175	1.00537
106	176	0.998595
106	178	0.991542
106	180	1.01049
107	33	0.987143
107	67	1.09267
107	80	1.01369
107	86	1.12686
107	112	0.89679
107	128	1.11758
107	133	1.07924
107	134	0.960241
107	139	1.05953
107	151	0.911625
107	152	1.08516
107	154	0.957356
107	163	0.931149
107	164	0.98713
107	169	0.913146
107	170	0.947016
107	172	0.922664
107	174	1.11003
107	175	0.924573
107	176	0.9178
107	177	1.13568
107	180	0.929691
108	15	1.07005
108	25	0.878547
108	30	0.949106
108	74	1.0417
108	78	0.929819
108	80	0.896617
108	93	1.05669
108	104	1.07134
108	116	0.983566
108	118	1.04806
108	121	1.03745
108	123	0.961799
108	143	0.995473
108	158	0.961069
108	159	1.00926
108	169	1.04948
108	171	1.03512
108	173	1.03346
108	176	1.02911
108	177	1.01818
108	178	1.00682
108	179	0.931019
109	16	0.946812
109	24	1.10827
109	33	0.954699
109	51	0.957545
109	52	1.02957
109	53	1.07604
109	54	1.03592
109	60	0.981102
109	65	0.989698
109	81	1.0071
109	90	1.00508
109	95	1.00274
109	115	0.931107
109	117	0.93371
109	120	1.00193
109	134	0.976697
109	139	0.971261
109	148	0.98261
109	153	0.996146
109	154	0.98817
109	161	1.08723
109	171	1.02019
109	179	1.01585
110	16	1.00534
110	25	1.13456
110	31	1.1021
110	86	1.00552
110	88	0.875255
110	98	0.975374
110	103	0.985422
110	105	0.942018
110	113	0.934906
110	115	0.989634
110	117	0.992237
110	125	0.939332
110	139	1.02979
110	147	0.912193
110	148	1.04114
110	157	1.03769
110	161	1.00811
110	167	1.03852
110	169	0.997039
110	172	0.952747
110	174	1.03557
110	175	0.961178
110	178	1.0221
110	179	1.07438
111	1	0.951779
111	28	0.963495
111	39	1.11565
111	41	1.02394
111	42	0.950605
111	59	0.993358
111	95	1.0601
111	115	0.988459
111	120	1.05929
111	125	0.909961
111	126	0.993136
111	137	0.996682
111	139	1.02861
111	144	1.01489
111	153	1.0535
111	158	0.879261
111	163	0.916319
111	168	1.03851
111	173	1.04757
111	174	1.03439
111	175	0.931807
111	176	0.947299
111	178	1.02093
111	179	1.0732
112	54	0.961279
112	61	1.08046
112	62	0.983389
112	70	0.889861
112	107	0.89679
112	118	0.944416
112	124	1.04148
112	138	1.07891
112	141	1.07358
112	144	1.08975
112	149	0.964036
112	151	0.950033
112	157	1.1038
112	158	0.994225
112	163	0.969557
112	165	0.962995
112	170	0.985424
112	172	0.961072
112	173	1.09361
112	174	1.08624
112	175	0.962981
112	176	0.956208
112	179	1.01092
112	180	0.968099
113	21	1.0494
113	59	0.978116
113	66	0.966283
113	78	1.11328
113	85	1.00108
113	110	0.934906
113	119	0.90132
113	129	0.937566
113	131	0.945704
113	133	1.06736
113	135	1.06306
113	138	0.968265
113	140	0.963287
113	141	1.02307
113	144	1.01732
113	147	1.05482
113	149	1.02875
113	150	1.00564
113	155	1.04126
113	156	1.00096
113	157	1.03894
113	171	0.948004
113	173	0.982961
113	174	0.975588
114	8	0.866324
114	9	0.990852
114	11	0.996041
114	27	1.10107
114	61	0.996553
114	64	1.02952
114	94	1.00174
114	103	0.90949
114	104	1.01069
114	117	1.10338
114	145	0.967765
114	156	1.10863
114	157	0.961754
114	160	0.967802
114	161	0.932174
114	165	1.04893
114	167	0.96259
114	168	0.963749
114	170	1.05792
114	172	1.07204
114	174	0.959635
114	175	1.08047
114	177	0.957533
114	178	0.946172
115	16	0.932865
115	41	0.952637
115	52	1.01562
115	54	1.02198
115	65	0.975751
115	90	0.991133
115	95	0.988797
115	99	0.957246
115	109	0.931107
115	110	0.989634
115	111	0.988459
115	117	0.919763
115	119	0.987797
115	120	0.987988
115	121	1.05912
115	131	1.03619
115	139	0.957314
115	145	1.04515
115	147	0.991986
115	159	1.08237
115	160	1.06994
115	163	1.02548
115	165	1.00943
115	168	1.04895
115	172	1.03254
115	179	1.0019
116	3	0.993976
116	6	1.03114
116	41	1.07582
116	45	0.98185
116	65	1.02726
116	75	0.986978
116	90	1.01982
116	93	1.00871
116	108	0.983566
116	124	0.968347
116	128	0.954962
116	134	1.0245
116	138	0.997326
116	143	0.947493
116	144	0.952806
116	146	0.982066
116	151	1.08503
116	158	1.01793
116	161	0.944845
116	162	1.03397
116	163	1.05499
116	166	0.944586
116	168	0.97642
116	175	1.07048
116	177	0.970203
116	178	0.958842
117	16	0.935468
117	41	0.955239
117	51	0.9462
117	52	1.01823
117	54	1.02458
117	65	0.978354
117	68	1.00297
117	90	0.993735
117	95	0.991399
117	109	0.93371
117	110	0.992237
117	114	1.10338
117	115	0.919763
117	120	0.990591
117	133	0.993984
117	136	1.08614
117	139	0.959917
117	148	0.971266
117	153	0.984802
117	157	1.04234
117	161	1.06423
117	167	1.025
117	171	0.997192
117	173	1.03215
117	178	1.06096
117	179	1.00451
118	13	1.00506
118	23	1.0494
118	31	0.90157
118	70	0.899079
118	82	1.07131
118	93	0.959421
118	106	0.986803
118	108	1.04806
118	112	0.944416
118	123	1.12102
118	124	0.991553
118	125	1.00184
118	131	0.970316
118	134	1.00787
118	140	1.02401
118	150	1.04418
118	154	1.00498
118	158	1.00344
118	163	0.978775
118	169	0.960772
118	174	1.03631
118	175	0.972199
118	176	0.965427
118	177	1.06196
118	179	1.02014
118	180	0.977317
119	13	1.05746
119	34	0.910328
119	52	1.08626
119	71	0.9196
119	78	0.843797
119	90	1.06177
119	99	1.02788
119	106	1.0392
119	113	0.90132
119	115	0.987797
119	123	1.03741
119	131	1.02272
119	134	1.06027
119	138	0.945369
119	139	1.02795
119	153	1.05284
119	155	0.912086
119	157	0.970256
119	163	1.03117
119	166	1.00044
119	175	1.0246
119	176	1.01783
119	177	0.978342
119	178	0.988874
119	179	1.07254
119	180	1.02972
120	6	0.888371
120	37	1.09473
120	41	1.02346
120	51	1.01443
120	52	1.08645
120	54	1.0928
120	90	1.06196
120	95	1.05962
120	99	1.02807
120	102	1.0172
120	104	0.904299
120	109	1.00193
120	111	1.05929
120	115	0.987988
120	117	0.990591
120	131	0.922926
120	133	0.922019
120	139	1.02814
120	140	0.940509
120	142	0.952146
120	148	1.03949
120	153	1.05303
120	164	0.857246
120	171	0.925226
120	177	0.97846
120	179	1.07273
121	3	1.04786
121	4	0.915278
121	35	0.936592
121	60	1.09552
121	70	1.09918
121	80	0.877909
121	86	0.996151
121	108	1.03745
121	115	1.05912
121	123	0.967708
121	125	0.97306
121	134	0.948929
121	145	1.03432
121	152	1.03516
121	154	0.960401
121	155	0.9794
121	158	0.94236
121	160	1.03436
121	161	0.998733
121	164	0.924442
121	166	0.998475
121	169	1.03077
121	173	1.03937
121	174	1.02619
121	175	0.994906
121	177	1.02409
121	178	1.01273
122	1	1.03549
122	42	0.998492
122	44	1.00222
122	60	1.07883
122	72	1.03399
122	76	0.988863
122	88	1.09367
122	97	0.996785
122	135	1.03574
122	137	0.964547
122	144	0.990001
122	145	0.990931
122	148	1.01507
122	150	0.978322
122	153	0.971693
122	155	1.01394
122	156	0.973642
122	159	1.02815
122	162	0.945855
122	163	0.971267
122	164	0.916291
122	165	1.00038
122	170	0.964205
122	171	0.98427
122	173	1.01923
122	178	1.04804
122	180	0.964183
123	11	0.986944
123	22	1.1093
123	23	0.939213
123	56	0.894289
123	64	1.03563
123	78	1.00278
123	82	0.939394
123	96	0.989147
123	100	0.943917
123	108	0.961799
123	118	1.12102
123	119	1.03741
123	121	0.967708
123	126	0.909283
123	129	0.977077
123	136	1.17304
123	159	0.939513
123	162	1.0122
123	163	1.07109
123	166	0.922819
123	170	1.06403
123	171	0.965369
123	172	1.07814
123	173	0.963716
123	174	0.950539
123	176	1.10207
123	178	0.937075
124	5	1.18473
124	10	0.902283
124	45	1.01461
124	55	1.08953
124	79	1.02045
124	84	0.994901
124	87	0.9913
124	94	1.04717
124	100	0.998445
124	112	1.04148
124	116	0.968347
124	118	0.991553
124	129	1.0316
124	134	0.91113
124	138	1.03009
124	146	1.01483
124	154	0.922602
124	155	0.941601
124	166	0.977347
124	167	1.00802
124	168	1.00918
124	171	1.0199
124	172	0.948676
124	174	1.00507
124	177	1.00296
124	178	0.991604
124	180	0.934536
125	18	0.988574
125	31	0.949772
125	43	1.02412
125	53	0.981069
125	69	1.1252
125	83	0.998529
125	94	0.928737
125	99	0.98867
125	110	0.939332
125	111	0.909961
125	118	1.00184
125	121	0.97306
125	130	0.985505
125	132	0.98275
125	151	1.00745
125	154	1.05318
125	158	1.05165
125	163	1.02698
125	167	0.98024
125	168	0.962894
125	169	1.00897
125	170	1.04285
125	172	1.01849
125	175	1.0204
125	176	1.01363
125	178	1.0162
125	180	1.02552
126	7	0.943219
126	8	0.874459
126	27	1.13103
126	28	0.896873
126	30	0.89659
126	47	1.08023
126	49	1.10433
126	59	1.17198
126	61	1.00469
126	96	1.00638
126	101	0.929605
126	105	1.09127
126	106	1.06393
126	111	0.993136
126	123	0.909283
126	128	0.950426
126	146	0.97753
126	157	0.969888
126	159	0.956744
126	160	0.975936
126	163	1.09494
126	167	0.970724
126	174	0.96777
126	177	0.965667
126	178	0.954306
126	179	1.02783
126	180	1.08786
127	17	1.16111
127	31	0.97581
127	45	0.949664
127	47	1.03846
127	56	1.0109
127	61	0.911545
127	70	0.97332
127	98	1.03742
127	100	0.928431
127	103	0.973171
127	131	1.04456
127	134	1.08211
127	140	0.905021
127	146	0.938752
127	151	1.03349
127	154	1.07922
127	159	0.93362
127	162	0.851323
127	163	1.05302
127	165	1.04645
127	166	0.965065
127	167	0.917548
127	170	1.06888
127	171	1.0704
127	172	1.04453
127	173	0.924695
127	176	1.03967
127	180	1.05156
128	16	1.04568
128	58	0.920141
128	70	1.11368
128	82	0.980537
128	87	0.977915
128	92	0.965353
128	96	1.03029
128	102	0.961926
128	107	1.11758
128	116	0.954962
128	126	0.950426
128	132	0.980091
128	135	0.971138
128	138	1.0167
128	149	1.01572
128	157	0.993801
128	159	0.980657
128	160	0.999849
128	161	0.964221
128	162	1.05335
128	168	0.995796
128	169	1.04527
128	170	0.986858
128	174	0.991682
128	176	1.0249
128	177	0.98958
128	178	0.978219
128	180	0.986837
129	2	1.06431
129	26	1.00761
129	34	1.04178
129	38	0.932622
129	40	0.911733
129	48	0.913034
129	66	1.11621
129	69	0.927424
129	75	1.08504
129	85	0.975325
129	91	1.03554
129	98	0.978035
129	103	0.985419
129	113	0.937566
129	123	0.977077
129	124	1.0316
129	137	1.02871
129	138	1.06058
129	148	0.944502
129	152	1.04453
129	158	0.911293
129	160	1.04373
129	162	1.09723
129	166	1.00784
129	170	0.941289
129	172	0.955407
129	174	1.03556
129	176	0.979331
129	178	1.0221
130	10	0.974853
130	49	1.02973
130	59	1.09737
130	63	1.04042
130	73	0.985613
130	85	1.04731
130	92	1.00735
130	104	1.01241
130	125	0.985505
130	132	1.06366
130	136	0.90631
130	140	1.04862
130	143	1.10343
130	149	0.956921
130	151	0.942919
130	154	0.988649
130	158	0.987111
130	163	0.962442
130	165	0.955881
130	167	1.06115
130	168	1.0438
130	169	0.944439
130	170	0.97831
130	172	0.953958
130	174	1.06092
130	175	0.955867
130	176	0.949094
130	179	1.00381
130	180	0.960985
131	17	1.10355
131	38	1.09852
131	42	0.990775
131	62	1.00929
131	70	0.91576
131	81	0.977655
131	88	0.886054
131	102	1.06147
131	106	1.00348
131	113	0.945704
131	115	1.03619
131	118	0.970316
131	119	1.02272
131	120	0.922926
131	127	1.04456
131	134	1.02455
131	141	0.984423
131	144	1.00059
131	147	1.01601
131	151	0.975932
131	160	1.00094
131	163	0.995456
131	166	1.04482
131	169	0.977453
131	170	1.01132
131	172	0.986972
131	175	0.98888
131	176	0.982108
131	178	1.03326
131	180	0.993998
132	4	0.886518
132	18	1.03312
132	19	1.03963
132	20	0.982468
132	23	0.986108
132	36	1.04673
132	63	1.00976
132	68	1.0229
132	76	1.07993
132	80	0.887599
132	93	1.03384
132	125	0.98275
132	128	0.980091
132	130	1.06366
132	138	1.02245
132	139	0.979194
132	145	1.00556
132	151	1.01915
132	154	0.970091
132	160	1.0056
132	161	0.969973
132	162	1.0591
132	168	1.00155
132	172	0.996165
132	173	1.01061
132	174	0.997434
132	176	1.02009
132	177	0.995332
132	178	0.983971
132	179	0.922
133	1	1.06554
133	9	0.881452
133	43	0.935204
133	44	1.03228
133	56	0.983311
133	95	0.950236
133	105	0.951909
133	107	1.07924
133	113	1.06736
133	117	0.993984
133	120	0.922019
133	141	1.02581
133	142	1.03372
133	145	1.04769
133	146	1.04932
133	150	1.00838
133	151	0.985626
133	152	1.04852
133	154	0.936565
133	155	1.044
133	156	1.0037
133	159	1.02854
133	165	1.03044
133	166	1.01184
133	167	1.04252
133	170	0.94852
133	174	1.03956
133	175	0.971069
133	177	1.03746
133	179	0.888474
133	180	0.948498
134	1	0.950756
134	22	1.00524
134	64	1.04848
134	87	0.952544
134	92	1.07791
134	98	1.01741
134	107	0.960241
134	109	0.976697
134	116	1.0245
134	118	1.00787
134	119	1.06027
134	121	0.948929
134	124	0.91113
134	127	1.08211
134	131	1.02455
134	138	0.94856
134	146	0.977313
134	150	0.963752
134	153	0.915722
134	154	1.05921
134	158	1.05768
134	162	0.889884
134	163	1.03301
134	169	1.015
134	170	1.04887
134	172	1.02452
134	174	0.955883
134	175	1.02643
134	176	1.01966
134	178	0.992065
134	180	1.03155
135	1	1.06125
135	32	1.08886
135	44	1.02798
135	56	1.05717
135	58	1.11273
135	59	0.976557
135	76	1.01463
135	87	0.960251
135	95	0.917658
135	96	0.924498
135	97	1.02255
135	113	1.06306
135	122	1.03574
135	128	0.971138
135	137	0.990311
135	142	1.02942
135	144	1.01576
135	147	1.05326
135	148	1.04084
135	150	1.00409
135	151	0.953047
135	153	0.923429
135	156	0.999405
135	157	1.03738
135	160	0.967459
135	163	0.923003
135	165	1.02615
135	167	0.963817
135	170	0.915941
135	171	0.936007
135	177	0.989241
136	17	1.05588
136	22	0.920018
136	29	0.795916
136	53	0.901874
136	57	0.969408
136	71	1.05523
136	73	0.970954
136	80	1.03032
136	81	0.929981
136	89	0.980376
136	92	0.992687
136	100	1.09943
136	102	1.15271
136	117	1.08614
136	123	1.17304
136	130	0.90631
136	140	1.07602
136	147	0.968336
136	149	0.942262
136	154	0.97399
136	159	1.10462
136	160	1.09219
136	163	0.947783
136	170	0.96365
136	171	0.965169
136	172	0.939299
136	174	1.08832
136	175	0.941207
136	176	0.934435
136	177	1.11397
136	179	0.98915
136	180	0.946325
137	14	0.998838
137	32	1.01767
137	38	1.16818
137	59	0.905364
137	71	1.03364
137	100	1.07784
137	111	0.996682
137	122	0.964547
137	129	1.02871
137	135	0.990311
137	141	0.950322
137	142	0.958229
137	143	1.10925
137	147	0.98207
137	150	0.932893
137	151	0.941993
137	152	1.04187
137	155	0.968512
137	156	0.928212
137	157	0.96619
137	159	1.08303
137	161	1.10619
137	163	0.961517
137	164	1.0175
137	165	0.954955
137	166	1.11448
137	168	1.04962
137	169	0.943514
137	172	0.953032
137	175	0.954941
137	176	0.948168
137	180	0.960059
138	17	0.879039
138	20	1.01908
138	30	0.962866
138	35	0.944443
138	37	0.943759
138	47	0.964339
138	53	1.0479
138	62	0.942561
138	83	1.03815
138	93	1.07045
138	112	1.07891
138	113	0.968265
138	116	0.997326
138	119	0.945369
138	124	1.03009
138	128	1.0167
138	129	1.06058
138	132	1.02245
138	134	0.94856
138	144	1.01455
138	146	1.04381
138	153	1.05315
138	155	0.979031
138	160	1.04221
138	161	1.00658
138	164	0.924074
138	168	1.03816
138	170	0.971987
138	173	1.04722
138	174	1.03405
138	175	0.994537
138	177	1.03194
138	178	1.02058
138	179	0.911942
139	7	1.09643
139	16	0.973019
139	25	1.10224
139	41	0.992791
139	51	0.983752
139	52	1.05578
139	54	1.06213
139	90	1.03129
139	95	1.02895
139	96	0.937366
139	99	0.9974
139	107	1.05953
139	109	0.971261
139	110	1.02979
139	111	1.02861
139	115	0.957314
139	117	0.959917
139	119	1.02795
139	120	1.02814
139	132	0.979194
139	146	0.997888
139	148	1.00882
139	152	0.951591
139	153	1.02235
139	156	0.979524
139	159	0.992757
139	161	1.01591
139	162	0.91046
139	165	0.919816
139	171	0.948875
139	172	0.942928
139	176	0.966851
139	177	1.00211
139	179	1.04206
140	35	0.935307
140	56	0.96866
