1	54	1.12068
1	104	1.19201
1	105	0.942075
1	144	1.23033
1	145	0.912593
1	159	1.25121
1	162	0.882465
1	169	0.873698
1	175	0.917768
1	176	0.878475
1	177	0.905194
1	180	0.887732
2	29	0.961528
2	52	1.05977
2	87	1.05679
2	88	1.00679
2	98	0.941492
2	112	1.01278
2	129	0.951177
2	164	1.02535
2	172	0.952635
2	175	1.05117
2	177	1.0386
2	178	0.947149
3	5	0.899964
3	68	1.03613
3	81	1.03053
3	85	0.966294
3	95	1.04207
3	105	1.07914
3	130	1.01814
3	140	0.980268
3	160	1.02275
3	167	0.950283
3	169	0.945513
3	172	1.02711
4	42	1.01335
4	44	1.00919
4	47	0.874841
4	48	0.888477
4	93	1.13179
4	99	1.02742
4	117	1.05937
4	170	1.00869
4	172	0.943364
4	173	0.964408
4	178	1.03366
4	179	1.04832
5	3	0.899964
5	68	0.975253
5	77	1.08428
5	92	1.03308
5	144	1.0306
5	156	0.955393
5	165	1.00768
5	167	1.02397
5	168	1.04513
5	173	0.992026
5	174	0.992601
5	178	0.965496
6	80	0.903072
6	92	0.976824
6	110	1.04564
6	135	1.02323
6	140	0.990011
6	153	1.02746
6	155	0.95713
6	157	0.966533
6	173	1.012
6	175	1.06458
6	176	0.996636
6	178	1.03708
7	23	1.23051
7	64	1.10176
7	85	0.895004
7	100	0.904803
7	116	0.895506
7	122	0.917116
7	136	0.891105
7	159	0.902766
7	172	1.22647
7	173	0.876846
7	174	1.24809
7	177	0.916849
8	48	0.924288
8	60	0.965173
8	88	0.973797
8	117	0.89784
8	126	1.08361
8	140	1.00008
8	160	1.04256
8	162	1.03935
8	165	1.01329
8	173	1.02207
8	176	0.992581
8	178	1.04715
9	16	0.94333
9	101	1.00348
9	113	1.01441
9	137	0.945245
9	148	1.07333
9	150	0.97941
9	157	0.932223
9	158	1.02964
9	168	0.921859
9	174	1.03532
9	176	1.05282
9	180	1.06207
10	105	1.07848
10	124	0.902532
10	132	0.994432
10	135	1.01283
10	145	1.049
10	151	1.00448
10	153	1.01705
10	155	0.930295
10	160	1.02208
10	162	1.01887
10	169	0.975258
10	170	1.0017
11	26	1.11225
11	90	1.02273
11	122	1.03177
11	139	1.02513
11	145	0.914965
11	147	1.00393
11	148	0.911932
11	154	0.986761
11	159	1.01742
11	163	1.01904
11	166	0.981866
11	172	0.974695
12	14	1.07135
12	36	0.963258
12	69	0.985019
12	100	1.05823
12	126	0.902331
12	134	0.986593
12	141	1.02325
12	147	1.04271
12	156	0.955599
12	159	1.05619
12	167	0.994821
12	178	0.965701
13	65	1.09018
13	97	0.941205
13	109	1.23263
13	130	0.896442
13	132	1.24937
13	133	1.23506
13	136	0.894821
13	150	0.869716
13	159	0.906482
13	162	0.897835
13	167	0.88617
13	168	0.907328
14	12	1.07135
14	69	0.970538
14	74	1.02148
14	101	1.03871
14	116	1.03445
14	139	1.04942
14	143	0.944231
14	154	1.01105
14	158	0.957393
14	159	1.04171
14	166	0.937653
14	172	0.930483
15	50	1.04929
15	52	1.04515
15	87	1.04216
15	88	0.992164
15	98	0.944101
15	164	1.01072
15	166	0.962415
15	172	0.955245
15	173	0.976288
15	175	1.03654
15	176	0.96865
15	177	1.02397
16	9	0.94333
16	22	1.19568
16	86	1.20581
16	149	1.18951
16	155	0.926988
16	161	0.889712
16	162	1.20387
16	170	0.878616
16	171	0.894203
16	174	0.874302
16	176	0.891796
16	180	0.901052
17	29	0.961528
17	52	1.05977
17	87	1.05679
17	88	1.00679
17	121	0.932825
17	164	1.02535
17	166	0.958755
17	167	0.975217
17	173	0.972628
17	175	1.05117
17	176	0.96499
17	177	1.0386
18	94	1.14594
18	102	0.908394
18	120	1.2159
18	136	0.898598
18	139	0.917968
18	141	0.877314
18	147	0.896773
18	148	1.19083
18	154	0.8796
18	159	0.910259
18	164	0.911093
18	172	1.25359
19	35	0.915757
19	77	0.988132
19	92	1.05686
19	99	1.04703
19	110	1.01478
19	124	1.01814
19	134	0.985832
19	146	0.965043
19	167	1.0869
19	171	0.975406
19	172	0.98457
19	176	0.972998
19	180	0.982255
20	21	0.950239
20	35	1.15347
20	44	0.964284
20	57	0.993623
20	86	0.953403
20	99	0.982512
20	123	1.03282
20	170	0.963781
20	172	1.0108
20	173	1.03184
20	177	0.973054
20	178	0.988752
20	179	1.00341
21	20	0.950239
21	22	0.950083
21	78	1.01981
21	84	1.03009
21	86	0.951006
21	99	0.980115
21	126	0.991635
21	143	1.07424
21	149	1.04878
21	170	0.961383
21	172	1.06049
21	178	0.986355
21	179	1.00101
22	16	1.19568
22	21	0.950083
22	42	0.968291
22	59	0.990554
22	68	1.1016
22	86	0.953247
22	99	0.982356
22	126	0.923267
22	170	0.963624
22	171	0.992672
22	172	0.992124
22	178	0.988596
22	179	1.00325
23	7	1.23051
23	42	0.979367
23	105	0.943048
23	113	1.0672
23	121	0.973107
23	124	1.01627
23	134	0.983965
23	158	0.947956
23	168	0.974649
23	171	0.97354
23	174	0.953638
23	176	0.971132
23	180	0.980389
24	48	1.16594
24	81	0.864757
24	123	0.910341
24	146	1.10388
24	149	0.876599
24	158	1.08866
24	168	0.861253
24	171	1.11424
24	174	1.09434
24	175	0.828488
24	176	1.11184
24	177	0.85057
24	180	1.12109
25	85	0.974131
25	90	0.987205
25	102	0.980028
25	139	0.989602
25	141	0.948948
25	142	1.04814
25	147	0.968407
25	149	1.02086
25	172	1.03258
25	173	0.955973
25	174	1.0542
25	176	1.04598
25	179	0.995704
26	11	1.11225
26	43	1.09939
26	49	0.9821
26	116	1.11413
26	136	1.10973
26	147	1.1079
26	155	0.811848
26	159	1.12139
26	166	0.845118
26	167	0.861581
26	170	0.872196
26	178	0.832461
26	179	1.1352
27	59	1.03289
27	71	0.968483
27	78	1.06438
27	86	0.995579
27	99	1.02469
27	126	0.893616
27	137	0.958798
27	165	0.99659
27	170	1.00596
27	173	0.983517
27	178	1.03093
27	179	1.04558
28	70	1.00856
28	85	0.962806
28	97	1.00529
28	123	1.06554
28	124	0.989646
28	147	0.957082
28	154	0.93991
28	159	0.970568
28	162	1.04615
28	164	0.971402
28	169	1.06237
28	179	0.98438
28	180	1.03799
29	2	0.961528
29	17	0.961528
29	50	1.00297
29	87	0.995846
29	88	0.945846
29	132	1.0812
29	148	0.980399
29	164	0.964403
29	172	1.04316
29	174	1.06478
29	175	0.990225
29	177	0.977652
29	178	1.03768
30	41	1.04272
30	58	0.896494
30	70	1.02563
30	74	0.96741
30	117	0.962676
30	122	1.00199
30	139	0.995348
30	141	0.954695
30	154	0.956981
30	165	1.07813
30	166	1.05118
30	167	1.06764
30	179	1.00145
31	45	0.974175
31	72	1.04585
31	74	0.964556
31	100	0.986823
31	116	0.977526
31	122	0.999136
31	131	1.03151
31	154	0.954127
31	159	0.984786
31	166	1.03688
31	170	1.06396
31	172	1.02971
31	173	0.958866
32	70	1.00974
32	73	1.04592
32	134	1.04606
32	136	0.960088
32	160	0.966317
32	162	0.963103
32	167	1.05428
32	168	1.00359
32	172	0.970685
32	173	0.945829
32	174	1.05227
32	175	0.998406
32	177	0.985832
33	48	0.803257
33	58	1.01944
33	95	1.14099
33	106	0.787682
33	107	1.09678
33	121	0.839385
33	140	1.07919
33	153	1.11664
33	159	0.857839
33	160	1.12167
33	162	1.11846
33	165	0.892261
33	178	1.12626
34	87	0.977174
34	137	1.048
34	148	0.997433
34	154	1.0812
34	158	0.953743
34	161	0.974835
34	167	1.07531
34	169	0.972142
34	171	0.979327
34	174	0.959425
34	176	0.976919
34	177	1.01393
34	180	0.986176
35	19	0.915757
35	20	1.15347
35	38	1.03867
35	73	0.949441
35	112	0.906635
35	121	0.946016
35	132	0.924992
35	150	1.17083
35	160	1.12973
35	170	0.930863
35	171	0.946449
35	174	0.926548
35	177	1.1026
35	180	0.953298
36	12	0.963258
36	97	0.968345
36	116	0.926361
36	117	1.07499
36	126	1.08746
36	136	0.921961
36	139	0.941331
36	143	1.17007
36	154	0.902963
36	159	0.933622
36	164	0.934456
36	169	1.17518
36	173	0.907701
36	175	1.09649
37	83	0.962567
37	118	0.913845
37	121	1.10502
37	138	1.08391
37	150	0.914508
37	154	1.1533
37	157	0.952311
37	163	0.913561
37	165	0.914672
37	166	0.947363
37	167	0.930962
37	172	0.950209
37	173	1.14482
37	178	1.11829
38	35	1.03867
38	50	1.07424
38	52	1.0701
38	87	1.06711
38	88	1.01711
38	125	1.02535
38	143	0.909743
38	163	0.940343
38	164	1.03567
38	170	0.930242
38	172	0.895995
38	175	1.06149
38	177	1.04892
38	178	0.890508
39	47	0.880754
39	64	1.12253
39	96	0.897574
39	111	1.02724
39	136	0.990233
39	151	1.02796
39	161	1.04162
39	169	1.03892
39	171	1.04611
39	174	1.0262
39	175	0.889452
39	176	1.0437
39	179	0.908199
39	180	1.05296
40	113	0.969629
40	123	0.99709
40	138	0.975665
40	142	1.00534
40	144	1.00654
40	153	1.02281
40	156	0.999946
40	163	0.982507
40	164	0.995229
40	165	0.983618
40	167	0.999907
40	168	1.02107
40	173	1.03658
40	177	1.0343
40	179	0.974457
41	30	1.04272
41	81	0.972823
41	95	0.936341
41	131	0.998999
41	132	0.982754
41	142	1.01195
41	150	1.02687
41	153	1.00366
41	155	1.037
41	158	0.978627
41	164	1.01527
41	169	0.997026
41	171	1.00421
41	174	0.984309
41	176	1.0018
42	4	1.01335
42	22	0.968291
42	23	0.979367
42	57	1.00943
42	78	1.03802
42	86	0.969214
42	99	0.998323
42	101	1.08355
42	146	0.989958
42	166	0.982496
42	170	0.979591
42	171	0.975873
42	173	0.996369
42	178	1.00456
42	179	1.01922
43	26	1.09939
43	69	0.933382
43	77	0.935254
43	100	1.00659
43	112	1.07053
43	115	1.01392
43	122	1.0189
43	124	0.956523
43	136	0.992893
43	139	1.01226
43	141	0.97161
43	147	0.991068
43	154	0.973896
43	166	1.01756
43	172	1.01039
44	4	1.00919
44	20	0.964284
44	57	1.00527
44	59	1.00236
44	78	1.03385
44	99	0.99416
44	129	0.997595
44	143	1.0128
44	161	0.997888
44	164	0.978746
44	170	0.975428
44	172	0.999053
44	174	1.02067
44	178	1.0004
44	179	1.01506
45	31	0.974175
45	111	1.04212
45	116	1.00868
45	128	1.03078
45	139	1.02365
45	141	0.982999
45	147	1.00246
45	151	1.01224
45	154	0.985285
45	159	1.01594
45	164	1.01678
45	170	0.998405
45	172	0.964158
45	173	0.990024
45	178	0.958671
46	48	1.04842
46	55	1.05048
46	60	0.89735
46	93	0.883579
46	94	0.995657
46	98	1.09217
46	105	1.03113
46	107	0.949849
46	115	0.96576
46	116	1.1132
46	140	0.932259
46	145	1.00165
46	153	0.969704
46	160	0.974737
46	161	1.10214
46	179	0.993981
47	4	0.874841
47	39	0.880754
47	79	1.04301
47	111	1.04612
47	129	1.07817
47	150	1.05832
47	152	1.08784
47	158	0.956055
47	162	0.931792
47	163	1.05737
47	165	1.05848
47	167	1.07477
47	168	1.09593
47	169	0.948009
47	178	0.923659
47	179	0.888067
48	4	0.888477
48	8	0.924288
48	24	1.16594
48	33	0.803257
48	46	1.04842
48	138	1.06405
48	146	1.04743
48	151	1.03965
48	162	0.945428
48	171	1.0578
48	174	1.0379
48	175	0.882956
48	176	1.05539
48	177	0.905039
48	178	1.06718
48	180	1.06465
49	26	0.9821
49	74	1.11396
49	75	0.945978
49	84	1.11142
49	90	1.06028
49	105	1.00974
49	106	1.07136
49	115	0.944366
49	117	1.06049
49	130	0.948736
49	137	0.937156
49	145	0.980258
49	160	0.953343
49	162	0.950129
49	172	0.957711
49	179	0.972587
50	15	1.04929
50	29	1.00297
50	38	1.07424
50	87	1.09824
50	88	1.04824
50	112	0.963755
50	114	1.08756
50	143	0.917362
50	154	0.933136
50	160	0.892999
50	164	1.06679
50	166	0.910784
50	173	0.924658
50	175	1.09262
50	177	1.08004
50	179	0.862535
51	54	1.02986
51	95	0.991183
51	108	0.953894
51	127	1.12154
51	128	1.11784
51	149	0.965711
51	150	0.932846
51	152	0.962375
51	157	0.970649
51	159	1.05092
51	161	1.05006
51	163	0.931899
51	165	0.93301
51	167	0.9493
51	168	0.970458
51	173	1.07226
52	2	1.05977
52	15	1.04515
52	17	1.05977
52	38	1.0701
52	87	1.09409
52	88	1.04409
52	131	0.907763
52	132	0.944005
52	143	0.919716
52	155	0.879868
52	164	1.06265
52	166	0.913139
52	170	0.940216
52	172	0.905968
52	175	1.08847
52	177	1.0759
53	77	1.00297
53	78	1.02194
53	106	1.03637
53	108	0.947248
53	125	0.953478
53	131	1.10862
53	145	1.0471
53	149	0.959066
53	152	0.95573
53	155	1.08073
53	165	0.926364
53	166	0.959055
53	167	0.942654
53	168	0.963812
53	171	1.10738
53	175	0.989623
54	1	1.12068
54	51	1.02986
54	73	0.882115
54	127	0.937161
54	138	0.826972
54	142	1.07192
54	144	1.07312
54	149	1.0829
54	150	1.05003
54	157	1.08784
54	158	0.893753
54	164	0.846536
54	165	1.0502
54	167	1.06649
54	168	1.08765
54	170	0.90109
55	46	1.05048
55	62	0.996464
55	70	1.0545
55	90	1.02182
55	100	1.01854
55	102	1.01464
55	139	1.02422
55	143	0.958586
55	147	1.00302
55	154	0.985848
55	159	1.01651
55	161	0.943672
55	162	0.947484
55	172	0.944838
55	174	0.966457
55	177	1.03059
55	179	1.03032
56	113	0.986816
56	116	0.966588
56	133	0.980417
56	142	1.02253
56	143	1.01965
56	149	1.03351
56	152	1.03017
56	153	0.963973
56	161	0.955532
56	163	0.999694
56	165	1.0008
56	167	1.01709
56	168	1.03825
56	170	0.990945
56	173	0.977742
56	176	0.970104
56	177	1.05149
57	20	0.993623
57	42	1.00943
57	44	1.00527
57	59	1.0317
57	78	1.06319
57	86	0.99439
57	99	1.0235
57	104	0.933197
57	126	0.923842
57	149	0.980985
57	164	0.972392
57	170	1.00477
57	172	0.992699
57	173	1.01374
57	178	1.02974
57	179	1.04439
57	180	0.987177
58	30	0.896494
58	33	1.01944
58	70	0.973401
58	85	0.927648
58	112	1.2191
58	116	0.92815
58	122	0.94976
58	126	1.0901
58	136	0.923749
58	141	0.902465
58	144	1.13778
58	147	0.921924
58	154	0.904752
58	159	0.93541
58	164	0.936244
58	166	1.16613
58	176	1.17237
59	22	0.990554
59	27	1.03289
59	44	1.00236
59	57	1.0317
59	71	0.98796
59	78	1.06028
59	86	0.991477
59	99	1.02059
59	125	0.980808
59	126	0.913093
59	134	0.997355
59	138	0.942079
59	166	0.989121
59	170	1.00185
59	176	0.995356
59	178	1.02683
59	179	1.04148
60	8	0.965173
60	46	0.89735
60	93	0.847144
60	95	0.957622
60	103	1.22516
60	119	1.17815
60	121	1.12467
60	137	0.922115
60	139	1.08669
60	140	0.895825
60	145	0.965217
60	148	1.08067
60	153	0.93327
60	160	0.938303
60	162	0.935089
60	177	1.10569
60	178	0.942892
61	91	1.03052
61	121	1.00968
61	153	0.981963
61	154	0.96177
61	159	0.992429
61	161	1.02727
61	162	0.983783
61	163	0.954717
61	165	0.955827
61	167	0.972117
61	168	0.993275
61	169	1.0473
61	171	1.02899
61	172	0.991364
61	176	1.04184
61	177	1.00651
61	179	1.00624
61	180	1.02292
62	55	0.996464
62	65	1.04711
62	69	1.13224
62	71	1.0553
62	78	0.964407
62	120	0.986419
62	124	1.01351
62	131	0.965561
62	151	0.952629
62	155	1.00356
62	157	1.0326
62	168	1.02223
62	169	0.963587
62	171	0.970772
62	174	0.950871
62	175	0.989469
62	176	0.968365
62	180	0.977621
63	79	0.949298
63	83	1.01266
63	103	1.09043
63	108	0.985654
63	116	1.01859
63	127	1.07901
63	129	0.984462
63	149	0.997471
63	150	0.964606
63	152	0.994135
63	160	0.998081
63	163	0.963659
63	165	0.96477
63	167	0.98106
63	168	1.00222
63	169	1.02756
63	176	1.0221
63	179	0.967617
64	7	1.10176
64	39	1.12253
64	75	0.89761
64	114	0.795754
64	115	0.876494
64	119	0.907673
64	121	1.08209
64	127	1.04991
64	148	1.10063
64	153	0.880233
64	158	1.05694
64	159	0.872653
64	160	0.862343
64	161	1.07803
64	169	1.07534
64	171	1.08252
64	174	1.06262
64	180	1.08937
65	13	1.09018
65	62	1.04711
65	106	1.12493
65	123	0.898539
65	134	1.09286
65	136	0.917468
65	138	1.08869
65	157	0.859816
65	158	1.05686
65	163	0.920861
65	168	0.849451
65	169	1.07525
65	171	1.08244
65	174	1.06254
65	175	0.816686
65	176	1.08003
65	177	0.838769
65	180	1.08929
66	70	0.976787
66	79	0.953948
66	111	0.957059
66	129	0.989112
66	142	0.991142
66	150	0.969257
66	157	1.00706
66	163	0.96831
66	164	1.00635
66	165	0.96942
66	166	1.00211
66	167	0.98571
66	168	1.00687
66	169	1.04552
66	170	1.06091
66	173	1.0477
66	174	1.04828
66	180	1.02114
67	103	1.02659
67	106	0.874402
67	107	1.02363
67	110	1.06167
67	112	1.0039
67	135	1.03926
67	137	1.03233
67	140	1.00604
67	144	0.923685
67	153	1.04348
67	160	1.04851
67	162	1.0453
67	163	0.989212
67	164	0.924557
67	169	0.963727
67	170	1.02813
67	171	0.945412
67	176	0.95827
67	179	1.06776
68	3	1.03613
68	5	0.975253
68	22	1.1016
68	95	1.04711
68	98	0.961849
68	105	1.04848
68	122	0.971877
68	140	1.15291
68	141	0.924583
68	153	1.11442
68	154	0.926869
68	159	0.957527
68	160	1.09653
68	167	0.937215
68	168	0.958373
68	169	0.940114
68	171	0.947299
68	176	0.944891
68	180	0.954148
69	12	0.985019
69	14	0.970538
69	43	0.933382
69	62	1.13224
69	85	0.947621
69	94	0.972958
69	100	0.95742
69	116	0.948122
69	122	0.969732
69	136	0.943722
69	141	0.922438
69	147	0.941896
69	151	1.12869
69	154	0.924724
69	156	1.06502
69	158	1.10752
69	159	0.955382
69	163	1.12496
69	180	1.07509
70	28	1.00856
70	30	1.02563
70	32	1.00974
70	55	1.0545
70	58	0.973401
70	66	0.976787
70	74	1.04432
70	90	1.06986
70	102	1.06268
70	125	0.946654
70	126	0.878939
70	128	1.01442
70	136	1.05288
70	152	0.942969
70	154	1.03389
70	159	1.06455
70	166	0.954966
70	172	0.947796
70	178	0.942309
71	27	0.968483
71	59	0.98796
71	62	1.0553
71	110	1.01185
71	135	0.989443
71	137	0.982511
71	141	1.05316
71	145	1.02561
71	153	0.993666
71	157	0.986982
71	160	0.998699
71	162	0.995485
71	164	0.983371
71	166	1.00022
71	172	1.00307
71	173	0.978211
71	177	0.965935
71	178	1.00329
71	179	1.01794
71	180	0.998156
72	31	1.04585
72	106	1.0439
72	114	0.936605
72	128	0.971485
72	133	0.981654
72	137	1.01013
72	142	1.02937
72	155	1.0342
72	156	1.0093
72	158	0.975828
72	159	1.0135
72	162	1.01645
72	166	1.00773
72	168	0.986747
72	171	1.00141
72	173	0.98572
72	174	0.98151
72	175	0.953983
72	176	0.999004
72	180	1.00826
73	32	1.04592
73	35	0.949441
73	54	0.882115
73	115	1.01648
73	118	1.06652
73	120	1.02474
73	121	1.00866
73	131	1.00388
73	132	0.987632
73	148	1.0272
73	151	0.990946
73	156	1.01698
73	158	0.983506
73	160	1.00233
73	163	1.05729
73	169	1.0019
73	174	0.989188
73	175	0.953115
73	179	0.971862
73	180	1.01594
74	14	1.02148
74	30	0.96741
74	31	0.964556
74	49	1.11396
74	70	1.04432
74	102	1.00446
74	103	1.05154
74	122	1.02068
74	136	0.994665
74	141	0.973381
74	143	0.98356
74	146	0.984446
74	147	0.99284
74	154	0.975667
74	155	0.943712
74	170	1.00406
74	177	1.02041
74	178	0.964326
74	179	1.02014
74	180	0.96429
75	49	0.945978
75	64	0.89761
75	95	1.02764
75	99	1.00609
75	105	1.06472
75	115	0.999347
75	120	0.984625
75	135	0.999069
75	137	0.992137
75	140	0.965847
75	143	0.995998
75	146	1.03695
75	153	1.00329
75	162	1.00511
75	163	1.06667
75	164	1.00201
75	170	0.987942
75	171	1.02287
75	177	0.984578
75	178	1.01291
76	104	1.01983
76	111	0.965292
76	132	1.02959
76	133	1.01527
76	134	1.00696
76	144	1.00058
76	146	1.00619
76	149	1.01035
76	150	0.977489
76	152	1.00702
76	153	0.99883
76	156	0.975965
76	157	1.01529
76	163	0.976542
76	164	0.971247
76	165	0.977653
76	167	0.993942
76	168	1.0151
76	175	1.04091
76	176	1.00496
77	5	1.08428
77	19	0.988132
77	43	0.935254
77	53	1.00297
77	96	1.09508
77	118	1.02913
77	123	1.04343
77	129	1.04965
77	135	0.912505
77	146	0.937171
77	150	1.02979
77	151	0.970621
77	163	1.02885
77	165	1.02996
77	167	1.04625
77	168	1.0674
77	169	0.941401
77	171	0.923086
77	175	1.09321
77	178	0.917051
77	179	0.881459
78	21	1.01981
78	27	1.06438
78	42	1.03802
78	44	1.03385
78	53	1.02194
78	57	1.06319
78	59	1.06028
78	62	0.964407
78	86	1.02297
78	99	1.05208
78	114	1.08076
78	126	0.843924
78	128	0.979401
78	166	0.919951
78	170	1.03335
78	172	0.912781
78	173	0.933824
78	176	0.926186
78	178	1.05832
78	179	1.07298
78	180	0.907258
79	47	1.04301
79	63	0.949298
79	66	0.953948
79	80	0.968272
79	109	1.06972
79	123	0.951352
79	131	1.05022
79	141	1.09791
79	144	0.960803
79	149	0.970581
79	152	0.967245
79	157	0.975518
79	163	0.936769
79	164	1.02812
79	167	0.954169
79	168	0.975327
79	170	1.08268
79	172	0.973417
79	173	1.06947
79	177	0.988564
79	178	1.04294
80	6	0.903072
80	79	0.968272
80	93	1.10594
80	103	1.00422
80	105	0.858849
80	121	1.05959
80	131	1.05481
80	139	0.860774
80	141	0.966995
80	142	0.933077
80	146	1.04966
80	151	1.04188
80	158	1.03444
80	166	1.06634
80	167	0.941144
80	169	1.05284
80	171	1.06002
80	172	1.06919
80	174	1.04012
80	175	0.857685
80	180	1.06687
81	3	1.03053
81	24	0.864757
81	41	0.972823
81	82	1.09978
81	93	0.932316
81	102	0.95566
81	115	1.0145
81	127	1.04443
81	135	1.01422
81	137	1.00729
81	160	1.02347
81	161	0.972946
81	162	1.02026
81	164	0.953805
81	166	1.025
81	170	1.00309
81	171	0.97466
81	173	1.00299
81	175	1.05556
81	178	1.02806
81	179	1.04272
81	180	0.96859
82	81	1.09978
82	83	1.08478
82	109	0.932461
82	117	0.979779
82	129	1.12188
82	131	0.939476
82	133	0.92493
82	134	0.955113
82	137	1.11966
82	145	1.0636
82	146	0.934325
82	151	0.926545
82	155	0.977472
82	165	1.15745
82	169	0.937503
82	170	0.929101
82	171	0.944688
82	174	0.924786
82	175	1.06351
82	176	0.94228
82	179	1.08226
82	180	0.951537
83	37	0.962567
83	63	1.01266
83	82	1.08478
83	88	0.953733
83	89	1.05142
83	109	0.980403
83	119	1.00005
83	129	1.02094
83	131	0.960905
83	144	1.02417
83	150	1.00108
83	152	1.03061
83	156	0.943521
83	157	1.03889
83	163	1.00014
83	165	1.00125
83	167	1.01754
83	168	1.03869
83	170	0.993358
83	171	0.959658
83	173	0.980154
83	180	0.953588
84	21	1.03009
84	49	1.11142
84	97	0.911723
84	102	0.948815
84	106	1.05276
84	122	0.956262
84	123	0.989295
84	131	1.00506
84	138	1.01653
84	148	1.02838
84	151	0.992132
84	155	1.04306
84	156	1.01816
84	161	1.00578
84	163	1.01162
84	169	1.00309
84	174	0.990374
84	175	0.907442
84	176	1.00787
84	178	1.01966
84	179	0.926189
84	180	1.01712
85	3	0.966294
85	7	0.895004
85	25	0.974131
85	28	0.962806
85	58	0.927648
85	69	0.947621
85	102	1.01693
85	114	0.960109
85	115	1.04085
85	116	1.01153
85	121	1.01855
85	133	1.06103
85	136	1.00713
85	139	1.0265
85	141	0.985849
85	147	1.00531
85	154	0.988135
85	159	1.01879
85	166	1.04448
85	176	1.05072
85	178	1.03183
85	179	1.03261
85	180	1.03179
86	16	1.20581
86	20	0.953403
86	21	0.951006
86	22	0.953247
86	27	0.995579
86	42	0.969214
86	57	0.99439
86	59	0.991477
86	78	1.02297
86	99	0.983279
86	114	1.01196
86	117	1.01523
86	148	0.939487
86	152	0.997424
86	165	1.03637
86	166	1.00942
86	170	0.964547
86	171	1.0028
86	172	1.00225
86	176	1.01566
86	178	0.989519
86	179	1.00417
86	180	0.996728
87	2	1.05679
87	15	1.04216
87	17	1.05679
87	29	0.995846
87	34	0.977174
87	38	1.06711
87	50	1.09824
87	52	1.09409
87	88	1.04111
87	99	0.906939
87	114	1.08043
87	124	0.869306
87	125	1.04934
87	135	0.913136
87	158	0.950079
87	164	1.05967
87	166	0.930339
87	172	0.923169
87	175	1.08549
87	176	0.936574
87	177	1.07292
87	178	0.917682
87	179	0.88209
88	2	1.00679
88	8	0.973797
88	15	0.992164
88	17	1.00679
88	29	0.945846
88	38	1.01711
88	50	1.04824
88	52	1.04409
88	83	0.953733
88	87	1.04111
88	105	0.933629
88	112	1.05243
88	114	1.03043
88	125	0.999345
88	145	0.932561
88	147	0.991485
88	164	1.00967
88	166	0.999462
88	173	1.01333
88	175	1.03549
88	177	1.02292
88	179	0.951212
89	83	1.05142
89	94	0.86302
89	104	1.0457
89	114	1.06172
89	118	1.0027
89	119	1.00232
89	122	0.959667
89	130	0.992276
89	131	0.972467
89	140	1.01643
89	142	1.02524
89	145	0.910942
89	150	1.00336
89	152	1.03289
89	157	1.04116
89	162	0.973319
89	163	1.00241
89	165	1.00352
89	167	1.01981
89	168	1.04097
89	175	1.06678
89	176	0.984078
89	178	0.965186
89	180	0.96515
90	11	1.02273
90	25	0.987205
90	49	1.06028
90	55	1.02182
90	70	1.06986
90	93	1.10455
90	97	1.06659
90	102	1.03
90	112	0.976266
90	132	0.954162
90	134	0.93153
90	136	1.02021
90	139	1.03958
90	141	0.998923
90	144	0.894946
90	147	1.01838
90	154	1.00121
90	159	1.03187
90	166	0.923296
90	172	0.916125
90	174	0.937744
90	177	1.04595
90	178	0.910639
90	179	1.04568
91	61	1.03052
91	102	0.981301
91	104	0.940251
91	120	1.01469
91	126	1.04489
91	128	0.969115
91	131	0.99383
91	134	1.00947
91	135	0.989722
91	141	1.04924
91	144	0.978575
91	146	0.988678
91	147	0.998948
91	154	1.02928
91	155	1.03183
91	156	1.00693
91	158	0.973458
91	161	0.99455
91	165	1.03387
91	169	0.991857
91	171	0.999042
91	174	0.97914
91	176	0.996634
91	177	0.96201
91	180	1.00589
92	5	1.03308
92	6	0.976824
92	19	1.05686
92	96	1.04388
92	109	1.01255
92	113	0.964766
92	119	0.977556
92	129	0.998447
92	142	1.00048
92	144	1.00168
92	149	1.01146
92	150	0.978592
92	151	1.03935
92	152	1.00812
92	156	0.975673
92	160	0.980648
92	163	0.977645
92	164	0.970955
92	165	0.978755
92	167	0.995045
92	168	1.0162
92	170	1.02551
92	172	1.01429
92	178	0.985776
92	180	0.98574
93	4	1.13179
93	46	0.883579
93	60	0.847144
93	80	1.10594
93	81	0.932316
93	90	1.10455
93	105	0.980928
93	107	0.899644
93	110	0.937687
93	117	1.10476
93	126	0.965584
93	130	0.919925
93	135	0.915276
93	137	0.908345
93	139	1.12936
93	140	0.882054
93	153	0.919499
93	154	1.21562
93	158	1.213
93	160	0.924532
93	162	0.921318
93	163	1.23044
93	164	1.16579
93	170	0.904149
93	172	0.9289
93	178	0.929121
94	18	1.14594
94	46	0.995657
94	69	0.972958
94	89	0.86302
94	103	0.99165
94	108	0.90842
94	109	1.03523
94	118	0.943596
94	133	1.0277
94	138	1.05371
94	140	0.935777
94	147	0.889211
94	149	0.878302
94	151	1.02931
94	155	1.08024
94	156	1.05535
94	158	1.02187
94	163	0.934365
94	164	1.05852
94	165	0.924134
94	169	1.04027
94	171	1.04746
94	173	1.03177
94	174	1.02756
94	176	1.04505
94	180	1.05431
95	3	1.04207
95	33	1.14099
95	41	0.936341
95	51	0.991183
95	60	0.957622
95	68	1.04711
95	75	1.02764
95	98	0.926487
95	110	1.04816
95	113	1.00312
95	117	0.856295
95	121	0.918871
95	130	1.0304
95	132	0.975667
95	137	1.01882
95	145	1.06192
95	153	1.02998
95	160	1.03501
95	162	1.0318
95	164	0.917323
95	170	1.01463
95	175	1.0671
95	177	0.899887
95	178	1.0396
95	179	1.05425
95	180	0.932108
96	39	0.897574
96	77	1.09508
96	92	1.04388
96	113	1.00449
96	119	1.01728
96	121	0.927206
96	123	1.03195
96	127	1.01628
96	129	1.03817
96	131	0.94776
96	134	0.961371
96	149	1.05118
96	150	1.01831
96	152	1.04784
96	155	0.919865
96	157	1.05612
96	161	0.9448
96	162	0.948612
96	163	1.01737
96	165	1.01848
96	167	1.03477
96	168	1.05593
96	174	0.967584
96	177	1.06916
96	178	0.940479
96	180	0.940443
97	13	0.941205
97	28	1.00529
97	36	0.968345
97	84	0.911723
97	90	1.06659
97	100	1.06332
97	102	1.05941
97	116	1.05402
97	136	1.04962
97	139	1.06899
97	141	1.02833
97	143	0.955872
97	147	1.04779
97	150	0.972614
97	151	0.990208
97	153	0.949399
97	158	0.969034
97	159	1.06128
97	161	0.940958
97	171	0.942672
97	173	1.03536
97	175	0.882298
97	176	0.95553
97	177	1.07536
97	178	0.936637
97	179	1.07509
98	2	0.941492
98	15	0.944101
98	46	1.09217
98	68	0.961849
98	95	0.926487
98	116	1.02362
98	121	1.02022
98	130	1.00813
98	135	0.976493
98	137	0.98285
98	138	1.0269
98	140	1.03229
98	145	0.926795
98	154	1.00022
98	158	0.995065
98	159	1.03088
98	160	0.975911
98	162	0.989172
98	163	0.993165
98	165	0.994275
98	167	1.01056
98	168	1.03172
98	169	1.01346
98	171	1.02065
98	173	1.00496
98	177	1.04496
98	180	1.0275
99	4	1.02742
99	19	1.04703
99	20	0.982512
99	21	0.980115
99	22	0.982356
99	27	1.02469
99	42	0.998323
99	44	0.99416
99	57	1.0235
99	59	1.02059
99	75	1.00609
99	78	1.05208
99	86	0.983279
99	87	0.906939
99	114	1.04107
99	117	1.04433
99	126	0.912582
99	128	1.04806
99	138	0.941568
99	143	0.995187
99	166	0.98861
99	170	0.993656
99	171	0.981987
99	172	0.981439
99	173	1.00248
99	178	1.01863
99	179	1.03328
100	7	0.904803
100	12	1.05823
100	31	0.986823
100	43	1.00659
100	55	1.01854
100	69	0.95742
100	97	1.06332
100	110	0.921004
100	112	1.02963
100	122	1.04294
100	127	1.03981
100	139	1.0363
100	141	0.995648
100	142	0.985057
100	147	1.01511
100	151	1.01757
100	154	0.997934
100	159	1.02859
100	161	0.968325
100	166	0.976661
100	169	0.988354
100	170	1.00374
100	172	0.969491
100	173	1.00267
100	175	0.909665
100	177	1.04268
100	179	1.0424
101	9	1.00348
101	14	1.03871
101	42	1.08355
101	108	1.1243
101	114	1.02869
101	127	0.921745
101	128	0.924429
101	137	1.10222
101	140	1.15166
101	145	1.04616
101	146	0.943993
101	148	0.972462
101	155	0.987141
101	156	0.962244
101	157	1.0892
101	158	0.928773
101	164	0.965419
101	168	1.07883
101	169	0.947171
101	170	0.938769
101	171	0.954356
101	173	0.938664
101	174	0.934454
101	175	1.04607
101	176	0.951948
101	178	0.963741
101	180	0.961205
102	18	0.908394
102	25	0.980028
102	55	1.01464
102	70	1.06268
102	74	1.00446
102	81	0.95566
102	84	0.948815
102	85	1.01693
102	90	1.03
102	91	0.981301
102	97	1.05941
102	103	1.06095
102	116	1.01743
102	119	1.01393
102	131	0.981011
102	136	1.01303
102	147	1.0112
102	154	0.994032
102	159	1.02469
102	164	1.02552
102	167	1.00285
102	173	0.99877
102	175	0.91939
102	176	0.992622
102	177	1.03877
102	178	0.97373
102	180	0.973694
103	60	1.22516
103	63	1.09043
103	67	1.02659
103	74	1.05154
103	80	1.00422
103	94	0.99165
103	102	1.06095
103	104	1.0199
103	109	0.938063
103	118	1.13298
103	127	0.917679
103	137	1.07572
103	138	0.956546
103	144	1.05822
103	151	0.932147
103	155	0.983075
103	156	0.958178
103	158	0.924707
103	161	0.945799
103	168	1.05234
103	169	0.943105
103	171	0.95029
103	172	0.959454
103	174	0.930389
103	176	0.947883
103	178	0.959675
103	180	0.957139
104	1	1.19201
104	57	0.933197
104	76	1.01983
104	89	1.0457
104	91	0.940251
104	103	1.0199
104	107	0.955315
104	108	1.01641
104	109	0.959459
104	112	0.982087
104	113	0.981539
104	118	0.994701
104	119	0.994329
104	144	1.01845
104	150	0.995364
104	151	0.98625
104	152	1.02489
104	157	1.03317
104	163	0.994418
104	165	0.995528
104	167	1.01182
104	168	1.03298
104	169	0.957029
104	170	0.972414
104	173	0.95921
104	175	1.05879
104	180	0.932644
105	1	0.942075
105	3	1.07914
105	10	1.07848
105	23	0.943048
105	46	1.03113
105	49	1.00974
105	68	1.04848
105	75	1.06472
105	80	0.858849
105	88	0.933629
105	93	0.980928
105	110	1.08524
105	117	0.857672
105	118	0.992586
105	130	1.06748
105	135	1.06283
105	140	1.02961
105	146	0.95364
105	152	0.93418
105	153	1.06705
105	155	0.912907
105	157	0.92231
105	159	0.938702
105	160	1.07209
105	166	1.07361
105	170	1.0517
105	175	1.10418
105	177	0.901263
106	33	0.787682
106	49	1.07136
106	53	1.03637
106	65	1.12493
106	67	0.874402
106	72	1.0439
106	84	1.05276
106	118	0.980786
106	122	0.916201
106	129	0.925748
106	132	1.02713
106	138	1.05484
106	140	0.972968
106	146	1.03822
106	155	1.08137
106	156	1.05647
106	158	1.023
106	161	1.04409
106	167	0.95084
106	168	0.900146
106	169	1.0414
106	170	1.033
106	171	1.04859
106	174	1.02868
106	176	1.04618
106	177	0.889463
106	179	0.886128
106	180	1.05543
107	33	1.09678
107	46	0.949849
107	67	1.02363
107	93	0.899644
107	104	0.955315
107	110	1.00396
107	113	1.08031
107	115	0.981825
107	117	0.933482
107	128	1.08144
107	130	0.986195
107	137	0.974615
107	140	0.948324
107	141	1.0643
107	145	1.01772
107	146	1.02945
107	153	0.985769
107	155	0.988717
107	160	0.990802
107	161	1.01365
107	162	0.987588
107	166	0.992324
107	170	0.970419
107	171	1.01537
107	172	0.99517
107	174	1.03644
107	178	0.995391
107	180	1.00929
108	51	0.953894
108	53	0.947248
108	63	0.985654
108	94	0.90842
108	101	1.1243
108	104	1.01641
108	112	0.960795
108	118	0.973409
108	123	0.987708
108	128	1.08269
108	131	1.01787
108	138	0.976201
108	142	0.995957
108	144	0.997159
108	149	1.00694
108	152	1.0036
108	154	1.04559
108	157	1.01187
108	158	1.04298
108	161	1.01491
108	163	0.973125
108	165	0.974236
108	167	0.990526
108	168	1.01168
108	172	1.00977
108	178	1.01059
108	179	0.974993
108	180	1.01055
109	13	1.23263
109	79	1.06972
109	82	0.932461
109	83	0.980403
109	92	1.01255
109	94	1.03523
109	103	0.938063
109	104	0.959459
109	114	0.941757
109	117	1.02896
109	128	0.963944
109	132	0.972414
109	133	0.974114
109	147	1.01816
109	148	1.01198
109	150	1.04945
109	151	0.975728
109	156	1.00176
109	161	0.98938
109	166	1.00019
109	168	0.9919
109	169	0.986686
109	171	0.993871
109	172	1.00303
109	175	0.959135
109	176	0.991463
109	179	0.977882
109	180	1.00072
110	6	1.04564
110	19	1.01478
110	67	1.06167
110	71	1.01185
110	93	0.937687
110	95	1.04816
110	100	0.921004
110	105	1.08524
110	107	1.00396
110	115	1.01987
110	118	1.00276
110	125	1.02479
110	133	0.972901
110	135	1.01959
110	136	0.990137
110	137	1.01266
110	140	0.986367
110	145	1.05576
110	153	1.02381
110	157	0.932485
110	158	0.976091
110	160	1.02885
110	162	1.02563
110	164	0.928874
110	165	0.983299
110	169	0.968045
110	170	1.00846
110	171	0.949729
110	176	0.962587
111	39	1.02724
111	45	1.04212
111	47	1.04612
111	66	0.957059
111	76	0.965292
111	113	0.927002
111	118	0.940164
111	123	0.954463
111	125	0.968104
111	129	0.960682
111	138	1.03576
111	144	0.963914
111	145	1.0159
111	147	1.07483
111	148	1.01287
111	149	0.973692
111	152	0.970356
111	155	1.04953
111	157	0.978629
111	161	1.07447
111	163	0.93988
111	165	0.940991
111	166	0.973682
111	167	0.95728
111	168	0.978439
111	169	1.0945
111	170	1.10988
111	175	1.00425
111	178	1.07015
112	2	1.01278
112	35	0.906635
112	43	1.07053
112	50	0.963755
112	58	1.2191
112	67	1.0039
112	88	1.05243
112	90	0.976266
112	100	1.02963
112	104	0.982087
112	108	0.960795
112	116	1.0677
112	122	1.0468
112	131	0.961072
112	136	1.09877
112	138	0.97254
112	153	0.966047
112	157	0.97755
112	159	1.05751
112	160	0.97108
112	161	0.961793
112	162	0.967866
112	165	0.939911
112	166	0.972602
112	167	0.956201
112	168	0.977359
112	169	0.959099
112	179	0.990324
112	180	0.973133
113	9	1.01441
113	23	1.0672
113	40	0.969629
113	56	0.986816
113	92	0.964766
113	95	1.00312
113	96	1.00449
113	104	0.981539
113	107	1.08031
113	111	0.927002
113	123	0.952835
113	129	0.959055
113	138	1.02329
113	142	0.961084
113	144	0.962286
113	149	0.972065
113	152	0.968728
113	155	1.03706
113	157	0.977002
113	160	1.05254
113	163	0.938252
113	165	0.939363
113	167	0.955653
113	168	0.976811
113	170	1.09741
113	171	1.06371
113	173	1.0842
113	174	1.08478
113	175	1.00262
114	50	1.08756
114	64	0.795754
114	72	0.936605
114	78	1.08076
114	85	0.960109
114	86	1.01196
114	87	1.08043
114	88	1.03043
114	89	1.06172
114	99	1.04107
114	101	1.02869
114	109	0.941757
114	134	0.93587
114	151	0.968549
114	160	0.90985
114	164	1.04899
114	165	1.01155
114	167	1.02784
114	168	1.049
114	169	0.939328
114	170	1.02234
114	174	0.942084
114	175	1.07481
114	176	0.933871
114	177	1.06224
114	178	1.04731
114	179	1.06197
114	180	0.914942
115	43	1.01392
115	46	0.96576
115	49	0.944366
115	64	0.876494
115	73	1.01648
115	75	0.999347
115	81	1.0145
115	85	1.04085
115	107	0.981825
115	110	1.01987
115	130	1.00211
115	134	1.01661
115	135	0.997457
115	137	0.990525
115	143	0.994386
115	144	0.980026
115	145	1.03363
115	152	0.996379
115	153	1.00168
115	158	1.02812
115	160	1.00671
115	162	1.0035
115	164	0.980898
115	165	1.03532
115	166	1.00823
115	172	1.01108
115	173	0.986225
115	174	1.02282
115	175	1.0388
115	180	0.995683
116	7	0.895506
116	14	1.03445
116	26	1.11413
116	31	0.977526
116	36	0.926361
116	45	1.00868
116	46	1.1132
116	56	0.966588
116	58	0.92815
116	63	1.01859
116	69	0.948122
116	85	1.01153
116	97	1.05402
116	98	1.02362
116	102	1.01743
116	112	1.0677
116	117	0.926224
116	126	0.938702
116	139	1.027
116	141	0.98635
116	143	1.02131
116	147	1.00581
116	148	0.944796
116	154	0.988636
116	159	1.01929
116	166	1.01473
116	170	1.04181
116	172	1.00756
116	175	0.947733
116	177	1.03338
117	4	1.05937
117	8	0.89784
117	30	0.962676
117	36	1.07499
117	49	1.06049
117	82	0.979779
117	86	1.01523
117	93	1.10476
117	95	0.856295
117	99	1.04433
117	105	0.857672
117	107	0.933482
117	109	1.02896
117	116	0.926224
117	118	1.01399
117	130	0.937937
117	149	1.04752
117	153	0.923609
117	154	0.945856
117	159	0.916029
117	161	1.0367
117	163	1.01371
117	165	1.01482
117	167	1.03111
117	168	1.05226
117	169	1.034
117	170	1.0256
117	176	1.03878
117	178	1.05057
117	179	1.06523
117	180	1.04804
118	37	0.913845
118	73	1.06652
118	77	1.02913
118	89	1.0027
118	94	0.943596
118	103	1.13298
118	104	0.994701
118	105	0.992586
118	106	0.980786
118	108	0.973409
118	110	1.00276
118	111	0.940164
118	117	1.01399
118	119	0.951326
118	124	0.997386
118	126	1.02475
118	142	0.974246
118	150	0.952362
118	156	1.03566
118	157	0.990164
118	158	1.07816
118	161	1.05008
118	162	1.05389
118	163	0.951415
118	165	0.952525
118	166	0.985216
118	167	0.968815
118	168	0.989973
118	172	0.988062
118	173	1.07229
118	177	1.00321
119	60	1.17815
119	64	0.907673
119	83	1.00005
119	89	1.00232
119	92	0.977556
119	96	1.01728
119	102	1.01393
119	104	0.994329
119	118	0.951326
119	125	0.979266
119	129	0.971844
119	132	1.07042
119	136	1.07334
119	142	0.973873
119	144	0.975076
119	149	0.984854
119	150	0.951989
119	152	0.981518
119	155	1.00628
119	156	1.01679
119	157	0.989791
119	163	0.951042
119	164	1.01208
119	165	0.952152
119	167	0.968442
119	168	0.9896
119	169	1.05125
119	171	1.03293
119	172	0.98769
119	173	1.05343
119	179	0.991305
120	18	1.2159
120	62	0.986419
120	73	1.02474
120	75	0.984625
120	91	1.01469
120	125	0.958831
120	127	0.989133
120	132	1.00029
120	133	1.00199
120	136	1.00093
120	138	1.028
120	142	0.975539
120	146	1.01138
120	147	0.959167
120	151	1.0036
120	153	0.967248
120	154	0.989495
120	158	0.996161
120	159	0.959668
120	161	1.01725
120	162	0.962619
120	165	0.99409
120	166	1.02806
120	169	1.01456
120	170	1.00616
120	171	1.02174
120	173	1.00605
120	174	1.00184
120	175	0.900147
120	176	1.01934
120	177	0.922229
120	180	1.02859
121	17	0.932825
121	23	0.973107
121	33	0.839385
121	35	0.946016
121	37	1.10502
121	60	1.12467
121	61	1.00968
121	64	1.08209
121	73	1.00866
121	80	1.05959
121	85	1.01855
121	95	0.918871
121	96	0.927206
121	98	1.02022
121	124	1.0484
121	132	0.984208
121	133	0.985908
121	141	1.02839
121	146	0.995302
121	148	1.02377
121	154	1.00843
121	155	1.03845
121	156	1.01355
121	163	1.02326
121	169	0.99848
121	171	1.00567
121	174	0.985763
121	175	0.919084
121	176	1.00326
121	177	0.941166
121	178	1.01505
121	180	1.01251
122	7	0.917116
122	11	1.03177
122	30	1.00199
122	31	0.999136
122	43	1.0189
122	58	0.94976
122	68	0.971877
122	69	0.969732
122	74	1.02068
122	84	0.956262
122	89	0.959667
122	100	1.04294
122	106	0.916201
122	112	1.0468
122	129	0.985205
122	135	0.976631
122	136	1.02924
122	139	1.04861
122	141	1.00796
122	147	1.02742
122	154	1.01025
122	156	0.971074
122	159	1.0409
122	164	1.04174
122	166	0.993833
122	167	1.0103
122	170	1.02091
122	173	1.01498
122	174	1.00828
122	177	1.05499
122	178	0.981176
122	180	0.981141
123	20	1.03282
123	24	0.910341
123	28	1.06554
123	40	0.99709
123	65	0.898539
123	77	1.04343
123	79	0.951352
123	84	0.989295
123	96	1.03195
123	108	0.987708
123	111	0.954463
123	113	0.952835
123	128	1.08632
123	129	0.986516
123	142	0.988545
123	144	0.989748
123	149	0.999526
123	150	0.966661
123	151	1.06778
123	152	0.996189
123	156	1.00411
123	157	1.00446
123	163	0.965714
123	165	0.966824
123	166	0.999515
123	167	0.983114
123	168	1.00427
123	170	1.05394
123	173	1.04074
123	175	1.03008
123	176	1.0331
123	178	1.01421
123	180	1.01417
124	10	0.902532
124	19	1.01814
124	23	1.01627
124	28	0.989646
124	43	0.956523
124	62	1.01351
124	87	0.869306
124	118	0.997386
124	121	1.0484
124	125	0.942665
124	131	1.04362
124	133	1.02907
124	134	1.05926
124	137	0.940131
124	138	1.05509
124	140	0.989567
124	143	1.0413
124	148	1.06694
124	149	0.932092
124	151	1.03069
124	152	0.93898
124	153	0.951082
124	156	1.05672
124	160	0.933192
124	161	1.04434
124	162	0.946453
124	166	1.05515
124	169	1.04165
124	171	1.04883
124	174	1.02893
124	176	1.04642
124	179	0.902728
124	180	1.05568
125	38	1.02535
125	53	0.953478
125	59	0.980808
125	70	0.946654
125	87	1.04934
125	88	0.999345
125	110	1.02479
125	111	0.968104
125	119	0.979266
125	120	0.958831
125	124	0.942665
125	130	1.00703
125	132	1.03456
125	138	0.956656
125	143	0.999308
125	145	1.03855
125	146	1.01116
125	148	0.933763
125	152	1.00983
125	154	1.02605
125	156	0.980938
125	157	1.0181
125	158	1.02344
125	160	1.01163
125	162	1.00842
125	164	1.0179
125	167	0.996755
125	168	1.01791
125	171	0.997075
125	174	1.01815
125	175	1.04372
125	177	1.03115
126	8	1.08361
126	12	0.902331
126	21	0.991635
126	22	0.923267
126	27	0.893616
126	36	1.08746
126	57	0.923842
126	58	1.0901
126	59	0.913093
126	70	0.878939
126	78	0.843924
126	91	1.04489
126	93	0.965584
126	99	0.912582
126	116	0.938702
126	118	1.02475
126	135	1.04749
126	136	0.969767
126	137	1.04056
126	146	1.04158
126	150	1.02541
126	152	1.05494
126	156	1.05983
126	157	1.06321
126	159	0.928507
126	160	1.05674
126	161	1.04746
126	162	1.05353
126	163	1.02446
126	165	1.02557
126	174	1.03204
126	176	1.04954
126	180	1.0588
127	51	1.12154
127	54	0.937161
127	63	1.07901
127	64	1.04991
127	81	1.04443
127	96	1.01628
127	100	1.03981
127	101	0.921745
127	103	0.917679
127	120	0.989133
127	132	0.95203
127	133	0.95373
127	134	0.983913
127	139	1.01125
127	146	0.963124
127	148	0.991593
127	151	0.955344
127	152	1.06316
127	155	1.00627
127	156	0.981375
127	157	1.05129
127	161	0.968996
127	162	1.07063
127	166	0.979805
127	167	1.09162
127	168	1.04093
127	169	0.966302
127	170	0.9579
127	171	0.973487
127	172	0.982651
127	174	0.953585
127	176	0.971079
127	179	1.02691
127	180	0.980336
128	45	1.03078
128	51	1.11784
128	70	1.01442
128	72	0.971485
128	78	0.979401
128	91	0.969115
128	99	1.04806
128	101	0.924429
128	107	1.08144
128	108	1.08269
128	109	0.963944
128	123	1.08632
128	133	0.956414
128	134	0.986597
128	138	0.982427
128	139	1.00755
128	143	0.96864
128	146	0.965808
128	148	0.994277
128	151	0.958028
128	154	1.09381
128	155	1.00896
128	156	0.984059
128	158	0.950588
128	161	0.97168
128	169	0.968986
128	171	0.976171
128	172	0.985335
128	174	0.95627
128	175	1.00446
128	176	0.973764
128	177	1.02655
128	179	1.02321
128	180	0.98302
129	2	0.951177
129	44	0.997595
129	47	1.07817
129	63	0.984462
129	66	0.989112
129	77	1.04965
129	82	1.12188
129	83	1.02094
129	92	0.998447
129	96	1.03817
129	106	0.925748
129	111	0.960682
129	113	0.959055
129	119	0.971844
129	122	0.985205
129	123	0.986516
129	133	1.01993
129	134	1.01162
129	135	0.986178
129	142	0.994765
129	144	0.995967
129	146	1.01084
129	149	1.00575
129	152	1.00241
129	157	1.01068
129	159	0.995906
129	162	0.998857
129	163	0.971933
129	165	0.973044
129	167	0.989333
129	168	1.01049
129	169	1.01507
129	170	1.03046
129	172	1.00858
129	179	0.955131
130	3	1.01814
130	13	0.896442
130	49	0.948736
130	89	0.992276
130	93	0.919925
130	95	1.0304
130	98	1.00813
130	105	1.06748
130	107	0.986195
130	115	1.00211
