1	2	1.5856
1	8	0.620162
1	34	0.681653
1	49	0.715069
1	57	0.634166
1	93	0.650524
1	120	0.611775
1	131	0.534267
1	142	0.638911
1	152	0.577139
1	163	2.56086
1	168	4.93139
2	1	1.5856
2	8	0.679343
2	21	0.750367
2	34	0.740834
2	45	0.711598
2	49	0.77425
2	57	0.693347
2	120	0.670956
2	141	1.71484
2	152	0.63632
2	157	1.81182
2	177	6.19115
3	7	0.809059
3	28	0.826664
3	32	0.8012
3	40	0.709512
3	46	0.76145
3	132	0.743431
3	134	2.41955
3	138	0.703745
3	139	0.724994
3	144	0.733753
3	172	4.56686
3	176	0.677784
4	29	0.508426
4	42	0.435488
4	54	0.308624
4	55	0.850667
4	60	0.90736
4	64	0.894286
4	121	0.719848
4	144	0.892423
4	165	0.893006
4	168	0.801825
4	171	7.43094
4	179	6.65768
5	15	0.81919
5	18	0.709685
5	23	0.705467
5	33	0.767574
5	35	0.768895
5	52	0.732965
5	88	2.40817
5	138	0.712028
5	162	0.654305
5	164	5.02594
5	176	0.686068
5	177	0.634007
6	15	0.818739
6	18	0.709235
6	23	0.705016
6	25	0.775563
6	33	0.767124
6	52	0.732514
6	138	0.711578
6	161	4.658
6	162	0.653854
6	163	2.96732
6	176	0.685617
6	177	0.633556
7	3	0.809059
7	28	0.928749
7	40	0.811597
7	44	3.03771
7	46	0.863535
7	90	2.06372
7	105	3.01917
7	131	0.723817
7	132	0.845516
7	138	0.80583
7	144	0.835839
7	176	0.779869
8	1	0.620162
8	2	0.679343
8	21	0.779302
8	34	0.769769
8	45	0.740534
8	49	0.803186
8	57	0.722283
8	93	0.73864
8	138	2.89125
8	142	0.727027
8	152	0.665255
8	172	4.30211
9	14	0.767596
9	19	0.746837
9	42	0.740011
9	54	0.731583
9	55	0.67679
9	60	0.733483
9	64	0.720409
9	113	2.7377
9	144	0.718546
9	165	0.71913
9	168	0.627949
9	171	7.06667
10	56	0.712877
10	75	0.729938
10	77	0.718946
10	83	0.667271
10	84	0.707473
10	86	0.756062
10	106	0.682177
10	123	0.717882
10	152	4.34158
10	156	0.612787
10	166	3.00859
10	177	0.593551
11	72	0.876019
11	96	0.594251
11	97	0.869136
11	98	0.791752
11	104	0.855604
11	110	0.847353
11	111	0.884785
11	128	1.74529
11	156	0.75351
11	159	4.57869
11	176	2.88187
11	178	0.72932
12	61	0.713513
12	68	0.699101
12	72	0.703799
12	79	0.683358
12	96	1.16827
12	98	0.619532
12	104	0.683384
12	110	0.675133
12	111	0.712566
12	160	5.63058
12	163	1.84848
12	178	0.5571
13	17	0.731841
13	48	0.750316
13	53	0.744887
13	65	0.723586
13	66	2.04468
13	71	0.762726
13	80	0.669114
13	106	0.730418
13	108	0.677457
13	121	4.97587
13	165	0.750404
13	168	0.659223
14	9	0.767596
14	29	0.855149
14	42	0.831047
14	55	0.767826
14	60	0.824519
14	64	0.811445
14	144	0.809582
14	150	2.32148
14	165	0.810166
14	167	2.78268
14	168	0.718985
14	171	6.42006
15	5	0.81919
15	6	0.818739
15	18	0.805334
15	23	0.801116
15	25	0.871662
15	52	0.828614
15	82	1.66585
15	150	1.85054
15	162	0.749954
15	169	6.07148
15	176	0.781716
15	177	0.729656
16	81	0.734767
16	85	3.84222
16	102	0.730181
16	103	0.729372
16	107	0.729583
16	119	0.745767
16	130	0.721386
16	133	0.718223
16	135	0.744417
16	151	3.8353
16	165	0.733479
16	178	0.619912
17	13	0.731841
17	39	2.56899
17	41	0.697934
17	53	0.73762
17	58	0.725903
17	65	0.716319
17	71	0.755459
17	80	0.661846
17	123	0.758855
17	154	4.52846
17	165	0.743137
17	168	0.651956
18	5	0.709685
18	6	0.709235
18	15	0.805334
18	23	0.691611
18	25	0.762158
18	35	0.755039
18	52	0.719109
18	94	4.15446
18	124	3.04999
18	138	0.698173
18	162	0.640449
18	176	0.672212
18	177	0.620151
19	9	0.746837
19	29	0.83439
19	42	0.810287
19	54	0.801859
19	55	0.747067
19	60	0.80376
19	64	0.790686
19	91	2.41671
19	118	1.6744
19	132	0.7985
19	165	0.789406
19	168	0.698226
19	174	5.27318
20	108	0.64711
20	114	0.72536
20	132	3.92652
20	146	0.680402
20	158	0.639304
20	163	0.689263
20	170	0.64758
20	171	0.62193
20	174	0.630812
20	175	0.653127
20	177	0.611443
20	179	0.623557
20	180	0.629397
21	2	0.750367
21	8	0.779302
21	34	0.840793
21	45	0.811558
21	49	0.87421
21	57	0.793306
21	120	0.770915
21	131	0.693407
21	136	2.77517
21	142	0.798051
21	152	0.736279
21	162	5.16128
21	175	2.45242
22	73	0.856995
22	84	1.0097
22	98	1.45235
22	117	1.01026
22	151	0.812082
22	158	0.77065
22	161	0.791764
22	171	0.753277
22	173	0.741079
22	174	0.762158
22	175	0.784473
22	179	0.754904
22	180	0.760744
23	5	0.705467
23	6	0.705016
23	15	0.801116
23	18	0.691611
23	33	0.7495
23	35	0.75082
23	52	0.714891
23	123	0.740264
23	150	3.11902
23	157	5.15317
23	162	0.636231
23	176	0.667993
23	177	0.615933
24	103	0.783929
24	107	0.78414
24	114	1.27896
24	117	0.797655
24	119	0.800324
24	122	0.793643
24	130	0.775943
24	133	0.77278
24	135	0.798974
24	149	4.31549
24	156	3.44371
24	165	0.788035
24	178	0.674469
25	6	0.775563
25	15	0.871662
25	18	0.762158
25	33	0.820047
25	35	0.821367
25	52	0.785437
25	95	2.48061
25	118	3.41575
25	123	0.810811
25	153	2.91865
25	162	0.706777
25	176	0.73854
25	177	0.686479
26	30	0.924096
26	47	0.6851
26	51	0.667019
26	75	0.716335
26	77	0.705343
26	83	0.653667
26	84	0.693869
26	86	0.742458
26	113	3.80247
26	142	0.680599
26	156	0.599184
26	172	3.70749
26	177	0.579947
27	48	0.803036
27	53	0.797607
27	58	0.78589
27	62	0.776961
27	65	0.776306
27	71	0.815446
27	73	2.27294
27	80	0.721834
27	127	3.18282
27	139	0.793782
27	165	0.803124
27	168	0.711943
27	172	3.72481
28	3	0.826664
28	7	0.928749
28	32	0.516427
28	40	0.914349
28	46	0.361889
28	128	2.42572
28	131	0.941972
28	132	0.86312
28	138	0.823434
28	139	0.844684
28	168	3.44558
28	173	9.38272
28	176	0.797474
29	4	0.508426
29	14	0.855149
29	19	0.83439
29	54	0.819136
29	55	0.764344
29	60	0.821036
29	64	0.807963
29	144	0.8061
29	150	1.65775
29	165	0.806683
29	168	0.715502
29	175	4.0353
29	176	3.86121
30	26	0.924096
30	47	0.588167
30	51	0.570086
30	56	0.80869
30	75	0.619402
30	77	0.60841
30	83	1.22722
30	84	0.596936
30	86	0.645525
30	167	3.82333
30	169	5.79796
30	176	2.30752
30	177	0.888622
31	74	0.799292
31	103	0.786785
31	109	0.577064
31	117	0.80051
31	119	0.803179
31	122	0.796499
31	130	0.778798
31	133	0.775635
31	135	0.709116
31	161	2.99858
31	165	0.698178
31	173	9.61558
31	178	0.584611
32	3	0.8012
32	28	0.516427
32	40	0.803737
32	46	0.855676
32	121	2.90359
32	128	2.16943
32	131	0.715957
32	132	0.837657
32	138	0.797971
32	139	0.81922
32	144	0.827979
32	151	4.14751
32	176	0.77201
33	5	0.767574
33	6	0.767124
33	23	0.7495
33	25	0.820047
33	35	0.812928
33	52	0.776998
33	94	1.37573
33	123	0.802371
33	138	0.756061
33	150	1.61752
33	162	0.698338
33	174	6.54569
33	176	0.730101
33	177	0.67804
34	1	0.681653
34	2	0.740834
34	8	0.769769
34	21	0.840793
34	45	0.802025
34	49	0.864677
34	57	0.783773
34	101	1.12226
34	106	0.776493
34	120	0.761382
34	131	0.683874
34	149	3.71342
34	152	0.726746
34	174	5.77302
35	5	0.768895
35	18	0.755039
35	23	0.75082
35	25	0.821367
35	33	0.812928
35	52	0.778318
35	123	0.803692
35	127	1.59491
35	131	5.70595
35	138	0.757382
35	151	2.92292
35	162	0.699659
35	176	0.731421
35	177	0.679361
36	79	1.04183
36	111	0.113879
36	141	0.801623
36	147	0.784588
36	157	0.782358
36	164	0.765128
36	165	0.493527
36	166	0.820939
36	171	0.725816
36	172	0.76379
36	173	0.713618
36	174	0.734698
36	175	0.757013
36	180	0.733283
37	41	0.744072
37	48	0.789187
37	53	0.783758
37	58	0.772041
37	62	0.763111
37	65	0.762456
37	66	2.32281
37	71	0.801596
37	80	0.707984
37	139	0.779932
37	156	2.61695
37	165	0.789274
37	168	0.698094
37	178	8.57757
38	40	0.755941
38	45	0.786311
38	46	0.807879
38	57	0.76806
38	70	0.806642
38	88	1.50037
38	97	0.807016
38	106	0.76078
38	116	1.37872
38	120	0.745669
38	144	0.780183
38	162	7.28083
38	176	0.724214
38	178	0.6672
39	17	2.56899
39	78	0.756209
39	82	0.792865
39	113	0.700051
39	123	1.97322
39	155	0.713153
39	158	0.676428
39	164	0.698366
39	167	0.696729
39	170	0.684704
39	171	0.659054
39	175	0.690251
39	179	0.660681
39	180	0.666521
40	3	0.709512
40	7	0.811597
40	28	0.914349
40	32	0.803737
40	38	0.755941
40	46	0.763987
40	73	3.52684
40	99	2.79206
40	131	0.624269
40	132	0.745968
40	134	2.8314
40	138	0.706282
40	139	0.727532
40	144	0.736291
40	176	0.680322
41	17	0.697934
41	37	0.744072
41	53	0.71098
41	58	0.699263
41	62	0.690333
41	65	0.689679
41	71	0.728819
41	80	0.635206
41	106	0.69651
41	108	0.64355
41	139	0.707154
41	145	2.19389
41	165	0.716497
41	168	0.625316
41	180	6.50071
42	4	0.435488
42	9	0.740011
42	14	0.831047
42	19	0.810287
42	54	0.795034
42	55	0.740241
42	60	0.796934
42	64	0.78386
42	121	0.723971
42	132	0.791675
42	138	1.90153
42	140	4.70931
42	143	3.39185
42	165	0.782581
42	168	0.6914
43	61	0.746453
43	70	0.729483
43	72	0.73674
43	76	0.739832
43	79	0.716298
43	96	1.20121
43	97	0.729856
43	104	0.716325
43	110	0.708073
43	111	0.745506
43	120	0.668509
43	126	1.99048
43	136	4.73071
43	168	4.71646
43	178	0.59004
44	7	3.03771
44	88	0.777986
44	107	1.49637
44	127	0.74509
44	138	0.711495
44	145	0.752071
44	158	0.661334
44	167	0.681635
44	170	0.669611
44	172	0.681934
44	173	0.631762
44	175	0.675157
44	176	0.685534
44	179	0.645587
44	180	0.651427
45	2	0.711598
45	8	0.740534
45	21	0.811558
45	34	0.802025
45	38	0.786311
45	49	0.835441
45	57	0.754538
45	106	0.747258
45	120	0.732147
45	131	0.654639
45	136	3.1044
45	142	0.759283
45	152	0.697511
45	161	2.41029
45	174	5.33227
46	3	0.76145
46	7	0.863535
46	28	0.361889
46	32	0.855676
46	38	0.807879
46	40	0.763987
46	82	1.97125
46	131	0.676207
46	132	0.797907
46	138	0.758221
46	139	0.77947
46	140	4.47903
46	144	0.788229
46	164	3.88745
46	176	0.73226
47	26	0.6851
47	30	0.588167
47	50	2.5065
47	51	0.736698
47	56	0.768953
47	75	0.786014
47	77	0.775022
47	83	0.723346
47	84	0.763548
47	86	0.812137
47	116	3.14475
47	142	0.750278
47	156	0.668863
47	163	4.27596
47	177	0.649626
48	13	0.750316
48	27	0.803036
48	37	0.789187
48	53	0.756095
48	58	0.744378
48	62	0.735449
48	65	0.734794
48	71	0.773934
48	80	0.680322
48	82	2.9448
48	123	0.77733
48	127	3.51366
48	155	4.061
48	165	0.761612
48	168	0.670431
49	1	0.715069
49	2	0.77425
49	8	0.803186
49	21	0.87421
49	34	0.864677
49	45	0.835441
49	57	0.81719
49	63	3.23483
49	93	0.833548
49	100	2.73818
49	106	0.80991
49	118	2.60918
49	131	0.717291
49	142	0.821935
49	152	0.760163
49	163	2.77264
50	47	2.5065
50	90	0.887866
50	103	0.867117
50	104	0.2937
50	160	0.727246
50	164	0.75359
50	168	0.721224
50	169	0.72717
50	170	0.739928
50	171	0.714278
50	173	0.70208
50	174	0.72316
50	175	0.745475
50	177	0.703791
50	179	0.715905
50	180	0.721745
51	26	0.667019
51	30	0.570086
51	47	0.736698
51	56	0.750871
51	75	0.767932
51	77	0.75694
51	83	0.705265
51	84	0.745467
51	86	0.794056
51	123	0.755876
51	132	0.749252
51	141	3.89525
51	148	3.20779
51	156	0.650781
51	166	3.23539
51	177	0.631545
52	5	0.732965
52	6	0.732514
52	15	0.828614
52	18	0.719109
52	23	0.714891
52	25	0.785437
52	33	0.776998
52	35	0.778318
52	123	0.767762
52	128	3.58213
52	137	3.15825
52	138	0.721452
52	153	3.31075
52	162	0.663729
52	176	0.695491
52	177	0.643431
53	13	0.744887
53	17	0.73762
53	27	0.797607
53	37	0.783758
53	41	0.71098
53	48	0.756095
53	58	0.738949
53	62	0.730019
53	65	0.729364
53	71	0.768505
53	80	0.674892
53	121	3.32054
53	145	2.33252
53	164	4.58378
53	165	0.756183
53	168	0.665002
54	4	0.308624
54	9	0.731583
54	19	0.801859
54	29	0.819136
54	42	0.795034
54	55	0.731813
54	60	0.788506
54	64	0.775432
54	121	0.715543
54	132	0.783247
54	144	0.773569
54	148	2.60664
54	156	4.90504
54	165	0.774153
54	166	2.63424
54	168	0.682972
55	4	0.850667
55	9	0.67679
55	14	0.767826
55	19	0.747067
55	29	0.764344
55	42	0.740241
55	54	0.731813
55	60	0.733714
55	64	0.72064
55	115	2.47362
55	116	1.63083
55	132	0.728454
55	144	0.718777
55	165	0.71936
55	168	0.62818
55	169	6.92902
56	10	0.712877
56	30	0.80869
56	47	0.768953
56	51	0.750871
56	75	0.837318
56	77	0.826326
56	83	0.73752
56	84	0.777722
56	86	0.863441
56	105	2.50379
56	123	0.825261
56	136	2.18973
56	142	0.764451
56	156	0.683036
56	162	4.57584
56	177	0.810806
56	178	9.15718
57	1	0.634166
57	2	0.693347
57	8	0.722283
57	21	0.793306
57	34	0.783773
57	38	0.76806
57	45	0.754538
57	49	0.81719
57	93	0.752645
57	106	0.729007
57	120	0.713896
57	131	0.636388
57	134	1.93433
57	142	0.741032
57	152	0.679259
57	154	2.14311
57	179	8.25855
58	17	0.725903
58	27	0.78589
58	37	0.772041
58	41	0.699263
58	48	0.744378
58	53	0.738949
58	62	0.718302
58	65	0.717647
58	71	0.756788
58	80	0.663175
58	106	0.724479
58	138	2.62999
58	139	0.735123
58	161	4.92865
58	163	3.23797
58	165	0.744466
58	168	0.653285
59	61	0.0637478
59	95	0.850905
59	115	0.797739
59	132	0.339459
59	135	0.570254
59	142	0.750266
59	145	0.850441
59	149	0.78794
59	163	0.809663
59	167	0.780006
59	169	0.755222
59	170	0.767981
59	172	0.780304
59	174	0.751212
59	175	0.773527
59	179	0.743957
59	180	0.749798
60	4	0.90736
60	9	0.733483
60	14	0.824519
60	19	0.80376
60	29	0.821036
60	42	0.796934
60	54	0.788506
60	55	0.733714
60	63	3.96517
60	64	0.777333
60	99	2.1192
60	121	0.717444
60	126	1.94237
60	132	0.785147
60	150	3.18747
60	165	0.776053
60	168	0.684873
61	12	0.713513
61	43	0.746453
61	59	0.0637478
61	68	0.83298
61	70	0.830421
61	72	0.837678
61	79	0.817237
61	96	0.55591
61	97	0.830795
61	98	0.753411
61	104	0.817264
61	110	0.809012
61	111	0.846445
61	127	1.72566
61	129	6.68499
61	152	0.734812
61	162	4.58205
61	178	0.690979
62	27	0.776961
62	37	0.763111
62	41	0.690333
62	48	0.735449
62	53	0.730019
62	58	0.718302
62	65	0.708718
62	71	0.747858
62	80	0.654246
62	106	0.71555
62	108	0.662589
62	120	3.49177
62	123	0.751254
62	134	3.17891
62	139	0.726194
62	165	0.735536
62	166	3.93384
62	168	0.644356
63	49	3.23483
63	60	3.96517
63	131	0.64186
63	146	0.714811
63	147	0.715111
63	158	0.673713
63	159	0.67675
63	160	0.669307
63	167	0.694014
63	168	0.663285
63	169	0.66923
63	171	0.656339
63	172	0.694312
63	173	0.644141
63	174	0.665221
63	175	0.687536
63	179	0.657966
63	180	0.663806
64	4	0.894286
64	9	0.720409
64	14	0.811445
64	19	0.790686
64	29	0.807963
64	42	0.78386
64	54	0.775432
64	55	0.72064
64	60	0.777333
64	73	1.80022
64	93	1.26518
64	121	0.70437
64	132	0.772073
64	144	0.762396
64	156	4.13051
64	158	4.83882
64	165	0.762979
64	168	0.671799
65	13	0.723586
65	17	0.716319
65	27	0.776306
65	37	0.762456
65	41	0.689679
65	48	0.734794
65	53	0.729364
65	58	0.717647
65	62	0.708718
65	71	0.747203
65	80	0.653591
65	93	2.00195
65	106	0.714895
65	139	0.725539
65	143	4.06833
65	165	0.734881
65	168	0.643701
65	175	5.24804
66	13	2.04468
66	37	2.32281
66	77	0.856232
66	79	0.498649
66	89	0.788254
66	149	0.782907
66	153	0.819111
66	161	0.775785
66	166	0.83242
66	170	0.762948
66	171	0.737297
66	172	0.775271
66	173	0.7251
66	174	0.746179
66	175	0.768494
66	176	0.778871
66	179	0.738924
66	180	0.744765
67	81	0.787476
67	87	0.771403
67	102	0.78289
67	103	0.782081
67	105	2.57627
67	107	0.782291
67	115	4.21035
67	117	0.795806
67	119	0.798476
67	122	0.791795
67	130	0.774094
67	133	0.770931
67	135	0.797125
67	137	2.47428
67	153	2.62678
67	162	0.697872
67	165	0.786187
67	178	0.67262
68	12	0.699101
68	61	0.83298
68	70	0.816009
68	72	0.823266
68	76	0.826358
68	79	0.802825
68	96	0.541498
68	97	0.816383
68	98	0.738999
68	104	0.802852
68	108	4.66971
68	110	0.7946
68	111	0.832033
68	152	0.7204
68	153	2.06718
68	154	1.81173
68	156	0.700757
68	159	5.24405
68	178	0.676567
69	74	0.729411
69	81	0.722298
69	101	1.99905
69	103	0.716903
69	107	0.717114
69	109	0.766563
69	117	0.730629
69	119	0.733298
69	122	0.726617
69	126	3.19436
69	130	0.708916
69	133	0.705754
69	135	0.731947
69	139	0.711667
69	142	0.713048
69	155	5.56318
69	162	0.632694
69	165	0.721009
69	178	0.607443
70	38	0.806642
70	43	0.729483
70	61	0.830421
70	68	0.816009
70	76	0.8238
70	79	0.800266
70	96	0.538939
70	97	0.813825
70	98	0.73644
70	104	0.800293
70	110	0.792041
70	111	0.829474
70	146	2.04831
70	152	0.717841
70	156	0.698199
70	164	2.9472
70	176	3.22694
70	178	0.674008
70	180	5.00277
71	13	0.762726
71	17	0.755459
71	27	0.815446
71	37	0.801596
71	41	0.728819
71	48	0.773934
71	53	0.768505
71	58	0.756788
71	62	0.747858
71	65	0.747203
71	80	0.692731
71	95	1.5094
71	123	0.789739
71	139	0.764679
71	157	4.32665
71	165	0.774021
71	166	2.01849
71	167	6.01177
71	168	0.682841
72	11	0.876019
72	12	0.703799
72	43	0.73674
72	61	0.837678
72	68	0.823266
72	79	0.807523
72	90	2.00644
72	96	0.546196
72	98	0.743698
72	104	0.80755
72	110	0.799298
72	111	0.836731
72	120	0.759735
72	152	0.725098
72	156	0.705456
72	157	2.49345
72	170	4.13483
72	178	0.681266
72	179	7.04269
73	22	0.856995
73	27	2.27294
73	40	3.52684
73	64	1.80022
73	85	0.726384
73	153	0.750978
73	157	0.725706
73	158	0.686538
73	159	0.689576
73	161	0.707652
73	163	0.736498
73	167	0.70684
73	169	0.682056
73	170	0.694815
73	172	0.707138
73	173	0.656967
73	175	0.700361
73	179	0.670792
73	180	0.676632
74	31	0.799292
74	69	0.729411
74	81	0.771389
74	82	1.8181
74	87	0.755317
74	102	0.766803
74	103	0.765995
74	107	0.766205
74	109	0.815654
74	117	0.77972
74	119	0.78239
74	121	0.711491
74	130	0.758008
74	133	0.754845
74	135	0.781039
74	166	1.53658
74	175	4.18813
74	178	0.656534
74	180	5.78987
75	10	0.729938
75	26	0.716335
75	30	0.619402
75	47	0.786014
75	51	0.767932
75	56	0.837318
75	77	0.806257
75	78	2.00074
75	83	0.754581
75	84	0.794783
75	85	4.55778
75	86	0.843372
75	100	0.743168
75	113	3.85983
75	132	0.798568
75	142	0.781512
75	145	2.31893
75	156	0.700098
75	177	0.680861
76	43	0.739832
76	68	0.826358
76	70	0.8238
76	79	0.810615
76	96	0.549288
76	97	0.824174
76	98	0.746789
76	104	0.810642
76	110	0.80239
76	111	0.839823
76	113	0.740795
76	120	0.762827
76	145	2.4071
76	146	3.75946
76	147	4.24802
76	148	2.43303
76	152	0.72819
76	156	0.708548
76	178	0.684357
77	10	0.718946
77	26	0.705343
77	30	0.60841
77	47	0.775022
77	51	0.75694
77	56	0.826326
77	66	0.856232
77	75	0.806257
77	83	0.743589
77	84	0.783791
77	86	0.83238
77	100	0.732176
77	106	0.758496
77	108	5.33029
77	123	0.7942
77	142	0.77052
77	148	1.70275
77	156	0.689106
77	170	5.67988
77	177	0.669869
78	39	0.756209
78	75	2.00074
78	86	1.16083
78	127	0.763732
78	137	0.774453
78	139	2.2944
78	140	0.691886
78	155	0.716701
78	157	0.719144
78	164	0.701914
78	166	0.757724
78	167	0.700277
78	170	0.688252
78	171	0.662602
78	172	0.700575
78	173	0.650404
78	174	0.671484
78	175	0.693799
78	179	0.664229
78	180	0.670069
79	12	0.683358
79	36	1.04183
79	43	0.716298
79	61	0.817237
79	66	0.498649
79	68	0.802825
79	70	0.800266
79	72	0.807523
79	76	0.810615
79	93	0.778042
79	96	0.525755
79	97	0.80064
79	98	0.723256
79	104	0.787109
79	110	0.778857
79	111	0.81629
79	156	0.685014
79	159	6.66963
79	166	2.49535
79	178	0.660824
80	13	0.669114
80	17	0.661846
80	27	0.721834
80	37	0.707984
80	41	0.635206
80	48	0.680322
80	53	0.674892
80	58	0.663175
80	62	0.654246
80	65	0.653591
80	71	0.692731
80	101	2.49674
80	108	0.607462
80	123	0.696127
80	125	3.87307
80	139	0.671067
80	165	1.33417
80	168	1.24299
80	170	2.09507
80	178	8.08728
81	16	0.734767
81	67	0.787476
81	69	0.722298
81	74	0.771389
81	87	0.748204
81	89	3.96321
81	102	0.759691
81	107	0.759092
81	108	0.690041
81	109	0.808541
81	115	3.71603
81	117	0.772607
81	122	0.768596
81	130	0.750895
81	133	0.747732
81	135	0.773926
81	137	1.97997
81	155	3.60126
81	165	0.762988
81	178	0.649421
82	15	1.66585
82	39	0.792865
82	46	1.97125
82	48	2.9448
82	74	1.8181
82	126	0.829618
82	141	0.775065
82	145	0.807368
82	148	0.805857
82	156	0.708008
82	158	0.716631
82	159	0.719669
82	160	0.712226
82	161	0.737745
82	167	0.736933
82	169	0.712149
82	173	0.68706
82	174	0.708139
82	175	0.730454
82	179	0.700884
82	180	0.706725
83	10	0.667271
83	26	0.653667
83	30	1.22722
83	47	0.723346
83	51	0.705265
83	56	0.73752
83	75	0.754581
83	77	0.743589
83	84	0.732115
83	86	0.780704
83	100	0.680501
83	106	0.70682
83	112	1.69692
83	114	3.89203
83	120	3.34391
83	123	0.742524
83	132	0.735901
83	138	3.7675
83	142	0.718845
83	156	0.63743
83	177	0.618193
84	10	0.707473
84	22	1.0097
84	26	0.693869
84	30	0.596936
84	47	0.763548
84	51	0.745467
84	56	0.777722
84	75	0.794783
84	77	0.783791
84	83	0.732115
84	86	0.820906
84	100	0.720702
84	106	0.747022
84	123	0.782726
84	132	0.776102
84	142	0.759047
84	156	0.677632
84	158	5.06222
84	163	2.67262
84	175	4.73466
84	177	0.658395
85	16	3.84222
85	73	0.726384
85	75	4.55778
85	91	0.685399
85	148	0.729265
85	151	0.681472
85	153	0.70448
85	157	0.679208
85	158	0.64004
85	159	0.643078
85	160	0.635635
85	163	0.689999
85	167	0.660342
85	169	0.635558
85	170	0.648317
85	172	0.66064
85	173	0.610469
85	174	0.631548
85	175	0.653863
85	179	0.624293
85	180	0.630133
86	10	0.756062
86	26	0.742458
86	30	0.645525
86	47	0.812137
86	51	0.794056
86	56	0.863441
86	75	0.843372
86	77	0.83238
86	78	1.16083
86	83	0.780704
86	84	0.820906
86	100	0.769291
86	114	1.63861
86	123	0.831315
86	127	2.38295
86	132	0.824691
86	142	0.807636
86	156	0.726221
86	164	3.73028
86	167	5.52583
86	177	0.706984
87	67	0.771403
87	74	0.755317
87	81	0.748204
87	103	0.74281
87	107	0.74302
87	109	0.792469
87	117	0.756535
87	119	0.759205
87	122	0.752524
87	124	2.24909
87	130	0.734823
87	133	0.73166
87	135	0.757854
87	142	0.738954
87	144	0.746332
87	155	1.88779
87	162	0.6586
87	165	0.746916
87	170	4.43959
87	178	0.633349
87	179	7.34746
88	5	2.40817
88	38	1.50037
88	44	0.777986
88	119	1.36402
88	128	0.794171
88	129	0.724237
88	136	0.759314
88	144	0.91329
88	149	0.745081
88	155	0.753571
88	159	0.719883
88	160	0.71244
88	161	0.73796
88	164	0.738784
88	169	0.712364
88	170	0.725123
88	171	0.699472
88	172	0.737446
88	174	0.708354
88	175	0.730669
88	179	0.701099
88	180	0.706939
89	66	0.788254
89	81	3.96321
89	128	0.711102
89	143	0.687136
89	144	3.09303
89	147	0.675175
89	153	0.698216
89	154	0.704987
89	155	0.670502
89	157	0.672945
89	164	0.655715
89	167	0.654078
89	169	0.629294
89	170	0.642053
89	171	0.616403
89	172	0.654376
89	173	0.604205
89	174	0.625285
89	175	0.6476
89	179	0.61803
89	180	0.62387
90	7	2.06372
90	50	0.887866
90	72	2.00644
90	110	0.0394278
90	117	0.246997
90	132	0.550593
90	140	0.768319
90	141	0.814842
90	145	0.847146
90	159	0.759446
90	160	0.752003
90	163	0.806368
90	164	0.778347
90	169	0.751927
90	170	0.764686
90	171	0.739035
90	172	0.777009
90	173	0.726837
90	174	0.747917
90	175	0.770232
90	179	0.740662
90	180	0.746502
91	19	2.41671
91	85	0.685399
91	116	0.764356
91	130	4.73948
91	147	0.686951
91	157	0.684721
91	160	0.641148
91	162	0.63799
91	163	0.695512
91	164	0.667492
91	166	0.723302
91	168	0.635125
91	169	0.641071
91	170	0.65383
91	172	0.666153
91	173	0.615982
91	174	0.637061
91	175	0.659376
91	178	0.612739
91	179	0.629806
91	180	0.635646
92	110	2.98654
92	117	3.19411
92	118	0.724788
92	129	0.640853
92	134	0.700723
92	136	0.67593
92	146	0.674559
92	149	0.661697
92	151	0.674893
92	155	0.670186
92	160	0.629056
92	161	0.654575
92	163	0.68342
92	164	0.6554
92	166	0.71121
92	167	0.653763
92	172	0.654061
92	173	0.60389
92	174	0.624969
92	175	0.647284
92	179	0.617714
92	180	0.623555
93	1	0.650524
93	8	0.73864
93	49	0.833548
93	57	0.752645
93	64	1.26518
93	65	2.00195
93	79	0.778042
93	98	0.714216
93	104	0.778069
93	110	0.769817
93	111	0.80725
93	122	1.63845
93	125	0.698309
93	126	0.797585
93	130	1.79925
93	142	0.757389
93	152	0.695617
93	170	0.692875
93	173	0.655027
93	175	0.698421
93	178	0.651784
93	179	0.668851
93	180	0.674692
94	18	4.15446
94	33	1.37573
94	128	0.743151
94	130	2.42599
94	131	0.633973
94	138	0.715986
94	141	0.724259
94	149	0.694061
94	153	0.730265
94	154	0.737036
94	157	0.704994
94	158	0.665826
94	161	0.686939
94	166	0.743575
94	167	0.686127
94	170	0.674102
94	172	0.686425
94	173	0.636254
94	175	0.679649
94	176	0.690026
94	177	0.637965
94	179	0.650079
94	180	0.655919
95	25	2.48061
95	59	0.850905
95	71	1.5094
95	97	1.51326
95	111	1.05831
95	115	0.72943
95	126	0.804382
95	129	0.698786
95	136	0.733863
95	141	0.749829
95	145	0.782132
95	148	0.78062
95	149	0.71963
95	153	0.755835
95	156	0.682771
95	159	0.694432
95	164	0.713333
95	171	0.674021
95	172	0.711995
95	173	0.661823
95	175	0.705218
95	179	0.675648
95	180	0.681488
96	11	0.594251
96	12	1.16827
96	43	1.20121
96	61	0.55591
96	68	0.541498
96	70	0.538939
96	72	0.546196
96	76	0.549288
96	79	0.525755
96	97	0.539313
96	98	1.06566
96	99	1.68442
96	100	1.00218
96	104	0.525782
96	110	0.51753
96	111	0.554963
96	129	6.11501
96	138	2.40973
96	152	1.04706
96	156	1.16992
96	171	6.28233
96	177	5.33915
96	178	1.14573
97	11	0.869136
97	38	0.807016
97	43	0.729856
97	61	0.830795
97	68	0.816383
97	70	0.813825
97	76	0.824174
97	79	0.80064
97	95	1.51326
97	96	0.539313
97	98	0.736814
97	104	0.800667
97	105	1.90078
97	110	0.792415
97	111	0.829848
97	120	0.752851
97	134	0.774458
97	140	4.81166
97	146	3.32118
97	152	0.718215
97	154	2.76431
97	156	0.698572
97	178	0.674382
98	11	0.791752
98	12	0.619532
98	22	1.45235
98	61	0.753411
98	68	0.738999
98	70	0.73644
98	72	0.743698
98	76	0.746789
98	79	0.723256
98	93	0.714216
98	96	1.06566
98	97	0.736814
98	100	0.664259
98	104	0.723283
98	110	0.715031
98	111	0.752464
98	124	2.49996
98	134	0.697074
98	146	4.87105
98	150	3.84623
98	152	0.640831
98	156	0.621188
98	178	0.596998
99	40	2.79206
99	60	2.1192
99	96	1.68442
99	103	1.25281
99	114	0.791881
99	143	0.759185
99	149	0.734061
99	153	0.770265
99	154	0.777035
99	160	0.70142
99	161	0.726939
99	163	0.755784
99	166	0.783574
99	167	0.726127
99	170	0.714102
99	171	0.688451
99	172	0.726425
99	173	0.676254
99	175	0.719648
99	177	0.677965
99	178	0.673011
99	179	0.690078
99	180	0.695919
100	49	2.73818
100	75	0.743168
100	77	0.732176
100	83	0.680501
100	84	0.720702
100	86	0.769291
100	96	1.00218
100	98	0.664259
100	111	0.757293
100	134	0.701903
100	144	1.88839
100	150	0.713907
100	155	0.671366
100	165	1.38868
100	166	0.71239
100	169	0.630159
100	173	0.605069
100	175	0.648464
100	177	0.60678
100	178	0.601827
100	179	0.618894
100	180	0.624734
101	34	1.12226
101	69	1.99905
101	80	2.49674
101	123	1.02433
101	137	0.838851
101	140	0.756284
101	142	0.772993
101	143	0.797734
101	146	0.785472
101	151	0.785805
101	155	0.781099
101	156	0.73575
101	158	0.744374
101	160	0.739968
101	164	0.766312
101	169	0.739892
101	170	0.752651
101	171	0.727
101	172	0.764974
101	173	0.714802
101	174	0.735882
101	175	0.758197
101	179	0.728627
101	180	0.734467
102	16	0.730181
102	67	0.78289
102	74	0.766803
102	81	0.759691
102	103	0.754296
102	107	0.754506
102	109	0.803955
102	117	0.768022
102	119	0.770691
102	121	0.699793
102	122	0.76401
102	130	0.746309
102	133	0.743147
102	135	0.76934
102	139	0.74906
102	142	0.75044
102	144	0.757819
102	151	1.8829
102	162	0.670087
102	165	0.758402
102	170	3.65403
102	172	2.44944
102	173	8.60169
102	175	2.35605
102	178	0.644835
103	16	0.729372
103	24	0.783929
103	31	0.786785
103	50	0.867117
103	67	0.782081
103	69	0.716903
103	74	0.765995
103	87	0.74281
103	99	1.25281
103	102	0.754296
103	107	0.753698
103	109	0.803147
103	119	0.769882
103	122	0.763201
103	126	1.07598
103	130	0.7455
103	133	0.742338
103	134	0.744102
103	135	0.768531
103	144	0.75701
103	162	0.669278
103	165	0.757593
103	168	5.00712
103	170	5.9966
103	178	0.644027
104	11	0.855604
104	12	0.683384
104	43	0.716325
104	50	0.2937
104	61	0.817264
104	68	0.802852
104	70	0.800293
104	72	0.80755
104	76	0.810642
104	79	0.787109
104	93	0.778069
104	96	0.525782
104	97	0.800667
104	98	0.723283
104	110	0.778884
104	111	0.816317
104	113	0.717288
104	120	0.73932
104	137	1.2501
104	152	0.704684
104	156	0.685041
104	166	1.47365
104	174	6.67583
104	178	0.660851
104	180	5.72695
105	7	3.01917
105	56	2.50379
105	67	2.57627
105	97	1.90078
105	136	0.73943
105	146	0.73806
105	148	0.786187
105	150	0.776229
105	153	0.761402
105	157	0.73613
105	158	0.696962
105	160	0.692557
105	166	0.774711
105	169	0.69248
105	170	0.705239
105	171	0.679588
105	172	0.717562
105	173	0.667391
105	174	0.68847
105	175	0.710785
105	176	0.721162
105	177	0.669102
105	178	0.664148
105	179	0.681215
105	180	0.687055
106	10	0.682177
106	13	0.730418
106	34	0.776493
106	38	0.76078
106	41	0.69651
106	45	0.747258
106	49	0.80991
106	57	0.729007
106	58	0.724479
106	62	0.71555
106	65	0.714895
106	77	0.758496
106	83	0.70682
106	84	0.747022
106	112	2.62589
106	142	0.733752
106	152	0.671979
106	156	0.652337
106	157	2.53728
106	165	0.741713
106	167	2.2295
106	168	0.650533
106	177	1.26221
106	178	8.17797
106	179	5.09362
107	16	0.729583
107	24	0.78414
107	44	1.49637
107	67	0.782291
107	69	0.717114
107	74	0.766205
107	81	0.759092
107	87	0.74302
107	102	0.754506
107	103	0.753698
107	109	0.803357
107	117	0.767423
107	119	0.770092
107	122	0.763412
107	125	7.32693
107	130	0.745711
107	133	0.742548
107	135	0.768742
107	142	0.749842
107	144	0.75722
107	148	1.5718
107	154	2.34136
107	162	0.669488
107	172	2.99179
107	178	0.644237
108	13	0.677457
108	20	0.64711
108	41	0.64355
108	62	0.662589
108	68	4.66971
108	77	5.33029
108	80	0.607462
108	81	0.690041
108	109	0.734306
108	118	0.699327
108	123	0.704471
108	130	0.67666
108	133	0.673497
108	135	0.699691
108	136	0.650468
108	141	0.666434
108	146	0.649098
108	164	0.629939
108	165	0.688753
108	168	0.597572
108	174	0.599508
108	175	0.621823
108	178	0.575186
108	179	0.592253
108	180	0.598093
109	31	0.577064
109	69	0.766563
109	74	0.815654
109	81	0.808541
109	87	0.792469
109	102	0.803955
109	103	0.803147
109	107	0.803357
109	108	0.734306
109	112	1.56132
109	117	0.816872
109	119	0.819541
109	122	0.812861
109	130	0.79516
109	133	0.791997
109	134	0.793762
109	135	0.818191
109	139	0.79791
109	142	0.799291
109	143	2.84134
109	149	4.51206
109	157	3.67764
109	161	3.64967
109	162	0.718937
109	175	4.02104
109	178	0.693686
110	11	0.847353
110	12	0.675133
110	43	0.708073
110	61	0.809012
110	68	0.7946
110	70	0.792041
110	72	0.799298
110	76	0.80239
110	79	0.778857
110	90	0.0394278
110	92	2.98654
110	93	0.769817
110	96	0.51753
110	97	0.792415
110	98	0.715031
110	104	0.778884
110	111	0.808065
110	113	0.709037
110	120	0.731068
110	134	0.752675
110	141	1.77632
110	149	4.25903
110	152	0.696432
110	156	0.676789
110	160	5.48807
110	178	0.652599
111	11	0.884785
111	12	0.712566
111	36	0.113879
111	43	0.745506
111	61	0.846445
111	68	0.832033
111	70	0.829474
111	72	0.836731
111	76	0.839823
111	79	0.81629
111	93	0.80725
111	95	1.05831
111	96	0.554963
111	97	0.829848
111	98	0.752464
111	100	0.757293
111	104	0.816317
111	110	0.808065
111	113	0.746469
111	134	0.790108
111	145	1.51387
111	147	3.3548
111	156	0.714222
111	160	5.93902
111	176	4.04486
111	178	0.690032
112	83	1.69692
112	106	2.62589
112	109	1.56132
112	113	0.783216
112	115	0.797628
112	117	0.184262
112	122	0.143927
112	125	0.773303
112	131	0.72774
112	140	0.771503
112	142	0.850349
112	148	0.848818
112	157	0.798761
112	158	0.759593
112	159	0.76263
112	160	0.755187
112	161	0.780706
112	163	0.809552
112	170	0.767869
112	171	0.742219
112	172	0.780192
112	173	0.730021
112	174	0.751101
112	175	0.773416
112	176	0.783793
112	179	0.743846
112	180	0.749686
113	9	2.7377
113	26	3.80247
113	39	0.700051
113	75	3.85983
113	76	0.740795
113	104	0.717288
113	110	0.709037
113	111	0.746469
113	112	0.783216
113	117	0.71419
113	122	0.710178
113	130	0.692477
113	133	0.689315
113	134	0.691079
113	135	0.715508
113	143	0.677177
113	150	0.703084
113	152	0.634836
113	159	0.626855
113	162	0.616255
113	170	0.632094
113	174	0.615326
113	175	0.637641
113	178	0.591004
113	179	0.608071
113	180	0.613911
114	20	0.72536
114	24	1.27896
114	83	3.89203
114	86	1.63861
114	99	0.791881
114	122	2.33903
114	136	0.728719
114	140	0.698161
114	143	0.73961
114	153	0.75069
114	154	0.75746
114	155	0.722975
114	158	0.68625
114	160	0.681845
114	161	0.707364
114	163	0.736209
114	166	0.763999
114	169	0.681768
114	171	0.668877
114	172	0.70685
114	173	0.656679
114	174	0.677758
114	175	0.700073
114	178	0.653436
114	179	0.670503
114	180	0.676344
115	55	2.47362
115	59	0.797739
115	67	4.21035
115	81	3.71603
115	95	0.72943
115	112	0.797628
115	145	0.728966
115	148	0.727454
115	149	0.666465
115	150	0.717496
115	154	0.709439
115	155	0.674954
115	159	0.641267
115	160	0.633824
115	161	0.659343
115	164	0.660168
115	166	0.715978
115	167	0.658531
115	169	0.633747
115	171	0.620855
115	172	0.658829
115	173	0.608658
115	174	0.629737
115	175	0.652052
115	179	0.622482
115	180	0.628322
116	38	1.37872
116	47	3.14475
116	55	1.63083
116	91	0.764356
116	119	1.24237
116	129	0.726388
116	136	0.761466
116	146	0.760095
116	151	0.760429
116	154	0.790207
116	155	0.755722
116	157	0.758165
116	158	0.718997
116	159	0.722035
116	163	0.768956
116	164	0.740936
116	165	0.29193
116	166	0.796746
116	167	0.739299
116	170	0.727274
116	172	0.739597
116	173	0.689426
116	174	0.710505
116	175	0.73282
116	179	0.70325
116	180	0.709091
117	22	1.01026
117	24	0.797655
117	31	0.80051
117	67	0.795806
117	69	0.730629
117	74	0.77972
117	81	0.772607
117	87	0.756535
117	90	0.246997
117	92	3.19411
117	102	0.768022
117	107	0.767423
117	109	0.816872
117	112	0.184262
117	113	0.71419
117	119	0.783608
117	122	0.776927
117	130	0.759226
117	133	0.756063
117	135	0.782257
117	139	0.761977
117	142	0.763357
117	144	0.770736
117	152	2.65702
117	162	0.683003
117	165	0.771319
117	177	8.01151
117	178	0.657752
118	19	1.6744
118	25	3.41575
118	49	2.60918
118	92	0.724788
118	108	0.699327
118	125	0.705231
118	140	0.703431
118	141	0.749954
118	143	0.744881
118	153	0.755961
118	155	0.728246
118	159	0.694558
118	161	0.712635
118	163	0.74148
118	164	0.713459
118	165	1.25968
118	166	0.76927
118	167	0.711822
118	169	0.687039
118	171	0.674147
118	173	0.661949
118	174	0.683029
118	175	0.705344
118	178	0.658707
118	179	0.675774
118	180	0.681614
119	16	0.745767
119	24	0.800324
119	31	0.803179
119	67	0.798476
119	69	0.733298
119	74	0.78239
119	87	0.759205
119	88	1.36402
119	102	0.770691
119	103	0.769882
119	107	0.770092
119	109	0.819541
119	116	1.24237
119	117	0.783608
119	120	1.342
119	121	0.715379
119	122	0.779596
119	130	0.761895
119	133	0.758733
119	134	0.760497
119	135	0.784926
119	142	0.766027
119	143	3.25592
119	152	3.11706
119	162	0.685673
119	165	0.773988
119	178	0.660422
119	180	6.03736
120	1	0.611775
120	2	0.670956
120	21	0.770915
120	34	0.761382
120	38	0.745669
120	43	0.668509
120	45	0.732147
120	57	0.713896
120	62	3.49177
120	72	0.759735
120	76	0.762827
120	83	3.34391
120	97	0.752851
120	104	0.73932
120	110	0.731068
120	119	1.342
120	127	0.729606
120	137	0.740326
120	139	2.22406
120	150	0.725116
120	152	0.656868
120	164	0.667788
120	167	0.666151
120	169	0.641367
120	175	0.659672
120	177	0.617989
120	178	0.613035
120	179	0.630102
120	180	0.635943
121	4	0.719848
121	13	4.97587
121	32	2.90359
121	42	0.723971
121	53	3.32054
121	54	0.715543
121	60	0.717444
121	64	0.70437
121	74	0.711491
121	102	0.699793
121	119	0.715379
121	122	0.708698
121	133	0.687835
121	135	0.714028
121	144	0.702507
121	150	0.701604
121	159	0.625375
121	163	0.672297
121	165	0.70309
121	166	0.700086
121	168	0.61191
121	171	0.604964
121	172	0.642937
121	173	0.592766
121	177	0.594477
121	178	0.589524
121	179	0.606591
121	180	0.612431
122	24	0.793643
122	31	0.796499
122	67	0.791795
122	69	0.726617
122	81	0.768596
122	87	0.752524
122	93	1.63845
122	102	0.76401
122	103	0.763201
122	107	0.763412
122	109	0.812861
122	112	0.143927
122	113	0.710178
122	114	2.33903
122	117	0.776927
122	119	0.779596
122	121	0.708698
122	130	0.755214
122	133	0.752052
122	134	0.753816
122	135	0.778245
122	139	0.757965
122	144	0.766724
122	151	4.41138
122	153	2.16192
122	156	4.50378
122	162	0.678992
122	165	0.767307
122	178	0.653741
123	10	0.717882
123	17	0.758855
123	23	0.740264
123	25	0.810811
123	33	0.802371
123	35	0.803692
123	39	1.97322
123	48	0.77733
123	51	0.755876
123	52	0.767762
123	56	0.825261
123	62	0.751254
123	71	0.789739
123	77	0.7942
123	80	0.696127
123	83	0.742524
123	84	0.782726
123	86	0.831315
123	101	1.02433
123	108	0.704471
123	134	2.43581
123	137	2.96718
123	152	4.52373
123	153	3.11967
123	162	0.689102
123	165	0.777417
123	168	0.686237
123	176	0.720865
123	177	0.668804
124	18	3.04999
124	87	2.24909
124	98	2.49996
124	125	0.709863
124	127	0.779909
124	133	0.816784
124	134	0.763414
124	135	0.516296
124	140	0.708063
124	143	0.749512
124	147	0.73755
124	152	0.707171
124	153	0.760592
124	154	0.767362
124	155	0.732877
124	159	0.69919
124	160	0.691747
124	161	0.717266
124	163	0.746112
124	164	0.718091
124	166	0.773901
124	167	0.716454
124	169	0.69167
124	171	0.678779
124	172	0.716752
124	173	0.666581
124	175	0.709975
124	177	0.668292
124	179	0.680405
124	180	0.686246
125	80	3.87307
125	93	0.698309
125	107	7.32693
125	112	0.773303
125	118	0.705231
125	124	0.709863
125	126	0.726891
125	129	0.621296
125	151	0.655336
125	153	0.678344
125	154	0.685114
125	155	0.65063
125	158	0.613904
125	159	0.616942
125	160	0.609499
125	161	0.635018
125	164	0.635843
125	166	0.691653
125	167	0.634206
125	169	0.609422
125	170	0.622181
125	171	0.596531
125	173	0.584333
125	174	0.605412
125	175	0.627728
125	177	0.586044
125	179	0.598158
125	180	0.603998
126	43	1.99048
126	60	1.94237
126	69	3.19436
126	82	0.829618
126	93	0.797585
126	95	0.804382
126	103	1.07598
126	125	0.726891
126	137	0.807658
126	139	1.69503
126	140	0.725091
126	146	0.754279
126	150	0.792447
126	157	0.752349
126	158	0.713181
126	160	0.708775
126	161	0.734294
126	163	0.76314
126	164	0.735119
126	165	0.993689
126	166	0.79093
126	167	0.733482
126	170	0.721458
126	171	0.695807
126	172	0.73378
126	174	0.704689
126	175	0.727004
126	176	0.737381
126	177	0.68532
126	179	0.697434
126	180	0.703274
127	27	3.18282
127	35	1.59491
127	44	0.74509
127	48	3.51366
127	61	1.72566
127	78	0.763732
127	86	2.38295
127	120	0.729606
127	124	0.779909
127	145	0.774687
127	148	0.773176
127	150	0.763217
127	151	0.725382
127	153	0.74839
127	154	0.75516
127	158	0.68395
127	160	0.679545
127	162	0.676388
127	163	0.733909
127	164	0.705889
127	166	0.761699
127	167	0.704252
127	169	0.679468
127	171	0.666577
127	172	0.70455
127	173	0.654379
127	174	0.675458
127	175	0.697773
127	178	0.651136
127	179	0.668203
127	180	0.674044
128	11	1.74529
128	28	2.42572
128	32	2.16943
128	52	3.58213
128	88	0.794171
128	89	0.711102
128	94	0.743151
128	136	0.719988
128	141	0.735953
128	143	0.730879
128	144	1.53367
128	147	0.718918
128	148	0.766745
128	151	0.718951
128	153	0.741959
128	154	0.74873
128	157	0.716688
128	159	0.680557
128	161	0.698633
128	163	0.727479
128	166	0.755268
128	167	0.697821
128	169	0.673037
128	170	0.685796
128	171	0.660146
128	172	0.698119
128	173	0.647948
128	174	0.669028
128	175	0.691343
128	176	0.70172
128	179	0.661773
128	180	0.667613
129	61	6.68499
129	88	0.724237
129	92	0.640853
129	95	0.698786
129	96	6.11501
129	116	0.726388
129	125	0.621296
129	137	0.702063
129	140	0.619496
129	141	0.666019
129	143	0.660945
129	149	0.635821
129	150	0.686852
129	153	0.672025
129	155	0.64431
129	157	0.646753
129	159	0.610623
129	161	0.628699
129	163	0.657544
129	164	0.629524
129	166	0.685334
129	167	0.627887
129	169	0.603103
129	170	0.615862
129	171	0.590212
129	172	0.628185
129	174	0.599093
129	175	0.621408
129	177	0.579725
129	178	0.574771
129	179	0.591838
129	180	0.597679
130	16	0.721386
130	24	0.775943
130	31	0.778798
130	67	0.774094
130	69	0.708916
130	74	0.758008
130	81	0.750895
130	87	0.734823
130	91	4.73948
130	93	1.79925
130	94	2.42599
130	102	0.746309
130	103	0.7455
130	107	0.745711
130	108	0.67666
130	109	0.79516
130	113	0.692477
130	117	0.759226
130	119	0.761895
130	122	0.755214
130	133	0.734351
130	134	0.736115
130	135	0.760545
130	137	2.17022
130	139	0.740264
130	142	0.741645
130	144	0.749023
130	148	2.36618
130	154	3.13574
130	162	0.661291
130	165	0.749606
130	178	0.63604
131	1	0.534267
131	7	0.723817
131	21	0.693407
131	28	0.941972
131	32	0.715957
131	34	0.683874
131	35	5.70595
131	40	0.624269
131	45	0.654639
131	46	0.676207
131	49	0.717291
131	57	0.636388
131	63	0.64186
131	94	0.633973
131	112	0.72774
131	135	5.13214
131	139	0.639752
131	142	0.641133
131	144	0.648511
131	148	0.657567
131	149	0.596577
131	151	0.609773
131	152	0.579361
131	154	0.639552
131	169	0.563859
131	174	0.55985
131	175	0.582165
131	176	0.592542
131	178	0.535528
131	179	0.552595
131	180	0.558435
132	3	0.743431
132	7	0.845516
132	19	0.7985
132	20	3.92652
132	28	0.86312
132	32	0.837657
132	40	0.745968
132	42	0.791675
132	46	0.797907
132	51	0.749252
132	54	0.783247
132	55	0.728454
132	59	0.339459
132	60	0.785147
132	64	0.772073
132	75	0.798568
132	83	0.735901
132	84	0.776102
132	86	0.824691
132	90	0.550593
132	138	0.740202
132	139	0.761451
132	141	2.28748
132	144	0.77021
132	152	2.96061
132	156	0.681417
132	164	3.82534
132	165	0.770794
132	168	0.679613
132	175	4.27917
132	176	0.714241
132	177	0.66218
133	16	0.718223
133	24	0.77278
133	31	0.775635
133	67	0.770931
133	69	0.705754
133	74	0.754845
133	81	0.747732
133	87	0.73166
133	102	0.743147
133	103	0.742338
133	107	0.742548
133	108	0.673497
133	109	0.791997
133	113	0.689315
133	117	0.756063
133	119	0.758733
133	121	0.687835
133	122	0.752052
133	124	0.816784
133	130	0.734351
133	134	0.732953
133	135	0.757382
133	139	0.737102
133	142	0.738482
133	144	0.745861
133	147	3.67644
133	155	3.28677
133	162	0.658128
133	165	0.746444
133	166	1.88904
133	176	4.36651
