1	9	0.955856
1	18	0.941299
1	37	0.927146
1	38	1.01427
1	45	1.01365
1	53	0.997808
1	121	2.10837
1	144	1.27971
1	148	0.910346
1	152	0.990779
1	160	0.860482
1	167	1.04537
2	57	0.962399
2	90	0.962003
2	101	0.993218
2	132	0.955385
2	134	0.94399
2	135	0.939301
2	138	0.931916
2	140	0.941434
2	141	0.941584
2	148	1.98602
2	167	1.01125
2	168	1.88241
3	6	0.908556
3	15	0.985095
3	24	0.992032
3	33	0.990391
3	54	1.03403
3	56	0.937495
3	66	1.0131
3	70	0.920181
3	72	0.986899
3	154	1.30315
3	164	0.847127
3	168	2.42845
4	6	1.01706
4	11	1.10809
4	33	1.0989
4	54	1.14254
4	56	1.046
4	66	1.12161
4	70	1.02869
4	72	1.09541
4	125	1.08493
4	128	1.21118
4	146	1.91706
4	164	0.955634
5	89	1.08684
5	98	1.05106
5	106	1.09322
5	128	0.9644
5	130	1.06776
5	132	1.07626
5	134	1.06486
5	135	1.06017
5	138	1.05279
5	140	1.0623
5	141	1.06245
5	175	2.34824
6	3	0.908556
6	4	1.01706
6	15	0.986169
6	24	0.993106
6	33	0.991465
6	56	0.938569
6	66	1.01417
6	70	0.921255
6	72	0.987973
6	149	1.99526
6	164	0.848202
6	168	1.87241
7	76	0.695474
7	90	1.08551
7	97	1.05277
7	123	2.08788
7	130	1.07039
7	132	1.07889
7	138	1.05542
7	140	1.06494
7	141	1.06509
7	162	1.60677
7	167	1.13475
7	170	0.979746
8	98	0.948234
8	100	0.942446
8	107	2.46524
8	120	0.980697
8	132	0.973426
8	134	0.962032
8	138	0.949958
8	140	0.959476
8	141	0.959625
8	146	1.46484
8	167	1.02929
8	170	0.874285
9	1	0.955856
9	37	0.926453
9	38	1.01358
9	45	1.01296
9	53	0.997115
9	131	0.909557
9	148	0.909653
9	152	0.990087
9	160	0.859789
9	164	1.65365
9	167	1.04468
9	175	2.09994
10	58	0.969694
10	59	0.950749
10	73	0.94533
10	83	1.0002
10	93	0.971985
10	116	0.987474
10	124	0.961216
10	125	0.940836
10	129	1.0014
10	151	2.40973
10	161	0.89328
10	169	1.29273
11	4	1.10809
11	24	1.08413
11	54	1.12613
11	56	1.02959
11	66	1.10519
11	70	1.01228
11	72	1.07899
11	112	1.09666
11	153	0.662253
11	164	0.939223
11	173	1.64387
11	180	1.99911
12	64	0.976028
12	74	0.960776
12	77	0.960288
12	79	1.0215
12	81	1.02133
12	114	1.80734
12	118	1.46598
12	148	0.911567
12	161	0.910969
12	167	1.04659
12	174	0.874638
12	176	0.925342
13	16	1.14841
13	23	1.04362
13	39	1.11755
13	43	1.02199
13	52	1.08594
13	71	1.07447
13	109	0.940445
13	123	1.28346
13	136	1.11279
13	157	2.2797
13	164	0.987322
13	173	1.01419
14	44	0.998953
14	64	0.967478
14	74	0.952225
14	77	0.951737
14	79	1.01295
14	81	1.01277
14	126	2.49142
14	155	1.22189
14	161	0.902419
14	167	1.03804
14	174	0.866087
14	176	0.916792
15	3	0.985095
15	6	0.986169
15	24	1.06964
15	33	1.068
15	54	1.11164
15	65	0.987297
15	66	1.09071
15	70	0.997794
15	72	1.06451
15	112	1.08217
15	137	2.02288
15	147	1.18539
15	164	0.92474
16	13	1.14841
16	17	1.00579
16	23	1.00415
16	36	1.19115
16	43	0.982524
16	47	1.08193
16	50	1.22779
16	52	1.04647
16	71	1.035
16	118	0.696492
16	164	0.947857
16	173	0.974721
16	178	2.76988
17	16	1.00579
17	21	1.00195
17	23	0.901004
17	36	1.088
17	39	0.974934
17	43	0.879374
17	47	0.978781
17	52	0.943322
17	71	0.931851
17	115	1.49642
17	164	0.844707
17	169	2.34347
17	173	0.871571
18	1	0.941299
18	37	0.911895
18	38	0.999022
18	45	0.998398
18	53	0.982558
18	125	0.942054
18	131	0.895
18	145	1.43935
18	148	0.895095
18	152	0.975529
18	160	0.845231
18	167	1.03012
18	176	2.30938
19	60	1.15936
19	68	0.933879
19	78	1.22574
19	82	1.12489
19	85	1.18137
19	86	1.22422
19	87	1.18104
19	139	0.869151
19	165	1.62609
19	169	1.12842
19	170	1.09366
19	173	1.10181
19	177	2.07318
20	96	1.24386
20	122	1.04758
20	130	1.04269
20	132	1.05119
20	134	1.0398
20	135	1.03511
20	138	1.02772
20	140	1.03724
20	141	1.03739
20	144	0.834439
20	163	2.65742
20	167	1.10705
20	174	0.935095
21	17	1.00195
21	23	1.00031
21	36	1.1873
21	39	1.07424
21	47	1.07809
21	52	1.04263
21	71	1.03116
21	117	0.921169
21	136	1.06948
21	149	1.66374
21	164	0.944012
21	173	0.970875
21	177	2.09421
22	57	1.07082
22	94	0.861593
22	98	1.03861
22	100	1.03282
22	108	1.37902
22	122	1.06019
22	134	1.05241
22	135	1.04772
22	138	1.04033
22	140	1.04985
22	141	1.05
22	166	2.50612
22	174	0.947707
23	13	1.04362
23	16	1.00415
23	17	0.901004
23	21	1.00031
23	39	0.973295
23	43	0.877735
23	47	0.977142
23	71	0.930212
23	91	1.49818
23	136	0.968539
23	164	0.843069
23	169	2.4014
23	173	0.869932
24	3	0.992032
24	6	0.993106
24	11	1.08413
24	15	1.06964
24	54	1.11858
24	56	1.02204
24	66	1.09765
24	70	1.00473
24	72	1.07145
24	127	0.683779
24	159	2.43417
24	161	1.47465
24	164	0.931677
25	58	0.958327
25	73	0.933963
25	80	0.987069
25	83	0.988833
25	88	0.965944
25	93	0.960618
25	116	0.976107
25	124	0.949849
25	129	0.990033
25	159	2.83765
25	160	0.832646
25	161	0.881913
25	169	1.17418
26	60	1.07047
26	78	1.13685
26	82	1.03601
26	85	1.09248
26	86	1.13533
26	87	1.09215
26	125	1.07028
26	160	2.96355
26	163	1.24183
26	169	1.03953
26	170	1.00477
26	173	1.01292
27	28	0.908179
27	29	0.909637
27	40	0.988386
27	41	0.992115
27	55	0.963932
27	61	0.939599
27	62	1.03151
27	84	1.92383
27	118	1.60524
27	139	0.945528
27	152	0.968402
27	169	0.902753
27	176	0.901743
28	27	0.908179
28	29	0.906023
28	40	0.984771
28	41	0.9885
28	55	0.960317
28	61	0.935984
28	62	1.02789
28	112	1.10365
28	136	0.971138
28	152	0.964787
28	155	2.5555
28	169	0.899138
28	176	0.898128
29	27	0.909637
29	28	0.906023
29	40	0.986229
29	41	0.989958
29	55	0.961776
29	61	0.937443
29	62	1.02935
29	139	0.943371
29	152	0.966245
29	153	1.25117
29	169	0.900596
29	170	2.54512
29	176	0.899587
30	65	0.813709
30	103	0.754047
30	118	0.93438
30	123	0.831474
30	142	0.880741
30	156	0.810727
30	164	0.751667
30	171	0.782606
30	175	0.770939
30	177	0.763746
30	178	0.760879
30	179	0.761844
30	180	0.779924
31	35	1.00358
31	60	0.940079
31	78	1.00646
31	82	0.905613
31	85	0.96209
31	86	1.00494
31	87	0.961755
31	152	0.974787
31	169	0.909138
31	170	0.874377
31	173	0.882532
31	175	1.72983
31	179	2.37307
32	44	1.07895
32	64	1.04748
32	74	1.03222
32	77	1.03174
32	79	1.09295
32	81	1.09277
32	109	0.989605
32	142	0.701972
32	161	0.982419
32	167	1.11804
32	174	0.946087
32	176	0.996792
32	179	2.94271
33	3	0.990391
33	4	1.0989
33	6	0.991465
33	15	1.068
33	54	1.11694
33	56	1.0204
33	66	1.09601
33	70	1.00309
33	72	1.06981
33	119	2.18896
33	164	0.930036
33	170	0.647978
33	179	1.97335
34	61	1.40304
34	107	0.948116
34	122	0.380321
34	146	0.978494
34	163	0.926639
34	166	0.911154
34	168	0.938484
34	172	0.962022
34	174	0.908159
34	175	0.925676
34	177	0.918483
34	178	0.915616
34	179	0.916581
34	180	0.934661
35	31	1.00358
35	60	1.01909
35	78	1.08548
35	82	0.984629
35	85	1.04111
35	86	1.08395
35	87	1.04077
35	145	0.618652
35	152	1.0538
35	154	1.31637
35	169	0.988154
35	170	0.953392
35	173	0.961547
35	175	2.79303
36	16	1.19115
36	17	1.088
36	21	1.1873
36	39	1.16029
36	43	1.06473
36	47	1.16414
36	52	1.12868
36	71	1.11721
36	96	1.49246
36	127	0.820913
36	142	1.23075
36	164	1.03006
36	173	1.05693
36	176	1.5239
37	1	0.927146
37	9	0.926453
37	18	0.911895
37	38	0.984869
37	45	0.984244
37	53	0.968405
37	117	1.77618
37	125	0.9279
37	131	0.880847
37	148	0.880942
37	152	0.961376
37	160	0.831078
37	164	2.30097
37	167	1.01597
38	1	1.01427
38	9	1.01358
38	18	0.999022
38	37	0.984869
38	45	1.07137
38	53	1.05553
38	125	1.01503
38	148	0.968069
38	152	1.0485
38	157	1.74263
38	160	0.918205
38	161	1.22869
38	166	2.04484
38	167	1.1031
39	13	1.11755
39	17	0.974934
39	21	1.07424
39	23	0.973295
39	36	1.16029
39	43	0.951666
39	47	1.05107
39	52	1.01561
39	71	1.00414
39	111	1.75584
39	133	1.19697
39	142	1.58545
39	164	0.916999
39	173	0.943862
40	27	0.988386
40	28	0.984771
40	29	0.986229
40	41	1.06871
40	55	1.04052
40	61	1.01619
40	62	1.1081
40	104	0.899237
40	139	1.02212
40	152	1.04499
40	169	0.979345
40	170	1.75144
40	174	2.31279
40	176	0.978335
41	27	0.992115
41	28	0.9885
41	29	0.989958
41	40	1.06871
41	55	1.04425
41	61	1.01992
41	136	1.05507
41	139	1.02585
41	145	0.625793
41	152	1.04872
41	158	1.91313
41	169	0.983073
41	170	2.11804
41	176	0.982064
42	133	1.06284
42	141	0.688318
42	151	0.911807
42	157	0.936522
42	159	0.897583
42	162	0.965095
42	167	0.788282
42	168	0.923655
42	170	0.910283
42	172	0.947193
42	177	0.903653
42	178	0.900787
42	179	0.901752
42	180	0.919831
43	13	1.02199
43	16	0.982524
43	17	0.879374
43	23	0.877735
43	36	1.06473
43	39	0.951666
43	47	0.955512
43	52	0.920053
43	71	0.908582
43	123	1.62866
43	136	0.946909
43	164	0.821439
43	173	0.848302
43	180	2.48098
44	14	0.998953
44	32	1.07895
44	64	1.02454
44	74	1.00929
44	77	1.0088
44	79	1.07001
44	81	1.06984
44	118	0.568695
44	158	2.22035
44	161	0.959481
44	162	1.65944
44	167	1.09511
44	174	0.923149
44	176	0.973854
45	1	1.01365
45	9	1.01296
45	18	0.998398
45	37	0.984244
45	38	1.07137
45	53	1.05491
45	125	1.0144
45	142	1.31358
45	148	0.967444
45	152	1.04788
45	153	0.934999
45	156	2.24919
45	160	0.91758
45	167	1.10247
46	85	0.989079
46	113	1.00656
46	128	0.995786
46	142	1.0151
46	152	0.577754
46	163	0.906264
46	165	0.920575
46	168	0.918109
46	171	0.916968
46	175	0.905301
46	177	0.898107
46	178	0.895241
46	179	0.896206
46	180	0.914285
47	16	1.08193
47	17	0.978781
47	21	1.07809
47	23	0.977142
47	36	1.16414
47	39	1.05107
47	43	0.955512
47	52	1.01946
47	71	1.00799
47	92	2.46979
47	112	0.573653
47	113	1.28374
47	164	0.920846
47	173	0.947709
48	49	0.901837
48	59	0.945251
48	67	0.952619
48	73	0.939832
48	80	0.992938
48	93	0.966487
48	116	0.981975
48	124	0.955718
48	127	1.15626
48	129	0.995902
48	131	0.888284
48	160	0.838515
48	161	0.887781
48	165	2.91846
49	48	0.901837
49	59	0.934471
49	83	0.983922
49	88	0.961033
49	93	0.955708
49	110	0.988285
49	116	0.971196
49	124	0.944938
49	129	0.985122
49	131	0.877504
49	160	0.827736
49	161	0.877002
49	166	2.86327
49	176	1.22732
50	16	1.22779
50	75	0.94737
50	109	1.01828
50	122	1.17234
50	133	1.04216
50	150	0.909486
50	158	0.921535
50	159	0.876903
50	166	0.875645
50	168	0.902975
50	171	0.901834
50	175	0.890167
50	176	0.923355
50	178	0.880107
50	180	0.899152
51	89	1.00803
51	100	0.966462
51	101	1.03528
51	106	0.780495
51	120	1.00471
51	122	0.993835
51	130	0.988944
51	132	0.997442
51	134	0.986048
51	135	0.981359
51	140	0.983492
51	141	0.983641
51	166	2.36712
51	167	1.0533
51	180	1.92099
52	13	1.08594
52	16	1.04647
52	17	0.943322
52	21	1.04263
52	36	1.12868
52	39	1.01561
52	43	0.920053
52	47	1.01946
52	71	0.97253
52	103	4.4
52	108	0.903577
52	136	1.01086
52	164	0.885387
52	173	0.91225
52	180	1.2409
53	1	0.997808
53	9	0.997115
53	18	0.982558
53	37	0.968405
53	38	1.05553
53	45	1.05491
53	111	1.47181
53	125	0.998563
53	131	0.951509
53	148	0.951605
53	152	1.03204
53	160	0.901741
53	162	1.45096
53	167	1.08663
53	172	1.87089
54	3	1.03403
54	4	1.14254
54	11	1.12613
54	15	1.11164
54	24	1.11858
54	33	1.11694
54	56	1.06404
54	66	1.13965
54	70	1.04673
54	72	1.11345
54	158	1.04491
54	159	2.40693
54	164	0.973674
54	169	0.743466
54	171	1.46745
55	27	0.963932
55	28	0.960317
55	29	0.961776
55	40	1.04052
55	41	1.04425
55	61	0.991738
55	62	1.08365
55	109	0.977524
55	136	1.02689
55	139	0.997666
55	152	1.02054
55	169	0.954891
55	173	1.81761
55	174	2.1666
55	176	0.953881
56	3	0.937495
56	4	1.046
56	6	0.938569
56	11	1.02959
56	24	1.02204
56	33	1.0204
56	54	1.06404
56	66	1.04311
56	70	0.950194
56	72	1.01691
56	112	1.03457
56	128	1.64449
56	131	2.11748
56	144	0.84607
56	164	0.87714
57	2	0.962399
57	22	1.07082
57	63	1.01103
57	100	0.998506
57	109	1.69243
57	118	0.463592
57	122	1.02588
57	130	1.02099
57	135	1.0134
57	138	1.00602
57	140	1.01554
57	141	1.01569
57	170	0.930345
57	171	2.53778
57	174	0.913392
58	10	0.969694
58	25	0.958327
58	59	0.99683
58	73	0.991411
58	80	1.04452
58	83	1.04628
58	88	1.02339
58	93	1.01807
58	104	1.10886
58	116	1.03355
58	124	1.0073
58	127	1.10965
58	129	1.04748
58	150	2.34167
58	160	0.890095
59	10	0.950749
59	48	0.945251
59	49	0.934471
59	58	0.99683
59	67	0.985253
59	69	1.41719
59	80	1.02557
59	83	1.02734
59	88	1.00445
59	116	1.01461
59	124	0.988352
59	129	1.02854
59	136	1.0078
59	161	0.920416
59	165	1.93491
59	180	2.06551
60	19	1.15936
60	26	1.07047
60	31	0.940079
60	35	1.01909
60	78	1.02198
60	82	0.921127
60	85	0.977604
60	86	1.02045
60	87	0.977269
60	99	0.791669
60	131	1.69666
60	152	0.990301
60	169	0.924652
60	170	0.889891
60	173	0.898046
60	174	2.48672
61	27	0.939599
61	28	0.935984
61	29	0.937443
61	34	1.40304
61	40	1.01619
61	41	1.01992
61	55	0.991738
61	62	1.05931
61	112	1.00767
61	113	1.71776
61	115	1.05122
61	136	1.00256
61	139	0.973333
61	152	0.996207
61	169	0.930558
61	176	0.929548
62	27	1.03151
62	28	1.02789
62	29	1.02935
62	40	1.1081
62	55	1.08365
62	61	1.05931
62	99	0.630452
62	115	1.14313
62	127	0.901493
62	136	1.09447
62	139	1.06524
62	152	1.08812
62	161	1.96174
62	169	1.02247
62	176	1.02146
62	177	2.64825
63	57	1.01103
63	97	0.977897
63	101	1.04185
63	120	1.01129
63	130	0.995516
63	132	1.00401
63	133	0.659876
63	134	0.99262
63	135	0.987931
63	138	0.980546
63	140	0.990064
63	141	0.990213
63	149	2.41734
63	161	2.1613
63	170	0.904873
63	174	0.88792
64	12	0.976028
64	14	0.967478
64	32	1.04748
64	44	1.02454
64	74	0.977811
64	77	0.977323
64	79	1.03854
64	81	1.03836
64	148	0.928603
64	160	3.33863
64	161	0.928005
64	162	0.859153
64	165	1.29399
64	167	1.06363
64	174	0.891673
64	176	0.942378
65	15	0.987297
65	30	0.813709
65	82	1.74768
65	101	1.0045
65	122	0.963057
65	140	0.952714
65	141	0.952863
65	146	0.920904
65	161	0.886901
65	167	1.02253
65	172	0.904433
65	174	0.85057
65	176	0.901274
65	177	0.860893
65	178	0.858027
65	180	0.877071
66	3	1.0131
66	4	1.12161
66	6	1.01417
66	11	1.10519
66	15	1.09071
66	24	1.09765
66	33	1.09601
66	54	1.13965
66	56	1.04311
66	70	1.0258
66	72	1.09252
66	106	1.24608
66	155	1.54076
66	156	1.83922
66	162	1.05316
66	164	0.952744
67	48	0.952619
67	59	0.985253
67	73	0.979834
67	80	1.03294
67	88	1.01181
67	93	1.00649
67	112	1.04713
67	116	1.02198
67	124	0.99572
67	129	1.0359
67	131	0.928286
67	155	1.69937
67	160	0.878517
67	161	0.927783
67	169	1.47122
67	170	1.97758
68	19	0.933879
68	97	1.57494
68	149	0.924774
68	155	0.935693
68	159	0.889668
68	162	0.957181
68	163	0.903896
68	165	0.918206
68	166	0.88841
68	169	0.93713
68	171	0.9146
68	175	0.902932
68	177	0.895739
68	178	0.892872
68	179	0.893838
68	180	0.911917
69	59	1.41719
69	87	0.98932
69	91	1.04805
69	95	0.877504
69	157	0.917153
69	162	0.945726
69	165	0.906751
69	168	0.904285
69	169	0.925675
69	171	0.903145
69	172	0.927823
69	174	0.87396
69	177	0.884284
69	178	0.881417
69	179	0.882382
69	180	0.900462
70	3	0.920181
70	4	1.02869
70	6	0.921255
70	11	1.01228
70	15	0.997794
70	24	1.00473
70	33	1.00309
70	54	1.04673
70	56	0.950194
70	66	1.0258
70	72	0.999598
70	75	1.27573
70	112	1.01726
70	164	0.859826
70	171	1.91218
70	173	1.90691
71	13	1.07447
71	16	1.035
71	17	0.931851
71	21	1.03116
71	23	0.930212
71	36	1.11721
71	39	1.00414
71	43	0.908582
71	47	1.00799
71	52	0.97253
71	94	1.95463
71	133	1.28158
71	136	0.999386
71	154	1.7909
71	164	0.873915
71	173	0.900779
72	3	0.986899
72	4	1.09541
72	6	0.987973
72	11	1.07899
72	15	1.06451
72	24	1.07145
72	33	1.06981
72	54	1.11345
72	56	1.01691
72	66	1.09252
72	70	0.999598
72	112	1.08398
72	115	0.991494
72	125	1.06597
72	163	2.65384
72	164	0.926544
72	172	1.54804
73	10	0.94533
73	25	0.933963
73	48	0.939832
73	58	0.991411
73	67	0.979834
73	83	1.02192
73	88	0.999028
73	93	0.993702
73	116	1.00919
73	124	0.982933
73	129	1.02312
73	131	0.915499
73	136	1.00238
73	148	1.66918
73	160	0.86573
73	165	1.67179
73	178	2.23421
74	12	0.960776
74	14	0.952225
74	32	1.03222
74	44	1.00929
74	64	0.977811
74	77	0.962071
74	79	1.02328
74	81	1.02311
74	139	0.97091
74	148	0.91335
74	154	1.14799
74	161	0.912752
74	167	1.04838
74	172	1.59662
74	174	0.876421
74	175	2.62464
74	176	0.927125
75	50	0.94737
75	70	1.27573
75	80	1.36651
75	106	0.988568
75	128	0.973004
75	143	0.976155
75	149	0.904361
75	150	0.901838
75	155	0.91528
75	160	0.852068
75	171	0.894187
75	172	0.918866
75	177	0.875326
75	178	0.872459
75	179	0.873424
75	180	0.891504
76	7	0.695474
76	134	0.399893
76	135	0.0216319
76	136	0.771479
76	158	1.07058
76	159	1.02594
76	161	1.05802
76	162	1.09346
76	163	1.04017
76	166	1.02469
76	171	1.05087
76	174	1.02169
76	175	1.03921
76	177	1.03201
76	178	1.02915
76	179	1.03011
76	180	1.04819
77	12	0.960288
77	14	0.951737
77	32	1.03174
77	44	1.0088
77	64	0.977323
77	74	0.962071
77	79	1.0228
77	81	1.02262
77	139	0.970422
77	147	1.52631
77	148	0.912862
77	150	2.13091
77	161	0.912264
77	162	1.45828
77	167	1.04789
77	174	0.875932
77	176	0.926637
78	19	1.22574
78	26	1.13685
78	31	1.00646
78	35	1.08548
78	60	1.02198
78	82	0.987511
78	85	1.04399
78	86	1.08683
78	87	1.04365
78	91	0.836349
78	152	1.05668
78	160	3.09782
78	168	0.946956
78	169	0.991035
78	170	0.956274
78	173	0.964429
78	177	1.50027
79	12	1.0215
79	14	1.01295
79	32	1.09295
79	44	1.07001
79	64	1.03854
79	74	1.02328
79	77	1.0228
79	81	1.08383
79	121	1.04579
79	126	2.70858
79	139	1.03164
79	148	0.974077
79	161	0.973479
79	162	0.951448
79	167	1.1091
79	172	1.37137
79	174	0.937147
79	176	0.987852
80	25	0.987069
80	48	0.992938
80	58	1.04452
80	59	1.02557
80	67	1.03294
80	75	1.36651
80	88	1.05213
80	93	1.04681
80	112	1.08745
80	113	0.765362
80	116	1.0623
80	124	1.03604
80	129	1.07622
80	136	1.05549
80	160	0.918837
80	161	0.968103
80	171	2.00296
80	176	1.16311
81	12	1.02133
81	14	1.01277
81	32	1.09277
81	44	1.06984
81	64	1.03836
81	74	1.02311
81	77	1.02262
81	79	1.08383
81	139	1.03146
81	146	0.881416
81	148	0.9739
81	161	0.973302
81	167	1.10893
81	174	0.93697
81	175	1.55937
81	176	0.987675
81	178	1.87667
81	179	2.20262
82	19	1.12489
82	26	1.03601
82	31	0.905613
82	35	0.984629
82	60	0.921127
82	65	1.74768
82	78	0.987511
82	85	0.943139
82	86	0.985987
82	87	0.942804
82	110	0.986087
82	115	1.01085
82	139	1.51151
82	152	0.955836
82	153	1.34962
82	169	0.890187
82	170	0.855426
82	173	0.863581
83	10	1.0002
83	25	0.988833
83	49	0.983922
83	58	1.04628
83	59	1.02734
83	73	1.02192
83	88	1.0539
83	93	1.04857
83	115	0.603154
83	116	1.06406
83	124	1.0378
83	125	1.01742
83	129	1.07799
83	136	1.05725
83	161	0.969867
83	163	2.16484
83	166	2.41866
83	172	1.05903
84	27	1.92383
84	97	0.292179
84	130	0.0256452
84	133	1.08627
84	137	0.960528
84	143	1.02792
84	153	1.03656
84	158	0.965649
84	159	0.921017
84	164	0.915009
84	165	0.949555
84	166	0.919759
84	171	0.945948
84	175	0.934281
84	177	0.927087
84	178	0.924221
84	179	0.925186
84	180	0.943265
85	19	1.18137
85	26	1.09248
85	31	0.96209
85	35	1.04111
85	46	0.989079
85	60	0.977604
85	78	1.04399
85	82	0.943139
85	86	1.04246
85	87	0.99928
85	110	1.04256
85	112	0.686387
85	115	1.06733
85	152	1.01231
85	161	2.11537
85	165	2.35478
85	169	0.946663
85	170	0.911902
85	173	0.920057
86	19	1.22422
86	26	1.13533
86	31	1.00494
86	35	1.08395
86	60	1.02045
86	78	1.08683
86	82	0.985987
86	85	1.04246
86	87	1.04213
86	102	0.707092
86	145	0.771179
86	152	1.05516
86	169	0.989511
86	170	0.95475
86	173	0.962905
86	174	2.04806
86	177	2.3708
87	19	1.18104
87	26	1.09215
87	31	0.961755
87	35	1.04077
87	60	0.977269
87	69	0.98932
87	78	1.04365
87	82	0.942804
87	85	0.99928
87	86	1.04213
87	110	1.04223
87	115	1.06699
87	119	2.61104
87	149	1.52367
87	152	1.01198
87	158	0.865136
87	169	0.946329
87	170	0.911567
87	173	0.919723
88	25	0.965944
88	49	0.961033
88	58	1.02339
88	59	1.00445
88	67	1.01181
88	73	0.999028
88	80	1.05213
88	83	1.0539
88	92	1.53021
88	93	1.02568
88	110	1.05826
88	116	1.04117
88	124	1.01491
88	129	1.0551
88	136	1.03436
88	159	2.52124
88	160	0.897711
88	169	0.857768
88	173	1.57648
89	5	1.08684
89	51	1.00803
89	90	1.03968
89	97	1.00694
89	98	1.00787
89	115	0.728237
89	120	1.04033
89	128	1.37994
89	130	1.02456
89	132	1.03306
89	134	1.02167
89	135	1.01698
89	138	1.00959
89	140	1.01911
89	141	1.01926
89	142	1.16628
89	170	0.933919
89	174	0.916966
89	177	2.96574
90	2	0.962003
90	7	1.08551
90	89	1.03968
90	91	0.760166
90	97	1.00297
90	114	0.654527
90	120	1.03636
90	130	1.02059
90	132	1.02909
90	134	1.0177
90	135	1.01301
90	138	1.00562
90	140	1.01514
90	141	1.01529
90	164	2.40558
90	167	1.08495
90	170	0.929949
90	173	2.38209
90	174	0.912996
91	23	1.49818
91	69	1.04805
91	78	0.836349
91	90	0.760166
91	122	0.305435
91	143	1.07553
91	150	1.00121
91	151	0.982851
91	155	1.01465
91	159	0.968627
91	165	0.997165
91	166	0.967369
91	169	1.01609
91	171	0.993558
91	172	1.01824
91	175	0.981891
91	177	0.974698
91	178	0.971831
91	179	0.972796
91	180	0.990876
92	47	2.46979
92	88	1.53021
92	106	0.973148
92	113	0.968356
92	123	0.927635
92	151	0.86806
92	156	0.906888
92	157	0.892775
92	163	0.868063
92	164	0.847827
92	165	0.882373
92	166	0.852577
92	168	0.879908
92	172	0.903446
92	173	0.874691
92	175	0.867099
92	177	0.859906
92	178	0.857039
92	179	0.858004
92	180	0.876084
93	10	0.971985
93	25	0.960618
93	48	0.966487
93	49	0.955708
93	58	1.01807
93	67	1.00649
93	73	0.993702
93	80	1.04681
93	83	1.04857
93	88	1.02568
93	112	1.061
93	114	0.588838
93	116	1.03585
93	124	1.00959
93	129	1.04977
93	154	1.30952
93	160	0.892386
93	161	0.941652
93	168	2.43482
93	170	2.10405
94	22	0.861593
94	71	1.95463
94	96	0.973161
94	115	1.04863
94	119	0.913384
94	141	0.69136
94	142	1.00357
94	151	0.894731
94	153	0.996046
94	154	0.960981
94	157	0.919446
94	158	0.925139
94	162	0.948019
94	168	0.906579
94	171	0.905438
94	172	0.930117
94	175	0.893771
94	177	0.886577
94	178	0.883711
94	179	0.884676
94	180	0.902755
95	69	0.877504
95	119	0.830957
95	121	0.887834
95	128	0.901828
95	132	3.27583
95	144	0.93418
95	147	0.869661
95	148	0.830756
95	149	0.833185
95	160	0.780892
95	162	0.865592
95	165	0.826618
95	166	0.796821
95	168	0.824152
95	171	0.823011
95	172	0.84769
95	175	0.811344
95	177	0.80415
95	178	0.801283
95	179	0.802249
95	180	0.820328
96	20	1.24386
96	36	1.49246
96	94	0.973161
96	103	0.887816
96	106	1.01076
96	113	1.00596
96	150	0.924026
96	152	0.852812
96	154	0.971917
96	158	0.936075
96	163	0.90567
96	168	0.917516
96	169	0.938905
96	171	0.916375
96	172	0.941054
96	175	0.904707
96	176	0.937895
96	177	0.897514
96	178	0.894647
96	179	0.895612
96	180	0.913692
97	7	1.05277
97	63	0.977897
97	68	1.57494
97	84	0.292179
97	89	1.00694
97	90	1.00297
97	98	0.971162
97	100	0.965374
97	101	1.03419
97	120	1.00363
97	122	0.992747
97	130	0.987856
97	132	0.996355
97	134	0.98496
97	135	0.980271
97	138	0.972886
97	140	0.982404
97	141	0.982553
97	145	0.777672
97	174	0.88026
97	178	2.82957
98	5	1.05106
98	8	0.948234
98	22	1.03861
98	89	1.00787
98	97	0.971162
98	99	1.62096
98	100	0.9663
98	101	1.03511
98	120	1.00455
98	130	0.988781
98	132	0.99728
98	134	0.985885
98	138	0.973812
98	139	1.62261
98	140	0.983329
98	141	0.983479
98	143	1.61632
98	153	1.46072
98	167	1.05314
98	170	0.898138
98	174	0.881185
99	60	0.791669
99	62	0.630452
99	98	1.62096
99	119	0.960678
99	121	1.01755
99	126	0.934324
99	127	1.10383
99	129	0.822966
99	143	1.0347
99	144	1.0639
99	149	0.962905
99	155	0.973824
99	157	0.966739
99	158	0.972432
99	162	0.995312
99	163	0.942027
99	172	0.97741
99	175	0.941064
99	177	0.933871
99	178	0.931004
99	179	0.931969
99	180	0.950049
100	8	0.942446
100	22	1.03282
100	51	0.966462
100	57	0.998506
100	97	0.965374
100	98	0.9663
100	105	2.30134
100	107	2.13476
100	110	1.02301
100	120	0.998763
100	130	0.982993
100	132	0.991492
100	134	0.980097
100	135	0.975408
100	138	0.968024
100	140	0.977541
100	141	0.977691
100	156	1.15043
100	157	1.84171
100	167	1.04735
100	170	0.89235
100	174	0.875397
101	2	0.993218
101	51	1.03528
101	63	1.04185
101	65	1.0045
101	97	1.03419
101	98	1.03511
101	122	1.0567
101	130	1.05181
101	132	1.06031
101	134	1.04891
101	135	1.04422
101	138	1.03684
101	140	1.04635
101	141	1.0465
101	144	0.958542
101	148	1.59722
101	167	1.11617
101	170	0.961164
101	174	0.944211
101	175	1.84496
101	178	2.16225
101	180	1.73043
102	86	0.707092
102	124	0.601192
102	126	0.951325
102	134	1.18712
102	141	0.0675568
102	145	1.11495
102	146	1.01088
102	150	0.977383
102	154	1.02527
102	157	0.98374
102	159	0.9448
102	165	0.973338
102	166	0.943542
102	168	0.970873
102	171	0.969732
102	172	0.994411
102	174	0.940547
102	175	0.958064
102	177	0.950871
102	178	0.948004
102	179	0.948969
102	180	0.967049
103	30	0.754047
103	52	4.4
103	96	0.887816
103	106	0.914474
103	107	0.830864
103	117	0.885665
103	126	0.801685
103	137	0.834672
103	143	0.902061
103	145	0.965315
103	156	0.848213
103	158	0.839793
103	165	0.823699
103	166	0.793903
103	168	0.821233
103	171	0.820092
103	172	0.844771
103	175	0.808425
103	177	0.801231
103	178	0.798365
103	179	0.79933
103	180	0.817409
104	40	0.899237
104	58	1.10886
104	107	0.972262
104	111	1.02243
104	116	0.865606
104	129	0.630671
104	149	0.971664
104	153	1.0521
104	155	0.982582
104	156	0.989611
104	158	0.98119
104	159	0.936558
104	163	0.950785
104	164	0.93055
104	166	0.9353
104	168	0.96263
104	171	0.96149
104	172	0.986168
104	175	0.949822
104	177	0.942629
104	178	0.939762
104	179	0.940727
104	180	0.958807
105	100	2.30134
105	113	0.939118
105	114	0.950742
105	117	0.915102
105	118	1.0013
105	123	0.898397
105	126	0.831122
105	132	1.17449
105	145	0.994752
105	147	0.896179
105	149	0.859703
105	150	0.85718
105	159	0.824597
105	162	0.89211
105	166	0.823339
105	168	0.85067
105	171	0.849529
105	172	0.874208
105	177	0.830668
105	178	0.827801
105	179	0.828766
105	180	0.846846
106	5	1.09322
106	51	0.780495
106	66	1.24608
106	75	0.988568
106	92	0.973148
106	96	1.01076
106	103	0.914474
106	127	1.09414
106	145	1.08826
106	153	1.03364
106	157	0.957041
106	159	0.918102
106	162	0.985614
106	165	0.94664
106	166	0.916843
106	167	0.849228
106	171	0.943033
106	172	0.967712
106	175	0.931366
106	177	0.924172
106	178	0.921306
106	179	0.922271
106	180	0.94035
107	8	2.46524
107	34	0.948116
107	100	2.13476
107	103	0.830864
107	104	0.972262
107	113	0.949013
107	128	0.938241
107	150	0.867075
107	151	0.848716
107	154	0.914966
107	159	0.834492
107	161	0.866571
107	163	0.848719
107	165	0.86303
107	166	0.833234
107	168	0.860564
107	169	0.881954
107	172	0.884102
107	175	0.847756
107	177	0.840563
107	178	0.837696
107	179	0.838661
107	180	0.856741
108	22	1.37902
108	52	0.903577
108	130	1.45024
108	137	0.918756
108	142	1.00231
108	143	0.986145
108	144	1.01535
108	146	0.945326
108	150	0.911827
108	154	0.959719
108	156	0.932297
108	157	0.918184
108	159	0.879244
108	162	0.946757
108	163	0.893472
108	164	0.873236
108	165	0.907782
108	172	0.928855
108	175	0.892508
108	178	0.882448
108	179	0.883414
108	180	0.901493
109	13	0.940445
109	32	0.989605
109	50	1.01828
109	55	0.977524
109	57	1.69243
109	126	0.946687
109	151	0.954386
109	156	0.993215
109	157	0.979102
109	158	0.984794
109	160	0.922975
109	162	1.00767
109	163	0.954389
109	166	0.938904
109	168	0.966235
109	169	0.987624
109	171	0.965094
109	172	0.989772
109	175	0.953426
109	177	0.946233
109	178	0.943366
109	179	0.944331
109	180	0.962411
110	49	0.988285
110	82	0.986087
110	85	1.04256
110	87	1.04223
110	88	1.05826
110	100	1.02301
110	116	1.06842
110	122	1.05038
110	124	1.04217
110	125	1.02179
110	129	1.08235
110	135	1.03791
110	139	1.17212
110	140	1.04004
110	141	1.04019
110	143	1.16584
110	145	0.811934
110	168	2.63495
110	169	0.989612
110	170	0.954851
110	173	0.963006
110	174	0.937897
110	176	1.68197
111	39	1.75584
111	53	1.47181
111	104	1.02243
111	137	0.924176
111	149	0.91977
111	152	0.761489
111	153	1.0002
111	157	0.923604
111	158	0.929297
111	159	0.884665
111	162	0.952177
111	163	0.898892
111	164	0.878656
111	165	0.913203
111	166	0.883407
111	168	0.910737
111	171	0.909596
111	172	0.934275
111	175	0.897929
111	177	0.890735
111	178	0.887869
111	179	0.888834
111	180	0.906913
112	11	1.09666
112	15	1.08217
112	28	1.10365
112	47	0.573653
112	56	1.03457
112	61	1.00767
112	67	1.04713
112	70	1.01726
112	72	1.08398
112	80	1.08745
112	85	0.686387
112	93	1.061
112	124	1.05023
112	129	1.09041
112	134	0.711658
112	155	0.996237
112	158	0.994844
112	164	0.944204
112	175	0.963476
112	177	0.956283
112	178	0.953416
112	179	0.954381
112	180	0.972461
113	46	1.00656
113	47	1.28374
113	61	1.71776
113	80	0.765362
113	92	0.968356
113	96	1.00596
113	105	0.939118
113	107	0.949013
113	128	1.01706
113	144	1.04941
113	153	1.02885
113	154	0.993783
113	157	0.952249
113	160	0.896122
113	166	0.912051
113	167	0.402153
113	168	0.939382
113	171	0.938241
113	175	0.926573
113	176	0.959761
113	177	0.91938
113	178	0.916513
113	179	0.917478
113	180	0.935558
114	12	1.80734
114	90	0.654527
114	93	0.588838
114	105	0.950742
114	136	1.29809
114	137	0.964444
114	146	0.991014
114	148	0.95761
114	150	0.957515
114	153	1.04047
114	156	0.977985
114	158	0.969565
114	162	0.992445
114	165	0.953471
114	166	0.923675
114	168	0.951005
114	170	0.937633
114	171	0.949864
114	172	0.974543
114	175	0.938197
114	177	0.931003
114	178	0.928137
114	179	0.929102
114	180	0.947181
115	17	1.49642
115	61	1.05122
115	62	1.14313
115	72	0.991494
115	82	1.01085
115	83	0.603154
115	85	1.06733
115	87	1.06699
115	89	0.728237
115	94	1.04863
115	140	0.107274
115	152	1.08002
115	163	0.981141
115	168	0.992987
115	169	1.01438
115	170	0.979614
115	172	1.01652
115	173	0.98777
115	175	0.980178
115	176	1.01337
115	178	0.970118
115	179	0.971083
115	180	0.989163
116	10	0.987474
116	25	0.976107
116	48	0.981975
116	49	0.971196
116	58	1.03355
116	59	1.01461
116	67	1.02198
116	73	1.00919
116	80	1.0623
116	83	1.06406
116	88	1.04117
116	93	1.03585
116	104	0.865606
116	110	1.06842
116	117	1.90265
116	124	1.02508
116	125	1.0047
116	129	1.06526
116	131	0.957643
116	143	1.05326
116	147	1.49381
116	160	0.907874
116	161	0.95714
116	172	1.84571
117	21	0.921169
117	37	1.77618
117	103	0.885665
117	105	0.915102
117	116	1.90265
117	123	0.963092
117	126	0.895818
117	137	0.928804
117	147	0.960875
117	154	0.969767
117	155	0.935317
117	157	0.928233
117	159	0.889293
117	162	0.956806
117	166	0.888035
117	168	0.915365
117	171	0.914225
117	175	0.902557
117	176	0.935745
117	177	0.895364
117	178	0.892497
117	179	0.893462
117	180	0.911542
118	12	1.46598
118	16	0.696492
118	27	1.60524
118	30	0.93438
118	44	0.568695
118	57	0.463592
118	105	1.0013
118	142	1.09856
118	144	1.11159
118	149	1.0106
118	153	1.09103
118	158	1.02013
118	162	1.04301
118	163	0.98972
118	164	0.969485
118	165	1.00403
118	166	0.974235
118	172	1.0251
118	174	0.97124
118	175	0.988757
118	177	0.981564
118	178	0.978697
118	179	0.979662
118	180	0.997742
119	33	2.18896
119	87	2.61104
119	94	0.913384
119	95	0.830957
119	99	0.960678
119	121	0.921421
119	126	0.838191
119	144	0.967767
119	147	0.903248
119	150	0.864249
119	156	0.884719
119	157	0.870606
119	163	0.845893
119	165	0.860204
119	166	0.830408
119	168	0.857739
119	171	0.856598
119	172	0.881277
119	175	0.84493
119	176	0.878118
119	177	0.837737
119	178	0.83487
119	179	0.835835
119	180	0.853915
120	8	0.980697
120	51	1.00471
120	63	1.01129
120	89	1.04033
120	90	1.03636
120	97	1.00363
120	98	1.00455
120	100	0.998763
120	122	1.02614
120	130	1.02124
120	132	1.02974
120	133	0.609358
120	134	1.01835
120	135	1.01366
120	138	1.00627
120	140	1.01579
120	141	1.01594
120	143	0.774857
120	148	2.34758
120	151	2.52384
120	158	1.70829
120	167	1.0856
120	170	0.930601
120	174	0.913648
121	1	2.10837
121	79	1.04579
121	95	0.887834
121	99	1.01755
121	119	0.921421
121	126	0.895067
121	146	0.954625
121	147	0.960124
121	150	0.921126
121	152	0.834983
121	155	0.934567
121	158	0.933175
121	163	0.90277
121	165	0.917081
121	166	0.887285
121	170	0.901243
121	171	0.913474
121	172	0.938153
121	175	0.901807
121	177	0.894614
121	178	0.891747
121	179	0.892712
121	180	0.910792
122	20	1.04758
122	22	1.06019
122	34	0.380321
122	50	1.17234
122	51	0.993835
122	57	1.02588
122	65	0.963057
122	91	0.305435
122	97	0.992747
122	101	1.0567
122	110	1.05038
122	120	1.02614
122	130	1.01037
122	132	1.01886
122	134	1.00747
122	135	1.00278
122	138	0.995396
122	140	1.00491
122	141	1.00506
122	164	1.95085
122	167	1.07473
122	170	0.919723
122	174	0.90277
122	180	2.2826
123	7	2.08788
123	13	1.28346
123	30	0.831474
123	43	1.62866
123	92	0.927635
123	105	0.898397
123	117	0.963092
123	142	0.995654
123	146	0.938669
123	149	0.907693
123	154	0.953062
123	156	0.92564
123	158	0.91722
123	162	0.9401
123	164	0.86658
123	165	0.901126
123	166	0.87133
123	171	0.897519
123	172	0.922198
123	173	0.893443
123	175	0.885852
123	177	0.878659
123	178	0.875792
123	179	0.876757
123	180	0.894837
124	10	0.961216
124	25	0.949849
124	48	0.955718
124	49	0.944938
124	58	1.0073
124	59	0.988352
124	67	0.99572
124	73	0.982933
124	80	1.03604
124	83	1.0378
124	88	1.01491
124	93	1.00959
124	102	0.601192
124	110	1.04217
124	112	1.05023
124	116	1.02508
124	125	0.978439
124	129	1.039
124	131	0.931385
124	136	1.01827
124	151	2.46643
124	160	0.881616
124	161	0.930882
124	170	1.85579
124	172	1.5099
124	176	1.23358
125	4	1.08493
125	10	0.940836
125	18	0.942054
125	26	1.07028
125	37	0.9279
125	38	1.01503
125	45	1.0144
125	53	0.998563
125	72	1.06597
125	83	1.01742
125	110	1.02179
125	116	1.0047
125	124	0.978439
125	129	1.01862
125	131	0.911005
125	135	1.23549
125	137	0.917935
125	159	0.878424
125	160	0.861236
125	167	1.04613
125	172	0.928034
125	175	0.891688
125	177	0.884494
125	179	0.882593
125	180	0.900672
126	14	2.49142
126	79	2.70858
126	99	0.934324
126	102	0.951325
126	103	0.801685
126	105	0.831122
126	109	0.946687
126	117	0.895818
126	119	0.838191
126	121	0.895067
126	128	0.909062
126	142	0.92838
126	145	0.975467
126	149	0.840419
126	151	0.819537
126	153	0.920853
126	154	0.885787
126	156	0.858366
126	160	0.788126
126	165	0.833851
126	172	0.854923
126	175	0.818577
126	177	0.811384
126	178	0.808517
126	179	0.809482
126	180	0.827562
127	24	0.683779
127	36	0.820913
127	48	1.15626
127	58	1.10965
127	62	0.901493
127	99	1.10383
127	106	1.09414
127	144	1.11092
127	145	1.14498
127	147	1.0464
127	149	1.00993
127	153	1.09036
127	155	1.02085
127	158	1.01946
127	159	0.974823
127	162	1.04234
127	163	0.98905
127	165	1.00336
127	166	0.973565
127	167	0.0969194
127	171	0.999755
127	172	1.02443
127	175	0.988087
127	177	0.980894
127	178	0.978027
127	179	0.978992
127	180	0.997072
128	4	1.21118
128	5	0.9644
128	46	0.995786
128	56	1.64449
128	75	0.973004
128	89	1.37994
128	95	0.901828
128	107	0.938241
128	113	1.01706
128	126	0.909062
128	139	0.992774
128	145	1.07269
128	151	0.916762
128	153	1.01808
128	155	0.948562
128	159	0.902537
128	163	0.916765
128	165	0.931075
128	166	0.901279
128	171	0.927469
128	175	0.915801
128	176	0.948989
128	177	0.908608
128	178	0.905741
128	179	0.906707
128	180	0.924786
129	10	1.0014
129	25	0.990033
129	48	0.995902
129	49	0.985122
129	58	1.04748
129	59	1.02854
129	67	1.0359
129	73	1.02312
129	80	1.07622
129	83	1.07799
129	88	1.0551
129	93	1.04977
129	99	0.822966
129	104	0.630671
129	110	1.08235
129	112	1.09041
129	116	1.06526
129	124	1.039
129	125	1.01862
129	131	0.971569
129	136	1.05845
129	139	0.82461
129	153	0.662723
129	160	0.9218
129	161	0.971066
129	171	2.1743
129	174	2.51802
130	5	1.06776
130	7	1.07039
130	20	1.04269
130	51	0.988944
130	57	1.02099
130	63	0.995516
130	84	0.0256452
130	89	1.02456
130	90	1.02059
130	97	0.987856
130	98	0.988781
130	100	0.982993
130	101	1.05181
130	108	1.45024
130	120	1.02124
130	122	1.01037
130	132	1.01397
130	134	1.00258
130	135	0.99789
130	137	1.70332
130	138	0.990505
130	140	1.00002
130	141	1.00017
130	157	2.27514
130	167	1.06983
130	170	0.914832
130	171	1.78124
130	172	1.21773
130	174	0.897879
131	9	0.909557
131	18	0.895
131	37	0.880847
131	48	0.888284
131	49	0.877504
131	53	0.951509
131	56	2.11748
131	60	1.69666
131	67	0.928286
131	73	0.915499
131	116	0.957643
131	124	0.931385
131	125	0.911005
131	129	0.971569
131	141	1.09344
131	148	0.864047
131	150	0.863953
131	152	0.944481
131	154	0.911844
131	157	0.87031
131	160	0.814183
131	161	0.863449
131	167	0.999073
131	168	0.857442
131	174	0.827117
131	177	0.837441
131	179	0.835539
131	180	0.853619
132	2	0.955385
132	5	1.07626
132	7	1.07889
132	8	0.973426
132	20	1.05119
132	51	0.997442
132	63	1.00401
132	89	1.03306
132	90	1.02909
132	95	3.27583
132	97	0.996355
132	98	0.99728
132	100	0.991492
132	101	1.06031
132	105	1.17449
132	120	1.02974
132	122	1.01886
132	130	1.01397
132	134	1.01108
132	135	1.00639
132	138	0.999004
132	140	1.00852
132	141	1.00867
132	146	1.07942
132	156	1.0992
132	157	1.06083
132	170	0.92333
132	174	0.906377
132	179	1.67468
133	39	1.19697
133	42	1.06284
133	50	1.04216
133	63	0.659876
133	71	1.28158
133	84	1.08627
133	120	0.609358
133	135	0.759615
133	146	1.03012
133	147	1.03562
133	150	0.996625
133	151	0.978266
133	153	1.07958
133	156	1.01709
133	158	1.00867
133	159	0.964042
133	162	1.03155
133	165	0.99258
133	166	0.962784
133	167	0.118279
133	168	0.990114
133	169	1.0115
133	171	0.988973
133	172	1.01365
133	175	0.977306
133	177	0.970113
133	178	0.967246
133	179	0.968211
133	180	0.986291
134	2	0.94399
134	5	1.06486
134	8	0.962032
134	20	1.0398
134	22	1.05241
134	51	0.986048
134	63	0.99262
134	76	0.399893
134	89	1.02167
134	90	1.0177
134	97	0.98496
134	98	0.985885
134	100	0.980097
134	101	1.04891
134	102	1.18712
134	112	0.711658
134	120	1.01835
134	122	1.00747
134	130	1.00258
134	132	1.01108
134	135	0.994994
134	138	0.987609
134	140	0.997127
134	141	0.997276
134	144	0.941586
134	156	2.46196
134	167	1.06694
134	170	0.911936
134	174	0.894983
134	176	1.8195
135	2	0.939301
135	5	1.06017
135	20	1.03511
135	22	1.04772
135	51	0.981359
135	57	1.0134
135	63	0.987931
135	76	0.0216319
135	89	1.01698
135	90	1.01301
135	97	0.980271
135	100	0.975408
135	101	1.04422
135	110	1.03791
135	120	1.01366
135	122	1.00278
135	125	1.23549
135	130	0.99789
135	132	1.00639
135	133	0.759615
135	134	0.994994
135	138	0.98292
135	140	0.992438
135	141	0.992587
135	147	1.36567
135	167	1.06225
135	170	0.907247
135	174	0.890294
135	176	1.44124
135	177	2.94755
136	13	1.11279
136	21	1.06948
136	23	0.968539
136	28	0.971138
136	41	1.05507
136	43	0.946909
136	52	1.01086
136	55	1.02689
136	59	1.0078
136	61	1.00256
136	62	1.09447
136	71	0.999386
136	73	1.00238
136	76	0.771479
136	80	1.05549
136	83	1.05725
136	88	1.03436
136	114	1.29809
136	124	1.01827
136	129	1.05845
136	143	1.67496
136	144	1.31317
136	145	1.32106
136	153	1.51936
136	160	0.901063
136	164	0.912242
136	169	0.965712
136	173	0.939106
136	176	0.964703
137	15	2.02288
137	84	0.960528
137	103	0.834672
137	108	0.918756
137	111	0.924176
137	114	0.964444
137	117	0.928804
137	125	0.917935
137	130	1.70332
137	140	1.60038
137	144	0.9744
137	145	1.00845
137	146	0.904382
137	149	0.873405
137	151	0.852524
137	154	0.918774
137	156	0.891352
137	157	0.877239
137	160	0.821113
137	165	0.866838
137	166	0.837042
137	168	0.864372
137	171	0.863231
137	172	0.88791
137	174	0.834047
137	175	0.851564
137	177	0.844371
137	178	0.841504
137	179	0.842469
137	180	0.860549
138	2	0.931916
138	5	1.05279
138	7	1.05542
138	8	0.949958
138	20	1.02772
138	22	1.04033
138	57	1.00602
138	63	0.980546
138	89	1.00959
138	90	1.00562
138	97	0.972886
138	98	0.973812
138	100	0.968024
138	101	1.03684
138	120	1.00627
138	122	0.995396
138	130	0.990505
138	132	0.999004
138	134	0.987609
138	135	0.98292
138	140	0.985053
138	141	0.985203
138	144	1.02648
138	145	1.03436
138	147	1.82882
138	154	1.73208
138	162	1.76079
138	167	1.05487
138	170	0.899862
138	172	2.18071
138	174	0.882909
139	19	0.869151
139	27	0.945528
139	29	0.943371
139	40	1.02212
139	41	1.02585
139	55	0.997666
139	61	0.973333
139	62	1.06524
139	74	0.97091
139	77	0.970422
139	79	1.03164
139	81	1.03146
139	82	1.51151
139	98	1.62261
139	110	1.17212
139	128	0.992774
139	129	0.82461
139	147	0.960607
139	155	0.935049
139	160	0.871838
139	161	0.921104
139	167	1.05673
139	169	0.936487
139	174	0.884772
139	175	0.902289
139	176	0.935477
139	177	0.895096
139	178	0.892229
139	179	0.893194
139	180	0.911274
140	2	0.941434
140	5	1.0623
140	7	1.06494
140	8	0.959476
140	20	1.03724
140	22	1.04985
140	51	0.983492
140	57	1.01554
140	63	0.990064
140	65	0.952714
140	89	1.01911
140	90	1.01514
140	97	0.982404
140	98	0.983329
140	100	0.977541
140	101	1.04635
140	110	1.04004
140	115	0.107274
140	120	1.01579
140	122	1.00491
140	130	1.00002
140	132	1.00852
140	134	0.997127
140	135	0.992438
140	137	1.60038
140	138	0.985053
140	141	0.99472
140	150	1.3675
140	155	1.18247
140	161	1.65827
140	167	1.06438
140	170	0.90938
140	173	1.67304
140	174	0.892427
140	179	2.78605
141	2	0.941584
141	5	1.06245
141	7	1.06509
141	8	0.959625
141	20	1.03739
141	22	1.05
141	42	0.688318
141	51	0.983641
141	57	1.01569
141	63	0.990213
141	65	0.952863
141	89	1.01926
141	90	1.01529
141	94	0.69136
141	97	0.982553
141	98	0.983479
141	100	0.977691
141	101	1.0465
141	102	0.0675568
141	110	1.04019
141	120	1.01594
141	122	1.00506
141	130	1.00017
141	131	1.09344
141	132	1.00867
141	134	0.997276
141	135	0.992587
141	138	0.985203
141	140	0.99472
141	163	2.08207
141	167	1.06453
141	170	0.909529
141	174	0.892576
141	179	2.64753
141	180	1.88976
142	30	0.880741
142	32	0.701972
142	36	1.23075
142	39	1.58545
142	45	1.31358
142	46	1.0151
142	89	1.16628
