1	64	0.911391
1	80	0.936216
1	118	0.924372
1	121	0.957648
1	122	2.34175
1	125	0.946151
1	129	0.981104
1	131	0.939964
1	133	0.969172
1	140	0.929545
1	163	0.842547
1	178	2.55677
2	4	0.982045
2	14	0.94898
2	21	0.850962
2	34	0.920606
2	35	1.02367
2	36	0.920206
2	87	0.837036
2	134	0.917229
2	136	0.903257
2	140	0.967838
2	146	2.26193
2	172	2.77432
3	5	0.766241
3	6	0.921179
3	24	0.842094
3	25	0.863805
3	26	0.831684
3	31	0.940947
3	38	0.831582
3	39	0.831776
3	127	0.826207
3	157	0.780352
3	167	2.5957
3	179	2.56642
4	2	0.982045
4	16	0.956991
4	19	0.956127
4	21	0.860964
4	34	0.930608
4	36	0.930208
4	132	2.17184
4	134	0.927231
4	136	0.913258
4	140	0.97784
4	167	1.71559
4	180	6.38455
5	3	0.766241
5	6	0.919835
5	24	0.84075
5	25	0.862461
5	26	0.83034
5	31	0.939602
5	38	0.830238
5	39	0.830432
5	127	0.824863
5	157	0.779007
5	161	1.65443
5	173	3.66235
6	3	0.921179
6	5	0.919835
6	24	0.995687
6	26	0.985278
6	38	0.985175
6	39	0.98537
6	127	0.979801
6	143	1.36932
6	144	1.68866
6	157	0.933945
6	172	2.7542
7	95	0.92776
7	111	0.940363
7	118	0.93205
7	119	0.959008
7	125	0.953829
7	131	0.947642
7	133	0.976851
7	143	0.913567
7	155	2.29609
7	162	1.89782
7	163	0.850225
7	176	1.72352
8	20	0.874191
8	48	0.82988
8	62	0.806225
8	71	0.793062
8	73	0.866546
8	85	0.883194
8	86	0.822716
8	88	0.866705
8	117	2.35581
8	127	0.841523
8	139	2.77272
8	176	0.811502
9	45	0.819372
9	46	0.835239
9	47	0.827593
9	52	0.827257
9	55	0.812902
9	56	0.813077
9	59	0.87165
9	61	0.871929
9	63	0.872211
9	78	2.30155
9	148	2.60338
9	169	0.851359
10	13	0.822499
10	17	0.822373
10	18	0.822119
10	28	0.805282
10	30	0.805429
10	33	0.884005
10	51	0.869763
10	53	0.870222
10	142	2.56602
10	145	0.888764
10	157	2.56067
10	177	0.814994
11	40	0.83271
11	42	0.839018
11	62	0.807164
11	71	0.794001
11	73	0.867485
11	85	0.884134
11	86	0.823655
11	88	0.867644
11	110	0.886864
11	142	2.83102
11	165	2.33327
11	176	0.812441
12	13	0.884777
12	15	0.966889
12	17	0.884652
12	28	0.86756
12	30	0.867707
12	33	0.946283
12	51	0.932042
12	53	0.9325
12	145	0.951042
12	150	1.61196
12	154	1.37885
12	171	3.08252
12	177	0.877272
13	10	0.822499
13	12	0.884777
13	15	0.882041
13	17	0.799803
13	18	0.799549
13	28	0.782712
13	30	0.782859
13	51	0.847194
13	53	0.847652
13	104	2.83183
13	145	0.866194
13	156	2.22618
13	177	0.792424
14	2	0.94898
14	16	0.923927
14	19	0.923063
14	21	0.827899
14	34	0.897543
14	35	1.00061
14	36	0.897143
14	74	1.47707
14	134	0.894166
14	136	0.880194
14	140	0.944776
14	142	2.18341
14	179	2.68363
15	12	0.966889
15	13	0.882041
15	18	0.88166
15	28	0.864823
15	30	0.86497
15	33	0.943546
15	51	0.929305
15	53	0.929763
15	110	0.938706
15	145	0.948305
15	168	3.49135
15	176	1.77639
15	177	0.874536
16	4	0.956991
16	14	0.923927
16	19	0.921072
16	21	0.825908
16	34	0.895552
16	35	0.998617
16	36	0.895152
16	72	5.1
16	115	2.50582
16	134	0.892175
16	136	0.878203
16	140	0.942785
16	180	3.87538
17	10	0.822373
17	12	0.884652
17	13	0.799803
17	18	0.799423
17	28	0.782586
17	30	0.782733
17	33	0.861309
17	51	0.847068
17	53	0.847526
17	145	0.866068
17	155	1.56436
17	164	4.2782
17	177	0.792298
18	10	0.822119
18	13	0.799549
18	15	0.88166
18	17	0.799423
18	28	0.782332
18	30	0.782479
18	33	0.861055
18	51	0.846813
18	53	0.847272
18	115	2.21513
18	145	0.865814
18	175	3.22213
18	177	0.792044
19	4	0.956127
19	14	0.923063
19	16	0.921072
19	21	0.825044
19	34	0.894688
19	35	0.997753
19	36	0.894288
19	134	0.891312
19	136	0.877339
19	137	2.28367
19	140	0.941921
19	141	1.78524
19	169	1.89181
20	8	0.874191
20	48	0.905853
20	50	0.894022
20	60	0.949226
20	71	0.869035
20	85	0.959168
20	86	0.89869
20	88	0.942678
20	127	0.917496
20	151	2.03393
20	158	1.75835
20	176	0.887475
20	177	2.35842
21	2	0.850962
21	4	0.860964
21	14	0.827899
21	16	0.825908
21	19	0.825044
21	34	0.799524
21	35	0.902589
21	36	0.799124
21	134	0.796148
21	136	0.782175
21	140	0.846757
21	141	2.57879
21	169	2.68535
22	45	0.889372
22	46	0.905239
22	47	0.897593
22	52	0.897257
22	55	0.882902
22	56	0.883077
22	59	0.94165
22	61	0.941929
22	63	0.942211
22	141	1.23415
22	146	2.90914
22	150	1.87632
22	169	0.921359
23	64	0.798205
23	84	0.816294
23	91	2.4378
23	94	0.801682
23	111	0.819498
23	118	0.811186
23	119	0.838144
23	121	0.844463
23	125	0.832965
23	129	0.867918
23	131	0.826778
23	133	0.855986
23	176	2.93299
24	3	0.842094
24	5	0.84075
24	6	0.995687
24	25	0.938313
24	26	0.906193
24	31	1.01546
24	38	0.90609
24	39	0.906284
24	127	0.900715
24	136	2.2148
24	141	1.61632
24	157	0.85486
24	176	2.24768
25	3	0.863805
25	5	0.862461
25	24	0.938313
25	26	0.927904
25	31	1.03717
25	38	0.927802
25	39	0.927996
25	65	0.816705
25	87	1.25869
25	127	0.922427
25	157	0.876571
25	169	1.11517
25	170	3.71577
26	3	0.831684
26	5	0.83034
26	6	0.985278
26	24	0.906193
26	25	0.927904
26	31	1.00505
26	38	0.895681
26	39	0.895875
26	54	1.76579
26	65	0.784585
26	127	0.890306
26	147	2.21915
26	157	0.844451
26	171	2.49312
27	83	1.51914
27	114	0.835273
27	129	1.10582
27	140	0.920604
27	148	0.883134
27	152	0.828516
27	158	0.877807
27	163	0.782055
27	166	0.795992
27	167	0.828363
27	170	0.795008
27	174	0.778263
27	180	0.766521
28	10	0.805282
28	12	0.86756
28	13	0.782712
28	15	0.864823
28	17	0.782586
28	18	0.782332
28	30	0.765642
28	33	0.844218
28	51	0.829976
28	53	0.830435
28	128	2.46608
28	145	0.848976
28	160	3.11047
28	177	0.775207
29	53	3.65756
29	72	0.730432
29	132	0.767239
29	135	0.72363
29	138	0.770301
29	146	0.773643
29	159	0.80397
29	161	0.809823
29	165	0.809046
29	166	0.728651
29	172	0.749743
29	174	0.710922
29	175	0.732591
29	180	0.699179
30	10	0.805429
30	12	0.867707
30	13	0.782859
30	15	0.86497
30	17	0.782733
30	18	0.782479
30	28	0.765642
30	33	0.844365
30	51	0.830123
30	53	0.830582
30	143	1.77541
30	145	0.849124
30	163	4.01681
30	177	0.775354
31	3	0.940947
31	5	0.939602
31	24	1.01546
31	25	1.03717
31	26	1.00505
31	37	4.2
31	38	1.00494
31	39	1.00514
31	65	0.893847
31	101	1.24708
31	127	0.999568
31	140	1.4671
31	157	0.953713
31	174	2.89686
32	54	0.790598
32	95	2.88913
32	100	0.707669
32	141	0.823599
32	161	0.806463
32	164	0.73691
32	167	0.757661
32	170	0.724306
32	171	0.740964
32	172	0.746383
32	173	0.734224
32	178	0.770869
32	179	0.743651
32	180	0.695819
33	10	0.884005
33	12	0.946283
33	15	0.943546
33	17	0.861309
33	18	0.861055
33	28	0.844218
33	30	0.844365
33	51	0.908699
33	53	0.909158
33	145	0.9277
33	152	2.58523
33	165	1.39177
33	171	2.63253
33	177	0.85393
34	2	0.920606
34	4	0.930608
34	14	0.897543
34	16	0.895552
34	19	0.894688
34	21	0.799524
34	35	0.972233
34	36	0.868769
34	134	0.865792
34	136	0.851819
34	140	0.916401
34	172	2.38349
34	175	2.63333
34	178	1.69675
35	2	1.02367
35	14	1.00061
35	16	0.998617
35	19	0.997753
35	21	0.902589
35	34	0.972233
35	36	0.971833
35	92	1.6225
35	134	0.968857
35	136	0.954884
35	140	1.01947
35	146	2.05915
35	177	1.68072
35	178	1.88481
36	2	0.920206
36	4	0.930208
36	14	0.897143
36	16	0.895152
36	19	0.894288
36	21	0.799124
36	34	0.868769
36	35	0.971833
36	134	0.865392
36	136	0.851419
36	139	2.24558
36	140	0.916001
36	161	1.48466
36	172	2.97469
37	31	4.2
37	74	0.793593
37	90	0.7684
37	135	0.710651
37	150	0.778186
37	152	0.748196
37	164	0.727291
37	165	0.796067
37	169	0.819194
37	171	0.731345
37	172	0.736764
37	178	0.761249
37	179	0.734032
37	180	0.6862
38	3	0.831582
38	5	0.830238
38	6	0.985175
38	24	0.90609
38	25	0.927802
38	26	0.895681
38	31	1.00494
38	39	0.895773
38	57	1.9023
38	65	0.784482
38	110	1.92703
38	127	0.890204
38	156	2.30518
38	157	0.844348
39	3	0.831776
39	5	0.830432
39	6	0.98537
39	24	0.906284
39	25	0.927996
39	26	0.895875
39	31	1.00514
39	38	0.895773
39	65	0.784676
39	91	0.854315
39	127	0.890398
39	136	1.31663
39	157	0.844542
39	164	4.63591
40	11	0.83271
40	48	0.863433
40	60	0.906806
40	62	0.839778
40	70	0.889508
40	71	0.826615
40	73	0.9001
40	85	0.916748
40	86	0.85627
40	88	0.900258
40	110	0.919478
40	130	1.93727
40	136	2.06651
40	176	0.845055
40	177	2.76458
41	69	0.912625
41	75	0.634105
41	81	0.881623
41	83	0.874742
41	98	0.900833
41	105	0.892708
41	106	0.841829
41	107	0.880799
41	109	0.881992
41	116	0.864141
41	134	0.873849
41	143	2.10567
41	145	0.908871
41	173	4.00844
41	175	0.803788
42	11	0.839018
42	48	0.869741
42	50	0.85791
42	60	0.913114
42	62	0.846086
42	70	0.895816
42	71	0.832923
42	73	0.906408
42	85	0.923056
42	86	0.862578
42	88	0.906566
42	156	1.13806
42	165	1.16638
42	174	5.32604
42	176	0.851363
43	81	0.887799
43	83	0.880918
43	99	0.909323
43	103	0.894667
43	105	0.898885
43	106	0.848005
43	107	0.886975
43	109	0.888168
43	112	0.878379
43	116	0.870317
43	130	1.66468
43	137	0.861442
43	138	2.60393
43	157	2.55981
43	175	0.809964
44	75	0.981346
44	84	1.31775
44	100	0.82438
44	105	0.670408
44	124	0.925529
44	127	0.855069
44	147	0.872018
44	149	0.896159
44	152	0.874526
44	156	0.932023
44	171	0.857675
44	173	0.850935
44	174	0.824273
44	179	0.860361
44	180	0.81253
45	9	0.819372
45	22	0.889372
45	46	0.873349
45	47	0.865703
45	52	0.865367
45	55	0.851012
45	56	0.851188
45	59	0.90976
45	61	0.910039
45	63	0.910321
45	74	0.863868
45	143	2.36135
45	150	2.20101
45	159	2.1286
45	169	0.889469
46	9	0.835239
46	22	0.905239
46	45	0.873349
46	47	0.88157
46	52	0.881234
46	55	0.866879
46	56	0.867054
46	59	0.925627
46	61	0.925906
46	63	0.926188
46	162	1.16578
46	168	2.70644
46	169	0.905336
46	175	2.79735
47	9	0.827593
47	22	0.897593
47	45	0.865703
47	46	0.88157
47	52	0.873588
47	55	0.859233
47	56	0.859409
47	59	0.917981
47	61	0.91826
47	63	0.918542
47	65	0.773655
47	79	1.99722
47	87	2.03584
47	143	2.58825
47	169	0.89769
48	8	0.82988
48	20	0.905853
48	40	0.863433
48	42	0.869741
48	50	0.849711
48	70	0.887617
48	73	0.898208
48	85	0.914857
48	86	0.854378
48	88	0.898367
48	127	0.873185
48	137	2.03596
48	169	1.6441
48	176	0.843164
48	178	3.03818
49	57	0.872627
49	85	1.41491
49	97	1.736
49	120	0.734679
49	128	0.89452
49	132	0.811943
49	155	0.842629
49	162	0.827596
49	164	0.784974
49	168	0.796577
49	171	0.789028
49	172	0.794447
49	173	0.782288
49	176	0.828542
49	180	0.743883
50	20	0.894022
50	42	0.85791
50	48	0.849711
50	60	0.893083
50	70	0.875785
50	73	0.886377
50	85	0.903025
50	86	0.842547
50	88	0.886535
50	110	0.905755
50	124	1.15383
50	127	0.861354
50	164	2.49249
50	176	0.831333
50	180	6.5865
51	10	0.869763
51	12	0.932042
51	13	0.847194
51	15	0.929305
51	17	0.847068
51	18	0.846813
51	28	0.829976
51	30	0.830123
51	33	0.908699
51	53	0.894916
51	91	1.5229
51	145	0.913458
51	159	1.95649
51	177	0.839688
51	179	3.25667
52	9	0.827257
52	22	0.897257
52	45	0.865367
52	46	0.881234
52	47	0.873588
52	55	0.858897
52	56	0.859072
52	57	1.55982
52	59	0.917645
52	61	0.917924
52	63	0.918206
52	65	0.773319
52	150	2.43304
52	162	2.59653
52	169	0.897354
53	10	0.870222
53	12	0.9325
53	13	0.847652
53	15	0.929763
53	17	0.847526
53	18	0.847272
53	28	0.830435
53	29	3.65756
53	30	0.830582
53	33	0.909158
53	51	0.894916
53	124	1.63441
53	140	0.80404
53	145	0.913917
53	177	0.840147
54	26	1.76579
54	32	0.790598
54	104	0.82272
54	118	2.32539
54	120	0.741042
54	148	0.86686
54	153	0.776734
54	168	0.80294
54	170	0.778733
54	171	0.795391
54	172	0.80081
54	173	0.788651
54	176	0.834905
54	177	0.814972
54	178	0.825295
54	180	0.750246
55	9	0.812902
55	22	0.882902
55	45	0.851012
55	46	0.866879
55	47	0.859233
55	52	0.858897
55	56	0.844717
55	59	0.90329
55	61	0.903569
55	63	0.903851
55	65	0.758964
55	74	0.857397
55	75	1.75711
55	79	2.63766
55	140	2.29961
55	169	0.882999
56	9	0.813077
56	22	0.883077
56	45	0.851188
56	46	0.867054
56	47	0.859409
56	52	0.859072
56	55	0.844717
56	59	0.903466
56	61	0.903745
56	63	0.904027
56	65	0.75914
56	74	0.857573
56	161	1.99974
56	167	3.20161
56	169	0.883174
56	176	1.93375
57	38	1.9023
57	49	0.872627
57	52	1.55982
57	130	0.903909
57	134	0.913738
57	147	0.8437
57	148	0.900825
57	151	0.857855
57	158	0.895498
57	167	0.846053
57	168	0.836906
57	170	0.812699
57	171	0.829357
57	173	0.822617
57	177	0.848937
57	179	0.832043
57	180	0.784212
58	68	0.822589
58	84	0.848841
58	94	0.834229
58	97	0.833014
58	108	0.863347
58	111	0.852046
58	118	0.843734
58	119	0.870692
58	121	0.87701
58	125	0.865512
58	129	0.900466
58	131	0.859326
58	133	0.888534
58	163	0.761908
58	168	2.80541
58	175	2.89632
58	178	1.95974
59	9	0.87165
59	22	0.94165
59	45	0.90976
59	46	0.925627
59	47	0.917981
59	52	0.917645
59	55	0.90329
59	56	0.903466
59	61	0.962317
59	63	0.962599
59	65	0.817712
59	74	0.916146
59	126	1.36968
59	158	1.59273
59	161	1.5936
59	169	0.941747
59	170	3.60342
60	20	0.949226
60	40	0.906806
60	42	0.913114
60	50	0.893083
60	62	0.881259
60	70	0.930989
60	71	0.868096
60	73	0.941581
60	85	0.958229
60	86	0.897751
60	88	0.941739
60	114	2.87627
60	127	0.916558
60	141	1.32485
60	158	2.02133
60	159	1.8946
60	176	0.886537
61	9	0.871929
61	22	0.941929
61	45	0.910039
61	46	0.925906
61	47	0.91826
61	52	0.917924
61	55	0.903569
61	56	0.903745
61	59	0.962317
61	63	0.962878
61	65	0.817991
61	74	0.916425
61	148	0.703387
61	166	4.62535
61	168	2.0947
61	169	0.942026
61	178	1.24903
62	8	0.806225
62	11	0.807164
62	40	0.839778
62	42	0.846086
62	60	0.881259
62	70	0.863962
62	71	0.801069
62	73	0.874553
62	85	0.891201
62	86	0.830723
62	88	0.874712
62	110	0.893932
62	127	0.84953
62	136	2.75627
62	140	2.03122
62	156	2.32962
62	176	0.819509
63	9	0.872211
63	22	0.942211
63	45	0.910321
63	46	0.926188
63	47	0.918542
63	52	0.918206
63	55	0.903851
63	56	0.904027
63	59	0.962599
63	61	0.962878
63	65	0.818273
63	74	0.916707
63	122	2.34566
63	126	1.53346
63	149	1.75838
63	169	0.942308
63	177	2.35658
64	1	0.911391
64	23	0.798205
64	89	0.88841
64	94	0.827702
64	111	0.845518
64	118	0.837206
64	119	0.864164
64	121	0.870483
64	125	0.858985
64	129	0.893938
64	131	0.852798
64	133	0.882006
64	138	3.06984
64	143	0.818723
64	160	1.82094
64	162	2.46701
64	163	0.755381
65	25	0.816705
65	26	0.784585
65	31	0.893847
65	38	0.784482
65	39	0.784676
65	47	0.773655
65	52	0.773319
65	55	0.758964
65	56	0.75914
65	59	0.817712
65	61	0.817991
65	63	0.818273
65	127	0.779107
65	148	2.9662
65	149	3.53115
65	157	0.733252
65	169	0.797421
66	74	0.710584
66	95	0.696261
66	118	0.700551
66	121	0.733828
66	125	0.72233
66	129	0.757283
66	131	0.716143
66	133	0.745351
66	144	0.726622
66	155	0.701938
66	156	0.722685
66	167	0.665033
66	169	0.736185
66	170	0.631678
66	174	0.614934
66	180	0.603191
67	77	0.868376
67	83	0.84123
67	93	0.830787
67	96	0.869093
67	99	0.869635
67	102	0.857149
67	103	0.854979
67	105	0.859196
67	106	0.808317
67	107	0.847286
67	109	0.84848
67	112	0.838691
67	116	0.830629
67	134	0.840337
67	154	1.3364
67	173	3.63261
67	175	0.770275
67	179	2.79728
68	58	0.822589
68	84	0.83415
68	89	0.880246
68	97	0.818323
68	108	0.848656
68	111	0.837355
68	118	0.829043
68	119	0.856001
68	121	0.862319
68	125	0.850822
68	128	1.81975
68	129	0.885775
68	131	0.844635
68	133	0.873843
68	150	0.823669
68	154	2.71361
68	158	3.00104
68	163	0.747217
69	41	0.912625
69	77	0.92923
69	83	0.902084
69	93	0.891641
69	96	0.929947
69	102	0.918003
69	103	0.915833
69	105	0.92005
69	106	0.869171
69	107	0.90814
69	109	0.909333
69	112	0.899544
69	116	0.891483
69	158	1.60407
69	162	1.71325
69	167	2.80681
69	175	0.831129
69	178	2.40824
70	40	0.889508
70	42	0.895816
70	48	0.887617
70	50	0.875785
70	60	0.930989
70	62	0.863962
70	71	0.850798
70	73	0.924283
70	85	0.940931
70	86	0.880453
70	88	0.924442
70	101	2.80747
70	110	0.943662
70	127	0.89926
70	138	2.0142
70	158	1.30219
70	172	2.79309
70	176	0.869239
71	8	0.793062
71	11	0.794001
71	20	0.869035
71	40	0.826615
71	42	0.832923
71	60	0.868096
71	62	0.801069
71	70	0.850798
71	73	0.86139
71	82	2.7046
71	85	0.878038
71	86	0.81756
71	88	0.861549
71	110	0.880769
71	127	0.836367
71	138	1.91202
71	170	3.2107
71	176	0.806346
72	16	5.1
72	29	0.730432
72	114	0.755473
72	120	0.677516
72	122	0.769293
72	149	0.77035
72	151	0.760364
72	155	0.785467
72	156	0.806214
72	162	0.770433
72	167	0.748562
72	170	0.715207
72	171	0.731865
72	174	0.698463
72	178	0.76177
72	179	0.734552
72	180	0.68672
73	8	0.866546
73	11	0.867485
73	40	0.9001
73	42	0.906408
73	48	0.898208
73	50	0.886377
73	60	0.941581
73	62	0.874553
73	70	0.924283
73	71	0.86139
73	76	0.824464
73	85	0.951523
73	86	0.891045
73	88	0.935033
73	130	1.02847
73	144	1.68108
73	166	5.43621
73	176	0.879831
74	14	1.47707
74	37	0.793593
74	45	0.863868
74	55	0.857397
74	56	0.857573
74	59	0.916146
74	61	0.916425
74	63	0.916707
74	66	0.710584
74	79	0.841062
74	86	1.30707
74	90	0.84506
74	117	0.872152
74	125	0.906066
74	169	0.895854
74	170	0.791347
74	174	0.774603
74	180	0.76286
75	41	0.634105
75	44	0.981346
75	55	1.75711
75	83	1.1049
75	87	0.951415
75	120	0.81508
75	131	0.860294
75	139	0.895219
75	153	0.850772
75	162	0.907997
75	164	0.865375
75	165	0.934151
75	168	0.876978
75	170	0.852771
75	171	0.869429
75	172	0.874848
75	177	0.88901
75	178	0.899333
75	180	0.824284
76	73	0.824464
76	98	1.51505
76	109	1.93478
76	123	0.788825
76	126	0.875497
76	147	0.823177
76	151	0.837332
76	152	0.825684
76	157	0.832514
76	159	0.86848
76	160	0.868869
76	161	0.874332
76	165	0.873556
76	168	0.816383
76	171	0.808834
76	172	0.814253
76	174	0.775431
76	178	0.838738
76	180	0.763689
77	67	0.868376
77	69	0.92923
77	79	1.36512
77	81	0.898227
77	83	0.891347
77	93	0.880904
77	98	0.917438
77	99	0.919752
77	102	0.907267
77	103	0.905096
77	106	0.858434
77	109	0.898597
77	112	0.888808
77	116	0.880746
77	137	0.871871
77	147	2.99239
77	157	2.51801
77	161	1.85099
77	175	0.820393
78	9	2.30155
78	80	1.32317
78	124	0.86538
78	126	0.86419
78	130	0.872079
78	134	0.976367
78	137	0.837271
78	139	0.823316
78	151	0.826025
78	154	0.888959
78	162	0.836094
78	164	0.793472
78	165	0.862248
78	166	0.781853
78	167	0.814223
78	173	0.790786
78	174	0.764124
78	178	0.82743
78	179	0.800213
78	180	0.752381
79	47	1.99722
79	55	2.63766
79	74	0.841062
79	77	1.36512
79	89	0.882232
79	95	0.826739
79	104	0.806143
79	108	0.850642
79	119	0.857987
79	125	0.852808
79	129	0.887761
79	131	0.846621
79	133	0.875829
79	135	0.75812
79	161	0.844313
79	168	0.786363
79	170	0.762156
79	178	0.808718
79	179	0.781501
79	180	0.733669
80	1	0.936216
80	78	1.32317
80	89	0.913235
80	94	0.852527
80	95	0.857741
80	97	0.851311
80	108	0.881644
80	111	0.870344
80	118	0.862031
80	119	0.888989
80	121	0.895308
80	125	0.88381
80	129	0.918764
80	131	0.877623
80	133	0.906832
80	137	1.99003
80	143	0.843549
80	159	2.06135
80	163	0.780206
80	177	2.78815
81	41	0.881623
81	43	0.887799
81	77	0.898227
81	93	0.860639
81	96	0.898944
81	98	0.897172
81	102	0.887001
81	103	0.88483
81	105	0.889047
81	106	0.838168
81	107	0.877138
81	109	0.878331
81	112	0.868542
81	116	0.86048
81	144	1.821
81	145	0.90521
81	153	3.46093
81	154	1.10822
81	171	2.81188
81	175	0.800127
82	71	2.7046
82	91	0.845727
82	100	0.724754
82	123	0.73804
82	124	0.825903
82	128	0.863541
82	145	2.52487
82	158	0.82419
82	160	0.818084
82	163	0.728439
82	167	0.774746
82	168	0.765599
82	169	0.845898
82	171	0.758049
82	172	0.763468
82	173	0.751309
82	174	0.724647
82	175	0.746316
82	178	0.787954
82	180	0.712904
83	27	1.51914
83	41	0.874742
83	43	0.880918
83	67	0.84123
83	69	0.902084
83	75	1.1049
83	77	0.891347
83	93	0.853758
83	96	0.892064
83	98	0.890292
83	102	0.88012
83	103	0.877949
83	105	0.882167
83	106	0.831288
83	107	0.870257
83	112	0.861661
83	116	0.8536
83	137	0.844724
83	160	1.93355
83	175	0.793246
83	178	3.27462
84	23	0.816294
84	44	1.31775
84	58	0.848841
84	68	0.83415
84	89	0.906498
84	90	2.54331
84	94	0.84579
84	95	0.851004
84	97	0.844574
84	108	0.874907
84	111	0.863607
84	118	0.855294
84	119	0.882253
84	121	0.888571
84	124	2.39931
84	125	0.877073
84	129	0.912027
84	131	0.870886
84	133	0.900095
84	150	0.849921
84	162	2.50117
85	8	0.883194
85	11	0.884134
85	20	0.959168
85	40	0.916748
85	42	0.923056
85	48	0.914857
85	49	1.41491
85	50	0.903025
85	60	0.958229
85	62	0.891201
85	70	0.940931
85	71	0.878038
85	73	0.951523
85	86	0.907693
85	88	0.951681
85	90	2.08215
85	126	1.70777
85	127	0.9265
85	154	1.6434
85	155	2.43827
85	176	0.896479
86	8	0.822716
86	11	0.823655
86	20	0.89869
86	40	0.85627
86	42	0.862578
86	48	0.854378
86	50	0.842547
86	60	0.897751
86	62	0.830723
86	70	0.880453
86	71	0.81756
86	73	0.891045
86	74	1.30707
86	85	0.907693
86	88	0.891203
86	101	2.84545
86	110	0.910423
86	124	1.34749
86	127	0.866022
86	163	3.68759
86	176	0.836001
87	2	0.837036
87	25	1.25869
87	47	2.03584
87	75	0.951415
87	90	0.864798
87	122	0.865171
87	126	0.894407
87	131	1.77946
87	139	0.853534
87	147	0.842087
87	158	0.893884
87	161	0.893242
87	162	0.866311
87	164	0.82369
87	165	0.892466
87	166	0.81207
87	170	0.811086
87	174	0.794341
87	176	0.867258
87	178	0.857648
87	179	0.83043
87	180	0.782599
88	8	0.866705
88	11	0.867644
88	20	0.942678
88	40	0.900258
88	42	0.906566
88	48	0.898367
88	50	0.886535
88	60	0.941739
88	62	0.874712
88	70	0.924442
88	71	0.861549
88	73	0.935033
88	85	0.951681
88	86	0.891203
88	92	1.50773
88	110	0.954412
88	127	0.91001
88	140	0.839402
88	144	1.39124
88	174	5.30103
88	176	0.879989
88	178	1.77004
89	64	0.88841
89	68	0.880246
89	79	0.882232
89	80	0.913235
89	84	0.906498
89	94	0.891886
89	97	0.89067
89	108	0.921003
89	111	0.909703
89	119	0.928349
89	121	0.934667
89	125	0.923169
89	129	0.958123
89	131	0.916982
89	133	0.946191
89	150	0.896017
89	154	1.56063
89	163	0.819565
89	164	2.64725
89	165	2.02355
89	169	1.15403
89	180	8.35357
90	37	0.7684
90	74	0.84506
90	84	2.54331
90	85	2.08215
90	87	0.864798
90	99	1.0908
90	122	0.82024
90	123	0.762803
90	126	0.849475
90	132	0.805727
90	138	0.808789
90	141	0.865447
90	155	0.836413
90	161	0.848311
90	162	0.82138
90	164	0.778758
90	165	0.847534
90	166	0.767139
90	171	0.782812
90	172	0.788231
90	178	0.812716
90	180	0.737667
91	23	2.4378
91	39	0.854315
91	51	1.5229
91	82	0.845727
91	115	0.857498
91	118	1.07617
91	126	0.900099
91	148	0.904904
91	153	0.814779
91	157	0.857115
91	158	0.899576
91	159	0.893081
91	160	0.89347
91	165	0.898157
91	166	0.817762
91	168	0.840984
91	170	0.816777
91	173	0.826695
91	175	0.821702
91	178	0.863339
91	179	0.836122
91	180	0.78829
92	35	1.6225
92	88	1.50773
92	97	2.79377
92	104	0.808785
92	128	0.886948
92	139	0.807246
92	156	0.855804
92	158	0.847597
92	159	0.841102
92	161	0.846954
92	164	0.777402
92	165	0.846178
92	167	0.798153
92	168	0.789005
92	172	0.786875
92	173	0.774716
92	174	0.748054
92	176	0.82097
92	177	0.801036
92	178	0.81136
92	179	0.784142
92	180	0.736311
93	67	0.830787
93	69	0.891641
93	77	0.880904
93	81	0.860639
93	83	0.853758
93	96	0.881621
93	98	0.879849
93	99	0.882163
93	102	0.869678
93	103	0.867507
93	105	0.871724
93	106	0.820845
93	109	0.861008
93	112	0.851219
93	116	0.843157
93	134	0.852865
93	137	0.834282
93	149	2.2372
93	160	1.69843
93	167	3.43807
93	175	0.782804
93	176	2.17021
94	23	0.801682
94	58	0.834229
94	64	0.827702
94	80	0.852527
94	84	0.84579
94	89	0.891886
94	95	0.836392
94	97	0.829962
94	108	0.860295
94	111	0.848995
94	118	0.840682
94	119	0.86764
94	121	0.873959
94	125	0.862461
94	128	0.727957
94	129	0.897415
94	130	1.68201
94	131	0.856274
94	133	0.885483
94	150	0.835309
94	163	0.758857
94	170	3.91994
94	175	3.65
95	7	0.92776
95	32	2.88913
95	66	0.696261
95	79	0.826739
95	80	0.857741
95	84	0.851004
95	94	0.836392
95	97	0.835177
95	108	0.86551
95	111	0.854209
95	117	1.55252
95	118	0.845897
95	119	0.872855
95	121	0.879173
95	123	3.92499
95	125	0.867675
95	129	0.902629
95	131	0.861489
95	133	0.890697
95	143	0.827414
95	150	0.840523
95	163	0.764071
95	166	2.95352
96	67	0.869093
96	69	0.929947
96	81	0.898944
96	83	0.892064
96	93	0.881621
96	98	0.918155
96	99	0.920469
96	102	0.907983
96	103	0.905813
96	105	0.91003
96	106	0.859151
96	107	0.89812
96	109	0.899314
96	110	0.788477
96	112	0.889525
96	116	0.881463
96	134	0.891171
96	145	0.926193
96	146	2.66978
96	151	1.96686
96	175	0.82111
96	177	2.29135
96	179	2.86473
97	49	1.736
97	58	0.833014
97	68	0.818323
97	80	0.851311
97	84	0.844574
97	89	0.89067
97	92	2.79377
97	94	0.829962
97	95	0.835177
97	108	0.85908
97	111	0.847779
97	118	0.839467
97	119	0.866425
97	121	0.872743
97	125	0.861246
97	129	0.896199
97	131	0.855059
97	133	0.884267
97	143	0.820984
97	150	0.834093
97	159	2.12519
97	163	0.757642
97	169	1.66201
98	41	0.900833
98	76	1.51505
98	77	0.917438
98	81	0.897172
98	83	0.890292
98	93	0.879849
98	96	0.918155
98	99	0.918697
98	102	0.906212
98	103	0.904041
98	105	0.908258
98	106	0.857379
98	107	0.896348
98	109	0.897542
98	112	0.887753
98	116	0.879691
98	134	0.889399
98	142	2.61954
98	145	0.924421
98	151	2.22189
98	154	1.65888
98	159	1.81958
98	175	0.819338
99	43	0.909323
99	67	0.869635
99	77	0.919752
99	90	1.0908
99	93	0.882163
99	96	0.920469
99	98	0.918697
99	102	0.908525
99	103	0.906355
99	105	0.910572
99	106	0.859693
99	107	0.898662
99	109	0.899855
99	112	0.890066
99	116	0.882005
99	134	0.891713
99	137	0.873129
99	139	1.70127
99	145	0.926735
99	152	2.30842
99	167	2.14222
99	170	2.95017
99	175	0.821651
100	32	0.707669
100	44	0.82438
100	82	0.724754
100	101	0.747768
100	104	0.739792
100	123	0.692453
100	130	0.787015
100	133	5.41579
100	149	0.750947
100	152	0.729313
100	161	0.777961
100	163	0.682852
100	164	0.708409
100	165	0.777185
100	166	0.696789
100	167	0.729159
100	168	0.720012
100	171	0.712462
100	173	0.705723
100	176	0.751977
100	178	0.742367
100	179	0.715149
100	180	0.667318
101	31	1.24708
101	70	2.80747
101	86	2.84545
101	100	0.747768
101	115	0.805126
101	141	0.863698
101	144	0.859349
101	154	0.872496
101	158	0.847204
101	159	0.840709
101	160	0.841098
101	161	0.846562
101	164	0.77701
101	166	0.76539
101	167	0.79776
101	171	0.781063
101	172	0.786482
101	173	0.774323
101	174	0.747661
101	175	0.769331
101	176	0.820578
101	179	0.78375
101	180	0.735918
102	67	0.857149
102	69	0.918003
102	77	0.907267
102	81	0.887001
102	83	0.88012
102	93	0.869678
102	96	0.907983
102	98	0.906212
102	99	0.908525
102	103	0.893869
102	105	0.898086
102	106	0.847207
102	107	0.886177
102	109	0.88737
102	112	0.877581
102	114	1.93708
102	116	0.869519
102	122	1.6713
102	137	0.860644
102	145	0.914249
102	155	1.58959
102	163	3.42956
102	168	2.73198
102	175	0.809166
103	43	0.894667
103	67	0.854979
103	69	0.915833
103	77	0.905096
103	81	0.88483
103	83	0.877949
103	93	0.867507
103	96	0.905813
103	98	0.904041
103	99	0.906355
103	102	0.893869
103	105	0.895916
103	106	0.845037
103	107	0.884006
103	109	0.885199
103	112	0.87541
103	116	0.867349
103	117	1.38868
103	135	4.27649
103	136	0.945793
103	145	0.912078
103	147	2.18607
103	175	0.806995
103	179	2.21725
104	13	2.83183
104	54	0.82272
104	79	0.806143
104	92	0.808785
104	100	0.739792
104	107	0.286404
104	115	0.79715
104	128	0.878579
104	129	2.13814
104	141	0.855722
104	142	0.793684
104	148	0.844556
104	149	0.811571
104	159	0.832733
104	160	0.833122
104	161	0.838586
104	166	0.757414
104	167	0.789784
104	172	0.778506
104	174	0.739685
104	175	0.761354
104	178	0.802991
104	179	0.775773
104	180	0.727942
105	41	0.892708
105	43	0.898885
105	44	0.670408
105	67	0.859196
105	69	0.92005
105	81	0.889047
105	83	0.882167
105	93	0.871724
105	96	0.91003
105	98	0.908258
105	99	0.910572
105	102	0.898086
105	103	0.895916
105	106	0.849254
105	107	0.888223
105	109	0.889417
105	112	0.879628
105	116	0.871566
105	132	2.7116
105	137	0.862691
105	157	1.70879
105	159	0.914179
105	174	5.37606
105	175	0.811212
106	41	0.841829
106	43	0.848005
106	67	0.808317
106	69	0.869171
106	77	0.858434
106	81	0.838168
106	83	0.831288
106	93	0.820845
106	96	0.859151
106	98	0.857379
106	99	0.859693
106	102	0.847207
106	103	0.845037
106	105	0.849254
106	107	0.837344
106	109	0.838537
106	112	0.828749
106	116	0.820687
106	145	0.865417
106	153	4.33462
106	160	1.73243
106	165	2.44481
106	169	1.67941
106	175	0.760333
107	41	0.880799
107	43	0.886975
107	67	0.847286
107	69	0.90814
107	81	0.877138
107	83	0.870257
107	96	0.89812
107	98	0.896348
107	99	0.898662
107	102	0.886177
107	103	0.884006
107	104	0.286404
107	105	0.888223
107	106	0.837344
107	109	0.877507
107	112	0.867718
107	116	0.859656
107	120	8.1
107	134	0.869364
107	137	0.850781
107	145	0.904386
107	148	1.09774
107	164	2.14616
107	173	0.93367
107	175	0.799303
108	58	0.863347
108	68	0.848656
108	79	0.850642
108	80	0.881644
108	84	0.874907
108	89	0.921003
108	94	0.860295
108	95	0.86551
108	97	0.85908
108	111	0.878112
108	118	0.8698
108	119	0.896758
108	121	0.903076
108	125	0.891579
108	128	1.36796
108	129	0.926532
108	131	0.885392
108	133	0.9146
108	143	0.851317
108	148	1.98618
108	149	2.55112
108	150	0.864426
108	162	2.65843
108	163	0.787975
108	176	2.48413
109	41	0.881992
109	43	0.888168
109	67	0.84848
109	69	0.909333
109	76	1.93478
109	77	0.898597
109	81	0.878331
109	93	0.861008
109	96	0.899314
109	98	0.897542
109	99	0.899855
109	102	0.88737
109	103	0.885199
109	105	0.889417
109	106	0.838537
109	107	0.877507
109	112	0.868911
109	116	0.860849
109	128	1.18474
109	134	0.870558
109	137	0.851974
109	150	2.31171
109	151	2.64161
109	161	2.3669
109	175	0.800496
110	11	0.886864
110	15	0.938706
110	38	1.92703
110	40	0.919478
110	50	0.905755
110	62	0.893932
110	70	0.943662
110	71	0.880769
110	86	0.910423
110	88	0.954412
110	96	0.788477
110	113	0.888639
110	116	0.803391
110	121	1.25484
110	123	0.839686
110	149	0.898179
110	167	0.876392
110	170	0.843037
110	171	0.859695
110	174	0.826293
110	176	0.899209
110	178	0.889599
110	179	0.862381
110	180	0.81455
111	7	0.940363
111	23	0.819498
111	58	0.852046
111	64	0.845518
111	68	0.837355
111	80	0.870344
111	84	0.863607
111	89	0.909703
111	94	0.848995
111	95	0.854209
111	97	0.847779
111	108	0.878112
111	118	0.858499
111	119	0.885457
111	121	0.891776
111	125	0.880278
111	129	0.915231
111	131	0.874091
111	133	0.903299
111	143	0.840016
111	147	2.80239
111	151	1.93571
111	156	1.13547
111	163	0.776674
111	175	3.40087
111	177	2.26019
112	43	0.878379
112	67	0.838691
112	69	0.899544
112	77	0.888808
112	81	0.868542
112	83	0.861661
112	93	0.851219
112	96	0.889525
112	98	0.887753
112	99	0.890066
112	102	0.877581
112	103	0.87541
112	105	0.879628
112	106	0.828749
112	107	0.867718
112	109	0.868911
112	116	0.85106
112	134	0.860769
112	137	0.842185
112	139	2.58042
112	145	0.89579
112	161	1.8195
112	163	4.16605
112	165	1.99412
112	169	1.22872
112	175	0.790707
113	110	0.888639
113	114	0.798309
113	115	0.798764
113	116	1.67523
113	118	1.60552
113	119	1.72118
113	128	0.880193
113	135	0.754007
113	138	0.800679
113	142	0.795299
113	146	0.804021
113	148	0.84617
113	156	0.84905
113	162	0.813269
113	164	0.770648
113	166	0.759028
113	167	0.791399
113	168	0.782251
113	169	0.862551
113	173	0.767962
113	174	0.741299
113	178	0.804606
113	179	0.777388
113	180	0.729557
114	27	0.835273
114	60	2.87627
114	72	0.755473
114	102	1.93708
114	113	0.798309
114	122	0.806793
114	125	1.7941
114	144	0.847651
114	146	0.798684
114	152	0.786216
114	158	0.835506
114	159	0.829011
114	160	0.8294
114	161	0.834864
114	162	0.807933
114	164	0.765311
114	166	0.753692
114	169	0.857214
114	170	0.752707
114	171	0.769365
114	172	0.774784
114	174	0.735963
114	178	0.79927
114	179	0.772052
114	180	0.72422
115	16	2.50582
115	18	2.21513
115	91	0.857498
115	101	0.805126
115	104	0.79715
115	113	0.798764
115	118	2.37023
115	120	0.715471
115	132	0.792735
115	142	0.790418
115	149	0.808305
115	156	0.844169
115	161	0.835319
115	162	0.808388
115	164	0.765766
115	165	0.834542
115	167	0.786517
115	171	0.76982
115	172	0.775239
115	173	0.76308
115	174	0.736418
115	176	0.809335
115	177	0.789401
115	178	0.799724
115	179	0.772507
115	180	0.724675
116	41	0.864141
116	43	0.870317
116	67	0.830629
116	69	0.891483
116	77	0.880746
116	81	0.86048
116	83	0.8536
116	93	0.843157
116	96	0.881463
116	98	0.879691
116	99	0.882005
116	102	0.869519
116	103	0.867349
116	105	0.871566
116	106	0.820687
116	107	0.859656
116	109	0.860849
116	110	0.803391
116	112	0.85106
116	113	1.67523
116	134	0.852707
116	137	0.834123
116	145	0.887729
116	148	1.14312
116	171	3.12243
116	173	3.71498
116	175	0.782645
117	8	2.35581
117	74	0.872152
117	95	1.55252
117	103	1.38868
117	119	2.09702
117	120	0.755555
117	132	0.832819
117	135	0.78921
117	138	0.835881
117	139	0.835694
117	142	0.830501
117	146	0.839223
117	149	0.848388
117	152	0.826755
117	153	0.791247
117	158	0.876045
117	159	0.86955
117	160	0.869939
117	164	0.80585
117	168	0.817453
117	171	0.809904
117	172	0.815323
117	173	0.803164
117	174	0.776502
117	178	0.839808
117	179	0.81259
117	180	0.764759
118	1	0.924372
118	7	0.93205
118	23	0.811186
118	54	2.32539
118	58	0.843734
118	64	0.837206
118	66	0.700551
118	68	0.829043
118	80	0.862031
118	84	0.855294
118	91	1.07617
118	94	0.840682
118	95	0.845897
118	97	0.839467
118	108	0.8698
118	111	0.858499
118	113	1.60552
118	115	2.37023
118	119	0.877145
118	121	0.883464
118	125	0.871966
118	129	0.906919
118	131	0.865779
118	133	0.894987
118	143	0.831704
118	150	0.844813
118	163	0.768362
118	165	1.81197
119	7	0.959008
119	23	0.838144
119	58	0.870692
119	64	0.864164
119	68	0.856001
119	79	0.857987
119	80	0.888989
119	84	0.882253
119	89	0.928349
119	94	0.86764
119	95	0.872855
119	97	0.866425
119	108	0.896758
119	111	0.885457
119	113	1.72118
119	117	2.09702
119	118	0.877145
119	121	0.910422
119	122	2.34129
119	125	0.898924
119	129	0.933877
119	131	0.892737
119	132	3.42283
119	133	0.921945
119	140	0.929088
119	143	0.858662
119	150	0.871771
119	160	1.21524
119	163	0.79532
120	49	0.734679
120	54	0.741042
120	72	0.677516
120	75	0.81508
120	107	8.1
120	115	0.715471
120	117	0.755555
120	126	0.758072
120	128	0.7969
120	135	0.670714
120	141	0.774044
120	142	0.712006
120	146	0.720728
120	149	0.729893
120	152	0.708259
120	154	0.782841
120	160	0.751444
120	161	0.756907
120	162	0.729976
120	168	0.698958
120	172	0.696828
120	175	0.679676
120	176	0.730923
120	177	0.710989
120	178	0.721313
120	179	0.694095
120	180	0.646264
121	1	0.957648
121	23	0.844463
121	58	0.87701
121	64	0.870483
121	66	0.733828
121	68	0.862319
121	80	0.895308
121	84	0.888571
121	89	0.934667
121	94	0.873959
121	95	0.879173
121	97	0.872743
121	108	0.903076
121	110	1.25484
121	111	0.891776
121	118	0.883464
121	119	0.910422
121	124	2.16496
121	125	0.905242
121	126	1.93459
121	129	0.940196
121	131	0.899055
121	133	0.928264
121	143	0.864981
121	150	0.87809
121	155	2.66509
121	156	1.633
121	163	0.801638
121	178	2.96181
122	1	2.34175
122	63	2.34566
122	72	0.769293
122	87	0.865171
122	90	0.82024
122	102	1.6713
122	114	0.806793
122	119	2.34129
122	128	0.888677
122	130	0.857737
122	132	0.8061
122	138	0.809162
122	141	0.86582
122	149	0.821669
122	152	0.800036
122	158	0.849326
122	161	0.848684
122	163	0.753575
122	165	0.847907
122	166	0.767512
122	167	0.799882
122	168	0.790734
122	169	0.871034
122	172	0.788604
122	173	0.776445
122	174	0.749783
122	178	0.813089
122	179	0.785871
122	180	0.73804
123	76	0.788825
123	82	0.73804
123	90	0.762803
123	95	3.92499
123	100	0.692453
123	110	0.839686
123	128	0.83124
123	133	2.9908
123	136	0.770105
123	147	0.740092
123	149	0.764233
123	154	0.817181
123	156	0.800097
123	159	0.785394
123	162	0.764316
123	163	0.696138
123	164	0.721695
123	165	0.79047
123	167	0.742445
123	170	0.70909
123	171	0.725748
123	172	0.731167
123	173	0.719008
123	175	0.714016
123	176	0.765263
123	178	0.755653
123	179	0.728435
123	180	0.680603
124	44	0.925529
124	50	1.15383
124	53	1.63441
124	78	0.86538
124	82	0.825903
124	84	2.39931
124	86	1.34749
124	121	2.16496
124	126	0.880274
124	139	0.839401
124	140	0.922549
124	141	0.896246
124	144	0.891897
124	149	0.852096
124	151	0.84211
124	155	0.867212
124	159	0.873257
124	164	0.809557
124	165	0.878333
124	166	0.797938
124	167	0.830308
124	170	0.796953
124	172	0.81903
124	173	0.806871
124	174	0.780209
124	176	0.853125
124	178	0.843515
124	179	0.816298
124	180	0.768466
125	1	0.946151
125	7	0.953829
125	23	0.832965
125	58	0.865512
125	64	0.858985
125	66	0.72233
125	68	0.850822
125	74	0.906066
125	79	0.852808
125	80	0.88381
125	84	0.877073
125	89	0.923169
125	94	0.862461
125	95	0.867675
125	97	0.861246
125	108	0.891579
125	111	0.880278
125	114	1.7941
125	118	0.871966
125	119	0.898924
125	121	0.905242
125	129	0.928698
125	131	0.887558
125	133	0.916766
125	150	0.866592
125	152	2.3081
125	153	3.00445
125	155	1.44661
125	163	0.790141
125	173	2.94795
126	59	1.36968
126	63	1.53346
126	76	0.875497
126	78	0.86419
126	85	1.70777
126	87	0.894407
126	90	0.849475
126	91	0.900099
126	120	0.758072
126	121	1.93459
126	124	0.880274
126	128	0.917913
126	129	1.83408
126	137	0.852166
126	146	0.84174
126	147	0.826764
126	148	0.88389
126	151	0.840919
126	153	0.793764
126	158	0.878562
126	159	0.872067
126	166	0.796748
126	168	0.81997
126	170	0.795763
126	172	0.81784
126	173	0.805681
126	175	0.800688
126	178	0.842325
126	179	0.815107
126	180	0.767276
127	3	0.826207
127	5	0.824863
127	6	0.979801
127	8	0.841523
127	20	0.917496
127	24	0.900715
127	25	0.922427
127	26	0.890306
127	31	0.999568
127	38	0.890204
127	39	0.890398
127	44	0.855069
127	48	0.873185
127	50	0.861354
127	60	0.916558
127	62	0.84953
127	65	0.779107
127	70	0.89926
127	71	0.836367
127	85	0.9265
127	86	0.866022
127	88	0.91001
127	137	1.73126
127	152	3.29825
127	157	0.838973
127	161	1.93018
127	169	1.3394
127	172	3.42022
127	176	0.854807
128	28	2.46608
128	49	0.89452
128	68	1.81975
128	82	0.863541
128	92	0.886948
128	94	0.727957
128	104	0.878579
128	108	1.36796
128	109	1.18474
128	113	0.880193
128	120	0.7969
128	122	0.888677
128	123	0.83124
128	126	0.917913
128	131	1.04455
128	135	0.830555
128	138	0.877226
128	146	0.880568
128	147	0.865592
128	151	0.879748
128	152	0.8681
128	156	0.925597
128	160	0.911284
128	162	0.889817
128	168	0.858798
128	170	0.834591
128	171	0.851249
128	173	0.844509
128	178	0.881153
128	179	0.853936
128	180	0.806104
129	1	0.981104
129	23	0.867918
129	27	1.10582
129	58	0.900466
129	64	0.893938
129	66	0.757283
129	68	0.885775
129	79	0.887761
129	80	0.918764
129	84	0.912027
129	89	0.958123
129	94	0.897415
129	95	0.902629
129	97	0.896199
129	104	2.13814
129	108	0.926532
129	111	0.915231
129	118	0.906919
129	119	0.933877
129	121	0.940196
129	125	0.928698
129	126	1.83408
129	131	0.922511
129	133	0.951719
129	137	1.85908
129	141	1.36065
129	143	0.888436
129	150	0.901545
129	156	1.53248
129	163	0.825094
129	165	2.23262
130	40	1.93727
130	43	1.66468
130	57	0.903909
130	73	1.02847
130	78	0.872079
130	94	1.68201
130	100	0.787015
130	122	0.857737
130	131	1.9986
130	132	0.843225
130	139	0.8461
130	142	0.840907
130	144	0.898596
130	153	0.801653
130	155	0.873911
130	157	0.84399
130	160	0.880345
130	162	0.858878
130	164	0.816256
130	167	0.837007
130	168	0.827859
130	171	0.82031
130	172	0.825729
130	173	0.81357
130	174	0.786908
130	176	0.859824
130	177	0.839891
130	178	0.850214
130	179	0.822996
130	180	0.775165
131	1	0.939964
131	7	0.947642
131	23	0.826778
131	58	0.859326
131	64	0.852798
131	66	0.716143
131	68	0.844635
131	75	0.860294
131	79	0.846621
131	80	0.877623
131	84	0.870886
131	87	1.77946
131	89	0.916982
131	94	0.856274
131	95	0.861489
131	97	0.855059
131	108	0.885392
131	111	0.874091
131	118	0.865779
131	119	0.892737
131	121	0.899055
131	125	0.887558
131	128	1.04455
131	129	0.922511
131	130	1.9986
131	133	0.910579
131	143	0.847296
131	150	0.860405
131	160	1.68894
131	163	0.783954
131	179	3.3993
132	4	2.17184
132	29	0.767239
132	49	0.811943
132	90	0.805727
132	105	2.7116
132	115	0.792735
132	117	0.832819
132	119	3.42283
132	122	0.8061
132	130	0.843225
132	133	0.668282
132	141	0.851307
132	147	0.783015
132	149	0.807157
132	153	0.750016
132	154	0.860105
132	155	0.822274
132	156	0.84302
132	158	0.834813
132	161	0.834171
132	162	0.80724
132	165	0.833394
132	166	0.752999
132	168	0.776221
132	169	0.856521
132	170	0.752014
132	171	0.768672
132	177	0.788253
132	178	0.798576
132	179	0.771359
132	180	0.723527
133	1	0.969172
133	7	0.976851
133	23	0.855986
133	58	0.888534
133	64	0.882006
133	66	0.745351
133	68	0.873843
133	79	0.875829
133	80	0.906832
133	84	0.900095
133	89	0.946191
133	94	0.885483
133	95	0.890697
133	97	0.884267
133	100	5.41579
133	108	0.9146
133	111	0.903299
133	118	0.894987
133	119	0.921945
133	121	0.928264
133	123	2.9908
133	125	0.916766
133	129	0.951719
133	131	0.910579
133	132	0.668282
133	143	0.876504
133	144	1.35139
133	150	0.889613
133	157	1.45272
133	163	0.813162
133	165	1.10152
133	166	2.58493
134	2	0.917229
134	4	0.927231
134	14	0.894166
134	16	0.892175
134	19	0.891312
134	21	0.796148
134	34	0.865792
134	35	0.968857
134	36	0.865392
134	41	0.873849
134	57	0.913738
134	67	0.840337
134	78	0.976367
134	93	0.852865
134	96	0.891171
134	98	0.889399
134	99	0.891713
134	107	0.869364
134	109	0.870558
134	112	0.860769
134	116	0.852707
134	136	0.848443
134	137	0.843831
134	140	0.913024
134	144	2.26663
134	145	0.897437
134	171	3.25751
134	175	0.792353
134	176	1.77615
134	179	3.01472
135	29	0.72363
135	37	0.710651
135	79	0.75812
135	103	4.27649
135	113	0.754007
135	117	0.78921
