1	21	1.01337
1	49	1.00222
1	61	0.965439
1	69	1.06258
1	113	0.916737
1	137	1.07249
1	143	0.938454
1	145	0.948945
1	155	1.04154
1	163	1.10221
1	170	1.33286
1	172	1.04448
2	14	1.01719
2	60	0.978149
2	99	1.10453
2	117	1.13984
2	123	1.00821
2	139	1.17536
2	157	0.951419
2	165	0.909009
2	170	0.812984
2	177	0.864816
2	178	0.867208
2	180	0.809552
3	56	0.843884
3	107	0.934698
3	129	0.812048
3	133	0.922301
3	142	1.04275
3	156	1.12016
3	161	0.845728
3	170	0.977654
3	173	1.06466
3	178	1.03188
3	179	0.988441
3	180	0.974222
4	21	0.880123
4	34	0.912755
4	49	0.868979
4	61	0.832193
4	108	0.950073
4	116	1.25785
4	137	0.939242
4	140	1.24219
4	145	1.29515
4	155	0.908293
4	172	0.911232
4	175	1.35406
5	62	0.894649
5	66	0.896261
5	75	0.836768
5	94	0.940225
5	97	0.902709
5	143	1.17553
5	144	0.901429
5	159	0.89517
5	162	1.19953
5	168	0.932723
5	172	1.23812
5	180	1.53858
6	27	0.992317
6	109	1.06067
6	111	0.954087
6	116	1.00221
6	121	0.963964
6	130	1.03618
6	138	1.04898
6	143	1.0377
6	145	1.03951
6	148	1.08318
6	168	1.0626
6	174	1.15787
7	54	0.862649
7	66	0.861312
7	84	0.937808
7	106	0.932908
7	160	1.06948
7	163	1.05954
7	164	1.09705
7	168	0.774016
7	176	0.980593
7	178	1.03175
7	179	0.988317
7	180	0.974098
8	86	1.03598
8	90	1.08257
8	119	1.04585
8	122	1.0141
8	127	1.00464
8	151	1.07092
8	161	1.03614
8	162	0.965355
8	167	1.07526
8	171	0.982832
8	173	1.05883
8	174	1.07021
9	15	1.0526
9	21	0.979053
9	44	1.02112
9	50	1.08356
9	98	0.955728
9	108	1.049
9	147	1.17181
9	155	1.00722
9	169	0.98925
9	171	0.987339
9	172	1.01016
9	179	1.13899
10	32	0.961564
10	56	1.0958
10	87	1.01991
10	105	1.04625
10	133	1.01586
10	135	1.05839
10	139	1.00611
10	140	1.00541
10	141	1.03913
10	143	1.04788
10	145	1.05837
10	156	1.08207
11	62	1.03546
11	75	0.977578
11	79	0.905027
11	93	0.991656
11	97	1.04352
11	144	1.04224
11	157	1.03455
11	159	1.03598
11	168	1.07353
11	172	1.05927
11	173	1.11415
11	174	1.12554
12	35	0.945634
12	48	0.896736
12	75	0.837075
12	93	0.851153
12	94	0.940532
12	111	1.14346
12	125	1.3026
12	144	0.901737
12	149	1.36718
12	154	1.33629
12	159	0.895477
12	168	0.93303
13	35	1.06086
13	72	1.09849
13	77	0.943047
13	97	1.01824
13	130	1.02183
13	147	1.14448
13	154	0.912678
13	159	1.0107
13	168	1.04826
13	173	0.912254
13	176	1.1592
13	179	1.11166
14	2	1.01719
14	92	1.01877
14	107	1.03401
14	119	1.06011
14	122	1.02835
14	127	1.0189
14	150	1.04627
14	153	0.951494
14	165	0.965493
14	171	0.99709
14	177	1.06387
14	179	1.15666
15	9	1.0526
15	42	1.0755
15	49	0.989529
15	61	0.952743
15	98	1.06334
15	108	1.07062
15	154	1.04762
15	155	1.02884
15	157	0.967594
15	166	1.03415
15	172	1.03178
15	178	1.12489
16	24	1.02021
16	100	1.06487
16	113	0.918379
16	118	1.0265
16	128	1.02517
16	146	1.01898
16	161	1.04902
16	165	1.06581
16	167	1.00618
16	171	1.10533
16	174	1.01139
16	178	1.13526
17	64	0.956976
17	87	1.03286
17	133	1.02882
17	134	1.03457
17	135	1.07134
17	139	1.01907
17	141	1.05208
17	153	1.03956
17	167	1.06176
17	171	1.09307
17	172	0.990438
17	174	1.0567
18	86	0.98379
18	104	1.00358
18	114	0.982971
18	122	0.961901
18	124	1.00389
18	127	0.952447
18	145	1.08318
18	152	1.12968
18	158	1.0777
18	161	0.983942
18	171	0.930637
18	174	1.20155
18	175	1.14209
19	72	1.05398
19	73	1.07527
19	88	1.06796
19	109	1.00182
19	117	0.921703
19	121	0.905113
19	130	0.977331
19	132	0.948739
19	138	0.990131
19	145	1.10299
19	148	1.14667
19	149	1.2413
19	168	1.00375
20	62	1.09994
20	66	1.10155
20	94	1.14551
20	97	1.108
20	111	0.818349
20	120	0.897498
20	126	0.845036
20	144	1.10672
20	158	0.898287
20	159	1.10046
20	163	1.05703
20	168	1.13801
20	179	1.21016
21	1	1.01337
21	4	0.880123
21	9	0.979053
21	50	1.03163
21	108	0.997079
21	111	1.01476
21	137	0.986248
21	155	0.955299
21	158	1.0947
21	159	1.11183
21	166	1.19412
21	167	1.22361
21	172	0.958238
22	31	0.979961
22	53	0.965191
22	71	0.982836
22	79	0.983742
22	83	0.946603
22	85	1.0012
22	99	1.01914
22	103	1.01917
22	147	0.888673
22	153	1.18711
22	164	1.1519
22	166	1.17982
22	172	1.13799
23	51	0.940664
23	55	0.946687
23	113	1.04613
23	128	0.967189
23	129	1.03692
23	136	1.22828
23	150	0.986915
23	155	0.981092
23	159	1.08998
23	161	0.99104
23	164	1.14436
23	172	1.13044
23	174	0.953418
24	16	1.02021
24	60	1.0051
24	81	1.0148
24	106	0.959051
24	128	0.950708
24	129	1.02044
24	150	0.970433
24	152	1.08552
24	162	1.05253
24	167	0.931727
24	172	1.09112
24	174	0.936936
24	176	1.39295
25	32	0.931516
25	58	0.964194
25	64	0.913975
25	133	0.985817
25	134	0.991565
25	135	1.02834
25	139	0.976065
25	141	1.00908
25	146	1.01159
25	171	1.09793
25	177	1.1568
25	178	1.12787
25	179	1.24959
26	48	0.9697
26	62	0.96792
26	93	0.924117
26	94	1.0135
26	97	0.97598
26	144	0.974701
26	145	1.08021
26	156	1.10391
26	158	1.07472
26	159	0.968441
26	160	1.20452
26	166	1.17415
26	168	1.00599
27	6	0.992317
27	96	0.995657
27	112	0.969462
27	117	0.94132
27	130	0.996948
27	132	0.968356
27	136	0.92757
27	138	1.00975
27	154	1.12245
27	156	1.03874
27	163	1.1683
27	164	1.08105
27	177	1.22864
28	31	0.978265
28	43	0.994596
28	53	0.963496
28	83	0.944907
28	85	0.999505
28	99	1.01744
28	103	1.01747
28	137	1.01588
28	142	1.17965
28	147	0.886977
28	149	1.16687
28	166	1.1225
28	167	1.15199
29	36	1.04148
29	39	1.02228
29	67	0.89872
29	87	0.956267
29	113	0.98099
29	131	0.989602
29	133	0.952224
29	134	0.957972
29	135	0.994746
29	141	0.975488
29	167	1.13662
29	171	1.16794
29	180	1.36576
30	37	1.05034
30	43	0.97927
30	53	0.94817
30	71	0.965816
30	85	0.98418
30	99	1.00212
30	103	1.00215
30	126	0.955723
30	147	0.871652
30	159	1.0261
30	160	1.13877
30	178	1.19913
30	179	1.32085
31	22	0.979961
31	28	0.978265
31	54	1.06912
31	71	0.966556
31	79	1.04262
31	83	0.930322
31	99	1.00286
31	103	1.00289
31	126	1.08604
31	144	1.12714
31	147	0.872392
31	157	1.17215
31	164	1.21078
32	10	0.961564
32	25	0.931516
32	46	0.953388
32	82	0.879957
32	126	1.07931
32	133	0.921751
32	134	0.9275
32	135	0.964273
32	139	0.912
32	141	0.945016
32	142	1.28913
32	158	1.13256
32	163	1.29131
32	173	1.24503
33	65	0.942448
33	115	0.917001
33	118	0.910202
33	120	1.014
33	126	1.01296
33	129	0.9786
33	147	1.35949
33	153	1.1215
33	155	0.922775
33	161	0.932723
33	163	1.17354
33	167	0.889892
33	174	0.895101
33	180	1.37284
34	4	0.912755
34	44	1.00183
34	49	0.948617
34	61	0.911831
34	108	1.02971
34	137	1.01888
34	142	1.11559
34	143	0.954008
34	155	0.987931
34	169	1.12115
34	172	0.99087
34	177	1.1781
34	179	1.27089
35	12	0.945634
35	13	1.06086
35	66	1.0698
35	75	1.01031
35	93	1.02439
35	94	1.11376
35	146	0.957165
35	148	0.93244
35	159	1.06871
35	168	1.10626
35	171	1.04351
35	174	1.00713
35	175	0.947677
35	180	1.24133
36	29	1.04148
36	64	0.993464
36	67	1.0118
36	87	1.06935
36	133	1.06531
36	134	1.07106
36	139	1.05556
36	141	1.08857
36	148	0.994499
36	152	0.997326
36	158	0.945344
36	164	1.01684
36	172	1.00293
36	177	1.16443
37	30	1.05034
37	43	1.06742
37	71	1.05396
37	83	1.01773
37	85	1.07233
37	99	1.09026
37	103	1.09029
37	111	0.948286
37	140	0.980751
37	143	1.02322
37	147	0.959797
37	152	1.08021
37	157	1.06109
37	158	1.02822
38	92	1.03162
38	104	1.08288
38	122	1.0412
38	124	1.08319
38	127	1.03175
38	136	1.03595
38	150	1.05912
38	152	0.932501
38	156	0.909704
38	160	1.01031
38	161	1.06324
38	165	1.00123
38	171	1.00994
38	180	1.23857
39	29	1.02228
39	56	1.12604
39	82	1.00431
39	102	0.99907
39	126	0.90795
39	134	1.05185
39	135	1.08863
39	139	1.03635
39	140	0.913728
39	141	1.06937
39	147	1.3059
39	156	0.990386
39	162	0.980198
39	164	1.0327
40	55	1.07376
40	74	1.0927
40	80	0.927304
40	92	1.07028
40	124	0.993624
40	157	1.01994
40	160	0.973459
40	166	0.981384
40	169	0.953998
40	170	0.88151
40	176	0.884573
40	178	0.935733
40	179	0.892297
40	180	0.878078
41	46	1.07621
41	62	1.06531
41	75	1.00743
41	82	1.00278
41	133	1.04458
41	139	1.03483
41	151	1.02218
41	152	0.949604
41	157	0.930484
41	159	1.06583
41	168	1.10338
41	171	1.05784
41	172	0.955208
41	179	1.2095
42	15	1.0755
42	44	1.04403
42	49	0.990815
42	50	1.10646
42	69	1.05117
42	108	1.07191
42	131	0.909265
42	140	0.879906
42	147	1.27207
42	153	1.03409
42	155	1.03013
42	159	0.944506
42	169	1.08951
42	172	1.03307
43	28	0.994596
43	30	0.97927
43	37	1.06742
43	54	1.08545
43	83	0.946653
43	85	1.00125
43	99	1.01919
43	103	1.01922
43	147	0.888722
43	148	1.04784
43	149	1.14247
43	153	1.1054
43	158	0.998687
43	160	1.12848
43	166	1.09811
44	9	1.02112
44	34	1.00183
44	42	1.04403
44	49	0.958054
44	61	0.921268
44	69	1.01841
44	108	1.03915
44	142	1.16368
44	144	0.99496
44	148	1.05626
44	149	1.15089
44	151	1.13167
44	155	0.997368
44	159	1.02424
44	172	1.00031
45	61	0.963025
45	110	0.93203
45	119	0.861617
45	124	0.85721
45	127	0.958892
45	130	0.893327
45	153	1.02559
45	154	1.0169
45	157	1.07032
45	169	1.00437
45	175	1.05131
45	176	0.934946
45	177	0.983715
45	178	0.986107
45	180	0.928451
46	32	0.953388
46	41	1.07621
46	67	0.954186
46	82	0.965895
46	102	0.960653
46	123	0.942735
46	133	1.00769
46	135	1.05021
46	139	0.997938
46	141	1.03095
46	154	1.13389
46	165	1.14171
46	172	1.07859
46	174	1.14485
46	175	1.08539
47	55	0.962814
47	63	0.881628
47	65	0.870288
47	71	0.946345
47	96	0.896903
47	128	0.931011
47	151	1.0226
47	153	1.00936
47	156	1.05816
47	162	1.06891
47	164	1.03517
47	173	1.00266
47	177	0.967486
47	179	0.926442
47	180	0.912223
48	12	0.896736
48	26	0.9697
48	75	0.96141
48	93	0.975488
48	94	1.06487
48	97	1.02735
48	142	1.14583
48	144	1.02607
48	148	1.03842
48	153	1.09597
48	157	1.02212
48	159	1.01981
48	160	1.11905
48	168	1.05737
48	173	1.10173
49	1	1.00222
49	4	0.868979
49	15	0.989529
49	34	0.948617
49	42	0.990815
49	44	0.958054
49	69	0.965196
49	108	0.985936
49	136	1.17139
49	144	1.00381
49	155	0.944156
49	159	1.03309
49	172	0.947095
49	174	1.13981
49	178	1.20612
49	180	1.37401
50	9	1.08356
50	21	1.03163
50	42	1.10646
50	61	0.983704
50	69	1.08084
50	108	1.10158
50	137	1.09075
50	145	0.883978
50	151	1.00306
50	155	1.0598
50	163	1.03724
50	164	0.949994
50	167	1.0074
50	172	1.06274
50	175	0.942888
50	179	1.19037
51	23	0.940664
51	59	1.02922
51	80	0.994395
51	95	1.00525
51	118	0.930468
51	128	0.929138
51	129	0.998866
51	140	1.04037
51	150	0.948864
51	157	1.1207
51	158	1.08784
51	160	1.21763
51	165	1.20855
51	167	0.910158
51	169	1.24997
51	174	0.915367
52	56	1.13987
52	82	1.01814
52	87	1.06398
52	88	0.764592
52	102	1.0129
52	133	1.05994
52	134	1.06569
52	135	1.10246
52	139	1.05019
52	141	1.0832
52	160	0.923938
52	167	0.923051
52	170	1.18354
52	174	0.917994
52	176	1.15356
52	180	1.15219
53	22	0.965191
53	28	0.963496
53	30	0.94817
53	54	1.05435
53	71	0.951787
53	83	0.915553
53	85	0.970151
53	99	0.988089
53	103	0.988119
53	140	1.09467
53	143	1.13714
53	144	1.13
53	147	0.857623
53	158	1.14214
53	159	1.15927
53	165	1.26285
54	7	0.862649
54	31	1.06912
54	43	1.08545
54	53	1.05435
54	71	1.07199
54	83	1.03576
54	85	1.09036
54	99	1.1083
54	103	1.10833
54	105	0.928681
54	125	1.01452
54	137	0.928115
54	147	0.977829
54	164	1.00681
54	166	1.03474
54	177	1.1544
55	23	0.946687
55	40	1.07376
55	47	0.962814
55	80	1.00042
55	95	1.01127
55	100	0.974868
55	118	0.936491
55	128	0.935161
55	129	1.00489
55	158	1.02472
55	161	0.959012
55	167	0.91618
55	173	1.13718
55	174	0.92139
55	178	1.21487
55	179	1.33659
56	3	0.843884
56	10	1.0958
56	39	1.12604
56	52	1.13987
56	64	0.984144
56	91	1.12422
56	102	1.00895
56	126	0.884382
56	133	1.05599
56	134	1.06174
56	137	0.930432
56	139	1.04624
56	141	1.07925
56	159	0.954759
56	167	1.06654
56	178	1.12779
57	90	1.01144
57	92	0.933381
57	104	0.984647
57	107	0.948623
57	114	0.964037
57	119	0.974725
57	124	0.984953
57	127	0.933513
57	150	0.960882
57	151	1.15076
57	154	1.13909
57	165	1.14691
57	166	1.12562
57	171	0.911703
57	174	1.15005
57	178	1.21636
58	25	0.964194
58	67	0.900926
58	87	0.958472
58	98	0.957705
58	110	0.980443
58	133	0.954429
58	134	0.960178
58	135	0.996951
58	139	0.944678
58	141	0.977694
58	146	1.03287
58	160	1.08878
58	170	1.34838
58	171	1.11921
58	175	1.02338
58	176	1.31841
59	51	1.02922
59	65	1.08932
59	70	1.06179
59	95	1.13186
59	115	1.06387
59	116	0.899396
59	118	1.05708
59	128	1.05575
59	143	0.926198
59	151	1.05577
59	161	1.0796
59	162	0.950204
59	164	1.00271
59	166	1.03063
59	167	1.03676
59	177	1.15029
60	2	0.978149
60	24	1.0051
60	64	1.13717
60	75	1.11475
60	76	0.915258
60	115	0.917803
60	125	1.0148
60	129	0.877367
60	164	1.02578
60	170	0.906264
60	175	1.02569
60	176	0.909328
60	177	0.958096
60	178	0.960488
60	179	0.917052
60	180	0.902833
61	1	0.965439
61	4	0.832193
61	15	0.952743
61	34	0.911831
61	44	0.921268
61	45	0.963025
61	50	0.983704
61	69	0.92841
61	108	0.949149
61	137	0.938318
61	155	0.907369
61	165	1.1711
61	172	0.910309
61	173	1.16286
61	174	1.17424
61	179	1.36227
61	180	1.40844
62	5	0.894649
62	11	1.03546
62	20	1.09994
62	26	0.96792
62	41	1.06531
62	93	0.973707
62	94	1.06309
62	97	1.02557
62	105	1.01951
62	116	0.99433
62	137	1.01894
62	157	1.059
62	158	1.02614
62	159	1.01803
62	167	1.15505
62	168	1.05558
62	173	1.13861
63	47	0.881628
63	74	0.977837
63	76	1.05739
63	96	1.02719
63	109	1.05297
63	112	1.00099
63	116	0.91172
63	130	1.02848
63	132	0.999888
63	136	0.959102
63	138	1.04128
63	148	0.992686
63	168	1.0549
63	174	1.06738
63	175	1.00792
63	177	1.16262
63	180	1.30158
64	17	0.956976
64	25	0.913975
64	36	0.993464
64	56	0.984144
64	60	1.13717
64	98	0.907486
64	102	0.857174
64	131	1.14749
64	133	0.90421
64	134	0.909958
64	135	0.946732
64	139	0.894458
64	141	0.927474
64	144	1.15345
64	153	1.27231
64	157	1.19846
64	169	1.32773
65	33	0.942448
65	47	0.870288
65	59	1.08932
65	80	1.0545
65	81	1.05333
65	91	1.11878
65	106	0.997583
65	115	0.997368
65	126	1.09333
65	128	0.989239
65	136	1.08762
65	142	1.08876
65	161	1.01309
65	162	0.951187
65	171	1.09241
65	174	0.975468
65	178	1.12235
66	5	0.896261
66	7	0.861312
66	20	1.10155
66	35	1.0698
66	75	0.961242
66	91	1.12057
66	93	0.97532
66	94	1.0647
66	97	1.02718
66	101	1.04749
66	144	1.0259
66	149	1.07776
66	157	0.966841
66	159	1.01964
66	164	1.00548
66	168	1.0572
66	179	1.24586
67	29	0.89872
67	36	1.0118
67	46	0.954186
67	58	0.900926
67	82	0.880754
67	102	0.875513
67	133	0.922549
67	134	0.928297
67	135	0.96507
67	139	0.912797
67	141	0.945813
67	154	1.1659
67	156	1.0822
67	163	1.21176
67	171	1.21323
67	176	1.41243
67	178	1.24317
68	73	0.965668
68	90	1.07203
68	107	1.00921
68	114	1.02463
68	119	1.03532
68	122	1.00356
68	123	0.909643
68	124	1.04554
68	127	0.994104
68	131	0.969793
68	150	1.02147
68	161	1.0256
68	162	1.0069
68	167	1.11681
68	171	0.972294
68	173	1.10037
68	180	1.34596
69	1	1.06258
69	42	1.05117
69	44	1.01841
69	49	0.965196
69	50	1.08084
69	61	0.92841
69	101	1.07701
69	108	1.04629
69	137	1.03546
69	151	1.08806
69	154	1.07639
69	155	1.00451
69	156	0.992684
69	162	0.982495
69	163	1.12224
69	172	1.00745
69	173	1.07597
70	59	1.06179
70	73	1.05436
70	100	1.00141
70	106	0.970047
70	115	0.969833
70	118	0.963034
70	128	0.961704
70	129	1.03143
70	131	1.05849
70	140	1.02913
70	142	1.23317
70	150	0.981429
70	151	1.20116
70	155	0.975607
70	162	1.0956
70	167	0.942723
70	174	0.947932
70	175	1.14099
71	22	0.982836
71	30	0.965816
71	31	0.966556
71	37	1.05396
71	47	0.946345
71	53	0.951787
71	54	1.07199
71	83	0.933198
71	85	0.987796
71	91	1.19483
71	99	1.00573
71	103	1.00576
71	147	0.875268
71	148	1.0574
71	149	1.15203
71	164	1.07975
71	165	1.12896
71	171	1.16847
72	13	1.09849
72	19	1.05398
72	77	1.03868
72	112	1.08998
72	117	1.06184
72	120	0.889043
72	121	1.04525
72	132	1.08887
72	136	1.04809
72	138	1.13026
72	145	0.895314
72	152	0.941813
72	153	0.996541
72	154	1.00272
72	159	0.906958
72	166	0.989254
72	168	1.14389
72	170	1.27923
73	19	1.07527
73	68	0.965668
73	70	1.05436
73	95	0.951705
73	130	0.958456
73	153	1.02765
73	154	1.01897
73	155	0.924762
73	161	0.917238
73	163	1.01596
73	169	1.00643
73	170	0.933946
73	171	1.01177
73	176	0.937009
73	177	0.985778
73	178	0.988169
73	179	0.944734
73	180	0.930514
74	40	1.0927
74	63	0.977837
74	76	1.01908
74	84	0.970912
74	89	0.939668
74	109	1.01466
74	113	1.01693
74	116	1.01185
74	121	0.917952
74	123	0.965393
74	130	0.990169
74	132	0.961577
74	138	1.00297
74	143	0.991685
74	160	1.17345
74	168	1.01659
74	171	1.20388
74	177	1.26275
75	5	0.836768
75	11	0.977578
75	12	0.837075
75	35	1.01031
75	41	1.00743
75	48	0.96141
75	60	1.11475
75	66	0.961242
75	93	0.915826
75	97	0.967689
75	105	1.13655
75	123	1.06492
75	137	1.13598
75	144	0.96641
75	154	1.25607
75	158	1.14318
75	159	0.96015
75	160	1.27298
75	168	0.997704
76	60	0.915258
76	63	1.05739
76	74	1.01908
76	77	0.990938
76	78	0.999154
76	79	0.847027
76	101	1.0572
76	112	1.04224
76	117	1.0141
76	121	0.997506
76	125	1.02289
76	130	1.06972
76	132	1.04113
76	143	1.07124
76	159	0.960814
76	168	1.09615
76	169	1.10582
76	175	1.00808
76	180	1.30174
77	13	0.943047
77	72	1.03868
77	76	0.990938
77	78	0.891457
77	84	0.942769
77	89	0.911526
77	112	0.93454
77	121	0.889809
77	130	0.962027
77	132	0.933435
77	138	0.974827
77	140	1.02905
77	154	1.18941
77	163	1.23527
77	168	0.98845
77	171	1.23674
77	172	1.13411
77	173	1.18899
77	174	1.20037
78	76	0.999154
78	77	0.891457
78	84	0.950985
78	89	0.919742
78	96	0.968951
78	109	0.994733
78	117	0.914615
78	121	0.898025
78	130	0.970243
78	132	0.941651
78	138	0.983042
78	143	0.971759
78	144	0.998094
78	147	1.35494
78	149	1.15403
78	165	1.13095
78	167	1.13915
78	172	1.06783
78	176	1.36966
79	11	0.905027
79	22	0.983742
79	31	1.04262
79	76	0.847027
79	87	0.912842
79	130	0.884035
79	135	0.803624
79	138	0.865442
79	149	1.04713
79	156	1.11821
79	163	1.05771
79	165	1.07172
79	169	1.04818
79	173	1.06271
79	176	0.978759
79	177	1.02753
79	178	1.02992
79	179	0.986484
79	180	0.972264
80	40	0.927304
80	51	0.994395
80	55	1.00042
80	65	1.0545
80	81	1.08501
80	115	1.02905
80	128	1.02092
80	129	1.09065
80	146	0.952138
80	150	1.04065
80	153	0.984968
80	155	1.03482
80	157	0.911121
80	161	1.04477
80	163	1.037
80	169	1.04039
80	170	1.26765
80	174	1.00715
80	177	1.09735
81	24	1.0148
81	65	1.05333
81	80	1.08501
81	91	1.07887
81	95	1.09586
81	105	0.885652
81	106	1.0281
81	115	1.02788
81	118	1.02108
81	131	0.874171
81	150	1.03948
81	151	1.01685
81	155	1.03366
81	166	0.991708
81	167	1.00077
81	174	1.00598
81	175	0.956678
81	176	1.2517
81	180	1.25033
82	32	0.879957
82	39	1.00431
82	41	1.00278
82	46	0.965895
82	52	1.01814
82	67	0.880754
82	102	0.887222
82	110	0.960271
82	134	0.940006
82	135	0.976779
82	139	0.924506
82	141	0.957522
82	146	1.12914
82	153	1.16197
82	162	1.07425
82	166	1.15468
82	174	1.1791
82	177	1.27434
82	178	1.24541
83	22	0.946603
83	28	0.944907
83	31	0.930322
83	37	1.01773
83	43	0.946653
83	53	0.915553
83	54	1.03576
83	71	0.933198
83	85	0.951562
83	99	0.969501
83	103	0.96953
83	143	1.0618
83	147	0.839034
83	149	1.21059
83	157	1.09967
83	162	1.0858
83	167	1.19571
83	173	1.17927
83	179	1.37868
84	7	0.937808
84	74	0.970912
84	77	0.942769
84	78	0.950985
84	96	1.02026
84	109	1.04605
84	110	1.01519
84	112	0.994068
84	117	0.965927
84	130	1.02155
84	132	0.992963
84	138	1.03435
84	144	0.998326
84	153	1.11718
84	166	1.1099
84	168	1.04798
84	169	1.17261
84	172	1.06806
84	174	1.13432
84	175	1.07487
85	22	1.0012
85	28	0.999505
85	30	0.98418
85	37	1.07233
85	43	1.00125
85	53	0.970151
85	54	1.09036
85	71	0.987796
85	83	0.951562
85	99	1.0241
85	103	1.02413
85	136	1.13988
85	143	0.979449
85	147	0.893632
85	148	1.03361
85	154	1.09735
85	159	1.00158
85	165	1.10517
85	171	1.14468
85	177	1.20354
86	8	1.03598
86	18	0.98379
86	90	1.04965
86	92	0.971588
86	104	1.02285
86	119	1.01293
86	122	0.981173
86	124	1.02316
86	127	0.971719
86	146	0.973829
86	150	0.999088
86	151	1.02451
86	161	1.00321
86	165	1.02066
86	167	1.02885
86	170	1.28934
86	171	0.949909
86	174	1.0238
86	176	1.25936
86	178	1.09011
87	10	1.01991
87	17	1.03286
87	29	0.956267
87	36	1.06935
87	52	1.06398
87	58	0.958472
87	79	0.912842
87	102	0.933059
87	111	0.929565
87	120	1.00871
87	126	0.956253
87	133	0.980095
87	134	0.985844
87	135	1.02262
87	139	0.970344
87	141	1.00336
87	167	1.13841
87	175	1.0739
87	176	1.36892
87	177	1.22859
88	19	1.06796
88	52	0.764592
88	89	1.00227
88	106	0.976021
88	113	1.08742
88	118	0.98007
88	122	0.935518
88	125	1.01544
88	138	0.932549
88	153	1.0006
88	156	1.04941
88	160	0.99885
88	165	1.00293
88	166	1.00678
88	168	0.817129
88	173	0.993909
88	174	1.00041
88	175	1.02633
88	179	0.917688
88	180	0.903469
89	74	0.939668
89	77	0.911526
89	78	0.919742
89	88	1.00227
89	96	0.98902
89	109	1.0148
89	110	0.983945
89	112	0.962825
89	113	1.0051
89	120	1.03104
89	121	0.918094
89	126	0.978574
89	130	0.990311
89	132	0.961719
89	137	1.02462
89	138	1.00311
89	143	0.991827
89	168	1.01673
89	169	1.19396
89	176	1.39124
89	180	1.38987
90	8	1.08257
90	57	1.01144
90	68	1.07203
90	86	1.04965
90	98	1.05651
90	107	1.03341
90	111	1.1123
90	114	1.04883
90	119	1.05952
90	124	1.06974
90	127	1.0183
90	137	0.920702
90	152	0.979885
90	156	0.957088
90	159	0.945029
90	160	1.05769
90	161	1.0498
90	162	0.946899
90	171	0.996494
90	173	1.04037
90	180	1.28595
91	56	1.12422
91	65	1.11878
91	66	1.12057
91	71	1.19483
91	81	1.07887
91	109	1.05064
91	142	0.912744
91	145	1.00533
91	151	0.954588
91	152	0.989639
91	153	0.941351
91	155	1.13359
91	173	0.934655
91	174	0.941157
91	175	0.967073
91	176	0.85071
91	177	0.899478
91	178	0.90187
91	179	0.858434
91	180	0.844215
92	14	1.01877
92	38	1.03162
92	40	1.07028
92	57	0.933381
92	86	0.971588
92	98	1.14985
92	107	0.955356
92	114	0.970769
92	119	0.981457
92	120	1.02045
92	122	0.949699
92	123	0.942971
92	124	0.991685
92	127	0.940245
92	136	1.17666
92	146	1.09512
92	150	0.967614
92	161	0.971739
92	169	1.18337
92	171	0.918435
92	176	1.38065
93	11	0.991656
93	12	0.851153
93	26	0.924117
93	35	1.02439
93	48	0.975488
93	62	0.973707
93	66	0.97532
93	75	0.915826
93	94	1.01928
93	97	0.981768
93	101	1.14113
93	113	1.00089
93	142	1.18419
93	144	0.980488
93	145	1.0331
93	157	1.06048
93	159	0.974229
93	168	1.01178
93	169	1.18975
93	174	1.15147
93	179	1.3395
94	5	0.940225
94	12	0.940532
94	20	1.14551
94	26	1.0135
94	35	1.11376
94	48	1.06487
94	62	1.06309
94	66	1.0647
94	93	1.01928
94	131	0.841415
94	140	0.812056
94	144	1.06987
94	159	1.06361
94	163	1.01827
94	168	1.10116
94	173	0.971997
94	174	0.983378
94	176	1.21894
94	177	1.07862
94	178	1.04969
94	180	1.21758
95	51	1.00525
95	55	1.01127
95	59	1.13186
95	73	0.951705
95	81	1.09586
95	101	1.08746
95	111	0.894006
95	115	1.0399
95	120	0.973156
95	128	1.03178
95	129	1.1015
95	144	0.961796
95	150	1.0515
95	151	1.0985
95	154	1.08684
95	155	1.04568
95	157	1.00681
95	161	1.05563
95	167	1.01279
95	174	1.018
95	175	1.03834
96	27	0.995657
96	47	0.896903
96	63	1.02719
96	78	0.968951
96	84	1.02026
96	89	0.98902
96	109	1.06401
96	112	1.01203
96	117	0.983893
96	132	1.01093
96	136	0.970142
96	138	1.05232
96	143	1.04104
96	148	1.00796
96	149	1.10259
96	150	1.02101
96	152	1.01079
96	163	1.11755
96	168	1.06594
96	172	1.01639
96	173	1.07127
96	174	1.08265
97	5	0.902709
97	11	1.04352
97	13	1.01824
97	20	1.108
97	26	0.97598
97	48	1.02735
97	62	1.02557
97	66	1.02718
97	75	0.967689
97	93	0.981768
97	144	1.03235
97	145	0.916657
97	149	1.05496
97	159	1.02609
97	162	0.930171
97	168	1.06364
97	171	1.0714
97	172	0.968761
97	173	1.02364
97	176	1.27059
97	177	1.13026
97	179	1.22305
98	9	0.955728
98	15	1.06334
98	58	0.957705
98	64	0.907486
98	90	1.05651
98	92	1.14985
98	101	0.988049
98	109	0.992666
98	123	1.05708
98	129	1.03441
98	134	0.985077
98	135	1.02185
98	138	1.09071
98	139	0.969577
98	141	1.00259
98	149	0.933287
98	150	1.1115
98	170	0.861852
98	176	0.864915
98	178	0.916076
98	179	0.87264
98	180	0.85842
99	2	1.10453
99	22	1.01914
99	28	1.01744
99	30	1.00212
99	31	1.00286
99	37	1.09026
99	43	1.01919
99	53	0.988089
99	54	1.1083
99	71	1.00573
99	83	0.969501
99	85	1.0241
99	103	1.04207
99	116	0.900313
99	136	1.08755
99	147	0.91157
99	151	1.05668
99	156	0.961309
99	160	1.06192
99	162	0.951121
99	167	1.06103
99	170	1.32152
100	16	1.06487
100	55	0.974868
100	70	1.00141
100	115	1.0035
100	118	0.9967
100	125	1.00052
100	126	1.09946
100	128	0.99537
100	129	1.0651
100	146	0.9952
100	147	1.26601
100	149	1.06511
100	150	1.0151
100	155	1.00927
100	161	1.01922
100	162	0.940317
100	167	0.976389
100	171	1.08154
100	172	0.978907
100	174	0.981598
100	175	0.985713
100	176	1.28074
101	66	1.04749
101	69	1.07701
101	76	1.0572
101	93	1.14113
101	95	1.08746
101	98	0.988049
101	139	1.11647
101	142	0.932394
101	154	0.952318
101	157	1.00573
101	161	1.05299
101	162	1.02055
101	165	0.963322
101	168	0.960199
101	171	0.945125
101	173	0.954305
101	175	0.986723
101	176	0.87036
101	177	0.919128
101	178	0.92152
101	179	0.878084
101	180	0.863865
102	39	0.99907
102	46	0.960653
102	52	1.0129
102	56	1.00895
102	64	0.857174
102	67	0.875513
102	82	0.887222
102	87	0.933059
102	110	0.95503
102	125	1.14186
102	126	1.0094
102	131	1.04454
102	133	0.929016
102	134	0.934765
102	135	0.971538
102	139	0.919265
102	141	0.952281
102	146	1.13653
102	153	1.16936
102	165	1.18336
102	170	1.45205
102	179	1.37453
103	22	1.01917
103	28	1.01747
103	30	1.00215
103	31	1.00289
103	37	1.09029
103	43	1.01922
103	53	0.988119
103	54	1.10833
103	71	1.00576
103	83	0.96953
103	85	1.02413
103	99	1.04207
103	123	0.917516
103	126	0.94253
103	136	1.15121
103	147	0.9116
103	152	1.04776
103	156	1.02497
103	167	1.12469
103	173	1.10825
103	175	1.06017
103	177	1.21487
104	18	1.00358
104	38	1.08288
104	57	0.984647
104	86	1.02285
104	107	1.00662
104	114	1.02203
104	119	1.03272
104	122	1.00096
104	124	1.04295
104	126	0.900233
104	127	0.991511
104	137	0.946284
104	150	1.01888
104	153	1.06019
104	161	1.02301
104	164	1.02498
104	165	1.07419
104	169	1.11562
104	171	0.9697
104	175	1.01788
104	178	1.14364
104	180	1.31153
105	10	1.04625
105	54	0.928681
105	62	1.01951
105	75	1.13655
105	81	0.885652
105	116	1.07039
105	134	0.945646
105	138	0.955469
105	141	0.988061
105	148	1.03295
105	152	1.04428
105	154	0.987309
105	155	0.940368
105	158	1.04611
105	166	1.00216
105	171	0.980116
105	173	0.989297
105	175	1.02171
105	176	0.905351
105	177	0.95412
105	178	0.956511
105	179	0.913076
105	180	0.898856
106	7	0.932908
106	24	0.959051
106	65	0.997583
106	70	0.970047
106	81	1.0281
106	88	0.976021
106	115	0.972136
106	118	0.965337
106	126	1.0681
106	128	0.964007
106	129	1.03374
106	136	1.161
106	137	0.998374
106	150	0.983732
106	155	0.97791
106	161	0.987858
106	164	1.07707
106	167	0.945026
106	171	1.1658
106	173	1.11804
106	174	0.950236
106	175	1.06997
106	179	1.31745
107	3	0.934698
107	14	1.03401
107	57	0.948623
107	68	1.00921
107	90	1.03341
107	92	0.955356
107	104	1.00662
107	114	0.986011
107	119	0.996699
107	122	0.96494
107	124	1.00693
107	127	0.955487
107	131	1.01033
107	144	1.0163
107	150	0.982856
107	159	1.04557
107	160	1.15824
107	161	0.986981
107	167	1.15735
107	169	1.19058
107	171	0.933677
107	173	1.14091
107	177	1.24753
108	4	0.950073
108	9	1.049
108	15	1.07062
108	21	0.997079
108	34	1.02971
108	42	1.07191
108	44	1.03915
108	49	0.985936
108	50	1.10158
108	61	0.949149
108	69	1.04629
108	111	0.850036
108	120	0.929186
108	137	1.0562
108	143	0.924965
108	145	0.935457
108	155	1.02525
108	163	1.08872
108	167	1.05888
108	172	1.02819
108	175	0.994366
108	176	1.28939
108	178	1.12013
108	180	1.28802
109	6	1.06067
109	19	1.00182
109	63	1.05297
109	74	1.01466
109	78	0.994733
109	84	1.04605
109	89	1.0148
109	91	1.05064
109	96	1.06401
109	98	0.992666
109	112	1.03782
109	117	1.00967
109	121	0.993085
109	132	1.03671
109	136	0.995924
109	138	1.0781
109	146	0.937935
109	156	0.89324
109	158	0.864054
109	170	1.25345
109	174	0.987903
109	175	0.928447
109	179	1.17593
109	180	1.2221
110	45	0.93203
110	58	0.980443
110	82	0.960271
110	84	1.01519
110	89	0.983945
110	102	0.95503
110	112	1.00696
110	116	0.987588
110	117	0.978818
110	121	0.962228
110	130	1.03445
110	133	1.00207
110	134	1.00781
110	135	1.04459
110	138	1.04725
110	139	0.992314
110	140	0.971926
110	141	1.02533
110	149	1.16318
110	158	1.0194
110	159	1.03653
110	166	1.11882
110	167	1.1483
110	172	1.07699
110	179	1.33128
111	6	0.954087
111	12	1.14346
111	20	0.818349
111	21	1.01476
111	37	0.948286
111	87	0.929565
111	90	1.1123
111	95	0.894006
111	108	0.850036
111	114	1.06489
111	121	0.998276
111	122	1.04382
111	124	1.08581
111	127	1.03437
111	134	0.872342
111	140	1.1189
111	156	1.07724
111	161	1.06586
111	166	1.03461
111	170	0.934731
111	171	1.01256
111	176	0.937794
111	179	0.945519
111	180	0.931299
112	27	0.969462
112	63	1.00099
112	72	1.08998
112	76	1.04224
112	77	0.93454
112	84	0.994068
112	89	0.962825
112	96	1.01203
112	109	1.03782
112	110	1.00696
112	117	0.957698
112	121	0.941108
112	126	0.940382
112	132	0.984734
112	138	1.02613
112	142	1.15021
112	146	1.06751
112	148	1.04279
112	151	1.11819
112	156	1.02282
112	162	1.01263
112	168	1.03975
112	174	1.11748
112	175	1.05803
112	180	1.35168
113	1	0.916737
113	16	0.918379
113	23	1.04613
113	29	0.98099
113	74	1.01693
113	88	1.08742
113	89	1.0051
113	93	1.00089
113	115	0.919507
113	118	0.982898
113	148	1.05227
113	149	0.99305
113	150	0.956159
113	151	1.02856
113	157	1.06005
113	169	0.994103
113	170	0.921614
113	171	0.999443
113	173	1.00862
113	174	1.01513
113	175	1.04104
113	177	0.973446
113	178	0.975838
113	179	0.932402
113	180	0.918183
114	18	0.982971
114	57	0.964037
114	68	1.02463
114	90	1.04883
114	92	0.970769
114	104	1.02203
114	107	0.986011
114	111	1.06489
114	119	1.01211
114	122	0.980354
114	124	1.02234
114	127	0.970901
114	144	0.993469
114	149	1.1494
114	150	0.99827
114	152	1.0576
114	154	1.11851
114	157	1.03848
114	158	1.00562
114	160	1.13541
114	161	1.00239
114	168	0.931618
114	171	0.94909
114	175	1.07001
114	178	1.19577
115	33	0.917001
115	59	1.06387
115	60	0.917803
115	65	0.997368
115	70	0.969833
115	80	1.02905
115	81	1.02788
115	95	1.0399
115	100	1.0035
115	106	0.972136
115	113	0.919507
115	125	1.02544
115	126	1.06788
115	128	0.963792
115	129	1.03352
115	142	1.1028
115	155	0.977695
115	161	0.987643
115	163	1.10498
115	164	1.01773
115	170	1.33563
115	171	1.10645
115	174	0.950021
115	175	1.01062
115	177	1.16532
116	4	1.25785
116	6	1.00221
116	59	0.899396
116	62	0.99433
116	63	0.91172
116	74	1.01185
116	99	0.900313
116	105	1.07039
116	110	0.987588
116	145	1.06689
116	148	1.03986
116	150	0.951074
116	154	0.994224
116	155	0.915191
116	157	1.04764
116	158	1.05302
116	162	1.06246
116	169	0.981691
116	173	0.996211
116	175	1.02863
116	176	0.912266
116	177	0.961034
116	178	0.963426
116	179	0.91999
116	180	0.905771
117	2	1.13984
117	19	0.921703
117	27	0.94132
117	72	1.06184
117	76	1.0141
117	78	0.914615
117	84	0.965927
117	96	0.983893
117	109	1.00967
117	110	0.978818
117	112	0.957698
117	121	0.912967
117	126	0.914187
117	130	0.985184
117	132	0.956592
117	138	0.997984
117	143	0.9867
117	147	1.31213
117	153	1.07415
117	156	0.996623
117	165	1.08815
117	168	1.01161
117	170	1.35683
117	171	1.12766
117	175	1.03183
117	178	1.15759
118	16	1.0265
118	33	0.910202
118	51	0.930468
118	55	0.936491
118	59	1.05708
118	70	0.963034
118	81	1.02108
118	88	0.98007
118	100	0.9967
118	106	0.965337
118	113	0.982898
118	128	0.956993
118	129	1.02672
118	137	1.00242
118	150	0.976719
118	155	0.970897
118	159	1.02675
118	160	1.13942
118	161	0.980844
118	162	1.02862
118	166	1.10905
118	167	0.938013
118	170	1.39902
118	172	1.06721
118	174	0.943222
118	176	1.36904
119	8	1.04585
119	14	1.06011
119	45	0.861617
119	57	0.974725
119	68	1.03532
119	86	1.01293
119	90	1.05952
119	92	0.981457
119	104	1.03272
119	107	0.996699
119	114	1.01211
119	120	0.948198
119	122	0.991042
119	124	1.03303
119	127	0.981588
119	136	1.10441
119	143	0.943977
119	149	1.09277
119	150	1.00896
119	152	1.00097
119	159	0.966113
119	160	1.07878
119	161	1.01308
119	163	1.10773
119	171	0.959778
119	176	1.3084
119	179	1.26086
120	20	0.897498
120	33	1.014
120	72	0.889043
120	87	1.00871
120	89	1.03104
120	92	1.02045
120	95	0.973156
120	108	0.929186
120	119	0.948198
120	123	1.1281
120	142	0.997978
120	148	1.06354
120	150	0.982096
120	153	1.02658
120	158	1.0767
120	161	0.938689
120	162	1.08613
120	166	1.03275
120	169	1.00537
120	170	0.93288
120	173	1.01989
120	175	1.05231
120	176	0.935943
120	177	0.984712
120	178	0.987104
120	179	0.943668
120	180	0.929449
121	6	0.963964
121	19	0.905113
121	72	1.04525
121	74	0.917952
121	76	0.997506
121	77	0.889809
121	78	0.898025
121	89	0.918094
121	109	0.993085
121	110	0.962228
121	111	0.998276
121	112	0.941108
121	117	0.912967
121	130	0.968595
121	131	1.0601
121	132	0.940003
121	138	0.981395
121	143	0.970111
121	156	1.1074
121	157	1.11108
121	159	1.09534
121	167	1.20712
121	168	0.995018
121	169	1.24035
121	173	1.19068
121	175	1.14261
121	176	1.43763
122	8	1.0141
122	14	1.02835
122	18	0.961901
122	38	1.0412
122	68	1.00356
122	86	0.981173
122	88	0.935518
122	92	0.949699
122	104	1.00096
122	107	0.96494
122	111	1.04382
122	114	0.980354
122	119	0.991042
122	124	1.00127
122	127	0.94983
122	140	0.917599
122	149	1.10886
122	150	0.977199
122	158	0.965072
122	161	0.981324
122	165	1.08578
122	166	1.06449
122	170	1.35447
122	171	0.92802
122	173	1.07754
122	174	1.08892
122	176	1.32449
122	178	1.15523
123	2	1.00821
123	46	0.942735
123	68	0.909643
123	74	0.965393
123	75	1.06492
123	92	0.942971
123	98	1.05708
123	103	0.917516
123	120	1.1281
123	132	0.891663
123	133	0.937785
123	135	0.82202
123	141	0.91643
123	145	1.09401
123	150	0.90462
123	151	1.04326
123	152	1.07832
123	154	1.02134
123	161	0.861213
123	163	1.01834
123	164	1.05584
123	167	1.02462
123	170	0.936323
123	173	1.02333
123	175	1.05575
123	177	0.988155
123	178	0.990547
123	179	0.947111
123	180	0.932892
124	18	1.00389
124	38	1.08319
124	40	0.993624
124	45	0.85721
124	57	0.984953
124	68	1.04554
124	86	1.02316
124	90	1.06974
124	92	0.991685
124	104	1.04295
124	107	1.00693
124	111	1.08581
124	114	1.02234
124	119	1.03303
124	122	1.00127
124	127	0.991817
124	150	1.01919
124	151	1.06914
124	153	1.05129
124	156	0.973764
124	159	0.961705
124	160	1.07437
124	161	1.02331
124	162	0.963576
124	171	0.970007
124	172	1.00217
124	174	1.06843
124	177	1.16367
124	180	1.30263
125	12	1.3026
125	54	1.01452
125	60	1.0148
125	76	1.02289
125	88	1.01544
125	100	1.00052
125	102	1.14186
125	115	1.02544
125	128	1.07212
125	132	1.04913
125	135	0.979487
125	146	0.996157
125	148	0.980292
125	152	0.991627
125	155	1.0262
125	156	0.992144
125	158	0.993454
125	162	1.00289
125	163	0.931646
125	164	0.969151
125	165	0.945659
125	166	0.949509
125	168	0.925886
125	169	0.922123
125	173	0.936643
125	176	0.852697
125	177	0.901466
125	178	0.903858
125	179	0.860422
125	180	0.846202
126	20	0.845036
126	30	0.955723
126	31	1.08604
126	32	1.07931
126	33	1.01296
126	39	0.90795
126	56	0.884382
126	65	1.09333
126	87	0.956253
126	89	0.978574
126	100	1.09946
126	102	1.0094
126	103	0.94253
126	104	0.900233
126	106	1.0681
126	112	0.940382
126	115	1.06788
126	117	0.914187
126	142	1.01757
126	147	0.972474
126	150	1.07948
126	155	1.07366
126	160	1.04442
126	162	1.10572
126	167	1.04077
126	174	1.04598
126	176	0.955535
126	177	1.0043
126	178	1.0067
126	179	0.96326
126	180	0.94904
127	8	1.00464
127	14	1.0189
127	18	0.952447
127	38	1.03175
127	45	0.958892
127	57	0.933513
127	68	0.994104
127	86	0.971719
127	90	1.0183
127	92	0.940245
127	104	0.991511
127	107	0.955487
127	111	1.03437
127	114	0.970901
127	119	0.981588
127	122	0.94983
127	124	0.991817
127	137	1.03906
127	143	1.04125
127	144	1.03411
127	150	0.967746
127	151	1.17082
127	153	1.15297
127	156	1.07545
127	161	0.971871
127	162	1.06526
127	169	1.2084
127	171	0.918566
127	172	1.10385
127	173	1.15873
127	179	1.35814
128	16	1.02517
128	23	0.967189
128	24	0.950708
128	47	0.931011
128	51	0.929138
128	55	0.935161
128	59	1.05575
128	65	0.989239
128	70	0.961704
128	80	1.02092
128	95	1.03178
128	100	0.99537
128	106	0.964007
128	115	0.963792
128	118	0.956993
128	125	1.07212
128	129	1.02539
128	136	1.14834
128	143	0.987904
128	146	1.06679
128	147	1.33761
128	155	0.969566
128	157	1.02578
128	161	0.979514
128	165	1.11362
128	167	0.936683
128	169	1.15505
128	172	1.0505
128	174	0.941892
128	177	1.212
128	178	1.18307
129	3	0.812048
129	23	1.03692
129	24	1.02044
129	33	0.9786
129	51	0.998866
129	55	1.00489
129	60	0.877367
129	70	1.03143
129	80	1.09065
129	95	1.1015
129	98	1.03441
129	100	1.0651
129	106	1.03374
129	115	1.03352
129	118	1.02672
129	128	1.02539
129	131	0.887682
129	144	0.893649
129	150	1.04512
129	152	0.957779
129	155	1.03929
129	156	0.934982
129	157	0.938659
129	161	1.04924
129	167	1.00641
129	169	1.06793
129	174	1.01162
129	176	1.26521
129	177	1.12488
129	179	1.21767
129	180	1.26384
130	6	1.03618
130	13	1.02183
130	19	0.977331
130	27	0.996948
130	45	0.893327
130	63	1.02848
130	73	0.958456
130	74	0.990169
130	76	1.06972
130	77	0.962027
130	78	0.970243
130	79	0.884035
130	84	1.02155
130	89	0.990311
130	110	1.03445
130	117	0.985184
130	121	0.968595
130	131	0.962581
130	132	1.01222
130	136	0.971434
130	138	1.05361
130	140	0.933223
130	143	1.04233
130	148	1.02985
130	164	1.05219
130	165	1.1014
130	166	1.08012
130	168	1.06724
130	170	1.37009
130	171	1.14092
130	174	1.10454
130	178	1.17085
131	29	0.989602
131	42	0.909265
131	64	1.14749
131	68	0.969793
131	70	1.05849
131	81	0.874171
131	94	0.841415
131	102	1.04454
131	107	1.01033
131	121	1.0601
131	129	0.887682
131	130	0.962581
131	136	1.00539
131	137	1.07705
131	145	1.0826
131	146	1.07144
131	150	0.96477
131	158	1.06873
131	159	1.06364
131	165	1.02094
131	166	1.02479
131	169	0.997402
131	170	0.924914
131	172	1.04904
131	173	1.01192
131	174	1.01842
131	175	1.04434
131	176	0.927977
131	177	0.976746
131	178	0.979138
131	179	0.935702
131	180	0.921482
132	19	0.948739
132	27	0.968356
132	63	0.999888
132	72	1.08887
132	74	0.961577
132	76	1.04113
132	77	0.933435
132	78	0.941651
132	84	0.992963
132	89	0.961719
132	96	1.01093
132	109	1.03671
132	112	0.984734
132	117	0.956592
132	121	0.940003
132	123	0.891663
132	125	1.04913
132	130	1.01222
132	136	0.942842
132	138	1.02502
132	143	1.01374
132	145	0.97541
132	146	1.04381
132	147	1.31462
132	148	1.01908
132	156	0.999113
132	158	0.969928
132	167	1.09883
132	168	1.03864
132	170	1.35932
132	172	1.02751
132	174	1.09378
132	180	1.32798
133	3	0.922301
133	10	1.01586
133	17	1.02882
133	25	0.985817
133	29	0.952224
133	32	0.921751
133	36	1.06531
133	41	1.04458
133	46	1.00769
133	52	1.05994
133	56	1.05599
133	58	0.954429
133	64	0.90421
133	67	0.922549
133	87	0.980095
133	102	0.929016
133	110	1.00207
133	123	0.937785
133	134	0.981801
133	135	1.01857
133	137	1.00885
133	139	0.966301
133	141	0.999317
133	151	1.14061
133	152	1.06803
133	154	1.12894
133	156	1.04524
133	159	1.03318
133	162	1.03505
133	164	1.08755
133	169	1.17818
133	178	1.20621
133	180	1.3741
134	17	1.03457
134	25	0.991565
134	29	0.957972
134	32	0.9275
134	36	1.07106
134	39	1.05185
134	52	1.06569
134	56	1.06174
134	58	0.960178
134	64	0.909958
134	67	0.928297
134	82	0.940006
134	87	0.985844
134	98	0.985077
134	102	0.934765
134	105	0.945646
134	110	1.00781
134	111	0.872342
134	133	0.981801
134	135	1.02432
134	136	1.10771
134	137	0.945079
134	139	0.972049
134	141	1.00507
134	143	0.947271
134	152	1.00426
134	166	1.0517
134	170	1.34167
134	175	1.01667
134	176	1.31169
134	177	1.17137
134	178	1.14244
134	180	1.31033
135	10	1.05839
135	17	1.07134
135	25	1.02834
135	29	0.994746
135	32	0.964273
135	39	1.08863
135	46	1.05021
135	52	1.10246
135	58	0.996951
135	64	0.946732
135	67	0.96507
135	79	0.803624
135	82	0.976779
135	87	1.02262
135	98	1.02185
135	102	0.971538
135	110	1.04459
135	123	0.82202
135	125	0.979487
135	133	1.01857
135	134	1.02432
135	139	1.00882
135	141	1.04184
135	144	0.888136
135	157	0.933147
135	163	1.05903
135	165	1.02099
135	169	1.06242
135	170	1.28968
135	171	1.06051
135	173	1.01275
135	176	1.2597
135	177	1.11937
135	180	1.25833
136	23	1.22828
136	27	0.92757
136	38	1.03595
136	49	1.17139
136	63	0.959102
136	65	1.08762
136	72	1.04809
136	85	1.13988
136	92	1.17666
136	96	0.970142
136	99	1.08755
136	103	1.15121
136	106	1.161
136	109	0.995924
136	119	1.10441
136	128	1.14834
136	130	0.971434
136	131	1.00539
136	132	0.942842
136	134	1.10771
136	138	0.984234
136	142	0.886675
136	143	0.97295
136	149	0.893013
136	151	0.928519
136	168	0.997857
136	169	0.894066
136	170	0.821577
136	173	0.908586
136	175	0.941004
136	176	0.824641
136	178	0.875801
136	179	0.832365
136	180	0.818146
137	1	1.07249
137	4	0.939242
137	21	0.986248
137	28	1.01588
137	34	1.01888
137	50	1.09075
137	54	0.928115
137	56	0.930432
137	61	0.938318
137	62	1.01894
137	69	1.03546
137	75	1.13598
137	89	1.02462
137	90	0.920702
137	104	0.946284
137	106	0.998374
137	108	1.0562
137	118	1.00242
137	127	1.03906
137	131	1.07705
137	133	1.00885
137	134	0.945079
137	139	0.99575
137	152	1.03523
137	153	0.986937
137	155	1.01442
137	156	1.03574
137	158	1.03705
137	162	1.04649
137	172	1.01736
137	173	0.980242
137	176	0.896296
137	177	0.945065
