1	120	0.937931
1	132	1.03109
1	135	1.061
1	137	1.00487
1	140	1.03089
1	141	1.03081
1	147	0.955282
1	160	1.02611
1	163	1.0586
1	170	0.999367
1	172	0.983753
1	176	1.02354
2	27	1.09003
2	33	1.08531
2	38	1.04373
2	51	0.940736
2	62	1.00074
2	75	1.02318
2	146	0.93406
2	147	1.02475
2	148	0.926995
2	175	1.08538
2	177	0.94052
2	180	1.04339
3	16	0.999668
3	58	0.956333
3	65	1.04394
3	80	1.0355
3	90	1.1004
3	120	0.973484
3	148	1.01639
3	154	1.04238
3	169	1.02341
3	172	1.01931
3	175	0.901332
3	176	1.02612
4	98	0.988416
4	99	0.838213
4	101	0.964121
4	134	0.919279
4	152	1.02473
4	154	0.954628
4	168	1.05705
4	169	1.0576
4	173	1.02441
4	178	0.984122
4	179	1.05001
4	180	1.00226
5	15	0.720146
5	89	1.02127
5	105	0.993543
5	116	0.898729
5	130	1.07264
5	131	1.02176
5	133	1.02646
5	144	1.00877
5	145	1.05677
5	150	1.3901
5	152	0.944018
5	163	0.92692
6	52	1.0995
6	61	1.27036
6	83	1.00807
6	86	1.06863
6	114	1.0229
6	115	1.0235
6	117	1.0228
6	122	0.982715
6	126	0.985945
6	139	0.862222
6	154	1.0447
6	175	0.746237
7	27	1.09859
7	48	0.993405
7	51	0.949291
7	62	1.00929
7	75	1.03174
7	129	0.937369
7	147	1.03331
7	148	0.976803
7	157	0.949131
7	172	0.979718
7	175	1.09393
7	180	1.09319
8	35	0.880986
8	67	0.906063
8	82	1.014
8	101	0.935213
8	138	1.08162
8	154	0.92572
8	167	1.06203
8	173	1.02152
8	174	1.00644
8	178	0.981227
8	179	1.04711
8	180	0.99937
9	42	1.15142
9	105	0.859924
9	110	1.19101
9	123	0.924111
9	130	0.939022
9	131	0.88814
9	133	0.892845
9	144	0.875151
9	145	0.923147
9	158	1.23188
9	174	1.33143
9	177	0.897876
10	13	0.969869
10	107	1.01906
10	120	0.914605
10	132	1.03226
10	135	1.06218
10	137	1.00605
10	140	1.03206
10	141	1.03198
10	171	1.02274
10	174	1.05215
10	176	1.02472
10	177	0.971037
11	39	0.943723
11	43	0.906282
11	58	0.818879
11	80	0.898047
11	90	0.96295
11	129	1.186
11	146	0.895995
11	157	1.19776
11	160	0.891236
11	166	1.27884
11	176	0.888665
11	179	1.24666
12	31	0.980544
12	46	1.00162
12	56	0.968592
12	96	1.02896
12	97	1.05948
12	99	1.05951
12	138	0.942333
12	161	0.938381
12	163	1.06239
12	175	1.10509
12	176	0.994321
12	177	0.998157
13	10	0.969869
13	18	1.04383
13	80	1.03487
13	96	0.9967
13	100	1.05112
13	115	0.981097
13	117	0.980397
13	122	0.940315
13	141	0.993504
13	175	1.07283
13	178	0.915389
13	179	0.981274
13	180	0.933531
14	106	1.1057
14	118	1.09138
14	123	1.13483
14	130	1.14974
14	131	1.09886
14	144	1.08587
14	145	1.13386
14	152	0.938608
14	159	0.83682
14	163	0.921509
14	164	0.851008
14	176	0.853435
14	180	0.960137
15	5	0.720146
15	70	0.779324
15	87	0.913639
15	108	0.91593
15	117	0.868674
15	154	0.866547
15	156	1.14022
15	163	1.11845
15	168	1.12865
15	172	1.13731
15	174	1.08093
15	179	1.1216
15	180	1.07386
16	3	0.999668
16	43	0.984033
16	58	0.89663
16	80	0.975798
16	90	1.0407
16	147	1.0251
16	149	0.972452
16	153	1.12167
16	160	0.968987
16	172	1.05357
16	176	0.966416
16	177	1.06418
16	179	1.07189
17	42	0.968542
17	63	1.00355
17	79	0.975149
17	102	0.995379
17	119	0.953045
17	121	0.933308
17	125	0.960968
17	128	0.997564
17	134	0.982514
17	156	1.0528
17	163	1.13168
17	164	1.06118
17	171	1.11915
18	13	1.04383
18	77	1.06672
18	94	0.943586
18	100	0.963346
18	107	0.971943
18	132	0.985144
18	135	1.01506
18	137	0.958929
18	140	0.984941
18	141	0.984862
18	151	1.0959
18	157	1.00381
18	171	1.09671
19	74	1.1101
19	91	0.94798
19	119	1.03268
19	144	1.00671
19	145	0.963311
19	163	0.991531
19	167	1.0096
19	170	0.99978
19	171	0.974236
19	174	0.954015
19	178	0.928798
19	179	0.994683
19	180	0.94694
20	22	0.868957
20	77	1.34951
20	83	0.851675
20	114	0.866502
20	115	0.867098
20	117	0.866398
20	122	0.826316
20	146	1.32133
20	147	0.89821
20	150	0.8682
20	154	0.888298
20	159	1.30734
20	177	1.32779
21	68	1.17582
21	84	1.11313
21	114	1.10444
21	115	1.10503
21	117	1.10433
21	122	1.06425
21	147	1.13614
21	156	0.829952
21	160	0.875743
21	171	0.896307
21	174	0.92571
21	178	0.982196
21	179	0.852308
22	20	0.868957
22	42	0.960831
22	55	1.06184
22	83	0.969433
22	104	1.0896
22	114	0.98426
22	115	0.984856
22	117	0.984156
22	122	0.944074
22	143	1.12447
22	154	1.00606
22	158	1.04129
22	173	1.11633
23	38	1.00091
23	48	0.942028
23	51	0.897914
23	62	0.957914
23	75	0.980359
23	136	1.00021
23	142	1.03203
23	147	0.981933
23	156	1.01772
23	170	1.03737
23	174	1.11348
23	175	1.04256
23	180	1.13523
24	93	1.08354
24	95	1.08353
24	98	1.12638
24	111	1.15466
24	124	1.08672
24	127	1.14982
24	155	0.829974
24	163	0.939597
24	166	0.915243
24	170	0.880363
24	172	0.86475
24	173	0.931956
24	177	1.11924
25	66	1.11657
25	74	1.07689
25	128	0.941615
25	131	0.97926
25	149	0.950145
25	168	1.00511
25	169	1.00567
25	171	0.977622
25	173	0.972473
25	174	0.957401
25	178	0.932184
25	179	0.99807
25	180	0.950327
26	84	0.987848
26	114	0.979152
26	122	0.938966
26	124	0.945246
26	127	1.00834
26	137	0.966018
26	138	0.979388
26	139	1.02261
26	140	0.99203
26	141	0.99195
26	152	1.11655
26	178	1.17281
26	179	1.04292
27	2	1.09003
27	7	1.09859
27	38	1.12947
27	48	1.0706
27	75	1.10893
27	104	0.912677
27	136	1.12878
27	138	0.826988
27	157	0.841614
27	160	0.913954
27	162	0.978541
27	168	0.888367
27	175	1.17112
28	63	1.0096
28	76	0.927902
28	87	0.972949
28	102	1.00143
28	119	0.959094
28	121	0.939358
28	128	1.00361
28	134	0.988563
28	160	1.07822
28	167	1.02649
28	174	1.12819
28	177	1.04708
28	179	1.05479
29	30	1.11462
29	39	0.906053
29	114	1.01865
29	140	1.01477
29	150	1.01758
29	159	1.01041
29	162	0.964342
29	168	0.997919
29	169	0.998472
29	171	0.970427
29	178	0.924989
29	179	0.990874
29	180	0.943131
30	29	1.11462
30	118	0.953006
30	120	1.04291
30	123	0.996456
30	130	1.01137
30	131	0.960485
30	133	0.96519
30	144	0.947496
30	145	0.995493
30	161	1.03957
30	166	1.13923
30	175	0.970758
30	177	0.970222
31	12	0.980544
31	32	0.88299
31	60	0.978934
31	81	0.95954
31	85	0.982477
31	96	0.965785
31	97	0.99631
31	99	0.99634
31	120	0.988841
31	174	1.12638
31	175	1.04192
31	178	1.18287
31	179	1.05298
32	31	0.88299
32	41	0.916779
32	56	0.871039
32	60	0.944554
32	81	0.925159
32	96	0.931405
32	97	0.961929
32	99	0.96196
32	110	1.08007
32	156	1.12473
32	159	1.11893
32	175	1.00754
32	176	1.13555
32	178	1.27698
33	2	1.08531
33	63	1.06808
33	99	1.03746
33	111	0.973223
33	114	1.14817
33	117	1.15601
33	124	0.905281
33	127	0.968379
33	137	0.926053
33	140	0.952065
33	141	0.951985
33	174	0.899291
33	179	0.939959
33	180	0.892216
34	51	0.990067
34	62	1.05007
34	125	1.03717
34	126	1.036
34	134	1.05872
34	137	1.02924
34	139	0.912274
34	140	1.05525
34	141	1.05518
34	156	0.910225
34	163	0.989111
34	165	0.931283
34	173	0.98147
34	175	1.13471
35	8	0.880986
35	66	0.996056
35	76	1.0194
35	113	1.07012
35	116	1.0004
35	119	1.0506
35	121	1.03086
35	125	1.05852
35	128	1.09512
35	134	1.08007
35	165	0.97076
35	170	0.969354
35	172	0.95374
35	176	0.960514
36	85	0.88949
36	94	1.01792
36	107	1.04628
36	108	1.044
36	132	1.05948
36	135	1.08939
36	137	1.03327
36	140	1.05928
36	141	1.0592
36	152	1.03362
36	163	1.01652
36	166	0.99217
36	171	1.00399
36	175	0.823701
37	103	1.00829
37	109	1.05683
37	118	1.03076
37	123	1.07421
37	130	1.08912
37	133	1.04294
37	144	1.02525
37	145	1.07324
37	151	0.971664
37	155	0.875382
37	160	0.951911
37	173	0.977365
37	178	1.05836
37	179	0.928475
38	2	1.04373
38	23	1.00091
38	27	1.12947
38	48	1.02429
38	51	0.980176
38	62	1.04018
38	75	1.06262
38	104	0.988416
38	157	0.917354
38	158	0.940106
38	169	0.952042
38	172	0.947941
38	173	1.01515
38	175	1.12482
39	11	0.943723
39	29	0.906053
39	49	1.12732
39	65	1.06575
39	90	1.12221
39	139	0.878177
39	146	1.05526
39	149	1.05396
39	154	1.06419
39	160	1.0505
39	165	0.897186
39	168	0.896332
39	176	1.04792
39	178	1.02837
40	71	0.983763
40	92	1.03051
40	121	1.01893
40	132	0.947485
40	140	0.928345
40	143	0.98202
40	150	0.931149
40	169	1.02613
40	170	1.02363
40	171	0.998084
40	172	1.03424
40	173	0.992935
40	178	0.952646
40	179	1.01853
40	180	0.970788
41	32	0.916779
41	44	0.981325
41	46	0.972239
41	81	0.993329
41	96	0.999574
41	97	1.0301
41	99	1.03013
41	136	1.00586
41	138	1.00113
41	154	1.00517
41	155	1.01156
41	159	1.0365
41	169	1.05044
41	175	1.07571
41	177	1.05695
42	9	1.15142
42	17	0.968542
42	22	0.960831
42	82	0.998459
42	102	0.922887
42	125	0.91657
42	167	1.03286
42	168	1.02499
42	171	0.997501
42	172	1.03366
42	173	0.992351
42	174	0.97728
42	178	0.952063
42	179	1.01795
42	180	0.970205
43	11	0.906282
43	16	0.984033
43	58	0.940699
43	80	1.01987
43	85	0.928016
43	90	1.08477
43	116	1.02686
43	146	1.01781
43	154	1.02675
43	160	1.01306
43	162	1.08654
43	163	1.05505
43	174	1.07192
43	176	1.01048
43	177	0.990812
44	41	0.981325
44	46	0.968615
44	56	0.935585
44	60	1.0091
44	81	0.989705
44	96	0.995951
44	97	1.02647
44	99	1.02651
44	110	0.961778
44	148	1.00756
44	164	1.01482
44	170	1.02609
44	175	1.07208
44	179	1.02879
44	180	1.12395
45	79	0.908004
45	84	0.973799
45	103	0.975058
45	117	0.960532
45	121	1.0394
45	122	1.01342
45	124	0.982219
45	127	1.04532
45	135	0.938551
45	144	0.992013
45	145	1.04001
45	172	1.03261
45	177	1.01474
45	178	0.951012
45	180	0.969154
46	12	1.00162
46	41	0.972239
46	44	0.968615
46	73	1.22952
46	81	0.980619
46	96	0.986864
46	97	1.01739
46	99	1.01742
46	154	0.992462
46	155	0.9141
46	159	0.939034
46	167	0.938898
46	174	1.0406
46	175	1.063
46	178	1.09708
47	74	0.978194
47	86	1.20379
47	89	1.0002
47	103	0.970742
47	105	0.97247
47	130	1.05157
47	131	1.00069
47	133	1.00539
47	144	0.987697
47	145	1.03569
47	155	0.964599
47	162	1.10571
47	165	1.01639
47	167	0.989397
47	175	0.8814
48	7	0.993405
48	23	0.942028
48	27	1.0706
48	38	1.02429
48	51	0.921298
48	62	0.981298
48	75	1.00374
48	139	0.986511
48	146	0.992651
48	147	1.00532
48	168	1.00467
48	174	1.08022
48	175	1.06594
48	176	0.995274
48	180	1.10198
49	39	1.12732
49	97	1.19936
49	99	1.12922
49	111	1.15187
49	124	1.2845
49	142	0.924611
49	143	0.879781
49	158	0.921181
49	166	0.894104
49	169	0.923889
49	172	0.932004
49	173	0.890695
49	178	0.850406
49	179	0.916292
49	180	0.868549
50	66	0.935393
50	79	1.01204
50	102	1.03227
50	113	1.00945
50	119	0.989933
50	121	0.970197
50	125	0.997857
50	128	1.03445
50	134	1.0194
50	157	0.952383
50	160	1.02472
50	171	1.04529
50	173	1.05018
50	177	0.99358
50	180	1.09645
51	2	0.940736
51	7	0.949291
51	23	0.897914
51	34	0.990067
51	38	0.980176
51	48	0.921298
51	75	0.959629
51	136	0.979479
51	147	0.961203
51	153	1.14398
51	157	1.0453
51	161	1.02672
51	168	1.09205
51	174	1.1676
51	175	1.02183
51	177	1.08649
52	6	1.0995
52	68	1.12979
52	83	1.04357
52	84	1.0671
52	112	1.06965
52	114	1.0584
52	115	1.059
52	117	1.0583
52	120	0.870807
52	122	1.01822
52	136	0.87615
52	143	0.991972
52	160	0.958383
52	177	0.92724
52	179	0.934947
52	180	1.0301
53	94	0.928947
53	100	0.948707
53	107	0.957305
53	108	0.955023
53	132	0.970505
53	135	1.00042
53	137	0.944291
53	140	0.970303
53	141	0.970223
53	148	1.11926
53	155	1.0874
53	157	1.09159
53	169	1.12628
53	175	1.0042
53	176	0.962956
53	177	1.13279
54	88	0.964975
54	92	0.936097
54	93	0.927663
54	95	0.92765
54	98	0.970501
54	101	0.992248
54	111	0.998785
54	124	0.930843
54	127	0.993941
54	136	1.02476
54	153	1.13334
54	162	1.17158
54	171	1.12756
54	174	1.15696
54	175	0.947268
54	177	0.963362
55	22	1.06184
55	67	1.08295
55	68	1.13077
55	84	1.06808
55	114	1.05938
55	115	1.05998
55	117	1.05928
55	122	1.0192
55	148	0.919357
55	150	1.06108
55	151	0.983778
55	156	0.918234
55	171	0.984589
55	172	0.922272
55	176	0.929046
55	177	0.932882
56	12	0.968592
56	32	0.871039
56	44	0.935585
56	60	0.966983
56	81	0.947588
56	96	0.953834
56	97	0.984358
56	99	0.984389
56	138	1.05193
56	153	1.16523
56	154	0.959432
56	155	1.06237
56	157	1.06655
56	165	1.11416
56	175	1.02997
56	176	1.10391
57	88	1.02497
57	92	0.996097
57	93	0.987663
57	95	0.98765
57	98	1.0305
57	101	1.05225
57	111	1.05878
57	124	0.990843
57	127	1.05394
57	129	0.967754
57	138	0.964889
57	155	0.975327
57	163	1.08495
57	165	1.02712
57	173	1.07731
57	175	0.892128
57	177	1.02336
58	3	0.956333
58	11	0.818879
58	16	0.89663
58	43	0.940699
58	65	0.940902
58	80	0.932463
58	90	0.997366
58	110	1.10338
58	139	1.15008
58	146	0.930412
58	149	0.929117
58	154	0.939346
58	159	1.14223
58	161	1.10291
58	176	0.923081
58	177	1.16268
58	178	1.30028
59	88	1.02497
59	92	0.996097
59	93	0.987663
59	95	0.98765
59	98	1.0305
59	101	1.05225
59	111	1.05878
59	124	0.990843
59	127	1.05394
59	146	0.996393
59	164	0.99659
59	166	1.04274
59	168	1.00841
59	173	1.05945
59	175	0.874268
59	177	1.02336
59	179	1.01056
60	31	0.978934
60	32	0.944554
60	44	1.0091
60	56	0.966983
60	81	1.0211
60	96	1.02735
60	97	1.05787
60	99	1.0579
60	129	0.95925
60	147	0.973129
60	154	1.03295
60	165	1.01862
60	169	1.0057
60	172	1.0016
60	175	1.10348
60	177	1.01221
60	179	1.01992
61	6	1.27036
61	79	1.35422
61	111	1.31086
61	113	1.36077
61	140	1.39504
61	153	0.818363
61	161	0.890487
61	162	0.828582
61	163	0.851961
61	165	0.866866
61	167	0.870027
61	169	0.862711
61	174	0.814445
61	175	0.946673
61	178	0.789228
61	179	0.855113
61	180	0.80737
62	2	1.00074
62	7	1.00929
62	23	0.957914
62	34	1.05007
62	38	1.04018
62	48	0.981298
62	75	1.01963
62	129	0.933896
62	136	1.03948
62	147	1.0212
62	160	1.018
62	163	1.05109
62	164	0.980591
62	170	0.991858
62	171	1.03856
62	172	0.976245
62	175	1.08183
63	17	1.00355
63	28	1.0096
63	33	1.06808
63	73	1.19332
63	87	1.0199
63	102	1.04838
63	113	1.02557
63	119	1.00605
63	121	0.986313
63	125	1.01397
63	128	1.05057
63	134	1.03552
63	146	0.916824
63	158	0.904839
63	160	0.954427
63	169	0.916775
63	174	1.00439
64	72	1.01306
64	76	0.977143
64	79	1.03044
64	102	1.05067
64	113	1.02785
64	119	1.00833
64	121	0.988599
64	125	1.01626
64	128	1.05285
64	134	1.0378
64	136	0.957562
64	157	0.967454
64	161	0.948875
64	164	1.00239
64	172	0.998041
64	176	1.00481
64	180	1.11152
65	3	1.04394
65	39	1.06575
65	58	0.940902
65	77	0.979052
65	80	1.02007
65	86	1.14915
65	90	1.08497
65	149	1.01672
65	154	1.02695
65	160	1.01326
65	164	0.949074
65	167	0.934749
65	172	0.944727
65	176	1.01069
65	177	0.955337
65	178	1.09293
65	179	0.963045
66	25	1.11657
66	35	0.996056
66	50	0.935393
66	79	0.923108
66	87	0.914859
66	102	0.943338
66	113	0.920524
66	119	0.901004
66	121	0.881268
66	125	0.908927
66	128	0.945523
66	134	0.930473
66	169	1.16301
66	175	1.04093
66	176	1.16568
66	179	1.17722
66	180	1.27238
67	8	0.906063
67	55	1.08295
67	68	1.07675
67	83	0.990542
67	114	1.00537
67	115	1.00596
67	117	1.00526
67	122	0.965182
67	147	1.03708
67	150	1.00707
67	153	1.04691
67	154	1.02716
67	159	0.968975
67	160	1.02057
67	173	1.04602
67	176	0.985591
67	177	0.989427
68	21	1.17582
68	52	1.12979
68	55	1.13077
68	67	1.07675
68	77	0.917649
68	84	1.06188
68	114	1.05319
68	115	1.05378
68	117	1.05308
68	122	1.013
68	126	1.00706
68	138	0.840111
68	150	1.05489
68	152	0.977271
68	165	0.902345
68	168	0.901491
68	169	0.889426
68	174	0.977045
69	71	1.04718
69	109	1.01304
69	112	0.980019
69	131	1.02447
69	134	0.966
69	141	0.986936
69	149	0.995358
69	155	1.03336
69	166	0.973841
69	169	1.00363
69	170	1.00113
69	171	0.975582
69	172	1.01174
69	173	0.970432
69	174	0.955361
69	178	0.930144
69	179	0.996029
69	180	0.948286
70	15	0.779324
70	79	1.08368
70	87	1.07543
70	102	1.10391
70	113	1.08109
70	119	1.06157
70	121	1.04184
70	125	1.0695
70	128	1.10609
70	134	1.09104
70	149	1.08627
70	151	0.972757
70	158	0.903417
70	159	0.901409
70	164	0.915598
70	168	0.927417
70	178	1.05946
70	179	0.929568
71	40	0.983763
71	69	1.04718
71	94	0.949845
71	100	0.969605
71	107	0.978203
71	108	0.975921
71	126	1.16604
71	132	0.991403
71	135	1.02132
71	137	0.965189
71	140	0.991201
71	141	0.991121
71	146	0.991185
71	172	1.04431
71	173	1.11151
71	175	0.926331
71	176	0.983855
71	177	1.05492
72	64	1.01306
72	79	0.982371
72	87	0.974122
72	102	1.0026
72	110	1.02142
72	113	0.979787
72	119	0.960267
72	121	0.940531
72	125	0.96819
72	128	1.00479
72	134	0.989736
72	142	1.08039
72	149	0.984964
72	168	1.08628
72	170	1.08573
72	175	0.952143
72	176	1.07689
72	179	1.08844
73	46	1.22952
73	63	1.19332
73	81	1.25173
73	99	1.1627
73	105	1.35933
73	144	1.29648
73	151	0.873581
73	153	0.855388
73	162	0.865606
73	163	0.888986
73	164	0.919936
73	167	0.907051
73	170	0.897235
73	171	0.871691
73	172	0.90785
73	174	0.85147
73	178	0.826252
73	179	0.892138
73	180	0.844395
74	19	1.1101
74	25	1.07689
74	47	0.978194
74	89	0.936581
74	103	0.907122
74	106	0.943907
74	109	0.955663
74	118	0.929586
74	130	0.987948
74	133	0.941771
74	142	1.1295
74	144	0.924077
74	145	0.972074
74	151	1.18074
74	157	0.977885
74	158	1.1114
74	175	1.00126
74	176	1.12601
74	177	0.946802
75	2	1.02318
75	7	1.03174
75	23	0.980359
75	27	1.10893
75	38	1.06262
75	48	1.00374
75	51	0.959629
75	62	1.01963
75	136	1.06192
75	147	1.04365
75	148	0.910313
75	152	1.00517
75	162	1.01957
75	163	0.988075
75	165	0.930247
75	170	0.928841
75	174	1.00495
75	175	1.10427
75	180	1.0267
76	28	0.927902
76	35	1.0194
76	64	0.977143
76	87	0.938207
76	102	0.966687
76	104	0.941896
76	113	0.943872
76	119	0.924352
76	121	0.904616
76	125	0.932276
76	128	0.968871
76	134	0.953821
76	151	1.15029
76	155	1.05401
76	166	1.13928
76	169	1.09288
76	171	1.1511
76	176	1.09556
76	179	1.1071
77	18	1.06672
77	20	1.34951
77	65	0.979052
77	68	0.917649
77	90	1.03552
77	102	1.04351
77	103	0.914632
77	109	0.963174
77	112	1.00947
77	114	1.02509
77	126	0.920495
77	137	1.08019
77	144	0.931588
77	145	0.979584
77	170	0.961569
77	176	0.961231
77	178	0.890587
77	179	0.956472
77	180	0.908729
78	89	1.08778
78	91	1.14255
78	103	1.05833
78	105	1.06005
78	106	1.09511
78	118	1.08079
78	131	1.08827
78	133	1.09297
78	136	0.85722
78	142	0.907972
78	144	1.07528
78	145	1.12328
78	156	0.893661
78	160	0.939452
78	164	0.902046
78	168	0.913865
78	176	0.904473
78	177	1.09801
78	179	0.916017
78	180	1.01117
79	17	0.975149
79	45	0.908004
79	50	1.01204
79	61	1.35422
79	64	1.03044
79	66	0.923108
79	70	1.08368
79	72	0.982371
79	112	1.00202
79	113	0.997169
79	119	0.977649
79	125	0.985572
79	128	1.02217
79	134	1.00712
79	146	0.952223
79	151	1.00958
79	162	1.05441
79	170	0.963686
79	176	0.954846
79	179	0.96639
80	3	1.0355
80	11	0.898047
80	13	1.03487
80	16	0.975798
80	43	1.01987
80	58	0.932463
80	65	1.02007
80	90	1.07653
80	146	1.00958
80	148	1.02251
80	149	1.00828
80	154	1.01851
80	156	1.02139
80	160	1.00482
80	164	1.02977
80	168	1.04159
80	171	1.08774
80	175	0.907449
80	176	1.00225
80	179	1.04374
81	31	0.95954
81	32	0.925159
81	41	0.993329
81	44	0.989705
81	46	0.980619
81	56	0.947588
81	60	1.0211
81	73	1.25173
81	96	1.00795
81	97	1.03848
81	99	1.03851
81	104	1.01156
81	142	0.981358
81	154	1.01355
81	158	0.963252
81	160	1.01284
81	166	1.02158
81	169	0.975187
81	172	0.971086
81	175	1.08409
82	8	1.014
82	42	0.998459
82	91	1.00937
82	103	0.925145
82	105	0.926873
82	106	0.96193
82	109	0.973686
82	123	0.99106
82	130	1.00597
82	131	0.955089
82	133	0.959794
82	138	1.04154
82	144	0.9421
82	145	0.990097
82	152	1.1787
82	157	0.995908
82	165	1.10377
82	170	1.10237
82	173	1.15396
82	175	0.96878
82	177	0.964826
83	6	1.00807
83	20	0.851675
83	22	0.969433
83	52	1.04357
83	67	0.990542
83	84	0.975673
83	110	0.977908
83	114	0.966978
83	115	0.967573
83	117	0.966873
83	122	0.926791
83	139	1.04868
83	150	0.968676
83	154	0.988773
83	158	1.04284
83	161	1.00151
83	167	1.0407
83	176	1.05745
83	177	1.06128
83	178	1.19888
83	180	1.16415
84	21	1.11313
84	26	0.987848
84	45	0.973799
84	52	1.0671
84	55	1.06808
84	68	1.06188
84	83	0.975673
84	112	1.00174
84	114	0.9905
84	115	0.991096
84	117	0.990396
84	122	0.950314
84	146	1.01802
84	150	0.992198
84	154	1.0123
84	156	1.00983
84	157	0.98328
84	159	1.00403
84	161	0.964701
84	164	1.01821
84	176	1.02064
84	177	1.02448
85	31	0.982477
85	36	0.88949
85	43	0.928016
85	93	1.01838
85	102	0.958996
85	103	1.0186
85	113	0.90243
85	117	0.948414
85	119	0.989628
85	162	1.00374
85	165	1.04202
85	166	1.00808
85	167	1.04518
85	169	1.03787
85	170	1.03537
85	171	1.00982
85	172	1.04598
85	173	1.00467
85	174	0.9896
85	178	0.964383
85	179	1.03027
85	180	0.982525
86	6	1.06863
86	47	1.20379
86	65	1.14915
86	96	0.905353
86	97	0.935877
86	99	0.935908
86	103	1.2752
86	109	1.21459
86	113	1.15904
86	132	0.902235
86	135	0.932149
86	137	0.876021
86	140	0.902033
86	141	0.901953
86	144	1.22026
86	159	0.909459
86	171	0.86948
86	175	0.981487
86	178	0.824042
86	179	0.889927
86	180	0.842184
87	15	0.913639
87	28	0.972949
87	63	1.0199
87	66	0.914859
87	70	1.07543
87	72	0.974122
87	76	0.938207
87	102	1.01173
87	113	0.988919
87	119	0.9694
87	121	0.949663
87	125	0.977323
87	128	1.01392
87	134	0.998869
87	149	0.994097
87	153	1.11366
87	159	1.03572
87	160	1.08732
87	169	1.04967
87	172	1.04557
87	176	1.05234
87	177	1.05618
87	179	1.06388
88	54	0.964975
88	57	1.02497
88	59	1.02497
88	92	0.953378
88	93	0.944944
88	95	0.944931
88	98	0.987782
88	101	1.00953
88	104	1.03411
88	111	1.01607
88	124	0.948124
88	126	1.11537
88	127	1.01122
88	136	0.95316
88	150	0.983728
88	153	1.06173
88	155	0.958863
88	157	1.01173
88	168	1.0098
88	173	1.06085
88	177	0.980644
88	178	1.14184
88	180	1.10711
89	5	1.02127
89	47	1.0002
89	74	0.936581
89	78	1.08778
89	106	0.965914
89	118	0.951594
89	120	0.986506
89	123	0.995044
89	130	1.00996
89	131	0.959073
89	133	0.963778
89	144	0.946084
89	145	0.994081
89	153	1.10042
89	155	0.997552
89	156	1.02829
89	157	0.999893
89	166	1.08282
89	167	1.02235
89	170	1.04794
89	172	1.03233
89	177	0.96881
89	180	1.1458
90	3	1.1004
90	11	0.96295
90	16	1.0407
90	39	1.12221
90	43	1.08477
90	58	0.997366
90	65	1.08497
90	77	1.03552
90	80	1.07653
90	136	0.893915
90	142	0.944667
90	146	1.07448
90	147	0.905924
90	154	1.08342
90	155	0.899619
90	160	1.06972
90	163	1.00924
90	167	0.924416
90	168	0.95056
90	170	0.950008
90	176	1.06715
90	177	0.945004
90	180	1.04787
91	19	0.94798
91	78	1.14255
91	82	1.00937
91	103	0.983899
91	105	0.985627
91	106	1.02068
91	109	1.03244
91	118	1.00636
91	123	1.04981
91	130	1.06473
91	131	1.01384
91	133	1.01855
91	138	0.911897
91	142	0.967384
91	144	1.00085
91	145	1.04885
91	156	0.953073
91	162	1.06345
91	170	0.972725
91	171	1.01943
91	176	0.963885
91	177	1.02358
91	179	0.975429
91	180	1.07059
92	40	1.03051
92	54	0.936097
92	57	0.996097
92	59	0.996097
92	88	0.953378
92	93	0.916066
92	95	0.916053
92	98	0.958904
92	101	0.980651
92	110	0.964083
92	111	0.987188
92	112	0.964397
92	124	0.919246
92	127	0.982344
92	129	1.04871
92	138	1.04584
92	153	1.15915
92	157	0.982848
92	161	1.04189
92	163	1.1659
92	167	1.08108
92	171	1.15337
92	172	1.09106
92	177	0.951766
93	24	1.08354
93	54	0.927663
93	57	0.987663
93	59	0.987663
93	85	1.01838
93	88	0.944944
93	92	0.916066
93	95	0.907619
93	98	0.95047
93	101	0.972218
93	111	0.978755
93	124	0.910813
93	127	0.97391
93	139	1.06858
93	150	0.946417
93	153	1.13866
93	157	0.974415
93	167	1.06059
93	168	1.08674
93	171	1.13289
93	172	1.07057
93	174	1.16229
93	176	1.07734
93	177	0.943332
94	18	0.943586
94	36	1.01792
94	53	0.928947
94	71	0.949845
94	100	0.944608
94	107	0.953206
94	108	0.950925
94	132	0.966407
94	135	0.99632
94	137	0.940192
94	138	1.04473
94	140	0.966204
94	141	0.966124
94	142	1.10022
94	149	0.964894
94	157	1.05936
94	160	0.961429
94	166	1.14044
94	167	1.07997
94	175	0.971973
94	176	0.958858
94	177	1.10056
94	178	1.23815
94	179	1.10827
95	24	1.08353
95	54	0.92765
95	57	0.98765
95	59	0.98765
95	88	0.944931
95	92	0.916053
95	93	0.907619
95	98	0.950457
95	101	0.972204
95	111	0.978741
95	124	0.910799
95	126	1.19094
95	127	0.973897
95	129	1.02686
95	138	1.024
95	139	1.06722
95	143	1.14455
95	146	1.07336
95	150	0.946403
95	155	1.03443
95	157	0.974401
95	166	1.1197
95	174	1.16093
95	177	0.943319
96	12	1.02896
96	13	0.9967
96	31	0.965785
96	32	0.931405
96	41	0.999574
96	44	0.995951
96	46	0.986864
96	56	0.953834
96	60	1.02735
96	81	1.00795
96	86	0.905353
96	97	1.04472
96	99	1.04475
96	126	1.0859
96	143	1.03951
96	147	0.935699
96	154	1.0198
96	156	0.960131
96	159	0.954327
96	162	1.07051
96	163	1.03902
96	166	1.01466
96	174	1.05589
96	175	1.09033
96	178	1.11238
97	12	1.05948
97	31	0.99631
97	32	0.961929
97	41	1.0301
97	44	1.02647
97	46	1.01739
97	49	1.19936
97	56	0.984358
97	60	1.05787
97	81	1.03848
97	86	0.935877
97	96	1.04472
97	99	1.07528
97	120	0.906382
97	136	0.911725
97	143	1.02755
97	154	1.05032
97	161	0.903038
97	162	1.05854
97	165	0.969224
97	169	0.956306
97	172	0.952205
97	175	1.12086
97	176	0.958978
98	4	0.988416
98	24	1.12638
98	54	0.970501
98	57	1.0305
98	59	1.0305
98	88	0.987782
98	92	0.958904
98	93	0.95047
98	95	0.950457
98	101	1.01506
98	111	1.02159
98	120	0.98644
98	124	0.95365
98	127	1.01675
98	136	0.991783
98	148	1.02935
98	150	0.989254
98	156	1.02822
98	157	1.01725
98	158	1.02443
98	161	0.983095
98	162	1.1386
98	165	1.04928
98	167	1.02228
98	177	0.98617
99	4	0.838213
99	12	1.05951
99	31	0.99634
99	32	0.96196
99	33	1.03746
99	41	1.03013
99	44	1.02651
99	46	1.01742
99	49	1.12922
99	56	0.984389
99	60	1.0579
99	73	1.1627
99	81	1.03851
99	86	0.935908
99	96	1.04475
99	97	1.07528
99	154	1.05035
99	162	0.988398
99	166	0.932553
99	169	0.88616
99	171	0.944376
99	173	0.949266
99	175	1.12089
99	177	0.892669
100	13	1.05112
100	18	0.963346
100	53	0.948707
100	71	0.969605
100	94	0.944608
100	107	0.972966
100	108	0.970684
100	116	1.08833
100	126	1.16341
100	129	0.999324
100	132	0.986166
100	135	1.01608
100	137	0.959952
100	140	0.985964
100	141	0.985884
100	142	1.05195
100	146	0.985948
100	147	1.0132
100	149	0.984653
100	150	0.974784
100	159	1.03183
100	160	0.981189
100	167	1.0317
100	168	1.05784
100	176	0.978617
100	180	1.15515
101	4	0.964121
101	8	0.935213
101	54	0.992248
101	57	1.05225
101	59	1.05225
101	88	1.00953
101	92	0.980651
101	93	0.972218
101	95	0.972204
101	98	1.01506
101	110	1.02023
101	111	1.04334
101	112	1.02055
101	124	0.975398
101	127	1.0385
101	142	1.01824
101	146	1.01212
101	147	0.979496
101	150	1.011
101	152	1.09991
101	157	1.039
101	160	1.04972
101	167	0.997989
101	171	1.07028
101	175	0.889992
101	177	1.00792
101	179	1.02628
102	17	0.995379
102	28	1.00143
102	42	0.922887
102	50	1.03227
102	63	1.04838
102	64	1.05067
102	66	0.943338
102	70	1.10391
102	72	1.0026
102	76	0.966687
102	77	1.04351
102	85	0.958996
102	87	1.01173
102	104	1.01542
102	113	1.0174
102	116	1.05784
102	119	0.997879
102	121	0.978142
102	125	1.0058
102	134	1.02735
102	146	1.01533
102	148	1.00827
102	160	1.05293
102	172	1.01118
102	175	0.893207
102	177	1.02179
102	179	1.0295
103	37	1.00829
103	45	0.975058
103	47	0.970742
103	74	0.907122
103	77	0.914632
103	78	1.05833
103	82	0.925145
103	85	1.0186
103	86	1.2752
103	91	0.983899
103	106	0.936455
103	109	0.948211
103	118	0.922134
103	123	0.965585
103	131	0.929614
103	133	0.934319
103	142	1.08106
103	143	1.14613
103	144	0.916625
103	145	0.964622
103	156	1.06675
103	161	1.02162
103	167	1.06081
103	170	1.0864
103	176	1.07756
103	177	0.93935
103	180	1.18426
104	22	1.0896
104	27	0.912677
104	38	0.988416
104	76	0.941896
104	81	1.01156
104	88	1.03411
104	102	1.01542
104	105	0.946879
104	109	0.993692
104	115	1.04108
104	121	0.953352
104	122	1.09397
104	128	1.01761
104	131	0.975095
104	134	1.00256
104	141	1.02454
104	144	0.962106
104	145	1.0101
104	150	1.03217
104	154	1.03895
104	169	0.994588
104	170	0.992087
104	174	0.946322
104	178	0.921105
104	179	0.98699
104	180	0.939247
105	5	0.993543
105	9	0.859924
105	47	0.97247
105	73	1.35933
105	78	1.06005
105	82	0.926873
105	91	0.985627
105	104	0.946879
105	106	0.938183
105	109	0.94994
105	118	0.923863
105	123	0.967314
105	129	1.03634
105	130	0.982225
105	131	0.931343
105	133	0.936048
105	136	1.03821
105	144	0.918354
105	145	0.96635
105	155	1.04391
105	158	1.07085
105	164	1.08303
105	169	1.08279
105	171	1.141
105	175	0.960712
105	177	0.941079
105	178	1.22689
106	14	1.1057
106	74	0.943907
106	78	1.09511
106	82	0.96193
106	89	0.965914
106	91	1.02068
106	103	0.936455
106	105	0.938183
106	109	0.984996
106	118	0.958919
106	123	1.00237
106	130	1.01728
106	131	0.966399
106	133	0.971104
106	144	0.95341
106	145	1.00141
106	146	1.02135
106	151	1.07871
106	152	1.10915
106	156	1.01316
106	158	1.00937
106	160	1.05896
106	166	1.0677
106	173	1.08441
106	175	0.899229
106	176	1.02398
106	177	0.976136
106	180	1.13068
107	10	1.01906
107	18	0.971943
107	36	1.04628
107	53	0.957305
107	71	0.978203
107	94	0.953206
107	100	0.972966
107	108	0.979282
107	132	0.994764
107	135	1.02468
107	137	0.968549
107	140	0.994562
107	141	0.994482
107	142	1.02863
107	143	1.0937
107	148	1.01544
107	149	0.993251
107	150	0.983382
107	153	1.08645
107	155	0.983583
107	159	1.00852
107	160	0.989786
107	161	0.969192
107	163	1.09321
107	169	1.02246
107	173	1.08557
107	174	1.11008
107	176	0.987215
108	15	0.91593
108	36	1.044
108	53	0.955023
108	71	0.975921
108	94	0.950925
108	100	0.970684
108	107	0.979282
108	110	0.99916
108	116	1.09451
108	132	0.992483
108	135	1.0224
108	136	1.02939
108	137	0.966268
108	140	0.99228
108	141	0.992201
108	146	0.992264
108	148	1.04494
108	149	0.99097
108	150	0.981101
108	152	1.1398
108	160	0.987505
108	161	0.998691
108	164	1.0522
108	167	1.03788
108	173	1.11506
108	174	1.13958
108	175	0.929882
108	176	0.984934
109	37	1.05683
109	69	1.01304
109	74	0.955663
109	77	0.963174
109	82	0.973686
109	86	1.21459
109	91	1.03244
109	103	0.948211
109	104	0.993692
109	105	0.94994
109	106	0.984996
109	118	0.970676
109	123	1.01413
109	130	1.02904
109	131	0.978156
109	133	0.982861
109	144	0.965167
109	145	1.01316
109	146	1.01432
109	151	1.07167
109	165	1.02719
109	167	1.00019
109	168	1.02633
109	169	1.01427
109	172	1.01017
109	175	0.892193
109	177	0.987892
109	178	1.15837
110	9	1.19101
110	32	1.08007
110	44	0.961778
110	58	1.10338
110	72	1.02142
110	83	0.977908
110	92	0.964083
110	101	1.02023
110	108	0.99916
110	114	0.992735
110	115	0.993331
110	117	0.992631
110	119	0.993117
110	122	0.952549
110	124	0.958829
110	127	1.02193
110	130	0.887186
110	132	0.959331
110	135	0.929923
110	147	1.02444
110	149	0.943786
110	172	1.00922
110	174	0.952839
110	175	1.08507
110	177	0.991349
110	178	0.927622
110	179	0.993508
110	180	0.945765
111	24	1.15466
111	33	0.973223
111	49	1.15187
111	54	0.998785
111	57	1.05878
111	59	1.05878
111	61	1.31086
111	88	1.01607
111	92	0.987188
111	93	0.978755
111	95	0.978741
111	98	1.02159
111	101	1.04334
111	112	1.02708
111	124	0.981934
111	126	1.02645
111	127	1.04503
111	146	0.908863
111	150	1.01754
111	155	0.869937
111	157	1.04554
111	160	0.946466
111	163	0.97956
111	164	0.90906
111	166	0.955207
111	168	0.920878
111	171	0.96703
111	177	1.01445
111	179	0.92303
112	52	1.06965
112	69	0.980019
112	77	1.00947
112	79	1.00202
112	84	1.00174
112	92	0.964397
112	101	1.02055
112	111	1.02708
112	113	0.999438
112	114	0.993049
112	117	0.992944
112	121	0.960182
112	122	0.952862
112	124	0.959143
112	125	0.987842
112	127	1.02224
112	128	1.02444
112	134	1.00939
112	147	1.02476
112	151	1.03865
112	153	1.04524
112	160	1.0189
112	161	0.927978
112	163	1.05199
112	165	0.994164
112	171	1.03946
112	173	1.04435
112	177	0.991662
112	178	1.12535
112	179	0.995462
113	35	1.07012
113	50	1.00945
113	61	1.36077
113	63	1.02557
113	64	1.02785
113	66	0.920524
113	70	1.08109
113	72	0.979787
113	76	0.943872
113	79	0.997169
113	85	0.90243
113	86	1.15904
113	87	0.988919
113	102	1.0174
113	112	0.999438
113	119	0.975064
113	121	0.955328
113	125	0.982987
113	128	1.01958
113	134	1.00453
113	136	0.914137
113	149	0.999761
113	159	0.944774
113	162	1.06096
113	166	1.00511
113	171	1.01693
113	173	1.02182
113	174	1.04634
113	175	0.836641
113	179	0.972934
114	6	1.0229
114	20	0.866502
114	21	1.10444
114	22	0.98426
114	26	0.979152
114	29	1.01865
114	33	1.14817
114	52	1.0584
114	55	1.05938
114	67	1.00537
114	68	1.05319
114	77	1.02509
114	83	0.966978
114	84	0.9905
114	110	0.992735
114	112	0.993049
114	115	0.9824
114	120	0.946943
114	122	0.941618
114	129	0.950416
114	136	0.952286
114	147	1.01351
114	150	0.983502
114	154	1.0036
114	157	0.962178
114	164	0.997112
114	169	0.996866
114	176	0.999539
114	178	1.14097
114	180	1.10624
115	6	1.0235
115	13	0.981097
115	20	0.867098
115	21	1.10503
115	22	0.984856
115	52	1.059
115	55	1.05998
115	67	1.00596
115	68	1.05378
115	83	0.967573
115	84	0.991096
115	104	1.04108
115	110	0.993331
115	114	0.9824
115	116	1.04726
115	117	0.982296
115	122	0.942214
115	129	0.958254
115	139	0.998613
115	147	1.01411
115	150	0.984098
115	151	1.06211
115	154	1.0042
115	157	0.970016
115	162	1.10694
115	171	1.06292
115	175	0.882628
115	176	1.00738
115	177	1.01121
115	178	1.14881
116	5	0.898729
116	35	1.0004
116	43	1.02686
116	100	1.08833
116	102	1.05784
116	108	1.09451
116	115	1.04726
116	122	1.10015
116	125	1.05152
116	128	1.03061
116	137	1.09452
116	143	0.938524
116	152	0.949754
116	153	0.938284
116	156	0.993651
116	159	0.994566
116	161	1.01041
116	164	1.00283
116	167	0.989948
116	168	0.98208
116	169	0.982632
116	170	0.980132
116	171	0.954588
116	172	0.990747
116	173	0.949438
116	174	0.934367
116	178	0.909149
116	179	0.975035
116	180	0.927292
117	6	1.0228
117	13	0.980397
117	15	0.868674
117	20	0.866398
117	21	1.10433
117	22	0.984156
117	33	1.15601
117	45	0.960532
117	52	1.0583
117	55	1.05928
117	67	1.00526
117	68	1.05308
117	83	0.966873
117	84	0.990396
117	85	0.948414
117	110	0.992631
117	112	0.992944
117	115	0.982296
117	122	0.941514
117	142	1.01087
117	147	1.01341
117	150	0.983398
117	151	1.06211
117	153	1.06869
117	154	1.0035
117	155	0.965825
117	159	0.990758
117	162	1.10694
117	170	1.01621
117	171	1.06292
118	14	1.09138
118	30	0.953006
118	37	1.03076
118	74	0.929586
118	78	1.08079
118	89	0.951594
118	91	1.00636
118	103	0.922134
118	105	0.923863
118	106	0.958919
118	109	0.970676
118	123	0.98805
118	130	1.00296
118	131	0.952079
118	133	0.956784
118	144	0.93909
118	145	0.987086
118	147	0.994639
118	151	1.08462
118	156	1.01907
118	157	0.992898
118	160	1.06486
118	162	1.12945
118	168	1.03927
118	170	1.03872
118	172	1.02311
118	173	1.09032
118	176	1.02988
118	177	0.961815
118	178	1.17132
118	179	1.04143
119	17	0.953045
119	19	1.03268
119	28	0.959094
119	35	1.0506
119	50	0.989933
119	63	1.00605
119	64	1.00833
119	66	0.901004
119	70	1.06157
119	72	0.960267
119	76	0.924352
119	79	0.977649
119	85	0.989628
119	87	0.9694
119	102	0.997879
119	110	0.993117
119	113	0.975064
119	121	0.935808
119	125	0.963468
119	126	1.16355
119	128	1.00006
119	134	0.985014
119	148	1.0389
119	149	0.980242
119	157	1.01123
119	160	1.08357
119	161	0.992648
119	168	1.05798
119	172	1.04181
119	176	1.04859
119	178	1.19002
120	1	0.937931
120	3	0.973484
120	10	0.914605
120	30	1.04291
120	31	0.988841
120	52	0.870807
120	89	0.986506
120	97	0.906382
120	98	0.98644
120	114	0.946943
120	127	0.93469
120	130	0.890061
120	140	0.943066
120	151	1.02849
120	152	1.02177
120	153	1.0103
120	156	1.06567
120	157	1.07597
120	162	1.02052
120	163	1.0439
120	165	1.0588
120	166	1.02486
120	168	1.05409
120	169	1.05465
120	171	1.0266
120	172	1.06276
120	173	1.02145
120	174	1.00638
120	178	0.981164
120	179	1.04705
120	180	0.999306
121	17	0.933308
121	28	0.939358
121	35	1.03086
121	40	1.01893
121	45	1.0394
121	50	0.970197
121	63	0.986313
121	64	0.988599
121	66	0.881268
121	70	1.04184
121	72	0.940531
121	76	0.904616
121	87	0.949663
121	102	0.978142
121	104	0.953352
121	112	0.960182
121	113	0.955328
121	119	0.935808
121	125	0.943731
121	128	0.980327
121	134	0.965277
121	143	1.15481
121	147	1.051
121	149	0.960505
121	153	1.14756
121	156	1.07543
121	158	1.07164
121	165	1.09649
121	169	1.08357
121	170	1.09508
121	173	1.14668
121	177	1.09008
122	6	0.982715
122	13	0.940315
122	20	0.826316
122	21	1.06425
122	22	0.944074
122	26	0.938966
122	45	1.01342
122	52	1.01822
122	55	1.0192
122	67	0.965182
122	68	1.013
122	83	0.926791
122	84	0.950314
122	104	1.09397
122	110	0.952549
122	112	0.952862
122	114	0.941618
122	115	0.942214
122	116	1.10015
122	117	0.941514
122	146	1.05764
122	147	0.973327
122	148	1.05058
122	150	0.943316
122	153	1.12158
122	154	0.963414
122	159	1.04365
122	169	1.05759
122	177	1.0641
122	178	1.2017
122	179	1.07181
122	180	1.16696
123	9	0.924111
123	14	1.13483
123	30	0.996456
123	37	1.07421
123	82	0.99106
123	89	0.995044
123	91	1.04981
123	103	0.965585
123	105	0.967314
123	106	1.00237
123	109	1.01413
123	118	0.98805
123	130	1.04641
123	131	0.995529
123	133	1.00023
123	138	0.954897
123	144	0.98254
123	145	1.03054
123	146	1.00426
123	155	0.965335
123	157	1.03635
123	158	0.992276
123	161	0.950944
123	162	1.10645
123	163	1.07496
123	168	1.01628
123	170	1.01572
123	173	1.06732
123	175	0.882136
123	176	1.00688
123	177	1.00527
123	180	1.11359
124	24	1.08672
124	26	0.945246
124	33	0.905281
124	45	0.982219
124	49	1.2845
124	54	0.930843
124	57	0.990843
124	59	0.990843
124	88	0.948124
124	92	0.919246
124	93	0.910813
124	95	0.910799
124	98	0.95365
124	101	0.975398
124	110	0.958829
124	111	0.981934
124	112	0.959143
124	127	0.97709
124	138	0.992133
124	139	1.03536
124	143	1.11269
124	150	0.949596
124	157	0.977595
124	161	0.98818
124	162	1.14369
124	164	1.04169
124	166	1.08784
124	171	1.09966
124	173	1.10455
124	177	0.946512
124	179	1.05566
124	180	1.15082
125	17	0.960968
125	34	1.03717
125	35	1.05852
125	42	0.91657
125	50	0.997857
125	63	1.01397
125	64	1.01626
125	66	0.908927
125	70	1.0695
125	72	0.96819
125	76	0.932276
125	79	0.985572
125	87	0.977323
125	102	1.0058
125	112	0.987842
125	113	0.982987
125	116	1.05152
125	119	0.963468
125	121	0.943731
125	128	1.00799
125	134	0.992937
125	138	0.959652
125	149	0.988165
125	152	1.09681
125	168	1.02103
125	169	1.00897
125	171	1.06718
125	172	1.00487
125	173	1.07207
125	176	1.01164
125	177	1.01548
125	178	1.15307
125	180	1.11834
126	6	0.985945
126	34	1.036
126	68	1.00706
126	71	1.16604
126	77	0.920495
126	88	1.11537
126	95	1.19094
126	96	1.0859
126	100	1.16341
126	111	1.02645
126	119	1.16355
126	145	1.09418
126	148	0.970774
126	150	1.11343
126	155	0.984698
126	159	0.966903
126	161	0.982745
126	162	0.92084
126	163	0.944219
126	164	0.97517
126	165	0.959124
126	166	0.925184
126	167	0.962285
126	168	0.954416
126	169	0.954969
126	170	0.952468
126	171	0.926924
126	173	0.921775
126	174	0.906703
126	177	0.945213
126	178	0.881486
126	179	0.947372
126	180	0.899629
127	24	1.14982
127	26	1.00834
127	33	0.968379
127	45	1.04532
127	54	0.993941
127	57	1.05394
127	59	1.05394
127	88	1.01122
127	92	0.982344
127	93	0.97391
127	95	0.973897
127	98	1.01675
127	101	1.0385
127	110	1.02193
127	111	1.04503
127	112	1.02224
127	120	0.93469
127	124	0.97709
127	136	0.940033
127	139	0.978522
127	146	0.984662
127	147	0.952041
127	150	1.01269
127	156	0.976473
127	157	1.04069
127	165	0.997531
127	168	0.996677
127	170	0.996125
127	171	1.04283
127	174	1.07223
127	176	0.987285
127	177	1.00961
127	179	0.998829
127	180	1.09399
128	17	0.997564
128	25	0.941615
128	28	1.00361
128	35	1.09512
128	50	1.03445
128	63	1.05057
128	64	1.05285
128	66	0.945523
128	70	1.10609
128	72	1.00479
128	76	0.968871
128	79	1.02217
128	87	1.01392
128	104	1.01761
128	112	1.02444
128	113	1.01958
128	116	1.03061
128	119	1.00006
128	121	0.980327
128	125	1.00799
128	134	1.02953
128	149	1.02476
128	153	1.05205
128	157	0.953366
128	159	0.974111
128	160	1.02571
128	161	0.934787
128	164	0.9883
128	168	1.00012
128	174	1.07567
128	175	0.865978
128	176	0.990727
128	177	0.994563
128	180	1.09743
129	7	0.937369
129	11	1.186
129	57	0.967754
129	60	0.95925
129	62	0.933896
129	92	1.04871
129	95	1.02686
129	100	0.999324
129	105	1.03634
129	114	0.950416
129	115	0.958254
129	133	1.02141
129	135	0.936271
129	143	0.97144
129	151	0.989395
129	152	0.982671
129	153	0.971201
129	154	0.956125
129	155	1.04528
129	156	1.02657
129	158	1.01284
129	161	1.04332
129	164	1.03575
129	165	1.0197
129	166	0.985763
129	167	1.02286
129	168	1.015
129	170	1.01305
129	171	0.987504
129	172	1.02366
129	173	0.982355
129	174	0.967283
129	178	0.942066
129	179	1.00795
129	180	0.960208
130	5	1.07264
130	9	0.939022
130	14	1.14974
130	30	1.01137
130	37	1.08912
130	47	1.05157
130	74	0.987948
130	82	1.00597
130	89	1.00996
130	91	1.06473
130	105	0.982225
130	106	1.01728
130	109	1.02904
130	110	0.887186
130	118	1.00296
130	120	0.890061
130	123	1.04641
130	131	1.01044
130	133	1.01515
130	136	0.895404
130	139	0.933893
130	144	0.997451
130	145	1.04545
130	148	0.932968
130	149	1.4747
130	156	0.931844
130	157	1.05126
130	162	1.04222
130	164	0.94023
130	166	0.986377
130	168	0.952048
130	172	0.935883
130	174	1.0276
130	175	0.817908
130	177	1.02018
130	180	1.04936
131	5	1.02176
131	9	0.88814
131	14	1.09886
131	25	0.97926
131	30	0.960485
131	47	1.00069
131	69	1.02447
131	78	1.08827
131	82	0.955089
131	89	0.959073
131	91	1.01384
131	103	0.929614
131	104	0.975095
131	105	0.931343
131	106	0.966399
131	109	0.978156
131	118	0.952079
131	123	0.995529
131	130	1.01044
131	133	0.964263
131	143	1.09694
131	144	0.946569
131	145	0.994566
131	147	0.993127
131	148	1.01868
131	152	1.11354
131	157	1.00038
131	158	1.01376
131	160	1.06335
131	164	1.02594
131	166	1.07209
131	167	1.01162
