1	16	1.04118
1	28	1.05229
1	40	1.1384
1	57	1.05832
1	64	1.05016
1	72	1.09455
1	81	1.05417
1	85	1.05417
1	153	1.05676
1	159	0.760945
1	170	0.827777
1	174	0.816557
2	29	0.641057
2	96	1.25773
2	105	1.12908
2	110	1.18149
2	120	1.23342
2	125	1.20982
2	126	1.21137
2	138	0.590001
2	160	1.19369
2	164	0.582483
2	165	1.1834
2	172	0.593645
3	19	0.61171
3	86	1.20029
3	96	1.2579
3	105	1.12926
3	106	1.20453
3	110	1.18167
3	125	1.21
3	126	1.21154
3	131	1.20481
3	142	0.606728
3	162	0.601014
3	178	0.587617
4	89	0.793305
4	98	0.780206
4	126	0.821089
4	168	1.05631
4	169	1.05859
4	170	1.0552
4	174	1.04973
4	176	1.05583
4	177	1.05753
4	178	1.06303
4	179	1.0428
4	180	1.16099
5	79	1.17385
5	105	1.1373
5	106	1.21258
5	110	1.18971
5	120	1.24164
5	125	1.21804
5	126	1.21959
5	158	1.2073
5	163	0.617651
5	172	0.61447
5	174	0.672675
5	180	0.502212
6	132	1.23216
6	135	1.17448
6	137	1.16237
6	139	1.20447
6	149	1.22594
6	150	0.608617
6	151	1.18946
6	152	1.21991
6	159	0.590429
6	163	0.591018
6	167	1.19122
6	177	0.616876
7	40	0.50714
7	96	0.595572
7	111	0.664009
7	157	1.19911
7	160	0.626133
7	161	1.19008
7	163	1.20354
7	172	1.21565
7	173	1.19378
7	176	1.20122
7	178	1.20842
7	179	1.18819
8	11	0.546983
8	49	1.15134
8	51	1.14211
8	88	1.20203
8	90	0.640653
8	97	1.22942
8	131	1.21106
8	134	1.25073
8	144	1.19123
8	170	0.618881
8	175	1.22208
8	176	0.600421
9	21	1.02627
9	33	1.12399
9	44	1.07562
9	54	1.06729
9	78	1.06926
9	134	0.782122
9	141	1.04904
9	155	0.828466
9	156	1.02324
9	163	1.03122
9	164	0.79467
9	180	1.13406
10	38	1.12293
10	40	1.27705
10	57	1.19697
10	64	1.18881
10	72	1.2332
10	81	1.19282
10	85	1.19282
10	141	0.587184
10	145	0.637187
10	153	1.19541
10	172	0.585269
10	178	0.597422
11	8	0.546983
11	27	0.628955
11	83	0.622274
11	148	1.20858
11	168	1.20034
11	169	1.20261
11	171	1.19318
11	175	0.596981
11	176	1.19986
11	177	1.20156
11	178	1.20705
11	179	1.18682
12	36	1.16025
12	52	1.12786
12	83	1.20906
12	100	1.22014
12	113	1.17328
12	141	0.551847
12	163	1.19887
12	165	0.64344
12	171	0.603688
12	174	0.608137
12	175	1.20883
12	180	1.30171
13	97	0.750893
13	137	0.852377
13	150	1.07669
13	153	0.79136
13	154	1.05979
13	169	1.0672
13	170	1.06382
13	172	1.07887
13	176	1.06444
13	177	1.06615
13	178	1.07164
13	179	1.05141
14	123	1.23005
14	130	1.20388
14	132	1.22922
14	137	1.15943
14	140	1.18563
14	144	0.657745
14	151	1.18652
14	152	1.21697
14	159	0.56353
14	167	1.18829
14	168	0.595739
14	177	0.589977
15	37	1.05361
15	50	1.01543
15	58	1.09588
15	59	1.09748
15	65	1.09486
15	67	1.07115
15	165	1.04875
15	166	1.07827
15	167	1.04456
15	172	0.819773
15	174	0.877978
15	180	0.707515
16	1	1.04118
16	35	1.23121
16	57	1.15478
16	64	1.14661
16	72	1.191
16	81	1.15062
16	85	1.15062
16	134	1.18076
16	153	1.15322
16	165	0.725335
16	170	0.701253
16	177	0.660867
16	180	0.519571
17	51	1.14103
17	68	1.199
17	88	1.20096
17	89	1.20617
17	91	0.640449
17	97	1.22835
17	141	0.577643
17	158	1.20444
17	159	0.578321
17	160	1.19905
17	168	0.610529
17	175	1.22101
18	42	1.13358
18	107	0.674917
18	117	1.19109
18	119	1.19258
18	134	0.61749
18	135	1.1167
18	136	1.15741
18	139	1.14668
18	149	1.16816
18	151	1.13168
18	152	1.16213
18	163	0.644381
18	177	0.670239
19	3	0.61171
19	56	0.630801
19	108	0.699997
19	132	0.652107
19	155	1.14515
19	164	1.17024
19	168	1.15676
19	169	1.15903
19	170	1.15565
19	174	1.15018
19	176	1.15628
19	178	1.16348
19	179	1.14324
20	37	1.14835
20	47	1.2183
20	50	1.11017
20	59	1.19222
20	70	0.552877
20	128	1.0983
20	153	1.17685
20	155	0.680829
20	163	0.661377
20	165	1.14349
20	166	1.17301
20	167	1.1393
20	171	0.711952
21	9	1.02627
21	30	1.11449
21	33	1.23447
21	53	1.1655
21	78	1.17975
21	138	0.62198
21	141	1.15953
21	147	0.641908
21	155	0.648257
21	156	1.13373
21	163	1.14171
21	170	0.695049
21	180	1.24455
22	41	1.03661
22	93	1.14087
22	102	1.19489
22	103	1.1786
22	104	1.18699
22	115	1.16836
22	121	0.674347
22	124	0.666096
22	129	1.16216
22	133	1.1778
22	148	0.700712
22	167	1.15372
22	180	0.565896
23	44	1.21253
23	46	0.707855
23	53	1.19192
23	54	1.2042
23	78	1.20617
23	141	1.18594
23	156	1.16015
23	158	0.558839
23	162	0.548245
23	163	1.16813
23	170	0.592118
23	180	1.27097
24	25	1.14346
24	27	1.14948
24	34	1.10796
24	69	1.12603
24	75	1.18819
24	83	1.15528
24	92	0.68653
24	113	1.11949
24	143	1.16219
24	159	0.608431
24	173	0.677203
24	177	0.634878
24	180	1.24792
25	24	1.14346
25	31	1.14436
25	36	1.10643
25	43	1.18312
25	82	0.73318
25	83	1.15524
25	113	1.11946
25	142	0.620651
25	150	0.610167
25	163	1.14504
25	171	0.643142
25	175	1.15501
25	180	1.24788
26	66	0.834884
26	101	1.08982
26	122	1.07208
26	123	1.05893
26	130	1.03277
26	137	0.988317
26	139	1.03042
26	140	1.01451
26	145	0.967293
26	149	1.05189
26	151	1.01541
26	152	1.04586
26	180	0.803118
27	11	0.628955
27	24	1.14948
27	36	1.11245
27	52	1.08006
27	75	1.19417
27	100	1.17234
27	113	1.12548
27	121	0.627622
27	127	0.681852
27	163	1.15107
27	166	0.666944
27	175	1.16103
27	180	1.25391
28	1	1.05229
28	35	1.24232
28	38	1.09184
28	57	1.16589
28	64	1.15773
28	66	0.614601
28	72	1.20212
28	81	1.16173
28	85	1.16173
28	147	0.711377
28	153	1.16433
28	163	0.698274
28	180	0.582836
29	2	0.641057
29	36	0.692216
29	94	0.614469
29	145	1.13876
29	154	1.15538
29	155	1.1489
29	172	1.17446
29	173	1.15259
29	174	1.15393
29	175	0.646867
29	177	1.16174
29	178	1.16723
29	179	1.147
30	21	1.11449
30	33	1.21221
30	44	1.16385
30	53	1.14324
30	54	1.15552
30	78	1.15749
30	99	0.652956
30	145	0.67033
30	156	1.11147
30	163	1.11945
30	168	0.653213
30	178	0.630566
30	180	1.22229
31	25	1.14436
31	43	1.18406
31	52	1.07498
31	60	1.15819
31	100	1.16726
31	113	1.1204
31	128	0.771429
31	146	0.581232
31	157	0.626907
31	163	1.14598
31	175	1.15595
31	177	0.627338
31	180	1.24882
32	88	0.717855
32	140	0.726348
32	149	0.660531
32	152	0.688098
32	155	1.10885
32	162	1.12858
32	168	1.12046
32	170	1.11936
32	172	1.13441
32	173	1.11254
32	176	1.11998
32	177	1.12169
32	178	1.12718
32	179	1.10695
33	9	1.12399
33	21	1.23447
33	30	1.21221
33	46	0.6745
33	53	1.26322
33	54	1.2755
33	78	1.27747
33	114	0.585636
33	148	0.511898
33	156	1.23145
33	163	1.23943
33	172	0.489339
33	174	0.547543
33	180	1.34227
34	24	1.10796
34	36	1.07093
34	60	1.12175
34	69	1.09049
34	75	1.15265
34	100	1.13082
34	113	1.08396
34	141	0.668285
34	163	1.10955
34	166	0.701886
34	168	0.701171
34	170	0.735795
34	175	1.11951
34	180	1.21238
35	16	1.23121
35	28	1.24232
35	38	1.17431
35	40	1.32843
35	57	1.24835
35	64	1.24019
35	81	1.2442
35	85	1.2442
35	153	1.24679
35	158	0.587311
35	165	0.644673
35	166	0.586682
35	172	0.551166
35	180	0.438908
36	12	1.16025
36	25	1.10643
36	27	1.11245
36	29	0.692216
36	34	1.07093
36	60	1.12025
36	69	1.089
36	100	1.12932
36	113	1.08246
36	127	0.695227
36	165	0.738311
36	168	0.679604
36	175	1.11801
36	180	1.21089
37	15	1.05361
37	20	1.14835
37	50	1.07361
37	59	1.15566
37	65	1.15304
37	67	1.12933
37	153	1.14029
37	154	0.695594
37	163	0.686517
37	165	1.10693
37	166	1.13645
37	167	1.10274
37	172	0.683337
37	174	0.741541
38	10	1.12293
38	28	1.09184
38	35	1.17431
38	40	1.17795
38	57	1.09788
38	64	1.08971
38	72	1.1341
38	81	1.09372
38	85	1.09372
38	134	1.12386
38	146	0.672747
38	157	0.718423
38	158	0.72596
38	172	0.689814
39	92	1.09605
39	122	0.643765
39	137	0.733088
39	148	1.12775
39	159	1.14452
39	160	0.685975
39	164	1.13299
39	167	0.730231
39	169	1.12179
39	171	1.11235
39	173	1.11159
39	177	1.12073
39	178	1.12623
39	179	1.106
40	1	1.1384
40	7	0.50714
40	10	1.27705
40	35	1.32843
40	38	1.17795
40	64	1.24383
40	72	1.28822
40	81	1.24784
40	85	1.24784
40	153	1.25044
40	158	0.55922
40	171	0.57683
40	174	0.581279
40	179	0.582511
41	22	1.03661
41	56	1.03148
41	76	1.06378
41	94	1.06669
41	102	1.01775
41	104	1.00985
41	115	0.99122
41	133	1.00067
41	156	0.995085
41	157	0.950096
41	166	1.01029
41	167	0.976582
41	172	0.921487
41	178	0.933641
42	18	1.13358
42	84	0.765092
42	122	1.14874
42	132	1.13477
42	137	1.06498
42	139	1.10708
42	143	1.13743
42	146	0.636521
42	149	1.12855
42	151	1.09207
42	152	1.12252
42	161	0.700846
42	175	1.13028
42	176	0.704552
43	25	1.18312
43	31	1.18406
43	60	1.19694
43	69	1.16568
43	75	1.22784
43	83	1.19493
43	91	0.633261
43	100	1.20601
43	113	1.15915
43	147	0.584825
43	157	0.597149
43	159	0.571133
43	171	0.622297
43	175	1.1947
43	180	1.28758
44	9	1.07562
44	23	1.21253
44	30	1.16385
44	53	1.21485
44	54	1.22713
44	78	1.2291
44	141	1.20888
44	144	0.655223
44	155	0.581049
44	156	1.18308
44	158	0.594561
44	162	0.583966
44	163	1.19106
44	166	0.593932
44	180	1.2939
45	77	0.54606
45	114	0.673576
45	122	1.24018
45	123	1.22703
45	135	1.16853
45	136	1.20924
45	137	1.15642
45	138	0.573635
45	139	1.19852
45	140	1.18261
45	149	1.21999
45	151	1.18351
45	152	1.21396
45	162	0.60283
45	166	0.612795
46	23	0.707855
46	33	0.6745
46	89	0.757985
46	134	1.12866
46	140	0.856043
46	157	1.08562
46	164	1.10169
46	168	1.08821
46	170	1.0871
46	173	1.08029
46	174	1.08163
46	176	1.08773
46	177	1.08943
46	178	1.09493
46	179	1.0747
47	20	1.2183
47	50	1.14356
47	58	1.22401
47	59	1.22561
47	65	1.22299
47	67	1.19928
47	134	0.530757
47	144	0.651274
47	148	0.577026
47	153	1.21025
47	165	1.17689
47	166	1.2064
47	167	1.17269
47	170	0.623892
47	173	0.625832
48	77	1.14874
48	94	0.697487
48	129	0.787369
48	149	0.735495
48	157	1.08428
48	160	0.772498
48	170	1.08577
48	171	1.07971
48	172	1.10082
48	173	1.07895
48	174	1.08029
48	176	1.08639
48	177	1.0881
48	178	1.09359
48	179	1.07336
49	8	1.15134
49	51	1.01587
49	55	1.15302
49	68	1.07383
49	88	1.0758
49	89	1.081
49	97	1.10318
49	150	0.74099
49	153	1.09695
49	155	0.742843
49	158	1.07928
49	160	1.07389
49	171	0.773965
49	175	1.09585
49	177	0.749249
50	15	1.01543
50	20	1.11017
50	37	1.07361
50	47	1.14356
50	59	1.11748
50	65	1.11486
50	67	1.09116
50	141	0.725591
50	143	0.724953
50	144	0.820483
50	153	1.10212
50	154	0.735933
50	165	1.06876
50	166	1.09828
50	167	1.06457
51	8	1.14211
51	17	1.14103
51	49	1.01587
51	55	1.14379
51	68	1.0646
51	88	1.06657
51	89	1.07177
51	134	1.11526
51	142	0.755652
51	153	1.08772
51	155	0.747021
51	160	1.06466
51	169	0.750961
51	175	1.08662
51	177	0.753427
52	12	1.12786
52	27	1.08006
52	31	1.07498
52	60	1.08786
52	63	0.729184
52	69	1.05661
52	83	1.08585
52	100	1.09693
52	113	1.05007
52	158	0.777405
52	163	1.07566
52	164	0.730097
52	175	1.08562
52	177	0.770298
52	180	1.1785
53	21	1.1655
53	23	1.19192
53	30	1.14324
53	33	1.26322
53	44	1.21485
53	54	1.20653
53	78	1.2085
53	156	1.16248
53	157	0.582155
53	163	1.17046
53	170	0.622972
53	173	0.624912
53	178	0.565701
53	179	0.612984
53	180	1.2733
54	9	1.06729
54	23	1.2042
54	30	1.15552
54	33	1.2755
54	44	1.22713
54	53	1.20653
54	78	1.22077
54	144	0.636843
54	145	0.591954
54	156	1.17475
54	163	1.18273
54	173	0.611401
54	177	0.569075
54	179	0.599473
54	180	1.28557
55	49	1.15302
55	51	1.14379
55	68	1.20176
55	88	1.20372
55	89	1.20893
55	97	1.23111
55	99	0.589201
55	114	0.650954
55	142	0.585921
55	148	0.577215
55	153	1.22488
55	158	1.2072
55	160	1.20181
55	175	1.22377
55	176	0.605621
56	19	0.630801
56	41	1.03148
56	93	1.13575
56	94	1.2387
56	98	1.19718
56	102	1.18976
56	115	1.16323
56	129	1.15704
56	133	1.17268
56	141	1.1929
56	144	1.15419
56	156	1.1671
56	169	0.621128
56	171	0.648311
56	174	0.65276
56	179	0.653992
57	1	1.05832
57	10	1.19697
57	16	1.15478
57	28	1.16589
57	35	1.24835
57	38	1.09788
57	64	1.16376
57	72	1.20815
57	81	1.16777
57	85	1.16777
57	146	0.618975
57	153	1.17036
57	166	0.671558
57	173	0.707407
57	176	0.687006
57	180	0.523784
58	15	1.09588
58	47	1.22401
58	59	1.19793
58	65	1.19531
58	67	1.1716
58	108	1.15574
58	128	1.10401
58	145	0.681483
58	153	1.18257
58	158	0.665711
58	162	0.655117
58	165	1.14921
58	166	1.17872
58	167	1.14501
58	179	0.689003
58	180	0.517308
59	15	1.09748
59	20	1.19222
59	37	1.15566
59	47	1.22561
59	50	1.11748
59	58	1.19793
59	65	1.19691
59	128	1.10561
59	138	0.610142
59	150	0.634566
59	153	1.18417
59	154	0.626043
59	166	1.18032
59	167	1.14661
59	176	0.66475
59	179	0.673223
60	31	1.15819
60	34	1.12175
60	36	1.12025
60	43	1.19694
60	52	1.08786
60	73	0.559707
60	75	1.20197
60	83	1.16907
60	100	1.18014
60	113	1.13328
60	165	0.694104
60	166	0.636113
60	174	0.658801
60	175	1.16883
60	179	0.660034
60	180	1.26171
61	71	0.667742
61	119	1.21082
61	127	0.660306
61	130	1.16727
61	132	1.19261
61	135	1.13494
61	136	1.17564
61	137	1.12282
61	139	1.16492
61	140	1.14902
61	145	0.6618
61	146	0.592816
61	147	0.626166
61	151	1.14991
61	152	1.18036
61	167	1.15168
62	79	1.13485
62	86	1.16933
62	105	1.0983
62	106	1.17358
62	120	1.20264
62	124	0.617507
62	125	1.17904
62	126	1.18059
62	131	1.17385
62	138	0.62592
62	156	1.16693
62	158	1.1683
62	165	1.15261
62	166	0.66508
62	177	0.658603
62	178	0.641717
63	52	0.729184
63	93	0.681742
63	94	0.554981
63	155	1.15062
63	156	0.639827
63	159	1.18724
63	161	1.15061
63	164	1.17571
63	170	1.16112
63	172	1.17618
63	174	1.15565
63	175	0.587379
63	176	1.16175
63	177	1.16345
63	178	1.16895
63	179	1.14872
64	1	1.05016
64	10	1.18881
64	16	1.14661
64	28	1.15773
64	35	1.24019
64	38	1.08971
64	40	1.24383
64	57	1.16376
64	72	1.19998
64	81	1.1596
64	85	1.1596
64	143	0.611564
64	158	0.646433
64	162	0.635838
64	168	0.645088
64	179	0.669724
65	15	1.09486
65	37	1.15304
65	47	1.22299
65	50	1.11486
65	58	1.19531
65	59	1.19691
65	67	1.17058
65	112	0.632996
65	144	0.683389
65	153	1.18155
65	154	0.598839
65	165	1.14819
65	166	1.1777
65	167	1.144
65	170	0.656006
65	176	0.637547
66	26	0.834884
66	28	0.614601
66	74	0.643199
66	88	1.14883
66	97	1.17622
66	103	1.15731
66	104	1.1657
66	132	0.535369
66	133	1.15652
66	136	0.566537
66	138	1.19324
66	153	1.16999
66	170	1.15597
66	175	1.16888
66	178	1.16379
66	179	1.14356
67	15	1.07115
67	37	1.12933
67	47	1.19928
67	50	1.09116
67	58	1.1716
67	65	1.17058
67	108	1.13101
67	128	1.07928
67	153	1.15784
67	165	1.12448
67	166	1.154
67	167	1.12029
67	168	0.696039
67	169	0.687811
67	172	0.661238
67	177	0.690277
67	178	0.673392
68	17	1.199
68	49	1.07383
68	51	1.0646
68	55	1.20176
68	88	1.12453
68	89	1.12974
68	97	1.15192
68	142	0.687578
68	144	1.11373
68	153	1.14568
68	158	1.12801
68	160	1.12262
68	162	0.681865
68	164	0.645152
68	170	0.725738
68	175	1.14458
68	178	0.668467
69	24	1.12603
69	34	1.09049
69	36	1.089
69	43	1.16568
69	52	1.05661
69	75	1.17072
69	83	1.13781
69	100	1.14889
69	113	1.10202
69	128	0.784628
69	143	1.14473
69	150	0.632277
69	165	0.705004
69	168	0.646298
69	175	1.13758
69	177	0.640536
69	180	1.23045
70	20	0.552877
70	87	0.526989
70	93	0.588498
70	111	0.574624
70	113	0.625746
70	153	0.522844
70	155	1.22485
70	162	1.24457
70	164	1.24994
70	169	1.23873
70	171	1.2293
70	172	1.2504
70	173	1.22854
70	174	1.22988
70	177	1.23768
70	178	1.24318
70	179	1.22294
71	61	0.667742
71	72	0.60432
71	120	0.667309
71	145	1.11306
71	146	1.15816
71	154	1.12969
71	156	0.709762
71	159	1.15983
71	161	1.1232
71	167	0.744184
71	171	1.12766
71	173	1.1269
71	174	1.12824
71	176	1.13435
71	177	1.13605
71	178	1.14154
71	179	1.12131
72	1	1.09455
72	10	1.2332
72	16	1.191
72	28	1.20212
72	38	1.1341
72	40	1.28822
72	57	1.20815
72	64	1.19998
72	71	0.60432
72	81	1.20399
72	85	1.20399
72	90	0.637657
72	134	1.23413
72	143	0.547737
72	144	0.643268
72	153	1.20659
72	171	0.600216
72	177	0.5755
73	60	0.559707
73	76	0.559777
73	113	0.690176
73	115	0.612162
73	120	0.56856
73	138	1.23468
73	154	1.19338
73	157	1.19592
73	160	0.601177
73	161	1.18689
73	162	1.20663
73	168	1.19851
73	171	1.19135
73	172	1.21246
73	174	1.19193
73	176	1.19803
73	178	1.20523
73	179	1.185
74	66	0.643199
74	101	1.14806
74	112	0.770105
74	116	1.07185
74	118	1.13756
74	119	1.13455
74	122	1.13031
74	123	1.11717
74	124	0.711634
74	136	1.09937
74	139	1.08865
74	140	1.07275
74	148	0.74625
74	149	1.11013
74	151	1.07364
74	152	1.1041
74	175	1.11186
74	178	0.735844
75	24	1.18819
75	27	1.19417
75	34	1.15265
75	43	1.22784
75	60	1.20197
75	69	1.17072
75	83	1.19997
75	100	1.21104
75	113	1.16418
75	128	0.696338
75	143	1.20688
75	144	0.620015
75	150	0.543988
75	163	1.18977
75	173	0.594573
75	174	0.581413
75	176	0.574173
75	180	1.29261
76	41	1.06378
76	73	0.559777
76	93	1.16805
76	94	1.27101
76	98	1.22948
76	103	1.20577
76	104	1.21416
76	129	1.18934
76	131	1.20632
76	133	1.20498
76	134	0.576956
76	138	0.597023
76	147	1.23309
76	148	0.623226
76	156	1.1994
76	161	0.647925
76	163	0.603848
76	166	1.21461
77	45	0.54606
77	48	1.14874
77	94	0.535837
77	103	0.63647
77	115	0.621833
77	139	0.611158
77	140	0.639663
77	154	1.19972
77	155	1.19324
77	164	1.21833
77	169	1.20713
77	170	1.20375
77	172	1.2188
77	173	1.19693
77	176	1.20437
77	177	1.20608
77	178	1.21157
77	179	1.19134
78	9	1.06926
78	21	1.17975
78	23	1.20617
78	30	1.15749
78	33	1.27747
78	44	1.2291
78	53	1.2085
78	54	1.22077
78	128	0.708877
78	141	1.20252
78	142	0.567011
78	156	1.17672
78	163	1.1847
78	166	0.571263
78	169	0.56232
78	173	0.607112
78	174	0.593952
78	180	1.28754
79	5	1.17385
79	62	1.13485
79	86	1.10102
79	105	1.03
79	106	1.10527
79	110	1.0824
79	120	1.13434
79	125	1.11073
79	126	1.11228
79	134	0.672856
79	147	1.13232
79	156	1.09862
79	158	1.1
79	162	0.722118
79	165	1.08431
79	166	0.732083
79	168	0.731368
79	171	0.750322
80	117	0.708652
80	119	0.689787
80	123	0.741384
80	133	0.735448
80	157	1.10456
80	159	1.13217
80	161	1.09554
80	162	1.11527
80	164	1.12064
80	169	1.10943
80	171	1.1
80	173	1.09924
80	174	1.10058
80	175	0.715813
80	176	1.10668
80	177	1.10838
80	178	1.11388
80	179	1.09364
81	1	1.05417
81	10	1.19282
81	16	1.15062
81	28	1.16173
81	35	1.2442
81	38	1.09372
81	40	1.24784
81	57	1.16777
81	64	1.1596
81	72	1.20399
81	85	1.16361
81	134	1.19375
81	147	0.610521
81	153	1.1662
81	154	0.606494
81	168	0.629038
81	173	0.665602
81	176	0.645202
81	179	0.653674
82	25	0.73318
82	126	0.744401
82	139	0.786172
82	154	1.07154
82	159	1.10169
82	160	0.785861
82	164	1.09015
82	168	1.07667
82	169	1.07895
82	171	1.06951
82	172	1.09062
82	173	1.06876
82	174	1.07009
82	175	0.743248
82	176	1.0762
82	177	1.0779
82	178	1.08339
82	179	1.06316
82	180	1.18136
83	11	0.622274
83	12	1.20906
83	24	1.15528
83	25	1.15524
83	43	1.19493
83	52	1.08585
83	60	1.16907
83	69	1.13781
83	75	1.19997
83	100	1.17813
83	113	1.13127
83	128	0.797878
83	134	0.601037
83	151	0.451259
83	162	0.650299
83	163	1.15686
83	174	0.682952
83	175	1.16683
83	180	1.2597
84	42	0.765092
84	90	1.06214
84	109	0.766079
84	131	0.710492
84	150	1.09749
84	157	1.08313
84	159	1.11073
84	160	0.753572
84	161	1.0741
84	162	1.09384
84	167	0.797829
84	168	1.08572
84	170	1.08462
84	172	1.09967
84	173	1.0778
84	174	1.07914
84	177	1.08695
84	178	1.09244
84	179	1.07221
85	1	1.05417
85	10	1.19282
85	16	1.15062
85	28	1.16173
85	35	1.2442
85	38	1.09372
85	40	1.24784
85	57	1.16777
85	64	1.1596
85	72	1.20399
85	81	1.16361
85	127	0.650124
85	134	1.19375
85	143	0.600976
85	147	0.615984
85	153	1.1662
85	165	0.693207
85	172	0.5997
85	176	0.650664
86	3	1.20029
86	62	1.16933
86	79	1.10102
86	96	1.19312
86	99	0.693368
86	105	1.06448
86	106	1.13975
86	108	1.12532
86	110	1.11689
86	120	1.16882
86	121	0.655018
86	125	1.14522
86	126	1.14676
86	147	1.1668
86	156	1.1331
86	159	0.661416
86	160	1.12909
86	164	0.647662
86	166	0.69434
86	172	0.658824
87	70	0.526989
87	91	0.697029
87	92	0.712999
87	95	1.20598
87	114	0.728605
87	116	1.1148
87	117	1.17602
87	118	1.18051
87	119	1.1775
87	130	1.13396
87	135	1.10162
87	137	1.08951
87	140	1.1157
87	145	0.684226
87	149	1.15308
87	151	1.1166
87	152	1.14705
87	160	1.13285
87	169	0.658881
87	175	1.15481
88	8	1.20203
88	17	1.20096
88	32	0.717855
88	49	1.0758
88	51	1.06657
88	55	1.20372
88	66	1.14883
88	68	1.12453
88	89	1.1317
88	97	1.15388
88	134	1.17519
88	143	0.663666
88	144	1.11569
88	158	1.12997
88	159	0.664981
88	160	1.12458
88	174	0.720594
88	175	1.14654
88	177	0.691428
88	180	0.550131
89	4	0.793305
89	17	1.20617
89	46	0.757985
89	49	1.081
89	51	1.07177
89	55	1.20893
89	68	1.12974
89	88	1.1317
89	97	1.15909
89	99	0.607368
89	112	0.619239
89	131	1.14073
89	134	1.1804
89	144	1.1209
89	153	1.15286
89	158	1.13518
89	160	1.12979
89	173	0.644189
89	175	1.15175
89	178	0.584978
90	8	0.640653
90	72	0.637657
90	84	1.06214
90	119	0.664625
90	121	1.13296
90	145	1.09764
90	151	0.826594
90	155	1.10779
90	160	0.733263
90	161	1.10778
90	168	1.1194
90	170	1.11829
90	171	1.11224
90	172	1.13334
90	174	1.11282
90	175	0.690651
90	176	1.11892
90	177	1.12062
90	178	1.12612
90	179	1.10588
90	180	1.22408
91	17	0.640449
91	43	0.633261
91	87	0.697029
91	104	0.708017
91	150	1.13059
91	151	0.800119
91	155	1.10722
91	156	0.716622
91	157	1.11623
91	159	1.14384
91	162	1.12694
91	164	1.1323
91	169	1.1211
91	170	1.11772
91	171	1.11166
91	173	1.11091
91	174	1.11224
91	176	1.11835
91	177	1.12005
91	178	1.12554
91	179	1.10531
92	24	0.68653
92	39	1.09605
92	87	0.712999
92	115	0.733743
92	118	0.655499
92	126	0.681299
92	142	1.12461
92	146	1.14286
92	148	1.12776
92	159	1.14453
92	160	0.722758
92	161	1.1079
92	168	1.11952
92	169	1.1218
92	170	1.11841
92	173	1.1116
92	174	1.11294
92	176	1.11904
92	177	1.12074
92	178	1.12624
92	179	1.10601
93	22	1.14087
93	56	1.13575
93	63	0.681742
93	70	0.588498
93	76	1.16805
93	94	1.17096
93	98	1.12943
93	102	1.12201
93	103	1.10572
93	104	1.11411
93	109	1.08934
93	115	1.09549
93	128	0.866948
93	129	1.08929
93	133	1.10493
93	138	0.690174
93	144	1.08645
93	147	1.13304
93	163	0.696999
93	164	0.682656
93	166	1.11456
94	29	0.614469
94	41	1.06669
94	48	0.697487
94	56	1.2387
94	63	0.554981
94	76	1.27101
94	77	0.535837
94	93	1.17096
94	98	1.23239
94	103	1.20868
94	104	1.21707
94	109	1.1923
94	115	1.19844
94	129	1.19225
94	133	1.20789
94	143	0.568334
94	156	1.20231
94	157	0.595665
94	166	1.21751
94	167	1.1838
94	173	0.638422
95	87	1.20598
95	99	0.592727
95	111	1.18942
95	119	1.24045
95	123	1.22307
95	132	1.22225
95	135	1.16457
95	136	1.20528
95	137	1.15245
95	139	1.19455
95	140	1.17865
95	147	0.574467
95	149	1.21603
95	151	1.17955
95	152	1.21
95	158	0.594329
95	166	0.593699
95	170	0.627608
95	171	0.611939
95	175	1.21776
95	179	0.61762
96	2	1.25773
96	3	1.2579
96	7	0.595572
96	86	1.19312
96	105	1.1221
96	106	1.19737
96	110	1.1745
96	120	1.22644
96	125	1.20283
96	131	1.19764
96	138	0.607862
96	143	0.612783
96	147	1.22442
96	154	0.623763
96	155	0.634139
96	156	1.19072
96	158	1.1921
96	160	1.18671
96	162	0.637057
96	165	1.17641
96	180	0.499248
97	8	1.22942
97	13	0.750893
97	17	1.22835
97	49	1.10318
97	55	1.23111
97	66	1.17622
97	68	1.15192
97	88	1.15388
97	89	1.15909
97	107	0.621413
97	131	1.1629
97	134	1.20258
97	143	0.588974
97	144	1.14308
97	153	1.17503
97	155	0.61033
97	157	0.616305
97	158	1.15736
97	160	1.15197
97	161	0.634955
97	172	0.587697
97	175	1.17393
98	4	0.780206
98	56	1.19718
98	76	1.22948
98	93	1.12943
98	94	1.23239
98	102	1.18344
98	103	1.16715
98	104	1.17554
98	109	1.15077
98	115	1.15692
98	129	1.15072
98	133	1.16636
98	144	1.14788
98	147	1.19447
98	148	0.582284
98	155	0.582358
98	166	1.17599
98	167	1.14228
98	169	0.586298
98	170	0.629149
98	173	0.63109
98	179	0.619162
99	30	0.652956
99	55	0.589201
99	86	0.693368
99	89	0.607368
99	95	0.592727
99	117	0.626838
99	146	1.19575
99	150	1.18418
99	155	1.1608
99	157	1.16982
99	161	1.16079
99	162	1.18053
99	168	1.17241
99	169	1.17469
99	171	1.16525
99	172	1.18636
99	174	1.16583
99	175	0.633998
99	176	1.17193
99	177	1.17363
99	178	1.17913
99	179	1.1589
100	12	1.22014
100	27	1.17234
100	31	1.16726
100	34	1.13082
100	36	1.12932
100	43	1.20601
100	52	1.09693
100	60	1.18014
100	69	1.14889
100	75	1.21104
100	83	1.17813
100	113	1.14235
100	135	0.44068
100	157	0.654872
100	159	0.628856
100	161	0.673522
100	163	1.16794
100	165	0.719771
100	169	0.652837
100	175	1.1779
100	178	0.638417
100	180	1.27078
101	26	1.08982
101	74	1.14806
101	111	1.17445
101	117	1.224
101	121	0.644987
101	130	1.18194
101	134	0.625082
101	136	1.19031
101	137	1.13749
101	138	0.645149
101	139	1.17959
101	140	1.16368
101	141	0.650708
101	149	1.20106
101	151	1.16458
101	152	1.19503
101	154	0.661051
101	160	1.18084
101	167	1.16635
101	172	0.648793
101	175	1.2028
101	180	0.536536
102	22	1.19489
102	41	1.01775
102	56	1.18976
102	93	1.12201
102	98	1.18344
102	104	1.16813
102	108	1.14558
102	109	1.14335
102	115	1.1495
102	127	0.673323
102	129	1.1433
102	131	1.16028
102	133	1.15894
102	141	1.17916
102	142	0.654164
102	144	1.14046
102	154	0.635157
102	159	0.625492
102	166	1.16857
102	167	1.13486
102	169	0.649472
102	170	0.692324
102	179	0.682337
103	22	1.1786
103	66	1.15731
103	76	1.20577
103	77	0.63647
103	93	1.10572
103	94	1.20868
103	98	1.16715
103	104	1.15184
103	109	1.12707
103	115	1.13321
103	121	0.663883
103	129	1.12702
103	133	1.14266
103	141	1.16287
103	144	1.12417
103	148	0.690248
103	155	0.690322
103	156	1.13708
103	158	0.703835
103	159	0.670281
103	166	1.15228
103	167	1.11857
103	180	0.555431
104	22	1.18699
104	41	1.00985
104	66	1.1657
104	76	1.21416
104	91	0.708017
104	93	1.11411
104	94	1.21707
104	98	1.17554
104	102	1.16813
104	103	1.15184
104	109	1.13546
104	115	1.1416
104	129	1.13541
104	133	1.15105
104	154	0.655555
104	156	1.14547
104	158	0.679443
104	166	1.16067
104	167	1.12696
104	168	0.678098
104	178	0.655451
104	179	0.702734
104	180	0.53104
105	2	1.12908
105	3	1.12926
105	5	1.1373
105	62	1.0983
105	79	1.03
105	86	1.06448
105	96	1.1221
105	106	1.06873
105	110	1.04586
105	120	1.0978
105	125	1.07419
105	126	1.07574
105	143	0.806835
105	147	1.09577
105	154	0.817816
105	156	1.06208
105	158	1.06345
105	160	1.05807
105	165	1.04777
105	166	0.841075
105	167	0.582996
105	179	0.864996
105	180	0.693301
106	3	1.20453
106	5	1.21258
106	62	1.17358
106	79	1.10527
106	86	1.13975
106	96	1.19737
106	105	1.06873
106	110	1.12113
106	120	1.17307
106	125	1.14946
106	126	1.15101
106	127	0.6686
106	142	0.649441
106	143	0.619453
106	144	0.714984
106	147	1.17105
106	148	0.640735
106	156	1.13735
106	158	1.13873
106	160	1.13334
106	165	1.12304
106	171	0.671932
106	177	0.647216
107	18	0.674917
107	97	0.621413
107	112	1.13678
107	116	0.715709
107	118	0.608525
107	131	0.632703
107	140	0.704599
107	148	1.15935
107	154	1.14597
107	157	1.14851
107	162	1.15922
107	163	1.15295
107	168	1.1511
107	169	1.15338
107	170	1.15
107	171	1.14394
107	172	1.16505
107	173	1.14318
107	174	1.14452
107	175	0.633171
107	176	1.15063
107	178	1.15782
107	179	1.13759
108	19	0.699997
108	58	1.15574
108	67	1.13101
108	86	1.12532
108	102	1.14558
108	109	1.11291
108	110	1.1067
108	115	1.11906
108	120	1.15864
108	125	1.13503
108	126	1.13658
108	129	1.11286
108	133	1.1285
108	147	1.15661
108	158	1.1243
108	161	0.711009
108	162	0.689302
108	163	0.666932
108	164	0.652589
108	165	1.10861
108	166	1.13813
108	167	1.10442
108	176	0.714715
108	178	0.675904
109	84	0.766079
109	93	1.08934
109	94	1.1923
109	98	1.15077
109	102	1.14335
109	103	1.12707
109	104	1.13546
109	108	1.11291
109	115	1.11683
109	129	1.11063
109	131	1.12761
109	133	1.12627
109	141	1.14649
109	144	1.10779
109	146	0.637507
109	147	1.15439
109	155	0.677207
109	156	1.12069
109	164	0.643412
109	166	1.1359
109	167	1.10219
109	176	0.705539
109	178	0.666727
109	179	0.714011
110	2	1.18149
110	3	1.18167
110	5	1.18971
110	79	1.0824
110	86	1.11689
110	96	1.1745
110	105	1.04586
110	106	1.12113
110	108	1.1067
110	120	1.1502
110	121	0.661043
110	125	1.1266
110	126	1.12814
110	131	1.1214
110	147	1.14818
110	150	0.685629
110	154	0.677107
110	156	1.11448
110	160	1.11047
110	161	0.712108
110	164	0.653687
110	165	1.10017
110	168	0.69965
110	174	0.723054
111	7	0.664009
111	70	0.574624
111	95	1.18942
111	101	1.17445
111	116	1.09824
111	117	1.15945
111	118	1.16395
111	121	0.676137
111	122	1.1567
111	123	1.14356
111	128	1.0608
111	130	1.1174
111	132	1.14274
111	135	1.08506
111	136	1.12577
111	140	1.09914
111	149	1.13652
111	151	1.10004
111	152	1.13049
111	160	1.11629
111	161	0.727202
111	169	0.706516
111	173	0.751308
111	177	0.708982
112	65	0.632996
112	74	0.770105
112	89	0.619239
112	107	1.13678
112	116	0.728408
112	118	0.621223
112	135	0.769717
112	145	1.10689
112	146	1.15199
112	149	0.651479
112	157	1.12606
112	161	1.11703
112	162	1.13677
112	163	1.13049
112	164	1.14213
112	169	1.13093
112	170	1.12755
112	171	1.12149
112	172	1.1426
112	173	1.12073
112	176	1.12817
112	177	1.12988
112	178	1.13537
112	179	1.11514
113	12	1.17328
113	24	1.11949
113	25	1.11946
113	27	1.12548
113	31	1.1204
113	34	1.08396
113	36	1.08246
113	43	1.15915
113	52	1.05007
113	60	1.13328
113	69	1.10202
113	70	0.625746
113	73	0.690176
113	75	1.16418
113	83	1.13127
113	100	1.14235
113	125	0.476777
113	143	1.13819
113	150	0.751846
113	158	0.767211
113	159	0.733658
113	175	1.13104
113	177	0.760105
113	180	1.22392
114	33	0.585636
114	45	0.673576
114	55	0.650954
114	87	0.728605
114	132	0.712158
114	138	1.1636
114	142	1.13252
114	155	1.11582
114	156	0.748199
114	157	1.12484
114	159	1.15244
114	161	1.11581
114	162	1.13554
114	168	1.12743
114	170	1.12632
114	171	1.12027
114	172	1.14138
114	173	1.11951
114	174	1.12085
114	175	0.695752
114	176	1.12695
114	177	1.12865
114	178	1.13415
114	179	1.11392
115	22	1.16836
115	41	0.99122
115	56	1.16323
115	73	0.612162
115	77	0.621833
115	92	0.733743
115	93	1.09549
115	94	1.19844
115	98	1.15692
115	102	1.1495
115	103	1.13321
115	104	1.1416
115	108	1.11906
115	109	1.11683
115	129	1.11678
115	133	1.13242
115	141	1.15264
115	144	1.11393
115	161	0.70031
115	166	1.14204
115	167	1.10833
115	170	0.722476
115	176	0.704017
115	179	0.712489
116	74	1.07185
116	87	1.1148
116	107	0.715709
116	111	1.09824
116	112	0.728408
116	118	1.15228
116	119	1.14927
116	122	1.14504
116	130	1.10573
116	132	1.13107
116	135	1.07339
116	136	1.1141
116	139	1.10338
116	140	1.08747
116	142	0.713257
116	146	0.664926
116	149	1.12485
116	151	1.08837
116	152	1.11882
116	160	1.10462
116	164	0.670831
116	165	0.7755
116	167	1.09013
116	174	0.740198
116	175	1.12658
117	18	1.19109
117	80	0.708652
117	87	1.17602
117	99	0.626838
117	101	1.224
117	111	1.15945
117	118	1.21349
117	119	1.21049
117	123	1.1931
117	130	1.16694
117	134	0.568583
117	135	1.1346
117	136	1.17531
117	137	1.12249
117	139	1.16459
117	140	1.14868
117	146	0.575227
117	149	1.18606
117	152	1.18003
117	157	0.620902
117	160	1.16584
117	161	0.639552
117	169	0.618867
117	175	1.1878
117	179	0.651731
118	74	1.13756
118	87	1.18051
118	92	0.655499
118	107	0.608525
118	111	1.16395
118	112	0.621223
118	116	1.15228
118	117	1.21349
118	119	1.21498
118	122	1.21075
118	130	1.17144
118	132	1.19678
118	135	1.1391
118	136	1.17981
118	140	1.15318
118	143	1.19944
118	147	0.591092
118	151	1.15408
118	152	1.18453
118	165	0.668316
118	167	1.15584
118	170	0.644233
118	174	0.633013
118	175	1.19229
118	178	0.586962
119	18	1.19258
119	61	1.21082
119	74	1.13455
119	80	0.689787
119	87	1.1775
119	90	0.664625
119	95	1.24045
119	116	1.14927
119	117	1.21049
119	118	1.21498
119	130	1.16843
119	132	1.19377
119	135	1.13609
119	136	1.1768
119	137	1.12398
119	140	1.15017
119	149	1.18755
119	151	1.15107
119	152	1.18152
119	155	0.596062
119	164	0.562267
119	165	0.666936
119	170	0.642853
119	177	0.602468
119	178	0.585582
120	2	1.23342
120	5	1.24164
120	62	1.20264
120	71	0.667309
120	73	0.56856
120	79	1.13434
120	86	1.16882
120	96	1.22644
120	105	1.0978
120	106	1.17307
120	108	1.15864
120	110	1.1502
120	125	1.17853
120	126	1.18008
120	131	1.17334
120	147	1.20011
120	155	0.632083
120	156	1.16642
120	160	1.1624
120	165	1.15211
120	170	0.678874
120	174	0.667654
120	176	0.660414
120	177	0.638489
120	180	0.497192
121	22	0.674347
121	27	0.627622
121	86	0.655018
121	90	1.13296
121	101	0.644987
121	103	0.663883
121	110	0.661043
121	111	0.676137
121	131	0.59518
121	150	1.16831
121	154	1.15141
121	161	1.14492
121	162	1.16465
121	163	1.15838
121	164	1.17002
121	168	1.15654
121	169	1.15882
121	170	1.15543
121	171	1.14938
121	172	1.17049
121	173	1.14862
121	174	1.14996
121	176	1.15606
121	177	1.15776
121	178	1.16326
121	179	1.14303
122	26	1.07208
122	39	0.643765
122	42	1.14874
122	45	1.24018
122	74	1.13031
122	111	1.1567
122	116	1.14504
122	118	1.21075
122	128	1.1076
122	130	1.16419
122	135	1.13186
122	136	1.17256
122	137	1.11974
122	139	1.16184
122	140	1.14593
122	144	0.696665
122	145	0.651775
122	149	1.18331
122	151	1.14683
122	152	1.17728
122	157	0.628466
122	165	0.693365
122	166	0.635374
122	175	1.18505
122	176	0.650822
122	178	0.612011
123	14	1.23005
123	26	1.05893
123	45	1.22703
123	74	1.11717
123	80	0.741384
123	95	1.22307
123	111	1.14356
123	117	1.1931
123	130	1.15105
123	135	1.11871
123	136	1.15942
123	137	1.1066
123	139	1.14869
123	140	1.13279
123	141	0.62694
123	149	1.17017
123	151	1.13369
123	152	1.16414
123	158	0.661171
123	160	1.14994
123	161	0.672283
123	175	1.1719
123	176	0.67599
123	178	0.637178
123	179	0.684462
123	180	0.512767
124	22	0.666096
124	62	0.617507
124	74	0.711634
124	130	0.655068
124	145	1.13145
124	146	1.17655
124	150	1.16498
124	152	0.620574
124	153	0.616106
124	154	1.14808
124	159	1.17822
124	160	0.63001
124	162	1.16132
124	164	1.16669
124	167	0.674267
124	168	1.15321
124	169	1.15549
124	170	1.1521
124	171	1.14605
124	172	1.16716
124	173	1.14529
124	174	1.14663
124	176	1.15273
124	177	1.15443
124	178	1.15993
124	179	1.1397
125	2	1.20982
125	3	1.21
125	5	1.21804
125	62	1.17904
125	79	1.11073
125	86	1.14522
125	96	1.20283
125	105	1.07419
125	106	1.14946
125	108	1.13503
125	110	1.1266
125	113	0.476777
125	120	1.17853
125	126	1.15647
125	131	1.14973
125	145	0.706516
125	156	1.14281
125	157	0.683206
125	158	1.14419
125	160	1.1388
125	163	0.657779
125	165	1.1285
125	173	0.725963
125	176	0.705563
125	179	0.714035
125	180	0.542341
126	2	1.21137
126	3	1.21154
126	4	0.821089
126	5	1.21959
126	62	1.18059
126	79	1.11228
126	82	0.744401
126	86	1.14676
126	92	0.681299
126	105	1.07574
126	106	1.15101
126	108	1.13658
126	110	1.12814
126	120	1.18008
126	125	1.15647
126	131	1.15128
126	147	1.17806
126	154	0.612865
126	156	1.14436
126	158	1.14574
126	160	1.14035
126	163	0.603788
126	165	1.13005
126	169	0.62718
126	177	0.629647
126	180	0.48835
127	27	0.681852
127	36	0.695227
127	61	0.660306
127	85	0.650124
127	102	0.673323
127	106	0.6686
127	133	0.669514
127	136	0.697453
127	142	1.1372
127	148	1.14036
127	154	1.12698
127	155	1.12051
127	162	1.14023
127	164	1.14559
127	165	1.11167
127	168	1.13211
127	169	1.13439
127	170	1.13101
127	171	1.12495
127	172	1.14606
127	173	1.1242
127	174	1.12553
127	176	1.13164
127	177	1.13334
127	178	1.13883
127	179	1.1186
127	180	1.2368
128	20	1.0983
128	31	0.771429
128	58	1.10401
128	59	1.10561
128	67	1.07928
128	69	0.784628
128	75	0.696338
128	78	0.708877
128	83	0.797878
128	93	0.866948
128	111	1.0608
128	122	1.1076
128	131	0.772117
128	132	1.09363
128	136	1.07666
128	151	1.05093
128	152	1.08138
128	164	1.09082
128	165	1.05689
128	166	1.0864
128	167	1.0527
128	170	1.07623
128	171	1.07018
128	172	1.09129
128	173	1.06942
128	178	1.08406
128	179	1.06382
129	22	1.16216
129	48	0.787369
129	56	1.15704
129	76	1.18934
129	93	1.08929
129	94	1.19225
129	98	1.15072
129	102	1.1433
129	103	1.12702
129	104	1.13541
129	108	1.11286
129	109	1.11063
129	115	1.11678
129	131	1.12756
129	133	1.12622
129	141	1.14644
129	146	0.639872
129	147	1.15434
129	148	0.679497
129	156	1.12064
129	166	1.13585
129	167	1.10214
129	168	0.691739
129	169	0.683511
129	178	0.669092
129	179	0.716376
129	180	0.544681
130	14	1.20388
130	26	1.03277
130	61	1.16727
130	87	1.13396
130	101	1.18194
130	111	1.1174
130	116	1.10573
130	117	1.16694
130	118	1.17144
130	119	1.16843
130	122	1.16419
130	123	1.15105
130	124	0.655068
130	135	1.09255
130	139	1.12253
130	140	1.10663
130	142	0.698389
130	147	0.683409
130	149	1.14401
130	151	1.10752
130	152	1.13798
130	160	1.12378
130	163	0.670306
130	169	0.693698
130	173	0.73849
130	176	0.71809
130	180	0.554868
131	3	1.20481
131	8	1.21106
131	62	1.17385
131	76	1.20632
131	84	0.710492
131	89	1.14073
131	96	1.19764
131	97	1.1629
131	102	1.16028
131	107	0.632703
131	109	1.12761
131	110	1.1214
131	120	1.17334
131	121	0.59518
131	125	1.14973
131	126	1.15128
131	128	0.772117
131	129	1.12756
131	133	1.1432
131	141	1.16342
131	153	1.15667
131	158	1.139
131	160	1.13361
131	162	0.624538
131	163	0.602168
131	164	0.587825
131	168	0.633788
131	175	1.15557
131	176	0.649952
132	6	1.23216
132	14	1.22922
132	19	0.652107
132	42	1.13477
132	61	1.19261
132	66	0.535369
132	95	1.22225
132	111	1.14274
132	114	0.712158
132	116	1.13107
132	118	1.19678
132	119	1.19377
132	128	1.09363
132	135	1.11789
132	137	1.10577
132	139	1.14787
132	140	1.13197
132	143	1.17823
132	149	1.16935
132	150	0.636641
132	151	1.13286
132	152	1.16332
132	155	0.638494
132	160	1.14912
132	161	0.663119
132	167	1.13463
132	171	0.669616
132	172	0.615861
132	173	0.687226
133	22	1.1778
133	41	1.00067
133	56	1.17268
133	66	1.15652
133	76	1.20498
133	80	0.735448
133	93	1.10493
133	94	1.20789
133	98	1.16636
133	102	1.15894
133	103	1.14266
133	104	1.15105
133	108	1.1285
133	109	1.12627
133	115	1.13242
133	127	0.669514
133	129	1.12622
133	131	1.1432
133	134	0.595379
133	144	1.12338
133	147	1.16998
133	156	1.13628
133	163	0.622271
133	165	0.712597
133	166	1.15149
133	167	1.11778
133	169	0.645663
133	170	0.688514
133	171	0.672846
133	176	0.670055
134	8	1.25073
134	9	0.782122
134	16	1.18076
134	18	0.61749
134	38	1.12386
134	46	1.12866
134	47	0.530757
134	51	1.11526
134	72	1.23413
134	76	0.576956
134	79	0.672856
134	81	1.19375
134	83	0.601037
134	85	1.19375
134	88	1.17519
134	89	1.1804
134	97	1.20258
134	101	0.625082
134	117	0.568583
134	133	0.595379
134	153	1.19635
134	155	1.17182
134	156	0.628191
134	158	1.17867
134	170	1.18233
134	171	1.17627
134	173	1.17552
134	175	1.19524
134	177	1.18466
134	178	1.19015
134	179	1.16992
135	6	1.17448
135	18	1.1167
135	45	1.16853
135	61	1.13494
135	87	1.10162
135	95	1.16457
135	100	0.44068
135	111	1.08506
135	112	0.769717
135	116	1.07339
135	117	1.1346
135	118	1.1391
135	119	1.13609
135	122	1.13186
135	123	1.11871
135	130	1.09255
135	132	1.11789
135	137	1.0481
135	139	1.09019
135	140	1.07429
135	144	0.82011
135	149	1.11167
135	151	1.07519
135	152	1.10564
135	160	1.09144
135	162	0.748854
135	163	0.726484
135	171	0.777059
135	175	1.1134
135	178	0.735456
135	179	0.78274
135	180	0.611045
136	18	1.15741
136	45	1.20924
136	61	1.17564
136	66	0.566537
136	74	1.09937
136	95	1.20528
136	101	1.19031
136	111	1.12577
136	116	1.1141
136	117	1.17531
136	118	1.17981
136	119	1.1768
136	122	1.17256
136	123	1.15942
136	127	0.697453
136	128	1.07666
136	137	1.0888
136	139	1.1309
136	140	1.115
136	141	0.648944
136	143	1.16126
136	147	0.663313
136	149	1.15237
136	151	1.11589
136	152	1.14634
136	157	0.675637
136	159	0.649621
136	163	0.65021
136	166	0.682545
136	167	1.11766
136	168	0.68183
136	175	1.15411
136	176	0.697994
137	6	1.16237
137	13	0.852377
137	14	1.15943
137	26	0.988317
137	39	0.733088
137	42	1.06498
137	45	1.15642
137	61	1.12282
137	87	1.08951
137	95	1.15245
137	101	1.13749
137	117	1.12249
137	119	1.12398
137	122	1.11974
137	123	1.1066
137	132	1.10577
137	135	1.0481
137	136	1.0888
137	139	1.07808
137	140	1.06217
137	143	1.10844
137	148	0.711739
137	151	1.06307
137	152	1.09352
137	160	1.07933
137	162	0.714732
137	167	1.06484
137	171	0.742936
137	172	0.689181
137	175	1.10129
137	177	0.71822
137	178	0.701334
137	179	0.748618
138	2	0.590001
138	21	0.62198
138	45	0.573635
138	59	0.610142
138	62	0.62592
138	66	1.19324
138	73	1.23468
138	76	0.597023
138	93	0.690174
138	96	0.607862
138	101	0.645149
138	114	1.1636
138	139	0.638734
138	142	1.18424
138	143	1.1981
138	148	1.18739
138	150	1.19092
138	154	1.17402
138	155	1.16754
138	157	1.17656
138	159	1.20416
138	161	1.16753
138	168	1.17915
138	169	1.18143
138	170	1.17804
138	171	1.17199
138	172	1.1931
138	173	1.17123
138	174	1.17257
138	175	0.595811
138	176	1.17867
138	177	1.18037
138	178	1.18587
138	179	1.16563
139	6	1.20447
139	18	1.14668
139	26	1.03042
139	42	1.10708
139	45	1.19852
139	61	1.16492
139	74	1.08865
139	77	0.611158
139	82	0.786172
139	95	1.19455
139	101	1.17959
139	116	1.10338
139	117	1.16459
139	122	1.16184
139	123	1.14869
139	130	1.12253
139	132	1.14787
139	135	1.09019
139	136	1.1309
139	137	1.07808
139	138	0.638734
139	140	1.10427
139	141	0.644293
139	145	0.694295
139	149	1.14165
139	151	1.10517
139	152	1.13562
139	161	0.689636
139	166	0.677894
139	167	1.10694
139	173	0.713742
139	175	1.14339
139	178	0.654531
139	179	0.701815
140	14	1.18563
140	26	1.01451
140	32	0.726348
140	45	1.18261
140	46	0.856043
140	61	1.14902
140	74	1.07275
140	77	0.639663
140	87	1.1157
140	95	1.17865
140	101	1.16368
140	107	0.704599
140	111	1.09914
140	116	1.08747
140	117	1.14868
140	118	1.15318
140	119	1.15017
140	122	1.14593
140	123	1.13279
140	130	1.10663
140	132	1.13197
140	135	1.07429
140	136	1.115
140	137	1.06217
140	139	1.10427
140	141	0.672797
140	149	1.12575
140	151	1.08927
140	152	1.11972
140	158	0.707028
140	167	1.09103
