1	6	1.01676
1	35	0.952425
1	98	0.926113
1	109	0.937094
1	111	0.938608
1	126	0.902099
1	139	0.964123
1	144	0.92244
1	149	1.25414
1	150	0.929454
1	172	1.3354
1	176	0.92785
2	30	0.942109
2	50	0.977812
2	51	1.29577
2	58	0.947629
2	85	0.953327
2	87	0.872987
2	110	1.16771
2	131	0.908278
2	136	0.928885
2	167	0.934424
2	171	0.934483
2	179	1.14374
3	18	0.852399
3	151	1.04807
3	157	0.905778
3	159	1.04649
3	160	1.03567
3	170	1.04848
3	173	0.912636
3	174	0.922066
3	175	1.05529
3	178	1.05006
3	179	1.0601
3	180	1.05589
4	103	0.784446
4	136	0.924374
4	149	1.06028
4	152	0.950138
4	153	1.04455
4	156	0.929276
4	159	1.04297
4	170	1.04496
4	175	1.05178
4	178	1.04654
4	179	1.05658
4	180	1.05238
5	51	0.972779
5	120	1.05337
5	145	0.8482
5	160	1.03386
5	166	1.05199
5	167	0.858124
5	168	0.914123
5	170	1.04668
5	175	1.05349
5	178	1.04826
5	179	1.0583
5	180	1.05409
6	1	1.01676
6	33	1.09609
6	96	0.774249
6	129	0.702749
6	148	1.05334
6	149	1.05795
6	168	1.0509
6	172	1.04613
6	174	1.04318
6	178	1.04421
6	179	1.05425
6	180	1.05004
7	25	1.35674
7	109	1.07187
7	116	1.16836
7	125	0.933737
7	163	0.925726
7	166	0.933457
7	170	0.92815
7	175	0.934962
7	177	0.938943
7	178	0.929729
7	179	0.93977
7	180	0.935563
8	35	1.18452
8	39	1.15484
8	124	0.936401
8	159	0.927422
8	163	0.926993
8	164	1.25366
8	166	0.934724
8	170	0.929417
8	175	0.936229
8	178	0.930996
8	179	0.941037
8	180	0.93683
9	31	1.14728
9	55	1.11273
9	67	0.954645
9	84	1.34169
9	93	0.959534
9	110	0.934356
9	159	0.919409
9	163	0.918981
9	175	0.928217
9	178	0.922984
9	179	0.933024
9	180	0.928817
10	21	0.966425
10	39	1.02289
10	66	1.09289
10	87	1.0192
10	95	0.927653
10	105	0.814801
10	119	1.08273
10	131	1.05449
10	155	0.972537
10	167	1.08064
10	170	0.896034
10	171	1.0807
11	141	0.932053
11	152	0.924778
11	155	0.925558
11	162	0.934832
11	165	0.940288
11	169	0.937771
11	172	0.937038
11	173	0.933601
11	174	0.934086
11	176	1.2142
11	178	1.20544
11	180	1.186
12	102	0.98972
12	114	1.03485
12	137	0.885699
12	153	1.05008
12	160	1.03767
12	163	1.04807
12	167	0.830535
12	168	0.886535
12	175	1.0573
12	178	1.05207
12	179	1.06211
12	180	1.0579
13	35	0.955023
13	43	0.919347
13	47	0.912513
13	68	0.952257
13	76	1.19647
13	144	0.925038
13	154	0.957663
13	156	0.897922
13	166	1.18922
13	167	1.21649
13	171	0.949811
13	176	0.930449
14	115	0.960249
14	130	1.1857
14	137	0.929431
14	153	1.13555
14	156	1.28037
14	157	0.927824
14	158	0.926197
14	164	0.933253
14	168	0.93593
14	172	0.931158
14	173	0.927721
14	174	0.928206
15	101	0.927182
15	136	0.940977
15	146	1.21408
15	153	0.922255
15	166	0.927972
15	167	0.946516
15	169	1.19289
15	171	0.946575
15	172	1.18898
15	178	0.924244
15	179	0.934285
15	180	0.930078
16	89	1.30881
16	134	0.732388
16	144	0.81446
16	146	1.03642
16	162	1.04905
16	164	1.05335
16	165	1.05451
16	169	1.05199
16	173	1.04782
16	174	1.0483
16	177	1.05855
16	179	0.752746
17	113	1.0308
17	149	1.06224
17	161	1.05416
17	162	0.933693
17	163	1.0445
17	167	0.88683
17	169	0.93481
17	170	1.04693
17	171	0.837369
17	178	1.04851
17	179	1.05855
17	180	1.05434
18	3	0.852399
18	62	0.889055
18	141	1.04232
18	145	1.07291
18	161	0.930054
18	162	1.0451
18	164	1.0494
18	165	1.05056
18	169	1.04804
18	172	1.04731
18	174	1.04436
18	178	0.934647
19	108	1.01163
19	120	1.01249
19	132	0.958008
19	137	0.977263
19	159	1.00381
19	166	1.01111
19	169	0.970079
19	173	0.986538
19	175	1.01262
19	176	1.01035
19	178	1.00738
19	179	1.01742
19	180	1.01322
20	26	0.968392
20	59	0.938865
20	114	0.993893
20	160	0.996713
20	168	0.99777
20	170	1.00953
20	172	0.985839
20	175	1.01634
20	176	1.01408
20	177	1.02032
20	178	1.01111
20	179	1.02115
20	180	1.01694
21	10	0.966425
21	61	0.846944
21	66	0.936729
21	71	0.912813
21	78	0.908981
21	101	0.905147
21	105	1.24741
21	119	0.926572
21	123	0.873395
21	131	0.898335
21	137	1.38079
21	171	0.92454
21	180	1.27483
22	101	1.00691
22	119	1.02834
22	123	0.975161
22	129	1.0216
22	130	0.961591
22	147	0.94703
22	154	1.03416
22	156	0.974416
22	167	1.02625
22	171	1.02631
22	172	1.01856
22	176	1.00694
22	177	0.97877
23	66	0.922159
23	88	0.966316
23	107	1.03761
23	113	0.988689
23	124	1.0118
23	125	1.0104
23	126	1.03582
23	129	0.962673
23	170	1.00482
23	175	1.01163
23	178	1.0064
23	179	1.01644
23	180	1.01223
24	70	1.16866
24	84	0.969844
24	118	0.923693
24	147	0.908423
24	157	1.01228
24	164	1.01771
24	166	0.908619
24	168	1.02039
24	169	1.01635
24	172	1.01562
24	173	1.01218
24	174	1.01267
24	177	1.02291
25	7	1.35674
25	33	0.831156
25	66	0.947065
25	71	0.92315
25	78	0.919317
25	87	0.873381
25	101	0.915483
25	119	0.936908
25	123	0.883732
25	125	1.2411
25	157	1.30153
25	167	0.934817
25	171	0.934876
26	20	0.968392
26	67	0.931254
26	121	1.0217
26	128	1.02733
26	151	0.992886
26	152	0.9974
26	157	1.00633
26	163	1.01471
26	164	1.01176
26	165	1.01291
26	172	1.00966
26	173	1.00622
26	174	1.00671
27	41	1.02229
27	45	1.03046
27	88	0.903221
27	151	1.0079
27	153	1.0079
27	159	1.00632
27	162	0.930923
27	163	1.00589
27	166	1.01362
27	176	1.01286
27	178	1.00989
27	179	1.01993
27	180	1.01573
28	63	0.906129
28	72	1.00154
28	136	0.997609
28	147	1.02158
28	152	1.02337
28	153	1.00876
28	159	1.00718
28	160	0.996359
28	161	1.01641
28	172	0.964808
28	178	1.01075
28	179	1.0208
28	180	1.01659
29	88	0.964261
29	119	0.9325
29	146	1.01427
29	147	1.01998
29	150	0.976318
29	153	1.00716
29	160	0.994755
29	166	1.01288
29	170	1.00757
29	175	1.01438
29	178	1.00915
29	179	1.01919
29	180	1.01498
30	2	0.942109
30	58	1.05958
30	61	0.96884
30	71	1.03471
30	82	0.986342
30	110	0.943211
30	123	0.995292
30	131	1.02023
30	143	1.00412
30	158	1.01905
30	160	0.948733
30	167	1.04638
30	171	1.04644
31	9	1.14728
31	43	0.990955
31	65	1.03212
31	109	0.902817
31	142	0.983585
31	158	1.00751
31	162	1.01027
31	164	1.01457
31	168	1.01724
31	169	1.0132
31	172	1.01247
31	173	1.00904
31	180	0.854742
32	52	1.02758
32	60	1.14209
32	97	1.0131
32	146	0.999937
32	149	0.855294
32	152	1.00252
32	157	1.01144
32	168	1.01955
32	169	1.01551
32	172	1.01478
32	173	1.01134
32	174	1.01182
32	175	0.882276
33	6	1.09609
33	25	0.831156
33	58	0.948237
33	61	0.857495
33	66	0.94728
33	86	1.43399
33	101	0.915698
33	119	0.937123
33	123	0.883946
33	131	0.908886
33	167	0.935032
33	171	0.935091
33	177	1.37494
34	75	0.82715
34	116	0.99019
34	125	1.00577
34	128	1.03126
34	140	1.01086
34	155	1.00212
34	156	1.09039
34	165	1.01685
34	169	1.01433
34	172	1.01359
34	173	1.01016
34	174	1.01064
34	178	0.977264
35	1	0.952425
35	8	1.18452
35	13	0.955023
35	149	0.893592
35	151	0.935247
35	154	1.05187
35	156	0.992133
35	164	1.02571
35	165	1.02686
35	168	1.02838
35	171	1.04402
35	172	1.02361
35	179	0.893408
36	54	0.727095
36	74	0.884851
36	94	0.813521
36	102	0.924019
36	120	1.09076
36	149	1.09938
36	153	1.08365
36	155	0.844347
36	160	1.07125
36	161	1.0913
36	175	1.09088
36	178	1.08564
36	179	1.09568
36	180	1.09148
37	80	1.0275
37	98	0.97191
37	112	0.958952
37	126	0.947896
37	139	1.00992
37	150	0.975252
37	154	1.00086
37	155	1.10265
37	156	0.941121
37	171	0.99301
37	173	1.08758
37	176	0.973648
37	177	1.02742
37	179	0.985768
38	47	0.967985
38	82	0.945189
38	116	1.14243
38	119	1.00732
38	131	0.979079
38	132	0.963196
38	150	0.987525
38	156	0.953394
38	167	1.00522
38	171	1.00528
38	176	0.985921
38	177	1.05294
38	179	1.01129
38	180	0.997867
39	8	1.15484
39	10	1.02289
39	50	1.02433
39	70	1.13387
39	71	0.969274
39	79	1.0097
39	85	0.999844
39	101	0.961608
39	123	0.929856
39	124	0.911253
39	131	0.954796
39	136	0.975402
39	167	0.980941
39	171	0.981
40	138	0.970107
40	140	0.974748
40	145	1.00309
40	153	1.03218
40	165	0.980735
40	168	0.982258
40	169	0.978218
40	172	0.977485
40	173	0.974048
40	174	0.974533
40	176	1.07263
40	177	0.98478
40	179	1.05786
40	180	1.04444
41	27	1.02229
41	120	1.05234
41	121	0.996952
41	142	0.956025
41	152	0.972653
41	155	0.973433
41	158	0.979951
41	161	1.06408
41	164	0.987008
41	169	0.985645
41	172	0.984912
41	173	0.981476
41	174	0.981961
41	178	1.06867
42	67	1.00768
42	128	1.01533
42	138	1.05421
42	151	0.974026
42	153	0.974032
42	156	1.07072
42	158	0.972981
42	159	0.972447
42	170	0.974443
42	173	1.05338
42	175	0.981255
42	177	0.985236
42	178	0.976022
42	180	0.981856
43	13	0.919347
43	31	0.990955
43	100	0.981092
43	109	0.998227
43	124	1.05737
43	126	0.963232
43	132	0.966259
43	139	1.02526
43	144	0.983573
43	150	0.990587
43	154	1.0162
43	156	0.956457
43	158	1.10966
43	170	1.05023
44	56	1.12338
44	81	1.03217
44	99	0.975348
44	103	1.00822
44	108	1.02319
44	112	0.961539
44	126	0.950483
44	150	0.977839
44	156	0.943708
44	161	0.978922
44	165	1.05491
44	171	0.995597
44	176	0.976235
44	177	1.00466
45	27	1.03046
45	106	1.02448
45	141	0.97117
45	145	1.00176
45	162	0.97395
45	164	0.978251
45	165	0.979406
45	166	1.08093
45	167	0.996506
45	169	0.976888
45	172	0.976155
45	173	0.972719
45	174	0.973204
45	179	1.07082
46	65	0.999525
46	135	0.968463
46	137	0.978148
46	141	0.974891
46	157	0.976541
46	159	1.06182
46	163	1.09204
46	164	0.981971
46	165	0.983126
46	166	1.03847
46	169	0.980608
46	172	0.979875
46	174	0.976924
46	180	1.01495
47	13	0.912513
47	38	0.967985
47	80	1.03601
47	98	0.980413
47	131	1.03676
47	135	1.11312
47	144	0.97674
47	150	0.983754
47	154	1.00936
47	156	0.949623
47	167	1.04629
47	171	1.00151
47	176	0.98215
47	180	0.995495
48	96	1.08074
48	103	1.12508
48	121	0.855933
48	126	1.06734
48	132	1.07037
48	143	0.838373
48	150	1.0947
48	156	1.06057
48	158	0.853309
48	161	1.09578
48	171	1.11246
48	174	0.864738
48	176	1.0931
48	177	0.795146
49	64	1.06363
49	134	1.08071
49	148	1.04853
49	153	1.03741
49	157	0.902587
49	164	0.883131
49	165	0.899528
49	172	0.889076
49	174	0.918876
49	175	1.04464
49	176	1.04237
49	177	1.04862
49	178	1.0394
49	179	1.04944
49	180	1.04524
50	2	0.977812
50	39	1.02433
50	58	1.09529
50	78	1.06658
50	82	1.02205
50	101	1.06275
50	123	1.031
50	131	1.05593
50	147	0.866692
50	148	0.922534
50	159	0.890229
50	164	0.93228
50	167	1.08208
50	171	1.08214
50	177	0.898432
51	2	1.29577
51	5	0.972779
51	75	1.02548
51	90	0.971157
51	96	0.926382
51	109	0.947977
51	111	0.94949
51	129	0.953392
51	139	0.975005
51	141	1.15199
51	150	0.940337
51	154	0.965948
51	156	0.906206
51	176	0.938733
51	177	1.08073
52	32	1.02758
52	86	0.927915
52	89	0.856515
52	94	1.14558
52	97	1.12435
52	120	0.971027
52	151	0.96392
52	152	1.19953
52	163	0.961913
52	166	0.969644
52	170	0.964337
52	175	0.971149
52	178	0.965916
52	179	0.975957
52	180	0.97175
53	58	0.874016
53	65	0.918014
53	105	1.07875
53	110	1.05298
53	154	0.822178
53	166	1.04534
53	169	0.931272
53	170	1.04003
53	173	0.947731
53	175	1.04684
53	176	1.04458
53	177	1.05082
53	178	1.04161
53	179	1.05165
53	180	1.04744
54	36	0.727095
54	79	1.03266
54	115	1.08029
54	118	0.911866
54	138	1.04382
54	142	1.02231
54	148	1.05841
54	155	1.03972
54	161	0.888112
54	162	1.049
54	163	0.950352
54	165	1.05445
54	168	1.05597
54	173	1.04776
54	174	1.04825
55	9	1.11273
55	88	1.07074
55	115	1.07626
55	137	1.04544
55	151	0.875449
55	155	1.03569
55	157	1.04384
55	162	1.04497
55	169	1.0479
55	170	0.873994
55	171	0.821523
55	172	1.04717
55	173	1.04374
55	174	1.04422
55	180	0.820188
56	44	1.12338
56	70	0.893721
56	112	1.11735
56	125	0.961297
56	149	0.971025
56	160	0.942894
56	163	0.953286
56	164	1.12292
56	166	0.961017
56	169	1.13277
56	175	0.962522
56	177	0.966503
56	178	0.957289
56	179	0.96733
56	180	0.963123
57	69	0.878791
57	70	0.995072
57	127	1.03057
57	136	0.949096
57	159	1.05506
57	160	1.04424
57	164	0.910351
57	166	1.06237
57	168	0.928226
57	170	1.05706
57	171	0.822766
57	175	1.06387
57	178	1.05864
57	179	1.06868
57	180	1.06447
58	2	0.947629
58	30	1.05958
58	33	0.948237
58	50	1.09529
58	53	0.874016
58	61	0.97436
58	87	0.990461
58	119	1.05399
58	123	1.00081
58	131	1.02575
58	141	1.02806
58	148	0.980901
58	164	0.990647
58	167	1.0519
58	171	1.05196
58	176	0.929923
59	20	0.938865
59	127	1.08409
59	128	1.03732
59	134	0.901162
59	137	1.01793
59	140	1.01692
59	141	1.01467
59	142	0.990771
59	164	1.02175
59	165	1.02291
59	168	1.02443
59	169	1.02039
59	173	1.01622
59	174	1.01671
59	175	0.948686
59	176	0.936294
60	32	1.14209
60	105	0.964613
60	107	0.958679
60	122	0.891662
60	124	0.932875
60	145	1.20149
60	147	0.938299
60	155	1.29092
60	159	0.923895
60	161	0.933124
60	170	0.92589
60	171	1.16195
60	175	0.932702
60	178	0.927469
60	179	0.93751
60	180	0.933303
61	21	0.846944
61	30	0.96884
61	33	0.857495
61	58	0.97436
61	85	0.980059
61	87	0.899719
61	101	0.941822
61	114	1.20922
61	119	0.963247
61	123	0.91007
61	131	0.93501
61	158	1.24819
61	160	1.17787
61	167	0.961155
61	171	0.961214
61	175	1.17554
62	18	0.889055
62	74	1.00487
62	79	0.991902
62	117	1.01751
62	118	1.03491
62	124	1.02333
62	130	1.01751
62	159	1.01435
62	160	1.00353
62	164	0.922977
62	166	1.02165
62	174	0.958722
62	175	1.02316
62	178	1.01792
62	179	1.02797
62	180	1.02376
63	28	0.906129
63	81	1.06496
63	103	1.04102
63	111	1.01978
63	129	1.02369
63	132	0.986302
63	144	1.00362
63	146	1.01636
63	150	1.01063
63	154	1.03624
63	156	0.9765
63	171	1.02839
63	172	0.991257
63	175	0.936981
63	176	1.00903
63	177	0.951465
64	49	1.06363
64	112	0.939287
64	122	0.982574
64	126	0.995392
64	127	0.990313
64	140	0.96424
64	151	1.01639
64	155	0.986245
64	163	1.01438
64	167	0.906732
64	170	1.0168
64	175	1.02361
64	176	1.02135
64	178	1.01838
64	179	1.02842
64	180	1.02422
65	31	1.03212
65	46	0.999525
65	53	0.918014
65	93	0.948587
65	97	1.01597
65	98	0.980528
65	119	0.98392
65	147	0.969056
65	157	1.01431
65	162	1.01543
65	164	1.01974
65	167	1.03799
65	169	1.01837
65	172	1.01764
65	173	1.0142
65	174	1.01469
66	10	1.09289
66	21	0.936729
66	23	0.922159
66	25	0.947065
66	33	0.94728
66	78	1.03544
66	82	0.990906
66	85	1.06984
66	119	1.05303
66	124	0.946961
66	131	1.0248
66	146	1.00598
66	158	0.999243
66	159	0.932877
66	167	1.05094
66	171	1.051
67	9	0.954645
67	26	0.931254
67	42	1.00768
67	96	0.991651
67	127	0.997742
67	147	1.03664
67	148	1.03494
67	159	1.02224
67	162	0.951495
67	163	1.02181
67	172	0.948701
67	173	0.969071
67	175	1.03104
67	178	1.02581
67	179	1.03585
67	180	1.03164
68	13	0.952257
68	100	1.014
68	103	1.05388
68	118	0.944347
68	129	1.03655
68	132	0.999169
68	143	1.00405
68	144	1.01648
68	148	0.98492
68	149	0.919352
68	150	1.0235
68	151	0.961006
68	154	1.04911
68	156	0.989367
68	161	1.02458
68	171	1.04126
69	57	0.878791
69	97	1.01216
69	122	1.10906
69	128	1.0315
69	145	1.03944
69	148	1.02104
69	162	1.01163
69	164	1.01593
69	168	1.0186
69	169	1.01456
69	172	1.01383
69	173	1.01039
69	174	1.01088
69	175	0.958155
69	176	0.945763
69	180	0.917566
70	24	1.16866
70	39	1.13387
70	56	0.893721
70	57	0.995072
70	118	0.94757
70	127	0.902513
70	140	1.25208
70	153	0.928593
70	162	1.24143
70	163	0.926579
70	170	0.929003
70	175	0.935815
70	176	0.93355
70	178	0.930582
70	179	0.940623
70	180	0.936416
71	21	0.912813
71	25	0.92315
71	30	1.03471
71	39	0.969274
71	78	1.01153
71	82	0.96699
71	90	0.978112
71	119	1.02912
71	123	0.97594
71	131	1.00088
71	136	1.02149
71	140	1.04236
71	158	1.04729
71	167	1.02702
71	171	1.02708
71	174	1.05872
71	175	0.974639
72	28	1.00154
72	128	1.01242
72	133	1.05928
72	134	1.02624
72	139	0.938605
72	151	0.982942
72	159	0.981363
72	163	0.980934
72	166	0.988665
72	170	0.983358
72	172	1.0301
72	173	1.05047
72	175	0.990171
72	177	0.994152
72	178	0.984937
72	179	0.994978
72	180	0.990771
73	91	0.951009
73	121	1.00903
73	129	1.05376
73	142	0.968108
73	149	1.00105
73	153	0.97519
73	157	0.993661
73	159	1.03431
73	162	0.994789
73	164	0.99909
73	165	1.00025
73	168	1.00177
73	169	0.997728
73	170	1.04125
73	172	0.996995
73	173	0.993558
73	174	0.994043
74	36	0.884851
74	62	1.00487
74	94	0.99982
74	97	0.993544
74	118	1.06962
74	130	1.06891
74	133	0.984242
74	141	0.990231
74	146	0.980376
74	155	0.983737
74	159	1.07789
74	162	0.993011
74	164	0.997311
74	165	0.998466
74	172	0.995216
74	173	0.991779
74	174	0.992264
75	34	0.82715
75	51	1.02548
75	96	1.07448
75	100	1.07894
75	103	1.11882
75	104	0.917089
75	126	1.06108
75	127	0.905525
75	130	0.767427
75	139	1.1231
75	144	1.08142
75	156	1.0543
75	158	0.84277
75	161	1.08951
75	171	1.10619
75	173	0.844769
75	176	1.08683
76	13	1.19647
76	122	0.959253
76	125	0.999069
76	127	0.966992
76	135	1.0086
76	138	1.00704
76	139	0.894347
76	151	0.993065
76	159	0.991486
76	163	0.991058
76	170	0.993482
76	172	0.985843
76	175	1.00029
76	177	1.00428
76	178	0.995061
76	179	1.0051
76	180	1.00089
77	96	0.980665
77	101	1.05529
77	109	1.00226
77	111	1.00377
77	126	0.967264
77	129	1.00768
77	132	0.970291
77	143	1.0168
77	144	0.987605
77	146	1.03846
77	150	0.99462
77	154	1.02023
77	156	0.960489
77	169	1.01727
77	171	1.01238
77	176	0.993016
77	177	0.973567
78	21	0.908981
78	25	0.919317
78	50	1.06658
78	66	1.03544
78	71	1.01153
78	82	0.963157
78	87	0.961756
78	116	1.08807
78	123	0.972107
78	131	0.997047
78	136	1.01765
78	151	0.998763
78	160	0.986417
78	167	1.02319
78	171	1.02325
78	174	1.06817
78	178	0.962943
79	39	1.0097
79	54	1.03266
79	62	0.991902
79	119	1.0578
79	122	0.93232
79	147	0.978957
79	152	1.17303
79	158	0.965086
79	159	0.964553
79	163	0.964124
79	166	0.971855
79	169	1.11838
79	170	0.966548
79	175	0.97336
79	176	0.971095
79	178	0.968127
79	179	0.978168
79	180	0.973961
80	37	1.0275
80	47	1.03601
80	98	1.0522
80	105	0.794859
80	109	1.06319
80	112	1.03925
80	127	0.998277
80	132	1.03122
80	139	1.09021
80	143	0.920587
80	144	1.04853
80	145	0.863159
80	148	0.901461
80	150	1.05555
80	154	1.08116
80	156	1.02141
80	158	0.935522
80	176	1.05394
81	44	1.03217
81	63	1.06496
81	98	1.05428
81	99	1.05513
81	110	0.889562
81	112	1.04132
81	114	0.926433
81	126	1.03026
81	128	0.929349
81	132	1.03329
81	144	1.05061
81	154	1.08323
81	156	1.02349
81	160	0.895084
81	167	0.902964
81	171	1.07538
81	176	1.05602
81	179	0.86559
82	30	0.986342
82	38	0.945189
82	50	1.02205
82	66	0.990906
82	71	0.96699
82	78	0.963157
82	85	0.99756
82	87	0.917221
82	99	1.11059
82	123	0.927572
82	131	0.952512
82	136	0.973118
82	167	0.978657
82	170	1.06732
82	171	0.978716
82	173	1.12874
82	175	1.0541
82	176	1.04171
83	115	0.999989
83	128	0.988564
83	130	1.09718
83	138	0.96352
83	142	0.942012
83	146	0.956059
83	152	0.958639
83	157	0.967564
83	161	1.07413
83	162	0.968693
83	164	0.972994
83	168	0.975671
83	172	0.970898
83	173	0.967462
83	174	0.967947
83	176	1.08748
83	178	1.07873
83	179	1.07271
84	9	1.34169
84	24	0.969844
84	98	1.08395
84	116	0.928811
84	137	0.950488
84	140	0.949478
84	142	0.923329
84	143	0.967619
84	144	1.12428
84	155	0.940736
84	162	0.95001
84	168	0.956988
84	169	0.952948
84	170	1.10295
84	172	0.952215
84	173	0.948779
84	174	0.949264
84	177	0.95951
84	180	1.04915
85	2	0.953327
85	39	0.999844
85	61	0.980059
85	66	1.06984
85	82	0.99756
85	87	0.996159
85	90	0.918254
85	101	1.03826
85	119	1.05969
85	123	1.00651
85	131	1.03145
85	136	1.05206
85	157	0.982569
85	167	1.0576
85	168	0.980988
85	171	1.05765
85	174	0.998858
85	177	0.929265
85	179	0.887614
86	33	1.43399
86	52	0.927915
86	89	0.846748
86	90	1.01839
86	93	0.992699
86	122	0.920341
86	125	0.960157
86	149	0.969885
86	162	1.07199
86	163	0.952146
86	165	1.07965
86	166	0.959877
86	173	1.08957
86	175	0.961382
86	176	0.959117
86	177	0.965363
86	178	0.956149
86	179	0.966189
86	180	0.961982
87	2	0.872987
87	10	1.0192
87	25	0.873381
87	58	0.990461
87	61	0.899719
87	78	0.961756
87	82	0.917221
87	85	0.996159
87	101	0.957923
87	110	1.12984
87	119	0.979347
87	120	1.09556
87	123	0.926171
87	131	0.95111
87	159	1.13932
87	167	0.977256
87	168	1.19924
87	171	0.977315
87	177	1.14752
88	23	0.966316
88	27	0.903221
88	29	0.964261
88	55	1.07074
88	133	1.01058
88	135	1.01014
88	137	1.01983
88	141	1.01657
88	145	1.04716
88	146	1.00671
88	149	0.943771
88	155	1.01007
88	164	1.02365
88	168	1.02633
88	172	1.02155
88	173	1.01812
88	174	1.0186
88	175	0.970753
88	176	0.95836
89	16	1.30881
89	52	0.856515
89	86	0.846748
89	92	0.918718
89	127	0.856681
89	131	1.47096
89	134	0.926052
89	149	0.898485
89	161	0.890404
89	163	0.880746
89	166	0.888477
89	167	1.48048
89	170	0.88317
89	171	1.43102
89	175	0.889982
89	177	0.893964
89	178	0.884749
89	179	0.89479
89	180	0.890583
90	51	0.971157
90	71	0.978112
90	85	0.918254
90	86	1.01839
90	96	1.02016
90	132	1.00979
90	138	1.02408
90	150	1.03411
90	156	0.999984
90	166	0.927796
90	168	1.03624
90	169	1.0322
90	170	0.958074
90	171	1.05187
90	172	1.03146
90	173	1.02803
90	174	1.02851
90	176	1.03251
90	180	0.904268
91	73	0.951009
91	95	0.958643
91	109	0.962296
91	132	0.930328
91	144	0.947642
91	147	1.14381
91	150	0.954656
91	152	0.939745
91	153	1.10822
91	156	0.920526
91	161	0.955739
91	166	1.144
91	168	0.956777
91	169	0.952737
91	170	1.17428
91	171	0.972414
91	173	0.948568
91	174	0.949053
91	178	1.13992
92	89	0.918718
92	99	0.952461
92	110	1.03949
92	118	1.04511
92	120	1.03323
92	136	0.983046
92	141	0.981712
92	147	1.03895
92	151	1.02612
92	159	1.02454
92	160	1.01372
92	165	0.960697
92	169	0.954156
92	170	1.02654
92	171	0.856715
92	175	1.03335
92	178	1.02812
92	179	1.03816
92	180	1.03395
93	9	0.959534
93	65	0.948587
93	86	0.992699
93	97	0.941321
93	136	0.990735
93	147	1.04153
93	150	0.945084
93	151	1.0287
93	159	1.02713
93	160	1.01631
93	163	1.0267
93	164	0.95199
93	166	1.03443
93	167	0.913866
93	170	1.02912
93	175	1.03593
93	178	1.0307
93	179	1.04074
93	180	1.03653
94	36	0.813521
94	52	1.14558
94	74	0.99982
94	117	0.979159
94	132	1.04639
94	140	0.999857
94	146	0.987755
94	148	1.0098
94	155	0.991115
94	164	1.00469
94	165	1.00584
94	166	0.983217
94	168	1.00737
94	169	1.00333
94	170	1.01349
94	172	1.00259
94	173	0.999158
94	174	0.999643
94	175	1.00028
94	177	1.00989
95	10	0.927653
95	91	0.958643
95	123	1.14837
95	131	0.9869
95	133	0.993654
95	139	0.949
95	150	1.02765
95	152	0.992369
95	157	1.00129
95	158	0.999668
95	163	0.998706
95	164	1.00672
95	166	1.00644
95	168	1.0094
95	171	0.946967
95	173	1.00119
95	175	1.00794
95	178	1.00271
95	179	1.01275
95	180	1.00854
96	6	0.774249
96	48	1.08074
96	51	0.926382
96	67	0.991651
96	75	1.07448
96	77	0.980665
96	90	1.02016
96	98	0.985998
96	105	0.970594
96	112	0.973039
96	129	1.00239
96	139	1.02401
96	144	0.982324
96	150	0.989339
96	154	1.01495
96	155	1.12833
96	156	0.955208
96	161	0.990422
96	174	1.12269
96	178	1.01746
97	32	1.0131
97	52	1.12435
97	65	1.01597
97	69	1.01216
97	74	0.993544
97	93	0.941321
97	98	0.973263
97	100	1.01459
97	136	1.01113
97	141	0.991334
97	146	0.981479
97	157	0.992984
97	159	0.985328
97	164	0.998414
97	165	0.999569
97	166	0.961987
97	169	0.997051
97	172	0.996318
97	174	0.993367
97	177	1.00361
98	1	0.926113
98	37	0.97191
98	47	0.980413
98	65	0.980528
98	80	1.0522
98	81	1.05428
98	84	1.08395
98	96	0.985998
98	97	0.973263
98	100	0.990457
98	108	0.968609
98	112	0.983652
98	129	1.01301
98	139	1.03462
98	154	1.02556
98	156	0.965822
98	162	0.99267
98	165	1.00033
98	171	1.01771
98	176	0.998348
99	44	0.975348
99	81	1.05513
99	82	1.11059
99	92	0.952461
99	112	0.984502
99	113	1.00051
99	145	1.02376
99	146	0.983311
99	150	1.0008
99	154	1.02641
99	155	0.986671
99	156	0.966671
99	168	1.00292
99	173	0.994714
99	174	0.995199
99	175	0.997876
99	176	0.999198
99	177	1.00544
99	178	0.976729
99	179	0.97071
100	43	0.981092
100	68	1.014
100	75	1.07894
100	97	1.01459
100	98	0.990457
100	108	1.00994
100	126	0.966443
100	129	1.00685
100	132	0.96947
100	139	1.02847
100	144	0.986784
100	148	1.01552
100	154	1.01941
100	156	0.959668
100	161	0.994881
100	167	0.987138
100	170	0.990147
100	171	1.01156
100	176	0.992194
100	177	0.991414
101	15	0.927182
101	21	0.905147
101	22	1.00691
101	25	0.915483
101	33	0.915698
101	39	0.961608
101	50	1.06275
101	61	0.941822
101	77	1.05529
101	85	1.03826
101	87	0.957923
101	119	1.02145
101	131	0.993213
101	133	1.12104
101	136	1.01382
101	167	1.01936
101	171	1.01942
101	175	1.03759
101	176	1.0252
101	177	1.05207
101	178	1.01644
102	12	0.98972
102	36	0.924019
102	104	0.963865
102	117	0.958293
102	135	0.970316
102	145	1.00733
102	146	0.966889
102	157	0.978394
102	158	0.976767
102	159	1.11706
102	160	1.1131
102	162	0.979523
102	164	0.983824
102	165	0.984979
102	167	1.00208
102	171	1.07152
102	172	0.981728
102	173	0.978292
102	174	0.978777
102	177	0.989023
102	178	1.08963
103	4	0.784446
103	44	1.00822
103	48	1.12508
103	63	1.04102
103	68	1.05388
103	75	1.11882
103	109	1.04132
103	110	0.885339
103	111	1.04283
103	122	1.03944
103	129	1.04673
103	139	1.06835
103	144	1.02666
103	150	1.03368
103	154	1.05929
103	156	0.999548
103	161	1.03476
103	169	0.94672
103	175	0.888533
103	177	0.903017
103	178	0.867386
104	75	0.917089
104	102	0.963865
104	110	0.989579
104	128	0.997793
104	144	1.1229
104	146	0.965288
104	152	0.967868
104	155	0.968648
104	157	0.976793
104	160	1.09068
104	162	0.977922
104	164	0.982223
104	165	0.983378
104	167	1.00048
104	168	0.9849
104	173	0.976691
104	174	0.977175
104	177	0.987422
104	178	1.0672
104	179	1.06118
104	180	1.04776
105	10	0.814801
105	21	1.24741
105	53	1.07875
105	60	0.964613
105	80	0.794859
105	96	0.970594
105	111	0.897169
105	113	1.01359
105	122	0.995487
105	147	1.04212
105	153	1.0293
105	158	1.02825
105	159	1.02772
105	160	1.0169
105	162	0.930438
105	163	1.02729
105	165	0.938097
105	170	1.02972
105	175	1.03653
105	178	1.03129
105	179	1.04133
105	180	1.03713
106	45	1.02448
106	107	1.05351
106	108	1.02654
106	114	1.00508
106	117	1.01074
106	118	1.03928
106	124	1.0277
106	129	0.893602
106	145	0.86816
106	151	1.0203
106	153	1.02031
106	159	1.01872
106	166	1.02602
106	169	0.926062
106	170	1.02072
106	172	0.922152
106	173	0.942521
106	175	1.02753
106	177	1.03151
106	178	1.0223
106	179	1.03234
106	180	1.02813
107	23	1.03761
107	60	0.958679
107	106	1.05351
107	113	1.00765
107	120	1.03047
107	121	0.951701
107	133	0.959881
107	134	1.06666
107	147	1.03619
107	150	0.917855
107	151	1.02336
107	160	1.01097
107	161	1.03101
107	163	1.02136
107	168	0.942636
107	169	0.934616
107	172	0.930705
107	173	0.951075
107	175	1.03059
107	178	1.02536
107	179	1.0354
107	180	1.03119
108	19	1.01163
108	44	1.02319
108	98	0.968609
108	100	1.00994
108	106	1.02654
108	124	1.0038
108	130	0.997978
108	134	1.0397
108	139	0.937173
108	145	0.974678
108	147	1.00923
108	149	1.01213
108	153	0.996407
108	157	1.04218
108	158	0.995356
108	163	0.994394
108	170	0.996817
108	171	0.93514
108	175	1.00363
108	176	1.00136
108	178	0.998396
108	179	1.00844
108	180	1.00423
109	1	0.937094
109	7	1.07187
109	31	0.902817
109	43	0.998227
109	51	0.947977
109	77	1.00226
109	80	1.06319
109	91	0.962296
109	103	1.04132
109	129	1.02399
109	139	1.0456
109	144	1.00392
109	150	1.01093
109	153	0.896028
109	154	1.03654
109	155	1.03859
109	156	0.976803
109	161	1.01202
109	164	0.997201
109	171	1.02869
109	174	1.03295
109	176	1.00933
109	177	0.963354
110	2	1.16771
110	9	0.934356
110	30	0.943211
110	53	1.05298
110	81	0.889562
110	87	1.12984
110	92	1.03949
110	103	0.885339
110	104	0.989579
110	119	0.935797
110	131	0.938869
110	135	0.99603
110	151	1.00353
110	157	1.00411
110	161	1.01118
110	168	1.01221
110	169	1.00818
110	172	1.00744
110	173	1.00401
110	174	1.00449
110	178	1.00552
110	179	1.01556
110	180	1.01136
111	1	0.938608
111	51	0.94949
111	63	1.01978
111	77	1.00377
111	103	1.04283
111	105	0.897169
111	112	0.996147
111	129	1.0255
111	132	0.988118
111	139	1.04712
111	142	1.09377
111	143	1.0229
111	144	1.00543
111	147	0.947929
111	150	1.01245
111	154	1.03806
111	156	0.978316
111	161	1.01353
111	169	1.02337
111	171	1.03021
111	176	1.01084
111	177	0.979669
111	178	0.944037
112	37	0.958952
112	44	0.961539
112	56	1.11735
112	64	0.939287
112	80	1.03925
112	81	1.04132
112	96	0.973039
112	98	0.983652
112	99	0.984502
112	111	0.996147
112	126	0.959638
112	129	1.00005
112	132	0.962665
112	137	1.04952
112	139	1.02166
112	144	0.979979
112	148	1.02273
112	150	0.986993
112	154	1.0126
112	156	0.952863
112	162	1.04122
112	164	1.03248
112	176	0.985389
112	177	0.998631
113	17	1.0308
113	23	0.988689
113	99	1.00051
113	105	1.01359
113	107	1.00765
113	124	0.981848
113	126	1.04288
113	134	1.01775
113	142	1.07261
113	148	0.985572
113	152	1.05686
113	157	1.0118
113	159	0.972868
113	160	0.962047
113	162	1.00109
113	163	0.972439
113	169	1.0022
113	170	0.974863
113	175	0.981675
113	176	0.97941
113	177	0.985657
113	178	0.976442
113	179	0.986483
113	180	0.982276
114	12	1.03485
114	20	0.993893
114	61	1.20922
114	81	0.926433
114	106	1.00508
114	124	0.98234
114	125	0.980943
114	134	1.01824
114	147	0.987765
114	149	0.990671
114	151	0.974939
114	157	1.04285
114	160	0.96254
114	166	0.980663
114	167	0.985268
114	168	1.04127
114	170	0.975356
114	171	0.935807
114	173	1.04971
114	176	0.979903
114	177	0.986149
114	178	0.976935
114	179	0.986975
114	180	0.982768
115	14	0.960249
115	54	1.08029
115	55	1.07626
115	83	0.999989
115	122	1.07425
115	125	0.930697
115	135	1.01567
115	136	1.04189
115	138	1.0197
115	145	1.05269
115	149	0.89636
115	160	0.92567
115	161	0.897602
115	162	1.02488
115	163	0.959842
115	164	1.02918
115	165	1.03033
115	168	1.03185
115	169	1.02781
115	172	1.02708
115	173	1.02364
115	174	1.02413
115	175	0.923342
115	176	0.910949
115	177	1.03438
116	7	1.16836
116	34	0.99019
116	38	1.14243
116	78	1.08807
116	84	0.928811
116	133	0.963611
116	138	0.967207
116	140	0.971848
116	143	0.989989
116	145	1.00019
116	146	0.959746
116	152	0.962326
116	155	0.963106
116	157	0.971251
116	160	1.04769
116	161	1.01962
116	165	0.977836
116	168	0.979358
116	169	0.975318
116	172	0.974585
116	173	0.971149
116	174	0.971634
116	177	0.98188
116	178	1.02421
116	179	1.01819
117	62	1.01751
117	94	0.979159
117	102	0.958293
117	106	1.01074
117	122	1.23515
117	133	0.96358
117	137	0.972827
117	141	0.96957
117	142	0.945668
117	145	1.00016
117	152	0.962295
117	155	0.963075
117	157	0.97122
117	158	0.969594
117	165	0.977805
117	167	0.994906
117	168	0.979327
117	169	0.975288
117	172	0.974555
117	173	0.971118
117	174	0.971603
117	175	1.08425
117	178	1.0631
117	179	1.05708
117	180	1.04366
118	24	0.923693
118	54	0.911866
118	62	1.03491
118	68	0.944347
118	70	0.94757
118	74	1.06962
118	92	1.04511
118	106	1.03928
118	127	0.983069
118	130	1.01072
118	138	1.01487
118	151	1.00914
118	153	1.00915
118	159	1.00756
118	160	0.996743
118	163	1.00713
118	164	0.987729
118	167	0.949605
118	170	1.00956
118	172	0.993674
118	175	1.01637
118	176	1.01411
118	177	1.02035
118	178	1.01114
118	179	1.02118
118	180	1.01697
119	10	1.08273
119	21	0.926572
119	22	1.02834
119	25	0.936908
119	29	0.9325
119	33	0.937123
119	38	1.00732
119	58	1.05399
119	61	0.963247
119	65	0.98392
119	66	1.05303
119	71	1.02912
119	79	1.0578
119	85	1.05969
119	87	0.979347
119	101	1.02145
119	110	0.935797
119	123	0.989698
119	124	0.959357
119	131	1.01464
119	136	1.03524
119	148	0.977578
119	158	1.01164
119	167	1.04078
119	171	1.04084
119	177	0.953476
120	5	1.05337
120	19	1.01249
120	36	1.09076
120	41	1.05234
120	52	0.971027
120	87	1.09556
120	92	1.03323
120	107	1.03047
120	126	1.00278
120	140	0.971624
120	144	0.938456
120	145	0.904191
120	149	1.013
120	151	0.997266
120	153	0.997272
120	154	0.853
120	160	0.984866
120	163	0.995258
120	166	1.00299
120	168	0.970115
120	170	0.997682
120	175	1.00449
120	176	1.00223
120	178	0.999261
120	179	1.0093
120	180	1.00509
121	26	1.0217
121	41	0.996952
121	48	0.855933
121	73	1.00903
121	107	0.951701
121	129	1.04238
121	135	0.998618
121	141	1.00504
121	145	1.03564
121	152	0.99777
121	153	0.963813
121	158	1.00507
121	159	1.02294
121	162	1.00782
121	164	1.01213
121	165	1.01328
121	167	1.03038
121	168	1.0148
121	169	1.01076
121	172	1.01003
121	173	1.00659
121	174	1.00708
121	176	1.00426
121	177	1.01732
121	179	0.989489
121	180	0.976066
122	60	0.891662
122	64	0.982574
122	69	1.10906
122	76	0.959253
122	79	0.93232
122	86	0.920341
122	103	1.03944
122	105	0.995487
122	115	1.07425
122	117	1.23515
122	143	0.975666
122	148	0.967472
122	150	1.13371
122	154	1.04138
122	157	1.16008
122	159	0.954768
122	161	0.963997
122	163	0.954339
122	166	0.96207
122	170	0.956763
122	175	0.963575
122	176	0.96131
122	177	0.967557
122	178	0.958342
122	179	0.968383
122	180	0.964176
123	21	0.873395
123	22	0.975161
123	25	0.883732
123	30	0.995292
123	33	0.883946
123	39	0.929856
123	50	1.031
123	58	1.00081
123	61	0.91007
123	71	0.97594
123	78	0.972107
123	82	0.927572
123	85	1.00651
123	87	0.926171
123	95	1.14837
123	119	0.989698
123	131	0.961461
123	135	1.18057
123	136	0.982068
123	154	1.05263
123	162	1.16061
123	167	0.987607
123	171	0.987666
123	177	1.11802
123	179	1.07637
123	180	1.06295
124	8	0.936401
124	23	1.0118
124	39	0.911253
124	43	1.05737
124	60	0.932875
124	62	1.02333
124	66	0.946961
124	106	1.0277
124	108	1.0038
124	113	0.981848
124	114	0.98234
124	119	0.959357
124	127	0.971487
124	140	1.02947
124	142	1.09034
124	149	1.01329
124	156	1.05373
124	158	0.996514
124	163	0.995552
124	166	1.00328
124	170	0.997976
124	174	1.04583
124	175	1.00479
124	176	1.00252
124	178	0.999555
124	179	1.0096
124	180	1.00539
125	7	0.933737
125	23	1.0104
125	25	1.2411
125	34	1.00577
125	56	0.961297
125	76	0.999069
125	86	0.960157
125	114	0.980943
125	115	0.930697
125	130	0.997739
125	134	1.03946
125	147	1.00899
125	157	1.01653
125	160	0.983763
125	161	1.00381
125	164	0.99707
125	166	1.00189
125	167	0.958946
125	170	0.996579
125	171	0.909485
125	174	1.03282
125	175	1.00339
125	176	1.00113
125	177	1.00737
125	178	0.998158
125	179	1.0082
125	180	1.00399
126	1	0.902099
126	23	1.03582
126	37	0.947896
126	43	0.963232
126	44	0.950483
126	48	1.06734
126	64	0.995392
126	75	1.06108
126	77	0.967264
126	81	1.03026
126	100	0.966443
126	112	0.959638
126	113	1.04288
126	120	1.00278
126	129	0.988994
126	132	0.951609
126	138	1.11573
126	139	1.01061
126	144	0.968924
126	150	0.975938
126	151	1.05492
126	154	1.00155
126	156	0.941807
126	158	1.1129
126	159	1.04653
126	161	0.977021
126	171	0.993696
126	176	0.974334
127	57	1.03057
127	59	1.08409
127	64	0.990313
127	67	0.997742
127	70	0.902513
127	75	0.905525
127	76	0.966992
127	80	0.998277
127	89	0.856681
127	118	0.983069
127	124	0.971487
127	130	0.965662
127	133	1.16024
127	142	1.20537
127	143	0.983405
127	144	1.11133
127	145	1.07707
127	147	0.976911
127	159	0.962507
127	160	0.951686
127	161	0.971736
127	166	0.969809
127	170	0.964502
127	173	1.15143
127	175	0.971314
127	176	0.969049
127	178	0.966081
127	179	0.976122
127	180	0.971915
128	26	1.02733
128	34	1.03126
128	42	1.01533
128	59	1.03732
128	69	1.0315
128	72	1.01242
128	81	0.929349
128	83	0.988564
128	104	0.997793
128	134	0.930451
128	135	1.00424
128	137	1.01393
128	138	1.00828
128	142	0.986769
128	152	1.0034
128	157	1.01232
128	163	1.01448
128	164	1.01775
128	165	1.01891
128	167	1.03601
128	168	1.02043
128	169	1.01639
128	173	1.01222
128	174	1.0127
128	176	0.965583
128	177	1.02295
128	178	0.956829
128	179	0.950809
128	180	0.937387
129	6	0.702749
129	22	1.0216
129	23	0.962673
129	51	0.953392
129	63	1.02369
129	68	1.03655
129	73	1.05376
129	77	1.00768
129	96	1.00239
129	98	1.01301
129	100	1.00685
129	103	1.04673
129	106	0.893602
129	109	1.02399
129	111	1.0255
129	112	1.00005
129	121	1.04238
129	126	0.988994
129	139	1.05102
129	143	1.02482
129	144	1.00933
129	150	1.01635
129	154	1.04196
129	156	0.982218
129	163	1.00361
129	171	1.03411
129	173	1.04176
129	176	1.01475
129	177	0.981594
130	14	1.1857
130	22	0.961591
130	62	1.01751
130	74	1.06891
130	75	0.767427
130	83	1.09718
130	108	0.997978
130	118	1.01072
130	125	0.997739
130	127	0.965662
130	134	1.03503
130	143	1.01105
130	147	1.00456
130	149	1.00747
130	151	0.991735
130	153	0.991742
130	158	0.99069
130	159	0.990157
130	161	0.999386
130	165	1.00342
130	166	0.997459
130	169	0.996875
130	170	0.992152
130	171	0.899435
130	173	1.01333
130	175	0.998964
130	177	1.00295
130	178	0.993731
130	179	1.00377
130	180	0.999565
131	2	0.908278
131	10	1.05449
131	21	0.898335
131	30	1.02023
131	33	0.908886
131	38	0.979079
131	39	0.954796
131	47	1.03676
131	50	1.05593
131	58	1.02575
131	61	0.93501
131	66	1.0248
131	71	1.00088
131	78	0.997047
131	82	0.952512
131	85	1.03145
131	87	0.95111
131	89	1.47096
131	95	0.9869
131	101	0.993213
131	110	0.938869
131	119	1.01464
131	123	0.961461
131	136	1.00701
131	143	0.999775
131	148	0.98065
131	158	1.01471
131	167	1.01255
131	171	1.01261
131	176	0.929671
131	177	0.956548
132	19	0.958008
132	38	0.963196
132	43	0.966259
132	48	1.07037
132	63	0.986302
132	68	0.999169
132	77	0.970291
132	80	1.03122
132	81	1.03329
132	90	1.00979
132	91	0.930328
132	94	1.04639
132	100	0.96947
132	111	0.988118
132	112	0.962665
132	126	0.951609
132	139	1.01363
132	142	1.11609
132	143	1.04521
132	144	0.971951
132	148	1.02609
132	150	0.978965
132	154	1.00458
132	156	0.944834
132	158	1.06015
132	161	0.980048
132	163	1.024
132	164	1.03583
132	171	0.996723
132	176	0.977361
132	177	1.00198
133	72	1.05928
133	74	0.984242
133	88	1.01058
133	95	0.993654
133	101	1.12104
133	107	0.959881
133	116	0.963611
133	117	0.96358
133	127	1.16024
133	135	0.975604
133	137	0.985289
133	138	0.979638
133	140	0.984278
133	141	0.982031
133	145	1.01262
133	153	0.971994
133	154	0.973929
133	155	0.975537
133	157	0.983682
133	160	1.02716
133	162	0.984811
133	164	0.989111
133	165	0.990266
133	166	1.00778
133	167	1.00737
133	168	0.991788
133	169	0.987749
133	172	0.987016
133	173	0.983579
133	174	0.984064
133	175	1.02484
134	16	0.732388
134	49	1.08071
134	59	0.901162
134	72	1.02624
134	89	0.926052
134	107	1.06666
134	108	1.0397
134	113	1.01775
134	114	1.01824
134	125	1.03946
134	128	0.930451
134	130	1.03503
134	135	0.970891
134	137	0.959231
134	147	1.04628
134	148	1.04458
134	152	1.0067
134	153	1.03346
134	157	0.961648
134	158	1.03241
134	159	1.03188
134	160	1.02106
134	165	0.958588
134	166	1.03918
134	167	0.904067
134	168	0.960067
134	175	1.04069
134	176	1.03842
134	178	1.03545
134	179	1.04549
134	180	1.04129
135	46	0.968463
135	47	1.11312
135	76	1.0086
135	88	1.01014
135	102	0.970316
135	110	0.99603
135	115	1.01567
135	121	0.998618
135	123	1.18057
135	128	1.00424
135	133	0.975604
135	134	0.970891
135	140	0.983841
135	142	0.957691
135	147	1.00116
135	152	0.974319
135	153	0.965573
135	155	0.975099
135	157	0.983244
135	158	0.981617
135	159	1.0247
135	162	0.984373
135	163	1.05492
135	164	0.988674
135	165	0.989829
135	168	0.991351
135	169	0.987311
135	172	0.986578
135	173	0.983141
135	177	0.993873
135	179	0.991249
136	2	0.928885
136	4	0.924374
136	15	0.940977
136	28	0.997609
136	39	0.975402
136	57	0.949096
136	71	1.02149
136	78	1.01765
136	82	0.973118
136	85	1.05206
136	92	0.983046
136	93	0.990735
136	97	1.01113
136	101	1.01382
136	115	1.04189
136	119	1.03524
136	123	0.982068
136	131	1.00701
136	142	0.983915
136	146	0.997963
136	157	1.00947
136	158	1.00784
136	162	1.0106
136	165	1.01605
136	166	1.0114
136	168	1.01757
136	170	1.04168
136	171	1.03321
136	172	1.0128
136	174	1.00985
136	176	1.01607
136	178	1.00731
136	180	0.987872
137	12	0.885699
137	14	0.929431
137	19	0.977263
137	21	1.38079
137	46	0.978148
137	55	1.04544
137	59	1.01793
137	84	0.950488
137	88	1.01983
137	112	1.04952
137	117	0.972827
137	128	1.01393
137	133	0.985289
137	134	0.959231
137	140	0.993526
137	141	0.991278
137	142	0.967376
137	147	0.989499
137	148	1.00347
137	149	0.979773
137	152	0.984004
137	155	0.984784
137	157	0.992929
137	158	0.991302
137	162	0.994058
137	163	1.04325
137	168	1.00104
137	169	0.996996
137	172	0.996263
137	173	0.992826
137	174	0.993311
137	177	1.00356
137	179	0.979588
137	180	0.966166
138	40	0.970107
138	42	1.05421
138	54	1.04382
138	76	1.00704
138	83	0.96352
138	90	1.02408
138	115	1.0197
138	116	0.967207
138	118	1.01487
138	126	1.11573
138	128	1.00828
138	133	0.979638
138	140	0.987874
138	141	0.985627
138	142	0.961725
138	144	1.05141
138	145	1.01622
138	148	0.997822
138	152	0.978353
138	153	0.964018
138	155	0.979133
138	157	0.987278
138	162	0.988407
138	164	0.992707
138	165	0.993862
138	166	0.9998
138	169	0.991345
138	170	1.03008
138	171	0.977607
138	172	0.990612
138	173	0.987175
138	174	0.98766
138	177	0.997906
138	179	0.989694
139	1	0.964123
139	37	1.00992
139	43	1.02526
139	51	0.975005
139	72	0.938605
139	75	1.1231
139	76	0.894347
139	80	1.09021
139	95	0.949
139	96	1.02401
139	98	1.03462
139	100	1.02847
139	103	1.06835
139	108	0.937173
139	109	1.0456
139	111	1.04712
139	112	1.02166
139	126	1.01061
139	129	1.05102
139	132	1.01363
139	143	0.961875
139	144	1.03095
139	150	1.03796
139	154	1.06357
139	156	1.00383
139	159	0.910445
139	161	1.03904
139	164	0.952495
139	171	1.05572
139	174	0.98824
139	176	1.03636
139	177	0.918648
139	178	0.883016
139	179	0.876997
140	34	1.01086
140	40	0.974748
140	59	1.01692
140	64	0.96424
140	70	1.25208
140	71	1.04236
140	84	0.949478
140	94	0.999857
140	116	0.971848
140	120	0.971624
140	124	1.02947
140	133	0.984278
140	135	0.983841
140	137	0.993526
140	138	0.987874
140	141	0.990268
140	142	0.966366
140	143	1.01066
140	146	0.980413
140	157	0.991918
140	161	0.983361
140	162	0.993047
