1	33	1.07979
1	39	1.02638
1	55	1.0127
1	67	1.038
1	90	0.895437
1	101	1.0489
1	124	1.04402
1	154	0.880978
1	168	0.911909
1	175	1.05364
1	176	0.91715
1	179	1.09657
2	43	0.720924
2	87	1.19345
2	121	1.18337
2	122	1.18706
2	132	1.1859
2	133	1.21137
2	141	1.23089
2	145	0.684584
2	159	0.723256
2	160	0.752629
2	165	1.20797
2	180	0.725475
3	9	1.18786
3	16	0.756415
3	33	1.23388
3	39	1.18047
3	56	1.13641
3	101	1.20299
3	135	0.716023
3	157	0.685839
3	160	0.734567
3	170	0.71406
3	175	1.20773
3	179	1.25066
4	41	1.04914
4	75	1.01405
4	96	1.03631
4	111	0.895146
4	114	1.08616
4	129	0.894298
4	162	0.926148
4	165	1.03706
4	170	1.0308
4	172	1.02727
4	175	0.88984
4	179	1.1192
5	87	0.896195
5	133	0.884766
5	138	0.917394
5	154	1.06594
5	162	1.04636
5	169	1.04264
5	173	1.04985
5	174	1.05275
5	176	1.03829
5	177	0.896349
5	178	1.05227
5	180	1.0519
6	75	1.16631
6	88	1.17265
6	96	1.18857
6	114	1.23841
6	136	0.705759
6	163	0.735926
6	168	0.720919
6	170	1.18305
6	172	1.17953
6	176	0.72616
6	179	1.27146
6	180	0.718017
7	14	0.666951
7	58	0.739017
7	76	0.732333
7	102	0.770048
7	151	0.684368
7	157	1.21087
7	159	1.19714
7	169	1.19405
7	173	1.20125
7	176	1.1897
7	178	1.20368
7	180	1.20331
8	49	0.729994
8	52	0.741311
8	77	0.74507
8	99	0.703849
8	101	0.673216
8	133	1.20444
8	141	1.22397
8	156	1.20527
8	164	1.18315
8	167	1.18967
8	176	1.18995
8	180	1.20356
9	3	1.18786
9	17	1.12975
9	55	1.19035
9	56	1.15997
9	101	1.22655
9	158	0.716572
9	168	0.72543
9	170	0.729174
9	171	0.704978
9	175	1.23129
9	176	0.730671
9	179	1.27422
10	23	0.768831
10	35	0.689206
10	141	0.704173
10	155	1.18563
10	159	1.19967
10	161	0.719845
10	173	1.20378
10	174	1.20668
10	176	1.19222
10	177	0.711266
10	178	1.2062
10	180	1.20583
11	45	1.20754
11	57	1.153
11	58	1.20754
11	73	1.11774
11	74	1.30856
11	77	1.18774
11	135	0.73657
11	158	1.2179
11	169	0.722374
11	171	0.710409
11	173	0.709489
11	174	0.727991
12	23	1.17332
12	65	1.21544
12	91	1.20658
12	116	1.17895
12	132	0.757708
12	160	0.751855
12	165	0.719801
12	168	0.727603
12	171	1.21663
12	172	1.19671
12	177	1.21236
12	179	0.649868
13	60	1.13931
13	93	1.21162
13	104	1.15348
13	118	1.22067
13	120	1.22212
13	125	1.20626
13	159	0.73623
13	162	0.734881
13	167	0.733658
13	174	0.738481
13	175	1.24653
13	179	0.663616
14	7	0.666951
14	49	1.18647
14	50	0.748803
14	65	1.20921
14	90	0.713061
14	116	1.17272
14	143	1.2246
14	160	0.753785
14	162	0.723062
14	171	1.21039
14	172	1.19048
14	177	1.20613
15	16	0.772391
15	90	0.70982
15	137	0.699894
15	138	1.19563
15	149	1.20822
15	152	1.20461
15	156	1.20643
15	161	1.19272
15	163	0.741298
15	164	1.18432
15	175	0.683513
15	177	1.20807
16	3	0.756415
16	15	0.772391
16	103	0.775365
16	151	0.79305
16	159	1.14021
16	161	0.798784
16	163	1.12385
16	166	1.13036
16	167	1.13249
16	174	1.14722
16	176	1.13276
16	178	1.14674
16	180	1.14637
17	9	1.12975
17	19	1.05109
17	33	1.17577
17	39	1.12236
17	67	1.13397
17	101	1.14488
17	111	0.750144
17	115	0.739995
17	117	0.858164
17	170	0.791361
17	171	0.767165
17	175	1.14962
17	179	1.19255
18	30	1.46732
18	34	1.16937
18	35	1.17152
18	47	1.05084
18	61	1.00906
18	110	0.748134
18	132	0.776585
18	134	1.06063
18	143	1.09273
18	160	0.770733
18	161	0.862364
18	168	0.746481
18	171	1.07853
19	17	1.05109
19	33	1.17878
19	39	1.12537
19	55	1.11169
19	67	1.13699
19	101	1.14789
19	127	0.751988
19	160	0.809088
19	170	0.78858
19	175	1.15263
19	178	0.775206
19	179	1.19556
19	180	0.781934
20	47	1.32162
20	61	1.27984
20	69	0.641495
20	76	1.25574
20	92	1.2847
20	132	0.673722
20	134	1.33141
20	146	1.27737
20	160	0.66787
20	162	0.637147
20	170	0.647362
20	171	1.34931
20	174	0.640747
21	43	0.788338
21	110	0.797444
21	138	1.13672
21	144	1.15668
21	148	1.1219
21	150	1.12899
21	151	1.15079
21	152	1.1457
21	157	0.771314
21	161	1.13381
21	164	1.1254
21	171	0.775338
21	173	0.774418
22	140	1.13902
22	145	0.7511
22	148	1.12338
22	151	1.15228
22	152	1.14718
22	153	1.12696
22	154	0.763962
22	155	0.801826
22	156	1.149
22	159	0.789772
22	161	1.13529
22	164	1.12689
22	176	0.800135
23	10	0.768831
23	12	1.17332
23	32	1.06141
23	64	1.09831
23	123	1.1782
23	143	1.16389
23	158	0.792812
23	160	0.825922
23	167	0.793977
23	171	1.14969
23	172	1.12977
23	177	1.14542
23	179	0.723934
24	32	1.06043
24	91	1.13866
24	123	1.17722
24	143	1.16291
24	146	0.809404
24	147	1.13884
24	154	0.754694
24	163	0.800632
24	165	0.777823
24	171	1.14871
24	172	1.12879
24	173	0.764252
24	177	1.14444
25	37	1.0692
25	64	1.10942
25	91	1.15075
25	116	1.12312
25	123	1.18931
25	128	0.761382
25	163	0.80903
25	168	0.794023
25	171	1.1608
25	172	1.14088
25	175	0.751244
25	177	1.15653
25	180	0.791121
26	54	0.781718
26	66	0.771991
26	106	1.13664
26	109	1.12748
26	119	1.23013
26	149	1.13786
26	150	1.11755
26	153	1.11403
26	157	0.778011
26	161	1.12236
26	164	1.11395
26	169	0.794
26	173	0.781115
27	62	1.09255
27	79	1.10883
27	85	0.725387
27	93	1.14996
27	99	1.16692
27	104	1.09182
27	120	1.16046
27	125	1.1446
27	128	0.767209
27	170	0.803594
27	172	0.805654
27	175	1.18486
27	176	0.805091
28	34	1.25489
28	61	1.09459
28	76	1.07049
28	92	1.09944
28	134	1.14616
28	135	0.764176
28	143	1.17826
28	146	1.09212
28	150	0.882189
28	155	0.7654
28	157	0.733991
28	168	0.758468
28	171	1.16405
29	79	1.10203
29	99	1.16013
29	104	1.08502
29	118	1.1522
29	120	1.15366
29	125	1.1378
29	134	1.13109
29	136	0.779799
29	145	0.751165
29	166	0.801187
29	171	0.774507
29	175	1.17807
29	176	0.8002
30	18	1.46732
30	40	1.53563
30	76	1.48823
30	80	0.536369
30	92	1.51718
30	129	0.532712
30	136	0.555872
30	146	1.50986
30	168	0.571032
30	169	0.562545
30	170	0.574776
30	171	1.58179
30	176	0.576273
31	81	1.04214
31	113	1.14707
31	144	1.10633
31	148	1.07155
31	150	1.07864
31	151	1.10044
31	152	1.09534
31	161	1.08346
31	162	0.851239
31	164	1.07505
31	169	0.849223
31	172	0.863513
31	176	0.862951
31	179	0.779974
32	23	1.06141
32	24	1.06043
32	52	1.09886
32	91	1.09467
32	116	1.06704
32	123	1.13323
32	146	0.861397
32	147	1.09485
32	158	0.82876
32	159	0.832496
32	170	0.841362
32	171	1.10472
32	172	1.0848
32	176	0.842859
33	1	1.07979
33	3	1.23388
33	17	1.17577
33	19	1.17878
33	67	1.26166
33	84	0.655951
33	101	1.27257
33	110	0.699961
33	117	0.768855
33	170	0.702052
33	171	0.677855
33	175	1.2773
33	176	0.703548
33	179	1.32024
34	18	1.16937
34	28	1.25489
34	47	1.25615
34	61	1.21437
34	76	1.19027
34	92	1.21922
34	144	0.782934
34	146	1.2119
34	160	0.706693
34	165	0.67464
34	168	0.682441
34	170	0.686186
34	171	1.28383
34	178	0.672811
35	10	0.689206
35	18	1.17152
35	40	1.23982
35	47	1.2583
35	61	1.21652
35	76	1.19242
35	92	1.22137
35	135	0.727753
35	146	1.21405
35	170	0.72579
35	171	1.28599
35	173	0.700673
35	179	0.64431
35	180	0.719144
36	69	0.706505
36	82	0.669635
36	109	1.23613
36	131	1.20388
36	134	0.727715
36	139	1.22328
36	150	1.22619
36	153	1.22268
36	158	0.69977
36	161	1.23101
36	164	1.2226
36	170	1.23423
36	178	0.698998
36	180	0.705726
37	25	1.0692
37	64	1.05002
37	116	1.06372
37	123	1.12991
37	130	0.832127
37	142	0.855922
37	143	1.1156
37	147	1.09153
37	167	0.835417
37	168	0.843111
37	171	1.1014
37	172	1.08148
37	177	1.09713
37	180	0.840209
38	78	1.1819
38	88	1.20401
38	95	1.205
38	114	1.26977
38	134	0.695124
38	140	0.798011
38	146	0.699816
38	160	1.21122
38	170	1.21441
38	172	1.21088
38	174	0.673166
38	178	0.666407
38	179	1.30281
38	180	0.673135
39	1	1.02638
39	3	1.18047
39	17	1.12236
39	19	1.12537
39	55	1.18296
39	56	1.15258
39	101	1.21916
39	155	0.759539
39	158	0.743749
39	160	0.776859
39	162	0.746136
39	171	0.732154
39	174	0.749736
39	175	1.22389
39	179	1.26683
40	30	1.53563
40	35	1.23982
40	42	0.748026
40	61	1.07737
40	76	1.05327
40	92	1.08222
40	134	1.12893
40	143	1.16104
40	146	1.0749
40	159	0.756324
40	168	0.761446
40	170	0.76519
40	171	1.14683
40	175	0.718667
40	180	0.758544
41	4	1.04914
41	75	1.16181
41	78	1.14605
41	88	1.16815
41	95	1.16914
41	129	0.715111
41	132	0.783536
41	134	0.772518
41	160	1.17537
41	165	1.18482
41	168	0.753431
41	170	1.17855
41	171	0.732979
41	174	0.75056
41	179	1.26696
42	40	0.748026
42	59	0.676414
42	73	0.860349
42	124	0.723457
42	154	1.18248
42	157	1.176
42	164	0.754265
42	167	1.15456
42	169	1.15919
42	173	1.16639
42	174	1.16929
42	176	1.15483
42	177	0.730685
42	178	1.16881
42	180	1.16844
43	2	0.720924
43	21	0.788338
43	51	0.756354
43	156	0.732189
43	157	1.17941
43	162	1.16631
43	163	1.14932
43	164	0.760231
43	166	1.15583
43	169	1.16259
43	173	1.16979
43	174	1.17269
43	177	0.736652
43	178	1.17222
43	180	1.17184
44	45	1.30754
44	53	0.666597
44	57	1.253
44	58	1.30754
44	73	1.21774
44	74	1.40856
44	77	1.28774
44	158	1.3179
44	160	0.674531
44	166	0.656508
44	174	0.647409
44	175	0.607501
44	176	0.65552
45	11	1.20754
45	44	1.30754
45	57	1.09521
45	58	1.14975
45	73	1.05995
45	74	1.25077
45	77	1.12995
45	132	1.13917
45	145	0.721975
45	157	0.741292
45	158	1.16011
45	162	0.759298
45	165	0.757966
45	172	0.771572
45	178	0.756138
46	89	1.16057
46	107	0.751143
46	121	1.14725
46	122	1.15093
46	126	1.16216
46	129	0.708956
46	133	1.17524
46	141	1.19477
46	146	0.771055
46	158	1.17071
46	160	0.771528
46	168	1.16066
46	172	0.75308
46	176	0.752517
46	177	1.17771
47	18	1.05084
47	20	1.32162
47	34	1.25615
47	35	1.2583
47	61	1.09584
47	76	1.07174
47	92	1.10069
47	117	0.805585
47	143	1.17951
47	160	0.75929
47	163	0.750045
47	170	0.738782
47	171	1.16531
47	172	0.740841
47	173	0.713665
48	59	1.25282
48	60	1.10527
48	62	1.12017
48	79	1.13644
48	99	1.19454
48	104	1.11944
48	118	1.18662
48	125	1.17221
48	128	0.739758
48	159	0.767278
48	162	0.765929
48	165	0.764597
48	170	0.776143
48	175	1.21248
48	179	0.694663
49	8	0.729994
49	14	1.18647
49	85	0.692974
49	91	1.15903
49	116	1.13139
49	123	1.19759
49	130	0.756453
49	143	1.18328
49	147	1.15921
49	160	0.79169
49	170	0.771182
49	171	1.16907
49	172	1.14915
49	174	0.764567
49	177	1.16481
50	14	0.748803
50	113	0.741806
50	119	0.702107
50	125	0.771279
50	133	1.15957
50	141	1.1791
50	152	0.770039
50	156	0.758912
50	159	1.15253
50	160	1.14673
50	172	1.14639
50	173	1.15664
50	177	1.16204
50	179	1.23832
50	180	1.15869
51	43	0.756354
51	79	1.12994
51	82	0.724814
51	103	1.20079
51	116	1.13922
51	118	1.18012
51	123	1.20542
51	125	1.16571
51	135	0.769515
51	157	0.73933
51	161	1.15729
51	164	1.14888
51	165	0.756005
51	174	0.760936
51	177	1.17264
52	8	0.741311
52	32	1.09886
52	64	1.13576
52	65	1.18595
52	69	0.776631
52	85	0.704291
52	91	1.17709
52	116	1.14946
52	123	1.21565
52	158	0.769896
52	168	0.778754
52	171	1.18714
52	172	1.16722
52	175	0.735976
52	177	1.18287
53	44	0.666597
53	122	0.765806
53	123	0.750681
53	130	1.16514
53	147	0.773701
53	150	0.776841
53	159	1.16506
53	162	1.16569
53	170	1.16244
53	173	1.16917
53	174	1.17207
53	176	1.15761
53	177	0.760422
53	178	1.17159
53	180	1.17122
54	26	0.781718
54	104	1.1187
54	112	0.743875
54	120	1.18733
54	121	1.14794
54	125	1.17147
54	126	1.16285
54	141	1.19546
54	143	0.729524
54	148	0.750963
54	153	0.740258
54	164	0.746915
54	169	1.16579
54	178	1.17542
54	180	1.17505
55	1	1.0127
55	9	1.19035
55	19	1.11169
55	39	1.18296
55	56	1.1389
55	67	1.19457
55	101	1.20548
55	110	0.744738
55	132	0.773189
55	135	0.748792
55	155	0.750017
55	168	0.743084
55	175	1.21021
55	176	0.748325
55	179	1.25315
56	3	1.13641
56	9	1.15997
56	39	1.15258
56	55	1.1389
56	67	1.1642
56	101	1.1751
56	124	1.17022
56	137	0.729427
56	155	0.762757
56	159	0.750703
56	166	0.762053
56	168	0.755824
56	169	0.747337
56	175	1.17984
56	179	1.22277
57	11	1.153
57	44	1.253
57	45	1.09521
57	58	1.09521
57	73	1.00541
57	74	1.19623
57	77	1.07541
57	80	0.800382
57	124	1.1363
57	129	0.796725
57	132	1.08464
57	142	0.847856
57	158	1.10558
57	173	0.813673
57	175	0.792267
57	179	0.757309
58	7	0.739017
58	11	1.20754
58	44	1.30754
58	45	1.14975
58	57	1.09521
58	73	1.05995
58	74	1.25077
58	77	1.12995
58	84	0.759243
58	85	0.727136
58	132	1.13917
58	158	1.16011
58	175	0.758821
58	179	0.723863
58	180	0.798697
59	42	0.676414
59	48	1.25282
59	60	1.18428
59	79	1.21546
59	99	1.27355
59	104	1.19845
59	118	1.26563
59	120	1.26709
59	125	1.25123
59	157	0.665357
59	163	0.70484
59	165	0.682031
59	166	0.696062
59	168	0.689833
59	170	0.693578
59	175	1.29149
60	13	1.13931
60	48	1.10527
60	59	1.18428
60	85	0.747936
60	93	1.10903
60	99	1.126
60	104	1.05089
60	118	1.11807
60	120	1.11953
60	125	1.10367
60	127	0.789551
60	162	0.815929
60	167	0.814705
60	169	0.813912
60	170	0.826143
60	175	1.14394
61	18	1.00906
61	20	1.27984
61	28	1.09459
61	34	1.21437
61	35	1.21652
61	40	1.07737
61	47	1.09584
61	76	1.02996
61	92	1.05892
61	137	0.785215
61	165	0.80381
61	168	0.811612
61	170	0.815356
61	171	1.12353
61	173	0.790239
61	178	0.801982
62	27	1.09255
62	48	1.12017
62	93	1.12393
62	99	1.1409
62	104	1.06579
62	117	0.860317
62	118	1.13297
62	120	1.13443
62	125	1.11857
62	134	1.11186
62	137	0.763372
62	146	0.813548
62	165	0.781967
62	170	0.793513
62	172	0.795573
62	175	1.15883
63	73	1.01737
63	77	1.08737
63	101	1.15313
63	133	0.784127
63	143	0.801897
63	144	0.788898
63	152	0.802372
63	158	1.11753
63	162	1.11564
63	164	0.819288
63	175	1.15787
63	176	1.10756
63	177	0.795709
63	178	1.12155
63	179	1.2008
63	180	1.12117
64	23	1.09831
64	25	1.10942
64	37	1.05002
64	52	1.13576
64	116	1.10394
64	123	1.17013
64	128	0.786593
64	147	1.13175
64	160	0.843487
64	169	0.810747
64	171	1.14162
64	172	1.1217
64	174	0.816364
64	177	1.13735
64	178	0.809605
64	179	0.741499
65	12	1.21544
65	14	1.20921
65	52	1.18595
65	70	0.689012
65	91	1.18176
65	116	1.15413
65	123	1.22032
65	147	1.18194
65	150	0.848194
65	157	0.699995
65	160	0.748724
65	168	0.724472
65	171	1.19181
65	172	1.17189
65	175	0.681694
65	177	1.18754
65	178	0.714842
66	26	0.771991
66	68	0.708819
66	86	0.707277
66	122	0.718992
66	148	0.741235
66	153	0.73053
66	157	1.20442
66	163	1.17433
66	166	1.18084
66	167	1.18297
66	169	1.1876
66	173	1.1948
66	174	1.19771
66	176	1.18324
66	177	0.713608
66	178	1.19723
66	180	1.19686
67	1	1.038
67	17	1.13397
67	19	1.13699
67	33	1.26166
67	55	1.19457
67	56	1.1642
67	101	1.23077
67	124	1.22589
67	132	0.762836
67	154	0.7018
67	155	0.739664
67	157	0.708255
67	163	0.747738
67	165	0.72493
67	169	0.724244
67	175	1.23551
67	179	1.27844
68	66	0.708819
68	136	0.724156
68	139	1.18028
68	148	1.1761
68	151	1.205
68	152	1.1999
68	153	1.17968
68	156	1.20173
68	159	0.734194
68	161	1.18802
68	164	1.17961
68	165	0.731514
68	166	0.745544
68	168	1.18632
68	171	0.718863
68	172	0.745119
68	177	1.20337
69	20	0.641495
69	36	0.706505
69	52	0.776631
69	83	0.703782
69	126	0.762571
69	143	0.74817
69	147	0.75526
69	154	1.20855
69	162	1.18897
69	166	1.1785
69	167	1.18063
69	169	1.18525
69	173	1.19246
69	174	1.19536
69	176	1.1809
69	178	1.19488
69	180	1.19451
70	65	0.689012
70	73	0.838309
70	77	0.747054
70	118	0.682947
70	124	0.701417
70	133	0.697063
70	136	1.2037
70	148	0.736272
70	157	1.20077
70	159	1.18705
70	162	1.18767
70	167	1.17932
70	169	1.18395
70	173	1.19116
70	176	1.1796
70	178	1.19358
70	180	1.19321
71	110	0.747829
71	128	0.713535
71	136	0.731016
71	138	1.19212
71	139	1.18148
71	148	1.1773
71	149	1.20471
71	150	1.18439
71	151	1.20619
71	153	1.18088
71	155	0.753108
71	156	1.20292
71	161	1.18921
71	164	1.1808
71	166	0.752404
71	179	0.66844
71	180	0.743274
72	140	1.19015
72	144	1.2093
72	148	1.17452
72	150	1.18161
72	151	1.20341
72	152	1.19832
72	153	1.1781
72	155	0.743708
72	156	1.20014
72	158	0.727918
72	161	1.18643
72	162	0.730305
72	164	1.17802
72	167	0.729082
72	169	0.728288
72	171	0.716323
72	180	0.733874
73	11	1.11774
73	42	0.860349
73	44	1.21774
73	45	1.05995
73	57	1.00541
73	58	1.05995
73	63	1.01737
73	70	0.838309
73	74	1.16097
73	77	1.04015
73	111	0.836296
73	124	1.10103
73	129	0.835448
73	132	1.04937
73	158	1.07031
73	178	0.864138
73	180	0.870866
74	11	1.30856
74	44	1.40856
74	45	1.25077
74	57	1.19623
74	58	1.25077
74	73	1.16097
74	77	1.23097
74	107	0.672873
74	117	0.739554
74	124	1.29185
74	132	1.24019
74	158	1.26113
74	159	0.663885
74	160	0.693258
74	172	0.67481
74	175	0.626228
74	176	0.674247
74	180	0.666104
75	4	1.01405
75	6	1.16631
75	41	1.16181
75	78	1.11096
75	84	0.740885
75	95	1.13406
75	96	1.14898
75	114	1.19882
75	146	0.807021
75	165	1.14973
75	166	0.78947
75	168	0.783242
75	169	0.774754
75	170	1.14346
75	172	1.13994
75	175	0.740463
75	178	0.773612
75	179	1.23187
76	7	0.732333
76	20	1.25574
76	28	1.07049
76	30	1.48823
76	34	1.19027
76	35	1.19242
76	40	1.05327
76	47	1.07174
76	61	1.02996
76	92	1.03482
76	130	0.78393
76	143	1.11364
76	165	0.787113
76	168	0.794914
76	171	1.09943
76	172	0.800718
76	174	0.792044
76	179	0.717179
77	8	0.74507
77	11	1.18774
77	44	1.28774
77	45	1.12995
77	57	1.07541
77	58	1.12995
77	63	1.08737
77	70	0.747054
77	73	1.04015
77	74	1.23097
77	110	0.784167
77	124	1.17103
77	132	1.11937
77	146	0.806293
77	158	1.14031
77	168	0.782514
77	171	0.762062
77	180	0.779612
78	38	1.1819
78	41	1.14605
78	75	1.11096
78	88	1.1173
78	97	0.778282
78	114	1.18306
78	117	0.807639
78	142	0.749903
78	147	1.13423
78	155	0.744024
78	160	1.12452
78	162	0.730621
78	163	0.752099
78	165	1.13397
78	170	1.1277
78	172	1.12418
78	177	0.844395
78	179	1.21611
79	27	1.10883
79	29	1.10203
79	48	1.13644
79	51	1.12994
79	59	1.21546
79	93	1.14021
79	99	1.15717
79	117	0.849895
79	118	1.14925
79	120	1.15071
79	125	1.13485
79	137	0.75295
79	158	0.77049
79	166	0.785576
79	168	0.779348
79	175	1.17511
79	178	0.769717
79	179	0.701612
80	30	0.536369
80	57	0.800382
80	116	0.740887
80	137	1.22497
80	138	0.730486
80	147	0.72272
80	150	0.72586
80	153	0.726364
80	159	1.20822
80	163	1.19186
80	165	1.21187
80	167	1.2005
80	169	1.20512
80	173	1.21233
80	174	1.21523
80	176	1.20077
80	177	0.709442
80	178	1.21475
80	180	1.21438
81	31	1.04214
81	131	1.08532
81	135	0.835925
81	138	1.11535
81	144	1.13532
81	145	0.786423
81	148	1.10054
81	149	1.12795
81	152	1.12433
81	154	0.799285
81	156	1.12616
81	158	0.821359
81	161	1.11245
81	164	1.10404
81	168	1.11075
81	169	0.821729
81	170	1.11567
81	172	0.83602
81	173	0.808844
82	36	0.669635
82	51	0.724814
82	94	0.721035
82	96	0.725438
82	98	0.712147
82	138	0.726157
82	141	0.698019
82	149	0.714296
82	157	1.21565
82	163	1.18556
82	166	1.19207
82	167	1.1942
82	169	1.19883
82	173	1.20603
82	174	1.20893
82	176	1.19447
82	178	1.20846
82	179	1.28771
82	180	1.20808
83	69	0.703782
83	86	1.22819
83	94	1.18776
83	97	0.747095
83	105	1.22115
83	108	1.28333
83	122	1.18069
83	126	1.19192
83	132	1.17953
83	133	1.205
83	136	0.690745
83	141	1.22453
83	142	0.718716
83	160	0.730157
83	168	1.19042
83	172	0.711708
83	176	0.711146
83	177	1.20747
83	178	0.696275
84	33	0.655951
84	58	0.759243
84	75	0.740885
84	115	1.2516
84	121	0.730476
84	133	0.690166
84	150	0.718166
84	155	1.19312
84	156	0.697285
84	159	1.20717
84	162	1.20779
84	163	1.19081
84	166	1.19732
84	173	1.21128
84	174	1.21418
84	176	1.19972
84	177	0.701748
84	178	1.2137
84	180	1.21333
85	27	0.725387
85	49	0.692974
85	52	0.704291
85	58	0.727136
85	60	0.747936
85	99	0.666829
85	104	0.733649
85	121	0.69837
85	149	1.21251
85	151	1.21399
85	155	1.1888
85	161	1.19701
85	164	1.1886
85	167	1.19512
85	170	1.20023
85	172	1.19671
85	178	1.20938
85	179	1.28864
85	180	1.20901
86	66	0.707277
86	83	1.22819
86	105	1.21888
86	108	1.28106
86	121	1.17473
86	122	1.17842
86	126	1.18964
86	133	1.20273
86	137	0.711376
86	141	1.22225
86	142	0.750584
86	147	1.19959
86	154	0.706842
86	165	1.19933
86	172	0.743577
86	174	0.734903
86	175	0.694995
86	177	1.20519
86	179	0.660038
87	2	1.19345
87	5	0.896195
87	89	1.14695
87	105	1.17777
87	108	1.23995
87	121	1.13363
87	122	1.13731
87	126	1.14853
87	133	1.16162
87	141	1.18114
87	147	1.15848
87	158	1.15709
87	159	0.738829
87	160	0.768203
87	166	0.750179
87	170	0.747695
87	175	0.701172
87	177	1.16408
87	179	0.666215
87	180	0.741049
88	6	1.17265
88	38	1.20401
88	41	1.16815
88	78	1.1173
88	95	1.1404
88	96	1.15532
88	111	0.712915
88	114	1.20517
88	144	0.85088
88	159	0.745266
88	160	1.14662
88	165	1.15607
88	166	0.756616
88	167	0.742694
88	168	0.750388
88	169	0.7419
88	170	1.14981
88	172	1.14628
88	175	0.707609
88	179	1.23821
89	46	1.16057
89	87	1.14695
89	94	1.14762
89	105	1.18101
89	107	0.772583
89	108	1.24319
89	122	1.14055
89	126	1.15178
89	128	0.736074
89	133	1.16486
89	141	1.18439
89	159	0.763594
89	162	0.762245
89	165	1.16146
89	168	1.15028
89	170	0.772459
89	173	0.747343
89	174	0.765845
89	177	1.16733
89	179	0.690979
90	1	0.895437
90	14	0.713061
90	15	0.70982
90	95	1.14596
90	96	1.16089
90	105	0.712854
90	109	0.744668
90	114	1.21073
90	118	1.17498
90	120	1.17644
90	125	1.16057
90	149	0.736818
90	153	0.744555
90	155	1.14394
90	161	0.736213
90	163	1.14162
90	170	1.15537
90	175	1.20084
90	178	1.16452
90	180	1.16415
91	12	1.20658
91	24	1.13866
91	25	1.15075
91	32	1.09467
91	49	1.15903
91	52	1.17709
91	65	1.18176
91	116	1.14527
91	117	0.813527
91	123	1.21146
91	132	0.773085
91	142	0.755791
91	147	1.17308
91	157	0.718503
91	162	0.736509
91	171	1.18295
91	174	0.740109
91	177	1.17868
91	178	0.73335
91	180	0.740078
92	20	1.2847
92	28	1.09944
92	30	1.51718
92	34	1.21922
92	35	1.22137
92	40	1.08222
92	47	1.10069
92	61	1.05892
92	76	1.03482
92	134	1.11048
92	143	1.14259
92	145	0.715784
92	157	0.735101
92	159	0.754456
92	163	0.774585
92	165	0.751776
92	169	0.751091
92	170	0.763322
92	171	1.12838
92	176	0.764819
93	13	1.21162
93	27	1.14996
93	60	1.10903
93	62	1.12393
93	79	1.14021
93	99	1.19831
93	104	1.1232
93	107	0.761796
93	118	1.19039
93	120	1.19184
93	125	1.17598
93	134	1.16927
93	146	0.781708
93	166	0.764157
93	169	0.749441
93	170	0.761673
93	172	0.763732
93	175	1.21625
93	178	0.748298
93	179	0.680193
94	82	0.721035
94	83	1.18776
94	89	1.14762
94	105	1.17845
94	108	1.24063
94	121	1.1343
94	122	1.13799
94	133	1.1623
94	134	0.779115
94	141	1.18182
94	158	1.15777
94	160	0.78428
94	165	1.1589
94	166	0.766257
94	168	1.14771
94	169	0.751541
94	171	0.739576
94	175	0.71725
94	177	1.16476
94	178	0.750398
95	38	1.205
95	41	1.16914
95	75	1.13406
95	88	1.1404
95	90	1.14596
95	97	0.800123
95	114	1.20616
95	129	0.720612
95	147	1.15733
95	157	0.734456
95	160	1.14762
95	165	1.15706
95	166	0.765161
95	167	0.751239
95	168	0.758932
95	170	1.1508
95	172	1.14728
95	175	0.716154
95	176	0.764173
95	179	1.2392
96	4	1.03631
96	6	1.18857
96	75	1.14898
96	82	0.725438
96	88	1.15532
96	90	1.16089
96	114	1.22108
96	127	0.731583
96	135	0.770139
96	136	0.749271
96	147	1.17225
96	160	1.16254
96	162	0.75796
96	165	1.17199
96	168	0.764431
96	169	0.755944
96	170	1.16572
96	172	1.1622
96	178	0.754801
96	179	1.25413
97	78	0.778282
97	83	0.747095
97	95	0.800123
97	114	0.754152
97	131	0.821665
97	135	1.1164
97	153	0.802217
97	154	1.15106
97	156	0.780832
97	157	1.14458
97	159	1.13086
97	163	1.1145
97	164	0.808875
97	166	1.12101
97	167	1.12314
97	169	1.12777
97	173	1.13497
97	174	1.13787
97	176	1.12341
97	178	1.13739
97	180	1.13702
98	82	0.712147
98	112	1.18575
98	139	1.17472
98	140	1.18618
98	144	1.20532
98	148	1.17054
98	149	1.19796
98	150	1.17764
98	152	1.19434
98	153	1.17412
98	154	0.720208
98	156	1.19616
98	158	0.742282
98	161	1.18246
98	164	1.17405
98	165	0.743338
98	167	0.743446
98	168	1.18076
98	169	0.742652
98	172	0.756943
98	175	0.708361
98	178	0.74151
99	8	0.703849
99	27	1.16692
99	29	1.16013
99	48	1.19454
99	59	1.27355
99	60	1.126
99	62	1.1409
99	79	1.15717
99	85	0.666829
99	93	1.19831
99	104	1.14017
99	110	0.742946
99	118	1.20735
99	120	1.20881
99	125	1.19294
99	160	0.765544
99	161	0.857175
99	168	0.741292
99	170	0.745037
99	171	0.72084
99	175	1.23321
99	179	0.663557
100	104	0.865627
100	131	1.21464
100	139	1.23404
100	140	1.24549
100	144	1.26464
100	145	0.650523
100	146	1.18945
100	148	1.22986
100	149	1.25727
100	151	1.25875
100	153	1.23344
100	154	0.663385
100	156	1.25548
100	158	0.685458
100	160	1.24181
100	161	1.24177
100	163	0.709323
100	164	1.23336
100	169	0.685829
100	174	0.691445
100	175	0.651538
100	179	0.61658
100	180	0.691414
101	1	1.0489
101	3	1.20299
101	8	0.673216
101	9	1.22655
101	17	1.14488
101	19	1.14789
101	33	1.27257
101	39	1.21916
101	55	1.20548
101	56	1.1751
101	63	1.15313
101	67	1.23077
101	124	1.2368
101	129	0.672339
101	134	0.729746
101	146	0.734439
101	160	0.734912
101	166	0.716888
101	167	0.702966
101	168	0.71066
101	172	0.716463
101	175	1.24642
101	177	0.817963
101	179	1.28935
102	7	0.770048
102	106	1.1288
102	107	0.836497
102	112	1.11781
102	127	0.799782
102	136	0.81747
102	138	1.11743
102	139	1.10679
102	143	1.14834
102	144	1.13739
102	148	1.10261
102	149	1.13002
102	150	1.1097
102	151	1.1315
102	153	1.10619
102	156	1.12823
102	157	0.808153
102	160	1.11456
102	161	1.11452
102	164	1.10611
102	173	0.811258
102	175	0.789851
102	178	0.823
102	179	0.754894
103	16	0.775365
103	51	1.20079
103	109	1.20239
103	110	0.730918
103	131	1.17014
103	137	0.702868
103	138	1.20018
103	139	1.18954
103	140	1.20099
103	143	1.23109
103	148	1.18536
103	149	1.21277
103	152	1.20915
103	156	1.21098
103	161	1.19727
103	164	1.18886
103	165	0.721463
103	167	0.721571
103	169	0.720777
103	170	1.20049
103	172	0.735068
103	174	0.726394
103	179	0.651529
103	180	0.726363
104	13	1.15348
104	27	1.09182
104	29	1.08502
104	48	1.11944
104	54	1.1187
104	59	1.19845
104	60	1.05089
104	62	1.06579
104	85	0.733649
104	93	1.1232
104	99	1.14017
104	100	0.865627
104	118	1.13225
104	120	1.1337
104	125	1.11784
104	127	0.775265
104	134	1.11113
104	166	0.814341
104	168	0.808112
104	169	0.799625
104	170	0.811857
104	171	0.78766
104	175	1.15811
104	176	0.813353
105	83	1.22115
105	86	1.21888
105	87	1.17777
105	89	1.18101
105	90	0.712854
105	94	1.17845
105	107	0.733192
105	108	1.27402
105	126	1.1826
105	130	0.718341
105	133	1.19568
105	141	1.21521
105	146	0.753104
105	147	1.19255
105	155	0.736258
105	158	1.19116
105	163	0.744332
105	165	1.19228
105	167	0.721631
105	168	1.1811
105	170	0.733069
105	173	0.707953
105	177	1.19815
105	179	0.651589
106	26	1.13664
106	102	1.1288
106	115	0.72812
106	117	1.1158
106	119	1.27581
106	129	0.737422
106	131	1.14092
106	138	1.17095
106	140	1.17176
106	144	1.19091
106	148	1.15613
106	150	1.16323
106	152	1.17993
106	153	1.15971
106	155	0.782674
106	156	1.18175
106	161	1.16804
106	163	0.790749
106	164	1.15963
106	165	0.76794
106	171	0.75529
106	173	0.754369
106	175	0.732963
106	178	0.766112
106	179	0.698006
107	46	0.751143
107	74	0.672873
107	89	0.772583
107	93	0.761796
107	102	0.836497
107	105	0.733192
107	119	0.686703
107	128	1.19128
107	142	1.14582
107	148	0.775599
107	154	1.18765
107	155	1.1534
107	159	1.16744
107	161	0.756552
107	162	1.16807
107	163	1.15108
107	166	1.15759
107	167	1.15972
107	169	1.16435
107	173	1.17155
107	174	1.17446
107	176	1.15999
107	177	0.747972
107	178	1.17398
107	180	1.17361
108	83	1.28333
108	86	1.28106
108	87	1.23995
108	89	1.24319
108	94	1.24063
108	105	1.27402
108	110	1.23742
108	117	1.19274
108	121	1.22987
108	126	1.24478
108	133	1.25787
108	141	1.27739
108	146	0.714796
108	159	0.685896
108	160	0.715269
108	162	0.684547
108	165	1.25447
108	168	1.24328
108	170	0.694761
108	171	0.670565
108	172	0.696821
108	173	0.669645
108	178	0.681387
108	179	0.613282
108	180	0.688115
109	26	1.12748
109	36	1.23613
109	90	0.744668
109	103	1.20239
109	131	1.13175
109	138	1.16179
109	139	1.15115
109	144	1.18175
109	149	1.17438
109	150	1.15406
109	151	1.17586
109	152	1.17077
109	153	1.15055
109	156	1.17259
109	157	0.736663
109	161	1.15888
109	162	0.754669
109	164	1.15047
109	166	0.767368
109	171	0.740687
109	172	0.766943
109	174	0.758269
109	175	0.718361
109	176	0.76638
109	180	0.758237
110	18	0.748134
110	21	0.797444
110	33	0.699961
110	55	0.744738
110	71	0.747829
110	77	0.784167
110	99	0.742946
110	103	0.730918
110	108	1.23742
110	114	1.20478
110	122	1.13478
110	126	1.146
110	133	1.15909
110	141	1.17861
110	151	0.748603
110	152	0.752422
110	160	1.14624
110	163	1.13568
110	165	1.15569
110	172	1.1459
110	173	1.15615
110	174	1.15905
110	176	1.14459
110	179	1.23783
110	180	1.1582
111	4	0.895146
111	17	0.750144
111	73	0.836296
111	88	0.712915
111	122	0.712015
111	129	1.18329
111	130	1.16435
111	137	1.18102
111	138	0.727677
111	144	0.699821
111	152	0.713295
111	154	1.18447
111	159	1.16426
111	161	0.715212
111	162	1.16489
111	163	1.1479
111	164	0.730211
111	166	1.15442
111	167	1.15654
111	169	1.16117
111	173	1.16837
111	174	1.17128
111	176	1.15682
111	178	1.1708
111	180	1.17043
112	54	0.743875
112	98	1.18575
112	102	1.11781
112	119	1.26483
112	128	0.732003
112	130	0.75366
112	140	1.16078
112	142	0.777455
112	148	1.14515
112	149	1.17256
112	150	1.15224
112	151	1.17404
112	152	1.16894
112	153	1.14873
112	154	0.733713
112	156	1.17077
112	161	1.15706
112	162	0.758174
112	163	0.779651
112	164	1.14865
112	167	0.75695
112	170	1.16028
112	175	0.721866
112	177	1.17241
112	178	0.755014
113	31	1.14707
113	50	0.741806
113	115	0.674913
113	131	1.19025
113	138	1.22028
113	139	1.20964
113	140	1.2211
113	150	1.21256
113	151	1.23436
113	152	1.22926
113	153	1.20904
113	155	0.729467
113	156	1.23109
113	159	0.717413
113	161	1.21738
113	164	1.20897
113	166	0.728763
113	168	1.21568
113	169	0.714048
113	170	1.2206
113	171	0.702083
113	174	0.719664
113	176	0.727776
113	177	1.23273
113	178	0.712905
113	179	0.644799
114	4	1.08616
114	6	1.23841
114	38	1.26977
114	75	1.19882
114	78	1.18306
114	88	1.20517
114	90	1.21073
114	95	1.20616
114	96	1.22108
114	97	0.754152
114	110	1.20478
114	127	0.680114
114	146	0.736741
114	147	1.2221
114	154	0.68203
114	158	0.704104
114	160	1.21238
114	163	0.727968
114	165	1.22183
114	167	0.705268
114	170	1.21557
114	173	0.691589
114	174	0.710091
114	176	0.718202
114	178	0.703331
114	179	1.30397
115	17	0.739995
115	84	1.2516
115	106	0.72812
115	113	0.674913
115	121	0.725212
115	123	0.686742
115	124	0.689255
115	127	1.22018
115	147	0.709762
115	149	0.705668
115	153	0.713405
115	154	1.23008
115	155	1.19583
115	157	1.2236
115	162	1.2105
115	163	1.19351
115	164	0.720063
115	166	1.20003
115	167	1.20215
115	169	1.20678
115	173	1.21398
115	174	1.21689
115	176	1.20243
115	177	0.696483
115	178	1.21641
115	180	1.21604
116	12	1.17895
116	14	1.17272
116	25	1.12312
116	32	1.06704
116	37	1.06372
116	49	1.13139
116	51	1.13922
116	52	1.14946
116	64	1.10394
116	65	1.15413
116	80	0.740887
116	91	1.14527
116	123	1.18383
116	127	0.742702
116	134	0.794637
116	146	0.799329
116	147	1.14545
116	153	0.899776
116	159	0.770429
116	167	0.767857
116	169	0.767063
116	171	1.15532
116	172	1.1354
116	173	0.754178
116	174	0.772679
116	177	1.15105
117	17	0.858164
117	33	0.768855
117	47	0.805585
117	62	0.860317
117	74	0.739554
117	78	0.807639
117	79	0.849895
117	91	0.813527
117	106	1.1158
117	108	1.19274
117	118	0.788954
117	123	0.804911
117	133	1.11441
117	141	1.13393
117	153	1.09319
117	155	1.09332
117	156	1.11523
117	158	1.10988
117	161	1.10152
117	163	1.091
117	164	1.09311
117	166	1.09751
117	168	1.09982
117	169	1.10426
117	177	1.11687
117	178	1.11389
117	180	1.11352
118	13	1.22067
118	29	1.1522
118	48	1.18662
118	51	1.18012
118	59	1.26563
118	60	1.11807
118	62	1.13297
118	70	0.682947
118	79	1.14925
118	90	1.17498
118	93	1.19039
118	99	1.20735
118	104	1.13225
118	117	0.788954
118	120	1.20088
118	125	1.18502
118	130	0.707422
118	134	1.17831
118	140	0.84038
118	142	0.731217
118	160	0.742658
118	163	0.733413
118	166	0.724635
118	168	0.718406
118	172	0.72421
118	175	1.22529
118	180	0.715504
119	26	1.23013
119	50	0.702107
119	106	1.27581
119	107	0.686703
119	112	1.26483
119	128	0.650195
119	131	1.23441
119	134	0.701923
119	138	1.26444
119	139	1.2538
119	148	1.24962
119	150	1.25672
119	151	1.27852
119	152	1.27342
119	153	1.2532
119	156	1.27524
119	159	0.677715
119	162	0.676365
119	164	1.25313
119	165	0.675034
119	168	1.25984
119	171	0.662384
119	175	0.640058
119	176	0.688077
119	177	1.27688
119	178	0.673206
119	180	0.679934
120	13	1.22212
120	27	1.16046
120	29	1.15366
120	54	1.18733
120	59	1.26709
120	60	1.11953
120	62	1.13443
120	79	1.15071
120	90	1.17644
120	93	1.19184
120	99	1.20881
120	104	1.1337
120	118	1.20088
120	125	1.18648
120	129	0.717561
120	130	0.744897
120	134	1.17977
120	145	0.712088
120	146	0.77966
120	157	0.731405
120	168	0.755881
120	169	0.747394
120	170	0.759625
120	171	0.735429
120	175	1.22675
120	179	0.678146
120	180	0.752979
121	2	1.18337
121	46	1.14725
121	54	1.14794
121	84	0.730476
121	85	0.69837
121	86	1.17473
121	87	1.13363
121	94	1.1343
121	108	1.22987
121	115	0.725212
121	122	1.12723
121	126	1.13846
121	132	1.12607
121	133	1.15154
121	136	0.757673
121	141	1.17107
121	145	0.72904
121	147	1.14841
121	149	0.889321
121	155	0.779766
121	158	1.14701
121	165	1.14814
121	167	0.765139
121	168	1.13696
121	170	0.776577
121	172	0.778637
121	176	0.778074
121	177	1.15401
122	2	1.18706
122	46	1.15093
122	53	0.765806
122	66	0.718992
122	83	1.18069
122	86	1.17842
122	87	1.13731
122	89	1.14055
122	94	1.13799
122	110	1.13478
122	111	0.712015
122	121	1.12723
122	126	1.14214
122	133	1.15522
122	141	1.17475
122	147	1.15209
122	148	0.884419
122	155	0.756421
122	156	0.852328
122	158	1.1507
122	165	1.15182
122	168	1.14064
122	169	0.741001
122	170	0.753232
122	173	0.728116
122	174	0.746617
122	177	1.15769
122	180	0.746586
123	23	1.1782
123	24	1.17722
123	25	1.18931
123	32	1.13323
123	37	1.12991
123	49	1.19759
123	51	1.20542
123	52	1.21565
123	53	0.750681
123	64	1.17013
123	65	1.22032
123	91	1.21146
123	115	0.686742
123	116	1.18383
123	117	0.804911
123	142	0.747174
123	143	1.23572
123	145	0.69057
123	147	1.21165
123	155	0.741296
123	158	0.725505
123	171	1.22151
123	172	1.20159
123	173	0.712991
123	176	0.739604
123	177	1.21725
123	178	0.724733
123	179	0.656627
123	180	0.731461
124	1	1.04402
124	42	0.723457
124	56	1.17022
124	57	1.1363
124	67	1.22589
124	70	0.701417
124	73	1.10103
124	74	1.29185
124	77	1.17103
124	101	1.2368
124	115	0.689255
124	142	0.749687
124	144	1.21571
124	149	1.20834
124	151	1.20982
124	153	1.18451
124	157	0.7124
124	158	1.2012
124	161	1.19284
124	162	0.730406
124	163	0.751883
124	164	1.18443
124	171	0.716424
124	174	0.734006
124	175	1.24153
124	176	0.742117
124	178	0.727246
124	179	1.28447
124	180	0.733974
125	13	1.20626
125	27	1.1446
125	29	1.1378
125	48	1.17221
125	50	0.771279
125	51	1.16571
125	54	1.17147
125	59	1.25123
125	60	1.10367
125	62	1.11857
125	79	1.13485
125	90	1.16057
125	93	1.17598
125	99	1.19294
125	104	1.11784
125	118	1.18502
125	120	1.18648
125	134	1.16391
125	135	0.757716
125	137	0.725611
125	155	0.75894
125	160	0.77626
125	165	0.744206
125	167	0.744314
125	168	0.752008
125	170	0.755752
125	173	0.730635
125	174	0.749137
125	175	1.21088
125	180	0.749106
126	46	1.16216
126	54	1.16285
126	69	0.762571
126	83	1.19192
126	86	1.18964
126	87	1.14853
126	89	1.15178
126	105	1.1826
126	108	1.24478
126	110	1.146
126	121	1.13846
126	122	1.14214
126	129	0.726374
126	132	1.14098
126	133	1.16645
126	141	1.18597
126	146	0.788473
126	154	0.733763
126	158	1.16192
126	160	0.788946
126	162	0.758223
126	165	1.16305
126	166	0.770922
126	168	1.15187
126	169	0.756207
126	171	0.744242
126	173	0.743321
126	177	1.16891
126	178	0.755064
126	179	0.686958
127	19	0.751988
127	60	0.789551
127	96	0.731583
127	102	0.799782
127	104	0.775265
127	114	0.680114
127	115	1.22018
127	116	0.742702
127	131	0.747626
127	133	0.699674
127	135	1.16129
127	137	1.1925
127	139	0.732563
127	140	0.725927
127	142	1.15413
127	144	0.704446
127	145	1.21154
127	154	1.19595
127	155	1.16171
127	157	1.18947
127	159	1.17575
127	162	1.17638
127	163	1.15939
127	166	1.1659
127	167	1.16803
127	169	1.17266
127	173	1.17986
127	174	1.18276
127	176	1.1683
127	177	0.711257
127	178	1.18228
127	180	1.18191
128	25	0.761382
128	27	0.767209
128	48	0.739758
128	64	0.786593
128	71	0.713535
128	89	0.736074
128	107	1.19128
128	112	0.732003
128	119	0.650195
128	129	1.2083
128	135	1.17481
128	138	0.732509
128	141	0.704371
128	142	1.16766
128	143	0.717652
128	145	1.22507
128	147	0.724742
128	151	0.714308
128	154	1.20948
128	155	1.17523
128	159	1.18927
128	162	1.1899
128	163	1.17291
128	166	1.17943
128	167	1.18155
128	169	1.18618
128	171	1.20305
128	172	1.18313
128	173	1.19338
128	174	1.19629
128	176	1.18183
128	177	0.711464
128	178	1.19581
128	180	1.19544
129	4	0.894298
129	30	0.532712
129	41	0.715111
129	46	0.708956
129	57	0.796725
129	73	0.835448
129	95	0.720612
129	101	0.672339
129	106	0.737422
129	111	1.18329
129	120	0.717561
129	126	0.726374
129	128	1.2083
129	130	1.18455
129	135	1.17
129	137	1.20122
129	140	0.720455
129	152	0.712448
129	154	1.20467
129	155	1.17042
129	157	1.19819
129	159	1.18447
129	162	1.18509
129	163	1.16811
129	166	1.17462
129	167	1.17674
129	169	1.18137
129	173	1.18858
129	174	1.19148
129	176	1.17702
129	177	0.705785
129	178	1.191
129	179	1.27026
129	180	1.19063
130	37	0.832127
130	49	0.756453
130	53	1.16514
130	76	0.78393
130	105	0.718341
130	111	1.16435
130	112	0.75366
130	118	0.707422
130	120	0.744897
130	129	1.18455
130	136	1.18217
130	139	0.754427
130	142	1.1439
130	143	0.739309
130	145	1.20132
130	148	0.760748
130	151	0.735965
130	155	1.15148
130	156	0.728657
130	157	1.17924
130	159	1.16552
130	161	0.7417
130	162	1.16615
130	163	1.14916
130	165	1.16917
130	166	1.15567
130	167	1.1578
130	168	1.15799
130	169	1.16243
130	173	1.16963
130	174	1.17253
130	176	1.15807
130	177	0.733121
130	178	1.17205
130	180	1.17168
131	36	1.20388
131	81	1.08532
131	97	0.821665
131	100	1.21464
131	103	1.17014
131	106	1.14092
131	109	1.13175
131	113	1.19025
131	119	1.23441
131	127	0.747626
131	134	0.799561
131	138	1.12955
131	140	1.13036
131	142	0.793285
131	144	1.14951
131	148	1.11473
131	149	1.14214
131	150	1.12182
131	152	1.13852
131	153	1.11831
131	156	1.14035
131	157	0.755998
131	158	0.771616
131	159	0.775353
131	160	1.12668
131	161	1.12664
131	163	0.795481
131	164	1.11823
131	165	0.772672
131	167	0.772781
131	170	1.12986
131	173	0.759102
131	174	0.777604
131	177	1.14199
131	178	0.770844
131	179	0.702738
132	2	1.1859
132	12	0.757708
132	18	0.776585
132	20	0.673722
132	41	0.783536
132	45	1.13917
132	55	0.773189
132	57	1.08464
132	58	1.13917
132	67	0.762836
132	73	1.04937
132	74	1.24019
132	77	1.11937
132	83	1.17953
132	91	0.773085
132	121	1.12607
132	126	1.14098
132	133	1.15407
132	141	1.17359
132	143	0.780398
132	149	0.783394
132	150	0.790628
132	151	0.777054
132	153	0.791131
132	156	0.769746
132	158	1.14954
132	159	1.14702
132	164	0.797789
132	165	1.15067
132	166	1.13717
132	167	1.1393
132	169	1.14392
132	174	1.15403
132	176	1.13957
132	178	1.15355
132	180	1.15318
133	2	1.21137
133	5	0.884766
133	8	1.20444
133	46	1.17524
133	50	1.15957
133	63	0.784127
133	70	0.697063
133	83	1.205
133	84	0.690166
133	86	1.20273
133	87	1.16162
133	89	1.16486
133	94	1.1623
133	105	1.19568
133	108	1.25787
133	110	1.15909
133	117	1.11441
133	121	1.15154
133	122	1.15522
133	126	1.16645
133	127	0.699674
133	132	1.15407
133	141	1.19906
133	147	1.1764
133	154	0.701591
133	163	0.747529
133	164	0.863405
133	165	1.17613
133	166	0.738751
133	168	1.16495
133	171	0.71207
133	172	0.738326
133	173	0.71115
133	175	0.689744
133	177	1.182
133	178	0.722892
133	180	0.72962
134	18	1.06063
134	20	1.33141
134	28	1.14616
134	29	1.13109
134	36	0.727715
134	38	0.695124
134	40	1.12893
134	41	0.772518
134	62	1.11186
134	92	1.11048
134	93	1.16927
134	94	0.779115
134	101	0.729746
134	104	1.11113
134	116	0.794637
134	118	1.17831
134	119	0.701923
134	120	1.17977
134	125	1.16391
134	131	0.799561
134	144	0.75638
134	146	1.10316
134	150	0.77961
134	151	0.766036
134	153	0.780114
134	156	0.758728
134	162	1.16195
134	164	0.786771
134	166	1.15147
134	169	1.15823
134	171	1.1751
134	173	1.16543
134	174	1.16833
134	175	1.20417
134	176	1.15387
134	177	0.763192
134	178	1.16785
134	180	1.16748
135	3	0.716023
135	11	0.73657
135	28	0.764176
135	35	0.727753
135	51	0.769515
135	55	0.748792
135	81	0.835925
135	96	0.770139
135	97	1.1164
135	125	0.757716
135	127	1.16129
135	128	1.17481
135	129	1.17
135	136	1.16763
135	142	1.12936
135	143	0.756001
135	145	1.18677
135	148	0.77744
135	149	0.758997
135	152	0.756476
135	153	0.766735
135	154	1.17118
135	155	1.13694
135	157	1.1647
135	159	1.15098
135	162	1.1516
135	163	1.13462
135	166	1.14113
135	167	1.14326
135	168	1.14344
135	169	1.14788
135	173	1.15509
135	174	1.15799
135	176	1.14353
135	177	0.749813
135	178	1.15751
135	179	1.23677
135	180	1.15714
136	6	0.705759
136	29	0.779799
136	30	0.555872
136	68	0.724156
136	70	1.2037
136	71	0.731016
136	83	0.690745
136	96	0.749271
136	102	0.81747
136	121	0.757673
136	130	1.18217
136	135	1.16763
136	137	1.19885
136	138	0.74999
136	142	1.16047
136	145	1.21789
136	147	0.742223
136	150	0.745363
136	152	0.735608
136	154	1.2023
136	155	1.16805
136	156	0.724482
136	157	1.19582
136	159	1.18209
136	160	1.17629
136	162	1.18272
136	163	1.16573
136	164	0.752524
136	166	1.17224
136	167	1.17437
136	169	1.179
136	172	1.17595
136	173	1.1862
136	174	1.1891
136	176	1.17464
136	177	0.728945
