1	57	1.47354
1	99	1.36573
1	151	0.587214
1	160	0.854737
1	165	0.801266
1	166	0.816513
1	169	0.804403
1	172	0.795369
1	175	0.79835
1	176	0.802809
1	178	0.767286
1	179	0.796333
2	51	4.1917
2	94	0.684091
2	130	0.650695
2	134	0.682272
2	138	0.685146
2	150	0.681396
2	154	0.689018
2	155	0.676696
2	171	0.618209
2	175	0.623809
2	178	0.592746
2	179	0.621793
3	89	0.726518
3	99	0.759912
3	105	2.48736
3	115	0.734993
3	121	0.705645
3	124	0.716849
3	147	3.70699
3	151	0.747151
3	152	0.69047
3	157	0.722951
3	161	0.741264
3	180	0.632233
4	85	0.810966
4	118	0.798388
4	119	0.829238
4	121	1.70819
4	134	0.805842
4	143	0.819447
4	148	0.797967
4	150	0.804966
4	153	0.792714
4	165	2.78341
4	171	0.741779
4	175	2.6101
5	125	3.62334
5	166	0.682978
5	169	0.670868
5	170	0.678856
5	172	0.661834
5	173	0.661483
5	174	0.680157
5	175	0.664814
5	177	0.653882
5	178	0.633751
5	179	0.662798
6	29	1.70389
6	64	1.76399
6	146	0.75214
6	162	0.751256
6	168	0.713853
6	169	0.728413
6	173	0.719029
6	175	0.72236
6	176	0.72682
6	177	0.711427
6	178	0.691297
6	179	0.720344
7	56	0.710234
7	89	0.728738
7	102	0.714117
7	112	3.03883
7	115	0.737212
7	125	0.750153
7	126	0.745951
7	157	0.725171
7	158	0.703741
7	160	3.10831
7	161	0.743484
7	180	0.634452
8	93	2.11398
8	103	0.845319
8	132	0.801396
8	139	0.814159
8	141	0.841063
8	142	0.812476
8	145	0.800447
8	154	0.828936
8	159	0.73686
8	165	2.73436
8	167	2.30937
8	180	0.721918
9	15	4.8
9	23	0.757843
9	32	0.824532
9	66	0.776706
9	107	0.822258
9	132	0.785504
9	138	0.809173
9	141	0.825172
9	145	0.784556
9	152	1.66366
9	154	0.813045
9	164	0.826294
10	35	0.836553
10	112	0.791399
10	113	0.813415
10	123	0.77808
10	134	0.82029
10	148	0.812415
10	150	0.819414
10	153	0.807162
10	159	0.734959
10	167	2.57688
10	171	0.756227
10	177	3.70795
11	21	0.696876
11	35	0.750689
11	88	0.736936
11	113	0.72755
11	121	3.67523
11	134	0.734426
11	136	2.58909
11	148	0.72655
11	150	0.733549
11	153	0.721298
11	158	0.703442
11	171	0.670362
12	113	4.05206
12	123	0.642789
12	145	0.663256
12	151	0.699645
12	154	0.691745
12	157	0.675445
12	158	0.654015
12	161	0.693758
12	170	0.640578
12	171	0.620936
12	177	0.615603
12	178	0.595472
13	19	0.766971
13	21	0.68939
13	73	0.700957
13	86	0.719778
13	88	0.72945
13	93	3.57565
13	134	0.72694
13	143	0.740544
13	146	2.69572
13	148	0.719064
13	150	0.726063
13	153	0.713812
14	49	0.723242
14	60	0.716063
14	98	0.712854
14	113	0.718004
14	118	0.717426
14	134	0.724879
14	143	0.738484
14	148	0.717004
14	150	0.724003
14	153	0.711752
14	168	2.11185
14	180	4.60686
15	9	4.8
15	44	0.684651
15	155	0.699696
15	162	0.675704
15	169	0.652862
15	170	0.660851
15	173	0.643477
15	174	0.662152
15	176	0.651268
15	177	0.635876
15	178	0.615745
15	179	0.644792
16	92	0.728724
16	97	0.778921
16	107	0.739939
16	138	0.726855
16	139	0.71595
16	141	0.742854
16	142	0.714267
16	145	0.702238
16	154	0.730727
16	168	3.73173
16	172	2.84845
16	180	0.623709
17	92	0.741545
17	103	0.759931
17	110	2.31475
17	120	0.765001
17	132	0.716008
17	139	0.728771
17	142	0.727088
17	145	0.71506
17	154	0.743548
17	171	0.672739
17	176	3.97812
17	180	0.636531
18	42	0.805854
18	83	0.754929
18	99	0.835249
18	102	0.787234
18	126	0.819068
18	127	0.777921
18	140	0.835511
18	151	0.822488
18	157	0.798288
18	161	0.816601
18	178	4.11972
18	179	2.36215
19	13	0.766971
19	28	0.828155
19	73	0.775786
19	86	0.794607
19	111	0.723425
19	119	0.825165
19	121	1.93986
19	123	0.759558
19	130	2.72377
19	148	0.793893
19	153	0.788641
19	159	0.716438
19	169	2.94637
20	52	0.800325
20	56	0.7758
20	79	0.764442
20	123	0.758081
20	127	0.77037
20	133	0.805539
20	151	0.814937
20	157	0.790737
20	161	0.809051
20	163	1.22844
20	172	2.33533
20	178	4.21287
20	180	0.700019
21	11	0.696876
21	13	0.68939
21	73	0.698205
21	85	0.729312
21	113	0.717312
21	118	0.716734
21	143	0.737792
21	148	0.716312
21	149	0.677939
21	153	0.71106
21	156	3.55239
21	158	0.693204
21	179	3.38643
22	24	0.747162
22	37	0.800695
22	50	0.792977
22	57	0.772689
22	58	0.772667
22	62	0.823782
22	63	0.758621
22	64	0.825596
22	72	0.808026
22	78	0.750256
22	149	2.7865
22	163	2.14751
22	176	2.71969
23	9	0.757843
23	97	0.768219
23	103	0.736409
23	107	0.729238
23	120	0.741478
23	132	0.692485
23	139	0.705249
23	142	0.703565
23	154	0.720026
23	156	3.23395
23	159	0.627949
23	168	3.8313
23	180	0.613008
24	22	0.747162
24	48	0.718939
24	50	0.717557
24	57	0.697269
24	58	0.697247
24	62	0.748362
24	63	0.683201
24	64	0.750176
24	72	0.732606
24	78	0.674836
24	82	7.6
24	101	1.81762
24	152	0.674704
25	43	0.707994
25	60	0.70851
25	69	2.53049
25	113	0.710451
25	141	0.736199
25	145	0.695584
25	148	0.709451
25	150	0.71645
25	151	0.731973
25	157	0.707773
25	161	0.726086
25	162	4.0645
25	171	0.653264
26	58	0.768656
26	63	0.75461
26	78	0.746245
26	110	0.800789
26	119	0.811545
26	124	0.772492
26	125	0.803577
26	134	0.788148
26	150	0.787272
26	153	0.775021
26	155	1.85257
26	161	0.796908
26	178	4.87642
27	32	0.807906
27	59	0.767199
27	88	0.792183
27	113	0.782798
27	123	0.747463
27	134	0.789673
27	143	0.803278
27	148	0.781798
27	150	0.788797
27	159	0.704343
27	166	2.11851
27	175	2.86077
27	176	2.4956
28	19	0.828155
28	59	0.765649
28	65	1.45962
28	71	1.73274
28	98	0.776097
28	113	0.781248
28	119	0.811519
28	143	0.801728
28	148	0.780248
28	149	0.741875
28	153	0.774995
28	170	3.85588
28	171	0.72406
29	6	1.70389
29	85	0.783503
29	86	0.771217
29	113	0.771503
29	118	0.770925
29	134	0.778379
29	135	1.80312
29	143	0.791984
29	148	0.770504
29	150	0.777502
29	153	0.765251
29	159	0.693048
29	165	3.60344
29	171	0.714316
30	36	0.726821
30	92	0.715167
30	94	0.712244
30	97	0.765364
30	103	0.733553
30	131	2.23691
30	132	0.68963
30	138	0.713298
30	142	0.70071
30	145	0.688682
30	154	0.71717
30	159	0.625094
30	168	5.00114
30	180	0.610153
31	42	0.777109
31	70	0.749813
31	89	0.77311
31	101	0.774812
31	102	0.758489
31	106	4.06887
31	126	0.790323
31	127	0.749175
31	133	0.784344
31	157	0.769542
31	161	0.787856
31	162	1.38047
31	165	2.44186
31	180	0.678824
32	9	0.824532
32	27	0.807906
32	37	0.967258
32	83	1.74984
32	88	0.782479
32	115	1.02492
32	142	0.770254
32	143	0.793574
32	148	0.772094
32	154	0.786715
32	162	0.750401
32	176	0.725965
32	178	0.690442
32	179	0.719489
33	76	0.706972
33	118	2.36197
33	128	0.772585
33	143	1.76164
33	147	0.718553
33	162	0.712929
33	163	0.74165
33	168	0.675526
33	174	0.699376
33	175	0.684034
33	176	0.688493
33	177	0.673101
33	178	0.65297
33	179	0.682017
34	68	1.55433
34	142	2.43971
34	163	0.756641
34	166	0.717188
34	167	0.710369
34	168	0.690517
34	170	0.713066
34	172	0.696043
34	173	0.695693
34	174	0.714367
34	176	0.703484
34	177	0.688091
34	178	0.667961
34	179	0.697008
35	10	0.836553
35	11	0.750689
35	73	0.752017
35	86	0.770838
35	100	0.694281
35	113	0.771124
35	117	2.43802
35	134	0.778
35	143	0.791604
35	150	0.777123
35	153	0.764872
35	159	0.692669
35	172	2.71841
35	179	2.83839
36	30	0.726821
36	66	0.748539
36	84	1.78214
36	103	0.801261
36	120	0.806331
36	138	0.781007
36	139	0.770102
36	141	0.797005
36	142	0.768418
36	145	0.75639
36	152	3.06039
36	154	0.784878
36	174	2.92896
36	180	0.677861
37	22	0.800695
37	32	0.967258
37	48	0.772471
37	50	0.771089
37	57	0.750802
37	58	0.750779
37	62	0.801894
37	63	0.736734
37	64	0.803709
37	72	0.786138
37	78	0.728369
37	122	0.736583
37	166	2.81346
37	167	3.30404
38	66	0.760003
38	75	0.747203
38	77	0.805748
38	132	0.768802
38	135	1.41103
38	138	0.792471
38	139	0.781566
38	142	0.779882
38	145	0.767854
38	154	0.796343
38	165	3.21135
38	171	0.725534
38	179	3.32757
38	180	0.689325
39	61	1.62718
39	85	0.781488
39	86	0.769202
39	111	0.698019
39	119	0.799759
39	122	2.70291
39	134	0.776363
39	143	0.789968
39	148	0.768488
39	150	0.775487
39	153	0.763236
39	158	0.745379
39	171	0.7123
39	174	3.25687
40	52	0.768244
40	53	0.759981
40	83	0.715297
40	108	0.740077
40	110	2.11814
40	115	0.770697
40	124	0.752553
40	127	0.738288
40	133	0.773457
40	137	2.64498
40	151	0.782856
40	157	0.758655
40	161	0.776969
40	166	3.40442
40	180	0.667937
41	43	0.758578
41	79	0.732062
41	80	1.95427
41	91	0.764541
41	108	0.739778
41	121	0.741051
41	126	0.779137
41	127	0.73799
41	151	0.782557
41	155	3.26306
41	157	0.758357
41	158	0.736927
41	161	0.77667
41	164	3.00377
41	180	0.667639
42	18	0.805854
42	31	0.777109
42	55	0.810041
42	79	0.7239
42	80	2.0102
42	89	0.753762
42	108	0.731616
42	110	2.26722
42	123	0.717539
42	124	0.744093
42	133	0.764996
42	158	0.728765
42	161	0.768508
42	170	3.89603
42	180	0.659477
43	25	0.707994
43	41	0.758578
43	53	0.744176
43	102	0.731797
43	115	0.754892
43	116	0.768031
43	125	0.767833
43	127	0.722483
43	133	0.757651
43	151	0.76705
43	157	0.74285
43	160	1.94004
43	161	0.761163
43	162	3.01963
43	166	3.16546
44	15	0.684651
44	91	1.93506
44	132	2.55847
44	155	0.73554
44	156	0.68211
44	163	0.740269
44	165	0.685568
44	166	0.700816
44	167	0.693996
44	169	0.688706
44	172	0.679671
44	174	0.697995
44	176	0.687112
44	177	0.671719
44	179	0.680636
45	55	2.25785
45	115	2.21985
45	137	0.756398
45	160	0.751676
45	167	0.706633
45	168	0.686781
45	169	0.701342
45	173	0.691957
45	174	0.710631
45	175	0.695288
45	176	0.699748
45	177	0.684355
45	178	0.664225
45	179	0.693272
46	67	2.56151
46	77	0.250321
46	141	1.01282
46	162	0.776867
46	164	0.792419
46	165	0.750888
46	167	0.759316
46	170	0.762014
46	172	0.744991
46	173	0.74464
46	174	0.763315
46	176	0.752431
46	177	0.737039
46	178	0.716908
46	179	0.745955
47	87	0.720126
47	88	0.723312
47	92	0.725544
47	99	3.0248
47	141	0.739674
47	143	0.734406
47	145	0.699058
47	150	0.719925
47	151	1.65629
47	153	0.707674
47	171	0.656738
47	176	0.666798
47	177	0.651405
47	178	0.631275
47	179	0.660322
48	24	0.718939
48	37	0.772471
48	50	0.764753
48	57	0.744466
48	58	0.744443
48	62	0.795558
48	63	0.730398
48	64	0.797373
48	72	0.779802
48	74	2.24555
48	78	0.722033
48	122	0.730247
48	144	2.53729
48	152	0.721901
48	174	3.39181
49	14	0.723242
49	59	0.737626
49	65	1.74158
49	74	2.86118
49	98	0.748074
49	118	0.752646
49	119	0.783496
49	134	0.7601
49	143	0.773704
49	146	3.21055
49	148	0.752224
49	149	0.713851
49	150	0.759223
49	153	0.746972
49	158	0.729116
50	22	0.792977
50	24	0.717557
50	37	0.771089
50	48	0.764753
50	57	0.743084
50	58	0.743061
50	63	0.729016
50	64	0.795991
50	72	0.77842
50	78	0.720651
50	122	0.728865
50	123	2.83066
50	129	1.69334
50	152	0.720519
50	175	3.71133
51	2	4.1917
51	53	0.752531
51	70	0.731476
51	79	0.724909
51	89	0.754772
51	99	0.788166
51	124	0.745102
51	125	0.776187
51	126	0.771985
51	137	1.35741
51	151	0.775405
51	155	1.88234
51	157	0.751205
51	161	0.769518
51	180	0.660486
52	20	0.800325
52	40	0.768244
52	53	0.753543
52	56	0.73728
52	79	0.725922
52	96	1.84565
52	124	0.746115
52	125	0.7772
52	127	0.73185
52	151	0.776417
52	157	0.752217
52	161	0.77053
52	169	3.29451
52	172	3.35946
52	180	0.661499
53	40	0.759981
53	43	0.744176
53	51	0.752531
53	52	0.753543
53	83	0.700596
53	91	0.750139
53	102	0.732901
53	108	0.725376
53	133	0.758756
53	144	2.06091
53	147	2.34418
53	151	0.768155
53	157	0.743955
53	161	0.762268
53	177	4.32494
53	180	0.653237
54	70	2.00286
54	85	0.188793
54	150	1.76056
54	160	0.790853
54	164	0.778912
54	166	0.752629
54	167	0.745809
54	169	0.740518
54	170	0.748507
54	172	0.731484
54	173	0.731134
54	175	0.734465
54	176	0.738925
54	177	0.723532
54	178	0.703402
54	179	0.732449
55	42	0.810041
55	45	2.25785
55	70	0.782746
55	89	0.806042
55	91	0.80866
55	108	0.783897
55	112	1.61423
55	116	0.827656
55	126	0.823255
55	127	0.782108
55	131	1.93999
55	133	0.817276
55	155	2.67463
55	157	0.802475
55	161	0.820788
55	180	0.711757
56	7	0.710234
56	20	0.7758
56	52	0.73728
56	89	0.731259
56	91	0.733876
56	99	0.764653
56	108	0.709113
56	125	0.752675
56	127	0.707325
56	133	0.742493
56	151	0.751892
56	157	0.727692
56	161	0.746005
56	164	1.99969
56	169	3.34034
56	171	3.48069
57	1	1.47354
57	22	0.772689
57	24	0.697269
57	37	0.750802
57	48	0.744466
57	50	0.743084
57	58	0.722774
57	62	0.773888
57	63	0.708728
57	64	0.775703
57	72	0.758132
57	78	0.700363
57	101	2.78712
57	116	0.757893
57	121	3.47673
57	152	0.700231
58	22	0.772667
58	24	0.697247
58	26	0.768656
58	37	0.750779
58	48	0.744443
58	50	0.743061
58	57	0.722774
58	62	0.773866
58	63	0.708706
58	64	0.775681
58	72	0.75811
58	78	0.700341
58	100	3.47067
58	111	4.0213
58	152	0.700209
58	169	1.71332
59	27	0.767199
59	28	0.765649
59	49	0.737626
59	60	0.730446
59	73	0.71328
59	88	0.741773
59	98	0.727237
59	118	0.731809
59	134	0.739263
59	143	0.752868
59	148	0.731388
59	150	0.738386
59	153	0.726135
59	163	0.918318
59	177	2.73506
59	180	5.4035
60	14	0.716063
60	25	0.70851
60	59	0.730446
60	86	0.745758
60	98	0.740894
60	113	0.746044
60	116	0.793149
60	119	0.776316
60	134	0.75292
60	143	0.766525
60	148	0.745045
60	153	0.739792
60	155	1.70731
60	158	0.721936
60	171	0.688857
60	180	6.23191
61	39	1.62718
61	108	2.09251
61	134	1.3497
61	146	0.760085
61	155	0.783192
61	163	0.787921
61	165	0.733221
61	166	0.748468
61	167	0.741649
61	172	0.727324
61	174	0.745647
61	175	0.730305
61	176	0.734764
61	177	0.719372
61	178	0.699241
61	179	0.728288
62	22	0.823782
62	24	0.748362
62	37	0.801894
62	48	0.795558
62	57	0.773888
62	58	0.773866
62	63	0.759821
62	64	0.826796
62	72	0.809225
62	78	0.751456
62	84	0.919103
62	114	1.65076
62	116	0.808985
62	122	0.75967
62	152	0.751324
62	164	1.35999
62	180	6.14388
63	22	0.758621
63	24	0.683201
63	26	0.75461
63	37	0.736734
63	48	0.730398
63	50	0.729016
63	57	0.708728
63	58	0.708706
63	62	0.759821
63	64	0.761635
63	72	0.744065
63	78	0.686295
63	116	0.743825
63	152	0.686163
63	163	1.73018
63	178	4.71462
63	179	2.95705
64	6	1.76399
64	22	0.825596
64	24	0.750176
64	37	0.803709
64	48	0.797373
64	50	0.795991
64	57	0.775703
64	58	0.775681
64	62	0.826796
64	63	0.761635
64	72	0.81104
64	78	0.75327
64	122	0.761484
64	123	2.60956
64	147	2.38887
64	152	0.753138
64	164	2.25418
65	28	1.45962
65	49	1.74158
65	72	1.57193
65	127	0.754086
65	160	0.840266
65	165	0.786795
65	166	0.802043
65	169	0.789932
65	170	0.797921
65	172	0.780898
65	173	0.780547
65	174	0.799222
65	175	0.783879
65	176	0.788339
65	177	0.772946
65	178	0.752816
65	179	0.781862
66	9	0.776706
66	36	0.748539
66	38	0.760003
66	67	0.713514
66	87	0.731468
66	97	0.787083
66	100	0.648425
66	107	0.748101
66	116	2.39158
66	132	0.711348
66	135	2.65549
66	141	0.751016
66	142	0.722428
66	145	0.7104
66	152	3.88381
66	154	0.738889
66	159	0.646813
67	46	2.56151
67	66	0.713514
67	75	0.700713
67	80	2.71105
67	87	0.742432
67	94	0.744926
67	107	0.759065
67	120	0.771305
67	129	2.97862
67	132	0.722312
67	138	0.745981
67	139	0.735076
67	141	0.76198
67	142	0.733392
67	154	0.749853
67	171	0.679044
67	180	0.642835
68	34	1.55433
68	75	0.753097
68	77	0.811642
68	87	0.794815
68	92	0.800233
68	93	2.31037
68	120	0.823689
68	132	0.774696
68	138	0.798364
68	139	0.787459
68	141	0.814363
68	142	0.785776
68	145	0.773747
68	154	0.802236
68	165	2.93076
68	176	2.39228
68	180	0.695218
69	25	2.53049
69	88	1.47294
69	94	1.40865
69	147	0.75937
69	164	0.769298
69	165	0.727766
69	166	0.743014
69	167	0.736195
69	169	0.730904
69	170	0.738892
69	172	0.721869
69	174	0.740193
69	175	0.72485
69	176	0.72931
69	177	0.713917
69	178	0.693787
69	179	0.722834
70	31	0.749813
70	51	0.731476
70	54	2.00286
70	55	0.782746
70	99	0.759861
70	104	2.26097
70	108	0.704321
70	115	0.734941
70	125	0.747883
70	127	0.702533
70	133	0.737701
70	151	0.7471
70	152	0.690418
70	157	0.7229
70	161	0.741213
70	171	4.10116
70	180	0.632182
71	28	1.73274
71	98	1.49073
71	137	0.8258
71	138	0.784549
71	142	1.11997
71	162	0.793585
71	164	0.809137
71	166	0.782854
71	169	0.770743
71	170	0.778732
71	172	0.761709
71	173	0.761358
71	174	0.780033
71	175	0.76469
71	176	0.76915
71	177	0.753757
71	178	0.733627
71	179	0.762673
72	22	0.808026
72	24	0.732606
72	37	0.786138
72	48	0.779802
72	50	0.77842
72	57	0.758132
72	58	0.75811
72	62	0.809225
72	63	0.744065
72	64	0.81104
72	65	1.57193
72	78	0.7357
72	116	0.793229
72	122	0.743914
72	128	2.33365
72	137	2.86621
72	152	0.735568
72	160	2.40023
73	13	0.700957
73	19	0.775786
73	21	0.698205
73	35	0.752017
73	59	0.71328
73	98	0.723728
73	114	3.32739
73	118	0.7283
73	134	0.735754
73	143	0.749359
73	148	0.727879
73	149	0.689506
73	150	0.734878
73	153	0.722626
73	159	0.650423
73	163	3.33532
73	164	3.03662
73	171	0.671691
74	48	2.24555
74	49	2.86118
74	97	1.34188
74	130	0.738958
74	162	0.740968
74	163	0.769689
74	164	0.756519
74	165	0.714988
74	166	0.730236
74	170	0.726114
74	172	0.709091
74	173	0.708741
74	174	0.727415
74	175	0.712072
74	176	0.716532
74	177	0.701139
74	178	0.681009
74	179	0.710056
75	38	0.747203
75	67	0.700713
75	68	0.753097
75	77	0.735494
75	94	0.721162
75	97	0.774282
75	107	0.735301
75	120	0.747541
75	129	1.50141
75	138	0.722217
75	139	0.711312
75	141	0.738215
75	142	0.709628
75	154	0.726089
75	171	0.65528
75	173	3.64236
75	177	4.39879
75	180	0.619071
76	33	0.706972
76	98	3.50419
76	107	2.40578
76	147	0.702268
76	160	0.724135
76	162	0.696643
76	166	0.685912
76	167	0.679092
76	168	0.659241
76	169	0.673801
76	170	0.68179
76	172	0.664767
76	173	0.664416
76	174	0.683091
76	175	0.667748
76	177	0.656815
76	178	0.636685
76	179	0.665731
77	38	0.805748
77	46	0.250321
77	68	0.811642
77	75	0.735494
77	92	0.782631
77	94	0.779707
77	107	0.793846
77	132	0.757093
77	138	0.780762
77	139	0.769857
77	141	0.796761
77	142	0.768173
77	145	0.756145
77	154	0.784634
77	168	3.73825
77	173	2.80838
77	179	2.97495
77	180	0.677616
78	22	0.750256
78	24	0.674836
78	26	0.746245
78	37	0.728369
78	48	0.722033
78	50	0.720651
78	57	0.700363
78	58	0.700341
78	62	0.751456
78	63	0.686295
78	64	0.75327
78	72	0.7357
78	116	0.73546
78	122	0.686144
78	152	0.677798
78	166	1.53511
78	169	2.38196
78	180	5.8252
79	20	0.764442
79	41	0.732062
79	42	0.7239
79	51	0.724909
79	52	0.725922
79	108	0.697755
79	116	0.741514
79	122	0.692198
79	124	0.710231
79	126	0.737114
79	127	0.695966
79	151	0.740534
79	157	0.716333
79	161	0.734647
79	162	2.90641
79	164	2.55844
79	171	4.03945
79	180	0.625615
80	41	1.95427
80	42	2.0102
80	67	2.71105
80	125	0.147824
80	130	0.785145
80	155	0.811146
80	156	0.757716
80	165	0.761175
80	166	0.776423
80	168	0.749751
80	169	0.764312
80	172	0.755278
80	173	0.754927
80	174	0.773602
80	175	0.758259
80	176	0.762718
80	177	0.747326
80	178	0.727195
80	179	0.756242
81	129	0.809105
81	133	1.68349
81	139	1.32323
81	150	2.36214
81	162	0.733109
81	164	0.748661
81	165	0.70713
81	166	0.722378
81	167	0.715558
81	168	0.695707
81	170	0.718256
81	172	0.701233
81	173	0.700882
81	174	0.719557
81	175	0.704214
81	176	0.708674
81	177	0.693281
81	178	0.673151
81	179	0.702197
82	24	7.6
82	114	0.654132
82	115	0.653198
82	120	0.678908
82	133	0.655957
82	138	0.653584
82	139	0.642679
82	141	0.669582
82	147	0.626766
82	151	0.665356
82	154	0.657456
82	157	0.641156
82	161	0.659469
82	170	0.606288
82	172	0.589266
82	174	0.607589
82	175	0.592246
82	177	0.581314
82	179	0.59023
83	18	0.754929
83	32	1.74984
83	40	0.715297
83	53	0.700596
83	89	0.702838
83	91	0.705455
83	102	0.688217
83	109	2.87676
83	115	0.711312
83	116	0.724451
83	124	0.693168
83	125	0.724253
83	126	0.72005
83	133	0.714072
83	151	0.72347
83	157	0.69927
83	158	0.677841
83	161	0.717584
83	173	4.46126
84	36	1.78214
84	62	0.919103
84	141	1.77098
84	161	1.70791
84	163	0.81264
84	164	0.799471
84	165	0.757939
84	166	0.773187
84	167	0.766368
84	168	0.746516
84	169	0.761077
84	170	0.769065
84	172	0.752042
84	173	0.751692
84	174	0.770366
84	175	0.755023
84	176	0.759483
84	178	0.72396
84	179	0.753007
85	4	0.810966
85	21	0.729312
85	29	0.783503
85	39	0.781488
85	54	0.188793
85	86	0.7597
85	88	0.769371
85	98	0.754835
85	113	0.759986
85	118	0.759407
85	134	0.766861
85	148	0.758986
85	149	0.720613
85	150	0.765985
85	153	0.753733
85	168	3.09497
85	171	0.702798
85	177	2.92153
85	178	4.08923
86	13	0.719778
86	19	0.794607
86	29	0.771217
86	35	0.770838
86	39	0.769202
86	60	0.745758
86	85	0.7597
86	98	0.742549
86	113	0.7477
86	117	3.46766
86	118	0.747121
86	134	0.754575
86	148	0.7467
86	150	0.753699
86	153	0.741447
86	155	2.60174
86	158	0.723591
86	160	1.61082
86	170	3.17877
86	171	0.690512
87	47	0.720126
87	66	0.731468
87	67	0.742432
87	68	0.794815
87	94	0.76288
87	100	0.677343
87	107	0.777019
87	116	2.26698
87	120	0.789259
87	132	0.740266
87	138	0.763935
87	139	0.75303
87	141	0.779934
87	142	0.751347
87	145	0.739318
87	146	2.83089
87	154	0.767807
87	160	2.19023
87	166	3.41565
87	171	0.696998
88	11	0.736936
88	13	0.72945
88	27	0.792183
88	32	0.782479
88	47	0.723312
88	59	0.741773
88	69	1.47294
88	85	0.769371
88	101	2.3035
88	118	0.756793
88	119	0.787643
88	143	0.777852
88	146	2.56802
88	148	0.756372
88	150	0.76337
88	153	0.751119
88	158	0.733263
88	159	0.678916
88	167	3.64335
88	171	0.700184
89	3	0.726518
89	7	0.728738
89	31	0.77311
89	42	0.753762
89	51	0.754772
89	55	0.806042
89	56	0.731259
89	83	0.702838
89	99	0.783157
89	125	0.771179
89	127	0.725829
89	140	1.93959
89	149	2.87835
89	151	0.770396
89	152	0.713715
89	157	0.746196
89	158	0.724766
89	161	0.764509
89	162	2.28862
89	177	4.0561
90	95	0.698377
90	96	0.741377
90	131	0.728397
90	139	2.889
90	154	3.64361
90	156	0.651819
90	163	0.709978
90	166	0.670525
90	167	0.663705
90	168	0.643854
90	169	0.658415
90	170	0.666403
90	172	0.64938
90	173	0.64903
90	174	0.667704
90	175	0.652361
90	176	0.656821
90	177	0.641428
90	178	0.621298
90	179	0.650345
91	41	0.764541
91	44	1.93506
91	53	0.750139
91	55	0.80866
91	56	0.733876
91	83	0.705455
91	99	0.785774
91	115	0.760855
91	124	0.742711
91	125	0.773796
91	133	0.763615
91	151	0.773013
91	152	0.716332
91	157	0.748813
91	158	0.727383
91	161	0.767126
91	163	2.48598
91	174	2.89321
91	176	3.05816
91	180	0.658095
92	16	0.728724
92	17	0.741545
92	30	0.715167
92	47	0.725544
92	68	0.800233
92	77	0.782631
92	97	0.821419
92	105	1.79911
92	107	0.782437
92	132	0.745684
92	138	0.769353
92	139	0.758448
92	142	0.756764
92	145	0.744736
92	154	0.773225
92	159	0.681149
92	162	3.23203
92	163	3.18276
92	164	2.88405
92	180	0.666207
93	8	2.11398
93	13	3.57565
93	68	2.31037
93	131	0.775231
93	156	0.698652
93	160	0.755582
93	162	0.72809
93	165	0.702111
93	166	0.717359
93	168	0.690688
93	169	0.705248
93	170	0.713237
93	172	0.696214
93	173	0.695863
93	174	0.714538
93	175	0.699195
93	176	0.703655
93	177	0.688262
93	178	0.668132
93	179	0.697178
94	2	0.684091
94	30	0.712244
94	67	0.744926
94	69	1.40865
94	75	0.721162
94	77	0.779707
94	87	0.76288
94	120	0.791754
94	132	0.742761
94	136	1.84269
94	138	0.76643
94	139	0.755524
94	141	0.782428
94	142	0.753841
94	145	0.741813
94	149	0.717307
94	152	3.43205
94	154	0.770301
94	171	0.699493
94	172	4.00029
94	180	0.663284
95	90	0.698377
95	120	1.73197
95	141	2.14197
95	146	0.720606
95	150	2.30795
95	160	0.747213
95	163	0.748442
95	164	0.735273
95	165	0.693742
95	166	0.708989
95	167	0.70217
95	169	0.696879
95	170	0.704867
95	172	0.687845
95	173	0.687494
95	174	0.706168
95	175	0.690825
95	176	0.695285
95	177	0.679893
95	178	0.659762
95	179	0.688809
96	52	1.84565
96	90	0.741377
96	125	1.08912
96	136	0.81867
96	143	1.63546
96	146	0.763606
96	157	1.50073
96	164	0.778273
96	165	0.736742
96	166	0.75199
96	167	0.74517
96	168	0.725318
96	170	0.747868
96	172	0.730845
96	173	0.730494
96	174	0.749169
96	175	0.733826
96	176	0.738285
96	177	0.722893
96	178	0.702762
96	179	0.731809
97	16	0.778921
97	23	0.768219
97	30	0.765364
97	66	0.787083
97	74	1.34188
97	75	0.774282
97	92	0.821419
97	103	0.839805
97	121	0.789816
97	130	2.90026
97	132	0.795881
97	139	0.808645
97	140	1.78114
97	141	0.835549
97	145	0.794933
97	154	0.823422
97	158	2.48209
97	159	0.731345
97	171	0.752613
97	175	3.01826
97	180	0.716404
98	14	0.712854
98	28	0.776097
98	49	0.748074
98	59	0.727237
98	60	0.740894
98	71	1.49073
98	73	0.723728
98	76	3.50419
98	85	0.754835
98	86	0.742549
98	118	0.742257
98	119	0.773107
98	128	1.97933
98	134	0.749711
98	143	0.763316
98	146	2.68658
98	148	0.741836
98	150	0.748834
98	153	0.736583
98	158	0.718727
98	171	0.685648
99	1	1.36573
99	3	0.759912
99	18	0.835249
99	47	3.0248
99	51	0.788166
99	56	0.764653
99	70	0.759861
99	89	0.783157
99	91	0.785774
99	102	0.768536
99	105	1.94984
99	115	0.791632
99	123	0.746934
99	124	0.773488
99	127	0.759223
99	129	2.25285
99	133	0.794391
99	151	0.80379
99	157	0.77959
99	160	2.30316
99	161	0.797903
99	180	0.688872
100	35	0.694281
100	58	3.47067
100	66	0.648425
100	87	0.677343
100	103	0.701147
100	109	0.686671
100	124	4.43554
100	135	0.685295
100	138	0.680892
100	143	0.691623
100	145	0.656275
100	148	0.670143
100	150	0.677142
100	153	0.664891
100	154	0.684764
100	163	0.677172
100	170	0.633597
100	171	0.613955
100	172	0.616574
100	173	0.616224
100	176	0.624015
100	179	0.617539
101	24	1.81762
101	31	0.774812
101	57	2.78712
101	88	2.3035
101	113	1.14381
101	115	0.75994
101	124	0.741796
101	132	0.736657
101	133	0.762699
101	138	0.760326
101	139	0.749421
101	142	0.747737
101	145	0.735709
101	157	0.747898
101	161	0.766211
101	163	0.756605
101	166	0.717153
101	168	0.690481
101	172	0.696008
101	175	0.698989
101	177	0.688056
101	179	0.696972
102	7	0.714117
102	18	0.787234
102	31	0.758489
102	43	0.731797
102	53	0.732901
102	83	0.688217
102	99	0.768536
102	104	1.78547
102	108	0.712997
102	122	0.70744
102	124	0.725473
102	125	0.756558
102	126	0.752355
102	127	0.711208
102	133	0.746376
102	151	0.755775
102	157	0.731575
102	161	0.749888
102	171	3.62565
102	174	2.85059
102	179	3.67023
102	180	0.640857
103	8	0.845319
103	17	0.759931
103	23	0.736409
103	30	0.733553
103	36	0.801261
103	97	0.839805
103	100	0.701147
103	107	0.800823
103	120	0.813063
103	121	0.758006
103	123	2.16161
103	132	0.76407
103	138	0.787739
103	139	0.776834
103	141	0.803738
103	145	0.763122
103	152	2.64359
103	154	0.791611
103	155	2.06552
103	158	2.50611
103	159	0.699535
103	173	3.16524
104	70	2.26097
104	102	1.78547
104	120	1.44269
104	129	0.829001
104	138	1.71217
104	156	0.723568
104	160	0.780498
104	164	0.768558
104	165	0.727027
104	166	0.742275
104	167	0.735455
104	168	0.715604
104	169	0.730164
104	170	0.738153
104	172	0.72113
104	173	0.720779
104	174	0.739454
104	175	0.724111
104	176	0.72857
104	177	0.713178
104	178	0.693048
104	179	0.722094
105	3	2.48736
105	92	1.79911
105	99	1.94984
105	112	0.833294
105	140	0.828161
105	147	0.784283
105	148	0.319811
105	160	0.806151
105	161	1.06385
105	163	0.80738
105	164	0.79421
105	165	0.752679
105	166	0.767927
105	168	0.741256
105	169	0.755816
105	170	0.763805
105	172	0.746782
105	173	0.746432
105	175	0.749763
105	176	0.754223
105	177	0.73883
105	178	0.7187
105	179	0.747747
106	31	4.06887
106	135	0.703879
106	136	0.722984
106	139	4.37532
106	140	0.716538
106	144	0.708153
106	155	0.691027
106	162	0.667035
106	163	0.695756
106	164	0.682587
106	165	0.641056
106	168	0.629632
106	169	0.644193
106	170	0.652181
106	172	0.635159
106	173	0.634808
106	174	0.653482
106	175	0.63814
106	176	0.642599
106	177	0.627207
106	178	0.607076
106	179	0.636123
106	180	0.596331
107	9	0.822258
107	16	0.739939
107	23	0.729238
107	66	0.748101
107	67	0.759065
107	75	0.735301
107	76	2.40578
107	77	0.793846
107	87	0.777019
107	92	0.782437
107	103	0.800823
107	120	0.805893
107	130	2.79717
107	132	0.7569
107	139	0.769663
107	141	0.796567
107	142	0.76798
107	145	0.755952
107	152	2.51649
107	154	0.78444
107	158	2.37901
107	166	2.17292
107	180	0.677423
108	40	0.740077
108	41	0.739778
108	42	0.731616
108	53	0.725376
108	55	0.783897
108	56	0.709113
108	61	2.09251
108	70	0.704321
108	79	0.697755
108	102	0.712997
108	112	2.21516
108	115	0.736092
108	124	0.717948
108	125	0.749033
108	126	0.74483
108	131	2.54092
108	133	0.738851
108	151	0.74825
108	157	0.72405
108	158	0.70262
108	161	0.742363
108	171	4.49728
108	180	0.633332
109	83	2.87676
109	100	0.686671
109	129	0.816817
109	139	1.11346
109	146	0.741706
109	151	1.44079
109	156	0.711384
109	160	0.768314
109	161	1.92331
109	164	0.756373
109	165	0.714842
109	166	0.73009
109	167	0.72327
109	168	0.703419
109	169	0.717979
109	171	0.706326
109	172	0.708945
109	173	0.708595
109	174	0.727269
109	175	0.711926
109	176	0.716386
109	177	0.700993
109	178	0.680863
109	179	0.70991
110	17	2.31475
110	26	0.800789
110	40	2.11814
110	42	2.26722
110	140	0.819728
110	144	0.811344
110	146	0.77111
110	160	0.797718
110	161	1.35631
110	163	0.798947
110	164	0.785778
110	165	0.744246
110	166	0.759494
110	167	0.752675
110	168	0.732823
110	169	0.747384
110	170	0.755372
110	172	0.738349
110	174	0.756673
110	175	0.74133
110	176	0.74579
110	177	0.730397
110	178	0.710267
110	179	0.739314
111	19	0.723425
111	39	0.698019
111	58	4.0213
111	119	0.706789
111	126	4.74938
111	132	0.662598
111	141	0.702265
111	143	0.696998
111	145	0.66165
111	146	0.654709
111	148	0.675518
111	150	0.682516
111	153	0.670265
111	154	0.690139
111	159	0.598062
111	166	0.643093
111	167	0.636274
111	168	0.616422
111	171	0.61933
111	172	0.621949
111	174	0.640272
111	177	0.613996
111	179	0.622913
111	180	0.583121
112	7	3.03883
112	10	0.791399
112	55	1.61423
112	105	0.833294
112	108	2.21516
112	117	0.746447
112	128	0.816893
112	130	0.755227
112	144	0.798355
112	145	1.52994
112	155	0.781228
112	163	0.785958
112	164	0.772788
112	167	0.739685
112	168	0.719834
112	169	0.734394
112	170	0.742383
112	172	0.72536
112	173	0.72501
112	174	0.743684
112	175	0.728341
112	176	0.732801
112	177	0.717408
112	178	0.697278
112	179	0.726325
113	10	0.813415
113	11	0.72755
113	12	4.05206
113	14	0.718004
113	21	0.717312
113	25	0.710451
113	27	0.782798
113	28	0.781248
113	29	0.771503
113	35	0.771124
113	60	0.746044
113	85	0.759986
113	86	0.7477
113	101	1.14381
113	118	0.747407
113	119	0.778257
113	134	0.754861
113	144	1.35071
113	148	0.746986
113	150	0.753985
113	153	0.741734
113	158	0.723877
113	171	0.690798
113	174	2.20522
113	177	3.61473
114	62	1.65076
114	73	3.32739
114	82	0.654132
114	117	0.724802
114	126	1.39152
114	136	0.79154
114	137	0.767806
114	143	2.03444
114	155	0.759583
114	156	0.706153
114	162	0.735591
114	164	0.751143
114	165	0.709612
114	167	0.71804
114	168	0.698188
114	170	0.720738
114	172	0.703715
114	173	0.703364
114	174	0.722039
114	175	0.706696
114	176	0.711155
114	177	0.695763
114	178	0.675632
114	179	0.704679
114	180	0.664887
115	3	0.734993
115	7	0.737212
115	32	1.02492
115	40	0.770697
115	43	0.754892
115	45	2.21985
115	70	0.734941
115	82	0.653198
115	83	0.711312
115	91	0.760855
115	99	0.791632
115	101	0.75994
115	108	0.736092
115	122	0.730535
115	125	0.779653
115	126	0.775451
115	128	1.57913
115	131	1.90198
115	133	0.769472
115	151	0.778871
115	152	0.722189
115	157	0.75467
115	158	0.733241
115	159	5.26487
115	161	0.772984
116	43	0.768031
116	55	0.827656
116	57	0.757893
116	60	0.793149
116	62	0.808985
116	63	0.743825
116	66	2.39158
116	72	0.793229
116	78	0.73546
116	79	0.741514
116	83	0.724451
116	87	2.26698
116	126	0.788589
116	134	1.61859
116	141	1.557
116	152	0.735328
116	157	0.767809
116	161	0.786122
116	167	0.730244
116	173	0.715568
116	174	0.734243
116	175	0.7189
116	176	0.723359
116	177	0.707967
116	179	0.716883
117	35	2.43802
117	86	3.46766
117	112	0.746447
117	114	0.724802
117	122	0.68769
117	134	3.39867
117	136	0.747761
117	144	0.73293
117	155	0.715803
117	156	0.662374
117	160	0.719304
117	165	0.665832
117	166	0.68108
117	167	0.67426
117	168	0.654409
117	169	0.668969
117	170	0.676958
117	172	0.659935
117	173	0.659585
117	174	0.678259
117	175	0.662916
117	176	0.667376
117	177	0.651983
117	178	0.631853
117	179	0.6609
118	4	0.798388
118	14	0.717426
118	21	0.716734
118	29	0.770925
118	33	2.36197
118	49	0.752646
118	59	0.731809
118	73	0.7283
118	85	0.759407
118	86	0.747121
118	88	0.756793
118	98	0.742257
118	113	0.747407
118	119	0.777679
118	134	0.754283
118	136	1.592
118	143	0.767887
118	147	2.47868
118	148	0.746407
118	149	0.708034
118	150	0.753406
118	153	0.741155
118	159	0.668952
118	171	0.690219
118	172	3.7496
118	176	3.21488
119	4	0.829238
119	19	0.825165
119	26	0.811545
119	28	0.811519
119	39	0.799759
119	49	0.783496
119	60	0.776316
119	88	0.787643
119	98	0.773107
119	111	0.706789
119	113	0.778257
119	118	0.777679
119	129	0.927337
119	134	0.785133
119	140	1.70821
119	143	0.798738
119	148	0.777258
119	149	0.738885
119	150	0.784256
119	153	0.772005
119	158	0.754149
119	159	0.699802
119	169	3.04992
119	170	2.5456
119	173	3.06829
119	177	3.82472
120	17	0.765001
120	23	0.741478
120	36	0.806331
120	67	0.771305
120	68	0.823689
120	75	0.747541
120	82	0.678908
120	87	0.789259
120	94	0.791754
120	95	1.73197
120	103	0.813063
120	104	1.44269
120	107	0.805893
120	129	1.01993
120	132	0.76914
120	138	0.792809
120	139	0.781904
120	141	0.808807
120	142	0.78022
120	145	0.768192
120	149	0.743686
120	154	0.79668
120	158	2.50176
120	168	4.09075
120	171	0.725872
120	179	3.32745
120	180	0.689663
121	3	0.705645
121	4	1.70819
121	11	3.67523
121	19	1.93986
121	41	0.741051
121	57	3.47673
121	97	0.789816
121	103	0.758006
121	124	0.719221
121	138	0.737751
121	139	0.726846
121	142	0.725162
121	145	0.713134
121	152	0.692842
121	154	0.741623
121	157	0.725323
121	161	0.743636
121	165	0.67933
121	167	0.687758
121	170	0.690456
121	173	0.673082
121	174	0.691757
121	175	0.676414
121	177	0.665481
121	178	0.64535
121	179	0.674397
121	180	0.634605
122	37	0.736583
122	39	2.70291
122	48	0.730247
122	50	0.728865
122	62	0.75967
122	64	0.761484
122	72	0.743914
122	78	0.686144
122	79	0.692198
122	102	0.70744
122	115	0.730535
122	117	0.68769
122	141	2.36385
122	143	1.89564
122	147	0.704104
122	148	1.55673
122	151	0.742694
122	157	0.718493
122	158	0.697064
122	161	0.736807
122	169	0.675637
122	170	0.683626
122	173	0.666253
122	175	0.669584
122	177	0.658651
122	178	0.638521
122	179	0.667568
123	10	0.77808
123	12	0.642789
123	19	0.759558
123	20	0.758081
123	27	0.747463
123	42	0.717539
123	50	2.83066
123	64	2.60956
123	99	0.746934
123	103	2.16161
123	126	0.730753
123	134	0.719526
123	138	2.42674
123	143	0.733131
123	150	0.71865
123	151	0.734173
123	153	0.706399
123	157	0.709973
123	161	0.728286
123	162	0.689959
123	165	0.663979
123	167	0.672407
123	168	0.652556
123	173	0.657732
123	176	0.665523
123	178	0.63
123	179	0.659047
124	3	0.716849
124	26	0.772492
124	40	0.752553
124	42	0.744093
124	51	0.745102
124	52	0.746115
124	79	0.710231
124	83	0.693168
124	91	0.742711
124	99	0.773488
124	100	4.43554
124	101	0.741796
124	102	0.725473
124	108	0.717948
124	121	0.719221
124	125	0.761509
124	126	0.757307
124	127	0.716159
124	133	0.751328
124	151	0.760727
124	156	3.02908
124	157	0.736526
124	161	0.75484
124	163	1.63625
124	170	2.17387
124	171	2.81855
124	180	0.645808
125	5	3.62334
125	7	0.750153
125	26	0.803577
125	43	0.767833
125	51	0.776187
125	52	0.7772
125	56	0.752675
125	70	0.747883
125	80	0.147824
125	83	0.724253
125	89	0.771179
125	91	0.773796
125	96	1.08912
125	102	0.756558
125	108	0.749033
125	115	0.779653
125	124	0.761509
125	126	0.788392
125	127	0.747245
125	133	0.782413
125	151	0.791812
125	157	0.767612
125	158	0.746182
125	159	4.08486
125	161	0.785925
125	175	2.43338
125	176	2.06821
125	180	0.676893
126	7	0.745951
126	18	0.819068
126	31	0.790323
126	41	0.779137
126	51	0.771985
126	55	0.823255
126	79	0.737114
126	83	0.72005
126	102	0.752355
126	108	0.74483
126	111	4.74938
126	114	1.39152
126	115	0.775451
126	116	0.788589
126	123	0.730753
126	124	0.757307
126	125	0.788392
126	127	0.743042
126	133	0.77821
126	144	0.952164
126	151	0.787609
126	152	0.730928
126	157	0.763409
126	161	0.781722
126	167	2.08511
126	170	1.93707
126	177	3.21619
126	180	0.672691
127	18	0.777921
127	20	0.77037
127	31	0.749175
127	40	0.738288
127	41	0.73799
127	43	0.722483
127	52	0.73185
127	55	0.782108
127	56	0.707325
127	65	0.754086
127	70	0.702533
127	79	0.695966
127	89	0.725829
127	99	0.759223
127	102	0.711208
127	124	0.716159
127	125	0.747245
127	126	0.743042
127	133	0.737063
127	149	3.2517
127	151	0.746462
127	152	0.68978
127	157	0.722262
127	161	0.740575
127	169	3.65466
127	173	3.67302
127	174	3.01995
127	180	0.631544
128	33	0.772585
128	72	2.33365
128	98	1.97933
128	112	0.816893
128	115	1.57913
128	141	1.41366
128	146	0.763141
128	147	0.767881
128	153	1.21791
128	154	1.29535
128	155	0.786249
128	156	0.732819
128	160	0.789749
128	162	0.762257
128	163	0.790978
128	164	0.777809
128	165	0.736277
128	166	0.751525
128	167	0.744706
128	168	0.724854
128	169	0.739415
128	170	0.747403
128	172	0.730381
128	173	0.73003
128	174	0.748704
128	175	0.733361
128	176	0.737821
128	177	0.722428
128	178	0.702298
128	179	0.731345
129	50	1.69334
129	67	2.97862
129	75	1.50141
129	81	0.809105
129	99	2.25285
129	104	0.829001
129	109	0.816817
129	119	0.927337
129	120	1.01993
129	131	0.825736
129	135	0.81544
129	144	0.819714
129	146	0.779481
129	153	1.23417
129	155	0.802588
129	156	0.749158
129	160	0.806088
129	162	0.778596
129	163	0.807317
129	167	0.761045
129	168	0.741193
129	169	0.755754
129	170	0.763743
129	172	0.74672
129	173	0.746369
129	174	0.765043
129	175	0.749701
129	176	0.75416
129	177	0.738768
129	178	0.718637
129	179	0.747684
130	2	0.650695
130	19	2.72377
130	74	0.738958
130	80	0.785145
130	97	2.90026
130	107	2.79717
130	112	0.755227
130	133	2.81725
130	140	0.750094
130	144	0.74171
130	155	0.724583
130	156	0.671154
130	160	0.728084
130	163	0.729313
130	164	0.716143
130	165	0.674612
130	166	0.68986
130	167	0.68304
130	168	0.663189
130	169	0.677749
130	170	0.685738
130	172	0.668715
130	173	0.668365
130	174	0.687039
130	175	0.671696
130	176	0.676156
130	177	0.660763
130	178	0.640633
130	179	0.66968
130	180	0.629887
131	30	2.23691
131	55	1.93999
131	90	0.728397
131	93	0.775231
131	108	2.54092
131	115	1.90198
131	129	0.825736
131	137	0.781956
131	140	0.799244
131	141	1.73652
131	146	0.750626
131	147	0.755365
131	148	0.929404
131	149	0.733061
131	156	0.720303
131	160	0.777233
131	162	0.749741
131	163	0.778462
131	165	0.723762
131	167	0.73219
131	168	0.712338
131	169	0.726899
131	170	0.734888
131	172	0.717865
131	173	0.717514
131	174	0.736189
131	175	0.720846
131	176	0.725305
131	177	0.709913
131	178	0.689782
131	179	0.718829
131	180	0.679037
132	8	0.801396
132	9	0.785504
132	17	0.716008
132	23	0.692485
132	30	0.68963
132	38	0.768802
132	44	2.55847
132	66	0.711348
132	67	0.722312
132	68	0.774696
132	77	0.757093
132	87	0.740266
132	92	0.745684
132	94	0.742761
132	97	0.795881
132	101	0.736657
132	103	0.76407
132	107	0.7569
132	111	0.662598
132	120	0.76914
132	136	2.05869
132	138	0.743815
132	139	0.73291
132	141	0.759814
132	142	0.731227
132	145	0.719198
132	159	0.655611
132	160	2.07907
132	164	2.81069
132	166	3.30449
132	171	0.676878
132	175	4.04674
132	180	0.640669
133	20	0.805539
133	31	0.784344
133	40	0.773457
133	42	0.764996
133	43	0.757651
133	53	0.758756
133	55	0.817276
133	56	0.742493
133	70	0.737701
133	81	1.68349
133	82	0.655957
133	83	0.714072
133	91	0.763615
133	99	0.794391
133	101	0.762699
133	102	0.746376
133	108	0.738851
133	115	0.769472
133	124	0.751328
133	125	0.782413
133	126	0.77821
133	127	0.737063
133	130	2.81725
133	146	1.60824
133	151	0.78163
133	152	0.724949
133	157	0.75743
133	158	0.736
133	161	0.775743
133	170	2.53553
133	173	3.05821
133	174	2.40513
133	179	3.22478
133	180	0.666712
134	2	0.682272
134	4	0.805842
134	10	0.82029
134	11	0.734426
134	13	0.72694
134	14	0.724879
134	26	0.788148
134	27	0.789673
134	29	0.778379
134	35	0.778
134	39	0.776363
134	49	0.7601
134	59	0.739263
134	60	0.75292
134	61	1.3497
134	73	0.735754
134	85	0.766861
134	86	0.754575
134	98	0.749711
134	113	0.754861
134	116	1.61859
134	117	3.39867
134	118	0.754283
134	119	0.785133
134	123	0.719526
134	136	1.52146
134	143	0.775341
134	148	0.753861
134	150	0.76086
134	153	0.748609
134	159	0.676406
134	162	2.62143
134	166	2.76726
134	167	3.25783
135	29	1.80312
135	38	1.41103
135	66	2.65549
135	100	0.685295
135	106	0.703879
135	129	0.81544
135	136	0.795394
135	137	0.771659
135	138	1.6804
135	142	2.01582
135	144	0.780563
135	146	0.740329
135	155	0.763437
135	156	0.710007
135	160	0.766937
135	161	1.75784
135	162	0.739445
135	163	0.768166
135	164	0.754997
135	165	0.713465
135	166	0.728713
135	167	0.721894
135	168	0.702042
135	169	0.716603
135	170	0.724591
135	172	0.707568
135	173	0.707218
135	174	0.725892
135	175	0.710549
135	176	0.715009
135	177	0.699616
135	178	0.679486
135	179	0.708533
135	180	0.668741
136	11	2.58909
136	94	1.84269
136	96	0.81867
136	106	0.722984
136	114	0.79154
136	117	0.747761
136	118	1.592
136	132	2.05869
136	134	1.52146
136	135	0.795394
136	137	0.790764
136	144	0.799668
136	147	0.764174
136	150	1.62585
136	153	1.26411
136	155	0.782542
136	160	0.786042
136	162	0.75855
136	163	0.787271
136	164	0.774102
136	165	0.732571
136	166	0.747818
136	167	0.740999
136	168	0.721147
136	169	0.735708
136	170	0.743696
136	172	0.726674
136	173	0.726323
136	174	0.744997
136	175	0.729654
136	176	0.734114
136	177	0.718722
