1	15	1.42198
1	28	0.995137
1	40	2.45751
1	63	1.43647
1	83	0.949994
1	89	0.891743
1	94	0.932821
1	95	0.927587
1	101	0.909405
1	118	0.913404
1	121	0.945247
1	151	0.931927
2	76	0.917008
2	110	0.952104
2	130	0.987379
2	132	0.930679
2	135	1.71323
2	143	1.90248
2	151	0.944848
2	153	1.80689
2	158	0.971928
2	164	0.877205
2	167	0.861586
2	171	0.937152
3	78	0.842527
3	81	0.655093
3	93	0.884297
3	130	0.922572
3	139	2.14821
3	140	0.900401
3	168	0.798323
3	171	0.872345
3	173	0.781452
3	176	0.776579
3	178	0.824532
3	180	0.811962
4	75	1.10447
4	88	0.872579
4	134	0.98111
4	154	0.883922
4	163	0.890411
4	168	0.820456
4	169	0.835077
4	173	0.803584
4	176	0.798712
4	178	0.846665
4	179	0.831296
4	180	0.834095
5	54	1.68095
5	114	0.862667
5	116	0.807472
5	123	0.829386
5	129	0.894671
5	141	0.856411
5	145	0.843458
5	155	0.872144
5	161	0.868107
5	165	0.801061
5	174	0.744212
5	180	3.20526
6	62	0.831852
6	65	1.42786
6	69	0.885952
6	106	0.851504
6	113	0.872218
6	117	0.822071
6	120	0.815478
6	138	0.83659
6	139	0.847532
6	158	0.857565
6	170	3.35014
6	177	0.759356
7	46	0.863703
7	50	0.848585
7	81	0.86498
7	83	0.85037
7	89	0.792119
7	101	0.809781
7	118	0.81378
7	121	0.845623
7	126	0.881635
7	151	0.832304
7	156	2.76447
7	165	2.13054
8	21	0.911991
8	50	0.949787
8	55	0.949863
8	83	0.951572
8	94	0.934399
8	101	0.910983
8	118	0.914982
8	121	0.946826
8	129	0.612296
8	151	0.933506
8	154	1.64711
8	177	3.32613
9	54	1.45547
9	67	1.22498
9	78	0.936424
9	84	0.999784
9	112	0.972314
9	113	1.01567
9	152	2.69593
9	158	1.00102
9	167	0.890675
9	171	0.966241
9	177	0.902808
10	47	0.887776
10	57	0.863278
10	110	0.848508
10	112	0.839629
10	127	0.881191
10	130	0.883783
10	132	0.827083
10	143	1.18261
10	164	0.773609
10	167	0.75799
10	171	0.833556
10	174	4.6698
11	50	0.956111
11	58	0.551905
11	101	0.917306
11	118	0.921305
11	121	0.953149
11	127	0.979769
11	132	0.92566
11	151	0.939829
11	167	0.856568
11	171	0.932134
11	174	3.83377
11	177	1.92972
12	30	1.38965
12	105	0.977648
12	108	0.961417
12	123	0.923423
12	124	0.959459
12	138	0.94803
12	141	0.950447
12	142	1.47111
12	145	0.937494
12	152	2.40342
12	165	0.895097
12	174	0.838248
13	62	0.922823
13	69	0.976922
13	111	0.967847
13	113	0.963189
13	120	0.906449
13	134	0.911741
13	135	0.714441
13	139	0.938503
13	161	0.941675
13	171	1.21223
13	173	3.70014
13	177	0.850327
14	87	0.826648
14	125	3.04619
14	149	0.795762
14	169	0.77056
14	170	0.777345
14	172	0.756345
14	173	0.739067
14	175	0.712324
14	176	0.734195
14	178	0.782147
14	179	0.766779
14	180	0.769578
15	1	1.42198
15	120	0.973137
15	122	1.00438
15	125	0.720707
15	139	1.00519
15	151	0.209409
15	175	0.862812
15	176	0.884683
15	177	0.917015
15	178	0.932635
15	179	0.917267
15	180	0.920066
16	33	0.899064
16	83	0.964068
16	94	0.946895
16	95	0.941661
16	100	0.888417
16	101	0.923479
16	118	0.927478
16	121	0.959322
16	151	0.946002
16	159	1.99043
16	160	1.49871
16	166	2.16869
17	51	1.17488
17	82	0.861115
17	111	0.879518
17	117	0.824712
17	120	0.818119
17	134	0.823412
17	139	0.850173
17	140	0.853487
17	158	0.860206
17	161	0.853345
17	167	3.73253
17	177	0.761997
18	87	0.91855
18	106	0.950577
18	111	0.975949
18	117	0.921144
18	120	0.914551
18	122	0.945797
18	128	1.52009
18	139	0.946605
18	155	0.953814
18	163	1.64679
18	177	0.858429
18	179	2.60581
19	71	0.826878
19	85	0.82734
19	108	0.871138
19	124	0.86918
19	137	2.61703
19	141	0.860168
19	145	0.847215
19	153	2.22023
19	155	0.875902
19	161	0.871864
19	165	0.804818
19	174	0.747969
20	122	0.923705
20	124	0.463543
20	143	1.05097
20	161	0.224955
20	168	0.920984
20	170	0.94239
20	172	0.92139
20	173	0.904112
20	175	0.877369
20	178	0.947193
20	179	0.931824
20	180	0.934623
21	8	0.911991
21	28	0.893567
21	50	0.846639
21	89	0.790173
21	94	0.831251
21	95	0.826017
21	101	0.807835
21	118	0.811834
21	121	0.843677
21	133	2.29873
21	150	2.54529
21	151	0.830357
22	35	0.872178
22	53	0.83142
22	84	0.83775
22	87	0.800895
22	111	0.858294
22	113	0.853636
22	117	0.803489
22	122	0.828142
22	126	2.43788
22	139	0.82895
22	140	0.832264
22	147	2.75481
22	177	0.740774
23	71	0.893968
23	73	1.28696
23	85	0.894431
23	108	0.938228
23	109	0.930461
23	119	0.948977
23	124	0.936271
23	126	1.87038
23	131	2.65536
23	141	0.927259
23	145	0.914305
23	147	0.911935
23	174	0.81506
24	36	0.892296
24	114	0.840865
24	119	0.856327
24	123	0.807584
24	124	0.843621
24	125	0.842162
24	141	0.834609
24	142	1.51911
24	145	0.821655
24	155	0.850342
24	162	3.76327
24	165	0.779259
24	174	0.72241
25	29	1.55644
25	36	1.08444
25	159	0.876868
25	166	0.848028
25	168	0.820533
25	169	0.835154
25	170	0.841939
25	172	0.820939
25	175	0.776918
25	176	0.798789
25	178	0.846741
25	179	0.831373
25	180	0.834172
26	44	1.01174
26	95	1.71682
26	136	0.904012
26	153	0.910057
26	163	0.868227
26	164	0.812346
26	170	0.819678
26	172	0.798678
26	173	0.7814
26	176	0.776528
26	178	0.824481
26	179	0.809112
26	180	0.811911
27	90	1.25407
27	119	1.35577
27	159	0.882172
27	167	0.824292
27	168	0.825836
27	170	0.847242
27	172	0.826243
27	174	0.803877
27	175	0.782222
27	176	0.804092
27	178	0.852045
27	179	0.836677
27	180	0.839475
28	1	0.995137
28	21	0.893567
28	33	0.868144
28	55	0.93144
28	89	0.874898
28	95	0.910741
28	101	0.892559
28	104	2.01294
28	118	0.896558
28	121	0.928402
28	151	0.915082
28	163	1.92636
28	178	2.16138
29	25	1.55644
29	34	1.37926
29	90	0.922862
29	102	0.964394
29	114	0.921993
29	123	0.888712
29	125	0.92329
29	141	0.915737
29	145	0.902784
29	155	0.93147
29	159	2.46752
29	161	0.927433
29	174	0.803538
30	12	1.38965
30	50	2.21521
30	93	0.867161
30	127	0.902843
30	130	0.905435
30	163	0.851142
30	164	0.795261
30	171	0.855208
30	172	0.781593
30	176	0.759443
30	178	0.807395
30	179	0.792027
30	180	0.794826
31	61	0.82241
31	69	0.873476
31	82	0.845998
31	106	0.839028
31	117	0.809595
31	122	0.834248
31	134	0.808295
31	139	0.835056
31	140	0.83837
31	147	2.17219
31	161	0.838228
31	165	3.04186
31	177	0.746881
32	82	0.521753
32	111	1.78011
32	146	0.890907
32	157	0.866146
32	162	0.83939
32	169	0.830371
32	170	0.837155
32	173	0.798878
32	175	0.772135
32	176	0.794005
32	178	0.841958
32	179	0.82659
32	180	0.829388
33	16	0.899064
33	28	0.868144
33	42	0.844534
33	50	0.821216
33	55	0.821292
33	83	0.823001
33	89	0.76475
33	118	0.786411
33	121	0.818255
33	126	0.854266
33	133	1.57571
33	151	0.804935
33	169	3.59971
34	29	1.37926
34	70	0.56429
34	130	0.356785
34	135	1.03184
34	149	0.931436
34	166	0.919108
34	169	0.906234
34	172	0.892019
34	173	0.874741
34	175	0.847998
34	178	0.917822
34	179	0.902453
34	180	0.905252
35	22	0.872178
35	37	0.877295
35	77	0.992828
35	84	0.937994
35	117	0.903733
35	122	0.928385
35	139	0.929193
35	146	1.27486
35	155	0.936403
35	158	0.939227
35	161	0.932366
35	174	4.14368
35	177	0.841018
36	24	0.892296
36	25	1.08444
36	85	0.893777
36	102	0.975262
36	103	2.09818
36	109	0.929807
36	119	0.948324
36	141	0.926605
36	145	0.913652
36	161	0.938301
36	165	0.871255
36	174	0.814406
36	178	2.13949
37	35	0.877295
37	61	0.821421
37	62	0.818388
37	69	0.872487
37	117	0.808606
37	120	0.802013
37	138	0.823126
37	139	0.834067
37	140	0.837382
37	152	2.54595
37	155	0.841277
37	166	2.78408
37	177	0.745892
38	49	0.927644
38	71	0.874139
38	108	0.9184
38	109	0.910632
38	115	1.89709
38	124	0.916442
38	125	0.914983
38	141	0.90743
38	145	0.894477
38	147	0.892106
38	148	2.09388
38	165	0.85208
38	171	2.20694
38	174	0.795231
39	44	1.32246
39	53	1.60992
39	135	0.928321
39	144	0.874683
39	149	0.827921
39	160	0.858597
39	166	0.815593
39	170	0.809504
39	172	0.788504
39	175	0.744483
39	176	0.766354
39	178	0.814306
39	179	0.798938
39	180	0.801737
40	1	2.45751
40	120	0.96663
40	144	0.880128
40	152	0.861248
40	153	0.905328
40	164	0.807617
40	168	0.793543
40	170	0.814949
40	173	0.776671
40	174	0.771584
40	176	0.771799
40	178	0.819751
40	179	0.804383
40	180	0.807182
41	127	0.673433
41	132	0.820389
41	139	0.805659
41	150	0.992916
41	162	0.890505
41	166	0.894359
41	170	0.88827
41	171	0.940885
41	172	0.86727
41	173	0.849992
41	176	0.84512
41	178	0.893072
41	179	0.877704
41	180	0.880503
42	33	0.844534
42	46	0.922871
42	50	0.907753
42	80	1.1164
42	81	0.924148
42	83	0.909538
42	88	2.26216
42	89	0.851287
42	94	0.892365
42	95	0.887131
42	118	0.872948
42	121	0.904792
42	151	0.891472
42	177	2.86243
43	105	0.93634
43	108	0.920109
43	109	0.912341
43	116	0.8602
43	123	0.882115
43	124	0.918151
43	125	0.916692
43	141	0.909139
43	145	0.896186
43	146	1.44539
43	165	0.853789
43	168	2.7424
43	172	2.32326
43	174	0.79694
44	26	1.01174
44	39	1.32246
44	48	0.932057
44	78	0.860434
44	93	0.902204
44	110	0.905204
44	112	0.896324
44	127	0.937887
44	130	0.940479
44	132	0.883779
44	164	0.830305
44	167	0.814686
44	169	2.55885
44	171	0.890252
45	57	0.919762
45	68	0.892709
45	92	0.922167
45	127	0.937675
45	132	0.883567
45	134	0.888021
45	140	0.918097
45	147	1.71752
45	150	1.58463
45	151	0.897736
45	164	0.830093
45	167	0.814474
45	171	0.89004
45	180	2.844
46	7	0.863703
46	42	0.922871
46	55	0.89963
46	81	0.915948
46	94	0.884165
46	95	0.878931
46	101	0.860749
46	118	0.864748
46	121	0.896592
46	126	0.932603
46	151	0.883272
46	152	1.68796
46	162	2.99981
46	165	1.715
47	10	0.887776
47	66	0.959641
47	67	1.70534
47	68	0.89337
47	78	0.860884
47	93	0.902654
47	115	2.27759
47	127	0.938336
47	130	0.940928
47	132	0.884228
47	142	2.24398
47	164	0.830754
47	167	0.815135
47	171	0.890701
48	44	0.932057
48	72	1.74253
48	75	0.931878
48	76	0.858142
48	110	0.893238
48	127	0.925921
48	130	0.928513
48	140	0.906343
48	146	3.04923
48	150	1.63097
48	158	0.913062
48	164	0.818339
48	167	0.80272
48	171	0.878286
49	38	0.927644
49	74	0.940355
49	86	0.846633
49	109	0.892334
49	116	0.840192
49	125	0.896685
49	141	0.889131
49	145	0.876178
49	147	0.873807
49	159	1.95355
49	160	1.46183
49	161	0.900828
49	165	0.833782
49	172	3.21427
49	174	0.776933
50	7	0.848585
50	8	0.949787
50	11	0.956111
50	21	0.846639
50	30	2.21521
50	33	0.821216
50	42	0.907753
50	55	0.884511
50	56	1.25651
50	58	1.66103
50	83	0.886219
50	89	0.827969
50	101	0.84563
50	118	0.849629
50	121	0.881473
51	17	1.17488
51	118	1.23281
51	153	0.976847
51	161	0.770057
51	166	0.892557
51	168	0.865062
51	169	0.879683
51	170	0.886468
51	172	0.865468
51	173	0.84819
51	174	0.843103
51	175	0.821447
51	178	0.891271
51	179	0.875902
51	180	0.878701
52	57	0.896249
52	70	0.946254
52	92	0.898654
52	112	0.8726
52	129	1.49021
52	130	0.916755
52	132	0.860054
52	134	0.864509
52	150	1.82102
52	151	0.874223
52	158	0.901303
52	164	0.80658
52	167	0.790962
52	170	3.11695
52	171	0.866528
53	22	0.83142
53	39	1.60992
53	60	0.866285
53	62	0.872756
53	106	0.892408
53	113	0.913122
53	120	0.856382
53	122	0.887628
53	139	0.888436
53	140	0.89175
53	158	0.898469
53	161	0.891608
53	163	2.01321
53	166	2.28252
53	177	0.80026
54	5	1.68095
54	9	1.45547
54	151	0.66948
54	159	0.918486
54	160	0.93265
54	166	0.889646
54	169	0.876772
54	170	0.883557
54	172	0.862557
54	173	0.845279
54	174	0.840192
54	176	0.840407
54	178	0.888359
54	179	0.872991
54	180	0.87579
55	8	0.949863
55	28	0.93144
55	33	0.821292
55	46	0.89963
55	50	0.884511
55	63	0.849481
55	81	0.900906
55	89	0.828046
55	94	0.869123
55	100	0.810645
55	118	0.849706
55	121	0.88155
55	151	0.86823
55	157	2.88309
55	166	2.77366
56	50	1.25651
56	78	1.52816
56	121	0.634642
56	136	0.966129
56	152	0.928094
56	162	0.88403
56	166	0.887884
56	168	0.860389
56	169	0.87501
56	172	0.860795
56	173	0.843517
56	175	0.816774
56	176	0.838645
56	178	0.886597
56	180	0.874028
57	10	0.863278
57	45	0.919762
57	52	0.896249
57	70	0.945929
57	75	0.919794
57	78	0.836385
57	92	0.898329
57	129	1.66602
57	132	0.859729
57	143	2.07495
57	144	2.56845
57	158	0.900978
57	164	0.806255
57	167	0.790636
57	171	0.866202
58	11	0.551905
58	50	1.66103
58	86	1.78232
58	135	0.991861
58	159	0.907974
58	160	0.922137
58	169	0.86626
58	170	0.873044
58	173	0.834767
58	174	0.829679
58	176	0.829894
58	177	0.862226
58	178	0.877847
58	179	0.862479
58	180	0.865277
59	122	0.898415
59	123	0.833552
59	139	0.87326
59	157	0.923398
59	167	0.871457
59	168	0.873001
59	169	0.887623
59	170	0.894408
59	172	0.873408
59	173	0.85613
59	175	0.829387
59	176	0.851258
59	178	0.89921
59	179	0.883842
59	180	0.886641
60	53	0.866285
60	62	0.848135
60	82	0.874757
60	84	0.872615
60	91	0.942463
60	111	0.893159
60	113	0.888501
60	120	0.831761
60	122	0.863007
60	128	2.01106
60	139	0.863815
60	140	0.867129
60	155	0.871025
60	161	0.866987
60	168	3.90867
60	177	0.775639
61	31	0.82241
61	37	0.821421
61	82	0.884261
61	84	0.882119
61	113	0.898006
61	115	1.90144
61	120	0.841265
61	122	0.872511
61	138	0.862377
61	139	0.873319
61	148	2.09822
61	155	0.880529
61	158	0.883352
61	161	0.876491
61	165	2.82717
61	177	0.785143
62	6	0.831852
62	13	0.922823
62	37	0.818388
62	53	0.872756
62	60	0.848135
62	96	2.35076
62	106	0.874258
62	111	0.89963
62	120	0.838232
62	136	2.08984
62	139	0.870286
62	143	2.11217
62	155	0.877495
62	158	0.880319
62	161	0.873458
62	177	0.78211
63	1	1.43647
63	55	0.849481
63	123	0.910618
63	157	0.973063
63	158	0.314602
63	160	0.993165
63	163	0.992621
63	169	0.937287
63	172	0.923072
63	173	0.905794
63	174	0.900707
63	175	0.879051
63	176	0.900922
63	178	0.948874
63	179	0.933506
63	180	0.936305
64	84	0.797816
64	93	4.00638
64	122	0.788208
64	139	0.789016
64	150	0.816304
64	154	0.753718
64	157	0.740649
64	158	0.799049
64	161	0.792188
64	163	0.760207
64	167	0.688708
64	175	0.646637
64	177	0.70084
64	178	0.716461
64	179	0.701093
64	180	0.703891
65	6	1.42786
65	74	0.92547
65	83	1.25861
65	149	0.888553
65	160	0.919228
65	162	0.87237
65	163	0.918684
65	168	0.848729
65	170	0.870136
65	172	0.849136
65	173	0.831858
65	175	0.805115
65	176	0.826986
65	178	0.874938
65	179	0.85957
65	180	0.862368
66	47	0.959641
66	68	0.908089
66	75	0.959012
66	76	0.885276
66	78	0.875603
66	110	0.920372
66	112	0.911493
66	126	1.35329
66	127	0.953055
66	130	0.955647
66	132	0.898947
66	147	1.67021
66	154	2.24132
66	158	0.940196
66	163	2.48168
66	167	0.829854
66	171	0.90542
67	9	1.22498
67	47	1.70534
67	105	0.995878
67	106	0.492494
67	113	0.159697
67	119	0.990396
67	145	0.955723
67	147	0.953353
67	156	0.919527
67	165	0.913327
67	166	0.905932
67	170	0.899843
67	173	0.861565
67	174	0.856478
67	176	0.856693
67	178	0.904646
67	180	0.892076
68	45	0.892709
68	47	0.89337
68	66	0.908089
68	76	0.819005
68	78	0.809332
68	110	0.854102
68	126	0.738965
68	127	0.886785
68	130	0.889377
68	132	0.832676
68	134	0.837131
68	158	0.873925
68	164	0.779202
68	167	0.763584
68	171	0.83915
68	174	4.30956
68	177	2.4055
69	6	0.885952
69	13	0.976922
69	31	0.873476
69	37	0.872487
69	111	0.95373
69	122	0.923577
69	137	1.54835
69	138	0.913444
69	139	0.924385
69	140	0.927699
69	146	2.58727
69	147	1.3019
69	155	0.931595
69	157	2.49211
69	158	0.934418
69	161	0.927557
69	177	0.83621
70	34	0.56429
70	52	0.946254
70	57	0.945929
70	76	0.896063
70	93	0.928159
70	110	0.931159
70	112	0.922279
70	132	0.909734
70	134	0.914188
70	148	0.890747
70	151	0.923902
70	158	0.950982
70	162	2.90452
70	164	0.85626
70	167	0.840641
70	171	0.916207
70	172	2.91326
71	19	0.826878
71	23	0.893968
71	38	0.874139
71	74	0.88685
71	87	1.72103
71	102	0.884284
71	109	0.838829
71	119	0.857346
71	123	0.808602
71	125	0.84318
71	129	0.873887
71	141	0.835627
71	145	0.822674
71	161	0.847323
71	165	0.780277
71	174	0.723428
71	179	3.19804
71	180	2.55403
72	48	1.74253
72	81	0.899511
72	89	0.826651
72	95	0.862495
72	106	1.09949
72	118	0.848311
72	121	0.880155
72	126	0.916167
72	140	1.06984
72	142	0.887649
72	151	0.866835
72	154	0.848584
72	163	0.855073
72	169	0.79974
72	173	0.768247
72	176	0.763374
72	179	0.795959
72	180	0.798757
73	23	1.28696
73	105	0.575956
73	115	0.993493
73	121	0.864121
73	127	0.761155
73	150	0.99339
73	157	0.917735
73	163	0.937293
73	166	0.894833
73	168	0.867338
73	169	0.881959
73	170	0.888744
73	172	0.867744
73	176	0.845594
73	177	0.877926
73	178	0.893546
73	179	0.878178
73	180	0.880977
74	49	0.940355
74	65	0.92547
74	71	0.88685
74	86	0.877643
74	90	0.927266
74	109	0.923343
74	116	0.871202
74	123	0.893116
74	137	1.93116
74	141	0.920141
74	145	0.907188
74	147	0.904817
74	155	0.935875
74	160	2.0955
74	161	0.931837
74	163	2.49617
74	165	0.864791
74	174	0.807942
75	4	1.10447
75	48	0.931878
75	57	0.919794
75	66	0.959012
75	76	0.869928
75	93	0.902025
75	103	1.90392
75	110	0.905024
75	112	0.896145
75	127	0.937707
75	132	0.883599
75	140	0.918129
75	144	1.33747
75	158	0.924848
75	164	0.830125
75	167	0.814506
75	171	0.890072
75	177	3.14888
76	2	0.917008
76	48	0.858142
76	66	0.885276
76	68	0.819005
76	70	0.896063
76	75	0.869928
76	92	0.848463
76	99	1.94329
76	112	0.822409
76	130	0.866564
76	132	0.809863
76	133	1.94489
76	151	0.824032
76	158	0.851112
76	164	0.756389
76	167	0.740771
76	171	0.816336
76	180	3.45082
77	35	0.992828
77	105	1.80772
77	142	0.922747
77	145	1.16741
77	152	0.887921
77	159	0.876551
77	162	0.843857
77	163	0.890171
77	167	0.818671
77	170	0.841622
77	172	0.820622
77	173	0.803344
77	175	0.776601
77	176	0.798472
77	177	0.830804
77	178	0.846424
77	179	0.831056
77	180	0.833855
78	3	0.842527
78	9	0.936424
78	44	0.860434
78	47	0.860884
78	56	1.52816
78	57	0.836385
78	66	0.875603
78	68	0.809332
78	92	0.83879
78	97	3.00755
78	127	0.854298
78	129	2.19429
78	130	0.856891
78	132	0.80019
78	140	0.83472
78	158	0.841439
78	167	0.731097
78	171	0.806663
79	107	0.884376
79	108	1.32561
79	112	0.92043
79	154	0.875278
79	159	0.868147
79	160	0.88231
79	161	1.33808
79	165	0.846702
79	166	0.839307
79	168	0.811812
79	169	0.826433
79	170	0.833218
79	172	0.812218
79	173	0.79494
79	175	0.768197
79	176	0.790068
79	178	0.83802
79	179	0.822652
79	180	0.825451
80	42	1.1164
80	97	0.905722
80	142	0.904654
80	148	0.91421
80	156	0.843213
80	158	1.66211
80	161	1.62424
80	162	0.825764
80	164	0.816197
80	166	0.829618
80	168	0.802123
80	169	0.816745
80	170	0.823529
80	172	0.80253
80	173	0.785252
80	176	0.780379
80	178	0.828332
80	179	0.812964
80	180	0.815762
81	3	0.655093
81	7	0.86498
81	42	0.924148
81	46	0.915948
81	55	0.900906
81	72	0.899511
81	83	0.902614
81	89	0.844364
81	94	0.885442
81	95	0.880208
81	100	0.826963
81	101	0.862025
81	118	0.866024
81	121	0.897868
81	126	0.93388
81	136	0.990864
81	151	0.884548
81	157	0.745269
81	175	6.95118
82	17	0.861115
82	31	0.845998
82	32	0.521753
82	60	0.874757
82	61	0.884261
82	106	0.90088
82	111	0.926252
82	113	0.921594
82	117	0.871446
82	122	0.896099
82	138	0.885966
82	139	0.896907
82	140	0.900222
82	148	1.25214
82	156	1.31832
82	158	0.906941
82	161	0.90008
82	175	6.39262
82	177	0.808732
83	1	0.949994
83	7	0.85037
83	8	0.951572
83	16	0.964068
83	33	0.823001
83	42	0.909538
83	50	0.886219
83	65	1.25861
83	81	0.902614
83	94	0.870831
83	95	0.865597
83	96	2.20167
83	100	0.812353
83	101	0.847415
83	118	0.851414
83	121	0.883258
83	126	0.91927
83	137	2.2643
83	153	1.8675
84	9	0.999784
84	22	0.83775
84	35	0.937994
84	60	0.872615
84	61	0.882119
84	64	0.797816
84	113	0.919452
84	117	0.869305
84	120	0.862712
84	122	0.893958
84	139	0.894766
84	153	1.05065
84	155	0.901975
84	158	0.904799
84	161	0.897938
84	164	2.77749
84	167	2.82228
84	177	0.80659
84	179	2.38519
85	19	0.82734
85	23	0.894431
85	36	0.893777
85	86	0.793591
85	102	0.884746
85	105	0.86329
85	114	0.842346
85	116	0.78715
85	119	0.857808
85	123	0.809065
85	138	0.833672
85	141	0.836089
85	145	0.823136
85	153	1.24757
85	155	0.851823
85	159	2.30043
85	165	0.78074
85	173	4.13961
85	174	0.723891
86	49	0.846633
86	58	1.78232
86	74	0.877643
86	85	0.793591
86	90	0.833544
86	102	0.875076
86	105	0.85362
86	108	0.837389
86	114	0.832676
86	123	0.799395
86	124	0.835431
86	125	0.833973
86	141	0.826419
86	142	2.41795
86	145	0.813466
86	155	0.842153
86	161	0.838116
86	165	0.77107
86	171	2.76141
87	14	0.826648
87	18	0.91855
87	22	0.800895
87	71	1.72103
87	92	1.05916
87	95	1.91286
87	111	0.887255
87	117	0.83245
87	120	0.825857
87	139	0.857911
87	148	0.871234
87	150	0.885199
87	159	0.815482
87	161	0.861083
87	166	0.786642
87	176	0.737403
87	177	0.769735
87	178	0.785355
87	179	0.769987
87	180	0.772786
88	4	0.872579
88	42	2.26216
88	109	3.08482
88	133	0.865915
88	144	0.827146
88	156	0.781651
88	159	0.796897
88	160	0.81106
88	163	0.810516
88	164	0.754635
88	166	0.768056
88	168	0.740561
88	169	0.755182
88	170	0.761967
88	172	0.740967
88	175	0.696946
88	177	0.751149
88	178	0.76677
88	179	0.751401
88	180	0.7542
89	1	0.891743
89	7	0.792119
89	21	0.790173
89	28	0.874898
89	33	0.76475
89	42	0.851287
89	50	0.827969
89	55	0.828046
89	72	0.826651
89	81	0.844364
89	94	0.812581
89	95	0.807347
89	99	1.68842
89	101	0.789165
89	118	0.793164
89	121	0.825008
89	126	0.861019
89	149	3.4803
89	151	0.811688
89	165	2.93914
90	27	1.25407
90	29	0.922862
90	74	0.927266
90	86	0.833544
90	99	1.22997
90	105	0.903243
90	108	0.887012
90	114	0.882299
90	116	0.827103
90	123	0.849018
90	124	0.885054
90	125	0.883596
90	129	0.914303
90	141	0.876042
90	145	0.863089
90	155	0.891776
90	161	0.887739
90	171	1.86479
90	172	3.77425
90	174	0.763844
91	60	0.942463
91	95	1.23555
91	118	1.19906
91	150	0.97187
91	151	0.683476
91	153	0.957603
91	156	0.886908
91	157	0.896215
91	159	0.902154
91	160	0.916317
91	162	0.869459
91	169	0.86044
91	170	0.867224
91	172	0.846225
91	173	0.828947
91	175	0.802203
91	176	0.824074
91	178	0.872027
91	179	0.856659
91	180	0.859457
92	45	0.922167
92	52	0.898654
92	57	0.898329
92	76	0.848463
92	78	0.83879
92	87	1.05916
92	93	0.88056
92	112	0.87468
92	127	0.916242
92	130	0.918834
92	132	0.862134
92	134	0.866588
92	151	0.876303
92	158	0.903383
92	164	0.80866
92	167	0.793041
92	168	3.34806
92	171	0.868607
92	178	1.81216
92	180	1.89216
93	3	0.884297
93	30	0.867161
93	44	0.902204
93	47	0.902654
93	64	4.00638
93	70	0.928159
93	75	0.902025
93	92	0.88056
93	110	0.863385
93	112	0.854506
93	127	0.896068
93	130	0.89866
93	132	0.84196
93	149	1.23109
93	151	0.856129
93	158	0.883209
93	162	1.97474
93	167	0.772867
93	171	0.848433
93	180	0.946736
94	1	0.932821
94	8	0.934399
94	16	0.946895
94	21	0.831251
94	42	0.892365
94	46	0.884165
94	55	0.869123
94	81	0.885442
94	83	0.870831
94	89	0.812581
94	95	0.848425
94	101	0.830243
94	115	1.05039
94	118	0.834241
94	121	0.866085
94	126	0.902097
94	151	0.852765
94	171	1.36024
94	176	4.27297
94	178	2.15294
95	1	0.927587
95	16	0.941661
95	21	0.826017
95	26	1.71682
95	28	0.910741
95	42	0.887131
95	46	0.878931
95	72	0.862495
95	81	0.880208
95	83	0.865597
95	87	1.91286
95	89	0.807347
95	91	1.23555
95	94	0.848425
95	100	0.789947
95	101	0.825008
95	118	0.829007
95	121	0.860851
95	126	0.896863
95	144	2.05811
95	151	0.847531
96	62	2.35076
96	83	2.20167
96	134	0.959202
96	136	0.89128
96	142	0.888071
96	146	0.860698
96	149	0.825363
96	156	0.82663
96	160	0.856039
96	163	0.855495
96	165	0.82043
96	166	0.813035
96	169	0.800161
96	170	0.806946
96	172	0.785946
96	173	0.768668
96	174	0.763581
96	175	0.741925
96	178	0.811748
96	179	0.79638
96	180	0.799179
97	78	3.00755
97	80	0.905722
97	134	1.12495
97	152	0.859742
97	154	0.855502
97	155	0.609655
97	157	0.842433
97	159	0.848372
97	160	0.862535
97	162	0.815678
97	167	0.790492
97	168	0.792037
97	169	0.806658
97	170	0.813443
97	173	0.775165
97	175	0.748422
97	176	0.770293
97	177	0.802625
97	178	0.818245
97	179	0.802877
97	180	0.805676
98	102	0.696906
98	139	1.94371
98	148	0.910511
98	152	0.866129
98	154	0.86189
98	157	0.848821
98	158	1.30799
98	159	0.85476
98	162	0.822065
98	165	0.833314
98	166	0.825919
98	168	0.798424
98	169	0.813045
98	170	0.81983
98	173	0.781552
98	175	0.754809
98	176	0.77668
98	178	0.824633
98	179	0.809264
98	180	0.812063
99	76	1.94329
99	89	1.68842
99	90	1.22997
99	135	0.972574
99	140	0.710119
99	146	0.907509
99	149	0.872175
99	152	0.900057
99	153	0.944137
99	160	0.90285
99	164	0.846426
99	166	0.859847
99	168	0.832352
99	169	0.846973
99	170	0.853758
99	172	0.832758
99	175	0.788737
99	176	0.810608
99	178	0.85856
99	179	0.843192
99	180	0.845991
100	16	0.888417
100	55	0.810645
100	81	0.826963
100	83	0.812353
100	95	0.789947
100	112	2.24764
100	118	0.775763
100	121	0.807607
100	137	0.802376
100	151	0.794287
100	154	0.776036
100	159	0.768906
100	160	0.783069
100	161	2.6653
100	162	0.736211
100	163	0.782525
100	166	0.740065
100	175	0.668955
100	176	0.690826
100	179	0.723411
100	180	0.726209
101	1	0.909405
101	7	0.809781
101	8	0.910983
101	11	0.917306
101	16	0.923479
101	21	0.807835
101	28	0.892559
101	46	0.860749
101	50	0.84563
101	81	0.862025
101	83	0.847415
101	89	0.789165
101	94	0.830243
101	95	0.825008
101	118	0.810825
101	121	0.842669
101	126	0.878681
101	135	1.49797
101	151	0.829349
101	157	2.93219
101	160	2.15277
101	178	2.78846
102	29	0.964394
102	36	0.975262
102	71	0.884284
102	85	0.884746
102	86	0.875076
102	98	0.696906
102	114	0.923831
102	116	0.868635
102	119	0.939293
102	123	0.89055
102	124	0.926586
102	125	0.925127
102	141	0.917574
102	145	0.904621
102	147	0.90225
102	150	0.98441
102	161	0.929271
102	164	2.70972
102	165	0.862224
102	170	1.70997
102	173	3.28862
102	174	0.805375
103	36	2.09818
103	75	1.90392
103	135	0.910433
103	137	0.860016
103	143	0.900194
103	145	1.84117
103	152	0.837915
103	154	0.833676
103	156	0.8113
103	159	0.826546
103	160	0.840709
103	162	0.793851
103	163	0.840165
103	166	0.797705
103	168	0.77021
103	169	0.784832
103	172	0.770617
103	175	0.726595
103	176	0.748466
103	178	0.796419
103	179	0.78105
103	180	0.783849
104	28	2.01294
104	142	0.886037
104	148	0.895593
104	149	0.823329
104	151	1.96535
104	155	1.15814
104	156	0.824596
104	157	0.833903
104	159	0.839842
104	162	0.807147
104	166	0.811001
104	168	0.783506
104	169	0.798128
104	170	0.804912
104	171	0.857528
104	172	0.783913
104	173	0.766635
104	175	0.739891
104	176	0.761762
104	178	0.809715
104	179	0.794347
104	180	0.797145
105	12	0.977648
105	43	0.93634
105	67	0.995878
105	73	0.575956
105	77	1.80772
105	85	0.86329
105	86	0.85362
105	90	0.903243
105	108	0.907088
105	109	0.899321
105	116	0.847179
105	119	0.917837
105	123	0.869094
105	124	0.90513
105	125	0.903672
105	131	1.94436
105	141	0.896118
105	145	0.883165
105	154	2.04742
105	155	0.911852
105	165	0.840769
105	166	2.55708
105	174	0.78392
106	6	0.851504
106	18	0.950577
106	31	0.839028
106	53	0.892408
106	62	0.874258
106	67	0.492494
106	72	1.09949
106	82	0.90088
106	111	0.919282
106	113	0.914624
106	117	0.864477
106	120	0.857884
106	122	0.88913
106	134	0.863176
106	138	0.878996
106	139	0.889938
106	140	0.893252
106	143	1.06605
106	155	0.897147
106	158	0.899971
106	161	0.89311
106	167	3.32839
106	172	3.28404
106	177	0.801762
107	79	0.884376
107	114	1.17576
107	118	2.04339
107	125	2.0391
107	133	0.886356
107	146	0.83616
107	148	0.873089
107	156	0.802093
107	157	0.811399
107	159	0.817338
107	160	0.831501
107	163	0.830958
107	166	0.788498
107	168	0.761003
107	169	0.775624
107	170	0.782409
107	171	0.835024
107	172	0.761409
107	173	0.744131
107	175	0.717388
107	176	0.739259
107	178	0.787211
107	179	0.771843
107	180	0.774642
108	12	0.961417
108	19	0.871138
108	23	0.938228
108	38	0.9184
108	43	0.920109
108	79	1.32561
108	86	0.837389
108	90	0.887012
108	105	0.907088
108	114	0.886144
108	116	0.830948
108	119	0.901606
108	124	0.888899
108	125	0.88744
108	128	1.79242
108	138	0.87747
108	141	0.879887
108	145	0.866934
108	147	0.864563
108	161	0.891583
108	166	2.18843
108	171	1.36143
108	174	0.767688
108	177	3.35779
109	23	0.930461
109	36	0.929807
109	38	0.910632
109	43	0.912341
109	49	0.892334
109	71	0.838829
109	74	0.923343
109	88	3.08482
109	105	0.899321
109	114	0.878376
109	116	0.823181
109	119	0.893838
109	123	0.845095
109	125	0.879673
109	126	1.11803
109	138	0.869702
109	141	0.87212
109	143	1.38019
109	145	0.859166
109	147	0.856796
109	159	2.33747
109	161	0.883816
109	163	2.24642
109	165	0.81677
109	174	0.759921
110	2	0.952104
110	10	0.848508
110	44	0.905204
110	48	0.893238
110	66	0.920372
110	68	0.854102
110	70	0.931159
110	75	0.905024
110	93	0.863385
110	112	0.857505
110	127	0.899068
110	130	0.90166
110	132	0.84496
110	133	1.84823
110	134	0.849414
110	135	1.98366
110	136	2.15058
110	140	0.87949
110	148	2.36839
110	151	0.859129
110	153	2.07732
110	158	0.886208
110	164	0.791486
110	167	0.775867
110	171	0.851433
111	13	0.967847
111	17	0.879518
111	18	0.975949
111	22	0.858294
111	32	1.78011
111	60	0.893159
111	62	0.89963
111	69	0.95373
111	82	0.926252
111	87	0.887255
111	106	0.919282
111	113	0.939996
111	117	0.889849
111	120	0.883256
111	134	0.888549
111	136	1.22715
111	138	0.904368
111	139	0.91531
111	142	1.21457
111	144	1.74298
111	155	0.92252
111	158	0.925343
111	161	0.918482
111	170	2.46729
111	177	0.827134
111	180	2.43073
112	9	0.972314
112	10	0.839629
112	44	0.896324
112	52	0.8726
112	66	0.911493
112	70	0.922279
112	75	0.896145
112	76	0.822409
112	79	0.92043
112	92	0.87468
112	93	0.854506
112	100	2.24764
112	110	0.857505
112	127	0.890188
112	130	0.89278
112	132	0.83608
112	134	0.840534
112	140	0.87061
112	151	0.850249
112	158	0.877329
112	160	1.11327
112	164	0.782606
112	167	0.766987
112	168	3.28486
112	169	2.34704
112	171	0.842553
113	6	0.872218
113	9	1.01567
113	13	0.963189
113	22	0.853636
113	53	0.913122
113	60	0.888501
113	61	0.898006
113	67	0.159697
113	82	0.921594
113	84	0.919452
113	106	0.914624
113	111	0.939996
113	117	0.885191
113	122	0.909844
113	128	1.47278
113	134	0.883891
113	139	0.910652
113	140	0.913966
113	155	0.917862
113	157	1.97822
113	158	0.920685
113	161	0.913824
113	164	2.95081
113	167	2.99559
113	177	0.822476
113	178	1.8345
114	5	0.862667
114	24	0.840865
114	29	0.921993
114	85	0.842346
114	86	0.832676
114	90	0.882299
114	102	0.923831
114	107	1.17576
114	108	0.886144
114	109	0.878376
114	116	0.826235
114	119	0.896893
114	123	0.848149
114	124	0.884186
114	125	0.882727
114	131	1.1833
114	138	0.872756
114	141	0.875174
114	145	0.862221
114	155	0.890907
114	161	0.88687
114	165	0.819824
114	170	1.8783
114	173	3.45695
114	174	0.762975
114	177	2.96539
115	38	1.89709
115	47	2.27759
115	61	1.90144
115	73	0.993493
115	94	1.05039
115	136	0.920333
115	137	0.904399
115	147	0.889509
115	150	0.940645
115	153	0.926378
115	154	0.878059
115	155	0.20402
115	156	0.855683
115	157	0.86499
115	159	0.870929
115	163	0.884548
115	166	0.842088
115	168	0.814593
115	169	0.829214
115	170	0.835999
115	173	0.797721
115	174	0.792634
115	175	0.770978
115	176	0.792849
115	178	0.840802
115	179	0.825433
115	180	0.828232
116	5	0.807472
116	43	0.8602
116	49	0.840192
116	74	0.871202
116	85	0.78715
116	90	0.827103
116	102	0.868635
116	105	0.847179
116	108	0.830948
116	109	0.823181
116	114	0.826235
116	119	0.841697
116	123	0.792954
116	124	0.82899
116	125	0.827532
116	138	0.817561
116	141	0.819978
116	145	0.807025
116	147	0.804654
116	154	2.69702
116	155	0.835712
116	160	2.5367
116	161	0.831675
116	165	0.764629
116	171	2.37968
116	174	0.70778
116	178	3.17239
117	6	0.822071
117	17	0.824712
117	18	0.921144
117	22	0.803489
117	31	0.809595
117	35	0.903733
117	37	0.808606
117	82	0.871446
117	84	0.869305
117	87	0.83245
117	106	0.864477
117	111	0.889849
117	113	0.885191
117	120	0.828451
117	122	0.859696
117	134	0.833743
117	135	1.20333
117	138	0.849563
117	139	0.860504
117	140	0.863819
117	154	2.01845
117	155	0.867714
117	158	0.870538
117	161	0.863677
117	167	3.65492
117	171	1.70112
117	177	0.772329
117	179	3.21783
118	1	0.913404
118	7	0.81378
118	8	0.914982
118	11	0.921305
118	16	0.927478
118	21	0.811834
118	28	0.896558
118	33	0.786411
118	42	0.872948
118	46	0.864748
118	50	0.849629
118	51	1.23281
118	55	0.849706
118	72	0.848311
118	81	0.866024
118	83	0.851414
118	89	0.793164
118	91	1.19906
118	94	0.834241
118	95	0.829007
118	100	0.775763
118	101	0.810825
118	107	2.04339
118	121	0.846668
118	126	0.88268
118	151	0.833348
118	160	1.99368
118	179	3.35338
119	23	0.948977
119	24	0.856327
119	27	1.35577
119	36	0.948324
119	67	0.990396
119	71	0.857346
119	85	0.857808
119	102	0.939293
119	105	0.917837
119	108	0.901606
119	109	0.893838
119	114	0.896893
119	116	0.841697
119	123	0.863612
119	124	0.899648
119	131	2.18077
119	133	1.33327
119	138	0.888219
119	141	0.890636
119	145	0.877683
119	147	0.875312
119	153	1.56237
119	154	2.28383
119	155	0.90637
119	161	0.902333
119	165	0.835286
119	174	0.778437
119	180	2.8392
120	6	0.815478
120	13	0.906449
120	15	0.973137
120	17	0.818119
120	18	0.914551
120	37	0.802013
120	40	0.96663
120	53	0.856382
120	60	0.831761
120	61	0.841265
120	62	0.838232
120	84	0.862712
120	87	0.825857
120	106	0.857884
120	111	0.883256
120	117	0.828451
120	122	0.853103
120	134	0.82715
120	138	0.84297
120	139	0.853912
120	148	0.92971
120	155	0.861121
120	158	0.863945
120	161	0.857084
120	163	1.60046
120	164	2.95179
120	174	4.94319
120	177	0.765736
121	1	0.945247
121	7	0.845623
121	8	0.946826
121	11	0.953149
121	16	0.959322
121	21	0.843677
121	28	0.928402
121	33	0.818255
121	42	0.904792
121	46	0.896592
121	50	0.881473
121	55	0.88155
121	56	0.634642
121	72	0.880155
121	73	0.864121
121	81	0.897868
121	83	0.883258
121	89	0.825008
121	94	0.866085
121	95	0.860851
121	100	0.807607
121	101	0.842669
121	118	0.846668
121	126	0.914524
121	147	1.76447
121	151	0.865192
121	160	2.17526
121	164	3.92726
121	171	2.01825
122	15	1.00438
122	18	0.945797
122	20	0.923705
122	22	0.828142
122	31	0.834248
122	35	0.928385
122	53	0.887628
122	59	0.898415
122	60	0.863007
122	61	0.872511
122	64	0.788208
122	69	0.923577
122	82	0.896099
122	84	0.893958
122	106	0.88913
122	113	0.909844
122	117	0.859696
122	120	0.853103
122	128	2.50365
122	134	0.858396
122	139	0.885157
122	140	0.888472
122	142	1.72921
122	147	1.81889
122	155	0.892367
122	158	0.895191
122	161	0.88833
122	169	3.46344
122	177	0.796982
123	5	0.829386
123	12	0.923423
123	24	0.807584
123	29	0.888712
123	43	0.882115
123	59	0.833552
123	63	0.910618
123	71	0.808602
123	74	0.893116
123	85	0.809065
123	86	0.799395
123	90	0.849018
123	102	0.89055
123	105	0.869094
123	109	0.845095
123	114	0.848149
123	116	0.792954
123	119	0.863612
123	125	0.849446
123	129	0.880153
123	138	0.839475
123	141	0.841893
123	144	2.19275
123	145	0.82894
123	155	0.857626
123	161	0.853589
123	166	2.83479
123	174	0.729694
123	177	4.00416
124	12	0.959459
124	19	0.86918
124	20	0.463543
124	23	0.936271
124	24	0.843621
124	38	0.916442
124	43	0.918151
124	86	0.835431
124	90	0.885054
124	102	0.926586
124	105	0.90513
124	108	0.888899
124	114	0.884186
124	116	0.82899
124	119	0.899648
124	129	0.91619
124	138	0.875512
124	141	0.877929
124	145	0.864976
124	147	0.862605
124	149	2.76955
124	150	1.22583
124	155	0.893663
124	157	2.54893
124	161	0.889626
124	165	0.82258
124	167	3.5663
124	171	1.6125
124	174	0.765731
125	14	3.04619
125	15	0.720707
125	24	0.842162
125	29	0.92329
125	38	0.914983
125	43	0.916692
125	49	0.896685
125	71	0.84318
125	86	0.833973
125	90	0.883596
125	102	0.925127
125	105	0.903672
125	107	2.0391
125	108	0.88744
125	109	0.879673
125	114	0.882727
125	116	0.827532
125	123	0.849446
125	129	0.914731
125	133	1.19916
125	138	0.874053
125	141	0.876471
125	145	0.863517
125	147	0.861147
125	150	1.44571
125	155	0.892204
125	159	2.48112
125	161	0.888167
125	165	0.821121
125	174	0.764272
126	7	0.881635
126	22	2.43788
126	23	1.87038
126	33	0.854266
126	46	0.932603
126	66	1.35329
126	68	0.738965
126	72	0.916167
126	81	0.93388
126	83	0.91927
126	89	0.861019
126	94	0.902097
126	95	0.896863
126	101	0.878681
126	109	1.11803
126	118	0.88268
126	121	0.914524
126	146	0.894644
126	150	0.945538
126	153	0.931272
126	156	0.860577
126	158	0.841085
126	162	0.843128
126	166	0.846982
126	169	0.834108
126	175	0.775872
126	176	0.797743
126	178	0.845695
126	179	0.830327
126	180	0.833126
127	10	0.881191
127	11	0.979769
127	30	0.902843
127	41	0.673433
127	44	0.937887
127	45	0.937675
127	47	0.938336
127	48	0.925921
127	66	0.953055
127	68	0.886785
127	73	0.761155
127	75	0.937707
127	78	0.854298
127	92	0.916242
127	93	0.896068
127	110	0.899068
127	112	0.890188
127	130	0.934343
127	132	0.877642
127	134	0.882097
127	140	0.912172
127	143	1.60674
127	144	2.10023
127	151	0.891811
127	158	0.918891
127	160	2.07229
127	164	0.824168
127	165	2.53118
127	167	0.80855
127	170	2.82455
127	171	0.884116
128	18	1.52009
128	60	2.01106
128	108	1.79242
128	113	1.47278
128	122	2.50365
128	131	0.887707
128	133	0.914626
128	136	0.895013
128	142	0.891804
128	146	0.86443
128	147	0.864188
128	149	0.829096
128	150	0.915324
128	152	0.856978
128	154	0.852738
128	157	0.839669
128	159	0.845608
128	162	0.812913
128	163	0.859227
128	165	0.824162
128	166	0.816768
128	168	0.789272
128	169	0.803894
128	170	0.810679
128	172	0.789679
128	175	0.745658
128	176	0.767529
128	177	0.799861
128	178	0.815481
128	179	0.800113
128	180	0.802911
129	5	0.894671
129	8	0.612296
129	52	1.49021
129	57	1.66602
129	71	0.873887
129	78	2.19429
129	90	0.914303
129	123	0.880153
129	124	0.91619
129	125	0.914731
129	132	1.34476
129	138	0.90476
129	141	0.907178
129	144	0.903523
129	145	0.894225
129	149	0.856761
129	152	0.884643
129	153	0.928723
129	155	0.922912
129	158	0.694309
129	160	0.887437
129	165	0.851828
129	166	0.844433
129	168	0.816938
129	169	0.83156
129	170	0.838344
129	173	0.800067
129	174	0.794979
129	175	0.773323
129	179	0.827779
129	180	0.830577
130	2	0.987379
130	3	0.922572
130	10	0.883783
130	30	0.905435
130	34	0.356785
130	44	0.940479
130	47	0.940928
130	48	0.928513
130	52	0.916755
130	66	0.955647
130	68	0.889377
130	76	0.866564
130	78	0.856891
130	92	0.918834
130	93	0.89866
130	110	0.90166
130	112	0.89278
130	127	0.934343
130	132	0.880235
130	140	0.914765
130	146	1.8279
130	151	0.894404
130	158	0.921483
130	164	0.826761
130	167	0.811142
130	169	2.18708
130	170	1.70557
130	171	0.886708
130	176	3.70903
130	178	1.58901
130	179	2.31302
131	23	2.65536
131	105	1.94436
131	114	1.1833
131	119	2.18077
131	128	0.887707
131	141	0.841343
131	142	0.889404
131	143	0.916857
131	144	0.873458
131	146	0.86203
131	150	0.912924
131	152	0.854578
131	154	0.850339
131	156	0.827963
131	157	0.837269
131	159	0.843208
131	160	0.857371
131	162	0.810514
131	163	0.856828
131	164	0.800947
131	167	0.785328
131	168	0.786873
131	170	0.808279
131	171	0.860894
131	172	0.787279
131	173	0.770001
131	175	0.743258
131	176	0.765129
131	177	0.797461
131	178	0.813081
131	179	0.797713
131	180	0.800512
132	2	0.930679
132	10	0.827083
132	11	0.92566
132	41	0.820389
132	44	0.883779
132	45	0.883567
132	47	0.884228
132	52	0.860054
132	57	0.859729
132	66	0.898947
132	68	0.832676
132	70	0.909734
132	75	0.883599
132	76	0.809863
132	78	0.80019
132	92	0.862134
132	93	0.84196
132	110	0.84496
132	112	0.83608
132	127	0.877642
132	129	1.34476
132	130	0.880235
132	134	0.827988
132	140	0.858064
132	148	1.94918
132	151	0.837703
132	158	0.864783
132	164	0.77006
132	165	2.67813
132	167	0.754442
132	171	0.830007
132	178	2.85494
132	180	2.93494
133	21	2.29873
133	33	1.57571
133	76	1.94489
133	88	0.865915
133	107	0.886356
133	110	1.84823
133	119	1.33327
133	125	1.19916
133	128	0.914626
133	147	0.888707
133	148	0.925878
133	152	0.881497
133	153	0.925577
133	154	0.877258
133	156	0.854882
133	157	0.864188
133	160	0.88429
133	162	0.837433
133	163	0.883747
133	166	0.841287
133	167	0.812247
133	168	0.813792
133	169	0.828413
133	170	0.835198
133	171	0.887813
133	172	0.814198
133	173	0.79692
133	174	0.791833
133	175	0.770177
133	176	0.792048
133	177	0.82438
133	178	0.84
133	179	0.824632
133	180	0.827431
134	4	0.98111
134	13	0.911741
134	17	0.823412
134	31	0.808295
134	45	0.888021
134	52	0.864509
134	68	0.837131
134	70	0.914188
134	92	0.866588
134	96	0.959202
134	97	1.12495
134	106	0.863176
134	110	0.849414
134	111	0.888549
134	112	0.840534
134	113	0.883891
134	117	0.833743
134	120	0.82715
134	122	0.858396
134	127	0.882097
134	132	0.827988
134	139	0.859204
134	140	0.862518
134	151	0.842157
134	155	0.866414
134	158	0.869237
134	161	0.862376
134	162	2.92987
134	164	0.774515
134	167	0.758896
134	171	0.834462
134	176	3.94189
134	177	0.771029
134	179	2.54587
135	2	1.71323
135	13	0.714441
135	34	1.03184
135	39	0.928321
135	58	0.991861
135	99	0.972574
135	101	1.49797
135	103	0.910433
135	110	1.98366
135	117	1.20333
135	136	0.934401
135	146	0.903819
135	147	0.903577
135	148	0.940748
135	152	0.896366
135	154	0.892127
135	156	0.869751
135	158	0.913996
135	159	0.884996
135	160	0.89916
135	161	0.876124
135	162	0.852302
135	164	0.842735
135	166	0.856156
135	168	0.828661
135	170	0.850067
135	172	0.829067
135	173	0.811789
135	175	0.785046
135	176	0.806917
135	177	0.839249
135	178	0.854869
135	179	0.839501
135	180	0.8423
136	26	0.904012
136	56	0.966129
136	62	2.08984
136	81	0.990864
136	96	0.89128
136	110	2.15058
136	111	1.22715
136	115	0.920333
136	128	0.895013
136	135	0.934401
136	137	0.883984
136	139	1.71663
136	148	0.906265
136	149	0.834001
136	154	0.857644
136	156	0.835268
136	157	0.844575
136	158	1.08091
136	159	0.850514
136	160	0.864677
136	162	0.817819
136	163	0.864133
136	165	0.829068
