1	76	1.03483
1	92	0.916499
1	110	0.928172
1	124	0.946112
1	127	1.55284
1	129	0.936403
1	130	0.929442
1	131	0.933562
1	135	0.957753
1	139	0.91434
1	143	0.937673
1	156	4.51802
2	7	0.92312
2	8	0.814435
2	21	0.802604
2	49	0.87308
2	74	2.37745
2	84	0.861264
2	93	0.834119
2	97	0.821043
2	104	0.865865
2	112	0.828527
2	165	3.12754
2	167	0.775698
3	12	0.823972
3	20	0.911474
3	26	0.911483
3	43	0.77566
3	50	0.839311
3	54	0.887617
3	57	0.839308
3	73	3.13051
3	102	0.813044
3	138	0.840971
3	155	0.757083
3	158	2.13096
4	32	0.946884
4	33	0.838481
4	45	0.814354
4	112	0.867899
4	114	0.891074
4	120	0.898067
4	122	0.887782
4	131	0.907893
4	167	0.815071
4	172	0.836439
4	179	0.784427
4	180	0.766474
5	34	1.00938
5	38	0.872741
5	47	0.808357
5	108	0.869445
5	113	0.849705
5	133	2.0957
5	138	0.839795
5	152	0.843796
5	155	0.755907
5	159	0.74984
5	162	3.26814
5	170	0.800952
6	23	0.946349
6	94	0.911901
6	109	0.930755
6	129	0.936704
6	130	0.929743
6	131	0.933863
6	135	0.958054
6	139	0.914641
6	143	0.937974
6	150	3.0511
6	154	2.32131
6	158	1.07013
7	2	0.92312
7	9	0.918063
7	45	0.89188
7	71	0.995677
7	93	0.951016
7	97	0.937941
7	112	0.945425
7	119	1.4712
7	123	0.944207
7	163	1.78257
7	167	0.892596
7	170	2.98564
8	2	0.814435
8	25	0.895376
8	45	0.783195
8	48	0.871055
8	84	0.869477
8	93	0.842331
8	97	0.829256
8	104	0.874078
8	112	0.836739
8	160	3.22944
8	165	2.18685
8	167	0.783911
9	7	0.918063
9	21	0.797547
9	25	0.882107
9	49	0.868023
9	76	1.40351
9	93	0.829062
9	97	0.815986
9	104	0.860808
9	112	0.82347
9	138	0.834108
9	167	0.770642
9	168	3.85663
10	39	0.851544
10	92	0.821878
10	110	0.833551
10	124	0.85149
10	129	0.841781
10	130	0.834821
10	131	0.838941
10	135	0.863132
10	139	0.819718
10	143	0.843051
10	151	3.17464
10	158	2.13027
11	110	1.07746
11	131	0.710863
11	165	0.879671
11	171	0.854655
11	172	0.878007
11	173	0.865977
11	174	0.823369
11	175	0.832514
11	177	0.823188
11	178	0.808732
11	179	0.825995
11	180	0.808042
12	3	0.823972
12	20	0.92561
12	26	0.925619
12	43	0.789796
12	50	0.853447
12	54	0.901753
12	57	0.853444
12	136	3.08104
12	138	0.855107
12	155	0.77122
12	157	2.04234
13	68	2.13347
13	78	0.837807
13	79	0.882584
13	82	3.31838
13	89	0.866224
13	114	0.865185
13	117	0.848399
13	120	0.872178
13	122	0.861893
13	159	0.762693
13	167	0.789182
13	170	0.813805
14	82	0.895005
14	101	0.737964
14	113	1.08745
14	154	0.852546
14	163	0.896748
14	174	0.826516
14	175	0.83566
14	176	0.815069
14	177	0.826334
14	178	0.811878
14	179	0.829141
14	180	0.811188
15	32	0.902311
15	37	0.816911
15	47	0.819165
15	63	0.831337
15	81	0.867561
15	91	0.841593
15	113	0.860514
15	116	0.793994
15	126	2.78277
15	137	2.58966
15	152	0.854605
15	170	0.811761
16	65	0.836978
16	88	0.832117
16	98	0.813258
16	99	0.812701
16	101	0.85989
16	105	0.845347
16	106	0.847726
16	107	0.850211
16	118	0.862728
16	152	0.839047
16	173	1.97189
16	179	3.44258
17	56	0.587004
17	66	0.901526
17	79	1.19948
17	164	0.899758
17	172	0.871038
17	173	0.859008
17	174	0.816401
17	175	0.825545
17	176	0.804953
17	178	0.801763
17	179	0.819026
17	180	0.801073
18	62	1.05173
18	75	0.832178
18	78	0.827368
18	87	0.860929
18	114	0.854746
18	117	0.83796
18	120	0.861739
18	122	0.851454
18	146	0.839229
18	159	0.752253
18	167	0.778743
18	170	0.803366
18	174	4.64581
19	30	0.889334
19	40	0.880717
19	44	0.770542
19	75	0.815534
19	79	0.855501
19	114	0.838102
19	117	0.821316
19	120	0.845095
19	122	0.83481
19	167	0.762099
19	170	0.786722
19	172	1.76265
19	174	3.92859
20	3	0.911474
20	12	0.92561
20	26	1.01312
20	43	0.877298
20	50	0.940949
20	54	0.989255
20	57	0.940946
20	58	0.935214
20	138	0.942609
20	148	2.17984
20	155	0.858721
20	169	3.13149
21	2	0.802604
21	9	0.797547
21	41	0.851946
21	48	0.859225
21	84	0.857646
21	93	0.8305
21	97	0.817425
21	102	3.39804
21	104	0.862247
21	112	0.824908
21	123	0.823691
21	158	2.16759
21	167	0.77208
22	80	0.911181
22	98	0.888751
22	99	0.888194
22	101	0.935383
22	105	0.920839
22	106	0.923219
22	107	0.925703
22	116	0.853929
22	118	0.93822
22	140	0.95899
22	152	0.91454
22	166	3.28756
22	170	2.39164
23	6	0.946349
23	24	0.92798
23	64	0.945102
23	94	0.875465
23	124	0.909977
23	129	0.900268
23	130	0.893307
23	135	0.921618
23	139	0.878205
23	143	0.901538
23	147	6.06663
23	167	2.12331
23	170	1.65942
24	23	0.92798
24	103	0.888227
24	124	0.928044
24	129	0.918335
24	130	0.911374
24	131	0.915494
24	134	1.74948
24	135	0.939685
24	139	0.896272
24	143	0.919605
24	149	0.854968
24	165	2.19969
24	168	2.64232
25	8	0.895376
25	9	0.882107
25	41	0.936506
25	45	0.855924
25	59	0.916098
25	71	0.959721
25	84	0.942206
25	93	0.91506
25	104	0.946807
25	112	0.909468
25	163	2.81568
25	165	2.73477
25	167	0.85664
26	3	0.911483
26	12	0.925619
26	20	1.01312
26	43	0.877307
26	50	0.940958
26	54	0.989264
26	57	0.940955
26	119	1.39296
26	126	1.44767
26	138	0.942618
26	155	0.85873
26	167	3.40805
27	43	0.86673
27	50	0.930381
27	57	0.930379
27	97	0.91392
27	112	0.921404
27	117	0.927793
27	120	0.951572
27	122	0.941287
27	128	1.00667
27	144	1.06404
27	155	0.848154
27	156	4.64791
27	167	0.868576
28	60	0.900444
28	88	0.825556
28	95	0.831916
28	98	0.806697
28	99	0.806141
28	105	0.838786
28	106	0.841165
28	107	0.84365
28	115	0.716968
28	118	0.856167
28	152	0.832486
28	159	1.99668
28	180	3.82226
29	38	0.871891
29	42	0.788874
29	47	0.807506
29	63	0.819679
29	81	0.855902
29	91	0.829934
29	108	0.868595
29	116	0.782335
29	138	0.838945
29	146	0.835965
29	170	0.800102
29	171	2.49638
29	179	3.24622
30	19	0.889334
30	44	0.880854
30	89	0.949452
30	117	0.931627
30	120	0.955406
30	122	0.945121
30	146	0.932896
30	157	1.21028
30	159	0.845921
30	162	2.64226
30	163	2.70206
30	167	0.87241
30	170	0.897033
31	40	1.06093
31	77	0.781995
31	80	0.921168
31	88	0.917597
31	98	0.898738
31	99	0.898181
31	101	0.94537
31	105	0.930827
31	106	0.933206
31	118	0.948207
31	140	2.88131
31	152	0.924527
31	164	2.69676
32	4	0.946884
32	15	0.902311
32	37	0.890122
32	81	0.940771
32	91	0.914803
32	108	0.953464
32	113	0.933724
32	123	0.911959
32	126	1.9344
32	149	2.86837
32	152	0.927815
32	155	0.839926
32	170	0.884971
33	4	0.838481
33	135	3.00474
33	162	0.8132
33	166	0.752023
33	169	0.769839
33	171	0.766602
33	173	0.777924
33	175	0.744461
33	176	0.723869
33	177	0.735135
33	178	0.720679
33	179	0.737942
33	180	0.719989
34	5	1.00938
34	42	0.991625
34	63	1.02243
34	81	1.05865
34	91	1.03268
34	123	1.02984
34	126	1.26135
34	136	0.966306
34	152	1.0457
34	155	0.957808
34	156	4.63408
34	159	0.951741
34	162	1.48212
35	89	0.657847
35	113	0.389616
35	123	0.250909
35	169	0.935476
35	171	0.932239
35	172	0.955591
35	174	0.900953
35	175	0.910098
35	176	0.889506
35	177	0.900772
35	178	0.886316
35	179	0.903579
35	180	0.885626
36	59	1.61849
36	63	0.896135
36	97	0.89728
36	98	0.893614
36	99	0.893057
36	104	0.942102
36	106	0.928082
36	112	0.904764
36	113	0.925312
36	118	0.943084
36	149	1.25733
36	170	0.876559
36	178	4.80398
37	15	0.816911
37	32	0.890122
37	40	1.18099
37	61	0.926423
37	81	0.855371
37	91	0.829403
37	108	0.868064
37	113	0.848324
37	115	0.726897
37	146	0.835434
37	155	0.754526
37	159	0.748459
37	175	4.51038
38	5	0.872741
38	29	0.871891
38	61	0.993062
38	91	0.896041
38	108	0.934702
38	113	0.914962
38	138	0.905053
38	141	1.80941
38	152	0.909054
38	155	0.821165
38	158	1.45694
38	159	0.815098
38	170	0.86621
38	179	4.23346
39	10	0.851544
39	92	0.880481
39	94	0.875582
39	109	0.894436
39	124	0.910094
39	130	0.893424
39	131	0.897544
39	135	0.921735
39	137	2.53532
39	139	0.878321
39	143	0.901654
39	152	0.895128
39	158	1.26521
39	163	2.98508
40	19	0.880717
40	31	1.06093
40	37	1.18099
40	93	1.07816
40	110	0.928287
40	117	0.923011
40	122	0.936505
40	130	0.929557
40	139	0.914454
40	143	0.937787
40	171	0.86181
40	175	0.839669
40	179	0.83315
40	180	0.815197
41	21	0.851946
41	25	0.936506
41	48	0.912185
41	71	0.928122
41	84	0.910607
41	93	0.883461
41	97	0.870385
41	104	0.915207
41	112	0.877869
41	121	2.29474
41	138	0.888507
41	158	1.43232
41	165	3.07128
41	167	0.825041
42	29	0.788874
42	34	0.991625
42	47	0.790597
42	61	0.910045
42	81	0.838993
42	91	0.813025
42	108	0.851686
42	115	0.710519
42	133	1.37373
42	142	0.764109
42	146	0.819056
42	155	0.738148
42	166	4.70498
42	170	0.783193
43	3	0.77566
43	12	0.789796
43	20	0.877298
43	26	0.877307
43	27	0.86673
43	49	0.84071
43	50	0.805134
43	54	0.853441
43	55	3.57421
43	57	0.805132
43	102	0.778867
43	138	0.806795
43	155	0.722907
43	157	2.44017
44	19	0.770542
44	30	0.880854
44	46	0.842502
44	78	0.802244
44	87	0.835805
44	89	0.830661
44	114	0.829622
44	116	3.41679
44	117	0.812836
44	120	0.836615
44	122	0.82633
44	167	0.753618
44	170	0.778241
44	171	2.81789
45	4	0.814354
45	7	0.89188
45	8	0.783195
45	25	0.855924
45	71	0.847539
45	84	0.830024
45	93	0.802878
45	97	0.789803
45	104	0.834625
45	112	0.797286
45	138	0.807924
45	141	2.53051
45	167	0.744458
45	173	3.48387
46	44	0.842502
46	78	0.882684
46	79	0.927461
46	87	0.916245
46	89	0.911101
46	111	1.40082
46	114	0.910062
46	116	3.54789
46	117	0.893276
46	120	0.917055
46	122	0.90677
46	167	0.834059
46	170	0.858682
46	172	2.20059
47	5	0.808357
47	15	0.819165
47	29	0.807506
47	42	0.790597
47	81	0.857625
47	91	0.831657
47	108	0.870318
47	113	0.850578
47	123	0.828813
47	132	4.73129
47	142	0.782741
47	159	0.750713
47	165	1.28416
47	170	0.801825
48	8	0.871055
48	21	0.859225
48	41	0.912185
48	71	0.9354
48	84	0.917885
48	93	0.890739
48	97	0.877664
48	104	0.922486
48	112	0.885147
48	138	0.895785
48	142	2.79802
48	167	0.832319
48	168	1.90793
48	169	2.17076
49	2	0.87308
49	9	0.868023
49	43	0.84071
49	50	0.904361
49	57	0.904359
49	70	5.1
49	104	0.932723
49	112	0.895384
49	114	0.918559
49	116	1.13532
49	120	0.925552
49	122	0.915267
49	133	1.28297
49	155	0.822134
50	3	0.839311
50	12	0.853447
50	20	0.940949
50	26	0.940958
50	27	0.930381
50	43	0.805134
50	49	0.904361
50	54	0.917092
50	55	0.92579
50	57	0.868783
50	102	0.842518
50	138	0.870446
50	155	0.786558
50	174	3.68704
50	175	2.56297
51	103	0.269349
51	104	0.985016
51	139	0.492348
51	162	0.936713
51	168	0.896564
51	169	0.893352
51	171	0.890115
51	173	0.901437
51	174	0.858829
51	175	0.867974
51	176	0.847382
51	177	0.858648
51	178	0.844192
51	179	0.861455
51	180	0.843502
52	67	0.852562
52	92	0.79175
52	94	0.786852
52	103	0.781547
52	109	0.805706
52	124	0.821363
52	125	3.28713
52	127	2.90916
52	129	0.811654
52	130	0.804694
52	131	0.808814
52	135	0.833005
52	139	0.789591
52	143	0.812924
52	146	0.799417
53	64	0.649361
53	65	0.969091
53	141	0.97273
53	143	0.23357
53	166	0.872786
53	168	0.893814
53	171	0.887365
53	172	0.910717
53	174	0.85608
53	175	0.865224
53	176	0.844632
53	177	0.855898
53	178	0.841442
53	179	0.858705
53	180	0.840752
54	3	0.887617
54	12	0.901753
54	20	0.989255
54	26	0.989264
54	43	0.853441
54	50	0.917092
54	57	0.917089
54	102	0.890825
54	138	0.918752
54	147	5.93337
54	155	0.834864
54	170	1.74557
54	172	0.934354
55	43	3.57421
55	50	0.92579
55	95	0.842559
55	106	0.851808
55	107	0.854293
55	118	0.86681
55	124	0.858095
55	130	0.841426
55	139	0.826323
55	142	0.781201
55	143	0.849656
55	176	0.730946
55	177	0.742212
55	178	0.727756
55	180	0.727066
56	17	0.587004
56	60	0.941011
56	80	0.869694
56	88	0.866122
56	95	0.872482
56	98	0.847263
56	99	0.846707
56	105	0.879352
56	106	0.881731
56	107	0.884216
56	118	0.896733
56	126	0.841517
56	149	2.59374
56	152	0.873052
56	170	3.1195
57	3	0.839308
57	12	0.853444
57	20	0.940946
57	26	0.940955
57	27	0.930379
57	43	0.805132
57	49	0.904359
57	50	0.868783
57	54	0.917089
57	102	0.842516
57	127	1.43088
57	136	1.97651
57	138	0.870443
57	155	0.786555
57	175	3.70903
58	20	0.935214
58	65	1.25812
58	130	0.823905
58	158	0.962407
58	162	0.909773
58	164	0.915246
58	168	0.869624
58	171	0.863175
58	172	0.886527
58	174	0.831889
58	175	0.841034
58	176	0.820442
58	177	0.831708
58	178	0.817252
58	179	0.834514
58	180	0.816562
59	25	0.916098
59	36	1.61849
59	95	0.304954
59	135	0.215462
59	150	0.945502
59	164	0.9986
59	165	0.971545
59	169	0.949765
59	173	0.957851
59	174	0.915243
59	175	0.924387
59	176	0.903796
59	177	0.915061
59	178	0.900606
59	179	0.917868
59	180	0.899916
60	28	0.900444
60	56	0.941011
60	80	0.944709
60	88	0.941137
60	90	1.15445
60	95	0.947497
60	99	0.921722
60	101	0.968911
60	105	0.954367
60	107	0.959231
60	115	0.832549
60	118	0.971748
60	126	0.916531
60	133	1.38537
60	162	2.55781
60	169	3.24216
61	37	0.926423
61	38	0.993062
61	42	0.910045
61	63	0.940849
61	81	0.977073
61	91	0.951104
61	100	2.99686
61	102	1.47343
61	113	0.970025
61	116	0.903506
61	121	1.1054
61	138	0.960116
61	145	2.7104
61	155	0.876228
61	159	0.870161
61	170	0.921273
62	18	1.05173
62	80	0.977853
62	95	1.01398
62	163	0.911555
62	165	0.897625
62	168	0.879057
62	171	0.872608
62	172	0.89596
62	173	0.88393
62	174	0.841323
62	175	0.850467
62	176	0.829875
62	177	0.841141
62	178	0.826685
62	179	0.843948
62	180	0.825995
63	15	0.831337
63	29	0.819679
63	34	1.02243
63	36	0.896135
63	61	0.940849
63	81	0.869798
63	108	0.88249
63	113	0.86275
63	138	0.85284
63	142	0.794913
63	146	0.849861
63	150	2.20695
63	159	0.762885
63	164	1.07303
63	170	0.813997
63	178	4.57391
64	23	0.945102
64	53	0.649361
64	86	0.933216
64	92	0.915553
64	110	0.927227
64	124	0.945166
64	129	0.935457
64	130	0.928497
64	131	0.932616
64	133	1.27788
64	135	0.956808
64	139	0.913394
64	143	0.936727
64	152	0.9302
64	168	2.87184
64	172	2.7477
65	16	0.836978
65	53	0.969091
65	58	1.25812
65	80	0.874682
65	88	0.87111
65	95	0.877469
65	98	0.852251
65	101	0.898883
65	105	0.88434
65	106	0.886719
65	107	0.889204
65	115	0.762522
65	116	0.817429
65	118	0.90172
65	126	0.846504
65	169	3.4544
66	17	0.901526
66	129	0.259373
66	152	2.91687
66	160	0.820953
66	163	0.833994
66	166	0.780469
66	168	0.801497
66	169	0.798285
66	171	0.795048
66	172	0.8184
66	173	0.80637
66	174	0.763763
66	176	0.752315
66	177	0.763581
66	178	0.749125
66	179	0.766388
66	180	0.748435
67	52	0.852562
67	86	0.929289
67	94	0.906728
67	103	0.901423
67	109	0.925582
67	110	0.9233
67	115	7.8
67	124	0.941239
67	129	0.93153
67	131	0.92869
67	135	0.952881
67	139	0.909467
67	142	0.864346
67	143	0.9328
67	148	1.72218
67	174	2.21658
67	176	1.77049
68	13	2.13347
68	91	0.857153
68	146	0.233554
68	157	0.951862
68	161	0.850359
68	162	0.899873
68	164	0.905347
68	166	0.838696
68	171	0.853275
68	172	0.876627
68	174	0.82199
68	175	0.831134
68	176	0.810542
68	177	0.821808
68	178	0.807352
68	179	0.824615
68	180	0.806662
69	78	0.74473
69	146	0.795797
69	147	0.830735
69	152	0.783553
69	157	0.954191
69	163	0.894551
69	166	0.841026
69	168	0.862054
69	171	0.855605
69	172	0.878957
69	173	0.866927
69	175	0.833464
69	176	0.812872
69	177	0.824137
69	178	0.809682
69	179	0.826944
69	180	0.808992
70	49	5.1
70	77	0.685718
70	126	0.796714
70	147	0.73393
70	156	0.73836
70	160	0.784704
70	161	0.755883
70	162	0.805397
70	166	0.74422
70	171	0.758799
70	173	0.770121
70	174	0.727514
70	176	0.716066
70	177	0.727332
70	178	0.712876
70	179	0.730139
70	180	0.712186
71	7	0.995677
71	25	0.959721
71	41	0.928122
71	45	0.847539
71	48	0.9354
71	84	0.933822
71	93	0.906676
71	97	0.8936
71	104	0.938422
71	112	0.901084
71	121	2.15003
71	123	0.899866
71	134	2.47635
71	136	2.5544
71	138	0.911722
71	157	1.5157
71	167	0.848256
72	81	0.0342371
72	113	1.40169
72	146	0.165421
72	150	0.901785
72	152	0.153176
72	157	1.0014
72	163	0.941759
72	164	0.954884
72	168	0.909261
72	169	0.906049
72	173	0.914135
72	174	0.871527
72	175	0.880671
72	176	0.86008
72	177	0.871345
72	178	0.85689
72	179	0.874152
72	180	0.8562
73	3	3.13051
73	100	0.800319
73	143	1.37401
73	151	0.846007
73	158	0.885613
73	161	0.783465
73	162	0.832979
73	165	0.811397
73	166	0.771802
73	168	0.79283
73	171	0.786381
73	173	0.797703
73	174	0.755095
73	176	0.743648
73	177	0.754914
73	178	0.740458
73	179	0.757721
73	180	0.739768
74	2	2.37745
74	88	0.0729626
74	146	0.854112
74	162	0.894596
74	163	0.886944
74	165	0.873014
74	166	0.833419
74	168	0.854447
74	169	0.851235
74	171	0.847998
74	172	0.87135
74	174	0.816712
74	175	0.825857
74	176	0.805265
74	177	0.816531
74	178	0.802075
74	179	0.819338
74	180	0.801385
75	18	0.832178
75	19	0.815534
75	79	0.892012
75	87	0.880797
75	89	0.875653
75	96	0.757299
75	114	0.874613
75	117	0.857828
75	119	2.71909
75	120	0.881607
75	122	0.871322
75	126	2.77381
75	146	0.859097
75	149	0.807967
75	159	0.772121
75	164	2.61634
75	167	0.79861
75	170	0.823233
76	1	1.03483
76	9	1.40351
76	92	0.347971
76	123	0.691278
76	153	0.935986
76	157	0.998318
76	161	0.896816
76	163	0.938678
76	165	0.924748
76	166	0.885153
76	168	0.90618
76	171	0.899732
76	173	0.911054
76	174	0.868446
76	176	0.856999
76	178	0.853809
76	179	0.871071
76	180	0.853119
77	31	0.781995
77	70	0.685718
77	95	0.737006
77	106	0.746256
77	107	0.748741
77	116	0.676966
77	117	0.729327
77	118	0.761257
77	120	0.753106
77	122	0.742821
77	149	0.679466
77	159	0.64362
77	173	0.679448
77	174	0.636841
77	177	0.636659
77	179	0.639466
77	180	0.621513
78	13	0.837807
78	18	0.827368
78	44	0.802244
78	46	0.882684
78	69	0.74473
78	87	0.875987
78	89	0.870842
78	114	0.869803
78	117	0.853017
78	120	0.876796
78	122	0.866511
78	146	0.854286
78	149	0.803157
78	153	1.91376
78	159	0.767311
78	167	0.7938
78	170	0.818423
78	177	4.58923
79	13	0.882584
79	17	1.19948
79	19	0.855501
79	46	0.927461
79	75	0.892012
79	87	0.920764
79	89	0.915619
79	114	0.91458
79	117	0.897794
79	120	0.921573
79	122	0.911288
79	127	1.53018
79	146	0.899063
79	149	0.847934
79	153	2.80861
79	159	0.812088
79	167	0.838577
79	170	0.8632
79	173	2.79401
80	22	0.911181
80	31	0.921168
80	56	0.869694
80	60	0.944709
80	62	0.977853
80	65	0.874682
80	85	0.989062
80	88	0.869821
80	95	0.87618
80	98	0.850962
80	99	0.850405
80	101	0.897594
80	105	0.88305
80	106	0.88543
80	107	0.887914
80	118	0.900431
80	141	1.48017
80	152	0.876751
80	159	5.02899
81	15	0.867561
81	29	0.855902
81	32	0.940771
81	34	1.05865
81	37	0.855371
81	42	0.838993
81	47	0.857625
81	61	0.977073
81	63	0.869798
81	72	0.0342371
81	91	0.880053
81	108	0.918713
81	113	0.898974
81	142	0.831137
81	157	1.02582
81	159	0.799109
81	161	2.16998
81	170	0.850221
81	180	5.2794
82	13	3.31838
82	14	0.895005
82	105	1.44503
82	154	0.773156
82	158	0.877643
82	161	0.775495
82	163	0.817358
82	165	0.803428
82	168	0.78486
82	169	0.781648
82	172	0.801763
82	173	0.789733
82	174	0.747126
82	175	0.75627
82	176	0.735679
82	177	0.746944
82	178	0.732488
82	179	0.749751
82	180	0.731798
83	112	0.73831
83	143	2.32815
83	147	0.780812
83	154	0.800426
83	161	0.802765
83	163	0.844627
83	166	0.791102
83	168	0.81213
83	171	0.805681
83	172	0.829033
83	173	0.817003
83	175	0.78354
83	176	0.762948
83	177	0.774214
83	178	0.759758
83	179	0.777021
83	180	0.759068
84	2	0.861264
84	8	0.869477
84	21	0.857646
84	25	0.942206
84	41	0.910607
84	45	0.830024
84	48	0.917885
84	71	0.933822
84	93	0.889161
84	97	0.876085
84	104	0.920907
84	112	0.883569
84	123	0.882352
84	138	0.894207
84	142	2.63766
84	163	1.38586
84	164	0.971732
84	167	0.830741
84	177	4.34103
85	80	0.989062
85	94	2.46656
85	152	0.493527
85	156	0.818057
85	162	0.885095
85	164	0.890569
85	165	0.863513
85	166	0.823918
85	168	0.844946
85	169	0.841734
85	172	0.861849
85	173	0.849819
85	174	0.807212
85	175	0.816356
85	176	0.795764
85	177	0.80703
85	178	0.792574
85	179	0.809837
85	180	0.791884
86	64	0.933216
86	67	0.929289
86	92	0.868477
86	94	0.863579
86	96	0.774346
86	109	0.882432
86	124	0.89809
86	129	0.888381
86	130	0.881421
86	131	0.88554
86	135	0.909732
86	139	0.866318
86	142	0.821197
86	143	0.889651
86	149	0.825014
86	152	0.883125
86	157	1.36282
86	167	1.17054
86	176	5.02776
86	177	2.42199
87	18	0.860929
87	44	0.835805
87	46	0.916245
87	75	0.880797
87	78	0.875987
87	79	0.920764
87	89	0.904404
87	111	2.10575
87	114	0.903365
87	117	0.886579
87	120	0.910358
87	122	0.900073
87	137	2.21819
87	140	2.43837
87	146	0.887848
87	149	0.836718
87	159	0.800872
87	167	0.827361
87	170	0.851984
87	172	2.90553
88	16	0.832117
88	28	0.825556
88	31	0.917597
88	56	0.866122
88	60	0.941137
88	65	0.87111
88	74	0.0729626
88	80	0.869821
88	95	0.872608
88	98	0.84739
88	99	0.846833
88	101	0.894022
88	105	0.879479
88	106	0.881858
88	107	0.884343
88	118	0.89686
88	148	1.48088
88	152	0.873179
88	157	1.0631
88	176	6.46492
89	13	0.866224
89	30	0.949452
89	35	0.657847
89	44	0.830661
89	46	0.911101
89	75	0.875653
89	78	0.870842
89	79	0.915619
89	87	0.904404
89	114	0.89822
89	117	0.881434
89	120	0.905213
89	122	0.894928
89	145	3.93717
89	149	0.831574
89	151	2.51411
89	158	1.46975
89	159	0.795728
89	167	0.822217
89	170	0.84684
90	60	1.15445
90	104	1.18855
90	107	0.0401132
90	122	0.739763
90	150	0.877285
90	156	0.857872
90	158	0.977544
90	164	0.930384
90	165	0.903329
90	168	0.884761
90	171	0.878312
90	172	0.901664
90	173	0.889634
90	174	0.847027
90	175	0.856171
90	176	0.835579
90	177	0.846845
90	178	0.832389
90	179	0.849652
90	180	0.831699
91	15	0.841593
91	29	0.829934
91	32	0.914803
91	34	1.03268
91	37	0.829403
91	38	0.896041
91	42	0.813025
91	47	0.831657
91	61	0.951104
91	68	0.857153
91	81	0.880053
91	108	0.892745
91	111	1.74652
91	113	0.873005
91	123	0.85124
91	128	2.4956
91	142	0.805169
91	146	0.860116
91	159	0.77314
91	161	3.88547
91	170	0.824252
92	1	0.916499
92	10	0.821878
92	39	0.880481
92	52	0.79175
92	64	0.915553
92	76	0.347971
92	86	0.868477
92	94	0.845916
92	103	0.840611
92	109	0.86477
92	124	0.880427
92	129	0.870718
92	130	0.863758
92	131	0.867878
92	135	0.892069
92	139	0.848655
92	143	0.871988
92	146	0.858481
92	159	4.61056
92	168	2.11169
92	173	2.01509
93	2	0.834119
93	7	0.951016
93	8	0.842331
93	9	0.829062
93	21	0.8305
93	25	0.91506
93	40	1.07816
93	41	0.883461
93	45	0.802878
93	48	0.890739
93	71	0.906676
93	84	0.889161
93	97	0.848939
93	104	0.893761
93	112	0.856423
93	119	2.81675
93	123	0.855206
93	138	0.867061
93	157	1.63634
93	167	0.803595
93	168	3.48983
94	6	0.911901
94	23	0.875465
94	39	0.875582
94	52	0.786852
94	67	0.906728
94	85	2.46656
94	86	0.863579
94	92	0.845916
94	109	0.859871
94	110	0.857589
94	124	0.875529
94	129	0.86582
94	131	0.862979
94	133	2.41366
94	135	0.887171
94	139	0.843757
94	143	0.86709
94	146	0.853582
94	152	0.860563
94	157	2.15412
94	158	1.92603
95	28	0.831916
95	55	0.842559
95	56	0.872482
95	59	0.304954
95	60	0.947497
95	62	1.01398
95	65	0.877469
95	77	0.737006
95	80	0.87618
95	88	0.872608
95	98	0.853749
95	99	0.853193
95	101	0.900382
95	105	0.885838
95	106	0.888217
95	107	0.890702
95	116	0.818927
95	118	0.903219
95	126	0.848003
95	149	2.88185
95	167	3.90827
96	75	0.757299
96	86	0.774346
96	108	5.73883
96	110	0.768356
96	114	0.779866
96	117	0.76308
96	120	0.786859
96	122	0.776574
96	131	0.773746
96	135	0.797937
96	136	0.763041
96	139	0.754524
96	143	0.777857
96	147	0.67701
96	154	0.696624
96	170	0.728486
96	173	0.713202
96	174	0.670594
96	176	0.659147
96	177	0.670412
96	178	0.655957
96	180	0.655267
97	2	0.821043
97	7	0.937941
97	8	0.829256
97	9	0.815986
97	21	0.817425
97	27	0.91392
97	36	0.89728
97	41	0.870385
97	45	0.789803
97	48	0.877664
97	71	0.8936
97	84	0.876085
97	93	0.848939
97	104	0.880686
97	112	0.843347
97	123	0.84213
97	134	2.1437
97	136	2.22175
97	138	0.853985
97	167	0.790519
97	172	2.91241
97	173	2.93995
98	16	0.813258
98	22	0.888751
98	28	0.806697
98	31	0.898738
98	36	0.893614
98	56	0.847263
98	65	0.852251
98	80	0.850962
98	88	0.84739
98	95	0.853749
98	99	0.827974
98	101	0.875163
98	105	0.86062
98	106	0.862999
98	107	0.865484
98	118	0.878001
98	126	0.822784
98	144	1.34744
98	152	0.85432
98	159	3.96377
98	161	2.67994
98	170	2.30626
99	16	0.812701
99	22	0.888194
99	28	0.806141
99	31	0.898181
99	36	0.893057
99	56	0.846707
99	60	0.921722
99	80	0.850405
99	88	0.846833
99	95	0.853193
99	98	0.827974
99	101	0.874607
99	105	0.860063
99	106	0.862442
99	107	0.864927
99	116	0.793152
99	118	0.877444
99	126	0.822227
99	155	3.07788
99	167	3.20992
99	169	2.13073
99	173	1.7713
100	61	2.99686
100	73	0.800319
100	109	2.99364
100	119	0.825607
100	134	0.812822
100	151	0.814772
100	158	0.854378
100	160	0.781051
100	161	0.75223
100	162	0.801744
100	164	0.807217
100	165	0.780162
100	166	0.740567
100	169	0.758383
100	171	0.755146
100	172	0.778498
100	174	0.72386
100	175	0.733005
100	176	0.712413
100	177	0.723678
100	178	0.709223
100	179	0.726485
100	180	0.708533
101	14	0.737964
101	16	0.85989
101	22	0.935383
101	31	0.94537
101	60	0.968911
101	65	0.898883
101	80	0.897594
101	88	0.894022
101	95	0.900382
101	98	0.875163
101	99	0.874607
101	105	0.907252
101	106	0.909631
101	107	0.912116
101	115	0.785435
101	116	0.840342
101	118	0.924633
101	126	0.869417
101	148	2.24479
101	152	0.900952
101	157	1.08012
101	164	2.15777
101	179	4.3077
102	3	0.813044
102	21	3.39804
102	43	0.778867
102	50	0.842518
102	54	0.890825
102	57	0.842516
102	61	1.47343
102	120	0.849267
102	124	0.863146
102	129	0.853437
102	130	0.846476
102	131	0.850596
102	137	0.83181
102	139	0.831374
102	143	0.854707
102	155	0.760291
102	164	0.830801
102	174	0.747444
102	177	0.747262
102	178	0.732807
102	179	0.750069
102	180	0.732116
103	24	0.888227
103	51	0.269349
103	52	0.781547
103	67	0.901423
103	92	0.840611
103	109	0.854566
103	110	0.852285
103	123	0.839402
103	124	0.870224
103	126	0.823722
103	129	0.860515
103	130	0.853555
103	131	0.857674
103	135	0.881866
103	139	0.838452
103	142	0.79333
103	143	0.861785
103	144	2.1803
103	146	0.848278
103	149	0.797148
103	152	0.855258
103	166	4.03504
103	175	3.21548
104	2	0.865865
104	8	0.874078
104	9	0.860808
104	21	0.862247
104	25	0.946807
104	36	0.942102
104	41	0.915207
104	45	0.834625
104	48	0.922486
104	49	0.932723
104	51	0.985016
104	71	0.938422
104	84	0.920907
104	90	1.18855
104	93	0.893761
104	97	0.880686
104	112	0.888169
104	123	0.886952
104	137	2.20195
104	138	0.898807
104	155	4.2234
104	158	0.931842
104	167	0.835341
105	16	0.845347
105	22	0.920839
105	28	0.838786
105	31	0.930827
105	56	0.879352
105	60	0.954367
105	65	0.88434
105	80	0.88305
105	82	1.44503
105	88	0.879479
105	95	0.885838
105	98	0.86062
105	99	0.860063
105	101	0.907252
105	106	0.895088
105	107	0.897572
105	111	1.14948
105	116	0.825798
105	118	0.910089
105	126	0.854873
105	140	1.4821
105	152	0.886409
105	171	2.69765
105	174	4.1152
106	16	0.847726
106	22	0.923219
106	28	0.841165
106	31	0.933206
106	36	0.928082
106	55	0.851808
106	56	0.881731
106	65	0.886719
106	77	0.746256
106	80	0.88543
106	88	0.881858
106	95	0.888217
106	98	0.862999
106	99	0.862442
106	101	0.909631
106	105	0.895088
106	107	0.899952
106	115	0.77327
106	118	0.912469
106	137	1.25488
106	152	0.888788
106	157	0.969201
106	163	1.70465
106	177	4.65982
106	179	3.44045
107	16	0.850211
107	22	0.925703
107	28	0.84365
107	55	0.854293
107	56	0.884216
107	60	0.959231
107	65	0.889204
107	77	0.748741
107	80	0.887914
107	88	0.884343
107	90	0.0401132
107	95	0.890702
107	98	0.865484
107	99	0.864927
107	101	0.912116
107	105	0.897572
107	106	0.899952
107	115	0.775755
107	118	0.914953
107	126	0.859737
107	127	1.24151
107	152	0.891273
107	155	3.07497
107	170	2.70636
107	174	3.90679
108	5	0.869445
108	29	0.868595
108	32	0.953464
108	37	0.868064
108	38	0.934702
108	42	0.851686
108	47	0.870318
108	63	0.88249
108	81	0.918713
108	91	0.892745
108	96	5.73883
108	113	0.911666
108	115	0.790239
108	116	0.845146
108	125	0.896741
108	138	0.901756
108	141	1.4165
108	142	0.843829
108	146	0.898777
108	152	0.905757
108	155	0.817868
108	159	0.811801
108	162	1.45768
108	163	1.51748
108	170	0.862913
109	6	0.930755
109	39	0.894436
109	52	0.805706
109	67	0.925582
109	86	0.882432
109	92	0.86477
109	94	0.859871
109	100	2.99364
109	103	0.854566
109	110	0.876443
109	111	1.39743
109	123	0.863561
109	124	0.894383
109	126	0.847881
109	129	0.884674
109	130	0.877713
109	131	0.881833
109	135	0.906024
109	139	0.86261
109	143	0.885943
109	149	0.821307
109	151	1.28412
109	152	0.879417
109	154	3.99711
109	164	1.54551
110	1	0.928172
110	10	0.833551
110	11	1.07746
110	40	0.928287
110	64	0.927227
110	67	0.9233
110	94	0.857589
110	96	0.768356
110	103	0.852285
110	109	0.876443
110	123	0.861279
110	124	0.892101
110	129	0.882392
110	130	0.875431
110	131	0.879551
110	135	0.903743
110	139	0.860329
110	143	0.883662
110	145	3.2662
110	146	0.870154
110	148	2.19155
110	149	0.819025
110	152	0.877135
110	164	2.10453
110	165	2.43774
111	46	1.40082
111	87	2.10575
111	91	1.74652
111	105	1.14948
111	109	1.39743
111	145	0.884967
111	151	0.926149
111	153	0.902777
111	154	0.861268
111	161	0.863607
111	163	0.905469
111	164	0.918595
111	165	0.891539
111	166	0.851944
111	168	0.872972
111	169	0.86976
111	171	0.866523
111	172	0.889875
111	173	0.877845
111	174	0.835237
111	175	0.844382
111	176	0.82379
111	177	0.835056
111	178	0.8206
111	179	0.837863
111	180	0.81991
112	2	0.828527
112	4	0.867899
112	7	0.945425
112	8	0.836739
112	9	0.82347
112	21	0.824908
112	25	0.909468
112	27	0.921404
112	36	0.904764
112	41	0.877869
112	45	0.797286
112	48	0.885147
112	49	0.895384
112	71	0.901084
112	83	0.73831
112	84	0.883569
112	93	0.856423
112	97	0.843347
112	104	0.888169
112	123	0.849614
112	128	1.61059
112	138	0.861469
112	150	3.27176
112	162	1.24255
112	167	0.798003
112	178	5.63871
113	5	0.849705
113	14	1.08745
113	15	0.860514
113	32	0.933724
113	35	0.389616
113	36	0.925312
113	37	0.848324
113	38	0.914962
113	47	0.850578
113	61	0.970025
113	63	0.86275
113	72	1.40169
113	81	0.898974
113	91	0.873005
113	108	0.911666
113	115	0.7705
113	116	0.825407
113	138	0.882016
113	142	0.82409
113	146	0.879037
113	149	3.5987
113	152	0.886018
113	155	0.798128
113	159	0.792061
113	170	0.843173
113	173	3.18651
114	4	0.891074
114	13	0.865185
114	18	0.854746
114	19	0.838102
114	44	0.829622
114	46	0.910062
114	49	0.918559
114	75	0.874613
114	78	0.869803
114	79	0.91458
114	87	0.903365
114	89	0.89822
114	96	0.779866
114	117	0.880395
114	120	0.904174
114	122	0.893889
114	142	3.37382
114	146	0.881664
114	149	0.830535
114	151	1.44651
114	159	0.794689
114	164	1.70789
114	167	0.821178
114	170	0.845801
114	173	2.38713
114	175	3.40145
115	28	0.716968
115	37	0.726897
115	42	0.710519
115	60	0.832549
115	65	0.762522
115	67	7.8
115	101	0.785435
115	106	0.77327
115	107	0.775755
115	108	0.790239
115	113	0.7705
115	118	0.788272
115	126	0.733055
115	132	0.682739
115	138	0.76059
115	144	0.760012
115	150	0.694114
115	161	0.692225
115	165	0.720157
115	169	0.698377
115	170	0.721747
115	175	0.672999
115	176	0.652408
115	177	0.663673
115	179	0.66648
115	180	0.648528
116	15	0.793994
116	22	0.853929
116	29	0.782335
116	44	3.41679
116	46	3.54789
116	49	1.13532
116	61	0.903506
116	65	0.817429
116	77	0.676966
116	95	0.818927
116	99	0.793152
116	101	0.840342
116	105	0.825798
116	108	0.845146
116	113	0.825407
116	118	0.843179
116	152	0.819498
116	157	0.848634
116	168	0.756496
116	169	0.753284
116	170	0.776654
116	171	0.750048
116	175	0.727906
116	177	0.71858
116	178	0.704125
116	179	0.721387
116	180	0.703435
117	13	0.848399
117	18	0.83796
117	19	0.821316
117	27	0.927793
117	30	0.931627
117	40	0.923011
117	44	0.812836
117	46	0.893276
117	75	0.857828
117	77	0.729327
117	78	0.853017
117	79	0.897794
117	87	0.886579
117	89	0.881434
117	96	0.76308
117	114	0.880395
117	120	0.887388
117	122	0.877103
117	128	1.68937
117	132	4.86871
117	146	0.864878
117	149	0.813749
117	153	1.78219
117	159	0.777903
117	167	0.804392
117	170	0.829015
117	172	1.74006
117	175	2.78192
118	16	0.862728
118	22	0.93822
118	28	0.856167
118	31	0.948207
118	36	0.943084
118	55	0.86681
118	56	0.896733
118	60	0.971748
118	65	0.90172
118	77	0.761257
118	80	0.900431
118	88	0.89686
118	95	0.903219
118	98	0.878001
118	99	0.877444
118	101	0.924633
118	105	0.910089
118	106	0.912469
118	107	0.914953
118	115	0.788272
118	116	0.843179
118	144	1.97799
118	151	1.05823
118	152	0.90379
118	154	3.77122
118	160	2.69542
118	163	1.73374
118	171	2.71971
119	7	1.4712
119	26	1.39296
119	75	2.71909
119	93	2.81675
119	100	0.825607
119	137	0.86475
119	142	0.819192
119	151	0.871296
119	153	0.847924
119	154	0.806414
119	156	0.79123
119	157	0.910256
119	161	0.808754
119	162	0.858268
119	164	0.863741
119	166	0.79709
119	168	0.818118
119	169	0.814906
119	171	0.811669
119	172	0.835021
119	173	0.822991
119	174	0.780384
119	175	0.789528
119	176	0.768937
119	177	0.780202
119	178	0.765747
119	179	0.783009
119	180	0.765056
120	4	0.898067
120	13	0.872178
120	18	0.861739
120	19	0.845095
120	27	0.951572
120	30	0.955406
120	44	0.836615
120	46	0.917055
120	49	0.925552
120	75	0.881607
120	77	0.753106
120	78	0.876796
120	79	0.921573
120	87	0.910358
120	89	0.905213
120	96	0.786859
120	102	0.849267
120	114	0.904174
120	117	0.887388
120	122	0.900882
120	142	2.59049
120	145	2.08623
120	146	0.888657
120	149	0.837528
120	159	0.801682
120	167	0.828171
120	168	1.7004
120	169	1.96323
120	170	0.852794
120	177	4.29386
121	41	2.29474
121	61	1.1054
121	71	2.15003
121	134	0.884434
121	136	0.88792
121	138	0.781886
121	148	0.895109
121	152	0.815424
121	156	0.806318
121	157	0.925344
121	158	0.92599
121	160	0.852663
121	161	0.823842
121	162	0.873356
121	163	0.865704
121	164	0.87883
121	165	0.851774
121	166	0.812179
121	168	0.833207
121	169	0.829995
121	171	0.826758
121	172	0.85011
121	173	0.83808
121	174	0.795472
121	175	0.804617
121	176	0.784025
121	177	0.795291
121	178	0.780835
121	179	0.798098
121	180	0.780145
122	4	0.887782
122	13	0.861893
122	18	0.851454
122	19	0.83481
122	27	0.941287
122	30	0.945121
122	40	0.936505
122	44	0.82633
122	46	0.90677
122	49	0.915267
122	75	0.871322
122	77	0.742821
122	78	0.866511
122	79	0.911288
122	87	0.900073
122	89	0.894928
122	90	0.739763
122	96	0.776574
122	114	0.893889
122	117	0.877103
122	120	0.900882
122	133	0.970684
122	134	1.6718
122	146	0.878372
122	149	0.827243
122	150	4.9702
122	153	2.48264
122	159	0.791397
122	167	0.817886
122	170	0.842509
122	171	3.1889
123	7	0.944207
123	21	0.823691
123	32	0.911959
123	34	1.02984
123	35	0.250909
123	47	0.828813
123	71	0.899866
123	76	0.691278
123	84	0.882352
123	91	0.85124
123	93	0.855206
123	97	0.84213
123	103	0.839402
123	104	0.886952
123	109	0.863561
123	110	0.861279
123	112	0.849614
123	129	0.869509
123	130	0.862549
123	131	0.866669
123	135	0.89086
123	139	0.847446
123	143	0.870779
123	144	3.02693
123	146	0.857272
123	151	2.10717
123	155	0.776363
123	159	0.770296
123	167	0.796786
123	169	3.40723
123	170	0.821409
123	171	3.76865
124	1	0.946112
124	10	0.85149
124	23	0.909977
124	24	0.928044
124	39	0.910094
124	52	0.821363
124	55	0.858095
124	64	0.945166
124	67	0.941239
124	86	0.89809
124	92	0.880427
124	94	0.875529
124	102	0.863146
124	103	0.870224
124	109	0.894383
124	110	0.892101
124	126	0.863539
124	129	0.900331
124	130	0.893371
124	131	0.897491
124	135	0.921682
124	139	0.878268
124	141	1.21075
124	142	0.833147
124	143	0.901601
124	146	0.888094
124	149	0.836964
124	160	0.96125
124	167	1.7033
124	168	1.21935
124	171	0.985539
124	176	5.56052
124	178	5.1338
125	52	3.28713
125	108	0.896741
125	130	1.7749
125	131	1.53132
125	132	0.783636
125	137	0.849118
125	147	0.771168
125	148	0.864389
125	153	0.832292
125	154	0.790782
125	156	0.775598
125	157	0.894624
125	158	0.895269
125	160	0.821943
125	161	0.793122
125	162	0.842636
125	163	0.834984
125	165	0.821054
125	166	0.781459
125	168	0.802486
125	169	0.799274
125	171	0.796038
125	172	0.81939
125	173	0.80736
125	174	0.764752
125	175	0.773896
125	176	0.753305
125	177	0.76457
125	178	0.750115
125	179	0.767377
125	180	0.749425
126	15	2.78277
126	26	1.44767
126	32	1.9344
126	34	1.26135
126	56	0.841517
126	60	0.916531
126	65	0.846504
126	70	0.796714
126	75	2.77381
126	95	0.848003
126	98	0.822784
126	99	0.822227
126	101	0.869417
126	103	0.823722
126	105	0.854873
126	107	0.859737
126	109	0.847881
126	115	0.733055
126	124	0.863539
126	129	0.85383
126	130	0.846869
126	131	0.850989
126	135	0.87518
126	139	0.831767
126	143	0.8551
126	164	0.831194
126	165	0.804139
126	172	0.802475
126	173	0.790445
126	174	0.747837
126	177	0.747655
126	178	0.7332
126	179	0.750462
126	180	0.73251
127	1	1.55284
127	52	2.90916
127	57	1.43088
127	79	1.53018
127	107	1.24151
127	135	0.340179
127	136	0.904129
127	141	0.928332
127	147	0.818098
127	148	0.911318
127	151	0.902594
127	153	0.879222
127	154	0.837712
127	156	0.822528
127	157	0.941554
127	160	0.868873
127	161	0.840051
127	162	0.889565
127	163	0.881913
127	164	0.895039
127	165	0.867984
127	168	0.849416
127	169	0.846204
127	171	0.842967
127	172	0.866319
127	173	0.854289
127	174	0.811682
127	175	0.820826
127	176	0.800234
127	177	0.8115
127	178	0.797044
127	179	0.814307
127	180	0.796354
128	27	1.00667
128	91	2.4956
128	112	1.61059
128	117	1.68937
128	136	0.8746
128	140	0.88512
128	141	0.898804
128	145	0.831882
128	146	1.872
128	148	0.88179
128	150	0.812412
128	154	0.808183
128	157	0.912025
128	158	0.912671
128	161	0.810523
128	162	0.860037
128	163	0.852385
128	164	0.86551
128	165	0.838455
128	166	0.79886
128	168	0.819888
128	169	0.816676
128	171	0.813439
128	172	0.836791
128	173	0.824761
128	174	0.782153
128	175	0.791298
128	176	0.770706
128	177	0.781971
128	178	0.767516
128	179	0.784778
128	180	0.766826
129	1	0.936403
129	6	0.936704
129	10	0.841781
129	23	0.900268
129	24	0.918335
129	52	0.811654
129	64	0.935457
129	66	0.259373
129	67	0.93153
129	86	0.888381
129	92	0.870718
129	94	0.86582
129	102	0.853437
129	103	0.860515
129	109	0.884674
129	110	0.882392
129	123	0.869509
129	124	0.900331
129	126	0.85383
129	130	0.883662
129	131	0.887782
129	135	0.911973
129	139	0.868559
129	142	0.823438
129	143	0.891892
129	146	0.878385
129	149	0.827255
129	152	0.885366
129	166	1.11437
129	170	1.54363
129	172	1.67385
129	176	4.57632
129	178	4.1496
129	180	3.70155
130	1	0.929442
130	6	0.929743
130	10	0.834821
130	23	0.893307
130	24	0.911374
130	39	0.893424
130	40	0.929557
130	52	0.804694
130	55	0.841426
130	58	0.823905
130	64	0.928497
130	86	0.881421
130	92	0.863758
130	102	0.846476
130	103	0.853555
130	109	0.877713
130	110	0.875431
130	123	0.862549
130	124	0.893371
130	125	1.7749
130	126	0.846869
130	129	0.883662
130	131	0.880821
130	135	0.905012
130	139	0.861599
130	142	0.816477
130	143	0.884932
130	146	0.871424
130	148	2.06853
130	149	0.820295
130	152	0.878405
130	160	3.35731
130	162	2.33583
130	164	1.98151
130	172	2.63322
131	1	0.933562
131	4	0.907893
131	6	0.933863
131	10	0.838941
131	11	0.710863
131	24	0.915494
131	39	0.897544
131	52	0.808814
131	64	0.932616
131	67	0.92869
131	86	0.88554
131	92	0.867878
131	94	0.862979
131	96	0.773746
131	102	0.850596
131	103	0.857674
131	109	0.881833
131	110	0.879551
131	123	0.866669
131	124	0.897491
131	125	1.53132
131	126	0.850989
131	129	0.887782
131	130	0.880821
131	135	0.909132
131	139	0.865718
131	142	0.820597
131	143	0.889051
131	146	0.875544
131	149	0.824415
131	152	0.882525
131	155	3.72375
131	158	1.11896
131	161	3.72881
131	172	2.38964
132	47	4.73129
132	115	0.682739
132	117	4.86871
132	125	0.783636
132	133	0.845588
132	136	0.789968
132	144	0.793677
132	147	0.703937
132	148	0.797157
132	150	0.727779
132	153	0.76506
132	157	0.827393
132	158	0.828038
132	160	0.754711
132	161	0.72589
132	162	0.775404
132	163	0.767752
132	164	0.780878
132	165	0.753822
132	168	0.735255
132	169	0.732043
132	170	0.755413
132	171	0.728806
132	172	0.752158
132	173	0.740128
132	174	0.697521
132	175	0.706665
132	176	0.686073
132	177	0.697339
132	178	0.682883
132	179	0.700146
132	180	0.682193
133	5	2.0957
133	42	1.37373
133	49	1.28297
133	60	1.38537
133	64	1.27788
133	94	2.41366
133	122	0.970684
133	132	0.845588
133	140	0.929671
133	144	0.922861
133	147	0.833121
133	148	0.926341
133	150	0.856963
133	151	0.917616
133	154	0.852735
133	156	0.83755
133	157	0.956577
133	158	0.957222
133	160	0.883895
133	161	0.855074
133	163	0.896936
133	164	0.910062
133	165	0.883006
133	166	0.843411
133	168	0.864439
133	169	0.861227
133	171	0.85799
133	172	0.881342
133	173	0.869312
133	174	0.826704
133	175	0.835849
133	176	0.815257
133	177	0.826523
133	178	0.812067
133	179	0.82933
133	180	0.811377
134	24	1.74948
134	71	2.47635
134	97	2.1437
134	100	0.812822
134	121	0.884434
134	122	1.6718
134	140	0.870565
134	143	1.5632
134	144	0.863755
134	147	0.774014
134	148	0.867235
134	150	0.797857
134	151	0.85851
134	153	0.835138
134	154	0.793628
134	157	0.89747
134	158	0.898116
134	160	0.824789
134	161	0.795968
134	162	0.845482
134	163	0.83783
134	164	0.850955
134	165	0.8239
134	166	0.784305
134	168	0.805333
134	169	0.802121
134	172	0.822236
134	173	0.810206
134	174	0.767598
134	175	0.776743
134	176	0.756151
134	177	0.767417
134	178	0.752961
134	179	0.770223
134	180	0.752271
135	1	0.957753
135	6	0.958054
135	10	0.863132
135	23	0.921618
135	24	0.939685
135	33	3.00474
135	39	0.921735
135	52	0.833005
135	59	0.215462
135	64	0.956808
135	67	0.952881
135	86	0.909732
135	92	0.892069
135	94	0.887171
135	96	0.797937
135	103	0.881866
135	109	0.906024
135	110	0.903743
135	123	0.89086
135	124	0.921682
135	126	0.87518
