1	17	1.16176
1	77	1.16503
1	93	1.20953
1	107	1.22658
1	119	1.19798
1	128	0.635507
1	164	1.18754
1	169	1.19194
1	170	0.592187
1	174	0.583919
1	175	1.25963
1	176	0.593846
2	40	0.489696
2	52	0.44023
2	76	0.430888
2	116	1.3678
2	146	0.451378
2	167	1.48803
2	170	1.4696
2	175	1.54191
2	176	1.47279
2	177	0.381763
2	180	1.45988
3	43	1.47001
3	91	1.58993
3	116	1.54037
3	136	1.66213
3	147	0.411973
3	149	0.411141
3	154	0.447707
3	171	1.62309
3	172	0.390933
3	174	0.362671
3	175	1.71448
3	179	0.383892
4	54	1.4236
4	62	1.35368
4	63	1.35368
4	66	1.35933
4	71	1.36762
4	126	0.459321
4	149	0.512828
4	163	0.470085
4	164	1.36194
4	167	1.38015
4	170	0.472626
4	178	0.491982
5	32	0.456629
5	95	0.484509
5	140	0.478769
5	164	0.498222
5	165	1.36676
5	166	1.34608
5	168	1.38885
5	173	1.39428
5	174	1.37638
5	177	0.475109
5	178	1.36581
5	180	1.36185
6	111	1.3363
6	115	0.472569
6	134	1.36367
6	140	1.37668
6	145	1.37842
6	153	1.3449
6	156	1.41356
6	160	0.483258
6	166	0.4956
6	169	0.479215
6	174	0.476027
6	179	1.38647
7	57	0.639033
7	59	0.470814
7	127	1.23236
7	145	0.649893
7	149	1.15729
7	155	1.20142
7	161	0.634917
7	170	1.19728
7	172	1.21261
7	173	1.21998
7	178	1.19151
7	180	1.18755
8	58	1.34517
8	65	1.29746
8	81	1.34663
8	92	1.3882
8	104	1.42642
8	105	1.42642
8	117	0.479193
8	151	0.532195
8	160	0.465556
8	169	0.461513
8	171	1.36969
8	176	0.468253
9	41	0.384807
9	79	1.24106
9	101	1.33117
9	103	1.41321
9	110	1.39563
9	137	1.43408
9	138	1.39506
9	148	0.509541
9	165	0.508918
9	166	0.510311
9	169	1.38979
9	174	0.490738
10	35	1.3918
10	41	1.40113
10	54	1.40649
10	66	1.34222
10	71	1.35051
10	157	0.508506
10	159	0.511135
10	163	0.497769
10	164	1.34482
10	167	1.36304
10	173	0.494907
10	177	0.391882
11	16	1.38425
11	18	0.479801
11	26	1.32777
11	31	1.43286
11	48	1.32881
11	75	1.34769
11	80	1.33788
11	97	0.47071
11	129	0.478671
11	154	0.524918
11	171	0.453001
11	175	1.44073
12	69	1.37681
12	110	1.36963
12	121	0.453657
12	124	1.32378
12	132	1.39327
12	137	1.40808
12	138	1.36905
12	144	0.481469
12	150	0.483823
12	151	0.529395
12	164	1.35939
12	173	0.458391
13	73	1.34447
13	74	1.34934
13	86	1.30185
13	114	1.43238
13	147	0.538908
13	155	0.502341
13	169	0.492794
13	170	0.497874
13	172	1.3818
13	175	0.372305
13	177	1.40599
13	179	1.38417
14	27	1.37167
14	39	0.544065
14	43	1.23855
14	49	0.475585
14	91	1.35847
14	100	1.47163
14	116	1.30892
14	136	1.43067
14	142	0.467644
14	161	1.42008
14	163	0.448602
14	172	0.471138
15	20	1.52648
15	55	0.520114
15	65	1.26559
15	81	1.31476
15	104	1.39455
15	105	1.39455
15	115	0.455906
15	150	0.487662
15	161	1.36626
15	169	0.462552
15	171	1.33782
15	179	0.480586
16	11	1.38425
16	26	1.3088
16	48	1.30983
16	75	1.32872
16	78	1.52775
16	80	1.31891
16	85	0.462429
16	158	0.469037
16	172	0.499007
16	175	1.42175
16	178	0.498369
16	180	0.478127
17	1	1.16176
17	85	0.504994
17	93	1.33025
17	102	1.27058
17	119	1.31871
17	125	0.547106
17	152	0.508634
17	161	1.31741
17	164	1.30827
17	166	0.532883
17	169	1.31266
17	174	0.513309
17	175	1.38036
18	11	0.479801
18	63	0.514382
18	73	0.534202
18	81	0.525778
18	88	1.32167
18	113	0.539818
18	122	1.32338
18	136	1.30287
18	150	1.27807
18	161	1.29228
18	176	1.2861
18	177	1.32245
18	180	1.27319
19	80	0.528172
19	90	0.491715
19	93	0.524446
19	134	1.28391
19	136	1.30895
19	153	1.26513
19	156	1.3338
19	162	1.28438
19	164	0.53408
19	167	0.515149
19	175	1.36131
19	178	1.28324
19	180	1.27927
20	15	1.52648
20	24	1.45541
20	81	1.46105
20	89	0.420671
20	92	1.50262
20	115	0.417977
20	135	0.434772
20	146	1.4578
20	147	0.470736
20	161	1.51255
20	171	1.4841
20	174	0.421434
20	179	0.442656
21	33	1.34342
21	44	1.27683
21	61	1.20506
21	64	1.30619
21	67	1.30562
21	88	1.32013
21	122	1.32184
21	139	0.508562
21	152	0.514754
21	158	0.517721
21	163	0.525157
21	177	1.3209
21	179	0.540651
22	79	1.17113
22	101	1.26124
22	124	1.27986
22	132	1.34934
22	137	1.36415
22	138	1.32513
22	141	0.490213
22	157	0.527826
22	159	0.530455
22	164	1.31546
22	167	1.33368
22	168	0.519371
22	178	0.538986
23	72	1.32154
23	97	0.541818
23	106	0.51688
23	108	1.31456
23	118	1.32263
23	131	0.497399
23	134	1.27339
23	153	1.25461
23	156	1.32328
23	162	0.539651
23	172	1.29381
23	174	0.510989
23	179	1.29618
24	20	1.45541
24	38	1.2082
24	49	0.540454
24	58	1.24223
24	92	1.28526
24	104	1.32348
24	105	1.32348
24	155	0.520478
24	158	0.506036
24	161	1.29519
24	169	0.510931
24	171	1.26675
24	179	0.528965
25	31	0.486295
25	58	0.553405
25	66	0.522799
25	81	0.522293
25	127	1.32632
25	138	0.508393
25	163	1.31109
25	170	1.29123
25	173	1.31393
25	174	1.29603
25	176	1.29442
25	178	1.28547
25	180	1.28151
26	11	1.32777
26	16	1.3088
26	31	1.35741
26	48	1.25335
26	75	1.27224
26	80	1.26243
26	125	1.25271
26	139	0.489326
26	154	0.58523
26	169	0.503381
26	175	1.36528
26	179	0.521415
26	180	0.507576
27	14	1.37167
27	28	1.47414
27	43	1.1224
27	53	0.489267
27	91	1.24231
27	116	1.19276
27	123	1.35437
27	159	0.534763
27	166	0.535243
27	168	0.523679
27	170	0.523938
27	171	1.27548
27	175	1.36687
28	27	1.47414
28	42	1.39911
28	43	1.34102
28	123	1.57299
28	136	1.53314
28	147	0.464319
28	171	1.4941
28	172	0.44328
28	173	0.417883
28	174	0.415017
28	175	1.5855
28	176	0.424945
28	178	0.442642
29	35	1.5173
29	39	0.484977
29	49	0.416497
29	54	1.53199
29	62	1.46207
29	63	1.46207
29	66	1.46772
29	147	0.433089
29	149	0.432257
29	151	0.457657
29	164	1.47032
29	167	1.48854
29	174	0.383787
30	82	1.52834
30	89	0.402797
30	91	1.43828
30	116	1.38872
30	136	1.51048
30	154	0.488597
30	161	1.49989
30	162	0.432222
30	165	0.42174
30	171	1.47144
30	172	0.431823
30	175	1.56284
30	178	0.431185
31	11	1.43286
31	25	0.486295
31	26	1.35741
31	48	1.35844
31	75	1.37733
31	80	1.36752
31	87	1.47826
31	125	1.3578
31	143	0.461581
31	160	0.457091
31	163	0.455588
31	165	0.46804
31	172	0.478123
31	175	1.47036
32	5	0.456629
32	97	1.34051
32	109	1.41432
32	112	1.3776
32	124	1.36294
32	129	0.491598
32	132	1.43243
32	137	1.44724
32	138	1.40821
32	167	1.41676
32	168	0.460817
32	170	0.461076
32	176	0.462735
32	179	0.47403
33	21	1.34342
33	44	1.39111
33	61	1.31935
33	64	1.42048
33	67	1.41991
33	88	1.43441
33	122	1.43613
33	127	0.447678
33	128	0.494385
33	149	0.491267
33	162	0.471458
33	168	0.450806
33	176	0.452724
33	177	1.43519
34	84	1.18621
34	86	1.18565
34	96	1.22314
34	114	1.31618
34	120	0.531005
34	135	0.557721
34	149	0.592854
34	150	0.572681
34	151	1.19678
34	167	1.26869
34	170	0.552652
34	172	1.2656
34	177	1.28979
34	179	1.26796
35	10	1.3918
35	29	1.5173
35	62	1.37276
35	63	1.37276
35	66	1.37842
35	71	1.38671
35	125	0.481093
35	148	0.466099
35	164	1.38102
35	167	1.39923
35	171	0.460416
35	172	0.475559
35	173	0.450162
35	178	0.474921
36	77	1.26537
36	93	1.30987
36	102	1.2502
36	107	1.32693
36	119	1.29833
36	120	0.496145
36	161	1.29703
36	162	0.538184
36	169	1.29228
36	170	0.517791
36	172	0.537786
36	175	1.35998
36	180	0.516906
37	90	1.27242
37	93	1.24801
37	102	1.18834
37	107	1.26506
37	119	1.23646
37	148	0.565891
37	161	1.23516
37	164	1.22602
37	169	1.23041
37	170	0.555356
37	171	0.560208
37	172	0.575351
37	173	0.549954
37	175	1.29811
38	24	1.2082
38	47	1.27167
38	65	1.16467
38	92	1.2554
38	97	0.595184
38	104	1.29362
38	105	1.29362
38	133	0.51308
38	146	1.21059
38	151	0.638226
38	161	1.26534
38	164	0.487309
38	169	0.567543
38	171	1.23689
39	14	0.544065
39	29	0.484977
39	75	1.20816
39	80	1.19835
39	81	0.587049
39	116	0.612838
39	130	1.30566
39	136	0.566831
39	156	1.27369
39	165	1.22407
39	175	1.3012
39	178	1.22312
39	179	1.24659
39	180	1.21916
40	2	0.489696
40	72	1.27463
40	89	0.578457
40	95	1.24663
40	120	0.565843
40	145	1.24122
40	146	1.18618
40	153	1.2077
40	156	1.27637
40	171	0.592341
40	172	1.2469
40	174	0.579221
40	177	1.2711
40	179	1.24927
41	9	0.384807
41	10	1.40113
41	54	1.45201
41	62	1.38209
41	63	1.38209
41	66	1.38774
41	71	1.39603
41	99	0.506084
41	164	1.39035
41	166	0.485091
41	167	1.40856
41	173	0.468383
41	176	0.475445
41	179	0.486739
42	28	1.39911
42	51	1.25047
42	56	1.17426
42	91	1.16729
42	100	1.28045
42	116	1.11773
42	123	1.27934
42	129	0.586962
42	136	1.23949
42	152	0.543496
42	169	0.551359
42	175	1.29185
42	179	0.569394
42	180	0.555555
43	3	1.47001
43	14	1.23855
43	27	1.1224
43	28	1.34102
43	51	1.19238
43	82	1.19925
43	97	0.558895
43	123	1.22125
43	136	1.1814
43	144	0.554011
43	154	0.613103
43	157	0.544531
43	170	0.536335
43	175	1.23375
44	21	1.27683
44	33	1.39111
44	61	1.25275
44	64	1.35389
44	67	1.35331
44	85	0.468778
44	115	1.35031
44	122	1.36953
44	146	1.28367
44	154	0.56213
44	160	0.484324
44	171	0.490213
44	177	1.36859
44	178	0.504717
44	179	0.498315
45	94	0.515496
45	95	1.34396
45	98	1.30093
45	113	1.29897
45	126	0.48753
45	127	0.497448
45	134	1.32381
45	135	0.505904
45	139	0.4817
45	145	1.33856
45	153	1.30504
45	156	1.3737
45	177	1.36843
45	178	0.520191
45	179	1.34661
46	56	1.28559
46	82	1.36868
46	85	0.49105
46	116	1.22906
46	120	1.31998
46	123	1.39067
46	131	0.485774
46	136	1.35082
46	141	0.478216
46	161	1.34023
46	163	0.505092
46	171	1.31178
46	172	0.527628
46	175	1.40318
46	179	0.520587
47	38	1.27167
47	56	0.532787
47	58	1.30571
47	81	1.30717
47	92	1.34873
47	94	0.496878
47	97	0.504778
47	104	1.38695
47	105	1.38695
47	146	1.30392
47	157	0.490413
47	160	0.48118
47	161	1.35867
47	171	1.33022
47	172	0.502212
48	11	1.32881
48	16	1.30983
48	26	1.25335
48	31	1.35844
48	75	1.27327
48	78	1.47231
48	80	1.26346
48	87	1.37421
48	135	0.498585
48	143	0.496968
48	150	0.513545
48	157	0.501712
48	163	0.490975
48	175	1.36631
48	179	0.506469
49	14	0.475585
49	24	0.540454
49	29	0.416497
49	116	0.544358
49	132	0.51552
49	160	1.34271
49	166	1.30579
49	168	1.34856
49	170	1.33129
49	173	1.35399
49	174	1.33609
49	176	1.33448
49	177	0.503999
49	178	1.32553
49	180	1.32157
50	69	1.35605
50	79	1.19429
50	103	1.36644
50	109	1.3544
50	112	1.31768
50	124	1.30302
50	132	1.37251
50	135	0.500297
50	137	1.38732
50	138	1.34829
50	157	0.503424
50	160	0.49419
50	172	0.515222
50	174	0.486959
50	179	0.508181
51	42	1.25047
51	43	1.19238
51	82	1.40235
51	91	1.3123
51	100	1.42546
51	116	1.26274
51	123	1.42435
51	125	0.52072
51	136	1.3845
51	139	0.476057
51	165	0.505103
51	171	1.34546
51	172	0.515186
51	176	0.496851
51	180	0.494306
52	2	0.44023
52	70	1.2593
52	76	1.3368
52	84	1.28862
52	86	1.28806
52	96	1.32555
52	143	0.541476
52	152	0.52508
52	161	0.43464
52	167	1.3711
52	169	0.532943
52	172	1.368
52	174	0.529756
52	177	1.3922
52	179	1.37037
53	27	0.489267
53	62	0.450692
53	92	0.456476
53	104	0.447887
53	118	0.454405
53	130	0.424957
53	148	1.42212
53	154	1.35728
53	157	1.43641
53	164	0.467998
53	165	1.43191
53	170	1.43673
53	171	1.41765
53	176	1.43992
53	178	1.43097
53	180	1.42701
54	4	1.4236
54	10	1.40649
54	29	1.53199
54	41	1.45201
54	62	1.38745
54	63	1.38745
54	71	1.40139
54	121	0.433352
54	131	0.421629
54	150	0.463517
54	154	0.520257
54	157	0.451684
54	164	1.39571
54	167	1.41392
54	178	0.462844
54	179	0.456442
55	15	0.520114
55	75	1.25931
55	80	1.2495
55	93	0.545518
55	100	0.504661
55	112	0.554462
55	122	0.532831
55	133	1.23684
55	145	1.28969
55	153	1.25617
55	163	1.29989
55	167	0.53622
55	173	1.30273
55	175	1.35234
55	176	1.28322
55	180	1.27031
56	42	1.17426
56	46	1.28559
56	47	0.532787
56	84	1.22429
56	100	1.34925
56	110	0.517842
56	111	0.554907
56	119	0.546545
56	130	0.510198
56	138	0.530797
56	157	1.28801
56	165	1.28352
56	177	1.32786
56	178	1.28257
56	179	1.30604
56	180	1.27861
57	7	0.639033
57	108	1.30989
57	111	1.24134
57	113	1.24387
57	134	1.26871
57	140	1.28172
57	145	1.28346
57	151	0.554318
57	152	0.475772
57	153	1.24994
57	154	0.565485
57	156	1.3186
57	170	0.488716
57	172	1.28914
57	173	0.483313
57	177	1.31333
58	8	1.34517
58	24	1.24223
58	25	0.553405
58	47	1.30571
58	65	1.1987
58	81	1.24787
58	92	1.28944
58	104	1.32766
58	105	1.32766
58	146	1.24462
58	148	0.535773
58	157	0.533435
58	158	0.515263
58	171	1.27093
58	178	0.544595
58	180	0.524353
59	7	0.470814
59	60	1.23065
59	72	1.31769
59	95	1.28968
59	98	1.24664
59	108	1.31071
59	117	0.333096
59	118	1.31877
59	129	0.351019
59	133	1.23142
59	145	1.28427
59	151	0.386099
59	153	1.25075
59	156	1.31942
59	174	0.82916
59	180	0.836543
60	59	1.23065
60	72	1.33271
60	83	1.21404
60	106	0.528392
60	129	0.561292
60	133	1.24644
60	140	1.29755
60	146	1.24425
60	153	1.26577
60	156	1.33444
60	168	0.530511
60	169	0.52569
60	172	1.30498
60	176	0.53243
60	177	1.32917
60	180	0.529885
61	21	1.20506
61	33	1.31935
61	44	1.25275
61	64	1.28212
61	67	1.28155
61	78	1.43561
61	122	1.29777
61	125	1.21705
61	128	0.56105
61	129	0.548252
61	146	1.21191
61	148	0.528265
61	155	0.522197
61	166	0.529035
61	176	0.519389
61	177	1.29683
62	4	1.35368
62	29	1.46207
62	35	1.37276
62	41	1.38209
62	53	0.450692
62	54	1.38745
62	63	1.31753
62	66	1.32318
62	71	1.33147
62	144	0.503039
62	149	0.525565
62	164	1.32578
62	167	1.344
62	169	0.480282
62	174	0.477095
62	176	0.487022
62	180	0.484477
63	4	1.35368
63	18	0.514382
63	29	1.46207
63	35	1.37276
63	41	1.38209
63	54	1.38745
63	62	1.31753
63	66	1.32318
63	71	1.33147
63	131	0.460871
63	135	0.4878
63	155	0.487197
63	164	1.32578
63	165	0.492642
63	167	1.344
63	169	0.47765
63	171	0.487583
64	21	1.30619
64	33	1.42048
64	44	1.35389
64	61	1.28212
64	67	1.38268
64	88	1.39719
64	99	0.509657
64	117	0.489958
64	120	1.34755
64	122	1.3989
64	127	0.473972
64	143	0.480811
64	146	1.31304
64	158	0.467383
64	172	0.497353
64	177	1.39796
64	179	0.490312
65	8	1.29746
65	15	1.26559
65	38	1.16467
65	58	1.1987
65	81	1.20016
65	92	1.24173
65	94	0.591626
65	104	1.27995
65	105	1.27995
65	142	0.593465
65	146	1.19691
65	159	0.58779
65	161	1.25166
65	166	0.58827
65	167	0.472719
65	171	1.22322
65	173	0.571562
66	4	1.35933
66	10	1.34222
66	25	0.522799
66	29	1.46772
66	35	1.37842
66	41	1.38774
66	62	1.32318
66	63	1.32318
66	71	1.33712
66	97	0.517193
66	152	0.481689
66	164	1.33144
66	167	1.34965
66	172	0.514627
66	173	0.48923
66	177	0.386205
66	180	0.493747
67	21	1.30562
67	33	1.41991
67	44	1.35331
67	61	1.28155
67	64	1.38268
67	88	1.39661
67	89	0.471698
67	120	1.34698
67	122	1.39833
67	125	1.31761
67	141	0.451312
67	148	0.491264
67	151	0.546331
67	173	0.475327
67	177	1.39739
67	179	0.493683
67	180	0.479844
68	70	0.555131
68	91	0.47199
68	99	1.31355
68	118	0.465031
68	140	0.459171
68	142	1.35138
68	146	0.525126
68	155	1.36762
68	162	1.35887
68	167	0.459693
68	168	1.38076
68	170	1.36348
68	173	1.38618
68	176	1.36667
68	177	0.455511
68	178	1.35772
68	180	1.35376
69	12	1.37681
69	50	1.35605
69	101	1.29724
69	109	1.36724
69	112	1.33052
69	117	0.494003
69	132	1.38534
69	137	1.40015
69	138	1.36113
69	157	0.4896
69	160	0.480367
69	163	0.478863
69	165	0.491316
69	167	1.36967
69	168	0.481145
69	169	1.35586
69	179	0.494358
70	52	1.2593
70	68	0.555131
70	73	1.21824
70	74	1.22312
70	76	1.22437
70	86	1.17563
70	96	1.21312
70	114	1.30616
70	115	0.56745
70	129	0.609697
70	151	1.18676
70	153	0.50308
70	158	0.5692
70	162	0.599569
70	172	1.25558
70	177	1.27977
70	179	1.25795
71	4	1.36762
71	10	1.35051
71	35	1.38671
71	41	1.39603
71	54	1.40139
71	62	1.33147
71	63	1.33147
71	66	1.33712
71	121	0.468652
71	162	0.499181
71	164	1.33973
71	165	0.4887
71	166	0.490093
71	167	1.35794
71	171	0.48364
71	172	0.498783
71	176	0.480448
72	23	1.32154
72	40	1.27463
72	59	1.31769
72	60	1.33271
72	102	0.450908
72	131	0.463395
72	135	0.490324
72	140	1.38459
72	145	1.38633
72	151	0.550856
72	153	1.35281
72	156	1.42148
72	168	0.484996
72	172	1.39201
72	173	0.479852
72	176	0.486914
72	177	1.41621
73	13	1.34447
73	18	0.534202
73	70	1.21824
73	74	1.29449
73	76	1.29575
73	84	1.24757
73	96	1.2845
73	114	1.37753
73	144	0.520227
73	147	0.543584
73	157	0.510747
73	163	0.50001
73	167	1.33004
73	168	0.502292
73	172	1.32695
73	173	0.497148
73	177	1.35114
73	179	1.32932
74	13	1.34934
74	70	1.22312
74	73	1.29449
74	84	1.25244
74	86	1.25188
74	96	1.28937
74	114	1.3824
74	128	0.540842
74	142	0.514022
74	144	0.515197
74	148	0.508056
74	150	0.517551
74	167	1.33492
74	168	0.497262
74	172	1.33183
74	177	1.35602
74	178	0.516878
74	179	1.33419
75	11	1.34769
75	16	1.32872
75	26	1.27224
75	31	1.37733
75	39	1.20816
75	48	1.27327
75	55	1.25931
75	80	1.28235
75	87	1.3931
75	125	1.27263
75	150	0.531023
75	168	0.510735
75	171	0.515846
75	172	0.530988
75	173	0.505591
75	174	0.502726
75	175	1.38519
75	176	0.512653
76	2	0.430888
76	52	1.3368
76	70	1.22437
76	73	1.29575
76	84	1.2537
76	86	1.25313
76	96	1.29062
76	114	1.38366
76	125	0.554209
76	139	0.509546
76	163	0.52614
76	167	1.33617
76	169	0.523601
76	171	0.533533
76	172	1.33308
76	176	0.530341
76	177	1.35727
76	179	1.33545
77	1	1.16503
77	36	1.26537
77	90	1.35793
77	93	1.33352
77	102	1.27385
77	107	1.35057
77	119	1.32197
77	131	0.496754
77	141	0.489196
77	155	0.52308
77	159	0.529438
77	160	0.517576
77	161	1.32067
77	164	1.31153
77	166	0.529918
77	169	1.31593
77	171	0.523465
77	175	1.38362
78	16	1.52775
78	48	1.47231
78	61	1.43561
78	80	1.48138
78	94	0.426782
78	101	0.385486
78	122	1.55239
78	129	0.442643
78	134	1.50683
78	143	0.415574
78	151	0.477723
78	153	1.48805
78	162	0.432515
78	171	0.416973
78	175	1.58423
78	177	1.55145
78	180	0.411236
79	9	1.24106
79	22	1.17113
79	50	1.19429
79	103	1.21753
79	112	1.16877
79	124	1.1541
79	132	1.22359
79	137	1.2384
79	138	1.19938
79	139	0.586274
79	141	0.575992
79	144	0.623085
79	164	1.18971
79	167	1.20792
79	169	1.19411
79	173	0.600007
79	179	0.618363
79	180	0.604524
80	11	1.33788
80	16	1.31891
80	19	0.528172
80	26	1.26243
80	31	1.36752
80	39	1.19835
80	48	1.26346
80	55	1.2495
80	75	1.28235
80	78	1.48138
80	125	1.26282
80	142	0.513262
80	154	0.57353
80	158	0.486785
80	165	0.506673
80	166	0.508066
80	169	0.49168
80	175	1.37538
81	8	1.34663
81	15	1.31476
81	18	0.525778
81	20	1.46105
81	25	0.522293
81	39	0.587049
81	47	1.30717
81	58	1.24787
81	65	1.20016
81	89	0.485095
81	92	1.2909
81	104	1.32912
81	105	1.32912
81	158	0.484151
81	161	1.30083
81	170	0.494127
81	171	1.27239
81	179	0.50708
82	30	1.52834
82	43	1.19925
82	46	1.36868
82	51	1.40235
82	100	1.43233
82	116	1.26961
82	123	1.43122
82	136	1.39137
82	143	0.47861
82	146	0.436344
82	148	0.485692
82	150	0.495186
82	158	0.465181
82	161	1.38078
82	165	0.485069
82	171	1.35233
82	175	1.44373
82	179	0.488111
82	180	0.474272
83	60	1.21404
83	98	1.23004
83	118	1.30217
83	130	1.33478
83	133	1.21482
83	134	1.25292
83	135	0.545816
83	145	1.26767
83	153	1.23415
83	155	0.545213
83	156	1.30281
83	168	0.540488
83	169	0.535666
83	172	1.27335
83	176	0.542406
83	177	1.29754
83	178	0.560103
83	179	1.27572
83	180	0.539861
84	34	1.18621
84	52	1.28862
84	56	1.22429
84	73	1.24757
84	74	1.25244
84	76	1.2537
84	96	1.24244
84	114	1.33548
84	126	0.530413
84	131	0.521859
84	144	0.561394
84	165	0.553629
84	166	0.555023
84	167	1.28799
84	169	0.538637
84	171	0.54857
84	172	1.2849
84	177	1.30909
84	179	1.28727
85	16	0.462429
85	17	0.504994
85	44	0.468778
85	46	0.49105
85	107	0.466614
85	129	1.36365
85	130	0.443044
85	133	0.511856
85	144	1.34614
85	149	1.35111
85	159	1.3712
85	163	1.41096
85	165	1.38628
85	173	1.41379
85	174	1.3959
85	175	0.445831
85	176	1.39428
85	178	1.38533
85	180	1.38137
86	13	1.30185
86	34	1.18565
86	52	1.28806
86	70	1.17563
86	74	1.25188
86	76	1.25313
86	96	1.24188
86	114	1.33492
86	128	0.575038
86	141	0.502301
86	149	0.571919
86	162	0.552111
86	167	1.28743
86	172	1.28434
86	173	0.526315
86	177	1.30853
86	178	0.551074
86	179	1.2867
86	180	0.530832
87	31	1.47826
87	48	1.37421
87	75	1.3931
87	88	1.45257
87	90	1.46043
87	119	1.42448
87	122	1.45429
87	141	0.4239
87	152	0.440373
87	155	0.457783
87	161	1.42318
87	162	0.47371
87	163	0.450776
87	168	0.453058
87	174	0.445048
87	175	1.48613
87	177	1.45335
87	179	0.46627
88	18	1.32167
88	21	1.32013
88	33	1.43441
88	64	1.39719
88	67	1.39661
88	87	1.45257
88	115	1.39361
88	122	1.41283
88	125	1.33211
88	139	0.452287
88	146	1.32697
88	149	0.511624
88	159	0.482247
88	162	0.491816
88	173	0.46602
88	174	0.463154
88	176	0.473082
88	177	1.41189
88	180	0.470537
89	20	0.420671
89	30	0.402797
89	40	0.578457
89	67	0.471698
89	81	0.485095
89	105	0.476396
89	117	1.41067
89	126	1.3934
89	145	0.490545
89	154	1.3014
89	162	1.37623
89	163	1.40071
89	168	1.39812
89	173	1.40355
89	174	1.38565
89	176	1.38404
89	177	0.470525
89	178	1.37509
89	180	1.37113
90	19	0.491715
90	37	1.27242
90	77	1.35793
90	87	1.46043
90	93	1.40243
90	94	0.474965
90	99	0.492603
90	102	1.34275
90	107	1.41948
90	119	1.39088
90	142	0.476805
90	151	1.32674
90	161	1.38958
90	163	0.457763
90	169	1.38483
90	172	0.480299
90	175	1.45253
90	176	0.461964
90	179	0.473258
91	3	1.58993
91	14	1.35847
91	27	1.24231
91	30	1.43828
91	42	1.16729
91	51	1.3123
91	68	0.47199
91	100	1.34228
91	121	0.485899
91	123	1.34116
91	136	1.30131
91	149	0.536237
91	150	0.516064
91	155	0.500501
91	161	1.29072
91	165	0.505947
91	171	1.26228
91	175	1.35367
91	176	0.497694
91	180	0.495149
92	8	1.3882
92	20	1.50262
92	24	1.28526
92	38	1.2554
92	47	1.34873
92	53	0.456476
92	58	1.28944
92	65	1.24173
92	81	1.2909
92	97	0.513707
92	104	1.37069
92	105	1.37069
92	128	0.534467
92	161	1.3424
92	162	0.51154
92	165	0.501058
92	168	0.490888
92	171	1.31395
92	172	0.511141
92	180	0.490261
93	1	1.20953
93	17	1.33025
93	19	0.524446
93	36	1.30987
93	37	1.24801
93	55	0.545518
93	77	1.33352
93	90	1.40243
93	98	0.441894
93	102	1.31835
93	107	1.39507
93	119	1.36648
93	151	1.30233
93	164	1.35603
93	165	0.502947
93	173	0.487633
93	174	0.484767
93	175	1.42812
93	178	0.512392
93	179	0.505989
94	45	0.515496
94	47	0.496878
94	65	0.591626
94	78	0.426782
94	90	0.474965
94	107	0.497858
94	126	1.34872
94	142	1.32406
94	144	1.2912
94	155	1.3403
94	157	1.33584
94	159	1.31627
94	160	1.34758
94	167	0.498399
94	173	1.35886
94	174	1.34097
94	176	1.33935
94	177	0.494218
94	178	1.3304
94	180	1.32644
95	5	0.484509
95	40	1.24663
95	45	1.34396
95	59	1.28968
95	98	1.32069
95	111	1.31621
95	113	1.31874
95	125	0.514485
95	129	0.519478
95	130	1.42544
95	133	1.30547
95	140	1.35659
95	145	1.35832
95	148	0.499491
95	150	0.508986
95	153	1.3248
95	156	1.39347
95	166	0.500262
95	168	0.488698
95	171	0.493809
96	34	1.22314
96	52	1.32555
96	70	1.21312
96	73	1.2845
96	74	1.28937
96	76	1.29062
96	84	1.24244
96	86	1.24188
96	114	1.37241
96	115	0.535104
96	120	0.525184
96	126	0.533525
96	138	0.439072
96	141	0.517413
96	160	0.545792
96	167	1.32492
96	172	1.32183
96	177	1.34602
96	178	0.566186
96	179	1.3242
96	180	0.545944
97	11	0.47071
97	23	0.541818
97	32	1.34051
97	38	0.595184
97	43	0.558895
97	47	0.504778
97	66	0.517193
97	92	0.513707
97	109	1.29178
97	114	1.3417
97	136	0.496469
97	137	1.3247
97	151	1.22231
97	152	1.30334
97	164	1.276
97	170	1.27579
97	176	1.27898
97	177	1.31532
97	178	1.27002
97	179	1.29349
97	180	1.26606
98	45	1.30093
98	59	1.24664
98	83	1.23004
98	93	0.441894
98	95	1.32069
98	108	1.34172
98	113	1.2757
98	121	0.526706
98	133	1.26244
98	134	1.30055
98	140	1.31355
98	145	1.31529
98	146	1.26024
98	152	0.523899
98	153	1.28177
98	156	1.35043
98	160	0.535805
98	165	0.546754
98	168	0.536583
98	171	0.541694
98	178	0.556199
99	41	0.506084
99	64	0.509657
99	68	1.31355
99	90	0.492603
99	102	0.585936
99	122	0.512647
99	146	0.58147
99	150	1.27883
99	158	1.31655
99	160	1.29509
99	162	1.27906
99	163	1.30354
99	165	1.27886
99	168	1.30095
99	173	1.30637
99	174	1.28848
99	175	0.494713
99	176	1.28686
99	177	0.511855
99	178	1.27791
99	180	1.27395
100	14	1.47163
100	42	1.28045
100	51	1.42546
100	55	0.504661
100	56	1.34925
100	82	1.43233
100	91	1.34228
100	120	1.38364
100	121	0.442043
100	123	1.45433
100	125	0.477707
100	136	1.41448
100	151	0.51778
100	161	1.40388
100	168	0.45192
100	169	0.447098
100	171	1.37544
100	173	0.446776
100	175	1.46683
100	178	0.471535
100	180	0.451293
101	9	1.33117
101	22	1.26124
101	69	1.29724
101	78	0.385486
101	103	1.30764
101	109	1.2956
101	110	1.29006
101	112	1.25888
101	124	1.24422
101	132	1.3137
101	134	0.48122
101	137	1.32851
101	138	1.28949
101	151	0.62695
101	167	1.29804
101	169	1.28422
101	172	0.581343
101	174	0.55308
101	176	0.563008
101	177	0.452921
101	180	0.560463
102	17	1.27058
102	36	1.2502
102	37	1.18834
102	72	0.450908
102	77	1.27385
102	90	1.34275
102	93	1.31835
102	99	0.585936
102	107	1.3354
102	119	1.3068
102	120	0.531991
102	122	0.446002
102	131	0.531778
102	151	1.24266
102	161	1.3055
102	163	0.551097
102	164	1.29636
102	169	1.30075
102	175	1.36845
102	176	0.555297
102	180	0.552752
103	9	1.41321
103	50	1.36644
103	79	1.21753
103	101	1.30764
103	109	1.37763
103	110	1.3721
103	112	1.34092
103	115	1.38289
103	124	1.32625
103	131	0.469828
103	132	1.39574
103	138	1.37153
103	152	0.478744
103	160	0.49065
103	163	0.489146
103	164	1.36186
103	168	0.491428
103	169	1.36626
103	174	0.483419
103	176	0.493347
103	178	0.511043
103	179	0.504641
104	8	1.42642
104	15	1.39455
104	24	1.32348
104	38	1.29362
104	47	1.38695
104	53	0.447887
104	58	1.32766
104	65	1.27995
104	81	1.32912
104	92	1.37069
104	105	1.40891
104	146	1.32587
104	154	0.559327
104	157	0.490754
104	158	0.472582
104	161	1.38062
104	162	0.502951
104	168	0.482299
104	170	0.482558
104	171	1.35217
104	173	0.477156
104	179	0.495512
105	8	1.42642
105	15	1.39455
105	24	1.32348
105	38	1.29362
105	47	1.38695
105	58	1.32766
105	65	1.27995
105	81	1.32912
105	89	0.476396
105	92	1.37069
105	104	1.40891
105	131	0.463569
105	142	0.501928
105	146	1.32587
105	147	0.526461
105	159	0.496252
105	161	1.38062
105	163	0.482887
105	169	0.480347
105	171	1.35217
105	179	0.498381
105	180	0.484542
106	23	0.51688
106	60	0.528392
106	116	0.517538
106	130	0.45725
106	132	0.4887
106	137	0.463778
106	144	1.31417
106	159	1.33924
106	160	1.37055
106	162	1.35452
106	166	1.33363
106	167	0.48136
106	168	1.37641
106	169	1.36375
106	170	1.35913
106	171	1.34005
106	173	1.38183
106	174	1.36394
106	175	0.460036
106	177	0.477178
106	178	1.35337
106	180	1.34941
107	1	1.22658
107	36	1.32693
107	37	1.26506
107	77	1.35057
107	85	0.466614
107	90	1.41948
107	93	1.39507
107	94	0.497858
107	102	1.3354
107	117	0.495797
107	119	1.38353
107	120	0.461551
107	127	0.479811
107	149	0.523399
107	151	1.31939
107	161	1.38223
107	162	0.503591
107	164	1.37309
107	169	1.37748
107	172	0.503192
107	173	0.477795
107	175	1.44518
108	23	1.31456
108	57	1.30989
108	59	1.31071
108	98	1.34172
108	111	1.33724
108	113	1.33976
108	133	1.3265
108	140	1.37761
108	143	0.490153
108	144	0.504377
108	153	1.34583
108	156	1.4145
108	158	0.476725
108	159	0.497526
108	166	0.498006
108	168	0.486442
108	169	0.48162
108	171	0.491553
108	172	1.38504
108	177	1.40923
108	179	1.3874
108	180	0.485815
109	32	1.41432
109	50	1.3544
109	69	1.36724
109	97	1.29178
109	101	1.2956
109	103	1.37763
109	110	1.36005
109	112	1.32887
109	124	1.31421
109	127	0.49
109	128	0.536707
109	132	1.3837
109	137	1.39851
109	138	1.35948
109	142	0.509887
109	160	0.492349
109	162	0.51378
109	169	1.35421
109	170	0.493387
109	172	0.513381
109	175	0.367817
109	180	0.492501
110	9	1.39563
110	12	1.36963
110	56	0.517842
110	101	1.29006
110	103	1.3721
110	109	1.36005
110	112	1.32334
110	124	1.30867
110	128	0.510593
110	132	1.37816
110	137	1.39297
110	138	1.35394
110	151	0.532874
110	162	0.487665
110	164	1.34428
110	167	1.36249
110	168	0.467013
110	169	1.34867
110	170	0.467272
110	171	0.472124
110	176	0.468932
110	178	0.486628
111	6	1.3363
111	56	0.554907
111	57	1.24134
111	95	1.31621
111	108	1.33724
111	113	1.27121
111	118	1.3453
111	130	1.37792
111	134	1.29606
111	140	1.30906
111	142	0.520838
111	145	1.3108
111	152	0.491394
111	153	1.27728
111	156	1.34595
111	159	0.515162
111	166	0.515643
111	168	0.504079
111	169	0.499257
111	172	1.31648
111	176	0.505997
111	179	1.31885
111	180	0.503452
112	32	1.3776
112	50	1.31768
112	55	0.554462
112	69	1.33052
112	79	1.16877
112	101	1.25888
112	103	1.34092
112	109	1.32887
112	110	1.32334
112	124	1.27749
112	132	1.34698
112	137	1.36179
112	138	1.32276
112	148	0.512515
112	152	0.489036
112	160	0.500943
112	164	1.3131
112	167	1.33131
112	170	0.50198
112	172	0.521975
112	174	0.493712
112	178	0.521336
112	179	0.514933
113	18	0.539818
113	45	1.29897
113	57	1.24387
113	95	1.31874
113	98	1.2757
113	108	1.33976
113	111	1.27121
113	118	1.34783
113	130	1.38045
113	140	1.31159
113	153	1.27981
113	156	1.34848
113	158	0.498191
113	160	0.507129
113	170	0.508166
113	171	0.513018
113	172	1.31901
113	174	0.499898
113	176	0.509826
113	177	1.34321
113	178	0.527523
113	179	1.32138
113	180	0.507281
114	13	1.43238
114	34	1.31618
114	70	1.30616
114	73	1.37753
114	74	1.3824
114	76	1.38366
114	84	1.33548
114	86	1.33492
114	96	1.37241
114	97	1.3417
114	115	0.468976
114	120	0.459056
114	143	0.484155
114	150	0.500732
114	151	1.34605
114	157	0.488898
114	158	0.470726
114	169	0.475621
114	171	0.485554
114	172	1.41486
114	177	1.43906
114	178	0.500058
114	179	1.41723
114	180	0.479817
115	6	0.472569
115	15	0.455906
115	20	0.417977
115	44	1.35031
115	70	0.56745
115	88	1.39361
115	96	0.535104
115	103	1.38289
115	114	0.468976
115	118	0.47735
115	122	1.39532
115	132	1.38895
115	137	1.40376
115	138	1.36474
115	156	0.476485
115	161	0.472874
115	166	1.32936
115	169	1.35947
115	170	1.35486
115	173	1.37756
115	174	1.35966
115	175	0.450688
115	177	1.39439
115	180	1.34513
116	2	1.3678
116	3	1.54037
116	14	1.30892
116	27	1.19276
116	30	1.38872
116	39	0.612838
116	42	1.11773
116	46	1.22906
116	49	0.544358
116	51	1.26274
116	82	1.26961
116	106	0.517538
116	117	0.532515
116	120	1.22092
116	123	1.29161
116	127	0.51653
116	136	1.25176
116	161	1.24117
116	166	0.531221
116	170	0.519916
116	171	1.21272
116	174	0.511648
116	175	1.30411
116	176	0.521576
117	8	0.479193
117	59	0.333096
117	64	0.489958
117	69	0.494003
117	89	1.41067
117	107	0.495797
117	116	0.532515
117	121	1.41801
117	137	0.478756
117	143	1.38896
117	144	1.31847
117	147	1.35113
117	153	0.524488
117	160	1.37485
117	162	1.35882
117	163	1.38329
117	170	1.36343
117	173	1.38613
117	174	1.36823
117	175	0.475014
117	176	1.36662
117	177	0.492156
117	178	1.35767
117	180	1.35371
118	23	1.32263
118	53	0.454405
118	59	1.31877
118	68	0.465031
118	83	1.30217
118	111	1.3453
118	113	1.34783
118	115	0.47735
118	130	1.45454
118	133	1.33457
118	134	1.37267
118	140	1.38568
118	143	0.492529
118	145	1.38742
118	147	0.53011
118	156	1.42256
118	160	0.488039
118	164	0.403762
118	165	0.498988
118	172	1.3931
118	177	1.41729
118	178	0.508432
118	179	1.39547
118	180	0.488191
119	1	1.19798
119	17	1.31871
119	36	1.29833
119	37	1.23646
119	56	0.546545
119	77	1.32197
119	87	1.42448
119	90	1.39088
119	93	1.36648
119	102	1.3068
119	107	1.38353
119	134	0.415847
119	135	0.501045
119	150	0.516005
119	151	1.29079
119	159	0.5068
119	161	1.35363
119	164	1.34449
119	166	0.507281
119	169	1.34888
119	171	0.500827
119	172	0.51597
119	173	0.490573
119	175	1.41658
119	179	0.508929
120	34	0.531005
120	36	0.496145
120	40	0.565843
120	46	1.31998
120	64	1.34755
120	67	1.34698
120	96	0.525184
120	100	1.38364
120	102	0.531991
120	107	0.461551
120	114	0.459056
120	116	1.22092
120	121	1.3773
120	122	1.36319
120	123	1.38253
120	124	0.497017
120	140	0.46157
120	146	1.27734
120	156	0.466565
120	160	1.33414
120	168	1.34
120	171	1.30364
120	174	1.32753
120	177	1.36226
120	180	1.313
121	12	0.453657
121	54	0.433352
121	71	0.468652
121	91	0.485899
121	98	0.526706
121	100	0.442043
121	117	1.41801
121	120	1.3773
121	122	0.470213
121	135	1.38498
121	136	0.463772
121	147	1.37589
121	149	1.3482
121	152	1.41574
121	153	0.501752
121	155	1.39233
121	161	0.474464
121	163	1.40805
121	165	1.38337
121	166	1.36269
121	167	0.473602
121	170	1.38819
121	174	1.39299
121	176	1.39138
121	178	1.38242
121	180	1.37846
122	18	1.32338
122	21	1.32184
122	33	1.43613
122	44	1.36953
122	55	0.532831
122	61	1.29777
122	64	1.3989
122	67	1.39833
122	78	1.55239
122	87	1.45429
122	88	1.41283
122	99	0.512647
122	102	0.446002
122	115	1.39532
122	120	1.36319
122	121	0.470213
122	125	1.33382
122	141	0.450932
122	146	1.32869
122	156	0.380576
122	159	0.491174
122	170	0.480349
122	171	0.485201
122	173	0.474946
122	176	0.482008
122	177	1.41361
123	27	1.35437
123	28	1.57299
123	42	1.27934
123	43	1.22125
123	46	1.39067
123	51	1.42435
123	82	1.43122
123	91	1.34116
123	100	1.45433
123	116	1.29161
123	120	1.38253
123	128	0.504529
123	136	1.41337
123	147	0.502242
123	152	0.448265
123	155	0.465675
123	157	0.469405
123	161	1.40277
123	166	0.472514
123	169	0.456128
123	171	1.37433
123	172	0.481203
123	175	1.46572
123	178	0.480565
123	179	0.474162
123	180	0.460323
124	12	1.32378
124	22	1.27986
124	32	1.36294
124	50	1.30302
124	79	1.1541
124	101	1.24422
124	103	1.32625
124	109	1.31421
124	110	1.30867
124	112	1.27749
124	120	0.497017
124	125	0.544191
124	132	1.33232
124	137	1.34713
124	138	1.3081
124	139	0.499528
124	142	0.535164
124	160	0.517626
124	164	1.29844
124	165	0.528575
124	167	1.31665
124	168	0.518404
124	169	1.30283
124	171	0.523515
124	174	0.510395
124	178	0.538019
125	17	0.547106
125	26	1.25271
125	31	1.3578
125	35	0.481093
125	51	0.52072
125	61	1.21705
125	67	1.31761
125	75	1.27263
125	76	0.554209
125	80	1.26282
125	88	1.33211
125	95	0.514485
125	100	0.477707
125	122	1.33382
125	124	0.544191
125	153	0.537416
125	160	1.30477
125	161	0.510128
125	165	1.28854
125	167	0.509267
125	171	1.27427
125	173	1.31606
125	175	1.36567
125	177	1.33289
125	178	1.28759
125	180	1.28363
126	4	0.459321
126	45	0.48753
126	84	0.530413
126	89	1.3934
126	94	1.34872
126	96	0.533525
126	131	1.38088
126	137	0.452851
126	140	0.469911
126	144	1.3012
126	145	0.486272
126	146	0.535866
126	149	1.30618
126	152	1.37372
126	156	0.474906
126	157	1.34584
126	158	1.37904
126	159	1.32627
126	160	1.35758
126	161	0.471295
126	164	0.489364
126	168	1.36344
126	171	1.32708
126	173	1.36886
126	174	1.35096
126	178	1.3404
126	180	1.33644
127	7	1.23236
127	25	1.32632
127	33	0.447678
127	45	0.497448
127	64	0.473972
127	107	0.479811
127	109	0.49
127	116	0.51653
127	128	1.31061
127	129	1.34125
127	146	0.545784
127	147	1.35639
127	149	1.32871
127	153	0.508502
127	157	1.36837
127	158	1.40157
127	164	0.499283
127	165	1.36388
127	166	1.34319
127	170	1.36869
127	173	1.39139
127	174	1.37349
127	175	0.459028
127	176	1.37188
127	177	0.47617
127	178	1.36293
127	180	1.35897
128	1	0.635507
128	33	0.494385
128	61	0.56105
128	74	0.540842
128	86	0.575038
128	92	0.534467
128	109	0.536707
128	110	0.510593
128	123	0.504529
128	127	1.31061
128	142	1.26342
128	151	1.22205
128	152	1.30308
128	154	1.19607
128	155	1.27966
128	159	1.25563
128	162	1.27091
128	163	1.29539
128	165	1.27071
128	166	1.25003
128	168	1.2928
128	170	1.27553
128	173	1.29823
128	174	1.28033
128	175	0.505735
128	178	1.26976
128	180	1.2658
129	11	0.478671
129	32	0.491598
129	42	0.586962
129	59	0.351019
129	60	0.561292
129	61	0.548252
129	70	0.609697
129	78	0.442643
129	85	1.36365
129	95	0.519478
129	127	1.34125
129	148	1.29155
129	155	1.3103
129	157	1.30584
129	158	1.33904
129	161	0.515122
129	163	1.32602
129	165	1.30135
129	168	1.32344
129	170	1.30616
129	172	1.3215
129	173	1.32886
129	174	1.31097
129	175	0.492936
129	176	1.30935
129	178	1.3004
129	179	1.32387
129	180	1.29644
130	39	1.30566
130	53	0.424957
130	56	0.510198
130	83	1.33478
130	85	0.443044
130	95	1.42544
130	106	0.45725
130	111	1.37792
130	113	1.38045
130	118	1.45454
130	133	1.36719
130	134	1.40529
130	140	1.4183
130	142	0.476128
130	145	1.42004
130	146	1.36499
130	147	0.500661
130	148	0.470163
130	153	1.38652
130	155	0.464094
130	156	1.45518
130	170	0.459628
130	171	0.46448
130	172	1.42572
130	176	0.461287
130	177	1.44991
130	178	0.478984
130	179	1.42809
131	23	0.497399
131	46	0.485774
131	54	0.421629
131	63	0.460871
131	72	0.463395
131	77	0.496754
131	84	0.521859
131	102	0.531778
131	103	0.469828
131	105	0.463569
131	126	1.38088
131	135	1.36512
131	142	1.35622
131	144	1.32336
131	146	0.527312
131	149	1.32833
131	157	1.368
131	158	1.4012
131	159	1.34843
131	160	1.37974
131	165	1.3635
131	166	1.34282
131	168	1.38559
131	173	1.39102
131	174	1.37312
131	176	1.37151
131	177	0.457697
131	178	1.36256
131	180	1.3586
132	12	1.39327
132	22	1.34934
132	32	1.43243
132	49	0.51552
132	50	1.37251
132	69	1.38534
132	79	1.22359
132	101	1.3137
132	103	1.39574
132	106	0.4887
132	109	1.3837
132	110	1.37816
132	112	1.34698
132	115	1.38895
132	124	1.33232
132	138	1.37759
132	146	0.452265
132	147	0.532111
132	148	0.501612
132	152	0.478134
132	155	0.495544
132	160	0.49004
132	164	1.36792
132	167	1.38614
132	168	0.490819
132	169	1.37232
132	170	0.491078
132	177	0.38265
132	180	0.490192
133	38	0.51308
133	55	1.23684
133	59	1.23142
133	60	1.24644
133	83	1.21482
133	85	0.511856
133	95	1.30547
133	98	1.26244
133	108	1.3265
133	118	1.33457
133	130	1.36719
133	134	1.28532
133	139	0.509305
133	140	1.29833
133	145	1.30007
133	146	1.24502
133	147	0.569473
133	148	0.538974
133	152	0.515496
133	153	1.26655
133	155	0.532906
133	156	1.33521
133	159	0.539264
133	160	0.527402
133	163	0.525899
133	170	0.52844
133	172	1.30575
133	177	1.32994
133	179	1.30812
134	6	1.36367
134	19	1.28391
134	23	1.27339
134	45	1.32381
134	57	1.26871
134	78	1.50683
134	83	1.25292
134	98	1.30055
134	101	0.48122
134	111	1.29606
134	118	1.37267
134	119	0.415847
134	130	1.40529
134	133	1.28532
134	140	1.33644
134	145	1.33817
134	152	0.494912
134	153	1.30465
134	155	0.512322
134	156	1.37332
134	157	0.516052
134	159	0.51868
134	165	0.517767
134	166	0.519161
134	169	0.502775
134	170	0.507856
134	174	0.499587
134	177	1.36805
134	178	0.527212
134	179	1.34622
135	20	0.434772
135	34	0.557721
135	45	0.505904
135	48	0.498585
135	50	0.500297
135	63	0.4878
135	72	0.490324
135	83	0.545816
135	119	0.501045
135	121	1.38498
135	131	1.36512
135	139	1.34966
135	142	1.3183
135	144	1.28545
135	147	1.3181
135	153	0.516957
135	159	1.31051
135	160	1.34182
135	161	0.48967
135	162	1.32579
135	163	1.35026
135	166	1.3049
135	168	1.34768
135	169	1.33502
135	170	1.3304
135	173	1.3531
135	175	0.467484
135	176	1.33359
135	178	1.32464
135	180	1.32068
136	3	1.66213
136	14	1.43067
136	18	1.30287
136	19	1.30895
136	28	1.53314
136	30	1.51048
136	39	0.566831
136	42	1.23949
136	43	1.1814
136	46	1.35082
136	51	1.3845
136	82	1.39137
136	91	1.30131
136	97	0.496469
136	100	1.41448
136	116	1.25176
136	121	0.463772
136	123	1.41337
136	142	0.490409
136	158	0.463933
136	159	0.484733
136	161	1.36292
136	163	0.471368
136	167	0.369663
136	168	0.473649
136	170	0.473908
136	171	1.33448
136	172	0.493903
136	175	1.42587
136	176	0.475568
136	179	0.486862
137	9	1.43408
137	12	1.40808
137	22	1.36415
137	32	1.44724
137	50	1.38732
137	69	1.40015
137	79	1.2384
137	97	1.3247
137	101	1.32851
137	106	0.463778
137	109	1.39851
137	110	1.39297
137	112	1.36179
137	115	1.40376
137	117	0.478756
137	124	1.34713
137	126	0.452851
137	138	1.3924
137	141	0.43674
137	143	0.469609
137	144	0.483832
137	154	0.542925
137	159	0.476981
137	162	0.48655
137	164	1.38273
137	167	1.40095
137	169	1.38713
137	171	0.471008
137	172	0.486151
137	178	0.485513
137	179	0.47911
138	9	1.39506
138	12	1.36905
138	22	1.32513
138	25	0.508393
138	32	1.40821
138	50	1.34829
138	56	0.530797
138	69	1.36113
138	79	1.19938
138	96	0.439072
138	101	1.28949
138	103	1.37153
138	109	1.35948
138	110	1.35394
138	112	1.32276
138	115	1.36474
138	124	1.3081
138	132	1.37759
138	137	1.3924
138	150	0.500256
138	151	0.545828
138	158	0.470251
138	164	1.34371
138	166	0.491532
138	167	1.36192
138	169	1.3481
138	170	0.480227
138	172	0.500221
138	173	0.474824
138	178	0.499583
138	179	0.49318
138	180	0.479341
139	21	0.508562
139	26	0.489326
139	45	0.4817
139	51	0.476057
139	76	0.509546
139	79	0.586274
139	88	0.452287
139	124	0.499528
139	133	0.509305
139	135	1.34966
139	142	1.34076
139	143	1.37839
139	148	1.33824
139	149	1.31287
139	150	1.34801
139	154	1.27341
139	156	0.469076
139	157	1.35254
139	159	1.33297
139	161	0.465465
139	163	1.37272
139	164	0.483534
139	166	1.32736
139	167	0.464603
139	168	1.37013
139	170	1.35286
139	173	1.37556
139	174	1.35766
139	176	1.35605
139	178	1.3471
139	179	1.37057
139	180	1.34314
140	5	0.478769
140	6	1.37668
140	57	1.28172
140	60	1.29755
140	68	0.459171
140	72	1.38459
140	95	1.35659
140	98	1.31355
140	108	1.37761
140	111	1.30906
140	113	1.31159
140	118	1.38568
140	120	0.46157
140	126	0.469911
140	130	1.4183
140	133	1.29833
140	134	1.33644
140	145	1.35118
140	151	0.548818
140	153	1.31766
140	154	0.559985
140	155	0.487683
140	156	1.38633
140	157	0.491412
140	158	0.47324
140	162	0.503609
140	165	0.493128
140	172	1.35686
140	177	1.38106
140	178	0.502573
140	179	1.35923
140	180	0.482331
141	22	0.490213
141	46	0.478216
141	67	0.451312
141	77	0.489196
141	79	0.575992
141	86	0.502301
141	87	0.4239
141	96	0.517413
141	122	0.450932
141	137	0.43674
141	142	1.30372
141	143	1.34135
141	147	1.30352
141	148	1.30121
141	150	1.31097
141	152	1.34338
141	153	0.482471
141	157	1.3155
141	158	1.3487
141	159	1.29593
141	160	1.32724
141	163	1.33568
