1	123	1.37059
1	149	0.792159
1	155	0.838027
1	159	0.866206
1	166	0.872068
1	169	0.825451
1	172	0.831539
1	175	0.852398
1	176	0.816233
1	177	0.826135
1	178	0.83815
1	179	0.836106
2	66	1.12756
2	77	1.35943
2	125	0.892824
2	135	0.877196
2	143	0.837243
2	158	0.932998
2	166	0.842849
2	175	0.823179
2	176	0.787014
2	177	0.796916
2	178	0.808931
2	179	0.806887
3	23	1.64033
3	142	0.585639
3	155	0.835623
3	161	0.935648
3	169	0.823048
3	171	0.836526
3	172	0.829136
3	174	0.838012
3	176	0.813829
3	177	0.823732
3	178	0.835746
3	179	0.833703
4	15	0.916
4	42	0.780546
4	55	0.840725
4	67	0.885351
4	71	0.818742
4	81	0.853198
4	84	0.792812
4	128	1.31029
4	136	0.849259
4	160	0.816039
4	168	0.852814
4	170	3.624
5	21	0.909569
5	47	1.26198
5	88	0.882454
5	92	0.91481
5	103	0.883707
5	142	0.892855
5	144	0.876098
5	167	0.845658
5	176	0.768262
5	177	0.778164
5	178	0.790179
5	179	0.788136
6	8	0.910895
6	19	0.785315
6	20	0.868876
6	47	0.843295
6	49	0.829931
6	51	0.836971
6	57	0.845524
6	73	0.792526
6	87	0.846645
6	130	1.77875
6	133	0.875353
6	179	3.16545
7	77	0.975677
7	108	0.953168
7	126	0.946921
7	131	0.977573
7	132	0.863008
7	140	0.975749
7	148	0.938572
7	158	1.20243
7	166	1.76004
7	167	0.919213
7	177	3.38062
7	180	0.847433
8	6	0.910895
8	19	0.899231
8	20	0.982791
8	49	0.943846
8	51	0.950886
8	73	0.906441
8	87	0.96056
8	127	0.913446
8	132	0.862778
8	133	0.989269
8	171	1.6909
8	173	4.4511
9	97	3.0483
9	139	0.838204
9	145	0.787912
9	147	0.847113
9	152	0.777588
9	171	0.740021
9	174	0.741507
9	175	0.753489
9	176	0.717324
9	177	0.727226
9	178	0.739241
9	179	0.737198
10	49	0.938128
10	73	0.900723
10	87	0.954842
10	112	0.932036
10	129	0.937945
10	149	0.954535
10	150	0.967621
10	161	0.704081
10	165	0.883157
10	166	1.57951
10	167	0.913264
10	172	3.42564
11	15	0.905691
11	25	0.862256
11	32	0.855573
11	59	0.832213
11	67	0.875043
11	71	0.808434
11	81	0.842889
11	84	0.782504
11	127	1.14132
11	160	0.805731
11	166	3.57214
11	168	0.842506
12	90	2.9715
12	130	0.847927
12	154	0.815308
12	156	0.797203
12	162	0.801602
12	171	0.736601
12	174	0.738087
12	175	0.750069
12	177	0.723807
12	178	0.735821
12	179	0.733778
12	180	0.719519
13	87	1.0129
13	106	0.844165
13	147	0.94283
13	153	0.860797
13	157	0.931869
13	172	0.828348
13	174	0.837224
13	176	0.813041
13	177	0.822943
13	178	0.834958
13	179	0.832914
14	28	0.911186
14	82	0.986583
14	93	0.93896
14	120	0.981522
14	126	0.956332
14	130	0.788875
14	140	0.98516
14	148	0.947983
14	169	2.38952
14	173	0.847218
14	177	2.68461
14	180	0.856844
15	4	0.916
15	11	0.905691
15	25	0.981451
15	42	0.889433
15	55	0.949611
15	59	0.951408
15	81	0.962084
15	84	0.901699
15	133	0.982582
15	153	2.91906
15	154	1.64789
15	168	0.961701
16	42	2.04347
16	65	0.691063
16	146	0.898813
16	147	0.912937
16	153	0.830904
16	157	0.901975
16	166	0.838982
16	174	0.80733
16	175	0.819313
16	176	0.783147
16	178	0.805064
16	179	0.803021
17	132	0.731319
17	135	0.800311
17	140	3.29788
17	151	0.84904
17	155	0.731923
17	156	0.793427
17	163	0.76518
17	167	0.787524
17	172	0.725435
17	174	0.734311
17	176	0.710129
17	178	0.732046
17	179	0.730002
18	113	0.887793
18	118	0.818431
18	123	0.848115
18	129	0.841152
18	137	0.852825
18	142	0.863668
18	144	0.846911
18	150	0.870828
18	151	1.90493
18	167	3.27321
18	170	0.758517
18	173	0.735065
18	180	0.744691
19	6	0.785315
19	8	0.899231
19	39	0.851211
19	49	0.818266
19	51	0.825306
19	57	0.833859
19	61	0.812567
19	73	0.780861
19	87	0.83498
19	128	1.26521
19	133	0.863689
19	134	0.804918
19	173	5.27466
20	6	0.868876
20	8	0.982791
20	29	0.947062
20	39	0.934771
20	47	0.915191
20	49	0.901827
20	51	0.908867
20	61	0.896127
20	73	0.864422
20	87	0.918541
20	107	1.35028
20	158	1.38534
20	178	3.24281
21	5	0.909569
21	114	1.85024
21	117	0.883456
21	118	0.879026
21	129	0.901747
21	137	0.91342
21	144	0.907506
21	149	0.918337
21	150	0.931423
21	152	2.50683
21	159	1.9006
21	164	0.914096
21	168	0.919746
22	45	0.849866
22	89	0.850039
22	92	0.832552
22	94	0.817191
22	96	0.859918
22	105	0.838719
22	106	0.838342
22	112	0.825744
22	159	2.17151
22	164	0.844002
22	165	0.776865
22	167	0.806973
22	174	3.25097
23	3	1.64033
23	43	0.867941
23	56	0.92804
23	86	1.65646
23	89	0.933394
23	94	0.900546
23	96	0.943272
23	105	0.922074
23	106	0.921697
23	112	0.909099
23	158	1.77024
23	164	0.927357
23	167	0.890327
24	56	0.841077
24	85	0.859552
24	89	0.846431
24	92	0.828944
24	96	0.85631
24	105	0.835111
24	106	0.834734
24	112	0.822137
24	164	0.840395
24	165	0.773258
24	167	0.803365
24	169	2.79242
24	174	2.61344
25	11	0.862256
25	15	0.981451
25	30	1.29701
25	32	0.931332
25	33	0.926131
25	67	0.950802
25	71	0.884193
25	81	0.918649
25	84	0.858263
25	152	2.22416
25	160	0.88149
25	168	0.918265
25	171	2.82475
26	86	0.841496
26	91	0.811597
26	105	2.95446
26	141	0.852732
26	156	0.789816
26	166	0.762353
26	169	0.715736
26	171	0.729215
26	172	0.721824
26	176	0.706518
26	177	0.71642
26	178	0.728435
26	179	0.726391
27	74	0.57247
27	120	0.71992
27	148	0.844195
27	157	0.990828
27	161	0.993819
27	169	0.881218
27	171	0.894697
27	174	0.896183
27	175	0.908165
27	176	0.872
27	177	0.881902
27	178	0.893917
27	179	0.891874
28	14	0.911186
28	41	1.78064
28	44	2.79241
28	80	0.86178
28	90	0.835594
28	108	0.829671
28	120	0.848614
28	131	0.854076
28	140	0.852252
28	148	0.815076
28	164	0.832746
28	170	0.737762
28	180	0.723936
29	20	0.947062
29	39	0.941061
29	47	0.921481
29	49	0.908117
29	57	0.92371
29	61	0.902417
29	73	0.870712
29	87	0.924831
29	111	0.791326
29	132	0.827048
29	133	0.953539
29	160	1.81637
29	177	3.54153
30	25	1.29701
30	44	0.854528
30	66	0.854733
30	87	1.91075
30	144	0.864942
30	148	0.853861
30	150	0.888858
30	163	0.812158
30	168	0.877182
30	170	0.776548
30	177	0.767009
30	179	0.77698
30	180	0.762721
31	63	0.895298
31	72	0.891992
31	117	0.886692
31	123	0.911945
31	129	0.904983
31	142	0.927499
31	144	0.910741
31	149	0.921572
31	150	0.934658
31	158	1.15859
31	167	1.69993
31	173	0.798895
31	174	3.44315
31	180	0.808521
32	11	0.855573
32	25	0.931332
32	33	0.919448
32	42	0.839315
32	55	0.899493
32	67	0.94412
32	71	0.87751
32	81	0.911966
32	84	0.85158
32	101	2.09218
32	153	2.76716
32	160	0.874807
32	162	1.30892
32	168	0.911583
33	25	0.926131
33	32	0.919448
33	42	0.834113
33	55	0.894291
33	59	0.896088
33	67	0.938918
33	71	0.872309
33	84	0.846379
33	136	0.902826
33	160	0.869606
33	165	2.14637
33	167	1.2263
33	168	0.906381
33	171	3.09687
34	68	0.877805
34	72	0.809142
34	76	2.12791
34	110	0.835445
34	118	0.799412
34	123	0.829095
34	137	0.833806
34	142	0.844649
34	144	0.827891
34	147	3.05239
34	149	0.838722
34	150	0.851808
34	173	0.716045
34	180	0.725671
35	77	0.854911
35	93	0.808784
35	120	0.851345
35	121	0.814109
35	126	0.826155
35	128	0.817589
35	146	2.86825
35	148	0.817807
35	151	2.47915
35	160	0.804352
35	164	0.835477
35	167	0.798447
35	168	0.841128
35	180	0.726667
36	71	0.109815
36	104	1.3822
36	131	0.558714
36	152	0.904413
36	158	0.990133
36	161	0.965968
36	162	0.931847
36	169	0.853368
36	171	0.866846
36	172	0.859456
36	176	0.844149
36	177	0.854051
36	178	0.866066
36	179	0.864023
37	111	0.918217
37	154	0.881585
37	156	0.863479
37	162	0.867879
37	164	1.36409
37	168	1.2336
37	171	0.802878
37	172	0.795487
37	174	0.804363
37	176	0.780181
37	177	0.790083
37	178	0.802098
37	179	0.800054
38	46	0.921421
38	58	2.45997
38	70	1.45653
38	88	0.920966
38	90	0.924048
38	104	0.923359
38	127	1.60891
38	132	0.827965
38	140	0.940706
38	148	0.903529
38	164	0.9212
38	167	0.88417
38	170	0.826216
38	173	0.802764
39	19	0.851211
39	20	0.934771
39	29	0.941061
39	47	0.90919
39	51	0.902867
39	57	0.91142
39	61	0.890127
39	73	0.858422
39	87	0.912541
39	132	0.814758
39	134	0.882479
39	160	1.37195
39	172	2.52647
39	180	3.69197
40	93	1.60951
40	96	0.659136
40	150	0.648749
40	163	0.921762
40	166	0.922546
40	169	0.875929
40	171	0.889408
40	172	0.882018
40	174	0.890893
40	175	0.902876
40	176	0.866711
40	177	0.876613
40	178	0.888628
40	179	0.886584
41	28	1.78064
41	72	0.829165
41	137	0.538838
41	147	0.990807
41	153	0.908774
41	155	0.882812
41	169	0.870236
41	171	0.883715
41	172	0.876324
41	175	0.897183
41	176	0.861018
41	177	0.87092
41	178	0.882935
41	179	0.880891
42	4	0.780546
42	15	0.889433
42	16	2.04347
42	32	0.839315
42	33	0.834113
42	55	0.814158
42	59	0.815955
42	71	0.792175
42	81	0.826631
42	84	0.766245
42	136	0.822692
42	138	2.71924
42	160	0.789472
42	168	0.826247
43	23	0.867941
43	85	0.846955
43	89	0.833835
43	92	0.816348
43	94	0.800987
43	96	0.843713
43	105	0.822515
43	106	0.822138
43	112	0.80954
43	164	0.827798
43	165	0.760661
43	167	0.790768
43	173	3.76108
43	180	2.73864
44	28	2.79241
44	30	0.854528
44	78	1.03331
44	125	0.861596
44	141	0.902
44	154	0.85719
44	155	0.77758
44	162	0.843484
44	169	0.765004
44	174	0.779968
44	175	0.791951
44	176	0.755786
44	177	0.765688
44	178	0.777703
44	179	0.775659
45	22	0.849866
45	85	0.912235
45	89	0.899114
45	92	0.881627
45	94	0.866267
45	96	0.908993
45	105	0.887794
45	106	0.887417
45	112	0.87482
45	114	1.94615
45	135	1.58778
45	164	0.893078
45	165	0.825941
45	167	0.856048
45	170	3.35818
46	38	0.921421
46	54	1.67056
46	90	0.890283
46	93	0.860742
46	108	0.88436
46	128	0.869547
46	131	0.908765
46	135	1.76831
46	140	0.906941
46	148	0.869765
46	164	0.887435
46	165	0.820298
46	168	0.893086
46	171	3.38385
46	180	0.778625
47	5	1.26198
47	6	0.843295
47	20	0.915191
47	29	0.921481
47	39	0.90919
47	49	0.876246
47	51	0.883286
47	57	0.891839
47	61	0.870546
47	73	0.838841
47	87	0.89296
47	127	0.821837
47	132	0.795177
47	134	0.862898
47	170	4.16131
48	110	1.48169
48	118	0.649493
48	145	0.89915
48	151	0.967473
48	152	0.888826
48	157	0.94739
48	159	0.878536
48	168	0.419661
48	169	0.837781
48	171	0.851259
48	175	0.864727
48	176	0.828562
48	177	0.838465
48	178	0.850479
48	179	0.848436
49	6	0.829931
49	8	0.943846
49	10	0.938128
49	19	0.818266
49	20	0.901827
49	29	0.908117
49	47	0.876246
49	51	0.869922
49	61	0.857182
49	73	0.825477
49	87	0.879596
49	119	2.24453
49	134	0.849534
49	147	1.24707
49	180	4.28217
50	71	0.871969
50	75	1.73141
50	81	0.906425
50	84	0.846039
50	137	0.899716
50	143	2.95059
50	144	0.893801
50	148	0.88272
50	149	0.904632
50	150	0.917718
50	157	1.61542
50	167	0.863361
50	168	0.906041
50	173	0.781955
50	180	0.791581
51	6	0.836971
51	8	0.950886
51	19	0.825306
51	20	0.908867
51	39	0.902867
51	47	0.883286
51	49	0.869922
51	57	0.885515
51	61	0.864222
51	73	0.832517
51	87	0.886636
51	91	1.72401
51	134	0.856574
51	158	1.77565
51	175	2.84142
52	79	0.852161
52	90	0.906729
52	93	0.877188
52	103	0.904901
52	104	0.90604
52	121	0.882513
52	131	0.925212
52	138	1.13098
52	140	0.923387
52	148	0.886211
52	154	2.06676
52	160	0.872757
52	173	0.785446
52	179	3.16338
52	180	0.795071
53	85	0.87821
53	89	1.07557
53	124	0.94322
53	137	0.825444
53	141	0.969534
53	151	0.962231
53	155	0.845114
53	166	0.879155
53	169	0.832538
53	171	0.846017
53	174	0.847502
53	175	0.859485
53	177	0.833222
53	178	0.845237
53	179	0.843193
54	46	1.67056
54	116	0.879172
54	120	2.26899
54	158	0.917922
54	159	0.821911
54	169	0.781156
54	171	0.794635
54	172	0.787244
54	174	0.79612
54	175	0.808103
54	176	0.771937
54	177	0.78184
54	178	0.793854
54	179	0.791811
54	180	0.777553
55	4	0.840725
55	15	0.949611
55	32	0.899493
55	33	0.894291
55	42	0.814158
55	59	0.876133
55	67	0.918963
55	71	0.852353
55	81	0.886809
55	84	0.826423
55	99	0.675339
55	160	0.84965
55	168	0.886426
55	176	3.84237
55	178	2.16485
56	23	0.92804
56	24	0.841077
56	85	0.907054
56	91	2.03765
56	94	0.861086
56	96	0.903812
56	105	0.882613
56	106	0.882236
56	112	0.869639
56	136	0.889992
56	139	2.11752
56	141	2.17888
56	164	0.887897
56	165	0.82076
56	167	0.850867
57	6	0.845524
57	19	0.833859
57	29	0.92371
57	39	0.91142
57	47	0.891839
57	51	0.885515
57	61	0.872776
57	73	0.84107
57	87	0.895189
57	127	1.02891
57	132	0.797406
57	133	0.923898
57	134	0.865127
57	147	1.74239
57	163	3.16708
58	38	2.45997
58	90	0.244714
58	106	0.416117
58	155	0.857086
58	157	0.95412
58	161	0.957111
58	163	0.890344
58	169	0.844511
58	171	0.857989
58	172	0.850599
58	174	0.859475
58	175	0.871457
58	177	0.845194
58	178	0.857209
58	179	0.855166
59	11	0.832213
59	15	0.951408
59	33	0.896088
59	42	0.815955
59	55	0.876133
59	67	0.92076
59	71	0.85415
59	81	0.888606
59	84	0.82822
59	127	1.54419
59	136	0.884668
59	151	2.01003
59	160	0.851447
59	161	2.5277
59	168	0.888223
60	68	0.921475
60	69	0.851834
60	110	0.879115
60	118	0.843082
60	123	0.872765
60	137	0.877476
60	142	0.888319
60	144	0.871561
60	149	0.882392
60	150	0.895478
60	165	2.71644
60	167	1.79637
60	168	0.883802
60	173	0.759715
60	175	2.3208
60	180	0.769341
61	19	0.812567
61	20	0.896127
61	29	0.902417
61	39	0.890127
61	47	0.870546
61	49	0.857182
61	51	0.864222
61	57	0.872776
61	73	0.819777
61	87	0.873896
61	116	0.874788
61	132	0.776114
61	133	0.902605
61	134	0.843835
61	173	4.99821
61	178	1.68358
62	72	2.17723
62	98	0.82856
62	101	0.825342
62	103	1.51211
62	133	0.894886
62	154	0.848608
62	156	0.830502
62	162	0.834902
62	169	0.756422
62	171	0.769901
62	172	0.762511
62	174	0.771387
62	175	0.783369
62	177	0.757106
62	178	0.769121
62	179	0.767077
63	31	0.895298
63	66	0.848383
63	95	0.842772
63	110	0.866145
63	113	0.899473
63	118	0.830112
63	124	1.84302
63	129	0.852833
63	133	0.898438
63	142	0.875349
63	144	0.858592
63	149	0.869423
63	150	0.882508
63	161	1.75184
63	163	2.90649
63	170	0.770197
64	66	0.857569
64	74	0.907892
64	83	0.8247
64	95	0.851959
64	110	0.875332
64	118	0.839299
64	129	0.862019
64	133	0.907625
64	134	1.16616
64	142	0.884536
64	144	0.867778
64	149	0.878609
64	150	0.891695
64	167	1.4097
64	173	0.755932
64	176	4.40335
65	16	0.691063
65	83	0.889676
65	95	0.916935
65	102	1.83575
65	110	0.940308
65	113	0.973636
65	117	0.908705
65	118	0.904275
65	123	0.933959
65	128	2.15916
65	144	0.932755
65	149	0.943586
65	150	0.956671
65	162	2.11555
65	164	0.939345
65	173	0.820909
65	180	0.830534
66	2	1.12756
66	30	0.854733
66	63	0.848383
66	64	0.857569
66	72	0.845077
66	83	0.820747
66	97	0.843085
66	110	0.871379
66	113	0.904707
66	136	0.872511
66	138	1.13408
66	142	0.880583
66	149	0.874657
66	150	0.887742
66	169	4.13687
66	170	0.775431
66	180	0.761605
67	4	0.885351
67	11	0.875043
67	25	0.950802
67	32	0.94412
67	33	0.938918
67	55	0.918963
67	59	0.92076
67	71	0.89698
67	81	0.931436
67	84	0.87105
67	136	0.927498
67	141	0.687695
67	160	0.894277
67	165	2.05952
67	167	1.13945
67	168	0.931053
67	176	4.1331
68	34	0.877805
68	60	0.921475
68	97	0.903208
68	117	0.899899
68	119	2.69002
68	123	0.925152
68	129	0.91819
68	137	0.929863
68	142	0.940706
68	144	0.923949
68	149	0.93478
68	150	0.947865
68	154	0.9745
68	167	1.11933
68	168	0.936189
68	173	0.812102
68	177	3.33661
69	60	0.851834
69	95	0.838487
69	97	0.833566
69	113	0.895189
69	117	0.830257
69	118	0.825827
69	127	0.95599
69	129	0.848548
69	137	0.860221
69	142	0.871064
69	146	1.42605
69	150	0.878224
69	155	3.88007
69	161	1.55461
69	168	0.866547
69	170	0.765913
69	180	0.752087
70	38	1.45653
70	73	1.17139
70	81	0.625843
70	130	1.01128
70	156	0.960558
70	162	0.964957
70	164	0.169948
70	166	0.933094
70	169	0.886477
70	171	0.899956
70	172	0.892566
70	173	0.873248
70	175	0.913424
70	176	0.877259
70	177	0.887161
70	178	0.899176
70	179	0.897133
71	4	0.818742
71	11	0.808434
71	25	0.884193
71	32	0.87751
71	33	0.872309
71	36	0.109815
71	42	0.792175
71	50	0.871969
71	55	0.852353
71	59	0.85415
71	67	0.89698
71	81	0.864826
71	84	0.804441
71	132	3.40141
71	160	0.827668
71	168	0.864443
71	170	3.2414
72	31	0.891992
72	34	0.809142
72	41	0.829165
72	62	2.17723
72	66	0.845077
72	83	0.812207
72	113	0.896167
72	117	0.831236
72	123	0.85649
72	129	0.849527
72	142	0.872043
72	144	0.855286
72	149	0.866117
72	150	0.879202
72	164	0.861875
72	167	2.78987
72	180	0.753065
73	6	0.792526
73	8	0.906441
73	10	0.900723
73	19	0.780861
73	20	0.864422
73	29	0.870712
73	39	0.858422
73	47	0.838841
73	49	0.825477
73	51	0.832517
73	57	0.84107
73	61	0.819777
73	70	1.17139
73	87	0.842191
73	132	0.744408
73	133	0.8709
73	135	3.41292
73	147	2.03726
74	27	0.57247
74	64	0.907892
74	95	0.898329
74	97	0.893408
74	99	1.79089
74	117	0.890099
74	118	0.885669
74	123	0.915353
74	137	0.920063
74	142	0.930906
74	144	0.914149
74	145	2.45576
74	150	0.938065
74	164	0.920738
74	168	0.926389
74	170	0.825754
74	175	2.4887
74	180	0.811928
75	50	1.73141
75	109	0.965399
75	136	1.41063
75	143	0.84421
75	155	0.815776
75	156	0.87728
75	158	0.939965
75	161	0.915801
75	163	0.849033
75	166	0.849816
75	169	0.8032
75	171	0.816678
75	172	0.809288
75	174	0.818164
75	175	0.830147
75	176	0.793981
75	178	0.815898
75	179	0.813855
76	34	2.12791
76	93	1.08248
76	100	0.126414
76	102	0.962542
76	117	0.315992
76	143	0.900027
76	156	0.933097
76	158	0.995783
76	159	0.899772
76	161	0.971618
76	169	0.859017
76	171	0.872496
76	172	0.865105
76	175	0.885964
76	176	0.849799
76	177	0.859701
76	178	0.871716
76	179	0.869672
77	2	1.35943
77	7	0.975677
77	35	0.854911
77	82	0.927578
77	90	0.909496
77	93	0.879955
77	108	0.903573
77	120	0.922517
77	121	0.88528
77	125	1.63854
77	131	0.927979
77	133	1.63642
77	134	0.881135
77	148	0.888978
77	163	2.75059
77	165	0.839512
77	168	0.912299
77	173	0.788213
77	180	0.797838
78	44	1.03331
78	79	0.864442
78	88	0.915929
78	90	0.91901
78	103	0.917182
78	104	0.918321
78	108	0.913087
78	111	1.44932
78	116	2.48959
78	120	0.93203
78	126	0.90684
78	140	0.935668
78	148	0.898492
78	160	0.885037
78	167	0.879132
78	170	0.821178
78	173	0.797726
78	179	2.93404
78	180	0.807352
79	52	0.852161
79	78	0.864442
79	80	0.864528
79	82	0.856423
79	93	0.8088
79	100	0.861773
79	103	0.836513
79	104	0.837652
79	111	2.23982
79	120	0.851362
79	121	0.814125
79	131	0.856824
79	134	0.80998
79	140	0.855
79	151	1.40447
79	167	0.798464
79	168	0.841144
79	173	0.717058
79	178	4.08888
80	28	0.86178
80	79	0.864528
80	82	0.937178
80	86	1.35488
80	88	0.916015
80	108	0.913173
80	120	0.932117
80	121	0.89488
80	126	0.906927
80	131	0.937579
80	141	1.55823
80	143	2.66741
80	148	0.898578
80	160	0.885124
80	168	0.921899
80	170	0.821265
80	173	0.797813
80	175	2.53441
80	180	0.807438
81	4	0.853198
81	11	0.842889
81	15	0.962084
81	25	0.918649
81	32	0.911966
81	42	0.826631
81	50	0.906425
81	55	0.886809
81	59	0.888606
81	67	0.931436
81	70	0.625843
81	71	0.864826
81	84	0.838897
81	115	2.29684
81	124	1.85292
81	136	0.895344
81	156	2.58452
81	160	0.862123
81	168	0.898899
82	14	0.986583
82	77	0.927578
82	79	0.856423
82	80	0.937178
82	103	0.909163
82	104	0.910302
82	114	1.56548
82	121	0.886775
82	126	0.898822
82	135	1.20711
82	140	0.927649
82	148	0.890473
82	165	0.841006
82	168	0.913794
82	170	0.813159
82	172	3.39491
82	173	0.789708
82	174	2.6953
82	180	0.799333
83	64	0.8247
83	65	0.889676
83	66	0.820747
83	72	0.812207
83	97	0.810215
83	110	0.83851
83	113	0.871838
83	117	0.806906
83	125	2.22986
83	129	0.825197
83	137	0.836871
83	142	0.847713
83	144	0.830956
83	149	0.841787
83	150	0.854873
83	151	1.6696
83	159	3.70163
83	164	0.837546
83	180	0.728736
84	4	0.792812
84	11	0.782504
84	15	0.901699
84	25	0.858263
84	32	0.85158
84	33	0.846379
84	42	0.766245
84	50	0.846039
84	55	0.826423
84	59	0.82822
84	67	0.87105
84	71	0.804441
84	81	0.838897
84	125	2.47612
84	136	0.834958
84	146	2.30496
84	157	2.60639
84	160	0.801738
84	168	0.838513
85	24	0.859552
85	43	0.846955
85	45	0.912235
85	53	0.87821
85	56	0.907054
85	92	0.894921
85	94	0.87956
85	96	0.922286
85	105	0.901088
85	106	0.900711
85	112	0.888113
85	128	0.888483
85	136	0.908467
85	139	2.0392
85	154	2.40748
85	162	2.22042
85	164	0.906371
85	165	0.839234
85	167	0.869342
86	23	1.65646
86	26	0.841496
86	80	1.35488
86	102	0.906086
86	135	0.883525
86	137	1.84443
86	143	0.843571
86	154	0.894746
86	163	0.848394
86	165	0.840631
86	166	0.849177
86	171	0.816039
86	174	0.817525
86	175	0.829507
86	176	0.793342
86	177	0.803245
86	178	0.815259
86	179	0.813216
87	6	0.846645
87	8	0.96056
87	10	0.954842
87	13	1.0129
87	19	0.83498
87	20	0.918541
87	29	0.924831
87	30	1.91075
87	39	0.912541
87	47	0.89296
87	49	0.879596
87	51	0.886636
87	57	0.895189
87	61	0.873896
87	73	0.842191
87	101	2.01929
87	132	0.798527
87	134	0.866248
87	145	2.05941
88	5	0.882454
88	38	0.920966
88	78	0.915929
88	80	0.916015
88	90	0.889828
88	100	0.91326
88	108	0.883905
88	116	2.1217
88	120	0.902849
88	121	0.865612
88	122	3.06403
88	140	0.906487
88	141	1.1626
88	148	0.86931
88	164	0.886981
88	165	0.819844
88	167	0.849951
88	170	0.791997
88	179	2.56615
88	180	0.778171
89	22	0.850039
89	23	0.933394
89	24	0.846431
89	43	0.833835
89	45	0.899114
89	53	1.07557
89	92	0.881801
89	94	0.86644
89	96	0.909166
89	105	0.887967
89	106	0.88759
89	109	0.889411
89	112	0.874993
89	136	0.895346
89	151	1.38139
89	158	2.20833
89	160	3.24178
89	164	0.893251
89	165	0.826114
89	167	0.856221
90	12	2.9715
90	28	0.835594
90	38	0.924048
90	46	0.890283
90	52	0.906729
90	58	0.244714
90	77	0.909496
90	78	0.91901
90	88	0.889828
90	103	0.891081
90	104	0.892221
90	121	0.868694
90	126	0.88074
90	140	0.909568
90	148	0.872391
90	163	1.53182
90	167	0.853032
90	173	0.771626
90	178	2.54392
90	180	0.781252
91	26	0.811597
91	51	1.72401
91	56	2.03765
91	114	0.860996
91	115	0.865932
91	139	0.884324
91	141	0.909658
91	146	0.879109
91	148	1.64301
91	157	0.882271
91	162	0.851141
91	166	0.819278
91	169	0.772661
91	172	0.77875
91	174	0.787626
91	175	0.799608
91	176	0.763443
91	177	0.773345
91	178	0.78536
91	179	0.783317
92	5	0.91481
92	22	0.832552
92	24	0.828944
92	43	0.816348
92	45	0.881627
92	85	0.894921
92	89	0.881801
92	94	0.848953
92	96	0.891679
92	105	0.870481
92	106	0.870103
92	112	0.857506
92	127	0.970858
92	128	0.857876
92	136	0.877859
92	158	1.24737
92	160	2.28083
92	164	0.875764
92	165	0.808627
92	167	0.838734
92	177	4.00599
93	14	0.93896
93	35	0.808784
93	40	1.60951
93	46	0.860742
93	52	0.877188
93	76	1.08248
93	77	0.879955
93	79	0.8088
93	103	0.86154
93	104	0.862679
93	109	0.856681
93	121	0.839152
93	126	0.851199
93	127	1.29349
93	131	0.881851
93	140	0.880027
93	148	0.84285
93	164	0.860521
93	165	0.793384
93	167	0.823491
93	168	0.866171
93	175	3.65204
94	22	0.817191
94	23	0.900546
94	43	0.800987
94	45	0.866267
94	56	0.861086
94	85	0.87956
94	89	0.86644
94	92	0.848953
94	96	0.876318
94	105	0.85512
94	106	0.854743
94	109	0.856563
94	112	0.842145
94	127	0.955497
94	128	0.842515
94	133	1.10491
94	164	0.860403
94	165	0.793266
94	167	0.823374
94	173	4.31494
94	176	2.67782
94	180	3.2925
95	63	0.842772
95	64	0.851959
95	65	0.916935
95	69	0.838487
95	74	0.898329
95	97	0.837474
95	101	3.08853
95	102	2.02547
95	113	0.899097
95	117	0.834165
95	123	0.859419
95	129	0.852456
95	137	0.864129
95	138	1.55656
95	142	0.874972
95	144	0.858215
95	149	0.869046
95	150	0.882132
95	162	2.30527
95	168	0.870455
95	170	0.769821
95	173	0.746369
96	22	0.859918
96	23	0.943272
96	24	0.85631
96	40	0.659136
96	43	0.843713
96	45	0.908993
96	56	0.903812
96	85	0.922286
96	89	0.909166
96	92	0.891679
96	94	0.876318
96	105	0.897846
96	106	0.897469
96	109	0.899289
96	112	0.884872
96	122	2.01476
96	127	0.998223
96	153	1.69143
96	164	0.903129
96	165	0.835993
96	167	0.8661
96	170	2.59051
96	180	4.17341
97	9	3.0483
97	66	0.843085
97	68	0.903208
97	69	0.833566
97	74	0.893408
97	83	0.810215
97	95	0.837474
97	110	0.860848
97	118	0.824814
97	123	0.854498
97	125	1.17883
97	129	0.847535
97	137	0.859208
97	142	0.870051
97	144	0.853294
97	145	2.47834
97	149	0.864125
97	150	0.877211
97	156	1.95902
97	164	0.859884
97	168	0.865534
97	170	0.7649
97	173	0.741448
98	62	0.82856
98	121	1.67207
98	128	0.836257
98	140	1.39057
98	147	0.869509
98	150	1.93414
98	151	0.878631
98	152	0.799984
98	153	0.787476
98	154	0.841124
98	157	0.858548
98	158	0.885704
98	161	0.861539
98	162	0.827418
98	169	0.748938
98	171	0.762417
98	172	0.755027
98	174	0.763903
98	175	0.775885
98	176	0.73972
98	177	0.749622
98	178	0.761637
98	179	0.759594
99	55	0.675339
99	74	1.79089
99	129	2.11186
99	140	1.4499
99	143	0.84108
99	145	0.861439
99	146	0.906517
99	151	0.929762
99	153	0.838607
99	155	0.812645
99	159	0.840825
99	161	0.91267
99	162	0.878549
99	163	0.845903
99	166	0.846686
99	169	0.80007
99	171	0.813548
99	172	0.806158
99	174	0.815034
99	175	0.827016
99	176	0.790851
99	178	0.812768
99	179	0.810725
99	180	0.796466
100	76	0.126414
100	79	0.861773
100	88	0.91326
100	104	0.915653
100	108	0.910419
100	120	0.929362
100	122	3.62121
100	128	0.895606
100	131	0.934824
100	132	0.820259
100	133	1.36141
100	134	0.88798
100	140	0.933
100	148	0.895823
100	157	1.49379
100	160	0.882369
100	164	0.913494
100	165	0.846357
100	167	0.876464
100	168	0.919145
100	170	0.81851
100	173	0.795058
100	179	3.12334
100	180	0.804684
101	32	2.09218
101	62	0.825342
101	87	2.01929
101	95	3.08853
101	107	0.894603
101	119	0.803609
101	139	0.857382
101	145	0.807089
101	151	0.875413
101	152	0.796765
101	154	0.837906
101	156	0.8198
101	157	0.855329
101	159	0.786475
101	161	0.858321
101	171	0.759199
101	172	0.751808
101	173	0.732491
101	174	0.760684
101	175	0.772667
101	176	0.736502
101	177	0.746404
101	178	0.758419
101	179	0.756375
102	65	1.83575
102	76	0.962542
102	86	0.906086
102	95	2.02547
102	111	0.909144
102	119	0.838215
102	131	1.05318
102	147	0.900897
102	151	0.910019
102	154	0.872512
102	159	0.821081
102	162	0.858806
102	163	0.826159
102	166	0.826943
102	167	0.848503
102	168	0.928764
102	169	0.780326
102	172	0.786414
102	174	0.79529
102	175	0.807273
102	177	0.78101
102	178	0.793025
102	179	0.790981
102	180	0.776723
103	5	0.883707
103	52	0.904901
103	62	1.51211
103	78	0.917182
103	79	0.836513
103	82	0.909163
103	90	0.891081
103	93	0.86154
103	104	0.890392
103	108	0.885158
103	114	2.73814
103	120	0.904102
103	121	0.866865
103	124	1.36532
103	126	0.878912
103	131	0.909564
103	140	0.90774
103	148	0.870563
103	162	1.79286
103	164	0.888234
103	165	0.821097
103	168	0.893884
103	170	0.79325
103	173	0.769798
103	175	2.64918
104	36	1.3822
104	38	0.923359
104	52	0.90604
104	78	0.918321
104	79	0.837652
104	82	0.910302
104	90	0.892221
104	93	0.862679
104	100	0.915653
104	103	0.890392
104	108	0.886298
104	120	0.905241
104	121	0.868005
104	126	0.880051
104	131	0.910703
104	133	1.67822
104	138	1.40775
104	140	0.908879
104	148	0.871702
104	161	1.63774
104	167	0.852343
104	170	0.794389
104	173	0.770937
104	178	3.80449
104	180	0.780563
105	22	0.838719
105	23	0.922074
105	24	0.835111
105	26	2.95446
105	43	0.822515
105	45	0.887794
105	56	0.882613
105	85	0.901088
105	89	0.887967
105	92	0.870481
105	94	0.85512
105	96	0.897846
105	106	0.87627
105	109	0.878091
105	112	0.863673
105	127	0.977024
105	128	0.864043
105	132	2.54287
105	136	0.884026
105	156	1.09227
105	160	0.849551
105	164	0.881931
105	165	0.814794
105	167	0.844901
105	180	3.96576
106	13	0.844165
106	22	0.838342
106	23	0.921697
106	24	0.834734
106	43	0.822138
106	45	0.887417
106	56	0.882236
106	58	0.416117
106	85	0.900711
106	89	0.88759
106	92	0.870103
106	94	0.854743
106	96	0.897469
106	105	0.87627
106	107	0.822787
106	109	0.877714
106	112	0.863296
106	127	0.976647
106	128	0.863666
106	136	0.883649
106	164	0.881554
106	165	0.814417
106	167	0.844524
106	170	3.42461
106	176	4.39283
107	20	1.35028
107	101	0.894603
107	106	0.822787
107	123	1.44147
107	139	0.937346
107	142	0.680488
107	143	0.866694
107	146	0.932131
107	151	0.955376
107	153	0.864221
107	154	0.917869
107	155	0.838259
107	157	0.935293
107	161	0.938284
107	163	0.871517
107	164	1.09454
107	166	0.8723
107	169	0.825683
107	172	0.831772
107	174	0.840648
107	175	0.85263
107	176	0.816465
107	177	0.826367
107	178	0.838382
107	179	0.836339
108	7	0.953168
108	28	0.829671
108	46	0.88436
108	77	0.903573
108	78	0.913087
108	80	0.913173
108	88	0.883905
108	100	0.910419
108	103	0.885158
108	104	0.886298
108	111	1.74588
108	121	0.862771
108	126	0.874817
108	130	1.8439
108	131	0.905469
108	140	0.903645
108	148	0.866469
108	157	1.60105
108	160	0.853014
108	161	1.42819
108	165	0.817002
108	168	0.88979
108	169	4.20099
108	173	0.765703
108	180	0.775329
109	75	0.965399
109	89	0.889411
109	93	0.856681
109	94	0.856563
109	96	0.899289
109	105	0.878091
109	106	0.877714
109	110	0.884338
109	112	0.865116
109	115	1.21166
109	120	0.899242
109	121	0.862006
109	123	0.877988
109	126	0.874052
109	137	0.882699
109	140	0.90288
109	144	0.876784
109	145	2.01866
109	148	0.865704
109	149	0.887615
109	164	0.883374
109	166	2.12387
109	168	0.889025
109	172	3.96999
109	180	0.774564
110	34	0.835445
110	48	1.48169
110	60	0.879115
110	63	0.866145
110	64	0.875332
110	65	0.940308
110	66	0.871379
110	83	0.83851
110	97	0.860848
110	109	0.884338
110	113	0.92247
110	117	0.857539
110	118	0.853109
110	123	0.882792
110	124	1.84305
110	129	0.87583
110	137	0.887503
110	142	0.898346
110	149	0.892419
110	150	0.905505
110	154	2.45765
110	156	2.57465
110	161	1.75187
110	170	0.793194
110	173	0.769742
110	180	0.779368
111	29	0.791326
111	37	0.918217
111	78	1.44932
111	79	2.23982
111	102	0.909144
111	108	1.74588
111	135	0.886582
111	138	0.948396
111	139	0.91728
111	144	0.83181
111	145	0.866988
111	152	0.856663
111	155	0.818194
111	157	0.915228
111	158	0.942384
111	161	0.918219
111	162	0.884098
111	163	0.851451
111	166	0.852235
111	169	0.805618
111	171	0.819097
111	174	0.820583
111	175	0.832565
111	176	0.7964
111	178	0.818317
111	179	0.816273
112	10	0.932036
112	22	0.825744
112	23	0.909099
112	24	0.822137
112	43	0.80954
112	45	0.87482
112	56	0.869639
112	85	0.888113
112	89	0.874993
112	92	0.857506
112	94	0.842145
112	96	0.884872
112	105	0.863673
112	106	0.863296
112	109	0.865116
112	127	0.96405
112	128	0.851068
112	136	0.871052
112	152	2.21721
112	157	0.988462
112	159	1.61097
112	164	0.868956
112	165	0.801819
112	167	0.831927
112	177	3.1645
112	180	4.55555
113	18	0.887793
113	63	0.899473
113	65	0.973636
113	66	0.904707
113	69	0.895189
113	72	0.896167
113	83	0.871838
113	95	0.899097
113	110	0.92247
113	118	0.886437
113	123	0.91612
113	128	2.10538
113	130	1.95875
113	136	0.923602
113	137	0.920831
113	138	1.31305
113	142	0.931674
113	144	0.914916
113	149	0.925747
113	150	0.938833
113	151	1.02538
113	157	1.71591
113	164	0.921506
113	165	3.31373
113	168	0.927157
113	180	0.812696
114	21	1.85024
114	45	1.94615
114	82	1.56548
114	91	0.860996
114	103	2.73814
114	130	0.889939
114	141	0.902131
114	143	0.806146
114	145	0.826504
114	146	0.871582
114	147	0.885706
114	152	0.81618
114	154	0.857321
114	157	0.874744
114	159	0.80589
114	161	0.877736
114	162	0.843615
114	166	0.811752
114	169	0.765135
114	171	0.778614
114	172	0.771223
114	174	0.780099
114	175	0.792082
114	176	0.755917
114	177	0.765819
114	178	0.777834
114	179	0.77579
115	81	2.29684
115	91	0.865932
115	109	1.21166
115	129	1.96973
115	130	0.894876
115	131	1.34936
115	134	0.849765
115	143	0.811082
115	152	0.821117
115	153	0.808609
115	154	0.862257
115	156	0.844152
115	158	0.906837
115	159	0.810827
115	160	0.844154
115	161	0.882672
115	162	0.848551
115	166	0.816688
115	169	0.770072
115	171	0.78355
115	172	0.77616
115	174	0.785036
115	175	0.797018
115	176	0.760853
115	177	0.770755
115	178	0.78277
115	179	0.780727
116	54	0.879172
116	61	0.874788
116	78	2.48959
116	88	2.1217
116	122	0.820871
116	125	0.871409
116	128	0.862136
116	144	1.87208
116	145	0.836186
116	146	0.881264
116	156	0.848897
116	158	0.911583
116	159	0.815572
116	161	0.887418
116	162	0.853297
116	163	0.82065
116	169	0.774817
116	170	0.78504
116	171	0.788296
116	172	0.780905
116	174	0.789781
116	175	0.801764
116	176	0.765599
116	177	0.775501
116	178	0.787516
116	179	0.785472
116	180	0.771214
117	21	0.883456
117	31	0.886692
117	65	0.908705
117	68	0.899899
117	69	0.830257
117	72	0.831236
117	74	0.890099
117	76	0.315992
117	83	0.806906
117	95	0.834165
117	110	0.857539
117	123	0.851189
117	127	0.951669
117	129	0.844226
117	134	2.11758
117	137	0.8559
117	142	0.866742
117	144	0.849985
117	149	0.860816
117	150	0.873902
117	164	0.856575
117	166	2.95782
117	167	2.36112
117	168	0.862225
117	170	0.761591
117	173	0.738139
117	179	3.31291
117	180	0.747765
118	18	0.818431
118	21	0.879026
118	34	0.799412
118	48	0.649493
118	60	0.843082
118	63	0.830112
118	64	0.839299
118	65	0.904275
118	69	0.825827
118	74	0.885669
118	97	0.824814
118	110	0.853109
118	113	0.886437
118	127	0.947239
118	132	3.95572
118	133	0.885401
118	137	0.85147
118	139	1.25717
118	142	0.862313
118	144	0.845555
118	149	0.856386
118	150	0.869472
118	163	2.07432
118	164	0.852145
118	168	0.857796
118	170	0.757161
118	171	3.64085
118	173	0.733709
118	180	0.743335
119	49	2.24453
119	68	2.69002
119	101	0.803609
119	102	0.838215
119	130	0.859493
119	135	0.815653
119	139	0.846351
119	143	0.7757
119	145	0.796059
119	153	0.773227
119	154	0.826875
119	156	0.808769
119	159	0.775444
119	161	0.84729
119	162	0.813169
119	163	0.780522
119	166	0.781306
119	168	3.11114
119	169	0.734689
119	171	0.748168
119	172	0.740778
119	173	0.72146
119	174	0.749654
119	175	0.761636
119	176	0.725471
119	177	0.735373
119	178	0.747388
119	179	0.745344
119	180	0.731086
120	14	0.981522
120	27	0.71992
120	28	0.848614
120	35	0.851345
120	54	2.26899
120	77	0.922517
120	78	0.93203
120	79	0.851362
120	80	0.932117
120	88	0.902849
120	100	0.929362
120	103	0.904102
120	104	0.905241
120	109	0.899242
120	121	0.881714
120	126	0.893761
120	128	0.885194
120	132	0.809848
120	139	1.59861
120	140	0.922588
120	147	0.991077
120	148	0.885412
120	155	3.58656
120	162	1.77983
120	165	0.835946
120	168	0.908733
120	170	0.808098
120	173	0.784647
120	180	0.794272
121	35	0.814109
121	52	0.882513
121	77	0.88528
121	79	0.814125
121	80	0.89488
121	82	0.886775
121	88	0.865612
121	90	0.868694
121	93	0.839152
121	98	1.67207
121	103	0.866865
121	104	0.868005
121	108	0.862771
121	109	0.862006
121	120	0.881714
121	130	1.46987
121	131	0.887176
121	132	0.772611
121	140	0.885352
121	148	0.848175
121	153	3.03113
121	154	1.75995
121	160	0.834721
121	165	0.798709
121	168	0.871497
121	170	0.770862
121	173	0.74741
121	174	3.64799
121	180	0.757036
122	88	3.06403
122	96	2.01476
122	100	3.62121
122	116	0.820871
122	130	0.847659
122	132	0.734827
122	135	0.803819
122	139	0.834517
122	141	0.859851
122	145	0.784224
122	147	0.843426
122	151	0.852548
122	152	0.7739
122	154	0.815041
122	156	0.796935
122	157	0.832464
122	162	0.801335
122	163	0.768688
122	165	0.760925
122	166	0.769472
122	169	0.722855
122	171	0.736334
122	172	0.728943
122	174	0.737819
122	175	0.749802
122	176	0.713637
122	177	0.723539
122	178	0.735554
122	179	0.73351
123	1	1.37059
123	18	0.848115
123	31	0.911945
123	34	0.829095
123	60	0.872765
123	65	0.933959
123	68	0.925152
123	72	0.85649
123	74	0.915353
123	95	0.859419
123	97	0.854498
123	107	1.44147
123	109	0.877988
123	110	0.882792
123	113	0.91612
123	117	0.851189
123	129	0.86948
123	134	1.77433
123	137	0.881153
123	142	0.891996
123	144	0.875239
123	149	0.88607
123	150	0.899155
123	162	1.68598
123	164	0.881828
123	167	2.01787
123	168	0.887479
123	170	0.786844
123	178	3.33401
123	180	0.773018
124	53	0.94322
124	63	1.84302
124	81	1.85292
124	103	1.36532
124	110	1.84305
124	125	0.884075
124	129	1.52581
124	130	0.912287
124	134	0.867176
124	135	0.868447
124	145	0.848852
124	146	0.89393
124	153	0.826021
124	154	0.879669
124	158	0.924249
124	159	0.828238
124	162	0.865963
124	163	0.833316
124	165	0.825553
124	166	0.8341
124	169	0.787483
124	171	0.800962
124	172	0.793571
124	174	0.802447
124	175	0.81443
124	176	0.778265
124	177	0.788167
124	178	0.800182
124	179	0.798138
124	180	0.78388
125	2	0.892824
125	44	0.861596
125	77	1.63854
125	83	2.22986
125	84	2.47612
125	97	1.17883
125	116	0.871409
125	124	0.884075
125	136	1.16439
125	138	0.916171
125	147	0.893964
125	151	0.903086
125	152	0.824438
125	153	0.811931
125	154	0.865579
125	155	0.785969
125	157	0.883002
125	158	0.910159
125	159	0.814148
125	161	0.885994
125	162	0.851873
125	166	0.82001
125	169	0.773393
125	172	0.779481
125	173	0.760164
125	174	0.788357
125	175	0.80034
125	176	0.764174
125	177	0.774077
125	178	0.786091
125	179	0.784048
126	7	0.946921
126	14	0.956332
126	35	0.826155
126	78	0.90684
126	80	0.906927
126	82	0.898822
126	90	0.88074
126	93	0.851199
126	103	0.878912
126	104	0.880051
126	108	0.874817
126	109	0.874052
126	120	0.893761
126	131	0.899223
126	134	0.852379
126	135	2.22388
126	140	0.897399
126	147	0.848216
126	148	0.860222
126	156	1.94103
126	158	1.42752
126	159	2.63261
126	160	0.846768
126	164	0.877893
126	165	0.810756
126	167	0.840863
126	168	0.883543
126	170	0.782908
126	173	0.759457
126	177	4.18614
126	180	0.769082
127	8	0.913446
127	11	1.14132
127	38	1.60891
127	47	0.821837
127	57	1.02891
127	59	1.54419
127	69	0.95599
127	92	0.970858
127	93	1.29349
127	94	0.955497
127	96	0.998223
127	105	0.977024
127	106	0.976647
127	112	0.96405
127	117	0.951669
127	118	0.947239
127	137	0.981633
127	140	0.345771
127	149	0.986549
127	150	0.999635
127	151	1.00679
127	167	0.945278
127	168	0.987959
127	171	0.89058
127	174	0.892065
127	175	0.904048
127	176	0.867883
127	177	0.877785
127	178	0.8898
127	179	0.887756
127	180	0.873498
128	4	1.31029
128	19	1.26521
128	35	0.817589
128	46	0.869547
128	65	2.15916
128	85	0.888483
128	92	0.857876
128	94	0.842515
128	98	0.836257
128	100	0.895606
128	105	0.864043
128	106	0.863666
128	112	0.851068
128	113	2.10538
128	116	0.862136
128	120	0.885194
128	138	0.906897
128	148	0.851656
128	150	1.87857
128	152	0.815164
128	160	0.838201
128	163	0.809953
128	164	0.869326
128	165	0.802189
128	167	0.832297
128	175	0.791066
128	176	0.754901
128	177	0.764803
128	178	0.776818
128	179	0.774774
128	180	0.760516
129	10	0.937945
129	18	0.841152
129	21	0.901747
129	31	0.904983
129	63	0.852833
129	64	0.862019
129	68	0.91819
129	69	0.848548
129	72	0.849527
129	83	0.825197
129	95	0.852456
129	97	0.847535
129	99	2.11186
129	110	0.87583
129	115	1.96973
129	117	0.844226
129	123	0.86948
129	124	1.52581
129	134	2.0417
129	136	0.876961
129	137	0.87419
129	142	0.885033
129	144	0.868276
129	149	0.879107
129	150	0.892193
129	156	2.25741
129	161	1.43463
129	164	0.874866
129	168	0.880516
129	170	0.779882
129	173	0.75643
129	180	0.766055
130	6	1.77875
130	12	0.847927
130	14	0.788875
130	70	1.01128
130	108	1.8439
130	113	1.95875
130	114	0.889939
130	115	0.894876
130	119	0.859493
130	121	1.46987
130	122	0.847659
130	124	0.912287
130	138	0.944382
130	147	0.922176
130	153	0.840142
130	157	0.911214
130	158	0.93837
130	159	0.84236
130	161	0.914206
130	162	0.880085
130	163	0.847438
130	168	1.10554
130	169	0.801605
130	170	0.811827
130	171	0.815083
130	173	0.788376
130	174	0.816569
130	175	0.828551
130	176	0.792386
130	177	0.802289
130	178	0.814303
130	179	0.81226
131	7	0.977573
131	28	0.854076
131	36	0.558714
131	46	0.908765
131	52	0.925212
131	77	0.927979
131	79	0.856824
131	80	0.937579
131	93	0.881851
131	100	0.934824
131	102	1.05318
131	103	0.909564
131	104	0.910703
131	108	0.905469
131	115	1.34936
131	121	0.887176
131	126	0.899223
131	132	0.81531
131	134	0.88303
131	140	0.92805
131	148	0.890874
131	153	2.79122
131	158	1.12353
131	160	0.87742
131	164	0.908544
131	165	0.841407
131	166	2.26157
131	167	0.871515
131	168	0.914195
131	169	3.58706
131	170	0.81356
131	173	0.790108
131	180	0.799734
132	7	0.863008
132	8	0.862778
132	17	0.731319
132	29	0.827048
132	38	0.827965
132	39	0.814758
132	47	0.795177
132	57	0.797406
132	61	0.776114
132	71	3.40141
132	73	0.744408
132	87	0.798527
132	100	0.820259
132	105	2.54287
132	118	3.95572
132	120	0.809848
132	121	0.772611
132	122	0.734827
132	131	0.81531
132	133	0.827236
132	145	0.750142
132	154	0.780958
132	158	0.825538
132	163	0.734606
132	165	0.726843
132	168	0.79963
132	172	0.694861
132	174	0.703737
132	176	0.679554
132	177	0.689457
132	178	0.701471
132	179	0.699428
132	180	0.685169
133	6	0.875353
133	8	0.989269
133	15	0.982582
133	19	0.863689
133	29	0.953539
133	57	0.923898
133	61	0.902605
133	62	0.894886
133	63	0.898438
133	64	0.907625
133	73	0.8709
133	77	1.63642
133	94	1.10491
133	100	1.36141
133	104	1.67822
133	118	0.885401
133	132	0.827236
133	134	0.894957
133	140	0.813143
133	144	0.913881
133	148	1.42586
133	149	0.924712
133	150	0.937798
133	155	0.82784
133	157	0.924873
133	159	0.856019
133	163	0.861097
133	164	0.920471
133	170	0.825487
133	172	0.821352
133	176	0.806045
133	178	0.827963
133	179	0.825919
133	180	0.811661
134	19	0.804918
134	39	0.882479
134	47	0.862898
134	49	0.849534
134	51	0.856574
134	57	0.865127
134	61	0.843835
134	64	1.16616
134	77	0.881135
134	79	0.80998
134	87	0.866248
134	100	0.88798
134	115	0.849765
134	117	2.11758
134	123	1.77433
134	124	0.867176
134	126	0.852379
134	129	2.0417
134	131	0.88303
134	133	0.894957
134	137	2.256
134	143	0.797504
134	163	0.802327
134	164	0.8617
134	170	0.766716
134	171	0.769972
134	173	0.743265
134	174	0.771458
134	175	0.78344
134	176	0.747275
134	178	0.769192
134	179	0.767149
134	180	0.75289
135	2	0.877196
135	17	0.800311
135	45	1.58778
