1	32	1.03274
1	53	0.973937
1	73	1.08625
1	87	1.12482
1	104	1.08442
1	108	1.07338
1	112	1.11035
1	115	1.04369
1	125	1.0704
1	151	0.798733
1	169	0.81008
1	170	0.796752
2	76	1.0175
2	81	1.07483
2	82	1.08388
2	85	1.0527
2	100	1.04455
2	105	1.11513
2	120	1.0568
2	129	0.837455
2	134	1.04853
2	155	0.707558
2	162	0.85668
2	172	1.10608
3	9	0.544118
3	13	1.1231
3	24	1.31049
3	67	1.15254
3	70	0.626814
3	92	0.62768
3	99	1.15924
3	130	1.20197
3	137	1.20758
3	139	0.609849
3	154	1.16958
3	167	1.27548
4	11	1.11212
4	19	1.21053
4	49	1.21932
4	62	1.30118
4	63	1.18649
4	75	1.20876
4	77	1.19054
4	96	0.551892
4	134	1.17105
4	139	0.58405
4	166	0.639586
4	176	0.632394
5	12	0.915341
5	26	0.719507
5	100	0.763154
5	150	1.07818
5	169	1.06623
5	174	1.05575
5	175	1.07326
5	176	1.05713
5	177	1.06484
5	178	1.07806
5	179	1.0716
5	180	1.05496
6	67	1.14815
6	93	1.19538
6	133	1.18562
6	135	0.645706
6	146	1.21851
6	147	1.18111
6	154	1.16519
6	159	0.592472
6	167	1.27109
6	172	1.23494
6	176	0.592362
6	178	0.577222
7	69	0.738191
7	106	1.0805
7	143	1.0747
7	153	1.09369
7	155	1.08607
7	160	1.0628
7	161	1.04956
7	163	1.05463
7	164	1.0478
7	165	1.05025
7	175	0.824926
7	176	0.842961
8	41	0.809391
8	158	1.05568
8	159	1.06906
8	160	0.785519
8	163	0.800407
8	173	1.08006
8	174	1.0579
8	176	1.05927
8	177	1.06698
8	178	1.08021
8	179	1.07374
8	180	1.0571
9	3	0.544118
9	11	0.73308
9	65	0.525472
9	152	0.59215
9	159	1.19865
9	169	1.19797
9	173	1.20965
9	175	1.20501
9	176	1.18887
9	178	1.2098
9	179	1.20334
9	180	1.1867
10	49	0.775963
10	56	1.0642
10	93	0.788418
10	101	1.04113
10	120	1.05386
10	131	0.829103
10	172	1.10313
10	175	1.0738
10	176	1.05766
10	178	1.0786
10	179	1.07213
10	180	1.05549
11	4	1.11212
11	9	0.73308
11	12	0.979368
11	19	1.07276
11	49	1.08156
11	59	1.056
11	62	1.16342
11	63	1.04873
11	77	1.05278
11	86	0.805597
11	134	1.03328
11	174	0.861796
12	5	0.915341
12	11	0.979368
12	18	1.07549
12	19	1.07778
12	49	1.08657
12	51	0.717296
12	58	1.05931
12	59	1.06101
12	62	1.16843
12	63	1.05374
12	83	0.763067
12	134	1.0383
13	3	1.1231
13	17	0.7554
13	78	1.05968
13	90	0.857436
13	99	1.01101
13	121	1.09648
13	122	1.0271
13	137	1.05935
13	146	1.07467
13	154	1.02135
13	167	1.12725
13	178	0.793622
14	147	0.828778
14	155	0.744742
14	164	0.821144
14	168	1.05898
14	173	1.07885
14	174	1.05669
14	175	1.0742
14	176	1.05807
14	177	1.06578
14	178	1.079
14	179	1.07254
14	180	1.0559
15	35	1.15481
15	46	0.559737
15	61	0.67193
15	78	1.19813
15	94	0.537938
15	121	1.23493
15	137	1.1978
15	146	1.21312
15	147	1.17572
15	154	1.1598
15	166	0.63889
15	167	1.2657
16	57	0.669887
16	76	1.10429
16	81	1.16162
16	98	1.2237
16	100	1.13134
16	101	1.13086
16	120	1.14359
16	124	1.17642
16	134	1.13532
16	150	0.654262
16	151	0.637792
16	172	1.19287
16	178	0.645576
17	13	0.7554
17	106	0.610031
17	148	0.589389
17	163	0.639116
17	170	1.16172
17	173	1.16601
17	174	1.14385
17	175	1.16136
17	176	1.14522
17	177	1.15293
17	178	1.16616
17	179	1.1597
17	180	1.14305
18	12	1.07549
18	19	1.16888
18	20	1.15706
18	49	1.17768
18	59	1.15211
18	62	1.25953
18	63	1.14485
18	69	0.529648
18	97	1.135
18	126	0.728535
18	134	1.1294
18	135	0.687762
18	144	0.662462
19	4	1.21053
19	11	1.07276
19	12	1.07778
19	18	1.16888
19	59	1.1544
19	62	1.26182
19	63	1.14714
19	75	1.1694
19	97	1.13729
19	166	0.647199
19	168	0.662418
19	169	0.62843
19	180	0.669237
20	18	1.15706
20	49	1.16815
20	58	1.14088
20	59	1.14259
20	104	1.16624
20	108	1.1552
20	112	1.19216
20	115	1.12551
20	117	0.64277
20	125	1.15222
20	150	0.655397
20	171	0.665307
20	175	0.643818
21	61	0.679037
21	67	0.625231
21	83	1.15956
21	97	1.13992
21	131	1.16281
21	138	0.686242
21	140	1.18407
21	145	1.15277
21	156	1.16279
21	163	1.14976
21	164	1.14294
21	165	1.14538
21	170	0.6139
22	113	1.15629
22	118	0.610322
22	139	0.651135
22	141	1.14106
22	143	1.17397
22	149	1.16153
22	152	1.1546
22	160	1.16207
22	163	1.1539
22	164	1.14707
22	165	1.14952
22	173	0.661456
22	178	0.684338
23	54	1.14257
23	127	0.614027
23	141	1.129
23	142	0.675232
23	145	1.14485
23	153	1.18091
23	155	1.17329
23	161	1.13678
23	164	1.13502
23	165	1.13746
23	167	1.22011
23	177	0.638175
23	180	0.680068
24	3	1.31049
24	67	1.1917
24	87	0.444649
24	93	1.23893
24	99	1.1984
24	119	0.578587
24	122	1.21449
24	144	0.600463
24	146	1.26206
24	148	1.26056
24	154	1.20874
24	167	1.31464
24	168	0.59483
24	174	0.58706
25	50	0.652237
25	79	1.12344
25	81	0.693241
25	103	1.08192
25	106	0.682298
25	118	1.17355
25	134	0.763843
25	146	1.12961
25	172	1.14604
25	175	1.1167
25	176	1.10057
25	177	1.10828
25	178	1.1215
25	180	1.0984
26	5	0.719507
26	80	1.1283
26	106	1.13926
26	141	1.10055
26	142	0.717315
26	143	1.13346
26	145	1.1164
26	152	1.11409
26	156	1.12642
26	160	1.12156
26	162	0.694054
26	163	1.11339
26	164	1.10657
26	175	0.674885
27	93	0.70296
27	140	0.705117
27	150	1.1284
27	151	1.12487
27	155	0.69107
27	159	1.11712
27	170	1.12384
27	172	0.692541
27	173	1.12812
27	176	1.10734
27	177	1.11505
27	178	1.12827
27	179	1.12181
27	180	1.10517
28	52	1.14594
28	91	0.664422
28	96	0.668962
28	121	1.15542
28	133	1.10072
28	141	1.09508
28	152	1.10863
28	154	1.0803
28	155	1.13937
28	156	1.12095
28	165	1.10354
28	169	0.737887
28	172	1.15004
28	177	0.736802
29	68	1.08729
29	69	0.649757
29	76	1.06953
29	81	1.12686
29	98	1.18895
29	100	1.09658
29	101	1.09611
29	105	1.16717
29	111	0.668582
29	120	1.10884
29	134	1.10056
29	151	0.731603
29	172	1.15811
29	176	0.754528
30	104	0.651262
30	120	0.752736
30	147	0.703938
30	156	0.6864
30	157	1.1106
30	159	1.12359
30	171	1.1135
30	174	1.11243
30	175	1.12994
30	176	1.1138
30	177	1.12151
30	178	1.13474
30	179	1.12827
30	180	1.11163
31	41	1.18757
31	62	0.434695
31	64	0.512317
31	126	0.699144
31	127	0.568217
31	145	1.24146
31	146	1.26413
31	147	1.22674
31	148	1.26264
31	154	1.21082
31	156	1.25147
31	163	1.23845
31	167	1.31672
31	177	0.592365
32	1	1.03274
32	33	1.07167
32	37	1.21625
32	43	0.791163
32	73	1.13509
32	88	1.16127
32	90	0.71511
32	104	1.13326
32	107	0.650897
32	108	1.12222
32	109	1.1088
32	125	1.11924
32	144	1.09946
32	178	0.651296
33	32	1.07167
33	37	1.20634
33	60	1.08248
33	87	1.16375
33	104	1.12335
33	108	1.1123
33	109	1.09889
33	112	1.14927
33	115	1.08262
33	125	1.10933
33	142	0.723727
33	168	0.721743
33	169	0.687755
33	170	0.674426
34	41	1.20105
34	71	0.641954
34	95	1.24004
34	99	1.21395
34	101	0.513091
34	122	1.23004
34	126	0.598839
34	130	1.25668
34	137	1.26229
34	146	1.27761
34	154	1.22429
34	172	1.29404
34	174	0.519363
34	180	0.533953
35	15	1.15481
35	84	1.16509
35	93	1.09302
35	121	1.13796
35	122	1.06858
35	130	1.09523
35	146	1.11615
35	148	1.11466
35	150	0.70115
35	155	1.12191
35	171	0.71106
35	172	1.13258
35	177	0.694943
35	179	0.699938
36	68	1.11634
36	81	1.1559
36	85	1.13378
36	98	1.21799
36	101	1.12515
36	105	1.19621
36	108	0.652042
36	118	0.647158
36	120	1.13788
36	134	1.1296
36	139	0.687972
36	148	0.61306
36	172	1.18716
37	32	1.21625
37	33	1.20634
37	72	0.535032
37	82	0.553059
37	104	1.26793
37	108	1.25689
37	109	1.24348
37	112	1.29386
37	115	1.2272
37	125	1.25391
37	144	1.23413
37	157	0.604438
37	178	0.536613
37	180	0.580984
38	80	0.579737
38	111	0.5612
38	115	0.615077
38	145	0.571775
38	167	0.463505
38	169	1.24407
38	171	1.23467
38	173	1.25575
38	174	1.23359
38	175	1.2511
38	177	1.24268
38	178	1.2559
38	179	1.24944
38	180	1.2328
39	52	0.688665
39	78	0.700773
39	83	0.6791
39	149	0.722797
39	170	1.12723
39	171	1.11043
39	173	1.13151
39	174	1.10936
39	175	1.12687
39	176	1.11073
39	177	1.11844
39	178	1.13167
39	179	1.1252
39	180	1.10856
40	53	1.15734
40	60	1.22696
40	88	1.29583
40	104	1.26783
40	109	1.24337
40	112	1.29375
40	115	1.22709
40	118	0.508711
40	125	1.2538
40	129	0.579777
40	143	0.526353
40	144	1.23402
40	166	0.60506
40	169	0.586291
41	8	0.809391
41	31	1.18757
41	34	1.20105
41	78	1.08292
41	79	1.09173
41	84	1.14684
41	127	0.664652
41	137	1.08259
41	146	1.0979
41	154	1.04459
41	165	0.634379
41	167	1.15048
41	172	1.11433
41	179	0.693795
42	93	1.18393
42	108	1.20126
42	109	1.18784
42	112	1.23822
42	115	1.17157
42	120	0.595221
42	121	1.22887
42	122	1.15949
42	125	1.19828
42	146	1.20706
42	169	0.598799
42	171	0.61383
42	172	1.22349
42	178	0.595235
42	179	0.602708
43	32	0.791163
43	55	0.790611
43	112	0.705381
43	127	1.11259
43	129	1.09582
43	151	1.09492
43	167	0.707093
43	171	1.07709
43	173	1.09817
43	175	1.09352
43	176	1.07739
43	177	1.0851
43	178	1.09832
43	179	1.09186
43	180	1.07522
44	105	0.563244
44	138	1.18001
44	146	0.576361
44	152	0.631078
44	158	1.1927
44	160	0.602442
44	163	0.61733
44	168	1.1972
44	170	1.21279
44	174	1.19491
44	176	1.19629
44	177	1.204
44	178	1.21722
44	179	1.21076
44	180	1.19412
45	92	1.1092
45	109	0.74856
45	143	0.768182
45	144	1.08197
45	150	1.10254
45	153	0.717811
45	158	1.07789
45	161	0.75971
45	168	1.0824
45	175	1.09762
45	176	1.08149
45	177	1.0892
45	178	1.10242
45	179	1.09596
45	180	1.07932
46	15	0.559737
46	56	0.632291
46	59	0.61659
46	142	1.18247
46	148	0.570789
46	156	0.612554
46	162	1.19153
46	171	1.19545
46	173	1.21653
46	174	1.19437
46	176	1.19574
46	177	1.20345
46	178	1.21668
46	179	1.21021
46	180	1.19357
47	80	1.10508
47	113	1.09255
47	132	0.740442
47	141	1.07732
47	145	1.09317
47	147	1.07845
47	152	1.09087
47	156	1.10319
47	160	1.09833
47	161	1.08509
47	163	1.09017
47	165	1.08578
47	176	0.750211
47	177	0.737549
47	180	0.779442
48	82	1.17309
48	95	0.649521
48	103	0.688081
48	105	0.581232
48	118	1.22281
48	126	1.12784
48	136	1.17142
48	145	0.633475
48	164	0.637259
48	170	1.16632
48	174	1.14845
48	176	1.14982
48	177	1.15753
48	178	1.17076
48	179	1.1643
48	180	1.14765
49	4	1.21932
49	10	0.775963
49	11	1.08156
49	12	1.08657
49	18	1.17768
49	20	1.16815
49	58	1.1615
49	62	1.27062
49	63	1.15593
49	75	1.1782
49	77	1.15998
49	89	0.587768
49	134	1.14049
49	170	0.592548
49	177	0.604791
49	180	0.646684
50	25	0.652237
50	56	1.16251
50	68	1.13062
50	76	1.11286
50	81	1.17019
50	85	1.14807
50	98	1.23228
50	100	1.13992
50	101	1.13944
50	105	1.2105
50	120	1.15217
50	129	0.615241
50	138	0.680769
50	172	1.20145
50	176	0.633332
50	179	0.625665
51	12	0.717296
51	61	0.63478
51	93	1.15226
51	99	1.11174
51	118	1.21934
51	128	1.17462
51	131	1.16276
51	144	0.622593
51	148	1.1739
51	154	1.12208
51	156	1.16273
51	163	1.14971
51	164	1.14288
51	167	1.22797
51	174	0.60919
51	180	0.623779
52	28	1.14594
52	39	0.688665
52	55	1.15659
52	91	0.564842
52	129	1.17618
52	147	1.1494
52	149	1.16873
52	152	1.16181
52	153	1.20017
52	156	1.17413
52	159	0.649993
52	161	1.15604
52	164	1.15428
52	165	1.15673
52	168	0.672294
52	175	0.631848
53	1	0.973937
53	40	1.15734
53	60	1.03359
53	77	0.735546
53	87	1.11486
53	88	1.10246
53	108	1.06341
53	109	1.05
53	112	1.10038
53	115	1.03372
53	124	1.0692
53	125	1.06043
53	144	1.04066
53	166	0.830586
53	173	0.785372
53	180	0.852625
54	23	1.14257
54	79	0.604338
54	111	1.14996
54	119	0.693046
54	140	1.15813
54	147	1.1121
54	153	1.16287
54	156	1.13684
54	157	0.739563
54	160	1.13198
54	161	1.11874
54	163	1.12382
54	164	1.11699
54	165	1.11943
54	166	1.12656
54	171	0.690333
54	179	0.679211
55	43	0.790611
55	52	1.15659
55	70	0.634505
55	102	1.1651
55	111	1.14472
55	114	1.12655
55	128	1.14349
55	145	1.12158
55	148	1.14277
55	149	1.1262
55	154	0.63111
55	160	1.12674
55	161	1.1135
55	163	1.11858
55	165	1.11419
55	177	0.653222
55	180	0.695115
56	10	1.0642
56	46	0.632291
56	50	1.16251
56	68	1.09757
56	81	1.13714
56	82	1.14618
56	85	1.11501
56	98	1.19922
56	100	1.10686
56	101	1.10638
56	105	1.17744
56	120	1.11911
56	123	0.656361
56	129	0.686161
56	142	0.728647
56	172	1.16839
56	176	0.704252
57	16	0.669887
57	62	0.604843
57	119	1.13759
57	120	0.760021
57	124	0.651232
57	135	1.11214
57	158	1.12262
57	165	0.708092
57	166	1.13232
57	169	1.13532
57	173	1.147
57	174	1.12484
57	175	1.14235
57	177	1.13393
57	178	1.14715
57	179	1.14069
57	180	1.12405
58	12	1.05931
58	20	1.14088
58	49	1.1615
58	59	1.13593
58	60	0.649763
58	63	1.12867
58	101	0.704916
58	111	1.15481
58	134	1.11322
58	143	1.14873
58	149	1.13629
58	152	1.12936
58	153	1.16772
58	161	1.12359
58	173	0.658525
58	174	0.711188
58	175	0.678512
59	11	1.056
59	12	1.06101
59	18	1.15211
59	19	1.1544
59	20	1.14259
59	46	0.61659
59	58	1.13593
59	62	1.24506
59	63	1.13037
59	75	1.15264
59	77	1.13442
59	97	1.12053
59	134	1.11493
59	159	0.688661
59	174	0.703192
59	179	0.680884
59	180	0.717782
60	33	1.08248
60	40	1.22696
60	53	1.03359
60	58	0.649763
60	73	1.14591
60	88	1.17209
60	94	0.625461
60	104	1.14408
60	108	1.13304
60	109	1.11962
60	112	1.17
60	115	1.10335
60	124	1.13882
60	125	1.13006
60	170	0.694316
60	174	0.733863
60	178	0.704081
61	15	0.67193
61	21	0.679037
61	51	0.63478
61	75	0.683681
61	129	1.14465
61	142	1.11295
61	151	1.14375
61	157	1.12301
61	161	0.72625
61	169	1.13532
61	171	1.12592
61	175	1.14235
61	176	1.12622
61	177	1.13393
61	178	1.14715
61	179	1.14069
61	180	1.12405
62	4	1.30118
62	11	1.16342
62	12	1.16843
62	18	1.25953
62	19	1.26182
62	31	0.434695
62	49	1.27062
62	57	0.604843
62	59	1.24506
62	63	1.23779
62	77	1.24184
62	97	1.22795
62	100	0.566234
62	134	1.22235
62	175	0.577639
62	176	0.595674
62	180	0.624904
63	4	1.18649
63	11	1.04873
63	12	1.05374
63	18	1.14485
63	19	1.14714
63	49	1.15593
63	58	1.12867
63	59	1.13037
63	62	1.23779
63	66	0.675561
63	71	0.764715
63	75	1.14537
63	97	1.11326
63	126	0.7216
63	134	1.10766
63	150	0.621027
63	159	0.627592
64	31	0.512317
64	73	0.574277
64	76	0.69648
64	107	1.22212
64	120	0.658141
64	138	1.17798
64	153	0.55141
64	162	1.19005
64	163	0.599768
64	166	1.20036
64	171	1.19396
64	174	1.19288
64	175	1.2104
64	176	1.19426
64	177	1.20197
64	178	1.21519
64	179	1.20873
64	180	1.19209
65	9	0.525472
65	86	1.16237
65	92	0.609035
65	102	1.22799
65	107	0.624008
65	123	0.591656
65	136	0.635698
65	140	1.21577
65	143	1.20153
65	153	1.22052
65	155	1.2129
65	160	1.18963
65	161	1.17639
65	163	1.18146
65	164	1.17464
65	165	1.17708
65	167	1.25973
65	178	0.624407
66	63	0.675561
66	92	1.12212
66	123	1.14581
66	124	0.690141
66	133	0.753468
66	156	0.732594
66	163	0.740556
66	168	1.09532
66	170	1.11091
66	171	1.09411
66	173	1.11519
66	174	1.09303
66	175	1.11054
66	176	1.09441
66	177	1.10212
66	178	1.11534
66	179	1.10888
66	180	1.09224
67	3	1.15254
67	6	1.14815
67	21	0.625231
67	24	1.1917
67	79	1.09794
67	84	1.15304
67	95	1.06654
67	122	1.05654
67	137	1.08879
67	146	1.10411
67	147	1.06671
67	148	1.10262
67	150	0.745975
67	154	1.05079
67	172	1.12054
67	173	0.714408
67	177	0.739769
67	180	0.781661
68	29	1.08729
68	36	1.11634
68	50	1.13062
68	56	1.09757
68	74	0.700999
68	85	1.08312
68	98	1.16733
68	100	1.07497
68	101	1.07449
68	105	1.14555
68	110	0.743078
68	120	1.08722
68	124	1.12005
68	134	1.07895
68	165	0.685313
68	172	1.1365
68	177	0.739734
68	178	0.737256
69	7	0.738191
69	18	0.529648
69	29	0.649757
69	93	0.525138
69	128	0.550152
69	133	0.600619
69	158	1.18817
69	159	1.20154
69	170	1.20826
69	171	1.19146
69	173	1.21254
69	174	1.19038
69	175	1.2079
69	176	1.19176
69	177	1.19947
69	178	1.21269
69	179	1.20623
69	180	1.18959
70	3	0.626814
70	55	0.634505
70	85	1.15105
70	100	1.1429
70	101	1.14242
70	104	0.617998
70	105	1.21348
70	113	0.652576
70	120	1.15515
70	133	0.67401
70	155	0.586638
70	172	1.20443
70	173	1.17974
70	175	1.17509
70	176	1.15896
70	177	1.16667
70	178	1.17989
70	179	1.17343
70	180	1.15679
71	34	0.641954
71	63	0.764715
71	110	1.11225
71	128	0.792154
71	135	1.06231
71	141	0.838897
71	159	1.08618
71	162	1.07218
71	169	1.08549
71	170	1.09289
71	171	1.0761
71	172	0.75672
71	173	1.09717
71	175	1.09253
71	176	1.07639
71	177	1.0841
71	178	1.09733
71	179	1.09086
71	180	1.07422
72	37	0.535032
72	97	0.67001
72	108	0.665011
72	134	0.728217
72	138	1.14302
72	139	1.2019
72	148	0.626029
72	151	1.17683
72	167	0.565644
72	169	1.1684
72	171	1.159
72	173	1.18008
72	174	1.15792
72	175	1.17543
72	176	1.1593
72	177	1.167
72	178	1.18023
72	179	1.17377
72	180	1.15712
73	1	1.08625
73	32	1.13509
73	60	1.14591
73	64	0.574277
73	82	0.668292
73	87	1.22717
73	88	1.21478
73	104	1.18677
73	108	1.17573
73	109	1.16232
73	112	1.2127
73	115	1.14604
73	124	1.18152
73	125	1.17275
73	144	1.15297
73	147	0.603035
73	160	0.578571
73	174	0.681628
73	180	0.696217
74	68	0.700999
74	88	0.559478
74	103	0.693844
74	117	1.1692
74	125	0.636562
74	139	1.20071
74	144	1.15859
74	151	1.17564
74	156	0.633118
74	158	1.15451
74	172	0.56809
74	173	1.17889
74	174	1.15673
74	175	1.17424
74	176	1.15811
74	177	1.16582
74	178	1.17904
74	179	1.17258
74	180	1.15594
75	4	1.20876
75	19	1.1694
75	49	1.1782
75	59	1.15264
75	61	0.683681
75	63	1.14537
75	87	1.21669
75	97	1.13553
75	104	1.17629
75	108	1.16525
75	109	1.15183
75	110	0.634131
75	112	1.20222
75	115	1.13556
75	118	0.554292
75	125	1.16227
75	159	0.643559
75	166	0.650641
75	176	0.643449
76	2	1.0175
76	16	1.10429
76	29	1.06953
76	50	1.11286
76	64	0.69648
76	81	1.08749
76	85	1.06536
76	98	1.14957
76	100	1.05721
76	101	1.05673
76	105	1.12779
76	120	1.06946
76	124	1.10229
76	127	0.752379
76	134	1.06118
76	159	0.789299
76	171	0.792644
76	172	1.11874
76	177	0.776527
77	4	1.19054
77	11	1.05278
77	49	1.15998
77	53	0.735546
77	59	1.13442
77	62	1.24184
77	85	0.655775
77	97	1.11731
77	102	1.17368
77	123	0.630266
77	130	0.652834
77	134	1.11171
77	140	1.16146
77	147	1.11544
77	149	1.13478
77	155	1.15859
77	163	1.12715
77	164	1.12032
77	169	0.66658
77	177	0.665495
78	13	1.05968
78	15	1.19813
78	39	0.700773
78	41	1.08292
78	79	1.1533
78	93	1.13635
78	118	1.20342
78	119	0.66816
78	121	1.18128
78	122	1.11191
78	137	1.14416
78	146	1.15948
78	147	1.12208
78	154	1.10616
78	155	1.16523
78	158	0.694687
78	170	0.637086
78	172	1.1759
78	176	0.661992
78	178	0.646851
79	25	1.12344
79	41	1.09173
79	54	0.604338
79	67	1.09794
79	78	1.1533
79	95	1.13072
79	99	1.10464
79	107	0.667926
79	121	1.1901
79	133	1.1354
79	135	0.736809
79	137	1.15297
79	141	0.619124
79	146	1.16829
79	147	1.13089
79	154	1.11498
79	166	0.690657
79	167	1.22087
79	171	0.68692
79	172	1.18472
80	26	1.1283
80	38	0.579737
80	47	1.10508
80	111	1.16415
80	113	1.1404
80	140	1.17232
80	145	1.14101
80	152	1.13871
80	153	1.17707
80	156	1.15103
80	160	1.14617
80	161	1.13294
80	163	1.13801
80	164	1.13118
80	165	1.13362
80	169	0.68702
80	170	0.673692
80	171	0.702052
80	175	0.680562
80	177	0.685935
81	2	1.07483
81	16	1.16162
81	25	0.693241
81	29	1.12686
81	36	1.1559
81	50	1.17019
81	56	1.13714
81	76	1.08749
81	82	1.15387
81	85	1.12269
81	98	1.2069
81	100	1.11454
81	105	1.18512
81	120	1.12679
81	138	0.721772
81	165	0.607253
81	170	0.64943
81	171	0.677791
81	172	1.17607
81	175	0.656301
82	2	1.08388
82	37	0.553059
82	48	1.17309
82	56	1.14618
82	73	0.668292
82	81	1.15387
82	100	1.12359
82	101	1.12311
82	120	1.13584
82	141	0.70297
82	157	1.13644
82	160	0.678896
82	163	0.693784
82	164	0.695725
82	171	1.13935
82	172	1.18512
82	177	1.14736
82	178	1.16058
82	179	1.15412
82	180	1.13748
83	12	0.763067
83	21	1.15956
83	39	0.6791
83	106	1.15876
83	111	1.15903
83	114	1.14086
83	117	0.621237
83	131	1.14594
83	143	1.15296
83	145	1.1359
83	148	1.15708
83	150	0.633864
83	151	0.617395
83	152	1.13359
83	157	0.693003
83	160	1.14105
83	161	1.12782
83	163	1.13289
83	164	1.12606
83	165	1.12851
84	35	1.16509
84	41	1.14684
84	67	1.15304
84	86	0.574903
84	90	0.665134
84	95	1.18583
84	99	1.15974
84	121	1.24521
84	122	1.17583
84	137	1.20808
84	144	0.644505
84	146	1.2234
84	148	1.22191
84	150	0.610006
84	153	0.494576
84	154	1.17008
84	155	1.22916
84	159	0.616571
84	167	1.27598
84	172	1.23983
84	178	0.601321
85	2	1.0527
85	36	1.13378
85	50	1.14807
85	56	1.11501
85	68	1.08312
85	70	1.15105
85	76	1.06536
85	77	0.655775
85	81	1.12269
85	98	1.18477
85	100	1.09241
85	101	1.09193
85	105	1.16299
85	120	1.10466
85	124	1.1375
85	151	0.720699
85	153	0.621738
85	166	0.750815
85	172	1.15394
85	175	0.725589
85	177	0.730962
86	11	0.805597
86	65	1.16237
86	84	0.574903
86	91	0.639406
86	97	1.09417
86	131	1.11706
86	140	1.13832
86	141	1.09116
86	145	1.10701
86	149	1.11163
86	152	1.10471
86	153	1.14307
86	155	1.13545
86	156	1.11703
86	158	0.757143
86	161	1.09893
86	164	1.09718
86	165	1.09962
86	167	1.18227
86	175	0.706412
86	176	0.724447
87	1	1.12482
87	24	0.444649
87	33	1.16375
87	53	1.11486
87	73	1.22717
87	75	1.21669
87	88	1.25335
87	104	1.22534
87	108	1.2143
87	109	1.20089
87	112	1.25127
87	115	1.18461
87	124	1.22009
87	125	1.21132
87	132	0.628467
87	144	1.19154
87	166	0.645428
87	170	0.61333
87	177	0.625574
87	178	0.623096
87	179	0.630569
88	32	1.16127
88	40	1.29583
88	53	1.10246
88	60	1.17209
88	73	1.21478
88	74	0.559478
88	87	1.25335
88	104	1.21295
88	108	1.20191
88	109	1.18849
88	112	1.23888
88	115	1.17222
88	116	0.631745
88	124	1.20769
88	125	1.19893
88	131	0.515463
88	138	0.658312
88	144	1.17915
88	169	0.599299
88	179	0.603208
88	180	0.640106
89	49	0.587768
89	106	0.633708
89	113	0.65427
89	114	0.679422
89	128	0.625236
89	135	1.15518
89	142	1.15599
89	149	0.65433
89	157	1.16605
89	159	1.17904
89	167	0.55268
89	168	1.17017
89	169	1.17836
89	170	1.18575
89	171	1.16896
89	174	1.16788
89	175	1.18539
89	176	1.16926
89	177	1.17697
89	178	1.19019
89	179	1.18373
89	180	1.16709
90	13	0.857436
90	32	0.71511
90	84	0.665134
90	107	1.11655
90	111	0.728733
90	119	1.10006
90	136	1.11028
90	140	0.680738
90	151	1.10622
90	165	0.747596
90	168	1.08959
90	169	1.09779
90	170	1.10518
90	171	1.08839
90	173	1.10947
90	174	1.08731
90	175	1.10482
90	176	1.08868
90	177	1.09639
90	178	1.10962
90	179	1.10315
90	180	1.08651
91	28	0.664422
91	52	0.564842
91	86	0.639406
91	111	0.595018
91	120	0.66581
91	134	0.659896
91	137	0.603274
91	142	1.15394
91	158	1.16361
91	166	1.17331
91	168	1.16812
91	169	1.17631
91	170	1.1837
91	171	1.16691
91	173	1.18799
91	174	1.16583
91	175	1.18334
91	176	1.1672
91	177	1.17491
91	178	1.18814
91	179	1.18167
91	180	1.16503
92	3	0.62768
92	45	1.1092
92	65	0.609035
92	66	1.12212
92	116	1.15471
92	123	1.19549
92	133	0.674876
92	141	0.671152
92	152	0.675713
92	162	1.13988
92	164	0.663906
92	165	0.66841
92	168	1.145
92	170	1.16059
92	171	1.14379
92	173	1.16487
92	174	1.14272
92	175	1.16023
92	176	1.14409
92	177	1.1518
92	178	1.16503
92	179	1.15856
92	180	1.14192
93	6	1.19538
93	10	0.788418
93	24	1.23893
93	27	0.70296
93	35	1.09302
93	42	1.18393
93	51	1.15226
93	69	0.525138
93	78	1.13635
93	122	1.10376
93	133	1.11845
93	137	1.13602
93	146	1.15134
93	147	1.11394
93	148	1.14984
93	154	1.09802
93	155	1.15709
93	157	0.682592
93	162	0.631042
93	167	1.20392
93	169	0.618331
93	172	1.16776
93	180	0.659139
94	15	0.537938
94	60	0.625461
94	103	0.651481
94	115	0.640177
94	135	1.17894
94	140	0.538304
94	151	1.21055
94	159	1.2028
94	161	0.592259
94	162	1.1888
94	163	0.598717
94	165	0.605162
94	168	1.19393
94	169	1.20212
94	170	1.20952
94	171	1.19272
94	173	1.2138
94	174	1.19164
94	175	1.20915
94	176	1.19302
94	177	1.20073
94	178	1.21395
94	179	1.20749
94	180	1.19085
95	34	1.24004
95	48	0.649521
95	67	1.06654
95	79	1.13072
95	84	1.18583
95	99	1.07324
95	103	1.0892
95	121	1.1587
95	122	1.08932
95	133	1.10401
95	137	1.12158
95	146	1.1369
95	147	1.0995
95	148	1.1354
95	154	1.08358
95	155	1.14265
95	167	1.18948
95	170	0.681776
95	172	1.15332
95	173	0.668658
95	174	0.721322
95	175	0.688646
95	176	0.706681
95	177	0.694019
96	4	0.551892
96	28	0.668962
96	102	0.565447
96	114	0.628606
96	123	1.24152
96	134	0.664436
96	136	1.21172
96	137	0.607814
96	138	1.17384
96	142	1.17685
96	148	0.562249
96	150	1.21117
96	168	1.19103
96	170	1.20662
96	171	1.18982
96	172	0.538986
96	173	1.2109
96	174	1.18874
96	175	1.20625
96	176	1.19012
96	177	1.19783
96	178	1.21105
96	179	1.20459
96	180	1.18795
97	18	1.135
97	19	1.13729
97	21	1.13992
97	59	1.12053
97	62	1.22795
97	63	1.11326
97	72	0.67001
97	75	1.13553
97	77	1.11731
97	86	1.09417
97	110	0.677412
97	116	0.7076
97	134	1.09781
97	140	1.14756
97	142	0.711126
97	152	1.11396
97	153	1.15231
97	156	1.12628
97	160	1.12142
97	162	0.687865
97	163	1.11326
97	164	1.10643
97	176	0.686731
97	178	0.671591
98	16	1.2237
98	29	1.18895
98	36	1.21799
98	50	1.23228
98	56	1.19922
98	68	1.16733
98	76	1.14957
98	81	1.2069
98	85	1.18477
98	100	1.17662
98	101	1.17614
98	105	1.2472
98	110	0.585427
98	120	1.18887
98	124	1.22171
98	132	0.584977
98	134	1.1806
98	138	0.642182
98	157	0.647431
98	159	0.594856
98	166	0.601938
98	172	1.23815
98	175	0.576711
98	177	0.582084
99	3	1.15924
99	13	1.01101
99	24	1.1984
99	34	1.21395
99	51	1.11174
99	79	1.10464
99	84	1.15974
99	95	1.07324
99	103	1.06311
99	117	0.682137
99	118	1.15475
99	121	1.13262
99	122	1.06324
99	126	0.795337
99	127	0.66441
99	130	1.08988
99	132	0.691451
99	137	1.09549
99	138	0.748656
99	146	1.11081
99	147	1.07341
99	154	1.05749
99	172	1.12724
99	176	0.701219
99	180	0.73045
100	2	1.04455
100	5	0.763154
100	16	1.13134
100	29	1.09658
100	50	1.13992
100	56	1.10686
100	62	0.566234
100	68	1.07497
100	70	1.1429
100	76	1.05721
100	81	1.11454
100	82	1.12359
100	85	1.09241
100	98	1.17662
100	101	1.08378
100	105	1.15484
100	120	1.09651
100	124	1.12935
100	134	1.08824
100	135	0.78991
100	172	1.14579
100	173	0.698544
100	174	0.751207
100	175	0.718531
100	178	0.721426
101	10	1.04113
101	16	1.13086
101	29	1.09611
101	34	0.513091
101	36	1.12515
101	50	1.13944
101	56	1.10638
101	58	0.704916
101	68	1.07449
101	70	1.14242
101	76	1.05673
101	82	1.12311
101	85	1.09193
101	98	1.17614
101	100	1.08378
101	105	1.15436
101	117	0.755292
101	120	1.09603
101	124	1.12887
101	134	1.08776
101	150	0.767919
101	163	0.700847
101	168	0.796786
101	172	1.14531
101	179	0.766707
102	55	1.1651
102	65	1.22799
102	77	1.17368
102	96	0.565447
102	106	1.1955
102	113	1.17202
102	122	0.602688
102	125	0.567903
102	128	1.19454
102	133	1.16242
102	138	0.693385
102	140	1.20394
102	141	1.15678
102	144	0.673993
102	145	1.17263
102	147	1.15791
102	152	1.17033
102	160	1.17779
102	161	1.16455
102	163	1.16963
102	164	1.1628
102	166	1.17237
102	170	0.621043
102	171	0.649404
102	177	0.633287
103	25	1.08192
103	48	0.688081
103	74	0.693844
103	94	0.651481
103	95	1.0892
103	99	1.06311
103	114	1.10906
103	121	1.14858
103	131	1.11413
103	137	1.11145
103	143	1.12115
103	145	1.10409
103	146	1.12677
103	152	1.10179
103	154	1.07345
103	155	1.13253
103	159	0.745351
103	160	1.10925
103	162	0.746375
103	164	1.09426
103	165	1.0967
103	167	1.17935
103	169	0.733664
103	171	0.748696
103	172	1.1432
104	1	1.08442
104	20	1.16624
104	30	0.651262
104	32	1.13326
104	33	1.12335
104	37	1.26793
104	40	1.26783
104	60	1.14408
104	70	0.617998
104	73	1.18677
104	75	1.17629
104	87	1.22534
104	88	1.21295
104	108	1.1739
104	109	1.16049
104	112	1.21087
104	115	1.14421
104	125	1.17092
104	144	1.15114
104	147	0.585425
104	152	0.589597
104	170	0.624471
104	174	0.664018
104	177	0.636715
104	178	0.634237
105	2	1.11513
105	29	1.16717
105	36	1.19621
105	44	0.563244
105	48	0.581232
105	50	1.2105
105	56	1.17744
105	68	1.14555
105	70	1.21348
105	76	1.12779
105	81	1.18512
105	85	1.16299
105	98	1.2472
105	100	1.15484
105	101	1.15436
105	120	1.16709
105	124	1.19993
105	134	1.15882
105	157	0.691076
105	158	0.671087
105	166	0.645583
105	172	1.21637
105	173	0.600369
105	175	0.620356
105	176	0.638391
106	7	1.0805
106	17	0.610031
106	25	0.682298
106	26	1.13926
106	83	1.15876
106	89	0.633708
106	102	1.1955
106	110	0.654074
106	113	1.15136
106	114	1.15694
106	128	1.17388
106	141	1.13612
106	144	0.691437
106	145	1.15197
106	148	1.17316
106	149	1.15659
106	156	1.16199
106	160	1.15713
106	161	1.14389
106	162	0.664527
106	163	1.14897
106	164	1.14214
106	165	1.14458
106	167	1.22723
106	173	0.62537
106	178	0.648253
107	32	0.650897
107	64	1.22212
107	65	0.624008
107	79	0.667926
107	90	1.11655
107	127	1.17944
107	132	1.15992
107	138	1.12796
107	146	0.63597
107	149	0.668477
107	155	0.602478
107	159	1.15402
107	160	0.662051
107	164	0.67888
107	166	1.15034
107	168	1.14515
107	169	1.15334
107	170	1.16074
107	173	1.16502
107	174	1.14286
107	175	1.16038
107	176	1.14424
107	177	1.15195
107	178	1.16517
107	179	1.15871
107	180	1.14207
108	1	1.07338
108	20	1.1552
108	32	1.12222
108	33	1.1123
108	36	0.652042
108	37	1.25689
108	42	1.20126
108	53	1.06341
108	60	1.13304
108	72	0.665011
108	73	1.17573
108	75	1.16525
108	87	1.2143
108	88	1.20191
108	104	1.1739
108	109	1.14944
108	115	1.13317
108	123	0.633841
108	124	1.16864
108	125	1.15988
108	128	0.570648
108	139	0.633388
108	142	0.706127
108	144	1.1401
108	162	0.682866
108	175	0.663697
109	32	1.1088
109	33	1.09889
109	37	1.24348
109	40	1.24337
109	42	1.18784
109	45	0.74856
109	53	1.05
109	60	1.11962
109	73	1.16232
109	75	1.15183
109	87	1.20089
109	88	1.18849
109	104	1.16049
109	108	1.14944
109	112	1.18641
109	115	1.11975
109	118	0.585712
109	124	1.15523
109	125	1.14646
109	137	0.597179
109	143	0.603354
109	144	1.12668
109	166	0.68206
109	177	0.662207
109	178	0.659728
109	179	0.667201
110	68	0.743078
110	71	1.11225
110	75	0.634131
110	97	0.677412
110	98	0.585427
110	106	0.654074
110	121	0.630618
110	133	0.69607
110	135	1.13815
110	136	1.17383
110	138	1.13596
110	150	1.17329
110	159	1.16202
110	162	1.14802
110	167	0.573047
110	168	1.15314
110	169	1.16134
110	170	1.16873
110	171	1.15194
110	174	1.15086
110	175	1.16837
110	176	1.15223
110	177	1.15994
110	178	1.17317
110	179	1.1667
110	180	1.15006
111	29	0.668582
111	38	0.5612
111	54	1.14996
111	55	1.14472
111	58	1.15481
111	80	1.16415
111	83	1.15903
111	90	0.728733
111	91	0.595018
111	127	0.64325
111	128	1.17416
111	141	1.1364
111	143	1.16931
111	149	1.15687
111	150	0.673605
111	152	1.14994
111	153	1.1883
111	156	1.16227
111	160	1.15741
111	161	1.14417
111	163	1.14924
111	164	1.14242
111	165	1.14486
111	166	1.15199
111	173	0.642037
111	174	0.694701
112	1	1.11035
112	20	1.19216
112	33	1.14927
112	37	1.29386
112	40	1.29375
112	42	1.23822
112	43	0.705381
112	53	1.10038
112	60	1.17
112	73	1.2127
112	75	1.20222
112	87	1.25127
112	88	1.23888
112	104	1.21087
112	109	1.18641
112	115	1.17014
112	116	0.601524
112	124	1.20561
112	125	1.19685
112	132	0.570885
112	144	1.17707
112	166	0.587846
112	168	0.603065
112	174	0.595295
112	177	0.567992
112	179	0.572987
112	180	0.609885
113	22	1.15629
113	47	1.09255
113	70	0.652576
113	80	1.1404
113	89	0.65427
113	102	1.17202
113	106	1.15136
113	116	0.704825
113	119	0.690123
113	128	1.1504
113	131	1.13853
113	133	1.11828
113	141	1.11264
113	143	1.14555
113	149	1.13311
113	151	0.661031
113	153	1.16454
113	155	1.15693
113	156	1.13851
113	160	1.13365
113	161	1.12041
113	163	1.12549
113	165	1.1211
113	166	1.12823
113	174	0.698597
113	175	0.66592
113	176	0.683955
114	55	1.12655
114	83	1.14086
114	89	0.679422
114	96	0.628606
114	103	1.10906
114	106	1.15694
114	118	0.619951
114	128	1.15599
114	129	1.14615
114	132	0.699339
114	140	1.16538
114	141	1.11823
114	143	1.15114
114	145	1.13408
114	149	1.1387
114	152	1.13177
114	156	1.1441
114	160	1.13924
114	161	1.126
114	163	1.13107
114	164	1.12425
114	165	1.12669
114	166	1.13382
114	169	0.697531
114	175	0.691073
114	178	0.693967
114	179	0.70144
115	1	1.04369
115	20	1.12551
115	33	1.08262
115	37	1.2272
115	38	0.615077
115	40	1.22709
115	42	1.17157
115	53	1.03372
115	60	1.10335
115	73	1.14604
115	75	1.13556
115	87	1.18461
115	88	1.17222
115	94	0.640177
115	104	1.14421
115	108	1.13317
115	109	1.11975
115	112	1.17014
115	124	1.13895
115	125	1.13019
115	138	0.781374
115	144	1.11041
115	164	0.662351
115	167	0.550298
115	170	0.709032
115	178	0.718797
115	179	0.72627
116	88	0.631745
116	92	1.15471
116	97	0.7076
116	112	0.601524
116	113	0.704825
116	123	1.1784
116	132	1.14268
116	136	1.1486
116	138	1.11072
116	142	1.11373
116	146	0.672378
116	152	0.727095
116	157	1.12379
116	159	1.13678
116	161	0.706889
116	168	1.12791
116	170	1.1435
116	171	1.1267
116	172	0.640358
116	173	1.14778
116	174	1.12562
116	175	1.14313
116	176	1.127
116	177	1.13471
116	178	1.14793
116	179	1.14147
116	180	1.12483
117	20	0.64277
117	74	1.1692
117	83	0.621237
117	99	0.682137
117	101	0.755292
117	126	1.10549
117	127	1.16267
117	130	1.13559
117	135	1.11339
117	138	1.1112
117	139	1.17008
117	143	0.675408
117	147	0.682971
117	160	0.658508
117	164	0.675337
117	168	1.12838
117	169	1.13658
117	170	1.14397
117	171	1.12718
117	173	1.14826
117	174	1.1261
117	175	1.14361
117	176	1.12747
117	177	1.13518
117	178	1.14841
117	179	1.14194
117	180	1.1253
118	22	0.610322
118	25	1.17355
118	36	0.647158
118	40	0.508711
118	48	1.22281
118	51	1.21934
118	75	0.554292
118	78	1.20342
118	99	1.15475
118	109	0.585712
118	114	0.619951
118	130	1.19748
118	134	0.655781
118	146	1.21841
118	152	0.617068
118	154	1.16509
118	156	0.595358
118	162	1.18515
118	167	1.27099
118	168	1.19027
118	169	1.19847
118	172	1.23483
118	174	1.18799
118	176	1.18936
118	177	1.19707
118	179	1.20383
118	180	1.18719
119	24	0.578587
119	54	0.693046
119	57	1.13759
119	78	0.66816
119	90	1.10006
119	113	0.690123
119	122	0.728913
119	125	0.694127
119	127	1.16295
119	139	1.17036
119	148	0.648918
119	150	1.14881
119	157	1.12455
119	158	1.12416
119	161	0.692187
119	162	1.12354
119	168	1.12866
119	169	1.13686
119	170	1.14425
119	171	1.12746
119	173	1.14854
119	174	1.12638
119	175	1.14389
119	177	1.13546
119	178	1.14869
119	179	1.14222
119	180	1.12558
120	2	1.0568
120	10	1.05386
120	16	1.14359
120	29	1.10884
120	30	0.752736
120	36	1.13788
120	42	0.595221
120	50	1.15217
120	56	1.11911
120	57	0.760021
120	64	0.658141
120	68	1.08722
120	70	1.15515
120	76	1.06946
120	81	1.12679
120	82	1.13584
120	85	1.10466
120	91	0.66581
120	98	1.18887
120	100	1.09651
120	101	1.09603
120	105	1.16709
120	124	1.1416
120	134	1.10049
120	139	0.702508
120	166	0.758043
120	172	1.15804
120	173	0.712829
121	13	1.09648
121	15	1.23493
121	28	1.15542
121	35	1.13796
121	42	1.22887
121	78	1.18128
121	79	1.1901
121	84	1.24521
121	95	1.1587
121	99	1.13262
121	103	1.14858
121	110	0.630618
121	122	1.1487
121	123	0.592046
121	125	0.561891
121	136	0.636087
121	137	1.18096
121	139	0.591593
121	147	1.15888
121	148	1.19478
121	154	1.14296
121	155	1.20203
121	158	0.672632
121	167	1.24885
121	168	0.662348
121	171	0.643392
121	172	1.2127
121	175	0.621902
122	13	1.0271
122	24	1.21449
122	34	1.23004
122	35	1.06858
122	42	1.15949
122	67	1.05654
122	78	1.11191
122	84	1.17583
122	93	1.10376
122	95	1.08932
122	99	1.06324
122	102	0.602688
122	119	0.728913
122	121	1.1487
122	129	0.704654
122	133	1.09401
122	137	1.11158
122	146	1.12689
122	147	1.0895
122	154	1.07358
122	155	1.13265
122	156	0.641255
122	167	1.17948
122	168	0.745156
122	172	1.14332
122	176	0.722745
122	177	0.710083
122	180	0.751976
123	56	0.656361
123	65	0.591656
123	66	1.14581
123	77	0.630266
123	92	1.19549
123	96	1.24152
123	108	0.633841
123	116	1.1784
123	121	0.592046
123	127	1.20298
123	132	1.18346
123	153	0.596229
123	154	0.68334
123	157	1.16458
123	158	1.16419
123	161	0.638128
123	162	1.16357
123	168	1.16869
123	169	1.17688
123	170	1.18428
123	172	0.571597
123	174	1.1664
123	175	1.18391
123	176	1.16778
123	177	1.17549
123	178	1.18871
123	179	1.18225
123	180	1.16561
124	16	1.17642
124	53	1.0692
124	57	0.651232
124	60	1.13882
124	66	0.690141
124	68	1.12005
124	73	1.18152
124	76	1.10229
124	85	1.1375
124	87	1.22009
124	88	1.20769
124	98	1.22171
124	100	1.12935
124	101	1.12887
124	105	1.19993
124	108	1.16864
124	109	1.15523
124	112	1.20561
124	115	1.13895
124	120	1.1416
124	125	1.16566
124	129	0.623971
124	150	0.635607
124	151	0.619138
124	158	0.674758
124	172	1.19087
124	174	0.656704
124	178	0.626922
124	179	0.634395
125	1	1.0704
125	20	1.15222
125	32	1.11924
125	33	1.10933
125	37	1.25391
125	40	1.2538
125	42	1.19828
125	53	1.06043
125	60	1.13006
125	73	1.17275
125	74	0.636562
125	75	1.16227
125	87	1.21132
125	88	1.19893
125	102	0.567903
125	104	1.17092
125	108	1.15988
125	109	1.14646
125	112	1.19685
125	115	1.13019
125	119	0.694127
125	121	0.561891
125	124	1.16566
125	144	1.13712
125	159	0.688069
125	163	0.614432
125	173	0.649937
125	177	0.675297
125	180	0.71719
126	18	0.728535
126	31	0.699144
126	34	0.598839
126	48	1.12784
126	63	0.7216
126	99	0.795337
126	117	1.10549
126	136	1.116
126	139	1.137
126	142	1.08113
126	148	0.736868
126	151	1.11193
126	152	0.800343
126	158	1.0908
126	159	1.10418
126	162	1.09018
126	168	1.09531
126	169	1.1035
126	170	1.11089
126	171	1.0941
126	172	0.713606
126	173	1.11518
126	174	1.09302
126	175	1.11053
126	176	1.0944
126	177	1.1021
126	178	1.11533
126	179	1.10887
126	180	1.09222
127	23	0.614027
127	31	0.568217
127	41	0.664652
127	43	1.11259
127	76	0.752379
127	99	0.66441
127	107	1.17944
127	111	0.64325
127	117	1.16267
127	119	1.16295
127	123	1.20298
127	143	0.657681
127	144	1.15206
127	151	1.16911
127	155	0.581207
127	157	1.14838
127	159	1.16136
127	161	0.649209
127	162	1.14736
127	169	1.16068
127	171	1.15128
127	173	1.17236
127	174	1.1502
127	175	1.16771
127	176	1.15158
127	177	1.15929
127	178	1.17251
127	179	1.16605
127	180	1.14941
128	51	1.17462
128	55	1.14349
128	69	0.550152
128	71	0.792154
128	89	0.625236
128	102	1.19454
128	106	1.17388
128	108	0.570648
128	111	1.17416
128	113	1.1504
128	114	1.15599
128	131	1.16106
128	133	1.14081
128	136	0.651072
128	140	1.18232
128	141	1.13517
128	145	1.15102
128	151	0.631997
128	152	1.14871
128	156	1.16104
128	161	1.14294
128	162	0.656056
128	163	1.14801
128	164	1.14119
128	165	1.14363
128	166	1.15076
128	167	1.22628
128	168	0.677333
128	176	0.654922
129	2	0.837455
129	40	0.579777
129	43	1.09582
129	50	0.615241
129	52	1.17618
129	56	0.686161
129	61	1.14465
129	114	1.14615
129	122	0.704654
129	124	0.623971
129	142	1.12154
129	143	1.15824
129	146	0.633417
129	148	1.16236
129	149	1.1458
129	152	1.13887
129	153	1.17723
129	154	0.71314
129	161	1.1331
129	163	1.13817
129	165	1.13379
129	168	1.13572
129	169	1.14392
129	172	0.601397
129	174	1.13344
129	176	1.13481
129	177	1.14252
129	178	1.15575
129	179	1.14928
129	180	1.13264
130	3	1.20197
130	34	1.25668
130	35	1.09523
130	77	0.652834
130	99	1.08988
130	117	1.13559
130	118	1.19748
130	131	0.645269
130	137	1.13822
130	141	0.676341
130	143	0.669167
130	147	1.11614
130	150	1.14555
130	152	0.680902
130	154	1.10022
130	155	1.15929
130	160	0.652266
130	162	1.12028
130	163	0.667154
130	164	0.669095
130	165	0.673599
130	171	1.1242
130	172	1.16996
130	173	1.14528
130	175	1.14063
130	176	1.12449
130	177	1.1322
130	178	1.14543
130	179	1.13896
130	180	1.12232
131	10	0.829103
131	21	1.16281
131	51	1.16276
131	83	1.14594
131	86	1.11706
131	88	0.515463
131	103	1.11413
131	113	1.13853
131	128	1.16106
131	130	0.645269
131	133	1.12894
131	136	0.666743
131	140	1.17045
131	141	1.1233
131	143	1.15621
131	145	1.13915
131	149	1.14377
131	153	1.1752
131	156	1.14917
131	158	0.703287
131	160	1.14431
131	161	1.13107
131	163	1.13615
131	164	1.12932
131	165	1.13176
131	166	1.13889
131	173	0.63257
131	174	0.685233
131	176	0.670592
131	179	0.662925
132	47	0.740442
132	87	0.628467
132	98	0.584977
132	99	0.691451
132	107	1.15992
132	112	0.570885
132	114	0.699339
132	116	1.14268
132	123	1.18346
132	134	0.735169
132	138	1.11578
132	139	1.17466
132	140	0.622296
132	142	1.11879
132	150	1.15312
132	154	0.721463
132	157	1.12886
132	162	1.12784
132	166	1.13816
132	168	1.13297
132	169	1.14116
132	170	1.14856
132	171	1.13176
132	173	1.15284
132	175	1.14819
132	176	1.13206
132	177	1.13977
132	178	1.15299
132	179	1.14653
132	180	1.12989
133	6	1.18562
133	28	1.10072
133	66	0.753468
133	69	0.600619
133	70	0.67401
133	79	1.1354
133	92	0.674876
133	93	1.11845
133	95	1.10401
133	102	1.16242
133	110	0.69607
133	113	1.11828
133	122	1.09401
133	128	1.14081
133	131	1.12894
133	137	1.12626
133	139	0.657045
133	140	1.1502
133	144	0.733433
133	146	1.14158
133	149	1.12352
133	154	1.08826
133	155	1.14733
133	156	1.12892
133	161	1.11082
133	163	1.11589
133	164	1.10907
133	165	1.11151
133	168	0.7278
133	172	1.158
133	178	0.690249
134	2	1.04853
134	4	1.17105
134	11	1.03328
134	12	1.0383
134	16	1.13532
134	18	1.1294
134	25	0.763843
134	29	1.10056
134	36	1.1296
134	49	1.14049
134	58	1.11322
134	59	1.11493
134	62	1.22235
134	63	1.10766
134	68	1.07895
134	72	0.728217
134	76	1.06118
134	77	1.11171
134	91	0.659896
134	96	0.664436
134	97	1.09781
134	98	1.1806
134	100	1.08824
134	101	1.08776
134	105	1.15882
134	118	0.655781
134	120	1.10049
134	132	0.735169
134	169	0.733361
134	170	0.720032
134	172	1.14977
134	176	0.744938
135	6	0.645706
135	18	0.687762
135	57	1.11214
135	71	1.06231
135	79	0.736809
135	89	1.15518
135	94	1.17894
135	100	0.78991
135	110	1.13815
135	117	1.11339
135	138	1.08602
135	142	1.08903
135	149	0.73736
135	150	1.12336
135	153	0.697464
135	155	0.671361
135	157	1.0991
135	159	1.11208
135	165	0.752266
135	168	1.10321
135	169	1.1114
135	170	1.1188
135	171	1.102
135	172	0.672832
135	173	1.12308
135	174	1.10092
135	175	1.11843
135	176	1.1023
135	177	1.11001
135	178	1.12323
135	179	1.11677
135	180	1.10013
136	48	1.17142
136	65	0.635698
136	90	1.11028
136	96	1.21172
136	110	1.17383
