1	3	0.750178
1	7	0.837403
1	9	0.755159
1	17	0.724982
1	20	0.818258
1	33	0.79182
1	36	0.85
1	44	0.857719
1	50	0.825892
1	150	1.92106
1	159	2.25434
1	175	2.46457
2	3	0.84342
2	7	0.930644
2	17	0.818223
2	20	0.9115
2	33	0.885062
2	36	0.943242
2	44	0.95096
2	50	0.919133
2	138	1.24312
2	146	1.54826
2	162	2.40567
2	175	2.01369
3	1	0.750178
3	2	0.84342
3	9	0.752014
3	17	0.721836
3	22	0.813195
3	33	0.788675
3	36	0.846855
3	44	0.854573
3	50	0.822747
3	108	2.42866
3	159	2.01631
3	175	2.22654
4	40	0.85587
4	56	0.883349
4	60	0.894893
4	63	0.868407
4	73	0.916222
4	74	0.922022
4	81	0.946242
4	93	1.2087
4	102	1.89898
4	123	1.90218
4	134	0.92538
4	177	2.25216
5	29	0.807247
5	35	0.778235
5	46	0.844116
5	104	0.880693
5	109	1.10301
5	112	0.7979
5	117	0.822149
5	149	2.25896
5	150	0.821636
5	167	0.739511
5	168	0.733585
5	169	3.28081
6	21	0.953974
6	30	0.893239
6	34	0.854902
6	49	0.922112
6	55	0.892663
6	95	0.878586
6	127	1.28085
6	142	0.95657
6	150	1.21559
6	156	1.30888
6	159	0.85849
6	169	3.48518
7	1	0.837403
7	2	0.930644
7	9	0.839238
7	20	0.902337
7	22	0.900419
7	36	0.934079
7	44	0.941797
7	50	0.909971
7	140	1.00125
7	157	2.33836
7	168	1.72514
7	171	2.26642
8	34	0.867115
8	41	0.874011
8	49	0.934324
8	55	0.904876
8	95	0.890799
8	96	0.889996
8	127	1.17205
8	128	1.46123
8	142	0.968783
8	159	0.870702
8	166	2.37489
8	178	2.26167
9	1	0.755159
9	3	0.752014
9	7	0.839238
9	17	0.726817
9	20	0.820094
9	22	0.818176
9	33	0.793656
9	44	0.859554
9	50	0.827728
9	115	1.69241
9	136	2.07808
9	174	2.87577
10	31	0.91102
10	35	0.879734
10	45	1.01087
10	112	0.899398
10	117	0.923648
10	118	1.40736
10	147	1.2718
10	150	0.923135
10	167	0.841009
10	168	0.835084
10	172	2.58911
10	179	2.02417
11	23	0.866628
11	42	0.934414
11	68	0.935684
11	77	0.932204
11	103	1.71763
11	109	1.90529
11	112	0.869209
11	117	0.893458
11	134	0.907232
11	143	1.67168
11	146	0.876518
11	156	1.90678
12	37	0.929071
12	51	0.890284
12	52	0.892898
12	54	0.865017
12	62	0.921169
12	129	0.87502
12	139	0.911195
12	141	0.900175
12	145	1.37179
12	146	1.37351
12	149	2.54318
12	170	1.94261
13	61	0.844397
13	78	0.854467
13	79	0.854418
13	80	0.854428
13	82	0.897336
13	83	0.897405
13	85	0.897465
13	99	1.29838
13	133	0.888988
13	149	2.4669
13	154	0.815082
13	167	2.11065
13	175	1.76266
14	61	0.761929
14	72	0.745543
14	78	0.771998
14	79	0.77195
14	80	0.77196
14	82	0.814868
14	83	0.814937
14	85	0.814997
14	122	1.91757
14	133	0.80652
14	152	2.56338
14	154	0.732614
14	167	2.55172
15	21	0.925179
15	30	0.864444
15	34	0.826107
15	41	0.833004
15	49	0.893317
15	55	0.863868
15	96	0.848989
15	127	1.34829
15	142	0.927775
15	146	1.3611
15	159	0.829695
15	168	2.21889
15	171	2.76017
16	71	0.892621
16	72	0.830215
16	78	0.85667
16	79	0.856622
16	80	0.856632
16	82	0.89954
16	83	0.899609
16	85	0.899669
16	90	1.38325
16	146	1.61747
16	154	0.817286
16	164	1.82595
16	166	2.8075
17	1	0.724982
17	2	0.818223
17	3	0.721836
17	9	0.726817
17	20	0.789916
17	22	0.787998
17	33	0.763478
17	36	0.821658
17	44	0.829377
17	50	0.79755
17	138	1.74502
17	154	2.40751
17	176	2.89988
18	38	0.90433
18	56	0.835762
18	59	0.852093
18	63	0.82082
18	70	0.87701
18	73	0.868635
18	74	0.874435
18	81	0.898656
18	113	1.83498
18	128	2.14756
18	132	1.53853
18	134	0.877793
18	165	2.08568
19	58	0.896972
19	67	0.877514
19	69	0.877864
19	75	0.90704
19	76	0.907161
19	120	1.2392
19	129	0.89547
19	135	1.72152
19	137	0.908355
19	138	0.935966
19	163	2.12383
19	170	2.14175
20	1	0.818258
20	2	0.9115
20	7	0.902337
20	9	0.820094
20	17	0.789916
20	22	0.881275
20	33	0.856755
20	36	0.914935
20	50	0.890827
20	147	1.81366
20	150	1.46325
20	165	1.7558
20	178	2.61813
21	6	0.953974
21	15	0.925179
21	34	0.858139
21	41	0.865036
21	55	0.8959
21	96	0.881021
21	102	1.30708
21	142	0.959807
21	152	1.70517
21	157	2.35108
21	159	0.861727
21	174	1.93291
22	3	0.813195
22	7	0.900419
22	9	0.818176
22	17	0.787998
22	20	0.881275
22	33	0.854837
22	36	0.913017
22	44	0.920735
22	50	0.888909
22	122	1.93153
22	124	1.59683
22	125	2.1205
22	165	1.96675
23	11	0.866628
23	42	0.879675
23	65	0.805383
23	77	0.877465
23	104	0.897263
23	112	0.81447
23	117	0.838719
23	120	1.75087
23	123	0.759107
23	134	0.852493
23	136	2.33946
23	146	0.821779
23	150	2.00625
23	151	1.94332
24	37	0.869543
24	39	0.856775
24	47	0.831027
24	51	0.830756
24	52	0.83337
24	54	0.80549
24	62	0.861641
24	124	1.53242
24	129	0.815492
24	130	1.65072
24	139	0.851667
24	141	0.840647
24	153	1.97212
24	166	2.87789
25	57	0.840475
25	58	0.832602
25	64	0.893369
25	66	0.818977
25	69	0.813494
25	75	0.84267
25	76	0.842791
25	109	2.1286
25	126	1.74943
25	129	0.831099
25	137	0.843985
25	138	0.871596
25	140	2.24877
25	143	1.89499
26	39	0.960831
26	43	0.869286
26	47	0.935084
26	51	0.934812
26	54	0.909546
26	62	0.965697
26	122	1.62896
26	128	1.72606
26	129	0.919548
26	139	0.955723
26	140	1.58359
26	141	0.944703
26	156	1.46491
26	167	2.26311
27	32	0.825523
27	42	0.880772
27	65	0.80648
27	68	0.882043
27	77	0.878563
27	104	0.89836
27	112	0.815567
27	123	0.760204
27	127	1.54514
27	134	0.853591
27	146	0.822876
27	159	1.81316
27	160	2.15572
27	173	2.56785
28	32	0.828892
28	65	0.809849
28	68	0.885412
28	77	0.881932
28	104	0.901729
28	112	0.818936
28	117	0.843185
28	123	0.763573
28	131	1.09096
28	134	0.85696
28	146	0.826245
28	161	2.01874
28	171	2.79772
28	177	2.17883
29	5	0.807247
29	31	0.83802
29	45	0.937874
29	46	0.872614
29	104	0.909191
29	112	0.826398
29	117	0.850647
29	132	1.68495
29	136	2.27275
29	144	1.83861
29	150	0.850134
29	165	2.2321
29	167	0.768009
29	168	0.762083
30	6	0.893239
30	15	0.864444
30	34	0.797404
30	41	0.804301
30	49	0.864614
30	55	0.835165
30	95	0.821088
30	96	0.820286
30	108	2.04805
30	140	1.51439
30	142	0.899072
30	154	1.73784
30	157	2.8515
30	159	0.800992
31	10	0.91102
31	29	0.83802
31	35	0.809008
31	46	0.874888
31	104	0.911466
31	112	0.828673
31	117	0.852922
31	119	2.28772
31	120	1.33417
31	150	0.852409
31	155	2.16853
31	160	2.26538
31	167	0.770284
31	168	0.764358
32	27	0.825523
32	28	0.828892
32	65	0.817919
32	68	0.893482
32	77	0.890002
32	112	0.827006
32	117	0.851256
32	123	0.771644
32	130	1.51396
32	132	1.21844
32	134	0.86503
32	146	0.834315
32	167	2.36452
32	171	2.95016
33	1	0.79182
33	2	0.885062
33	3	0.788675
33	9	0.793656
33	17	0.763478
33	20	0.856755
33	22	0.854837
33	36	0.888497
33	44	0.896215
33	50	0.864389
33	108	2.20251
33	115	1.40442
33	158	1.93778
33	173	2.54486
34	6	0.854902
34	8	0.867115
34	15	0.826107
34	21	0.858139
34	30	0.797404
34	41	0.765964
34	49	0.826277
34	55	0.796828
34	95	0.782751
34	109	1.7434
34	135	1.87855
34	142	0.860735
34	159	0.762655
34	162	2.58709
34	175	2.1951
35	5	0.778235
35	10	0.879734
35	31	0.809008
35	45	0.908862
35	46	0.843602
35	93	1.48462
35	104	0.880179
35	112	0.797386
35	117	0.821635
35	132	1.41525
35	150	0.821122
35	166	2.93794
35	167	0.738997
35	168	0.733071
35	176	2.59762
36	1	0.85
36	2	0.943242
36	3	0.846855
36	7	0.934079
36	17	0.821658
36	20	0.914935
36	22	0.913017
36	33	0.888497
36	44	0.954395
36	50	0.922569
36	115	1.24492
36	138	1.07031
36	163	1.92664
36	172	2.96511
36	175	1.84089
37	12	0.929071
37	24	0.869543
37	39	0.932074
37	43	0.840528
37	47	0.906326
37	52	0.908668
37	54	0.880788
37	121	2.45695
37	128	1.85037
37	129	0.89079
37	132	1.24134
37	139	0.926965
37	141	0.915945
37	145	1.57228
37	154	1.93135
38	18	0.90433
38	40	0.850125
38	48	0.917801
38	56	0.877603
38	63	0.862662
38	70	0.918852
38	73	0.910477
38	74	0.916277
38	81	0.940497
38	113	1.16197
38	134	0.919635
38	152	2.02326
38	164	1.40666
38	173	2.20808
38	174	2.251
39	24	0.856775
39	26	0.960831
39	37	0.932074
39	43	0.82776
39	51	0.893286
39	52	0.895901
39	62	0.924172
39	125	1.69296
39	129	0.878023
39	139	0.914198
39	141	0.903177
39	143	1.10484
39	160	1.92249
39	166	2.51475
39	175	1.79015
40	4	0.85587
40	38	0.850125
40	48	0.821755
40	59	0.797888
40	60	0.7931
40	63	0.766615
40	70	0.822805
40	74	0.82023
40	81	0.84445
40	116	0.819045
40	134	0.823588
40	138	1.64109
40	154	2.30358
40	158	2.34905
40	165	2.16072
41	8	0.874011
41	15	0.833004
41	21	0.865036
41	30	0.804301
41	34	0.765964
41	49	0.833174
41	55	0.803725
41	95	0.789648
41	96	0.788846
41	113	1.79363
41	142	0.867632
41	147	2.10219
41	151	1.68884
41	159	0.769551
41	179	2.85456
42	11	0.934414
42	23	0.879675
42	27	0.880772
42	65	0.873169
42	68	0.948731
42	77	0.945251
42	99	1.32205
42	117	0.906505
42	123	0.826893
42	134	0.920279
42	146	0.889565
42	158	1.72372
42	160	1.91867
42	161	1.94098
42	168	2.17869
43	26	0.869286
43	37	0.840528
43	39	0.82776
43	47	0.802012
43	51	0.801741
43	52	0.804355
43	54	0.776475
43	62	0.832626
43	127	0.850364
43	129	0.786477
43	139	0.822652
43	141	0.811632
43	157	2.33418
43	178	1.93999
43	180	3.4227
44	1	0.857719
44	2	0.95096
44	3	0.854573
44	7	0.941797
44	9	0.859554
44	17	0.829377
44	22	0.920735
44	33	0.896215
44	36	0.954395
44	50	0.930287
44	119	2.03987
44	124	1.26433
44	140	1.55367
44	161	2.03986
44	177	2.19994
45	10	1.01087
45	29	0.937874
45	35	0.908862
45	46	0.974742
45	102	1.79236
45	112	0.928526
45	117	0.952776
45	150	0.952263
45	154	1.7227
45	156	1.38058
45	164	1.57384
45	167	0.870138
45	168	0.864212
45	176	2.21507
46	5	0.844116
46	29	0.872614
46	31	0.874888
46	35	0.843602
46	45	0.974742
46	104	0.94606
46	112	0.863267
46	117	0.887516
46	119	1.46234
46	122	1.02151
46	148	1.76564
46	150	0.887003
46	167	0.804878
46	168	0.798952
46	169	3.03376
46	171	2.2413
47	24	0.831027
47	26	0.935084
47	37	0.906326
47	43	0.802012
47	51	0.867538
47	52	0.870153
47	54	0.842272
47	62	0.898424
47	123	2.24005
47	127	1.79704
47	129	0.852275
47	139	0.88845
47	141	0.877429
47	143	1.58997
47	145	1.80813
47	164	2.01834
48	38	0.917801
48	40	0.821755
48	56	0.849233
48	59	0.865564
48	60	0.860777
48	63	0.834291
48	70	0.890481
48	73	0.882106
48	81	0.912127
48	103	1.50371
48	114	1.66468
48	116	0.886722
48	125	2.04588
48	134	0.891264
48	147	1.94998
48	170	2.24675
49	6	0.922112
49	8	0.934324
49	15	0.893317
49	30	0.864614
49	34	0.826277
49	41	0.833174
49	55	0.864038
49	90	1.32427
49	95	0.849961
49	96	0.849159
49	132	1.22584
49	142	0.927945
49	144	1.37949
49	152	2.38358
49	159	0.829864
49	172	3.14815
50	1	0.825892
50	2	0.919133
50	3	0.822747
50	7	0.909971
50	9	0.827728
50	17	0.79755
50	20	0.890827
50	22	0.888909
50	33	0.864389
50	36	0.922569
50	44	0.930287
50	103	1.09572
50	145	1.26792
50	152	2.09473
50	172	2.8593
50	176	2.11936
51	12	0.890284
51	24	0.830756
51	26	0.934812
51	39	0.893286
51	43	0.801741
51	47	0.867538
51	54	0.842001
51	62	0.898152
51	116	1.61069
51	129	0.852003
51	130	1.65164
51	139	0.888178
51	141	0.877158
51	151	1.54778
51	164	1.89726
51	174	2.7416
52	12	0.892898
52	24	0.83337
52	37	0.908668
52	39	0.895901
52	43	0.804355
52	47	0.870153
52	54	0.844615
52	62	0.900766
52	120	1.10331
52	121	2.3197
52	129	0.854617
52	138	1.13161
52	139	0.890792
52	141	0.879772
52	173	2.44665
52	179	2.46147
53	61	0.832451
53	71	0.878471
53	72	0.816065
53	78	0.84252
53	79	0.842472
53	80	0.842482
53	82	0.88539
53	83	0.885459
53	85	0.885519
53	103	1.95017
53	114	0.821982
53	124	1.96867
53	126	1.75867
53	130	2.08696
53	133	0.877042
53	150	2.04603
53	154	0.803136
54	12	0.865017
54	24	0.80549
54	26	0.909546
54	37	0.880788
54	43	0.776475
54	47	0.842272
54	51	0.842001
54	52	0.844615
54	62	0.872886
54	109	1.83745
54	114	1.81076
54	129	0.826737
54	130	1.78659
54	138	1.51858
54	139	0.862912
54	141	0.851892
54	174	2.87655
55	6	0.892663
55	8	0.904876
55	15	0.863868
55	21	0.8959
55	30	0.835165
55	34	0.796828
55	41	0.803725
55	49	0.864038
55	95	0.820513
55	96	0.81971
55	135	1.94025
55	142	0.898496
55	145	1.78965
55	146	1.79137
55	151	1.65037
55	159	0.800416
55	162	2.64879
56	4	0.883349
56	18	0.835762
56	38	0.877603
56	48	0.849233
56	59	0.825366
56	60	0.820579
56	70	0.850283
56	73	0.841908
56	74	0.847708
56	81	0.871929
56	116	0.846524
56	118	1.51922
56	134	0.851066
56	154	1.46867
56	157	2.58232
56	170	1.68042
56	172	2.70097
57	25	0.840475
57	58	0.847618
57	64	0.908385
57	66	0.833993
57	67	0.82816
57	69	0.82851
57	75	0.857686
57	76	0.857807
57	96	0.830161
57	111	1.34281
57	129	0.846115
57	137	0.859001
57	138	0.886612
57	140	1.73343
57	148	2.52293
57	161	2.21962
57	175	2.06496
58	19	0.896972
58	25	0.832602
58	57	0.847618
58	64	0.900512
58	66	0.82612
58	67	0.820286
58	75	0.849812
58	76	0.849933
58	96	0.822287
58	111	1.75347
58	129	0.838242
58	137	0.851127
58	138	0.878738
58	143	1.79031
58	144	1.83118
58	159	2.2654
58	164	2.21867
59	18	0.852093
59	40	0.797888
59	48	0.865564
59	56	0.825366
59	60	0.83691
59	63	0.810425
59	70	0.866615
59	73	0.85824
59	74	0.864039
59	81	0.88826
59	116	0.862855
59	120	1.45069
59	128	2.06051
59	134	0.867398
59	144	1.60513
59	153	2.0684
59	162	2.64155
60	4	0.894893
60	40	0.7931
60	48	0.860777
60	56	0.820579
60	59	0.83691
60	63	0.805637
60	70	0.861827
60	73	0.853452
60	74	0.859252
60	81	0.883473
60	90	1.52962
60	116	0.858067
60	134	0.86261
60	145	1.76212
60	155	2.26475
60	163	2.31503
60	164	1.97233
61	13	0.844397
61	14	0.761929
61	53	0.832451
61	71	0.859482
61	72	0.797076
61	78	0.823531
61	79	0.823483
61	80	0.823493
61	82	0.866401
61	83	0.86647
61	85	0.86653
61	113	1.4776
61	133	0.858053
61	154	0.784147
61	155	2.01473
61	162	2.37123
61	170	2.08292
61	177	2.29399
62	12	0.921169
62	24	0.861641
62	26	0.965697
62	39	0.924172
62	43	0.832626
62	47	0.898424
62	51	0.898152
62	52	0.900766
62	54	0.872886
62	93	1.1246
62	127	1.37507
62	129	0.882888
62	139	0.919063
62	141	0.908043
62	144	1.20887
62	159	1.64309
62	161	2.00796
62	169	3.5794
63	4	0.868407
63	18	0.82082
63	38	0.862662
63	40	0.766615
63	48	0.834291
63	59	0.810425
63	60	0.805637
63	70	0.835342
63	73	0.826967
63	74	0.832766
63	81	0.856987
63	116	0.831582
63	132	0.985697
63	134	0.836125
63	135	1.46723
63	150	1.24029
63	171	2.71742
63	180	3.87788
64	25	0.893369
64	57	0.908385
64	58	0.900512
64	66	0.886887
64	67	0.881054
64	69	0.881404
64	75	0.910579
64	76	0.9107
64	95	0.883857
64	121	2.12135
64	126	0.872971
64	128	1.51478
64	129	0.899009
64	137	0.911895
64	138	0.939506
64	170	1.80751
64	172	2.82806
64	175	1.70384
65	23	0.805383
65	27	0.80648
65	28	0.809849
65	32	0.817919
65	42	0.873169
65	68	0.874439
65	77	0.870959
65	104	0.890757
65	112	0.807964
65	114	1.90598
65	115	1.78841
65	116	1.84086
65	117	0.832213
65	123	0.752601
65	134	0.845987
65	145	1.91722
65	146	0.815272
65	162	2.77636
66	25	0.818977
66	57	0.833993
66	58	0.82612
66	64	0.886887
66	67	0.806662
66	69	0.807012
66	75	0.836187
66	76	0.836308
66	95	0.809465
66	96	0.808663
66	129	0.824617
66	137	0.837503
66	138	0.865114
66	151	1.3111
66	165	1.66659
66	173	2.462
66	174	2.50493
66	176	2.30181
67	19	0.877514
67	57	0.82816
67	58	0.820286
67	64	0.881054
67	66	0.806662
67	69	0.801179
67	75	0.830354
67	76	0.830475
67	93	1.70036
67	95	0.803632
67	96	0.80283
67	127	1.95083
67	129	0.818784
67	131	1.65594
67	137	0.831669
67	138	0.859281
67	152	2.78872
67	165	2.17813
68	11	0.935684
68	27	0.882043
68	28	0.885412
68	32	0.893482
68	42	0.948731
68	65	0.874439
68	77	0.946522
68	108	1.97969
68	112	0.883526
68	117	0.907776
68	123	0.828164
68	127	1.29933
68	130	1.275
68	134	0.92155
68	136	1.56728
68	146	0.890835
68	156	1.32736
68	169	3.50366
69	19	0.877864
69	25	0.813494
69	57	0.82851
69	64	0.881404
69	66	0.807012
69	67	0.801179
69	75	0.830704
69	76	0.830825
69	95	0.803982
69	96	0.80318
69	128	2.13207
69	129	0.819134
69	131	1.548
69	137	0.83202
69	138	0.859631
69	156	1.87092
69	158	2.25852
69	160	2.45347
70	18	0.87701
70	38	0.918852
70	40	0.822805
70	48	0.890481
70	56	0.850283
70	59	0.866615
70	60	0.861827
70	63	0.835342
70	73	0.883157
70	74	0.888956
70	81	0.913177
70	99	1.71677
70	116	0.887772
70	120	1.38217
70	123	2.14581
70	134	0.892315
70	146	1.71561
70	153	1.99988
70	170	2.28472
71	16	0.892621
71	53	0.878471
71	61	0.859482
71	72	0.843096
71	78	0.869551
71	79	0.869503
71	80	0.869513
71	82	0.912421
71	83	0.91249
71	85	0.91255
71	114	0.849013
71	116	1.51983
71	132	1.26526
71	133	0.904073
71	144	1.41891
71	149	2.76759
71	154	0.830167
71	155	2.09883
71	160	2.19568
72	14	0.745543
72	16	0.830215
72	53	0.816065
72	61	0.797076
72	71	0.843096
72	78	0.807145
72	79	0.807097
72	80	0.807107
72	82	0.850015
72	83	0.850084
72	85	0.850144
72	114	0.786607
72	122	1.96109
72	124	1.62639
72	132	1.44916
72	133	0.841667
72	154	0.767761
72	166	2.97185
72	168	2.63961
73	4	0.916222
73	18	0.868635
73	38	0.910477
73	48	0.882106
73	56	0.841908
73	59	0.85824
73	60	0.853452
73	63	0.826967
73	70	0.883157
73	74	0.880581
73	81	0.904802
73	93	1.12073
73	116	0.879397
73	118	1.79191
73	134	0.88394
73	148	2.30742
73	151	1.24302
73	178	2.46083
73	179	2.40873
74	4	0.922022
74	18	0.874435
74	38	0.916277
74	40	0.82023
74	56	0.847708
74	59	0.864039
74	60	0.859252
74	63	0.832766
74	70	0.888956
74	73	0.880581
74	81	0.910602
74	103	1.54072
74	115	1.58411
74	116	0.885197
74	125	2.08288
74	126	1.34921
74	134	0.88974
74	165	1.92913
74	173	2.72455
75	19	0.90704
75	25	0.84267
75	57	0.857686
75	58	0.849812
75	64	0.910579
75	66	0.836187
75	67	0.830354
75	69	0.830704
75	76	0.860001
75	95	0.833158
75	96	0.832355
75	119	2.23613
75	129	0.848309
75	137	0.861195
75	138	0.888806
75	144	1.43702
75	156	1.63125
75	158	2.01885
75	163	2.16722
75	170	2.18513
76	19	0.907161
76	25	0.842791
76	57	0.857807
76	58	0.849933
76	64	0.9107
76	66	0.836308
76	67	0.830475
76	69	0.830825
76	75	0.860001
76	95	0.833279
76	96	0.832476
76	113	1.46114
76	129	0.84843
76	137	0.861316
76	138	0.888927
76	146	1.49735
76	147	1.7697
76	168	2.35514
76	170	2.06646
76	179	2.52207
77	11	0.932204
77	23	0.877465
77	27	0.878563
77	28	0.881932
77	32	0.890002
77	42	0.945251
77	65	0.870959
77	68	0.946522
77	104	0.962839
77	112	0.880046
77	117	0.904296
77	118	1.57247
77	123	0.824684
77	134	0.91807
77	146	0.887355
77	153	1.44884
77	155	1.66548
77	156	1.17979
77	172	2.75422
77	173	2.17447
77	177	1.94474
78	13	0.854467
78	14	0.771998
78	16	0.85667
78	53	0.84252
78	61	0.823531
78	71	0.869551
78	72	0.807145
78	79	0.833552
78	80	0.833562
78	82	0.876471
78	83	0.87654
78	85	0.876599
78	108	1.81911
78	114	0.813062
78	118	1.55946
78	133	0.868122
78	143	0.931686
78	154	0.794217
78	174	2.20439
78	177	1.93174
78	180	3.71109
79	13	0.854418
79	14	0.77195
79	16	0.856622
79	53	0.842472
79	61	0.823483
79	71	0.869503
79	72	0.807097
79	78	0.833552
79	80	0.833514
79	82	0.876422
79	83	0.876491
79	85	0.876551
79	114	0.813014
79	120	1.44649
79	133	0.868074
79	150	1.70186
79	154	0.794168
79	158	2.18275
79	161	2.40002
79	164	1.98842
79	170	2.34904
80	13	0.854428
80	14	0.77196
80	16	0.856632
80	53	0.842482
80	61	0.823493
80	71	0.869513
80	72	0.807107
80	78	0.833562
80	79	0.833514
80	82	0.876432
80	83	0.876501
80	85	0.876561
80	102	1.94901
80	114	0.813024
80	133	0.868084
80	154	0.794178
80	155	2.02292
80	156	1.53723
80	160	2.11977
80	163	2.07319
80	176	2.37172
81	4	0.946242
81	18	0.898656
81	38	0.940497
81	40	0.84445
81	48	0.912127
81	56	0.871929
81	59	0.88826
81	60	0.883473
81	63	0.856987
81	70	0.913177
81	73	0.904802
81	74	0.910602
81	113	1.22379
81	114	1.24703
81	116	0.909417
81	131	0.952296
81	134	0.91396
81	156	1.27522
81	161	1.88008
81	174	2.31282
81	180	3.81952
82	13	0.897336
82	14	0.814868
82	16	0.89954
82	53	0.88539
82	61	0.866401
82	71	0.912421
82	72	0.850015
82	78	0.876471
82	79	0.876422
82	80	0.876432
82	83	0.919409
82	85	0.919469
82	102	1.8655
82	114	0.855932
82	116	1.36041
82	120	1.10506
82	133	0.910992
82	154	0.837086
82	156	1.45372
82	166	2.62853
82	177	2.21867
82	179	2.46321
83	13	0.897405
83	14	0.814937
83	16	0.899609
83	53	0.885459
83	61	0.86647
83	71	0.91249
83	72	0.850084
83	78	0.87654
83	79	0.876491
83	80	0.876501
83	82	0.919409
83	85	0.919538
83	114	0.856001
83	123	2.06126
83	124	1.47562
83	128	1.90743
83	133	0.911061
83	145	1.62934
83	147	1.9034
83	154	0.837155
83	160	2.22883
83	164	1.83955
84	88	0.832753
84	89	0.805284
84	91	0.808444
84	92	0.867599
84	94	0.792059
84	97	0.784166
84	98	0.828298
84	100	0.815982
84	101	0.817266
84	105	0.834269
84	106	0.831899
84	107	0.849954
84	110	0.850093
84	111	1.64178
84	118	2.30639
84	126	1.53306
84	137	0.827304
84	139	0.850593
84	141	0.839573
84	151	1.7575
84	162	2.75591
84	163	2.44968
85	13	0.897465
85	14	0.814997
85	16	0.899669
85	53	0.885519
85	61	0.86653
85	71	0.91255
85	72	0.850144
85	78	0.876599
85	79	0.876551
85	80	0.876561
85	82	0.919469
85	83	0.919538
85	113	1.8352
85	114	0.856061
85	131	1.56371
85	133	0.911121
85	138	1.56626
85	147	2.14375
85	151	1.73041
85	154	0.837215
85	156	1.88663
85	175	2.33684
86	87	0.87074
86	88	0.874728
86	89	0.847259
86	91	0.850419
86	94	0.834034
86	97	0.826141
86	98	0.870273
86	100	0.857957
86	101	0.859241
86	105	0.876243
86	106	0.873874
86	107	0.891929
86	110	0.892068
86	113	0.845078
86	114	1.26363
86	121	2.15954
86	131	0.968892
86	139	0.892568
86	141	0.881548
86	144	1.09759
86	161	1.89668
86	179	2.30131
86	180	3.83612
87	86	0.87074
87	89	0.841951
87	91	0.845112
87	92	0.904267
87	94	0.828727
87	97	0.820834
87	98	0.864966
87	100	0.85265
87	101	0.853933
87	105	0.870936
87	106	0.868567
87	107	0.886622
87	110	0.886761
87	124	1.34788
87	137	0.863972
87	139	0.887261
87	141	0.876241
87	143	1.28344
87	151	1.36232
87	156	1.51854
87	172	3.09297
87	176	2.35303
87	179	2.52803
88	84	0.832753
88	86	0.874728
88	89	0.845939
88	91	0.849099
88	92	0.908255
88	93	1.53227
88	94	0.832714
88	97	0.824821
88	98	0.868953
88	100	0.856638
88	101	0.857921
88	105	0.874924
88	106	0.872554
88	107	0.890609
88	110	0.890748
88	111	1.53883
88	137	0.867959
88	138	1.49041
88	141	0.880228
88	151	1.65455
88	153	2.07982
88	167	2.60898
88	177	2.57572
89	84	0.805284
89	86	0.847259
89	87	0.841951
89	88	0.845939
89	92	0.880785
89	97	0.797352
89	98	0.841484
89	100	0.829168
89	101	0.830452
89	105	0.847455
89	106	0.845085
89	107	0.86314
89	110	0.863279
89	123	2.01343
89	133	0.860557
89	139	0.863779
89	140	1.71712
89	141	0.852759
89	142	0.890436
89	144	1.40422
89	146	1.58322
89	154	1.94057
89	178	2.66003
89	179	2.60794
90	16	1.38325
90	49	1.32427
90	60	1.52962
90	95	1.05323
90	109	0.849042
90	126	0.907548
90	128	0.848813
90	133	1.40992
90	137	1.03469
90	148	0.796393
90	153	0.847635
90	158	0.822814
90	162	0.777065
90	163	0.800748
90	170	0.797652
90	171	0.765644
90	172	0.759168
90	173	0.778914
90	175	0.801998
90	176	0.778464
90	177	0.788985
90	178	0.773946
90	179	0.771642
90	180	0.726226
91	84	0.808444
91	86	0.850419
91	87	0.845112
91	88	0.849099
91	92	0.883946
91	94	0.808406
91	97	0.800513
91	100	0.832329
91	101	0.833612
91	105	0.850615
91	106	0.848246
91	107	0.866301
91	110	0.86644
91	115	1.05016
91	118	1.5886
91	121	2.06365
91	137	0.843651
91	139	0.86694
91	141	0.85592
91	142	0.893597
91	153	1.46496
91	161	1.80078
91	178	2.25751
91	180	3.74022
92	84	0.867599
92	87	0.904267
92	88	0.908255
92	89	0.880785
92	91	0.883946
92	94	0.867561
92	97	0.859668
92	98	0.9038
92	100	0.891484
92	101	0.892767
92	105	0.90977
92	106	0.907401
92	107	0.925456
92	110	0.925595
92	124	1.20914
92	138	1.05943
92	139	0.926095
92	142	0.952752
92	144	1.18557
92	157	2.83558
92	158	1.76739
92	168	2.22236
92	175	1.83001
92	178	2.44138
93	4	1.2087
93	35	1.48462
93	62	1.1246
93	67	1.70036
93	73	1.12073
93	88	1.53227
93	109	0.888798
93	122	0.897984
93	136	0.867804
93	142	0.809171
93	143	0.968802
93	145	0.909258
93	158	0.86257
93	161	0.85782
93	162	0.81682
93	170	0.837407
93	171	0.8054
93	173	0.81867
93	174	0.81354
93	175	0.841754
93	176	0.81822
93	178	0.813701
93	179	0.811397
93	180	0.765982
94	84	0.792059
94	86	0.834034
94	87	0.828727
94	88	0.832714
94	91	0.808406
94	92	0.867561
94	97	0.784128
94	100	0.815944
94	101	0.817227
94	105	0.83423
94	106	0.831861
94	107	0.849916
94	110	0.850055
94	124	1.64796
94	126	1.43796
94	133	0.847332
94	137	0.827266
94	139	0.850555
94	141	0.839535
94	142	0.877212
94	145	1.80167
94	160	2.40116
94	165	2.01788
94	175	2.26883
94	176	2.65311
95	6	0.878586
95	8	0.890799
95	30	0.821088
95	34	0.782751
95	41	0.789648
95	49	0.849961
95	55	0.820513
95	64	0.883857
95	66	0.809465
95	67	0.803632
95	69	0.803982
95	75	0.833158
95	76	0.833279
95	90	1.05323
95	116	1.20936
95	129	0.821587
95	137	0.834473
95	138	0.862084
95	142	0.884419
95	154	1.6448
95	159	0.786339
95	168	2.14524
95	169	3.47897
95	176	2.13716
95	177	2.06762
96	8	0.889996
96	15	0.848989
96	21	0.881021
96	30	0.820286
96	41	0.788846
96	49	0.849159
96	55	0.81971
96	57	0.830161
96	58	0.822287
96	66	0.808663
96	67	0.80283
96	69	0.80318
96	75	0.832355
96	76	0.832476
96	109	1.74064
96	111	1.4702
96	122	1.90619
96	137	0.83367
96	138	0.861282
96	142	0.883617
96	146	1.72691
96	148	2.65032
96	159	0.785536
96	168	2.5847
96	175	2.19235
97	84	0.784166
97	86	0.826141
97	87	0.820834
97	88	0.824821
97	89	0.797352
97	91	0.800513
97	92	0.859668
97	94	0.784128
97	98	0.820366
97	100	0.808051
97	101	0.809334
97	105	0.826337
97	106	0.823967
97	107	0.842022
97	110	0.842161
97	113	0.795171
97	122	1.959
97	123	2.20993
97	126	1.41429
97	137	0.819372
97	139	0.842662
97	142	0.869319
97	158	2.18255
97	163	2.33092
97	165	1.99422
97	177	2.5599
98	84	0.828298
98	86	0.870273
98	87	0.864966
98	88	0.868953
98	89	0.841484
98	92	0.9038
98	97	0.820366
98	100	0.852183
98	101	0.853466
98	105	0.870469
98	106	0.868099
98	107	0.886154
98	110	0.886293
98	113	0.839303
98	133	0.883571
98	137	0.863504
98	141	0.875774
98	142	0.913451
98	143	1.38021
98	144	1.42108
98	148	2.52348
98	150	1.52201
98	153	1.88435
98	155	2.101
98	164	1.80857
98	178	2.67689
99	13	1.29838
99	42	1.32205
99	70	1.71677
99	101	1.29722
99	106	1.59701
99	125	0.820602
99	134	1.32053
99	143	0.911587
99	149	0.765741
99	153	0.830175
99	160	0.780968
99	161	0.800605
99	162	0.759605
99	163	0.783289
99	164	0.824665
99	166	0.749757
99	169	0.7237
99	170	0.780192
99	172	0.741708
99	173	0.761455
99	175	0.784539
99	176	0.761005
99	177	0.771525
99	178	0.756486
99	179	0.754182
99	180	0.708767
100	84	0.815982
100	86	0.857957
100	87	0.85265
100	88	0.856638
100	89	0.829168
100	91	0.832329
100	92	0.891484
100	94	0.815944
100	97	0.808051
100	98	0.852183
100	101	0.84115
100	105	0.858153
100	106	0.855784
100	107	0.873839
100	110	0.873978
100	111	1.53714
100	113	0.826988
100	126	1.42843
100	127	1.78105
100	133	0.871256
100	138	1.48872
100	139	0.874478
100	140	1.92776
100	142	0.901135
100	152	2.61894
100	163	2.34505
100	177	2.57403
101	84	0.817266
101	86	0.859241
101	87	0.853933
101	88	0.857921
101	89	0.830452
101	91	0.833612
101	92	0.892767
101	94	0.817227
101	97	0.809334
101	98	0.853466
101	99	1.29722
101	100	0.84115
101	105	0.859437
101	106	0.857067
101	107	0.875122
101	110	0.875261
101	113	0.828271
101	119	1.91617
101	133	0.872539
101	136	1.5512
101	137	0.852472
101	142	0.902418
101	157	2.76707
101	158	1.69888
101	159	1.55127
101	177	2.07624
101	179	2.32078
102	4	1.89898
102	21	1.30708
102	45	1.79236
102	80	1.94901
102	82	1.8655
102	108	0.786559
102	114	0.804783
102	119	0.793807
102	128	0.809859
102	136	0.789094
102	139	1.76807
102	148	0.757439
102	152	0.762668
102	155	0.782537
102	156	0.849995
102	157	0.739448
102	161	0.779111
102	162	0.738111
102	164	0.803171
102	169	0.702206
102	170	0.758698
102	173	0.739961
102	174	0.734831
102	175	0.763045
102	177	0.750031
102	178	0.734992
102	179	0.732688
102	180	0.687273
103	11	1.71763
103	48	1.50371
103	50	1.09572
103	53	1.95017
103	74	1.54072
103	115	0.90145
103	117	1.26669
103	118	0.851407
103	128	0.842099
103	142	0.898526
103	148	0.789679
103	156	0.882234
103	157	0.771688
103	158	0.8161
103	159	0.823882
103	162	0.77035
103	163	0.794034
103	164	0.83541
103	165	0.815338
103	166	0.760503
103	171	0.75893
103	173	0.7722
103	175	0.795284
103	176	0.77175
103	177	0.78227
103	178	0.767231
103	179	0.764928
103	180	0.719512
104	5	0.880693
104	23	0.897263
104	27	0.89836
104	28	0.901729
104	29	0.909191
104	31	0.911466
104	35	0.880179
104	46	0.94606
104	65	0.890757
104	77	0.962839
104	112	0.899844
104	116	1.20811
104	117	0.924093
104	123	0.844481
104	124	1.13076
104	131	0.9785
104	134	0.937867
104	144	1.10719
104	145	1.28448
104	146	0.907153
104	148	2.2096
104	150	0.92358
104	161	1.90628
104	167	0.841455
104	168	0.835529
104	171	2.68527
104	180	3.84572
105	84	0.834269
105	86	0.876243
105	87	0.870936
105	88	0.874924
105	89	0.847455
105	91	0.850615
105	92	0.90977
105	94	0.83423
105	97	0.826337
105	98	0.870469
105	100	0.858153
105	101	0.859437
105	106	0.87407
105	107	0.892125
105	108	1.92198
105	110	0.892264
105	113	0.845274
105	135	1.40331
105	137	0.869475
105	139	0.892764
105	141	0.881744
105	142	0.919421
105	148	2.17784
105	155	1.75535
105	158	1.65725
105	159	1.50964
105	162	2.11185
105	174	2.30726
105	178	2.33124
106	84	0.831899
106	86	0.873874
106	87	0.868567
106	88	0.872554
106	89	0.845085
106	91	0.848246
106	92	0.907401
106	94	0.831861
106	97	0.823967
106	98	0.868099
106	99	1.59701
106	100	0.855784
106	101	0.857067
106	105	0.87407
106	107	0.889755
106	110	0.889894
106	114	1.58289
106	116	1.51777
106	121	2.4788
106	132	1.2632
106	133	0.887172
106	137	0.867105
106	139	0.890395
106	141	0.879375
106	142	0.917052
106	143	1.37598
106	153	1.88012
106	170	2.16496
106	179	2.62057
107	84	0.849954
107	86	0.891929
107	87	0.886622
107	88	0.890609
107	89	0.86314
107	91	0.866301
107	92	0.925456
107	94	0.849916
107	97	0.842022
107	98	0.886154
107	100	0.873839
107	101	0.875122
107	105	0.892125
107	106	0.889755
107	110	0.907949
107	113	0.860959
107	115	1.2899
107	119	2.04054
107	125	1.78867
107	133	0.905227
107	137	0.88516
107	139	0.90845
107	141	0.89743
107	142	0.935107
107	143	1.20056
107	149	2.59011
107	150	1.34236
107	153	1.7047
107	158	1.82325
107	176	2.27015
107	178	2.49724
108	3	2.42866
108	30	2.04805
108	33	2.20251
108	68	1.97969
108	78	1.81911
108	102	0.786559
108	105	1.92198
108	111	0.812428
108	125	0.768624
108	130	0.812277
108	138	0.836904
108	153	0.778197
108	155	0.752053
108	156	0.819511
108	157	0.708964
108	158	0.753377
108	161	0.748627
108	162	0.707627
108	164	0.772687
108	165	0.752615
108	166	0.697779
108	168	0.722248
108	170	0.728214
108	172	0.68973
108	173	0.709477
108	175	0.732561
108	176	0.709027
108	177	0.719547
108	178	0.704508
108	179	0.702204
108	180	0.656789
109	5	1.10301
109	11	1.90529
109	25	2.1286
109	34	1.7434
109	54	1.83745
109	90	0.849042
109	93	0.888798
109	96	1.74064
109	114	0.797829
109	118	0.812213
109	126	0.86164
109	127	0.864337
109	134	1.3331
109	140	0.820718
109	152	0.755713
109	153	0.801726
109	156	0.84304
109	161	0.772157
109	163	0.75484
109	164	0.796216
109	166	0.721309
109	169	0.695251
109	170	0.751744
109	172	0.713259
109	174	0.727876
109	175	0.75609
109	176	0.732556
109	177	0.743076
109	178	0.728037
109	179	0.725733
109	180	0.680318
110	84	0.850093
110	86	0.892068
110	87	0.886761
110	88	0.890748
110	89	0.863279
110	91	0.86644
110	92	0.925595
110	94	0.850055
110	97	0.842161
110	98	0.886293
110	100	0.873978
110	101	0.875261
110	105	0.892264
110	106	0.889894
110	107	0.907949
110	113	0.861098
110	116	1.31904
110	119	2.01723
110	123	1.82733
110	133	0.905366
110	137	0.885299
110	139	0.908589
110	141	0.897569
110	142	0.935246
110	145	1.3954
110	147	1.66947
110	152	2.22221
110	159	1.65234
110	164	1.60561
110	173	2.40703
110	179	2.42184
111	57	1.34281
111	58	1.75347
111	84	1.64178
111	88	1.53883
111	96	1.4702
111	100	1.53714
111	108	0.812428
111	112	1.18997
111	115	0.895079
111	118	0.845036
111	120	0.916878
111	122	0.845143
111	123	0.787553
111	139	1.08435
111	144	0.904313
111	148	0.783308
111	150	0.866652
111	152	0.788536
111	153	0.83455
111	157	0.765317
111	163	0.787663
111	165	0.808967
111	169	0.728074
111	170	0.784567
111	171	0.752559
111	172	0.746083
111	173	0.765829
111	175	0.788913
111	176	0.765379
111	178	0.76086
111	179	0.758557
111	180	0.713141
112	5	0.7979
112	10	0.899398
112	11	0.869209
112	23	0.81447
112	27	0.815567
112	28	0.818936
112	29	0.826398
112	31	0.828673
112	32	0.827006
112	35	0.797386
112	45	0.928526
112	46	0.863267
112	65	0.807964
112	68	0.883526
112	77	0.880046
112	104	0.899844
112	111	1.18997
112	115	1.31616
112	117	0.8413
112	118	1.85459
112	123	0.761688
112	134	0.855074
112	135	1.59557
112	146	0.82436
112	149	2.61637
112	150	0.840787
112	151	1.30569
112	163	1.99788
112	167	0.758662
112	168	0.752736
112	169	3.63822
112	177	2.22687
113	18	1.83498
113	38	1.16197
113	41	1.79363
113	61	1.4776
113	76	1.46114
113	81	1.22379
113	85	1.8352
113	86	0.845078
113	97	0.795171
113	98	0.839303
113	100	0.826988
113	101	0.828271
113	105	0.845274
113	107	0.860959
113	110	0.861098
113	117	1.40441
113	132	0.879969
113	133	0.858376
113	137	0.838309
113	141	0.850579
113	153	0.807214
113	154	0.78447
113	155	0.781069
113	165	0.781631
113	170	0.757231
113	174	0.733363
113	175	0.761577
113	176	0.738043
113	177	0.748563
113	178	0.733524
113	179	0.731221
113	180	0.685805
114	48	1.66468
114	53	0.821982
114	54	1.81076
114	65	1.90598
114	71	0.849013
114	72	0.786607
114	78	0.813062
114	79	0.813014
114	80	0.813024
114	81	1.24703
114	82	0.855932
114	83	0.856001
114	85	0.856061
114	86	1.26363
114	102	0.804783
114	106	1.58289
114	109	0.797829
114	118	0.806908
114	119	0.781547
114	129	1.43
114	131	0.884381
114	132	0.869177
114	133	0.847584
114	142	1.05949
114	154	0.773678
114	171	0.714431
114	173	0.727701
114	174	0.722571
114	175	0.750785
114	177	0.737771
114	178	0.722732
114	179	0.720428
114	180	0.675013
115	9	1.69241
115	33	1.40442
115	36	1.24492
115	65	1.78841
115	74	1.58411
115	91	1.05016
115	103	0.90145
115	107	1.2899
115	111	0.895079
115	112	1.31616
115	120	0.943177
115	124	0.907845
115	136	0.841261
115	139	1.21053
115	140	0.87984
115	146	0.876523
115	148	0.809606
115	158	0.836027
115	159	0.84381
115	160	0.811641
115	165	0.835266
115	166	0.78043
115	169	0.754373
115	170	0.810865
115	171	0.778858
115	172	0.772381
115	174	0.786998
115	175	0.815212
115	176	0.791678
115	177	0.802198
115	178	0.787159
115	179	0.784855
115	180	0.73944
116	40	0.819045
116	48	0.886722
116	51	1.61069
116	56	0.846524
116	59	0.862855
116	60	0.858067
116	63	0.831582
116	65	1.84086
116	70	0.887772
116	71	1.51983
116	73	0.879397
116	74	0.885197
116	81	0.909417
116	82	1.36041
116	95	1.20936
116	104	1.20811
116	106	1.51777
116	110	1.31904
116	121	0.80358
116	127	0.904776
116	134	0.888555
116	140	0.861157
116	142	0.994369
116	171	0.760175
116	172	0.753699
116	173	0.773445
116	174	0.768315
116	175	0.796529
116	176	0.772995
116	177	0.783515
116	178	0.768476
116	179	0.766172
116	180	0.720757
117	5	0.822149
117	10	0.923648
117	11	0.893458
117	23	0.838719
117	28	0.843185
117	29	0.850647
117	31	0.852922
117	32	0.851256
117	35	0.821635
117	42	0.906505
117	45	0.952776
117	46	0.887516
117	65	0.832213
117	68	0.907776
117	77	0.904296
117	103	1.26669
117	104	0.924093
117	112	0.8413
117	113	1.40441
117	123	0.785937
117	125	1.80886
117	131	1.13292
117	134	0.879324
117	140	1.57452
117	146	0.848609
117	150	0.865036
117	164	1.64911
117	167	0.782911
117	168	0.776985
117	170	2.00973
117	176	2.29033
117	178	2.51743
117	179	2.46534
118	10	1.40736
118	56	1.51922
118	73	1.79191
118	77	1.57247
118	78	1.55946
118	84	2.30639
118	91	1.5886
118	103	0.851407
118	109	0.812213
118	111	0.845036
118	112	1.85459
118	114	0.806908
118	121	0.77222
118	127	0.873416
118	131	0.898765
118	143	0.892218
118	148	0.759564
118	151	0.839045
118	155	0.784661
118	156	0.852119
118	157	0.741573
118	161	0.781236
118	162	0.740235
118	163	0.763919
118	166	0.730388
118	170	0.760823
118	171	0.728815
118	174	0.736955
118	175	0.765169
118	176	0.741635
118	177	0.752155
118	178	0.737116
118	179	0.734813
118	180	0.689397
119	31	2.28772
119	44	2.03987
119	46	1.46234
119	75	2.23613
119	101	1.91617
119	102	0.793807
119	107	2.04054
119	110	2.01723
119	114	0.781547
119	124	0.832442
119	135	0.789589
119	143	0.866857
119	145	0.807313
119	149	0.721011
119	151	0.813685
119	155	0.759301
119	156	0.826759
119	157	0.716212
119	158	0.760624
119	161	0.755875
119	163	0.738558
119	164	0.779935
119	168	0.729496
119	169	0.67897
119	170	0.735462
119	171	0.703455
119	172	0.696978
119	173	0.716724
119	174	0.711595
119	175	0.739809
119	176	0.716274
119	177	0.726795
119	178	0.711756
119	179	0.709452
119	180	0.664037
120	19	1.2392
120	23	1.75087
120	31	1.33417
120	52	1.10331
120	59	1.45069
120	70	1.38217
120	79	1.44649
120	82	1.10506
120	111	0.916878
120	115	0.943177
120	124	0.929644
120	135	0.886791
120	136	0.863061
120	137	0.935467
120	139	1.00762
120	147	0.880056
120	149	0.818214
120	151	0.910887
120	155	0.856503
120	161	0.853078
120	162	0.812077
120	163	0.835761
120	166	0.80223
120	169	0.776172
120	170	0.832665
120	171	0.800657
120	172	0.794181
120	173	0.813927
120	174	0.808797
120	175	0.837011
120	176	0.813477
120	177	0.823997
120	178	0.808958
120	179	0.806655
120	180	0.761239
121	37	2.45695
121	52	2.3197
121	64	2.12135
121	86	2.15954
121	91	2.06365
121	106	2.4788
121	116	0.80358
121	118	0.77222
121	130	0.795813
121	131	0.849693
121	136	0.742146
121	143	0.843145
121	144	0.831496
121	147	0.759141
121	149	0.697299
121	152	0.71572
121	157	0.6925
121	158	0.736912
121	161	0.732163
121	162	0.691163
121	163	0.714846
121	164	0.756223
121	165	0.73615
121	166	0.681315
121	169	0.655258
121	171	0.679743
121	173	0.693013
121	174	0.687883
121	175	0.716097
121	176	0.692562
121	177	0.703083
121	178	0.688044
121	179	0.68574
121	180	0.640325
122	14	1.91757
122	22	1.93153
122	26	1.62896
122	46	1.02151
122	72	1.96109
122	93	0.897984
122	96	1.90619
122	97	1.959
122	111	0.845143
122	125	0.801339
122	131	0.898872
122	136	0.791326
122	137	1.44818
122	148	0.75967
122	151	0.839152
122	152	0.764899
122	156	0.852226
122	157	0.741679
122	160	0.761706
122	161	0.781343
122	162	0.740342
122	163	0.764026
122	165	0.78533
122	166	0.730495
122	169	0.704437
122	170	0.76093
122	171	0.728922
122	172	0.722445
122	173	0.742192
122	174	0.737062
122	175	0.765276
122	176	0.741742
122	177	0.752262
122	178	0.737223
122	179	0.734919
122	180	0.689504
123	4	1.90218
123	23	0.759107
123	27	0.760204
123	28	0.763573
123	32	0.771644
123	42	0.826893
123	47	2.24005
123	65	0.752601
123	68	0.828164
123	70	2.14581
123	77	0.824684
123	83	2.06126
123	89	2.01343
123	97	2.20993
123	104	0.844481
123	110	1.82733
123	111	0.787553
123	112	0.761688
123	117	0.785937
123	134	0.799711
123	135	0.757466
123	136	0.733735
123	146	0.768997
123	156	0.794636
123	157	0.684089
123	158	0.728501
123	165	0.727739
123	166	0.672904
123	167	0.703299
123	170	0.703339
123	171	0.671332
123	176	0.684151
123	177	0.694672
123	178	0.679633
123	179	0.677329
123	180	0.631914
124	22	1.59683
124	24	1.53242
124	44	1.26433
124	53	1.96867
124	72	1.62639
124	83	1.47562
124	87	1.34788
124	92	1.20914
124	94	1.64796
124	104	1.13076
124	115	0.907845
124	119	0.832442
124	120	0.929644
124	125	0.837743
124	127	0.909926
124	132	0.920071
124	143	0.928727
124	144	0.917079
124	147	0.844724
124	150	0.879418
124	157	0.778083
124	158	0.822495
124	160	0.798109
124	163	0.800429
124	165	0.821733
124	166	0.766898
124	169	0.74084
124	170	0.797333
124	171	0.765325
124	173	0.778595
124	174	0.773465
124	175	0.801679
124	176	0.778145
124	177	0.788665
124	178	0.773626
124	179	0.771322
124	180	0.725907
125	22	2.1205
125	39	1.69296
125	48	2.04588
125	74	2.08288
125	99	0.820602
125	107	1.78867
125	108	0.768624
125	117	1.80886
125	122	0.801339
125	124	0.837743
125	135	0.79489
125	138	0.849453
125	142	1.44069
125	146	0.806421
125	153	0.790746
125	155	0.764602
125	156	0.83206
125	157	0.721513
125	160	0.741539
125	162	0.720176
125	163	0.743859
125	164	0.785235
125	165	0.765163
125	166	0.710328
125	169	0.684271
125	170	0.740763
125	171	0.708756
125	172	0.702279
125	173	0.722025
125	174	0.716896
125	177	0.732096
125	178	0.717057
125	179	0.714753
125	180	0.669338
126	25	1.74943
126	53	1.75867
126	64	0.872971
126	74	1.34921
126	84	1.53306
126	90	0.907548
126	94	1.43796
126	97	1.41429
126	100	1.42843
126	109	0.86164
126	129	1.07753
126	134	0.953939
126	140	0.879224
126	144	0.929996
126	145	0.8821
126	149	0.795798
126	151	0.888472
126	152	0.814219
126	154	0.837489
126	155	0.834088
126	160	0.811025
126	162	0.789662
126	164	0.854722
126	165	0.83465
126	166	0.779814
126	167	0.810209
126	168	0.804283
126	170	0.810249
126	171	0.778242
126	172	0.771765
126	174	0.786382
126	175	0.814596
126	176	0.791062
126	177	0.801582
126	178	0.786543
126	179	0.784239
126	180	0.738824
127	6	1.28085
127	8	1.17205
127	15	1.34829
127	27	1.54514
127	43	0.850364
127	47	1.79704
127	62	1.37507
127	67	1.95083
127	68	1.29933
127	100	1.78105
127	109	0.864337
127	116	0.904776
127	118	0.873416
127	124	0.909926
127	130	0.897009
127	132	0.935685
127	143	0.944342
127	145	0.884798
127	149	0.798496
127	155	0.836785
127	160	0.813723
127	164	0.857419
127	165	0.837347
127	166	0.782512
127	169	0.756454
127	170	0.812947
127	171	0.780939
127	172	0.774463
127	173	0.794209
127	174	0.789079
127	175	0.817293
127	176	0.793759
127	177	0.804279
127	178	0.78924
127	179	0.786936
