1	20	1.12752
1	47	0.739355
1	59	0.664552
1	77	1.16111
1	78	1.29241
1	101	1.24687
1	106	1.19862
1	114	1.21751
1	137	1.15598
1	141	0.73008
1	144	0.740392
1	171	0.724186
2	14	0.692107
2	74	0.800654
2	104	1.20747
2	155	1.21112
2	156	0.689129
2	159	1.1684
2	160	1.19769
2	172	1.2086
2	173	1.2015
2	175	0.711014
2	176	1.20522
2	178	0.709786
3	43	0.59904
3	45	1.37831
3	75	0.589166
3	97	0.593346
3	101	0.590312
3	106	0.604617
3	116	0.616553
3	164	1.41132
3	170	1.41244
3	171	1.4003
3	178	1.39598
3	180	1.40167
4	88	0.693042
4	146	0.710551
4	155	0.717824
4	162	1.2094
4	165	1.20531
4	167	0.752308
4	169	0.720132
4	174	1.19868
4	175	1.19165
4	177	1.20238
4	178	1.19348
4	180	1.19916
5	33	1.10648
5	46	1.03591
5	71	1.06422
5	74	0.937662
5	80	1.06422
5	85	1.06422
5	88	1.07766
5	119	0.866024
5	147	0.940637
5	170	1.04964
5	174	0.927261
5	179	0.866941
6	37	0.985941
6	62	0.839011
6	87	0.992594
6	105	1.07332
6	116	1.06234
6	122	1.09116
6	130	1.05755
6	135	1.03637
6	163	0.930467
6	169	0.913217
6	173	0.914053
6	179	1.10073
7	36	1.10034
7	86	1.23254
7	89	0.787531
7	96	1.28219
7	100	1.15798
7	112	1.17504
7	124	1.22155
7	141	0.69014
7	153	0.709166
7	161	0.716194
7	177	0.70005
7	179	1.23037
8	27	1.18824
8	35	1.1313
8	50	1.2188
8	68	1.22462
8	84	1.17962
8	125	0.761718
8	131	0.728375
8	144	0.722666
8	145	1.25983
8	149	1.19762
8	155	0.679017
8	170	0.706088
9	29	1.16319
9	34	1.13211
9	54	0.716585
9	100	1.18854
9	106	0.727563
9	112	1.20561
9	118	0.731078
9	124	1.25212
9	147	1.19752
9	164	0.694347
9	171	0.729054
9	179	1.26094
10	46	1.19398
10	71	1.22229
10	74	1.09573
10	80	1.22229
10	85	1.22229
10	88	1.23573
10	99	0.753681
10	104	0.689529
10	132	0.724127
10	168	0.708029
10	170	1.2077
10	177	0.724
11	45	0.904608
11	139	1.06907
11	140	0.869504
11	153	1.04547
11	159	0.921632
11	166	1.05198
11	171	1.04761
11	172	0.89742
11	175	1.04146
11	177	1.05218
11	178	1.04328
11	180	1.04897
12	19	0.761477
12	64	0.685409
12	130	0.753315
12	139	1.21842
12	166	1.20134
12	171	1.19696
12	175	1.19081
12	176	0.715178
12	177	1.20154
12	178	1.19264
12	179	0.682607
12	180	1.19833
13	23	1.34327
13	58	1.13069
13	79	1.16881
13	81	1.16881
13	95	1.18734
13	97	1.25097
13	99	1.15018
13	109	0.721987
13	133	0.674291
13	138	0.750601
13	153	0.740095
13	170	0.714803
14	2	0.692107
14	29	1.14688
14	34	1.1158
14	41	1.22082
14	86	1.2468
14	93	0.762774
14	112	1.1893
14	119	0.696905
14	124	1.23581
14	142	0.727989
14	154	0.721213
14	179	1.24462
15	44	0.693837
15	130	0.715441
15	134	0.753871
15	143	1.19924
15	155	1.20647
15	160	1.19305
15	164	1.19986
15	170	0.707262
15	172	1.20395
15	173	1.19686
15	176	1.20057
15	178	0.735631
16	70	0.886714
16	83	0.952859
16	125	1.01629
16	148	0.877682
16	165	1.05793
16	166	1.0548
16	168	1.06773
16	171	1.05042
16	177	1.055
16	178	1.04609
16	179	0.878295
16	180	1.05178
17	65	0.864606
17	83	1.02461
17	98	1.10566
17	122	1.07187
17	123	1.01993
17	129	1.04111
17	130	1.03827
17	135	1.01709
17	148	0.8689
17	152	0.927742
17	166	0.942125
17	179	1.08144
18	55	0.7962
18	125	1.10621
18	132	0.795118
18	149	0.791348
18	162	1.15194
18	166	1.14472
18	169	0.754053
18	171	1.14034
18	173	0.754889
18	175	1.13419
18	177	1.14492
18	178	1.13602
18	180	1.14171
19	12	0.761477
19	21	0.791858
19	26	0.809924
19	36	1.05142
19	41	1.15765
19	86	1.18363
19	95	0.768004
19	100	1.10906
19	112	1.12613
19	124	1.17264
19	147	1.11803
19	179	1.18145
19	180	0.766392
20	1	1.12752
20	23	1.24
20	70	1.12217
20	77	1.07265
20	78	1.20395
20	106	1.11016
20	114	1.12905
20	145	0.745467
20	151	0.786686
20	160	0.777139
20	163	1.0945
20	167	0.799854
20	170	0.792441
21	19	0.791858
21	108	1.18221
21	140	1.14907
21	148	1.13459
21	155	1.13257
21	164	1.12595
21	165	0.786165
21	168	0.775722
21	169	1.12599
21	170	0.775517
21	173	1.12295
21	176	1.12666
21	180	0.775908
22	43	1.02743
22	58	0.899108
22	61	1.12743
22	63	1.04044
22	65	1.01485
22	95	0.955757
22	97	1.01939
22	148	0.938019
22	154	1.01306
22	158	1.00252
22	163	0.993649
22	164	0.966827
22	168	1.00137
23	13	1.34327
23	20	1.24
23	99	1.24784
23	101	1.35935
23	106	1.3111
23	114	1.32999
23	133	0.619395
23	137	1.26846
23	150	0.5931
23	162	0.674048
23	165	0.670554
23	168	0.660111
23	178	0.688275
24	81	0.804031
24	95	1.102
24	97	1.16563
24	124	1.15588
24	133	0.751503
24	141	0.79828
24	143	0.776905
24	158	1.14876
24	174	1.1226
24	176	0.762056
24	178	1.1174
24	179	1.1647
24	180	1.12308
25	40	0.850789
25	46	0.749652
25	116	0.775896
25	131	0.787366
25	156	1.15541
25	161	1.11776
25	162	1.14611
25	165	1.14202
25	172	0.729131
25	174	1.13539
25	175	1.12837
25	177	1.13909
25	180	1.13588
26	19	0.809924
26	37	1.06937
26	98	1.20838
26	116	1.14577
26	122	1.17459
26	123	1.12265
26	130	1.14098
26	135	1.11981
26	145	0.74661
26	149	1.11845
26	172	0.757636
26	176	0.763626
26	178	0.821953
27	8	1.18824
27	35	1.04734
27	50	1.13484
27	68	1.14066
27	84	1.09566
27	142	0.769731
27	145	1.17587
27	149	1.11366
27	150	1.20374
27	154	0.762954
27	161	0.834412
27	163	0.794579
27	179	0.739563
28	79	1.15848
28	81	1.15848
28	115	1.27212
28	119	1.21584
28	127	1.17193
28	129	1.19938
28	154	0.688267
28	158	1.22377
28	159	0.715669
28	160	0.712103
28	175	0.757001
28	180	0.727796
29	9	1.16319
29	14	1.14688
29	41	1.13292
29	86	1.1589
29	112	1.1014
29	119	0.748899
29	124	1.14791
29	134	1.09206
29	145	0.76537
29	160	0.797042
29	163	0.804831
29	176	0.782386
29	179	1.15673
30	41	0.86181
30	117	0.8627
30	118	1.08289
30	119	0.802764
30	122	0.829678
30	151	1.09922
30	156	1.10513
30	165	1.09175
30	166	1.08862
30	175	1.07809
30	176	0.836251
30	177	1.08882
30	178	1.07991
30	180	1.0856
31	98	0.791778
31	130	0.852608
31	131	1.05027
31	141	1.0632
31	148	1.09649
31	152	0.840128
31	154	1.11444
31	155	1.09447
31	164	1.08786
31	171	0.844801
31	173	1.08486
31	175	0.874025
31	176	1.08857
31	179	1.11983
32	129	0.837303
32	132	1.0628
32	133	1.11983
32	143	1.09243
32	147	0.841433
32	156	0.837978
32	157	1.07693
32	164	1.09305
32	167	1.07097
32	169	1.09309
32	172	1.09714
32	175	0.859862
32	176	1.09376
32	180	0.830658
33	5	1.10648
33	46	1.23591
33	57	0.691626
33	71	1.26422
33	74	1.13766
33	80	1.26422
33	85	1.26422
33	88	1.27766
33	129	0.717492
33	154	0.671318
33	155	0.683384
33	163	0.702943
33	170	1.24964
33	178	0.738825
34	9	1.13211
34	14	1.1158
34	41	1.10184
34	65	0.796447
34	100	1.05325
34	112	1.07032
34	120	1.02197
34	124	1.11683
34	147	1.06223
34	164	0.829549
34	166	0.873966
34	167	0.871297
34	172	0.827936
34	179	1.12564
35	8	1.1313
35	27	1.04734
35	50	1.0779
35	68	1.08372
35	84	1.03872
35	109	0.839697
35	119	1.09857
35	127	0.841975
35	138	0.868311
35	145	1.11893
35	149	1.05672
35	150	1.1468
35	154	0.793375
35	178	0.860882
36	7	1.10034
36	19	1.05142
36	41	1.10064
36	44	0.864801
36	59	0.818965
36	86	1.12661
36	94	0.85745
36	100	1.05205
36	112	1.06911
36	124	1.11562
36	134	1.05977
36	150	0.81142
36	169	0.853464
36	179	1.12444
37	6	0.985941
37	26	1.06937
37	48	1.10535
37	75	1.11473
37	85	0.837612
37	90	0.872517
37	116	1.1013
37	122	1.13012
37	123	1.07817
37	135	1.07534
37	145	0.822887
37	150	0.803054
37	171	0.870233
37	179	1.13969
38	94	1.09085
38	132	0.874844
38	153	1.08673
38	160	0.843239
38	161	1.0721
38	164	0.824206
38	166	1.09324
38	168	1.10618
38	172	0.822593
38	175	1.08272
38	176	0.828583
38	177	1.09344
38	178	1.08454
38	180	1.09023
39	97	0.706722
39	104	0.700817
39	105	0.71488
39	128	0.68955
39	161	1.20718
39	162	1.23554
39	164	0.684777
39	168	1.24126
39	173	0.695185
39	174	1.22482
39	175	1.2178
39	177	1.22852
39	178	1.21962
39	180	1.22531
40	25	0.850789
40	80	0.801568
40	109	0.842555
40	128	1.10897
40	138	1.04557
40	142	1.10245
40	143	1.08935
40	146	1.12162
40	160	1.08315
40	165	0.846019
40	167	1.06788
40	172	1.09405
40	173	1.08696
40	178	0.86374
41	14	1.22082
41	19	1.15765
41	29	1.13292
41	30	0.86181
41	34	1.10184
41	36	1.10064
41	100	1.15828
41	112	1.17534
41	124	1.22185
41	154	0.706123
41	163	0.737748
41	170	0.745261
41	172	0.709313
41	174	0.743052
41	179	1.23067
42	71	0.763858
42	109	1.14381
42	133	0.739961
42	140	0.716609
42	160	0.76517
42	161	1.15222
42	165	1.17648
42	168	1.18629
42	173	0.756546
42	174	1.16985
42	175	1.16283
42	176	0.750514
42	177	1.17355
42	178	1.16465
42	180	1.17034
43	3	0.59904
43	22	1.02743
43	58	1.14409
43	61	1.37241
43	63	1.28543
43	95	1.20074
43	97	1.26437
43	146	0.708621
43	151	0.73721
43	154	1.25805
43	158	1.2475
43	163	0.735451
43	174	0.740756
43	179	0.680436
44	15	0.693837
44	36	0.864801
44	79	1.13113
44	81	1.13113
44	91	1.14328
44	103	1.20691
44	135	0.763764
44	143	0.721125
44	149	0.748767
44	158	1.19642
44	164	0.7019
44	170	1.18151
44	177	1.17395
44	178	1.16505
44	180	1.17074
45	3	1.37831
45	11	0.904608
45	57	0.702071
45	138	1.11313
45	141	1.13286
45	151	0.715145
45	152	0.7166
45	157	1.1414
45	159	1.12142
45	167	1.13545
45	169	1.15757
45	172	1.16162
45	174	0.718692
45	175	0.750497
45	176	1.15824
46	5	1.03591
46	10	1.19398
46	25	0.749652
46	33	1.23591
46	71	1.19365
46	74	1.06709
46	80	1.19365
46	85	1.19365
46	88	1.20709
46	110	0.758239
46	123	0.743136
46	153	0.759526
46	163	0.726721
46	170	1.17907
46	175	0.76383
47	1	0.739355
47	115	0.707032
47	131	1.14403
47	132	1.15136
47	136	0.791083
47	141	1.15695
47	144	1.1553
47	148	1.19024
47	150	0.698395
47	153	0.790494
47	162	0.779343
47	167	1.15953
47	169	1.18165
47	173	1.17861
47	176	1.18232
48	37	1.10535
48	73	1.19666
48	87	1.11201
48	105	1.19273
48	116	1.18175
48	123	1.15862
48	125	0.809602
48	130	1.17696
48	135	1.15579
48	142	0.721611
48	145	0.706999
48	159	0.742236
48	162	0.768114
48	179	1.22014
48	180	0.754364
49	94	0.730716
49	148	1.17661
49	152	0.747192
49	155	1.17459
49	160	1.16116
49	164	1.16798
49	165	0.76214
49	167	1.1459
49	169	1.16802
49	170	0.751493
49	172	1.17207
49	173	1.16498
49	174	0.749284
49	176	1.16869
49	177	0.767669
50	8	1.2188
50	27	1.13484
50	35	1.0779
50	53	0.783854
50	66	0.686731
50	68	1.17122
50	84	1.12622
50	119	1.18607
50	142	0.736892
50	145	1.20643
50	149	1.14422
50	150	1.2343
50	161	0.801573
50	177	0.785429
50	179	0.706724
51	52	1.24991
51	64	1.26497
51	72	0.64788
51	85	0.6886
51	91	1.18312
51	93	0.723271
51	103	1.24675
51	127	1.18441
51	129	0.727884
51	136	0.746729
51	137	1.17295
51	145	0.673874
51	150	1.27655
51	170	1.22135
52	51	1.24991
52	64	1.26497
52	91	1.18312
52	103	1.24675
52	110	0.706726
52	127	1.18441
52	134	0.72933
52	137	1.17295
52	139	0.682035
52	147	0.693888
52	150	1.27656
52	170	1.22135
52	178	0.71109
52	180	0.683113
53	50	0.783854
53	61	0.662188
53	84	0.789772
53	125	1.13484
53	149	0.776794
53	152	1.1794
53	161	1.1522
53	168	1.18628
53	169	0.739499
53	171	1.16896
53	173	0.740335
53	174	1.16984
53	177	1.17354
53	178	1.16464
53	180	1.17033
54	9	0.716585
54	60	0.800806
54	128	1.1817
54	129	0.744599
54	140	1.18582
54	146	1.19435
54	147	0.74873
54	151	0.731808
54	159	1.1266
54	160	1.15589
54	164	1.1627
54	169	1.16274
54	172	1.16679
54	176	1.16341
54	178	0.765932
55	18	0.7962
55	102	0.869337
55	120	0.845638
55	133	1.15328
55	138	1.08211
55	144	1.1002
55	152	0.762744
55	157	1.11038
55	160	1.11969
55	164	1.1265
55	169	1.12654
55	170	0.767045
55	171	0.767417
55	172	1.13059
55	173	1.1235
55	176	1.12721
56	121	1.07011
56	136	0.819775
56	141	1.10854
56	157	1.11708
56	159	1.09711
56	160	1.12639
56	165	0.804541
56	166	0.803976
56	167	1.11113
56	168	0.794099
56	169	1.13325
56	171	0.794266
56	172	1.1373
56	174	0.791685
56	176	1.13392
56	179	1.16518
57	33	0.691626
57	45	0.702071
57	61	0.628757
57	152	1.25172
57	166	1.24566
57	168	1.2586
57	171	1.24129
57	172	0.694883
57	173	0.706905
57	174	1.24216
57	175	1.23514
57	176	0.700873
57	177	1.24586
57	178	1.23696
57	179	0.668302
57	180	1.24265
58	13	1.13069
58	22	0.899108
58	43	1.14409
58	61	1.24409
58	63	1.15711
58	95	1.07242
58	97	1.13606
58	115	1.16753
58	119	0.748672
58	154	1.12973
58	158	1.11918
58	161	0.844437
58	163	0.804604
58	174	0.809908
58	176	0.782159
58	180	0.812508
59	1	0.664552
59	36	0.818965
59	61	0.588325
59	95	0.692402
59	117	0.686889
59	131	0.712686
59	162	1.25384
59	165	1.24975
59	166	1.24662
59	171	1.24225
59	174	1.24312
59	175	1.2361
59	177	1.24682
59	178	1.23792
59	179	0.62787
59	180	1.24361
60	54	0.800806
60	79	1.08381
60	81	1.08381
60	91	1.09596
60	95	0.814906
60	103	1.1596
60	121	0.852917
60	140	0.749039
60	158	1.1491
60	160	0.797601
60	165	1.12956
60	170	1.13419
60	172	0.776955
60	174	1.12293
60	178	1.11773
60	180	1.12342
61	22	1.12743
61	43	1.37241
61	53	0.662188
61	57	0.628757
61	58	1.24409
61	59	0.588325
61	63	1.38543
61	95	1.30074
61	97	1.36437
61	139	0.6469
61	154	1.35805
61	158	1.3475
61	162	0.661728
61	163	0.640074
61	175	0.677183
62	6	0.839011
62	68	1.2459
62	84	1.2009
62	91	1.21554
62	103	1.27918
62	140	1.27577
62	149	1.21891
62	165	0.661339
62	166	0.660774
62	170	1.25378
62	171	0.651064
62	172	1.25674
62	174	0.648483
62	175	0.680288
62	176	1.25336
62	177	0.666868
63	22	1.04044
63	43	1.28543
63	58	1.15711
63	61	1.38543
63	70	0.646522
63	95	1.21376
63	97	1.27739
63	115	1.30887
63	147	0.711798
63	153	0.725924
63	154	1.27106
63	158	1.26052
63	163	0.693118
63	167	0.708045
63	169	0.675869
63	179	0.638103
64	12	0.685409
64	51	1.26497
64	52	1.26497
64	66	1.2946
64	91	1.19817
64	103	1.26181
64	127	1.19946
64	137	1.188
64	150	1.29161
64	159	0.678197
64	169	0.66517
64	170	1.2364
64	175	0.719529
64	177	0.706109
64	178	0.718302
64	179	0.627404
65	17	0.864606
65	22	1.01485
65	34	0.796447
65	77	0.730332
65	83	0.694259
65	86	0.654876
65	95	1.18816
65	97	1.25179
65	105	0.677993
65	124	0.675648
65	159	1.18279
65	173	1.21589
65	175	1.20173
65	176	1.2196
65	177	1.21246
65	178	1.20355
65	180	1.20924
66	50	0.686731
66	64	1.2946
66	74	1.13901
66	88	1.27901
66	89	0.770795
66	91	1.21275
66	103	1.27639
66	124	0.660562
66	152	0.662838
66	162	0.68128
66	166	0.67722
66	168	0.667344
66	169	1.2499
66	170	1.25098
66	173	1.24685
66	176	1.25057
67	74	0.852859
67	93	1.18191
67	97	0.721233
67	133	0.693111
67	139	1.20713
67	144	0.750201
67	161	1.16891
67	162	1.19726
67	164	0.699288
67	165	1.19317
67	166	1.19004
67	168	1.20298
67	176	0.703664
67	177	1.19024
67	178	1.18134
67	179	0.671094
67	180	1.18703
68	8	1.22462
68	27	1.14066
68	35	1.08372
68	50	1.17122
68	62	1.2459
68	72	1.25754
68	84	1.13204
68	118	0.733334
68	119	1.19189
68	130	0.739117
68	145	1.21225
68	150	1.24012
68	154	0.6918
68	175	0.760534
68	176	0.70098
68	177	0.747114
68	180	0.731329
69	73	0.833384
69	89	1.03594
69	112	0.876206
69	140	0.818934
69	152	1.09327
69	156	1.10373
69	157	0.870908
69	159	0.871061
69	161	1.06608
69	165	1.09034
69	168	1.10015
69	174	1.08371
69	175	1.07669
69	177	1.08741
69	178	1.07851
69	179	0.820268
69	180	1.0842
70	16	0.886714
70	20	1.12217
70	63	0.646522
70	77	1.15577
70	78	1.28707
70	99	1.13002
70	101	1.24153
70	106	1.19328
70	114	1.21216
70	125	0.751181
70	143	0.680441
70	147	1.16646
70	158	1.21394
70	162	0.709692
70	163	1.17762
70	166	0.705633
70	178	0.72392
71	5	1.06422
71	10	1.22229
71	33	1.26422
71	42	0.763858
71	46	1.19365
71	74	1.0954
71	80	1.22195
71	85	1.22195
71	88	1.2354
71	126	0.742868
71	128	0.703484
71	134	1.17355
71	139	0.732359
71	160	0.717744
71	166	0.743128
71	170	1.20737
71	172	0.697098
72	51	0.64788
72	68	1.25754
72	77	1.22214
72	79	1.21503
72	81	1.21503
72	84	1.21254
72	89	0.78035
72	97	0.664303
72	103	0.645397
72	138	0.712491
72	147	1.23284
72	150	1.32062
72	158	1.28032
72	160	0.661391
72	163	1.24399
72	167	0.684106
73	48	1.19666
73	69	0.833384
73	83	1.17416
73	87	1.12286
73	98	1.25521
73	102	0.802539
73	105	1.20358
73	116	1.19261
73	123	1.16948
73	130	1.18781
73	135	1.16664
73	145	0.653273
73	147	0.711414
73	162	0.714389
73	163	0.692734
73	171	0.700619
73	179	1.23099
74	2	0.800654
74	5	0.937662
74	10	1.09573
74	33	1.13766
74	46	1.06709
74	66	1.13901
74	67	0.852859
74	71	1.0954
74	80	1.0954
74	85	1.0954
74	88	1.10884
74	134	1.04699
74	153	0.89419
74	165	0.879545
74	170	1.08081
74	179	0.806368
74	180	0.869289
75	3	0.589166
75	37	1.11473
75	83	1.17268
75	98	1.25373
75	105	1.2021
75	107	0.839688
75	109	0.740274
75	122	1.21994
75	123	1.168
75	129	1.18918
75	130	1.18633
75	149	1.1638
75	162	0.747232
75	163	0.725577
75	171	0.733463
75	179	1.22951
75	180	0.733482
76	80	0.73205
76	98	0.713202
76	111	0.804387
76	121	1.09315
76	127	0.775315
76	132	1.126
76	134	0.812461
76	137	0.788155
76	140	1.17937
76	144	1.12994
76	146	1.1879
76	155	1.16286
76	159	1.12015
76	164	1.15625
76	167	1.13417
76	173	1.15325
76	176	1.15696
76	177	0.782029
77	1	1.16111
77	20	1.07265
77	65	0.730332
77	70	1.15577
77	72	1.22214
77	94	0.776991
77	99	1.08049
77	101	1.192
77	106	1.14375
77	114	1.16264
77	118	0.800164
77	147	1.11694
77	150	0.730962
77	158	1.16442
77	163	1.1281
77	168	0.797973
77	173	0.773842
77	174	0.79556
78	1	1.29241
78	20	1.20395
78	70	1.28707
78	99	1.2118
78	105	0.668447
78	106	1.27505
78	114	1.29394
78	126	0.6825
78	132	0.688981
78	137	1.23242
78	147	1.24824
78	149	0.68521
78	158	1.29572
78	163	1.2594
78	164	0.638343
78	166	0.68276
78	173	0.648752
78	178	0.701047
79	13	1.16881
79	28	1.15848
79	44	1.13113
79	60	1.08381
79	72	1.21503
79	81	1.09202
79	92	0.799979
79	115	1.20566
79	119	1.14938
79	127	1.10546
79	129	1.13291
79	138	0.809862
79	154	0.734926
79	158	1.15731
79	161	0.806384
79	163	0.76655
79	179	0.711535
79	180	0.774455
80	5	1.06422
80	10	1.22229
80	33	1.26422
80	40	0.801568
80	46	1.19365
80	71	1.22195
80	74	1.0954
80	76	0.73205
80	85	1.22195
80	88	1.2354
80	92	0.741773
80	113	0.672105
80	134	1.17355
80	162	0.729999
80	170	1.20737
80	173	0.691931
80	177	0.732033
81	13	1.16881
81	24	0.804031
81	28	1.15848
81	44	1.13113
81	60	1.08381
81	72	1.21503
81	79	1.09202
81	115	1.20565
81	119	1.14938
81	125	0.817306
81	127	1.10546
81	129	1.13291
81	154	0.722539
81	158	1.1573
81	161	0.793997
81	162	0.775818
81	163	0.754164
81	169	0.736914
82	109	0.768658
82	110	1.11566
82	128	1.16902
82	129	0.768511
82	132	1.11977
82	140	1.17314
82	148	1.15865
82	152	0.757174
82	157	1.1339
82	162	0.775616
82	165	0.772122
82	167	1.12794
82	169	1.15006
82	172	1.15411
82	173	1.14702
82	175	0.791071
82	176	1.15073
82	177	0.77765
83	16	0.952859
83	17	1.02461
83	65	0.694259
83	73	1.17416
83	75	1.17268
83	87	1.08951
83	94	0.740919
83	105	1.17023
83	116	1.15925
83	122	1.18807
83	123	1.13612
83	130	1.15446
83	135	1.13329
83	163	0.754183
83	170	0.761696
83	173	0.737769
83	179	1.19764
83	180	0.762087
84	8	1.17962
84	27	1.09566
84	35	1.03872
84	50	1.12622
84	53	0.789772
84	62	1.2009
84	68	1.13204
84	72	1.21254
84	94	0.754394
84	119	1.14689
84	125	0.830801
84	145	1.16725
84	149	1.10504
84	150	1.19512
84	154	0.736033
84	163	0.767658
84	164	0.740836
84	166	0.785253
85	5	1.06422
85	10	1.22229
85	33	1.26422
85	37	0.837612
85	46	1.19365
85	51	0.6886
85	71	1.22195
85	74	1.0954
85	80	1.22195
85	88	1.2354
85	94	0.696635
85	130	0.725591
85	134	1.17355
85	156	0.725124
85	160	0.70211
85	167	0.724825
85	170	1.20737
86	7	1.23254
86	14	1.2468
86	19	1.18363
86	29	1.1589
86	36	1.12661
86	65	0.654876
86	96	1.30847
86	100	1.18425
86	112	1.20132
86	117	0.718803
86	120	1.15298
86	124	1.24783
86	145	0.675339
86	151	0.716558
86	156	0.730025
86	161	0.754633
86	165	0.73296
86	179	1.25665
86	180	0.722704
87	6	0.992594
87	48	1.11201
87	73	1.12286
87	83	1.08951
87	98	1.17056
87	115	1.17875
87	122	1.13677
87	123	1.08483
87	130	1.10316
87	135	1.08199
87	137	0.853999
87	145	0.784724
87	149	1.08063
87	150	0.764891
87	151	0.825943
87	164	0.797363
87	177	0.847874
87	179	1.14634
87	180	0.832089
88	4	0.693042
88	5	1.07766
88	10	1.23573
88	33	1.27766
88	46	1.20709
88	66	1.27901
88	71	1.2354
88	74	1.10884
88	80	1.2354
88	85	1.2354
88	102	0.800099
88	111	0.736342
88	134	1.18699
88	137	0.720109
88	146	0.663463
88	155	0.670736
88	166	0.707889
88	170	1.22081
88	177	0.713983
89	7	0.787531
89	66	0.770795
89	69	1.03594
89	72	0.78035
89	102	1.05321
89	106	0.852198
89	111	1.103
89	131	0.875604
89	143	0.838208
89	161	1.10485
89	166	1.12599
89	168	1.13892
89	170	1.13375
89	174	1.12248
89	175	1.11546
89	177	1.12619
89	178	1.11728
89	179	0.790788
89	180	1.12297
90	37	0.872517
90	104	0.734022
90	131	0.774604
90	137	1.13227
90	142	0.719956
90	153	1.1664
90	159	0.740581
90	160	0.737015
90	161	1.15178
90	162	1.18013
90	165	1.17604
90	168	1.18585
90	171	1.16854
90	174	1.16941
90	175	1.16239
90	176	0.722359
90	177	1.17311
90	178	1.16421
90	179	0.689788
90	180	1.1699
91	44	1.14328
91	51	1.18312
91	52	1.18312
91	60	1.09596
91	62	1.21554
91	64	1.19817
91	66	1.21275
91	103	1.17996
91	105	0.76015
91	127	1.11761
91	137	1.10616
91	143	0.749272
91	150	1.20976
91	154	0.725243
91	159	0.752645
91	160	0.749079
91	170	1.15456
91	171	0.764753
91	175	0.793977
91	179	0.701852
92	79	0.799979
92	80	0.741773
92	113	0.731825
92	132	0.79188
92	139	1.18186
92	146	0.741233
92	148	0.712434
92	152	1.17083
92	153	1.15826
92	156	1.18128
92	160	0.760274
92	165	1.1679
92	166	1.16477
92	168	1.17771
92	171	1.16039
92	175	1.15424
92	177	1.16497
92	178	1.15607
92	179	0.713048
92	180	1.16176
93	14	0.762774
93	51	0.723271
93	67	1.18191
93	131	0.774371
93	136	1.15122
93	144	0.768662
93	151	1.17973
93	157	0.740195
93	159	0.740347
93	161	1.14799
93	165	1.17226
93	167	0.759497
93	168	1.18207
93	171	1.16475
93	174	1.16563
93	175	1.1586
93	176	0.722125
93	177	1.16933
93	178	1.16043
93	180	1.16612
94	36	0.85745
94	38	1.09085
94	49	0.730716
94	77	0.776991
94	83	0.740919
94	84	0.754394
94	85	0.696635
94	144	0.745462
94	156	1.19139
94	161	1.15373
94	162	1.18209
94	164	0.694549
94	166	1.17487
94	168	1.18781
94	171	1.17049
94	174	1.17137
94	175	1.16435
94	177	1.17507
94	178	1.16617
94	180	1.17186
95	13	1.18734
95	19	0.768004
95	22	0.955757
95	24	1.102
95	43	1.20074
95	58	1.07242
95	59	0.692402
95	60	0.814906
95	61	1.30074
95	63	1.21376
95	65	1.18816
95	97	1.1927
95	115	1.22418
95	145	0.704689
95	154	1.18638
95	158	1.17583
95	163	0.74415
95	174	0.749455
95	178	0.780032
95	180	0.752054
96	7	1.28219
96	86	1.30847
96	101	0.672395
96	117	0.684309
96	123	1.24478
96	124	1.29748
96	130	1.26312
96	132	0.704122
96	135	1.24194
96	140	0.623955
96	157	0.67593
96	162	1.27491
96	164	0.653484
96	169	0.663056
96	172	0.651871
96	175	1.25717
96	176	0.65786
96	178	1.25899
96	179	1.3063
96	180	1.26468
97	3	0.593346
97	13	1.25097
97	22	1.01939
97	24	1.16563
97	39	0.706722
97	43	1.26437
97	58	1.13606
97	61	1.36437
97	63	1.27739
97	65	1.25179
97	67	0.721233
97	72	0.664303
97	95	1.1927
97	115	1.28782
97	118	0.739666
97	140	0.673407
97	154	1.25001
97	158	1.23947
97	162	0.751413
97	168	0.737476
97	173	0.713344
98	17	1.10566
98	26	1.20838
98	31	0.791778
98	73	1.25521
98	75	1.25373
98	76	0.713202
98	87	1.17056
98	105	1.25129
98	116	1.24031
98	122	1.26912
98	123	1.21718
98	126	0.706832
98	130	1.23552
98	135	1.21434
98	142	0.664649
98	147	0.708177
98	150	0.630204
98	159	0.685274
98	165	0.707658
98	168	0.697215
98	179	1.27869
99	10	0.753681
99	13	1.15018
99	23	1.24784
99	70	1.13002
99	77	1.08049
99	78	1.2118
99	101	1.16625
99	104	0.777222
99	106	1.118
99	114	1.13689
99	120	1.05094
99	127	0.804979
99	132	0.81182
99	137	1.07537
99	147	1.09119
99	156	0.803229
99	158	1.13867
99	163	1.10235
99	167	0.80293
99	177	0.811693
99	179	0.732988
100	7	1.15798
100	9	1.18854
100	19	1.10906
100	34	1.05325
100	36	1.05205
100	41	1.15828
100	86	1.18425
100	108	0.721568
100	112	1.12675
100	120	1.07841
100	124	1.17326
100	134	1.11741
100	139	0.808224
100	145	0.761937
100	147	1.11866
100	157	0.797022
100	159	0.797175
100	165	0.819559
100	169	0.784148
100	179	1.18208
100	180	0.809302
101	1	1.24687
101	3	0.590312
101	23	1.35935
101	70	1.24153
101	77	1.192
101	96	0.672395
101	99	1.16625
101	106	1.22951
101	114	1.2484
101	120	1.16245
101	134	0.780845
101	137	1.18688
101	145	0.687263
101	147	1.2027
101	150	0.66743
101	154	0.695099
101	158	1.25018
101	160	0.718935
101	163	1.21386
101	167	0.74165
101	177	0.750413
102	55	0.869337
102	73	0.802539
102	88	0.800099
102	89	1.05321
102	113	0.8082
102	141	0.858218
102	151	1.11509
102	152	1.11054
102	153	1.09797
102	155	0.824881
102	156	1.121
102	159	0.840216
102	161	1.08335
102	166	1.10448
102	168	1.11742
102	171	1.10011
102	174	1.10098
102	175	1.09396
102	177	1.10468
102	178	1.09578
102	179	0.789423
102	180	1.10147
103	44	1.20691
103	51	1.24675
103	52	1.24675
103	60	1.1596
103	62	1.27918
103	64	1.26181
103	66	1.27639
103	72	0.645397
103	91	1.17996
103	127	1.18125
103	137	1.16979
103	142	0.686003
103	145	0.671391
103	150	1.27339
103	151	0.71261
103	152	0.714064
103	156	0.726077
103	170	1.21819
103	175	0.747961
103	178	0.746734
103	179	0.655836
104	2	1.20747
104	10	0.689529
104	39	0.700817
104	90	0.734022
104	99	0.777222
104	136	0.757247
104	137	0.753667
104	138	1.14911
104	142	1.20599
104	143	1.19289
104	144	1.16719
104	157	1.17738
104	159	1.1574
104	163	1.17321
104	164	1.1935
104	168	0.731571
104	169	1.19354
104	170	0.731365
104	172	1.19759
104	173	1.1905
104	176	1.19421
104	180	0.731757
105	6	1.07332
105	39	0.71488
105	48	1.19273
105	65	0.677993
105	73	1.20358
105	75	1.2021
105	78	0.668447
105	83	1.17023
105	91	0.76015
105	98	1.25129
105	116	1.18868
105	120	0.824022
105	122	1.2175
105	123	1.16555
105	130	1.18389
105	135	1.16271
105	136	0.771311
105	149	1.16135
105	154	0.706291
105	163	0.737916
105	179	1.22707
105	180	0.74582
106	1	1.19862
106	3	0.604617
106	9	0.727563
106	20	1.11016
106	23	1.3111
106	70	1.19328
106	77	1.14375
106	78	1.27505
106	89	0.852198
106	99	1.118
106	101	1.22951
106	114	1.20015
106	120	1.1142
106	127	0.758004
106	137	1.13862
106	144	0.76512
106	154	0.709404
106	158	1.20193
106	163	1.16561
106	175	0.778138
106	176	0.718583
106	179	0.686013
107	75	0.839688
107	122	0.819727
107	126	1.1227
107	136	1.08086
107	140	0.792395
107	151	1.10937
107	155	0.829187
107	156	1.11529
107	157	0.844369
107	159	0.844522
107	162	1.10599
107	163	1.08511
107	165	1.1019
107	166	1.09877
107	168	1.11171
107	174	1.09527
107	175	1.08825
107	176	0.8263
107	177	1.09897
107	178	1.09007
107	179	0.79373
107	180	1.09576
108	21	1.18221
108	100	0.721568
108	119	1.25489
108	120	0.74091
108	127	0.671779
108	131	1.20921
108	133	1.27357
108	134	0.708926
108	136	0.688199
108	138	1.2024
108	142	1.25928
108	159	1.21069
108	160	1.23998
108	162	0.676459
108	165	0.672965
108	169	1.24683
108	170	0.662317
108	172	1.25088
108	173	1.24379
108	175	0.691913
108	176	1.2475
108	177	0.678493
108	179	1.27876
109	13	0.721987
109	35	0.839697
109	40	0.842555
109	42	1.14381
109	75	0.740274
109	82	0.768658
109	118	1.14199
109	126	1.17165
109	128	0.727283
109	141	0.76311
109	156	1.16424
109	162	1.15494
109	165	1.15085
109	167	0.764258
109	168	1.16066
109	170	1.15548
109	171	1.14334
109	174	1.14422
109	175	1.1372
109	176	0.726886
109	177	1.14792
109	178	1.13902
109	180	1.14471
110	46	0.758239
110	52	0.706726
110	82	1.11566
110	112	0.767074
110	132	1.12592
110	133	1.18295
110	140	1.17929
110	141	1.13151
110	142	1.16866
110	144	1.12986
110	151	0.76791
110	152	0.769365
110	160	1.14936
110	162	0.787807
110	164	1.15617
110	167	1.13409
110	168	0.77387
110	169	1.15621
110	171	0.774038
110	172	1.16026
110	173	1.15317
110	176	1.15688
110	178	0.802034
111	76	0.804387
111	88	0.736342
111	89	1.103
111	122	0.751664
111	123	0.797098
111	133	0.747683
111	134	1.12821
111	135	0.815724
111	151	1.16488
111	153	1.14777
111	154	1.18749
111	156	1.17079
111	161	1.13314
111	162	1.1615
111	164	0.75386
111	165	1.15741
111	174	1.15078
111	175	1.14375
111	176	0.758237
111	177	1.15448
111	178	1.14557
111	179	0.725666
111	180	1.15126
112	7	1.17504
112	9	1.20561
112	14	1.1893
112	19	1.12613
112	29	1.1014
112	34	1.07032
112	36	1.06911
112	41	1.17534
112	69	0.876206
112	86	1.20132
112	100	1.12675
112	110	0.767074
112	124	1.19033
112	127	0.752531
112	128	0.713507
112	134	1.13448
112	147	1.13573
112	153	0.768361
112	166	0.753151
112	175	0.772665
112	177	0.759245
112	179	1.19914
112	180	0.74346
113	80	0.672105
113	92	0.731825
113	102	0.8082
113	117	1.18335
113	124	0.699332
113	125	0.761538
113	126	0.71573
113	138	1.15855
113	142	1.21544
113	143	1.20233
113	148	1.21158
113	150	0.639102
113	153	0.731201
113	155	1.20956
113	156	0.713621
113	157	1.18682
113	164	1.20295
113	167	1.18087
113	169	1.20299
113	172	1.20704
113	173	1.19995
113	175	0.735505
113	176	1.20366
113	179	1.23492
114	1	1.21751
114	20	1.12905
114	23	1.32999
114	70	1.21216
114	77	1.16264
114	78	1.29394
114	99	1.13689
114	101	1.2484
114	106	1.20015
114	119	0.673032
114	120	1.13308
114	137	1.15751
114	142	0.704116
114	145	0.689504
114	146	0.702134
114	147	1.17334
114	148	0.673335
114	158	1.22082
114	161	0.768798
114	163	1.18449
114	170	0.736477
114	175	0.766074
114	177	0.752654
114	180	0.736869
115	28	1.27212
115	47	0.707032
115	58	1.16753
115	63	1.30887
115	79	1.20566
115	81	1.20565
115	87	1.17875
115	95	1.22418
115	97	1.28782
115	123	1.22537
115	130	1.24371
115	135	1.22253
115	145	0.644517
115	153	0.716783
115	156	0.699203
115	157	0.679602
115	158	1.27094
115	163	0.683977
115	167	0.698904
115	168	0.691696
115	176	0.661532
115	178	0.719859
115	179	1.28688
116	3	0.616553
116	6	1.06234
116	25	0.775896
116	26	1.14577
116	37	1.1013
116	48	1.18175
116	73	1.19261
116	83	1.15925
116	98	1.24031
116	105	1.18868
116	122	1.20652
116	123	1.15458
116	126	0.770299
116	129	1.17575
116	130	1.17291
116	135	1.15174
116	149	1.15038
116	163	0.752964
116	166	0.770559
116	171	0.76085
116	173	0.736551
116	174	0.758269
116	177	0.776653
116	178	0.788846
116	179	1.21609
117	30	0.8627
117	59	0.686889
117	86	0.718803
117	96	0.684309
117	113	1.18335
117	132	1.14069
117	140	1.19406
117	141	1.14628
117	142	1.18343
117	148	1.17957
117	155	1.17755
117	156	0.753863
117	157	1.15482
117	159	1.13484
117	162	0.760293
117	164	1.17094
117	166	0.756233
117	167	1.14886
117	169	1.17098
117	172	1.17503
117	173	1.16794
117	175	0.775747
117	176	1.17165
117	177	0.762327
117	180	0.746542
118	9	0.731078
118	30	1.08289
118	68	0.733334
118	77	0.800164
118	97	0.739666
118	109	1.14199
118	123	0.760959
118	124	0.74548
118	135	0.779585
118	139	1.18862
118	152	1.1776
118	156	1.18805
118	162	1.17876
118	165	1.17467
118	166	1.17154
118	167	0.759469
118	168	1.18448
118	170	1.1793
118	172	0.716108
118	173	0.728129
118	174	1.16804
118	175	1.16101
118	177	1.17174
118	178	1.16284
118	180	1.16853
119	5	0.866024
119	14	0.696905
119	28	1.21584
119	29	0.748899
119	30	0.802764
119	35	1.09857
119	50	1.18607
119	58	0.748672
119	68	1.19189
119	79	1.14938
119	81	1.14938
119	84	1.14689
119	108	1.25489
119	114	0.673032
119	120	0.764808
119	129	1.19027
119	141	1.17397
119	149	1.16489
119	158	1.21467
119	159	1.16253
119	161	0.718536
119	169	1.19868
119	170	0.686215
119	171	0.686587
119	172	1.20273
119	176	1.19935
119	178	0.714584
120	34	1.02197
120	55	0.845638
120	86	1.15298
120	99	1.05094
120	100	1.07841
120	101	1.16245
120	105	0.824022
120	106	1.1142
120	108	0.74091
120	114	1.13308
120	119	0.764808
120	121	0.868268
120	124	1.14198
120	141	0.83452
120	152	1.11826
120	157	0.816365
120	158	1.13486
120	162	1.11942
120	163	1.09854
120	164	0.793919
120	171	1.10782
120	173	0.804327
120	175	1.10167
120	176	0.798295
120	178	1.10349
120	179	1.1508
120	180	1.10918
121	56	1.07011
121	60	0.852917
121	76	1.09315
121	120	0.868268
121	127	0.799137
121	128	1.14643
121	131	1.08985
121	134	0.836284
121	136	0.815556
121	138	1.08304
121	141	1.10277
121	144	1.10112
121	151	0.78392
121	153	0.814967
121	157	1.11131
121	158	0.760778
121	159	1.09133
121	163	1.10714
121	164	1.12743
121	167	1.10535
121	169	1.12747
121	172	1.13152
121	173	1.12443
121	174	0.787466
121	176	1.12814
121	179	1.1594
121	180	0.790066
122	6	1.09116
122	17	1.07187
122	26	1.17459
122	30	0.829678
122	37	1.13012
122	75	1.21994
122	83	1.18807
122	87	1.13677
122	98	1.26912
122	105	1.2175
122	107	0.819727
122	111	0.751664
122	116	1.20652
122	123	1.18339
122	129	1.20457
122	130	1.20173
122	135	1.18055
122	138	0.748928
122	145	0.666156
122	149	1.17919
122	154	0.673992
122	163	0.705616
122	168	0.713335
122	171	0.713502
122	175	0.742726
122	178	0.741498
122	179	1.2449
123	17	1.01993
123	26	1.12265
123	37	1.07817
123	46	0.743136
123	48	1.15862
123	73	1.16948
123	75	1.168
123	83	1.13612
123	87	1.08483
123	96	1.24478
123	98	1.21718
123	105	1.16555
123	111	0.797098
123	115	1.22537
123	116	1.15458
123	118	0.760959
123	122	1.18339
123	127	0.768025
123	130	1.14978
123	134	0.805172
123	135	1.12861
123	154	0.719425
123	161	0.790884
123	162	0.772705
123	165	0.769211
123	171	0.758936
123	172	0.722615
123	179	1.19296
124	7	1.22155
124	9	1.25212
124	14	1.23581
124	19	1.17264
124	24	1.15588
124	29	1.14791
124	34	1.11683
124	36	1.11562
124	41	1.22185
124	65	0.675648
124	66	0.660562
124	86	1.24783
124	96	1.29748
124	100	1.17326
124	112	1.19033
124	113	0.699332
124	118	0.74548
124	120	1.14198
124	134	1.18099
124	147	1.18224
124	154	0.703946
124	157	0.731195
124	158	0.714187
124	160	0.727782
124	161	0.775405
124	167	0.750497
124	175	0.77268
124	179	1.24566
124	180	0.743475
125	8	0.761718
125	16	1.01629
125	18	1.10621
125	48	0.809602
125	53	1.13484
125	70	0.751181
125	81	0.817306
125	84	0.830801
125	113	0.761538
125	136	1.12085
125	149	0.817823
125	151	1.14936
125	153	1.13225
125	155	0.778219
125	156	1.15528
125	161	1.11762
125	162	1.14598
125	163	1.1251
125	164	0.770955
125	165	1.14189
125	167	0.812703
125	168	1.1517
125	171	1.13438
125	173	0.781364
125	174	1.13526
125	175	1.12824
125	177	1.13896
125	178	1.13006
125	180	1.13575
126	71	0.742868
126	78	0.6825
126	98	0.706832
126	107	1.1227
126	109	1.17165
126	113	0.71573
126	116	0.770299
126	133	0.718971
126	136	1.18329
126	139	1.21828
126	146	0.725138
126	148	0.69634
126	151	1.2118
126	152	1.20726
126	153	1.19469
126	155	0.732411
126	156	1.21771
126	158	0.730585
126	161	1.18006
126	166	1.2012
126	168	1.21413
126	169	0.73472
126	171	1.19682
126	173	0.735556
126	174	1.1977
126	175	1.19067
126	177	1.2014
126	178	1.19249
126	180	1.19818
127	28	1.17193
127	35	0.841975
127	51	1.18441
127	52	1.18441
127	64	1.19946
127	76	0.775315
127	79	1.10546
127	81	1.10546
127	91	1.11761
127	99	0.804979
127	103	1.18125
127	106	0.758004
127	108	0.671779
127	112	0.752531
127	121	0.799137
127	123	0.768025
127	129	1.14635
127	158	1.17075
127	161	1.12695
127	165	1.15121
127	167	0.766536
127	168	1.16102
127	170	1.15584
127	172	0.723175
127	173	0.735196
127	174	1.14458
127	177	1.14828
127	180	1.14507
128	39	0.68955
128	40	1.10897
128	54	1.1817
128	71	0.703484
128	82	1.16902
128	109	0.727283
128	112	0.713507
128	121	1.14643
128	129	0.727135
128	135	0.747628
128	142	1.22203
128	144	1.18323
128	146	1.24119
128	148	1.21817
128	155	1.21615
128	159	1.17343
128	160	1.20272
128	161	0.752419
128	164	1.20954
128	165	0.730746
128	166	0.730181
128	167	1.18745
128	169	1.20958
128	170	0.720099
128	172	1.21362
128	173	1.20653
128	174	0.71789
128	176	1.21024
128	178	0.748468
129	17	1.04111
129	28	1.19938
129	32	0.837303
129	33	0.717492
129	51	0.727884
129	54	0.744599
129	75	1.18918
129	79	1.13291
129	81	1.13291
129	82	0.768511
129	116	1.17575
129	119	1.19027
129	122	1.20457
129	127	1.14635
129	128	0.727135
129	135	1.14979
129	144	0.773275
129	153	1.16902
129	157	0.744808
129	158	1.1982
129	164	0.722362
129	167	0.76411
129	169	0.731934
129	171	1.17116
129	173	0.73277
129	174	1.17203
129	175	1.16501
129	177	1.17573
129	179	1.21414
129	180	1.17252
130	6	1.05755
130	12	0.753315
130	15	0.715441
130	17	1.03827
130	26	1.14098
130	31	0.852608
130	48	1.17696
130	68	0.739117
130	73	1.18781
130	75	1.18633
130	83	1.15446
130	85	0.725591
130	87	1.10316
130	96	1.26312
130	98	1.23552
130	105	1.18389
130	115	1.24371
130	116	1.17291
130	122	1.20173
130	123	1.14978
130	135	1.14694
130	143	0.74273
130	148	0.694697
130	149	1.14558
130	163	0.750326
130	170	0.757839
130	171	0.758212
130	174	0.755631
130	179	1.2113
130	180	0.758231
131	8	0.728375
131	25	0.787366
131	31	1.05027
131	47	1.14403
131	59	0.712686
131	89	0.875604
131	90	0.774604
131	93	0.774371
131	108	1.20921
131	121	1.08985
131	136	0.797829
131	138	1.10855
131	140	1.17607
131	141	1.12828
131	143	1.15233
131	146	1.1846
131	147	0.783114
131	150	0.705141
131	153	0.79724
131	155	1.15956
131	157	1.13682
131	159	1.11684
131	160	1.14613
131	164	1.15295
131	167	1.13087
131	169	1.15299
131	170	0.771947
131	172	1.15704
131	173	1.14995
131	176	1.15366
131	178	0.800316
132	10	0.724127
132	18	0.795118
132	32	1.0628
132	38	0.874844
132	47	1.15136
132	76	1.126
132	78	0.688981
132	82	1.11977
132	92	0.79188
132	96	0.704122
132	99	0.81182
132	110	1.12592
132	117	1.14069
132	134	0.812572
132	141	1.13562
132	144	1.13398
132	146	1.19194
132	148	1.16892
132	149	1.12654
132	153	0.791256
132	155	1.1669
132	157	1.14416
132	159	1.12418
132	167	1.13821
132	168	0.766169
132	169	1.16033
132	172	1.16438
132	173	1.15728
132	174	0.763755
132	176	1.161
132	177	0.78214
133	13	0.674291
133	23	0.619395
133	24	0.751503
133	32	1.11983
133	42	0.739961
133	55	1.15328
133	67	0.693111
133	108	1.27357
133	110	1.18295
133	111	0.747683
133	126	0.718971
133	134	0.755758
133	138	1.17291
133	142	1.2298
133	143	1.21669
133	144	1.191
133	146	1.24896
133	155	1.22392
133	156	0.716861
133	157	1.20119
133	159	1.18121
133	160	1.2105
133	165	0.719797
133	167	1.19523
133	169	1.21735
133	173	1.21431
133	174	0.70694
133	175	0.738745
133	176	1.21802
133	177	0.725325
133	179	1.24928
134	15	0.753871
134	29	1.09206
134	36	1.05977
134	52	0.72933
134	71	1.17355
134	74	1.04699
134	76	0.812461
134	80	1.17355
134	85	1.17355
134	88	1.18699
134	100	1.11741
134	101	0.780845
134	108	0.708926
134	111	1.12821
134	112	1.13448
134	121	0.836284
134	123	0.805172
134	124	1.18099
134	132	0.812572
134	133	0.755758
134	155	0.769198
134	165	1.15433
134	166	1.1512
134	169	0.771506
134	170	1.15896
134	171	1.14682
134	172	0.760321
134	175	1.14068
134	178	1.1425
134	179	1.18981
134	180	1.14819
135	6	1.03637
135	17	1.01709
135	26	1.11981
135	37	1.07534
135	44	0.763764
135	48	1.15579
135	73	1.16664
135	83	1.13329
135	87	1.08199
135	96	1.24194
135	98	1.21434
135	105	1.16271
135	111	0.815724
135	115	1.22253
135	116	1.15174
135	118	0.779585
135	122	1.18055
135	123	1.12861
135	128	0.747628
135	129	1.14979
135	130	1.14694
135	149	1.12441
135	154	0.738052
135	162	0.791332
135	168	0.777395
135	172	0.741242
135	174	0.774981
135	175	0.806786
135	177	0.793366
135	179	1.19012
135	180	0.777581
136	47	0.791083
136	51	0.746729
136	56	0.819775
136	93	1.15122
136	104	0.757247
136	105	0.771311
136	107	1.08086
136	108	0.688199
136	121	0.815556
136	125	1.12085
136	126	1.18329
136	131	0.797829
136	142	0.743181
136	144	0.79212
136	148	0.712399
136	151	1.16996
136	152	1.16541
136	153	1.15284
136	156	1.17587
136	158	0.746645
136	162	1.16657
136	163	1.1457
136	165	1.16248
136	166	1.15935
136	168	1.17229
136	170	1.16712
136	171	1.15498
136	174	1.15585
136	175	1.14883
136	177	1.15955
136	178	1.15065
136	179	0.713013
136	180	1.15634
137	1	1.15598
137	23	1.26846
137	51	1.17295
137	52	1.17295
137	64	1.188
137	76	0.788155
137	78	1.23242
137	87	0.853999
137	88	0.720109
137	90	1.13227
137	91	1.10616
137	99	1.07537
137	101	1.18688
137	103	1.16979
137	104	0.753667
137	106	1.13862
137	114	1.15751
137	138	0.80776
137	146	0.737618
137	149	0.784494
137	156	1.15314
137	159	0.760226
137	161	1.11549
137	169	0.7472
137	170	1.14439
137	172	0.736014
137	173	0.748036
137	174	1.13312
137	175	1.1261
137	176	0.742004
137	177	1.13682
137	179	0.709433
137	180	1.13361
138	13	0.750601
138	35	0.868311
138	40	1.04557
138	45	1.11313
138	55	1.08211
138	72	0.712491
138	79	0.809862
138	104	1.14911
138	108	1.2024
138	113	1.15855
138	121	1.08304
138	122	0.748928
138	131	1.10855
138	133	1.17291
138	137	0.80776
138	139	0.784772
138	140	1.16926
138	141	1.12147
138	142	1.15863
138	143	1.14552
138	147	0.796625
138	151	0.779704
138	157	1.13001
138	159	1.11003
138	160	1.13932
138	164	1.14614
138	166	0.795541
138	167	1.12406
138	171	0.785831
138	172	1.15023
138	173	1.14314
138	174	0.78325
138	176	1.14685
138	180	0.78585
139	11	1.06907
139	12	1.21842
139	52	0.682035
139	61	0.6469
139	67	1.20713
139	71	0.732359
139	92	1.18186
139	100	0.808224
139	118	1.18862
139	126	1.21828
139	138	0.784772
139	142	0.716612
139	143	0.733864
139	144	0.765552
139	148	0.685831
139	151	1.20495
139	152	1.20041
139	153	1.18784
139	156	1.21086
139	157	0.737085
139	160	0.733671
139	161	1.17321
139	162	1.20157
139	166	1.19435
139	168	1.20729
139	169	0.724211
139	171	1.18997
139	172	0.713026
139	173	0.725047
139	174	1.19085
139	175	1.18382
139	177	1.19455
139	178	1.18565
139	180	1.19134
140	11	0.869504
140	21	1.14907
140	42	0.716609
140	54	1.18582
140	60	0.749039
140	62	1.27577
140	69	0.818934
140	76	1.17937
140	82	1.17314
140	96	0.623955
140	97	0.673407
140	107	0.792395
140	110	1.17929
140	117	1.19406
140	131	1.17607
140	138	1.16926
140	142	1.22614
140	144	1.18735
140	148	1.22228
140	152	0.681496
140	153	0.711089
140	157	1.19753
140	159	1.17755
