1	20	0.851329
1	24	0.850137
1	41	2.37486
1	55	0.889067
1	56	0.889068
1	57	0.969971
1	61	0.960283
1	67	3.99705
1	136	1.67811
1	159	0.945185
1	162	0.847593
1	163	1.84118
2	46	0.81141
2	54	0.801974
2	62	1.33002
2	65	0.784225
2	81	0.767968
2	82	0.821176
2	84	0.808497
2	85	0.808753
2	141	1.60132
2	154	0.840841
2	179	0.755445
2	180	5.68427
3	83	0.804662
3	87	0.796794
3	90	0.790689
3	97	0.792924
3	100	0.791482
3	101	0.897791
3	143	1.77228
3	157	0.762846
3	163	0.76529
3	164	0.829928
3	166	2.6824
3	175	4.39996
4	43	0.726687
4	45	0.730281
4	47	0.725053
4	52	0.786869
4	59	0.706324
4	74	0.751672
4	124	3.00509
4	142	0.717848
4	146	4.42479
4	151	0.661391
4	164	0.749467
4	176	0.690718
5	32	0.699432
5	38	0.77818
5	49	0.743063
5	63	0.730189
5	64	0.729389
5	68	0.72869
5	70	0.774259
5	71	0.773782
5	92	2.85425
5	145	0.633314
5	161	4.2914
5	170	0.668508
6	13	0.787856
6	19	0.789675
6	26	0.855938
6	27	0.855805
6	30	0.846701
6	39	0.846676
6	127	4.22393
6	145	0.717901
6	149	2.29082
6	167	2.42178
6	170	0.753095
6	179	0.757861
7	11	0.859333
7	14	0.775405
7	25	0.834109
7	146	1.89964
7	150	0.846268
7	151	0.771829
7	154	0.861051
7	159	0.866542
7	163	0.795267
7	169	2.87136
7	175	3.93145
8	14	0.74623
8	15	0.831483
8	16	0.830983
8	25	0.804934
8	122	2.82342
8	150	0.817093
8	151	0.742654
8	154	0.831876
8	158	3.04817
8	159	0.837367
8	162	2.78865
8	163	0.766092
9	12	0.759321
9	54	0.711214
9	60	0.700571
9	66	0.758708
9	69	0.758957
9	79	3.28495
9	81	0.677208
9	82	0.730416
9	84	0.717737
9	85	0.717993
9	137	3.25948
9	179	0.664685
10	13	0.721189
10	19	0.723008
10	26	0.789271
10	27	0.789139
10	30	0.780035
10	39	0.780009
10	129	3.22761
10	145	0.651234
10	151	3.74779
10	170	0.686428
10	179	0.691194
11	7	0.859333
11	14	0.717416
11	15	0.802669
11	16	0.802169
11	25	0.776119
11	131	1.64753
11	150	0.788278
11	151	0.713839
11	154	0.803061
11	159	0.808552
11	163	0.737277
11	170	5.035
11	171	2.93143
12	9	0.759321
12	53	0.838057
12	60	0.76451
12	65	0.757403
12	69	0.822895
12	81	0.741147
12	84	0.781676
12	85	0.781932
12	154	0.81402
12	163	2.09469
12	166	3.26084
12	178	3.83658
12	179	0.728623
13	6	0.787856
13	10	0.721189
13	19	0.695796
13	26	0.76206
13	27	0.761927
13	30	0.752823
13	39	0.752798
13	80	0.626292
13	145	0.624023
13	167	3.75695
13	170	0.659217
13	174	4.05246
13	179	0.663983
14	7	0.775405
14	8	0.74623
14	11	0.717416
14	15	0.718741
14	16	0.718241
14	25	0.692192
14	124	3.2782
14	150	0.704351
14	151	0.629912
14	154	0.719134
14	159	0.724625
14	162	4.36229
14	163	0.65335
15	8	0.831483
15	11	0.802669
15	14	0.718741
15	16	0.803494
15	25	0.777445
15	125	4.20566
15	150	0.789604
15	151	0.715165
15	154	0.804387
15	156	2.32602
15	159	0.809878
15	163	0.738603
15	176	2.6423
16	8	0.830983
16	11	0.802169
16	14	0.718241
16	15	0.803494
16	25	0.776945
16	140	4.05131
16	150	0.789104
16	151	0.714665
16	153	2.46585
16	154	0.803887
16	159	0.809378
16	160	2.65727
16	163	0.738103
17	20	0.723419
17	22	0.817173
17	24	0.722227
17	36	0.816383
17	55	0.761157
17	56	0.761158
17	57	0.842061
17	61	0.832373
17	119	1.89524
17	149	3.66329
17	151	3.31941
17	159	0.817274
17	162	0.719683
18	23	0.836627
18	29	0.810054
18	35	0.8087
18	37	0.807398
18	58	0.840295
18	117	0.730109
18	120	1.71791
18	122	3.03707
18	126	0.722022
18	128	0.767257
18	142	0.781402
18	148	0.747513
18	179	4.39013
19	6	0.789675
19	10	0.723008
19	13	0.695796
19	26	0.763879
19	27	0.763746
19	30	0.754642
19	39	0.754617
19	140	4.38288
19	145	0.625842
19	165	3.09753
19	170	0.661035
19	179	0.665801
20	1	0.851329
20	17	0.723419
20	22	0.721805
20	24	0.626859
20	36	0.721016
20	55	0.665789
20	56	0.66579
20	57	0.746693
20	61	0.737005
20	149	3.72262
20	159	0.721907
20	162	0.624315
20	173	4.18816
21	78	2.84712
21	89	0.777453
21	95	0.775654
21	98	0.773338
21	103	0.767258
21	107	0.801692
21	108	0.799454
21	109	0.765298
21	115	0.794302
21	121	0.783634
21	123	0.779809
21	160	3.1482
21	163	2.95505
22	17	0.817173
22	20	0.721805
22	24	0.720613
22	36	0.81477
22	55	0.759543
22	56	0.759544
22	57	0.840447
22	61	0.830759
22	67	2.80295
22	119	1.13857
22	135	5.13319
22	159	0.815661
22	162	0.718069
23	18	0.836627
23	29	0.823127
23	35	0.821773
23	37	0.82047
23	112	0.725474
23	117	0.743181
23	126	0.735095
23	128	0.78033
23	130	4.00655
23	137	1.19819
23	142	0.794475
23	148	0.760586
23	179	3.99983
24	1	0.850137
24	17	0.722227
24	20	0.626859
24	22	0.720613
24	36	0.719824
24	55	0.664598
24	56	0.664599
24	57	0.745502
24	61	0.735813
24	159	0.720715
24	162	0.623123
24	169	3.34045
24	180	4.77771
25	7	0.834109
25	8	0.804934
25	11	0.776119
25	14	0.692192
25	15	0.777445
25	16	0.776945
25	138	6.47307
25	140	2.30679
25	148	2.20955
25	150	0.763054
25	151	0.688615
25	154	0.777838
25	159	0.783329
25	163	0.712054
26	6	0.855938
26	10	0.789271
26	13	0.76206
26	19	0.763879
26	27	0.83001
26	30	0.820906
26	39	0.82088
26	110	2.53108
26	142	2.57233
26	145	0.692105
26	163	3.67011
26	170	0.727299
26	179	0.732065
27	6	0.855805
27	10	0.789139
27	13	0.761927
27	19	0.763746
27	26	0.83001
27	30	0.820773
27	39	0.820747
27	141	1.32704
27	144	4.84315
27	145	0.691973
27	158	2.92493
27	170	0.727166
27	179	0.731932
28	53	0.814228
28	60	0.740681
28	65	0.733575
28	66	0.798818
28	69	0.799066
28	81	0.717318
28	82	0.770526
28	84	0.757847
28	85	0.758103
28	91	4.02037
28	131	2.44165
28	151	3.0027
28	154	0.790191
28	179	0.704795
29	18	0.810054
29	23	0.823127
29	35	0.7952
29	37	0.793898
29	58	0.826795
29	105	3.18139
29	112	0.698901
29	117	0.716608
29	126	0.708522
29	128	0.753757
29	142	0.767902
29	143	3.30612
29	148	0.734013
29	153	3.05181
30	6	0.846701
30	10	0.780035
30	13	0.752823
30	19	0.754642
30	26	0.820906
30	27	0.820773
30	39	0.811643
30	80	0.685137
30	145	0.682869
30	148	2.91704
30	153	2.6721
30	166	3.83652
30	170	0.718062
30	179	0.722828
31	72	0.742378
31	83	0.769794
31	87	0.761927
31	90	0.755822
31	97	0.758057
31	100	0.756614
31	101	0.862923
31	128	1.96416
31	148	2.88977
31	150	0.781423
31	157	0.727978
31	163	0.730423
31	164	0.79506
31	169	4.46672
32	5	0.699432
32	38	0.765052
32	49	0.729934
32	63	0.717061
32	64	0.716261
32	68	0.715562
32	70	0.761131
32	71	0.760654
32	125	0.661154
32	126	0.653397
32	145	0.620186
32	147	1.74153
32	170	0.65538
32	172	6.72262
33	34	0.749726
33	40	0.738883
33	42	0.743959
33	44	0.743959
33	48	0.72725
33	51	0.726881
33	134	2.51206
33	138	0.63218
33	140	0.667184
33	148	0.682722
33	157	0.681148
33	162	0.657276
33	168	6.01058
33	176	0.689481
34	33	0.749726
34	40	0.794636
34	42	0.799712
34	44	0.799712
34	48	0.783003
34	51	0.782634
34	132	1.4141
34	140	0.722937
34	154	0.80513
34	157	0.736901
34	162	0.713029
34	171	3.67452
34	176	0.745234
34	178	4.45357
35	18	0.8087
35	23	0.821773
35	29	0.7952
35	37	0.792544
35	58	0.825442
35	112	0.697547
35	117	0.715255
35	126	0.707168
35	128	0.752403
35	142	0.766548
35	145	6.61209
35	148	0.732659
35	169	2.36572
35	170	1.82964
36	17	0.816383
36	20	0.721016
36	22	0.81477
36	24	0.719824
36	55	0.758754
36	56	0.758755
36	57	0.839658
36	61	0.82997
36	118	2.5229
36	132	2.22843
36	159	0.814871
36	162	0.71728
36	176	4.05232
37	18	0.807398
37	23	0.82047
37	29	0.793898
37	35	0.792544
37	58	0.824139
37	112	0.696245
37	117	0.713952
37	125	3.11005
37	126	0.705865
37	128	0.7511
37	142	0.765245
37	148	0.731356
37	175	3.9041
37	178	2.76228
38	5	0.77818
38	32	0.765052
38	49	0.808683
38	63	0.795809
38	64	0.795009
38	68	0.79431
38	70	0.839879
38	71	0.839402
38	134	3.56034
38	145	0.698934
38	153	2.49373
38	167	3.20684
38	170	0.734128
39	6	0.846676
39	10	0.780009
39	13	0.752798
39	19	0.754617
39	26	0.82088
39	27	0.820747
39	30	0.811643
39	75	2.49805
39	80	0.685112
39	137	2.15882
39	145	0.682843
39	152	4.14869
39	170	0.718037
39	179	0.722803
40	33	0.738883
40	34	0.794636
40	42	0.788868
40	44	0.788868
40	48	0.77216
40	51	0.77179
40	102	2.07221
40	127	3.18128
40	138	0.677089
40	148	0.727632
40	154	0.794286
40	157	0.726058
40	162	0.702186
40	172	6.1233
40	176	0.734391
41	1	2.37486
41	83	2.1514
41	106	0.648987
41	130	0.692795
41	131	0.764561
41	152	0.696052
41	156	0.709918
41	160	0.697791
41	168	0.662349
41	169	0.696129
41	171	0.701576
41	173	0.69848
41	175	0.67469
41	178	0.687365
41	180	0.668919
42	33	0.743959
42	34	0.799712
42	40	0.788868
42	48	0.777235
42	51	0.776866
42	110	1.28141
42	138	0.682165
42	140	0.717169
42	148	0.732708
42	154	0.799362
42	157	0.731134
42	162	0.707262
42	171	2.18374
42	172	6.67991
42	176	0.739467
43	4	0.726687
43	45	0.760521
43	47	0.755293
43	52	0.81711
43	59	0.736564
43	74	0.781912
43	128	0.733943
43	132	2.08284
43	137	0.787314
43	139	3.49376
43	142	0.748089
43	151	0.691631
43	164	0.779707
43	167	4.09527
43	176	0.720958
44	33	0.743959
44	34	0.799712
44	40	0.788868
44	48	0.777235
44	51	0.776866
44	124	2.05931
44	138	0.682165
44	140	0.717169
44	148	0.732708
44	154	0.799362
44	157	0.731134
44	162	0.707262
44	167	3.34196
44	176	0.739467
44	179	4.53125
45	4	0.730281
45	43	0.760521
45	47	0.758887
45	52	0.820703
45	59	0.740158
45	74	0.785506
45	88	0.709187
45	125	4.28429
45	128	0.737537
45	129	1.91445
45	137	0.790908
45	151	0.695225
45	164	0.783301
45	176	0.724552
45	178	3.93652
46	2	0.81141
46	53	0.799386
46	54	0.736481
46	60	0.725839
46	65	0.718732
46	66	0.783976
46	69	0.784224
46	81	0.702476
46	82	0.755684
46	84	0.743005
46	85	0.743261
46	93	4.19063
46	128	2.23422
46	148	3.15984
46	179	0.689952
47	4	0.725053
47	43	0.755293
47	45	0.758887
47	52	0.815476
47	59	0.73493
47	74	0.780278
47	128	0.732309
47	137	0.78568
47	141	2.14341
47	142	0.746455
47	151	0.689997
47	153	2.96721
47	164	0.778073
47	176	0.719324
47	179	4.86962
48	33	0.72725
48	34	0.783003
48	40	0.77216
48	42	0.777235
48	44	0.777235
48	51	0.760157
48	137	1.70213
48	138	0.665456
48	140	0.70046
48	148	0.715999
48	154	0.782653
48	155	4.21798
48	157	0.714425
48	162	0.690553
48	165	4.0015
48	176	0.722758
49	5	0.743063
49	32	0.729934
49	38	0.808683
49	63	0.760691
49	64	0.759891
49	68	0.759192
49	70	0.804761
49	71	0.804284
49	80	7.6
49	117	0.705114
49	125	0.704785
49	126	0.697027
49	134	1.63418
49	145	0.663817
49	166	1.73198
49	170	0.69901
50	76	0.71918
50	77	0.75855
50	86	0.754942
50	89	0.741773
50	95	0.739974
50	96	0.743563
50	98	0.737657
50	99	1.84015
50	103	0.731578
50	107	0.766012
50	115	0.758621
50	123	0.744128
50	140	0.693941
50	150	0.761351
50	166	3.8152
50	177	4.84366
51	33	0.726881
51	34	0.782634
51	40	0.77179
51	42	0.776866
51	44	0.776866
51	48	0.760157
51	138	0.665087
51	140	0.700091
51	142	2.17573
51	148	0.71563
51	154	0.782284
51	157	0.714055
51	161	3.65732
51	162	0.690184
51	173	4.32293
51	176	0.722388
52	4	0.786869
52	43	0.81711
52	45	0.820703
52	47	0.815476
52	59	0.796746
52	74	0.842095
52	88	0.765775
52	128	0.794126
52	131	1.83084
52	142	0.808271
52	147	2.62982
52	151	0.751813
52	158	2.92772
52	164	0.839889
52	176	0.78114
52	177	4.34652
53	12	0.838057
53	28	0.814228
53	46	0.799386
53	60	0.779307
53	62	2.03895
53	65	0.772201
53	66	0.837444
53	69	0.837692
53	75	1.47401
53	81	0.755944
53	82	0.809152
53	84	0.796473
53	85	0.796729
53	167	3.84717
53	176	3.65863
53	179	0.743421
54	2	0.801974
54	9	0.711214
54	46	0.736481
54	60	0.716403
54	65	0.709296
54	66	0.77454
54	69	0.774788
54	81	0.69304
54	82	0.746248
54	84	0.733569
54	85	0.733825
54	92	2.87522
54	118	2.92545
54	154	0.765913
54	160	4.12171
54	179	0.680516
55	1	0.889067
55	17	0.761157
55	20	0.665789
55	22	0.759543
55	24	0.664598
55	36	0.758754
55	56	0.703529
55	57	0.784432
55	58	0.780282
55	61	0.774743
55	80	0.631067
55	147	3.10408
55	151	2.86615
55	159	0.759645
55	162	0.662053
55	178	4.36805
56	1	0.889068
56	17	0.761158
56	20	0.66579
56	22	0.759544
56	24	0.664599
56	36	0.758755
56	55	0.703529
56	57	0.784433
56	58	0.780283
56	61	0.774744
56	80	0.631068
56	136	2.31579
56	156	2.68889
56	159	0.759646
56	162	0.662054
56	170	5.54526
57	1	0.969971
57	17	0.842061
57	20	0.746693
57	22	0.840447
57	24	0.745502
57	36	0.839658
57	55	0.784432
57	56	0.784433
57	61	0.855647
57	119	2.09536
57	159	0.840549
57	162	0.742957
57	170	3.70597
57	177	2.83417
57	180	3.90044
58	18	0.840295
58	29	0.826795
58	35	0.825442
58	37	0.824139
58	55	0.780282
58	56	0.780283
58	87	0.796629
58	90	0.790523
58	97	0.792759
58	100	0.791316
58	155	2.07619
58	159	0.836399
58	162	0.738808
58	174	2.56824
58	176	2.0842
58	180	4.81876
59	4	0.706324
59	43	0.736564
59	45	0.740158
59	47	0.73493
59	52	0.796746
59	74	0.761549
59	88	0.68523
59	92	0.709616
59	122	1.92452
59	128	0.71358
59	137	0.766951
59	138	7.12693
59	142	0.727725
59	151	0.671268
59	157	2.22951
59	164	0.759344
59	176	0.700595
60	9	0.700571
60	12	0.76451
60	28	0.740681
60	46	0.725839
60	53	0.779307
60	54	0.716403
60	65	0.698654
60	66	0.763897
60	78	2.13882
60	81	0.682397
60	82	0.735605
60	84	0.722926
60	85	0.723182
60	112	4.79917
60	130	4.1576
60	154	0.75527
60	179	0.669874
61	1	0.960283
61	17	0.832373
61	20	0.737005
61	22	0.830759
61	24	0.735813
61	36	0.82997
61	55	0.774743
61	56	0.774744
61	57	0.855647
61	80	0.702283
61	92	1.87053
61	117	3.23025
61	159	0.830861
61	162	0.733269
61	163	2.92387
61	165	3.22571
62	2	1.33002
62	53	2.03895
62	89	2.15647
62	106	0.684542
62	119	0.806198
62	120	0.767963
62	130	0.728349
62	133	0.698139
62	139	0.745657
62	143	0.750147
62	149	0.747538
62	165	0.734149
62	166	0.736899
62	172	0.690938
62	175	0.710244
62	177	0.716914
62	180	0.704474
63	5	0.730189
63	32	0.717061
63	38	0.795809
63	49	0.760691
63	64	0.747017
63	68	0.746319
63	70	0.791887
63	71	0.791411
63	99	2.69764
63	110	0.740689
63	117	0.69224
63	125	0.691911
63	126	0.684154
63	145	0.650943
63	161	3.89036
63	162	4.02284
63	170	0.686136
64	5	0.729389
64	32	0.716261
64	38	0.795009
64	49	0.759891
64	63	0.747017
64	68	0.745518
64	70	0.791087
64	71	0.79061
64	104	3.28595
64	110	0.739889
64	117	0.69144
64	125	0.691111
64	126	0.683353
64	128	2.93753
64	145	0.650143
64	162	4.13277
64	170	0.685336
65	2	0.784225
65	12	0.757403
65	28	0.733575
65	46	0.718732
65	53	0.772201
65	54	0.709296
65	60	0.698654
65	69	0.757039
65	81	0.675291
65	82	0.728499
65	84	0.71582
65	85	0.716076
65	105	3.67774
65	128	2.86749
65	154	0.748164
65	161	3.93025
65	179	0.662767
66	9	0.758708
66	28	0.798818
66	46	0.783976
66	53	0.837444
66	54	0.77454
66	60	0.763897
66	69	0.822282
66	81	0.740534
66	82	0.793742
66	84	0.781063
66	85	0.781319
66	146	2.86606
66	154	0.813407
66	156	2.22418
66	158	2.78998
66	177	4.20877
66	179	0.728011
67	1	3.99705
67	22	2.80295
67	93	0.687486
67	133	0.654486
67	144	0.672458
67	155	0.688608
67	158	0.700607
67	165	0.690496
67	166	0.693246
67	171	0.693478
67	172	0.647284
67	173	0.690381
67	174	0.685998
67	175	0.666591
67	177	0.673261
67	178	0.679266
67	180	0.660821
68	5	0.72869
68	32	0.715562
68	38	0.79431
68	49	0.759192
68	63	0.746319
68	64	0.745518
68	70	0.790388
68	71	0.789912
68	110	0.73919
68	112	4.80083
68	117	0.690741
68	125	0.690412
68	126	0.682655
68	145	0.649444
68	157	3.10447
68	170	0.684638
68	173	3.29783
69	9	0.758957
69	12	0.822895
69	28	0.799066
69	46	0.784224
69	53	0.837692
69	54	0.774788
69	65	0.757039
69	66	0.822282
69	75	1.82886
69	81	0.740782
69	82	0.79399
69	84	0.781312
69	85	0.781567
69	105	1.94087
69	126	1.98162
69	145	8.18791
69	179	0.728259
70	5	0.774259
70	32	0.761131
70	38	0.839879
70	49	0.804761
70	63	0.791887
70	64	0.791087
70	68	0.790388
70	71	0.835481
70	75	1.79908
70	110	0.784759
70	117	0.73631
70	125	0.735981
70	126	0.728223
70	132	2.15981
70	137	1.45985
70	145	0.695013
70	170	0.730206
70	175	6.3411
71	5	0.773782
71	32	0.760654
71	38	0.839402
71	49	0.804284
71	63	0.791411
71	64	0.79061
71	68	0.789912
71	70	0.835481
71	78	2.61405
71	91	3.97963
71	110	0.784282
71	113	2.18635
71	117	0.735833
71	125	0.735504
71	126	0.727747
71	145	0.694536
71	170	0.72973
71	171	3.68482
72	31	0.742378
72	83	0.724539
72	87	0.716672
72	90	0.710566
72	92	0.700077
72	97	0.712801
72	100	0.711359
72	101	0.817668
72	102	2.34419
72	110	0.715341
72	125	0.666563
72	137	0.757412
72	150	0.736168
72	151	3.86395
72	157	0.682723
72	163	0.685167
72	164	0.749805
72	171	4.5868
73	76	0.747594
73	77	0.786963
73	86	0.783355
73	95	0.768387
73	98	0.766071
73	103	0.759991
73	106	8.8
73	108	0.792187
73	109	0.758031
73	115	0.787034
73	121	0.776366
73	123	0.772541
73	140	0.722355
73	157	1.76935
73	159	0.810039
73	164	0.803401
73	171	1.87489
73	177	2.89847
74	4	0.751672
74	43	0.781912
74	45	0.785506
74	47	0.780278
74	52	0.842095
74	59	0.761549
74	88	0.730578
74	92	0.754965
74	128	0.758928
74	137	0.812299
74	142	0.773074
74	144	4.08598
74	151	0.716616
74	160	1.58509
74	164	0.804692
74	176	0.745943
74	177	3.58656
74	178	3.13384
75	39	2.49805
75	53	1.47401
75	69	1.82886
75	70	1.79908
75	80	0.70679
75	94	0.78593
75	116	0.762496
75	134	0.775614
75	146	0.775954
75	147	0.779527
75	152	0.763323
75	155	0.763977
75	160	0.765062
75	165	0.765865
75	169	0.763399
75	172	0.722654
75	173	0.765751
75	174	0.761368
75	180	0.73619
76	50	0.71918
76	73	0.747594
76	77	0.730241
76	86	0.726633
76	89	0.713465
76	96	0.715255
76	98	0.709349
76	103	0.703269
76	107	0.737703
76	109	0.701309
76	112	0.64606
76	115	0.730313
76	118	2.77404
76	123	0.71582
76	138	0.630629
76	148	4.02381
76	159	0.753317
76	162	4.29344
76	164	0.746679
77	50	0.75855
77	73	0.786963
77	76	0.730241
77	95	0.751035
77	96	0.754624
77	98	0.748718
77	103	0.742639
77	107	0.777073
77	108	0.774834
77	109	0.740678
77	115	0.769682
77	119	2.4118
77	121	0.759014
77	123	0.755189
77	137	1.59844
77	150	0.772412
77	155	4.11428
77	164	0.786049
77	176	4.12228
78	21	2.84712
78	60	2.13882
78	71	2.61405
78	116	0.709086
78	129	0.753855
78	134	0.722204
78	135	0.682577
78	147	0.726117
78	153	0.729815
78	155	0.710567
78	156	0.723779
78	160	0.711652
78	165	0.712455
78	166	0.715206
78	173	0.712341
78	174	0.707958
78	177	0.695221
78	178	0.701226
78	180	0.68278
79	9	3.28495
79	86	1.86639
79	91	0.713005
79	132	0.77753
79	135	0.685649
79	139	0.727036
79	141	0.788797
79	157	0.71131
79	159	0.0568248
79	161	0.706783
79	167	0.720914
79	168	0.679282
79	169	0.713062
79	171	0.718509
79	172	0.672316
79	174	0.71103
79	175	0.691623
79	177	0.698293
79	180	0.685852
80	13	0.626292
80	30	0.685137
80	39	0.685112
80	49	7.6
80	55	0.631067
80	56	0.631068
80	61	0.702283
80	75	0.70679
80	113	0.664598
80	130	0.611882
80	133	0.581672
80	158	0.627793
80	159	0.687184
80	160	0.616879
80	162	0.589593
80	170	0.591531
80	172	0.57447
80	179	0.596297
80	180	0.588007
81	2	0.767968
81	9	0.677208
81	12	0.741147
81	28	0.717318
81	46	0.702476
81	53	0.755944
81	54	0.69304
81	60	0.682397
81	65	0.675291
81	66	0.740534
81	69	0.740782
81	82	0.712242
81	84	0.699563
81	85	0.699819
81	114	5.32633
81	132	2.18732
81	154	0.731907
81	165	3.78673
81	179	0.646511
82	2	0.821176
82	9	0.730416
82	28	0.770526
82	46	0.755684
82	53	0.809152
82	54	0.746248
82	60	0.735605
82	65	0.728499
82	66	0.793742
82	69	0.79399
82	81	0.712242
82	84	0.752771
82	85	0.753027
82	99	2.13921
82	147	3.42604
82	154	0.785115
82	157	3.80417
82	171	3.91096
82	179	0.699719
83	3	0.804662
83	31	0.769794
83	41	2.1514
83	72	0.724539
83	87	0.744088
83	90	0.737983
83	92	0.727493
83	94	2.13989
83	97	0.740218
83	100	0.738775
83	101	0.845084
83	110	0.742758
83	125	0.69398
83	137	0.784828
83	150	0.763584
83	157	0.710139
83	163	0.712583
83	164	0.777221
83	170	4.68413
83	179	3.52185
84	2	0.808497
84	9	0.717737
84	12	0.781676
84	28	0.757847
84	46	0.743005
84	53	0.796473
84	54	0.733569
84	60	0.722926
84	65	0.71582
84	66	0.781063
84	69	0.781312
84	81	0.699563
84	82	0.752771
84	85	0.740348
84	110	1.63781
84	129	2.49665
84	144	5.47087
84	154	0.772436
84	158	3.55266
84	179	0.68704
85	2	0.808753
85	9	0.717993
85	12	0.781932
85	28	0.758103
85	46	0.743261
85	53	0.796729
85	54	0.733825
85	60	0.723182
85	65	0.716076
85	66	0.781319
85	69	0.781567
85	81	0.699819
85	82	0.753027
85	84	0.740348
85	129	1.39163
85	140	3.25901
85	154	0.772692
85	168	6.23869
85	173	2.72124
85	179	0.687296
86	50	0.754942
86	73	0.783355
86	76	0.726633
86	79	1.86639
86	89	0.749226
86	95	0.747427
86	96	0.751016
86	107	0.773465
86	108	0.771226
86	109	0.73707
86	115	0.766074
86	121	0.755406
86	123	0.751581
86	138	0.66639
86	140	0.701394
86	141	3.01638
86	142	2.74067
86	159	0.789078
86	160	4.0316
86	164	0.782441
87	3	0.796794
87	31	0.761927
87	58	0.796629
87	72	0.716672
87	83	0.744088
87	88	0.69524
87	90	0.730116
87	92	0.719626
87	97	0.732351
87	100	0.730908
87	101	0.837217
87	110	0.73489
87	117	3.93146
87	125	0.686113
87	132	2.3275
87	134	4.69343
87	142	2.5273
87	150	0.755717
87	157	0.702272
87	163	0.704716
87	164	0.769354
88	45	0.709187
88	52	0.765775
88	59	0.68523
88	74	0.730578
88	87	0.69524
88	89	0.695158
88	96	0.696948
88	97	0.69137
88	100	0.689927
88	101	0.796236
88	109	0.683002
88	113	2.55163
88	115	0.712006
88	121	0.701338
88	123	0.697513
88	163	0.663735
88	164	0.728373
88	173	4.13666
88	176	0.669624
88	177	5.28186
89	21	0.777453
89	50	0.741773
89	62	2.15647
89	76	0.713465
89	86	0.749226
89	88	0.695158
89	95	0.734258
89	96	0.737848
89	98	0.731942
89	103	0.725862
89	107	0.760296
89	108	0.758058
89	109	0.723902
89	115	0.752905
89	121	0.742237
89	123	0.738413
89	129	2.96966
89	150	0.755635
89	152	3.24218
89	157	4.1059
89	164	0.769272
90	3	0.790689
90	31	0.755822
90	58	0.790523
90	72	0.710566
90	83	0.737983
90	87	0.730116
90	92	0.713521
90	97	0.726245
90	100	0.724803
90	101	0.831112
90	110	0.728785
90	113	1.97703
90	125	0.680007
90	126	4.15521
90	137	0.770856
90	150	0.749612
90	157	0.696167
90	163	0.698611
90	164	0.763249
90	169	4.33627
90	174	3.523
91	28	4.02037
91	71	3.97963
91	79	0.713005
91	111	0.632406
91	112	0.63648
91	118	0.718893
91	134	0.683984
91	146	0.684323
91	166	0.676985
91	167	0.679622
91	168	0.637989
91	169	0.671769
91	171	0.677217
91	172	0.631024
91	173	0.674121
91	175	0.650331
91	177	0.657001
91	178	0.663006
91	179	0.65285
91	180	0.64456
92	5	2.85425
92	54	2.87522
92	59	0.709616
92	61	1.87053
92	72	0.700077
92	74	0.754965
92	83	0.727493
92	87	0.719626
92	90	0.713521
92	97	0.715756
92	101	0.820622
92	143	0.705893
92	146	0.699983
92	164	0.752759
92	167	0.695281
92	168	0.653649
92	176	0.69401
92	177	0.67266
92	180	0.66022
93	46	4.19063
93	67	0.687486
93	105	0.688077
93	106	0.62414
93	110	0.702149
93	113	0.720663
93	117	0.6537
93	124	0.704536
93	126	0.645613
93	164	2.40286
93	165	0.673747
93	168	0.637501
93	169	0.671281
93	171	0.676729
93	172	0.630536
93	174	0.66925
93	175	0.649843
93	177	0.656513
93	178	0.662518
93	180	0.644072
94	75	0.78593
94	83	2.13989
94	96	0.675825
94	99	0.764281
94	119	0.768872
94	133	0.660813
94	146	0.706911
94	150	2.81412
94	152	0.69428
94	155	0.694934
94	158	0.706933
94	160	0.696019
94	168	0.660577
94	169	0.694356
94	171	0.699804
94	172	0.653611
94	174	0.692325
94	175	0.672918
94	177	0.679588
94	178	0.685593
94	180	0.667147
95	21	0.775654
95	50	0.739974
95	73	0.768387
95	77	0.751035
95	86	0.747427
95	89	0.734258
95	96	0.736049
95	98	0.730143
95	103	0.724063
95	107	0.758497
95	108	0.756259
95	109	0.722103
95	121	0.740439
95	123	0.736614
95	130	3.43585
95	133	5.69722
95	138	0.651423
95	146	2.3769
95	150	0.753836
95	159	0.774111
95	174	2.53534
96	50	0.743563
96	76	0.715255
96	77	0.754624
96	86	0.751016
96	88	0.696948
96	89	0.737848
96	94	0.675825
96	95	0.736049
96	103	0.727652
96	107	0.762086
96	108	0.759848
96	111	8.4
96	115	0.754696
96	116	1.65864
96	121	0.744028
96	123	0.740203
96	138	0.655012
96	150	0.757426
96	159	0.7777
96	164	0.771062
96	179	2.05779
97	3	0.792924
97	31	0.758057
97	58	0.792759
97	72	0.712801
97	83	0.740218
97	87	0.732351
97	88	0.69137
97	90	0.726245
97	92	0.715756
97	100	0.727038
97	101	0.833347
97	104	3.31268
97	119	2.45903
97	120	2.87512
97	125	0.682242
97	137	0.773091
97	150	0.751847
97	157	0.698402
97	163	0.700846
97	164	0.765484
97	174	4.65356
98	21	0.773338
98	50	0.737657
98	73	0.766071
98	76	0.709349
98	77	0.748718
98	89	0.731942
98	95	0.730143
98	103	0.721747
98	107	0.75618
98	108	0.753942
98	109	0.719786
98	115	0.74879
98	121	0.738122
98	123	0.734297
98	124	2.8574
98	136	3.26213
98	140	0.68411
98	143	3.68124
98	156	3.63523
98	159	0.771794
98	164	0.765157
99	50	1.84015
99	63	2.69764
99	82	2.13921
99	94	0.764281
99	113	0.791132
99	114	0.717819
99	135	0.714338
99	153	0.761576
99	156	0.75554
99	160	0.743413
99	161	0.735472
99	164	0.316493
99	165	0.744216
99	166	0.746967
99	167	0.749603
99	171	0.747198
99	172	0.701005
99	173	0.744102
99	177	0.726982
99	178	0.732987
99	180	0.714541
100	3	0.791482
100	31	0.756614
100	58	0.791316
100	72	0.711359
100	83	0.738775
100	87	0.730908
100	88	0.689927
100	90	0.724803
100	97	0.727038
100	101	0.831904
100	110	0.729578
100	125	0.6808
100	137	0.771648
100	150	0.750404
100	157	0.696959
100	161	2.23066
100	163	0.699403
100	164	0.764041
100	169	3.67047
100	174	2.8572
100	180	5.10773
101	3	0.897791
101	31	0.862923
101	72	0.817668
101	83	0.845084
101	87	0.837217
101	88	0.796236
101	90	0.831112
101	92	0.820622
101	97	0.833347
101	100	0.831904
101	127	4.19479
101	128	1.99661
101	137	0.877957
101	150	0.856713
101	157	0.803268
101	163	0.805712
101	164	0.87035
101	166	2.84394
101	173	2.72722
101	176	2.20411
101	178	3.41969
102	40	2.07221
102	72	2.34419
102	141	0.811831
102	144	0.720523
102	150	1.01218
102	151	0.71335
102	154	0.910241
102	155	0.736673
102	158	0.748672
102	160	0.737758
102	161	0.729817
102	162	0.710472
102	165	0.738561
102	166	0.741311
102	169	0.736095
102	171	0.741543
102	172	0.69535
102	174	0.734063
102	175	0.714656
102	177	0.721326
102	178	0.727331
102	180	0.708886
103	21	0.767258
103	50	0.731578
103	73	0.759991
103	76	0.703269
103	77	0.742639
103	89	0.725862
103	95	0.724063
103	96	0.727652
103	98	0.721747
103	107	0.750101
103	108	0.747862
103	109	0.713707
103	115	0.74271
103	116	4.30447
103	121	0.732042
103	123	0.728217
103	138	0.643027
103	159	0.765714
103	163	2.79949
103	164	0.759077
103	165	3.10133
103	174	3.80984
104	64	3.28595
104	97	3.31268
104	116	0.695485
104	136	0.728208
104	143	0.714853
104	153	0.716215
104	160	0.698052
104	162	0.670766
104	163	0.697082
104	164	0.794869
104	165	0.698855
104	167	0.704242
104	168	0.662609
104	169	0.696389
104	171	0.701837
104	173	0.698741
104	174	0.694358
104	175	0.674951
104	177	0.681621
104	178	0.687626
104	179	0.67747
104	180	0.66918
105	29	3.18139
105	65	3.67774
105	69	1.94087
105	93	0.688077
105	116	0.687718
105	122	0.723952
105	129	0.732487
105	131	0.757053
105	141	0.764357
105	156	0.702411
105	161	0.682343
105	169	0.688621
105	171	0.694069
105	172	0.647876
105	173	0.690973
105	174	0.68659
105	175	0.667183
105	176	0.695203
105	177	0.673853
105	178	0.679858
105	179	0.669702
105	180	0.661412
106	41	0.648987
106	62	0.684542
106	73	8.8
106	93	0.62414
106	112	0.589395
106	119	0.699199
106	127	0.620402
106	139	0.638658
106	141	0.70042
106	144	0.609112
106	147	0.640812
106	155	0.625262
106	167	0.632537
106	168	0.590904
106	171	0.630132
106	172	0.583939
106	173	0.627036
106	174	0.622653
106	175	0.603245
106	177	0.609916
106	178	0.615921
106	180	0.597475
107	21	0.801692
107	50	0.766012
107	76	0.737703
107	77	0.777073
107	86	0.773465
107	89	0.760296
107	95	0.758497
107	96	0.762086
107	98	0.75618
107	103	0.750101
107	108	0.782296
107	109	0.748141
107	121	0.766476
107	123	0.762651
107	136	2.58451
107	140	0.712464
107	143	3.00361
107	150	0.779874
107	152	2.73992
107	153	2.74931
107	159	0.800148
107	164	0.793511
107	178	4.48947
108	21	0.799454
108	73	0.792187
108	77	0.774834
108	86	0.771226
108	89	0.758058
108	95	0.756259
108	96	0.759848
108	98	0.753942
108	103	0.747862
108	107	0.782296
108	109	0.745902
108	115	0.774906
108	121	0.764238
108	122	3.01499
108	123	0.760413
108	138	0.675222
108	142	1.36615
108	149	3.04781
108	150	0.777636
108	152	2.45626
108	159	0.79791
108	164	0.791272
108	180	5.72481
109	21	0.765298
109	73	0.758031
109	76	0.701309
109	77	0.740678
109	86	0.73707
109	88	0.683002
109	89	0.723902
109	95	0.722103
109	98	0.719786
109	103	0.713707
109	107	0.748141
109	108	0.745902
109	112	0.656497
109	115	0.74075
109	121	0.730082
109	123	0.726257
109	139	3.17632
109	140	0.67607
109	150	0.74348
109	155	3.58129
109	160	3.25613
109	164	0.757117
109	166	4.22913
110	26	2.53108
110	42	1.28141
110	63	0.740689
110	64	0.739889
110	68	0.73919
110	70	0.784759
110	71	0.784282
110	72	0.715341
110	83	0.742758
110	84	1.63781
110	87	0.73489
110	90	0.728785
110	93	0.702149
110	100	0.729578
110	123	2.57658
110	141	0.778429
110	163	0.703386
110	166	0.707909
110	170	0.679008
110	174	0.700661
110	176	0.709275
110	177	0.687924
110	180	0.675484
111	91	0.632406
111	96	8.4
111	124	0.665717
111	139	0.646436
111	144	0.61689
111	147	0.64859
111	149	0.648317
111	152	0.632386
111	158	0.645039
111	161	0.626184
111	167	0.640315
111	168	0.598682
111	169	0.632462
111	171	0.63791
111	172	0.591717
111	173	0.634814
111	174	0.630431
111	175	0.611024
111	177	0.617694
111	178	0.623699
111	180	0.605253
112	23	0.725474
112	29	0.698901
112	35	0.697547
112	37	0.696245
112	60	4.79917
112	68	4.80083
112	76	0.64606
112	91	0.63648
112	106	0.589395
112	109	0.656497
112	114	0.612605
112	115	0.685501
112	121	0.674833
112	123	0.671008
112	142	0.670249
112	148	0.63636
112	157	0.634785
112	164	0.701867
112	173	0.638888
112	174	0.634505
112	175	0.615098
112	177	0.621768
112	178	0.627773
112	180	0.609328
113	71	2.18635
113	80	0.664598
113	88	2.55163
113	90	1.97703
113	93	0.720663
113	99	0.791132
113	143	0.739671
113	149	0.737063
113	152	0.721131
113	153	0.741033
113	154	1.65439
113	155	0.721785
113	156	0.734997
113	161	0.714929
113	166	0.726424
113	167	0.72906
113	170	0.697522
113	172	0.680462
113	173	0.723559
113	174	0.719176
113	175	0.699769
113	177	0.706439
113	178	0.712444
113	180	0.693998
114	81	5.32633
114	99	0.717819
114	112	0.612605
114	115	3.33302
114	122	0.683224
114	131	0.716326
114	136	0.679712
114	138	0.597174
114	141	0.72363
114	149	0.663749
114	158	0.660471
114	165	0.650359
114	166	0.65311
114	167	0.655746
114	168	0.614114
114	169	0.647894
114	170	0.624209
114	171	0.653341
114	172	0.607148
114	173	0.650245
114	174	0.645862
114	175	0.626455
114	177	0.633125
114	178	0.63913
114	180	0.620685
115	21	0.794302
115	50	0.758621
115	73	0.787034
115	76	0.730313
115	77	0.769682
115	86	0.766074
115	88	0.712006
115	89	0.752905
115	96	0.754696
115	98	0.74879
115	103	0.74271
115	108	0.774906
115	109	0.74075
115	112	0.685501
115	114	3.33302
115	121	0.759086
115	123	0.755261
115	138	0.67007
115	140	0.705074
115	149	2.07546
115	159	0.792758
115	164	0.78612
115	165	1.79342
115	168	6.05846
115	176	2.01789
116	75	0.762496
116	78	0.709086
116	96	1.65864
116	103	4.30447
116	104	0.695485
116	105	0.687718
116	120	0.707201
116	129	0.714787
116	131	0.739354
116	153	0.690747
116	161	0.664643
116	163	0.671615
116	164	2.63038
116	165	0.673387
116	166	0.676138
116	167	0.678774
116	168	0.637142
116	169	0.670922
116	170	0.647237
116	173	0.673273
116	174	0.66889
116	175	0.649483
116	177	0.656153
116	178	0.662158
116	180	0.643712
117	18	0.730109
117	23	0.743181
117	29	0.716608
117	35	0.715255
117	37	0.713952
117	49	0.705114
117	61	3.23025
117	63	0.69224
117	64	0.69144
117	68	0.690741
117	70	0.73631
117	71	0.735833
117	87	3.93146
117	93	0.6537
117	134	0.666459
117	143	0.672708
117	145	0.595365
117	148	0.654067
117	160	0.655907
117	164	1.43178
117	166	0.65946
117	170	0.630559
117	173	0.656596
117	178	0.645481
117	180	0.627035
118	36	2.5229
118	54	2.92545
118	76	2.77404
118	91	0.718893
118	131	0.787382
118	147	0.735077
118	156	0.732739
118	158	0.731526
118	159	0.0120612
118	160	0.720612
118	161	0.712671
118	165	0.721415
118	166	0.724166
118	167	0.726802
118	168	0.68517
118	169	0.71895
118	171	0.724397
118	172	0.678204
118	174	0.716918
118	175	0.697511
118	176	0.725531
118	177	0.704181
118	178	0.710186
118	180	0.69174
119	17	1.89524
119	22	1.13857
119	57	2.09536
119	62	0.806198
119	77	2.4118
119	94	0.768872
119	97	2.45903
119	106	0.699199
119	131	0.814773
119	132	0.810809
119	136	0.778159
119	152	0.746264
119	165	0.748806
119	166	0.751557
119	167	0.754193
119	168	0.712561
119	171	0.751788
119	172	0.705595
119	173	0.748692
119	174	0.744309
119	175	0.724902
119	177	0.731572
119	178	0.737577
119	179	0.727422
119	180	0.719131
120	18	1.71791
120	62	0.767963
120	97	2.87512
120	116	0.707201
120	130	0.704771
120	131	0.776537
120	132	0.772574
120	138	0.657385
120	143	0.726569
120	147	0.724233
120	150	1.52386
120	152	0.708028
120	153	0.72793
120	154	1.42192
120	160	0.709768
120	165	0.710571
120	167	0.715958
120	168	0.674325
120	169	0.708105
120	171	0.713553
120	173	0.710457
120	174	0.706074
120	175	0.686666
120	178	0.699341
120	180	0.680896
121	21	0.783634
121	73	0.776366
121	77	0.759014
121	86	0.755406
121	88	0.701338
121	89	0.742237
121	95	0.740439
121	96	0.744028
121	98	0.738122
121	103	0.732042
121	107	0.766476
121	108	0.764238
121	109	0.730082
121	112	0.674833
121	115	0.759086
121	123	0.744593
121	131	1.80948
121	133	6.30278
121	138	0.659402
121	140	0.694406
121	141	1.30848
121	150	0.761815
121	157	2.9866
121	159	0.78209
121	164	0.775452
121	175	5.01426
122	8	2.82342
122	18	3.03707
122	59	1.92452
122	105	0.723952
122	108	3.01499
122	114	0.683224
122	127	0.702874
122	129	0.751021
122	140	0.69144
122	152	0.707079
122	155	0.707733
122	156	0.720946
122	158	0.719733
122	160	0.708819
122	161	0.700877
122	165	0.709621
122	166	0.712372
122	167	0.715008
122	168	0.673376
122	169	0.707156
122	171	0.712603
122	172	0.66641
122	174	0.705124
122	175	0.685717
122	177	0.692387
122	178	0.698392
122	180	0.679947
123	21	0.779809
123	50	0.744128
123	73	0.772541
123	76	0.71582
123	77	0.755189
123	86	0.751581
123	88	0.697513
123	89	0.738413
123	95	0.736614
123	96	0.740203
123	98	0.734297
123	103	0.728217
123	107	0.762651
123	108	0.760413
123	109	0.726257
123	110	2.57658
123	112	0.671008
123	115	0.755261
123	121	0.744593
123	138	0.655577
123	140	0.690581
123	141	2.89354
123	142	2.61783
123	150	0.757991
123	156	3.92563
123	163	3.71561
123	164	0.771627
124	4	3.00509
124	14	3.2782
124	44	2.05931
124	93	0.704536
124	98	2.8574
124	111	0.665717
124	127	0.700798
124	132	0.769549
124	133	0.671537
124	134	0.717295
124	136	0.736899
124	138	0.654361
124	148	0.704903
124	149	0.720936
124	151	0.682335
124	156	0.71887
124	158	0.717657
124	167	0.712933
124	168	0.671301
124	169	0.70508
124	171	0.710528
124	172	0.664335
124	173	0.707432
124	174	0.703049
124	175	0.683642
124	177	0.690312
124	178	0.696317
124	180	0.677871
125	15	4.20566
125	32	0.661154
125	37	3.11005
125	45	4.28429
125	49	0.704785
125	63	0.691911
125	64	0.691111
125	68	0.690412
125	70	0.735981
125	71	0.735504
125	72	0.666563
125	83	0.69398
125	87	0.686113
125	90	0.680007
125	97	0.682242
125	100	0.6808
125	127	0.649633
125	138	0.603195
125	145	0.595036
125	146	0.666469
125	158	0.666492
125	164	0.719246
125	166	0.659131
125	169	0.653915
125	170	0.63023
125	172	0.61317
125	173	0.656267
125	177	0.639146
125	180	0.626706
126	18	0.722022
126	23	0.735095
126	29	0.708522
126	32	0.653397
126	35	0.707168
126	37	0.705865
126	49	0.697027
126	63	0.684154
126	64	0.683353
126	68	0.682655
126	69	1.98162
126	70	0.728223
126	71	0.727747
126	90	4.15521
126	93	0.645613
126	128	0.665724
126	133	0.612614
126	142	0.67987
126	148	0.645981
126	149	0.662013
126	154	3.83257
126	167	0.65401
126	170	0.622472
126	171	0.651605
126	175	0.624719
126	177	0.631389
126	178	0.637394
126	180	0.618948
127	6	4.22393
127	40	3.18128
127	101	4.19479
127	106	0.620402
127	122	0.702874
127	124	0.700798
127	125	0.649633
127	131	0.735975
127	134	0.679758
127	136	0.699362
127	142	0.701256
127	144	0.651971
127	146	0.680098
127	147	0.683671
127	153	0.687369
127	157	0.665792
127	160	0.669206
127	162	0.64192
127	165	0.670009
127	167	0.675396
127	168	0.633764
127	169	0.667543
127	172	0.626798
127	173	0.669895
127	174	0.665512
127	175	0.646105
127	177	0.652775
127	178	0.65878
127	180	0.640334
128	18	0.767257
128	23	0.78033
128	29	0.753757
128	31	1.96416
128	35	0.752403
128	37	0.7511
128	43	0.733943
128	45	0.737537
128	46	2.23422
128	47	0.732309
128	52	0.794126
128	59	0.71358
128	64	2.93753
128	65	2.86749
128	74	0.758928
128	101	1.99661
128	126	0.665724
128	131	0.759824
128	142	0.725104
128	148	0.691215
128	157	0.689641
128	164	0.756723
128	167	0.699245
128	168	0.657612
128	172	0.650647
128	173	0.693744
128	175	0.669954
128	176	0.697974
128	178	0.682629
128	180	0.664183
129	10	3.22761
129	45	1.91445
129	78	0.753855
129	84	2.49665
129	85	1.39163
129	89	2.96966
129	105	0.732487
129	116	0.714787
129	122	0.751021
129	132	0.78016
129	133	0.682147
129	144	0.700119
129	146	0.728245
129	147	0.731819
129	149	0.731546
129	152	0.715614
129	155	0.716269
129	156	0.729481
129	158	0.728268
129	160	0.717354
129	161	0.709413
129	167	0.723544
129	171	0.721139
129	173	0.718043
129	174	0.71366
129	175	0.694252
129	177	0.700923
129	178	0.706927
129	179	0.696772
129	180	0.688482
130	23	4.00655
130	41	0.692795
130	60	4.1576
130	62	0.728349
130	80	0.611882
130	95	3.43585
130	120	0.704771
130	133	0.634948
130	134	0.680706
130	136	0.70031
130	139	0.682466
130	141	0.744227
130	144	0.652919
130	146	0.681046
130	152	0.668415
130	155	0.669069
130	156	0.682281
130	160	0.670154
130	161	0.662213
130	166	0.673708
130	168	0.634712
130	169	0.668491
130	172	0.627746
130	173	0.670843
130	175	0.647053
130	177	0.653723
130	178	0.659728
130	179	0.649572
130	180	0.641282
131	11	1.64753
131	28	2.44165
131	41	0.764561
131	52	1.83084
131	105	0.757053
131	114	0.716326
131	116	0.739354
131	118	0.787382
131	119	0.814773
131	120	0.776537
131	121	1.80948
131	127	0.735975
131	128	0.759824
131	143	0.758721
131	146	0.752812
131	147	0.756385
131	149	0.756113
131	153	0.760083
131	158	0.752834
131	159	0.694107
131	160	0.74192
131	161	0.733979
131	164	0.804337
131	165	0.742723
131	168	0.706478
131	169	0.740257
131	173	0.742609
131	174	0.738226
131	178	0.731494
131	180	0.713048
132	34	1.4141
132	36	2.22843
132	43	2.08284
132	70	2.15981
132	79	0.77753
132	81	2.18732
132	87	2.3275
132	119	0.810809
132	120	0.772574
132	124	0.769549
132	129	0.78016
132	133	0.70275
132	134	0.748509
132	144	0.720722
132	147	0.752422
132	149	0.752149
132	152	0.736217
132	153	0.756119
132	156	0.750084
132	158	0.748871
132	160	0.737957
132	165	0.73876
132	166	0.74151
132	169	0.736294
132	171	0.741742
132	172	0.695549
132	174	0.734263
132	175	0.714855
132	177	0.721526
132	178	0.72753
132	180	0.709085
133	62	0.698139
133	67	0.654486
133	80	0.581672
133	94	0.660813
133	95	5.69722
133	121	6.30278
133	124	0.671537
133	126	0.612614
133	129	0.682147
133	130	0.634948
133	132	0.70275
133	136	0.6701
133	140	0.622566
133	143	0.656746
133	147	0.65441
133	148	0.638105
133	155	0.63886
133	156	0.652072
133	161	0.632004
133	165	0.640748
133	167	0.646135
133	168	0.604502
133	169	0.638282
133	171	0.64373
133	172	0.597537
133	173	0.640633
133	176	0.644864
133	177	0.623513
133	179	0.619363
133	180	0.611073
134	33	2.51206
134	38	3.56034
134	49	1.63418
134	75	0.775614
134	78	0.722204
134	87	4.69343
134	91	0.683984
134	117	0.666459
134	124	0.717295
134	127	0.679758
134	130	0.680706
134	132	0.748509
134	135	0.656628
134	138	0.63332
134	141	0.759776
134	152	0.683963
134	153	0.703865
134	156	0.69783
134	165	0.686506
134	166	0.689256
134	167	0.691893
134	168	0.65026
134	169	0.68404
134	171	0.689488
134	172	0.643295
134	173	0.686392
134	174	0.682009
134	175	0.662601
134	178	0.675276
134	179	0.665121
134	180	0.656831
135	22	5.13319
135	78	0.682577
135	79	0.685649
135	99	0.714338
135	134	0.656628
135	136	0.676232
135	138	0.593694
135	139	0.658387
135	140	0.628698
135	144	0.628841
135	145	0.585535
135	152	0.644337
135	153	0.664239
135	155	0.644991
135	158	0.65699
135	159	5.50127
135	160	0.646076
135	162	0.61879
135	165	0.646879
135	167	0.652266
135	168	0.610633
135	169	0.644413
135	170	0.620728
135	171	0.649861
135	172	0.603668
135	174	0.642382
135	177	0.629645
135	178	0.63565
135	179	0.625494
135	180	0.617204
136	1	1.67811
136	56	2.31579
136	98	3.26213
136	104	0.728208
136	107	2.58451
136	114	0.679712
136	119	0.778159
136	124	0.736899
136	127	0.699362
136	130	0.70031
136	133	0.6701
136	135	0.676232
136	141	0.77938
136	143	0.722108
136	147	0.719772
136	150	2.12888
136	153	0.723469
136	155	0.704222
136	158	0.716221
136	160	0.705307
136	165	0.70611
136	166	0.70886
136	167	0.711497
136	168	0.669864
136	169	0.703644
136	171	0.709092
136	172	0.662899
136	174	0.701613
136	175	0.682205
136	176	0.710226
136	177	0.688876
136	178	0.69488
136	180	0.676435
137	9	3.25948
137	23	1.19819
137	39	2.15882
137	43	0.787314
137	45	0.790908
137	47	0.78568
137	48	1.70213
137	59	0.766951
137	70	1.45985
137	72	0.757412
137	74	0.812299
137	77	1.59844
137	83	0.784828
137	90	0.770856
137	97	0.773091
137	100	0.771648
137	101	0.877957
137	146	0.757318
137	147	0.760891
137	150	0.796457
137	151	0.722018
137	153	0.764589
137	154	0.192476
137	163	0.745456
137	164	0.810094
137	165	0.747229
