1	136	0.915507
1	137	0.895011
1	138	0.882571
1	139	0.887881
1	140	0.897156
1	145	0.886617
1	146	1.22784
1	150	1.17634
1	160	1.21663
1	176	1.18444
1	178	0.891669
1	180	0.943587
2	47	0.809673
2	72	1.14567
2	88	0.982246
2	117	0.853734
2	136	0.921289
2	138	0.888353
2	140	0.902938
2	145	0.892399
2	157	1.25588
2	168	1.22904
2	169	1.17463
2	180	0.949368
3	60	0.916458
3	62	0.877952
3	121	0.918554
3	126	0.926591
3	135	0.907717
3	144	0.872841
3	148	0.887894
3	150	1.19322
3	151	0.891994
3	155	1.18676
3	160	1.23351
3	178	1.19176
4	30	0.992366
4	47	1.09622
4	62	1.01895
4	82	0.878424
4	88	0.843737
4	140	0.982586
4	142	1.03792
4	147	1.00617
4	151	1.03299
4	171	1.05188
4	175	1.04328
4	179	1.00881
5	23	0.882945
5	62	0.869546
5	81	0.991667
5	121	0.910148
5	126	0.918185
5	130	1.20747
5	144	0.864434
5	148	0.879488
5	151	0.883588
5	152	1.18562
5	171	1.20301
5	176	1.20914
6	67	0.967706
6	71	0.976602
6	110	1.05233
6	124	0.904763
6	134	1.04522
6	143	0.940698
6	156	1.04686
6	163	0.988689
6	167	0.95319
6	174	1.01925
6	176	1.02272
6	180	1.08856
7	56	1.00689
7	64	0.958409
7	82	1.09174
7	87	0.994982
7	95	1.00731
7	143	1.07087
7	155	0.942332
7	167	0.916248
7	171	0.950763
7	172	0.971157
7	177	1.06979
7	179	1.02603
8	46	0.921738
8	58	1.02373
8	74	1.04598
8	75	1.05639
8	94	0.972619
8	101	1.03759
8	104	0.997802
8	119	1.06588
8	132	1.00452
8	159	0.92909
8	170	0.990289
8	178	0.960999
9	79	0.994693
9	85	0.977074
9	113	0.905187
9	125	0.943251
9	151	0.973107
9	160	1.02075
9	167	1.05225
9	168	1.00576
9	172	1.03343
9	174	1.03476
9	178	1.04707
9	179	1.00598
10	31	1.14011
10	98	1.31384
10	136	0.91783
10	138	0.884894
10	139	0.890204
10	140	0.899479
10	145	0.88894
10	162	0.878751
10	165	1.15018
10	175	1.1986
10	178	0.893992
10	180	0.94591
11	25	1.12638
11	56	0.997636
11	64	0.949158
11	82	1.08249
11	87	0.985731
11	95	0.998063
11	114	0.93761
11	159	0.938003
11	166	1.01259
11	167	0.938826
11	176	0.979475
11	177	1.06054
12	33	1.26688
12	50	1.163
12	75	1.20372
12	157	0.870578
12	168	0.875917
12	170	0.909815
12	171	0.919211
12	172	0.90359
12	173	0.905361
12	174	0.904918
12	175	0.910609
12	180	1.16135
13	25	1.19265
13	64	1.01543
13	82	1.14876
13	87	1.052
13	95	1.06434
13	155	0.857558
13	165	0.849194
13	172	0.886383
13	176	0.872122
13	177	1.12681
13	179	0.941261
14	62	1.0157
14	85	1.00436
14	111	1.0685
14	135	1.04546
14	144	1.01059
14	148	1.02564
14	151	1.02974
14	159	0.929135
14	168	1.01297
14	171	0.964473
14	175	0.996102
14	177	0.90388
15	43	0.940974
15	60	1.01012
15	86	0.905809
15	140	1.0301
15	155	1.02951
15	165	1.04925
15	166	1.02369
15	171	1.04077
15	173	1.02692
15	175	1.03217
15	179	0.997693
15	180	0.906589
16	58	0.787639
16	78	0.899257
16	79	0.749967
16	80	0.723964
16	90	0.861332
16	123	0.770317
16	138	1.20448
16	145	1.20853
16	168	1.17227
16	169	1.19995
16	177	1.24228
16	179	1.17249
17	38	0.950613
17	61	1.1055
17	66	1.00343
17	83	1.04331
17	100	0.952384
17	107	0.989907
17	146	0.972054
17	159	1.06062
17	166	0.96177
17	175	0.954147
17	176	0.928651
17	177	1.08413
18	78	0.953913
18	96	1.04016
18	120	1.06669
18	125	1.03926
18	141	1.06116
18	143	0.932875
18	147	1.00451
18	161	0.962504
18	171	0.979882
18	173	1.01192
18	176	1.03431
18	177	0.919289
19	38	0.955388
19	42	0.959679
19	83	1.04809
19	86	1.12538
19	100	0.957159
19	153	0.958309
19	159	1.0654
19	164	0.993539
19	165	0.92844
19	166	0.984487
19	177	1.08891
19	178	0.941805
20	51	0.984755
20	56	1.00689
20	64	0.958409
20	82	1.09174
20	87	0.994982
20	95	1.00731
20	143	1.07087
20	159	0.915335
20	161	0.933295
20	177	1.06979
20	178	0.947243
20	179	1.02594
21	39	1.09924
21	56	1.00689
21	64	0.958409
21	82	1.09174
21	87	0.994982
21	95	1.00731
21	143	1.07087
21	155	0.915259
21	161	0.906312
21	162	0.961051
21	163	0.924674
21	177	1.06979
22	41	0.941858
22	79	0.915216
22	91	0.923022
22	97	0.880911
22	113	0.893711
22	141	0.899012
22	142	0.874112
22	152	1.1998
22	169	1.21128
22	172	1.23758
22	176	0.872159
22	177	1.1566
23	5	0.882945
23	48	0.9347
23	81	1.08955
23	106	0.982743
23	116	0.955559
23	126	1.01607
23	144	0.962321
23	148	0.977374
23	151	0.981475
23	153	1.05923
23	160	1.08448
23	168	1.09465
23	177	0.985558
24	40	0.906603
24	46	0.994958
24	90	0.928681
24	110	1.00694
24	112	1.003
24	128	0.934461
24	134	0.999824
24	143	0.990642
24	146	1.08718
24	165	1.02085
24	176	0.977321
24	179	1.11292
24	180	1.04317
25	11	1.12638
25	13	1.19265
25	56	1.07625
25	64	1.02777
25	82	1.16111
25	93	0.960738
25	95	1.07668
25	118	0.854321
25	158	0.862234
25	169	0.828954
25	170	0.860728
25	176	0.841001
25	177	1.13916
26	50	1.03033
26	71	0.923227
26	75	1.00093
26	94	0.917153
26	101	0.982126
26	104	0.942337
26	107	1.06758
26	119	1.01042
26	149	1.03137
26	156	0.993484
26	165	0.983398
26	168	1.04869
26	179	1.07546
27	71	1.0567
27	105	0.850588
27	112	1.1285
27	122	1.10124
27	134	1.12532
27	166	0.887219
27	169	0.842053
27	172	0.868361
27	173	0.88
27	175	0.879596
27	176	1.10282
27	178	1.11675
27	180	1.16867
28	68	1.08487
28	109	0.981178
28	131	1.02811
28	136	0.988912
28	138	0.955976
28	139	0.961286
28	140	0.970561
28	145	0.960022
28	158	1.02276
28	168	1.04389
28	174	1.02694
28	178	0.965074
28	180	1.01699
29	52	0.95837
29	89	0.919681
29	106	0.98541
29	112	0.993237
29	127	0.999073
29	128	0.924695
29	134	0.990058
29	154	1.02943
29	164	1.09712
29	167	1.0143
29	174	1.08036
29	178	0.981485
29	180	1.0334
30	4	0.992366
30	58	0.967613
30	74	0.989861
30	75	1.00027
30	94	0.9165
30	101	0.981473
30	104	0.941684
30	119	1.00977
30	154	0.991458
30	156	0.99283
30	157	1.08618
30	160	1.04917
30	179	1.08612
31	10	1.14011
31	42	1.10565
31	47	1.08784
31	110	0.947658
31	120	0.913462
31	164	0.959718
31	165	1.00141
31	168	0.949628
31	170	0.983526
31	171	0.992922
31	174	0.978629
31	175	0.98432
31	179	0.949848
32	48	1.15503
32	54	1.03087
32	104	1.0474
32	117	1.06689
32	161	0.996675
32	167	0.990622
32	169	0.971807
32	170	0.97803
32	172	0.971805
32	173	0.973576
32	174	0.973133
32	179	0.944351
32	180	0.893394
33	12	1.26688
33	43	1.02821
33	44	0.896614
33	45	1.02821
33	54	0.965915
33	59	0.965915
33	92	0.914727
33	102	0.969273
33	152	0.965703
33	163	0.984073
33	170	1.00895
33	178	0.979659
33	180	1.03113
34	40	0.892053
34	63	1.04038
34	114	1.02085
34	124	0.973636
34	127	0.99429
34	128	0.919911
34	134	0.985274
34	161	1.0392
34	166	1.09583
34	172	1.07697
34	176	0.962771
34	178	0.976701
34	180	1.02862
35	38	1.03222
35	42	1.03651
35	61	1.18711
35	70	0.961443
35	86	1.20221
35	100	1.03399
35	106	0.781213
35	130	0.849087
35	159	1.14223
35	163	0.845604
35	176	0.850754
35	177	1.16574
35	179	0.919893
36	57	0.976755
36	96	0.981331
36	113	0.997029
36	123	0.947229
36	131	1.05817
36	141	1.00233
36	147	0.945683
36	155	1.01702
36	162	0.974166
36	165	1.00865
36	176	0.975477
36	178	1.02202
36	179	1.10072
37	99	0.973125
37	136	0.989585
37	137	0.969089
37	138	0.956649
37	139	0.961959
37	140	0.971234
37	145	0.960695
37	150	1.03975
37	155	1.03329
37	161	1.02434
37	169	1.03581
37	175	1.07335
37	180	1.01766
38	17	0.950613
38	19	0.955388
38	35	1.03222
38	42	0.810569
38	49	0.965927
38	61	0.961166
38	86	0.976271
38	100	0.808049
38	155	1.09197
38	157	1.17573
38	164	1.1487
38	165	1.08361
38	176	1.10653
38	177	0.939799
39	21	1.09924
39	59	1.12004
39	106	0.991073
39	113	1.10634
39	123	1.21619
39	131	0.92439
39	154	0.929892
39	160	0.913331
39	165	0.950124
39	170	0.932243
39	174	0.927346
39	175	0.933037
39	179	0.898564
39	180	1.05311
40	24	0.906603
40	34	0.892053
40	80	0.957959
40	110	0.94696
40	122	0.915764
40	124	1.04654
40	127	0.94886
40	160	1.16781
40	162	1.16684
40	163	1.13047
40	167	1.09497
40	176	0.917341
40	178	0.931271
40	180	0.983189
41	22	0.941858
41	57	1.05904
41	79	1.10082
41	105	0.92076
41	120	1.09015
41	125	1.06271
41	142	1.05971
41	147	1.02797
41	164	0.966443
41	169	0.912225
41	170	0.944
41	175	0.949768
41	176	1.05776
41	178	0.914709
42	19	0.959679
42	31	1.10565
42	35	1.03651
42	38	0.810569
42	49	0.970217
42	61	0.965456
42	86	0.980561
42	100	0.812339
42	153	1.14558
42	156	1.09838
42	159	0.920579
42	169	1.1266
42	177	0.94409
42	178	1.12908
43	15	0.940974
43	33	1.02821
43	44	0.982328
43	45	1.11393
43	54	1.05163
43	59	1.05163
43	92	1.00044
43	102	1.05499
43	131	0.944664
43	156	0.877813
43	160	0.95027
43	162	0.949304
43	175	0.943573
43	180	1.11684
44	33	0.896614
44	43	0.982328
44	45	0.982328
44	54	0.920029
44	59	0.920029
44	83	0.921201
44	92	0.868841
44	102	0.923387
44	132	1.14737
44	133	1.12211
44	158	1.13464
44	168	1.15577
44	177	1.04668
44	180	0.985242
45	33	1.02821
45	43	1.11393
45	44	0.982328
45	54	1.05163
45	59	1.05163
45	92	1.00044
45	102	1.05499
45	162	0.943349
45	164	0.954292
45	168	0.954482
45	171	0.905989
45	175	0.937617
45	176	0.912122
45	180	1.11684
46	8	0.921738
46	24	0.994958
46	76	0.924549
46	96	0.95618
46	115	0.845391
46	145	0.951825
46	146	1.03302
46	158	1.06329
46	168	1.02732
46	169	1.05499
46	170	1.06122
46	171	1.07061
46	175	1.06201
46	179	1.02754
47	2	0.809673
47	4	1.09622
47	31	1.08784
47	68	1.20418
47	88	1.01294
47	109	0.944246
47	136	0.95198
47	137	0.931484
47	140	0.933629
47	145	0.92309
47	156	1.08057
47	162	0.912901
47	172	1.13509
47	180	0.98006
48	23	0.9347
48	32	1.15503
48	73	0.868852
48	76	0.991624
48	108	0.880602
48	111	0.9741
48	124	1.05625
48	129	0.96735
48	144	0.916189
48	148	0.931242
48	149	1.17037
48	151	0.935342
48	154	1.1198
48	159	1.10385
49	38	0.965927
49	42	0.970217
49	61	1.12081
49	86	1.13592
49	98	1.06404
49	100	0.967697
49	107	0.966905
49	114	0.863784
49	159	1.07594
49	170	0.925376
49	173	0.931549
49	174	0.931057
49	177	1.09945
49	180	0.986653
50	12	1.163
50	26	1.03033
50	58	1.04797
50	74	1.07022
50	75	1.08063
50	94	0.996858
50	101	1.06183
50	104	1.02204
50	105	0.881834
50	119	1.09012
50	130	0.883679
50	161	0.861834
50	162	0.916573
50	172	0.899606
51	20	0.984755
51	76	1.00132
51	89	1.10686
51	134	0.976246
51	136	1.01276
51	161	1.02141
51	166	0.995086
51	167	1.01536
51	170	1.00277
51	172	0.996542
51	173	0.998314
51	174	0.99787
51	175	1.00356
51	179	0.969088
51	180	0.91164
52	29	0.95837
52	55	0.986118
52	63	1.05648
52	80	1.01949
52	90	0.930235
52	127	1.01039
52	134	1.00138
52	157	1.06434
52	158	1.01637
52	165	0.972213
52	168	1.0375
52	171	0.989007
52	177	0.928414
52	178	0.992805
52	180	1.04472
53	99	1.00524
53	109	1.01397
53	114	0.974608
53	117	0.954146
53	138	0.988765
53	139	0.994075
53	140	1.00335
53	143	0.963333
53	145	0.992811
53	149	1.04151
53	161	0.992962
53	177	0.949747
53	178	0.997863
53	179	1.08561
53	180	1.04978
54	32	1.03087
54	33	0.965915
54	43	1.05163
54	44	0.920029
54	45	1.05163
54	59	0.989331
54	92	0.938143
54	102	0.992688
54	106	0.951626
54	124	1.03609
54	143	0.968028
54	156	0.980903
54	168	1.06353
54	178	1.0116
54	180	1.05454
55	52	0.986118
55	80	1.03592
55	90	0.946662
55	114	0.952247
55	122	0.993726
55	128	0.952443
55	154	0.968589
55	156	1.01944
55	160	1.0263
55	166	1.02723
55	170	1.01384
55	175	1.01961
55	176	0.995302
55	178	1.00923
55	180	1.06115
56	7	1.00689
56	11	0.997636
56	20	1.00689
56	21	1.00689
56	25	1.07625
56	87	0.935604
56	95	0.947936
56	106	0.925146
56	143	1.0115
56	153	1.00163
56	162	1.02591
56	170	1.01441
56	173	1.02059
56	175	1.02018
56	177	1.01041
57	36	0.976755
57	41	1.05904
57	97	0.99809
57	120	1.02173
57	141	1.01619
57	142	0.991291
57	147	0.959545
57	156	0.964513
57	158	1.02601
57	160	1.03697
57	162	0.988027
57	168	1.04714
57	176	0.989338
57	177	0.938051
57	178	0.995214
58	8	1.02373
58	16	0.787639
58	30	0.967613
58	50	1.04797
58	74	1.00816
58	75	1.01857
58	94	0.934795
58	104	0.959979
58	119	1.02806
58	143	1.01096
58	154	1.03858
58	155	1.04953
58	156	1.01113
58	159	1.02263
58	166	1.09722
59	33	0.965915
59	39	1.12004
59	43	1.05163
59	44	0.920029
59	45	1.05163
59	54	0.989331
59	71	1.05442
59	92	0.938143
59	102	0.992688
59	124	1.03609
59	131	0.977208
59	152	0.927102
59	153	0.957561
59	170	0.970348
59	180	1.05454
60	3	0.916458
60	15	1.01012
60	108	0.951841
60	121	1.03314
60	126	1.04118
60	129	1.03859
60	135	1.0223
60	144	0.987428
60	148	1.00248
60	151	1.00658
60	152	0.963706
60	154	0.961703
60	172	1.00149
60	173	1.01313
60	179	1.05636
61	17	1.1055
61	35	1.18711
61	38	0.961166
61	42	0.965456
61	49	1.12081
61	86	1.13116
61	100	0.962936
61	133	0.908442
61	159	1.07118
61	163	0.894593
61	168	0.942104
61	170	0.91947
61	171	0.89361
61	173	0.925643
61	175	0.925239
61	177	1.09469
62	3	0.877952
62	4	1.01895
62	5	0.869546
62	14	1.0157
62	116	0.942159
62	121	0.994635
62	129	1.00008
62	131	1.08781
62	133	1.06992
62	144	0.948922
62	146	1.10463
62	148	0.963975
62	151	0.968075
62	165	1.0383
62	167	1.02058
62	174	1.08663
63	34	1.04038
63	52	1.05648
63	67	1.01066
63	80	1.10629
63	103	1.08771
63	105	0.881955
63	122	1.06409
63	128	1.02281
63	134	1.08817
63	149	0.910509
63	167	0.844819
63	174	0.910876
63	177	0.818741
63	178	1.0796
63	179	0.954606
63	180	1.13152
64	7	0.958409
64	11	0.949158
64	13	1.01543
64	20	0.958409
64	21	0.958409
64	25	1.02777
64	68	1.12172
64	82	0.983887
64	87	0.887126
64	93	1.15811
64	95	0.899458
64	114	0.996504
64	173	1.06427
64	176	1.03837
64	177	0.961937
64	178	1.02881
65	99	0.878736
65	117	0.827641
65	136	0.895195
65	137	0.8747
65	138	0.86226
65	139	0.86757
65	140	0.876845
65	145	0.866306
65	150	1.29048
65	154	1.27306
65	162	0.856116
65	167	1.25793
65	169	1.28653
65	176	1.29858
65	178	0.871357
65	180	0.923275
66	17	1.00343
66	72	1.00953
66	75	0.981574
66	100	0.860869
66	101	0.962773
66	104	0.922984
66	119	0.991065
66	129	0.979025
66	135	0.96274
66	148	0.942917
66	168	1.0929
66	171	1.04441
66	173	1.07644
66	176	1.05054
66	177	0.992619
66	180	1.13155
67	6	0.967706
67	63	1.01066
67	80	0.973667
67	112	0.958732
67	127	0.964568
67	128	0.89019
67	134	0.955552
67	169	1.04286
67	170	1.07464
67	171	1.04877
67	173	1.08081
67	174	1.08032
67	175	1.0804
67	176	0.933049
67	178	0.946979
67	180	0.998897
68	28	1.08487
68	47	1.20418
68	64	1.12172
68	88	0.951698
68	127	1.06676
68	164	0.94239
68	168	0.932301
68	169	0.959976
68	170	0.966199
68	171	0.975594
68	172	0.959973
68	173	0.961745
68	175	0.966992
68	177	1.00231
68	179	0.93252
68	180	0.967038
69	85	1.07987
69	92	1.14754
69	129	1.04656
69	138	1.05403
69	147	1.10949
69	160	0.950871
69	164	0.945975
69	165	0.987665
69	166	0.962102
69	167	0.982375
69	168	0.935885
69	172	0.963558
69	174	0.964886
69	175	0.970577
69	179	0.936105
69	180	0.954758
70	35	0.961443
70	81	1.05371
70	92	0.898052
70	102	0.952597
70	112	1.0904
70	115	1.0049
70	117	1.16787
70	137	1.09335
70	141	1.07533
70	148	0.941533
70	151	0.945633
70	165	0.973005
70	169	0.948901
70	173	0.95067
70	179	0.921445
70	180	1.01445
71	6	0.976602
71	26	0.923227
71	27	1.0567
71	59	1.05442
71	101	0.954729
71	113	1.04072
71	115	0.998016
71	116	1.16312
71	119	0.983021
71	120	1.05026
71	128	0.899085
71	138	1.08676
71	152	0.959326
71	167	0.961056
71	169	0.942241
71	173	0.94401
72	2	1.14567
72	66	1.00953
72	80	0.95941
72	102	0.944329
72	109	0.938339
72	147	0.997406
72	166	1.00206
72	168	0.975842
72	169	1.00352
72	170	1.00974
72	171	1.01914
72	172	1.00351
72	173	1.00529
72	174	1.00484
72	179	0.976061
73	48	0.868852
73	76	0.971908
73	111	0.954384
73	116	0.889711
73	126	0.950224
73	129	0.947634
73	135	0.93135
73	143	0.96231
73	144	0.896473
73	148	0.911527
73	151	0.915627
73	153	1.12964
73	162	1.15393
73	164	1.16487
73	165	1.09977
73	172	1.13696
73	176	1.1227
74	8	1.04598
74	30	0.989861
74	50	1.07022
74	58	1.00816
74	75	1.04082
74	94	0.957043
74	101	1.02202
74	104	0.982227
74	119	1.05031
74	150	0.976314
74	153	0.991355
74	156	1.03337
74	163	0.979265
74	165	0.961486
74	172	0.998675
74	176	0.984415
74	177	0.917688
75	8	1.05639
75	12	1.20372
75	26	1.00093
75	30	1.00027
75	50	1.08063
75	58	1.01857
75	66	0.981574
75	74	1.04082
75	94	0.967456
75	104	0.992639
75	119	1.06072
75	160	0.958253
75	161	0.902549
75	170	0.945788
75	171	0.919927
75	175	0.951556
75	176	0.926061
76	46	0.924549
76	48	0.991624
76	51	1.00132
76	73	0.971908
76	85	1.01302
76	107	1.03463
76	108	0.983658
76	116	1.01248
76	121	1.06496
76	129	1.07041
76	131	0.99996
76	144	1.01925
76	148	1.0343
76	151	1.0384
76	153	0.980314
76	156	0.933109
76	167	0.932725
77	78	0.930781
77	79	1.05423
77	97	1.01993
77	113	1.03273
77	115	1.08338
77	118	0.982011
77	125	1.01612
77	141	1.03803
77	142	1.01313
77	147	0.981381
77	157	1.03789
77	159	1.03029
77	167	0.928042
77	169	0.956644
77	171	0.962558
77	172	0.982951
77	178	0.959128
78	16	0.899257
78	18	0.953913
78	77	0.930781
78	79	0.950723
78	83	0.909474
78	114	1.13385
78	115	0.979871
78	120	0.940054
78	141	0.934519
78	142	0.909619
78	143	1.12258
78	147	0.877873
78	153	0.906819
78	162	0.906355
78	172	1.18998
78	173	1.20162
78	180	1.25672
79	9	0.994693
79	16	0.749967
79	22	0.915216
79	41	1.10082
79	77	1.05423
79	78	0.950723
79	113	1.05267
79	123	1.00287
79	141	1.05797
79	142	1.03307
79	143	0.973286
79	147	1.00132
79	155	1.01186
79	163	1.02128
79	165	1.0035
79	175	1.05192
79	176	1.03112
80	16	0.723964
80	40	0.957959
80	52	1.01949
80	55	1.03592
80	63	1.10629
80	67	0.973667
80	72	0.95941
80	89	0.980803
80	127	1.0602
80	128	0.985817
80	134	1.05118
80	162	1.03165
80	163	0.995274
80	164	1.04259
80	166	1.03354
80	170	1.02015
80	176	1.02868
81	5	0.991667
81	23	1.08955
81	70	1.05371
81	85	1.06482
81	103	1.07235
81	126	1.12479
81	129	1.1222
81	132	0.904056
81	135	1.10592
81	144	1.07104
81	148	1.0861
81	149	0.895141
81	151	1.0902
81	162	0.901327
81	164	0.91227
81	169	0.858052
81	171	0.863966
81	177	0.803373
82	4	0.878424
82	7	1.09174
82	11	1.08249
82	13	1.14876
82	20	1.09174
82	21	1.09174
82	25	1.16111
82	64	0.983887
82	87	1.02046
82	95	1.03279
82	124	0.813964
82	130	0.901373
82	158	0.924272
82	165	0.880111
82	168	0.9454
82	177	1.09527
82	178	0.893476
82	179	0.972178
83	17	1.04331
83	19	1.04809
83	44	0.921201
83	78	0.909474
83	92	0.939314
83	96	0.995722
83	100	0.900747
83	102	0.99386
83	143	0.970106
83	147	0.960074
83	157	1.09244
83	160	1.05544
83	169	1.0112
83	171	1.01711
83	173	1.04915
83	177	1.0325
83	178	1.01368
83	180	1.05571
84	99	0.985494
84	109	0.994219
84	117	0.934398
84	131	1.05136
84	132	1.05873
84	136	1.00195
84	137	0.981457
84	139	0.974327
84	140	0.983603
84	143	0.971635
84	145	0.973063
84	152	1.00126
84	153	0.963337
84	163	1.01963
84	169	1.01273
84	178	0.978115
84	179	1.09391
84	180	1.03003
85	9	0.977074
85	14	1.00436
85	69	1.07987
85	76	1.01302
85	81	1.06482
85	111	0.995497
85	116	0.930824
85	121	0.9833
85	129	0.988747
85	135	0.972462
85	144	0.937586
85	148	0.952639
85	151	0.95674
85	157	1.07801
85	158	1.03004
85	159	0.967335
85	162	1.04003
85	174	1.03421
86	15	0.905809
86	19	1.12538
86	35	1.20221
86	38	0.976271
86	42	0.980561
86	49	1.13592
86	61	1.13116
86	93	1.00265
86	98	1.07438
86	100	0.978041
86	143	0.829772
86	150	0.874812
86	153	0.889853
86	159	1.08628
86	160	0.915105
86	174	0.908321
86	176	0.882913
86	177	1.10979
87	7	0.994982
87	11	0.985731
87	13	1.052
87	20	0.994982
87	21	0.994982
87	56	0.935604
87	64	0.887126
87	82	1.02046
87	95	0.936031
87	124	0.958374
87	133	1.05615
87	143	0.999591
87	167	1.0068
87	169	1.0354
87	170	1.06718
87	176	1.04745
87	177	0.998509
87	178	1.03789
88	2	0.982246
88	4	0.843737
88	47	1.01294
88	68	0.951698
88	117	1.057
88	118	0.881672
88	137	1.10406
88	138	1.09162
88	139	1.09693
88	140	1.1062
88	145	1.09566
88	146	0.911755
88	149	0.893394
88	173	0.894252
88	175	0.893848
88	178	1.10072
88	179	0.937491
88	180	1.15263
89	29	0.919681
89	51	1.10686
89	80	0.980803
89	90	0.891545
89	110	0.969804
89	112	0.965868
89	122	0.938609
89	127	0.971704
89	128	0.897326
89	154	1.05339
89	155	1.06434
89	156	0.964327
89	163	1.07376
89	166	1.11203
89	172	1.09317
89	174	1.10432
89	176	0.940185
89	178	0.954115
89	180	1.00603
90	16	0.861332
90	24	0.928681
90	52	0.930235
90	55	0.946662
90	89	0.891545
90	110	0.969037
90	112	0.965102
90	122	0.937842
90	127	0.970938
90	134	0.961922
90	154	1.11227
90	159	1.09632
90	161	1.11428
90	162	1.16902
90	167	1.09714
90	170	1.15752
90	176	0.939419
90	178	0.953349
90	180	1.00527
91	22	0.923022
91	97	1.04767
91	115	1.11113
91	120	1.07131
91	123	1.01068
91	125	1.04387
91	141	1.06578
91	142	1.04088
91	147	1.00913
91	158	0.958433
91	162	1.03761
91	166	0.970319
91	172	0.951461
91	173	0.9631
91	175	0.962696
91	176	1.03892
91	177	0.870474
91	178	0.927637
91	179	1.00634
92	33	0.914727
92	43	1.00044
92	44	0.868841
92	45	1.00044
92	54	0.938143
92	59	0.938143
92	69	1.14754
92	70	0.898052
92	83	0.939314
92	102	0.9415
92	114	0.972139
92	124	0.984903
92	146	1.11988
92	150	1.06837
92	161	1.05296
92	167	1.03583
92	168	1.11884
92	169	1.06443
92	180	1.00335
93	25	0.960738
93	64	1.15811
93	86	1.00265
93	102	1.10508
93	138	1.1027
93	139	1.135
93	148	1.13038
93	154	0.946992
93	155	0.947483
93	161	0.967989
93	163	0.973011
93	167	0.961936
93	169	0.943121
93	170	0.949344
93	172	0.943119
93	174	0.944447
93	175	0.950138
93	178	0.956755
93	179	0.915665
94	8	0.972619
94	26	0.917153
94	30	0.9165
94	50	0.996858
94	58	0.934795
94	74	0.957043
94	75	0.967456
94	98	0.943093
94	101	0.948655
94	104	0.908866
94	119	0.976948
94	130	1.10465
94	156	0.960013
94	159	1.06484
94	162	1.13754
94	167	1.06566
94	171	1.10018
94	177	1.03959
94	178	1.09675
95	7	1.00731
95	11	0.998063
95	13	1.06434
95	20	1.00731
95	21	1.00731
95	25	1.07668
95	56	0.947936
95	64	0.899458
95	82	1.03279
95	87	0.936031
95	143	1.01192
95	153	1.0017
95	159	0.953284
95	163	0.989606
95	164	1.03693
95	168	1.03712
95	169	0.982708
95	170	1.01448
95	176	0.994755
95	177	1.01084
96	18	1.04016
96	36	0.981331
96	46	0.95618
96	83	0.995722
96	97	1.00267
96	107	1.06626
96	113	1.01547
96	120	1.0263
96	123	0.965666
96	125	0.998864
96	141	1.02077
96	142	0.995867
96	147	0.964121
96	153	0.993067
96	155	0.990439
96	156	0.964739
96	166	1.03812
96	170	1.02473
96	174	1.03041
96	177	0.938277
97	22	0.880911
97	57	0.99809
97	77	1.01993
97	91	1.04767
97	96	1.00267
97	113	1.01836
97	115	1.06902
97	120	1.0292
97	123	0.968564
97	125	1.00176
97	143	0.960149
97	147	0.967018
97	155	0.998725
97	156	0.973025
97	171	1.00716
97	174	1.0387
97	176	0.996811
97	177	0.946562
97	178	1.00373
97	179	1.08243
98	10	1.31384
98	49	1.06404
98	86	1.07438
98	94	0.943093
98	100	0.906161
98	101	1.00807
98	104	0.968276
98	119	1.03636
98	135	1.00803
98	144	0.973157
98	148	0.98821
98	150	0.935321
98	151	0.99231
98	162	0.974649
98	165	0.920494
98	172	0.957682
98	173	0.969322
98	174	0.96883
98	175	0.968917
98	177	1.03791
99	37	0.973125
99	53	1.00524
99	65	0.878736
99	84	0.985494
99	114	0.960435
99	117	0.979582
99	132	1.03626
99	136	1.04714
99	137	1.02664
99	138	1.0142
99	139	1.01951
99	140	1.02879
99	145	1.01825
99	156	0.962036
99	159	0.960828
99	168	1.04466
99	169	0.990253
99	173	1.0282
99	174	1.02771
99	178	1.0233
100	17	0.952384
100	19	0.957159
100	35	1.03399
100	38	0.808049
100	42	0.812339
100	49	0.967697
100	61	0.962936
100	66	0.860869
100	83	0.900747
100	86	0.978041
100	98	0.906161
100	133	1.14771
100	149	1.16405
100	155	1.12444
100	156	1.09874
100	159	0.918059
100	162	1.17024
100	173	1.16491
100	176	1.13901
100	177	0.94157
101	8	1.03759
101	26	0.982126
101	30	0.981473
101	50	1.06183
101	66	0.962773
101	71	0.954729
101	74	1.02202
101	94	0.948655
101	98	1.00807
101	104	0.973838
101	119	1.04192
101	124	0.926354
101	153	1.02237
101	154	0.989907
101	156	1.02499
101	164	1.0576
101	171	1.0093
101	175	1.04093
101	176	1.01543
101	177	0.948703
102	33	0.969273
102	43	1.05499
102	44	0.923387
102	45	1.05499
102	54	0.992688
102	59	0.992688
102	70	0.952597
102	72	0.944329
102	83	0.99386
102	92	0.9415
102	93	1.10508
102	114	1.02668
102	124	1.03945
102	159	0.943871
102	167	0.944694
102	170	1.00507
102	172	0.999603
102	174	1.01075
102	179	1.05448
102	180	1.0579
103	63	1.08771
103	81	1.07235
103	118	0.965517
103	134	1.15054
103	136	1.18706
103	145	1.2029
103	150	0.920314
103	151	1.20709
103	155	0.926391
103	157	0.889015
103	163	0.951919
103	165	0.946134
103	166	0.920571
103	168	0.894354
103	169	0.92203
103	172	0.922027
103	173	0.923799
103	174	0.923355
103	179	0.894574
103	180	1.08594
104	8	0.997802
104	26	0.942337
104	30	0.941684
104	32	1.0474
104	50	1.02204
104	58	0.959979
104	66	0.922984
104	74	0.982227
104	75	0.992639
104	94	0.908866
104	98	0.968276
104	101	0.973838
104	106	0.96816
104	107	1.09896
104	119	1.00213
104	153	1.04464
104	156	0.985196
104	172	1.05196
104	174	1.06311
104	178	1.02814
104	179	1.10684
105	27	0.850588
105	41	0.92076
105	50	0.881834
105	63	0.881955
105	109	0.97584
105	116	1.0558
105	120	0.942946
105	140	1.00369
105	160	1.03364
105	161	1.07119
105	163	1.07622
105	164	1.02874
105	165	1.07043
105	166	1.04487
105	169	1.04633
105	171	1.06195
105	172	1.04632
105	173	1.0481
105	175	1.05334
105	179	1.01887
105	180	0.880179
106	23	0.982743
106	29	0.98541
106	35	0.781213
106	39	0.991073
106	54	0.951626
106	56	0.925146
106	104	0.96816
106	123	0.977235
106	134	0.878756
106	139	0.945724
106	152	1.07079
106	160	1.04102
106	163	1.08359
106	164	1.03612
106	167	1.07252
106	169	1.05371
106	172	1.0537
106	173	1.05547
106	174	1.05503
106	175	1.06072
106	179	1.02625
107	17	0.989907
107	26	1.06758
107	49	0.966905
107	76	1.03463
107	96	1.06626
107	104	1.09896
107	130	0.969214
107	144	1.10119
107	148	1.0719
107	152	0.984954
107	155	0.97223
107	158	0.97617
107	164	0.950283
107	169	0.967869
107	170	0.974091
107	171	0.983487
107	173	0.969638
107	174	0.969195
107	175	0.974885
107	176	0.967572
107	179	0.940413
108	48	0.880602
108	60	0.951841
108	76	0.983658
108	111	0.966134
108	114	0.964979
108	116	0.90146
108	121	0.953936
108	126	0.961973
108	129	0.959384
108	130	1.09485
108	135	0.943099
108	142	1.27467
108	143	0.97406
108	144	0.908223
108	148	0.923276
108	151	0.927376
108	155	1.08195
108	156	1.05625
108	161	1.073
108	167	1.05587
108	169	1.08447
108	178	1.08695
109	28	0.981178
109	47	0.944246
109	53	1.01397
109	72	0.938339
109	84	0.994219
109	105	0.97584
109	117	0.988307
109	118	0.992672
109	133	0.988052
109	137	1.03537
109	139	1.02824
109	140	1.03751
109	145	1.02697
109	153	1.01725
109	160	1.01154
109	162	1.01678
109	163	0.974203
109	165	0.956424
109	169	0.967305
109	175	1.00485
109	178	1.03202
109	180	1.08394
110	6	1.05233
110	24	1.00694
110	31	0.947658
110	40	0.94696
110	89	0.969804
110	90	0.969037
110	122	1.0161
110	127	1.0492
110	128	0.974818
110	134	1.04018
110	150	0.972554
110	152	0.957135
110	153	0.987595
110	156	1.04182
110	160	1.01285
110	173	1.00655
110	174	1.00606
110	175	1.00615
110	176	1.01768
110	177	0.913928
110	178	1.03161
110	180	1.08353
111	14	1.0685
111	48	0.9741
111	73	0.954384
111	85	0.995497
111	108	0.966134
111	116	0.994958
111	121	1.04743
111	126	1.05547
111	135	1.0366
111	143	1.06756
111	144	1.00172
111	146	0.999423
111	148	1.01677
111	149	0.981061
111	151	1.02087
111	162	0.987247
111	171	0.949886
111	172	0.97028
111	173	0.98192
111	176	0.95602
111	178	0.946456
111	180	1.03702
112	24	1.003
112	27	1.1285
112	29	0.993237
112	67	0.958732
112	70	1.0904
112	89	0.965868
112	90	0.965102
112	122	1.01217
112	124	0.890635
112	127	1.04526
112	128	0.970882
112	134	1.03625
112	146	1.02311
112	152	0.956191
112	165	0.956782
112	166	1.01283
112	171	0.973577
112	172	0.993971
112	176	1.01374
112	177	0.912984
112	178	1.02767
112	180	1.07959
113	9	0.905187
113	22	0.893711
113	36	0.997029
113	39	1.10634
113	71	1.04072
113	77	1.03273
113	79	1.05267
113	96	1.01547
113	97	1.01836
113	115	1.08182
113	120	1.042
113	123	0.981364
113	124	1.05701
113	132	0.970876
113	141	1.03646
113	142	1.01156
113	147	0.979818
113	149	0.961961
113	158	0.958153
113	167	0.896271
113	174	0.962328
113	179	1.00606
114	11	0.93761
114	34	1.02085
114	49	0.863784
114	53	0.974608
114	55	0.952247
114	64	0.996504
114	78	1.13385
114	92	0.972139
114	99	0.960435
114	102	1.02668
114	108	0.964979
114	116	0.993804
114	135	1.03544
114	144	1.00057
114	145	0.958784
114	151	1.01972
114	157	0.989973
114	172	1.02299
114	174	1.02431
114	177	1.06532
114	179	0.995532
114	180	1.08854
115	46	0.845391
115	70	1.0049
115	71	0.998016
115	77	1.08338
115	78	0.979871
115	91	1.11113
115	97	1.06902
115	113	1.08182
115	118	0.907534
115	123	1.03202
115	125	1.06521
115	141	1.08712
115	142	1.06222
115	147	1.03047
115	153	1.05942
115	159	1.07938
115	160	0.926407
115	161	0.870703
115	162	1.05895
115	163	0.889065
115	166	0.927333
115	173	0.920115
115	175	0.91971
116	23	0.955559
116	62	0.942159
116	71	1.16312
116	73	0.889711
116	76	1.01248
116	85	0.930824
116	105	1.0558
116	108	0.90146
116	111	0.994958
116	114	0.993804
116	121	0.982761
116	126	0.990798
116	129	0.988209
116	132	1.09327
116	135	0.971924
116	144	0.937048
116	148	0.952101
116	151	0.956201
116	152	1.03579
116	158	1.08055
116	170	1.07904
116	176	1.05931
116	177	0.992588
116	178	1.04975
117	2	0.853734
117	32	1.06689
117	53	0.954146
117	65	0.827641
117	70	1.16787
117	84	0.934398
117	88	1.057
117	99	0.979582
117	109	0.988307
117	130	1.05552
117	137	0.975545
117	138	0.963105
117	139	0.968415
117	140	0.977691
117	143	1.00404
117	145	0.967151
117	146	1.10059
117	159	1.01571
117	162	0.956962
117	166	1.0903
117	171	1.05105
117	176	1.05718
117	178	0.972203
117	180	1.02412
118	25	0.854321
118	77	0.982011
118	88	0.881672
118	103	0.965517
118	109	0.992672
118	115	0.907534
118	125	0.988304
118	127	0.996734
118	133	1.02779
118	136	0.998135
118	141	0.977963
118	145	1.01397
118	149	1.04005
118	155	1.0365
118	163	1.06203
118	164	1.01455
118	165	1.05624
118	166	1.03068
118	167	1.05095
118	168	1.00446
118	173	1.03391
118	174	1.03347
118	175	1.03916
118	179	1.00468
119	8	1.06588
119	26	1.01042
119	30	1.00977
119	50	1.09012
119	58	1.02806
119	66	0.991065
119	71	0.983021
119	74	1.05031
119	75	1.06072
119	94	0.976948
119	98	1.03636
119	101	1.04192
119	104	1.00213
119	153	0.948046
119	156	1.05328
119	157	1.0103
119	160	0.973298
119	163	0.935956
119	169	0.929058
119	173	0.967006
119	175	0.966601
119	176	0.941105
119	178	0.931542
119	179	1.01024
120	18	1.06669
120	31	0.913462
120	41	1.09015
120	57	1.02173
120	71	1.05026
120	78	0.940054
120	91	1.07131
120	96	1.0263
120	97	1.0292
120	105	0.942946
120	113	1.042
120	123	0.9922
120	141	1.0473
120	142	1.0224
120	146	0.989861
120	147	0.990654
120	152	0.922939
120	158	0.967691
120	159	1.03957
120	163	0.941309
120	174	0.971867
120	175	0.971954
120	176	1.02045
120	178	0.936895
121	3	0.918554
121	5	0.910148
121	60	1.03314
121	62	0.994635
121	76	1.06496
121	85	0.9833
121	108	0.953936
121	111	1.04743
121	116	0.982761
121	126	1.04327
121	129	1.04068
121	130	0.989855
121	135	1.0244
121	144	0.989523
121	146	1.03492
121	148	1.00458
121	151	1.00868
121	156	0.951257
121	157	1.06072
121	162	1.02275
121	165	0.968593
121	167	0.950873
121	176	0.991521
121	178	0.981958
121	179	1.06066
122	27	1.10124
122	40	0.915764
122	55	0.993726
122	63	1.06409
122	89	0.938609
122	90	0.937842
122	110	1.0161
122	112	1.01217
122	127	1.018
122	128	0.943623
122	134	1.00899
122	150	1.00268
122	153	1.01773
122	154	0.985263
122	155	0.996221
122	156	1.01062
122	158	1.03202
122	159	0.969314
122	164	1.05296
122	165	0.987857
122	172	1.02505
122	176	0.986482
122	177	0.944059
122	178	1.00041
122	180	1.05233
123	16	0.770317
123	36	0.947229
123	39	1.21619
123	79	1.00287
123	91	1.01068
123	96	0.965666
123	97	0.968564
123	106	0.977235
123	113	0.981364
123	115	1.03202
123	120	0.9922
123	125	0.964761
123	141	0.986665
123	142	0.961764
123	147	0.930018
123	153	0.958964
123	159	0.978932
123	161	1.02326
123	162	0.958501
123	168	1.08914
123	170	1.0665
123	171	1.04064
123	173	1.07268
123	176	0.959812
123	178	1.03721
123	179	1.11591
124	6	0.904763
124	34	0.973636
124	40	1.04654
124	48	1.05625
124	54	1.03609
124	59	1.03609
124	82	0.813964
124	87	0.958374
124	92	0.984903
124	101	0.926354
124	102	1.03945
124	112	0.890635
124	113	1.05701
124	125	1.04041
124	128	0.98772
124	139	0.926189
124	141	1.06231
124	142	1.03741
124	145	0.911573
124	147	1.00566
124	165	1.05986
124	171	1.05137
124	174	1.03708
124	175	1.04277
124	179	1.0083
124	180	1.1013
125	9	0.943251
125	18	1.03926
125	41	1.06271
125	77	1.01612
125	91	1.04387
125	96	0.998864
125	97	1.00176
125	115	1.06521
125	118	0.988304
125	123	0.964761
125	124	1.04041
125	141	1.01986
125	142	0.994962
125	146	1.01839
125	147	0.963216
125	152	0.951464
125	153	0.992161
125	159	1.01213
125	162	0.991698
125	164	1.01715
125	168	1.01734
125	171	0.96885
125	172	0.989244
125	176	0.993009
125	177	0.908257
125	178	0.965421
125	179	1.04412
126	3	0.926591
126	5	0.918185
126	23	1.01607
126	60	1.04118
126	73	0.950224
126	81	1.12479
126	108	0.961973
126	111	1.05547
126	116	0.990798
126	121	1.04327
126	129	1.04872
126	133	0.990846
126	135	1.03244
126	143	1.0634
126	144	0.99756
126	148	1.01261
126	149	1.00719
126	151	1.01671
126	152	0.958627
126	156	0.941882
126	162	1.01337
126	169	0.970099
126	171	0.976013
126	174	1.00755
126	176	0.982146
126	177	0.91542
126	179	1.05128
127	29	0.999073
127	34	0.99429
127	40	0.94886
127	52	1.01039
127	67	0.964568
127	68	1.06676
127	80	1.0602
127	89	0.971704
127	90	0.970938
127	110	1.0492
127	112	1.04526
127	118	0.996734
127	122	1.018
127	128	0.976718
127	134	1.04208
127	143	0.930274
127	146	1.02682
127	154	0.957891
127	156	1.04372
127	163	0.978265
127	165	0.960486
127	169	0.971367
127	172	0.997675
127	174	1.00882
127	176	1.01958
127	177	0.916688
127	180	1.08543
128	24	0.934461
128	29	0.924695
128	34	0.919911
128	55	0.952443
128	63	1.02281
128	67	0.89019
128	71	0.899085
128	80	0.985817
128	89	0.897326
128	110	0.974818
128	112	0.970882
128	122	0.943623
128	124	0.98772
128	127	0.976718
128	130	1.07513
128	134	0.967703
128	156	0.969342
128	161	1.05328
128	164	1.11897
128	168	1.11916
128	170	1.09652
128	173	1.1027
128	175	1.10229
128	177	1.01007
128	178	0.95913
128	179	1.14593
128	180	1.01105
129	48	0.96735
129	60	1.03859
129	62	1.00008
129	66	0.979025
129	69	1.04656
129	73	0.947634
129	76	1.07041
129	81	1.1222
129	85	0.988747
129	108	0.959384
129	116	0.988209
129	121	1.04068
129	126	1.04872
129	135	1.02985
129	144	0.994971
129	148	1.01002
129	151	1.01412
129	154	0.949971
129	158	0.996727
129	162	1.00672
129	164	1.01766
129	167	0.934845
129	170	0.995221
129	172	0.989754
129	175	1.00099
129	177	0.908767
129	178	0.965931
130	5	1.20747
130	35	0.849087
130	50	0.883679
130	82	0.901373
130	94	1.10465
130	107	0.969214
130	108	1.09485
130	117	1.05552
130	121	0.989855
130	128	1.07513
130	145	0.998982
130	147	1.03675
130	150	0.988282
130	157	0.956983
130	161	1.01486
130	164	0.972412
130	165	1.0141
130	166	0.988539
130	167	1.00881
130	168	0.962322
130	169	0.989997
130	170	0.99622
130	171	1.00562
130	172	0.989995
130	173	0.991766
130	174	0.991323
130	175	0.997014
130	179	0.962541
131	28	1.02811
131	36	1.05817
131	39	0.92439
131	43	0.944664
131	59	0.977208
131	62	1.08781
131	76	0.99996
131	84	1.05136
131	134	0.974884
131	135	1.02385
131	136	1.0114
131	148	1.03723
131	152	1.00411
131	154	0.990893
131	160	0.974332
131	161	1.01189
131	162	0.985414
131	163	1.01691
131	166	0.985563
131	167	1.00584
131	169	0.987022
131	170	0.993244
131	171	1.00264
131	172	0.987019
131	173	0.988791
131	174	0.988347
131	175	0.994038
131	179	0.959565
132	8	1.00452
132	44	1.14737
132	81	0.904056
132	84	1.05873
132	99	1.03626
132	113	0.970876
132	116	1.09327
132	134	0.982253
132	140	1.04116
132	150	0.989164
132	151	1.0388
132	157	0.957865
132	158	0.99918
132	160	0.978189
132	164	0.973294
132	165	1.01498
132	166	0.989421
132	167	1.00969
132	168	0.963204
132	169	0.990879
132	171	1.0065
132	172	0.990877
132	173	0.992648
132	174	0.992205
132	175	0.997896
132	176	0.990582
132	179	0.963423
132	180	0.917648
133	44	1.12211
133	61	0.908442
133	62	1.06992
133	87	1.05615
133	100	1.14771
133	109	0.988052
133	118	1.02779
133	126	0.990846
133	135	1.00597
133	139	1.02396
133	142	0.98954
133	149	0.992216
133	152	1.00139
133	154	0.988174
133	157	0.951288
133	160	0.971613
133	161	1.00917
133	163	1.01419
133	164	0.966717
133	166	0.982844
133	170	0.990525
133	171	0.999921
133	172	0.9843
133	173	0.986071
133	174	0.985628
133	175	0.991319
133	179	0.956846
133	180	0.892391
134	6	1.04522
134	24	0.999824
134	27	1.12532
134	29	0.990058
134	34	0.985274
134	51	0.976246
134	52	1.00138
134	63	1.08817
134	67	0.955552
134	80	1.05118
134	90	0.961922
134	103	1.15054
134	106	0.878756
134	110	1.04018
134	112	1.03625
134	122	1.00899
134	127	1.04208
134	128	0.967703
134	131	0.974884
134	132	0.982253
134	149	0.973339
134	152	0.924778
134	157	1.0175
134	159	0.906826
134	167	0.907649
134	171	0.942164
134	173	0.974198
134	178	1.02449
134	180	1.07641
135	3	0.907717
135	14	1.04546
135	60	1.0223
135	66	0.96274
135	73	0.93135
135	81	1.10592
135	85	0.972462
135	98	1.00803
135	108	0.943099
135	111	1.0366
135	114	1.03544
135	116	0.971924
135	121	1.0244
135	126	1.03244
135	129	1.02985
135	131	1.02385
135	133	1.00597
135	144	0.978686
135	148	0.993739
135	149	1.02231
135	151	0.99784
135	159	0.955795
135	162	1.02849
135	164	1.03944
135	167	0.956619
135	170	1.01699
135	174	1.02268
135	175	1.02276
135	177	0.930541
135	178	0.987704
136	1	0.915507
136	2	0.921289
136	10	0.91783
136	28	0.988912
136	37	0.989585
136	47	0.95198
136	51	1.01276
136	65	0.895195
136	84	1.00195
136	99	1.04714
136	103	1.18706
136	118	0.998135
136	131	1.0114
136	137	1.0431
136	138	1.03066
136	139	1.03597
136	140	1.04525
136	145	1.03471
136	150	0.976715
136	153	1.02498
136	156	0.944551
136	159	0.943344
136	160	1.01701
136	162	1.02452
136	166	1.01793
136	169	0.972768
136	173	1.01072
136	177	0.918089
136	178	1.03976
136	180	1.09168
137	1	0.895011
137	37	0.969089
137	47	0.931484
137	65	0.8747
137	70	1.09335
137	84	0.981457
137	88	1.10406
137	99	1.02664
137	109	1.03537
137	117	0.975545
137	136	1.0431
137	138	1.01016
137	139	1.01547
137	140	1.02475
137	145	1.01421
137	153	1.00448
137	155	0.968102
137	157	1.05187
137	159	0.941195
137	162	1.00402
137	168	1.02503
137	170	1.00239
137	171	0.976533
137	172	0.996927
137	173	1.00857
137	176	0.982667
137	177	0.91594
137	178	1.01926
137	179	1.05181
137	180	1.07118
138	1	0.882571
138	2	0.888353
138	10	0.884894
138	16	1.20448
138	28	0.955976
138	37	0.956649
138	53	0.988765
138	65	0.86226
138	69	1.05403
138	71	1.08676
138	88	1.09162
138	93	1.1027
138	99	1.0142
138	117	0.963105
138	136	1.03066
138	137	1.01016
138	139	1.00303
138	140	1.01231
138	145	1.00177
138	149	1.008
138	153	0.992044
138	154	0.957439
138	156	0.942698
138	157	1.05216
138	160	1.01515
138	162	0.991581
138	167	0.942314
138	174	1.00837
138	175	1.00846
138	176	0.982962
138	178	1.00682
138	179	1.0521
138	180	1.05874
139	1	0.887881
139	10	0.890204
139	28	0.961286
139	37	0.961959
139	53	0.994075
139	65	0.86757
139	84	0.974327
139	88	1.09693
139	93	1.135
139	99	1.01951
139	106	0.945724
139	109	1.02824
139	117	0.968415
139	124	0.926189
139	133	1.02396
139	136	1.03597
139	137	1.01547
139	138	1.00303
139	140	1.01762
139	145	1.00708
139	149	1.04031
139	153	0.997354
139	158	1.0365
139	161	0.991753
139	162	0.996891
139	165	0.992337
139	166	1.04838
139	171	1.00913
139	172	1.02953
139	177	0.948538
139	178	1.01213
139	179	1.0844
139	180	1.06405
140	1	0.897156
140	2	0.902938
140	4	0.982586
140	10	0.899479
140	15	1.0301
140	28	0.970561
140	37	0.971234
140	47	0.933629
140	53	1.00335
140	65	0.876845
140	84	0.983603
140	88	1.1062
140	99	1.02879
140	105	1.00369
140	109	1.03751
140	117	0.977691
140	132	1.04116
140	136	1.04525
140	137	1.02475
140	138	1.01231
140	139	1.01762
140	145	1.01636
140	167	0.966552
140	168	1.04956
140	170	1.02693
140	172	1.02146
140	173	1.0331
140	174	1.03261
140	176	1.0072
140	177	0.940474
140	178	1.02141
140	179	1.07634
140	180	1.07333
141	18	1.06116
141	22	0.899012
141	36	1.00233
141	57	1.01619
141	70	1.07533
141	77	1.03803
141	78	0.934519
141	79	1.05797
141	91	1.06578
141	96	1.02077
141	113	1.03646
141	115	1.08712
141	118	0.977963
141	120	1.0473
141	123	0.986665
141	124	1.06231
141	125	1.01986
141	142	1.01687
141	147	0.985119
141	149	0.989685
141	150	0.956542
141	154	0.93912
141	156	0.924379
141	158	0.985876
141	159	1.03403
141	162	1.0136
141	163	0.959494
141	166	0.997762
141	169	0.952596
141	172	0.978904
141	174	0.990052
141	175	0.990139
141	176	1.01491
141	177	0.897917
142	4	1.03792
142	22	0.874112
142	41	1.05971
142	57	0.991291
142	77	1.01313
142	78	0.909619
142	79	1.03307
142	91	1.04088
142	96	0.995867
142	108	1.27467
142	113	1.01156
142	115	1.06222
142	120	1.0224
142	123	0.961764
142	124	1.03741
142	125	0.994962
142	133	0.98954
142	141	1.01687
142	147	0.960219
142	152	0.957322
142	153	0.989165
142	156	0.940577
142	158	1.00207
142	159	1.00913
142	161	0.957329
142	162	0.988701
142	166	1.01396
142	167	0.940193
142	168	1.0232
142	171	0.974708
142	173	1.00674
142	176	0.990012
142	177	0.914115
142	178	0.971278
142	179	1.04998
143	6	0.940698
143	7	1.07087
143	18	0.932875
143	20	1.07087
143	21	1.07087
143	24	0.990642
143	53	0.963333
143	54	0.968028
143	56	1.0115
143	58	1.01096
143	73	0.96231
143	78	1.12258
