1	25	1.33559
1	74	1.35431
1	101	0.431027
1	133	0.488278
1	156	0.511271
1	159	0.497607
1	162	1.39365
1	166	0.480932
1	171	1.38671
1	173	1.37047
1	174	1.37915
1	180	1.38011
2	51	0.453223
2	57	0.485515
2	96	0.470045
2	98	1.30348
2	125	1.37789
2	161	0.479283
2	162	1.39535
2	165	0.518315
2	171	1.38842
2	173	1.37218
2	174	1.38086
2	180	1.38181
3	61	1.28275
3	68	1.36458
3	81	1.43747
3	82	1.2724
3	91	1.46008
3	97	1.40573
3	145	0.510222
3	154	1.37695
3	157	0.478083
3	170	0.491864
3	173	0.486756
3	179	0.432224
4	45	0.484112
4	56	1.3845
4	111	0.495048
4	114	1.38587
4	116	1.28931
4	126	0.465267
4	135	1.40622
4	138	0.491125
4	171	0.45807
4	176	1.37699
4	177	1.38149
4	178	1.37566
5	10	1.23967
5	36	1.27801
5	45	1.18665
5	53	1.22411
5	70	1.16235
5	78	1.24244
5	79	1.10494
5	159	0.631788
5	160	1.16181
5	161	0.609852
5	163	0.598185
5	168	0.565849
6	72	1.49886
6	84	0.485662
6	87	1.37182
6	107	1.38152
6	111	1.34544
6	118	1.35688
6	120	1.27894
6	126	1.36657
6	132	0.498434
6	156	0.514158
6	161	0.478558
6	179	0.431462
7	32	0.308376
7	37	1.43234
7	44	1.35468
7	46	1.35529
7	65	1.39459
7	77	1.33726
7	129	1.30733
7	142	0.230763
7	163	0.818386
7	165	0.265223
7	168	0.78605
7	179	1.41856
8	46	1.37896
8	54	0.484507
8	82	1.26457
8	97	1.3979
8	102	1.37575
8	131	1.37143
8	154	1.36912
8	157	0.475308
8	175	0.48037
8	177	0.472494
8	179	1.44224
8	180	0.486269
9	18	0.482869
9	95	0.466973
9	102	1.36525
9	113	1.3463
9	115	1.39535
9	116	1.30698
9	131	1.36093
9	135	1.42389
9	163	0.472623
9	168	1.40127
9	174	0.494185
9	178	0.485009
10	5	1.23967
10	45	1.40354
10	62	1.4112
10	78	1.45933
10	79	1.32183
10	95	0.459019
10	129	0.523893
10	160	1.37869
10	161	0.476337
10	165	0.515369
10	166	1.38574
10	179	0.42924
11	35	0.465032
11	59	0.461022
11	85	1.37943
11	144	1.37664
11	148	0.492972
11	149	1.33044
11	151	1.36945
11	158	0.509914
11	171	1.38896
11	173	1.37272
11	177	0.476159
11	180	1.38235
12	33	1.53913
12	69	1.35299
12	99	0.538699
12	107	1.37978
12	109	1.37264
12	112	1.32312
12	118	1.35514
12	120	1.27721
12	146	0.45933
12	170	0.493369
12	176	0.481675
12	179	0.433729
13	28	0.500406
13	57	0.482473
13	128	1.37302
13	149	1.32269
13	161	0.476242
13	164	1.36408
13	173	1.36497
13	174	1.37365
13	176	0.477091
13	177	0.47219
13	179	1.42698
13	180	1.3746
14	34	1.41785
14	36	1.42705
14	45	1.33569
14	53	1.37315
14	62	1.34335
14	70	1.31139
14	78	1.39148
14	145	0.312236
14	148	0.294095
14	168	0.753862
14	174	0.291229
14	179	0.750769
15	24	1.35889
15	39	1.45824
15	61	1.26765
15	76	0.396577
15	81	1.42236
15	82	1.25729
15	91	1.44498
15	97	1.39062
15	130	0.421598
15	140	0.375205
15	176	0.360817
15	179	0.85173
16	126	0.474226
16	132	0.481356
16	139	1.38606
16	144	1.36184
16	156	0.497079
16	157	1.38589
16	158	0.491182
16	161	0.46148
16	171	1.37415
16	173	1.35791
16	174	1.36659
16	180	1.36755
17	104	1.40252
17	133	0.49055
17	139	1.38222
17	147	0.489802
17	151	1.3508
17	162	1.37724
17	164	1.35318
17	171	1.37031
17	172	0.472236
17	175	0.481768
17	177	0.473892
17	180	1.36371
18	9	0.482869
18	144	1.36987
18	153	0.460712
18	158	0.505286
18	164	1.36505
18	166	0.480844
18	169	1.36676
18	171	1.38218
18	173	1.36594
18	174	1.37462
18	176	0.476433
18	180	1.37558
19	51	1.30632
19	64	1.22571
19	75	1.18965
19	95	0.58449
19	102	1.17335
19	110	0.618865
19	113	1.1544
19	115	1.20345
19	116	1.11508
19	135	1.23199
19	175	0.605632
19	177	0.597755
20	36	1.45765
20	53	1.40375
20	70	1.34199
20	78	1.42208
20	79	1.28458
20	138	0.515265
20	160	1.34145
20	162	0.47303
20	163	0.464993
20	165	0.515692
20	166	1.3485
20	168	0.432656
21	50	1.25233
21	110	0.519909
21	117	1.32856
21	121	0.514689
21	138	1.27981
21	160	0.525795
21	162	1.32291
21	164	1.29885
21	165	0.541883
21	173	1.29974
21	174	1.30842
21	175	0.506676
21	180	1.30937
22	48	1.30536
22	84	0.513656
22	89	1.27765
22	92	0.541493
22	96	0.497314
22	103	1.30047
22	114	1.33027
22	123	0.547365
22	134	0.503564
22	145	1.28526
22	160	1.28894
22	163	1.31606
22	166	1.29599
23	28	0.532044
23	95	1.30674
23	123	1.25292
23	156	0.54348
23	161	0.50788
23	166	0.513141
23	167	1.2977
23	168	1.3177
23	173	1.28615
23	174	1.29483
23	175	0.511704
23	179	1.34816
23	180	1.29578
24	15	1.35889
24	35	1.39601
24	43	0.512521
24	61	1.19652
24	62	0.513437
24	68	1.27835
24	82	1.18617
24	91	1.37386
24	97	1.3195
24	141	0.564732
24	154	1.29072
24	172	0.506945
24	177	0.508601
25	1	1.33559
25	68	0.545266
25	92	0.539852
25	142	0.509483
25	146	1.31979
25	157	1.30897
25	167	1.29254
25	169	1.28181
25	172	0.499203
25	173	1.28099
25	174	1.28967
25	175	0.508735
25	180	1.29062
26	36	1.3859
26	53	1.332
26	62	1.30221
26	70	1.27025
26	78	1.35034
26	79	1.21284
26	105	0.575698
26	160	1.2697
26	166	1.27675
26	173	0.525377
26	177	0.51389
26	178	0.51866
26	179	0.470846
27	38	0.435961
27	89	0.568479
27	108	0.526012
27	137	1.2758
27	164	0.535111
27	165	1.26698
27	170	1.30107
27	172	1.32975
27	173	0.527061
27	175	1.2968
27	176	1.30882
27	177	1.31331
27	178	1.30748
28	13	0.500406
28	23	0.532044
28	58	0.511667
28	94	1.31556
28	123	0.541982
28	150	1.29294
28	158	1.2598
28	170	1.29746
28	172	1.32614
28	175	1.29319
28	176	1.30521
28	177	1.3097
28	180	0.510892
29	56	1.32596
29	89	1.2747
29	103	1.29753
29	114	1.32733
29	122	0.50855
29	145	1.28232
29	146	0.499481
29	152	0.533634
29	160	1.286
29	163	1.31311
29	166	1.29305
29	171	0.526527
29	174	0.530872
30	63	1.39123
30	105	0.467451
30	141	0.461775
30	143	1.523
30	164	1.49262
30	165	0.448728
30	169	1.49433
30	170	0.422238
30	172	0.403988
30	173	1.4935
30	174	1.50219
30	177	0.405644
30	180	1.50314
31	41	0.441041
31	71	0.419361
31	88	0.44089
31	138	1.46025
31	142	0.440151
31	157	1.50816
31	161	0.435579
31	167	1.49173
31	169	1.481
31	173	1.48018
31	174	1.48886
31	177	0.431527
31	180	1.48981
32	7	0.308376
32	35	0.54401
32	87	0.5796
32	89	1.25805
32	103	1.28088
32	112	0.589621
32	114	1.31068
32	126	0.571936
32	172	1.32274
32	176	1.30181
32	178	1.30047
32	179	1.33888
32	180	1.2865
33	12	1.53913
33	54	1.52321
33	60	0.499818
33	87	1.48045
33	109	1.48301
33	112	1.43349
33	118	1.46551
33	124	0.420046
33	126	1.4752
33	132	0.432069
33	141	0.464272
33	170	0.424736
33	179	0.365096
34	14	1.41785
34	45	1.43268
34	97	0.467664
34	112	1.36616
34	120	1.32025
34	126	1.40787
34	141	0.498307
34	150	0.46304
34	155	0.446595
34	165	0.485259
34	166	1.41489
34	173	1.41535
34	178	0.446945
34	180	1.42499
35	11	0.465032
35	24	1.39601
35	32	0.54401
35	61	1.30477
35	68	1.38659
35	81	1.45948
35	82	1.29441
35	91	1.4821
35	97	1.42774
35	141	0.513905
35	146	1.44886
35	163	0.450159
35	168	0.417822
35	179	0.414729
36	5	1.27801
36	14	1.42705
36	20	1.45765
36	26	1.3859
36	62	1.44954
36	70	1.41758
36	72	0.442332
36	79	1.36017
36	80	0.517294
36	124	0.471418
36	148	0.476325
36	166	1.42409
36	174	0.473459
36	179	0.416468
37	7	1.43234
37	44	1.3898
37	77	1.37238
37	84	0.464257
37	101	1.46863
37	129	1.34245
37	136	0.494102
37	144	0.472113
37	145	1.38047
37	156	1.36023
37	161	0.457154
37	163	0.445486
37	179	1.45368
37	180	0.466877
38	27	0.435961
38	49	0.407227
38	67	1.40871
38	69	1.39008
38	72	1.53422
38	86	0.425769
38	109	1.40973
38	111	1.3808
38	112	1.36022
38	120	1.3143
38	126	1.40193
38	163	0.381672
38	178	0.394057
38	179	0.760175
39	15	1.45824
39	61	1.29588
39	68	1.3777
39	81	1.45059
39	82	1.28552
39	84	0.478773
39	91	1.47321
39	97	1.41885
39	119	0.485502
39	130	0.533301
39	146	1.43997
39	163	0.460002
39	168	0.427666
39	179	0.424573
40	46	0.491061
40	53	0.491943
40	76	1.29205
40	108	0.49623
40	148	1.33784
40	154	0.518454
40	159	1.29701
40	161	1.3475
40	171	0.495394
40	172	1.36364
40	173	0.497279
40	175	1.33069
40	176	1.34271
40	177	1.3472
40	178	1.34137
41	31	0.441041
41	98	0.544307
41	103	0.523387
41	140	0.497704
41	141	1.26964
41	142	1.36824
41	144	0.497426
41	150	1.32221
41	161	1.33928
41	171	0.488016
41	175	1.32247
41	176	1.33448
41	177	1.33898
41	178	1.33315
41	179	1.37156
42	43	0.492967
42	75	1.35704
42	102	1.34074
42	105	1.30327
42	115	1.37084
42	116	1.28247
42	129	1.296
42	131	1.33642
42	135	1.39938
42	145	0.523999
42	153	0.478228
42	156	1.31378
42	159	0.515034
42	162	0.489469
42	180	0.502821
43	24	0.512521
43	42	0.492967
43	115	0.486824
43	129	0.52443
43	148	1.32936
43	150	1.32195
43	161	1.33902
43	164	0.492357
43	167	0.484244
43	170	1.32648
43	172	1.35516
43	175	1.32221
43	176	1.33423
43	177	1.33872
43	178	1.33289
44	7	1.35468
44	37	1.3898
44	46	1.31275
44	65	1.35205
44	77	1.29472
44	95	1.3346
44	145	1.30281
44	153	0.498187
44	156	1.28258
44	163	0.50139
44	168	0.469054
44	175	0.516882
44	176	0.513907
44	177	0.509005
44	179	1.37602
45	4	0.484112
45	5	1.18665
45	10	1.40354
45	14	1.33569
45	34	1.43268
45	53	1.38798
45	70	1.32622
45	79	1.26881
45	152	0.521253
45	155	0.508964
45	160	1.32568
45	166	1.33273
45	167	0.515967
45	178	0.509315
45	179	0.4615
46	7	1.35529
46	8	1.37896
46	40	0.491061
46	44	1.31275
46	65	1.35266
46	77	1.29533
46	95	1.33521
46	132	1.30998
46	133	0.490829
46	140	0.49346
46	141	0.530301
46	154	0.506832
46	156	1.28318
46	179	1.37663
46	180	0.487945
47	74	1.30595
47	77	0.515652
47	78	0.473989
47	103	1.32613
47	111	0.513264
47	113	0.510826
47	114	1.35593
47	118	0.509321
47	135	0.469083
47	166	1.32165
47	174	1.33079
47	175	1.33504
47	176	1.34706
47	178	1.34572
47	180	1.33175
48	22	1.30536
48	89	1.30596
48	95	0.48436
48	101	1.40174
48	103	1.32879
48	114	1.35859
48	142	0.50625
48	145	1.31358
48	146	0.480182
48	149	0.543515
48	154	0.530288
48	160	1.31726
48	163	1.34438
48	166	1.32431
48	168	0.457674
49	38	0.407227
49	86	0.523321
49	124	0.498745
49	129	0.538449
49	134	1.31947
49	136	0.527841
49	161	1.34395
49	165	1.29732
49	170	1.33141
49	171	0.496442
49	172	1.36009
49	175	1.32714
49	176	1.33916
49	177	1.34365
49	178	1.33782
50	21	1.25233
50	119	0.539571
50	121	0.537576
50	137	0.539306
50	143	1.29796
50	144	1.27239
50	147	0.537597
50	157	1.29644
50	162	1.29164
50	167	1.28001
50	169	1.26928
50	171	1.2847
50	174	1.27714
50	175	0.529563
50	178	0.526456
50	180	1.2781
51	2	0.453223
51	19	1.30632
51	84	1.44075
51	87	0.471356
51	95	0.433627
51	113	1.42094
51	115	1.47
51	116	1.38162
51	127	0.458514
51	131	1.43558
51	135	1.49854
51	154	1.43327
51	156	1.41293
51	158	0.480648
51	175	0.454769
51	178	0.451663
52	65	0.526131
52	71	1.3868
52	89	1.24107
52	103	1.26389
52	114	1.2937
52	119	0.53713
52	126	0.536044
52	131	1.25109
52	135	1.31405
52	160	1.25236
52	161	0.523297
52	164	1.25899
52	165	0.562329
52	174	1.26856
52	177	0.519245
52	180	1.26951
53	5	1.22411
53	14	1.37315
53	20	1.40375
53	26	1.332
53	40	0.491943
53	45	1.38798
53	62	1.39564
53	66	0.477641
53	78	1.44377
53	79	1.30627
53	84	0.486208
53	99	0.536977
53	160	1.36313
53	163	0.467436
53	165	0.518136
53	166	1.37019
53	179	0.432007
54	8	0.484507
54	33	1.52321
54	55	1.41761
54	87	1.35417
54	95	0.467647
54	107	1.36387
54	109	1.35673
54	111	1.32779
54	112	1.30721
54	118	1.33923
54	120	1.26129
54	121	0.496802
54	126	1.34892
54	146	0.463469
54	150	0.501777
54	170	0.497508
54	174	0.49486
55	54	1.41761
55	69	1.35776
55	85	0.505429
55	87	1.37485
55	107	1.38455
55	109	1.37741
55	111	1.34848
55	112	1.32789
55	118	1.35991
55	120	1.28198
55	126	1.3696
55	142	0.505053
55	146	0.478985
55	168	0.456477
55	170	0.513023
55	172	0.494773
55	179	0.453384
56	4	1.3845
56	29	1.32596
56	89	1.32951
56	101	1.42528
56	103	1.35233
56	114	1.38214
56	132	1.34368
56	137	0.490486
56	153	0.462048
56	156	0.512518
56	160	1.3408
56	163	1.36792
56	164	0.492402
56	166	1.34785
56	171	0.482468
56	173	0.484353
56	176	0.477768
57	2	0.485515
57	13	0.482473
57	83	1.33989
57	91	0.465726
57	117	0.488319
57	133	1.33931
57	140	0.498474
57	148	1.36762
57	157	0.481998
57	158	1.32707
57	161	1.37728
57	165	1.33065
57	173	0.490671
57	175	1.36047
57	177	1.37698
57	178	1.37115
57	179	1.40956
58	28	0.511667
58	67	1.36609
58	72	1.4916
58	87	1.36456
58	107	1.37426
58	109	1.36712
58	111	1.33818
58	112	1.3176
58	118	1.34962
58	120	1.27168
58	126	1.35931
58	128	0.489232
58	145	0.518404
58	146	0.466007
58	157	0.486265
58	161	0.487503
58	179	0.440406
59	11	0.461022
59	98	0.519657
59	117	0.462899
59	119	1.33487
59	121	1.33037
59	122	1.38093
59	136	0.494765
59	138	0.496421
59	153	1.39864
59	154	0.486426
59	159	1.32039
59	170	1.35835
59	172	1.38703
59	175	1.35408
59	177	1.37059
59	178	1.36476
59	180	0.467539
60	33	0.499818
60	63	0.61657
60	90	0.570516
60	137	1.20774
60	148	1.23589
60	150	1.22848
60	155	1.24661
60	158	1.19534
60	162	0.561
60	167	0.572
60	170	1.23301
60	172	1.26169
60	174	0.574525
60	175	1.22874
60	177	1.24525
60	178	1.23942
60	179	1.27783
61	3	1.28275
61	15	1.26765
61	24	1.19652
61	35	1.30477
61	39	1.29588
61	63	0.61929
61	68	1.18711
61	81	1.26
61	82	1.09493
61	91	1.28262
61	97	1.22826
61	132	0.587225
61	148	0.58011
61	154	1.19948
61	168	0.523346
61	171	0.572899
61	179	0.520253
62	10	1.4112
62	14	1.34335
62	24	0.513437
62	26	1.30221
62	36	1.44954
62	53	1.39564
62	70	1.33388
62	76	0.514399
62	78	1.41397
62	79	1.27647
62	92	0.51273
62	160	1.33334
62	163	0.466122
62	166	1.34039
62	173	0.485224
62	175	0.481613
62	179	0.430692
63	30	1.39123
63	60	0.61657
63	61	0.61929
63	128	1.22164
63	131	0.550466
63	133	0.541552
63	136	1.21244
63	137	0.542513
63	151	1.21032
63	162	1.23677
63	164	1.2127
63	166	0.534206
63	167	1.22514
63	169	1.21441
63	171	1.22983
63	174	1.22227
63	180	1.22323
64	19	1.22571
64	71	1.49068
64	92	1.33197
64	94	0.480063
64	113	1.34034
64	115	1.38939
64	116	1.30102
64	127	0.492539
64	131	1.35497
64	135	1.41793
64	140	0.500208
64	152	0.497627
64	154	1.35266
64	157	0.483732
64	160	0.507914
64	168	1.39531
64	179	0.437873
65	7	1.39459
65	44	1.35205
65	46	1.35266
65	52	0.526131
65	77	1.33463
65	101	1.43088
65	129	1.30471
65	132	1.34928
65	145	1.34272
65	155	0.480206
65	156	1.32249
65	159	0.501774
65	168	0.435835
65	170	0.492381
65	178	0.480556
65	179	1.41593
65	180	0.489561
66	53	0.477641
66	121	1.34697
66	128	0.477271
66	141	1.31785
66	147	1.34761
66	151	0.49597
66	154	0.504152
66	158	1.33728
66	161	1.38749
66	162	0.471912
66	165	1.34086
66	167	0.482912
66	171	0.481092
66	175	1.37068
66	176	1.3827
66	177	1.38719
66	178	1.38136
67	38	1.40871
67	58	1.36609
67	69	1.29585
67	87	1.31294
67	107	1.32264
67	109	1.3155
67	111	1.28657
67	112	1.26598
67	118	1.298
67	120	1.22007
67	126	1.30769
67	127	0.534857
67	163	0.515621
67	168	0.483284
67	169	0.534084
67	176	0.528138
67	178	0.528006
67	179	0.480191
68	3	1.36458
68	24	1.27835
68	25	0.545266
68	35	1.38659
68	39	1.3777
68	61	1.18711
68	81	1.34182
68	82	1.17675
68	83	0.517448
68	85	0.522309
68	91	1.36444
68	96	0.508122
68	97	1.31009
68	146	1.33121
68	154	1.28131
68	166	0.522621
68	168	0.473356
68	176	0.51821
69	12	1.35299
69	38	1.39008
69	55	1.35776
69	67	1.29585
69	72	1.42136
69	109	1.29687
69	111	1.26794
69	112	1.24735
69	118	1.27937
69	120	1.20144
69	126	1.28906
69	137	0.528772
69	146	0.493708
69	158	0.544907
69	168	0.4712
69	169	0.522
69	174	0.525099
69	175	0.519028
70	5	1.16235
70	14	1.31139
70	20	1.34199
70	26	1.27025
70	36	1.41758
70	45	1.32622
70	62	1.33388
70	78	1.38201
70	79	1.24451
70	93	0.54984
70	139	0.522985
70	147	0.530647
70	159	0.540724
70	160	1.30138
70	162	0.515159
70	166	1.30843
70	168	0.474785
70	179	0.471692
71	31	0.419361
71	52	1.3868
71	64	1.49068
71	92	1.41101
71	102	1.43832
71	108	0.467172
71	113	1.41937
71	115	1.46842
71	116	1.38005
71	131	1.434
71	135	1.49696
71	146	0.43929
71	161	0.460786
71	168	1.47434
71	173	0.468221
71	178	0.461504
71	179	0.41369
71	180	0.470509
72	6	1.49886
72	36	0.442332
72	38	1.53422
72	58	1.4916
72	69	1.42136
72	107	1.44815
72	111	1.41208
72	112	1.39149
72	118	1.42351
72	120	1.34558
72	126	1.4332
72	140	0.47101
72	148	0.468533
72	151	0.4762
72	167	0.463143
72	168	0.411769
72	175	0.459597
72	179	0.408676
73	80	0.53791
73	100	0.4902
73	120	0.565394
73	144	0.49914
73	150	1.30613
73	151	0.504608
73	152	0.496837
73	155	1.32426
73	158	1.27299
73	159	1.27271
73	165	1.27657
73	170	1.31066
73	172	1.33934
73	175	1.30639
73	176	1.31841
73	178	1.31707
73	179	1.35548
73	180	0.493904
74	1	1.35431
74	47	1.30595
74	93	0.538091
74	94	0.502132
74	134	0.504051
74	138	1.27978
74	151	1.29644
74	152	1.3045
74	157	1.32769
74	158	0.536742
74	162	1.32288
74	164	1.29882
74	169	1.30053
74	170	0.519582
74	173	1.29971
74	176	0.507889
74	177	0.502987
74	180	1.30935
75	19	1.18965
75	42	1.35704
75	92	1.29591
75	113	1.30428
75	115	1.35333
75	116	1.26496
75	124	0.518547
75	129	1.27848
75	131	1.31891
75	135	1.38187
75	145	0.541594
75	146	0.489197
75	152	0.52335
75	156	1.29627
75	163	0.499026
75	168	1.35925
75	177	0.506641
75	180	0.520416
76	15	0.396577
76	40	1.29205
76	62	0.514399
76	80	0.567344
76	92	0.548556
76	104	0.511241
76	117	0.518697
76	134	1.29541
76	137	1.28208
76	142	1.34886
76	150	1.30282
76	151	0.534042
76	161	1.31989
76	170	1.30735
76	175	1.30308
76	176	1.3151
76	177	1.31959
76	178	1.31376
77	7	1.33726
77	37	1.37238
77	44	1.29472
77	46	1.29533
77	47	0.515652
77	65	1.33463
77	95	1.31718
77	121	0.533757
77	122	0.509493
77	129	1.24737
77	132	1.29195
77	145	1.28539
77	146	0.500424
77	147	0.533778
77	150	0.538732
77	156	1.26515
77	168	0.477916
77	179	1.3586
78	5	1.24244
78	10	1.45933
78	14	1.39148
78	20	1.42208
78	26	1.35034
78	47	0.473989
78	53	1.44377
78	62	1.41397
78	70	1.38201
78	79	1.3246
78	93	0.511309
78	156	0.515857
78	160	1.38147
78	162	0.476628
78	163	0.46859
78	166	1.38852
78	168	0.436254
78	179	0.433161
78	180	0.489981
79	5	1.10494
79	10	1.32183
79	20	1.28458
79	26	1.21284
79	36	1.36017
79	45	1.26881
79	53	1.30627
79	62	1.27647
79	70	1.24451
79	78	1.3246
79	88	0.546467
79	117	0.546239
79	123	0.581969
79	127	0.548725
79	160	1.24397
79	163	0.529489
79	166	1.25102
79	168	0.497153
79	169	0.547953
80	36	0.517294
80	73	0.53791
80	76	0.567344
80	86	1.27516
80	106	0.5262
80	123	1.22418
80	125	1.26313
80	137	0.544302
80	141	0.582813
80	143	1.28691
80	152	1.2622
80	155	0.531101
80	157	1.28539
80	162	1.28059
80	169	1.25823
80	171	1.27365
80	173	1.25741
80	174	1.26609
80	180	1.26705
81	3	1.43747
81	15	1.42236
81	35	1.45948
81	39	1.45059
81	61	1.26
81	68	1.34182
81	82	1.24964
81	86	0.49797
81	91	1.43733
81	97	1.38297
81	139	0.469737
81	142	0.470113
81	146	1.40409
81	150	0.482353
81	154	1.35419
81	160	0.488485
81	163	0.453873
81	174	0.475435
81	176	0.46639
82	3	1.2724
82	8	1.26457
82	15	1.25729
82	24	1.18617
82	35	1.29441
82	39	1.28552
82	61	1.09493
82	68	1.17675
82	81	1.24964
82	90	0.577062
82	91	1.27226
82	97	1.2179
82	128	0.572906
82	145	0.602077
82	146	1.23902
82	154	1.18912
82	173	0.578611
82	176	0.572026
82	178	0.571894
82	179	0.52408
83	57	1.33989
83	68	0.517448
83	123	0.517906
83	124	0.484946
83	133	1.29998
83	136	0.514042
83	138	0.515697
83	139	0.48129
83	150	1.32088
83	161	1.33795
83	162	0.473463
83	163	1.32781
83	170	1.32541
83	172	1.35409
83	173	0.484528
83	175	1.32114
83	176	1.33316
83	177	1.33765
83	178	1.33182
83	179	1.37023
84	6	0.485662
84	22	0.513656
84	37	0.464257
84	39	0.478773
84	51	1.44075
84	53	0.486208
84	103	0.525029
84	111	0.526636
84	112	0.51454
84	113	1.28884
84	117	1.34108
84	131	1.30347
84	135	1.36643
84	156	1.28083
84	168	1.34381
84	169	1.31308
84	174	1.32094
84	176	1.3372
84	177	1.34169
84	180	1.32189
85	11	1.37943
85	55	0.505429
85	68	0.522309
85	102	0.510985
85	117	1.3514
85	136	1.32142
85	144	1.3265
85	145	1.31138
85	148	0.494714
85	149	1.2803
85	156	0.517553
85	157	1.35056
85	168	1.35413
85	170	0.494496
85	171	1.33882
85	172	0.476245
85	173	1.32258
85	174	1.33126
85	175	0.485778
85	180	1.33221
86	38	0.425769
86	49	0.523321
86	80	1.27516
86	81	0.49797
86	100	1.36123
86	106	0.504901
86	108	1.34608
86	114	0.524662
86	123	1.30038
86	132	0.52931
86	140	1.35483
86	149	1.29134
86	153	0.494564
86	162	1.35679
86	167	1.34517
86	171	1.34986
86	173	1.33361
86	174	1.3423
86	177	0.505382
86	180	1.34325
87	6	1.37182
87	32	0.5796
87	33	1.48045
87	51	0.471356
87	54	1.35417
87	55	1.37485
87	58	1.36456
87	67	1.31294
87	107	1.32111
87	109	1.31397
87	111	1.28503
87	118	1.29647
87	120	1.21853
87	126	1.30616
87	135	0.495762
87	148	0.510177
87	161	0.497416
87	172	0.491708
87	174	0.50731
87	179	0.450319
88	31	0.44089
88	79	0.546467
88	106	1.32764
88	110	1.29001
88	111	0.524843
88	144	0.497275
88	145	0.513216
88	147	1.30991
88	155	1.35086
88	159	1.2993
88	165	1.30316
88	167	0.489686
88	171	0.487866
88	172	1.36593
88	174	0.49221
88	175	1.33298
88	176	1.345
88	177	1.34949
88	178	1.34366
88	179	1.38207
89	22	1.27765
89	27	0.568479
89	29	1.2747
89	32	1.25805
89	48	1.30596
89	52	1.24107
89	56	1.32951
89	95	0.508539
89	103	1.30107
89	114	1.33088
89	125	0.527248
89	132	1.29242
89	137	0.539425
89	145	1.28586
89	160	1.28954
89	162	0.522227
89	163	1.31666
89	166	1.29659
89	174	0.535752
89	177	0.521805
89	179	0.47876
90	60	0.570516
90	82	0.577062
90	104	1.32555
90	105	0.540646
90	120	0.564104
90	137	0.496458
90	138	1.25717
90	139	1.30525
90	140	1.29832
90	152	1.28189
90	155	0.483258
90	162	1.30027
90	164	1.27621
90	167	1.28865
90	169	1.27792
90	170	0.495433
90	173	1.2771
90	174	1.28578
90	177	0.478838
90	179	1.33912
90	180	1.28674
91	3	1.46008
91	15	1.44498
91	24	1.37386
91	35	1.4821
91	39	1.47321
91	57	0.465726
91	61	1.28262
91	68	1.36444
91	81	1.43733
91	82	1.27226
91	97	1.40559
91	105	0.51725
91	146	1.42671
91	154	1.37681
91	156	0.495094
91	163	0.447827
91	164	0.474978
91	175	0.463319
91	176	0.460344
91	179	0.412398
91	180	0.469217
92	22	0.541493
92	25	0.539852
92	62	0.51273
92	64	1.33197
92	71	1.41101
92	75	1.29591
92	76	0.548556
92	102	1.27961
92	113	1.26067
92	115	1.30972
92	116	1.22134
92	129	1.23487
92	131	1.2753
92	135	1.33826
92	154	1.27299
92	156	1.25266
92	163	0.500279
92	164	0.52743
92	168	1.31564
92	170	0.524489
92	177	0.507894
93	70	0.54984
93	74	0.538091
93	78	0.511309
93	107	0.539618
93	108	0.514442
93	119	1.276
93	127	0.515625
93	135	0.506403
93	147	1.27214
93	148	1.30236
93	155	1.31308
93	158	1.26181
93	159	1.26153
93	165	1.26539
93	170	1.29948
93	172	1.32816
93	175	1.29521
93	176	1.30723
93	177	1.31172
93	178	1.30589
93	180	0.517779
94	28	1.31556
94	64	0.480063
94	74	0.502132
94	107	0.50366
94	109	0.493022
94	119	1.34488
94	130	1.30304
94	134	1.35642
94	141	1.31127
94	147	1.34102
94	153	1.40865
94	154	0.500708
94	157	0.470859
94	165	1.33427
94	167	0.479468
94	169	0.478894
94	170	1.36836
94	172	1.39704
94	175	1.36409
94	177	1.3806
94	178	1.37478
94	180	0.48182
95	9	0.466973
95	10	0.459019
95	19	0.58449
95	23	1.30674
95	44	1.3346
95	46	1.33521
95	48	0.48436
95	51	0.433627
95	54	0.467647
95	77	1.31718
95	89	0.508539
95	103	0.500607
95	104	1.38491
95	107	0.491249
95	140	1.35768
95	172	1.38234
95	175	1.34939
95	176	1.36141
95	177	1.3659
95	178	1.36007
95	179	1.39848
95	180	1.3461
96	2	0.470045
96	22	0.497314
96	68	0.508122
96	107	0.499328
96	111	0.510294
96	128	0.469496
96	130	1.28803
96	134	1.34141
96	140	0.483005
96	142	1.39486
96	147	1.32601
96	153	1.39364
96	161	1.36589
96	165	1.31926
96	170	1.35335
96	172	1.38203
96	174	0.477661
96	175	1.34908
96	176	1.3611
96	177	1.36559
96	178	1.35976
96	180	0.477489
97	3	1.40573
97	8	1.3979
97	15	1.39062
97	24	1.3195
97	34	0.467664
97	35	1.42774
97	39	1.41885
97	61	1.22826
97	68	1.31009
97	81	1.38297
97	82	1.2179
97	91	1.40559
97	127	0.50601
97	146	1.37236
97	154	1.32246
97	161	0.498441
97	168	0.454438
97	170	0.510984
97	171	0.503991
97	175	0.502266
97	179	0.451345
97	180	0.508164
98	2	1.30348
98	41	0.544307
98	59	0.519657
98	123	1.21394
98	127	1.26461
98	136	1.24602
98	139	1.27532
98	140	1.26839
98	147	0.550704
98	148	0.551606
98	152	1.25196
98	156	0.574445
98	164	1.24629
98	165	0.577877
98	167	1.25873
98	169	1.248
98	170	0.551388
98	171	1.26342
98	173	1.24717
98	174	1.25586
98	178	0.539564
98	180	1.25681
99	12	0.538699
99	53	0.536977
99	136	0.571826
99	137	1.23273
99	145	0.565779
99	147	1.23065
99	150	1.25347
99	153	1.29829
99	155	1.2716
99	159	1.22004
99	161	1.27053
99	164	0.550362
99	165	1.2239
99	169	0.541674
99	170	1.25799
99	172	1.28668
99	173	0.542313
99	174	0.544772
99	175	1.25373
99	176	1.26574
99	177	1.27024
99	178	1.26441
100	73	0.4902
100	86	1.36123
100	104	1.39193
100	114	0.498252
100	122	0.470598
100	128	1.35153
100	133	0.495631
100	136	1.34233
100	138	1.32355
100	151	1.34021
100	155	0.483391
100	157	1.37146
100	159	0.50496
100	160	0.505968
100	161	0.483024
100	162	1.36666
100	164	1.34259
100	171	1.35972
100	173	1.34348
100	174	1.35216
100	177	0.478972
100	180	1.35312
101	1	0.431027
101	37	1.46863
101	48	1.40174
101	56	1.42528
101	65	1.43088
101	104	0.429987
101	114	1.42665
101	116	0.504931
101	123	0.473174
101	127	0.43993
101	136	0.46931
101	138	0.470965
101	149	0.474198
101	151	0.452789
101	156	1.36141
101	165	1.37594
101	166	1.39237
101	173	0.439796
101	175	1.40576
101	176	1.41778
101	177	1.42227
101	178	1.41644
101	179	1.45485
102	8	1.37575
102	9	1.36525
102	19	1.17335
102	42	1.34074
102	71	1.43832
102	85	0.510985
102	92	1.27961
102	113	1.28798
102	115	1.33703
102	116	1.24866
102	129	1.26218
102	131	1.30261
102	135	1.36557
102	143	0.500688
102	149	0.547874
102	153	0.491166
102	156	1.27997
102	161	0.506037
102	163	0.494369
102	164	0.521521
102	166	0.511297
102	168	1.34295
102	174	0.515931
103	22	1.30047
103	29	1.29753
103	32	1.28088
103	41	0.523387
103	47	1.32613
103	48	1.32879
103	52	1.26389
103	56	1.35233
103	84	0.525029
103	89	1.30107
103	95	0.500607
103	106	0.513392
103	114	1.3537
103	132	1.31525
103	133	0.530532
103	145	1.30868
103	157	0.516687
103	160	1.31236
103	163	1.33948
103	166	1.31942
103	172	0.512218
103	177	0.513873
103	179	0.470829
104	17	1.40252
104	76	0.511241
104	90	1.32555
104	95	1.38491
104	100	1.39193
104	101	0.429987
104	119	0.488464
104	130	0.536263
104	140	1.38554
104	144	1.36824
104	149	1.32204
104	151	1.36105
104	153	0.459761
104	155	0.474998
104	157	1.3923
104	160	0.497575
104	162	1.38749
104	164	1.36343
104	167	1.37587
104	169	1.36514
104	172	0.468923
104	177	0.470579
104	178	0.475349
104	180	1.37395
105	26	0.575698
105	30	0.467451
105	42	1.30327
105	90	0.540646
105	91	0.51725
105	107	1.2814
105	108	0.541146
105	111	1.24532
105	113	1.25051
105	115	1.29956
105	118	1.25676
105	120	1.17882
105	126	1.26645
105	131	1.26514
105	135	1.3281
105	153	1.33142
105	157	0.533522
105	162	0.53113
105	163	1.29353
105	173	0.542195
105	176	1.29887
105	177	1.30337
105	178	1.29754
105	180	0.544483
106	80	0.5262
106	86	0.504901
106	88	1.32764
106	103	0.513392
106	107	0.504033
106	116	0.545042
106	119	1.31718
106	124	0.480324
106	130	1.27533
106	133	1.31523
106	136	0.50942
106	143	0.467122
106	148	1.34353
106	150	1.33613
106	153	1.38095
106	157	0.471233
106	159	1.3027
106	162	0.468841
106	165	1.30656
106	170	1.34065
106	172	1.36934
106	175	1.33639
106	176	1.3484
106	177	1.3529
106	178	1.34707
107	6	1.38152
107	12	1.37978
107	54	1.36387
107	55	1.38455
107	58	1.37426
107	67	1.32264
107	72	1.44815
107	87	1.32111
107	93	0.539618
107	94	0.50366
107	95	0.491249
107	96	0.499328
107	105	1.2814
107	106	0.504033
107	109	1.32366
107	111	1.29473
107	112	1.27415
107	118	1.30617
107	120	1.22823
107	126	1.31586
107	142	0.513139
107	146	0.487071
107	162	0.504937
107	163	0.496899
107	168	0.464563
108	27	0.526012
108	40	0.49623
108	71	0.467172
108	86	1.34608
108	93	0.514442
108	105	0.541146
108	110	0.500448
108	123	1.2951
108	127	1.34577
108	139	1.35648
108	147	0.495249
108	149	1.28606
108	151	1.32507
108	152	1.33312
108	157	1.35631
108	160	0.506335
108	162	1.35151
108	164	1.32745
108	169	1.32916
108	171	1.34458
108	172	0.477683
108	173	1.32833
108	174	1.33702
108	178	0.484109
108	180	1.33797
109	12	1.37264
109	33	1.48301
109	38	1.40973
109	54	1.35673
109	55	1.37741
109	58	1.36712
109	67	1.3155
109	69	1.29687
109	87	1.31397
109	94	0.493022
109	107	1.32366
109	111	1.28759
109	112	1.26701
109	118	1.29903
109	120	1.22109
109	126	1.30871
109	131	0.51945
109	146	0.476434
109	151	0.518357
109	152	0.510586
109	155	0.498297
109	165	0.536961
109	175	0.501754
109	178	0.498648
109	179	0.450833
110	19	0.618865
110	21	0.519909
110	88	1.29001
110	108	0.500448
110	114	0.50929
110	119	1.27955
110	129	0.541619
110	133	1.2776
110	137	1.27776
110	139	0.498259
110	142	1.34453
110	143	0.488714
110	144	0.509022
110	147	1.27569
110	150	1.2985
110	153	1.34332
110	155	1.31663
110	158	1.26536
110	159	1.26508
110	171	0.499613
110	172	1.33171
110	175	1.29876
110	176	1.31078
110	177	1.31527
110	178	1.30944
110	180	0.503786
111	4	0.495048
111	6	1.34544
111	38	1.3808
111	47	0.513264
111	54	1.32779
111	55	1.34848
111	58	1.33818
111	67	1.28657
111	69	1.26794
111	72	1.41208
111	84	0.526636
111	87	1.28503
111	88	0.524843
111	96	0.510294
111	105	1.24532
111	107	1.29473
111	109	1.28759
111	112	1.23807
111	118	1.27009
111	120	1.19216
111	126	1.27978
111	134	0.516545
111	145	0.550434
111	162	0.515903
111	173	0.526967
111	176	0.520382
112	12	1.32312
112	32	0.589621
112	33	1.43349
112	34	1.36616
112	38	1.36022
112	54	1.30721
112	55	1.32789
112	58	1.3176
112	67	1.26598
112	69	1.24735
112	72	1.39149
112	84	0.51454
112	107	1.27415
112	109	1.26701
112	111	1.23807
112	118	1.24951
112	120	1.17157
112	126	1.2592
112	141	0.559516
112	148	0.520197
112	160	0.530381
112	161	0.507436
112	166	0.512697
112	168	0.463433
112	175	0.511261
112	177	0.503384
113	9	1.3463
113	19	1.1544
113	47	0.510826
113	51	1.42094
113	64	1.34034
113	71	1.41937
113	75	1.30428
113	84	1.28884
113	92	1.26067
113	102	1.28798
113	105	1.25051
113	116	1.22971
113	125	0.518485
113	131	1.28366
113	135	1.34662
113	140	0.532332
113	149	0.558931
113	154	1.28135
113	156	1.26102
113	158	0.546796
113	163	0.505426
113	168	1.324
113	171	0.522644
113	176	0.517943
113	178	0.517812
113	179	0.469997
114	4	1.38587
114	22	1.33027
114	29	1.32733
114	32	1.31068
114	47	1.35593
114	48	1.35859
114	52	1.2937
114	56	1.38214
114	86	0.524662
114	89	1.33088
114	100	0.498252
114	101	1.42665
114	103	1.3537
114	110	0.50929
114	121	0.504069
114	132	1.34505
114	145	1.33849
114	146	0.470736
114	154	0.520842
114	160	1.34217
114	163	1.36929
114	166	1.34922
114	168	0.448228
114	171	0.497782
114	176	0.493082
114	178	0.49295
114	179	0.445135
115	9	1.39535
115	19	1.20345
115	42	1.37084
115	43	0.486824
115	51	1.47
115	64	1.38939
115	71	1.46842
115	75	1.35333
115	92	1.30972
115	102	1.33703
115	105	1.29956
115	116	1.27876
115	121	0.498793
115	122	0.474529
115	129	1.29229
115	131	1.33272
115	135	1.39567
115	140	0.502194
115	141	0.539035
115	150	0.503768
115	154	1.3304
115	159	0.508891
115	163	0.475288
115	168	1.37305
115	169	0.493752
115	176	0.487805
115	179	0.439859
116	4	1.28931
116	9	1.30698
116	19	1.11508
116	42	1.28247
116	51	1.38162
116	64	1.30102
116	71	1.38005
116	75	1.26496
116	92	1.22134
116	101	0.504931
116	102	1.24866
116	106	0.545042
116	113	1.22971
116	115	1.27876
116	126	0.562322
116	131	1.24434
116	135	1.3073
116	143	0.544226
116	146	0.528079
116	154	1.24203
116	156	1.2217
116	162	0.545945
116	167	0.556946
116	168	1.28468
116	169	0.556372
116	176	0.550425
116	179	0.502478
117	21	1.32856
117	57	0.488319
117	59	0.462899
117	76	0.518697
117	79	0.546239
117	84	1.34108
117	85	1.3514
117	119	0.49592
117	122	0.469661
117	127	1.36213
117	128	1.35275
117	133	0.494694
117	136	1.34354
117	140	1.36591
117	144	1.34862
117	151	1.34143
117	152	1.34948
117	155	0.482455
117	166	0.487348
117	167	1.35625
117	169	1.34552
117	171	1.36094
117	173	1.34469
117	174	1.35338
117	176	0.482937
117	178	0.482806
117	180	1.35433
118	6	1.35688
118	12	1.35514
118	33	1.46551
118	47	0.509321
118	54	1.33923
118	55	1.35991
118	58	1.34962
118	67	1.298
118	69	1.27937
118	72	1.42351
118	87	1.29647
118	105	1.25676
118	107	1.30617
118	109	1.29903
118	111	1.27009
118	112	1.24951
118	120	1.20359
118	126	1.29122
118	134	0.512601
118	139	0.519786
118	160	0.538533
118	162	0.511959
118	168	0.471585
118	170	0.528132
118	172	0.509881
118	174	0.525484
118	177	0.511537
118	179	0.468492
119	39	0.485502
119	50	0.539571
119	52	0.53713
119	59	1.33487
119	93	1.276
119	94	1.34488
119	104	0.488464
119	106	1.31718
119	110	1.27955
119	117	0.49592
119	134	1.31484
119	147	1.29944
119	148	1.32966
119	149	0.532674
119	151	0.511265
119	152	0.503494
119	155	1.34039
119	158	1.28912
119	159	1.28883
119	163	1.32919
119	170	1.32678
119	171	0.496387
119	174	0.500732
119	175	1.32252
119	176	1.33453
119	177	1.33902
119	178	1.3332
119	180	0.50056
120	6	1.27894
120	12	1.27721
120	34	1.32025
120	38	1.3143
120	54	1.26129
120	55	1.28198
120	58	1.27168
120	67	1.22007
120	69	1.20144
120	72	1.34558
120	73	0.565394
120	87	1.21853
120	90	0.564104
120	105	1.17882
120	107	1.22823
120	109	1.22109
120	111	1.19216
120	112	1.17157
120	118	1.20359
120	126	1.21328
120	134	0.55523
120	146	0.536722
120	155	0.558585
120	160	0.581162
120	175	0.562042
120	176	0.559067
120	178	0.558936
120	180	0.567941
121	21	0.514689
121	50	0.537576
121	54	0.496802
121	59	1.33037
121	66	1.34697
121	77	0.533757
121	114	0.504069
121	115	0.498793
121	123	0.529655
121	127	0.496411
121	135	0.487188
121	141	1.26519
121	147	1.29494
121	150	1.31776
121	153	1.36258
121	155	1.33589
121	158	1.28462
121	159	1.28433
121	165	1.28819
121	166	1.30462
121	167	0.496213
121	170	1.32229
121	172	1.35097
121	174	0.498737
121	175	1.31802
121	176	1.33003
121	177	1.33453
121	178	1.3287
122	29	0.50855
122	59	1.38093
122	77	0.509493
122	100	0.470598
122	115	0.474529
122	117	0.469661
122	125	0.465969
122	130	1.30753
122	133	1.34742
122	137	1.34758
122	139	0.468775
122	147	1.34551
122	148	1.37573
122	149	0.506415
122	153	1.41314
122	154	0.493188
122	158	1.33518
122	159	1.3349
122	161	1.38539
122	164	0.480062
122	165	1.33876
122	170	1.37285
122	171	0.470128
122	172	1.40153
122	173	0.472013
122	175	1.36858
122	176	1.3806
122	177	1.38509
122	178	1.37926
123	22	0.547365
123	23	1.25292
123	28	0.541982
123	79	0.581969
123	80	1.22418
123	83	0.517906
123	86	1.30038
123	98	1.21394
123	101	0.473174
123	108	1.2951
123	121	0.529655
123	124	1.32109
123	127	1.30007
123	139	1.31079
123	142	0.52239
123	148	0.530579
123	151	1.27937
123	153	0.502947
123	157	1.31062
123	158	0.54752
123	162	1.30581
123	164	1.28175
123	167	1.29419
123	171	1.29888
123	172	0.51211
123	173	1.28264
123	174	1.29132
123	179	1.34465
123	180	1.29227
124	33	0.420046
124	36	0.471418
124	49	0.498745
124	75	0.518547
124	83	0.484946
124	106	0.480324
124	123	1.32109
124	125	1.36004
124	140	1.37554
124	142	0.48943
124	143	1.38382
124	144	1.35825
124	147	0.496717
124	152	1.35912
124	153	0.469988
124	154	1.34323
124	157	1.38231
124	158	0.514561
124	163	1.37393
124	164	1.35344
124	167	1.36588
124	169	1.35515
124	171	1.37057
124	172	0.47915
124	173	1.35432
124	174	1.36301
124	176	0.485708
124	179	1.41634
124	180	1.36396
125	2	1.37789
125	80	1.26313
125	89	0.527248
125	113	0.518485
125	122	0.465969
125	124	1.36004
125	128	1.32964
125	130	0.540027
125	136	1.32043
125	137	0.491964
125	140	1.3428
125	143	1.35108
125	145	1.31038
125	156	0.513996
125	157	1.34957
125	158	0.508099
125	162	1.34476
125	164	1.3207
125	165	0.517428
125	166	0.483657
125	167	1.33314
125	168	1.35313
125	169	1.32241
125	170	0.490939
125	171	1.33783
125	173	1.32158
125	174	1.33027
125	175	0.482221
125	177	0.474344
125	180	1.33122
126	4	0.465267
126	6	1.36657
126	16	0.474226
126	32	0.571936
126	33	1.4752
126	34	1.40787
126	38	1.40193
126	52	0.536044
126	54	1.34892
126	55	1.3696
126	58	1.35931
126	67	1.30769
126	69	1.28906
126	72	1.4332
126	87	1.30616
126	105	1.26645
126	107	1.31586
126	109	1.30871
126	111	1.27978
126	112	1.2592
126	116	0.562322
126	118	1.29122
126	120	1.21328
126	132	0.509627
126	155	0.490118
126	165	0.528783
126	168	0.445748
126	172	0.484044
126	173	0.497186
126	179	0.442655
127	51	0.458514
127	64	0.492539
127	67	0.534857
127	79	0.548725
127	93	0.515625
127	97	0.50601
127	98	1.26461
127	101	0.43993
127	108	1.34577
127	117	1.36213
127	121	0.496411
127	123	1.30007
127	128	1.34136
127	138	1.31338
127	139	1.36145
127	149	1.29103
127	151	1.33004
127	152	1.33809
127	157	1.36128
127	160	0.507518
127	162	1.35648
127	164	1.33242
127	165	0.523605
127	169	1.33413
127	170	0.497116
127	171	1.34955
127	173	1.3333
127	174	1.34199
127	176	0.485423
127	180	1.34294
128	13	1.37302
128	58	0.489232
128	63	1.22164
128	66	0.477271
128	82	0.572906
128	96	0.469496
128	100	1.35153
128	117	1.35275
128	125	1.32964
128	127	1.34136
128	130	0.540365
128	139	1.35207
128	140	1.34514
128	141	0.530813
128	152	1.32871
128	153	0.463864
128	158	0.508437
128	159	0.50067
128	160	0.501678
128	161	0.478734
128	162	1.3471
128	163	1.34352
128	164	1.32304
128	167	1.33548
128	169	1.32475
128	171	1.34017
128	173	1.32392
128	174	1.33261
128	178	0.479452
128	180	1.33356
129	7	1.30733
129	10	0.523893
129	37	1.34245
129	42	1.296
129	43	0.52443
129	49	0.538449
129	65	1.30471
129	75	1.27848
129	77	1.24737
129	92	1.23487
129	102	1.26218
129	110	0.541619
129	115	1.29229
129	131	1.25787
129	133	0.537168
129	135	1.32083
129	136	1.2655
129	145	1.25546
129	147	0.53642
129	150	0.541374
129	152	1.27145
129	156	1.23523
129	158	0.554264
129	159	0.546497
129	162	1.28983
129	166	0.529822
129	169	1.26748
129	172	0.518854
129	173	1.26666
129	174	1.27534
129	177	0.520509
129	179	1.32867
130	15	0.421598
130	39	0.533301
130	94	1.30304
130	96	1.28803
130	104	0.536263
130	106	1.27533
130	122	1.30753
130	125	0.540027
130	128	0.540365
130	132	1.26311
130	139	0.542833
130	140	0.553874
130	141	1.22784
130	147	1.2576
130	155	1.29854
130	157	0.537398
130	158	1.24727
130	159	1.24699
130	160	1.26022
130	161	1.29748
130	166	1.26728
130	167	0.546007
130	168	1.29929
130	169	0.545432
130	170	1.28494
130	172	1.31362
130	173	0.546071
130	174	0.548531
130	175	1.28067
130	176	1.29269
130	177	1.29718
130	178	1.29135
131	8	1.37143
131	9	1.36093
131	42	1.33642
131	51	1.43558
131	52	1.25109
131	63	0.550466
131	64	1.35497
131	71	1.434
131	75	1.31891
131	84	1.30347
131	92	1.2753
131	102	1.30261
131	105	1.26514
131	109	0.51945
131	113	1.28366
131	115	1.33272
131	116	1.24434
131	129	1.25787
131	135	1.36125
131	140	0.513763
131	144	0.513485
131	146	0.477029
131	154	1.29599
131	156	1.27565
131	159	0.520461
131	163	0.486858
131	164	0.51401
131	168	1.33863
131	170	0.511068
131	172	0.492818
131	174	0.50842
131	175	0.50235
131	177	0.494473
132	6	0.498434
132	16	0.481356
132	33	0.432069
132	46	1.30998
132	56	1.34368
132	61	0.587225
132	65	1.34928
132	77	1.29195
132	86	0.52931
132	89	1.29242
132	103	1.31525
132	114	1.34505
132	126	0.509627
132	130	1.26311
132	138	0.535485
132	143	0.491532
132	145	1.30003
132	148	1.33131
132	156	1.2798
132	157	0.495642
132	158	1.29076
132	160	1.30371
132	163	1.33083
132	164	0.512365
132	166	1.31077
132	169	0.503677
132	172	1.35711
132	174	0.506775
132	176	1.33618
132	177	1.34067
132	178	1.33484
132	179	1.37325
132	180	0.506604
133	1	0.488278
133	17	0.49055
133	46	0.490829
133	57	1.33931
133	63	0.541552
133	83	1.29998
133	100	0.495631
133	103	0.530532
133	106	1.31523
133	110	1.2776
133	117	0.494694
133	122	1.34742
133	129	0.537168
133	134	1.3129
133	137	1.29957
133	139	0.493808
133	141	1.26774
133	142	1.36634
133	149	0.531449
133	150	1.32031
133	155	1.33844
133	158	1.28717
133	161	1.33738
133	164	0.505096
133	165	1.29074
133	169	0.496408
133	170	1.32484
133	172	1.35352
133	173	0.497046
133	175	1.32057
133	176	1.33259
133	177	1.33708
133	178	1.33125
134	22	0.503564
134	49	1.31947
134	74	0.504051
134	76	1.29541
134	94	1.35642
134	96	1.34141
134	111	0.516545
134	118	0.512601
134	119	1.31484
134	120	0.55523
134	133	1.3129
134	137	1.31305
134	138	0.512621
134	139	0.478214
134	141	1.28123
134	145	0.504918
134	146	1.35993
134	150	1.33379
134	155	1.35193
134	158	1.30065
134	161	1.35086
134	164	0.489501
134	165	1.30423
134	167	0.481387
134	169	0.480813
134	170	1.33832
134	172	1.367
134	173	0.481451
134	174	0.483911
134	175	1.33405
134	176	1.34607
134	177	1.35056
134	178	1.34473
134	179	1.38314
134	180	0.48374
135	4	1.40622
135	9	1.42389
135	19	1.23199
135	42	1.39938
135	47	0.469083
135	51	1.49854
135	52	1.31405
135	64	1.41793
135	71	1.49696
135	75	1.38187
135	84	1.36643
135	87	0.495762
135	92	1.33826
135	93	0.506403
135	102	1.36557
135	105	1.3281
135	113	1.34662
135	115	1.39567
135	116	1.3073
135	121	0.487188
135	129	1.32083
135	131	1.36125
135	145	0.506252
135	146	0.453855
135	148	0.488112
135	150	0.492163
135	154	1.35894
135	155	0.475718
135	156	1.33861
135	167	0.482722
135	168	1.40159
135	169	0.482147
135	176	0.476201
135	178	0.476069
135	179	0.428254
135	180	0.485074
136	37	0.494102
136	49	0.527841
136	59	0.494765
136	63	1.21244
136	83	0.514042
136	85	1.32142
136	98	1.24602
136	99	0.571826
136	100	1.34233
136	101	0.46931
136	106	0.50942
136	117	1.34354
136	125	1.32043
136	129	1.2655
136	138	1.29479
136	139	1.34286
136	140	1.33593
136	144	1.31864
136	149	1.27244
136	151	1.31145
136	152	1.31951
136	153	0.499083
136	154	1.30362
136	155	0.514321
136	156	0.549553
136	164	1.31383
