1	10	0.751657
1	19	0.7303
1	29	0.803531
1	30	0.785969
1	36	0.899498
1	38	0.794636
1	55	0.887688
1	147	0.804072
1	153	0.778449
1	158	1.67732
1	165	1.35763
1	174	2.82491
2	32	0.933531
2	40	0.848915
2	43	0.894767
2	52	0.888698
2	73	0.903891
2	75	0.903575
2	128	1.05459
2	151	0.939875
2	154	0.917639
2	162	1.97422
2	163	1.27668
2	173	1.87264
3	5	0.945555
3	7	0.961747
3	34	0.887606
3	41	1.22913
3	53	0.84215
3	56	0.897144
3	58	0.905068
3	60	0.89881
3	63	0.881405
3	123	1.66123
3	151	0.924693
3	180	2.29652
4	25	0.735449
4	84	1.47485
4	100	0.80796
4	101	0.80991
4	109	0.787634
4	119	0.798124
4	124	0.829346
4	125	0.830702
4	130	0.814142
4	155	0.770009
4	156	2.25279
4	159	2.06221
5	3	0.945555
5	55	0.795022
5	102	1.04473
5	154	0.977266
5	169	0.959978
5	171	0.939108
5	173	0.923944
5	174	0.863861
5	177	0.897187
5	178	0.849921
5	179	0.884364
5	180	0.890984
6	26	0.89557
6	39	0.896155
6	86	0.9151
6	90	0.963204
6	94	0.8778
6	135	0.896693
6	153	0.88985
6	154	0.905999
6	156	0.873158
6	167	1.95151
6	173	1.50901
6	180	1.8608
7	3	0.961747
7	35	0.884451
7	47	0.952667
7	53	0.831028
7	56	0.886022
7	57	0.426107
7	60	0.887688
7	63	0.870283
7	112	0.965364
7	151	0.91357
7	178	2.797
7	180	1.97831
8	34	0.901419
8	35	0.909387
8	43	0.893398
8	53	0.855964
8	56	0.910958
8	58	0.918881
8	60	0.912624
8	63	0.895218
8	78	1.24841
8	92	1.56243
8	127	1.49074
8	157	1.76757
9	12	0.95523
9	23	0.838417
9	26	0.894126
9	86	0.913655
9	90	0.96176
9	94	0.876356
9	127	1.38557
9	149	1.60863
9	152	1.3991
9	153	0.888405
9	154	0.904554
9	170	1.78048
10	1	0.751657
10	18	0.817278
10	19	0.724802
10	29	0.798034
10	36	0.894
10	38	0.789139
10	55	0.882191
10	147	0.798575
10	153	0.772952
10	156	1.56225
10	175	2.02726
10	180	2.25839
11	26	1.37695
11	68	0.869566
11	105	1.2129
11	108	1.0953
11	160	0.837163
11	161	0.830632
11	171	0.815656
11	172	0.80134
11	175	0.786375
11	178	0.726469
11	179	0.760911
11	180	0.767531
12	9	0.95523
12	45	0.949243
12	66	0.890865
12	86	0.891819
12	90	0.939924
12	94	0.85452
12	123	1.35701
12	142	1.35671
12	152	0.919452
12	154	0.882719
12	156	0.849878
12	174	2.53258
13	31	0.911879
13	46	0.888772
13	62	0.92541
13	68	1.51496
13	76	0.883569
13	79	0.928931
13	141	1.48128
13	147	0.914374
13	149	0.907276
13	150	1.51545
13	155	0.876473
13	158	1.62675
14	34	0.88576
14	47	0.961944
14	53	0.840305
14	56	0.895299
14	58	0.903223
14	60	0.896965
14	63	0.87956
14	149	1.38652
14	151	0.922847
14	164	1.64202
14	166	1.62421
14	170	1.55838
15	105	0.929074
15	108	0.920263
15	110	0.920215
15	115	0.799661
15	126	0.869015
15	132	0.891829
15	144	0.888757
15	145	1.18571
15	146	0.900618
15	148	0.892007
15	172	1.90303
15	179	2.2816
16	81	0.899259
16	99	0.889309
16	110	0.916917
16	112	1.18571
16	116	0.884043
16	122	0.9143
16	133	0.91658
16	139	0.920328
16	145	1.17423
16	148	0.888709
16	166	1.57303
16	179	2.27012
17	50	0.859616
17	64	0.950679
17	72	0.922573
17	83	0.89771
17	85	0.90153
17	87	0.899885
17	91	0.879961
17	147	0.899341
17	165	1.11799
17	170	1.35353
17	173	1.6932
17	180	2.04499
18	10	0.817278
18	19	0.795921
18	29	0.869153
18	30	0.85159
18	36	0.965119
18	38	0.860257
18	55	0.953309
18	98	1.3213
18	115	1.27848
18	137	1.77981
18	147	0.869693
18	153	0.844071
18	161	2.10636
19	1	0.7303
19	10	0.724802
19	18	0.795921
19	29	0.776677
19	30	0.759114
19	36	0.872643
19	38	0.767781
19	55	0.860834
19	118	1.7365
19	142	2.23838
19	147	0.777218
19	153	0.751595
19	166	2.24834
20	32	0.809514
20	40	0.724898
20	52	0.764682
20	73	0.779875
20	75	0.779559
20	96	0.809179
20	118	1.95419
20	123	0.773451
20	135	2.12755
20	138	0.76778
20	151	0.815859
20	154	0.793623
20	163	2.14391
21	50	0.8379
21	57	1.14179
21	59	0.876892
21	65	0.78817
21	71	1.47854
21	72	0.900858
21	83	0.875994
21	85	0.879815
21	91	0.858246
21	98	0.914472
21	142	2.05841
21	147	0.877625
21	165	1.767
22	37	0.770776
22	67	1.62166
22	70	0.820276
22	93	2.40889
22	95	0.780938
22	100	0.772719
22	101	0.774668
22	109	0.752393
22	119	0.762882
22	124	0.794104
22	125	0.79546
22	130	0.778901
22	166	2.16261
23	9	0.838417
23	26	0.755477
23	45	0.83243
23	78	0.791951
23	86	0.775006
23	90	0.823111
23	94	0.737707
23	141	1.96404
23	153	0.749756
23	154	0.765905
23	155	2.17739
23	156	0.733065
23	166	2.0912
24	31	0.791484
24	46	0.768377
24	62	0.805015
24	76	0.763175
24	78	2.12552
24	79	0.808537
24	98	2.08656
24	120	0.795775
24	127	0.797027
24	133	1.21306
24	138	0.758663
24	147	0.79398
24	155	0.756078
25	4	0.735449
25	51	0.799642
25	95	0.786798
25	100	0.778578
25	101	0.780527
25	102	0.768074
25	104	1.96557
25	119	0.768741
25	124	0.799963
25	125	0.801319
25	130	0.78476
25	149	2.00476
25	171	2.27168
26	6	0.89557
26	9	0.894126
26	11	1.37695
26	23	0.755477
26	39	0.811771
26	45	0.888139
26	86	0.830715
26	90	0.87882
26	92	1.15048
26	94	0.793416
26	97	0.890851
26	145	1.14073
26	156	0.788774
26	178	2.98385
27	66	1.32441
27	94	1.2311
27	120	0.984746
27	124	0.784354
27	166	0.899914
27	171	0.878455
27	172	0.864139
27	173	0.863291
27	174	0.803208
27	176	0.820101
27	177	0.836534
27	178	0.789268
27	179	0.823711
27	180	0.830331
28	61	0.703264
28	62	1.09238
28	73	1.41542
28	100	1.10324
28	162	0.849296
28	165	0.946827
28	168	0.880977
28	169	0.879558
28	173	0.843524
28	176	0.800334
28	177	0.816767
28	178	0.769501
28	179	0.803943
28	180	0.810564
29	1	0.803531
29	10	0.798034
29	18	0.869153
29	19	0.776677
29	30	0.832346
29	38	0.841013
29	55	0.934066
29	78	0.867022
29	98	1.30437
29	147	0.850449
29	153	0.824827
29	159	1.78529
29	163	1.72428
29	171	2.07563
30	1	0.785969
30	18	0.85159
30	19	0.759114
30	29	0.832346
30	36	0.928312
30	38	0.82345
30	55	0.916503
30	78	0.849459
30	104	1.44082
30	140	2.16169
30	147	0.832887
30	153	0.807264
30	161	1.76073
30	169	1.6414
31	13	0.911879
31	24	0.791484
31	46	0.822893
31	62	0.859531
31	76	0.81769
31	79	0.863052
31	89	1.25565
31	127	0.851542
31	138	0.813179
31	147	0.848495
31	149	0.841397
31	170	1.49436
31	171	1.58942
31	174	2.7261
32	2	0.933531
32	20	0.809514
32	40	0.779211
32	52	0.818994
32	73	0.834187
32	75	0.833871
32	96	0.863491
32	111	1.20815
32	123	0.827763
32	140	1.93168
32	151	0.870171
32	154	0.847935
32	175	1.88218
32	177	1.99348
33	37	0.838697
33	67	1.02835
33	100	0.84064
33	101	0.842589
33	102	0.830136
33	109	0.820314
33	119	0.830804
33	124	0.862026
33	125	0.863381
33	130	0.846822
33	135	1.23083
33	140	2.0133
33	155	0.802689
33	174	2.73522
34	3	0.887606
34	8	0.901419
34	14	0.88576
34	35	0.81031
34	47	0.878526
34	53	0.756886
34	56	0.811881
34	58	0.819804
34	63	0.796141
34	117	1.64413
34	151	0.839429
34	161	1.69172
34	165	1.34732
34	179	2.34577
35	7	0.884451
35	8	0.909387
35	34	0.81031
35	47	0.886493
35	53	0.764854
35	56	0.819848
35	58	0.827772
35	60	0.821514
35	63	0.804109
35	84	1.38302
35	115	1.44663
35	151	0.847396
35	163	1.90937
35	169	2.15519
36	1	0.899498
36	10	0.894
36	18	0.965119
36	19	0.872643
36	30	0.928312
36	38	0.936979
36	55	1.03003
36	89	1.03273
36	118	0.825421
36	147	0.946416
36	153	0.920793
36	168	1.4113
36	171	1.36649
36	178	2.78158
37	22	0.770776
37	33	0.838697
37	84	1.46746
37	96	1.88793
37	100	0.849146
37	102	0.838642
37	109	0.82882
37	115	1.53107
37	119	0.839309
37	124	0.870531
37	125	0.871887
37	130	0.855327
37	143	2.02012
37	155	0.811195
38	1	0.794636
38	10	0.789139
38	18	0.860257
38	19	0.767781
38	29	0.841013
38	30	0.82345
38	36	0.936979
38	55	0.92517
38	131	1.64816
38	147	0.841554
38	152	1.40104
38	153	0.815931
38	170	1.78243
38	172	2.16677
39	6	0.896155
39	26	0.811771
39	45	0.888724
39	86	0.8313
39	90	0.879405
39	94	0.794001
39	97	0.891436
39	115	1.13164
39	149	1.67881
39	153	0.80605
39	154	0.822199
39	156	0.789359
39	169	1.8402
39	175	2.31099
40	2	0.848915
40	20	0.724898
40	32	0.779211
40	52	0.734378
40	66	0.771465
40	71	1.95703
40	73	0.749571
40	75	0.749255
40	115	1.762
40	120	0.774588
40	138	0.737476
40	151	0.785555
40	154	0.763319
40	173	2.82068
41	3	1.22913
41	101	1.47981
41	104	0.904925
41	147	1.01729
41	154	1.26084
41	159	0.889453
41	167	0.798559
41	168	0.854802
41	171	0.832513
41	172	0.818196
41	175	0.803232
41	177	0.790591
41	178	0.743326
41	179	0.777768
41	180	0.784388
42	65	1.33015
42	99	1.25926
42	105	0.83027
42	110	1.14827
42	137	0.901473
42	158	0.876651
42	163	0.886272
42	164	0.872769
42	171	0.827099
42	175	0.797818
42	176	0.768745
42	177	0.785178
42	178	0.737912
42	179	0.772354
42	180	0.778974
43	2	0.894767
43	8	0.893398
43	58	0.811783
43	60	0.805525
43	62	0.82968
43	63	0.78812
43	73	0.795423
43	75	0.795108
43	76	0.78784
43	79	0.833202
43	92	1.54901
43	145	1.53926
43	155	0.780743
43	169	1.86177
43	177	2.44386
44	88	0.903706
44	103	0.88547
44	108	0.921401
44	110	0.921353
44	111	1.1425
44	116	0.888479
44	121	0.913437
44	131	1.22193
44	132	0.892968
44	134	0.901831
44	144	0.889895
44	146	0.901756
44	158	1.44035
44	175	1.81653
44	179	2.11912
45	12	0.949243
45	23	0.83243
45	26	0.888139
45	39	0.888724
45	80	1.67285
45	86	0.907669
45	90	0.955774
45	94	0.870369
45	106	0.933581
45	145	1.25096
45	153	0.882419
45	154	0.898568
45	157	1.46586
45	168	1.7238
45	171	1.679
46	13	0.888772
46	24	0.768377
46	31	0.822893
46	62	0.836423
46	76	0.794583
46	79	0.839945
46	93	1.99269
46	112	1.35908
46	127	0.828435
46	138	0.790071
46	147	0.825388
46	149	0.818289
46	155	0.787486
46	171	1.77564
46	177	2.2522
47	7	0.952667
47	14	0.961944
47	34	0.878526
47	35	0.886493
47	53	0.83307
47	56	0.888064
47	58	0.895988
47	60	0.88973
47	63	0.872325
47	149	1.38845
47	150	1.53315
47	151	0.915613
47	156	1.55561
47	160	1.71715
47	170	1.5603
48	50	0.870302
48	59	0.909293
48	64	0.961365
48	65	0.820572
48	72	0.933259
48	83	0.908396
48	85	0.912216
48	87	0.910571
48	91	0.890647
48	111	1.24668
48	143	1.2304
48	147	0.910027
48	165	1.22484
48	173	1.80004
48	179	2.22329
49	57	1.34856
49	105	0.843199
49	114	0.826701
49	121	0.826424
49	122	0.831724
49	123	0.784078
49	126	0.783141
49	128	1.73093
49	133	0.834003
49	136	0.820896
49	139	0.837751
49	142	2.26518
49	146	0.814744
49	148	0.806132
49	165	1.97377
50	17	0.859616
50	21	0.8379
50	48	0.870302
50	59	0.810531
50	64	0.862603
50	65	0.72181
50	72	0.834497
50	83	0.809634
50	85	0.813454
50	87	0.811809
50	91	0.791885
50	138	1.94118
50	149	1.50205
50	159	1.47863
50	176	2.48076
51	25	0.799642
51	71	1.10846
51	95	0.880373
51	98	0.90895
51	100	0.872153
51	101	0.874103
51	102	0.861649
51	109	0.851827
51	113	1.32823
51	119	0.862317
51	124	0.893539
51	125	0.894895
51	130	0.878335
51	138	1.89972
51	166	1.69828
51	172	2.0168
52	2	0.888698
52	20	0.764682
52	32	0.818994
52	40	0.734378
52	66	0.811249
52	73	0.789355
52	75	0.789039
52	96	0.818659
52	123	0.78293
52	138	0.77726
52	142	1.92396
52	151	0.825339
52	154	0.803103
52	156	1.8634
52	160	2.02494
52	161	1.97695
53	3	0.84215
53	7	0.831028
53	8	0.855964
53	14	0.840305
53	34	0.756886
53	35	0.764854
53	47	0.83307
53	56	0.766425
53	58	0.774349
53	60	0.768091
53	63	0.750686
53	127	1.75833
53	149	1.98138
53	151	0.793973
53	152	1.77185
53	161	2.2621
54	70	0.914473
54	95	0.875135
54	100	0.866916
54	101	0.868865
54	109	0.84659
54	117	1.49604
54	119	0.857079
54	124	0.888301
54	125	0.889657
54	130	0.873098
54	151	0.879629
54	155	0.828965
54	158	1.51891
54	166	1.50059
54	171	1.52982
54	180	2.12622
55	1	0.887688
55	5	0.795022
55	10	0.882191
55	18	0.953309
55	19	0.860834
55	29	0.934066
55	30	0.916503
55	36	1.03003
55	38	0.92517
55	78	0.951179
55	123	1.51069
55	142	1.5104
55	147	0.934606
55	153	0.908984
55	156	1.44984
55	170	1.45453
55	173	1.79419
56	3	0.897144
56	7	0.886022
56	8	0.910958
56	14	0.895299
56	34	0.811881
56	35	0.819848
56	47	0.888064
56	53	0.766425
56	58	0.829343
56	60	0.823085
56	63	0.80568
56	140	1.68313
56	151	0.848967
56	166	1.23914
56	167	1.95548
56	168	1.31317
56	174	2.40505
57	7	0.426107
57	21	1.14179
57	49	1.34856
57	60	1.12015
57	99	0.877894
57	139	0.883268
57	142	0.974876
57	163	1.01808
57	171	0.958909
57	173	0.943745
57	174	0.883662
57	175	0.929628
57	176	0.900555
57	177	0.916987
57	178	0.869722
57	179	0.904164
57	180	0.910784
58	3	0.905068
58	8	0.918881
58	14	0.903223
58	34	0.819804
58	35	0.827772
58	43	0.811783
58	47	0.895988
58	53	0.774349
58	56	0.829343
58	60	0.831009
58	63	0.813604
58	127	1.25378
58	143	1.41871
58	145	1.31571
58	151	0.856891
58	169	1.63822
58	174	2.88043
59	21	0.876892
59	48	0.909293
59	50	0.810531
59	64	0.901594
59	65	0.760801
59	72	0.873489
59	83	0.848625
59	85	0.852446
59	87	0.8508
59	91	0.830876
59	92	1.12138
59	120	0.852052
59	147	0.850256
59	164	1.52826
59	167	2.22678
59	173	1.78427
59	175	1.90494
60	3	0.89881
60	7	0.887688
60	8	0.912624
60	14	0.896965
60	35	0.821514
60	43	0.805525
60	47	0.88973
60	53	0.768091
60	56	0.823085
60	57	1.12015
60	58	0.831009
60	63	0.807346
60	111	1.7672
60	128	1.50252
60	151	0.850634
60	156	1.97621
60	159	1.78563
61	28	0.703264
61	77	1.71693
61	103	0.912924
61	108	0.948855
61	110	0.948807
61	116	0.915933
61	134	0.929284
61	136	0.935363
61	138	1.61205
61	139	0.952218
61	144	0.917349
61	146	0.92921
61	148	0.920599
61	156	0.885876
61	158	1.42893
61	165	1.10924
61	180	2.03624
62	13	0.92541
62	24	0.805015
62	28	1.09238
62	31	0.859531
62	43	0.82968
62	46	0.836423
62	74	1.3163
62	76	0.831221
62	79	0.876583
62	96	0.868108
62	111	1.52019
62	120	0.863822
62	138	0.826709
62	147	0.862026
62	150	1.70674
62	155	0.824124
62	176	2.54074
63	3	0.881405
63	7	0.870283
63	8	0.895218
63	14	0.87956
63	34	0.796141
63	35	0.804109
63	43	0.78812
63	47	0.872325
63	53	0.750686
63	56	0.80568
63	58	0.813604
63	60	0.807346
63	68	1.98626
63	96	1.65173
63	143	1.78392
63	151	0.833228
63	152	1.63251
63	159	1.81863
64	17	0.950679
64	48	0.961365
64	50	0.862603
64	59	0.901594
64	65	0.812873
64	72	0.925561
64	83	0.900697
64	85	0.904518
64	87	0.902872
64	91	0.882948
64	93	1.83184
64	112	1.19823
64	120	0.904124
64	137	1.30203
64	147	0.902328
64	149	1.34787
64	165	1.28418
64	167	2.30189
65	21	0.78817
65	42	1.33015
65	48	0.820572
65	50	0.72181
65	59	0.760801
65	64	0.812873
65	66	0.760208
65	72	0.784768
65	83	0.759904
65	85	0.763725
65	87	0.762079
65	91	0.742155
65	98	0.798381
65	120	0.763331
65	147	0.761535
65	168	1.9494
65	176	2.61638
65	177	2.38116
66	12	0.890865
66	27	1.32441
66	40	0.771465
66	52	0.811249
66	65	0.760208
66	72	0.872896
66	73	0.826442
66	75	0.826126
66	85	0.851853
66	87	0.850207
66	90	0.897395
66	91	0.830283
66	94	0.811991
66	112	1.72838
66	127	1.65497
66	145	1.7169
66	156	0.807349
66	171	2.14493
67	22	1.62166
67	33	1.02835
67	91	1.36452
67	110	1.15252
67	117	0.924333
67	148	1.01876
67	152	0.953246
67	162	0.834446
67	164	0.889508
67	167	0.809884
67	168	0.866127
67	173	0.828674
67	174	0.768591
67	176	0.785484
67	177	0.801916
67	178	0.754651
67	179	0.789093
67	180	0.795713
68	11	0.869566
68	13	1.51496
68	63	1.98626
68	93	0.782527
68	120	1.68257
68	123	0.812679
68	146	1.33288
68	166	0.801207
68	169	0.800617
68	170	0.82514
68	171	0.779748
68	173	0.764584
68	174	0.704501
68	175	0.750467
68	176	0.721394
68	177	0.737826
68	179	0.725003
68	180	0.731623
69	95	1.41239
69	124	1.34048
69	125	1.43522
69	131	0.840606
69	145	0.91658
69	146	1.19118
69	150	0.829249
69	155	0.810333
69	164	0.831328
69	169	0.806527
69	172	0.771342
69	175	0.756377
69	176	0.727304
69	177	0.743736
69	178	0.696471
69	179	0.730913
69	180	0.737533
70	22	0.820276
70	54	0.914473
70	77	1.9206
70	95	0.906866
70	100	0.898646
70	101	0.900596
70	102	0.888142
70	106	0.924136
70	109	0.878321
70	113	1.24422
70	124	0.920032
70	125	0.921388
70	128	1.07007
70	129	1.52183
70	130	0.904828
70	151	0.91136
70	170	1.54845
70	175	2.00878
71	21	1.47854
71	40	1.95703
71	51	1.10846
71	94	1.43257
71	130	0.997839
71	153	0.869241
71	165	0.920426
71	166	0.853746
71	167	0.798334
71	170	0.877679
71	171	0.832287
71	173	0.817123
71	174	0.75704
71	175	0.803006
71	176	0.773933
71	177	0.790366
71	178	0.7431
71	179	0.777543
71	180	0.784163
72	17	0.922573
72	21	0.900858
72	48	0.933259
72	50	0.834497
72	59	0.873489
72	64	0.925561
72	65	0.784768
72	66	0.872896
72	83	0.872591
72	85	0.876412
72	87	0.874767
72	91	0.854843
72	137	1.13849
72	145	1.0232
72	147	0.874223
72	163	1.09989
72	164	1.43982
72	178	2.86632
72	179	2.11909
73	2	0.903891
73	20	0.779875
73	28	1.41542
73	32	0.834187
73	40	0.749571
73	43	0.795423
73	52	0.789355
73	66	0.826442
73	75	0.804232
73	96	0.833851
73	120	0.829565
73	123	0.798123
73	127	1.66202
73	138	0.792452
73	141	1.99561
73	143	1.82696
73	150	2.02978
73	151	0.840532
73	154	0.818295
74	62	1.3163
74	102	1.28664
74	107	1.33225
74	108	0.774459
74	130	1.10424
74	137	0.909619
74	143	0.901011
74	152	0.944653
74	161	0.850221
74	163	0.894418
74	169	0.856115
74	174	0.759998
74	175	0.805964
74	176	0.776891
74	177	0.793324
74	178	0.746058
74	179	0.7805
74	180	0.78712
75	2	0.903575
75	20	0.779559
75	32	0.833871
75	40	0.749255
75	43	0.795108
75	52	0.789039
75	66	0.826126
75	73	0.804232
75	96	0.833536
75	98	1.13064
75	120	0.829249
75	123	0.797808
75	138	0.792137
75	151	0.840216
75	154	0.81798
75	156	1.80215
75	164	1.89049
75	172	2.19118
75	175	2.26717
76	13	0.883569
76	24	0.763175
76	31	0.81769
76	43	0.78784
76	46	0.794583
76	62	0.831221
76	79	0.834742
76	96	0.826268
76	120	0.821981
76	127	0.823232
76	138	0.784869
76	142	1.86926
76	147	0.820185
76	149	0.813087
76	152	1.43201
76	155	0.782284
76	156	1.80871
76	160	1.97025
76	162	2.25464
77	61	1.71693
77	70	1.9206
77	82	1.61145
77	122	1.58815
77	127	0.826729
77	142	0.777073
77	157	0.830059
77	159	0.818046
77	164	0.806776
77	165	0.849245
77	169	0.781976
77	171	0.761106
77	173	0.745942
77	174	0.685859
77	176	0.702752
77	177	0.719184
77	178	0.671919
77	179	0.706361
77	180	0.712981
78	8	1.24841
78	23	0.791951
78	24	2.12552
78	29	0.867022
78	30	0.849459
78	55	0.951179
78	86	0.86719
78	90	0.915295
78	94	0.82989
78	102	1.06699
78	107	1.1126
78	144	1.01822
78	153	0.84194
78	167	0.771033
78	176	0.746632
78	177	0.763065
78	178	0.715799
78	179	0.750242
78	180	0.756862
79	13	0.928931
79	24	0.808537
79	31	0.863052
79	43	0.833202
79	46	0.839945
79	62	0.876583
79	76	0.834742
79	96	0.87163
79	104	1.19852
79	120	0.867343
79	127	0.868595
79	138	0.830231
79	143	1.17959
79	145	1.0766
79	147	0.865547
79	149	0.858449
79	155	0.827646
79	173	1.74924
79	177	1.98119
79	178	2.91971
80	45	1.67285
80	97	1.27892
80	123	0.823882
80	124	1.59873
80	126	1.56541
80	160	0.812459
80	162	0.78156
80	163	0.850124
80	167	0.756998
80	168	0.813241
80	172	0.776635
80	173	0.775788
80	174	0.715705
80	175	0.761671
80	177	0.74903
80	178	0.701764
80	179	0.736207
80	180	0.742827
81	16	0.899259
81	82	0.861431
81	88	0.856919
81	98	1.04018
81	107	0.830798
81	108	0.874614
81	116	0.841692
81	132	0.846181
81	133	0.874229
81	134	0.855044
81	136	0.861122
81	139	0.877977
81	144	0.843108
81	145	1.38341
81	146	0.854969
81	148	0.846358
81	153	1.7187
81	158	1.80054
81	171	1.81145
81	177	2.28801
82	77	1.61145
82	81	0.861431
82	103	0.843207
82	108	0.879137
82	114	0.87145
82	116	0.846215
82	117	1.30057
82	121	0.871173
82	122	0.876473
82	126	0.82789
82	136	0.865645
82	139	0.8825
82	144	0.847631
82	146	0.859493
82	148	0.850881
82	156	0.816158
82	164	1.32294
82	170	1.2393
82	173	1.57896
82	178	2.74944
83	17	0.89771
83	21	0.875994
83	48	0.908396
83	50	0.809634
83	59	0.848625
83	64	0.900697
83	65	0.759904
83	72	0.872591
83	85	0.851548
83	87	0.849903
83	91	0.829979
83	98	0.886205
83	120	0.851155
83	128	1.09161
83	138	1.83726
83	147	0.849359
83	153	1.57231
83	166	1.63583
83	168	1.70986
83	180	2.26145
84	4	1.47485
84	35	1.38302
84	37	1.46746
84	88	1.0172
84	140	0.876047
84	144	0.87283
84	151	0.765461
84	152	0.97972
84	168	0.892601
84	169	0.891182
84	170	0.915705
84	171	0.870312
84	172	0.855996
84	173	0.855148
84	174	0.795065
84	175	0.841031
84	176	0.811958
84	178	0.781125
84	179	0.815568
84	180	0.822188
85	17	0.90153
85	21	0.879815
85	48	0.912216
85	50	0.813454
85	59	0.852446
85	64	0.904518
85	65	0.763725
85	66	0.851853
85	72	0.876412
85	83	0.851548
85	87	0.853724
85	91	0.8338
85	120	0.854975
85	147	0.85318
85	152	0.940914
85	164	1.40595
85	170	1.3223
85	174	2.55404
85	177	1.89392
85	180	2.01376
86	6	0.9151
86	9	0.913655
86	12	0.891819
86	23	0.775006
86	26	0.830715
86	39	0.8313
86	45	0.907669
86	78	0.86719
86	90	0.89835
86	92	1.40004
86	94	0.812945
86	106	0.876157
86	123	1.77943
86	143	1.49329
86	152	1.34188
86	153	0.824995
86	154	0.841144
86	155	1.87529
86	156	0.808304
86	162	2.16452
87	17	0.899885
87	48	0.910571
87	50	0.811809
87	59	0.8508
87	64	0.902872
87	65	0.762079
87	66	0.850207
87	72	0.874767
87	83	0.849903
87	85	0.853724
87	91	0.832154
87	96	1.32477
87	98	0.88838
87	111	1.47324
87	120	0.85333
87	123	1.74311
87	147	0.851534
87	153	1.68926
87	165	1.4514
87	180	2.3784
88	44	0.903706
88	81	0.856919
88	84	1.0172
88	104	1.58879
88	107	0.830809
88	108	0.874625
88	113	1.49562
88	114	0.866938
88	122	0.87196
88	132	0.846192
88	133	0.87424
88	134	0.855055
88	136	0.861133
88	144	0.843119
88	146	0.85498
88	148	0.846369
88	156	0.811646
88	163	1.54355
88	170	1.79984
88	175	2.26017
89	31	1.25565
89	36	1.03273
89	103	1.20823
89	128	0.96566
89	136	1.14636
89	146	1.12182
89	147	1.15451
89	150	0.888597
89	159	0.901947
89	162	0.835614
89	164	0.890676
89	167	0.811053
89	169	0.865876
89	171	0.845007
89	172	0.83069
89	173	0.829843
89	176	0.786653
89	177	0.803085
89	178	0.755819
89	179	0.790262
89	180	0.796882
90	6	0.963204
90	9	0.96176
90	12	0.939924
90	23	0.823111
90	26	0.87882
90	39	0.879405
90	45	0.955774
90	66	0.897395
90	78	0.915295
90	86	0.89835
90	94	0.86105
90	118	0.991497
90	135	1.16486
90	149	1.26565
90	153	0.8731
90	154	0.889249
90	156	0.856408
90	158	1.52166
90	162	1.87876
90	167	2.21968
90	172	1.82185
91	17	0.879961
91	21	0.858246
91	48	0.890647
91	50	0.791885
91	59	0.830876
91	64	0.882948
91	65	0.742155
91	66	0.830283
91	67	1.36452
91	72	0.854843
91	83	0.829979
91	85	0.8338
91	87	0.832154
91	98	0.868456
91	115	1.12063
91	120	0.833406
91	127	1.44474
91	137	1.62196
91	147	0.83161
91	166	1.90548
91	167	2.62182
92	8	1.56243
92	26	1.15048
92	43	1.54901
92	59	1.12138
92	86	1.40004
92	95	1.2585
92	157	0.926714
92	160	0.879268
92	163	0.916934
92	167	0.823807
92	170	0.903153
92	171	0.857761
92	172	0.843445
92	173	0.842597
92	174	0.782514
92	175	0.82848
92	176	0.799407
92	177	0.815839
92	178	0.768574
92	179	0.803016
92	180	0.809636
93	22	2.40889
93	46	1.99269
93	64	1.83184
93	68	0.782527
93	130	1.83394
93	143	0.794383
93	145	0.859539
93	149	0.784095
93	156	0.748879
93	158	0.778169
93	159	0.785557
93	160	0.750124
93	166	0.750076
93	167	0.694663
93	170	0.774009
93	172	0.714301
93	175	0.699336
93	176	0.670263
93	178	0.63943
93	179	0.673872
93	180	0.680492
94	6	0.8778
94	9	0.876356
94	12	0.85452
94	23	0.737707
94	26	0.793416
94	27	1.2311
94	39	0.794001
94	45	0.870369
94	66	0.811991
94	71	1.43257
94	78	0.82989
94	86	0.812945
94	90	0.86105
94	96	1.5944
94	97	0.873081
94	106	0.838857
94	131	1.8223
94	153	0.787695
94	154	0.803845
94	156	0.771004
94	162	2.39781
94	163	1.70028
95	22	0.780938
95	25	0.786798
95	51	0.880373
95	54	0.875135
95	69	1.41239
95	70	0.906866
95	92	1.2585
95	98	0.896105
95	100	0.859308
95	101	0.861258
95	102	0.848804
95	106	0.884798
95	109	0.838983
95	117	1.643
95	119	0.849472
95	123	1.63789
95	124	0.880694
95	125	0.88205
95	130	0.86549
95	150	1.55458
95	151	0.872022
95	160	1.73858
95	168	1.72159
96	20	0.809179
96	32	0.863491
96	37	1.88793
96	52	0.818659
96	62	0.868108
96	63	1.65173
96	73	0.833851
96	75	0.833536
96	76	0.826268
96	79	0.87163
96	87	1.32477
96	94	1.5944
96	114	1.14652
96	122	0.853835
96	143	0.860262
96	149	0.849974
96	155	0.819171
96	161	0.809473
96	162	0.785104
96	176	0.736143
96	177	0.752575
96	178	0.705309
96	180	0.746372
97	26	0.890851
97	39	0.891436
97	80	1.27892
97	94	0.873081
97	102	0.900299
97	107	0.887602
97	109	0.890477
97	114	0.923731
97	119	0.900967
97	124	0.932189
97	126	0.880171
97	130	0.916985
97	138	1.45728
97	144	0.899913
97	146	0.911774
97	148	0.903163
97	153	0.885131
97	154	0.90128
97	159	0.994734
97	160	1.34686
97	162	1.63125
97	173	1.52967
97	179	1.95292
97	180	1.88146
98	18	1.3213
98	21	0.914472
98	24	2.08656
98	29	1.30437
98	51	0.90895
98	65	0.798381
98	75	1.13064
98	81	1.04018
98	83	0.886205
98	87	0.88838
98	91	0.868456
98	95	0.896105
98	102	0.877382
98	119	0.878049
98	125	0.910627
98	130	0.894068
98	139	1.06782
98	154	0.96057
98	160	0.846767
98	176	0.766906
98	177	0.783339
98	178	0.736073
98	179	0.770516
98	180	0.777136
99	16	0.889309
99	42	1.25926
99	57	0.877894
99	103	0.828733
99	105	0.873475
99	107	0.820848
99	110	0.864616
99	121	0.8567
99	122	0.862
99	126	0.813417
99	132	0.836231
99	133	0.864279
99	134	0.845094
99	137	1.52095
99	139	0.868027
99	144	0.833158
99	146	0.84502
99	148	0.836408
99	149	0.836901
99	154	0.834526
99	155	1.89066
99	157	1.62056
99	169	1.72818
99	180	2.4301
100	4	0.80796
100	22	0.772719
100	25	0.778578
100	28	1.10324
100	33	0.84064
100	37	0.849146
100	51	0.872153
100	54	0.866916
100	70	0.898646
100	95	0.859308
100	101	0.853038
100	102	0.840585
100	104	1.53371
100	109	0.830763
100	119	0.841252
100	124	0.872474
100	125	0.87383
100	127	1.34985
100	130	0.857271
100	137	1.52707
100	151	0.863802
100	165	1.50922
100	173	2.08442
100	176	2.55161
101	4	0.80991
101	22	0.774668
101	25	0.780527
101	33	0.842589
101	41	1.47981
101	51	0.874103
101	54	0.868865
101	70	0.900596
101	95	0.861258
101	100	0.853038
101	102	0.842534
101	109	0.832712
101	111	1.64204
101	113	1.55152
101	119	0.843202
101	124	0.874424
101	125	0.87578
101	129	1.82912
101	130	0.85922
101	151	0.865752
101	155	0.815087
101	159	1.66047
101	163	1.59945
101	169	1.84528
102	5	1.04473
102	25	0.768074
102	33	0.830136
102	37	0.838642
102	51	0.861649
102	70	0.888142
102	74	1.28664
102	78	1.06699
102	95	0.848804
102	97	0.900299
102	98	0.877382
102	100	0.840585
102	101	0.842534
102	109	0.820259
102	119	0.830748
102	124	0.86197
102	125	0.863326
102	130	0.846767
102	151	0.853298
102	155	0.802634
102	159	1.50896
102	164	1.78788
102	168	1.8441
102	179	2.46715
103	44	0.88547
103	61	0.912924
103	82	0.843207
103	89	1.20823
103	99	0.828733
103	105	0.8652
103	108	0.856389
103	114	0.848702
103	121	0.848425
103	122	0.853725
103	126	0.805142
103	134	0.836819
103	136	0.842897
103	139	0.859752
103	140	1.95676
103	144	0.824883
103	146	0.836745
103	148	0.828133
103	154	0.826251
103	160	1.60379
103	169	1.43647
103	172	1.83128
103	173	1.7866
103	175	1.90726
104	25	1.96557
104	30	1.44082
104	41	0.904925
104	79	1.19852
104	88	1.58879
104	100	1.53371
104	128	0.918903
104	139	1.53297
104	142	0.814217
104	160	0.819757
104	163	0.857422
104	165	0.886389
104	168	0.820539
104	169	0.819119
104	171	0.79825
104	172	0.783934
104	173	0.783086
104	174	0.723003
104	175	0.768969
104	176	0.739896
104	177	0.756328
104	178	0.709063
104	179	0.743505
104	180	0.750125
105	11	1.2129
105	15	0.929074
105	42	0.83027
105	49	0.843199
105	99	0.873475
105	103	0.8652
105	106	0.906005
105	107	0.857315
105	121	0.893167
105	122	0.898467
105	126	0.849884
105	133	0.900746
105	134	0.881561
105	136	0.887639
105	139	0.904494
105	144	0.869625
105	146	0.881487
105	148	0.872875
105	149	0.873368
105	153	1.31197
105	155	1.46167
105	170	1.30965
105	176	2.1165
105	177	1.88127
105	180	2.00111
106	45	0.933581
106	70	0.924136
106	86	0.876157
106	94	0.838857
106	95	0.884798
106	105	0.906005
106	117	1.44214
106	118	0.934848
106	119	0.866742
106	121	0.88923
106	124	0.897964
106	125	0.89932
106	126	0.845947
106	130	0.88276
106	134	0.877624
106	138	1.64813
106	146	0.87755
106	148	0.868938
106	150	1.35371
106	154	0.867056
106	156	0.834215
106	157	1.26278
106	167	2.16303
106	175	1.84119
106	176	2.18771
107	74	1.33225
107	78	1.1126
107	81	0.830798
107	88	0.830809
107	97	0.887602
107	99	0.820848
107	105	0.857315
107	108	0.848504
107	116	0.815582
107	121	0.84054
107	126	0.797257
107	132	0.820071
107	133	0.848119
107	134	0.828934
107	139	0.851867
107	144	0.816998
107	146	0.828859
107	148	0.820248
107	149	0.820741
107	154	0.818366
107	155	1.90186
107	158	1.83399
107	163	1.49355
107	171	1.8449
107	175	2.21017
108	11	1.0953
108	15	0.920263
108	44	0.921401
108	61	0.948855
108	74	0.774459
108	81	0.874614
108	82	0.879137
108	88	0.874625
108	103	0.856389
108	107	0.848504
108	114	0.884633
108	121	0.884356
108	132	0.863887
108	133	0.891935
108	134	0.87275
108	136	0.878828
108	144	0.860814
108	146	0.872676
108	148	0.864064
108	155	1.34407
108	158	1.2762
108	162	1.6333
108	172	1.57639
108	174	2.42379
108	176	1.9989
109	4	0.787634
109	22	0.752393
109	33	0.820314
109	37	0.82882
109	51	0.851827
109	54	0.84659
109	70	0.878321
109	95	0.838983
109	97	0.890477
109	100	0.830763
109	101	0.832712
109	102	0.820259
109	119	0.820926
109	124	0.852148
109	125	0.853504
109	130	0.836945
109	149	1.30069
109	151	0.843476
109	155	0.792812
109	161	1.58141
109	162	1.9138
109	168	1.61241
109	172	1.85689
109	175	1.93288
109	176	2.2794
110	15	0.920215
110	16	0.916917
110	42	1.14827
110	44	0.921353
110	61	0.948807
110	67	1.15252
110	99	0.864616
110	114	0.884585
110	116	0.85935
110	121	0.884308
110	122	0.889608
110	126	0.841025
110	132	0.863839
110	136	0.87878
110	139	0.895635
110	141	1.56632
110	144	0.860766
110	146	0.872628
110	148	0.864016
110	155	1.77967
110	156	0.829293
110	157	1.50956
110	159	1.43237
110	163	1.37136
110	175	2.08798
111	32	1.20815
111	44	1.1425
111	48	1.24668
111	60	1.7672
111	62	1.52019
111	87	1.47324
111	101	1.64204
111	123	0.867874
111	141	0.869773
111	159	0.891884
111	161	0.84992
111	163	0.894116
111	165	0.923083
111	166	0.856403
111	168	0.857233
111	170	0.880336
111	171	0.834944
111	173	0.81978
111	174	0.759697
111	175	0.805663
111	176	0.77659
111	177	0.793022
111	178	0.745757
111	179	0.780199
111	180	0.786819
112	7	0.965364
112	16	1.18571
112	46	1.35908
112	64	1.19823
112	66	1.72838
112	119	1.36329
112	141	0.891469
112	143	0.922406
112	147	1.07173
112	150	0.900231
112	161	0.871617
112	162	0.847248
112	164	0.90231
112	166	0.8781
112	170	0.902033
112	172	0.842324
112	173	0.841477
112	174	0.781394
112	175	0.82736
112	176	0.798287
112	177	0.814719
112	178	0.767453
112	179	0.801896
112	180	0.808516
113	51	1.32823
113	70	1.24422
113	88	1.49562
113	101	1.55152
113	117	0.900253
113	124	1.20559
113	141	0.854586
113	148	1.18966
113	150	0.863348
113	154	1.33255
113	157	0.888711
113	158	0.869309
113	160	0.841264
113	163	0.87893
113	164	0.865427
113	168	0.842046
113	169	0.840627
113	172	0.805441
113	173	0.804593
113	174	0.74451
113	175	0.790476
113	176	0.761403
113	177	0.777836
113	178	0.73057
113	179	0.765013
113	180	0.771633
114	49	0.826701
114	82	0.87145
114	88	0.866938
114	96	1.14652
114	97	0.923731
114	103	0.848702
114	108	0.884633
114	110	0.884585
114	116	0.851711
114	117	1.56996
114	121	0.876669
114	122	0.881968
114	126	0.833386
114	132	0.8562
114	133	0.884248
114	134	0.865063
114	139	0.887996
114	146	0.864988
114	148	0.856377
114	156	0.821654
114	157	1.3906
114	162	1.94993
114	168	1.64855
114	170	1.50868
114	171	1.60374
114	177	2.08031
115	15	0.799661
115	18	1.27848
115	35	1.44663
115	37	1.53107
115	39	1.13164
115	40	1.762
115	91	1.12063
115	119	0.965763
115	141	0.910847
115	158	0.92557
115	159	0.932958
115	162	0.866626
115	165	0.964157
115	167	0.842064
115	169	0.896887
115	170	0.92141
115	171	0.876018
115	172	0.861701
115	173	0.860854
115	174	0.800771
115	175	0.846737
115	176	0.817664
115	177	0.834096
115	178	0.786831
115	179	0.821273
115	180	0.827893
116	16	0.884043
116	44	0.888479
116	61	0.915933
116	81	0.841692
116	82	0.846215
116	107	0.815582
116	110	0.85935
116	114	0.851711
116	117	1.70416
116	121	0.851434
116	122	0.856734
116	132	0.830965
116	133	0.859013
116	134	0.839828
116	136	0.845906
116	139	0.862761
116	143	1.41291
116	144	0.827892
116	146	0.839754
116	148	0.831142
116	149	0.831635
116	157	1.52481
116	159	1.44762
116	164	1.72653
116	170	1.64289
116	171	1.73795
116	179	2.40581
117	34	1.64413
117	54	1.49604
117	67	0.924333
117	82	1.30057
117	95	1.643
117	106	1.44214
117	113	0.900253
117	114	1.56996
117	116	1.70416
117	140	0.812068
117	142	0.8223
117	150	0.849924
117	157	0.875287
117	160	0.82784
117	163	0.865506
117	166	0.827792
117	167	0.77238
117	168	0.828622
117	170	0.851726
117	172	0.792017
117	174	0.731086
117	175	0.777052
117	176	0.747979
117	177	0.764412
117	178	0.717146
117	179	0.751589
117	180	0.758209
118	19	1.7365
118	20	1.95419
118	36	0.825421
118	90	0.991497
118	106	0.934848
118	120	1.2642
118	136	0.939053
118	141	0.891039
118	151	1.10208
118	152	0.965618
118	159	0.91315
118	160	0.877717
118	161	0.871186
118	162	0.846818
118	166	0.877669
118	167	0.822256
118	168	0.878499
118	169	0.87708
118	170	0.901602
118	172	0.841894
118	173	0.841046
118	174	0.780963
118	175	0.826929
118	176	0.797856
118	178	0.767023
118	179	0.801465
118	180	0.808086
119	4	0.798124
119	22	0.762882
119	25	0.768741
119	33	0.830804
119	37	0.839309
119	51	0.862317
119	54	0.857079
119	95	0.849472
119	97	0.900967
119	98	0.878049
119	100	0.841252
119	101	0.843202
119	102	0.830748
119	106	0.866742
119	109	0.820926
119	112	1.36329
119	115	0.965763
119	124	0.862638
119	125	0.863994
119	130	0.847434
119	138	1.95205
119	151	0.853966
119	153	1.6871
119	155	0.803301
119	156	1.6801
119	160	1.84164
119	165	1.44924
119	180	2.37624
120	24	0.795775
120	27	0.984746
120	40	0.774588
120	59	0.852052
120	62	0.863822
120	64	0.904124
120	65	0.763331
120	68	1.68257
120	73	0.829565
120	75	0.829249
120	76	0.821981
120	79	0.867343
120	83	0.851155
120	85	0.854975
120	87	0.85333
120	91	0.833406
120	118	1.2642
120	127	0.855833
120	129	1.68359
120	135	1.43756
120	138	0.817469
120	147	0.852786
120	149	0.845687
120	151	0.865549
120	154	0.843312
120	156	1.70552
120	169	1.69974
120	179	2.47313
121	44	0.913437
121	49	0.826424
121	82	0.871173
121	99	0.8567
121	103	0.848425
121	105	0.893167
121	106	0.88923
121	107	0.84054
121	108	0.884356
121	110	0.884308
121	114	0.876669
121	116	0.851434
121	122	0.881691
121	129	1.454
121	132	0.855923
121	133	0.883971
121	134	0.864786
121	136	0.870864
121	139	0.887719
121	144	0.85285
121	145	1.14764
121	148	0.8561
121	153	1.48293
121	155	1.63264
121	159	1.28535
121	164	1.56426
121	168	1.62048
121	171	1.57568
121	178	2.99076
122	16	0.9143
122	49	0.831724
122	77	1.58815
122	82	0.876473
122	88	0.87196
122	96	0.853835
122	99	0.862
122	103	0.853725
122	105	0.898467
122	110	0.889608
122	114	0.881968
122	116	0.856734
122	121	0.881691
122	123	0.839345
122	126	0.838409
122	134	0.870085
122	136	0.876164
122	139	0.893019
122	144	0.85815
122	146	0.870011
122	148	0.8614
122	154	0.859517
122	160	1.37286
122	163	0.959714
122	165	0.980463
122	167	1.99817
122	172	1.60035
122	178	2.72614
122	179	1.97892
123	3	1.66123
123	12	1.35701
123	20	0.773451
123	32	0.827763
123	49	0.784078
123	52	0.78293
123	55	1.51069
123	68	0.812679
123	73	0.798123
123	75	0.797808
123	80	0.823882
123	86	1.77943
123	87	1.74311
123	95	1.63789
123	111	0.867874
123	122	0.839345
123	130	1.578
123	132	0.813576
123	136	0.828517
123	138	0.786028
123	139	0.845372
123	144	0.810504
123	154	0.811871
123	160	0.780275
123	162	0.749376
123	175	0.729487
123	177	0.716847
123	179	0.704024
123	180	0.710644
124	4	0.829346
124	22	0.794104
124	25	0.799963
124	27	0.784354
124	33	0.862026
124	37	0.870531
124	51	0.893539
124	54	0.888301
124	69	1.34048
124	70	0.920032
124	80	1.59873
124	95	0.880694
124	97	0.932189
124	100	0.872474
124	101	0.874424
124	102	0.86197
124	106	0.897964
124	109	0.852148
124	113	1.20559
124	119	0.862638
124	125	0.895216
124	130	0.878656
124	151	0.885188
124	155	0.834523
124	158	1.59397
124	160	1.66667
124	163	1.25353
124	164	1.59346
124	176	2.31667
125	4	0.830702
125	22	0.79546
125	25	0.801319
125	33	0.863381
125	37	0.871887
125	51	0.894895
125	54	0.889657
125	69	1.43522
125	70	0.921388
125	95	0.88205
125	98	0.910627
125	100	0.87383
125	101	0.87578
125	102	0.863326
125	106	0.89932
125	109	0.853504
125	119	0.863994
125	124	0.895216
125	128	1.12618
125	130	0.880012
125	141	1.54323
125	145	1.27158
125	151	0.886544
125	155	0.835879
125	157	1.48648
125	164	1.6882
125	166	1.67039
125	172	1.9889
125	177	2.17618
126	15	0.869015
126	49	0.783141
126	80	1.56541
126	82	0.82789
126	97	0.880171
126	99	0.813417
126	103	0.805142
126	105	0.849884
126	106	0.845947
126	107	0.797257
126	110	0.841025
126	114	0.833386
126	122	0.838409
126	132	0.81264
126	133	0.840688
126	134	0.821503
126	136	0.827581
126	139	0.844436
126	140	1.98632
126	144	0.809567
126	146	0.821428
126	148	0.812817
126	150	1.44935
126	154	0.810934
126	157	1.35842
126	163	1.22021
126	165	1.24096
126	178	2.98664
126	179	2.23942
127	8	1.49074
127	9	1.38557
127	24	0.797027
127	31	0.851542
127	46	0.828435
127	53	1.75833
127	58	1.25378
127	66	1.65497
127	73	1.66202
127	76	0.823232
127	77	0.826729
127	79	0.868595
127	91	1.44474
127	100	1.34985
127	120	0.855833
127	133	0.874317
127	134	0.855132
127	136	0.86121
127	138	0.818721
127	139	0.878065
127	144	0.843196
127	146	0.855058
127	148	0.846446
127	164	0.837131
127	173	0.776297
127	175	0.76218
127	177	0.74954
127	178	0.702274
127	179	0.736716
127	180	0.743337
128	2	1.05459
128	49	1.73093
128	60	1.50252
128	70	1.07007
128	83	1.09161
128	89	0.96566
128	104	0.918903
128	125	1.12618
128	132	1.07166
128	134	1.04146
128	139	1.26564
128	143	0.912257
128	157	0.915445
128	158	0.896044
128	161	0.861468
128	163	0.905664
128	165	0.934631
128	166	0.86795
128	167	0.812538
128	168	0.86878
128	170	0.891884
128	171	0.846492
128	172	0.832175
128	173	0.831327
128	174	0.771244
128	175	0.817211
128	176	0.788137
128	178	0.757304
128	179	0.791747
128	180	0.798367
129	70	1.52183
129	101	1.82912
129	120	1.68359
129	121	1.454
129	131	0.832518
129	132	1.52342
129	133	1.49643
129	140	0.783304
129	145	0.908491
129	148	1.46727
129	150	0.82116
129	159	0.834509
129	160	0.799076
129	161	0.792546
129	163	0.836742
129	165	0.865708
129	167	0.743616
129	168	0.799858
129	169	0.798439
129	170	0.822962
129	171	0.777569
129	172	0.763253
129	173	0.762405
129	174	0.702322
129	175	0.748288
129	176	0.719215
129	177	0.735648
129	178	0.688382
129	179	0.722825
129	180	0.729445
130	4	0.814142
130	22	0.778901
130	25	0.78476
130	33	0.846822
130	37	0.855327
130	51	0.878335
130	54	0.873098
130	70	0.904828
130	71	0.997839
130	74	1.10424
130	93	1.83394
130	95	0.86549
130	97	0.916985
130	98	0.894068
130	100	0.857271
130	101	0.85922
130	102	0.846767
130	106	0.88276
130	109	0.836945
130	119	0.847434
130	123	1.578
130	124	0.878656
130	125	0.880012
130	137	1.30414
130	142	1.5777
130	151	0.869984
130	153	1.52415
130	155	0.81932
130	170	1.52183
130	179	2.28475
131	38	1.64816
131	44	1.22193
131	69	0.840606
131	94	1.8223
131	129	0.832518
131	134	1.38558
131	144	1.5212
131	145	0.911708
131	146	1.22626
131	148	1.35962
131	152	0.890194
131	158	0.830338
131	159	0.837726
131	161	0.795762
131	162	0.771394
131	165	0.868925
131	168	0.803075
131	169	0.801656
131	170	0.826178
131	171	0.780786
131	172	0.76647
131	173	0.765622
131	174	0.705539
131	175	0.751505
131	176	0.722432
131	177	0.738865
131	178	0.691599
131	179	0.726042
131	180	0.732662
132	15	0.891829
132	44	0.892968
132	81	0.846181
132	88	0.846192
132	99	0.836231
132	107	0.820071
132	108	0.863887
132	110	0.863839
132	114	0.8562
132	116	0.830965
132	121	0.855923
132	123	0.813576
132	126	0.81264
132	128	1.07166
132	129	1.52342
132	133	0.863502
132	134	0.844317
132	136	0.850395
132	143	1.32006
132	144	0.832381
132	146	0.844242
132	148	0.835631
132	149	0.836123
132	150	1.52289
132	154	0.833748
132	155	1.70206
132	156	0.800908
132	161	1.6589
132	168	1.6899
132	177	2.12166
132	180	2.24149
133	16	0.91658
133	24	1.21306
133	49	0.834003
133	81	0.874229
133	88	0.87424
133	99	0.864279
133	105	0.900746
133	107	0.848119
133	108	0.891935
133	114	0.884248
133	116	0.859013
133	121	0.883971
133	126	0.840688
133	127	0.874317
133	129	1.49643
133	132	0.863502
133	134	0.872365
133	136	0.878443
133	139	0.895298
133	141	1.46172
133	144	0.860429
133	146	0.87229
133	148	0.863679
133	149	0.864171
133	150	1.49589
133	152	1.14166
133	154	0.861796
133	164	1.60669
133	169	1.51258
133	170	1.52305
133	172	1.90739
133	180	2.2145
134	44	0.901831
134	61	0.929284
134	81	0.855044
134	88	0.855055
134	99	0.845094
134	103	0.836819
134	105	0.881561
134	106	0.877624
134	107	0.828934
134	108	0.87275
134	114	0.865063
134	116	0.839828
134	121	0.864786
134	122	0.870085
134	126	0.821503
134	127	0.855132
134	128	1.04146
134	131	1.38558
134	132	0.844317
134	133	0.872365
134	135	1.24719
134	136	0.859258
134	139	0.876113
134	141	1.45852
134	144	0.841244
134	146	0.853105
134	148	0.844494
134	157	1.40176
134	158	1.60399
134	164	1.60349
134	168	1.65971
134	176	2.32669
134	179	2.28276
135	6	0.896693
135	20	2.12755
135	33	1.23083
135	90	1.16486
135	120	1.43756
135	134	1.24719
135	141	0.865885
135	142	0.847023
135	147	1.12057
135	148	1.22124
135	151	1.27545
135	157	0.900009
135	158	0.880608
135	159	0.887996
135	163	0.890228
135	164	0.876726
135	165	0.919195
