1	26	1.24098
1	29	1.24942
1	35	1.17662
1	87	1.16562
1	91	1.12891
1	97	1.18748
1	102	1.2459
1	145	0.829354
1	149	0.810842
1	163	0.709737
1	168	0.739529
1	169	0.759721
2	26	1.25398
2	46	1.13459
2	87	1.17862
2	91	1.14191
2	97	1.20049
2	102	1.2589
2	129	0.825949
2	148	0.788753
2	156	1.20642
2	167	0.806897
2	168	0.782434
2	170	0.822027
3	12	1.23992
3	20	1.1633
3	90	1.20105
3	128	1.19268
3	139	0.753988
3	142	0.743815
3	144	0.772647
3	154	1.22511
3	156	1.20679
3	166	0.898963
3	170	1.16866
3	174	0.852606
4	38	1.05761
4	40	1.07245
4	60	1.02511
4	64	1.02598
4	77	0.992851
4	92	1.12788
4	152	1.04054
4	167	0.899806
4	170	0.914936
4	171	1.02032
4	175	1.07849
4	180	1.10738
5	81	1.22567
5	96	1.1987
5	99	1.19035
5	111	1.26452
5	124	1.12776
5	155	1.15198
5	168	0.709366
5	169	0.729558
5	174	0.844303
5	175	1.2234
5	176	0.801861
5	180	0.941401
6	58	1.20146
6	65	1.26912
6	70	1.32972
6	94	1.11683
6	131	1.15282
6	134	1.12349
6	140	1.19369
6	148	0.786878
6	153	0.739552
6	160	0.770961
6	169	0.80075
6	172	0.923016
7	90	1.10138
7	106	0.962093
7	109	1.17775
7	126	0.981985
7	128	1.07625
7	132	0.963698
7	140	1.02185
7	141	1.00244
7	170	0.961243
7	177	0.839215
7	179	0.841248
7	180	0.841502
8	31	1.00314
8	71	1.17682
8	100	1.25608
8	109	1.18367
8	113	1.23639
8	121	1.22309
8	130	1.27731
8	138	0.794972
8	148	0.72827
8	157	0.820787
8	159	0.679598
8	178	1.06339
9	13	0.70974
9	37	1.19569
9	38	1.19611
9	40	1.21096
9	64	1.16448
9	92	1.26639
9	128	1.17801
9	138	0.849583
9	156	0.779822
9	162	0.752006
9	172	0.919019
9	175	1.217
10	43	1.19416
10	54	1.14498
10	93	1.19483
10	95	1.1948
10	103	1.21988
10	114	1.23766
10	116	1.23848
10	139	0.814361
10	142	0.804188
10	143	0.799897
10	153	0.737036
10	176	0.870537
11	34	1.19518
11	63	1.17521
11	69	1.23901
11	105	1.14131
11	111	1.28353
11	124	1.14677
11	144	0.74537
11	168	0.690392
11	170	0.729985
11	174	0.825329
11	175	1.2424
11	178	1.03229
12	3	1.23992
12	20	1.17866
12	48	1.1695
12	68	0.602361
12	90	1.2164
12	128	1.20804
12	138	0.788803
12	148	0.7221
12	154	1.24046
12	170	1.18402
12	171	0.860758
12	178	1.05768
13	9	0.70974
13	30	0.659996
13	55	0.714127
13	79	0.810412
13	86	0.680041
13	166	1.14002
13	168	1.24349
13	172	1.14242
13	173	1.14679
13	176	1.15675
13	177	1.09377
13	179	1.0958
13	180	1.09605
14	54	1.07459
14	66	1.14488
14	93	1.12445
14	95	1.12442
14	103	1.1495
14	114	1.16727
14	116	1.16809
14	145	0.935664
14	146	0.811113
14	150	0.849475
14	152	1.14929
14	160	0.836241
14	170	0.885432
15	41	1.29364
15	46	1.2444
15	75	0.883071
15	87	1.28843
15	91	1.25173
15	97	1.3103
15	102	1.36872
15	125	0.675186
15	142	0.73297
15	143	0.728679
15	150	0.71046
15	156	1.31624
15	162	0.682268
16	57	1.15675
16	58	1.16584
16	88	1.12293
16	110	1.10475
16	125	0.801782
16	134	1.08788
16	137	0.801768
16	140	1.15807
16	141	1.13867
16	143	1.14186
16	160	0.823823
16	164	0.927692
16	174	0.968358
17	83	1.1783
17	106	1.13722
17	107	1.2179
17	125	0.810827
17	132	1.13882
17	155	1.12796
17	156	0.845725
17	163	1.16923
17	164	0.936736
17	167	0.866928
17	169	0.862657
17	170	1.13637
17	178	0.992246
18	34	0.60814
18	72	0.681065
18	93	0.785869
18	124	0.728847
18	161	1.22393
18	163	0.679061
18	168	1.23177
18	173	1.13507
18	174	1.12948
18	176	1.14503
18	177	1.08205
18	179	1.08408
18	180	1.08433
19	24	1.20663
19	63	1.10776
19	78	0.809065
19	81	1.17722
19	96	1.15026
19	99	1.1419
19	105	1.07386
19	124	1.07932
19	143	0.793514
19	167	0.796122
19	171	0.916636
19	175	1.17495
19	180	1.00369
20	3	1.1633
20	12	1.17866
20	48	1.09289
20	90	1.13979
20	128	1.13143
20	138	0.853388
20	149	0.85168
20	153	0.739361
20	154	1.16385
20	156	1.14554
20	165	0.852024
20	170	1.1074
20	177	1.02652
21	28	0.857179
21	55	1.15844
21	56	1.14271
21	61	1.11132
21	76	1.15899
21	86	1.11501
21	98	1.13073
21	108	1.16356
21	155	0.923829
21	159	0.810003
21	160	0.842758
21	163	1.13245
21	170	0.891948
22	70	1.38013
22	94	1.16724
22	110	1.19076
22	126	1.20423
22	131	1.20322
22	134	1.1739
22	141	1.22469
22	143	1.22788
22	146	0.70628
22	147	0.692603
22	169	0.761198
22	170	0.780599
22	171	0.885983
22	172	0.883463
23	61	0.689367
23	62	0.564068
23	79	0.700138
23	88	0.578866
23	102	0.550819
23	121	0.621449
23	160	1.29882
23	161	1.29225
23	169	1.29662
23	172	1.19903
23	173	1.20339
23	176	1.21335
23	177	1.15037
23	180	1.15266
24	19	1.20663
24	63	1.20327
24	78	0.744521
24	85	1.22183
24	96	1.24576
24	105	1.16937
24	111	1.31159
24	124	1.17482
24	148	0.713434
24	149	0.778427
24	150	0.71075
24	175	1.27046
24	176	0.79961
24	179	0.950812
25	32	1.12347
25	49	1.07332
25	72	1.15503
25	106	1.07792
25	107	1.15861
25	117	1.10933
25	132	1.07953
25	146	0.876231
25	161	0.924519
25	162	0.886401
25	167	0.935419
25	175	1.14009
25	176	1.00345
25	178	0.932952
26	1	1.24098
26	2	1.25398
26	35	1.21978
26	46	1.16475
26	87	1.20878
26	91	1.17207
26	97	1.23065
26	102	1.28907
26	123	0.705342
26	135	0.739016
26	137	0.686328
26	151	0.9795
26	155	0.789454
26	176	0.810476
27	29	1.15367
27	35	1.08087
27	41	1.07508
27	46	1.02584
27	75	0.994658
27	87	1.06987
27	91	1.03316
27	97	1.09174
27	102	1.15016
27	115	1.01586
27	156	1.09768
27	158	0.775713
27	162	0.793855
27	180	1.05045
28	21	0.857179
28	84	0.742082
28	97	0.745675
28	127	0.7659
28	141	0.736259
28	167	1.16172
28	169	1.18342
28	171	1.07697
28	172	1.08583
28	173	1.0902
28	176	1.10016
28	177	1.03718
28	179	1.03921
28	180	1.03946
29	1	1.24942
29	27	1.15367
29	35	1.22822
29	41	1.22243
29	78	0.727089
29	87	1.21722
29	91	1.18051
29	97	1.23909
29	102	1.29751
29	160	0.680085
29	161	0.703245
29	172	0.832139
29	174	0.824619
29	177	0.935835
30	13	0.659996
30	31	1.09405
30	44	1.17274
30	56	1.25953
30	76	1.2758
30	86	1.23182
30	98	1.24754
30	108	1.28038
30	119	0.796984
30	125	0.69518
30	139	0.763137
30	155	0.798291
30	163	1.24926
30	166	0.908112
31	8	1.00314
31	30	1.09405
31	34	0.943007
31	58	0.982705
31	61	1.00215
31	105	1.00763
31	107	1.07195
31	108	1.0544
31	132	0.992868
31	138	0.999576
31	170	0.990413
31	177	0.868385
31	179	0.870418
31	180	0.870671
32	25	1.12347
32	72	1.23711
32	73	1.23339
32	84	1.19926
32	106	1.16001
32	119	0.810286
32	120	1.17815
32	149	0.811432
32	161	0.753682
32	169	0.760311
32	170	1.15916
32	171	0.885096
32	175	1.22217
32	177	0.986272
32	178	1.01504
33	42	1.23464
33	45	0.686065
33	57	1.17958
33	68	1.24131
33	101	1.13369
33	110	1.12758
33	126	1.14105
33	131	1.14004
33	134	1.11071
33	137	0.838155
33	141	1.1615
33	145	0.959632
33	147	0.821405
33	158	0.827109
33	160	0.860209
34	11	1.19518
34	18	0.60814
34	31	0.943007
34	69	1.18817
34	85	1.14293
34	96	1.16686
34	99	1.15851
34	111	1.23268
34	124	1.09592
34	151	0.923338
34	155	1.12014
34	168	0.661818
34	170	0.701411
34	175	1.19156
34	178	1.00372
35	1	1.17662
35	26	1.21978
35	27	1.08087
35	29	1.22822
35	46	1.10038
35	67	0.670626
35	91	1.10771
35	97	1.16628
35	102	1.2247
35	139	0.85429
35	143	0.839825
35	156	1.17222
35	158	0.775272
35	164	0.912242
35	171	0.962948
36	79	1.14266
36	100	1.21245
36	104	1.18162
36	109	1.14004
36	113	1.19276
36	121	1.17946
36	130	1.23368
36	138	0.820034
36	142	0.773158
36	154	1.22033
36	157	0.845849
36	161	0.760575
36	165	0.81867
36	177	0.993165
36	178	1.01976
37	9	1.19569
37	38	1.1966
37	52	1.08274
37	60	1.16411
37	67	0.617131
37	75	1.07637
37	77	1.13184
37	92	1.26688
37	152	1.17953
37	159	0.722123
37	160	0.754877
37	170	0.804068
37	175	1.21748
37	178	1.10637
37	179	1.00817
38	4	1.05761
38	9	1.19611
38	37	1.1966
38	40	1.21186
38	52	1.08316
38	60	1.16453
38	74	0.90168
38	77	1.13226
38	92	1.2673
38	148	0.736605
38	156	0.733545
38	166	0.91158
38	167	0.754749
38	175	1.2179
38	180	0.962321
39	77	0.756852
39	88	0.642354
39	100	0.657248
39	107	0.625881
39	132	0.700986
39	136	1.25595
39	154	0.605439
39	166	1.17268
39	171	1.16622
39	172	1.17508
39	174	1.17387
39	176	1.18941
39	177	1.12643
39	179	1.12846
39	180	1.12872
40	4	1.07245
40	9	1.21096
40	38	1.21186
40	52	1.098
40	60	1.17937
40	64	1.18023
40	77	1.1471
40	143	0.783135
40	152	1.19479
40	155	0.832754
40	160	0.751683
40	169	0.781473
40	175	1.23274
40	176	0.853776
40	179	1.00498
41	15	1.29364
41	27	1.07508
41	29	1.22243
41	46	1.0946
41	87	1.13863
41	91	1.10192
41	97	1.1605
41	102	1.21891
41	123	0.74922
41	139	0.798177
41	156	1.16643
41	158	0.71916
41	165	0.833516
41	171	0.906835
41	179	1.00556
42	33	1.23464
42	94	1.21084
42	101	1.24047
42	110	1.23437
42	126	1.24783
42	131	1.24682
42	134	1.2175
42	140	1.28769
42	141	1.26829
42	147	0.666322
42	150	0.71836
42	159	0.672372
42	169	0.734916
42	174	0.849661
42	176	0.807219
42	180	0.946759
43	10	1.19416
43	53	1.06442
43	54	1.06268
43	59	1.17572
43	93	1.11253
43	95	1.11251
43	103	1.13758
43	114	1.15536
43	115	1.04795
43	116	1.15618
43	147	0.795373
43	158	0.801076
43	162	0.819219
43	170	0.883368
43	176	0.93627
43	180	1.07581
44	30	1.17274
44	47	1.1789
44	55	1.12796
44	56	1.11224
44	61	1.08084
44	76	1.12851
44	86	1.08453
44	98	1.10026
44	108	1.13309
44	129	0.794447
44	155	0.822404
44	163	1.10197
44	171	0.895908
44	173	0.868101
44	176	0.843426
44	178	1.09283
45	33	0.686065
45	79	0.693492
45	90	0.540907
45	95	0.633063
45	101	0.562785
45	109	0.617282
45	134	0.578896
45	162	1.3515
45	164	1.26755
45	168	1.3315
45	173	1.2348
45	174	1.22921
45	176	1.24476
45	177	1.18178
45	179	1.18381
45	180	1.18406
46	2	1.13459
46	15	1.2444
46	26	1.16475
46	27	1.02584
46	35	1.10038
46	41	1.0946
46	75	1.00727
46	87	1.08939
46	91	1.05268
46	97	1.11125
46	102	1.16967
46	123	0.818385
46	144	0.886001
46	161	0.844585
46	168	0.831023
46	176	0.923518
47	44	1.1789
47	56	1.26569
47	61	1.23429
47	76	1.28197
47	86	1.23798
47	98	1.25371
47	108	1.28654
47	118	1.21845
47	138	0.739903
47	143	0.688736
47	155	0.738354
47	158	0.624183
47	163	1.25542
47	169	0.687073
47	178	1.00878
47	179	0.910579
48	12	1.1695
48	20	1.09289
48	75	1.02014
48	90	1.13063
48	118	1.09414
48	119	0.904934
48	125	1.17599
48	133	1.11198
48	150	0.838403
48	154	1.15469
48	156	1.13638
48	161	0.84833
48	165	0.906425
48	168	0.834767
48	170	1.09825
48	172	0.977224
49	25	1.07332
49	73	1.18324
49	117	1.14127
49	120	1.128
49	122	0.785038
49	132	1.11146
49	143	1.1534
49	153	0.752921
49	163	1.14187
49	170	1.10901
49	171	0.938904
49	173	0.911097
49	175	1.17202
49	176	0.886423
49	177	1.04008
49	178	0.964887
50	58	1.1242
50	65	1.19186
50	70	1.25246
50	78	0.895755
50	88	1.08128
50	94	1.03957
50	122	0.849459
50	127	1.12217
50	131	1.07556
50	140	1.11643
50	141	1.09702
50	152	1.08089
50	161	0.871911
50	162	0.833793
50	168	0.858349
50	174	0.993286
51	69	1.27503
51	81	1.28069
51	85	1.22979
51	99	1.24537
51	105	1.17733
51	111	1.31955
51	124	1.18278
51	129	0.715212
51	146	0.636971
51	150	0.675332
51	155	1.207
51	169	0.691889
51	175	1.27842
51	176	0.764192
51	178	1.01359
51	180	0.903732
52	37	1.08274
52	38	1.08316
52	40	1.098
52	60	1.05066
52	64	1.05153
52	77	1.0184
52	92	1.15343
52	125	1.11877
52	128	1.06505
52	129	0.915349
52	142	0.89798
52	147	0.823432
52	152	1.06609
52	168	0.871834
52	173	0.989004
52	175	1.10404
52	179	1.11553
53	43	1.06442
53	54	1.01523
53	59	1.12827
53	66	1.08552
53	93	1.06508
53	95	1.06506
53	103	1.09014
53	112	1.00349
53	114	1.10791
53	116	1.10873
53	128	1.08889
53	138	0.949097
53	145	0.9659
53	147	0.827673
53	152	1.08993
53	155	0.947548
53	170	0.915668
54	10	1.14498
54	14	1.07459
54	43	1.06268
54	53	1.01523
54	66	1.08378
54	93	1.06335
54	95	1.06332
54	103	1.0884
54	114	1.10617
54	116	1.10699
54	119	0.951601
54	142	0.907581
54	152	1.08819
54	156	0.884695
54	160	0.871837
54	174	1.01637
54	176	0.97393
55	13	0.714127
55	21	1.15844
55	44	1.12796
55	56	1.21475
55	61	1.18336
55	68	0.667529
55	76	1.23103
55	86	1.18705
55	98	1.20277
55	108	1.2356
55	118	1.16751
55	155	0.852422
55	161	0.794511
55	163	1.20448
55	170	0.820542
55	173	0.898119
55	176	0.873444
56	21	1.14271
56	30	1.25953
56	44	1.11224
56	47	1.26569
56	55	1.21475
56	61	1.16763
56	67	0.579071
56	76	1.2153
56	86	1.17132
56	98	1.18704
56	115	0.923863
56	133	1.16962
56	136	0.78515
56	148	0.732735
56	165	0.798073
56	166	0.907709
56	179	0.970112
57	16	1.15675
57	33	1.17958
57	101	1.18542
57	110	1.17931
57	112	0.894231
57	123	0.754183
57	126	1.19278
57	131	1.19177
57	134	1.16244
57	140	1.23264
57	141	1.21323
57	147	0.718419
57	152	1.1971
57	157	0.865657
57	167	0.791284
57	168	0.766821
57	172	0.909278
58	6	1.20146
58	16	1.16584
58	31	0.982705
58	50	1.1242
58	75	0.877762
58	88	1.20659
58	94	1.16488
58	110	1.18841
58	131	1.20087
58	134	1.17154
58	140	1.24173
58	141	1.22233
58	142	0.727661
58	150	0.705151
58	162	0.676959
58	164	0.795787
58	171	0.846492
59	43	1.17572
59	53	1.12827
59	66	1.19682
59	93	1.17638
59	95	1.17636
59	103	1.20144
59	114	1.21921
59	116	1.22003
59	128	1.20019
59	143	0.786155
59	148	0.77062
59	152	1.20123
59	162	0.739745
59	169	0.784493
59	170	0.803894
59	171	0.909278
59	174	0.899238
60	4	1.02511
60	37	1.16411
60	38	1.16453
60	40	1.17937
60	52	1.05066
60	64	1.13289
60	68	0.679334
60	77	1.09977
60	92	1.2348
60	125	1.20014
60	146	0.758029
60	152	1.14746
60	165	0.864412
60	170	0.832347
60	171	0.937731
60	173	0.909924
60	175	1.18541
60	180	1.02479
61	21	1.11132
61	23	0.689367
61	31	1.00215
61	44	1.08084
61	47	1.23429
61	55	1.18336
61	56	1.16763
61	68	0.753044
61	76	1.18391
61	86	1.13992
61	98	1.15565
61	108	1.18848
61	125	0.834825
61	153	0.825457
61	162	0.841908
61	163	1.15736
61	171	1.01144
61	176	0.958959
62	23	0.564068
62	71	1.21088
62	80	1.33169
62	100	1.29013
62	104	1.25931
62	113	1.27045
62	121	1.25715
62	127	1.30791
62	130	1.31136
62	135	0.762201
62	136	0.7999
62	144	0.796143
62	150	0.744801
62	157	0.840001
62	159	0.698813
62	163	1.27443
62	170	0.780758
62	178	1.09745
63	11	1.17521
63	19	1.10776
63	24	1.20327
63	81	1.17386
63	85	1.12296
63	96	1.1469
63	99	1.13854
63	105	1.0705
63	111	1.21272
63	122	0.784799
63	124	1.07596
63	135	0.814725
63	161	0.807251
63	167	0.818151
63	168	0.793689
63	171	0.938666
63	175	1.17159
63	177	1.03984
64	4	1.02598
64	9	1.16448
64	40	1.18023
64	52	1.05153
64	60	1.13289
64	77	1.10063
64	89	0.708844
64	92	1.23566
64	125	1.20101
64	128	1.14728
64	149	0.800358
64	152	1.14832
64	159	0.686693
64	166	0.910339
64	172	0.871503
64	175	1.18627
64	178	1.07094
64	180	0.96108
65	6	1.26912
65	50	1.19186
65	89	0.583851
65	94	1.23254
65	101	1.26218
65	110	1.25607
65	126	1.26954
65	131	1.26853
65	134	1.2392
65	140	1.3094
65	141	1.28999
65	146	0.569327
65	172	0.74651
65	173	0.721223
65	177	0.850206
65	178	0.94595
65	179	0.84775
65	180	0.836088
66	14	1.14488
66	53	1.08552
66	54	1.08378
66	59	1.19682
66	82	0.653415
66	93	1.13363
66	95	1.13361
66	103	1.15868
66	114	1.17646
66	116	1.17728
66	119	0.800984
66	133	1.14715
66	139	0.767137
66	151	0.992338
66	152	1.15848
66	157	0.829654
66	177	0.976971
66	179	0.974515
67	35	0.670626
67	37	0.617131
67	56	0.579071
67	71	0.700914
67	98	0.644802
67	133	0.59131
67	141	0.584092
67	154	0.571705
67	160	1.36073
67	164	1.29805
67	171	1.25207
67	172	1.26093
67	173	1.2653
67	174	1.25972
67	176	1.27526
67	177	1.21228
67	179	1.21431
67	180	1.21457
68	12	0.602361
68	33	1.24131
68	55	0.667529
68	60	0.679334
68	61	0.753044
68	73	0.637428
68	81	1.29905
68	91	0.723459
68	99	1.26373
68	116	0.622156
68	121	0.685126
68	124	1.20114
68	134	1.22417
68	141	1.27496
68	175	1.29678
68	176	1.17472
68	177	1.11173
68	179	1.11377
68	180	1.11402
69	11	1.23901
69	34	1.18817
69	51	1.27503
69	85	1.18676
69	99	1.20234
69	105	1.1343
69	111	1.27652
69	115	0.980276
69	124	1.13976
69	125	0.75119
69	127	1.23873
69	146	0.748103
69	147	0.734426
69	153	0.741822
69	155	1.16397
69	159	0.740476
69	167	0.807291
69	175	1.2354
69	176	0.875323
70	6	1.32972
70	22	1.38013
70	50	1.25246
70	88	1.33485
70	101	1.32278
70	126	1.33014
70	131	1.32913
70	134	1.2998
70	138	0.726966
70	140	1.37
70	141	1.35059
70	146	0.619219
70	155	0.725418
70	158	0.611246
70	160	0.644347
70	164	0.748216
70	166	0.835239
70	168	0.653945
70	179	0.897642
71	8	1.17682
71	62	1.21088
71	67	0.700914
71	79	1.06086
71	80	1.1722
71	89	0.828057
71	100	1.13064
71	104	1.09981
71	109	1.05823
71	113	1.11095
71	121	1.09765
71	130	1.15187
71	145	0.938083
71	153	0.807252
71	163	1.11494
71	169	0.86845
71	174	0.983195
71	178	0.93795
71	179	1.09196
72	18	0.681065
72	25	1.15503
72	32	1.23711
72	73	1.26495
72	74	0.906136
72	107	1.27225
72	117	1.22297
72	120	1.20971
72	132	1.19317
72	143	1.23511
72	144	0.789721
72	146	0.700017
72	147	0.68634
72	151	0.996262
72	153	0.693736
72	170	1.19072
72	175	1.25373
72	176	0.827238
72	178	1.04659
73	32	1.23339
73	49	1.18324
73	68	0.637428
73	72	1.26495
73	107	1.26852
73	117	1.21925
73	120	1.20598
73	132	1.18944
73	142	0.776994
73	150	0.754484
73	154	1.24344
73	156	0.754108
73	159	0.708496
73	167	0.775311
73	170	1.18699
73	172	0.893305
73	175	1.25
73	177	0.997001
73	178	1.04287
74	38	0.90168
74	72	0.906136
74	80	1.13655
74	85	0.923064
74	90	0.896043
74	94	1.03017
74	121	1.062
74	126	1.06717
74	130	1.11622
74	133	0.910048
74	140	1.10703
74	141	1.08762
74	151	0.942082
74	165	1.02645
74	171	0.964189
74	175	0.841366
74	177	0.924396
74	178	0.902302
74	180	0.926682
75	15	0.883071
75	27	0.994658
75	37	1.07637
75	46	1.00727
75	48	1.02014
75	58	0.877762
75	77	1.01203
75	90	1.06705
75	92	1.14706
75	96	0.84342
75	97	0.917099
75	152	1.05972
75	156	1.07279
75	170	1.03466
75	175	1.09767
75	176	0.975614
75	177	0.91263
75	179	0.914663
75	180	0.914916
76	21	1.15899
76	30	1.2758
76	44	1.12851
76	47	1.28197
76	55	1.23103
76	56	1.2153
76	61	1.18391
76	98	1.20332
76	108	1.23615
76	115	0.844423
76	133	1.1859
76	150	0.650611
76	161	0.660538
76	163	1.20503
76	166	0.828269
76	174	0.781912
76	176	0.73947
76	178	0.988873
76	179	0.890672
77	4	0.992851
77	37	1.13184
77	38	1.13226
77	39	0.756852
77	40	1.1471
77	52	1.0184
77	60	1.09977
77	64	1.10063
77	75	1.01203
77	92	1.20254
77	112	0.997871
77	123	0.857823
77	125	1.16788
77	137	0.838809
77	152	1.11519
77	164	0.964733
77	169	0.890653
77	170	0.910054
77	175	1.15315
78	19	0.809065
78	24	0.744521
78	29	0.727089
78	50	0.895755
78	88	0.79337
78	101	0.783934
78	158	1.24444
78	161	1.16952
78	167	1.15219
78	168	1.17736
78	169	1.17389
78	171	1.06744
78	172	1.0763
78	173	1.08067
78	174	1.07508
78	175	0.707378
78	177	1.02764
78	179	1.02968
78	180	1.02993
79	13	0.810412
79	23	0.700138
79	36	1.14266
79	45	0.693492
79	71	1.06086
79	80	1.18167
79	100	1.14011
79	104	1.10928
79	109	1.0677
79	113	1.12043
79	121	1.10712
79	130	1.16134
79	144	0.932213
79	147	0.828832
79	154	1.14799
79	155	0.948708
79	163	1.12441
79	178	0.947422
79	179	1.12093
80	62	1.33169
80	71	1.1722
80	74	1.13655
80	79	1.18167
80	100	1.25145
80	109	1.17904
80	121	1.21847
80	130	1.27268
80	142	0.767569
80	143	0.763277
80	154	1.25933
80	155	0.812896
80	161	0.754985
80	163	1.23575
80	164	0.835694
80	169	0.761615
80	174	0.87636
80	175	0.648864
80	178	1.05876
81	5	1.22567
81	19	1.17722
81	51	1.28069
81	63	1.17386
81	68	1.29905
81	85	1.19243
81	96	1.21636
81	99	1.20801
81	105	1.13996
81	115	0.883622
81	124	1.14542
81	125	0.654536
81	144	0.741153
81	145	0.776
81	149	0.757487
81	169	0.706366
81	175	1.24106
81	177	0.932328
81	180	0.918209
82	66	0.653415
82	90	0.647246
82	108	0.655278
82	114	0.686604
82	124	0.705121
82	126	0.727993
82	134	0.685235
82	154	0.641646
82	167	1.23748
82	168	1.26265
82	169	1.25918
82	171	1.15273
82	172	1.16159
82	173	1.16596
82	174	1.16037
82	176	1.17592
82	177	1.11293
82	178	1.09084
82	179	1.11497
82	180	1.11522
83	17	1.1783
83	84	1.19479
83	106	1.15554
83	107	1.23622
83	115	1.09033
83	117	1.18695
83	120	1.17368
83	125	0.766117
83	129	0.841271
83	132	1.15714
83	149	0.869068
83	154	1.21114
83	159	0.755403
83	160	0.788158
83	162	0.7732
83	163	1.18755
83	171	0.942733
83	172	0.940213
83	175	1.2177
83	178	1.01057
84	28	0.742082
84	32	1.19926
84	83	1.19479
84	89	0.717057
84	106	1.15371
84	117	1.18512
84	120	1.17185
84	132	1.15532
84	142	0.763404
84	145	0.827083
84	154	1.20931
84	155	1.14445
84	163	1.18573
84	167	0.761721
84	170	1.15286
84	175	1.21588
84	176	0.829753
84	177	0.983411
84	178	1.00874
84	179	0.980955
85	24	1.22183
85	34	1.14293
85	51	1.22979
85	63	1.12296
85	69	1.18676
85	74	0.923064
85	81	1.19243
85	96	1.16546
85	105	1.08906
85	111	1.23128
85	124	1.09452
85	136	0.810405
85	138	0.824692
85	144	0.806648
85	149	0.822983
85	155	1.11873
85	156	0.75493
85	157	0.850507
85	170	0.791263
85	175	1.19016
86	13	0.680041
86	21	1.11501
86	30	1.23182
86	44	1.08453
86	47	1.23798
86	55	1.18705
86	56	1.17132
86	61	1.13992
86	98	1.15934
86	108	1.19217
86	118	1.12408
86	123	1.19298
86	129	0.790379
86	153	0.705857
86	159	0.704511
86	163	1.16105
86	164	0.841135
86	171	0.89184
86	177	0.993016
86	179	0.990561
87	1	1.16562
87	2	1.17862
87	15	1.28843
87	26	1.20878
87	27	1.06987
87	29	1.21722
87	41	1.13863
87	46	1.08939
87	91	1.09671
87	97	1.15529
87	102	1.2137
87	136	0.81127
87	145	0.84236
87	156	1.16122
87	164	0.846807
87	166	0.933829
87	168	0.752535
87	169	0.772727
87	173	0.869705
87	176	0.845031
88	16	1.12293
88	23	0.578866
88	39	0.642354
88	50	1.08128
88	58	1.20659
88	70	1.33485
88	78	0.79337
88	94	1.12196
88	101	1.1516
88	110	1.14549
88	112	0.883374
88	126	1.15896
88	131	1.15795
88	134	1.12862
88	140	1.19882
88	141	1.17941
88	144	0.810941
88	165	0.827621
88	170	0.795556
88	178	1.09786
89	64	0.708844
89	65	0.583851
89	71	0.828057
89	84	0.717057
89	94	0.728343
89	96	0.646972
89	133	0.718453
89	141	0.711235
89	158	1.31327
89	160	1.24492
89	165	1.19852
89	166	1.14273
89	167	1.22101
89	171	1.13626
89	173	1.1495
89	174	1.14391
89	176	1.15946
89	177	1.09647
89	179	1.0985
89	180	1.09876
90	3	1.20105
90	7	1.10138
90	12	1.2164
90	20	1.13979
90	45	0.540907
90	48	1.13063
90	74	0.896043
90	75	1.06705
90	82	0.647246
90	118	1.14104
90	125	1.22289
90	128	1.16917
90	133	1.15888
90	146	0.689924
90	154	1.20159
90	156	1.18328
90	159	0.682297
90	160	0.715052
90	170	1.14515
90	178	1.06655
91	1	1.12891
91	2	1.14191
91	15	1.25173
91	26	1.17207
91	27	1.03316
91	29	1.18051
91	35	1.10771
91	41	1.10192
91	46	1.05268
91	68	0.723459
91	87	1.09671
91	97	1.11858
91	102	1.177
91	144	0.891857
91	156	1.12452
91	157	0.935715
91	160	0.827281
91	162	0.812323
91	167	0.861341
91	175	0.74432
91	176	0.929374
92	4	1.12788
92	9	1.26639
92	37	1.26688
92	38	1.2673
92	52	1.15343
92	60	1.2348
92	64	1.23566
92	75	1.14706
92	77	1.20254
92	123	0.725276
92	128	1.24919
92	137	0.706262
92	152	1.25023
92	153	0.696908
92	162	0.713359
92	164	0.832186
92	167	0.762377
92	170	0.777507
92	171	0.882891
92	175	1.28818
92	180	0.969949
93	10	1.19483
93	14	1.12445
93	18	0.785869
93	43	1.11253
93	53	1.06508
93	54	1.06335
93	59	1.17638
93	66	1.13363
93	95	1.11317
93	103	1.13825
93	114	1.15602
93	116	1.15684
93	122	0.830656
93	123	0.826908
93	128	1.137
93	133	1.12671
93	148	0.845865
93	168	0.839546
93	170	0.879139
93	173	0.956716
93	176	0.932041
94	6	1.11683
94	22	1.16724
94	42	1.21084
94	50	1.03957
94	58	1.16488
94	65	1.23254
94	74	1.03017
94	88	1.12196
94	89	0.728343
94	126	1.11725
94	131	1.11624
94	134	1.08691
94	140	1.15711
94	141	1.1377
94	149	0.819857
94	155	0.820017
94	164	0.842815
94	166	0.929838
94	167	0.773007
94	172	0.891001
94	178	1.09044
95	10	1.1948
95	14	1.12442
95	43	1.11251
95	45	0.633063
95	53	1.06506
95	54	1.06332
95	59	1.17636
95	66	1.13361
95	93	1.11317
95	103	1.13822
95	114	1.156
95	116	1.15682
95	119	0.886971
95	133	1.12668
95	136	0.87554
95	152	1.13801
95	156	0.820065
95	168	0.816805
95	169	0.836997
95	172	0.959262
95	177	1.06296
96	5	1.1987
96	19	1.15026
96	24	1.24576
96	34	1.16686
96	63	1.1469
96	75	0.84342
96	81	1.21636
96	85	1.16546
96	89	0.646972
96	99	1.18104
96	105	1.113
96	111	1.25522
96	115	0.864621
96	123	0.654535
96	124	1.11845
96	127	1.21742
96	168	0.667173
96	169	0.687365
96	175	1.21409
96	177	0.913326
96	178	1.00907
96	179	0.910871
97	1	1.18748
97	2	1.20049
97	15	1.3103
97	26	1.23065
97	27	1.09174
97	28	0.745675
97	29	1.23909
97	35	1.16628
97	41	1.1605
97	46	1.11125
97	75	0.917099
97	87	1.15529
97	91	1.11858
97	102	1.23557
97	122	0.731962
97	135	0.761888
97	142	0.766998
97	143	0.762707
97	156	1.18309
97	168	0.740852
97	171	0.885829
97	172	0.883309
98	21	1.13073
98	30	1.24754
98	44	1.10026
98	47	1.25371
98	55	1.20277
98	56	1.18704
98	61	1.15565
98	67	0.644802
98	76	1.20332
98	86	1.15934
98	108	1.20789
98	123	1.2087
98	133	1.15764
98	150	0.795782
98	158	0.749448
98	159	0.749794
98	163	1.17677
98	166	0.97344
98	167	0.816609
98	169	0.812338
98	170	0.831739
98	173	0.909316
99	5	1.19035
99	19	1.1419
99	34	1.15851
99	51	1.24537
99	63	1.13854
99	68	1.26373
99	69	1.20234
99	81	1.20801
99	96	1.18104
99	105	1.10464
99	111	1.24686
99	124	1.1101
99	125	0.731052
99	137	0.731038
99	142	0.788837
99	157	0.861527
99	158	0.719992
99	160	0.753093
99	171	0.907668
99	173	0.879861
99	175	1.20574
99	180	0.994726
100	8	1.25608
100	36	1.21245
100	39	0.657248
100	62	1.29013
100	71	1.13064
100	79	1.14011
100	80	1.25145
100	104	1.17906
100	109	1.13748
100	113	1.19021
100	121	1.17691
100	130	1.23112
100	139	0.807176
100	143	0.792712
100	155	0.842331
100	163	1.19419
100	164	0.865129
100	167	0.79532
100	168	0.770857
100	173	0.888028
100	176	0.863353
100	178	1.0172
101	33	1.13369
101	42	1.24047
101	45	0.562785
101	57	1.18542
101	65	1.26218
101	70	1.32278
101	78	0.783934
101	88	1.1516
101	115	0.943975
101	123	0.733889
101	126	1.14688
101	131	1.14587
101	134	1.11655
101	135	0.767563
101	140	1.18674
101	141	1.16734
101	143	1.17053
101	147	0.698125
101	148	0.752847
101	152	1.1512
101	173	0.863698
101	178	1.08843
102	1	1.2459
102	2	1.2589
102	15	1.36872
102	23	0.550819
102	26	1.28907
102	27	1.15016
102	29	1.29751
102	35	1.2247
102	41	1.21891
102	46	1.16967
102	87	1.2137
102	91	1.177
102	97	1.23557
102	122	0.719026
102	136	0.786651
102	137	0.696264
102	143	0.749771
102	156	1.24151
102	167	0.752379
102	169	0.748108
102	173	0.845086
102	174	0.862853
102	180	0.959951
103	10	1.21988
103	14	1.1495
103	43	1.13758
103	53	1.09014
103	54	1.0884
103	59	1.20144
103	66	1.15868
103	93	1.13825
103	95	1.13822
103	114	1.18107
103	115	1.07367
103	116	1.1819
103	128	1.16205
103	150	0.76141
103	152	1.16309
103	153	0.716768
103	156	0.761034
103	160	0.748177
103	164	0.852046
103	165	0.829432
103	177	1.00393
103	179	1.00147
103	180	0.989809
104	36	1.18162
104	62	1.25931
104	71	1.09981
104	79	1.10928
104	100	1.17906
104	109	1.10665
104	113	1.15938
104	118	1.12639
104	121	1.14608
104	127	1.19684
104	130	1.20029
104	137	0.718835
104	154	1.18695
104	157	0.849324
104	162	0.725932
104	163	1.16336
104	165	0.822145
104	169	0.770679
104	171	0.895464
104	172	0.892944
104	177	0.99664
104	178	0.986377
104	179	0.994185
105	11	1.14131
105	19	1.07386
105	24	1.16937
105	31	1.00763
105	51	1.17733
105	63	1.0705
105	69	1.1343
105	81	1.13996
105	85	1.08906
105	96	1.113
105	99	1.10464
105	111	1.17882
105	124	1.04206
105	127	1.14103
105	155	1.06627
105	165	0.798099
105	167	0.750904
105	170	0.766034
105	173	0.843611
105	174	0.861378
105	175	1.13769
105	176	0.818936
105	177	0.972594
105	178	1.06834
106	7	0.962093
106	17	1.13722
106	25	1.07792
106	32	1.16001
106	83	1.15554
106	84	1.15371
106	107	1.19514
106	120	1.1326
106	132	1.11606
106	138	0.853978
106	151	1.04248
106	154	1.17006
106	155	1.1052
106	161	0.794519
106	163	1.14647
106	165	0.852614
106	167	0.805419
106	170	1.11361
106	171	0.925933
106	172	0.923413
106	173	0.898126
106	175	1.17662
106	176	0.873451
106	178	0.969487
107	17	1.2179
107	25	1.15861
107	31	1.07195
107	39	0.625881
107	72	1.27225
107	73	1.26852
107	83	1.23622
107	106	1.19514
107	117	1.22655
107	120	1.21328
107	132	1.19675
107	135	0.760526
107	158	0.696792
107	159	0.697138
107	163	1.22716
107	165	0.811148
107	166	0.920784
107	168	0.73949
107	170	1.19429
107	173	0.85666
107	174	0.874427
107	175	1.25731
107	177	0.985643
107	178	1.05017
108	21	1.16356
108	30	1.28038
108	31	1.0544
108	44	1.13309
108	47	1.28654
108	55	1.2356
108	61	1.18848
108	76	1.23615
108	82	0.655278
108	86	1.19217
108	98	1.20789
108	118	1.17263
108	123	1.24154
108	133	1.19047
108	136	0.791417
108	145	0.822507
108	150	0.736317
108	156	0.735941
108	157	0.831518
108	158	0.689983
108	163	1.20961
108	165	0.804339
108	166	0.913975
108	177	0.978835
109	7	1.17775
109	8	1.18367
109	36	1.14004
109	45	0.617282
109	71	1.05823
109	79	1.0677
109	80	1.17904
109	100	1.13748
109	104	1.10665
109	113	1.1178
109	121	1.10449
109	123	1.15371
109	127	1.15526
109	130	1.15871
109	135	0.822061
109	151	1.06254
109	154	1.14536
109	156	0.804284
109	160	0.791427
109	162	0.776469
109	163	1.12178
109	168	0.801024
109	174	0.935961
109	178	0.944793
110	16	1.10475
110	22	1.19076
110	33	1.12758
110	42	1.23437
110	57	1.17931
110	58	1.18841
110	65	1.25607
110	88	1.14549
110	126	1.14078
110	127	1.18638
110	131	1.13977
110	134	1.11044
110	136	0.817152
110	140	1.18064
110	141	1.16123
110	150	0.762053
110	152	1.1451
110	156	0.761677
110	161	0.77198
110	168	0.758417
110	170	0.79801
110	171	0.903394
110	172	0.900874
110	173	0.875587
110	177	1.00457
111	5	1.26452
111	11	1.28353
111	24	1.31159
111	34	1.23268
111	51	1.31955
111	63	1.21272
111	69	1.27652
111	85	1.23128
111	96	1.25522
111	99	1.24686
111	105	1.17882
111	124	1.18428
111	146	0.63486
111	148	0.675904
111	150	0.673221
111	153	0.628579
111	155	1.20849
111	156	0.672845
111	160	0.659987
111	166	0.850879
111	172	0.812042
111	175	1.27991
111	178	1.01148
111	179	0.913282
111	180	0.90162
112	53	1.00349
112	57	0.894231
112	77	0.997871
112	88	0.883374
112	113	0.855279
112	114	0.891418
112	140	0.835738
112	142	1.09582
112	149	1.0563
112	157	1.05112
112	158	1.16092
112	159	1.16003
112	166	0.990375
112	167	1.06866
112	168	1.09384
112	169	1.09037
112	171	0.983914
112	172	0.992776
112	174	0.991557
112	175	0.797382
112	176	1.00711
112	177	0.944121
112	178	0.922027
112	179	0.946154
112	180	0.946407
113	8	1.23639
113	36	1.19276
113	62	1.27045
113	71	1.11095
113	79	1.12043
113	100	1.19021
113	104	1.15938
113	109	1.1178
113	112	0.855279
113	118	1.13753
113	121	1.15722
113	123	1.20643
113	125	0.69623
113	130	1.21144
113	151	0.989389
113	154	1.19809
113	155	0.799342
113	157	0.826705
113	161	0.741431
113	163	1.17451
113	167	0.752332
113	171	0.872846
113	172	0.870326
113	174	0.862806
113	178	0.99752
114	10	1.23766
114	14	1.16727
114	43	1.15536
114	53	1.10791
114	54	1.10617
114	59	1.21921
114	66	1.17646
114	82	0.686604
114	93	1.15602
114	95	1.156
114	103	1.18107
114	112	0.891418
114	115	1.09144
114	116	1.19967
114	128	1.17983
114	133	1.16953
114	152	1.18086
114	156	0.767267
114	159	0.721655
114	160	0.75441
114	162	0.739452
114	165	0.835665
114	172	0.906465
114	173	0.881178
114	180	0.996042
115	27	1.01586
115	43	1.04795
115	56	0.923863
115	69	0.980276
115	76	0.844423
115	81	0.883622
115	83	1.09033
115	96	0.864621
115	101	0.943975
115	103	1.07367
115	114	1.09144
115	116	1.09226
115	120	1.06739
115	132	1.05085
115	133	1.06213
115	134	0.960086
115	162	1.09609
115	164	1.01214
115	166	0.972624
115	173	0.979393
115	175	1.11141
115	176	0.989353
115	178	0.904276
115	179	0.928402
115	180	0.928656
116	10	1.23848
116	14	1.16809
116	43	1.15618
116	53	1.10873
116	54	1.10699
116	59	1.22003
116	66	1.17728
116	68	0.622156
116	93	1.15684
116	95	1.15682
116	103	1.1819
116	114	1.19967
116	115	1.09226
116	128	1.18065
116	133	1.17036
116	151	0.997096
116	152	1.18169
116	153	0.694569
116	158	0.692877
116	161	0.749138
116	168	0.735576
116	173	0.852746
116	174	0.870513
116	178	1.07747
116	179	0.979273
117	25	1.10933
117	49	1.14127
117	72	1.22297
117	73	1.21925
117	83	1.18695
117	84	1.18512
117	107	1.22655
117	120	1.16401
117	129	0.816865
117	132	1.14747
117	135	0.794385
117	136	0.832084
117	146	0.738624
117	148	0.779669
117	154	1.20147
117	155	1.13661
117	157	0.872186
117	161	0.786912
117	163	1.17788
117	166	0.954643
117	170	1.14502
117	174	0.908286
117	175	1.20803
117	176	0.865844
117	178	1.0009
118	47	1.21845
118	48	1.09414
118	55	1.16751
118	86	1.12408
118	90	1.14104
118	104	1.12639
118	108	1.17263
118	113	1.13753
118	121	1.12423
118	122	0.809274
118	123	1.17344
118	130	1.17844
118	133	1.12238
118	135	0.8392
118	136	0.876899
118	139	0.854483
118	143	0.840019
118	149	0.889477
118	154	1.1651
118	156	1.14678
118	161	0.831726
118	168	0.818164
118	169	0.838356
118	170	1.10865
118	178	0.964528
118	180	1.0502
119	30	0.796984
119	32	0.810286
119	48	0.904934
119	54	0.951601
119	66	0.800984
119	95	0.886971
119	121	0.868712
119	151	1.01207
119	154	0.789215
119	157	1.10139
119	158	1.21118
119	161	1.13626
119	164	1.08015
119	166	1.04064
119	167	1.11892
119	168	1.1441
119	169	1.14063
119	171	1.03418
119	172	1.04304
119	173	1.04741
119	174	1.04182
119	175	0.740138
119	176	1.05737
119	177	0.994382
119	179	0.996415
119	180	0.996668
120	32	1.17815
120	49	1.128
120	72	1.20971
120	73	1.20598
120	83	1.17368
120	84	1.17185
120	106	1.1326
120	107	1.21328
120	115	1.06739
120	117	1.16401
120	132	1.1342
120	135	0.815411
120	143	1.17614
120	144	0.849353
120	145	0.8842
120	155	1.12334
120	156	0.797635
120	158	0.751676
120	159	0.752023
120	162	0.769819
120	163	1.16461
120	164	0.888646
120	166	0.975669
120	170	1.13175
120	173	0.911545
120	174	0.929312
120	175	1.19476
120	178	0.987627
121	8	1.22309
121	23	0.621449
121	36	1.17946
121	62	1.25715
121	68	0.685126
121	71	1.09765
121	74	1.062
121	79	1.10712
121	80	1.21847
121	100	1.17691
121	104	1.14608
121	109	1.10449
121	113	1.15722
121	118	1.12423
121	119	0.868712
121	123	1.19313
121	125	0.766907
121	130	1.19813
121	143	0.8204
121	145	0.888371
121	154	1.18479
121	155	0.870019
121	163	1.1612
121	165	0.870203
121	167	0.823009
121	169	0.818738
121	178	0.984217
121	179	1.04224
122	49	0.785038
122	50	0.849459
122	63	0.784799
122	93	0.830656
122	97	0.731962
122	102	0.719026
122	118	0.809274
122	128	0.690632
122	134	0.753749
122	151	1.06762
122	152	0.75468
122	160	1.19838
122	161	1.19181
122	162	1.21966
122	164	1.1357
122	165	1.15198
122	166	1.09619
122	167	1.17447
122	168	1.19965
122	169	1.19618
122	171	1.08972
122	172	1.09859
122	173	1.10296
122	174	1.09737
122	175	0.661082
122	176	1.11292
122	177	1.04993
122	179	1.05196
122	180	1.05222
123	26	0.705342
123	41	0.74922
123	46	0.818385
123	57	0.754183
123	77	0.857823
123	86	1.19298
123	92	0.725276
123	93	0.826908
123	96	0.654535
123	98	1.2087
123	101	0.733889
123	108	1.24154
123	109	1.15371
123	113	1.20643
123	118	1.17344
123	121	1.19313
123	130	1.24735
123	131	0.755063
123	133	1.19128
123	163	1.21042
123	167	1.18007
123	171	1.09532
123	172	1.10418
123	175	0.657334
123	177	1.05552
123	178	1.03343
123	179	1.05756
123	180	1.05781
124	5	1.12776
124	11	1.14677
124	18	0.728847
124	19	1.07932
124	24	1.17482
124	34	1.09592
124	51	1.18278
124	63	1.07596
124	68	1.20114
124	69	1.13976
124	81	1.14542
124	82	0.705121
124	85	1.09452
124	96	1.11845
124	99	1.1101
124	105	1.04206
124	111	1.18428
124	127	1.14648
124	143	0.804379
124	155	1.07173
124	157	0.881361
124	162	0.757969
124	165	0.854182
124	168	0.782524
124	172	0.924981
124	175	1.14315
124	176	0.875019
124	177	1.02868
124	178	1.12442
125	15	0.675186
125	16	0.801782
125	17	0.810827
125	30	0.69518
125	48	1.17599
125	52	1.11877
125	60	1.20014
125	61	0.834825
125	64	1.20101
125	69	0.75119
125	77	1.16788
125	81	0.654536
125	83	0.766117
125	90	1.22289
125	99	0.731052
125	113	0.69623
125	121	0.766907
125	127	0.729439
125	128	1.21453
125	133	1.20424
125	154	1.24695
125	156	1.22864
125	170	1.19051
125	172	1.11713
125	174	1.11591
125	175	1.25352
125	176	1.13146
125	177	1.06848
125	179	1.07051
125	180	1.07076
126	7	0.981985
126	22	1.20423
126	33	1.14105
126	42	1.24783
126	57	1.19278
126	65	1.26954
126	70	1.33014
126	74	1.06717
126	82	0.727993
126	88	1.15896
126	94	1.11725
126	101	1.14688
126	110	1.14078
126	131	1.15323
126	134	1.12391
126	138	0.878418
126	140	1.1941
126	141	1.1747
126	142	0.831543
126	143	1.17789
126	145	0.895222
126	147	0.756994
126	148	0.811716
126	152	1.15856
126	158	0.762698
126	159	0.763044
126	162	0.780841
126	165	0.877054
126	168	0.805397
126	180	1.03743
127	28	0.7659
127	50	1.12217
127	62	1.30791
127	69	1.23873
127	96	1.21742
127	104	1.19684
127	105	1.14103
127	109	1.15526
127	110	1.18638
127	124	1.14648
127	125	0.729439
127	129	0.804592
127	130	1.2489
127	131	1.19884
127	137	0.729425
127	140	1.23971
127	141	1.2203
127	152	1.20417
127	153	0.720071
127	155	1.1707
127	156	0.764337
127	157	0.859913
127	161	0.774639
127	166	0.942371
127	167	0.78554
127	169	0.781269
127	174	0.896014
127	175	1.24212
127	178	1.03498
128	3	1.19268
128	7	1.07625
128	9	1.17801
128	12	1.20804
128	20	1.13143
128	52	1.06505
128	53	1.08889
128	59	1.20019
128	64	1.14728
128	90	1.16917
128	92	1.24919
128	93	1.137
128	103	1.16205
128	114	1.17983
128	116	1.18065
128	122	0.690632
128	125	1.21453
128	133	1.15051
128	135	0.720558
128	144	0.7545
128	151	0.961042
128	153	0.658515
128	157	0.798358
128	162	0.674966
128	170	1.13678
128	172	0.841979
128	175	1.1998
128	176	0.792017
128	179	0.943219
128	180	0.931557
129	2	0.825949
129	44	0.794447
129	51	0.715212
129	52	0.915349
129	83	0.841271
129	86	0.790379
129	117	0.816865
129	127	0.804592
129	130	0.768455
129	147	1.21847
129	151	1.03402
129	154	0.762564
129	157	1.12334
129	159	1.23225
129	161	1.15821
129	162	1.18606
129	165	1.11839
129	166	1.06259
129	167	1.14088
129	168	1.16605
129	169	1.16258
129	171	1.05613
129	172	1.06499
129	173	1.06936
129	174	1.06377
129	175	0.713487
129	176	1.07932
129	177	1.01634
129	179	1.01837
129	180	1.01862
130	8	1.27731
130	36	1.23368
130	62	1.31136
130	71	1.15187
130	74	1.11622
130	79	1.16134
130	80	1.27268
130	100	1.23112
130	104	1.20029
130	109	1.15871
130	113	1.21144
130	118	1.17844
130	121	1.19813
130	123	1.24735
130	127	1.2489
130	129	0.768455
130	139	0.761258
130	143	0.746794
130	148	0.731259
130	154	1.239
130	155	0.796413
130	156	0.728199
130	157	0.823776
130	158	0.682241
130	163	1.21542
130	165	0.796597
130	166	0.906233
130	167	0.749402
130	174	0.859876
130	177	0.971092
130	178	1.03843
131	6	1.15282
131	22	1.20322
131	33	1.14004
131	42	1.24682
131	50	1.07556
131	57	1.19177
131	58	1.20087
131	65	1.26853
131	70	1.32913
131	88	1.15795
131	94	1.11624
131	101	1.14587
131	110	1.13977
131	123	0.755063
131	126	1.15323
131	127	1.19884
131	134	1.1229
131	138	0.840722
131	140	1.1931
131	141	1.17369
131	143	1.17689
131	144	0.822679
131	146	0.732975
131	147	0.719299
131	158	0.725002
131	160	0.758103
131	167	0.792164
131	168	0.767701
131	170	0.807294
131	173	0.884871
131	174	0.902638
131	178	1.1096
132	7	0.963698
132	17	1.13882
132	25	1.07953
132	31	0.992868
132	39	0.700986
132	49	1.11146
132	72	1.19317
132	73	1.18944
132	83	1.15714
132	84	1.15532
132	106	1.11606
132	107	1.19675
132	115	1.05085
132	117	1.14747
132	120	1.1342
132	135	0.835631
132	137	0.782943
132	143	1.15961
132	149	0.885908
132	151	1.07612
132	154	1.17166
132	155	1.10681
132	158	0.771897
132	159	0.772243
132	163	1.14808
132	167	0.839058
132	169	0.834787
132	173	0.931766
132	175	1.17823
132	178	0.971093
132	179	1.05829
132	180	1.04663
133	48	1.11198
133	56	1.16962
133	66	1.14715
133	67	0.59131
133	74	0.910048
133	76	1.1859
133	89	0.718453
133	90	1.15888
133	93	1.12671
133	95	1.12668
133	98	1.15764
133	108	1.19047
133	114	1.16953
133	115	1.06213
133	116	1.17036
133	118	1.12238
133	123	1.19128
133	125	1.20424
133	128	1.15051
133	137	0.707002
133	147	0.690252
133	151	1.00017
133	153	0.697648
133	154	1.18294
133	156	1.16462
133	161	0.752217
133	163	1.15936
133	170	1.12649
133	171	0.883631
133	172	0.881111
133	174	0.873591
133	178	1.08055
133	180	0.970689
134	6	1.12349
134	16	1.08788
134	22	1.1739
134	33	1.11071
134	42	1.2175
134	45	0.578896
134	57	1.16244
134	58	1.17154
134	65	1.2392
134	68	1.22417
134	70	1.2998
134	82	0.685235
134	88	1.12862
134	94	1.08691
134	101	1.11655
134	110	1.11044
134	115	0.960086
134	122	0.753749
134	126	1.12391
134	131	1.1229
134	139	0.798957
134	140	1.16377
134	141	1.14436
134	143	1.14756
134	147	0.714236
134	152	1.12823
134	159	0.720286
134	162	0.738083
134	164	0.85691
134	166	0.943932
134	170	0.802231
134	178	1.10454
134	179	1.00634
135	26	0.739016
135	62	0.762201
135	63	0.814725
135	97	0.761888
135	101	0.767563
135	107	0.760526
135	109	0.822061
135	117	0.794385
135	118	0.8392
135	120	0.815411
135	128	0.720558
135	132	0.835631
135	137	1.23351
135	139	1.18082
135	149	1.1493
135	153	1.25104
135	157	1.14412
135	158	1.25391
135	159	1.25303
135	165	1.13917
135	166	1.08337
135	167	1.16166
135	168	1.18684
135	169	1.18337
135	171	1.07691
135	172	1.08577
135	173	1.09014
135	174	1.08456
135	175	0.691008
135	176	1.1001
135	177	1.03712
135	178	1.01503
135	179	1.03915
135	180	1.03941
136	39	1.25595
136	56	0.78515
136	62	0.7999
136	85	0.810405
136	87	0.81127
136	95	0.87554
136	102	0.786651
136	108	0.791417
136	110	0.817152
136	117	0.832084
136	118	0.876899
136	139	1.14193
136	144	1.13939
136	146	1.22182
136	147	1.20036
136	149	1.1104
136	152	0.822305
136	160	1.14668
136	164	1.08399
136	165	1.10028
