1	40	1.19131
1	55	1.19131
1	81	0.705419
1	111	0.729822
1	120	0.718846
1	143	1.18061
1	146	1.20292
1	154	0.718233
1	160	1.18904
1	161	0.73569
1	163	1.19034
1	166	1.25448
2	7	0.838229
2	39	1.26997
2	60	1.17569
2	78	0.708548
2	122	1.21021
2	134	0.686122
2	137	0.708508
2	140	1.19618
2	153	0.65139
2	178	1.18142
2	179	1.1814
2	180	1.18513
3	5	1.20066
3	21	1.14224
3	32	0.69173
3	39	1.22233
3	44	1.30305
3	46	1.17604
3	50	1.17592
3	56	0.731143
3	122	0.778479
3	143	1.17976
3	144	0.662066
3	179	0.742004
4	49	1.03788
4	58	1.16131
4	65	1.19344
4	75	1.19344
4	144	0.685209
4	162	0.73844
4	166	1.26444
4	171	1.28608
4	172	0.674423
4	174	1.26342
4	178	0.744273
4	179	0.765148
5	3	1.20066
5	21	1.17141
5	39	1.2515
5	46	1.20521
5	50	1.20509
5	60	1.15722
5	81	0.734009
5	130	0.751985
5	143	1.20892
5	151	0.665662
5	157	0.673979
5	173	0.782324
6	29	1.11207
6	35	0.953205
6	53	1.04071
6	57	0.984925
6	74	1.01629
6	145	0.877478
6	154	1.05136
6	158	0.903348
6	162	0.907242
6	171	1.14556
6	172	1.09588
6	173	0.917798
7	2	0.838229
7	77	1.02771
7	85	1.11521
7	93	1.05155
7	96	1.11521
7	130	0.900358
7	146	1.01608
7	163	1.0035
7	168	1.00412
7	174	1.06663
7	177	0.939818
7	180	0.926194
8	35	1.11207
8	53	1.19957
8	57	1.14379
8	74	1.17516
8	82	0.726444
8	111	0.717804
8	149	0.693762
8	154	1.21023
8	171	1.30443
8	172	1.25475
8	176	0.73226
8	180	0.737213
9	91	1.22808
9	101	0.726147
9	126	1.16293
9	128	1.19255
9	129	1.17756
9	143	1.19025
9	146	1.21256
9	157	0.638483
9	172	1.23608
9	176	0.737373
9	179	0.76298
9	180	0.742326
10	81	0.699147
10	98	1.21586
10	115	1.19255
10	119	1.20892
10	121	1.18065
10	131	1.20041
10	136	1.18107
10	160	1.22053
10	161	0.729419
10	172	0.67289
10	178	0.742739
10	179	0.763614
11	19	0.84711
11	49	0.871981
11	58	0.995406
11	61	1.16131
11	65	1.02754
11	69	0.921128
11	75	1.02754
11	156	0.925509
11	160	0.912845
11	166	1.09854
11	171	1.12018
11	174	1.09752
12	114	0.951302
12	137	1.00534
12	147	1.02565
12	148	1.02708
12	150	1.04568
12	152	1.04588
12	153	1.07164
12	154	0.870352
12	159	0.928338
12	160	0.856195
12	163	1.0578
12	174	1.12093
13	62	0.915596
13	125	1.09768
13	127	1.0008
13	142	1.02452
13	148	1.02024
13	150	1.03884
13	152	1.03903
13	153	1.06479
13	165	0.902534
13	174	1.11409
13	176	0.890194
13	180	0.895147
14	45	0.677461
14	124	1.20233
14	127	0.787142
14	131	1.22263
14	136	1.2033
14	140	1.20311
14	150	0.736782
14	152	0.748442
14	174	0.642736
14	177	1.18823
14	179	1.18833
14	180	1.19206
15	68	1.2105
15	81	0.674949
15	86	1.18623
15	91	1.22929
15	100	0.71366
15	104	0.7889
15	126	1.16414
15	128	1.19376
15	129	1.17877
15	158	0.708814
15	172	1.2373
15	175	0.719095
16	41	0.731179
16	65	0.725038
16	119	0.70476
16	140	0.729573
16	143	0.701889
16	167	1.23425
16	173	1.19495
16	176	1.20359
16	177	1.19078
16	178	1.19091
16	179	1.19089
16	180	1.19462
17	112	1.23429
17	118	1.15773
17	122	1.21211
17	123	1.19711
17	124	1.1973
17	132	1.20338
17	133	0.714567
17	140	1.19808
17	164	0.724604
17	166	0.707471
17	176	0.716502
17	179	0.742109
18	62	1.0786
18	108	1.08658
18	112	1.0476
18	123	1.01042
18	124	1.01061
18	132	1.01669
18	133	0.887694
18	140	1.01139
18	141	0.984924
18	144	0.835298
18	171	1.13811
18	175	0.894916
19	11	0.84711
19	109	0.715147
19	127	0.707115
19	131	1.22176
19	132	1.20754
19	136	1.20243
19	140	1.20224
19	141	0.655487
19	152	0.668415
19	177	1.18736
19	178	1.18748
19	180	1.19119
20	25	1.09672
20	86	1.13655
20	87	1.13132
20	107	1.13153
20	128	1.14408
20	129	1.12909
20	154	1.14309
20	157	0.70863
20	160	0.767318
20	161	0.798932
20	162	0.806419
20	172	1.18762
20	177	0.826096
21	3	1.14224
21	5	1.17141
21	39	1.19308
21	42	0.789347
21	46	1.14679
21	50	1.14668
21	60	1.0988
21	67	1.0505
21	143	1.15051
21	153	0.835182
21	168	0.833851
21	169	0.741831
21	172	0.701791
22	107	1.10753
22	119	1.1146
22	126	1.09045
22	129	1.10509
22	136	1.08675
22	139	0.762341
22	166	1.19165
22	171	1.21329
22	173	0.787444
22	174	1.19063
22	175	0.783276
22	176	0.777989
22	177	0.796565
23	44	0.69188
23	79	0.847714
23	125	0.748897
23	141	0.822909
23	163	0.780907
23	169	1.16243
23	173	1.13205
23	175	1.14926
23	176	1.14069
23	177	1.12788
23	178	1.128
23	179	1.12798
23	180	1.13171
24	78	0.784497
24	84	1.33002
24	91	1.33907
24	97	1.20078
24	107	1.29099
24	128	1.30353
24	129	1.28855
24	138	0.649423
24	155	0.550111
24	157	0.560174
24	159	0.691005
24	165	0.671404
24	172	1.34707
25	20	1.09672
25	87	1.1325
25	103	1.12555
25	126	1.11564
25	128	1.14526
25	129	1.13027
25	146	1.16527
25	155	0.69466
25	167	0.773551
25	172	1.1888
25	177	0.822189
25	178	0.808345
25	180	0.808566
26	59	1.09438
26	76	1.2246
26	122	1.13509
26	123	1.12009
26	124	1.12028
26	132	1.12636
26	140	1.12106
26	150	0.885794
26	151	0.682025
26	161	1.15813
26	162	0.78813
26	167	0.759169
26	176	0.789231
27	53	0.685037
27	89	0.580527
27	90	0.689715
27	152	0.694506
27	165	1.30735
27	168	0.653226
27	173	1.29944
27	174	0.588801
27	176	1.30808
27	177	1.29527
27	178	1.29539
27	179	1.29537
27	180	1.2991
28	40	1.29131
28	55	1.29131
28	82	0.633757
28	105	0.658146
28	143	1.28061
28	146	1.30292
28	159	0.671514
28	160	1.28904
28	163	1.29034
28	166	1.35448
28	171	0.633271
28	175	0.64486
28	179	0.665181
29	6	1.11207
29	35	1.15321
29	53	1.24071
29	57	1.18493
29	74	1.21629
29	153	0.759128
29	154	1.25136
29	161	0.682266
29	165	0.703194
29	169	0.665776
29	171	1.34556
29	172	1.29588
29	173	0.700309
29	178	0.695586
30	46	1.08337
30	60	1.03537
30	72	1.0671
30	147	1.06465
30	150	1.08469
30	153	1.11064
30	154	0.858992
30	155	0.776084
30	163	1.09681
30	165	0.897377
30	167	0.854975
30	168	1.09743
30	172	0.81992
30	174	1.15994
31	33	0.774756
31	109	1.07062
31	111	0.83836
31	122	0.914898
31	137	1.05763
31	142	1.08365
31	147	1.07794
31	148	1.07937
31	150	1.09798
31	152	1.09817
31	153	1.12393
31	156	0.825279
31	162	0.851716
31	168	1.11071
32	3	0.69173
32	68	0.708579
32	103	0.712127
32	141	0.736756
32	164	1.24173
32	168	0.708404
32	171	0.635159
32	173	1.22072
32	175	1.23794
32	176	1.22936
32	177	1.21655
32	178	1.21667
32	179	1.21666
32	180	1.22038
33	31	0.774756
33	34	0.614921
33	102	0.755359
33	124	0.707239
33	150	0.68463
33	153	0.656341
33	169	1.24993
33	173	1.21955
33	175	1.23676
33	176	1.22819
33	177	1.21538
33	178	1.2155
33	179	1.21548
33	180	1.21921
34	33	0.614921
34	71	0.802703
34	125	1.27323
34	127	1.17634
34	128	0.767992
34	134	1.20499
34	135	0.683711
34	141	1.20655
34	147	1.19435
34	152	1.21458
34	153	1.24034
34	154	0.666938
34	156	0.665444
34	174	1.28963
35	6	0.953205
35	8	1.11207
35	29	1.15321
35	53	1.08184
35	57	1.02606
35	74	1.05742
35	116	0.889489
35	151	0.749613
35	154	1.09249
35	169	0.831742
35	171	1.18669
35	172	1.13701
35	177	0.875396
35	178	0.861551
36	72	0.843846
36	92	1.0559
36	95	1.06439
36	113	1.11178
36	115	1.07894
36	119	1.09532
36	121	1.06705
36	131	1.0868
36	136	1.06746
36	145	0.822257
36	156	0.825585
36	166	1.17236
36	174	0.85564
36	178	0.857855
37	62	1.13878
37	108	1.14676
37	112	1.10778
37	118	1.03122
37	119	0.923801
37	122	1.08561
37	123	1.07061
37	124	1.0708
37	132	1.07687
37	140	1.07157
37	154	0.828674
37	160	0.814517
37	166	0.845687
37	172	0.789601
38	89	1.31554
38	99	0.642702
38	108	1.27976
38	118	1.16423
38	122	1.21861
38	123	1.20361
38	124	1.2038
38	132	1.20988
38	140	1.20458
38	164	0.713537
38	165	0.717775
38	169	0.680357
38	177	0.724011
38	179	0.731042
39	2	1.26997
39	3	1.22233
39	5	1.2515
39	21	1.19308
39	46	1.22688
39	50	1.22676
39	60	1.17889
39	82	0.699159
39	119	0.774057
39	120	0.679542
39	143	1.2306
39	162	0.703874
39	172	0.639857
39	178	0.709707
40	1	1.19131
40	28	1.29131
40	55	1.20942
40	143	1.19872
40	145	0.648621
40	146	1.22103
40	150	0.776048
40	152	0.787708
40	154	0.653441
40	160	1.20716
40	163	1.20845
40	164	0.687587
40	166	1.2726
40	167	0.649424
41	16	0.731179
41	109	1.14164
41	139	0.745982
41	141	1.16116
41	142	1.15468
41	148	1.1504
41	150	1.169
41	152	1.16919
41	153	1.19495
41	158	0.756636
41	161	1.17724
41	168	1.18174
41	169	0.736553
41	173	0.771085
41	178	0.766362
42	21	0.789347
42	45	0.725809
42	146	0.722959
42	153	0.756841
42	163	0.741861
42	164	1.18337
42	168	0.755509
42	170	1.16692
42	173	1.16235
42	175	1.17957
42	176	1.17099
42	177	1.15818
42	178	1.15831
42	179	1.15829
42	180	1.16202
43	110	1.13004
43	127	1.12756
43	141	1.15776
43	145	0.75142
43	148	1.147
43	150	1.1656
43	152	1.16579
43	153	1.19155
43	155	0.673332
43	159	0.814226
43	160	0.742083
43	161	1.17385
43	166	0.773254
43	167	0.752223
43	174	1.24085
44	3	1.30305
44	23	0.69188
44	91	0.667395
44	106	0.608346
44	117	0.611486
44	122	1.29414
44	132	1.2854
44	140	1.2801
44	143	1.31132
44	160	1.31975
44	163	1.32105
44	165	0.642735
44	166	1.38519
44	175	0.635682
44	177	0.648972
45	14	0.677461
45	42	0.725809
45	77	1.20271
45	85	1.29021
45	93	1.22655
45	96	1.29021
45	99	0.640637
45	146	1.19108
45	159	0.735311
45	163	1.1785
45	164	0.711472
45	165	0.71571
45	168	1.17912
45	174	1.24163
46	3	1.17604
46	5	1.20521
46	21	1.14679
46	30	1.08337
46	39	1.22688
46	50	1.18048
46	60	1.1326
46	72	1.16433
46	120	0.726977
46	143	1.18431
46	154	0.726364
46	159	0.78435
46	167	0.722347
46	177	0.770985
46	179	0.778016
47	121	1.17027
47	131	1.19003
47	136	1.17069
47	155	0.615114
47	156	0.696529
47	160	1.21015
47	163	1.21145
47	166	1.27559
47	167	0.694005
47	171	1.29723
47	174	1.27457
47	175	0.729353
47	176	0.724067
47	179	0.749674
48	80	0.796172
48	107	0.725979
48	134	0.736684
48	147	0.744714
48	148	0.745463
48	152	0.741901
48	162	1.17768
48	169	1.18965
48	170	1.16384
48	175	1.17648
48	176	1.16791
48	177	1.15509
48	178	1.15522
48	179	1.1552
48	180	1.15893
49	4	1.03788
49	11	0.871981
49	58	1.00608
49	61	1.17198
49	65	1.03821
49	75	1.03821
49	116	0.987403
49	120	0.898158
49	139	0.907942
49	161	0.915002
49	166	1.10921
49	171	1.13085
49	172	0.858473
49	174	1.10819
49	178	0.928322
50	3	1.17592
50	5	1.20509
50	21	1.14668
50	39	1.22676
50	46	1.18048
50	60	1.13248
50	67	1.08418
50	69	0.745767
50	72	1.16421
50	143	1.18419
50	149	0.739188
50	157	0.678796
50	159	0.809627
50	169	0.752609
50	175	0.782973
51	54	0.744269
51	83	0.840551
51	109	1.13491
51	125	1.22111
51	137	1.12193
51	142	1.14795
51	145	0.707839
51	147	1.14223
51	148	1.14367
51	152	1.16246
51	153	1.18822
51	154	0.712659
51	164	0.746806
51	174	1.23752
51	177	0.75728
52	68	1.19145
52	82	0.732228
52	83	0.83989
52	86	1.16718
52	87	1.16195
52	103	1.155
52	107	1.16216
52	126	1.14508
52	128	1.1747
52	129	1.15972
52	160	0.697842
52	161	0.729455
52	164	0.746145
52	168	1.18275
52	179	0.763651
53	6	1.04071
53	8	1.19957
53	27	0.685037
53	29	1.24071
53	35	1.08184
53	56	0.779628
53	57	1.11356
53	74	1.14492
53	139	0.749233
53	154	1.17999
53	156	0.737344
53	158	0.759887
53	159	0.796822
53	171	1.27419
53	172	1.22451
54	51	0.744269
54	103	0.74236
54	113	0.741975
54	118	0.809028
54	123	0.780841
54	159	1.15654
54	162	1.18239
54	173	1.16398
54	174	0.674211
54	175	1.18119
54	176	1.17262
54	177	1.1598
54	178	1.15993
54	179	1.15991
54	180	1.16364
55	1	1.19131
55	28	1.29131
55	40	1.20942
55	111	0.712942
55	135	0.718126
55	143	1.19872
55	144	0.673067
55	146	1.22103
55	157	0.628508
55	160	1.20716
55	163	1.20845
55	165	0.739738
55	166	1.2726
55	173	0.736853
56	3	0.731143
56	53	0.779628
56	96	0.648499
56	136	0.794318
56	148	0.792659
56	162	1.17818
56	168	0.747817
56	169	1.19016
56	173	1.15977
56	175	1.17699
56	176	1.16841
56	177	1.1556
56	178	1.15573
56	179	1.15571
56	180	1.15944
57	6	0.984925
57	8	1.14379
57	29	1.18493
57	35	1.02606
57	53	1.11356
57	73	0.808175
57	74	1.08914
57	116	0.819432
57	120	1.14624
57	133	0.784828
57	154	1.12421
57	159	0.818703
57	171	1.21841
57	172	1.16873
57	176	0.786762
57	178	0.791495
58	4	1.16131
58	11	0.995406
58	49	1.00608
58	61	1.29541
58	65	1.16164
58	75	1.16164
58	101	0.719152
58	142	0.842914
58	162	0.729278
58	166	1.23264
58	171	1.25428
58	174	1.23162
58	176	0.730379
58	177	0.748955
58	180	0.735332
59	26	1.09438
59	108	1.1741
59	112	1.13513
59	114	0.851276
59	118	1.05857
59	122	1.11295
59	123	1.09795
59	124	1.09814
59	129	0.85697
59	132	1.10422
59	140	1.09892
59	154	0.770326
59	160	0.756169
59	169	0.771293
59	171	1.22564
59	178	0.801103
60	2	1.17569
60	5	1.15722
60	21	1.0988
60	30	1.03537
60	39	1.17889
60	46	1.1326
60	50	1.13248
60	67	1.0363
60	72	1.11634
60	101	0.813832
60	135	0.815786
60	143	1.13632
60	160	0.784856
60	169	0.79998
60	172	0.759941
60	173	0.834513
61	11	1.16131
61	49	1.17198
61	58	1.29541
61	65	1.32754
61	75	1.32754
61	139	0.656062
61	157	0.572821
61	160	0.631509
61	166	1.39854
61	167	0.641649
61	169	0.646633
61	171	1.42018
61	174	1.39752
61	176	0.67171
61	177	0.690287
62	13	0.915596
62	18	1.0786
62	37	1.13878
62	105	0.710103
62	112	1.22901
62	118	1.15246
62	122	1.20684
62	123	1.19184
62	124	1.19203
62	132	1.19811
62	140	1.19281
62	156	0.663992
62	162	0.690429
62	168	0.758472
62	169	0.666452
62	171	1.31953
62	173	0.700985
63	101	0.725195
63	102	1.14101
63	109	1.17622
63	117	0.717511
63	134	1.19418
63	137	1.16323
63	140	0.830317
63	142	1.18925
63	147	1.18354
63	150	1.20358
63	152	1.20377
63	153	1.22953
63	154	0.710377
63	163	1.2157
63	169	0.711344
63	172	0.671304
63	180	0.741374
64	109	1.06179
64	110	1.05359
64	117	0.837862
64	125	1.14799
64	134	1.07975
64	137	1.04881
64	138	0.84713
64	142	1.07483
64	147	1.06911
64	148	1.07055
64	150	1.08915
64	152	1.08934
64	153	1.1151
64	162	0.855671
64	166	0.84774
64	176	0.856771
64	178	0.861504
65	4	1.19344
65	11	1.02754
65	16	0.725038
65	49	1.03821
65	58	1.16164
65	61	1.32754
65	75	1.19377
65	116	1.14296
65	138	0.745848
65	160	0.715287
65	161	0.746901
65	166	1.26477
65	167	0.725427
65	171	1.28641
65	172	0.690372
65	174	1.26375
65	178	0.760221
66	101	0.709504
66	108	1.23994
66	112	1.20097
66	118	1.12441
66	120	0.695298
66	122	1.17879
66	123	1.16379
66	124	1.16398
66	132	1.17006
66	135	0.711458
66	137	0.846122
66	140	1.16476
66	156	0.693192
66	161	1.20182
66	171	1.29148
66	175	0.726017
66	180	0.725683
67	21	1.0505
67	50	1.08418
67	60	1.0363
67	84	1.1168
67	106	0.848554
67	107	1.07776
67	129	1.07532
67	141	1.07778
67	150	1.08562
67	151	0.763397
67	152	1.08581
67	153	1.11157
67	158	0.865609
67	168	1.09836
67	173	0.880059
67	175	0.87589
67	180	0.875556
68	15	1.2105
68	32	0.708579
68	52	1.19145
68	86	1.20184
68	87	1.1966
68	97	1.10661
68	103	1.18966
68	107	1.19682
68	126	1.17974
68	128	1.20936
68	130	0.712363
68	149	0.694748
68	164	0.741348
68	168	1.21741
68	170	0.755377
68	178	0.737978
68	179	0.758853
69	11	0.921128
69	50	0.745767
69	91	0.671209
69	92	0.759716
69	108	0.659004
69	128	0.709219
69	147	1.18089
69	148	1.18233
69	150	1.20093
69	163	1.21305
69	168	1.21367
69	171	0.627907
69	174	1.27617
69	177	1.15722
69	178	1.15735
69	179	1.15733
69	180	1.16106
70	133	0.640604
70	144	0.588207
70	147	1.28277
70	148	1.28421
70	152	1.303
70	153	1.32876
70	156	0.615001
70	158	0.637544
70	160	1.31364
70	163	1.31493
70	164	0.65064
70	166	1.37908
70	168	1.31555
70	170	0.664669
70	174	1.37806
70	178	0.647271
70	179	0.668146
71	34	0.802703
71	80	1.10021
71	94	1.10988
71	95	1.12601
71	104	1.15281
71	106	0.7538
71	113	1.1734
71	115	1.14057
71	119	1.15694
71	121	1.12867
71	131	1.14843
71	136	1.12909
71	144	0.721518
71	158	0.770855
71	159	0.80779
71	161	0.767261
71	166	1.23399
71	173	0.785304
72	30	1.0671
72	36	0.843846
72	46	1.16433
72	50	1.16421
72	60	1.11634
72	123	0.766
72	126	0.772691
72	140	0.750747
72	142	0.769387
72	152	0.765075
72	160	1.17648
72	163	1.17777
72	166	1.24192
72	168	0.723794
72	177	1.12195
72	178	1.12207
72	179	1.12205
72	180	1.12578
73	57	0.808175
73	87	0.766216
73	98	0.777279
73	104	0.762631
73	136	0.800984
73	147	0.798576
73	159	1.13002
73	165	1.14537
73	166	0.678509
73	167	1.17675
73	169	1.16784
73	170	1.14203
73	175	1.15467
73	176	1.1461
73	177	1.13329
73	178	1.13341
73	179	1.13339
73	180	1.13712
74	6	1.01629
74	8	1.17516
74	29	1.21629
74	35	1.05742
74	53	1.14492
74	57	1.08914
74	90	1.11772
74	120	1.17761
74	125	0.811487
74	151	0.682997
74	154	1.15558
74	157	0.691314
74	158	0.785209
74	161	0.781615
74	168	0.857146
74	171	1.24978
74	172	1.2001
74	180	0.795156
75	4	1.19344
75	11	1.02754
75	49	1.03821
75	58	1.16164
75	61	1.32754
75	65	1.19377
75	99	0.694769
75	116	1.14296
75	133	0.755568
75	155	0.64855
75	158	0.752508
75	161	0.748914
75	166	1.26477
75	167	0.727441
75	171	1.28641
75	174	1.26375
75	179	0.78311
76	26	1.2246
76	89	1.3401
76	105	0.676798
76	108	1.30433
76	114	0.713131
76	116	0.690895
76	118	1.18879
76	123	1.22817
76	124	1.22836
76	132	1.23444
76	140	1.22914
76	161	1.26621
76	165	0.670565
76	171	1.35586
76	176	0.658225
76	177	0.676802
76	178	0.662958
76	180	0.663178
77	7	1.02771
77	45	1.20271
77	85	1.34339
77	93	1.27974
77	96	1.34339
77	146	1.24426
77	147	0.780949
77	160	0.629711
77	161	0.661325
77	162	0.668812
77	163	1.23169
77	168	1.2323
77	170	0.692044
77	173	0.679369
77	174	1.29481
77	179	0.695521
78	2	0.708548
78	24	0.784497
78	110	1.11226
78	125	1.20666
78	127	1.10978
78	134	1.13843
78	141	1.13998
78	142	1.1335
78	145	0.760696
78	148	1.12922
78	150	1.14782
78	152	1.14801
78	153	1.17377
78	154	0.765516
78	165	0.803901
78	168	1.16056
78	171	0.785258
78	180	0.796514
79	23	0.847714
79	109	1.12715
79	130	0.765345
79	134	1.14512
79	137	1.11417
79	138	0.776588
79	141	1.14667
79	142	1.14019
79	147	1.13447
79	148	1.13591
79	150	1.15451
79	152	1.1547
79	153	1.18046
79	158	0.781234
79	163	1.16663
79	167	0.756167
79	169	0.761151
79	172	0.721111
80	48	0.796172
80	71	1.10021
80	88	1.12959
80	92	1.08552
80	94	1.07787
80	95	1.09401
80	98	1.13187
80	104	1.12081
80	113	1.1414
80	115	1.10856
80	121	1.09667
80	131	1.11642
80	136	1.09708
80	154	0.802577
80	159	0.860562
80	167	0.79856
80	172	0.763504
80	178	0.833354
80	179	0.854229
81	1	0.705419
81	5	0.734009
81	10	0.699147
81	15	0.674949
81	90	0.7307
81	91	0.664268
81	95	0.755295
81	115	0.730638
81	118	1.16637
81	123	1.20576
81	140	1.20672
81	148	1.21694
81	150	1.23555
81	152	1.23574
81	153	1.2615
81	177	1.19184
81	178	1.19196
81	179	1.19195
81	180	1.19568
82	8	0.726444
82	28	0.633757
82	39	0.699159
82	52	0.732228
82	104	0.735403
82	110	0.781894
82	128	0.735322
82	158	1.21642
82	166	0.651281
82	167	1.2389
82	169	1.22999
82	170	1.20418
82	173	1.19961
82	175	1.21683
82	176	1.20825
82	177	1.19544
82	178	1.19556
82	179	1.19555
82	180	1.19927
83	51	0.840551
83	52	0.83989
83	93	0.79104
83	125	0.789258
83	153	0.836249
83	159	1.09347
83	162	1.11932
83	164	1.12192
83	167	1.1402
83	168	0.834917
83	170	1.10548
83	171	0.761672
83	173	1.10091
83	175	1.11813
83	176	1.10955
83	177	1.09674
83	178	1.09686
83	179	1.09685
83	180	1.10057
84	24	1.33002
84	67	1.1168
84	97	1.11636
84	103	1.1994
84	120	0.678867
84	126	1.18948
84	128	1.2191
84	129	1.20412
84	142	0.816834
84	143	1.21681
84	145	0.673434
84	154	1.21812
84	161	0.695711
84	164	0.7124
84	168	1.22715
84	172	1.26264
84	173	0.713754
84	178	0.709031
84	180	0.709252
85	7	1.11521
85	45	1.29021
85	77	1.34339
85	93	1.36724
85	96	1.43089
85	135	0.618144
85	146	1.33176
85	148	0.7392
85	160	0.587213
85	161	0.618827
85	163	1.31919
85	168	1.3198
85	174	1.38231
85	175	0.632702
85	176	0.627415
85	179	0.653023
85	180	0.632368
86	15	1.18623
86	20	1.13655
86	52	1.16718
86	68	1.20184
86	97	1.08234
86	103	1.16539
86	107	1.17255
86	126	1.15547
86	128	1.18509
86	129	1.17011
86	145	0.71288
86	147	0.854781
86	154	1.18411
86	156	0.716208
86	164	0.751847
86	167	0.713684
86	168	1.19314
86	174	0.746262
86	177	0.762322
86	180	0.748698
87	20	1.13132
87	25	1.1325
87	52	1.16195
87	68	1.1966
87	73	0.766216
87	91	1.21539
87	97	1.07711
87	115	0.848173
87	120	0.719371
87	125	0.766087
87	126	1.15024
87	128	1.17986
87	129	1.16487
87	154	1.17887
87	160	0.704602
87	161	0.736215
87	168	1.18791
87	169	0.719726
87	172	1.22339
87	176	0.744804
88	80	1.12959
88	92	1.14691
88	94	1.13926
88	95	1.15539
88	98	1.19326
88	104	1.1822
88	113	1.20278
88	115	1.16995
88	119	1.18632
88	121	1.15805
88	131	1.17781
88	136	1.15847
88	151	0.681783
88	155	0.680036
88	161	0.780401
88	169	0.763911
88	172	0.723872
88	174	0.791506
88	175	0.794275
88	178	0.793721
89	27	0.580527
89	38	1.31554
89	76	1.3401
89	94	0.80661
89	108	1.31174
89	112	1.27276
89	118	1.19621
89	122	1.25059
89	123	1.23559
89	124	1.23578
89	126	0.776211
89	132	1.24186
89	138	0.650731
89	140	1.23656
89	149	0.621873
89	157	0.561482
89	171	1.36328
89	173	0.669827
89	176	0.660372
89	177	0.678948
90	27	0.689715
90	74	1.11772
90	81	0.7307
90	93	1.20926
90	119	1.1483
90	121	1.12003
90	128	0.844569
90	131	1.13979
90	136	1.12045
90	145	0.738695
90	154	1.15279
90	157	0.67067
90	163	1.16121
90	168	1.16182
90	171	1.24699
90	172	1.19731
90	174	1.22433
90	176	0.769559
90	177	0.788136
90	178	0.774292
91	9	1.22808
91	15	1.22929
91	24	1.33907
91	44	0.667395
91	69	0.671209
91	81	0.664268
91	87	1.21539
91	97	1.1254
91	103	1.20845
91	107	1.21561
91	114	0.758033
91	126	1.19853
91	128	1.22815
91	129	1.21317
91	154	1.22717
91	162	0.702027
91	166	0.694097
91	172	1.27169
91	173	0.712583
91	175	0.708414
91	179	0.728735
92	36	1.0559
92	69	0.759716
92	80	1.08552
92	88	1.14691
92	95	1.11133
92	104	1.13813
92	113	1.15872
92	115	1.12588
92	119	1.14226
92	121	1.11399
92	131	1.13375
92	136	1.11441
92	160	1.15387
92	161	0.783047
92	164	0.799737
92	165	0.803975
92	166	1.21931
92	167	0.761573
92	170	0.813766
92	175	0.796922
92	176	0.791635
93	7	1.05155
93	45	1.22655
93	77	1.27974
93	83	0.79104
93	85	1.36724
93	90	1.20926
93	96	1.36724
93	146	1.26811
93	149	0.650695
93	151	0.581987
93	160	0.648992
93	163	1.25553
93	168	1.25615
93	170	0.711324
93	172	0.624076
93	174	1.31865
93	175	0.69448
93	177	0.70777
94	71	1.10988
94	80	1.07787
94	88	1.13926
94	89	0.80661
94	98	1.14154
94	104	1.13048
94	113	1.15107
94	115	1.11823
94	117	0.793457
94	119	1.13461
94	121	1.10634
94	131	1.12609
94	136	1.10676
94	155	0.703414
94	160	1.14622
94	162	0.811266
94	166	1.21166
94	167	0.782305
94	169	0.787289
94	171	0.806064
94	180	0.81732
95	36	1.06439
95	71	1.12601
95	80	1.09401
95	81	0.755295
95	88	1.15539
95	92	1.11133
95	104	1.14662
95	113	1.1672
95	115	1.13437
95	119	1.15074
95	121	1.12247
95	131	1.14223
95	136	1.12289
95	160	1.16235
95	167	0.764093
95	169	0.769077
95	170	0.816285
95	175	0.799441
95	176	0.794155
95	177	0.812731
95	180	0.799108
96	7	1.11521
96	45	1.29021
96	56	0.648499
96	77	1.34339
96	85	1.43089
96	93	1.36724
96	117	0.614843
96	118	0.771088
96	133	0.631818
96	146	1.33176
96	155	0.5248
96	161	0.625165
96	163	1.31919
96	168	1.3198
96	174	1.38231
96	177	0.65233
96	180	0.638706
97	24	1.20078
97	68	1.10661
97	84	1.11636
97	86	1.08234
97	87	1.07711
97	91	1.1254
97	103	1.07016
97	106	0.795152
97	107	1.07733
97	116	0.849871
97	126	1.06025
97	128	1.08987
97	129	1.07488
97	133	0.815266
97	143	1.08757
97	158	0.812207
97	168	1.09792
97	170	0.839332
97	172	1.13341
97	174	0.819718
97	177	0.835777
97	179	0.842808
98	10	1.21586
98	73	0.777279
98	80	1.13187
98	88	1.19326
98	94	1.14154
98	104	1.18448
98	106	0.733818
98	113	1.20507
98	115	1.17223
98	119	1.18861
98	121	1.16034
98	131	1.18009
98	136	1.16076
98	138	0.746226
98	144	0.701536
98	154	0.729823
98	155	0.646914
98	160	1.20022
98	162	0.754766
98	166	1.26566
98	175	0.761154
98	178	0.760599
99	38	0.642702
99	45	0.640637
99	75	0.694769
99	113	0.673677
99	115	0.706764
99	127	0.750318
99	141	0.69869
99	150	0.699958
99	152	0.711618
99	159	1.22264
99	164	1.25109
99	165	1.23799
99	167	1.26937
99	168	0.670337
99	169	1.26046
99	170	1.23465
99	173	1.23008
99	175	1.2473
99	176	1.23872
99	177	1.22591
99	178	1.22603
99	179	1.22602
99	180	1.22974
100	15	0.71366
100	102	0.833271
100	108	0.690774
100	110	0.787561
100	127	0.812902
100	132	0.741449
100	134	0.768985
100	147	0.777015
100	150	0.762542
100	158	1.15598
100	162	1.15758
100	164	1.16018
100	165	1.14708
100	167	1.17846
100	169	1.16955
100	170	1.14374
100	173	1.13917
100	175	1.15639
100	176	1.14781
100	177	1.135
100	178	1.13512
100	179	1.13511
100	180	1.13883
101	9	0.726147
101	58	0.719152
101	60	0.813832
101	63	0.725195
101	66	0.709504
101	108	0.679697
101	128	0.729911
101	153	0.723176
101	158	1.20598
101	162	1.20758
101	164	1.21018
101	165	1.19708
101	166	0.645871
101	167	1.22846
101	168	0.721844
101	169	1.21955
101	170	1.19374
101	173	1.18917
101	175	1.20639
101	176	1.19781
101	177	1.185
101	178	1.18512
101	179	1.18511
101	180	1.18883
102	33	0.755359
102	63	1.14101
102	100	0.833271
102	117	0.814511
102	125	1.17952
102	127	1.08264
102	130	0.812537
102	134	1.11128
102	137	1.08033
102	141	1.11284
102	142	1.10636
102	147	1.10064
102	148	1.10208
102	150	1.12068
102	151	0.726214
102	152	1.12087
102	153	1.14663
102	161	1.12892
102	163	1.1328
102	164	0.841522
102	167	0.803359
102	168	1.13341
102	170	0.855551
102	172	0.768303
103	25	1.12555
103	32	0.712127
103	52	1.155
103	54	0.74236
103	68	1.18966
103	84	1.1994
103	86	1.16539
103	91	1.20845
103	97	1.07016
103	107	1.16037
103	126	1.14329
103	128	1.17291
103	129	1.15792
103	142	0.84933
103	143	1.17061
103	146	1.19292
103	154	1.17192
103	158	0.7318
103	161	0.728206
103	165	0.749134
103	172	1.21645
103	176	0.736794
103	177	0.755371
103	179	0.762402
103	180	0.741747
104	15	0.7889
104	71	1.15281
104	73	0.762631
104	80	1.12081
104	82	0.735403
104	88	1.1822
104	92	1.13813
104	94	1.13048
104	95	1.14662
104	98	1.18448
104	110	0.862801
104	113	1.19401
104	115	1.16117
104	119	1.17755
104	121	1.14928
104	131	1.16903
104	135	0.731948
104	136	1.14969
104	138	0.731578
104	151	0.634013
104	160	1.18915
104	166	1.25459
104	170	0.76335
104	173	0.750675
104	180	0.746172
105	28	0.658146
105	62	0.710103
105	76	0.676798
105	112	0.789538
105	121	0.816494
105	126	0.80054
105	129	0.7453
105	132	0.760171
105	150	0.781264
105	156	1.19786
105	158	1.17376
105	159	1.14951
105	162	1.17536
105	164	1.17796
105	165	1.16486
105	168	0.751643
105	169	1.18733
105	170	1.16151
105	173	1.15695
105	175	1.17416
105	176	1.16559
105	177	1.15277
105	178	1.1529
105	179	1.15288
105	180	1.15661
106	44	0.608346
106	67	0.848554
106	71	0.7538
106	97	0.795152
106	98	0.733818
106	112	0.748916
106	126	0.759918
106	132	0.719549
106	137	0.769471
106	147	0.755115
106	156	1.19786
106	158	1.17376
106	159	1.14951
106	162	1.17536
106	164	1.17796
106	165	1.16486
106	169	1.18733
106	170	1.16151
106	173	1.15695
106	175	1.17416
106	176	1.16559
106	177	1.15277
106	178	1.1529
106	179	1.15288
106	180	1.15661
107	20	1.13153
107	22	1.10753
107	24	1.29099
107	48	0.725979
107	52	1.16216
107	67	1.07776
107	68	1.19682
107	86	1.17255
107	91	1.21561
107	97	1.07733
107	103	1.16037
107	120	0.732996
107	126	1.15045
107	128	1.18007
107	129	1.16509
107	132	0.833899
107	139	0.74278
107	157	0.659539
107	161	0.74984
107	164	0.76653
107	168	1.18812
107	172	1.22361
107	175	0.763715
107	176	0.758429
107	177	0.777005
108	18	1.08658
108	37	1.14676
108	38	1.27976
108	59	1.1741
108	66	1.23994
108	69	0.659004
108	76	1.30433
108	89	1.31174
108	100	0.690774
108	101	0.679697
108	112	1.23699
108	118	1.16043
108	122	1.21482
108	123	1.19982
108	124	1.20001
108	127	0.837846
108	132	1.20608
108	139	0.675275
108	140	1.20078
108	152	0.799146
108	161	1.23785
108	164	0.699025
108	167	0.660861
108	170	0.713054
108	173	0.700378
108	176	0.690923
109	19	0.715147
109	31	1.07062
109	41	1.14164
109	51	1.13491
109	63	1.17622
109	64	1.06179
109	79	1.12715
109	110	1.12032
109	125	1.21472
109	127	1.11784
109	130	0.8002
109	137	1.11554
109	139	0.805435
109	141	1.14804
109	142	1.14156
109	147	1.13584
109	150	1.15588
109	151	0.713877
109	152	1.15608
109	153	1.18183
109	157	0.722193
109	160	0.780881
109	165	0.833423
109	169	0.796005
109	176	0.821083
109	178	0.825815
110	43	1.13004
110	64	1.05359
110	78	1.11226
110	82	0.781894
110	100	0.787561
110	104	0.862801
110	109	1.12032
110	125	1.20652
110	127	1.10964
110	134	1.13828
110	137	1.10734
110	141	1.13984
110	142	1.13336
110	147	1.12764
110	148	1.12908
110	149	0.749211
110	150	1.14768
110	151	0.680504
110	152	1.14787
110	153	1.17363
110	162	0.786609
110	169	0.762632
110	174	1.22292
110	175	0.792996
110	179	0.813317
110	180	0.792663
111	1	0.729822
111	8	0.717804
111	31	0.83836
111	55	0.712942
111	112	0.756508
111	123	0.76082
111	124	0.770843
111	128	0.726681
111	137	0.777064
111	156	1.2106
111	158	1.18649
111	159	1.16225
111	162	1.18809
111	164	1.19069
111	165	1.17759
111	167	1.20897
111	169	1.20006
111	170	1.17425
111	171	0.645369
111	173	1.16968
111	174	0.654189
111	175	1.1869
111	176	1.17832
111	177	1.16551
111	178	1.16563
111	179	1.16562
111	180	1.16935
112	17	1.23429
112	18	1.0476
112	37	1.10778
112	59	1.13513
112	62	1.22901
112	66	1.20097
112	89	1.27276
112	105	0.789538
112	106	0.748916
112	108	1.23699
112	111	0.756508
112	118	1.12146
112	122	1.17584
112	123	1.16084
112	124	1.16103
112	132	1.16711
112	140	1.1618
112	144	0.716634
112	155	0.662012
112	157	0.672075
112	158	0.76597
112	160	0.730763
112	161	1.19887
112	165	0.783305
112	171	1.28853
112	172	0.705848
112	173	0.78042
113	36	1.11178
113	54	0.741975
113	71	1.1734
113	80	1.1414
113	88	1.20278
113	92	1.15872
113	94	1.15107
113	95	1.1672
113	98	1.20507
113	99	0.673677
113	104	1.19401
113	114	0.791315
113	115	1.18176
113	119	1.19813
113	121	1.16986
113	130	0.715526
113	131	1.18962
113	135	0.727138
113	136	1.17028
113	138	0.726769
113	143	0.802622
113	149	0.697911
113	158	0.731415
113	160	1.20974
113	164	0.744512
113	166	1.27518
113	170	0.758541
114	12	0.951302
114	59	0.851276
114	76	0.713131
114	91	0.758033
114	113	0.791315
114	121	0.852826
114	123	0.830181
114	137	0.846426
114	156	1.13234
114	157	1.25214
114	158	1.10823
114	159	1.08399
114	162	1.10983
114	163	0.774328
114	164	1.11243
114	165	1.09933
114	167	1.13072
114	169	1.12181
114	170	1.09599
114	173	1.09142
114	174	0.723551
114	175	1.10864
114	176	1.10006
114	177	1.08725
114	178	1.08737
114	179	1.08736
114	180	1.09109
115	10	1.19255
115	36	1.07894
115	71	1.14057
115	80	1.10856
115	81	0.730638
115	87	0.848173
115	88	1.16995
115	92	1.12588
115	94	1.11823
115	95	1.13437
115	98	1.17223
115	99	0.706764
115	104	1.16117
115	113	1.18176
115	119	1.1653
115	121	1.13703
115	130	0.748614
115	131	1.15678
115	136	1.13744
115	146	0.803889
115	156	0.74196
115	159	0.801438
115	160	1.1769
115	161	0.760909
115	166	1.24234
115	172	0.70438
115	177	0.788074
115	178	0.77423
116	35	0.889489
116	49	0.987403
116	57	0.819432
116	65	1.14296
116	75	1.14296
116	76	0.690895
116	97	0.849871
116	122	0.760879
116	123	0.807946
116	127	1.09965
116	129	0.759397
116	131	0.774445
116	136	0.812241
116	140	0.792693
116	142	1.12337
116	146	0.73319
116	147	1.11766
116	150	1.1377
116	152	1.13789
116	153	1.16365
116	165	1.10607
116	166	1.21396
116	171	1.2356
116	173	1.09816
116	174	1.21294
116	177	1.09399
116	178	1.09411
116	179	1.0941
116	180	1.09783
117	44	0.611486
117	63	0.717511
117	64	0.837862
117	94	0.793457
117	96	0.614843
117	102	0.814511
117	124	0.76639
117	125	0.668502
117	143	0.71343
117	147	0.758254
117	152	0.755441
117	156	1.21469
117	157	1.33449
117	158	1.19059
117	159	1.16634
117	162	1.19219
117	164	1.19479
117	165	1.18169
117	167	1.21307
117	169	1.20416
117	170	1.17834
117	171	0.640916
117	173	1.17378
117	175	1.19099
117	176	1.18242
117	177	1.1696
117	178	1.16973
117	179	1.16971
117	180	1.17344
118	17	1.15773
118	37	1.03122
118	38	1.16423
118	54	0.809028
118	59	1.05857
118	62	1.15246
118	66	1.12441
118	76	1.18879
118	81	1.16637
118	89	1.19621
118	96	0.771088
118	108	1.16043
118	112	1.12146
118	122	1.09928
118	123	1.08428
118	124	1.08447
118	132	1.09055
118	140	1.08525
118	156	0.775925
118	157	0.704573
118	160	0.763261
118	161	1.12232
118	164	0.811565
118	170	0.825594
118	171	1.21197
118	173	0.812918
118	175	0.808749
118	177	0.822039
118	180	0.808416
119	10	1.20892
119	16	0.70476
119	22	1.1146
119	36	1.09532
119	37	0.923801
119	39	0.774057
119	71	1.15694
119	88	1.18632
119	90	1.1483
119	92	1.14226
119	94	1.13461
119	95	1.15074
119	98	1.18861
119	104	1.17755
119	113	1.19813
119	115	1.1653
119	121	1.1534
119	131	1.17316
119	135	0.725939
119	136	1.15382
119	159	0.767151
119	160	1.19328
119	162	0.73411
119	165	0.747551
119	166	1.25872
119	167	0.705149
119	169	0.710133
119	175	0.740497
119	178	0.739943
119	180	0.740163
120	1	0.718846
120	39	0.679542
120	46	0.726977
120	49	0.898158
120	57	1.14624
120	66	0.695298
120	74	1.17761
120	84	0.678867
120	87	0.719371
120	107	0.732996
120	122	0.702777
120	123	0.749844
120	127	1.17093
120	131	0.716343
120	141	1.20114
120	146	0.675088
120	147	1.18894
120	148	1.19037
120	150	1.20898
120	152	1.20917
120	154	1.21268
120	171	1.30688
120	172	1.2572
120	175	1.18666
120	176	1.17808
120	177	1.16527
120	178	1.16539
120	179	1.16538
120	180	1.1691
121	10	1.18065
121	36	1.06705
121	47	1.17027
121	71	1.12867
121	80	1.09667
121	88	1.15805
121	90	1.12003
121	92	1.11399
121	94	1.10634
121	95	1.12247
121	98	1.16034
121	104	1.14928
121	105	0.816494
121	113	1.16986
121	114	0.852826
121	115	1.13703
121	119	1.1534
121	131	1.14489
121	136	1.12555
121	139	0.782273
121	145	0.767056
121	155	0.688968
121	156	0.770383
121	157	0.699031
121	160	1.16501
121	161	0.789333
121	165	0.810261
121	166	1.23045
121	172	0.732804
121	178	0.802653
121	180	0.802874
122	2	1.21021
122	3	0.778479
122	17	1.21211
122	26	1.13509
122	31	0.914898
122	37	1.08561
122	38	1.21861
122	44	1.29414
122	59	1.11295
122	62	1.20684
122	66	1.17879
122	89	1.25059
122	108	1.21482
122	112	1.17584
122	116	0.760879
122	118	1.09928
122	120	0.702777
122	123	1.13866
122	124	1.13885
122	132	1.14493
122	140	1.13963
122	149	0.689711
122	154	0.702165
122	155	0.619257
122	159	0.76015
122	161	1.1767
122	164	0.736311
122	171	1.26635
122	174	0.730727
122	175	0.733496
122	176	0.728209
122	179	0.753817
123	17	1.19711
123	18	1.01042
123	26	1.12009
123	37	1.07061
123	38	1.20361
123	54	0.780841
123	59	1.09795
123	62	1.19184
123	66	1.16379
123	72	0.766
123	76	1.22817
123	81	1.20576
123	89	1.23559
123	108	1.19982
123	111	0.76082
123	112	1.16084
123	114	0.830181
123	116	0.807946
123	118	1.08428
123	120	0.749844
123	122	1.13866
123	124	1.12385
123	132	1.12993
123	135	0.766004
123	139	0.759628
123	140	1.12463
123	151	0.66807
123	155	0.666323
123	161	1.1617
123	162	0.774175
123	171	1.25135
123	178	0.780008
123	179	0.800883
124	14	1.20233
124	17	1.1973
124	18	1.01061
124	26	1.12028
124	33	0.707239
124	37	1.0708
124	38	1.2038
124	59	1.09814
124	62	1.19203
124	66	1.16398
124	76	1.22836
124	89	1.23578
124	108	1.20001
124	111	0.770843
124	112	1.16103
124	117	0.76639
124	118	1.08447
124	122	1.13885
124	123	1.12385
124	132	1.13012
124	133	0.783365
124	140	1.12482
124	154	0.759255
124	157	0.68641
124	161	1.16189
124	164	0.793402
124	165	0.79764
124	167	0.755238
124	171	1.25154
124	172	0.720183
124	173	0.794755
124	174	0.787817
124	178	0.790032
125	13	1.09768
125	23	0.748897
125	34	1.27323
125	51	1.22111
125	64	1.14799
125	74	0.811487
125	78	1.20666
125	83	0.789258
125	87	0.766087
125	102	1.17952
125	109	1.21472
125	110	1.20652
125	117	0.668502
125	127	1.20404
125	134	1.23268
125	137	1.20174
125	140	0.781307
125	141	1.23424
125	142	1.22776
125	147	1.22204
125	148	1.22348
125	149	0.648913
125	150	1.24208
125	152	1.24227
125	153	1.26803
125	156	0.659874
125	158	0.682417
125	159	0.719353
125	163	1.2542
125	167	0.65735
125	169	0.662334
125	172	0.622295
125	180	0.692365
126	9	1.16293
126	15	1.16414
126	22	1.09045
126	25	1.11564
126	52	1.14508
126	68	1.17974
126	72	0.772691
126	84	1.18948
126	86	1.15547
126	87	1.15024
126	89	0.776211
126	91	1.19853
126	97	1.06025
126	103	1.14329
126	105	0.80054
126	106	0.759918
126	107	1.15045
126	128	1.163
126	129	1.14801
126	143	1.1607
126	146	1.18301
126	154	1.16201
126	155	0.673015
126	156	0.75443
126	157	0.683078
126	161	0.773379
126	167	0.751906
126	168	1.17105
126	171	0.775665
126	172	1.20653
126	176	0.781967
126	177	0.800544
126	179	0.807575
127	13	1.0008
127	14	0.787142
127	19	0.707115
127	34	1.17634
127	43	1.12756
127	78	1.10978
127	99	0.750318
127	100	0.812902
127	102	1.08264
127	108	0.837846
127	109	1.11784
127	110	1.10964
127	116	1.09965
127	120	1.17093
127	125	1.20404
127	134	1.1358
127	137	1.10486
127	141	1.13736
127	142	1.13088
127	145	0.782186
127	147	1.12516
127	148	1.1266
127	150	1.1452
127	152	1.14539
127	153	1.17115
127	156	0.785513
127	160	0.772849
127	167	0.782989
127	168	1.15794
127	169	0.787973
127	172	0.747934
127	174	1.22044
127	175	0.818337
127	179	0.838658
128	9	1.19255
128	15	1.19376
128	20	1.14408
128	24	1.30353
128	25	1.14526
128	34	0.767992
128	52	1.1747
128	68	1.20936
128	69	0.709219
128	82	0.735322
128	84	1.2191
128	86	1.18509
128	87	1.17986
128	90	0.844569
128	91	1.22815
128	97	1.08987
128	101	0.729911
128	103	1.17291
128	107	1.18007
128	111	0.726681
128	126	1.163
128	129	1.17763
128	146	1.21263
128	149	0.702639
128	151	0.633931
128	154	1.19163
128	155	0.632185
128	158	0.736143
128	168	1.20067
128	171	0.734835
128	172	1.23615
128	173	0.750593
128	177	0.759714
128	178	0.74587
129	9	1.17756
129	15	1.17877
129	20	1.12909
129	22	1.10509
129	24	1.28855
129	25	1.13027
129	52	1.15972
129	59	0.85697
129	67	1.07532
129	84	1.20412
129	86	1.17011
129	87	1.16487
129	91	1.21317
129	97	1.07488
129	103	1.15792
129	105	0.7453
129	107	1.16509
129	116	0.759397
129	126	1.14801
129	128	1.17763
129	131	0.802374
129	133	0.724792
129	143	1.17533
129	146	1.19764
129	147	0.837763
129	157	0.627838
129	159	0.758668
129	161	0.718139
129	163	0.780022
129	167	0.696666
129	168	1.18568
129	171	0.720425
129	172	1.22117
129	177	0.745304
129	180	0.73168
130	5	0.751985
130	7	0.900358
130	68	0.712363
130	79	0.765345
130	102	0.812537
130	109	0.8002
130	113	0.715526
130	115	0.748614
130	136	0.758688
130	141	0.74054
130	145	1.16806
130	146	0.679637
130	147	0.75628
130	149	1.22406
130	151	1.28006
130	153	0.713519
130	155	1.30806
130	156	1.16879
130	157	1.28859
130	158	1.14469
130	159	1.12044
130	162	1.14629
130	164	1.14889
130	165	1.13579
130	166	0.636214
130	167	1.16717
130	169	1.15826
130	170	1.13245
130	173	1.12788
130	175	1.1451
130	176	1.13652
130	177	1.12371
130	178	1.12383
130	179	1.12382
130	180	1.12754
131	10	1.20041
131	14	1.22263
131	19	1.22176
131	36	1.0868
131	47	1.19003
131	71	1.14843
131	80	1.11642
131	88	1.17781
131	90	1.13979
131	92	1.13375
131	94	1.12609
131	95	1.14223
131	98	1.18009
131	104	1.16903
131	113	1.18962
131	115	1.15678
131	116	0.774445
131	119	1.17316
131	120	0.716343
131	121	1.14489
131	129	0.802374
131	135	0.732503
131	136	1.14531
131	145	0.71091
131	160	1.18477
131	164	0.749877
131	166	1.25021
131	170	0.763906
131	173	0.75123
131	174	0.744292
131	175	0.747062
131	177	0.760352
131	178	0.746507
131	179	0.767382
131	180	0.746728
132	17	1.20338
132	18	1.01669
132	19	1.20754
132	26	1.12636
132	37	1.07687
132	38	1.20988
132	44	1.2854
132	59	1.10422
132	62	1.19811
132	66	1.17006
132	76	1.23444
132	89	1.24186
132	100	0.741449
132	105	0.760171
132	106	0.719549
132	107	0.833899
132	108	1.20608
132	112	1.16711
132	118	1.09055
132	122	1.14493
132	123	1.12993
132	124	1.13012
132	135	0.732327
132	140	1.1309
132	154	0.715554
132	158	0.736604
132	159	0.773539
132	161	1.16796
132	164	0.7497
132	165	0.753938
132	170	0.763729
132	171	1.25762
132	176	0.741598
132	178	0.74633
132	180	0.746551
133	17	0.714567
133	18	0.887694
133	57	0.784828
133	70	0.640604
133	75	0.755568
133	96	0.631818
133	97	0.815266
133	124	0.783365
133	129	0.724792
133	137	0.789585
133	143	0.730405
133	145	1.16806
133	146	0.698585
133	147	0.775229
133	149	1.22406
133	150	0.760756
133	151	1.28006
133	155	1.30806
133	156	1.16879
133	157	1.28859
133	158	1.14469
133	159	1.12044
133	162	1.14629
133	164	1.14889
133	165	1.13579
133	167	1.16717
133	169	1.15826
133	170	1.13245
133	173	1.12788
133	175	1.1451
133	176	1.13652
133	177	1.12371
133	178	1.12383
133	179	1.12382
133	180	1.12754
134	2	0.686122
134	34	1.20499
134	48	0.736684
134	63	1.19418
134	64	1.07975
134	78	1.13843
134	79	1.14512
134	100	0.768985
134	102	1.11128
134	110	1.13828
134	125	1.23268
134	127	1.1358
134	137	1.1335
134	138	0.759493
134	141	1.16601
134	142	1.15952
134	147	1.15381
134	148	1.15524
134	150	1.17385
134	151	0.661928
134	152	1.17404
134	153	1.1998
134	160	0.728932
134	161	1.18209
134	163	1.18597
134	164	0.777236
134	166	0.760103
134	168	1.18658
134	169	0.744056
134	173	0.778589
134	174	1.24909
134	175	0.77442
134	176	0.769134
134	178	0.773866
134	179	0.794741
135	34	0.683711
135	55	0.718126
135	60	0.815786
135	66	0.711458
135	85	0.618144
135	104	0.731948
135	113	0.727138
135	119	0.725939
135	123	0.766004
135	131	0.732503
135	132	0.732327
135	136	0.7703
135	145	1.20139
135	146	0.691249
135	149	1.25739
135	151	1.31339
135	155	1.34139
135	156	1.20213
135	157	1.32193
135	158	1.17802
135	159	1.15378
135	162	1.17962
135	163	0.710151
135	164	1.18222
135	165	1.16912
135	167	1.20051
135	169	1.1916
135	170	1.16578
135	173	1.16121
135	174	0.659374
135	175	1.17843
135	176	1.16985
