1	5	0.931932
1	16	0.938155
1	24	1.03608
1	27	0.919747
1	43	0.972417
1	44	0.972552
1	52	0.971897
1	61	0.957097
1	78	1.02369
1	112	1.53871
1	153	1.4808
1	161	0.931557
2	4	1.03209
2	18	1.11829
2	22	1.01255
2	26	1.1162
2	30	1.01128
2	34	1.11543
2	37	1.11591
2	65	0.98462
2	89	1.56692
2	155	1.00696
2	164	0.928013
2	171	1.10283
3	29	1.0516
3	39	1.03317
3	40	1.13488
3	59	1.09543
3	96	1.10858
3	99	1.09652
3	100	1.03563
3	115	1.30147
3	137	0.788046
3	164	1.05273
3	176	1.3904
3	178	1.00994
4	2	1.03209
4	15	0.94192
4	18	1.00095
4	22	0.895208
4	26	0.998863
4	30	0.893945
4	34	0.99809
4	37	0.998575
4	155	0.889621
4	168	1.38286
4	170	1.68515
4	171	0.985488
5	1	0.931932
5	42	0.967882
5	43	0.968303
5	44	0.968437
5	52	0.967783
5	53	0.967357
5	61	0.952983
5	78	1.01957
5	141	0.929791
5	161	0.927442
5	165	1.07451
5	173	2.10127
6	10	0.944837
6	20	1.04476
6	23	1.01394
6	33	0.988523
6	36	0.975319
6	51	0.955354
6	58	0.953439
6	117	0.941126
6	120	1.54313
6	128	1.47428
6	152	0.92608
6	153	0.919388
7	46	0.930114
7	74	1.09995
7	79	1.02047
7	113	1.07983
7	121	1.10279
7	130	1.06736
7	142	1.05819
7	143	1.32443
7	147	1.19894
7	149	1.0816
7	156	1.06251
7	157	1.04985
8	101	1.11969
8	102	1.05012
8	107	1.09142
8	109	1.0834
8	111	1.02918
8	114	1.46365
8	125	1.04643
8	129	1.08453
8	133	1.07733
8	158	0.919574
8	162	1.19479
8	165	1.05013
9	29	0.933591
9	45	1.0054
9	59	0.977415
9	73	0.963699
9	88	1.01146
9	96	0.99057
9	99	0.978509
9	100	0.917618
9	105	1.43171
9	108	1.62308
9	164	0.934719
9	178	0.891933
10	6	0.944837
10	20	1.06406
10	23	1.03325
10	33	1.00782
10	36	0.99462
10	51	0.974655
10	58	0.97274
10	89	2.03308
10	134	0.90597
10	152	0.94538
10	153	0.938689
11	95	0.95705
11	97	0.960555
11	103	1.02048
11	107	0.982017
11	111	0.919777
11	118	0.959585
11	119	0.964192
11	125	0.937017
11	128	1.03316
11	129	0.975123
11	133	0.96792
11	166	1.99254
12	92	0.851781
12	113	0.855841
12	135	0.844619
12	138	0.816883
12	157	0.825864
12	164	0.7883
12	171	0.863554
12	175	0.7367
12	176	0.781976
12	178	0.745514
12	179	0.742663
12	180	0.742581
13	57	0.948154
13	80	0.991985
13	135	0.963708
13	138	0.935972
13	149	0.976704
13	150	0.973468
13	152	0.917841
13	154	0.974999
13	156	0.957611
13	157	0.944952
13	165	1.11145
13	178	2.06436
14	42	0.867154
14	59	0.902422
14	124	0.997492
14	147	1.00842
14	162	0.961111
14	168	0.997248
14	170	0.978038
14	173	0.921936
14	176	0.95873
14	177	0.953689
14	179	0.919418
14	180	0.919335
15	4	0.94192
15	18	1.02812
15	22	0.922377
15	26	1.02603
15	30	0.921114
15	34	1.02526
15	37	1.02574
15	116	1.15989
15	155	0.916791
15	171	1.01266
15	172	1.76644
16	1	0.938155
16	27	0.921855
16	42	0.974105
16	43	0.974526
16	44	0.97466
16	53	0.97358
16	61	0.959206
16	78	1.0258
16	141	0.936015
16	161	0.933665
16	172	1.47721
16	176	1.67205
17	19	1.15608
17	50	1.70679
17	113	0.974588
17	140	0.925049
17	142	0.952953
17	149	0.976362
17	150	0.973126
17	152	0.9175
17	154	0.974658
17	156	0.957269
17	157	0.94461
17	171	0.982301
18	2	1.11829
18	4	1.00095
18	15	1.02812
18	22	0.981405
18	26	1.08506
18	30	0.980142
18	34	1.08429
18	37	1.08477
18	143	0.659911
18	155	0.975818
18	160	2.16502
18	171	1.07169
18	179	1.10974
19	17	1.15608
19	122	0.264137
19	142	0.490275
19	151	1.11957
19	163	1.01482
19	166	1.02548
19	167	1.03028
19	172	1.08071
19	175	1.00948
19	176	1.05476
19	177	1.04972
19	179	1.01545
19	180	1.01536
20	6	1.04476
20	10	1.06406
20	23	1.13317
20	33	1.10775
20	36	1.09455
20	51	1.07458
20	58	1.07267
20	108	1.02043
20	115	1.51157
20	136	0.93788
20	152	1.04531
20	153	1.03862
21	47	0.968964
21	62	1.03319
21	67	0.950447
21	68	0.939586
21	69	0.948416
21	77	0.936886
21	138	0.939624
21	160	2.56711
21	164	0.91104
21	165	0.941401
21	171	0.986294
21	177	0.943051
21	178	0.868254
22	2	1.01255
22	4	0.895208
22	15	0.922377
22	18	0.981405
22	26	0.979321
22	30	0.874402
22	34	0.978548
22	37	0.979032
22	50	0.921234
22	155	0.870078
22	167	1.95376
22	170	1.36578
22	171	0.965945
23	6	1.01394
23	10	1.03325
23	20	1.13317
23	33	1.07693
23	36	1.06373
23	48	1.028
23	51	1.04376
23	58	1.04185
23	116	0.913906
23	117	1.02954
23	152	1.01449
23	153	1.0078
23	176	1.7153
24	1	1.03608
24	42	1.07203
24	43	1.07245
24	44	1.07258
24	52	1.07193
24	53	1.0715
24	61	1.05713
24	78	1.12372
24	123	1.08062
24	137	0.884284
24	153	1.37898
24	161	1.03159
25	82	1.00903
25	106	1.01195
25	114	1.45046
25	122	1.07674
25	126	1.03185
25	127	1.0316
25	130	1.06262
25	139	1.03483
25	140	1.02556
25	154	1.07517
25	157	1.04512
25	159	1.44861
25	172	0.881297
26	2	1.1162
26	4	0.998863
26	15	1.02603
26	18	1.08506
26	22	0.979321
26	30	0.978058
26	34	1.0822
26	37	1.08269
26	75	1.72935
26	87	0.594149
26	147	1.19595
26	155	0.973734
26	171	1.0696
27	1	0.919747
27	16	0.921855
27	42	0.955697
27	43	0.956117
27	44	0.956252
27	52	0.955597
27	53	0.955171
27	61	0.940797
27	78	1.00739
27	141	0.917606
27	161	0.915257
27	168	1.39009
27	169	1.92235
28	47	1.06216
28	48	1.02736
28	55	1.05821
28	62	1.12638
28	68	1.03278
28	69	1.04161
28	77	1.03008
28	145	1.11955
28	164	1.00424
28	165	1.0346
28	170	1.46477
28	171	1.07949
28	178	0.961451
29	3	1.0516
29	9	0.933591
29	35	0.993436
29	59	0.947285
29	73	0.933569
29	81	1.74611
29	85	1.36902
29	88	0.981332
29	96	0.96044
29	99	0.948379
29	100	0.887488
29	164	0.904589
29	178	0.861803
30	2	1.01128
30	4	0.893945
30	15	0.921114
30	18	0.980142
30	22	0.874402
30	26	0.978058
30	34	0.977285
30	37	0.977769
30	50	0.919971
30	155	0.868816
30	162	1.33592
30	163	2.05088
30	171	0.964682
31	85	0.992551
31	113	1.05225
31	135	1.11911
31	146	0.947634
31	148	1.0418
31	162	0.930958
31	166	0.899298
31	167	0.904104
31	170	0.947886
31	174	0.901598
31	176	0.928578
31	177	0.923536
31	179	0.889265
31	180	0.889183
32	69	0.564873
32	70	1.0088
32	160	0.983329
32	168	1.08064
32	169	1.05302
32	171	0.228636
32	173	1.00532
32	174	1.01514
32	175	0.996842
32	176	1.04212
32	177	1.03708
32	178	1.00566
32	179	1.00281
32	180	1.00272
33	6	0.988523
33	10	1.00782
33	20	1.10775
33	23	1.07693
33	36	1.03831
33	51	1.01834
33	58	1.01643
33	91	1.00282
33	117	1.00411
33	152	0.989066
33	153	0.982375
33	164	1.55314
33	168	0.87181
33	177	1.46556
34	2	1.11543
34	4	0.99809
34	15	1.02526
34	18	1.08429
34	22	0.978548
34	26	1.0822
34	30	0.977285
34	37	1.08191
34	105	0.513687
34	155	0.972961
34	169	1.2652
34	171	1.06883
34	179	1.89547
35	29	0.993436
35	39	0.974999
35	40	1.07671
35	45	1.06524
35	73	1.02354
35	88	1.07131
35	96	1.05041
35	99	1.03835
35	100	0.977462
35	163	1.76538
35	164	0.994564
35	167	1.28306
35	169	0.925039
35	178	0.951778
36	6	0.975319
36	10	0.99462
36	20	1.09455
36	23	1.06373
36	33	1.03831
36	51	1.00514
36	58	1.00322
36	71	1.09538
36	91	0.989617
36	116	1.10907
36	148	1.16407
36	152	0.975863
36	153	0.969171
36	165	1.60644
37	2	1.11591
37	4	0.998575
37	15	1.02574
37	18	1.08477
37	22	0.979032
37	26	1.08269
37	30	0.977769
37	34	1.08191
37	146	1.50654
37	152	1.15641
37	155	0.973445
37	171	1.06931
37	172	1.04459
38	63	2.45019
38	89	0.866086
38	110	0.985709
38	124	0.896255
38	168	0.896011
38	170	0.876801
38	172	0.883449
38	173	0.820699
38	174	0.830513
38	175	0.812217
38	176	0.857493
38	177	0.852451
38	179	0.81818
38	180	0.818098
39	3	1.03317
39	35	0.974999
39	40	0.968298
39	41	0.879984
39	45	0.95683
39	88	0.962896
39	96	0.942003
39	99	0.929943
39	100	0.869051
39	128	0.961028
39	151	1.67996
39	164	0.886153
39	168	1.75962
39	178	0.843367
40	3	1.13488
40	35	1.07671
40	39	0.968298
40	41	0.981693
40	59	1.03056
40	73	1.01684
40	88	1.06461
40	99	1.03165
40	100	0.970761
40	108	0.954966
40	148	0.788647
40	164	0.987862
40	178	0.945076
40	179	2.14538
41	39	0.879984
41	40	0.981693
41	45	0.970226
41	59	0.942244
41	73	0.928528
41	87	1.49124
41	88	0.976292
41	96	0.955399
41	99	0.943338
41	100	0.882447
41	128	0.974424
41	132	1.89713
41	164	0.899548
41	178	0.856762
42	5	0.967882
42	14	0.867154
42	16	0.974105
42	24	1.07203
42	27	0.955697
42	43	1.00837
42	44	1.0085
42	52	1.00785
42	53	1.00742
42	61	0.993047
42	75	1.67065
42	78	1.05964
42	141	0.969856
42	161	0.967507
42	168	1.07225
43	1	0.972417
43	5	0.968303
43	16	0.974526
43	24	1.07245
43	27	0.956117
43	42	1.00837
43	44	1.00892
43	52	1.00827
43	53	1.00784
43	61	0.993468
43	78	1.06006
43	84	0.955352
43	138	1.48996
43	158	1.64071
43	161	0.967928
44	1	0.972552
44	5	0.968437
44	16	0.97466
44	24	1.07258
44	27	0.956252
44	42	1.0085
44	43	1.00892
44	52	1.0084
44	53	1.00798
44	61	0.993602
44	78	1.06019
44	152	1.37905
44	161	0.968062
44	172	1.26724
44	177	1.50365
45	9	1.0054
45	35	1.06524
45	39	0.95683
45	41	0.970226
45	49	1.39607
45	59	1.01909
45	73	1.00537
45	88	1.05314
45	96	1.03224
45	99	1.02018
45	100	0.959293
45	134	1.36998
45	137	1.12668
45	164	0.976394
45	178	0.933609
46	7	0.930114
46	88	0.885824
46	138	1.04481
46	160	0.951116
46	165	1.04659
46	166	0.980626
46	167	0.985432
46	169	1.02081
46	171	0.52278
46	172	1.03586
46	174	0.982926
46	176	1.00991
46	177	1.00486
46	179	0.970593
46	180	0.970511
47	21	0.968964
47	28	1.06216
47	55	1.01762
47	62	1.08579
47	67	1.00305
47	68	0.992187
47	69	1.00102
47	77	0.989486
47	132	1.10619
47	144	1.05202
47	164	0.963641
47	165	0.994001
47	171	1.03889
47	177	1.83085
47	178	0.920855
48	23	1.028
48	28	1.02736
48	88	1.06531
48	96	1.04442
48	100	0.971466
48	133	0.562792
48	142	1.03447
48	149	1.05788
48	156	1.03879
48	157	1.02613
48	167	0.957769
48	177	0.977201
48	178	0.945782
48	179	0.94293
48	180	0.942848
49	45	1.39607
49	53	1.27983
49	158	0.947916
49	159	0.918168
49	162	0.93367
49	163	0.891349
49	164	0.937614
49	169	0.942193
49	170	0.950597
49	172	0.957246
49	175	0.886014
49	176	0.93129
49	177	0.926248
49	179	0.891977
49	180	0.891894
50	17	1.70679
50	22	0.921234
50	30	0.919971
50	88	1.013
50	90	0.810703
50	99	0.980051
50	100	0.919159
50	155	0.915648
50	171	1.01151
50	176	0.929936
50	177	0.924894
50	178	0.893475
50	179	0.890623
50	180	0.890541
51	6	0.955354
51	10	0.974655
51	20	1.07458
51	23	1.04376
51	33	1.01834
51	36	1.00514
51	58	0.983258
51	71	1.07541
51	91	0.969652
51	115	0.966531
51	117	0.970944
51	152	0.955898
51	153	0.949206
51	173	1.77821
51	174	1.4006
52	1	0.971897
52	5	0.967783
52	24	1.07193
52	27	0.955597
52	42	1.00785
52	43	1.00827
52	44	1.0084
52	53	1.00732
52	61	0.992948
52	78	1.05954
52	141	0.969757
52	153	1.34559
52	161	0.967407
52	167	1.79135
52	168	0.901073
53	5	0.967357
53	16	0.97358
53	24	1.0715
53	27	0.955171
53	42	1.00742
53	43	1.00784
53	44	1.00798
53	49	1.27983
53	52	1.00732
53	61	0.992522
53	78	1.05911
53	116	0.811405
53	141	0.96933
53	161	0.966981
53	177	1.65437
54	84	0.922411
54	90	1.01439
54	95	1.00054
54	102	0.984205
54	103	1.06397
54	104	0.98437
54	107	1.02551
54	111	0.963265
54	118	1.00307
54	119	1.00768
54	125	0.980505
54	129	1.01861
54	133	1.01141
54	147	1.29035
54	155	1.86777
55	28	1.05821
55	47	1.01762
55	62	1.08184
55	67	0.999101
55	68	0.98824
55	69	0.99707
55	77	0.98554
55	138	0.988278
55	143	1.04268
55	164	0.959694
55	165	0.990055
55	167	1.74247
55	171	1.03495
55	176	1.40436
55	178	0.916908
56	66	0.875582
56	125	1.40786
56	146	0.953011
56	158	0.950581
56	159	0.920833
56	162	0.936336
56	166	0.904676
56	170	0.953263
56	172	0.959911
56	173	0.897161
56	175	0.888679
56	176	0.933955
56	177	0.928913
56	179	0.894643
56	180	0.89456
57	13	0.948154
57	64	0.977268
57	74	1.03414
57	120	0.940813
57	121	1.03698
57	131	1.00049
57	140	0.964485
57	148	0.876353
57	149	1.0158
57	150	1.01256
57	154	1.01409
57	156	0.996705
57	157	0.984047
57	171	1.02174
57	178	2.27163
58	6	0.953439
58	10	0.97274
58	20	1.07267
58	23	1.04185
58	33	1.01643
58	36	1.00322
58	51	0.983258
58	71	1.0735
58	91	0.967737
58	108	1.00153
58	117	0.96903
58	141	1.35882
58	152	0.953983
58	153	0.947292
58	155	1.67183
59	3	1.09543
59	9	0.977415
59	14	0.902422
59	29	0.947285
59	40	1.03056
59	41	0.942244
59	45	1.01909
59	73	0.977393
59	88	1.02516
59	96	1.00426
59	99	0.992203
59	100	0.931312
59	141	1.43692
59	152	1.57667
59	164	0.948413
59	178	0.905627
60	96	1.00834
60	110	1.10657
60	144	1.06263
60	150	0.590317
60	151	1.04316
60	157	0.574742
60	158	0.994976
60	163	0.938409
60	166	0.94907
60	167	0.953876
60	169	0.989253
60	175	0.933074
60	176	0.97835
60	177	0.973308
60	179	0.939037
60	180	0.938955
61	1	0.957097
61	5	0.952983
61	16	0.959206
61	24	1.05713
61	27	0.940797
61	42	0.993047
61	43	0.993468
61	44	0.993602
61	52	0.992948
61	53	0.992522
61	78	1.04474
61	141	0.954957
61	143	0.704314
61	160	2.73163
61	161	0.952607
61	177	1.10758
62	21	1.03319
62	28	1.12638
62	47	1.08579
62	55	1.08184
62	67	1.06727
62	68	1.05641
62	69	1.06524
62	117	0.887243
62	120	0.489258
62	128	1.10274
62	164	1.02786
62	165	1.05822
62	167	1.50929
62	171	1.10312
62	178	0.985078
62	179	1.78153
63	38	2.45019
63	66	1.04912
63	86	0.582723
63	127	0.957367
63	131	0.987326
63	135	0.989638
63	139	0.960592
63	140	0.951321
63	142	0.979225
63	146	0.894104
63	149	1.00263
63	150	0.999398
63	152	0.943771
63	156	0.983541
63	157	0.970882
63	171	1.00857
64	57	0.977268
64	65	0.924349
64	113	1.00404
64	121	1.027
64	126	0.960801
64	127	0.960551
64	130	0.991573
64	142	0.982409
64	143	1.21232
64	149	1.00582
64	150	1.00258
64	154	1.00411
64	156	0.986724
64	157	0.974066
64	176	1.57401
64	177	1.61558
65	2	0.98462
65	64	0.924349
65	73	1.93003
65	103	1.00369
65	114	0.916017
65	118	0.942791
65	119	0.947399
65	133	0.951127
65	139	0.920838
65	156	0.943786
65	157	0.931128
65	161	0.904239
65	175	0.841964
65	176	0.88724
65	179	0.847927
65	180	0.847845
66	56	0.875582
66	63	1.04912
66	72	1.11116
66	106	1.02592
66	126	1.04582
66	127	1.04557
66	135	1.07784
66	140	1.03952
66	149	1.09083
66	150	1.0876
66	154	1.08913
66	156	1.07174
66	157	1.05908
66	161	0.86241
66	176	0.982391
66	180	1.56196
67	21	0.950447
67	47	1.00305
67	55	0.999101
67	62	1.06727
67	68	0.97367
67	69	0.9825
67	77	0.97097
67	83	1.70483
67	110	1.03991
67	128	1.02
67	132	1.20029
67	138	0.973708
67	164	0.945124
67	165	0.975485
67	171	1.02038
67	178	0.902339
68	21	0.939586
68	28	1.03278
68	47	0.992187
68	55	0.98824
68	62	1.05641
68	67	0.97367
68	69	0.971639
68	71	1.06423
68	77	0.960109
68	147	1.02984
68	155	1.60726
68	162	1.62248
68	164	0.934263
68	165	0.964624
68	171	1.00952
68	178	0.891477
69	21	0.948416
69	28	1.04161
69	32	0.564873
69	47	1.00102
69	55	0.99707
69	62	1.06524
69	67	0.9825
69	68	0.971639
69	77	0.968938
69	138	0.971676
69	164	0.943093
69	165	0.973453
69	170	1.36514
69	171	1.01835
69	174	1.96016
69	178	0.900307
70	32	1.0088
70	79	0.935671
70	126	0.951788
70	127	0.951538
70	130	0.98256
70	138	0.956073
70	139	0.954763
70	140	0.945492
70	142	0.973396
70	144	1.32168
70	149	0.996805
70	150	0.993569
70	154	0.9951
70	156	0.977712
70	157	0.965053
70	165	1.75493
70	171	1.00274
71	36	1.09538
71	51	1.07541
71	58	1.0735
71	68	1.06423
71	109	0.613871
71	122	0.4677
71	135	0.582954
71	152	1.04614
71	157	0.397654
71	165	1.06605
71	168	1.06788
71	171	1.11094
71	174	1.00238
71	177	1.02432
71	178	0.992899
71	179	0.990048
71	180	0.989966
72	66	1.11116
72	79	1.00354
72	115	1.02043
72	122	1.06455
72	127	1.01941
72	131	1.04937
72	139	1.02264
72	140	1.01337
72	142	1.04127
72	149	1.06468
72	150	1.06144
72	153	1.00171
72	154	1.06297
72	156	1.04559
72	157	1.03293
72	176	1.10937
72	178	1.75826
73	9	0.963699
73	29	0.933569
73	35	1.02354
73	40	1.01684
73	41	0.928528
73	45	1.00537
73	59	0.977393
73	65	1.93003
73	88	1.01144
73	96	0.990547
73	99	0.978487
73	100	0.917595
73	105	0.972833
73	128	1.00957
73	151	1.11242
73	164	0.934697
73	178	0.891911
74	7	1.09995
74	57	1.03414
74	76	1.01634
74	92	0.890093
74	113	1.06092
74	122	1.06256
74	127	1.01743
74	128	0.553697
74	142	1.03928
74	146	1.57159
74	150	1.05946
74	152	1.00383
74	154	1.06099
74	156	1.0436
74	157	1.03094
74	159	1.67696
74	171	1.06863
75	26	1.72935
75	42	1.67065
75	112	0.946413
75	151	0.976604
75	159	0.898672
75	166	0.882515
75	168	0.950312
75	169	0.922698
75	170	0.931102
75	172	0.93775
75	173	0.875
75	174	0.884814
75	175	0.866518
75	176	0.911794
75	178	0.875333
75	179	0.872482
75	180	0.872399
76	74	1.01634
76	79	0.93686
76	82	0.930158
76	106	0.933075
76	117	1.13861
76	126	0.952977
76	131	0.982686
76	135	0.984998
76	139	0.955952
76	142	0.974585
76	146	1.68966
76	149	0.997994
76	150	0.994758
76	154	0.996289
76	156	0.978901
76	157	0.966242
76	166	1.63114
77	21	0.936886
77	28	1.03008
77	47	0.989486
77	55	0.98554
77	67	0.97097
77	68	0.960109
77	69	0.968938
77	81	1.27848
77	91	0.95577
77	128	1.00644
77	138	0.960146
77	148	1.14148
77	155	1.97811
77	164	0.931563
77	165	0.961923
77	171	1.00682
77	178	0.888777
78	1	1.02369
78	5	1.01957
78	16	1.0258
78	24	1.12372
78	27	1.00739
78	42	1.05964
78	43	1.06006
78	44	1.06019
78	52	1.05954
78	53	1.05911
78	61	1.04474
78	81	0.575411
78	91	0.945527
78	141	1.02155
78	155	1.27504
78	161	1.0192
78	163	2.00522
79	7	1.02047
79	70	0.935671
79	72	1.00354
79	76	0.93686
79	82	0.915379
79	113	0.98144
79	121	1.0044
79	126	0.938197
79	127	0.937948
79	130	0.968969
79	139	0.941172
79	140	0.931901
79	147	1.27818
79	154	0.98151
79	156	0.964121
79	157	0.951462
79	161	1.64538
79	169	1.74545
80	13	0.991985
80	82	0.991794
80	87	0.665434
80	106	0.994711
80	117	1.47047
80	122	1.0595
80	126	1.01461
80	127	1.01436
80	131	1.04432
80	135	1.04663
80	140	1.00832
80	142	1.03622
80	148	1.00803
80	154	1.05792
80	156	1.04054
80	157	1.02788
80	162	1.85988
80	171	1.06557
81	29	1.74611
81	77	1.27848
81	78	0.575411
81	118	0.98322
81	119	0.987827
81	125	0.960652
81	129	0.998758
81	131	0.988
81	133	0.991555
81	154	1.0016
81	156	0.984215
81	157	0.971556
81	171	1.00925
81	172	0.953624
81	175	0.882392
81	177	0.922626
81	179	0.888355
81	180	0.888273
82	25	1.00903
82	76	0.930158
82	79	0.915379
82	80	0.991794
82	122	0.976379
82	126	0.931496
82	130	0.962268
82	135	0.963517
82	140	0.9252
82	142	0.953104
82	149	0.976513
82	150	0.973277
82	154	0.974808
82	156	0.957419
82	157	0.944761
82	159	1.54995
82	175	1.98324
82	176	1.17748
83	67	1.70483
83	98	0.963539
83	104	1.6463
83	158	0.927573
83	160	0.852157
83	162	0.913328
83	163	0.871006
83	167	0.886473
83	168	0.949465
83	169	0.92185
83	172	0.936903
83	173	0.874153
83	174	0.883967
83	175	0.865671
83	176	0.910947
83	177	0.905905
83	179	0.871634
83	180	0.871552
84	43	0.955352
84	54	0.922411
84	111	0.432482
84	120	1.11386
84	136	1.10996
84	151	1.09041
84	156	0.468109
84	158	1.04223
84	159	1.01248
84	160	0.966809
84	168	1.06412
84	170	1.04491
84	173	0.988805
84	174	0.998619
84	175	0.980323
84	177	1.02056
84	179	0.986286
84	180	0.986204
85	29	1.36902
85	31	0.992551
85	99	0.839451
85	104	0.838372
85	143	1.05018
85	148	1.07027
85	163	0.917101
85	167	0.932568
85	168	0.99556
85	169	0.967946
85	172	0.982998
85	173	0.920248
85	174	0.930062
85	175	0.911766
85	176	0.957042
85	177	0.952
85	179	0.917729
85	180	0.917647
86	63	0.582723
86	101	1.04366
86	127	1.22672
86	132	1.03831
86	147	1.01477
86	160	0.906299
86	167	0.940614
86	168	1.00361
86	169	0.975992
86	170	0.984396
86	172	0.991044
86	173	0.928294
86	174	0.938108
86	175	0.919812
86	176	0.965088
86	177	0.960046
86	179	0.925775
86	180	0.925693
87	26	0.594149
87	41	1.49124
87	80	0.665434
87	139	0.507034
87	158	1.06014
87	163	1.00357
87	166	1.01423
87	167	1.01904
87	168	1.08203
87	170	1.06282
87	172	1.06947
87	173	1.00672
87	174	1.01653
87	175	0.998235
87	176	1.04351
87	177	1.03847
87	179	1.0042
87	180	1.00412
88	9	1.01146
88	29	0.981332
88	35	1.07131
88	39	0.962896
88	40	1.06461
88	41	0.976292
88	45	1.05314
88	46	0.885824
88	48	1.06531
88	50	1.013
88	59	1.02516
88	73	1.01144
88	94	1.19737
88	96	1.03831
88	99	1.02625
88	100	0.965359
88	141	1.41906
88	165	1.33781
88	178	0.939675
89	2	1.56692
89	10	2.03308
89	38	0.866086
89	124	0.940424
89	132	0.974887
89	151	0.966471
89	159	0.88854
89	163	0.861721
89	166	0.872382
89	168	0.94018
89	170	0.920969
89	172	0.927618
89	174	0.874682
89	175	0.856386
89	176	0.901662
89	177	0.89662
89	179	0.862349
89	180	0.862267
90	50	0.810703
90	54	1.01439
90	95	1.01295
90	97	1.01646
90	101	1.06619
90	103	1.07638
90	104	0.996783
90	109	1.02989
90	111	0.975678
90	112	1.41391
90	118	1.01549
90	119	1.02009
90	125	0.992918
90	129	1.03102
90	133	1.02382
90	144	0.726392
90	161	0.976933
90	165	0.996619
90	174	1.80879
91	33	1.00282
91	36	0.989617
91	51	0.969652
91	58	0.967737
91	77	0.95577
91	78	0.945527
91	127	1.03173
91	148	1.03682
91	153	0.933686
91	154	1.12485
91	164	0.929924
91	165	0.960285
91	168	0.962118
91	171	1.00518
91	174	0.89662
91	177	0.918558
91	178	0.887139
91	179	0.884287
91	180	0.884205
92	12	0.851781
92	74	0.890093
92	118	1.26109
92	145	1.04542
92	146	0.98193
92	157	0.983367
92	159	0.949752
92	160	0.904084
92	162	0.965254
92	168	1.00139
92	170	0.982182
92	172	0.98883
92	173	0.926079
92	174	0.935894
92	175	0.917598
92	176	0.962874
92	177	0.957832
92	179	0.923561
92	180	0.923479
93	95	0.634466
93	113	0.706181
93	120	1.09618
93	127	0.460979
93	148	1.12115
93	150	0.603314
93	158	1.02455
93	163	0.967982
93	167	0.983449
93	168	1.04644
93	169	1.01883
93	170	1.02723
93	172	1.03388
93	174	0.980943
93	175	0.962647
93	176	1.00792
93	177	1.00288
93	179	0.968611
93	180	0.968528
94	88	1.19737
94	118	1.23101
94	120	1.02524
94	124	0.975745
94	145	1.01953
94	148	1.05021
94	156	0.878765
94	158	0.953609
94	159	0.923861
94	160	0.878194
94	166	0.907704
94	169	0.947887
94	170	0.956291
94	173	0.900189
94	174	0.910003
94	175	0.891707
94	176	0.936983
94	177	0.931941
94	179	0.89767
94	180	0.897588
95	11	0.95705
95	54	1.00054
95	90	1.01295
95	93	0.634466
95	97	1.00261
95	101	1.05234
95	103	1.06253
95	104	0.982934
95	107	1.02407
95	109	1.01605
95	111	0.961829
95	118	1.00164
95	119	1.00624
95	125	0.97907
95	129	1.01718
95	133	1.00997
95	152	1.36145
95	158	1.27473
95	159	1.81696
95	161	0.963085
96	3	1.10858
96	9	0.99057
96	29	0.96044
96	35	1.05041
96	39	0.942003
96	41	0.955399
96	45	1.03224
96	48	1.04442
96	59	1.00426
96	60	1.00834
96	73	0.990547
96	88	1.03831
96	99	1.00536
96	100	0.944466
96	128	1.03644
96	144	1.09409
96	164	0.961568
96	168	1.27918
96	172	1.63651
96	178	0.918782
97	11	0.960555
97	90	1.01646
97	95	1.00261
97	101	1.05584
97	102	0.986274
97	104	0.986439
97	107	1.02757
97	109	1.01955
97	117	0.981414
97	118	1.00514
97	119	1.00975
97	124	1.25317
97	125	0.982574
97	129	1.02068
97	133	1.01348
97	141	1.37744
97	151	0.968369
97	161	0.966589
97	164	1.72937
97	165	0.986275
98	83	0.963539
98	116	1.05994
98	133	0.846041
98	140	1.19787
98	162	0.948041
98	163	0.905719
98	166	0.916381
98	167	0.921186
98	168	0.984178
98	169	0.956564
98	170	0.964968
98	171	0.874739
98	172	0.971616
98	173	0.908866
98	174	0.91868
98	175	0.900384
98	176	0.94566
98	177	0.940619
98	179	0.906348
98	180	0.906265
99	3	1.09652
99	9	0.978509
99	29	0.948379
99	35	1.03835
99	39	0.929943
99	40	1.03165
99	41	0.943338
99	45	1.02018
99	50	0.980051
99	59	0.992203
99	73	0.978487
99	85	0.839451
99	88	1.02625
99	96	1.00536
99	100	0.932406
99	128	1.02438
99	144	1.08866
99	145	1.23083
99	164	0.949507
99	166	2.03451
99	178	0.906722
100	3	1.03563
100	9	0.917618
100	29	0.887488
100	35	0.977462
100	39	0.869051
100	40	0.970761
100	41	0.882447
100	45	0.959293
100	48	0.971466
100	50	0.919159
100	59	0.931312
100	73	0.917595
100	88	0.965359
100	96	0.944466
100	99	0.932406
100	128	0.963491
100	136	1.425
100	145	1.49251
100	164	0.888616
100	166	2.2962
100	178	0.84583
101	8	1.11969
101	86	1.04366
101	90	1.06619
101	95	1.05234
101	97	1.05584
101	102	1.036
101	104	1.03617
101	107	1.0773
101	109	1.06928
101	111	1.01506
101	118	1.05487
101	125	1.0323
101	129	1.07041
101	133	1.06321
101	134	0.728883
101	153	1.00941
101	161	1.01632
101	165	1.036
101	172	0.893092
101	175	1.8937
101	177	1.12951
102	8	1.05012
102	54	0.984205
102	97	0.986274
102	101	1.036
102	103	1.0462
102	104	0.966601
102	107	1.00774
102	109	0.999712
102	111	0.945496
102	118	0.985304
102	119	0.989911
102	125	0.962736
102	129	1.00084
102	133	0.993639
102	143	0.816124
102	152	1.09478
102	153	0.939838
102	161	0.946751
102	165	0.966437
102	173	1.90056
102	175	1.98358
103	11	1.02048
103	54	1.06397
103	65	1.00369
103	90	1.07638
103	95	1.06253
103	102	1.0462
103	104	1.04637
103	109	1.07948
103	111	1.02526
103	118	1.06507
103	119	1.06968
103	125	1.0425
103	129	1.08061
103	133	1.0734
103	136	0.660469
103	138	1.00257
103	153	1.0196
103	158	1.15333
103	161	1.02652
103	164	1.45224
103	174	1.66823
104	54	0.98437
104	83	1.6463
104	85	0.838372
104	90	0.996783
104	95	0.982934
104	97	0.986439
104	101	1.03617
104	102	0.966601
104	103	1.04637
104	107	1.0079
104	109	0.999877
104	111	0.945661
104	118	0.985469
104	119	0.990076
104	125	0.962901
104	129	1.00101
104	133	0.993804
104	136	1.16223
104	151	1.19301
104	161	0.946916
104	165	0.966602
105	9	1.43171
105	34	0.513687
105	73	0.972833
105	119	0.968932
105	143	1.08123
105	145	1.07065
105	147	1.03778
105	159	0.974976
105	166	0.958819
105	167	0.963624
105	168	1.02662
105	170	1.00741
105	172	1.01405
105	173	0.951304
105	174	0.961118
105	175	0.942822
105	176	0.988098
105	177	0.983057
105	178	0.951637
105	179	0.948786
105	180	0.948703
106	25	1.01195
106	66	1.02592
106	76	0.933075
106	80	0.994711
106	113	0.977655
106	122	0.979296
106	127	0.934163
106	130	0.965184
106	131	0.964122
106	135	0.966433
106	136	0.936677
106	137	0.996938
106	140	0.928116
106	142	0.956021
106	149	0.97943
106	150	0.976193
106	152	0.920567
106	154	0.977725
106	156	0.960336
106	157	0.947678
106	166	1.80788
106	171	0.985368
106	178	2.24819
107	8	1.09142
107	11	0.982017
107	54	1.02551
107	95	1.02407
107	97	1.02757
107	101	1.0773
107	102	1.00774
107	104	1.0079
107	109	1.04101
107	111	0.986796
107	118	1.0266
107	119	1.03121
107	125	1.00404
107	129	1.04214
107	133	1.03494
107	141	1.00776
107	145	0.635434
107	153	0.981138
107	161	0.988052
107	164	1.35969
107	165	1.00774
107	167	1.56864
107	180	1.8101
108	9	1.62308
108	20	1.02043
108	40	0.954966
108	58	1.00153
108	123	0.999054
108	134	1.03629
108	136	1.04892
108	143	1.0577
108	145	1.04711
108	158	0.981191
108	160	0.905775
108	162	0.966946
108	163	0.924624
108	167	0.940091
108	168	1.00308
108	173	0.927771
108	174	0.937585
108	175	0.919289
108	176	0.964565
108	177	0.959523
108	178	0.928104
108	179	0.925252
108	180	0.92517
109	8	1.0834
109	71	0.613871
109	90	1.02989
109	95	1.01605
109	97	1.01955
109	101	1.06928
109	102	0.999712
109	103	1.07948
109	104	0.999877
109	107	1.04101
109	111	0.978772
109	117	0.994853
109	118	1.01858
109	119	1.02319
109	125	0.996013
109	129	1.03412
109	133	1.02692
109	138	1.29346
109	145	1.01887
109	148	0.867587
109	153	0.973115
109	165	0.999714
109	179	2.22432
110	38	0.985709
110	60	1.10657
110	67	1.03991
110	129	0.696874
110	131	0.293911
110	135	0.739582
110	137	1.10119
110	145	1.10383
110	154	0.520649
110	158	1.03791
110	159	1.00816
110	163	0.981344
110	167	0.996811
110	168	1.0598
110	169	1.03219
110	172	1.04724
110	173	0.98449
110	174	0.994305
110	175	0.976009
110	176	1.02128
110	177	1.01624
110	179	0.981972
110	180	0.98189
111	8	1.02918
111	11	0.919777
111	54	0.963265
111	84	0.432482
111	90	0.975678
111	95	0.961829
111	101	1.01506
111	102	0.945496
111	103	1.02526
111	104	0.945661
111	107	0.986796
111	109	0.978772
111	117	0.940636
111	118	0.964364
111	119	0.968971
111	125	0.941796
111	129	0.979902
111	133	0.972699
111	153	0.918898
111	163	2.10802
111	165	0.945497
111	177	1.32917
111	178	1.93649
112	1	1.53871
112	75	0.946413
112	90	1.41391
112	144	1.01196
112	146	0.946743
112	154	1.31438
112	159	0.914566
112	160	0.868898
112	162	0.930068
112	163	0.887747
112	166	0.898408
112	167	0.903214
112	168	0.966205
112	169	0.938591
112	170	0.946995
112	172	0.953644
112	173	0.890893
112	174	0.900708
112	175	0.882412
112	176	0.927688
112	177	0.922646
112	179	0.888375
112	180	0.888292
113	7	1.07983
113	12	0.855841
113	17	0.974588
113	31	1.05225
113	64	1.00404
113	74	1.06092
113	79	0.98144
113	93	0.706181
113	106	0.977655
113	121	1.06376
113	122	1.04244
113	126	0.997557
113	131	1.02727
113	135	1.02958
113	139	1.00053
113	140	0.991261
113	141	0.986282
113	144	0.778937
113	149	1.04257
113	154	1.04087
113	156	1.02348
113	157	1.01082
113	168	0.964023
113	175	2.32196
114	8	1.46365
114	25	1.45046
114	65	0.916017
114	132	0.995071
114	146	0.940902
114	149	1.24494
114	151	0.986655
114	158	0.938472
114	159	0.908724
114	160	0.863057
114	162	0.924227
114	166	0.892567
114	168	0.960364
114	169	0.93275
114	170	0.941154
114	172	0.947802
114	173	0.885052
114	174	0.894866
114	175	0.87657
114	176	0.921846
114	177	0.916804
114	179	0.882533
114	180	0.882451
115	3	1.30147
115	20	1.51157
115	51	0.966531
115	72	1.02043
115	136	1.03685
115	143	1.04563
115	147	1.00218
115	148	1.06571
115	158	0.969117
115	159	0.939369
115	160	0.893701
115	163	0.91255
115	165	0.989176
115	166	0.923211
115	167	0.928017
115	168	0.991008
115	169	0.963394
115	172	0.978447
115	173	0.915696
115	175	0.907215
115	176	0.952491
115	177	0.947449
115	179	0.913178
115	180	0.913095
116	15	1.15989
116	23	0.913906
116	36	1.10907
116	53	0.811405
116	98	1.05994
116	121	0.427759
116	144	1.09163
116	147	1.05704
116	148	1.12057
116	158	1.02398
116	160	0.948561
116	161	1.02435
116	162	1.00973
116	163	0.96741
116	167	0.982877
116	169	1.01825
116	172	1.03331
116	173	0.970556
116	174	0.980371
116	175	0.962075
116	176	1.00735
116	177	1.00231
116	179	0.968038
116	180	0.967956
117	6	0.941126
117	23	1.02954
117	33	1.00411
117	51	0.970944
117	58	0.96903
117	62	0.887243
117	76	1.13861
117	80	1.47047
117	97	0.981414
117	109	0.994853
117	111	0.940636
117	125	0.957877
117	126	1.13447
117	129	0.995982
117	133	0.98878
117	148	1.03812
117	152	0.94167
117	153	0.934978
117	159	0.911771
117	169	0.935796
117	173	0.888098
117	175	0.879616
117	177	0.919851
117	179	0.88558
117	180	0.885497
118	11	0.959585
118	54	1.00307
118	65	0.942791
118	81	0.98322
118	90	1.01549
118	92	1.26109
118	94	1.23101
118	95	1.00164
118	97	1.00514
118	101	1.05487
118	102	0.985304
118	103	1.06507
118	104	0.985469
118	107	1.0266
118	109	1.01858
118	111	0.964364
118	119	1.00878
118	125	0.981604
118	129	1.01971
118	133	1.01251
118	144	0.938215
118	161	0.965619
118	165	0.985305
118	168	1.1233
118	170	1.4256
119	11	0.964192
119	54	1.00768
119	65	0.947399
119	81	0.987827
119	90	1.02009
119	95	1.00624
119	97	1.00975
119	102	0.989911
119	103	1.06968
119	104	0.990076
119	105	0.968932
119	107	1.03121
119	109	1.02319
119	111	0.968971
119	118	1.00878
119	123	1.33435
119	125	0.986212
119	129	1.02432
119	133	1.01711
119	136	1.07775
119	138	1.41985
119	153	0.963314
119	161	0.970227
119	165	0.989913
119	172	1.54552
120	6	1.54313
120	57	0.940813
120	62	0.489258
120	84	1.11386
120	93	1.09618
120	94	1.02524
120	122	0.785875
120	123	1.01582
120	126	0.736487
120	144	1.06561
120	151	1.04614
120	160	0.922539
120	161	0.998328
120	162	0.983709
120	163	0.941388
120	166	0.952049
120	167	0.956855
120	170	1.00064
120	172	1.00728
120	173	0.944534
120	174	0.954349
120	175	0.936053
120	176	0.981329
120	177	0.976287
120	179	0.942016
120	180	0.941933
121	7	1.10279
121	57	1.03698
121	64	1.027
121	79	1.0044
121	113	1.06376
121	116	0.427759
121	126	1.02051
121	127	1.02026
121	130	1.05129
121	131	1.05022
121	135	1.05254
121	139	1.02349
121	140	1.01422
121	141	1.00924
121	142	1.04212
121	149	1.06553
121	150	1.0623
121	154	1.06383
121	155	0.975603
121	156	1.04644
121	157	1.03378
121	165	0.925131
121	166	1.43774
121	169	1.20923
121	170	0.979269
121	175	2.03492
122	19	0.264137
122	25	1.07674
122	71	0.4677
122	72	1.06455
122	74	1.06256
122	80	1.0595
122	82	0.976379
122	106	0.979296
122	113	1.04244
122	120	0.785875
122	126	0.999197
122	127	0.998948
122	130	1.02997
122	131	1.02891
122	135	1.03122
122	139	1.00217
122	140	0.992901
122	142	1.02081
122	149	1.04421
122	150	1.04098
122	154	1.04251
122	156	1.02512
122	157	1.01246
122	161	1.34782
122	162	1.57326
122	171	1.05015
122	180	2.04737
123	24	1.08062
123	108	0.999054
123	119	1.33435
123	120	1.01582
123	129	1.13433
123	132	1.00078
123	136	1.01192
123	139	1.18999
123	143	1.02069
123	147	0.977243
123	158	0.944183
123	159	0.914435
123	160	0.868768
123	162	0.929938
123	166	0.898278
123	167	0.903083
123	168	0.966075
123	169	0.938461
123	170	0.946865
123	172	0.953513
123	173	0.890763
123	174	0.900577
123	176	0.927557
123	177	0.922516
123	178	0.891096
123	179	0.888245
123	180	0.888162
124	14	0.997492
124	38	0.896255
124	89	0.940424
124	94	0.975745
124	97	1.25317
124	129	1.19331
124	133	0.903045
124	134	1.00355
124	137	1.01174
124	145	1.01438
124	146	0.950886
124	147	0.981516
124	154	1.01708
124	159	0.918709
124	162	0.934211
124	166	0.902551
124	169	0.942734
124	170	0.951138
124	172	0.957787
124	173	0.895036
124	174	0.90485
124	175	0.886554
124	176	0.93183
124	177	0.926789
124	178	0.895369
124	179	0.892518
124	180	0.892435
125	8	1.04643
125	11	0.937017
125	54	0.980505
125	56	1.40786
125	81	0.960652
125	90	0.992918
125	95	0.97907
125	97	0.982574
125	101	1.0323
125	102	0.962736
125	103	1.0425
125	104	0.962901
125	107	1.00404
125	109	0.996013
125	111	0.941796
125	117	0.957877
125	118	0.981604
125	119	0.986212
125	129	0.997143
125	133	0.98994
125	138	1.19415
125	151	0.882824
125	152	1.43164
125	153	0.936139
125	161	0.943052
125	165	0.962738
125	174	1.8598
126	25	1.03185
126	64	0.960801
126	66	1.04582
126	70	0.951788
126	76	0.952977
126	79	0.938197
126	80	1.01461
126	82	0.931496
126	113	0.997557
126	117	1.13447
126	120	0.736487
126	121	1.02051
126	122	0.999197
126	130	0.985086
126	131	0.984023
126	139	0.957289
126	140	0.948018
126	149	0.999331
126	150	0.996095
126	154	0.997626
126	155	0.909403
126	156	0.980238
126	157	0.967579
126	161	1.29843
126	165	1.1144
126	171	1.00527
126	175	2.22418
127	25	1.0316
127	63	0.957367
127	64	0.960551
127	66	1.04557
127	70	0.951538
127	72	1.01941
127	74	1.01743
127	79	0.937948
127	80	1.01436
127	86	1.22672
127	91	1.03173
127	93	0.460979
127	106	0.934163
127	121	1.02026
127	122	0.998948
127	135	0.986085
127	138	0.958349
127	139	0.957039
127	140	0.947768
127	142	0.975672
127	146	1.5381
127	149	0.999081
127	154	0.997377
127	155	0.909153
127	156	0.979988
127	157	0.96733
127	179	1.88135
128	6	1.47428
128	11	1.03316
128	39	0.961028
128	41	0.974424
128	62	1.10274
128	67	1.02
128	73	1.00957
128	74	0.553697
128	77	1.00644
128	96	1.03644
128	99	1.02438
128	100	0.963491
128	135	0.83227
128	157	0.646971
128	158	0.990894
128	162	0.976649
128	164	0.980592
128	165	1.01095
128	169	0.985172
128	171	1.05585
128	174	0.947288
128	176	0.974268
128	177	0.969226
128	178	0.937807
128	179	0.934955
128	180	0.934873
129	8	1.08453
129	11	0.975123
129	54	1.01861
129	81	0.998758
129	90	1.03102
129	95	1.01718
129	97	1.02068
129	101	1.07041
129	102	1.00084
129	103	1.08061
129	104	1.00101
129	107	1.04214
129	109	1.03412
129	110	0.696874
129	111	0.979902
129	117	0.995982
129	118	1.01971
129	119	1.02432
129	123	1.13433
129	124	1.19331
129	125	0.997143
129	133	1.02805
129	145	0.945246
129	153	0.974244
129	158	1.37059
129	161	0.981157
129	165	1.00084
129	170	1.29047
130	7	1.06736
130	25	1.06262
130	64	0.991573
130	70	0.98256
130	79	0.968969
130	82	0.962268
130	106	0.965184
130	121	1.05129
130	122	1.02997
130	126	0.985086
130	131	1.0148
130	135	1.01711
130	138	0.989371
130	139	0.988061
130	140	0.97879
130	142	1.00669
130	145	0.757559
130	148	0.606274
130	149	1.0301
130	150	1.02687
130	152	0.971241
130	154	1.0284
130	156	1.01101
130	157	0.998351
130	162	1.45812
130	165	1.04864
130	171	1.03604
130	175	2.15843
130	178	2.00155
131	57	1.00049
131	63	0.987326
131	72	1.04937
131	76	0.982686
131	80	1.04432
131	81	0.988
131	106	0.964122
131	110	0.293911
131	113	1.02727
131	121	1.05022
131	122	1.02891
131	126	0.984023
131	130	1.0148
131	132	0.454295
131	135	1.01604
131	139	0.986998
131	140	0.977727
131	142	1.00563
131	149	1.02904
131	150	1.0258
131	154	1.02734
131	155	0.939112
131	156	1.00995
131	157	0.997289
131	159	1.50986
131	171	1.03498
131	173	1.86013
131	179	1.74773
131	180	1.71695
132	41	1.89713
132	47	1.10619
132	67	1.20029
132	86	1.03831
132	89	0.974887
132	114	0.995071
132	123	1.00078
132	131	0.454295
132	134	1.03801
132	143	1.05943
132	147	1.01598
132	158	0.98292
132	159	0.953172
132	160	0.907504
132	162	0.968674
132	166	0.937014
132	168	1.00481
132	169	0.977197
132	170	0.985601
132	171	0.595695
132	172	0.99225
132	173	0.929499
132	174	0.939314
132	175	0.921018
132	176	0.966294
132	177	0.961252
132	179	0.926981
132	180	0.926899
133	8	1.07733
133	11	0.96792
133	48	0.562792
133	54	1.01141
133	65	0.951127
133	81	0.991555
133	90	1.02382
133	95	1.00997
133	97	1.01348
133	98	0.846041
133	101	1.06321
133	102	0.993639
133	103	1.0734
133	104	0.993804
133	107	1.03494
133	109	1.02692
133	111	0.972699
133	117	0.98878
133	118	1.01251
133	119	1.01711
133	124	0.903045
133	125	0.98994
133	129	1.02805
133	153	0.967042
133	161	0.973955
133	162	1.35555
133	163	2.07051
133	165	0.993641
133	169	1.23017
134	10	0.90597
134	45	1.36998
134	101	0.728883
134	108	1.03629
134	124	1.00355
134	132	1.03801
134	143	1.05792
134	147	1.01447
134	150	1.05428
134	157	1.03871
134	158	0.981415
134	159	0.951667
134	160	0.906
134	162	0.96717
134	163	0.924848
134	164	0.971113
134	166	0.93551
134	167	0.940315
134	168	1.00331
134	170	0.984097
134	172	0.990745
134	173	0.927995
134	174	0.937809
134	175	0.919513
134	176	0.964789
134	177	0.959747
134	178	0.928328
134	179	0.925476
134	180	0.925394
135	12	0.844619
135	13	0.963708
135	31	1.11911
135	63	0.989638
135	66	1.07784
135	71	0.582954
135	76	0.984998
135	80	1.04663
135	82	0.963517
135	106	0.966433
135	110	0.739582
135	113	1.02958
135	121	1.05254
135	122	1.03122
135	127	0.986085
135	128	0.83227
135	130	1.01711
135	131	1.01604
135	139	0.98931
135	140	0.980039
135	141	0.97506
135	142	1.00794
135	149	1.03135
135	150	1.02812
135	153	1.4754
135	154	1.02965
135	155	0.941424
135	156	1.01226
135	157	0.9996
135	174	1.92819
136	20	0.93788
136	84	1.10996
136	100	1.425
136	103	0.660469
136	104	1.16223
136	106	0.936677
136	108	1.04892
136	115	1.03685
136	119	1.07775
136	123	1.01192
136	137	1.05734
136	144	1.06171
136	145	1.05998
136	146	0.996484
136	158	0.994054
136	160	0.918639
136	162	0.979809
136	163	0.937487
136	164	0.983753
136	167	0.952954
136	168	1.01595
136	169	0.988332
136	170	0.996736
136	172	1.00338
136	173	0.940634
136	174	0.950448
136	175	0.932152
136	176	0.977428
136	177	0.972387
136	179	0.938116
136	180	0.938033
137	3	0.788046
137	24	0.884284
137	45	1.12668
137	106	0.996938
137	110	1.10119
137	124	1.01174
137	136	1.05734
137	138	1.00788
137	142	1.09158
137	144	1.05725
137	148	1.0862
137	150	0.810974
137	151	1.03778
137	153	0.983061
137	155	0.958687
137	159	0.959854
137	160	0.914186
137	162	0.975356
137	163	0.933035
137	166	0.943696
137	167	0.948502
137	168	1.01149
137	169	0.983879
137	170	0.992283
137	172	0.998932
137	173	0.936181
137	174	0.945996
137	175	0.9277
137	176	0.972976
137	177	0.967934
137	179	0.933663
137	180	0.93358
138	12	0.816883
138	13	0.935972
138	21	0.939624
138	43	1.48996
138	46	1.04481
138	55	0.988278
138	67	0.973708
138	69	0.971676
138	70	0.956073
138	77	0.960146
138	103	1.00257
138	109	1.29346
138	119	1.41985
138	125	1.19415
138	127	0.958349
138	130	0.989371
138	137	1.00788
138	139	0.961574
138	140	0.952303
138	142	0.980207
138	150	1.00038
138	157	0.971864
138	159	0.914854
138	163	0.888035
138	165	0.964661
138	171	1.00955
138	173	0.891182
138	176	0.927976
138	177	0.922934
138	178	0.891515
138	179	0.888663
138	180	0.888581
139	25	1.03483
139	63	0.960592
139	65	0.920838
139	70	0.954763
139	72	1.02264
139	76	0.955952
139	79	0.941172
139	87	0.507034
139	113	1.00053
139	121	1.02349
139	122	1.00217
139	123	1.18999
139	126	0.957289
139	127	0.957039
139	130	0.988061
139	131	0.986998
139	135	0.98931
139	138	0.961574
139	140	0.950993
139	141	0.946014
139	142	0.978897
139	149	1.00231
139	150	0.99907
139	152	0.943444
139	154	1.0006
139	155	0.912378
139	156	0.983213
139	157	0.970554
139	164	1.72517
139	168	1.04384
139	170	1.34613
139	171	1.00824
139	179	2.20636
140	17	0.925049
140	25	1.02556
140	57	0.964485
140	63	0.951321
140	66	1.03952
140	70	0.945492
140	72	1.01337
140	79	0.931901
140	80	1.00832
140	82	0.9252
140	98	1.19787
140	106	0.928116
140	113	0.991261
140	121	1.01422
140	122	0.992901
140	126	0.948018
140	127	0.947768
140	130	0.97879
140	131	0.977727
140	135	0.980039
140	138	0.952303
140	139	0.950993
140	142	0.969626
140	143	1.24023
140	149	0.993035
140	150	0.989799
140	151	0.970073
140	154	0.99133
140	155	0.903107
140	156	0.973942
140	157	0.961283
140	158	1.43216
140	176	1.60192
140	180	2.18148
141	5	0.929791
141	16	0.936015
141	27	0.917606
141	42	0.969856
141	52	0.969757
141	53	0.96933
141	58	1.35882
141	59	1.43692
141	61	0.954957
141	78	1.02155
141	88	1.41906
141	97	1.37744
141	107	1.00776
141	113	0.986282
141	121	1.00924
141	135	0.97506
141	139	0.946014
141	149	0.988057
141	150	0.98482
141	151	0.977226
141	152	0.929194
141	154	0.986352
141	157	0.956305
141	161	0.929416
