1	17	0.7276
1	45	1.02078
1	77	0.823015
1	121	0.828466
1	130	1.09519
1	140	1.10501
1	154	1.04206
1	158	1.05543
1	161	1.07891
1	175	1.0675
1	177	1.06606
1	180	1.06906
2	126	1.03532
2	133	1.07005
2	135	1.11241
2	152	1.06001
2	154	1.03928
2	157	1.08494
2	158	1.05264
2	161	1.07613
2	166	0.823606
2	174	0.778125
2	176	0.81925
2	178	1.06922
3	37	0.608582
3	50	1.14494
3	55	1.22206
3	60	0.619645
3	70	1.19699
3	81	1.24156
3	83	1.22437
3	141	1.17599
3	169	1.19162
3	170	0.585831
3	178	1.20246
3	179	0.613993
4	12	1.24913
4	112	1.19964
4	117	0.587078
4	121	1.22336
4	125	0.587651
4	141	1.16721
4	150	0.612542
4	155	1.1889
4	156	1.19036
4	162	1.19856
4	165	0.640693
4	169	1.18284
5	90	1.25531
5	118	0.604631
5	131	1.1914
5	137	0.573138
5	152	1.18799
5	154	1.16725
5	157	1.21291
5	158	1.18062
5	161	1.2041
5	163	0.666016
5	168	0.584147
5	170	1.20041
6	35	0.694473
6	110	1.07349
6	122	1.09858
6	134	1.09133
6	143	1.06378
6	155	1.04989
6	162	1.05955
6	164	1.05083
6	167	0.847031
6	170	1.05789
6	174	0.879538
6	178	1.05467
7	29	0.613496
7	69	1.2895
7	88	1.18542
7	113	1.1883
7	125	0.579376
7	129	1.2081
7	143	1.19527
7	148	1.16245
7	160	1.17991
7	162	1.19104
7	166	0.636485
7	171	0.598646
8	21	0.65013
8	26	1.18931
8	48	0.56335
8	71	0.496318
8	140	1.23619
8	147	1.19337
8	148	0.662241
8	158	1.1866
8	161	1.21009
8	176	1.18301
8	179	1.2012
8	180	1.20023
9	46	1.00708
9	47	1.11845
9	77	1.03064
9	96	1.02825
9	97	0.824851
9	100	1.13575
9	112	1.07243
9	121	1.09615
9	138	1.04811
9	146	0.814919
9	156	1.06315
9	167	0.78127
10	37	0.797953
10	45	1.01582
10	87	1.06957
10	103	1.10665
10	123	1.04105
10	130	1.09023
10	140	1.10005
10	147	1.05723
10	164	1.0632
10	169	1.0562
10	172	0.833132
10	175	0.789943
11	41	1.01321
11	48	1.108
11	74	1.10517
11	77	1.01579
11	100	1.12089
11	109	1.06481
11	112	1.05757
11	121	1.0813
11	138	1.03326
11	145	0.797334
11	170	0.802487
11	177	0.821023
12	4	1.24913
12	41	1.15969
12	46	1.13871
12	47	1.25008
12	96	1.15987
12	106	1.21069
12	112	1.20405
12	121	1.22778
12	146	0.590666
12	151	0.614504
12	164	0.625497
12	171	0.597165
13	47	0.559754
13	93	0.647882
13	127	0.592587
13	130	0.571754
13	165	1.19968
13	171	1.20329
13	174	1.19895
13	175	1.20222
13	176	1.18656
13	177	1.20078
13	179	1.20474
13	180	1.20378
14	26	1.19184
14	31	1.18103
14	67	1.19607
14	86	0.590192
14	87	1.20824
14	103	1.24532
14	118	0.60041
14	123	1.17972
14	147	1.1959
14	151	0.603361
14	164	1.20188
14	173	0.633574
15	57	0.882564
15	69	1.15732
15	75	1.01334
15	76	1.10704
15	110	1.0728
15	148	1.03027
15	155	1.0492
15	162	1.05886
15	167	0.749127
15	170	1.0572
15	171	0.789275
15	178	1.05397
16	58	1.16573
16	64	1.1444
16	76	1.20495
16	115	0.685683
16	125	0.627817
16	129	1.17383
16	134	1.18854
16	148	1.12818
16	151	0.664426
16	155	1.14711
16	159	1.09051
16	162	1.15676
16	177	0.649831
17	1	0.7276
17	78	1.17784
17	93	1.11777
17	110	1.17551
17	143	1.1658
17	148	1.13298
17	155	1.15192
17	162	1.16157
17	169	0.647444
17	170	1.15991
17	176	0.638306
17	177	0.607567
17	178	1.15669
18	35	0.502786
18	50	1.10806
18	83	1.18749
18	84	1.16556
18	91	1.22553
18	117	0.67565
18	124	1.0946
18	137	0.678388
18	141	1.13911
18	160	1.15934
18	163	0.771265
18	169	1.15474
18	178	1.16558
19	62	0.703089
19	69	0.577494
19	91	0.606588
19	171	1.16251
19	172	1.14576
19	173	1.13935
19	174	1.15818
19	175	1.16145
19	176	1.14578
19	177	1.16001
19	178	0.684741
19	179	1.16397
19	180	1.163
20	32	0.668393
20	75	0.67381
20	81	1.19575
20	101	1.22153
20	113	0.597596
20	123	1.13065
20	147	1.14684
20	159	1.09528
20	162	0.632188
20	174	1.14888
20	177	1.15071
20	178	1.15665
20	180	1.1537
21	8	0.65013
21	70	1.14798
21	71	1.24794
21	84	1.15344
21	95	1.13228
21	105	1.18464
21	108	1.16119
21	141	1.12699
21	145	0.65631
21	159	1.09209
21	167	0.637108
21	171	0.677256
21	178	1.15346
22	111	1.16887
22	131	1.15288
22	132	1.15853
22	133	1.15949
22	152	1.14946
22	154	1.12873
22	157	1.17438
22	158	1.14209
22	161	1.16557
22	164	0.655003
22	166	0.66451
22	169	0.669293
22	179	0.639041
23	32	0.677122
23	36	0.66021
23	155	0.619089
23	160	0.615694
23	165	1.1593
23	172	1.14616
23	173	1.13975
23	174	1.15858
23	175	1.16185
23	176	1.14618
23	177	1.16041
23	179	1.16437
23	180	1.1634
24	46	1.08227
24	47	1.19363
24	74	1.19521
24	77	1.10583
24	100	1.21093
24	104	0.705706
24	109	1.15485
24	112	1.14761
24	114	0.689847
24	121	1.17134
24	150	0.604889
24	156	1.13833
24	164	0.627599
25	48	1.20175
25	96	1.10714
25	99	0.636055
25	109	1.15857
25	122	1.18927
25	130	1.16855
25	137	0.653364
25	140	1.17837
25	147	1.13556
25	148	1.12166
25	160	1.13912
25	166	0.708308
25	167	0.630321
26	8	1.18931
26	14	1.19184
26	56	1.15971
26	87	1.1313
26	94	1.1036
26	101	1.19365
26	127	1.14986
26	140	1.16178
26	147	1.11896
26	153	0.603236
26	163	0.711699
26	172	0.678064
26	175	0.634875
27	83	1.17723
27	84	1.1553
27	91	1.21527
27	95	1.13414
27	105	1.1865
27	108	1.16305
27	124	1.08434
27	141	1.12885
27	166	0.691217
27	170	0.637585
27	171	0.653378
27	174	0.645736
27	178	1.15532
28	115	0.660285
28	120	0.705883
28	128	0.611103
28	131	1.15401
28	132	1.15967
28	133	1.16063
28	152	1.15059
28	154	1.12986
28	157	1.17552
28	158	1.14322
28	161	1.16671
28	164	0.65002
28	178	1.1598
29	7	0.613496
29	81	0.639277
29	85	0.663569
29	168	1.15343
29	171	1.16075
29	172	1.144
29	174	1.15642
29	175	1.15968
29	176	1.14402
29	177	1.15825
29	178	0.662644
29	179	1.16221
29	180	1.16124
30	33	0.708308
30	37	0.697166
30	56	1.14666
30	67	1.10608
30	87	1.11824
30	94	1.09055
30	103	1.15533
30	130	1.1389
30	140	1.14873
30	142	1.08472
30	147	1.10591
30	169	1.10488
30	171	0.690208
30	172	0.732345
31	14	1.18103
31	45	1.06674
31	87	1.12048
31	94	1.09279
31	103	1.15756
31	106	0.726642
31	117	0.694673
31	123	1.09196
31	140	1.15097
31	145	1.1232
31	146	0.708017
31	147	1.10815
31	169	1.10712
31	170	0.698723
32	20	0.668393
32	23	0.677122
32	126	1.08809
32	132	1.12186
32	133	1.12281
32	135	1.16518
32	152	1.11278
32	154	1.09205
32	156	0.737988
32	157	1.13771
32	158	1.10541
32	161	1.1289
32	170	1.12521
32	171	0.730401
33	30	0.708308
33	45	0.762905
33	157	0.641944
33	167	1.14442
33	168	1.11726
33	171	1.12458
33	172	1.10782
33	173	1.10141
33	175	1.12351
33	176	1.10784
33	177	1.12207
33	178	0.665895
33	179	1.12603
33	180	1.12507
34	46	1.074
34	77	1.09756
34	105	1.16457
34	121	1.16307
34	124	1.0624
34	139	0.716702
34	140	0.667831
34	157	0.658622
34	162	0.728974
34	171	1.12995
34	176	1.11322
34	178	1.13338
34	179	1.13141
34	180	1.13044
35	6	0.694473
35	18	0.502786
35	63	0.539651
35	87	0.503751
35	158	0.538348
35	171	1.2514
35	172	1.23464
35	173	1.22824
35	174	1.24707
35	175	1.25033
35	176	1.23467
35	177	1.2489
35	179	1.25286
35	180	1.25189
36	23	0.66021
36	70	1.10218
36	71	1.20213
36	81	1.14675
36	85	1.13054
36	91	1.1676
36	95	1.08647
36	105	1.13883
36	124	1.03667
36	141	1.08118
36	168	0.707392
36	170	0.697696
36	172	0.755626
36	178	1.10765
37	3	0.608582
37	10	0.797953
37	30	0.697166
37	108	0.689299
37	122	1.16358
37	139	1.10811
37	148	1.09596
37	157	1.13539
37	161	1.12658
37	162	1.12455
37	174	1.1119
37	176	1.0995
37	179	1.11769
37	180	1.11673
38	74	1.29812
38	82	0.773629
38	93	1.20565
38	96	1.20635
38	114	0.572389
38	121	1.27425
38	151	0.499148
38	154	1.21463
38	155	1.23979
38	157	1.26029
38	161	1.25148
38	162	1.24945
38	165	0.515582
38	174	0.474168
39	75	1.08526
39	79	1.15329
39	110	1.14472
39	129	1.14784
39	142	1.09489
39	143	1.13501
39	155	1.12112
39	156	1.12257
39	159	1.06452
39	162	1.13077
39	163	0.748812
39	165	0.706812
39	176	0.706523
39	180	0.665576
40	79	1.14288
40	93	1.07656
40	110	1.13431
40	122	1.15939
40	143	1.1246
40	144	0.626692
40	145	1.12073
40	148	1.09177
40	155	1.11071
40	162	1.12036
40	167	0.6931
40	168	0.727152
40	170	1.1187
40	173	0.780799
41	11	1.01321
41	12	1.15969
41	48	1.16063
41	74	1.1578
41	96	1.06602
41	100	1.17352
41	106	1.11684
41	109	1.11744
41	121	1.13393
41	144	0.586671
41	156	1.10092
41	159	0.818643
41	176	0.72671
41	177	0.695971
42	69	0.595544
42	147	0.698621
42	154	0.776039
42	167	1.14412
42	171	1.12428
42	172	1.10752
42	173	1.10111
42	174	1.11994
42	175	1.12321
42	176	1.10754
42	177	1.12177
42	178	0.702791
42	179	1.12573
42	180	1.12477
43	80	0.617169
43	142	0.730692
43	154	0.749219
43	166	1.10945
43	168	1.12163
43	172	1.11219
43	173	1.10578
43	174	1.12461
43	175	1.12788
43	176	1.11221
43	177	1.12644
43	178	0.675971
43	179	1.1304
43	180	1.12943
44	64	1.12324
44	93	1.09181
44	102	0.754683
44	110	1.14955
44	125	0.666765
44	143	1.13984
44	148	1.10702
44	155	1.12595
44	159	1.06936
44	162	1.13561
44	164	1.12689
44	172	0.728172
44	174	0.678393
44	178	1.13073
45	1	1.02078
45	10	1.01582
45	31	1.06674
45	33	0.762905
45	56	1.12236
45	61	1.1012
45	101	1.15631
45	125	1.11553
45	130	1.11461
45	140	1.12443
45	147	1.08162
45	150	0.750427
45	165	0.778578
45	169	1.08059
45	170	0.729013
46	9	1.00708
46	12	1.13871
46	24	1.08227
46	34	1.074
46	74	1.13682
46	96	1.04504
46	100	1.15254
46	109	1.09646
46	112	1.08922
46	121	1.11295
46	125	0.774649
46	138	1.0649
46	144	0.687364
46	168	0.787823
46	170	0.778127
47	9	1.11845
47	12	1.25008
47	13	0.559754
47	24	1.19363
47	48	1.25101
47	74	1.24818
47	77	1.1588
47	96	1.1564
47	109	1.20783
47	121	1.22431
47	128	0.60402
47	146	0.608106
47	156	1.1913
47	169	0.657227
47	170	0.598812
48	8	0.56335
48	11	1.108
48	25	1.20175
48	41	1.16063
48	47	1.25101
48	53	0.544925
48	57	0.683765
48	74	1.25259
48	77	1.1632
48	96	1.16081
48	100	1.26831
48	112	1.20499
48	121	1.22871
48	169	0.633097
48	179	0.602845
49	92	1.17469
49	131	1.19774
49	133	1.20435
49	135	1.24672
49	139	1.19197
49	144	0.52024
49	146	0.620296
49	152	1.19432
49	154	1.17359
49	157	1.21924
49	158	1.18695
49	161	1.21043
49	175	0.625744
49	177	0.62954
49	179	0.639165
50	3	1.14494
50	18	1.10806
50	81	1.12423
50	85	1.10802
50	91	1.14508
50	95	1.06395
50	105	1.11631
50	108	1.09285
50	124	1.01414
50	141	1.05866
50	159	1.02375
50	170	0.744138
50	175	0.758879
50	179	0.7723
50	180	0.752467
51	63	1.19563
51	73	1.16923
51	111	1.21747
51	132	1.20714
51	152	1.19806
51	154	1.17733
51	156	0.579322
51	157	1.22299
51	158	1.19069
51	161	1.21418
51	163	0.647507
51	166	0.609574
51	169	0.614356
51	178	1.20727
51	179	0.584104
52	60	0.626929
52	61	1.21342
52	88	1.2029
52	123	1.17765
52	136	0.542669
52	143	1.21276
52	147	1.19383
52	152	1.19444
52	155	1.19887
52	158	1.18707
52	161	1.21055
52	162	1.20852
52	176	0.642391
52	179	0.621278
52	180	0.601444
53	48	0.544925
53	71	0.477892
53	94	0.661845
53	127	0.601887
53	158	0.685504
53	168	1.19968
53	171	1.207
53	172	1.19024
53	173	1.18383
53	174	1.20266
53	175	1.20593
53	176	1.19026
53	177	1.20449
53	179	1.20845
53	180	1.20748
54	78	0.694894
54	95	0.654705
54	121	0.637132
54	160	0.600417
54	166	1.15227
54	168	1.16445
54	171	1.17177
54	172	1.15501
54	173	1.1486
54	174	1.16743
54	175	1.1707
54	176	1.15503
54	177	1.16926
54	178	0.579238
54	179	1.17322
54	180	1.17226
55	3	1.22206
55	77	1.12642
55	109	1.17544
55	112	1.1682
55	121	1.19193
55	129	0.618032
55	139	0.660069
55	141	1.13577
55	154	0.699187
55	157	0.601989
55	161	0.586862
55	176	1.14207
55	177	1.1563
55	178	1.16224
55	179	1.16026
55	180	1.1593
56	26	1.15971
56	30	1.14666
56	45	1.12236
56	67	1.16394
56	94	1.14841
56	101	1.23847
56	106	0.646136
56	123	1.14759
56	130	1.19677
56	142	1.14258
56	147	1.16377
56	150	0.639632
56	164	1.16974
56	172	0.676148
56	179	0.64638
56	180	0.626546
57	15	0.882564
57	48	0.683765
57	81	0.717717
57	161	0.702006
57	165	1.09398
57	168	1.09028
57	171	1.0976
57	172	1.08084
57	173	1.07443
57	174	1.09326
57	175	1.09653
57	176	1.08086
57	177	1.09509
57	179	1.09905
57	180	1.09809
58	16	1.16573
58	60	0.634903
58	75	1.11586
58	78	1.17764
58	79	1.18388
58	110	1.17531
58	120	0.701076
58	129	1.17843
58	134	1.19315
58	143	1.1656
58	148	1.13278
58	153	0.584191
58	160	1.15025
58	162	1.16137
58	166	0.654721
58	169	0.659503
59	88	0.643202
59	110	0.610616
59	141	0.653566
59	162	0.652078
59	165	1.16671
59	168	1.163
59	171	1.17032
59	172	1.15357
59	173	1.14716
59	174	1.16599
59	175	1.16926
59	176	1.15359
59	177	1.16782
59	178	0.605677
59	179	1.17178
59	180	1.17081
60	3	0.619645
60	52	0.626929
60	58	0.634903
60	83	0.63876
60	167	1.18803
60	168	1.16087
60	171	1.16819
60	172	1.15143
60	173	1.14502
60	174	1.16386
60	175	1.16712
60	176	1.15146
60	177	1.16568
60	178	0.665816
60	179	1.16965
60	180	1.16868
61	45	1.1012
61	52	1.21342
61	87	1.15494
61	98	0.693138
61	101	1.2173
61	103	1.19202
61	123	1.12642
61	125	1.17652
61	128	0.638062
61	140	1.18542
61	147	1.14261
61	149	0.614139
61	156	0.656234
61	164	1.14858
61	169	1.14158
61	170	0.632854
62	19	0.703089
62	72	0.68757
62	90	1.19568
62	126	1.10367
62	132	1.13743
62	133	1.13839
62	139	1.126
62	142	1.10656
62	146	0.659644
62	152	1.12836
62	154	1.10762
62	157	1.15328
62	158	1.12098
62	161	1.14447
62	169	0.708765
62	177	0.668887
62	178	1.13756
63	35	0.539651
63	51	1.19563
63	80	1.16522
63	111	1.14121
63	126	1.09711
63	131	1.12522
63	136	0.666119
63	139	1.11945
63	145	0.711412
63	152	1.1218
63	154	1.10107
63	157	1.14672
63	158	1.11443
63	161	1.13791
63	170	1.13423
63	176	0.765841
63	179	0.744727
64	16	1.1444
64	44	1.12324
64	93	1.09624
64	113	1.13731
64	122	1.17907
64	129	1.1571
64	134	1.17182
64	146	0.666623
64	148	1.11145
64	150	0.678744
64	155	1.13038
64	159	1.07379
64	162	1.14004
64	166	0.710961
64	175	0.672071
64	176	0.706606
64	178	1.13516
65	67	1.04293
65	79	0.801831
65	85	1.07546
65	90	0.750042
65	108	1.0603
65	124	0.981588
65	127	1.07366
65	140	1.08558
65	141	1.0261
65	147	1.04276
65	154	0.924022
65	162	0.897175
65	172	1.03238
65	176	1.0324
65	177	1.04663
65	179	1.05059
65	180	1.04963
66	69	1.2301
66	75	1.08612
66	79	1.15415
66	93	1.08784
66	113	1.1289
66	120	0.91241
66	122	1.17067
66	143	1.13587
66	148	1.10305
66	149	0.793706
66	154	0.0181496
66	155	1.12198
66	162	1.13164
66	164	1.12292
66	173	0.875766
66	178	1.12676
66	180	0.82075
67	14	1.19607
67	30	1.10608
67	56	1.16394
67	65	1.04293
67	68	0.594833
67	103	1.17261
67	115	0.752249
67	123	1.10701
67	130	1.15619
67	138	1.11464
67	140	1.16601
67	147	1.12319
67	164	1.12916
67	167	0.673505
67	169	1.12216
67	170	0.69786
67	177	0.716397
68	67	0.594833
68	85	0.5299
68	123	0.597143
68	140	0.514233
68	155	0.553548
68	162	0.575376
68	165	1.23944
68	168	1.23573
68	171	1.24305
68	172	1.22629
68	173	1.21988
68	174	1.23871
68	175	1.24198
68	176	1.22632
68	177	1.24054
68	179	1.24451
68	180	1.24354
69	7	1.2895
69	15	1.15732
69	19	0.577494
69	42	0.595544
69	66	1.2301
69	75	1.20535
69	76	1.29905
69	93	1.20707
69	99	0.506134
69	137	0.523443
69	138	0.609136
69	143	1.2551
69	148	1.22228
69	155	1.24121
69	162	1.25087
69	163	0.61632
69	164	1.24215
70	3	1.19699
70	21	1.14798
70	36	1.10218
70	84	1.13715
70	85	1.16006
70	95	1.11599
70	105	1.16835
70	117	0.66323
70	124	1.06619
70	141	1.1107
70	160	1.13093
70	169	1.12633
70	171	0.683073
70	173	0.730624
70	175	0.682021
70	178	1.13717
70	180	0.675609
71	8	0.496318
71	21	1.24794
71	36	1.20213
71	53	0.477892
71	83	1.25903
71	91	1.29707
71	104	0.629881
71	105	1.2683
71	108	1.24485
71	119	0.743361
71	141	1.21065
71	159	1.17575
71	160	1.23088
71	169	1.22628
71	171	0.523443
71	176	0.556926
71	178	1.23712
72	62	0.68757
72	105	0.662292
72	113	0.681031
72	143	0.671984
72	163	1.11925
72	167	1.15901
72	168	1.13185
72	171	1.13917
72	172	1.12241
72	173	1.116
72	174	1.13483
72	175	1.1381
72	176	1.12243
72	177	1.13666
72	178	0.669222
72	179	1.14062
72	180	1.13966
73	51	1.16923
73	97	0.678985
73	111	1.11481
73	119	0.89547
73	126	1.07071
73	132	1.10447
73	133	1.10543
73	135	1.1478
73	137	0.658447
73	139	1.09304
73	151	0.692891
73	152	1.0954
73	154	1.07466
73	157	1.12032
73	158	1.08803
73	161	1.11151
73	176	0.709035
73	178	1.1046
74	11	1.10517
74	24	1.19521
74	38	1.29812
74	41	1.1578
74	46	1.13682
74	47	1.24818
74	48	1.25259
74	77	1.16037
74	86	1.19639
74	96	1.15798
74	99	0.562941
74	100	1.26548
74	121	1.22589
74	164	0.625686
74	165	0.631127
74	170	0.581562
74	176	0.630838
74	179	0.609724
75	15	1.01334
75	20	0.67381
75	39	1.08526
75	58	1.11586
75	66	1.08612
75	69	1.20535
75	76	1.15507
75	97	0.739251
75	129	1.12395
75	134	1.13867
75	148	1.0783
75	155	1.09723
75	160	1.09577
75	162	1.10689
75	164	1.09817
75	174	0.728176
75	177	0.738562
75	179	0.748188
76	15	1.10704
76	16	1.20495
76	69	1.29905
76	75	1.15507
76	82	0.841541
76	113	1.19785
76	117	0.529879
76	122	1.23962
76	134	1.23237
76	137	0.532617
76	143	1.20482
76	148	1.172
76	155	1.19093
76	162	1.20059
76	172	0.591859
76	173	0.597273
76	175	0.54867
76	178	1.19571
77	1	0.823015
77	9	1.03064
77	11	1.01579
77	24	1.10583
77	34	1.09756
77	47	1.1588
77	48	1.1632
77	55	1.12642
77	74	1.16037
77	96	1.0686
77	109	1.12002
77	112	1.11278
77	121	1.1365
77	156	1.1035
77	168	0.694142
77	170	0.684445
77	174	0.692596
77	176	0.733721
78	17	1.17784
78	54	0.694894
78	58	1.17764
78	79	1.19119
78	110	1.18262
78	113	1.16594
78	132	0.000754776
78	134	1.20046
78	142	1.1328
78	143	1.17291
78	148	1.14009
78	155	1.15902
78	162	1.16868
78	168	0.757355
78	169	0.806072
78	170	1.16702
78	171	0.763451
78	173	0.811002
78	178	1.16379
79	39	1.15329
79	40	1.14288
79	58	1.18388
79	65	0.801831
79	66	1.15415
79	78	1.19119
79	107	0.578382
79	116	0.670231
79	119	1.06939
79	122	1.21395
79	129	1.19198
79	134	1.2067
79	143	1.17915
79	155	1.16526
79	162	1.17492
79	170	1.17326
79	174	0.591209
79	177	0.601595
79	180	0.591387
80	43	0.617169
80	63	1.16522
80	102	0.657641
80	126	1.14296
80	131	1.17107
80	132	1.17672
80	139	1.1653
80	152	1.16765
80	154	1.14692
80	157	1.19257
80	158	1.16028
80	159	0.714409
80	160	1.17061
80	161	1.18376
80	168	0.582897
80	169	0.631615
80	170	1.18008
80	172	0.63113
80	178	1.17685
81	3	1.24156
81	20	1.19575
81	29	0.639277
81	36	1.14675
81	50	1.12423
81	57	0.717717
81	83	1.20366
81	84	1.18172
81	95	1.16057
81	105	1.21293
81	124	1.11076
81	141	1.15528
81	145	0.603482
81	159	1.12037
81	160	1.1755
81	169	1.17091
81	174	0.616786
81	175	0.623376
81	177	0.627172
82	38	0.773629
82	76	0.841541
82	124	1.0354
82	147	0.935444
82	163	1.01531
82	165	1.03161
82	166	1.01573
82	167	1.05507
82	168	1.02791
82	171	1.03522
82	172	1.01847
82	173	1.01206
82	174	1.03089
82	175	1.03416
82	176	1.01849
82	177	1.03272
82	179	1.03668
82	180	1.03571
83	3	1.22437
83	18	1.18749
83	27	1.17723
83	60	0.63876
83	71	1.25903
83	81	1.20366
83	84	1.16453
83	108	1.17228
83	118	0.635126
83	124	1.09357
83	141	1.13809
83	159	1.10318
83	160	1.15831
83	164	0.64907
83	167	0.580591
83	169	1.15372
83	172	0.662876
83	173	0.66829
83	178	1.16455
84	18	1.16556
84	21	1.15344
84	27	1.1553
84	70	1.13715
84	81	1.18172
84	83	1.16453
84	85	1.16551
84	86	1.14281
84	95	1.12144
84	108	1.15035
84	119	0.851007
84	124	1.07164
84	141	1.11615
84	153	0.598399
84	156	0.638676
84	164	0.659421
84	169	1.13178
84	170	0.615296
84	173	0.67864
84	178	1.14262
85	29	0.663569
85	36	1.13054
85	50	1.10802
85	65	1.07546
85	68	0.5299
85	70	1.16006
85	84	1.16551
85	91	1.22549
85	95	1.14435
85	104	0.755158
85	108	1.17326
85	116	0.720099
85	124	1.09455
85	141	1.13907
85	159	1.10416
85	160	1.15929
85	164	0.677051
85	169	1.1547
85	176	0.682203
85	178	1.16553
86	14	0.590192
86	74	1.19639
86	84	1.14281
86	100	1.21211
86	109	1.15604
86	112	1.1488
86	122	0.622496
86	124	1.07185
86	129	0.644057
86	132	0.752635
86	135	0.620958
86	141	1.11637
86	156	1.13951
86	158	0.735224
86	171	1.1394
86	173	1.11623
86	177	1.13689
86	178	1.14283
86	179	1.14086
86	180	1.13989
87	10	1.06957
87	14	1.20824
87	26	1.1313
87	30	1.11824
87	31	1.12048
87	35	0.503751
87	61	1.15494
87	94	1.12
87	118	0.710846
87	125	1.16927
87	130	1.16835
87	140	1.17818
87	145	1.15041
87	147	1.13536
87	150	0.70208
87	164	1.14133
87	169	1.13433
87	176	0.729941
87	177	0.699202
87	180	0.688994
88	7	1.18542
88	52	1.2029
88	59	0.643202
88	93	1.10298
88	110	1.16073
88	113	1.14405
88	134	1.17856
88	136	0.619081
88	142	1.1109
88	143	1.15102
88	148	1.1182
88	155	1.13713
88	159	1.08053
88	160	1.13566
88	162	1.14678
88	165	0.719092
88	170	1.14513
88	174	0.677678
88	179	0.697689
88	180	0.677855
89	92	1.11875
89	111	1.15779
89	126	1.11369
89	131	1.14179
89	132	1.14745
89	135	1.19078
89	139	1.13602
89	152	1.13838
89	154	1.11764
89	156	0.638366
89	157	1.1633
89	158	1.13101
89	159	0.756195
89	160	1.14134
89	161	1.15449
89	163	0.706551
89	168	0.624682
89	172	0.672916
89	178	1.14758
89	179	0.643148
90	5	1.25531
90	62	1.19568
90	65	0.750042
90	92	1.17193
90	126	1.16687
90	133	1.20159
90	135	1.24396
90	139	1.1892
90	150	0.552684
90	152	1.19156
90	154	1.17082
90	157	1.21648
90	158	1.18419
90	159	0.672478
90	161	1.20767
90	165	0.580834
90	167	0.506914
90	169	0.589684
90	170	1.20398
90	172	0.589199
90	178	1.20076
91	18	1.22553
91	19	0.606588
91	27	1.21527
91	36	1.1676
91	50	1.14508
91	71	1.29707
91	85	1.22549
91	95	1.18142
91	105	1.23378
91	108	1.21032
91	114	0.660221
91	124	1.13161
91	138	0.63823
91	141	1.17613
91	160	1.19635
91	164	0.597973
91	169	1.19176
91	170	0.553849
91	176	0.603125
91	178	1.20259
91	179	0.582011
92	49	1.17469
92	89	1.11875
92	90	1.17193
92	107	0.675884
92	111	1.12401
92	126	1.07991
92	131	1.10802
92	132	1.11368
92	135	1.157
92	139	1.10225
92	150	0.701975
92	152	1.1046
92	153	0.663662
92	154	1.08387
92	157	1.12953
92	158	1.09723
92	161	1.12072
92	163	0.772125
92	169	0.738975
92	178	1.11381
92	180	0.688889
93	13	0.647882
93	17	1.11777
93	38	1.20565
93	40	1.07656
93	44	1.09181
93	64	1.09624
93	66	1.08784
93	69	1.20707
93	88	1.10298
93	122	1.14763
93	129	1.12567
93	134	1.14038
93	143	1.11284
93	148	1.08002
93	155	1.09895
93	162	1.1086
93	166	0.740572
93	173	0.750284
93	174	0.695091
93	177	0.705477
93	180	0.695268
94	26	1.1036
94	30	1.09055
94	31	1.09279
94	53	0.661845
94	56	1.14841
94	87	1.12
94	101	1.18236
94	103	1.15708
94	123	1.09148
94	130	1.14066
94	138	1.09911
94	140	1.15048
94	142	1.08647
94	145	1.12272
94	147	1.10766
94	168	0.7013
94	169	1.10663
94	173	0.754947
94	175	0.706344
94	177	0.71014
94	180	0.699932
95	21	1.13228
95	27	1.13414
95	36	1.08647
95	50	1.06395
95	54	0.654705
95	70	1.11599
95	81	1.16057
95	84	1.12144
95	85	1.14435
95	91	1.18142
95	105	1.15264
95	108	1.12919
95	124	1.05048
95	141	1.095
95	153	0.690571
95	156	0.730849
95	169	1.11063
95	170	0.707469
95	174	0.71562
95	178	1.12146
95	179	0.735631
96	9	1.02825
96	12	1.15987
96	25	1.10714
96	38	1.20635
96	41	1.06602
96	46	1.04504
96	47	1.1564
96	48	1.16081
96	74	1.15798
96	77	1.0686
96	99	0.670199
96	100	1.1737
96	106	1.11701
96	109	1.11762
96	121	1.13411
96	156	1.1011
96	164	0.732944
96	168	0.698517
96	170	0.68882
96	171	0.704613
96	172	0.74675
97	9	0.824851
97	73	0.678985
97	75	0.739251
97	103	0.610119
97	122	0.621759
97	126	0.704141
97	150	1.13384
97	163	1.10575
97	165	1.12205
97	166	1.10617
97	167	1.14551
97	168	1.11835
97	171	1.12566
97	172	1.10891
97	173	1.1025
97	174	1.12133
97	175	1.1246
97	176	1.10893
97	177	1.12316
97	179	1.12712
97	180	1.12615
98	61	0.693138
98	134	0.648606
98	146	1.12898
98	154	0.765533
98	160	0.713464
98	161	0.653208
98	163	1.10609
98	165	1.1224
98	166	1.10651
98	167	1.14585
98	168	1.11869
98	171	1.12601
98	172	1.10925
98	173	1.10284
98	174	1.12167
98	175	1.12494
98	176	1.10928
98	177	1.1235
98	178	0.692286
98	179	1.12747
98	180	1.1265
99	25	0.636055
99	69	0.506134
99	74	0.562941
99	96	0.670199
99	101	0.573019
99	108	1.21815
99	113	0.62519
99	129	0.605474
99	154	1.18048
99	157	1.22614
99	158	1.19384
99	159	1.14905
99	160	1.20417
99	161	1.21733
99	169	1.19958
99	172	1.19023
99	176	1.19025
99	177	1.20448
99	178	1.21042
99	179	1.20844
99	180	1.20747
100	9	1.13575
100	11	1.12089
100	24	1.21093
100	41	1.17352
100	46	1.15254
100	48	1.26831
100	74	1.26548
100	86	1.21211
100	96	1.1737
100	109	1.22512
100	112	1.21788
100	121	1.24161
100	138	1.19356
100	145	0.567721
100	156	1.2086
100	159	0.714083
100	170	0.572874
100	171	0.588667
100	173	0.636218
100	175	0.587615
100	180	0.581203
101	20	1.22153
101	26	1.19365
101	45	1.15631
101	56	1.23847
101	61	1.2173
101	94	1.18236
101	99	0.573019
101	103	1.24713
101	106	0.619559
101	116	0.678813
101	117	0.58759
101	119	1.10688
101	123	1.18153
101	130	1.23071
101	138	1.18917
101	140	1.24054
101	144	0.500877
101	147	1.19772
101	165	0.641205
101	169	1.19669
101	176	0.640916
102	44	0.754683
102	80	0.657641
102	103	0.675334
102	130	0.695253
102	134	0.672763
102	153	1.15083
102	163	1.10453
102	165	1.12084
102	166	1.10495
102	167	1.14429
102	168	1.11713
102	171	1.12445
102	172	1.10769
102	173	1.10128
102	174	1.12011
102	175	1.12338
102	176	1.10772
102	177	1.12194
102	178	0.716443
102	179	1.1259
102	180	1.12494
103	10	1.10665
103	14	1.24532
103	30	1.15533
103	31	1.15756
103	61	1.19202
103	67	1.17261
103	94	1.15708
103	97	0.610119
103	101	1.24713
103	102	0.675334
103	118	0.621074
103	119	1.0816
103	123	1.15625
103	130	1.20543
103	138	1.16389
103	140	1.21526
103	147	1.17244
103	163	0.682458
103	168	0.60059
103	169	1.17141
103	170	0.590893
103	173	0.654237
104	24	0.705706
104	71	0.629881
104	85	0.755158
104	129	0.746326
104	130	0.733043
104	142	0.808954
104	150	1.11183
104	153	1.13004
104	163	1.08374
104	165	1.10005
104	166	1.08416
104	167	1.1235
104	168	1.09634
104	171	1.10366
104	172	1.0869
104	173	1.08049
104	174	1.09932
104	175	1.10259
104	176	1.08693
104	177	1.10115
104	179	1.10512
104	180	1.10415
105	21	1.18464
105	27	1.1865
105	34	1.16457
105	36	1.13883
105	50	1.11631
105	70	1.16835
105	71	1.2683
105	72	0.662292
105	81	1.21293
105	91	1.23378
105	95	1.15264
105	108	1.18155
105	124	1.10284
105	141	1.14736
105	144	0.53431
105	156	0.648453
105	160	1.16758
105	167	0.600717
105	173	0.688417
105	174	0.633224
105	176	0.674349
105	178	1.17382
106	12	1.21069
106	31	0.726642
106	41	1.11684
106	56	0.646136
106	96	1.11701
106	101	0.619559
106	109	1.16844
106	112	1.1612
106	134	0.616241
106	140	0.645178
106	143	0.662683
106	147	0.65575
106	152	1.14603
106	154	1.1253
106	157	1.17095
106	158	1.13866
106	161	1.16214
106	171	1.1518
106	173	1.12863
106	174	1.14747
106	177	1.14929
106	179	1.15326
106	180	1.15229
107	79	0.578382
107	92	0.675884
107	113	0.639135
107	132	0.727997
107	149	1.17383
107	150	1.16225
107	152	0.643123
107	162	0.673727
107	163	1.13416
107	165	1.15046
107	166	1.13458
107	167	1.17392
107	168	1.14676
107	171	1.15408
107	172	1.13732
107	173	1.13091
107	174	1.14974
107	175	1.15301
107	176	1.13734
107	177	1.15157
107	178	0.627326
107	179	1.15553
107	180	1.15456
108	21	1.16119
108	27	1.16305
108	37	0.689299
108	50	1.09285
108	65	1.0603
108	71	1.24485
108	83	1.17228
108	84	1.15035
108	85	1.17326
108	91	1.21032
108	95	1.12919
108	99	1.21815
108	105	1.18155
108	124	1.07939
108	141	1.1239
108	144	0.575785
108	159	1.089
108	164	0.710672
108	167	0.642193
108	170	0.666548
108	171	0.682341
108	178	1.15037
108	180	0.674877
109	11	1.06481
109	24	1.15485
109	25	1.15857
109	41	1.11744
109	46	1.09646
109	47	1.20783
109	55	1.17544
109	77	1.12002
109	86	1.15604
109	96	1.11762
109	100	1.22512
109	106	1.16844
109	112	1.16181
109	115	0.677257
109	121	1.18553
109	138	1.13749
109	149	0.604152
109	151	0.655999
109	156	1.15252
109	163	0.714433
109	166	0.676499
109	169	0.681282
109	171	0.63866
110	6	1.07349
110	15	1.0728
110	17	1.17551
110	39	1.14472
110	40	1.13431
110	44	1.14955
110	58	1.17531
110	59	0.610616
110	78	1.18262
110	88	1.16073
110	129	1.18341
110	134	1.19813
110	138	0.721322
110	142	1.13047
110	148	1.13776
110	151	0.670072
110	155	1.15669
110	156	1.15815
110	162	1.16635
110	171	0.652734
110	176	0.686217
110	177	0.655478
110	180	0.64527
111	22	1.16887
111	51	1.21747
111	63	1.14121
111	73	1.11481
111	89	1.15779
111	92	1.12401
111	131	1.14706
111	133	1.15367
111	139	1.14129
111	144	0.549493
111	152	1.14364
111	154	1.12291
111	156	0.663636
111	157	1.16857
111	158	1.13627
111	159	0.781465
111	160	1.1466
111	161	1.15976
111	164	0.68438
111	170	1.15607
111	171	0.656048
111	175	0.654997
111	177	0.658793
112	4	1.19964
112	9	1.07243
112	11	1.05757
112	12	1.20405
112	24	1.14761
112	46	1.08922
112	48	1.20499
112	55	1.1682
112	77	1.11278
112	86	1.1488
112	100	1.21788
112	106	1.1612
112	109	1.16181
112	121	1.17829
112	136	0.599606
112	138	1.13025
112	149	0.631336
112	156	1.14528
112	166	0.703684
112	169	0.708466
112	177	0.668589
112	179	0.678214
112	180	0.65838
113	7	1.1883
113	20	0.597596
113	64	1.13731
113	66	1.1289
113	72	0.681031
113	76	1.19785
113	78	1.16594
113	88	1.14405
113	99	0.62519
113	107	0.639135
113	118	0.673992
113	119	1.04414
113	122	1.1887
113	127	1.16588
113	134	1.18145
113	143	1.1539
113	148	1.12108
113	155	1.14001
113	162	1.14967
113	169	0.702226
113	170	1.14801
113	172	0.701741
113	178	1.14479
114	24	0.689847
114	38	0.572389
114	91	0.660221
114	124	0.834164
114	127	0.738017
114	146	1.11613
114	149	1.13291
114	151	1.12032
114	153	1.13954
114	155	0.762947
114	157	0.714424
114	163	1.09324
114	165	1.10955
114	166	1.09366
114	167	1.133
114	168	1.10584
114	171	1.11316
114	172	1.0964
114	173	1.08999
114	174	1.10882
114	175	1.11209
114	176	1.09642
114	177	1.11065
114	179	1.11461
114	180	1.11365
115	16	0.685683
115	28	0.660285
115	67	0.752249
115	109	0.677257
115	132	0.787062
115	149	1.13262
115	150	1.12104
115	151	1.12003
115	153	1.13925
115	158	0.769651
115	161	0.647314
115	163	1.09295
115	165	1.10926
115	166	1.09337
115	167	1.13271
115	168	1.10555
115	171	1.11287
115	172	1.09611
115	173	1.0897
115	174	1.10853
115	175	1.1118
115	176	1.09614
115	177	1.11036
115	179	1.11432
115	180	1.11336
116	79	0.670231
116	85	0.720099
116	101	0.678813
116	119	1.02244
116	135	0.688168
116	146	1.12263
116	148	0.760746
116	151	1.12682
116	152	0.734971
116	153	1.14604
116	163	1.09974
116	165	1.11604
116	166	1.10016
116	167	1.1395
116	168	1.11234
116	171	1.11966
116	172	1.1029
116	173	1.09649
116	174	1.11532
116	175	1.11859
116	176	1.10292
116	177	1.11715
116	178	0.719174
116	179	1.12111
116	180	1.12015
117	4	0.587078
117	18	0.67565
117	31	0.694673
117	70	0.66323
117	76	0.529879
117	101	0.58759
117	129	0.620045
117	146	1.18277
117	151	1.18696
117	153	1.20618
117	163	1.15988
117	165	1.17619
117	166	1.1603
117	167	1.19964
117	168	1.17248
117	171	1.1798
117	172	1.16304
117	173	1.15663
117	174	1.17546
117	175	1.17873
117	176	1.16307
117	177	1.17729
117	178	0.627952
117	179	1.18126
117	180	1.18029
118	5	0.604631
118	14	0.60041
118	83	0.635126
118	87	0.710846
118	103	0.621074
118	113	0.673992
118	142	0.716903
118	149	1.17707
118	150	1.16549
118	151	1.16448
118	153	1.1837
118	161	0.623105
118	163	1.1374
118	165	1.1537
118	166	1.13782
118	167	1.17716
118	168	1.15
118	171	1.15732
118	172	1.14056
118	173	1.13415
118	174	1.15298
118	175	1.15625
118	176	1.14058
118	177	1.15481
118	179	1.15877
118	180	1.1578
119	71	0.743361
119	73	0.89547
119	79	1.06939
119	84	0.851007
119	101	1.10688
119	103	1.0816
119	113	1.04414
119	116	1.02244
119	123	1.016
119	126	0.920626
119	129	1.06394
119	147	1.03219
119	148	1.01829
119	154	0.940961
119	156	1.03867
119	161	0.828635
119	162	1.04687
119	163	1.01864
119	164	1.03816
119	169	1.03116
119	172	1.0218
119	173	1.01539
119	175	1.03749
119	176	1.02183
119	177	1.03605
119	180	1.03905
120	28	0.705883
120	58	0.701076
120	66	0.91241
120	138	1.06726
120	146	1.08515
120	148	0.773561
120	149	1.10193
120	150	1.09035
120	151	1.08934
120	152	0.747787
120	153	1.10856
120	160	0.753168
120	162	0.778391
120	163	1.06226
120	165	1.07857
120	166	1.06268
120	167	1.10202
120	168	1.07486
120	171	1.08218
120	172	1.06542
120	173	1.05901
120	174	1.07784
120	175	1.08111
120	176	1.06545
120	177	1.07967
120	179	1.08364
120	180	1.08267
121	1	0.828466
121	4	1.22336
121	9	1.09615
121	11	1.0813
121	12	1.22778
121	24	1.17134
121	34	1.16307
121	38	1.27425
121	41	1.13393
121	46	1.11295
121	47	1.22431
121	48	1.22871
121	54	0.637132
121	55	1.19193
121	74	1.22589
121	77	1.1365
121	96	1.13411
121	100	1.24161
121	109	1.18553
121	112	1.17829
121	133	0.000372071
121	145	0.684743
121	156	1.16901
121	165	0.739461
121	167	0.66554
121	170	0.689896
121	175	0.704637
121	180	0.698224
122	6	1.09858
122	25	1.18927
122	37	1.16358
122	40	1.15939
122	64	1.17907
122	66	1.17067
122	76	1.23962
122	79	1.21395
122	86	0.622496
122	93	1.14763
122	97	0.621759
122	113	1.1887
122	125	0.599057
122	129	1.20849
122	134	1.22321
122	148	1.16284
122	151	0.635665
122	155	1.18178
122	159	1.12518
122	160	1.18031
122	162	1.19143
122	165	0.652099
122	169	0.660948
122	170	1.18977
122	171	0.618326
122	175	0.617275
122	177	0.621071
122	178	1.18655
123	10	1.04105
123	14	1.17972
123	20	1.13065
123	31	1.09196
123	52	1.17765
123	56	1.14759
123	61	1.12642
123	67	1.10701
123	68	0.597143
123	94	1.09148
123	101	1.18153
123	103	1.15625
123	119	1.016
123	127	1.13773
123	130	1.13983
123	136	0.649724
123	138	1.09829
123	140	1.14966
123	142	1.08565
123	145	1.12189
123	147	1.10684
123	149	0.681454
123	159	0.841379
123	164	1.11281
123	166	0.753802
123	168	0.709867
123	170	0.70017
123	175	0.714911
124	18	1.0946
124	27	1.08434
124	34	1.0624
124	36	1.03667
124	50	1.01414
124	65	0.981588
124	70	1.06619
124	81	1.11076
124	82	1.0354
124	83	1.09357
124	84	1.07164
124	85	1.09455
124	86	1.07185
124	91	1.13161
124	95	1.05048
124	105	1.10284
124	108	1.07939
124	114	0.834164
124	128	0.732999
124	141	1.04519
124	156	0.751171
124	159	1.01029
124	160	1.06542
124	164	0.771916
124	166	0.781423
124	169	1.06082
124	170	0.727791
124	178	1.07166
125	4	0.587651
125	7	0.579376
125	16	0.627817
125	44	0.666765
125	45	1.11553
125	46	0.774649
125	61	1.17652
125	87	1.16927
125	122	0.599057
125	129	0.620618
125	130	1.18993
125	139	1.15519
125	140	1.19975
125	147	1.15694
125	148	0.670097
125	152	1.15754
125	154	1.13681
125	155	0.653097
125	157	1.18246
125	158	1.15017
125	161	1.17365
125	166	1.14381
125	169	1.15591
125	173	1.14014
125	174	1.15898
125	175	1.16224
125	176	1.14658
125	179	1.16477
125	180	1.1638
126	2	1.03532
126	32	1.08809
126	62	1.10367
126	63	1.09711
126	73	1.07071
126	80	1.14296
126	89	1.11369
126	90	1.16687
126	92	1.07991
126	97	0.704141
126	119	0.920626
126	131	1.10296
126	132	1.10862
126	133	1.10958
126	135	1.15194
126	139	1.09719
126	145	0.679762
126	149	0.666199
126	152	1.09954
126	154	1.07881
126	157	1.12447
126	158	1.09217
126	161	1.11566
126	164	0.729039
126	166	0.738547
126	170	1.11197
126	175	0.699656
126	177	0.703452
126	178	1.10875
127	13	0.592587
127	26	1.14986
127	53	0.601887
127	65	1.07366
127	113	1.16588
127	114	0.738017
127	123	1.13773
127	128	0.636853
127	130	1.18691
127	134	1.20039
127	135	1.20692
127	137	0.630333
127	140	1.19674
127	147	1.15392
127	148	1.14002
127	152	1.15452
127	154	1.13379
127	155	1.15895
127	157	1.17945
127	158	1.14715
127	161	1.17064
127	164	1.15989
127	169	1.15289
127	170	1.16695
127	171	0.647438
127	173	0.694989
127	174	0.639796
127	178	1.16373
127	179	0.659807
128	28	0.611103
128	47	0.60402
128	61	0.638062
128	124	0.732999
128	127	0.636853
128	135	0.606203
128	139	0.671339
128	144	1.25388
128	146	1.15954
128	149	1.17632
128	150	1.16474
128	151	1.16373
128	153	1.18295
128	157	0.613259
128	160	0.658388
128	163	1.13665
128	165	1.15296
128	166	1.13707
128	167	1.17641
128	168	1.14925
128	171	1.15657
128	172	1.13981
128	173	1.1334
128	174	1.15223
128	175	1.1555
128	176	1.13983
128	177	1.15406
128	179	1.15802
128	180	1.15706
129	7	1.2081
129	16	1.17383
129	39	1.14784
129	55	0.618032
129	58	1.17843
129	64	1.1571
129	75	1.12395
129	79	1.19198
129	86	0.644057
129	93	1.12567
129	99	0.605474
129	104	0.746326
129	110	1.18341
129	117	0.620045
129	119	1.06394
129	122	1.20849
129	125	0.620618
129	134	1.20125
129	143	1.1737
129	145	1.16983
129	148	1.14088
129	155	1.15981
129	159	1.10322
129	160	1.15834
129	162	1.16947
129	164	1.16075
129	171	0.639888
129	173	0.687439
129	175	0.638836
130	1	1.09519
130	10	1.09023
130	13	0.571754
130	25	1.16855
130	30	1.1389
130	45	1.11461
130	56	1.19677
130	67	1.15619
130	87	1.16835
130	94	1.14066
130	101	1.23071
130	102	0.695253
130	103	1.20543
130	104	0.733043
130	123	1.13983
130	125	1.18993
130	127	1.18691
130	140	1.19884
130	142	1.13483
130	144	0.520049
130	145	1.17107
130	147	1.15602
130	159	0.752021
130	163	0.702377
130	164	1.16199
130	165	0.660377
130	167	0.586457
130	168	0.620509
130	169	1.15499
131	5	1.1914
131	22	1.15288
131	28	1.15401
131	49	1.19774
131	63	1.12522
131	80	1.17107
131	89	1.14179
131	92	1.10802
131	111	1.14706
131	126	1.10296
131	132	1.13672
131	133	1.13768
131	135	1.18005
131	139	1.1253
131	144	0.561756
131	150	0.673934
131	152	1.12765
131	154	1.10692
131	156	0.675899
131	157	1.15257
131	158	1.12028
131	159	0.793729
131	161	1.14376
131	167	0.628164
131	170	1.14008
131	172	0.71045
131	175	0.667261
131	177	0.671056
131	178	1.13685
131	179	0.680682
132	22	1.15853
132	28	1.15967
132	32	1.12186
132	51	1.20714
132	62	1.13743
132	73	1.10447
132	78	0.000754776
132	80	1.17672
132	86	0.752635
132	89	1.14745
132	92	1.11368
132	107	0.727997
132	115	0.787062
132	126	1.10862
132	131	1.13672
132	133	1.14334
132	135	1.18571
132	139	1.13095
132	145	0.72752
132	151	0.765804
132	152	1.13331
132	154	1.11257
132	156	0.756052
132	157	1.15823
132	158	1.12594
132	161	1.14942
132	165	0.782238
132	170	1.14573
132	178	1.14251
132	180	0.741001
133	2	1.07005
133	22	1.15949
133	28	1.16063
133	32	1.12281
133	49	1.20435
133	62	1.13839
133	73	1.10543
133	90	1.20159
133	111	1.15367
133	121	0.000372071
133	126	1.10958
133	131	1.13768
133	132	1.14334
133	135	1.18666
133	139	1.13191
133	146	0.760891
133	151	0.784728
133	152	1.13426
133	153	0.734699
133	154	1.11353
133	157	1.15919
133	158	1.12689
133	161	1.15038
133	167	0.727241
133	168	0.761294
133	170	1.14669
133	171	0.767389
133	174	0.759748
133	175	0.766338
133	178	1.14347
134	6	1.09133
134	16	1.18854
134	58	1.19315
134	64	1.17182
134	75	1.13867
134	76	1.23237
134	78	1.20046
134	79	1.2067
134	88	1.17856
134	93	1.14038
134	98	0.648606
134	102	0.672763
134	106	0.616241
134	110	1.19813
134	113	1.18145
134	122	1.22321
134	127	1.20039
134	129	1.20125
134	137	0.58701
134	145	1.18455
134	148	1.1556
134	149	0.569607
134	151	0.621454
134	155	1.17453
134	162	1.18418
134	164	1.17546
134	165	0.637887
134	172	0.646253
134	173	0.651666
134	178	1.1793
134	180	0.596651
135	2	1.11241
135	32	1.16518
135	49	1.24672
135	73	1.1478
135	86	0.620958
135	89	1.19078
135	90	1.24396
135	92	1.157
135	116	0.688168
135	126	1.15194
135	127	1.20692
135	128	0.606203
135	131	1.18005
135	132	1.18571
135	133	1.18666
135	139	1.17428
135	152	1.17663
135	153	0.584098
135	154	1.1559
135	157	1.20156
135	158	1.16926
135	160	1.17959
135	161	1.19275
135	167	0.57664
135	169	0.65941
135	170	1.18906
135	172	0.658926
135	175	0.615737
135	178	1.18584
135	179	0.629158
135	180	0.609324
136	52	0.542669
136	63	0.666119
136	88	0.619081
136	112	0.599606
136	123	0.649724
136	137	1.21578
136	144	1.27309
136	146	1.17875
136	149	1.19553
136	150	1.18395
136	151	1.18294
136	152	0.597353
136	153	1.20216
136	154	0.654804
136	155	0.606129
136	160	0.602734
136	162	0.627957
136	163	1.15586
136	165	1.17217
136	166	1.15628
136	167	1.19562
136	168	1.16846
136	171	1.17578
136	172	1.15902
136	173	1.15261
136	174	1.17144
136	175	1.17471
136	176	1.15905
136	177	1.17327
136	179	1.17723
136	180	1.17627
137	5	0.573138
137	18	0.678388
137	25	0.653364
137	69	0.523443
137	73	0.658447
137	76	0.532617
137	127	0.630333
137	134	0.58701
137	136	1.21578
137	144	1.27309
137	146	1.17875
137	148	0.672262
137	149	1.19553
137	150	1.18395
137	151	1.18294
137	153	1.20216
137	162	0.677091
137	163	1.15586
137	165	1.17217
137	166	1.15628
137	167	1.19562
137	168	1.16846
137	171	1.17578
137	172	1.15902
137	173	1.15261
137	174	1.17144
137	175	1.17471
137	176	1.15905
137	177	1.17327
137	179	1.17723
137	180	1.17627
138	9	1.04811
138	11	1.03326
138	46	1.0649
138	67	1.11464
138	69	0.609136
138	91	0.63823
138	94	1.09911
138	100	1.19356
138	101	1.18917
138	103	1.16389
138	109	1.13749
138	110	0.721322
138	112	1.13025
138	120	1.06726
138	123	1.09829
138	147	1.11448
138	155	0.740956
138	156	1.12096
138	157	0.692433
138	158	0.799643
138	161	0.677305
138	162	0.762784
138	164	1.12045
138	172	1.10409
138	173	1.09768
138	174	1.11651
138	175	1.11978
138	176	1.10412
138	177	1.11834
138	178	0.716383
138	179	1.12231
138	180	1.12134
139	34	0.716702
139	37	1.10811
139	49	1.19197
139	55	0.660069
139	62	1.126
139	63	1.11945
139	73	1.09304
139	80	1.1653
139	89	1.13602
139	90	1.1892
139	92	1.10225
139	111	1.14129
139	125	1.15519
139	126	1.09719
139	128	0.671339
139	131	1.1253
139	132	1.13095
139	133	1.13191
139	135	1.17428
139	145	0.660979
139	152	1.12188
139	153	0.649234
139	154	1.10115
139	157	1.1468
139	158	1.11451
139	160	1.12484
139	161	1.13799
139	164	0.710256
139	165	0.715697
139	170	1.13431
139	174	0.674283
139	176	0.715408
139	178	1.13108
139	180	0.67446
140	1	1.10501
140	8	1.23619
140	10	1.10005
140	25	1.17837
140	26	1.16178
140	30	1.14873
140	31	1.15097
140	34	0.667831
