1	2	0.874944
1	15	0.879806
1	104	0.914731
1	116	0.921241
1	143	1.03212
1	170	1.06666
1	175	1.0696
1	176	1.06168
1	177	1.04205
1	178	1.03871
1	179	1.04928
1	180	1.04021
2	1	0.874944
2	19	1.18517
2	111	1.15563
2	123	1.18911
2	126	1.228
2	128	1.19647
2	129	1.19647
2	142	0.694551
2	147	0.697488
2	171	1.24919
2	178	0.664524
2	180	0.669842
3	134	0.891371
3	141	0.909213
3	144	1.01887
3	159	0.915621
3	165	1.06504
3	166	1.06449
3	167	1.04573
3	172	0.890325
3	174	1.04835
3	175	1.06915
3	179	1.04883
3	180	1.03976
4	25	0.982205
4	40	1.07692
4	55	1.0979
4	58	1.08502
4	61	0.828906
4	77	1.05829
4	80	1.00958
4	100	1.04241
4	102	1.04745
4	153	0.931199
4	158	0.930795
4	165	0.913443
5	133	0.759535
5	134	0.702692
5	137	0.712724
5	138	1.20248
5	145	1.20273
5	150	1.21801
5	161	1.18295
5	174	1.20069
5	176	0.716164
5	177	0.716913
5	179	1.20116
5	180	1.1921
6	88	0.770001
6	105	0.729374
6	137	0.71036
6	151	1.17013
6	152	1.18322
6	165	1.21426
6	170	0.684579
6	171	1.22706
6	175	1.21837
6	176	0.7138
6	179	1.19804
6	180	1.18897
7	42	0.737131
7	84	1.18538
7	97	1.2717
7	113	1.17301
7	115	1.16601
7	120	1.17623
7	125	1.19441
7	130	1.2333
7	132	0.713396
7	134	0.69871
7	147	0.751112
7	165	0.707103
8	50	0.72207
8	95	1.18374
8	113	1.17921
8	119	1.18487
8	120	1.18243
8	124	1.22969
8	125	1.20061
8	130	1.2395
8	134	0.715464
8	148	0.714822
8	153	0.741614
8	154	0.714168
9	21	1.15067
9	25	1.18798
9	36	0.803082
9	69	1.09061
9	77	1.26407
9	89	1.20516
9	100	1.24819
9	102	1.25323
9	139	0.681583
9	175	0.688589
9	179	0.709453
9	180	0.713272
10	30	0.701901
10	106	0.659936
10	124	0.612282
10	128	1.2674
10	129	1.2674
10	149	1.28085
10	171	1.32012
10	177	1.28388
10	178	1.28054
10	179	0.65757
10	180	0.661389
11	97	0.6774
11	102	0.690702
11	135	0.743211
11	160	1.20431
11	161	0.75806
11	162	1.20156
11	169	1.19564
11	173	1.18409
11	175	0.723023
11	176	1.21905
11	177	1.19942
11	178	1.19608
12	67	0.698583
12	95	1.19011
12	107	0.726938
12	108	0.764568
12	118	0.707344
12	119	1.19124
12	120	1.1888
12	154	1.21928
12	156	1.21073
12	171	0.695495
12	177	1.20166
12	178	1.19832
13	38	0.677722
13	140	0.723073
13	159	0.738223
13	160	0.730524
13	161	1.18457
13	162	0.739823
13	164	1.1941
13	167	1.19969
13	174	1.2023
13	175	1.22311
13	179	1.20278
13	180	1.19371
14	40	0.715007
14	57	0.675821
14	61	0.67489
14	111	1.14978
14	121	0.767149
14	123	1.18325
14	126	1.22214
14	128	1.19062
14	129	1.19062
14	137	1.22035
14	171	1.24334
14	178	0.770473
15	1	0.879806
15	21	1.1279
15	22	1.16028
15	55	1.28091
15	80	1.19259
15	89	1.18239
15	100	1.22541
15	102	1.23046
15	149	0.686085
15	151	0.696697
15	174	0.678073
15	177	0.664168
16	96	0.893939
16	125	0.875999
16	133	1.02392
16	146	0.909549
16	156	1.05293
16	162	1.04599
16	170	1.06846
16	172	1.06102
16	176	1.06348
16	177	1.04385
16	178	1.04051
16	180	0.914709
17	83	0.720678
17	99	0.75152
17	115	0.732288
17	119	0.700202
17	125	0.686297
17	156	1.21019
17	158	1.1771
17	164	1.19966
17	174	1.20787
17	178	1.19778
17	179	1.20834
17	180	1.19928
18	67	1.19058
18	81	0.711469
18	83	1.17288
18	116	1.2065
18	118	1.18229
18	127	1.23377
18	128	0.734127
18	131	1.23382
18	134	1.18029
18	160	0.722368
18	166	0.726433
18	175	0.705891
19	2	1.18517
19	43	1.15289
19	96	0.767526
19	123	1.10188
19	126	1.14077
19	128	1.10924
19	129	1.10924
19	137	1.13897
19	161	0.798649
19	162	0.789388
19	167	0.793951
19	170	0.74779
19	171	1.16196
20	32	0.798586
20	146	1.1229
20	158	0.781495
20	160	0.772301
20	161	1.12482
20	164	1.13435
20	166	1.15869
20	167	1.13994
20	173	0.777837
20	174	1.14255
20	178	0.775189
20	179	1.14303
20	180	1.13396
21	9	1.15067
21	15	1.1279
21	22	1.07536
21	55	1.19599
21	59	0.823932
21	77	1.15637
21	80	1.10766
21	100	1.14049
21	102	1.14554
21	162	0.784538
21	166	0.779304
21	170	0.74294
21	176	0.77216
22	15	1.16028
22	21	1.07536
22	55	1.22837
22	66	0.752032
22	69	1.0153
22	80	1.14004
22	89	1.12985
22	100	1.17287
22	102	1.17792
22	117	0.816297
22	139	0.751619
22	151	0.805301
22	179	0.779489
23	55	1.38073
23	58	1.36784
23	69	1.16766
23	80	1.2924
23	89	1.2822
23	92	1.28382
23	100	1.32523
23	152	0.671034
23	166	0.649005
23	167	0.658803
23	168	0.63542
23	172	0.627343
23	174	0.656515
24	119	0.774123
24	125	0.760218
24	129	0.800642
24	154	0.772875
24	155	1.13516
24	163	1.11582
24	164	1.1299
24	166	1.15424
24	169	0.792236
24	174	1.1381
24	175	1.15891
24	179	1.13858
24	180	1.12951
25	4	0.982205
25	9	1.18798
25	58	1.22041
25	69	1.02023
25	77	1.19369
25	89	1.13477
25	100	1.1778
25	102	1.18285
25	120	0.758633
25	121	0.776634
25	151	0.807269
25	164	0.78508
25	176	0.77399
26	29	0.67417
26	41	0.57231
26	76	0.705375
26	107	0.636222
26	113	0.658109
26	162	1.30088
26	168	1.30339
26	169	1.29496
26	170	1.32335
26	173	1.28341
26	174	0.642926
26	177	1.29874
26	178	1.2954
27	144	1.10732
27	150	1.15412
27	153	0.79129
27	156	0.765349
27	164	1.12859
27	166	1.15294
27	167	1.13418
27	173	0.787227
27	175	1.1576
27	177	0.779362
27	178	0.78458
27	179	1.13727
27	180	1.12821
28	105	0.656229
28	128	0.655494
28	129	0.653654
28	150	1.31879
28	161	1.28372
28	162	0.653033
28	163	1.27918
28	174	1.30146
28	175	1.32226
28	176	0.640655
28	178	0.646623
28	179	1.30194
28	180	1.29287
29	26	0.67417
29	110	0.833168
29	138	1.14229
29	143	1.12382
29	152	1.12615
29	166	1.15664
29	167	1.13788
29	174	1.1405
29	176	0.797501
29	177	0.798251
29	178	0.803468
29	179	1.14097
29	180	1.13191
30	10	0.701901
30	46	0.777856
30	142	1.11394
30	145	1.14097
30	157	0.804615
30	159	0.814177
30	160	0.806479
30	163	1.11664
30	164	1.13072
30	171	1.16842
30	175	1.15973
30	179	1.1394
30	180	1.13033
31	53	0.663036
31	63	0.581561
31	93	1.22486
31	112	0.664245
31	115	1.28319
31	119	1.29585
31	120	1.2934
31	124	1.34067
31	125	1.31158
31	130	1.35047
31	147	0.679558
31	152	0.669799
31	176	0.640627
32	20	0.798586
32	68	1.16825
32	113	1.11396
32	115	1.10697
32	119	1.11962
32	120	1.11718
32	124	1.16444
32	125	1.13536
32	130	1.17425
32	141	0.785337
32	154	0.766199
32	163	0.801559
32	170	0.751746
33	42	0.717241
33	93	1.15109
33	113	1.21641
33	115	1.20942
33	119	1.22208
33	120	1.21963
33	124	1.26689
33	125	1.23781
33	130	1.2767
33	155	0.708612
33	165	0.687213
33	169	0.696885
33	177	0.693041
33	180	0.703577
34	59	0.726974
34	95	0.699025
34	132	0.676417
34	136	1.2258
34	143	0.719241
34	169	1.21557
34	170	1.24395
34	172	1.23651
34	173	1.20401
34	174	0.689856
34	176	1.23897
34	177	1.21935
34	178	1.21601
34	179	0.682668
35	37	1.143
35	49	0.861734
35	74	1.05772
35	79	1.07263
35	90	0.821455
35	99	1.03623
35	114	1.06654
35	118	1.07993
35	126	0.830018
35	127	1.13141
35	131	1.13146
35	135	1.08081
35	144	0.870709
35	170	0.819618
36	9	0.803082
36	43	1.11262
36	73	1.20582
36	76	1.03181
36	111	1.02813
36	123	1.06161
36	126	1.1005
36	128	1.06898
36	129	1.06898
36	139	0.832293
36	148	0.838583
36	151	0.885975
36	165	0.847618
36	171	1.1217
37	35	1.143
37	49	0.699111
37	59	1.16634
37	79	1.22339
37	114	1.21729
37	116	1.25489
37	118	1.23069
37	127	1.28216
37	131	1.28221
37	149	0.708882
37	151	0.719494
37	160	0.689294
37	163	0.706807
37	177	0.686965
38	13	0.677722
38	85	0.710472
38	115	0.720446
38	150	0.686201
38	160	1.22385
38	166	0.709023
38	168	1.2236
38	169	1.21518
38	170	1.24357
38	172	1.23612
38	173	1.20363
38	175	0.688481
38	176	1.23858
38	178	1.21562
39	66	0.68415
39	92	1.22747
39	105	0.719715
39	142	1.20839
39	155	1.23043
39	157	0.705356
39	160	0.70722
39	163	1.2111
39	167	1.23076
39	172	0.689623
39	174	1.23338
39	177	0.704891
39	179	1.23385
39	180	1.22479
40	4	1.07692
40	14	0.715007
40	72	0.620698
40	77	1.2884
40	89	1.22949
40	102	1.27756
40	103	0.766048
40	144	1.20753
40	148	0.68799
40	150	1.25434
40	162	0.714482
40	176	0.702104
40	179	1.23749
40	180	1.22842
41	26	0.57231
41	62	0.742653
41	103	0.759586
41	111	0.765831
41	155	1.21549
41	166	1.23458
41	167	1.21582
41	169	0.700234
41	170	0.66642
41	171	1.24793
41	174	1.21844
41	175	1.23924
41	179	1.21891
41	180	1.20984
42	7	0.737131
42	33	0.717241
42	79	0.775896
42	99	0.81435
42	104	0.723293
42	105	1.16995
42	130	0.726092
42	161	1.14906
42	164	1.15859
42	165	1.18349
42	172	1.17721
42	176	1.17967
42	178	1.15671
42	179	1.16727
42	180	1.15821
43	19	1.15289
43	36	1.11262
43	45	0.74352
43	91	0.82103
43	98	0.696034
43	107	0.741684
43	109	0.756168
43	111	1.12334
43	123	1.15682
43	126	1.19571
43	128	1.16419
43	129	1.16418
43	132	1.21338
43	166	0.740877
43	171	1.21691
44	46	1.18347
44	64	1.2075
44	70	1.19807
44	111	1.10498
44	122	0.740548
44	123	1.13846
44	126	1.17735
44	128	1.14582
44	129	1.14582
44	149	0.763006
44	164	0.751429
44	167	0.75728
44	171	1.19854
44	176	0.740339
44	179	0.747805
45	43	0.74352
45	91	1.1001
45	101	0.731349
45	104	0.708131
45	110	0.797056
45	145	1.1775
45	155	1.17252
45	164	1.16726
45	166	1.1916
45	167	1.17285
45	168	0.754948
45	173	0.770004
45	174	1.17546
45	179	1.17594
45	180	1.16687
46	30	0.777856
46	44	1.18347
46	70	1.21044
46	76	1.12102
46	94	0.747851
46	111	1.11735
46	123	1.15083
46	126	1.18972
46	128	1.15819
46	129	1.15819
46	139	0.705655
46	142	0.762053
46	147	0.76499
46	171	1.21092
46	174	0.740713
47	49	0.74952
47	64	1.20622
47	70	1.19679
47	103	0.800569
47	111	1.1037
47	123	1.13718
47	126	1.17606
47	128	1.14454
47	129	1.14454
47	132	1.19373
47	139	0.71622
47	151	0.769902
47	169	0.741217
47	171	1.19726
47	176	0.736624
48	82	0.743634
48	94	1.15634
48	105	0.765852
48	150	1.18659
48	152	1.15492
48	161	1.15153
48	164	1.16106
48	169	0.754872
48	172	0.73576
48	173	0.758893
48	174	1.16927
48	175	1.19007
48	177	0.751028
48	179	1.16974
48	180	1.16067
49	35	0.861734
49	37	0.699111
49	47	0.74952
49	116	0.717749
49	120	0.749142
49	127	0.716407
49	146	1.14879
49	150	1.18577
49	173	1.14637
49	175	1.18925
49	176	1.18132
49	177	1.1617
49	178	1.15836
49	179	1.16892
49	180	1.15985
50	8	0.72207
50	123	0.75988
50	132	0.745951
50	148	1.18476
50	154	1.17981
50	159	1.14817
50	169	1.1584
50	172	1.17935
50	173	1.14685
50	174	0.759391
50	176	1.18181
50	177	1.16218
50	178	1.15885
50	179	0.752203
50	180	0.756022
51	64	0.733979
51	131	0.710422
51	144	0.77885
51	156	1.17257
51	158	1.13948
51	164	0.76807
51	168	1.16815
51	169	1.15972
51	170	1.18811
51	171	0.733487
51	172	1.18067
51	173	1.14817
51	176	1.18312
51	178	1.16016
51	180	0.768265
52	90	0.729581
52	106	1.1779
52	108	1.14812
52	112	1.15763
52	134	0.743492
52	153	0.769642
52	160	0.760043
52	161	1.15665
52	163	1.15211
52	167	1.17177
52	168	0.750522
52	175	1.1952
52	176	0.756964
52	179	1.17487
52	180	1.1658
53	31	0.663036
53	137	0.770572
53	139	1.1783
53	145	1.16794
53	151	1.13847
53	162	0.78639
53	163	1.14362
53	168	0.76757
53	170	0.744791
53	171	1.19539
53	174	1.1659
53	175	1.1867
53	177	0.774761
53	179	1.16638
53	180	1.15731
54	75	1.21376
54	82	0.739854
54	112	1.15282
54	113	0.776335
54	136	0.739573
54	142	1.1446
54	152	1.15524
54	157	0.747713
54	159	0.757276
54	163	1.14731
54	166	1.18573
54	174	1.16959
54	176	0.746498
54	179	1.17006
54	180	1.161
55	4	1.0979
55	15	1.28091
55	21	1.19599
55	22	1.22837
55	23	1.38073
55	58	1.33611
55	69	1.13593
55	89	1.25047
55	100	1.2935
55	122	0.683175
55	138	0.695281
55	139	0.662561
55	145	0.677022
55	155	0.699285
55	161	0.704604
55	165	0.677887
56	81	0.80365
56	117	1.09075
56	130	0.761011
56	142	1.10095
56	143	1.10926
56	148	0.797357
56	155	1.123
56	164	1.11773
56	166	1.14208
56	169	0.816064
56	174	1.12594
56	175	1.14674
56	177	0.81222
56	178	0.817438
56	179	1.12642
56	180	1.11735
57	14	0.675821
57	75	0.632885
57	76	0.740021
57	133	1.22845
57	143	0.706957
57	158	1.22437
57	159	1.23438
57	160	1.25328
57	161	0.684557
57	167	0.679859
57	169	1.24461
57	172	1.26555
57	173	1.23306
57	176	1.26801
57	177	1.24839
57	179	0.670385
58	4	1.08502
58	23	1.36784
58	25	1.22041
58	55	1.33611
58	69	1.12304
58	77	1.2965
58	80	1.24779
58	88	0.724141
58	89	1.23759
58	102	1.28566
58	108	0.71352
58	132	0.669154
58	149	0.690607
58	162	0.680318
58	171	0.644447
58	180	0.679225
59	21	0.823932
59	34	0.726974
59	37	1.16634
59	99	1.05956
59	104	1.13934
59	114	1.08987
59	116	1.12748
59	118	1.10327
59	122	1.10333
59	127	1.15475
59	131	1.15479
59	134	1.10127
59	138	0.81569
59	155	0.819694
59	165	0.798296
59	180	0.814659
60	85	0.801438
60	86	0.792639
60	93	1.03749
60	95	1.10735
60	97	1.2015
60	107	0.800797
60	113	1.10281
60	115	1.09582
60	119	1.10848
60	120	1.10603
60	122	0.793056
60	124	1.15329
60	125	1.12421
60	128	0.807685
60	130	1.1631
60	179	0.800312
61	4	0.828906
61	14	0.67489
61	104	0.608728
61	110	0.697654
61	121	0.66463
61	135	1.24473
61	136	0.655061
61	153	0.674665
61	161	1.22581
61	163	1.22127
61	164	1.23534
61	166	1.25969
61	167	1.24093
61	171	1.27304
61	175	1.26435
61	180	1.23496
62	41	0.742653
62	135	0.805403
62	156	1.12231
62	157	1.12424
62	160	1.11813
62	161	0.820253
62	162	1.11538
62	164	0.809704
62	165	1.13668
62	168	1.11788
62	169	1.10946
62	176	1.13286
62	177	1.11324
62	178	1.1099
62	179	0.80608
62	180	0.809899
63	31	0.581561
63	78	1.25657
63	87	0.743847
63	91	1.18377
63	109	0.714971
63	113	0.722374
63	144	1.22965
63	146	1.23948
63	156	0.679273
63	161	1.24139
63	168	0.686095
63	172	0.678018
63	174	1.25913
63	175	1.27993
63	179	1.25961
63	180	1.25054
64	44	1.2075
64	47	1.20622
64	51	0.733979
64	76	1.14505
64	111	1.14138
64	123	1.17486
64	126	1.21375
64	128	1.18222
64	129	1.18222
64	137	1.21195
64	140	0.72423
64	156	0.715338
64	161	0.75024
64	170	0.699381
64	171	1.23495
64	173	0.737216
64	174	0.743255
65	67	1.1912
65	77	0.677576
65	88	1.1454
65	91	0.807313
65	100	0.679894
65	114	1.16952
65	127	1.23439
65	131	1.23443
65	134	1.18091
65	164	0.731106
65	167	0.736958
65	170	1.20046
65	174	0.73467
65	176	1.19548
65	177	1.17585
65	178	1.17251
65	179	0.727483
66	22	0.752032
66	39	0.68415
66	83	0.738567
66	126	0.712791
66	140	1.20852
66	153	1.18141
66	155	0.747931
66	158	1.16184
66	168	1.1905
66	170	1.21047
66	172	1.20302
66	173	1.17053
66	175	0.718212
66	176	1.20548
66	177	1.18586
66	178	1.18252
66	179	0.739077
67	12	0.698583
67	18	1.19058
67	65	1.1912
67	83	1.16649
67	86	0.730991
67	99	1.13219
67	104	1.21197
67	116	1.20011
67	118	1.1759
67	127	1.22738
67	131	1.22743
67	135	1.17678
67	153	0.743876
67	157	0.732413
67	162	0.743576
67	173	0.739813
67	175	0.7178
68	32	1.16825
68	84	1.18802
68	95	1.18018
68	110	0.760144
68	113	1.17565
68	115	1.16865
68	119	1.18131
68	120	1.17886
68	121	0.72712
68	124	1.22613
68	125	1.19705
68	130	1.23594
68	135	0.731266
68	138	0.736793
68	159	0.735255
68	165	0.719398
68	170	0.695256
69	9	1.09061
69	22	1.0153
69	23	1.16766
69	25	1.02023
69	55	1.13593
69	58	1.12304
69	77	1.09632
69	80	1.0476
69	89	1.0374
69	100	1.08043
69	102	1.08548
69	139	0.820628
69	141	0.845402
69	147	0.879963
69	151	0.874311
69	165	0.835954
69	180	0.852317
70	44	1.19807
70	46	1.21044
70	47	1.19679
70	86	0.722994
70	111	1.13195
70	123	1.16543
70	126	1.20431
70	128	1.17279
70	129	1.17279
70	132	1.22198
70	147	0.762133
70	162	0.73558
70	165	0.718123
70	168	0.71676
70	171	1.22551
70	173	0.731817
70	176	0.723202
71	91	0.835852
71	113	1.12367
71	120	1.12689
71	124	1.17415
71	125	1.14507
71	130	1.18396
71	137	1.15299
71	142	0.784549
71	150	0.732877
71	155	0.764876
71	166	0.755699
71	169	1.13596
71	172	1.15691
71	173	1.12441
71	174	0.76321
71	177	1.13974
71	178	1.1364
71	179	0.756022
72	40	0.620698
72	84	1.2544
72	88	0.726397
72	93	1.1767
72	97	1.34072
72	113	1.24202
72	115	1.23503
72	119	1.24769
72	120	1.24524
72	121	0.67284
72	124	1.29251
72	125	1.26342
72	130	1.30231
72	132	0.671411
72	149	0.692863
72	155	0.686517
72	165	0.665118
72	176	0.670196
73	36	1.20582
73	76	1.22021
73	97	0.629762
73	111	1.21654
73	116	0.642035
73	123	1.25002
73	126	1.28891
73	128	1.25738
73	129	1.25738
73	130	0.638324
73	132	1.30658
73	133	0.732155
73	137	1.28711
73	164	0.699874
73	170	0.659564
73	171	1.3101
73	178	0.694752
73	180	0.700069
74	35	1.05772
74	83	1.13599
74	85	1.13894
74	91	0.837615
74	99	1.10169
74	104	1.18147
74	114	1.13201
74	116	1.16961
74	118	1.1454
74	127	1.19688
74	131	1.19692
74	134	1.1434
74	138	0.762635
74	151	0.783597
74	165	0.74524
74	173	0.758933
74	178	0.756286
74	180	0.761603
75	54	1.21376
75	57	0.632885
75	80	0.713976
75	87	0.77288
75	109	0.744004
75	112	1.1944
75	138	1.21296
75	140	0.717197
75	151	1.18374
75	152	1.19682
75	164	1.20296
75	167	1.20855
75	170	0.692348
75	171	1.24066
75	172	0.707051
75	175	1.23197
75	178	0.727536
75	179	1.21164
75	180	1.20258
76	26	0.705375
76	36	1.03181
76	46	1.12102
76	57	0.740021
76	64	1.14505
76	73	1.22021
76	111	1.04253
76	123	1.07601
76	126	1.1149
76	128	1.08337
76	129	1.08337
76	132	1.13257
76	137	1.1131
76	142	0.864699
76	147	0.867636
76	158	0.840978
76	163	0.849298
76	171	1.13609
76	178	0.834673
77	4	1.05829
77	9	1.26407
77	21	1.15637
77	25	1.19369
77	40	1.2884
77	58	1.2965
77	65	0.677576
77	69	1.09632
77	80	1.22106
77	86	0.708954
77	92	1.21248
77	100	1.25389
77	102	1.25893
77	112	0.73278
77	133	0.752533
77	158	0.721435
77	167	0.726103
77	171	0.685669
77	175	0.695764
78	63	1.25657
78	98	0.726521
78	102	0.718501
78	112	1.14767
78	136	0.757296
78	142	1.13945
78	144	1.13496
78	145	1.16648
78	153	0.776899
78	156	0.750958
78	160	0.7673
78	162	0.776599
78	163	1.14216
78	166	1.18058
78	167	1.16182
78	170	0.735
78	174	1.16444
78	175	1.18524
78	179	1.16492
78	180	1.15585
79	35	1.07263
79	37	1.22339
79	42	0.775896
79	85	1.15386
79	99	1.11661
79	104	1.19638
79	105	0.76652
79	114	1.14692
79	116	1.18453
79	118	1.16032
79	122	1.16038
79	127	1.21179
79	130	0.700487
79	131	1.21184
79	135	1.16119
79	156	0.737683
79	163	0.771539
79	172	0.736428
79	178	0.756914
79	179	0.758413
80	4	1.00958
80	15	1.19259
80	21	1.10766
80	22	1.14004
80	23	1.2924
80	58	1.24779
80	69	1.0476
80	75	0.713976
80	77	1.22106
80	86	0.743802
80	89	1.16215
80	92	1.16377
80	100	1.20518
80	102	1.21022
80	111	0.814199
80	115	0.762576
80	139	0.723605
80	158	0.756283
80	165	0.738931
80	173	0.752624
81	18	0.711469
81	56	0.80365
81	106	0.753614
81	136	1.17206
81	153	1.16115
81	157	1.17661
81	158	1.14158
81	160	1.1705
81	163	0.764374
81	166	0.750926
81	168	1.17025
81	169	1.16183
81	171	0.720289
81	172	1.18277
81	173	1.15027
81	174	0.758436
81	175	0.730383
81	176	1.18523
81	177	1.16561
81	178	1.16227
82	48	0.743634
82	54	0.739854
82	92	0.722903
82	95	0.768781
82	103	1.1269
82	149	1.16107
82	152	0.774131
82	156	1.17317
82	157	1.1751
82	159	1.15009
82	160	1.16899
82	161	0.766597
82	162	1.16624
82	164	0.756048
82	170	1.18871
82	171	0.721465
82	172	1.18126
82	176	1.18372
82	177	1.1641
82	178	1.16076
83	17	0.720678
83	18	1.17288
83	66	0.738567
83	67	1.16649
83	74	1.13599
83	85	1.15174
83	86	0.758351
83	99	1.11449
83	104	1.19427
83	114	1.14481
83	116	1.18241
83	122	1.15827
83	127	1.20968
83	131	1.20973
83	135	1.15908
83	166	0.765702
83	172	0.74404
83	173	0.767173
83	175	0.74516
83	178	0.764526
84	7	1.18538
84	68	1.18802
84	72	1.2544
84	91	0.826567
84	93	1.0684
84	95	1.13826
84	97	1.23242
84	113	1.13372
84	115	1.12673
84	119	1.13939
84	124	1.18421
84	125	1.15513
84	130	1.19401
84	160	0.74235
84	165	0.734193
84	166	0.746415
84	170	0.710051
84	174	0.753925
84	177	0.740021
84	180	0.750556
85	38	0.710472
85	60	0.801438
85	74	1.13894
85	79	1.15386
85	83	1.15174
85	86	0.759987
85	98	0.722495
85	99	1.11745
85	100	0.720072
85	104	1.19722
85	114	1.14776
85	116	1.18536
85	118	1.16116
85	127	1.21263
85	131	1.21268
85	134	1.15915
85	135	1.16203
85	139	0.73979
85	151	0.793473
85	157	0.761409
86	60	0.792639
86	67	0.730991
86	70	0.722994
86	77	0.708954
86	80	0.743802
86	83	0.758351
86	85	0.759987
86	113	0.781232
86	165	1.18272
86	167	1.16341
86	169	1.1555
86	170	1.18389
86	173	1.14395
86	174	1.16603
86	175	1.18683
86	176	1.1789
86	177	1.15928
86	178	1.15594
86	179	1.1665
86	180	1.15744
87	63	0.743847
87	75	0.77288
87	92	0.780858
87	101	1.16998
87	122	1.13344
87	131	0.756356
87	133	1.10638
87	141	1.1081
87	145	0.79697
87	146	0.809039
87	153	1.12187
87	160	1.13121
87	162	1.12846
87	163	0.823505
87	166	0.810057
87	170	1.15093
87	172	1.14348
87	173	1.11099
87	176	1.14594
87	177	1.12632
87	178	1.12298
88	6	0.770001
88	58	0.724141
88	65	1.1454
88	72	0.726397
88	102	0.762084
88	121	1.13475
88	133	1.10312
88	136	1.12951
88	144	0.829674
88	148	1.14563
88	152	0.836976
88	157	1.13406
88	164	0.818893
88	165	1.14649
88	167	0.824744
88	168	1.1277
88	172	1.14022
88	173	1.10772
88	176	1.14268
88	177	1.12306
88	178	1.11972
89	9	1.20516
89	15	1.18239
89	22	1.12985
89	23	1.2822
89	25	1.13477
89	40	1.22949
89	55	1.25047
89	58	1.23759
89	69	1.0374
89	80	1.16215
89	92	1.15357
89	100	1.19498
89	101	0.696054
89	102	1.20002
89	108	0.771674
89	147	0.765025
89	167	0.743035
89	168	0.719652
89	169	0.730688
89	171	0.702601
89	173	0.734709
89	174	0.740748
90	35	0.821455
90	52	0.729581
90	127	0.676128
90	135	0.731009
90	140	1.20014
90	144	0.74609
90	145	0.718276
90	148	1.20004
90	149	1.17445
90	157	1.18848
90	158	1.15345
90	160	1.18236
90	164	0.735309
90	168	1.18212
90	169	1.17369
90	170	1.20208
90	171	0.700727
90	172	1.19464
90	176	1.1971
90	177	1.17747
90	178	1.17413
90	179	0.731686
91	43	0.82103
91	45	1.1001
91	63	1.18377
91	65	0.807313
91	71	0.835852
91	74	0.837615
91	84	0.826567
91	120	0.823542
91	132	1.1176
91	143	1.07495
91	161	1.07389
91	163	1.06935
91	164	1.08343
91	166	1.10777
91	167	1.08901
91	170	0.809678
91	171	1.12113
91	174	1.09163
91	175	1.11243
91	176	0.838898
91	179	1.09211
91	180	1.08304
92	23	1.28382
92	39	1.22747
92	77	1.21248
92	80	1.16377
92	82	0.722903
92	87	0.780858
92	89	1.15357
92	100	1.1966
92	102	1.20164
92	112	1.14433
92	126	0.710727
92	128	0.744385
92	131	0.68299
92	135	1.16228
92	155	1.15815
92	158	0.74182
92	159	0.740325
92	162	0.741925
92	175	1.18189
92	178	0.735514
92	179	1.16157
92	180	1.1525
93	31	1.22486
93	33	1.15109
93	60	1.03749
93	72	1.1767
93	84	1.0684
93	95	1.06056
93	97	1.15472
93	100	0.780902
93	113	1.05603
93	115	1.04903
93	119	1.06169
93	120	1.05925
93	123	0.836168
93	124	1.10651
93	125	1.07743
93	130	1.11632
93	147	0.859955
93	158	0.833298
93	159	0.831802
93	168	0.814583
93	173	0.829639
93	177	0.821774
94	46	0.747851
94	48	1.15634
94	108	1.12779
94	109	0.795829
94	138	1.15586
94	140	0.769022
94	145	1.15611
94	152	1.13972
94	154	0.758627
94	155	1.15113
94	158	0.785667
94	161	1.13633
94	163	1.13179
94	164	1.14586
94	166	1.17021
94	169	0.777988
94	170	0.744174
94	172	0.758876
94	174	1.15407
94	175	1.17487
94	177	0.774144
94	179	1.15455
94	180	1.14548
95	8	1.18374
95	12	1.19011
95	34	0.699025
95	60	1.10735
95	68	1.18018
95	82	0.768781
95	84	1.13826
95	93	1.06056
95	97	1.22458
95	113	1.12589
95	115	1.11889
95	119	1.13155
95	120	1.1291
95	124	1.17637
95	125	1.14729
95	130	1.18618
95	144	0.797295
95	150	0.759746
95	165	0.770346
95	173	0.78404
95	175	0.762026
95	176	0.775425
95	179	0.782891
96	16	0.893939
96	19	0.767526
96	99	1.10365
96	104	1.18343
96	110	0.777785
96	114	1.13396
96	116	1.17157
96	118	1.14736
96	127	1.19884
96	131	1.19888
96	135	1.14823
96	142	1.12206
96	144	1.11757
96	149	0.764785
96	154	0.72735
96	155	1.14411
96	167	1.14443
96	169	0.746712
96	176	0.742118
96	177	0.742868
96	178	0.748085
96	179	1.14753
96	180	1.13846
97	7	1.2717
97	11	0.6774
97	60	1.2015
97	72	1.34072
97	73	0.629762
97	84	1.23242
97	93	1.15472
97	95	1.22458
97	113	1.22004
97	115	1.21305
97	119	1.22571
97	120	1.22326
97	124	1.27053
97	125	1.24145
97	130	1.28034
97	140	0.688209
97	147	0.731511
97	153	0.705258
97	157	0.693795
97	160	0.69566
97	166	0.699724
97	169	0.697174
97	176	0.69258
98	43	0.696034
98	78	0.726521
98	85	0.722495
98	109	1.17637
98	123	0.729046
98	135	0.720692
98	144	0.735773
98	154	1.21681
98	156	1.20826
98	158	1.17516
98	159	1.18517
98	162	1.20132
98	166	0.721046
98	168	1.20383
98	169	1.1954
98	170	1.22379
98	171	0.69041
98	172	1.21635
98	173	1.18385
98	174	0.728557
98	176	1.21881
98	177	1.19918
98	178	1.19584
98	179	0.721369
99	17	0.75152
99	35	1.03623
99	42	0.81435
99	59	1.05956
99	67	1.13219
99	74	1.10169
99	79	1.11661
99	83	1.11449
99	85	1.11745
99	96	1.10365
99	103	0.853345
99	104	1.15998
99	112	0.813019
99	114	1.11051
99	116	1.14812
99	118	1.12391
99	127	1.17539
99	131	1.17543
99	135	1.12478
99	139	0.768997
99	152	0.818573
99	177	0.79015
99	178	0.795368
99	180	0.800686
100	4	1.04241
100	9	1.24819
100	15	1.22541
100	21	1.14049
100	22	1.17287
100	23	1.32523
100	25	1.1778
100	55	1.2935
100	65	0.679894
100	69	1.08043
100	77	1.25389
100	80	1.20518
100	85	0.720072
100	89	1.19498
100	92	1.1966
100	93	0.780902
100	102	1.24305
100	108	0.75706
100	138	0.723796
100	140	0.707108
100	145	0.705537
100	154	0.696712
100	164	0.72257
100	165	0.706401
101	45	0.731349
101	87	1.16998
101	89	0.696054
101	102	0.675842
101	120	0.706205
101	122	1.20429
101	131	0.675004
101	135	0.728351
101	136	1.20362
101	143	0.765601
101	155	0.737882
101	156	1.20624
101	159	1.18316
101	160	1.20206
101	162	1.1993
101	164	0.732652
101	165	1.2206
101	167	0.738503
101	168	1.20181
101	170	1.22178
101	172	1.21433
101	173	1.18184
101	177	1.19717
101	178	1.19383
102	4	1.04745
102	9	1.25323
102	11	0.690702
102	15	1.23046
102	21	1.14554
102	22	1.17792
102	25	1.18285
102	40	1.27756
102	58	1.28566
102	69	1.08548
102	77	1.25893
102	78	0.718501
102	80	1.21022
102	88	0.762084
102	89	1.20002
102	92	1.20164
102	100	1.24305
102	101	0.675842
102	103	0.769827
102	110	0.74155
102	147	0.744813
102	150	0.690204
102	175	0.692484
102	180	0.717168
103	40	0.766048
103	41	0.759586
103	47	0.800569
103	82	1.1269
103	99	0.853345
103	102	0.769827
103	114	0.819357
103	119	0.802027
103	120	0.80019
103	140	1.13897
103	149	1.11327
103	153	1.11185
103	154	1.13393
103	157	1.12731
103	158	1.09228
103	159	1.10229
103	160	1.12119
103	168	1.12095
103	169	1.11252
103	172	1.13347
103	176	1.13593
103	177	1.1163
103	178	1.11296
103	179	0.823013
104	1	0.914731
104	42	0.723293
104	45	0.708131
104	59	1.13934
104	61	0.608728
104	67	1.21197
104	74	1.18147
104	79	1.19638
104	83	1.19427
104	85	1.19722
104	96	1.18343
104	99	1.15998
104	114	1.19029
104	116	1.22789
104	118	1.20368
104	122	1.20375
104	127	1.25516
104	131	1.25521
104	138	0.71066
104	148	0.68423
104	151	0.731622
104	160	0.701423
104	163	0.718936
104	178	0.704311
105	6	0.729374
105	28	0.656229
105	39	0.719715
105	42	1.16995
105	48	0.765852
105	79	0.76652
105	123	0.782319
105	141	1.14518
105	148	1.18597
105	150	0.751498
105	153	1.15894
105	157	1.1744
105	159	1.14939
105	162	1.16554
105	163	0.787768
105	168	1.16804
105	169	1.15962
105	170	1.18801
105	172	1.18056
105	173	1.14807
105	174	0.78183
105	175	0.753778
105	176	1.18302
105	177	1.1634
105	178	1.16006
106	10	0.659936
106	52	1.1779
106	81	0.753614
106	117	1.13531
106	140	0.757063
106	141	0.765805
106	143	1.15382
106	144	1.14102
106	147	1.15687
106	152	1.15616
106	155	1.16756
106	157	0.76265
106	159	0.772212
106	164	1.1623
106	166	1.18664
106	167	1.16788
106	169	0.766028
106	171	1.2
106	172	0.746916
106	174	1.1705
106	175	1.1913
106	176	0.761434
106	178	0.767402
106	179	1.17098
106	180	1.16191
107	12	0.726938
107	26	0.636222
107	43	0.741684
107	60	0.800797
107	117	1.13665
107	122	0.759762
107	133	0.802924
107	136	0.752628
107	138	1.17363
107	143	1.15516
107	146	1.15219
107	150	1.18917
107	155	1.1689
107	159	0.770331
107	161	1.1541
107	163	1.14956
107	164	1.16363
107	166	1.18798
107	167	1.16922
107	168	0.753111
107	169	0.764146
107	174	1.17184
107	175	1.19264
107	179	1.17232
107	180	1.16325
108	12	0.764568
108	52	1.14812
108	58	0.71352
108	89	0.771674
108	94	1.12779
108	100	0.75706
108	110	0.83285
108	117	1.10553
108	118	0.785539
108	143	1.12404
108	147	1.12709
108	149	0.819849
108	150	1.15805
108	152	1.12638
108	153	0.80986
108	155	1.13778
108	156	0.783919
108	161	1.12298
108	164	1.13252
108	165	1.15741
108	166	1.15686
108	170	0.767962
108	174	1.14072
108	175	1.16152
108	179	1.1412
108	180	1.13213
109	43	0.756168
109	63	0.714971
109	75	0.744004
109	94	0.795829
109	98	1.17637
109	111	0.844227
109	113	0.803874
109	115	0.792603
109	128	0.788875
109	136	1.13714
109	145	0.768094
109	148	1.15326
109	154	1.14831
109	156	1.13976
109	158	1.10667
109	159	1.11668
109	162	1.13283
109	168	1.13534
109	169	1.12691
109	170	1.1553
109	172	1.14785
109	173	1.11536
109	176	1.15031
109	177	1.13069
109	178	1.12735
109	180	0.785322
110	29	0.833168
110	45	0.797056
110	61	0.697654
110	68	0.760144
110	96	0.777785
110	102	0.74155
110	108	0.83285
110	121	1.14818
110	134	1.14154
110	141	1.11826
110	146	0.793395
110	149	1.13346
110	153	1.13203
110	154	1.15411
110	158	1.11246
110	159	1.12247
110	162	1.13862
110	164	0.798359
110	168	1.14113
110	169	1.13271
110	170	1.16109
110	171	0.763777
110	172	1.15365
110	173	1.12115
110	176	1.15611
110	178	1.13315
111	2	1.15563
111	14	1.14978
111	36	1.02813
111	41	0.765831
111	43	1.12334
111	44	1.10498
111	46	1.11735
111	47	1.1037
111	64	1.14138
111	70	1.13195
111	73	1.21654
111	76	1.04253
111	80	0.814199
111	109	0.844227
111	123	1.07233
111	126	1.11122
111	128	1.0797
111	129	1.0797
111	137	1.10943
111	139	0.801388
111	145	0.815849
111	154	0.807024
111	165	0.816713
111	170	0.792571
111	171	1.13242
111	174	0.836446
111	175	0.808393
112	31	0.664245
112	52	1.15763
112	54	1.15282
112	75	1.1944
112	77	0.73278
112	78	1.14767
112	92	1.14433
112	99	0.813019
112	114	0.77903
112	122	0.77543
112	123	0.790364
112	127	0.727129
112	133	0.818592
112	137	0.771781
112	143	1.13355
112	150	1.16756
112	155	1.14729
112	156	0.761957
112	161	1.13249
112	163	1.12795
112	165	1.16692
112	166	1.16637
112	167	1.14761
112	168	0.768779
112	174	1.15023
112	175	1.17103
112	179	1.15071
112	180	1.14164
113	7	1.17301
113	8	1.17921
113	26	0.658109
113	32	1.11396
113	33	1.21641
113	54	0.776335
113	60	1.10281
113	63	0.722374
113	68	1.17565
113	71	1.12367
113	72	1.24202
113	84	1.13372
113	86	0.781232
113	93	1.05603
113	95	1.12589
113	97	1.22004
113	109	0.803874
113	115	1.11436
113	119	1.12702
113	124	1.17183
113	125	1.14275
113	130	1.18164
113	145	0.775496
113	157	0.782654
113	165	0.776361
113	171	0.757947
113	177	0.782189
113	178	0.787407
114	35	1.06654
114	37	1.21729
114	59	1.08987
114	65	1.16952
114	74	1.13201
114	79	1.14692
114	83	1.14481
114	85	1.14776
114	96	1.13396
114	99	1.11051
114	103	0.819357
114	104	1.19029
114	112	0.77903
114	115	0.773978
114	116	1.17843
114	118	1.15422
114	122	1.15429
114	127	1.2057
114	131	1.20575
114	132	0.756627
114	134	1.15222
114	147	0.794343
114	159	0.76619
114	168	0.748971
114	170	0.726192
114	171	0.731919
114	173	0.764027
114	175	0.742014
115	7	1.16601
115	17	0.732288
115	31	1.28319
115	32	1.10697
115	33	1.20942
115	38	0.720446
115	60	1.09582
115	68	1.16865
115	72	1.23503
115	80	0.762576
115	84	1.12673
115	93	1.04903
115	95	1.11889
115	97	1.21305
115	109	0.792603
115	113	1.11436
115	114	0.773978
115	119	1.12002
115	120	1.11758
115	121	0.772812
115	124	1.16484
115	125	1.13576
115	130	1.17465
115	134	0.756697
115	139	0.749764
115	159	0.780946
115	164	0.781258
115	180	0.781454
116	1	0.921241
116	18	1.2065
116	37	1.25489
116	49	0.717749
116	59	1.12748
116	67	1.20011
116	73	0.642035
116	74	1.16961
116	79	1.18453
116	83	1.18241
116	85	1.18536
116	96	1.17157
116	99	1.14812
116	104	1.22789
116	114	1.17843
116	118	1.19183
116	122	1.19189
116	127	1.2433
116	131	1.24335
116	135	1.1927
116	147	0.743784
116	148	0.690739
116	151	0.738132
116	157	0.706068
116	159	0.715631
116	165	0.699775
116	166	0.711997
116	178	0.710821
116	179	0.71232
117	22	0.816297
117	56	1.09075
117	106	1.13531
117	107	1.13665
117	108	1.10553
117	119	0.782356
117	130	0.745416
117	138	1.1336
117	145	1.13385
117	147	1.11818
117	150	1.14913
117	152	1.11746
117	155	1.12887
117	156	0.782613
117	158	0.808149
117	160	0.798955
117	162	0.808254
117	163	1.10953
117	164	1.1236
117	165	1.1485
117	167	1.12919
117	168	0.789434
117	169	0.800469
117	172	0.781358
117	174	1.13181
117	175	1.15261
117	176	0.795876
117	179	1.13229
117	180	1.12322
118	12	0.707344
118	18	1.18229
118	35	1.07993
118	37	1.23069
118	59	1.10327
118	67	1.1759
118	74	1.1454
118	79	1.16032
118	85	1.16116
118	96	1.14736
118	99	1.12391
118	104	1.20368
118	108	0.785539
118	114	1.15422
118	116	1.19183
118	121	0.742603
118	122	1.16768
118	127	1.21909
118	131	1.21914
118	134	1.16561
118	135	1.16849
118	151	0.773238
118	155	0.75628
118	157	0.741174
118	163	0.760551
118	165	0.734881
118	166	0.747103
118	174	0.754613
118	179	0.747425
118	180	0.751244
119	8	1.18487
119	12	1.19124
119	17	0.700202
119	24	0.774123
119	31	1.29585
119	32	1.11962
119	33	1.22208
119	60	1.10848
119	68	1.18131
119	72	1.24769
119	84	1.13939
119	93	1.06169
119	95	1.13155
119	97	1.22571
119	103	0.802027
119	113	1.12702
119	115	1.12002
119	117	0.782356
119	120	1.13024
119	124	1.1775
119	125	1.14842
119	130	1.18731
119	135	0.744872
119	139	0.717679
119	151	0.771361
119	157	0.739298
119	163	0.758675
119	165	0.733004
119	173	0.746697
119	176	0.738083
120	7	1.17623
120	8	1.18243
120	12	1.1888
120	25	0.758633
120	31	1.2934
120	32	1.11718
120	33	1.21963
120	49	0.749142
120	60	1.10603
120	68	1.17886
120	71	1.12689
120	72	1.24524
120	91	0.823542
120	93	1.05925
120	95	1.1291
120	97	1.22326
120	101	0.706205
120	103	0.80019
120	115	1.11758
120	119	1.13024
120	122	0.736455
120	124	1.17505
120	125	1.14597
120	130	1.18486
120	139	0.715841
120	147	0.775176
120	158	0.748519
120	165	0.731167
120	169	0.740839
120	175	0.722847
121	14	0.767149
121	25	0.776634
121	61	0.66463
121	68	0.72712
121	72	0.67284
121	88	1.13475
121	110	1.14818
121	115	0.772812
121	118	0.742603
121	132	0.75546
121	136	1.17165
121	143	0.798285
121	148	1.18777
121	149	1.16217
121	151	1.14452
121	152	0.783418
121	154	1.18282
121	155	0.770566
121	156	1.17427
121	158	1.14118
121	160	1.17009
121	162	1.16734
121	168	1.16985
121	169	1.16142
121	170	1.18981
121	172	1.18236
121	176	1.18482
121	177	1.1652
121	178	1.16186
121	179	0.761712
122	44	0.740548
122	55	0.683175
122	59	1.10333
122	60	0.793056
122	79	1.16038
122	83	1.15827
122	87	1.13344
122	101	1.20429
122	104	1.20375
122	107	0.759762
122	112	0.77543
122	114	1.15429
122	116	1.19189
122	118	1.16768
122	120	0.736455
122	124	0.71399
122	131	1.21921
122	134	1.16568
122	149	1.1576
122	153	1.15617
122	155	0.768132
122	157	1.17163
122	167	0.768753
122	169	1.15685
122	171	0.728319
122	172	1.17779
122	174	0.766466
122	177	1.16063
122	178	1.15729
122	179	0.759278
123	2	1.18911
123	14	1.18325
123	19	1.10188
123	36	1.06161
123	43	1.15682
123	44	1.13846
123	46	1.15083
123	47	1.13718
123	50	0.75988
123	64	1.17486
123	70	1.16543
123	73	1.25002
123	76	1.07601
123	93	0.836168
123	98	0.729046
123	105	0.782319
123	111	1.07233
123	112	0.790364
123	126	1.1447
123	128	1.11318
123	129	1.11318
123	132	1.16237
123	137	1.14291
123	141	0.771115
123	148	0.752632
123	153	0.779423
123	167	0.783687
123	171	1.1659
123	174	0.781399
123	177	0.767495
123	178	0.772713
124	8	1.22969
124	10	0.612282
124	31	1.34067
124	32	1.16444
124	33	1.26689
124	60	1.15329
124	68	1.22613
124	71	1.17415
124	72	1.29251
124	84	1.18421
124	93	1.10651
124	95	1.17637
124	97	1.27053
124	113	1.17183
124	115	1.16484
124	119	1.1775
124	120	1.17505
124	122	0.71399
124	125	1.19324
124	130	1.23213
124	133	0.757152
124	137	0.710341
124	151	0.747059
124	152	0.742953
124	153	0.726458
124	158	0.726054
124	159	0.724558
124	171	0.690288
124	174	0.728434
124	175	0.700382
124	180	0.725066
125	7	1.19441
125	8	1.20061
125	16	0.875999
125	17	0.686297
125	24	0.760218
125	31	1.31158
125	32	1.13536
125	33	1.23781
125	60	1.12421
125	68	1.19705
125	71	1.14507
125	72	1.26342
125	84	1.15513
125	93	1.07743
125	95	1.14729
125	97	1.24145
125	113	1.14275
125	115	1.13576
125	119	1.14842
125	120	1.14597
125	124	1.19324
125	126	0.705358
125	130	1.20304
125	138	0.736494
125	143	0.768217
125	157	0.725393
125	165	0.719099
125	172	0.70966
125	173	0.732792
125	176	0.724178
125	177	0.724927
125	180	0.735463
126	2	1.228
126	14	1.22214
126	19	1.14077
126	35	0.830018
126	36	1.1005
126	43	1.19571
126	44	1.17735
126	46	1.18972
126	47	1.17606
126	64	1.21375
126	66	0.712791
126	70	1.20431
126	73	1.28891
126	76	1.1149
126	92	0.710727
126	111	1.11122
126	123	1.1447
126	125	0.705358
126	128	1.15207
126	129	1.15206
126	132	1.20126
126	137	1.18179
126	139	0.712378
126	140	0.728411
126	149	0.75545
126	151	0.766061
126	153	0.745461
126	162	0.745161
126	165	0.727704
126	169	0.737376
126	171	1.20479
126	178	0.73875
127	18	1.23377
127	35	1.13141
127	37	1.28216
127	49	0.716407
127	59	1.15475
127	65	1.23439
127	67	1.22738
127	74	1.19688
127	79	1.21179
127	83	1.20968
127	85	1.21263
127	90	0.676128
127	96	1.19884
127	99	1.17539
127	104	1.25516
127	112	0.727129
127	114	1.2057
127	116	1.2433
127	118	1.21909
127	131	1.27062
127	134	1.21709
127	135	1.21997
127	140	0.699139
127	146	0.709636
127	147	0.742441
127	148	0.689397
127	151	0.736789
127	154	0.688743
127	159	0.714288
127	163	0.724103
127	171	0.680018
127	172	0.688993
127	180	0.714796
128	2	1.19647
128	10	1.2674
128	14	1.19062
128	18	0.734127
128	19	1.10924
128	28	0.655494
128	36	1.06898
128	43	1.16419
128	44	1.14582
128	46	1.15819
128	47	1.14454
128	60	0.807685
128	64	1.18222
128	70	1.17279
128	73	1.25738
128	76	1.08337
128	92	0.744385
128	109	0.788875
128	111	1.0797
128	123	1.11318
128	126	1.15207
128	129	1.12054
128	132	1.16974
128	137	1.15027
128	146	0.772566
128	151	0.799719
128	154	0.751673
128	156	0.753177
128	158	0.778714
128	171	1.17326
128	174	0.781095
128	177	0.76719
128	178	0.772408
129	2	1.19647
129	10	1.2674
129	14	1.19062
129	19	1.10924
129	24	0.800642
129	28	0.653654
129	36	1.06898
129	43	1.16418
129	44	1.14582
129	46	1.15819
129	47	1.14454
129	64	1.18222
129	70	1.17279
129	73	1.25738
129	76	1.08337
129	111	1.0797
129	123	1.11318
129	126	1.15206
129	128	1.12054
129	132	1.16973
129	134	0.751129
129	135	0.77139
129	137	1.15027
129	141	0.768971
129	145	0.758658
129	146	0.770726
129	150	0.748922
129	159	0.775379
129	161	0.786239
129	163	0.785193
129	164	0.775691
129	171	1.17326
129	172	0.750083
130	7	1.2333
130	8	1.2395
130	31	1.35047
130	32	1.17425
130	33	1.2767
130	42	0.726092
130	56	0.761011
130	60	1.1631
130	68	1.23594
130	71	1.18396
130	72	1.30231
130	73	0.638324
130	79	0.700487
130	84	1.19401
130	93	1.11632
130	95	1.18618
130	97	1.28034
130	113	1.18164
130	115	1.17465
130	117	0.745416
130	119	1.18731
130	120	1.18486
130	124	1.23213
130	125	1.20304
130	132	0.702357
130	147	0.740073
130	154	0.686375
130	161	0.722781
130	165	0.696064
130	172	0.686624
130	175	0.687744
130	176	0.701142
130	179	0.708609
131	18	1.23382
131	35	1.13146
131	37	1.28221
131	51	0.710422
131	59	1.15479
131	65	1.23443
131	67	1.22743
131	74	1.19692
131	79	1.21184
131	83	1.20973
131	85	1.21268
131	87	0.756356
131	92	0.68299
131	96	1.19888
131	99	1.17543
131	101	0.675004
131	104	1.25521
131	114	1.20575
131	116	1.24335
131	118	1.21914
131	122	1.21921
131	127	1.27062
131	134	1.21714
131	137	0.701605
131	144	0.726915
131	150	0.689366
131	160	0.708124
131	162	0.717423
131	165	0.699966
131	169	0.709638
131	177	0.705794
131	178	0.711012
131	179	0.712511
132	7	0.713396
132	34	0.676417
132	43	1.21338
132	47	1.19373
132	50	0.745951
132	58	0.669154
132	70	1.22198
132	72	0.671411
132	73	1.30658
132	76	1.13257
132	91	1.1176
132	114	0.756627
132	121	0.75546
132	123	1.16237
132	126	1.20126
132	128	1.16974
132	129	1.16973
132	130	0.702357
132	144	1.16348
132	145	1.195
132	148	0.738703
132	157	0.754032
132	162	0.765195
132	163	1.17068
132	164	1.18476
132	167	1.19035
132	168	0.746375
132	171	1.22246
132	173	0.761432
132	174	1.19296
132	175	1.21377
132	176	0.752817
132	179	1.19344
132	180	1.18437
133	5	0.759535
133	16	1.02392
133	57	1.22845
133	73	0.732155
133	77	0.752533
133	87	1.10638
133	88	1.10312
133	107	0.802924
133	112	0.818592
133	124	0.757152
133	136	1.14002
133	140	1.15623
133	141	1.11535
133	144	0.816844
133	148	1.15614
133	150	0.779295
133	155	0.811294
133	156	1.14264
133	157	1.14457
133	158	1.10955
133	159	1.11956
133	162	1.13571
133	165	1.15701
133	168	1.13821
133	169	1.12979
133	170	1.15818
133	171	0.771481
133	173	1.11824
133	175	0.781575
133	176	1.15319
133	177	1.13357
133	178	1.13023
133	179	0.80244
133	180	0.806258
134	3	0.891371
134	5	0.702692
134	7	0.69871
134	8	0.715464
134	18	1.18029
134	52	0.743492
134	59	1.10127
134	65	1.18091
134	74	1.1434
134	85	1.15915
134	110	1.14154
134	114	1.15222
134	115	0.756697
134	118	1.16561
134	122	1.16568
134	127	1.21709
134	129	0.751129
134	131	1.21714
134	135	1.16649
134	142	0.774124
134	146	0.744256
134	154	1.17618
134	157	1.16956
134	159	1.14455
134	160	1.16345
134	164	0.74922
134	166	0.745274
134	167	0.755072
134	168	1.1632
134	170	1.18317
134	171	0.714638
134	172	1.17572
134	176	1.17818
134	178	1.15522
134	180	0.749416
135	11	0.743211
135	35	1.08081
135	61	1.24473
135	62	0.805403
135	67	1.17678
135	68	0.731266
135	79	1.16119
135	83	1.15908
135	85	1.16203
135	90	0.731009
135	92	1.16228
135	96	1.14823
135	98	0.720692
135	99	1.12478
