1	120	1.06567
1	131	1.08079
1	150	1.06176
1	160	1.07566
1	164	0.772133
1	170	1.05914
1	172	1.05378
1	176	1.07254
1	177	1.07071
1	178	1.05995
1	179	0.867255
1	180	0.769121
2	13	1.13256
2	36	1.08147
2	41	0.779808
2	63	1.03216
2	77	1.0803
2	89	1.05036
2	108	0.725255
2	112	1.05228
2	122	1.05299
2	123	1.04681
2	128	1.07108
2	175	0.90413
3	21	1.11478
3	23	0.690051
3	45	0.839771
3	71	1.09805
3	82	0.9975
3	95	0.878391
3	107	1.06494
3	116	1.08403
3	122	1.05498
3	129	1.03663
3	134	1.07565
3	138	1.07342
4	48	1.06905
4	73	0.678003
4	82	1.00886
4	83	1.07085
4	98	0.785899
4	107	1.0763
4	129	1.04799
4	134	1.08701
4	138	1.08478
4	155	1.08779
4	168	0.939435
4	175	1.06737
5	6	1.005
5	12	1.00879
5	27	0.973864
5	31	0.96528
5	33	0.942777
5	38	0.951277
5	40	0.944359
5	41	0.939407
5	53	0.910397
5	75	0.958847
5	138	1.12461
5	175	1.28144
6	5	1.005
6	15	0.594735
6	27	1.1028
6	31	1.09422
6	33	1.07171
6	37	1.06538
6	40	1.0733
6	44	1.06047
6	53	1.03933
6	75	1.08778
6	117	1.03788
6	166	0.775976
7	125	1.05271
7	131	1.08551
7	132	1.06562
7	142	0.831598
7	143	1.05646
7	157	0.770902
7	170	1.06385
7	172	1.0585
7	176	1.07726
7	177	1.07542
7	178	1.06467
7	179	0.805879
8	22	1.01389
8	48	1.0765
8	60	0.695891
8	70	1.10654
8	82	1.01631
8	83	1.0783
8	107	1.08375
8	129	1.05544
8	134	1.09446
8	167	0.870789
8	169	0.841264
8	175	1.07481
9	141	1.09107
9	145	1.05102
9	146	1.07712
9	149	1.05984
9	154	0.795803
9	157	0.838883
9	170	1.06011
9	172	1.05475
9	174	0.773714
9	176	1.07351
9	177	1.07167
9	178	1.06092
10	81	0.768237
10	136	1.08156
10	143	1.05339
10	150	1.0634
10	160	1.0773
10	169	0.810884
10	170	1.06078
10	172	1.05543
10	176	1.07419
10	177	1.07235
10	178	1.0616
10	179	0.829463
11	83	0.951844
11	112	1.4203
11	116	0.976384
11	128	0.975375
11	134	0.968003
11	171	0.962541
11	172	0.947025
11	173	0.95559
11	174	0.962737
11	177	0.963949
11	178	0.953191
11	180	0.958737
12	5	1.00879
12	31	1.09801
12	33	1.07551
12	37	1.06917
12	38	1.08401
12	40	1.07709
12	53	1.04313
12	75	1.09158
12	90	1.05273
12	103	0.820708
12	140	0.708902
12	175	0.879501
13	2	1.13256
13	34	1.08953
13	51	1.05884
13	63	1.03196
13	89	1.05016
13	92	0.815715
13	105	1.06665
13	122	1.05279
13	123	1.04662
13	128	1.07088
13	167	0.710523
13	175	0.882692
14	99	0.679376
14	149	0.833265
14	153	1.05764
14	154	1.07765
14	162	1.06642
14	167	1.05928
14	168	1.07398
14	170	0.878912
14	173	1.06497
14	174	1.07211
14	179	1.05984
14	180	1.06811
15	6	0.594735
15	43	0.906498
15	109	1.06923
15	154	1.07778
15	155	1.07829
15	159	1.05849
15	165	1.05244
15	166	1.06332
15	174	1.07224
15	178	0.893443
15	179	1.05997
15	180	1.06824
16	57	1.01491
16	96	0.955212
16	125	0.941335
16	136	0.973253
16	137	0.971617
16	146	0.969491
16	148	0.95875
16	168	1.39024
16	172	0.947123
16	176	0.965884
16	177	0.964047
16	178	0.953289
17	113	1.2266
17	137	0.973046
17	145	0.944819
17	146	0.970919
17	152	0.973797
17	158	1.17898
17	161	0.947455
17	170	0.953907
17	172	0.948552
17	176	0.967312
17	177	0.965476
17	178	0.954718
18	59	1.02477
18	91	0.956649
18	136	0.973777
18	144	0.970728
18	148	0.959275
18	151	0.955224
18	161	0.94655
18	170	0.953003
18	171	1.38055
18	176	0.966408
18	177	0.964571
18	178	0.953813
19	131	0.737161
19	157	1.06876
19	162	1.06432
19	163	1.08138
19	167	1.05719
19	168	1.07189
19	171	1.06983
19	173	1.06287
19	177	0.77137
19	178	0.883505
19	179	1.05775
19	180	1.06602
20	36	1.08326
20	50	1.07063
20	51	1.06083
20	58	1.02898
20	77	1.0821
20	79	1.08408
20	105	1.06864
20	118	0.81257
20	123	1.04861
20	128	1.07287
20	138	0.719687
20	175	0.876519
21	3	1.11478
21	39	0.98086
21	66	0.97267
21	70	1.06577
21	81	1.06107
21	82	0.975534
21	83	1.03753
21	116	1.06207
21	129	1.01466
21	134	1.05369
21	170	0.35258
21	171	1.2772
21	175	1.03404
22	8	1.01389
22	24	0.976503
22	47	0.931748
22	64	0.979573
22	70	0.946074
22	116	0.942373
22	129	0.894969
22	134	0.933992
22	138	0.931762
22	155	0.934768
22	158	1.26701
22	165	1.33877
22	175	0.914346
23	3	0.690051
23	50	1.04616
23	52	1.05245
23	62	1.00937
23	64	1.11999
23	75	0.78584
23	169	1.02719
23	171	1.04552
23	174	1.04572
23	176	1.04877
23	177	1.04693
23	178	1.03617
23	180	1.04172
24	22	0.976503
24	30	1.094
24	35	0.852229
24	64	1.10265
24	82	0.978916
24	107	1.04636
24	116	1.06545
24	117	1.02359
24	119	0.929824
24	129	1.01805
24	134	1.05707
24	168	0.82652
24	175	1.03742
25	120	0.818541
25	141	0.811134
25	143	0.961811
25	159	1.03012
25	162	1.03818
25	163	1.05523
25	166	1.03495
25	168	1.04574
25	171	1.04368
25	173	1.03673
25	174	1.04388
25	179	1.0316
25	180	1.03988
26	56	0.825442
26	125	1.02635
26	127	0.980177
26	149	1.03722
26	150	1.04011
26	152	1.05738
26	161	1.03104
26	170	1.03749
26	172	1.03214
26	173	0.803108
26	176	1.0509
26	177	1.04906
26	178	1.0383
27	5	0.973864
27	6	1.1028
27	31	1.06308
27	33	1.04058
27	37	1.03424
27	38	1.04908
27	40	1.04216
27	44	1.02934
27	53	1.0082
27	60	0.758321
27	75	1.05665
27	103	1.04659
27	158	0.803519
28	34	1.21517
28	56	1.39098
28	120	0.946481
28	141	0.970915
28	143	0.932548
28	145	0.93086
28	150	0.942564
28	160	0.956464
28	170	0.939948
28	172	0.934593
28	176	0.953353
28	177	0.951516
28	178	0.940758
29	87	1.20734
29	133	0.946295
29	139	0.966939
29	148	1.18691
29	154	0.970855
29	157	0.964057
29	168	0.967189
29	169	0.946794
29	173	0.958176
29	174	0.965323
29	179	0.953049
29	180	0.961323
30	24	1.094
30	58	1.00502
30	61	0.699119
30	112	1.03011
30	123	1.02464
30	128	1.04891
30	129	1.01246
30	134	1.05149
30	135	0.982375
30	176	1.04927
30	177	1.04743
30	178	1.03668
30	179	0.927277
31	5	0.96528
31	6	1.09422
31	12	1.09801
31	27	1.06308
31	33	1.032
31	37	1.02566
31	38	1.0405
31	40	1.03358
31	53	0.999616
31	75	1.04807
31	117	0.966653
31	171	0.67102
31	175	0.971065
32	109	0.951001
32	136	1.03502
32	143	1.00685
32	144	1.03197
32	145	1.00516
32	147	0.959405
32	149	1.01398
32	151	1.01647
32	161	1.00779
32	170	1.01425
32	174	0.898362
32	176	1.02765
32	177	1.02581
32	178	1.01506
33	5	0.942777
33	6	1.07171
33	12	1.07551
33	27	1.04058
33	31	1.032
33	37	1.00316
33	38	1.01799
33	40	1.01107
33	45	1.00253
33	53	0.977112
33	75	1.02556
33	138	0.922801
33	155	0.806408
33	175	1.07963
34	13	1.08953
34	28	1.21517
34	82	0.952474
34	85	1.02202
34	105	1.02382
34	112	1.00925
34	123	1.00378
34	134	1.03063
34	150	0.808445
34	168	1.02723
34	169	1.00683
34	176	0.770554
34	179	1.01309
34	180	1.02136
35	24	0.852229
35	47	1.06187
35	52	1.02554
35	79	1.0327
35	105	1.01727
35	107	0.880202
35	128	1.0215
35	142	1.00657
35	173	1.01166
35	174	1.01881
35	176	1.02186
35	177	1.02002
35	178	1.00926
35	180	1.01481
36	2	1.08147
36	20	1.08326
36	62	0.980749
36	63	0.980864
36	77	1.029
36	85	1.01376
36	89	0.999062
36	105	1.01555
36	112	1.00098
36	123	0.995516
36	128	1.01978
36	155	0.967536
36	159	0.942777
36	168	0.897918
37	6	1.06538
37	12	1.06917
37	27	1.03424
37	31	1.02566
37	33	1.00316
37	38	1.01166
37	40	1.00474
37	41	0.999787
37	45	0.996196
37	53	0.970778
37	75	1.01923
37	93	1.11181
37	97	0.468063
37	157	1.22341
38	5	0.951277
38	12	1.08401
38	27	1.04908
38	31	1.0405
38	33	1.01799
38	37	1.01166
38	40	1.01957
38	45	1.01103
38	53	0.985613
38	75	1.03406
38	88	1.15114
38	90	0.995211
38	103	0.799549
38	175	0.858343
39	21	0.98086
39	71	0.964133
39	76	1.36221
39	80	0.95388
39	82	0.863578
39	83	0.925572
39	103	0.950869
39	107	0.93102
39	111	1.44357
39	122	0.921058
39	129	0.902708
39	134	0.941731
39	155	0.942507
39	175	0.922085
40	5	0.944359
40	6	1.0733
40	12	1.07709
40	27	1.04216
40	31	1.03358
40	33	1.01107
40	37	1.00474
40	38	1.01957
40	53	0.978694
40	75	1.02714
40	90	0.988293
40	157	0.8845
40	175	1.10259
40	180	0.821344
41	2	0.779808
41	5	0.939407
41	37	0.999787
41	53	0.973742
41	57	1.05022
41	62	1.1395
41	70	1.07455
41	75	1.02219
41	144	1.01076
41	173	0.996242
41	174	1.00339
41	176	1.00644
41	177	1.0046
41	178	0.993842
41	180	0.999388
42	79	0.863023
42	142	0.994333
42	147	1.00923
42	148	1.01615
42	153	0.992102
42	154	1.01211
42	156	1.00816
42	165	0.986771
42	169	0.988045
42	170	1.1124
42	171	1.00638
42	173	0.999428
42	174	1.00657
42	179	0.9943
42	180	1.00257
43	15	0.906498
43	121	0.996967
43	136	1.01423
43	144	1.01118
43	148	0.99973
43	149	0.993189
43	160	1.00997
43	161	0.987005
43	166	1.08774
43	168	1.01121
43	170	0.993458
43	172	0.988103
43	176	1.00686
43	177	1.00503
43	178	0.994268
44	6	1.06047
44	27	1.02934
44	47	0.745105
44	53	0.965873
44	75	1.01432
44	82	1.16627
44	129	1.08145
44	161	0.97871
44	163	1.00687
44	173	0.988372
44	176	0.998568
44	177	0.996731
44	178	0.985973
44	179	0.983245
44	180	0.991519
45	3	0.839771
45	33	1.00253
45	37	0.996196
45	38	1.01103
45	49	1.08194
45	75	1.0186
45	134	1.07262
45	137	1.00858
45	159	0.986039
45	171	0.999601
45	176	1.00285
45	177	1.00101
45	178	0.99025
45	179	0.987523
45	180	0.995797
46	66	0.823787
46	102	0.985211
46	136	1.01556
46	144	1.01251
46	145	0.985696
46	148	1.00106
46	150	0.9974
46	152	1.01467
46	161	0.988331
46	163	1.03875
46	172	0.989429
46	174	1.1451
46	176	1.00819
46	177	1.00635
46	178	0.995594
47	22	0.931748
47	35	1.06187
47	44	0.745105
47	64	1.05789
47	71	1.03472
47	83	0.996154
47	90	0.987
47	107	1.0016
47	116	1.02069
47	117	0.978831
47	129	0.97329
47	134	1.01231
47	155	1.01309
47	175	0.992668
47	179	1.19589
48	4	1.06905
48	8	1.0765
48	60	0.896428
48	70	1.00868
48	71	1.019
48	82	0.918448
48	83	0.980442
48	116	1.00498
48	129	0.957578
48	134	0.996602
48	138	0.994371
48	142	1.0861
48	155	0.997377
48	157	1.0254
48	175	0.976955
49	45	1.08194
49	50	1.00272
49	51	0.992926
49	52	1.00901
49	62	0.965936
49	63	0.966052
49	79	1.01618
49	81	1.01493
49	94	1.05965
49	105	1.00074
49	112	0.986172
49	123	0.980703
49	128	1.00497
49	155	0.934178
49	157	0.989312
50	20	1.07063
50	23	1.04616
50	49	1.00272
50	51	0.995103
50	58	0.963258
50	62	0.968114
50	63	0.968229
50	79	1.01836
50	112	0.988349
50	122	0.989056
50	123	0.982881
50	128	1.00715
50	133	1.13328
50	155	0.953491
50	173	0.921797
51	13	1.05884
51	20	1.06083
51	49	0.992926
51	50	0.995103
51	63	0.958432
51	77	1.00657
51	79	1.00856
51	89	0.97663
51	105	0.993122
51	112	0.978552
51	123	0.973084
51	128	0.997352
51	147	0.956403
51	173	0.873702
51	175	1.17862
52	23	1.05245
52	35	1.02554
52	49	1.00901
52	58	0.969549
52	62	0.974405
52	63	0.97452
52	89	0.992718
52	105	1.00921
52	112	0.99464
52	122	0.995347
52	123	0.989172
52	128	1.01344
52	171	0.863874
52	175	1.16392
52	179	0.980805
53	5	0.910397
53	6	1.03933
53	12	1.04313
53	27	1.0082
53	31	0.999616
53	33	0.977112
53	37	0.970778
53	38	0.985613
53	40	0.978694
53	41	0.973742
53	44	0.965873
53	75	0.993183
53	90	0.954331
53	114	1.04972
53	117	1.13964
53	130	1.01961
54	70	0.718632
54	111	1.06948
54	139	1.07263
54	149	0.827651
54	157	1.06975
54	162	1.06532
54	163	1.08237
54	164	1.07803
54	166	1.06209
54	167	1.05819
54	169	1.05249
54	172	0.893639
54	173	1.06387
54	176	0.748712
54	179	1.05874
54	180	1.06702
55	83	0.981971
55	89	0.974829
55	96	1.12124
55	112	0.976751
55	116	1.00651
55	120	1.059
55	123	0.971282
55	128	0.99555
55	131	1.01101
55	134	0.998131
55	167	0.980031
55	169	0.974335
55	171	0.992668
55	175	0.978485
55	179	0.98059
55	180	0.988864
56	26	0.825442
56	28	1.39098
56	98	1.02494
56	121	0.980647
56	126	0.975941
56	153	0.973128
56	156	0.989182
56	162	0.981904
56	164	0.994617
56	167	0.974768
56	168	0.989468
56	169	0.969072
56	173	0.980455
56	174	0.987601
56	179	0.975327
56	180	0.983601
57	16	1.01491
57	41	1.05022
57	73	1.25575
57	80	0.605312
57	133	1.03183
57	141	0.517068
57	156	1.05244
57	157	1.04959
57	163	1.06221
57	167	1.03802
57	168	1.05272
57	169	1.03233
57	171	1.05066
57	173	1.04371
57	174	1.05085
57	179	1.03858
57	180	1.04685
58	20	1.02898
58	30	1.00502
58	50	0.963258
58	52	0.969549
58	63	0.926587
58	77	0.974728
58	79	0.976713
58	81	0.975469
58	89	0.944784
58	94	1.02018
58	105	0.961276
58	112	0.946707
58	123	0.941238
58	128	0.965506
58	138	1.21549
58	155	1.0991
58	164	1.09409
59	18	1.02477
59	98	1.0867
59	129	1.05953
59	133	1.03033
59	142	1.03712
59	145	0.73506
59	147	1.05202
59	157	1.04809
59	158	1.06217
59	165	1.02956
59	169	1.03083
59	171	1.04916
59	173	1.04221
59	174	1.04936
59	176	0.573129
59	179	1.03709
59	180	1.04536
60	8	0.695891
60	27	0.758321
60	48	0.896428
60	64	1.04811
60	105	1.05492
60	112	1.04035
60	118	1.02384
60	123	1.03488
60	125	1.03496
60	128	1.05915
60	147	1.05912
60	148	1.05238
60	162	1.05076
60	170	1.0461
60	178	1.04691
60	179	1.04419
60	180	1.05246
61	30	0.699119
61	127	1.03555
61	130	1.0299
61	146	0.809789
61	157	1.05315
61	158	1.06722
61	159	1.04066
61	161	0.920109
61	164	1.06143
61	165	1.03461
61	166	1.04549
61	168	1.05628
61	169	1.03589
61	172	0.962607
61	173	1.04727
61	179	1.04214
61	180	1.05042
62	23	1.00937
62	36	0.980749
62	41	1.1395
62	49	0.965936
62	50	0.968114
62	52	0.974405
62	63	0.931443
62	77	0.979583
62	79	0.981569
62	89	0.94964
62	94	1.02504
62	105	0.966132
62	112	0.951563
62	123	0.946094
62	128	0.970362
62	154	1.00265
62	175	1.26382
63	2	1.03216
63	13	1.03196
63	36	0.980864
63	49	0.966052
63	50	0.968229
63	51	0.958432
63	52	0.97452
63	58	0.926587
63	62	0.931443
63	77	0.979699
63	79	0.981684
63	112	0.951678
63	123	0.94621
63	128	0.970478
63	140	1.18075
63	155	1.07812
63	169	1.14965
64	22	0.979573
64	23	1.11999
64	24	1.10265
64	47	1.05789
64	60	1.04811
64	70	1.07222
64	71	1.08254
64	82	0.981985
64	83	1.04398
64	107	1.04943
64	116	1.06852
64	122	1.03947
64	129	1.02112
64	134	1.06014
64	162	1.07412
64	175	1.04049
64	178	0.157977
65	99	1.07797
65	114	0.90381
65	120	1.04349
65	133	0.904706
65	140	0.827538
65	141	1.06793
65	145	1.02787
65	147	0.775921
65	149	1.03669
65	152	1.05685
65	160	1.05347
65	161	1.03051
65	170	1.03696
65	172	1.0316
65	176	1.05036
65	177	1.04853
65	178	1.03777
66	21	0.97267
66	46	0.823787
66	102	0.816677
66	126	1.04094
66	143	0.781347
66	153	1.03812
66	154	1.05813
66	158	1.0654
66	159	1.03884
66	162	1.0469
66	164	1.05961
66	165	1.03279
66	166	1.04367
66	169	1.03407
66	174	1.0526
66	179	1.04032
66	180	1.0486
67	75	0.979285
67	91	1.18587
67	149	1.22615
67	155	0.981684
67	156	0.977222
67	157	0.974376
67	163	0.986995
67	164	0.982658
67	165	0.955838
67	166	0.966714
67	167	0.962809
67	169	0.957113
67	171	0.975446
67	173	0.968495
67	174	0.975642
67	179	0.963368
67	180	0.971642
68	69	0.995473
68	102	0.943746
68	141	0.984287
68	143	0.94592
68	148	0.959591
68	150	0.955936
68	151	0.955541
68	152	0.973209
68	153	1.27956
68	159	1.17591
68	160	0.969835
68	161	0.946867
68	162	1.15283
68	170	0.953319
68	172	0.947964
68	175	0.949296
68	177	0.964888
68	178	0.95413
69	68	0.995473
69	95	1.06824
69	109	0.924461
69	137	1.0446
69	143	1.01807
69	144	1.04319
69	145	1.01638
69	146	1.04248
69	151	1.02769
69	152	1.04535
69	158	0.853213
69	161	1.01901
69	163	0.765471
69	170	1.02547
69	172	1.02011
69	176	1.03887
69	177	1.03703
69	178	1.02628
70	8	1.10654
70	21	1.06577
70	22	0.946074
70	41	1.07455
70	48	1.00868
70	54	0.718632
70	64	1.07222
70	71	1.04904
70	81	1.03402
70	85	1.01803
70	107	1.01593
70	116	1.03502
70	129	0.987616
70	134	1.02664
70	155	1.02742
70	158	0.897003
70	174	0.915612
70	175	1.00699
71	3	1.09805
71	39	0.964133
71	47	1.03472
71	48	1.019
71	64	1.08254
71	70	1.04904
71	80	1.04911
71	82	0.958806
71	83	1.0208
71	94	0.86426
71	107	1.02625
71	116	1.04534
71	129	0.997936
71	134	1.03696
71	136	0.308939
71	163	1.12218
71	169	1.3101
71	175	1.01731
72	120	1.18213
72	133	0.946726
72	147	0.968411
72	151	1.24128
72	154	0.971287
72	156	0.967336
72	157	0.964489
72	159	0.951998
72	166	0.956827
72	167	0.952922
72	168	0.967621
72	169	0.947226
72	171	0.965559
72	173	0.958608
72	174	0.965755
72	177	1.16835
72	179	0.953481
72	180	0.961755
73	4	0.678003
73	57	1.25575
73	97	0.946898
73	121	0.958848
73	137	0.974478
73	145	0.946251
73	146	0.972351
73	148	0.961611
73	149	0.95507
73	150	0.957956
73	151	0.95756
73	160	0.971855
73	170	0.955339
73	172	0.949984
73	173	1.66901
73	176	0.968744
73	177	0.966907
73	178	0.956149
74	86	1.0184
74	87	1.01888
74	100	0.811427
74	109	0.960187
74	119	0.951269
74	125	1.01208
74	136	1.044
74	144	1.04095
74	148	1.0295
74	152	1.04312
74	158	0.88894
74	160	1.03974
74	161	1.01677
74	170	1.02323
74	172	1.01787
74	176	1.03663
74	177	1.03479
74	178	1.02404
75	5	0.958847
75	6	1.08778
75	12	1.09158
75	23	0.78584
75	27	1.05665
75	31	1.04807
75	33	1.02556
75	37	1.01923
75	38	1.03406
75	40	1.02714
75	41	1.02219
75	44	1.01432
75	45	1.0186
75	53	0.993183
75	67	0.979285
75	90	1.00278
75	130	0.936584
75	138	0.904193
76	39	1.36221
76	110	0.740865
76	130	1.01105
76	132	0.779637
76	140	1.03321
76	153	1.02109
76	154	1.0411
76	162	1.02987
76	163	1.04692
76	164	1.04258
76	165	1.01576
76	167	1.02273
76	169	1.01704
76	171	1.03537
76	173	1.02842
76	176	0.708582
76	179	1.02329
76	180	1.03157
77	2	1.0803
77	20	1.0821
77	36	1.029
77	51	1.00657
77	58	0.974728
77	62	0.979583
77	63	0.979699
77	79	1.02983
77	85	1.01259
77	89	0.997897
77	103	1.06316
77	105	1.01439
77	112	0.999819
77	122	1.00053
77	123	0.994351
77	124	0.93472
77	128	1.01862
77	138	0.96512
77	155	0.848727
78	100	0.850243
78	106	1.02738
78	131	1.02855
78	143	0.999494
78	144	1.02462
78	145	0.997805
78	146	1.02391
78	149	1.00662
78	150	1.00951
78	152	1.02678
78	161	1.00044
78	164	0.951389
78	166	0.963311
78	170	1.00689
78	172	1.00154
78	176	1.0203
78	177	1.01846
78	178	1.0077
78	179	1.04651
79	20	1.08408
79	35	1.0327
79	42	0.863023
79	49	1.01618
79	50	1.01836
79	51	1.00856
79	58	0.976713
79	62	0.981569
79	63	0.981684
79	77	1.02983
79	80	1.03533
79	89	0.999882
79	105	1.01637
79	112	1.0018
79	123	0.996336
79	128	1.0206
79	133	1.01073
79	155	0.830939
79	175	1.10416
80	39	0.95388
80	57	0.605312
80	71	1.04911
80	79	1.03533
80	89	1.0034
80	90	1.00139
80	105	1.0199
80	112	1.00533
80	126	1.11622
80	128	1.02413
80	129	0.987684
80	140	1.15289
80	155	1.02748
80	160	1.0276
80	163	0.933875
80	172	1.00573
80	176	1.02449
80	177	1.02265
80	178	1.01189
81	10	0.768237
81	21	1.06107
81	49	1.01493
81	58	0.975469
81	70	1.03402
81	87	1.03339
81	105	1.01513
81	107	1.01123
81	123	0.995092
81	128	1.01936
81	129	0.982917
81	134	1.02194
81	146	0.976721
81	148	1.01295
81	164	1.02369
81	168	1.01854
81	173	1.00953
81	179	1.0044
81	180	1.01267
82	3	0.9975
82	4	1.00886
82	8	1.01631
82	21	0.975534
82	24	0.978916
82	34	0.952474
82	39	0.863578
82	44	1.16627
82	48	0.918448
82	64	0.981985
82	71	0.958806
82	94	1.15264
82	107	0.925694
82	129	0.897381
82	134	0.936405
82	138	0.934175
82	155	0.937181
82	156	1.4863
82	175	0.916759
83	4	1.07085
83	8	1.0783
83	11	0.951844
83	21	1.03753
83	39	0.925572
83	47	0.996154
83	48	0.980442
83	55	0.981971
83	64	1.04398
83	71	1.0208
83	90	0.973085
83	116	1.00678
83	126	1.03764
83	129	0.959375
83	134	0.998399
83	138	0.996168
83	164	0.966668
83	169	1.04321
83	175	0.978753
83	180	0.963656
84	101	0.97813
84	106	1.01462
84	110	1.00482
84	131	1.01579
84	132	0.995905
84	142	1.05139
84	144	1.01186
84	149	0.993868
84	150	0.996754
84	151	0.996359
84	153	1.01446
84	160	1.01065
84	167	1.03662
84	170	0.994137
84	171	0.908742
84	172	0.988782
84	175	0.990115
84	176	1.00754
84	177	1.00571
84	178	0.994948
85	34	1.02202
85	36	1.01376
85	70	1.01803
85	77	1.01259
85	89	0.98265
85	97	1.19811
85	116	1.01433
85	123	0.979104
85	125	1.00152
85	128	1.00337
85	129	0.966929
85	134	1.00595
85	136	0.968687
85	163	1.01204
85	165	0.980882
85	168	1.00255
85	174	1.00069
85	176	0.822293
85	179	0.988412
85	180	0.996686
86	74	1.0184
86	99	1.0195
86	102	0.968911
86	110	0.989172
86	120	0.985017
86	137	0.997623
86	139	1.06052
86	143	0.971085
86	147	1.10358
86	148	0.984756
86	149	0.978215
86	150	0.981101
86	152	0.998374
86	160	0.995
86	162	1.00474
86	170	0.978484
86	172	0.973129
86	174	1.04254
86	176	0.99189
86	177	0.990053
86	178	0.979295
87	29	1.20734
87	74	1.01888
87	81	1.03339
87	93	0.948038
87	102	0.969393
87	131	1.00062
87	136	0.999741
87	137	0.998105
87	141	1.00993
87	143	0.971567
87	146	0.995979
87	148	0.985238
87	150	0.981583
87	151	0.981188
87	154	1.01656
87	161	0.972514
87	170	0.978966
87	172	0.973611
87	176	0.992372
87	177	0.990535
87	178	0.979777
88	38	1.15114
88	119	0.94096
88	127	0.918885
88	147	0.940409
88	153	0.92328
88	154	0.943285
88	157	0.936487
88	162	0.932056
88	163	0.949106
88	164	0.944769
88	165	0.917949
88	166	0.928825
88	168	0.939619
88	169	0.919224
88	171	0.937557
88	173	0.930606
88	174	0.937753
88	176	1.52175
88	177	1.52166
88	179	0.925479
88	180	0.933753
89	2	1.05036
89	13	1.05016
89	36	0.999062
89	51	0.97663
89	52	0.992718
89	55	0.974829
89	58	0.944784
89	62	0.94964
89	77	0.997897
89	79	0.999882
89	80	1.0034
89	85	0.98265
89	105	0.984445
89	112	0.969876
89	117	1.20215
89	122	0.970582
89	123	0.964407
89	128	0.988675
89	138	1.04973
89	167	1.03439
89	180	0.925309
90	12	1.05273
90	38	0.995211
90	40	0.988293
90	47	0.987
90	53	0.954331
90	75	1.00278
90	80	1.00139
90	83	0.973085
90	92	1.19941
90	100	0.887009
90	116	0.997625
90	129	0.950221
90	133	1.17296
90	134	0.989244
90	141	1.00459
90	143	0.966222
90	146	0.990633
90	156	0.95252
90	176	0.987026
90	177	0.985189
90	178	0.974431
91	18	0.956649
91	67	1.18587
91	97	0.978516
91	121	0.990466
91	139	1.00233
91	143	0.979558
91	144	1.00468
91	145	0.977869
91	146	1.00397
91	148	0.993229
91	149	0.986688
91	151	0.989179
91	160	1.00347
91	161	0.980505
91	167	1.09544
91	168	0.924767
91	170	0.986957
91	172	0.981602
91	176	1.00036
91	177	0.998526
91	178	0.987768
92	13	0.815715
92	90	1.19941
92	93	0.983107
92	99	1.08702
92	100	1.02771
92	114	0.983439
92	118	0.958457
92	144	1.09189
92	147	0.993736
92	153	0.976607
92	156	0.99266
92	158	1.00388
92	159	0.977322
92	163	1.00243
92	164	0.998095
92	166	0.982151
92	169	0.97255
92	171	0.990883
92	174	0.991079
92	179	0.978805
92	180	0.987079
93	37	1.11181
93	87	0.948038
93	92	0.983107
93	113	0.980016
93	124	0.980457
93	125	1.07849
93	142	0.983812
93	143	1.05623
93	156	0.997633
93	163	1.00741
93	164	1.00307
93	165	0.976249
93	166	0.987125
93	167	0.98322
93	168	0.997919
93	169	0.977524
93	173	0.988906
93	174	0.996053
93	175	0.981673
93	179	0.983779
93	180	0.992053
94	49	1.05965
94	58	1.02018
94	62	1.02504
94	71	0.86426
94	82	1.15264
94	101	1.03502
94	116	0.557287
94	123	1.03981
94	128	1.06407
94	129	1.06782
94	134	0.550551
94	140	1.05904
94	143	1.04363
94	152	1.07092
94	156	1.06297
94	172	1.04568
94	173	1.05424
94	174	1.06139
94	178	1.05184
94	179	1.04912
94	180	1.05739
95	3	0.878391
95	69	1.06824
95	127	0.973236
95	140	0.989754
95	142	0.979863
95	148	1.17045
95	152	1.07711
95	154	0.997636
95	156	0.993685
95	158	1.00491
95	162	0.986408
95	163	1.00346
95	166	0.983176
95	167	0.979271
95	168	0.993971
95	171	0.991908
95	173	0.984958
95	174	0.992104
95	175	0.977725
95	179	0.97983
95	180	0.988105
96	16	0.955212
96	55	1.12124
96	120	0.992578
96	125	0.974902
96	132	0.987812
96	141	1.01701
96	143	0.978646
96	144	1.00377
96	145	0.976957
96	150	0.988662
96	151	0.988267
96	152	1.00593
96	154	1.04371
96	161	0.979593
96	166	1.03857
96	170	0.986045
96	171	1.00484
96	172	0.98069
96	176	0.999451
96	177	0.997614
96	178	0.986856
97	37	0.468063
97	73	0.946898
97	85	1.19811
97	91	0.978516
97	101	0.958863
97	106	0.995354
97	110	0.985558
97	120	0.981403
97	125	0.963727
97	137	0.994009
97	141	1.00584
97	145	0.965782
97	148	0.981142
97	150	0.977487
97	151	0.977092
97	159	1.30678
97	161	0.968418
97	167	1.4326
97	172	0.969515
97	176	0.988276
97	177	0.986439
97	178	0.975681
98	4	0.785899
98	56	1.02494
98	59	1.0867
98	112	1.07636
98	118	1.00874
98	124	1.02576
98	136	0.878966
98	139	1.04298
98	140	1.03901
98	151	0.805418
98	153	1.02689
98	158	1.05416
98	159	1.0276
98	162	1.03566
98	165	1.02156
98	169	1.02283
98	171	1.04116
98	173	1.03421
98	174	1.04136
98	178	0.844619
98	179	1.02909
98	180	1.03736
99	14	0.679376
99	65	1.07797
99	86	1.0195
99	92	1.08702
99	110	1.03501
99	119	0.914462
99	136	1.0451
99	137	1.04346
99	144	1.04205
99	146	1.04134
99	149	1.02405
99	151	1.02655
99	152	1.04421
99	158	0.852133
99	160	1.04084
99	161	1.01787
99	164	0.875765
99	170	1.02432
99	172	1.01897
99	176	1.03773
99	177	1.03589
99	178	1.02513
100	74	0.811427
100	78	0.850243
100	90	0.887009
100	92	1.02771
100	124	1.02506
100	135	1.02213
100	139	1.04227
100	157	1.03939
100	158	1.05346
100	159	1.0269
100	160	0.851379
100	163	1.05201
100	164	1.04767
100	165	1.02085
100	166	1.03173
100	168	1.04252
100	169	1.02213
100	171	1.04046
100	172	0.994496
100	174	1.04066
100	179	1.02838
100	180	1.03666
101	84	0.97813
101	94	1.03502
101	97	0.958863
101	121	0.970813
101	131	0.988957
101	132	0.969071
101	141	0.998271
101	145	0.958216
101	146	0.984316
101	151	0.969525
101	152	0.987193
101	159	1.10233
101	160	0.98382
101	161	0.960851
101	162	1.07925
101	166	1.134
101	170	0.967304
101	172	0.961949
101	173	1.09539
101	176	0.980709
101	177	0.978872
101	178	0.968114
102	46	0.985211
102	66	0.816677
102	68	0.943746
102	86	0.968911
102	87	0.969393
102	106	0.994222
102	121	0.977248
102	130	1.29681
102	141	1.00471
102	146	0.990751
102	149	0.97347
102	151	0.97596
102	160	0.990255
102	161	0.967286
102	166	1.15493
102	170	0.973739
102	172	0.968384
102	175	0.969716
102	176	0.987144
102	177	0.985307
102	178	0.974549
102	180	1.14
103	12	0.820708
103	27	1.04659
103	38	0.799549
103	39	0.950869
103	77	1.06316
103	105	1.06696
103	107	1.01298
103	116	1.03208
103	129	0.984672
103	134	1.0237
103	147	1.02109
103	154	1.02396
103	161	1.00162
103	164	1.02545
103	167	1.0056
103	168	1.0203
103	170	1.00807
103	172	1.00272
103	174	1.01843
103	175	1.00405
103	176	1.02148
103	177	1.01964
103	178	1.00888
103	180	1.01443
104	108	0.967798
104	110	1.15755
104	118	0.932665
104	137	1.13337
104	139	0.966903
104	147	0.967944
104	153	0.950815
104	154	0.970819
104	156	0.966868
104	158	0.978093
104	159	0.95153
104	161	1.2277
104	162	0.959591
104	164	0.972303
104	165	0.945484
104	167	0.952454
104	168	0.967154
104	169	0.946758
104	171	0.965091
104	172	1.27019
104	173	0.958141
104	174	0.965287
104	179	0.953013
104	180	0.961288
105	13	1.06665
105	20	1.06864
105	34	1.02382
105	35	1.01727
105	36	1.01555
105	49	1.00074
105	51	0.993122
105	52	1.00921
105	58	0.961276
105	60	1.05492
105	62	0.966132
105	77	1.01439
105	79	1.01637
105	80	1.0199
105	81	1.01513
105	89	0.984445
105	103	1.06696
105	112	0.986368
105	115	0.950617
105	123	0.980899
105	128	1.00517
105	158	0.823881
105	175	1.12575
105	180	0.844501
106	78	1.02738
106	84	1.01462
106	97	0.995354
106	102	0.994222
106	125	0.992652
106	132	1.00556
106	136	1.02457
106	138	1.01719
106	140	1.01716
106	141	1.03476
106	142	1.03037
106	146	1.02081
106	148	1.01007
106	150	1.00641
106	152	1.02368
106	153	0.993434
106	161	0.997342
106	162	0.866703
106	172	0.99844
106	175	0.999772
106	176	1.0172
106	177	1.01536
106	178	1.00461
106	180	0.906515
107	3	1.06494
107	4	1.0763
107	8	1.08375
107	24	1.04636
107	35	0.880202
107	39	0.93102
107	47	1.0016
107	64	1.04943
107	70	1.01593
107	71	1.02625
107	81	1.01123
107	82	0.925694
107	103	1.01298
107	116	1.01223
107	122	0.983174
107	126	0.990068
107	129	0.964824
107	134	1.00385
107	138	1.00162
107	155	1.00462
107	166	0.931021
107	169	0.995642
107	175	0.984201
107	179	1.01422
108	2	0.725255
108	104	0.967798
108	119	1.00974
108	124	0.99094
108	128	0.948944
108	140	1.00419
108	147	1.00919
108	150	1.08797
108	156	1.00812
108	158	1.01934
108	159	0.992779
108	160	1.05189
108	162	1.00084
108	164	1.01355
108	165	0.986732
108	166	0.997608
108	167	0.993703
108	168	1.0084
108	169	0.988007
108	170	1.17466
108	171	1.00634
108	173	0.999389
108	174	1.00654
108	179	0.994262
108	180	1.00254
109	15	1.06923
109	32	0.951001
109	69	0.924461
109	74	0.960187
109	126	0.989352
109	135	0.982489
109	139	1.00263
109	142	0.988771
109	145	1.16026
109	147	1.00367
109	154	1.00654
109	156	1.00259
109	159	0.987255
109	163	1.01237
109	164	1.00803
109	166	0.992084
109	167	0.988179
109	168	1.00288
109	169	0.982483
109	171	1.00082
109	173	0.993866
109	174	1.00101
109	176	0.99833
109	179	0.988738
109	180	0.997013
110	76	0.740865
110	84	1.00482
110	86	0.989172
110	97	0.985558
110	99	1.03501
110	104	1.15755
110	132	0.995766
110	143	0.9866
110	144	1.01172
110	145	0.984911
110	146	1.01101
110	148	1.00027
110	149	0.99373
110	150	0.996616
110	152	1.01389
110	160	1.01052
110	167	1.08907
110	169	1.05954
110	170	0.993999
110	171	0.961189
110	172	0.988644
110	175	0.989976
110	176	1.0074
110	177	1.00557
110	178	0.99481
111	39	1.44357
111	54	1.06948
111	122	0.842354
111	125	0.969169
111	126	0.990827
111	133	0.983459
111	135	0.983964
111	136	0.936334
111	137	0.79804
111	147	1.00514
111	153	0.988015
111	156	1.00407
111	158	1.01529
111	159	0.98873
111	162	0.996791
111	163	1.01384
111	164	1.0095
111	165	0.982683
111	166	0.993559
111	168	1.00435
111	169	0.983958
111	171	1.00229
111	173	0.995341
111	179	0.990213
111	180	0.998487
112	2	1.05228
112	11	1.4203
112	30	1.03011
112	34	1.00925
112	36	1.00098
112	49	0.986172
112	50	0.988349
112	51	0.978552
112	52	0.99464
112	55	0.976751
112	58	0.946707
112	60	1.04035
112	62	0.951563
112	63	0.951678
112	77	0.999819
112	79	1.0018
112	80	1.00533
112	89	0.969876
112	98	1.07636
112	105	0.986368
112	122	0.972505
112	123	0.96633
112	128	0.990597
112	155	1.29952
112	163	1.18313
112	177	0.223407
113	17	1.2266
113	93	0.980016
113	114	0.980347
113	115	0.973798
113	133	0.968959
113	136	1.12109
113	141	0.980992
113	142	0.975747
113	147	0.990644
113	153	0.973515
113	156	0.989569
113	158	1.00079
113	159	0.974231
113	163	0.999342
113	164	0.995004
113	165	0.968184
113	166	0.97906
113	167	0.975155
113	168	0.989854
113	169	0.969459
113	171	0.987792
113	173	0.980841
113	174	0.987988
113	177	0.974612
113	178	1.08675
113	179	0.975714
113	180	0.983988
114	53	1.04972
114	65	0.90381
114	92	0.983439
114	113	0.980347
114	128	1.03349
114	135	0.977861
114	139	0.998
114	140	0.994034
114	152	1.06963
114	153	0.981912
114	156	0.997965
114	157	0.995118
114	158	1.00919
114	159	0.982627
114	162	0.990688
114	164	1.0034
114	166	0.987456
114	167	0.983551
114	168	0.998251
114	169	0.977855
114	171	0.996188
114	173	0.989238
114	174	0.996384
114	176	1.13462
114	179	0.98411
114	180	0.992384
115	105	0.950617
115	113	0.973798
115	120	1.06752
115	123	1.08008
115	124	0.97424
115	127	0.970967
115	130	0.965318
115	135	0.971312
115	139	0.991451
115	140	0.987485
115	142	0.977594
115	150	1.09171
115	156	0.991416
115	158	1.00264
115	159	0.976078
115	163	1.00119
115	165	0.970032
115	166	0.980907
115	167	0.977002
115	168	0.991702
115	169	0.971306
115	171	0.989639
115	172	1.19875
115	173	0.982689
115	174	0.989835
115	179	0.977561
115	180	0.985836
116	3	1.08403
116	11	0.976384
116	21	1.06207
116	22	0.942373
116	24	1.06545
116	47	1.02069
116	48	1.00498
116	55	1.00651
116	64	1.06852
116	70	1.03502
116	71	1.04534
116	83	1.00678
116	85	1.01433
116	90	0.997625
116	94	0.557287
116	103	1.03208
116	107	1.01223
116	117	0.989456
116	122	1.00227
116	127	1.07697
116	129	0.983915
116	134	1.02294
116	135	1.07681
116	155	1.02371
116	159	0.906838
116	165	0.974711
116	175	1.00329
116	179	1.02171
117	6	1.03788
117	24	1.02359
117	31	0.966653
117	47	0.978831
117	53	1.13964
117	89	1.20215
117	116	0.989456
117	123	1.2508
117	127	0.956941
117	129	0.942052
117	132	0.96722
117	134	0.981076
117	138	0.978846
117	139	0.977425
117	141	0.99642
117	151	0.967674
117	155	0.981852
117	162	0.970113
117	166	0.966881
117	167	0.962976
117	170	0.965452
117	171	0.975613
117	172	0.960097
117	176	0.978858
117	177	0.977021
117	178	0.966263
117	179	0.963535
117	180	0.971809
118	20	0.81257
118	60	1.02384
118	92	0.958457
118	98	1.00874
118	104	0.932665
118	119	0.97461
118	122	1.21742
118	126	0.959742
118	133	0.952374
118	136	1.3114
118	139	0.973019
118	141	1.17129
118	153	0.95693
118	154	0.976935
118	157	0.970137
118	159	0.957645
118	162	0.965706
118	165	0.951599
118	166	0.962475
118	167	0.95857
118	168	0.973269
118	169	0.952874
118	171	0.971207
118	173	0.964256
118	174	0.971403
118	175	0.957023
118	178	1.27705
118	179	0.959129
118	180	0.967403
119	24	0.929824
119	74	0.951269
119	88	0.94096
119	99	0.914462
119	108	1.00974
119	118	0.97461
119	124	0.991637
119	132	1.06047
119	139	1.00885
119	140	1.00488
119	142	0.994991
119	143	1.14638
119	147	1.00989
119	156	1.00881
119	157	1.00597
119	158	1.02004
119	159	0.993475
119	162	1.00154
119	163	1.01859
119	164	1.01425
119	165	0.987429
119	166	0.998304
119	167	0.994399
119	168	1.0091
119	171	1.00704
119	173	1.00009
119	174	1.00723
119	177	0.989323
119	179	0.994958
119	180	1.00323
120	1	1.06567
120	25	0.818541
120	28	0.946481
120	55	1.059
120	65	1.04349
120	72	1.18213
120	86	0.985017
120	96	0.992578
120	97	0.981403
120	115	1.06752
120	121	0.993354
120	131	1.0115
120	136	1.01062
120	137	1.00898
120	138	1.00324
120	144	1.00757
120	146	1.00686
120	149	0.989575
120	150	0.992461
120	151	0.992066
120	152	1.00973
120	158	0.940781
120	160	1.00636
120	161	0.983392
120	170	0.989844
120	172	0.984489
120	173	0.937732
120	176	1.00325
120	177	1.00141
120	178	0.990655
121	43	0.996967
121	56	0.980647
121	73	0.958848
121	91	0.990466
121	101	0.970813
121	102	0.977248
121	120	0.993354
121	125	0.975678
121	131	1.00847
121	132	0.988588
121	135	1.13522
121	136	1.0076
121	141	1.01779
121	143	0.979422
121	144	1.00455
121	146	1.00383
121	149	0.986552
121	150	0.989438
121	151	0.989042
121	152	1.00671
121	155	1.00322
121	157	1.04514
121	160	1.00334
121	161	0.980368
121	167	1.09106
121	172	0.981466
121	174	0.979971
121	176	1.00023
121	177	0.998389
121	178	0.987631
121	180	0.981984
122	2	1.05299
122	3	1.05498
122	13	1.05279
122	39	0.921058
122	50	0.989056
122	52	0.995347
122	64	1.03947
122	77	1.00053
122	89	0.970582
122	107	0.983174
122	111	0.842354
122	112	0.972505
122	116	1.00227
122	118	1.21742
122	123	0.967036
122	128	0.991304
122	129	0.954861
122	130	1.15692
122	132	0.980028
122	134	0.993885
122	137	0.9974
122	154	1.02019
122	160	0.994778
122	170	0.978261
122	172	0.972906
122	173	0.976446
122	174	0.998104
122	175	0.974239
122	176	0.991667
122	177	0.98983
122	178	0.979072
123	2	1.04681
123	13	1.04662
123	20	1.04861
123	30	1.02464
123	34	1.00378
123	36	0.995516
123	49	0.980703
123	50	0.982881
123	51	0.973084
123	52	0.989172
123	55	0.971282
123	58	0.941238
123	60	1.03488
123	62	0.946094
123	63	0.94621
123	77	0.994351
123	79	0.996336
123	81	0.995092
123	85	0.979104
123	89	0.964407
123	94	1.03981
123	105	0.980899
123	112	0.96633
123	115	1.08008
123	117	1.2508
123	122	0.967036
123	128	0.985129
123	138	1.09838
123	155	0.981985
123	162	0.93415
123	163	0.865599
124	77	0.93472
124	93	0.980457
124	98	1.02576
124	100	1.02506
124	108	0.99094
124	115	0.97424
124	119	0.991637
124	130	0.963913
124	134	1.01085
124	135	0.969906
124	138	0.991466
124	142	0.976189
124	145	1.20365
124	153	0.973957
124	157	0.987164
124	158	1.00123
124	159	0.974672
124	162	0.982733
124	164	0.995446
124	165	0.968626
124	166	0.979502
124	167	0.975597
124	168	0.990296
124	169	0.969901
124	171	0.988234
124	174	0.98843
124	175	0.97405
124	176	1.04172
124	177	1.04163
124	178	1.15377
124	179	0.976156
124	180	0.98443
125	7	1.05271
125	16	0.941335
125	26	1.02635
125	60	1.03496
125	74	1.01208
125	85	1.00152
125	93	1.07849
125	96	0.974902
125	97	0.963727
125	106	0.992652
125	111	0.969169
125	121	0.975678
125	132	0.973935
125	136	0.992943
125	141	1.00314
125	143	0.964769
125	145	0.96308
125	146	0.989181
125	148	0.97844
125	149	0.971899
125	150	0.974785
125	151	0.97439
125	152	0.992058
125	161	0.965716
125	162	1.08712
125	168	1.06534
125	169	1.20649
125	170	0.972168
125	172	0.966813
125	176	0.985574
125	177	0.983737
125	178	0.972979
126	56	0.975941
126	66	1.04094
126	80	1.11622
126	83	1.03764
126	107	0.990068
126	109	0.989352
126	111	0.990827
126	118	0.959742
126	127	0.973496
126	130	0.967848
126	132	1.09274
126	133	0.973336
126	135	0.973841
126	139	0.993981
126	142	0.980123
126	147	0.995021
126	153	0.977892
126	157	0.991099
126	159	0.978607
126	162	0.986668
126	163	1.00372
126	165	0.972561
126	166	0.983436
126	167	0.979531
126	169	0.973835
126	171	0.992169
126	173	0.985218
126	174	0.992365
126	177	1.0216
126	178	1.13373
126	179	0.980091
126	180	0.988365
127	26	0.980177
127	61	1.03555
127	88	0.918885
127	95	0.973236
127	115	0.970967
127	116	1.07697
127	117	0.956941
127	126	0.973496
127	130	0.96064
127	135	0.966633
127	140	0.982806
127	144	1.03101
127	147	0.987813
127	151	1.17395
127	153	0.970684
127	154	0.990689
127	157	0.983891
127	158	0.997962
127	159	0.9714
127	163	0.996511
127	164	0.992173
127	165	0.965353
127	166	0.976229
127	167	0.972324
127	168	0.987023
127	169	0.966628
127	170	1.22569
127	171	0.984961
127	173	0.97801
127	174	0.985157
127	176	1.1011
127	179	0.972883
127	180	0.981157
128	2	1.07108
128	11	0.975375
128	13	1.07088
128	20	1.07287
128	30	1.04891
128	35	1.0215
128	36	1.01978
128	49	1.00497
128	50	1.00715
128	51	0.997352
128	52	1.01344
128	55	0.99555
128	58	0.965506
128	60	1.05915
128	62	0.970362
128	63	0.970478
128	77	1.01862
128	79	1.0206
128	80	1.02413
128	81	1.01936
128	85	1.00337
128	89	0.988675
128	94	1.06407
128	105	1.00517
128	108	0.948944
128	112	0.990597
128	114	1.03349
128	122	0.991304
128	123	0.985129
128	139	0.862535
128	156	0.813949
128	164	0.849584
128	175	1.12782
129	3	1.03663
129	4	1.04799
129	8	1.05544
129	21	1.01466
129	22	0.894969
129	24	1.01805
129	30	1.01246
129	39	0.902708
129	44	1.08145
129	47	0.97329
129	48	0.957578
129	59	1.05953
129	64	1.02112
129	70	0.987616
129	71	0.997936
129	80	0.987684
129	81	0.982917
129	82	0.897381
129	83	0.959375
129	85	0.966929
129	90	0.950221
129	94	1.06782
129	103	0.984672
129	107	0.964824
129	116	0.983915
129	117	0.942052
129	122	0.954861
129	134	0.975535
129	138	0.973304
129	166	1.44904
129	172	0.51103
129	175	0.955889
129	180	1.4341
130	53	1.01961
130	61	1.0299
130	75	0.936584
130	76	1.01105
130	102	1.29681
130	115	0.965318
130	122	1.15692
130	124	0.963913
130	126	0.967848
130	127	0.96064
130	134	1.07364
130	135	0.960985
130	139	0.981124
130	140	0.977157
130	141	1.1108
130	142	0.967267
130	147	0.982164
130	153	0.965035
130	154	0.98504
130	156	0.981089
130	157	0.978242
130	158	0.992313
130	163	0.990862
130	164	0.986524
130	166	0.97058
130	167	0.966675
130	168	0.981375
130	169	0.960979
130	171	0.979312
130	173	0.972361
130	174	0.979508
130	179	0.967234
130	180	0.975508
131	1	1.08079
131	7	1.08551
131	19	0.737161
131	55	1.01101
131	78	1.02855
131	84	1.01579
131	87	1.00062
131	101	0.988957
131	120	1.0115
131	121	1.00847
131	132	1.00673
131	133	1.10122
131	139	0.929368
131	141	1.03593
131	142	1.03726
131	143	0.997565
131	145	0.995876
131	146	1.02198
131	148	1.01124
131	149	1.0047
131	150	1.00758
131	151	1.00719
131	152	1.02485
131	160	1.02148
131	161	0.998512
131	163	0.805042
131	169	0.99296
131	170	1.00496
131	172	0.999609
131	175	1.00094
131	176	1.01837
131	177	1.01653
131	178	1.00577
132	7	1.06562
132	76	0.779637
132	84	0.995905
132	96	0.987812
132	101	0.969071
132	106	1.00556
132	110	0.995766
132	117	0.96722
132	119	1.06047
132	121	0.988588
132	122	0.980028
132	125	0.973935
132	126	1.09274
132	131	1.00673
132	135	1.17199
132	137	1.00422
132	139	1.03472
132	141	1.01605
132	144	1.0028
132	145	0.975991
132	148	0.991351
132	149	0.984809
132	150	0.987695
132	151	0.9873
132	152	1.00497
132	155	1.00148
132	159	1.00202
132	160	1.00159
132	161	0.978626
132	165	1.0699
132	170	0.985079
132	172	0.979723
132	175	0.981056
132	176	0.998484
132	177	0.996647
132	178	0.985889
133	29	0.946295
133	50	1.13328
133	57	1.03183
133	59	1.03033
133	65	0.904706
133	72	0.946726
133	79	1.01073
133	90	1.17296
133	111	0.983459
133	113	0.968959
133	118	0.952374
133	126	0.973336
133	131	1.10122
133	135	0.966473
133	137	1.14362
133	138	0.988033
133	139	0.986613
133	140	0.982646
133	142	0.972755
133	146	1.12763
133	147	0.987653
133	153	0.970524
133	154	0.990529
133	157	0.983731
133	158	0.997802
133	162	0.9793
133	163	0.99635
133	164	0.992013
133	165	0.965193
133	166	0.976068
133	167	0.972163
133	168	0.986863
133	171	0.984801
133	173	0.97785
133	174	0.984997
133	175	0.970617
133	179	0.972723
133	180	0.980997
134	3	1.07565
134	4	1.08701
134	8	1.09446
134	11	0.968003
134	21	1.05369
134	22	0.933992
134	24	1.05707
134	30	1.05149
134	34	1.03063
134	39	0.941731
134	45	1.07262
134	47	1.01231
134	48	0.996602
134	55	0.998131
134	64	1.06014
134	70	1.02664
134	71	1.03696
134	81	1.02194
134	82	0.936405
134	83	0.998399
134	85	1.00595
134	90	0.989244
134	94	0.550551
134	103	1.0237
134	107	1.00385
134	116	1.02294
134	117	0.981076
134	122	0.993885
134	124	1.01085
134	129	0.975535
134	130	1.07364
134	138	1.01233
134	147	0.975868
134	153	1.00376
134	155	1.01533
134	167	1.02592
134	171	0.89804
134	175	0.994912
135	30	0.982375
135	100	1.02213
135	109	0.982489
135	111	0.983964
135	114	0.977861
135	115	0.971312
135	116	1.07681
135	121	1.13522
135	124	0.969906
135	126	0.973841
135	127	0.966633
135	130	0.960985
135	132	1.17199
135	133	0.966473
135	139	0.987118
