1	8	1.02753
1	10	0.925482
1	14	0.928672
1	16	0.906037
1	18	1.00102
1	35	0.897226
1	61	2.23419
1	133	1.64488
1	149	0.897112
1	150	0.960488
1	166	0.883945
1	180	3.77819
2	87	0.857659
2	89	0.859394
2	91	0.903487
2	98	0.871225
2	99	0.826086
2	101	0.877847
2	104	0.875133
2	110	0.850797
2	148	3.87152
2	152	2.05307
2	162	0.749559
2	168	0.740072
3	33	0.867125
3	95	0.820944
3	100	0.865075
3	102	0.863187
3	103	0.861072
3	108	0.836811
3	113	0.842123
3	115	0.831432
3	117	0.834021
3	133	1.74394
3	153	0.800815
3	157	3.7665
4	54	0.884874
4	55	0.886461
4	56	0.885851
4	59	0.804221
4	60	0.870842
4	61	3.16581
4	62	0.864814
4	77	0.853201
4	80	0.853006
4	141	0.771599
4	161	2.68807
4	166	0.76753
5	19	0.887647
5	20	0.883227
5	21	0.789999
5	22	0.784389
5	23	0.87557
5	28	0.858235
5	31	0.853551
5	41	0.839683
5	107	0.838419
5	137	2.01372
5	147	0.835348
5	169	3.52435
6	115	2.21641
6	157	0.785604
6	160	0.787331
6	165	0.792945
6	174	0.781377
6	175	0.768613
6	176	0.744896
6	177	0.764639
6	178	0.782284
6	179	0.73497
6	180	0.753868
7	57	1.36656
7	67	0.813903
7	94	0.833611
7	96	0.830293
7	97	0.828374
7	106	0.86202
7	116	3.9606
7	122	0.870624
7	123	0.821171
7	125	0.843595
7	126	0.843699
7	130	0.849933
8	1	1.02753
8	10	0.916728
8	16	0.897282
8	18	0.992264
8	34	0.978624
8	35	0.888472
8	149	0.888358
8	150	0.951734
8	155	1.14954
8	156	2.47748
8	166	0.875191
8	172	2.63666
9	17	0.819388
9	78	0.876152
9	87	0.864315
9	91	0.910142
9	98	0.87788
9	99	0.832742
9	101	0.884503
9	110	0.857452
9	153	2.29332
9	154	3.34547
9	162	0.756214
9	168	0.746727
10	1	0.925482
10	8	0.916728
10	14	0.817873
10	16	0.795238
10	18	0.890219
10	34	0.876579
10	35	0.786427
10	74	1.16658
10	149	0.786313
10	150	0.849689
10	164	4.64684
10	166	0.773146
11	26	0.904766
11	39	0.817373
11	45	0.886622
11	48	0.855521
11	68	0.899527
11	69	0.898897
11	139	1.95538
11	146	0.792563
11	151	0.804015
11	153	0.829149
11	162	0.766187
11	163	3.19493
12	150	2.55639
12	160	0.780527
12	170	0.788581
12	171	0.790368
12	173	0.753333
12	174	0.774574
12	175	0.761809
12	176	0.738092
12	177	0.757835
12	178	0.77548
12	179	0.728166
12	180	0.747064
13	29	0.957801
13	32	0.947498
13	42	0.933512
13	46	0.996586
13	47	0.916816
13	49	0.917048
13	53	0.908535
13	66	0.962727
13	112	1.27584
13	149	0.874021
13	158	1.27289
13	180	4.15656
14	1	0.928672
14	10	0.817873
14	16	0.798427
14	18	0.893409
14	34	0.879769
14	35	0.789617
14	105	2.38762
14	111	0.883082
14	149	0.789503
14	150	0.852879
14	151	3.18495
14	166	0.776336
15	54	0.877416
15	55	0.879002
15	56	0.878393
15	59	0.796763
15	60	0.863384
15	62	0.857356
15	77	0.845742
15	80	0.845548
15	129	2.20465
15	150	0.836614
15	152	3.45434
15	166	0.760071
16	1	0.906037
16	8	0.897282
16	10	0.795238
16	14	0.798427
16	18	0.870773
16	34	0.857134
16	35	0.766981
16	111	0.860446
16	137	1.98363
16	146	3.70824
16	149	0.766867
16	150	0.830243
16	166	0.7537
17	9	0.819388
17	51	0.84584
17	78	0.863352
17	89	0.853249
17	99	0.819942
17	101	0.871703
17	104	0.868989
17	110	0.844652
17	138	2.76138
17	151	0.781242
17	156	2.87351
17	163	0.807879
17	168	0.733927
18	1	1.00102
18	8	0.992264
18	10	0.890219
18	14	0.893409
18	16	0.870773
18	34	0.952115
18	35	0.861962
18	88	1.93499
18	128	1.60491
18	135	2.89445
18	149	0.861848
18	150	0.925224
18	166	0.848681
19	5	0.887647
19	21	0.874835
19	22	0.869225
19	23	0.960405
19	28	0.943071
19	31	0.938387
19	41	0.924519
19	70	1.31071
19	105	0.8792
19	130	0.929699
19	147	0.920183
19	170	1.31072
19	179	5.20476
20	5	0.883227
20	21	0.870415
20	22	0.864806
20	23	0.955986
20	28	0.938651
20	31	0.933968
20	41	0.9201
20	107	0.918835
20	130	0.92528
20	147	0.915764
20	154	1.52181
20	163	1.09955
20	168	4.44612
21	5	0.789999
21	19	0.874835
21	20	0.870415
21	22	0.771578
21	23	0.862758
21	28	0.845423
21	31	0.840739
21	41	0.826871
21	74	1.90945
21	105	0.781552
21	107	0.825607
21	132	3.38423
21	147	0.822536
22	5	0.784389
22	19	0.869225
22	20	0.864806
22	21	0.771578
22	23	0.857148
22	28	0.839814
22	31	0.83513
22	41	0.821262
22	107	0.819998
22	127	4.39481
22	130	0.826442
22	147	0.816926
22	149	1.70091
23	5	0.87557
23	19	0.960405
23	20	0.955986
23	21	0.862758
23	22	0.857148
23	28	0.930994
23	31	0.92631
23	41	0.912442
23	130	0.917622
23	147	0.908106
23	149	2.16622
23	169	1.82123
23	177	2.99304
24	25	0.856305
24	29	0.856767
24	38	0.772241
24	42	0.832479
24	44	0.835292
24	46	0.895552
24	47	0.815783
24	49	0.816015
24	53	0.807501
24	66	0.861693
24	149	0.772987
24	158	2.05625
24	177	3.85832
25	24	0.856305
25	29	0.925041
25	32	0.914738
25	38	0.840515
25	44	0.903566
25	46	0.963826
25	47	0.884057
25	49	0.884288
25	53	0.875775
25	66	0.929967
25	149	0.841261
25	157	2.10109
25	173	3.07241
25	174	2.03642
26	11	0.904766
26	39	0.870006
26	45	0.939255
26	48	0.908154
26	68	0.95216
26	69	0.95153
26	146	0.845196
26	147	0.912642
26	151	0.856648
26	153	0.881782
26	154	2.76181
26	162	0.81882
26	170	2.44004
26	172	2.12721
27	79	0.914669
27	95	0.888988
27	102	0.931232
27	103	0.929117
27	108	0.904856
27	113	0.910168
27	115	0.899477
27	117	0.902066
27	133	1.67734
27	146	0.832274
27	150	0.908124
27	155	1.46527
27	159	3.85066
27	168	0.79641
28	5	0.858235
28	19	0.943071
28	20	0.938651
28	21	0.845423
28	22	0.839814
28	23	0.930994
28	31	0.908975
28	41	0.895107
28	90	1.29386
28	93	1.1932
28	105	0.849788
28	130	0.900287
28	147	0.890772
28	168	5.33992
29	13	0.957801
29	24	0.856767
29	25	0.925041
29	38	0.840977
29	42	0.901214
29	44	0.904027
29	47	0.884518
29	49	0.88475
29	53	0.876236
29	66	0.930429
29	144	1.3756
29	149	0.841722
29	165	2.71954
29	170	3.09124
30	63	0.867134
30	73	0.91489
30	76	1.92941
30	100	0.929427
30	102	0.92754
30	103	0.925425
30	108	0.901163
30	113	0.906475
30	115	0.895784
30	117	0.898374
30	143	1.92897
30	163	0.866669
30	168	0.792717
30	179	5.85255
31	5	0.853551
31	19	0.938387
31	20	0.933968
31	21	0.840739
31	22	0.83513
31	23	0.92631
31	28	0.908975
31	41	0.890424
31	107	0.88916
31	130	0.895604
31	140	2.74314
31	147	0.886088
31	165	1.08397
31	180	3.45999
32	13	0.947498
32	25	0.914738
32	38	0.830674
32	42	0.890911
32	44	0.893725
32	46	0.953985
32	47	0.874216
32	49	0.874447
32	53	0.865934
32	61	0.838167
32	66	0.920126
32	153	2.23382
32	158	2.08486
32	161	2.94679
33	3	0.867125
33	63	0.874442
33	73	0.922198
33	79	0.918285
33	95	0.892604
33	100	0.936735
33	108	0.908471
33	109	1.29325
33	115	0.903092
33	117	0.905682
33	134	2.31479
33	146	0.835889
33	163	0.873977
33	169	3.40307
34	8	0.978624
34	10	0.876579
34	14	0.879769
34	16	0.857134
34	18	0.952115
34	35	0.848323
34	58	0.862992
34	111	0.941788
34	136	1.835
34	138	2.80755
34	149	0.848209
34	150	0.911585
34	163	2.23834
34	166	0.835042
35	1	0.897226
35	8	0.888472
35	10	0.786427
35	14	0.789617
35	16	0.766981
35	18	0.861962
35	34	0.848323
35	58	0.77284
35	111	0.851635
35	145	1.6922
35	149	0.758057
35	150	0.821432
35	166	0.744889
35	175	4.49785
36	83	0.898047
36	86	0.899284
36	94	0.880644
36	106	0.909053
36	114	0.884383
36	120	0.878173
36	121	0.874015
36	122	0.917656
36	123	0.868204
36	125	0.890628
36	126	0.890732
36	151	1.56285
36	159	1.96636
36	162	3.90463
37	56	0.729686
37	86	0.707906
37	97	0.187079
37	165	0.913595
37	167	0.910179
37	170	0.916035
37	173	0.880787
37	174	0.902028
37	175	0.889264
37	176	0.865547
37	177	0.885289
37	178	0.902934
37	179	0.85562
37	180	0.874518
38	24	0.772241
38	25	0.840515
38	29	0.840977
38	32	0.830674
38	42	0.816688
38	44	0.819502
38	46	0.879762
38	47	0.799992
38	49	0.800224
38	53	0.791711
38	66	0.845903
38	107	2.17182
38	131	3.79513
38	149	0.757197
39	11	0.817373
39	26	0.870006
39	45	0.851863
39	48	0.820761
39	68	0.864767
39	69	0.864137
39	111	0.863857
39	124	2.26243
39	146	0.757804
39	147	0.825249
39	151	0.769255
39	153	0.79439
39	156	3.65616
39	162	0.731427
40	50	0.883618
40	57	0.978004
40	87	0.910659
40	98	0.924225
40	99	0.879086
40	101	0.930847
40	104	0.928133
40	110	0.903796
40	112	1.64289
40	145	1.7149
40	162	0.802559
40	163	0.867023
40	168	0.793071
40	174	3.68714
41	5	0.839683
41	19	0.924519
41	20	0.9201
41	21	0.826871
41	22	0.821262
41	23	0.912442
41	28	0.895107
41	31	0.890424
41	105	0.831237
41	107	0.875292
41	130	0.881736
41	142	1.13794
41	145	1.84572
41	147	0.87222
41	179	6.05103
42	13	0.933512
42	24	0.832479
42	29	0.901214
42	32	0.890911
42	38	0.816688
42	44	0.879739
42	46	0.94
42	47	0.86023
42	49	0.860462
42	53	0.851948
42	66	0.90614
42	107	2.17813
42	139	1.88148
42	147	2.60654
42	149	0.817434
43	65	0.798272
43	72	2.79925
43	75	0.898036
43	83	0.89246
43	92	0.877987
43	96	0.871739
43	114	0.878795
43	120	0.872586
43	121	0.868428
43	122	0.912069
43	123	0.862617
43	125	0.885041
43	126	0.885145
43	144	1.57372
43	170	3.28937
44	24	0.835292
44	25	0.903566
44	29	0.904027
44	32	0.893725
44	38	0.819502
44	42	0.879739
44	46	0.942813
44	47	0.863043
44	49	0.863275
44	53	0.854761
44	66	0.908954
44	128	1.17548
44	149	0.820247
44	162	4.38778
44	178	2.06587
45	11	0.886622
45	26	0.939255
45	39	0.851863
45	48	0.89001
45	58	0.85431
45	68	0.934016
45	69	0.933386
45	146	0.827053
45	147	0.894498
45	151	0.838504
45	153	0.863639
45	160	2.15463
45	162	0.800676
45	166	2.64585
45	175	2.97196
46	13	0.996586
46	24	0.895552
46	25	0.963826
46	32	0.953985
46	38	0.879762
46	42	0.94
46	44	0.942813
46	47	0.923304
46	49	0.923535
46	53	0.915022
46	61	0.887255
46	66	0.969214
46	71	1.54652
46	136	2.24474
46	139	1.40854
46	163	2.64808
47	13	0.916816
47	24	0.815783
47	25	0.884057
47	29	0.884518
47	32	0.874216
47	38	0.799992
47	42	0.86023
47	44	0.863043
47	46	0.923304
47	49	0.843766
47	53	0.835252
47	66	0.889445
47	88	2.63448
47	124	2.07589
47	132	2.41642
47	149	0.800738
48	11	0.855521
48	26	0.908154
48	39	0.820761
48	45	0.89001
48	57	0.94502
48	68	0.902914
48	69	0.902284
48	111	0.902004
48	146	0.795951
48	147	0.863396
48	151	0.807402
48	153	0.832537
48	162	0.769574
48	168	4.50496
48	170	1.25888
48	175	2.4623
49	13	0.917048
49	24	0.816015
49	25	0.884288
49	29	0.88475
49	32	0.874447
49	38	0.800224
49	42	0.860462
49	44	0.863275
49	46	0.923535
49	47	0.843766
49	53	0.835484
49	66	0.889676
49	141	2.81529
49	146	2.28844
49	149	0.80097
49	152	2.85943
50	40	0.883618
50	51	0.863725
50	78	0.881238
50	87	0.8694
50	89	0.871135
50	91	0.915227
50	98	0.882966
50	99	0.837827
50	101	0.889588
50	104	0.886874
50	110	0.862537
50	124	1.62365
50	134	2.15203
50	162	0.7613
50	163	0.825764
50	174	3.8594
51	17	0.84584
51	50	0.863725
51	78	0.902604
51	89	0.892501
51	98	0.904332
51	99	0.859193
51	101	0.910954
51	104	0.90824
51	110	0.883904
51	137	1.12566
51	151	0.820494
51	162	0.782666
51	163	0.84713
51	165	2.51366
51	168	0.773179
51	175	4.08879
52	64	0.892848
52	65	0.770451
52	75	0.870216
52	92	0.850166
52	96	0.843919
52	97	0.841999
52	106	0.875645
52	114	0.850975
52	120	0.844765
52	121	0.840607
52	122	0.884249
52	123	0.834797
52	125	0.857221
52	126	0.857324
52	161	3.17244
52	163	2.03649
52	169	2.94076
53	13	0.908535
53	24	0.807501
53	25	0.875775
53	29	0.876236
53	32	0.865934
53	38	0.791711
53	42	0.851948
53	44	0.854761
53	46	0.915022
53	47	0.835252
53	49	0.835484
53	61	0.799204
53	66	0.881163
53	129	1.78037
53	143	2.63736
53	149	0.792456
53	177	3.41688
54	4	0.884874
54	15	0.877416
54	55	0.967884
54	56	0.967274
54	58	1.72491
54	59	0.885644
54	60	0.952266
54	62	0.946237
54	77	0.934624
54	80	0.934429
54	111	0.955699
54	141	0.853022
54	150	0.925496
54	162	3.90713
54	166	0.848953
54	167	1.14954
54	175	2.58685
55	4	0.886461
55	15	0.879002
55	54	0.967884
55	56	0.968861
55	59	0.887231
55	60	0.953852
55	62	0.947824
55	77	0.93621
55	80	0.936016
55	90	1.40133
55	124	1.78683
55	128	2.01535
55	130	0.928193
55	141	0.854608
55	150	0.927082
55	166	0.850539
55	171	3.31727
56	4	0.885851
56	15	0.878393
56	37	0.729686
56	54	0.967274
56	55	0.968861
56	59	0.886621
56	60	0.953242
56	62	0.947214
56	77	0.935601
56	80	0.935406
56	109	1.38461
56	129	3.02971
56	130	0.927583
56	141	0.853999
56	150	0.926473
56	163	2.59015
56	166	0.84993
57	7	1.36656
57	40	0.978004
57	48	0.94502
57	68	0.989026
57	69	0.988396
57	75	1.0074
57	80	0.625041
57	98	0.977352
57	110	0.956923
57	113	0.236511
57	162	0.855686
57	163	0.92015
57	176	0.849155
57	177	0.868898
57	178	0.886543
57	179	0.839229
57	180	0.858127
58	34	0.862992
58	35	0.77284
58	45	0.85431
58	54	1.72491
58	68	0.867215
58	69	0.866585
58	79	2.7277
58	129	0.797295
58	131	0.792303
58	149	0.772726
58	150	0.836102
58	162	0.733875
58	166	0.759559
58	175	0.751061
58	176	0.727344
58	178	0.764732
58	179	0.717418
58	180	0.736316
59	4	0.804221
59	15	0.796763
59	54	0.885644
59	55	0.887231
59	56	0.886621
59	60	0.871612
59	62	0.865584
59	76	0.867734
59	77	0.853971
59	80	0.853776
59	105	0.795454
59	111	0.875046
59	130	0.845953
59	141	0.772369
59	147	1.60311
59	150	0.844843
59	166	0.7683
59	176	5.42519
60	4	0.870842
60	15	0.863384
60	54	0.952266
60	55	0.953852
60	56	0.953242
60	59	0.871612
60	62	0.932205
60	77	0.920592
60	80	0.920397
60	105	0.862076
60	130	0.912575
60	134	1.80303
60	141	0.83899
60	150	0.911464
60	153	2.41001
60	158	2.26104
60	166	0.834921
60	172	2.82755
61	1	2.23419
61	4	3.16581
61	32	0.838167
61	46	0.887255
61	53	0.799204
61	63	0.790768
61	66	0.853396
61	102	0.851173
61	117	0.822007
61	136	0.835043
61	149	0.76469
61	164	0.746846
61	168	0.716351
61	170	0.769796
61	177	0.739051
61	178	0.756696
61	179	0.709382
61	180	0.728279
62	4	0.864814
62	15	0.857356
62	54	0.946237
62	55	0.947824
62	56	0.947214
62	59	0.865584
62	60	0.932205
62	77	0.914564
62	80	0.914369
62	111	0.935639
62	112	1.32058
62	118	2.12855
62	130	0.906546
62	141	0.832962
62	150	0.905435
62	160	3.38093
62	166	0.828893
62	171	2.65952
63	30	0.867134
63	33	0.874442
63	61	0.790768
63	73	0.857854
63	85	0.853483
63	95	0.82826
63	100	0.872392
63	102	0.870504
63	103	0.868389
63	108	0.844128
63	109	1.81723
63	113	0.84944
63	115	0.838749
63	117	0.841338
63	144	2.46048
63	146	0.771546
63	163	0.809634
63	165	3.80442
64	52	0.892848
64	65	0.823098
64	70	2.34222
64	82	0.916119
64	90	0.935299
64	92	0.902813
64	94	0.899883
64	96	0.896565
64	106	0.928292
64	114	0.903621
64	120	0.897412
64	121	0.893254
64	123	0.887443
64	125	0.909867
64	126	0.909971
64	147	1.89552
64	155	1.76341
64	156	3.09134
65	43	0.798272
65	52	0.770451
65	64	0.823098
65	82	0.793722
65	83	0.794889
65	92	0.780416
65	94	0.777486
65	96	0.774169
65	97	0.772249
65	106	0.805895
65	120	0.775015
65	121	0.770857
65	122	0.814499
65	123	0.765047
65	125	0.787471
65	126	0.787574
65	139	2.75828
65	158	4.27183
66	13	0.962727
66	24	0.861693
66	25	0.929967
66	29	0.930429
66	32	0.920126
66	38	0.845903
66	42	0.90614
66	44	0.908954
66	46	0.969214
66	47	0.889445
66	49	0.889676
66	53	0.881163
66	61	0.853396
66	93	2.27733
66	136	1.62127
66	143	3.32116
66	147	1.51013
66	149	0.846649
67	7	0.813903
67	70	1.74707
67	82	0.850799
67	83	0.851966
67	86	0.853203
67	94	0.834563
67	96	0.831245
67	97	0.829326
67	114	0.838301
67	120	0.832092
67	121	0.827934
67	122	0.871575
67	123	0.822123
67	125	0.844547
67	126	0.844651
67	130	0.850885
67	140	4.25568
67	172	2.65538
68	11	0.899527
68	26	0.95216
68	39	0.864767
68	45	0.934016
68	48	0.902914
68	57	0.989026
68	58	0.867215
68	69	0.946291
68	72	1.4546
68	111	0.946011
68	131	1.47179
68	146	0.839957
68	147	0.907403
68	151	0.851409
68	153	0.876543
68	162	0.813581
68	166	2.82203
68	180	3.94905
69	11	0.898897
69	26	0.95153
69	39	0.864137
69	45	0.933386
69	48	0.902284
69	57	0.988396
69	58	0.866585
69	68	0.946291
69	72	1.44615
69	111	0.945381
69	141	2.42803
69	146	0.839327
69	147	0.906773
69	151	0.850779
69	153	0.875913
69	162	0.812951
69	166	2.81359
69	175	3.1397
70	19	1.31071
70	64	2.34222
70	67	1.74707
70	159	0.847113
70	160	0.851709
70	161	0.865274
70	164	0.836811
70	165	0.857322
70	171	0.86155
70	172	0.862061
70	173	0.824514
70	174	0.845755
70	175	0.83299
70	176	0.809273
70	177	0.829016
70	178	0.846661
70	179	0.799347
70	180	0.818245
71	46	1.54652
71	94	1.70376
71	101	0.981823
71	146	0.831374
71	154	0.847926
71	159	0.836307
71	167	0.843099
71	169	0.858838
71	170	0.848955
71	171	0.850743
71	172	0.851254
71	173	0.813707
71	174	0.834948
71	175	0.822184
71	176	0.798467
71	177	0.818209
71	178	0.835854
71	179	0.78854
71	180	0.807438
72	43	2.79925
72	68	1.4546
72	69	1.44615
72	119	0.865111
72	135	0.863581
72	153	0.863712
72	161	0.850219
72	164	0.821756
72	167	0.83885
72	169	0.854589
72	171	0.846495
72	173	0.809459
72	174	0.8307
72	175	0.817935
72	176	0.794218
72	177	0.813961
72	178	0.831606
72	179	0.784292
72	180	0.80319
73	30	0.91489
73	33	0.922198
73	63	0.857854
73	79	0.901697
73	85	0.901239
73	88	1.43052
73	95	0.876016
73	100	0.920148
73	102	0.91826
73	103	0.916145
73	108	0.891884
73	113	0.897196
73	115	0.886505
73	117	0.889094
73	119	2.16909
73	127	4.60519
73	159	2.40083
73	163	0.85739
73	168	0.783438
74	10	1.16658
74	21	1.90945
74	100	0.0650251
74	121	0.899053
74	154	0.904426
74	164	0.882504
74	165	0.903015
74	167	0.899598
74	169	0.915337
74	170	0.905455
74	171	0.907242
74	173	0.870207
74	174	0.891447
74	175	0.878683
74	176	0.854966
74	177	0.874709
74	178	0.892354
74	179	0.84504
74	180	0.863938
75	43	0.898036
75	52	0.870216
75	57	1.0074
75	82	0.893487
75	83	0.894654
75	86	0.895891
75	92	0.880181
75	96	0.873933
75	97	0.872014
75	106	0.90566
75	107	1.87276
75	114	0.880989
75	120	0.87478
75	121	0.870622
75	122	0.914263
75	125	0.887235
75	126	0.887339
75	139	1.5761
75	165	3.5973
76	30	1.92941
76	59	0.867734
76	77	0.309696
76	130	0.711252
76	142	0.919039
76	148	0.869639
76	156	0.897423
76	159	0.891385
76	165	0.901593
76	169	0.913916
76	171	0.905821
76	172	0.906332
76	174	0.890026
76	175	0.877262
76	176	0.853545
76	177	0.873287
76	178	0.890932
76	179	0.843619
76	180	0.862516
77	4	0.853201
77	15	0.845742
77	54	0.934624
77	55	0.93621
77	56	0.935601
77	59	0.853971
77	60	0.920592
77	62	0.914564
77	76	0.309696
77	80	0.902756
77	105	0.844434
77	111	0.924025
77	130	0.894933
77	141	0.821348
77	142	3.08378
77	150	0.893822
77	154	3.03468
77	165	2.3412
77	166	0.817279
78	9	0.876152
78	17	0.863352
78	50	0.881238
78	51	0.902604
78	87	0.908279
78	89	0.910013
78	91	0.954106
78	98	0.921844
78	99	0.876706
78	101	0.928467
78	104	0.925753
78	107	0.977291
78	110	0.901416
78	156	2.60152
78	161	3.05613
78	162	0.800178
78	163	0.864643
78	168	0.790691
78	171	2.73823
79	27	0.914669
79	33	0.918285
79	58	2.7277
79	73	0.901697
79	85	0.897326
79	95	0.872103
79	100	0.916235
79	102	0.914347
79	103	0.912232
79	108	0.887971
79	113	0.893283
79	115	0.882592
79	117	0.885181
79	147	1.47511
79	150	0.891239
79	163	0.853477
79	167	2.15234
79	168	0.779525
79	174	2.75622
80	4	0.853006
80	15	0.845548
80	54	0.934429
80	55	0.936016
80	56	0.935406
80	57	0.625041
80	59	0.853776
80	60	0.920397
80	62	0.914369
80	77	0.902756
80	105	0.844239
80	111	0.923831
80	130	0.894738
80	141	0.821154
80	146	2.80168
80	149	2.93268
80	150	0.893628
80	151	3.01869
80	166	0.817085
81	101	2.05737
81	107	0.84197
81	117	1.96481
81	133	0.898719
81	152	0.793302
81	159	0.776386
81	160	0.780981
81	164	0.766084
81	167	0.783178
81	169	0.798917
81	171	0.790822
81	172	0.791333
81	173	0.753786
81	175	0.762263
81	176	0.738546
81	177	0.758288
81	178	0.775933
81	179	0.72862
81	180	0.747517
82	64	0.916119
82	65	0.793722
82	67	0.850799
82	75	0.893487
82	83	0.887911
82	92	0.873438
82	96	0.86719
82	97	0.865271
82	105	2.13475
82	106	0.898917
82	114	0.874246
82	120	0.868036
82	121	0.863879
82	122	0.90752
82	123	0.858068
82	125	0.880492
82	126	0.880596
82	145	1.14793
82	163	1.59681
82	176	4.90441
83	36	0.898047
83	43	0.89246
83	65	0.794889
83	67	0.851966
83	75	0.894654
83	82	0.887911
83	86	0.890315
83	94	0.871674
83	97	0.866438
83	109	1.40514
83	114	0.875413
83	120	0.869203
83	121	0.865046
83	122	0.908687
83	123	0.859235
83	125	0.881659
83	126	0.881763
83	128	2.12681
83	137	2.00432
83	160	4.15013
84	91	0.670256
84	98	0.606363
84	110	0.48794
84	111	0.213439
84	127	0.862057
84	152	0.898414
84	154	0.893117
84	160	0.886093
84	161	0.899658
84	167	0.88829
84	170	0.894146
84	172	0.896445
84	173	0.858898
84	174	0.880139
84	175	0.867375
84	176	0.843658
84	177	0.8634
84	178	0.881045
84	179	0.833731
84	180	0.852629
85	63	0.853483
85	73	0.901239
85	79	0.897326
85	95	0.871645
85	100	0.915777
85	102	0.913889
85	103	0.911774
85	108	0.887513
85	113	0.892825
85	115	0.882134
85	117	0.884723
85	118	1.42561
85	146	0.814931
85	150	0.890781
85	153	0.851517
85	160	1.69379
85	163	0.853019
85	168	0.779067
85	169	1.05861
85	179	6.59166
86	36	0.899284
86	37	0.707906
86	67	0.853203
86	75	0.895891
86	83	0.890315
86	92	0.875842
86	94	0.872911
86	96	0.869594
86	97	0.867675
86	106	0.901321
86	114	0.87665
86	120	0.87044
86	121	0.866283
86	123	0.860472
86	125	0.882896
86	126	0.883
86	141	0.815649
86	147	2.05388
86	155	1.92177
86	178	3.92352
87	2	0.857659
87	9	0.864315
87	40	0.910659
87	50	0.8694
87	78	0.908279
87	89	0.898176
87	91	0.942268
87	98	0.910007
87	99	0.864868
87	101	0.916629
87	104	0.913915
87	110	0.889578
87	136	1.51262
87	138	2.48517
87	143	3.21251
87	151	0.826169
87	153	2.33893
87	162	0.788341
87	163	0.852805
87	168	0.778853
88	18	1.93499
88	47	2.63448
88	73	1.43052
88	143	0.843682
88	155	0.913628
88	157	0.827778
88	158	0.867841
88	159	0.82491
88	164	0.814608
88	168	0.784113
88	170	0.837559
88	172	0.839858
88	173	0.802311
88	174	0.823552
88	175	0.810787
88	176	0.78707
88	177	0.806813
88	178	0.824458
88	179	0.777144
88	180	0.796042
89	2	0.859394
89	17	0.853249
89	50	0.871135
89	51	0.892501
89	78	0.910013
89	87	0.898176
89	91	0.944003
89	98	0.911741
89	99	0.866603
89	101	0.918364
89	104	0.91565
89	110	0.891313
89	128	1.07795
89	141	2.22077
89	148	4.08337
89	151	0.827904
89	162	0.790076
89	163	0.85454
89	164	2.84793
89	168	0.780588
90	28	1.29386
90	55	1.40133
90	64	0.935299
90	91	0.9566
90	95	1.0418
90	99	0.879199
90	100	0.813774
90	104	0.928247
90	110	0.90391
90	122	0.9267
90	123	0.877248
90	125	0.899672
90	126	0.899776
90	148	0.812236
90	154	0.845601
90	168	0.793185
90	176	0.796141
90	177	0.815884
90	178	0.833529
90	179	0.786215
90	180	0.805113
91	2	0.903487
91	9	0.910142
91	50	0.915227
91	78	0.954106
91	84	0.670256
91	87	0.942268
91	89	0.944003
91	90	0.9566
91	98	0.955834
91	99	0.910695
91	101	0.962456
91	104	0.959743
91	110	0.935406
91	131	2.62099
91	144	1.37827
91	149	3.18982
91	151	0.871996
91	153	2.36354
91	162	0.834168
91	163	0.898633
91	168	0.824681
92	43	0.877987
92	52	0.850166
92	64	0.902813
92	65	0.780416
92	75	0.880181
92	82	0.873438
92	86	0.875842
92	94	0.857201
92	96	0.853884
92	106	0.885611
92	114	0.86094
92	116	2.54405
92	120	0.85473
92	121	0.850573
92	122	0.894214
92	123	0.844762
92	125	0.867186
92	126	0.867289
92	163	1.75826
92	167	2.67773
92	178	3.1134
93	28	1.1932
93	66	2.27733
93	130	2.21382
93	145	0.915369
93	148	0.782799
93	154	0.816163
93	155	0.893262
93	156	0.810582
93	161	0.822704
93	165	0.814752
93	167	0.811336
93	170	0.817192
93	171	0.81898
93	172	0.819491
93	173	0.781944
93	174	0.803185
93	175	0.790421
93	176	0.766704
93	177	0.786447
93	178	0.804092
93	179	0.756778
93	180	0.775675
94	7	0.833611
94	36	0.880644
94	64	0.899883
94	65	0.777486
94	67	0.834563
94	71	1.70376
94	83	0.871674
94	86	0.872911
94	92	0.857201
94	97	0.849034
94	106	0.88268
94	109	1.59977
94	114	0.85801
94	120	0.8518
94	121	0.847642
94	122	0.891284
94	123	0.841831
94	125	0.864255
94	126	0.864359
94	141	0.797009
94	155	2.15872
94	167	3.72479
95	3	0.820944
95	27	0.888988
95	33	0.892604
95	63	0.82826
95	73	0.876016
95	79	0.872103
95	85	0.871645
95	90	1.0418
95	100	0.890554
95	102	0.888666
95	103	0.886551
95	105	2.67763
95	108	0.86229
95	113	0.867602
95	115	0.856911
95	117	0.8595
95	137	1.53334
95	146	0.789708
95	150	0.865558
95	163	0.827796
95	168	0.753844
95	177	4.21577
96	7	0.830293
96	43	0.871739
96	52	0.843919
96	64	0.896565
96	65	0.774169
96	67	0.831245
96	75	0.873933
96	82	0.86719
96	86	0.869594
96	92	0.853884
96	97	0.845717
96	106	0.879363
96	112	2.02332
96	120	0.848482
96	121	0.844325
96	122	0.887966
96	123	0.838514
96	125	0.860938
96	126	0.861042
96	136	2.14088
96	155	1.89762
96	159	4.28301
97	7	0.828374
97	37	0.187079
97	52	0.841999
97	65	0.772249
97	67	0.829326
97	75	0.872014
97	82	0.865271
97	83	0.866438
97	86	0.867675
97	94	0.849034
97	96	0.845717
97	114	0.852773
97	120	0.846563
97	121	0.842405
97	122	0.886047
97	123	0.836595
97	125	0.859019
97	126	0.859122
97	130	0.865356
97	141	0.791772
97	145	1.59866
97	171	2.86559
97	180	5.20522
98	2	0.871225
98	9	0.87788
98	40	0.924225
98	50	0.882966
98	51	0.904332
98	57	0.977352
98	78	0.921844
98	84	0.606363
98	87	0.910007
98	89	0.911741
98	91	0.955834
98	99	0.878434
98	101	0.930195
98	104	0.927481
98	110	0.903144
98	138	2.44589
98	151	0.839735
98	155	1.23007
98	157	3.4647
98	162	0.801906
98	163	0.866371
98	168	0.792419
98	170	3.03003
99	2	0.826086
99	9	0.832742
99	17	0.819942
99	40	0.879086
99	50	0.837827
99	51	0.859193
99	78	0.876706
99	87	0.864868
99	89	0.866603
99	90	0.879199
99	91	0.910695
99	98	0.878434
99	101	0.885056
99	104	0.882342
99	110	0.858005
99	133	1.26614
99	151	0.794596
99	162	0.756768
99	163	0.821232
99	167	2.62015
99	168	0.74728
99	171	2.51872
99	173	4.26003
100	3	0.865075
100	30	0.929427
100	33	0.936735
100	63	0.872392
100	73	0.920148
100	74	0.0650251
100	79	0.916235
100	85	0.915777
100	90	0.813774
100	95	0.890554
100	102	0.932797
100	108	0.906421
100	113	0.911733
100	115	0.901042
100	117	0.903631
100	145	1.46278
100	146	0.833839
100	150	0.90969
100	153	0.870425
100	163	0.871927
100	168	0.797975
100	170	3.06502
100	173	4.47102
101	2	0.877847
101	9	0.884503
101	17	0.871703
101	40	0.930847
101	50	0.889588
101	51	0.910954
101	71	0.981823
101	78	0.928467
101	81	2.05737
101	87	0.916629
101	89	0.918364
101	91	0.962456
101	98	0.930195
101	99	0.885056
101	104	0.934103
101	110	0.909766
101	128	1.59951
101	132	1.71152
101	146	3.20164
101	151	0.846357
101	162	0.808529
101	163	0.872993
101	168	0.799041
102	3	0.863187
102	27	0.931232
102	30	0.92754
102	61	0.851173
102	63	0.870504
102	73	0.91826
102	79	0.914347
102	85	0.913889
102	95	0.888666
102	100	0.932797
102	103	0.928795
102	108	0.904534
102	113	0.909845
102	115	0.899155
102	117	0.901744
102	119	2.43045
102	139	1.52022
102	153	0.868538
102	161	2.05935
102	162	4.60046
102	163	0.87004
102	168	0.796088
102	178	2.27855
103	3	0.861072
103	27	0.929117
103	30	0.925425
103	63	0.868389
103	73	0.916145
103	79	0.912232
103	85	0.911774
103	95	0.886551
103	102	0.928795
103	107	0.900354
103	108	0.902418
103	113	0.90773
103	115	0.897039
103	117	0.899629
103	140	3.50117
103	150	0.905687
103	153	0.866423
103	158	1.33436
103	159	2.79914
103	163	0.867925
103	168	0.793973
103	171	1.87839
103	178	2.4155
104	2	0.875133
104	17	0.868989
104	40	0.928133
104	50	0.886874
104	51	0.90824
104	78	0.925753
104	87	0.913915
104	89	0.91565
104	90	0.928247
104	91	0.959743
104	98	0.927481
104	99	0.882342
104	101	0.934103
104	110	0.907052
104	118	1.78294
104	134	1.31185
104	151	0.843643
104	157	3.08389
104	162	0.805815
104	163	0.870279
104	166	3.52652
104	168	0.796327
104	172	2.33638
105	14	2.38762
105	19	0.8792
105	21	0.781552
105	28	0.849788
105	41	0.831237
105	59	0.795454
105	60	0.862076
105	77	0.844434
105	80	0.844239
105	82	2.13475
105	95	2.67763
105	130	0.836417
105	137	0.848575
105	140	0.764137
105	147	0.826901
105	150	0.835306
105	166	0.758763
105	172	0.779336
105	174	0.76303
105	175	0.750265
105	176	0.726548
105	178	0.763936
105	179	0.716622
105	180	0.73552
106	7	0.86202
106	36	0.909053
106	52	0.875645
106	64	0.928292
106	65	0.805895
106	75	0.90566
106	82	0.898917
106	86	0.901321
106	92	0.885611
106	94	0.88268
106	96	0.879363
106	114	0.886419
106	120	0.880209
106	121	0.876051
106	122	0.919693
106	123	0.870241
106	125	0.892665
106	126	0.892768
106	135	1.80144
106	141	0.825418
106	157	2.58381
106	161	2.13172
106	174	2.51913
106	175	3.35255
107	5	0.838419
107	20	0.918835
107	21	0.825607
107	22	0.819998
107	31	0.88916
107	38	2.17182
107	41	0.875292
107	42	2.17813
107	75	1.87276
107	78	0.977291
107	81	0.84197
107	103	0.900354
107	108	0.876092
107	113	0.881404
107	115	0.870713
107	128	0.919303
107	147	0.870956
107	168	0.767646
107	175	0.79432
107	176	0.770603
107	177	0.790346
107	178	0.807991
107	179	0.760677
107	180	0.779575
108	3	0.836811
108	27	0.904856
108	30	0.901163
108	33	0.908471
108	63	0.844128
108	73	0.891884
108	79	0.887971
108	85	0.887513
108	95	0.86229
108	100	0.906421
108	102	0.904534
108	103	0.902418
108	107	0.876092
108	113	0.883469
108	115	0.872778
108	117	0.875368
108	119	3.20046
108	142	3.21765
108	144	1.13112
108	150	0.881426
108	153	0.842162
108	163	0.843663
108	168	0.769711
108	171	2.51146
108	172	2.53393
109	33	1.29325
109	56	1.38461
109	63	1.81723
109	83	1.40514
109	94	1.59977
109	131	0.898758
109	135	0.903163
109	138	0.905966
109	148	0.849895
109	156	0.877678
109	157	0.874508
109	158	0.914571
109	159	0.87164
109	161	0.8898
109	169	0.894171
109	170	0.884289
109	171	0.886076
109	172	0.886588
109	174	0.870281
109	175	0.857517
109	176	0.8338
109	177	0.853543
109	178	0.871188
109	179	0.823874
109	180	0.842772
110	2	0.850797
110	9	0.857452
110	17	0.844652
110	40	0.903796
110	50	0.862537
110	51	0.883904
110	57	0.956923
110	78	0.901416
110	84	0.48794
110	87	0.889578
110	89	0.891313
110	90	0.90391
110	91	0.935406
110	98	0.903144
110	99	0.858005
110	101	0.909766
110	104	0.907052
110	112	1.23736
110	151	0.819306
110	162	0.781478
110	163	0.845942
110	164	4.03052
110	165	2.5399
110	168	0.771991
110	178	3.1134
111	14	0.883082
111	16	0.860446
111	34	0.941788
111	35	0.851635
111	39	0.863857
111	48	0.902004
111	54	0.955699
111	59	0.875046
111	62	0.935639
111	68	0.946011
111	69	0.945381
111	77	0.924025
111	80	0.923831
111	84	0.213439
111	124	0.951199
111	149	0.851521
111	150	0.914897
111	151	0.850499
111	152	2.28256
111	162	0.812671
111	166	0.838354
111	176	3.9009
111	180	3.75099
112	13	1.27584
112	40	1.64289
112	62	1.32058
112	96	2.02332
112	110	1.23736
112	118	0.935206
112	131	0.88891
112	136	0.939687
112	143	0.880563
112	144	0.980313
112	158	0.904723
112	160	0.866387
112	161	0.879952
112	167	0.868584
112	170	0.874441
112	171	0.876228
112	172	0.876739
112	173	0.839193
112	174	0.860433
112	175	0.847669
112	176	0.823952
112	177	0.843695
112	178	0.86134
112	179	0.814026
112	180	0.832924
113	3	0.842123
113	27	0.910168
113	30	0.906475
113	57	0.236511
113	63	0.84944
113	73	0.897196
113	79	0.893283
113	85	0.892825
113	95	0.867602
113	100	0.911733
113	102	0.909845
113	103	0.90773
113	107	0.881404
113	108	0.883469
113	115	0.87809
113	117	0.880679
113	134	1.86075
113	145	1.59588
113	146	0.810887
113	150	0.886738
113	153	0.847473
113	158	2.31877
113	163	0.848975
113	168	0.775023
113	176	5.35235
114	36	0.884383
114	43	0.878795
114	52	0.850975
114	64	0.903621
114	67	0.838301
114	75	0.880989
114	82	0.874246
114	83	0.875413
114	86	0.87665
114	92	0.86094
114	94	0.85801
114	97	0.852773
114	106	0.886419
114	116	1.29535
114	120	0.855539
114	121	0.851381
114	122	0.895022
114	123	0.84557
114	125	0.867994
114	126	0.868098
114	130	0.874332
114	134	1.35755
114	141	0.800747
114	161	1.6455
114	168	4.90899
114	176	3.81715
115	3	0.831432
115	6	2.21641
115	27	0.899477
115	30	0.895784
115	33	0.903092
115	63	0.838749
115	73	0.886505
115	79	0.882592
115	85	0.882134
115	95	0.856911
115	100	0.901042
115	102	0.899155
115	103	0.897039
115	107	0.870713
115	108	0.872778
115	113	0.87809
115	117	0.869989
115	146	0.800196
115	150	0.876047
115	153	0.836783
115	163	0.838284
115	168	0.764332
115	169	1.55043
115	173	3.20551
115	174	2.16951
115	177	2.72223
116	7	3.9606
116	92	2.54405
116	114	1.29535
116	127	0.771544
116	132	0.846612
116	148	0.76924
116	151	0.797504
116	152	0.807901
116	157	0.793853
116	158	0.833916
116	159	0.790985
116	160	0.79558
116	164	0.780683
116	165	0.801194
116	167	0.797777
116	169	0.813516
116	170	0.803634
116	171	0.805421
116	172	0.805933
116	173	0.768386
116	175	0.776862
116	176	0.753145
116	177	0.772888
116	178	0.790533
116	179	0.743219
116	180	0.762117
117	3	0.834021
117	27	0.902066
117	30	0.898374
117	33	0.905682
117	61	0.822007
117	63	0.841338
117	73	0.889094
117	79	0.885181
117	81	1.96481
117	85	0.884723
117	95	0.8595
117	100	0.903631
117	102	0.901744
117	103	0.899629
117	108	0.875368
117	113	0.880679
117	115	0.869989
117	133	1.55628
117	141	3.63592
117	145	1.54193
117	146	0.802786
117	150	0.878636
117	153	0.839372
117	163	0.840874
117	167	2.91029
117	168	0.766922
118	62	2.12855
118	85	1.42561
118	104	1.78294
118	112	0.935206
118	119	0.849325
118	120	1.42447
118	132	0.8719
118	137	0.90046
118	156	0.822311
118	157	0.819141
118	158	0.859204
118	159	0.816273
118	164	0.805971
118	165	0.826482
118	167	0.823065
118	169	0.838804
118	170	0.828921
118	171	0.830709
118	173	0.793674
118	174	0.814914
118	175	0.80215
118	176	0.778433
118	177	0.798176
118	178	0.815821
118	179	0.768507
118	180	0.787404
119	72	0.865111
119	73	2.16909
119	102	2.43045
119	108	3.20046
119	118	0.849325
119	136	0.853807
119	139	0.858379
119	144	0.894433
119	154	0.787531
119	157	0.778779
119	159	0.775911
119	160	0.780507
119	161	0.794072
119	167	0.782703
119	168	0.735115
119	169	0.798443
119	170	0.78856
119	171	0.790348
119	172	0.790859
119	173	0.753312
119	175	0.761788
119	176	0.738071
119	177	0.757814
119	178	0.775459
119	179	0.728145
119	180	0.747043
120	36	0.878173
120	43	0.872586
120	52	0.844765
120	64	0.897412
120	65	0.775015
120	67	0.832092
120	75	0.87478
120	82	0.868036
120	83	0.869203
120	86	0.87044
120	92	0.85473
120	94	0.8518
120	96	0.848482
120	97	0.846563
120	106	0.880209
120	114	0.855539
120	118	1.42447
120	121	0.845171
120	122	0.888813
120	123	0.83936
120	125	0.861784
120	126	0.861888
120	130	0.868122
120	148	4.64511
120	153	1.56037
120	163	1.1374
120	164	3.40967
121	36	0.874015
121	43	0.868428
121	52	0.840607
121	64	0.893254
121	65	0.770857
121	67	0.827934
121	74	0.899053
121	75	0.870622
121	82	0.863879
121	83	0.865046
121	86	0.866283
121	92	0.850573
121	94	0.847642
121	96	0.844325
121	97	0.842405
121	106	0.876051
121	114	0.851381
121	120	0.845171
121	122	0.884655
121	123	0.835203
121	125	0.857627
121	126	0.85773
121	129	3.18526
121	130	0.863965
121	137	2.13934
121	141	0.79038
121	155	2.0991
121	167	3.66517
122	7	0.870624
122	36	0.917656
122	43	0.912069
122	52	0.884249
122	65	0.814499
122	67	0.871575
122	75	0.914263
122	82	0.90752
122	83	0.908687
122	90	0.9267
122	92	0.894214
122	94	0.891284
122	96	0.887966
122	97	0.886047
122	106	0.919693
122	114	0.895022
122	120	0.888813
122	121	0.884655
122	123	0.878844
122	125	0.901268
122	126	0.901372
122	132	1.59833
122	141	0.834021
122	144	1.40789
122	147	1.45571
122	151	3.30546
122	172	2.81071
122	178	3.32534
123	7	0.821171
123	36	0.868204
123	43	0.862617
123	52	0.834797
123	64	0.887443
123	65	0.765047
123	67	0.822123
123	82	0.858068
123	83	0.859235
123	86	0.860472
123	90	0.877248
123	92	0.844762
123	94	0.841831
123	96	0.838514
123	97	0.836595
123	106	0.870241
123	114	0.84557
123	120	0.83936
123	121	0.835203
123	122	0.878844
123	125	0.851816
123	126	0.85192
123	130	0.858154
123	133	1.41429
123	136	1.44549
123	141	0.784569
123	160	3.38828
123	174	3.37218
123	177	3.92491
124	39	2.26243
124	47	2.07589
124	50	1.62365
124	55	1.78683
124	111	0.951199
124	129	0.869407
124	132	0.892924
124	135	0.868819
124	140	0.837045
124	143	0.856068
124	152	0.854213
124	155	0.926014
124	156	0.843334
124	159	0.837296
124	160	0.841892
124	161	0.855457
124	164	0.826994
124	165	0.847505
124	167	0.844088
124	169	0.859827
124	170	0.849945
124	171	0.851733
124	172	0.852244
124	175	0.823173
124	176	0.799456
124	177	0.819199
124	178	0.836844
124	179	0.78953
124	180	0.808428
125	7	0.843595
125	36	0.890628
125	43	0.885041
125	52	0.857221
125	64	0.909867
125	65	0.787471
125	67	0.844547
125	75	0.887235
125	82	0.880492
125	83	0.881659
125	86	0.882896
125	90	0.899672
125	92	0.867186
125	94	0.864255
125	96	0.860938
125	97	0.859019
125	106	0.892665
125	114	0.867994
125	120	0.861784
125	121	0.857627
125	122	0.901268
125	123	0.851816
125	126	0.874344
125	130	0.880578
125	132	1.08949
125	141	0.806993
125	152	3.1506
125	166	3.49201
125	169	2.36562
125	170	2.6147
125	178	2.8165
126	7	0.843699
126	36	0.890732
126	43	0.885145
126	52	0.857324
126	64	0.909971
126	65	0.787574
126	67	0.844651
126	75	0.887339
126	82	0.880596
126	83	0.881763
126	86	0.883
126	90	0.899776
126	92	0.867289
126	94	0.864359
126	96	0.861042
126	97	0.859122
126	106	0.892768
126	114	0.868098
126	120	0.861888
126	121	0.85773
126	122	0.901372
126	123	0.85192
126	125	0.874344
126	130	0.880681
126	131	2.31209
126	133	1.19713
126	135	2.43733
126	141	0.807097
126	169	2.53594
126	172	2.47219
126	173	4.19102
127	22	4.39481
127	73	4.60519
127	84	0.862057
127	116	0.771544
127	131	0.750536
127	133	0.845752
127	135	0.75494
127	138	0.757744
127	140	0.723166
127	144	0.841939
127	145	0.834243
127	147	0.785931
127	155	0.812136
127	156	0.729456
127	158	0.766349
127	160	0.728013
127	161	0.741578
127	164	0.713116
127	167	0.73021
127	169	0.745949
127	170	0.736067
127	172	0.738366
127	173	0.700819
127	174	0.722059
127	175	0.709295
127	176	0.685578
127	177	0.705321
127	178	0.722966
127	179	0.675652
127	180	0.69455
128	18	1.60491
128	44	1.17548
128	55	2.01535
128	83	2.12681
128	89	1.07795
128	101	1.59951
128	107	0.919303
128	132	0.909346
128	135	0.885241
128	140	0.853467
128	144	0.97224
128	148	0.831974
128	154	0.865339
128	157	0.856587
128	159	0.853719
128	160	0.858314
128	161	0.871879
128	164	0.843417
128	165	0.863928
128	167	0.860511
128	169	0.87625
128	170	0.866368
128	171	0.868155
128	172	0.868667
128	173	0.83112
128	174	0.85236
128	175	0.839596
128	176	0.815879
128	177	0.835622
128	178	0.853267
128	179	0.805953
128	180	0.824851
129	15	2.20465
129	53	1.78037
129	56	3.02971
129	58	0.797295
129	121	3.18526
129	124	0.869407
129	131	0.802088
129	132	0.830597
129	133	0.897303
129	138	0.809296
129	142	0.802624
129	145	0.885795
129	148	0.753225
129	152	0.791886
129	154	0.786589
129	155	0.863688
129	157	0.777838
129	158	0.817901
129	159	0.77497
129	160	0.779565
129	164	0.764668
129	165	0.785179
129	167	0.781762
129	169	0.797501
129	170	0.787618
129	171	0.789406
129	172	0.789917
129	173	0.752371
129	175	0.760847
129	176	0.73713
129	177	0.756873
129	178	0.774518
129	179	0.727204
129	180	0.746101
130	7	0.849933
130	19	0.929699
130	20	0.92528
130	22	0.826442
130	23	0.917622
130	28	0.900287
130	31	0.895604
130	41	0.881736
130	55	0.928193
130	56	0.927583
130	59	0.845953
130	60	0.912575
130	62	0.906546
130	67	0.850885
130	76	0.711252
130	77	0.894933
130	80	0.894738
130	93	2.21382
130	97	0.865356
130	105	0.836417
130	114	0.874332
130	120	0.868122
130	121	0.863965
130	123	0.858154
130	125	0.880578
130	126	0.880681
130	135	2.76677
130	144	1.39882
130	147	0.8774
130	149	3.21037
130	150	0.885805
130	154	3.43623
130	155	1.31451
130	166	0.809262
131	38	3.79513
131	58	0.792303
131	68	1.47179
131	91	2.62099
131	109	0.898758
131	112	0.88891
131	126	2.31209
131	127	0.750536
131	129	0.802088
131	134	0.85939
131	137	0.854164
131	138	0.804303
131	142	0.797632
131	145	0.880802
131	152	0.786893
131	155	0.858695
131	156	0.776015
131	157	0.772845
131	158	0.812908
131	161	0.788138
131	164	0.759675
131	167	0.776769
131	169	0.792508
131	170	0.782626
131	171	0.784414
131	172	0.784925
131	173	0.747378
131	174	0.768619
131	175	0.755854
131	176	0.732137
131	177	0.75188
131	178	0.769525
131	179	0.722211
131	180	0.741109
132	21	3.38423
132	47	2.41642
132	101	1.71152
132	116	0.846612
132	118	0.8719
132	122	1.59833
132	124	0.892924
132	125	1.08949
132	128	0.909346
132	129	0.830597
132	134	0.887898
132	136	0.876381
132	145	0.909311
132	148	0.776741
132	152	0.815402
132	156	0.804524
132	157	0.801354
132	158	0.841417
132	159	0.798486
132	160	0.803081
132	161	0.816647
132	164	0.788184
132	165	0.808695
132	167	0.805278
132	169	0.821017
132	170	0.811135
132	171	0.812922
132	172	0.813434
132	175	0.784363
132	176	0.760646
132	177	0.780389
132	178	0.798034
132	179	0.75072
132	180	0.769618
133	1	1.64488
133	3	1.74394
133	27	1.67734
133	81	0.898719
133	99	1.26614
133	117	1.55628
133	123	1.41429
133	126	1.19713
133	127	0.845752
133	129	0.897303
133	137	0.94938
133	140	0.864941
133	142	0.892847
133	153	0.896846
133	155	0.953911
133	156	0.871231
133	157	0.868061
133	158	0.908123
133	160	0.869788
133	161	0.883353
133	164	0.854891
133	165	0.875401
133	167	0.871985
133	169	0.887724
133	170	0.877841
133	171	0.879629
133	172	0.88014
133	173	0.842593
133	174	0.863834
133	175	0.851069
133	176	0.827352
133	177	0.847095
133	178	0.86474
133	179	0.817426
133	180	0.836324
134	33	2.31479
134	50	2.15203
134	60	1.80303
134	104	1.31185
134	113	1.86075
134	114	1.35755
134	131	0.85939
134	132	0.887898
134	138	0.866597
134	139	0.914739
134	148	0.810526
134	151	0.83879
134	152	0.849187
134	154	0.843891
134	155	0.920989
134	156	0.838309
134	157	0.835139
134	158	0.875202
