1	14	1.0418
1	45	1.43089
1	92	0.96421
1	93	0.963067
1	96	0.964774
1	102	0.946141
1	116	0.935144
1	118	0.946157
1	132	0.972137
1	135	1.69976
1	138	0.924865
1	163	0.942009
2	6	0.938515
2	19	0.961209
2	21	0.962217
2	91	0.98463
2	97	0.956808
2	106	0.944152
2	112	0.972452
2	122	0.943461
2	126	0.969186
2	128	0.969165
2	146	1.85664
2	173	1.40606
3	69	0.99317
3	72	0.927493
3	82	0.99149
3	89	0.976117
3	96	0.975862
3	102	0.95723
3	116	0.946233
3	118	0.957245
3	132	0.983225
3	138	0.935953
3	158	2.32756
3	163	0.953097
4	41	1.09105
4	78	1.09796
4	95	1.04571
4	114	1.04876
4	127	0.93177
4	142	1.05033
4	145	1.07189
4	147	1.05907
4	148	1.07947
4	149	1.11435
4	163	1.05263
4	166	1.60232
5	55	1.04745
5	86	1.00265
5	100	1.0488
5	101	0.985264
5	108	0.96014
5	115	0.96788
5	136	0.947955
5	139	0.977584
5	152	0.905987
5	162	0.932975
5	172	2.23844
5	174	0.87237
6	2	0.938515
6	21	0.933737
6	34	1.0197
6	39	0.981574
6	80	1.02629
6	91	0.95615
6	112	0.943972
6	122	0.914981
6	126	0.940705
6	128	0.940685
6	153	1.53223
6	157	1.693
7	24	0.913375
7	58	0.977405
7	62	0.951879
7	94	1.11673
7	109	0.985374
7	117	0.952622
7	142	0.951483
7	145	0.973045
7	147	0.960218
7	148	0.98062
7	163	0.953784
7	179	2.22304
8	18	1.0711
8	97	1.05874
8	98	1.06804
8	112	1.07438
8	113	1.06997
8	117	1.06664
8	122	1.04539
8	126	1.07112
8	128	1.0711
8	147	1.07424
8	150	1.38696
8	173	1.23546
9	11	0.89011
9	136	2.00107
9	159	0.870077
9	160	0.950101
9	170	0.871522
9	173	0.923701
9	175	0.854133
9	176	0.891509
9	177	0.855704
9	178	0.816347
9	179	0.846716
9	180	0.828405
10	11	2.4
10	29	1.06218
10	57	1.07523
10	97	1.05584
10	106	1.04319
10	112	1.07149
10	122	1.0425
10	126	1.06822
10	128	1.0682
10	130	1.11035
10	156	0.526765
10	170	0.853407
11	9	0.89011
11	10	2.4
11	165	0.944812
11	169	0.842062
11	171	0.886774
11	172	0.8712
11	173	0.924194
11	176	0.892002
11	177	0.856198
11	178	0.816841
11	179	0.847209
11	180	0.828899
12	64	1.05068
12	66	1.1255
12	72	1.03456
12	73	1.03178
12	88	1.07307
12	89	1.08318
12	110	1.10308
12	123	1.23525
12	138	1.04302
12	150	1.11319
12	156	1.36784
12	163	1.06016
13	128	0.825627
13	134	0.656191
13	159	0.96428
13	161	0.995957
13	166	0.976412
13	169	0.935772
13	173	1.0179
13	176	0.985712
13	177	0.949908
13	178	0.91055
13	179	0.940919
13	180	0.922608
14	1	1.0418
14	64	1.05506
14	79	1.09875
14	80	0.496013
14	88	1.07745
14	116	1.05768
14	118	1.06869
14	132	1.09467
14	137	1.06063
14	138	1.0474
14	172	0.913206
14	178	2.3524
15	24	1.01131
15	35	1.10672
15	40	1.0863
15	77	1.08684
15	113	1.05388
15	129	1.05652
15	145	1.07098
15	148	1.07856
15	158	1.08711
15	163	1.05172
15	165	0.509029
15	178	2.16675
16	28	1.11078
16	91	1.07113
16	106	1.03066
16	112	1.05896
16	122	1.02996
16	126	1.05569
16	128	1.05567
16	130	1.09782
16	134	1.089
16	156	1.32112
16	161	1.52121
16	173	0.91497
17	59	0.354244
17	62	0.249002
17	72	0.379724
17	136	1.14548
17	139	1.17511
17	167	1.08501
17	174	1.0699
17	175	1.09889
17	178	1.0611
17	179	1.09147
17	180	1.07316
18	8	1.0711
18	117	0.907567
18	153	1.06599
18	167	0.931044
18	169	0.932353
18	171	0.977064
18	172	0.96149
18	173	1.01448
18	175	0.944917
18	177	0.946488
18	178	0.907131
18	180	0.919189
19	2	0.961209
19	73	0.931705
19	91	0.978843
19	118	0.964236
19	122	0.937674
19	126	0.963399
19	128	0.963379
19	133	1.41949
19	134	0.996705
19	138	0.942944
19	143	1.72952
19	163	0.960088
20	57	1.00737
20	112	1.00363
20	113	0.865931
20	122	0.974637
20	126	1.00036
20	128	1.00034
20	139	0.723858
20	158	0.957599
20	171	0.956145
20	178	0.886212
20	179	0.916581
20	180	0.89827
21	2	0.962217
21	6	0.933737
21	91	0.979852
21	97	0.952029
21	106	0.939374
21	112	0.967674
21	122	0.938683
21	126	0.964407
21	127	1.10308
21	128	0.964387
21	134	0.997714
21	169	2.12556
22	30	0.883893
22	116	0.235033
22	148	0.0913557
22	169	1.0536
22	170	1.08355
22	171	1.09831
22	175	1.06616
22	176	1.10354
22	177	1.06773
22	178	1.02838
22	179	1.05875
22	180	1.04043
23	32	1.15994
23	37	0.411079
23	59	0.985545
23	117	0.975984
23	122	1.11307
23	145	0.996407
23	148	1.00398
23	172	0.920667
23	174	0.875109
23	176	0.941469
23	178	0.866308
23	180	0.878366
24	7	0.913375
24	15	1.01131
24	44	0.992944
24	109	0.955935
24	117	0.923183
24	129	0.929146
24	142	0.922045
24	145	0.943607
24	147	0.930779
24	148	0.951181
24	160	1.27568
24	163	0.924346
24	172	2.17081
25	30	1.08133
25	77	1.06056
25	95	1.01852
25	105	1.03306
25	113	1.02761
25	130	0.62414
25	142	1.02314
25	145	1.0447
25	147	1.03188
25	148	1.05228
25	156	1.51512
25	163	1.02544
25	177	1.7452
26	47	1.00355
26	56	1.0028
26	70	1.02127
26	108	0.932776
26	115	0.940516
26	120	0.998228
26	136	0.920591
26	139	0.95022
26	152	0.878623
26	153	1.48786
26	162	0.905611
26	173	1.95371
26	174	0.845006
27	58	1.04981
27	77	1.06131
27	84	1.05377
27	95	1.01927
27	105	1.03381
27	131	1.06655
27	142	1.02389
27	145	1.04545
27	147	1.03262
27	148	1.05302
27	162	1.47851
27	163	1.02619
27	171	1.4042
28	16	1.11078
28	57	1.03348
28	91	1.04191
28	106	1.00143
28	112	1.02973
28	122	1.00074
28	126	1.02647
28	128	1.02645
28	130	1.0686
28	134	1.05977
28	158	1.14727
28	171	0.897125
28	174	1.96967
29	10	1.06218
29	77	0.76698
29	78	0.955962
29	112	0.968603
29	122	0.939612
29	126	0.965337
29	128	0.965317
29	133	1.05178
29	152	0.893606
29	173	0.958542
29	178	0.851188
29	179	0.881556
29	180	0.863246
30	22	0.883893
30	25	1.08133
30	42	1.03482
30	61	1.0273
30	78	1.06597
30	95	1.01372
30	109	1.05223
30	117	1.01948
30	129	1.02544
30	145	1.0399
30	147	1.02708
30	148	1.04748
30	153	1.44892
31	37	1.10611
31	87	1.04762
31	100	1.10572
31	108	1.01705
31	115	1.02479
31	120	1.0825
31	127	1.05053
31	136	1.00487
31	137	1.45492
31	139	1.0345
31	155	1.54428
31	157	0.887623
31	174	0.929283
32	23	1.15994
32	62	1.14565
32	85	1.15834
32	95	1.14063
32	109	1.17914
32	114	1.14368
32	125	0.628481
32	129	1.15235
32	142	1.14525
32	144	0.474969
32	148	1.17439
32	162	1.0244
32	178	2.27988
33	43	0.54155
33	101	1.06534
33	102	1.05862
33	116	1.04762
33	131	1.52679
33	132	1.08461
33	136	1.02803
33	138	1.03734
33	139	1.05766
33	162	1.01305
33	163	1.05448
33	170	1.79949
33	174	0.952446
34	6	1.0197
34	73	1.01868
34	90	1.06598
34	106	1.02534
34	111	1.22525
34	116	1.04019
34	119	1.32635
34	122	1.02464
34	126	1.05037
34	128	1.05035
34	132	1.07719
34	138	1.02991
34	160	1.2351
35	15	1.10672
35	67	0.439935
35	77	1.05487
35	98	1.01999
35	109	1.05135
35	114	1.01588
35	117	1.01859
35	142	1.01745
35	145	1.03902
35	147	1.02619
35	148	1.04659
35	152	1.88176
35	168	1.5832
36	46	0.639496
36	90	0.55932
36	101	0.329486
36	143	1.09404
36	155	1.08623
36	158	1.06029
36	167	1.01282
36	169	1.01413
36	173	1.09626
36	177	1.02826
36	178	0.988904
36	179	1.01927
36	180	1.00096
37	23	0.411079
37	31	1.10611
37	74	1.0217
37	101	1.0504
37	103	1.04846
37	115	1.03302
37	120	1.09073
37	127	1.05876
37	136	1.0131
37	139	1.04272
37	141	0.5007
37	151	2.55758
37	174	0.937511
38	129	0.39897
38	132	0.823117
38	134	0.247325
38	146	1.05133
38	164	1.01162
38	170	1.0212
38	171	1.03596
38	172	1.02038
38	173	1.07338
38	176	1.04119
38	177	1.00538
38	178	0.966024
38	179	0.996393
38	180	0.978082
39	6	0.981574
39	54	1.07467
39	91	1.02769
39	97	0.999866
39	106	0.987211
39	112	1.01551
39	122	0.98652
39	126	1.01224
39	128	1.01222
39	130	1.05437
39	134	1.04555
39	137	0.685514
39	167	2.26156
39	171	1.22103
40	15	1.0863
40	53	1.02252
40	62	0.997426
40	78	1.04466
40	113	1.0015
40	114	0.995459
40	124	1.48318
40	129	1.00413
40	133	1.07549
40	142	0.99703
40	143	1.38551
40	145	1.01859
40	147	1.00576
40	148	1.02617
41	4	1.09105
41	53	1.02637
41	84	1.03076
41	95	0.996258
41	114	0.999304
41	117	1.00201
41	127	1.09419
41	129	1.00798
41	142	1.00088
41	147	1.00961
41	148	1.03001
41	163	1.00318
41	173	1.17152
41	177	1.80775
42	30	1.03482
42	147	0.422293
42	155	1.06648
42	163	0.537769
42	164	1.01474
42	169	0.99437
42	171	1.03908
42	173	1.0765
42	175	1.00694
42	176	1.04431
42	177	1.00851
42	178	0.969149
42	179	0.999517
42	180	0.981207
43	33	0.54155
43	142	0.534905
43	143	1.07147
43	156	1.0732
43	163	0.892575
43	168	1.02116
43	170	1.02151
43	172	1.0207
43	175	1.00412
43	176	1.0415
43	177	1.00569
43	178	0.966336
43	179	0.996705
43	180	0.978394
44	24	0.992944
44	95	1.02643
44	98	1.03359
44	109	1.06494
44	111	1.45941
44	113	1.03552
44	115	1.02682
44	127	1.05256
44	133	0.914936
44	136	1.0069
44	139	1.03653
44	162	0.99192
44	165	1.60438
44	174	0.931315
45	1	1.43089
45	126	0.757778
45	151	0.940105
45	154	0.969031
45	161	0.989003
45	167	0.92751
45	170	0.958772
45	175	0.941383
45	176	0.978758
45	177	0.942954
45	178	0.903597
45	179	0.933965
45	180	0.915655
46	36	0.639496
46	87	1.0543
46	97	1.02893
46	106	1.01627
46	111	1.57202
46	112	1.04457
46	122	1.01558
46	126	1.04131
46	128	1.04129
46	136	1.01154
46	139	1.04117
46	143	1.33757
46	152	0.969575
46	174	0.935958
47	26	1.00355
47	70	1.09548
47	74	1.00341
47	87	1.03756
47	103	1.03017
47	108	1.00699
47	115	1.01473
47	120	1.07244
47	123	1.31538
47	136	0.994807
47	139	1.02444
47	160	0.835016
47	168	1.93205
47	174	0.919222
48	96	1.08902
48	142	1.04827
48	149	0.987224
48	151	0.908181
48	166	0.937534
48	167	0.895586
48	168	0.9265
48	171	0.941606
48	173	0.979026
48	175	0.909459
48	176	0.946834
48	177	0.91103
48	178	0.871673
48	179	0.902041
48	180	0.883731
49	52	1.01118
49	68	0.401658
49	85	1.00119
49	98	0.990637
49	109	1.02199
49	114	0.986529
49	117	0.989239
49	129	0.995202
49	142	0.9881
49	145	1.00966
49	147	0.996835
49	148	1.01724
49	159	1.65531
49	163	0.990401
49	167	2.27205
50	114	1.12652
50	121	0.940227
50	148	0.964929
50	150	0.983084
50	151	0.894967
50	157	1.02052
50	168	0.913287
50	170	0.913634
50	172	0.912818
50	173	0.965813
50	175	0.896245
50	176	0.93362
50	177	0.897816
50	178	0.858459
50	180	0.870517
51	73	1.13607
51	74	1.02775
51	105	0.520755
51	115	1.03907
51	117	0.159611
51	136	1.01915
51	139	1.04878
51	161	1.02017
51	162	1.00417
51	168	0.98959
51	170	0.989937
51	171	1.0047
51	174	0.943563
51	179	0.965131
51	180	0.94682
52	49	1.01118
52	77	1.02065
52	78	1.03086
52	83	1.17839
52	105	0.993152
52	107	0.950938
52	113	0.987695
52	117	0.984368
52	129	0.990331
52	142	0.98323
52	145	1.00479
52	147	0.991964
52	148	1.01237
52	163	0.98553
52	164	2.08228
53	40	1.02252
53	41	1.02637
53	59	0.996346
53	81	0.794091
53	84	1.01553
53	85	0.998733
53	95	0.98103
53	105	0.99557
53	114	0.984076
53	129	0.992749
53	142	0.985647
53	145	1.00721
53	147	0.994382
53	156	1.28837
53	180	2.22256
54	39	1.07467
54	57	1.04082
54	91	1.04925
54	96	0.579849
54	97	1.02143
54	116	0.744958
54	126	1.0338
54	128	1.03378
54	145	0.405202
54	169	0.944877
54	172	0.974015
54	173	1.02701
54	178	0.919656
54	179	0.950024
54	180	0.931714
55	5	1.04745
55	68	1.08513
55	88	0.649731
55	145	0.423498
55	160	1.06713
55	161	1.01878
55	166	0.999234
55	167	0.957286
55	168	0.9882
55	170	0.988548
55	173	1.04073
55	175	0.971159
55	177	0.97273
55	179	0.963741
55	180	0.945431
56	26	1.0028
56	74	1.00266
56	80	0.993777
56	86	1.04876
56	101	1.03137
56	103	1.02942
56	108	1.00624
56	115	1.01398
56	136	0.994058
56	139	1.02369
56	144	1.34201
56	152	0.95209
56	162	0.979078
56	174	0.918473
56	179	2.0253
57	10	1.07523
57	20	1.00737
57	28	1.03348
57	54	1.04082
57	97	0.966011
57	106	0.953355
57	112	0.981655
57	122	0.952664
57	126	0.978389
57	128	0.978369
57	130	1.02052
57	133	0.92563
57	134	1.0117
57	153	1.22091
57	156	2.09291
58	7	0.977405
58	27	1.04981
58	98	0.988612
58	105	0.995997
58	109	1.01996
58	114	0.984504
58	117	0.987213
58	142	0.986075
58	145	1.00764
58	147	0.994809
58	148	1.01521
58	150	1.19119
58	157	0.73461
58	163	0.988375
58	180	2.38003
59	17	0.354244
59	23	0.985545
59	53	0.996346
59	62	0.971248
59	77	1.00827
59	78	1.01848
59	113	0.975317
59	114	0.969281
59	117	0.971991
59	129	0.977954
59	142	0.970852
59	147	0.979587
59	148	0.999989
59	150	1.93445
59	163	0.973153
59	173	1.78295
60	74	0.731449
60	75	0.487158
60	132	0.0237909
60	143	1.10063
60	144	1.11828
60	155	1.09282
60	157	1.15755
60	163	0.357323
60	164	1.04109
60	165	1.12346
60	175	1.03328
60	176	1.07066
60	177	1.03485
60	178	0.995494
60	179	1.02586
60	180	1.00755
61	30	1.0273
61	78	1.01674
61	83	1.07133
61	85	0.982198
61	95	0.964494
61	98	0.971649
61	105	0.979034
61	113	0.973577
61	117	0.970251
61	129	0.976214
61	142	0.969112
61	144	1.42494
61	145	0.990674
61	147	0.977847
61	148	0.998248
61	171	2.02906
62	7	0.951879
62	17	0.249002
62	32	1.14565
62	40	0.997426
62	59	0.971248
62	71	1.20498
62	85	0.973635
62	98	0.963086
62	113	0.965014
62	114	0.958978
62	129	0.96765
62	142	0.960549
62	145	0.982111
62	147	0.969283
62	148	0.989685
62	169	2.62285
63	74	0.871894
63	76	0.662684
63	144	1.0502
63	163	0.497769
63	165	1.05538
63	167	0.951324
63	169	0.952633
63	170	0.982586
63	171	0.997344
63	172	0.981771
63	173	1.03476
63	176	1.00257
63	177	0.966769
63	178	0.927411
63	179	0.95778
63	180	0.939469
64	12	1.05068
64	14	1.05506
64	79	0.989474
64	89	0.978288
64	90	0.974195
64	92	0.97747
64	93	0.976327
64	99	0.96745
64	110	0.99819
64	118	0.959417
64	132	0.985396
64	138	0.938125
64	158	1.58266
64	161	1.14102
64	163	0.955269
64	180	1.87512
65	134	2.54843
65	156	0.911259
65	161	0.889801
65	165	0.932365
65	166	0.870256
65	167	0.828308
65	171	0.874328
65	172	0.858754
65	174	0.813195
65	175	0.842181
65	176	0.879556
65	177	0.843752
65	178	0.804395
65	179	0.834763
65	180	0.816453
66	12	1.1255
66	72	1.00449
66	90	1.04902
66	92	1.05229
66	93	1.05115
66	96	1.05286
66	102	1.03423
66	110	1.07302
66	116	1.02323
66	118	1.03424
66	132	1.06022
66	138	1.01295
66	140	1.13757
66	144	1.38568
66	153	0.726201
66	163	1.03009
66	172	1.88038
67	35	0.439935
67	93	0.424709
67	101	0.69263
67	155	1.09145
67	156	1.10099
67	158	1.06551
67	159	1.04785
67	163	0.631686
67	164	1.03972
67	166	1.05998
67	169	1.01934
67	172	1.04848
67	176	1.06928
67	177	1.03348
67	178	0.994123
67	179	1.02449
67	180	1.00618
68	49	0.401658
68	55	1.08513
68	90	1.29039
68	109	0.93966
68	156	1.0017
68	158	0.96622
68	160	1.02859
68	161	0.98024
68	165	1.0228
68	168	0.949661
68	173	1.00219
68	175	0.93262
68	176	0.969995
68	177	0.934191
68	178	0.894834
68	179	0.925202
68	180	0.906892
69	3	0.99317
69	79	1.03062
69	148	0.488133
69	149	1.0117
69	150	1.02078
69	157	1.05821
69	160	1.0299
69	165	1.02412
69	166	0.962011
69	169	0.921371
69	170	0.951325
69	171	0.966083
69	172	0.950509
69	175	0.933936
69	177	0.935507
69	179	0.926518
69	180	0.908208
70	26	1.02127
70	47	1.09548
70	74	1.02113
70	76	1.09993
70	86	1.06722
70	100	1.11337
70	103	1.04789
70	108	1.02471
70	115	1.03245
70	120	1.09016
70	136	1.01253
70	139	1.04216
70	154	1.17417
70	159	1.63611
70	164	1.15848
70	170	1.14738
70	174	0.936941
71	62	1.20498
71	102	0.267633
71	129	0.187316
71	142	0.587326
71	158	1.03767
71	160	1.10004
71	164	1.01188
71	165	1.09426
71	168	1.02111
71	169	0.991507
71	170	1.02146
71	171	1.03622
71	172	1.02064
71	173	1.07364
71	175	1.00407
71	176	1.04145
71	178	0.966285
71	180	0.978343
72	3	0.927493
72	12	1.03456
72	17	0.379724
72	66	1.00449
72	88	0.952055
72	89	0.962169
72	90	0.958076
72	92	0.96135
72	96	0.961914
72	99	0.95133
72	110	0.982071
72	118	0.943297
72	132	0.969277
72	133	1.0473
72	137	0.935232
72	138	0.922005
72	152	2.99722
72	163	0.93915
73	12	1.03178
73	19	0.931705
73	34	1.01868
73	51	1.13607
73	79	0.970576
73	82	0.974764
73	93	0.957429
73	102	0.940503
73	110	0.979292
73	116	0.929507
73	118	0.940519
73	124	1.69494
73	130	1.56355
73	132	0.966499
73	134	0.972989
73	137	0.932454
73	138	0.919227
73	163	0.936371
74	37	1.0217
74	47	1.00341
74	51	1.02775
74	56	1.00266
74	60	0.731449
74	63	0.871894
74	70	1.02113
74	86	0.975153
74	87	0.963208
74	101	0.957763
74	108	0.932639
74	120	0.998091
74	136	0.920454
74	139	0.950083
74	152	0.878486
74	162	0.905475
74	174	0.844869
74	177	2.42808
75	60	0.487158
75	76	1.08947
75	86	1.05676
75	87	1.04482
75	100	1.10291
75	101	1.03937
75	108	1.01425
75	115	1.02199
75	120	1.0797
75	127	1.04773
75	136	1.00207
75	139	1.03169
75	149	1.6528
75	152	0.960098
75	157	1.24248
75	162	0.987086
75	165	1.47587
75	174	0.92648
76	63	0.662684
76	70	1.09993
76	75	1.08947
76	87	1.04201
76	100	1.1001
76	101	1.03656
76	103	1.03462
76	108	1.01144
76	115	1.01918
76	120	1.07689
76	130	1.09781
76	136	0.999256
76	139	1.02888
76	149	1.68788
76	152	0.957288
76	160	1.37584
76	162	0.984276
76	174	0.923671
77	15	1.08684
77	25	1.06056
77	27	1.06131
77	29	0.76698
77	35	1.05487
77	52	1.02065
77	59	1.00827
77	85	1.01066
77	105	1.00749
77	109	1.03146
77	124	0.431497
77	129	1.00467
77	142	0.997571
77	145	1.01913
77	147	1.0063
77	148	1.02671
77	173	0.784938
77	178	2.91246
78	4	1.09796
78	29	0.955962
78	30	1.06597
78	40	1.04466
78	52	1.03086
78	59	1.01848
78	61	1.01674
78	95	1.00316
78	98	1.01032
78	114	1.00621
78	142	1.00778
78	145	1.02934
78	147	1.01652
78	148	1.03692
78	153	0.508068
78	162	1.84597
78	163	1.01008
78	166	1.56714
79	14	1.09875
79	64	0.989474
79	69	1.03062
79	73	0.970576
79	84	1.02655
79	90	1.01789
79	92	1.02116
79	93	1.02002
79	96	1.02172
79	116	0.992095
79	118	1.00311
79	127	1.23979
79	131	1.77722
79	132	1.02909
79	134	1.03558
79	137	0.995042
79	138	0.981815
79	157	1.01205
79	163	0.998959
80	6	1.02629
80	14	0.496013
80	56	0.993777
80	97	1.04458
80	106	1.03192
80	112	1.06023
80	114	0.781627
80	122	1.03123
80	126	1.05696
80	128	1.05694
80	148	0.620034
80	156	1.04967
80	171	1.01274
80	172	0.997169
80	175	0.980596
80	177	0.982167
80	178	0.94281
80	179	0.973178
80	180	0.954868
81	53	0.794091
81	106	1.14591
81	136	0.856807
81	144	1.01833
81	154	0.960978
81	155	0.992872
81	159	0.949273
81	161	0.98095
81	164	0.941137
81	165	1.02351
81	167	0.919457
81	169	0.920765
81	170	0.950719
81	173	1.0029
81	176	0.970705
81	177	0.934901
81	179	0.925912
81	180	0.907601
82	3	0.99149
82	73	0.974764
82	84	1.03073
82	89	1.02617
82	90	1.02207
82	92	1.02535
82	93	1.0242
82	96	1.02591
82	99	1.01533
82	102	1.00728
82	104	1.38997
82	116	0.996282
82	118	1.00729
82	132	1.03327
82	134	1.03976
82	138	0.986003
82	149	1.53088
82	160	1.21884
82	165	1.35395
83	52	1.17839
83	61	1.07133
83	121	0.964447
83	124	1.0324
83	147	1.14226
83	153	1.04154
83	159	0.936409
83	161	0.968086
83	166	0.948541
83	168	0.937507
83	170	0.937855
83	171	0.952612
83	173	0.990033
83	175	0.920466
83	176	0.957841
83	177	0.922037
83	178	0.882679
83	179	0.913048
83	180	0.894737
84	27	1.05377
84	41	1.03076
84	53	1.01553
84	79	1.02655
84	82	1.03073
84	85	1.00313
84	110	1.03526
84	116	0.985475
84	118	0.996488
84	132	1.02247
84	138	0.975196
84	145	1.0116
84	147	0.998774
84	148	1.01918
84	152	1.79186
84	162	1.47511
84	163	0.99234
84	164	1.34696
84	176	0.900776
85	32	1.15834
85	49	1.00119
85	53	0.998733
85	61	0.982198
85	62	0.973635
85	77	1.01066
85	84	1.00313
85	105	0.983162
85	109	1.00713
85	113	0.977704
85	114	0.971668
85	119	1.30279
85	133	0.657204
85	142	0.973239
85	145	0.994801
85	147	0.981974
85	148	1.00238
85	163	0.97554
85	173	1.41834
85	179	2.29526
86	5	1.00265
86	56	1.04876
86	70	1.06722
86	74	0.975153
86	75	1.05676
86	87	1.0093
86	100	1.0674
86	103	1.00191
86	115	0.986472
86	120	1.04418
86	125	0.793696
86	127	1.01221
86	136	0.966548
86	139	0.996177
86	150	0.814363
86	151	2.7141
86	152	0.92458
86	154	1.42245
86	162	0.951568
86	174	0.890963
87	31	1.04762
87	46	1.0543
87	47	1.03756
87	74	0.963208
87	75	1.04482
87	76	1.04201
87	86	1.0093
87	100	1.05545
87	103	0.989967
87	108	0.966788
87	120	1.03224
87	127	1.00027
87	136	0.954603
87	139	0.984232
87	140	1.42309
87	143	1.02647
87	162	0.939623
87	165	1.40589
87	174	0.879017
87	176	1.77529
88	12	1.07307
88	14	1.07745
88	55	0.649731
88	72	0.952055
88	90	0.996586
88	92	0.999861
88	93	0.998718
88	96	1.00042
88	99	0.989841
88	102	0.981792
88	110	1.02058
88	116	0.970795
88	118	0.981808
88	132	1.00779
88	134	1.01428
88	138	0.960516
88	149	1.25763
88	155	1.50397
88	163	0.97766
88	170	1.88518
89	3	0.976117
89	12	1.08318
89	64	0.978288
89	72	0.962169
89	82	1.02617
89	93	1.00883
89	96	1.01054
89	99	0.999954
89	102	0.991906
89	110	1.03069
89	116	0.980909
89	118	0.991921
89	132	1.0179
89	137	0.983856
89	138	0.970629
89	149	0.956457
89	158	1.8991
89	161	1.45746
89	163	0.987774
89	177	1.48744
90	34	1.06598
90	36	0.55932
90	64	0.974195
90	66	1.04902
90	68	1.29039
90	72	0.958076
90	79	1.01789
90	82	1.02207
90	88	0.996586
90	92	1.00588
90	96	1.00644
90	99	0.995861
90	107	1.32106
90	116	0.976816
90	118	0.987828
90	127	1.63117
90	132	1.01381
90	137	0.979763
90	138	0.966536
90	163	0.98368
91	2	0.98463
91	6	0.95615
91	16	1.07113
91	19	0.978843
91	21	0.979852
91	28	1.04191
91	39	1.02769
91	54	1.04925
91	97	0.974442
91	106	0.961786
91	112	0.990087
91	122	0.961095
91	126	0.98682
91	128	0.9868
91	130	1.02895
91	134	1.02013
91	156	1.08788
91	159	1.90325
91	161	1.28797
91	179	1.55865
92	1	0.96421
92	64	0.97747
92	66	1.05229
92	72	0.96135
92	79	1.02116
92	82	1.02535
92	88	0.999861
92	90	1.00588
92	93	1.00801
92	99	0.999136
92	102	0.991087
92	110	1.02988
92	118	0.991103
92	132	1.01708
92	138	0.969811
92	157	0.718498
92	162	1.89563
92	163	0.986955
92	175	1.76808
92	176	1.32129
93	1	0.963067
93	64	0.976327
93	66	1.05115
93	67	0.424709
93	73	0.957429
93	79	1.02002
93	82	1.0242
93	88	0.998718
93	89	1.00883
93	92	1.00801
93	96	1.00858
93	99	0.997993
93	102	0.989944
93	118	0.98996
93	132	1.01594
93	134	1.02243
93	138	0.968668
93	157	0.905668
93	172	1.89907
93	179	2.08767
94	7	1.11673
94	100	0.247693
94	131	1.02273
94	138	0.678663
94	143	1.03302
94	148	0.545256
94	150	1.05251
94	154	0.993324
94	157	1.08995
94	161	1.0133
94	166	0.993751
94	168	0.982717
94	171	0.997822
94	172	0.982249
94	173	1.03524
94	174	0.93669
94	175	0.965676
94	176	1.00305
94	179	0.958258
94	180	0.939947
95	4	1.04571
95	25	1.01852
95	27	1.01927
95	30	1.01372
95	32	1.14063
95	41	0.996258
95	44	1.02643
95	53	0.98103
95	61	0.964494
95	78	1.00316
95	105	0.965458
95	114	0.953964
95	129	0.962637
95	142	0.955536
95	147	0.96427
95	148	0.984672
95	161	1.46694
95	169	1.80584
95	171	1.65843
95	173	0.860691
96	1	0.964774
96	3	0.975862
96	48	1.08902
96	54	0.579849
96	66	1.05286
96	72	0.961914
96	79	1.02172
96	82	1.02591
96	88	1.00042
96	89	1.01054
96	90	1.00644
96	93	1.00858
96	110	1.03044
96	116	0.980654
96	132	1.01765
96	137	0.983601
96	138	0.970375
96	163	0.987519
96	172	1.78913
96	176	1.39852
97	2	0.956808
97	8	1.05874
97	10	1.05584
97	21	0.952029
97	39	0.999866
97	46	1.02893
97	54	1.02143
97	57	0.966011
97	80	1.04458
97	91	0.974442
97	106	0.933964
97	112	0.962265
97	122	0.933273
97	126	0.958998
97	128	0.958978
97	130	1.00113
97	134	0.992304
97	146	1.10505
97	172	1.3428
97	179	1.5314
97	180	1.99481
98	8	1.06804
98	35	1.01999
98	44	1.03359
98	49	0.990637
98	58	0.988612
98	61	0.971649
98	62	0.963086
98	78	1.01032
98	105	0.972612
98	113	0.967155
98	117	0.963828
98	129	0.969791
98	142	0.96269
98	145	0.984252
98	147	0.971424
98	148	0.991826
98	155	1.33191
98	157	0.675251
98	163	0.964991
98	177	1.61656
98	180	2.32067
99	64	0.96745
99	72	0.95133
99	82	1.01533
99	88	0.989841
99	89	0.999954
99	90	0.995861
99	92	0.999136
99	93	0.997993
99	102	0.981068
99	110	1.01986
99	116	0.970071
99	118	0.981083
99	132	1.00706
99	134	1.01355
99	137	0.973018
99	138	0.959791
99	144	1.26458
99	163	0.976935
99	166	1.66417
99	168	1.96118
99	173	1.07095
100	5	1.0488
100	31	1.10572
100	70	1.11337
100	75	1.10291
100	76	1.1001
100	86	1.0674
100	87	1.05545
100	94	0.247693
100	101	1.05001
100	103	1.04806
100	108	1.02488
100	115	1.03262
100	120	1.09033
100	136	1.0127
100	139	1.04233
100	151	2.52831
100	152	0.970729
100	155	0.828654
100	171	1.27482
100	174	0.937112
100	177	1.1133
101	5	0.985264
101	33	1.06534
101	36	0.329486
101	37	1.0504
101	56	1.03137
101	67	0.69263
101	74	0.957763
101	75	1.03937
101	76	1.03656
101	100	1.05001
101	103	0.984523
101	108	0.961343
101	115	0.969083
101	120	1.0268
101	136	0.949158
101	139	0.978787
101	152	0.90719
101	162	0.934179
101	164	2.22257
101	174	0.873573
101	176	1.77638
102	1	0.946141
102	3	0.95723
102	33	1.05862
102	66	1.03423
102	71	0.267633
102	73	0.940503
102	82	1.00728
102	88	0.981792
102	89	0.991906
102	92	0.991087
102	93	0.989944
102	99	0.981068
102	110	1.01181
102	116	0.962022
102	118	0.973034
102	132	0.999014
102	134	1.0055
102	152	1.92916
102	163	0.968887
102	173	0.740359
102	174	2.61064
103	37	1.04846
103	47	1.03017
103	56	1.02942
103	70	1.04789
103	76	1.03462
103	86	1.00191
103	87	0.989967
103	100	1.04806
103	101	0.984523
103	108	0.959399
103	115	0.967139
103	120	1.02485
103	136	0.947214
103	139	0.976843
103	141	1.16481
103	152	0.905246
103	154	1.93004
103	160	0.963647
103	162	0.932235
103	174	0.871629
103	177	1.80668
104	82	1.38997
104	108	1.08943
104	125	1.02145
104	129	0.624371
104	150	1.00239
104	154	0.943194
104	156	0.984625
104	159	0.931489
104	160	1.01151
104	164	0.923353
104	166	0.943621
104	167	0.901673
104	169	0.902981
104	170	0.932935
104	171	0.947693
104	175	0.915546
104	176	0.952921
104	177	0.917117
104	178	0.87776
104	180	0.889818
105	25	1.03306
105	27	1.03381
105	51	0.520755
105	52	0.993152
105	53	0.99557
105	58	0.995997
105	61	0.979034
105	77	1.00749
105	85	0.983162
105	95	0.965458
105	98	0.972612
105	113	0.97454
105	117	0.971214
105	129	0.977177
105	135	0.960516
105	142	0.970075
105	145	0.991637
105	147	0.97881
105	154	2.19266
105	163	0.972376
105	176	1.73078
106	2	0.944152
106	10	1.04319
106	16	1.03066
106	21	0.939374
106	28	1.00143
106	34	1.02534
106	39	0.987211
106	46	1.01627
106	57	0.953355
106	80	1.03192
106	81	1.14591
106	91	0.961786
106	97	0.933964
106	112	0.949609
106	122	0.920618
106	126	0.946342
106	128	0.946322
106	130	0.988472
106	134	0.979649
106	137	1.49626
106	160	1.02723
106	175	1.97854
107	52	0.950938
107	90	1.32106
107	112	0.374096
107	147	0.914804
107	153	1.07363
107	158	0.986151
107	159	0.968494
107	160	1.04852
107	164	0.960358
107	165	1.04274
107	166	0.980626
107	167	0.938678
107	168	0.969592
107	169	0.939986
107	171	0.984697
107	173	1.02212
107	175	0.952551
107	176	0.989926
107	177	0.954122
107	178	0.914764
107	179	0.945133
107	180	0.926822
108	5	0.96014
108	26	0.932776
108	31	1.01705
108	47	1.00699
108	56	1.00624
108	70	1.02471
108	74	0.932639
108	75	1.01425
108	76	1.01144
108	87	0.966788
108	100	1.02488
108	101	0.961343
108	103	0.959399
108	104	1.08943
108	115	0.943959
108	120	1.00167
108	136	0.924034
108	139	0.953663
108	162	0.909055
108	165	1.05341
108	170	1.85789
108	174	0.848449
108	175	1.86961
109	7	0.985374
109	24	0.955935
109	30	1.05223
109	32	1.17914
109	35	1.05135
109	44	1.06494
109	49	1.02199
109	58	1.01996
109	68	0.93966
109	77	1.03146
109	85	1.00713
109	113	0.998508
109	114	0.992472
109	117	0.995182
109	129	1.00114
109	130	0.87294
109	141	1.35212
109	145	1.01561
109	146	1.80834
109	147	1.00278
109	148	1.02318
109	163	0.996344
109	165	1.28608
110	12	1.10308
110	64	0.99819
110	66	1.07302
110	72	0.982071
110	73	0.979292
110	84	1.03526
110	88	1.02058
110	89	1.03069
110	92	1.02988
110	96	1.03044
110	99	1.01986
110	102	1.01181
110	116	1.00081
110	132	1.0378
110	134	1.04429
110	137	1.00376
110	138	0.990531
110	161	1.01996
110	163	1.00768
110	166	1.00693
110	167	2.25198
110	168	1.30394
110	179	1.29064
111	34	1.22525
111	44	1.45941
111	46	1.57202
111	133	1.07158
111	134	0.291744
111	135	1.02853
111	140	1.01877
111	143	0.976126
111	153	1.02986
111	154	0.936427
111	155	0.968321
111	158	0.942379
111	160	1.00475
111	164	0.916586
111	166	0.936854
111	167	0.894906
111	168	0.925821
111	169	0.896215
111	172	0.925352
111	173	0.978347
111	175	0.908779
111	176	0.946154
111	177	0.91035
111	179	0.901361
111	180	0.883051
112	2	0.972452
112	6	0.943972
112	8	1.07438
112	10	1.07149
112	16	1.05896
112	20	1.00363
112	21	0.967674
112	28	1.02973
112	29	0.968603
112	39	1.01551
112	46	1.04457
112	57	0.981655
112	80	1.06023
112	91	0.990087
112	97	0.962265
112	106	0.949609
112	107	0.374096
112	122	0.948918
112	126	0.974642
112	128	0.974622
112	134	1.00795
112	165	0.689852
112	169	1.70669
112	176	1.05925
112	178	2.88906
113	8	1.06997
113	15	1.05388
113	20	0.865931
113	25	1.02761
113	40	1.0015
113	44	1.03552
113	52	0.987695
113	59	0.975317
113	61	0.973577
113	62	0.965014
113	85	0.977704
113	98	0.967155
113	105	0.97454
113	109	0.998508
113	114	0.963047
113	117	0.965757
113	121	1.98736
113	129	0.97172
113	133	0.55995
113	141	1.31544
113	142	0.964618
113	145	0.98618
113	147	0.973353
113	148	0.993754
113	154	2.08067
113	163	0.966919
114	4	1.04876
114	32	1.14368
114	35	1.01588
114	40	0.995459
114	41	0.999304
114	49	0.986529
114	50	1.12652
114	53	0.984076
114	58	0.984504
114	59	0.969281
114	62	0.958978
114	78	1.00621
114	80	0.781627
114	85	0.971668
114	95	0.953964
114	109	0.992472
114	113	0.963047
114	121	1.6025
114	129	0.965683
114	142	0.958582
114	145	0.980144
114	147	0.967316
114	148	0.987718
114	163	0.960883
114	171	1.73397
114	176	1.23394
115	5	0.96788
115	26	0.940516
115	31	1.02479
115	37	1.03302
115	44	1.02682
115	47	1.01473
115	51	1.03907
115	56	1.01398
115	70	1.03245
115	75	1.02199
115	76	1.01918
115	86	0.986472
115	100	1.03262
115	101	0.969083
115	103	0.967139
115	108	0.943959
115	120	1.00941
115	124	1.16077
115	130	1.02938
115	136	0.931774
115	139	0.961403
115	140	1.45972
115	144	1.70783
115	152	0.889806
115	162	0.916794
115	174	0.856189
115	177	2.15044
116	1	0.935144
116	3	0.946233
116	14	1.05768
116	22	0.235033
116	33	1.04762
116	34	1.04019
116	54	0.744958
116	66	1.02323
116	73	0.929507
116	79	0.992095
116	82	0.996282
116	84	0.985475
116	88	0.970795
116	89	0.980909
116	90	0.976816
116	96	0.980654
116	99	0.970071
116	102	0.962022
116	110	1.00081
116	118	0.962037
116	132	0.988017
116	137	0.953972
116	138	0.940745
116	163	0.95789
116	168	2.15614
116	170	1.9987
116	176	1.56362
117	7	0.952622
117	8	1.06664
117	18	0.907567
117	23	0.975984
117	24	0.923183
117	30	1.01948
117	35	1.01859
117	41	1.00201
117	49	0.989239
117	51	0.159611
117	52	0.984368
117	58	0.987213
117	59	0.971991
117	61	0.970251
117	98	0.963828
117	105	0.971214
117	109	0.995182
117	113	0.965757
117	129	0.968393
117	142	0.961292
117	145	0.982853
117	147	0.970026
117	148	0.990428
117	153	0.606071
117	163	0.963592
117	175	1.81643
117	178	3.19945
118	1	0.946157
118	3	0.957245
118	14	1.06869
118	19	0.964236
118	64	0.959417
118	66	1.03424
118	72	0.943297
118	73	0.940519
118	79	1.00311
118	82	1.00729
118	84	0.996488
118	88	0.981808
118	89	0.991921
118	90	0.987828
118	92	0.991103
118	93	0.98996
118	99	0.981083
118	102	0.973034
118	116	0.962037
118	124	1.02961
118	132	0.99903
118	135	0.910505
118	138	0.951758
118	160	1.17625
118	163	0.968902
118	166	1.97627
118	169	2.3282
119	34	1.32635
119	85	1.30279
119	120	0.750155
119	147	1.1867
119	150	1.00088
119	151	0.912758
119	152	0.918668
119	154	0.941684
119	156	0.983115
119	157	1.03831
119	158	0.947636
119	160	1.01
119	164	0.921843
119	165	1.00422
119	166	0.942111
119	168	0.931078
119	169	0.901471
119	170	0.931425
119	171	0.946183
119	172	0.930609
119	174	0.885051
119	175	0.914036
119	176	0.951411
119	177	0.915607
119	178	0.87625
119	179	0.906618
119	180	0.888308
120	26	0.998228
120	31	1.0825
120	37	1.09073
120	47	1.07244
120	70	1.09016
120	74	0.998091
120	75	1.0797
120	76	1.07689
120	86	1.04418
120	87	1.03224
120	100	1.09033
120	101	1.0268
120	103	1.02485
120	108	1.00167
120	115	1.00941
120	119	0.750155
120	127	1.03515
120	136	0.989486
120	139	1.01912
120	140	0.811216
120	152	0.947518
120	162	0.974507
120	165	0.794018
120	169	1.81085
120	174	0.913901
120	176	1.16342
120	180	2.20604
121	50	0.940227
121	83	0.964447
121	113	1.98736
121	114	1.6025
121	135	0.982383
121	136	1.61121
121	140	0.972625
121	146	0.910148
121	151	0.861354
121	155	0.922174
121	158	0.896232
121	160	0.958599
121	161	0.910252
121	164	0.870439
121	165	0.952816
121	166	0.890707
121	167	0.848759
121	168	0.879673
121	169	0.850067
121	172	0.879205
121	173	0.932199
121	174	0.833646
121	175	0.862632
121	176	0.900007
121	177	0.864203
121	178	0.824845
121	179	0.855214
121	180	0.836903
122	2	0.943461
122	6	0.914981
122	8	1.04539
122	10	1.0425
122	16	1.02996
122	19	0.937674
122	20	0.974637
122	21	0.938683
122	23	1.11307
122	28	1.00074
122	29	0.939612
122	34	1.02464
122	39	0.98652
122	46	1.01558
122	57	0.952664
122	80	1.03123
122	91	0.961095
122	97	0.933273
122	106	0.920618
122	112	0.948918
122	123	1.48189
122	126	0.945651
122	128	0.945631
122	130	0.987781
122	134	0.978958
122	143	0.757221
122	162	2.08038
122	177	1.84456
123	12	1.23525
123	47	1.31538
123	122	1.48189
123	142	1.33361
123	143	0.968282
123	149	0.9787
123	152	0.905566
123	153	1.02201
123	154	0.928583
123	158	0.934535
123	159	0.916878
123	160	0.996902
123	161	0.948555
123	165	0.991119
123	166	0.92901
123	167	0.887061
123	168	0.917976
123	169	0.88837
123	170	0.918323
123	171	0.933081
123	172	0.917508
123	173	0.970502
123	174	0.871949
123	175	0.900935
123	176	0.93831
123	177	0.902506
123	178	0.863148
123	179	0.893517
123	180	0.875206
124	40	1.48318
124	73	1.69494
124	77	0.431497
124	83	1.0324
124	115	1.16077
124	118	1.02961
124	125	1.03649
124	135	1.05034
124	143	0.997934
124	146	0.978104
124	153	1.05166
124	155	0.990129
124	158	0.964188
124	159	0.946531
124	160	1.02655
124	164	0.938394
124	166	0.958663
124	167	0.916714
124	168	0.947629
124	169	0.918023
124	170	0.947976
124	172	0.94716
124	173	1.00015
124	175	0.930587
124	176	0.967963
124	177	0.932158
124	178	0.892801
124	179	0.92317
124	180	0.904859
125	32	0.628481
125	86	0.793696
125	104	1.02145
125	124	1.03649
125	128	0.808668
125	132	1.21502
125	133	1.08736
125	136	1.07577
125	140	1.03455
125	141	1.02484
125	151	0.923276
125	153	1.04563
125	157	1.04883
125	158	0.958155
125	164	0.932362
125	165	1.01474
125	166	0.95263
125	167	0.910681
125	168	0.941596
125	169	0.91199
125	170	0.941944
125	171	0.956701
125	172	0.941128
125	175	0.924555
125	176	0.96193
125	177	0.926126
125	178	0.886768
125	179	0.917137
125	180	0.898826
126	2	0.969186
126	6	0.940705
126	8	1.07112
126	10	1.06822
126	16	1.05569
126	19	0.963399
126	20	1.00036
126	21	0.964407
126	28	1.02647
126	29	0.965337
126	34	1.05037
126	39	1.01224
126	45	0.757778
126	46	1.04131
126	54	1.0338
126	57	0.978389
126	80	1.05696
126	91	0.98682
126	97	0.958998
126	106	0.946342
126	112	0.974642
126	122	0.945651
126	128	0.971355
126	130	1.01351
126	134	1.00468
126	141	1.49356
126	153	1.03335
126	160	1.2924
126	161	2.10545
126	165	1.42752
127	4	0.93177
127	21	1.10308
127	31	1.05053
127	37	1.05876
127	41	1.09419
127	44	1.05256
127	75	1.04773
127	79	1.23979
127	86	1.01221
127	87	1.00027
127	90	1.63117
127	120	1.03515
127	136	0.957514
127	139	0.987143
127	141	1.0112
127	146	0.958431
127	152	0.915546
127	162	0.942534
127	164	0.918722
127	165	1.0011
127	168	0.927956
127	169	0.89835
127	170	0.928303
127	172	0.927488
127	174	0.881929
127	175	0.910915
127	177	0.912486
127	178	0.873128
127	179	0.903497
127	180	0.885186
128	2	0.969165
128	6	0.940685
128	8	1.0711
128	10	1.0682
128	13	0.825627
128	16	1.05567
128	19	0.963379
128	20	1.00034
128	21	0.964387
128	28	1.02645
128	29	0.965317
128	34	1.05035
128	39	1.01222
128	46	1.04129
128	54	1.03378
128	57	0.978369
128	80	1.05694
128	91	0.9868
128	97	0.958978
128	106	0.946322
128	112	0.974622
128	122	0.945631
128	125	0.808668
128	126	0.971355
128	130	1.01349
128	134	1.00466
128	150	0.829335
128	167	2.5161
128	171	1.47558
128	172	1.36616
129	15	1.05652
129	24	0.929146
129	30	1.02544
129	32	1.15235
129	38	0.39897
129	40	1.00413
129	41	1.00798
129	49	0.995202
129	52	0.990331
129	53	0.992749
129	59	0.977954
129	61	0.976214
129	62	0.96765
129	71	0.187316
129	77	1.00467
129	95	0.962637
129	98	0.969791
129	104	0.624371
129	105	0.977177
129	109	1.00114
129	113	0.97172
129	114	0.965683
129	117	0.968393
129	142	0.967255
129	145	0.988816
129	147	0.975989
129	148	0.996391
129	159	1.88157
129	163	0.969555
129	167	2.49831
129	180	2.00038
130	10	1.11035
130	16	1.09782
130	25	0.62414
130	28	1.0686
130	39	1.05437
130	57	1.02052
130	73	1.56355
130	76	1.09781
130	91	1.02895
130	97	1.00113
130	106	0.988472
130	109	0.87294
130	115	1.02938
130	122	0.987781
130	126	1.01351
130	128	1.01349
130	132	0.599362
130	134	1.04681
130	146	0.984659
130	155	0.996685
130	157	1.06142
130	167	0.92327
130	168	0.954184
130	169	0.924578
130	170	0.954532
130	172	0.953716
130	175	0.937143
130	177	0.938714
130	178	0.899357
130	179	0.929725
130	180	0.911415
131	27	1.06655
131	33	1.52679
131	79	1.77722
131	94	1.02273
131	137	0.944838
131	141	0.975984
131	144	0.960702
131	145	1.38625
131	149	0.953469
131	150	0.962543
131	151	0.874425
131	153	0.99678
131	154	0.903352
131	158	0.909304
131	159	0.891647
131	160	0.971671
131	161	0.923324
131	162	0.907323
131	164	0.883511
131	165	0.965888
131	166	0.903779
131	169	0.863139
131	170	0.893092
131	171	0.90785
131	172	0.892277
131	173	0.945271
131	176	0.913079
131	177	0.877275
131	178	0.837917
131	179	0.868286
131	180	0.849975
132	1	0.972137
132	3	0.983225
132	14	1.09467
132	33	1.08461
132	34	1.07719
132	38	0.823117
132	60	0.0237909
132	64	0.985396
132	66	1.06022
132	72	0.969277
132	73	0.966499
132	79	1.02909
132	82	1.03327
132	84	1.02247
132	88	1.00779
132	89	1.0179
132	90	1.01381
132	92	1.01708
132	93	1.01594
132	96	1.01765
132	99	1.00706
132	102	0.999014
132	110	1.0378
132	116	0.988017
132	118	0.99903
132	125	1.21502
132	130	0.599362
132	134	1.0315
132	137	0.990964
132	138	0.977738
132	146	1.53477
132	164	1.82809
132	175	1.8287
133	19	1.41949
133	29	1.05178
133	40	1.07549
133	44	0.914936
133	57	0.92563
133	72	1.0473
133	85	0.657204
133	111	1.07158
133	113	0.55995
133	125	1.08736
133	143	1.0488
133	150	1.06829
133	151	0.980176
133	154	1.0091
133	155	1.041
133	156	1.05053
133	157	1.10573
133	158	1.01505
133	161	1.02907
133	164	0.989261
133	167	0.967581
133	168	0.998496
133	169	0.96889
133	170	0.998843
133	171	1.0136
133	172	0.998028
133	173	1.05102
133	175	0.981454
133	176	1.01883
133	177	0.983026
133	178	0.943668
133	179	0.974037
133	180	0.955726
134	13	0.656191
134	16	1.089
134	19	0.996705
134	21	0.997714
134	28	1.05977
134	38	0.247325
134	39	1.04555
134	57	1.0117
134	65	2.54843
134	73	0.972989
134	79	1.03558
134	82	1.03976
134	88	1.01428
134	91	1.02013
134	93	1.02243
134	97	0.992304
134	99	1.01355
134	102	1.0055
134	106	0.979649
134	110	1.04429
134	111	0.291744
134	112	1.00795
134	122	0.978958
134	126	1.00468
134	128	1.00466
134	130	1.04681
134	132	1.0315
134	137	0.997454
134	138	0.984227
134	158	1.55629
134	163	1.00137
134	168	1.39863
134	175	1.2529
135	1	1.69976
135	105	0.960516
135	111	1.02853
135	118	0.910505
135	121	0.982383
135	124	1.05034
135	136	0.472383
135	139	0.70646
135	141	1.03868
135	147	0.829696
135	151	0.937124
135	156	1.00748
135	157	1.06268
135	158	0.972002
135	159	0.954345
135	160	1.03437
135	161	0.986022
135	164	0.946209
135	165	1.02859
135	166	0.966477
135	167	0.924529
135	168	0.955443
135	169	0.925837
135	170	0.955791
135	171	0.970549
135	172	0.954975
135	173	1.00797
135	174	0.909416
135	175	0.938402
135	176	0.975777
135	177	0.939973
135	178	0.900616
135	179	0.930984
135	180	0.912674
136	5	0.947955
136	9	2.00107
136	17	1.14548
136	26	0.920591
136	31	1.00487
136	33	1.02803
136	37	1.0131
136	44	1.0069
136	46	1.01154
136	47	0.994807
136	51	1.01915
136	56	0.994058
136	70	1.01253
136	74	0.920454
136	75	1.00207
136	76	0.999256
136	81	0.856807
136	86	0.966548
136	87	0.954603
136	100	1.0127
136	101	0.949158
136	103	0.947214
136	108	0.924034
136	115	0.931774
136	120	0.989486
136	121	1.61121
136	125	1.07577
136	127	0.957514
136	135	0.472383
136	137	1.20716
136	139	0.941478
136	152	0.869881
136	162	0.89687
136	174	0.836264
137	14	1.06063
137	31	1.45492
137	39	0.685514
137	72	0.935232
137	73	0.932454
137	79	0.995042
137	89	0.983856
137	90	0.979763
137	96	0.983601
137	99	0.973018
137	106	1.49626
137	110	1.00376
137	116	0.953972
137	131	0.944838
137	132	0.990964
137	134	0.997454
137	136	1.20716
137	138	0.943693
137	141	0.988065
137	142	1.32228
137	154	0.915433
137	157	1.01206
137	163	0.960837
137	166	0.91586
137	169	0.87522
137	170	0.905174
137	171	0.919931
137	174	0.858799
137	175	0.887785
137	177	0.889356
137	178	0.849998
137	179	0.880367
137	180	0.862057
138	1	0.924865
138	3	0.935953
138	12	1.04302
138	14	1.0474
138	19	0.942944
138	33	1.03734
138	34	1.02991
138	64	0.938125
138	66	1.01295
138	72	0.922005
138	73	0.919227
138	79	0.981815
138	82	0.986003
138	84	0.975196
138	88	0.960516
138	89	0.970629
138	90	0.966536
138	92	0.969811
138	93	0.968668
138	94	0.678663
138	96	0.970375
138	99	0.959791
138	110	0.990531
138	116	0.940745
138	118	0.951758
138	132	0.977738
138	134	0.984227
138	137	0.943693
138	140	0.853556
138	155	1.25962
138	163	0.94761
138	171	1.70579
138	174	2.77833
138	179	1.78497
139	5	0.977584
139	17	1.17511
139	20	0.723858
139	26	0.95022
139	31	1.0345
139	33	1.05766
139	37	1.04272
139	44	1.03653
139	46	1.04117
139	47	1.02444
139	51	1.04878
139	56	1.02369
139	70	1.04216
139	74	0.950083
