1	41	0.444762
1	57	0.483364
1	108	0.508285
1	127	1.33241
1	152	0.47876
1	159	1.38647
1	168	1.38666
1	169	1.33782
1	170	1.3887
1	173	1.37706
1	175	1.39088
1	176	0.485461
2	103	0.455626
2	151	1.39941
2	153	0.484757
2	157	0.511675
2	158	0.485757
2	160	1.40119
2	164	1.44409
2	170	0.461677
2	171	1.1854
2	174	1.38998
2	176	1.39859
2	180	1.38134
3	43	0.435311
3	47	0.528413
3	81	1.26133
3	125	1.37961
3	134	0.520002
3	142	0.469573
3	151	0.448237
3	157	1.35279
3	159	1.41498
3	169	1.36633
3	173	1.40557
3	175	1.41939
4	40	0.189644
4	113	1.25289
4	114	1.21695
4	128	1.20617
4	139	1.15901
4	143	1.20909
4	147	0.645014
4	150	1.16149
4	154	1.19861
4	156	1.1958
4	171	0.780821
4	177	0.795148
5	53	0.157918
5	54	0.52772
5	120	0.52728
5	141	1.34735
5	162	1.36584
5	167	1.37067
5	168	1.38968
5	169	1.34084
5	170	1.39172
5	174	0.56386
5	175	1.3939
5	178	0.62172
6	69	0.599899
6	88	1.29295
6	129	0.586878
6	132	1.21138
6	145	0.62619
6	167	1.21958
6	168	1.23858
6	169	1.18975
6	170	1.24062
6	172	0.978154
6	173	1.22899
6	176	0.587659
7	48	0.513309
7	111	0.476419
7	157	1.33188
7	161	0.467289
7	165	0.463867
7	168	1.39425
7	169	1.34541
7	170	1.39629
7	173	1.38466
7	175	1.39848
7	179	1.34903
7	180	0.479408
8	25	0.512024
8	26	1.19342
8	50	1.13547
8	68	0.632473
8	111	1.22716
8	131	1.28081
8	136	1.24597
8	152	0.628498
8	153	1.24057
8	163	1.23761
8	177	1.039
8	179	0.62677
9	60	1.32384
9	78	1.3733
9	110	1.42233
9	122	0.484756
9	146	0.455565
9	153	0.491349
9	159	0.480497
9	160	1.37737
9	161	1.3709
9	168	0.487146
9	176	1.37476
9	180	1.35751
10	60	0.499624
10	128	1.38811
10	139	1.34096
10	143	1.39104
10	150	1.34343
10	154	1.38055
10	156	1.37774
10	163	0.193344
10	171	0.744163
10	177	0.75849
10	178	0.215682
10	179	1.37817
11	30	1.3934
11	45	0.611284
11	70	0.476
11	110	0.572828
11	165	0.541264
11	167	1.26739
11	168	1.2864
11	169	1.23756
11	170	1.28844
11	173	1.27681
11	177	1.05
12	73	0.507157
12	89	0.435822
12	91	1.28606
12	99	1.42802
12	134	1.33386
12	158	0.474729
12	164	1.4228
12	165	1.3758
12	168	0.469526
12	169	0.51228
12	174	1.36868
12	178	1.38478
13	54	1.37759
13	117	1.32746
13	134	1.35532
13	135	0.512074
13	136	0.521808
13	139	0.279113
13	145	1.37411
13	151	1.39958
13	152	1.3933
13	157	0.560338
13	175	0.523927
13	179	1.37264
14	118	0.452942
14	126	1.38826
14	138	0.51411
14	140	1.41344
14	152	0.471292
14	153	1.39978
14	155	1.39741
14	158	1.40881
14	161	0.492794
14	166	1.41813
14	172	1.17418
14	179	0.469564
15	133	0.608061
15	146	1.25699
15	150	1.14274
15	154	1.17986
15	155	1.1855
15	156	1.17705
15	160	0.611654
15	164	0.582549
15	166	1.20621
15	170	1.22473
15	175	1.22692
15	176	0.598433
16	73	0.520164
16	118	0.467357
16	132	0.470752
16	136	1.37509
16	137	1.38438
16	150	1.32457
16	156	1.35888
16	158	1.37872
16	170	0.463655
16	175	0.477241
16	176	1.38543
16	178	1.39291
17	100	0.456581
17	113	1.25294
17	114	1.21701
17	130	1.20575
17	139	1.15907
17	143	1.20915
17	150	1.16155
17	154	1.19867
17	156	1.19586
17	171	0.624986
17	172	0.693502
17	177	0.639313
18	25	1.48664
18	63	0.469214
18	101	0.501065
18	135	0.453681
18	142	0.511358
18	157	1.31679
18	162	1.35533
18	164	0.464817
18	167	1.36015
18	169	1.33032
18	170	1.3812
18	173	1.36957
19	67	1.15826
19	100	0.490532
19	130	1.22224
19	139	1.17556
19	143	1.22564
19	147	0.523129
19	150	1.17803
19	154	1.21516
19	156	1.21234
19	172	0.727453
19	177	0.673264
19	179	1.21277
20	50	0.564439
20	92	1.2882
20	127	0.529515
20	131	0.511655
20	136	0.49332
20	138	1.31021
20	152	1.30051
20	165	1.30447
20	168	0.500729
20	174	1.29735
20	176	1.30597
20	178	1.31345
20	179	1.27985
21	31	1.28033
21	106	0.596217
21	143	0.201727
21	147	1.24225
21	157	1.31654
21	165	0.584351
21	167	1.3599
21	169	1.33007
21	172	1.11848
21	173	1.36931
21	175	1.38313
21	176	0.572972
21	178	0.643355
22	74	0.407813
22	95	1.54031
22	113	1.5355
22	139	1.44163
22	147	0.332214
22	148	0.393817
22	150	1.4441
22	154	1.48122
22	156	1.47841
22	171	0.468021
22	172	0.536537
22	177	0.482348
22	179	1.47884
23	46	0.684005
23	49	1.35104
23	51	0.529393
23	94	1.24948
23	130	0.189721
23	140	0.571935
23	155	0.620142
23	161	1.29509
23	164	1.34446
23	176	1.29895
23	178	1.30644
23	179	1.27284
23	180	1.2817
24	41	0.484686
24	82	0.577546
24	112	0.516573
24	120	0.501327
24	141	1.30442
24	166	0.521259
24	167	1.32773
24	168	1.34674
24	169	1.2979
24	170	1.34878
24	172	1.08631
24	173	1.33715
24	175	1.35097
25	8	0.512024
25	18	1.48664
25	28	1.41355
25	73	1.42951
25	117	0.409973
25	134	0.464295
25	141	1.48427
25	164	0.367325
25	165	0.394587
25	168	1.52659
25	170	1.52863
25	175	1.53081
25	178	0.453591
26	8	1.19342
26	58	1.31609
26	83	0.588065
26	98	0.590374
26	116	1.31954
26	137	1.31697
26	142	1.33174
26	153	1.30229
26	154	0.27155
26	159	0.56972
26	163	1.29932
26	166	1.32064
26	179	0.577816
27	58	1.29153
27	97	0.58251
27	102	0.490179
27	124	1.31458
27	129	1.27388
27	135	1.29487
27	144	1.30745
27	146	1.34685
27	161	0.518005
27	163	1.27476
27	166	1.29608
27	174	0.515726
27	179	0.494776
28	25	1.41355
28	43	0.490011
28	108	0.516439
28	116	0.510682
28	132	1.27886
28	157	1.24369
28	162	1.28223
28	168	1.30606
28	169	1.25723
28	170	1.3081
28	175	1.31029
28	178	0.563998
28	180	0.520536
29	89	1.35506
29	117	0.551282
29	122	0.512252
29	136	1.31676
29	137	1.32605
29	144	1.34109
29	155	1.309
29	163	1.3084
29	166	1.32972
29	170	0.495764
29	171	1.11391
29	176	0.524517
29	179	0.516089
30	11	1.3934
30	45	0.473053
30	80	0.477708
30	142	0.422312
30	157	1.46373
30	159	1.52592
30	161	0.406455
30	162	1.50227
30	165	0.403033
30	167	1.50709
30	169	1.47726
30	175	1.53033
30	180	0.418575
31	21	1.28033
31	58	0.470713
31	94	0.527785
31	119	0.56229
31	125	1.28498
31	141	1.27821
31	151	0.518218
31	162	1.2967
31	167	1.30152
31	170	1.32257
31	173	1.31094
31	174	0.521419
31	175	1.32476
32	55	1.19267
32	72	0.571128
32	87	0.569973
32	91	1.09581
32	130	0.686134
32	131	1.21155
32	143	0.757778
32	155	1.16895
32	166	1.18966
32	168	1.20614
32	174	1.17843
32	176	1.18704
32	177	0.969746
33	34	0.715313
33	53	1.36444
33	104	0.528352
33	107	0.0667558
33	114	1.31005
33	130	1.29879
33	143	1.30219
33	150	1.25459
33	154	1.29171
33	156	1.2889
33	172	0.680055
33	177	0.625866
33	179	1.28932
34	33	0.715313
34	39	0.551264
34	52	0.564093
34	109	1.12128
34	125	1.16852
34	128	0.756383
34	135	1.18638
34	153	1.16923
34	164	1.23047
34	171	0.971774
34	174	1.17635
34	175	1.20829
34	180	1.16771
35	105	1.28624
35	115	1.28865
35	122	1.27845
35	138	0.550587
35	159	1.32479
35	162	1.30114
35	164	0.498587
35	166	0.510344
35	169	1.27614
35	173	1.31538
35	174	0.526992
35	175	1.3292
35	176	0.514471
36	94	0.511587
36	130	1.2868
36	137	1.3024
36	151	0.50202
36	154	1.27972
36	156	1.2769
36	158	1.29674
36	166	1.30607
36	170	1.32459
36	174	0.50522
36	175	1.32677
36	178	0.563081
36	180	0.519619
37	96	1.37923
37	102	0.468289
37	109	1.38685
37	126	1.42329
37	132	0.459659
37	135	1.45195
37	149	1.45469
37	153	1.43481
37	163	1.43184
37	164	0.465431
37	170	0.452562
37	171	1.23735
37	176	0.481315
37	179	0.472886
38	41	0.446406
38	85	0.680026
38	102	0.47408
38	132	1.41764
38	156	0.21294
38	162	1.42101
38	165	0.498484
38	167	1.42583
38	168	1.44484
38	169	1.396
38	170	1.44688
38	171	1.21255
38	173	1.43525
38	176	0.487105
39	34	0.551264
39	44	0.327097
39	90	0.514271
39	114	1.42403
39	128	1.41325
39	139	1.36609
39	143	1.41618
39	150	1.36857
39	154	1.40569
39	156	1.40288
39	171	0.447489
39	172	0.516005
39	177	0.461816
39	179	1.40331
40	4	0.189644
40	117	0.540834
40	123	0.455952
40	149	0.515703
40	162	1.41759
40	167	1.42242
40	168	1.44143
40	169	1.39259
40	170	1.44347
40	173	1.43183
40	175	1.44565
40	176	0.514069
40	177	1.20503
40	178	0.584452
41	1	0.444762
41	24	0.484686
41	38	0.446406
41	50	0.519518
41	121	1.37604
41	138	1.40112
41	149	0.467317
41	160	1.39947
41	161	1.39301
41	164	1.44237
41	165	1.39537
41	170	0.436931
41	174	1.38826
41	178	1.40435
42	97	1.20451
42	104	1.11628
42	107	1.25441
42	125	0.596494
42	133	1.23627
42	134	1.24516
42	135	0.558457
42	140	0.524801
42	146	0.54402
42	160	1.2912
42	161	1.28474
42	168	0.575601
42	178	1.29608
42	180	1.27135
43	3	0.435311
43	28	0.490011
43	88	0.437318
43	122	0.490513
43	131	0.503829
43	133	1.36036
43	140	0.442103
43	145	1.38804
43	151	1.41351
43	152	1.40723
43	165	1.41119
43	174	1.40407
43	178	1.42017
43	180	1.39543
44	39	0.327097
44	94	1.21878
44	95	0.595422
44	110	1.31582
44	130	0.541964
44	143	0.613609
44	144	1.28225
44	156	0.710689
44	158	1.26155
44	160	1.27086
44	163	1.24956
44	167	1.26835
44	171	1.05506
44	173	1.27776
45	11	0.611284
45	30	0.473053
45	70	1.38303
45	121	1.23777
45	134	1.21516
45	144	0.568143
45	164	1.3041
45	165	1.2571
45	167	0.567403
45	171	1.04541
45	173	0.579549
45	174	1.24999
45	178	1.26608
45	180	1.24135
46	23	0.684005
46	48	1.15265
46	51	0.454559
46	137	1.28383
46	144	1.29887
46	146	1.33826
46	147	1.16731
46	148	1.12428
46	153	1.26914
46	158	1.27817
46	164	0.541893
46	166	1.28749
46	174	0.570299
46	179	0.549349
47	3	0.528413
47	51	0.492663
47	110	1.29225
47	114	1.23929
47	124	1.26581
47	138	1.24893
47	143	1.23144
47	154	1.22095
47	155	1.22659
47	162	0.61187
47	166	1.24731
47	168	0.586005
47	175	0.580715
47	180	1.22743
48	7	0.513309
48	46	1.15265
48	89	1.27664
48	117	0.593969
48	131	1.27318
48	136	1.23834
48	142	1.2624
48	144	1.26267
48	149	1.25283
48	162	0.583193
48	163	1.22999
48	164	0.55132
48	166	1.2513
48	179	0.558775
49	23	1.35104
49	89	0.441278
49	97	1.34889
49	101	1.37931
49	117	1.36169
49	137	0.468922
49	144	0.465219
49	149	0.486491
49	155	0.472388
49	164	1.47849
49	167	0.464479
49	174	1.42437
49	178	1.44047
49	180	1.41573
50	8	1.13547
50	20	0.564439
50	41	0.519518
50	86	0.550431
50	89	1.28803
50	107	0.614298
50	109	1.19638
50	116	1.26159
50	137	1.25903
50	146	1.31346
50	155	1.24197
50	163	1.24138
50	166	1.26269
50	179	0.551788
51	23	0.529393
51	46	0.454559
51	47	0.492663
51	138	0.439282
51	142	0.433822
51	157	1.35495
51	159	1.41714
51	162	1.39349
51	163	0.451209
51	168	1.41732
51	169	1.36848
51	170	1.41936
51	173	1.40772
51	175	1.42154
52	34	0.564093
52	72	1.32645
52	75	0.46529
52	87	1.50176
52	95	1.45082
52	130	1.39882
52	139	1.35214
52	147	0.324511
52	154	1.39174
52	156	1.38892
52	171	0.460319
52	172	0.528835
52	177	0.474646
52	179	1.38935
53	5	0.157918
53	33	1.36444
53	85	0.305883
53	113	1.46045
53	130	1.41326
53	139	1.36658
53	143	1.41666
53	150	1.36905
53	154	1.40618
53	156	1.40336
53	162	0.128951
53	171	0.711826
53	172	0.780342
53	177	0.726153
54	5	0.52772
54	13	1.37759
54	73	0.510521
54	121	1.3389
54	145	1.33508
54	149	0.484398
54	160	1.36233
54	163	0.530809
54	164	1.40523
54	165	1.35823
54	166	0.478639
54	171	1.14654
54	175	0.467598
54	179	1.33362
54	180	1.34248
55	32	1.19267
55	112	0.470583
55	115	1.36931
55	127	1.35138
55	157	1.34326
55	160	0.492615
55	165	0.490773
55	167	1.38663
55	168	1.40564
55	172	1.1452
55	173	1.39604
55	174	0.491916
55	175	1.40986
55	178	0.549777
55	180	0.506315
56	72	0.444525
56	118	1.22729
56	124	1.24023
56	128	0.549783
56	130	0.559531
56	139	0.74244
56	144	1.23311
56	154	0.687726
56	158	1.21241
56	167	1.2192
56	172	0.977779
56	175	1.24244
56	176	1.21911
56	178	1.22659
56	180	1.20185
57	1	0.483364
57	86	0.494499
57	92	1.32078
57	102	1.36082
57	108	1.31258
57	152	1.33309
57	158	0.499613
57	160	1.34115
57	161	1.33469
57	165	1.33705
57	169	0.537164
57	173	0.496054
57	175	0.489119
57	176	1.33855
57	180	1.32129
58	26	1.31609
58	27	1.29153
58	31	0.470713
58	91	0.572345
58	126	1.35173
58	131	1.40348
58	136	1.36864
58	155	1.36088
58	163	1.36028
58	165	0.479578
58	166	1.3816
58	171	1.16578
58	174	0.480721
58	178	0.538581
58	179	0.45977
59	67	1.28224
59	95	1.39822
59	104	0.524885
59	110	0.0521511
59	128	1.34669
59	130	1.34622
59	139	1.29954
59	143	1.34962
59	148	0.533868
59	150	1.30201
59	154	1.33914
59	156	1.33632
59	171	0.608072
59	172	0.676588
59	177	0.622399
60	9	1.32384
60	10	0.499624
60	95	0.471275
60	113	0.500669
60	116	1.3315
60	130	0.417818
60	143	0.489462
60	146	1.38338
60	149	1.33413
60	150	0.607193
60	151	1.3308
60	167	1.33007
60	169	1.30024
60	175	1.35331
60	180	1.31273
61	101	1.29984
61	119	1.2848
61	127	0.51085
61	133	1.30118
61	134	1.31008
61	151	1.35433
61	157	0.513185
61	159	0.475416
61	163	0.539984
61	164	1.39902
61	173	0.483709
61	175	0.476774
61	176	1.35351
61	178	1.36099
61	180	1.33626
62	63	0.534076
62	106	0.568807
62	109	1.33532
62	116	1.40053
62	126	1.37176
62	129	1.37944
62	137	1.39797
62	153	1.38328
62	156	0.271398
62	158	1.39231
62	162	0.561551
62	167	0.525185
62	172	1.15768
62	177	1.18171
62	179	0.537134
63	18	0.469214
63	62	0.534076
63	101	1.31193
63	112	1.38582
63	138	1.36985
63	159	0.478372
63	162	0.510885
63	165	1.3641
63	169	0.527775
63	172	1.12427
63	174	1.35699
63	175	0.47973
63	176	1.3656
63	178	1.37309
63	180	1.34835
64	77	0.500997
64	85	0.626738
64	89	1.36051
64	96	1.26124
64	119	0.487211
64	134	0.514904
64	137	1.3315
64	142	1.34627
64	146	1.38594
64	149	1.3367
64	153	1.31682
64	158	1.32584
64	166	1.33517
64	174	0.44634
64	179	0.425389
65	125	1.34786
65	131	0.49831
65	141	1.34108
65	151	0.506582
65	157	1.32103
65	159	1.38322
65	164	0.481376
65	166	0.493134
65	167	1.3644
65	168	1.3834
65	173	1.37381
65	176	0.49726
65	177	1.14701
65	179	1.33819
65	180	0.524181
66	89	0.465213
66	107	1.36243
66	127	0.527702
66	134	1.35318
66	157	0.530037
66	158	0.504119
66	159	0.492268
66	160	1.39922
66	170	0.480039
66	172	1.15529
66	176	1.39661
66	177	1.17932
66	178	1.4041
66	179	1.3705
66	180	1.37936
67	19	1.15826
67	59	1.28224
67	87	1.38657
67	113	1.33082
67	128	1.28411
67	130	1.28363
67	143	1.28703
67	147	0.591179
67	150	1.23943
67	156	1.27374
67	169	0.161001
67	171	0.726986
67	172	0.795502
67	177	0.741313
67	178	0.198505
67	179	1.27416
68	8	0.632473
68	71	0.52526
68	78	1.31706
68	91	1.22729
68	92	1.30075
68	97	1.23443
68	99	1.36925
68	107	1.28434
68	135	0.476638
68	141	0.518369
68	163	0.551701
68	165	1.31702
68	171	1.10533
68	173	0.495425
68	176	1.31852
68	178	1.32601
69	6	0.599899
69	98	0.522752
69	111	1.28005
69	115	0.484639
69	116	1.31072
69	126	1.28195
69	129	1.28962
69	131	1.3337
69	136	1.29886
69	142	1.32292
69	158	1.30249
69	166	1.31182
69	169	0.551501
69	172	1.06787
69	174	0.531144
69	179	0.510194
70	11	0.476
70	45	1.38303
70	75	1.30254
70	97	1.42124
70	109	0.478294
70	117	1.43403
70	125	0.463515
70	133	1.453
70	157	0.473743
70	159	0.435974
70	161	1.50147
70	165	1.50383
70	166	0.448372
70	170	0.423745
70	177	1.28804
70	178	1.51282
71	68	0.52526
71	79	0.505903
71	86	1.25875
71	101	0.54835
71	132	1.29767
71	158	0.523313
71	161	0.542786
71	162	1.30105
71	167	1.30587
71	168	1.32488
71	169	1.27604
71	170	1.32692
71	172	1.06445
71	173	1.31528
71	175	1.3291
71	180	0.554906
72	32	0.571128
72	52	1.32645
72	56	0.444525
72	95	1.32724
72	113	1.32243
72	130	1.27524
72	139	1.22855
72	140	1.28981
72	148	0.473147
72	150	1.23103
72	154	1.26815
72	156	1.26534
72	171	0.547351
72	172	0.615867
72	177	0.561678
72	179	1.26577
73	12	0.507157
73	16	0.520164
73	25	1.42951
73	54	0.510521
73	76	1.16343
73	138	0.570255
73	157	1.25966
73	159	1.32184
73	160	0.54736
73	162	1.29819
73	165	0.545518
73	167	1.30302
73	170	1.32407
73	172	1.0616
73	173	1.31243
73	175	1.32625
74	22	0.407813
74	128	0.592401
74	133	1.15012
74	139	0.785058
74	143	0.673793
74	146	1.25584
74	154	0.730344
74	159	1.22137
74	163	1.18376
74	165	1.20095
74	166	1.20507
74	168	1.22155
74	171	0.989258
74	172	0.961119
74	175	1.22578
74	180	1.18519
75	52	0.46529
75	70	1.30254
75	104	1.00578
75	109	1.11442
75	113	0.750179
75	114	0.710121
75	130	0.667328
75	154	0.795523
75	159	1.19703
75	163	1.15941
75	166	1.18073
75	167	1.1782
75	168	1.19721
75	171	0.964916
75	176	1.17811
75	177	0.96081
75	180	1.16085
76	73	1.16343
76	78	0.541216
76	112	0.550032
76	118	1.24959
76	152	0.552143
76	157	1.19813
76	159	1.26032
76	162	1.23667
76	165	0.570222
76	167	1.2415
76	168	1.2605
76	169	1.21167
76	170	1.26255
76	173	1.25091
76	175	1.26473
76	176	0.558843
76	178	0.629226
77	64	0.500997
77	79	1.26654
77	108	1.23813
77	121	1.24328
77	129	0.57278
77	133	1.21177
77	152	1.25865
77	159	0.557038
77	160	1.26671
77	162	0.589551
77	163	0.621606
77	164	1.30961
77	172	1.02277
77	175	0.558396
77	176	1.2641
77	178	1.27159
77	180	1.24685
78	9	1.3733
78	68	1.31706
78	76	0.541216
78	91	1.2882
78	106	1.32588
78	137	0.47282
78	140	0.428079
78	151	1.38026
78	153	0.483082
78	164	1.42494
78	165	1.37794
78	168	0.478879
78	169	0.521634
78	174	1.37082
78	175	0.473589
78	176	1.37943
78	180	1.36218
79	71	0.505903
79	77	1.26654
79	116	0.501367
79	133	1.33101
79	134	1.33991
79	137	0.468365
79	138	1.38759
79	141	0.499011
79	152	1.37789
79	157	0.505545
79	160	1.38595
79	161	1.37948
79	167	0.463922
79	170	0.455547
79	174	1.37473
79	178	1.39082
79	180	1.36609
80	30	0.477708
80	101	1.20422
80	118	0.567385
80	131	0.593486
80	138	1.26215
80	151	1.25872
80	152	1.25244
80	160	1.2605
80	161	1.25404
80	164	1.3034
80	167	0.572058
80	169	0.625314
80	170	0.563683
80	176	1.2579
80	177	1.0406
80	178	1.26538
80	180	1.24064
81	3	1.26133
81	105	1.22654
81	120	0.546354
81	124	0.555557
81	127	1.21102
81	141	1.22295
81	151	0.579733
81	152	0.563711
81	155	0.557942
81	157	1.2029
81	167	1.24626
81	169	1.21644
81	170	1.26731
81	173	1.25568
81	175	1.2695
81	179	1.22006
81	180	0.597332
82	24	0.577546
82	84	1.30557
82	142	0.589201
82	150	0.30503
82	151	1.36497
82	152	1.35869
82	154	0.24385
82	161	1.36028
82	164	1.40965
82	165	1.36265
82	167	0.538166
82	169	0.591422
82	173	0.550312
82	174	1.35553
82	176	1.36415
82	178	1.37163
82	180	1.34689
83	26	0.588065
83	128	1.32454
83	133	1.28838
83	141	1.31749
83	142	0.538861
83	146	0.466747
83	148	1.18012
83	150	1.27986
83	153	0.502531
83	154	1.31699
83	155	0.495735
83	156	1.31417
83	158	0.503531
83	166	0.504077
83	173	1.35022
83	175	1.36404
83	176	1.34071
83	180	1.32346
84	82	1.30557
84	101	1.26864
84	111	0.553427
84	112	1.34254
84	115	0.495512
84	119	1.25361
84	123	0.471378
84	141	0.544207
84	146	0.488039
84	152	1.31686
84	160	1.32492
84	161	1.31846
84	165	1.32082
84	166	0.525369
84	173	0.521264
84	174	1.31371
84	178	1.3298
84	180	1.30507
85	38	0.680026
85	53	0.305883
85	64	0.626738
85	101	1.21514
85	115	0.66532
85	121	1.24799
85	140	0.638627
85	145	1.24417
85	152	1.26336
85	159	0.682779
85	160	1.27142
85	171	1.05563
85	172	1.02749
85	174	1.2602
85	176	1.26882
85	177	1.05152
85	179	1.2427
85	180	1.25156
86	50	0.550431
86	57	0.494499
86	71	1.25875
86	118	1.34206
86	122	1.30645
86	141	1.31065
86	146	0.45514
86	159	1.35279
86	163	0.544641
86	166	0.49247
86	168	1.35298
86	169	1.30414
86	170	1.35502
86	173	1.34338
86	175	1.3572
86	176	0.496597
86	177	1.11658
86	178	0.566979
87	32	0.569973
87	52	1.50176
87	67	1.38657
87	100	0.377791
87	104	0.46301
87	114	1.4618
87	128	1.45103
87	130	1.45055
87	139	1.40387
87	143	1.45395
87	148	0.471992
87	150	1.40634
87	154	1.44347
87	156	1.44065
87	171	0.546196
87	172	0.614712
87	177	0.560523
87	178	0.0177152
88	6	1.29295
88	43	0.437318
88	91	0.545068
88	92	0.444787
88	132	1.44626
88	134	0.522009
88	145	0.479453
88	148	1.29377
88	155	0.428454
88	157	1.41109
88	161	0.455723
88	162	1.44963
88	163	0.488967
88	167	1.45446
88	168	1.47346
88	169	1.42463
88	170	1.4755
88	171	1.24117
88	177	1.23707
89	12	0.435822
89	29	1.35506
89	48	1.27664
89	49	0.441278
89	50	1.28803
89	64	1.36051
89	66	0.465213
89	121	0.532863
89	123	1.46567
89	136	1.39853
89	137	1.40782
89	146	1.46226
89	153	1.39314
89	157	0.484049
89	158	1.40216
89	163	1.39017
89	173	0.454572
89	178	0.533186
89	179	0.454375
90	39	0.514271
90	111	1.10569
90	123	1.19163
90	128	0.719391
90	132	1.12673
90	143	0.800783
90	144	1.14883
90	154	0.857334
90	156	0.897863
90	160	1.13743
90	162	1.1301
90	165	1.13333
90	166	1.13745
90	169	1.1051
90	171	0.921641
90	172	0.893502
90	177	0.917535
90	178	1.14231
90	179	1.10872
91	12	1.28606
91	32	1.09581
91	58	0.572345
91	68	1.22729
91	78	1.2882
91	88	0.545068
91	93	0.631876
91	102	1.31194
91	106	1.23611
91	143	0.239284
91	151	1.29049
91	161	1.2858
91	162	0.626517
91	164	1.33517
91	168	0.600653
91	170	0.581776
91	174	1.28105
91	176	1.28967
91	180	1.27241
92	20	1.2882
92	57	1.32078
92	68	1.30075
92	88	0.444787
92	97	1.27904
92	121	1.34231
92	137	0.494312
92	142	0.540904
92	144	0.49061
92	145	1.33849
92	157	0.531492
92	161	1.35927
92	168	0.500371
92	173	0.502016
92	174	1.35452
92	175	0.495081
92	176	1.36313
92	178	1.37062
92	179	1.33702
92	180	1.34588
93	91	0.631876
93	99	0.524776
93	114	0.127633
93	120	1.32793
93	123	1.40341
93	124	1.36773
93	135	1.34802
93	142	1.36033
93	146	1.4
93	149	1.35076
93	151	0.537051
93	153	1.33088
93	155	1.32851
93	163	1.32792
93	166	1.34923
93	169	0.560608
93	170	0.498977
93	172	1.10528
93	178	0.598112
93	179	0.519301
94	23	1.24948
94	31	0.527785
94	36	0.511587
94	44	1.21878
94	109	0.551067
94	112	1.35164
94	119	1.26271
94	124	0.510417
94	133	1.27909
94	141	0.539983
94	146	0.483815
94	160	1.33403
94	164	1.37693
94	165	1.32993
94	169	0.55815
94	172	1.0901
94	173	0.51704
94	174	1.32281
94	176	1.33143
94	178	1.33891
94	180	1.31417
95	22	1.54031
95	44	0.595422
95	52	1.45082
95	59	1.39822
95	60	0.471275
95	72	1.32724
95	128	1.40009
95	130	1.39961
95	134	0.198037
95	139	1.35293
95	143	1.40301
95	147	0.580007
95	148	0.64161
95	150	1.3554
95	154	1.39253
95	156	1.38971
95	157	0.138196
95	171	0.715814
95	177	0.730141
95	179	1.39014
95	180	0.143871
96	37	1.37923
96	64	1.26124
96	99	0.515521
96	126	1.28235
96	129	1.29002
96	131	1.3341
96	137	1.30855
96	138	0.554591
96	144	1.32359
96	146	1.36299
96	147	1.19204
96	148	1.14901
96	149	1.31375
96	157	0.539719
96	163	1.2909
96	164	0.50259
96	165	0.529853
96	166	1.31222
96	174	0.530996
96	176	0.518474
96	179	0.510046
97	27	0.58251
97	42	1.20451
97	49	1.34889
97	68	1.23443
97	70	1.42124
97	92	1.27904
97	103	0.550885
97	108	1.27084
97	122	0.573423
97	130	0.142799
97	145	1.27216
97	146	0.544232
97	149	0.587322
97	152	1.29135
97	158	0.581016
97	161	1.29295
97	163	0.633732
97	165	1.29531
97	174	1.28819
97	176	1.29681
97	178	1.30429
98	26	0.590374
98	69	0.522752
98	109	0.536308
98	124	0.495658
98	126	0.528102
98	129	0.50973
98	131	0.511562
98	139	1.23964
98	143	1.28972
98	154	1.27924
98	156	1.27643
98	158	0.50584
98	160	1.30557
98	161	1.29911
98	169	1.27323
98	170	1.32411
98	173	1.31248
98	174	1.29435
98	175	1.3263
98	176	1.30297
98	179	1.27685
99	12	1.42802
99	68	1.36925
99	93	0.524776
99	96	0.515521
99	119	1.36291
99	129	0.502647
99	137	0.487494
99	138	1.43587
99	139	0.243449
99	140	0.442753
99	151	1.43245
99	152	1.42617
99	158	0.498757
99	161	1.42776
99	165	1.43013
99	168	0.493553
99	171	1.21844
99	174	1.42301
99	175	0.488263
99	176	1.43163
99	180	1.41437
100	17	0.456581
100	19	0.490532
100	87	0.377791
100	114	0.536745
100	128	0.484204
100	130	0.493952
100	142	1.30113
100	145	1.26276
100	146	1.34081
100	149	1.29156
100	150	0.683328
100	153	1.27168
100	156	0.662677
100	163	1.26872
100	165	1.28591
100	167	1.2875
100	170	1.30855
100	173	1.29692
100	174	1.2788
100	175	1.31074
100	178	1.29489
101	18	0.501065
101	49	1.37931
101	61	1.29984
101	63	1.31193
101	71	0.54835
101	80	1.20422
101	84	1.26864
101	85	1.21514
101	132	0.505091
101	134	1.28379
101	147	1.20967
101	153	0.521074
101	159	0.510223
101	160	1.32983
101	162	0.542735
101	165	1.32573
101	169	0.559625
101	175	0.511581
101	176	1.32723
101	178	1.33471
101	180	1.30997
102	27	0.490179
102	37	0.468289
102	38	0.47408
102	57	1.36082
102	91	1.31194
102	106	1.34962
102	136	0.476072
102	138	1.40742
102	144	0.47372
102	152	1.39771
102	161	1.39931
102	163	0.541402
102	164	1.44868
102	169	0.526236
102	170	0.464605
102	172	1.16184
102	173	0.485126
102	176	1.40317
102	177	1.18587
102	178	1.41065
102	179	1.37706
102	180	1.38592
103	2	0.455626
103	97	0.550885
103	109	1.3133
103	131	1.40149
103	134	0.552666
103	135	1.3784
103	136	1.36665
103	137	1.37594
103	144	1.39098
103	145	0.510109
103	149	1.38114
103	153	1.36125
103	155	1.35889
103	158	1.37028
103	163	1.35829
103	166	1.37961
103	167	0.451202
103	168	0.461703
103	171	1.16379
103	174	0.484101
103	176	0.471579
103	179	0.463151
104	33	0.528352
104	42	1.11628
104	59	0.524885
104	75	1.00578
104	87	0.46301
104	105	1.18895
104	107	1.17439
104	110	1.25614
104	131	1.23308
104	142	1.2223
104	143	0.650815
104	150	0.768546
104	154	0.707366
104	156	0.747895
104	158	1.20187
104	162	1.20385
104	163	1.18988
104	165	1.20708
104	173	1.21808
104	176	1.20858
104	177	0.99128
104	179	1.18246
105	35	1.28624
105	81	1.22654
105	104	1.18895
105	109	0.533162
105	122	1.33385
105	131	0.508416
105	133	0.516995
105	152	0.500665
105	153	0.501693
105	155	0.494897
105	157	1.318
105	158	0.502693
105	159	1.38019
105	162	1.35654
105	167	1.36136
105	168	1.38037
105	169	1.33153
105	170	1.38241
105	171	1.14808
105	173	1.37078
105	176	0.507366
105	179	1.33516
105	180	0.534286
106	21	0.596217
106	62	0.568807
106	78	1.32588
106	91	1.23611
106	102	1.34962
106	107	1.29316
106	112	1.34756
106	119	1.25864
106	133	1.27502
106	136	0.512343
106	139	0.269648
106	151	1.32817
106	153	0.523955
106	158	0.524955
106	161	1.32349
106	163	0.577672
106	164	1.37285
106	165	1.32585
106	167	0.50925
106	174	1.31873
106	175	0.514462
106	178	1.33483
106	180	1.31009
107	33	0.0667558
107	42	1.25441
107	50	0.614298
107	66	1.36243
107	68	1.28434
107	104	1.17439
107	106	1.29316
107	116	0.57753
107	134	1.30328
107	138	1.35097
107	141	0.575175
107	144	0.540826
107	145	1.32207
107	152	1.34126
107	162	0.576452
107	165	1.34522
107	166	0.556337
107	167	0.540086
107	173	0.552232
107	174	1.3381
107	176	1.34672
107	178	1.3542
107	180	1.32946
108	1	0.508285
108	28	0.516439
108	57	1.31258
108	77	1.23813
108	97	1.27084
108	123	0.47109
108	133	1.3026
108	138	1.35918
108	144	0.509569
108	145	1.33028
108	146	0.48775
108	151	1.35575
108	160	1.35753
108	161	1.35107
108	165	1.35343
108	167	0.508829
108	169	0.562085
108	172	1.1136
108	173	0.520975
108	175	0.514041
108	176	1.35493
108	178	1.36241
108	180	1.33767
109	34	1.12128
109	37	1.38685
109	50	1.19638
109	62	1.33532
109	70	0.478294
109	75	1.11442
109	94	0.551067
109	98	0.536308
109	103	1.3133
109	105	0.533162
109	116	1.31874
109	123	1.37401
109	129	1.29764
109	134	0.613265
109	144	1.33121
109	146	1.37061
109	149	1.32137
109	155	1.29912
109	160	0.5454
109	164	0.516295
109	166	1.31984
109	170	0.503426
109	177	1.09992
109	179	0.52375
110	9	1.42233
110	11	0.572828
110	44	1.31582
110	47	1.29225
110	59	0.0521511
110	104	1.25614
110	119	1.35976
110	126	0.566916
110	133	1.37614
110	139	0.289345
110	144	0.529688
110	147	1.31091
110	148	1.26788
110	151	1.42929
110	159	0.532801
110	163	0.59737
110	164	1.47397
110	166	0.545199
110	167	0.528948
110	169	0.582204
110	174	1.41986
110	176	1.42847
110	178	1.43595
110	180	1.41122
111	7	0.476419
111	8	1.22716
111	69	1.28005
111	84	0.553427
111	90	1.10569
111	112	0.521502
111	117	0.557079
111	129	1.33218
111	131	1.37626
111	135	1.35317
111	137	1.35072
111	141	0.545026
111	142	1.36548
111	148	1.19117
111	153	1.33603
111	155	1.33366
111	158	1.34506
111	162	0.546303
111	166	1.35438
111	171	1.13857
111	172	1.11043
111	173	0.522083
111	179	0.521886
111	180	0.557235
112	24	0.516573
112	55	0.470583
112	63	1.38582
112	76	0.550032
112	84	1.34254
112	94	1.35164
112	106	1.34756
112	111	0.521502
112	120	1.38244
112	145	1.37647
112	150	0.244057
112	152	1.39566
112	159	0.481047
112	161	1.39725
112	162	0.51356
112	164	1.44662
112	168	0.487695
112	169	0.53045
112	171	1.18793
112	174	1.3925
112	175	0.482405
112	176	1.40112
112	178	1.4086
112	180	1.38386
113	4	1.25289
113	17	1.25294
113	22	1.5355
113	53	1.46045
113	60	0.500669
113	67	1.33082
113	72	1.32243
113	75	0.750179
113	126	0.163935
113	128	1.39528
113	130	1.3948
113	139	1.34812
113	143	1.3982
113	145	0.184875
113	147	0.609401
113	150	1.3506
113	151	0.155666
113	154	1.38772
113	156	1.38491
113	171	0.745208
113	172	0.813724
113	175	0.131178
113	177	0.759535
113	179	1.38533
114	4	1.21695
114	17	1.21701
114	33	1.31005
114	39	1.42403
114	47	1.23929
114	75	0.710121
114	87	1.4618
114	93	0.127633
114	100	0.536745
114	128	1.35934
114	130	1.35886
114	139	1.31218
114	140	1.37344
114	143	1.36226
114	147	0.569342
114	148	0.630945
114	150	1.31466
114	154	1.35178
114	156	1.34897
114	159	0.0897619
114	163	0.15433
114	171	0.705149
114	172	0.773666
114	177	0.719477
114	179	1.34939
115	35	1.28865
115	55	1.36931
115	69	0.484639
115	84	0.495512
115	85	0.66532
115	127	1.32853
115	133	0.482028
115	134	0.553486
115	135	0.44538
115	141	1.34045
115	144	0.452762
115	147	1.24612
115	152	0.465699
115	159	1.3826
115	161	0.4872
115	162	1.35895
115	166	0.468274
115	167	1.36377
115	168	1.38278
115	169	1.33394
115	170	1.38482
115	172	1.12235
115	173	1.37318
115	175	1.387
115	179	1.33756
116	26	1.31954
116	28	0.510682
116	50	1.26159
116	60	1.3315
116	62	1.40053
116	69	1.31072
116	79	0.501367
116	107	0.57753
116	109	1.31874
116	124	1.40355
116	131	1.40693
116	135	1.38384
116	137	1.38138
116	149	1.38657
116	150	0.269936
116	152	0.516749
116	158	1.37572
116	165	0.534828
116	166	1.38504
116	168	0.513574
116	171	1.16923
116	175	0.508283
116	177	1.16513
116	179	0.515021
116	180	0.55037
117	13	1.32746
117	25	0.409973
117	29	0.551282
117	40	0.540834
117	48	0.593969
117	49	1.36169
117	70	1.43403
117	111	0.557079
117	132	0.511492
117	134	1.26616
117	140	0.472472
117	145	1.28495
117	146	0.491691
117	147	1.19204
117	148	1.14901
117	160	1.3122
117	161	1.30574
117	164	1.35511
117	165	1.3081
117	169	0.566026
117	170	0.504395
117	174	1.30099
117	176	1.3096
117	178	1.31708
117	179	1.28349
117	180	1.29235
118	14	0.452942
118	16	0.467357
118	56	1.22729
118	76	1.24959
118	80	0.567385
118	86	1.34206
118	121	0.551391
118	122	1.36166
118	125	1.37264
118	129	0.48055
118	132	1.38098
118	137	0.465397
118	142	0.511989
118	146	0.439875
118	152	0.474631
118	157	1.34581
118	159	1.408
118	162	1.38435
118	168	1.40818
118	169	1.35935
118	170	1.41022
118	171	1.17589
118	173	1.39859
118	175	1.41241
118	176	0.481332
118	179	1.36297
118	180	0.508252
119	31	0.56229
119	61	1.2848
119	64	0.487211
119	84	1.25361
119	94	1.26271
119	99	1.36291
119	106	1.25864
119	110	1.35976
119	121	1.29136
119	122	0.54751
119	129	0.558994
119	132	0.53812
119	137	0.543841
119	138	1.31644
119	140	0.4991
119	147	1.19463
119	157	0.581021
119	161	1.30833
119	165	1.31069
119	168	0.5499
119	170	0.531023
119	172	1.07086
119	174	1.30357
119	176	1.31219
119	177	1.09489
119	178	1.31967
119	180	1.29493
120	5	0.52728
120	24	0.501327
120	81	0.546354
120	93	1.32793
120	112	1.38244
120	122	0.47006
120	128	1.34606
120	129	1.34266
120	130	1.34558
120	136	1.3519
120	139	1.2989
120	141	0.497037
120	142	1.37595
120	143	1.34898
120	149	1.36638
120	154	1.3385
120	157	0.50357
120	158	1.35553
120	159	0.465801
120	161	1.35837
120	162	0.498314
120	167	0.461948
120	170	0.453572
120	173	0.474094
120	174	1.35361
120	176	1.36223
120	180	1.34497
121	41	1.37604
121	45	1.23777
121	54	1.3389
121	77	1.24328
121	85	1.24799
121	89	0.532863
121	92	1.34231
121	118	0.551391
121	119	1.29136
121	126	0.594032
121	127	0.595352
121	134	1.31664
121	135	0.549423
121	138	1.36432
121	140	0.515766
121	151	1.3609
121	152	1.35462
121	153	0.570769
121	154	0.261748
121	156	0.302277
121	159	0.559918
121	160	1.36268
121	165	1.35858
121	174	1.35146
121	175	0.561276
121	177	1.14278
121	178	1.36756
121	180	1.34282
122	9	0.484756
122	29	0.512252
122	35	1.27845
122	43	0.490513
122	86	1.30645
122	97	0.573423
122	105	1.33385
122	118	1.36166
122	119	0.54751
122	120	0.47006
122	126	0.511707
122	129	0.493335
122	132	1.34537
122	141	1.33026
122	145	0.532647
122	157	1.31021
122	159	1.3724
122	162	1.34875
122	164	0.478233
122	167	1.35357
122	168	1.37258
122	169	1.32374
122	170	1.37462
122	172	1.11215
122	173	1.36298
122	174	0.506639
122	175	1.3768
122	177	1.13618
123	40	0.455952
123	84	0.471378
123	89	1.46567
123	90	1.19163
123	93	1.40341
123	108	0.47109
123	109	1.37401
123	124	1.45883
123	127	0.467175
123	129	1.41813
123	135	1.43912
123	136	1.42737
123	144	1.4517
123	145	0.486796
123	149	1.44185
123	152	0.441565
123	153	1.42197
123	155	1.41961
123	157	0.469511
123	158	1.431
123	162	0.464254
123	163	1.41901
123	166	1.44032
123	172	1.19637
123	173	0.440034
123	178	0.518648
123	179	0.439837
123	180	0.475186
124	27	1.31458
124	47	1.26581
124	56	1.24023
124	81	0.555557
124	93	1.36773
124	94	0.510417
124	98	0.495658
124	116	1.40355
124	123	1.45883
124	129	1.38245
124	136	1.39169
124	137	1.40098
124	138	0.527645
124	142	1.41575
124	144	1.41602
124	152	0.484828
124	153	1.3863
124	154	0.176835
124	155	1.38393
124	158	1.39532
124	161	0.50633
124	162	0.507517
124	163	1.38333
124	166	1.40465
124	167	0.471151
124	171	1.18884
124	178	0.561911
124	179	0.4831
124	180	0.518449
125	3	1.37961
125	31	1.28498
125	34	1.16852
125	42	0.596494
125	65	1.34786
125	70	0.463515
125	118	1.37264
125	127	1.3293
125	132	1.35635
125	135	0.490381
125	136	0.500115
125	139	0.25742
125	141	1.34123
125	153	0.511727
125	157	1.32119
125	158	0.512728
125	159	1.38337
125	160	0.530621
125	161	0.532201
125	162	1.35972
125	165	0.528779
125	168	1.38356
125	169	1.33472
125	170	1.3856
125	171	1.15126
125	173	1.37396
125	174	0.529922
125	175	1.38778
125	179	1.33834
125	180	0.544321
126	14	1.38826
126	37	1.42329
126	58	1.35173
126	62	1.37176
126	69	1.28195
126	96	1.28235
126	98	0.528102
126	110	0.566916
126	113	0.163935
126	121	0.594032
126	122	0.511707
126	135	1.35507
126	137	1.35261
126	140	1.35158
126	142	1.36738
126	144	1.36765
126	147	1.2361
126	149	1.35781
126	152	0.517272
126	153	1.33792
126	157	0.545218
126	158	1.34695
126	159	0.507449
126	163	1.33496
126	166	1.35628
126	167	0.503595
126	170	0.49522
126	177	1.13636
126	179	0.515544
126	180	0.550894
127	1	1.33241
127	20	0.529515
127	55	1.35138
127	61	0.51085
127	66	0.527702
127	81	1.21102
127	115	1.32853
127	121	0.595352
127	123	0.467175
127	125	1.3293
127	132	1.33765
127	138	0.561409
127	141	1.32253
127	147	1.2282
127	151	0.534614
127	156	0.251128
127	157	1.30248
127	159	1.36467
127	162	1.34102
127	165	0.536672
127	167	1.34584
127	168	1.36485
127	169	1.31602
127	170	1.36689
127	172	1.10442
127	173	1.35526
127	174	0.537814
127	175	1.36908
127	177	1.12845
127	178	0.595675
127	180	0.552213
128	4	1.20617
128	10	1.38811
128	34	0.756383
128	39	1.41325
128	56	0.549783
128	59	1.34669
128	67	1.28411
128	74	0.592401
128	83	1.32454
128	87	1.45103
128	90	0.719391
128	95	1.40009
128	100	0.484204
128	113	1.39528
128	114	1.35934
128	120	1.34606
128	130	1.34809
128	139	1.30141
128	140	1.36266
128	141	0.0684571
128	143	1.35149
128	147	0.516802
128	148	0.578405
128	150	1.30388
128	154	1.341
128	156	1.33819
128	160	0.0669666
128	168	0.0438697
128	171	0.652609
128	172	0.721125
128	177	0.666936
128	179	1.33862
129	6	0.586878
129	27	1.27388
129	62	1.37944
129	69	1.28962
129	77	0.57278
129	96	1.29002
129	98	0.50973
129	99	0.502647
129	109	1.29764
129	111	1.33218
129	118	0.48055
129	119	0.558994
129	120	1.34266
129	122	0.493335
129	123	1.41813
129	124	1.38245
129	133	0.51523
129	135	1.36274
129	136	1.351
129	137	1.36029
129	142	1.37505
129	144	1.37533
129	146	1.41472
129	148	1.20074
129	149	1.36548
129	155	1.34323
129	156	0.231436
129	157	0.526846
129	158	1.35463
129	161	0.520402
129	163	1.34264
129	165	0.51698
129	167	0.485223
129	171	1.14814
129	179	0.497172
130	17	1.20575
130	19	1.22224
130	23	0.189721
130	32	0.686134
130	33	1.29879
130	36	1.2868
130	44	0.541964
130	52	1.39882
130	53	1.41326
130	56	0.559531
130	59	1.34622
130	60	0.417818
130	67	1.28363
130	72	1.27524
130	75	0.667328
130	87	1.45055
130	95	1.39961
130	97	0.142799
130	100	0.493952
130	113	1.3948
130	114	1.35886
130	120	1.34558
130	128	1.34809
130	139	1.30093
130	143	1.35101
130	147	0.52655
130	148	0.588153
130	150	1.3034
130	154	1.34053
130	156	1.33771
130	171	0.662357
130	172	0.730873
130	177	0.676684
130	178	0.133876
130	179	1.33814
131	8	1.28081
131	20	0.511655
131	32	1.21155
131	43	0.503829
131	48	1.27318
131	58	1.40348
131	65	0.49831
131	69	1.3337
131	80	0.593486
131	96	1.3341
131	98	0.511562
131	103	1.40149
131	104	1.23308
131	105	0.508416
131	111	1.37626
131	116	1.40693
131	133	0.517061
131	135	1.40682
131	137	1.40436
131	144	1.4194
131	145	0.545963
131	153	1.38968
131	155	1.38731
131	156	0.233268
131	158	1.3987
131	160	0.520654
131	161	0.522233
131	163	1.38671
131	166	1.40803
131	171	1.19222
131	172	1.16408
131	173	0.499201
131	177	1.18811
131	179	0.499004
131	180	0.534353
132	6	1.21138
132	16	0.470752
132	28	1.27886
132	37	0.459659
132	38	1.41764
132	71	1.29767
132	88	1.44626
132	90	1.12673
132	101	0.505091
132	117	0.511492
132	118	1.38098
132	119	0.53812
132	122	1.34537
132	125	1.35635
132	127	1.33765
132	134	0.565813
132	136	0.467442
132	141	1.34958
132	145	0.523257
132	155	0.472258
132	157	1.32953
132	159	1.39172
132	160	0.497948
132	162	1.36807
132	165	0.496106
132	167	1.37289
132	168	1.3919
132	169	1.34306
132	170	1.39394
132	172	1.13147
132	173	1.3823
132	174	0.497249
132	176	0.484727
132	179	1.34668
132	180	0.511647
133	15	0.608061
133	42	1.23627
133	43	1.36036
133	61	1.30118
133	70	1.453
133	74	1.15012
133	77	1.21177
133	79	1.33101
133	83	1.28838
133	94	1.27909
133	105	0.516995
133	106	1.27502
133	108	1.3026
133	110	1.37614
133	115	0.482028
133	129	0.51523
133	131	0.517061
133	134	1.28513
133	136	0.498726
133	137	0.500076
133	149	0.517645
133	152	1.32311
133	155	0.503543
133	160	1.33117
133	161	1.32471
133	162	0.532
133	164	1.37408
133	165	1.32707
133	166	0.511885
133	170	0.487259
133	173	0.50778
133	174	1.31996
133	175	0.500845
133	178	1.33605
133	179	1.30246
133	180	1.31132
134	3	0.520002
134	12	1.33386
134	13	1.35532
134	25	0.464295
134	42	1.24516
134	45	1.21516
134	61	1.31008
134	64	0.514904
134	66	1.35318
134	79	1.33991
134	88	0.522009
134	95	0.198037
134	101	1.28379
134	103	0.552666
134	107	1.30328
134	109	0.613265
134	115	0.553486
134	117	1.26616
134	121	1.31664
134	132	0.565813
134	133	1.28513
134	140	0.526793
134	145	1.31282
134	148	1.17688
134	150	0.333955
134	152	1.33201
134	157	0.608714
134	160	1.34007
134	161	1.3336
134	162	0.603458
134	164	1.38297
134	169	0.620348
134	176	1.33747
134	178	1.34495
134	179	1.31135
134	180	1.32021
135	13	0.512074
135	18	0.453681
135	27	1.29487
135	34	1.18638
135	37	1.45195
135	42	0.558457
135	68	0.476638
135	93	1.34802
135	103	1.3784
135	111	1.35317
135	115	0.44538
135	116	1.38384
135	121	0.549423
135	123	1.43912
135	125	0.490381
135	126	1.35507
135	129	1.36274
135	131	1.40682
135	136	1.37198
135	140	1.38024
135	142	1.39604
135	144	1.39631
135	146	1.43571
135	148	1.22173
135	155	1.36422
135	158	1.37561
135	160	0.492585
135	163	1.36362
135	164	0.46348
135	168	0.469488
135	169	0.512242
135	170	0.450611
135	171	1.16913
135	177	1.16502
135	178	0.549746
135	179	0.470935
135	180	0.506284
136	8	1.24597
136	13	0.521808
136	16	1.37509
136	20	0.49332
136	29	1.31676
136	48	1.23834
136	58	1.36864
136	69	1.29886
136	89	1.39853
136	102	0.476072
136	103	1.36665
136	106	0.512343
136	120	1.3519
136	123	1.42737
136	124	1.39169
136	125	0.500115
136	129	1.351
136	132	0.467442
136	133	0.498726
136	135	1.37198
136	142	1.38429
136	144	1.38457
136	149	1.37472
136	151	0.498419
136	153	1.35484
136	155	1.35248
136	157	0.510343
136	158	1.36387
136	161	0.503899
136	163	1.35188
136	164	0.473214
136	166	1.37319
136	171	1.15738
136	174	0.50162
136	175	0.473931
136	176	0.489098
136	179	0.480669
137	16	1.38438
137	26	1.31697
137	29	1.32605
137	36	1.3024
137	46	1.28383
137	49	0.468922
137	50	1.25903
137	62	1.39797
137	64	1.3315
137	78	0.47282
137	79	0.468365
137	89	1.40782
137	92	0.494312
137	96	1.30855
137	99	0.487494
137	103	1.37594
137	111	1.35072
137	116	1.38138
137	118	0.465397
137	119	0.543841
137	124	1.40098
137	126	1.35261
137	129	1.36029
137	131	1.40436
137	133	0.500076
137	138	0.526564
137	142	1.39358
137	145	0.528978
137	153	1.36413
137	155	1.36177
137	158	1.37316
137	160	0.503669
137	168	0.480572
137	174	0.50297
137	175	0.475281
137	177	1.16256
137	179	0.482019
138	14	0.51411
138	20	1.31021
138	35	0.550587
138	41	1.40112
138	47	1.24893
138	51	0.439282
138	63	1.36985
138	73	0.570255
138	79	1.38759
138	80	1.26215
138	96	0.554591
138	99	1.43587
138	102	1.40742
138	107	1.35097
138	108	1.35918
138	119	1.31644
138	121	1.36432
138	124	0.527645
138	127	0.561409
138	137	0.526564
138	143	0.171255
138	145	1.3605
138	151	1.38597
138	156	0.268335
138	160	1.38775
138	161	1.38129
138	163	0.590544
138	164	1.43066
138	165	1.38365
138	166	0.538373
138	167	0.522122
138	168	0.532624
138	172	1.14382
138	174	1.37654
138	175	0.527333
138	177	1.16785
138	180	1.3679
139	4	1.15901
139	10	1.34096
139	13	0.279113
139	17	1.15907
139	19	1.17556
139	22	1.44163
139	39	1.36609
139	52	1.35214
139	53	1.36658
139	56	0.74244
139	59	1.29954
139	72	1.22855
139	74	0.785058
