1	56	0.782939
1	58	0.782931
1	66	0.783291
1	100	0.814794
1	104	0.841044
1	105	0.820803
1	107	0.818486
1	109	3.46463
1	112	0.840557
1	146	2.5004
1	157	2.15738
1	174	0.735414
2	17	0.686362
2	35	0.751684
2	37	0.674177
2	62	0.712613
2	69	0.817559
2	83	0.727156
2	98	0.746336
2	103	0.735782
2	116	2.65185
2	140	0.697498
2	162	0.6836
2	180	4.69432
3	56	0.700565
3	58	0.700557
3	65	3.26504
3	66	0.700916
3	75	0.743941
3	100	0.73242
3	104	0.758669
3	105	0.738428
3	107	0.736112
3	112	0.758183
3	138	3.33216
3	174	0.653039
4	84	0.721296
4	123	0.724038
4	126	0.728059
4	128	0.720597
4	132	0.738157
4	135	1.47826
4	136	0.73003
4	143	0.722734
4	150	0.741358
4	153	0.737621
4	173	5.81429
4	174	0.652171
5	19	0.834676
5	27	0.743244
5	28	0.814484
5	38	0.798981
5	40	0.798886
5	43	0.798475
5	48	0.853203
5	129	2.15313
5	160	0.823735
5	162	0.761844
5	172	2.28335
5	173	4.36565
6	17	0.769292
6	37	0.757107
6	50	0.797121
6	62	0.795543
6	69	0.900489
6	83	0.810086
6	98	0.829266
6	103	0.818712
6	147	2.28738
6	152	2.13865
6	162	0.76653
6	176	3.88878
7	46	1.00904
7	86	1.68097
7	163	0.775288
7	171	0.703243
7	172	0.729547
7	173	0.709582
7	175	0.714783
7	176	0.720867
7	177	0.715639
7	178	0.692908
7	179	0.715479
7	180	0.715464
8	13	0.782022
8	23	0.778902
8	31	0.778671
8	34	0.826599
8	55	2.65558
8	64	0.811249
8	86	0.792095
8	92	0.851436
8	93	0.85133
8	127	0.736738
8	149	3.30653
8	167	2.48836
9	47	0.724123
9	59	0.75821
9	61	0.696196
9	77	0.733975
9	78	0.726624
9	89	0.751787
9	95	0.737971
9	97	0.737814
9	106	3.38511
9	129	0.675903
9	140	0.69363
9	180	4.0733
10	17	0.761954
10	35	0.827275
10	50	0.789783
10	69	0.89315
10	83	0.802748
10	98	0.821928
10	103	0.811374
10	106	0.75842
10	109	1.41428
10	147	1.74299
10	162	0.759192
10	171	5.37682
11	56	0.778017
11	58	0.778009
11	75	0.821394
11	100	0.809872
11	104	0.836122
11	105	0.815881
11	107	0.813565
11	112	0.835635
11	163	1.38418
11	169	2.66968
11	170	4.66542
11	174	0.730492
12	81	0.797396
12	123	0.805211
12	128	0.80177
12	132	0.819331
12	136	0.811204
12	141	2.7426
12	143	0.803908
12	150	0.822532
12	153	0.818795
12	157	1.05112
12	174	0.733344
12	179	4.5153
13	8	0.782022
13	16	0.678834
13	22	0.750684
13	31	0.659089
13	36	0.729064
13	57	0.752599
13	64	0.691666
13	67	0.734241
13	82	4.49131
13	92	0.731853
13	93	0.731747
13	148	2.57136
14	55	3.74442
14	81	0.790111
14	84	0.795185
14	91	0.781376
14	119	0.808688
14	132	0.812046
14	135	1.85715
14	136	0.803919
14	143	0.796623
14	150	0.815247
14	153	0.811511
14	154	2.64416
15	44	0.790463
15	59	0.836013
15	78	0.804426
15	82	3.50869
15	89	0.82959
15	95	0.815773
15	97	0.815617
15	122	0.786609
15	129	0.753706
15	154	1.92792
15	161	0.777267
15	167	2.86095
16	13	0.678834
16	23	0.675714
16	34	0.723411
16	36	0.745458
16	57	0.768994
16	64	0.708061
16	65	0.672446
16	67	0.750636
16	92	0.748248
16	93	0.748142
16	135	2.45647
16	169	4.67762
17	2	0.686362
17	6	0.769292
17	10	0.761954
17	35	0.738397
17	62	0.699326
17	83	0.713869
17	98	0.733049
17	103	0.722495
17	120	2.69988
17	131	4.43614
17	140	0.684211
17	144	0.633734
17	162	0.670313
18	81	0.768659
18	119	0.787236
18	123	0.776475
18	126	0.780496
18	128	0.773034
18	132	0.790594
18	136	0.782468
18	142	1.31617
18	143	0.775172
18	150	0.793796
18	153	0.790059
18	156	3.18178
18	158	4.13529
19	5	0.834676
19	26	0.811405
19	27	0.721784
19	28	0.793024
19	38	0.777521
19	40	0.777426
19	43	0.777015
19	74	0.788516
19	124	1.90991
19	145	4.40389
19	160	0.802276
19	162	0.740384
19	170	3.40703
20	51	0.783858
20	70	0.813967
20	71	0.755468
20	79	0.794228
20	88	0.779626
20	94	0.806773
20	101	0.789869
20	108	0.784813
20	110	0.782129
20	118	2.58497
20	161	0.766414
20	170	3.86165
20	179	2.95831
21	26	0.740872
21	27	0.651251
21	28	0.72249
21	38	0.706987
21	40	0.706893
21	43	0.706482
21	48	0.76121
21	74	0.717983
21	80	0.71235
21	118	4.44291
21	129	3.6262
21	160	0.731742
21	162	0.66985
22	13	0.750684
22	23	0.747564
22	31	0.747333
22	34	0.795261
22	57	0.840844
22	64	0.779911
22	67	0.822486
22	92	0.820098
22	93	0.819992
22	127	0.7054
22	142	2.18124
22	162	3.06355
22	173	4.98085
23	8	0.778902
23	16	0.675714
23	22	0.747564
23	31	0.655969
23	36	0.725944
23	57	0.749479
23	64	0.688546
23	67	0.731121
23	92	0.728733
23	93	0.728627
23	127	0.614035
23	130	2.7194
23	173	5.0718
24	77	0.686834
24	79	4.17312
24	95	0.69083
24	97	0.690674
24	107	0.682114
24	112	0.704184
24	124	0.680026
24	134	0.641393
24	174	0.599041
24	176	0.616077
24	177	0.61085
24	179	0.61069
24	180	0.610675
25	70	0.816993
25	71	0.758493
25	88	0.782652
25	94	0.809799
25	101	0.792895
25	102	0.779951
25	108	0.787839
25	110	0.785155
25	122	0.778781
25	133	1.44729
25	141	2.89915
25	149	0.735179
25	177	4.32802
26	19	0.811405
26	21	0.740872
26	27	0.719973
26	28	0.791212
26	38	0.775709
26	39	0.804192
26	40	0.775615
26	43	0.775204
26	48	0.829931
26	140	1.79081
26	160	0.800464
26	173	4.28022
26	176	3.0309
27	5	0.743244
27	19	0.721784
27	21	0.651251
27	26	0.719973
27	28	0.701592
27	38	0.686089
27	39	0.714571
27	40	0.685994
27	43	0.685583
27	48	0.740311
27	160	0.710843
27	162	0.648952
27	167	3.78075
27	169	4.28186
28	5	0.814484
28	19	0.793024
28	21	0.72249
28	26	0.791212
28	27	0.701592
28	38	0.757328
28	40	0.757234
28	43	0.756823
28	48	0.81155
28	124	1.95468
28	160	0.782083
28	162	0.720191
28	164	3.74072
28	177	3.67226
29	51	0.765505
29	68	3.28867
29	70	0.795614
29	71	0.737115
29	79	0.775875
29	88	0.761273
29	94	0.78842
29	99	0.783622
29	101	0.771516
29	108	0.76646
29	110	0.763776
29	120	2.00645
29	122	0.757403
29	148	3.46355
30	57	0.737627
30	62	0.679036
30	64	0.676694
30	83	0.693579
30	92	0.716881
30	93	0.716775
30	98	0.712759
30	103	0.702205
30	113	4.79649
30	120	2.73281
30	132	0.70246
30	136	0.694333
30	150	0.705661
30	153	0.701924
31	8	0.778671
31	13	0.659089
31	22	0.747333
31	23	0.655969
31	34	0.703665
31	64	0.688315
31	67	0.73089
31	86	0.669162
31	92	0.728502
31	93	0.728396
31	102	0.691889
31	121	2.54328
31	127	0.613804
31	179	5.46569
32	87	0.753574
32	119	0.77781
32	123	0.767048
32	126	0.77107
32	128	0.763607
32	132	0.781168
32	136	0.773041
32	139	2.26794
32	143	0.765745
32	145	4.43119
32	150	0.784369
32	153	0.780632
32	170	3.43433
32	174	0.695182
33	44	0.758043
33	61	0.741578
33	77	0.779357
33	78	0.772006
33	89	0.79717
33	95	0.783353
33	97	0.783197
33	109	3.26044
33	121	2.49497
33	122	0.754189
33	129	0.721286
33	140	0.739012
33	142	0.778669
33	166	3.34746
34	8	0.826599
34	16	0.723411
34	22	0.795261
34	31	0.703665
34	36	0.77364
34	57	0.797176
34	64	0.736243
34	74	0.757704
34	92	0.77643
34	93	0.776323
34	102	0.739816
34	135	2.00189
34	137	1.90777
34	176	5.08861
35	2	0.751684
35	10	0.827275
35	17	0.738397
35	37	0.726212
35	50	0.766226
35	55	0.737788
35	62	0.764648
35	83	0.779191
35	98	0.798371
35	103	0.787817
35	121	2.7255
35	140	0.749533
35	159	3.01929
35	161	3.28723
36	13	0.729064
36	16	0.745458
36	23	0.725944
36	34	0.77364
36	57	0.819223
36	64	0.75829
36	67	0.800865
36	74	0.779752
36	92	0.798477
36	93	0.798371
36	127	0.683779
36	135	1.66929
36	144	5.20006
36	148	2.11712
37	2	0.674177
37	6	0.757107
37	35	0.726212
37	50	0.688719
37	52	3.00751
37	62	0.687141
37	69	0.792087
37	72	0.644968
37	83	0.701684
37	98	0.720864
37	103	0.71031
37	106	0.657356
37	157	4.53036
37	162	0.658128
38	5	0.798981
38	19	0.777521
38	21	0.706987
38	26	0.775709
38	27	0.686089
38	28	0.757328
38	40	0.741731
38	43	0.74132
38	48	0.796047
38	74	0.752821
38	122	1.30308
38	160	0.76658
38	162	0.704688
38	175	4.01321
38	176	4.20856
39	26	0.804192
39	27	0.714571
39	48	0.82453
39	51	0.464202
39	61	0.988895
39	62	0.762184
39	74	0.781303
39	86	0.740688
39	103	0.785353
39	112	1.21809
39	162	0.733171
39	172	0.725338
39	175	0.710574
39	179	0.71127
39	180	0.711255
40	5	0.798886
40	19	0.777426
40	21	0.706893
40	26	0.775615
40	27	0.685994
40	28	0.757234
40	38	0.741731
40	43	0.741225
40	48	0.795953
40	76	3.72015
40	80	0.747093
40	122	2.35518
40	160	0.766485
40	162	0.704594
40	166	3.41759
41	52	1.31868
41	84	0.752984
41	87	0.742251
41	91	0.739174
41	114	4.08723
41	123	0.755725
41	126	0.759747
41	128	0.752284
41	132	0.769845
41	136	0.761718
41	143	0.754422
41	150	0.773046
41	153	0.769309
41	161	3.94503
41	174	0.683859
42	65	0.601553
42	141	0.642593
42	158	0.594139
42	159	0.639351
42	164	0.599897
42	166	0.633163
42	170	0.58859
42	171	0.57636
42	172	0.602664
42	173	0.582699
42	175	0.5879
42	177	0.588757
42	178	0.566026
42	179	0.588597
42	180	0.588582
43	5	0.798475
43	19	0.777015
43	21	0.706482
43	26	0.775204
43	27	0.685583
43	28	0.756823
43	38	0.74132
43	40	0.741225
43	48	0.795542
43	68	1.30366
43	72	2.97702
43	80	0.746682
43	160	0.766074
43	162	0.704183
43	168	5.06173
44	15	0.790463
44	33	0.758043
44	47	0.744873
44	59	0.778959
44	61	0.716945
44	77	0.754724
44	78	0.747373
44	89	0.772537
44	95	0.75872
44	97	0.758563
44	121	2.00606
44	122	0.729555
44	125	2.8237
44	161	0.720214
44	174	4.88863
45	85	0.750191
45	87	0.74169
45	91	0.738613
45	119	0.765925
45	123	0.755164
45	128	0.751723
45	132	0.769283
45	136	0.761156
45	138	2.20056
45	143	0.75386
45	146	2.01962
45	150	0.772484
45	153	0.768747
45	174	0.683297
45	179	5.14079
46	7	1.00904
46	53	0.788224
46	56	0.741984
46	58	0.741976
46	66	0.742336
46	75	0.78536
46	100	0.773839
46	104	0.800089
46	105	0.779848
46	107	0.777531
46	112	0.799602
46	152	2.50371
46	158	4.39487
46	174	0.694459
47	9	0.724123
47	44	0.744873
47	59	0.790422
47	61	0.728408
47	77	0.766187
47	89	0.784
47	95	0.770183
47	97	0.770026
47	129	0.708115
47	138	2.53851
47	140	0.725842
47	142	0.765499
47	147	3.65051
47	155	3.08588
47	161	0.731677
48	5	0.853203
48	21	0.76121
48	26	0.829931
48	27	0.740311
48	28	0.81155
48	38	0.796047
48	39	0.82453
48	40	0.795953
48	43	0.795542
48	80	0.80141
48	139	3.19508
48	149	2.68279
48	151	2.42627
48	160	0.820802
48	162	0.75891
48	180	3.34034
49	85	0.798656
49	87	0.790155
49	119	0.81439
49	123	0.803629
49	126	0.80765
49	128	0.800188
49	132	0.817748
49	133	1.36961
49	136	0.809621
49	143	0.802325
49	150	0.820949
49	153	0.817212
49	164	3.22989
49	174	0.731762
49	176	3.27842
49	180	3.38747
50	6	0.797121
50	10	0.789783
50	35	0.766226
50	37	0.688719
50	69	0.832101
50	83	0.741698
50	86	0.70566
50	98	0.760878
50	103	0.750324
50	106	0.69737
50	140	0.71204
50	144	0.661563
50	149	4.75089
50	154	2.99969
50	160	2.18221
50	162	0.698142
51	20	0.783858
51	29	0.765505
51	39	0.464202
51	71	0.713516
51	79	0.752277
51	88	0.737674
51	94	0.764821
51	99	0.760024
51	101	0.747917
51	108	0.742861
51	110	0.740177
51	124	2.78763
51	127	0.656889
51	142	0.758284
51	161	0.724463
51	168	5.56651
52	37	3.00751
52	41	1.31868
52	71	1.03132
52	146	0.810697
52	148	0.779154
52	158	0.727513
52	166	0.766537
52	169	0.741837
52	172	0.736038
52	173	0.716073
52	175	0.721275
52	176	0.727358
52	177	0.722131
52	178	0.6994
52	179	0.721971
52	180	0.721956
53	46	0.788224
53	56	0.741742
53	58	0.741734
53	66	0.742094
53	75	0.785119
53	100	0.773597
53	104	0.799847
53	105	0.779606
53	107	0.777289
53	112	0.79936
53	152	2.906
53	160	1.53894
53	164	4.6076
53	174	0.694217
54	93	1.02395
54	110	1.30177
54	123	0.748145
54	152	0.765896
54	157	0.796755
54	166	0.770451
54	169	0.745752
54	170	0.725878
54	171	0.713648
54	172	0.739953
54	174	0.714236
54	176	0.731273
54	177	0.726045
54	178	0.703314
54	179	0.725885
54	180	0.72587
55	8	2.65558
55	14	3.74442
55	35	0.737788
55	83	0.71326
55	98	0.73244
55	100	0.715535
55	103	0.721886
55	107	0.719227
55	112	0.741298
55	116	0.697387
55	170	0.647797
55	173	0.641906
55	174	0.636155
55	178	0.625232
55	179	0.647803
55	180	0.647788
56	1	0.782939
56	3	0.700565
56	11	0.778017
56	46	0.741984
56	53	0.741742
56	58	0.695494
56	66	0.695854
56	75	0.738879
56	100	0.727357
56	104	0.753607
56	105	0.733366
56	107	0.73105
56	112	0.75312
56	114	2.74068
56	166	2.88924
56	174	0.647977
56	180	4.84137
57	13	0.752599
57	16	0.768994
57	22	0.840844
57	23	0.749479
57	30	0.737627
57	34	0.797176
57	36	0.819223
57	67	0.8244
57	86	0.762672
57	92	0.822013
57	93	0.821906
57	102	0.785399
57	115	2.09708
57	127	0.707314
57	140	3.93834
57	142	2.50035
57	159	2.77665
58	1	0.782931
58	3	0.700557
58	11	0.778009
58	46	0.741976
58	53	0.741734
58	56	0.695494
58	66	0.695846
58	75	0.738871
58	100	0.727349
58	104	0.753599
58	105	0.733358
58	107	0.731042
58	112	0.753112
58	122	2.95138
58	131	3.49715
58	161	3.72303
58	174	0.647969
59	9	0.75821
59	15	0.836013
59	44	0.778959
59	47	0.790422
59	61	0.762494
59	65	0.737086
59	77	0.800273
59	78	0.792922
59	89	0.818086
59	95	0.804269
59	97	0.804113
59	134	2.30149
59	140	0.759928
59	148	1.59245
59	161	0.765763
59	165	2.97866
59	171	5.16487
60	76	0.632305
60	78	0.664593
60	88	0.650646
60	89	0.689757
60	94	0.677793
60	95	0.67594
60	97	0.675784
60	99	0.672995
60	110	0.653149
60	128	5.58081
60	152	0.63581
60	161	0.637434
60	172	0.609867
60	177	0.59596
60	178	0.573229
60	179	0.5958
60	180	0.595785
61	9	0.696196
61	33	0.741578
61	39	0.988895
61	44	0.716945
61	47	0.728408
61	59	0.762494
61	77	0.738259
61	78	0.730908
61	89	0.756072
61	95	0.742255
61	97	0.742099
61	122	0.713091
61	129	0.680188
61	142	0.737571
61	161	0.703749
61	163	2.99583
61	174	5.3339
62	2	0.712613
62	6	0.795543
62	17	0.699326
62	30	0.679036
62	35	0.764648
62	37	0.687141
62	39	0.762184
62	69	0.830522
62	98	0.7593
62	102	2.12356
62	103	0.748746
62	106	0.695792
62	140	0.710462
62	144	0.659985
62	155	3.00607
62	162	0.696564
62	175	4.97673
63	72	0.638786
63	88	5.4091
63	129	0.648119
63	145	0.632483
63	156	0.64848
63	166	0.674612
63	168	0.620174
63	169	0.649912
63	170	0.630039
63	172	0.644113
63	173	0.624148
63	175	0.629349
63	176	0.635433
63	177	0.630205
63	178	0.607475
63	179	0.630046
63	180	0.63003
64	8	0.811249
64	13	0.691666
64	16	0.708061
64	22	0.779911
64	23	0.688546
64	30	0.676694
64	31	0.688315
64	34	0.736243
64	36	0.75829
64	67	0.763468
64	92	0.76108
64	93	0.760974
64	96	2.93317
64	102	0.724467
64	127	0.646382
64	137	3.09906
64	159	3.87811
65	3	3.26504
65	16	0.672446
65	42	0.601553
65	59	0.737086
65	67	0.727853
65	78	0.705499
65	89	0.730663
65	92	0.725465
65	93	0.725358
65	95	0.716846
65	97	0.71669
65	108	2.58659
65	173	0.630809
65	176	0.642094
65	178	0.614135
65	179	0.636706
65	180	0.636691
66	1	0.783291
66	3	0.700916
66	46	0.742336
66	53	0.742094
66	56	0.695854
66	58	0.695846
66	73	3.54974
66	75	0.73923
66	96	2.0969
66	100	0.727709
66	104	0.753958
66	105	0.733717
66	107	0.731401
66	112	0.753472
66	129	0.67805
66	130	0.681207
66	172	4.61064
66	174	0.648329
67	13	0.734241
67	16	0.750636
67	22	0.822486
67	23	0.731121
67	31	0.73089
67	36	0.800865
67	57	0.8244
67	64	0.763468
67	65	0.727853
67	74	0.784929
67	86	0.744314
67	92	0.803655
67	93	0.803548
67	102	0.767041
67	147	2.37847
67	161	1.84603
67	164	3.93134
67	176	3.97987
68	29	3.28867
68	43	1.30366
68	73	0.702492
68	83	1.3476
68	100	0.752315
68	105	0.758324
68	112	0.778078
68	126	0.748824
68	136	0.750795
68	143	0.743499
68	150	0.762123
68	153	0.758386
68	171	0.672347
68	174	0.672935
68	176	0.689971
68	178	0.662013
68	179	0.684584
68	180	0.684569
69	2	0.817559
69	6	0.900489
69	10	0.89315
69	37	0.792087
69	50	0.832101
69	62	0.830522
69	72	0.78835
69	83	0.845066
69	86	0.809027
69	90	0.987771
69	98	0.864246
69	102	2.09352
69	103	0.853691
69	116	3.20862
69	144	0.764931
69	147	3.54065
69	162	0.80151
69	163	2.99099
70	20	0.813967
70	25	0.816993
70	29	0.795614
70	71	0.743624
70	79	0.782385
70	88	0.767782
70	94	0.794929
70	99	0.790132
70	101	0.778026
70	106	3.18549
70	108	0.77297
70	110	0.770286
70	114	1.77299
70	122	0.763912
70	130	0.734166
70	149	0.72031
70	165	3.61086
70	174	3.95163
71	20	0.755468
71	25	0.758493
71	29	0.737115
71	51	0.713516
71	52	1.03132
71	70	0.743624
71	79	0.723886
71	88	0.709283
71	94	0.73643
71	99	0.731633
71	101	0.719526
71	108	0.714471
71	110	0.711787
71	142	0.729893
71	149	0.661811
71	157	2.55416
71	161	0.696072
71	180	5.90056
72	37	0.644968
72	43	2.97702
72	63	0.638786
72	69	0.78835
72	83	0.697947
72	98	0.717127
72	101	2.99712
72	103	0.706573
72	119	0.70347
72	126	0.69673
72	128	0.689267
72	143	0.691405
72	153	0.706292
72	176	0.637877
72	177	0.63265
72	178	0.609919
72	179	0.63249
72	180	0.632475
73	66	3.54974
73	68	0.702492
73	86	3.03189
73	90	0.784171
73	121	0.718772
73	142	0.717113
73	157	0.712528
73	165	0.662449
73	166	0.686224
73	170	0.641651
73	171	0.629421
73	172	0.655725
73	173	0.63576
73	175	0.640961
73	176	0.647045
73	177	0.641817
73	178	0.619086
73	179	0.641657
73	180	0.641642
74	19	0.788516
74	21	0.717983
74	34	0.757704
74	36	0.779752
74	38	0.752821
74	39	0.781303
74	67	0.784929
74	79	0.763231
74	92	0.782542
74	93	0.782435
74	99	0.770978
74	101	0.758872
74	108	0.753816
74	110	0.751132
74	137	1.33712
74	146	1.62362
74	162	0.715684
74	174	4.70496
74	179	4.74479
75	3	0.743941
75	11	0.821394
75	46	0.78536
75	53	0.785119
75	56	0.738879
75	58	0.738871
75	66	0.73923
75	100	0.770734
75	104	0.796983
75	105	0.776742
75	107	0.774426
75	112	0.796497
75	129	0.721075
75	130	0.724232
75	145	5.56491
75	160	1.55969
75	161	1.30403
75	173	4.68718
75	174	0.691354
76	40	3.72015
76	60	0.632305
76	95	2.66778
76	117	0.674412
76	129	0.678327
76	138	0.732402
76	148	0.717437
76	152	0.700265
76	167	0.687067
76	168	0.650383
76	171	0.648017
76	172	0.674322
76	173	0.654357
76	175	0.659558
76	176	0.665642
76	177	0.660414
76	178	0.637683
76	179	0.660254
76	180	0.660239
77	9	0.733975
77	24	0.686834
77	33	0.779357
77	44	0.754724
77	47	0.766187
77	59	0.800273
77	61	0.738259
77	78	0.768687
77	89	0.793851
77	95	0.780034
77	97	0.779878
77	122	0.75087
77	134	2.2582
77	140	0.735693
77	142	0.77535
77	161	0.741528
77	162	2.42116
77	169	2.22358
77	178	5.95104
78	9	0.726624
78	15	0.804426
78	33	0.772006
78	44	0.747373
78	59	0.792922
78	60	0.664593
78	61	0.730908
78	65	0.705499
78	77	0.768687
78	89	0.7865
78	95	0.772683
78	97	0.772527
78	129	0.710616
78	140	0.728342
78	142	0.767999
78	161	0.734177
78	162	3.05086
78	163	1.56779
78	166	1.87577
78	178	6.58075
79	20	0.794228
79	24	4.17312
79	29	0.775875
79	51	0.752277
79	70	0.782385
79	71	0.723886
79	74	0.763231
79	88	0.748044
79	94	0.775191
79	99	0.770394
79	101	0.758287
79	108	0.753231
79	109	0.733297
79	110	0.750547
79	130	0.714428
79	140	3.35256
79	146	1.69832
79	149	0.700572
79	159	2.19088
79	161	0.734832
80	21	0.71235
80	40	0.747093
80	43	0.746682
80	48	0.80141
80	100	0.755881
80	105	0.76189
80	107	0.759573
80	112	0.781644
80	119	0.759129
80	126	0.752389
80	138	1.17833
80	143	0.747064
80	150	0.765688
80	153	0.761952
80	159	1.48994
80	160	0.771942
80	162	0.710051
80	172	3.05874
80	174	0.676501
80	178	6.75362
81	12	0.797396
81	14	0.790111
81	18	0.768659
81	84	0.733628
81	85	0.731398
81	87	0.722896
81	91	0.719819
81	115	2.22542
81	119	0.747131
81	123	0.73637
81	125	3.42886
81	126	0.740392
81	128	0.732929
81	132	0.75049
81	134	4.47584
81	136	0.742363
81	143	0.735067
81	150	0.753691
81	153	0.749954
81	155	3.14076
81	174	0.664503
82	13	4.49131
82	15	3.50869
82	106	0.677529
82	131	0.69348
82	155	0.712281
82	164	0.6677
82	165	0.677192
82	167	0.683212
82	168	0.646528
82	169	0.676266
82	170	0.656393
82	171	0.644163
82	172	0.670467
82	173	0.650502
82	175	0.655704
82	176	0.661787
82	177	0.65656
82	178	0.633829
82	179	0.6564
82	180	0.656385
83	2	0.727156
83	6	0.810086
83	10	0.802748
83	17	0.713869
83	30	0.693579
83	35	0.779191
83	37	0.701684
83	50	0.741698
83	55	0.71326
83	68	1.3476
83	69	0.845066
83	72	0.697947
83	86	0.718625
83	98	0.773843
83	103	0.763289
83	133	1.16364
83	140	0.725006
83	144	0.674529
83	162	0.711107
83	170	5.29154
83	179	4.3882
84	4	0.721296
84	14	0.795185
84	41	0.752984
84	81	0.733628
84	85	0.736471
84	87	0.72797
84	91	0.724893
84	123	0.741444
84	126	0.745465
84	127	6.03252
84	128	0.738003
84	132	0.755563
84	136	0.747437
84	141	2.16898
84	143	0.74014
84	150	0.758764
84	153	0.755028
84	160	0.765018
84	165	3.56108
84	166	1.87177
84	174	0.669577
85	45	0.750191
85	49	0.798656
85	81	0.731398
85	84	0.736471
85	87	0.725739
85	91	0.722662
85	102	2.46506
85	119	0.749974
85	122	2.6081
85	123	0.739213
85	126	0.743235
85	128	0.735772
85	132	0.753333
85	136	0.745206
85	143	0.73791
85	150	0.756534
85	153	0.752797
85	157	2.27623
85	160	0.762788
85	174	0.667346
85	177	5.39659
86	7	1.68097
86	8	0.792095
86	31	0.669162
86	39	0.740688
86	50	0.70566
86	57	0.762672
86	67	0.744314
86	69	0.809027
86	73	3.03189
86	83	0.718625
86	92	0.741927
86	93	0.74182
86	98	0.737805
86	103	0.72725
86	119	0.724147
86	121	2.23019
86	128	0.709945
86	132	0.727505
86	143	0.712082
86	150	0.730706
86	153	0.72697
86	156	4.11329
87	32	0.753574
87	41	0.742251
87	45	0.74169
87	49	0.790155
87	81	0.722896
87	84	0.72797
87	85	0.725739
87	91	0.714161
87	115	2.72447
87	119	0.741473
87	123	0.730712
87	126	0.734733
87	128	0.727271
87	129	4.84262
87	132	0.744831
87	133	2.8081
87	136	0.736704
87	142	3.12774
87	143	0.729408
87	150	0.748032
87	153	0.744295
87	174	0.658845
88	20	0.779626
88	25	0.782652
88	29	0.761273
88	51	0.737674
88	60	0.650646
88	63	5.4091
88	70	0.767782
88	71	0.709283
88	79	0.748044
88	94	0.760588
88	99	0.755791
88	101	0.743685
88	102	0.730741
88	108	0.738629
88	110	0.735945
88	127	0.652656
88	138	2.01693
88	142	0.754051
88	149	0.685969
88	161	0.72023
88	169	1.61667
88	171	4.51466
89	9	0.751787
89	15	0.82959
89	33	0.79717
89	44	0.772537
89	47	0.784
89	59	0.818086
89	60	0.689757
89	61	0.756072
89	65	0.730663
89	77	0.793851
89	78	0.7865
89	95	0.797847
89	97	0.79769
89	122	0.768682
89	137	1.70555
89	140	0.753506
89	142	0.793162
89	148	2.2475
89	161	0.759341
89	166	3.0433
89	167	3.5197
89	172	4.0534
90	69	0.987771
90	73	0.784171
90	105	0.633576
90	108	1.21282
90	119	1.29264
90	153	0.532965
90	155	0.822144
90	158	0.771805
90	164	0.777563
90	165	0.787055
90	166	0.810829
90	169	0.786129
90	170	0.766256
90	171	0.754026
90	172	0.78033
90	173	0.760365
90	175	0.765567
90	176	0.77165
90	177	0.766423
90	178	0.743692
90	179	0.766263
90	180	0.766248
91	14	0.781376
91	41	0.739174
91	45	0.738613
91	81	0.719819
91	84	0.724893
91	85	0.722662
91	87	0.714161
91	115	1.52848
91	117	3.36366
91	119	0.738396
91	123	0.727635
91	126	0.731656
91	128	0.724194
91	130	3.50675
91	132	0.741754
91	136	0.733627
91	143	0.726331
91	144	0.652739
91	150	0.744955
91	153	0.741218
91	160	0.751209
91	170	5.74002
91	174	0.655768
92	8	0.851436
92	13	0.731853
92	16	0.748248
92	22	0.820098
92	23	0.728733
92	30	0.716881
92	31	0.728502
92	34	0.77643
92	36	0.798477
92	57	0.822013
92	64	0.76108
92	65	0.725465
92	67	0.803655
92	74	0.782542
92	86	0.741927
92	93	0.801161
92	102	0.764654
92	106	3.4294
92	127	0.686569
92	151	3.20351
92	161	1.8747
92	172	3.17555
92	177	3.89154
93	8	0.85133
93	13	0.731747
93	16	0.748142
93	22	0.819992
93	23	0.728627
93	30	0.716775
93	31	0.728396
93	34	0.776323
93	36	0.798371
93	54	1.02395
93	57	0.821906
93	64	0.760974
93	65	0.725358
93	67	0.803548
93	74	0.782435
93	86	0.74182
93	92	0.801161
93	102	0.764547
93	127	0.686462
93	139	5.16895
93	142	2.52708
93	146	2.31083
93	154	2.90545
94	20	0.806773
94	25	0.809799
94	29	0.78842
94	51	0.764821
94	60	0.677793
94	70	0.794929
94	71	0.73643
94	79	0.775191
94	88	0.760588
94	99	0.782938
94	101	0.770832
94	108	0.765776
94	109	0.745841
94	110	0.763092
94	122	0.756718
94	125	3.70674
94	127	0.679803
94	130	0.726972
94	135	2.49795
94	142	0.781198
94	149	0.713116
94	154	3.28496
94	160	2.46748
94	163	3.4336
95	9	0.737971
95	15	0.815773
95	24	0.69083
95	33	0.783353
95	44	0.75872
95	47	0.770183
95	59	0.804269
95	60	0.67594
95	61	0.742255
95	65	0.716846
95	76	2.66778
95	77	0.780034
95	78	0.772683
95	89	0.797847
95	97	0.783874
95	122	0.754866
95	129	0.721963
95	140	0.739689
95	141	2.66243
95	142	0.779346
95	149	3.65979
95	158	4.34933
95	160	2.05315
95	161	0.745524
96	64	2.93317
96	66	2.0969
96	105	1.44113
96	117	0.712429
96	137	0.800853
96	143	0.893334
96	147	0.748678
96	152	0.738281
96	154	0.752577
96	155	0.754152
96	163	0.758079
96	166	0.742837
96	167	0.725083
96	168	0.688399
96	169	0.718137
96	170	0.698264
96	171	0.686034
96	173	0.692373
96	175	0.697574
96	176	0.703658
96	177	0.69843
96	178	0.675699
96	179	0.698271
96	180	0.698255
97	9	0.737814
97	15	0.815617
97	24	0.690674
97	33	0.783197
97	44	0.758563
97	47	0.770026
97	59	0.804113
97	60	0.675784
97	61	0.742099
97	65	0.71669
97	77	0.779878
97	78	0.772527
97	89	0.79769
97	95	0.783874
97	122	0.754709
97	129	0.721806
97	140	0.739532
97	142	0.779189
97	144	4.08318
97	155	1.4731
97	161	0.745368
97	162	2.97114
97	174	3.82613
97	175	3.44377
98	2	0.746336
98	6	0.829266
98	10	0.821928
98	17	0.733049
98	30	0.712759
98	35	0.798371
98	37	0.720864
98	50	0.760878
98	55	0.73244
98	62	0.7593
98	69	0.864246
98	72	0.717127
98	83	0.773843
98	86	0.737805
98	103	0.782469
98	106	0.729515
98	129	2.57805
98	140	0.744186
98	144	0.693709
98	151	2.73624
98	160	1.61834
98	162	0.730287
98	171	5.5737
98	174	3.72827
99	29	0.783622
99	51	0.760024
99	60	0.672995
99	70	0.790132
99	71	0.731633
99	74	0.770978
99	79	0.770394
99	88	0.755791
99	94	0.782938
99	101	0.766034
99	102	0.75309
99	108	0.760978
99	109	0.741044
99	110	0.758294
99	122	0.751921
99	127	0.675006
99	130	0.722175
99	142	0.776401
99	149	0.708319
99	158	3.5205
99	161	0.74258
99	162	2.71148
99	165	3.2257
99	174	3.56647
99	179	3.6063
100	1	0.814794
100	3	0.73242
100	11	0.809872
100	46	0.773839
100	53	0.773597
100	55	0.715535
100	56	0.727357
100	58	0.727349
100	66	0.727709
100	68	0.752315
100	75	0.770734
100	80	0.755881
100	104	0.785462
100	105	0.765221
100	106	0.71261
100	107	0.762904
100	112	0.784975
100	113	2.6404
100	129	0.709554
100	130	0.712711
100	141	3.12683
100	144	5.11676
100	160	1.55551
100	167	3.30602
100	174	0.679832
101	20	0.789869
101	25	0.792895
101	29	0.771516
101	51	0.747917
101	70	0.778026
101	71	0.719526
101	72	2.99712
101	74	0.758872
101	79	0.758287
101	88	0.743685
101	94	0.770832
101	99	0.766034
101	102	0.740984
101	108	0.748872
101	109	0.728938
101	110	0.746188
101	122	0.739814
101	127	0.662899
101	130	0.710068
101	135	2.03899
101	142	0.764295
101	154	1.83781
101	161	0.730473
101	167	2.77084
101	171	6.16995
102	25	0.779951
102	31	0.691889
102	34	0.739816
102	57	0.785399
102	62	2.12356
102	64	0.724467
102	67	0.767041
102	69	2.09352
102	85	2.46506
102	88	0.730741
102	92	0.764654
102	93	0.764547
102	99	0.75309
102	101	0.740984
102	108	0.735928
102	110	0.733244
102	123	1.88083
102	174	0.664246
102	175	0.675199
102	176	0.681282
102	177	0.676055
102	178	0.653324
102	179	0.675895
102	180	0.67588
103	2	0.735782
103	6	0.818712
103	10	0.811374
103	17	0.722495
103	30	0.702205
103	35	0.787817
103	37	0.71031
103	39	0.785353
103	50	0.750324
103	55	0.721886
103	62	0.748746
103	69	0.853691
103	72	0.706573
103	83	0.763289
103	86	0.72725
103	98	0.782469
103	106	0.718961
103	111	2.47134
103	133	1.98381
103	140	0.733631
103	142	1.37569
103	144	0.683154
103	162	0.719733
103	175	3.85842
103	178	6.91567
104	1	0.841044
104	3	0.758669
104	11	0.836122
104	46	0.800089
104	53	0.799847
104	56	0.753607
104	58	0.753599
104	66	0.753958
104	75	0.796983
104	100	0.785462
104	105	0.79147
104	106	0.738859
104	107	0.789154
104	109	2.66065
104	112	0.811225
104	114	2.59911
104	129	0.735803
104	130	0.73896
104	131	2.23103
104	163	2.43969
104	174	0.706082
104	180	4.6998
105	1	0.820803
105	3	0.738428
105	11	0.815881
105	46	0.779848
105	53	0.779606
105	56	0.733366
105	58	0.733358
105	66	0.733717
105	68	0.758324
105	75	0.776742
105	80	0.76189
105	90	0.633576
105	96	1.44113
105	100	0.765221
105	104	0.79147
105	106	0.718618
105	107	0.768913
105	112	0.790984
105	129	0.715562
105	130	0.718719
105	137	1.60702
105	174	0.685841
105	175	4.5925
105	176	4.78785
106	9	3.38511
106	10	0.75842
106	37	0.657356
106	50	0.69737
106	62	0.695792
106	70	3.18549
106	82	0.677529
106	92	3.4294
106	98	0.729515
106	100	0.71261
106	103	0.718961
106	104	0.738859
106	105	0.718618
106	107	0.716302
106	112	0.738372
106	130	0.666108
106	144	0.6302
106	170	0.644871
106	172	0.658946
106	173	0.638981
106	174	0.633229
106	176	0.650266
106	178	0.622307
106	179	0.644878
106	180	0.644863
107	1	0.818486
107	3	0.736112
107	11	0.813565
107	24	0.682114
107	46	0.777531
107	53	0.777289
107	55	0.719227
107	56	0.73105
107	58	0.731042
107	66	0.731401
107	75	0.774426
107	80	0.759573
107	100	0.762904
107	104	0.789154
107	105	0.768913
107	106	0.716302
107	112	0.788667
107	124	2.21524
107	127	6.36748
107	129	0.713246
107	130	0.716403
107	142	1.37172
107	151	3.24478
107	162	3.38182
107	174	0.683524
108	20	0.784813
108	25	0.787839
108	29	0.76646
108	51	0.742861
108	65	2.58659
108	70	0.77297
108	71	0.714471
108	74	0.753816
108	79	0.753231
108	88	0.738629
108	90	1.21282
108	94	0.765776
108	99	0.760978
108	101	0.748872
108	102	0.735928
108	109	0.723882
108	110	0.741132
108	120	1.27112
108	122	0.734758
108	124	3.53253
108	127	0.657843
108	130	0.705012
108	142	0.759239
108	149	0.691157
108	161	0.725417
108	175	5.17175
109	1	3.46463
109	10	1.41428
109	33	3.26044
109	79	0.733297
109	94	0.745841
109	99	0.741044
109	101	0.728938
109	104	2.66065
109	108	0.723882
109	110	0.721198
109	119	0.734828
109	123	0.724067
109	132	0.738186
109	136	0.730059
109	140	0.699648
109	143	0.722763
109	149	0.671222
109	150	0.741387
109	151	0.704235
109	153	0.73765
109	168	0.653977
109	173	0.657951
109	175	0.663152
109	177	0.664008
109	178	0.641277
109	179	0.663848
109	180	0.663833
110	20	0.782129
110	25	0.785155
110	29	0.763776
110	51	0.740177
110	54	1.30177
110	60	0.653149
110	70	0.770286
110	71	0.711787
110	74	0.751132
110	79	0.750547
110	88	0.735945
110	94	0.763092
110	99	0.758294
110	101	0.746188
110	102	0.733244
110	108	0.741132
110	109	0.721198
110	122	0.732075
110	127	0.655159
110	130	0.702329
110	142	0.756555
110	146	2.58865
110	149	0.688473
110	160	2.3658
110	161	0.722733
110	169	4.61742
110	172	4.65
111	103	2.47134
111	119	3.86448
111	125	0.6929
111	128	1.82181
111	135	0.753276
111	146	0.741866
111	151	0.693526
111	155	0.709021
111	157	0.72401
111	159	0.703894
111	163	0.712949
111	164	0.66444
111	165	0.673932
111	167	0.679952
111	168	0.643268
111	169	0.673006
111	170	0.653133
111	171	0.640903
111	172	0.667207
111	173	0.647242
111	175	0.652444
111	176	0.658527
111	177	0.6533
111	178	0.630569
111	179	0.65314
111	180	0.653125
112	1	0.840557
112	3	0.758183
112	11	0.835635
112	24	0.704184
112	39	1.21809
112	46	0.799602
112	53	0.79936
112	55	0.741298
112	56	0.75312
112	58	0.753112
112	66	0.753472
112	68	0.778078
112	75	0.796497
112	80	0.781644
112	100	0.784975
112	104	0.811225
112	105	0.790984
112	106	0.738372
112	107	0.788667
112	129	0.735317
112	130	0.738473
112	133	2.37836
112	152	3.62596
112	156	4.56361
112	157	2.13874
112	160	2.2589
112	174	0.705595
113	30	4.79649
113	100	2.6404
113	115	0.730916
113	116	0.699578
113	117	0.664152
113	120	0.756186
113	124	0.71933
113	133	0.755826
113	134	0.680697
113	143	2.20776
113	151	0.690381
113	152	0.690005
113	164	0.661294
113	166	0.69456
113	167	0.676807
113	168	0.640123
113	169	0.66986
113	170	0.649987
113	171	0.637757
113	172	0.664062
113	173	0.644097
113	175	0.649298
113	176	0.655381
113	177	0.650154
113	178	0.627423
113	179	0.649994
113	180	0.649979
114	41	4.08723
114	56	2.74068
114	70	1.77299
114	104	2.59911
114	118	0.701455
114	131	0.715192
114	133	0.783944
114	134	0.708815
114	138	0.75026
114	142	0.753567
114	156	0.696546
114	159	0.728865
114	162	0.700012
114	164	0.689411
114	166	0.722677
114	167	0.704924
114	168	0.66824
114	169	0.697978
114	170	0.678104
114	171	0.665875
114	172	0.692179
114	173	0.672214
114	175	0.677415
114	176	0.683499
114	177	0.678271
114	178	0.65554
114	179	0.678111
114	180	0.678096
115	57	2.09708
115	81	2.22542
115	87	2.72447
115	91	1.52848
115	113	0.730916
115	135	0.804808
115	136	1.45763
115	137	0.807254
115	139	0.732595
115	146	0.793398
115	148	0.761854
115	151	0.745058
115	154	0.758978
115	156	0.723106
115	158	0.710213
115	166	0.749238
115	167	0.731484
115	168	0.6948
115	169	0.724538
115	171	0.692435
115	172	0.718739
115	173	0.698774
115	175	0.703975
115	176	0.710059
115	177	0.704831
115	178	0.6821
115	179	0.704671
115	180	0.704656
116	2	2.65185
116	55	0.697387
116	69	3.20862
116	113	0.699578
116	117	0.687491
116	121	0.750448
116	126	1.00359
116	132	2.0608
116	134	0.704036
116	135	0.773469
116	137	0.775916
116	152	0.713344
116	155	0.729214
116	156	0.691768
116	161	0.714968
116	164	0.684633
116	167	0.700146
116	168	0.663462
116	169	0.6932
116	170	0.673326
116	171	0.661097
116	172	0.687401
116	173	0.667436
116	175	0.672637
116	176	0.678721
116	177	0.673493
116	178	0.650762
116	179	0.673333
116	180	0.673318
117	76	0.674412
117	91	3.36366
117	96	0.712429
117	113	0.664152
117	116	0.687491
117	120	0.744099
117	124	0.707243
117	127	0.611968
117	130	0.659137
117	135	0.738044
117	137	0.74049
117	139	0.665832
117	146	0.726634
117	150	2.50762
117	153	3.44107
117	159	0.688661
117	163	0.697716
117	165	0.6587
117	168	0.628036
117	169	0.657774
117	171	0.625671
117	172	0.651975
117	173	0.63201
117	175	0.637211
117	176	0.643295
117	177	0.638067
117	178	0.615336
117	179	0.637907
117	180	0.637892
118	20	2.58497
118	21	4.44291
118	114	0.701455
118	125	0.686854
118	126	2.79051
118	133	0.752926
118	135	0.747229
118	138	0.719242
118	139	0.675017
118	145	0.64953
118	146	0.735819
118	155	0.702974
118	158	0.652635
118	164	0.658393
118	165	0.667885
118	166	0.691659
118	168	0.637222
118	169	0.66696
118	170	0.647086
118	171	0.634857
118	172	0.661161
118	173	0.641196
118	175	0.646397
118	176	0.652481
118	177	0.647253
118	178	0.624522
118	179	0.647093
118	180	0.647078
119	14	0.808688
119	18	0.787236
119	32	0.77781
119	45	0.765925
119	49	0.81439
119	72	0.70347
119	80	0.759129
119	81	0.747131
119	85	0.749974
119	86	0.724147
119	87	0.741473
119	90	1.29264
119	91	0.738396
119	109	0.734828
119	111	3.86448
119	123	0.754947
119	126	0.758968
119	128	0.751506
119	132	0.769066
119	133	2.44919
119	136	0.76094
119	138	2.73352
119	143	0.753644
119	144	0.680051
119	148	2.80803
119	149	0.702103
119	150	0.772268
119	153	0.768531
119	159	3.04513
119	174	0.68308
120	17	2.69988
120	29	2.00645
120	30	2.73281
120	108	1.27112
120	113	0.756186
120	117	0.744099
120	136	0.443001
120	139	0.757865
120	145	0.732378
120	151	0.770328
120	153	0.591259
120	155	0.785822
120	158	0.735483
120	159	0.780695
120	160	0.813734
120	163	0.78975
120	165	0.750733
120	166	0.774507
120	167	0.756754
120	169	0.749808
120	170	0.729934
120	171	0.717704
120	172	0.744009
120	173	0.724044
120	175	0.729245
120	176	0.735328
120	177	0.730101
120	178	0.70737
120	179	0.729941
120	180	0.729926
121	31	2.54328
121	33	2.49497
121	35	2.7255
121	44	2.00606
121	73	0.718772
121	86	2.23019
121	116	0.750448
121	131	0.737945
121	134	0.731567
121	148	0.758047
121	149	0.708238
121	152	0.740875
121	156	0.719299
121	158	0.706406
121	159	0.751618
121	163	0.760673
121	165	0.721656
121	166	0.74543
121	167	0.727677
121	169	0.720731
121	170	0.700857
121	171	0.688627
121	172	0.714932
121	173	0.694967
121	174	0.689215
121	175	0.700168
121	176	0.706252
121	178	0.678293
121	179	0.700864
121	180	0.700849
122	15	0.786609
122	25	0.778781
122	29	0.757403
122	33	0.754189
122	38	1.30308
122	40	2.35518
122	44	0.729555
122	58	2.95138
122	61	0.713091
122	70	0.763912
122	77	0.75087
122	85	2.6081
122	89	0.768682
122	94	0.756718
122	95	0.754866
122	97	0.754709
122	99	0.751921
122	101	0.739814
122	108	0.734758
122	110	0.732075
122	132	1.08874
122	164	0.686025
122	173	0.668828
122	174	0.663076
122	175	0.674029
122	177	0.674885
122	178	0.652154
122	179	0.674725
122	180	0.67471
123	4	0.724038
123	12	0.805211
123	18	0.776475
123	32	0.767048
123	41	0.755725
123	45	0.755164
123	49	0.803629
123	54	0.748145
123	81	0.73637
123	84	0.741444
123	85	0.739213
123	87	0.730712
123	91	0.727635
123	102	1.88083
123	109	0.724067
123	119	0.754947
123	126	0.748207
123	128	0.740745
123	132	0.758305
123	136	0.750178
123	137	1.74852
123	143	0.742882
123	144	0.66929
123	149	0.691342
123	150	0.761506
123	153	0.75777
123	157	1.69201
123	160	0.76776
123	168	5.87367
123	174	0.672319
123	177	4.81237
124	19	1.90991
124	24	0.680026
124	28	1.95468
124	51	2.78763
124	107	2.21524
124	108	3.53253
124	113	0.71933
124	117	0.707243
124	139	0.721009
124	142	0.768541
124	148	0.750268
124	151	0.733472
124	154	0.747392
124	157	0.763956
124	159	0.743839
124	163	0.752894
124	165	0.713877
124	166	0.737652
124	167	0.719898
124	168	0.683214
124	169	0.712952
124	170	0.693079
124	171	0.680849
124	172	0.707153
124	173	0.687188
124	175	0.692389
124	176	0.698473
124	177	0.693245
124	178	0.670514
124	179	0.693085
124	180	0.69307
125	44	2.8237
125	81	3.42886
125	94	3.70674
125	111	0.6929
125	118	0.686854
125	126	1.05909
125	133	0.769342
125	135	0.763646
125	145	0.665947
125	147	0.713917
125	148	0.720693
125	154	0.717817
125	157	0.73438
125	158	0.669052
125	159	0.714264
125	163	0.723319
125	164	0.67481
125	165	0.684302
125	167	0.690322
125	168	0.653638
125	169	0.683376
125	170	0.663503
125	171	0.651273
125	172	0.677577
125	173	0.657612
125	175	0.662814
125	176	0.668897
125	177	0.66367
125	178	0.640939
125	179	0.66351
125	180	0.663495
126	4	0.728059
126	18	0.780496
126	32	0.77107
126	41	0.759747
126	49	0.80765
126	68	0.748824
126	72	0.69673
126	80	0.752389
126	81	0.740392
126	84	0.745465
126	85	0.743235
126	87	0.734733
126	91	0.731656
126	116	1.00359
126	118	2.79051
126	119	0.758968
126	123	0.748207
126	125	1.05909
126	128	0.744766
126	132	0.762327
126	136	0.7542
126	143	0.746904
126	144	0.673311
126	149	0.695363
126	150	0.765528
126	153	0.761791
126	160	0.771782
126	165	2.78324
126	174	0.67634
126	176	2.93701
126	178	5.79891
127	8	0.736738
127	22	0.7054
127	23	0.614035
127	31	0.613804
127	36	0.683779
127	51	0.656889
127	57	0.707314
127	64	0.646382
127	84	6.03252
127	88	0.652656
127	92	0.686569
127	93	0.686462
127	94	0.679803
127	99	0.675006
127	101	0.662899
127	107	6.36748
127	108	0.657843
127	110	0.655159
127	117	0.611968
127	130	0.61904
127	131	0.634891
127	152	0.637821
127	164	0.60911
127	168	0.587938
127	170	0.597803
127	171	0.585573
127	173	0.591912
127	175	0.597114
127	177	0.59797
127	179	0.59781
127	180	0.597795
128	4	0.720597
128	12	0.80177
128	18	0.773034
128	32	0.763607
128	41	0.752284
128	45	0.751723
128	49	0.800188
128	60	5.58081
128	72	0.689267
128	81	0.732929
128	84	0.738003
128	85	0.735772
128	86	0.709945
128	87	0.727271
128	91	0.724194
128	111	1.82181
128	119	0.751506
128	123	0.740745
128	126	0.744766
128	130	2.30115
128	132	0.754864
128	136	0.746737
128	139	3.36803
128	140	2.16415
128	143	0.739441
128	144	0.665849
128	149	0.687901
128	150	0.758065
128	153	0.754328
128	160	0.764319
128	169	2.53868
128	174	0.668878
129	5	2.15313
129	9	0.675903
129	15	0.753706
129	21	3.6262
129	33	0.721286
129	47	0.708115
129	61	0.680188
129	63	0.648119
129	66	0.67805
129	75	0.721075
129	76	0.678327
129	78	0.710616
129	87	4.84262
129	95	0.721963
129	97	0.721806
129	98	2.57805
129	100	0.709554
129	104	0.735803
129	105	0.715562
129	107	0.713246
129	112	0.735317
129	130	0.663052
129	161	0.683457
129	165	0.662614
129	171	0.629586
129	172	0.65589
129	173	0.635925
129	174	0.630174
129	175	0.641126
129	176	0.64721
129	178	0.619251
129	179	0.641822
129	180	0.641807
130	23	2.7194
130	66	0.681207
130	70	0.734166
130	75	0.724232
130	79	0.714428
130	91	3.50675
130	94	0.726972
130	99	0.722175
130	100	0.712711
130	101	0.710068
130	104	0.73896
130	105	0.718719
130	106	0.666108
130	107	0.716403
130	108	0.705012
130	110	0.702329
130	112	0.738473
130	117	0.659137
130	127	0.61904
130	128	2.30115
130	129	0.663052
130	153	3.58415
130	161	0.686614
130	164	0.656279
130	169	0.664846
130	170	0.644972
130	173	0.639082
130	174	0.63333
130	175	0.644283
130	176	0.650367
130	178	0.622408
130	179	0.644979
130	180	0.644964
131	17	4.43614
131	58	3.49715
131	82	0.69348
131	104	2.23103
131	114	0.715192
131	121	0.737945
131	127	0.634891
131	137	0.763412
131	138	0.732978
131	139	0.688754
131	141	0.714826
131	143	1.88034
131	145	0.663267
131	152	0.700841
131	156	0.679265
131	161	0.702464
131	162	0.682731
131	164	0.67213
131	165	0.681622
131	166	0.705396
131	167	0.687643
131	168	0.650959
131	169	0.680696
131	170	0.660823
131	171	0.648593
131	172	0.674898
131	173	0.654933
131	175	0.660134
131	176	0.666217
131	177	0.66099
131	178	0.638259
131	179	0.66083
131	180	0.660815
132	4	0.738157
132	12	0.819331
132	14	0.812046
132	18	0.790594
132	30	0.70246
132	32	0.781168
132	41	0.769845
132	45	0.769283
132	49	0.817748
132	81	0.75049
132	84	0.755563
132	85	0.753333
132	86	0.727505
132	87	0.744831
132	91	0.741754
132	109	0.738186
132	116	2.0608
132	119	0.769066
132	122	1.08874
132	123	0.758305
132	126	0.762327
132	128	0.754864
132	136	0.764298
132	140	2.75413
132	143	0.757002
132	144	0.683409
132	149	0.705461
132	150	0.775626
132	151	3.1892
132	153	0.771889
132	165	3.84046
132	172	3.16124
132	174	0.686438
132	177	3.87723
