1	9	0.973197
1	58	0.884469
1	86	0.836687
1	90	0.889679
1	97	0.933
1	105	0.953694
1	110	0.890232
1	123	1.22839
1	137	1.43668
1	162	1.4104
1	167	0.823364
1	180	1.42711
2	108	1.04626
2	117	1.09782
2	127	1.01532
2	128	1.01998
2	129	1.05004
2	132	0.895699
2	154	1.0713
2	166	0.892842
2	167	1.08621
2	168	0.895416
2	175	1.19771
2	179	1.62023
3	31	0.761636
3	42	0.840291
3	105	0.794666
3	108	0.824138
3	125	1.06974
3	126	1.06992
3	143	0.689081
3	160	1.10262
3	170	0.985631
3	173	1.03412
3	177	1.01476
3	179	0.899501
4	25	1.15223
4	39	1.18022
4	49	1.17699
4	61	1.20899
4	63	1.19651
4	76	1.2807
4	121	0.846407
4	122	0.971979
4	152	1.14111
4	162	0.88446
4	167	1.12066
4	180	0.901169
5	18	1.02962
5	31	1.12282
5	65	0.9399
5	70	0.994446
5	85	1.02773
5	89	1.02781
5	120	1.36282
5	140	1.06844
5	146	1.0687
5	147	0.987868
5	151	1.05804
5	171	1.20467
6	38	1.05439
6	94	0.9939
6	95	1.07414
6	102	1.00891
6	138	1.00717
6	142	0.978535
6	159	1.25435
6	160	1.01101
6	163	1.0117
6	168	1.03344
6	172	1.43357
6	180	1.01762
7	11	0.705795
7	16	0.994653
7	29	1.08858
7	39	0.999255
7	45	1.00251
7	49	0.996028
7	61	1.02803
7	76	1.09974
7	158	1.02724
7	173	1.12664
7	174	1.07697
7	179	1.75511
8	51	1.05347
8	86	0.971176
8	90	1.02417
8	97	1.06749
8	105	1.08818
8	110	1.02472
8	141	1.53175
8	154	0.88819
8	160	0.932331
8	167	0.957853
8	168	0.990821
8	172	1.35489
9	1	0.973197
9	43	1.06252
9	90	1.03277
9	91	1.09817
9	110	1.03332
9	115	1.07763
9	136	1.04499
9	159	1.2782
9	165	1.04414
9	167	0.966454
9	173	1.18969
9	180	1.06465
10	62	0.948002
10	73	0.907392
10	94	0.859864
10	95	0.940102
10	102	0.874878
10	119	1.26974
10	123	1.141
10	157	1.40476
10	163	0.877665
10	168	0.899409
10	178	1.69119
10	180	0.883582
11	7	0.705795
11	54	0.863767
11	84	0.822845
11	86	0.866276
11	100	0.822133
11	148	1.06975
11	152	1.0324
11	161	1.12502
11	171	1.03535
11	177	1.0303
11	178	0.987048
11	179	0.91504
12	55	0.994233
12	65	0.953134
12	70	1.00768
12	85	1.04096
12	89	1.04104
12	120	1.37517
12	138	1.07941
12	151	1.07128
12	154	0.929717
12	165	0.983143
12	171	1.21701
12	177	1.18617
13	35	0.974133
13	41	0.984266
13	46	0.971073
13	48	0.976123
13	66	0.997431
13	69	0.840152
13	81	0.908116
13	132	1.16124
13	135	0.965285
13	143	1.03174
13	175	1.46325
13	178	1.48374
13	180	1.13226
14	32	0.915763
14	59	1.05372
14	71	0.964442
14	93	0.95025
14	99	0.958932
14	103	1.00551
14	119	1.07636
14	134	1.20308
14	136	0.965978
14	144	0.987089
14	156	1.15172
14	169	1.43968
14	174	1.22169
15	78	1.00474
15	90	0.826047
15	105	0.898539
15	114	0.778628
15	133	1.01428
15	143	0.792955
15	156	1.01895
15	161	1.03966
15	162	1.03899
15	167	0.93853
15	173	0.964288
15	177	0.944929
15	179	0.829673
16	7	0.994653
16	25	0.906648
16	29	1.02396
16	39	0.934635
16	61	0.963412
16	63	0.950925
16	76	1.03511
16	87	0.993281
16	120	1.46622
16	140	1.17184
16	154	1.02077
16	167	1.3142
16	168	1.1234
17	36	1.10171
17	63	1.10488
17	82	1.10976
17	99	1.09877
17	103	1.14535
17	121	0.887065
17	136	1.10582
17	144	1.12693
17	150	0.960749
17	163	1.01107
17	169	1.23518
17	171	1.15518
17	174	1.01719
18	5	1.02962
18	26	1.0625
18	65	0.870958
18	70	0.925504
18	85	0.958784
18	89	0.958866
18	121	1.06559
18	138	0.997232
18	147	1.11691
18	149	1.13224
18	151	0.989102
18	177	1.30286
18	178	1.47183
19	24	0.997855
19	35	0.971761
19	41	0.981894
19	46	0.968701
19	66	0.995059
19	81	0.905744
19	135	0.962912
19	141	1.62934
19	143	1.02936
19	154	0.985789
19	161	1.01767
19	167	1.27921
19	173	1.18477
20	33	0.73589
20	39	0.792353
20	76	0.915124
20	83	0.974742
20	110	0.880758
20	124	1.02658
20	125	0.995661
20	126	0.995848
20	130	1.04569
20	171	0.945739
20	177	0.940682
20	179	0.825425
20	180	0.995981
21	54	0.970777
21	106	0.998038
21	117	1.04954
21	121	1.0069
21	127	0.967043
21	128	0.971705
21	129	1.00176
21	141	1.54178
21	160	0.942365
21	166	0.844565
21	167	1.19165
21	169	1.26552
21	177	1.15468
22	108	0.992375
22	113	0.958652
22	117	1.04394
22	127	0.961439
22	128	0.966101
22	129	0.99616
22	138	1.13504
22	143	1.04065
22	160	1.13888
22	161	1.12662
22	166	0.838961
22	178	1.52016
22	180	1.16868
23	80	0.973313
23	84	0.976492
23	91	1.15461
23	92	1.03359
23	98	1.03761
23	104	0.930297
23	109	0.973486
23	151	0.983005
23	157	1.18614
23	159	0.883388
23	160	1.0913
23	167	1.34058
23	177	1.30361
24	19	0.997855
24	35	1.02115
24	46	1.01809
24	48	1.02314
24	66	1.04445
24	135	1.0123
24	143	1.07875
24	163	0.951856
24	168	0.911305
24	170	1.18572
24	173	1.00765
24	179	1.63612
25	4	1.15223
25	16	0.906648
25	29	1.00057
25	39	0.91125
25	49	0.908023
25	61	0.940027
25	76	1.01173
25	87	0.969896
25	149	1.20558
25	153	1.15225
25	160	1.1639
25	164	1.29656
25	174	1.26906
26	18	1.0625
26	55	1.01388
26	65	0.972777
26	70	1.02732
26	85	1.0606
26	89	1.06069
26	122	0.983066
26	138	1.09905
26	141	1.48188
26	145	0.893823
26	151	1.09092
26	161	0.870199
26	166	1.34547
26	177	1.09477
27	106	1.07727
27	108	1.07721
27	113	1.04349
27	119	0.990026
27	127	1.04627
27	128	1.05093
27	129	1.08099
27	132	1.08897
27	140	1.13713
27	153	1.01855
27	154	1.10225
27	162	1.04328
27	166	0.923794
27	175	1.39098
28	72	0.968229
28	74	0.968783
28	92	1.03778
28	98	1.04179
28	104	0.934478
28	109	0.977667
28	147	1.20176
28	149	1.21709
28	151	0.987185
28	154	1.13127
28	156	1.2106
28	159	0.887569
28	173	1.33024
29	7	1.08858
29	16	1.02396
29	25	1.00057
29	39	1.02856
29	45	1.03182
29	49	1.02533
29	61	1.05734
29	76	1.12904
29	123	0.796681
29	146	1.07278
29	149	1.00729
29	165	0.974885
29	166	1.42861
29	172	1.38816
30	56	0.870074
30	75	0.851484
30	79	1.10304
30	86	0.979352
30	88	1.20087
30	97	1.07566
30	105	1.09636
30	110	1.0329
30	115	1.0772
30	136	1.04456
30	152	1.21296
30	167	0.966029
30	172	1.36578
30	177	1.15553
31	3	0.761636
31	5	1.12282
31	55	1.00526
31	65	0.96416
31	70	1.01871
31	85	1.05199
31	89	1.05207
31	138	1.09043
31	146	1.13003
31	151	1.0823
31	160	1.02285
31	161	1.01059
31	163	1.12189
31	172	1.4454
32	14	0.915763
32	50	0.945722
32	71	0.921937
32	82	0.927415
32	93	0.907744
32	96	0.954157
32	99	0.916426
32	103	0.963003
32	132	1.22457
32	144	0.944584
32	158	1.22123
32	167	1.41508
32	168	1.22429
32	171	1.40895
33	20	0.73589
33	34	1.10522
33	37	1.06667
33	62	1.08343
33	95	1.07553
33	102	1.0103
33	154	0.824922
33	163	1.01309
33	168	1.03484
33	172	1.29162
33	173	1.0239
33	176	1.52974
33	177	1.08137
33	180	1.01901
34	33	1.10522
34	62	1.09064
34	94	1.0025
34	95	1.08274
34	102	1.01752
34	119	0.974474
34	131	1.05034
34	153	1.003
34	163	1.0203
34	164	1.14731
34	167	1.26393
34	168	1.04205
34	177	1.22696
34	180	1.02622
35	13	0.974133
35	19	0.971761
35	24	1.02115
35	45	0.970404
35	46	0.991996
35	48	0.997045
35	66	1.01835
35	135	0.986207
35	143	1.05266
35	153	0.96802
35	154	0.935527
35	165	0.988953
35	170	1.31258
35	171	1.22282
35	176	1.64034
36	17	1.10171
36	59	1.05732
36	71	0.96804
36	82	0.973518
36	93	0.953847
36	99	0.96253
36	103	1.00911
36	133	1.07563
36	136	0.969576
36	144	0.990687
36	152	1.28265
36	159	1.25625
36	167	1.26219
36	168	1.0714
36	174	1.11807
37	33	1.06667
37	73	1.01149
37	81	0.949179
37	94	0.963958
37	95	1.0442
37	102	0.978972
37	146	1.09413
37	148	1.15036
37	157	1.08179
37	163	0.981759
37	167	1.23623
37	168	1.0035
37	173	1.14178
37	178	1.36822
37	180	0.987676
38	6	1.05439
38	62	1.0412
38	73	1.00059
38	75	0.945622
38	94	0.953066
38	95	1.0333
38	102	0.968079
38	142	1.00488
38	145	1.04872
38	150	1.08608
38	159	1.2807
38	163	0.970867
38	168	0.99261
38	176	1.69803
38	180	0.976784
39	4	1.18022
39	7	0.999255
39	16	0.934635
39	20	0.792353
39	25	0.91125
39	29	1.02856
39	49	0.93601
39	61	0.968014
39	76	1.03972
39	87	0.997883
39	119	0.885354
39	141	1.52494
39	166	1.38854
39	171	1.16868
39	177	1.13784
40	43	1.02264
40	56	1.02902
40	58	0.987679
40	79	1.06359
40	86	0.939897
40	90	0.992889
40	105	1.0569
40	110	0.993442
40	133	1.16488
40	136	1.00511
40	152	1.3719
40	153	1.09052
40	154	1.05802
40	167	0.926574
40	171	1.34532
41	13	0.984266
41	19	0.981894
41	45	0.980537
41	46	1.00213
41	48	1.00718
41	66	1.02849
41	81	0.939172
41	135	0.99634
41	143	1.06279
41	153	0.989557
41	158	1.05664
41	162	1.01429
41	165	1.01049
41	170	1.33411
41	176	1.66188
42	3	0.840291
42	74	0.995943
42	83	1.00368
42	84	1.00783
42	98	1.06895
42	104	0.961638
42	109	1.00483
42	115	1.02506
42	151	1.01435
42	153	1.08986
42	155	1.24337
42	159	0.914729
42	165	1.11079
42	167	1.35079
42	173	1.25634
43	9	1.06252
43	40	1.02264
43	86	0.926006
43	90	0.978998
43	97	1.02232
43	101	0.82763
43	105	1.04301
43	110	0.979552
43	115	1.02385
43	146	1.11926
43	156	1.04727
43	166	1.47509
43	167	0.912684
43	170	1.34498
43	171	1.25523
44	96	1.01742
44	107	0.99227
44	112	0.976957
44	114	1.04553
44	123	0.914954
44	124	1.0005
44	125	0.969579
44	126	0.969766
44	130	1.01961
44	131	1.11957
44	145	1.09523
44	148	1.24729
44	160	1.00246
44	173	1.23871
44	175	1.44466
45	7	1.00251
45	29	1.03182
45	35	0.970404
45	41	0.980537
45	61	0.971272
45	66	0.993702
45	76	1.04297
45	135	0.961555
45	138	1.07669
45	143	1.02801
45	147	1.10689
45	168	1.13902
45	171	1.32368
45	173	1.23537
45	174	1.18569
46	13	0.971073
46	19	0.968701
46	24	1.01809
46	35	0.991996
46	41	1.00213
46	48	0.993985
46	66	1.01529
46	135	0.983147
46	143	1.0496
46	149	1.05533
46	160	1.01365
46	166	1.47666
46	168	1.07214
46	169	1.3368
46	174	1.11881
47	57	0.972147
47	64	0.934013
47	112	0.991045
47	114	1.05962
47	118	0.99544
47	120	1.37494
47	124	1.01459
47	126	0.983854
47	130	1.0337
47	132	1.0324
47	133	1.03635
47	140	1.08056
47	160	1.01655
47	177	1.18594
47	178	1.3549
48	13	0.976123
48	24	1.02314
48	35	0.997045
48	41	1.00718
48	46	0.993985
48	66	1.02034
48	81	0.931028
48	135	0.988196
48	142	1.02256
48	143	1.05465
48	158	1.11047
48	161	1.04277
48	168	1.11353
48	171	1.29819
48	172	1.47759
49	4	1.17699
49	7	0.996028
49	25	0.908023
49	29	1.02533
49	39	0.93601
49	61	0.964788
49	63	0.9523
49	76	1.03649
49	87	0.994657
49	132	1.10989
49	149	1.09281
49	160	1.05112
49	164	1.18378
49	172	1.47368
49	174	1.15628
50	32	0.945722
50	71	0.994401
50	75	0.942972
50	82	0.999879
50	93	0.980208
50	96	1.02662
50	99	0.988891
50	103	1.03547
50	136	0.995937
50	144	1.01705
50	148	1.19812
50	154	0.990568
50	168	1.0932
50	172	1.45726
50	175	1.39549
51	8	1.05347
51	58	0.973346
51	79	1.04925
51	86	0.925564
51	97	1.02188
51	105	1.04257
51	110	0.979109
51	115	1.02341
51	138	1.0653
51	139	1.08372
51	142	1.03667
51	161	1.05689
51	167	0.912241
51	169	1.3923
51	175	1.42993
52	55	1.16566
52	65	1.12456
52	70	1.17911
52	85	1.21239
52	89	1.21247
52	138	1.25084
52	149	0.777178
52	151	1.24271
52	156	0.770685
52	162	0.748578
52	169	1.05864
52	171	0.978644
52	176	1.39617
52	178	1.11677
53	60	1.01612
53	88	1.42646
53	100	0.973964
53	106	0.982704
53	108	0.982645
53	121	0.991561
53	127	0.951709
53	128	0.956371
53	129	0.98643
53	137	1.20817
53	147	0.956935
53	158	1.22424
53	160	1.1688
53	161	1.15654
53	166	0.829231
53	174	1.27397
54	11	0.863767
54	21	0.970777
54	78	0.937623
54	100	0.977833
54	113	0.952791
54	117	1.03807
54	127	0.955578
54	128	0.960239
54	139	1.14435
54	143	1.03479
54	147	0.960804
54	159	1.37311
54	166	0.8331
54	170	1.46268
54	173	1.28461
54	180	1.15957
55	12	0.994233
55	26	1.01388
55	31	1.00526
55	52	1.16566
55	65	0.822339
55	70	0.876884
55	85	0.910164
55	89	0.910246
55	123	1.02837
55	131	1.23298
55	137	1.23666
55	138	0.948612
55	151	0.940483
55	162	1.21037
55	169	1.52044
55	180	1.22708
56	30	0.870074
56	40	1.02902
56	59	0.925323
56	74	0.936308
56	112	0.9983
56	126	0.924226
56	145	1.06057
56	157	1.01735
56	159	0.956939
56	164	0.989856
56	171	0.967558
56	173	0.981859
56	176	0.875091
56	177	0.9625
56	178	0.919251
56	179	0.847244
57	47	0.972147
57	68	0.988828
57	112	0.935233
57	114	1.00381
57	118	0.939629
57	124	0.958779
57	125	0.927856
57	126	0.928043
57	130	0.977886
57	139	1.16772
57	146	1.26032
57	150	1.20186
57	160	0.960738
57	161	1.14088
57	162	1.16623
57	178	1.53442
58	1	0.884469
58	40	0.987679
58	51	0.973346
58	79	1.01474
58	90	0.944041
58	97	0.987361
58	101	1.07102
58	105	1.00806
58	110	0.944594
58	121	1.2305
58	123	1.08655
58	136	0.956259
58	153	1.24382
58	157	1.35031
58	167	0.877726
58	177	1.46777
59	14	1.05372
59	36	1.05732
59	56	0.925323
59	71	1.0599
59	82	1.06538
59	93	1.04571
59	99	1.05439
59	103	1.10096
59	132	1.05724
59	136	1.06143
59	144	1.08255
59	147	1.02482
59	159	1.24181
59	160	0.99847
59	165	1.00776
59	177	1.21078
60	53	1.01612
60	78	0.998301
60	100	1.03851
60	101	0.799025
60	113	1.01347
60	117	1.09875
60	123	0.814551
60	127	1.01626
60	129	1.05098
60	133	1.04619
60	147	1.02148
60	153	0.971822
60	154	1.07223
60	166	0.893778
60	171	1.22662
60	172	1.40603
60	179	1.76678
61	4	1.20899
61	7	1.02803
61	16	0.963412
61	25	0.940027
61	29	1.05734
61	39	0.968014
61	45	0.971272
61	49	0.964788
61	76	1.06849
61	87	1.02666
61	138	1.03546
61	139	1.05388
61	156	1.0745
61	158	1.09474
61	160	1.0393
61	165	1.04859
61	176	1.69998
62	10	0.948002
62	33	1.08343
62	34	1.09064
62	38	1.0412
62	69	0.769228
62	73	1.02825
62	94	0.980718
62	102	0.995731
62	137	1.07092
62	140	1.13847
62	156	1.06674
62	159	1.27488
62	161	1.01928
62	163	0.998519
62	168	1.02026
62	176	1.69222
62	180	1.00444
63	4	1.19651
63	16	0.950925
63	17	1.10488
63	49	0.9523
63	76	1.05601
63	87	1.01417
63	93	0.957024
63	99	0.965706
63	103	1.01228
63	122	1.06693
63	136	0.972752
63	146	1.07351
63	155	1.10819
63	159	1.20967
63	160	0.966329
63	170	1.29924
63	175	1.32711
64	47	0.934013
64	68	0.950694
64	112	0.897099
64	114	0.965674
64	116	0.970169
64	121	1.16176
64	123	1.01781
64	124	0.920645
64	125	0.889722
64	126	0.889909
64	130	0.939752
64	135	0.908713
64	144	0.927989
64	161	1.17447
64	168	1.24522
64	174	1.29189
64	179	1.97003
65	5	0.9399
65	12	0.953134
65	18	0.870958
65	26	0.972777
65	31	0.96416
65	52	1.12456
65	55	0.822339
65	75	1.09455
65	85	0.869066
65	89	0.869148
65	138	0.907513
65	139	1.20086
65	145	1.19765
65	151	0.899384
65	152	1.45602
65	170	1.51919
65	177	1.39859
66	13	0.997431
66	19	0.995059
66	24	1.04445
66	35	1.01835
66	41	1.02849
66	45	0.993702
66	46	1.01529
66	48	1.02034
66	88	1.26001
66	122	1.10296
66	135	1.0095
66	139	1.01693
66	142	0.969874
66	143	1.07596
66	155	1.14422
66	169	1.3255
66	177	1.21466
67	77	1.04745
67	107	1.01289
67	112	0.997581
67	116	1.07065
67	118	1.00198
67	119	0.992853
67	124	1.02113
67	125	0.990203
67	126	0.99039
67	130	1.04023
67	139	1.0476
67	147	1.05938
67	148	1.19644
67	160	1.02308
67	161	1.02076
67	165	1.04231
67	176	1.6937
68	57	0.988828
68	64	0.950694
68	77	1.05759
68	107	1.02304
68	116	1.0808
68	118	1.01212
68	125	1.00035
68	126	1.00054
68	130	1.05038
68	146	1.07851
68	150	1.02004
68	158	1.02676
68	160	1.03323
68	163	1.07036
68	167	1.22061
68	176	1.632
68	180	1.00112
69	13	0.840152
69	62	0.769228
69	76	0.78598
69	81	0.985682
69	83	0.845598
69	104	0.893193
69	135	0.786556
69	137	1.06955
69	141	0.924217
69	153	1.09714
69	156	1.06718
69	161	1.08789
69	165	1.08649
69	172	0.952635
69	177	0.993162
69	179	0.877905
69	180	1.04846
70	5	0.994446
70	12	1.00768
70	18	0.925504
70	26	1.02732
70	31	1.01871
70	52	1.17911
70	55	0.876884
70	85	0.923611
70	89	0.923693
70	111	1.16177
70	138	0.962059
70	147	1.12196
70	151	0.95393
70	161	1.08334
70	163	1.19464
70	169	1.41875
70	171	1.33875
70	180	1.1254
71	14	0.964442
71	32	0.921937
71	36	0.96804
71	50	0.994401
71	59	1.0599
71	82	0.976094
71	93	0.956423
71	99	0.965106
71	103	1.01168
71	136	0.972152
71	144	0.993263
71	145	1.04757
71	152	1.30595
71	165	1.04549
71	169	1.35935
71	170	1.36911
71	177	1.24852
71	180	1.066
72	28	0.968229
72	74	0.980169
72	80	0.98888
72	83	0.987905
72	84	0.992059
72	92	1.04916
72	101	0.867896
72	104	0.945864
72	109	0.989053
72	115	1.00929
72	134	1.13889
72	151	0.998571
72	153	1.04069
72	159	0.898955
72	162	1.06543
72	168	1.11083
72	170	1.38525
72	179	1.83565
73	10	0.907392
73	37	1.01149
73	38	1.00059
73	62	1.02825
73	87	1.02208
73	94	0.940107
73	95	1.02035
73	101	0.892699
73	102	0.955121
73	120	1.47845
73	133	1.13986
73	139	1.09172
73	145	1.08851
73	163	0.957908
73	168	0.979652
73	177	1.28945
73	178	1.45842
73	180	0.963825
74	28	0.968783
74	42	0.995943
74	56	0.936308
74	72	0.980169
74	80	0.989434
74	83	0.988459
74	84	0.992613
74	92	1.04972
74	104	0.946418
74	109	0.989607
74	121	0.984488
74	150	1.05817
74	151	0.999126
74	159	0.899509
74	160	1.00946
74	165	1.01874
74	166	1.47247
74	179	1.79276
75	30	0.851484
75	38	0.945622
75	50	0.942972
75	65	1.09455
75	80	1.0472
75	98	1.11149
75	104	1.00418
75	109	1.04737
75	118	0.996933
75	120	0.943154
75	125	0.918967
75	126	0.905636
75	159	0.957271
75	170	0.933705
75	174	1.00994
75	177	0.962832
75	178	0.919583
75	179	0.847576
76	4	1.2807
76	7	1.09974
76	16	1.03511
76	20	0.915124
76	25	1.01173
76	29	1.12904
76	39	1.03972
76	45	1.04297
76	49	1.03649
76	61	1.06849
76	63	1.05601
76	69	0.78598
76	133	1.11102
76	139	1.06287
76	150	1.09701
76	162	1.06138
76	174	1.15346
76	180	1.07809
77	67	1.04745
77	68	1.05759
77	107	1.01931
77	114	1.07257
77	116	1.07707
77	118	1.00839
77	124	1.02754
77	125	0.996621
77	126	0.996808
77	130	1.04665
77	138	0.787149
77	141	1.39041
77	144	1.03489
77	145	0.802355
77	146	0.898176
77	148	0.954409
77	176	1.45167
77	178	1.17227
77	179	1.5743
78	15	1.00474
78	54	0.937623
78	60	0.998301
78	100	0.956144
78	106	0.964884
78	108	0.964824
78	113	0.931102
78	117	1.01639
78	128	0.938551
78	129	0.96861
78	142	1.1296
78	147	0.939115
78	154	0.989866
78	157	1.25692
78	163	1.26112
78	164	1.29474
78	165	1.17136
78	166	0.811411
78	178	1.54335
79	30	1.10304
79	40	1.06359
79	51	1.04925
79	58	1.01474
79	86	0.966955
79	90	1.01995
79	97	1.06327
79	105	1.08396
79	110	1.0205
79	136	1.03217
79	156	1.03357
79	157	1.09322
79	160	0.998372
79	163	1.09741
79	165	1.00766
79	167	0.953632
79	168	1.05686
79	175	1.35916
79	178	1.37965
80	23	0.973313
80	72	0.98888
80	74	0.989434
80	75	1.0472
80	83	0.997171
80	84	1.00132
80	91	0.981449
80	92	1.05843
80	98	1.06244
80	104	0.955129
80	109	0.998318
80	134	1.00468
80	151	1.00784
80	152	1.18787
80	159	0.90822
80	166	1.38114
80	169	1.24128
80	170	1.25104
80	172	1.34069
80	174	1.02329
81	13	0.908116
81	19	0.905744
81	37	0.949179
81	41	0.939172
81	48	0.931028
81	69	0.985682
81	94	0.877801
81	95	0.958039
81	102	0.892814
81	135	0.92019
81	142	1.21552
81	143	0.986641
81	148	1.41141
81	150	1.29672
81	156	1.28319
81	159	1.49134
81	163	0.895602
81	164	1.38066
81	168	0.917345
81	180	0.901519
82	17	1.10976
82	32	0.927415
82	36	0.973518
82	50	0.999879
82	59	1.06538
82	71	0.976094
82	93	0.961901
82	96	1.00831
82	99	0.970584
82	103	1.01716
82	122	1.13632
82	133	1.09844
82	134	1.12227
82	136	0.97763
82	144	0.998741
82	145	1.04708
82	147	1.06207
82	158	1.09116
82	166	1.49873
82	170	1.36863
83	20	0.974742
83	42	1.00368
83	69	0.845598
83	72	0.987905
83	74	0.988459
83	80	0.997171
83	84	1.00035
83	92	1.05745
83	98	1.06147
83	104	0.954154
83	109	0.997343
83	115	1.01758
83	137	1.14728
83	148	1.27133
83	151	1.00686
83	154	1.06377
83	159	0.907245
83	162	1.121
83	163	1.20696
83	170	1.44082
84	11	0.822845
84	23	0.976492
84	42	1.00783
84	72	0.992059
84	74	0.992613
84	80	1.00132
84	83	1.00035
84	92	1.06161
84	98	1.06562
84	104	0.958308
84	109	1.0015
84	145	1.10021
84	151	1.01102
84	156	1.12405
84	158	1.14429
84	159	0.911399
84	162	1.10194
84	165	1.09814
84	166	1.55187
84	177	1.30116
85	5	1.02773
85	12	1.04096
85	18	0.958784
85	26	1.0606
85	31	1.05199
85	52	1.21239
85	55	0.910164
85	65	0.869066
85	70	0.923611
85	88	1.22939
85	89	0.956973
85	138	0.995339
85	151	0.98721
85	153	0.960087
85	155	1.1136
85	156	1.00693
85	158	1.02717
85	159	1.21508
85	164	1.1044
85	179	1.75504
86	1	0.836687
86	8	0.971176
86	11	0.866276
86	30	0.979352
86	40	0.939897
86	43	0.926006
86	51	0.925564
86	79	0.966955
86	90	0.896258
86	105	0.960274
86	110	0.896811
86	115	0.941115
86	136	0.908477
86	146	1.23947
86	148	1.2957
86	152	1.40202
86	158	1.18772
86	167	0.829943
86	179	1.91559
86	180	1.16208
87	16	0.993281
87	25	0.969896
87	39	0.997883
87	49	0.994657
87	61	1.02666
87	63	1.01417
87	73	1.02208
87	94	0.974555
87	101	0.927469
87	102	0.989568
87	111	1.17808
87	150	1.16063
87	157	1.20676
87	158	1.16735
87	162	1.125
87	163	0.992356
87	168	1.0141
87	169	1.43506
87	174	1.21708
87	180	0.998273
88	30	1.20087
88	53	1.42646
88	66	1.26001
88	85	1.22939
88	102	1.31675
88	111	0.923373
88	143	1.20795
88	150	0.952638
88	155	0.904222
88	156	0.928414
88	157	0.909244
88	170	0.825268
88	171	0.859453
88	172	0.813868
88	173	0.873754
88	175	0.824402
88	176	0.766986
88	177	0.854395
88	178	0.811146
88	179	0.739139
89	5	1.02781
89	12	1.04104
89	18	0.958866
89	26	1.06069
89	31	1.05207
89	52	1.21247
89	55	0.910246
89	65	0.869148
89	70	0.923693
89	85	0.956973
89	131	1.12284
89	134	1.1737
89	138	0.995421
89	149	1.12883
89	151	0.987292
89	155	1.22901
89	156	1.12234
89	161	1.07488
89	171	1.3303
89	173	1.24198
90	1	0.889679
90	8	1.02417
90	9	1.03277
90	15	0.826047
90	40	0.992889
90	43	0.978998
90	58	0.944041
90	79	1.01995
90	86	0.896258
90	97	0.992571
90	105	1.01327
90	110	0.949803
90	136	0.961469
90	141	1.5828
90	148	1.1468
90	152	1.25313
90	166	1.4464
90	167	0.882935
90	168	1.04188
90	175	1.34417
90	180	1.01318
91	9	1.09817
91	23	1.15461
91	80	0.981449
91	98	1.07279
91	100	1.15146
91	104	1.21883
91	141	0.827765
91	151	1.019
91	157	0.951559
91	161	0.991435
91	162	0.990768
91	164	0.924065
91	165	0.990043
91	169	0.868092
91	171	0.901767
91	173	0.916068
91	175	0.866716
91	176	0.8093
91	177	0.896709
91	178	0.853461
91	179	0.781453
92	23	1.03359
92	28	1.03778
92	72	1.04916
92	74	1.04972
92	80	1.05843
92	83	1.05745
92	84	1.06161
92	98	1.12272
92	104	1.01541
92	109	1.0586
92	120	1.42715
92	138	1.022
92	148	1.18926
92	149	1.06752
92	151	1.06812
92	154	0.981698
92	155	1.1677
92	158	1.08128
92	159	0.968502
92	162	1.03893
92	165	1.03512
93	14	0.95025
93	32	0.907744
93	36	0.953847
93	50	0.980208
93	59	1.04571
93	63	0.957024
93	71	0.956423
93	82	0.961901
93	96	0.988643
93	99	0.950913
93	103	0.997489
93	134	1.21889
93	136	0.957959
93	144	0.97907
93	145	1.1437
93	154	1.0882
93	164	1.265
93	165	1.14162
93	168	1.19083
93	173	1.28718
93	175	1.49312
94	6	0.9939
94	10	0.859864
94	34	1.0025
94	37	0.963958
94	38	0.953066
94	62	0.980718
94	73	0.940107
94	81	0.877801
94	87	0.974555
94	95	0.972818
94	102	0.907593
94	119	1.00633
94	133	1.10922
94	156	1.08169
94	157	1.14135
94	159	1.28984
94	163	0.910381
94	167	1.29579
94	168	0.932124
94	172	1.46906
94	179	1.82981
94	180	0.916298
95	6	1.07414
95	10	0.940102
95	33	1.07553
95	34	1.08274
95	37	1.0442
95	38	1.0333
95	73	1.02035
95	81	0.958039
95	94	0.972818
95	102	0.987831
95	111	0.967745
95	149	0.943266
95	152	1.17132
95	159	1.14492
95	163	0.990619
95	164	1.03424
95	167	1.15087
95	168	1.01236
95	171	1.14473
95	176	1.56226
95	178	1.28286
95	180	0.996536
96	32	0.954157
96	44	1.01742
96	50	1.02662
96	82	1.00831
96	93	0.988643
96	99	0.997325
96	103	1.0439
96	116	1.06766
96	118	0.998989
96	125	0.987216
96	130	1.03725
96	133	1.02042
96	134	1.04425
96	139	0.972275
96	144	1.02548
96	150	1.00642
96	159	1.20104
96	160	1.0201
96	168	1.01619
96	170	1.29061
96	173	1.11254
96	179	1.74101
97	1	0.933
97	8	1.06749
97	30	1.07566
97	43	1.02232
97	51	1.02188
97	58	0.987361
97	79	1.06327
97	90	0.992571
97	105	1.05659
97	110	0.993124
97	111	1.12383
97	115	1.03743
97	136	1.00479
97	140	1.1646
97	150	1.10638
97	157	1.15251
97	159	1.30101
97	163	1.15671
97	164	1.19033
97	167	0.926256
97	168	1.11616
97	180	1.08746
98	23	1.03761
98	28	1.04179
98	42	1.06895
98	75	1.11149
98	80	1.06244
98	83	1.06147
98	84	1.06562
98	91	1.07279
98	92	1.12272
98	104	1.01943
98	109	1.06262
98	115	1.08285
98	121	0.984503
98	122	1.11008
98	132	1.06824
98	142	0.976993
98	145	1.02083
98	151	1.07213
98	159	0.972518
98	161	0.997209
98	164	1.14213
98	167	1.25876
98	173	1.16431
99	14	0.958932
99	17	1.09877
99	32	0.916426
99	36	0.96253
99	50	0.988891
99	59	1.05439
99	63	0.965706
99	71	0.965106
99	82	0.970584
99	93	0.950913
99	96	0.997325
99	103	1.00617
99	119	1.07162
99	121	1.08683
99	133	1.17451
99	136	0.966641
99	139	1.12637
99	144	0.987753
99	155	1.25366
99	163	1.21084
99	173	1.26663
99	175	1.47258
99	180	1.14159
100	11	0.822133
100	53	0.973964
100	54	0.977833
100	60	1.03851
100	78	0.956144
100	91	1.15146
100	106	1.00509
100	108	1.00503
100	113	0.971312
100	117	1.0566
100	127	0.974099
100	128	0.978761
100	129	1.00882
100	131	1.12384
100	132	1.14691
100	134	1.17469
100	146	1.19532
100	147	0.979325
100	154	1.03008
100	166	0.851621
100	173	1.24298
100	178	1.46942
100	180	1.11794
101	43	0.82763
101	58	1.07102
101	60	0.799025
101	72	0.867896
101	73	0.892699
101	87	0.927469
101	103	0.867356
101	109	0.891818
101	124	0.882778
101	130	0.860425
101	133	1.0858
101	142	1.12429
101	145	1.11451
101	164	1.0438
101	168	1.08757
101	169	0.987829
101	170	0.98732
101	171	1.0215
101	172	0.975919
101	173	1.03581
101	176	0.929037
101	177	1.01645
101	179	0.90119
101	180	1.07175
102	6	1.00891
102	10	0.874878
102	33	1.0103
102	34	1.01752
102	37	0.978972
102	38	0.968079
102	62	0.995731
102	73	0.955121
102	81	0.892814
102	87	0.989568
102	88	1.31675
102	94	0.907593
102	95	0.987831
102	122	1.1597
102	147	1.08545
102	153	1.04744
102	160	1.05909
102	161	1.04683
102	162	1.07218
102	163	0.925394
102	168	0.947138
102	170	1.392
102	179	1.8424
102	180	0.931311
103	14	1.00551
103	17	1.14535
103	32	0.963003
103	36	1.00911
103	50	1.03547
103	59	1.10096
103	63	1.01228
103	71	1.01168
103	82	1.01716
103	93	0.997489
103	96	1.0439
103	99	1.00617
103	101	0.867356
103	119	1.01163
103	134	1.13835
103	136	1.01322
103	140	1.15873
103	144	1.03433
103	149	1.09349
103	150	1.10052
103	155	1.19367
103	160	1.0518
103	164	1.18446
103	175	1.41259
104	23	0.930297
104	28	0.934478
104	42	0.961638
104	69	0.893193
104	72	0.945864
104	74	0.946418
104	75	1.00418
104	80	0.955129
104	83	0.954154
104	84	0.958308
104	91	1.21883
104	92	1.01541
104	98	1.01943
104	109	0.955302
104	115	0.975538
104	132	1.21428
104	147	1.18186
104	151	0.96482
104	154	1.11137
104	159	0.865204
104	165	1.16479
104	167	1.40479
104	171	1.39866
104	174	1.26067
105	1	0.953694
105	3	0.794666
105	8	1.08818
105	15	0.898539
105	30	1.09636
105	40	1.0569
105	43	1.04301
105	51	1.04257
105	58	1.00806
105	79	1.08396
105	86	0.960274
105	90	1.01327
105	97	1.05659
105	110	1.01382
105	123	0.88696
105	136	1.02548
105	142	1.0234
105	147	1.08223
105	160	1.05588
105	163	1.15492
105	164	1.18854
105	167	0.946951
105	173	1.21072
105	176	1.71655
106	21	0.998038
106	27	1.07727
106	53	0.982704
106	78	0.964884
106	100	1.00509
106	108	1.01377
106	111	1.09288
106	113	0.980051
106	117	1.06533
106	121	1.02269
106	127	0.982838
106	128	0.9875
106	129	1.01756
106	138	1.02287
106	143	1.06205
106	147	0.988064
106	152	1.29646
106	161	1.01445
106	162	1.0398
106	163	1.12576
106	166	0.86036
106	171	1.26987
106	172	1.44927
106	178	1.40799
106	180	1.05651
107	44	0.99227
107	67	1.01289
107	68	1.02304
107	77	1.01931
107	112	0.969445
107	114	1.03802
107	116	1.04251
107	118	0.97384
107	124	0.99299
107	125	0.962067
107	126	0.962254
107	130	1.0121
107	132	1.15141
107	134	1.17919
107	135	0.981058
107	138	1.0888
107	144	1.00033
107	145	1.104
107	154	1.0485
107	155	1.23451
107	156	1.12783
107	160	0.994949
107	163	1.19168
107	165	1.10193
107	166	1.55565
108	2	1.04626
108	3	0.824138
108	22	0.992375
108	27	1.07721
108	53	0.982645
108	78	0.964824
108	100	1.00503
108	106	1.01377
108	113	0.979992
108	123	0.916432
108	127	0.982779
108	128	0.987441
108	129	1.0175
108	138	1.08151
108	143	1.06199
108	147	0.988005
108	154	1.03876
108	157	1.1802
108	161	1.07309
108	164	1.21801
108	166	0.860301
108	169	1.4085
108	171	1.3285
108	175	1.44614
108	180	1.11515
109	23	0.973486
109	28	0.977667
109	42	1.00483
109	72	0.989053
109	74	0.989607
109	75	1.04737
109	80	0.998318
109	83	0.997343
109	84	1.0015
109	92	1.0586
109	98	1.06262
109	101	0.891818
109	104	0.955302
109	115	1.01873
109	133	1.13898
109	134	1.16282
109	142	1.04379
109	146	1.18345
109	151	1.00801
109	154	1.03212
109	159	0.908393
109	162	1.08935
109	166	1.53928
109	173	1.2311
109	177	1.28857
110	1	0.890232
110	8	1.02472
110	9	1.03332
110	20	0.880758
110	30	1.0329
110	40	0.993442
110	43	0.979552
110	51	0.979109
110	58	0.944594
110	79	1.0205
110	86	0.896811
110	90	0.949803
110	97	0.993124
110	105	1.01382
110	111	1.08009
110	115	0.99466
110	122	1.11454
110	136	0.962022
110	159	1.25727
110	163	1.11297
110	165	1.02322
110	166	1.47694
110	167	0.883489
110	169	1.33708
110	176	1.67461
110	180	1.04373
111	70	1.16177
111	87	1.17808
111	88	0.923373
111	95	0.967745
111	97	1.12383
111	106	1.09288
111	110	1.08009
111	124	1.13339
111	133	0.967752
111	136	1.10779
111	143	1.01646
111	147	0.964835
111	148	0.937854
111	150	0.99664
111	152	0.9005
111	153	1.00237
111	156	0.972416
111	165	0.99173
111	169	0.869779
111	170	0.86927
111	172	0.85787
111	174	0.945502
111	176	0.810987
111	178	0.855148
111	179	0.78314
111	180	0.953695
112	44	0.976957
112	47	0.991045
112	56	0.9983
112	57	0.935233
112	64	0.897099
112	67	0.997581
112	107	0.969445
112	114	1.02271
112	116	1.0272
112	118	0.958527
112	124	0.977677
112	125	0.946754
112	126	0.946941
112	130	0.996784
112	131	1.10714
112	135	0.965745
112	137	1.11082
112	141	1.67086
112	144	0.985021
112	147	1.0978
112	156	1.10664
112	157	1.16629
112	160	0.979636
112	161	1.05919
112	169	1.3946
112	177	1.28376
113	22	0.958652
113	27	1.04349
113	54	0.952791
113	60	1.01347
113	78	0.931102
113	100	0.971312
113	106	0.980051
113	108	0.979992
113	117	1.03155
113	119	1.07506
113	121	0.988909
113	127	0.949057
113	128	0.953719
113	129	0.983778
113	137	1.1546
113	143	1.02826
113	149	1.15692
113	154	1.00503
113	158	1.17067
113	160	1.11523
113	162	1.12832
113	164	1.2479
113	166	0.826579
113	169	1.43838
113	174	1.2204
113	175	1.47602
114	15	0.778628
114	44	1.04553
114	47	1.05962
114	57	1.00381
114	64	0.965674
114	77	1.07257
114	107	1.03802
114	112	1.02271
114	116	1.09578
114	118	1.0271
114	124	1.04625
114	125	1.01533
114	126	1.01552
114	130	1.06536
114	134	1.02252
114	137	0.975338
114	144	1.0536
114	146	1.04315
114	150	0.984685
114	154	0.891827
114	160	1.04821
114	164	1.06863
114	166	1.39898
114	169	1.25912
114	174	1.04113
114	179	1.71928
115	9	1.07763
115	30	1.0772
115	42	1.02506
115	43	1.02385
115	51	1.02341
115	72	1.00929
115	83	1.01758
115	86	0.941115
115	97	1.03743
115	98	1.08285
115	104	0.975538
115	109	1.01873
115	110	0.99466
115	133	1.13459
115	137	1.11124
115	139	1.08645
115	140	1.1788
115	145	1.08323
115	151	1.02825
115	153	1.06022
115	159	0.928629
115	161	1.05961
115	162	1.08496
115	167	0.927792
115	169	1.39502
115	178	1.45315
115	180	1.10167
116	64	0.970169
116	67	1.07065
116	68	1.0808
116	77	1.07707
116	96	1.06766
116	107	1.04251
116	112	1.0272
116	114	1.09578
116	118	1.0316
116	121	0.94959
116	124	1.05075
116	125	1.01982
116	126	1.02001
116	130	1.06985
116	135	1.03881
116	138	0.970713
116	140	1.08149
116	144	1.05809
116	150	1.02327
116	157	1.0694
116	160	1.05271
116	163	1.0736
116	165	0.983842
116	166	1.43757
116	167	1.22384
116	168	1.03305
116	170	1.30747
116	177	1.18687
117	2	1.09782
117	21	1.04954
117	22	1.04394
117	54	1.03807
117	60	1.09875
117	78	1.01639
117	100	1.0566
117	106	1.06533
117	113	1.03155
117	119	0.846548
117	127	1.03434
117	128	1.039
117	129	1.06906
117	138	0.882876
117	143	1.11355
117	147	1.03957
117	150	0.935437
117	154	1.09032
117	155	1.02858
117	157	0.981566
117	164	1.01938
117	166	0.911862
117	174	0.991882
117	175	1.24751
117	176	1.54739
117	178	1.268
117	179	1.67003
117	180	0.916515
118	47	0.99544
118	57	0.939629
118	67	1.00198
118	68	1.01212
118	75	0.996933
118	77	1.00839
118	96	0.998989
118	107	0.97384
118	112	0.958527
118	114	1.0271
118	116	1.0316
118	124	0.982072
118	125	0.95115
118	126	0.951337
118	130	1.00118
118	135	0.97014
118	137	1.12804
118	144	0.989416
118	147	1.11502
118	148	1.25209
118	154	1.04453
118	155	1.23053
118	160	0.984032
118	161	1.07641
118	165	1.09796
118	167	1.33796
118	172	1.51123
118	174	1.19383
119	10	1.26974
119	14	1.07636
119	27	0.990026
119	34	0.974474
119	39	0.885354
119	67	0.992853
119	94	1.00633
119	99	1.07162
119	103	1.01163
119	113	1.07506
119	117	0.846548
119	122	1.03543
119	132	1.03678
119	139	1.0437
119	142	1.06185
119	145	1.05207
119	155	1.00383
119	160	1.04186
119	164	0.981356
119	165	1.04733
119	169	0.925383
119	170	0.924874
119	172	0.913473
119	174	1.00111
119	176	0.866591
119	177	0.954
119	178	0.910751
119	180	1.0093
120	5	1.36282
120	12	1.37517
120	16	1.46622
120	47	1.37494
120	73	1.47845
120	75	0.943154
120	92	1.42715
120	126	1.39868
120	134	0.883068
120	140	0.887304
120	141	0.740796
120	148	0.849198
120	151	1.35699
120	155	0.859568
120	161	0.904466
120	162	0.903799
120	163	0.859122
120	164	0.837096
120	165	0.903073
120	167	0.803341
120	170	0.780614
120	172	0.769213
120	173	0.829099
120	174	0.856846
120	175	0.779747
120	176	0.722331
120	177	0.80974
120	178	0.766491
120	179	0.694484
121	4	0.846407
121	17	0.887065
121	18	1.06559
121	21	1.0069
121	53	0.991561
121	58	1.2305
121	64	1.16176
121	74	0.984488
121	98	0.984503
121	99	1.08683
121	106	1.02269
121	113	0.988909
121	116	0.94959
121	125	0.985737
121	127	0.991696
121	128	0.996358
121	129	1.02642
121	138	1.03267
121	139	1.02018
121	144	1.07611
121	154	1.04767
121	156	1.0045
121	166	0.869218
121	169	0.901866
121	170	0.901356
121	174	0.977588
121	175	0.90049
121	178	0.887234
121	179	0.815227
122	4	0.971979
122	26	0.983066
122	63	1.06693
122	66	1.10296
122	82	1.13632
122	98	1.11008
122	102	1.1597
122	110	1.11454
122	119	1.03543
122	130	1.14548
122	133	0.9802
122	151	1.05629
122	153	1.01482
122	158	0.983293
122	159	0.905283
122	161	1.00557
122	162	1.0049
122	164	0.9382
122	165	1.00418
122	166	0.849579
122	169	0.882227
122	172	0.870317
122	173	0.930203
122	176	0.823435
122	177	0.910844
122	178	0.867596
122	179	0.795588
122	180	0.966143
123	1	1.22839
123	10	1.141
123	29	0.796681
123	44	0.914954
123	55	1.02837
123	58	1.08655
123	60	0.814551
123	64	1.01781
123	105	0.88696
123	108	0.916432
123	124	0.898304
123	131	1.04922
123	133	1.04345
123	137	1.05049
123	144	0.932161
123	154	1.09128
123	156	1.04811
123	157	1.02894
123	164	1.00145
123	165	1.06743
123	168	1.04522
123	169	0.945477
123	170	0.944968
123	173	0.993453
123	174	1.0212
123	175	0.944101
123	176	0.886685
123	178	0.930846
123	179	0.858838
123	180	1.02939
124	20	1.02658
124	44	1.0005
124	47	1.01459
124	57	0.958779
124	64	0.920645
124	67	1.02113
124	77	1.02754
124	101	0.882778
124	107	0.99299
124	111	1.13339
124	112	0.977677
124	114	1.04625
124	116	1.05075
124	118	0.982072
124	123	0.898304
124	125	0.970299
124	126	0.970486
124	130	1.02033
124	135	0.98929
124	139	1.0818
124	140	1.17415
124	142	1.03475
124	144	1.00857
124	150	1.11594
124	153	1.05557
124	160	1.00318
124	163	1.16626
124	164	1.19989
124	168	1.12571
124	176	1.7279
125	3	1.06974
125	20	0.995661
125	44	0.969579
125	57	0.927856
125	64	0.889722
125	67	0.990203
125	68	1.00035
125	75	0.918967
125	77	0.996621
125	96	0.987216
125	107	0.962067
125	112	0.946754
125	114	1.01533
125	116	1.01982
125	118	0.95115
125	121	0.985737
125	124	0.970299
125	130	0.989407
125	135	0.958367
125	144	0.977643
125	153	0.999055
125	156	1.0459
125	160	0.972258
125	165	1.01999
125	168	1.06919
125	171	1.25386
125	172	1.43326
125	177	1.22301
125	178	1.39198
125	179	1.79401
125	180	1.0405
126	3	1.06992
126	20	0.995848
126	44	0.969766
126	47	0.983854
126	56	0.924226
126	57	0.928043
126	64	0.889909
126	67	0.99039
126	68	1.00054
126	75	0.905636
126	77	0.996808
126	107	0.962254
126	112	0.946941
126	114	1.01552
126	116	1.02001
126	118	0.951337
126	120	1.39868
126	124	0.970486
126	130	0.989593
126	132	1.05615
126	135	0.958554
126	140	1.1043
126	144	0.97783
126	148	1.16079
126	149	1.03906
126	150	1.04609
126	160	0.972445
126	167	1.24666
126	170	1.33028
126	172	1.41993
126	178	1.37865
127	2	1.01532
127	21	0.967043
127	22	0.961439
127	27	1.04627
127	53	0.951709
127	54	0.955578
127	60	1.01626
127	100	0.974099
127	106	0.982838
127	108	0.982779
127	113	0.949057
127	117	1.03434
127	121	0.991696
127	128	0.956506
127	129	0.986565
127	131	1.03423
127	141	1.59795
127	142	0.966058
127	143	1.03105
127	144	0.799507
127	147	0.95707
127	153	0.986886
127	154	1.00782
127	156	1.03373
127	157	1.09338
127	160	0.998535
127	164	1.1312
127	166	0.829366
127	174	1.1037
127	176	1.65921
127	179	1.78184
128	2	1.01998
128	21	0.971705
128	22	0.966101
128	27	1.05093
128	53	0.956371
128	54	0.960239
128	78	0.938551
128	100	0.978761
128	106	0.9875
128	108	0.987441
128	113	0.953719
128	117	1.039
128	121	0.996358
128	127	0.956506
128	129	0.991227
128	131	1.1229
128	133	1.14992
128	142	1.05472
128	143	1.03571
128	146	1.19439
128	147	0.961732
128	154	1.01248
128	155	1.22907
128	159	1.33054
128	161	1.07494
128	164	1.21986
128	166	0.834028
128	171	1.33035
128	172	1.50976
128	174	1.19236
128	180	1.117
129	2	1.05004
129	21	1.00176
129	22	0.99616
129	27	1.08099
129	53	0.98643
129	60	1.05098
129	78	0.96861
129	100	1.00882
129	106	1.01756
129	108	1.0175
129	113	0.983778
129	117	1.06906
129	121	1.02642
129	127	0.986565
129	128	0.991227
129	131	1.05133
129	137	1.05501
129	143	1.06577
129	147	0.991791
129	149	1.05732
129	152	1.28538
129	154	1.04254
129	155	1.1575
129	160	1.01564
129	161	1.00338
129	165	1.02492
129	166	0.864087
129	169	1.33879
129	170	1.34855
129	173	1.17048
129	175	1.37642
129	177	1.22795
130	20	1.04569
130	44	1.01961
130	47	1.0337
130	57	0.977886
130	64	0.939752
130	67	1.04023
130	68	1.05038
130	77	1.04665
130	96	1.03725
130	101	0.860425
130	107	1.0121
130	112	0.996784
130	114	1.06536
130	116	1.06985
130	118	1.00118
130	122	1.14548
130	124	1.02033
130	125	0.989407
130	126	0.989593
130	131	1.08057
130	135	1.0084
130	137	1.08424
130	138	1.04103
130	140	1.1518
130	142	1.01239
130	144	1.02767
130	152	1.31461
130	153	1.03322
130	157	1.13972
130	160	1.02229
130	163	1.14391
130	165	1.05416
130	166	1.50788
130	174	1.15003
131	34	1.05034
131	44	1.11957
131	55	1.23298
131	89	1.12284
131	100	1.12384
131	112	1.10714
131	123	1.04922
131	127	1.03423
131	128	1.1229
131	129	1.05133
131	130	1.08057
131	136	1.07732
131	141	0.835602
131	144	1.13678
131	145	1.00262
131	149	1.00117
131	150	1.00279
131	155	0.954374
131	158	0.976995
131	162	0.998605
131	163	0.953928
131	165	0.99788
131	169	0.875929
131	170	0.87542
131	171	0.909604
131	172	0.86402
131	173	0.923906
131	174	0.951652
131	175	0.874554
131	176	0.817137
131	177	0.904547
131	178	0.861298
131	179	0.78929
131	180	0.959845
132	2	0.895699
132	13	1.16124
132	27	1.08897
132	32	1.22457
132	47	1.0324
132	49	1.10989
132	59	1.05724
132	98	1.06824
132	100	1.14691
132	104	1.21428
132	107	1.15141
132	119	1.03678
132	126	1.05615
132	133	0.981554
132	141	0.843254
132	151	1.01445
132	152	0.914302
132	153	1.01618
132	154	1.02939
132	155	0.962026
132	156	0.986218
132	157	0.967047
132	161	1.00692
132	162	1.00626
132	164	0.939554
132	165	1.00553
132	168	0.983323
132	169	0.883581
132	170	0.883072
132	171	0.917256
132	173	0.931557
132	175	0.882205
132	176	0.824789
132	177	0.912198
132	178	0.868949
132	179	0.796942
133	15	1.01428
133	36	1.07563
133	40	1.16488
133	47	1.03635
133	60	1.04619
133	73	1.13986
133	76	1.11102
133	82	1.09844
133	94	1.10922
133	96	1.02042
133	99	1.17451
133	101	1.0858
133	109	1.13898
133	111	0.967752
133	115	1.13459
133	122	0.9802
133	123	1.04345
133	128	1.14992
133	132	0.981554
133	140	0.976338
133	146	0.979248
133	148	0.938232
133	149	0.995398
133	152	0.900877
133	162	0.992833
133	164	0.926129
133	165	0.992107
133	167	0.892375
133	170	0.869647
133	171	0.903832
133	172	0.858247
133	174	0.945879
133	176	0.811365
133	177	0.898774
133	178	0.855525
133	179	0.783518
134	14	1.20308
134	72	1.13889
134	80	1.00468
134	82	1.12227
134	89	1.1737
134	93	1.21889
134	96	1.04425
134	100	1.17469
134	103	1.13835
134	107	1.17919
134	109	1.16282
134	114	1.02252
134	120	0.883068
134	140	0.98031
134	141	0.833801
134	142	1.01059
134	143	1.03685
134	145	1.00081
134	146	0.98322
134	148	0.942204
134	149	0.99937
134	150	1.00099
134	158	0.975194
134	159	0.897184
134	161	0.997472
134	164	0.930101
134	165	0.996079
134	168	0.973871
134	169	0.874128
134	170	0.873619
134	171	0.907804
134	172	0.862219
134	174	0.949851
134	175	0.872753
134	176	0.815336
134	178	0.859497
134	179	0.78749
135	13	0.965285
135	19	0.962912
135	24	1.0123
135	35	0.986207
135	41	0.99634
135	45	0.961555
135	46	0.983147
135	48	0.988196
135	64	0.908713
135	66	1.0095
135	69	0.786556
135	81	0.92019
135	107	0.981058
135	112	0.965745
135	116	1.03881
135	118	0.97014
135	124	0.98929
135	125	0.958367
135	126	0.958554
135	130	1.0084
135	139	1.06345
135	141	1.64829
135	143	1.04381
135	144	0.996634
135	148	1.21229
135	152	1.31861
135	154	1.00473
135	155	1.19074
135	158	1.10431
135	160	0.991249
135	162	1.06196
135	163	1.14791
135	175	1.40966
135	177	1.26118
135	178	1.43015
135	180	1.07867
