1	22	1.19756
1	46	1.18636
1	83	1.24742
1	96	1.16898
1	105	1.19821
1	111	1.25188
1	128	0.759813
1	134	0.716396
1	158	0.73652
1	164	1.16301
1	173	0.834318
1	178	0.785576
2	57	1.26357
2	63	1.18735
2	66	0.720993
2	94	1.23536
2	99	1.19255
2	101	1.15675
2	136	1.16759
2	138	0.730682
2	144	0.76725
2	148	1.20063
2	179	0.800627
2	180	0.811504
3	17	1.11571
3	74	1.19766
3	79	1.29123
3	91	0.701665
3	104	1.21064
3	149	0.737632
3	150	0.774092
3	153	0.850364
3	164	1.17687
3	167	1.22486
3	170	0.775881
3	179	1.18933
4	30	1.03078
4	32	1.29099
4	69	1.179
4	73	1.23024
4	81	1.24879
4	85	0.734448
4	118	0.824133
4	148	1.24505
4	159	0.784219
4	160	0.72855
4	169	0.759662
4	179	1.19242
5	72	1.03562
5	78	0.985686
5	88	1.05531
5	92	0.930783
5	108	0.962166
5	114	1.19525
5	116	1.13346
5	117	1.01259
5	139	1.02925
5	155	0.876973
5	160	1.03412
5	179	0.948333
6	15	1.22882
6	23	1.19639
6	43	1.20719
6	48	1.20303
6	54	1.18788
6	55	1.17092
6	64	1.23365
6	84	0.795443
6	142	0.739091
6	146	0.683841
6	159	0.752239
6	175	0.858164
7	26	0.630015
7	45	1.1912
7	61	1.20764
7	65	1.27642
7	76	1.155
7	146	0.756059
7	154	0.765379
7	160	1.21875
7	167	1.20858
7	172	1.15225
7	177	0.845219
7	179	0.825504
8	85	0.75834
8	95	1.24054
8	97	1.2071
8	100	1.20705
8	110	1.22536
8	112	1.13619
8	113	1.21762
8	119	1.15319
8	134	0.746954
8	144	0.77578
8	152	0.733329
8	165	0.817856
9	11	1.25078
9	31	1.1147
9	51	1.1442
9	68	1.16783
9	70	1.30117
9	132	1.21746
9	139	0.81733
9	147	0.67069
9	162	1.23955
9	165	0.745113
9	175	0.841293
9	177	0.75613
10	14	1.23863
10	44	1.20776
10	59	1.15896
10	87	1.21743
10	109	0.766117
10	136	1.19469
10	155	0.726583
10	157	1.17999
10	159	0.796896
10	161	0.719253
10	165	0.806641
10	167	1.21063
11	9	1.25078
11	16	1.23327
11	31	1.11292
11	51	1.14242
11	68	1.16604
11	70	1.29939
11	102	0.745744
11	158	0.731871
11	159	0.772905
11	162	1.23777
11	177	0.793666
11	178	0.780927
12	25	1.03544
12	62	0.861119
12	75	0.934861
12	94	1.11385
12	99	1.07104
12	101	1.03524
12	148	1.07912
12	156	1.02093
12	159	1.01746
12	165	1.02117
12	166	0.972226
12	168	1.00793
13	30	1.12816
13	69	1.27637
13	73	1.32761
13	81	1.34616
13	118	0.713445
13	134	0.612374
13	148	1.34242
13	154	0.614452
13	165	0.683275
13	176	0.90989
13	179	1.2898
14	10	1.23863
14	19	1.18936
14	28	1.19715
14	44	1.19797
14	87	1.20764
14	91	0.703712
14	134	0.759206
14	157	1.1702
14	160	0.764694
14	166	0.777274
14	167	1.20084
14	172	0.835226
15	6	1.22882
15	27	1.33911
15	48	1.15832
15	49	1.20416
15	54	1.14317
15	64	1.18894
15	66	0.7483
15	146	0.758489
15	149	0.746203
15	157	1.14784
15	170	0.784452
15	174	0.794439
16	11	1.23327
16	51	1.12669
16	68	1.15032
16	70	1.28367
16	123	0.751596
16	132	1.19995
16	142	1.18697
16	154	0.746059
16	155	0.734824
16	162	1.22204
16	172	0.82
16	174	0.772689
17	3	1.11571
17	37	1.00718
17	56	1.01726
17	58	1.03846
17	77	1.04115
17	79	1.13006
17	104	1.04948
17	120	0.914616
17	150	0.934375
17	174	0.946151
17	178	0.986622
17	179	1.02816
18	19	1.04869
18	22	1.04673
18	87	1.06696
18	105	1.04738
18	108	0.998391
18	111	1.10106
18	117	1.04881
18	149	0.907484
18	155	0.917855
18	166	0.94508
18	167	1.06017
18	177	1.00893
19	14	1.18936
19	18	1.04869
19	35	1.08214
19	41	1.23439
19	59	1.10969
19	62	0.687224
19	87	1.16816
19	127	0.839086
19	143	0.888528
19	157	1.13072
19	165	0.851166
19	167	1.16137
19	180	0.853345
20	56	1.28597
20	74	1.30521
20	77	1.30985
20	92	0.682828
20	102	0.67217
20	104	1.31819
20	139	0.781292
20	141	0.696686
20	155	0.629018
20	157	1.30176
20	164	1.28442
20	172	0.714194
20	179	1.29687
21	80	1.19794
21	90	1.19964
21	122	1.1567
21	124	1.12524
21	126	1.1338
21	128	0.842337
21	130	1.11225
21	131	1.10554
21	134	0.798921
21	137	1.12543
21	154	0.800999
21	170	0.817642
21	172	0.87494
22	1	1.19756
22	18	1.04673
22	40	1.07645
22	46	1.13476
22	83	1.19583
22	85	0.79235
22	96	1.11739
22	105	1.14662
22	111	1.20029
22	138	0.773222
22	153	0.874168
22	165	0.851865
22	168	0.834735
23	6	1.19639
23	43	1.13005
23	48	1.12589
23	49	1.17172
23	54	1.11074
23	55	1.09378
23	62	0.741621
23	64	1.15651
23	67	0.804912
23	146	0.82742
23	157	1.1154
23	166	0.852729
23	168	0.888432
24	34	0.67623
24	54	0.787915
24	56	0.810506
24	102	1.17148
24	124	0.72776
24	135	0.7251
24	158	1.18232
24	166	1.15278
24	171	1.19629
24	174	1.14803
24	176	0.997775
24	178	1.12166
24	180	1.11676
25	12	1.03544
25	52	1.23044
25	63	1.15007
25	94	1.19808
25	99	1.15528
25	101	1.11947
25	103	0.785931
25	143	0.886928
25	156	1.10516
25	165	1.10541
25	169	0.815265
25	170	0.797386
25	178	0.847844
26	7	0.630015
26	86	0.587561
26	87	0.639385
26	130	0.632313
26	162	0.563836
26	164	0.630233
26	173	1.28753
26	174	1.35253
26	175	1.26703
26	176	1.20227
26	177	1.32217
26	178	1.32616
26	180	1.32126
27	15	1.33911
27	28	0.688918
27	43	1.31747
27	48	1.31332
27	55	1.28121
27	64	1.34394
27	107	0.696794
27	115	1.19746
27	157	1.30283
27	158	0.659484
27	172	0.71538
27	178	0.70854
27	179	0.701563
28	14	1.19715
28	27	0.688918
28	29	0.666686
28	87	1.17595
28	106	0.825951
28	108	1.10737
28	117	1.1578
28	119	0.800559
28	136	1.15321
28	148	0.732504
28	170	1.18103
28	176	0.998507
28	180	1.1175
29	28	0.666686
29	30	1.13078
29	32	1.39099
29	69	1.279
29	73	1.33024
29	81	1.34879
29	148	1.34505
29	158	0.637252
29	169	0.653729
29	175	0.78421
29	177	0.699047
29	178	0.686308
29	179	1.29242
30	4	1.03078
30	13	1.12816
30	29	1.13078
30	32	1.03871
30	69	0.926716
30	73	0.977958
30	81	0.99651
30	140	0.933829
30	154	0.921037
30	155	0.909802
30	173	1.03688
30	176	1.21648
30	179	0.940142
31	9	1.1147
31	11	1.11292
31	38	1.13794
31	51	1.00634
31	68	1.02997
31	70	1.16331
31	109	0.889681
31	118	0.960374
31	132	1.07959
31	142	1.06662
31	152	0.845677
31	154	0.861381
31	160	0.86479
31	162	1.10169
32	4	1.29099
32	29	1.39099
32	30	1.03871
32	69	1.18692
32	73	1.23816
32	81	1.25671
32	85	0.733293
32	140	1.19403
32	147	0.718386
32	150	0.73884
32	158	0.74203
32	166	0.739975
32	172	0.797926
32	179	1.20034
33	40	1.16466
33	46	1.22298
33	83	1.28404
33	84	0.750584
33	96	1.2056
33	105	1.23483
33	111	1.28851
33	140	1.20577
33	150	0.663157
33	158	0.666348
33	163	0.72256
33	164	1.19964
33	176	0.943741
33	177	0.728142
34	24	0.67623
34	95	1.2786
34	97	1.24516
34	100	1.24511
34	106	1.20658
34	110	1.26341
34	112	1.17425
34	119	1.19124
34	125	0.71483
34	145	0.844741
34	147	0.687171
34	154	0.692771
34	172	1.18069
34	173	0.808614
35	19	1.08214
35	41	1.16665
35	44	1.09074
35	59	1.04194
35	87	1.10041
35	89	0.858167
35	125	0.8776
35	136	1.07767
35	140	0.902283
35	142	1.08539
35	157	1.06298
35	167	1.09362
35	171	0.855512
35	180	0.926543
36	45	1.20973
36	47	1.2787
36	61	1.22617
36	65	1.29494
36	76	1.17353
36	150	0.722124
36	154	0.707269
36	160	1.23728
36	167	1.2271
36	171	0.707239
36	172	1.17077
36	173	0.823112
36	174	0.7339
36	180	0.778271
37	17	1.00718
37	56	1.06989
37	58	1.0911
37	75	0.808814
37	79	1.1827
37	104	1.10212
37	140	0.876932
37	144	0.856938
37	157	1.08569
37	159	0.889269
37	164	1.06835
37	167	1.11633
37	175	0.995194
37	179	1.0808
38	31	1.13794
38	68	1.19106
38	70	1.32441
38	84	0.80923
38	94	1.28776
38	99	1.24496
38	101	1.20915
38	108	1.17416
38	117	1.22458
38	146	0.697628
38	168	0.758641
38	170	0.723592
38	171	0.706919
38	180	0.77795
39	89	0.85888
39	95	1.13777
39	97	1.10433
39	100	1.10428
39	106	1.06575
39	109	0.884554
39	110	1.12258
39	112	1.03342
39	119	1.05041
39	127	0.912997
39	141	0.912687
39	161	0.83769
39	162	1.12303
39	172	1.03986
40	22	1.07645
40	33	1.16466
40	50	1.19578
40	83	1.12631
40	96	1.04787
40	105	1.0771
40	111	1.13077
40	115	0.953875
40	147	0.844538
40	160	0.853547
40	163	0.924396
40	164	1.0419
40	169	0.88466
40	172	0.924079
41	19	1.23439
41	35	1.16665
41	44	1.243
41	59	1.1942
41	87	1.25267
41	102	0.744067
41	128	0.753487
41	142	1.23765
41	144	0.738897
41	157	1.21523
41	167	1.24587
41	170	0.728793
41	174	0.73878
41	179	0.772274
42	72	1.2179
42	78	1.16796
42	88	1.23759
42	108	1.14444
42	109	0.719051
42	114	1.37752
42	116	1.31574
42	117	1.19487
42	156	1.16513
42	158	0.708797
42	163	0.765009
42	171	0.690722
42	173	0.806595
42	177	0.770591
43	6	1.20719
43	23	1.13005
43	27	1.31747
43	48	1.13669
43	49	1.18253
43	54	1.12154
43	55	1.10459
43	64	1.16731
43	123	0.76704
43	128	0.802841
43	157	1.1262
43	158	0.779548
43	160	0.764912
43	172	0.835444
43	179	0.821628
44	10	1.20776
44	14	1.19797
44	35	1.09074
44	41	1.243
44	59	1.11829
44	120	0.761424
44	136	1.15403
44	138	0.756509
44	142	1.16174
44	157	1.13933
44	160	0.769738
44	166	0.782318
44	167	1.16997
44	168	0.818021
44	173	0.882172
45	7	1.1912
45	36	1.20973
45	47	1.20708
45	61	1.15454
45	65	1.22332
45	76	1.1019
45	115	0.93122
45	154	0.719752
45	160	1.16565
45	165	0.788575
45	167	1.15547
45	171	0.719723
45	172	1.09914
45	173	0.835595
45	179	0.779877
46	1	1.18636
46	22	1.13476
46	33	1.22298
46	50	1.2541
46	62	0.688029
46	83	1.18463
46	96	1.10619
46	105	1.13542
46	111	1.18909
46	149	0.761542
46	154	0.783147
46	164	1.10022
46	165	0.851971
46	168	0.83484
46	178	0.850249
47	36	1.2787
47	45	1.20708
47	61	1.22352
47	65	1.29229
47	67	0.648475
47	76	1.17088
47	107	0.735658
47	160	1.23463
47	165	0.749126
47	167	1.22445
47	168	0.731995
47	172	1.16812
47	175	0.845306
47	180	0.751304
48	6	1.20303
48	15	1.15832
48	23	1.12589
48	27	1.31332
48	43	1.13669
48	49	1.17837
48	54	1.11738
48	55	1.10043
48	64	1.16315
48	102	0.787828
48	140	0.802653
48	159	0.814989
48	171	0.755881
48	174	0.782541
48	180	0.826912
49	15	1.20416
49	23	1.17172
49	43	1.18253
49	48	1.17837
49	54	1.16322
49	55	1.14626
49	64	1.20899
49	66	0.724573
49	115	1.06251
49	125	0.76614
49	143	0.850267
49	145	0.896052
49	157	1.16788
49	166	0.760071
49	174	0.770712
50	40	1.19578
50	46	1.2541
50	66	0.65261
50	83	1.31516
50	96	1.23672
50	105	1.26595
50	111	1.31963
50	115	1.14273
50	140	1.23689
50	143	0.778303
50	153	0.763245
50	164	1.23075
50	172	0.74606
50	174	0.698749
50	178	0.739219
50	180	0.74312
51	9	1.1442
51	11	1.14242
51	16	1.12669
51	31	1.00634
51	66	1.17553
51	68	1.05946
51	70	1.19281
51	91	0.766193
51	132	1.10909
51	142	1.09611
51	149	0.80216
51	152	0.808061
51	162	1.13118
51	171	0.823736
51	175	0.988769
51	180	0.894767
52	25	1.23044
52	63	1.26084
52	91	0.60708
52	94	1.30885
52	99	1.26605
52	101	1.23024
52	136	1.24108
52	142	0.710583
52	153	0.755779
52	156	1.21593
52	159	1.21246
52	165	1.21618
52	166	0.680642
52	168	0.716345
52	169	0.699175
52	176	0.960091
53	84	0.783666
53	90	1.30785
53	121	1.25852
53	126	1.24201
53	129	1.24741
53	131	1.21375
53	133	1.25314
53	135	1.25757
53	137	1.23365
53	141	0.737817
53	150	0.696238
53	152	0.66568
53	159	1.20823
53	171	0.681354
53	174	0.708014
53	175	0.846387
54	6	1.18788
54	15	1.14317
54	23	1.11074
54	24	0.787915
54	43	1.12154
54	48	1.11738
54	49	1.16322
54	55	1.08528
54	64	1.148
54	103	0.809644
54	115	1.00153
54	145	0.956426
54	157	1.1069
54	166	0.820445
54	170	0.821099
54	174	0.831086
55	6	1.17092
55	23	1.09378
55	27	1.28121
55	43	1.10459
55	48	1.10043
55	49	1.14626
55	54	1.08528
55	64	1.13105
55	107	0.833437
55	115	0.98457
55	151	0.791949
55	157	1.08994
55	165	0.846905
55	173	0.893925
55	177	0.857921
55	180	0.849084
56	17	1.01726
56	20	1.28597
56	24	0.810506
56	37	1.06989
56	58	1.10118
56	74	1.09921
56	75	0.805671
56	77	1.10386
56	79	1.19278
56	103	0.832235
56	104	1.11219
56	123	0.832585
56	158	0.845092
56	163	0.901305
56	167	1.12641
56	179	1.09088
57	2	1.26357
57	63	1.2567
57	94	1.30471
57	99	1.2619
57	101	1.2261
57	125	0.707184
57	136	1.23694
57	140	0.731867
57	150	0.699979
57	156	1.21179
57	159	1.20832
57	165	1.21203
57	169	0.719647
57	172	0.759066
57	178	0.752226
57	179	0.74525
58	17	1.03846
58	37	1.0911
58	56	1.10118
58	74	1.12042
58	77	1.12506
58	79	1.21398
58	104	1.1334
58	139	0.944083
58	140	0.849785
58	151	0.81691
58	154	0.803043
58	164	1.09963
58	167	1.14761
58	169	0.837565
58	174	0.829673
58	179	1.11208
59	10	1.15896
59	19	1.10969
59	35	1.04194
59	41	1.1942
59	44	1.11829
59	87	1.12796
59	102	0.862971
59	136	1.10522
59	142	1.11294
59	151	0.84492
59	152	0.815349
59	155	0.819818
59	157	1.09053
59	167	1.12117
59	171	0.831024
59	180	0.902055
60	66	0.670647
60	67	0.658328
60	86	1.24164
60	95	1.30027
60	97	1.26683
60	100	1.26678
60	106	1.22825
60	112	1.19592
60	113	1.27734
60	119	1.21291
60	134	0.688078
60	160	0.693565
60	161	0.671591
60	172	1.20236
60	176	0.985594
60	179	0.750281
61	7	1.20764
61	36	1.22617
61	45	1.15454
61	47	1.22352
61	65	1.23976
61	66	1.24311
61	76	1.11834
61	120	0.721702
61	128	0.767945
61	142	0.772536
61	144	0.753354
61	146	0.717286
61	160	1.18209
61	167	1.17191
61	172	1.11558
61	175	0.89161
61	180	0.797608
62	12	0.861119
62	19	0.687224
62	23	0.741621
62	46	0.688029
62	69	1.16226
62	76	0.684847
62	81	1.23205
62	108	1.14944
62	116	1.32073
62	117	1.19986
62	137	0.657737
62	147	1.22908
62	157	0.644477
62	175	1.10533
62	178	1.16446
62	179	1.17568
62	180	1.15956
63	2	1.18735
63	25	1.15007
63	52	1.26084
63	57	1.2567
63	94	1.22849
63	99	1.18568
63	101	1.14988
63	146	0.70372
63	148	1.19375
63	149	0.691434
63	153	0.804166
63	159	1.13209
63	165	1.13581
63	175	0.878043
63	178	0.780141
63	179	0.773165
63	180	0.784042
64	6	1.23365
64	15	1.18894
64	23	1.15651
64	27	1.34394
64	43	1.16731
64	48	1.16315
64	49	1.20899
64	54	1.148
64	55	1.13105
64	75	0.680417
64	146	0.692473
64	157	1.15267
64	165	0.770616
64	169	0.736315
64	172	0.775734
64	176	0.997231
64	178	0.768894
65	7	1.27642
65	36	1.29494
65	45	1.22332
65	47	1.29229
65	61	1.23976
65	76	1.18711
65	85	0.638879
65	103	0.63476
65	115	0.841039
65	159	0.68865
65	160	1.25087
65	163	0.703829
65	167	1.24069
65	172	1.18436
65	176	0.92501
65	179	0.689697
66	2	0.720993
66	15	0.7483
66	49	0.724573
66	50	0.65261
66	51	1.17553
66	60	0.670647
66	61	1.24311
66	68	1.19916
66	76	1.19047
66	112	0.775811
66	117	0.710851
66	142	1.23581
66	172	1.18771
66	176	1.0734
66	177	1.1933
66	178	1.19729
66	180	1.19239
67	23	0.804912
67	47	0.648475
67	60	0.658328
67	70	0.640821
67	76	0.748138
67	104	0.722225
67	118	1.17791
67	135	0.709813
67	155	1.24499
67	161	1.28551
67	163	1.21019
67	168	1.19806
67	175	1.13043
67	176	1.06567
67	177	1.18557
67	178	1.18956
67	180	1.18466
68	9	1.16783
68	11	1.16604
68	16	1.15032
68	31	1.02997
68	38	1.19106
68	51	1.05946
68	66	1.19916
68	70	1.21643
68	128	0.820119
68	132	1.13272
68	142	1.11974
68	144	0.805529
68	147	0.773182
68	154	0.778781
68	162	1.15481
68	166	0.794771
68	174	0.805411
68	175	0.943784
69	4	1.179
69	13	1.27637
69	29	1.279
69	30	0.926716
69	32	1.18692
69	62	1.16226
69	73	1.12617
69	81	1.14472
69	109	0.818292
69	127	0.846735
69	138	0.780172
69	140	1.08204
69	146	0.780672
69	148	1.14098
69	171	0.789962
69	174	0.816623
69	177	0.869832
69	179	1.08835
70	9	1.30117
70	11	1.29939
70	16	1.28367
70	31	1.16331
70	38	1.32441
70	51	1.19281
70	67	0.640821
70	68	1.21643
70	84	0.77493
70	132	1.26606
70	134	0.67057
70	138	0.662829
70	142	1.25308
70	159	0.731727
70	161	0.654084
70	162	1.28816
70	163	0.746906
70	175	0.837652
71	86	1.24486
71	95	1.30349
71	97	1.27005
71	100	1.27
71	106	1.23147
71	110	1.2883
71	112	1.19914
71	113	1.28056
71	119	1.21613
71	134	0.692628
71	138	0.684886
71	155	0.683471
71	160	0.698116
71	161	0.676142
71	162	1.28875
71	166	0.710696
71	175	0.859709
71	179	0.754831
72	5	1.03562
72	42	1.2179
72	78	1.14626
72	88	1.21589
72	91	0.697358
72	108	1.12274
72	114	1.35582
72	116	1.29404
72	117	1.17317
72	128	0.796269
72	134	0.752853
72	156	1.14343
72	160	1.1947
72	161	0.736366
72	171	0.754901
72	173	0.870774
72	180	0.825933
73	4	1.23024
73	13	1.32761
73	29	1.33024
73	30	0.977958
73	32	1.23816
73	69	1.12617
73	81	1.19596
73	140	1.13328
73	148	1.19222
73	151	0.746611
73	153	0.82387
73	155	0.721509
73	160	0.736153
73	171	0.732714
73	173	0.848587
73	177	0.812584
73	179	1.1396
74	3	1.19766
74	20	1.30521
74	56	1.09921
74	58	1.12042
74	77	1.1231
74	104	1.13144
74	107	0.824909
74	118	0.868546
74	136	1.12971
74	146	0.760233
74	157	1.11501
74	159	0.828632
74	161	0.750989
74	164	1.09767
74	167	1.14565
74	173	0.885397
74	174	0.796184
74	179	1.11012
75	12	0.934861
75	37	0.808814
75	56	0.805671
75	64	0.680417
75	79	0.69068
75	114	0.594954
75	151	1.18124
75	152	1.20717
75	154	1.19334
75	164	0.74422
75	170	1.19497
75	171	1.21095
75	173	1.0977
75	175	1.0772
75	176	1.01244
75	177	1.13234
75	178	1.13633
75	180	1.13143
76	7	1.155
76	36	1.17353
76	45	1.1019
76	47	1.17088
76	61	1.11834
76	62	0.684847
76	65	1.18711
76	66	1.19047
76	67	0.748138
76	82	1.17756
76	127	0.836708
76	140	0.826707
76	142	0.825895
76	160	1.12945
76	167	1.11927
76	172	1.06294
76	177	0.859805
76	179	0.840091
77	17	1.04115
77	20	1.30985
77	56	1.10386
77	58	1.12506
77	74	1.1231
77	79	1.21667
77	92	0.798519
77	102	0.787862
77	104	1.13608
77	109	0.784244
77	115	0.967412
77	136	1.13435
77	157	1.11965
77	158	0.77399
77	159	0.815023
77	167	1.1503
77	174	0.782575
77	179	1.11476
78	5	0.985686
78	42	1.16796
78	72	1.14626
78	88	1.16595
78	108	1.07281
78	114	1.30589
78	116	1.2441
78	117	1.12323
78	132	1.13934
78	149	0.752079
78	153	0.864811
78	155	0.76245
78	156	1.09349
78	160	1.14476
78	161	0.75512
78	172	0.847626
78	173	0.889528
78	180	0.844687
79	3	1.29123
79	17	1.13006
79	37	1.1827
79	56	1.19278
79	58	1.21398
79	75	0.69068
79	77	1.21667
79	102	0.743973
79	104	1.225
79	136	1.22327
79	157	1.20857
79	159	0.771134
79	160	0.715465
79	164	1.19123
79	172	0.785997
79	174	0.738686
79	177	0.791896
79	178	0.779157
79	179	1.20368
80	21	1.19794
80	92	0.755571
80	98	1.24246
80	122	1.23831
80	124	1.20685
80	129	1.22081
80	130	1.19386
80	131	1.18715
80	133	1.22654
80	135	1.23097
80	137	1.20705
80	141	0.769429
80	144	0.739744
80	164	1.17821
80	170	0.72964
80	171	0.712966
80	177	0.792836
80	178	0.780097
80	180	0.783998
81	4	1.24879
81	13	1.34616
81	29	1.34879
81	30	0.99651
81	32	1.25671
81	62	1.23205
81	69	1.14472
81	73	1.19596
81	89	0.676369
81	123	0.679281
81	139	0.814783
81	140	1.15184
81	148	1.21077
81	153	0.76487
81	161	0.655179
81	176	0.969182
81	177	0.753583
81	179	1.15815
81	180	0.744745
82	76	1.17756
82	87	0.703637
82	96	1.18911
82	97	0.659405
82	105	1.21834
82	111	1.27201
82	131	0.691888
82	132	0.631996
82	133	0.671744
82	137	0.681743
82	146	1.27116
82	148	0.613913
82	154	1.24138
82	156	0.680755
82	164	1.18314
82	167	1.23113
82	172	1.1748
82	173	1.14574
82	180	1.17947
83	1	1.24742
83	22	1.19583
83	33	1.28404
83	40	1.12631
83	46	1.18463
83	50	1.31516
83	96	1.16725
83	105	1.19648
83	111	1.25015
83	140	1.16742
83	144	0.745203
83	149	0.69685
83	150	0.73331
83	164	1.16128
83	165	0.787279
83	174	0.745086
83	178	0.785556
83	179	0.77858
83	180	0.789457
84	6	0.795443
84	33	0.750584
84	38	0.80923
84	53	0.783666
84	70	0.77493
84	102	1.1538
84	112	0.897602
84	113	0.797798
84	123	1.15466
84	144	1.14558
84	150	1.17522
84	169	1.14891
84	173	1.06534
84	174	1.13035
84	175	1.04485
84	176	0.980091
84	177	1.09999
84	178	1.10398
84	180	1.09908
85	4	0.734448
85	8	0.75834
85	22	0.79235
85	32	0.733293
85	65	0.638879
85	97	0.739824
85	99	0.738679
85	100	0.728594
85	118	1.15244
85	153	1.15511
85	155	1.21951
85	158	1.22474
85	168	1.17259
85	169	1.20902
85	174	1.19045
85	175	1.10495
85	176	1.0402
85	178	1.16408
85	179	1.17531
85	180	1.15918
86	26	0.587561
86	60	1.24164
86	71	1.24486
86	95	1.19738
86	97	1.16394
86	100	1.16389
86	106	1.12537
86	110	1.18219
86	112	1.09303
86	113	1.17446
86	119	1.11003
86	123	0.728463
86	144	0.749673
86	153	0.814051
86	162	1.18265
86	170	0.739569
86	172	1.09947
86	175	0.887928
86	176	1.01836
86	178	0.790026
87	10	1.21743
87	14	1.20764
87	18	1.06696
87	19	1.16816
87	26	0.639385
87	28	1.17595
87	35	1.10041
87	41	1.25267
87	59	1.12796
87	82	0.703637
87	107	0.830105
87	120	0.769844
87	123	0.780286
87	136	1.16369
87	142	1.17141
87	157	1.149
87	161	0.756184
87	167	1.17964
87	175	0.939752
87	180	0.845751
88	5	1.05531
88	42	1.23759
88	72	1.21589
88	78	1.16595
88	108	1.14243
88	114	1.37551
88	116	1.31373
88	117	1.19285
88	127	0.767698
88	132	1.20896
88	142	0.756885
88	147	0.705355
88	156	1.16311
88	160	1.21439
88	168	0.762647
88	171	0.710925
88	173	0.826798
88	174	0.737585
88	177	0.790795
89	35	0.858167
89	39	0.85888
89	81	0.676369
89	122	0.747378
89	127	1.12948
89	130	0.770303
89	133	0.745481
89	146	1.21362
89	153	1.11786
89	162	0.701826
89	167	0.716284
89	168	1.13534
89	170	1.18547
89	171	1.20146
89	173	1.0882
89	174	1.1532
89	175	1.0677
89	176	1.00294
89	177	1.12284
89	178	1.12683
89	180	1.12193
90	21	1.19964
90	53	1.30785
90	93	1.29025
90	102	0.729879
90	115	0.909429
90	121	1.23361
90	124	1.20855
90	126	1.21711
90	129	1.22251
90	130	1.19556
90	131	1.18885
90	133	1.22823
90	135	1.23266
90	137	1.20874
90	139	0.839001
90	142	0.743891
90	152	0.682257
90	154	0.697961
90	160	0.701371
90	170	0.714605
90	171	0.697931
91	3	0.701665
91	14	0.703712
91	51	0.766193
91	52	0.60708
91	72	0.697358
91	94	0.609295
91	95	0.639398
91	117	0.672787
91	136	0.70548
91	141	1.22418
91	147	1.2568
91	149	1.25043
91	152	1.26302
91	154	1.24919
91	169	1.23711
91	171	1.2668
91	173	1.15355
91	174	1.21855
91	177	1.18819
91	178	1.19218
91	180	1.18728
92	5	0.930783
92	20	0.682828
92	77	0.798519
92	80	0.755571
92	113	0.738091
92	114	0.658905
92	128	1.14491
92	130	0.810252
92	132	0.745682
92	141	1.14976
92	146	1.20455
92	151	1.16266
92	158	1.17841
92	168	1.12626
92	170	1.17639
92	174	1.14413
92	175	1.05863
92	176	0.99387
92	177	1.11377
92	178	1.11776
92	180	1.11286
93	90	1.29025
93	98	1.25146
93	121	1.24092
93	122	1.24731
93	126	1.22441
93	128	0.753542
93	130	1.20286
93	131	1.19615
93	133	1.23554
93	135	1.23997
93	137	1.21605
93	141	0.768636
93	146	0.702883
93	152	0.696499
93	156	1.1941
93	160	0.715613
93	165	1.19435
93	174	0.738834
93	178	0.779305
93	179	0.772329
93	180	0.783205
94	2	1.23536
94	12	1.11385
94	25	1.19808
94	38	1.28776
94	52	1.30885
94	57	1.30471
94	63	1.22849
94	91	0.609295
94	99	1.23369
94	101	1.19788
94	118	0.765861
94	136	1.20873
94	139	0.807907
94	156	1.18357
94	161	0.648303
94	165	1.18382
94	169	0.70139
94	172	0.740809
94	174	0.693498
94	176	0.962306
94	180	0.73787
95	8	1.24054
95	34	1.2786
95	39	1.13777
95	60	1.30027
95	71	1.30349
95	86	1.19738
95	91	0.639398
95	106	1.18399
95	110	1.24082
95	113	1.23308
95	119	1.16865
95	138	0.687151
95	141	0.753404
95	143	0.803156
95	144	0.723719
95	160	0.70038
95	162	1.24127
95	166	0.712961
95	172	1.1581
95	175	0.861974
95	177	0.776811
96	1	1.16898
96	22	1.11739
96	33	1.2056
96	40	1.04787
96	46	1.10619
96	50	1.23672
96	82	1.18911
96	83	1.16725
96	105	1.11804
96	111	1.17171
96	115	0.994815
96	139	0.918862
96	140	1.08898
96	141	0.834255
96	152	0.762118
96	164	1.08284
96	169	0.812344
96	170	0.794465
96	177	0.857661
96	179	0.837947
96	180	0.848824
97	8	1.2071
97	34	1.24516
97	39	1.10433
97	60	1.26683
97	71	1.27005
97	82	0.659405
97	85	0.739824
97	86	1.16394
97	100	1.18908
97	106	1.15055
97	110	1.20738
97	112	1.11822
97	113	1.19964
97	118	0.829509
97	119	1.13521
97	138	0.720696
97	139	0.871556
97	146	0.721196
97	151	0.744383
97	172	1.12466
97	173	0.846359
97	179	0.790641
98	80	1.24246
98	93	1.25146
98	121	1.19482
98	122	1.20121
98	123	0.75681
98	124	1.16976
98	126	1.17831
98	128	0.792611
98	129	1.18372
98	130	1.15677
98	131	1.15005
98	133	1.18944
98	135	1.19387
98	137	1.16995
98	146	0.741953
98	147	0.745673
98	152	0.735569
98	159	1.14453
98	161	0.732708
98	166	0.767262
98	175	0.916276
98	178	0.818374
99	2	1.19255
99	12	1.07104
99	25	1.15528
99	38	1.24496
99	52	1.26605
99	57	1.2619
99	63	1.18568
99	85	0.738679
99	94	1.23369
99	101	1.15508
99	125	0.75143
99	140	0.776113
99	145	0.881342
99	148	1.19896
99	149	0.707766
99	156	1.14077
99	159	1.13729
99	160	0.732781
99	165	1.14101
99	168	0.781064
99	178	0.796473
99	179	0.789496
100	8	1.20705
100	34	1.24511
100	39	1.10428
100	60	1.26678
100	71	1.27
100	85	0.728594
100	86	1.16389
100	97	1.18908
100	106	1.1505
100	112	1.11817
100	113	1.19959
100	119	1.13516
100	141	0.77572
100	151	0.733153
100	162	1.20778
100	169	0.753808
100	171	0.719257
100	172	1.12461
100	175	0.88429
100	177	0.799126
100	179	0.779412
100	180	0.790288
101	2	1.15675
101	12	1.03524
101	25	1.11947
101	38	1.20915
101	52	1.23024
101	57	1.2261
101	63	1.14988
101	94	1.19788
101	99	1.15508
101	107	0.805172
101	120	0.744912
101	127	0.806559
101	136	1.13012
101	145	0.901787
101	148	1.16315
101	156	1.10496
101	159	1.10149
101	160	0.753226
101	161	0.731252
101	165	1.10521
101	172	0.823758
101	175	0.91482
101	178	0.816918
102	11	0.745744
102	20	0.67217
102	24	1.17148
102	41	0.744067
102	48	0.787828
102	59	0.862971
102	77	0.787862
102	79	0.743973
102	84	1.1538
102	90	0.729879
102	121	0.77841
102	127	1.1318
102	138	1.22552
102	145	1.07447
102	150	1.20039
102	155	1.18458
102	166	1.16027
102	170	1.18778
102	174	1.15552
102	175	1.07002
102	177	1.12516
102	178	1.12915
102	180	1.12425
103	25	0.785931
103	54	0.809644
103	56	0.832235
103	65	0.63476
103	110	0.710081
103	115	1.07335
103	116	0.634458
103	127	1.16525
103	135	0.746829
103	136	0.768241
103	139	1.12684
103	143	1.14832
103	157	0.744784
103	163	1.18324
103	168	1.17111
103	169	1.20754
103	171	1.23723
103	173	1.12397
103	174	1.18897
103	175	1.10347
103	176	1.03871
103	177	1.15861
103	180	1.1577
104	3	1.21064
104	17	1.04948
104	20	1.31819
104	37	1.10212
104	56	1.11219
104	58	1.1334
104	67	0.722225
104	74	1.13144
104	77	1.13608
104	79	1.225
104	120	0.749148
104	125	0.776112
104	136	1.14269
104	143	0.860238
104	157	1.12799
104	164	1.11065
104	167	1.15863
104	168	0.805745
104	172	0.827994
104	173	0.869896
104	178	0.821154
104	179	1.1231
104	180	0.825055
105	1	1.19821
105	18	1.04738
105	22	1.14662
105	33	1.23483
105	40	1.0771
105	46	1.13542
105	50	1.26595
105	82	1.21834
105	83	1.19648
105	96	1.11804
105	111	1.20094
105	115	1.02405
105	134	0.78605
105	140	1.11821
105	146	0.778808
105	147	0.782529
105	152	0.772424
105	158	0.806174
105	163	0.862386
105	164	1.11207
105	174	0.814759
105	179	0.848254
105	180	0.85913
106	28	0.825951
106	34	1.20658
106	39	1.06575
106	60	1.22825
106	71	1.23147
106	86	1.12537
106	95	1.18399
106	97	1.15055
106	100	1.1505
106	110	1.1688
106	112	1.07964
106	113	1.16107
106	118	0.877465
106	119	1.09663
106	123	0.784009
106	132	1.14716
106	134	0.776394
106	149	0.756866
106	151	0.792339
106	153	0.869598
106	171	0.778442
106	172	1.08608
106	174	0.805102
107	27	0.696794
107	47	0.735658
107	55	0.833437
107	74	0.824909
107	87	0.830105
107	101	0.805172
107	124	0.799657
107	129	0.785484
107	132	0.758463
107	138	1.19955
107	141	1.13517
107	147	1.16779
107	151	1.14808
107	153	1.0942
107	155	1.1586
107	168	1.11168
107	169	1.1481
107	170	1.16181
107	173	1.06454
107	176	0.979284
107	177	1.09918
107	178	1.10317
107	179	1.1144
107	180	1.09827
108	5	0.962166
108	18	0.998391
108	28	1.10737
108	38	1.17416
108	42	1.14444
108	62	1.14944
108	72	1.12274
108	78	1.07281
108	88	1.14243
108	114	1.28237
108	116	1.22058
108	117	1.09971
108	132	1.11582
108	134	0.802402
108	138	0.794661
108	147	0.798881
108	156	1.06997
108	159	0.863559
108	160	1.12124
108	165	0.873304
108	168	0.856173
108	177	0.88432
108	178	0.871582
108	179	0.864606
109	10	0.766117
109	31	0.889681
109	39	0.884554
109	42	0.719051
109	69	0.818292
109	77	0.784244
109	118	1.10351
109	124	0.7726
109	125	1.17867
109	145	1.06047
109	148	0.713324
109	152	1.18599
109	161	1.21111
109	162	0.7275
109	163	1.13579
109	166	1.14627
109	169	1.16008
109	173	1.07652
109	174	1.14152
109	175	1.05602
109	176	0.991264
109	177	1.11116
109	178	1.11515
109	180	1.11025
110	8	1.22536
110	34	1.26341
110	39	1.12258
110	71	1.2883
110	86	1.18219
110	95	1.24082
110	97	1.20738
110	103	0.710081
110	106	1.1688
110	112	1.13647
110	113	1.21789
110	119	1.15346
110	132	1.20399
110	141	0.761326
110	143	0.811078
110	147	0.699294
110	153	0.796019
110	158	0.722938
110	162	1.22608
110	165	0.773716
110	169	0.739415
110	172	1.14291
110	173	0.820736
110	180	0.775895
111	1	1.25188
111	18	1.10106
111	22	1.20029
111	33	1.28851
111	40	1.13077
111	46	1.18909
111	50	1.31963
111	82	1.27201
111	83	1.25015
111	96	1.17171
111	105	1.20094
111	115	1.07772
111	118	0.796219
111	125	0.719285
111	140	1.17189
111	153	0.788352
111	159	0.756304
111	164	1.16575
111	165	0.766049
111	166	0.713215
111	170	0.713869
111	175	0.862229
111	178	0.764327
111	180	0.768228
112	8	1.13619
112	34	1.17425
112	39	1.03342
112	60	1.19592
112	66	0.775811
112	71	1.19914
112	84	0.897602
112	86	1.09303
112	97	1.11822
112	100	1.11817
112	106	1.07964
112	110	1.13647
112	113	1.12873
112	119	1.0643
112	132	1.11483
112	138	0.7855
112	149	0.773714
112	151	0.809187
112	154	0.79532
112	159	0.854398
112	162	1.13692
112	172	1.05375
112	175	0.960323
112	180	0.866322
113	8	1.21762
113	60	1.27734
113	71	1.28056
113	84	0.797798
113	86	1.17446
113	92	0.738091
113	95	1.23308
113	97	1.19964
113	100	1.19959
113	106	1.16107
113	110	1.21789
113	112	1.12873
113	119	1.14572
113	127	0.752259
113	132	1.19625
113	142	0.741446
113	143	0.801701
113	152	0.679812
113	162	1.21834
113	168	0.747209
113	172	1.13517
113	177	0.775356
113	179	0.755641
113	180	0.766518
114	5	1.19525
114	42	1.37752
114	72	1.35582
114	75	0.594954
114	78	1.30589
114	88	1.37551
114	92	0.658905
114	108	1.28237
114	116	1.45366
114	117	1.33279
114	132	1.3489
114	140	0.663073
114	142	0.66226
114	143	0.722516
114	156	1.30305
114	160	1.35432
114	163	0.690588
114	168	0.668023
114	171	0.616301
114	177	0.69617
114	180	0.687332
115	27	1.19746
115	40	0.953875
115	45	0.93122
115	49	1.06251
115	50	1.14273
115	54	1.00153
115	55	0.98457
115	65	0.841039
115	77	0.967412
115	90	0.909429
115	96	0.994815
115	103	1.07335
115	105	1.02405
115	111	1.07772
115	116	0.840737
115	119	0.964548
115	140	0.994987
115	148	0.896492
115	154	1.04708
115	156	0.963334
115	157	1.00619
115	163	1.01071
115	175	0.930946
115	177	0.986085
115	180	0.985177
116	5	1.13346
116	42	1.31574
116	62	1.32073
116	72	1.29404
116	78	1.2441
116	88	1.31373
116	103	0.634458
116	108	1.22058
116	114	1.45366
116	115	0.840737
116	117	1.27101
116	132	1.28711
116	138	0.61945
116	151	0.643136
116	156	1.24127
116	160	1.29254
116	163	0.703527
116	166	0.645259
116	170	0.645913
116	173	0.745113
116	175	0.794273
116	179	0.689394
117	5	1.01259
117	18	1.04881
117	28	1.1578
117	38	1.22458
117	42	1.19487
117	62	1.19986
117	66	0.710851
117	72	1.17317
117	78	1.12323
117	88	1.19285
117	91	0.672787
117	108	1.09971
117	114	1.33279
117	116	1.27101
117	132	1.16624
117	143	0.836545
117	155	0.719125
117	156	1.12039
117	160	1.17167
117	165	0.799183
117	169	0.764882
117	171	0.73033
117	172	0.804301
117	176	1.0258
117	180	0.801362
118	4	0.824133
118	13	0.713445
118	31	0.960374
118	67	1.17791
118	74	0.868546
118	85	1.15244
118	94	0.765861
118	97	0.829509
118	106	0.877465
118	109	1.10351
118	111	0.796219
118	126	0.818735
118	143	1.05341
118	150	1.13893
118	151	1.11259
118	155	1.12312
118	161	1.16364
118	170	1.12632
118	171	1.14231
118	173	1.02905
118	175	1.00856
118	176	0.943799
118	177	1.0637
118	178	1.06769
118	180	1.06279
119	8	1.15319
119	28	0.800559
119	34	1.19124
119	39	1.05041
119	60	1.21291
119	71	1.21613
119	86	1.11003
119	95	1.16865
119	97	1.13521
119	100	1.13516
119	106	1.09663
119	110	1.15346
119	112	1.0643
119	113	1.14572
119	115	0.964548
119	132	1.13182
119	143	0.859265
119	147	0.74748
119	150	0.767934
119	161	0.734515
119	162	1.15391
119	169	0.787602
119	170	0.769723
119	172	1.07074
119	175	0.918083
119	179	0.813205
120	17	0.914616
120	44	0.761424
120	61	0.721702
120	87	0.769844
120	101	0.744912
120	104	0.749148
120	128	1.15038
120	129	0.725223
120	131	0.758095
120	133	0.737951
120	134	1.21605
120	135	0.736736
120	138	1.2196
120	145	1.06855
120	149	1.18148
120	152	1.19407
120	154	1.18024
120	168	1.13173
120	171	1.19785
120	173	1.08459
120	174	1.1496
120	175	1.0641
120	176	0.999339
120	177	1.11924
120	178	1.12323
120	180	1.11833
121	53	1.25852
121	90	1.23361
121	93	1.24092
121	98	1.19482
121	102	0.77841
121	122	1.19067
121	124	1.15922
121	126	1.16778
121	129	1.17318
121	130	1.14623
121	131	1.13952
121	133	1.1789
121	135	1.18334
121	137	1.15941
121	138	0.736672
121	140	0.793234
121	147	0.740893
121	152	0.730788
121	154	0.746492
121	158	0.764537
121	162	1.20541
121	164	1.13058
121	165	1.13771
121	166	0.762482
121	173	0.862335
121	177	0.826332
121	178	0.813593
122	21	1.1567
122	80	1.23831
122	89	0.747378
122	93	1.24731
122	98	1.20121
122	121	1.19067
122	124	1.16561
122	126	1.17417
122	129	1.17957
122	130	1.15262
122	131	1.14591
122	133	1.18529
122	135	1.18972
122	137	1.1658
122	141	0.801185
122	142	0.790682
122	143	0.850937
122	149	0.723146
122	150	0.759606
122	152	0.729048
122	162	1.2118
122	164	1.13697
122	165	1.1441
122	170	0.761396
122	174	0.771382
122	178	0.811853
122	179	0.804877
123	16	0.751596
123	43	0.76704
123	56	0.832585
123	81	0.679281
123	84	1.15466
123	86	0.728463
123	87	0.780286
123	98	0.75681
123	106	0.784009
123	134	1.22283
123	143	1.11573
123	147	1.19463
123	148	0.690562
123	154	1.18702
123	155	1.18544
123	158	1.19067
123	164	0.771134
123	166	1.16113
123	167	0.719196
123	168	1.13852
123	169	1.17494
123	171	1.20464
123	173	1.09138
123	174	1.15638
123	176	1.00612
123	177	1.12602
123	178	1.13001
123	180	1.12511
124	21	1.12524
124	24	0.72776
124	80	1.20685
124	90	1.20855
124	98	1.16976
124	107	0.799657
124	109	0.7726
124	121	1.15922
124	122	1.16561
124	125	0.76636
124	126	1.14271
124	127	0.801044
124	129	1.14812
124	130	1.12117
124	131	1.11445
124	133	1.15384
124	135	1.15827
124	137	1.13435
124	142	0.79023
124	145	0.896271
124	148	1.17059
124	149	0.722695
124	150	0.759155
124	156	1.1124
124	159	1.10893
124	162	1.18034
124	175	0.909304
124	179	0.804426
125	34	0.71483
125	35	0.8776
125	49	0.76614
125	57	0.707184
125	99	0.75143
125	104	0.776112
125	109	1.17867
125	111	0.719285
125	124	0.76636
125	126	0.741801
125	127	1.14549
125	143	1.12856
125	148	0.707083
125	149	1.2011
125	150	1.21409
125	153	1.13387
125	155	1.19827
125	161	1.2388
125	163	1.16348
125	167	0.735717
125	168	1.15135
125	169	1.18778
125	173	1.10421
125	175	1.08372
125	176	1.01896
125	177	1.13886
125	178	1.14285
125	180	1.13795
126	21	1.1338
126	53	1.24201
126	90	1.21711
126	93	1.22441
126	98	1.17831
126	118	0.818735
126	121	1.16778
126	122	1.17417
126	124	1.14271
126	125	0.741801
126	129	1.15667
126	130	1.12972
126	131	1.12301
126	133	1.1624
126	135	1.16683
126	137	1.1429
126	145	0.871712
126	147	0.714143
126	148	1.17915
126	150	0.734597
126	151	0.733609
126	152	0.704038
126	155	0.708507
126	156	1.12096
126	162	1.1889
126	165	1.1212
126	173	0.835585
126	176	1.01518
126	177	0.799582
126	179	0.779867
127	19	0.839086
127	39	0.912997
127	69	0.846735
127	76	0.836708
127	88	0.767698
127	89	1.12948
127	101	0.806559
127	102	1.1318
127	103	1.16525
127	113	0.752259
127	124	0.801044
127	125	1.14549
127	129	0.786871
127	145	1.0273
127	146	1.16877
127	148	0.741767
127	150	1.15322
127	153	1.073
127	154	1.13899
127	161	1.17793
127	167	0.770401
127	169	1.12691
127	171	1.1566
127	173	1.04334
127	174	1.10835
127	175	1.02285
127	176	0.958091
127	177	1.07799
127	178	1.08198
127	180	1.07708
128	1	0.759813
128	21	0.842337
128	41	0.753487
128	43	0.802841
128	61	0.767945
128	68	0.820119
128	72	0.796269
128	92	1.14491
128	93	0.753542
128	98	0.792611
128	120	1.15038
128	129	0.771467
128	132	0.744446
128	143	1.09221
128	151	1.15139
128	152	1.17733
128	158	1.16714
128	161	1.20244
128	165	1.11239
128	168	1.11499
128	169	1.15142
128	170	1.16512
128	171	1.18111
128	173	1.06785
128	174	1.13286
128	175	1.04736
128	176	0.982599
128	178	1.10649
128	180	1.10159
129	53	1.24741
129	80	1.22081
129	90	1.22251
129	98	1.18372
129	107	0.785484
129	120	0.725223
129	121	1.17318
129	122	1.17957
129	124	1.14812
129	126	1.15667
129	127	0.786871
129	128	0.771467
129	130	1.13513
129	131	1.12841
129	133	1.1678
129	135	1.17223
129	137	1.14831
129	141	0.786561
129	145	0.882099
129	147	0.724529
129	148	1.18456
129	156	1.12637
129	159	1.12289
129	160	0.733538
129	164	1.11948
129	165	1.12661
129	166	0.746118
129	169	0.76465
129	173	0.845971
129	177	0.809968
130	21	1.11225
130	26	0.632313
130	80	1.19386
130	89	0.770303
130	90	1.19556
130	92	0.810252
130	93	1.20286
130	98	1.15677
130	121	1.14623
130	122	1.15262
130	124	1.12117
130	126	1.12972
130	129	1.13513
130	131	1.10146
130	133	1.14085
130	135	1.14528
130	137	1.12136
130	142	0.813607
130	145	0.919647
130	148	1.1576
130	150	0.782531
130	151	0.781544
130	156	1.09941
130	158	0.785722
130	159	1.09594
130	162	1.16735
130	164	1.09253
130	172	0.841618
130	173	0.88352
130	177	0.847517
130	180	0.838679
131	21	1.10554
131	53	1.21375
131	80	1.18715
131	82	0.691888
131	90	1.18885
131	93	1.19615
131	98	1.15005
131	120	0.758095
131	121	1.13952
131	122	1.14591
131	124	1.11445
131	126	1.12301
131	129	1.12841
131	130	1.10146
131	133	1.13414
131	135	1.13857
131	137	1.11464
131	142	0.808929
131	145	0.91497
131	148	1.15089
131	151	0.776866
131	156	1.0927
131	159	1.08923
131	161	0.744435
131	162	1.16064
131	170	0.779643
131	171	0.76297
131	172	0.836941
131	174	0.78963
131	176	1.05844
131	178	0.830101
132	9	1.21746
132	16	1.19995
132	31	1.07959
132	51	1.10909
132	68	1.13272
132	70	1.26606
132	78	1.13934
132	82	0.631996
132	88	1.20896
132	92	0.745682
132	106	1.14716
132	107	0.758463
132	108	1.11582
132	110	1.20399
132	112	1.11483
132	113	1.19625
132	114	1.3489
132	116	1.28711
132	117	1.16624
132	119	1.13182
132	128	0.744446
132	139	0.844147
132	154	0.703107
132	159	0.762186
132	162	1.20444
132	163	0.777365
132	169	0.737629
132	172	1.12127
132	176	0.998545
132	178	0.770209
132	179	0.763232
132	180	0.774109
133	53	1.25314
133	80	1.22654
133	82	0.671744
133	89	0.745481
133	90	1.22823
133	93	1.23554
133	98	1.18944
133	120	0.737951
133	121	1.1789
133	122	1.18529
133	124	1.15384
133	126	1.1624
133	129	1.1678
133	130	1.14085
133	131	1.13414
133	135	1.17796
133	137	1.15403
133	138	0.733035
133	144	0.769603
133	148	1.19028
133	152	0.727151
133	155	0.73162
133	156	1.13209
133	159	1.12861
133	162	1.20003
133	163	0.817113
133	165	1.13233
133	166	0.758845
133	171	0.742826
133	174	0.769486
133	176	1.03829
133	178	0.809957
134	1	0.716396
134	8	0.746954
134	13	0.612374
134	14	0.759206
134	21	0.798921
134	60	0.688078
134	70	0.67057
134	71	0.692628
134	72	0.752853
134	105	0.78605
134	106	0.776394
134	108	0.802402
134	120	1.21605
134	123	1.22283
134	143	1.15787
134	144	1.21376
134	145	1.11747
134	153	1.16318
134	154	1.22916
134	156	0.749788
134	158	1.2328
134	159	1.17434
134	163	1.19279
134	166	1.20327
134	171	1.24677
134	173	1.13352
134	174	1.19852
134	175	1.11302
134	176	1.04826
134	177	1.16816
134	178	1.17215
134	180	1.16725
135	24	0.7251
135	53	1.25757
135	67	0.709813
135	80	1.23097
135	90	1.23266
135	93	1.23997
135	98	1.19387
135	103	0.746829
135	120	0.736736
135	121	1.18334
135	122	1.18972
135	124	1.15827
135	126	1.16683
135	129	1.17223
135	130	1.14528
135	131	1.13857
135	133	1.17796
135	137	1.15846
135	148	1.19471
135	149	0.720035
135	156	1.13652
135	158	0.759686
135	159	1.13304
135	161	0.723076
135	163	0.815899
135	164	1.12963
135	165	1.13676
135	166	0.757631
135	172	0.815582
135	173	0.857484
135	177	0.821481
135	180	0.812643
136	2	1.16759
136	10	1.19469
136	28	1.15321
136	35	1.07767
136	44	1.15403
136	52	1.24108
136	57	1.23694
136	59	1.10522
136	74	1.12971
136	77	1.13435
136	79	1.22327
136	87	1.16369
136	91	0.70548
136	94	1.20873
136	101	1.13012
136	103	0.768241
136	104	1.14269
136	139	0.904092
136	144	0.7898
136	154	0.763052
136	159	1.11233
136	161	0.744488
136	164	1.10892
136	165	1.11605
136	167	1.1569
136	168	0.814745
136	169	0.797574
136	170	0.779696
136	172	0.836994
136	173	0.878896
136	174	0.789683
136	178	0.830154
136	179	1.12137
137	21	1.12543
137	53	1.23365
137	62	0.657737
137	80	1.20705
137	82	0.681743
137	90	1.20874
137	93	1.21605
137	98	1.16995
137	121	1.15941
137	122	1.1658
137	124	1.13435
137	126	1.1429
137	129	1.14831
137	130	1.12136
137	131	1.11464
137	133	1.15403
137	135	1.15846
137	142	0.798785
137	147	0.747255
137	153	0.843981
137	156	1.1126
137	159	1.10912
137	160	0.756264
137	162	1.18054
137	164	1.10571
137	165	1.11284
137	168	0.804547
137	170	0.769499
137	172	0.826796
137	176	1.04829
137	177	0.832695
137	178	0.819956
137	179	0.81298
138	2	0.730682
138	22	0.773222
138	44	0.756509
138	69	0.780172
138	70	0.662829
138	71	0.684886
138	95	0.687151
138	97	0.720696
138	102	1.22552
138	107	1.19955
138	108	0.794661
138	112	0.7855
138	116	0.61945
138	120	1.2196
138	121	0.736672
138	133	0.733035
138	140	1.18062
138	143	1.16143
138	146	1.26249
138	147	1.24033
138	149	1.23396
138	153	1.16673
138	158	1.23636
138	162	0.68938
138	166	1.20682
138	168	1.18421
138	170	1.23434
138	173	1.13707
138	175	1.11658
138	176	1.05182
138	177	1.17172
138	178	1.17571
138	179	1.18693
138	180	1.17081
139	5	1.02925
139	9	0.81733
139	20	0.781292
139	58	0.944083
139	81	0.814783
139	90	0.839001
139	94	0.807907
139	96	0.918862
139	97	0.871556
139	103	1.12684
