1	13	0.691264
1	23	0.695491
1	31	0.735264
1	36	0.67358
1	42	0.737034
1	52	0.713282
1	54	0.713266
1	55	0.713251
1	56	0.778985
1	168	2.41557
1	170	0.749042
1	176	3.87243
2	80	0.807782
2	108	0.841175
2	114	0.823036
2	129	0.861136
2	138	0.843436
2	139	0.837175
2	161	0.815517
2	162	0.829421
2	172	0.771124
2	174	4.38765
2	175	1.6204
3	8	0.691161
3	13	0.696303
3	23	0.700529
3	31	0.740302
3	36	0.678619
3	52	0.718321
3	54	0.718305
3	55	0.71829
3	56	0.784024
3	152	3.88753
3	155	2.52578
3	170	0.75408
4	106	0.740876
4	108	0.727354
4	114	0.709215
4	124	0.727962
4	129	0.747315
4	136	0.70992
4	138	0.729614
4	139	0.723354
4	142	0.727733
4	169	3.0217
4	171	3.25395
4	172	0.657303
5	10	0.709467
5	14	2.37959
5	53	0.719381
5	57	0.769421
5	58	0.704173
5	62	0.704218
5	115	0.73575
5	119	3.58935
5	141	0.721698
5	144	0.748914
5	165	0.671781
5	177	0.713701
6	9	0.771952
6	12	0.681987
6	16	0.68203
6	18	0.682443
6	45	0.71
6	49	0.710038
6	60	0.771734
6	74	0.711374
6	119	2.19994
6	122	4.03672
6	134	0.723991
6	149	0.752653
7	63	0.805709
7	80	0.781727
7	98	0.829563
7	107	0.814892
7	114	0.796981
7	136	0.797686
7	138	0.817381
7	139	0.81112
7	159	2.89467
7	169	1.54882
7	172	0.745069
7	180	2.57797
8	3	0.691161
8	17	0.691058
8	31	0.735854
8	36	0.674171
8	42	0.737624
8	52	0.713872
8	54	0.713856
8	55	0.713842
8	56	0.779575
8	93	3.09387
8	163	3.15271
8	170	0.749632
9	6	0.771952
9	12	0.777166
9	16	0.777209
9	18	0.777622
9	34	0.81612
9	45	0.805179
9	49	0.805217
9	76	1.31324
9	134	0.819169
9	148	2.24234
9	149	0.847832
9	167	3.41373
10	5	0.709467
10	53	0.719451
10	57	0.769491
10	58	0.704243
10	62	0.704288
10	115	0.73582
10	141	0.721768
10	144	0.748984
10	161	3.68484
10	163	2.5941
10	165	0.671851
10	177	0.71377
11	47	0.742842
11	67	0.756894
11	68	0.69788
11	79	0.736588
11	85	0.722853
11	141	0.720305
11	142	0.723391
11	151	3.0333
11	153	0.745001
11	156	0.686438
11	157	3.23999
11	159	0.667722
12	6	0.681987
12	9	0.777166
12	16	0.687244
12	18	0.687657
12	34	0.726155
12	45	0.715215
12	49	0.715252
12	69	0.719861
12	134	0.729205
12	135	2.34907
12	149	0.757867
12	162	3.98437
13	1	0.691264
13	3	0.696303
13	17	0.6962
13	31	0.740996
13	36	0.679312
13	52	0.719014
13	54	0.718998
13	55	0.718983
13	56	0.784717
13	117	2.84664
13	134	3.3173
13	170	0.754773
14	5	2.37959
14	62	0.792563
14	128	0.19932
14	135	0.858742
14	146	0.787684
14	154	0.78701
14	161	0.804214
14	170	0.866442
14	171	0.794961
14	175	0.762454
14	179	0.760869
14	180	0.777771
15	67	0.839461
15	68	0.780448
15	79	0.819155
15	85	0.805421
15	86	1.89396
15	141	0.802873
15	142	0.805958
15	149	2.11041
15	153	0.827568
15	156	0.769006
15	159	0.75029
15	170	2.94718
16	6	0.68203
16	9	0.777209
16	12	0.687244
16	18	0.687699
16	34	0.726198
16	45	0.715257
16	49	0.715294
16	69	0.719903
16	101	3.2726
16	131	3.06478
16	134	0.729247
16	149	0.757909
17	8	0.691058
17	13	0.6962
17	23	0.700426
17	36	0.678516
17	42	0.741969
17	52	0.718218
17	54	0.718202
17	55	0.718187
17	56	0.783921
17	117	2.84664
17	134	3.3173
17	170	0.753977
18	6	0.682443
18	9	0.777622
18	12	0.687657
18	16	0.687699
18	34	0.726611
18	45	0.71567
18	49	0.715708
18	74	0.717043
18	104	1.73803
18	134	0.72966
18	149	0.758322
18	179	4.56353
19	32	0.73608
19	33	0.742609
19	50	0.77879
19	51	0.711169
19	71	0.688869
19	75	0.731726
19	83	0.71385
19	84	0.713848
19	89	0.713846
19	140	2.93409
19	150	3.33148
19	166	0.66905
20	30	0.740301
20	32	0.740354
20	33	0.746882
20	51	0.715443
20	71	0.693143
20	75	0.736
20	83	0.718123
20	84	0.718122
20	89	0.71812
20	122	1.6347
20	166	0.673324
20	178	4.73252
21	72	0.764275
21	98	0.802236
21	107	0.787566
21	124	0.788401
21	125	1.70521
21	129	0.807754
21	136	0.770359
21	138	0.790054
21	139	0.783793
21	142	0.788172
21	160	2.18783
21	165	3.53444
21	172	0.717742
22	32	0.800782
22	33	0.807311
22	40	0.796461
22	51	0.775871
22	71	0.753571
22	75	0.796428
22	83	0.778552
22	84	0.77855
22	89	0.778548
22	116	1.8632
22	146	3.38556
22	166	0.733752
22	170	2.08765
23	1	0.695491
23	3	0.700529
23	17	0.700426
23	31	0.745222
23	36	0.683539
23	42	0.746992
23	52	0.72324
23	54	0.723224
23	55	0.72321
23	97	3.8747
23	170	0.759
23	178	2.61992
24	44	0.806873
24	72	0.768623
24	93	2.2038
24	100	2.04938
24	114	0.774002
24	124	0.792749
24	129	0.812102
24	136	0.774707
24	138	0.794402
24	139	0.788141
24	150	3.1732
24	161	0.766483
24	172	0.72209
25	53	0.798281
25	57	0.84832
25	58	0.783073
25	62	0.783118
25	95	3.08392
25	115	0.81465
25	116	2.12988
25	120	1.62536
25	141	0.800598
25	144	0.827814
25	165	0.750681
25	177	0.7926
26	65	0.7785
26	94	0.818091
26	112	1.22659
26	113	0.79791
26	118	0.792971
26	121	0.785969
26	123	0.777321
26	127	0.801365
26	128	0.773231
26	133	0.766615
26	158	2.14696
26	178	0.708255
26	179	4.02897
27	106	1.58028
27	109	2.14263
27	112	0.783468
27	155	0.717383
27	157	0.765741
27	164	0.720582
27	173	0.694357
27	174	0.669302
27	175	0.688792
27	176	0.685968
27	178	0.683341
27	179	0.687208
27	180	0.70411
28	59	0.761111
28	107	0.772758
28	108	0.772986
28	114	0.754847
28	124	0.773594
28	129	0.792947
28	136	0.755552
28	139	0.768986
28	144	0.797495
28	152	4.06769
28	161	0.747327
28	162	1.86169
28	164	2.05016
28	172	0.702935
29	35	0.732985
29	47	0.72
29	67	0.734052
29	68	0.675038
29	79	0.713746
29	81	3.25988
29	85	0.700011
29	131	0.695082
29	141	0.697463
29	142	0.700549
29	149	3.76133
29	153	0.722159
29	156	0.663596
29	159	0.644881
30	20	0.740301
30	32	0.78313
30	40	0.778808
30	50	0.825839
30	51	0.758219
30	71	0.735919
30	75	0.778776
30	83	0.760899
30	84	0.760898
30	89	0.760896
30	119	0.991623
30	166	0.7161
30	168	3.64856
30	169	3.11751
31	1	0.735264
31	3	0.740302
31	8	0.735854
31	13	0.740996
31	23	0.745222
31	42	0.786765
31	52	0.763013
31	54	0.762998
31	55	0.762983
31	56	0.828717
31	162	2.29724
31	169	1.88908
31	170	0.798773
31	179	3.69633
32	19	0.73608
32	20	0.740354
32	22	0.800782
32	30	0.78313
32	50	0.825892
32	71	0.735972
32	75	0.778829
32	83	0.760952
32	84	0.760951
32	89	0.760949
32	91	3.0883
32	166	0.716152
32	177	0.928695
32	178	3.87132
33	19	0.742609
33	20	0.746882
33	22	0.807311
33	40	0.78539
33	51	0.7648
33	71	0.7425
33	75	0.785357
33	83	0.767481
33	84	0.767479
33	89	0.767477
33	116	2.32478
33	132	2.94896
33	163	2.41267
33	166	0.722681
34	9	0.81612
34	12	0.726155
34	16	0.726198
34	18	0.726611
34	45	0.754169
34	49	0.754206
34	60	0.815902
34	69	0.758815
34	74	0.755542
34	100	1.12326
34	134	0.768159
34	149	0.796821
34	164	2.66429
34	176	4.05559
35	29	0.732985
35	67	0.80611
35	68	0.747097
35	79	0.785804
35	85	0.77207
35	122	2.6943
35	131	0.76714
35	134	1.29978
35	141	0.769522
35	142	0.772607
35	153	0.794217
35	156	0.735655
35	159	0.716939
35	165	3.79537
36	1	0.67358
36	3	0.678619
36	8	0.674171
36	13	0.679312
36	17	0.678516
36	23	0.683539
36	42	0.725082
36	52	0.70133
36	54	0.701314
36	55	0.7013
36	56	0.767033
36	87	2.63316
36	157	4.39968
36	170	0.73709
37	80	0.74224
37	98	0.790076
37	108	0.775633
37	114	0.757494
37	124	0.776241
37	129	0.795594
37	136	0.758199
37	138	0.777894
37	139	0.771633
37	160	1.54195
37	161	0.749975
37	170	1.48199
37	172	0.705582
37	178	4.88532
38	64	0.708883
38	92	1.6982
38	105	2.34726
38	137	0.720701
38	140	0.72769
38	150	0.718047
38	160	0.749565
38	162	0.719672
38	168	0.692737
38	171	0.699717
38	174	0.647719
38	175	0.667209
38	179	0.665624
38	180	0.682526
39	92	0.799232
39	99	0.77863
39	103	0.766944
39	121	0.76818
39	123	0.759532
39	126	0.793751
39	127	0.783576
39	128	0.755442
39	130	0.755495
39	133	0.748826
39	147	3.21797
39	155	3.24416
39	157	1.40203
39	178	0.690466
40	22	0.796461
40	30	0.778808
40	33	0.78539
40	50	0.82157
40	71	0.73165
40	75	0.774507
40	83	0.756631
40	84	0.756629
40	89	0.756627
40	95	0.729975
40	135	0.797344
40	155	3.27689
40	166	0.711831
40	172	3.79262
41	61	1.24852
41	77	1.04237
41	94	1.19966
41	135	0.831184
41	147	0.758722
41	154	0.759453
41	163	0.798107
41	168	0.760424
41	169	0.774379
41	171	0.767404
41	175	0.734896
41	176	0.732072
41	179	0.733311
41	180	0.750213
42	1	0.737034
42	8	0.737624
42	17	0.741969
42	23	0.746992
42	31	0.786765
42	36	0.725082
42	52	0.764784
42	54	0.764768
42	55	0.764753
42	56	0.830487
42	122	0.922633
42	170	0.800543
42	172	2.97987
42	178	4.02046
43	65	0.763268
43	102	0.774515
43	103	0.769501
43	123	0.762089
43	126	0.796307
43	127	0.786132
43	128	0.757999
43	130	0.758051
43	133	0.751382
43	153	0.787882
43	170	0.986371
43	174	6.2159
43	177	1.34189
43	178	0.693022
44	24	0.806873
44	59	0.742268
44	72	0.730625
44	95	2.73574
44	98	0.768587
44	106	0.767665
44	108	0.754144
44	122	2.31165
44	129	0.774104
44	136	0.73671
44	138	0.756404
44	139	0.750144
44	161	0.728485
44	168	3.13181
44	172	0.684092
45	6	0.71
45	9	0.805179
45	12	0.715215
45	16	0.715257
45	18	0.71567
45	34	0.754169
45	49	0.743265
45	60	0.804961
45	69	0.747874
45	74	0.744601
45	115	2.60862
45	131	2.78881
45	134	0.757218
45	149	0.78588
45	177	2.84397
46	90	2.03217
46	99	0.768161
46	102	0.761489
46	111	0.737911
46	113	0.769652
46	121	0.757711
46	123	0.749063
46	127	0.773107
46	128	0.744973
46	130	0.745026
46	133	0.738357
46	150	2.29971
46	153	0.774857
46	172	3.88845
46	178	0.679997
47	11	0.742842
47	29	0.72
47	67	0.793125
47	68	0.734111
47	78	2.07512
47	79	0.772819
47	85	0.759084
47	131	0.754155
47	141	0.756536
47	142	0.759622
47	153	0.781232
47	156	0.722669
47	159	0.703953
47	163	2.61612
47	171	3.57952
48	79	0.864173
48	83	0.850252
48	84	0.85025
48	85	0.850439
48	89	0.850248
48	96	2.50373
48	101	1.38968
48	141	0.84789
48	145	1.23857
48	153	0.872586
48	156	0.814024
48	159	0.795308
48	166	0.805452
48	173	3.55043
49	6	0.710038
49	9	0.805217
49	12	0.715252
49	16	0.715294
49	18	0.715708
49	34	0.754206
49	45	0.743265
49	60	0.804998
49	69	0.747911
49	70	1.11117
49	74	0.744638
49	96	3.28065
49	134	0.757255
49	149	0.785917
49	172	3.91597
50	19	0.77879
50	30	0.825839
50	32	0.825892
50	40	0.82157
50	51	0.800981
50	64	2.6965
50	71	0.778681
50	75	0.821538
50	83	0.803662
50	84	0.80366
50	89	0.803658
50	95	0.777006
50	131	1.86871
50	154	2.36932
50	161	2.41736
50	166	0.758862
51	19	0.711169
51	20	0.715443
51	22	0.775871
51	30	0.758219
51	33	0.7648
51	50	0.800981
51	71	0.71106
51	74	2.7057
51	75	0.753918
51	83	0.736041
51	84	0.736039
51	89	0.736038
51	95	0.709385
51	120	2.84025
51	135	2.93667
51	166	0.691241
52	1	0.713282
52	3	0.718321
52	8	0.713872
52	13	0.719014
52	17	0.718218
52	23	0.72324
52	31	0.763013
52	36	0.70133
52	42	0.764784
52	54	0.741016
52	55	0.741001
52	56	0.806735
52	155	3.15264
52	156	2.49476
52	170	0.776791
52	180	2.92939
53	5	0.719381
53	10	0.719451
53	25	0.798281
53	57	0.779405
53	58	0.714157
53	62	0.714202
53	87	0.785002
53	90	0.728392
53	115	0.745734
53	141	0.731682
53	144	0.758898
53	148	2.82436
53	157	2.4941
53	165	0.681765
53	171	3.31608
53	177	0.723684
54	1	0.713266
54	3	0.718305
54	8	0.713856
54	13	0.718998
54	17	0.718202
54	23	0.723224
54	31	0.762998
54	36	0.701314
54	42	0.764768
54	52	0.741016
54	55	0.740985
54	56	0.806719
54	135	1.52739
54	140	2.53655
54	170	0.776775
54	179	4.56178
55	1	0.713251
55	3	0.71829
55	8	0.713842
55	13	0.718983
55	17	0.718187
55	23	0.72321
55	31	0.762983
55	36	0.7013
55	42	0.764753
55	52	0.741001
55	54	0.740985
55	56	0.806704
55	143	1.07296
55	166	2.89002
55	170	0.776761
55	178	4.75701
56	1	0.778985
56	3	0.784024
56	8	0.779575
56	13	0.784717
56	17	0.783921
56	31	0.828717
56	36	0.767033
56	42	0.830487
56	52	0.806735
56	54	0.806719
56	55	0.806704
56	76	0.968788
56	104	1.13911
56	161	2.51695
56	170	0.842495
56	175	4.78678
57	5	0.769421
57	10	0.769491
57	25	0.84832
57	53	0.779405
57	58	0.764197
57	62	0.764242
57	87	0.835042
57	90	0.778432
57	93	0.905467
57	115	0.795774
57	141	0.781722
57	144	0.808938
57	165	0.731805
57	170	1.10086
57	175	4.32488
57	177	0.773724
57	179	3.50271
58	5	0.704173
58	10	0.704243
58	25	0.783073
58	53	0.714157
58	57	0.764197
58	60	0.782822
58	62	0.698994
58	66	2.23549
58	76	2.42331
58	87	0.769794
58	90	0.713184
58	115	0.730526
58	141	0.716474
58	144	0.74369
58	156	4.2064
58	165	0.666557
58	177	0.708476
59	28	0.761111
59	44	0.742268
59	77	0.74965
59	82	0.739959
59	88	0.74647
59	100	2.22377
59	107	0.72731
59	108	0.727538
59	114	0.709398
59	124	0.728145
59	129	0.747498
59	136	0.710103
59	138	0.729798
59	139	0.723537
59	140	2.95019
59	156	3.7627
59	172	0.657486
60	6	0.771734
60	34	0.815902
60	45	0.804961
60	49	0.804998
60	58	0.782822
60	62	0.782867
60	134	0.818951
60	141	0.800347
60	144	0.827563
60	149	0.847613
60	152	2.60129
60	156	1.21585
60	165	0.75043
60	167	0.899056
60	174	5.3838
60	177	0.792349
61	41	1.24852
61	109	0.74435
61	111	0.727306
61	114	0.724123
61	118	0.754108
61	124	0.74287
61	128	0.734368
61	129	0.762223
61	130	0.734421
61	133	0.727751
61	136	0.724828
61	138	0.744523
61	139	0.738262
61	158	3.06632
61	165	3.95305
61	172	0.672211
61	178	0.669392
62	5	0.704218
62	10	0.704288
62	14	0.792563
62	25	0.783118
62	53	0.714202
62	57	0.764242
62	58	0.698994
62	60	0.782867
62	87	0.769839
62	90	0.713229
62	115	0.730571
62	141	0.716519
62	144	0.743735
62	151	3.33179
62	165	0.666602
62	169	4.1282
62	177	0.708521
63	7	0.805709
63	80	0.696608
63	98	0.744444
63	106	0.743523
63	107	0.729774
63	108	0.730002
63	124	0.730609
63	134	2.05253
63	136	0.712567
63	137	3.25269
63	138	0.732262
63	139	0.726001
63	142	0.730381
63	144	0.754511
63	161	0.704343
63	172	0.65995
63	177	3.60225
64	38	0.708883
64	50	2.6965
64	103	3.36061
64	117	0.755266
64	152	0.66317
64	154	0.670805
64	157	0.723198
64	158	0.698778
64	159	0.658378
64	162	0.698711
64	163	0.70946
64	169	0.685732
64	173	0.651813
64	174	0.626759
64	176	0.643424
64	179	0.644664
64	180	0.661566
65	26	0.7785
65	43	0.763268
65	109	0.738875
65	110	0.728655
65	118	0.748633
65	121	0.741631
65	123	0.732983
65	125	2.22124
65	126	0.767201
65	127	0.757027
65	128	0.728893
65	130	0.728946
65	133	0.722276
65	169	3.2385
65	177	3.1046
65	178	0.663917
66	58	2.23549
66	111	1.88157
66	135	0.794219
66	142	1.64199
66	162	0.750393
66	165	0.712726
66	166	0.720205
66	168	0.723459
66	169	0.737414
66	171	0.730439
66	173	0.703495
66	174	0.678441
66	175	0.697931
66	176	0.695107
66	177	0.754645
66	178	0.692479
66	179	0.696346
66	180	0.713248
67	11	0.756894
67	15	0.839461
67	29	0.734052
67	35	0.80611
67	47	0.793125
67	68	0.748163
67	69	2.32123
67	79	0.786871
67	85	0.773136
67	131	0.768207
67	132	2.75977
67	141	0.770588
67	142	0.773674
67	148	2.69516
67	153	0.795284
67	156	0.736721
67	159	0.718006
67	170	2.36003
68	11	0.69788
68	15	0.780448
68	29	0.675038
68	35	0.747097
68	47	0.734111
68	67	0.748163
68	76	0.767306
68	79	0.727857
68	85	0.714123
68	87	2.12581
68	117	2.32779
68	131	0.709193
68	141	0.711574
68	142	0.71466
68	153	0.73627
68	154	4.79361
68	156	0.677708
68	159	0.658992
69	12	0.719861
69	16	0.719903
69	34	0.758815
69	45	0.747874
69	49	0.747911
69	67	2.32123
69	85	1.46837
69	134	0.761864
69	135	0.774835
69	141	1.87704
69	149	0.790526
69	164	0.710337
69	173	0.684111
69	174	0.659057
69	175	0.678547
69	176	0.675723
69	179	0.676963
69	180	0.693864
70	49	1.11117
70	79	1.30083
70	84	0.625143
70	127	1.8662
70	146	0.771383
70	150	0.79699
70	152	0.763074
70	158	0.798682
70	167	0.764718
70	168	0.77168
70	169	0.785636
70	170	0.850141
70	171	0.77866
70	172	0.74352
70	174	0.726662
70	176	0.743328
70	179	0.744568
70	180	0.76147
71	19	0.688869
71	20	0.693143
71	22	0.753571
71	30	0.735919
71	32	0.735972
71	33	0.7425
71	40	0.73165
71	50	0.778681
71	51	0.71106
71	75	0.731618
71	83	0.713741
71	84	0.713739
71	89	0.713738
71	95	0.687085
71	146	4.29641
71	149	2.16172
71	163	2.86194
71	166	0.668941
72	21	0.764275
72	24	0.768623
72	44	0.730625
72	82	0.728316
72	88	0.734827
72	98	0.730337
72	106	0.729416
72	108	0.715894
72	114	0.697755
72	129	0.735855
72	135	2.1336
72	136	0.69846
72	138	0.718155
72	139	0.711894
72	151	2.56433
72	159	4.7066
72	161	0.690236
72	172	0.645843
73	94	0.75733
73	102	0.728986
73	105	0.728015
73	109	0.722452
73	110	0.712232
73	111	0.705408
73	118	0.732209
73	120	1.97164
73	121	0.725208
73	123	0.71656
73	126	0.750778
73	128	0.71247
73	130	0.712523
73	132	3.10034
73	133	0.705853
73	153	0.742353
73	167	4.20713
73	178	0.647494
74	6	0.711374
74	18	0.717043
74	34	0.755542
74	45	0.744601
74	49	0.744638
74	51	2.7057
74	134	0.758591
74	139	1.52291
74	142	1.56026
74	149	0.787253
74	152	0.692195
74	160	0.75763
74	164	0.707064
74	174	0.655784
74	176	0.67245
74	177	0.731989
74	179	0.673689
74	180	0.690591
75	19	0.731726
75	20	0.736
75	22	0.796428
75	30	0.778776
75	32	0.778829
75	33	0.785357
75	40	0.774507
75	50	0.821538
75	51	0.753918
75	71	0.731618
75	83	0.756598
75	84	0.756597
75	89	0.756595
75	95	0.729943
75	145	1.908
75	166	0.711799
75	168	2.57141
75	171	2.2726
75	179	3.8476
76	9	1.31324
76	56	0.968788
76	58	2.42331
76	68	0.767306
76	85	0.792279
76	89	2.19722
76	131	0.78735
76	142	0.792817
76	151	0.804428
76	153	0.814427
76	156	0.755864
76	159	0.737148
76	162	0.777481
76	171	0.757526
76	172	0.722386
76	174	0.705529
76	176	0.722194
76	179	0.723434
76	180	0.740336
77	41	1.04237
77	59	0.74965
77	82	0.773947
77	88	0.780457
77	98	0.775968
77	106	0.775047
77	107	0.761297
77	124	0.762133
77	129	0.781485
77	136	0.744091
77	138	0.763785
77	139	0.757525
77	142	0.761904
77	144	0.786034
77	149	1.50356
77	154	3.24648
77	161	0.735866
77	172	0.691473
77	180	3.96408
78	47	2.07512
78	98	1.68609
78	99	0.680695
78	122	0.817103
78	126	1.46691
78	132	0.78515
78	152	0.754195
78	160	0.81963
78	162	0.789737
78	165	0.752069
78	167	0.75584
78	169	0.776758
78	172	0.734642
78	173	0.742839
78	174	0.717784
78	176	0.73445
78	178	0.731823
78	179	0.73569
78	180	0.752591
79	11	0.736588
79	15	0.819155
79	29	0.713746
79	35	0.785804
79	47	0.772819
79	48	0.864173
79	67	0.786871
79	68	0.727857
79	70	1.30083
79	85	0.75283
79	131	0.747901
79	141	0.750282
79	142	0.753368
79	153	0.774978
79	154	2.64904
79	155	3.5899
79	156	0.716415
79	158	2.26273
79	159	0.697699
80	2	0.807782
80	7	0.781727
80	37	0.74224
80	63	0.696608
80	88	0.724952
80	106	0.719541
80	107	0.705791
80	108	0.706019
80	114	0.68788
80	124	0.706627
80	136	0.688585
80	138	0.70828
80	139	0.702019
80	142	0.706398
80	161	0.680361
80	166	3.65784
80	168	3.24716
80	171	2.94836
80	172	0.635968
81	29	3.25988
81	103	0.78906
81	127	0.970038
81	135	0.824381
81	137	0.781585
81	148	0.808492
81	153	0.360781
81	154	0.752649
81	162	0.780555
81	163	0.791303
81	168	0.75362
81	169	0.767576
81	171	0.7606
81	173	0.733657
81	175	0.728092
81	176	0.725268
81	178	0.722641
81	179	0.726508
81	180	0.743409
82	59	0.739959
82	72	0.728316
82	77	0.773947
82	88	0.770767
82	98	0.766278
82	106	0.765356
82	107	0.751607
82	114	0.733695
82	117	0.965078
82	124	0.752442
82	129	0.771795
82	136	0.7344
82	138	0.754095
82	139	0.747834
82	142	0.752214
82	144	0.776344
82	147	4.34556
82	158	3.04459
82	170	2.52475
82	172	0.681783
83	19	0.71385
83	20	0.718123
83	22	0.778552
83	30	0.760899
83	32	0.760952
83	33	0.767481
83	40	0.756631
83	48	0.850252
83	50	0.803662
83	51	0.736041
83	71	0.713741
83	75	0.756598
83	84	0.73872
83	89	0.738718
83	95	0.712066
83	148	1.24527
83	161	1.86434
83	166	0.693922
83	173	3.68425
83	178	4.31346
84	19	0.713848
84	20	0.718122
84	22	0.77855
84	30	0.760898
84	32	0.760951
84	33	0.767479
84	40	0.756629
84	48	0.85025
84	50	0.80366
84	51	0.736039
84	70	0.625143
84	71	0.713739
84	75	0.756597
84	83	0.73872
84	89	0.738717
84	95	0.712064
84	97	5.7253
84	161	2.0214
84	162	2.06996
84	166	0.69392
85	11	0.722853
85	15	0.805421
85	29	0.700011
85	35	0.77207
85	47	0.759084
85	48	0.850439
85	67	0.773136
85	68	0.714123
85	69	1.46837
85	76	0.792279
85	79	0.75283
85	101	2.12053
85	131	0.734166
85	141	0.736548
85	142	0.739633
85	153	0.761243
85	156	0.702681
85	159	0.683965
85	161	2.46136
85	173	4.28128
86	15	1.89396
86	91	0.749954
86	121	1.46447
86	126	1.09124
86	142	1.37055
86	146	0.756181
86	154	0.755507
86	158	0.78348
86	162	0.783413
86	163	0.794161
86	167	0.749515
86	168	0.756478
86	171	0.763458
86	173	0.736514
86	174	0.71146
86	175	0.73095
86	176	0.728126
86	178	0.725499
86	179	0.729366
86	180	0.746267
87	36	2.63316
87	53	0.785002
87	57	0.835042
87	58	0.769794
87	62	0.769839
87	68	2.12581
87	98	0.601987
87	121	0.756044
87	141	0.787319
87	144	0.814535
87	164	0.754396
87	165	0.737402
87	171	0.755114
87	173	0.728171
87	174	0.703116
87	175	0.722607
87	177	0.779321
87	179	0.721022
87	180	0.737924
88	59	0.74647
88	72	0.734827
88	77	0.780457
88	80	0.724952
88	82	0.770767
88	96	3.81563
88	106	0.771867
88	108	0.758345
88	114	0.740206
88	124	0.758953
88	125	1.66555
88	129	0.778306
88	136	0.740911
88	138	0.760605
88	139	0.754345
88	142	0.758724
88	143	1.80748
88	161	0.732686
88	172	0.688294
88	180	3.71196
89	19	0.713846
89	20	0.71812
89	22	0.778548
89	30	0.760896
89	32	0.760949
89	33	0.767477
89	40	0.756627
89	48	0.850248
89	50	0.803658
89	51	0.736038
89	71	0.713738
89	75	0.756595
89	76	2.19722
89	83	0.738718
89	84	0.738717
89	95	0.712062
89	104	2.36755
89	112	2.39067
89	132	3.19093
89	166	0.693918
90	46	2.03217
90	53	0.728392
90	57	0.778432
90	58	0.713184
90	62	0.713229
90	105	2.4519
90	136	2.44985
90	141	0.73071
90	144	0.757925
90	155	0.694588
90	164	0.697787
90	165	0.680792
90	167	0.684562
90	169	0.70548
90	173	0.671561
90	174	0.646507
90	175	0.665997
90	176	0.663173
90	177	0.722712
90	179	0.664412
90	180	0.681314
91	32	3.0883
91	86	0.749954
91	115	0.702342
91	120	0.701668
91	136	4.56369
91	146	0.648809
91	147	0.647404
91	149	0.735557
91	154	0.648135
91	158	0.676108
91	163	0.686789
91	164	0.655368
91	166	0.645852
91	168	0.649106
91	169	0.663061
91	171	0.656086
91	173	0.629142
91	175	0.623578
91	176	0.620754
91	179	0.621994
91	180	0.638895
92	38	1.6982
92	39	0.799232
92	102	0.78393
92	103	0.778917
92	105	0.782959
92	110	0.767177
92	111	0.760352
92	113	0.792093
92	118	0.787154
92	121	0.780152
92	123	0.771505
92	126	0.805723
92	127	0.795548
92	128	0.767414
92	130	0.767467
92	133	0.760798
92	149	1.02957
92	153	0.797298
92	157	1.30125
92	173	4.07049
92	178	0.702438
92	179	3.69823
93	8	3.09387
93	24	2.2038
93	57	0.905467
93	122	0.781387
93	144	1.86674
93	145	0.770381
93	154	0.726115
93	158	0.754088
93	160	0.783914
93	162	0.754021
93	163	0.764769
93	168	0.727086
93	169	0.741042
93	171	0.734066
93	172	0.698926
93	173	0.707123
93	174	0.682068
93	175	0.701558
93	176	0.698734
93	177	0.758273
93	179	0.699974
93	180	0.716875
94	26	0.818091
94	41	1.19966
94	73	0.75733
94	99	0.791672
94	105	0.784029
94	109	0.778466
94	110	0.768247
94	111	0.761422
94	113	0.793163
94	118	0.788224
94	121	0.781222
94	123	0.772575
94	126	0.806793
94	127	0.796618
94	128	0.768484
94	130	0.768537
94	133	0.761868
94	137	2.60876
94	143	2.21689
94	163	2.36107
94	171	3.32447
94	178	0.703508
95	25	3.08392
95	40	0.729975
95	44	2.73574
95	50	0.777006
95	51	0.709385
95	71	0.687085
95	75	0.729943
95	83	0.712066
95	84	0.712064
95	89	0.712062
95	129	2.67241
95	147	0.668818
95	154	0.669549
95	160	0.727348
95	164	0.676782
95	166	0.667266
95	167	0.663557
95	169	0.684475
95	174	0.625502
95	176	0.642168
95	177	0.701707
95	179	0.643408
95	180	0.660309
96	48	2.50373
96	49	3.28065
96	88	3.81563
96	104	0.76683
96	112	0.743655
96	150	0.699817
96	151	0.728388
96	156	0.679825
96	157	0.725928
96	158	0.701509
96	159	0.661109
96	162	0.701442
96	163	0.71219
96	164	0.680769
96	166	0.671253
96	167	0.667544
96	169	0.688462
96	171	0.681487
96	173	0.654543
96	174	0.629489
96	175	0.648979
96	176	0.646155
96	179	0.647394
96	180	0.664296
97	23	3.8747
97	84	5.7253
97	116	0.694878
97	135	0.708412
97	143	0.739409
97	145	0.680947
97	146	0.637355
97	147	0.63595
97	150	0.662962
97	152	0.629045
97	155	0.640715
97	157	0.689073
97	158	0.664654
97	160	0.69448
97	162	0.664587
97	163	0.675335
97	164	0.643914
97	173	0.617688
97	174	0.592634
97	175	0.612124
97	176	0.6093
97	177	0.668839
97	179	0.61054
97	180	0.627441
98	7	0.829563
98	21	0.802236
98	37	0.790076
98	44	0.768587
98	63	0.744444
98	72	0.730337
98	77	0.775968
98	78	1.68609
98	82	0.766278
98	87	0.601987
98	106	0.767377
98	107	0.753628
98	108	0.753856
98	114	0.735716
98	115	2.58899
98	124	0.754463
98	129	0.773816
98	136	0.736421
98	138	0.756116
98	139	0.749855
98	145	2.82589
98	155	4.21064
98	161	0.728197
98	172	0.683804
99	39	0.77863
99	46	0.768161
99	78	0.680695
99	94	0.791672
99	102	0.763328
99	103	0.758314
99	105	0.762357
99	109	0.756794
99	110	0.746574
99	111	0.73975
99	113	0.771491
99	115	0.892645
99	121	0.75955
99	123	0.750902
99	126	0.78512
99	127	0.774946
99	128	0.746812
99	130	0.746865
99	133	0.740195
99	152	3.06365
99	153	0.776695
99	174	5.84616
99	175	3.07892
99	178	0.681836
100	24	2.04938
100	34	1.12326
100	59	2.22377
100	113	1.58357
100	117	0.836424
100	123	1.09226
100	145	0.79623
100	147	0.751233
100	151	0.806816
100	152	0.744328
100	155	0.755998
100	160	0.809763
100	164	0.759197
100	167	0.745972
100	169	0.76689
100	171	0.759915
100	172	0.724775
100	173	0.732971
100	174	0.707917
100	175	0.727407
100	177	0.784122
100	178	0.721956
100	179	0.725822
100	180	0.742724
101	16	3.2726
101	48	1.38968
101	85	2.12053
101	117	0.789431
101	120	0.758504
101	123	2.05544
101	137	0.733906
101	148	0.760813
101	154	0.70497
101	155	0.709005
101	156	0.711259
101	157	0.757363
101	158	0.732944
101	160	0.76277
101	163	0.743625
101	164	0.712204
101	167	0.698979
101	168	0.705942
101	169	0.719897
101	173	0.685978
101	174	0.660924
101	176	0.677589
101	179	0.678829
101	180	0.695731
102	43	0.774515
102	46	0.761489
102	73	0.728986
102	92	0.78393
102	99	0.763328
102	103	0.751642
102	105	0.755685
102	109	0.750122
102	110	0.739902
102	111	0.733078
102	113	0.764819
102	118	0.75988
102	121	0.752878
102	123	0.74423
102	125	1.72593
102	126	0.778449
102	127	0.768274
102	128	0.74014
102	130	0.740193
102	133	0.733524
102	157	2.15347
102	161	3.10279
102	162	3.15135
102	166	3.68492
102	178	0.675164
103	39	0.766944
103	43	0.769501
103	64	3.36061
103	81	0.78906
103	92	0.778917
103	99	0.758314
103	102	0.751642
103	105	0.750671
103	109	0.745108
103	110	0.734889
103	111	0.728064
103	113	0.759805
103	118	0.754866
103	119	0.783293
103	121	0.747864
103	126	0.773435
103	127	0.76326
103	128	0.735126
103	130	0.735179
103	133	0.72851
103	153	0.76501
103	164	3.3185
103	170	2.12728
103	177	2.58798
103	178	0.67015
104	18	1.73803
104	56	1.13911
104	89	2.36755
104	96	0.76683
104	107	1.14743
104	117	0.831442
104	121	2.09405
104	137	0.775918
104	152	0.739347
104	160	0.804781
104	162	0.774888
104	164	0.754215
104	167	0.740991
104	168	0.747953
104	169	0.761909
104	171	0.754933
104	172	0.719793
104	173	0.72799
104	174	0.702935
104	175	0.722425
104	176	0.719601
104	177	0.77914
104	178	0.716974
104	179	0.720841
104	180	0.737742
105	38	2.34726
105	73	0.728015
105	90	2.4519
105	92	0.782959
105	94	0.784029
105	99	0.762357
105	102	0.755685
105	103	0.750671
105	109	0.749151
105	110	0.738931
105	111	0.732107
105	113	0.763848
105	118	0.758909
105	121	0.751907
105	123	0.743259
105	126	0.777478
105	127	0.767303
105	128	0.739169
105	130	0.739222
105	133	0.732553
105	143	1.66471
105	146	3.24335
105	153	0.769053
105	158	2.46528
105	178	0.674193
106	4	0.740876
106	27	1.58028
106	44	0.767665
106	63	0.743523
106	72	0.729416
106	77	0.775047
106	80	0.719541
106	82	0.765356
106	88	0.771867
106	98	0.767377
106	107	0.752707
106	108	0.752934
106	114	0.734795
106	124	0.753542
106	129	0.772895
106	136	0.7355
106	137	1.72557
106	138	0.755195
106	139	0.748934
106	142	0.753313
106	144	0.777444
106	150	2.38842
106	156	2.80354
106	172	0.682883
106	173	4.38853
107	7	0.814892
107	21	0.787566
107	28	0.772758
107	59	0.72731
107	63	0.729774
107	77	0.761297
107	80	0.705791
107	82	0.751607
107	98	0.753628
107	104	1.14743
107	106	0.752707
107	108	0.739185
107	114	0.721045
107	124	0.739793
107	129	0.759145
107	136	0.721751
107	138	0.741445
107	139	0.735185
107	142	0.739564
107	144	0.763694
107	147	3.39189
107	152	4.77984
107	160	1.63104
107	161	0.713526
107	162	2.57384
107	172	0.669133
108	2	0.841175
108	4	0.727354
108	28	0.772986
108	37	0.775633
108	44	0.754144
108	59	0.727538
108	63	0.730002
108	72	0.715894
108	80	0.706019
108	88	0.758345
108	98	0.753856
108	106	0.752934
108	107	0.739185
108	124	0.74002
108	129	0.759373
108	136	0.721979
108	138	0.741673
108	139	0.735413
108	144	0.763922
108	149	1.19697
108	157	2.03861
108	159	3.97419
108	161	0.713754
108	164	3.22496
108	172	0.669361
108	180	3.65749
109	27	2.14263
109	61	0.74435
109	65	0.738875
109	73	0.722452
109	94	0.778466
109	99	0.756794
109	102	0.750122
109	103	0.745108
109	105	0.749151
109	110	0.733368
109	111	0.726544
109	113	0.758285
109	118	0.753346
109	121	0.746344
109	123	0.737696
109	126	0.771915
109	127	0.76174
109	128	0.733606
109	130	0.733659
109	133	0.72699
109	143	1.89604
109	146	3.47468
109	153	0.76349
109	158	2.6966
109	161	3.13096
109	178	0.66863
110	65	0.728655
110	73	0.712232
110	92	0.767177
110	94	0.768247
110	99	0.746574
110	102	0.739902
110	103	0.734889
110	105	0.738931
110	109	0.733368
110	111	0.716324
110	113	0.748065
110	118	0.743126
110	119	0.771553
110	121	0.736124
110	123	0.727477
110	126	0.761695
110	127	0.75152
110	128	0.723386
110	130	0.723439
110	133	0.71677
110	153	0.75327
110	171	1.00208
110	173	2.94934
110	174	6.1665
110	176	2.75775
110	178	0.65841
110	180	1.79898
111	46	0.737911
111	61	0.727306
111	66	1.88157
111	73	0.705408
111	92	0.760352
111	94	0.761422
111	99	0.73975
111	102	0.733078
111	103	0.728064
111	105	0.732107
111	109	0.726544
111	110	0.716324
111	112	2.26283
111	113	0.74124
111	118	0.736301
111	119	0.764729
111	121	0.7293
111	123	0.720652
111	126	0.75487
111	127	0.744695
111	128	0.716562
111	130	0.716615
111	133	0.709945
111	135	2.03082
111	153	0.746445
111	160	2.72332
111	176	5.24588
111	178	0.651586
112	26	1.22659
112	27	0.783468
112	89	2.39067
112	96	0.743655
112	111	2.26283
112	116	0.782004
112	117	0.808267
112	129	1.54229
112	133	1.92709
112	145	0.768072
112	151	0.778659
112	154	0.723806
112	157	0.776199
112	159	0.71138
112	160	0.781606
112	162	0.751712
112	164	0.73104
112	167	0.717815
112	168	0.724778
112	171	0.731758
112	173	0.704814
112	174	0.67976
112	175	0.69925
112	176	0.696426
112	178	0.693798
112	179	0.697665
112	180	0.714567
113	26	0.79791
113	46	0.769652
113	92	0.792093
113	94	0.793163
113	99	0.771491
113	100	1.58357
113	102	0.764819
113	103	0.759805
113	105	0.763848
113	109	0.758285
113	110	0.748065
113	111	0.74124
113	115	2.15873
113	118	0.768042
113	119	0.79647
113	121	0.761041
113	123	0.752393
113	126	0.786611
113	127	0.776436
113	128	0.748303
113	130	0.748355
113	133	0.741686
113	143	1.65265
113	153	0.778186
113	158	2.45321
113	160	1.99334
113	175	5.1574
113	178	0.683326
114	2	0.823036
114	4	0.709215
114	7	0.796981
114	24	0.774002
114	28	0.754847
114	37	0.757494
114	59	0.709398
114	61	0.724123
114	72	0.697755
114	80	0.68788
114	82	0.733695
114	88	0.740206
114	98	0.735716
114	106	0.734795
114	107	0.721045
114	119	1.60361
114	120	2.40592
114	124	0.721881
114	129	0.741233
114	136	0.703839
114	138	0.723533
114	139	0.717273
114	143	2.85416
114	144	0.745782
114	145	3.59715
114	161	0.695614
114	164	4.32611
114	172	0.651222
115	5	0.73575
115	10	0.73582
115	25	0.81465
115	45	2.60862
115	53	0.745734
115	57	0.795774
115	58	0.730526
115	62	0.730571
115	91	0.702342
115	98	2.58899
115	99	0.892645
115	113	2.15873
115	130	2.5904
115	141	0.748051
115	144	0.775267
115	148	0.763738
115	152	0.70026
115	163	0.74655
115	165	0.698134
115	167	0.701904
115	169	0.722822
115	171	0.715846
115	173	0.688903
115	174	0.663848
115	175	0.683339
115	176	0.680514
115	177	0.740053
115	179	0.681754
115	180	0.698656
116	22	1.8632
116	25	2.12988
116	33	2.32478
116	97	0.694878
116	112	0.782004
116	118	1.27711
116	124	2.57728
116	125	0.787502
116	131	0.74966
116	140	0.747809
116	143	0.814613
116	148	0.767728
116	155	0.715919
116	157	0.764277
116	158	0.739858
116	164	0.719118
116	165	0.702124
116	167	0.705894
116	168	0.712856
116	169	0.726812
116	171	0.719836
116	172	0.684696
116	173	0.692893
116	174	0.667838
116	175	0.687328
116	176	0.684504
116	177	0.744043
116	179	0.685744
116	180	0.702645
117	13	2.84664
117	17	2.84664
117	64	0.755266
117	68	2.32779
117	82	0.965078
117	100	0.836424
117	101	0.789431
117	104	0.831442
117	112	0.808267
117	125	0.813765
117	129	0.383147
117	132	0.761467
117	139	0.826755
117	145	0.782414
117	152	0.730512
117	154	0.738148
117	155	0.742182
117	158	0.766121
117	160	0.795947
117	167	0.732156
117	168	0.739119
117	169	0.753074
117	171	0.746099
117	173	0.719155
117	174	0.694101
117	175	0.713591
117	176	0.710767
117	179	0.712007
117	180	0.728908
118	26	0.792971
118	61	0.754108
118	65	0.748633
118	73	0.732209
118	92	0.787154
118	94	0.788224
118	102	0.75988
118	103	0.754866
118	105	0.758909
118	109	0.753346
118	110	0.743126
118	111	0.736301
118	113	0.768042
118	116	1.27711
118	119	0.79153
118	121	0.756102
118	123	0.747454
118	126	0.781672
118	127	0.771497
118	128	0.743364
118	130	0.743416
118	131	1.9071
118	133	0.736747
118	148	1.83669
118	153	0.773247
118	159	3.44201
118	168	2.62722
118	173	4.27567
118	178	0.678387
119	5	3.58935
119	6	2.19994
119	30	0.991623
119	103	0.783293
119	110	0.771553
119	111	0.764729
119	113	0.79647
119	114	1.60361
119	118	0.79153
119	123	0.775881
119	124	1.27045
119	126	0.810099
119	127	0.799924
119	130	0.771844
119	133	0.765174
119	137	0.765758
119	144	0.530847
119	155	0.740857
119	160	0.794622
119	163	0.775477
119	168	0.737794
119	169	0.751749
119	171	0.744774
119	174	0.692776
119	175	0.712266
119	176	0.709442
119	178	0.706815
119	179	0.710681
119	180	0.727583
120	25	1.62536
120	51	2.84025
120	73	1.97164
120	91	0.701668
120	101	0.758504
120	114	2.40592
120	124	2.07276
120	125	0.782838
120	135	0.778952
120	143	0.809949
120	147	0.70649
120	150	0.733502
120	151	0.762073
120	152	0.699585
120	154	0.707221
120	155	0.711255
120	157	0.759613
120	163	0.745875
120	166	0.704938
120	167	0.701229
120	168	0.708192
120	169	0.722147
120	170	0.786653
120	171	0.715172
120	174	0.663174
120	175	0.682664
120	176	0.67984
120	179	0.68108
120	180	0.697981
121	26	0.785969
121	39	0.76818
121	46	0.757711
121	65	0.741631
121	73	0.725208
121	86	1.46447
121	87	0.756044
121	92	0.780152
121	94	0.781222
121	99	0.75955
121	102	0.752878
121	103	0.747864
121	104	2.09405
121	105	0.751907
121	109	0.746344
121	110	0.736124
121	111	0.7293
121	113	0.761041
121	118	0.756102
121	123	0.740452
121	126	0.774671
121	127	0.764496
121	128	0.736362
121	130	0.736415
121	133	0.729746
121	140	2.89431
121	150	3.29169
121	153	0.766246
121	164	3.70892
121	178	0.671386
122	6	4.03672
122	20	1.6347
122	35	2.6943
122	42	0.922633
122	44	2.31165
122	78	0.817103
122	93	0.781387
122	125	0.784577
122	134	0.76772
122	137	0.737895
122	146	0.709633
122	148	0.764802
122	152	0.701324
122	154	0.708959
122	157	0.761352
122	158	0.736933
122	161	0.726163
122	162	0.736865
122	163	0.747614
122	164	0.716192
122	167	0.702968
122	171	0.71691
122	173	0.689967
122	174	0.664913
122	175	0.684403
122	176	0.681578
122	178	0.678951
122	179	0.682818
122	180	0.69972
123	26	0.777321
123	39	0.759532
123	43	0.762089
123	46	0.749063
123	65	0.732983
123	73	0.71656
123	92	0.771505
123	94	0.772575
123	99	0.750902
123	100	1.09226
123	101	2.05544
123	102	0.74423
123	105	0.743259
123	109	0.737696
123	110	0.727477
123	111	0.720652
123	113	0.752393
123	118	0.747454
123	119	0.775881
123	121	0.740452
123	126	0.766023
123	127	0.755848
123	128	0.727714
123	130	0.727767
123	133	0.721098
123	151	1.24025
123	153	0.757598
123	159	3.38252
123	167	2.94859
123	175	4.66609
123	178	0.662738
124	4	0.727962
124	21	0.788401
124	24	0.792749
124	28	0.773594
124	37	0.776241
124	59	0.728145
124	61	0.74287
124	63	0.730609
124	77	0.762133
124	80	0.706627
124	82	0.752442
124	88	0.758953
124	98	0.754463
124	106	0.753542
124	107	0.739793
124	108	0.74002
124	114	0.721881
124	116	2.57728
124	119	1.27045
124	120	2.07276
124	125	2.37907
124	129	0.759981
124	136	0.722586
124	138	0.742281
124	139	0.73602
124	142	0.740399
124	144	0.764529
124	149	1.96496
124	161	0.714362
124	167	4.30825
124	172	0.669969
125	21	1.70521
125	65	2.22124
125	88	1.66555
125	102	1.72593
125	116	0.787502
125	117	0.813765
125	120	0.782838
125	122	0.784577
125	124	2.37907
125	130	1.94239
125	148	0.785148
125	150	0.755586
125	151	0.784157
125	154	0.729305
125	155	0.733339
125	158	0.757278
125	160	0.787104
125	161	0.746509
125	163	0.767959
125	165	0.719543
125	166	0.727022
125	168	0.730276
125	169	0.744232
125	171	0.737256
125	172	0.702116
125	173	0.710312
125	174	0.685258
125	175	0.704748
125	176	0.701924
125	179	0.703164
125	180	0.720065
126	39	0.793751
126	43	0.796307
126	65	0.767201
126	73	0.750778
126	78	1.46691
126	86	1.09124
126	92	0.805723
126	94	0.806793
126	99	0.78512
126	102	0.778449
126	103	0.773435
126	105	0.777478
126	109	0.771915
126	110	0.761695
126	111	0.75487
126	113	0.786611
126	118	0.781672
126	119	0.810099
126	121	0.774671
126	123	0.766023
126	127	0.790066
126	128	0.761933
126	130	0.761985
126	133	0.755316
126	153	0.791816
126	158	2.6643
126	160	2.20442
126	168	3.27012
126	169	2.73906
126	177	2.60516
126	178	0.696956
127	26	0.801365
127	39	0.783576
127	43	0.786132
127	46	0.773107
127	65	0.757027
127	70	1.8662
127	81	0.970038
127	92	0.795548
127	94	0.796618
127	99	0.774946
127	102	0.768274
127	103	0.76326
127	105	0.767303
127	109	0.76174
127	110	0.75152
127	111	0.744695
127	113	0.776436
127	118	0.771497
127	119	0.799924
127	121	0.764496
127	123	0.755848
127	126	0.790066
127	128	0.751758
127	130	0.75181
127	133	0.745141
127	137	2.4194
127	140	2.68487
127	149	1.47149
127	153	0.781641
127	160	2.36822
127	172	4.67099
127	178	0.686781
128	14	0.19932
128	26	0.773231
128	39	0.755442
128	43	0.757999
128	46	0.744973
128	61	0.734368
128	65	0.728893
128	73	0.71247
128	92	0.767414
128	94	0.768484
128	99	0.746812
128	102	0.74014
128	103	0.735126
128	105	0.739169
128	109	0.733606
128	110	0.723386
128	111	0.716562
128	113	0.748303
128	118	0.743364
128	121	0.736362
128	123	0.727714
128	126	0.761933
128	127	0.751758
128	130	0.723677
128	133	0.717008
128	145	2.82475
128	153	0.753508
128	163	2.22595
128	165	3.76907
128	168	3.48816
128	178	0.658648
128	180	3.98625
129	2	0.861136
129	4	0.747315
129	21	0.807754
129	24	0.812102
129	28	0.792947
129	37	0.795594
129	44	0.774104
129	59	0.747498
129	61	0.762223
129	72	0.735855
129	77	0.781485
129	82	0.771795
129	88	0.778306
129	95	2.67241
129	98	0.773816
129	106	0.772895
129	107	0.759145
129	108	0.759373
129	112	1.54229
129	114	0.741233
129	117	0.383147
129	124	0.759981
129	136	0.741939
129	138	0.761633
129	139	0.755373
129	144	0.783882
129	151	1.741
129	154	2.84897
129	160	2.00278
129	161	0.733714
129	172	0.689322
129	176	4.52534
130	39	0.755495
130	43	0.758051
130	46	0.745026
130	61	0.734421
130	65	0.728946
130	73	0.712523
130	92	0.767467
130	94	0.768537
130	99	0.746865
130	102	0.740193
130	103	0.735179
130	105	0.739222
130	109	0.733659
130	110	0.723439
130	111	0.716615
130	113	0.748355
130	115	2.5904
130	118	0.743416
130	119	0.771844
130	121	0.736415
130	123	0.727767
130	125	1.94239
130	126	0.761985
130	127	0.75181
130	128	0.723677
130	131	2.77059
130	133	0.71706
130	153	0.75356
130	160	2.42501
130	171	3.1919
130	177	2.82575
130	178	0.658701
131	16	3.06478
131	29	0.695082
131	35	0.76714
131	45	2.78881
131	47	0.754155
131	50	1.86871
131	67	0.768207
131	68	0.709193
131	76	0.78735
131	79	0.747901
131	85	0.734166
131	116	0.74966
131	118	1.9071
131	130	2.77059
131	141	0.731618
131	142	0.734704
131	147	0.690731
131	148	0.747305
131	152	0.683827
131	153	0.756314
131	154	0.691462
131	156	0.697751
131	159	0.679035
131	162	0.719368
131	167	0.685471
131	168	0.692433
131	171	0.699413
131	175	0.666906
131	176	0.664081
131	179	0.665321
131	180	0.682223
132	33	2.94896
132	67	2.75977
132	73	3.10034
132	78	0.78515
132	89	3.19093
132	117	0.761467
132	135	0.748738
132	137	0.705942
132	140	0.712931
132	145	0.721273
132	146	0.677681
132	151	0.731859
132	154	0.677007
132	155	0.681041
132	158	0.70498
132	160	0.734806
132	161	0.694211
132	163	0.715661
132	165	0.667245
132	167	0.671015
132	169	0.691933
132	172	0.649818
132	173	0.658014
132	174	0.63296
132	175	0.65245
132	176	0.649626
132	177	0.709165
132	178	0.646999
132	179	0.650865
132	180	0.667767
133	26	0.766615
133	39	0.748826
133	43	0.751382
133	46	0.738357
133	61	0.727751
133	65	0.722276
133	73	0.705853
133	92	0.760798
133	94	0.761868
133	99	0.740195
133	102	0.733524
133	103	0.72851
133	105	0.732553
133	109	0.72699
133	110	0.71677
133	111	0.709945
133	112	1.92709
133	113	0.741686
133	118	0.736747
133	119	0.765174
133	121	0.729746
133	123	0.721098
133	126	0.755316
133	127	0.745141
133	128	0.717008
133	130	0.71706
133	134	1.2386
133	151	2.1258
133	153	0.746891
133	156	3.51674
133	162	3.33038
133	172	4.69036
133	178	0.652031
134	6	0.723991
134	9	0.819169
134	12	0.729205
134	13	3.3173
