1	7	0.69998
1	41	1.02943
1	64	1.04209
1	78	1.55791
1	92	1.08976
1	100	1.03202
1	107	1.05208
1	111	0.754512
1	124	1.03612
1	132	1.05706
1	133	1.06143
1	162	0.583967
2	38	1.02673
2	56	1.04933
2	80	0.783575
2	91	1.11006
2	98	1.0056
2	100	1.03538
2	116	1.04539
2	124	1.03948
2	156	1.05984
2	172	0.901417
2	174	1.07752
2	179	0.8586
3	7	1.17686
3	25	0.931725
3	80	1.16958
3	121	0.89763
3	137	0.936273
3	139	0.94315
3	150	0.928754
3	152	0.942608
3	153	0.933977
3	159	0.935714
3	164	0.950171
3	168	1.24845
4	36	0.911621
4	70	0.90295
4	88	0.987558
4	96	0.940121
4	99	1.19786
4	105	0.930047
4	112	0.955109
4	151	0.949081
4	157	0.913277
4	158	0.910237
4	175	1.20542
4	180	1.19157
5	13	0.965762
5	51	0.968642
5	62	1.17491
5	67	0.891905
5	81	0.958598
5	113	1.18494
5	115	0.934568
5	116	0.903634
5	133	0.92304
5	156	0.918084
5	170	1.23507
5	174	0.935768
6	76	0.825175
6	103	1.00785
6	108	1.0277
6	122	0.93031
6	138	1.07453
6	141	1.05699
6	151	1.07976
6	154	1.06829
6	155	0.957849
6	157	1.04396
6	158	1.04092
6	178	0.879565
7	1	0.69998
7	3	1.17686
7	13	0.759796
7	150	0.966876
7	168	1.04639
7	171	1.0418
7	172	1.04157
7	173	1.05818
7	177	1.05653
7	178	1.05143
7	179	1.05205
7	180	1.05205
8	103	1.01012
8	108	1.02997
8	112	1.08806
8	117	1.04224
8	118	1.04096
8	128	0.926289
8	129	1.06809
8	131	0.949273
8	144	1.07737
8	158	1.04319
8	177	0.850305
8	178	0.866987
9	37	1.36442
9	119	1.00795
9	137	1.05278
9	142	1.06551
9	150	1.04526
9	152	1.05911
9	153	1.05048
9	159	1.05222
9	161	0.616191
9	164	1.06668
9	172	0.852408
9	173	0.760157
10	18	1.09966
10	70	1.02255
10	97	0.909749
10	118	1.02761
10	129	1.05475
10	144	1.06402
10	148	0.831185
10	151	1.06868
10	157	1.03288
10	158	1.02984
10	176	0.956338
10	177	0.895617
11	59	0.851879
11	78	0.948154
11	137	0.939197
11	139	0.946074
11	147	0.932816
11	149	0.944616
11	152	0.945532
11	159	0.938638
11	164	0.953095
11	170	1.19737
11	178	1.1938
11	180	1.2036
12	38	1.02721
12	100	1.03586
12	107	1.05592
12	116	1.04587
12	132	1.0609
12	156	1.06032
12	160	1.03593
12	169	0.905436
12	171	0.895858
12	173	0.856912
12	174	1.078
12	176	0.93474
13	5	0.965762
13	7	0.759796
13	19	1.03813
13	47	1.13306
13	79	0.993594
13	81	1.0879
13	92	1.08067
13	98	0.99314
13	124	1.02702
13	134	0.803099
13	156	1.04738
13	174	1.06507
14	116	1.22644
14	132	1.19154
14	164	1.18736
14	168	0.92949
14	170	0.930846
14	172	0.924668
14	173	0.941274
14	176	0.929284
14	177	0.939621
14	178	0.934524
14	179	0.935147
14	180	0.935147
15	106	1.18591
15	126	1.24412
15	152	1.17532
15	166	0.936168
15	169	0.926611
15	172	0.92656
15	175	0.927478
15	176	0.931176
15	177	0.941513
15	178	0.936416
15	179	0.937039
15	180	0.937039
16	55	0.894372
16	62	1.15239
16	81	0.968269
16	91	0.97798
16	92	0.96104
16	98	0.873512
16	115	0.944239
16	124	0.907394
16	156	0.927755
16	169	1.22373
16	174	0.945439
16	180	1.21879
17	43	0.977358
17	45	1.02606
17	72	1.09412
17	110	1.07403
17	124	1.02023
17	132	1.04117
17	133	1.04554
17	156	1.04059
17	161	0.741668
17	168	0.938919
17	174	1.05827
17	179	0.935068
18	10	1.09966
18	36	1.03393
18	83	1.05368
18	104	1.03818
18	118	1.03031
18	120	1.02007
18	129	1.05745
18	144	1.06672
18	148	0.83322
18	175	0.937978
18	177	0.897652
18	180	0.924128
19	13	1.03813
19	102	1.28245
19	120	1.28296
19	166	0.935638
19	168	0.930852
19	172	0.92603
19	175	0.926948
19	176	0.930646
19	177	0.940983
19	178	0.935886
19	179	0.936509
19	180	0.936509
20	83	0.991006
20	129	0.94553
20	158	0.994345
20	159	0.976257
20	168	1.00768
20	170	1.00903
20	172	1.00286
20	173	1.01946
20	175	1.00377
20	177	1.01781
20	178	1.01271
20	179	1.01334
20	180	1.01334
21	62	1.00268
21	69	1.06381
21	117	0.988806
21	122	0.994221
21	123	1.01306
21	127	0.909286
21	129	1.01466
21	141	1.00583
21	151	1.0286
21	157	0.992797
21	158	0.989757
21	167	0.987576
21	172	1.00194
22	33	0.996467
22	61	1.04883
22	86	1.01328
22	96	1.02391
22	114	1.0097
22	136	1.00449
22	143	0.859712
22	144	1.0282
22	145	0.937235
22	151	1.03287
22	157	0.997062
22	158	0.994023
22	176	1.04727
23	60	0.901407
23	109	1.4025
23	126	0.883546
23	140	0.922579
23	146	0.901095
23	147	0.906982
23	149	0.918782
23	150	0.905845
23	152	0.919698
23	154	1.31407
23	159	0.912804
23	163	1.17826
23	164	0.927261
24	33	1.00228
24	114	1.01551
24	117	0.998886
24	118	0.997607
24	136	1.0103
24	144	1.03402
24	151	1.03868
24	157	1.00288
24	158	0.999837
24	166	0.996742
24	171	0.950933
24	176	0.989815
24	180	0.955569
25	3	0.931725
25	54	1.05834
25	62	0.925579
25	105	1.00078
25	106	1.00259
25	122	1.01288
25	126	0.989799
25	130	0.960389
25	137	1.01962
25	139	1.02649
25	149	1.02504
25	164	1.03351
25	165	1.00632
26	95	0.971596
26	97	0.970718
26	110	0.89354
26	119	0.980492
26	121	0.986676
26	140	1.03453
26	146	1.01305
26	147	1.01894
26	149	1.03074
26	159	1.02476
26	164	1.03922
26	172	1.03173
26	175	0.996912
27	49	1.17875
27	135	1.35872
27	140	0.917358
27	142	0.920877
27	146	0.895874
27	147	0.901761
27	149	0.913561
27	150	0.900623
27	152	0.914477
27	153	0.905846
27	159	0.907583
27	164	0.92204
27	173	1.35712
28	34	0.971661
28	40	0.97954
28	79	1.16923
28	85	1.00968
28	87	0.857568
28	89	0.868805
28	91	1.05082
28	132	1.00117
28	137	1.01282
28	140	1.02204
28	142	1.02556
28	164	1.02672
28	180	0.997318
29	84	1.02556
29	133	0.952793
29	142	0.949383
29	152	0.979078
29	169	1.00292
29	170	1.00905
29	173	1.01948
29	175	1.00379
29	176	1.00749
29	177	1.01783
29	178	1.01273
29	179	1.01335
29	180	1.01335
30	104	1.00194
30	114	1.01198
30	123	1.0196
30	129	1.02121
30	136	1.00677
30	141	1.01237
30	144	1.03048
30	157	0.999343
30	158	0.996303
30	167	1.00805
30	174	0.897403
30	176	1.00799
30	179	0.979594
31	121	0.975735
31	135	0.965021
31	137	1.01438
31	139	1.02125
31	140	1.02359
31	146	1.00211
31	147	1.008
31	149	1.0198
31	150	1.00686
31	164	1.02828
31	168	1.0167
31	174	0.930656
31	177	0.980519
32	67	0.969399
32	116	0.982864
32	139	0.954996
32	141	0.999141
32	165	0.999741
32	168	1.0108
32	170	1.01215
32	172	1.00598
32	175	1.0069
32	176	1.01059
32	177	1.02093
32	179	1.01646
32	180	1.01646
33	22	0.996467
33	24	1.00228
33	103	0.932103
33	117	0.964221
33	136	0.975639
33	144	0.999353
33	151	1.00401
33	154	0.992539
33	157	0.968211
33	158	0.965172
33	172	1.09892
33	174	0.973911
33	175	1.0641
33	179	1.0561
34	28	0.971661
34	67	0.944595
34	72	1.02431
34	87	0.988059
34	91	1.021
34	92	1.00406
34	98	0.916532
34	112	1.0448
34	115	0.987259
34	132	0.971354
34	148	1.0369
34	156	0.970775
34	171	1.12317
34	174	0.988458
35	120	1.12065
35	137	1.04794
35	138	1.02599
35	151	1.01256
35	167	0.972234
35	169	0.973337
35	171	0.973516
35	173	0.989893
35	175	0.974205
35	176	0.977903
35	177	0.98824
35	178	0.983142
35	179	0.983765
35	180	0.983765
36	4	0.911621
36	18	1.03393
36	68	0.947491
36	127	1.06732
36	141	0.98018
36	146	0.982562
36	150	0.987311
36	151	1.00295
36	153	0.992534
36	157	0.967151
36	159	0.99427
36	161	0.923754
36	177	1.08483
36	179	1.11715
37	9	1.36442
37	86	1.30606
37	115	1.53253
37	166	0.89319
37	167	0.88253
37	168	0.888404
37	171	0.883812
37	172	0.883582
37	173	0.900188
37	176	0.888198
37	177	0.898536
37	178	0.893438
37	179	0.894061
37	180	0.894061
38	2	1.02673
38	12	1.02721
38	61	1.08124
38	92	0.999883
38	107	0.962204
38	116	0.952148
38	132	0.967177
38	133	0.971553
38	154	0.996765
38	156	0.966598
38	160	0.942216
38	165	1.05979
38	168	1.05514
38	174	0.984281
39	62	0.972677
39	74	1.03082
39	83	0.980888
39	111	1.04711
39	120	0.947277
39	123	0.983051
39	135	1.01249
39	136	0.970218
39	144	0.993932
39	151	0.998594
39	157	0.96279
39	158	0.959751
39	176	1.08871
39	178	1.04467
40	28	0.97954
40	59	0.903566
40	93	1.00608
40	111	1.09166
40	119	0.946058
40	137	0.990884
40	139	0.997761
40	140	1.0001
40	142	1.00362
40	150	0.983365
40	159	0.990325
40	164	1.00478
40	174	1.02268
40	177	1.07254
41	1	1.02943
41	67	0.94648
41	69	1.02823
41	100	0.948199
41	115	0.989144
41	132	0.973239
41	135	0.973998
41	156	0.97266
41	160	0.948278
41	163	0.901624
41	167	1.12042
41	169	1.09106
41	170	1.07988
41	174	0.990343
42	101	0.923877
42	104	1.08605
42	114	1.09608
42	117	1.07946
42	120	1.06794
42	134	0.798191
42	136	1.09088
42	141	1.09648
42	151	1.11925
42	157	1.08345
42	158	1.08041
42	169	0.821714
42	175	0.830623
42	180	0.816773
43	17	0.977358
43	60	0.981233
43	83	1.0891
43	95	0.939467
43	124	1.11256
43	137	0.993189
43	139	1.00007
43	144	1.02635
43	159	0.99263
43	173	0.983862
43	176	0.971872
43	177	0.98221
43	179	0.977735
43	180	0.977735
44	48	1.00685
44	60	0.96683
44	82	0.986997
44	84	0.965582
44	89	0.990111
44	137	0.978786
44	143	0.965312
44	146	0.966518
44	147	0.972405
44	152	0.985121
44	159	0.978227
44	164	0.992684
44	169	1.12356
44	171	1.11399
45	17	1.02606
45	94	0.954863
45	102	0.959379
45	116	0.970726
45	119	1.11756
45	136	1.05077
45	139	1.01777
45	152	1.021
45	156	0.985176
45	166	0.98108
45	175	0.97239
45	177	0.986426
45	179	0.981951
45	180	0.981951
46	79	1.21045
46	114	0.979248
46	118	0.961346
46	123	0.986876
46	129	0.988479
46	136	0.974042
46	141	0.979644
46	144	0.997757
46	151	1.00242
46	157	0.966615
46	158	0.963575
46	161	0.850992
46	172	1.08721
46	179	1.04439
47	13	1.13306
47	67	1.0592
47	113	0.796139
47	124	1.06502
47	130	1.09124
47	132	1.08596
47	133	1.09034
47	135	1.08672
47	154	0.803826
47	156	1.08538
47	170	0.84627
47	174	1.10307
47	176	0.886749
47	179	0.858355
48	44	1.00685
48	55	0.865669
48	109	0.716576
48	137	1.05223
48	139	1.05911
48	142	1.06496
48	147	1.04585
48	150	1.04471
48	152	1.05856
48	153	1.04993
48	156	1.56519
48	159	1.05167
48	164	1.06613
48	170	0.670587
48	180	0.676821
49	27	1.17875
49	118	0.854516
49	124	0.842474
49	153	0.809058
49	158	0.822347
49	165	1.03819
49	166	1.05404
49	167	1.04338
49	168	1.04925
49	171	1.04466
49	173	1.06104
49	175	1.04535
49	178	1.05429
49	179	1.05491
49	180	1.05491
50	88	1.00599
50	107	1.15828
50	126	1.19231
50	149	1.15051
50	166	0.957177
50	167	0.946516
50	169	0.94762
50	171	0.947799
50	173	0.964175
50	175	0.948487
50	176	0.952185
50	177	0.962522
50	178	0.957425
50	179	0.958047
50	180	0.958047
51	5	0.968642
51	53	1.02199
51	61	0.920699
51	91	1.10049
51	92	1.08355
51	102	1.02447
51	110	1.08371
51	116	1.03581
51	124	1.0299
51	133	1.05522
51	155	0.953388
51	156	1.05026
51	163	0.700408
51	168	0.894602
51	174	1.06795
52	118	1.16304
52	121	1.18194
52	138	1.05842
52	146	1.10377
52	163	1.02089
52	166	0.950329
52	167	0.939668
52	169	0.940772
52	172	0.940721
52	173	0.957327
52	175	0.941639
52	177	0.955674
52	178	0.950577
52	179	0.9512
52	180	0.9512
53	51	1.02199
53	125	1.16939
53	129	1.13257
53	158	1.18139
53	165	0.943022
53	166	0.958866
53	169	0.949308
53	170	0.955435
53	171	0.949487
53	172	0.949257
53	173	0.965864
53	175	0.950176
53	178	0.959113
53	179	0.959736
53	180	0.959736
54	25	1.05834
54	95	1.00917
54	119	1.01807
54	126	1.03308
54	133	1.67072
54	142	1.07563
54	143	0.646668
54	146	1.05062
54	150	1.05537
54	153	1.0606
54	159	1.06233
54	161	0.612432
54	164	1.07679
54	166	0.841153
54	174	0.723641
55	16	0.894372
55	48	0.865669
55	107	0.961928
55	115	0.982806
55	117	1.24056
55	124	0.945961
55	139	1.16593
55	156	0.966322
55	158	1.23314
55	170	0.958796
55	171	0.952848
55	175	0.953537
55	176	0.957235
55	179	0.963097
55	180	0.963097
56	2	1.04933
56	103	1.30306
56	146	1.21378
56	157	1.23921
56	165	0.923337
56	166	0.939181
56	167	0.92852
56	169	0.929624
56	170	0.935751
56	171	0.929803
56	172	0.929572
56	175	0.930491
56	176	0.934189
56	178	0.939429
56	179	0.940051
56	180	0.940051
57	103	1.05056
57	118	1.02055
57	132	0.914138
57	139	0.921167
57	151	0.902498
57	168	1.01716
57	169	1.01239
57	170	1.01852
57	171	1.01257
57	172	1.01234
57	173	1.02895
57	175	1.01326
57	176	1.01696
57	178	1.0222
57	179	1.02282
57	180	1.02282
58	94	0.983438
58	113	0.98853
58	124	0.993389
58	125	1.00548
58	133	1.01871
58	140	1.0352
58	142	1.03872
58	146	1.01371
58	152	1.03232
58	154	0.996218
58	156	1.01375
58	159	1.02542
58	162	0.866996
58	163	0.860404
58	164	1.03988
58	167	1.0792
59	11	0.851879
59	40	0.903566
59	66	1.02251
59	112	1.21531
59	113	1.24195
59	121	0.898204
59	138	0.939739
59	139	0.943724
59	140	0.946063
59	147	0.930465
59	149	0.942265
59	153	0.934551
59	159	0.936287
59	163	1.11382
59	164	0.950745
59	174	1.22197
60	23	0.901407
60	43	0.981233
60	44	0.96683
60	62	0.847193
60	86	1.57568
60	112	0.830578
60	119	0.967382
60	126	0.982392
60	142	1.02494
60	147	1.00583
60	149	1.01763
60	150	1.00469
60	153	1.00991
60	159	1.01165
60	164	1.02611
60	175	0.927436
60	180	0.913586
61	22	1.04883
61	38	1.08124
61	51	0.920699
61	85	1.01204
61	116	1.04075
61	137	0.997923
61	140	1.00714
61	149	1.00334
61	150	0.990404
61	152	1.00426
61	164	1.01182
61	168	0.976811
61	170	0.978167
61	173	0.988596
61	176	0.976606
61	179	0.982468
61	180	0.982468
62	5	1.17491
62	16	1.15239
62	21	1.00268
62	25	0.925579
62	39	0.972677
62	60	0.847193
62	88	1.05297
62	147	1.00168
62	151	1.0145
62	157	0.978693
62	158	0.975654
62	167	0.979387
62	169	0.98049
62	171	0.980669
62	172	0.980439
62	179	0.990918
62	180	0.990918
63	79	0.95975
63	88	0.913864
63	96	1.05134
63	152	1.03139
63	158	1.09538
63	164	1.01694
63	167	0.987927
63	168	0.993801
63	170	0.995157
63	171	0.989209
63	172	0.988979
63	175	0.989898
63	176	0.993595
63	177	1.00393
63	178	0.998835
63	179	0.999458
63	180	0.999458
64	1	1.04209
64	67	0.959142
64	81	1.02583
64	91	1.03555
64	107	0.980927
64	115	1.00181
64	116	0.970871
64	122	1.05068
64	124	0.96496
64	132	0.985901
64	135	0.986659
64	156	0.985321
64	160	0.960939
64	166	1.0509
64	173	0.966145
64	175	1.02358
64	178	0.999933
65	77	1.00785
65	95	0.947644
65	105	1.03571
65	106	0.98434
65	126	0.97155
65	137	1.00137
65	140	1.01058
65	147	0.994985
65	148	0.935987
65	150	0.993848
65	152	1.0077
65	153	0.99907
65	155	0.965794
65	164	1.01526
65	172	1.07556
65	178	1.0171
65	180	1.0269
66	59	1.02251
66	67	1.62645
66	75	1.05437
66	88	1.15643
66	103	1.04604
66	113	0.661894
66	120	1.06664
66	121	1.07119
66	123	1.10241
66	127	0.674274
66	141	1.09518
66	145	0.642469
66	147	1.10345
66	153	1.10753
66	155	1.07426
66	166	0.759431
66	168	0.727961
67	5	0.891905
67	32	0.969399
67	34	0.944595
67	41	0.94648
67	47	1.0592
67	64	0.959142
67	66	1.62645
67	85	0.982614
67	94	0.943213
67	99	0.997773
67	107	0.969132
67	115	0.99001
67	132	0.974106
67	135	0.974864
67	156	0.973526
67	161	0.803935
67	174	0.99121
67	179	0.997335
68	36	0.947491
68	95	0.923104
68	110	1.02554
68	112	0.990979
68	113	1.0587
68	127	1.07108
68	136	0.956575
68	144	0.980289
68	150	0.969307
68	151	0.984951
68	152	0.983161
68	153	0.97453
68	154	0.973475
68	157	0.949147
68	159	0.976267
68	164	0.990724
68	179	1.12092
68	180	1.11506
69	21	1.06381
69	41	1.02823
69	76	0.837004
69	91	1.1055
69	107	1.05088
69	108	1.02357
69	124	1.03491
69	127	0.857204
69	130	1.06113
69	136	1.04725
69	141	1.05285
69	155	0.969678
69	156	1.05527
69	157	1.03982
69	158	1.03678
69	165	0.915535
69	170	0.894955
69	175	0.915039
70	4	0.90295
70	10	1.02255
70	71	0.95459
70	96	0.985324
70	117	0.954489
70	120	0.942966
70	122	1.13008
70	123	0.978741
70	138	0.989051
70	141	0.971509
70	144	0.989622
70	151	0.994284
70	157	0.95848
70	158	0.95544
70	167	1.12344
70	173	1.04555
70	174	1.01279
70	178	1.07934
71	70	0.95459
71	79	1.23236
71	103	0.928808
71	104	0.967515
71	108	0.948662
71	110	0.970921
71	114	0.97755
71	120	0.949402
71	123	0.985177
71	129	0.98678
71	141	0.977945
71	144	0.996058
71	151	1.00072
71	155	1.12893
71	157	0.964916
71	158	0.961877
71	165	1.07479
71	174	0.984104
72	17	1.09412
72	34	1.02431
72	117	0.938849
72	132	1.05382
72	136	0.897224
72	141	0.908362
72	146	0.904334
72	149	0.894446
72	152	0.867452
72	156	1.05324
72	160	1.02885
72	165	1.0333
72	169	1.03958
72	170	1.04571
72	173	1.05614
72	174	1.07092
72	179	1.05001
72	180	1.05001
73	80	0.866273
73	90	1.01051
73	97	0.923102
73	125	1.03137
73	137	1.05188
73	139	1.05875
73	140	1.06109
73	142	1.06461
73	146	1.03961
73	149	1.05729
73	152	1.05821
73	153	1.04958
73	154	0.886769
73	159	1.05132
73	164	1.06577
73	168	0.945149
73	174	0.859107
73	177	0.90897
74	39	1.03082
74	83	1.05493
74	86	1.05306
74	96	1.06368
74	108	1.02058
74	123	1.0571
74	129	1.0587
74	141	1.04987
74	144	1.06798
74	148	0.869539
74	151	1.07264
74	157	1.03684
74	158	1.0338
74	162	0.782549
74	168	0.97015
74	173	0.916864
74	174	0.884108
74	179	0.966299
75	66	1.05437
75	84	0.9555
75	106	0.951677
75	121	0.930061
75	122	0.96197
75	126	0.938887
75	139	0.97558
75	142	0.981438
75	146	0.956435
75	147	0.962322
75	149	0.974122
75	152	0.975038
75	160	1.09124
75	164	0.982601
75	168	1.06031
75	169	1.05555
75	172	1.09927
75	176	1.08485
76	6	0.825175
76	69	0.837004
76	115	0.907661
76	144	0.914023
76	149	0.943124
76	158	0.980111
76	165	1.03729
76	166	1.05313
76	169	1.04357
76	170	1.0497
76	171	1.04375
76	173	1.06013
76	175	1.04444
76	176	1.04814
76	177	1.05848
76	178	1.05338
76	179	1.054
76	180	1.054
77	65	1.00785
77	99	0.961941
77	121	0.992009
77	122	1.02392
77	126	1.00083
77	138	1.03354
77	146	1.01838
77	147	1.02427
77	149	1.03607
77	150	1.02313
77	152	1.03699
77	153	1.02836
77	159	1.03009
77	164	1.04455
77	168	0.965354
77	170	0.949418
77	172	1.00432
77	174	0.879312
77	177	0.929175
78	1	1.55791
78	11	0.948154
78	106	1.0161
78	119	0.988295
78	139	1.04
78	142	1.04586
78	145	0.803543
78	146	1.02085
78	147	1.02674
78	149	1.03854
78	150	1.0256
78	152	1.03946
78	153	1.03083
78	154	0.830655
78	159	1.03256
78	162	0.701433
78	164	1.04702
78	169	0.884273
78	176	0.913577
79	13	0.993594
79	28	1.16923
79	46	1.21045
79	63	0.95975
79	71	1.23236
79	92	1.09615
79	165	0.936833
79	166	0.952677
79	167	0.942016
79	168	0.94789
79	169	0.94312
79	170	0.949246
79	172	0.943068
79	173	0.959675
79	176	0.947685
79	177	0.958022
79	178	0.952924
79	179	0.953547
79	180	0.953547
80	2	0.783575
80	3	1.16958
80	73	0.866273
80	115	0.902673
80	121	1.0262
80	159	0.957035
80	165	1.01232
80	166	1.02817
80	167	1.01751
80	168	1.02338
80	169	1.01861
80	171	1.01879
80	172	1.01856
80	175	1.01948
80	176	1.02318
80	177	1.03351
80	178	1.02842
80	179	1.02904
80	180	1.02904
81	5	0.958598
81	13	1.0879
81	16	0.968269
81	64	1.02583
81	94	1.00991
81	100	1.01576
81	116	1.02577
81	124	1.01986
81	130	1.04608
81	132	1.0408
81	133	1.04517
81	143	0.850647
81	154	0.955283
81	156	1.04022
81	160	1.01584
81	162	0.826061
81	165	1.01831
81	166	1.04513
81	178	0.994165
82	44	0.986997
82	106	1.01535
82	121	0.993732
82	137	1.03237
82	142	1.04511
82	143	0.812543
82	146	1.02011
82	149	1.03779
82	150	1.02486
82	152	1.03871
82	153	1.03008
82	155	0.996803
82	159	1.03182
82	164	1.04627
82	165	0.980202
82	166	1.00703
82	167	1.00016
82	174	0.889516
82	176	1.0001
83	18	1.05368
83	20	0.991006
83	39	0.980888
83	43	1.0891
83	74	1.05493
83	86	1.00313
83	103	0.950795
83	117	0.982913
83	118	0.981634
83	120	0.97139
83	123	1.00716
83	129	1.00877
83	131	1.11345
83	143	0.887644
83	151	1.02271
83	154	1.01123
83	157	0.986904
83	158	0.983864
83	163	0.856466
83	165	1.0553
84	29	1.02556
84	44	0.965582
84	75	0.9555
84	112	0.943787
84	119	0.966134
84	126	0.981144
84	128	1.0763
84	138	1.01385
84	140	1.02018
84	142	1.0237
84	146	0.998693
84	147	1.00458
84	149	1.01638
84	150	1.00344
84	152	1.0173
84	153	1.00866
84	154	0.978118
84	164	1.02486
84	174	0.950456
84	178	1.017
85	28	1.00968
85	61	1.01204
85	67	0.982614
85	94	0.978481
85	98	0.954551
85	102	0.982997
85	107	1.0044
85	115	1.02528
85	124	0.988432
85	125	1.00052
85	130	1.01466
85	131	1.04873
85	132	1.00937
85	133	1.01375
85	156	1.00879
85	166	1.01741
85	169	0.981183
85	174	1.02648
85	177	0.949766
85	179	0.982094
86	22	1.01328
86	37	1.30606
86	60	1.57568
86	74	1.05306
86	83	1.00313
86	96	1.01187
86	117	0.981038
86	118	0.979759
86	120	0.969515
86	122	0.786331
86	123	1.00529
86	136	0.992456
86	141	0.998057
86	144	1.01617
86	154	1.00936
86	157	0.985028
86	158	0.981989
86	167	0.779686
86	172	0.794049
86	179	0.751232
87	28	0.857568
87	34	0.988059
87	115	0.832096
87	117	0.911962
87	118	0.936716
87	120	0.926757
87	129	0.855732
87	165	1.03863
87	167	1.04381
87	168	1.04969
87	169	1.04492
87	170	1.05104
87	171	1.04509
87	172	1.04486
87	173	1.06147
87	175	1.04578
87	176	1.04948
87	177	1.05982
87	178	1.05472
87	179	1.05534
87	180	1.05534
88	4	0.987558
88	50	1.00599
88	62	1.05297
88	63	0.913864
88	66	1.15643
88	103	1.00698
88	104	1.04569
88	105	1.05986
88	108	1.02683
88	111	0.855433
88	117	1.0391
88	118	1.03782
88	122	0.903736
88	136	1.05051
88	144	1.07423
88	151	1.07889
88	157	1.04309
88	158	1.04005
88	160	0.903418
88	168	0.872488
88	177	0.836309
89	28	0.868805
89	44	0.990111
89	100	0.921349
89	147	0.939559
89	151	0.829899
89	156	0.843153
89	158	0.915784
89	163	1.1205
89	165	1.03409
89	167	1.03927
89	168	1.04515
89	169	1.04037
89	170	1.0465
89	171	1.04055
89	172	1.04032
89	175	1.04124
89	176	1.04494
89	177	1.05528
89	178	1.05018
89	179	1.0508
89	180	1.0508
90	73	1.01051
90	106	0.965772
90	126	0.952982
90	130	1.03037
90	137	0.982799
90	139	0.989676
90	140	0.992015
90	146	0.970531
90	147	0.976418
90	149	0.988218
90	150	0.97528
90	152	0.989134
90	153	0.980503
90	155	0.947227
90	159	0.98224
90	164	0.996697
90	165	1.0763
90	169	1.0669
90	173	1.01837
90	177	1.03548
90	180	1.06196
91	2	1.11006
91	16	0.97798
91	28	1.05082
91	34	1.021
91	51	1.10049
91	64	1.03555
91	69	1.1055
91	100	1.02547
91	102	1.02413
91	115	1.06641
91	116	1.03548
91	122	0.910043
91	124	1.02957
91	131	0.941584
91	155	0.937582
91	156	1.04993
91	166	0.910265
91	167	0.903398
91	173	0.82551
91	174	1.06761
91	178	0.859297
92	1	1.08976
92	13	1.08067
92	16	0.96104
92	34	1.00406
92	38	0.999883
92	51	1.08355
92	79	1.09615
92	98	0.978748
92	100	1.00853
92	115	1.04947
92	116	1.01854
92	124	1.01263
92	132	1.03357
92	133	1.03795
92	155	0.992726
92	156	1.03299
92	160	1.00861
92	163	0.739746
92	167	0.958542
92	171	0.9196
92	176	0.958482
92	180	0.924237
93	40	1.00608
93	108	0.992805
93	125	0.939364
93	140	0.923922
93	146	0.924258
93	158	0.951358
93	164	0.872924
93	165	1.015
93	166	1.03084
93	167	1.02018
93	168	1.02605
93	169	1.02128
93	170	1.02741
93	171	1.02146
93	172	1.02123
93	173	1.03784
93	175	1.02215
93	176	1.02585
93	177	1.03619
93	178	1.03109
93	179	1.03171
93	180	1.03171
94	45	0.954863
94	58	0.983438
94	67	0.943213
94	81	1.00991
94	85	0.978481
94	97	1.12133
94	98	0.91515
94	100	0.944932
94	102	0.943596
94	107	0.964999
94	115	0.985877
94	116	0.954942
94	125	0.96112
94	133	0.974348
94	135	0.970731
94	156	0.969393
94	160	0.945011
94	161	0.946127
94	168	1.14338
94	175	1.14752
94	177	1.1072
94	178	1.12388
95	26	0.971596
95	43	0.939467
95	54	1.00917
95	65	0.947644
95	68	0.923104
95	99	1.0973
95	119	0.925616
95	138	0.973335
95	142	0.983177
95	146	0.958174
95	147	0.964061
95	149	0.975861
95	150	0.962924
95	152	0.976777
95	155	0.93487
95	159	0.969883
95	160	1.13164
95	164	0.98434
95	167	1.12532
95	173	1.04743
95	179	1.09686
95	180	1.09101
96	4	0.940121
96	22	1.02391
96	63	1.05134
96	70	0.985324
96	74	1.06368
96	86	1.01187
96	108	0.979396
96	113	0.943895
96	114	1.00828
96	117	0.99166
96	129	1.01751
96	131	1.07275
96	136	1.00308
96	141	1.00868
96	144	1.02679
96	148	0.909351
96	151	1.03145
96	154	1.01998
96	157	0.99565
96	158	0.992611
96	160	1.04089
96	162	0.822361
96	172	1.04893
97	10	0.909749
97	26	0.970718
97	73	0.923102
97	94	1.12133
97	149	0.994965
97	158	1.03195
97	163	1.07632
97	164	0.953518
97	165	0.989909
97	166	1.00575
97	167	0.995092
97	168	1.00097
97	169	0.996196
97	170	1.00232
97	171	0.996375
97	172	0.996145
97	173	1.01275
97	175	0.997063
97	176	1.00076
97	177	1.0111
97	178	1.006
97	179	1.00662
97	180	1.00662
98	2	1.0056
98	13	0.99314
98	16	0.873512
98	34	0.916532
98	85	0.954551
98	92	0.978748
98	94	0.91515
98	102	0.919666
98	107	0.941069
98	110	0.978906
98	115	0.961947
98	116	0.931012
98	124	0.925101
98	132	0.946042
98	133	0.950418
98	143	1.0232
98	156	0.945463
98	168	1.18621
98	171	1.17187
98	172	1.22518
98	173	1.13293
98	174	0.963146
98	177	1.15003
99	4	1.19786
99	67	0.997773
99	77	0.961941
99	95	1.0973
99	149	1.0136
99	151	0.9647
99	162	1.08705
99	163	1.05213
99	164	0.972152
99	165	0.965719
99	166	0.981562
99	167	0.970901
99	168	0.976776
99	169	0.972005
99	170	0.978132
99	171	0.972184
99	172	0.971954
99	173	0.98856
99	175	0.972872
99	176	0.97657
99	177	0.986908
99	178	0.98181
99	179	0.982433
99	180	0.982433
100	1	1.03202
100	2	1.03538
100	12	1.03586
100	41	0.948199
100	81	1.01576
100	89	0.921349
100	91	1.02547
100	92	1.00853
100	94	0.944932
100	102	0.949448
100	110	1.00869
100	112	0.966854
100	115	0.991729
100	124	0.954884
100	125	0.966973
100	132	0.975825
100	133	0.980201
100	156	0.975245
100	160	0.950863
100	166	1.09103
100	168	1.05956
100	171	1.04523
100	179	1.05571
100	180	1.04986
101	42	0.923877
101	106	1.09801
101	115	1.07895
101	117	1.15882
101	132	1.07716
101	137	1.1009
101	161	1.07734
101	162	1.06486
101	163	1.02993
101	164	1.07297
101	165	0.943522
101	166	0.959366
101	167	0.948705
101	168	0.954579
101	169	0.949808
101	170	0.955935
101	171	0.949987
101	172	0.949757
101	173	0.966364
101	175	0.950676
101	176	0.954374
101	177	0.964711
101	178	0.959613
101	179	0.960236
101	180	0.960236
102	19	1.28245
102	45	0.959379
102	51	1.02447
102	85	0.982997
102	91	1.02413
102	94	0.943596
102	98	0.919666
102	100	0.949448
102	107	0.969515
102	109	1.10575
102	112	0.98299
102	115	0.990393
102	116	0.959459
102	124	0.953547
102	130	0.979771
102	132	0.974488
102	133	0.978864
102	135	0.975247
102	155	1.13449
102	156	0.973909
102	160	0.949527
102	161	0.87845
102	174	0.991592
102	177	1.03952
102	180	1.066
103	6	1.00785
103	8	1.01012
103	33	0.932103
103	56	1.30306
103	57	1.05056
103	66	1.04604
103	71	0.928808
103	83	0.950795
103	88	1.00698
103	108	0.916443
103	112	0.97453
103	114	0.945331
103	117	0.928707
103	120	0.917184
103	128	1.15598
103	129	0.954562
103	136	0.940125
103	141	0.945727
103	144	0.96384
103	145	1.03069
103	151	0.968501
103	157	0.932698
103	158	0.929658
103	167	1.14078
103	174	1.03014
103	177	1.08
104	18	1.03818
104	30	1.00194
104	42	1.08605
104	71	0.967515
104	88	1.04569
104	105	0.988175
104	108	0.955151
104	114	0.984039
104	117	0.967415
104	118	0.966136
104	123	0.991667
104	127	0.99736
104	128	1.09085
104	129	0.993269
104	136	0.978833
104	138	1.00198
104	141	0.984435
104	143	0.888033
104	144	1.00255
104	151	1.00721
104	155	1.10983
104	157	0.971406
104	158	0.968366
104	163	0.856854
104	172	1.09001
104	173	0.997762
104	175	1.0552
105	4	0.930047
105	25	1.00078
105	65	1.03571
105	88	1.05986
105	104	0.988175
105	120	0.970062
105	121	1.10418
105	123	1.00584
105	125	1.04111
105	129	1.00744
105	133	0.962839
105	140	1.02567
105	141	0.998605
105	142	0.959429
105	154	1.0099
105	156	0.980475
105	158	0.982537
105	170	0.9935
105	171	0.987552
105	172	0.987322
105	173	1.00393
105	175	0.98824
105	176	0.991938
105	177	1.00228
105	178	0.997178
105	179	0.997801
105	180	0.997801
106	15	1.18591
106	25	1.00259
106	65	0.98434
106	75	0.951677
106	78	1.0161
106	82	1.01535
106	90	0.965772
106	101	1.09801
106	119	0.962312
106	121	0.968496
106	126	0.977321
106	139	1.01402
106	140	1.01635
106	146	0.99487
106	147	1.00076
106	149	1.01256
106	152	1.01347
106	153	1.00484
106	155	0.971566
106	159	1.00658
106	160	1.03154
106	163	0.806419
106	164	1.02104
106	167	1.02522
106	177	0.964434
106	178	0.981115
106	179	0.996762
107	1	1.05208
107	12	1.05592
107	38	0.962204
107	50	1.15828
107	55	0.961928
107	64	0.980927
107	67	0.969132
107	69	1.05088
107	85	1.0044
107	94	0.964999
107	98	0.941069
107	102	0.969515
107	110	1.02875
107	111	1.00773
107	116	0.980861
107	130	1.00117
107	133	1.00027
107	135	0.99665
107	154	0.966403
107	156	0.995312
107	160	0.97093
107	162	0.837182
107	168	1.02478
107	170	1.00885
107	172	1.06375
107	174	1.013
107	179	1.02093
108	6	1.0277
108	8	1.02997
108	69	1.02357
108	71	0.948662
108	74	1.02058
108	88	1.02683
108	93	0.992805
108	96	0.979396
108	103	0.916443
108	104	0.955151
108	112	0.994383
108	118	0.947282
108	123	0.972813
108	129	0.974415
108	130	1.05416
108	134	1.06716
108	136	0.959979
108	138	0.983123
108	141	0.965581
108	144	0.983694
108	151	0.988355
108	157	0.952552
108	158	0.949512
108	163	0.901252
108	167	1.12005
108	170	1.07951
108	171	1.08111
108	179	1.0916
109	23	1.4025
109	48	0.716576
109	102	1.10575
109	126	1.08887
109	139	1.01684
109	145	0.999685
109	148	1.01321
109	150	1.06852
109	151	0.998167
109	156	1.01142
109	161	1.08218
109	162	1.0697
109	163	1.03477
109	165	0.948361
109	166	0.964205
109	167	0.953544
109	168	0.959418
109	169	0.954648
109	170	0.960774
109	171	0.954826
109	172	0.954596
109	173	0.971203
109	175	0.955515
109	176	0.959213
109	177	0.96955
109	178	0.964452
109	179	0.965075
109	180	0.965075
110	17	1.07403
110	26	0.89354
110	51	1.08371
110	68	1.02554
110	71	0.970921
110	98	0.978906
110	100	1.00869
110	107	1.02875
110	123	0.907124
110	132	1.03373
110	133	1.0381
110	135	1.03449
110	140	0.927338
110	141	0.931702
110	153	0.941484
110	159	0.936686
110	164	0.87634
110	170	1.02562
110	171	1.01967
110	172	1.01944
110	173	1.03605
110	174	1.05083
110	175	1.02036
110	176	1.02406
110	177	1.0344
110	178	1.0293
110	179	1.02992
110	180	1.02992
111	1	0.754512
111	39	1.04711
111	40	1.09166
111	88	0.855433
111	107	1.00773
111	129	0.988128
111	142	0.943267
111	145	1.03468
111	147	1.06072
111	148	1.04821
111	161	1.11718
111	162	1.1047
111	163	1.06977
111	164	0.95851
111	165	0.983361
111	166	0.999205
111	167	0.988544
111	168	0.994418
111	169	0.989648
111	170	0.995774
111	171	0.989826
111	172	0.989596
111	173	1.0062
111	175	0.990515
111	176	0.994213
111	177	1.00455
111	178	0.999452
111	179	1.00008
111	180	1.00008
112	4	0.955109
112	8	1.08806
112	34	1.0448
112	59	1.21531
112	60	0.830578
112	68	0.990979
112	84	0.943787
112	100	0.966854
112	102	0.98299
112	103	0.97453
112	108	0.994383
112	114	1.02327
112	115	0.888838
112	125	0.949295
112	136	1.01807
112	151	1.04644
112	157	1.01064
112	158	1.0076
112	164	0.882855
112	167	1.01133
112	171	1.01261
112	172	1.01238
112	173	1.02899
112	175	1.0133
112	176	1.017
112	177	1.02734
112	178	1.02224
112	179	1.02286
112	180	1.02286
113	5	1.18494
113	47	0.796139
113	58	0.98853
113	59	1.24195
113	66	0.661894
113	68	1.0587
113	96	0.943895
113	114	0.925451
113	145	1.03468
113	148	1.04821
113	151	0.902046
113	161	1.11718
113	162	1.1047
113	163	1.06977
113	165	0.983361
113	166	0.999205
113	167	0.988544
113	168	0.994418
113	169	0.989648
113	170	0.995774
113	171	0.989826
113	172	0.989596
113	173	1.0062
113	175	0.990515
113	176	0.994213
113	177	1.00455
113	178	0.999452
113	179	1.00008
113	180	1.00008
114	22	1.0097
114	24	1.01551
114	30	1.01198
114	42	1.09608
114	46	0.979248
114	71	0.97755
114	96	1.00828
114	103	0.945331
114	104	0.984039
114	112	1.02327
114	113	0.925451
114	118	0.97617
114	120	0.965926
114	123	1.0017
114	129	1.0033
114	138	1.01201
114	141	0.994469
114	144	1.01258
114	151	1.01724
114	154	1.00577
114	155	1.05031
114	157	0.98144
114	158	0.9784
114	166	1.02299
114	167	1.01612
114	170	0.975582
114	172	1.03048
114	175	0.995666
114	179	0.987668
114	180	0.981816
115	5	0.934568
115	16	0.944239
115	34	0.987259
115	37	1.53253
115	41	0.989144
115	55	0.982806
115	64	1.00181
115	67	0.99001
115	76	0.907661
115	80	0.902673
115	85	1.02528
115	87	0.832096
115	91	1.06641
115	92	1.04947
115	94	0.985877
115	98	0.961947
115	100	0.991729
115	101	1.07895
115	102	0.990393
115	112	0.888838
115	116	1.00174
115	132	1.01677
115	133	1.02115
115	135	1.01753
115	143	0.818534
115	156	1.01619
115	160	0.991808
115	166	1.01302
115	172	1.02051
115	174	1.03387
116	2	1.04539
116	5	0.903634
116	12	1.04587
116	14	1.22644
116	32	0.982864
116	38	0.952148
116	45	0.970726
116	51	1.03581
116	61	1.04075
116	64	0.970871
116	81	1.02577
116	91	1.03548
116	92	1.01854
116	94	0.954942
116	98	0.931012
116	102	0.959459
116	107	0.980861
116	115	1.00174
116	124	0.964894
116	125	0.976983
116	133	0.990211
116	134	0.986366
116	135	0.986593
116	156	0.985255
116	160	0.960874
116	169	1.00989
116	170	0.998714
116	171	1.00031
116	174	1.00294
116	176	1.03919
116	180	1.00495
117	8	1.04224
117	21	0.988806
117	24	0.998886
117	33	0.964221
117	42	1.07946
117	55	1.24056
117	70	0.954489
117	72	0.938849
117	83	0.982913
117	86	0.981038
117	87	0.911962
117	88	1.0391
117	96	0.99166
117	101	1.15882
117	103	0.928707
117	104	0.967415
117	118	0.959546
117	120	0.949302
117	129	0.98668
117	131	1.1242
117	138	0.995387
117	141	0.977845
117	144	0.995958
117	145	0.975923
117	151	1.00062
117	154	0.989144
117	157	0.964816
117	158	0.961776
117	162	0.873813
117	177	1.02524
117	178	1.04192
118	8	1.04096
118	10	1.02761
118	18	1.03031
118	24	0.997607
118	46	0.961346
118	49	0.854516
118	52	1.16304
118	57	1.02055
118	83	0.981634
118	86	0.979759
118	87	0.936716
118	88	1.03782
118	104	0.966136
118	108	0.947282
118	114	0.97617
118	117	0.959546
118	120	0.948023
118	123	0.983798
118	127	1.03248
118	129	0.985401
118	138	0.994109
118	141	0.976566
118	144	0.994679
118	151	0.999341
118	154	0.987865
118	157	0.963537
118	158	0.960497
118	173	1.03288
118	175	1.09032
118	176	1.11071
118	177	1.04999
119	9	1.00795
119	26	0.980492
119	40	0.946058
119	45	1.11756
119	54	1.01807
119	60	0.967382
119	78	0.988295
119	84	0.966134
119	95	0.925616
119	106	0.962312
119	121	0.940696
119	122	0.972605
119	126	0.949521
119	139	0.986215
119	140	0.988554
119	142	0.992073
119	145	1.00108
119	147	0.972957
119	149	0.984757
119	150	0.971819
119	152	0.985673
119	153	0.977042
119	154	1.02819
119	155	0.943766
119	159	0.978779
119	160	1.1175
119	164	0.993236
119	167	1.11118
119	170	1.07064
119	171	1.07224
119	174	1.00053
119	178	1.06708
120	18	1.02007
120	19	1.28296
120	35	1.12065
120	39	0.947277
120	42	1.06794
120	66	1.06664
120	70	0.942966
120	71	0.949402
120	83	0.97139
120	86	0.969515
120	87	0.926757
120	103	0.917184
120	105	0.970062
120	114	0.965926
120	117	0.949302
120	118	0.948023
120	123	0.973554
120	129	0.975156
120	135	1.02453
120	136	0.96072
120	138	0.983864
120	141	0.966322
120	144	0.984434
120	151	0.989096
120	154	0.97762
120	157	0.953293
120	158	0.950253
120	162	0.888608
120	165	1.08085
120	166	1.10768
120	176	1.10075
120	178	1.05671
121	3	0.89763
121	26	0.986676
121	31	0.975735
121	52	1.18194
121	59	0.898204
121	66	1.07119
121	75	0.930061
121	77	0.992009
121	80	1.0262
121	82	0.993732
121	105	1.10418
121	106	0.968496
121	119	0.940696
121	125	0.96502
121	126	0.955705
121	137	0.985522
121	139	0.992399
121	140	0.994738
121	142	0.998257
121	146	0.973254
121	147	0.979141
121	149	0.990941
121	150	0.978003
121	153	0.983226
121	154	1.04669
121	155	0.94995
121	163	0.910878
121	164	0.99942
121	165	1.10971
121	170	1.08913
121	173	1.05179
121	177	1.06889
122	6	0.93031
122	21	0.994221
122	25	1.01288
122	64	1.05068
122	70	1.13008
122	75	0.96197
122	77	1.02392
122	86	0.786331
122	88	0.903736
122	91	0.910043
122	119	0.972605
122	124	1.10537
122	132	1.011
122	140	1.02665
122	142	1.03017
122	146	1.00516
122	152	1.02377
122	153	1.01514
122	157	1.08358
122	159	1.01687
122	164	1.03133
122	166	1.00111
122	167	0.990445
122	168	0.99632
122	169	0.991549
122	171	0.991728
122	173	1.0081
122	175	0.992416
122	176	0.996114
122	177	1.00645
122	178	1.00135
122	179	1.00198
122	180	1.00198
123	21	1.01306
123	30	1.0196
123	39	0.983051
123	46	0.986876
123	66	1.10241
123	70	0.978741
123	71	0.985177
123	74	1.0571
123	83	1.00716
123	86	1.00529
123	104	0.991667
123	105	1.00584
123	108	0.972813
123	110	0.907124
123	114	1.0017
123	118	0.983798
123	120	0.973554
123	136	0.996495
123	141	1.0021
123	144	1.02021
123	148	0.905739
123	151	1.02487
123	154	1.0134
123	155	1.06514
123	157	0.989067
123	158	0.986028
123	160	1.03728
123	165	1.01099
123	170	0.990413
123	173	0.953064
123	176	1.03089
123	178	0.986852
123	180	0.996647
124	1	1.03612
124	2	1.03948
124	13	1.02702
124	16	0.907394
124	17	1.02023
124	43	1.11256
124	47	1.06502
124	49	0.842474
124	51	1.0299
124	55	0.945961
124	58	0.993389
124	64	0.96496
124	69	1.03491
124	81	1.01986
124	85	0.988432
124	91	1.02957
124	92	1.01263
124	98	0.925101
124	100	0.954884
124	102	0.953547
124	116	0.964894
124	122	1.10537
124	125	0.971072
124	127	1.02044
124	133	0.9843
124	154	1.01575
124	156	0.979344
124	160	0.954962
124	162	0.886525
124	169	1.06936
124	171	1.05979
124	173	1.02084
124	174	0.997028
124	178	1.05463
125	53	1.16939
125	58	1.00548
125	73	1.03137
125	85	1.00052
125	93	0.939364
125	94	0.96112
125	100	0.966973
125	105	1.04111
125	112	0.949295
125	116	0.976983
125	121	0.96502
125	124	0.971072
125	126	0.973846
125	130	0.997295
125	132	0.992013
125	133	0.996389
125	139	1.01054
125	142	1.0164
125	145	0.956514
125	146	0.991395
125	147	0.997281
125	150	0.996144
125	152	1.01
125	153	1.00137
125	155	0.96809
125	156	0.991433
125	159	1.0031
125	160	0.967051
125	166	1.07348
125	171	1.02767
125	173	0.98872
125	174	1.00912
125	177	1.00583
125	179	1.03815
126	15	1.24412
126	23	0.883546
126	25	0.989799
126	50	1.19231
126	54	1.03308
126	60	0.982392
126	65	0.97155
126	75	0.938887
126	77	1.00083
126	84	0.981144
126	90	0.952982
126	106	0.977321
126	109	1.08887
126	119	0.949521
126	121	0.955705
126	125	0.973846
126	137	0.994348
126	138	0.99724
126	139	1.00122
126	142	1.00708
126	145	0.973323
126	146	0.98208
126	147	0.987966
126	149	0.999766
126	150	0.986829
126	153	0.992052
126	155	0.958775
126	159	0.993788
126	162	0.871214
126	164	1.00825
126	169	1.05405
126	173	1.00553
126	174	0.972773
126	175	1.06296
126	177	1.02264
127	21	0.909286
127	36	1.06732
127	66	0.674274
127	68	1.07108
127	69	0.857204
127	104	0.99736
127	118	1.03248
127	124	1.02044
127	128	0.977976
127	131	0.977976
127	142	0.906635
127	143	1.08025
127	145	1.04149
127	148	1.05501
127	153	0.987022
127	159	0.982224
127	161	1.12398
127	162	1.1115
127	163	1.07657
127	165	0.990162
127	166	1.00601
127	167	0.995345
127	168	1.00122
127	169	0.996448
127	170	1.00258
127	171	0.996627
127	172	0.996397
127	173	1.013
127	174	1.02778
127	175	0.997316
127	176	1.00101
127	177	1.01135
127	178	1.00625
127	179	1.00688
127	180	1.00688
128	8	0.926289
128	84	1.0763
128	103	1.15598
128	104	1.09085
128	127	0.977976
128	131	0.935455
128	132	1.01956
128	134	0.977976
128	136	1.05959
128	143	1.03773
128	145	0.998965
128	146	1.0667
128	148	1.01249
128	151	1.00792
128	157	1.09213
128	161	1.08146
128	162	1.06898
128	163	1.03405
128	164	1.01537
128	165	0.947641
128	166	0.963485
128	167	0.952824
128	168	0.958698
128	169	0.953928
128	170	0.960055
128	171	0.954107
128	172	0.953876
128	173	0.970483
128	174	0.985264
128	175	0.954795
128	176	0.958493
128	177	0.96883
128	178	0.963733
128	179	0.964355
128	180	0.964355
129	8	1.06809
129	10	1.05475
129	18	1.05745
129	20	0.94553
129	21	1.01466
129	30	1.02121
129	46	0.988479
129	53	1.13257
129	71	0.98678
129	74	1.0587
129	83	1.00877
129	87	0.855732
129	96	1.01751
129	103	0.954562
129	104	0.993269
129	105	1.00744
129	108	0.974415
129	111	0.988128
129	114	1.0033
129	117	0.98668
129	118	0.985401
129	120	0.975156
129	131	1.06797
129	136	0.998098
129	141	1.0037
129	144	1.02181
129	148	0.904573
129	151	1.02647
129	154	1.015
129	157	0.99067
129	158	0.987631
129	162	0.817583
129	167	1.02979
129	169	1.00042
129	172	1.04415
129	179	1.00133
130	25	0.960389
130	47	1.09124
130	69	1.06113
130	81	1.04608
130	85	1.01466
130	90	1.03037
130	102	0.979771
130	107	1.00117
130	108	1.05416
130	125	0.997295
130	132	1.00615
130	133	1.01052
130	141	0.989643
130	144	0.946627
130	151	0.926829
130	152	0.948733
130	153	0.999425
130	156	1.00557
130	157	1.01104
130	158	1.01271
130	160	0.981186
130	164	0.934281
130	166	1.00147
130	167	0.990811
130	168	0.996685
130	169	0.991915
130	170	0.998042
130	171	0.992094
130	173	1.00847
130	174	1.02325
130	175	0.992782
130	176	0.99648
130	177	1.00682
130	178	1.00172
130	179	1.00234
130	180	1.00234
131	8	0.949273
131	83	1.11345
131	85	1.04873
131	91	0.941584
131	96	1.07275
131	117	1.1242
131	127	0.977976
131	128	0.935455
131	129	1.06797
131	134	0.977976
131	138	1.04433
131	143	1.03773
131	145	0.998965
131	148	1.01249
131	156	1.04416
131	159	1.0987
131	161	1.08146
131	162	1.06898
131	163	1.03405
131	165	0.947641
131	166	0.963485
131	167	0.952824
131	168	0.958698
131	169	0.953928
131	170	0.960055
131	171	0.954107
131	172	0.953876
131	173	0.970483
131	174	0.985264
131	175	0.954795
131	176	0.958493
131	177	0.96883
131	178	0.963733
131	179	0.964355
131	180	0.964355
132	1	1.05706
132	12	1.0609
132	14	1.19154
132	17	1.04117
132	28	1.00117
132	34	0.971354
132	38	0.967177
132	41	0.973239
132	47	1.08596
132	57	0.914138
132	64	0.985901
132	67	0.974106
132	72	1.05382
132	81	1.0408
132	85	1.00937
132	92	1.03357
132	98	0.946042
132	100	0.975825
132	101	1.07716
132	102	0.974488
132	110	1.03373
132	115	1.01677
132	122	1.011
132	125	0.992013
132	128	1.01956
132	130	1.00615
132	133	1.00524
132	148	0.879143
132	156	1.00029
132	160	0.975903
132	161	0.782503
132	165	0.984398
132	167	1.00436
132	171	0.965415
132	174	1.01797
