1	42	0.922511
1	56	1.12796
1	79	0.872993
1	109	1.01098
1	131	0.951615
1	160	0.920395
1	162	0.974757
1	169	0.929708
1	172	0.833894
1	173	0.790308
1	174	0.87202
1	176	0.847122
2	58	0.98469
2	59	0.993361
2	64	1.07833
2	90	1.03584
2	97	1.06414
2	107	1.11424
2	158	0.806587
2	165	1.23117
2	171	1.1942
2	172	1.39191
2	175	0.937607
2	177	1.33897
3	70	1.10376
3	81	1.04689
3	92	0.982957
3	94	0.983041
3	98	1.03322
3	101	1.03343
3	143	1.00084
3	155	1.01421
3	157	1.02746
3	164	1.17748
3	172	1.51956
3	175	1.23485
4	27	0.666432
4	76	0.739629
4	77	1.07321
4	87	0.818285
4	95	1.14331
4	102	0.630619
4	116	0.795537
4	121	1.06997
4	165	0.970545
4	171	0.983816
4	172	0.944397
4	178	1.00385
5	29	1.0243
5	47	0.940543
5	63	1.06813
5	77	1.02009
5	95	1.0902
5	103	1.06336
5	133	1.20005
5	148	1.03001
5	155	1.1121
5	157	1.0479
5	160	1.27927
5	178	1.27777
6	49	1.0418
6	62	1.06913
6	69	1.05734
6	73	1.13517
6	91	1.09469
6	120	1.02487
6	144	1.09618
6	150	1.0662
6	154	0.973982
6	167	1.26065
6	171	1.50406
6	180	0.847571
7	99	1.04889
7	108	1.01492
7	110	1.06097
7	111	1.06094
7	132	1.0047
7	143	1.10838
7	144	1.0215
7	156	1.06116
7	161	0.958623
7	163	0.995797
7	167	1.18597
7	172	1.6271
8	57	0.968516
8	74	0.972583
8	84	1.23837
8	92	0.843984
8	94	0.844068
8	98	0.894244
8	101	0.894454
8	128	1.47794
8	131	0.906661
8	132	1.42592
8	154	1.56453
8	157	0.888487
9	47	0.924954
9	50	1.0417
9	63	1.05254
9	77	1.00451
9	95	1.07461
9	120	1.08705
9	139	0.927685
9	144	1.0821
9	157	1.03231
9	160	1.34952
9	164	1.34562
9	167	1.24657
10	87	1.13199
10	102	1.14279
10	113	1.16109
10	118	1.13307
10	151	0.910948
10	153	0.902518
10	158	0.973565
10	168	0.994735
10	174	1.33415
10	176	1.42867
10	178	1.03244
11	67	1.0487
11	75	0.998374
11	85	1.02734
11	93	1.10484
11	106	1.00607
11	116	1.01841
11	119	1.03124
11	122	1.05669
11	147	1.04528
11	163	1.13439
11	166	1.35999
11	175	1.32642
12	38	1.17323
12	54	1.05
12	60	1.17651
12	79	1.13986
12	105	0.73943
12	125	0.858131
12	159	1.14461
12	175	1.20861
12	177	1.44036
12	179	1.31069
12	180	0.921193
13	87	1.04983
13	102	1.06063
13	113	1.07893
13	114	1.09168
13	118	1.0509
13	133	1.224
13	151	0.993453
13	158	1.05607
13	165	1.48065
13	167	1.20027
13	168	0.912569
13	178	0.950274
14	16	0.991265
14	33	1.08762
14	55	1.08494
14	80	1.03535
14	96	1.0587
14	133	1.26045
14	144	1.07225
14	146	1.13184
14	156	1.04962
14	161	1.28639
14	163	1.20111
14	168	0.884937
15	27	1.07241
15	30	0.823905
15	33	1.02149
15	48	0.94094
15	55	1.01881
15	68	0.964547
15	80	0.969228
15	96	0.992571
15	123	1.26125
15	137	1.19111
15	168	0.818812
15	178	1.44493
15	179	1.60198
16	14	0.991265
16	30	0.934091
16	33	1.03734
16	48	0.956785
16	68	0.980391
16	80	0.985073
16	96	1.00842
16	105	1.14091
16	132	1.27239
16	146	1.34878
16	156	0.999334
16	168	0.834657
16	175	1.61008
17	115	1.02145
17	117	1.02136
17	121	0.978965
17	124	1.00844
17	127	1.0836
17	144	1.13258
17	149	1.3394
17	155	1.23283
17	161	1.34672
17	167	1.29705
17	175	0.890859
17	177	0.874326
17	178	0.912848
18	78	0.940175
18	99	1.01548
18	108	0.981509
18	110	1.02756
18	111	1.02753
18	134	1.15566
18	153	1.05116
18	154	0.932939
18	161	0.925212
18	163	0.962387
18	164	1.36547
18	167	1.26641
18	171	1.50983
19	78	0.928173
19	99	1.00348
19	108	0.969508
19	110	1.01556
19	111	1.01553
19	133	1.32873
19	139	0.986117
19	143	1.22741
19	156	1.01575
19	160	1.40796
19	161	0.913211
19	163	0.950385
19	164	1.40406
20	59	0.908027
20	64	0.992998
20	90	0.950505
20	97	0.978808
20	107	1.02891
20	136	1.32481
20	139	1.07891
20	143	1.18451
20	144	1.09763
20	159	1.00343
20	163	1.22649
20	175	0.852273
20	179	1.52061
21	22	0.95024
21	38	1.04798
21	54	0.92475
21	60	1.05125
21	79	1.01461
21	128	1.16186
21	131	1.00553
21	137	1.13874
21	144	1.12664
21	159	1.01936
21	168	1.4535
21	175	1.44753
21	180	0.795941
22	21	0.95024
22	38	1.02157
22	60	1.02485
22	79	0.988207
22	130	1.29549
22	131	0.979125
22	139	1.06843
22	159	0.992951
22	160	1.18561
22	168	1.24505
22	170	1.4272
22	178	1.18411
22	180	0.769536
23	45	0.986331
23	58	1.05532
23	64	1.14896
23	82	0.730274
23	90	1.10646
23	97	1.13477
23	107	1.18487
23	130	1.28217
23	155	1.00512
23	159	1.15939
23	168	1.23173
23	171	1.31275
23	175	1.00823
24	55	1.16977
24	86	1.14355
24	96	0.965249
24	130	0.881324
24	141	0.969498
24	145	1.01047
24	165	0.858361
24	166	0.886116
24	170	0.843431
24	171	0.871631
24	172	0.832213
24	173	0.788628
24	179	0.863626
25	87	1.00275
25	102	1.01355
25	113	1.03185
25	114	1.0446
25	118	1.00382
25	161	0.927629
25	162	0.96252
25	168	0.86549
25	169	1.06092
25	177	1.41108
25	178	0.903195
25	179	1.28141
25	180	1.65079
26	67	0.989074
26	71	0.958229
26	85	0.967711
26	89	0.965284
26	104	0.995293
26	106	0.946442
26	119	0.971612
26	120	1.07512
26	122	0.99707
26	132	1.12963
26	141	1.25798
26	175	1.46732
26	178	1.41235
27	4	0.666432
27	15	1.07241
27	28	1.21146
27	48	1.10405
27	80	1.13234
27	96	1.15568
27	103	1.01634
27	126	1.05669
27	146	1.02441
27	156	1.1466
27	168	0.981923
27	174	1.34567
27	178	1.23074
28	27	1.21146
28	55	1.15787
28	68	1.1036
28	76	1.13383
28	80	1.10828
28	93	0.78039
28	123	0.763323
28	156	1.12254
28	168	0.957865
28	171	1.08897
28	173	1.64856
28	177	1.23373
28	179	1.10406
29	5	1.0243
29	47	0.867103
29	50	0.983851
29	63	0.994692
29	77	0.946655
29	95	1.01676
29	120	1.0292
29	148	0.956574
29	152	1.07591
29	153	0.891913
29	171	1.35057
29	172	1.54829
29	177	1.49534
30	15	0.823905
30	16	0.934091
30	46	0.959716
30	54	0.789797
30	99	0.65107
30	107	0.630002
30	137	1.16252
30	149	1.09782
30	165	1.02047
30	170	1.00554
30	171	1.03374
30	174	1.03245
30	176	1.00755
30	179	1.02574
31	40	0.893544
31	43	0.968868
31	44	0.962261
31	51	0.97188
31	53	0.925461
31	72	0.937015
31	88	0.962177
31	103	1.16995
31	159	0.981772
31	161	1.33257
31	169	1.32091
31	177	0.814086
31	178	1.38435
31	179	1.5414
32	112	1.04223
32	115	0.967039
32	117	0.966946
32	121	0.924553
32	124	0.954031
32	127	1.02919
32	137	1.29574
32	141	1.39518
32	148	1.32237
32	150	1.25366
32	169	1.48612
32	175	0.836447
32	177	0.819914
32	178	0.858436
33	14	1.08762
33	15	1.02149
33	16	1.03734
33	48	1.05314
33	68	1.07675
33	80	1.08143
33	96	1.10477
33	103	1.09197
33	105	0.892164
33	136	1.26762
33	163	1.16931
33	168	0.931011
33	169	1.24293
33	178	1.30637
34	41	1.06704
34	66	1.06518
34	75	1.0339
34	83	1.01475
34	85	1.06286
34	89	1.06043
34	106	1.04159
34	116	1.05393
34	123	0.819558
34	146	0.796909
34	163	0.86618
34	173	1.7048
34	177	1.28997
34	180	1.52967
35	59	0.983027
35	64	1.068
35	90	1.02551
35	97	1.05381
35	105	0.863386
35	107	1.10391
35	132	0.994871
35	136	1.23885
35	139	1.15391
35	142	1.2544
35	159	1.07843
35	164	1.27519
35	168	1.33854
35	175	0.927273
36	78	1.0023
36	99	1.07761
36	108	1.04364
36	110	1.08969
36	111	1.08966
36	133	1.18502
36	134	1.05053
36	154	0.995068
36	155	1.09707
36	156	1.08988
36	158	1.01709
36	160	1.26424
36	163	1.02452
36	166	1.35128
37	61	0.929744
37	113	0.980923
37	114	0.993676
37	118	0.952897
37	134	1.03635
37	145	1.0188
37	149	1.18946
37	156	0.979242
37	161	0.876702
37	162	1.08672
37	168	0.814564
37	170	1.49165
37	173	1.95011
37	178	0.852269
38	12	1.17323
38	21	1.04798
38	22	1.02157
38	46	0.669594
38	54	0.996082
38	60	1.12258
38	79	1.08594
38	82	0.834198
38	134	1.06251
38	159	1.09069
38	162	1.11288
38	170	1.51781
38	174	1.38965
38	180	0.867273
39	66	1.05557
39	71	1.04377
39	75	1.02429
39	85	1.05325
39	106	1.03198
39	116	1.04432
39	119	1.05715
39	122	1.08261
39	123	1.03523
39	148	0.991731
39	149	1.15982
39	153	0.902212
39	161	1.16713
39	180	1.74535
40	31	0.893544
40	42	0.956409
40	43	0.960935
40	51	0.963947
40	53	0.917528
40	88	0.954244
40	136	1.35096
40	138	0.980646
40	139	0.969365
40	159	0.973839
40	166	1.47824
40	174	1.50464
40	175	1.44467
40	177	0.806153
41	34	1.06704
41	67	1.02269
41	71	0.991841
41	83	0.953215
41	104	1.02891
41	109	1.14591
41	116	0.992396
41	119	1.00522
41	122	1.03068
41	133	0.918395
41	139	1.0218
41	147	1.21596
41	158	1.19648
41	163	1.30507
41	175	1.4971
42	1	0.922511
42	40	0.956409
42	43	1.03173
42	46	1.01709
42	53	0.988327
42	72	0.99988
42	88	1.02504
42	138	1.05144
42	148	1.06552
42	158	1.04705
42	159	1.04464
42	161	1.24092
42	171	1.43466
42	177	0.876951
42	179	1.44976
43	31	0.968868
43	40	0.960935
43	42	1.03173
43	46	1.02162
43	51	1.03927
43	72	1.00441
43	88	1.02957
43	126	1.09205
43	133	1.18838
43	153	0.949401
43	154	1.122
43	159	1.04916
43	172	1.60578
43	177	0.881476
43	179	1.42315
44	31	0.962261
44	46	1.01501
44	51	1.03266
44	53	0.986245
44	72	0.997799
44	88	1.02296
44	93	1.04787
44	130	1.32587
44	138	1.04936
44	140	0.864586
44	152	1.08178
44	159	1.04256
44	174	1.32942
44	177	0.87487
44	180	1.74092
45	23	0.986331
45	91	1.06581
45	108	1.1524
45	128	0.98503
45	155	0.959063
45	156	0.913939
45	159	0.954797
45	160	0.933357
45	161	0.930744
45	169	0.94267
45	170	0.858074
45	171	0.886275
45	173	0.803271
45	179	0.87827
45	180	0.81206
46	30	0.959716
46	38	0.669594
46	42	1.01709
46	43	1.02162
46	44	1.01501
46	53	0.978212
46	72	0.989766
46	88	1.01493
46	128	1.35004
46	138	1.04133
46	140	1.23084
46	153	1.26404
46	155	1.41507
46	159	1.03452
46	177	0.866837
47	5	0.940543
47	9	0.924954
47	29	0.867103
47	50	0.900096
47	63	0.910938
47	65	1.2245
47	77	0.8629
47	95	0.933007
47	123	0.909245
47	140	1.29861
47	148	0.872819
47	155	1.48284
47	157	0.890708
47	158	1.40286
47	168	1.70945
48	15	0.94094
48	16	0.956785
48	27	1.10405
48	33	1.05314
48	55	1.05046
48	68	0.996192
48	82	0.929735
48	96	1.02422
48	103	1.15585
48	125	1.07474
48	143	1.19121
48	156	1.01514
48	168	0.850457
48	169	1.30681
48	172	1.70993
49	6	1.0418
49	52	1.01544
49	62	1.03102
49	69	1.01923
49	73	1.09707
49	91	1.05658
49	123	1.01941
49	137	1.05134
49	139	0.884814
49	154	0.935872
49	163	1.16809
49	165	1.48408
49	168	1.3661
49	174	1.42009
49	180	0.809461
50	9	1.0417
50	29	0.983851
50	47	0.900096
50	63	1.02769
50	77	0.979648
50	95	1.04975
50	123	1.02599
50	125	0.901759
50	148	0.989567
50	154	1.05316
50	157	1.00746
50	161	1.14548
50	174	1.3122
50	175	1.25223
50	180	1.7237
51	31	0.97188
51	40	0.963947
51	43	1.03927
51	44	1.03266
51	53	0.995864
51	72	1.00742
51	84	0.809079
51	88	1.03258
51	150	0.983448
51	159	1.05217
51	165	1.45827
51	170	1.52244
51	175	1.33432
51	177	0.884488
51	178	1.27935
52	49	1.01544
52	62	1.04277
52	69	1.03098
52	73	1.10882
52	91	1.06833
52	133	0.929236
52	137	1.08517
52	138	1.05143
52	147	1.11282
52	154	0.947622
52	162	1.17716
52	169	1.27555
52	175	1.39396
52	178	1.33899
52	180	0.821211
53	31	0.925461
53	40	0.917528
53	42	0.988327
53	44	0.986245
53	46	0.978212
53	51	0.995864
53	72	0.960999
53	88	0.986161
53	130	1.49286
53	139	0.961136
53	143	1.20243
53	148	1.15429
53	153	1.06478
53	159	1.00576
53	177	0.83807
53	180	1.90791
54	12	1.05
54	21	0.92475
54	30	0.789797
54	38	0.996082
54	60	0.999358
54	79	0.962717
54	86	0.958776
54	109	1.11459
54	131	0.953635
54	139	1.04294
54	141	1.25645
54	159	0.967461
54	164	1.40842
54	166	1.49936
54	168	1.47176
54	180	0.744046
55	14	1.08494
55	15	1.01881
55	24	1.16977
55	28	1.15787
55	48	1.05046
55	68	1.07407
55	80	1.07875
55	96	1.10209
55	125	1.0143
55	128	1.07911
55	135	1.05448
55	139	0.889472
55	144	1.04389
55	156	1.09301
55	168	0.928331
55	176	1.51926
56	1	1.12796
56	100	1.04682
56	112	1.06053
56	115	0.985339
56	117	0.985245
56	120	1.16093
56	121	0.942853
56	124	0.972331
56	125	1.20265
56	127	1.04749
56	139	1.07782
56	141	1.34379
56	171	1.64012
56	175	0.854746
56	177	0.838214
56	178	0.876736
57	8	0.968516
57	74	1.16219
57	81	1.09753
57	92	1.03359
57	94	1.03368
57	98	1.08385
57	101	1.08406
57	126	1.18148
57	137	1.10171
57	147	1.12936
57	148	1.06021
57	151	1.04726
57	157	1.0781
57	158	1.10988
57	162	1.1937
57	167	1.25408
58	2	0.98469
58	23	1.05532
58	64	0.947568
58	90	0.905075
58	97	0.933378
58	107	0.983476
58	120	0.980735
58	123	1.06057
58	135	0.988926
58	139	1.03348
58	158	0.998603
58	159	0.957997
58	168	1.3052
58	170	1.48735
58	173	1.94581
58	175	0.806843
59	2	0.993361
59	20	0.908027
59	35	0.983027
59	64	0.956239
59	97	0.942048
59	107	0.992147
59	120	0.989406
59	139	1.04215
59	143	1.2124
59	151	1.08318
59	159	0.966667
59	161	1.33966
59	162	1.22961
59	171	1.53341
59	175	0.815513
59	178	1.39145
60	12	1.17651
60	21	1.05125
60	22	1.02485
60	38	1.12258
60	54	0.999358
60	79	1.08922
60	120	0.907974
60	126	1.07115
60	139	1.16945
60	154	1.10109
60	155	1.07953
60	159	1.09396
60	166	1.33374
60	167	1.14375
60	174	1.36013
60	180	0.870549
61	37	0.929744
61	87	0.980767
61	102	0.991568
61	113	1.00987
61	114	1.02262
61	118	0.981842
61	129	1.31399
61	143	1.07056
61	145	1.04774
61	150	0.953705
61	161	0.905647
61	165	1.42853
61	168	0.843509
61	170	1.49269
61	177	1.53633
61	178	0.881214
62	6	1.06913
62	49	1.03102
62	52	1.04277
62	69	1.04656
62	73	1.1244
62	91	1.08391
62	120	0.834735
62	133	0.944816
62	138	1.06701
62	144	0.906041
62	152	1.03926
62	154	0.963202
62	160	1.17346
62	166	1.2605
62	173	1.87352
62	179	1.32901
62	180	0.836791
63	5	1.06813
63	9	1.05254
63	29	0.994692
63	47	0.910938
63	50	1.02769
63	77	0.99049
63	95	1.0606
63	120	1.07304
63	128	0.953816
63	142	1.16132
63	148	1.00041
63	149	1.12542
63	157	1.0183
63	161	1.13273
63	171	1.32647
63	172	1.52419
63	178	1.18451
64	2	1.07833
64	20	0.992998
64	23	1.14896
64	35	1.068
64	58	0.947568
64	59	0.956239
64	90	0.998716
64	97	1.02702
64	107	1.07712
64	140	0.920907
64	150	0.974913
64	151	0.962541
64	167	1.16936
64	170	1.5139
64	174	1.38574
64	175	0.900484
64	176	1.48026
65	47	1.2245
65	72	0.927792
65	85	0.951181
65	111	0.932724
65	117	0.903619
65	130	0.915707
65	132	1.05092
65	159	0.715242
65	164	0.947338
65	167	0.981487
65	169	0.96241
65	170	0.877814
65	171	0.906015
65	172	0.866596
65	174	0.904723
65	176	0.879825
65	179	0.89801
66	34	1.06518
66	39	1.05557
66	67	1.02083
66	85	0.999463
66	89	0.997036
66	106	0.978194
66	116	0.990535
66	119	1.00336
66	122	1.02882
66	125	1.05129
66	135	1.09146
66	138	1.03873
66	147	1.12062
66	155	1.18112
66	161	1.29501
66	163	1.20973
66	174	1.46173
67	11	1.0487
67	26	0.989074
67	41	1.02269
67	66	1.02083
67	83	0.970396
67	89	1.01608
67	104	1.04609
67	116	1.00958
67	119	1.02241
67	122	1.04786
67	141	1.08544
67	147	1.01363
67	158	0.994156
67	167	1.13835
67	171	1.38177
67	174	1.35474
67	176	1.44926
68	15	0.964547
68	16	0.980391
68	28	1.1036
68	33	1.07675
68	48	0.996192
68	55	1.07407
68	76	1.05003
68	80	1.02448
68	96	1.04782
68	146	0.977461
68	162	1.02196
68	168	0.874063
68	169	1.12036
68	171	1.32575
68	175	1.23876
68	176	1.39324
68	179	1.34085
69	6	1.05734
69	49	1.01923
69	52	1.03098
69	62	1.04656
69	73	1.11261
69	91	1.07213
69	93	1.17715
69	123	1.03496
69	138	1.05523
69	146	1.13743
69	151	1.03549
69	153	1.02706
69	154	0.951418
69	162	1.18193
69	165	1.52269
69	178	1.34376
69	180	0.825007
70	3	1.10376
70	74	1.15846
70	81	1.09379
70	92	1.02986
70	94	1.02994
70	98	1.08012
70	101	1.08033
70	128	0.899023
70	130	1.2411
70	131	1.09254
70	142	1.10653
70	148	1.05647
70	154	0.985613
70	157	1.07436
70	160	1.13122
70	165	1.30865
70	166	1.21825
70	178	1.12972
71	26	0.958229
71	39	1.04377
71	41	0.991841
71	83	0.939551
71	89	0.985233
71	104	1.01524
71	106	0.966391
71	116	0.978732
71	119	0.991561
71	122	1.01702
71	133	0.904731
71	140	0.892456
71	150	0.946462
71	155	1.07669
71	171	1.38432
71	172	1.58203
71	177	1.52909
71	179	1.39941
72	31	0.937015
72	42	0.99988
72	43	1.00441
72	44	0.997799
72	46	0.989766
72	51	1.00742
72	53	0.960999
72	65	0.927792
72	88	0.997714
72	138	1.02412
72	150	1.05591
72	152	1.2191
72	159	1.01731
72	160	1.35331
72	162	1.18997
72	164	1.34941
72	171	1.49377
72	177	0.849624
73	6	1.13517
73	49	1.09707
73	52	1.10882
73	62	1.1244
73	69	1.11261
73	91	1.14996
73	133	1.01087
73	138	1.13306
73	141	0.959754
73	147	0.887951
73	152	0.98142
73	154	1.02925
73	155	0.948453
73	168	1.17507
73	170	1.35722
73	172	1.4538
73	179	1.27118
73	180	0.902841
74	8	0.972583
74	57	1.16219
74	70	1.15846
74	81	1.10159
74	92	1.03766
74	94	1.03774
74	98	1.08792
74	101	1.08813
74	109	0.926835
74	120	0.885836
74	148	1.06427
74	153	0.906362
74	157	1.08216
74	164	1.22066
74	166	1.3116
74	167	1.12161
74	169	1.15963
74	177	1.50979
75	11	0.998374
75	34	1.0339
75	39	1.02429
75	83	0.920071
75	85	0.968179
75	89	0.965753
75	104	0.995762
75	106	0.946911
75	116	0.959252
75	119	0.972081
75	122	0.997539
75	137	1.16113
75	139	0.994611
75	148	1.18777
75	161	1.36317
75	163	1.27789
75	168	1.47589
75	169	1.35151
76	4	0.739629
76	28	1.13383
76	68	1.05003
76	91	1.09487
76	92	0.994661
76	94	0.994745
76	96	1.07805
76	98	1.04492
76	101	1.04513
76	135	1.04861
76	150	1.00804
76	151	0.995668
76	152	1.17123
76	168	0.904295
76	172	1.64361
76	177	1.59066
76	180	0.847749
77	4	1.07321
77	5	1.02009
77	9	1.00451
77	29	0.946655
77	47	0.8629
77	50	0.979648
77	63	0.99049
77	95	1.01256
77	109	1.08089
77	123	0.988797
77	140	1.02721
77	148	0.952371
77	153	1.06042
77	154	1.23301
77	157	0.97026
77	175	1.43209
77	176	1.58657
77	178	1.37712
78	18	0.940175
78	19	0.928173
78	36	1.0023
78	86	0.963614
78	99	0.957836
78	108	0.923866
78	110	0.969916
78	111	0.96989
78	137	1.00612
78	140	0.910029
78	145	1.00967
78	156	0.970108
78	161	0.867569
78	163	0.904743
78	164	1.25753
78	171	1.40189
78	173	1.96149
78	178	1.25993
78	179	1.41699
79	1	0.872993
79	12	1.13986
79	21	1.01461
79	22	0.988207
79	38	1.08594
79	54	0.962717
79	60	1.08922
79	86	1.04864
79	131	1.0435
79	132	0.960464
79	139	1.13281
79	142	1.22
79	154	1.09908
79	159	1.05732
79	160	1.24468
79	163	1.10613
79	169	1.17975
79	177	1.52991
79	180	0.833908
80	14	1.03535
80	15	0.969228
80	16	0.985073
80	27	1.13234
80	28	1.10828
80	33	1.08143
80	55	1.07875
80	68	1.02448
80	96	1.0525
80	129	1.28331
80	142	1.19574
80	154	1.07482
80	156	1.04342
80	158	0.973274
80	163	1.08187
80	166	1.30746
80	168	0.878744
80	169	1.15549
80	179	1.37598
81	3	1.04689
81	57	1.09753
81	70	1.09379
81	74	1.10159
81	92	0.972994
81	94	0.973078
81	98	1.02325
81	101	1.02346
81	105	0.936201
81	131	1.03567
81	135	1.09508
81	137	1.09659
81	139	0.930069
81	148	0.999609
81	152	1.2177
81	157	1.0175
81	162	1.18858
81	168	1.41135
81	176	1.55986
82	23	0.730274
82	38	0.834198
82	48	0.929735
82	91	0.809756
82	121	0.952304
82	130	1.03295
82	145	0.709991
82	149	1.08734
82	157	0.781663
82	158	1.16094
82	159	0.69874
82	160	1.07034
82	164	1.06458
82	165	1.00999
82	172	0.983839
82	173	0.940254
82	174	1.02197
82	176	0.997068
82	179	1.01525
83	34	1.01475
83	41	0.953215
83	67	0.970396
83	71	0.939551
83	75	0.920071
83	85	0.949033
83	89	0.946607
83	104	0.976616
83	105	1.06159
83	106	0.927765
83	109	1.17957
83	116	0.940106
83	122	0.978393
83	133	0.866105
83	144	1.20988
83	154	1.33169
83	166	1.56433
83	167	1.37435
83	178	1.4758
84	8	1.23837
84	51	0.809079
84	88	0.862381
84	89	0.842697
84	95	0.620505
84	119	0.729156
84	127	0.747551
84	143	1.08166
84	144	1.13157
84	150	1.12919
84	152	1.06704
84	157	0.751911
84	166	0.992483
84	170	0.949798
84	172	0.93858
84	173	0.894994
84	174	0.976706
84	176	0.951808
84	179	0.969993
84	180	0.903783
85	11	1.02734
85	26	0.967711
85	34	1.06286
85	39	1.05325
85	65	0.951181
85	66	0.999463
85	75	0.968179
85	83	0.949033
85	116	0.988214
85	119	1.00104
85	122	1.0265
85	125	1.07969
85	133	0.914213
85	138	1.03641
85	146	1.16886
85	147	1.14902
85	152	1.24249
85	154	1.23109
85	162	1.21336
85	176	1.58464
86	24	1.14355
86	54	0.958776
86	78	0.963614
86	79	1.04864
86	108	1.00495
86	109	0.987354
86	110	1.051
86	111	1.05097
86	121	0.990335
86	124	1.01981
86	127	1.09497
86	128	1.05289
86	140	0.933678
86	159	1.05338
86	165	1.46251
86	168	1.34453
86	169	1.22015
86	178	0.924218
86	179	1.44063
86	180	0.829967
87	4	0.818285
87	10	1.13199
87	13	1.04983
87	25	1.00275
87	61	0.980767
87	102	1.01365
87	113	1.03195
87	114	1.0447
87	118	1.00392
87	120	1.04537
87	125	1.08709
87	134	1.17039
87	146	1.17626
87	152	1.24989
87	156	1.03026
87	161	0.927726
87	166	1.47113
87	168	0.865587
87	176	1.59204
87	178	0.903292
88	31	0.962177
88	40	0.954244
88	42	1.02504
88	43	1.02957
88	44	1.02296
88	46	1.01493
88	51	1.03258
88	53	0.986161
88	72	0.997714
88	84	0.862381
88	126	1.1586
88	132	1.04993
88	138	1.04928
88	150	1.03675
88	151	1.02438
88	159	1.04247
88	174	1.44758
88	176	1.5421
88	177	0.874785
88	179	1.4897
89	26	0.965284
89	34	1.06043
89	66	0.997036
89	67	1.01608
89	71	0.985233
89	75	0.965753
89	83	0.946607
89	84	0.842697
89	104	1.0223
89	106	0.973447
89	119	0.998616
89	122	1.02407
89	125	1.01746
89	138	1.03398
89	150	1.01707
89	153	0.996265
89	163	1.1759
89	167	1.21151
89	176	1.52241
89	180	1.8394
90	2	1.03584
90	20	0.950505
90	23	1.10646
90	35	1.02551
90	58	0.905075
90	64	0.998716
90	97	0.984526
90	107	1.03462
90	131	0.995319
90	139	1.08463
90	141	1.02157
90	143	0.996892
90	148	0.948756
90	149	1.11684
90	159	1.00915
90	164	1.17354
90	172	1.51561
90	175	0.857991
90	176	1.38538
90	180	1.70237
91	6	1.09469
91	45	1.06581
91	49	1.05658
91	52	1.06833
91	62	1.08391
91	69	1.07213
91	73	1.14996
91	76	1.09487
91	82	0.809756
91	120	0.913046
91	123	1.07231
91	128	1.01957
91	129	1.31466
91	133	0.970382
91	138	1.09258
91	154	0.988769
91	163	1.11321
91	167	1.14882
91	174	1.36521
91	178	1.25027
91	180	0.862358
92	3	0.982957
92	8	0.843984
92	57	1.03359
92	70	1.02986
92	74	1.03766
92	76	0.994661
92	81	0.972994
92	94	0.909145
92	98	0.95932
92	101	0.95953
92	123	1.06651
92	129	1.31458
92	130	1.36157
92	131	0.971738
92	146	1.04386
92	148	0.935675
92	152	1.11749
92	157	0.953564
92	160	1.25169
92	167	1.14874
92	173	1.95175
93	11	1.10484
93	28	0.78039
93	44	1.04787
93	69	1.17715
93	106	1.0041
93	110	1.01894
93	114	1.00938
93	118	0.9686
93	121	0.934089
93	124	0.963567
93	127	1.03872
93	129	0.871071
93	131	1.15519
93	152	0.936983
93	156	0.994945
93	169	0.904332
93	172	0.808518
93	174	0.846644
93	178	0.867972
93	179	0.839931
94	3	0.983041
94	8	0.844068
94	57	1.03368
94	70	1.02994
94	74	1.03774
94	76	0.994745
94	81	0.973078
94	92	0.909145
94	98	0.959405
94	101	0.959615
94	131	0.971822
94	132	0.937991
94	147	0.994539
94	148	0.93576
94	157	0.953649
94	164	1.21831
94	168	1.28166
94	170	1.4638
94	178	1.22071
94	179	1.37777
94	180	1.74715
95	4	1.14331
95	5	1.0902
95	9	1.07461
95	29	1.01676
95	47	0.933007
95	50	1.04975
95	63	1.0606
95	77	1.01256
95	84	0.620505
95	103	0.87637
95	120	1.0951
95	123	1.0589
95	137	0.836955
95	142	1.06758
95	144	0.824853
95	148	1.02248
95	157	1.04037
95	165	1.2697
95	170	1.33386
95	173	1.79233
95	180	1.61721
96	14	1.0587
96	15	0.992571
96	16	1.00842
96	24	0.965249
96	27	1.15568
96	33	1.10477
96	48	1.02422
96	55	1.10209
96	68	1.04782
96	76	1.07805
96	80	1.0525
96	137	0.851468
96	149	1.04619
96	153	0.788585
96	156	1.06677
96	163	0.968225
96	168	0.902088
96	170	1.34838
96	173	1.80684
96	175	1.16026
96	176	1.31473
97	2	1.06414
97	20	0.978808
97	23	1.13477
97	35	1.05381
97	58	0.933378
97	59	0.942048
97	64	1.02702
97	90	0.984526
97	105	0.895137
97	107	1.06293
97	120	1.06019
97	131	1.02362
97	135	1.05402
97	140	0.95944
97	146	1.10301
97	152	1.17664
97	159	1.03745
97	161	1.25756
97	172	1.64902
97	175	0.886294
97	178	1.30934
97	179	1.4664
98	3	1.03322
98	8	0.894244
98	57	1.08385
98	70	1.08012
98	74	1.08792
98	76	1.04492
98	81	1.02325
98	92	0.95932
98	94	0.959405
98	101	1.00979
98	131	1.022
98	133	1.261
98	135	1.0834
98	140	0.988822
98	142	1.31554
98	143	1.15968
98	148	0.985935
98	152	1.20602
98	157	1.00382
98	161	1.28694
98	162	1.17689
98	175	1.3937
99	7	1.04889
99	18	1.01548
99	19	1.00348
99	30	0.65107
99	36	1.07761
99	78	0.957836
99	108	0.99917
99	110	1.04522
99	111	1.0452
99	128	1.0414
99	134	1.05989
99	145	1.08497
99	153	0.955393
99	154	0.9506
99	156	1.04541
99	158	1.02644
99	161	0.942873
99	163	0.980048
99	169	1.20866
99	170	1.51518
99	172	1.61177
99	177	1.55882
100	56	1.04682
100	112	1.15761
100	115	1.08242
100	117	1.08233
100	121	1.03994
100	123	1.00351
100	124	1.06941
100	126	1.01315
100	127	1.14457
100	135	0.931867
100	136	1.14845
100	140	0.837291
100	157	1.07098
100	163	1.03543
100	166	1.27573
100	169	1.12376
100	170	1.43029
100	175	0.95183
100	177	0.935297
100	178	0.973819
100	180	1.71363
101	3	1.03343
101	8	0.894454
101	57	1.08406
101	70	1.08033
101	74	1.08813
101	76	1.04513
101	81	1.02346
101	92	0.95953
101	94	0.959615
101	98	1.00979
101	125	0.935456
101	131	1.02221
101	132	0.94824
101	135	0.975634
101	148	0.986145
101	157	1.00403
101	167	1.12951
101	168	1.29191
101	174	1.3459
101	175	1.28593
101	176	1.44041
101	177	1.51769
102	4	0.630619
102	10	1.14279
102	13	1.06063
102	25	1.01355
102	61	0.991568
102	87	1.01365
102	113	1.04275
102	114	1.0555
102	118	1.01472
102	134	0.98272
102	145	1.08062
102	153	0.878227
102	156	1.04107
102	161	0.938527
102	163	1.05787
102	166	1.28346
102	168	0.876388
102	170	1.43802
102	171	1.33689
102	174	1.30986
102	178	0.914093
102	180	1.72136
103	5	1.06336
103	27	1.01634
103	31	1.16995
103	33	1.09197
103	48	1.15585
103	95	0.87637
103	107	1.03662
103	126	1.01123
103	132	1.0484
103	141	1.00136
103	145	0.936104
103	147	1.03836
103	149	0.967573
103	164	0.944814
103	166	0.917976
103	169	0.959887
103	170	0.875291
103	171	0.903491
103	172	0.864073
103	174	0.902199
103	176	0.877301
103	179	0.895486
104	26	0.995293
104	41	1.02891
104	67	1.04609
104	71	1.01524
104	75	0.995762
104	83	0.976616
104	89	1.0223
104	106	1.00346
104	116	1.0158
104	119	1.02862
104	122	1.05408
104	125	0.902226
104	129	1.26212
104	133	0.941796
104	138	1.06399
104	154	1.05363
104	162	1.0359
104	164	1.19533
104	165	1.37666
104	169	1.1343
104	170	1.44082
104	177	1.48446
105	12	0.73943
105	16	1.14091
105	33	0.892164
105	35	0.863386
105	81	0.936201
105	83	1.06159
105	97	0.895137
105	108	0.922655
105	109	1.08498
105	118	0.882241
105	134	1.06738
105	140	1.12995
105	144	1.10087
105	158	1.08498
105	160	0.994388
105	162	1.04875
105	164	0.988628
105	167	1.02278
105	171	0.947305
105	173	0.864301
105	174	0.946013
105	176	0.921115
106	11	1.00607
106	26	0.946442
106	34	1.04159
106	39	1.03198
106	66	0.978194
106	71	0.966391
106	75	0.946911
106	83	0.927765
106	89	0.973447
106	93	1.0041
106	104	1.00346
106	116	0.966946
106	119	0.979774
106	122	1.00523
106	125	0.875208
106	138	1.01514
106	161	1.11893
106	167	1.06926
106	174	1.28565
106	176	1.38016
106	177	1.45744
106	178	1.17072
106	180	1.69715
107	2	1.11424
107	20	1.02891
107	23	1.18487
107	30	0.630002
107	35	1.10391
107	58	0.983476
107	59	0.992147
107	64	1.07712
107	90	1.03462
107	97	1.06293
107	103	1.03662
107	120	1.11028
107	131	1.07372
107	132	0.968304
107	134	1.03882
107	140	0.901121
107	141	1.09665
107	148	1.02384
107	150	0.955127
107	159	1.08755
107	165	1.42995
107	173	1.95258
107	175	0.936393
108	7	1.01492
108	18	0.981509
108	19	0.969508
108	36	1.04364
108	45	1.1524
108	78	0.923866
108	86	1.00495
108	99	0.99917
108	105	0.922655
108	110	1.01125
108	111	1.01122
108	123	1.15318
108	135	1.08153
108	145	1.051
108	147	1.11069
108	154	0.91663
108	155	1.17119
108	156	1.01144
108	161	0.908903
108	163	0.946077
108	164	1.33446
108	169	1.27343
108	177	1.62359
109	1	1.01098
109	41	1.14591
109	54	1.11459
109	74	0.926835
109	77	1.08089
109	83	1.17957
109	86	0.987354
109	105	1.08498
109	112	0.962408
109	138	0.946494
109	151	1.07779
109	153	1.10041
109	165	0.888067
109	166	0.915822
109	168	0.883668
109	169	0.957733
109	172	0.861919
109	173	0.818334
109	174	0.900046
109	175	0.899384
109	176	0.875147
109	179	0.893332
110	7	1.06097
110	18	1.02756
110	19	1.01556
110	36	1.08969
110	78	0.969916
110	86	1.051
110	93	1.01894
110	99	1.04522
110	108	1.01125
110	111	1.05728
110	139	0.765219
110	145	1.09705
110	147	0.959384
110	152	1.05285
110	154	0.96268
110	156	1.05749
110	161	0.954953
110	163	0.992128
110	165	1.36449
110	167	1.0841
110	174	1.30049
110	175	1.24053
110	178	1.18556
110	180	1.71199
111	7	1.06094
111	18	1.02753
111	19	1.01553
111	36	1.08966
111	65	0.932724
111	78	0.96989
111	86	1.05097
111	99	1.0452
111	108	1.01122
111	110	1.05728
111	126	1.18269
111	130	1.46812
111	139	0.936399
111	142	1.33355
111	144	1.09082
111	145	1.09702
111	148	1.12956
111	153	1.04004
111	154	0.962654
111	156	1.05747
111	161	0.954927
111	162	1.19491
111	163	0.992102
111	164	1.35434
112	32	1.04223
112	56	1.06053
112	100	1.15761
112	109	0.962408
112	115	1.09613
112	117	1.09604
112	121	1.05365
112	124	1.08313
112	126	1.08459
112	127	1.15828
112	136	1.21989
112	146	1.0523
112	148	1.03145
112	151	0.950366
112	157	1.0847
112	158	1.01298
112	160	1.26013
112	163	1.04914
112	168	1.31958
112	174	1.37357
112	175	0.965542
112	177	0.94901
112	178	0.987532
113	10	1.16109
113	13	1.07893
113	25	1.03185
113	37	0.980923
113	61	1.00987
113	87	1.03195
113	102	1.04275
113	114	1.0738
113	118	1.03302
113	120	0.915613
113	129	1.31723
113	141	1.09847
113	142	1.22965
113	145	1.09892
113	151	0.944569
113	154	1.10873
113	156	1.05937
113	161	0.956826
113	163	1.11578
113	168	0.894688
113	175	1.30781
113	176	1.46229
113	178	0.932393
113	179	1.40989
114	13	1.09168
114	25	1.0446
114	37	0.993676
114	61	1.02262
114	87	1.0447
114	93	1.00938
114	102	1.0555
114	113	1.0738
114	118	1.04577
114	134	1.08256
114	135	1.03944
114	140	0.94486
114	143	1.11572
114	145	1.11168
114	149	1.23567
114	151	0.986495
114	156	1.07212
114	161	0.969579
114	162	1.13293
114	163	1.1577
114	168	0.907441
114	172	1.63444
114	177	1.58149
114	178	0.945146
115	17	1.02145
115	32	0.967039
115	56	0.985339
115	100	1.08242
115	112	1.09613
115	117	1.02085
115	121	0.978458
115	124	1.00794
115	126	1.1001
115	127	1.08309
115	129	1.33854
115	136	1.2354
115	142	1.25096
115	145	1.07887
115	148	1.04697
115	155	1.10848
115	157	1.00951
115	160	1.27565
115	163	0.97395
115	167	1.1727
115	168	1.33509
115	175	0.890352
115	177	0.873819
115	178	0.912341
115	179	1.4312
116	4	0.795537
116	11	1.01841
116	34	1.05393
116	39	1.04432
116	41	0.992396
116	66	0.990535
116	67	1.00958
116	71	0.978732
116	75	0.959252
116	83	0.940106
116	85	0.988214
116	104	1.0158
116	106	0.966946
116	119	0.992116
116	122	1.01757
116	138	1.02748
116	146	1.15351
116	151	1.05158
116	152	1.22714
116	155	1.19417
116	158	1.11419
116	162	1.19801
116	165	1.53877
116	169	1.29641
116	171	1.50181
117	17	1.02136
117	32	0.966946
117	56	0.985245
117	65	0.903619
117	100	1.08233
117	112	1.09604
117	115	1.02085
117	120	0.990407
117	121	0.978365
117	124	1.00784
117	127	1.083
117	145	1.07878
117	146	1.1213
117	147	1.10146
117	148	1.10045
117	150	1.03173
117	157	1.00941
117	163	0.973856
117	166	1.41617
117	168	1.38858
117	170	1.57072
117	174	1.44257
117	175	0.890258
117	177	0.873726
117	178	0.912248
118	10	1.13307
118	13	1.0509
118	25	1.00382
118	37	0.952897
118	61	0.981842
118	87	1.00392
118	93	0.9686
118	102	1.01472
118	105	0.882241
118	113	1.03302
118	114	1.04577
118	135	1.04112
118	145	1.0709
118	149	1.23735
118	150	1.00055
118	156	1.03134
118	158	1.0508
118	161	0.9288
118	163	1.15939
118	165	1.47538
118	166	1.38498
118	168	0.866662
118	171	1.43841
118	174	1.41138
118	178	0.904367
119	11	1.03124
119	26	0.971612
119	39	1.05715
119	41	1.00522
119	66	1.00336
119	67	1.02241
119	71	0.991561
119	75	0.972081
119	84	0.729156
119	85	1.00104
119	89	0.998616
119	104	1.02862
119	106	0.979774
119	116	0.992116
119	122	1.0304
119	132	0.916702
119	133	0.918115
119	149	1.14033
119	154	1.05532
119	162	1.03759
119	172	1.5391
119	175	1.25439
119	177	1.48615
119	178	1.19942
119	180	1.72586
120	6	1.02487
120	9	1.08705
120	26	1.07512
120	29	1.0292
120	56	1.16093
120	58	0.980735
120	59	0.989406
120	60	0.907974
120	62	0.834735
120	63	1.07304
120	74	0.885836
120	87	1.04537
120	91	0.913046
120	95	1.0951
120	97	1.06019
120	107	1.11028
120	113	0.915613
120	117	0.990407
120	145	0.813281
120	155	1.00839
120	157	1.05281
120	163	1.01725
120	169	0.992001
120	170	0.907405
120	175	0.933652
120	176	0.909415
120	179	0.9276
121	4	1.06997
121	17	0.978965
121	32	0.924553
121	56	0.942853
121	82	0.952304
121	86	0.990335
121	93	0.934089
121	100	1.03994
121	112	1.05365
121	115	0.978458
121	117	0.978365
121	123	1.20914
121	124	0.96545
121	127	1.04061
121	129	1.45721
121	141	1.23845
121	143	1.21377
121	145	1.03639
121	153	1.07612
121	154	1.24871
121	157	0.96702
121	158	1.14717
121	161	1.34104
121	163	0.931464
121	165	1.57175
121	168	1.45376
121	175	0.847866
121	177	0.831333
121	178	0.869855
122	11	1.05669
122	26	0.99707
122	39	1.08261
122	41	1.03068
122	66	1.02882
122	67	1.04786
122	71	1.01702
122	75	0.997539
122	83	0.978393
122	85	1.0265
122	89	1.02407
122	104	1.05408
122	106	1.00523
122	116	1.01757
122	119	1.0304
122	123	1.07743
122	133	0.943573
122	138	1.06577
122	147	1.03493
122	148	1.03393
122	151	0.952838
122	160	1.26261
122	161	1.20932
122	162	1.09927
122	166	1.34964
122	167	1.15965
122	175	1.31608
122	176	1.47056
122	179	1.41816
123	15	1.26125
123	28	0.763323
123	34	0.819558
123	39	1.03523
123	47	0.909245
123	49	1.01941
123	50	1.02599
123	58	1.06057
123	69	1.03496
123	77	0.988797
123	91	1.07231
123	92	1.06651
123	95	1.0589
123	100	1.00351
123	108	1.15318
123	121	1.20914
123	122	1.07743
123	140	1.08205
123	148	0.998716
123	154	0.951601
123	156	0.914715
123	157	1.01661
123	164	0.940728
123	166	0.913889
123	169	0.9558
123	170	0.871204
123	171	0.899405
123	173	0.816401
123	180	0.82519
124	17	1.00844
124	32	0.954031
124	56	0.972331
124	86	1.01981
124	93	0.963567
124	100	1.06941
124	112	1.08313
124	115	1.00794
124	117	1.00784
124	121	0.96545
124	127	1.07008
124	130	1.45169
124	133	1.26258
124	134	1.1281
124	136	1.30156
124	143	1.16126
124	144	1.07439
124	145	1.06586
124	150	1.04441
124	151	1.03204
124	157	0.996498
124	163	0.960942
124	168	1.40125
124	169	1.27687
124	170	1.5834
124	175	0.877344
124	177	0.860811
124	178	0.899333
125	12	0.858131
125	48	1.07474
125	50	0.901759
125	55	1.0143
125	56	1.20265
125	66	1.05129
125	85	1.07969
125	87	1.08709
125	89	1.01746
125	101	0.935456
125	104	0.902226
125	106	0.875208
125	128	1.02279
125	134	1.04411
125	135	1.08932
125	142	0.989634
125	143	1.02769
125	144	1.07761
125	147	1.05891
125	153	1.12311
125	155	0.996825
125	158	1.06172
125	162	1.02548
125	165	0.910766
125	167	0.999509
125	169	0.980433
125	172	0.884618
125	174	0.922745
125	176	0.897847
125	179	0.916032
126	27	1.05669
126	43	1.09205
126	57	1.18148
126	60	1.07115
126	88	1.1586
126	100	1.01315
126	103	1.01123
126	111	1.18269
126	112	1.08459
126	115	1.1001
126	137	1.00018
126	138	1.06867
126	141	0.969268
126	144	1.02497
126	148	0.970712
126	152	0.960448
126	153	1.07047
126	155	0.944189
126	156	0.924351
126	158	1.00908
126	160	0.918483
126	162	0.972845
126	163	0.953045
126	165	0.85813
126	170	0.8432
126	171	0.871401
126	172	0.831982
126	173	0.788397
126	174	0.870109
126	176	0.845211
126	179	0.863396
127	17	1.0836
127	32	1.02919
127	56	1.04749
127	84	0.747551
127	86	1.09497
127	93	1.03872
127	100	1.14457
127	112	1.15828
127	115	1.08309
127	117	1.083
127	121	1.04061
127	124	1.07008
127	133	1.1401
127	139	0.79748
127	141	1.06345
127	145	1.14102
127	148	0.990638
127	153	0.901119
127	157	1.07165
127	158	0.972167
127	161	1.16604
127	163	1.0361
127	164	1.21542
127	165	1.39675
127	166	1.30635
127	169	1.15438
127	173	1.91938
127	175	0.952499
127	177	0.935967
127	178	0.974489
128	8	1.47794
128	21	1.16186
128	45	0.98503
128	46	1.35004
128	55	1.07911
128	63	0.953816
128	70	0.899023
128	86	1.05289
128	91	1.01957
128	99	1.0414
128	125	1.02279
128	129	0.885557
128	135	1.02771
128	143	0.96608
128	146	1.00413
128	147	0.997295
128	149	0.926503
128	153	1.06149
128	155	0.93521
128	157	0.991482
128	159	0.90856
128	163	0.944066
128	164	0.903745
128	166	0.876906
128	167	0.937894
128	169	0.918818
128	170	0.834221
128	172	0.823003
128	174	0.86113
128	176	0.836232
128	179	0.854417
129	61	1.31399
129	80	1.28331
129	91	1.31466
129	92	1.31458
129	93	0.871071
129	104	1.26212
129	113	1.31723
129	115	1.33854
129	121	1.45721
129	128	0.885557
129	134	0.906877
129	137	0.915583
129	142	0.852399
129	144	0.94037
129	147	0.921675
129	151	0.963256
129	152	0.875849
129	153	0.985872
129	156	1.16278
129	158	0.924481
129	162	0.888246
129	164	0.828125
129	166	0.801286
129	167	0.862274
129	171	0.786802
129	173	0.703798
129	174	0.78551
129	176	0.760612
129	177	0.768316
129	179	0.778797
130	22	1.29549
130	23	1.28217
130	24	0.881324
130	44	1.32587
130	53	1.49286
130	65	0.915707
130	70	1.2411
130	82	1.03295
130	92	1.36157
130	111	1.46812
130	124	1.45169
130	137	0.902141
130	143	0.877018
130	144	0.926928
130	146	0.915063
130	147	0.908233
130	151	0.949814
130	154	0.825556
130	155	0.846148
130	159	1.25064
130	160	0.820442
130	164	0.814683
130	166	0.787844
130	167	0.848832
130	169	0.829756
130	171	0.77336
130	172	0.733941
130	173	0.690356
130	176	0.74717
130	178	0.793396
130	179	0.765355
131	1	0.951615
131	8	0.906661
131	21	1.00553
131	22	0.979125
131	54	0.953635
131	70	1.09254
131	79	1.0435
131	81	1.03567
131	90	0.995319
131	92	0.971738
131	93	1.15519
131	94	0.971822
131	97	1.02362
131	98	1.022
131	101	1.02221
131	107	1.07372
131	133	1.24409
131	137	1.06799
131	139	1.12372
131	141	1.16744
131	142	1.29862
131	149	1.26271
131	151	1.01354
131	153	1.00511
131	159	1.04824
131	167	1.22035
131	169	1.25837
131	172	1.66148
131	175	0.897087
131	180	0.824826
132	7	1.0047
132	8	1.42592
132	16	1.27239
132	26	1.12963
132	35	0.994871
132	65	1.05092
132	79	0.960464
132	88	1.04993
132	94	0.937991
132	101	0.94824
132	103	1.0484
132	107	0.968304
132	119	0.916702
132	133	0.942382
132	136	0.974826
132	137	1.03735
132	138	0.959999
132	141	1.00644
132	146	1.05028
132	152	0.99762
132	158	1.04625
132	160	0.955655
132	162	1.01002
132	165	0.895302
132	166	0.923058
132	169	0.964969
132	170	0.880372
132	171	0.908573
132	172	0.869155
132	173	0.825569
132	174	0.907281
132	179	0.900568
133	5	1.20005
133	13	1.224
133	14	1.26045
133	19	1.32873
133	36	1.18502
133	41	0.918395
133	43	1.18838
133	52	0.929236
133	62	0.944816
133	71	0.904731
133	73	1.01087
133	83	0.866105
133	85	0.914213
133	91	0.970382
133	98	1.261
133	104	0.941796
133	119	0.918115
133	122	0.943573
133	124	1.26258
133	127	1.1401
133	131	1.24409
133	132	0.942382
133	145	1.07279
133	146	0.93918
133	154	0.849672
133	158	0.935156
133	164	0.8388
133	166	0.811961
133	167	0.872948
133	169	0.853872
133	171	0.797476
133	172	0.758058
133	179	0.789471
133	180	0.723261
134	18	1.15566
134	36	1.05053
134	37	1.03635
134	38	1.06251
134	87	1.17039
134	99	1.05989
134	102	0.98272
134	105	1.06738
134	107	1.03882
134	114	1.08256
134	124	1.1281
134	125	1.04411
134	129	0.906877
134	135	1.04903
134	136	0.949995
134	138	1.03051
134	141	0.981609
134	145	0.9383
134	149	0.947824
134	150	1.03494
134	152	0.972789
134	153	1.08281
134	162	0.985187
134	165	0.870472
134	166	0.898227
134	167	0.959214
134	169	0.940138
134	170	0.855542
134	173	0.800739
134	174	0.882451
134	176	0.857552
134	178	0.903778
134	180	0.809527
135	55	1.05448
135	58	0.988926
135	66	1.09146
135	76	1.04861
135	81	1.09508
135	97	1.05402
135	98	1.0834
135	100	0.931867
135	101	0.975634
135	108	1.08153
135	114	1.03944
135	118	1.04112
135	125	1.08932
135	128	1.02771
135	134	1.04903
135	148	1.02826
135	150	1.08015
135	151	1.10541
135	154	0.981149
135	155	1.00174
135	159	0.883928
135	160	0.976035
135	164	0.970276
135	166	0.943437
135	167	1.00442
135	168	0.911284
135	170	0.900752
135	171	0.928953
135	173	0.845949
135	174	0.927661
135	176	0.902763
135	177	0.910467
135	179	0.920948
135	180	0.854738
136	20	1.32481
136	33	1.26762
136	35	1.23885
136	40	1.35096
136	100	1.14845
136	112	1.21989
136	115	1.2354
136	124	1.30156
136	132	0.974826
136	134	0.949995
136	137	0.958701
136	142	0.895516
136	143	0.933577
136	147	0.964792
136	149	0.894001
136	150	0.981116
136	156	1.05965
136	157	1.18343
136	160	0.877002
136	164	0.871243
136	165	0.816649
136	166	0.844404
136	167	0.905391
136	169	0.886315
136	170	0.801719
136	171	0.829919
136	172	0.790501
136	173	0.746916
136	174	0.828628
136	176	0.803729
136	177	0.811433
136	179	0.821914
137	15	1.19111
137	21	1.13874
137	30	1.16252
137	32	1.29574
137	49	1.05134
137	52	1.08517
137	57	1.10171
137	75	1.16113
137	78	1.00612
137	81	1.09659
137	95	0.836955
137	96	0.851468
137	126	1.00018
137	129	0.915583
137	130	0.902141
137	131	1.06799
137	132	1.03735
137	136	0.958701
137	143	0.996106
137	147	1.02732
137	151	1.0689
137	155	0.965237
137	158	1.03013
137	159	0.885438
137	160	0.939531
137	164	0.933772
137	166	0.906933
137	167	0.96792
137	169	0.948844
137	170	0.864248
137	171	0.892448
137	173	0.809444
137	174	0.891156
137	176	0.866258
137	179	0.884443
138	40	0.980646
138	42	1.05144
138	44	1.04936
138	46	1.04133
138	52	1.05143
138	62	1.06701
138	66	1.03873
138	69	1.05523
138	72	1.02412
138	73	1.13306
138	85	1.03641
138	88	1.04928
138	89	1.03398
138	91	1.09258
138	104	1.06399
138	106	1.01514
138	109	0.946494
138	116	1.02748
138	122	1.06577
138	126	1.06867
138	132	0.959999
138	134	1.03051
138	139	0.822382
138	142	1.21953
138	146	1.03639
138	147	1.01655
138	149	1.18363
138	154	0.97187
138	155	1.07705
138	160	1.24422
138	163	1.10566
138	172	1.5824
