1	74	0.933907
1	83	1.0073
1	101	1.00547
1	109	0.887735
1	156	0.959958
1	170	1.0625
1	171	1.03598
1	175	1.0213
1	176	1.01561
1	177	1.0099
1	178	1.03023
1	179	1.02449
2	12	1.11982
2	36	0.973266
2	121	0.885514
2	152	0.884972
2	155	0.929117
2	170	1.06022
2	171	1.0337
2	174	1.02359
2	175	1.01902
2	176	1.01333
2	178	1.02795
2	179	1.02221
3	19	1.02206
3	25	0.98508
3	27	0.994719
3	102	0.97199
3	104	1.05366
3	109	1.06474
3	112	1.03156
3	126	1.03208
3	135	1.02299
3	136	1.02299
3	143	0.993676
3	164	0.813148
4	62	0.906927
4	75	1.02001
4	78	1.02001
4	93	1.03711
4	107	1.03751
4	109	1.05976
4	126	1.02711
4	135	1.01801
4	136	1.01801
4	165	1.01665
4	167	0.864181
4	179	0.978859
5	99	1.05539
5	100	0.943208
5	110	1.03889
5	122	1.06296
5	125	0.998534
5	130	1.0174
5	148	1.03043
5	149	0.982864
5	151	1.02854
5	157	1.00674
5	164	0.863851
5	178	0.975686
6	52	1.1024
6	134	1.04366
6	145	1.02122
6	146	1.02198
6	148	1.02534
6	151	1.02345
6	157	1.00165
6	159	0.863974
6	161	0.918509
6	171	0.97964
6	175	1.00083
6	180	1.00397
7	79	1.19411
7	98	0.933563
7	101	0.864661
7	132	0.92817
7	152	1.26503
7	154	0.891009
7	162	0.892993
7	163	0.899815
7	166	0.889301
7	168	0.900489
7	170	1.12951
7	179	1.2147
8	57	0.868963
8	73	1.06763
8	144	1.03343
8	146	1.03721
8	147	1.01559
8	148	1.04058
8	150	1.03931
8	157	1.01689
8	165	1.017
8	169	0.954141
8	172	0.985326
8	174	0.929478
9	11	1.07161
9	21	1.01012
9	24	1.00845
9	33	1.11139
9	48	1.03029
9	66	1.01794
9	95	1.02347
9	106	1.03811
9	160	0.809911
9	178	0.946992
9	179	0.961132
9	180	0.97676
10	64	0.98887
10	95	1.01822
10	97	1.05228
10	102	0.968535
10	104	1.0502
10	109	1.06128
10	126	1.02863
10	135	1.01953
10	136	1.01953
10	159	0.835554
10	176	0.990181
10	178	0.974565
11	9	1.07161
11	21	1.0149
11	24	1.01323
11	40	1.04399
11	48	1.03507
11	56	0.998475
11	66	1.02272
11	124	0.907951
11	138	1.00815
11	165	1.0218
11	170	0.898818
11	178	0.969864
12	2	1.11982
12	37	0.913621
12	73	0.861397
12	134	1.23729
12	138	1.2349
12	153	0.893576
12	158	0.904141
12	162	0.90416
12	163	0.910982
12	166	0.900469
12	168	0.911656
12	176	1.21223
13	106	0.878005
13	119	1.07938
13	143	0.91788
13	155	1.12854
13	158	1.11627
13	162	1.11629
13	163	1.12312
13	166	1.1126
13	168	1.12379
13	169	0.859778
13	171	0.825842
13	173	0.863512
13	179	0.863328
14	67	1.09987
14	102	1.07496
14	107	0.913433
14	112	1.13453
14	122	0.887727
14	126	1.13506
14	134	0.881313
14	135	1.12596
14	136	1.12596
14	138	1.10367
14	156	0.941733
14	167	0.740104
14	175	0.838488
15	31	0.949175
15	58	1.13976
15	76	1.04402
15	118	1.01489
15	168	1.046
15	169	0.977276
15	173	0.969801
15	174	0.980122
15	175	0.975552
15	176	0.969865
15	177	0.964161
15	178	0.984487
15	179	0.97875
16	36	1.0705
16	54	1.07675
16	74	0.992774
16	150	1.01856
16	163	1.03405
16	170	1.01455
16	172	0.956065
16	173	0.967598
16	175	0.973349
16	176	0.967662
16	177	0.961957
16	178	0.982284
16	179	0.976547
17	41	1.03149
17	48	1.05057
17	99	1.05489
17	104	0.991205
17	136	1.06508
17	169	0.970701
17	170	1.01018
17	173	0.963226
17	174	0.973548
17	175	0.968978
17	176	0.963291
17	178	0.977912
17	179	0.972175
18	33	1.09818
18	81	0.946319
18	91	0.993254
18	110	0.996975
18	119	1.11975
18	127	0.995263
18	128	0.985326
18	142	0.954695
18	152	0.989225
18	156	0.976614
18	163	1.05009
18	178	0.933776
18	180	0.959304
19	3	1.02206
19	31	0.998433
19	97	1.02063
19	126	1.03769
19	162	1.11564
19	169	0.970701
19	170	1.01018
19	173	0.963226
19	174	0.973548
19	175	0.968978
19	176	0.963291
19	178	0.977912
19	179	0.972175
20	52	1.04836
20	59	0.968686
20	80	1.07976
20	111	1.09968
20	118	0.995868
20	130	0.95827
20	144	0.964147
20	147	0.94631
20	150	0.970027
20	151	0.969414
20	157	0.947608
20	171	1.01095
20	177	1.04367
21	9	1.01012
21	11	1.0149
21	24	0.95173
21	40	0.982498
21	56	0.93698
21	66	0.961228
21	88	0.950898
21	111	0.991653
21	124	1.04944
21	159	0.972344
21	164	0.99952
21	171	1.08801
21	174	1.09728
22	35	0.861853
22	68	1.14326
22	86	0.941849
22	125	1.09511
22	134	0.890001
22	138	0.887614
22	141	0.888305
22	146	1.12364
22	147	1.10202
22	148	1.12701
22	157	1.10332
22	164	0.737494
22	180	1.10563
23	43	0.986311
23	109	1.00129
23	118	1.0422
23	126	1.01574
23	130	1.09745
23	142	0.952454
23	145	1.03703
23	156	0.974373
23	166	0.969383
23	168	0.980571
23	169	0.976076
23	178	0.983287
23	179	0.97755
24	9	1.00845
24	11	1.01323
24	21	0.95173
24	40	0.980825
24	48	0.971907
24	49	1.02565
24	66	0.959556
24	88	0.949225
24	92	1.0665
24	95	0.965084
24	168	1.08881
24	176	1.00353
24	180	1.01768
25	3	0.98508
25	67	1.05541
25	83	1.10582
25	118	1.02717
25	145	1.022
25	171	0.990055
25	172	0.95809
25	174	0.979944
25	175	0.975374
25	176	0.969687
25	177	0.963983
25	178	0.984309
25	179	0.978572
26	131	0.892158
26	135	0.866249
26	139	0.844797
26	151	0.839004
26	157	0.890855
26	168	0.860974
26	172	1.101
26	173	1.11253
26	175	1.11828
26	176	1.1126
26	177	1.10689
26	178	1.12722
26	179	1.12148
27	3	0.994719
27	69	1.00404
27	90	1.02537
27	126	1.01035
27	146	0.97872
27	156	0.978021
27	157	0.958392
27	162	1.0883
27	166	1.0757
27	176	0.972313
27	177	0.966609
27	179	0.981198
27	180	0.96071
28	91	0.974907
28	119	1.12511
28	132	1.01165
28	154	1.04183
28	156	1.04022
28	169	0.978717
28	172	0.959709
28	174	0.981564
28	175	0.976994
28	176	0.971307
28	177	0.965602
28	178	0.985929
28	179	0.980191
29	65	0.962122
29	77	1.01749
29	84	0.956319
29	89	0.99241
29	95	1.06679
29	105	0.977953
29	111	0.999365
29	142	0.961767
29	156	0.983686
29	165	1.07507
29	174	1.00906
29	176	1.03875
29	180	0.966376
30	126	0.94078
30	135	0.931683
30	136	0.931683
30	146	0.936602
30	148	0.939971
30	152	0.948514
30	153	1.22063
30	156	0.935903
30	157	0.916275
30	169	1.12511
30	170	1.04347
30	174	1.10045
30	178	1.11452
30	180	0.918593
31	15	0.949175
31	19	0.998433
31	48	0.971095
31	69	1.08398
31	108	1.03571
31	117	0.815071
31	123	1.09016
31	131	1.02404
31	138	1.03145
31	142	1.03604
31	156	1.05796
31	165	0.953296
31	179	0.915501
31	180	1.04065
32	62	1.1204
32	69	1.06963
32	88	1.01853
32	91	1.06024
32	131	1.00969
32	141	0.943957
32	142	1.02169
32	152	1.05622
32	156	1.0436
32	157	1.03576
32	165	0.956918
32	170	0.833935
32	176	0.920597
32	177	0.914352
33	9	1.11139
33	18	1.09818
33	74	1.13674
33	78	1.09667
33	127	1.15352
33	144	0.931493
33	146	0.935283
33	147	0.913657
33	162	0.933285
33	166	0.929594
33	168	0.940782
33	171	0.949244
33	177	0.923171
33	178	0.943498
34	47	0.991101
34	72	1.03773
34	88	1.05424
34	122	1.04187
34	125	0.977443
34	140	1.0339
34	144	1.00219
34	145	1.00522
34	146	1.00598
34	147	0.98435
34	148	1.00934
34	157	0.985648
34	164	0.880481
34	176	1.00793
34	180	0.987966
35	22	0.861853
35	58	1.10447
35	112	0.987163
35	131	1.0419
35	151	0.988744
35	158	1.01139
35	171	1.01565
35	172	0.983687
35	173	0.99522
35	174	1.00554
35	175	1.00097
35	176	0.995285
35	177	0.98958
35	178	1.00991
35	179	1.00417
36	2	0.973266
36	16	1.0705
36	68	1.02783
36	71	0.953454
36	144	1.00443
36	146	1.00822
36	147	0.986591
36	148	1.01159
36	150	1.01031
36	151	1.0097
36	157	0.987889
36	159	0.911052
36	164	0.938228
36	175	1.04791
36	179	1.0642
37	12	0.913621
37	106	1.00681
37	120	1.05881
37	121	1.05046
37	153	0.994827
37	154	1.00343
37	158	1.00539
37	162	1.00541
37	163	1.01223
37	166	1.00172
37	168	1.01291
37	171	0.954647
37	172	1.01977
37	173	0.992318
37	175	0.975839
38	84	0.978527
38	100	0.982772
38	105	1.00016
38	108	0.983649
38	123	1.0381
38	128	1.01461
38	131	0.971976
38	140	1.05683
38	152	1.01851
38	156	1.00589
38	161	0.930774
38	165	1.06719
38	169	1.02584
38	170	0.944204
38	180	0.988584
39	41	0.970622
39	60	0.973903
39	71	1.074
39	90	0.978309
39	128	0.966776
39	155	1.02858
39	170	1.03923
39	172	0.98074
39	173	0.992273
39	174	1.00259
39	175	0.998025
39	176	0.992338
39	177	0.986633
39	178	1.00696
39	179	1.00122
40	11	1.04399
40	21	0.982498
40	24	0.980825
40	43	1.01701
40	48	1.00267
40	56	0.966075
40	66	0.990324
40	95	0.995851
40	111	1.02075
40	154	1.0936
40	164	0.879061
40	165	1.04283
40	169	1.00149
40	171	0.967551
40	180	1.02067
41	17	1.03149
41	39	0.970622
41	86	1.04047
41	99	1.02855
41	125	0.971689
41	126	1.0044
41	135	0.995301
41	136	0.995301
41	143	1.01664
41	145	0.999466
41	149	0.95513
41	163	1.00505
41	166	0.994532
41	168	1.00572
41	172	0.989728
42	49	0.984625
42	67	0.968825
42	97	1.02767
42	102	0.94392
42	104	1.02559
42	109	1.03667
42	112	1.00349
42	120	1.0277
42	126	1.00401
42	135	0.994916
42	136	0.994916
42	141	0.985856
42	165	0.998817
42	168	1.04778
42	173	0.961205
43	23	0.986311
43	40	1.01701
43	46	0.998067
43	48	1.00809
43	56	0.97149
43	118	0.95994
43	131	0.976566
43	135	0.99633
43	147	1.01983
43	152	1.0231
43	157	1.02094
43	166	0.998834
43	173	1.00471
43	177	0.999073
43	179	1.01366
44	92	1.02737
44	103	0.918675
44	130	1.00506
44	134	1.05884
44	144	1.01094
44	146	1.01473
44	148	1.0181
44	151	1.01621
44	157	0.994401
44	158	1.11974
44	161	0.93369
44	165	0.994512
44	167	0.917629
44	169	1.02876
44	170	0.94712
45	85	0.962045
45	99	1.03298
45	129	1.00408
45	130	0.994988
45	138	1.00977
45	144	1.00086
45	145	1.0039
45	148	1.00802
45	150	1.00674
45	151	1.00613
45	153	1.07759
45	157	0.984326
45	173	0.985805
45	174	0.957408
45	178	0.97148
46	43	0.998067
46	71	0.959918
46	114	1.11591
46	121	1.07022
46	124	0.943288
46	145	1.01393
46	146	1.01468
46	147	0.993056
46	150	1.01677
46	151	1.01616
46	157	0.994353
46	160	0.86812
46	165	0.994464
46	178	1.0052
46	180	0.996671
47	34	0.991101
47	82	0.932983
47	101	1.04269
47	147	1.02575
47	158	0.997653
47	166	1.00475
47	169	1.00413
47	172	0.985127
47	173	0.99666
47	174	1.00698
47	175	1.00241
47	176	0.996725
47	177	0.99102
47	178	1.01135
47	179	1.00561
48	9	1.03029
48	11	1.03507
48	17	1.05057
48	24	0.971907
48	31	0.971095
48	40	1.00267
48	43	1.00809
48	49	1.00477
48	56	0.957156
48	66	0.981405
48	106	1.00157
48	107	1.03982
48	111	1.01183
48	137	0.962684
48	177	0.9764
49	24	1.02565
49	42	0.984625
49	48	1.00477
49	89	1.01995
49	97	0.961302
49	147	0.982515
49	151	1.00562
49	152	0.999514
49	157	0.983813
49	163	1.00897
49	166	0.998452
49	168	1.00964
49	177	0.992029
49	178	1.01236
49	179	1.00662
50	114	0.990574
50	133	1.02098
50	134	1.04257
50	143	1.07059
50	153	0.986012
50	155	1.00885
50	158	0.996577
50	159	0.862887
50	162	0.996596
50	163	1.00342
50	166	0.992905
50	168	1.00409
50	169	1.01249
50	174	0.987826
50	180	1.03167
51	52	1.01001
51	69	0.996049
51	86	1.09417
51	151	1.08058
51	154	1.10436
51	166	1.11032
51	169	0.956577
51	170	0.996057
51	171	0.969534
51	173	0.949102
51	174	0.959424
51	175	0.954853
51	176	0.949167
51	177	0.943462
51	178	0.963788
51	179	0.958051
52	6	1.1024
52	20	1.04836
52	51	1.01001
52	85	1.03776
52	125	1.05183
52	144	1.07658
52	147	1.05874
52	150	1.08246
52	151	1.08184
52	157	1.06004
52	158	1.00723
52	161	0.821175
52	170	0.834604
52	174	0.891579
52	176	0.921267
52	179	0.919791
53	60	1.08005
53	70	0.843557
53	76	1.05862
53	113	1.05356
53	116	0.931582
53	130	1.00808
53	143	0.951744
53	151	0.961977
53	154	1.06454
53	158	1.06651
53	162	1.06652
53	163	1.07335
53	166	1.06283
53	167	0.782514
53	168	1.07402
53	172	0.924827
54	16	1.07675
54	101	0.931021
54	137	1.05196
54	139	0.998395
54	153	0.948769
54	154	0.957369
54	155	0.971603
54	158	0.959334
54	162	0.959353
54	163	0.966175
54	165	0.941133
54	168	0.966849
54	169	1.0669
54	173	1.07063
54	175	1.05416
54	180	1.08608
55	80	0.958564
55	94	1.17696
55	97	1.01177
55	98	1.01474
55	104	0.995881
55	122	0.994708
55	135	1.09168
55	150	0.960906
55	152	0.970727
55	156	0.958116
55	157	0.938488
55	163	1.10183
55	175	0.958095
55	176	0.952408
55	177	0.946704
55	179	0.961293
56	11	0.998475
56	21	0.93698
56	40	0.966075
56	43	0.97149
56	48	0.957156
56	66	0.944806
56	78	1.01404
56	88	0.934475
56	91	1.01485
56	95	0.950333
56	101	1.12568
56	103	1.21008
56	106	0.964972
56	111	0.97523
56	116	1.0276
56	180	1.00884
57	8	0.868963
57	61	0.954589
57	75	0.898271
57	81	0.97682
57	90	0.881052
57	111	0.88809
57	158	0.924281
57	171	1.08232
57	172	1.05035
57	173	1.06189
57	174	1.07221
57	175	1.06764
57	176	1.06195
57	177	1.05625
57	178	1.07657
57	179	1.07084
58	15	1.13976
58	35	1.10447
58	71	1.24598
58	119	0.880978
58	121	0.962941
58	132	0.953065
58	139	0.95693
58	140	1.13353
58	154	0.915904
58	155	0.930138
58	158	0.917869
58	162	0.917888
58	163	0.924709
58	166	0.914196
58	168	0.925384
58	174	1.07787
58	177	1.10132
59	20	0.968686
59	63	0.998674
59	89	0.916596
59	96	1.09798
59	99	0.905731
59	142	0.950674
59	162	0.952949
59	169	1.02243
59	171	1.03538
59	172	1.00342
59	173	1.01495
59	174	1.02527
59	175	1.0207
59	176	1.01502
59	177	1.00931
59	178	1.02964
59	179	1.0239
60	39	0.973903
60	53	1.08005
60	120	1.03205
60	133	1.03386
60	153	0.998891
60	154	1.00749
60	155	1.02173
60	158	1.00946
60	162	1.00948
60	163	1.0163
60	166	1.00578
60	168	1.01697
60	173	0.965559
60	174	0.937161
60	176	0.96685
60	178	0.951234
60	180	0.981003
61	57	0.954589
61	87	0.944844
61	101	0.94838
61	106	1.05799
61	127	1.121
61	132	1.01189
61	138	1.06746
61	139	1.01575
61	153	0.966127
61	154	0.974728
61	155	0.988961
61	158	0.976692
61	162	0.976711
61	163	0.983533
61	166	0.97302
61	168	0.984208
61	174	1.0151
61	176	1.04479
62	4	0.906927
62	32	1.1204
62	65	1.05378
62	80	1.07579
62	89	1.08407
62	101	0.986111
62	103	1.07051
62	105	1.06961
62	123	1.10755
62	128	1.08406
62	131	1.04143
62	152	1.08796
62	156	1.07535
62	159	0.700492
62	163	0.955819
62	165	0.891439
62	178	0.839503
62	179	0.853643
63	59	0.998674
63	74	0.996357
63	86	0.961014
63	105	0.980966
63	108	0.964454
63	123	1.0189
63	127	1.00535
63	131	0.952781
63	142	0.96478
63	152	0.99931
63	153	1.1704
63	156	0.986699
63	160	0.927206
63	167	0.963749
63	170	0.99324
63	173	1.07861
63	177	1.07366
63	180	0.969389
64	10	0.98887
64	81	1.06571
64	93	0.993928
64	119	1.09758
64	156	1.01269
64	158	1.01317
64	166	1.02027
64	169	0.980434
64	170	1.01991
64	171	0.993392
64	172	0.961427
64	173	0.97296
64	174	0.983281
64	175	0.978711
64	176	0.973024
64	177	0.967319
64	178	0.987646
64	179	0.981909
65	29	0.962122
65	62	1.05378
65	84	0.949615
65	91	0.993622
65	108	0.954736
65	115	1.07252
65	117	0.95006
65	123	1.00919
65	127	0.99563
65	142	0.955063
65	143	1.10504
65	152	0.989593
65	156	0.976982
65	159	0.897338
65	165	1.08829
65	173	1.05067
65	177	1.04572
65	180	0.959672
66	9	1.01794
66	11	1.02272
66	21	0.961228
66	24	0.959556
66	40	0.990324
66	48	0.981405
66	56	0.944806
66	88	0.958724
66	95	0.974582
66	103	1.22148
66	106	0.989221
66	111	0.999479
66	171	0.967133
66	173	1.0048
66	177	0.999849
66	178	0.990478
66	179	1.00462
66	180	1.02025
67	14	1.09987
67	25	1.05541
67	42	0.968825
67	75	0.966012
67	78	0.966012
67	93	0.983117
67	97	0.996767
67	102	0.913018
67	109	1.00577
67	112	0.972585
67	133	1.05411
67	135	0.964015
67	136	0.964014
67	154	1.09802
67	171	0.971966
67	175	0.993159
67	177	1.00468
67	180	1.02508
68	22	1.14326
68	36	1.02783
68	95	1.01187
68	99	1.04789
68	106	0.997033
68	118	1.04749
68	122	1.05546
68	129	1.00082
68	144	1.01577
68	145	1.01881
68	150	1.02165
68	151	1.02104
68	152	1.03269
68	157	0.999235
68	160	0.831134
68	164	0.85638
68	170	0.897169
68	173	0.98254
68	180	1.00155
69	27	1.00404
69	31	1.08398
69	32	1.06963
69	51	0.996049
69	84	0.997202
69	89	1.03329
69	91	1.04121
69	105	1.01884
69	123	1.05677
69	128	1.03328
69	136	0.975941
69	139	0.976411
69	152	1.03718
69	156	1.02457
69	165	0.943629
69	168	0.992588
69	172	0.933468
69	174	0.87762
69	179	0.905833
70	53	0.843557
70	94	1.04925
70	136	0.942048
70	146	0.945868
70	148	0.957639
70	151	0.936726
70	158	0.959374
70	168	0.958695
70	169	1.03498
70	170	1.07446
70	171	1.04794
70	172	1.01597
70	173	1.02751
70	174	1.03783
70	175	1.03326
70	176	1.02757
70	177	1.02186
70	178	1.04219
70	179	1.03645
71	36	0.953454
71	39	1.074
71	46	0.959918
71	58	1.24598
71	82	1.00503
71	122	0.981075
71	144	0.941393
71	145	0.944427
71	146	0.945182
71	147	0.923557
71	150	0.947273
71	151	0.946661
71	152	1.11581
71	153	1.15744
71	157	0.924855
71	160	0.91425
71	171	1.02799
71	176	1.06695
71	180	0.927173
72	34	1.03773
72	86	1.03523
72	132	1.06685
72	133	1.05605
72	134	0.983383
72	153	1.02109
72	154	1.02969
72	155	1.04392
72	158	1.03165
72	160	0.80563
72	161	0.858234
72	162	1.03167
72	163	1.03849
72	165	1.01345
72	166	1.02798
72	168	1.03917
72	176	0.958327
72	179	0.956851
72	180	0.97248
73	8	1.06763
73	12	0.861397
73	83	0.932321
73	88	1.0833
73	114	0.947164
73	126	1.0647
73	132	0.988364
73	133	0.977571
73	141	1.06035
73	147	1.15105
73	154	0.951203
73	155	0.965437
73	156	1.12247
73	158	0.953168
73	162	0.953187
73	163	0.960009
73	166	0.949496
73	168	0.960683
73	180	1.05114
74	1	0.933907
74	16	0.992774
74	33	1.13674
74	63	0.996357
74	80	1.00865
74	81	0.977909
74	84	0.980837
74	89	1.01693
74	106	1.00115
74	108	0.985959
74	127	1.02685
74	128	1.01692
74	131	0.974286
74	142	0.986285
74	150	1.07316
74	152	1.02082
74	156	1.0082
74	165	1.02427
74	167	0.871798
74	175	0.970183
75	4	1.02001
75	57	0.898271
75	67	0.966012
75	78	0.994101
75	88	1.03478
75	93	1.01121
75	97	1.02486
75	102	0.941107
75	104	1.02278
75	109	1.03386
75	112	1.00067
75	126	1.0012
75	132	1.04538
75	135	0.992103
75	136	0.992103
75	143	1.04155
75	172	1.01463
75	173	0.987184
75	177	0.982229
75	180	1.00263
76	15	1.04402
76	53	1.05862
76	98	1.02861
76	113	0.975083
76	114	0.982021
76	138	1.03449
76	139	1.02709
76	149	1.00338
76	153	0.97746
76	155	1.00029
76	156	1.09729
76	158	0.988025
76	161	0.911725
76	162	0.988044
76	163	0.994865
76	166	0.984352
76	167	0.895664
76	168	0.99554
76	175	0.994049
76	180	1.02597
77	29	1.01749
77	78	0.926618
77	81	1.04576
77	112	0.968995
77	114	1.00236
77	130	1.01668
77	162	1.01292
77	166	1.00032
77	167	1.09471
77	169	0.990006
77	170	1.02949
77	171	1.00296
77	172	0.970998
77	173	0.982531
77	174	0.992853
77	175	0.988282
77	176	0.982595
77	177	0.976891
77	178	0.997217
77	179	0.99148
78	4	1.02001
78	33	1.09667
78	56	1.01404
78	67	0.966012
78	75	0.994101
78	77	0.926618
78	93	1.01121
78	94	1.12371
78	97	1.02486
78	102	0.941107
78	104	1.02278
78	109	1.03386
78	112	1.00067
78	115	0.968434
78	126	1.0012
78	135	0.992103
78	136	0.992103
78	157	1.06304
78	161	0.847786
78	180	0.962031
79	7	1.19411
79	83	1.03928
79	90	0.949191
79	111	0.956229
79	123	0.914115
79	145	0.955456
79	158	0.99242
79	167	1.09471
79	168	0.991741
79	169	0.990006
79	170	1.02949
79	171	1.00296
79	172	0.970998
79	173	0.982531
79	174	0.992853
79	175	0.988282
79	176	0.982595
79	177	0.976891
79	178	0.997217
79	179	0.99148
80	20	1.07976
80	55	0.958564
80	62	1.07579
80	74	1.00865
80	86	0.973309
80	89	1.00772
80	105	0.99326
80	107	1.01555
80	116	0.991287
80	127	1.01764
80	128	1.00771
80	131	0.965075
80	135	1.04893
80	152	1.0116
80	156	0.998994
80	163	1.05907
80	165	0.994692
80	170	0.87171
80	178	0.942756
80	180	0.981684
81	18	0.946319
81	57	0.97682
81	64	1.06571
81	74	0.977909
81	77	1.04576
81	90	0.99142
81	93	0.983133
81	126	0.973128
81	135	0.96403
81	136	0.96403
81	137	1.04706
81	142	0.946332
81	152	0.980862
81	153	0.956368
81	156	0.96825
81	163	0.973774
81	168	0.974449
81	172	1.09318
81	177	1.06078
81	178	1.05141
81	179	1.06555
82	47	0.932983
82	71	1.00503
82	85	1.01719
82	92	1.07244
82	117	0.847909
82	120	1.01502
82	122	1.09569
82	129	0.966799
82	130	1.05013
82	137	0.929852
82	144	1.05601
82	145	1.05904
82	147	1.03817
82	148	1.06316
82	150	1.06189
82	152	0.998674
82	157	1.03947
82	167	0.833661
82	176	0.949814
82	178	0.934198
82	180	1.04179
83	1	1.0073
83	25	1.10582
83	73	0.932321
83	79	1.03928
83	84	1.13721
83	90	0.999552
83	96	0.900826
83	133	0.999469
83	153	0.964501
83	154	0.973101
83	155	0.987334
83	158	0.975066
83	162	0.975085
83	163	0.981906
83	164	0.93389
83	165	0.956865
83	166	0.971393
83	168	0.982581
83	173	1.06005
83	176	1.06134
83	179	1.05987
84	29	0.956319
84	38	0.978527
84	65	0.949615
84	69	0.997202
84	74	0.980837
84	83	1.13721
84	107	1.06158
84	108	0.948933
84	123	1.00338
84	127	0.989827
84	130	1.11381
84	131	0.937261
84	142	0.94926
84	145	1.05339
84	149	0.995961
84	152	0.98379
84	156	0.971179
84	165	1.04072
84	173	1.00311
84	177	0.998154
84	180	0.953869
85	45	0.962045
85	52	1.03776
85	82	1.01719
85	92	0.96998
85	105	1.13346
85	118	0.985268
85	122	0.993229
85	130	0.947669
85	137	1.04638
85	145	0.956581
85	147	0.93571
85	150	0.959427
85	151	0.958814
85	157	0.937008
85	159	0.911715
85	166	1.1594
85	169	1.06132
85	170	0.97968
85	175	1.04857
85	179	1.06487
85	180	0.939326
86	22	0.941849
86	41	1.04047
86	51	1.09417
86	63	0.961014
86	72	1.03523
86	80	0.973309
86	89	0.981585
86	91	0.989501
86	103	1.22082
86	105	0.967127
86	108	0.950615
86	127	0.991509
86	128	0.981572
86	131	0.938943
86	132	1.06233
86	140	1.03139
86	142	0.950942
86	152	0.985472
86	156	0.972861
86	174	0.975741
86	180	0.955551
87	61	0.944844
87	119	0.99894
87	130	0.937991
87	131	0.945042
87	152	0.877438
87	155	0.921582
87	163	0.929278
87	166	0.921636
87	167	1.14471
87	168	0.913857
87	169	1.04001
87	170	1.07949
87	171	1.05296
87	172	1.021
87	173	1.03253
87	174	1.04285
87	175	1.03828
87	176	1.0326
87	177	1.02689
87	178	1.04722
87	179	1.04148
88	21	0.950898
88	24	0.949225
88	32	1.01853
88	34	1.05424
88	56	0.934475
88	66	0.958724
88	73	1.0833
88	75	1.03478
88	89	0.982194
88	90	1.01756
88	125	1.07884
88	131	0.939551
88	133	1.01801
88	146	1.04728
88	148	1.05905
88	156	0.97347
88	171	0.98813
88	174	0.978019
88	176	0.967762
88	178	0.982384
88	179	0.976647
89	29	0.99241
89	49	1.01995
89	59	0.916596
89	62	1.08407
89	69	1.03329
89	74	1.01693
89	80	1.00772
89	86	0.981585
89	88	0.982194
89	91	1.02391
89	95	1.02586
89	115	1.01838
89	123	1.03947
89	127	1.02592
89	142	0.985351
89	152	1.01988
89	156	1.00727
89	170	0.911163
89	171	0.958864
89	175	0.980056
89	178	0.98221
89	179	0.99635
90	27	1.02537
90	39	0.978309
90	57	0.881052
90	79	0.949191
90	81	0.99142
90	83	0.999552
90	88	1.01756
90	96	0.946159
90	98	1.06099
90	107	1.02843
90	113	1.00746
90	114	1.0144
90	139	1.05946
90	153	1.00983
90	154	1.01843
90	162	1.02042
90	163	1.02724
90	166	1.01673
90	168	1.02791
90	173	0.969965
90	179	0.96978
90	180	0.985409
91	18	0.993254
91	28	0.974907
91	32	1.06024
91	56	1.01485
91	65	0.993622
91	69	1.04121
91	86	0.989501
91	89	1.02391
91	105	1.00945
91	116	0.981603
91	123	1.04739
91	128	1.0239
91	131	0.981268
91	134	0.973744
91	140	0.974651
91	142	0.993267
91	152	1.0278
91	153	1.03918
91	156	1.01519
91	165	0.985008
91	169	0.943663
91	174	0.919
92	24	1.0665
92	44	1.02737
92	82	1.07244
92	85	0.96998
92	98	1.00511
92	118	1.04052
92	122	1.04848
92	125	0.984056
92	129	1.00849
92	130	1.00292
92	142	1.09488
92	144	1.0088
92	145	1.01183
92	146	1.01259
92	150	1.01468
92	151	1.01407
92	157	0.992261
92	159	0.836875
92	167	0.875349
92	171	0.952541
92	178	0.975887
92	179	0.990027
93	4	1.03711
93	64	0.993928
93	67	0.983117
93	75	1.01121
93	78	1.01121
93	81	0.983133
93	97	1.04196
93	104	1.03988
93	109	1.05096
93	112	1.01778
93	125	1.09924
93	126	1.01831
93	129	1.01222
93	135	1.00921
93	136	1.00921
93	138	0.986925
93	141	1.0186
93	149	0.986801
93	160	0.842542
93	164	0.867788
93	175	0.97747
93	180	1.00939
94	55	1.17696
94	70	1.04925
94	78	1.12371
94	96	0.862044
94	110	0.954406
94	114	0.930279
94	121	0.981356
94	122	1.13583
94	124	1.02683
94	132	0.97148
94	133	0.960686
94	139	0.975345
94	153	0.925718
94	154	0.934319
94	155	0.948552
94	158	0.936283
94	163	0.943124
94	166	0.932611
94	168	0.943799
94	174	1.07467
94	177	1.09811
94	180	1.11851
95	9	1.02347
95	10	1.01822
95	24	0.965084
95	29	1.06679
95	40	0.995851
95	56	0.950333
95	66	0.974582
95	68	1.01187
95	89	1.02586
95	104	0.951318
95	109	0.969817
95	142	1.05994
95	144	1.01961
95	147	1.07062
95	163	0.994852
95	165	0.96981
95	166	0.984339
95	168	0.995526
95	174	0.993878
95	176	0.98362
95	177	0.977916
95	178	0.998242
95	179	0.992505
96	59	1.09798
96	83	0.900826
96	90	0.946159
96	94	0.862044
96	98	0.962262
96	101	0.89336
96	119	0.884782
96	121	0.966745
96	131	1.29567
96	153	0.911108
96	154	0.919708
96	155	0.933941
96	158	0.921673
96	160	1.02651
96	162	0.921692
96	163	0.928513
96	166	0.918
96	168	0.929188
96	170	1.09254
96	173	1.17791
96	174	1.14952
96	177	1.17296
96	180	1.19336
97	10	1.05228
97	19	1.02063
97	42	1.02767
97	49	0.961302
97	55	1.01177
97	67	0.996767
97	75	1.02486
97	78	1.02486
97	93	1.04196
97	102	0.971862
97	104	1.05353
97	106	1.0325
97	109	1.06461
97	112	1.03143
97	116	0.972088
97	126	1.03196
97	135	1.02286
97	136	1.02286
97	172	0.965333
97	173	0.937882
97	174	0.909485
97	176	0.939173
97	179	0.937697
97	180	0.953326
98	7	0.933563
98	55	1.01474
98	76	1.02861
98	90	1.06099
98	92	1.00511
98	96	0.962262
98	100	0.894041
98	108	1.06371
98	114	1.0305
98	119	0.999611
98	121	1.08157
98	133	1.0609
98	155	1.04877
98	158	1.0365
98	162	1.03652
98	163	1.04334
98	166	1.03283
98	168	1.04402
98	169	0.937109
98	171	0.903174
98	172	0.968295
98	175	0.924366
98	179	0.940659
98	180	0.956288
99	5	1.05539
99	17	1.05489
99	41	1.02855
99	45	1.03298
99	59	0.905731
99	68	1.04789
99	118	1.0562
99	125	0.999738
99	129	1.00395
99	130	1.0186
99	140	1.01292
99	144	1.02448
99	145	1.02752
99	147	1.00664
99	148	1.03164
99	150	1.03036
99	151	1.02975
99	160	0.834263
99	161	0.886868
99	173	0.985669
99	175	0.969191
99	178	0.971344
99	179	0.985484
99	180	1.01026
100	5	0.943208
100	38	0.982772
100	98	0.894041
100	136	0.949064
100	144	0.943474
100	148	0.964655
100	150	0.965641
100	154	0.967521
100	157	0.995593
100	161	1.08269
100	162	0.986084
100	164	1.10337
100	167	1.11254
100	169	1.00783
100	170	1.04731
100	171	1.02079
100	172	0.988826
100	173	1.00036
100	174	1.01068
100	175	1.00611
100	176	1.00042
100	177	0.994719
100	178	1.01505
100	179	1.00931
101	1	1.00547
101	7	0.864661
101	47	1.04269
101	54	0.931021
101	56	1.12568
101	61	0.94838
101	62	0.986111
101	96	0.89336
101	121	1.01267
101	133	0.992003
101	139	1.00666
101	140	1.08548
101	145	1.10851
101	146	1.13197
101	153	0.957035
101	154	0.965635
101	155	0.979869
101	158	0.9676
101	162	0.967619
101	163	0.974441
101	166	0.963928
101	168	0.975115
101	175	1.04175
101	180	1.07367
102	3	0.97199
102	10	0.968535
102	14	1.07496
102	42	0.94392
102	67	0.913018
102	75	0.941107
102	78	0.941107
102	97	0.971862
102	104	0.969782
102	106	0.94875
102	109	0.980862
102	110	1.12789
102	112	0.947679
102	115	1.10086
102	116	1.11322
102	126	0.948207
102	135	0.939109
102	136	0.939109
102	151	1.14361
102	160	0.927606
102	170	0.99364
102	171	1.04134
102	178	1.06469
102	180	1.09446
103	44	0.918675
103	56	1.21008
103	62	1.07051
103	66	1.22148
103	86	1.22082
103	108	1.26549
103	113	0.888933
103	125	0.875359
103	126	1.17162
103	128	1.17511
103	131	1.26038
103	148	0.907259
103	150	0.905982
103	151	0.905369
103	157	0.883563
103	162	0.901893
103	163	0.908715
103	166	0.898202
103	168	0.90939
103	169	0.904894
103	172	0.885887
103	174	0.907741
103	177	0.891779
103	179	0.906369
104	3	1.05366
104	10	1.0502
104	17	0.991205
104	42	1.02559
104	55	0.995881
104	75	1.02278
104	78	1.02278
104	93	1.03988
104	95	0.951318
104	97	1.05353
104	102	0.969782
104	109	1.06253
104	112	1.02935
104	126	1.02988
104	135	1.02078
104	136	1.02078
104	138	0.998494
104	149	0.914841
104	155	1.01628
104	168	1.00856
104	172	0.949439
104	173	0.921989
104	177	0.917034
104	180	0.937433
105	29	0.977953
105	38	1.00016
105	62	1.06961
105	63	0.980966
105	69	1.01884
105	80	0.99326
105	85	1.13346
105	86	0.967127
105	91	1.00945
105	117	0.893737
105	123	1.02502
105	124	0.918114
105	125	1.09965
105	127	1.01146
105	128	1.00152
105	142	0.970894
105	152	1.00542
105	156	0.992813
105	165	1.03196
105	171	0.956681
105	172	1.0218
105	175	0.977874
105	176	0.995643
105	178	0.980027
105	180	0.975502
106	9	1.03811
106	13	0.878005
106	37	1.00681
106	48	1.00157
106	56	0.964972
106	61	1.05799
106	66	0.989221
106	68	0.997033
106	74	1.00115
106	97	1.0325
106	102	0.94875
106	110	0.989311
106	111	1.01964
106	112	1.00832
106	121	0.991129
106	135	0.999746
106	136	0.999746
106	139	1.01083
106	166	1.03479
106	168	1.02701
106	172	0.986661
106	173	0.998194
106	177	0.992554
106	178	1.01288
106	179	1.00714
107	4	1.03751
107	14	0.913433
107	48	1.03982
107	80	1.01555
107	84	1.06158
107	90	1.02843
107	144	1.04874
107	150	1.07091
107	157	1.10086
107	159	1.05276
107	160	1.05276
107	161	1.01801
107	164	1.0387
107	166	1.07876
107	167	1.04786
107	169	0.943154
107	170	0.982635
107	171	0.956112
107	172	0.924147
107	173	0.93568
107	174	0.946001
107	175	0.941431
107	176	0.935744
107	177	0.93004
107	178	0.950366
107	179	0.944629
108	31	1.03571
108	38	0.983649
108	63	0.964454
108	65	0.954736
108	74	0.985959
108	84	0.948933
108	86	0.950615
108	98	1.06371
108	103	1.26549
108	123	1.0085
108	127	0.994949
108	128	0.985012
108	129	0.971092
108	131	0.942382
108	138	0.949797
108	152	0.988912
108	156	0.976301
108	159	0.895475
108	164	0.922651
108	165	1.08642
108	169	1.04508
108	174	1.02041
108	175	1.03233
108	177	1.04386
108	178	1.03449
108	180	0.95899
109	1	0.887735
109	3	1.06474
109	4	1.05976
109	10	1.06128
109	23	1.00129
109	42	1.03667
109	67	1.00577
109	75	1.03386
109	78	1.03386
109	93	1.05096
109	95	0.969817
109	97	1.06461
109	102	0.980862
109	104	1.06253
109	111	0.991546
109	112	1.04043
109	126	1.04096
109	134	0.966835
109	135	1.03186
109	136	1.03186
109	140	0.967742
109	165	0.978099
109	167	0.825625
109	169	0.936753
109	178	0.926163
109	180	0.955932
110	5	1.03889
110	18	0.996975
110	94	0.954406
110	102	1.12789
110	106	0.989311
110	113	1.00109
110	114	1.00803
110	119	0.977144
110	132	1.04923
110	133	1.03844
110	139	1.0531
110	140	1.00207
110	152	1.02497
110	153	1.00347
110	154	1.01207
110	155	1.0263
110	158	1.01404
110	161	0.876017
110	162	1.01405
110	163	1.02088
110	164	0.848658
110	165	0.995834
110	166	1.01036
110	168	1.02155
110	171	0.937148
110	173	0.974818
110	180	0.990262
111	20	1.09968
111	21	0.991653
111	29	0.999365
111	40	1.02075
111	48	1.01183
111	56	0.97523
111	57	0.88809
111	66	0.999479
111	79	0.956229
111	106	1.01964
111	109	0.991546
111	115	0.998849
111	127	1.03287
111	128	1.02294
111	134	1.00335
111	135	1.06885
111	139	1.05197
111	142	0.992306
111	155	1.02518
111	156	1.01422
111	158	1.01291
111	161	0.878201
111	166	1.00924
111	168	1.02042
111	169	0.973268
111	177	0.972048
111	179	0.976818
112	3	1.03156
112	14	1.13453
112	35	0.987163
112	42	1.00349
112	67	0.972585
112	75	1.00067
112	77	0.968995
112	78	1.00067
112	93	1.01778
112	97	1.03143
112	102	0.947679
112	104	1.02935
112	106	1.00832
112	109	1.04043
112	126	1.00777
112	135	0.998676
112	136	0.998676
112	138	0.976392
112	146	1.06271
112	148	1.07448
112	153	1.08075
112	161	0.890163
112	167	0.874101
112	169	0.985229
112	170	0.903592
112	175	0.972486
112	180	1.00441
113	53	1.05356
113	76	0.975083
113	90	1.00746
113	103	0.888933
113	110	1.00109
113	119	0.94608
113	121	1.02804
113	132	1.01817
113	133	1.00737
113	137	1.01875
113	145	1.08771
113	153	0.972406
113	154	0.981006
113	155	0.99524
113	158	0.982971
113	162	0.98299
113	163	0.989811
113	164	0.91126
113	166	0.979298
113	168	0.990486
113	169	1.03369
113	170	0.952049
113	171	0.99975
113	172	1.06487
113	173	1.03742
113	175	1.02094
113	177	1.03247
113	180	1.05286
114	46	1.11591
114	50	0.990574
114	73	0.947164
114	76	0.982021
114	77	1.00236
114	90	1.0144
114	94	0.930279
114	98	1.0305
114	110	1.00803
114	116	1.05653
114	117	0.92171
114	119	0.953018
114	133	1.01431
114	141	1.04698
114	153	0.979343
114	154	0.987944
114	155	1.00218
114	158	0.989909
114	162	0.989927
114	163	0.996749
114	166	0.986236
114	168	0.997424
114	171	0.984654
114	174	0.993927
114	175	1.00585
114	176	1.02362
114	179	1.02214
114	180	1.03777
115	65	1.07252
115	78	0.968434
115	89	1.01838
115	102	1.10086
115	111	0.998849
115	121	0.998483
115	123	0.956736
115	125	1.05309
115	132	1.00598
115	145	0.998076
115	146	1.02153
115	149	0.956961
115	159	1.06795
115	160	1.06795
115	161	1.0332
115	164	1.05389
115	167	1.06305
115	169	0.958344
115	170	0.997825
115	171	0.971302
115	172	0.939337
115	173	0.95087
115	174	0.961191
115	175	0.956621
115	176	0.950934
115	177	0.945229
115	178	0.965556
115	179	0.959819
116	53	0.931582
116	56	1.0276
116	80	0.991287
116	91	0.981603
116	97	0.972088
116	102	1.11322
116	114	1.05653
116	128	0.992637
116	145	1.01043
116	149	0.956961
116	153	1.05193
116	159	1.06795
116	160	1.06795
116	161	1.0332
116	162	1.06709
116	164	1.05389
116	167	1.06305
116	169	0.958344
116	170	0.997825
116	171	0.971302
116	172	0.939337
116	173	0.95087
116	174	0.961191
116	175	0.956621
116	176	0.950934
116	177	0.945229
116	178	0.965556
116	179	0.959819
117	31	0.815071
117	65	0.95006
117	82	0.847909
117	105	0.893737
117	114	0.92171
117	118	0.880785
117	121	0.876022
117	127	0.90283
117	128	0.857817
117	142	0.929998
117	152	0.87548
117	158	0.912579
117	159	1.16526
117	160	1.16526
117	161	1.13051
117	163	0.92732
117	164	1.1512
117	167	1.16036
117	169	1.05565
117	170	1.09513
117	171	1.06861
117	172	1.03665
117	173	1.04818
117	174	1.0585
117	175	1.05393
117	176	1.04824
117	177	1.04254
117	178	1.06287
117	179	1.05713
118	15	1.01489
118	20	0.995868
118	23	1.0422
118	25	1.02717
118	43	0.95994
118	68	1.04749
118	85	0.985268
118	92	1.04052
118	99	1.0562
118	117	0.880785
118	122	1.06377
118	125	0.999345
118	130	1.01821
118	144	1.02409
118	145	1.02712
118	146	1.02788
118	147	1.00625
118	148	1.03125
118	150	1.02997
118	151	1.02936
118	156	1.06817
118	157	1.00755
118	161	0.882598
118	167	0.866537
118	170	0.896028
118	172	1.00885
118	176	0.98269
118	177	0.976445
118	180	1.00987
119	13	1.07938
119	18	1.11975
119	28	1.12511
119	58	0.880978
119	64	1.09758
119	87	0.99894
119	96	0.884782
119	98	0.999611
119	110	0.977144
119	113	0.94608
119	114	0.953018
119	121	1.00409
119	132	0.994218
119	139	0.998083
119	149	1.09045
119	153	0.948456
119	154	0.957057
119	155	0.97129
119	158	0.959021
119	159	0.944261
119	161	0.998796
119	162	0.95904
119	163	0.965862
119	166	0.955349
119	168	0.966537
119	170	1.01223
119	171	1.05993
119	174	1.0692
119	177	1.09264
120	37	1.05881
120	42	1.0277
120	60	1.03205
120	82	1.01502
120	123	1.00138
120	139	1.06283
120	143	0.900442
120	146	1.06618
120	147	1.10779
120	149	0.939287
120	152	1.04259
120	153	1.08422
120	159	1.05027
120	160	1.05027
120	161	1.01552
120	163	1.09443
120	164	1.03621
120	167	1.04538
120	169	0.940671
120	170	0.980151
120	171	0.953629
120	172	0.921663
120	173	0.933196
120	174	0.943518
120	175	0.938948
120	176	0.933261
120	177	0.927556
120	178	0.947883
120	179	0.942145
121	2	0.885514
121	37	1.05046
121	46	1.07022
121	58	0.962941
121	94	0.981356
121	96	0.966745
121	98	1.08157
121	101	1.01267
121	106	0.991129
121	113	1.02804
121	115	0.998483
121	117	0.876022
121	119	1.00409
121	132	1.07618
121	133	1.06539
121	139	1.08005
121	141	1.00129
121	153	1.03042
121	154	1.03902
121	155	1.05325
121	158	1.04099
121	161	0.877835
121	162	1.041
121	166	1.03731
121	167	0.861774
121	168	1.0485
121	171	0.938966
121	176	0.977927
121	178	0.962312
121	179	0.976452
121	180	0.99208
122	5	1.06296
122	14	0.887727
122	34	1.04187
122	55	0.994708
122	68	1.05546
122	71	0.981075
122	82	1.09569
122	85	0.993229
122	92	1.04848
122	94	1.13583
122	118	1.06377
122	129	0.976982
122	138	0.982666
122	144	1.03205
122	145	1.03508
122	146	1.03584
122	147	1.01421
122	148	1.03921
122	149	0.951558
122	150	1.03793
122	151	1.03732
122	155	1.053
122	157	1.01551
122	160	0.8073
122	164	0.832545
122	165	1.01562
122	171	0.921035
122	172	0.986156
122	173	0.958706
122	176	0.959997
122	179	0.958521
123	31	1.09016
123	38	1.0381
123	62	1.10755
123	63	1.0189
123	65	1.00919
123	69	1.05677
123	79	0.914115
123	84	1.00338
123	89	1.03947
123	91	1.04739
123	105	1.02502
123	108	1.0085
123	115	0.956736
123	120	1.00138
123	127	1.0494
123	128	1.03946
123	131	0.996831
123	136	1.00481
123	138	1.00425
123	140	0.962143
123	142	1.00883
123	149	0.927742
123	152	1.04336
123	158	1.02214
123	164	0.808728
123	165	0.9725
123	166	1.02924
123	167	0.820026
123	168	1.02146
123	172	0.962339
123	180	1.01344
124	11	0.907951
124	21	1.04944
124	46	0.943288
124	94	1.02683
124	105	0.918114
124	127	0.927206
124	132	0.907898
124	141	0.982165
124	143	0.968509
124	147	0.965055
124	153	0.94149
124	155	0.944001
124	157	0.966158
124	158	0.936956
124	159	1.11834
124	160	1.11834
124	161	1.08359
124	162	0.956649
124	164	1.10428
124	167	1.11345
124	169	1.00874
124	170	1.04822
124	171	1.02169
124	172	0.989729
124	173	1.00126
124	174	1.01158
124	175	1.00701
124	176	1.00133
124	177	0.995622
124	178	1.01595
124	179	1.01021
125	5	0.998534
125	22	1.09511
125	34	0.977443
125	41	0.971689
125	52	1.05183
125	88	1.07884
125	92	0.984056
125	93	1.09924
125	99	0.999738
125	103	0.875359
125	105	1.09965
125	115	1.05309
125	118	0.999345
125	129	1.04952
125	130	0.961746
125	137	1.01257
125	144	0.967623
125	145	0.970658
125	146	0.971413
125	147	0.949787
125	148	0.974781
125	150	0.973504
125	151	0.972891
125	157	0.951085
125	164	0.90508
125	171	0.99357
125	172	1.05869
125	174	1.00284
125	177	1.02629
125	179	1.03106
125	180	0.953403
126	3	1.03208
126	4	1.02711
126	10	1.02863
126	14	1.13506
126	19	1.03769
126	23	1.01574
126	27	1.01035
126	30	0.94078
126	41	1.0044
126	42	1.00401
126	73	1.0647
126	75	1.0012
126	78	1.0012
126	81	0.973128
126	93	1.01831
126	97	1.03196
126	102	0.948207
126	103	1.17162
126	104	1.02988
126	109	1.04096
126	112	1.00777
126	135	0.999203
126	136	0.999203
126	138	0.97692
126	140	0.982196
126	152	1.00509
126	157	1.07139
126	160	0.803537
126	161	0.856141
126	165	0.992554
126	167	0.84008
126	173	0.954942
127	18	0.995263
127	33	1.15352
127	61	1.121
127	63	1.00535
127	65	0.99563
127	74	1.02685
127	80	1.01764
127	84	0.989827
127	86	0.991509
127	89	1.02592
127	105	1.01146
127	108	0.994949
127	111	1.03287
127	117	0.90283
127	123	1.0494
127	124	0.927206
127	128	1.02591
127	129	1.01199
127	131	0.983276
127	141	1.0281
127	142	0.995276
127	152	1.02981
127	156	1.01719
127	160	0.852038
127	161	0.904643
127	165	1.04106
127	170	0.918073
127	171	0.965774
127	173	1.00344
127	176	1.00474
127	178	0.989119
127	180	0.999884
128	18	0.985326
128	38	1.01461
128	39	0.966776
128	62	1.08406
128	69	1.03328
128	74	1.01692
128	80	1.00771
128	86	0.981572
128	91	1.0239
128	103	1.17511
128	105	1.00152
128	108	0.985012
128	111	1.02294
128	116	0.992637
128	117	0.857817
128	123	1.03946
128	127	1.02591
128	129	1.00205
128	131	0.973339
128	142	0.985339
128	147	1.07378
128	148	1.04395
128	149	0.951284
128	152	1.01987
128	156	1.00726
128	158	1.04568
128	165	0.996043
128	167	0.843569
128	176	0.959723
128	177	0.953477
128	178	0.944107
128	180	0.989947
129	45	1.00408
129	68	1.00082
129	82	0.966799
129	92	1.00849
129	93	1.01222
129	99	1.00395
129	108	0.971092
129	122	0.976982
129	125	1.04952
129	127	1.01199
129	128	1.00205
129	130	1.05492
129	131	0.959419
129	142	0.971419
129	144	1.00855
129	146	1.01796
129	147	1.05957
129	148	1.02973
129	152	1.00595
129	153	0.981456
129	154	0.990056
129	156	0.993338
129	158	0.992021
129	162	0.99204
129	166	0.988348
129	168	0.999536
129	171	1.008
129	172	0.976033
129	174	0.997887
129	175	0.993317
129	176	0.98763
129	177	0.981926
129	179	0.996515
130	5	1.0174
130	20	0.95827
130	23	1.09745
130	44	1.00506
130	45	0.994988
130	53	1.00808
130	77	1.01668
130	82	1.05013
130	84	1.11381
130	85	0.947669
130	87	0.937991
130	92	1.00292
130	99	1.0186
130	118	1.01821
130	125	0.961746
130	129	1.05492
130	144	0.986489
130	145	0.989524
130	146	0.990279
130	147	0.968653
130	148	0.993647
130	149	1.0295
130	150	0.99237
130	151	0.991757
130	157	0.969951
130	160	0.885242
130	165	0.970061
130	167	0.921785
130	172	1.0641
130	173	1.03665
130	175	1.02017
130	178	1.02232
130	180	0.972269
131	26	0.892158
131	31	1.02404
131	32	1.00969
131	35	1.0419
131	38	0.971976
131	43	0.976566
131	62	1.04143
131	63	0.952781
131	74	0.974286
131	80	0.965075
131	84	0.937261
131	86	0.938943
131	87	0.945042
131	88	0.939551
131	91	0.981268
131	96	1.29567
131	103	1.26038
131	108	0.942382
131	123	0.996831
131	127	0.983276
131	128	0.973339
131	129	0.959419
131	142	0.942709
131	152	0.977239
131	156	0.964628
131	159	0.890363
131	163	1.14569
131	164	0.917538
131	165	1.08131
131	169	1.03996
131	174	1.0153
131	177	1.03874
131	179	1.04351
131	180	0.947318
132	7	0.92817
132	28	1.01165
132	58	0.953065
132	61	1.01189
132	72	1.06685
132	73	0.988364
132	75	1.04538
132	86	1.06233
132	94	0.97148
132	110	1.04923
132	113	1.01817
132	115	1.00598
132	119	0.994218
132	121	1.07618
132	124	0.907898
132	134	1.01048
132	138	1.0081
132	139	1.07017
132	153	1.02054
132	154	1.02914
132	155	1.04338
132	158	1.03111
132	160	0.83273
132	161	0.885335
132	162	1.03113
132	163	1.03795
132	165	1.01291
132	166	1.02744
132	168	1.03862
132	169	0.980402
132	170	0.898765
132	177	0.979182
132	179	0.983952
132	180	0.99958
133	50	1.02098
133	60	1.03386
133	67	1.05411
133	72	1.05605
133	73	0.977571
133	83	0.999469
133	88	1.01801
133	94	0.960686
133	98	1.0609
133	101	0.992003
133	110	1.03844
