1	8	0.928825
1	41	0.993151
1	73	0.946237
1	83	0.965458
1	97	0.921354
1	112	1.09244
1	127	1.03786
1	132	1.00277
1	170	1.00889
1	178	1.03286
1	179	1.02281
1	180	1.0397
2	28	0.983874
2	113	0.954909
2	114	0.963349
2	150	0.926692
2	165	1.02591
2	171	1.0187
2	172	1.01796
2	174	1.02174
2	175	0.965283
2	177	1.0433
2	179	1.02775
2	180	1.04464
3	76	0.978538
3	86	1.15218
3	92	1.00235
3	95	1.05081
3	97	1.05081
3	98	0.957653
3	103	1.00765
3	146	0.954111
3	148	0.963815
3	171	0.959748
3	173	0.97331
3	179	0.955844
4	18	1.01916
4	49	0.975753
4	52	0.921944
4	54	1.04302
4	93	1.03484
4	138	0.940718
4	140	1.07351
4	152	0.952361
4	160	1.05268
4	170	1.00018
4	178	1.05485
4	180	0.937982
5	27	1.01506
5	42	1.03772
5	44	1.01704
5	45	1.04184
5	88	0.993982
5	102	1.05667
5	118	1.03769
5	129	0.92637
5	158	0.950819
5	164	0.974747
5	176	0.974339
5	178	0.980556
6	108	0.885621
6	124	0.989666
6	127	0.955134
6	159	0.941088
6	160	1.03028
6	166	0.923272
6	174	1.13358
6	176	0.955088
6	177	1.11087
6	178	0.95013
6	179	1.12837
7	21	1.01498
7	64	1.25477
7	87	1.13293
7	119	1.18913
7	131	0.898479
7	147	0.87427
7	163	1.21739
7	169	0.868385
7	175	0.87464
7	178	0.890816
7	179	0.880771
7	180	0.897656
8	1	0.928825
8	31	0.97573
8	65	1.00745
8	108	0.991618
8	115	1.0819
8	149	0.980776
8	157	1.03451
8	161	1.0477
8	170	0.981807
8	171	0.956395
8	174	0.957699
8	176	1.06108
9	99	0.923645
9	110	0.842082
9	117	0.939497
9	124	0.933927
9	127	0.899395
9	151	1.17661
9	172	1.20721
9	173	0.888848
9	174	1.2134
9	175	0.878215
9	178	0.894391
9	179	1.2082
10	64	1.01401
10	121	0.914606
10	126	1.03565
10	128	0.95124
10	137	1.01673
10	150	1.04497
10	153	1.03508
10	155	1.03068
10	158	0.927596
10	163	1.0371
10	166	1.02144
10	174	0.975126
11	36	0.971698
11	42	1.03973
11	43	0.97532
11	46	1.02058
11	102	1.05869
11	118	1.0397
11	135	0.980994
11	152	1.04434
11	157	1.02526
11	168	0.956583
11	176	0.94647
11	177	0.94777
12	45	0.927419
12	108	1.03366
12	138	1.03277
12	147	0.954153
12	159	0.92333
12	162	1.02986
12	172	1.01435
12	174	1.01814
12	175	0.95484
12	177	1.03969
12	179	1.02415
12	180	1.04104
13	99	0.923645
13	109	1.16539
13	110	0.842082
13	117	0.939497
13	124	0.933927
13	127	0.899395
13	157	1.23794
13	164	1.20831
13	173	0.888848
13	175	0.878215
13	178	0.894391
13	180	1.19382
14	16	0.917623
14	66	1.00672
14	91	0.940633
14	94	0.952402
14	166	0.97517
14	169	1.01687
14	171	1.02021
14	172	1.01946
14	174	1.02325
14	177	1.0448
14	179	1.02926
14	180	1.04615
15	34	1.06934
15	71	0.894809
15	130	1.02749
15	136	1.01388
15	139	0.957783
15	153	1.03771
15	154	1.02165
15	155	1.03331
15	159	1.04189
15	166	1.02407
15	177	0.940164
15	178	0.945082
16	14	0.917623
16	105	1.04308
16	110	0.978759
16	124	1.07061
16	127	1.03607
16	158	0.947352
16	168	0.980984
16	172	0.988684
16	173	1.02553
16	175	1.01489
16	176	0.970871
16	178	1.03107
17	48	1.02306
17	66	0.975502
17	92	1.02878
17	95	1.07725
17	97	1.07725
17	98	0.984084
17	103	1.03408
17	107	0.918526
17	116	1.02487
17	148	0.973718
17	152	0.947243
17	162	0.942596
18	4	1.01916
18	93	0.950548
18	96	0.990303
18	112	0.904104
18	140	0.989219
18	151	1.06877
18	161	0.962138
18	164	0.963687
18	165	1.07967
18	167	1.05206
18	172	1.09937
18	175	0.954386
18	178	0.970562
19	31	1.06144
19	65	1.09317
19	72	0.825798
19	108	1.07733
19	115	1.16761
19	123	0.85944
19	134	0.892348
19	157	1.12023
19	161	1.13342
19	164	0.857589
19	171	0.879888
19	173	0.89345
19	176	1.1468
20	66	1.07065
20	81	1.05882
20	156	0.99306
20	159	1.01935
20	162	0.976588
20	163	1.00521
20	166	1.03909
20	168	0.966535
20	170	0.956949
20	171	0.961822
20	177	0.986415
20	179	0.970874
20	180	0.987759
21	7	1.01498
21	61	1.06278
21	96	1.15017
21	100	1.14185
21	106	1.15071
21	140	1.14908
21	146	0.874531
21	152	0.857761
21	173	0.893731
21	174	0.881472
21	176	0.857462
21	178	1.13043
21	180	0.843382
22	87	0.985543
22	105	1.05065
22	111	0.974106
22	113	1.10528
22	150	1.07706
22	162	0.980206
22	168	0.970153
22	170	0.960567
22	172	0.964693
22	174	0.968478
22	177	0.990033
22	179	0.974492
22	180	0.991377
23	99	0.995122
23	105	0.977876
23	110	0.913559
23	117	1.01097
23	124	1.0054
23	127	0.970873
23	139	1.05745
23	142	1.00603
23	168	1.04864
23	172	1.05634
23	173	0.960325
23	176	1.03853
23	178	0.965868
24	35	0.994383
24	96	0.98626
24	106	1.04641
24	117	1.0387
24	134	0.96769
24	149	0.98133
24	156	0.990758
24	171	0.959521
24	174	0.962559
24	175	1.12732
24	177	0.984114
24	179	0.968572
24	180	0.985457
25	44	1.09804
25	45	1.12284
25	46	1.09957
25	84	1.16235
25	118	1.11868
25	137	1.09428
25	138	0.855292
25	147	0.808145
25	148	0.89341
25	149	0.913724
25	157	1.10424
25	164	0.867045
25	177	0.867937
26	52	0.863326
26	54	0.9844
26	61	0.928591
26	96	1.01598
26	106	1.01652
26	139	1.04077
26	140	1.01489
26	144	1.01548
26	157	1.05189
26	173	1.05812
26	175	0.980059
26	178	0.996235
26	179	1.04065
27	5	1.01506
27	79	1.05729
27	88	0.925586
27	115	1.00223
27	126	1.10333
27	161	0.968037
27	164	1.0192
27	167	0.989295
27	173	0.970917
27	175	0.960285
27	176	0.98142
27	178	0.976461
27	179	1.0376
28	2	0.983874
28	31	0.920137
28	65	0.95186
28	108	0.936024
28	115	1.02631
28	133	0.989156
28	134	1.09394
28	157	0.978918
28	161	0.992108
28	167	1.02927
28	173	1.09504
28	175	1.00097
28	176	1.00549
29	43	0.881636
29	52	1.00103
29	93	1.11393
29	96	1.15368
29	140	1.1526
29	164	1.12706
29	167	0.823288
29	170	0.900905
29	174	0.876796
29	175	1.11776
29	177	0.854086
29	178	1.13394
29	179	0.871589
30	40	0.872577
30	74	1.00942
30	91	0.940671
30	94	0.925403
30	112	0.99969
30	131	0.947772
30	141	0.912859
30	147	0.923564
30	148	0.953529
30	167	1.11718
30	168	1.15679
30	174	1.17069
30	175	0.923934
30	178	1.15289
31	8	0.97573
31	19	1.06144
31	28	0.920137
31	65	0.877191
31	71	1.09007
31	108	0.861354
31	115	0.951636
31	151	1.12134
31	152	1.13442
31	154	1.08831
31	157	0.904248
31	161	0.917438
31	173	1.17039
31	176	0.930821
32	38	0.885108
32	63	0.867805
32	70	0.928985
32	134	1.04638
32	143	0.941264
32	161	0.970523
32	167	1.06079
32	168	1.04293
32	171	1.03821
32	172	1.03747
32	175	0.998368
32	177	1.06281
32	179	1.04727
32	180	1.06415
33	89	1.00945
33	142	0.898931
33	153	1.05859
33	154	1.04253
33	155	1.0542
33	156	0.92642
33	157	0.961475
33	161	1.06339
33	163	1.06062
33	165	0.929544
33	166	1.04496
33	168	0.941544
33	173	1.06627
33	179	0.950234
34	15	1.06934
34	40	0.867604
34	67	1.03165
34	98	1.13772
34	99	1.08578
34	118	0.927966
34	147	0.918591
34	157	0.913522
34	160	0.932962
34	161	1.14281
34	166	1.1589
34	177	0.940633
34	179	0.925092
34	180	0.941977
35	24	0.994383
35	82	1.02954
35	109	0.86474
35	114	1.04948
35	139	0.926163
35	150	1.0617
35	153	1.05181
35	159	1.05599
35	163	1.05383
35	166	1.03817
35	169	0.940194
35	170	0.955363
35	173	1.05949
35	179	0.926047
36	11	0.971698
36	45	0.928068
36	73	0.95759
36	84	0.967582
36	88	0.880211
36	100	0.942509
36	118	0.923915
36	137	0.899516
36	144	1.10678
36	156	1.10814
36	160	0.928911
36	168	1.12327
36	173	1.14942
36	178	1.11937
37	79	1.03835
37	94	1.04423
37	112	1.11852
37	114	0.889892
37	121	1.02528
37	128	0.949756
37	141	1.03169
37	142	0.91713
37	144	0.94326
37	147	1.04239
37	160	1.05677
37	175	1.04276
37	176	0.949631
37	178	0.955849
38	32	0.885108
38	66	0.980437
38	76	1.0099
38	86	1.18354
38	92	1.03372
38	95	1.08218
38	97	1.08218
38	98	0.989019
38	103	1.03902
38	137	0.990137
38	142	0.89442
38	173	0.963188
38	177	0.92822
38	179	0.945723
39	99	0.956267
39	105	0.939021
39	110	0.874704
39	117	0.972119
39	124	0.96655
39	127	0.932018
39	148	1.13722
39	164	1.11085
39	171	1.13315
39	173	0.92147
39	175	0.910838
39	178	0.927013
39	179	1.12924
39	180	1.09636
40	30	0.872577
40	34	0.867604
40	50	0.93135
40	62	1.01301
40	67	1.03524
40	80	1.11702
40	94	0.924019
40	141	0.911474
40	147	0.922179
40	152	1.12307
40	164	1.12318
40	165	1.12088
40	175	0.922549
40	176	1.12277
41	1	0.993151
41	54	0.993877
41	61	0.938068
41	93	0.985699
41	96	1.02545
41	106	1.026
41	138	0.98667
41	140	1.02437
41	157	1.02806
41	160	1.00354
41	161	0.997288
41	167	0.968517
41	169	1.03096
41	177	0.999315
41	178	1.00571
42	5	1.03772
42	11	1.03973
42	44	0.971302
42	49	1.00801
42	84	1.03562
42	88	0.948246
42	102	1.01094
42	118	0.99195
42	137	0.96755
42	146	1.00139
42	160	0.996945
42	172	1.00213
42	173	1.02059
42	177	0.985622
42	178	0.99054
43	11	0.97532
43	29	0.881636
43	85	1.03843
43	91	1.02273
43	92	1.02453
43	138	0.99899
43	155	1.03276
43	165	0.988529
43	166	1.05727
43	167	1.0039
43	168	0.986034
43	172	0.980574
43	177	1.00591
43	179	0.990373
43	180	1.00726
44	5	1.01704
44	25	1.09804
44	42	0.971302
44	45	0.975421
44	46	0.952154
44	73	1.00494
44	84	1.01494
44	102	0.990256
44	123	0.982777
44	135	1.01504
44	149	1.02761
44	151	0.967737
44	152	0.975913
44	172	0.998331
44	173	1.01679
45	5	1.04184
45	12	0.927419
45	25	1.12284
45	36	0.928068
45	44	0.975421
45	47	1.03101
45	88	0.952364
45	101	1.01541
45	118	0.996069
45	151	0.999976
45	152	1.00071
45	157	0.981625
45	160	1.00106
45	177	1.01406
45	178	1.01898
46	11	1.02058
46	25	1.09957
46	44	0.952154
46	74	0.910219
46	84	1.01647
46	100	0.991395
46	102	0.991788
46	118	0.972801
46	129	0.999505
46	146	1.06454
46	152	0.977445
46	158	1.02395
46	160	0.977797
46	167	1.01798
46	175	0.989669
47	45	1.03101
47	96	0.917371
47	112	0.938783
47	133	1.02831
47	144	0.998195
47	150	1.01984
47	151	0.995964
47	165	0.995647
47	169	0.985105
47	172	0.987693
47	175	1.05843
47	176	1.0125
47	177	1.01303
47	179	0.997491
47	180	1.01438
48	17	1.02306
48	66	0.927555
48	76	0.957022
48	86	1.13066
48	92	0.980836
48	95	1.0293
48	97	1.0293
48	98	0.936137
48	103	0.986137
48	120	1.02001
48	138	0.969943
48	169	1.01424
48	172	0.999099
48	173	1.01756
48	178	0.987505
49	4	0.975753
49	42	1.00801
49	60	0.937304
49	103	1.00426
49	133	1.03375
49	161	1.03602
49	165	0.99687
49	167	1.01224
49	168	0.994376
49	169	0.986328
49	172	0.988916
49	174	0.992701
49	177	1.01426
49	179	0.998715
49	180	1.0156
50	40	0.93135
50	70	1.03001
50	112	1.05846
50	120	1.03326
50	122	0.999576
50	131	1.00655
50	147	0.982336
50	148	1.0123
50	152	0.994836
50	160	0.996707
50	168	1.00465
50	175	0.982707
50	176	0.994537
50	178	1.00075
50	180	0.980456
51	55	0.97148
51	84	0.931419
51	113	1.02345
51	125	1.05145
51	132	1.00129
51	160	1.01235
51	162	1.00628
51	165	0.99872
51	169	0.988178
51	170	0.98664
51	171	0.991513
51	174	0.994551
51	177	1.01611
51	179	1.00056
51	180	1.01745
52	4	0.921944
52	26	0.863326
52	29	1.00103
52	59	0.959893
52	106	0.893633
52	138	1.18906
52	140	0.892006
52	152	1.2007
52	160	0.871173
52	164	0.866474
52	165	1.19852
52	172	1.21822
52	175	0.857173
52	176	1.2004
52	178	0.873349
53	82	0.983929
53	136	0.982376
53	153	1.0062
53	154	0.990141
53	155	1.00181
53	156	1.00337
53	157	1.03842
53	159	1.01038
53	160	0.929093
53	163	1.00822
53	166	0.992564
53	167	0.978879
53	169	1.04133
53	176	1.02438
53	178	1.0146
54	4	1.04302
54	26	0.9844
54	41	0.993877
54	79	1.01875
54	106	1.01471
54	140	1.01308
54	149	1.02733
54	152	0.980547
54	160	0.992248
54	161	0.985999
54	173	1.01652
54	175	0.978247
54	178	0.994423
54	179	0.999051
54	180	0.966167
55	51	0.97148
55	60	1.06917
55	108	0.934007
55	115	1.02429
55	121	0.964853
55	131	1.00618
55	139	0.996749
55	140	1.01717
55	168	0.987943
55	169	1.01078
55	170	1.02595
55	173	1.0141
55	175	0.982339
55	176	1.00347
55	178	0.998515
56	77	1.0807
56	114	0.955418
56	119	0.967886
56	130	0.94753
56	132	0.965542
56	143	0.979247
56	144	1.05951
56	145	1.06552
56	150	0.967637
56	154	0.941688
56	155	0.953355
56	156	1.06087
56	159	0.961927
56	163	0.959772
56	174	1.08989
56	180	1.0518
57	62	1.01323
57	67	1.03547
57	70	0.970086
57	91	0.939516
57	112	0.998535
57	120	1.09346
57	122	0.939648
57	128	1.05486
57	131	0.946617
57	141	0.911703
57	147	0.922408
57	173	1.09101
57	175	0.922779
57	176	1.05474
57	179	1.07354
57	180	1.04066
58	85	0.875183
58	92	1.06947
58	98	1.02477
58	103	1.07477
58	108	1.01481
58	115	1.10509
58	127	1.08433
58	135	0.954089
58	148	0.946339
58	149	0.966652
58	152	0.919865
58	156	0.914555
58	159	0.830251
58	175	1.06315
58	176	1.08428
58	178	1.07932
59	52	0.959893
59	61	1.02516
59	96	1.11254
59	120	1.05121
59	126	0.970028
59	137	0.948713
59	140	1.11146
59	157	0.91554
59	161	1.08438
59	162	0.881148
59	164	1.08593
59	173	0.921764
59	175	1.07663
59	176	0.885496
59	177	0.886795
59	178	1.0928
60	49	0.937304
60	55	1.06917
60	69	1.0924
60	71	0.869558
60	94	1.06221
60	107	0.885196
60	121	1.04325
60	122	1.07761
60	131	1.08458
60	141	1.04967
60	147	1.06037
60	152	0.913913
60	173	0.949882
60	174	0.937624
60	175	1.06074
60	177	0.914913
61	21	1.06278
61	26	0.928591
61	41	0.938068
61	59	1.02516
61	106	0.958898
61	107	1.04658
61	140	0.957271
61	152	1.07529
61	160	0.936439
61	162	1.07065
61	164	0.931739
61	167	1.0455
61	175	0.922438
61	177	1.0763
61	178	0.938614
61	179	1.0938
62	40	1.01301
62	57	1.01323
62	91	1.0811
62	94	1.06583
62	112	1.14012
62	122	1.08123
62	131	1.0882
62	137	0.956592
62	141	1.05329
62	147	1.06399
62	157	0.923419
62	171	0.916081
62	172	0.911187
62	173	0.929643
62	176	0.893375
62	180	0.879294
63	32	0.867805
63	89	1.02544
63	113	1.06999
63	116	0.987541
63	129	0.861648
63	136	1.05075
63	153	1.07458
63	155	1.07019
63	159	1.07876
63	163	1.0766
63	166	1.06094
63	168	0.919729
63	172	0.927429
63	176	1.09276
63	178	0.915834
63	179	0.92842
64	7	1.25477
64	10	1.01401
64	89	0.909603
64	104	0.988558
64	125	0.938132
64	129	0.983942
64	132	0.96654
64	143	0.980245
64	149	1.079
64	154	0.942686
64	155	0.954353
64	163	0.960769
64	166	0.945109
64	177	1.03321
64	178	1.03813
64	180	1.01783
65	8	1.00745
65	19	1.09317
65	28	0.95186
65	31	0.877191
65	79	1.101
65	108	0.893078
65	115	0.98336
65	133	0.94621
65	156	1.05749
65	157	0.935972
65	161	0.949162
65	162	1.05815
65	164	1.06291
65	172	1.08031
65	176	0.962545
65	180	1.04842
66	14	1.00672
66	17	0.975502
66	20	1.07065
66	38	0.980437
66	48	0.927555
66	76	0.909468
66	86	1.08311
66	92	0.933281
66	95	0.981743
66	97	0.981743
66	98	0.888582
66	103	0.938582
66	116	1.1379
66	164	1.06038
66	168	1.07009
66	176	1.05997
67	34	1.03165
67	40	1.03524
67	57	1.03547
67	74	0.799636
67	83	1.03538
67	122	1.10347
67	131	1.11044
67	141	1.07552
67	147	1.08623
67	158	0.913371
67	162	0.932542
67	164	0.937298
67	174	0.9609
67	175	1.0866
67	178	0.943108
67	180	0.922809
68	82	1.04995
68	123	0.908414
68	126	0.990687
68	130	1.062
68	136	1.04839
68	153	1.07222
68	155	1.06783
68	159	1.0764
68	163	1.07424
68	165	0.904268
68	166	1.05858
68	167	0.876657
68	176	1.0904
68	178	0.912373
68	179	0.924958
68	180	0.892075
69	60	1.0924
69	70	1.05287
69	83	0.95434
69	85	0.934486
69	91	1.0223
69	94	1.00703
69	122	1.02243
69	131	1.0294
69	141	0.994486
69	147	1.00519
69	151	0.966088
69	152	0.979168
69	160	1.01956
69	165	0.976982
69	168	0.988982
69	176	0.978869
69	178	0.985087
70	32	0.928985
70	50	1.03001
70	57	0.970086
70	69	1.05287
70	83	0.969992
70	85	0.926414
70	91	1.03795
70	100	1.04881
70	122	1.03808
70	137	1.03401
70	141	1.01014
70	147	1.02084
70	149	1.01788
70	151	0.958016
70	175	1.02121
70	176	0.970797
70	177	0.972097
71	15	0.894809
71	31	1.09007
71	60	0.869558
71	105	0.931121
71	125	1.01375
71	130	0.987042
71	139	1.02586
71	154	1.00811
71	165	1.01895
71	167	1.03432
71	168	1.01646
71	169	1.00841
71	171	1.01174
71	172	1.011
71	174	1.01478
71	179	1.0208
71	180	1.03768
72	19	0.825798
72	82	1.00174
72	102	0.951507
72	108	1.08762
72	113	0.998422
72	131	0.945555
72	142	1.05534
72	161	0.980952
72	165	1.01591
72	168	1.01342
72	169	1.00537
72	170	1.00383
72	171	1.0087
72	174	1.01174
72	177	1.0333
72	179	1.01776
72	180	1.03464
73	1	0.946237
73	36	0.95759
73	44	1.00494
73	84	1.06926
73	88	0.981887
73	100	1.04418
73	102	1.04458
73	118	1.02559
73	135	0.985624
73	152	1.03024
73	156	0.94609
73	157	1.01115
73	160	1.03059
73	170	0.99922
73	171	0.973807
73	173	0.98737
73	179	0.969904
74	30	1.00942
74	46	0.910219
74	67	0.799636
74	81	0.910892
74	94	0.868396
74	125	0.920549
74	147	0.902238
74	158	1.09704
74	159	0.871415
74	162	1.08475
74	168	1.07469
74	169	1.06665
74	170	1.06511
74	172	1.06923
74	174	1.07302
74	177	1.09457
74	179	1.07903
74	180	1.09592
75	99	1.0896
75	101	0.914037
75	105	1.07235
75	110	1.00804
75	117	1.10545
75	124	1.09988
75	127	1.06535
75	136	0.880394
75	149	0.958476
75	162	0.907042
75	167	0.881891
75	173	1.0548
75	174	0.935399
75	175	1.04417
75	178	1.06035
75	179	0.930192
76	3	0.978538
76	38	1.0099
76	48	0.957022
76	66	0.909468
76	86	1.11257
76	92	0.962749
76	95	1.01121
76	97	1.01121
76	98	0.91805
76	103	0.96805
76	133	0.961221
76	148	1.03861
76	152	1.01213
76	157	1.04188
76	164	1.01224
76	169	1.04478
76	173	1.0481
76	176	1.01184
77	56	1.0807
77	84	0.952588
77	100	0.993537
77	125	1.07262
77	128	0.986738
77	144	0.976302
77	148	0.999062
77	149	0.988356
77	150	1.01641
77	154	1.06699
77	158	0.993603
77	163	1.00935
77	167	0.989122
77	168	0.97126
77	170	0.961674
77	172	0.9658
77	179	0.975599
77	180	0.992484
78	85	0.853394
78	113	1.07657
78	119	1.09129
78	125	1.06054
78	143	1.10266
78	144	0.891407
78	146	0.914846
78	150	1.09105
78	154	1.0651
78	155	1.07676
78	159	1.08534
78	163	1.08318
78	165	0.89589
78	166	1.06752
78	170	0.945896
78	174	0.921787
78	178	0.903995
78	180	0.883697
79	27	1.05729
79	37	1.03835
79	54	1.01875
79	65	1.101
79	96	0.937621
79	102	1.02139
79	118	1.0414
79	127	1.01768
79	131	0.993334
79	141	0.958421
79	147	0.969126
79	150	0.98234
79	163	0.974475
79	166	0.958814
79	172	0.965828
79	177	0.991168
79	179	0.975627
79	180	0.992512
80	40	1.11702
80	110	1.07474
80	140	0.953457
80	141	1.01395
80	142	1.01451
80	149	0.989687
80	150	0.995842
80	156	0.999115
80	159	1.00292
80	169	0.964543
80	170	0.963004
80	171	0.967878
80	172	0.967131
80	174	0.970916
80	175	1.03443
80	177	0.992471
80	179	0.976929
80	180	0.993814
81	20	1.05882
81	74	0.910892
81	119	0.992837
81	125	0.962086
81	136	0.958874
81	138	1.0368
81	142	1.01565
81	148	1.00934
81	154	0.96664
81	155	0.978306
81	159	0.986878
81	163	0.984723
81	166	0.969062
81	168	1.05826
81	173	0.990376
81	174	1.07216
81	176	1.00088
81	178	1.05436
82	35	1.02954
82	53	0.983929
82	68	1.04995
82	72	1.00174
82	90	1.01267
82	104	0.987357
82	107	1.00471
82	136	0.93372
82	143	0.979044
82	145	1.03276
82	150	0.967434
82	154	0.941485
82	155	0.953152
82	159	0.961724
82	168	1.04324
82	171	1.05583
82	172	1.05094
82	180	1.01905
83	1	0.965458
83	67	1.03538
83	69	0.95434
83	70	0.969992
83	91	0.939422
83	100	0.950284
83	122	0.939554
83	136	1.06525
83	138	1.0849
83	141	0.911609
83	147	0.922314
83	148	0.952279
83	151	1.08346
83	160	0.936685
83	162	1.0919
83	167	1.06675
83	171	1.11895
83	175	0.922685
83	176	1.09624
84	25	1.16235
84	36	0.967582
84	42	1.03562
84	44	1.01494
84	46	1.01647
84	51	0.931419
84	73	1.06926
84	77	0.952588
84	88	0.991878
84	102	1.05457
84	118	1.03558
84	137	1.01118
84	160	1.04058
84	165	0.935883
84	169	0.970719
84	173	0.974038
84	174	0.96178
84	176	0.93777
84	178	0.943988
85	43	1.03843
85	58	0.875183
85	69	0.934486
85	70	0.926414
85	78	0.853394
85	88	1.05351
85	89	1.06271
85	122	0.939146
85	151	1.0327
85	162	1.03994
85	163	0.950149
85	165	1.03238
85	167	1.04775
85	170	1.0203
85	171	1.02517
85	174	1.02821
85	177	1.04977
85	179	1.03423
85	180	1.05111
86	3	1.15218
86	38	1.18354
86	48	1.13066
86	66	1.08311
86	76	1.11257
86	95	1.18485
86	97	1.18485
86	98	1.09169
86	103	1.14169
86	133	1.13486
86	148	0.865921
86	149	0.886234
86	156	0.834136
86	157	0.869191
86	161	0.753498
86	172	0.85696
86	177	0.840447
86	178	0.845365
86	179	0.85795
87	7	1.13293
87	22	0.985543
87	89	0.994552
87	119	1.05383
87	125	1.02308
87	136	1.01987
87	142	0.877567
87	143	1.06519
87	153	1.04369
87	154	1.02764
87	156	0.905057
87	159	1.04787
87	161	1.04849
87	163	1.04572
87	166	1.03006
87	172	0.92788
87	174	0.934078
87	178	0.916286
87	179	0.928871
88	5	0.993982
88	27	0.925586
88	36	0.880211
88	42	0.948246
88	45	0.952364
88	73	0.981887
88	84	0.991878
88	85	1.05351
88	102	0.967199
88	118	0.948212
88	137	0.923812
88	138	1.08655
88	151	1.08511
88	152	0.952856
88	157	0.933768
88	158	1.07438
88	162	1.09355
88	164	1.0983
88	179	1.1167
89	33	1.00945
89	63	1.02544
89	64	0.909603
89	85	1.06271
89	87	0.994552
89	127	0.988291
89	143	0.952173
89	144	1.10072
89	150	0.940563
89	153	0.930673
89	154	0.914614
89	157	1.13714
89	159	0.934853
89	163	0.932698
89	166	0.917037
89	167	1.07759
89	173	0.938351
89	178	1.11331
89	179	1.12589
90	82	1.01267
90	128	0.959863
90	132	1.04274
90	143	1.05644
90	148	1.06158
90	151	0.946956
90	153	1.03494
90	154	1.01888
90	155	1.03055
90	158	0.936218
90	163	1.03697
90	164	1.04129
90	165	0.957851
90	166	1.02131
90	173	1.04262
90	175	0.901933
90	177	0.961037
90	178	0.965956
90	179	0.978541
91	14	0.940633
91	30	0.940671
91	43	1.02273
91	57	0.939516
91	62	1.0811
91	69	1.0223
91	70	1.03795
91	83	0.939422
91	112	1.0664
91	122	1.00751
91	141	0.979568
91	147	0.990273
91	160	1.00464
91	168	1.00399
91	170	1.042
91	173	1.03015
91	175	0.990644
91	176	0.993881
91	177	0.995181
91	180	0.979801
92	3	1.00235
92	17	1.02878
92	38	1.03372
92	43	1.02453
92	48	0.980836
92	58	1.06947
92	66	0.933281
92	76	0.962749
92	95	1.03502
92	97	1.03502
92	98	0.941863
92	103	0.991863
92	128	0.995802
92	133	0.985034
92	138	0.984332
92	139	1.0146
92	148	1.02245
92	156	0.990666
92	176	0.995677
92	180	0.981596
93	4	1.03484
93	18	0.950548
93	29	1.11393
93	41	0.985699
93	96	1.00599
93	106	1.00653
93	127	0.885251
93	140	1.0049
93	156	0.99904
93	160	0.984069
93	161	0.97782
93	162	0.999704
93	164	0.97937
93	168	1.01416
93	170	1.05217
93	173	1.04032
93	174	1.02806
93	175	0.970069
93	178	0.986244
93	180	0.989971
94	14	0.952402
94	30	0.925403
94	37	1.04423
94	40	0.924019
94	60	1.06221
94	62	1.06583
94	69	1.00703
94	74	0.868396
94	112	1.05113
94	122	0.992245
94	123	1.00791
94	131	0.999214
94	137	1.06887
94	141	0.9643
94	147	0.975005
94	160	0.989376
94	168	1.01576
94	172	1.02346
94	173	1.04192
94	174	1.02966
95	3	1.05081
95	17	1.07725
95	38	1.08218
95	48	1.0293
95	66	0.981743
95	76	1.01121
95	86	1.18485
95	92	1.03502
95	97	1.08349
95	98	0.990325
95	101	0.924599
95	103	1.04033
95	104	0.819676
95	126	1.00648
95	133	1.0335
95	137	0.985169
95	142	0.889451
95	148	0.948725
95	164	0.922359
95	169	0.9549
95	173	0.95822
96	18	0.990303
96	21	1.15017
96	24	0.98626
96	26	1.01598
96	29	1.15368
96	41	1.02545
96	47	0.917371
96	59	1.11254
96	79	0.937621
96	93	1.00599
96	106	1.04628
96	126	0.983653
96	140	1.04466
96	144	0.892751
96	148	0.925895
96	149	0.946208
96	164	1.01912
96	175	1.00982
96	177	0.900421
96	178	1.026
96	179	0.917924
97	1	0.921354
97	3	1.05081
97	17	1.07725
97	38	1.08218
97	48	1.0293
97	66	0.981743
97	76	1.01121
97	86	1.18485
97	92	1.03502
97	95	1.08349
97	98	0.990325
97	103	1.04033
97	123	0.928477
97	133	1.0335
97	151	0.913437
97	171	0.948924
97	173	0.962487
97	174	0.950228
97	176	0.926218
97	177	0.927518
97	178	0.932436
98	3	0.957653
98	17	0.984084
98	34	1.13772
98	38	0.989019
98	48	0.936137
98	58	1.02477
98	66	0.888582
98	76	0.91805
98	86	1.09169
98	92	0.941863
98	95	0.990325
98	97	0.990325
98	103	0.947164
98	116	1.08516
98	128	1.00736
98	133	0.940335
98	137	1.07046
98	157	1.03728
98	164	1.00765
98	170	1.05536
98	177	1.00854
99	9	0.923645
99	13	0.923645
99	23	0.995122
99	34	1.08578
99	39	0.956267
99	75	1.0896
99	105	1.04752
99	110	0.983202
99	117	1.08062
99	124	1.07505
99	127	1.04052
99	129	0.907328
99	134	0.990463
99	135	0.989819
99	148	0.98207
99	152	0.955595
99	170	1.00341
99	173	1.02997
99	175	1.01934
99	176	0.955296
99	178	1.03551
99	180	0.941216
100	21	1.14185
100	36	0.942509
100	46	0.991395
100	70	1.04881
100	73	1.04418
100	77	0.993537
100	83	0.950284
100	122	1.01837
100	140	1.03634
100	141	0.99043
100	145	0.978355
100	147	1.00113
100	154	0.932906
100	156	0.973708
100	160	1.01551
100	168	0.988832
100	171	1.00143
100	172	0.996532
100	175	1.0015
100	176	0.978719
100	178	1.01768
100	180	0.964639
101	45	1.01541
101	75	0.914037
101	95	0.924599
101	102	0.985538
101	111	0.901279
101	119	0.968918
101	123	1.0309
101	133	1.0127
101	142	1.04668
101	154	1.05482
101	156	1.03129
101	158	1.02711
101	161	1.01498
101	165	1.00726
101	167	1.02263
101	168	1.00476
101	169	0.996716
101	170	0.995178
101	172	0.999304
101	174	1.00309
101	179	1.0091
101	180	1.02599
102	5	1.05667
102	11	1.05869
102	42	1.01094
102	44	0.990256
102	46	0.991788
102	72	0.951507
102	73	1.04458
102	79	1.02139
102	84	1.05457
102	88	0.967199
102	101	0.985538
102	118	1.0109
102	137	0.986504
102	142	0.95039
102	148	1.00966
102	152	1.01555
102	157	0.99646
102	158	0.959371
102	160	1.0159
102	164	0.983298
102	166	0.913325
102	170	1.03101
103	3	1.00765
103	17	1.03408
103	38	1.03902
103	48	0.986137
103	49	1.00426
103	58	1.07477
103	66	0.938582
103	76	0.96805
103	86	1.14169
103	92	0.991863
103	95	1.04033
103	97	1.04033
103	98	0.947164
103	133	0.990335
103	134	1.01574
103	135	1.0151
103	153	0.879872
103	160	0.901289
103	164	0.980982
103	170	1.02869
103	176	0.980573
103	179	0.999376
104	64	0.988558
104	82	0.987357
104	95	0.819676
104	111	1.08728
104	119	1.01977
104	120	1.03443
104	132	1.01742
104	142	0.963208
104	150	1.01952
104	153	1.00963
104	155	1.00524
104	159	1.01381
104	162	0.991361
104	163	1.01165
104	164	1.01597
104	166	0.995992
104	167	0.96621
104	170	1.04383
104	172	1.01352
104	176	1.02781
104	177	0.997008
104	180	0.981628
105	16	1.04308
105	22	1.05065
105	23	0.977876
105	39	0.939021
105	71	0.931121
105	75	1.07235
105	99	1.04752
105	110	0.965956
105	117	1.06337
105	120	0.976678
105	124	1.0578
105	127	1.02327
105	151	0.962396
105	156	0.970166
105	158	0.951658
105	171	0.997884
105	173	1.01272
105	175	1.00209
105	176	0.975177
105	177	0.976477
105	178	1.01827
105	179	0.99398
106	21	1.15071
106	24	1.04641
106	26	1.01652
106	41	1.026
106	52	0.893633
106	54	1.01471
106	61	0.958898
106	93	1.00653
106	96	1.04628
106	116	1.0372
106	120	0.984954
106	138	0.947928
106	140	1.0452
106	149	1.00636
106	158	0.935753
106	162	0.954925
106	164	1.01967
106	167	0.929774
106	170	1.00739
106	175	1.01037
106	178	1.02654
106	180	0.945192
107	17	0.918526
107	60	0.885196
107	61	1.04658
107	82	1.00471
107	136	1.03857
107	149	1.02575
107	151	1.01147
107	153	0.968865
107	155	0.97549
107	156	1.03518
107	160	0.990282
107	163	0.966113
107	165	1.01115
107	167	1.02652
107	168	1.00866
107	169	1.00061
107	170	0.99907
107	172	1.0032
107	174	1.00698
107	177	1.02854
107	179	1.013
107	180	1.02988
108	6	0.885621
108	8	0.991618
108	12	1.03366
108	19	1.07733
108	28	0.936024
108	31	0.861354
108	55	0.934007
108	58	1.01481
108	65	0.893078
108	72	1.08762
108	115	0.967524
108	121	0.908087
108	133	0.930374
108	144	1.11263
108	152	1.1193
108	156	1.11399
108	157	0.920135
108	158	1.09548
108	161	0.933326
108	176	0.946708
108	177	1.1203
108	178	1.12522
109	13	1.16539
109	35	0.86474
109	117	0.90906
109	119	0.923765
109	123	1.03573
109	137	0.992416
109	150	0.959084
109	154	1.00967
109	158	1.03195
109	160	0.976195
109	162	1.01966
109	166	0.985914
109	167	1.02747
109	169	1.00156
109	170	1.00002
109	171	1.00489
109	172	1.00414
109	174	1.00793
109	175	0.997675
109	177	1.02948
109	179	1.01394
109	180	1.03083
110	9	0.842082
110	13	0.842082
110	16	0.978759
110	23	0.913559
110	39	0.874704
110	75	1.00804
110	80	1.07474
110	99	0.983202
110	105	0.965956
110	117	0.999054
110	124	0.993485
110	127	0.958953
110	137	1.1437
110	148	1.10726
110	164	1.08089
110	169	1.11343
110	171	1.10319
110	173	0.948405
110	174	1.10449
110	175	0.937773
110	177	1.08178
110	178	0.953949
111	22	0.974106
111	101	0.901279
111	104	1.08728
111	114	1.05513
111	130	1.04725
111	134	0.933798
111	139	0.91755
111	143	1.07896
111	149	0.945718
111	150	1.06735
111	151	0.88585
111	154	1.0414
111	155	1.05307
111	156	0.89362
111	159	1.06164
111	163	1.05949
111	164	1.06381
111	166	1.04383
111	169	0.93158
111	173	1.06514
111	174	0.922641
111	176	1.07564
111	178	0.904849
112	1	1.09244
112	18	0.904104
112	30	0.99969
112	37	1.11852
112	47	0.938783
112	50	1.05846
112	57	0.998535
112	62	1.14012
112	91	1.0664
112	94	1.05113
112	129	0.872564
112	131	1.0735
112	141	1.03859
112	147	1.04929
112	156	0.915522
112	160	1.06366
112	164	0.920941
112	169	0.953482
112	173	0.956801
112	175	1.04966
112	176	0.920533
112	177	0.921832
112	180	0.906452
113	2	0.954909
113	22	1.10528
113	51	1.02345
113	63	1.06999
113	72	0.998422
113	78	1.07657
113	125	0.954616
113	130	0.965012
113	133	0.977074
113	136	0.951404
113	143	0.996728
113	145	1.02944
113	150	0.985118
113	151	1.01702
113	153	0.975228
113	154	0.95917
113	155	0.970836
113	156	1.02479
113	159	0.979408
113	162	1.02546
113	163	0.977253
113	165	1.02792
113	166	0.961592
114	2	0.963349
114	35	1.04948
114	37	0.889892
114	56	0.955418
114	111	1.05513
114	123	1.0405
114	125	0.956873
114	130	0.967269
114	132	0.985281
114	143	0.998986
114	152	0.988181
114	154	0.961427
114	155	0.973094
114	159	0.981666
114	162	1.0339
114	163	0.979511
114	164	0.983832
114	166	0.96385
114	168	1.04836
114	170	1.08636
114	171	1.06095
114	174	1.06226
114	180	1.02416
115	8	1.0819
115	19	1.16761
115	27	1.00223
115	28	1.02631
115	31	0.951636
115	55	1.02429
115	58	1.10509
115	65	0.98336
115	108	0.967524
115	116	1.02209
115	120	0.982893
115	121	0.998369
115	133	1.02066
115	139	0.963087
115	145	0.943804
115	148	0.970942
115	157	1.01042
115	161	1.02361
115	165	0.942282
115	166	0.874603
115	173	0.980437
115	174	0.968179
115	176	1.03699
115	179	0.962971
116	17	1.02487
116	63	0.987541
116	66	1.1379
116	98	1.08516
116	106	1.0372
116	115	1.02209
116	125	1.13573
116	135	0.963453
116	138	0.968611
116	144	0.960697
116	146	0.969312
116	149	0.972751
116	153	1.07521
116	161	1.09026
116	162	0.965708
116	165	0.958149
116	168	0.955655
116	169	0.947607
116	170	0.946069
116	171	0.950942
116	172	0.950195
116	174	0.95398
116	179	0.959994
116	180	0.976879
117	9	0.939497
117	13	0.939497
117	23	1.01097
117	24	1.0387
117	39	0.972119
117	75	1.10545
117	99	1.08062
117	105	1.06337
117	109	0.90906
117	110	0.999054
117	120	1.00978
117	124	1.0909
117	127	1.05637
117	138	0.94022
117	148	0.978338
117	149	0.998652
117	158	0.928045
117	164	0.951973
117	173	1.04582
117	174	0.975575
117	175	1.03519
117	177	0.952864
117	178	1.05136
117	180	0.937484
118	5	1.03769
118	11	1.0397
118	25	1.11868
118	34	0.927966
118	36	0.923915
118	42	0.99195
118	45	0.996069
118	46	0.972801
118	73	1.02559
118	79	1.0414
118	84	1.03558
118	88	0.948212
118	102	1.0109
118	129	0.954934
118	144	0.996532
118	148	1.02968
118	152	0.99656
118	157	0.977472
118	160	0.996911
118	163	0.89945
118	164	1.00331
118	167	0.973405
118	170	1.05102
118	172	1.02072
118	173	1.03917
119	7	1.18913
119	56	0.967886
119	78	1.09129
119	81	0.992837
119	87	1.05383
119	101	0.968918
119	104	1.01977
119	109	0.923765
119	123	0.968529
119	125	0.969341
119	130	0.979737
119	143	1.01145
119	149	1.01336
119	150	0.999844
119	153	0.989954
119	154	0.973895
119	155	0.985562
119	157	0.996314
119	163	0.991979
119	164	0.9963
119	166	0.976318
119	168	0.976383
119	169	0.999219
119	171	0.988976
119	179	0.985073
120	48	1.02001
120	50	1.03326
120	57	1.09346
120	59	1.05121
120	104	1.03443
120	105	0.976678
120	106	0.984954
120	115	0.982893
120	117	1.00978
120	124	1.00421
120	130	1.06982
120	140	0.983327
120	153	1.03601
120	155	1.04263
120	156	0.976811
120	159	1.04739
120	160	0.962495
120	161	0.956247
120	163	1.03326
120	168	0.950287
120	171	0.945574
120	173	0.959127
120	175	0.948495
120	178	0.964671
120	179	0.954626
120	180	0.971511
121	10	0.914606
121	37	1.02528
121	55	0.964853
121	60	1.04325
121	108	0.908087
121	115	0.998369
121	124	1.01213
121	127	0.9776
121	131	0.980258
121	136	1.03048
121	137	1.12469
121	141	0.945344
121	142	1.02897
121	147	0.956049
121	151	1.04869
121	152	1.06177
121	157	0.950981
121	161	0.964172
121	164	1.06188
121	165	1.05959
121	167	1.03198
121	173	0.967052
121	175	0.95642
121	176	0.977554
121	178	0.972596
121	180	1.04739
122	50	0.999576
122	57	0.939648
122	60	1.07761
122	62	1.08123
122	67	1.10347
122	69	1.02243
122	70	1.03808
122	83	0.939554
122	85	0.939146
122	91	1.00751
122	94	0.992245
122	100	1.01837
122	131	1.01461
122	134	1.0187
122	137	1.04675
122	141	0.9797
122	147	0.990405
122	157	1.01357
122	160	1.00478
122	163	0.880077
122	164	0.983937
122	165	0.981642
122	167	0.954031
122	173	1.0198
122	175	0.990775
122	176	0.983529
122	178	0.989747
123	19	0.85944
123	44	0.982777
123	68	0.908414
123	94	1.00791
123	97	0.928477
123	101	1.0309
123	109	1.03573
123	114	1.0405
123	119	0.968529
123	132	1.0099
123	144	1.00866
123	145	1.00755
123	150	1.00385
123	151	1.00643
123	154	1.05443
123	156	1.03015
123	165	1.00612
123	166	1.03068
123	167	1.02148
123	168	1.00362
123	170	0.994035
123	171	0.998909
123	172	0.998162
123	174	1.00195
123	177	1.0235
123	179	1.00796
123	180	1.02485
124	6	0.989666
124	9	0.933927
124	13	0.933927
124	16	1.07061
124	23	1.0054
124	39	0.96655
124	75	1.09988
124	99	1.07505
124	105	1.0578
124	110	0.993485
124	117	1.0909
124	120	1.00421
124	121	1.01213
124	127	1.0508
124	135	0.987596
124	146	0.970141
124	149	1.00016
124	152	0.953371
124	162	0.948725
124	164	0.95348
124	168	0.963185
124	170	1.00119
124	171	0.975779
124	172	0.970885
124	173	1.04025
124	175	1.02962
124	176	0.953072
124	178	1.04579
124	180	0.938992
125	51	1.05145
125	64	0.938132
125	71	1.01375
125	74	0.920549
125	77	1.07262
125	78	1.06054
125	81	0.962086
125	87	1.02308
125	113	0.954616
125	114	0.956873
125	116	1.13573
125	119	0.969341
125	129	1.00983
125	130	0.948986
125	135	1.09233
125	136	0.935378
125	143	0.980702
125	153	0.959202
125	154	0.943144
125	155	0.95481
125	159	0.963382
125	163	0.961227
125	164	0.965549
125	166	0.945566
125	169	1.09075
125	171	1.08051
125	176	0.977382
125	178	1.06402
125	179	1.07661
126	10	1.03565
126	27	1.10333
126	59	0.970028
126	68	0.990687
126	95	1.00648
126	96	0.983653
126	127	1.06372
126	134	0.962439
126	135	0.966781
126	147	1.12402
126	149	0.976079
126	151	0.961794
126	158	0.981326
126	162	0.969035
126	163	1.07906
126	165	0.961477
126	166	1.11295
126	167	0.976845
126	168	0.958982
126	169	0.950935
126	170	0.949396
126	172	0.953523
126	174	0.957307
126	175	1.12471
126	176	0.978325
126	177	0.978863
126	178	0.973366
126	179	0.963321
126	180	0.980206
127	1	1.03786
127	6	0.955134
127	9	0.899395
127	13	0.899395
127	16	1.03607
127	23	0.970873
127	39	0.932018
127	58	1.08433
127	75	1.06535
127	79	1.01768
127	89	0.988291
127	93	0.885251
127	99	1.04052
127	105	1.02327
127	110	0.958953
127	117	1.05637
127	121	0.9776
127	124	1.0508
127	126	1.06372
127	135	1.01371
127	137	1.0424
127	146	0.996252
127	148	1.00596
127	157	1.00923
127	169	1.01213
127	172	0.996996
127	173	1.00572
127	175	0.995087
127	176	0.979183
127	178	1.01126
128	10	0.95124
128	37	0.949756
128	57	1.05486
128	77	0.986738
128	90	0.959863
128	92	0.995802
128	98	1.00736
128	129	1.04276
128	136	1.06711
128	137	0.975782
128	143	0.983201
128	149	1.01006
128	150	1.00171
128	158	1.01531
128	159	1.00879
128	160	1.01882
128	162	1.00302
128	163	0.994656
128	165	0.995463
128	167	1.01083
128	168	0.992968
128	169	0.984921
128	170	0.983382
128	171	0.988256
128	172	0.987509
128	174	0.991294
128	177	1.01285
128	178	1.00735
128	179	0.997307
128	180	1.01419
129	5	0.92637
129	46	0.999505
129	63	0.861648
129	64	0.983942
129	99	0.907328
129	112	0.872564
129	118	0.954934
129	125	1.00983
129	128	1.04276
129	139	1.03668
129	144	1.03232
129	145	1.03121
129	146	1.04094
129	147	0.991524
129	151	1.03009
129	153	0.949314
129	158	1.04962
129	161	0.964366
129	165	1.02977
129	166	0.98045
129	167	1.04514
129	168	1.02728
129	169	1.01923
129	170	1.01769
129	171	1.02257
129	172	1.02182
129	174	1.0256
129	175	0.992211
129	177	1.04716
129	179	1.03162
129	180	1.0485
130	15	1.02749
130	56	0.94753
130	68	1.062
130	71	0.987042
130	111	1.04725
130	113	0.965012
130	114	0.967269
130	119	0.979737
130	120	1.06982
130	125	0.948986
130	132	0.977394
130	136	0.945774
130	142	0.998597
130	145	1.03073
130	150	0.979488
130	152	0.980293
130	154	0.95354
130	155	0.965206
130	159	0.973778
130	161	0.974396
130	163	0.971623
130	165	1.02921
130	166	0.955962
130	167	1.0016
130	169	1.06405
130	170	1.07922
130	172	1.04891
130	173	0.977276
130	178	1.03732
130	179	1.0499
130	180	1.01702
131	7	0.898479
131	30	0.947772
131	50	1.00655
131	55	1.00618
131	57	0.946617
131	60	1.08458
131	62	1.0882
131	67	1.11044
131	69	1.0294
131	72	0.945555
131	79	0.993334
131	94	0.999214
131	112	1.0735
131	121	0.980258
131	122	1.01461
131	134	1.0121
131	141	0.986669
131	147	0.997374
131	148	1.02734
131	152	0.977237
131	156	0.971927
131	157	1.00698
131	160	1.01175
131	164	0.977346
131	167	0.94744
131	168	0.987051
131	169	1.00989
131	170	1.02506
131	175	0.997745
131	176	0.976938
131	178	0.983156
131	179	0.995741
132	1	1.00277
132	51	1.00129
132	56	0.965542
132	64	0.96654
132	90	1.04274
132	104	1.01742
132	114	0.985281
132	123	1.0099
132	130	0.977394
132	133	0.989456
132	136	0.963786
132	143	1.00911
132	145	1.00727
132	146	1.02471
132	150	0.9975
132	153	0.98761
132	154	0.971552
132	155	0.983218
132	159	0.99179
132	161	0.992408
132	163	0.989635
132	164	0.993957
132	165	1.00575
132	166	0.973975
132	169	1.04059
132	171	1.03034
132	172	1.02545
132	173	0.995289
132	174	1.03165
132	176	1.00579
132	178	1.01385
132	179	1.02644
132	180	0.993556
133	28	0.989156
133	47	1.02831
133	49	1.03375
133	65	0.94621
133	76	0.961221
133	86	1.13486
133	92	0.985034
133	95	1.0335
133	97	1.0335
133	98	0.940335
133	101	1.0127
133	103	0.990335
133	108	0.930374
133	113	0.977074
133	115	1.02066
133	132	0.989456
133	137	0.963312
133	150	0.99155
133	157	0.973268
133	159	0.985841
133	160	0.930773
133	161	0.986458
133	165	1.00817
133	166	0.968025
133	168	1.02017
133	170	1.05818
133	171	1.03276
133	174	1.03407
133	176	0.999841
133	177	1.01136
133	178	1.01627
133	179	1.02886
133	180	0.995976
134	19	0.892348
134	24	0.96769
134	28	1.09394
134	32	1.04638
134	99	0.990463
134	103	1.01574
134	111	0.933798
134	122	1.0187
134	126	0.962439
134	131	1.0121
134	138	0.993903
134	141	1.05486
134	143	1.01824
134	145	0.984873
134	146	0.994604
134	150	1.03675
134	151	0.983758
134	153	1.03245
134	155	1.03907
134	156	1.00747
134	160	1.05387
134	162	0.990999
134	164	0.988456
134	165	0.983441
134	167	0.998809
134	168	0.980946
134	169	0.972899
134	172	0.975487
134	174	0.979272
134	176	1.00029
134	177	1.00083
134	179	0.985285
134	180	1.00217
135	11	0.980994
135	44	1.01504
135	58	0.954089
135	73	0.985624
135	99	0.989819
135	103	1.0151
135	116	0.963453
135	124	0.987596
135	125	1.09233
135	126	0.966781
135	127	1.01371
135	143	1.0176
135	144	0.990331
135	149	1.00238
135	151	0.9881
135	156	1.01181
135	158	1.00763
135	159	1.04319
135	160	1.05322
135	161	1.04686
135	162	0.995341
135	165	0.987783
135	167	1.00315
135	168	0.985288
135	169	0.977241
135	170	0.975702
135	171	0.980576
135	172	0.979829
135	174	0.983614
135	177	1.00517
135	178	0.999672
135	179	0.989627
135	180	1.00651
136	15	1.01388
136	53	0.982376
136	63	1.05075
136	68	1.04839
136	75	0.880394
136	81	0.958874
136	82	0.93372
136	83	1.06525
136	87	1.01987
136	107	1.03857
136	113	0.951404
136	121	1.03048
136	125	0.935378
136	128	1.06711
136	130	0.945774
136	132	0.963786
136	143	0.977491
136	150	0.965881
136	152	0.966686
136	153	0.955991
136	154	0.939932
136	155	0.951599
136	157	1.09703
136	158	1.04347
136	163	0.958016
136	165	1.0651
136	166	0.942355
136	169	1.09994
136	173	0.963669
136	175	1.00918
136	176	0.974171
136	178	1.07321
136	179	1.08579
136	180	1.05291
137	10	1.01673
137	25	1.09428
137	36	0.899516
137	38	0.990137
137	42	0.96755
137	59	0.948713
137	62	0.956592
137	70	1.03401
137	84	1.01118
137	88	0.923812
137	94	1.06887
137	95	0.985169
137	98	1.07046
137	102	0.986504
137	109	0.992416
137	110	1.1437
137	121	1.12469
137	122	1.04675
137	127	1.0424
137	128	0.975782
137	133	0.963312
137	141	1.08291
137	153	0.961466
137	154	0.945407
137	155	0.957074
137	157	0.953073
137	163	0.963491
137	166	0.94783
137	171	0.955591
137	174	0.958629
137	175	1.1034
137	177	0.980184
137	179	0.964642
137	180	0.981527
138	4	0.940718
138	12	1.03277
138	25	0.855292
138	41	0.98667
138	43	0.99899
138	48	0.969943
138	52	1.18906
138	81	1.0368
138	83	1.0849
138	88	1.08655
138	92	0.984332
138	106	0.947928
138	116	0.968611
138	117	0.94022
138	134	0.993903
138	140	0.947858
138	142	1.03237
138	144	0.995489
138	149	1.00754
138	156	1.01697
138	158	1.01279
138	159	0.997325
138	162	1.0005
138	165	0.992941
138	167	1.00831
138	169	0.982399
138	170	0.98086
138	171	0.985734
138	172	0.984987
138	173	0.999287
138	174	0.988771
138	175	1.02883
138	177	1.01033
138	179	0.994785
138	180	1.01167
139	15	0.957783
139	23	1.05745
139	26	1.04077
139	35	0.926163
139	55	0.996749
139	71	1.02586
139	92	1.0146
139	111	0.91755
139	115	0.963087
139	129	1.03668
139	140	0.978122
139	142	1.02881
139	145	0.990817
139	146	1.00055
139	149	1.00399
139	150	1.02051
139	151	0.989702
139	156	1.01342
