1	3	1.2101
1	24	0.77856
1	37	1.18218
1	66	1.34406
1	78	0.78449
1	83	1.16747
1	90	1.12034
1	115	1.20159
1	131	1.17425
1	157	0.641697
1	160	0.695389
1	171	0.701567
2	10	1.2441
2	19	1.17504
2	26	0.750838
2	38	1.19045
2	41	1.19406
2	51	1.20478
2	72	1.25311
2	78	1.13846
2	130	0.724533
2	167	0.714046
2	178	0.707698
2	180	0.706671
3	1	1.2101
3	83	1.19134
3	90	1.14421
3	92	1.25193
3	115	1.22546
3	127	0.744371
3	129	0.71037
3	131	1.19812
3	153	1.17885
3	165	0.719652
3	166	0.713217
3	179	0.715866
4	21	1.16136
4	27	1.34298
4	61	1.09604
4	62	1.23563
4	75	1.13281
4	99	1.21559
4	100	1.21559
4	152	0.733407
4	169	0.679379
4	172	0.72427
4	173	0.723658
4	177	0.745526
5	45	1.21021
5	73	0.670683
5	90	1.15383
5	92	1.26155
5	115	1.23508
5	116	1.14311
5	131	1.20774
5	153	1.18847
5	163	0.745795
5	167	0.750119
5	171	0.760918
5	176	0.676705
6	25	0.72553
6	53	0.661357
6	80	0.714919
6	104	1.19807
6	145	0.751582
6	153	0.740483
6	162	1.18293
6	167	1.20436
6	170	1.21581
6	175	1.20482
6	179	1.195
6	180	1.199
7	107	1.19055
7	135	0.757984
7	141	1.21795
7	142	1.26038
7	144	1.17387
7	145	1.17251
7	147	0.746639
7	152	0.709429
7	165	1.20095
7	175	0.688066
7	177	1.1838
7	178	0.699435
8	32	0.680443
8	45	1.17494
8	66	1.34228
8	83	1.16569
8	90	1.11855
8	92	1.22628
8	115	1.19981
8	122	0.698365
8	131	1.17246
8	134	0.835174
8	137	0.744605
8	176	0.643863
9	13	0.947452
9	68	1.06016
9	88	1.04089
9	91	0.926688
9	94	1.08771
9	121	1.08194
9	123	1.0488
9	128	0.865591
9	149	1.04428
9	157	0.885654
9	168	1.08876
9	180	0.927349
10	2	1.2441
10	15	1.09
10	20	1.18729
10	43	1.21965
10	58	1.24459
10	70	0.662579
10	72	1.26451
10	78	1.14987
10	168	0.755148
10	170	0.72692
10	175	0.721402
10	179	0.737849
11	36	1.23087
11	37	0.731454
11	101	1.11698
11	119	0.721885
11	127	1.22369
11	130	1.21659
11	132	1.18886
11	158	1.20707
11	163	1.21593
11	168	0.730617
11	170	0.702389
11	179	0.713317
12	64	0.722629
12	85	0.693491
12	96	1.22858
12	99	0.732933
12	115	0.687596
12	126	0.756892
12	160	1.17772
12	164	1.21731
12	171	1.17302
12	172	1.20597
12	178	1.20131
12	180	1.1961
13	9	0.947452
13	31	0.957124
13	55	0.90797
13	68	1.03103
13	76	1.08715
13	105	1.1201
13	117	1.08218
13	121	1.0528
13	123	1.01966
13	143	0.865504
13	166	0.871823
13	168	1.05962
14	19	1.18301
14	38	1.19842
14	41	1.20203
14	43	1.21621
14	51	1.21275
14	58	1.24115
14	78	1.14643
14	143	0.718382
14	161	0.713805
14	163	0.724296
14	165	0.731136
14	170	0.716422
15	10	1.09
15	19	1.02094
15	20	1.02178
15	43	1.05414
15	51	1.05068
15	58	1.07908
15	72	1.09901
15	78	0.984364
15	91	0.902234
15	104	0.889273
15	172	0.904779
15	179	0.909001
16	21	1.14002
16	39	1.16812
16	56	1.12172
16	61	1.07469
16	75	1.11147
16	99	1.19425
16	100	1.19425
16	103	0.690677
16	134	1.09546
16	155	0.805257
16	157	0.769475
16	162	0.828253
16	173	0.812442
17	42	1.12366
17	56	0.81727
17	61	0.899099
17	88	1.09342
17	94	1.14023
17	105	1.20176
17	117	1.16385
17	121	1.13447
17	123	1.10133
17	139	0.692364
17	155	0.742833
17	159	0.75095
17	168	1.14129
18	21	1.12697
18	56	1.10867
18	61	1.06164
18	62	1.20123
18	75	1.09842
18	99	1.1812
18	100	1.1812
18	105	0.761919
18	115	0.786529
18	125	0.744168
18	135	1.14066
18	166	0.805564
18	178	0.803136
19	2	1.17504
19	14	1.18301
19	15	1.02094
19	38	1.1328
19	41	1.13641
19	58	1.17553
19	72	1.19545
19	74	0.720043
19	78	1.08081
19	160	0.799673
19	163	0.790728
19	171	0.805851
19	180	0.787677
20	10	1.18729
20	15	1.02178
20	35	0.732795
20	41	1.13724
20	43	1.15143
20	51	1.14796
20	58	1.17637
20	72	1.19629
20	78	1.08165
20	142	0.781865
20	160	0.807311
20	175	0.784973
20	178	0.796341
21	4	1.16136
21	16	1.14002
21	18	1.12697
21	50	0.787644
21	56	1.08886
21	62	1.18142
21	75	1.07861
21	99	1.16138
21	100	1.16138
21	161	0.769518
21	165	0.786849
21	179	0.783063
21	180	0.776958
22	37	1.12276
22	45	1.1173
22	66	1.28464
22	83	1.10805
22	90	1.06091
22	92	1.16864
22	107	0.825263
22	115	1.14216
22	127	0.796421
22	153	1.09555
22	160	0.773808
22	174	0.737258
22	179	0.767917
23	90	0.795294
23	91	1.11086
23	109	0.782361
23	141	0.751264
23	143	1.12905
23	145	0.79284
23	149	0.772827
23	166	1.15334
23	173	1.1403
23	175	1.14568
23	178	1.14506
23	179	1.13586
23	180	1.13985
24	1	0.77856
24	60	1.06226
24	73	0.738055
24	93	1.11816
24	122	0.798579
24	126	1.13933
24	141	1.16427
24	142	1.2067
24	144	1.12019
24	155	0.804203
24	170	1.15897
24	174	0.785562
24	177	1.13012
25	6	0.72553
25	33	0.886987
25	71	1.09996
25	87	1.20579
25	101	1.06205
25	127	1.16877
25	130	1.16166
25	132	1.13393
25	135	1.11569
25	158	1.15215
25	159	0.76239
25	165	0.770078
25	180	0.760186
26	2	0.750838
26	77	0.760583
26	144	0.828213
26	156	1.15672
26	157	1.16015
26	158	0.773267
26	168	0.782521
26	171	1.10847
26	172	1.14142
26	175	1.13738
26	178	1.13676
26	179	1.12755
26	180	1.13155
27	4	1.34298
27	33	0.730066
27	39	1.31687
27	56	1.27048
27	61	1.22345
27	75	1.26022
27	93	0.713244
27	99	1.343
27	100	1.343
27	160	0.615262
27	165	0.613157
27	166	0.606721
27	177	0.626405
28	40	1.17375
28	76	1.23149
28	94	1.20291
28	105	1.26443
28	123	1.164
28	136	0.742026
28	149	1.15947
28	167	0.740119
28	168	1.20396
28	172	0.734627
28	175	0.722402
28	176	0.666705
29	73	0.788232
29	86	1.14548
29	89	1.04497
29	97	1.10281
29	108	1.07693
29	120	1.08994
29	138	1.05628
29	147	1.08232
29	150	1.09373
29	156	0.833913
29	163	1.10753
29	170	0.85547
29	171	0.878467
29	175	0.849951
30	46	1.0901
30	69	0.890143
30	71	1.05123
30	73	0.770016
30	83	0.848386
30	87	1.15706
30	101	1.01332
30	127	1.12004
30	130	1.11293
30	132	1.0852
30	137	1.05785
30	143	0.839213
30	160	0.854073
30	163	1.11227
31	13	0.957124
31	50	1.09754
31	63	1.17433
31	64	1.11472
31	85	1.14313
31	102	1.00496
31	113	1.02079
31	118	1.02368
31	131	1.07431
31	136	0.812987
31	165	0.813596
31	167	0.81108
31	176	1.14653
31	179	0.80981
32	8	0.680443
32	53	0.666554
32	61	0.835841
32	106	1.19555
32	119	1.26032
32	124	1.21004
32	133	0.687433
32	138	1.19937
32	147	1.22541
32	148	1.22185
32	150	1.23683
32	157	0.643793
32	159	0.687693
32	163	1.25062
33	25	0.886987
33	27	0.730066
33	45	0.856866
33	57	0.884141
33	62	0.837654
33	129	1.12094
33	159	1.09167
33	166	1.09165
33	167	1.08353
33	173	1.07862
33	174	1.09789
33	178	1.08337
33	179	1.07417
33	180	1.07817
34	52	1.19724
34	71	1.22343
34	73	0.642389
34	98	1.18209
34	101	1.18552
34	130	1.28512
34	132	1.25739
34	135	1.23916
34	137	1.23005
34	143	0.711587
34	164	0.695556
34	165	0.724341
34	166	0.717905
34	178	0.715477
35	20	0.732795
35	44	0.698043
35	127	0.687038
35	132	0.692009
35	151	0.708161
35	164	1.23834
35	168	0.675833
35	169	1.26059
35	171	1.19404
35	173	1.21758
35	174	1.23685
35	178	1.22234
35	179	1.21313
35	180	1.21713
36	11	1.23087
36	46	1.21792
36	49	0.709924
36	71	1.17905
36	72	0.689462
36	87	1.28488
36	127	1.24785
36	130	1.24074
36	132	1.21302
36	136	0.709543
36	137	1.18567
36	161	0.692821
36	167	0.707637
36	170	0.695438
37	1	1.18218
37	11	0.731454
37	22	1.12276
37	45	1.17267
37	83	1.16342
37	90	1.11629
37	92	1.22401
37	115	1.19754
37	131	1.1702
37	135	0.798767
37	147	0.787421
37	153	1.15093
37	174	0.714637
37	175	0.728849
37	178	0.740217
38	2	1.19045
38	14	1.19842
38	19	1.1328
38	41	1.15181
38	43	1.16599
38	51	1.16253
38	58	1.19093
38	72	1.21086
38	78	1.09621
38	102	0.832111
38	112	0.766437
38	144	0.774306
38	175	0.694866
38	177	0.728348
38	178	0.706235
39	16	1.16812
39	27	1.31687
39	56	1.11696
39	61	1.06993
39	62	1.20952
39	73	0.703532
39	81	0.79863
39	99	1.18948
39	100	1.18948
39	125	0.717652
39	134	1.09069
39	135	1.14894
39	139	0.71921
39	161	0.768152
39	177	0.798732
40	28	1.17375
40	65	1.17139
40	68	1.14213
40	88	1.12286
40	104	0.74477
40	105	1.2312
40	117	1.19329
40	121	1.16391
40	123	1.13076
40	157	0.716697
40	165	0.768284
40	168	1.17072
40	170	0.753569
40	178	0.759419
40	179	0.764498
41	2	1.19406
41	14	1.20203
41	19	1.13641
41	20	1.13724
41	38	1.15181
41	43	1.1696
41	58	1.19455
41	72	1.21447
41	73	0.694873
41	78	1.09983
41	116	0.813774
41	167	0.774308
41	175	0.756592
41	176	0.700895
41	180	0.766934
42	17	1.12366
42	49	0.758889
42	76	1.21083
42	88	1.13544
42	94	1.18225
42	97	0.776169
42	117	1.20587
42	119	0.7639
42	121	1.17649
42	123	1.14334
42	149	1.13882
42	156	0.722847
42	168	1.1833
42	174	0.724674
42	179	0.755332
43	10	1.21965
43	14	1.21621
43	15	1.05414
43	20	1.15143
43	38	1.16599
43	41	1.1696
43	51	1.18032
43	72	1.22865
43	78	1.11401
43	83	0.747459
43	148	0.774664
43	162	0.758231
43	164	0.722255
43	171	0.759323
43	180	0.741149
44	35	0.698043
44	67	1.14368
44	100	0.776267
44	108	1.16774
44	120	1.18075
44	124	1.15775
44	133	0.762507
44	138	1.14708
44	148	1.16956
44	150	1.18454
44	151	1.15057
44	163	1.19833
44	164	0.741669
44	166	0.764019
44	178	0.76159
45	5	1.21021
45	8	1.17494
45	22	1.1173
45	33	0.856866
45	37	1.17267
45	83	1.15796
45	87	0.711358
45	90	1.11083
45	92	1.21855
45	115	1.19208
45	153	1.14547
45	161	0.722625
45	162	0.747147
45	166	0.733521
45	172	0.731949
46	30	1.0901
46	36	1.21792
46	98	1.10059
46	101	1.10402
46	103	0.665003
46	111	0.741274
46	127	1.21074
46	130	1.20363
46	132	1.1759
46	156	0.759117
46	158	1.19412
46	163	1.20298
46	164	0.766603
46	166	0.788953
46	178	0.786524
47	67	1.13209
47	86	1.2247
47	119	1.19644
47	120	1.16916
47	124	1.14617
47	147	1.16154
47	148	1.15797
47	150	1.17295
47	151	1.13898
47	164	0.753685
47	169	0.729572
47	174	0.748026
47	176	0.70654
47	177	0.795718
47	178	0.773606
48	49	0.778372
48	71	1.13792
48	96	0.730075
48	98	1.09658
48	127	1.20673
48	130	1.19962
48	132	1.17189
48	135	1.15365
48	137	1.14454
48	139	0.712327
48	158	1.1901
48	163	1.19896
48	165	0.778601
48	170	0.763886
48	174	0.744156
49	36	0.709924
49	42	0.758889
49	48	0.778372
49	80	0.759238
49	110	0.766846
49	117	0.724078
49	159	1.18064
49	171	1.14406
49	172	1.17701
49	173	1.16759
49	175	1.17296
49	177	1.1551
49	178	1.17235
49	179	1.16314
49	180	1.16714
50	21	0.787644
50	31	1.09754
50	77	1.24131
50	81	1.16962
50	102	1.11614
50	113	1.13198
50	118	1.13487
50	123	0.787073
50	137	0.760337
50	151	1.16918
50	155	1.18163
50	159	0.727838
50	175	0.715293
50	176	1.25771
50	180	0.725634
51	2	1.20478
51	14	1.21275
51	15	1.05068
51	20	1.14796
51	38	1.16253
51	43	1.18032
51	58	1.20526
51	72	1.22519
51	78	1.11054
51	116	0.788949
51	136	0.751391
51	158	0.75626
51	164	0.723215
51	173	0.743381
51	180	0.742109
52	34	1.19724
52	87	1.1827
52	96	0.76983
52	98	1.03553
52	101	1.03896
52	127	1.14568
52	130	1.13857
52	132	1.11084
52	137	1.0835
52	156	0.782085
52	158	1.12906
52	159	0.810669
52	163	1.13792
52	171	0.82664
52	173	0.809737
52	180	0.808465
53	6	0.661357
53	32	0.666554
53	81	1.23172
53	82	1.23967
53	85	1.31642
53	113	1.19408
53	118	1.19697
53	129	0.696623
53	131	1.2476
53	149	1.22245
53	151	1.23128
53	161	0.688573
53	174	0.67146
53	176	1.31981
53	177	0.719153
53	179	0.702119
54	69	1.21327
54	79	1.29181
54	109	1.23163
54	110	1.2157
54	140	0.676572
54	142	1.29669
54	143	0.684263
54	144	1.21017
54	156	0.660746
54	158	1.26194
54	162	0.704208
54	168	1.25869
54	171	0.705301
54	172	0.689009
54	173	0.688398
54	177	1.2201
55	13	0.90797
55	79	0.742299
55	106	0.782849
55	132	0.794133
55	151	0.810285
55	152	1.11799
55	154	1.10216
55	162	1.10395
55	163	0.757603
55	166	1.1335
55	167	1.12538
55	172	1.12989
55	175	1.12585
55	178	1.12523
55	179	1.11602
55	180	1.12002
56	16	1.12172
56	17	0.81727
56	18	1.10867
56	21	1.08886
56	27	1.27048
56	39	1.11696
56	75	1.06031
56	96	0.744837
56	99	1.14308
56	100	1.14308
56	134	1.0443
56	135	1.10254
56	145	0.854761
56	160	0.795468
56	162	0.800554
56	167	0.790847
57	33	0.884141
57	89	1.08367
57	97	1.14151
57	106	1.09115
57	108	1.11563
57	112	0.81857
57	116	0.804181
57	119	1.15592
57	138	1.09498
57	147	1.12102
57	148	1.11746
57	150	1.13243
57	154	0.790977
57	163	1.14623
57	171	0.775515
57	174	0.732788
58	10	1.24459
58	14	1.24115
58	15	1.07908
58	19	1.17553
58	20	1.17637
58	38	1.19093
58	41	1.19455
58	51	1.20526
58	72	1.25359
58	76	0.732778
58	78	1.13895
58	91	0.731061
58	111	0.6875
58	136	0.741004
58	162	0.748805
58	172	0.733606
58	180	0.731723
59	84	1.19367
59	97	1.22241
59	110	1.17203
59	117	0.732736
59	122	0.721732
59	126	1.18564
59	138	1.17587
59	145	1.16514
59	147	1.20191
59	150	1.21333
59	157	0.691573
59	165	1.19358
59	171	0.751443
59	172	0.735152
59	177	1.17643
59	178	0.734296
59	179	0.739374
60	24	1.06226
60	109	1.06741
60	116	0.901518
60	125	1.14912
60	140	0.844124
60	141	1.09004
60	142	1.13247
60	144	1.04595
60	145	1.0446
60	165	1.07304
60	168	1.09448
60	170	1.08474
60	171	0.872852
60	173	0.855949
60	175	0.844335
60	176	0.788638
60	177	1.05589
61	4	1.09604
61	16	1.07469
61	17	0.899099
61	18	1.06164
61	27	1.22345
61	32	0.835841
61	39	1.06993
61	62	1.11609
61	75	1.01328
61	99	1.09605
61	100	1.09605
61	103	0.744807
61	106	0.893598
61	134	0.997266
61	135	1.05551
61	136	0.874582
61	175	0.854959
62	4	1.23563
62	18	1.20123
62	21	1.18142
62	33	0.837654
62	39	1.20952
62	61	1.11609
62	75	1.15287
62	99	1.23564
62	100	1.23564
62	129	0.711463
62	134	1.13686
62	135	1.1951
62	152	0.721875
62	156	0.684473
62	171	0.729028
62	173	0.712125
62	180	0.710854
63	31	1.17433
63	81	1.24641
63	82	1.25435
63	85	1.3311
63	96	0.6435
63	102	1.19293
63	113	1.20877
63	118	1.21165
63	146	0.695049
63	151	1.24596
63	154	0.71577
63	172	0.684018
63	176	1.3345
63	177	0.705274
63	178	0.683161
63	180	0.682134
64	12	0.722629
64	31	1.11472
64	77	1.25849
64	81	1.1868
64	82	1.19475
64	102	1.13332
64	113	1.14916
64	116	0.781241
64	125	0.67646
64	131	1.20268
64	133	0.736345
64	151	1.18636
64	155	1.19881
64	156	0.708021
64	160	0.746397
64	172	0.736284
64	176	1.27489
65	40	1.17139
65	68	1.173
65	88	1.15373
65	94	1.20054
65	105	1.26207
65	106	0.77173
65	117	1.22416
65	121	1.19478
65	123	1.16163
65	125	0.685492
65	149	1.15711
65	168	1.2016
65	173	0.744704
65	175	0.733091
65	176	0.677394
65	178	0.744459
65	179	0.749538
66	1	1.34406
66	8	1.34228
66	22	1.28464
66	83	1.3253
66	90	1.27817
66	92	1.38589
66	112	0.688077
66	115	1.35942
66	116	1.26744
66	146	0.639762
66	147	0.675079
66	153	1.31281
66	165	0.636739
66	167	0.634223
66	171	0.645022
66	176	0.560809
66	178	0.627875
67	44	1.14368
67	47	1.13209
67	95	1.15842
67	108	1.13989
67	115	0.769871
67	119	1.18018
67	120	1.1529
67	124	1.12991
67	128	0.723694
67	136	0.794733
67	138	1.11924
67	147	1.14528
67	148	1.14172
67	150	1.1567
67	165	0.795343
67	173	0.786723
67	174	0.760898
67	175	0.77511
68	9	1.06016
68	13	1.03103
68	40	1.14213
68	65	1.173
68	88	1.12447
68	94	1.17128
68	105	1.23281
68	117	1.1949
68	121	1.16552
68	123	1.13237
68	139	0.73096
68	155	0.781429
68	161	0.779902
68	165	0.797234
68	168	1.17234
68	176	0.721304
68	177	0.810482
68	180	0.787342
69	30	0.890143
69	54	1.21327
69	93	1.10495
69	107	1.12366
69	114	1.17952
69	117	0.762483
69	141	1.15106
69	142	1.1935
69	144	1.10698
69	145	1.10562
69	146	0.77593
69	158	1.15876
69	164	0.744122
69	166	0.766471
69	170	1.14576
69	176	0.696977
69	177	1.11692
69	179	0.769121
70	10	0.662579
70	71	0.707662
70	76	0.646839
70	85	0.636099
70	97	0.672725
70	121	0.699262
70	127	0.680393
70	132	0.685364
70	140	1.28111
70	160	1.24281
70	161	1.26645
70	167	1.26655
70	171	1.2381
70	172	1.27106
70	177	1.24915
70	178	1.26639
70	179	1.25719
70	180	1.26119
71	25	1.09996
71	30	1.05123
71	34	1.22343
71	36	1.17905
71	48	1.13792
71	70	0.707662
71	74	0.709193
71	87	1.20889
71	98	1.06173
71	118	0.86481
71	127	1.17187
71	130	1.16476
71	132	1.13703
71	159	0.77903
71	162	0.793909
71	163	1.16411
71	170	0.772003
71	173	0.778098
72	2	1.25311
72	10	1.26451
72	15	1.09901
72	19	1.19545
72	20	1.19629
72	36	0.689462
72	38	1.21086
72	41	1.21447
72	43	1.22865
72	51	1.22519
72	58	1.25359
72	78	1.15887
72	116	0.75099
72	137	0.738852
72	158	0.7183
72	159	0.706353
72	165	0.71404
72	169	0.661142
72	177	0.727289
73	5	0.670683
73	24	0.738055
73	29	0.788232
73	30	0.770016
73	34	0.642389
73	39	0.703532
73	41	0.694873
73	95	0.690604
73	157	1.22838
73	167	1.20514
73	169	1.24323
73	172	1.20965
73	173	1.20023
73	174	1.2195
73	175	1.2056
73	177	1.18774
73	178	1.20498
73	179	1.19578
73	180	1.19978
74	19	0.720043
74	71	0.709193
74	108	0.720438
74	121	0.700793
74	134	0.772588
74	138	0.70478
74	146	1.22182
74	147	0.695546
74	150	0.669962
74	159	1.22192
74	160	1.19004
74	165	1.21352
74	167	1.21378
74	171	1.18533
74	172	1.21828
74	173	1.20886
74	178	1.21362
74	179	1.20442
74	180	1.20841
75	4	1.13281
75	16	1.11147
75	18	1.09842
75	21	1.07861
75	27	1.26022
75	56	1.06031
75	61	1.01328
75	62	1.15287
75	99	1.13283
75	100	1.13283
75	103	0.706788
75	112	0.888511
75	134	1.03405
75	135	1.09229
75	152	0.838303
75	158	0.841433
75	161	0.819842
75	176	0.761243
75	177	0.850421
76	13	1.08715
76	28	1.23149
76	42	1.21083
76	58	0.732778
76	70	0.646839
76	88	1.18059
76	94	1.22741
76	105	1.28894
76	117	1.25102
76	121	1.22164
76	123	1.1885
76	129	0.716613
76	140	0.70545
76	149	1.18398
76	165	0.725895
76	167	0.723379
76	168	1.22846
76	173	0.717275
76	177	0.739143
77	26	0.760583
77	50	1.24131
77	64	1.25849
77	81	1.2022
77	102	1.14872
77	111	0.672193
77	113	1.16456
77	118	1.16745
77	131	1.21808
77	140	0.705862
77	149	1.19293
77	151	1.20176
77	152	0.727437
77	155	1.21421
77	169	0.673408
77	170	0.711592
77	172	0.718299
77	176	1.29029
77	177	0.739555
78	1	0.78449
78	2	1.13846
78	10	1.14987
78	14	1.14643
78	15	0.984364
78	19	1.08081
78	20	1.08165
78	38	1.09621
78	41	1.09983
78	43	1.11401
78	51	1.11054
78	58	1.13895
78	72	1.15887
78	103	0.695553
78	120	0.844052
78	134	0.941319
78	160	0.828043
78	173	0.817318
78	174	0.791493
79	54	1.29181
79	55	0.742299
79	80	1.21275
79	93	1.18349
79	107	1.2022
79	109	1.20698
79	141	1.2296
79	144	1.18552
79	145	1.18416
79	150	0.725343
79	151	0.758429
79	153	1.19544
79	156	0.676316
79	159	0.7049
79	161	0.695256
79	165	1.2126
79	175	0.692354
79	177	1.19545
79	179	0.708801
80	6	0.714919
80	49	0.759238
80	79	1.21275
80	83	0.755886
80	99	0.779333
80	109	1.15257
80	126	1.15026
80	136	1.13014
80	141	1.1752
80	142	1.21763
80	145	1.12976
80	155	0.743662
80	158	1.18289
80	161	0.742135
80	165	1.1582
80	167	0.75695
80	168	1.17964
80	170	1.1699
80	177	1.14105
80	178	0.750602
81	39	0.79863
81	50	1.16962
81	53	1.23172
81	63	1.24641
81	64	1.1868
81	77	1.2022
81	85	1.21521
81	102	1.07703
81	113	1.09287
81	115	0.722406
81	118	1.09576
81	135	0.797562
81	149	1.12124
81	152	0.749007
81	155	1.14252
81	156	0.711606
81	166	0.741442
81	167	0.745361
81	176	1.2186
81	180	0.737986
82	53	1.23967
82	63	1.25435
82	64	1.19475
82	85	1.22316
82	88	0.818798
82	102	1.08498
82	113	1.10082
82	118	1.10371
82	131	1.15434
82	137	0.767863
82	140	0.722607
82	149	1.12919
82	151	1.13801
82	155	1.15047
82	160	0.745157
82	162	0.750243
82	170	0.728337
82	173	0.734432
82	176	1.22655
82	179	0.739265
83	1	1.16747
83	3	1.19134
83	8	1.16569
83	22	1.10805
83	30	0.848386
83	37	1.16342
83	43	0.747459
83	45	1.15796
83	66	1.3253
83	80	0.755886
83	90	1.10158
83	92	1.2093
83	115	1.18283
83	116	1.09085
83	153	1.13622
83	154	0.754895
83	170	0.716435
83	175	0.710917
83	177	0.744398
83	179	0.727364
84	59	1.19367
84	91	0.765513
84	95	1.17963
84	97	1.18698
84	106	1.13662
84	119	1.20139
84	120	1.17411
84	122	0.754638
84	134	1.08814
84	137	0.800877
84	138	1.14045
84	147	1.16649
84	148	1.16292
84	150	1.1779
84	163	1.1917
84	169	0.723167
84	172	0.768058
84	174	0.741621
84	175	0.755833
84	176	0.700136
85	12	0.693491
85	31	1.14313
85	53	1.31642
85	63	1.3311
85	70	0.636099
85	81	1.21521
85	82	1.22316
85	102	1.16173
85	113	1.17757
85	118	1.18046
85	141	0.734978
85	143	0.702401
85	146	0.718178
85	149	1.20594
85	151	1.21476
85	154	0.738899
85	155	1.22722
85	174	0.68071
85	175	0.694922
85	176	1.3033
85	178	0.70629
86	29	1.14548
86	47	1.2247
86	89	1.20055
86	95	1.25104
86	97	1.25838
86	106	1.20803
86	107	0.759149
86	117	0.695164
86	138	1.21185
86	147	1.23789
86	148	1.23433
86	150	1.24931
86	151	1.21534
86	154	0.729333
86	157	0.654002
86	163	1.2631
86	164	0.676804
86	172	0.697581
86	173	0.696969
86	179	0.701802
86	180	0.695697
87	25	1.20579
87	30	1.15706
87	36	1.28488
87	45	0.711358
87	52	1.1827
87	71	1.20889
87	98	1.16755
87	101	1.17098
87	127	1.2777
87	129	0.696851
87	130	1.27059
87	132	1.24286
87	143	0.693379
87	158	1.26107
87	163	1.26993
87	166	0.699697
87	167	0.703617
87	170	0.691418
87	171	0.714416
87	179	0.702347
87	180	0.696242
88	9	1.04089
88	17	1.09342
88	40	1.12286
88	42	1.13544
88	65	1.15373
88	68	1.12447
88	76	1.18059
88	82	0.818798
88	94	1.15201
88	96	0.761951
88	117	1.17562
88	121	1.14624
88	123	1.1131
88	128	0.738828
88	149	1.10858
88	159	0.802789
88	162	0.817668
88	165	0.810477
88	168	1.15306
88	176	0.734547
88	177	0.823725
89	29	1.04497
89	57	1.08367
89	86	1.20055
89	97	1.15787
89	108	1.13199
89	119	1.17229
89	120	1.14501
89	124	1.12201
89	128	0.752713
89	134	1.05904
89	139	0.758089
89	143	0.811608
89	147	1.13738
89	148	1.13382
89	150	1.1488
89	157	0.772775
89	161	0.807031
89	163	1.16259
89	169	0.771464
89	178	0.815498
89	179	0.820576
90	1	1.12034
90	3	1.14421
90	5	1.15383
90	8	1.11855
90	22	1.06091
90	23	0.795294
90	37	1.11629
90	45	1.11083
90	66	1.27817
90	83	1.10158
90	92	1.16217
90	104	0.77507
90	115	1.1357
90	131	1.10835
90	140	0.778139
90	148	0.822208
90	153	1.08909
90	163	0.791743
90	169	0.745685
90	171	0.806867
90	178	0.789719
91	9	0.926688
91	15	0.902234
91	23	1.11086
91	58	0.731061
91	84	0.765513
91	92	0.675205
91	126	0.768003
91	131	0.764436
91	139	1.17283
91	147	0.762518
91	156	1.144
91	159	1.13234
91	166	1.13231
91	169	1.16229
91	171	1.09575
91	172	1.1287
91	174	1.13856
91	175	1.12466
91	178	1.12404
91	179	1.11484
91	180	1.11883
92	3	1.25193
92	5	1.26155
92	8	1.22628
92	22	1.16864
92	37	1.22401
92	45	1.21855
92	66	1.38589
92	83	1.2093
92	90	1.16217
92	91	0.675205
92	101	0.813557
92	115	1.24342
92	116	1.15144
92	144	0.744964
92	149	0.727143
92	153	1.19681
92	159	0.67807
92	172	0.67775
92	176	0.609828
92	177	0.699006
92	178	0.676894
93	24	1.11816
93	27	0.713244
93	69	1.10495
93	79	1.18349
93	103	0.704433
93	107	1.11853
93	110	1.10739
93	114	1.17439
93	126	1.121
93	142	1.18837
93	144	1.10185
93	145	1.1005
93	164	0.806033
93	165	1.12894
93	170	1.14064
93	171	0.843101
93	172	0.82681
93	176	0.758888
93	177	1.11179
93	179	0.831032
93	180	0.824927
94	9	1.08771
94	17	1.14023
94	28	1.20291
94	42	1.18225
94	65	1.20054
94	68	1.17128
94	76	1.22741
94	88	1.15201
94	96	0.722013
94	103	0.640154
94	105	1.26036
94	117	1.22244
94	121	1.19306
94	123	1.15992
94	128	0.69889
94	137	0.79535
94	139	0.704265
94	140	0.750094
94	154	0.794284
94	165	0.770539
94	168	1.19988
94	174	0.736094
95	67	1.15842
95	73	0.690604
95	84	1.17963
95	86	1.25104
95	97	1.20836
95	106	1.158
95	108	1.18248
95	120	1.19549
95	124	1.1725
95	129	0.763274
95	134	1.10952
95	139	0.706282
95	146	0.775579
95	147	1.18787
95	148	1.18431
95	150	1.19929
95	156	0.736285
95	163	1.21308
95	169	0.719657
95	170	0.757841
95	173	0.763936
95	176	0.696626
96	12	1.22858
96	48	0.730075
96	52	0.76983
96	56	0.744837
96	63	0.6435
96	88	0.761951
96	94	0.722013
96	102	0.803216
96	110	1.16387
96	119	0.690987
96	121	0.729792
96	145	1.15698
96	153	1.16826
96	164	1.20152
96	167	1.18567
96	168	1.20686
96	170	1.19712
96	173	1.18076
96	177	1.16827
96	178	1.18551
96	179	1.17631
96	180	1.18031
97	29	1.10281
97	42	0.776169
97	57	1.14151
97	59	1.22241
97	70	0.672725
97	84	1.18698
97	86	1.25838
97	89	1.15787
97	95	1.20836
97	104	0.728267
97	106	1.16535
97	124	1.17985
97	138	1.16918
97	147	1.19522
97	148	1.19166
97	152	0.752911
97	155	0.735977
97	163	1.22043
97	171	0.760064
97	176	0.675851
97	177	0.765029
97	180	0.74189
98	34	1.18209
98	46	1.10059
98	48	1.09658
98	52	1.03553
98	71	1.06173
98	87	1.16755
98	101	1.02381
98	127	1.13053
98	130	1.12342
98	132	1.09569
98	133	0.826955
98	135	1.07746
98	137	1.06835
98	144	0.894109
98	157	0.783316
98	158	1.11391
98	159	0.827215
98	160	0.837008
98	163	1.12277
98	176	0.758973
98	177	0.848151
98	179	0.831117
99	4	1.21559
99	12	0.732933
99	16	1.19425
99	18	1.1812
99	21	1.16138
99	27	1.343
99	39	1.18948
99	56	1.14308
99	61	1.09605
99	62	1.23564
99	75	1.13283
99	80	0.779333
99	100	1.21561
99	122	0.733169
99	125	0.686765
99	133	0.746649
99	134	1.11682
99	135	1.17507
99	164	0.725812
99	169	0.701698
99	175	0.734364
99	177	0.767845
100	4	1.21559
100	16	1.19425
100	18	1.1812
100	21	1.16138
100	27	1.343
100	39	1.18948
100	44	0.776267
100	56	1.14308
100	61	1.09605
100	62	1.23564
100	75	1.13283
100	99	1.21561
100	134	1.11682
100	135	1.17507
100	139	0.67427
100	143	0.72779
100	158	0.744804
100	163	0.733704
100	171	0.748827
100	172	0.732536
100	179	0.736758
100	180	0.730653
101	11	1.11698
101	25	1.06205
101	30	1.01332
101	34	1.18552
101	46	1.10402
101	52	1.03896
101	87	1.17098
101	92	0.813557
101	98	1.02381
101	103	0.732145
101	122	0.841102
101	127	1.13396
101	130	1.12685
101	132	1.09912
101	135	1.08089
101	157	0.810943
101	158	1.11734
101	162	0.869721
101	163	1.1262
101	167	0.860014
101	174	0.828085
101	180	0.852639
102	31	1.00496
102	38	0.832111
102	50	1.11614
102	63	1.19293
102	64	1.13332
102	77	1.14872
102	81	1.07703
102	82	1.08498
102	85	1.16173
102	96	0.803216
102	104	0.828229
102	113	1.03939
102	118	1.04228
102	149	1.06776
102	151	1.07659
102	155	1.08904
102	156	0.815471
102	157	0.800156
102	170	0.837028
102	173	0.843123
102	176	1.16512
102	179	0.847956
103	16	0.690677
103	46	0.665003
103	61	0.744807
103	75	0.706788
103	78	0.695553
103	93	0.704433
103	94	0.640154
103	101	0.732145
103	108	0.667578
103	116	1.1793
103	143	1.22592
103	151	0.650187
103	157	1.26532
103	161	1.24198
103	167	1.24208
103	169	1.28018
103	171	1.21364
103	172	1.24659
103	173	1.23717
103	174	1.25645
103	178	1.24193
103	179	1.23272
103	180	1.23672
104	6	1.19807
104	15	0.889273
104	40	0.74477
104	90	0.77507
104	97	0.728267
104	102	0.828229
104	109	0.762136
104	121	0.754804
104	133	1.15496
104	142	0.687876
104	154	1.12904
104	155	1.15025
104	161	1.15216
104	162	1.13083
104	167	1.15226
104	168	0.724731
104	171	1.12382
104	173	1.14735
104	174	1.16663
104	175	1.15272
104	178	1.15211
104	179	1.1429
104	180	1.1469
105	13	1.1201
105	17	1.20176
105	18	0.761919
105	28	1.26443
105	40	1.2312
105	65	1.26207
105	68	1.23281
105	76	1.28894
105	94	1.26036
105	117	1.28397
105	121	1.25459
105	123	1.22145
105	140	0.664204
105	146	0.687673
105	149	1.21692
105	154	0.708394
105	161	0.667318
105	162	0.69184
105	168	1.26141
105	173	0.67603
105	177	0.697898
105	179	0.680863
105	180	0.674758
106	32	1.19555
106	55	0.782849
106	57	1.09115
106	61	0.893598
106	65	0.77173
106	84	1.13662
106	86	1.20803
106	95	1.158
106	97	1.16535
106	119	1.17977
106	120	1.15248
106	124	1.12949
106	128	0.681488
106	138	1.11882
106	141	0.77296
106	147	1.14486
106	148	1.1413
106	150	1.15628
106	151	1.12231
106	165	0.753137
106	170	0.738422
106	173	0.744518
106	177	0.766385
107	7	1.19055
107	22	0.825263
107	69	1.12366
107	79	1.2022
107	86	0.759149
107	93	1.11853
107	109	1.14202
107	111	0.734177
107	126	1.13971
107	139	0.722017
107	141	1.16464
107	144	1.12056
107	145	1.11921
107	146	0.791314
107	158	1.17234
107	161	0.770959
107	164	0.759506
107	165	1.14765
107	168	1.16909
107	170	1.15935
107	175	0.768058
107	177	1.1305
107	180	0.7784
108	29	1.07693
108	44	1.16774
108	57	1.11563
108	67	1.13989
108	74	0.720438
108	89	1.13199
108	95	1.18248
108	103	0.667578
108	119	1.20424
108	120	1.17696
108	124	1.15397
108	134	1.09099
108	138	1.1433
108	146	0.800986
108	147	1.16934
108	148	1.16578
108	150	1.18076
108	155	0.782159
108	159	0.790275
108	171	0.806246
108	174	0.763518
108	178	0.789099
108	180	0.788072
109	23	0.782361
109	54	1.23163
109	60	1.06741
109	79	1.20698
109	80	1.15257
109	104	0.762136
109	107	1.14202
109	122	0.764222
109	126	1.14449
109	136	1.12437
109	140	0.765205
109	141	1.16942
109	144	1.12534
109	145	1.12398
109	153	1.13526
109	158	1.17712
109	160	0.787755
109	163	0.77881
109	166	0.779214
109	170	1.16412
109	176	0.70972
109	177	1.13528
109	178	0.776786
110	49	0.766846
110	54	1.2157
110	59	1.17203
110	93	1.10739
110	96	1.16387
110	112	0.818413
110	114	1.18196
110	125	1.21258
110	126	1.12856
110	136	1.10844
110	137	0.791887
110	141	1.1535
110	144	1.10942
110	145	1.10806
110	148	0.7907
110	158	1.16119
110	159	0.759388
110	160	0.76918
110	164	0.73829
110	168	1.15794
110	169	0.714177
110	177	1.11935
110	178	0.758211
111	46	0.741274
111	58	0.6875
111	77	0.672193
111	107	0.734177
111	113	0.77474
111	118	0.758709
111	139	1.24573
111	140	1.21165
111	150	0.693372
111	151	0.726458
111	153	0.730917
111	156	1.2169
111	161	1.19699
111	162	1.17566
111	163	0.673777
111	166	1.20521
111	171	1.16865
111	172	1.2016
111	173	1.19218
111	174	1.21146
111	175	1.19756
111	178	1.19694
111	179	1.18774
111	180	1.19173
112	38	0.766437
112	57	0.81857
112	66	0.688077
112	75	0.888511
112	110	0.818413
112	120	0.804183
112	138	0.833642
112	140	1.1282
112	146	1.12169
112	150	0.798824
112	154	1.09042
112	157	1.13688
112	162	1.09221
112	163	0.779228
112	164	1.12949
112	167	1.11364
112	169	1.15174
112	171	1.0852
112	173	1.10873
112	174	1.12801
112	176	1.18772
112	178	1.11349
112	179	1.10428
112	180	1.10828
113	31	1.02079
113	50	1.13198
113	53	1.19408
113	63	1.20877
113	64	1.14916
113	77	1.16456
113	81	1.09287
113	82	1.10082
113	85	1.17757
113	102	1.03939
113	111	0.77474
113	118	1.05812
113	125	0.761022
113	149	1.0836
113	151	1.09243
113	152	0.829984
113	155	1.10488
113	164	0.800069
113	169	0.775956
113	170	0.81414
113	175	0.808621
113	176	1.18096
113	178	0.81999
113	179	0.825068
114	69	1.17952
114	93	1.17439
114	110	1.18196
114	126	1.19557
114	129	0.718165
114	136	1.17545
114	141	1.2205
114	142	1.26294
114	144	1.17642
114	145	1.17506
114	154	0.751191
114	155	0.711642
114	158	1.22819
114	159	0.719759
114	160	0.729552
114	164	0.698662
114	165	1.2035
114	166	0.721011
114	168	1.22494
114	170	1.2152
114	172	0.719439
114	177	1.18635
114	178	0.718582
114	179	0.72366
115	1	1.20159
115	3	1.22546
115	5	1.23508
115	8	1.19981
115	12	0.687596
115	18	0.786529
115	22	1.14216
115	37	1.19754
115	45	1.19208
115	66	1.35942
115	67	0.769871
115	81	0.722406
115	83	1.18283
115	90	1.1357
115	92	1.24342
115	116	1.12497
115	129	0.699978
115	131	1.18961
115	137	0.734071
115	153	1.17034
115	170	0.694545
115	173	0.70064
115	175	0.689026
115	177	0.722508
116	5	1.14311
116	41	0.813774
116	51	0.788949
116	57	0.804181
116	60	0.901518
116	64	0.781241
116	66	1.26744
116	72	0.75099
116	83	1.09085
116	92	1.15144
116	103	1.1793
116	115	1.12497
116	117	0.761256
116	131	1.09763
116	138	0.819253
116	153	1.07836
116	158	0.77594
116	159	1.10391
116	166	1.10389
116	167	1.09577
116	173	1.09086
116	178	1.09562
116	179	1.08641
116	180	1.09041
117	13	1.08218
117	17	1.16385
117	40	1.19329
117	42	1.20587
117	49	0.724078
117	59	0.732736
117	65	1.22416
117	68	1.1949
117	69	0.762483
117	76	1.25102
117	86	0.695164
117	88	1.17562
117	94	1.22244
117	105	1.28397
117	116	0.761256
117	121	1.21667
117	122	0.702879
117	123	1.18353
117	149	1.17901
117	166	0.717871
117	167	0.721791
117	168	1.22349
117	169	0.671408
117	172	0.716299
118	31	1.02368
118	50	1.13487
118	53	1.19697
118	63	1.21165
118	71	0.86481
118	77	1.16745
118	81	1.09576
118	82	1.10371
118	85	1.18046
118	102	1.04228
118	111	0.758709
118	113	1.05812
118	131	1.11164
118	136	0.812213
118	149	1.08648
118	151	1.09531
118	154	0.836568
118	155	1.10777
118	157	0.761236
118	166	0.806387
118	167	0.810307
118	169	0.759924
118	170	0.798108
118	176	1.18385
119	11	0.721885
119	32	1.26032
119	42	0.7639
119	47	1.19644
119	57	1.15592
119	67	1.18018
119	84	1.20139
119	89	1.17229
119	96	0.690987
119	106	1.17977
119	108	1.20424
119	124	1.19426
119	125	0.671681
119	138	1.18359
119	147	1.20963
119	148	1.20607
119	150	1.22105
119	152	0.740643
119	163	1.23484
119	164	0.710728
119	166	0.733077
119	170	0.724798
119	172	0.731505
119	175	0.71928
120	29	1.08994
120	44	1.18075
120	47	1.16916
120	67	1.1529
120	78	0.844052
120	84	1.17411
120	89	1.14501
120	95	1.19549
120	106	1.15248
120	108	1.17696
120	112	0.804183
120	124	1.16698
120	125	0.685013
120	133	0.744898
120	137	0.777657
120	138	1.15631
120	148	1.17879
120	150	1.19377
120	151	1.1598
120	163	1.20756
120	164	0.724061
120	176	0.676915
120	177	0.766094
120	178	0.743981
120	180	0.742954
121	9	1.08194
121	13	1.0528
121	17	1.13447
121	40	1.16391
121	42	1.17649
121	65	1.19478
121	68	1.16552
121	70	0.699262
121	74	0.700793
121	76	1.22164
121	88	1.14624
121	94	1.19306
121	96	0.729792
121	104	0.754804
121	105	1.25459
121	117	1.21667
121	123	1.15415
121	137	0.803129
121	145	0.839716
121	149	1.14963
121	161	0.760986
121	168	1.19411
121	172	0.77031
121	174	0.743873
121	176	0.702388
122	8	0.698365
122	24	0.798579
122	59	0.721732
122	84	0.754638
122	99	0.733169
122	101	0.841102
122	109	0.764222
122	117	0.702879
122	126	0.757128
122	143	1.14962
122	150	0.726059
122	154	1.14256
122	156	1.18559
122	157	1.18902
122	160	1.14205
122	164	1.18163
122	165	1.16553
122	166	1.1739
122	169	1.20388
122	171	1.13734
122	174	1.18015
122	175	1.16625
122	178	1.16563
122	179	1.15642
122	180	1.16042
123	9	1.0488
123	13	1.01966
123	17	1.10133
123	28	1.164
123	40	1.13076
123	42	1.14334
123	50	0.787073
123	65	1.16163
123	68	1.13237
123	76	1.1885
123	88	1.1131
123	94	1.15992
123	105	1.22145
123	117	1.18353
123	121	1.15415
123	126	0.830104
123	128	0.714629
123	143	0.773525
123	149	1.11649
123	150	0.799034
123	156	0.750007
123	162	0.79347
123	168	1.16097
123	177	0.799527
123	179	0.782492
123	180	0.776387
124	32	1.21004
124	44	1.15775
124	47	1.14617
124	67	1.12991
124	89	1.12201
124	95	1.1725
124	97	1.17985
124	106	1.12949
124	108	1.15397
124	119	1.19426
124	120	1.16698
124	128	0.713504
124	134	1.08101
124	138	1.13332
124	147	1.15936
124	148	1.1558
124	150	1.17077
124	151	1.1368
124	152	0.786283
124	161	0.767822
124	166	0.778718
124	167	0.782637
124	172	0.777146
124	175	0.76492
124	176	0.709223
124	178	0.776289
124	179	0.781367
124	180	0.775262
125	18	0.744168
125	39	0.717652
125	60	1.14912
125	64	0.67646
125	65	0.685492
125	99	0.686765
125	110	1.21258
125	113	0.761022
125	119	0.671681
125	120	0.685013
125	127	0.691617
125	131	0.707157
125	136	1.20607
125	141	1.25112
125	149	0.708284
125	153	1.21697
125	163	0.660058
125	164	1.25023
125	165	1.23413
125	168	1.25557
125	171	1.20593
125	173	1.22947
125	174	1.24874
125	175	1.23484
125	177	1.21698
125	178	1.23422
125	179	1.22502
125	180	1.22902
126	12	0.756892
126	24	1.13933
126	59	1.18564
126	80	1.15026
126	91	0.768003
126	93	1.121
126	107	1.13971
126	109	1.14449
126	110	1.12856
126	114	1.19557
126	122	0.757128
126	123	0.830104
126	128	0.706907
126	133	0.770608
126	141	1.16711
126	142	1.20955
126	144	1.12303
126	145	1.12167
126	153	1.13295
126	155	0.762752
126	156	0.742285
126	158	1.1748
126	162	0.785747
126	168	1.17155
126	170	1.16181
126	173	0.769936
126	175	0.758323
126	177	1.13296
127	3	0.744371
127	11	1.22369
127	22	0.796421
127	25	1.16877
127	30	1.12004
127	35	0.687038
127	36	1.24785
127	46	1.21074
127	48	1.20673
127	52	1.14568
127	70	0.680393
127	71	1.17187
127	87	1.2777
127	98	1.13053
127	101	1.13396
127	125	0.691617
127	129	0.750168
127	130	1.23356
127	132	1.20584
127	133	0.751502
127	135	1.1876
127	137	1.17849
127	139	0.693176
127	140	0.739004
127	155	0.743645
127	158	1.22405
127	163	1.23291
127	169	0.706551
127	174	0.725005
128	9	0.865591
128	67	0.723694
128	88	0.738828
128	89	0.752713
128	94	0.69889
128	106	0.681488
128	123	0.714629
128	124	0.713504
128	126	0.706907
128	131	0.70334
128	137	1.17572
128	141	0.682905
128	152	1.18945
128	153	0.713382
128	156	1.21665
128	160	1.17311
128	161	1.19674
128	162	1.17541
128	164	1.21269
128	169	1.23494
128	171	1.1684
128	172	1.20135
128	173	1.19193
128	174	1.21121
128	175	1.19731
128	177	1.17944
128	178	1.19669
128	179	1.18748
128	180	1.19148
129	3	0.71037
129	33	1.12094
129	53	0.696623
129	62	0.711463
129	76	0.716613
129	87	0.696851
129	95	0.763274
129	114	0.718165
129	115	0.699978
129	127	0.750168
129	153	0.775749
129	156	1.21577
129	160	1.17222
129	161	1.19586
129	162	1.17453
129	163	0.718609
129	164	1.21181
129	166	1.20408
129	167	1.19596
129	168	0.738963
129	171	1.16752
129	172	1.20047
129	173	1.19105
129	174	1.21033
129	175	1.19642
129	176	1.27003
129	178	1.19581
129	179	1.1866
129	180	1.1906
130	2	0.724533
130	11	1.21659
130	25	1.16166
130	30	1.11293
130	34	1.28512
130	36	1.24074
130	46	1.20363
130	48	1.19962
130	52	1.13857
130	71	1.16476
130	87	1.27059
130	98	1.12342
130	101	1.12685
130	127	1.23356
130	132	1.19873
130	135	1.18049
130	151	0.788543
130	158	1.21694
130	161	0.72537
130	163	1.2258
130	164	0.713917
130	166	0.736266
130	169	0.689803
130	172	0.734694
130	174	0.708257
130	176	0.666772
130	177	0.75595
130	178	0.733838
130	180	0.732811
131	1	1.17425
131	3	1.19812
131	5	1.20774
131	8	1.17246
131	31	1.07431
131	37	1.1702
131	53	1.2476
131	64	1.20268
131	77	1.21808
131	82	1.15434
131	90	1.10835
131	91	0.764436
131	115	1.18961
131	116	1.09763
131	118	1.11164
131	125	0.707157
131	128	0.70334
131	133	0.767042
131	149	1.13711
131	153	1.143
131	155	1.1584
131	157	0.723402
131	165	0.774989
131	166	0.768554
131	169	0.722091
131	170	0.760275
131	176	1.23448
131	177	0.788237
131	178	0.766125
131	180	0.765098
132	11	1.18886
132	25	1.13393
132	30	1.0852
132	34	1.25739
132	35	0.692009
132	36	1.21302
132	46	1.1759
132	48	1.17189
132	52	1.11084
132	55	0.794133
132	70	0.685364
132	71	1.13703
132	87	1.24286
132	98	1.09569
132	101	1.09912
132	127	1.20584
132	130	1.19873
132	135	1.15276
132	136	0.763811
132	137	1.14365
132	152	0.76555
132	155	0.748616
132	158	1.18922
132	162	0.771611
132	163	1.19807
132	164	0.735636
132	165	0.76442
132	172	0.756413
132	173	0.755801
132	177	0.777669
133	32	0.687433
133	44	0.762507
133	64	0.736345
133	98	0.826955
133	99	0.746649
133	104	1.15496
133	120	0.744898
133	126	0.770608
133	127	0.751502
133	131	0.767042
133	140	1.17581
133	142	0.703443
133	149	0.768169
133	156	1.18106
133	157	1.18449
133	158	0.731043
133	160	1.13752
133	161	1.16115
133	162	1.13982
133	166	1.16937
133	169	1.19935
133	171	1.13281
133	172	1.16576
133	173	1.15634
133	174	1.17562
133	175	1.16172
133	176	1.23533
133	178	1.1611
133	179	1.15189
133	180	1.15589
134	8	0.835174
134	16	1.09546
134	39	1.09069
134	56	1.0443
134	61	0.997266
134	62	1.13686
134	74	0.772588
134	75	1.03405
134	78	0.941319
134	84	1.08814
134	89	1.05904
134	95	1.10952
134	99	1.11682
134	100	1.11682
134	108	1.09099
134	124	1.08101
134	135	1.07628
134	138	1.07034
134	139	0.783838
134	143	0.837358
134	147	1.09638
134	148	1.09282
134	149	0.891498
134	150	1.1078
134	151	1.07383
134	154	0.873857
134	155	0.834308
134	163	1.12159
134	171	0.858395
134	174	0.815667
134	177	0.86336
135	7	0.757984
135	18	1.14066
135	25	1.11569
135	34	1.23916
135	37	0.798767
135	39	1.14894
135	48	1.15365
135	56	1.10254
135	61	1.05551
135	62	1.1951
135	75	1.09229
135	81	0.797562
135	98	1.07746
135	99	1.17507
135	100	1.17507
135	101	1.08089
135	127	1.1876
135	130	1.18049
135	132	1.15276
135	134	1.07628
135	140	0.763971
135	152	0.785546
135	157	0.732829
135	158	1.17098
135	159	0.776728
135	163	1.17984
135	166	0.77798
135	170	0.769701
135	172	0.776408
135	177	0.797664
135	178	0.775552
136	28	0.742026
136	31	0.812987
136	36	0.709543
136	51	0.751391
136	58	0.741004
136	61	0.874582
136	67	0.794733
136	80	1.13014
136	109	1.12437
136	110	1.10844
136	114	1.17545
136	118	0.812213
136	125	1.20607
136	132	0.763811
136	141	1.14699
136	142	1.18943
136	144	1.10291
136	147	0.772461
136	149	0.775507
136	150	0.746877
136	164	1.14609
136	170	1.14169
136	172	1.13475
136	173	1.12533
136	174	1.14461
136	175	1.13071
136	176	1.20432
136	177	1.11284
136	178	1.13009
136	179	1.12088
136	180	1.12488
137	8	0.744605
137	30	1.05785
137	34	1.23005
137	36	1.18567
137	48	1.14454
137	50	0.760337
137	52	1.0835
137	72	0.738852
137	82	0.767863
137	84	0.800877
137	94	0.79535
137	98	1.06835
137	110	0.791887
137	115	0.734071
137	120	0.777657
137	121	0.803129
137	127	1.17849
137	128	1.17572
137	132	1.14365
137	153	0.809842
137	163	1.17073
137	164	1.15328
137	168	0.773056
137	169	1.17553
137	171	1.10898
137	172	1.14194
137	173	1.13252
137	174	1.15179
137	178	1.13727
137	179	1.12807
137	180	1.13207
138	29	1.05628
138	32	1.19937
138	44	1.14708
138	57	1.09498
138	59	1.17587
138	67	1.11924
138	74	0.70478
138	84	1.14045
138	86	1.21185
138	97	1.16918
138	106	1.11882
138	108	1.1433
138	112	0.833642
138	116	0.819253
138	119	1.18359
138	120	1.15631
138	124	1.13332
138	134	1.07034
138	146	0.785327
138	147	1.14869
138	148	1.14512
138	150	1.1601
138	151	1.12613
138	155	0.7665
138	168	0.795818
138	169	0.729405
138	170	0.767589
138	171	0.790587
138	174	0.747859
138	177	0.795552
138	180	0.772413
139	17	0.692364
139	39	0.71921
139	48	0.712327
139	68	0.73096
139	89	0.758089
139	91	1.17283
139	94	0.704265
139	95	0.706282
139	100	0.67427
139	107	0.722017
139	111	1.24573
139	127	0.693176
