1	22	1.10016
1	42	1.08087
1	44	1.08239
1	60	1.05976
1	71	1.04167
1	72	1.03618
1	148	1.95627
1	150	1.07224
1	152	1.14396
1	155	1.06411
1	156	1.0663
1	160	1.19288
2	16	0.999993
2	69	1.0368
2	77	0.369315
2	139	1.1212
2	140	1.11483
2	156	0.384595
2	165	1.07331
2	171	1.03877
2	175	1.05582
2	177	1.06714
2	178	1.05078
2	179	1.03874
3	4	1.16107
3	15	1.14072
3	27	1.0121
3	38	1.11811
3	45	1.11782
3	57	0.923563
3	125	0.997
3	150	0.503345
3	166	1.05771
3	172	3.40467
3	176	1.00275
3	180	1.03123
4	3	1.16107
4	15	1.13939
4	27	1.01077
4	38	1.11678
4	45	1.11648
4	52	1.1604
4	121	1.03642
4	125	0.995668
4	164	1.77027
4	166	1.05638
4	176	1.00142
4	180	1.0299
5	23	1.75553
5	89	0.984799
5	115	0.862723
5	122	0.895665
5	129	0.878121
5	154	0.842362
5	158	0.892881
5	170	0.844221
5	171	0.842445
5	177	0.87082
5	178	0.854455
5	179	0.842423
6	26	0.929054
6	43	0.923431
6	49	0.99915
6	50	0.978647
6	57	2.07644
6	67	0.965596
6	73	0.950778
6	102	0.962777
6	121	1.02152
6	152	0.932518
6	156	0.973293
6	173	1.79247
7	108	1.76821
7	131	0.893084
7	136	0.890357
7	148	0.86685
7	153	0.86947
7	160	0.923621
7	168	0.883183
7	170	0.838078
7	174	0.888651
7	176	0.857731
7	178	0.848312
7	179	0.83628
8	10	1.00541
8	11	1.10463
8	14	1.00434
8	23	0.98013
8	115	0.916445
8	141	0.936678
8	147	2.29005
8	152	1.42824
8	172	0.868952
8	173	0.929543
8	176	0.917595
8	180	0.946073
9	21	1.01313
9	22	1.10908
9	42	1.08979
9	44	1.09131
9	60	1.06868
9	71	1.05059
9	72	1.0451
9	142	1.49816
9	145	0.875773
9	155	1.07302
9	156	1.07522
9	178	1.90306
10	8	1.00541
10	11	1.11795
10	14	1.01767
10	23	0.993452
10	106	1.67539
10	141	0.950001
10	159	1.67853
10	172	0.882274
10	173	0.942866
10	176	0.930918
10	180	0.959396
11	8	1.10463
11	10	1.11795
11	14	1.11688
11	23	1.09267
11	138	0.613593
11	141	1.04921
11	151	0.99395
11	172	0.981488
11	173	1.04208
11	176	1.03013
11	179	3.1655
11	180	1.05861
12	21	0.907029
12	42	0.983693
12	44	0.985214
12	60	0.962586
12	71	0.944492
12	72	0.939006
12	124	0.972161
12	150	0.975063
12	154	1.8852
12	155	0.966928
12	156	0.969125
12	179	2.07892
13	32	1.61657
13	60	0.915158
13	71	0.897063
13	72	0.891578
13	77	0.955555
13	81	0.873244
13	97	0.817507
13	166	0.898424
13	170	0.82381
13	174	0.874382
13	177	0.850409
13	179	0.822011
14	8	1.00434
14	10	1.01767
14	11	1.11688
14	23	0.992382
14	129	2.64482
14	134	0.819438
14	141	0.948931
14	172	0.881204
14	173	0.941796
14	176	0.929848
14	180	0.958326
15	3	1.14072
15	4	1.13939
15	27	0.990421
15	38	1.09643
15	45	1.09614
15	128	1.12752
15	129	1.36747
15	135	1.49238
15	153	1.59857
15	166	1.03603
15	176	0.98107
15	180	1.00955
16	2	0.999993
16	25	1.01049
16	32	0.999507
16	41	0.983239
16	47	0.886904
16	51	0.962024
16	52	1.8396
16	58	0.953049
16	76	0.935689
16	82	0.997229
16	155	0.954071
16	156	0.956268
17	20	1.15693
17	29	1.02797
17	62	1.04833
17	70	1.05153
17	77	1.11245
17	79	1.09785
17	81	1.03014
17	105	1.94564
17	120	0.67432
17	131	1.60312
17	150	1.08453
17	166	1.05532
18	26	0.9333
18	43	0.927677
18	49	1.0034
18	50	0.982893
18	54	0.989754
18	67	0.969842
18	73	0.955024
18	99	2.23856
18	102	0.967023
18	146	1.35318
18	152	0.936764
18	156	0.977539
19	46	1.04061
19	56	0.889425
19	61	1.04042
19	63	1.03977
19	68	1.12573
19	78	1.08595
19	80	1.08577
19	117	1.28092
19	124	1.05797
19	143	0.950128
19	164	2.06056
19	169	1.00688
19	173	0.98865
20	17	1.15693
20	29	1.02728
20	62	1.04764
20	70	1.05084
20	77	1.11176
20	79	1.09716
20	81	1.02945
20	132	0.621539
20	136	1.29119
20	150	1.08384
20	166	1.05463
20	178	2.25011
21	9	1.01313
21	12	0.907029
21	22	0.971329
21	42	0.952039
21	44	0.95356
21	60	0.930932
21	71	0.912838
21	124	0.940507
21	150	0.943409
21	155	0.935274
21	156	0.937471
21	174	1.63541
21	175	2.2074
22	1	1.10016
22	9	1.10908
22	21	0.971329
22	42	1.04799
22	44	1.04951
22	71	1.00879
22	72	1.00331
22	106	1.23035
22	150	1.03936
22	155	1.03123
22	156	1.03343
22	166	1.08038
22	176	2.05844
23	5	1.75553
23	8	0.98013
23	10	0.993452
23	11	1.09267
23	14	0.992382
23	86	0.880708
23	115	0.904483
23	141	0.924716
23	165	1.47602
23	172	0.856989
23	173	0.917581
23	176	0.905633
23	180	0.934111
24	34	1.03442
24	55	0.992103
24	65	0.960934
24	74	0.957515
24	96	0.965717
24	100	0.971451
24	108	0.995145
24	125	1.57734
24	135	0.878536
24	141	0.91013
24	143	0.864473
24	169	0.92122
24	179	2.56753
25	16	1.01049
25	32	1.09703
25	41	1.08076
25	47	0.984425
25	51	1.05954
25	58	1.05057
25	76	1.03321
25	82	1.09475
25	89	0.705394
25	135	0.963044
25	156	1.05379
25	171	2.83023
25	173	1.27977
26	6	0.929054
26	18	0.9333
26	43	0.905466
26	49	0.981185
26	54	0.967543
26	67	0.947631
26	73	0.932813
26	88	1.43055
26	101	0.960949
26	120	2.15489
26	121	1.00356
26	152	0.914553
26	156	0.955328
27	3	1.0121
27	4	1.01077
27	15	0.990421
27	38	0.967813
27	45	0.967516
27	66	0.959142
27	125	0.846699
27	127	1.71431
27	128	0.9989
27	166	0.907411
27	174	2.22565
27	176	0.85245
27	180	0.880928
28	30	1.10417
28	46	1.03739
28	61	1.0372
28	63	1.03655
28	68	1.12251
28	78	1.08273
28	80	1.08255
28	143	0.946907
28	163	0.987181
28	169	1.00365
28	172	3.35833
28	173	0.98543
28	177	1.36124
29	17	1.02797
29	20	1.02728
29	62	0.918682
29	70	0.921883
29	77	0.982804
29	79	0.968201
29	81	0.900493
29	128	1.01716
29	150	0.954884
29	166	0.925673
29	169	1.63307
29	176	2.05144
30	28	1.10417
30	33	1.0916
30	46	1.03769
30	61	1.0375
30	63	1.03686
30	78	1.08304
30	80	1.08285
30	104	0.747843
30	109	1.68386
30	115	0.972636
30	169	1.00396
30	173	0.985734
30	178	2.04064
31	55	1.90587
31	88	0.93672
31	131	0.879713
31	145	0.89144
31	151	0.914504
31	154	0.822848
31	165	0.857473
31	174	0.87528
31	175	0.839988
31	177	0.851307
31	178	0.834941
31	179	0.822909
31	180	0.872838
32	13	1.61657
32	16	0.999507
32	25	1.09703
32	41	1.06978
32	47	0.973442
32	51	1.04856
32	58	1.03959
32	76	1.02223
32	82	1.08377
32	125	1.78327
32	150	1.06564
32	155	1.04061
32	156	1.04281
33	30	1.0916
33	46	1.02481
33	61	1.02463
33	63	1.02398
33	68	1.10993
33	78	1.07016
33	80	1.06998
33	89	0.860983
33	123	1.25773
33	124	1.04218
33	136	2.07144
33	169	0.991083
33	173	0.972858
34	24	1.03442
34	59	1.07607
34	74	1.05294
34	85	1.02183
34	91	1.07906
34	96	1.06114
34	108	1.09057
34	124	1.06774
34	143	0.959895
34	144	0.821674
34	158	1.97
34	169	1.01664
34	174	1.6933
35	75	0.912636
35	84	1.33508
35	134	1.05507
35	155	0.18154
35	157	0.971228
35	165	0.942727
35	167	0.953908
35	168	0.955066
35	170	0.909962
35	175	0.925242
35	177	0.936561
35	178	0.920195
35	179	0.908163
36	98	0.367614
36	100	1.09073
36	142	0.95889
36	145	0.990973
36	153	0.955632
36	162	0.961835
36	170	0.92424
36	171	0.922465
36	172	0.895249
36	174	0.974813
36	175	0.939521
36	178	0.934474
36	179	0.922442
37	95	1.03109
37	98	1.01216
37	107	1.03878
37	112	0.973289
37	118	1.06044
37	119	1.05708
37	126	1.02703
37	130	1.01126
37	133	1.03736
37	137	1.03753
37	145	1.40637
37	161	1.92919
37	164	1.19781
37	172	0.901848
38	3	1.11811
38	4	1.11678
38	15	1.09643
38	27	0.967813
38	45	1.07353
38	121	0.69747
38	125	0.952712
38	128	1.10491
38	163	1.1293
38	166	1.01342
38	171	2.83249
38	176	0.958462
38	180	0.98694
39	92	1.01676
39	113	1.02135
39	114	1.02143
39	116	1.06299
39	118	1.04799
39	119	1.04463
39	123	1.26388
39	126	1.01458
39	130	0.998811
39	133	1.0249
39	137	1.02508
39	157	1.98771
39	166	1.3129
39	172	0.889396
40	66	0.771412
40	83	1.01528
40	93	1.00295
40	107	1.01636
40	116	1.05301
40	118	1.03801
40	119	1.03466
40	126	1.00461
40	130	0.988836
40	133	1.01493
40	137	1.01511
40	155	1.0041
40	158	2.0019
40	176	1.90595
41	16	0.983239
41	25	1.08076
41	32	1.06978
41	47	0.957173
41	51	1.03229
41	58	1.02332
41	76	1.00596
41	82	1.0675
41	132	1.12929
41	135	0.935792
41	140	1.41517
41	152	1.88751
41	155	1.02434
41	156	1.02654
42	1	1.08087
42	9	1.08979
42	12	0.983693
42	21	0.952039
42	22	1.04799
42	71	0.989502
42	72	0.984016
42	121	0.933931
42	124	1.01717
42	150	1.02007
42	155	1.01194
42	156	1.01413
42	160	1.57586
42	173	2.08541
43	6	0.923431
43	18	0.927677
43	26	0.905466
43	49	0.975562
43	50	0.955059
43	54	0.961921
43	67	0.942009
43	73	0.927191
43	101	0.955327
43	102	0.939189
43	125	0.865721
43	127	1.06394
43	154	3.25111
43	156	0.949705
44	1	1.08239
44	9	1.09131
44	12	0.985214
44	21	0.95356
44	22	1.04951
44	60	1.00912
44	66	0.808779
44	71	0.991023
44	72	0.985537
44	150	1.02159
44	155	1.01346
44	156	1.01566
44	157	1.64008
44	161	2.1844
45	3	1.11782
45	4	1.11648
45	15	1.09614
45	27	0.967516
45	38	1.07353
45	125	0.952414
45	128	1.10461
45	131	1.39435
45	158	1.47395
45	166	1.01313
45	168	1.83227
45	176	0.958165
45	180	0.986643
46	19	1.04061
46	28	1.03739
46	30	1.03769
46	33	1.02481
46	61	0.970721
46	63	0.970072
46	68	1.05603
46	78	1.01625
46	80	1.01607
46	123	0.597157
46	124	0.988272
46	168	1.14732
46	169	0.937176
46	172	3.637
46	173	0.91895
47	16	0.886904
47	25	0.984425
47	32	0.973442
47	41	0.957173
47	51	0.935958
47	58	0.926984
47	76	0.909624
47	82	0.971163
47	86	0.827044
47	102	0.919687
47	135	0.839458
47	155	0.928006
47	156	0.930203
47	170	2.60867
47	177	1.65989
48	55	1.04438
48	65	1.01321
48	74	1.00979
48	85	0.978678
48	91	1.03591
48	96	1.01799
48	100	1.02372
48	108	1.04742
48	122	1.58976
48	124	1.02459
48	143	0.916745
48	144	0.971516
48	152	0.98078
48	169	0.973493
48	177	2.17427
49	6	0.99915
49	18	1.0034
49	26	0.981185
49	43	0.975562
49	50	1.03078
49	54	1.03764
49	67	1.01773
49	73	1.00291
49	102	1.01491
49	125	0.941439
49	129	2.18771
49	144	0.763605
49	147	2.04665
49	152	0.984649
49	156	1.02542
50	6	0.978647
50	18	0.982893
50	43	0.955059
50	49	1.03078
50	54	1.01714
50	64	1.10775
50	67	0.997224
50	102	0.994405
50	121	1.05315
50	125	0.920937
50	149	1.87555
50	152	0.964146
50	153	2.23769
50	156	1.00492
50	159	0.809902
51	16	0.962024
51	25	1.05954
51	32	1.04856
51	41	1.03229
51	47	0.935958
51	58	1.0021
51	76	0.984743
51	82	1.04628
51	102	0.994806
51	135	0.914577
51	139	1.20102
51	153	2.13545
51	155	1.00313
51	156	1.00532
51	177	1.683
52	4	1.1604
52	16	1.8396
52	105	0.918165
52	111	0.992379
52	136	0.939815
52	148	0.916307
52	154	0.885676
52	158	0.936195
52	163	0.941486
52	167	0.931482
52	174	0.938109
52	176	0.907189
52	177	0.914135
52	178	0.897769
52	179	0.885737
53	98	0.989171
53	103	0.98837
53	104	1.71782
53	107	1.01579
53	110	0.960263
53	112	0.950298
53	113	1.01081
53	114	1.01089
53	118	1.03745
53	126	1.00404
53	130	0.988272
53	133	1.01437
53	137	1.01454
53	151	1.48858
53	166	1.50268
54	18	0.989754
54	26	0.967543
54	43	0.961921
54	49	1.03764
54	50	1.01714
54	64	1.11461
54	67	1.00409
54	73	0.989268
54	101	1.0174
54	125	0.927798
54	132	1.27568
54	138	1.80193
54	146	1.60668
54	152	0.971008
54	156	1.01178
55	24	0.992103
55	31	1.90587
55	48	1.04438
55	59	1.03376
55	65	1.01404
55	85	0.979513
55	91	1.03675
55	96	1.01882
55	100	1.02456
55	104	0.756496
55	108	1.04825
55	143	0.91758
55	152	0.981614
55	168	1.75802
55	169	0.974328
56	19	0.889425
56	59	0.752869
56	75	0.964379
56	113	0.107164
56	136	1.01398
56	138	1.06277
56	140	1.036
56	147	0.993232
56	154	0.959846
56	159	1.05371
56	163	1.01566
56	167	1.00565
56	175	0.976986
56	178	0.971939
56	179	0.959907
57	3	0.923563
57	6	2.07644
57	140	0.957956
57	148	0.912438
57	149	0.908584
57	157	0.944933
57	162	0.92126
57	163	0.937616
57	164	0.944915
57	165	0.916432
57	167	0.927612
57	170	0.883666
57	174	0.934239
57	177	0.910265
57	179	0.881868
58	16	0.953049
58	25	1.05057
58	32	1.03959
58	41	1.02332
58	47	0.926984
58	51	1.0021
58	76	0.975769
58	82	1.03731
58	86	0.893189
58	102	0.985832
58	106	1.69426
58	134	1.06871
58	135	0.905603
58	155	0.994151
58	156	0.996348
58	163	2.29696
59	34	1.07607
59	55	1.03376
59	56	0.752869
59	65	1.00259
59	74	0.999171
59	85	0.96806
59	96	1.00737
59	100	1.01311
59	108	1.0368
59	135	0.920191
59	141	0.951785
59	143	0.906128
59	150	1.15918
59	152	0.970162
59	169	0.962875
59	173	2.34164
60	1	1.05976
60	9	1.06868
60	12	0.962586
60	13	0.915158
60	21	0.930932
60	44	1.00912
60	71	0.968395
60	72	0.96291
60	112	0.937591
60	124	0.996064
60	138	1.24242
60	150	0.998967
60	155	0.990831
60	156	0.993028
60	159	1.28056
60	175	2.49677
61	19	1.04042
61	28	1.0372
61	30	1.0375
61	33	1.02463
61	46	0.970721
61	63	0.969886
61	68	1.05584
61	78	1.01607
61	80	1.01588
61	112	1.03742
61	115	0.905666
61	143	0.880242
61	157	1.16145
61	169	0.93699
61	171	2.94248
61	173	0.918765
62	17	1.04833
62	20	1.04764
62	29	0.918682
62	64	1.07213
62	70	0.942241
62	77	1.00316
62	79	0.98856
62	81	0.920851
62	101	0.974925
62	102	0.958788
62	112	1.75724
62	128	1.03752
62	145	1.90277
62	150	0.975242
62	151	1.19235
62	166	0.946031
63	19	1.03977
63	28	1.03655
63	30	1.03686
63	33	1.02398
63	46	0.970072
63	61	0.969886
63	68	1.05519
63	78	1.01542
63	80	1.01524
63	115	0.905018
63	121	1.27413
63	134	1.04463
63	143	0.879594
63	169	0.936341
63	173	0.918116
63	177	2.64865
64	50	1.10775
64	54	1.11461
64	62	1.07213
64	67	1.0947
64	70	1.07533
64	73	1.07988
64	79	1.12165
64	81	1.05394
64	119	0.0901284
64	124	0.376606
64	126	0.21921
64	137	0.145447
64	142	1.03916
64	148	1.03328
64	177	1.03111
64	178	1.01474
65	24	0.960934
65	48	1.01321
65	55	1.01404
65	59	1.00259
65	74	0.979454
65	85	0.948344
65	91	1.00558
65	96	0.987656
65	100	0.993389
65	108	1.01708
65	121	1.03945
65	132	1.19209
65	144	1.52907
65	152	0.950445
65	167	2.22998
65	169	0.943159
66	27	0.959142
66	40	0.771412
66	44	0.808779
66	76	1.00745
66	82	1.06899
66	124	1.04551
66	155	1.02583
66	156	1.02803
66	166	1.00475
66	170	0.930138
66	174	0.980711
66	175	0.945419
66	176	0.949791
66	177	0.956738
66	179	0.92834
66	180	0.978269
67	6	0.965596
67	18	0.969842
67	26	0.947631
67	43	0.942009
67	49	1.01773
67	50	0.997224
67	54	1.00409
67	64	1.0947
67	73	0.969356
67	111	1.8262
67	121	1.0401
67	125	0.907886
67	152	0.951096
67	156	0.99187
67	159	1.54279
67	160	1.78553
68	19	1.12573
68	28	1.12251
68	33	1.10993
68	46	1.05603
68	61	1.05584
68	63	1.05519
68	78	1.10137
68	80	1.10119
68	111	0.822184
68	124	1.07339
68	127	1.08497
68	143	0.965548
68	147	1.39416
68	169	1.0223
68	173	1.00407
68	179	2.85229
69	2	1.0368
69	90	0.762551
69	105	0.830682
69	127	0.906496
69	144	0.930322
69	156	2.68446
69	157	0.861319
69	163	0.854002
69	167	0.843998
69	168	0.845156
69	173	0.831653
69	174	0.850625
69	175	0.815333
69	177	0.826651
69	178	0.810286
69	179	0.798254
70	17	1.05153
70	20	1.05084
70	29	0.921883
70	62	0.942241
70	64	1.07533
70	77	1.00636
70	79	0.991761
70	81	0.924052
70	102	0.961988
70	106	0.9257
70	111	0.752391
70	128	1.04072
70	143	1.84804
70	150	0.978443
70	166	0.949232
70	179	2.7825
71	1	1.04167
71	9	1.05059
71	12	0.944492
71	13	0.897063
71	21	0.912838
71	22	1.00879
71	42	0.989502
71	44	0.991023
71	60	0.968395
71	72	0.944815
71	94	2.33871
71	112	0.919497
71	144	0.982101
71	150	0.980872
71	155	0.972737
71	156	0.974934
71	176	2.03447
72	1	1.03618
72	9	1.0451
72	12	0.939006
72	13	0.891578
72	22	1.00331
72	42	0.984016
72	44	0.985537
72	60	0.96291
72	71	0.944815
72	112	0.914011
72	124	0.972484
72	139	1.70512
72	150	0.975387
72	155	0.967251
72	156	0.969448
72	160	1.45451
72	177	2.1871
73	6	0.950778
73	18	0.955024
73	26	0.932813
73	43	0.927191
73	49	1.00291
73	54	0.989268
73	64	1.07988
73	67	0.969356
73	101	0.982674
73	102	0.966536
73	109	2.71614
73	121	1.02528
73	125	0.893068
73	146	1.26902
73	150	1.07225
73	152	0.936278
73	156	0.977052
74	24	0.957515
74	34	1.05294
74	48	1.00979
74	59	0.999171
74	65	0.979454
74	91	1.00216
74	96	0.984237
74	100	0.98997
74	106	0.940996
74	108	1.01366
74	134	1.39426
74	141	0.92865
74	143	0.882992
74	146	1.78955
74	151	1.85574
74	152	0.947026
74	169	0.93974
75	35	0.912636
75	56	0.964379
75	107	2.34215
75	135	0.813609
75	141	0.845203
75	144	0.936737
75	147	0.837994
75	154	0.804608
75	157	0.867734
75	161	0.844669
75	164	0.867716
75	170	0.806467
75	175	0.821748
75	177	0.833066
75	178	0.816701
75	179	0.804669
76	16	0.935689
76	25	1.03321
76	32	1.02223
76	41	1.00596
76	47	0.909624
76	51	0.984743
76	58	0.975769
76	66	1.00745
76	82	1.01995
76	86	0.875828
76	97	4.2
76	102	0.968472
76	135	0.888242
76	139	1.04088
76	155	0.976791
76	156	0.978988
76	173	1.35071
77	2	0.369315
77	13	0.955555
77	17	1.11245
77	20	1.11176
77	29	0.982804
77	62	1.00316
77	70	1.00636
77	79	1.05268
77	81	0.984973
77	101	1.03905
77	102	1.02291
77	106	0.986621
77	128	1.10164
77	138	0.975351
77	147	2.06913
77	150	1.03936
77	166	1.01015
77	178	2.58401
78	19	1.08595
78	28	1.08273
78	30	1.08304
78	33	1.07016
78	46	1.01625
78	61	1.01607
78	63	1.01542
78	68	1.10137
78	80	1.06142
78	89	0.921511
78	115	0.951201
78	124	1.03362
78	138	1.48224
78	143	0.925776
78	163	2.11994
78	166	1.36728
78	169	0.982524
78	173	0.964299
79	17	1.09785
79	20	1.09716
79	29	0.968201
79	62	0.98856
79	64	1.12165
79	70	0.991761
79	77	1.05268
79	81	0.97037
79	101	1.02444
79	102	1.00831
79	106	0.972018
79	117	0.766241
79	128	1.08704
79	136	1.82281
79	150	1.02476
79	151	1.04402
79	166	0.99555
79	177	2.18656
80	19	1.08577
80	28	1.08255
80	30	1.08285
80	33	1.06998
80	46	1.01607
80	61	1.01588
80	63	1.01524
80	68	1.10119
80	78	1.06142
80	94	1.66129
80	115	0.951015
80	124	1.03344
80	131	1.37341
80	143	0.925591
80	162	1.58692
80	168	1.81133
80	169	0.982339
80	173	0.964114
81	13	0.873244
81	17	1.03014
81	20	1.02945
81	29	0.900493
81	62	0.920851
81	64	1.05394
81	70	0.924052
81	77	0.984973
81	79	0.97037
81	99	1.76144
81	101	0.956736
81	102	0.940598
81	106	0.904309
81	128	1.01933
81	135	2.43106
81	150	0.957053
81	166	0.927842
81	180	1.3257
82	16	0.997229
82	25	1.09475
82	32	1.08377
82	41	1.0675
82	47	0.971163
82	51	1.04628
82	58	1.03731
82	66	1.06899
82	76	1.01995
82	86	0.937368
82	102	1.03001
82	135	0.949782
82	146	0.659859
82	155	1.03833
82	156	1.04053
82	157	1.41497
82	162	1.94807
82	165	2.06454
83	40	1.01528
83	92	1.00903
83	93	1.00519
83	103	0.991178
83	104	1.17784
83	107	1.0186
83	110	0.963072
83	111	1.39922
83	113	1.01362
83	116	1.05526
83	118	1.04025
83	119	1.0369
83	125	2.63939
83	126	1.00685
83	130	0.991081
83	133	1.01717
83	137	1.01735
83	155	1.00635
83	180	1.33205
84	35	1.33508
84	87	0.97445
84	93	0.955084
84	95	0.9608
84	98	0.941869
84	101	0.964054
84	103	0.941067
84	107	0.968491
84	110	0.912961
84	113	0.963512
84	114	0.963584
84	116	1.00515
84	126	0.95674
84	130	0.94097
84	133	0.967063
84	137	0.967241
84	140	1.70345
84	166	1.82887
84	172	0.831555
85	34	1.02183
85	48	0.978678
85	55	0.979513
85	59	0.96806
85	65	0.948344
85	91	0.97105
85	96	0.953126
85	100	0.95886
85	106	0.909886
85	108	0.982555
85	115	2.61927
85	121	1.00492
85	124	0.959727
85	135	0.865946
85	141	0.897539
85	152	0.915916
85	168	2.00981
85	169	0.90863
85	174	1.37479
86	23	0.880708
86	47	0.827044
86	58	0.893189
86	76	0.875828
86	82	0.937368
86	90	0.76102
86	114	3.14653
86	131	0.853526
86	136	0.8508
86	151	0.888317
86	155	0.894211
86	168	0.843625
86	172	0.76953
86	173	0.830121
86	176	0.818174
86	177	0.82512
86	178	0.808754
86	179	0.796722
86	180	0.846651
87	84	0.97445
87	92	1.01607
87	95	1.01795
87	103	0.998219
87	107	1.02564
87	113	1.02066
87	114	1.02074
87	116	1.0623
87	118	1.0473
87	119	1.04394
87	126	1.01389
87	130	0.998122
87	133	1.02422
87	137	1.02439
87	141	1.83076
87	148	1.89475
87	163	1.48818
87	169	1.2952
87	172	0.888707
88	26	1.43055
88	31	0.93672
88	91	0.913406
88	126	0.385868
88	136	0.968085
88	139	0.996464
88	142	0.950455
88	154	0.913947
88	160	1.00135
88	162	0.9534
88	163	0.969756
88	165	0.948571
88	171	0.91403
88	173	0.947406
88	174	0.966379
88	175	0.931087
88	177	0.942405
88	178	0.92604
88	179	0.914007
89	5	0.984799
89	25	0.705394
89	33	0.860983
89	78	0.921511
89	100	1.00878
89	132	1.07715
89	134	1.08948
89	142	0.979021
89	147	0.975898
89	148	0.973143
89	151	1.03417
89	158	0.993031
89	159	1.03638
89	162	0.981965
89	164	1.00562
89	167	0.988317
89	168	0.989476
89	174	0.994944
89	178	0.954605
89	179	0.942573
90	69	0.762551
90	86	0.76102
90	94	0.804697
90	99	0.809287
90	123	0.888537
90	125	0.780195
90	129	0.800192
90	135	0.773434
90	140	0.840582
90	142	0.800942
90	143	0.759371
90	153	0.797684
90	160	0.851836
90	161	0.804494
90	162	0.803887
90	164	0.827541
90	174	0.816865
90	177	0.792892
90	178	0.776526
90	179	0.764494
91	34	1.07906
91	48	1.03591
91	55	1.03675
91	65	1.00558
91	74	1.00216
91	85	0.97105
91	88	0.913406
91	96	1.01036
91	100	1.0161
91	106	0.967121
91	108	1.03979
91	121	1.06216
91	124	1.01696
91	135	0.923181
91	140	1.44672
91	143	0.909118
91	150	1.29507
91	152	0.973152
91	169	0.965865
91	180	1.94148
92	39	1.01676
92	83	1.00903
92	87	1.01607
92	95	1.00242
92	103	0.982692
92	110	0.954586
92	113	1.00514
92	114	1.00521
92	116	1.04677
92	118	1.03177
92	119	1.02842
92	121	0.988615
92	126	0.998365
92	130	0.982594
92	131	2.22911
92	133	1.00869
92	137	1.00887
92	140	1.10929
92	172	0.873179
92	174	2.03202
93	40	1.00295
93	83	1.00519
93	84	0.955084
93	98	0.979654
93	101	1.00184
93	110	0.950747
93	113	1.0013
93	114	1.00137
93	116	1.04293
93	118	1.02793
93	119	1.02458
93	126	0.994526
93	130	0.978755
93	133	1.00485
93	137	1.00503
93	144	1.18479
93	152	1.60603
93	155	0.994021
93	167	1.8857
93	169	1.81878
94	71	2.33871
94	80	1.66129
94	90	0.804697
94	104	0.97301
94	136	0.894476
94	138	0.943263
94	141	0.880933
94	145	0.90893
94	146	0.926152
94	158	0.890857
94	159	0.934205
94	160	0.92774
94	165	0.874963
94	168	0.887302
94	171	0.840422
94	174	0.89277
94	175	0.857478
94	177	0.868797
94	178	0.852431
94	179	0.840399
95	37	1.03109
95	84	0.9608
95	87	1.01795
95	92	1.00242
95	103	0.984569
95	107	1.01199
95	110	0.956462
95	114	1.00709
95	116	1.04865
95	117	1.34758
95	118	1.03365
95	119	1.03029
95	126	1.00024
95	130	0.984471
95	133	1.01056
95	137	1.01074
95	150	1.3624
95	151	1.62536
95	159	1.79256
95	172	0.875056
96	24	0.965717
96	34	1.06114
96	48	1.01799
96	55	1.01882
96	59	1.00737
96	65	0.987656
96	74	0.984237
96	85	0.953126
96	91	1.01036
96	100	0.998172
96	108	1.02187
96	121	1.04423
96	124	0.999038
96	134	0.945973
96	141	0.936851
96	143	0.891194
96	144	1.34725
96	148	2.5808
96	152	0.955228
96	169	0.947941
96	180	1.7909
97	13	0.817507
97	76	4.2
97	99	0.840485
97	109	0.828253
97	112	0.83994
97	115	0.815993
97	120	0.898097
97	127	0.903934
97	142	0.83214
97	145	0.864223
97	147	0.829017
97	148	0.826262
97	151	0.887286
97	158	0.84615
97	159	0.889498
97	161	0.835692
97	164	0.858739
97	170	0.79749
97	177	0.82409
97	178	0.807724
97	179	0.795692
98	36	0.367614
98	37	1.01216
98	53	0.989171
98	84	0.941869
98	93	0.979654
98	103	0.965638
98	107	0.993062
98	110	0.937531
98	113	0.988082
98	114	0.988154
98	116	1.02972
98	118	1.01471
98	119	1.01136
98	126	0.98131
98	130	0.96554
98	133	0.991634
98	137	0.991811
98	155	0.980806
98	162	1.93935
98	167	1.35803
98	178	2.45504
99	18	2.23856
99	81	1.76144
99	90	0.809287
99	97	0.840485
99	111	0.951631
99	123	0.969032
99	139	0.927446
99	141	0.885523
99	144	0.977058
99	154	0.844929
99	159	0.938796
99	161	0.88499
99	164	0.908036
99	165	0.879553
99	171	0.845012
99	174	0.897361
99	175	0.862069
99	177	0.873387
99	178	0.857022
99	179	0.84499
100	24	0.971451
100	36	1.09073
100	48	1.02372
100	55	1.02456
100	59	1.01311
100	65	0.993389
100	74	0.98997
100	85	0.95886
100	89	1.00878
100	91	1.0161
100	96	0.998172
100	106	0.954931
100	108	1.0276
100	112	2.00534
100	121	1.04997
100	124	1.00477
100	135	0.910991
100	141	0.942585
100	150	1.17748
100	152	0.960962
100	169	0.953675
101	26	0.960949
101	43	0.955327
101	54	1.0174
101	62	0.974925
101	73	0.982674
101	77	1.03905
101	79	1.02444
101	81	0.956736
101	84	0.964054
101	93	1.00184
101	114	1.01034
101	125	0.921204
101	130	0.987726
101	133	1.01382
101	134	0.726274
101	135	2.67656
101	137	1.014
101	152	0.964414
101	166	0.981916
101	169	1.76154
101	180	1.57121
102	6	0.962777
102	18	0.967023
102	43	0.939189
102	47	0.919687
102	49	1.01491
102	50	0.994405
102	51	0.994806
102	58	0.985832
102	62	0.958788
102	70	0.961988
102	73	0.966536
102	76	0.968472
102	77	1.02291
102	79	1.00831
102	81	0.940598
102	82	1.03001
102	127	0.93338
102	142	1.96612
102	153	2.2283
102	156	0.989051
102	166	0.965778
102	175	2.01672
103	53	0.98837
103	83	0.991178
103	84	0.941067
103	87	0.998219
103	92	0.982692
103	95	0.984569
103	98	0.965638
103	110	0.93673
103	113	0.987281
103	114	0.987353
103	116	1.02891
103	119	1.01056
103	120	0.951999
103	126	0.980509
103	130	0.964739
103	133	0.990832
103	137	0.99101
103	155	0.980005
103	166	0.886389
103	167	1.51299
103	172	0.855324
103	179	3.55325
104	30	0.747843
104	53	1.71782
104	55	0.756496
104	83	1.17784
104	94	0.97301
104	131	0.989611
104	134	1.07971
104	142	0.969255
104	146	1.01856
104	149	0.959524
104	158	0.983266
104	159	1.02661
104	161	0.972808
104	164	0.995854
104	169	0.984432
104	170	0.934606
104	171	0.93283
104	174	0.985179
104	175	0.949887
104	177	0.961205
104	178	0.94484
104	179	0.932808
105	17	1.94564
105	52	0.918165
105	69	0.830682
105	122	0.885867
105	128	1.78537
105	135	0.841564
105	144	0.964693
105	148	0.863194
105	151	0.924219
105	153	0.865814
105	157	0.895689
105	159	0.926431
105	163	0.888373
105	165	0.867188
105	167	0.878369
105	173	0.866023
105	174	0.884996
105	175	0.849703
105	176	0.854076
105	177	0.861022
105	179	0.832624
105	180	0.882553
106	10	1.67539
106	22	1.23035
106	58	1.69426
106	70	0.9257
106	74	0.940996
106	77	0.986621
106	79	0.972018
106	81	0.904309
106	85	0.909886
106	91	0.967121
106	100	0.954931
106	108	0.978626
106	125	0.868778
106	139	0.935534
106	147	0.886402
106	150	0.958701
106	162	0.892469
106	166	0.929489
106	169	0.904701
106	175	0.870156
106	177	0.881474
106	178	0.865109
106	179	0.853077
107	37	1.03878
107	40	1.01636
107	53	1.01579
107	75	2.34215
107	83	1.0186
107	84	0.968491
107	87	1.02564
107	95	1.01199
107	98	0.993062
107	110	0.964154
107	113	1.01471
107	115	1.78073
107	116	1.05634
107	119	1.03798
107	126	1.00793
107	128	1.07784
107	130	0.992163
107	133	1.01826
107	137	1.01843
107	155	1.00743
107	160	0.748751
107	171	2.19479
107	172	0.882748
107	174	1.21541
108	7	1.76821
108	24	0.995145
108	34	1.09057
108	48	1.04742
108	55	1.04825
108	59	1.0368
108	65	1.01708
108	74	1.01366
108	85	0.982555
108	91	1.03979
108	96	1.02187
108	100	1.0276
108	106	0.978626
108	121	1.07366
108	123	1.03616
108	124	1.02847
108	135	0.934686
108	141	0.966279
108	143	0.920622
108	152	0.984656
108	158	1.65436
108	169	0.97737
108	174	1.37767
108	175	1.94966
109	30	1.68386
109	73	2.71614
109	97	0.828253
109	122	0.886
109	129	0.868455
109	134	0.97966
109	136	0.886834
109	138	0.93562
109	139	0.915214
109	146	0.91851
109	147	0.866082
109	153	0.865946
109	154	0.832696
109	158	0.883215
109	160	0.920098
109	161	0.872757
109	162	0.87215
109	167	0.878501
109	170	0.834555
109	174	0.885128
109	177	0.861154
109	179	0.832757
110	53	0.960263
110	83	0.963072
110	84	0.912961
110	92	0.954586
110	93	0.950747
110	95	0.956462
110	98	0.937531
110	103	0.93673
110	107	0.964154
110	112	0.898658
110	113	0.959175
110	114	0.959247
110	116	1.00081
110	118	0.985807
110	119	0.982453
110	126	0.952402
110	128	1.02231
110	130	0.936632
110	133	0.962726
110	137	0.962903
110	141	1.77928
110	162	1.89195
110	170	2.76125
110	180	1.05338
111	52	0.992379
111	67	1.8262
111	68	0.822184
111	70	0.752391
111	83	1.39922
111	99	0.951631
111	127	1.01508
111	134	1.05374
111	138	1.0097
111	144	1.03891
111	146	0.992592
111	147	0.940163
111	148	0.937408
111	154	0.906777
111	157	0.969903
111	162	0.946231
111	163	0.962587
111	166	0.983251
111	170	0.908637
111	171	0.906861
111	176	0.928289
111	177	0.935236
111	178	0.91887
111	179	0.906838
112	37	0.973289
112	53	0.950298
112	60	0.937591
112	61	1.03742
112	62	1.75724
112	71	0.919497
112	72	0.914011
112	97	0.83994
112	100	2.00534
112	110	0.898658
112	118	0.975841
112	124	0.947165
112	129	0.880142
112	133	0.95276
112	137	0.952938
112	142	0.880892
112	150	0.950068
112	155	0.941933
112	157	0.907509
112	164	0.907491
112	168	0.891347
112	171	0.844467
112	178	0.856476
112	179	0.844444
113	39	1.02135
113	53	1.01081
113	56	0.107164
113	83	1.01362
113	84	0.963512
113	87	1.02066
113	92	1.00514
113	93	1.0013
113	98	0.988082
113	103	0.987281
113	107	1.01471
113	110	0.959175
113	114	1.0098
113	118	1.03636
113	119	1.033
113	126	1.00295
113	130	0.987184
113	133	1.01328
113	137	1.01345
113	139	1.437
113	141	1.88579
113	152	1.13747
113	154	3.26369
113	155	1.00245
113	172	0.877769
114	39	1.02143
114	53	1.01089
114	84	0.963584
114	86	3.14653
114	87	1.02074
114	92	1.00521
114	93	1.00137
114	95	1.00709
114	98	0.988154
114	101	1.01034
114	103	0.987353
114	110	0.959247
114	113	1.0098
114	116	1.05143
114	119	1.03308
114	126	1.00303
114	130	0.987256
114	133	1.01335
114	134	0.800721
114	137	1.01353
114	138	0.884477
114	139	1.41598
114	155	1.00252
114	169	1.3292
114	172	0.877841
115	5	0.862723
115	8	0.916445
115	23	0.904483
115	30	0.972636
115	61	0.905666
115	63	0.905018
115	78	0.951201
115	80	0.951015
115	85	2.61927
115	97	0.815993
115	107	1.78073
115	147	0.853822
115	151	0.912092
115	158	0.870955
115	168	0.8674
115	169	0.872121
115	172	0.793304
115	173	0.853896
115	176	0.841948
115	178	0.832529
115	179	0.820497
115	180	0.870426
116	39	1.06299
116	40	1.05301
116	83	1.05526
116	84	1.00515
116	87	1.0623
116	92	1.04677
116	93	1.04293
116	95	1.04865
116	98	1.02972
116	103	1.02891
116	107	1.05634
116	110	1.00081
116	114	1.05143
116	118	1.07799
116	126	1.04459
116	130	1.02882
116	133	1.05491
116	137	1.05509
116	141	1.50418
116	148	1.56817
116	155	1.04408
116	161	1.62807
116	165	1.73333
116	168	1.84126
116	169	0.968618
116	172	0.919402
117	19	1.28092
117	79	0.766241
117	95	1.34758
117	123	1.06551
117	127	1.0497
117	128	0.156557
117	129	0.977161
117	138	1.04433
117	142	0.977911
117	145	1.00999
117	147	0.974788
117	152	1.00037
117	153	0.974652
117	155	0.383439
117	161	0.981463
117	162	0.980855
117	163	0.997211
117	166	1.01788
117	168	0.988366
117	170	0.943261
117	174	0.993834
117	175	0.958542
117	177	0.96986
117	178	0.953495
117	179	0.941463
117	180	0.991392
118	37	1.06044
118	39	1.04799
118	40	1.03801
118	53	1.03745
118	83	1.04025
118	87	1.0473
118	92	1.03177
118	93	1.02793
118	95	1.03365
118	98	1.01471
118	110	0.985807
118	112	0.975841
118	113	1.03636
118	116	1.07799
118	119	1.05964
118	126	1.02959
118	130	1.01382
118	133	1.03991
118	137	1.04009
118	143	2.50404
118	145	1.46796
118	150	0.964625
118	155	1.02908
118	161	1.99077
118	166	0.771637
118	172	0.904401
118	176	1.74969
119	37	1.05708
119	39	1.04463
119	40	1.03466
119	64	0.0901284
119	83	1.0369
119	87	1.04394
119	92	1.02842
119	93	1.02458
119	95	1.03029
119	98	1.01136
119	103	1.01056
119	107	1.03798
119	110	0.982453
119	113	1.033
119	114	1.03308
119	118	1.05964
119	121	0.66943
119	126	1.02623
119	128	1.09614
119	130	1.01046
119	133	1.03656
119	137	1.03673
119	143	2.64792
119	160	1.31136
119	167	1.54211
119	172	0.901047
119	175	2.28482
120	17	0.67432
120	26	2.15489
120	97	0.898097
120	103	0.951999
120	122	0.955844
120	129	0.938299
120	136	0.956679
120	137	1.03645
120	141	0.943135
120	142	0.939049
120	143	0.897478
120	149	0.929318
120	151	0.994196
120	154	0.90254
120	157	0.965666
120	159	0.996408
120	162	0.941994
120	163	0.95835
120	164	0.965648
120	167	0.948346
120	168	0.949504
120	170	0.9044
120	171	0.902624
120	177	0.930999
120	178	0.914633
120	179	0.902601
120	180	0.952531
121	4	1.03642
121	6	1.02152
121	26	1.00356
121	38	0.69747
121	42	0.933931
121	50	1.05315
121	63	1.27413
121	65	1.03945
121	67	1.0401
121	73	1.02528
121	85	1.00492
121	91	1.06216
121	92	0.988615
121	96	1.04423
121	100	1.04997
121	108	1.07366
121	119	0.66943
121	135	0.957054
121	142	0.984561
121	152	1.00702
121	156	1.0478
121	159	1.04192
121	160	1.03546
121	168	0.995016
121	169	0.999738
121	177	0.976511
121	178	0.960146
121	179	0.948114
122	5	0.895665
122	48	1.58976
122	105	0.885867
122	109	0.886
122	120	0.955844
122	134	1.00034
122	145	0.92197
122	148	0.884009
122	149	0.880155
122	151	0.945034
122	153	0.886629
122	155	1.21925
122	156	1.47919
122	157	0.916504
122	158	0.903897
122	160	0.940781
122	162	0.892832
122	166	0.929852
122	167	0.899184
122	168	0.900342
122	170	0.855237
122	171	0.853462
122	172	0.826246
122	175	0.870518
122	177	0.881837
122	178	0.865471
122	180	0.903368
123	33	1.25773
123	39	1.26388
123	46	0.597157
123	90	0.888537
123	99	0.969032
123	108	1.03616
123	117	1.06551
123	129	0.959937
123	130	0.800843
123	132	1.05881
123	138	1.0271
123	140	1.00033
123	148	0.954809
123	153	0.957429
123	160	1.01158
123	161	0.964239
123	164	0.987286
123	165	0.958803
123	166	1.00065
123	167	0.969983
123	169	0.975863
123	171	0.924262
123	174	0.97661
123	175	0.941318
123	177	0.952637
123	178	0.936271
123	179	0.924239
123	180	0.974168
124	12	0.972161
124	19	1.05797
124	21	0.940507
124	33	1.04218
124	34	1.06774
124	42	1.01717
124	46	0.988272
124	48	1.02459
124	60	0.996064
124	64	0.376606
124	66	1.04551
124	68	1.07339
124	72	0.972484
124	78	1.03362
124	80	1.03344
124	85	0.959727
124	91	1.01696
124	96	0.999038
124	100	1.00477
124	108	1.02847
124	112	0.947165
124	135	0.911858
124	146	1.1217
124	155	1.00041
124	156	1.0026
124	164	1.68975
124	165	2.52639
124	169	0.954542
124	173	0.936316
124	180	1.57134
125	3	0.997
125	4	0.995668
125	24	1.57734
125	27	0.846699
125	32	1.78327
125	38	0.952712
125	43	0.865721
125	45	0.952414
125	49	0.941439
125	50	0.920937
125	54	0.927798
125	67	0.907886
125	73	0.893068
125	83	2.63939
125	90	0.780195
125	101	0.921204
125	106	0.868778
125	142	0.852345
125	146	0.901651
125	151	0.907492
125	152	0.874808
125	156	0.915582
125	166	0.89231
125	171	0.81592
125	173	0.849296
125	176	0.837348
125	177	0.844295
125	178	0.827929
125	179	0.815897
125	180	0.865826
126	37	1.02703
126	39	1.01458
126	40	1.00461
126	53	1.00404
126	64	0.21921
126	83	1.00685
126	84	0.95674
126	87	1.01389
126	88	0.385868
126	92	0.998365
126	93	0.994526
126	95	1.00024
126	98	0.98131
126	103	0.980509
126	107	1.00793
126	110	0.952402
126	113	1.00295
126	114	1.00303
126	116	1.04459
126	118	1.02959
126	119	1.02623
126	128	1.06609
126	130	0.980411
126	133	1.0065
126	137	1.00668
126	167	1.6712
126	172	0.870996
126	173	1.94999
126	178	2.76821
126	180	1.41394
127	27	1.71431
127	43	1.06394
127	68	1.08497
127	69	0.906496
127	97	0.903934
127	102	0.93338
127	111	1.01508
127	117	1.0497
127	128	0.734405
127	131	0.965242
127	140	0.984527
127	146	0.994192
127	148	0.939008
127	154	0.908377
127	157	0.971503
127	159	1.00224
127	160	0.99578
127	161	0.948438
127	163	0.964187
127	164	0.971485
127	165	0.943002
127	167	0.954183
127	168	0.955341
127	170	0.910237
127	172	0.881246
127	174	0.96081
127	175	0.925517
127	177	0.936836
127	178	0.92047
127	179	0.908438
127	180	0.958367
128	15	1.12752
128	27	0.9989
128	29	1.01716
128	38	1.10491
128	45	1.10461
128	62	1.03752
128	70	1.04072
128	77	1.10164
128	79	1.08704
128	81	1.01933
128	105	1.78537
128	107	1.07784
128	110	1.02231
128	117	0.156557
128	119	1.09614
128	126	1.06609
128	127	0.734405
128	130	1.05032
128	133	1.07641
128	137	1.07659
128	142	1.76715
128	150	1.07372
128	161	1.66757
128	166	1.04451
128	169	1.00812
128	172	0.940905
128	174	1.24575
128	176	0.989549
128	180	1.01803
129	5	0.878121
129	14	2.64482
129	15	1.36747
129	49	2.18771
129	90	0.800192
129	109	0.868455
129	112	0.880142
129	117	0.977161
129	120	0.938299
129	123	0.959937
129	131	0.892698
129	138	0.938758
129	142	0.872342
129	144	0.967963
129	146	0.921648
129	149	0.862611
129	151	0.927489
129	158	0.886352
129	161	0.875894
129	162	0.875287
129	165	0.870458
129	167	0.881639
129	168	0.882797
129	170	0.837693
129	171	0.835917
129	173	0.869293
129	174	0.888266
129	175	0.852973
129	177	0.864292
129	178	0.847926
129	179	0.835894
130	37	1.01126
130	39	0.998811
130	40	0.988836
130	53	0.988272
130	83	0.991081
130	84	0.94097
130	87	0.998122
130	92	0.982594
130	93	0.978755
130	95	0.984471
130	98	0.96554
130	101	0.987726
130	103	0.964739
130	107	0.992163
130	110	0.936632
130	113	0.987184
130	114	0.987256
130	116	1.02882
130	118	1.01382
130	119	1.01046
130	123	0.800843
130	126	0.980411
130	128	1.05032
130	133	0.990735
130	136	1.61455
130	137	0.990912
130	142	2.16857
130	152	1.19679
130	155	0.979907
130	166	0.849865
130	170	2.92708
130	172	0.855226
131	7	0.893084
131	17	1.60312
131	31	0.879713
131	45	1.39435
131	80	1.37341
131	86	0.853526
131	92	2.22911
131	104	0.989611
131	127	0.965242
131	129	0.892698
131	134	1.0039
131	136	0.911077
131	138	0.959864
131	139	0.939457
131	140	0.933088
131	142	0.893448
131	145	0.925531
131	157	0.920065
131	158	0.907458
131	159	0.950806
131	160	0.944342
131	161	0.897
131	163	0.912748
131	164	0.920047
131	165	0.891564
131	167	0.902745
131	170	0.858799
131	171	0.857023
131	174	0.909371
131	175	0.874079
131	177	0.885398
131	178	0.869032
131	179	0.857
132	20	0.621539
132	41	1.12929
132	54	1.27568
132	65	1.19209
132	89	1.07715
132	123	1.05881
132	137	0.559545
132	139	1.01723
132	144	1.06684
132	146	1.02052
132	147	0.968094
132	148	0.965339
132	153	0.967959
132	154	0.934708
132	156	0.52397
132	157	0.997834
132	158	0.985227
132	159	1.02858
132	161	0.974769
132	162	0.974162
132	165	0.969333
132	168	0.981672
132	169	0.986393
132	170	0.936568
132	171	0.934792
132	174	0.98714
132	175	0.951848
132	176	0.95622
132	177	0.963167
132	178	0.946801
132	179	0.934769
132	180	0.984698
133	37	1.03736
133	39	1.0249
133	40	1.01493
133	53	1.01437
133	83	1.01717
133	84	0.967063
133	87	1.02422
133	92	1.00869
133	93	1.00485
133	95	1.01056
133	98	0.991634
133	101	1.01382
133	103	0.990832
133	107	1.01826
133	110	0.962726
133	112	0.95276
133	113	1.01328
133	114	1.01335
133	116	1.05491
133	118	1.03991
133	119	1.03656
133	126	1.0065
133	128	1.07641
133	130	0.990735
133	137	1.01701
133	149	1.84453
133	155	1.006
133	158	1.69979
133	159	0.77888
133	162	1.8337
133	163	1.37844
133	169	1.18546
133	170	2.703
133	172	0.88132
134	14	0.819438
134	35	1.05507
134	58	1.06871
134	63	1.04463
134	74	1.39426
134	89	1.08948
134	96	0.945973
134	101	0.726274
134	104	1.07971
134	109	0.97966
134	111	1.05374
134	114	0.800721
134	122	1.00034
134	131	1.0039
134	138	1.04996
134	145	1.01563
134	146	1.03285
134	149	0.973816
134	151	1.03869
134	153	0.980289
134	157	1.01016
134	158	0.997557
134	159	1.04091
134	161	0.987099
134	162	0.986492
134	163	1.00285
134	164	1.01015
134	169	0.998724
134	171	0.947122
134	174	0.999471
134	175	0.964178
134	177	0.975497
134	178	0.959131
134	179	0.947099
135	15	1.49238
135	24	0.878536
135	25	0.963044
135	41	0.935792
135	47	0.839458
135	51	0.914577
135	58	0.905603
135	59	0.920191
135	75	0.813609
135	76	0.888242
135	81	2.43106
135	82	0.949782
135	85	0.865946
135	90	0.773434
135	91	0.923181
135	100	0.910991
135	101	2.67656
135	105	0.841564
135	108	0.934686
135	121	0.957054
135	124	0.911858
135	148	0.839706
135	152	0.868047
135	153	0.842326
135	155	0.906625
135	156	0.908822
135	165	0.8437
135	169	0.860761
135	173	0.842535
135	174	0.861508
135	176	0.830588
135	178	0.821168
135	179	0.809136
136	7	0.890357
136	20	1.29119
136	33	2.07144
136	52	0.939815
136	56	1.01398
136	79	1.82281
136	86	0.8508
136	88	0.968085
136	94	0.894476
136	109	0.886834
136	120	0.956679
136	130	1.61455
136	131	0.911077
136	138	0.957137
136	144	0.986342
136	146	0.940027
136	147	0.887599
136	149	0.88099
136	153	0.887463
136	154	0.854213
136	157	0.917339
136	159	0.94808
136	160	0.941615
136	161	0.894274
136	162	0.893666
136	168	0.901176
136	170	0.856072
136	171	0.854296
136	173	0.887673
136	174	0.906645
136	175	0.871353
136	177	0.882671
136	178	0.866306
136	179	0.854274
137	37	1.03753
137	39	1.02508
137	40	1.01511
137	53	1.01454
137	64	0.145447
137	83	1.01735
137	84	0.967241
137	87	1.02439
137	92	1.00887
137	93	1.00503
137	95	1.01074
137	98	0.991811
137	101	1.014
137	103	0.99101
137	107	1.01843
137	110	0.962903
137	112	0.952938
137	113	1.01345
137	114	1.01353
137	116	1.05509
137	118	1.04009
137	119	1.03673
137	120	1.03645
137	126	1.00668
137	128	1.07659
137	130	0.990912
137	132	0.559545
137	133	1.01701
137	149	2.18959
137	155	1.00618
137	157	1.64565
137	164	1.45859
137	172	0.881497
137	177	2.09927
138	11	0.613593
138	54	1.80193
138	56	1.06277
138	60	1.24242
138	77	0.975351
138	78	1.48224
138	94	0.943263
138	109	0.93562
138	111	1.0097
138	114	0.884477
138	117	1.04433
138	123	1.0271
138	129	0.938758
138	131	0.959864
138	134	1.04996
138	136	0.957137
138	139	0.985517
138	144	1.03513
138	146	0.988813
138	147	0.936385
138	153	0.93625
138	154	0.902999
138	158	0.953518
138	159	0.996866
138	160	0.990401
138	161	0.94306
138	163	0.958808
138	167	0.948804
138	168	0.949963
138	171	0.903083
138	174	0.955431
138	175	0.920139
138	177	0.931458
138	178	0.915092
138	179	0.90306
139	2	1.1212
139	51	1.20102
139	72	1.70512
139	76	1.04088
139	88	0.996464
139	99	0.927446
139	106	0.935534
139	109	0.915214
139	113	1.437
139	114	1.41598
139	131	0.939457
139	132	1.01723
139	138	0.985517
139	140	0.958742
139	145	0.951184
139	146	0.968407
139	148	0.913223
139	149	0.909369
139	154	0.882592
139	158	0.933111
139	159	0.976459
139	161	0.922653
139	162	0.922046
