1	70	0.753964
1	83	0.734645
1	99	2.16297
1	122	0.725327
1	135	0.72094
1	146	0.697488
1	155	2.62649
1	168	0.715331
1	174	0.714147
1	175	0.711386
1	179	0.714992
1	180	0.711781
2	21	1.40882
2	39	0.804779
2	62	0.785299
2	88	0.80387
2	113	0.815943
2	133	1.77887
2	155	1.59665
2	162	0.795223
2	172	0.790788
2	175	0.800032
2	179	0.803638
2	180	0.800428
3	49	0.72953
3	62	2.47548
3	85	0.683911
3	103	0.719119
3	117	2.33507
3	119	0.74498
3	129	0.721113
3	134	0.726325
3	140	0.715347
3	142	0.713052
3	168	0.723903
3	174	0.72272
4	18	0.674252
4	125	0.730128
4	152	0.72477
4	161	2.54268
4	162	0.716237
4	165	0.728628
4	170	0.733259
4	171	2.24715
4	175	0.721046
4	177	0.725586
4	179	0.724652
4	180	0.721442
5	26	0.754519
5	31	0.742
5	38	0.657487
5	48	0.709493
5	50	0.786186
5	58	2.32045
5	64	0.698038
5	69	0.68919
5	85	0.672828
5	136	0.719212
5	176	0.771046
5	177	2.48997
6	15	1.44631
6	97	1.69756
6	148	0.808704
6	161	0.803152
6	163	0.796215
6	164	0.80159
6	166	0.792486
6	169	0.798689
6	171	0.796622
6	173	0.800062
6	178	0.80248
6	180	1.67159
7	8	0.693415
7	55	0.720969
7	74	0.762509
7	77	0.693952
7	97	0.71909
7	119	2.18089
7	135	0.728534
7	156	0.720114
7	161	2.60891
7	175	0.71898
7	178	0.72306
7	180	0.719376
8	7	0.693415
8	20	2.15747
8	29	2.63199
8	58	0.724015
8	92	0.720223
8	151	0.730279
8	165	0.726226
8	175	0.718644
8	177	0.723184
8	178	0.722724
8	179	0.72225
8	180	0.71904
9	73	2.59623
9	106	0.748497
9	131	0.715529
9	132	0.709138
9	139	2.19356
9	150	0.712174
9	158	0.719197
9	165	0.723569
9	168	0.719932
9	175	0.715987
9	179	0.719593
9	180	0.716383
10	11	0.844148
10	18	0.752661
10	29	0.829328
10	46	1.48858
10	47	1.42061
10	59	0.800849
10	66	0.782061
10	94	0.795564
10	107	0.82301
10	117	1.90673
10	118	0.772842
10	127	0.799537
11	10	0.844148
11	29	0.818775
11	72	0.8264
11	92	0.790481
11	94	0.785011
11	96	0.795157
11	118	0.762289
11	127	0.788984
11	159	0.788756
11	167	1.32888
11	178	1.76229
11	180	1.72426
12	80	0.689246
12	108	0.698261
12	134	0.724992
12	140	0.714014
12	142	0.711719
12	143	0.744989
12	145	0.735105
12	150	2.50734
12	157	0.737717
12	168	0.72257
12	174	0.721387
12	175	2.3031
13	32	0.690306
13	43	0.684314
13	66	0.715479
13	68	0.713423
13	94	0.728982
13	96	0.739128
13	107	0.756428
13	118	0.70626
13	127	0.732954
13	159	0.732726
13	162	2.53751
13	177	2.27289
14	108	0.777645
14	129	0.799164
14	134	0.804376
14	140	0.793398
14	142	0.791103
14	145	0.814489
14	157	0.817101
14	168	0.801954
14	174	0.800771
14	175	1.68203
14	177	1.47368
14	180	1.65976
15	6	1.44631
15	55	0.798289
15	143	1.50485
15	151	0.807935
15	154	1.83849
15	162	0.791491
15	167	0.808163
15	175	0.7963
15	177	0.80084
15	178	0.80038
15	179	0.799906
15	180	0.796696
16	80	0.770442
16	105	0.787754
16	119	0.824843
16	134	0.806187
16	140	0.79521
16	142	0.792914
16	145	0.816301
16	150	1.66263
16	168	0.803766
16	172	1.67883
16	174	0.802582
16	178	1.47414
17	72	2.37666
17	103	2.81356
17	109	0.692115
17	131	0.707296
17	137	0.715962
17	153	0.71135
17	161	0.712505
17	163	0.705569
17	164	0.710943
17	165	0.715336
17	173	0.709415
17	179	0.71136
17	180	0.708149
18	4	0.674252
18	10	0.752661
18	29	0.727287
18	30	0.7349
18	70	0.739994
18	96	0.70367
18	118	0.670802
18	143	2.48948
18	153	2.70016
18	162	0.692606
18	165	0.704997
18	179	0.701021
18	180	0.697811
19	56	2.39979
19	78	0.73136
19	102	0.700956
19	104	0.729711
19	135	0.711007
19	151	0.713087
19	158	0.704663
19	162	0.696643
19	171	2.78977
19	174	0.704214
19	175	0.701453
19	179	0.705059
19	180	0.701848
20	8	2.15747
20	28	2.12422
20	133	0.770641
20	154	0.780938
20	164	0.784639
20	166	0.775536
20	169	0.781739
20	171	0.779672
20	172	0.772205
20	173	0.783111
20	174	0.928782
20	177	0.78599
20	178	0.78553
21	2	1.40882
21	80	0.75354
21	108	0.762554
21	113	1.77913
21	129	0.784074
21	130	0.780021
21	134	0.789285
21	137	0.791127
21	140	0.778308
21	142	0.776012
21	145	0.799399
21	156	2.0224
21	174	0.78568
22	30	0.810759
22	40	0.783704
22	53	1.95383
22	66	0.75588
22	72	0.810772
22	94	0.769383
22	96	0.779529
22	107	0.796829
22	116	1.52088
22	118	0.746661
22	127	0.773356
22	159	0.773128
22	178	1.74086
23	90	2.1272
23	114	0.754435
23	126	1.48047
23	138	0.787405
23	139	0.777673
23	160	0.788906
23	161	0.786315
23	164	0.784753
23	165	1.60809
23	166	0.77565
23	169	0.781853
23	171	0.779785
23	173	0.783225
24	44	0.78903
24	48	1.93886
24	117	0.796191
24	147	0.758224
24	151	0.787886
24	166	1.92836
24	167	0.788114
24	172	0.767007
24	175	0.776251
24	176	1.31728
24	177	0.780792
24	179	0.779857
24	180	0.776647
25	121	0.780987
25	159	0.771866
25	160	0.779356
25	162	1.76211
25	164	0.775202
25	166	0.766099
25	169	0.772302
25	171	0.770235
25	173	0.773675
25	174	1.76985
25	176	0.834184
25	178	0.776093
25	180	1.68356
26	5	0.754519
26	38	0.738465
26	45	0.8037
26	48	0.790472
26	54	0.78632
26	64	0.779017
26	69	0.770169
26	85	0.753807
26	111	0.771506
26	165	1.7716
26	172	1.9364
26	176	0.852025
26	177	1.5076
27	34	1.564
27	67	0.764595
27	106	0.808008
27	107	1.98669
27	113	0.791408
27	149	1.63448
27	150	0.771686
27	162	0.770689
27	165	0.78308
27	175	0.775498
27	177	0.780038
27	179	0.779104
27	180	0.775894
28	20	2.12422
28	81	0.683633
28	83	0.730879
28	146	0.693722
28	158	0.71083
28	160	3.07057
28	170	0.719833
28	174	0.710381
28	175	0.70762
28	177	0.71216
28	178	0.7117
28	179	0.711226
28	180	0.708015
29	8	2.63199
29	10	0.829328
29	11	0.818775
29	18	0.727287
29	35	0.792024
29	59	0.775475
29	66	0.756687
29	86	0.781158
29	106	1.22338
29	107	0.797636
29	118	0.747468
29	127	0.774163
29	178	1.35504
30	18	0.7349
30	22	0.810759
30	32	0.739127
30	40	0.792123
30	86	0.78877
30	94	0.777802
30	96	0.787949
30	107	0.805248
30	127	0.781775
30	159	0.781547
30	172	1.88762
30	178	1.68293
30	180	1.64491
31	5	0.742
31	48	0.777953
31	50	0.854646
31	54	0.773801
31	64	0.766498
31	67	2.03878
31	69	0.75765
31	85	0.741288
31	111	0.758987
31	122	1.52577
31	136	0.787672
31	152	1.65052
31	176	0.839506
32	13	0.690306
32	30	0.739127
32	35	0.719584
32	59	0.703035
32	103	0.700803
32	119	0.726664
32	127	0.701723
32	142	0.694736
32	145	0.718122
32	159	0.701495
32	174	0.704404
32	177	2.49313
32	178	2.71724
33	87	2.2699
33	121	1.43207
33	135	0.788444
33	139	1.48237
33	146	0.764993
33	147	0.760863
33	151	0.790524
33	158	0.7821
33	167	0.790752
33	174	0.781652
33	175	0.77889
33	179	0.782496
33	180	0.779286
34	27	1.564
34	123	0.767642
34	146	2.03669
34	149	0.760446
34	154	0.756204
34	163	0.754532
34	164	0.759906
34	166	0.750803
34	169	0.757006
34	171	0.754938
34	173	0.758378
34	176	0.818888
34	177	0.761257
34	180	2.00955
35	29	0.792024
35	32	0.719584
35	40	0.772581
35	59	0.763545
35	68	0.742702
35	72	0.799649
35	79	2.30457
35	94	0.75826
35	96	0.768406
35	107	0.785706
35	118	0.735538
35	151	1.53464
35	159	0.762005
35	178	1.7765
36	105	0.750639
36	108	0.742342
36	129	0.763862
36	130	0.759809
36	134	0.769073
36	140	0.758096
36	142	0.7558
36	143	0.789071
36	145	0.779187
36	162	1.90534
36	168	0.766652
36	172	2.06951
36	174	0.765468
36	177	1.64072
37	49	2.83672
37	53	0.699847
37	83	0.713567
37	99	2.7527
37	106	0.722817
37	116	0.711686
37	158	0.693518
37	165	0.697889
37	167	0.70217
37	170	0.702521
37	172	0.681063
37	175	0.690307
37	179	0.693913
37	180	0.690703
38	5	0.657487
38	26	0.738465
38	45	0.706668
38	47	2.59799
38	48	0.69344
38	50	0.770132
38	54	0.689288
38	64	0.681984
38	69	0.673136
38	85	0.656774
38	111	0.674474
38	136	0.703158
38	176	0.754992
38	179	3.01249
39	2	0.804779
39	53	0.758496
39	84	0.766097
39	104	0.777214
39	106	0.781466
39	141	1.59845
39	144	2.03609
39	149	1.94991
39	158	0.752167
39	162	0.744147
39	167	0.760819
39	168	0.752901
39	179	0.752562
39	180	0.749352
40	22	0.783704
40	30	0.792123
40	35	0.772581
40	59	0.756032
40	66	0.737244
40	72	0.792136
40	94	0.750747
40	107	0.778193
40	118	0.728026
40	127	0.75472
40	156	1.99585
40	159	0.754492
40	177	1.69777
40	178	1.92188
41	57	0.763872
41	64	1.62514
41	88	0.764892
41	109	0.745415
41	112	2.71621
41	116	0.782433
41	124	1.24298
41	135	0.770609
41	147	0.743027
41	152	0.764779
41	170	0.773268
41	177	0.765595
41	179	0.764661
41	180	0.76145
42	68	2.08239
42	105	0.749326
42	108	0.741029
42	134	0.76776
42	140	0.756783
42	142	0.754487
42	143	0.787758
42	144	0.755006
42	145	0.777874
42	157	0.780485
42	168	0.765338
42	172	1.86895
42	174	0.764155
42	178	1.66426
43	13	0.684314
43	72	0.733148
43	94	0.691759
43	96	0.701905
43	98	4.40583
43	105	0.683583
43	127	0.695732
43	130	0.692753
43	142	0.688744
43	143	0.722015
43	145	0.712131
43	159	0.695504
43	164	1.19304
43	174	0.698412
44	24	0.78903
44	75	0.796449
44	89	1.7561
44	98	0.758108
44	125	0.76607
44	146	0.743091
44	152	0.760712
44	160	1.72441
44	163	2.10378
44	172	0.747743
44	174	0.75975
44	178	0.761068
44	179	0.760594
44	180	0.757384
45	26	0.8037
45	38	0.706668
45	48	0.758675
45	50	0.835367
45	54	0.754523
45	64	0.747219
45	69	0.738371
45	76	0.727148
45	110	2.18196
45	111	0.739709
45	117	1.60294
45	136	0.768393
45	176	0.820227
45	178	1.83084
46	10	1.48858
46	67	0.752395
46	76	1.98171
46	85	2.11916
46	91	0.774407
46	97	0.763409
46	110	0.751101
46	160	0.770641
46	169	0.763588
46	171	0.76152
46	173	0.76496
46	178	0.767379
46	179	0.766905
46	180	0.763694
47	10	1.42061
47	38	2.59799
47	58	0.767143
47	118	1.57616
47	135	0.771326
47	152	0.765496
47	153	0.765369
47	166	0.755858
47	169	0.762061
47	171	0.759994
47	173	0.763434
47	175	0.761772
47	179	0.765378
47	180	0.762168
48	5	0.709493
48	24	1.93886
48	26	0.790472
48	31	0.777953
48	38	0.69344
48	45	0.758675
48	50	0.822139
48	54	0.741294
48	64	0.733991
48	69	0.725143
48	76	0.71392
48	111	0.726481
48	167	1.82692
48	175	2.24457
48	176	0.806999
49	3	0.72953
49	37	2.83672
49	76	0.722873
49	84	1.71649
49	103	0.752942
49	105	0.741714
49	108	0.733417
49	119	0.778803
49	134	0.760148
49	140	0.74917
49	142	0.746874
49	145	0.770261
49	168	0.757726
49	174	0.756542
49	179	1.45723
50	5	0.786186
50	31	0.854646
50	38	0.770132
50	45	0.835367
50	48	0.822139
50	54	0.817987
50	64	0.810684
50	69	0.801836
50	85	0.785474
50	91	1.45843
50	117	1.23904
50	136	0.831858
50	147	1.65186
50	172	1.67163
50	176	0.883692
51	58	1.91181
51	114	0.71833
51	115	0.766231
51	139	0.741569
51	141	0.774389
51	143	0.771823
51	149	0.749188
51	163	0.743274
51	164	0.748648
51	169	0.745748
51	170	2.09791
51	171	0.743681
51	173	0.74712
51	177	0.749999
51	179	2.00592
52	101	2.09337
52	128	0.748122
52	131	0.747281
52	135	0.757293
52	146	0.733841
52	150	0.743926
52	153	1.90784
52	158	0.750949
52	167	0.759601
52	170	0.759952
52	171	1.98325
52	175	0.747739
52	178	0.751818
52	179	0.751345
52	180	0.748134
53	22	1.95383
53	37	0.699847
53	39	0.758496
53	79	0.726168
53	125	0.762831
53	146	0.739852
53	148	2.18417
53	167	0.765611
53	168	0.757694
53	170	0.765963
53	175	0.753749
53	176	1.85172
53	177	0.758289
53	179	0.757355
53	180	0.754145
54	26	0.78632
54	31	0.773801
54	38	0.689288
54	45	0.754523
54	48	0.741294
54	50	0.817987
54	64	0.729839
54	69	0.720991
54	76	0.709768
54	100	1.96673
54	111	0.722329
54	136	0.751013
54	172	2.12678
54	176	0.802847
54	178	1.92208
55	7	0.720969
55	15	0.798289
55	59	1.91317
55	69	2.21063
55	90	0.709689
55	120	1.86048
55	122	0.760139
55	156	0.747332
55	165	0.753779
55	167	0.75806
55	170	0.758411
55	175	0.746198
55	177	0.750738
55	179	0.749804
55	180	0.746593
56	19	2.39979
56	131	2.07182
56	133	0.739746
56	136	1.53889
56	155	0.752481
56	159	0.750409
56	160	0.757898
56	161	0.755307
56	163	0.74837
56	164	0.753745
56	166	0.744642
56	171	0.748777
56	172	0.741311
56	173	0.752217
56	177	0.755096
57	41	0.763872
57	75	0.786488
57	109	0.731387
57	132	0.740177
57	147	0.728999
57	154	2.02202
57	162	0.742217
57	164	2.11692
57	168	0.750972
57	170	0.75924
57	173	1.84597
57	175	0.747026
57	177	0.751567
57	179	0.750632
57	180	0.747422
58	5	2.32045
58	8	0.724015
58	47	0.767143
58	51	1.91181
58	77	0.724551
58	113	0.76549
58	129	1.76255
58	135	0.759134
58	147	0.731553
58	165	0.757161
58	170	0.761793
58	174	0.752341
58	178	0.75366
58	179	0.753186
58	180	0.749975
59	10	0.800849
59	29	0.775475
59	32	0.703035
59	35	0.763545
59	40	0.756032
59	55	1.91317
59	66	0.728208
59	94	0.741711
59	96	0.751857
59	106	1.88044
59	107	0.769157
59	118	0.71899
59	127	0.745684
59	159	0.745456
59	172	2.2168
60	87	0.696187
60	88	2.07321
60	137	2.27815
60	141	0.761617
60	148	0.74299
60	155	0.734612
60	160	0.740029
60	161	0.737438
60	163	0.730501
60	166	0.726772
60	169	0.732975
60	171	0.730908
60	173	0.734348
60	176	0.794857
60	178	0.736766
60	179	2.06421
61	89	0.81888
61	101	0.796904
61	109	1.60305
61	110	1.77338
61	112	0.742032
61	114	0.778959
61	131	1.82981
61	155	0.808013
61	160	0.81343
61	163	0.803902
61	164	0.809277
61	169	0.806377
61	170	1.21473
61	171	0.804309
61	173	0.807749
61	178	0.810168
62	2	0.785299
62	3	2.47548
62	78	0.759383
62	103	1.86537
62	122	0.743417
62	131	0.729018
62	147	0.711449
62	155	2.04876
62	158	0.732686
62	165	0.737058
62	170	0.741689
62	175	0.729476
62	177	0.734016
62	178	0.733556
62	179	0.733082
62	180	0.729871
63	79	2.53528
63	91	1.9987
63	114	0.710214
63	115	0.758114
63	136	1.88184
63	144	0.730955
63	149	0.741072
63	154	0.73683
63	160	0.744685
63	161	0.742094
63	164	0.740532
63	169	0.737631
63	171	0.735564
63	173	0.739004
63	177	0.741883
63	178	0.741422
64	5	0.698038
64	26	0.779017
64	31	0.766498
64	38	0.681984
64	41	1.62514
64	45	0.747219
64	48	0.733991
64	50	0.810684
64	54	0.729839
64	69	0.713687
64	76	0.702465
64	85	0.697326
64	136	0.743709
64	165	2.56235
64	176	0.795544
64	179	2.22294
65	73	0.714389
65	75	2.88884
65	89	0.746064
65	107	0.00014674
65	120	0.745453
65	133	0.722463
65	149	0.737002
65	161	0.738024
65	164	0.736462
65	166	0.727358
65	169	0.733561
65	171	0.731494
65	173	0.734934
65	176	0.795444
65	178	0.737352
65	180	3.52459
66	10	0.782061
66	13	0.715479
66	22	0.75588
66	29	0.756687
66	40	0.737244
66	59	0.728208
66	72	0.764312
66	94	0.722923
66	96	0.73307
66	107	0.75037
66	118	0.700202
66	127	0.726896
66	159	0.726668
66	162	2.27877
66	168	2.12267
66	177	2.01415
67	27	0.764595
67	31	2.03878
67	46	0.752395
67	72	1.83558
67	109	0.717667
67	150	0.729493
67	156	0.73444
67	158	0.736516
67	162	0.728497
67	164	2.51631
67	167	0.745168
67	168	0.737251
67	170	0.745519
67	177	0.737846
67	179	0.736912
67	180	0.733701
68	13	0.713423
68	35	0.742702
68	42	2.08239
68	96	0.731014
68	107	0.748314
68	118	0.698147
68	127	0.724841
68	150	0.720947
68	151	0.736394
68	165	0.732341
68	167	0.736622
68	169	2.36332
68	170	0.736973
68	173	2.34387
68	175	0.72476
68	179	0.728366
68	180	0.725155
69	5	0.68919
69	26	0.770169
69	31	0.75765
69	38	0.673136
69	45	0.738371
69	48	0.725143
69	50	0.801836
69	54	0.720991
69	55	2.21063
69	64	0.713687
69	76	0.693617
69	85	0.688478
69	111	0.706177
69	136	0.734861
69	172	2.51426
69	176	0.786695
69	177	2.08547
70	1	0.753964
70	18	0.739994
70	73	1.94414
70	88	0.790625
70	104	0.815046
70	108	1.93398
70	115	1.33029
70	128	0.787171
70	150	0.782975
70	152	0.790512
70	162	0.781978
70	165	0.794369
70	166	1.57095
70	170	0.799001
70	175	0.786788
70	179	0.790394
70	180	0.787183
71	122	2.21399
71	123	0.731163
71	126	2.31965
71	136	2.28201
71	141	0.749167
71	148	0.73054
71	153	0.723833
71	154	0.719725
71	155	0.722162
71	163	0.718052
71	164	0.723426
71	166	0.714323
71	169	0.720526
71	171	0.718459
71	173	0.721898
71	176	0.782408
71	178	0.724317
72	11	0.8264
72	17	2.37666
72	22	0.810772
72	35	0.799649
72	40	0.792136
72	43	0.733148
72	66	0.764312
72	67	1.83558
72	86	0.788783
72	92	0.783285
72	94	0.777815
72	98	0.875829
72	107	0.805261
72	118	0.755093
72	127	0.781788
72	159	0.78156
72	172	1.72066
73	9	2.59623
73	65	0.714389
73	70	1.94414
73	83	2.26458
73	114	0.698197
73	138	0.731168
73	153	0.728922
73	160	0.732668
73	161	0.730077
73	163	0.723141
73	164	0.728515
73	166	0.719412
73	169	0.725615
73	171	0.723547
73	173	0.726987
73	176	0.787497
73	177	0.729866
74	7	0.762509
74	93	0.790251
74	109	0.772099
74	131	0.787281
74	140	1.68034
74	146	0.773841
74	147	0.769711
74	152	0.791463
74	163	1.68843
74	164	1.67889
74	165	0.79532
74	166	1.73202
74	167	0.799601
74	170	0.799952
74	172	0.778494
74	179	0.791344
74	180	0.788134
75	44	0.796449
75	57	0.786488
75	65	2.88884
75	81	0.759684
75	91	0.794779
75	126	0.78669
75	128	0.784054
75	143	1.09438
75	147	0.765643
75	156	0.784805
75	159	1.4208
75	170	0.795884
75	171	1.38048
75	174	0.786432
75	178	0.78775
75	179	0.787276
75	180	0.784066
76	45	0.727148
76	46	1.98171
76	48	0.71392
76	49	0.722873
76	54	0.709768
76	64	0.702465
76	69	0.693617
76	103	0.712463
76	109	2.80855
76	129	0.714457
76	136	0.723639
76	140	0.708691
76	145	0.729782
76	157	0.732394
76	168	0.717247
76	170	2.42022
76	174	0.716063
76	176	0.775473
77	7	0.693952
77	58	0.724551
77	83	0.74244
77	95	2.44386
77	98	0.720301
77	110	0.706983
77	125	0.728263
77	126	0.7222
77	128	0.719564
77	156	0.720315
77	158	0.722391
77	162	0.714371
77	168	0.723126
77	169	2.37999
77	173	2.36054
77	175	0.719181
77	179	0.722787
77	180	0.719576
78	19	0.73136
78	62	0.759383
78	90	0.737608
78	93	0.776629
78	97	0.774227
78	113	0.790027
78	123	1.77423
78	144	1.88819
78	156	0.775251
78	159	1.77852
78	167	0.785979
78	170	0.78633
78	171	1.7382
78	175	0.774117
78	177	0.778657
78	178	0.778197
78	179	0.777723
78	180	0.774512
79	35	2.30457
79	53	0.726168
79	63	2.53528
79	81	0.692642
79	93	0.719141
79	102	0.716132
79	106	0.749138
79	116	0.738007
79	126	0.719648
79	131	0.716171
79	147	0.698601
79	156	0.717763
79	160	2.35494
79	165	0.72421
79	167	0.728491
79	175	0.716628
79	179	0.720234
79	180	0.717024
80	12	0.689246
80	16	0.770442
80	21	0.75354
80	85	0.678784
80	105	0.702763
80	119	0.739853
80	129	0.715986
80	134	0.721197
80	140	0.71022
80	142	0.707924
80	144	0.708443
80	145	0.731311
80	157	0.733923
80	168	0.718776
80	170	2.19861
80	172	2.61083
80	174	0.717592
80	178	2.40614
81	28	0.683633
81	75	0.759684
81	79	0.692642
81	93	0.722735
81	102	0.719727
81	124	2.43875
81	131	0.719765
81	150	0.71641
81	159	2.39301
81	162	0.715414
81	167	0.732085
81	168	0.724168
81	171	2.35269
81	175	0.720223
81	177	0.724763
81	178	0.724303
81	179	0.723829
81	180	0.720618
82	89	0.727583
82	95	0.722484
82	117	0.734731
82	138	0.720633
82	143	0.741155
82	154	0.714279
82	155	0.716717
82	160	0.722134
82	161	0.719543
82	164	0.71798
82	166	0.708877
82	171	0.713013
82	172	0.705547
82	173	0.716453
82	174	2.54247
82	175	2.47845
82	178	0.718871
82	179	2.19469
83	1	0.734645
83	28	0.730879
83	37	0.713567
83	73	2.26458
83	77	0.74244
83	107	2.11182
83	109	0.75183
83	125	0.776551
83	128	0.767852
83	138	1.74009
83	151	0.779103
83	160	1.46843
83	162	0.76266
83	165	0.775051
83	167	0.779331
83	170	0.779682
83	175	0.767469
83	179	0.771075
83	180	0.767864
84	39	0.766097
84	49	1.71649
84	90	0.724842
84	102	0.760854
84	104	0.789608
84	109	0.745711
84	113	0.77726
84	141	1.72634
84	146	0.747453
84	147	0.743323
84	156	0.762484
84	157	1.93199
84	158	0.764561
84	162	0.756541
84	166	2.20956
84	167	0.773213
84	175	0.76135
84	179	0.764956
84	180	0.761746
85	3	0.683911
85	5	0.672828
85	26	0.753807
85	31	0.741288
85	38	0.656774
85	46	2.11916
85	50	0.785474
85	64	0.697326
85	69	0.688478
85	80	0.678784
85	105	0.696095
85	140	0.703552
85	142	0.701256
85	143	0.734527
85	145	0.724643
85	147	2.95012
85	174	0.710924
85	176	0.770334
85	177	2.54111
86	29	0.781158
86	30	0.78877
86	72	0.788783
86	89	1.85508
86	96	0.75754
86	118	0.724673
86	121	2.16656
86	122	0.765227
86	127	0.751367
86	135	0.76084
86	151	0.76292
86	158	0.754496
86	159	0.751139
86	168	0.755231
86	173	1.92226
86	175	0.751286
86	176	1.63527
86	179	0.754892
86	180	0.751681
87	33	2.2699
87	60	0.696187
87	99	0.704554
87	133	0.6969
87	138	0.713552
87	148	0.718013
87	151	2.76602
87	155	0.709635
87	160	0.715052
87	161	0.712461
87	163	0.705525
87	164	0.710899
87	167	2.57447
87	169	0.707999
87	171	0.705931
87	173	0.709371
87	176	0.769881
87	177	0.71225
87	178	0.71179
88	2	0.80387
88	41	0.764892
88	60	2.07321
88	70	0.790625
88	104	0.776305
88	106	0.780556
88	122	0.761987
88	131	0.747589
88	132	0.741197
88	160	1.53636
88	161	2.05927
88	162	0.743237
88	163	1.91573
88	168	0.751991
88	172	0.738802
88	174	0.750808
88	175	0.748046
88	179	0.751652
88	180	0.748442
89	44	1.7561
89	61	0.81888
89	65	0.746064
89	82	0.727583
89	86	1.85508
89	121	0.765975
89	123	0.767927
89	131	2.26612
89	136	1.73319
89	148	0.767305
89	153	0.760598
89	154	0.756489
89	160	0.764344
89	163	0.754816
89	166	0.751087
89	169	0.75729
89	171	0.755223
89	172	0.747757
89	173	0.758663
90	23	2.1272
90	55	0.709689
90	78	0.737608
90	84	0.724842
90	113	0.723611
90	118	2.84916
90	132	0.700852
90	150	0.703888
90	156	0.708835
90	158	0.710911
90	162	0.702892
90	165	0.715283
90	171	2.61324
90	174	0.710463
90	175	0.707701
90	177	0.712241
90	178	0.711781
90	179	0.711307
90	180	0.708097
91	46	0.774407
91	50	1.45843
91	63	1.9987
91	75	0.794779
91	92	0.756897
91	98	0.756438
91	102	0.754822
91	110	0.743121
91	122	0.769259
91	132	0.748469
91	135	0.764872
91	144	2.19573
91	147	0.737291
91	169	1.93668
91	170	0.767531
91	174	0.75808
91	178	0.759398
91	179	0.758924
91	180	0.755714
92	8	0.720223
92	11	0.790481
92	72	0.783285
92	91	0.756897
92	93	0.7483
92	94	0.741896
92	96	0.752043
92	107	0.769343
92	118	0.719175
92	127	0.745869
92	146	0.731891
92	152	0.749512
92	159	0.745641
92	160	1.98755
92	169	2.10587
92	173	2.08643
92	176	1.79943
92	178	0.749868
92	179	0.749394
92	180	0.746183
93	74	0.790251
93	78	0.776629
93	79	0.719141
93	81	0.722735
93	92	0.7483
93	126	0.749741
93	146	0.732824
93	150	0.742909
93	151	0.758356
93	152	0.750446
93	161	2.29877
93	165	0.754303
93	166	2.19882
93	169	1.89418
93	170	0.758935
93	175	0.746722
93	176	1.58774
93	177	0.751262
93	179	0.750328
93	180	0.747117
94	10	0.795564
94	11	0.785011
94	13	0.728982
94	22	0.769383
94	30	0.777802
94	35	0.75826
94	40	0.750747
94	43	0.691759
94	59	0.741711
94	66	0.722923
94	72	0.777815
94	92	0.741896
94	107	0.763872
94	118	0.713705
94	127	0.740399
94	159	0.740171
94	165	2.05195
94	168	1.89648
94	174	2.06033
94	178	2.01207
95	77	2.44386
95	82	0.722484
95	102	1.9362
95	111	2.05973
95	112	0.687847
95	138	0.757744
95	139	0.748012
95	149	0.755632
95	153	0.755499
95	154	0.75139
95	155	0.753828
95	160	0.759245
95	163	0.749717
95	166	0.745989
95	167	1.57565
95	169	0.752192
95	171	0.750124
95	172	0.742658
95	173	0.753564
95	176	0.814074
96	11	0.795157
96	13	0.739128
96	18	0.70367
96	22	0.779529
96	30	0.787949
96	35	0.768406
96	43	0.701905
96	59	0.751857
96	66	0.73307
96	68	0.731014
96	86	0.75754
96	92	0.752043
96	104	1.76675
96	107	0.774019
96	118	0.723851
96	127	0.750545
96	156	2.24722
96	159	0.750317
96	168	2.05767
96	177	1.94914
97	6	1.69756
97	7	0.71909
97	46	0.763409
97	78	0.774227
97	104	0.772577
97	110	0.732122
97	113	0.760229
97	128	0.744703
97	132	0.73747
97	136	0.754656
97	142	2.70384
97	145	1.95642
97	152	0.748043
97	158	0.747529
97	167	0.756182
97	168	0.748264
97	176	1.6267
97	177	0.748859
97	179	0.747925
97	180	0.744715
98	43	4.40583
98	44	0.758108
98	72	0.875829
98	77	0.720301
98	91	0.756438
98	104	0.773588
98	106	0.777839
98	110	0.733132
98	150	0.741517
98	156	0.746464
98	161	1.70964
98	162	0.74052
98	167	0.757192
98	168	0.749275
98	170	0.757543
98	174	0.748091
98	175	0.74533
98	176	0.998609
98	179	0.748936
98	180	0.745725
99	1	2.16297
99	37	2.7527
99	87	0.704554
99	121	0.750027
99	139	0.737163
99	141	0.769984
99	144	0.734666
99	149	0.744783
99	154	0.740541
99	158	1.78216
99	159	0.740907
99	160	0.748396
99	163	0.738868
99	164	0.744243
99	165	1.71262
99	169	0.741342
99	171	0.739275
99	172	0.731809
99	173	0.742715
99	177	0.745594
99	178	0.745133
100	54	1.96673
100	103	1.9975
100	113	0.74976
100	125	0.742932
100	127	2.17741
100	133	0.723041
100	135	0.743404
100	137	0.742058
100	140	2.2428
100	151	0.745484
100	156	0.734984
100	158	0.73706
100	161	0.738602
100	164	0.737039
100	166	0.727936
100	167	0.745712
100	169	0.734139
100	171	0.732072
100	173	0.735511
100	176	0.796021
100	180	0.734245
101	52	2.09337
101	61	0.796904
101	106	2.03271
101	121	0.744
101	124	0.743823
101	128	2.16299
101	133	0.724217
101	138	0.740868
101	148	0.745329
101	153	0.738622
101	160	0.742369
101	161	0.739778
101	163	0.732841
101	164	0.738215
101	166	0.729112
101	169	0.735315
101	171	0.733248
101	173	0.736687
101	177	0.739566
101	178	0.739106
101	180	2.12634
102	19	0.700956
102	79	0.716132
102	81	0.719727
102	84	0.760854
102	91	0.754822
102	95	1.9362
102	132	0.736864
102	133	2.24561
102	138	2.02567
102	151	0.755348
102	156	0.744847
102	158	0.746923
102	162	0.738904
102	165	0.751295
102	166	2.17697
102	170	0.755927
102	172	0.734468
102	175	0.743713
102	178	0.747793
102	179	0.747319
102	180	0.744109
103	3	0.719119
103	17	2.81356
103	32	0.700803
103	49	0.752942
103	62	1.86537
103	76	0.712463
103	100	1.9975
103	105	0.731304
103	108	0.723007
103	119	0.768393
103	129	0.744526
103	134	0.749737
103	140	0.73876
103	142	0.736464
103	143	0.769735
103	144	0.736983
103	145	0.759851
103	157	0.762463
103	168	0.747316
103	174	0.746132
103	177	1.72876
104	19	0.729711
104	39	0.777214
104	70	0.815046
104	84	0.789608
104	88	0.776305
104	96	1.76675
104	97	0.772577
104	98	0.773588
104	114	2.033
104	123	1.68378
104	125	0.78155
104	126	0.775487
104	151	0.784102
104	152	0.776192
104	155	1.72975
104	157	1.56575
104	162	0.767658
104	167	0.78433
104	174	0.775229
104	175	0.772467
104	179	0.776073
104	180	0.772863
105	16	0.787754
105	36	0.750639
105	42	0.749326
105	43	0.683583
105	49	0.741714
105	80	0.702763
105	85	0.696095
105	103	0.731304
105	108	0.711778
105	117	2.11621
105	119	0.757164
105	126	2.25638
105	134	0.738509
105	140	0.727531
105	142	0.725236
105	144	0.725754
105	145	0.748622
105	157	0.751234
105	168	0.736087
105	174	0.734904
105	175	2.32836
105	177	2.12001
106	9	0.748497
106	27	0.808008
106	29	1.22338
106	37	0.722817
106	39	0.781466
106	59	1.88044
106	79	0.749138
106	88	0.780556
106	98	0.777839
106	101	2.03271
106	116	0.798098
106	137	0.784928
106	148	1.83954
106	165	0.784301
106	167	0.788582
106	168	0.780664
106	169	1.81353
106	170	0.788933
106	172	0.767474
106	177	0.781259
106	179	0.780325
106	180	0.777115
107	10	0.82301
107	13	0.756428
107	22	0.796829
107	27	1.98669
107	29	0.797636
107	30	0.805248
107	35	0.785706
107	40	0.778193
107	59	0.769157
107	65	0.00014674
107	66	0.75037
107	68	0.748314
107	72	0.805261
107	83	2.11182
107	92	0.769343
107	94	0.763872
107	96	0.774019
107	118	0.741151
107	127	0.767845
107	159	0.767617
107	177	2.24616
107	178	2.47026
108	12	0.698261
108	14	0.777645
108	21	0.762554
108	36	0.742342
108	42	0.741029
108	49	0.733417
108	70	1.93398
108	103	0.723007
108	105	0.711778
108	119	0.748867
108	129	0.725001
108	134	0.730212
108	137	0.732054
108	140	0.719234
108	142	0.716939
108	145	0.740325
108	157	0.742937
108	167	2.17945
108	168	0.72779
108	174	0.726607
108	177	2.38875
108	179	2.31334
109	17	0.692115
109	41	0.745415
109	57	0.731387
109	61	1.60305
109	67	0.717667
109	74	0.772099
109	76	2.80855
109	83	0.75183
109	84	0.745711
109	122	0.742511
109	132	0.721721
109	141	1.94739
109	147	0.710543
109	150	0.724758
109	151	0.740205
109	166	2.43062
109	167	0.740433
109	170	0.740784
109	175	0.72857
109	177	0.73311
109	179	0.732176
109	180	0.728966
110	45	2.18196
110	46	0.751101
110	61	1.77338
110	77	0.706983
110	91	0.743121
110	97	0.732122
110	98	0.733132
110	126	0.735031
110	128	0.732395
110	146	0.718115
110	150	0.728199
110	156	0.733146
110	158	0.735222
110	162	0.727203
110	163	2.55736
110	167	0.743874
110	170	0.744225
110	173	2.27686
110	175	0.732012
110	178	0.736092
110	179	0.735618
110	180	0.732408
111	26	0.771506
111	31	0.758987
111	38	0.674474
111	45	0.739709
111	48	0.726481
111	54	0.722329
111	69	0.706177
111	95	2.05973
111	128	0.726246
111	129	2.20684
111	136	0.736199
111	139	2.27102
111	164	2.24737
111	165	0.733444
111	167	0.737725
111	170	0.738076
111	174	0.728624
111	175	0.725862
111	176	0.788033
111	177	0.730402
111	179	0.729468
111	180	0.726258
112	41	2.71621
112	61	0.742032
112	95	0.687847
112	115	0.700926
112	130	0.677256
112	138	0.685996
112	139	0.676264
112	148	0.690457
112	149	0.683883
112	153	0.68375
112	157	0.699246
112	161	0.684906
112	163	0.677969
112	164	0.683343
112	166	0.67424
112	167	3.18012
112	169	0.680443
112	171	0.678376
112	173	0.681815
112	176	0.742325
112	177	0.684694
112	178	0.684234
112	179	3.31401
113	2	0.815943
113	21	1.77913
113	27	0.791408
113	58	0.76549
113	78	0.790027
113	84	0.77726
113	90	0.723611
113	97	0.760229
113	100	0.74976
113	119	1.75248
113	126	0.763139
113	127	1.96347
113	128	0.760503
113	131	0.759662
113	145	1.79917
113	151	0.771754
113	152	0.763844
113	162	0.75531
113	165	0.767701
113	171	1.88496
113	175	0.760119
113	179	0.763725
113	180	0.760515
114	23	0.754435
114	51	0.71833
114	61	0.778959
114	63	0.710214
114	73	0.698197
114	104	2.033
114	124	0.725878
114	141	0.746011
114	144	0.710693
114	152	2.37086
114	155	0.719006
114	161	0.721832
114	163	0.714895
114	164	0.72027
114	168	2.32392
114	169	0.717369
114	171	0.715302
114	172	0.707836
114	173	0.718742
114	174	2.48777
114	176	0.779252
114	177	0.721621
114	178	0.72116
115	51	0.766231
115	63	0.758114
115	70	1.33029
115	112	0.700926
115	117	0.78492
115	137	1.92359
115	141	0.793911
115	147	2.19408
115	148	0.775284
115	149	0.76871
115	153	0.768577
115	155	0.766906
115	157	0.784073
115	160	0.772324
115	161	0.769733
115	163	0.762796
115	166	0.759067
115	170	1.80163
115	171	0.763203
115	173	0.766642
115	177	0.769521
115	178	0.769061
115	180	1.97114
116	22	1.52088
116	37	0.711686
116	41	0.782433
116	79	0.738007
116	106	0.798098
116	126	0.768607
116	129	1.9362
116	130	1.98987
116	135	0.775142
116	137	0.773796
116	149	1.89808
116	156	0.766722
116	162	0.760779
116	165	0.77317
116	167	0.77745
116	168	0.769533
116	170	0.777801
116	171	1.83427
116	172	0.756343
116	175	0.765588
116	178	0.769668
116	179	0.769194
116	180	0.765983
117	3	2.33507
117	10	1.90673
117	24	0.796191
117	45	1.60294
117	50	1.23904
117	82	0.734731
117	105	2.11621
117	115	0.78492
117	123	0.775074
117	125	0.773231
117	150	0.760336
117	153	0.767745
117	155	0.766074
117	162	0.759339
117	166	0.758235
117	170	0.776362
117	171	0.76237
117	172	0.754904
117	173	0.76581
117	175	0.764149
117	178	0.768229
117	179	0.767755
117	180	0.764544
118	10	0.772842
118	11	0.762289
118	13	0.70626
118	18	0.670802
118	22	0.746661
118	29	0.747468
118	35	0.735538
118	40	0.728026
118	47	1.57616
118	59	0.71899
118	66	0.700202
118	68	0.698147
118	72	0.755093
118	86	0.724673
118	90	2.84916
118	92	0.719175
118	94	0.713705
118	96	0.723851
118	107	0.741151
118	127	0.717678
118	159	0.717449
118	172	2.49487
118	178	2.29017
119	3	0.74498
119	7	2.18089
119	16	0.824843
119	32	0.726664
119	49	0.778803
119	80	0.739853
119	103	0.768393
119	105	0.757164
119	108	0.748867
119	113	1.75248
119	129	0.770387
119	130	0.766334
119	134	0.775598
119	137	0.77744
119	140	0.764621
119	142	0.762325
119	144	0.762844
119	145	0.785712
119	162	1.96229
119	168	0.773177
119	174	0.771993
119	177	1.69767
119	179	1.62225
120	55	1.86048
120	65	0.745453
120	123	0.767315
120	124	0.765187
120	133	0.74558
120	139	0.752499
120	143	0.782754
120	147	2.14433
120	151	1.71756
120	152	1.89077
120	154	0.755877
120	155	0.758315
120	160	0.763732
120	161	0.761141
120	163	0.754205
120	164	0.759579
120	166	0.750476
120	169	0.756679
120	171	0.754611
120	172	0.747145
120	173	0.758051
120	174	2.00768
120	177	0.76093
120	178	0.76047
121	25	0.780987
121	33	1.43207
121	86	2.16656
121	89	0.765975
121	99	0.750027
121	101	0.744
121	133	0.742374
121	138	0.759025
121	151	1.92818
121	154	0.752671
121	155	0.755108
121	160	0.760526
121	161	0.757935
121	163	0.750998
121	164	0.756372
121	166	0.747269
121	169	0.753472
121	171	0.751405
121	172	0.743938
121	173	0.754844
121	174	2.21831
121	176	0.815354
121	177	0.757723
121	179	1.87052
122	1	0.725327
122	31	1.52577
122	55	0.760139
122	62	0.743417
122	71	2.21399
122	86	0.765227
122	88	0.761987
122	91	0.769259
122	109	0.742511
122	136	0.768487
122	146	0.744253
122	151	0.769785
122	152	0.761874
122	153	1.78543
122	156	0.759284
122	162	0.753341
122	164	2.0033
122	165	0.765732
122	166	2.05643
122	167	0.770013
122	174	0.760912
122	175	0.75815
122	179	0.761756
122	180	0.758546
123	34	0.767642
123	71	0.731163
123	78	1.77423
123	89	0.767927
123	104	1.68378
123	117	0.775074
123	120	0.767315
123	132	2.14319
123	135	1.81482
123	148	0.765438
123	149	0.758864
123	154	0.754623
123	155	0.75706
123	158	2.1997
123	160	0.762478
123	161	0.759887
123	163	0.75295
123	166	0.749221
123	169	0.755424
123	171	0.753357
123	172	0.74589
123	173	0.756796
123	177	0.759675
123	178	0.759215
124	41	1.24298
124	81	2.43875
124	101	0.743823
124	114	0.725878
124	120	0.765187
124	130	0.750109
124	139	0.749116
124	141	0.781937
124	143	0.779371
124	149	0.756736
124	153	0.756603
124	160	0.760349
124	161	0.757758
124	163	0.750821
124	166	0.747093
124	167	1.70689
124	169	0.753296
124	171	0.751228
124	172	0.743762
124	173	0.754668
124	175	2.12455
124	176	0.815178
124	178	0.757087
124	180	2.10228
125	4	0.730128
125	44	0.76607
125	53	0.762831
125	77	0.728263
125	83	0.776551
125	100	0.742932
125	104	0.78155
125	117	0.773231
125	140	2.02101
125	145	1.79133
125	148	1.79406
125	151	0.764926
125	156	0.754426
125	157	1.79511
125	161	2.17264
125	162	0.748482
125	165	0.760873
125	167	0.765154
125	170	0.765505
125	175	0.753291
125	177	0.757832
125	178	0.757371
125	179	0.756897
125	180	0.753687
126	23	1.48047
126	71	2.31965
126	75	0.78669
126	77	0.7222
126	79	0.719648
126	93	0.749741
126	104	0.775487
126	105	2.25638
126	110	0.735031
126	113	0.763139
126	116	0.768607
126	135	0.756783
126	136	0.757566
126	146	0.733331
126	150	0.743416
126	155	2.04852
126	157	1.88452
126	158	0.750439
126	168	0.751174
126	172	0.737984
126	175	0.747229
126	177	0.751769
126	178	0.751309
126	179	0.750835
126	180	0.747624
127	10	0.799537
127	11	0.788984
127	13	0.732954
127	22	0.773356
127	29	0.774163
127	30	0.781775
127	32	0.701723
127	40	0.75472
127	43	0.695732
127	59	0.745684
127	66	0.726896
127	68	0.724841
127	72	0.781788
127	86	0.751367
127	92	0.745869
127	94	0.740399
127	96	0.750545
127	100	2.17741
127	107	0.767845
127	113	1.96347
127	118	0.717678
127	159	0.744144
127	177	1.90866
127	178	2.13277
127	179	1.83325
128	52	0.748122
128	70	0.787171
128	75	0.784054
128	77	0.719564
128	83	0.767852
128	97	0.744703
128	101	2.16299
128	110	0.732395
128	111	0.726246
128	113	0.760503
128	132	0.737743
128	139	2.21897
128	141	1.76522
128	151	0.756227
128	152	0.748317
128	164	2.19532
128	165	0.752175
128	167	0.756455
128	168	0.748538
128	170	0.756806
128	172	0.735348
128	175	0.744593
128	176	1.63737
128	179	0.748199
128	180	0.744988
129	3	0.721113
129	14	0.799164
129	21	0.784074
129	36	0.763862
129	58	1.76255
129	76	0.714457
129	80	0.715986
129	103	0.744526
129	108	0.725001
129	111	2.20684
129	116	1.9362
129	119	0.770387
129	130	0.742467
129	134	0.751731
129	137	0.753573
129	140	0.740754
129	142	0.738458
129	143	0.771729
129	144	0.738977
129	145	0.761845
129	157	0.764457
129	168	0.74931
129	170	1.94864
129	174	0.748126
129	178	2.15617
130	21	0.780021
130	36	0.759809
130	43	0.692753
130	112	0.677256
130	116	1.98987
130	119	0.766334
130	124	0.750109
130	129	0.742467
130	134	0.747678
130	139	0.737421
130	142	0.734405
130	143	0.767676
130	146	2.19897
130	157	0.760404
130	158	2.31928
130	161	0.746063
130	163	0.739126
130	166	0.735398
130	168	0.745257
130	170	2.00232
130	171	0.739533
130	173	0.742973
130	174	0.744073
130	177	0.745852
130	178	0.745392
130	179	1.91033
131	9	0.715529
131	17	0.707296
131	52	0.747281
131	56	2.07182
131	61	1.82981
131	62	0.729018
131	74	0.787281
131	79	0.716171
131	81	0.719765
131	88	0.747589
131	89	2.26612
131	113	0.759662
131	143	2.17571
131	151	0.755386
131	152	0.747476
131	156	0.744886
131	158	0.746962
131	162	0.738942
131	165	0.751333
131	167	0.755614
131	170	0.755965
131	172	0.734507
131	176	2.0463
131	178	0.747832
131	179	0.747358
131	180	0.744147
132	9	0.709138
132	57	0.740177
132	88	0.741197
132	90	0.700852
132	91	0.748469
132	97	0.73747
132	102	0.736864
132	109	0.721721
132	123	2.14319
132	128	0.737743
132	134	2.07986
132	138	2.15145
132	144	2.25715
132	150	0.733547
132	151	0.748994
132	152	0.741084
132	158	0.74057
132	159	2.14748
132	165	0.744942
132	170	0.749573
132	172	0.728115
132	174	0.740122
132	175	0.73736
132	177	0.7419
132	178	0.74144
132	179	0.740966
132	180	0.737756
133	2	1.77887
133	20	0.770641
133	56	0.739746
133	65	0.722463
133	87	0.6969
133	100	0.723041
133	101	0.724217
133	102	2.24561
133	120	0.74558
133	121	0.742374
133	139	0.72951
133	146	2.30759
133	148	0.743703
133	154	0.732888
133	155	0.735326
133	160	0.740743
133	163	0.731215
133	164	0.736589
133	166	0.727486
133	168	2.2029
133	169	0.733689
133	171	0.731622
133	172	0.724155
133	173	0.735061
133	176	0.795571
133	178	0.73748
133	180	2.28045
134	3	0.726325
134	12	0.724992
134	14	0.804376
134	16	0.806187
134	21	0.789285
134	36	0.769073
134	42	0.76776
134	49	0.760148
134	80	0.721197
134	103	0.749737
134	105	0.738509
134	108	0.730212
134	119	0.775598
134	129	0.751731
134	130	0.747678
134	132	2.07986
134	135	1.75149
134	137	0.758785
134	140	0.745965
134	142	0.74367
134	144	0.744188
134	145	0.767056
134	150	2.21544
134	151	1.78509
134	157	0.769668
134	165	2.06684
134	168	0.754521
134	174	0.753338
134	179	1.72743
135	1	0.72094
135	7	0.728534
135	19	0.711007
135	33	0.788444
135	41	0.770609
135	47	0.771326
135	52	0.757293
135	58	0.759134
135	86	0.76084
135	91	0.764872
135	100	0.743404
135	116	0.775142
135	123	1.81482
135	126	0.756783
135	134	1.75149
135	136	0.7641
135	139	1.94489
135	142	2.44043
135	150	0.749951
135	151	0.765398
135	152	0.757488
135	157	1.69679
135	163	1.93078
135	167	0.765626
135	170	0.765977
135	175	0.753763
135	178	0.757843
135	179	0.757369
135	180	0.754159
136	5	0.719212
136	31	0.787672
136	38	0.703158
136	45	0.768393
136	50	0.831858
136	54	0.751013
136	56	1.53889
136	63	1.88184
136	64	0.743709
136	69	0.734861
136	71	2.28201
136	76	0.723639
136	89	1.73319
136	97	0.754656
136	111	0.736199
136	122	0.768487
136	126	0.757566
136	135	0.7641
136	140	2.07278
136	152	0.75827
136	156	0.755681
136	162	0.749737
136	163	2.08086
136	165	0.762128
136	172	0.745302
136	175	0.754546
136	176	0.816718
136	179	0.758152
136	180	0.754942
137	17	0.715962
137	21	0.791127
137	60	2.27815
137	100	0.742058
137	106	0.784928
137	108	0.732054
137	115	1.92359
137	116	0.773796
137	119	0.77744
137	129	0.753573
137	134	0.758785
137	140	0.747807
137	142	0.745512
137	145	0.768898
137	146	0.738521
137	149	2.03247
137	150	0.748605
137	155	2.05067
137	157	0.77151
137	160	1.74129
137	167	0.76428
137	168	0.756363
137	170	0.764631
137	172	0.743173
137	174	0.75518
137	176	1.55317
137	177	0.756958
137	179	0.756024
137	180	0.752814
138	23	0.787405
138	73	0.731168
138	82	0.720633
138	83	1.74009
138	87	0.713552
138	95	0.757744
138	101	0.740868
138	102	2.02567
138	112	0.685996
138	121	0.759025
138	132	2.15145
138	139	0.746161
138	141	0.778982
138	148	0.760354
138	153	0.753648
138	154	0.749539
138	160	0.757394
138	161	0.754803
138	163	0.747866
138	164	0.75324
138	166	0.744137
138	169	0.75034
138	170	1.89101
138	171	0.748273
138	172	0.740807
138	173	0.751713
138	174	2.1468
138	176	0.812222
138	178	0.754131
138	180	2.06051
139	9	2.19356
139	23	0.777673
139	33	1.48237
139	51	0.741569
139	95	0.748012
139	99	0.737163
139	111	2.27102
139	112	0.676264
139	120	0.752499
139	124	0.749116
139	128	2.21897
139	130	0.737421
139	133	0.72951
139	135	1.94489
139	138	0.746161
139	149	0.744048
139	153	0.743916
139	154	0.739807
139	156	2.29432
139	157	0.759411
139	159	0.740172
139	160	0.747662
139	161	0.745071
139	163	0.738134
139	164	0.743508
139	166	0.734405
139	169	0.740608
139	171	0.738541
139	173	0.74198
139	176	0.80249
139	177	0.744859
140	3	0.715347
140	12	0.714014
140	14	0.793398
140	16	0.79521
140	21	0.778308
140	36	0.758096
140	42	0.756783
140	49	0.74917
140	74	1.68034
140	76	0.708691
140	80	0.71022
140	85	0.703552
140	100	2.2428
140	103	0.73876
140	105	0.727531
140	108	0.719234
140	119	0.764621
140	125	2.02101
140	129	0.740754
140	134	0.745965
140	136	2.07278
140	137	0.747807
140	142	0.732692
140	143	0.765963
140	144	0.733211
140	145	0.756079
140	157	0.758691
140	168	0.743544
140	170	1.99062
140	172	2.40285
140	174	0.74236
141	39	1.59845
141	51	0.774389
141	60	0.761617
141	71	0.749167
141	84	1.72634
141	99	0.769984
141	109	1.94739
141	114	0.746011
141	115	0.793911
141	124	0.781937
141	128	1.76522
141	138	0.778982
141	147	1.95152
141	152	1.69795
141	153	0.776736
141	154	0.772627
141	155	0.775065
141	159	0.772993
141	160	0.780482
141	161	0.777891
141	163	0.770955
141	164	0.776329
141	166	0.767226
141	169	0.773429
141	171	0.771361
141	172	0.763895
141	173	0.774801
