1	47	0.788491
1	57	0.853056
1	94	1.69907
1	100	0.760489
1	103	0.862959
1	106	0.839624
1	117	0.81587
1	143	1.65236
1	163	0.701088
1	164	2.42093
1	165	0.783787
1	169	0.811764
2	16	1.19033
2	24	0.83023
2	73	0.80282
2	76	0.80631
2	101	0.835313
2	111	0.842526
2	140	0.765729
2	148	0.777912
2	162	1.88587
2	163	0.709678
2	169	0.820355
2	175	2.68208
3	4	0.856978
3	26	1.59436
3	30	0.930095
3	65	0.861782
3	83	0.893227
3	101	0.949773
3	111	0.956986
3	138	1.2909
3	162	1.41962
3	163	0.824138
3	169	0.934815
3	171	1.84429
4	3	0.856978
4	42	0.801892
4	65	0.735903
4	72	1.66593
4	76	0.79489
4	101	0.823894
4	111	0.831106
4	148	0.766492
4	151	0.78664
4	158	1.82446
4	168	2.31284
4	169	0.808935
5	20	0.80243
5	46	0.768335
5	89	0.792345
5	112	0.770397
5	114	0.80565
5	115	0.854802
5	133	0.782663
5	140	2.00476
5	141	0.82349
5	154	1.81592
5	169	0.808803
5	173	1.97853
6	51	1.53281
6	85	1.31088
6	93	1.05886
6	124	0.884383
6	166	0.806622
6	168	0.804686
6	170	0.797764
6	172	0.77941
6	173	0.8528
6	178	0.752193
6	179	0.775319
6	180	0.756099
7	36	0.816449
7	51	0.793508
7	78	0.838771
7	89	0.79787
7	97	1.47137
7	107	0.79237
7	112	0.775923
7	132	0.799269
7	135	2.15768
7	148	0.771886
7	160	2.13752
7	169	0.814329
8	17	0.936176
8	51	0.882515
8	105	0.897255
8	107	0.881377
8	112	0.86493
8	114	0.900183
8	115	0.949335
8	138	1.17675
8	161	1.40607
8	162	1.30547
8	169	0.903336
8	172	2.25736
9	15	0.753638
9	19	1.53885
9	39	0.794878
9	53	0.77124
9	64	0.836389
9	68	0.754458
9	81	0.863029
9	141	0.844807
9	143	0.812908
9	151	0.807825
9	165	2.06787
9	173	2.20558
10	52	0.885334
10	67	0.918418
10	116	0.92971
10	126	0.888353
10	136	0.887794
10	142	0.885633
10	144	0.888154
10	147	0.913997
10	150	0.978058
10	168	1.59358
10	173	1.1958
10	178	2.39927
11	87	0.929593
11	128	0.890796
11	134	0.899617
11	136	0.886739
11	142	0.884578
11	144	0.887099
11	145	1.50275
11	147	0.912941
11	151	0.895238
11	154	1.50183
11	156	1.51005
11	157	1.60091
12	15	0.862596
12	39	0.903837
12	53	0.880199
12	68	0.863416
12	78	0.963521
12	113	0.710645
12	133	0.912939
12	143	0.921866
12	151	0.916784
12	164	1.4313
12	174	1.24218
12	176	2.77801
13	29	1.06532
13	62	0.827599
13	128	1.23309
13	133	1.45824
13	167	0.828048
13	171	0.85032
13	172	0.788084
13	174	0.835274
13	176	0.744032
13	177	0.784655
13	179	0.783992
13	180	0.764772
14	56	0.877968
14	60	1.19516
14	79	0.882867
14	84	0.895185
14	98	0.955367
14	102	0.8705
14	110	0.898973
14	120	0.90598
14	138	1.07557
14	153	0.95387
14	172	2.15617
14	174	1.73515
15	9	0.753638
15	12	0.862596
15	40	0.86615
15	53	0.75141
15	64	0.816559
15	68	0.734627
15	81	0.843199
15	133	0.78415
15	141	0.824977
15	148	1.35356
15	167	1.54149
15	176	2.96411
16	2	1.19033
16	21	1.50552
16	76	0.276741
16	126	0.875482
16	166	0.923766
16	172	0.896554
16	173	0.969944
16	175	0.907723
16	177	0.893126
16	178	0.869337
16	179	0.892463
16	180	0.873243
17	8	0.936176
17	58	0.846838
17	89	0.903154
17	91	1.23463
17	107	0.897654
17	112	0.881206
17	114	0.91646
17	141	0.9343
17	145	1.62129
17	148	0.877169
17	150	1.56524
17	160	1.66578
18	23	0.805527
18	72	1.65276
18	79	0.775627
18	84	0.787944
18	110	0.791733
18	120	0.798739
18	153	0.846629
18	155	0.817991
18	160	0.800758
18	162	1.70907
18	164	2.42906
18	165	0.787478
19	9	1.53885
19	59	0.743014
19	104	0.951511
19	151	0.943847
19	159	0.912382
19	161	0.951489
19	172	0.855625
19	173	0.929014
19	176	0.811574
19	177	0.852196
19	178	0.828408
19	179	0.851534
19	180	0.832313
20	5	0.80243
20	89	0.863941
20	97	1.04995
20	105	0.874319
20	107	0.858441
20	112	0.841994
20	114	0.877247
20	115	0.926399
20	132	0.865341
20	159	2.12483
20	162	1.64047
20	165	1.69558
20	169	0.8804
21	16	1.50552
21	56	0.742457
21	84	0.759674
21	98	0.819856
21	105	0.781105
21	110	0.763462
21	120	0.770469
21	129	2.23384
21	139	2.11417
21	141	0.801873
21	152	0.81232
21	155	0.789721
21	160	0.772488
22	50	1.25602
22	92	1.19148
22	101	0.837748
22	141	0.68606
22	166	0.897967
22	170	0.889109
22	172	0.870756
22	174	0.917946
22	176	0.826704
22	177	0.867327
22	178	0.843538
22	179	0.866664
22	180	0.847444
23	18	0.805527
23	98	0.909514
23	102	0.824647
23	119	1.66662
23	120	0.860127
23	130	1.07919
23	140	1.54727
23	141	0.89153
23	153	0.908016
23	155	0.879379
23	160	0.862146
23	165	0.848865
23	172	2.2801
24	2	0.83023
24	73	0.879112
24	80	1.76393
24	83	0.855059
24	94	1.34498
24	101	0.911606
24	111	0.918818
24	135	1.44263
24	140	0.842021
24	148	0.854204
24	163	0.785971
24	167	1.99092
24	169	0.896647
25	27	0.816387
25	28	0.71757
25	38	0.805355
25	43	0.773133
25	48	0.770193
25	63	0.729304
25	75	0.779868
25	85	0.818438
25	135	2.07416
25	152	0.827622
25	160	0.78779
25	161	2.07896
25	165	2.03348
26	3	1.59436
26	116	1.37363
26	132	1.53586
26	152	0.905359
26	158	0.865116
26	170	0.764033
26	172	0.745679
26	173	0.819069
26	174	0.79287
26	177	0.74225
26	178	0.718462
26	179	0.741588
26	180	0.722368
27	25	0.816387
27	28	0.815753
27	43	0.871317
27	48	0.868376
27	63	0.827487
27	75	0.878051
27	85	0.916621
27	99	1.2102
27	148	1.72939
27	152	0.925806
27	157	1.40254
27	160	0.885974
27	177	2.26995
28	25	0.71757
28	27	0.815753
28	41	0.871459
28	43	0.7725
28	44	0.811314
28	48	0.769559
28	75	0.779234
28	85	0.817804
28	121	0.667918
28	153	1.73422
28	160	0.787157
28	165	1.96352
28	168	2.49902
29	13	1.06532
29	59	0.936397
29	61	0.817645
29	71	0.871614
29	82	0.842306
29	92	0.879846
29	95	0.852895
29	96	0.919562
29	123	1.49299
29	140	0.834388
29	155	0.89155
29	168	1.62814
29	177	2.03424
30	3	0.930095
30	70	1.41447
30	76	0.868007
30	83	0.840464
30	101	0.897011
30	111	0.904223
30	140	0.827426
30	143	1.70573
30	151	0.859757
30	153	1.58012
30	154	1.78453
30	163	0.771375
30	169	0.882052
31	73	1.19735
31	83	1.22165
31	106	0.616031
31	162	0.981579
31	169	0.825143
31	171	0.921378
31	172	0.859141
31	175	0.87031
31	176	0.81509
31	177	0.855713
31	178	0.831924
31	179	0.85505
31	180	0.83583
32	58	2.4871
32	64	2.03205
32	108	0.859494
32	135	0.779966
32	162	0.78657
32	163	0.688002
32	164	0.687987
32	170	0.682487
32	172	0.664133
32	174	0.711324
32	178	0.636916
32	179	0.660042
32	180	0.640822
33	68	0.845109
33	74	1.24467
33	154	0.964432
33	155	0.880257
33	164	0.873522
33	169	0.844843
33	170	0.868022
33	172	0.849668
33	173	0.923057
33	177	0.846239
33	178	0.82245
33	179	0.845576
33	180	0.826356
34	59	0.843177
34	61	0.724426
34	71	0.778395
34	82	0.749086
34	92	0.786626
34	95	0.759676
34	96	0.826343
34	117	0.7999
34	118	1.88568
34	143	0.778582
34	155	0.79833
34	164	2.48628
34	165	1.82139
35	86	0.831375
35	125	0.880353
35	126	0.860266
35	128	0.863764
35	136	0.859708
35	137	0.890916
35	140	1.24666
35	142	0.857547
35	144	0.860067
35	147	0.88591
35	148	1.48375
35	174	1.55847
35	180	2.28725
36	7	0.816449
36	58	0.816119
36	89	0.872434
36	107	0.866934
36	112	0.850487
36	114	0.88574
36	115	0.934892
36	133	0.862753
36	165	1.24343
36	167	1.8324
36	169	0.888893
36	173	1.38115
36	179	2.10839
37	116	0.89182
37	126	0.850464
37	127	1.41335
37	128	0.853962
37	136	0.849905
37	137	0.881114
37	142	0.847744
37	144	0.850265
37	147	0.876107
37	155	0.883235
37	156	1.50357
37	161	1.56572
37	168	2.05574
38	25	0.805355
38	43	0.860285
38	44	0.899099
38	48	0.857345
38	63	0.816456
38	75	0.867019
38	85	0.90559
38	139	1.04405
38	152	0.914774
38	159	1.61531
38	160	0.874942
38	167	1.77502
38	177	2.12765
39	9	0.794878
39	12	0.903837
39	53	0.79265
39	64	0.857799
39	68	0.775868
39	81	0.884439
39	122	1.46674
39	133	0.82539
39	141	0.866217
39	151	0.829235
39	153	0.882703
39	159	1.91545
39	165	1.48619
39	167	2.07515
40	15	0.86615
40	53	0.883753
40	78	0.967075
40	81	0.975542
40	133	0.916493
40	141	0.95732
40	143	0.92542
40	146	0.922745
40	151	0.920338
40	153	0.973806
40	173	0.94799
40	177	1.75187
40	179	1.67523
40	180	2.01481
41	28	0.871459
41	43	0.927022
41	44	0.965837
41	48	0.924082
41	63	0.883193
41	75	0.933757
41	85	0.972327
41	119	1.33762
41	148	1.45536
41	152	0.981511
41	153	0.825022
41	160	0.941679
41	175	1.79543
41	179	1.91928
42	4	0.801892
42	45	0.859027
42	65	0.806696
42	73	0.862194
42	83	0.838141
42	97	1.00652
42	111	0.9019
42	135	1.69283
42	140	0.825102
42	151	0.857433
42	156	1.63548
42	163	0.769052
42	169	0.879729
42	177	2.59374
43	25	0.773133
43	27	0.871317
43	28	0.7725
43	38	0.860285
43	41	0.927022
43	44	0.866878
43	63	0.784234
43	75	0.834798
43	85	0.873368
43	124	1.41225
43	148	1.97873
43	158	1.62481
43	160	0.842721
43	171	1.94726
44	28	0.811314
44	38	0.899099
44	41	0.965837
44	43	0.866878
44	63	0.823048
44	75	0.873612
44	85	0.912182
44	121	0.762296
44	158	1.12147
44	160	0.881535
44	173	1.21207
44	175	1.81545
44	178	2.41554
45	42	0.859027
45	65	0.793038
45	73	0.848535
45	76	0.852025
45	83	0.824482
45	91	1.27757
45	101	0.881029
45	111	0.888241
45	138	1.50437
45	148	0.823627
45	152	1.59355
45	163	0.755394
45	169	0.86607
45	179	2.55315
46	5	0.768335
46	51	0.825484
46	89	0.829846
46	93	0.903248
46	107	0.824346
46	112	0.807898
46	114	0.843151
46	115	0.892304
46	138	0.75809
46	141	0.860992
46	159	1.37117
46	169	0.846304
46	176	2.9535
46	177	1.88352
47	1	0.788491
47	50	0.83055
47	57	0.904791
47	74	0.839998
47	100	0.812224
47	103	0.914693
47	106	0.891359
47	130	1.44062
47	131	1.42221
47	160	1.76526
47	163	0.752822
47	165	0.835521
47	168	2.28024
47	169	0.863499
48	25	0.770193
48	27	0.868376
48	28	0.769559
48	38	0.857345
48	41	0.924082
48	63	0.781294
48	75	0.831857
48	85	0.870428
48	88	1.25091
48	152	0.879612
48	154	1.66698
48	157	1.76606
48	160	0.83978
48	168	2.22737
49	54	0.79958
49	87	0.870394
49	88	1.42338
49	104	0.855358
49	128	0.831597
49	134	0.840418
49	136	0.827541
49	137	0.858749
49	142	0.82538
49	144	0.8279
49	147	0.853743
49	153	1.63504
49	156	1.84767
49	173	2.00206
50	22	1.25602
50	47	0.83055
50	57	0.895115
50	100	0.802548
50	103	0.905017
50	106	0.881683
50	129	1.71876
50	130	1.43697
50	132	0.838764
50	133	0.827683
50	159	2.17035
50	163	0.743147
50	165	0.825845
50	169	0.853823
51	6	1.53281
51	7	0.793508
51	8	0.882515
51	46	0.825484
51	58	0.793178
51	89	0.849493
51	91	1.10583
51	107	0.843993
51	112	0.827546
51	114	0.862799
51	131	1.19393
51	132	0.850893
51	169	0.865952
51	180	2.721
52	10	0.885334
52	86	0.79439
52	116	0.864638
52	125	0.843368
52	126	0.823281
52	134	0.8356
52	137	0.853931
52	139	1.34954
52	142	0.820562
52	144	0.823082
52	146	1.60402
52	147	0.848925
52	159	1.9208
52	167	2.08051
53	9	0.77124
53	12	0.880199
53	15	0.75141
53	39	0.79265
53	40	0.883753
53	64	0.834162
53	68	0.75223
53	81	0.860802
53	133	0.801753
53	143	0.81068
53	148	1.63679
53	153	0.859066
53	166	1.85394
53	168	1.77125
53	172	2.13253
54	49	0.79958
54	87	0.840077
54	94	1.88515
54	108	1.68241
54	113	1.88635
54	116	0.839138
54	117	0.832123
54	125	0.817868
54	128	0.80128
54	134	0.810101
54	136	0.797223
54	137	0.828432
54	144	0.797583
54	147	0.823425
54	152	1.84748
55	94	1.75104
55	116	0.844463
55	123	2.20837
55	125	0.823193
55	126	0.803106
55	128	0.806604
55	131	1.48548
55	132	0.818283
55	134	0.815425
55	136	0.802548
55	137	0.833756
55	142	0.800387
55	144	0.802907
55	147	0.82875
55	160	1.82853
56	14	0.877968
56	21	0.742457
56	66	0.771204
56	84	0.814532
56	102	0.789848
56	108	1.41983
56	120	0.825327
56	124	0.812472
56	140	1.8435
56	141	0.856731
56	152	0.867178
56	160	0.827346
56	165	0.814066
56	167	2.26851
56	173	1.81727
57	1	0.853056
57	47	0.904791
57	50	0.895115
57	74	0.904564
57	94	1.31976
57	100	0.87679
57	103	0.979259
57	106	0.955924
57	152	1.28209
57	153	1.14744
57	163	0.817388
57	165	0.900087
57	166	1.99492
57	168	1.91224
57	169	0.928065
58	17	0.846838
58	32	2.4871
58	36	0.816119
58	51	0.793178
58	78	0.838441
58	93	0.870942
58	107	0.79204
58	112	0.775592
58	114	0.810845
58	115	0.859997
58	148	0.771555
58	158	1.55154
58	162	1.44931
58	165	1.50442
58	169	0.813998
59	19	0.743014
59	29	0.936397
59	34	0.843177
59	61	0.862786
59	71	0.916755
59	82	0.887446
59	92	0.924987
59	95	0.898036
59	96	0.964703
59	140	0.879529
59	143	0.916942
59	145	1.24806
59	164	1.93691
59	165	1.27203
59	179	2.13699
60	14	1.19516
60	65	1.38158
60	81	1.10195
60	115	1.31999
60	164	0.837763
60	166	0.841121
60	167	0.853873
60	170	0.832263
60	172	0.813909
60	174	0.8611
60	175	0.825078
60	176	0.769858
60	178	0.786692
60	179	0.809818
60	180	0.790597
61	29	0.817645
61	34	0.724426
61	59	0.862786
61	71	0.798004
61	78	0.839846
61	82	0.768695
61	92	0.806235
61	95	0.779285
61	96	0.845952
61	140	0.760777
61	143	0.798191
61	154	1.32731
61	155	0.817939
61	172	2.24898
61	173	1.48992
61	178	2.6934
62	13	0.827599
62	69	2.89361
62	75	2.52844
62	159	0.713955
62	162	0.779635
62	167	0.697162
62	171	0.719434
62	173	0.730587
62	174	0.704388
62	175	0.668366
62	176	0.613146
62	177	0.653769
62	178	0.62998
62	179	0.653106
62	180	0.633886
63	25	0.729304
63	27	0.827487
63	38	0.816456
63	41	0.883193
63	43	0.784234
63	44	0.823048
63	48	0.781294
63	75	0.790968
63	85	0.829539
63	121	0.679652
63	124	1.76755
63	138	1.74917
63	152	0.838723
63	156	1.91633
63	160	0.798891
63	171	2.30256
64	9	0.836389
64	15	0.816559
64	32	2.03205
64	39	0.857799
64	53	0.834162
64	68	0.817379
64	78	0.917484
64	81	0.92595
64	141	0.907729
64	143	0.875829
64	151	0.870746
64	153	0.924215
64	162	0.994267
64	163	2.00283
64	165	1.04938
64	166	1.66756
65	3	0.861782
65	4	0.735903
65	42	0.806696
65	45	0.793038
65	60	1.38158
65	83	0.772152
65	93	0.870683
65	101	0.828698
65	111	0.835911
65	127	1.33893
65	148	0.771297
65	151	0.791444
65	163	0.703063
65	169	0.81374
65	174	1.92158
65	178	2.78702
66	56	0.771204
66	79	0.776104
66	84	0.788421
66	98	0.848603
66	102	0.763737
66	105	0.809852
66	110	0.792209
66	120	0.799216
66	141	0.83062
66	146	1.69559
66	153	0.847106
66	156	1.56645
66	160	0.801235
66	165	0.787955
66	174	2.05888
66	179	2.44808
67	10	0.918418
67	69	0.866649
67	125	0.876452
67	126	0.856365
67	128	0.859863
67	134	0.868684
67	137	0.887015
67	142	0.853646
67	144	0.856166
67	147	0.882009
67	150	1.31996
67	151	0.864306
67	153	1.17068
67	154	1.37508
67	174	1.87573
67	177	2.34157
68	9	0.754458
68	12	0.863416
68	15	0.734627
68	33	0.845109
68	39	0.775868
68	53	0.75223
68	64	0.817379
68	81	0.844019
68	121	2.71448
68	133	0.78497
68	141	0.825797
68	143	0.793897
68	151	0.788815
68	153	0.842283
68	161	1.28486
68	178	2.58058
69	62	2.89361
69	67	0.866649
69	86	0.807694
69	104	0.863844
69	108	1.13188
69	125	0.856671
69	126	0.836585
69	127	1.28471
69	134	0.848904
69	136	0.836026
69	137	0.867235
69	142	0.833865
69	144	0.836386
69	145	1.36763
69	147	0.862228
69	155	0.869356
69	158	1.43872
70	30	1.41447
70	84	1.24191
70	87	1.08012
70	105	0.998559
70	141	0.776184
70	149	0.942522
70	161	0.925546
70	164	0.853536
70	170	0.848036
70	172	0.829682
70	173	0.903072
70	174	0.876873
70	176	0.785631
70	177	0.826253
70	178	0.802465
70	179	0.825591
70	180	0.80637
71	29	0.871614
71	34	0.778395
71	59	0.916755
71	61	0.798004
71	78	0.893815
71	82	0.822664
71	92	0.860204
71	95	0.833254
71	96	0.899921
71	140	0.814746
71	143	0.85216
71	149	1.58217
71	150	1.35983
71	155	0.871908
71	162	1.38474
71	164	2.10473
71	166	2.05803
72	4	1.66593
72	18	1.65276
72	101	1.21141
72	121	0.788452
72	134	1.21972
72	161	0.883707
72	166	0.815055
72	168	0.813119
72	172	0.787844
72	173	0.861233
72	174	0.835034
72	176	0.743792
72	177	0.784415
72	178	0.760626
72	179	0.783752
72	180	0.764532
73	2	0.80282
73	24	0.879112
73	31	1.19735
73	42	0.862194
73	45	0.848535
73	76	0.855192
73	93	0.926181
73	111	0.891409
73	138	1.42749
73	140	0.814611
73	143	1.50764
73	148	0.826794
73	151	0.846942
73	161	1.65681
73	163	0.758561
73	169	0.869238
73	175	2.35243
74	33	1.24467
74	47	0.839998
74	57	0.904564
74	100	0.811997
74	103	0.914466
74	105	0.857191
74	106	0.891131
74	124	0.833699
74	132	0.848212
74	133	0.837132
74	135	1.67962
74	146	1.75142
74	158	1.68606
74	163	0.752595
74	165	0.835294
74	169	0.863272
74	173	1.77666
75	25	0.779868
75	27	0.878051
75	28	0.779234
75	38	0.867019
75	41	0.933757
75	43	0.834798
75	44	0.873612
75	48	0.831857
75	62	2.52844
75	63	0.790968
75	85	0.880102
75	109	0.958906
75	145	1.00247
75	152	0.889287
75	160	0.849455
75	171	1.396
75	180	2.23098
76	2	0.80631
76	4	0.79489
76	16	0.276741
76	30	0.868007
76	45	0.852025
76	73	0.855192
76	83	0.831139
76	93	0.929671
76	101	0.887685
76	111	0.894898
76	113	0.971613
76	148	0.830284
76	163	0.76205
76	169	0.872727
76	172	1.92417
76	176	3.03898
76	177	1.96899
77	80	1.74663
77	87	0.816181
77	90	0.803573
77	104	0.801145
77	116	0.815243
77	121	0.670186
77	125	0.793973
77	128	0.777384
77	134	0.786205
77	136	0.773328
77	137	0.804537
77	142	0.771167
77	144	0.773687
77	147	0.79953
77	149	1.52697
77	177	2.32625
77	180	2.58919
78	7	0.838771
78	12	0.963521
78	40	0.967075
78	58	0.838441
78	61	0.839846
78	64	0.917484
78	71	0.893815
78	92	0.902046
78	95	0.875096
78	108	0.810215
78	114	0.908062
78	129	1.0476
78	153	0.942388
78	163	2.02339
78	169	0.911215
78	170	1.81844
78	172	1.96671
78	174	1.54569
79	14	0.882867
79	18	0.775627
79	66	0.776104
79	84	0.819432
79	98	0.879614
79	102	0.794747
79	110	0.82322
79	120	0.830227
79	124	0.817371
79	138	1.2758
79	141	0.861631
79	148	1.86066
79	152	0.872078
79	155	0.849479
79	157	1.53382
79	165	0.818966
79	174	1.93538
79	179	2.32458
80	24	1.76393
80	77	1.74663
80	92	0.811222
80	95	0.784272
80	96	0.850939
80	106	1.39198
80	107	0.798432
80	114	0.817237
80	143	0.803178
80	147	1.60762
80	148	0.777947
80	155	0.822926
80	169	0.820391
80	171	0.748082
80	173	0.759235
80	175	0.697014
80	178	0.658628
80	180	0.662534
81	9	0.863029
81	15	0.843199
81	39	0.884439
81	40	0.975542
81	53	0.860802
81	60	1.10195
81	64	0.92595
81	68	0.844019
81	119	1.44949
81	123	1.56655
81	129	1.14386
81	133	0.893542
81	141	0.934369
81	143	0.902469
81	151	0.897386
81	153	0.950855
81	157	1.24038
81	180	2.37073
82	29	0.842306
82	34	0.749086
82	59	0.887446
82	61	0.768695
82	71	0.822664
82	92	0.830896
82	95	0.803945
82	96	0.870612
82	97	0.9197
82	117	0.844169
82	119	1.64965
82	140	0.785437
82	143	0.822851
82	152	1.27171
82	155	0.842599
82	166	1.98454
82	168	1.90185
82	175	2.10746
83	3	0.893227
83	24	0.855059
83	30	0.840464
83	31	1.22165
83	42	0.838141
83	45	0.824482
83	65	0.772152
83	76	0.831139
83	101	0.860143
83	111	0.867355
83	124	1.47017
83	140	0.790558
83	151	0.822889
83	157	1.70981
83	163	0.734508
83	169	0.845184
83	173	1.77334
83	175	2.37673
84	14	0.895185
84	18	0.787944
84	21	0.759674
84	56	0.814532
84	66	0.788421
84	70	1.24191
84	79	0.819432
84	98	0.891931
84	102	0.807065
84	110	0.835538
84	120	0.842544
84	143	1.53318
84	150	1.55684
84	152	0.884395
84	156	1.6202
84	160	0.844563
84	163	2.59032
84	165	0.831283
85	6	1.31088
85	25	0.818438
85	27	0.916621
85	28	0.817804
85	38	0.90559
85	41	0.972327
85	43	0.873368
85	44	0.912182
85	48	0.870428
85	63	0.829539
85	75	0.880102
85	109	1.227
85	121	0.768786
85	130	0.990406
85	152	0.927857
85	160	0.888025
85	170	2.04304
85	171	1.66409
85	175	2.03564
86	35	0.831375
86	52	0.79439
86	69	0.807694
86	90	0.827096
86	104	0.824668
86	116	0.838766
86	127	1.41607
86	128	0.800907
86	132	0.812586
86	134	0.809728
86	136	0.796851
86	137	0.82806
86	142	0.79469
86	144	0.79721
86	147	0.823053
86	159	1.95222
86	165	1.52297
86	167	2.11193
86	170	2.27147
87	11	0.929593
87	49	0.870394
87	54	0.840077
87	70	1.08012
87	77	0.816181
87	90	0.898282
87	125	0.888682
87	126	0.868596
87	131	1.15254
87	134	0.880914
87	136	0.868037
87	137	0.899246
87	139	1.33306
87	142	0.865876
87	144	0.868396
87	146	1.58754
87	147	0.894239
87	162	1.41996
87	180	2.6796
88	48	1.25091
88	49	1.42338
88	101	0.881865
88	115	0.943267
88	117	1.01168
88	146	0.968763
88	162	0.970436
88	167	0.887962
88	168	0.873274
88	169	0.798155
88	171	0.910235
88	173	0.921388
88	174	0.895189
88	175	0.859167
88	176	0.803947
88	177	0.84457
88	178	0.820781
88	179	0.843907
88	180	0.824687
89	5	0.792345
89	7	0.79787
89	17	0.903154
89	20	0.863941
89	36	0.872434
89	46	0.829846
89	51	0.849493
89	107	0.848355
89	114	0.867161
89	115	0.916313
89	132	0.855255
89	141	0.885001
89	148	0.827871
89	157	1.1826
89	159	1.53767
89	163	2.06187
89	166	1.7266
89	169	0.870314
89	171	1.47797
89	177	2.05001
90	77	0.803573
90	86	0.827096
90	87	0.898282
90	104	0.883246
90	116	0.897343
90	121	0.752286
90	126	0.855987
90	128	0.859485
90	134	0.868306
90	136	0.855428
90	137	0.886637
90	142	0.853267
90	144	0.855788
90	147	0.88163
90	152	0.985604
90	160	1.10077
90	163	2.03371
90	174	1.55601
90	178	2.42145
90	179	1.94521
91	17	1.23463
91	45	1.27757
91	51	1.10583
91	102	1.27159
91	137	1.01553
91	142	1.07282
91	156	0.939205
91	159	0.879586
91	161	0.918692
91	162	0.945265
91	168	0.848104
91	170	0.841182
91	171	0.885065
91	172	0.822828
91	174	0.870019
91	175	0.833997
91	177	0.819399
91	178	0.795611
91	179	0.818737
91	180	0.799517
92	22	1.19148
92	29	0.879846
92	34	0.786626
92	59	0.924987
92	61	0.806235
92	71	0.860204
92	78	0.902046
92	80	0.811222
92	82	0.830896
92	95	0.841485
92	96	0.908152
92	117	0.88171
92	118	1.74085
92	140	0.822978
92	143	0.860392
92	149	1.81888
92	153	1.44726
92	155	0.88014
92	157	1.75075
92	161	1.72204
93	6	1.05886
93	46	0.903248
93	58	0.870942
93	65	0.870683
93	73	0.926181
93	76	0.929671
93	100	0.892441
93	101	0.958674
93	103	0.99491
93	106	0.971576
93	115	0.989715
93	133	0.917576
93	135	1.08319
93	146	1.15498
93	157	1.1167
93	159	1.47176
93	160	1.06303
93	163	0.833039
93	169	0.943716
93	176	3.05409
94	1	1.69907
94	24	1.34498
94	54	1.88515
94	55	1.75104
94	57	1.31976
94	157	0.892675
94	159	0.830618
94	161	0.869724
94	164	0.797714
94	166	0.801072
94	168	0.799136
94	170	0.792214
94	171	0.836096
94	173	0.84725
94	175	0.785029
94	176	0.729809
94	177	0.770431
94	178	0.746643
94	179	0.769769
94	180	0.750548
95	29	0.852895
95	34	0.759676
95	59	0.898036
95	61	0.779285
95	71	0.833254
95	78	0.875096
95	80	0.784272
95	82	0.803945
95	92	0.841485
95	96	0.881202
95	97	0.930289
95	117	0.854759
95	121	2.71032
95	140	0.796027
95	143	0.833441
95	146	1.34769
95	149	1.37754
95	155	0.853189
95	158	1.28234
95	164	1.9001
95	167	1.82418
96	29	0.919562
96	34	0.826343
96	59	0.964703
96	61	0.845952
96	71	0.899921
96	80	0.850939
96	82	0.870612
96	92	0.908152
96	95	0.881202
96	97	0.996956
96	99	1.24597
96	117	0.921426
96	135	1.40481
96	140	0.862694
96	143	0.900108
96	148	1.76516
96	150	1.28411
96	155	0.919856
96	161	1.40961
96	163	2.31758
96	165	1.36413
97	7	1.47137
97	20	1.04995
97	42	1.00652
97	82	0.9197
97	95	0.930289
97	96	0.996956
97	100	0.970682
97	102	1.03659
97	107	0.6505
97	117	0.970514
97	126	0.936172
97	128	0.93967
97	133	0.839942
97	137	0.966822
97	144	0.935973
97	147	0.961816
97	176	0.787812
97	177	0.828434
97	178	0.804646
97	179	0.827772
97	180	0.808551
98	14	0.955367
98	21	0.819856
98	23	0.909514
98	66	0.848603
98	79	0.879614
98	84	0.891931
98	102	0.867247
98	109	1.05308
98	110	0.89572
98	119	1.40391
98	120	0.902726
98	140	1.28456
98	152	0.944577
98	153	0.950616
98	155	0.921978
98	160	0.904745
98	165	0.891465
98	168	1.65611
98	170	1.86913
98	171	1.49018
98	172	2.0174
99	27	1.2102
99	96	1.24597
99	100	1.49815
99	107	1.17797
99	139	0.947185
99	145	0.943171
99	155	1.15637
99	158	0.91045
99	164	0.814868
99	166	0.818225
99	167	0.830977
99	168	0.816289
99	169	1.12096
99	171	0.85325
99	172	0.791013
99	174	0.838204
99	175	0.802182
99	176	0.746962
99	177	0.787585
99	178	0.763796
99	179	0.786922
99	180	0.767702
100	1	0.760489
100	47	0.812224
100	50	0.802548
100	57	0.87679
100	74	0.811997
100	93	0.892441
100	97	0.970682
100	99	1.49815
100	103	0.886692
100	105	0.829417
100	106	0.863357
100	117	0.839603
100	124	0.805925
100	132	0.820438
100	133	0.809358
100	138	1.43248
100	160	1.63683
100	163	0.724821
100	165	0.80752
100	166	2.23449
100	169	0.835498
100	170	2.36482
101	2	0.835313
101	3	0.949773
101	4	0.823894
101	22	0.837748
101	24	0.911606
101	30	0.897011
101	45	0.881029
101	65	0.828698
101	72	1.21141
101	76	0.887685
101	83	0.860143
101	88	0.881865
101	93	0.958674
101	111	0.923902
101	121	2.79793
101	129	1.30049
101	140	0.847105
101	151	0.879435
101	154	1.29793
101	163	0.791054
101	169	0.901731
101	174	1.79858
102	14	0.8705
102	23	0.824647
102	56	0.789848
102	66	0.763737
102	79	0.794747
102	84	0.807065
102	91	1.27159
102	97	1.03659
102	98	0.867247
102	105	0.828496
102	110	0.810853
102	120	0.81786
102	124	0.805004
102	152	0.859711
102	153	0.86575
102	155	0.837112
102	157	1.75641
102	160	0.819879
102	161	1.7277
102	165	0.806598
102	173	1.81994
102	179	2.54717
103	1	0.862959
103	47	0.914693
103	50	0.905017
103	57	0.979259
103	74	0.914466
103	93	0.99491
103	100	0.886692
103	105	0.931886
103	106	0.965827
103	118	1.55931
103	123	1.89537
103	124	0.908395
103	131	1.17248
103	132	0.922907
103	133	0.911827
103	143	1.39133
103	153	1.26572
103	154	1.47012
103	160	1.51553
103	161	1.5405
103	163	0.82729
103	165	0.909989
103	169	0.937967
104	19	0.951511
104	49	0.855358
104	69	0.863844
104	77	0.801145
104	86	0.824668
104	90	0.883246
104	109	1.41299
104	116	0.894916
104	125	0.873646
104	126	0.85356
104	128	0.857057
104	134	0.865878
104	136	0.853001
104	137	0.88421
104	142	0.85084
104	144	0.85336
104	147	0.879203
104	148	1.88156
104	150	1.40051
104	154	1.45564
104	155	0.886331
104	162	1.42542
104	180	2.68506
105	8	0.897255
105	20	0.874319
105	21	0.781105
105	66	0.809852
105	70	0.998559
105	74	0.857191
105	100	0.829417
105	102	0.828496
105	103	0.931886
105	106	0.908552
105	110	0.856968
105	112	0.842286
105	115	0.926691
105	120	0.863975
105	133	0.854552
105	140	1.55746
105	143	1.28982
105	145	1.36954
105	154	1.36862
105	165	0.852714
105	166	2.01169
105	169	0.880692
105	180	2.59805
106	1	0.839624
106	31	0.616031
106	47	0.891359
106	50	0.881683
106	57	0.955924
106	74	0.891131
106	80	1.39198
106	93	0.971576
106	100	0.863357
106	103	0.965827
106	105	0.908552
106	117	0.918738
106	119	1.3133
106	124	0.88506
106	127	0.923108
106	132	0.899573
106	133	0.888492
106	152	0.935356
106	160	1.05052
106	163	0.803956
106	165	0.886655
106	169	0.914632
106	176	3.04159
106	178	2.3712
107	7	0.79237
107	8	0.881377
107	17	0.897654
107	20	0.858441
107	36	0.866934
107	46	0.824346
107	51	0.843993
107	58	0.79204
107	80	0.798432
107	89	0.848355
107	97	0.6505
107	99	1.17797
107	112	0.826408
107	114	0.861661
107	115	0.910813
107	119	1.57942
107	132	0.849755
107	133	0.838674
107	148	0.822371
107	149	1.43844
107	163	2.24958
107	169	0.864814
107	172	2.1929
107	175	2.03723
108	32	0.859494
108	54	1.68241
108	56	1.41983
108	69	1.13188
108	78	0.810215
108	112	1.16198
108	132	1.15651
108	133	1.22585
108	139	0.969215
108	146	0.933808
108	159	0.869801
108	162	0.93548
108	164	0.836897
108	166	0.840255
108	168	0.838319
108	171	0.875279
108	172	0.813043
108	174	0.860234
108	175	0.824212
108	176	0.768992
108	177	0.809614
108	178	0.785826
108	179	0.808952
108	180	0.789732
109	75	0.958906
109	85	1.227
109	98	1.05308
109	104	1.41299
109	114	1.23587
109	132	1.3487
109	137	1.35863
109	146	0.933994
109	157	0.932044
109	159	0.869987
109	161	0.909093
109	166	0.840441
109	167	0.853194
109	168	0.838505
109	170	0.831584
109	171	0.875466
109	173	0.886619
109	174	0.86042
109	175	0.824399
109	176	0.769179
109	177	0.809801
109	178	0.786013
109	179	0.809139
109	180	0.789918
110	14	0.898973
110	18	0.791733
110	21	0.763462
110	66	0.792209
110	79	0.82322
110	84	0.835538
110	98	0.89572
110	102	0.810853
110	105	0.856968
110	120	0.846333
110	124	0.833477
110	141	0.877736
110	143	1.09452
110	149	1.34053
110	152	0.888184
110	153	0.894222
110	155	0.865585
110	158	1.24533
110	160	0.848352
110	164	1.86309
110	165	0.835071
110	170	1.94672
110	175	1.93932
110	178	2.53941
111	2	0.842526
111	3	0.956986
111	4	0.831106
111	24	0.918818
111	30	0.904223
111	42	0.9019
111	45	0.888241
111	65	0.835911
111	73	0.891409
111	76	0.894898
111	83	0.867355
111	101	0.923902
111	140	0.854317
111	148	0.8665
111	151	0.886648
111	157	1.27391
111	161	1.24521
111	162	1.14461
111	163	0.798267
111	165	1.19972
111	167	1.78869
111	169	0.908944
111	171	1.56928
111	179	2.06468
111	180	2.40426
112	5	0.770397
112	7	0.775923
112	8	0.86493
112	17	0.881206
112	20	0.841994
112	36	0.850487
112	46	0.807898
112	51	0.827546
112	58	0.775592
112	105	0.842286
112	107	0.826408
112	108	1.16198
112	114	0.845213
112	115	0.894366
112	132	0.833307
112	133	0.822226
112	141	0.863053
112	148	0.805923
112	150	1.34168
112	156	1.40503
112	165	1.4217
112	169	0.848366
112	174	1.89745
112	175	2.1628
112	180	2.62623
113	12	0.710645
113	54	1.88635
113	76	0.971613
113	132	1.36046
113	133	1.42979
113	141	1.11536
113	147	1.18987
113	149	0.906907
113	154	0.908831
113	158	0.913503
113	161	0.88993
113	162	0.916504
113	164	0.817921
113	168	0.819342
113	170	0.81242
113	171	0.856303
113	172	0.794067
113	173	0.867456
113	174	0.841257
113	175	0.805235
113	176	0.750015
113	177	0.790638
113	178	0.766849
113	179	0.789975
113	180	0.770755
114	5	0.80565
114	8	0.900183
114	17	0.91646
114	20	0.877247
114	36	0.88574
114	46	0.843151
114	51	0.862799
114	58	0.810845
114	78	0.908062
114	80	0.817237
114	89	0.867161
114	107	0.861661
114	109	1.23587
114	112	0.845213
114	115	0.929619
114	130	0.99928
114	132	0.86856
114	133	0.85748
114	145	1.27944
114	148	0.841176
114	150	1.22339
114	161	1.34889
114	165	1.30341
114	169	0.88362
114	175	2.04451
114	176	3.31499
115	5	0.854802
115	8	0.949335
115	20	0.926399
115	36	0.934892
115	46	0.892304
115	58	0.859997
115	60	1.31999
115	88	0.943267
115	89	0.916313
115	93	0.989715
115	105	0.926691
115	107	0.910813
115	112	0.894366
115	114	0.929619
115	122	1.36478
115	129	1.36189
115	132	0.917712
115	133	0.906632
115	141	0.947459
115	148	0.890329
115	149	1.52654
115	153	1.15493
115	159	1.81348
115	165	1.38423
115	169	0.932772
115	174	1.85998
116	10	0.92971
116	26	1.37363
116	37	0.89182
116	52	0.864638
116	54	0.839138
116	55	0.844463
116	77	0.815243
116	86	0.838766
116	90	0.897343
116	104	0.894916
116	121	0.763957
116	123	1.65436
116	125	0.887744
116	126	0.867657
116	128	0.871155
116	134	0.879976
116	136	0.867099
116	142	0.864938
116	144	0.867458
116	147	0.893301
116	148	1.65504
116	149	1.39632
116	150	1.17398
116	156	1.23733
116	177	2.1956
116	179	2.11896
117	1	0.81587
117	34	0.7999
117	54	0.832123
117	82	0.844169
117	88	1.01168
117	92	0.88171
117	95	0.854759
117	96	0.921426
117	97	0.970514
117	100	0.839603
117	106	0.918738
117	125	0.880729
117	127	1.34574
117	134	0.872961
117	138	1.26881
117	142	0.857922
117	144	0.860443
117	146	1.56511
117	147	0.886286
117	149	1.59495
117	160	1.47316
117	163	0.780201
117	165	0.8629
117	169	0.890878
117	171	1.8222
117	180	2.65717
118	34	1.88568
118	92	1.74085
118	103	1.55931
118	122	0.865503
118	128	1.32471
118	136	1.55847
118	143	0.848561
118	149	0.844068
118	156	0.847604
118	158	0.850665
118	161	0.827091
118	162	0.853665
118	166	0.758439
118	168	0.756503
118	169	1.3034
118	170	0.749582
118	171	0.793464
118	172	0.731228
118	173	0.804617
118	174	0.778418
118	175	0.742397
118	176	0.687177
118	177	0.727799
118	178	0.704011
118	179	0.727137
118	180	0.707916
119	23	1.66662
119	41	1.33762
119	81	1.44949
119	82	1.64965
119	98	1.40391
119	106	1.3133
119	107	1.57942
119	135	0.890356
119	146	0.895287
119	156	0.890899
119	157	0.893337
119	161	0.870386
119	162	0.89696
119	164	0.798377
119	166	0.801734
119	167	0.814487
119	170	0.792877
119	171	0.836759
119	172	0.774523
119	173	0.847912
119	174	0.821713
119	175	0.785692
119	176	0.730472
119	178	0.747306
119	179	0.770432
119	180	0.751211
120	14	0.90598
120	18	0.798739
120	21	0.770469
120	23	0.860127
120	56	0.825327
120	66	0.799216
120	79	0.830227
120	84	0.842544
120	98	0.902726
120	102	0.81786
120	105	0.863975
120	110	0.846333
120	124	0.840484
120	127	1.25279
120	131	1.03715
120	141	0.884743
120	146	1.47215
120	152	0.89519
120	153	0.901229
120	154	1.33479
120	155	0.872591
120	160	0.855358
120	163	2.31314
120	165	0.842078
120	170	2.10819
120	171	1.72924
120	179	2.22464
121	28	0.667918
121	44	0.762296
121	63	0.679652
121	68	2.71448
121	72	0.788452
121	77	0.670186
121	85	0.768786
121	90	0.752286
121	95	2.71032
121	101	2.79793
121	116	0.763957
121	126	0.7226
121	137	0.75325
121	141	2.64624
121	142	0.71988
121	144	0.722401
121	152	0.77797
121	157	0.737105
121	159	0.675048
121	160	0.738138
121	165	0.724858
121	171	0.680527
121	172	0.618291
121	173	0.69168
121	176	0.574239
121	178	0.591074
121	179	0.614199
121	180	0.594979
122	39	1.46674
122	115	1.36478
122	118	0.865503
122	128	1.24097
122	133	1.46611
122	142	1.46399
122	150	0.924341
122	154	0.866722
122	155	1.25508
122	157	0.870772
122	158	0.871394
122	159	0.808715
122	161	0.847821
122	164	0.775812
122	166	0.779169
122	167	0.791921
122	168	0.777233
122	169	1.21966
122	170	0.770311
122	171	0.814194
122	173	0.825347
122	174	0.799148
122	175	0.763126
122	176	0.707906
122	177	0.748529
122	178	0.72474
122	179	0.747866
122	180	0.728646
123	29	1.49299
123	55	2.20837
123	81	1.56655
123	103	1.89537
123	116	1.65436
123	147	1.646
123	148	0.813104
123	150	0.893385
123	154	0.835766
123	156	0.837378
123	158	0.840438
123	161	0.816865
123	162	0.843439
123	164	0.744856
123	166	0.748213
123	167	0.760965
123	168	0.746277
123	170	0.739356
123	171	0.783238
123	173	0.794391
123	174	0.768192
123	175	0.73217
123	176	0.67695
123	177	0.717573
123	178	0.693784
123	179	0.71691
123	180	0.69769
124	6	0.884383
124	43	1.41225
124	56	0.812472
124	63	1.76755
124	74	0.833699
124	79	0.817371
124	83	1.47017
124	100	0.805925
124	102	0.805004
124	103	0.908395
124	106	0.88506
124	110	0.833477
124	120	0.840484
124	126	1.46068
124	134	1.16569
124	137	1.26071
124	142	1.318
124	155	0.859736
124	163	0.746524
124	165	0.829223
124	167	0.762619
124	169	0.8572
124	174	0.769846
124	175	0.733824
124	176	0.678604
124	177	0.719227
124	179	0.718564
124	180	0.699344
125	35	0.880353
125	52	0.843368
125	54	0.817868
125	55	0.823193
125	67	0.876452
125	69	0.856671
125	77	0.793973
125	87	0.888682
125	104	0.873646
125	116	0.887744
125	117	0.880729
125	126	0.846387
125	128	0.849885
125	132	0.861564
125	134	0.858706
125	136	0.845829
125	137	0.877037
125	139	1.52454
125	142	0.843668
125	143	1.56286
125	144	0.846188
125	147	0.872031
125	151	0.854328
125	152	1.5719
125	153	1.43725
125	158	1.71367
125	159	2.0958
125	162	1.61144
125	165	1.66655
125	173	1.80427
126	10	0.888353
126	16	0.875482
126	35	0.860266
126	37	0.850464
126	52	0.823281
126	55	0.803106
126	67	0.856365
126	69	0.836585
126	87	0.868596
126	90	0.855987
126	97	0.936172
126	104	0.85356
126	116	0.867657
126	121	0.7226
126	124	1.46068
126	125	0.846387
126	128	0.829799
126	130	1.322
126	134	0.83862
126	136	0.825742
126	137	0.856951
126	142	0.823581
126	144	0.826102
126	147	0.851944
126	153	1.39683
126	154	1.60124
126	155	0.859072
126	162	1.57102
126	163	2.57959
126	168	2.16163
126	173	1.76385
127	37	1.41335
127	65	1.33893
127	69	1.28471
127	86	1.41607
127	106	0.923108
127	117	1.34574
127	120	1.25279
127	138	0.978414
127	139	0.944187
127	142	1.37655
127	150	0.960399
127	151	1.36597
127	154	0.90278
127	157	0.90683
127	158	0.907452
127	159	0.844773
127	161	0.883879
127	162	0.910453
127	164	0.81187
127	166	0.815227
127	167	0.827979
127	168	0.813291
127	170	0.806369
127	172	0.788016
127	173	0.861405
127	175	0.799184
127	176	0.743964
127	177	0.784587
127	178	0.760798
127	179	0.783924
127	180	0.764704
128	11	0.890796
128	13	1.23309
128	35	0.863764
128	37	0.853962
128	49	0.831597
128	54	0.80128
128	55	0.806604
128	67	0.859863
128	77	0.777384
128	86	0.800907
128	90	0.859485
128	97	0.93967
128	104	0.857057
128	116	0.871155
128	118	1.32471
128	122	1.24097
128	125	0.849885
128	126	0.829799
128	132	0.844975
128	134	0.842117
128	136	0.82924
128	137	0.860449
128	139	1.11841
128	142	0.827079
128	144	0.829599
128	146	1.37289
128	147	0.855442
128	158	1.30753
128	167	1.84938
128	174	1.73617
128	176	3.272
129	21	2.23384
129	50	1.71876
129	78	1.0476
129	81	1.14386
129	101	1.30049
129	115	1.36189
129	130	0.961893
129	136	1.47185
129	149	0.86715
129	151	1.45053
129	154	0.869074
129	156	0.870686
129	158	0.873746
129	159	0.811067
129	161	0.850173
129	162	0.876747
129	164	0.778164
129	165	0.860877
129	167	0.794273
129	168	0.779585
129	170	0.772664
129	171	0.816546
129	172	0.75431
129	173	0.827699
129	174	0.8015
129	175	0.765478
129	176	0.710258
129	177	0.750881
129	178	0.727092
129	179	0.750218
129	180	0.730998
130	23	1.07919
130	47	1.44062
130	50	1.43697
130	85	0.990406
130	114	0.99928
130	126	1.322
130	129	0.961893
130	134	1.02701
130	137	1.12203
130	141	0.867009
130	144	1.16393
130	146	0.94603
130	149	0.938106
130	154	0.94003
130	157	0.94408
130	158	0.944703
130	159	0.882023
130	162	0.947703
130	164	0.84912
130	166	0.852478
130	167	0.86523
130	168	0.850542
130	170	0.84362
130	171	0.887502
130	172	0.825266
130	174	0.872457
130	175	0.836435
130	176	0.781215
130	177	0.821837
130	178	0.798049
130	179	0.821175
130	180	0.801954
131	47	1.42221
131	51	1.19393
131	55	1.48548
131	87	1.15254
131	103	1.17248
131	120	1.03715
131	137	1.10363
131	142	1.16091
131	145	0.962222
131	150	0.982448
131	151	1.15033
131	154	0.924829
131	155	0.951997
131	156	0.926442
131	157	0.92888
131	159	0.866823
131	161	0.905929
131	162	0.932502
131	164	0.833919
131	166	0.837277
131	167	0.850029
131	168	0.835341
131	170	0.828419
131	171	0.872301
131	172	0.810065
131	173	0.883455
131	174	0.857256
131	175	0.821234
131	176	0.766014
131	177	0.806636
131	178	0.782848
131	179	0.805974
131	180	0.786754
132	7	0.799269
132	20	0.865341
132	26	1.53586
132	50	0.838764
132	51	0.850893
132	55	0.818283
132	74	0.848212
132	86	0.812586
132	89	0.855255
132	100	0.820438
132	103	0.922907
132	106	0.899573
132	107	0.849755
132	108	1.15651
132	109	1.3487
132	112	0.833307
132	113	1.36046
132	114	0.86856
132	115	0.917712
132	125	0.861564
132	128	0.844975
132	136	0.840919
132	140	1.58018
132	142	0.838758
132	144	0.841278
132	147	0.867121
132	160	1.43675
132	161	1.46172
132	162	1.36112
132	163	0.761037
132	164	2.08112
132	165	0.843735
132	169	0.871713
132	179	2.28119
133	5	0.782663
133	12	0.912939
133	13	1.45824
133	15	0.78415
133	36	0.862753
133	39	0.82539
133	40	0.916493
133	50	0.827683
133	53	0.801753
133	68	0.78497
133	74	0.837132
133	81	0.893542
133	93	0.917576
133	97	0.839942
133	100	0.809358
133	103	0.911827
133	105	0.854552
133	106	0.888492
133	107	0.838674
133	108	1.22585
133	112	0.822226
133	113	1.42979
133	114	0.85748
133	115	0.906632
133	122	1.46611
133	152	1.39092
133	153	0.891806
133	157	1.55976
133	160	1.50609
133	163	0.749956
133	164	2.15045
133	165	0.832655
133	169	0.860633
133	170	2.23407
134	11	0.899617
134	49	0.840418
134	52	0.8356
134	54	0.810101
134	55	0.815425
134	67	0.868684
134	69	0.848904
134	72	1.21972
134	77	0.786205
134	86	0.809728
134	87	0.880914
134	90	0.868306
134	104	0.865878
134	116	0.879976
134	117	0.872961
134	124	1.16569
134	125	0.858706
134	126	0.83862
134	128	0.842117
134	130	1.02701
134	136	0.838061
134	137	0.86927
134	142	0.8359
134	144	0.83842
134	147	0.864263
134	149	1.47345
134	151	0.84656
134	153	1.10184
134	155	0.871391
134	160	1.35166
134	164	1.99602
134	174	1.80689
134	177	2.27273
134	180	2.53567
135	7	2.15768
135	24	1.44263
135	25	2.07416
135	32	0.779966
135	42	1.69283
135	74	1.67962
135	93	1.08319
135	96	1.40481
135	119	0.890356
135	145	0.885672
135	148	0.825617
135	149	0.846355
135	155	1.31521
135	156	0.849891
135	157	0.852329
135	158	0.852951
135	160	0.853362
135	161	0.829378
135	162	0.855952
135	164	0.757369
135	166	0.760726
135	167	0.773479
135	168	0.75879
135	171	0.795751
135	172	0.733515
135	173	0.806904
135	174	0.780705
135	175	0.744684
135	176	0.689464
135	177	0.730086
135	178	0.706298
135	179	0.729424
135	180	0.710203
136	10	0.887794
136	11	0.886739
136	35	0.859708
136	37	0.849905
136	49	0.827541
136	54	0.797223
136	55	0.802548
136	69	0.836026
136	77	0.773328
136	86	0.796851
136	87	0.868037
136	90	0.855428
136	104	0.853001
136	116	0.867099
136	118	1.55847
136	125	0.845829
136	126	0.825742
136	128	0.82924
136	129	1.47185
136	132	0.840919
136	134	0.838061
136	137	0.856392
136	139	1.35218
136	142	0.823022
136	144	0.825543
136	145	1.47022
136	147	0.851386
136	151	0.833683
136	153	1.26489
136	155	0.858514
136	156	1.47752
136	170	2.24269
136	173	1.6319
136	174	1.96994
136	175	2.23529
137	35	0.890916
137	37	0.881114
137	49	0.858749
137	52	0.853931
137	54	0.828432
137	55	0.833756
137	67	0.887015
137	69	0.867235
137	77	0.804537
137	86	0.82806
137	87	0.899246
137	90	0.886637
137	91	1.01553
137	97	0.966822
137	104	0.88421
137	109	1.35863
137	121	0.75325
137	124	1.26071
137	125	0.877037
137	126	0.856951
137	128	0.860449
137	130	1.12203
137	131	1.10363
137	134	0.86927
137	136	0.856392
137	139	1.28416
137	142	0.854231
137	144	0.856752
137	147	0.882594
137	151	0.864891
137	152	1.33151
137	155	0.889722
137	162	1.37105
137	172	2.32294
137	174	1.90192
137	177	2.36776
138	3	1.2909
138	8	1.17675
138	14	1.07557
138	45	1.50437
138	46	0.75809
138	63	1.74917
138	73	1.42749
138	79	1.2758
138	100	1.43248
