1	3	0.908718
1	5	1.02771
1	28	0.978655
1	34	0.9452
1	35	0.951649
1	41	0.944484
1	47	0.933678
1	55	1.0008
1	57	1.00119
1	65	1.47029
1	129	1.85309
1	168	0.927375
2	6	0.913359
2	11	1.01955
2	17	0.999079
2	21	0.994141
2	26	0.974979
2	40	0.951556
2	42	0.951717
2	53	0.927326
2	100	0.911335
2	109	0.961912
2	159	0.844029
2	177	3.55129
3	1	0.908718
3	28	0.980652
3	31	0.974742
3	33	0.973899
3	35	0.953646
3	41	0.946481
3	47	0.935675
3	55	1.00279
3	57	1.00318
3	111	1.41846
3	147	2.23898
3	168	0.929372
4	89	0.563786
4	127	0.255248
4	129	1.08207
4	161	0.954584
4	172	1.00077
4	173	0.94415
4	175	0.938486
4	176	0.955873
4	177	0.907355
4	178	0.940096
4	179	0.937147
4	180	0.926898
5	1	1.02771
5	18	1.01809
5	34	1.06619
5	35	1.07264
5	41	1.06547
5	47	1.05467
5	55	1.12179
5	57	1.12218
5	137	1.27804
5	159	1.32721
5	168	1.04837
5	176	1.97478
6	2	0.913359
6	7	1.0234
6	13	0.91209
6	17	1.00218
6	21	0.997242
6	26	0.97808
6	40	0.954657
6	42	0.954818
6	53	0.930427
6	88	2.83936
6	109	0.965012
6	139	1.30411
7	6	1.0234
7	11	1.1296
7	13	1.01903
7	17	1.10912
7	21	1.10418
7	26	1.08502
7	40	1.0616
7	42	1.06176
7	100	1.02138
7	149	1.36232
7	154	1.90339
7	157	1.1042
8	36	1.08318
8	37	1.0829
8	46	1.06658
8	48	1.06602
8	49	1.06552
8	51	1.06508
8	52	1.13132
8	86	0.622433
8	117	1.18072
8	126	1.08387
8	152	2.4967
8	170	0.983597
9	20	1.14427
9	22	1.09325
9	25	1.00173
9	29	1.08598
9	30	1.08005
9	39	1.05805
9	44	1.05776
9	60	0.798305
9	116	1.0773
9	148	1.8288
9	154	1.82013
9	172	1.03574
10	16	1.05132
10	24	1.03038
10	32	1.11435
10	38	1.0943
10	43	1.09597
10	53	1.06514
10	64	1.01553
10	107	1.07927
10	111	1.07476
10	124	0.987574
10	144	1.12759
10	168	1.97986
11	2	1.01955
11	7	1.1296
11	21	1.10344
11	26	1.08427
11	40	1.06085
11	42	1.06101
11	53	1.03662
11	100	1.02063
11	109	1.07121
11	140	0.814696
11	173	1.82089
11	179	1.81454
12	27	1.00131
12	36	0.972572
12	37	0.972291
12	46	0.955978
12	48	0.955414
12	49	0.954918
12	51	0.954474
12	52	1.02072
12	126	0.97326
12	140	1.87796
12	163	1.83427
12	170	0.872991
13	6	0.91209
13	7	1.01903
13	17	0.99781
13	21	0.992872
13	26	0.97371
13	40	0.950286
13	42	0.950448
13	53	0.926057
13	100	0.910066
13	109	0.960642
13	130	1.9912
13	149	1.72317
14	24	1.00943
14	32	1.0934
14	38	1.07335
14	43	1.07502
14	81	1.08427
14	92	1.05524
14	109	1.07878
14	111	1.05381
14	141	0.903543
14	144	1.10664
14	147	1.49861
14	156	2.40771
15	20	1.04437
15	23	0.906438
15	25	0.901826
15	29	0.98607
15	30	0.980149
15	39	0.958147
15	44	0.957853
15	95	0.979696
15	116	0.977392
15	135	1.93265
15	172	0.935833
15	178	1.85646
16	10	1.05132
16	32	0.979779
16	38	0.959723
16	43	0.961391
16	81	0.970642
16	91	1.57118
16	92	0.941612
16	109	0.965156
16	111	0.940183
16	124	0.853
16	126	1.78985
16	144	0.993015
17	2	0.999079
17	6	1.00218
17	7	1.10912
17	13	0.99781
17	21	1.08296
17	26	1.0638
17	40	1.04038
17	42	1.04054
17	64	0.660576
17	100	1.00016
17	109	1.05073
17	166	1.77787
17	167	2.32864
18	5	1.01809
18	28	0.969038
18	31	0.963128
18	33	0.962285
18	34	0.935583
18	35	0.942032
18	47	0.924061
18	55	0.991179
18	57	0.99157
18	139	1.5132
18	168	0.917758
18	178	2.34386
19	27	1.08131
19	36	1.05257
19	37	1.05229
19	46	1.03598
19	48	1.03541
19	49	1.03492
19	51	1.03447
19	52	1.10072
19	73	3.8
19	126	1.05326
19	170	0.952991
19	171	1.076
19	177	1.51135
20	9	1.14427
20	15	1.04437
20	22	1.11056
20	23	1.02365
20	25	1.01904
20	30	1.09736
20	39	1.07536
20	44	1.07506
20	148	1.12592
20	165	1.7182
20	172	1.05304
20	173	1.62027
21	2	0.994141
21	6	0.997242
21	7	1.10418
21	11	1.10344
21	13	0.992872
21	17	1.08296
21	40	1.03544
21	42	1.0356
21	64	0.773277
21	91	0.590328
21	100	0.995219
21	109	1.04579
21	175	2.97335
22	9	1.09325
22	20	1.11056
22	23	0.972632
22	29	1.05226
22	30	1.04634
22	39	1.02434
22	44	1.02405
22	95	1.04589
22	104	0.57159
22	116	1.04359
22	122	1.67501
22	172	1.00203
22	173	2.20748
23	15	0.906438
23	20	1.02365
23	22	0.972632
23	25	0.88111
23	29	0.965353
23	30	0.959432
23	39	0.937431
23	44	0.937136
23	95	0.958979
23	116	0.956676
23	142	1.89851
23	164	1.98827
23	172	0.915116
24	10	1.03038
24	14	1.00943
24	32	0.958836
24	38	0.93878
24	43	0.940449
24	81	0.949699
24	92	0.920669
24	109	0.944213
24	111	0.91924
24	124	0.832057
24	144	0.972072
24	157	1.83228
24	164	2.098
25	9	1.00173
25	15	0.901826
25	20	1.01904
25	23	0.88111
25	29	0.960742
25	30	0.954821
25	39	0.932819
25	44	0.932525
25	95	0.954368
25	96	1.35257
25	116	0.952064
25	159	2.46771
25	172	0.910505
26	2	0.974979
26	6	0.97808
26	7	1.08502
26	11	1.08427
26	13	0.97371
26	17	1.0638
26	40	1.01628
26	42	1.01644
26	53	0.992047
26	100	0.976056
26	109	1.02663
26	114	1.9311
26	148	1.16747
26	165	1.75976
27	12	1.00131
27	19	1.08131
27	36	1.02955
27	37	1.02927
27	46	1.01296
27	48	1.01239
27	49	1.0119
27	51	1.01146
27	52	1.0777
27	126	1.03024
27	153	1.75128
27	156	1.57827
27	170	0.929972
27	174	1.59541
28	1	0.978655
28	3	0.980652
28	18	0.969038
28	31	1.04468
28	33	1.04384
28	34	1.01713
28	41	1.01642
28	47	1.00561
28	55	1.07273
28	57	1.07312
28	67	0.591704
28	107	0.849137
28	168	0.99931
28	174	2.99064
29	9	1.08598
29	15	0.98607
29	22	1.05226
29	23	0.965353
29	25	0.960742
29	30	1.03906
29	39	1.01706
29	44	1.01677
29	88	1.36064
29	95	1.03861
29	116	1.03631
29	156	0.897216
29	172	0.994748
29	177	3.55564
30	9	1.08005
30	15	0.980149
30	20	1.09736
30	22	1.04634
30	23	0.959432
30	25	0.954821
30	29	1.03906
30	39	1.01114
30	44	1.01085
30	100	0.693868
30	116	1.03039
30	153	2.11483
30	172	0.988827
30	175	1.9538
31	3	0.974742
31	18	0.963128
31	28	1.04468
31	33	1.03793
31	34	1.01122
31	35	1.01767
31	41	1.01051
31	47	0.999703
31	55	1.06682
31	57	1.06721
31	97	1.10911
31	163	1.59417
31	168	0.9934
31	172	1.95139
32	10	1.11435
32	14	1.0934
32	16	0.979779
32	24	0.958836
32	38	1.02276
32	43	1.02442
32	79	0.957648
32	92	1.00464
32	109	1.02819
32	111	1.00322
32	124	0.916033
32	144	1.05605
32	159	1.50522
32	179	2.38117
33	3	0.973899
33	18	0.962285
33	28	1.04384
33	31	1.03793
33	34	1.01038
33	35	1.01683
33	41	1.00966
33	47	0.998859
33	55	1.06598
33	57	1.06637
33	95	0.739483
33	159	1.17123
33	168	0.992556
33	171	3.11622
34	1	0.9452
34	5	1.06619
34	18	0.935583
34	28	1.01713
34	31	1.01122
34	33	1.01038
34	35	0.990128
34	41	0.982963
34	47	0.972157
34	55	1.03927
34	57	1.03967
34	137	1.44258
34	164	1.33754
34	168	0.965854
34	178	2.3288
35	1	0.951649
35	3	0.953646
35	5	1.07264
35	18	0.942032
35	31	1.01767
35	33	1.01683
35	34	0.990128
35	41	0.989412
35	47	0.978606
35	55	1.04572
35	57	1.04612
35	64	1.15061
35	150	1.75129
35	160	1.7701
35	168	0.972304
36	8	1.08318
36	12	0.972572
36	19	1.05257
36	27	1.02955
36	37	1.00053
36	46	0.984221
36	48	0.983656
36	49	0.98316
36	51	0.982716
36	52	1.04896
36	126	1.0015
36	143	1.1728
36	170	0.901233
36	176	1.82155
36	179	2.04993
37	8	1.0829
37	12	0.972291
37	19	1.05229
37	27	1.02927
37	36	1.00053
37	46	0.983939
37	48	0.983374
37	49	0.982878
37	51	0.982435
37	52	1.04868
37	107	0.935047
37	110	1.78191
37	126	1.00122
37	158	2.85973
37	170	0.900951
38	10	1.0943
38	14	1.07335
38	16	0.959723
38	24	0.93878
38	32	1.02276
38	43	1.00437
38	53	0.973547
38	81	1.01362
38	104	0.695108
38	109	1.00813
38	111	0.983159
38	124	0.895976
38	144	1.03599
38	161	2.15143
38	166	2.13252
39	9	1.05805
39	15	0.958147
39	20	1.07536
39	22	1.02434
39	23	0.937431
39	25	0.932819
39	29	1.01706
39	30	1.01114
39	44	0.988845
39	95	1.01069
39	116	1.00839
39	160	1.31478
39	167	1.4119
39	172	0.966826
39	177	3.81772
40	2	0.951556
40	6	0.954657
40	7	1.0616
40	11	1.06085
40	13	0.950286
40	17	1.04038
40	21	1.03544
40	26	1.01628
40	42	0.993015
40	53	0.968624
40	100	0.952633
40	109	1.00321
40	123	0.684488
40	173	2.14857
40	179	2.14222
41	1	0.944484
41	3	0.946481
41	5	1.06547
41	28	1.01642
41	31	1.01051
41	33	1.00966
41	34	0.982963
41	35	0.989412
41	47	0.971442
41	55	1.03856
41	57	1.03895
41	84	0.831134
41	165	2.16178
41	168	0.965139
41	169	2.02917
42	2	0.951717
42	6	0.954818
42	7	1.06176
42	11	1.06101
42	13	0.950448
42	17	1.04054
42	21	1.0356
42	26	1.01644
42	40	0.993015
42	53	0.968785
42	100	0.952794
42	109	1.00337
42	130	0.693964
42	162	2.30236
42	180	2.19706
43	10	1.09597
43	14	1.07502
43	16	0.961391
43	24	0.940449
43	32	1.02442
43	38	1.00437
43	53	0.975216
43	86	0.839683
43	92	0.986257
43	109	1.0098
43	111	0.984828
43	124	0.897645
43	128	2.08803
43	144	1.03766
43	147	1.88784
44	9	1.05776
44	15	0.957853
44	20	1.07506
44	22	1.02405
44	23	0.937136
44	25	0.932525
44	29	1.01677
44	30	1.01085
44	39	0.988845
44	95	1.01039
44	96	1.48225
44	104	1.39271
44	116	1.00809
44	141	1.664
44	172	0.966531
45	50	0.993446
45	61	1.04021
45	76	1.00797
45	85	1.05446
45	101	1.02131
45	103	1.01227
45	106	1.01402
45	112	0.990916
45	115	1.0409
45	121	0.971658
45	125	0.998944
45	148	2.09852
45	158	0.878976
45	160	1.2202
45	168	1.56505
46	8	1.06658
46	12	0.955978
46	19	1.03598
46	27	1.01296
46	36	0.984221
46	37	0.983939
46	48	0.967062
46	49	0.966566
46	51	0.966122
46	52	1.03237
46	58	0.973141
46	126	0.984908
46	146	1.36217
46	170	0.884639
46	176	1.07491
46	177	4.164
47	1	0.933678
47	3	0.935675
47	5	1.05467
47	18	0.924061
47	28	1.00561
47	31	0.999703
47	33	0.998859
47	34	0.972157
47	35	0.978606
47	41	0.971442
47	55	1.02775
47	57	1.02814
47	93	0.988372
47	149	1.60226
47	168	0.954333
47	178	2.60111
48	8	1.06602
48	12	0.955414
48	19	1.03541
48	27	1.01239
48	36	0.983656
48	37	0.983374
48	46	0.967062
48	49	0.966001
48	51	0.965558
48	52	1.0318
48	58	0.972576
48	77	1.2579
48	114	2.8689
48	116	1.09054
48	126	0.984343
48	170	0.884074
49	8	1.06552
49	12	0.954918
49	19	1.03492
49	27	1.0119
49	36	0.98316
49	37	0.982878
49	46	0.966566
49	48	0.966001
49	51	0.965062
49	52	1.03131
49	58	0.972081
49	63	1.15721
49	126	0.983847
49	152	2.09233
49	170	0.883579
49	175	1.93133
50	45	0.993446
50	60	0.997785
50	61	1.02827
50	62	1.60739
50	74	1.00911
50	83	0.979461
50	89	0.963816
50	99	1.00854
50	103	1.00032
50	112	0.978968
50	115	1.02895
50	121	0.95971
50	125	0.986996
50	158	0.867028
50	165	2.37859
50	168	1.25283
51	8	1.06508
51	12	0.954474
51	19	1.03447
51	27	1.01146
51	36	0.982716
51	37	0.982435
51	46	0.966122
51	48	0.965558
51	49	0.965062
51	52	1.03086
51	58	0.971637
51	116	1.02192
51	126	0.983404
51	163	1.34974
51	170	0.883135
51	174	2.74408
52	8	1.13132
52	12	1.02072
52	19	1.10072
52	27	1.0777
52	36	1.04896
52	37	1.04868
52	46	1.03237
52	48	1.0318
52	49	1.03131
52	51	1.03086
52	58	1.03788
52	95	1.09466
52	126	1.04965
52	129	0.674811
52	153	2.77764
52	163	1.22744
52	170	0.949378
53	2	0.927326
53	6	0.930427
53	10	1.06514
53	11	1.03662
53	13	0.926057
53	26	0.992047
53	38	0.973547
53	40	0.968624
53	42	0.968785
53	43	0.975216
53	81	0.984466
53	109	0.97898
53	116	1.22186
53	124	0.866824
53	144	1.00684
53	150	1.33946
53	173	2.73095
54	59	1.00899
54	61	1.01106
54	75	0.992292
54	76	0.978812
54	89	0.946605
54	94	0.990541
54	101	0.99215
54	103	0.983111
54	106	0.984864
54	112	0.961757
54	115	1.01174
54	121	0.942499
54	125	0.969785
54	146	1.11077
54	158	0.849817
54	170	2.62692
54	178	1.78751
55	1	1.0008
55	3	1.00279
55	5	1.12179
55	18	0.991179
55	28	1.07273
55	31	1.06682
55	33	1.06598
55	34	1.03927
55	35	1.04572
55	41	1.03856
55	47	1.02775
55	57	1.09526
55	79	1.34987
55	84	1.54703
55	123	1.31566
55	149	1.73565
55	168	1.02145
56	65	1.00516
56	108	1.10615
56	138	1.09525
56	146	0.972196
56	149	0.960937
56	155	0.892604
56	162	0.879543
56	164	0.947426
56	171	0.876317
56	173	0.890294
56	174	0.872812
56	175	0.884629
56	176	0.902017
56	177	0.853499
56	178	0.88624
56	179	0.88329
56	180	0.873041
57	1	1.00119
57	3	1.00318
57	5	1.12218
57	18	0.99157
57	28	1.07312
57	31	1.06721
57	33	1.06637
57	34	1.03967
57	35	1.04612
57	41	1.03895
57	47	1.02814
57	55	1.09526
57	82	0.778541
57	97	0.863943
57	145	1.5739
57	161	2.44695
57	168	1.02184
58	46	0.973141
58	48	0.972576
58	49	0.972081
58	51	0.971637
58	52	1.03788
58	127	0.985053
58	131	0.968607
58	132	1.01241
58	133	0.968984
58	134	1.0105
58	136	1.00132
58	138	1.00146
58	146	1.18291
58	170	0.890154
58	173	1.9049
58	175	2.11282
59	54	1.00899
59	68	1.06656
59	75	1.05421
59	89	1.00852
59	92	1.01869
59	94	1.05246
59	99	1.05324
59	101	1.05406
59	106	1.04678
59	112	1.02367
59	115	1.07366
59	121	1.00441
59	125	1.0317
59	137	1.29484
59	145	1.26993
59	158	0.911733
59	164	1.1898
59	167	2.67483
60	9	0.798305
60	50	0.997785
60	74	1.0254
60	75	1.02579
60	80	0.809994
60	94	1.02404
60	99	1.02483
60	106	1.01836
60	125	1.00328
60	136	0.647653
60	158	0.883316
60	161	0.933102
60	173	0.922668
60	174	0.905186
60	176	0.934391
60	177	0.885873
60	179	0.915665
60	180	0.905416
61	45	1.04021
61	50	1.02827
61	54	1.01106
61	83	1.02623
61	89	1.01058
61	94	1.05452
61	99	1.05531
61	101	1.05613
61	103	1.04709
61	112	1.02574
61	115	1.07572
61	121	1.00648
61	125	1.03376
61	150	1.11024
61	151	2.36703
61	158	0.913796
61	164	0.863074
61	180	2.6266
62	50	1.60739
62	74	1.26131
62	93	1.00077
62	128	0.906409
62	146	0.958123
62	147	0.90563
62	154	0.919645
62	160	0.943063
62	169	0.89069
62	172	0.932844
62	173	0.876221
62	174	0.858739
62	175	0.870556
62	176	0.887944
62	177	0.839426
62	178	0.872167
62	179	0.869217
62	180	0.858968
63	49	1.15721
63	73	0.873257
63	80	1.76864
63	123	1.00156
63	128	0.911414
63	137	0.96523
63	139	0.955137
63	152	0.889928
63	156	0.904724
63	164	0.938358
63	169	0.895695
63	171	0.867249
63	174	0.863744
63	175	0.875561
63	177	0.844431
63	178	0.877172
63	179	0.874222
63	180	0.863973
64	10	1.01553
64	17	0.660576
64	21	0.773277
64	35	1.15061
64	107	1.14469
64	127	1.0629
64	131	1.04645
64	133	1.04683
64	134	1.08834
64	136	1.07917
64	138	1.0793
64	153	0.98767
64	165	0.980187
64	173	0.982805
64	177	0.946009
64	178	0.978751
64	179	0.975801
64	180	0.965552
65	1	1.47029
65	56	1.00516
65	108	0.118056
65	109	0.922346
65	139	1.02004
65	142	1.02134
65	159	0.997696
65	161	0.95656
65	166	0.958559
65	171	0.932149
65	173	0.946126
65	174	0.928644
65	175	0.940462
65	176	0.957849
65	177	0.909331
65	178	0.942072
65	179	0.939123
65	180	0.928874
66	110	0.899974
66	120	1.14452
66	122	0.922903
66	144	1.06293
66	145	0.924901
66	148	0.933849
66	150	0.987572
66	152	0.8924
66	153	0.888563
66	155	0.886007
66	160	0.950539
66	169	0.898167
66	173	0.883697
66	174	0.866215
66	177	0.846902
66	178	0.879643
66	179	0.876694
66	180	0.866445
67	28	0.591704
67	68	0.514303
67	72	0.449861
67	103	0.792248
67	139	1.09169
67	147	1.04719
67	151	1.02293
67	155	1.02009
67	157	1.0751
67	163	1.06677
67	173	1.01778
67	174	1.0003
67	175	1.01212
67	176	1.0295
67	177	0.980986
67	178	1.01373
67	179	1.01078
67	180	1.00053
68	59	1.06656
68	67	0.514303
68	74	1.04947
68	76	1.03638
68	83	1.01982
68	92	1.01435
68	94	1.04811
68	99	1.0489
68	101	1.04972
68	106	1.04243
68	112	1.01933
68	115	1.06931
68	121	1.00007
68	125	1.02736
68	140	1.02543
68	155	2.54921
68	158	0.907389
68	178	2.11777
69	78	1.04071
69	87	1.08224
69	90	1.06263
69	108	1.02621
69	118	1.01048
69	119	1.00757
69	127	1.02465
69	131	1.0082
69	132	1.052
69	133	1.00858
69	134	1.05009
69	136	1.04091
69	138	1.04105
69	154	0.962099
69	155	1.85132
69	161	1.3818
69	165	0.941935
69	180	2.19216
70	87	1.01454
70	98	0.991399
70	105	0.969481
70	108	0.95851
70	118	0.942789
70	119	0.939873
70	120	0.940836
70	127	0.95695
70	131	0.940504
70	132	0.984306
70	133	0.940881
70	134	0.982394
70	136	0.973218
70	138	0.973356
70	140	1.08602
70	165	0.874239
70	166	2.12136
70	167	2.67213
71	98	0.991543
71	102	0.969712
71	105	0.969625
71	110	3.21809
71	118	0.942933
71	119	0.940017
71	120	0.94098
71	127	0.957094
71	129	0.891451
71	131	0.940648
71	132	0.98445
71	133	0.941025
71	134	0.982538
71	136	0.973362
71	138	0.9735
71	144	0.996011
71	150	1.23385
71	165	0.874383
72	67	0.449861
72	87	1.06702
72	90	1.04741
72	102	1.02204
72	105	1.02196
72	111	1.10202
72	118	0.995264
72	119	0.992349
72	120	0.993312
72	127	1.00943
72	131	0.99298
72	132	1.03678
72	133	0.993357
72	134	1.03487
72	136	1.02569
72	138	1.02583
72	159	1.75342
72	161	2.55239
72	165	0.926715
73	19	3.8
73	63	0.873257
73	129	0.961219
73	135	0.851259
73	142	0.898505
73	150	0.92717
73	152	0.831998
73	159	0.874865
73	161	0.833729
73	167	0.824728
73	171	0.809318
73	173	0.823295
73	174	0.805813
73	175	0.817631
73	176	0.835018
73	177	0.7865
73	178	0.819241
73	179	0.816292
73	180	0.806043
74	50	1.00911
74	60	1.0254
74	62	1.26131
74	68	1.04947
74	75	1.03712
74	76	1.02364
74	83	1.00707
74	89	0.991429
74	99	1.03615
74	101	1.03697
74	103	1.02793
74	112	1.00658
74	115	1.05656
74	121	0.987323
74	125	1.01461
74	139	1.05868
74	149	0.890483
74	158	0.894641
74	162	2.76691
75	54	0.992292
75	59	1.05421
75	60	1.02579
75	74	1.03712
75	76	1.02403
75	83	1.00747
75	85	1.07051
75	89	0.991821
75	91	1.04159
75	103	1.02833
75	106	1.03008
75	112	1.00697
75	121	0.987715
75	125	1.015
75	137	1.08202
75	158	0.895033
75	159	1.13118
75	176	1.77875
75	180	2.74051
76	45	1.00797
76	54	0.978812
76	68	1.03638
76	74	1.02364
76	75	1.02403
76	83	0.993987
76	85	1.05703
76	92	0.988513
76	94	1.02228
76	99	1.02306
76	103	1.01485
76	106	1.0166
76	113	1.37267
76	115	1.04348
76	121	0.974235
76	125	1.00152
76	150	0.571867
76	171	3.02605
76	176	1.72862
77	48	1.2579
77	134	0.259348
77	138	0.882115
77	150	1.03803
77	152	0.942857
77	155	0.936464
77	157	0.991477
77	159	0.985724
77	160	1.001
77	166	0.946586
77	169	0.948624
77	171	0.920177
77	174	0.916672
77	175	0.92849
77	176	0.945877
77	177	0.897359
77	178	0.9301
77	179	0.927151
77	180	0.916902
78	69	1.04071
78	80	1.0149
78	87	1.06511
78	90	1.04549
78	105	1.02004
78	108	1.00907
78	118	0.993352
78	120	0.9914
78	123	1.40065
78	131	0.991068
78	132	1.03487
78	133	0.991445
78	134	1.03296
78	136	1.02378
78	138	1.02392
78	142	1.73848
78	150	1.47325
78	157	1.56252
78	165	0.924803
79	32	0.957648
79	55	1.34987
79	106	0.841744
79	145	0.981852
79	147	0.970057
79	151	0.9458
79	156	0.964146
79	157	0.99797
79	159	0.992217
79	167	0.942081
79	169	0.955117
79	171	0.92667
79	174	0.923165
79	175	0.934983
79	176	0.952371
79	177	0.903852
79	178	0.936593
79	179	0.933644
79	180	0.923395
80	60	0.809994
80	63	1.76864
80	78	1.0149
80	98	1.03329
80	102	1.01145
80	105	1.01137
80	108	1.0004
80	118	0.984675
80	119	0.98176
80	120	0.982722
80	127	0.998836
80	131	0.982391
80	132	1.02619
80	133	0.982767
80	134	1.02428
80	136	1.0151
80	138	1.01524
80	164	1.29834
80	165	0.916125
80	172	1.5108
81	14	1.08427
81	16	0.970642
81	24	0.949699
81	38	1.01362
81	53	0.984466
81	86	0.914994
81	98	1.04244
81	111	0.994078
81	118	0.993832
81	124	0.906895
81	131	0.991548
81	132	1.03535
81	133	0.991924
81	136	1.02426
81	138	1.0244
81	139	1.80042
81	144	1.04691
81	163	1.49506
81	165	0.925282
81	176	2.44159
82	57	0.778541
82	109	1.2873
82	115	0.671856
82	141	1.05618
82	145	0.97116
82	146	1.01186
82	153	0.934821
82	156	0.953454
82	157	0.987278
82	162	0.919204
82	168	0.988338
82	171	0.915978
82	173	0.929955
82	175	0.924291
82	176	0.941678
82	177	0.89316
82	178	0.925901
82	179	0.922952
82	180	0.912703
83	50	0.979461
83	61	1.02623
83	68	1.01982
83	74	1.00707
83	75	1.00747
83	76	0.993987
83	85	1.04047
83	89	0.961779
83	99	1.0065
83	101	1.00732
83	103	0.998285
83	106	1.00004
83	112	0.976931
83	115	1.02691
83	121	0.957674
83	125	0.984959
83	164	0.827485
83	167	2.31251
83	171	2.92668
83	172	1.03994
84	41	0.831134
84	55	1.54703
84	94	0.952035
84	117	1.01383
84	135	0.956637
84	145	0.969877
84	150	1.03255
84	153	0.933538
84	162	0.917922
84	164	0.985805
84	170	0.913866
84	171	0.914695
84	173	0.928672
84	174	0.91119
84	175	0.923008
84	176	0.940396
84	177	0.891877
84	178	0.924618
84	179	0.921669
84	180	0.91142
85	45	1.05446
85	75	1.07051
85	76	1.05703
85	83	1.04047
85	89	1.02483
85	91	1.0746
85	92	1.035
85	94	1.06876
85	99	1.06955
85	101	1.07037
85	103	1.06133
85	106	1.06308
85	115	1.08996
85	116	0.794876
85	121	1.02072
85	125	1.04801
85	128	1.79098
85	146	1.58197
85	157	1.00175
85	158	0.928038
85	179	2.29761
86	8	0.622433
86	43	0.839683
86	81	0.914994
86	118	1.26764
86	140	1.06704
86	149	1.03463
86	153	0.968854
86	154	1.00741
86	157	1.02131
86	159	1.01556
86	160	1.03083
86	166	0.97642
86	168	1.02237
86	173	0.963988
86	174	0.946506
86	175	0.958324
86	176	0.975711
86	177	0.927193
86	178	0.959934
86	179	0.956985
86	180	0.946736
87	69	1.08224
87	70	1.01454
87	72	1.06702
87	78	1.06511
87	102	1.06166
87	108	1.0506
87	119	1.03197
87	120	1.03293
87	124	2.77483
87	127	1.04904
87	130	1.26194
87	131	1.0326
87	132	1.0764
87	133	1.03297
87	134	1.07449
87	136	1.06531
87	138	1.06545
87	150	0.64652
87	165	0.966332
87	168	1.01018
87	176	1.80328
88	6	2.83936
88	29	1.36064
88	110	0.890165
88	130	0.927457
88	139	0.9478
88	148	0.924041
88	151	0.879041
88	154	0.917313
88	155	0.876199
88	161	0.884323
88	166	0.886321
88	169	0.888358
88	171	0.859912
88	173	0.873889
88	174	0.856407
88	175	0.868225
88	176	0.885612
88	177	0.837094
88	178	0.869835
88	179	0.866886
88	180	0.856637
89	4	0.563786
89	50	0.963816
89	54	0.946605
89	59	1.00852
89	61	1.01058
89	74	0.991429
89	75	0.991821
89	83	0.961779
89	85	1.02483
89	94	0.99007
89	99	0.990858
89	101	0.991679
89	103	0.98264
89	106	0.984392
89	112	0.961286
89	115	1.01127
89	121	0.942028
89	125	0.969314
89	140	0.84972
89	153	2.35624
89	158	0.849346
89	162	2.81963
90	69	1.06263
90	72	1.04741
90	78	1.04549
90	95	1.10229
90	96	0.920204
90	102	1.04205
90	105	1.04196
90	108	1.03099
90	119	1.01235
90	120	1.01332
90	127	1.02943
90	129	0.682442
90	131	1.01298
90	132	1.05679
90	133	1.01336
90	134	1.05487
90	135	2.44728
90	136	1.0457
90	138	1.04584
90	144	1.06835
90	165	0.946719
90	175	2.62425
91	16	1.57118
91	21	0.590328
91	75	1.04159
91	85	1.0746
91	94	1.03984
91	102	0.191828
91	106	1.03417
91	112	1.01106
91	115	1.06104
91	118	0.853863
91	121	0.991801
91	125	1.01909
91	158	0.899119
91	161	0.948905
91	162	0.927721
91	169	0.952941
91	174	0.92099
91	176	0.950195
91	177	0.901676
91	178	0.934417
91	179	0.931468
91	180	0.921219
92	14	1.05524
92	16	0.941612
92	24	0.920669
92	32	1.00464
92	43	0.986257
92	59	1.01869
92	68	1.01435
92	76	0.988513
92	85	1.035
92	104	1.24944
92	106	0.994564
92	109	0.990021
92	111	0.965049
92	112	0.971458
92	121	0.9522
92	124	0.877866
92	125	0.979486
92	126	1.37996
92	141	1.52073
92	144	1.01788
92	145	2.38004
92	158	0.859518
93	47	0.988372
93	62	1.00077
93	102	0.708952
93	105	0.718354
93	129	1.09374
93	132	0.522991
93	139	1.02973
93	148	1.00597
93	151	0.960967
93	154	0.999239
93	160	1.02266
93	162	0.945064
93	163	1.0048
93	167	0.957248
93	173	0.955815
93	174	0.938333
93	175	0.95015
93	176	0.967538
93	177	0.919019
93	178	0.951761
93	179	0.948811
93	180	0.938562
94	54	0.990541
94	59	1.05246
94	60	1.02404
94	61	1.05452
94	68	1.04811
94	76	1.02228
94	84	0.952035
94	85	1.06876
94	89	0.99007
94	91	1.03984
94	99	1.03479
94	101	1.03561
94	103	1.02658
94	106	1.02833
94	112	1.00522
94	115	1.0552
94	121	0.985964
94	125	1.01325
94	129	0.977717
94	158	0.893282
94	169	2.15007
94	172	1.3607
94	179	2.1784
95	15	0.979696
95	22	1.04589
95	23	0.958979
95	25	0.954368
95	29	1.03861
95	33	0.739483
95	39	1.01069
95	44	1.01039
95	52	1.09466
95	90	1.10229
95	115	1.10954
95	116	1.02993
95	148	0.981903
95	163	0.980735
95	169	0.94622
95	172	0.988374
95	173	0.931751
95	174	0.914269
95	176	0.943474
95	177	0.894956
95	178	0.927697
95	179	0.924747
95	180	0.914498
96	25	1.35257
96	44	1.48225
96	90	0.920204
96	104	1.10547
96	136	0.175073
96	146	1.02985
96	149	1.01859
96	156	0.971444
96	159	0.999516
96	161	0.958379
96	164	1.00508
96	166	0.960378
96	167	0.949379
96	170	0.93314
96	171	0.933969
96	173	0.947946
96	174	0.930464
96	175	0.942281
96	176	0.959669
96	177	0.911151
96	178	0.943892
96	179	0.940942
96	180	0.930693
97	31	1.10911
97	57	0.863943
97	99	0.817422
97	138	0.557513
97	145	0.994524
97	149	1.02396
97	152	0.962022
97	154	0.996744
97	156	0.976818
97	159	1.00489
97	160	1.02016
97	164	1.01045
97	167	0.954753
97	170	0.938514
97	171	0.939343
97	173	0.95332
97	174	0.935838
97	175	0.947655
97	176	0.965043
97	177	0.916524
97	178	0.949266
97	179	0.946316
97	180	0.936067
98	70	0.991399
98	71	0.991543
98	80	1.03329
98	81	1.04244
98	102	1.03852
98	105	1.03843
98	108	1.02746
98	118	1.01174
98	119	1.00882
98	120	1.00979
98	127	1.0259
98	131	1.00945
98	132	1.05326
98	133	1.00983
98	134	1.05134
98	136	1.04217
98	138	1.04231
98	146	1.02875
98	149	0.706646
98	151	2.21821
98	161	1.66742
98	165	0.943188
98	180	2.47778
99	50	1.00854
99	59	1.05324
99	60	1.02483
99	61	1.05531
99	68	1.0489
99	74	1.03615
99	76	1.02306
99	83	1.0065
99	85	1.06955
99	89	0.990858
99	94	1.03479
99	97	0.817422
99	101	1.0364
99	103	1.02736
99	112	1.00601
99	115	1.05599
99	121	0.986752
99	125	1.01404
99	140	1.34617
99	157	1.18153
99	158	0.89407
99	163	1.30248
99	165	2.58168
100	2	0.911335
100	7	1.02138
100	11	1.02063
100	13	0.910066
100	17	1.00016
100	21	0.995219
100	26	0.976056
100	30	0.693868
100	40	0.952633
100	42	0.952794
100	105	1.32432
100	109	0.962989
100	115	1.37156
100	128	0.902026
100	135	0.899802
100	167	0.873271
100	173	0.871838
100	174	0.854356
100	175	0.866174
100	177	0.835043
100	178	0.867784
100	179	0.864835
100	180	0.854586
101	45	1.02131
101	54	0.99215
101	59	1.05406
101	61	1.05613
101	68	1.04972
101	74	1.03697
101	83	1.00732
101	85	1.07037
101	89	0.991679
101	94	1.03561
101	99	1.0364
101	103	1.02818
101	106	1.02994
101	112	1.00683
101	115	1.05681
101	121	0.987573
101	125	1.01486
101	128	1.921
101	137	1.50252
101	142	1.30773
101	147	1.72081
101	158	0.894891
101	164	1.39749
102	71	0.969712
102	72	1.02204
102	80	1.01145
102	87	1.06166
102	90	1.04205
102	91	0.191828
102	93	0.708952
102	98	1.03852
102	108	1.00563
102	118	0.989906
102	119	0.986991
102	120	0.987954
102	127	1.00407
102	131	0.987622
102	132	1.03142
102	133	0.987999
102	134	1.02951
102	136	1.02034
102	138	1.02047
102	144	1.04298
102	147	1.65376
102	148	1.87258
102	165	0.921357
102	173	2.36693
103	45	1.01227
103	50	1.00032
103	54	0.983111
103	61	1.04709
103	67	0.792248
103	74	1.02793
103	75	1.02833
103	76	1.01485
103	83	0.998285
103	85	1.06133
103	89	0.98264
103	94	1.02658
103	99	1.02736
103	101	1.02818
103	104	0.891145
103	106	1.0209
103	112	0.997791
103	115	1.04777
103	121	0.978534
103	125	1.00582
103	145	2.02174
103	158	0.885852
103	160	1.60543
103	163	1.79684
104	22	0.57159
104	38	0.695108
104	44	1.39271
104	92	1.24944
104	96	1.10547
104	103	0.891145
104	142	1.06399
104	143	1.06318
104	146	1.07069
104	151	0.993935
104	153	0.993649
104	159	1.04035
104	161	0.999217
104	164	1.04592
104	166	1.00122
104	167	0.990216
104	171	0.974806
104	174	0.971301
104	175	0.983119
104	176	1.00051
104	177	0.951988
104	178	0.984729
104	179	0.98178
104	180	0.971531
105	70	0.969481
105	71	0.969625
105	72	1.02196
105	78	1.02004
105	80	1.01137
105	90	1.04196
105	93	0.718354
105	98	1.03843
105	100	1.32432
105	108	1.00554
105	118	0.989819
105	119	0.986904
105	120	0.987867
105	127	1.00398
105	131	0.987535
105	132	1.03134
105	133	0.987912
105	134	1.02942
105	136	1.02025
105	138	1.02039
105	141	0.560668
105	144	1.0429
105	146	1.65435
105	179	2.36999
106	45	1.01402
106	54	0.984864
106	59	1.04678
106	60	1.01836
106	68	1.04243
106	75	1.03008
106	76	1.0166
106	79	0.841744
106	83	1.00004
106	85	1.06308
106	89	0.984392
106	91	1.03417
106	92	0.994564
106	94	1.02833
106	101	1.02994
106	103	1.0209
106	112	0.999544
106	121	0.980287
106	125	1.00757
106	143	1.38813
106	158	0.887605
106	168	1.24379
106	172	1.44757
106	174	2.48469
107	10	1.07927
107	28	0.849137
107	37	0.935047
107	64	1.14469
107	108	0.306319
107	115	0.495162
107	130	1.04671
107	155	0.995456
107	157	1.05047
107	158	0.953794
107	160	1.05999
107	162	0.982396
107	163	1.04213
107	164	1.05028
107	167	0.99458
107	171	0.97917
107	173	0.993147
107	174	0.975665
107	175	0.987482
107	176	1.00487
107	177	0.956351
107	178	0.989093
107	179	0.986143
107	180	0.975894
108	56	1.10615
108	65	0.118056
108	69	1.02621
108	70	0.95851
108	78	1.00907
108	80	1.0004
108	87	1.0506
108	90	1.03099
108	98	1.02746
108	102	1.00563
108	105	1.00554
108	107	0.306319
108	118	0.978849
108	119	0.975933
108	120	0.976896
108	127	0.99301
108	131	0.976565
108	132	1.02037
108	133	0.976941
108	134	1.01845
108	136	1.00928
108	138	1.00942
108	155	2.62094
108	165	0.910299
108	169	2.20006
109	2	0.961912
109	6	0.965012
109	11	1.07121
109	13	0.960642
109	14	1.07878
109	16	0.965156
109	17	1.05073
109	21	1.04579
109	24	0.944213
109	26	1.02663
109	32	1.02819
109	38	1.00813
109	40	1.00321
109	42	1.00337
109	43	1.0098
109	53	0.97898
109	65	0.922346
109	82	1.2873
109	92	0.990021
109	100	0.962989
109	123	1.57495
109	124	0.90141
109	141	1.22336
109	144	1.04142
109	160	1.66636
110	37	1.78191
110	66	0.899974
110	71	3.21809
110	88	0.890165
110	113	0.897968
110	117	0.9327
110	126	0.933003
110	143	0.921936
110	146	0.929443
110	147	0.87695
110	152	0.856243
110	156	0.871039
110	162	0.83679
110	163	0.896524
110	166	0.859973
110	167	0.848973
110	171	0.833563
110	173	0.84754
110	174	0.830058
110	175	0.841876
110	176	0.859263
110	177	0.810745
110	178	0.843486
110	179	0.840537
110	180	0.830288
111	3	1.41846
111	10	1.07476
111	14	1.05381
111	16	0.940183
111	24	0.91924
111	32	1.00322
111	38	0.983159
111	43	0.984828
111	72	1.10202
111	81	0.994078
111	92	0.965049
111	117	0.982602
111	119	0.932158
111	120	0.458654
111	124	0.876437
111	144	1.01645
111	148	0.947594
111	154	0.940866
111	167	0.898875
111	170	0.882636
111	175	0.891777
111	176	0.909165
111	177	0.860647
111	178	0.893388
111	179	0.890438
111	180	0.880189
112	45	0.990916
112	50	0.978968
112	54	0.961757
112	59	1.02367
112	61	1.02574
112	68	1.01933
112	74	1.00658
112	75	1.00697
112	83	0.976931
112	89	0.961286
112	91	1.01106
112	92	0.971458
112	94	1.00522
112	99	1.00601
112	101	1.00683
112	103	0.997791
112	106	0.999544
112	115	1.02642
112	121	0.95718
112	125	0.984466
112	154	1.74844
112	156	2.4474
112	158	0.864498
112	160	0.878791
112	166	2.14923
112	172	1.42742
113	76	1.37267
113	110	0.897968
113	122	0.920897
113	134	1.01039
113	137	0.965696
113	142	0.956901
113	143	0.956087
113	144	1.32007
113	145	0.922896
113	147	0.911101
113	149	0.952334
113	156	0.90519
113	161	0.892125
113	164	0.938823
113	165	0.879073
113	166	0.894124
113	169	0.896161
113	171	0.867714
113	172	0.938315
113	173	0.881691
113	174	0.864209
113	176	0.893414
113	177	0.844896
113	178	0.877637
113	179	0.874688
113	180	0.864439
114	26	1.9311
114	48	2.8689
114	147	0.896816
114	148	0.917558
114	149	0.938049
114	151	0.872558
114	153	0.872272
114	155	0.869716
114	156	0.890905
114	158	0.828054
114	161	0.87784
114	162	0.856656
114	163	0.91639
114	165	0.864789
114	170	0.8526
114	171	0.853429
114	173	0.867406
114	174	0.849924
114	175	0.861742
114	176	0.87913
114	177	0.830611
114	178	0.863352
114	179	0.860403
114	180	0.850154
115	45	1.0409
115	50	1.02895
115	54	1.01174
115	59	1.07366
115	61	1.07572
115	68	1.06931
115	74	1.05656
115	76	1.04348
115	82	0.671856
115	83	1.02691
115	85	1.08996
115	89	1.01127
115	91	1.06104
115	94	1.0552
115	95	1.10954
115	99	1.05599
115	100	1.37156
115	101	1.05681
115	103	1.04777
115	107	0.495162
115	112	1.02642
115	117	1.47652
115	121	1.00716
115	125	1.03445
115	149	1.37949
115	158	0.914481
116	9	1.0773
116	15	0.977392
116	22	1.04359
116	23	0.956676
116	25	0.952064
116	29	1.03631
116	30	1.03039
116	39	1.00839
116	44	1.00809
116	48	1.09054
116	51	1.02192
116	53	1.22186
116	85	0.794876
116	95	1.02993
116	133	0.564389
116	140	1.0325
116	149	1.00009
116	150	1.03332
116	157	0.98677
116	172	0.986071
116	173	0.929447
116	174	0.911965
116	176	0.94117
116	177	0.892652
116	178	0.925393
116	179	0.922444
116	180	0.912195
117	8	1.18072
117	84	1.01383
117	110	0.9327
117	111	0.982602
117	115	1.47652
117	123	1.03676
117	125	0.642069
117	132	0.652596
117	147	0.945833
117	148	0.966576
117	158	0.877071
117	159	0.967993
117	162	0.905673
117	163	0.965408
117	164	0.973556
117	166	0.928856
117	167	0.917857
117	168	0.974807
117	169	0.930893
117	171	0.902447
117	173	0.916424
117	174	0.898942
117	175	0.910759
117	176	0.928147
117	177	0.879628
117	179	0.90942
117	180	0.899171
118	69	1.01048
118	70	0.942789
118	71	0.942933
118	72	0.995264
118	78	0.993352
118	80	0.984675
118	81	0.993832
118	86	1.26764
118	91	0.853863
118	98	1.01174
118	102	0.989906
118	105	0.989819
118	108	0.978849
118	119	0.960212
118	120	0.961174
118	126	1.07253
118	127	0.977288
118	130	2.2529
118	131	0.960843
118	132	1.00464
118	133	0.96122
118	134	1.00273
118	136	0.993556
118	138	0.993694
118	144	1.01621
118	157	1.72675
118	165	0.894577
119	69	1.00757
119	70	0.939873
119	71	0.940017
119	72	0.992349
119	80	0.98176
119	87	1.03197
119	90	1.01235
119	98	1.00882
119	102	0.986991
119	105	0.986904
119	108	0.975933
119	111	0.932158
119	118	0.960212
119	120	0.958259
119	127	0.974373
119	131	0.957928
119	132	1.00173
119	133	0.958304
119	134	0.999817
119	136	0.990641
119	138	0.990779
119	141	0.650181
119	144	1.01329
119	160	1.09318
119	165	0.891662
119	174	2.67893
119	178	2.42061
120	66	1.14452
120	70	0.940836
120	71	0.94098
120	72	0.993312
120	78	0.9914
120	80	0.982722
120	87	1.03293
120	90	1.01332
120	98	1.00979
120	102	0.987954
120	105	0.987867
120	108	0.976896
120	111	0.458654
120	118	0.961174
120	119	0.958259
120	127	0.975336
120	129	0.920489
120	131	0.95889
120	132	1.00269
120	133	0.959267
120	134	1.00078
120	136	0.991604
120	138	0.991742
120	144	1.01425
120	155	2.37854
120	165	0.892625
120	171	3.05504
121	45	0.971658
121	50	0.95971
121	54	0.942499
121	59	1.00441
121	61	1.00648
121	68	1.00007
121	74	0.987323
121	75	0.987715
121	76	0.974235
121	83	0.957674
121	85	1.02072
121	89	0.942028
121	91	0.991801
121	92	0.9522
121	94	0.985964
121	99	0.986752
121	101	0.987573
121	103	0.978534
121	106	0.980287
121	112	0.95718
121	115	1.00716
121	125	0.965208
121	141	0.87751
121	143	1.8097
121	157	1.39096
121	158	0.845241
121	168	1.66535
121	174	2.90625
122	22	1.67501
122	66	0.922903
122	113	0.920897
122	132	1.06718
122	138	1.69136
122	139	0.944381
122	150	0.974345
122	152	0.879172
122	154	0.913894
122	155	0.87278
122	156	0.893968
122	160	0.937312
122	161	0.880904
122	163	0.919454
122	164	0.927602
122	166	0.882902
122	167	0.871903
122	169	0.884939
122	170	0.855664
122	171	0.856493
122	172	0.927093
122	173	0.87047
122	174	0.852988
122	175	0.864805
122	176	0.882193
122	177	0.833675
122	178	0.866416
122	179	0.863466
122	180	0.853217
123	40	0.684488
123	55	1.31566
123	63	1.00156
123	78	1.40065
123	109	1.57495
123	117	1.03676
123	124	0.930593
123	125	0.125044
123	128	0.981786
123	141	1.07782
123	151	0.95675
123	153	0.956464
123	156	0.975097
123	158	0.912246
123	159	1.00317
123	160	1.01844
123	161	0.962032
123	166	0.964031
123	167	0.953031
123	169	0.966068
123	171	0.937621
123	173	0.951598
123	174	0.934116
123	175	0.945934
123	176	0.963321
123	177	0.914803
123	178	0.947544
123	179	0.944595
123	180	0.934346
124	10	0.987574
124	16	0.853
124	24	0.832057
124	32	0.916033
124	38	0.895976
124	43	0.897645
124	53	0.866824
124	81	0.906895
124	87	2.77483
124	92	0.877866
124	109	0.90141
124	111	0.876437
124	123	0.930593
124	125	2.32596
124	128	0.840447
124	139	0.88417
124	144	0.929269
124	154	0.853683
124	155	0.812569
124	160	0.877101
124	161	0.820693
124	162	0.799508
124	169	0.824728
124	175	0.804594
124	176	0.821982
124	177	0.773464
124	178	0.806205
124	179	0.803255
124	180	0.793007
125	45	0.998944
125	50	0.986996
125	54	0.969785
125	59	1.0317
125	60	1.00328
125	61	1.03376
125	68	1.02736
125	74	1.01461
125	75	1.015
125	76	1.00152
125	83	0.984959
125	85	1.04801
125	89	0.969314
125	91	1.01909
125	92	0.979486
125	94	1.01325
125	99	1.01404
125	101	1.01486
125	103	1.00582
125	106	1.00757
125	112	0.984466
125	115	1.03445
125	117	0.642069
125	121	0.965208
125	123	0.125044
125	124	2.32596
125	135	1.62008
125	158	0.872526
125	175	1.79704
125	178	1.54389
126	8	1.08387
126	12	0.97326
126	16	1.78985
126	19	1.05326
126	27	1.03024
126	36	1.0015
126	37	1.00122
126	46	0.984908
126	48	0.984343
126	49	0.983847
126	51	0.983404
126	52	1.04965
126	92	1.37996
126	110	0.933003
126	118	1.07253
126	130	0.970295
126	132	0.18535
126	133	0.117029
126	147	0.946136
126	162	0.905976
126	166	0.929159
126	169	0.931196
126	170	0.901921
126	174	0.899245
126	175	0.911062
126	176	0.92845
126	177	0.879931
126	178	0.912673
126	179	0.909723
126	180	0.899474
127	4	0.255248
127	58	0.985053
127	64	1.0629
127	69	1.02465
127	70	0.95695
127	71	0.957094
127	72	1.00943
127	80	0.998836
127	87	1.04904
127	90	1.02943
127	98	1.0259
127	102	1.00407
127	105	1.00398
127	108	0.99301
127	118	0.977288
127	119	0.974373
127	120	0.975336
127	131	0.975004
127	132	1.01881
127	133	0.975381
127	134	1.01689
127	136	1.00772
127	138	1.00786
127	142	1.18204
127	144	1.03037
127	151	2.14622
127	162	2.51109
127	165	0.908739
127	169	1.64408
127	170	2.47292
128	43	2.08803
128	62	0.906409
128	63	0.911414
128	85	1.79098
128	100	0.902026
128	101	1.921
128	123	0.981786
128	124	0.840447
128	129	0.999376
128	137	0.945456
128	140	0.964502
128	150	0.965327
128	152	0.870155
128	156	0.884951
128	159	0.913022
128	162	0.850701
128	163	0.910436
128	166	0.873884
128	167	0.862885
128	168	0.919835
128	169	0.875922
128	170	0.846646
128	171	0.847475
128	175	0.855788
128	176	0.873175
128	177	0.824657
128	178	0.857398
128	179	0.854449
128	180	0.8442
129	1	1.85309
129	4	1.08207
129	52	0.674811
129	71	0.891451
129	73	0.961219
129	90	0.682442
129	93	1.09374
129	94	0.977717
129	120	0.920489
129	128	0.999376
129	135	0.997152
129	146	1.05109
129	148	1.01934
129	149	1.03983
129	152	0.97789
129	159	1.02076
129	160	1.03603
129	161	0.979621
129	162	0.958437
129	163	1.01817
129	164	1.02632
129	169	0.983657
129	171	0.955211
129	172	1.02581
129	175	0.963523
129	176	0.980911
129	177	0.932393
129	178	0.965134
129	179	0.962184
129	180	0.951935
130	13	1.9912
130	42	0.693964
130	87	1.26194
130	88	0.927457
130	107	1.04671
130	118	2.2529
130	126	0.970295
130	140	0.987882
130	143	0.959228
130	145	0.926036
130	148	0.934984
130	150	0.988707
130	153	0.889698
130	154	0.928256
130	155	0.887142
130	156	0.908331
130	159	0.936402
130	160	0.951674
130	164	0.941964
130	166	0.897264
130	167	0.886265
130	168	0.943215
130	169	0.899301
130	170	0.870026
130	171	0.870855
130	173	0.884832
130	174	0.86735
130	177	0.848037
130	178	0.880778
130	179	0.877829
130	180	0.86758
131	58	0.968607
131	64	1.04645
131	69	1.0082
131	70	0.940504
131	71	0.940648
131	72	0.99298
131	78	0.991068
131	80	0.982391
131	81	0.991548
131	87	1.0326
131	90	1.01298
131	98	1.00945
131	102	0.987622
131	105	0.987535
131	108	0.976565
131	118	0.960843
131	119	0.957928
131	120	0.95889
131	127	0.975004
131	132	1.00236
131	133	0.958935
131	134	1.00045
131	136	0.991272
131	138	0.99141
131	139	1.12359
131	142	0.873241
131	144	1.01392
131	154	1.49647
131	158	3.67006
131	165	0.892293
131	172	1.17546
131	175	2.20741
132	58	1.01241
132	69	1.052
132	70	0.984306
132	71	0.98445
132	72	1.03678
132	78	1.03487
132	80	1.02619
132	81	1.03535
132	87	1.0764
132	90	1.05679
132	93	0.522991
132	98	1.05326
132	102	1.03142
132	105	1.03134
132	108	1.02037
132	117	0.652596
132	118	1.00464
132	119	1.00173
132	120	1.00269
132	122	1.06718
132	126	0.18535
132	127	1.01881
132	131	1.00236
132	133	1.00274
132	134	1.04425
132	136	1.03507
132	138	1.03521
132	144	1.05772
132	152	1.96857
132	158	3.27022
132	165	0.936095
132	166	1.49742
133	58	0.968984
133	64	1.04683
133	69	1.00858
133	70	0.940881
133	71	0.941025
133	72	0.993357
133	78	0.991445
133	80	0.982767
133	81	0.991924
133	87	1.03297
133	90	1.01336
133	98	1.00983
133	102	0.987999
133	105	0.987912
133	108	0.976941
133	116	0.564389
133	118	0.96122
133	119	0.958304
133	120	0.959267
133	126	0.117029
133	127	0.975381
133	131	0.958935
133	132	1.00274
133	134	1.00082
133	136	0.991649
133	138	0.991787
133	144	1.0143
133	152	2.44239
133	156	2.26941
133	165	0.89267
133	169	2.0388
133	176	1.83874
134	58	1.0105
134	64	1.08834
134	69	1.05009
134	70	0.982394
134	71	0.982538
134	72	1.03487
134	77	0.259348
134	78	1.03296
134	80	1.02428
134	87	1.07449
134	90	1.05487
134	98	1.05134
134	102	1.02951
134	105	1.02942
134	108	1.01845
134	113	1.01039
134	118	1.00273
134	119	0.999817
134	120	1.00078
134	127	1.01689
134	131	1.00045
134	132	1.04425
134	133	1.00082
134	136	1.03316
134	138	1.0333
134	144	1.05581
134	146	0.879082
134	148	1.10672
134	151	2.06854
134	165	0.934183
134	170	2.39524
134	180	2.3281
135	15	1.93265
135	73	0.851259
135	84	0.956637
135	90	2.44728
135	100	0.899802
135	125	1.62008
135	129	0.997152
135	141	0.985449
135	146	0.94113
135	147	0.888637
135	149	0.929871
135	152	0.86793
135	154	0.902652
135	156	0.882726
135	157	0.916551
135	158	0.819875
135	160	0.92607
135	161	0.869662
135	163	0.908212
135	164	0.91636
135	166	0.87166
135	171	0.845251
135	173	0.859228
135	174	0.841746
135	175	0.853563
135	176	0.870951
135	177	0.822433
135	178	0.855174
135	179	0.852224
135	180	0.841975
136	58	1.00132
136	60	0.647653
136	64	1.07917
