1	62	0.979409
1	109	1.0459
1	137	1.02278
1	138	1.00207
1	146	1.03923
1	147	1.0225
1	149	1.00831
1	153	0.917735
1	161	1.10892
1	171	1.05756
1	174	0.988295
1	180	1.07519
2	6	1.00607
2	36	1.10102
2	54	1.01546
2	61	1.05316
2	66	0.987884
2	67	0.944216
2	132	0.97907
2	155	0.972898
2	156	1.06926
2	163	0.994153
2	167	1.08609
2	177	1.05931
3	27	0.981276
3	101	0.915146
3	102	0.953405
3	121	0.904211
3	157	1.07605
3	164	1.02182
3	167	0.774779
3	169	1.02899
3	172	1.02381
3	174	1.05081
3	179	0.99635
3	180	1.00379
4	30	0.852642
4	53	0.919538
4	70	1.05488
4	71	0.888816
4	77	0.949038
4	79	0.848911
4	87	0.903493
4	141	0.876989
4	154	1.26187
4	158	1.30275
4	162	0.962646
4	179	1.39698
5	75	0.996865
5	90	1.06802
5	92	0.97875
5	94	1.0135
5	102	1.02882
5	143	1.02321
5	154	0.952822
5	158	0.993703
5	160	1.09012
5	173	1.05773
5	174	0.99206
5	180	1.07896
6	2	1.00607
6	24	0.988264
6	27	0.973045
6	61	1.09342
6	66	1.02814
6	67	0.984474
6	114	1.10676
6	115	0.943117
6	155	1.04606
6	157	1.02704
6	162	0.951771
6	167	1.12634
7	22	0.908763
7	30	1.00273
7	77	1.09912
7	79	0.998995
7	87	1.05358
7	141	1.02707
7	150	1.00006
7	159	1.0049
7	162	1.11273
7	172	1.10106
7	173	1.11081
7	176	0.857698
8	123	1.03223
8	129	1.01522
8	130	0.93795
8	136	1.00176
8	138	1.02432
8	146	1.06147
8	147	1.04475
8	149	1.03056
8	168	0.926411
8	170	1.05355
8	173	0.988876
8	178	1.15482
9	54	0.927725
9	92	0.981988
9	102	1.03206
9	147	1.03065
9	149	1.01645
9	158	1.03934
9	160	1.09336
9	161	1.15832
9	171	1.0657
9	172	1.09362
9	173	0.974769
9	176	0.850258
10	78	1.01685
10	80	1.05769
10	88	1.07138
10	101	1.09042
10	132	0.909816
10	148	1.1415
10	152	0.875104
10	162	0.809354
10	176	1.22064
10	178	1.08645
10	180	0.994663
11	33	0.852495
11	53	0.919601
11	62	1.29455
11	64	1.16521
11	71	0.888879
11	77	0.949101
11	79	0.848974
11	87	0.903556
11	115	1.19638
11	141	0.877052
11	162	0.962709
11	166	1.35788
12	76	1.06062
12	117	0.970076
12	119	1.07335
12	123	1.02186
12	131	1.02491
12	147	1.03438
12	149	1.02019
12	156	1.05197
12	158	0.96137
12	174	0.959727
12	179	1.0556
12	180	1.04663
13	110	0.91429
13	123	0.940133
13	143	0.917683
13	147	0.903194
13	156	1.03659
13	165	1.08311
13	171	0.854102
13	172	1.03817
13	175	1.02505
13	178	0.990268
13	179	1.01071
13	180	1.01815
14	88	1.07364
14	143	1.1108
14	164	0.956599
14	167	0.950456
14	170	0.945386
14	171	1.04722
14	174	0.985587
14	177	0.933562
14	178	0.910688
14	179	0.931125
14	180	0.938565
15	101	0.990935
15	112	0.992968
15	128	1.03267
15	134	0.984085
15	140	0.930991
15	148	1.04201
15	153	0.920261
15	164	1.06004
15	171	1.0332
15	176	1.12115
15	179	1.08669
15	180	1.07772
16	19	0.896888
16	129	1.00515
16	137	1.03497
16	146	1.05141
16	147	1.03469
16	148	0.961674
16	149	1.0205
16	154	0.994552
16	169	1.08513
16	171	1.06974
16	173	0.978814
16	175	1.13802
17	21	0.90788
17	71	0.988755
17	72	0.86089
17	104	0.957488
17	154	1.07824
17	166	1.03215
17	169	1.03146
17	171	0.809919
17	174	1.05329
17	177	1.00126
17	179	0.998827
17	180	1.00627
18	53	1.2031
18	100	1.14917
18	123	1.20792
18	156	0.905778
18	157	0.959589
18	167	1.02513
18	174	0.934353
18	175	0.89424
18	177	0.882329
18	178	0.859454
18	179	0.879892
18	180	0.887332
19	16	0.896888
19	91	0.927935
19	122	0.915964
19	129	1.00473
19	156	1.0322
19	163	1.06074
19	166	1.03964
19	171	0.835058
19	174	1.06078
19	177	1.00875
19	178	0.98588
19	180	1.01376
20	103	1.00918
20	121	1.05377
20	122	0.990247
20	133	1.04216
20	134	1.01722
20	135	1.01925
20	154	0.944496
20	155	0.979615
20	156	1.07598
20	166	1.03817
20	169	1.03508
20	171	1.06633
21	17	0.90788
21	120	0.994008
21	131	1.02889
21	146	1.05509
21	147	1.03837
21	149	1.02417
21	156	1.16217
21	157	1.04678
21	168	1.02019
21	171	1.07342
21	173	0.982489
21	176	0.882478
22	7	0.908763
22	53	0.91122
22	71	0.880497
22	77	0.94072
22	79	0.840593
22	87	0.895175
22	108	1.36912
22	139	1.09314
22	141	0.86867
22	156	1.28522
22	162	0.954328
22	177	1.27527
23	37	0.927651
23	42	1.0392
23	50	1.03847
23	105	1.0781
23	106	0.990055
23	107	1.0074
23	143	1.03031
23	144	1.0839
23	153	1.01663
23	158	1.01726
23	172	1.14311
23	176	0.899743
24	6	0.988264
24	26	0.916252
24	27	0.914977
24	39	0.988661
24	61	1.03535
24	66	0.970073
24	67	0.926406
24	125	1.06644
24	132	1.13613
24	152	1.10142
24	167	1.06828
24	176	0.946632
24	180	1.22097
25	95	0.974271
25	104	0.954586
25	116	0.94719
25	126	1.07193
25	128	1.00831
25	133	0.984663
25	134	0.959722
25	135	0.961756
25	152	1.04833
25	168	1.03126
25	171	1.00883
25	173	1.14666
25	179	1.17686
26	24	0.916252
26	27	0.901033
26	36	1.06926
26	39	0.974717
26	61	1.02141
26	66	0.956129
26	67	0.912462
26	84	0.910347
26	164	1.11095
26	167	1.05433
26	173	1.1074
26	178	1.22042
26	180	1.12864
27	3	0.981276
27	6	0.973045
27	24	0.914977
27	26	0.901033
27	36	1.06799
27	61	1.02013
27	66	0.954854
27	67	0.911187
27	85	1.1498
27	159	1.04146
27	167	1.05306
27	174	1.0817
27	180	1.1686
28	52	0.978852
28	72	0.949603
28	81	1.01834
28	89	0.977914
28	91	0.94765
28	97	0.988481
28	118	0.912832
28	132	1.08532
28	153	1.03075
28	159	1.04303
28	168	1.03354
28	173	1.14893
28	177	1.16556
29	55	0.822042
29	68	1.07105
29	91	1.03463
29	128	0.992043
29	138	0.992142
29	143	1.00533
29	146	1.02929
29	149	0.998381
29	171	1.04762
29	175	0.946741
29	178	0.911956
29	179	0.932394
29	180	0.939833
30	4	0.852642
30	7	1.00273
30	71	0.97446
30	77	1.03468
30	79	0.934555
30	87	0.989138
30	136	1.09915
30	141	0.962633
30	162	1.04829
30	171	1.17525
30	172	1.12945
30	174	1.07353
30	176	0.886085
31	45	1.2021
31	69	1.1592
31	96	1.21225
31	105	1.25942
31	106	1.17137
31	108	0.967337
31	158	1.19858
31	159	0.750958
31	162	0.692785
31	173	0.856862
31	175	0.895422
31	178	0.969878
32	63	1.12174
32	78	1.03
32	80	1.07084
32	88	1.08453
32	101	1.10357
32	114	0.941885
32	145	0.931343
32	148	1.15465
32	152	0.85265
32	159	0.845073
32	175	0.989538
32	176	1.23379
32	180	0.972209
33	11	0.852495
33	53	1.00497
33	71	0.97425
33	77	1.03447
33	79	0.934345
33	87	0.988928
33	136	1.12508
33	141	0.962423
33	151	1.033
33	152	1.0668
33	154	1.06022
33	162	1.04808
33	180	1.18636
34	48	0.964522
34	110	0.990544
34	121	0.983138
34	128	0.995175
34	133	0.971527
34	135	0.94862
34	136	1.0985
34	141	0.952106
34	150	1.02779
34	157	1.04973
34	166	1.12731
34	171	0.995697
34	179	1.16875
35	60	0.984819
35	98	0.865394
35	129	0.963853
35	137	0.906558
35	143	0.857762
35	164	1.06177
35	167	0.69742
35	170	1.05055
35	172	1.06376
35	174	1.09075
35	177	1.03873
35	178	1.01586
35	179	1.03629
35	180	1.04373
36	2	1.10102
36	26	1.06926
36	27	1.06799
36	39	1.14167
36	66	1.12308
36	67	1.07941
36	125	0.843799
36	155	0.907313
36	161	1.03206
36	163	0.928567
36	167	1.22128
36	176	0.72399
36	178	1.09012
37	23	0.927651
37	80	0.924968
37	116	0.945952
37	124	1.14019
37	128	0.862716
37	146	0.853854
37	161	1.04642
37	164	1.05646
37	170	1.04525
37	171	0.812425
37	177	1.03342
37	178	1.01055
37	179	1.03098
37	180	1.03842
38	68	1.01519
38	74	1.0618
38	90	1.08816
38	92	0.998896
38	94	1.03365
38	102	1.04897
38	130	0.981521
38	143	1.04336
38	151	0.953252
38	152	0.98705
38	160	1.11027
38	162	0.921301
38	168	0.969982
38	179	1.11558
39	24	0.988661
39	26	0.974717
39	36	1.14167
39	54	1.05612
39	61	1.09382
39	62	1.02691
39	66	1.02854
39	67	0.984871
39	70	0.789569
39	125	0.968163
39	144	1.03251
39	151	0.969338
39	167	1.12674
39	179	1.13167
40	68	1.02073
40	75	1.02256
40	90	1.09371
40	92	1.00444
40	94	1.03919
40	102	1.05451
40	143	1.0489
40	153	0.865789
40	156	1.0286
40	159	0.896112
40	160	1.11581
40	172	0.99227
40	178	1.11503
40	179	1.03222
41	93	1.02926
41	113	1.0472
41	138	1.03994
41	146	1.07709
41	147	1.06037
41	148	0.979909
41	149	1.04618
41	153	0.981465
41	162	0.953616
41	165	1.04121
41	166	1.10646
41	171	1.09542
41	173	1.00449
41	176	0.864583
42	23	1.0392
42	50	1.01272
42	58	0.885888
42	69	0.952141
42	96	1.00518
42	105	1.05235
42	106	0.964307
42	107	0.981657
42	125	1.02056
42	143	1.00456
42	151	1.02173
42	158	0.991515
42	168	1.03846
42	177	1.17048
42	179	1.18406
43	47	0.977784
43	59	0.956025
43	81	1.03196
43	82	1.038
43	83	1.08004
43	89	0.991533
43	97	1.0021
43	118	0.926452
43	140	1.03212
43	144	1.04467
43	152	1.0153
43	153	1.04437
43	159	1.00772
43	174	1.04796
43	180	1.13486
44	56	1.00662
44	63	1.01633
44	78	0.924593
44	80	0.96543
44	88	0.979119
44	101	0.998165
44	118	0.933164
44	140	0.958842
44	148	1.04924
44	159	0.978436
44	164	1.08789
44	173	1.08434
44	175	1.1229
44	176	1.12838
44	177	1.10097
45	31	1.2021
45	51	0.987889
45	54	0.955315
45	60	0.938362
45	69	0.933722
45	96	0.986762
45	105	1.03393
45	107	0.963237
45	125	0.997657
45	142	1.03553
45	143	0.986141
45	144	1.062
45	158	0.973095
45	170	1.1427
45	173	1.13096
46	112	0.994054
46	116	0.972638
46	121	1.02172
46	122	0.958199
46	128	1.03376
46	133	1.01011
46	134	0.985171
46	135	0.987204
46	139	0.934656
46	164	1.10371
46	170	1.1119
46	171	1.03428
46	176	0.847053
46	178	1.21318
46	180	1.1214
47	43	0.977784
47	55	1.10262
47	72	0.94774
47	81	1.01648
47	82	1.02251
47	89	0.976051
47	91	0.945787
47	97	0.986619
47	139	0.94144
47	153	1.02888
47	157	1.01814
47	165	1.03047
47	172	1.0972
47	173	1.10695
47	179	1.13715
48	34	0.964522
48	112	1.00276
48	116	0.981344
48	121	1.03043
48	122	0.966905
48	133	1.01882
48	134	0.993876
48	135	0.99591
48	151	1.03447
48	157	1.07779
48	158	1.10257
48	162	1.00252
48	171	1.04299
48	176	0.913485
48	179	1.1968
49	84	0.97464
49	100	1.01262
49	103	0.980122
49	104	0.98302
49	122	0.961186
49	128	1.03675
49	133	1.0131
49	134	0.988157
49	135	0.990191
49	139	1.00619
49	148	1.03391
49	171	1.03727
49	175	1.21026
49	176	0.918587
49	177	1.18832
50	23	1.03847
50	42	1.01272
50	51	1.00558
50	60	0.956052
50	96	1.00445
50	105	1.05162
50	106	0.963578
50	107	0.980927
50	139	0.945195
50	156	1.13728
50	158	0.990785
50	159	1.0048
50	163	1.06217
50	165	1.03422
50	175	1.14926
51	45	0.987889
51	50	1.00558
51	60	0.949639
51	65	1.14952
51	96	0.998039
51	106	0.957164
51	107	0.974514
51	108	1.17058
51	143	0.997417
51	158	0.984371
51	163	1.01158
51	164	1.06366
51	168	0.944713
51	173	1.06011
51	180	1.08134
52	28	0.978852
52	59	0.955231
52	72	0.962428
52	81	1.03117
52	82	1.0372
52	91	0.960475
52	97	1.00131
52	126	1.00155
52	140	1.03133
52	150	0.965528
52	153	1.04357
52	166	1.06505
52	177	1.0929
52	179	1.10648
52	180	1.09751
53	4	0.919538
53	11	0.919601
53	18	1.2031
53	22	0.91122
53	33	1.00497
53	71	1.04136
53	79	1.00145
53	87	1.05603
53	124	0.980512
53	132	1.05522
53	141	1.02953
53	155	1.04905
53	162	1.11519
53	173	1.11884
53	176	0.865729
54	2	1.01546
54	9	0.927725
54	39	1.05612
54	45	0.955315
54	67	0.993862
54	69	0.968344
54	102	0.943849
54	117	1.04123
54	123	0.948014
54	167	1.13573
54	173	0.978708
54	175	0.968752
54	178	0.933967
54	179	0.954405
54	180	0.961844
55	29	0.822042
55	47	1.10262
55	72	1.08806
55	81	1.1568
55	89	1.11637
55	91	1.08611
55	97	1.12694
55	140	1.15696
55	153	1.1692
55	154	0.813011
55	158	0.853893
55	161	0.972873
55	166	0.906689
55	170	0.929659
55	178	1.03093
56	44	1.00662
56	63	1.01626
56	78	0.924528
56	80	0.965364
56	88	0.979054
56	101	0.998099
56	118	0.933098
56	148	1.04918
56	161	1.08667
56	169	1.01739
56	174	0.966048
56	176	1.12832
56	178	1.14473
56	179	1.06192
56	180	1.05295
57	76	0.979405
57	80	1.08899
57	88	1.00287
57	90	0.935699
57	96	1.00215
57	112	1.05361
57	125	1.04278
57	168	1.02251
57	169	0.964898
57	170	0.946522
57	172	0.959727
57	175	0.946609
57	177	0.934699
57	178	0.911824
57	179	0.932262
57	180	0.939702
58	42	0.885888
58	93	0.900595
58	94	0.899895
58	98	0.840872
58	127	0.849695
58	137	0.882036
58	147	0.818751
58	159	1.13905
58	169	1.07566
58	172	1.07049
58	174	1.09748
58	175	1.05737
58	177	1.04546
58	178	1.02259
58	179	1.04302
58	180	1.05046
59	43	0.956025
59	52	0.955231
59	81	0.994719
59	82	1.00076
59	89	0.954292
59	91	0.924029
59	97	0.96486
59	118	0.889211
59	125	1.07712
59	127	0.959676
59	139	1.04492
59	144	1.14147
59	153	1.00713
59	154	1.10552
59	163	1.16189
59	169	1.1961
60	35	0.984819
60	45	0.938362
60	50	0.956052
60	51	0.949639
60	65	1.09999
60	96	0.948512
60	105	0.995682
60	106	0.907637
60	107	0.924987
60	126	1.15354
60	143	0.94789
60	153	1.09204
60	158	0.934845
60	162	1.06419
60	165	1.15179
60	173	1.22826
61	2	1.05316
61	6	1.09342
61	24	1.03535
61	26	1.02141
61	27	1.02013
61	39	1.09382
61	66	1.07523
61	67	1.03156
61	140	0.896851
61	152	0.924021
61	157	0.933541
61	164	1.0259
61	165	0.945869
61	167	1.17343
61	173	1.02235
61	177	1.03897
62	1	0.979409
62	11	1.29455
62	39	1.02691
62	86	1.03603
62	98	1.03429
62	150	1.02537
62	163	0.988464
62	164	0.959514
62	167	0.866312
62	169	0.966677
62	174	0.988502
62	175	0.948388
62	177	0.936478
62	178	0.913603
62	179	0.934041
62	180	0.941481
63	32	1.12174
63	44	1.01633
63	56	1.01626
63	78	0.934232
63	80	0.975068
63	88	0.988758
63	101	1.0078
63	114	1.04364
63	118	0.942802
63	144	0.983776
63	148	1.05888
63	155	0.982942
63	158	0.988705
63	172	1.04298
63	173	1.05273
63	175	1.09129
63	176	1.13802
64	11	1.16521
64	74	0.884832
64	75	0.923315
64	127	0.913769
64	131	0.875071
64	146	0.875162
64	150	1.09137
64	161	1.01548
64	164	1.02552
64	166	1.03338
64	169	1.03269
64	171	0.833733
64	175	1.0144
64	177	1.00249
64	178	0.979612
64	179	1.00005
64	180	1.00749
65	51	1.14952
65	60	1.09999
65	69	1.09535
65	83	0.912442
65	96	1.14839
65	105	1.19556
65	106	1.10752
65	107	1.12487
65	143	1.14777
65	144	0.877076
65	150	0.83528
65	158	1.13472
65	161	1.00099
65	162	0.781953
65	163	0.897497
65	164	0.949577
65	175	0.98459
66	2	0.987884
66	6	1.02814
66	24	0.970073
66	26	0.956129
66	27	0.954854
66	36	1.12308
66	39	1.02854
66	61	1.07523
66	67	0.966283
66	136	1.0308
66	139	0.905339
66	158	1.00682
66	165	0.994366
66	167	1.10815
66	168	0.95545
66	175	1.10941
66	178	1.18386
67	2	0.944216
67	6	0.984474
67	24	0.926406
67	26	0.912462
67	27	0.911187
67	36	1.07941
67	39	0.984871
67	54	0.993862
67	61	1.03156
67	66	0.966283
67	136	1.1422
67	145	1.16261
67	150	1.07149
67	153	1.04601
67	155	1.11246
67	167	1.06449
67	174	1.11657
67	176	0.929132
68	29	1.07105
68	38	1.01519
68	40	1.02073
68	74	0.985945
68	75	0.941152
68	90	1.0123
68	92	0.923036
68	94	0.957786
68	102	0.973109
68	114	1.15784
68	127	0.969946
68	142	1.0715
68	143	0.967497
68	160	1.03441
68	161	1.22189
68	162	1.00285
68	165	1.09045
68	176	0.91382
69	31	1.1592
69	42	0.952141
69	45	0.933722
69	54	0.968344
69	65	1.09535
69	73	1.03284
69	96	0.943871
69	105	0.991041
69	106	0.902997
69	107	0.920346
69	130	1.04013
69	143	0.94325
69	151	1.01186
69	158	0.930204
69	166	1.13276
69	168	1.02859
69	175	1.18255
69	180	1.16522
70	4	1.05488
70	39	0.789569
70	71	0.904569
70	94	0.855969
70	105	0.722463
70	117	0.904982
70	133	0.802432
70	137	0.83811
70	151	1.16327
70	165	1.12421
70	170	1.06607
70	172	1.07927
70	174	1.10627
70	175	1.06616
70	177	1.05425
70	178	1.03137
70	179	1.05181
70	180	1.05925
71	4	0.888816
71	11	0.888879
71	17	0.988755
71	22	0.880497
71	30	0.97446
71	33	0.97425
71	53	1.04136
71	70	0.904569
71	77	1.07086
71	79	0.970729
71	87	1.02531
71	132	1.15285
71	141	0.998807
71	150	1.10571
71	154	1.11156
71	159	1.11056
71	162	1.08446
71	168	1.10107
72	17	0.86089
72	28	0.949603
72	47	0.94774
72	52	0.962428
72	55	1.08806
72	82	1.00795
72	89	0.96149
72	91	0.931226
72	97	0.972057
72	114	1.07951
72	127	0.966873
72	140	1.00208
72	153	1.01432
72	156	1.11518
72	164	1.09214
72	166	1.07737
72	177	1.10522
72	178	1.20161
73	69	1.03284
73	78	1.00868
73	88	1.0632
73	101	1.08225
73	106	1.04501
73	107	1.06236
73	108	1.10816
73	143	1.08526
73	144	0.928726
73	148	1.13333
73	153	0.861453
73	158	1.07221
73	165	0.921201
73	166	0.986451
73	168	0.882285
73	174	0.932013
73	176	1.21246
73	180	1.01891
74	38	1.0618
74	64	0.884832
74	68	0.985945
74	75	0.987771
74	90	1.05892
74	92	0.969655
74	94	1.0044
74	102	1.01973
74	127	1.01657
74	143	1.01412
74	144	1.01977
74	156	1.11531
74	158	1.0247
74	159	0.982823
74	160	1.08103
74	172	1.07898
74	174	1.02306
75	5	0.996865
75	40	1.02256
75	64	0.923315
75	68	0.941152
75	74	0.987771
75	90	1.01413
75	92	0.924862
75	94	0.959611
75	102	0.974935
75	127	0.971772
75	143	0.969323
75	155	1.05742
75	159	1.02131
75	160	1.03623
75	163	1.07868
75	174	1.06154
75	178	1.24023
75	180	1.14844
76	12	1.06062
76	57	0.979405
76	117	0.965991
76	119	1.06926
76	123	1.01778
76	131	1.02082
76	137	1.03057
76	138	1.00987
76	140	0.91509
76	146	1.04702
76	147	1.0303
76	149	1.01611
76	157	0.951781
76	161	1.09554
76	165	0.964109
76	167	1.13145
76	169	1.02626
76	174	0.97492
76	175	1.07915
77	4	0.949038
77	7	1.09912
77	11	0.949101
77	22	0.94072
77	30	1.03468
77	33	1.03447
77	71	1.07086
77	79	1.03095
77	87	1.08553
77	130	0.927689
77	141	1.05903
77	151	0.89942
77	155	0.961758
77	162	1.14469
77	163	0.983013
77	172	1.0218
77	173	1.03155
77	175	1.07011
77	178	1.14456
78	10	1.01685
78	32	1.03
78	44	0.924593
78	56	0.924528
78	63	0.934232
78	73	1.00868
78	80	0.883334
78	88	0.897024
78	101	0.916069
78	114	1.1547
78	118	0.851068
78	148	0.967149
78	152	1.06547
78	168	1.0484
78	173	1.1638
78	174	1.09813
78	176	1.04629
78	177	1.18042
78	178	1.27681
79	4	0.848911
79	7	0.998995
79	11	0.848974
79	22	0.840593
79	30	0.934555
79	33	0.934345
79	53	1.00145
79	71	0.970729
79	77	1.03095
79	87	0.985407
79	124	1.06177
79	130	1.09624
79	141	0.958903
79	150	1.08935
79	162	1.04456
79	169	1.18578
79	173	1.2001
79	174	1.13443
79	177	1.21673
80	10	1.05769
80	32	1.07084
80	37	0.924968
80	44	0.96543
80	56	0.965364
80	57	1.08899
80	63	0.975068
80	78	0.883334
80	88	0.93786
80	101	0.956905
80	118	0.891904
80	126	1.07544
80	144	1.08122
80	148	1.00799
80	163	1.10164
80	168	1.03477
80	176	1.08712
80	177	1.1668
81	28	1.01834
81	43	1.03196
81	47	1.01648
81	52	1.03117
81	55	1.1568
81	59	0.994719
81	89	1.03023
81	97	1.0408
81	118	0.965146
81	127	1.03561
81	139	0.895875
81	148	0.923598
81	153	1.08306
81	168	0.945986
81	169	1.04706
81	170	1.07312
81	174	0.995713
81	177	1.07801
81	180	1.08261
82	43	1.038
82	47	1.02251
82	52	1.0372
82	59	1.00076
82	72	1.00795
82	89	1.03626
82	91	1.006
82	97	1.04683
82	127	1.04165
82	140	1.07686
82	142	0.967042
82	148	0.924689
82	153	1.0891
82	154	0.957566
82	157	0.973665
82	158	0.998448
82	164	1.06602
82	166	1.05124
82	175	1.10103
83	43	1.08004
83	65	0.912442
83	92	1.11976
83	119	1.02811
83	122	1.08495
83	145	0.970378
83	146	1.04547
83	147	1.05313
83	152	1.00996
83	154	0.999535
83	161	0.93556
83	163	0.97455
83	170	0.934387
83	174	0.974588
83	175	0.934474
83	177	0.922563
83	178	0.899689
83	179	0.920127
83	180	0.927566
84	26	0.910347
84	49	0.97464
84	97	0.900507
84	135	0.933587
84	137	0.952947
84	141	0.947109
84	152	1.09372
84	154	1.08329
84	160	0.814402
84	165	1.07628
84	169	1.03651
84	171	0.84057
84	172	1.03134
84	174	1.05834
84	175	1.01823
84	177	1.00631
84	178	0.98344
84	179	1.00388
84	180	1.01132
85	27	1.1498
85	86	1.11302
85	110	1.10025
85	113	1.10613
85	126	0.970976
85	131	1.0814
85	149	1.10419
85	160	1.01389
85	165	0.964241
85	166	0.925165
85	168	0.982085
85	169	0.924475
85	170	0.906099
85	172	0.919303
85	174	0.9463
85	175	0.906186
85	177	0.894276
85	178	0.871401
85	179	0.891839
85	180	0.899279
86	62	1.03603
86	85	1.11302
86	99	0.995184
86	109	1.01515
86	113	0.978579
86	120	0.947393
86	123	0.979228
86	130	1.00673
86	146	1.00847
86	147	0.99175
86	149	0.977558
86	155	1.0408
86	158	1.04656
86	160	1.05446
86	167	1.0929
86	171	1.0268
86	172	1.10084
86	173	0.935874
86	176	0.857472
86	177	1.12721
87	4	0.903493
87	7	1.05358
87	11	0.903556
87	22	0.895175
87	30	0.989138
87	33	0.988928
87	53	1.05603
87	71	1.02531
87	77	1.08553
87	79	0.985407
87	126	0.99049
87	141	1.01348
87	155	0.995432
87	158	1.00119
87	162	1.09914
87	169	1.0509
87	172	1.05547
87	173	1.06522
87	175	1.10378
87	178	1.17824
88	10	1.07138
88	14	1.07364
88	32	1.08453
88	44	0.979119
88	56	0.979054
88	57	1.00287
88	63	0.988758
88	73	1.0632
88	78	0.897024
88	80	0.93786
88	101	0.970595
88	118	0.905594
88	140	0.938555
88	148	1.02167
88	170	1.07579
88	172	1.05431
88	174	0.998385
88	175	1.10261
88	176	1.10081
88	180	1.08528
89	28	0.977914
89	43	0.991533
89	47	0.976051
89	55	1.11637
89	59	0.954292
89	72	0.96149
89	81	1.03023
89	82	1.03626
89	91	0.959537
89	118	0.924719
89	140	1.03039
89	145	1.06735
89	153	1.04263
89	157	0.998173
89	159	0.981076
89	166	1.07575
89	169	1.07266
89	170	1.09872
89	174	1.02131
89	175	1.12554
90	5	1.06802
90	38	1.08816
90	40	1.09371
90	57	0.935699
90	68	1.0123
90	74	1.05892
90	75	1.01413
90	92	0.996012
90	94	1.03076
90	102	1.04609
90	127	1.04292
90	143	1.04047
90	148	0.859099
90	158	0.932858
90	160	1.10738
90	173	0.996883
90	174	0.931215
90	175	1.03544
90	177	1.01351
90	178	1.1099
90	179	1.02709
91	19	0.927935
91	28	0.94765
91	29	1.03463
91	47	0.945787
91	52	0.960475
91	55	1.08611
91	59	0.924029
91	72	0.931226
91	82	1.006
91	89	0.959537
91	97	0.970104
91	118	0.894456
91	127	0.96492
91	140	1.00013
91	142	1.03507
91	153	1.01237
91	170	1.14225
91	172	1.12076
91	174	1.06484
91	178	1.24352
91	179	1.16071
92	5	0.97875
92	9	0.981988
92	38	0.998896
92	40	1.00444
92	68	0.923036
92	74	0.969655
92	75	0.924862
92	83	1.11976
92	90	0.996012
92	94	0.941496
92	102	0.95682
92	127	0.953656
92	140	1.02785
92	143	0.951207
92	150	1.0426
92	152	1.05502
92	154	1.04844
92	160	1.01812
92	170	1.16509
92	173	1.15335
92	180	1.17458
93	41	1.02926
93	58	0.900595
93	98	0.980749
93	108	1.27904
93	117	0.908647
93	120	0.928596
93	124	1.03024
93	125	1.03526
93	129	0.943417
93	137	0.973231
93	138	0.952522
93	146	0.989675
93	147	0.972954
93	149	0.958762
93	160	1.03567
93	169	1.15424
93	171	1.00801
93	173	0.917077
93	176	0.915452
93	177	1.18519
93	178	1.28158
94	5	1.0135
94	38	1.03365
94	40	1.03919
94	58	0.899895
94	68	0.957786
94	70	0.855969
94	74	1.0044
94	75	0.959611
94	90	1.03076
94	92	0.941496
94	102	0.991569
94	127	0.988406
94	142	1.07243
94	143	0.985957
94	145	1.14823
94	152	1.06954
94	154	1.06296
94	160	1.05287
94	168	1.05247
94	173	1.16786
95	25	0.974271
95	100	1.01495
95	103	0.982454
95	104	0.985352
95	116	0.977957
95	121	1.02704
95	122	0.963518
95	126	1.0003
95	128	1.03908
95	133	1.01543
95	134	0.990489
95	135	0.992523
95	157	0.98622
95	164	1.07857
95	165	0.998548
95	171	1.0396
95	173	1.07503
95	174	1.00936
95	178	1.18804
95	179	1.10523
96	31	1.21225
96	42	1.00518
96	45	0.986762
96	50	1.00445
96	51	0.998039
96	57	1.00215
96	60	0.948512
96	65	1.14839
96	69	0.943871
96	105	1.04408
96	106	0.956038
96	107	0.973387
96	130	0.959477
96	143	0.99629
96	158	0.983245
96	161	1.11829
96	162	0.899257
96	168	0.947938
96	172	1.05359
96	177	1.07996
96	179	1.09354
96	180	1.08457
97	28	0.988481
97	43	1.0021
97	47	0.986619
97	52	1.00131
97	55	1.12694
97	59	0.96486
97	72	0.972057
97	81	1.0408
97	82	1.04683
97	84	0.900507
97	91	0.970104
97	125	0.964263
97	127	1.00575
97	140	1.04096
97	145	1.07793
97	153	1.0532
97	157	1.00876
97	162	0.933487
97	163	1.04903
97	166	1.08634
97	173	1.09756
97	180	1.1188
98	35	0.865394
98	58	0.840872
98	62	1.03429
98	93	0.980749
98	113	0.998684
98	129	0.982318
98	131	1.00238
98	137	1.01213
98	138	0.991423
98	146	1.02858
98	147	1.01185
98	148	0.971057
98	149	0.997662
98	154	1.00393
98	155	1.03905
98	156	1.13542
98	160	1.07457
98	167	1.113
98	171	1.04691
98	172	1.09909
98	173	0.955978
98	179	1.13904
99	86	0.995184
99	109	1.03089
99	117	0.943187
99	119	1.04646
99	120	0.963136
99	129	0.977957
99	131	0.99802
99	136	1.03106
99	142	0.975677
99	146	1.02421
99	147	1.00749
99	149	0.993301
99	150	0.960357
99	153	0.934879
99	158	1.00708
99	160	1.07021
99	166	1.05988
99	167	1.10864
99	169	1.05678
99	170	1.08285
99	171	1.04254
99	178	1.18412
100	18	1.14917
100	49	1.01262
100	95	1.01495
100	104	0.995266
100	110	1.04436
100	112	1.00929
100	116	0.98787
100	121	1.03695
100	122	0.973432
100	125	0.931608
100	128	1.04899
100	133	1.02534
100	134	1.0004
100	135	1.00244
100	139	0.899402
100	152	0.966581
100	159	0.959004
100	161	1.11986
100	166	1.05368
100	171	1.04951
100	172	1.05516
100	175	1.10347
101	3	0.915146
101	10	1.09042
101	15	0.990935
101	32	1.10357
101	44	0.998165
101	56	0.998099
101	63	1.0078
101	73	1.08225
101	78	0.916069
101	80	0.956905
101	88	0.970595
101	118	0.924639
101	124	0.942906
101	145	1.0616
101	148	1.04072
101	153	0.945006
101	155	1.01145
101	166	1.07
101	173	1.08123
101	176	1.11986
101	177	1.09786
101	179	1.11144
102	3	0.953405
102	5	1.02882
102	9	1.03206
102	38	1.04897
102	40	1.05451
102	54	0.943849
102	68	0.973109
102	74	1.01973
102	75	0.974935
102	90	1.04609
102	92	0.95682
102	94	0.991569
102	127	1.00373
102	132	1.05588
102	136	1.07945
102	143	1.00128
102	145	1.09986
102	151	0.987367
102	160	1.06819
102	163	1.07096
102	164	1.12304
102	176	0.866382
103	20	1.00918
103	49	0.980122
103	95	0.982454
103	110	1.01186
103	112	0.976789
103	116	0.955373
103	121	1.00446
103	122	0.940934
103	128	1.01649
103	130	1.0088
103	133	0.992846
103	134	0.967905
103	135	0.969939
103	141	0.973425
103	148	0.974871
103	150	1.0019
103	156	1.13923
103	163	1.06412
103	165	1.03618
103	166	1.10143
103	171	1.01702
103	178	1.22567
103	179	1.14286
104	17	0.957488
104	25	0.954586
104	49	0.98302
104	95	0.985352
104	100	0.995266
104	110	1.01476
104	116	0.958271
104	121	1.00736
104	122	0.943833
104	128	1.01939
104	133	0.995744
104	134	0.970804
104	135	0.972838
104	139	1.01969
104	141	0.976324
104	150	1.07445
104	159	1.07929
104	162	1.02112
104	163	1.13666
104	170	1.19694
104	171	1.01991
104	175	1.22376
104	176	0.932086
105	23	1.0781
105	31	1.25942
105	42	1.05235
105	45	1.03393
105	50	1.05162
105	60	0.995682
105	65	1.19556
105	69	0.991041
105	70	0.722463
105	96	1.04408
105	106	1.00321
105	107	1.02056
105	140	0.908859
105	143	1.04346
105	150	0.923607
105	153	0.89813
105	155	0.96457
105	158	1.03041
105	165	0.957878
105	170	1.0461
105	175	1.07292
105	178	1.14737
105	180	1.05559
106	23	0.990055
106	31	1.17137
106	42	0.964307
106	50	0.963578
106	51	0.957164
106	60	0.907637
106	65	1.10752
106	69	0.902997
106	73	1.04501
106	96	0.956038
106	105	1.00321
106	107	0.932512
106	115	0.964921
106	140	1.01215
106	143	0.955416
106	152	1.03932
106	157	1.04884
106	158	0.94237
106	165	1.06117
106	166	1.12642
106	172	1.1279
106	177	1.15428
106	180	1.15888
107	23	1.0074
107	42	0.981657
107	45	0.963237
107	50	0.980927
107	51	0.974514
107	60	0.924987
107	65	1.12487
107	69	0.920346
107	73	1.06236
107	96	0.973387
107	105	1.02056
107	106	0.932512
107	139	1.01423
107	142	1.0843
107	143	0.972765
107	144	1.11078
107	148	1.04195
107	152	1.08141
107	158	0.959719
107	165	1.10325
107	174	1.11407
107	175	1.21829
107	176	0.926623
108	22	1.36912
108	31	0.967337
108	51	1.17058
108	73	1.10816
108	93	1.27904
108	120	1.25941
108	122	1.22901
108	151	0.970776
108	152	0.949158
108	155	0.950837
108	156	0.885206
108	157	0.939017
108	166	0.892646
108	167	1.05134
108	168	0.949566
108	169	0.891957
108	170	0.873581
108	172	0.886785
108	174	0.913782
108	175	0.873668
108	177	0.861757
108	178	0.838883
108	179	0.85932
108	180	0.86676
109	1	1.0459
109	86	1.01515
109	99	1.03089
109	117	0.963152
109	119	1.06642
109	120	0.983101
109	131	1.01799
109	136	1.033
109	137	1.02774
109	140	0.94755
109	142	0.977617
109	145	1.05341
109	146	1.04418
109	147	1.02746
109	149	1.01327
109	150	0.962298
109	161	1.128
109	165	0.996569
109	167	1.12861
109	168	0.957652
109	170	1.08479
109	171	1.06251
109	173	0.971582
109	174	1.00738
110	13	0.91429
110	34	0.990544
110	85	1.10025
110	100	1.04436
110	103	1.01186
110	104	1.01476
110	112	1.02878
110	116	1.00737
110	121	1.05645
110	122	0.992927
110	128	1.06849
110	133	1.04484
110	134	1.0199
110	135	1.02193
110	139	0.932308
110	141	1.02542
110	151	0.96569
110	159	0.991911
110	165	1.02134
110	169	1.08349
110	171	1.06901
110	172	1.08807
110	173	1.09781
110	176	0.844705
111	113	1.02329
111	117	0.972153
111	120	0.992103
111	123	1.02394
111	129	1.00692
111	130	0.953128
111	131	1.02699
111	137	1.03674
111	138	1.01603
111	139	0.891478
111	146	1.05318
111	147	1.03646
111	149	1.02227
111	150	0.946235
111	157	0.968177
111	166	1.04576
111	167	1.13761
111	169	1.04266
111	171	1.07151
111	172	1.04724
111	173	0.980584
111	174	0.991317
111	175	1.09555
111	178	1.17
112	15	0.992968
112	46	0.994054
112	48	1.00276
112	57	1.05361
112	100	1.00929
112	103	0.976789
112	110	1.02878
112	116	0.972291
112	121	1.02138
112	122	0.957853
112	128	1.03341
112	133	1.00976
112	134	0.984824
112	135	0.986858
112	141	0.990344
112	148	0.977006
112	155	1.045
112	157	1.02598
112	159	1.00889
112	162	0.950713
112	163	1.06626
112	169	1.10047
112	171	1.03393
112	177	1.13141
112	180	1.13602
113	41	1.0472
113	85	1.10613
113	86	0.978579
113	98	0.998684
113	111	1.02329
113	115	0.930964
113	120	0.946531
113	123	0.978366
113	129	0.961352
113	131	0.981415
113	137	0.991165
113	138	0.970457
113	146	1.00761
113	147	0.990889
113	149	0.976696
113	150	0.992945
113	153	0.967467
113	158	1.03967
113	160	1.0536
113	163	1.05516
113	165	1.02722
113	167	1.09204
113	170	1.11544
113	179	1.1339
113	180	1.12493
114	6	1.10676
114	32	0.941885
114	63	1.04364
114	68	1.15784
114	72	1.07951
114	78	1.1547
114	120	1.13984
114	122	1.10944
114	138	1.09962
114	145	0.941471
114	150	0.982545
114	154	0.970629
114	156	0.917106
114	164	0.916693
114	165	0.963623
114	168	0.981466
114	169	0.923856
114	170	0.90548
114	174	0.945681
114	175	0.905567
114	176	1.09441
114	177	0.893657
114	178	0.870782
114	179	0.89122
114	180	0.89866
115	6	0.943117
115	11	1.19638
115	106	0.964921
115	113	0.930964
115	117	1.04415
115	121	0.897568
115	123	0.950928
115	137	0.977274
115	149	0.929025
115	152	1.05936
115	156	0.995413
115	160	0.838728
115	161	0.984961
115	165	1.04193
115	166	1.00285
115	168	1.05977
115	169	1.00216
115	170	0.983788
115	172	0.996992
115	174	1.02399
115	175	0.983875
115	177	0.971964
115	178	0.94909
115	179	0.969527
115	180	0.976967
116	25	0.94719
116	37	0.945952
116	46	0.972638
116	48	0.981344
116	95	0.977957
116	100	0.98787
116	103	0.955373
116	104	0.958271
116	110	1.00737
116	112	0.972291
116	121	0.999959
116	122	0.936437
116	133	0.988348
116	134	0.963408
116	135	0.965442
116	140	1.04566
116	141	0.968928
116	142	1.07572
116	145	1.15152
116	148	1.03337
116	150	1.0604
116	158	1.10713
116	163	1.12262
116	166	1.15993
116	171	1.01252
116	180	1.19239
117	12	0.970076
117	54	1.04123
117	70	0.904982
117	76	0.965991
117	93	0.908647
117	99	0.943187
117	109	0.963152
117	111	0.972153
117	115	1.04415
117	119	0.978718
117	129	0.910216
117	137	0.940029
117	138	0.919321
117	146	0.956474
117	147	0.939753
117	149	0.92556
117	159	1.11097
117	160	1.00247
117	161	1.27183
117	164	1.22042
117	167	1.0409
117	170	1.22862
117	171	0.974804
117	173	0.883876
117	174	1.15121
117	176	0.963767
117	179	1.24708
118	28	0.912832
118	43	0.926452
118	44	0.933164
118	56	0.933098
118	59	0.889211
118	63	0.942802
118	78	0.851068
118	80	0.891904
118	81	0.965146
118	88	0.905594
118	89	0.924719
118	91	0.894456
118	101	0.924639
118	126	1.16861
118	127	0.930102
118	130	1.13948
118	139	1.07783
118	140	0.965311
118	148	0.975719
118	153	0.977553
118	157	1.15453
118	162	1.07926
118	164	1.24688
118	168	1.12794
118	170	1.25508
118	173	1.24334
118	176	1.05486
118	177	1.25996
119	12	1.07335
119	76	1.06926
119	83	1.02811
119	99	1.04646
119	109	1.06642
119	117	0.978718
119	129	1.01349
119	131	1.03355
119	132	0.998083
119	136	1.02165
119	137	1.0433
119	138	1.02259
119	144	0.992744
119	146	1.05975
119	147	1.04302
119	149	1.02883
119	151	0.929573
119	152	0.963371
119	153	0.925471
119	155	0.991911
119	160	1.10574
119	162	0.897621
119	163	1.01316
119	165	0.985219
119	167	1.14417
119	171	1.07808
119	172	1.05195
119	173	0.987148
120	21	0.994008
120	86	0.947393
120	93	0.928596
120	99	0.963136
120	108	1.25941
120	109	0.983101
120	111	0.992103
120	113	0.946531
120	114	1.13984
120	123	0.947179
120	129	0.930165
120	137	0.959979
120	138	0.939271
120	146	0.976423
120	147	0.959702
120	149	0.94551
120	152	1.05061
120	155	1.07915
120	160	1.02242
120	165	1.07246
120	167	1.06085
120	168	1.03354
120	170	1.16068
120	171	0.994753
120	172	1.13919
120	173	0.903826
120	174	1.08327
120	176	0.895827
120	179	1.17914
121	3	0.904211
121	20	1.05377
121	34	0.983138
121	46	1.02172
121	48	1.03043
121	95	1.02704
121	100	1.03695
121	103	1.00446
121	104	1.00736
121	110	1.05645
121	112	1.02138
121	115	0.897568
121	116	0.999959
121	122	0.985521
121	124	0.931971
121	128	1.06108
121	134	1.01249
121	135	1.01453
121	141	1.01801
121	142	0.974868
121	156	1.09688
121	158	1.00627
121	164	1.07384
121	165	0.993819
121	169	1.05597
121	171	1.0616
121	174	1.00463
121	175	1.10886
121	179	1.1005
122	19	0.915964
122	20	0.990247
122	46	0.958199
122	48	0.966905
122	49	0.961186
122	83	1.08495
122	95	0.963518
122	100	0.973432
122	103	0.940934
122	104	0.943833
122	108	1.22901
122	110	0.992927
122	112	0.957853
122	114	1.10944
122	116	0.936437
122	121	0.985521
122	126	1.0438
122	128	0.997558
122	133	0.97391
122	134	0.94897
122	135	0.951003
122	140	0.993035
122	141	0.954489
122	163	1.07
122	170	1.13027
122	171	0.99808
122	173	1.11853
122	175	1.15709
122	177	1.13516
123	8	1.03223
123	12	1.02186
123	13	0.940133
123	18	1.20792
123	54	0.948014
123	76	1.01778
123	86	0.979228
123	111	1.02394
123	113	0.978366
123	115	0.950928
123	120	0.947179
123	129	0.962
123	131	0.982063
123	137	0.991814
123	138	0.971106
123	145	1.10402
123	146	1.00826
123	147	0.991537
123	149	0.977345
123	157	1.03485
123	158	1.05963
123	160	1.05425
123	162	0.959581
123	166	1.11243
123	167	1.09269
123	170	1.1354
123	171	1.02659
123	172	1.11391
123	173	0.935661
123	176	0.870548
124	37	1.14019
124	53	0.980512
124	79	1.06177
124	93	1.03024
124	101	0.942906
124	121	0.931971
124	127	0.979336
124	128	0.949591
124	129	1.06897
124	137	1.01168
124	149	0.963428
124	152	1.04275
124	154	1.03232
124	157	1.03261
124	159	1.04893
124	161	0.968342
124	163	1.00733
124	166	0.986234
124	167	0.802539
124	168	1.04315
124	170	0.967169
124	171	0.8993
124	172	0.980373
124	173	0.977212
124	174	1.00737
124	175	0.967256
124	177	0.955345
124	178	0.932471
124	179	0.952908
124	180	0.960348
125	24	1.06644
125	36	0.843799
125	39	0.968163
125	42	1.02056
125	45	0.997657
125	57	1.04278
125	59	1.07712
125	93	1.03526
125	97	0.964263
125	100	0.931608
125	128	0.954617
125	133	0.981026
125	134	0.996038
125	150	1.04555
125	155	1.04574
125	157	1.03392
125	159	1.05025
125	163	1.00864
125	164	0.979695
125	165	1.02662
125	166	0.987547
125	168	1.04447
125	169	0.986858
125	170	0.968482
125	172	0.981686
125	173	0.978525
125	175	0.968569
125	177	0.956659
125	178	0.933784
125	180	0.961662
126	25	1.07193
126	52	1.00155
126	60	1.15354
126	80	1.07544
126	85	0.970976
126	87	0.99049
126	95	1.0003
126	118	1.16861
126	122	1.0438
126	133	1.0396
126	136	0.979842
126	143	1.02648
126	157	1.00253
126	158	0.985776
126	159	1.01886
126	161	0.938271
126	164	0.948311
126	166	0.956163
126	167	0.866136
126	168	1.01308
126	169	0.955473
126	170	0.937098
126	172	0.950302
126	175	0.937185
126	176	1.12603
126	177	0.925274
126	178	0.9024
126	179	0.922837
126	180	0.930277
127	58	0.849695
127	59	0.959676
127	64	0.913769
127	68	0.969946
127	72	0.966873
127	74	1.01657
127	75	0.971772
127	81	1.03561
127	82	1.04165
127	90	1.04292
127	91	0.96492
127	92	0.953656
127	94	0.988406
127	97	1.00575
127	102	1.00373
127	118	0.930102
127	124	0.979336
127	140	1.03578
127	143	0.998118
127	145	1.09803
127	148	0.97988
127	151	0.985538
127	153	1.04802
127	154	1.01276
127	160	1.06503
127	161	1.17262
127	166	1.10643
127	169	1.10334
127	175	1.15622
127	177	1.13429
128	15	1.03267
128	25	1.00831
128	29	0.992043
128	34	0.995175
128	37	0.862716
128	46	1.03376
128	49	1.03675
128	95	1.03908
128	100	1.04899
128	103	1.01649
128	104	1.01939
128	110	1.06849
128	112	1.03341
128	121	1.06108
128	122	0.997558
128	124	0.949591
128	125	0.954617
128	133	1.04947
128	134	1.02453
128	135	1.02656
128	141	1.03005
128	145	1.06828
128	153	0.95169
128	157	0.99911
128	162	0.923841
128	168	0.972522
128	171	1.07364
128	172	1.07817
128	176	0.834808
128	177	1.10454
128	178	1.20093
129	8	1.01522
129	16	1.00515
129	19	1.00473
129	35	0.963853
129	93	0.943417
129	98	0.982318
129	99	0.977957
129	111	1.00692
129	113	0.961352
129	117	0.910216
129	119	1.01349
129	120	0.930165
129	123	0.962
129	124	1.06897
129	137	0.974799
129	138	0.954091
129	142	1.11187
129	146	0.991244
129	147	0.974523
129	149	0.96033
129	150	1.09655
129	152	1.10897
129	153	1.07107
129	160	1.03724
129	162	1.04322
129	163	1.15877
129	167	1.07567
129	168	1.0919
129	170	1.21904
129	173	0.918646
129	176	0.954189
130	8	0.93795
130	38	0.981521
130	69	1.04013
130	77	0.927689
130	79	1.09624
130	86	1.00673
130	96	0.959477
130	103	1.0088
130	111	0.953128
130	118	1.13948
130	145	1.0137
130	152	1.05329
130	154	1.04286
130	155	1.05497
130	157	1.04315
130	160	0.907602
130	163	1.01787
130	164	0.988923
130	166	0.996775
130	169	0.996085
130	170	0.97771
130	171	0.93377
130	172	0.990914
130	173	0.987753
130	174	1.01791
130	175	0.977797
130	177	0.965886
130	178	0.943012
130	179	0.963449
130	180	0.970889
131	12	1.02491
131	21	1.02889
131	64	0.875071
131	76	1.02082
131	85	1.0814
131	98	1.00238
131	99	0.99802
131	109	1.01799
131	111	1.02699
131	113	0.981415
131	119	1.03355
131	123	0.982063
131	137	0.994863
131	138	0.974154
131	142	0.983536
131	146	1.01131
131	147	0.994586
131	148	0.941182
131	149	0.980394
131	150	0.968216
131	151	0.94684
131	156	1.10554
131	160	1.0573
131	165	1.00249
131	167	1.09573
131	170	1.09071
131	171	1.02964
131	173	0.938709
131	174	1.0133
131	177	1.09559
131	178	1.19198
131	179	1.10917
132	2	0.97907
132	10	0.909816
132	24	1.13613
132	28	1.08532
132	53	1.05522
132	71	1.15285
132	102	1.05588
132	119	0.998083
132	135	1.06703
132	136	0.971412
132	141	1.08055
132	143	1.03759
132	147	1.0231
132	150	1.00573
132	151	1.02586
132	152	1.00425
132	157	0.994105
132	159	1.01043
132	161	0.929841
132	163	0.968831
132	164	0.939881
132	165	0.98681
132	168	1.00465
132	169	0.947044
132	170	0.928668
132	172	0.941872
132	174	0.968869
132	175	0.928755
132	177	0.916844
132	178	0.89397
132	179	0.914408
132	180	0.921848
133	20	1.04216
133	25	0.984663
133	34	0.971527
133	46	1.01011
133	48	1.01882
133	49	1.0131
133	70	0.802432
133	95	1.01543
133	100	1.02534
133	103	0.992846
133	104	0.995744
133	110	1.04484
133	112	1.00976
133	116	0.988348
133	122	0.97391
133	125	0.981026
133	126	1.0396
133	128	1.04947
133	134	1.00088
133	135	1.00291
133	141	1.0064
133	145	1.09469
133	148	0.976543
133	151	0.982201
133	162	0.95025
133	163	1.06579
133	169	1.1
133	171	1.04999
133	176	0.861216
133	177	1.13095
133	178	1.22734
133	180	1.13556
134	15	0.984085
134	20	1.01722
134	25	0.959722
134	46	0.985171
134	48	0.993876
134	49	0.988157
134	95	0.990489
134	100	1.0004
134	103	0.967905
134	104	0.970804
134	110	1.0199
134	112	0.984824
134	116	0.963408
134	121	1.01249
134	122	0.94897
134	125	0.996038
134	128	1.02453
134	133	1.00088
134	135	0.977974
134	139	0.963832
134	140	1.00384
134	141	0.98146
134	142	1.03391
134	144	1.06038
134	151	0.997213
134	153	0.993111
134	154	1.02443
134	156	1.15592
134	161	1.18429
134	164	1.13289
134	171	1.02505
134	175	1.1679
134	177	1.14596
135	20	1.01925
135	25	0.961756
135	34	0.94862
135	46	0.987204
135	48	0.99591
135	49	0.990191
135	84	0.933587
135	95	0.992523
135	100	1.00244
135	103	0.969939
135	104	0.972838
135	110	1.02193
135	112	0.986858
135	116	0.965442
135	121	1.01453
135	122	0.951003
135	128	1.02656
135	132	1.06703
135	133	1.00291
135	134	0.977974
135	141	0.983494
135	142	1.03521
135	148	0.99286
135	153	0.994416
135	156	1.15722
135	163	1.08211
135	164	1.13419
135	169	1.11632
135	171	1.02709
135	172	1.1209
135	173	1.13064
135	176	0.877534
135	179	1.16085
136	8	1.00176
136	30	1.09915
136	33	1.12508
136	34	1.0985
136	66	1.0308
136	67	1.1422
136	99	1.03106
136	102	1.07945
136	109	1.033
136	119	1.02165
136	126	0.979842
136	132	0.971412
136	137	1.10996
136	138	1.06867
136	142	0.990287
136	150	0.992029
136	151	1.01216
136	157	0.980401
136	158	0.963643
136	161	0.916138
136	163	0.955128
136	165	0.973107
136	166	0.93403
136	168	0.99095
136	169	0.933341
136	170	0.914965
136	171	0.997582
136	172	0.928169
136	174	0.955166
136	175	0.915052
136	176	1.10389
136	177	0.903141
136	178	0.880267
136	179	0.900704
136	180	0.908144
137	1	1.02278
137	16	1.03497
137	35	0.906558
137	58	0.882036
137	70	0.83811
137	76	1.03057
137	84	0.952947
137	93	0.973231
137	98	1.01213
137	109	1.02774
137	111	1.03674
137	113	0.991165
137	115	0.977274
137	117	0.940029
137	119	1.0433
137	120	0.959979
137	123	0.991814
137	124	1.01168
137	129	0.974799
137	131	0.994863
137	136	1.10996
137	138	0.983905
137	146	1.02106
137	147	1.00434
137	149	0.990144
137	153	1.01378
137	154	1.0451
137	157	1.0612
137	160	1.06705
137	161	1.20496
137	167	1.10548
137	168	1.03461
137	170	1.16175
137	171	1.03939
137	172	1.14026
137	173	0.94846
137	176	0.896894
138	1	1.00207
138	8	1.02432
138	29	0.992142
138	41	1.03994
138	76	1.00987
