1	10	1.23063
1	23	1.17073
1	44	1.14693
1	71	0.531184
1	78	1.22897
1	83	1.19848
1	124	0.667251
1	129	1.18287
1	147	1.16254
1	156	0.625294
1	178	1.27884
1	180	0.583186
2	10	1.22862
2	23	1.16872
2	44	1.14492
2	78	1.22695
2	83	1.19647
2	139	1.19698
2	147	1.16053
2	160	0.63062
2	165	0.589226
2	167	0.640527
2	178	1.27682
2	180	0.543103
3	12	1.13677
3	21	1.22804
3	58	1.27935
3	93	1.20647
3	112	1.18888
3	119	1.15933
3	125	0.654329
3	126	1.18287
3	146	0.596129
3	160	1.2183
3	175	0.617674
3	180	0.538623
4	42	0.667097
4	77	0.624034
4	133	1.18823
4	137	0.538974
4	152	1.20402
4	155	1.1737
4	164	1.19737
4	165	1.21054
4	168	0.575476
4	172	1.22102
4	173	1.18819
4	176	1.21693
5	74	0.612792
5	96	1.2636
5	123	0.625503
5	138	0.599094
5	156	1.20926
5	168	1.18525
5	171	1.17694
5	174	1.18675
5	175	1.19869
5	177	1.18418
5	178	0.556826
5	179	1.19532
6	14	1.09741
6	78	1.23911
6	83	1.20863
6	117	0.561061
6	129	1.19302
6	130	0.635551
6	139	1.20914
6	146	0.604223
6	147	1.17269
6	153	1.19103
6	169	0.602537
6	178	1.28898
7	30	0.685143
7	102	1.19219
7	114	1.18552
7	131	1.24783
7	132	0.639285
7	167	1.19126
7	168	1.18547
7	169	1.21524
7	172	0.57466
7	174	1.18697
7	178	0.496414
7	179	1.19554
8	42	0.676786
8	61	1.24027
8	87	0.58312
8	90	0.587803
8	93	1.19579
8	108	1.23167
8	112	1.1782
8	117	1.23389
8	119	1.14866
8	126	1.17219
8	154	1.19933
8	179	0.56007
9	15	1.27603
9	75	1.18651
9	112	0.652748
9	116	0.548407
9	127	1.17546
9	132	0.622618
9	157	1.18531
9	168	1.19252
9	171	1.1842
9	174	1.19402
9	175	1.20596
9	176	0.569775
10	1	1.23063
10	2	1.22862
10	14	1.09219
10	23	1.17565
10	44	1.15186
10	72	0.596715
10	78	1.23389
10	83	1.20341
10	145	0.607577
10	171	0.646483
10	178	1.28376
10	180	0.552455
11	27	1.10368
11	67	1.20917
11	81	1.16873
11	86	1.22675
11	110	0.588698
11	115	1.28946
11	120	1.09637
11	132	0.614832
11	142	1.19466
11	168	0.611416
11	175	0.589732
11	178	1.31117
12	3	1.13677
12	21	1.06961
12	36	1.04047
12	58	1.12092
12	61	1.09252
12	108	1.08392
12	112	1.03045
12	119	1.0009
12	126	1.02444
12	164	0.812907
12	179	0.832068
12	180	0.756427
13	43	0.727017
13	85	1.0597
13	94	1.06112
13	106	1.10264
13	114	0.862054
13	121	1.05481
13	132	1.04108
13	140	0.816735
13	161	1.0657
13	163	1.08728
13	165	1.06065
13	176	1.06703
14	6	1.09741
14	10	1.09219
14	44	1.00849
14	78	1.09052
14	83	1.06004
14	127	0.856367
14	129	1.04443
14	130	0.781008
14	147	1.0241
14	153	1.04244
14	178	1.14039
14	179	0.767815
15	9	1.27603
15	27	0.792551
15	125	1.2021
15	130	1.19091
15	155	0.570447
15	163	0.501637
15	167	1.188
15	171	1.17389
15	175	1.19565
15	176	0.527717
15	177	1.18114
15	179	1.19228
16	21	1.2249
16	36	1.19576
16	92	0.582157
16	93	1.20333
16	108	1.23921
16	112	1.18574
16	119	1.15619
16	126	1.17973
16	141	0.591592
16	160	1.21516
16	170	0.605708
16	171	0.624485
17	86	0.673845
17	134	0.545903
17	144	1.18801
17	145	1.16773
17	148	1.16508
17	151	1.15675
17	155	0.710294
17	165	0.662379
17	170	1.13829
17	174	1.14155
17	175	1.15349
17	177	1.13898
17	179	1.15012
18	19	1.16401
18	47	1.11157
18	50	0.637809
18	64	1.13394
18	66	1.14678
18	80	1.19816
18	82	1.17292
18	85	0.655858
18	97	1.2313
18	120	1.04979
18	166	1.19151
18	179	0.693069
18	180	0.617428
19	18	1.16401
19	33	0.691705
19	64	1.10074
19	66	1.11358
19	80	1.16496
19	82	1.13971
19	95	1.19822
19	97	1.1981
19	117	1.16237
19	137	0.611436
19	142	0.656192
19	166	1.15831
19	168	0.647938
20	54	1.12895
20	67	0.674245
20	121	0.63587
20	130	1.16127
20	146	1.18092
20	152	0.65858
20	157	1.14535
20	168	1.15256
20	170	1.1508
20	175	1.16601
20	176	0.624943
20	177	1.1515
20	179	1.16263
21	3	1.22804
21	12	1.06961
21	16	1.2249
21	58	1.2122
21	71	0.579318
21	93	1.13931
21	108	1.17519
21	119	1.09218
21	126	1.11571
21	146	0.688826
21	154	1.14285
21	179	0.706961
21	180	0.631321
22	31	1.14188
22	34	1.13449
22	57	1.22338
22	75	0.716867
22	77	1.11789
22	79	1.0894
22	89	1.15094
22	99	1.21248
22	137	0.643832
22	154	1.14952
22	160	0.667116
22	166	1.18002
22	180	0.579599
23	1	1.17073
23	2	1.16872
23	10	1.17565
23	44	1.09196
23	78	1.17399
23	83	1.14351
23	131	0.621829
23	139	1.14402
23	146	0.683495
23	147	1.10756
23	165	0.672113
23	178	1.22386
23	180	0.62599
24	80	0.619881
24	103	1.13738
24	125	0.675806
24	132	1.14601
24	142	1.14477
24	149	1.14893
24	159	1.1551
24	160	0.647618
24	161	1.17063
24	162	1.15962
24	165	1.16558
24	168	0.660836
24	176	1.17197
25	31	1.1433
25	34	1.13592
25	35	1.1381
25	57	1.22481
25	71	0.577096
25	77	1.11931
25	79	1.09083
25	89	1.15237
25	99	1.21391
25	122	0.695626
25	166	1.18145
25	170	0.704351
25	180	0.629099
26	105	1.10972
26	109	1.17014
26	125	0.673099
26	130	0.646227
26	150	1.15271
26	152	1.15327
26	162	1.15383
26	163	1.18643
26	167	0.654818
26	172	1.17028
26	173	1.13744
26	176	1.16618
26	179	0.633034
27	11	1.10368
27	15	0.792551
27	30	1.00796
27	45	0.982074
27	55	0.983553
27	67	1.02248
27	81	0.982034
27	86	1.04005
27	115	1.10277
27	139	0.853896
27	143	1.05092
27	168	0.956897
27	178	1.12448
28	30	1.12994
28	38	1.13282
28	45	1.10405
28	67	1.14445
28	81	1.10401
28	86	1.16202
28	87	0.679058
28	111	1.15151
28	115	1.22474
28	129	0.626606
28	146	0.637874
28	177	0.663438
28	178	1.24645
29	37	0.621892
29	114	1.23581
29	116	0.51571
29	148	1.26079
29	149	0.55451
29	151	1.25246
29	156	1.25977
29	159	0.56116
29	170	1.234
29	171	1.22745
29	175	1.2492
29	176	0.537077
29	177	1.23469
29	179	1.24583
30	7	0.685143
30	27	1.00796
30	28	1.12994
30	45	1.07304
30	67	1.11345
30	71	0.638025
30	81	1.073
30	86	1.13102
30	111	1.12051
30	115	1.19374
30	121	0.752264
30	140	0.726301
30	143	1.14189
30	178	1.21545
31	22	1.14188
31	25	1.1433
31	35	1.10431
31	77	1.08552
31	79	1.05704
31	89	1.11858
31	94	0.672756
31	99	1.18012
31	107	0.677142
31	147	1.10444
31	154	1.11716
31	157	0.747619
31	158	0.705497
31	166	1.14766
32	40	1.08711
32	46	0.631791
32	71	1.20147
32	74	1.15411
32	91	1.10227
32	111	1.10115
32	129	0.692009
32	142	0.75476
32	146	1.10782
32	147	1.0798
32	148	0.725941
32	153	1.09814
32	166	1.12302
32	180	1.1451
33	19	0.691705
33	64	0.74582
33	131	1.16265
33	135	1.10587
33	148	1.12532
33	166	0.712073
33	168	1.10029
33	169	1.13006
33	170	1.09852
33	174	1.10179
33	177	1.09922
33	178	0.645802
33	179	1.11036
33	180	1.16593
34	22	1.13449
34	25	1.13592
34	35	1.09692
34	57	1.18363
34	77	1.07814
34	79	1.04965
34	89	1.11119
34	99	1.17273
34	142	0.748972
34	147	1.09706
34	166	1.14027
34	176	0.691292
34	177	0.723053
34	180	0.639984
35	25	1.1381
35	31	1.10431
35	34	1.09692
35	57	1.18581
35	77	1.08032
35	79	1.05184
35	89	1.11337
35	99	1.17491
35	146	0.711039
35	154	1.11196
35	166	1.14246
35	169	0.709352
35	175	0.732584
35	180	0.653533
36	12	1.04047
36	16	1.19576
36	53	1.18872
36	61	1.15465
36	93	1.11017
36	108	1.14605
36	110	0.71057
36	112	1.09258
36	113	0.709625
36	119	1.06303
36	122	0.699079
36	126	1.08657
36	145	0.687675
36	160	1.122
37	29	0.621892
37	92	0.727843
37	100	1.08446
37	116	1.14169
37	123	1.11601
37	131	0.671981
37	134	1.20717
37	154	0.784379
37	161	1.11456
37	162	1.10355
37	165	1.10951
37	172	1.11999
37	173	1.08716
37	176	1.1159
38	28	1.13282
38	45	1.07593
38	67	1.11634
38	81	1.07589
38	86	1.13391
38	115	1.19663
38	120	1.00353
38	137	0.717412
38	142	1.10182
38	143	1.14478
38	170	0.72843
38	176	0.704487
38	178	1.21834
38	180	0.653179
39	53	1.17886
39	58	1.17319
39	61	1.14478
39	63	0.597254
39	108	1.13619
39	112	1.08272
39	117	1.1384
39	119	1.05317
39	126	1.07671
39	131	0.697316
39	142	0.810465
39	154	1.10384
39	160	1.11214
39	180	0.701477
40	32	1.08711
40	41	1.09337
40	63	0.566403
40	74	1.18099
40	87	1.1266
40	91	1.12915
40	102	0.777627
40	120	1.00817
40	129	0.716863
40	153	1.12503
40	160	1.1277
40	166	1.1499
40	173	0.742823
40	180	1.17199
41	40	1.09337
41	51	0.810639
41	74	1.16037
41	87	1.10598
41	91	1.10854
41	107	1.14386
41	140	0.646058
41	143	0.640732
41	146	1.11408
41	147	1.08606
41	160	1.10708
41	166	1.12928
41	168	0.71052
41	180	1.15137
42	4	0.667097
42	8	0.676786
42	86	0.789966
42	114	1.10727
42	125	1.12712
42	134	0.662024
42	136	1.14716
42	144	1.15518
42	167	1.11302
42	168	1.10722
42	171	1.09891
42	175	1.12067
42	177	1.10616
42	179	1.1173
43	13	0.727017
43	52	0.521816
43	60	0.537628
43	136	1.27445
43	167	1.24031
43	169	1.26428
43	170	1.23275
43	171	1.2262
43	173	0.55877
43	174	1.23602
43	175	1.24796
43	177	1.23345
43	178	0.447853
43	179	1.24459
44	1	1.14693
44	2	1.14492
44	10	1.15186
44	14	1.00849
44	23	1.09196
44	73	0.658143
44	78	1.15019
44	83	1.11971
44	132	0.7663
44	147	1.08377
44	153	1.10211
44	169	0.717968
44	178	1.20006
44	180	0.662149
45	27	0.982074
45	28	1.10405
45	30	1.07304
45	38	1.07593
45	67	1.08756
45	81	1.04712
45	86	1.10513
45	111	1.09462
45	114	0.78058
45	115	1.16785
45	129	0.745226
45	142	1.07305
45	177	0.782058
45	178	1.18956
45	180	0.698989
46	32	0.631791
46	68	0.635555
46	133	1.17745
46	140	0.562311
46	150	1.19268
46	152	1.19323
46	161	1.20481
46	162	1.1938
46	165	1.19976
46	166	0.55359
46	171	0.620067
46	172	1.21024
46	173	1.17741
46	176	1.20615
46	180	1.24447
47	18	1.11157
47	80	1.11252
47	93	1.07183
47	95	1.14579
47	97	1.14566
47	119	1.0247
47	123	1.08974
47	126	1.04823
47	145	0.744137
47	149	1.0666
47	156	0.731122
47	170	0.764266
47	172	1.09373
47	174	0.767274
47	176	1.08963
48	67	0.633495
48	118	1.22524
48	122	1.191
48	136	1.22245
48	145	1.2102
48	150	0.584362
48	156	1.20653
48	164	0.589365
48	165	0.579008
48	169	1.21229
48	171	1.17421
48	173	0.605082
48	174	1.18402
48	177	1.18146
48	179	1.19259
49	61	0.61366
49	66	0.634406
49	79	1.14178
49	80	0.59159
49	89	1.20332
49	93	0.595609
49	99	1.26486
49	115	0.556684
49	132	1.19021
49	149	1.19313
49	156	1.21286
49	168	1.18885
49	169	1.21862
49	173	1.18743
49	179	1.19892
50	18	0.637809
50	64	0.621698
50	95	0.554587
50	99	0.559832
50	108	1.23585
50	112	1.18238
50	126	1.17637
50	132	1.19181
50	147	0.619488
50	161	1.21644
50	165	1.21138
50	174	1.19195
50	175	1.20389
50	177	1.18938
50	179	1.20052
51	41	0.810639
51	62	0.731296
51	88	0.681106
51	113	1.08208
51	116	0.770814
51	130	1.07957
51	136	1.1108
51	140	1.10631
51	167	1.07666
51	169	1.10064
51	174	1.07237
51	175	1.08431
51	177	1.0698
51	179	1.08094
51	180	1.13651
52	43	0.521816
52	63	1.29495
52	73	0.571257
52	105	1.14507
52	118	0.633534
52	121	1.1893
52	153	0.649921
52	159	1.18466
52	162	1.18918
52	163	1.22177
52	165	1.19514
52	169	0.631081
52	172	1.20562
52	173	1.17279
52	176	1.20152
53	36	1.18872
53	39	1.17886
53	58	1.26918
53	71	0.512514
53	93	1.19629
53	108	1.23217
53	112	1.1787
53	117	1.23439
53	119	1.14916
53	126	1.17269
53	143	0.595464
53	154	1.19983
53	157	0.696219
53	170	0.639768
53	180	0.564517
54	20	1.12895
54	125	1.09498
54	128	1.1015
54	144	1.12305
54	147	0.772382
54	155	0.807334
54	163	0.738523
54	167	1.08088
54	168	1.07509
54	169	1.10486
54	170	1.07332
54	171	1.06677
54	174	1.07659
54	177	1.07402
54	178	0.674575
55	27	0.983553
55	66	0.825634
55	81	1.0486
55	88	0.66327
55	99	0.72247
55	115	1.16933
55	147	0.782125
55	156	1.09842
55	161	1.10039
55	171	1.06609
55	172	1.10582
55	173	1.07299
55	174	1.07591
55	175	1.08785
55	178	1.19104
56	64	1.14932
56	66	1.16216
56	72	1.16899
56	80	1.21353
56	82	1.18829
56	95	1.2468
56	97	1.24668
56	98	0.649077
56	114	0.601979
56	117	1.21095
56	142	0.629376
56	143	1.2064
56	152	0.605333
56	166	1.20689
56	180	0.520388
57	22	1.22338
57	25	1.22481
57	34	1.18363
57	35	1.18581
57	77	1.16702
57	79	1.13854
57	89	1.20008
57	99	1.26162
57	122	0.588956
57	142	0.631418
57	144	0.576426
57	147	1.18595
57	160	0.609947
57	166	1.22916
57	175	0.601481
58	3	1.27935
58	12	1.12092
58	21	1.2122
58	39	1.17319
58	53	1.26918
58	61	1.2351
58	96	0.533089
58	108	1.2265
58	112	1.17304
58	119	1.14349
58	122	0.625635
58	126	1.16702
58	157	0.690811
58	161	0.595998
58	180	0.559108
59	72	0.812738
59	110	1.08952
59	123	0.798436
59	130	1.06312
59	135	1.06
59	138	0.772027
59	140	1.08987
59	151	1.07113
59	162	0.810063
59	168	1.05442
59	169	1.08419
59	171	1.04611
59	174	1.05592
59	175	1.06787
59	177	1.05336
59	179	1.06449
60	43	0.537628
60	94	1.1531
60	116	1.1848
60	134	1.25029
60	136	0.615738
60	141	1.14142
60	154	0.69931
60	162	1.14667
60	163	1.17926
60	164	1.13945
60	165	1.15262
60	171	0.685102
60	172	1.16311
60	173	1.13028
60	174	0.669333
60	176	1.15901
61	8	1.24027
61	12	1.09252
61	36	1.15465
61	39	1.14478
61	49	0.61366
61	58	1.2351
61	93	1.16222
61	108	1.1981
61	112	1.14463
61	119	1.11508
61	126	1.13862
61	131	0.617709
61	144	0.675866
61	160	1.17405
61	169	0.677689
61	180	0.62187
62	51	0.731296
62	69	1.16931
62	76	0.546189
62	98	0.659131
62	125	0.646147
62	128	0.625456
62	150	1.16299
62	152	1.16354
62	155	1.13323
62	161	1.17512
62	162	1.16411
62	164	1.1569
62	165	1.17007
62	172	1.18055
62	173	1.14772
62	176	1.17646
63	39	0.597254
63	40	0.566403
63	52	1.29495
63	64	1.20543
63	66	1.21827
63	74	0.453042
63	81	0.643908
63	82	1.2444
63	92	1.23228
63	112	0.570077
63	126	0.563901
63	149	1.22372
63	172	1.25086
63	174	1.22094
63	175	1.23288
63	176	1.24676
63	179	1.22951
64	18	1.13394
64	19	1.10074
64	33	0.74582
64	50	0.621698
64	56	1.14932
64	63	1.20543
64	66	1.08351
64	72	1.09034
64	80	1.13489
64	82	1.10965
64	95	1.16816
64	97	1.16803
64	129	0.647555
64	142	0.710306
64	143	1.12776
64	166	1.12824
64	174	0.679576
65	109	1.14604
65	115	0.618419
65	121	1.12985
65	123	1.14218
65	127	0.757737
65	142	1.11488
65	152	1.12916
65	155	1.09885
65	159	1.12521
65	161	1.14074
65	163	1.16232
65	164	1.12251
65	167	0.690969
65	170	0.668796
65	172	1.14617
65	176	1.14208
65	179	0.669185
66	18	1.14678
66	19	1.11358
66	49	0.634406
66	55	0.825634
66	56	1.16216
66	63	1.21827
66	64	1.08351
66	72	1.10318
66	80	1.14773
66	82	1.12249
66	95	1.181
66	96	0.616596
66	97	1.18087
66	120	0.999355
66	166	1.14108
66	172	0.682142
66	180	0.642616
67	11	1.20917
67	20	0.674245
67	27	1.02248
67	28	1.14445
67	30	1.11345
67	38	1.11634
67	45	1.08756
67	48	0.633495
67	81	1.08752
67	86	1.14554
67	115	1.20826
67	122	1.12181
67	128	0.735643
67	139	0.638364
67	142	1.11345
67	177	0.723699
67	178	1.22997
68	46	0.635555
68	140	1.15632
68	141	0.710671
68	148	1.1459
68	151	1.13758
68	158	1.14958
68	163	0.674763
68	165	0.695658
68	166	0.677087
68	168	1.12087
68	169	1.15064
68	170	1.11911
68	171	1.11256
68	174	1.12237
68	175	1.13432
68	177	1.11981
68	179	1.13094
69	62	1.16931
69	105	1.08973
69	121	1.13396
69	132	1.12023
69	143	0.63837
69	149	1.12315
69	152	1.13328
69	154	0.71566
69	162	1.13384
69	163	1.16643
69	164	1.12663
69	165	1.1398
69	173	1.11745
69	174	0.685682
69	175	0.686474
69	176	1.14619
69	179	0.683064
70	121	1.12493
70	133	1.10847
70	150	1.12369
70	151	0.697936
70	153	0.68484
70	155	1.09394
70	156	0.652289
70	161	1.13583
70	162	1.12481
70	163	1.15741
70	164	1.1176
70	170	0.685433
70	172	1.14126
70	173	1.10843
70	174	0.68844
70	176	1.13716
70	178	1.22648
71	1	0.531184
71	21	0.579318
71	25	0.577096
71	30	0.638025
71	32	1.20147
71	53	0.512514
71	74	1.29535
71	82	0.560456
71	133	1.21933
71	159	1.23116
71	164	1.22846
71	165	1.24164
71	170	1.21894
71	171	1.21239
71	175	1.23415
71	179	1.23077
71	180	1.28635
72	10	0.596715
72	56	1.16899
72	59	0.812738
72	64	1.09034
72	66	1.10318
72	80	1.15456
72	82	1.12931
72	87	1.12461
72	95	1.18783
72	97	1.1877
72	117	1.15197
72	120	1.00618
72	129	0.630516
72	142	0.693267
72	143	1.14743
72	160	0.671796
72	166	1.14791
73	44	0.658143
73	52	0.571257
73	90	1.21699
73	92	1.20076
73	101	0.635155
73	116	0.565954
73	117	0.550357
73	128	1.21433
73	151	1.20462
73	156	1.21192
73	159	0.611405
73	167	1.1937
73	169	1.21768
73	170	1.18615
73	171	1.1796
73	174	1.18942
73	177	1.18685
73	179	1.19798
74	5	0.612792
74	32	1.15411
74	40	1.18099
74	41	1.16037
74	63	0.453042
74	71	1.29535
74	91	1.19615
74	111	1.19504
74	127	0.721458
74	135	0.657773
74	139	0.555
74	146	1.2017
74	147	1.17368
74	153	1.19203
74	160	1.1947
74	165	0.603389
74	166	1.2169
74	180	1.23899
75	9	1.18651
75	22	0.716867
75	102	1.09941
75	109	0.706581
75	137	1.14276
75	138	0.680836
75	151	1.10939
75	155	0.771326
75	157	1.08548
75	158	1.1214
75	167	1.09848
75	168	1.09269
75	170	1.09093
75	171	1.08438
75	172	0.716813
75	174	1.09419
75	177	1.09162
75	179	1.10276
76	62	0.546189
76	86	0.613357
76	113	1.19893
76	115	0.580641
76	122	1.19619
76	130	1.19642
76	135	1.1933
76	141	0.616902
76	143	1.23079
76	145	1.2154
76	156	1.21173
76	168	1.18772
76	169	1.21749
76	170	1.18596
76	171	1.17941
76	173	0.627964
76	176	0.607075
76	177	1.18665
77	4	0.624034
77	22	1.11789
77	25	1.11931
77	31	1.08552
77	34	1.07814
77	35	1.08032
77	57	1.16702
77	79	1.03305
77	88	1.17075
77	89	1.09459
77	99	1.15613
77	122	0.755838
77	141	0.750447
77	147	1.08045
77	154	1.09317
77	166	1.12367
77	171	0.78334
77	180	0.689312
78	1	1.22897
78	2	1.22695
78	6	1.23911
78	10	1.23389
78	14	1.09052
78	23	1.17399
78	44	1.15019
78	83	1.20174
78	102	0.618802
78	107	0.573026
78	127	0.675993
78	129	1.18613
78	137	0.576034
78	139	1.20225
78	145	0.566923
78	151	0.599556
78	153	1.18415
78	178	1.2821
79	22	1.0894
79	25	1.09083
79	31	1.05704
79	34	1.04965
79	35	1.05184
79	49	1.14178
79	57	1.13854
79	77	1.03305
79	88	1.14227
79	89	1.0661
79	99	1.12764
79	147	1.05197
79	154	1.06469
79	156	0.749447
79	166	1.09519
79	170	0.782591
79	173	0.779537
79	175	0.786391
79	180	0.707339
80	18	1.19816
80	19	1.16496
80	24	0.619881
80	47	1.11252
80	49	0.59159
80	56	1.21353
80	64	1.13489
80	66	1.14773
80	72	1.15456
80	82	1.17386
80	95	1.23237
80	97	1.23225
80	120	1.05073
80	143	1.19198
80	145	0.654922
80	146	0.657305
80	166	1.19246
80	177	0.682869
80	180	0.599799
81	11	1.16873
81	27	0.982034
81	28	1.10401
81	30	1.073
81	38	1.07589
81	45	1.04712
81	55	1.0486
81	63	0.643908
81	67	1.08752
81	86	1.10509
81	89	0.809989
81	111	1.09458
81	115	1.16781
81	120	0.974718
81	122	1.08136
81	123	0.778089
81	139	0.745866
81	170	0.823382
81	178	1.18952
82	18	1.17292
82	19	1.13971
82	56	1.18829
82	63	1.2444
82	64	1.10965
82	66	1.12249
82	71	0.560456
82	72	1.12931
82	80	1.17386
82	95	1.20713
82	97	1.20701
82	110	0.690476
82	117	1.17128
82	143	1.16673
82	144	0.666456
82	158	0.70204
82	166	1.16722
82	178	0.573739
82	180	0.612459
83	1	1.19848
83	2	1.19647
83	6	1.20863
83	10	1.20341
83	14	1.06004
83	23	1.14351
83	44	1.11971
83	78	1.20174
83	107	0.631787
83	129	1.15565
83	139	1.17177
83	140	0.606834
83	144	0.624558
83	146	0.628067
83	147	1.13532
83	152	0.655507
83	153	1.15366
83	158	0.660142
83	178	1.25161
84	87	0.678361
84	89	0.64153
84	101	1.12055
84	103	1.11906
84	116	1.17944
84	127	0.743864
84	141	1.13606
84	149	1.13061
84	153	0.65433
84	155	1.11042
84	159	1.13678
84	162	1.1413
84	163	1.1739
84	164	1.13409
84	165	1.14726
84	169	0.63549
84	173	1.12491
84	176	1.15365
84	179	0.655312
84	180	1.19197
85	13	1.0597
85	18	0.655858
85	106	1.18161
85	116	1.17179
85	118	0.63672
85	119	0.732388
85	141	1.12841
85	148	0.658618
85	149	1.12297
85	155	1.10278
85	158	0.668029
85	162	1.13366
85	164	1.12644
85	165	1.13962
85	170	0.6537
85	172	1.1501
85	173	1.11727
85	176	1.146
85	178	1.23532
85	180	1.18433
86	11	1.22675
86	17	0.673845
86	27	1.04005
86	28	1.16202
86	30	1.13102
86	38	1.13391
86	42	0.789966
86	45	1.10513
86	67	1.14554
86	76	0.613357
86	81	1.10509
86	107	0.658834
86	115	1.22583
86	120	1.03273
86	122	1.13938
86	139	0.595344
86	142	1.13103
86	143	1.17398
86	178	1.24754
86	179	0.67325
87	8	0.58312
87	28	0.679058
87	40	1.1266
87	41	1.10598
87	72	1.12461
87	84	0.678361
87	91	1.14177
87	95	1.20243
87	97	1.2023
87	106	0.653344
87	160	1.14031
87	166	1.16251
87	168	1.11895
87	171	1.11064
87	173	0.710906
87	175	1.1324
87	176	0.690017
87	177	1.11789
87	179	1.12902
87	180	1.1846
88	51	0.681106
88	55	0.66327
88	77	1.17075
88	79	1.14227
88	89	1.20381
88	91	1.21215
88	93	1.19886
88	99	1.26535
88	112	1.18127
88	114	0.561843
88	119	1.15172
88	126	1.17526
88	127	0.644444
88	157	0.611954
88	160	1.21069
88	166	1.23289
88	178	0.441532
88	180	1.25498
89	22	1.15094
89	25	1.15237
89	31	1.11858
89	34	1.11119
89	35	1.11337
89	49	1.20332
89	57	1.20008
89	77	1.09459
89	79	1.0661
89	81	0.809989
89	84	0.64153
89	88	1.20381
89	99	1.18918
89	107	0.663103
89	122	0.668404
89	145	0.656999
89	147	1.11351
89	154	1.12622
89	166	1.15673
89	178	0.563158
90	8	0.587803
90	73	1.21699
90	97	0.64682
90	104	1.18507
90	127	1.11071
90	128	1.15419
90	130	1.13648
90	136	1.16771
90	138	0.646941
90	149	0.712134
90	152	0.728338
90	157	1.12056
90	166	0.670944
90	168	1.12777
90	170	1.12601
90	171	1.11946
90	174	1.12928
90	175	1.14122
90	177	1.12671
90	179	1.13784
91	32	1.10227
91	40	1.12915
91	41	1.10854
91	74	1.19615
91	87	1.14177
91	88	1.21215
91	96	0.605416
91	107	1.17964
91	120	1.02334
91	132	0.735587
91	135	0.731943
91	139	0.629171
91	146	1.14987
91	147	1.12185
91	153	1.14019
91	160	1.14286
91	166	1.16506
91	174	0.709695
91	178	0.592716
91	180	1.18715
92	16	0.582157
92	37	0.727843
92	63	1.23228
92	73	1.20076
92	101	0.690862
92	105	0.738194
92	116	0.621661
92	118	1.15425
92	137	1.16161
92	140	1.14699
92	146	1.1399
92	151	1.12824
92	158	1.14025
92	167	1.11733
92	168	1.11154
92	170	1.10978
92	172	0.631246
92	175	1.12498
92	177	1.11047
92	179	1.12161
93	3	1.20647
93	8	1.19579
93	16	1.20333
93	21	1.13931
93	36	1.11017
93	47	1.07183
93	49	0.595609
93	53	1.19629
93	61	1.16222
93	88	1.19886
93	112	1.10015
93	119	1.0706
93	126	1.09414
93	131	0.599657
93	142	0.712807
93	154	1.12127
93	157	0.735521
93	160	1.12957
93	174	0.682078
93	175	0.68287
94	13	1.06112
94	31	0.672756
94	60	1.1531
94	116	1.17321
94	124	0.680924
94	132	1.12147
94	134	1.2387
94	141	1.12983
94	155	1.1042
94	156	0.638967
94	161	1.14609
94	164	1.12786
94	165	1.14104
94	169	0.652678
94	171	0.690888
94	172	1.15152
94	173	1.11869
94	176	1.14742
94	179	0.6725
94	180	1.18575
95	19	1.19822
95	47	1.14579
95	50	0.554587
95	56	1.2468
95	64	1.16816
95	66	1.181
95	72	1.18783
95	80	1.23237
95	82	1.20713
95	87	1.20243
95	97	1.26552
95	107	0.595432
95	117	1.22979
95	120	1.084
95	143	1.22524
95	149	0.602948
95	151	0.621961
95	153	0.608865
95	159	0.609598
95	166	1.22573
95	179	0.609847
96	5	1.2636
96	58	0.533089
96	66	0.616596
96	91	0.605416
96	105	0.660473
96	131	1.2394
96	137	1.22711
96	144	1.225
96	148	1.20207
96	152	0.598944
96	155	0.608038
96	164	0.570479
96	167	1.18283
96	168	1.17704
96	169	1.20681
96	170	1.17528
96	171	1.16873
96	174	1.17854
96	175	1.19049
96	177	1.17598
96	179	1.18711
97	18	1.2313
97	19	1.1981
97	47	1.14566
97	56	1.24668
97	64	1.16803
97	66	1.18087
97	72	1.1877
97	80	1.23225
97	82	1.20701
97	87	1.2023
97	90	0.64682
97	95	1.26552
97	120	1.08387
97	124	0.627511
97	142	0.652435
97	143	1.22512
97	146	0.600952
97	152	0.628392
97	166	1.2256
97	178	0.504727
97	180	0.543447
98	56	0.649077
98	62	0.659131
98	111	0.704399
98	118	1.14248
98	124	1.12035
98	135	1.10535
98	136	1.1397
98	137	1.14984
98	144	1.14773
98	147	0.727795
98	149	0.737449
98	151	1.11647
98	158	1.12848
98	165	0.714831
98	167	1.10556
98	169	1.12954
98	171	1.09146
98	174	1.10127
98	175	1.11321
98	177	1.0987
98	179	1.10984
99	22	1.21248
99	25	1.21391
99	31	1.18012
99	34	1.17273
99	35	1.17491
99	49	1.26486
99	50	0.559832
99	55	0.72247
99	57	1.26162
99	77	1.15613
99	79	1.12764
99	88	1.26535
99	89	1.18918
99	107	0.600677
99	122	0.605978
99	129	0.585689
99	144	0.593448
99	147	1.17505
99	154	1.18776
99	166	1.21826
99	180	0.539451
100	37	1.08446
100	106	1.1575
100	123	1.12201
100	128	0.725887
100	132	1.09594
100	138	1.13643
100	140	0.667145
100	141	1.10431
100	145	0.685995
100	150	1.10843
100	154	0.739109
100	155	1.07867
100	163	1.14214
100	164	1.10234
100	165	1.11551
100	169	0.686691
100	170	0.706124
100	172	1.12599
100	173	1.09316
100	176	1.1219
100	178	1.21121
101	73	0.635155
101	84	1.12055
101	92	0.690862
101	118	0.697433
101	122	1.10139
101	130	0.727994
101	133	1.09154
101	141	1.10264
101	150	1.10677
101	152	1.10732
101	159	1.10337
101	162	1.10789
101	163	1.14048
101	165	1.11385
101	171	0.733189
101	172	1.12433
101	173	1.0915
101	176	1.12024
101	177	0.722231
101	178	1.20955
101	180	1.15856
102	7	1.19219
102	40	0.777627
102	75	1.09941
102	78	0.618802
102	127	1.08836
102	130	1.11412
102	141	0.708156
102	150	0.698497
102	157	1.0982
102	158	1.13413
102	160	1.12677
102	164	0.7035
102	167	1.11121
102	168	1.10542
102	169	1.13518
102	170	1.10365
102	171	1.0971
102	172	0.686546
102	175	1.11886
102	177	1.10435
102	180	1.17106
103	24	1.13738
103	84	1.11906
103	104	0.647956
103	106	1.15434
103	131	0.663482
103	133	1.09005
103	137	0.731877
103	138	1.13327
103	140	0.703916
103	143	0.69859
103	146	1.11978
103	159	1.10188
103	161	1.11741
103	162	1.1064
103	163	1.13899
103	164	1.09918
103	165	1.11236
103	167	0.765068
103	172	1.12284
103	173	1.09001
103	180	1.15707
104	90	1.18507
104	103	0.647956
104	113	1.16721
104	114	1.15604
104	120	0.797197
104	132	0.624482
104	133	0.598185
104	135	1.16157
104	136	1.19592
104	139	1.19278
104	144	1.20395
104	145	1.18367
104	148	1.18102
104	158	1.1847
104	167	1.16178
104	170	1.15423
104	171	1.14768
104	172	0.559857
104	173	0.592528
104	175	1.16944
104	176	0.571639
104	177	1.15493
105	26	1.10972
105	52	1.14507
105	69	1.08973
105	92	0.738194
105	96	0.660473
105	109	1.10084
105	123	1.09699
105	136	0.711157
105	138	1.11141
105	151	0.774247
105	153	0.761152
105	159	1.08001
105	161	1.09555
105	162	1.08453
105	163	1.11713
105	164	1.07732
105	165	1.09049
105	172	1.10098
105	173	1.06814
105	176	1.09688
105	179	0.762133
105	180	1.1352
106	13	1.10264
106	85	1.18161
106	87	0.653344
106	100	1.1575
106	103	1.15434
106	113	0.631727
106	121	1.17671
106	128	0.649669
106	136	0.579319
106	149	1.1659
106	153	0.629314
106	155	1.14571
106	159	1.17207
106	161	1.1876
106	162	1.17659
106	164	1.16938
106	165	1.18255
106	173	1.1602
106	176	1.18894
106	177	0.637724
106	178	1.27825
106	179	0.630295
107	31	0.677142
107	41	1.14386
107	78	0.573026
107	83	0.631787
107	86	0.658834
107	89	0.663103
107	91	1.17964
107	95	0.595432
107	99	0.600677
107	111	1.17853
107	159	1.16729
107	161	1.18282
107	166	1.20039
107	167	1.16262
107	168	1.15683
107	170	1.15507
107	172	1.18825
107	173	1.15542
107	176	1.18415
107	177	1.15576
107	179	1.1669
107	180	1.22247
108	8	1.23167
108	12	1.08392
108	16	1.23921
108	21	1.17519
108	36	1.14605
108	39	1.13619
108	50	1.23585
108	53	1.23217
108	58	1.2265
108	61	1.1981
108	112	1.13603
108	119	1.10648
108	126	1.13002
108	138	0.586672
108	139	0.580858
108	146	0.640628
108	154	1.15715
108	156	0.625231
108	160	1.16545
108	169	0.638942
108	171	0.677151
108	179	0.658763
109	26	1.17014
109	65	1.14604
109	75	0.706581
109	105	1.10084
109	127	0.733506
109	129	1.15065
109	136	0.593978
109	141	1.1397
109	148	0.649483
109	149	1.13426
109	150	1.14383
109	155	1.11407
109	159	1.14043
109	160	0.65683
109	163	1.17754
109	164	1.13773
109	165	1.15091
109	169	0.625132
109	172	1.16139
109	173	1.12856
109	176	1.1573
109	178	1.24661
109	179	0.644954
110	11	0.588698
110	36	0.71057
110	59	1.08952
110	82	0.690476
110	121	0.680272
110	127	1.11674
110	131	1.19616
110	133	0.69589
110	134	0.547684
110	135	1.13937
110	141	0.679172
110	144	1.18176
110	148	1.15883
110	151	1.1505
110	156	1.15781
110	157	1.12658
110	158	1.16251
110	160	1.15515
110	169	1.16356
110	171	1.12548
110	177	1.13273
110	179	1.14387
110	180	1.19944
111	28	1.15151
111	30	1.12051
111	32	1.10115
111	45	1.09462
111	74	1.19504
111	81	1.09458
111	98	0.704399
111	107	1.17853
111	115	1.21532
111	118	0.633982
111	132	1.12175
111	153	1.13907
111	154	0.683947
111	156	0.617818
111	158	0.665291
111	161	1.14638
111	172	1.15181
111	173	1.11897
111	174	0.653969
111	176	1.14771
111	178	1.23702
111	179	0.651351
111	180	1.18603
112	3	1.18888
112	8	1.1782
112	9	0.652748
112	12	1.03045
112	16	1.18574
112	36	1.09258
112	39	1.08272
112	50	1.18238
112	53	1.1787
112	58	1.17304
112	61	1.14463
112	63	0.570077
112	88	1.18127
112	93	1.10015
112	108	1.13603
112	113	0.751373
112	119	1.05302
112	126	1.07655
112	137	0.738533
112	139	0.672035
112	154	1.10368
112	160	1.11199
112	170	0.749552
112	180	0.6743
113	36	0.709625
113	51	1.08208
113	76	1.19893
113	104	1.16721
113	106	0.631727
113	112	0.751373
113	118	1.15262
113	125	1.1298
113	135	1.11549
113	137	1.15998
113	149	0.685833
113	151	1.12661
113	157	1.1027
113	159	0.692483
113	161	0.653981
113	167	1.1157
113	170	1.10815
113	171	1.1016
113	174	1.11141
113	175	1.12335
113	176	0.6684
113	177	1.10884
113	179	1.11998
113	180	1.17555
114	7	1.18552
114	13	0.862054
114	29	1.23581
114	42	1.10727
114	45	0.78058
114	56	0.601979
114	88	0.561843
114	104	1.15604
114	116	0.651551
114	125	1.11864
114	127	1.08168
114	128	1.12516
114	131	1.1611
114	140	1.13419
114	144	1.1467
114	148	1.12377
114	151	1.11545
114	161	0.6585
114	164	0.67809
114	170	1.09698
114	171	1.09043
114	174	1.10025
114	175	1.11219
114	179	1.10882
115	11	1.28946
115	27	1.10277
115	28	1.22474
115	30	1.19374
115	38	1.19663
115	45	1.16785
115	49	0.556684
115	55	1.16933
115	65	0.618419
115	67	1.20826
115	76	0.580641
115	81	1.16781
115	86	1.22583
115	111	1.21532
115	120	1.09545
115	122	1.2021
115	135	0.665401
115	139	0.562629
115	142	1.19374
115	143	1.2367
115	144	0.61889
115	178	1.31026
115	179	0.640534
115	180	0.564894
116	9	0.548407
116	29	0.51571
116	37	1.14169
116	51	0.770814
116	60	1.1848
116	73	0.565954
116	84	1.17944
116	85	1.17179
116	92	0.621661
116	94	1.17321
116	114	0.651551
116	130	0.658793
116	133	1.15043
116	134	1.2704
116	138	1.19366
116	149	1.15609
116	159	1.16226
116	161	1.17779
116	162	1.16678
116	163	1.19937
116	164	1.15956
116	168	0.670695
116	172	1.18322
116	173	1.15039
116	176	1.17912
117	6	0.561061
117	8	1.23389
117	19	1.16237
117	39	1.1384
117	53	1.23439
117	56	1.21095
117	72	1.15197
117	73	0.550357
117	82	1.17128
117	95	1.22979
117	119	1.1087
117	123	1.17374
117	126	1.13223
117	128	0.649377
117	157	0.686065
117	161	1.1723
117	163	1.19388
117	166	1.18987
117	167	0.651787
117	171	0.648391
117	172	1.17773
117	173	1.1449
117	175	0.633414
117	176	1.17363
117	179	0.630003
118	48	1.22524
118	52	0.633534
118	85	0.63672
118	92	1.15425
118	98	1.14248
118	101	0.697433
118	111	0.633982
118	113	1.15262
118	119	0.752231
118	124	1.16199
118	127	1.12435
118	135	1.14699
118	140	1.17686
118	142	1.14153
118	145	1.16909
118	160	1.16277
118	164	0.654771
118	166	0.625843
118	168	1.14141
118	169	1.17118
118	170	1.13965
118	174	1.14291
118	175	1.15485
118	177	1.14034
118	178	0.559572
118	179	1.15148
119	3	1.15933
119	8	1.14866
119	12	1.0009
119	16	1.15619
119	21	1.09218
119	36	1.06303
119	39	1.05317
119	47	1.0247
119	53	1.14916
119	58	1.14349
119	61	1.11508
119	85	0.732388
119	88	1.15172
119	93	1.0706
119	108	1.10648
119	112	1.05302
119	117	1.1087
119	118	0.752231
119	122	0.760485
119	126	1.047
119	129	0.740196
119	146	0.751464
119	154	1.07414
119	160	1.08244
119	177	0.777028
119	180	0.693958
120	11	1.09637
120	18	1.04979
120	38	1.00353
120	40	1.00817
120	66	0.999355
120	72	1.00618
120	80	1.05073
120	81	0.974718
120	86	1.03273
120	91	1.02334
120	95	1.084
120	97	1.08387
120	104	0.797197
120	115	1.09545
120	136	0.841549
120	142	1.00065
120	143	1.0436
120	147	1.00087
120	153	1.01921
120	166	1.04408
120	171	0.910914
120	173	0.889082
120	174	0.895144
120	176	0.868193
120	178	1.11716
120	180	1.06617
121	13	1.05481
121	20	0.63587
121	30	0.752264
121	52	1.1893
121	65	1.12985
121	69	1.13396
121	70	1.12493
121	106	1.17671
121	110	0.680272
121	138	1.15564
121	140	0.638527
121	143	0.633201
121	149	1.11807
121	152	1.1282
121	153	0.676914
121	157	0.733957
121	159	1.12424
121	161	1.13977
121	162	1.12876
121	163	1.16136
121	164	1.12155
121	165	1.13472
121	169	0.658074
121	172	1.14521
121	173	1.11237
121	176	1.14111
121	180	1.17943
122	25	0.695626
122	36	0.699079
122	48	1.191
122	57	0.588956
122	58	0.625635
122	67	1.12181
122	76	1.19619
122	77	0.755838
122	81	1.08136
122	86	1.13938
122	89	0.668404
122	99	0.605978
122	101	1.10139
122	115	1.2021
122	119	0.760485
122	123	1.1346
122	140	1.14262
122	142	1.10729
122	143	1.15024
122	150	1.12102
122	164	1.11493
122	173	1.10575
122	174	1.10867
122	176	1.13449
122	177	1.1061
122	178	1.22381
122	179	1.11724
123	5	0.625503
123	37	1.11601
123	47	1.08974
123	59	0.798436
123	65	1.14218
123	81	0.778089
123	100	1.12201
123	105	1.09699
123	117	1.17374
123	122	1.1346
123	132	1.12749
123	133	1.12475
123	138	1.16798
123	144	0.623974
123	149	1.13041
123	150	1.13998
123	151	0.657732
123	156	0.612085
123	159	1.13658
123	162	1.1411
123	163	1.17369
123	165	1.14706
123	167	0.667401
123	172	1.15754
123	173	1.12471
123	176	1.15344
123	179	0.645618
124	1	0.667251
124	94	0.680924
124	97	0.627511
124	98	1.12035
124	118	1.16199
124	127	1.10222
124	128	1.14569
124	129	1.13994
124	131	1.18164
124	133	0.701937
124	141	0.685219
124	144	1.16724
124	145	1.14696
124	149	0.692825
124	153	1.13796
124	156	1.14329
124	157	1.11206
124	158	1.14799
124	162	0.665669
124	165	0.670207
124	167	1.12507
124	169	1.14905
124	170	1.11751
124	174	1.12078
124	175	1.13272
124	177	1.11821
124	179	1.12935
125	3	0.654329
125	15	1.2021
125	24	0.675806
125	26	0.673099
125	42	1.12712
125	54	1.09498
125	62	0.646147
125	113	1.1298
125	114	1.11864
125	131	1.18095
125	133	0.733578
125	137	1.16866
125	144	1.16655
125	154	1.13164
125	158	1.1473
125	160	1.13994
125	163	0.680952
125	164	0.712204
125	168	1.11859
125	169	1.14836
125	170	1.11682
125	171	1.11027
125	174	1.12009
125	175	1.13203
125	177	1.11752
125	178	0.617005
125	179	1.12866
126	3	1.18287
126	8	1.17219
126	12	1.02444
126	16	1.17973
126	21	1.11571
126	36	1.08657
126	39	1.07671
126	47	1.04823
126	50	1.17637
126	53	1.17269
126	58	1.16702
126	61	1.13862
126	63	0.563901
126	88	1.17526
126	93	1.09414
126	108	1.13002
126	112	1.07655
126	117	1.13223
126	119	1.047
126	131	0.663963
126	135	0.768632
126	136	0.692789
126	143	0.699071
126	154	1.09767
126	160	1.10597
126	161	0.705014
126	168	0.76886
126	175	0.747175
127	9	1.17546
127	14	0.856367
127	65	0.757737
127	74	0.721458
127	78	0.675993
127	84	0.743864
127	88	0.644444
127	90	1.11071
127	102	1.08836
127	109	0.733506
127	110	1.11674
127	114	1.08168
127	118	1.12435
127	124	1.10222
127	130	1.09034
127	139	1.11843
127	144	1.1296
127	148	1.10667
127	157	1.07442
127	158	1.11035
127	168	1.08164
127	169	1.11141
127	170	1.07987
127	174	1.08314
127	175	1.09508
127	177	1.08057
127	178	0.665492
127	179	1.09171
127	180	1.14728
128	54	1.1015
128	62	0.625456
128	67	0.735643
128	73	1.21433
128	90	1.15419
128	100	0.725887
128	106	0.649669
128	114	1.12516
128	117	0.649377
128	124	1.14569
128	130	1.13382
128	134	0.564681
128	135	1.13069
128	136	1.16505
128	137	1.17518
128	140	1.16056
128	142	1.12524
128	145	1.15279
128	146	1.15347
128	151	1.14182
128	163	0.660261
128	168	1.12511
128	169	1.15488
128	170	1.12335
128	171	1.1168
128	172	0.674559
128	173	0.70723
128	174	1.12662
128	175	1.13856
128	179	1.13518
129	1	1.18287
129	6	1.19302
129	14	1.04443
129	28	0.626606
129	32	0.692009
129	40	0.716863
129	45	0.745226
129	64	0.647555
129	72	0.630516
129	78	1.18613
129	83	1.15565
129	99	0.585689
129	109	1.15065
129	119	0.740196
129	124	1.13994
129	152	1.13377
129	153	1.13805
129	155	1.10346
129	157	1.11215
129	158	1.14808
129	162	1.13434
129	165	1.1403
129	166	0.613808
129	167	1.12516
129	169	1.14913
129	173	1.11795
129	175	1.13281
129	176	1.14668
129	178	1.236
129	179	1.12944
130	6	0.635551
130	14	0.781008
130	15	1.19091
130	20	1.16127
130	26	0.646227
130	51	1.07957
130	59	1.06312
130	76	1.19642
130	90	1.13648
130	101	0.727994
130	102	1.11412
130	116	0.658793
130	127	1.09034
130	128	1.13382
130	132	0.733003
130	137	1.15747
130	140	1.14284
130	145	1.13508
130	150	0.680329
130	156	1.13141
130	158	1.13611
130	165	0.674975
130	166	0.656403
130	167	1.11319
130	168	1.1074
130	170	1.10563
130	171	1.09909
130	174	1.1089
130	177	1.10633
130	179	1.11747
130	180	1.17304
131	7	1.24783
131	23	0.621829
131	33	1.16265
131	37	0.671981
131	39	0.697316
131	61	0.617709
131	93	0.599657
131	96	1.2394
131	103	0.663482
131	110	1.19616
131	114	1.1611
131	124	1.18164
131	125	1.18095
131	126	0.663963
131	140	1.1965
131	145	1.18874
131	146	1.18942
131	151	1.17776
131	156	1.18507
131	157	1.15384
131	167	1.16685
131	168	1.16106
131	169	1.19083
131	170	1.15929
131	171	1.15274
131	172	0.575384
131	174	1.16256
131	175	1.1745
131	176	0.587166
131	178	0.497138
131	179	1.17113
132	7	0.639285
132	9	0.622618
132	11	0.614832
132	13	1.04108
132	24	1.14601
132	44	0.7663
132	49	1.19021
132	50	1.19181
132	69	1.12023
132	91	0.735587
132	94	1.12147
132	100	1.09594
132	104	0.624482
132	111	1.12175
132	123	1.12749
132	130	0.733003
132	133	1.09869
132	134	1.21865
132	141	1.10979
132	149	1.10434
132	155	1.08415
132	159	1.11051
132	161	1.12604
132	163	1.14763
132	165	1.12099
132	168	0.744906
132	172	1.13148
132	173	1.09864
132	174	0.722429
132	176	1.12738
132	180	1.1657
133	4	1.18823
133	46	1.17745
133	70	1.10847
133	71	1.21933
133	101	1.09154
133	103	1.09005
133	104	0.598185
133	110	0.69589
133	116	1.15043
133	123	1.12475
133	124	0.701937
133	125	0.733578
133	132	1.09869
133	138	1.13917
133	141	1.10705
133	143	0.64882
133	150	1.11117
133	151	0.705628
133	152	1.11173
133	155	1.08142
133	158	0.707454
133	159	1.10778
133	160	0.70539
133	161	1.12331
133	162	1.1123
133	163	1.14489
133	171	0.711901
133	172	1.12874
133	173	1.09591
133	176	1.12464
133	180	1.16296
134	17	0.545903
134	37	1.20717
134	42	0.662024
134	60	1.25029
134	94	1.2387
134	110	0.547684
134	116	1.2704
134	128	0.564681
134	132	1.21865
134	137	0.5339
134	138	1.25914
134	141	1.22702
134	149	1.22157
134	150	1.23114
134	154	0.577904
134	155	1.20138
134	158	0.559248
134	159	1.22774
134	160	0.557184
134	161	1.24328
134	162	1.23226
134	163	1.26486
134	164	1.22505
134	165	1.23822
134	168	0.570402
134	170	0.544918
134	172	1.24871
134	173	1.21587
134	175	0.548718
134	176	1.24461
134	178	1.33393
135	33	1.10587
135	59	1.06
135	74	0.657773
135	76	1.1933
135	91	0.731943
135	98	1.10535
135	104	1.16157
135	110	1.13937
135	113	1.11549
135	115	0.665401
135	118	1.14699
135	126	0.768632
135	128	1.13069
135	143	1.14735
135	145	1.13196
135	148	1.12931
135	151	1.12098
135	153	1.12296
135	156	1.12829
135	158	1.13299
135	162	0.682112
135	167	1.11007
135	169	1.13404
135	171	1.09596
135	172	0.680053
135	173	0.712724
135	176	0.691835
135	177	1.10321
135	178	0.601807
135	179	1.11435
135	180	1.16992
136	42	1.14716
136	43	1.27445
136	48	1.22245
136	51	1.1108
136	60	0.615738
136	90	1.16771
136	98	1.1397
136	104	1.19592
136	105	0.711157
136	106	0.579319
136	109	0.593978
136	120	0.841549
136	126	0.692789
136	128	1.16505
136	139	1.17542
136	140	1.17407
136	144	1.18659
136	157	1.13142
136	160	1.15998
136	162	0.606269
136	163	0.589912
136	167	1.14442
136	168	1.13863
136	169	1.1684
136	170	1.13686
136	171	1.13031
136	173	0.63688
136	174	1.14013
136	177	1.13756
136	178	0.525964
136	179	1.1487
136	180	1.20427
137	4	0.538974
137	19	0.611436
137	22	0.643832
137	38	0.717412
137	75	1.14276
137	78	0.576034
137	92	1.16161
137	96	1.22711
137	98	1.14984
137	103	0.731877
137	112	0.738533
137	113	1.15998
137	125	1.16866
137	128	1.17518
137	130	1.15747
137	134	0.5339
137	148	1.1738
137	154	1.16182
137	157	1.14155
137	158	1.17748
137	164	0.660732
137	167	1.15456
137	168	1.14877
137	169	1.17854
137	170	1.147
137	171	1.14045
137	172	0.643778
137	174	1.15027
137	175	1.16221
137	177	1.1477
137	179	1.15884
137	180	1.21441
138	5	0.599094
138	59	0.772027
138	75	0.680836
138	90	0.646941
138	100	1.13643
138	103	1.13327
138	105	1.11141
138	108	0.586672
138	116	1.19366
138	121	1.15564
138	123	1.16798
138	133	1.13917
138	134	1.25914
138	141	1.15028
138	148	0.623737
138	149	1.14483
138	150	1.1544
138	152	1.15496
138	154	0.651804
138	155	1.12464
138	161	1.16653
138	162	1.15552
138	164	1.14831
138	165	1.16148
138	169	0.599387
138	172	1.17197
138	173	1.13913
138	174	0.621827
138	176	1.16787
138	177	0.626637
138	178	1.25718
138	180	1.20619
139	2	1.19698
139	6	1.20914
139	23	1.14402
139	27	0.853896
139	67	0.638364
139	74	0.555
139	78	1.20225
139	81	0.745866
139	83	1.17177
139	86	0.595344
139	91	0.629171
139	104	1.19278
139	108	0.580858
139	112	0.672035
139	115	0.562629
139	127	1.11843
139	136	1.17542
139	150	1.14934
139	153	1.15417
139	162	1.15046
139	163	1.18305
139	164	1.14324
139	166	0.565305
139	171	1.12717
139	172	1.1669
139	173	1.13407
139	174	1.13699
139	175	1.14893
139	176	1.16281
139	177	1.13442
139	178	1.25212
139	179	1.14556
140	13	0.816735
140	30	0.726301
140	41	0.646058
140	46	0.562311
140	51	1.10631
140	59	1.08987
140	68	1.15632
140	83	0.606834
140	92	1.14699
140	100	0.667145
140	103	0.703916
140	114	1.13419
140	118	1.17686
140	121	0.638527
140	122	1.14262
140	128	1.16056
140	130	1.14284
140	131	1.1965
140	136	1.17407
140	145	1.16182
140	148	1.15917
140	156	1.15815
140	158	1.16285
140	161	0.613181
140	167	1.13993
140	168	1.13414
140	169	1.16391
140	170	1.13238
140	172	0.615817
140	174	1.13564
140	175	1.14758
140	177	1.13307
