1	87	0.860654
1	89	0.931451
1	136	0.902186
1	144	0.90921
1	148	1.27348
1	150	0.905756
1	155	0.892157
1	156	0.884482
1	164	0.914103
1	166	1.10473
1	170	1.20906
1	178	1.21961
2	66	1.68661
2	105	1.48518
2	141	1.62398
2	167	0.797272
2	168	0.785607
2	170	0.810904
2	171	0.797847
2	173	0.79052
2	175	0.810119
2	177	0.805746
2	178	0.801277
2	180	0.800708
3	46	0.844801
3	51	1.57559
3	88	0.751247
3	101	0.784193
3	107	0.825488
3	137	0.796991
3	141	0.785493
3	142	0.777386
3	143	1.52007
3	145	1.70601
3	158	0.791343
3	179	0.843056
4	26	0.903377
4	71	1.21589
4	81	1.2951
4	115	0.905152
4	125	0.912063
4	136	0.895588
4	145	1.16293
4	149	0.900753
4	153	0.897678
4	156	0.877884
4	164	0.907505
4	179	1.13306
5	53	1.17775
5	83	0.925313
5	120	0.873899
5	124	0.905862
5	127	0.909194
5	137	0.89598
5	140	1.18437
5	141	0.884482
5	148	0.863225
5	171	1.22253
5	175	1.21947
5	179	0.942045
6	19	0.764021
6	35	0.830688
6	53	0.802374
6	69	0.785381
6	75	0.862374
6	85	0.818388
6	86	0.868388
6	93	0.868388
6	114	1.4188
6	157	1.60715
6	176	1.37919
7	49	1.0579
7	54	0.991234
7	59	0.991234
7	66	0.991234
7	138	1.00496
7	158	1.01298
7	163	1.03769
7	167	0.944984
7	169	0.910255
7	170	0.935215
7	176	1.05179
7	179	1.07892
8	75	1.52737
8	122	1.56312
8	156	1.70511
8	165	0.808491
8	166	0.807096
8	170	0.808247
8	171	0.79519
8	173	0.787862
8	174	0.793354
8	177	0.803089
8	178	0.79862
8	180	0.798051
9	17	0.800663
9	43	0.875663
9	49	0.818425
9	54	0.751759
9	59	0.751759
9	66	0.751759
9	141	1.41737
9	160	1.67722
9	163	0.798218
9	166	1.70714
9	176	0.812312
9	179	0.839443
10	21	0.885547
10	23	0.898255
10	27	0.871196
10	29	1.20532
10	36	0.951391
10	48	0.831315
10	72	0.986818
10	83	0.918783
10	109	1.24812
10	148	0.856696
10	175	1.25334
10	179	1.1003
11	60	0.760522
11	83	1.46894
11	87	1.72355
11	111	0.75772
11	120	0.777052
11	127	0.812346
11	129	0.845253
11	135	1.60212
11	165	0.813504
11	175	0.812474
11	176	0.818066
11	180	0.803063
12	15	0.830688
12	19	0.735185
12	35	0.801852
12	50	1.56002
12	53	0.773538
12	69	0.756545
12	75	0.833538
12	85	0.789552
12	86	0.839552
12	93	0.839552
12	160	1.65248
12	176	1.5927
13	92	1.47104
13	102	0.856178
13	108	0.840792
13	112	0.880792
13	113	1.24066
13	118	0.864307
13	120	0.850728
13	124	0.882691
13	127	0.886023
13	152	0.860839
13	160	1.19665
13	163	0.877649
13	175	1.29866
14	44	1.09265
14	84	1.42121
14	123	1.32469
14	144	1.35397
14	165	0.875245
14	166	0.87385
14	171	0.861944
14	173	0.854616
14	174	0.860108
14	175	0.874216
14	177	0.869843
14	178	0.865374
14	180	0.864805
15	12	0.830688
15	19	0.810185
15	35	0.876852
15	42	1.33872
15	53	0.848538
15	69	0.831545
15	75	0.908538
15	82	1.3667
15	85	0.864552
15	86	0.914552
15	93	0.914552
15	152	1.22031
15	158	1.28111
16	106	0.836319
16	122	0.887414
16	126	0.884864
16	136	0.864772
16	139	1.32959
16	148	1.33088
16	149	0.869937
16	155	0.854744
16	156	0.847068
16	163	0.878192
16	164	0.87669
16	168	1.26952
16	178	1.27701
17	9	0.800663
17	43	0.950663
17	49	0.893425
17	54	0.826759
17	59	0.826759
17	66	0.826759
17	138	1.3657
17	163	0.873218
17	169	1.271
17	175	1.26371
17	176	0.887312
17	178	1.30651
17	179	0.914443
18	26	0.87481
18	87	0.825489
18	122	0.889663
18	123	0.882206
18	128	0.859874
18	150	0.870591
18	153	0.869111
18	156	0.849317
18	164	0.878938
18	167	1.33068
18	173	1.33352
18	175	1.28866
18	177	1.25399
19	6	0.764021
19	12	0.735185
19	15	0.810185
19	35	0.781349
19	53	0.753035
19	64	1.90802
19	69	0.736043
19	75	0.813035
19	85	0.769049
19	86	0.819049
19	93	0.819049
19	153	1.46788
19	168	1.82579
20	53	1.52567
20	77	1.2595
20	126	1.24517
20	160	0.864184
20	161	1.16367
20	167	0.863513
20	172	0.870479
20	173	0.85676
20	174	0.862252
20	175	0.87636
20	177	0.871987
20	178	0.867518
20	180	0.866949
21	10	0.885547
21	23	0.865993
21	27	0.838934
21	33	0.839745
21	34	0.924854
21	36	0.919129
21	48	0.799053
21	83	0.886522
21	104	1.26272
21	114	1.23065
21	143	0.840222
21	177	1.31815
21	178	1.39562
22	46	1.07063
22	85	0.836931
22	86	0.886931
22	93	0.886931
22	94	1.36755
22	102	0.839139
22	114	1.30411
22	118	0.847268
22	124	0.865652
22	163	0.86061
22	168	1.4616
22	176	0.874703
22	179	0.901835
23	10	0.898255
23	21	0.865993
23	27	0.851642
23	48	0.811761
23	55	0.815785
23	72	0.967264
23	83	0.899229
23	99	1.38605
23	143	0.852929
23	148	0.837142
23	157	1.30505
23	158	1.34889
23	166	1.16679
24	61	1.1279
24	123	0.87948
24	128	0.857148
24	134	0.882206
24	146	1.39322
24	147	0.855288
24	149	0.869461
24	152	1.33445
24	153	0.866386
24	156	0.846592
24	157	1.35141
24	158	0.867227
24	164	0.876213
25	96	1.2218
25	101	1.37904
25	112	1.24388
25	142	1.34804
25	162	0.851417
25	168	0.853796
25	169	0.873042
25	172	0.872427
25	173	0.858709
25	175	0.878309
25	177	0.873935
25	178	0.869466
25	180	0.868898
26	4	0.903377
26	18	0.87481
26	71	1.20532
26	89	0.880988
26	122	0.874365
26	126	0.871814
26	146	1.38351
26	150	0.855293
26	154	1.29796
26	155	0.841694
26	156	0.834019
26	164	0.86364
26	173	1.32037
27	10	0.871196
27	21	0.838934
27	23	0.851642
27	34	0.910503
27	36	0.904778
27	48	0.784702
27	72	0.940205
27	83	0.872171
27	117	1.28324
27	138	1.36436
27	143	0.82587
27	162	1.29682
27	175	1.26237
28	80	1.4156
28	105	1.18179
28	131	1.21997
28	155	1.37621
28	167	0.864884
28	168	0.853218
28	172	0.871849
28	173	0.858131
28	174	0.863622
28	175	0.877731
28	177	0.873357
28	178	0.868888
28	180	0.86832
29	10	1.20532
29	106	1.44804
29	124	1.2826
29	137	1.25902
29	167	0.863455
29	169	0.871036
29	171	0.86403
29	173	0.856703
29	174	0.862194
29	175	0.876302
29	177	0.871929
29	178	0.86746
29	180	0.866891
30	71	1.23742
30	76	0.928578
30	84	0.830647
30	116	0.842447
30	135	0.858403
30	137	0.861215
30	141	0.849717
30	142	0.84161
30	161	0.880103
30	168	1.34293
30	171	1.31067
30	174	1.31575
30	179	0.90728
31	38	0.843114
31	56	0.889257
31	63	0.901922
31	70	0.791794
31	100	0.908171
31	105	0.881638
31	111	0.820741
31	121	0.882275
31	173	1.37089
31	176	0.881087
31	178	1.36884
31	179	1.173
31	180	1.29422
32	52	1.4598
32	56	0.8911
32	57	0.820377
32	80	0.853371
32	100	0.910014
32	105	0.883481
32	109	1.25378
32	111	0.822583
32	121	0.884118
32	152	0.852027
32	169	1.26629
32	176	0.88293
32	180	1.22719
33	21	0.839745
33	34	0.911314
33	72	0.941016
33	84	1.29573
33	110	1.43827
33	123	0.850255
33	129	1.12264
33	142	1.33667
33	153	0.83716
33	161	0.862537
33	170	0.857776
33	177	0.852618
33	180	0.84758
34	21	0.924854
34	27	0.910503
34	33	0.911314
34	36	0.990698
34	48	0.870622
34	72	1.02613
34	83	0.958091
34	130	1.18277
34	143	0.91179
34	148	0.896003
34	165	1.06575
34	169	1.12568
34	170	1.15064
34	177	1.08372
35	6	0.830688
35	12	0.801852
35	15	0.876852
35	19	0.781349
35	53	0.819702
35	69	0.802709
35	75	0.879702
35	85	0.835716
35	86	0.885716
35	92	1.53643
35	93	0.885716
35	173	1.40891
35	177	1.32938
35	180	1.33224
36	10	0.951391
36	21	0.919129
36	27	0.904778
36	34	0.990698
36	48	0.864897
36	72	1.0204
36	83	0.952365
36	119	1.30687
36	143	0.906065
36	148	0.890278
36	175	1.16285
36	176	1.00107
36	177	1.12818
36	179	1.00981
37	67	0.860302
37	90	1.61907
37	97	0.843504
37	102	0.824051
37	108	0.808665
37	112	0.848665
37	118	0.832181
37	120	0.818602
37	124	0.850564
37	127	0.853896
37	161	0.85957
37	165	1.29908
37	172	1.32891
37	174	1.35985
38	31	0.843114
38	57	0.798433
38	63	0.881821
38	70	0.771693
38	80	0.831428
38	105	0.861537
38	111	0.80064
38	121	0.862174
38	129	0.888174
38	158	1.46826
38	159	1.41469
38	169	1.36553
38	175	1.35824
38	176	0.860986
39	91	0.859589
39	122	0.851911
39	126	0.849361
39	133	0.865633
39	144	0.836293
39	147	0.820262
39	150	0.832839
39	153	0.831359
39	156	0.811565
39	164	0.841187
39	167	1.50386
39	170	1.49409
39	176	1.30007
39	179	1.30881
40	106	1.52013
40	133	1.28442
40	143	1.39942
40	150	1.38904
40	157	0.820791
40	160	0.841015
40	167	0.840344
40	171	0.840919
40	172	0.84731
40	173	0.833591
40	174	0.839083
40	177	0.848818
40	178	0.844349
40	180	0.84378
41	55	1.50455
41	67	0.861707
41	74	1.35354
41	97	0.844908
41	102	0.825456
41	108	0.81007
41	112	0.85007
41	118	0.833585
41	120	0.820006
41	124	0.851969
41	127	0.855301
41	154	1.36479
41	163	0.846927
41	167	1.38437
42	15	1.33872
42	93	1.3494
42	149	1.44113
42	157	0.818201
42	160	0.838425
42	164	1.46552
42	170	0.851386
42	172	0.844719
42	173	0.831001
42	174	0.836492
42	175	0.850601
42	177	0.846227
42	178	0.841758
42	180	0.84119
43	9	0.875663
43	17	0.950663
43	49	0.968425
43	54	0.901759
43	59	0.901759
43	66	0.901759
43	99	1.18506
43	146	1.14587
43	148	1.13455
43	163	0.948218
43	168	1.07319
43	170	1.07013
43	176	0.962312
43	179	0.989443
44	14	1.09265
44	90	1.34549
44	128	0.927755
44	144	0.941926
44	147	0.925895
44	149	0.940067
44	150	0.938472
44	153	0.936992
44	155	0.924874
44	156	0.917198
44	164	0.94682
44	173	1.123
44	178	1.12094
44	179	0.925108
45	93	1.34749
45	115	1.40031
45	121	1.45798
45	131	1.38771
45	162	0.822259
45	165	0.85018
45	169	0.843884
45	171	0.836879
45	172	0.84327
45	173	0.829551
45	175	0.849151
45	177	0.844778
45	178	0.840308
45	180	0.83974
46	3	0.844801
46	22	1.07063
46	61	1.17147
46	76	0.976267
46	78	0.893768
46	84	0.878336
46	101	0.896105
46	116	0.890135
46	135	0.906092
46	141	0.897406
46	142	0.889298
46	160	1.2268
46	161	0.927791
46	167	1.37082
46	176	1.16703
47	69	0.769925
47	73	0.823697
47	85	0.802931
47	86	0.852931
47	93	0.852931
47	98	0.834099
47	135	0.818958
47	137	0.82177
47	142	0.802165
47	156	0.795486
47	160	1.42185
47	164	0.825108
47	167	1.56587
47	171	1.5269
47	180	1.49204
48	10	0.831315
48	21	0.799053
48	23	0.811761
48	27	0.784702
48	34	0.870622
48	36	0.864897
48	55	0.748846
48	72	0.900324
48	83	0.83229
48	143	0.785989
48	148	0.770202
48	157	1.58113
48	162	1.5494
48	174	1.52308
48	176	1.35317
49	7	1.0579
49	9	0.818425
49	17	0.893425
49	43	0.968425
49	54	0.844521
49	59	0.844521
49	66	0.844521
49	109	1.16719
49	157	1.23858
49	158	1.28242
49	163	0.890981
49	169	1.17969
49	176	0.905074
49	179	0.932206
49	180	1.14059
50	12	1.56002
50	79	1.2296
50	103	1.03406
50	133	1.06589
50	159	0.881167
50	164	1.10343
50	165	0.914008
50	168	0.888466
50	171	0.900706
50	172	0.907097
50	173	0.893379
50	174	0.89887
50	177	0.908605
50	178	0.904136
50	180	0.903567
51	3	1.57559
51	58	1.36047
51	103	0.974925
51	146	0.880081
51	159	0.881032
51	161	1.02715
51	162	0.885952
51	163	1.05484
51	165	0.913872
51	166	0.912477
51	169	0.907577
51	174	0.898735
51	175	0.912843
51	178	0.904001
51	180	0.903432
52	32	1.4598
52	149	1.47429
52	155	1.57903
52	159	0.797045
52	161	1.48154
52	166	0.828491
52	167	0.816009
52	168	0.804344
52	169	0.82359
52	172	0.822975
52	174	0.814748
52	175	0.828856
52	177	0.824483
52	178	0.820014
52	180	0.819445
53	5	1.17775
53	6	0.802374
53	12	0.773538
53	15	0.848538
53	19	0.753035
53	20	1.52567
53	35	0.819702
53	69	0.774395
53	75	0.851388
53	85	0.807402
53	86	0.857402
53	93	0.857402
53	131	0.854826
53	152	1.69196
53	177	1.60807
54	7	0.991234
54	9	0.751759
54	17	0.826759
54	43	0.901759
54	49	0.844521
54	59	0.777854
54	66	0.777854
54	152	1.41012
54	158	1.47092
54	159	1.41734
54	163	0.824314
54	165	1.30826
54	176	0.838407
54	179	0.865539
55	23	0.815785
55	41	1.50455
55	48	0.748846
55	72	0.904349
55	83	0.836314
55	97	1.48972
55	111	0.765569
55	121	0.827103
55	129	0.853103
55	155	1.54044
55	164	1.46009
55	174	0.806215
55	175	0.820323
55	178	0.811481
55	180	0.810912
56	31	0.889257
56	32	0.8911
56	57	0.844577
56	63	0.927965
56	100	0.934214
56	105	0.907681
56	117	1.24074
56	121	0.908318
56	129	0.934317
56	148	0.855442
56	165	1.16723
56	169	1.22716
56	176	0.90713
56	177	1.1852
56	180	1.18806
57	32	0.820377
57	38	0.798433
57	56	0.844577
57	70	0.747114
57	80	0.806848
57	100	0.863491
57	111	0.776061
57	117	1.62176
57	121	0.837595
57	129	0.863594
57	136	1.26686
57	151	1.54572
57	152	0.805504
57	176	0.836407
57	180	1.56908
58	51	1.36047
58	84	0.789665
58	96	0.815431
58	98	0.832562
58	101	0.807434
58	107	0.84873
58	132	0.795701
58	137	0.820232
58	141	0.808735
58	142	0.800628
58	157	1.68024
58	158	0.814585
58	160	1.51206
58	176	1.45228
58	179	0.866298
59	7	0.991234
59	9	0.751759
59	17	0.826759
59	43	0.901759
59	49	0.844521
59	54	0.777854
59	66	0.777854
59	132	1.43762
59	158	1.48224
59	163	0.824314
59	172	1.34941
59	176	0.838407
59	177	1.33756
59	179	0.865539
60	11	0.760522
60	67	0.842103
60	97	0.825304
60	108	0.790466
60	112	0.830466
60	118	0.813981
60	120	0.800402
60	124	0.832365
60	127	0.835696
60	130	1.52743
60	158	1.57307
60	161	0.841371
60	163	0.827323
60	171	1.4661
60	172	1.44024
61	24	1.1279
61	46	1.17147
61	79	1.26672
61	150	1.20764
61	155	1.2209
61	159	0.881429
61	162	0.886349
61	170	0.914026
61	171	0.900969
61	172	0.907359
61	173	0.893641
61	174	0.899132
61	177	0.908867
61	178	0.904398
61	180	0.903829
62	65	0.906479
62	70	0.825121
62	121	0.915602
62	129	0.941601
62	136	0.886901
62	156	0.869197
62	163	0.900321
62	164	0.898818
62	167	1.23146
62	171	1.1925
62	174	1.19757
62	176	0.914414
62	177	1.15478
62	178	1.23225
62	179	0.941546
63	31	0.901922
63	38	0.881821
63	56	0.927965
63	70	0.830502
63	80	0.890236
63	82	1.47433
63	105	0.920346
63	111	0.859448
63	121	0.920983
63	129	0.946982
63	164	0.892156
63	165	1.22609
63	174	1.28686
63	176	0.919795
63	179	1.12569
64	19	1.90802
64	72	1.11937
64	87	1.54804
64	125	1.41966
64	146	0.800982
64	157	0.801344
64	159	0.801933
64	162	0.806853
64	170	0.834529
64	172	0.827863
64	173	0.814145
64	175	0.833744
64	177	0.829371
64	178	0.824902
64	180	0.824333
65	62	0.906479
65	89	0.892778
65	99	1.39516
65	115	0.873076
65	123	0.878697
65	126	0.883604
65	128	0.856365
65	148	1.34465
65	149	0.868677
65	153	0.865602
65	155	0.853484
65	156	0.845808
65	164	0.87543
65	168	1.28329
65	178	1.29078
65	179	1.09494
66	2	1.68661
66	7	0.991234
66	9	0.751759
66	17	0.826759
66	43	0.901759
66	49	0.844521
66	54	0.777854
66	59	0.777854
66	121	0.993036
66	158	1.49525
66	163	0.824314
66	167	1.42725
66	176	0.838407
66	179	0.865539
67	37	0.860302
67	41	0.861707
67	60	0.842103
67	97	0.883534
67	108	0.848695
67	112	0.888695
67	114	1.17455
67	118	0.872211
67	120	0.858632
67	124	0.890595
67	127	0.893926
67	146	1.40472
67	161	0.899601
67	166	1.22465
67	171	1.29978
67	174	1.30486
68	76	0.942235
68	78	0.859737
68	84	0.844305
68	110	0.834828
68	116	0.856104
68	117	1.28116
68	131	0.903458
68	135	0.87206
68	137	0.874872
68	141	0.863374
68	142	0.855267
68	151	1.20512
68	159	1.31673
68	161	0.89376
68	167	1.3023
68	178	1.30309
69	6	0.785381
69	12	0.756545
69	15	0.831545
69	19	0.736043
69	35	0.802709
69	47	0.769925
69	53	0.774395
69	75	0.834395
69	85	0.790409
69	86	0.840409
69	93	0.840409
69	131	0.837834
69	154	1.66478
69	175	1.64234
69	179	1.4893
69	180	1.61053
70	31	0.791794
70	38	0.771693
70	57	0.747114
70	62	0.825121
70	63	0.830502
70	80	0.780108
70	100	0.836751
70	105	0.810218
70	111	0.749321
70	121	0.810855
70	129	0.836855
70	159	1.70597
70	160	1.54752
70	169	1.65682
70	176	0.809667
70	179	1.49649
71	4	1.21589
71	26	1.20532
71	30	1.23742
71	147	1.37769
71	156	1.36062
71	160	0.870417
71	167	0.869745
71	168	0.85808
71	169	0.877326
71	170	0.883377
71	171	0.87032
71	173	0.862993
71	175	0.882592
71	177	0.878219
71	178	0.87375
71	180	0.873181
72	10	0.986818
72	23	0.967264
72	27	0.940205
72	33	0.941016
72	34	1.02613
72	36	1.0204
72	48	0.900324
72	55	0.904349
72	64	1.11937
72	83	0.987793
72	130	1.0662
72	148	0.925705
72	152	1.05104
72	158	1.11183
72	159	1.05826
72	175	1.00182
73	47	0.823697
73	87	0.812909
73	106	0.825987
73	115	0.864005
73	123	0.869626
73	125	0.870916
73	139	1.4017
73	146	1.41431
73	147	0.845434
73	148	1.40299
73	150	0.858011
73	155	0.844412
73	156	0.836737
73	161	0.881908
73	164	0.866358
73	172	1.28351
73	175	1.30632
74	41	1.35354
74	86	1.27639
74	101	1.48983
74	112	1.35467
74	137	1.31823
74	151	0.842496
74	162	0.833757
74	166	0.860282
74	168	0.836135
74	169	0.855382
74	170	0.861433
74	172	0.854767
74	173	0.841048
74	174	0.84654
74	175	0.860648
74	177	0.856275
74	180	0.851237
75	6	0.862374
75	8	1.52737
75	12	0.833538
75	15	0.908538
75	19	0.813035
75	35	0.879702
75	53	0.851388
75	69	0.834395
75	85	0.867402
75	86	0.917402
75	93	0.917402
75	131	0.914826
75	153	0.930483
75	158	1.36309
75	162	1.28752
75	167	1.29509
76	30	0.928578
76	46	0.976267
76	68	0.942235
76	88	0.882713
76	96	0.923654
76	107	0.956953
76	116	0.909688
76	119	1.22079
76	135	0.925645
76	137	0.928456
76	141	0.916959
76	142	0.908851
76	157	1.14294
76	159	1.13321
76	170	1.10901
76	174	1.08489
76	178	1.11957
77	20	1.2595
77	89	0.869386
77	113	1.31858
77	114	0.854841
77	133	0.876485
77	136	0.840121
77	144	0.847145
77	147	0.831114
77	149	0.845286
77	150	0.843691
77	153	0.842211
77	155	0.830093
77	159	1.43302
77	161	0.867589
77	164	0.852038
77	175	1.37657
77	178	1.41938
78	46	0.893768
78	68	0.859737
78	88	0.800214
78	98	0.858287
78	107	0.874455
78	110	0.805914
78	116	0.82719
78	135	0.843147
78	137	0.845958
78	141	0.83446
78	154	1.37573
78	161	0.864846
78	162	1.38773
78	172	1.33047
78	174	1.36141
78	175	1.35328
78	179	0.892023
79	50	1.2296
79	61	1.26672
79	87	0.810688
79	95	0.860813
79	115	0.861783
79	123	0.867404
79	128	0.845072
79	132	1.48945
79	144	0.859243
79	147	0.843213
79	150	0.85579
79	155	0.842191
79	156	0.834516
79	158	0.855151
79	164	0.864137
79	171	1.42711
79	180	1.39224
80	28	1.4156
80	32	0.853371
80	38	0.831428
80	57	0.806848
80	63	0.890236
80	70	0.780108
80	100	0.896485
80	105	0.869952
80	111	0.809055
80	121	0.870589
80	125	1.03527
80	129	0.896589
80	132	0.825936
80	159	1.47406
80	168	1.45293
80	174	1.42575
80	176	0.869401
81	4	1.2951
81	86	1.2742
81	89	1.29655
81	108	1.4872
81	117	0.834046
81	156	1.43983
81	157	0.831649
81	162	0.837158
81	165	0.865079
81	167	0.851203
81	169	0.858783
81	172	0.858168
81	173	0.84445
81	174	0.849941
81	177	0.859676
81	178	0.855207
81	180	0.854638
82	15	1.3667
82	63	1.47433
82	91	1.4125
82	96	1.51701
82	103	1.42412
82	145	0.854032
82	160	0.826273
82	165	0.839478
82	168	0.813936
82	169	0.833182
82	171	0.826176
82	172	0.832567
82	173	0.818849
82	174	0.82434
82	175	0.838448
82	177	0.834075
82	178	0.829606
82	180	0.829037
83	5	0.925313
83	10	0.918783
83	11	1.46894
83	21	0.886522
83	23	0.899229
83	27	0.872171
83	34	0.958091
83	36	0.952365
83	48	0.83229
83	55	0.836314
83	72	0.987793
83	109	1.17066
83	139	1.27126
83	143	0.873458
83	145	1.05271
83	148	0.857671
83	166	1.1038
83	177	1.14121
84	14	1.42121
84	30	0.830647
84	33	1.29573
84	46	0.878336
84	58	0.789665
84	68	0.844305
84	88	0.784782
84	99	1.55388
84	101	0.817727
84	116	0.811758
84	119	1.55073
84	131	0.859112
84	135	0.827714
84	141	0.819028
84	142	0.810921
84	161	0.849414
84	172	1.38389
84	179	0.876591
85	6	0.818388
85	12	0.789552
85	15	0.864552
85	19	0.769049
85	22	0.836931
85	35	0.835716
85	47	0.802931
85	53	0.807402
85	69	0.790409
85	75	0.867402
85	86	0.873415
85	93	0.873415
85	104	1.39494
85	131	0.87084
85	154	1.50749
85	173	1.5299
85	176	1.32327
85	180	1.45323
86	6	0.868388
86	12	0.839552
86	15	0.914552
86	19	0.819049
86	22	0.886931
86	35	0.885716
86	47	0.852931
86	53	0.857402
86	69	0.840409
86	74	1.27639
86	75	0.917402
86	81	1.2742
86	85	0.873415
86	93	0.923415
86	131	0.92084
86	158	1.37521
86	168	1.30051
86	171	1.26825
86	179	1.11216
87	1	0.860654
87	11	1.72355
87	18	0.825489
87	64	1.54804
87	73	0.812909
87	79	0.810688
87	122	0.825044
87	133	0.838766
87	134	0.820313
87	140	1.39539
87	143	0.794014
87	144	0.809426
87	150	0.805972
87	155	0.792374
87	156	0.784698
87	158	0.805334
87	162	1.46494
87	164	0.81432
87	178	1.47329
88	3	0.751247
88	76	0.882713
88	78	0.800214
88	84	0.784782
88	98	0.827679
88	101	0.802551
88	107	0.843846
88	114	0.82149
88	116	0.796581
88	135	0.812538
88	137	0.815349
88	141	0.803852
88	142	0.795744
88	146	1.5913
88	148	1.57998
88	169	1.4906
88	171	1.48636
88	172	1.4605
88	179	0.861415
89	1	0.931451
89	26	0.880988
89	65	0.892778
89	77	0.869386
89	81	1.29655
89	104	1.19744
89	106	0.844746
89	128	0.866052
89	134	0.89111
89	139	1.38293
89	144	0.880223
89	147	0.864193
89	153	0.87529
89	154	1.30999
89	155	0.863171
89	156	0.855496
89	164	0.885117
89	175	1.28755
89	179	1.13451
90	37	1.61907
90	44	1.34549
90	115	1.50193
90	128	1.60712
90	134	1.52099
90	154	0.793661
90	165	0.825799
90	166	0.824404
90	167	0.811923
90	168	0.800257
90	169	0.819503
90	170	0.825555
90	171	0.812498
90	172	0.818888
90	173	0.80517
90	174	0.810661
90	177	0.820396
90	178	0.815927
90	180	0.815358
91	39	0.859589
91	82	1.4125
91	125	0.890729
91	126	0.894345
91	128	0.867107
91	132	1.28229
91	134	0.892164
91	136	0.874254
91	144	0.881278
91	149	0.879419
91	150	0.877824
91	153	0.876344
91	155	0.864225
91	156	0.85655
91	164	0.886171
91	170	1.24914
91	171	1.21994
91	178	1.25969
91	180	1.18508
92	13	1.47104
92	35	1.53643
92	118	1.55887
92	143	1.54773
92	151	0.810559
92	157	0.796311
92	159	0.7969
92	162	0.80182
92	163	1.48082
92	166	0.828345
92	168	0.804198
92	170	0.829496
92	171	0.816439
92	173	0.809111
92	174	0.814603
92	175	0.828711
92	177	0.824338
92	178	0.819869
92	180	0.8193
93	6	0.868388
93	12	0.839552
93	15	0.914552
93	19	0.819049
93	22	0.886931
93	35	0.885716
93	42	1.3494
93	45	1.34749
93	47	0.852931
93	53	0.857402
93	69	0.840409
93	75	0.917402
93	85	0.873415
93	86	0.923415
93	131	0.92084
93	140	1.14667
93	146	1.28976
93	158	1.29179
93	175	1.18177
94	22	1.36755
94	101	1.4199
94	127	1.24547
94	138	0.841538
94	140	0.870723
94	142	1.38891
94	155	1.3195
94	157	0.83783
94	160	0.858054
94	163	1.2497
94	167	0.857383
94	168	0.845718
94	169	0.864964
94	170	0.871015
94	171	0.857958
94	173	0.850631
94	174	0.856122
94	177	0.865857
94	178	0.861388
94	180	0.860819
95	79	0.860813
95	122	0.875169
95	125	0.869002
95	128	0.84538
95	134	0.870438
95	140	1.31564
95	144	0.859551
95	147	0.843521
95	148	1.44741
95	149	0.857693
95	150	0.856098
95	153	0.854618
95	155	0.842499
95	156	0.834824
95	163	0.865948
95	164	0.864445
95	166	1.27866
95	168	1.38605
95	176	1.18896
95	178	1.39354
96	25	1.2218
96	58	0.815431
96	76	0.923654
96	82	1.51701
96	98	0.86862
96	101	0.843493
96	107	0.884788
96	110	0.816247
96	116	0.837523
96	131	0.884877
96	132	0.83176
96	135	0.85348
96	137	0.856291
96	141	0.844793
96	142	0.836686
96	151	1.26623
96	162	1.35584
96	171	1.32445
96	175	1.3214
96	179	0.902357
97	37	0.843504
97	41	0.844908
97	55	1.48972
97	60	0.825304
97	67	0.883534
97	102	0.847283
97	108	0.831897
97	112	0.871897
97	118	0.855413
97	120	0.841834
97	124	0.873796
97	127	0.877128
97	152	0.851945
97	160	1.22551
97	161	0.882802
97	163	0.868755
97	166	1.25544
97	169	1.33481
97	171	1.33057
97	173	1.37237
98	47	0.834099
98	58	0.832562
98	78	0.858287
98	88	0.827679
98	96	0.86862
98	103	0.908139
98	110	0.833378
98	114	0.879563
98	116	0.854654
98	132	0.848891
98	135	0.870611
98	139	1.38069
98	141	0.861925
98	142	0.853817
98	157	1.35149
98	158	0.867775
98	167	1.32733
98	169	1.2926
98	173	1.33017
98	178	1.32811
99	23	1.38605
99	43	1.18506
99	65	1.39516
99	84	1.55388
99	140	0.848613
99	149	1.42068
99	159	0.816309
99	160	0.835944
99	163	1.45561
99	165	0.849149
99	166	0.847754
99	169	0.842854
99	170	0.848905
99	171	0.835848
99	172	0.842239
99	173	0.82852
99	174	0.834012
99	175	0.84812
99	177	0.843747
99	178	0.839278
99	180	0.838709
100	31	0.908171
100	32	0.910014
100	56	0.934214
100	57	0.863491
100	70	0.836751
100	80	0.896485
100	104	1.11137
100	105	0.926595
100	111	0.865697
100	121	0.927232
100	129	0.953231
100	132	0.882579
100	138	1.30347
100	148	0.874355
100	152	0.895141
100	159	1.25792
100	162	1.23592
100	169	1.20877
100	173	1.24633
100	176	0.926044
100	179	1.04844
101	3	0.784193
101	25	1.37904
101	46	0.896105
101	58	0.807434
101	74	1.48983
101	84	0.817727
101	88	0.802551
101	94	1.4199
101	96	0.843493
101	107	0.876792
101	110	0.80825
101	135	0.845483
101	137	0.848295
101	141	0.836797
101	142	0.82869
101	145	1.35547
101	158	0.842647
101	161	0.867183
101	176	1.31686
101	177	1.44397
101	179	0.89436
102	13	0.856178
102	22	0.839139
102	37	0.824051
102	41	0.825456
102	97	0.847283
102	108	0.812445
102	112	0.852445
102	118	0.83596
102	120	0.822382
102	124	0.854344
102	127	0.857676
102	143	0.827494
102	152	0.832492
102	157	1.49032
102	160	1.32214
102	161	0.86335
102	163	0.849303
102	170	1.45639
102	172	1.40133
102	173	1.469
102	179	1.27111
103	50	1.03406
103	51	0.974925
103	82	1.42412
103	98	0.908139
103	116	0.877042
103	121	0.915931
103	129	0.941931
103	133	0.923594
103	141	0.884312
103	142	0.876205
103	144	0.894254
103	148	0.863055
103	149	0.892396
103	153	0.889321
103	155	0.877202
103	167	1.27053
103	170	1.26077
103	172	1.20571
103	174	1.23665
103	176	0.914743
103	179	0.941875
104	21	1.26272
104	85	1.39494
104	89	1.19744
104	100	1.11137
104	108	1.38809
104	144	1.24936
104	151	0.87372
104	154	0.860764
104	157	0.859472
104	160	0.879697
104	161	1.19064
104	166	0.891507
104	168	0.86736
104	169	0.886606
104	170	0.892657
104	171	0.8796
104	172	0.885991
104	174	0.877764
104	175	0.891872
104	177	0.887499
104	178	0.88303
104	180	0.882461
105	2	1.48518
105	28	1.18179
105	31	0.881638
105	32	0.883481
105	38	0.861537
105	56	0.907681
105	63	0.920346
105	70	0.810218
105	80	0.869952
105	100	0.926595
105	111	0.839165
105	119	1.32783
105	121	0.900699
105	129	0.926699
105	132	0.856046
105	148	0.847823
105	152	0.868608
105	157	1.24999
105	170	1.21606
105	171	1.18686
105	172	1.161
105	176	0.899511
106	16	0.836319
106	29	1.44804
106	40	1.52013
106	73	0.825987
106	89	0.844746
106	122	0.838123
106	125	0.831956
106	126	0.835572
106	128	0.808333
106	134	0.833391
106	147	0.806474
106	150	0.819051
106	153	0.817571
106	155	0.805452
106	156	0.797777
106	161	0.842948
106	163	0.828901
106	164	0.827398
106	174	1.50419
106	176	1.33429
106	177	1.4614
106	178	1.53886
107	3	0.825488
107	58	0.84873
107	76	0.956953
107	78	0.874455
107	88	0.843846
107	96	0.884788
107	101	0.876792
107	110	0.849546
107	116	0.870822
107	121	0.978215
107	135	0.886779
107	137	0.88959
107	141	0.878092
107	142	0.869985
107	145	1.24725
107	156	1.11677
107	157	1.43659
107	161	0.908478
107	165	1.31777
107	175	1.37041
107	179	0.935655
107	180	1.3386
108	13	0.840792
108	37	0.808665
108	41	0.81007
108	60	0.790466
108	67	0.848695
108	81	1.4872
108	97	0.831897
108	102	0.812445
108	104	1.38809
108	112	0.837059
108	117	1.49906
108	118	0.820574
108	120	0.806995
108	124	0.838958
108	127	0.842289
108	130	1.54257
108	143	0.812108
108	152	0.817106
108	161	0.847964
108	163	0.833916
108	177	1.44353
108	180	1.44638
109	10	1.24812
109	32	1.25378
109	49	1.16719
109	83	1.17066
109	128	1.33455
109	139	0.864395
109	141	1.31738
109	151	0.876319
109	157	0.862071
109	159	0.86266
109	163	1.30321
109	166	0.894106
109	168	0.869959
109	169	0.889205
109	171	0.8822
109	172	0.88859
109	173	0.874872
109	174	0.880363
109	175	0.894471
109	177	0.890098
109	178	0.885629
109	180	0.88506
110	33	1.43827
110	68	0.834828
110	78	0.805914
110	96	0.816247
110	98	0.833378
110	101	0.80825
110	107	0.849546
110	114	0.827189
110	116	0.802281
110	126	1.22703
110	131	0.849635
110	135	0.818237
110	137	0.821049
110	138	1.65124
110	141	0.809551
110	142	0.801444
110	151	1.49408
110	158	0.815401
110	161	0.839937
110	166	1.47717
110	179	0.867114
110	180	1.51744
111	11	0.75772
111	31	0.820741
111	32	0.822583
111	38	0.80064
111	55	0.765569
111	57	0.776061
111	63	0.859448
111	70	0.749321
111	80	0.809055
111	100	0.865697
111	105	0.839165
111	114	1.41548
111	121	0.839801
111	129	0.865801
111	132	0.795149
111	138	1.63964
111	148	0.786925
111	152	0.80771
111	159	1.59409
111	165	1.48501
111	168	1.57296
111	176	0.838614
111	177	1.50298
112	13	0.880792
112	25	1.24388
112	37	0.848665
112	41	0.85007
112	60	0.830466
112	67	0.888695
112	74	1.35467
112	97	0.871897
112	102	0.852445
112	108	0.837059
112	118	0.860574
112	120	0.846995
112	124	0.878958
112	127	0.882289
112	143	0.852108
112	152	0.857106
112	161	0.887964
112	162	1.37793
112	163	0.873916
112	171	1.34653
112	174	1.35161
112	175	1.34348
112	179	1.19044
113	13	1.24066
113	77	1.31858
113	120	1.4527
113	137	1.24904
113	146	0.841583
113	150	1.30698
113	156	1.37282
113	159	0.842534
113	160	0.86217
113	162	0.847454
113	163	1.25044
113	165	0.875375
113	166	0.87398
113	167	0.861498
113	170	0.875131
113	171	0.862073
113	172	0.868464
113	173	0.854746
113	174	0.860237
113	175	0.874345
113	177	0.869972
113	178	0.865503
113	180	0.864934
114	6	1.4188
114	21	1.23065
114	22	1.30411
114	67	1.17455
114	77	0.854841
114	88	0.82149
114	98	0.879563
114	110	0.827189
114	111	1.41548
114	118	1.26431
114	120	1.38852
114	133	0.895018
114	141	0.855736
114	142	0.847628
114	149	0.863819
114	154	0.849467
114	163	0.872074
114	164	0.870571
114	169	0.875309
114	170	0.88136
114	171	0.868303
114	174	0.866467
114	180	0.871164
115	4	0.905152
115	45	1.40031
115	65	0.873076
115	73	0.864005
115	79	0.861783
115	90	1.50193
115	126	0.87359
115	136	0.853498
115	144	0.860522
115	146	1.34258
115	147	0.844491
115	149	0.858663
115	150	0.857068
115	152	1.28381
115	153	0.855588
115	155	0.84347
115	156	0.835794
115	161	0.880966
115	163	0.866918
115	164	0.865415
115	177	1.19992
115	178	1.27739
115	180	1.20278
116	30	0.842447
116	46	0.890135
116	68	0.856104
116	76	0.909688
116	78	0.82719
116	84	0.811758
116	88	0.796581
116	96	0.837523
116	98	0.854654
116	103	0.877042
116	107	0.870822
116	110	0.802281
116	135	0.839513
116	137	0.842325
116	140	1.35114
116	141	0.830827
116	142	0.82272
116	151	1.33107
116	154	1.40868
116	162	1.42068
116	174	1.39437
116	177	1.35157
116	179	0.88839
116	180	1.35442
117	27	1.28324
117	56	1.24074
117	57	1.62176
117	68	1.28116
117	81	0.834046
117	108	1.49906
117	134	1.27451
117	143	1.39621
117	145	0.873357
117	159	0.825962
117	162	0.830882
117	165	0.858803
117	167	0.844926
117	168	0.833261
117	169	0.852507
117	170	0.858558
117	171	0.845501
117	172	0.851892
117	173	0.838174
117	174	0.843665
117	175	0.857773
117	177	0.8534
117	178	0.848931
117	180	0.848362
118	13	0.864307
118	22	0.847268
118	37	0.832181
118	41	0.833585
118	60	0.813981
118	67	0.872211
118	92	1.55887
118	97	0.855413
118	102	0.83596
118	108	0.820574
118	112	0.860574
118	114	1.26431
118	120	0.830511
118	124	0.862473
118	127	0.865805
118	132	1.45188
118	143	0.835624
118	145	1.26332
118	152	0.840622
118	159	1.44293
118	161	0.871479
118	163	0.857432
118	169	1.39377
118	179	1.23345
119	36	1.30687
119	76	1.22079
119	84	1.55073
119	105	1.32783
119	131	1.36602
119	134	1.39767
119	139	0.828961
119	154	0.82793
119	160	0.846862
119	161	1.42477
119	162	0.832147
119	165	0.860067
119	166	0.858672
119	167	0.846191
119	168	0.834525
119	169	0.853772
119	170	0.859823
119	172	0.853157
119	173	0.839438
119	174	0.84493
119	175	0.859038
119	177	0.854665
119	178	0.850196
119	180	0.849627
120	5	0.873899
120	11	0.777052
120	13	0.850728
120	37	0.818602
120	41	0.820006
120	60	0.800402
120	67	0.858632
120	97	0.841834
120	102	0.822382
120	108	0.806995
120	112	0.846995
120	113	1.4527
120	114	1.38852
120	118	0.830511
120	124	0.848894
120	127	0.852226
120	143	0.822045
120	152	0.827043
120	161	0.857901
120	163	0.843853
120	166	1.43862
120	168	1.54601
120	176	1.34892
120	177	1.47603
120	179	1.35766
121	31	0.882275
121	32	0.884118
121	38	0.862174
121	45	1.45798
121	55	0.827103
121	56	0.908318
121	57	0.837595
121	62	0.915602
121	63	0.920983
121	66	0.993036
121	70	0.810855
121	80	0.870589
121	100	0.927232
121	103	0.915931
121	105	0.900699
121	107	0.978215
121	111	0.839801
121	129	0.927335
121	152	0.869244
121	158	1.40228
121	169	1.29955
121	170	1.32451
121	171	1.29531
121	176	0.900148
121	177	1.25759
122	8	1.56312
122	16	0.887414
122	18	0.889663
122	26	0.874365
122	39	0.851911
122	87	0.825044
122	95	0.875169
122	106	0.838123
122	128	0.859428
122	130	1.35321
122	131	0.903741
122	144	0.873599
122	147	0.857569
122	149	0.871741
122	150	0.870146
122	153	0.868666
122	155	0.856547
122	156	0.848872
122	158	0.869507
122	164	0.878493
122	165	1.23619
122	168	1.32414
122	174	1.29696
122	176	1.12705
122	177	1.25416
122	180	1.25701
123	14	1.32469
123	18	0.882206
123	24	0.87948
123	33	0.850255
123	65	0.878697
123	73	0.869626
123	79	0.867404
123	126	0.879211
123	133	0.895483
123	136	0.859119
123	144	0.866143
123	147	0.850112
123	149	0.864284
123	150	0.862689
123	152	1.35941
123	153	0.861209
123	154	1.33262
123	155	0.849091
123	156	0.841415
123	163	0.872539
123	164	0.871036
123	165	1.25754
123	167	1.3522
123	177	1.27551
123	178	1.35298
123	179	1.15715
124	5	0.905862
124	13	0.882691
124	22	0.865652
124	29	1.2826
124	37	0.850564
124	41	0.851969
124	60	0.832365
124	67	0.890595
124	97	0.873796
124	102	0.854344
124	108	0.838958
124	112	0.878958
124	118	0.862473
124	120	0.848894
124	127	0.884188
124	143	0.854007
124	147	1.09406
124	152	0.859005
124	158	1.44065
124	159	1.38707
124	160	1.22862
124	161	0.889863
124	163	0.875815
124	169	1.33792
124	174	1.33876
124	180	1.29881
125	4	0.912063
125	64	1.41966
125	73	0.870916
125	80	1.03527
125	91	0.890729
125	95	0.869002
125	106	0.831956
125	128	0.853261
125	133	0.896772
125	134	0.878319
125	136	0.860409
125	143	0.852021
125	144	0.867432
125	147	0.851402
125	148	1.39878
125	150	0.863979
125	153	0.862499
125	155	0.85038
125	156	0.842705
125	157	1.36829
125	162	1.33655
125	163	0.873829
125	164	0.872326
125	172	1.2793
125	175	1.30211
125	180	1.2703
126	16	0.884864
126	20	1.24517
126	26	0.871814
126	39	0.849361
126	65	0.883604
126	91	0.894345
126	106	0.835572
126	110	1.22703
126	115	0.87359
126	123	0.879211
126	128	0.856878
126	136	0.864026
126	144	0.871049
126	147	0.855019
126	149	0.869191
126	150	0.867596
126	153	0.866116
126	155	0.853997
126	156	0.846322
126	163	0.877445
126	166	1.29016
126	172	1.33943
126	173	1.40709
126	174	1.37037
126	176	1.20046
126	180	1.33043
127	5	0.909194
127	11	0.812346
127	13	0.886023
127	37	0.853896
127	41	0.855301
127	60	0.835696
127	67	0.893926
127	94	1.24547
127	97	0.877128
127	102	0.857676
127	108	0.842289
127	112	0.882289
127	118	0.865805
127	120	0.852226
127	124	0.884188
127	132	1.3696
127	143	0.857339
127	146	1.41219
127	152	0.862337
127	159	1.36064
127	161	0.893195
127	163	0.879147
127	165	1.25156
127	173	1.34906
127	179	1.15117
127	180	1.27239
128	18	0.859874
128	24	0.857148
128	44	0.927755
128	65	0.856365
128	79	0.845072
128	89	0.866052
128	90	1.60712
128	91	0.867107
128	95	0.84538
128	106	0.808333
128	109	1.33455
128	122	0.859428
128	125	0.853261
128	126	0.856878
128	133	0.87315
128	136	0.836787
128	144	0.84381
128	145	1.21661
128	147	0.82778
128	148	1.43645
128	150	0.840357
128	152	1.389
128	155	0.826758
128	164	0.848704
128	166	1.26769
128	170	1.37202
128	179	1.18674
129	11	0.845253
129	33	1.12264
129	38	0.888174
129	55	0.853103
129	56	0.934317
129	57	0.863594
129	62	0.941601
129	63	0.946982
129	70	0.836855
129	80	0.896589
129	100	0.953231
129	103	0.941931
129	105	0.926699
129	111	0.865801
129	121	0.927335
129	132	0.882683
129	138	1.33561
129	148	0.874459
129	151	1.17845
129	152	0.895244
129	160	1.13161
129	167	1.27563
129	172	1.21081
129	176	0.926148
129	178	1.27642
129	179	1.08058
129	180	1.20181
130	34	1.18277
130	60	1.52743
130	72	1.0662
130	108	1.54257
130	122	1.35321
130	143	1.43973
130	145	0.87885
130	149	1.33787
130	154	0.832158
130	159	0.831456
130	160	0.851091
130	161	1.34512
130	162	0.836375
130	165	0.864296
130	166	0.862901
130	167	0.85042
130	168	0.838754
130	169	0.858
130	170	0.864052
130	171	0.850995
130	172	0.857385
130	173	0.843667
130	174	0.849158
130	175	0.863267
130	177	0.858893
130	178	0.854424
130	180	0.853856
131	28	1.21997
131	45	1.38771
131	53	0.854826
131	68	0.903458
131	69	0.837834
131	75	0.914826
131	84	0.859112
131	85	0.87084
131	86	0.92084
131	93	0.92084
131	96	0.884877
131	110	0.849635
131	119	1.36602
131	122	0.903741
131	134	0.89901
131	135	0.886867
131	137	0.889679
131	138	1.32398
131	142	0.870074
131	145	1.09882
131	149	0.886265
131	153	0.88319
131	155	0.871071
131	164	0.893017
131	168	1.2573
131	169	1.22928
131	173	1.26685
131	176	1.06021
132	58	0.795701
132	59	1.43762
132	79	1.48945
132	80	0.825936
132	91	1.28229
132	96	0.83176
132	98	0.848891
132	100	0.882579
132	105	0.856046
132	111	0.795149
132	118	1.45188
132	127	1.3696
132	129	0.882683
132	135	0.83375
132	142	0.816957
132	153	1.42726
132	158	0.830914
132	162	0.823012
132	163	1.37383
132	164	1.36328
132	168	0.825391
132	171	0.837631
132	172	0.844022
132	175	0.849903
132	176	0.855495
132	178	0.841061
132	179	0.882627
132	180	0.840492
133	39	0.865633
133	40	1.28442
133	50	1.06589
133	77	0.876485
133	87	0.838766
133	103	0.923594
133	114	0.895018
133	123	0.895483
133	125	0.896772
133	128	0.87315
133	134	0.898208
133	144	0.887321
133	147	0.871291
133	149	0.885463
133	150	0.883868
133	152	1.30958
133	153	0.882388
133	155	0.870269
133	156	0.862594
133	159	1.3168
133	161	0.907765
133	162	1.2948
133	163	0.893717
133	164	0.892215
133	170	1.2926
133	172	1.23754
133	178	1.30315
133	179	1.10732
134	24	0.882206
134	87	0.820313
134	89	0.89111
134	90	1.52099
134	91	0.892164
134	95	0.870438
134	106	0.833391
134	117	1.27451
134	119	1.39767
134	125	0.878319
134	131	0.89901
134	133	0.898208
134	136	0.861845
134	144	0.868868
134	145	1.13048
134	147	0.852838
134	149	0.86701
134	150	0.865415
134	153	0.863935
134	155	0.851816
134	158	0.864776
134	161	0.889312
134	162	1.28809
134	163	0.875264
134	164	0.873762
134	168	1.28896
134	171	1.2567
134	172	1.23083
134	180	1.22183
135	11	1.60212
135	30	0.858403
135	46	0.906092
135	47	0.818958
135	68	0.87206
135	76	0.925645
135	78	0.843147
135	84	0.827714
135	88	0.812538
135	96	0.85348
135	98	0.870611
135	101	0.845483
135	107	0.886779
135	110	0.818237
135	116	0.839513
135	131	0.886867
135	132	0.83375
135	137	0.858281
135	138	1.41105
135	140	1.27396
135	141	0.846784
135	142	0.838677
135	151	1.25389
135	158	0.852634
135	162	1.3435
135	167	1.35108
135	168	1.34437
135	172	1.28625
135	176	1.14728
135	179	0.904347
136	1	0.902186
136	4	0.895588
136	16	0.864772
136	57	1.26686
136	62	0.886901
136	77	0.840121
136	91	0.874254
136	115	0.853498
136	123	0.859119
136	125	0.860409
136	126	0.864026
136	128	0.836787
136	134	0.861845
136	143	0.835546
136	145	1.22725
136	147	0.834927
136	148	1.4471
136	149	0.8491
136	150	0.847505
136	151	1.29525
136	153	0.846024
136	155	0.833906
136	156	0.82623
136	161	0.871402
136	164	0.855852
136	166	1.27834
136	170	1.38267
136	172	1.32761
136	173	1.39528
136	178	1.39322
137	3	0.796991
137	5	0.89598
137	29	1.25902
137	30	0.861215
137	47	0.82177
137	58	0.820232
137	68	0.874872
137	74	1.31823
137	76	0.928456
137	78	0.845958
137	88	0.815349
137	96	0.856291
137	101	0.848295
137	107	0.88959
137	110	0.821049
137	113	1.24904
137	116	0.842325
137	131	0.889679
137	135	0.858281
137	139	1.40242
137	140	1.27194
137	141	0.849595
137	142	0.841488
137	146	1.41503
137	148	1.40371
137	158	0.855445
137	161	0.879981
137	170	1.33929
137	173	1.3519
137	179	0.907158
138	7	1.00496
138	17	1.3657
138	27	1.36436
138	94	0.841538
138	100	1.30347
138	110	1.65124
138	111	1.63964
138	129	1.33561
138	131	1.32398
138	135	1.41105
138	140	0.859577
138	146	0.826323
138	154	0.827977
138	157	0.826685
138	159	0.827274
138	160	0.846909
138	162	0.832194
138	165	0.860114
138	166	0.858719
138	167	0.846238
138	168	0.834572
138	169	0.853819
138	170	0.85987
138	171	0.846813
138	172	0.853204
138	173	0.839485
138	174	0.844977
138	175	0.859085
138	177	0.854712
138	178	0.850243
138	180	0.849674
139	16	1.32959
139	73	1.4017
139	83	1.27126
139	89	1.38293
139	98	1.38069
139	109	0.864395
139	119	0.828961
139	137	1.40242
139	145	0.873284
139	151	0.839548
139	153	1.45725
139	154	0.826592
139	157	0.8253
139	159	0.825889
139	160	0.845524
139	161	1.37612
139	162	0.830809
139	164	1.39327
139	165	0.858729
139	166	0.857334
139	167	0.844853
139	168	0.833187
139	170	0.858485
139	171	0.845428
139	172	0.851819
139	173	0.8381
139	174	0.843592
139	175	0.8577
139	177	0.853327
139	178	0.848858
139	180	0.848289
140	5	1.18437
140	87	1.39539
140	93	1.14667
140	94	0.870723
140	95	1.31564
140	99	0.848613
140	116	1.35114
140	135	1.27396
140	137	1.27194
140	138	0.859577
140	141	1.2875
140	149	1.2384
140	150	1.32987
140	151	0.870117
140	154	0.857161
140	157	0.855869
140	159	0.856458
140	162	0.861378
140	165	0.889299
140	166	0.887904
140	167	0.875422
140	168	0.863757
140	169	0.883003
140	170	0.889054
140	171	0.875997
140	172	0.882388
140	173	0.86867
140	174	0.874161
140	175	0.888269
140	177	0.883896
140	178	0.879427
140	180	0.878858
141	2	1.62398
141	3	0.785493
141	5	0.884482
141	9	1.41737
141	30	0.849717
141	46	0.897406
141	58	0.808735
141	68	0.863374
141	76	0.916959
141	78	0.83446
141	84	0.819028
141	88	0.803852
141	96	0.844793
141	98	0.861925
141	101	0.836797
141	103	0.884312
141	107	0.878092
141	109	1.31738
141	110	0.809551
141	114	0.855736
141	116	0.830827
141	135	0.846784
141	137	0.849595
141	140	1.2875
141	142	0.82999
141	152	1.37183
141	154	1.34504
141	158	0.843947
141	161	0.868483
141	165	1.26996
141	170	1.35485
