1	15	0.867885
1	25	0.861004
1	26	0.874926
1	85	0.83727
1	99	0.812816
1	101	0.872223
1	102	0.807754
1	118	0.819609
1	128	1.69315
1	143	0.805316
1	154	0.841197
1	160	1.91287
2	113	0.83873
2	150	0.838443
2	151	0.878018
2	153	0.833132
2	156	0.837405
2	162	1.80608
2	166	0.830449
2	169	0.835868
2	171	0.840114
2	173	0.835998
2	174	0.831842
2	178	1.79987
3	18	0.797178
3	21	0.800777
3	34	0.874088
3	41	1.80874
3	42	0.844694
3	47	0.849552
3	51	0.920272
3	60	0.834722
3	68	0.762765
3	78	0.862765
3	139	0.853187
3	177	1.7963
4	26	0.880184
4	58	0.822179
4	82	0.833552
4	85	0.842528
4	99	0.818074
4	101	0.877481
4	118	0.824867
4	119	0.8266
4	123	1.98717
4	136	0.82808
4	138	1.61836
4	154	0.846455
5	13	0.903038
5	18	0.905815
5	21	0.909414
5	28	0.980416
5	42	0.953331
5	60	0.943359
5	68	0.871402
5	78	0.971402
5	97	1.16808
5	139	0.961824
5	155	1.09543
5	170	1.33868
6	20	0.787351
6	56	0.827178
6	63	0.819878
6	72	0.871331
6	73	1.94551
6	76	0.859938
6	79	0.852697
6	80	0.855358
6	81	0.859938
6	89	0.843768
6	93	1.65858
6	99	0.822565
7	11	0.882818
7	39	0.843466
7	46	0.843466
7	57	0.829626
7	61	0.812358
7	65	0.812358
7	94	1.75927
7	125	0.807656
7	136	0.82973
7	146	0.860183
7	151	0.878338
7	160	1.84748
8	23	0.860012
8	27	0.828278
8	33	0.836345
8	56	0.801781
8	63	0.794481
8	72	0.845934
8	76	0.834541
8	79	0.8273
8	81	0.834541
8	84	1.85709
8	89	0.818371
8	140	0.818417
8	179	2.04886
9	61	0.907225
9	65	0.907225
9	146	0.955051
9	151	0.973205
9	156	1.12783
9	161	0.919247
9	167	1.19084
9	168	0.943011
9	171	1.27304
9	176	0.935616
9	179	0.927014
9	180	0.932405
10	84	0.840192
10	108	0.803017
10	110	1.80141
10	135	0.822732
10	148	0.837408
10	152	2.09233
10	158	0.829354
10	160	0.82282
10	172	0.825369
10	175	0.836636
10	176	0.831428
10	179	0.822826
10	180	0.828217
11	7	0.882818
11	39	0.921244
11	46	0.921244
11	57	0.907404
11	61	0.890136
11	65	0.890136
11	93	1.56933
11	125	0.885434
11	136	0.907508
11	138	1.05342
11	146	0.937961
11	151	0.956116
11	177	1.28307
12	16	0.872278
12	39	0.922415
12	46	0.922415
12	48	1.45673
12	57	0.908575
12	61	0.891307
12	65	0.891307
12	92	1.03935
12	125	0.886605
12	136	0.908679
12	146	0.939132
12	151	0.957287
12	172	1.41226
13	5	0.903038
13	18	0.774651
13	21	0.778251
13	28	0.849253
13	34	0.851561
13	42	0.822168
13	51	0.897745
13	60	0.812195
13	68	0.740239
13	78	0.840239
13	102	2.06666
13	139	0.830661
13	149	1.83863
14	28	0.852568
14	34	0.854877
14	47	0.830341
14	68	0.743554
14	78	0.843554
14	120	2.05126
14	131	1.85545
14	139	0.833976
14	140	0.827704
14	159	0.840288
14	169	0.82292
14	171	0.827167
14	173	0.82305
15	1	0.867885
15	17	0.938823
15	26	0.951586
15	54	0.971551
15	82	0.904953
15	99	0.889475
15	118	0.896269
15	119	0.898002
15	136	0.899482
15	143	0.881975
15	150	1.0995
15	158	1.5258
15	165	1.2785
16	12	0.872278
16	39	0.831755
16	46	0.831755
16	52	0.81594
16	57	0.817915
16	61	0.800647
16	65	0.800647
16	125	0.795945
16	126	1.90596
16	136	0.818019
16	146	0.848472
16	151	0.866627
16	165	1.99993
17	15	0.938823
17	25	0.931941
17	58	0.887859
17	82	0.899232
17	85	0.908208
17	101	0.943161
17	118	0.890547
17	119	0.89228
17	132	1.31933
17	144	0.895814
17	149	1.36872
17	154	0.912135
17	177	1.21946
18	3	0.797178
18	5	0.905815
18	13	0.774651
18	21	0.781027
18	24	2.17771
18	28	0.852029
18	34	0.854338
18	51	0.900522
18	60	0.814972
18	68	0.743015
18	78	0.843015
18	139	0.833437
18	175	1.72845
19	50	0.896517
19	85	1.30533
19	89	1.34698
19	118	1.24024
19	127	0.921369
19	142	0.911217
19	163	0.906216
19	167	0.913631
19	169	0.907882
19	175	0.917651
19	176	0.912443
19	179	0.903841
19	180	0.909232
20	6	0.787351
20	23	0.862036
20	33	0.838368
20	63	0.796505
20	70	0.843082
20	72	0.847958
20	76	0.836565
20	77	2.02842
20	80	0.831985
20	81	0.836565
20	89	0.820395
20	99	0.799192
20	177	1.87453
21	3	0.800777
21	5	0.909414
21	13	0.778251
21	18	0.781027
21	37	0.852664
21	42	0.828544
21	47	0.833402
21	51	0.904121
21	60	0.818571
21	68	0.746615
21	78	0.846615
21	135	1.9591
21	162	1.94719
22	88	0.915665
22	120	0.890182
22	133	1.38549
22	158	0.913959
22	162	0.912999
22	167	1.23014
22	170	0.908743
22	172	0.909974
22	173	1.27673
22	176	0.916033
22	178	0.912192
22	179	0.907431
22	180	0.912822
23	8	0.860012
23	20	0.862036
23	56	0.901862
23	63	0.894562
23	70	0.941139
23	72	0.946015
23	79	0.927381
23	80	0.930042
23	89	0.918452
23	134	1.44198
23	140	0.918498
23	145	1.33753
23	177	1.12834
24	18	2.17771
24	103	0.804212
24	110	1.71927
24	145	0.825112
24	158	0.828246
24	164	0.833684
24	165	0.829879
24	168	0.837714
24	175	0.835528
24	176	0.83032
24	178	0.826478
24	179	0.821718
24	180	0.827109
25	1	0.861004
25	17	0.931941
25	43	0.897181
25	44	0.904672
25	45	1.27166
25	54	0.96467
25	85	0.907048
25	101	0.942001
25	104	1.50382
25	118	0.889387
25	119	0.89112
25	147	1.13048
25	154	0.910976
26	1	0.874926
26	4	0.880184
26	15	0.951586
26	43	0.911103
26	53	1.51847
26	101	0.955923
26	118	0.90331
26	119	0.905043
26	125	0.884449
26	144	0.908577
26	154	0.924898
26	165	1.18304
26	177	1.2056
27	8	0.828278
27	33	0.904692
27	56	0.870128
27	70	0.909405
27	72	0.914281
27	76	0.902888
27	79	0.895647
27	80	0.898308
27	81	0.902888
27	89	0.886718
27	140	0.886764
27	146	1.05006
27	149	1.57423
27	175	1.57849
28	5	0.980416
28	13	0.849253
28	14	0.852568
28	18	0.852029
28	34	0.928939
28	42	0.899546
28	47	0.904404
28	60	0.889573
28	68	0.817617
28	78	0.917617
28	95	1.4616
28	139	0.908039
28	168	1.34562
28	172	1.40184
29	84	0.824607
29	87	1.96914
29	95	0.808022
29	147	0.822874
29	156	2.22462
29	158	0.813769
29	164	0.819206
29	168	0.823237
29	172	0.809784
29	175	0.82105
29	176	0.815842
29	177	0.821736
29	179	0.80724
29	180	0.812631
30	43	0.893173
30	58	0.882692
30	82	0.894065
30	118	0.88538
30	125	0.866519
30	128	1.31777
30	154	0.906968
30	157	0.89607
30	165	1.378
30	166	0.889631
30	171	0.899297
30	173	0.89518
30	174	0.891025
30	176	1.51268
31	103	1.60123
31	138	0.907723
31	141	0.892054
31	150	0.891995
31	152	0.884085
31	155	0.887401
31	156	0.890957
31	163	0.887755
31	169	0.88942
31	171	0.893666
31	173	0.88955
31	174	0.885394
31	178	1.25684
31	179	1.35067
32	65	1.63002
32	67	1.24759
32	91	0.886366
32	116	1.32825
32	141	0.894284
32	149	0.893276
32	152	0.886316
32	155	0.889632
32	156	0.893188
32	163	0.889985
32	169	0.89165
32	171	0.895897
32	173	0.89178
32	174	0.887625
33	8	0.836345
33	20	0.838368
33	27	0.904692
33	52	0.88151
33	70	0.917472
33	76	0.910955
33	79	0.903714
33	80	0.906375
33	81	0.910955
33	89	0.894785
33	108	1.73675
33	140	0.894831
33	148	1.19017
33	149	1.28027
34	3	0.874088
34	13	0.851561
34	14	0.854877
34	18	0.854338
34	28	0.928939
34	42	0.901854
34	47	0.906712
34	51	0.977432
34	68	0.819925
34	69	1.17712
34	78	0.919925
34	139	0.910347
34	171	1.46505
34	177	1.5545
35	120	0.869427
35	128	0.902517
35	145	0.89007
35	146	1.35605
35	148	0.901258
35	151	1.33942
35	156	1.49629
35	160	0.88667
35	168	0.902672
35	170	0.887988
35	172	0.889219
35	178	0.891436
35	179	0.886676
35	180	0.892067
36	39	1.48813
36	49	1.19266
36	121	0.879029
36	158	0.895152
36	160	0.888618
36	161	0.880856
36	165	0.896785
36	170	0.889936
36	172	0.891167
36	174	1.51043
36	175	0.902434
36	178	0.893384
36	179	0.888624
36	180	0.894015
37	21	0.852664
37	47	0.901438
37	51	0.972158
37	60	0.886608
37	68	0.814652
37	78	0.914652
37	127	1.3299
37	129	1.37341
37	133	0.886957
37	147	1.50548
37	166	0.888598
37	169	0.894017
37	171	0.898264
37	174	0.889992
38	59	0.867848
38	91	0.870831
38	96	0.861797
38	120	1.51909
38	140	0.8809
38	147	1.49042
38	150	0.878691
38	155	0.874097
38	163	0.874451
38	169	0.876116
38	171	0.880362
38	173	0.876246
38	174	0.87209
38	177	0.886571
38	179	1.49951
39	7	0.843466
39	11	0.921244
39	12	0.922415
39	16	0.831755
39	36	1.48813
39	46	0.881892
39	57	0.868052
39	61	0.850783
39	65	0.850783
39	125	0.846082
39	136	0.868155
39	146	0.898609
39	149	1.50497
39	151	0.916763
39	172	1.51209
40	59	0.860418
40	69	0.902553
40	74	1.37378
40	110	0.884253
40	132	1.57026
40	152	0.863352
40	154	0.880604
40	159	0.886055
40	163	0.867021
40	167	0.874436
40	169	0.868687
40	170	1.56503
40	173	0.868817
40	174	0.864661
40	177	0.879142
41	3	1.80874
41	95	0.872346
41	104	0.841362
41	122	0.865886
41	159	1.36783
41	164	0.883529
41	168	0.88756
41	169	1.31799
41	170	0.872876
41	175	0.885374
41	176	0.880166
41	177	0.88606
41	178	0.876324
41	179	0.871563
41	180	0.876955
42	3	0.844694
42	5	0.953331
42	13	0.822168
42	21	0.828544
42	28	0.899546
42	34	0.901854
42	47	0.877319
42	51	0.948038
42	60	0.862488
42	68	0.790532
42	78	0.890532
42	88	1.45701
42	139	0.880954
42	147	1.54119
42	175	1.51039
43	25	0.897181
43	26	0.911103
43	30	0.893173
43	48	1.51184
43	82	0.864471
43	85	0.873447
43	86	1.4937
43	101	0.9084
43	118	0.855786
43	119	0.857519
43	136	0.858999
43	143	0.841493
43	144	0.861054
43	154	0.877374
43	179	1.5044
44	25	0.904672
44	45	1.75909
44	58	0.86059
44	71	0.901721
44	82	0.871962
44	85	0.880938
44	99	0.856484
44	101	0.915891
44	118	0.863278
44	119	0.865011
44	125	0.844417
44	136	0.866491
44	144	0.868545
44	173	1.30854
44	177	1.4336
45	25	1.27166
45	44	1.75909
45	78	1.46872
45	96	0.86205
45	122	0.866651
45	153	0.873634
45	167	0.882119
45	168	0.888325
45	169	0.876369
45	172	0.874872
45	173	0.876499
45	174	0.872344
45	178	0.877089
45	179	0.872328
45	180	0.87772
46	7	0.843466
46	11	0.921244
46	12	0.922415
46	16	0.831755
46	39	0.881892
46	48	1.53143
46	57	0.868052
46	61	0.850783
46	65	0.850783
46	86	1.51329
46	91	1.46603
46	125	0.846082
46	136	0.868155
46	146	0.898609
46	151	0.916763
47	3	0.849552
47	14	0.830341
47	21	0.833402
47	28	0.904404
47	34	0.906712
47	37	0.901438
47	42	0.877319
47	51	0.952896
47	60	0.867346
47	68	0.795389
47	78	0.895389
47	107	1.4687
47	117	1.64024
47	139	0.885812
47	177	1.39914
48	12	1.45673
48	43	1.51184
48	46	1.53143
48	155	0.872681
48	165	0.87882
48	166	0.86928
48	167	0.880449
48	169	0.874699
48	170	0.871971
48	173	0.874829
48	174	0.870674
48	175	0.884469
48	178	0.875419
48	179	0.870659
48	180	0.87605
49	36	1.19266
49	87	0.933163
49	113	0.935142
49	139	1.19729
49	144	0.927877
49	153	0.929545
49	155	0.930262
49	159	0.949648
49	164	1.20448
49	166	0.926861
49	167	0.93803
49	169	0.93228
49	171	0.936527
49	173	0.93241
49	174	0.928255
49	175	1.21376
50	19	0.896517
50	83	0.862049
50	111	0.858892
50	132	1.58952
50	142	0.859305
50	150	0.858544
50	152	0.850635
50	153	0.853234
50	156	0.857507
50	159	0.873338
50	160	1.62657
50	167	0.861719
50	171	0.860216
50	173	0.856099
50	174	0.851944
50	180	1.59274
51	3	0.920272
51	13	0.897745
51	18	0.900522
51	21	0.904121
51	34	0.977432
51	37	0.972158
51	42	0.948038
51	47	0.952896
51	60	0.938066
51	68	0.866109
51	78	0.966109
51	102	1.32289
51	134	1.25924
51	139	0.956531
51	147	1.12992
51	175	1.09912
52	16	0.81594
52	33	0.88151
52	56	0.846946
52	57	0.852237
52	61	0.834968
52	65	0.834968
52	70	0.886223
52	79	0.872465
52	80	0.875126
52	89	0.863536
52	136	0.85234
52	146	0.882793
52	151	0.900948
52	169	1.34271
52	170	1.69927
52	172	1.761
53	26	1.51847
53	86	0.867447
53	88	0.863592
53	97	0.89888
53	100	0.849356
53	122	0.849681
53	139	0.870455
53	157	1.65927
53	160	0.855353
53	161	0.847591
53	165	0.863519
53	169	1.61841
53	172	0.857902
53	178	0.860119
53	179	0.855358
53	180	0.860749
54	15	0.971551
54	25	0.96467
54	58	0.920587
54	71	0.961719
54	82	0.93196
54	99	0.916482
54	118	0.923275
54	119	0.925008
54	125	0.904415
54	136	0.926488
54	138	1.08965
54	143	0.908982
54	154	0.944863
54	157	1.09825
54	168	1.41947
54	173	1.19424
55	81	1.62278
55	129	0.870656
55	145	0.857513
55	156	1.59924
55	158	0.860648
55	160	0.854114
55	164	0.866085
55	165	0.86228
55	168	0.870115
55	169	1.57199
55	170	0.855431
55	175	0.867929
55	176	0.862721
55	178	0.85888
55	179	0.854119
55	180	0.85951
56	6	0.827178
56	8	0.801781
56	23	0.901862
56	27	0.870128
56	52	0.846946
56	63	0.836331
56	70	0.882908
56	72	0.887784
56	76	0.876391
56	80	0.871811
56	81	0.876391
56	89	0.860221
56	91	1.58811
56	95	1.66881
56	140	0.860267
56	168	1.55283
57	7	0.829626
57	11	0.907404
57	12	0.908575
57	16	0.817915
57	39	0.868052
57	46	0.868052
57	52	0.852237
57	61	0.836944
57	65	0.836944
57	92	1.58966
57	98	1.3035
57	125	0.832242
57	136	0.854316
57	146	0.884769
57	151	0.902924
57	180	1.90928
58	4	0.822179
58	17	0.887859
58	30	0.882692
58	44	0.86059
58	54	0.920587
58	85	0.862966
58	101	0.897918
58	118	0.845305
58	119	0.847038
58	125	0.826444
58	128	1.60672
58	136	0.848518
58	143	0.831011
58	154	0.866893
58	166	1.50598
58	177	1.68951
59	38	0.867848
59	40	0.860418
59	129	1.53102
59	141	0.8617
59	153	0.85633
59	157	0.860085
59	158	1.70353
59	159	0.876434
59	163	0.857401
59	166	0.853647
59	169	0.859066
59	170	1.57343
59	171	0.863313
59	173	0.859196
59	174	0.855041
59	177	0.869521
60	3	0.834722
60	5	0.943359
60	13	0.812195
60	18	0.814972
60	21	0.818571
60	28	0.889573
60	37	0.886608
60	42	0.862488
60	47	0.867346
60	51	0.938066
60	68	0.780559
60	78	0.880559
60	91	1.64498
60	139	0.870981
60	164	1.65377
60	177	1.50954
61	7	0.812358
61	9	0.907225
61	11	0.890136
61	12	0.891307
61	16	0.800647
61	39	0.850783
61	46	0.850783
61	52	0.834968
61	57	0.836944
61	65	0.819675
61	75	1.64546
61	77	1.89919
61	125	0.814973
61	136	0.837047
61	146	0.8675
61	151	0.885655
61	174	1.55585
62	84	1.21303
62	111	0.916245
62	129	1.26363
62	133	0.906261
62	150	0.915897
62	156	0.91486
62	159	0.93069
62	163	0.911657
62	166	0.907903
62	167	0.919072
62	168	1.31156
62	169	0.913322
62	171	0.917569
62	173	0.913452
62	174	0.909297
62	176	1.32351
62	177	0.923777
63	6	0.819878
63	8	0.794481
63	20	0.796505
63	23	0.894562
63	56	0.836331
63	70	0.875608
63	72	0.880484
63	76	0.869091
63	77	1.77239
63	79	0.86185
63	80	0.864511
63	81	0.869091
63	89	0.852921
63	99	0.831719
63	134	1.93214
63	140	0.852967
63	157	1.39745
64	77	0.87967
64	102	0.899087
64	103	0.899067
64	111	1.23489
64	120	0.899324
64	125	1.5175
64	126	0.93267
64	145	0.919966
64	147	0.932206
64	152	1.13308
64	161	0.908805
64	168	0.932569
64	171	1.20368
64	172	0.919116
64	175	0.930383
64	176	0.925174
64	180	0.921964
65	7	0.812358
65	9	0.907225
65	11	0.890136
65	12	0.891307
65	16	0.800647
65	32	1.63002
65	39	0.850783
65	46	0.850783
65	52	0.834968
65	57	0.836944
65	61	0.819675
65	116	1.84604
65	125	0.814973
65	136	0.837047
65	146	0.8675
65	151	0.885655
65	156	1.62296
66	74	0.939705
66	95	0.90559
66	109	1.21963
66	112	0.912409
66	114	0.918275
66	139	0.919905
66	151	1.15737
66	154	1.42435
66	160	0.904803
66	162	0.910377
66	164	0.916774
66	165	0.912969
66	168	0.920805
66	169	1.287
66	175	0.918618
66	178	0.909569
66	180	0.910199
67	32	1.24759
67	106	1.21603
67	121	0.900232
67	128	0.925668
67	131	0.921396
67	148	0.924409
67	149	0.915494
67	160	0.909822
67	161	0.90206
67	163	1.32406
67	167	1.30354
67	168	0.925824
67	170	0.911139
67	177	0.924323
67	178	0.914588
67	179	0.909827
67	180	0.915218
68	3	0.762765
68	5	0.871402
68	13	0.740239
68	14	0.743554
68	18	0.743015
68	21	0.746615
68	28	0.817617
68	34	0.819925
68	37	0.814652
68	42	0.790532
68	47	0.795389
68	51	0.866109
68	60	0.780559
68	78	0.808603
68	138	2.44895
68	139	0.799025
68	165	2.65604
69	34	1.17712
69	40	0.902553
69	93	0.89534
69	103	1.63404
69	130	0.913269
69	137	0.885054
69	142	0.904537
69	152	0.895867
69	155	0.899183
69	157	0.902221
69	162	1.29585
69	163	0.899536
69	166	0.895782
69	167	0.906951
69	169	0.901201
69	173	0.901331
69	174	0.897176
69	176	1.30219
70	20	0.843082
70	23	0.941139
70	27	0.909405
70	33	0.917472
70	52	0.886223
70	56	0.882908
70	63	0.875608
70	72	0.927061
70	76	0.915668
70	79	0.908427
70	81	0.915668
70	89	0.899498
70	90	1.44203
70	99	0.878296
70	134	1.43549
70	140	0.899544
70	160	1.25878
70	175	1.27537
71	44	0.901721
71	54	0.961719
71	82	0.895122
71	85	0.904098
71	112	1.37322
71	118	0.886437
71	119	0.88817
71	135	1.35629
71	144	0.891704
71	153	0.893372
71	156	0.897645
71	162	1.34438
71	163	0.894442
71	166	0.890688
71	173	0.896237
71	174	0.892082
71	177	0.906563
71	178	1.33817
72	6	0.871331
72	8	0.845934
72	20	0.847958
72	23	0.946015
72	27	0.914281
72	56	0.887784
72	63	0.880484
72	70	0.927061
72	76	0.920544
72	79	0.913303
72	80	0.915964
72	81	0.920544
72	89	0.904374
72	138	1.11534
72	140	0.90442
72	172	1.50138
72	177	1.34499
72	180	1.44809
73	6	1.94551
73	95	0.833927
73	98	1.63796
73	109	1.81137
73	126	0.849242
73	129	0.849682
73	135	0.833051
73	160	0.833139
73	162	0.838713
73	164	0.845111
73	165	0.841306
73	168	0.849141
73	170	0.834457
73	172	0.835688
73	175	0.846955
73	178	0.837906
73	179	0.833145
73	180	0.838536
74	40	1.37378
74	66	0.939705
74	104	0.863949
74	107	0.912534
74	113	1.35944
74	120	0.876901
74	128	0.909991
74	134	0.895334
74	152	1.3108
74	154	1.34629
74	164	0.906116
74	170	0.895462
74	172	0.896694
74	175	0.90796
74	176	0.902752
74	178	0.898911
74	179	0.89415
74	180	0.899541
75	61	1.64546
75	103	0.864288
75	116	0.893054
75	122	0.876116
75	142	1.40708
75	145	0.885187
75	147	0.897427
75	154	1.34307
75	161	0.874026
75	165	0.889955
75	167	1.29597
75	168	0.89779
75	172	0.884337
75	175	0.895604
75	176	0.890395
75	177	0.89629
75	178	0.886554
75	179	0.881793
75	180	0.887185
76	6	0.859938
76	8	0.834541
76	20	0.836565
76	27	0.902888
76	33	0.910955
76	56	0.876391
76	63	0.869091
76	70	0.915668
76	72	0.920544
76	79	0.90191
76	80	0.904571
76	81	0.909151
76	89	0.892981
76	99	0.871779
76	138	1.12752
76	140	0.893027
76	161	1.57495
76	168	1.45734
76	179	1.55058
77	20	2.02842
77	61	1.89919
77	63	1.77239
77	64	0.87967
77	100	0.816348
77	116	0.833611
77	123	0.819083
77	126	0.838448
77	128	0.838192
77	132	0.834683
77	145	0.825744
77	161	0.814583
77	164	0.834316
77	165	0.830512
77	170	0.823663
77	172	0.824894
77	175	0.836161
77	179	0.82235
77	180	0.827742
78	3	0.862765
78	5	0.971402
78	13	0.840239
78	14	0.843554
78	18	0.843015
78	21	0.846615
78	28	0.917617
78	34	0.919925
78	37	0.914652
78	42	0.890532
78	45	1.46872
78	47	0.895389
78	51	0.966109
78	60	0.880559
78	68	0.808603
78	93	1.42949
78	108	1.74896
78	139	0.899025
78	171	1.05377
79	6	0.852697
79	8	0.8273
79	23	0.927381
79	27	0.895647
79	33	0.903714
79	52	0.872465
79	63	0.86185
79	70	0.908427
79	72	0.913303
79	76	0.90191
79	80	0.89733
79	81	0.90191
79	89	0.88574
79	90	1.55104
79	99	0.864538
79	140	0.885786
79	145	1.44006
79	162	1.33665
79	175	1.38439
80	6	0.855358
80	20	0.831985
80	23	0.930042
80	27	0.898308
80	33	0.906375
80	52	0.875126
80	56	0.871811
80	63	0.864511
80	72	0.915964
80	76	0.904571
80	79	0.89733
80	81	0.904571
80	89	0.888401
80	90	1.60603
80	92	1.06933
80	99	0.867199
80	134	1.5995
80	140	0.888447
80	149	1.43512
81	6	0.859938
81	8	0.834541
81	20	0.836565
81	27	0.902888
81	33	0.910955
81	55	1.62278
81	56	0.876391
81	63	0.869091
81	70	0.915668
81	72	0.920544
81	76	0.909151
81	79	0.90191
81	80	0.904571
81	89	0.892981
81	92	1.13981
81	93	1.6426
81	99	0.871779
81	140	0.893027
81	142	1.29578
82	4	0.833552
82	15	0.904953
82	17	0.899232
82	30	0.894065
82	43	0.864471
82	44	0.871962
82	54	0.93196
82	71	0.895122
82	101	0.909291
82	118	0.856678
82	119	0.858411
82	121	1.6435
82	125	0.837817
82	134	1.63164
82	136	0.859891
82	143	0.842384
82	144	0.861945
82	154	0.878266
82	177	1.318
82	178	1.41757
83	50	0.862049
83	105	0.887019
83	106	0.886036
83	107	1.49438
83	111	0.876337
83	112	1.55943
83	124	0.891739
83	127	1.43355
83	133	0.866353
83	137	0.857267
83	152	0.86808
83	154	0.885332
83	155	0.871395
83	157	0.874433
83	166	0.867995
83	167	0.879164
83	173	0.873544
83	174	0.869389
83	177	0.883869
83	178	1.52438
84	8	1.85709
84	10	0.840192
84	29	0.824607
84	62	1.21303
84	88	0.884854
84	90	0.871838
84	122	0.870942
84	139	0.891717
84	145	0.880014
84	148	0.891202
84	154	1.44453
84	161	0.868852
84	162	0.882188
84	170	0.877932
84	171	1.47964
84	175	0.89043
84	176	0.885222
84	178	0.88138
84	179	0.87662
84	180	0.882011
85	1	0.83727
85	4	0.842528
85	17	0.908208
85	19	1.30533
85	25	0.907048
85	43	0.873447
85	44	0.880938
85	58	0.862966
85	71	0.904098
85	101	0.918267
85	102	0.853799
85	118	0.865654
85	119	0.867387
85	127	1.53604
85	136	0.868867
85	143	0.85136
85	144	0.870921
85	154	0.887242
85	176	1.63942
85	177	1.5273
86	43	1.4937
86	46	1.51329
86	53	0.867447
86	95	0.872124
86	117	0.872471
86	120	0.854093
86	124	1.42898
86	126	0.887439
86	134	0.872525
86	135	0.871248
86	140	1.55773
86	165	0.879503
86	168	0.887338
86	170	0.872654
86	172	0.873885
86	175	0.885152
86	176	0.879944
86	178	0.876102
86	179	0.871342
86	180	0.876733
87	29	1.96914
87	49	0.933163
87	100	1.38545
87	109	0.882476
87	110	0.883783
87	113	0.871079
87	117	1.31841
87	122	1.33636
87	133	0.861156
87	150	0.870791
87	155	0.866198
87	157	0.869236
87	159	0.885585
87	163	0.866551
87	166	0.862798
87	167	0.873966
87	169	0.868217
87	171	0.872463
87	173	0.868347
87	174	0.864191
88	22	0.915665
88	42	1.45701
88	53	0.863592
88	84	0.884854
88	108	0.847678
88	123	0.86422
88	131	0.879056
88	133	1.65129
88	148	0.882069
88	158	0.874016
88	161	0.85972
88	165	0.875648
88	168	0.883484
88	169	1.40568
88	174	1.47815
88	175	0.881297
88	176	0.876089
88	178	0.872248
88	179	0.867487
88	180	0.872878
89	6	0.843768
89	8	0.818371
89	19	1.34698
89	20	0.820395
89	23	0.918452
89	27	0.886718
89	33	0.894785
89	52	0.863536
89	56	0.860221
89	63	0.852921
89	70	0.899498
89	72	0.904374
89	76	0.892981
89	79	0.88574
89	80	0.888401
89	81	0.892981
89	140	0.876857
89	163	1.41782
89	177	1.56895
89	178	1.66852
90	70	1.44203
90	79	1.55104
90	80	1.60603
90	84	0.871838
90	116	0.865732
90	126	0.870569
90	128	0.870313
90	132	0.866804
90	134	0.855655
90	135	0.854378
90	138	0.876815
90	145	0.857866
90	162	0.86004
90	164	0.866438
90	165	0.862633
90	168	0.870468
90	174	1.69819
90	175	0.868282
90	176	0.863074
90	178	0.859232
90	180	0.859863
91	32	0.886366
91	38	0.870831
91	46	1.46603
91	56	1.58811
91	60	1.64498
91	100	0.852007
91	112	0.86561
91	118	1.59767
91	132	0.870341
91	155	0.860031
91	162	0.863578
91	163	0.860385
91	167	0.867799
91	171	0.866296
91	172	0.860553
91	173	0.86218
91	174	0.858024
91	175	0.871819
91	178	0.86277
91	179	0.858009
91	180	0.8634
92	12	1.03935
92	57	1.58966
92	80	1.06933
92	81	1.13981
92	94	0.913048
92	121	0.905797
92	136	1.45989
92	152	0.914099
92	155	0.917414
92	156	0.920971
92	164	0.927358
92	166	0.914014
92	167	0.925183
92	171	0.92368
92	172	0.917936
92	173	0.919563
92	174	0.915407
92	175	0.929202
92	178	0.920153
92	179	0.915392
92	180	0.920783
93	6	1.65858
93	11	1.56933
93	69	0.89534
93	78	1.42949
93	81	1.6426
93	137	0.845326
93	142	0.864809
93	157	0.862493
93	158	0.863962
93	159	0.878842
93	161	0.849665
93	164	0.869399
93	166	0.856054
93	168	0.873429
93	171	0.86572
93	172	0.859977
93	174	0.857448
93	175	0.871243
93	176	0.866035
93	179	0.857433
93	180	0.862824
94	7	1.75927
94	92	0.913048
94	96	1.54157
94	103	0.839403
94	113	1.50476
94	115	0.864224
94	127	0.874437
94	135	0.856815
94	145	0.860302
94	147	0.872542
94	153	1.48491
94	160	0.856903
94	162	0.862477
94	165	0.86507
94	170	0.858221
94	172	0.859452
94	175	0.870719
94	176	0.865511
94	178	0.861669
94	179	0.856908
94	180	0.8623
95	28	1.4616
95	29	0.808022
95	41	0.872346
95	56	1.66881
95	66	0.90559
95	73	0.833927
95	86	0.872124
95	96	1.709
95	109	1.45432
95	123	0.856768
95	148	0.874617
95	162	0.865604
95	164	0.872001
95	165	0.868196
95	168	0.876032
95	170	0.861347
95	176	0.868637
95	177	0.874531
95	178	0.864796
95	179	0.860035
95	180	0.865426
96	38	0.861797
96	45	0.86205
96	94	1.54157
96	95	1.709
96	106	0.865637
96	141	0.855649
96	142	0.856351
96	149	0.854641
96	150	0.85559
96	152	0.847681
96	154	0.864933
96	155	0.850997
96	156	0.854553
96	158	1.7176
96	163	0.85135
96	164	1.63708
96	166	0.847596
96	167	0.858765
96	169	0.853015
96	171	0.857262
96	173	0.853145
96	174	0.84899
97	5	1.16808
97	53	0.89888
97	104	0.872574
97	110	1.04054
97	112	0.910376
97	115	0.910091
97	117	0.903905
97	120	0.885526
97	125	1.71588
97	126	0.918873
97	140	1.29907
97	148	0.917357
97	158	0.909304
97	170	0.904087
97	172	0.905319
97	173	1.36645
97	175	0.916585
97	176	0.911377
97	177	0.917271
97	178	0.907536
97	179	0.902775
97	180	0.908166
98	57	1.3035
98	73	1.63796
98	106	0.915493
98	124	0.921195
98	130	0.914938
98	133	0.89581
98	142	0.906206
98	150	0.905446
98	152	0.897536
98	153	0.900135
98	157	0.90389
98	158	1.28951
98	159	0.920239
98	163	0.901205
98	164	1.209
98	166	0.897452
98	167	0.90862
98	169	0.902871
98	171	0.907117
98	173	0.903001
98	174	0.898845
98	180	1.16786
99	1	0.812816
99	4	0.818074
99	6	0.822565
99	15	0.889475
99	20	0.799192
99	44	0.856484
99	54	0.916482
99	63	0.831719
99	70	0.878296
99	76	0.871779
99	79	0.864538
99	80	0.867199
99	81	0.871779
99	101	0.893813
99	119	0.842933
99	136	0.844413
99	140	0.855655
99	154	0.862788
99	172	1.70354
99	175	1.70068
99	176	1.65927
99	177	1.54716
100	53	0.849356
100	77	0.816348
100	87	1.38545
100	91	0.852007
100	103	0.835745
100	112	0.860852
100	115	0.860566
100	129	0.869788
100	137	1.80968
100	147	0.868884
100	160	0.853245
100	162	0.858819
100	164	0.865216
100	166	1.69206
100	167	1.70394
100	170	0.854563
100	172	0.855794
100	175	0.867061
100	176	0.861853
100	178	0.858011
100	179	0.85325
100	180	0.858642
101	1	0.872223
101	4	0.877481
101	17	0.943161
101	25	0.942001
101	26	0.955923
101	43	0.9084
101	44	0.915891
101	58	0.897918
101	82	0.909291
101	85	0.918267
101	99	0.893813
101	102	0.888751
101	118	0.900607
101	119	0.902339
101	125	0.881746
101	139	1.3591
101	141	1.08691
101	143	0.886313
101	144	0.905874
101	149	1.37131
101	175	1.37557
101	179	1.41546
102	1	0.807754
102	13	2.06666
102	51	1.32289
102	64	0.899087
102	85	0.853799
102	101	0.888751
102	106	1.68558
102	112	0.849369
102	118	0.836138
102	119	0.837871
102	125	0.817277
102	131	0.853336
102	143	0.821844
102	144	0.841405
102	154	0.857726
102	165	0.849929
102	172	0.844311
102	173	1.81969
102	175	0.855578
102	176	0.85037
102	178	0.846528
102	179	0.841768
102	180	0.847159
103	24	0.804212
103	31	1.60123
103	64	0.899067
103	69	1.63404
103	75	0.864288
103	94	0.839403
103	100	0.835745
103	108	0.821939
103	114	0.855214
103	117	0.842878
103	123	0.838481
103	127	0.859276
103	128	0.857589
103	140	1.81898
103	160	0.841742
103	165	0.849909
103	167	1.83977
103	170	0.84306
103	175	0.855558
103	177	0.856244
103	178	0.846508
103	179	0.841748
103	180	0.847139
104	25	1.50382
104	41	0.841362
104	74	0.863949
104	97	0.872574
104	114	0.842518
104	122	0.823374
104	127	0.84658
104	131	0.840621
104	135	0.828958
104	148	0.843634
104	150	1.92355
104	157	1.90406
104	158	0.835581
104	161	0.821284
104	162	0.83462
104	165	0.837213
104	168	0.845048
104	169	1.8632
104	170	0.830364
104	175	0.842862
104	176	0.837654
104	177	0.843548
104	178	0.833813
104	180	0.834443
105	83	0.887019
105	106	0.893562
105	113	0.883802
105	117	1.50555
105	121	1.58995
105	124	0.899264
105	131	1.28163
105	137	0.864793
105	141	0.883574
105	142	0.884275
105	145	1.47365
105	146	0.904936
105	153	0.878204
105	155	0.878921
105	156	0.882477
105	157	0.881959
105	159	0.898308
105	163	0.879274
105	166	0.875521
105	168	1.36462
105	169	0.88094
105	171	0.885186
105	173	0.88107
105	174	0.876914
106	67	1.21603
106	83	0.886036
106	96	0.865637
106	98	0.915493
106	102	1.68558
106	105	0.893562
106	110	0.895523
106	124	0.898281
106	131	1.32547
106	137	0.863809
106	145	1.51749
106	150	0.882531
106	153	0.877221
106	155	0.877938
106	156	0.881494
106	157	0.880976
106	159	0.897325
106	163	0.878291
106	167	0.885706
106	169	0.879956
106	171	0.884203
106	172	1.46467
106	173	0.880086
106	174	0.875931
107	47	1.4687
107	74	0.912534
107	83	1.49438
107	112	0.885238
107	120	0.860388
107	127	0.895165
107	129	0.894175
107	135	0.877544
107	141	1.50188
107	146	1.26211
107	148	0.892219
107	158	0.884166
107	160	0.877632
107	161	0.86987
107	162	0.883206
107	165	0.885798
107	167	1.46537
107	168	0.893634
107	170	0.878949
107	172	0.880181
107	176	0.886239
107	178	0.882398
107	179	0.877637
107	180	0.883028
108	10	0.803017
108	33	1.73675
108	78	1.74896
108	88	0.847678
108	103	0.821939
108	114	0.85291
108	117	0.840574
108	121	0.829849
108	122	0.833767
108	123	0.836177
108	146	1.79828
108	148	0.854026
108	160	0.839439
108	161	0.831676
108	162	0.845013
108	164	0.85141
108	169	1.91128
108	170	0.840756
108	172	0.841988
108	175	0.853254
108	176	0.848046
108	178	0.844205
108	179	0.839444
108	180	0.844835
109	66	1.21963
109	73	1.81137
109	87	0.882476
109	95	1.45432
109	110	0.897161
109	130	0.893662
109	133	0.874533
109	137	0.865447
109	146	0.90559
109	149	0.88322
109	150	0.884169
109	153	0.878859
109	156	0.883132
109	157	0.882614
109	159	0.898962
109	163	0.879929
109	164	1.38241
109	166	0.876175
109	167	0.887344
109	169	0.881594
109	171	0.885841
109	173	0.881724
109	174	0.877569
109	178	1.33774
110	10	1.80141
110	24	1.71927
110	40	0.884253
110	87	0.883783
110	97	1.04054
110	106	0.895523
110	109	0.897161
110	113	0.885763
110	124	0.901226
110	133	0.87584
110	137	0.866754
110	141	0.885535
110	144	0.878498
110	155	0.880882
110	156	0.884439
110	157	0.88392
110	161	1.33426
110	163	0.881236
110	166	0.877482
110	167	0.888651
110	171	0.887148
110	173	0.883031
110	174	0.878876
110	179	1.30989
111	50	0.858892
111	62	0.916245
111	64	1.23489
111	83	0.876337
111	113	0.873119
111	126	1.39268
111	141	0.872891
111	142	0.873593
111	146	0.894253
111	152	0.864923
111	153	0.867522
111	156	0.871795
111	157	0.871277
111	159	0.887625
111	163	0.868592
111	166	0.864838
111	167	0.876007
111	169	0.870257
111	171	0.874504
111	173	0.870387
111	174	0.866232
111	175	1.66273
111	177	0.880713
111	178	1.60878
111	180	1.6123
112	66	0.912409
112	71	1.37322
112	83	1.55943
112	91	0.86561
112	97	0.910376
112	100	0.860852
112	102	0.849369
112	107	0.885238
112	116	0.878114
112	127	0.884382
112	130	1.41608
112	135	0.866761
112	141	1.56694
112	149	0.872521
112	160	0.866849
112	161	0.859087
112	162	0.872423
112	164	0.87882
112	168	0.882851
112	170	0.868166
112	173	1.57702
112	176	0.875456
112	178	0.871615
112	179	0.866854
112	180	0.872245
113	2	0.83873
113	49	0.935142
113	74	1.35944
113	87	0.871079
113	94	1.50476
113	105	0.883802
113	110	0.885763
113	111	0.873119
113	115	1.5257
113	130	0.882264
113	137	0.854049
113	141	0.872831
113	142	0.873532
113	150	0.872771
113	156	0.871734
113	157	0.871216
113	159	0.887565
113	163	0.868531
113	166	0.864777
113	167	0.875946
113	170	1.55069
113	173	0.870326
113	174	0.866171
113	176	1.56816
113	177	0.880652
114	66	0.918275
114	103	0.855214
114	104	0.842518
114	108	0.85291
114	117	0.873849
114	120	0.855471
114	126	0.888817
114	129	0.889257
114	133	1.6074
114	134	0.873903
114	147	0.888353
114	149	0.878386
114	153	1.49244
114	159	1.41163
114	161	0.864952
114	162	0.878288
114	165	0.880881
114	166	1.44017
114	170	0.874031
114	171	1.53425
114	172	0.875263
114	176	0.881322
114	178	0.87748
114	179	0.872719
114	180	0.878111
115	94	0.864224
115	97	0.910091
115	100	0.860566
115	113	1.5257
115	117	0.867699
115	122	0.860891
115	128	0.88241
115	129	0.883106
115	131	0.878137
115	132	0.878901
115	147	0.882202
115	148	0.881151
115	149	0.872235
115	152	1.47705
115	154	1.51255
115	159	1.42504
115	160	0.866563
115	164	0.878535
115	170	0.867881
115	171	1.54766
115	175	0.880379
115	176	0.875171
115	178	0.871329
115	179	0.866569
115	180	0.87196
116	32	1.32825
116	65	1.84604
116	75	0.893054
116	77	0.833611
116	90	0.865732
116	112	0.878114
116	126	0.886611
116	133	1.53956
116	145	0.873907
116	148	0.885095
116	150	1.35431
116	153	1.4246
116	158	0.877042
116	160	0.870508
116	161	0.862746
116	162	0.876082
116	164	0.882479
116	170	0.871825
116	172	0.873057
116	175	0.884323
116	176	0.879115
116	177	0.885009
116	178	0.875274
116	179	0.870513
116	180	0.875904
117	47	1.64024
117	86	0.872471
117	87	1.31841
117	97	0.903905
117	103	0.842878
117	105	1.50555
117	108	0.840574
117	114	0.873849
117	115	0.867699
117	121	0.850788
117	128	0.876224
117	129	0.87692
117	131	0.871952
117	135	0.860289
117	141	1.67341
117	145	0.863777
117	160	0.860378
117	163	1.65742
117	164	0.872349
117	165	0.868544
117	172	0.862926
117	175	0.874193
117	176	0.868985
117	178	0.865144
117	179	0.860383
117	180	0.865774
118	1	0.819609
118	4	0.824867
118	15	0.896269
118	17	0.890547
118	19	1.24024
118	25	0.889387
118	26	0.90331
118	30	0.88538
118	43	0.855786
118	44	0.863278
118	54	0.923275
118	58	0.845305
118	71	0.886437
118	82	0.856678
118	85	0.865654
118	91	1.59767
118	101	0.900607
118	102	0.836138
118	119	0.849726
118	120	1.67521
118	136	0.851206
118	143	0.833699
118	144	0.85326
118	154	0.869581
118	161	1.67999
118	175	1.61574
119	4	0.8266
119	15	0.898002
119	17	0.89228
119	25	0.89112
119	26	0.905043
119	43	0.857519
119	44	0.865011
119	54	0.925008
119	58	0.847038
119	71	0.88817
119	82	0.858411
119	85	0.867387
119	99	0.842933
119	101	0.902339
119	102	0.837871
119	118	0.849726
119	125	0.830865
119	136	0.852939
119	143	0.835432
119	144	0.854993
119	148	1.53666
119	149	1.62676
119	154	0.871314
119	164	1.62173
119	173	1.35244
119	179	1.67091
120	14	2.05126
120	22	0.890182
120	35	0.869427
120	38	1.51909
120	64	0.899324
120	74	0.876901
120	86	0.854093
120	97	0.885526
120	107	0.860388
120	114	0.855471
120	118	1.67521
120	121	0.832409
120	124	1.45925
120	127	0.859532
120	131	0.853573
120	147	0.857638
120	148	0.856586
120	151	1.3889
120	158	0.848533
120	164	0.85397
120	168	0.858001
120	170	0.843316
120	172	0.844548
120	175	0.855814
120	176	0.850606
120	178	0.846765
120	180	0.847395
121	36	0.879029
121	67	0.900232
121	82	1.6435
121	92	0.905797
121	105	1.58995
121	108	0.829849
121	117	0.850788
121	120	0.832409
121	130	1.60696
121	132	0.86199
121	146	1.51805
121	147	0.865292
121	152	1.7329
121	158	0.856187
121	160	0.849653
121	161	0.841891
121	162	0.855227
121	165	0.857819
121	168	0.865655
121	170	0.85097
121	172	0.852202
121	175	0.863468
121	176	0.85826
121	177	0.864154
121	178	0.854419
121	179	0.849658
121	180	0.855049
122	41	0.865886
122	45	0.866651
122	53	0.849681
122	75	0.876116
122	84	0.870942
122	87	1.33636
122	104	0.823374
122	108	0.833767
122	115	0.860891
122	126	0.869673
122	144	1.6718
122	145	0.85697
122	158	0.860104
122	162	0.859144
122	164	0.865542
122	165	0.861737
122	166	1.64297
122	170	0.854888
122	171	1.73705
122	172	0.856119
122	173	1.70145
122	175	0.867386
122	176	0.862178
122	177	0.868072
122	178	0.858336
122	179	0.853576
122	180	0.858967
123	4	1.98717
123	77	0.819083
123	88	0.86422
123	95	0.856768
123	103	0.838481
123	108	0.836177
123	124	1.38543
123	127	0.873514
123	131	0.867555
123	132	0.868318
123	134	0.857169
123	147	0.871619
123	148	0.870568
123	153	1.57536
123	154	1.58206
123	155	1.55802
123	161	0.848218
123	162	0.861555
123	164	0.867952
123	170	0.857298
123	172	0.85853
123	175	0.869796
123	176	0.864588
123	177	0.870482
123	178	0.860747
123	179	0.855986
123	180	0.861377
124	83	0.891739
124	86	1.42898
124	98	0.921195
124	105	0.899264
124	106	0.898281
124	110	0.901226
124	120	1.45925
124	123	1.38543
124	133	0.878598
124	142	0.888994
124	150	0.888234
124	152	0.880325
124	153	0.882923
124	154	0.897576
124	156	0.887196
124	157	0.886678
124	158	1.47101
124	159	0.903027
124	163	0.883994
124	165	1.22371
124	166	0.88024
124	167	0.891409
124	169	0.885659
124	171	0.889905
124	173	0.885789
124	174	0.881633
124	177	0.896114
124	179	1.43967
125	7	0.807656
125	11	0.885434
125	12	0.886605
125	16	0.795945
125	26	0.884449
125	30	0.866519
125	39	0.846082
125	44	0.844417
125	46	0.846082
125	54	0.904415
125	57	0.832242
125	58	0.826444
125	61	0.814973
125	64	1.5175
125	65	0.814973
125	82	0.837817
125	97	1.71588
125	101	0.881746
125	102	0.817277
125	119	0.830865
125	136	0.832345
125	143	0.814839
125	144	0.8344
125	146	0.862799
125	150	1.59027
125	151	0.880953
125	154	0.850721
125	179	1.98523
125	180	1.89492
126	16	1.90596
126	64	0.93267
126	73	0.849242
126	77	0.838448
126	86	0.887439
126	90	0.870569
126	97	0.918873
126	111	1.39268
126	114	0.888817
126	116	0.886611
126	122	0.869673
126	138	0.897694
126	143	1.57329
126	147	0.890984
126	156	1.21626
126	159	1.23885
126	160	0.875345
126	161	0.867583
126	164	0.887317
126	165	0.883512
126	168	0.891347
126	170	0.876663
126	171	1.36147
126	172	0.877894
126	175	0.889161
126	176	0.883953
126	178	0.880111
126	179	0.875351
126	180	0.880742
127	19	0.921369
127	37	1.3299
127	83	1.43355
127	85	1.53604
127	94	0.874437
127	103	0.859276
127	104	0.84658
127	107	0.895165
127	112	0.884382
127	120	0.859532
127	123	0.873514
127	128	0.892622
127	129	0.893319
127	131	0.88835
127	132	0.889113
127	142	1.51564
127	147	0.892415
127	154	1.45163
127	162	0.88235
127	163	1.42506
127	164	0.888747
127	165	0.884942
127	170	0.878093
127	172	0.879325
127	175	0.890591
127	176	0.885383
127	178	0.881542
127	179	0.876781
127	180	0.882172
128	1	1.69315
128	30	1.31777
128	35	0.902517
128	58	1.60672
128	67	0.925668
128	74	0.909991
128	77	0.838192
128	90	0.870313
128	103	0.857589
128	115	0.88241
128	117	0.876224
128	127	0.892622
128	131	0.886663
128	133	1.46836
128	135	0.875001
128	140	1.29223
128	148	0.889676
128	158	0.881623
128	160	0.875089
128	165	0.883255
128	167	1.31301
128	168	0.891091
128	170	0.876406
128	172	0.877638
128	175	0.888904
128	176	0.883696
128	178	0.879855
128	179	0.875094
128	180	0.880485
129	37	1.37341
129	55	0.870656
129	59	1.53102
129	62	1.26363
129	73	0.849682
129	100	0.869788
129	107	0.894175
129	114	0.889257
129	115	0.883106
129	117	0.87692
129	127	0.893319
129	138	0.898134
129	142	1.55915
129	145	0.879184
129	147	0.891424
129	148	0.890373
129	155	1.47109
129	158	0.882319
129	160	0.875785
129	165	0.883952
129	168	0.891787
129	172	0.878334
129	173	1.49463
129	175	0.889601
129	176	0.884393
129	177	0.890287
129	178	0.880551
129	179	0.87579
129	180	0.881182
130	69	0.913269
130	98	0.914938
130	109	0.893662
130	112	1.41608
130	113	0.882264
130	121	1.60696
130	133	0.872341
130	137	0.863255
130	141	0.882036
130	142	0.882737
130	144	0.874998
130	149	0.881028
130	150	0.881977
130	152	0.874067
130	155	0.877383
130	156	0.880939
130	157	0.880421
130	163	0.877736
130	166	0.873983
130	167	0.885151
130	169	0.879402
130	171	0.883648
130	173	0.879532
130	174	0.875376
130	175	1.43498
130	176	1.39358
130	177	0.889857
130	179	1.47487
130	180	1.38455
131	14	1.85545
131	67	0.921396
131	88	0.879056
131	102	0.853336
131	104	0.840621
131	105	1.28163
131	106	1.32547
131	115	0.878137
131	117	0.871952
131	120	0.853573
131	123	0.867555
131	127	0.88835
131	128	0.886663
131	132	0.883154
131	134	0.872005
131	141	1.44949
131	143	1.70699
131	159	1.37255
131	160	0.870816
131	161	0.863054
131	162	0.87639
131	164	0.882788
131	165	0.878983
131	170	0.872134
131	172	0.873365
131	175	0.884632
131	176	0.879424
131	178	0.875582
131	179	0.870822
131	180	0.876213
132	17	1.31933
132	40	1.57026
132	50	1.58952
132	77	0.834683
132	90	0.866804
132	91	0.870341
132	115	0.878901
132	121	0.86199
132	123	0.868318
132	127	0.889113
132	131	0.883154
132	139	0.886682
132	145	0.874979
132	147	0.887219
132	155	1.51873
132	158	0.878114
132	160	0.87158
132	161	0.863818
132	162	0.877154
132	163	1.5162
132	164	0.883551
132	170	0.872897
132	172	0.874129
132	174	1.47789
132	175	0.885395
132	176	0.880187
132	177	0.886081
132	178	0.876346
132	179	0.871585
132	180	0.876976
133	22	1.38549
133	37	0.886957
133	62	0.906261
133	83	0.866353
133	87	0.861156
133	88	1.65129
133	98	0.89581
133	109	0.874533
133	110	0.87584
133	114	1.6074
133	116	1.53956
133	124	0.878598
133	128	1.46836
133	130	0.872341
133	137	0.844126
133	141	0.862908
133	142	0.863609
133	146	0.884269
133	152	0.854939
133	153	0.857538
133	156	0.861811
133	157	0.861293
133	163	0.858608
133	166	0.854854
133	167	0.866023
133	169	0.860273
133	171	0.86452
133	173	0.860403
133	174	0.856248
133	177	0.870729
133	178	1.65072
134	23	1.44198
134	51	1.25924
134	63	1.93214
134	70	1.43549
134	74	0.895334
134	80	1.5995
134	82	1.63164
134	86	0.872525
134	90	0.855655
134	114	0.873903
134	123	0.857169
134	131	0.872005
134	150	0.867052
134	153	0.861742
134	156	0.866015
134	157	0.865497
134	159	0.881845
134	163	0.862812
134	164	0.872402
134	167	0.870227
134	168	0.876433
134	169	0.864477
134	170	0.861749
134	171	0.868724
134	172	0.86298
134	173	0.864607
134	174	0.860452
134	177	0.874933
134	178	0.865197
134	179	0.860436
134	180	0.865828
135	10	0.822732
135	21	1.9591
135	71	1.35629
135	73	0.833051
135	86	0.871248
135	90	0.854378
135	94	0.856815
135	104	0.828958
135	107	0.877544
135	112	0.866761
135	117	0.860289
135	128	0.875001
135	137	1.61924
135	142	1.6246
135	145	0.862553
135	147	0.874793
135	148	0.873741
135	149	0.864826
135	158	0.865688
135	160	0.859154
135	161	0.851392
135	162	0.864728
135	163	1.53402
135	164	0.871125
135	168	0.875156
135	172	0.861703
135	174	1.49571
135	175	0.87297
135	176	0.867762
135	178	0.86392
135	179	0.859159
135	180	0.864551
136	4	0.82808
136	7	0.82973
136	11	0.907508
136	12	0.908679
136	15	0.899482
136	16	0.818019
136	39	0.868155
136	43	0.858999
136	44	0.866491
136	46	0.868155
