1	40	0.954842
1	51	1.226
1	61	0.960962
1	63	0.915772
1	79	1.04545
1	114	0.957899
1	115	1.04067
1	119	1.06101
1	131	0.978485
1	165	0.894141
1	174	0.912472
1	176	1.0608
2	20	0.880436
2	61	0.974402
2	104	1.00857
2	118	1.08392
2	150	1.02117
2	153	0.999124
2	157	1.01057
2	159	0.953329
2	167	1.03504
2	173	1.03328
2	174	0.985433
2	179	1.0169
3	108	0.873696
3	121	0.91521
3	128	0.899662
3	137	1.23848
3	142	0.898224
3	166	0.908078
3	167	0.900683
3	173	0.898925
3	174	1.18734
3	175	1.19876
3	177	1.18032
3	180	0.905521
4	9	1.08513
4	13	1.07761
4	14	1.01013
4	16	1.01386
4	23	1.01007
4	49	1.04034
4	59	0.989303
4	72	0.961029
4	86	1.03651
4	135	0.93046
4	156	0.951258
4	164	0.894144
5	24	0.994465
5	26	0.999201
5	49	0.998196
5	98	1.02931
5	100	1.03671
5	109	1.00785
5	137	1.00547
5	141	1.06703
5	149	0.977955
5	164	1.06543
5	172	0.931908
5	176	0.89124
6	42	0.994665
6	145	1.07592
6	148	1.00463
6	151	1.05666
6	152	0.963195
6	155	1.02058
6	160	0.935659
6	162	1.04707
6	163	1.03195
6	168	0.964214
6	175	0.963713
6	177	0.945277
7	53	0.883912
7	133	0.936737
7	134	1.02549
7	138	1.01875
7	142	0.96763
7	152	1.07656
7	158	0.929656
7	165	1.0303
7	172	1.0323
7	175	1.02187
7	177	1.0343
7	178	1.03698
8	54	0.97906
8	66	1.25651
8	82	0.853228
8	83	1.24684
8	107	1.18565
8	134	1.1179
8	142	0.898538
8	153	0.865086
8	161	0.920984
8	167	0.900997
8	173	0.89924
8	179	0.882866
9	4	1.08513
9	15	1.00973
9	33	1.09376
9	42	1.04756
9	59	0.981626
9	72	0.953353
9	86	1.02884
9	147	0.986673
9	171	0.95622
9	175	0.952838
9	178	0.930204
9	179	0.979797
10	57	1.05455
10	60	0.857856
10	65	0.954702
10	69	0.963338
10	83	0.972224
10	109	0.986982
10	112	0.93313
10	165	1.04493
10	172	1.04692
10	176	1.08068
10	177	1.04893
10	178	1.05161
11	15	1.02155
11	23	1.01421
11	33	1.10558
11	42	1.05938
11	59	0.993447
11	62	0.893859
11	72	0.965173
11	86	1.04066
11	143	0.978979
11	171	0.986098
11	177	0.964281
11	180	0.978181
12	126	0.977506
12	133	0.942327
12	142	0.97322
12	150	0.990029
12	160	1.04389
12	162	0.940377
12	163	0.949277
12	169	1.04131
12	171	1.03536
12	175	1.0248
12	177	1.03723
12	178	1.03991
13	4	1.07761
13	15	1.00221
13	23	0.994872
13	49	1.02515
13	72	0.945834
13	73	1.06774
13	86	1.02132
13	90	1.13301
13	147	0.959102
13	149	0.937476
13	161	0.919399
13	180	0.920731
14	4	1.01013
14	24	0.929014
14	28	0.930519
14	43	1.04548
14	53	1.03505
14	64	0.990196
14	100	0.971263
14	109	0.942403
14	141	1.00158
14	156	1.07633
14	164	0.999977
14	165	1.03213
14	178	1.03924
15	9	1.00973
15	11	1.02155
15	13	1.00221
15	33	1.02604
15	42	0.97983
15	59	0.913901
15	72	0.885627
15	86	0.961113
15	101	1.00757
15	134	1.02419
15	147	1.07487
15	170	1.07773
15	177	1.0226
16	4	1.01386
16	30	0.94793
16	113	1.14112
16	122	0.946893
16	159	0.983059
16	164	1.02295
16	167	1.06868
16	168	0.96349
16	171	0.975413
16	175	0.964856
16	176	1.00904
16	177	0.977286
16	178	0.979963
17	25	1.03791
17	42	1.05456
17	65	0.904434
17	86	1.03008
17	115	0.934255
17	146	0.97399
17	157	1.05573
17	159	1.00444
17	161	1.01774
17	172	0.996653
17	175	0.986232
17	177	0.998662
17	178	1.00134
18	59	1.05917
18	108	1.04024
18	127	0.994005
18	156	0.95648
18	159	0.98789
18	161	1.02279
18	163	1.03663
18	165	0.978116
18	166	1.03778
18	175	0.969686
18	178	0.984793
18	179	0.95303
18	180	0.976
19	46	0.966667
19	89	0.9561
19	98	1.02864
19	124	0.95511
19	135	0.998662
19	146	1.04658
19	161	0.992319
19	164	1.00461
19	167	0.972332
19	171	1.04992
19	174	1.03513
19	175	1.04654
19	179	0.954201
20	2	0.880436
20	130	1.08575
20	138	0.894631
20	140	1.11151
20	143	1.12251
20	151	1.13766
20	154	0.889832
20	155	1.10157
20	162	1.12806
20	163	1.11295
20	171	0.875508
20	176	0.797619
20	180	0.86759
21	44	1.05991
21	67	0.908969
21	120	1.02497
21	124	0.97054
21	131	1.05255
21	149	1.04616
21	152	0.911151
21	158	1.0279
21	162	0.995021
21	163	0.979908
21	164	1.02004
21	174	0.989405
21	177	1.01552
22	37	1.12364
22	46	0.98184
22	50	0.970051
22	67	0.908713
22	73	1.12755
22	75	1.02532
22	87	0.980102
22	89	0.971273
22	112	0.950099
22	120	1.02471
22	124	0.970284
22	154	0.993022
22	174	0.97367
23	4	1.01007
23	11	1.01421
23	13	0.994872
23	33	1.0187
23	42	0.972491
23	49	0.957599
23	72	0.878288
23	86	0.953773
23	104	1.04839
23	146	1.03671
23	169	1.02574
23	179	1.06363
23	180	1.03213
24	5	0.994465
24	14	0.929014
24	36	0.887763
24	53	1.03896
24	64	0.994107
24	77	1.04313
24	109	0.946314
24	133	1.01974
24	138	1.04121
24	141	1.00549
24	153	1.08191
24	164	1.00389
24	180	1.01417
25	17	1.03791
25	28	1.04982
25	32	1.01985
25	40	0.912922
25	69	0.982022
25	78	0.977749
25	91	1.03604
25	114	0.915978
25	116	1.09053
25	131	0.936565
25	174	0.991419
25	176	1.01888
25	179	1.02979
26	5	0.999201
26	28	0.939167
26	34	1.01932
26	36	0.8925
26	55	1.08377
26	75	1.06568
26	100	0.97991
26	108	1.03703
26	109	0.951051
26	141	1.01023
26	151	1.01022
26	164	1.00862
26	178	1.00281
27	50	0.964538
27	67	0.903199
27	84	1.02204
27	87	0.974588
27	96	0.9374
27	120	1.0192
27	124	0.96477
27	159	1.00701
27	164	1.01427
27	169	1.0396
27	171	1.05391
27	178	1.02789
27	179	1.07748
28	14	0.930519
28	25	1.04982
28	26	0.939167
28	30	0.997821
28	64	0.995611
28	100	0.976678
28	109	0.947819
28	138	1.05803
28	141	1.00699
28	149	1.04774
28	164	1.00539
28	168	1.03603
28	178	1.01289
29	73	1.16395
29	102	1.02994
29	139	0.994401
29	140	0.979288
29	143	0.990295
29	148	0.953404
29	151	1.00544
29	152	0.911973
29	155	0.969354
29	162	0.995844
29	176	0.946974
29	179	1.04844
29	180	1.01695
30	16	0.94793
30	28	0.997821
30	34	1.07798
30	36	0.951154
30	64	1.0575
30	72	1.02589
30	79	0.992431
30	100	1.03857
30	109	1.00971
30	115	0.987655
30	164	1.06728
30	177	0.85243
31	69	0.884714
31	79	0.991008
31	81	0.853043
31	88	0.907599
31	117	1.04993
31	124	0.959497
31	130	0.958274
31	152	1.03034
31	168	1.05611
31	170	1.03694
31	171	1.06804
31	172	1.0679
31	175	1.05748
31	178	1.07259
32	25	1.01985
32	61	0.996862
32	62	1.11255
32	71	0.955447
32	90	0.773702
32	91	1.11386
32	95	1.11094
32	114	0.993799
32	126	1.00963
32	150	0.980606
32	154	0.949581
32	168	0.932376
32	176	1.0967
32	179	0.958834
33	9	1.09376
33	11	1.10558
33	15	1.02604
33	23	1.0187
33	42	1.06386
33	49	1.04897
33	59	0.997934
33	86	1.04515
33	100	0.943193
33	108	0.934091
33	147	0.95634
33	154	0.940211
33	174	0.911093
33	180	0.917969
34	26	1.01932
34	30	1.07798
34	36	0.969424
34	64	1.07577
34	83	1.012
34	100	1.05683
34	109	1.02798
34	124	0.969919
34	128	0.896217
34	130	0.968696
34	141	1.08715
34	164	1.08555
34	176	0.825403
34	179	0.926869
35	84	0.886222
35	96	0.958894
35	111	0.886677
35	114	0.987376
35	124	0.973165
35	139	0.899153
35	158	1.05921
35	166	1.05541
35	167	1.04801
35	170	1.02599
35	172	1.05696
35	173	1.04625
35	175	1.04653
35	178	1.06164
36	24	0.887763
36	26	0.8925
36	30	0.951154
36	34	0.969424
36	60	1.03315
36	64	0.948945
36	100	0.930012
36	109	0.901152
36	141	0.960326
36	164	0.958725
36	167	1.14648
36	168	1.1439
36	171	1.14679
36	174	1.13199
37	22	1.12364
37	77	0.9128
37	97	0.949741
37	135	0.955262
37	144	0.936379
37	155	1.11654
37	157	0.904464
37	160	1.09904
37	161	0.948919
37	163	1.13507
37	166	0.936328
37	167	0.928932
37	173	0.927175
37	175	1.12709
38	39	0.852144
38	52	1.03853
38	57	0.987337
38	69	1.06874
38	70	1.0664
38	71	0.964345
38	78	1.06447
38	95	1.11984
38	131	1.02328
38	158	0.920515
38	174	0.915156
38	176	1.10559
38	179	0.953527
38	180	0.922032
39	38	0.852144
39	97	0.926539
39	99	1.06182
39	100	0.934798
39	127	1.06638
39	147	1.01823
39	151	0.898892
39	165	1.05049
39	166	0.923231
39	169	1.05857
39	171	1.05262
39	175	1.04206
39	177	1.05449
39	178	1.05717
40	1	0.954842
40	25	0.912922
40	57	0.871507
40	78	0.948637
40	91	1.00693
40	92	1.06667
40	114	0.886867
40	131	0.907453
40	146	1.14123
40	149	0.921084
40	169	1.13026
40	174	1.12977
40	176	0.989764
40	180	1.13665
41	61	1.442
41	90	1.30627
41	118	0.877642
41	133	0.845468
41	135	0.855088
41	142	0.826299
41	150	0.814892
41	158	0.839953
41	159	1.42093
41	161	0.848745
41	165	1.4347
41	166	0.836153
41	167	0.828758
41	173	0.827001
42	6	0.994665
42	9	1.04756
42	11	1.05938
42	15	0.97983
42	17	1.05456
42	23	0.972491
42	33	1.06386
42	49	1.00276
42	59	0.951727
42	60	0.909231
42	72	0.923453
42	86	0.998939
42	122	1.05349
42	176	0.94498
42	179	1.04645
43	14	1.04548
43	69	0.967366
43	71	1.10969
43	105	0.975009
43	118	1.04691
43	144	1.00547
43	150	0.984156
43	153	0.962111
43	158	1.00922
43	161	1.01801
43	168	0.972641
43	170	1.00883
43	173	0.996264
43	176	0.897634
43	180	1.00286
44	21	1.05991
44	54	0.936063
44	68	1.00114
44	79	0.935532
44	118	0.956287
44	125	0.973094
44	134	1.00562
44	146	0.989763
44	148	1.0659
44	170	0.981464
44	171	1.01256
44	172	1.01243
44	175	1.00201
44	176	1.04619
44	177	1.01444
45	111	0.989839
45	120	0.942359
45	124	1.07633
45	145	0.962354
45	146	0.97633
45	159	1.00678
45	165	0.997002
45	166	1.01544
45	172	0.998994
45	173	1.00608
45	175	0.988573
45	176	1.03276
45	177	1.001
45	178	1.00368
45	180	0.994886
46	19	0.966667
46	22	0.98184
46	54	1.08269
46	77	1.04233
46	85	0.948266
46	88	0.985891
46	89	0.9884
46	96	0.96004
46	101	0.984435
46	124	0.98741
46	154	1.01015
46	161	1.01203
46	164	1.03691
46	173	1.01766
46	178	0.995269
47	48	0.997245
47	103	1.00077
47	107	1.06377
47	127	0.961986
47	129	1.00661
47	145	1.04847
47	148	0.977174
47	152	0.935743
47	155	0.993124
47	162	1.01961
47	163	1.0045
47	165	0.983121
47	174	1.014
47	177	0.994428
47	180	1.00833
48	47	0.997245
48	77	0.99734
48	96	1.02865
48	130	1.0417
48	134	1.00322
48	151	0.957697
48	156	0.986397
48	169	1.01611
48	170	0.979062
48	173	0.972674
48	175	0.999603
48	177	1.01203
48	178	1.01471
48	179	0.982947
48	180	1.00592
49	4	1.04034
49	5	0.998196
49	13	1.02515
49	23	0.957599
49	33	1.04897
49	42	1.00276
49	59	0.936835
49	72	0.908562
49	86	0.984047
49	90	1.09573
49	119	0.963726
49	135	1.01465
49	172	0.987146
49	175	1.02098
49	180	1.01645
50	22	0.970051
50	27	0.964538
50	84	1.03289
50	87	0.985439
50	94	0.940041
50	120	1.03005
50	121	1.02248
50	124	0.975621
50	125	1.01793
50	132	1.05727
50	137	1.04733
50	154	0.99836
50	164	1.02512
50	176	0.9331
50	180	1.00307
51	1	1.226
51	53	0.75856
51	57	1.14267
51	70	1.22173
51	78	1.2198
51	92	0.735842
51	107	0.861263
51	114	1.15803
51	131	1.17861
51	149	1.19224
51	156	0.824819
51	159	0.766841
51	166	0.819478
51	169	0.799433
51	176	1.26092
51	179	0.837316
52	38	1.03853
52	59	1.13102
52	94	1.02211
52	103	0.954798
52	116	0.911293
52	127	1.04962
52	139	0.972201
52	148	0.931204
52	153	0.930474
52	158	0.97758
52	163	0.958531
52	166	0.97378
52	174	0.968028
52	176	1.02599
52	177	1.08206
52	178	1.07786
53	7	0.883912
53	14	1.03505
53	24	1.03896
53	51	0.75856
53	80	1.01803
53	93	1.02649
53	100	1.08121
53	109	1.05235
53	132	0.986401
53	155	0.926186
53	161	1.09764
53	164	1.10992
53	165	0.906995
53	169	0.925815
53	173	1.07589
53	180	1.08249
54	8	0.97906
54	44	0.936063
54	46	1.08269
54	83	1.0222
54	85	1.10663
54	88	1.06962
54	89	1.07213
54	90	0.751936
54	96	1.04377
54	115	1.0269
54	124	1.07114
54	127	0.85923
54	167	1.08836
54	171	0.913491
54	173	1.0866
54	174	0.898697
55	26	1.08377
55	71	1.1844
55	107	0.938537
55	119	0.9896
55	137	0.92934
55	139	1.04285
55	141	1.01602
55	142	1.07878
55	146	0.948949
55	149	0.936696
55	159	0.979394
55	160	0.980283
55	169	0.977699
55	172	0.971612
55	175	0.961191
55	178	0.976298
56	74	0.954346
56	127	1.03281
56	128	1.08
56	139	0.981083
56	140	0.96597
56	143	0.976977
56	148	0.940086
56	152	0.898655
56	155	0.956036
56	156	1.09815
56	160	1.05564
56	162	0.982525
56	163	0.967412
56	169	1.07277
56	174	0.976909
56	177	1.06526
57	10	1.05455
57	38	0.987337
57	40	0.871507
57	51	1.14267
57	61	0.877626
57	69	0.940607
57	70	0.938263
57	95	0.991706
57	105	1.08368
57	117	1.07751
57	119	0.977678
57	131	0.89515
57	159	1.03146
57	166	1.0841
57	176	0.977461
57	180	1.07044
58	91	1.01568
58	139	0.965858
58	141	0.993918
58	143	0.961752
58	145	0.99616
58	151	0.976897
58	152	0.88343
58	155	0.940811
58	160	1.06317
58	162	0.967301
58	163	0.952187
58	170	1.12791
58	172	1.05738
58	174	0.961685
58	177	1.07278
58	178	1.06859
59	4	0.989303
59	9	0.981626
59	11	0.993447
59	15	0.913901
59	18	1.05917
59	33	0.997934
59	42	0.951727
59	49	0.936835
59	52	1.13102
59	67	1.16006
59	72	0.857524
59	76	1.06663
59	86	0.933009
59	90	1.04469
59	109	1.03792
59	176	0.944546
60	10	0.857856
60	36	1.03315
60	42	0.909231
60	76	0.925852
60	116	1.0201
60	121	1.08971
60	124	0.948288
60	144	1.08263
60	153	1.03928
60	166	1.08258
60	167	1.07519
60	169	0.867356
60	173	1.07343
60	177	0.859843
60	179	1.05706
60	180	1.08003
61	1	0.960962
61	2	0.974402
61	32	0.996862
61	41	1.442
61	57	0.877626
61	62	1.01173
61	91	1.01304
61	95	1.01013
61	98	0.948188
61	99	1.1138
61	114	0.892986
61	131	0.913573
61	143	0.962354
61	149	0.927204
61	176	0.995883
61	180	0.961556
62	11	0.893859
62	32	1.11255
62	61	1.01173
62	87	1.06145
62	88	1.05012
62	120	1.10607
62	126	0.977434
62	131	1.02926
62	137	0.939397
62	149	1.04289
62	151	0.884458
62	154	1.07437
62	174	0.888265
62	176	1.11157
62	179	0.926636
62	180	0.895141
63	1	0.915772
63	73	0.933728
63	85	0.910785
63	107	1.00251
63	114	1.06464
63	123	1.01413
63	125	0.939027
63	136	1.03583
63	155	0.969871
63	156	1.01195
63	169	1.04167
63	171	1.03572
63	172	1.03558
63	173	0.98018
63	175	1.02516
63	177	1.03759
63	178	1.04027
64	14	0.990196
64	24	0.994107
64	28	0.995611
64	30	1.0575
64	34	1.07577
64	36	0.948945
64	98	1.02896
64	100	1.03636
64	109	1.0075
64	117	0.980444
64	143	0.97417
64	164	1.06507
64	170	1.0146
64	176	0.903401
64	178	0.955274
64	179	1.00487
64	180	0.973372
65	10	0.954702
65	17	0.904434
65	82	1.18422
65	89	1.09688
65	114	1.17339
65	131	1.10777
65	149	0.901055
65	153	1.15237
65	154	0.932541
65	155	1.07862
65	160	0.944642
65	165	0.933979
65	170	0.905009
65	171	0.936107
65	177	0.93798
65	178	0.940657
65	179	0.908894
66	8	1.25651
66	109	1.12917
66	118	1.05209
66	123	1.14401
66	137	0.894108
66	138	0.922837
66	139	1.10629
66	143	1.10656
66	168	0.924592
66	169	0.942467
66	170	0.905417
66	171	0.936515
66	172	0.93638
66	175	0.925958
66	177	0.938388
66	178	0.941065
66	180	0.932272
67	21	0.908969
67	22	0.908713
67	27	0.903199
67	59	1.16006
67	74	1.16044
67	84	0.971547
67	87	0.924101
67	88	0.912763
67	96	0.886912
67	120	0.968713
67	124	0.914283
67	146	1.12959
67	154	0.937021
67	160	1.10149
67	164	0.96378
67	172	1.09571
67	179	1.1565
68	44	1.00114
68	69	1.04739
68	71	0.942992
68	89	0.982895
68	98	0.957281
68	99	0.964117
68	117	0.977722
68	131	1.00193
68	142	1.03907
68	149	1.01556
68	160	0.947131
68	167	1.04153
68	168	0.975685
68	169	0.964261
68	173	1.03977
68	176	1.08424
68	179	1.0234
69	10	0.963338
69	25	0.982022
69	31	0.884714
69	38	1.06874
69	43	0.967366
69	57	0.940607
69	68	1.04739
69	71	0.917615
69	91	1.07603
69	95	1.07311
69	119	1.05908
69	131	0.976553
69	150	1.03249
69	156	0.998223
69	166	0.992882
69	176	1.05886
69	178	0.961127
70	38	1.0664
70	51	1.22173
70	57	0.938263
70	71	0.915271
70	75	1.0228
70	78	1.01539
70	95	1.07076
70	114	0.953622
70	118	0.924358
70	131	0.974209
70	149	0.98784
70	159	0.939045
70	171	0.985942
70	174	0.971149
70	175	0.98256
70	176	1.05652
70	180	0.978025
71	32	0.955447
71	38	0.964345
71	43	1.10969
71	55	1.1844
71	68	0.942992
71	69	0.917615
71	70	0.915271
71	91	0.97163
71	95	0.968714
71	104	1.1378
71	114	0.851572
71	131	0.872158
71	139	1.12208
71	149	0.885789
71	165	1.09634
71	176	0.954469
71	179	1.15304
72	4	0.961029
72	9	0.953353
72	11	0.965173
72	13	0.945834
72	15	0.885627
72	23	0.878288
72	30	1.02589
72	42	0.923453
72	49	0.908562
72	59	0.857524
72	86	0.904736
72	90	1.01642
72	103	1.15793
72	126	1.22132
72	128	1.13987
72	172	1.10972
72	173	1.14332
73	13	1.06774
73	22	1.12755
73	29	1.16395
73	63	0.933728
73	110	1.09291
73	136	0.926584
73	138	0.912795
73	142	1.16292
73	148	1.18242
73	159	0.934119
73	169	0.932424
73	170	0.895374
73	171	0.926472
73	174	0.919034
73	176	0.960101
73	177	0.928346
73	178	0.931023
74	56	0.954346
74	67	1.16044
74	90	0.861259
74	130	0.954321
74	139	0.995194
74	140	0.980081
74	141	1.02325
74	145	1.0255
74	147	1.05327
74	149	1.03164
74	151	1.00623
74	152	0.912766
74	155	0.970147
74	157	1.05155
74	162	0.996637
74	163	0.981523
74	177	1.001
74	179	1.04639
75	22	1.02532
75	26	1.06568
75	70	1.0228
75	76	1.07635
75	121	0.992672
75	128	0.977125
75	129	0.972398
75	139	0.983961
75	145	1.01426
75	149	1.04098
75	158	0.98934
75	159	0.985257
75	162	0.985404
75	163	0.970291
75	164	0.986121
75	167	0.978145
75	173	0.976388
75	179	0.960014
76	59	1.06663
76	60	0.925852
76	75	1.07635
76	92	0.961593
76	117	0.97508
76	133	1.03714
76	149	0.958141
76	153	1.09931
76	156	0.969428
76	160	1.00173
76	161	1.03024
76	165	0.991065
76	168	0.981269
76	170	0.962094
76	174	0.985753
76	175	0.982635
76	177	0.995065
76	178	0.997742
77	24	1.04313
77	37	0.9128
77	46	1.04233
77	48	0.99734
77	119	0.955701
77	144	1.00161
77	150	0.980301
77	152	1.15381
77	153	0.958255
77	157	0.969698
77	161	1.01415
77	166	1.00156
77	167	0.994167
77	168	1.01346
77	173	0.992409
77	177	0.994523
77	179	0.976035
77	180	0.999005
78	25	0.977749
78	38	1.06447
78	40	0.948637
78	51	1.2198
78	70	1.01539
78	91	1.07175
78	95	1.06884
78	102	0.950315
78	114	0.951693
78	119	1.05481
78	131	0.97228
78	138	0.964362
78	143	0.938118
78	147	0.975691
78	154	0.959562
78	163	0.949834
78	174	0.930444
78	176	1.05459
78	180	0.93732
79	1	1.04545
79	30	0.992431
79	31	0.991008
79	44	0.935532
79	93	1.14711
79	108	1.12169
79	125	1.06871
79	128	1.10641
79	133	1.11113
79	146	0.928632
79	154	0.947865
79	168	0.939508
79	169	0.957383
79	171	0.951431
79	172	0.951296
79	175	0.940874
79	177	0.953304
79	178	0.955981
79	180	0.947188
80	53	1.01803
80	82	1.16488
80	93	1.10684
80	94	1.00226
80	101	0.953074
80	116	1.15753
80	154	0.950704
80	158	1.06377
80	160	0.962805
80	165	0.952143
80	166	1.07895
80	168	0.942347
80	169	0.960222
80	170	0.923172
80	174	0.946831
80	175	0.943713
80	177	0.956143
80	178	0.95882
80	180	0.950027
81	31	0.853043
81	111	1.07175
81	112	1.06974
81	129	1.04298
81	130	1.01367
81	140	1.03943
81	142	0.984011
81	143	1.05043
81	147	0.985925
81	148	1.01354
81	149	0.964299
81	152	0.972113
81	155	1.02949
81	157	0.984206
81	162	1.05598
81	163	1.04087
81	171	0.955472
81	178	0.929457
81	180	0.947555
82	8	0.853228
82	65	1.18422
82	80	1.16488
82	90	0.925411
82	105	0.939516
82	128	0.961508
82	133	0.979238
82	142	0.96007
82	144	0.969975
82	149	1.09579
82	153	0.926618
82	156	1.09805
82	157	0.938061
82	158	0.973724
82	165	1.05384
82	166	0.969924
82	168	1.08408
82	173	0.960771
82	180	0.967367
83	8	1.24684
83	10	0.972224
83	34	1.012
83	54	1.0222
83	85	1.03099
83	135	1.09429
83	155	1.09007
83	160	0.962164
83	165	0.951502
83	168	0.941706
83	169	0.959581
83	170	0.922531
83	171	0.953629
83	172	0.953494
83	173	1.10038
83	175	0.943072
83	177	0.955502
83	178	0.958179
83	179	0.926416
84	27	1.02204
84	35	0.886222
84	50	1.03289
84	67	0.971547
84	87	1.04294
84	88	1.0316
84	89	1.03411
84	96	1.00575
84	120	1.08755
84	124	1.03312
84	154	1.05586
84	164	1.08262
84	165	0.941858
84	170	1.00829
84	174	0.960189
84	176	0.897094
84	178	0.948967
84	179	0.99856
84	180	0.967065
85	46	0.948266
85	54	1.10663
85	63	0.910785
85	83	1.03099
85	115	1.03569
85	121	1.04309
85	123	1.00393
85	128	1.02755
85	135	1.0549
85	136	0.918317
85	139	0.914894
85	140	0.95241
85	142	1.02611
85	144	1.03601
85	160	0.890843
85	166	1.03596
85	167	1.02857
85	173	1.02681
85	179	1.01044
86	4	1.03651
86	9	1.02884
86	11	1.04066
86	13	1.02132
86	15	0.961113
86	17	1.03008
86	23	0.953773
86	33	1.04515
86	42	0.998939
86	49	0.984047
86	59	0.933009
86	72	0.904736
86	90	1.09191
86	126	1.07276
86	136	0.994422
86	159	0.951487
86	167	0.998084
86	172	0.961164
86	177	0.976566
86	179	1.02196
87	22	0.980102
87	27	0.974588
87	50	0.985439
87	62	1.06145
87	67	0.924101
87	84	1.04294
87	88	0.984152
87	96	0.958301
87	120	1.0401
87	124	0.985672
87	125	1.02798
87	126	1.08348
87	164	1.03517
87	167	1.00881
87	169	0.994802
87	172	0.971887
87	176	0.931218
87	178	0.983091
87	179	1.03268
87	180	1.00119
88	31	0.907599
88	46	0.985891
88	54	1.06962
88	62	1.05012
88	67	0.912763
88	84	1.0316
88	87	0.984152
88	89	0.975323
88	96	0.946963
88	120	1.02876
88	124	0.974334
88	125	1.01665
88	129	1.01949
88	132	1.05631
88	136	1.00607
88	160	0.978592
88	161	1.00078
88	164	1.02383
88	179	1.0336
88	180	1.00211
89	19	0.9561
89	22	0.971273
89	46	0.9884
89	54	1.07213
89	65	1.09688
89	68	0.982895
89	84	1.03411
89	88	0.975323
89	96	0.949473
89	104	1.00797
89	119	0.938987
89	120	1.03127
89	124	0.976843
89	125	1.01916
89	141	0.965409
89	147	1.03008
89	154	0.999582
89	164	1.02634
89	174	0.984834
89	175	0.996245
90	13	1.13301
90	32	0.773702
90	41	1.30627
90	49	1.09573
90	54	0.751936
90	59	1.04469
90	72	1.01642
90	74	0.861259
90	82	0.925411
90	86	1.09191
90	100	0.851049
90	123	0.864074
90	138	1.10235
90	140	0.863875
90	141	0.799525
90	146	1.09323
90	159	1.12367
90	170	1.08493
90	174	1.10859
90	175	1.10547
91	25	1.03604
91	32	1.11386
91	40	1.00693
91	58	1.01568
91	61	1.01304
91	69	1.07603
91	71	0.97163
91	78	1.07175
91	94	0.845433
91	107	0.963905
91	114	1.00998
91	119	1.1131
91	126	0.990755
91	131	1.03057
91	135	0.906663
91	137	0.952718
91	149	1.0442
91	162	0.912077
91	173	0.912757
91	174	0.901587
91	176	1.11288
92	40	1.06667
92	51	0.735842
92	76	0.961593
92	99	0.986702
92	106	0.973699
92	108	1.03713
92	116	1.00902
92	123	1.03948
92	126	0.991776
92	142	1.06166
92	157	1.03965
92	158	1.07531
92	161	1.0841
92	166	1.07151
92	167	1.06412
92	168	0.91452
92	170	0.950713
92	171	0.917401
92	173	1.06236
92	178	0.891386
92	180	1.06896
93	53	1.02649
93	79	1.14711
93	80	1.10684
93	96	1.08129
93	122	1.05955
93	128	0.958117
93	135	0.985467
93	140	0.949841
93	143	0.960848
93	145	0.995256
93	151	0.975992
93	157	0.934669
93	159	0.982032
93	161	0.979124
93	162	0.966396
93	163	0.951283
93	165	0.995804
93	167	0.959137
93	173	0.95738
93	175	1.02555
93	177	1.00711
94	50	0.940041
94	52	1.02211
94	80	1.00226
94	91	0.845433
94	108	1.03904
94	112	0.885987
94	113	1.01084
94	128	1.065
94	132	0.970632
94	133	1.08273
94	138	0.943475
94	148	0.972382
94	150	1.05216
94	153	1.03011
94	157	1.04156
94	166	1.07342
94	168	0.92147
94	173	1.06427
94	175	0.920969
94	179	1.04789
94	180	1.07086
95	32	1.11094
95	38	1.11984
95	57	0.991706
95	61	1.01013
95	69	1.07311
95	70	1.07076
95	71	0.968714
95	78	1.06884
95	114	1.00707
95	131	1.02765
95	140	0.953277
95	148	0.971177
95	149	1.04128
95	153	0.982963
95	154	0.93747
95	160	0.89171
95	165	0.890021
95	170	0.956457
95	175	0.919764
95	176	1.10996
95	177	0.901328
96	27	0.9374
96	35	0.958894
96	46	0.96004
96	48	1.02865
96	54	1.04377
96	67	0.886912
96	84	1.00575
96	87	0.958301
96	88	0.946963
96	89	0.949473
96	93	1.08129
96	120	1.00291
96	123	1.07798
96	124	0.948483
96	125	0.990796
96	126	1.12203
96	154	0.971222
96	164	0.997981
96	165	1.01453
96	170	1.08097
96	180	1.03974
97	37	0.949741
97	39	0.926539
97	99	0.953693
97	101	0.967495
97	102	1.00942
97	105	1.00809
97	112	0.965981
97	127	0.950085
97	133	1.04782
97	141	0.970127
97	142	1.02865
97	153	0.995196
97	157	1.00664
97	158	1.0423
97	161	1.05109
97	163	1.00894
97	166	1.0385
97	168	1.00146
97	171	1.00435
97	173	1.02935
97	179	1.01298
97	180	1.03595
98	5	1.02931
98	19	1.02864
98	61	0.948188
98	64	1.02896
98	68	0.957281
98	100	1.01002
98	109	0.981163
98	111	0.954152
98	120	0.906672
98	121	0.985507
98	130	1.03942
98	141	1.04034
98	157	1.00275
98	162	0.969709
98	164	1.03874
98	168	1.00362
98	169	1.02149
98	171	1.01554
98	175	1.00499
98	177	1.01741
98	178	1.02009
98	179	0.988329
99	39	1.06182
99	61	1.1138
99	68	0.964117
99	92	0.986702
99	97	0.953693
99	110	0.96374
99	120	1.07228
99	125	1.09485
99	128	0.931864
99	131	1.15484
99	133	0.949594
99	142	0.930425
99	150	0.919019
99	158	0.944079
99	166	0.94028
99	167	0.932884
99	168	1.13674
99	172	1.10241
99	173	0.931127
99	176	1.06174
99	179	0.914753
99	180	0.937723
100	5	1.03671
100	14	0.971263
100	26	0.97991
100	28	0.976678
100	30	1.03857
100	33	0.943193
100	34	1.05683
100	36	0.930012
100	39	0.934798
100	53	1.08121
100	64	1.03636
100	90	0.851049
100	98	1.01002
100	103	1.02359
100	109	0.988563
100	127	0.958344
100	130	1.07801
100	141	1.04774
100	151	0.994004
100	164	1.04614
100	171	1.0126
100	180	1.00469
101	15	1.00757
101	46	0.984435
101	80	0.953074
101	97	0.967495
101	102	0.986548
101	107	0.994055
101	116	1.04277
101	118	0.896864
101	122	0.998746
101	124	1.02508
101	127	1.04103
101	143	0.951329
101	159	1.03491
101	162	0.954145
101	163	0.963045
101	168	1.01534
101	171	1.02727
101	172	1.02713
101	176	1.06089
101	177	1.02914
101	178	1.03182
101	179	1.00005
102	29	1.02994
102	78	0.950315
102	97	1.00942
102	101	0.986548
102	117	0.969631
102	127	1.00151
102	129	1.00984
102	146	0.964944
102	150	1.04572
102	152	1.13785
102	157	1.02911
102	158	0.990941
102	159	0.99539
102	161	0.991125
102	168	0.97582
102	169	0.993695
102	170	0.956645
102	171	0.987743
102	172	0.987608
102	175	0.977187
102	176	1.02137
102	177	0.989617
102	178	0.992294
103	47	1.00077
103	52	0.954798
103	72	1.15793
103	100	1.02359
103	104	1.01462
103	106	0.978243
103	112	1.01973
103	117	1.00544
103	130	0.963655
103	136	1.00232
103	139	1.00453
103	143	1.00042
103	148	0.963531
103	151	1.01557
103	152	0.9221
103	155	0.979481
103	162	1.00597
103	163	0.990857
103	167	1.00598
103	172	0.969064
103	174	1.00035
103	179	1.02986
103	180	0.998366
104	2	1.00857
104	23	1.04839
104	71	1.1378
104	89	1.00797
104	103	1.01462
104	110	0.962166
104	111	0.983777
104	115	0.938986
104	122	0.972999
104	132	0.962532
104	134	0.994577
104	136	1.00163
104	137	0.959112
104	138	0.987842
104	156	0.977756
104	157	1.03237
104	165	0.999392
104	169	1.00747
104	173	1.00001
104	175	0.990963
104	177	1.00339
104	178	1.00607
104	180	0.997276
105	43	0.975009
105	57	1.08368
105	82	0.939516
105	97	1.00809
105	115	1.11403
105	116	0.932193
105	118	1.03617
105	132	1.0469
105	134	0.980394
105	135	1.01362
105	144	0.994732
105	148	1.04865
105	150	0.97342
105	155	0.986686
105	158	0.99848
105	166	0.994681
105	167	0.987285
105	169	0.986314
105	172	0.963399
105	173	0.985528
105	175	0.997237
105	179	0.969154
105	180	0.992124
106	92	0.973699
106	103	0.978243
106	111	1.01286
106	119	1.03276
106	127	0.997336
106	129	0.984083
106	130	0.954774
106	136	1.04763
106	139	0.995646
106	145	1.02595
106	148	0.954649
106	151	1.00668
106	152	0.913219
106	154	1.06592
106	155	0.9706
106	162	0.997089
106	163	0.981976
106	165	1.01847
106	172	1.01438
106	174	0.991473
106	176	0.973708
106	179	1.07517
106	180	1.04368
107	8	1.18565
107	47	1.06377
107	51	0.861263
107	55	0.938537
107	63	1.00251
107	91	0.963905
107	101	0.994055
107	112	1.00446
107	118	0.981239
107	131	1.05804
107	135	1.03311
107	137	0.952843
107	159	1.0029
107	160	1.00379
107	167	1.04252
107	169	1.0012
107	170	0.964152
107	171	0.99525
107	172	0.995115
107	175	0.984694
107	177	0.997124
107	178	0.999801
107	179	0.968038
108	3	0.873696
108	18	1.04024
108	26	1.03703
108	33	0.934091
108	79	1.12169
108	92	1.03713
108	94	1.03904
108	110	1.01417
108	121	0.997838
108	122	1.03412
108	132	1.04978
108	142	0.980853
108	144	0.990758
108	146	1.00017
108	150	0.969446
108	157	0.958844
108	158	0.994507
108	166	0.990707
108	167	0.983312
108	168	1.00062
108	173	0.981554
108	174	0.988709
108	180	0.98815
109	5	1.00785
109	10	0.986982
109	14	0.942403
109	24	0.946314
109	26	0.951051
109	28	0.947819
109	30	1.00971
109	34	1.02798
109	36	0.901152
109	53	1.05235
109	59	1.03792
109	64	1.0075
109	66	1.12917
109	98	0.981163
109	100	0.988563
109	134	0.990561
109	141	1.01888
109	146	1.00745
109	158	1.00135
109	164	1.01728
109	170	1.0441
109	172	0.973567
109	179	1.03436
110	73	1.09291
110	99	0.96374
110	104	0.962166
110	108	1.01417
110	121	1.05568
110	123	1.01652
110	130	1.01923
110	134	0.933601
110	144	1.0486
110	147	1.01585
110	150	1.02729
110	153	1.00524
110	157	1.01669
110	161	1.06114
110	162	0.949522
110	164	0.907793
110	166	1.04855
110	167	1.04115
110	169	0.939521
110	171	0.953826
110	172	0.916606
110	173	1.0394
110	178	0.92781
110	180	1.04599
111	35	0.886677
111	45	0.989839
111	81	1.07175
111	98	0.954152
111	104	0.983777
111	106	1.01286
111	129	1.02758
111	136	0.971475
111	139	1.03914
111	140	1.02403
111	143	1.03504
111	145	1.06944
111	148	0.998145
111	150	1.02079
111	151	1.05018
111	152	0.956714
111	155	1.0141
111	162	1.04058
111	163	1.02547
111	169	0.961132
111	174	1.03497
111	175	0.972055
111	176	0.897548
111	180	0.96752
112	10	0.93313
112	22	0.950099
112	81	1.06974
112	94	0.885987
112	97	0.965981
112	103	1.01973
112	107	1.00446
112	115	1.07034
112	117	0.956089
112	125	1.0564
112	129	1.02557
112	136	0.952973
112	140	1.02202
112	143	1.03302
112	145	1.06743
112	148	0.996134
112	151	1.04817
112	152	0.954703
112	155	1.01208
112	156	0.968015
112	162	1.03857
112	163	1.02346
112	172	0.919714
112	174	1.03296
113	16	1.14112
113	94	1.01084
113	118	1.004
113	121	0.969644
113	123	0.930481
113	139	1.06006
113	142	0.952659
113	144	0.962564
113	149	1.07627
113	150	0.941252
113	153	0.919206
113	156	1.07852
113	158	0.966312
113	160	1.03601
113	161	0.975104
113	166	0.962513
113	167	0.955117
113	169	1.05314
113	173	0.95336
113	174	1.05265
113	175	1.06406
113	177	1.04562
113	179	0.936986
113	180	0.959956
114	1	0.957899
114	25	0.915978
114	32	0.993799
114	35	0.987376
114	40	0.886867
114	51	1.15803
114	61	0.892986
114	63	1.06464
114	65	1.17339
114	70	0.953622
114	71	0.851572
114	78	0.951693
114	91	1.00998
114	95	1.00707
114	119	0.993038
114	131	0.91051
114	149	0.924141
114	155	1.0622
114	166	1.08188
114	174	1.06134
114	176	0.99282
114	177	1.05432
114	178	1.05012
114	180	1.06822
115	1	1.04067
115	17	0.934255
115	30	0.987655
115	54	1.0269
115	85	1.03569
115	104	0.938986
115	105	1.11403
115	112	1.07034
115	132	0.926941
115	134	0.958985
115	136	0.966039
115	150	1.15406
115	159	0.973574
115	164	1.06267
115	165	0.9638
115	168	0.954005
115	171	0.965928
115	172	0.965793
115	173	1.10508
115	174	0.958489
115	175	0.955371
115	176	0.999556
115	177	0.967801
115	178	0.970478
116	25	1.09053
116	52	0.911293
116	60	1.0201
116	80	1.15753
116	92	1.00902
116	101	1.04277
116	105	0.932193
116	121	0.969733
116	133	0.971916
116	134	1.05939
116	135	0.981537
116	138	1.09874
116	145	1.03227
116	150	0.941341
116	153	0.919295
116	161	0.975193
116	166	0.962602
116	167	0.955206
116	173	0.953449
116	174	1.06482
116	176	1.00173
116	177	1.0578
116	179	0.937075
116	180	0.960045
117	31	1.04993
117	57	1.07751
117	64	0.980444
117	68	0.977722
117	76	0.97508
117	102	0.969631
117	103	1.00544
117	112	0.956089
117	119	0.933814
117	137	0.967942
117	140	1.02458
117	153	1.05427
117	159	1.018
117	165	1.00822
117	167	0.994153
117	168	0.998426
117	170	0.979251
117	171	1.01035
117	172	1.01021
117	173	0.99083
117	174	1.00291
117	175	0.999793
117	177	1.01222
117	178	1.0149
117	179	0.983137
118	2	1.08392
118	41	0.877642
118	43	1.04691
118	44	0.956287
118	66	1.05209
118	70	0.924358
118	101	0.896864
118	105	1.03617
118	107	0.981239
118	113	1.004
118	123	1.03455
118	128	1.05816
118	136	0.929753
118	138	0.952838
118	141	0.899496
118	150	1.04532
118	157	1.03471
118	158	1.07038
118	161	1.07917
118	166	1.06658
118	170	0.967026
118	171	0.933714
118	173	1.05743
118	177	0.911897
118	179	1.04105
118	180	1.06402
119	1	1.06101
119	49	0.963726
119	55	0.9896
119	57	0.977678
119	69	1.05908
119	77	0.955701
119	78	1.05481
119	89	0.938987
119	91	1.1131
119	106	1.03276
119	114	0.993038
119	117	0.933814
119	122	0.965279
119	131	1.01362
119	134	0.914433
119	137	0.970996
119	148	1.01804
119	151	1.07008
119	152	0.976614
119	155	1.03399
119	163	1.04537
119	164	0.888626
119	174	1.05487
119	176	1.09593
119	179	0.958236
119	180	0.926741
120	21	1.02497
120	22	1.02471
120	27	1.0192
120	45	0.942359
120	50	1.03005
120	62	1.10607
120	67	0.968713
120	84	1.08755
120	87	1.0401
120	88	1.02876
120	89	1.03127
120	96	1.00291
120	98	0.906672
120	99	1.07228
120	122	0.958578
120	124	1.03028
120	125	1.0726
120	126	1.00233
120	134	0.907732
120	138	0.947082
120	154	1.05302
120	159	0.88106
120	161	0.918708
120	164	1.07978
120	179	0.951535
120	180	0.92004
121	3	0.91521
121	50	1.02248
121	60	1.08971
121	75	0.992672
121	85	1.04309
121	98	0.985507
121	108	0.997838
121	110	1.05568
121	113	0.969644
121	116	0.969733
121	139	0.999407
121	141	0.972574
121	144	1.03227
121	150	1.01096
121	156	1.01787
121	157	1.00036
121	158	1.03602
121	159	0.959895
121	165	0.973667
121	166	1.03222
121	167	1.02482
121	172	0.969573
121	173	1.02307
121	174	0.991999
121	176	0.928904
121	177	0.984975
121	179	1.00669
122	16	0.946893
122	42	1.05349
122	93	1.05955
122	101	0.998746
122	104	0.972999
122	108	1.03412
122	119	0.965279
122	120	0.958578
122	127	1.0137
122	129	1.03538
122	132	0.960954
122	135	1.0162
122	138	0.986264
122	141	0.9917
122	145	0.978572
122	150	1.07127
122	154	0.996376
122	156	0.976178
122	160	1.00848
122	163	1.03051
122	165	0.997814
122	168	0.988018
122	169	1.00589
122	170	0.968843
122	172	0.999806
122	177	1.00181
122	178	1.00449
122	179	0.972729
123	63	1.01413
123	66	1.14401
123	85	1.00393
123	90	0.864074
123	92	1.03948
123	96	1.07798
123	110	1.01652
123	113	0.930481
123	118	1.03455
123	127	0.971369
123	137	1.06197
123	142	0.983203
123	144	0.993109
123	145	0.978283
123	147	0.960356
123	150	0.971797
123	151	1.00703
123	153	0.949751
123	156	1.03671
123	157	0.961194
123	158	0.996857
123	161	1.00565
123	162	1.02133
123	166	0.993058
123	167	0.985662
123	171	1.02563
123	173	0.983905
123	180	0.990501
124	19	0.95511
124	21	0.97054
124	22	0.970284
124	27	0.96477
124	31	0.959497
124	34	0.969919
124	35	0.973165
124	45	1.07633
124	46	0.98741
124	50	0.975621
124	54	1.07114
124	60	0.948288
124	67	0.914283
124	84	1.03312
124	87	0.985672
124	88	0.974334
124	89	0.976843
124	96	0.948483
124	101	1.02508
124	120	1.03028
124	125	1.01817
124	149	1.07075
124	154	0.998592
124	159	1.01503
124	164	1.02535
124	165	1.0288
124	179	1.0855
124	180	1.05401
125	44	0.973094
125	50	1.01793
125	63	0.939027
125	79	1.06871
125	87	1.02798
125	88	1.01665
125	89	1.01916
125	96	0.990796
125	99	1.09485
125	112	1.0564
125	120	1.0726
125	124	1.01817
125	130	1.00033
125	133	0.948168
125	140	1.02609
125	146	0.947184
125	148	1.00021
125	152	0.958777
125	154	1.0409
125	155	1.01616
125	160	0.919086
125	161	0.941271
125	162	1.04265
125	163	1.02753
125	164	1.06766
125	165	0.917396
125	169	0.936216
125	175	0.947139
125	179	0.974099
126	12	0.977506
126	32	1.00963
126	62	0.977434
126	72	1.22132
126	86	1.07276
126	87	1.08348
126	91	0.990755
126	92	0.991776
126	96	1.12203
126	120	1.00233
126	127	0.984373
126	136	0.970723
126	138	0.956933
126	146	0.947812
126	156	0.946847
126	158	1.06024
126	159	0.978257
126	160	0.979146
126	165	0.968484
126	168	0.958688
126	169	0.976563
126	170	0.939513
126	171	0.970611
126	172	0.970476
126	173	1.06605
126	175	0.960054
126	177	0.972484
126	178	0.975161
126	180	0.966368
127	18	0.994005
127	39	1.06638
127	47	0.961986
127	52	1.04962
127	54	0.85923
127	56	1.03281
127	97	0.950085
127	100	0.958344
127	101	1.04103
127	102	1.00151
127	106	0.997336
127	122	1.0137
127	123	0.971369
127	126	0.984373
127	128	0.933964
127	130	1.00644
127	132	1.00324
127	137	0.999816
127	139	0.933653
127	154	1.03866
127	156	1.01846
127	165	1.0401
127	167	0.940737
127	168	1.0303
127	170	1.01112
127	174	1.03478
127	175	1.03167
127	177	1.0441
127	178	1.04677
128	3	0.899662
128	34	0.896217
128	56	1.08
128	72	1.13987
128	75	0.977125
128	79	1.10641
128	82	0.961508
128	85	1.02755
128	93	0.958117
128	94	1.065
128	99	0.931864
128	118	1.05816
128	127	0.933964
128	133	1.02599
128	134	0.967999
128	135	1.03561
128	137	1.02456
128	150	0.995412
128	154	1.00255
128	157	0.98481
128	158	1.02047
128	161	1.02926
128	165	0.955099
128	166	1.01667
128	169	0.973919
128	173	1.00752
128	177	0.966406
128	178	0.962209
128	179	0.991147
128	180	1.01412
129	47	1.00661
129	75	0.972398
129	81	1.04298
129	88	1.01949
129	102	1.00984
129	106	0.984083
129	111	1.02758
129	112	1.02557
129	122	1.03538
129	130	0.969495
129	132	1.05104
129	136	1.0008
129	139	1.01037
129	140	0.995255
129	143	1.00626
129	145	1.04067
129	148	0.969371
129	151	1.02141
129	152	0.92794
129	155	0.985321
129	156	1.01584
129	162	1.01181
129	163	0.996697
129	171	1.00476
129	172	0.96754
129	173	1.00114
129	174	1.00619
129	176	0.926871
129	178	0.978744
129	180	0.996842
130	20	1.08575
130	31	0.958274
130	34	0.968696
130	48	1.0417
130	74	0.954321
130	81	1.01367
130	98	1.03942
130	100	1.07801
130	103	0.963655
130	106	0.954774
130	110	1.01923
130	125	1.00033
130	127	1.00644
130	129	0.969495
130	137	1.09704
130	139	0.981058
130	140	0.965946
130	141	1.00912
130	143	0.976952
130	145	1.01136
130	148	0.940061
130	149	1.06953
130	151	0.992097
130	152	0.898631
130	155	0.956012
130	162	0.982501
130	163	0.967388
130	171	1.0607
130	174	0.976885
130	176	0.982815
130	179	1.08428
131	1	0.978485
131	21	1.05255
131	25	0.936565
131	38	1.02328
131	40	0.907453
131	51	1.17861
131	57	0.89515
131	61	0.913573
131	62	1.02926
131	65	1.10777
131	68	1.00193
131	69	0.976553
131	70	0.974209
131	71	0.872158
131	78	0.97228
131	91	1.03057
131	95	1.02765
131	99	1.15484
131	107	1.05804
131	114	0.91051
131	119	1.01362
131	147	1.04097
131	149	0.944728
131	160	0.97908
131	171	1.01052
131	174	0.995722
131	176	1.01341
131	177	0.988698
131	178	0.9845
131	179	1.03409
131	180	1.0026
132	50	1.05727
132	53	0.986401
132	88	1.05631
132	94	0.970632
132	104	0.962532
132	105	1.0469
132	108	1.04978
132	115	0.926941
132	122	0.960954
132	127	1.00324
132	129	1.05104
132	136	0.989586
132	141	1.00736
132	144	1.04862
132	156	0.965711
132	158	1.03214
132	159	0.997121
132	160	0.99801
132	165	0.987347
132	166	1.04732
132	167	1.04128
132	168	0.977551
132	170	0.958376
132	171	0.989474
132	172	0.989339
132	174	0.982036
132	175	0.978918
132	177	0.991348
132	178	0.994025
132	179	0.962262
132	180	0.985232
133	7	0.936737
133	12	0.942327
133	24	1.01974
133	41	0.845468
133	76	1.03714
133	79	1.11113
133	82	0.979238
133	94	1.08273
133	97	1.04782
133	99	0.949594
133	116	0.971916
133	125	0.948168
133	128	1.02599
133	135	1.05334
133	138	1.01207
133	141	0.958726
133	142	1.02455
133	145	0.945598
133	150	1.01314
133	153	0.991097
133	157	1.00254
133	158	1.0382
133	159	0.946047
133	161	1.04699
133	166	1.0344
133	167	1.02701
133	168	0.990063
133	173	1.02525
133	175	0.989563
133	178	0.966929
133	179	1.00888
133	180	1.03185
134	7	1.02549
134	8	1.1179
134	15	1.02419
134	44	1.00562
134	48	1.00322
134	104	0.994577
134	105	0.980394
134	109	0.990561
134	110	0.933601
134	115	0.958985
134	116	1.05939
134	119	0.914433
134	120	0.907732
134	128	0.967999
134	135	0.965356
134	137	0.979112
134	144	0.982116
134	156	0.997756
134	159	1.02917
134	160	1.03005
134	162	0.970769
134	166	0.980812
134	168	1.0096
134	169	1.02747
134	170	0.990421
134	172	1.02138
134	175	1.01096
134	176	1.05515
134	177	1.02339
134	178	1.02607
134	179	0.994306
134	180	1.01728
135	4	0.93046
135	19	0.998662
135	37	0.955262
135	41	0.855088
135	49	1.01465
135	83	1.09429
135	85	1.0549
135	91	0.906663
135	93	0.985467
135	105	1.01362
135	107	1.03311
135	116	0.981537
135	122	1.0162
135	128	1.03561
135	133	1.05334
135	134	0.965356
135	144	1.04407
135	147	1.01132
135	150	1.02276
135	153	1.00072
135	156	0.996662
135	157	1.01216
135	163	0.990178
135	166	1.04402
135	167	1.03663
135	170	1.01889
135	172	0.948361
135	173	1.03487
135	175	0.982199
135	176	0.907693
135	179	1.0185
135	180	1.04147
136	63	1.03583
136	73	0.926584
136	85	0.918317
136	86	0.994422
136	88	1.00607
136	103	1.00232
136	104	1.00163
136	106	1.04763
136	111	0.971475
136	112	0.952973
136	115	0.966039
136	118	0.929753
136	126	0.970723
136	129	1.0008
136	132	0.989586
136	137	0.986166
136	138	1.0149
136	140	1.02147
136	151	0.972736
136	154	1.02501
136	159	1.03622
136	162	0.987033
136	165	1.02645
136	167	0.991036
136	168	1.01665
136	169	1.03452
136	170	0.997475
136	172	1.02844
136	175	1.01802
136	176	1.0622
136	177	1.03045
136	178	1.03312
137	3	1.23848
137	5	1.00547
137	50	1.04733
137	55	0.92934
137	62	0.939397
137	66	0.894108
137	91	0.952718
137	104	0.959112
137	107	0.952843
137	117	0.967942
137	119	0.970996
137	123	1.06197
137	127	0.999816
137	128	1.02456
137	130	1.09704
137	134	0.979112
137	136	0.986166
137	144	1.03868
137	146	0.963255
137	152	1.16911
137	156	0.962291
137	158	1.0222
137	160	0.99459
137	162	1.02733
137	165	0.983927
137	168	0.974131
137	170	0.954956
137	171	0.986054
137	172	0.985919
137	175	0.975498
137	176	1.01968
137	178	0.990605
137	179	0.958841
137	180	0.981811
138	7	1.01875
138	20	0.894631
138	24	1.04121
138	28	1.05803
138	66	0.922837
138	73	0.912795
138	78	0.964362
138	90	1.10235
138	94	0.943475
138	104	0.987842
138	116	1.09874
138	118	0.952838
138	120	0.947082
138	122	0.986264
138	126	0.956933
138	133	1.01207
138	136	1.0149
138	148	1.06245
138	149	0.979732
