1	23	1.214
1	39	0.478764
1	58	0.752714
1	84	1.17675
1	109	1.19943
1	133	1.1817
1	134	1.21497
1	138	1.18746
1	171	0.58636
1	173	1.21699
1	174	0.585682
1	179	1.20871
2	34	1.17373
2	78	0.639519
2	81	1.17404
2	83	0.552152
2	105	1.2125
2	106	1.2125
2	119	1.19945
2	164	1.22767
2	168	0.584549
2	170	1.20817
2	172	1.19194
2	180	0.627624
3	74	1.08968
3	80	1.06349
3	95	1.06763
3	105	0.808295
3	119	0.782959
3	142	1.06526
3	148	1.08394
3	156	1.04888
3	158	1.03939
3	161	1.07227
3	166	1.06946
3	167	0.811375
4	125	0.593533
4	137	1.22777
4	140	0.584247
4	143	1.21091
4	149	1.20802
4	152	1.18965
4	153	1.20876
4	155	1.18845
4	160	1.19433
4	161	0.602652
4	163	1.17212
4	171	0.624392
5	65	1.05926
5	96	0.789613
5	126	1.08723
5	130	1.04776
5	132	1.03811
5	148	1.09468
5	156	1.05962
5	158	1.05013
5	161	1.08301
5	166	1.0802
5	168	0.800588
5	173	0.811477
6	34	1.04869
6	43	0.750423
6	46	1.02836
6	55	0.795723
6	67	1.04642
6	81	1.04899
6	105	1.08745
6	106	1.08745
6	146	0.855407
6	164	1.10262
6	170	1.08312
6	172	1.06689
7	41	0.652416
7	106	0.566262
7	108	0.611802
7	146	1.18254
7	167	1.20832
7	169	1.18544
7	171	1.20391
7	174	1.21001
7	176	1.21008
7	178	1.21085
7	179	0.562636
7	180	1.18885
8	16	0.596363
8	126	0.591614
8	154	1.17114
8	161	0.595188
8	167	1.20993
8	169	1.18705
8	174	1.21163
8	176	1.2117
8	177	1.20564
8	178	1.21246
8	179	0.610575
8	180	1.19046
9	130	1.18527
9	132	1.17561
9	139	0.621712
9	145	1.18397
9	148	1.23219
9	156	1.19713
9	158	1.18763
9	161	1.22051
9	166	1.2177
9	172	0.613537
9	174	0.590999
9	177	0.580764
10	65	0.644849
10	79	1.23627
10	86	0.583472
10	88	1.20437
10	103	1.28555
10	108	1.16575
10	111	1.16575
10	113	1.14766
10	121	0.586131
10	167	0.590677
10	170	1.19924
10	173	1.19541
11	92	0.60413
11	102	0.56741
11	123	0.590929
11	154	1.16929
11	155	0.629441
11	167	1.20807
11	174	1.20977
11	175	1.20004
11	176	1.20984
11	177	1.20378
11	178	1.21061
11	180	1.18861
12	36	1.18926
12	66	0.630963
12	84	1.18205
12	109	1.20473
12	133	1.187
12	134	1.22028
12	135	0.595007
12	138	1.19276
12	170	0.582094
12	171	0.596255
12	172	1.20991
12	179	1.21401
13	25	0.92398
13	93	1.07291
13	123	0.711608
13	141	0.756067
13	168	1.08574
13	169	1.04801
13	171	1.06648
13	174	1.07258
13	175	1.06285
13	177	1.06659
13	178	1.07342
13	180	1.05142
14	127	1.18086
14	132	0.616613
14	143	0.575464
14	152	0.598268
14	157	1.19093
14	158	0.603332
14	162	1.18977
14	169	1.19663
14	171	1.2151
14	175	1.21147
14	177	1.21521
14	180	1.20004
15	67	1.12919
15	81	1.13176
15	91	0.720144
15	105	1.17022
15	106	1.17022
15	119	1.15717
15	125	0.601231
15	127	0.674865
15	147	1.14051
15	164	1.18539
15	170	1.16589
15	172	1.14966
15	176	0.612077
16	8	0.596363
16	29	1.15574
16	47	1.12073
16	66	0.682504
16	84	1.14129
16	100	1.14966
16	133	1.14625
16	134	1.17952
16	138	1.15201
16	157	0.647217
16	158	0.676053
16	173	1.18154
16	179	1.17325
17	79	0.618005
17	139	1.14206
17	146	1.14316
17	160	0.664767
17	161	0.656894
17	162	1.13921
17	166	0.655533
17	168	1.1838
17	169	1.14607
17	174	1.17064
17	175	1.16091
17	177	1.16465
17	180	1.14948
18	35	0.60434
18	75	0.637469
18	99	0.702899
18	125	0.66472
18	132	1.14028
18	134	1.16811
18	138	1.1406
18	151	1.16579
18	152	1.15377
18	158	1.1523
18	161	1.18518
18	163	1.13624
18	172	1.15774
19	84	1.13515
19	91	0.729664
19	109	1.15784
19	114	1.14213
19	133	1.14011
19	134	1.17338
19	138	1.14587
19	160	0.627743
19	168	0.60622
19	171	0.64161
19	172	1.16301
19	173	1.1754
19	179	1.16711
20	60	0.657668
20	66	1.13729
20	71	0.630171
20	129	0.656909
20	167	1.16305
20	168	1.17791
20	169	1.14017
20	171	1.15864
20	175	1.15502
20	177	1.15876
20	178	1.16558
20	179	0.647747
20	180	1.14358
21	97	0.626293
21	117	1.12553
21	124	0.708647
21	125	0.619405
21	137	1.19026
21	150	0.654448
21	151	1.16416
21	152	1.15214
21	153	1.17125
21	155	1.15095
21	159	1.15425
21	160	1.15683
21	163	1.13462
22	37	0.728201
22	90	1.18987
22	103	0.559832
22	119	0.603667
22	151	1.15988
22	152	1.14786
22	153	1.16697
22	154	0.712047
22	155	1.14666
22	159	1.14996
22	160	1.15254
22	163	1.13033
22	179	1.15593
23	1	1.214
23	42	0.581963
23	48	1.21647
23	100	1.11884
23	127	0.700653
23	134	1.14869
23	138	1.12118
23	150	1.14936
23	162	0.68159
23	172	1.13832
23	173	1.15072
23	178	0.639986
23	179	1.14243
24	46	0.7452
24	63	0.605377
24	109	0.64048
24	110	1.1507
24	164	0.600248
24	165	1.14265
24	171	1.158
24	174	1.1641
24	175	1.15437
24	176	1.16417
24	177	1.15811
24	178	1.16494
24	180	1.14294
25	13	0.92398
25	97	0.833688
25	104	1.01829
25	137	1.06951
25	143	1.05265
25	151	1.04341
25	152	1.03139
25	155	1.0302
25	159	1.0335
25	160	1.03608
25	163	1.01387
25	164	1.0711
25	177	0.846746
26	31	1.24734
26	105	1.16287
26	106	1.16287
26	108	1.12505
26	111	1.12505
26	113	1.10696
26	146	0.656626
26	147	1.13316
26	151	0.640768
26	161	1.16975
26	166	1.16694
26	174	0.648684
26	180	0.657047
27	93	0.652312
27	123	1.16965
27	135	1.15184
27	142	1.16506
27	145	1.13552
27	156	1.14868
27	158	1.13918
27	161	1.17207
27	166	1.16926
27	167	0.640081
27	173	0.642764
27	175	0.671683
27	179	1.14873
28	65	1.10871
28	94	0.701485
28	98	0.703539
28	112	1.10897
28	126	1.13668
28	132	1.08756
28	136	1.15597
28	141	1.09373
28	142	1.12546
28	148	1.14414
28	162	0.718753
28	166	1.12965
28	170	0.680881
28	179	1.10913
29	16	1.15574
29	47	1.0671
29	48	1.19367
29	100	1.09603
29	113	0.719332
29	119	1.12303
29	131	0.699808
29	133	1.09262
29	134	1.12589
29	138	1.09838
29	156	0.688433
29	162	0.693225
29	173	1.12791
29	179	1.11962
30	34	0.72126
30	68	0.615176
30	104	0.747911
30	122	0.707909
30	140	1.14421
30	165	1.10352
30	168	1.13813
30	169	1.1004
30	171	1.11887
30	174	1.12497
30	175	1.11524
30	176	1.12504
30	178	1.12581
30	180	1.10381
31	26	1.24734
31	89	1.17994
31	120	1.23931
31	126	1.26562
31	136	1.28491
31	140	0.537338
31	145	1.22486
31	149	0.566823
31	156	1.23802
31	161	1.26141
31	166	1.25859
31	168	0.542093
31	174	0.576804
31	175	0.5819
32	60	0.712636
32	88	0.663651
32	105	0.678805
32	138	0.74085
32	154	1.09009
32	165	1.10912
32	167	1.12887
32	171	1.12447
32	174	1.13057
32	175	1.12084
32	176	1.13064
32	177	1.12458
32	178	1.13141
32	180	1.10941
33	48	0.576091
33	51	0.811277
33	81	0.697558
33	84	0.706167
33	167	1.12189
33	168	1.13675
33	171	1.11748
33	173	1.11832
33	174	1.12359
33	175	1.11386
33	176	1.12366
33	177	1.1176
33	178	1.12443
33	180	1.10243
34	2	1.17373
34	6	1.04869
34	30	0.72126
34	56	1.14781
34	67	1.09025
34	81	1.09282
34	105	1.13128
34	106	1.13128
34	144	0.688539
34	164	1.14646
34	170	1.12695
34	172	1.11072
34	175	0.696171
34	180	0.699438
35	18	0.60434
35	98	0.58562
35	116	0.498205
35	140	1.26997
35	153	0.553163
35	162	1.2193
35	164	0.55295
35	165	1.22928
35	168	1.26389
35	171	1.24463
35	175	1.241
35	176	1.2508
35	178	1.25157
35	180	1.22957
36	12	1.18926
36	39	0.634246
36	60	1.14726
36	61	1.11281
36	88	0.696425
36	109	1.10311
36	133	1.08538
36	134	1.11866
36	138	1.09114
36	150	1.11932
36	173	1.12068
36	178	0.72395
36	179	1.11239
36	180	0.749527
37	22	0.728201
37	64	0.651139
37	132	1.10093
37	133	1.09549
37	135	1.12561
37	137	0.693408
37	138	1.10125
37	142	1.13882
37	160	0.723428
37	167	1.13435
37	176	1.13612
37	177	1.13006
37	179	1.12249
37	180	1.11488
38	63	1.11803
38	66	0.708897
38	79	1.15441
38	88	1.12251
38	103	1.20368
38	108	1.08389
38	111	1.08389
38	113	1.0658
38	131	0.704484
38	163	0.693959
38	164	1.13688
38	170	1.11738
38	172	0.696048
38	173	1.11354
39	1	0.478764
39	36	0.634246
39	53	1.25221
39	60	0.564332
39	66	1.23267
39	73	0.556969
39	134	0.561755
39	147	1.23332
39	159	1.2406
39	161	1.26991
39	163	1.22097
39	175	1.25039
39	178	1.26096
39	180	1.23896
40	47	0.738364
40	70	0.705574
40	89	0.711452
40	92	0.638195
40	105	1.14172
40	106	1.14172
40	108	1.1039
40	111	1.1039
40	113	1.08581
40	131	1.10568
40	172	1.12116
40	174	1.13882
40	178	1.13965
40	180	1.11765
41	7	0.652416
41	46	1.07539
41	56	1.15101
41	67	1.09345
41	75	0.693678
41	81	1.09602
41	105	1.13448
41	106	1.13448
41	119	1.12143
41	164	1.14966
41	170	1.13015
41	172	1.11392
41	173	0.727288
41	176	0.731775
42	23	0.581963
42	92	1.20826
42	108	0.635259
42	115	0.634006
42	125	0.561588
42	143	1.2138
42	149	1.21092
42	151	1.20456
42	152	1.19255
42	153	1.21166
42	155	1.19135
42	159	1.19465
42	160	1.19723
42	163	1.17502
42	174	0.591768
43	6	0.750423
43	79	0.510012
43	120	0.587378
43	133	1.18051
43	134	1.21378
43	138	1.18627
43	153	1.21855
43	155	1.19824
43	157	1.1908
43	158	0.598898
43	163	1.18191
43	166	0.54754
43	171	1.21496
43	177	1.21508
43	180	1.1999
44	48	0.542048
44	103	0.523873
44	106	0.62058
44	108	0.666121
44	109	0.639367
44	123	1.21896
44	145	1.18483
44	153	1.20908
44	160	1.19465
44	163	1.17244
44	166	1.21857
44	169	1.18702
44	174	1.21159
44	178	1.21243
44	180	1.19043
45	62	0.633222
45	104	1.18296
45	124	0.654602
45	129	1.20884
45	136	0.539469
45	143	1.21732
45	149	1.21443
45	151	1.20808
45	152	1.19606
45	155	1.19486
45	159	1.19817
45	160	1.20075
45	163	1.17854
45	168	0.560829
45	172	0.618078
46	6	1.02836
46	24	0.7452
46	41	1.07539
46	56	1.12749
46	67	1.06993
46	74	0.725842
46	81	1.0725
46	105	1.11096
46	106	1.11096
46	125	0.758282
46	147	1.08125
46	164	1.12613
46	170	1.10663
46	172	1.0904
46	177	0.778227
47	16	1.12073
47	29	1.0671
47	40	0.738364
47	48	1.15866
47	52	0.729659
47	73	1.1278
47	100	1.06102
47	109	1.07534
47	133	1.05761
47	134	1.09088
47	138	1.06337
47	147	0.76245
47	169	0.77171
47	173	1.0929
47	179	1.08461
48	23	1.21647
48	29	1.19367
48	33	0.576091
48	44	0.542048
48	47	1.15866
48	91	0.675155
48	109	1.20191
48	133	1.18418
48	134	1.21745
48	138	1.18994
48	154	0.63988
48	170	0.572941
48	172	1.20708
48	173	1.21947
48	179	1.21118
49	74	0.567631
49	86	0.596541
49	104	1.18364
49	121	0.5992
49	149	1.21512
49	151	1.20877
49	152	1.19675
49	153	1.21586
49	155	1.19555
49	159	1.19885
49	160	1.20143
49	163	1.17922
49	170	0.61677
49	171	0.63093
49	179	1.20482
50	128	1.09498
50	136	0.71639
50	143	1.10191
50	149	1.09902
50	150	0.777323
50	151	1.09267
50	152	1.08065
50	153	1.09976
50	155	1.07945
50	157	0.77256
50	159	1.08276
50	160	1.08534
50	163	1.06312
50	164	1.12035
50	168	0.73775
51	33	0.811277
51	83	1.11658
51	95	1.07345
51	101	1.02229
51	111	0.796748
51	119	0.766687
51	126	1.08231
51	130	1.04285
51	132	1.03319
51	136	1.1016
51	141	1.03936
51	148	1.08977
51	158	1.04521
51	161	1.0781
51	166	1.07529
51	175	0.826706
52	47	0.729659
52	53	1.165
52	88	0.593947
52	112	1.15921
52	118	0.646404
52	120	1.16061
52	130	1.14746
52	135	1.16248
52	142	1.17569
52	145	1.14616
52	148	1.19438
52	156	1.15932
52	158	1.14982
52	166	1.17989
52	173	0.614865
52	176	0.619352
53	39	1.25221
53	52	1.165
53	132	1.12121
53	136	1.18962
53	139	0.669511
53	145	1.12956
53	148	1.17778
53	150	1.1497
53	156	1.14273
53	161	1.16611
53	165	0.654895
53	166	1.1633
53	173	0.614976
53	178	0.621585
53	179	1.14277
53	180	0.647161
54	112	1.15612
54	123	1.1772
54	135	1.15939
54	141	1.14088
54	142	1.17261
54	145	1.14307
54	148	1.19129
54	153	0.635585
54	158	1.14673
54	160	0.645677
54	161	1.17962
54	166	1.17681
54	167	0.63236
54	177	0.648631
54	178	0.641652
54	179	1.15628
55	6	0.795723
55	68	1.21879
55	71	1.17266
55	89	1.09315
55	121	0.584211
55	130	1.13937
55	136	1.19812
55	141	1.13588
55	142	1.16761
55	148	1.18629
55	157	0.615362
55	158	1.14173
55	161	1.17462
55	166	1.1718
55	173	0.591441
55	175	0.620359
56	34	1.14781
56	41	1.15101
56	46	1.12749
56	67	1.14554
56	81	1.14812
56	105	1.18658
56	106	1.18658
56	110	0.641333
56	127	0.67135
56	139	0.65861
56	142	0.602319
56	143	0.628964
56	147	1.15687
56	164	1.20175
56	170	1.18224
56	172	1.16602
57	65	0.657468
57	71	0.606549
57	84	0.679295
57	118	1.16299
57	121	1.20283
57	141	0.651863
57	146	1.1467
57	148	0.595368
57	154	1.1337
57	162	1.14275
57	167	1.17248
57	171	1.16808
57	176	1.17425
57	177	1.16819
57	178	1.17502
57	180	1.15302
58	1	0.752714
58	104	1.0509
58	117	1.0374
58	119	0.779115
58	122	1.05992
58	137	1.10213
58	149	1.08238
58	151	1.07603
58	152	1.06401
58	153	1.08312
58	155	1.06281
58	157	0.834137
58	159	1.06611
58	160	1.06869
58	163	1.04648
58	175	0.839134
59	101	0.674498
59	108	1.15525
59	111	1.15525
59	113	1.13716
59	134	0.623015
59	138	0.653807
59	146	1.16269
59	156	0.640945
59	159	1.17065
59	160	1.17323
59	161	0.600286
59	163	1.15101
59	165	1.16872
59	175	1.18044
59	179	1.17661
59	180	1.169
60	20	0.657668
60	32	0.712636
60	36	1.14726
60	39	0.564332
60	61	1.17243
60	73	1.21519
60	84	1.14005
60	100	1.14842
60	109	1.16273
60	116	0.59301
60	133	1.145
60	134	1.17827
60	138	1.15076
60	171	0.671928
60	172	1.1679
60	179	1.17201
61	36	1.11281
61	60	1.17243
61	72	0.658735
61	73	1.18074
61	83	0.628917
61	84	1.1056
61	100	1.11397
61	109	1.12828
61	133	1.11055
61	134	1.14382
61	138	1.11631
61	147	0.700497
61	150	1.14449
61	165	0.712122
61	172	1.13345
61	179	1.13756
61	180	0.704388
62	45	0.633222
62	118	1.13981
62	124	1.11176
62	127	1.11066
62	130	0.709649
62	131	1.11786
62	148	0.670253
62	165	1.12955
62	166	0.682263
62	169	1.12643
62	171	1.1449
62	175	1.14127
62	176	1.15107
62	177	1.14501
62	178	1.15184
62	179	0.69901
62	180	1.12984
63	24	0.605377
63	38	1.11803
63	64	1.19803
63	79	1.19907
63	88	1.16717
63	103	1.24835
63	107	0.630383
63	108	1.12855
63	111	1.12855
63	113	1.11046
63	115	0.690878
63	164	1.18154
63	170	1.16204
63	173	1.1582
63	174	0.648639
63	178	0.631426
64	37	0.651139
64	63	1.19803
64	79	1.23441
64	88	1.20251
64	103	1.28368
64	108	1.16389
64	111	1.16389
64	113	1.1458
64	144	0.578991
64	150	0.586389
64	164	1.21688
64	170	1.19738
64	172	0.604064
64	173	1.19354
64	175	0.586623
65	5	1.05926
65	10	0.644849
65	28	1.10871
65	57	0.657468
65	101	1.10425
65	107	0.676415
65	112	1.13656
65	123	1.15764
65	126	1.16428
65	130	1.12481
65	135	1.13983
65	136	1.18356
65	139	0.725384
65	156	1.13667
65	158	1.12717
65	159	0.69839
65	166	1.15725
66	12	0.630963
66	16	0.682504
66	20	1.13729
66	38	0.708897
66	39	1.23267
66	130	0.707354
66	144	1.12783
66	148	0.667958
66	154	1.0963
66	162	1.10535
66	169	1.11221
66	171	1.13068
66	174	1.13678
66	176	1.13685
66	177	1.13079
66	178	1.13762
66	180	1.11562
67	6	1.04642
67	15	1.12919
67	34	1.09025
67	41	1.09345
67	46	1.06993
67	56	1.14554
67	81	1.09056
67	105	1.12902
67	106	1.12902
67	139	0.752888
67	144	0.71964
67	146	0.730118
67	147	1.09931
67	153	0.698894
67	164	1.14419
67	170	1.12468
67	172	1.10846
67	178	0.704962
68	30	0.615176
68	55	1.21879
68	89	1.14652
68	94	0.592114
68	101	1.17218
68	123	1.22557
68	126	1.23221
68	130	1.19274
68	132	1.18309
68	135	1.20776
68	141	1.18926
68	150	1.21158
68	155	0.601106
68	158	1.19511
68	163	0.60544
68	166	1.22518
68	169	0.598724
68	175	0.590088
69	88	0.58138
69	117	1.16827
69	122	1.19079
69	123	0.603722
69	128	1.2092
69	137	1.233
69	143	1.21614
69	149	1.21325
69	151	1.2069
69	152	1.19488
69	155	1.19368
69	159	1.19698
69	160	1.19956
69	163	1.17735
69	168	0.591408
69	173	0.602297
69	177	0.615884
69	178	0.608905
70	40	0.705574
70	80	1.11741
70	98	0.734364
70	101	1.07038
70	112	1.10269
70	120	1.10409
70	121	0.694136
70	123	1.12376
70	127	0.76864
70	132	1.08128
70	135	1.10595
70	136	1.14969
70	141	1.08745
70	148	1.13785
70	156	1.1028
70	158	1.0933
70	166	1.12337
70	173	0.701365
71	20	0.630171
71	55	1.17266
71	57	0.606549
71	83	1.22034
71	87	0.623584
71	95	1.17721
71	101	1.12605
71	112	1.15836
71	126	1.18607
71	141	1.14312
71	142	1.17485
71	148	1.19353
71	156	1.15847
71	158	1.14897
71	161	1.18186
71	162	0.668143
71	178	0.626539
71	179	1.15852
71	180	0.652116
72	61	0.658735
72	98	1.15565
72	103	1.26355
72	105	0.600129
72	112	0.645819
72	113	1.12566
72	133	0.66582
72	135	0.629145
72	144	1.16972
72	148	0.595281
72	155	1.15584
72	157	1.1484
72	159	1.15914
72	160	1.16172
72	170	1.17724
72	173	1.1734
72	177	1.17268
72	178	1.1795
72	180	1.1575
73	39	0.556969
73	47	1.1278
73	60	1.21519
73	61	1.18074
73	75	0.606455
73	84	1.14836
73	100	1.15673
73	109	1.17105
73	114	1.15534
73	133	1.15332
73	135	0.663317
73	138	1.15908
73	150	1.18725
73	172	1.17622
73	173	1.18861
73	174	0.663886
73	175	0.668983
73	178	0.646673
73	179	1.18032
74	3	1.08968
74	46	0.725842
74	49	0.567631
74	84	0.653878
74	90	0.58103
74	104	0.655106
74	108	1.15652
74	111	1.15652
74	113	1.13842
74	129	0.607871
74	145	1.16467
74	148	1.21289
74	154	1.15095
74	161	1.20122
74	167	1.18974
74	173	1.18617
74	174	1.19144
74	176	1.19151
74	180	1.17027
75	18	0.637469
75	41	0.693678
75	73	0.606455
75	78	1.16884
75	85	1.14881
75	113	0.66007
75	133	0.645679
75	136	0.553502
75	146	1.15766
75	157	1.15487
75	162	1.15371
75	165	1.16369
75	170	1.18371
75	171	1.17904
75	174	1.18514
75	175	1.17541
75	177	1.17915
75	178	1.18598
75	180	1.16398
76	82	0.719903
76	92	1.14983
76	117	1.1075
76	128	1.14844
76	129	1.14689
76	136	0.623078
76	137	1.17223
76	143	1.15537
76	149	1.15248
76	151	1.14613
76	152	1.13411
76	153	1.15322
76	157	0.679248
76	159	1.13622
76	160	1.1388
76	163	1.11659
76	166	0.656726
76	170	0.665667
76	176	0.659814
76	179	1.14219
77	133	1.11912
77	134	1.15239
77	135	1.14924
77	138	1.12488
77	145	1.13292
77	153	1.15716
77	158	1.13658
77	159	1.14016
77	160	1.14274
77	161	1.16947
77	163	1.12053
77	166	1.16666
77	167	0.653714
77	168	0.645508
77	169	0.693952
77	170	0.666738
77	172	1.14202
77	174	0.68022
77	177	0.669985
77	179	1.14613
78	2	0.639519
78	75	1.16884
78	86	1.17284
78	94	1.14303
78	116	0.609023
78	151	0.679347
78	157	1.11767
78	158	0.716198
78	161	0.666201
78	162	1.11651
78	165	1.12649
78	168	1.1611
78	171	1.14184
78	174	1.14794
78	175	1.13821
78	176	1.14801
78	177	1.14195
78	178	1.14878
78	179	0.681587
78	180	1.12678
79	10	1.23627
79	17	0.618005
79	38	1.15441
79	43	0.510012
79	63	1.19907
79	64	1.23441
79	87	0.586885
79	88	1.20355
79	103	1.28472
79	108	1.16492
79	111	1.16492
79	113	1.14683
79	115	0.649292
79	159	0.610773
79	164	1.21792
79	170	1.19841
79	172	0.629592
79	173	1.19458
80	3	1.06349
80	70	1.11741
80	89	1.09357
80	93	0.672218
80	119	0.63157
80	120	1.15294
80	136	1.19854
80	137	0.643284
80	141	1.1363
80	142	1.16803
80	145	1.13849
80	147	1.13845
80	156	1.15165
80	158	1.14215
80	161	1.17504
80	162	0.710883
80	166	1.17223
80	171	0.687171
80	173	0.662671
80	179	1.1517
81	2	1.17404
81	6	1.04899
81	15	1.13176
81	33	0.697558
81	34	1.09282
81	41	1.09602
81	46	1.0725
81	56	1.14812
81	67	1.09056
81	97	0.684598
81	105	1.13159
81	106	1.13159
81	116	1.19507
81	147	1.10188
81	164	1.14676
81	165	0.723987
81	167	0.681384
81	170	1.12726
81	171	0.708568
81	172	1.11103
81	175	0.712986
82	76	0.719903
82	107	1.13631
82	110	1.11643
82	125	1.14506
82	127	1.08949
82	142	0.682181
82	145	0.71165
82	153	0.684478
82	154	1.08935
82	159	0.711477
82	164	0.684264
82	165	1.10838
82	168	1.14299
82	169	1.10526
82	171	1.12373
82	174	1.12983
82	175	1.1201
82	176	1.1299
82	177	1.12384
82	178	1.13067
82	180	1.10867
83	2	0.552152
83	51	1.11658
83	61	0.628917
83	71	1.22034
83	118	0.607614
83	126	1.22651
83	130	1.18705
83	132	1.1774
83	135	1.20207
83	136	1.2458
83	139	0.63061
83	141	1.18356
83	142	1.21529
83	145	1.18575
83	156	1.19891
83	161	1.2223
83	166	1.21949
83	170	0.586415
83	172	0.622434
83	176	0.580562
83	179	1.19896
84	1	1.17675
84	12	1.18205
84	16	1.14129
84	19	1.13515
84	33	0.706167
84	57	0.679295
84	60	1.14005
84	61	1.1056
84	73	1.14836
84	74	0.653878
84	100	1.08159
84	109	1.0959
84	133	1.07817
84	134	1.11144
84	135	0.715929
84	138	1.08393
84	169	0.730231
84	171	0.717177
84	172	1.10107
84	173	1.11347
84	179	1.10518
85	75	1.14881
85	87	1.15074
85	97	1.10611
85	100	0.718759
85	106	0.684839
85	110	1.11452
85	134	0.688557
85	141	0.708951
85	146	1.10044
85	162	1.09649
85	163	0.707337
85	167	1.12622
85	169	1.10334
85	171	1.12181
85	174	1.12792
85	175	1.11819
85	176	1.12799
85	177	1.12193
85	178	1.12875
85	179	0.681213
85	180	1.10675
86	10	0.583472
86	49	0.596541
86	78	1.17284
86	91	1.13382
86	131	1.156
86	138	0.665753
86	152	0.657165
86	155	0.649409
86	157	1.15887
86	161	0.612232
86	162	1.15771
86	165	1.16769
86	167	1.18744
86	168	1.2023
86	169	1.16457
86	171	1.18304
86	174	1.18914
86	175	1.17941
86	176	1.18921
86	178	1.18998
86	179	0.627618
86	180	1.16798
87	71	0.623584
87	79	0.586885
87	85	1.15074
87	106	0.644786
87	115	1.15345
87	144	1.17812
87	148	0.612403
87	151	0.63892
87	154	1.14658
87	155	0.662951
87	162	1.15564
87	164	0.623341
87	167	1.18537
87	168	1.20023
87	169	1.16249
87	171	1.18096
87	174	1.18707
87	175	1.17734
87	176	1.18714
87	177	1.18108
87	178	1.1879
87	180	1.1659
88	10	1.20437
88	32	0.663651
88	36	0.696425
88	38	1.12251
88	52	0.593947
88	63	1.16717
88	64	1.20251
88	69	0.58138
88	79	1.20355
88	102	1.18712
88	103	1.25282
88	107	0.604009
88	108	1.13303
88	111	1.13303
88	113	1.11493
88	114	1.12941
88	116	1.23432
88	150	0.627127
88	164	1.18602
88	165	0.638362
88	170	1.16652
88	173	1.16268
89	31	1.17994
89	40	0.711452
89	55	1.09315
89	68	1.14652
89	80	1.09357
89	107	0.712809
89	115	0.773303
89	120	1.08025
89	122	0.741785
89	123	1.09993
89	126	1.10656
89	127	0.774519
89	136	1.12585
89	140	0.691599
89	141	1.06361
89	142	1.09534
89	150	1.08594
89	156	1.07896
89	158	1.06946
89	161	1.10235
89	166	1.09954
89	179	1.07901
90	22	1.18987
90	74	0.58103
90	122	1.15892
90	128	1.17733
90	129	1.17579
90	137	1.20113
90	142	0.618073
90	143	1.18426
90	147	0.648123
90	149	1.18138
90	151	1.17502
90	152	1.16301
90	153	1.18212
90	155	1.16181
90	159	1.16511
90	160	1.16769
90	163	1.14548
90	170	0.630169
90	171	0.644329
90	177	0.633416
90	179	1.17108
90	180	0.652014
91	15	0.720144
91	19	0.729664
91	48	0.675155
91	86	1.13382
91	101	0.808887
91	111	0.730876
91	118	1.09773
91	125	1.12415
91	131	1.07578
91	142	0.730159
91	146	1.08144
91	154	1.06844
91	165	1.08747
91	167	1.10722
91	168	1.12208
91	169	1.08435
91	174	1.10892
91	175	1.09919
91	176	1.10899
91	177	1.10293
91	178	1.10976
91	180	1.08776
92	11	0.60413
92	40	0.638195
92	42	1.20826
92	76	1.14983
92	110	0.671246
92	112	0.673913
92	122	1.13262
92	128	1.15103
92	129	1.14948
92	137	1.17483
92	143	1.15796
92	147	0.662281
92	149	1.15507
92	151	1.14872
92	152	1.1367
92	153	1.15582
92	154	0.711266
92	155	1.13551
92	159	1.13881
92	160	1.14139
92	163	1.11918
92	170	0.644327
92	179	1.14478
93	13	1.07291
93	27	0.652312
93	80	0.672218
93	97	1.14277
93	103	0.553973
93	108	0.696221
93	121	1.19323
93	128	0.659987
93	140	1.18382
93	150	1.15795
93	152	0.676601
93	154	1.12409
93	157	1.13431
93	158	0.681666
93	162	1.13315
93	168	1.17773
93	169	1.14
93	171	1.15847
93	173	1.15931
93	175	1.15485
93	177	1.15859
93	178	1.16541
93	180	1.14341
94	28	0.701485
94	68	0.592114
94	78	1.14303
94	95	0.66215
94	99	1.14127
94	123	0.651731
94	124	1.12009
94	125	1.17456
94	131	1.12619
94	139	1.13074
94	140	1.17857
94	146	1.13185
94	149	0.664147
94	164	0.650633
94	167	1.15763
94	168	1.17248
94	171	1.15322
94	174	1.15933
94	176	1.1594
94	177	1.15334
94	178	1.16016
94	179	0.668452
94	180	1.13816
95	3	1.06763
95	51	1.07345
95	71	1.17721
95	94	0.66215
95	101	1.12337
95	121	0.623976
95	123	1.17676
95	126	1.18339
95	130	1.14393
95	132	1.13427
95	135	1.15894
95	139	0.685741
95	141	1.14044
95	142	1.17216
95	148	1.19084
95	156	1.15579
95	158	1.14629
95	159	0.658746
95	161	1.17917
95	165	0.671124
95	166	1.17636
95	167	0.628522
95	172	0.677565
96	5	0.789613
96	98	1.14236
96	117	1.11714
96	122	1.13966
96	127	0.664772
96	128	1.15807
96	129	1.15653
96	137	1.18187
96	143	1.16501
96	149	1.16212
96	150	0.626181
96	151	1.15577
96	152	1.14375
96	153	1.16286
96	154	0.674776
96	155	1.14255
96	159	1.14585
96	160	1.14843
96	161	0.600257
96	163	1.12622
96	171	0.621997
96	179	1.15182
96	180	0.629682
97	21	0.626293
97	25	0.833688
97	81	0.684598
97	85	1.10611
97	93	1.14277
97	109	0.66045
97	114	0.680417
97	119	1.13229
97	125	1.15767
97	134	0.64538
97	146	1.11496
97	154	1.10195
97	156	0.66331
97	157	1.11216
97	162	1.111
97	165	1.12098
97	167	1.14074
97	168	1.15559
97	169	1.11786
97	174	1.14243
97	176	1.1425
97	177	1.13645
97	178	1.14327
97	180	1.12127
98	28	0.703539
98	35	0.58562
98	70	0.734364
98	72	1.15565
98	96	1.14236
98	104	1.1065
98	117	1.09299
98	122	1.11552
98	128	1.13393
98	129	1.13238
98	137	1.15772
98	143	1.14086
98	149	1.13797
98	152	1.1196
98	153	1.13871
98	154	0.729638
98	155	1.11841
98	159	1.12171
98	160	1.12429
98	163	1.10208
98	164	1.15931
98	165	0.692278
98	170	0.662699
98	172	0.698719
99	18	0.702899
99	94	1.14127
99	110	1.13278
99	112	0.691107
99	115	1.11257
99	126	0.650367
99	129	0.678489
99	130	0.679966
99	132	0.717219
99	139	1.1176
99	146	1.11871
99	154	1.1057
99	157	1.11591
99	162	1.11475
99	165	1.12473
99	168	1.15934
99	169	1.12161
99	171	1.14008
99	175	1.13645
99	176	1.14625
99	177	1.1402
99	178	1.14702
99	179	0.669327
99	180	1.12502
100	16	1.14966
100	23	1.11884
100	29	1.09603
100	47	1.06102
100	60	1.14842
100	61	1.11397
100	73	1.15673
100	84	1.08159
100	85	0.718759
100	109	1.10427
100	114	1.08856
100	115	0.741113
100	119	1.11696
100	131	0.729848
100	133	1.08654
100	134	1.11981
100	138	1.0923
100	150	1.12048
100	159	0.702594
100	162	0.723266
100	169	0.712608
100	172	1.10944
100	173	1.12184
100	176	0.679541
100	179	1.11355
101	51	1.02229
101	59	0.674498
101	65	1.10425
101	68	1.17218
101	70	1.07038
101	71	1.12605
101	91	0.808887
101	95	1.12337
101	112	1.10451
101	118	0.727873
101	119	0.665233
101	120	1.10591
101	123	1.12559
101	126	1.13222
101	132	1.08311
101	136	1.15151
101	137	0.676946
101	142	1.121
101	156	1.10462
101	158	1.09512
101	161	1.12801
101	166	1.1252
101	172	0.742693
101	177	0.70992
101	179	1.10467
102	11	0.56741
102	88	1.18712
102	103	1.2683
102	108	1.1485
102	111	1.1485
102	113	1.13041
102	129	1.17457
102	131	0.652061
102	137	1.19991
102	143	1.18305
102	144	0.618553
102	149	1.18016
102	150	1.1768
102	154	0.674546
102	156	1.16982
102	158	1.16032
102	160	1.16648
102	161	1.19321
102	162	0.645479
102	163	1.14427
102	166	1.1904
102	173	1.17816
102	174	0.621088
102	178	0.603875
102	180	0.629451
103	10	1.28555
103	22	0.559832
103	38	1.20368
103	44	0.523873
103	63	1.24835
103	64	1.28368
103	72	1.26355
103	79	1.28472
103	88	1.25282
103	93	0.553973
103	102	1.2683
103	108	1.2142
103	111	1.2142
103	113	1.19611
103	114	1.21058
103	116	1.3155
103	119	0.513326
103	128	0.575505
103	146	0.57619
103	147	0.57272
103	164	1.2672
103	170	1.24769
103	173	1.24386
103	175	0.573344
103	177	0.558013
104	25	1.01829
104	30	0.747911
104	45	1.18296
104	49	1.18364
104	58	1.0509
104	74	0.655106
104	98	1.1065
104	117	1.08127
104	122	1.1038
104	128	1.12221
104	129	1.12066
104	131	0.748699
104	143	1.12914
104	149	1.12625
104	151	1.1199
104	152	1.10788
104	153	1.12699
104	154	0.771183
104	155	1.10669
104	159	1.10999
104	160	1.11257
104	163	1.09036
104	168	0.683015
104	170	0.704244
104	176	0.698392
105	2	1.2125
105	3	0.808295
105	6	1.08745
105	15	1.17022
105	26	1.16287
105	32	0.678805
105	34	1.13128
105	40	1.14172
105	41	1.13448
105	46	1.11096
105	56	1.18658
105	67	1.12902
105	72	0.600129
105	81	1.13159
105	106	1.17005
105	116	1.23352
105	119	1.157
105	137	0.59421
105	145	0.641311
105	147	1.14034
105	164	1.18522
105	170	1.16571
105	172	1.14949
105	173	0.613597
105	178	0.620205
105	180	0.645782
106	2	1.2125
106	6	1.08745
106	7	0.566262
106	15	1.17022
106	26	1.16287
106	34	1.13128
106	40	1.14172
106	41	1.13448
106	44	0.62058
106	46	1.11096
106	56	1.18658
106	67	1.12902
106	81	1.13159
106	85	0.684839
106	87	0.644786
106	105	1.17005
106	116	1.23352
106	119	1.157
106	122	0.675674
106	147	1.14034
106	158	0.69389
106	164	1.18522
106	170	1.16571
106	172	1.14949
106	173	0.641133
106	180	0.673318
107	63	0.630383
107	65	0.676415
107	82	1.13631
107	88	0.604009
107	89	0.712809
107	125	1.18595
107	131	1.13758
107	139	1.14214
107	143	0.649816
107	144	1.16177
107	146	1.14324
107	153	0.625468
107	154	1.13024
107	156	0.668346
107	157	1.14045
107	161	0.627687
107	162	1.13929
107	168	1.18388
107	169	1.14615
107	171	1.16462
107	174	1.17072
107	175	1.16099
107	176	1.17079
107	177	1.16473
107	178	1.17156
107	180	1.14956
108	7	0.611802
108	10	1.16575
108	26	1.12505
108	38	1.08389
108	40	1.1039
108	42	0.635259
108	44	0.666121
108	59	1.15525
108	63	1.12855
108	64	1.16389
108	74	1.15652
108	79	1.16492
108	88	1.13303
108	93	0.696221
108	102	1.1485
108	103	1.2142
108	111	1.0944
108	113	1.07631
108	114	1.09079
108	116	1.1957
108	134	0.712163
108	147	0.714968
108	164	1.1474
108	168	0.675784
108	170	1.12789
108	173	1.12406
108	176	0.691161
109	1	1.19943
109	12	1.20473
109	19	1.15784
109	24	0.64048
109	36	1.10311
109	44	0.639367
109	47	1.07534
109	48	1.20191
109	60	1.16273
109	61	1.12828
109	73	1.17105
109	84	1.0959
109	97	0.66045
109	100	1.10427
109	117	0.738886
109	119	1.13127
109	120	0.701158
109	131	0.714715
109	133	1.10085
109	134	1.13413
109	138	1.10661
109	150	1.13479
109	167	0.657237
109	168	0.649031
109	172	1.12376
109	173	1.13615
109	179	1.12786
110	24	1.1507
110	56	0.641333
110	82	1.11643
110	85	1.11452
110	92	0.671246
110	99	1.13278
110	121	1.1795
110	126	0.655805
110	137	0.637233
110	138	0.712901
110	139	1.12226
110	154	1.11036
110	155	0.696557
110	157	1.12057
110	162	1.11941
110	163	0.70089
110	165	1.12939
110	168	1.164
110	169	1.12627
110	171	1.14474
110	174	1.15084
110	175	1.14111
110	176	1.15091
110	177	1.14485
110	178	1.15168
110	179	0.674766
110	180	1.12968
111	10	1.16575
111	26	1.12505
111	38	1.08389
111	40	1.1039
111	51	0.796748
111	59	1.15525
111	63	1.12855
111	64	1.16389
111	74	1.15652
111	79	1.16492
111	88	1.13303
111	91	0.730876
111	102	1.1485
111	103	1.2142
111	108	1.0944
111	113	1.07631
111	114	1.09079
111	116	1.1957
111	131	0.673117
111	164	1.1474
111	165	0.658241
111	168	0.607432
111	169	0.655876
111	170	1.12789
111	172	0.664681
111	173	1.12406
111	176	0.622809
112	28	1.10897
112	52	1.15921
112	54	1.15612
112	65	1.13656
112	70	1.10269
112	71	1.15836
112	72	0.645819
112	92	0.673913
112	99	0.691107
112	101	1.10451
112	123	1.1579
112	127	0.726562
112	130	1.12507
112	132	1.11542
112	135	1.14009
112	136	1.18382
112	141	1.12158
112	145	1.12377
112	146	0.691052
112	147	1.12373
112	156	1.13693
112	158	1.12743
112	161	1.16032
112	166	1.15751
112	167	0.656603
112	173	0.659287
112	176	0.663774
113	10	1.14766
113	26	1.10696
113	29	0.719332
113	38	1.0658
113	40	1.08581
113	59	1.13716
113	63	1.11046
113	64	1.1458
113	72	1.12566
113	74	1.13842
113	75	0.66007
113	79	1.14683
113	88	1.11493
113	102	1.13041
113	103	1.19611
113	108	1.07631
113	111	1.07631
113	114	1.07269
113	116	1.17761
113	140	0.678035
113	147	0.721973
113	164	1.12931
113	167	0.690996
113	170	1.1098
113	173	1.10597
113	176	0.698167
113	179	0.711826
113	180	0.725864
114	19	1.14213
114	73	1.15534
114	88	1.12941
114	97	0.680417
114	100	1.08856
114	103	1.21058
114	108	1.09079
114	111	1.09079
114	113	1.07269
114	115	0.745948
114	126	1.13971
114	133	1.08515
114	134	1.11842
114	136	1.15899
114	138	1.09091
114	145	1.09894
114	153	0.680429
114	156	1.1121
114	157	0.703809
114	158	1.10261
114	161	1.13549
114	166	1.13268
114	169	0.717442
114	170	1.12427
114	173	1.12044
114	174	0.70371
114	176	0.684375
114	177	0.693475
115	42	0.634006
115	63	0.690878
115	79	0.649292
115	87	1.15345
115	89	0.773303
115	99	1.11257
115	100	0.741113
115	114	0.745948
115	118	1.11943
115	124	1.09139
115	139	1.10204
115	140	1.14987
115	144	1.12168
115	148	0.67481
115	154	1.09014
115	161	0.688181
115	162	1.0992
115	165	1.10917
115	167	1.12893
115	168	1.14378
115	169	1.10605
115	171	1.12452
115	174	1.13063
115	175	1.1209
115	176	1.1307
115	177	1.12464
115	178	1.13146
115	180	1.10946
116	35	0.498205
116	60	0.59301
116	78	0.609023
116	81	1.19507
116	88	1.23432
116	103	1.3155
116	105	1.23352
116	106	1.23352
116	108	1.1957
116	111	1.1957
116	113	1.17761
116	121	0.557714
116	124	0.647827
116	128	1.22332
116	149	1.22736
116	150	0.593627
116	153	1.2281
116	155	1.2078
116	159	1.2111
116	160	1.21368
116	163	1.19147
116	164	1.2487
116	170	1.22919
116	172	1.21297
116	173	1.22536
116	175	0.593862
116	176	0.56943
116	177	0.57853
116	178	0.571552
117	21	1.12553
117	58	1.0374
117	69	1.16827
117	76	1.1075
117	96	1.11714
117	98	1.09299
117	104	1.08127
117	109	0.738886
117	118	0.729867
117	122	1.09029
117	128	1.1087
117	129	1.10716
117	137	1.1325
117	139	0.752862
117	143	1.11563
117	149	1.11275
117	150	0.72701
117	151	1.1064
117	152	1.09438
117	155	1.09318
117	159	1.09648
117	160	1.09906
117	163	1.07685
117	164	1.13408
117	170	0.708667
117	172	0.744686
117	173	0.698327
117	177	0.711914
117	179	1.10245
118	52	0.646404
118	57	1.16299
118	62	1.13981
118	83	0.607614
118	91	1.09773
118	101	0.727873
118	115	1.11943
118	117	0.729867
118	121	1.1817
118	125	1.16828
118	127	1.11271
118	131	1.11991
118	136	0.618652
118	137	0.631514
118	144	1.1441
118	150	1.14643
118	151	0.666807
118	163	0.695171
118	165	1.1316
118	167	1.15135
118	168	1.16621
118	169	1.12848
118	171	1.14695
118	174	1.15305
118	175	1.14332
118	176	1.15312
118	177	1.14706
118	178	1.15389
118	179	0.669047
118	180	1.13189
119	2	1.19945
119	3	0.782959
119	15	1.15717
119	22	0.603667
119	29	1.12303
119	41	1.12143
119	51	0.766687
119	58	0.779115
119	80	0.63157
119	97	1.13229
119	100	1.11696
119	101	0.665233
119	103	0.513326
119	105	1.157
119	106	1.157
119	109	1.13127
119	122	0.622802
119	133	1.11354
119	134	1.14681
119	138	1.1193
119	156	0.631681
119	167	1.1524
119	170	1.15267
119	171	1.14799
119	172	1.13644
119	173	1.14883
119	175	1.14437
119	176	1.15417
119	178	1.15494
119	180	1.13294
120	31	1.23931
120	43	0.587378
120	52	1.16061
120	70	1.10409
120	80	1.15294
120	89	1.08025
120	101	1.10591
120	109	0.701158
120	123	1.1593
120	130	1.12647
120	132	1.11682
120	135	1.14149
120	136	1.18522
120	140	0.644954
120	141	1.12299
120	142	1.15471
120	145	1.12517
120	147	1.12513
120	148	1.17339
120	153	0.661139
120	156	1.13833
120	158	1.12884
120	161	1.16172
120	162	0.70881
120	166	1.15891
120	167	0.657915
120	170	0.670938
120	174	0.68442
120	179	1.13838
120	180	0.692783
121	10	0.586131
121	49	0.5992
121	55	0.584211
121	57	1.20283
121	70	0.694136
121	93	1.19323
121	95	0.623976
121	110	1.1795
121	116	0.557714
121	118	1.1817
121	126	0.611317
121	131	1.15976
121	134	0.637621
121	139	1.16431
121	144	1.18395
121	145	0.639845
121	146	1.16542
121	152	0.659824
121	157	1.16263
121	162	1.16147
121	165	1.17144
121	167	1.1912
121	168	1.20605
121	169	1.16832
121	171	1.18679
121	174	1.1929
121	175	1.18317
121	176	1.19297
121	177	1.18691
121	178	1.19373
121	180	1.17173
122	30	0.707909
122	58	1.05992
122	69	1.19079
122	89	0.741785
122	90	1.15892
122	92	1.13262
122	96	1.13966
122	98	1.11552
122	104	1.1038
122	106	0.675674
122	117	1.09029
122	119	0.622802
122	128	1.13123
122	129	1.12968
122	137	1.15502
122	139	0.708437
122	143	1.13816
122	149	1.13527
122	151	1.12892
122	152	1.1169
122	153	1.13601
122	154	0.731181
122	155	1.11571
122	159	1.11901
122	160	1.12159
122	163	1.09938
122	164	1.15661
122	168	0.643012
122	169	0.691456
122	179	1.12498
122	180	0.686087
123	11	0.590929
123	13	0.711608
123	27	1.16965
123	44	1.21896
123	54	1.1772
123	65	1.15764
123	68	1.22557
123	69	0.603722
123	70	1.12376
123	89	1.09993
123	94	0.651731
123	95	1.17676
123	101	1.12559
123	112	1.1579
123	120	1.1593
123	132	1.1365
123	135	1.16117
123	136	1.2049
123	141	1.14266
123	145	1.14485
123	148	1.19307
123	156	1.15801
123	157	0.644707
123	158	1.14851
123	161	1.1814
123	166	1.17859
123	171	0.645286
123	175	0.649705
123	176	0.625273
123	177	0.634373
123	179	1.15806
123	180	0.652971
124	21	0.708647
124	45	0.654602
124	62	1.11176
124	94	1.12009
124	115	1.09139
124	116	0.647827
124	131	1.09186
124	133	0.762172
124	139	1.09642
124	140	1.14424
124	144	1.11605
124	147	1.0982
124	151	0.71815
124	157	1.09473
124	159	0.729785
124	162	1.09357
124	163	0.746515
124	165	1.10355
124	166	0.703644
124	167	1.1233
124	168	1.13816
124	169	1.10043
124	170	1.12357
124	171	1.1189
124	173	1.11974
124	174	1.125
124	175	1.11527
124	176	1.12507
124	177	1.11901
124	178	1.12584
124	179	0.720391
124	180	1.10384
125	4	0.593533
125	15	0.601231
125	18	0.66472
125	21	0.619405
125	42	0.561588
125	46	0.758282
125	82	1.14506
125	91	1.12415
125	94	1.17456
125	97	1.15767
125	107	1.18595
125	118	1.16828
125	139	1.15089
125	141	0.658887
125	143	0.637892
125	154	1.13899
125	157	1.1492
125	159	0.640543
125	162	1.14804
125	163	0.657273
125	165	1.15802
125	167	1.17778
125	169	1.1549
125	170	1.17804
125	171	1.17337
125	173	1.17421
125	174	1.17947
125	175	1.16974
125	176	1.17954
125	177	1.17349
125	178	1.18031
125	180	1.15831
126	5	1.08723
126	8	0.591614
126	28	1.13668
126	31	1.26562
126	51	1.08231
126	65	1.16428
126	68	1.23221
126	71	1.18607
126	83	1.22651
126	89	1.10656
126	95	1.18339
126	99	0.650367
126	101	1.13222
126	110	0.655805
126	114	1.13971
126	121	0.611317
126	129	0.645855
126	130	1.15278
126	131	0.673341
126	132	1.14313
126	135	1.1678
126	141	1.1493
126	142	1.18102
126	145	1.15148
126	148	1.1997
126	150	1.17162
126	158	1.15515
126	166	1.18522
126	169	0.656101
126	172	0.664906
126	177	0.632133
126	178	0.625155
127	14	1.18086
127	15	0.674865
127	23	0.700653
127	56	0.67135
127	62	1.11066
127	70	0.76864
127	82	1.08949
127	89	0.774519
127	96	0.664772
127	112	0.726562
127	118	1.11271
127	131	1.09077
127	139	1.09532
127	140	1.14314
127	144	1.11495
127	154	1.08342
127	155	0.726573
127	157	1.09363
127	161	0.689396
127	162	1.09247
127	165	1.10245
127	167	1.12221
127	168	1.13706
127	169	1.09933
127	171	1.1178
127	172	1.10625
127	174	1.1239
127	175	1.11417
127	176	1.12398
127	177	1.11792
127	178	1.12474
127	180	1.10274
128	50	1.09498
128	69	1.2092
128	76	1.14844
128	90	1.17733
128	92	1.15103
128	93	0.659987
128	96	1.15807
128	98	1.13393
128	103	0.575505
128	104	1.12221
128	116	1.22332
128	117	1.1087
128	122	1.13123
128	129	1.14809
128	134	0.67593
128	137	1.17343
128	143	1.15657
128	147	0.678734
128	149	1.15368
128	150	0.679124
128	151	1.14733
128	152	1.13531
128	153	1.15442
128	155	1.13412
128	157	0.674361
128	159	1.13742
128	160	1.14
128	163	1.11779
128	170	0.66078
128	171	0.67494
128	174	0.674262
128	178	0.657048
128	179	1.14339
129	20	0.656909
129	45	1.20884
129	74	0.607871
129	76	1.14689
129	90	1.17579
129	92	1.14948
129	96	1.15653
129	98	1.13238
129	99	0.678489
129	102	1.17457
129	104	1.12066
129	117	1.10716
129	122	1.12968
129	126	0.645855
129	128	1.14809
129	137	1.17189
129	143	1.15503
129	147	0.674963
129	149	1.15214
129	151	1.14579
129	152	1.13377
129	153	1.15288
129	155	1.13257
129	159	1.13587
129	160	1.13845
129	163	1.11624
129	164	1.17347
129	167	0.643986
129	169	0.684224
129	171	0.67117
129	172	0.693029
129	178	0.653278
129	179	1.14184
130	5	1.04776
130	9	1.18527
130	51	1.04285
130	52	1.14746
130	55	1.13937
130	62	0.709649
130	65	1.12481
130	66	0.707354
130	68	1.19274
130	83	1.18705
130	95	1.14393
130	99	0.679966
130	112	1.12507
130	120	1.12647
130	126	1.15278
130	132	1.10367
130	135	1.12834
130	136	1.17207
130	137	0.628759
130	138	0.704427
130	141	1.10983
130	142	1.14156
130	145	1.11202
130	146	0.67991
130	147	1.11198
130	148	1.16024
130	154	0.725425
130	156	1.12518
130	160	0.65878
130	161	1.14857
130	166	1.14576
130	168	0.637257
130	174	0.671968
130	179	1.12523
131	29	0.699808
131	38	0.704484
131	40	1.10568
131	62	1.11786
131	86	1.156
131	91	1.07578
131	94	1.12619
131	100	0.729848
131	102	0.652061
131	104	0.748699
131	107	1.13758
131	109	0.714715
131	111	0.673117
131	118	1.11991
131	121	1.15976
131	124	1.09186
131	126	0.673341
131	127	1.09077
131	140	1.15034
131	143	0.699045
131	144	1.12215
131	145	0.701869
131	154	1.09062
131	157	1.10083
131	165	1.10965
131	167	1.12941
131	168	1.14426
131	169	1.10653
131	172	1.11345
131	173	1.12584
131	174	1.1311
131	175	1.12137
131	176	1.13117
131	178	1.13194
131	180	1.10994
132	5	1.03811
132	9	1.17561
132	14	0.616613
132	18	1.14028
132	28	1.08756
132	37	1.10093
132	51	1.03319
132	53	1.12121
132	68	1.18309
132	70	1.08128
132	83	1.1774
132	95	1.13427
132	99	0.717219
132	101	1.08311
132	112	1.11542
132	120	1.11682
132	123	1.1365
132	126	1.14313
132	130	1.10367
132	133	0.745326
132	135	1.11869
132	136	1.16242
132	141	1.10018
132	144	0.706685
132	148	1.15059
132	156	1.11553
132	158	1.10603
132	161	1.13891
132	165	0.725318
132	166	1.1361
132	170	0.695739
132	173	0.685399
132	174	0.709221
132	178	0.692007
132	180	0.717584
133	1	1.1817
133	12	1.187
133	16	1.14625
133	19	1.14011
133	29	1.09262
133	36	1.08538
133	37	1.09549
133	43	1.18051
133	47	1.05761
133	48	1.18418
133	60	1.145
133	61	1.11055
133	72	0.66582
133	73	1.15332
133	75	0.645679
133	77	1.11912
133	84	1.07817
133	100	1.08654
133	109	1.10085
133	114	1.08515
133	119	1.11354
133	124	0.762172
133	132	0.745326
133	134	1.1164
133	138	1.08888
133	145	0.707002
133	147	0.707582
133	150	1.11706
133	163	0.723559
133	167	0.676605
133	172	1.10603
133	173	1.11842
133	176	0.683776
133	178	0.685897
133	179	1.11013
134	1	1.21497
134	12	1.22028
134	16	1.17952
134	18	1.16811
134	19	1.17338
134	23	1.14869
134	29	1.12589
134	36	1.11866
