1	29	1.31974
1	48	0.81342
1	70	0.631095
1	71	1.26416
1	76	1.15122
1	104	1.13773
1	142	0.69812
1	150	1.16491
1	152	1.1972
1	174	0.736364
1	177	0.728691
1	178	1.16503
2	32	0.753013
2	53	1.19254
2	106	1.22313
2	110	1.13732
2	114	0.765835
2	118	0.622326
2	156	1.23514
2	159	0.739959
2	161	1.20087
2	162	1.22181
2	167	1.1892
2	169	0.726417
3	48	0.984817
3	54	0.856957
3	75	1.00684
3	76	1.01903
3	115	1.12707
3	136	1.09466
3	152	1.06502
3	160	1.00807
3	163	0.871535
3	164	0.89312
3	169	1.04646
3	178	1.03284
4	38	1.25585
4	86	0.601944
4	106	1.21135
4	107	1.19307
4	114	0.761686
4	130	1.18545
4	134	0.765085
4	150	1.18645
4	160	1.1618
4	164	0.735838
4	170	1.20603
4	177	0.742807
5	64	0.891351
5	144	0.885862
5	156	0.895591
5	163	1.05547
5	167	0.922219
5	168	1.04529
5	171	1.03842
5	172	1.06738
5	175	1.04128
5	176	1.05782
5	179	1.04482
5	180	1.04952
6	14	0.869202
6	137	1.01215
6	141	0.88043
6	155	0.929545
6	164	1.05529
6	167	0.915034
6	171	1.04397
6	172	1.07293
6	175	1.04683
6	176	1.06337
6	179	1.05037
6	180	1.05507
7	25	1.17606
7	113	0.998346
7	115	1.10705
7	136	1.07464
7	144	0.770927
7	152	1.04499
7	155	0.998058
7	160	0.988049
7	163	0.929578
7	173	0.944775
7	177	0.958132
7	178	1.01281
8	49	0.718783
8	133	1.18951
8	136	0.677665
8	145	0.720484
8	153	0.75525
8	162	0.720435
8	171	1.19029
8	172	1.21926
8	175	1.19316
8	176	1.20969
8	179	1.1967
8	180	1.20139
9	65	0.745324
9	148	0.694007
9	160	0.730097
9	162	0.713054
9	165	1.19759
9	167	0.710919
9	168	1.1995
9	171	1.19263
9	175	1.19549
9	176	1.21203
9	179	1.19903
9	180	1.20373
10	37	0.589413
10	105	0.748405
10	117	1.15777
10	143	0.760809
10	156	1.232
10	161	1.19773
10	162	1.21867
10	167	1.18606
10	171	0.758464
10	173	1.2047
10	176	0.747544
10	177	1.20307
11	56	0.895352
11	77	1.01775
11	84	1.05798
11	108	1.06893
11	118	0.825919
11	120	1.05928
11	129	1.06009
11	134	1.02051
11	139	1.04335
11	145	1.07212
11	175	0.938299
11	178	0.946817
12	49	1.2063
12	79	1.22246
12	83	1.16877
12	90	1.18691
12	95	1.19399
12	127	1.20982
12	168	0.729145
12	169	1.21176
12	170	0.69239
12	171	0.723822
12	173	0.73037
12	175	0.731478
13	60	0.738723
13	68	1.24948
13	94	1.21589
13	108	1.19603
13	129	1.1872
13	139	1.17045
13	143	0.724591
13	145	1.19923
13	170	0.690814
13	172	0.715097
13	173	1.18172
13	178	0.738419
14	6	0.869202
14	59	1.17622
14	82	1.22268
14	92	1.24256
14	93	1.24167
14	97	1.19438
14	147	0.660073
14	151	1.17944
14	154	0.685302
14	158	1.14305
14	166	0.682766
14	173	0.708328
15	58	1.07031
15	89	1.16347
15	99	0.991765
15	111	0.970371
15	112	1.10915
15	125	1.05612
15	131	1.02074
15	147	0.873068
15	170	0.883343
15	171	0.914775
15	174	1.01809
15	177	0.93468
16	44	1.1387
16	58	1.25197
16	99	1.17343
16	125	1.23779
16	131	1.2024
16	146	0.714691
16	155	1.19595
16	168	0.717382
16	173	0.718607
16	174	1.19975
16	177	0.731964
16	180	0.724496
17	123	1.11251
17	155	0.91093
17	156	0.869791
17	160	0.915598
17	162	0.898554
17	166	1.06355
17	168	1.03642
17	171	1.02955
17	175	1.03241
17	176	1.04895
17	179	1.03595
17	180	1.04065
18	34	1.14278
18	37	1.22399
18	91	1.23342
18	120	1.18958
18	124	1.23493
18	129	1.19039
18	158	0.774636
18	163	0.712424
18	169	0.720438
18	170	0.689641
18	173	1.18491
18	176	0.710152
19	22	1.23005
19	44	1.13011
19	54	0.696747
19	111	1.14345
19	112	1.28222
19	125	1.2292
19	131	1.19381
19	143	0.722318
19	158	0.773537
19	170	0.688542
19	173	0.726521
19	174	1.19116
20	85	1.30169
20	102	1.1361
20	136	1.24044
20	138	0.742777
20	150	1.1785
20	152	1.2108
20	160	1.15385
20	168	0.717858
20	171	0.712535
20	176	0.701614
20	177	0.73244
20	178	1.17862
21	58	0.876733
21	156	0.890651
21	157	0.90989
21	159	1.03215
21	165	1.0458
21	166	1.07484
21	167	0.917279
21	175	1.04371
21	176	1.06024
21	178	1.04407
21	179	1.04724
21	180	1.05194
22	19	1.23005
22	41	0.70482
22	68	1.25364
22	99	1.13912
22	112	1.2565
22	125	1.20347
22	134	1.15178
22	143	0.731382
22	169	0.728403
22	170	0.697606
22	174	1.16544
22	178	0.745211
23	61	1.05029
23	80	1.05883
23	82	1.05644
23	92	1.07632
23	93	1.07543
23	97	1.02814
23	143	1.04135
23	147	0.87915
23	151	1.0132
23	170	0.889425
23	173	0.927404
23	176	0.909936
24	73	1.00572
24	78	1.0045
24	84	1.05587
24	124	1.10253
24	129	1.05798
24	145	1.07001
24	170	0.871952
24	171	0.903384
24	173	1.05251
24	175	0.911039
24	177	1.05088
24	178	0.919557
25	7	1.17606
25	96	0.688352
25	113	1.29725
25	130	1.3106
25	136	1.37354
25	152	1.34389
25	154	0.650845
25	156	0.509752
25	160	1.28695
25	174	0.6949
25	175	0.674978
25	177	0.687228
25	178	1.31172
26	55	0.758377
26	117	1.09849
26	140	1.13803
26	148	1.169
26	154	0.772599
26	156	1.17272
26	158	1.09019
26	162	1.15939
26	167	1.12678
26	173	1.14541
26	175	0.796732
26	176	0.778156
26	180	0.801514
27	66	1.29143
27	83	1.2698
27	95	1.29502
27	127	1.31085
27	138	0.657563
27	147	1.33031
27	149	0.639434
27	151	1.28981
27	158	0.680884
27	159	0.640229
27	169	1.31279
27	177	0.647226
27	178	0.643494
28	120	0.706072
28	126	1.08975
28	140	1.13576
28	141	1.16755
28	143	0.796786
28	149	0.806555
28	156	1.17045
28	161	1.13618
28	167	1.12451
28	170	1.15312
28	171	0.794441
28	174	1.12269
28	179	0.800967
29	1	1.31974
29	81	0.545089
29	87	1.17757
29	115	1.39742
29	150	1.30306
29	152	1.33536
29	155	1.28843
29	160	1.27842
29	172	0.657159
29	173	0.670855
29	175	0.671963
29	177	0.684213
29	180	0.676744
30	39	1.19064
30	78	1.08129
30	84	1.13267
30	96	0.797108
30	120	1.13397
30	124	1.17932
30	129	1.13478
30	139	1.11804
30	142	0.765414
30	172	0.76893
30	173	1.1293
30	175	0.783735
30	178	0.792253
31	50	0.781083
31	59	0.777453
31	116	1.12574
31	119	0.776745
31	135	1.10834
31	162	0.779871
31	164	1.14163
31	167	0.777736
31	168	1.13718
31	172	1.15927
31	176	1.14971
31	179	1.13671
31	180	1.14141
32	2	0.753013
32	52	1.11935
32	111	0.856213
32	119	0.772583
32	127	1.14646
32	141	0.738971
32	150	1.13466
32	160	1.11001
32	167	0.773574
32	169	1.1484
32	172	1.16051
32	179	1.13795
32	180	1.14265
33	40	1.22345
33	42	0.596011
33	99	1.27682
33	111	1.25543
33	112	1.3942
33	114	0.690238
33	125	1.34118
33	131	1.30579
33	170	0.620022
33	174	1.30314
33	177	0.671359
33	178	0.667627
33	180	0.663891
34	18	1.14278
34	39	1.18665
34	77	1.08845
34	94	1.15948
34	123	0.756903
34	129	1.1308
34	132	0.805024
34	133	0.79105
34	145	1.14282
34	154	0.784733
34	170	0.769779
34	173	1.12532
34	177	1.12369
35	68	0.699374
35	99	0.823447
35	102	0.817897
35	106	0.772874
35	118	1.17269
35	154	1.15925
35	157	0.778707
35	159	1.11466
35	164	1.13467
35	165	1.12831
35	175	1.12622
35	179	1.12975
35	180	1.13445
36	79	0.741891
36	98	0.748166
36	117	0.826845
36	120	0.802195
36	155	0.774133
36	159	1.1188
36	164	1.13882
36	168	1.13436
36	171	1.12749
36	172	1.15646
36	176	1.1469
36	177	1.13859
36	180	1.13859
37	10	0.589413
37	18	1.22399
37	39	1.26787
37	108	1.22084
37	124	1.25655
37	135	0.758488
37	139	1.19527
37	145	1.22404
37	159	0.722412
37	173	1.20653
37	176	0.698583
37	177	1.20491
37	179	0.716029
37	180	0.721941
38	4	1.25585
38	52	1.20233
38	75	1.19176
38	106	1.24254
38	113	1.20329
38	124	0.56148
38	143	1.23656
38	152	1.24993
38	165	0.73001
38	171	0.718377
38	173	0.724924
38	174	0.745954
38	178	1.21775
38	179	0.724902
39	30	1.19064
39	34	1.18665
39	37	1.26787
39	84	1.23215
39	100	0.646296
39	108	1.24309
39	145	1.24629
39	155	1.20454
39	165	0.720176
39	169	0.707909
39	170	0.677111
39	173	1.22878
39	174	0.73612
39	180	0.72098
40	33	1.22345
40	51	0.833081
40	58	1.09908
40	89	1.19224
40	111	0.999141
40	125	1.08489
40	131	1.04951
40	138	1.06179
40	155	1.04306
40	170	0.816169
40	172	0.840452
40	173	0.854148
40	174	1.04686
40	178	0.863774
41	22	0.70482
41	71	0.637299
41	103	0.675278
41	156	0.696766
41	161	0.753771
41	162	0.725529
41	163	1.23268
41	164	1.22694
41	168	1.22249
41	171	1.21562
41	175	1.21849
41	176	1.23503
41	179	1.22203
41	180	1.22672
42	33	0.596011
42	90	0.710083
42	101	0.756104
42	108	1.24758
42	128	0.702652
42	139	1.222
42	140	0.734007
42	155	1.20902
42	160	1.19901
42	162	0.694304
42	170	1.24324
42	171	1.22055
42	179	1.22695
42	180	1.23165
43	45	0.660377
43	110	0.789197
43	131	0.700625
43	145	0.679584
43	155	0.691911
43	157	0.670011
43	163	1.23071
43	165	1.21861
43	171	1.21366
43	172	1.24262
43	175	1.21652
43	176	1.23306
43	179	1.22006
43	180	1.22476
44	16	1.1387
44	19	1.13011
44	57	0.759756
44	99	1.03918
44	111	1.01779
44	112	1.15657
44	118	0.781167
44	125	1.10354
44	131	1.06816
44	138	1.08043
44	165	0.897525
44	168	0.891215
44	174	1.0655
44	176	0.874971
45	43	0.660377
45	55	1.21351
45	77	1.18008
45	94	1.25111
45	108	1.23126
45	124	1.26697
45	139	1.20568
45	142	0.719923
45	143	0.732933
45	145	1.23445
45	162	0.60178
45	173	1.21695
45	178	0.746762
45	180	0.743025
46	103	1.26498
46	133	0.683205
46	134	0.735549
46	144	1.24894
46	148	1.23589
46	153	1.18533
46	156	1.2396
46	161	1.20533
46	162	1.22627
46	165	0.704999
46	167	1.19366
46	169	0.692731
46	172	0.686216
46	180	0.705802
47	101	1.19002
47	109	1.24026
47	141	1.24821
47	142	0.687985
47	146	0.701283
47	148	1.24739
47	161	1.21684
47	162	1.23778
47	164	0.711587
47	167	1.20517
47	169	0.698017
47	171	0.698651
47	178	1.21432
47	180	0.711088
48	1	0.81342
48	3	0.984817
48	52	0.844402
48	71	0.76615
48	72	0.787094
48	109	1.10074
48	129	1.08976
48	145	1.10179
48	162	1.09826
48	167	1.06564
48	172	1.10053
48	177	1.08266
48	179	1.07797
48	180	1.08267
49	8	0.718783
49	12	1.2063
49	50	1.17333
49	60	0.764572
49	66	1.14889
49	90	1.1454
49	95	1.15248
49	127	1.16831
49	142	0.73743
49	147	1.18777
49	151	1.14728
49	169	1.17025
49	173	0.754643
49	177	0.768
49	178	0.764269
50	31	0.781083
50	49	1.17333
50	55	0.720259
50	66	1.15743
50	79	1.18949
50	83	1.1358
50	90	1.15394
50	95	1.16103
50	123	0.706651
50	127	1.17685
50	147	1.19631
50	151	1.15582
50	174	0.778536
50	179	0.757484
50	180	0.763396
51	40	0.833081
51	63	0.738811
51	128	0.743576
51	137	1.125
51	141	0.698488
51	151	0.745957
51	154	1.19271
51	163	1.17387
51	164	1.16814
51	167	0.733092
51	168	1.16369
51	172	1.18578
51	175	1.15968
51	179	1.16322
51	180	1.16792
52	32	1.11935
52	38	1.20233
52	48	0.844402
52	71	1.23218
52	73	0.705766
52	113	1.11858
52	115	1.22728
52	130	1.13193
52	136	1.19487
52	152	1.16522
52	154	0.72329
52	159	0.752676
52	160	1.10828
52	172	0.732619
52	173	0.746316
53	2	1.19254
53	74	1.24205
53	86	0.717595
53	104	0.737355
53	112	0.655798
53	117	1.10523
53	128	1.16903
53	148	1.17574
53	152	0.693464
53	156	1.17946
53	157	1.15976
53	167	1.13352
53	178	1.14267
53	179	0.845078
53	180	0.850989
54	3	0.856957
54	19	0.696747
54	57	0.729192
54	61	0.733741
54	99	0.761737
54	108	0.715453
54	163	1.16839
54	164	1.16266
54	166	1.18534
54	168	1.1582
54	172	1.1803
54	175	1.1542
54	176	1.17074
54	179	1.15774
54	180	1.16244
55	26	0.758377
55	45	1.21351
55	50	0.720259
55	63	1.16485
55	64	0.686044
55	110	0.828708
55	120	1.16867
55	126	0.800747
55	139	1.15274
55	148	0.7
55	150	1.1544
55	168	1.15816
55	170	1.17398
55	171	1.15129
55	180	1.16239
56	11	0.895352
56	95	0.718486
56	119	0.711329
56	124	0.686366
56	153	0.749271
56	159	1.1455
56	160	0.731499
56	164	1.16552
56	166	1.1882
56	168	1.16107
56	172	1.18316
56	175	1.15706
56	176	1.1736
56	179	1.1606
56	180	1.1653
57	44	0.759756
57	54	0.729192
57	128	1.19045
57	133	0.742258
57	148	1.19717
57	151	1.15474
57	153	1.14662
57	158	1.11835
57	161	1.16661
57	162	1.18756
57	167	1.15494
57	168	0.757742
57	169	0.751785
57	170	1.18355
57	180	0.764856
58	15	1.07031
58	16	1.25197
58	21	0.876733
58	40	1.09908
58	99	1.15245
58	111	1.13106
58	112	1.26983
58	131	1.18142
58	134	1.16511
58	158	0.76063
58	164	0.720003
58	172	0.699917
58	174	1.17877
58	177	0.726971
58	178	0.72324
59	14	1.17622
59	31	0.777453
59	69	1.21703
59	80	1.17218
59	82	1.16979
59	92	1.18967
59	93	1.18878
59	97	1.14149
59	143	1.1547
59	146	0.749961
59	158	1.09016
59	169	0.746694
59	170	0.715897
59	173	0.753876
59	178	0.763502
60	13	0.738723
60	49	0.764572
60	80	0.736022
60	98	0.752633
60	124	0.738135
60	165	1.16388
60	167	0.764089
60	168	1.1658
60	171	1.15893
60	172	1.18789
60	174	1.1512
60	175	1.16179
60	176	1.17833
60	178	1.16216
60	180	1.17003
61	23	1.05029
61	54	0.733741
61	93	1.22909
61	97	1.1818
61	107	1.18271
61	113	1.16174
61	146	0.7596
61	160	1.15144
61	162	1.19967
61	166	0.737953
61	167	1.16706
61	168	0.762291
61	172	0.749819
61	178	1.17621
61	179	0.763493
62	123	1.11854
62	151	0.916931
62	152	0.889921
62	156	0.877438
62	158	0.993071
62	162	0.906201
62	163	1.05264
62	167	0.904066
62	168	1.04245
62	172	1.06454
62	175	1.03844
62	176	1.05498
62	177	1.04667
62	179	1.04198
62	180	1.04668
63	51	0.738811
63	55	1.16485
63	102	1.11628
63	104	1.1315
63	115	1.25303
63	123	0.709023
63	149	0.765444
63	150	1.15868
63	152	1.19097
63	160	1.13403
63	169	1.17241
63	170	1.17826
63	175	0.760986
63	177	0.773236
63	179	0.759856
64	5	0.891351
64	55	0.686044
64	88	0.764602
64	103	1.21448
64	126	1.1084
64	128	1.17867
64	141	1.1862
64	153	1.13483
64	156	1.1891
64	157	1.16939
64	159	0.729652
64	162	1.17577
64	167	1.14316
64	172	0.709595
64	175	0.724399
65	9	0.745324
65	86	0.66106
65	151	1.15288
65	153	1.14476
65	156	1.19902
65	157	1.17932
65	162	1.1857
65	163	0.773369
65	167	1.15309
65	169	0.781383
65	172	0.774869
65	173	1.17172
65	174	1.15127
65	176	0.771097
65	178	1.16223
66	27	1.29143
66	49	1.14889
66	50	1.15743
66	67	1.15753
66	90	1.1295
66	95	1.13659
66	118	0.666448
66	123	0.726865
66	127	1.15241
66	147	1.17187
66	158	0.824736
66	169	1.15435
66	170	0.739741
66	176	0.760252
66	177	0.791078
67	66	1.15753
67	79	1.18959
67	83	1.1359
67	90	1.15404
67	95	1.16113
67	106	1.19006
67	127	1.17695
67	151	1.15592
67	158	0.787182
67	164	0.746555
67	169	1.17889
67	172	0.72647
67	174	0.761196
67	175	0.741274
67	180	0.746055
68	13	1.24948
68	22	1.25364
68	35	0.699374
68	79	1.25004
68	121	0.704616
68	124	1.28523
68	127	1.2374
68	131	1.21741
68	137	0.713977
68	145	1.25271
68	149	0.673003
68	169	1.23934
68	174	1.21476
68	178	0.677063
68	179	0.667415
68	180	0.673327
69	59	1.21703
69	80	1.26589
69	82	1.26349
69	92	1.28338
69	93	1.28249
69	96	0.712271
69	97	1.2352
69	123	0.646934
69	143	1.24841
69	146	0.693874
69	151	1.22025
69	158	1.18387
69	170	0.65981
69	171	0.691242
69	175	0.698897
69	178	0.707415
70	1	0.631095
70	89	0.617158
70	106	0.656699
70	117	0.737144
70	121	1.21897
70	126	0.753756
70	130	0.695415
70	132	1.23283
70	161	0.700298
70	165	1.24769
70	168	1.24961
70	169	1.25958
70	171	1.24274
70	175	1.2456
70	179	1.24914
70	180	1.25384
71	1	1.26416
71	41	0.637299
71	48	0.76615
71	52	1.23218
71	102	1.20509
71	107	1.2541
71	113	1.23314
71	138	0.691758
71	149	0.67363
71	150	1.24749
71	152	1.27978
71	160	1.22284
71	169	1.26122
71	173	0.668064
71	174	0.689094
71	177	0.681421
72	48	0.787094
72	75	1.21078
72	76	1.22297
72	107	1.24328
72	136	1.2986
72	138	0.712702
72	151	0.564382
72	152	1.26895
72	154	0.665982
72	160	1.21201
72	166	0.663446
72	169	1.2504
72	170	1.25624
72	174	0.710037
72	177	0.702365
72	178	1.23678
73	24	1.00572
73	52	0.705766
73	84	1.12403
73	91	1.16917
73	108	1.13497
73	120	1.12532
73	124	1.17068
73	129	1.12614
73	139	1.10939
73	145	1.13817
73	155	1.09642
73	159	0.857461
73	160	0.732788
73	169	0.843919
73	170	0.813121
73	179	0.851078
74	53	1.24205
74	88	0.738847
74	122	1.22912
74	135	0.739973
74	138	1.25182
74	146	0.693621
74	150	0.574911
74	153	1.23038
74	157	1.26494
74	161	1.25038
74	166	0.671975
74	167	1.2387
74	169	0.690355
74	174	1.23689
74	177	1.25572
74	179	0.697514
75	3	1.00684
75	38	1.19176
75	72	1.21078
75	87	0.996863
75	102	1.07995
75	115	1.21671
75	130	1.12136
75	134	0.838571
75	147	0.754681
75	160	1.09771
75	169	1.13609
75	170	1.14194
75	173	0.802936
75	174	0.823966
75	176	0.785468
75	179	0.802914
76	1	1.15122
76	3	1.01903
76	72	1.22297
76	87	1.00905
76	98	1.13158
76	113	1.1202
76	138	0.823395
76	150	1.13455
76	152	1.16684
76	160	1.1099
76	163	0.784505
76	164	0.80609
76	173	0.799701
76	176	0.782233
76	177	0.813058
76	178	1.13466
77	11	1.01775
77	34	1.08845
77	45	1.18008
77	84	1.13395
77	124	1.1806
77	134	1.09647
77	139	1.11931
77	142	0.813103
77	145	1.14809
77	148	0.675913
77	155	1.10634
77	159	0.836676
77	166	0.804754
77	171	0.823768
77	174	0.851346
77	177	1.12896
78	24	1.0045
78	30	1.08129
78	91	1.16794
78	94	1.1536
78	108	1.13375
78	124	1.16946
78	129	1.12492
78	138	0.854398
78	139	1.10817
78	142	0.81349
78	144	0.656855
78	145	1.13694
78	159	0.837064
78	170	0.792724
78	173	1.11944
78	174	0.851733
79	12	1.22246
79	36	0.741891
79	50	1.18949
79	67	1.18959
79	68	1.25004
79	83	1.14342
79	90	1.16156
79	95	1.16864
79	116	0.74545
79	127	1.18447
79	147	1.20393
79	168	0.735205
79	169	1.18641
79	170	0.69845
79	172	0.722733
79	176	0.718961
79	178	0.746055
80	23	1.05883
80	59	1.17218
80	60	0.736022
80	69	1.26589
80	82	1.21864
80	92	1.23852
80	93	1.23763
80	97	1.19034
80	134	0.761729
80	143	1.20355
80	147	0.677838
80	151	1.1754
80	158	1.13901
80	163	0.710897
80	174	0.747123
80	177	0.739451
80	178	0.735719
81	29	0.545089
81	88	0.807195
81	122	1.16296
81	123	0.715029
81	126	1.13779
81	128	1.20805
81	144	1.22782
81	148	1.21477
81	154	0.742859
81	156	1.21848
81	162	1.20516
81	164	0.772273
81	167	1.17254
81	171	0.759337
81	174	1.17073
81	175	0.766992
81	178	1.18169
82	14	1.22268
82	23	1.05644
82	59	1.16979
82	69	1.26349
82	80	1.21864
82	92	1.23613
82	93	1.23524
82	97	1.18795
82	123	0.676005
82	137	0.7734
82	142	0.709647
82	151	1.17301
82	158	1.13662
82	173	0.72686
82	174	0.74789
82	177	0.740218
82	178	0.736486
83	12	1.16877
83	27	1.2698
83	50	1.1358
83	67	1.1359
83	79	1.14342
83	90	1.10787
83	95	1.11496
83	100	0.723431
83	127	1.13078
83	132	0.789492
83	147	1.15024
83	151	1.10975
83	154	0.7692
83	165	0.797312
83	169	1.13272
83	170	0.754247
83	176	0.774758
83	178	0.801852
84	11	1.05798
84	24	1.05587
84	30	1.13267
84	39	1.23215
84	73	1.12403
84	77	1.13395
84	120	1.17548
84	139	1.15955
84	145	1.18832
84	151	0.658605
84	158	0.830246
84	169	0.776049
84	173	1.17081
84	174	0.80426
84	176	0.765762
84	177	1.16919
84	179	0.783208
84	180	0.78912
85	20	1.30169
85	87	1.14593
85	98	1.26846
85	102	1.22902
85	130	1.27043
85	132	0.676565
85	147	0.631044
85	150	1.27142
85	152	1.30372
85	160	1.24678
85	164	0.685688
85	165	0.684384
85	170	1.291
85	173	0.679299
85	174	0.700329
85	176	0.661831
85	177	0.692656
85	178	1.27154
86	4	0.601944
86	53	0.717595
86	65	0.66106
86	87	0.851084
86	105	1.27958
86	130	0.652149
86	132	1.24233
86	140	0.668493
86	155	0.641165
86	156	0.600026
86	158	1.20972
86	166	1.28623
86	171	1.25223
86	172	1.2812
86	175	1.2551
86	176	1.27164
86	179	1.25864
86	180	1.26334
87	29	1.17757
87	75	0.996863
87	76	1.00905
87	85	1.14593
87	86	0.851084
87	118	0.867317
87	130	1.02174
87	133	0.961881
87	136	1.08468
87	143	1.04166
87	147	0.930335
87	150	1.02274
87	160	0.998095
87	166	0.953028
87	167	0.841099
87	169	1.03648
87	170	1.04232
87	178	1.02286
88	64	0.764602
88	74	0.738847
88	81	0.807195
88	115	0.741725
88	142	1.15342
88	144	0.759113
88	149	1.15236
88	156	0.768842
88	159	1.12657
88	160	0.814649
88	165	1.14021
88	166	1.16926
88	168	1.14213
88	171	1.13526
88	175	1.13812
88	176	1.15466
88	179	1.14166
88	180	1.14636
89	15	1.16347
89	40	1.19224
89	70	0.617158
89	99	1.24561
89	111	1.22422
89	112	1.36299
89	125	1.30997
89	131	1.27458
89	138	1.28686
89	147	0.653142
89	155	1.26814
89	161	0.594283
89	164	0.707786
89	174	1.27193
89	175	0.702505
89	177	0.714754
89	178	0.711023
89	180	0.707286
90	12	1.18691
90	42	0.710083
90	49	1.1454
90	50	1.15394
90	66	1.1295
90	67	1.15404
90	79	1.16156
90	83	1.10787
90	95	1.1331
90	121	0.809253
90	127	1.14892
90	151	1.12789
90	165	0.777159
90	169	1.15086
90	175	0.773181
90	177	0.785431
90	178	0.7817
90	179	0.772051
91	18	1.23342
91	73	1.16917
91	78	1.16794
91	94	1.25012
91	120	1.22062
91	129	1.22143
91	134	1.18185
91	143	0.721722
91	145	1.23346
91	149	0.731491
91	155	1.19171
91	159	0.732286
91	162	0.590569
91	165	0.731011
91	171	0.719377
91	173	1.21595
91	174	0.746955
91	177	1.21433
91	178	0.735551
92	14	1.24256
92	23	1.07632
92	59	1.18967
92	69	1.28338
92	80	1.23852
92	82	1.23613
92	93	1.25512
92	97	1.20784
92	135	0.750182
92	143	1.22105
92	151	1.19289
92	158	1.15651
92	169	0.700564
92	173	0.707746
92	174	0.728775
92	175	0.708853
92	176	0.690278
92	178	0.717372
92	179	0.707723
93	14	1.24167
93	23	1.07543
93	59	1.18878
93	61	1.22909
93	69	1.28249
93	80	1.23763
93	82	1.23524
93	92	1.25512
93	97	1.20694
93	147	0.674929
93	151	1.192
93	158	1.15561
93	164	0.729573
93	166	0.697622
93	169	0.716002
93	172	0.709488
93	173	0.723184
93	175	0.724292
93	177	0.736542
94	13	1.21589
94	34	1.15948
94	45	1.25111
94	78	1.1536
94	91	1.25012
94	105	0.701714
94	121	0.7555
94	124	1.25163
94	129	1.20709
94	133	0.701613
94	139	1.19035
94	145	1.21912
94	170	0.680342
94	172	0.704625
94	173	1.20161
94	174	0.739351
94	176	0.700853
94	177	1.19999
94	178	0.727947
95	12	1.19399
95	27	1.29502
95	49	1.15248
95	50	1.16103
95	56	0.718486
95	66	1.13659
95	67	1.16113
95	79	1.16864
95	83	1.11496
95	90	1.1331
95	106	1.16911
95	118	0.649052
95	127	1.15601
95	158	0.807341
95	169	1.15795
95	171	0.753778
95	173	0.760325
95	174	0.781355
95	177	0.773683
95	180	0.766214
96	25	0.688352
96	30	0.797108
96	69	0.712271
96	132	1.14708
96	135	1.13501
96	136	0.728007
96	139	0.800655
96	144	0.732283
96	148	0.751729
96	154	1.19287
96	155	0.783152
96	159	1.14829
96	164	1.1683
96	166	1.19098
96	168	1.16385
96	172	1.18594
96	175	1.15984
96	176	1.17638
96	179	1.16338
96	180	1.16808
97	14	1.19438
97	23	1.02814
97	59	1.14149
97	61	1.1818
97	69	1.2352
97	80	1.19034
97	82	1.18795
97	92	1.20784
97	93	1.20694
97	105	0.726081
97	137	0.789228
97	138	0.766383
97	143	1.17287
97	151	1.14471
97	158	1.10833
97	173	0.742688
97	175	0.743796
97	178	0.752314
97	179	0.742666
97	180	0.748577
98	36	0.748166
98	60	0.752633
98	76	1.13158
98	85	1.26846
98	104	1.11809
98	107	1.15188
98	115	1.23962
98	130	1.14427
98	135	0.785141
98	136	1.2072
98	149	0.74827
98	150	1.14526
98	152	1.17756
98	155	1.13063
98	160	1.12062
98	165	0.74779
98	168	0.741479
98	170	1.16484
98	172	0.729008
98	177	0.756062
99	15	0.991765
99	16	1.17343
99	22	1.13912
99	33	1.27682
99	35	0.823447
99	44	1.03918
99	54	0.761737
99	58	1.15245
99	89	1.24561
99	111	1.05252
99	112	1.19129
99	125	1.13827
99	131	1.10288
99	155	1.09643
99	158	0.838527
99	166	0.765949
99	168	0.790286
99	170	0.753532
99	174	1.10023
99	176	0.774043
99	178	0.801137
100	39	0.646296
100	83	0.723431
100	101	0.7493
100	119	0.684373
100	120	0.727938
100	151	0.698229
100	156	0.658737
100	159	1.20417
100	161	0.715741
100	162	0.6875
100	163	1.22992
100	165	1.21782
100	166	1.24687
100	168	1.21973
100	170	1.23556
100	171	1.21286
100	172	1.24183
100	175	1.21573
100	176	1.23227
100	179	1.21927
100	180	1.22397
101	42	0.756104
101	47	1.19002
101	100	0.7493
101	117	1.08674
101	118	0.706822
101	122	1.10544
101	126	1.08027
101	128	1.15054
101	132	0.815361
101	143	0.813892
101	144	1.17031
101	147	1.15532
101	149	0.823661
101	153	1.1067
101	156	1.16097
101	157	1.14127
101	159	0.824455
101	167	1.11503
101	174	1.11322
101	175	0.819203
101	178	1.12418
102	20	1.1361
102	35	0.817897
102	63	1.11628
102	71	1.20509
102	75	1.07995
102	85	1.22902
102	113	1.09148
102	130	1.10484
102	135	0.828397
102	136	1.16777
102	137	0.8325
102	143	1.12475
102	150	1.10583
102	152	1.13813
102	160	1.08119
102	161	0.678847
102	168	0.784736
102	169	1.11957
102	172	0.772264
102	173	0.785961
102	174	0.80699
103	41	0.675278
103	46	1.26498
103	64	1.21448
103	114	0.73828
103	119	1.21827
103	132	0.703309
103	140	1.21275
103	141	1.24454
103	142	0.68883
103	144	1.25677
103	146	0.702128
103	153	1.19317
103	157	1.22773
103	161	1.21317
103	162	1.23411
103	164	0.712432
103	166	0.680481
103	167	1.2015
103	168	0.704818
103	177	1.21851
103	179	0.706021
104	1	1.13773
104	53	0.737355
104	63	1.1315
104	98	1.11809
104	106	1.14596
104	107	1.12768
104	113	1.10671
104	130	1.12006
104	136	1.183
104	138	0.8076
104	142	0.766693
104	143	1.13998
104	150	1.12106
104	155	1.10642
104	158	0.830922
104	165	0.788992
104	170	1.14064
104	173	0.783906
104	174	0.804936
104	178	1.12118
104	180	0.789795
105	10	0.748405
105	86	1.27958
105	94	0.701714
105	97	0.726081
105	119	0.736561
105	124	0.711599
105	135	1.14738
105	152	0.723407
105	153	0.774503
105	157	0.730163
105	159	1.16066
105	162	0.739687
105	166	1.20336
105	171	1.16936
105	172	1.19832
105	173	1.18207
105	174	1.16162
105	175	1.17222
105	176	1.18876
105	177	1.18045
105	179	1.17576
105	180	1.18046
106	2	1.22313
106	4	1.21135
106	35	0.772874
106	38	1.24254
106	67	1.19006
106	70	0.656699
106	95	1.16911
106	104	1.14596
106	127	1.18494
106	134	0.776573
106	142	0.723724
106	147	1.2044
106	153	1.15578
106	160	1.14849
106	164	0.747326
106	166	0.715376
106	167	1.16411
106	169	1.18688
106	171	0.73439
106	175	0.742045
106	178	1.17326
106	179	0.740915
107	4	1.19307
107	61	1.18271
107	71	1.2541
107	72	1.24328
107	98	1.15188
107	104	1.12768
107	110	0.708007
107	113	1.1405
107	115	1.2492
107	136	1.21679
107	138	0.757396
107	147	0.685446
107	150	1.15485
107	152	1.18715
107	154	0.710676
107	158	0.780717
107	160	1.13021
107	168	0.732476
107	169	1.16859
107	174	0.754731
107	177	0.747059
107	179	0.733679
108	11	1.06893
108	13	1.19603
108	37	1.22084
108	39	1.24309
108	42	1.24758
108	45	1.23126
108	54	0.715453
108	73	1.13497
108	78	1.13375
108	120	1.18642
108	123	0.694371
108	129	1.18724
108	138	0.768921
108	139	1.17049
108	145	1.19927
108	163	0.730031
108	164	0.751616
108	165	0.750313
108	170	0.707248
108	174	0.766257
108	176	0.727759
108	177	1.18013
109	47	1.24026
109	48	1.10074
109	116	0.763042
109	123	0.703165
109	125	0.627419
109	144	1.22054
109	148	1.20749
109	151	1.16506
109	153	1.15694
109	156	1.2112
109	157	1.1915
109	161	1.17694
109	162	1.19788
109	164	0.760409
109	165	0.759106
109	167	1.16527
109	169	0.746839
109	173	1.1839
109	176	0.736552
109	177	1.18228
109	179	0.753998
109	180	0.75991
110	2	1.13732
110	43	0.789197
110	55	0.828708
110	107	0.708007
110	126	1.04354
110	128	1.1138
110	141	1.12133
110	142	0.848743
110	147	1.11858
110	148	1.12052
110	153	1.06996
110	157	1.10453
110	161	1.08996
110	162	1.1109
110	167	1.07829
110	168	0.864731
110	170	1.1069
110	172	0.852259
110	173	1.09693
110	175	0.867064
110	176	0.848488
110	178	1.08744
111	15	0.970371
111	19	1.14345
111	32	0.856213
111	33	1.25543
111	40	0.999141
111	44	1.01779
111	58	1.13106
111	89	1.22422
111	99	1.05252
111	112	1.1699
111	125	1.11687
111	131	1.08149
111	134	1.06518
111	138	1.09377
111	158	0.883814
111	167	0.699308
111	170	0.798819
111	171	0.830251
111	174	1.07884
111	177	0.850156
111	178	0.846424
111	180	0.842688
112	15	1.10915
112	19	1.28222
112	22	1.2565
112	33	1.3942
112	44	1.15657
112	53	0.655798
112	58	1.26983
112	89	1.36299
112	99	1.19129
112	111	1.1699
112	116	0.711369
112	125	1.25565
112	131	1.22027
112	154	0.679323
112	155	1.21382
112	163	0.687152
112	166	0.676786
112	170	0.664369
112	173	0.702348
112	174	1.21761
112	177	0.715706
112	178	0.711974
112	180	0.708237
113	7	0.998346
113	25	1.29725
113	38	1.20329
113	52	1.11858
113	61	1.16174
113	71	1.23314
113	76	1.1202
113	102	1.09148
113	104	1.10671
113	107	1.1405
113	114	0.822659
113	130	1.13289
113	134	0.826058
113	136	1.19582
113	150	1.13388
113	152	1.16618
113	162	0.655067
113	163	0.775226
113	167	0.652932
113	173	0.790422
113	175	0.79153
113	177	0.80378
113	179	0.7904
114	2	0.765835
114	4	0.761686
114	33	0.690238
114	103	0.73828
114	113	0.822659
114	119	0.785405
114	123	1.21514
114	141	0.751792
114	149	1.14928
114	151	0.799261
114	157	0.779007
114	159	1.12349
114	163	1.14924
114	164	1.1435
114	166	1.16618
114	168	1.13905
114	169	1.14903
114	170	1.15487
114	171	1.13218
114	172	1.16114
114	175	1.13504
114	179	1.13858
114	180	1.14328
115	3	1.12707
115	7	1.10705
115	29	1.39742
115	52	1.22728
115	63	1.25303
115	75	1.21671
115	88	0.741725
115	98	1.23962
115	107	1.2492
115	134	0.73605
115	136	1.30453
115	147	0.652159
115	150	1.24259
115	152	1.27488
115	160	1.21794
115	165	0.7055
115	166	0.674852
115	167	0.562924
115	173	0.700414
115	174	0.721444
115	175	0.701522
115	177	0.713772
115	178	1.2427
116	31	1.12574
116	79	0.74545
116	109	0.763042
116	112	0.711369
116	130	0.788675
116	140	0.805019
116	146	1.15988
116	148	0.746269
116	151	0.776045
116	154	1.17334
116	161	0.793557
116	164	1.14877
116	165	1.1424
116	166	1.17145
116	167	0.763181
116	168	1.14432
116	171	1.13745
116	172	1.16641
116	175	1.14031
116	176	1.15685
116	178	1.14068
116	179	1.14385
116	180	1.14855
117	10	1.15777
117	26	1.09849
117	36	0.826845
117	53	1.10523
117	70	0.737144
117	101	1.08674
117	119	1.11866
117	120	0.726466
117	122	1.0923
117	134	0.857019
117	140	1.11314
117	143	0.81718
117	144	1.15716
117	148	1.14411
117	153	1.09356
117	154	0.798358
117	156	1.14782
117	157	1.12812
117	162	1.1345
117	166	0.795821
117	167	1.10188
117	173	1.12052
117	179	0.821361
117	180	0.827272
118	2	0.622326
118	11	0.825919
118	35	1.17269
118	44	0.781167
118	66	0.666448
118	87	0.867317
118	95	0.649052
118	101	0.706822
118	126	0.726722
118	129	0.669829
118	146	1.21378
118	149	1.20845
118	153	0.679837
118	159	1.18266
118	163	1.20841
118	164	1.20267
118	165	1.19631
118	168	1.19822
118	171	1.19135
118	172	1.22031
118	175	1.19421
118	176	1.21075
118	179	1.19775
118	180	1.20245
119	31	0.776745
119	32	0.772583
119	56	0.711329
119	100	0.684373
119	103	1.21827
119	105	0.736561
119	114	0.785405
119	117	1.11866
119	122	1.13736
119	135	0.795605
119	140	1.15821
119	144	1.20223
119	148	1.18917
119	153	1.13862
119	156	1.19289
119	157	1.17318
119	161	1.15862
119	162	1.17956
119	163	0.737972
119	167	1.14695
119	169	0.745986
119	170	1.17556
119	173	1.16559
119	174	1.14514
119	180	0.759057
120	11	1.05928
120	18	1.18958
120	28	0.706072
120	30	1.13397
120	36	0.802195
120	55	1.16867
120	73	1.12532
120	84	1.17548
120	91	1.22062
120	100	0.727938
120	108	1.18642
120	117	0.726466
120	124	1.22213
120	129	1.17759
120	139	1.16085
120	145	1.18962
120	147	0.748478
120	152	0.645097
120	155	1.14787
120	168	0.795508
120	169	0.789551
120	170	0.758753
120	173	1.17211
120	177	1.17049
120	178	0.806359
121	68	0.704616
121	70	1.21897
121	90	0.809253
121	94	0.7555
121	127	0.764223
121	131	0.814563
121	142	1.1364
121	144	0.754981
121	146	1.14067
121	149	1.13534
121	151	0.804203
121	155	0.80585
121	157	0.78395
121	162	0.793473
121	164	1.12957
121	165	1.1232
121	166	1.15224
121	168	1.12511
121	171	1.11824
121	172	1.14721
121	173	1.13096
121	175	1.12111
121	176	1.13765
121	177	1.12934
121	179	1.12465
121	180	1.12935
122	74	1.22912
122	81	1.16296
122	101	1.10544
122	117	1.0923
122	119	1.13736
122	123	0.745825
122	138	1.13371
122	139	0.691205
122	140	1.13184
122	142	0.779468
122	144	1.17586
122	149	0.802247
122	153	1.11226
122	156	1.16653
122	157	1.14682
122	158	1.084
122	159	0.803042
122	161	1.13226
122	164	0.80307
122	167	1.12059
122	171	0.790133
122	173	1.13922
122	175	0.797789
122	178	1.12974
122	179	0.796659
122	180	0.80257
123	17	1.11251
123	34	0.756903
123	50	0.706651
123	62	1.11854
123	63	0.709023
123	66	0.726865
123	69	0.646934
123	81	0.715029
123	82	0.676005
123	108	0.694371
123	109	0.703165
123	114	1.21514
123	122	0.745825
123	137	1.19315
123	143	1.247
123	146	1.2474
123	155	0.717815
123	159	1.21628
123	164	1.23629
123	168	1.23184
123	171	1.22497
123	174	1.21724
123	175	1.22783
123	176	1.24437
123	179	1.23137
123	180	1.23607
124	18	1.23493
124	24	1.10253
124	30	1.17932
124	37	1.25655
124	38	0.56148
124	45	1.26697
124	56	0.686366
124	60	0.738135
124	68	1.28523
124	73	1.17068
124	77	1.1806
124	78	1.16946
124	94	1.25163
124	105	0.711599
124	120	1.22213
124	129	1.22295
124	139	1.2062
124	145	1.23497
124	149	0.733772
124	164	0.734595
124	169	0.721024
124	171	0.721658
124	172	0.714509
124	174	0.749236
124	177	1.21584
124	178	0.737832
125	15	1.05612
125	16	1.23779
125	19	1.2292
125	22	1.20347
125	33	1.34118
125	40	1.08489
125	44	1.10354
125	89	1.30997
125	99	1.13827
125	109	0.627419
125	111	1.11687
125	112	1.25565
125	131	1.16724
125	134	1.15093
125	135	0.807485
125	138	1.17952
125	150	0.642423
125	155	1.16079
125	159	0.771409
125	166	0.739487
125	169	0.757867
125	170	0.727069
125	172	0.751352
125	173	0.765048
125	174	1.16459
125	176	0.74758
125	178	0.774674
126	28	1.08975
126	55	0.800747
126	64	1.1084
126	70	0.753756
126	81	1.13779
126	101	1.08027
126	110	1.04354
126	118	0.726722
126	128	1.13093
126	133	0.821286
126	140	1.10667
126	141	1.13846
126	144	1.15069
126	148	1.13764
126	151	1.09521
126	153	1.08709
126	156	1.14136
126	157	1.12165
126	159	0.844355
126	161	1.10709
126	162	1.12803
126	164	0.844383
126	166	0.812433
126	167	1.09542
126	172	0.824298
126	179	0.837972
126	180	0.843884
127	12	1.20982
127	27	1.31085
127	32	1.14646
127	49	1.16831
127	50	1.17685
127	66	1.15241
127	67	1.17695
127	68	1.2374
127	79	1.18447
127	83	1.13078
127	90	1.14892
127	95	1.15601
127	106	1.18494
127	121	0.764223
127	137	0.773584
127	147	1.19129
127	151	1.1508
127	163	0.711848
127	165	0.73213
127	169	1.17377
127	171	0.720497
127	173	0.727044
127	174	0.748074
127	177	0.740402
127	178	0.73667
127	179	0.727022
127	180	0.732934
128	42	0.702652
128	51	0.743576
128	53	1.16903
128	57	1.19045
128	64	1.17867
128	81	1.20805
128	101	1.15054
128	110	1.1138
128	126	1.13093
128	135	0.80708
128	141	1.20872
128	142	0.74743
128	143	0.76044
128	144	1.22096
128	152	0.613007
128	154	0.741618
128	156	1.21162
128	157	1.19192
128	162	1.1983
128	166	0.739081
128	167	1.16568
128	169	0.757462
128	170	1.19429
128	172	0.750947
128	173	1.18432
128	176	0.747175
128	177	1.1827
129	11	1.06009
129	13	1.1872
129	18	1.19039
129	24	1.05798
129	30	1.13478
129	34	1.1308
129	48	1.08976
129	73	1.12614
129	78	1.12492
129	91	1.22143
129	94	1.20709
129	108	1.18724
129	118	0.669829
129	120	1.17759
129	124	1.22295
129	137	0.827642
129	139	1.16166
129	140	0.685449
129	155	1.14868
129	165	0.786187
129	168	0.779877
129	170	0.743122
129	174	0.802132
129	175	0.78221
129	176	0.763634
129	177	1.1713
129	178	0.790728
129	179	0.78108
130	4	1.18545
130	25	1.3106
130	52	1.13193
130	70	0.695415
130	75	1.12136
130	85	1.27043
130	86	0.652149
130	87	1.02174
130	98	1.14427
130	102	1.10484
130	104	1.12006
130	113	1.13289
130	116	0.788675
130	143	1.16616
130	147	0.731399
130	150	1.14724
130	152	1.17953
130	155	1.1326
130	158	0.82667
130	160	1.12259
130	164	0.786043
130	165	0.78474
130	169	1.16097
130	171	0.773107
130	174	0.800684
130	177	0.793012
130	178	1.14736
130	179	0.779632
131	15	1.02074
131	16	1.2024
131	19	1.19381
131	33	1.30579
131	40	1.04951
131	43	0.700625
131	44	1.06816
131	58	1.18142
131	68	1.21741
131	89	1.27458
131	99	1.10288
131	111	1.08149
131	112	1.22027
131	121	0.814563
131	125	1.16724
131	134	1.11555
131	138	1.14413
131	147	0.72913
131	155	1.12541
131	163	0.762188
131	169	0.770203
131	170	0.739405
131	171	0.770837
131	173	0.777384
131	174	1.1292
131	175	0.778492
131	178	0.78701
131	180	0.783274
132	34	0.805024
132	70	1.23283
132	83	0.789492
132	85	0.676565
132	86	1.24233
132	96	1.14708
132	101	0.815361
132	103	0.703309
132	137	1.10029
132	139	0.78344
132	140	0.793264
132	146	1.15454
132	148	0.734514
132	149	1.14921
132	154	1.16801
132	155	0.765937
132	157	0.744037
132	159	1.12342
132	161	0.781802
132	165	1.13707
132	168	1.13898
132	171	1.13211
132	172	1.16108
132	173	1.14483
132	175	1.13498
132	176	1.15151
132	179	1.13851
132	180	1.14321
133	8	1.18951
133	34	0.79105
133	46	0.683205
133	57	0.742258
133	87	0.961881
133	94	0.701613
133	126	0.821286
133	135	1.11926
133	142	1.15939
133	149	1.15833
133	153	0.774402
133	156	0.710823
133	157	0.730062
133	159	1.13254
133	162	0.739586
133	163	1.15829
133	164	1.15256
133	165	1.14619
133	166	1.17523
133	167	0.737451
133	168	1.1481
133	171	1.14123
133	172	1.1702
133	175	1.1441
133	176	1.16064
133	178	1.14446
133	179	1.14764
133	180	1.15233
134	4	0.765085
134	11	1.02051
134	22	1.15178
134	46	0.735549
134	58	1.16511
134	75	0.838571
134	77	1.09647
134	80	0.761729
134	91	1.18185
134	106	0.776573
134	111	1.06518
134	113	0.826058
134	115	0.73605
134	117	0.857019
134	125	1.15093
134	131	1.11555
134	139	1.12207
134	142	1.13878
134	145	1.15085
134	149	1.13772
134	150	0.80466
134	152	0.77565
134	154	1.15652
134	161	0.820172
134	170	1.14331
134	174	1.11289
134	177	1.13172
134	179	1.12703
134	180	1.13173
135	31	1.10834
135	37	0.758488
135	74	0.739973
135	92	0.750182
135	96	1.13501
135	98	0.785141
135	102	0.828397
135	105	1.14738
135	119	0.795605
135	125	0.807485
135	128	0.80708
135	133	1.11926
135	137	1.08822
135	149	1.13714
135	151	0.809461
135	159	1.11135
135	160	0.815775
135	162	0.798731
135	163	1.1371
135	164	1.13136
135	166	1.15404
135	168	1.12691
135	171	1.12004
135	173	1.13276
135	175	1.12291
135	176	1.13944
135	177	1.13113
135	179	1.12645
135	180	1.13114
136	3	1.09466
136	7	1.07464
136	8	0.677665
136	20	1.24044
136	25	1.37354
136	52	1.19487
136	72	1.2986
136	87	1.08468
136	96	0.728007
136	98	1.2072
136	102	1.16777
136	104	1.183
136	107	1.21679
136	113	1.19582
136	115	1.30453
136	138	0.73722
136	150	1.21017
136	152	1.24247
136	155	1.19554
136	158	0.760541
136	160	1.18553
136	163	0.698329
136	164	0.719914
136	165	0.718611
136	168	0.7123
136	170	1.22975
136	172	0.699829
136	173	0.713525
136	174	0.734555
136	176	0.696057
136	180	0.719414
137	6	1.01215
137	51	1.125
137	68	0.713977
137	82	0.7734
137	97	0.789228
137	102	0.8325
137	123	1.19315
137	127	0.773584
137	129	0.827642
137	132	1.10029
137	135	1.08822
137	142	1.12835
137	146	1.13262
137	148	0.783788
137	150	0.815564
137	151	0.813564
137	153	0.83765
137	154	1.14609
137	161	0.831076
137	163	1.12725
137	165	1.11515
137	166	1.14419
137	167	0.800699
137	171	1.11019
137	172	1.13916
137	173	1.12291
137	175	1.11306
137	176	1.1296
137	177	1.12129
137	178	1.11342
137	179	1.1166
137	180	1.1213
138	20	0.742777
138	27	0.657563
138	40	1.06179
138	44	1.08043
138	71	0.691758
138	72	0.712702
138	74	1.25182
138	76	0.823395
138	78	0.854398
138	89	1.28686
138	97	0.766383
138	104	0.8076
138	107	0.757396
138	108	0.768921
138	111	1.09377
138	122	1.13371
138	125	1.17952
138	131	1.14413
138	136	0.73722
138	145	0.780038
138	154	1.18511
138	155	1.13768
138	160	0.797033
138	161	1.15496
138	167	1.14329
138	168	1.15608
138	174	1.14148
138	175	1.15208
138	176	1.16861
138	177	1.1603
138	178	1.15244
138	179	1.15562
138	180	1.16031
139	11	1.04335
139	13	1.17045
139	30	1.11804
139	37	1.19527
139	42	1.222
139	45	1.20568
139	55	1.15274
139	73	1.10939
139	77	1.11931
139	78	1.10817
139	84	1.15955
139	94	1.19035
139	96	0.800655
139	108	1.17049
139	120	1.16085
139	122	0.691205
139	124	1.2062
139	129	1.16166
139	132	0.78344
139	134	1.12207
139	145	1.17369
139	146	0.782258
139	158	0.833189
139	161	0.67906
139	162	0.650818
139	166	0.760612
139	168	0.784949
139	170	0.748194
139	173	1.15618
139	174	0.807204
139	177	1.15456
139	178	0.7958
139	180	0.792063
140	26	1.13803
140	28	1.13576
140	42	0.734007
140	86	0.668493
140	103	1.21275
140	116	0.805019
140	117	1.11314
140	119	1.15821
140	122	1.13184
140	126	1.10667
140	129	0.685449
140	132	0.793264
140	141	1.18447
140	146	0.792082
140	148	1.18366
140	149	0.801564
140	150	0.673372
140	153	1.1331
140	154	0.772972
140	156	1.18737
140	157	1.16767
140	161	1.1531
140	162	1.17404
140	167	1.14143
140	168	0.794773
140	169	0.788816
140	170	1.17004
140	173	1.16007
140	174	1.13962
140	175	0.797106
140	177	1.15844
140	178	1.15058
140	180	0.801887
141	6	0.88043
141	28	1.16755
141	32	0.738971
141	47	1.24821
141	51	0.698488
141	64	1.1862
141	103	1.24454
141	110	1.12133
141	114	0.751792
141	126	1.13846
141	128	1.20872
141	140	1.18447
141	143	0.715353
141	148	1.21544
141	153	1.16489
141	156	1.21915
141	157	1.19945
141	161	1.18488
141	162	1.20583
141	163	0.704359
141	164	0.725944
141	167	1.17321
141	169	0.712374
141	170	1.20182
141	171	0.713008
141	172	0.705859
141	173	1.19185
141	174	1.1714
141	175	0.720664
141	176	0.702088
141	177	1.19023
141	178	1.18236
141	179	0.719533
141	180	0.725445
142	1	0.69812
142	30	0.765414
142	45	0.719923
142	47	0.687985
142	49	0.73743
142	77	0.813103
142	78	0.81349
142	82	0.709647
142	88	1.15342
142	103	0.68883
142	104	0.766693
142	106	0.723724
142	110	0.848743
142	121	1.1364
142	122	0.779468
142	128	0.74743
142	133	1.15939
142	134	1.13878
142	137	1.12835
142	146	1.1826
142	154	1.19607
142	159	1.15148
142	163	1.17723
142	164	1.1715
142	165	1.16513
142	166	1.19417
142	168	1.16704
142	169	1.17702
142	171	1.16017
142	172	1.18914
142	176	1.17958
142	177	1.17127
142	178	1.1634
142	179	1.16658
142	180	1.17128
143	10	0.760809
143	13	0.724591
143	19	0.722318
143	22	0.731382
143	23	1.04135
143	28	0.796786
143	38	1.23656
143	45	0.732933
143	59	1.1547
143	69	1.24841
143	80	1.20355
143	87	1.04166
143	91	0.721722
143	92	1.22105
143	97	1.17287
143	101	0.813892
143	102	1.12475
143	104	1.13998
143	117	0.81718
143	123	1.247
