1	74	0.739583
1	86	1.21946
1	102	1.1761
1	118	1.23431
1	120	1.21348
1	133	0.741232
1	148	1.2173
1	150	0.790604
1	151	1.20393
1	160	0.818711
1	175	1.1351
1	177	0.909783
2	24	0.732501
2	54	1.05494
2	62	1.11682
2	86	1.03303
2	117	1.06197
2	118	1.04788
2	120	1.02705
2	129	1.04131
2	151	1.0175
2	156	0.993068
2	157	0.882021
2	171	1.31226
3	46	0.829916
3	132	0.807055
3	133	1.11041
3	150	1.06057
3	154	0.851852
3	157	1.03279
3	163	1.10679
3	166	0.907612
3	168	1.12943
3	169	1.00864
3	172	1.04448
3	178	0.808472
4	61	0.611276
4	86	1.2086
4	99	0.798228
4	103	1.13482
4	120	1.20262
4	122	1.23722
4	129	1.21688
4	148	1.20644
4	151	1.19306
4	167	0.621341
4	171	1.19122
4	174	0.781657
5	90	1.28547
5	105	0.752317
5	131	0.72855
5	140	0.709485
5	154	1.21744
5	161	1.24909
5	164	1.21556
5	169	0.922591
5	171	0.976297
5	172	0.881514
5	176	1.23284
5	178	1.22333
6	64	1.04525
6	95	0.776623
6	105	1.13188
6	111	1.09495
6	126	0.883808
6	166	0.94157
6	168	1.16339
6	169	1.0426
6	170	0.836854
6	171	0.912826
6	175	1.06764
6	178	0.787326
7	81	1.18049
7	110	0.627853
7	135	1.17587
7	143	1.20416
7	145	1.20415
7	149	0.808664
7	162	0.808104
7	172	0.844906
7	173	1.18299
7	176	1.20084
7	177	0.906821
7	180	1.25245
8	38	0.776893
8	70	1.08054
8	93	0.840741
8	135	1.04025
8	139	1.05922
8	143	1.06854
8	145	1.06853
8	152	1.04116
8	156	0.926196
8	169	1.14526
8	174	1.15323
8	180	1.11683
9	18	1.24951
9	49	1.14429
9	103	1.1549
9	116	0.54486
9	122	1.2573
9	129	1.23695
9	137	1.09833
9	144	0.622535
9	147	0.580713
9	151	1.21314
9	171	1.15497
9	175	1.14431
10	62	1.28731
10	64	0.804943
10	102	1.16016
10	112	0.548213
10	122	1.23215
10	129	1.2118
10	148	1.20136
10	151	1.18799
10	162	0.72587
10	166	1.1572
10	172	0.762672
10	175	1.11915
11	31	1.21407
11	114	0.658671
11	115	0.67979
11	138	0.519123
11	152	0.67704
11	159	1.2364
11	160	1.16642
11	163	1.21379
11	165	1.21566
11	167	1.21619
11	170	0.669406
11	177	1.1378
12	28	1.08751
12	29	0.903683
12	35	1.05278
12	48	1.05953
12	50	1.10359
12	99	1.02026
12	100	0.854245
12	122	0.701774
12	152	0.824599
12	153	1.02918
12	167	1.06226
12	177	0.983873
13	25	0.956533
13	86	1.06169
13	89	0.883234
13	102	1.01834
13	117	1.09063
13	120	1.05571
13	122	1.09032
13	148	1.05954
13	151	1.04616
13	153	1.05326
13	167	1.02633
13	175	0.977329
14	15	0.667311
14	52	0.782307
14	95	1.21737
14	98	1.17901
14	106	1.20785
14	152	1.19214
14	154	1.2008
14	159	0.737634
14	170	1.18745
14	175	0.855836
14	176	1.2162
14	177	0.945726
15	14	0.667311
15	16	1.26559
15	38	1.35969
15	82	0.721638
15	130	1.21858
15	132	0.622497
15	145	0.613548
15	153	1.17407
15	162	1.15382
15	164	0.670905
15	169	1.1066
15	174	1.12283
16	15	1.26559
16	27	1.23296
16	34	0.56106
16	50	1.25953
16	85	0.682585
16	115	0.666436
16	134	1.19711
16	151	0.642911
16	154	0.649903
16	160	1.16844
16	177	1.13982
16	179	1.13615
17	26	1.03997
17	57	1.03129
17	93	0.848729
17	115	1.06631
17	147	0.996526
17	162	1.07537
17	165	0.995113
17	170	1.02479
17	173	1.03569
17	176	1.05354
17	178	1.04403
17	180	1.10515
18	9	1.24951
18	62	1.28212
18	103	1.12454
18	117	1.22726
18	129	1.2066
18	133	0.526261
18	148	1.19616
18	157	0.661271
18	166	1.02742
18	171	1.09151
18	175	1.11396
18	177	0.694812
19	21	0.747231
19	33	0.843549
19	62	0.788562
19	99	1.03835
19	118	0.887361
19	121	1.07811
19	154	1.09118
19	155	1.11051
19	158	1.12634
19	166	0.878781
19	169	0.979809
19	178	1.09707
20	83	0.848569
20	99	0.920881
20	107	0.913816
20	127	0.990508
20	132	1.09818
20	138	1.07919
20	139	1.03552
20	143	1.04484
20	145	1.04483
20	165	1.01477
20	166	1.24979
20	180	1.09313
21	19	0.747231
21	86	1.23211
21	99	0.722263
21	102	1.18876
21	103	1.15834
21	120	1.22614
21	130	0.546272
21	148	1.22996
21	151	1.21658
21	156	0.796062
21	171	1.11526
21	175	1.14775
22	43	0.574635
22	108	0.706628
22	127	1.07801
22	132	1.18568
22	138	1.16669
22	139	1.12302
22	143	1.13234
22	145	1.13233
22	156	0.925564
22	165	1.10227
22	171	1.24476
22	177	0.848059
22	180	1.18063
23	66	0.788566
23	80	0.801768
23	95	1.14306
23	141	1.11426
23	158	1.16166
23	161	1.15815
23	163	0.872684
23	164	1.12462
23	167	0.873049
23	173	1.12405
23	175	0.956339
23	176	1.1419
23	178	1.13239
24	2	0.732501
24	92	1.14421
24	101	1.13324
24	110	1.2273
24	112	1.20792
24	141	0.762848
24	146	1.16073
24	153	1.11513
24	161	0.704135
24	169	1.04766
24	174	1.06389
24	178	0.719268
24	180	0.665793
25	13	0.956533
25	72	0.722017
25	84	1.11631
25	86	0.691278
25	103	0.648914
25	116	1.19675
25	138	0.558603
25	155	1.17342
25	156	1.03046
25	170	1.14074
25	178	1.15998
25	179	1.06121
25	180	1.2211
26	17	1.03997
26	92	0.817472
26	140	0.772259
26	150	0.887024
26	152	1.17458
26	154	1.18324
26	155	1.20257
26	165	0.827234
26	170	1.16989
26	171	0.942103
26	174	0.993338
26	176	1.19865
26	178	1.18914
27	16	1.23296
27	97	1.185
27	104	0.768354
27	113	0.54826
27	161	0.738693
27	162	1.12119
27	168	1.19476
27	169	1.07397
27	172	1.10981
27	174	1.0902
27	176	0.745869
27	179	1.09246
27	180	0.70035
28	12	1.08751
28	77	0.777529
28	80	1.18053
28	97	1.1955
28	102	0.706638
28	118	0.613012
28	141	0.700235
28	157	1.10861
28	160	1.13524
28	164	0.703645
28	167	1.18501
28	174	1.1007
28	177	1.10662
29	12	0.903683
29	55	0.777741
29	97	0.810587
29	98	1.15033
29	126	1.14533
29	134	0.892138
29	152	1.16346
29	159	0.830484
29	161	1.20377
29	170	1.15877
29	171	0.930976
29	173	1.16967
29	178	1.17801
30	39	1.29422
30	68	0.447575
30	103	1.25264
30	118	1.34126
30	129	1.3347
30	137	1.02165
30	148	1.32426
30	151	1.31089
30	168	0.501033
30	169	0.660748
30	171	1.07829
30	174	0.66872
30	175	1.24205
31	11	1.21407
31	79	0.803174
31	106	0.710832
31	134	1.13656
31	141	0.67999
31	142	1.23533
31	144	1.17191
31	160	1.10789
31	164	0.683401
31	174	1.07334
31	175	1.08215
31	176	0.628453
31	177	1.07926
32	44	0.983074
32	93	1.09535
32	102	0.989411
32	106	0.951063
32	129	1.04105
32	148	1.03061
32	151	1.01724
32	158	0.895729
32	162	0.970582
32	167	1.02391
32	173	0.920149
32	175	0.948404
32	180	0.823166
33	19	0.843549
33	69	0.907392
33	84	0.721632
33	116	0.601466
33	127	1.07801
33	132	1.18568
33	138	1.16669
33	139	1.12302
33	143	1.13234
33	145	1.13233
33	165	1.10227
33	166	1.14749
33	180	1.18063
34	16	0.56106
34	64	0.837223
34	91	0.765611
34	109	0.867572
34	127	1.07801
34	132	1.18568
34	138	1.16669
34	139	1.12302
34	143	1.13234
34	145	1.13233
34	165	1.10227
34	166	1.18948
34	180	1.18063
35	12	1.05278
35	108	1.11579
35	139	1.1705
35	143	1.17982
35	145	1.17981
35	148	0.693731
35	150	1.10167
35	154	0.720106
35	155	0.690353
35	164	0.723717
35	177	1.07189
35	178	0.676726
35	180	1.22811
36	96	0.613908
36	105	1.14305
36	112	1.21403
36	123	0.762544
36	129	0.626984
36	130	1.16575
36	149	1.13567
36	150	1.1057
36	159	1.17453
36	164	0.753699
36	172	1.08961
36	173	0.750216
36	179	1.07226
37	58	0.649465
37	81	1.31365
37	85	1.29957
37	92	0.690012
37	115	1.34678
37	146	0.731183
37	153	0.732495
37	156	1.19498
37	163	0.705196
37	170	1.30525
37	173	1.31616
37	174	0.865877
37	178	1.3245
38	8	0.776893
38	15	1.35969
38	84	1.28535
38	120	0.499093
38	123	0.568964
38	124	0.535221
38	159	1.33252
38	164	0.560119
38	167	1.31231
38	168	1.33255
38	170	0.562656
38	172	1.2476
38	179	1.23026
39	30	1.29422
39	53	1.15001
39	66	1.09679
39	69	1.06167
39	103	1.07152
39	129	1.15357
39	140	0.735209
39	148	1.14314
39	151	1.12976
39	163	0.795607
39	167	0.795972
39	172	0.907238
39	175	1.06093
40	46	0.702495
40	106	0.755472
40	115	0.740963
40	150	1.16601
40	156	1.10182
40	163	1.21223
40	167	1.21463
40	171	0.984307
40	172	1.14992
40	175	1.13912
40	178	0.681051
40	179	1.13257
40	180	0.627575
41	109	0.963011
41	146	1.07132
41	149	1.04015
41	150	1.01018
41	162	1.00547
41	164	0.93703
41	168	1.07904
41	173	0.933547
41	174	0.974485
41	176	0.882082
41	177	0.980409
41	179	0.976745
41	180	0.836564
42	69	0.926628
42	83	0.97174
42	97	1.06467
42	111	1.00598
42	129	0.845118
42	134	1.03309
42	138	0.824087
42	147	1.06312
42	150	1.00557
42	155	0.938469
42	164	0.971832
42	165	1.05366
42	177	0.975793
43	22	0.574635
43	50	1.28415
43	89	1.32346
43	139	0.662509
43	141	0.672486
43	147	1.25176
43	153	1.20975
43	154	0.672286
43	157	1.16643
43	158	0.647994
43	168	1.26307
43	169	1.14228
43	174	1.15851
43	180	0.575431
44	32	0.983074
44	74	1.10769
44	75	1.12126
44	85	0.788468
44	117	1.15673
44	120	1.12182
44	127	0.724744
44	148	1.12564
44	151	1.11226
44	152	0.769569
44	164	0.759397
44	170	0.761935
44	174	1.03462
44	179	1.03688
45	62	0.532386
45	96	0.582028
45	101	1.24743
45	112	1.32211
45	119	1.27167
45	122	0.609165
45	130	1.27383
45	139	0.708431
45	160	1.21263
45	167	1.2624
45	171	1.03208
45	174	1.17808
45	176	0.666871
45	180	0.621353
46	3	0.829916
46	40	0.702495
46	58	0.694497
46	78	1.20167
46	88	1.23253
46	131	0.708895
46	152	1.24947
46	155	1.27746
46	164	1.25625
46	165	0.744805
46	166	1.04573
46	175	0.833883
46	176	1.27353
46	178	1.26402
47	60	1.1701
47	80	0.70256
47	119	0.73879
47	141	1.23257
47	144	0.811286
47	147	0.769464
47	156	1.12119
47	157	0.913479
47	158	1.27997
47	159	0.738928
47	164	1.24293
47	173	1.24237
47	176	1.26021
47	178	1.2507
48	12	1.05953
48	79	0.901582
48	90	0.738635
48	101	1.14207
48	104	0.749347
48	131	1.18053
48	160	1.10727
48	167	1.15704
48	169	1.05649
48	171	0.926718
48	172	1.09233
48	177	1.07865
48	178	0.734819
48	180	0.681344
49	9	1.14429
49	72	1.12789
49	101	0.738189
49	103	1.01933
49	107	0.919798
49	117	1.12204
49	118	1.10795
49	129	1.10138
49	148	1.09095
49	151	1.07757
49	153	0.776909
49	166	1.25577
49	174	0.910292
49	175	1.00874
50	12	1.10359
50	16	1.25953
50	43	1.28415
50	68	1.27454
50	77	0.685468
50	98	0.674817
50	110	1.28018
50	142	1.27877
50	148	0.581599
50	154	0.607973
50	164	0.611584
50	165	1.20057
50	178	0.564594
50	179	1.11904
51	71	1.17915
51	92	1.10805
51	95	0.742316
51	105	1.10077
51	131	1.13553
51	134	1.09094
51	145	0.742652
51	152	0.810181
51	158	0.772107
51	159	1.13225
51	161	0.737885
51	166	0.910462
51	168	1.13228
51	169	1.01149
52	14	0.782307
52	60	0.841597
52	68	1.22875
52	83	1.07286
52	108	1.12081
52	115	0.798822
52	137	0.965188
52	146	1.16782
52	168	1.17554
52	171	0.92498
52	173	0.782418
52	174	1.07099
52	179	1.07325
52	180	0.685434
53	39	1.15001
53	73	0.816861
53	80	0.724136
53	86	1.1822
53	102	1.13884
53	107	0.965238
53	118	1.19705
53	120	1.17622
53	122	1.21083
53	148	1.18004
53	151	1.16667
53	159	0.760504
53	165	0.789628
53	175	1.09784
53	179	0.921815
54	2	1.05494
54	66	1.15089
54	86	1.19939
54	97	0.555541
54	102	1.15604
54	118	1.21424
54	122	1.22802
54	137	1.12359
54	148	1.19724
54	149	0.685373
54	151	1.18386
54	166	1.11614
54	169	0.762692
54	175	1.11503
54	179	0.736748
55	29	0.777741
55	82	0.739218
55	106	0.715916
55	131	1.24805
55	135	0.690333
55	138	0.54074
55	147	1.23349
55	163	1.22216
55	167	1.22456
55	171	0.994238
55	174	1.14024
55	175	1.14905
55	177	1.14617
55	178	0.641494
55	179	1.1425
56	75	0.664937
56	99	0.901968
56	125	1.2406
56	127	1.09791
56	132	1.20558
56	134	0.751823
56	138	1.18659
56	139	1.14291
56	143	1.15224
56	145	1.15223
56	156	0.975767
56	165	1.12217
56	172	0.836347
56	179	0.85148
56	180	1.20053
57	17	1.03129
57	88	1.14895
57	89	0.680974
57	91	0.905991
57	108	0.855815
57	123	1.16816
57	142	0.764053
57	161	1.20621
57	165	0.818278
57	170	1.16121
57	173	1.17211
57	176	1.18996
57	178	1.18045
57	179	0.950465
57	180	1.24157
58	37	0.649465
58	46	0.694497
58	64	1.12979
58	109	1.13189
58	124	0.695145
58	128	0.816208
58	143	0.615982
58	144	1.24193
58	159	1.24789
58	162	1.17435
58	169	1.12713
58	173	0.716561
58	175	1.15218
58	177	1.14929
58	179	1.14563
59	69	1.00626
59	70	1.29193
59	76	1.21472
59	84	0.820503
59	104	1.29142
59	110	0.634778
59	119	0.705515
59	123	1.25481
59	130	0.741461
59	159	0.705654
59	161	1.29286
59	167	0.740566
59	170	1.24786
59	171	1.02007
59	173	1.25876
59	180	1.32822
60	47	1.1701
60	52	0.841597
60	92	0.816286
60	99	1.05388
60	124	1.13594
60	135	1.09713
60	155	1.12603
60	163	0.831471
60	164	1.10482
60	167	0.831836
60	173	1.10426
60	175	0.915126
60	176	1.1221
60	178	1.1126
60	179	0.958235
60	180	1.17371
61	4	0.611276
61	81	0.815861
61	85	0.795146
61	89	1.21632
61	95	0.708381
61	140	1.14776
61	142	1.21337
61	151	0.755471
61	160	1.08592
61	162	1.08236
61	163	1.13329
61	168	1.15593
61	174	1.05138
61	175	1.06019
61	178	0.719084
61	179	1.05364
62	2	1.11682
62	10	1.28731
62	18	1.28212
62	19	0.788562
62	45	0.532386
62	86	1.26128
62	103	1.18751
62	117	1.29022
62	129	1.26956
62	148	1.25913
62	151	1.24575
62	165	0.580919
62	166	1.0925
62	172	0.697973
62	174	0.747023
62	177	0.759888
63	84	0.933736
63	88	1.09074
63	93	0.701626
63	112	0.750606
63	115	1.14452
63	126	1.08956
63	141	1.10411
63	154	1.11634
63	155	1.13568
63	157	0.993438
63	158	1.15151
63	162	0.928263
63	172	0.965065
63	173	1.1139
63	176	1.13175
63	178	1.12224
64	6	1.04525
64	10	0.804943
64	34	0.837223
64	58	1.12979
64	68	1.13532
64	86	0.914607
64	146	1.0744
64	149	1.04322
64	156	0.949072
64	165	1.06135
64	168	1.08212
64	172	0.997167
64	176	0.874729
64	177	0.983485
64	180	0.829211
65	87	0.724972
65	113	1.12205
65	125	1.19368
65	127	1.05099
65	132	1.15866
65	137	1.26358
65	138	1.13967
65	139	1.09599
65	143	1.10532
65	145	1.10531
65	160	0.832444
65	165	1.07525
65	168	0.742964
65	175	0.833625
65	179	0.876734
65	180	1.15361
66	23	0.788566
66	39	1.09679
66	54	1.15089
66	68	1.19357
66	77	0.765541
66	81	0.741443
66	85	0.720728
66	117	1.15792
66	141	0.688247
66	144	1.13438
66	148	1.12683
66	151	1.11346
66	152	0.701829
66	160	1.07036
66	167	1.12012
66	174	1.03581
67	88	1.08905
67	104	1.14487
67	109	0.97074
67	111	0.860484
67	114	1.14536
67	128	1.08125
67	147	0.782479
67	155	1.13398
67	158	1.14981
67	164	1.11278
67	167	0.786854
67	170	1.1013
67	173	1.11221
67	176	1.13005
67	177	0.960035
67	179	0.913253
68	30	0.447575
68	50	1.27454
68	52	1.22875
68	64	1.13532
68	66	1.19357
68	83	1.15077
68	121	1.23097
68	123	0.724156
68	125	0.598603
68	128	0.811476
68	153	1.20014
68	154	0.7117
68	162	1.17989
68	170	0.717849
68	177	1.15483
68	179	1.15116
68	180	0.614845
69	33	0.907392
69	39	1.06167
69	42	0.926628
69	59	1.00626
69	87	1.08586
69	121	1.02996
69	136	1.10545
69	137	0.8421
69	142	1.10989
69	156	0.919409
69	160	0.982444
69	161	0.979714
69	163	1.02981
69	172	0.967505
69	174	0.947899
69	176	0.98689
69	177	0.953822
70	8	1.08054
70	59	1.29193
70	78	1.15567
70	104	1.24234
70	119	0.755843
70	136	0.713118
70	144	0.828339
70	152	1.20347
70	154	1.21213
70	156	1.0885
70	159	0.755981
70	162	0.865357
70	163	0.790528
70	169	0.943236
70	170	1.19878
70	173	1.20968
70	178	1.21802
71	51	1.17915
71	73	1.15342
71	75	1.2292
71	98	0.725126
71	120	0.600867
71	135	0.663742
71	136	1.30012
71	145	0.604537
71	150	1.17826
71	151	0.65129
71	157	1.15048
71	158	0.633991
71	168	1.24712
71	170	0.664431
71	172	1.16217
71	175	1.15137
71	177	1.14849
72	25	0.722017
72	49	1.12789
72	101	0.780022
72	102	1.16891
72	103	1.13849
72	108	0.823558
72	116	0.75158
72	117	1.24121
72	118	1.22712
72	122	1.2409
72	129	1.22055
72	130	0.792704
72	147	0.787433
72	148	1.21011
72	151	1.19674
72	175	1.12791
72	179	0.918208
73	53	0.816861
73	71	1.15342
73	75	1.08864
73	77	0.871468
73	89	1.16694
73	91	1.00996
73	105	1.07504
73	112	1.14602
73	119	1.09558
73	133	1.08753
73	158	0.769682
73	167	1.08631
73	169	0.98576
73	170	0.800122
73	178	0.750594
73	179	1.00425
73	180	0.697118
74	1	0.739583
74	44	1.10769
74	94	0.685398
74	97	1.15901
74	118	0.688487
74	129	0.652406
74	135	1.14978
74	138	0.631376
74	148	0.749135
74	151	0.768517
74	154	1.15934
74	163	1.14612
74	168	1.16877
74	170	1.14599
74	173	1.1569
74	176	1.17475
74	178	1.16524
74	179	1.06647
75	44	1.12126
75	56	0.664937
75	71	1.2292
75	73	1.08864
75	78	0.800209
75	88	0.770121
75	93	1.23354
75	147	1.17103
75	151	0.705392
75	153	1.12902
75	162	1.10877
75	165	1.16157
75	168	1.18234
75	172	1.09739
75	173	0.712513
75	174	1.07778
75	176	0.661048
75	180	0.615529
76	59	1.21472
76	79	1.05903
76	105	0.805542
76	109	1.00736
76	110	0.717685
76	112	0.72028
76	135	1.12536
76	155	1.15425
76	161	1.16657
76	164	1.13305
76	165	0.817684
76	170	1.12157
76	172	0.934738
76	173	1.13248
76	176	1.15033
76	178	1.14082
76	179	0.949871
76	180	1.20194
77	28	0.777529
77	50	0.685468
77	66	0.765541
77	73	0.871468
77	85	1.15152
77	90	1.23859
77	123	1.16416
77	158	1.20572
77	161	1.20221
77	163	0.849658
77	164	1.16868
77	165	0.844235
77	166	0.958159
77	168	0.842652
77	171	0.929415
77	173	1.16811
77	178	1.17645
77	180	1.23757
78	46	1.20167
78	70	1.15567
78	75	0.800209
78	121	0.82124
78	140	0.79959
78	154	1.12495
78	155	1.14428
78	156	1.00133
78	158	1.16012
78	160	0.942462
78	164	1.12308
78	168	0.852982
78	169	1.0127
78	170	1.1116
78	171	0.883812
78	173	1.12251
78	175	0.943643
78	176	1.14035
78	178	1.13085
79	31	0.803174
79	48	0.901582
79	76	1.05903
79	88	1.07991
79	93	0.74374
79	106	1.11256
79	108	0.927662
79	126	1.07872
79	133	0.900542
79	134	0.922654
79	135	1.09594
79	152	1.09685
79	158	1.14067
79	161	1.13716
79	163	0.895547
79	164	1.10364
79	173	1.10307
79	176	1.12091
79	180	1.17252
80	23	0.801768
80	28	1.18053
80	47	0.70256
80	53	0.724136
80	90	0.661684
80	116	1.20877
80	118	0.614226
80	127	1.13049
80	138	1.21918
80	139	1.1755
80	142	1.23296
80	143	1.18482
80	145	1.18481
80	148	0.674874
80	152	0.715031
80	160	1.10551
80	169	1.05474
80	170	0.707397
80	172	1.09057
80	180	1.23312
81	7	1.18049
81	37	1.31365
81	61	0.815861
81	66	0.741443
81	105	0.807995
81	126	1.14967
81	128	1.14306
81	134	0.852668
81	142	0.765913
81	150	0.879928
81	152	1.1678
81	155	1.19579
81	159	0.791014
81	164	1.17458
81	166	0.964061
81	168	0.818555
81	170	1.16311
81	173	1.17401
81	176	1.19186
81	178	1.18235
82	15	0.721638
82	55	0.739218
82	87	0.80151
82	124	1.17976
82	136	0.749098
82	138	1.20359
82	139	1.15992
82	143	1.16924
82	145	1.16923
82	152	1.14186
82	154	1.15051
82	159	0.791961
82	165	1.13917
82	168	0.819502
82	172	0.938139
82	173	1.14807
82	175	0.910163
82	176	1.16592
82	178	1.15641
82	180	1.21753
83	20	0.848569
83	42	0.97174
83	52	1.07286
83	68	1.15077
83	94	0.786992
83	96	0.740924
83	100	1.06127
83	112	1.13704
83	119	1.08659
83	125	0.764007
83	127	0.846062
83	128	1.05474
83	129	0.754
83	143	0.776653
83	155	1.10747
83	163	1.07492
83	164	1.08627
83	176	1.10355
83	177	0.998934
83	178	1.09404
84	25	1.11631
84	33	0.721632
84	38	1.28535
84	59	0.820503
84	63	0.933736
84	91	1.05646
84	131	1.1563
84	145	0.798721
84	150	1.08419
84	154	0.852466
84	156	1.02
84	160	1.08304
84	162	1.07948
84	166	0.931231
84	169	1.03226
84	174	1.04849
84	175	1.0573
84	176	0.80113
84	179	1.05075
84	180	0.755611
85	16	0.682585
85	37	1.29957
85	44	0.788468
85	61	0.795146
85	66	0.720728
85	77	1.15152
85	106	1.16942
85	119	0.77016
85	131	0.763513
85	141	1.15013
85	146	0.830833
85	155	1.1817
85	156	1.03875
85	161	1.19402
85	164	1.1605
85	170	1.14902
85	173	1.15993
85	174	0.965527
85	176	1.17777
85	178	1.16827
86	1	1.21946
86	2	1.03303
86	4	1.2086
86	13	1.06169
86	21	1.23211
86	25	0.691278
86	53	1.1822
86	54	1.19939
86	62	1.26128
86	64	0.914607
86	107	0.930892
86	108	0.792819
86	120	1.17151
86	136	0.683294
86	140	0.700307
86	148	1.17533
86	151	1.16196
86	156	1.01176
86	165	0.755282
86	175	1.09312
87	65	0.724972
87	69	1.08586
87	82	0.80151
87	92	1.20942
87	109	1.11762
87	151	0.740173
87	152	0.760948
87	155	0.717413
87	160	1.16364
87	161	0.688653
87	162	1.16009
87	166	1.01184
87	167	1.21341
87	168	1.23365
87	169	1.11286
87	171	0.983092
87	172	1.1487
87	173	0.747294
87	174	1.1291
87	179	1.13136
87	180	0.650311
88	46	1.23253
88	57	1.14895
88	63	1.09074
88	67	1.08905
88	75	0.770121
88	79	1.07991
88	92	0.814715
88	106	1.16286
88	114	1.18651
88	115	1.18398
88	116	0.790037
88	121	0.791152
88	149	0.905288
88	157	0.969904
88	164	1.15393
88	165	0.824477
88	170	1.14246
88	171	0.914665
88	173	1.15336
88	174	0.990581
88	178	1.1617
89	13	0.883234
89	43	1.32346
89	57	0.680974
89	61	1.21632
89	73	1.16694
89	102	0.636041
89	119	1.24967
89	126	0.682539
89	130	1.25184
89	131	1.2639
89	142	1.31808
89	145	0.575691
89	153	1.20732
89	156	1.1276
89	158	0.605146
89	159	1.26061
89	161	0.570924
89	169	1.13985
89	172	1.17569
89	176	0.5781
89	180	0.532582
90	5	1.28547
90	48	0.738635
90	77	1.23859
90	80	0.661684
90	123	1.24304
90	135	1.23987
90	136	0.655189
90	137	1.04851
90	149	0.807988
90	152	1.24078
90	154	1.24944
90	158	1.2846
90	161	1.28109
90	163	0.7326
90	167	0.732965
90	168	0.725594
90	171	1.0083
90	174	0.893281
90	176	1.26484
90	177	0.906145
90	180	1.31645
91	34	0.765611
91	57	0.905991
91	73	1.00996
91	84	1.05646
91	102	1.04892
91	104	0.825602
91	107	0.960028
91	109	0.987631
91	118	1.10713
91	122	1.12091
91	129	1.10056
91	133	1.08464
91	141	0.854655
91	148	1.09012
91	151	1.07675
91	152	0.868237
91	155	0.824701
91	162	1.03009
91	170	0.860603
91	172	1.01871
91	175	1.00792
92	24	1.14421
92	26	0.817472
92	37	0.690012
92	51	1.10805
92	60	0.816286
92	87	1.20942
92	88	0.814715
92	133	1.157
92	138	0.612845
92	141	0.757179
92	142	1.23345
92	146	1.1683
92	153	1.1227
92	156	1.04297
92	157	1.07938
92	163	1.15337
92	164	0.76059
92	167	1.15577
92	169	1.05523
92	174	1.07146
92	178	0.713599
93	8	0.840741
93	17	0.848729
93	32	1.09535
93	63	0.701626
93	75	1.23354
93	79	0.74374
93	126	0.673458
93	130	1.24264
93	137	1.0411
93	144	1.24546
93	147	1.24014
93	149	1.21256
93	157	1.15481
93	158	0.596065
93	159	1.25142
93	161	0.561843
93	164	0.623967
93	168	1.25145
93	169	1.13066
93	173	0.620484
93	177	1.15282
93	179	1.14915
94	74	0.685398
94	83	0.786992
94	96	1.25736
94	113	1.16336
94	125	1.23499
94	127	1.0923
94	131	0.640719
94	132	1.19997
94	138	1.18098
94	139	1.13731
94	140	1.12915
94	142	0.622404
94	143	1.14663
94	145	1.14662
94	156	0.933103
94	165	1.11656
94	166	1.18821
94	175	0.765708
94	177	0.855598
94	180	1.19492
95	6	0.776623
95	14	1.21737
95	23	1.14306
95	51	0.742316
95	61	0.708381
95	111	0.792077
95	126	1.17118
95	130	0.719342
95	137	0.997038
95	141	1.18573
95	147	0.714071
95	154	1.19797
95	157	0.858086
95	161	1.22962
95	164	1.1961
95	169	0.87079
95	170	1.18462
95	173	1.19553
95	176	1.21337
95	177	0.891627
95	178	1.20387
95	180	1.26498
96	36	0.613908
96	45	0.582028
96	83	0.740924
96	94	1.25736
96	113	1.34631
96	125	1.41795
96	127	1.27525
96	132	1.38293
96	134	0.663091
96	138	1.36394
96	139	1.32026
96	143	1.32958
96	144	0.673795
96	145	1.32957
96	147	0.631973
96	159	0.601437
96	165	1.29951
96	169	0.788692
96	172	0.747614
96	177	0.809529
96	180	1.37787
97	27	1.185
97	28	1.1955
97	29	0.810587
97	42	1.06467
97	54	0.555541
97	74	1.15901
97	98	0.784564
97	106	0.748762
97	116	1.22374
97	127	0.686678
97	134	1.14916
97	136	1.2435
97	139	0.707943
97	140	1.18232
97	151	0.710728
97	159	1.19046
97	162	1.11693
97	163	1.16786
97	168	1.1905
97	171	0.939935
97	176	0.666383
97	177	1.09186
97	178	0.674341
98	14	1.17901
98	29	1.15033
98	50	0.674817
98	71	0.725126
98	97	0.784564
98	106	1.16667
98	128	1.12622
98	134	0.866114
98	136	0.761597
98	137	0.958687
98	142	0.779359
98	152	1.15096
98	154	1.15962
98	155	1.17895
98	158	1.19478
98	161	1.19127
98	164	1.15774
98	168	0.832001
98	170	1.14627
98	172	0.950638
98	174	0.999688
98	176	1.17502
98	178	1.16552
99	4	0.798228
99	12	1.02026
99	19	1.03835
99	20	0.920881
99	21	0.722263
99	56	0.901968
99	60	1.05388
99	113	0.70047
99	118	0.862393
99	119	1.12704
99	122	0.840374
99	129	0.826312
99	141	1.11635
99	152	1.11993
99	157	1.04137
99	160	1.068
99	166	0.916189
99	168	1.13801
99	169	1.01722
99	173	1.12614
99	176	1.14399
99	177	1.03937
99	178	1.13448
100	12	0.854245
100	83	1.06127
100	108	0.847707
100	115	1.18271
100	116	0.775729
100	123	1.14813
100	128	1.12113
100	131	0.774259
100	134	0.842699
100	135	1.14496
100	141	1.14229
100	152	1.14587
100	154	1.15453
100	158	1.18969
100	159	0.781046
100	161	1.18618
100	163	0.815592
100	164	1.15266
100	170	1.14118
100	175	0.899248
100	176	1.16993
100	178	1.16043
100	179	0.942356
101	24	1.13324
101	45	1.24743
101	48	1.14207
101	49	0.738189
101	72	0.780022
101	132	0.715945
101	133	1.14602
101	134	1.1237
101	150	1.09618
101	151	0.753749
101	152	0.774525
101	159	1.16501
101	160	1.09503
101	162	1.09147
101	167	1.1448
101	168	1.16504
101	169	1.04425
101	170	0.766891
101	172	1.08009
101	173	0.760871
101	174	1.06049
101	176	0.709405
101	177	1.06641
101	180	0.663887
102	1	1.1761
102	10	1.16016
102	13	1.01834
102	21	1.18876
102	28	0.706638
102	32	0.989411
102	53	1.13884
102	54	1.15604
102	72	1.16891
102	89	0.636041
102	91	1.04892
102	116	0.738905
102	117	1.16307
102	120	1.12815
102	122	1.16276
102	136	0.701358
102	148	1.13197
102	151	1.1186
102	156	1.02982
102	157	0.918772
102	168	0.771762
102	171	1.34902
102	175	1.04977
102	179	0.905532
103	4	1.13482
103	9	1.1549
103	18	1.12454
103	21	1.15834
103	25	0.648914
103	30	1.25264
103	39	1.07152
103	49	1.01933
103	62	1.18751
103	72	1.13849
103	112	0.615513
103	118	1.11856
103	120	1.09773
103	122	1.13234
103	137	1.23195
103	148	1.10155
103	151	1.08818
103	156	0.969392
103	160	0.800814
103	163	0.718341
103	167	0.718706
103	171	1.28859
103	175	1.01935
103	179	0.845105
104	27	0.768354
104	48	0.749347
104	59	1.29142
104	67	1.14487
104	70	1.24234
104	91	0.825602
104	108	0.775426
104	123	1.20523
104	124	1.24086
104	135	1.20206
104	141	1.19938
104	142	0.683664
104	147	0.739301
104	152	1.20296
104	154	1.21162
104	158	1.24679
104	167	0.743677
104	168	0.736306
104	170	1.19827
104	171	0.970483
104	174	0.903993
104	175	0.826967
104	176	1.22703
104	178	1.21752
105	5	0.752317
105	6	1.13188
105	36	1.14305
105	51	1.10077
105	73	1.07504
105	76	0.805542
105	81	0.807995
105	114	0.750011
105	127	0.723556
105	133	1.14973
105	136	1.22174
105	144	1.16275
105	148	0.728223
105	157	1.0721
105	159	1.16871
105	161	0.696085
105	167	1.1485
105	168	1.16875
105	169	1.04796
105	173	0.754726
105	175	1.073
105	177	1.07011
105	178	0.711218
105	179	1.06645
106	14	1.20785
106	31	0.710832
106	32	0.951063
106	40	0.755472
106	55	0.715916
106	79	1.11256
106	85	1.16942
106	88	1.16286
106	97	0.748762
106	98	1.16667
106	110	0.697784
106	119	0.76852
106	123	1.18206
106	126	1.16167
106	146	0.829193
106	153	0.830504
106	158	1.22362
106	161	1.22011
106	164	1.18658
106	170	1.17511
106	171	0.947318
106	173	1.18601
106	175	0.886861
106	176	1.20386
106	178	1.19435
107	20	0.913816
107	49	0.919798
107	53	0.965238
107	86	0.930892
107	91	0.960028
107	113	0.693405
107	117	0.887389
107	128	1.0138
107	139	0.932574
107	144	1.05063
107	146	1.0489
107	149	1.01772
107	151	0.935358
107	154	1.04719
107	157	0.959977
107	158	1.08236
107	160	0.986608
107	161	1.07885
107	162	0.98305
107	164	1.04532
107	168	1.05662
107	173	1.04475
107	177	0.957985
107	178	1.05309
107	180	1.11421
108	22	0.706628
108	35	1.11579
108	52	1.12081
108	57	0.855815
108	72	0.823558
108	79	0.927662
108	86	0.792819
108	100	0.847707
108	104	0.775426
108	109	1.02949
108	111	1.07708
108	112	1.18499
108	130	1.13671
108	131	1.14877
108	133	1.1265
108	141	0.804479
108	147	1.13421
108	149	1.10662
108	153	1.09219
108	162	1.07195
108	164	0.807889
108	169	1.02473
108	174	1.04096
108	177	1.04688
108	179	1.04322
109	34	0.867572
109	41	0.963011
109	58	1.13189
109	67	0.97074
109	76	1.00736
109	87	1.11762
109	91	0.987631
109	108	1.02949
109	111	1.01578
109	124	0.935128
109	130	1.07541
109	137	0.873866
109	143	0.855965
109	149	1.04533
109	154	0.956415
109	156	0.951175
109	159	1.08419
109	161	0.897902
109	163	1.06158
109	168	1.08422
109	171	0.833659
109	172	0.999271
109	174	0.979665
109	177	0.985588
109	178	0.913035
109	179	0.981925
110	7	0.627853
110	24	1.2273
110	50	1.28018
110	59	0.634778
110	76	0.717685
110	106	0.697784
110	111	1.19066
110	114	0.662155
110	115	0.683274
110	119	1.24813
110	127	0.6357
110	133	1.24008
110	139	0.656965
110	144	1.25311
110	147	1.24779
110	148	0.640367
110	149	1.2202
110	153	1.20578
110	157	1.16246
110	159	1.25907
110	162	1.18553
110	170	0.67289
110	175	1.16335
110	176	0.615405
110	177	1.16047
110	179	1.1568
111	6	1.09495
111	42	1.00598
111	67	0.860484
111	95	0.792077
111	108	1.07708
111	109	1.01578
111	110	1.19066
111	125	0.733062
111	130	1.123
111	132	0.801362
111	141	0.846359
111	146	1.12409
111	147	1.1205
111	150	1.06295
111	151	0.839166
111	161	0.787646
111	163	1.10917
111	166	0.909993
111	167	1.11157
111	168	1.13181
111	169	1.01102
111	172	1.04686
111	175	1.03606
111	176	0.794822
111	178	0.802779
111	179	1.02951
112	10	0.548213
112	24	1.20792
112	36	1.21403
112	45	1.32211
112	63	0.750606
112	73	1.14602
112	76	0.72028
112	83	1.13704
112	103	0.615513
112	108	1.18499
112	121	1.21723
112	124	0.648049
112	126	0.722438
112	128	0.769112
112	136	1.29272
112	142	1.29716
112	144	1.23373
112	147	1.22841
112	149	1.20083
112	159	1.23969
112	161	0.610823
112	173	0.669464
112	177	1.14109
112	178	0.625956
112	179	1.13743
112	180	0.572481
113	27	0.54826
113	65	1.12205
113	94	1.16336
113	96	1.34631
113	99	0.70047
113	107	0.693405
113	125	1.32395
113	127	1.18125
113	132	1.28893
113	137	1.03683
113	138	1.26994
113	139	1.22626
113	140	1.21811
113	142	0.46357
113	143	1.23558
113	145	1.23557
113	146	0.549205
113	157	0.663222
113	165	1.20552
113	166	1.02938
113	171	1.09346
113	174	0.683899
113	180	1.28387
114	11	0.658671
114	67	1.14536
114	88	1.18651
114	105	0.750011
114	110	0.662155
114	126	1.18532
114	128	1.17871
114	141	1.19987
114	146	0.793564
114	154	1.21211
114	155	1.23144
114	157	0.907581
114	158	1.24728
114	162	0.842406
114	163	0.767577
114	164	1.21024
114	165	0.762154
114	166	0.999717
114	167	0.767942
114	170	1.19876
114	171	0.970973
114	172	0.879208
114	173	1.20967
114	176	1.22752
114	177	0.941122
114	178	1.21801
114	180	1.27913
115	11	0.67979
115	16	0.666436
115	17	1.06631
115	37	1.34678
115	40	0.740963
115	52	0.798822
115	63	1.14452
115	88	1.18398
115	100	1.18271
115	110	0.683274
115	123	1.20319
115	124	1.23882
115	137	1.00865
115	144	0.826507
115	147	0.784686
115	155	1.22891
115	164	1.20771
115	165	0.783273
115	167	0.789061
115	170	1.19623
115	171	0.968444
115	173	1.20714
115	174	0.949377
115	175	0.872352
115	176	1.22499
115	178	1.21548
115	180	1.2766
116	9	0.54486
116	25	1.19675
116	33	0.601466
116	72	0.75158
116	80	1.20877
116	88	0.790037
116	97	1.22374
116	100	0.775729
116	102	0.738905
116	117	0.677338
116	130	1.22469
116	133	1.21447
116	144	1.2275
116	148	0.705926
116	149	1.1946
116	150	1.16463
116	152	0.746083
116	159	1.23346
116	162	1.15992
116	163	1.21085
116	164	0.735911
116	165	1.21273
116	166	1.01167
116	172	1.14854
116	175	1.13775
116	179	1.1312
116	180	0.635445
117	2	1.06197
117	13	1.09063
117	18	1.22726
117	44	1.15673
117	49	1.12204
117	62	1.29022
117	66	1.15792
117	72	1.24121
117	102	1.16307
117	107	0.887389
117	116	0.677338
117	118	1.22127
117	120	1.20045
117	122	1.23505
117	129	1.21471
117	130	0.718462
117	140	0.656804
117	148	1.20427
117	151	1.19089
117	153	0.7445
117	160	0.799675
117	163	0.717202
117	166	1.22336
117	167	0.717567
117	172	0.828832
117	175	1.12206
117	179	0.843966
118	1	1.23431
118	2	1.04788
118	19	0.887361
118	28	0.613012
118	30	1.34126
118	49	1.10795
118	53	1.19705
118	54	1.21424
118	72	1.22712
118	74	0.688487
118	80	0.614226
118	91	1.10713
118	99	0.862393
118	103	1.11856
118	117	1.22127
118	120	1.18636
118	122	1.22097
118	129	1.20062
118	140	0.624743
118	148	1.19018
118	150	0.739508
118	151	1.1768
118	160	0.767615
118	165	0.679718
118	171	1.25539
118	174	0.845822
118	175	1.10797
119	45	1.27167
119	47	0.73879
119	59	0.705515
119	70	0.755843
119	73	1.09558
119	83	1.08659
119	85	0.77016
119	89	1.24967
119	99	1.12704
119	106	0.76852
119	110	1.24813
119	123	0.749934
119	131	1.19253
119	141	0.737679
119	143	0.637028
119	146	1.18156
119	150	1.12042
119	153	1.13596
119	155	0.707726
119	158	0.713187
119	159	1.18925
119	167	1.16904
119	168	1.18928
119	169	1.06849
119	172	1.10433
119	174	1.08472
119	179	1.08698
119	180	0.640623
120	1	1.21348
120	2	1.02705
120	4	1.20262
120	13	1.05571
120	21	1.22614
120	38	0.499093
120	44	1.12182
120	53	1.17622
120	71	0.600867
120	86	1.17151
120	102	1.12815
120	103	1.09773
120	117	1.20045
120	118	1.18636
120	121	0.676
120	122	1.20014
120	129	1.17979
120	148	1.16935
120	149	0.790137
120	151	1.15598
120	156	0.965799
120	162	0.789577
120	163	0.714749
120	165	0.709326
120	166	1.22091
120	169	0.867457
120	171	1.285
120	175	1.08715
121	19	1.07811
121	68	1.23097
121	69	1.02996
121	78	0.82124
121	88	0.791152
121	112	1.21723
121	120	0.676
121	123	0.745871
121	126	0.786517
121	127	0.702374
121	128	0.833192
121	135	0.738875
121	136	1.23076
121	137	0.967405
121	138	0.589281
121	142	1.23519
121	143	0.632965
121	144	1.17177
121	146	1.17004
121	149	1.13887
121	152	0.747198
121	160	1.10775
121	162	1.10419
121	165	1.15699
121	168	1.17776
121	169	1.05697
121	174	1.0732
121	177	1.07913
121	179	1.07546
122	4	1.23722
122	9	1.2573
122	10	1.23215
122	12	0.701774
122	13	1.09032
122	45	0.609165
122	53	1.21083
122	54	1.22802
122	72	1.2409
122	91	1.12091
122	99	0.840374
122	102	1.16276
122	103	1.13234
122	117	1.23505
122	118	1.22097
122	120	1.20014
122	129	1.2144
122	142	0.603474
122	144	0.700933
122	148	1.20396
122	149	0.73851
122	151	1.19059
122	153	0.69042
122	156	0.914172
122	166	1.16928
122	174	0.823802
122	175	1.12175
122	177	0.836667
122	179	0.789886
123	36	0.762544
123	38	0.568964
123	57	1.16816
123	59	1.25481
123	68	0.724156
123	77	1.16416
123	90	1.24304
123	100	1.14813
123	104	1.20523
123	106	1.18206
123	115	1.20319
123	119	0.749934
123	121	0.745871
123	124	1.20425
123	136	0.707209
123	141	1.16277
123	153	0.811918
123	158	1.21017
123	161	1.20666
123	163	0.78462
123	167	0.784985
123	168	0.777613
123	169	0.937328
123	170	1.16166
123	172	0.89625
123	173	1.17257
123	176	1.19041
123	178	1.18091
123	180	1.24202
124	38	0.535221
124	58	0.695145
124	60	1.13594
124	82	1.17976
124	104	1.24086
124	109	0.935128
124	112	0.648049
124	115	1.23882
124	123	1.20425
124	133	0.755872
124	135	1.20108
124	140	0.690479
124	141	1.19841
124	144	0.788688
124	152	1.20199
124	156	1.08702
124	158	1.24581
124	159	0.71633
124	161	1.2423
124	164	1.20877
124	166	0.998251
124	169	0.903585
124	170	1.1973
124	172	0.862507
124	176	1.22605
124	177	0.924422
124	178	1.21654
124	179	0.877641
124	180	1.27766
125	56	1.2406
125	65	1.19368
125	68	0.598603
125	83	0.764007
125	94	1.23499
125	96	1.41795
125	111	0.733062
125	113	1.32395
125	127	1.25289
125	130	0.660328
125	132	1.36056
125	136	0.581657
125	138	1.34157
125	139	1.29789
125	140	1.28974
125	143	1.30722
125	144	0.696878
125	145	1.30721
125	153	0.686366
125	165	1.27715
125	167	0.659432
125	172	0.770698
125	175	0.742723
125	177	0.832613
125	179	0.785831
125	180	1.35551
126	6	0.883808
126	29	1.14533
126	63	1.08956
126	79	1.07872
126	81	1.14967
126	89	0.682539
126	93	0.673458
126	95	1.17118
126	106	1.16167
126	112	0.722438
126	114	1.18532
126	121	0.786517
126	128	1.12122
126	141	1.14238
126	149	0.900654
126	153	0.852564
126	154	1.15462
126	155	1.17395
126	161	1.18627
126	163	0.825266
126	164	1.15274
126	165	0.819843
126	166	0.942223
126	168	0.81826
126	169	0.977974
126	170	1.14127
126	173	1.15218
126	175	0.908921
126	176	1.17002
126	178	1.16051
126	180	1.22163
127	20	0.990508
127	22	1.07801
127	33	1.07801
127	34	1.07801
127	44	0.724744
127	56	1.09791
127	65	1.05099
127	80	1.13049
127	83	0.846062
127	94	1.0923
127	96	1.27525
127	97	0.686678
127	105	0.723556
127	110	0.6357
127	113	1.18125
127	121	0.702374
127	125	1.25289
127	132	1.21787
127	134	0.768229
127	138	1.19888
127	139	1.1552
127	140	1.14705
127	143	1.16452
127	145	1.16451
127	146	0.767109
127	150	0.795489
127	156	0.992173
127	165	1.13445
127	171	1.31137
127	175	0.824777
127	180	1.21281
128	58	0.816208
128	67	1.08125
128	68	0.811476
128	81	1.14306
128	83	1.05474
128	98	1.12622
128	100	1.12113
128	107	1.0138
128	112	0.769112
128	114	1.17871
128	121	0.833192
128	126	1.12122
128	131	0.830607
128	136	0.794529
128	140	0.811542
128	141	1.13577
128	144	0.909751
128	149	0.947328
128	150	0.926307
128	152	1.13935
128	155	1.16734
128	156	1.02438
128	158	1.18317
128	159	0.837393
128	161	1.17966
128	162	0.946769
128	164	1.14613
128	166	0.935611
128	170	1.13466
128	173	1.14556
128	178	1.1539
128	180	1.21502
129	2	1.04131
129	4	1.21688
129	9	1.23695
129	10	1.2118
129	18	1.2066
129	30	1.3347
129	32	1.04105
129	36	0.626984
129	39	1.15357
129	42	0.845118
129	49	1.10138
129	62	1.26956
129	72	1.22055
129	74	0.652406
129	83	0.754
129	91	1.10056
129	99	0.826312
129	117	1.21471
129	118	1.20062
129	120	1.17979
129	122	1.2144
129	133	0.654055
129	137	1.16267
129	146	0.675047
129	148	1.18361
129	149	0.724449
129	151	1.17024
129	157	0.789064
129	162	0.723889
129	166	1.15522
129	167	0.649425
129	175	1.1014
130	15	1.21858
130	21	0.546272
130	36	1.16575
130	45	1.27383
130	59	0.741461
130	72	0.792704
130	89	1.25184
130	93	1.24264
130	95	0.719342
130	108	1.13671
130	109	1.07541
130	111	1.123
130	116	1.22469
130	117	0.718462
130	125	0.660328
130	136	1.24444
130	145	0.719679
130	149	1.15255
130	153	1.13812
130	155	0.743672
130	156	1.0584
130	157	1.0948
130	158	0.749133
130	159	1.19141
130	160	1.12144
130	162	1.11788
130	164	0.777035
130	169	1.07066
130	170	0.779573
130	172	1.1065
130	176	0.722088
130	177	1.09281
130	180	0.676569
131	5	0.72855
131	46	0.708895
131	48	1.18053
131	51	1.13553
131	55	1.24805
131	84	1.1563
131	85	0.763513
131	89	1.2639
131	94	0.640719
131	100	0.774259
131	108	1.14877
131	119	1.19253
131	128	0.830607
131	135	0.73629
131	136	1.2565
131	139	0.721054
131	140	1.19533
131	146	1.19578
131	148	0.704456
131	153	1.15018
131	157	1.10686
131	162	1.12994
131	163	1.18086
131	167	1.18326
131	170	0.73698
131	171	0.952943
131	172	1.11856
131	174	1.09895
131	176	0.679494
131	177	1.10487
131	178	0.687451
131	179	1.10121
131	180	0.633976
132	3	0.807055
132	15	0.622497
132	20	1.09818
132	22	1.18568
132	33	1.18568
132	34	1.18568
132	56	1.20558
132	65	1.15866
132	94	1.19997
132	96	1.38293
132	101	0.715945
132	111	0.801362
132	113	1.28893
132	125	1.36056
132	127	1.21787
132	138	1.30655
132	139	1.26288
132	140	1.25472
132	142	0.667719
132	143	1.2722
132	145	1.27219
132	156	0.978418
132	157	0.867371
132	160	0.809841
132	165	1.24213
132	167	0.727732
132	168	0.720361
132	169	0.880075
132	172	0.838998
132	173	0.0321151
132	175	0.811022
132	180	1.32049
133	1	0.741232
133	3	1.11041
133	18	0.526261
133	73	1.08753
133	79	0.900542
133	91	1.08464
133	92	1.157
133	101	1.14602
133	105	1.14973
133	108	1.1265
133	110	1.24008
133	116	1.21447
133	124	0.755872
133	129	0.654055
133	135	0.782618
133	142	1.23867
133	143	0.676708
133	144	1.17524
133	154	0.777158
133	157	1.08459
133	158	0.752867
133	160	1.11122
133	161	0.718646
133	163	1.15859
133	165	1.16047
133	167	1.16099
133	169	1.06044
133	170	0.783307
133	172	1.09628
133	173	0.777287
133	174	1.07668
133	176	0.725822
133	177	1.0826
133	179	1.07894
134	16	1.19711
134	29	0.892138
134	31	1.13656
134	42	1.03309
134	51	1.09094
134	56	0.751823
134	79	0.922654
134	81	0.852668
134	96	0.663091
134	97	1.14916
134	98	0.866114
134	100	0.842699
134	101	1.1237
134	127	0.768229
134	140	1.15074
134	145	0.745525
134	147	1.1476
134	150	1.09006
134	156	1.02587
134	157	1.06227
134	158	0.77498
134	159	1.15888
134	160	1.0889
134	162	1.08535
134	163	1.13627
134	167	1.13867
134	169	1.03812
134	172	1.07396
134	174	1.05436
134	175	1.06317
134	176	0.747934
134	178	0.755891
134	179	1.05662
135	7	1.17587
135	8	1.04025
135	55	0.690333
135	60	1.09713
135	71	0.663742
135	74	1.14978
135	76	1.12536
135	79	1.09594
135	90	1.23987
135	100	1.14496
135	104	1.20206
135	121	0.738875
135	124	1.20108
135	131	0.73629
135	133	0.782618
135	141	1.1596
135	146	0.80361
135	152	1.16318
135	154	1.17184
135	155	1.19117
135	157	0.917628
135	158	1.207
135	160	0.860097
135	161	1.20349
135	163	0.777623
135	165	0.7722
135	168	0.770617
135	169	0.930332
135	170	1.15849
135	173	1.1694
135	175	0.861279
135	176	1.18724
135	178	1.17774
135	179	0.904387
135	180	1.23886
136	69	1.10545
136	70	0.713118
136	71	1.30012
136	82	0.749098
136	86	0.683294
136	90	0.655189
136	97	1.2435
136	98	0.761597
136	102	0.701358
136	105	1.22174
136	112	1.29272
136	121	1.23076
136	123	0.707209
136	125	0.581657
136	128	0.794529
136	130	1.24444
136	131	1.2565
136	142	1.31068
136	146	1.24553
136	154	0.694753
136	157	1.15661
136	160	1.18324
136	161	0.63624
136	162	1.17968
136	163	1.23061
136	164	0.698364
136	167	1.23301
136	169	1.13246
136	170	0.700902
136	171	1.00269
136	172	1.1683
136	175	1.1575
136	177	1.15462
136	178	0.651374
136	179	1.15095
136	180	0.597898
137	9	1.09833
137	30	1.02165
137	52	0.965188
137	54	1.12359
137	65	1.26358
137	69	0.8421
137	90	1.04851
137	93	1.0411
137	95	0.997038
137	98	0.958687
137	103	1.23195
137	109	0.873866
137	113	1.03683
137	115	1.00865
137	121	0.967405
137	129	1.16267
137	138	1.14164
137	144	0.983907
137	148	1.2594
137	149	0.951002
137	152	0.971816
137	155	0.999804
137	156	0.856851
137	158	1.01564
137	160	0.919887
137	161	1.01213
