1	52	0.68965
1	85	0.630586
1	109	0.638073
1	110	0.582417
1	155	0.655202
1	157	1.27976
1	167	1.21724
1	171	1.26786
1	173	1.18661
1	174	1.13723
1	178	1.11324
1	180	1.1941
2	54	1.34349
2	56	1.19319
2	75	1.07233
2	93	1.13014
2	103	1.24585
2	119	0.826575
2	133	1.24946
2	135	0.70831
2	148	0.74467
2	162	1.17903
2	170	0.777468
2	177	0.951376
3	9	0.983992
3	44	0.982533
3	97	1.13732
3	109	1.14197
3	133	0.822368
3	162	0.8647
3	166	1.08973
3	170	1.05673
3	176	0.933248
3	177	1.08771
3	178	1.15045
3	179	1.07427
4	82	1.26918
4	100	1.19954
4	123	1.1616
4	128	1.22187
4	131	1.22861
4	160	0.760087
4	162	1.20974
4	168	1.11785
4	170	0.732432
4	171	0.728022
4	173	0.819751
4	178	0.969078
5	56	1.22454
5	75	1.10368
5	93	1.16149
5	103	1.2772
5	119	0.756801
5	121	1.22448
5	144	0.76859
5	147	1.20495
5	162	1.21037
5	167	0.735373
5	172	0.871812
5	177	0.881602
6	37	1.144
6	97	1.27678
6	149	0.694155
6	154	0.68378
6	155	1.25063
6	166	1.22919
6	170	1.19619
6	172	0.871664
6	175	0.88226
6	176	1.07271
6	177	0.881454
6	179	1.21373
7	19	0.65602
7	29	0.667371
7	139	0.625325
7	140	0.66002
7	165	1.23454
7	167	1.2472
7	169	0.593713
7	173	1.21657
7	174	1.16718
7	177	1.16518
7	178	1.1432
7	180	1.22405
8	12	1.2265
8	121	0.771214
8	123	1.1462
8	128	1.20648
8	131	1.21321
8	134	1.20538
8	153	0.763916
8	154	0.805202
8	160	0.856623
8	162	1.19435
8	169	1.20817
8	179	0.814195
9	3	0.983992
9	77	1.19597
9	97	1.09839
9	109	1.10304
9	116	0.973371
9	158	0.968109
9	165	1.00485
9	166	1.0508
9	167	0.986172
9	170	1.01781
9	176	0.894323
9	179	1.03534
10	41	1.23433
10	43	1.07771
10	47	1.06668
10	64	1.01957
10	95	1.06242
10	118	0.876717
10	144	1.03658
10	154	0.951918
10	166	1.04743
10	168	0.955073
10	172	0.929207
10	173	1.063
11	82	1.10585
11	97	1.08613
11	122	1.16008
11	154	1.01474
11	161	1.03125
11	163	0.899137
11	171	1.00367
11	173	0.922419
11	174	0.873031
11	177	0.871031
11	178	0.84905
11	180	0.929906
12	8	1.2265
12	113	1.16694
12	117	1.20512
12	123	1.13962
12	124	1.25201
12	131	1.20663
12	134	1.1988
12	145	0.709264
12	148	0.739829
12	172	0.936745
12	173	0.859946
12	179	0.757853
13	58	1.0348
13	104	1.19306
13	119	0.947806
13	161	1.01209
13	164	1.00748
13	165	0.921234
13	166	1.14074
13	171	0.984505
13	173	0.903257
13	174	0.853869
13	177	0.851869
13	180	0.910744
14	61	1.03843
14	110	1.11628
14	112	1.08012
14	144	0.970421
14	149	0.896134
14	155	1.08297
14	158	1.02943
14	169	1.07489
14	170	1.02853
14	175	0.940673
14	177	1.08343
14	180	0.978945
15	27	1.15471
15	29	1.17521
15	31	1.13954
15	63	1.30749
15	88	1.21207
15	89	1.22594
15	118	0.739775
15	130	0.810157
15	138	0.795693
15	158	0.848358
15	161	0.811388
15	179	1.20983
16	84	0.741018
16	90	1.20674
16	99	1.22488
16	106	0.706919
16	111	1.28035
16	120	1.23149
16	132	1.25388
16	160	0.805506
16	162	0.728743
16	175	1.11711
16	176	1.08149
16	178	1.0145
17	69	1.09975
17	107	1.01759
17	113	1.03996
17	128	1.07291
17	131	1.07965
17	134	1.07182
17	151	0.973055
17	153	0.935286
17	159	0.975418
17	165	1.0467
17	168	0.968892
17	169	1.07461
18	23	1.29242
18	24	1.12852
18	30	1.12566
18	62	1.08562
18	65	0.961119
18	91	1.0922
18	96	1.14765
18	147	1.13269
18	151	0.75531
18	159	1.11341
18	171	0.778183
18	173	0.869912
18	175	0.957307
19	7	0.65602
19	85	1.1702
19	87	1.13855
19	104	1.13359
19	115	1.09871
19	129	1.12
19	140	1.12284
19	141	1.17054
19	146	1.163
19	154	0.792433
19	156	0.76903
19	163	0.955199
19	178	1.05284
20	27	1.2335
20	51	1.31
20	83	1.34637
20	88	1.29085
20	89	1.30472
20	124	0.561054
20	144	0.71157
20	145	1.32925
20	151	0.623391
20	168	0.762551
20	172	0.814792
20	176	0.917265
20	179	1.28861
21	38	1.17754
21	54	1.27636
21	56	1.12607
21	75	1.00521
21	93	1.06302
21	103	1.17873
21	133	1.18233
21	135	0.794717
21	160	0.891529
21	161	0.83652
21	162	1.1119
21	179	0.849101
21	180	0.933294
22	59	1.23853
22	74	1.07252
22	110	1.1943
22	112	1.15814
22	116	0.898854
22	138	0.840927
22	142	0.863413
22	145	0.820612
22	155	1.161
22	169	1.15292
22	170	1.10656
22	171	0.879566
22	175	1.0187
23	18	1.29242
23	62	1.25743
23	73	1.32911
23	86	1.28828
23	91	1.26401
23	94	0.767047
23	96	1.31945
23	118	0.589759
23	124	1.37417
23	130	0.660141
23	156	0.641557
23	168	0.800602
23	178	0.925371
24	18	1.12852
24	30	1.13356
24	36	1.23431
24	62	1.09352
24	68	1.1905
24	72	1.17144
24	86	1.12438
24	91	1.1001
24	165	0.754077
24	168	0.819593
24	174	0.885037
24	175	0.88243
24	176	0.974306
25	39	0.703823
25	44	0.849501
25	66	0.614971
25	110	0.614306
25	115	0.727511
25	165	1.15956
25	167	1.17221
25	171	1.22283
25	173	1.14158
25	174	1.09219
25	177	1.09019
25	178	1.06821
25	180	1.14907
26	107	1.28034
26	123	1.2754
26	131	1.34241
26	134	1.33458
26	135	0.57935
26	147	0.625345
26	158	1.2919
26	168	1.23165
26	169	1.33737
26	174	0.825829
26	175	0.823222
26	177	0.822416
26	180	0.717927
27	15	1.15471
27	20	1.2335
27	48	1.17161
27	51	1.0919
27	63	1.16817
27	83	1.12827
27	89	1.08662
27	144	0.857071
27	147	0.773012
27	168	0.908052
27	170	0.796175
27	174	0.973496
27	179	1.07051
28	59	1.24817
28	74	1.08217
28	112	1.16779
28	125	0.808042
28	148	0.813547
28	155	1.17065
28	158	1.1171
28	164	0.800561
28	168	0.958222
28	169	1.16257
28	170	1.11621
28	173	0.933664
28	175	1.02835
29	7	0.667371
29	15	1.17521
29	48	1.1921
29	51	1.1124
29	63	1.18867
29	83	1.14877
29	88	1.09325
29	89	1.10712
29	94	0.905872
29	161	0.800197
29	164	0.781766
29	178	1.0642
29	179	1.09101
30	18	1.12566
30	24	1.13356
30	40	0.845247
30	62	1.09066
30	68	1.18764
30	91	1.09724
30	96	1.15269
30	121	0.816827
30	124	1.20741
30	159	1.11845
30	167	0.90226
30	170	0.874581
30	171	0.870171
31	15	1.13954
31	48	1.15643
31	51	1.07672
31	83	1.1131
31	88	1.05758
31	89	1.07144
31	122	1.04546
31	145	1.09597
31	150	0.892198
31	159	0.915295
31	164	0.89443
31	167	0.967894
31	170	0.940215
31	179	1.05533
32	43	1.27439
32	45	0.71829
32	58	1.33866
32	64	1.21625
32	76	1.21065
32	95	1.2591
32	138	0.768723
32	156	0.764603
32	159	1.21894
32	164	0.765987
32	168	1.15175
32	172	1.12589
32	179	0.796998
32	180	0.881191
33	45	0.63984
33	52	1.30965
33	97	1.36172
33	109	1.36637
33	116	0.7482
33	119	0.782429
33	148	0.700524
33	166	1.31412
33	170	1.28113
33	171	0.728912
33	176	1.15765
33	179	1.29867
33	180	0.802741
34	35	1.29855
34	43	1.25949
34	47	1.24845
34	64	1.20135
34	95	1.2442
34	159	1.20404
34	163	0.827502
34	165	0.734864
34	166	1.2292
34	167	0.716182
34	170	0.688503
34	172	1.11098
34	173	0.775822
34	176	0.955093
35	34	1.29855
35	50	0.695887
35	58	1.32044
35	76	1.19242
35	95	1.24087
35	124	0.70531
35	133	0.703492
35	135	1.27663
35	144	0.855827
35	150	0.746914
35	166	1.22588
35	168	1.13352
35	172	1.10766
35	174	0.972252
36	24	1.23431
36	62	1.19141
36	72	1.26933
36	86	1.22226
36	91	1.19798
36	96	1.25343
36	118	0.699715
36	145	0.735318
36	147	1.23848
36	152	0.794891
36	154	0.774915
36	159	1.2192
36	161	0.771327
36	168	0.910558
37	6	1.144
37	77	1.21653
37	78	0.764765
37	97	1.11894
37	109	1.12359
37	155	1.0928
37	158	0.87448
37	161	0.837509
37	166	1.07135
37	170	1.03836
37	176	0.914874
37	177	1.03877
37	178	1.10151
37	179	1.05589
38	21	1.17754
38	50	0.707761
38	54	1.38571
38	56	1.23542
38	75	1.11456
38	93	1.17237
38	103	1.28808
38	119	0.855913
38	124	0.717185
38	145	0.743442
38	147	1.21583
38	159	0.781886
38	162	1.22125
38	180	0.876225
39	25	0.703823
39	45	0.729739
39	85	1.25664
39	92	1.18346
39	127	1.22492
39	137	1.1953
39	139	1.22668
39	140	1.20929
39	141	1.25698
39	143	1.24095
39	148	0.790423
39	154	0.799455
39	162	0.774114
39	171	0.818811
40	30	0.845247
40	56	1.15169
40	83	0.749114
40	92	0.835742
40	93	1.08864
40	103	1.20435
40	107	1.09432
40	134	1.14856
40	146	0.728231
40	166	0.725568
40	167	1.08891
40	177	1.00689
40	178	0.984908
40	180	1.06576
41	10	1.23433
41	47	1.36269
41	76	1.30998
41	95	1.35843
41	124	0.627117
41	144	0.777633
41	151	0.689454
41	152	0.712947
41	161	0.689383
41	166	1.34344
41	168	1.25109
41	172	1.22522
41	175	0.891451
42	81	1.16815
42	84	0.814437
42	98	1.21519
42	102	1.26993
42	105	1.17186
42	114	1.24664
42	120	1.17287
42	132	1.19526
42	133	0.759831
42	135	0.782112
42	162	0.802162
42	165	0.897631
42	175	1.05849
42	176	1.02287
42	180	0.920689
43	10	1.07771
43	32	1.27439
43	34	1.25949
43	65	0.90747
43	76	1.15337
43	95	1.20181
43	158	0.73856
43	159	1.16166
43	162	0.679836
43	166	1.18682
43	168	1.09447
43	172	1.0686
43	176	0.995534
43	178	0.965589
43	179	0.71417
44	3	0.982533
44	25	0.849501
44	52	1.04486
44	77	1.19452
44	97	1.09693
44	109	1.10158
44	142	0.948336
44	154	0.945132
44	155	1.07079
44	159	0.943979
44	166	1.04934
44	170	1.01635
44	176	0.892864
44	177	1.14281
44	179	1.03389
45	32	0.71829
45	33	0.63984
45	39	0.729739
45	90	0.737399
45	100	0.729502
45	141	0.682957
45	152	1.24907
45	164	1.25419
45	167	1.1806
45	171	1.23122
45	173	1.14997
45	174	1.10058
45	177	1.09858
45	178	1.0766
45	180	1.15746
46	71	1.11198
46	115	1.15832
46	126	1.20167
46	127	1.19809
46	129	1.17961
46	133	0.695589
46	136	0.887491
46	138	0.743979
46	139	1.19985
46	163	0.926027
46	166	1.18823
46	169	1.2016
46	172	1.07001
46	175	0.961742
46	179	0.772254
47	10	1.06668
47	34	1.24845
47	41	1.36269
47	76	1.14233
47	95	1.19078
47	156	0.770823
47	158	0.827608
47	159	1.15062
47	163	0.956991
47	164	0.772207
47	166	1.17578
47	167	0.845671
47	168	1.08343
47	170	0.817992
47	172	1.05756
48	27	1.17161
48	29	1.1921
48	31	1.15643
48	63	1.32438
48	83	1.28448
48	88	1.22896
48	122	1.21684
48	124	0.66249
48	152	0.74832
48	154	0.728344
48	160	0.779765
48	173	0.83943
48	174	0.929432
48	179	1.22672
49	69	1.20952
49	100	1.16035
49	113	1.14973
49	117	1.18791
49	128	1.18268
49	131	1.18942
49	134	1.18159
49	142	0.750274
49	148	0.738039
49	149	0.757446
49	160	0.798492
49	163	0.909836
49	168	1.07866
49	169	1.18438
49	176	1.03743
50	35	0.695887
50	38	0.707761
50	105	0.755925
50	111	0.660215
50	140	0.721156
50	151	1.25659
50	154	1.25777
50	163	1.14217
50	165	1.18343
50	166	0.655858
50	173	1.16545
50	174	1.11607
50	177	1.11407
50	178	1.09208
50	180	1.17294
51	20	1.31
51	27	1.0919
51	29	1.1124
51	31	1.07672
51	63	1.24468
51	83	1.20478
51	88	1.14926
51	89	1.16312
51	152	0.744943
51	165	0.795095
51	168	0.86061
51	171	0.744324
51	173	0.836053
51	176	1.01532
51	179	1.14701
52	1	0.68965
52	33	1.30965
52	44	1.04486
52	77	1.29723
52	97	1.19965
52	109	1.2043
52	133	0.749497
52	148	0.808138
52	155	1.1735
52	157	0.815951
52	170	1.11906
52	171	0.836526
52	172	1.00505
52	176	0.99558
52	179	1.1366
53	105	0.708076
53	109	0.642467
53	112	0.609712
53	113	0.699366
53	115	0.700016
53	148	1.27179
53	155	0.659596
53	163	1.15338
53	171	1.25792
53	173	1.17667
53	174	1.12728
53	176	1.09989
53	177	1.12528
53	178	1.1033
53	180	1.18415
54	2	1.34349
54	21	1.27636
54	38	1.38571
54	75	1.21338
54	79	0.605578
54	93	1.27119
54	103	1.3869
54	130	0.631095
54	147	1.31465
54	161	0.632325
54	162	1.32007
54	176	0.92627
54	178	0.896325
54	179	0.644906
54	180	0.729098
55	57	1.19807
55	74	1.1133
55	110	1.23508
55	112	1.19892
55	151	0.767339
55	155	1.20178
55	158	1.14824
55	160	0.822277
55	164	0.748838
55	165	0.840984
55	169	1.1937
55	170	1.14734
55	175	1.05948
55	178	1.03127
55	179	0.779849
56	2	1.19319
56	5	1.22454
56	21	1.12607
56	38	1.23542
56	40	1.15169
56	75	1.06309
56	93	1.1209
56	103	1.23661
56	135	0.763582
56	152	0.828949
56	153	0.767687
56	161	0.805385
56	162	1.16978
56	177	1.00665
56	179	0.817966
57	55	1.19807
57	61	1.15117
57	110	1.22902
57	112	1.19286
57	149	0.76458
57	150	0.729955
57	155	1.19571
57	156	0.730802
57	158	1.14217
57	169	1.18764
57	170	1.14128
57	171	0.773561
57	175	1.05341
57	176	1.04456
57	177	0.951879
58	13	1.0348
58	32	1.33866
58	35	1.32044
58	64	1.22324
58	76	1.21764
58	80	0.606871
58	116	0.663843
58	125	0.610661
58	135	1.30184
58	159	1.22593
58	166	1.25109
58	168	1.15874
58	171	0.644555
58	172	1.13287
58	174	0.826286
58	176	0.915555
59	22	1.23853
59	28	1.24817
59	61	1.23241
59	65	0.835683
59	110	1.31025
59	112	1.27409
59	119	0.706264
59	121	1.26915
59	157	0.632172
59	169	1.26887
59	170	1.22251
59	171	0.652747
59	173	0.744476
59	175	1.13465
59	176	0.923748
59	178	0.893803
60	65	0.985539
60	92	1.09628
60	127	1.13773
60	129	1.11925
60	136	0.907476
60	137	1.10811
60	139	1.13949
60	140	1.1221
60	143	1.15376
60	146	1.16225
60	147	0.78385
60	156	0.759844
60	166	1.12788
60	172	1.00966
60	176	1.0736
60	179	0.792239
61	14	1.03843
61	57	1.15117
61	59	1.23241
61	74	1.06641
61	78	0.79367
61	110	1.18819
61	112	1.15203
61	138	0.850719
61	158	1.10134
61	162	0.844661
61	163	1.03277
61	169	1.1468
61	170	1.10044
61	171	0.889358
61	175	1.01258
61	179	0.878994
62	18	1.08562
62	23	1.25743
62	24	1.09352
62	30	1.09066
62	36	1.19141
62	68	1.1476
62	73	1.12231
62	91	1.0572
62	96	1.11265
62	119	0.869532
62	138	0.777376
62	159	1.07841
62	161	0.793071
62	165	0.866787
62	172	0.984543
62	174	0.997747
63	15	1.30749
63	27	1.16817
63	29	1.18867
63	48	1.32438
63	51	1.24468
63	80	0.726491
63	83	1.28105
63	88	1.22553
63	89	1.2394
63	106	0.697654
63	138	0.725537
63	156	0.721417
63	167	0.796265
63	170	0.768586
63	172	0.932704
63	179	1.22329
64	10	1.01957
64	32	1.21625
64	34	1.20135
64	58	1.22324
64	76	1.09523
64	95	1.14368
64	124	0.779532
64	125	0.830849
64	159	1.10352
64	165	0.915514
64	166	1.12868
64	168	1.03633
64	170	0.869153
64	172	1.01046
64	174	1.04647
64	179	0.854379
65	18	0.961119
65	43	0.90747
65	59	0.835683
65	60	0.985539
65	137	1.02577
65	150	1.11418
65	157	1.08791
65	161	1.1036
65	165	1.01274
65	167	1.02539
65	171	1.07601
65	172	0.956249
65	174	0.945376
65	177	0.943376
65	178	0.921394
65	180	1.00225
66	25	0.614971
66	81	1.27002
66	90	1.24999
66	99	1.26813
66	101	1.26754
66	105	1.27373
66	108	1.32164
66	132	1.29713
66	150	0.686353
66	158	0.743986
66	160	0.762024
66	168	0.846246
66	171	0.729959
66	175	1.16036
66	176	1.12473
66	177	0.908277
67	70	1.11077
67	104	1.07219
67	116	1.06613
67	126	1.08065
67	127	1.07707
67	137	1.04745
67	140	1.06144
67	141	1.10914
67	143	1.0931
67	146	1.10159
67	158	0.823902
67	167	0.841964
67	169	1.08058
67	173	0.901604
67	174	0.991606
67	177	0.988193
67	178	1.05093
68	24	1.1905
68	30	1.18764
68	62	1.1476
68	72	1.22552
68	73	1.21929
68	86	1.17846
68	91	1.15418
68	118	0.641589
68	135	1.25131
68	147	1.19468
68	149	0.727165
68	158	0.750172
68	159	1.17539
68	167	0.768235
68	176	1.00715
68	178	0.977201
68	180	0.809975
69	17	1.09975
69	49	1.20952
69	100	1.18437
69	113	1.17375
69	117	1.21194
69	123	1.14643
69	124	1.25883
69	131	1.21344
69	134	1.20561
69	145	0.723946
69	150	0.739293
69	151	0.760026
69	159	0.76239
69	162	1.19458
69	172	0.951428
69	175	0.962024
69	179	0.772536
70	67	1.11077
70	79	0.743095
70	87	1.21001
70	126	1.21352
70	129	1.19146
70	137	1.18032
70	140	1.19431
70	141	1.242
70	143	1.22597
70	144	0.858092
70	146	1.23446
70	148	0.764398
70	157	0.772211
70	159	0.772276
70	172	1.08187
70	177	0.971104
70	179	0.782423
71	46	1.11198
71	104	1.08526
71	124	0.869134
71	126	1.09372
71	127	1.09014
71	129	1.07166
71	137	1.06052
71	139	1.0919
71	143	1.10617
71	146	1.11466
71	147	0.935591
71	158	0.96837
71	162	0.909647
71	169	1.09365
71	170	0.958754
71	172	0.962063
71	179	0.94398
72	24	1.17144
72	36	1.26933
72	68	1.22552
72	73	1.20023
72	86	1.1594
72	91	1.13512
72	96	1.19057
72	116	0.760965
72	135	1.23225
72	136	0.846551
72	147	1.17562
72	157	0.721102
72	159	1.15633
72	161	0.718733
72	162	0.69698
72	175	0.920801
72	176	1.01268
73	23	1.32911
73	62	1.12231
73	68	1.21929
73	72	1.20023
73	86	1.15317
73	91	1.12889
73	96	1.18434
73	124	1.23905
73	130	0.72688
73	147	1.16939
73	154	0.731698
73	159	1.1501
73	161	0.72811
73	162	0.706357
73	172	0.919582
73	175	0.930178
73	177	0.929372
74	22	1.07252
74	28	1.08217
74	55	1.1133
74	61	1.06641
74	110	1.14425
74	112	1.10809
74	118	0.860826
74	148	0.926994
74	149	0.946401
74	155	1.11095
74	156	0.912623
74	158	1.05741
74	162	0.910685
74	169	1.10287
74	170	1.05651
74	175	0.968649
74	180	1.02921
75	2	1.07233
75	5	1.10368
75	21	1.00521
75	38	1.11456
75	54	1.21338
75	56	1.06309
75	93	1.00004
75	103	1.11575
75	119	0.934389
75	133	1.11935
75	136	0.985746
75	147	1.0435
75	150	0.837266
75	158	0.894899
75	162	1.04892
75	171	0.880872
75	174	1.0626
76	32	1.21065
76	35	1.19242
76	41	1.30998
76	43	1.15337
76	47	1.14233
76	58	1.21764
76	64	1.09523
76	118	0.762071
76	142	0.840475
76	149	0.847646
76	153	0.795985
76	159	1.09791
76	161	0.833683
76	166	1.12308
76	168	1.03073
76	170	0.861037
76	172	1.00486
76	177	1.03495
77	9	1.19597
77	37	1.21653
77	44	1.19452
77	52	1.29723
77	109	1.35395
77	121	0.695499
77	152	0.749463
77	154	0.729487
77	155	1.32315
77	156	0.706084
77	159	0.728333
77	164	0.707469
77	166	1.30171
77	170	1.26871
77	172	0.917371
77	176	1.14523
77	179	1.28625
77	180	0.822672
78	37	0.764765
78	61	0.79367
78	96	0.65471
78	136	1.12234
78	137	0.747148
78	146	0.657468
78	153	1.24128
78	154	1.21202
78	155	0.70639
78	156	1.23779
78	164	1.22392
78	165	1.13768
78	169	0.653794
78	173	1.1197
78	174	1.07031
78	177	1.06831
78	178	1.04633
78	180	1.12719
79	54	0.605578
79	70	0.743095
79	85	0.727771
79	88	0.768919
79	108	0.723223
79	139	0.731403
79	149	1.20777
79	153	1.24851
79	157	1.22008
79	166	0.700801
79	167	1.15756
79	171	1.20818
79	172	1.08842
79	173	1.12693
79	174	1.07755
79	177	1.07555
79	178	1.05356
79	180	1.13442
80	58	0.606871
80	63	0.726491
80	89	0.77359
80	97	0.67675
80	104	0.765133
80	132	0.732774
80	151	1.22642
80	159	1.18982
80	160	1.18237
80	163	1.112
80	165	1.15326
80	169	0.711798
80	171	1.21653
80	173	1.13528
80	174	1.08589
80	177	1.08389
80	178	1.06191
80	180	1.14277
81	42	1.16815
81	66	1.27002
81	90	1.11412
81	99	1.13226
81	102	1.23593
81	108	1.18577
81	111	1.18773
81	118	0.735065
81	120	1.13887
81	132	1.16126
81	159	0.809112
81	160	0.861687
81	162	0.784924
81	165	0.880393
81	172	0.99815
81	175	1.02449
81	176	0.988866
81	180	0.903451
82	4	1.26918
82	11	1.10585
82	100	1.20485
82	107	1.17186
82	113	1.19423
82	117	1.23242
82	118	0.639601
82	123	1.16691
82	128	1.22718
82	134	1.22609
82	135	0.66941
82	144	0.799464
82	157	0.713582
82	158	1.18342
82	161	0.711214
82	162	1.21505
82	169	1.22888
82	173	0.825887
82	180	0.807987
83	20	1.34637
83	27	1.12827
83	29	1.14877
83	31	1.1131
83	40	0.749114
83	48	1.28448
83	51	1.20478
83	63	1.28105
83	88	1.18563
83	89	1.1995
83	124	0.688828
83	138	0.735399
83	145	1.22403
83	153	0.713396
83	156	0.731279
83	159	0.753528
83	172	0.942566
83	175	0.953163
83	179	1.18339
84	16	0.741018
84	42	0.814437
84	102	0.741068
84	108	0.740493
84	109	0.752527
84	128	0.775083
84	134	0.734743
84	151	1.16541
84	154	1.1666
84	156	1.19237
84	157	1.16742
84	160	1.12137
84	161	1.18312
84	165	1.09226
84	173	1.07428
84	174	1.02489
84	177	1.02289
84	178	1.00091
84	180	1.08177
85	1	0.630586
85	19	1.1702
85	39	1.25664
85	79	0.727771
85	92	1.16651
85	115	1.1682
85	126	1.21155
85	141	1.24003
85	143	1.224
85	146	1.23249
85	155	1.21956
85	157	0.756887
85	159	0.756953
85	160	0.809528
85	163	0.920872
85	164	0.736088
85	166	1.19811
85	169	1.21148
85	180	0.851292
86	23	1.28828
86	24	1.12438
86	36	1.22226
86	68	1.17846
86	72	1.1594
86	73	1.15317
86	91	1.08806
86	96	1.14351
86	119	0.852898
86	124	1.19822
86	135	1.18518
86	138	0.760742
86	147	1.12855
86	149	0.790399
86	154	0.780024
86	159	1.10927
86	163	0.94279
86	164	0.758006
86	171	0.799381
86	172	0.967908
87	19	1.13855
87	70	1.21001
87	104	1.17144
87	115	1.13656
87	126	1.1799
87	127	1.17632
87	135	0.751919
87	139	1.17808
87	140	1.16069
87	141	1.20838
87	146	1.20084
87	151	0.793794
87	152	0.817287
87	153	0.756025
87	156	0.773908
87	158	0.830694
87	168	0.932954
87	169	1.17983
87	172	1.04824
87	174	0.998398
88	15	1.21207
88	20	1.29085
88	29	1.09325
88	31	1.05758
88	48	1.22896
88	51	1.14926
88	63	1.22553
88	79	0.768919
88	83	1.18563
88	89	1.14398
88	122	1.11799
88	133	0.731582
88	142	0.802459
88	145	1.16851
88	151	0.795738
88	163	0.96202
88	164	0.777236
88	170	0.823021
88	173	0.91034
88	179	1.12787
89	15	1.22594
89	20	1.30472
89	27	1.08662
89	29	1.10712
89	31	1.07144
89	51	1.16312
89	63	1.2394
89	80	0.77359
89	83	1.1995
89	88	1.14398
89	122	1.13186
89	125	0.777381
89	135	0.746526
89	145	1.18237
89	147	0.792521
89	158	0.825301
89	165	0.862046
89	170	0.815684
89	175	0.990398
89	179	1.14173
90	16	1.20674
90	45	0.737399
90	66	1.24999
90	81	1.11412
90	98	1.16116
90	99	1.11223
90	105	1.11783
90	108	1.16575
90	111	1.1677
90	114	1.19262
90	120	1.11884
90	132	1.14123
90	157	0.805896
90	158	0.840498
90	161	0.803527
90	167	0.858561
90	170	0.830882
90	172	0.994999
90	175	1.00446
90	176	0.968838
90	177	1.00479
91	18	1.0922
91	23	1.26401
91	24	1.1001
91	30	1.09724
91	36	1.19798
91	62	1.0572
91	68	1.15418
91	72	1.13512
91	73	1.12889
91	86	1.08806
91	96	1.11923
91	124	1.17395
91	136	0.959697
91	145	0.79587
91	153	0.794181
91	157	0.834248
91	159	1.08499
91	164	0.813448
91	169	0.790833
91	170	0.859233
91	173	0.946552
92	39	1.18346
92	40	0.835742
92	60	1.09628
92	85	1.16651
92	104	1.12991
92	106	0.794145
92	126	1.13837
92	129	1.11631
92	137	1.10517
92	139	1.13655
92	140	1.11916
92	141	1.16685
92	143	1.15082
92	146	1.15931
92	149	0.851686
92	156	0.817908
92	158	0.874694
92	161	0.837723
92	165	0.911439
92	172	1.00672
92	173	0.952396
93	2	1.13014
93	5	1.16149
93	21	1.06302
93	38	1.17237
93	40	1.08864
93	54	1.27119
93	56	1.1209
93	75	1.00004
93	103	1.17356
93	106	0.79685
93	121	1.12084
93	133	1.17716
93	135	0.798624
93	145	0.804419
93	147	1.10131
93	150	0.819765
93	157	0.842797
93	162	1.10673
93	168	0.979659
93	170	0.867782
93	175	1.0425
94	23	0.767047
94	29	0.905872
94	108	0.855647
94	111	0.83758
94	117	0.85372
94	122	0.871118
94	138	1.10126
94	149	1.08909
94	150	1.12767
94	151	1.09939
94	152	1.10735
94	156	1.12634
94	159	1.06279
94	166	0.833224
94	167	1.03888
94	171	1.0895
94	173	1.00825
94	174	0.958866
94	177	0.956866
94	178	0.934885
94	180	1.01574
95	10	1.06242
95	32	1.2591
95	34	1.2442
95	35	1.24087
95	41	1.35843
95	43	1.20181
95	47	1.19078
95	64	1.14368
95	135	1.22228
95	142	0.74296
95	147	0.74036
95	150	0.715506
95	158	0.773139
95	159	1.14636
95	164	0.717738
95	166	1.17153
95	168	1.07917
95	172	1.05331
95	173	0.850842
95	175	0.938237
95	176	1.03011
95	180	0.832942
96	18	1.14765
96	23	1.31945
96	30	1.15269
96	36	1.25343
96	62	1.11265
96	72	1.19057
96	73	1.18434
96	78	0.65471
96	86	1.14351
96	91	1.11923
96	124	1.22939
96	135	1.21636
96	136	0.855272
96	147	1.15972
96	149	0.741417
96	153	0.689756
96	159	1.14044
96	168	0.866685
96	171	0.750398
96	173	0.842128
96	174	0.93213
96	175	0.929523
97	3	1.13732
97	6	1.27678
97	9	1.09839
97	11	1.08613
97	33	1.36172
97	37	1.11894
97	44	1.09693
97	52	1.19965
97	80	0.67675
97	109	1.25637
97	133	0.627406
97	155	1.22557
97	156	0.671676
97	158	0.728461
97	166	1.20413
97	170	1.17113
97	171	0.714435
97	172	0.882963
97	175	0.893559
97	176	1.04765
97	177	0.892753
97	179	1.18867
98	42	1.21519
98	90	1.16116
98	99	1.1793
98	101	1.17871
98	102	1.28297
98	105	1.1849
98	108	1.23281
98	111	1.23476
98	114	1.25968
98	116	0.781389
98	120	1.18591
98	121	0.708756
98	132	1.2083
98	147	0.743347
98	157	0.741525
98	163	0.90551
98	170	0.76651
98	175	1.07153
98	176	1.0359
98	177	0.940418
98	178	1.00316
98	179	0.751737
99	16	1.22488
99	66	1.26813
99	81	1.13226
99	90	1.11223
99	98	1.1793
99	101	1.12978
99	102	1.23404
99	105	1.13597
99	111	1.18583
99	114	1.21075
99	120	1.13698
99	132	1.15937
99	136	0.899034
99	151	0.771287
99	157	0.773585
99	159	0.77365
99	167	0.826249
99	174	0.975891
99	175	1.0226
99	176	0.986973
99	177	0.972478
99	179	0.783796
99	180	0.867989
100	4	1.19954
100	45	0.729502
100	49	1.16035
100	69	1.18437
100	82	1.20485
100	113	1.12459
100	117	1.16277
100	123	1.09727
100	128	1.15754
100	131	1.16427
100	134	1.15644
100	153	0.757932
100	156	0.775815
100	158	1.11377
100	161	0.79563
100	162	1.14541
100	164	0.777199
100	168	1.05352
100	169	1.15924
100	170	0.822984
100	171	0.818574
100	172	0.987102
100	176	1.08957
101	66	1.26754
101	98	1.17871
101	99	1.12978
101	102	1.23345
101	105	1.13538
101	108	1.18329
101	111	1.18524
101	114	1.21016
101	116	0.837385
101	120	1.13639
101	122	1.11753
101	132	1.15878
101	133	0.731068
101	145	1.16804
101	148	0.789709
101	151	0.795224
101	159	0.797587
101	172	0.986625
101	175	1.02201
101	176	0.986385
101	177	0.996415
101	179	0.807733
101	180	0.891926
102	42	1.26993
102	81	1.23593
102	84	0.741068
102	98	1.28297
102	99	1.23404
102	101	1.23345
102	105	1.23964
102	108	1.28755
102	111	1.28951
102	114	1.31442
102	116	0.792779
102	120	1.24065
102	121	0.720146
102	125	0.739597
102	132	1.26304
102	148	0.745102
102	150	0.729884
102	162	0.728793
102	164	0.732116
102	165	0.824262
102	168	0.889777
102	175	1.12627
102	176	1.09065
103	2	1.24585
103	5	1.2772
103	21	1.17873
103	38	1.28808
103	40	1.20435
103	54	1.3869
103	56	1.23661
103	75	1.11575
103	93	1.17356
103	121	1.23655
103	133	1.29287
103	135	0.669239
103	142	0.717834
103	147	1.21702
103	151	0.711113
103	152	0.734606
103	156	0.691228
103	157	0.713411
103	162	1.22244
103	168	0.850273
103	175	0.913111
103	177	0.912305
103	180	0.807816
104	13	1.19306
104	19	1.13359
104	67	1.07219
104	71	1.08526
104	80	0.765133
104	87	1.17144
104	92	1.12991
104	115	1.1316
104	126	1.17494
104	127	1.17136
104	137	1.14174
104	139	1.17313
104	140	1.15573
104	143	1.18739
104	145	0.743864
104	146	1.19588
104	153	0.742175
104	162	0.75812
104	164	0.761442
104	166	1.16151
104	170	0.807227
104	171	0.802817
104	173	0.894546
105	42	1.17186
105	50	0.755925
105	53	0.708076
105	66	1.27373
105	90	1.11783
105	98	1.1849
105	99	1.13597
105	101	1.13538
105	102	1.23964
105	114	1.21635
105	119	1.1139
105	120	1.14258
105	132	1.16497
105	133	0.76353
105	138	0.81192
105	145	1.17423
105	160	0.882624
105	164	0.809184
105	168	0.966846
105	175	1.0282
105	176	0.992574
105	179	0.840195
105	180	0.924388
106	16	0.706919
106	63	0.697654
106	92	0.794145
106	93	0.79685
106	126	0.733282
106	131	0.706974
106	146	0.686634
106	151	1.21087
106	156	1.23782
106	160	1.16682
106	161	1.22857
106	163	1.09645
106	164	1.22395
106	165	1.13771
106	166	0.683971
106	167	1.15036
106	169	0.682961
106	171	1.20098
106	173	1.11973
106	174	1.07034
106	177	1.06834
106	178	1.04636
106	180	1.12722
107	17	1.01759
107	26	1.28034
107	40	1.09432
107	82	1.17186
107	116	1.11178
107	117	1.12978
107	123	1.06427
107	128	1.12454
107	131	1.13128
107	133	1.18285
107	134	1.12345
107	157	0.809567
107	158	1.08078
107	159	0.809632
107	162	1.11241
107	165	0.880913
107	167	0.862231
107	168	1.02052
107	169	1.12624
107	170	0.834552
107	174	1.01187
107	175	1.00927
107	179	0.819778
107	180	0.903971
108	66	1.32164
108	79	0.723223
108	81	1.18577
108	84	0.740493
108	90	1.16575
108	94	0.855647
108	98	1.23281
108	101	1.18329
108	102	1.28755
108	111	1.23935
108	114	1.26427
108	120	1.19049
108	122	1.17163
108	130	0.748741
108	132	1.21288
108	145	1.22215
108	149	0.763934
108	152	0.773535
108	153	0.712273
108	161	0.749971
108	172	0.941443
108	175	1.07611
108	176	1.04049
108	179	0.762551
109	1	0.638073
109	3	1.14197
109	9	1.10304
109	33	1.36637
109	37	1.12359
109	44	1.10158
109	52	1.2043
109	53	0.642467
109	77	1.35395
109	84	0.752527
109	97	1.25637
109	118	1.26548
109	121	0.731605
109	144	0.850255
109	154	0.765593
109	155	1.23022
109	158	0.798976
109	162	0.740252
109	166	1.20878
109	168	0.901236
109	170	1.17578
109	172	0.953477
109	176	1.0523
109	179	1.19332
110	1	0.582417
110	14	1.11628
110	22	1.1943
110	25	0.614306
110	55	1.23508
110	57	1.22902
110	59	1.31025
110	61	1.18819
110	74	1.14425
110	112	1.22987
110	116	0.748582
110	121	1.22493
110	130	0.705119
110	155	1.23273
110	158	1.17918
110	161	0.70635
110	163	0.872703
110	167	0.761383
110	169	1.22465
110	170	1.17829
110	172	0.897822
110	175	1.09043
110	176	1.00029
110	178	0.970349
111	16	1.28035
111	50	0.660215
111	81	1.18773
111	90	1.1677
111	94	0.83758
111	98	1.23476
111	99	1.18583
111	101	1.18524
111	102	1.28951
111	108	1.23935
111	114	1.26622
111	120	1.19244
111	132	1.21484
111	133	0.66782
111	145	1.2241
111	154	0.735492
111	160	0.786914
111	166	0.691869
111	168	0.871135
111	170	0.759259
111	174	0.93658
111	175	1.07806
111	176	1.04244
111	179	0.744485
112	14	1.08012
112	22	1.15814
112	28	1.16779
112	53	0.609712
112	55	1.19892
112	57	1.19286
112	59	1.27409
112	61	1.15203
112	74	1.10809
112	110	1.22987
112	121	1.18877
112	152	0.752814
112	155	1.19657
112	158	1.14303
112	160	0.78426
112	163	0.895604
112	165	0.802966
112	167	0.784284
112	168	0.868481
112	169	1.18849
112	170	1.14213
112	172	0.920723
112	175	1.05427
112	178	0.99325
112	180	0.826024
113	12	1.16694
113	17	1.03996
113	49	1.14973
113	53	0.699366
113	69	1.17375
113	82	1.19423
113	100	1.12459
113	117	1.15215
113	123	1.08664
113	128	1.14692
113	131	1.15365
113	133	1.20522
113	134	1.14582
113	145	0.782895
113	150	0.798242
113	157	0.821273
113	158	1.10315
113	160	0.873913
113	162	1.13479
113	164	0.800473
113	167	0.873937
113	168	1.0429
113	169	1.14862
113	171	0.841848
113	174	1.02358
113	175	1.02097
114	42	1.24664
114	90	1.19262
114	98	1.25968
114	99	1.21075
114	101	1.21016
114	102	1.31442
114	105	1.21635
114	108	1.26427
114	111	1.26622
114	119	1.18868
114	120	1.21736
114	121	0.692389
114	122	1.1985
114	132	1.23975
114	154	0.726377
114	156	0.702974
114	160	0.777798
114	161	0.722789
114	162	0.701036
114	163	0.889142
114	173	0.837462
114	174	0.927464
114	175	1.10298
114	176	1.06736
114	178	0.986789
114	179	0.73537
115	19	1.09871
115	25	0.727511
115	46	1.15832
115	53	0.700016
115	85	1.1682
115	87	1.13656
115	104	1.1316
115	117	0.800015
115	118	1.18333
115	127	1.13648
115	129	1.118
115	139	1.13824
115	140	1.12085
115	141	1.16854
115	143	1.15251
115	146	1.161
115	147	0.823746
115	151	0.819625
115	155	1.14807
115	160	0.874563
115	166	1.12663
115	167	0.874588
115	172	1.00841
115	173	0.934228
115	179	0.832135
115	180	0.916328
116	9	0.973371
116	22	0.898854
116	33	0.7482
116	58	0.663843
116	67	1.06613
116	72	0.760965
116	98	0.781389
116	101	0.837385
116	102	0.792779
116	107	1.11178
116	110	0.748582
116	120	0.810557
116	123	1.10684
116	128	1.16711
116	131	1.17385
116	137	1.13568
116	141	1.19736
116	143	1.18133
116	144	1.1033
116	146	1.18982
116	150	1.19515
116	163	1.05246
116	168	1.06309
116	174	1.02635
116	177	1.02435
116	178	1.00237
116	180	1.08322
117	12	1.20512
117	49	1.18791
117	69	1.21194
117	82	1.23242
117	94	0.85372
117	100	1.16277
117	107	1.12978
117	113	1.15215
117	115	0.800015
117	123	1.12483
117	124	1.23722
117	128	1.1851
117	131	1.19184
117	133	1.24341
117	134	1.18401
117	149	0.762007
117	150	0.727382
117	153	0.710346
117	158	1.14134
117	159	0.750478
117	164	0.729613
117	168	1.08108
117	169	1.1868
117	171	0.770988
117	172	0.939516
117	175	0.950112
117	180	0.844817
118	10	0.876717
118	15	0.739775
118	23	0.589759
118	36	0.699715
118	68	0.641589
118	74	0.860826
118	76	0.762071
118	81	0.735065
118	82	0.639601
118	109	1.26548
118	115	1.18333
118	128	0.712948
118	134	0.672609
118	139	1.22486
118	141	1.25516
118	143	1.23913
118	146	1.24761
118	149	1.21437
118	157	1.22668
118	166	1.21324
118	170	1.18024
118	174	1.08415
118	176	1.05676
118	177	1.08215
118	178	1.06016
118	179	1.19778
118	180	1.14102
119	2	0.826575
119	5	0.756801
119	13	0.947806
119	33	0.782429
119	38	0.855913
119	59	0.706264
119	62	0.869532
119	75	0.934389
119	86	0.852898
119	105	1.1139
119	114	1.18868
119	120	1.1149
119	131	0.827013
119	132	1.1373
119	134	0.820683
119	137	1.10161
119	139	1.133
119	140	1.1156
119	146	1.15575
119	152	1.14077
119	164	1.14589
119	166	1.12138
119	171	1.12292
119	173	1.04167
119	175	1.00052
119	176	0.9649
119	178	0.968303
119	180	1.04916
120	16	1.23149
120	42	1.17287
120	81	1.13887
120	90	1.11884
120	98	1.18591
120	99	1.13698
120	101	1.13639
120	102	1.24065
120	105	1.14258
120	108	1.19049
120	111	1.19244
120	114	1.21736
120	116	0.810557
120	119	1.1149
120	132	1.16598
120	136	0.896142
120	138	0.75263
120	145	1.17524
120	149	0.782287
120	151	0.768395
120	154	0.771912
120	159	0.770759
120	163	0.934678
120	168	0.907555
120	171	0.791269
120	175	1.0292
120	176	0.993582
120	178	1.03232
121	5	1.22448
121	8	0.771214
121	30	0.816827
121	59	1.26915
121	77	0.695499
121	93	1.12084
121	98	0.708756
121	102	0.720146
121	103	1.23655
121	109	0.731605
121	110	1.22493
121	112	1.18877
121	114	0.692389
121	137	0.789492
121	141	0.718685
121	143	0.714603
121	146	0.699812
121	147	1.1643
121	153	1.21205
121	162	1.16972
121	164	1.1947
121	169	1.18355
121	170	1.13719
121	174	1.04109
121	175	1.04933
121	177	1.03909
121	178	1.01711
121	180	1.09796
122	11	1.16008
122	31	1.04546
122	48	1.21684
122	88	1.11799
122	89	1.13186
122	94	0.871118
122	101	1.11753
122	108	1.17163
122	114	1.1985
122	125	0.754492
122	127	1.14106
122	129	1.12258
122	132	1.14712
122	139	1.14282
122	140	1.12543
122	143	1.15709
122	145	1.15638
122	146	1.16558
122	150	0.74478
122	162	0.743689
122	164	0.747011
122	167	0.820475
122	171	0.788386
122	173	0.880115
122	174	0.970117
122	175	1.01035
122	176	0.974724
122	177	0.966704
122	179	1.11574
123	4	1.1616
123	8	1.1462
123	12	1.13962
123	26	1.2754
123	69	1.14643
123	82	1.16691
123	100	1.09727
123	107	1.06427
123	113	1.08664
123	116	1.10684
123	117	1.12483
123	124	1.17172
123	128	1.1196
123	130	0.799885
123	131	1.12633
123	134	1.1185
123	148	0.795671
123	153	0.763417
123	158	1.07583
123	161	0.801115
123	165	0.874831
123	167	0.856149
123	168	1.01558
123	169	1.12129
123	170	0.82847
123	171	0.82406
123	176	1.09506
123	178	1.06512
123	180	0.897889
124	12	1.25201
124	20	0.561054
124	23	1.37417
124	30	1.20741
124	35	0.70531
124	38	0.717185
124	41	0.627117
124	48	0.66249
124	64	0.779532
124	69	1.25883
124	71	0.869134
124	73	1.23905
124	83	0.688828
124	86	1.19822
124	91	1.17395
124	96	1.22939
124	117	1.23722
124	123	1.17172
124	128	1.23199
124	139	0.695885
124	143	0.682737
124	155	0.716868
124	160	1.1877
124	166	0.665282
124	173	1.14062
124	174	1.09123
124	177	1.08923
124	178	1.06725
124	180	1.14811
125	28	0.808042
125	58	0.610661
125	64	0.830849
125	89	0.777381
125	102	0.739597
125	122	0.754492
125	127	0.718895
125	129	0.792983
125	141	0.738135
125	143	0.734053
125	149	1.1757
125	150	1.21427
125	151	1.186
125	153	1.21644
125	155	0.768185
125	156	1.21295
125	160	1.14195
125	161	1.2037
125	163	1.07158
125	164	1.19908
125	165	1.11284
125	171	1.17611
125	173	1.09486
125	174	1.04547
125	175	1.05371
125	176	1.01809
125	177	1.04347
125	178	1.02149
125	180	1.10235
126	46	1.20167
126	67	1.08065
126	70	1.21352
126	71	1.09372
126	85	1.21155
126	87	1.1799
126	92	1.13837
126	104	1.17494
126	106	0.733282
126	127	1.17983
126	129	1.16135
126	137	1.1502
126	139	1.18159
126	140	1.16419
126	141	1.21189
126	146	1.20434
126	151	0.77693
126	153	0.739161
126	154	0.780447
126	155	1.19141
126	160	0.831869
126	162	0.755106
126	163	0.943213
126	164	0.758429
126	166	1.16997
126	167	0.831893
126	172	1.05175
126	174	0.981535
126	175	0.978928
126	179	0.78944
127	39	1.22492
127	46	1.19809
127	60	1.13773
127	67	1.07707
127	71	1.09014
127	87	1.17632
127	104	1.17136
127	115	1.13648
127	122	1.14106
127	125	0.718895
127	126	1.17983
127	129	1.15777
127	136	0.857663
127	137	1.14662
127	140	1.16062
127	141	1.20831
127	143	1.19228
127	144	0.818095
127	146	1.20077
127	150	0.709182
127	152	0.753409
127	153	0.692147
127	155	1.18784
127	161	0.729845
127	165	0.803561
127	168	0.869076
127	169	1.17976
127	174	0.93452
127	176	1.02379
127	178	0.993844
128	4	1.22187
128	8	1.20648
128	17	1.07291
128	49	1.18268
128	82	1.22718
128	84	0.775083
128	100	1.15754
128	107	1.12454
128	113	1.14692
128	116	1.16711
128	117	1.1851
128	118	0.712948
128	123	1.1196
128	124	1.23199
128	131	1.18661
128	134	1.17878
128	151	0.784632
128	157	0.78693
128	158	1.13611
128	159	0.786995
128	162	1.16774
128	164	0.76613
128	167	0.839594
128	168	1.07585
128	169	1.18157
128	171	0.807505
128	173	0.899234
128	175	0.986629
128	179	0.797141
128	180	0.881334
129	19	1.12
129	46	1.17961
129	60	1.11925
129	70	1.19146
129	71	1.07166
129	92	1.11631
129	115	1.118
129	122	1.12258
129	125	0.792983
129	126	1.16135
129	127	1.15777
129	137	1.12814
129	139	1.15953
129	140	1.14214
129	141	1.18983
129	143	1.1738
129	145	0.767924
129	147	0.808124
129	154	0.807521
129	155	1.16936
129	159	0.806367
129	162	0.78218
129	164	0.785502
129	166	1.14791
129	167	0.858966
129	168	0.943164
129	169	1.16128
129	170	0.831287
129	172	1.02969
129	173	0.918606
129	176	1.09788
130	15	0.810157
130	23	0.660141
130	54	0.631095
130	73	0.72688
130	108	0.748741
130	110	0.705119
130	123	0.799885
130	131	0.749321
130	137	0.818662
130	140	0.791615
130	148	1.19814
130	150	1.22243
130	154	1.19534
130	156	1.2211
130	157	1.19616
130	159	1.15756
130	160	1.15011
130	161	1.21185
130	163	1.07974
130	165	1.121
130	166	0.726318
130	167	1.13365
130	168	1.09037
130	169	0.725308
130	171	1.18427
130	173	1.10302
130	174	1.05363
130	177	1.05163
130	178	1.02965
130	179	1.16727
130	180	1.11051
131	4	1.22861
131	8	1.21321
131	12	1.20663
131	17	1.07965
131	26	1.34241
131	49	1.18942
131	69	1.21344
131	100	1.16427
131	106	0.706974
131	107	1.13128
131	113	1.15365
131	116	1.17385
131	117	1.19184
131	119	0.827013
131	123	1.12633
131	128	1.18661
131	130	0.749321
131	134	1.18551
131	148	0.745108
131	149	0.764515
131	153	0.712853
131	157	0.752921
131	158	1.14284
131	160	0.805561
131	162	1.17448
131	165	0.824267
131	168	1.08259
131	169	1.1883
131	171	0.773496
131	172	0.942024
131	173	0.865225
131	177	0.951814
132	16	1.25388
132	42	1.19526
132	66	1.29713
132	80	0.732774
132	81	1.16126
132	90	1.14123
132	98	1.2083
132	99	1.15937
132	101	1.15878
132	102	1.26304
132	105	1.16497
132	108	1.21288
132	111	1.21484
132	114	1.23975
132	119	1.1373
132	120	1.16598
132	122	1.14712
132	142	0.754306
132	145	1.19764
132	149	0.761477
132	150	0.726852
132	151	0.747585
132	156	0.727699
132	157	0.749883
132	159	0.749948
132	168	0.886745
132	172	0.938986
132	174	0.95219
132	175	1.0516
132	176	1.01598
132	178	1.01151
132	180	0.844287
133	2	1.24946
133	3	0.822368
133	21	1.18233
133	35	0.703492
133	42	0.759831
133	46	0.695589
133	52	0.749497
133	75	1.11935
133	88	0.731582
133	93	1.17716
133	97	0.627406
133	101	0.731068
133	103	1.29287
133	105	0.76353
133	107	1.18285
133	111	0.66782
133	113	1.20522
133	117	1.24341
133	134	1.23708
133	139	0.694066
133	141	0.685
133	144	1.17436
133	155	0.715049
133	162	1.22604
133	163	1.12352
133	167	1.17743
133	168	1.13415
133	169	1.23987
133	174	1.09741
133	177	1.09541
133	178	1.07343
133	180	1.15429
134	8	1.20538
134	12	1.1988
134	17	1.07182
134	26	1.33458
134	40	1.14856
134	49	1.18159
134	69	1.20561
134	82	1.22609
134	84	0.734743
134	100	1.15644
134	107	1.12345
134	113	1.14582
134	117	1.18401
134	118	0.672609
134	119	0.820683
134	123	1.1185
134	128	1.17878
134	131	1.18551
134	133	1.23708
134	136	0.872039
134	142	0.751013
134	145	0.708212
134	147	0.748413
134	152	0.767786
134	154	0.74781
134	158	1.13501
134	162	1.16665
134	169	1.18047
134	170	0.771576
134	175	0.94629
134	176	1.03817
134	180	0.840995
135	2	0.70831
135	21	0.794717
135	26	0.57935
135	35	1.27663
135	42	0.782112
135	56	0.763582
135	58	1.30184
135	68	1.25131
135	72	1.23225
135	82	0.66941
135	86	1.18518
135	87	0.751919
135	89	0.746526
135	93	0.798624
135	95	1.22228
135	96	1.21636
135	103	0.669239
135	139	0.716347
135	146	0.688408
135	147	1.2014
135	159	1.18212
135	161	1.23641
135	165	1.14556
135	166	1.20728
135	167	1.15821
135	168	1.11493
135	169	0.684734
135	172	1.08906
135	174	1.07819
135	177	1.07619
135	178	1.05421
135	180	1.13507
136	46	0.887491
136	60	0.907476
136	72	0.846551
136	75	0.985746
136	78	1.12234
136	91	0.959697
136	96	0.855272
136	99	0.899034
136	120	0.896142
136	127	0.857663
136	134	0.872039
136	138	1.09276
136	144	1.02732
136	149	1.0806
136	150	1.11917
136	152	1.09886
136	154	1.09208
136	156	1.11785
136	157	1.0929
136	160	1.04685
136	161	1.1086
136	163	0.976478
136	164	1.10398
136	165	1.01774
136	167	1.03039
136	169	0.854356
136	170	1.04647
136	171	1.08101
136	173	0.99976
136	175	0.958611
136	177	0.948373
136	178	0.926391
136	180	1.00725
137	39	1.1953
137	60	1.10811
137	65	1.02577
137	67	1.04745
137	70	1.18032
137	71	1.06052
137	78	0.747148
137	92	1.10517
137	104	1.14174
137	116	1.13568
137	119	1.10161
137	121	0.789492
137	126	1.1502
137	127	1.14662
137	129	1.12814
137	130	0.818662
137	139	1.14839
137	140	1.13099
137	141	1.17869
137	143	1.16265
137	146	1.17114
137	150	0.79923
137	152	0.843456
137	153	0.782194
137	155	1.15821
137	159	0.822326
137	160	0.874901
137	162	0.798139
137	166	1.13677
137	167	0.874925
137	169	1.15013
137	171	0.842836
137	172	1.01855
137	180	0.916665
138	15	0.795693
138	22	0.840927
138	32	0.768723
138	46	0.743979
138	61	0.850719
138	62	0.777376
138	63	0.725537
138	83	0.735399
138	86	0.760742
138	94	1.10126
138	105	0.81192
138	120	0.75263
138	136	1.09276
138	142	1.15903
138	144	1.11769
138	149	1.17096
138	150	1.20954
138	153	1.2117
138	154	1.18245
138	155	0.763439
138	156	1.20821
