1	26	0.705644
1	28	0.797461
1	35	0.882309
1	47	0.846527
1	57	0.811329
1	58	0.810949
1	82	1.35997
1	91	0.829117
1	93	0.750368
1	132	0.793558
1	150	2.02801
1	159	2.40635
2	66	0.77633
2	72	0.830414
2	84	0.853856
2	92	0.835322
2	94	0.771272
2	100	0.812285
2	109	0.78336
2	111	1.96574
2	141	0.802847
2	165	1.72293
2	167	0.730243
2	178	2.16083
3	19	0.810346
3	49	0.844361
3	55	0.729447
3	62	0.762422
3	71	0.813094
3	75	0.813572
3	78	0.814043
3	79	0.814445
3	127	0.795624
3	132	1.73515
3	159	2.16379
3	169	1.93808
4	13	0.818049
4	42	0.791386
4	53	0.834159
4	56	0.825718
4	67	0.832559
4	73	0.832389
4	117	0.836014
4	156	1.76908
4	161	1.82622
4	162	0.871045
4	166	1.8563
5	31	0.795811
5	66	0.784136
5	88	0.835964
5	92	0.843128
5	94	0.779078
5	100	0.820092
5	109	0.791166
5	151	1.89801
5	153	0.813063
5	161	1.95089
5	166	1.98097
5	167	0.738049
6	128	4.44751
6	144	0.762457
6	147	0.696736
6	161	0.726611
6	173	0.61742
6	174	0.638861
6	175	0.670407
6	176	0.620365
6	177	0.580881
6	178	0.644488
6	179	0.635362
6	180	0.617139
7	8	0.82986
7	44	0.966502
7	50	0.936778
7	54	0.903189
7	65	1.03874
7	68	0.838982
7	74	0.901433
7	91	0.924523
7	143	0.898153
7	152	1.29743
7	164	1.85263
7	178	1.98153
8	7	0.82986
8	25	0.809962
8	36	0.792904
8	50	0.844733
8	52	0.753718
8	68	0.746938
8	91	0.832479
8	116	0.77943
8	143	0.806108
8	149	1.52656
8	157	2.2106
8	172	2.10545
9	15	0.922113
9	37	0.894873
9	66	0.89108
9	87	1.4754
9	88	0.942907
9	94	0.886022
9	100	0.927036
9	109	0.89811
9	136	1.12574
9	161	1.29469
9	167	0.844993
9	176	2.29734
10	95	0.869628
10	120	0.879213
10	123	0.909957
10	126	0.909241
10	128	0.90772
10	133	0.899751
10	135	0.960925
10	137	0.913465
10	138	1.02686
10	146	1.08428
10	153	0.910307
10	177	3.15751
11	16	0.908108
11	20	0.91023
11	45	0.886356
11	48	0.865143
11	51	0.860045
11	59	0.985187
11	112	0.897518
11	121	1.02752
11	145	0.933054
11	150	1.37724
11	168	1.61621
11	179	2.1549
12	16	0.822853
12	20	0.824975
12	48	0.779888
12	59	0.899932
12	108	1.68994
12	112	0.812262
12	116	0.800468
12	117	0.836947
12	139	1.67445
12	142	2.10441
12	145	0.847799
13	4	0.818049
13	24	0.865547
13	53	0.874182
13	56	0.865741
13	61	0.839481
13	67	0.872582
13	73	0.872412
13	80	1.04081
13	85	0.893802
13	144	1.02431
13	158	1.65831
13	162	0.911069
13	177	2.87849
14	95	0.832212
14	103	0.86417
14	122	0.888193
14	126	0.871826
14	128	0.870304
14	129	0.861986
14	133	0.862336
14	136	1.40056
14	137	0.876049
14	149	1.57135
14	154	1.57791
14	155	0.878953
14	163	2.0453
15	9	0.922113
15	34	1.17291
15	84	0.912971
15	88	0.887272
15	94	0.830386
15	100	0.8714
15	109	0.842474
15	130	1.41562
15	141	0.861962
15	153	0.864371
15	158	2.2298
15	167	0.789357
15	168	1.75625
16	11	0.908108
16	12	0.822853
16	20	0.867936
16	45	0.844061
16	51	0.817751
16	59	0.942893
16	87	1.62086
16	112	0.855223
16	117	0.879908
16	124	1.11018
16	145	0.89076
16	170	1.66255
16	174	2.1924
17	33	0.843436
17	36	0.862276
17	50	0.914106
17	52	0.823091
17	54	0.880517
17	68	0.81631
17	74	0.878761
17	91	0.901851
17	104	1.53393
17	139	1.25125
17	143	0.875481
17	164	2.02419
17	170	1.79942
18	32	0.836434
18	70	1.2054
18	89	0.836815
18	90	0.892954
18	98	0.872127
18	99	0.873822
18	106	0.845075
18	107	0.845406
18	113	0.916319
18	121	0.934445
18	130	1.1825
18	155	0.870789
18	177	3.21687
19	3	0.810346
19	38	0.839515
19	41	0.841788
19	62	0.83876
19	64	0.908344
19	71	0.889432
19	75	0.88991
19	78	0.890381
19	79	0.890783
19	108	1.19733
19	139	1.18183
19	163	1.98339
19	179	2.28024
20	11	0.91023
20	12	0.824975
20	16	0.867936
20	48	0.824971
20	51	0.819873
20	59	0.945016
20	104	1.72275
20	116	0.845552
20	117	0.88203
20	121	1.4111
20	138	1.56287
20	142	1.87003
20	145	0.892882
21	24	0.868701
21	42	0.834564
21	53	0.877336
21	56	0.868895
21	61	0.842635
21	67	0.875736
21	73	0.875567
21	117	0.879191
21	162	0.914223
21	167	1.39892
21	171	2.70204
21	175	1.06016
21	179	1.49942
22	30	0.760325
22	89	0.749547
22	90	0.805686
22	96	0.78779
22	98	0.784859
22	99	0.786554
22	106	0.757807
22	107	0.758138
22	113	0.829051
22	141	0.77505
22	159	1.98951
22	166	1.64627
22	180	2.63411
23	26	0.779739
23	28	0.871557
23	35	0.956405
23	47	0.920622
23	57	0.885425
23	58	0.885044
23	83	0.843104
23	93	0.824464
23	132	0.867654
23	147	1.6328
23	157	1.74337
23	159	1.43082
23	174	1.80975
24	13	0.865547
24	21	0.868701
24	42	0.838885
24	61	0.846956
24	67	0.880057
24	73	0.879888
24	83	0.839974
24	117	0.883512
24	131	1.38254
24	139	1.23362
24	162	0.918544
24	167	2.23153
24	170	1.78179
25	8	0.809962
25	36	0.865051
25	50	0.91688
25	52	0.825865
25	54	0.883291
25	68	0.819084
25	74	0.881535
25	91	0.904625
25	130	1.60656
25	135	1.44433
25	142	1.81744
25	143	0.878255
25	161	1.71324
26	1	0.705644
26	23	0.779739
26	28	0.772013
26	35	0.856861
26	47	0.821078
26	57	0.785881
26	58	0.7855
26	83	0.74356
26	91	0.803668
26	132	0.76811
26	140	1.59247
26	173	2.69819
26	175	1.9699
27	83	0.839716
27	91	0.75845
27	94	1.20029
27	102	1.00963
27	160	0.868068
27	166	0.946063
27	173	0.846625
27	175	0.899612
27	176	0.84957
27	177	0.810086
27	178	0.873693
27	179	0.864567
27	180	0.846344
28	1	0.797461
28	23	0.871557
28	26	0.772013
28	35	0.948678
28	47	0.912896
28	57	0.877698
28	58	0.877318
28	91	0.895486
28	115	1.02574
28	132	0.859927
28	142	1.32507
28	152	1.11284
28	177	3.14855
29	37	0.954141
29	48	1.3554
29	103	1.05084
29	153	0.88142
29	161	0.913768
29	165	0.886086
29	168	0.885179
29	174	0.826018
29	175	0.857564
29	176	0.807522
29	177	0.768039
29	178	0.831646
29	179	0.82252
29	180	0.804296
30	22	0.760325
30	46	0.824774
30	89	0.817218
30	90	0.873356
30	96	0.855461
30	98	0.85253
30	99	0.854225
30	106	0.825478
30	107	0.825808
30	113	0.896722
30	139	1.06476
30	149	1.39236
30	179	2.16317
30	180	2.40845
31	5	0.795811
31	72	0.87017
31	81	0.846577
31	84	0.893613
31	87	1.45018
31	88	0.867914
31	92	0.875078
31	94	0.811028
31	109	0.823116
31	146	1.12392
31	153	0.845013
31	156	1.21233
31	167	0.769999
31	171	3.24474
32	18	0.836434
32	46	0.813615
32	90	0.862197
32	96	0.844302
32	98	0.84137
32	106	0.814318
32	107	0.814649
32	113	0.885562
32	130	0.871473
32	141	0.831562
32	155	0.840032
32	168	1.21211
32	171	2.95342
32	180	1.99608
33	17	0.843436
33	36	0.829152
33	44	0.910705
33	50	0.880981
33	52	0.789966
33	54	0.847393
33	68	0.783185
33	74	0.845636
33	116	0.815678
33	143	0.842356
33	166	1.21997
33	170	1.41229
33	176	2.19254
33	180	2.20782
34	15	1.17291
34	98	1.11498
34	103	1.17114
34	110	1.08677
34	158	0.861624
34	161	0.925865
34	173	0.816674
34	174	0.838115
34	175	0.869661
34	176	0.819619
34	177	0.780136
34	178	0.843743
34	179	0.834617
34	180	0.816393
35	1	0.882309
35	23	0.956405
35	26	0.856861
35	28	0.948678
35	47	0.997744
35	57	0.962546
35	58	0.962166
35	93	0.901585
35	101	1.22247
35	111	1.59729
35	132	0.944775
35	138	1.01334
35	161	1.21631
35	173	2.27797
36	8	0.792904
36	17	0.862276
36	25	0.865051
36	33	0.829152
36	52	0.808806
36	54	0.866233
36	68	0.802026
36	74	0.864476
36	116	0.834519
36	121	1.39585
36	124	1.42063
36	134	1.6941
36	143	0.861197
36	157	2.43647
37	9	0.894873
37	29	0.954141
37	66	0.808204
37	70	1.34004
37	72	0.862288
37	81	0.838695
37	84	0.88573
37	92	0.867196
37	109	0.815234
37	141	0.834721
37	153	0.83713
37	163	1.89962
37	167	0.762117
37	176	2.42648
38	19	0.839515
38	39	0.905127
38	49	0.87353
38	55	0.758616
38	62	0.791591
38	64	0.861175
38	71	0.842263
38	75	0.842741
38	78	0.843212
38	79	0.843614
38	134	1.68294
38	146	1.59388
38	161	1.73943
38	168	1.97338
39	38	0.905127
39	41	0.9074
39	55	0.871397
39	62	0.904372
39	64	0.973957
39	71	0.955044
39	75	0.955522
39	78	0.955993
39	79	0.956396
39	134	1.10976
39	138	0.963288
39	164	1.61343
39	178	1.74233
39	179	1.9389
40	43	0.813262
40	85	0.99623
40	89	0.81088
40	90	0.867019
40	96	0.849124
40	99	0.847887
40	106	0.81914
40	107	0.819471
40	113	0.890384
40	127	0.83628
40	141	0.836383
40	144	1.31789
40	170	1.46679
40	171	3.21966
41	19	0.841788
41	39	0.9074
41	55	0.760888
41	62	0.793863
41	64	0.863448
41	71	0.844535
41	75	0.845013
41	78	0.845485
41	79	0.845887
41	127	0.827066
41	157	2.09766
41	160	2.20934
41	162	1.14385
41	169	1.5594
42	4	0.791386
42	21	0.834564
42	24	0.838885
42	53	0.847519
42	56	0.839079
42	61	0.812819
42	63	1.61554
42	67	0.84592
42	73	0.84575
42	85	0.867139
42	119	1.64095
42	124	1.67451
42	140	1.96043
42	162	0.884406
43	40	0.813262
43	89	0.808822
43	90	0.864961
43	98	0.844134
43	99	0.845829
43	106	0.817082
43	107	0.817413
43	113	0.888326
43	141	0.834325
43	152	1.32397
43	155	0.842796
43	161	1.432
43	173	2.49366
43	175	1.76538
44	7	0.966502
44	33	0.910705
44	50	0.981375
44	52	0.89036
44	54	0.947786
44	68	0.883579
44	74	0.94603
44	111	1.15624
44	116	0.916072
44	143	0.94275
44	147	1.35057
44	160	1.57281
44	174	1.52751
44	176	1.7779
45	11	0.886356
45	16	0.844061
45	48	0.801097
45	51	0.795999
45	59	0.921141
45	76	0.800204
45	80	1.50348
45	112	0.833471
45	116	0.821677
45	117	0.858156
45	121	1.05874
45	145	0.869008
45	178	1.98955
45	180	2.43141
46	30	0.824774
46	32	0.813615
46	89	0.813996
46	96	0.852239
46	98	0.849308
46	105	1.39673
46	106	0.822256
46	107	0.822587
46	113	0.8935
46	127	0.839396
46	148	1.45131
46	155	0.84797
46	169	1.64441
46	180	2.51473
47	1	0.846527
47	23	0.920622
47	26	0.821078
47	28	0.912896
47	35	0.997744
47	57	0.926764
47	58	0.926383
47	83	0.884443
47	93	0.865803
47	132	0.908993
47	146	1.2826
47	157	2.11403
47	162	1.16022
47	166	1.45824
47	175	1.76154
48	11	0.865143
48	12	0.779888
48	20	0.824971
48	29	1.3554
48	45	0.801097
48	51	0.774786
48	59	0.899928
48	76	0.778991
48	112	0.812258
48	116	0.800464
48	117	0.836943
48	130	1.7184
48	145	0.847795
48	162	1.55715
48	172	2.40582
49	3	0.844361
49	38	0.87353
49	55	0.8398
49	62	0.872775
49	64	0.94236
49	71	0.923447
49	75	0.923925
49	78	0.924397
49	79	0.924799
49	127	0.905978
49	139	1.05768
49	144	1.45694
49	152	1.27541
49	169	1.53105
49	173	2.4451
50	7	0.936778
50	8	0.844733
50	17	0.914106
50	25	0.91688
50	33	0.880981
50	44	0.981375
50	52	0.860636
50	68	0.853855
50	74	0.916306
50	101	1.48346
50	116	0.886348
50	145	1.4101
50	161	1.47729
50	165	1.61547
50	168	1.71124
51	11	0.860045
51	16	0.817751
51	20	0.819873
51	45	0.795999
51	48	0.774786
51	59	0.89483
51	76	0.773893
51	112	0.80716
51	116	0.795366
51	117	0.831845
51	145	0.842697
51	156	0.591589
51	171	2.624
51	177	2.57641
51	180	1.66666
52	8	0.753718
52	17	0.823091
52	25	0.825865
52	33	0.789966
52	36	0.808806
52	44	0.89036
52	50	0.860636
52	54	0.827047
52	68	0.76284
52	74	0.825291
52	119	1.60704
52	143	0.822011
52	151	1.9177
52	162	1.70264
52	165	2.10875
53	4	0.834159
53	13	0.874182
53	21	0.877336
53	42	0.847519
53	56	0.881851
53	61	0.855591
53	67	0.888692
53	73	0.888522
53	83	0.848609
53	97	1.79876
53	117	0.892147
53	119	1.13524
53	151	1.44589
53	162	0.927179
53	165	1.63695
53	172	2.0795
54	7	0.903189
54	17	0.880517
54	25	0.883291
54	33	0.847393
54	36	0.866233
54	44	0.947786
54	52	0.827047
54	68	0.820267
54	74	0.882717
54	104	1.61683
54	116	0.852759
54	124	1.32995
54	142	1.76411
54	143	0.879438
54	156	1.60277
54	169	1.80753
55	3	0.729447
55	38	0.758616
55	39	0.871397
55	41	0.760888
55	49	0.8398
55	60	1.43451
55	62	0.757861
55	64	0.827445
55	71	0.808533
55	75	0.809011
55	78	0.809482
55	79	0.809884
55	127	0.791063
55	148	1.91585
55	157	2.64722
55	162	1.6934
56	4	0.825718
56	13	0.865741
56	21	0.868895
56	42	0.839079
56	53	0.881851
56	61	0.84715
56	67	0.880251
56	73	0.880081
56	85	0.901471
56	108	1.31902
56	117	0.883706
56	135	1.36038
56	138	1.42632
56	160	2.42685
56	162	0.918738
56	166	1.65937
57	1	0.811329
57	23	0.885425
57	26	0.785881
57	28	0.877698
57	35	0.962546
57	47	0.926764
57	58	0.891186
57	83	0.849246
57	91	0.909354
57	93	0.830605
57	132	0.873795
57	144	1.48313
57	150	1.40462
57	161	1.40963
57	164	1.85681
57	178	1.9857
58	1	0.810949
58	23	0.885044
58	26	0.7855
58	28	0.877318
58	35	0.962166
58	47	0.926383
58	57	0.891186
58	83	0.848865
58	91	0.908973
58	93	0.830225
58	104	1.55727
58	115	1.40523
58	132	0.873415
58	154	1.60876
58	169	1.74797
58	170	1.82276
59	11	0.985187
59	12	0.899932
59	16	0.942893
59	20	0.945016
59	45	0.921141
59	48	0.899928
59	51	0.89483
59	76	0.899035
59	112	0.932303
59	116	0.920509
59	145	0.96784
59	160	1.88577
59	162	0.820271
59	170	1.31061
59	174	1.84046
59	175	1.42159
59	178	1.66428
60	55	1.43451
60	61	1.22456
60	69	0.920486
60	75	1.1048
60	91	0.888678
60	140	0.932243
60	141	0.893286
60	154	0.929627
60	165	0.876361
60	169	0.881628
60	174	0.816293
60	175	0.847839
60	176	0.797796
60	177	0.758313
60	178	0.82192
60	179	0.812794
60	180	0.79457
61	13	0.839481
61	21	0.842635
61	24	0.846956
61	42	0.812819
61	53	0.855591
61	56	0.84715
61	60	1.22456
61	67	0.853991
61	73	0.853821
61	80	1.84138
61	83	0.813908
61	85	0.875211
61	105	1.65132
61	117	0.857446
61	132	1.69607
61	161	1.75139
61	162	0.892478
62	3	0.762422
62	19	0.83876
62	38	0.791591
62	39	0.904372
62	41	0.793863
62	49	0.872775
62	55	0.757861
62	64	0.86042
62	71	0.841508
62	75	0.841986
62	78	0.842457
62	79	0.842859
62	111	1.97199
62	127	0.824038
62	134	1.53451
62	140	1.54695
62	156	1.53386
62	179	2.36365
63	42	1.61554
63	74	1.04231
63	86	1.21272
63	87	0.900026
63	100	1.06426
63	101	0.947211
63	137	0.897381
63	165	0.869982
63	168	0.869075
63	172	0.822379
63	173	0.788473
63	174	0.809914
63	175	0.84146
63	176	0.791418
63	177	0.751934
63	178	0.815541
63	179	0.806415
63	180	0.788192
64	19	0.908344
64	38	0.861175
64	39	0.973957
64	41	0.863448
64	49	0.94236
64	55	0.827445
64	62	0.86042
64	71	0.911092
64	75	0.91157
64	78	0.912041
64	79	0.912444
64	115	0.958955
64	127	0.893622
64	144	1.22758
64	157	1.83996
64	165	1.29226
64	167	1.82622
64	180	2.17201
65	7	1.03874
65	66	1.27022
65	96	0.952097
65	120	1.34841
65	125	1.25965
65	130	0.95988
65	149	0.907749
65	170	0.890355
65	171	0.763196
65	172	0.82952
65	173	0.795613
65	174	0.817054
65	175	0.8486
65	176	0.798558
65	177	0.759075
65	178	0.822682
65	179	0.813556
65	180	0.795332
66	2	0.77633
66	5	0.784136
66	9	0.89108
66	37	0.808204
66	65	1.27022
66	72	0.858495
66	81	0.834902
66	84	0.881937
66	85	1.38877
66	88	0.856239
66	92	0.863403
66	100	0.840367
66	101	1.6431
66	109	0.811441
66	140	1.59289
66	153	0.833338
66	167	0.758324
66	180	2.65486
67	4	0.832559
67	13	0.872582
67	21	0.875736
67	24	0.880057
67	42	0.84592
67	53	0.888692
67	56	0.880251
67	61	0.853991
67	73	0.886922
67	83	0.847009
67	85	0.908312
67	117	0.890547
67	119	1.32244
67	121	1.33123
67	144	1.75947
67	149	1.68781
67	154	1.69437
67	162	0.925579
67	169	1.83358
68	7	0.838982
68	8	0.746938
68	17	0.81631
68	25	0.819084
68	33	0.783185
68	36	0.802026
68	44	0.883579
68	50	0.853855
68	52	0.76284
68	54	0.820267
68	74	0.81851
68	91	0.8416
68	116	0.788552
68	121	1.31335
68	138	1.46512
68	143	0.81523
68	144	1.74159
68	163	2.14388
68	180	2.68602
69	60	0.920486
69	99	1.59288
69	106	1.70206
69	113	1.054
69	129	1.49559
69	149	0.840166
69	154	0.862806
69	168	0.808632
69	171	0.695613
69	172	0.761937
69	173	0.72803
69	174	0.749471
69	175	0.781017
69	176	0.730975
69	177	0.691492
69	178	0.755099
69	179	0.745972
69	180	0.727749
70	18	1.2054
70	37	1.34004
70	75	1.54785
70	92	1.06699
70	129	1.43756
70	150	0.902159
70	160	0.796255
70	166	0.87425
70	168	0.855414
70	169	0.861588
70	170	0.869554
70	171	0.742395
70	172	0.808719
70	174	0.796253
70	176	0.777757
70	177	0.738274
70	178	0.80188
70	179	0.792754
70	180	0.774531
71	3	0.813094
71	19	0.889432
71	38	0.842263
71	39	0.955044
71	41	0.844535
71	49	0.923447
71	55	0.808533
71	62	0.841508
71	64	0.911092
71	75	0.892658
71	78	0.893129
71	79	0.893531
71	127	0.87471
71	130	0.997117
71	151	1.05092
71	160	1.90136
71	167	1.77594
71	179	1.87644
71	180	2.12173
72	2	0.830414
72	31	0.87017
72	37	0.862288
72	66	0.858495
72	81	0.888987
72	84	0.936022
72	88	0.910323
72	92	0.917487
72	94	0.853437
72	100	0.894451
72	109	0.865525
72	131	1.5277
72	135	1.43564
72	144	1.77805
72	149	1.70639
72	151	1.65167
72	152	1.59652
72	153	0.887422
72	167	0.812408
73	4	0.832389
73	13	0.872412
73	21	0.875567
73	24	0.879888
73	42	0.84575
73	53	0.888522
73	56	0.880081
73	61	0.853821
73	67	0.886922
73	83	0.846839
73	85	0.908142
73	97	1.46063
73	111	1.54162
73	117	0.890377
73	150	1.15563
73	161	1.16064
73	162	0.925409
73	173	2.2223
73	176	2.16329
74	7	0.901433
74	17	0.878761
74	25	0.881535
74	33	0.845636
74	36	0.864476
74	44	0.94603
74	50	0.916306
74	52	0.825291
74	54	0.882717
74	63	1.04231
74	68	0.81851
74	91	0.904051
74	116	0.851003
74	131	1.25441
74	143	0.877681
74	145	1.36406
74	160	2.22881
74	166	1.46133
74	172	2.01199
75	3	0.813572
75	19	0.88991
75	38	0.842741
75	39	0.955522
75	41	0.845013
75	49	0.923925
75	55	0.809011
75	60	1.1048
75	62	0.841986
75	64	0.91157
75	70	1.54785
75	71	0.892658
75	78	0.893607
75	79	0.894009
75	82	0.958577
75	127	0.875188
75	136	1.46268
75	148	1.58614
75	167	2.30377
76	45	0.800204
76	48	0.778991
76	51	0.773893
76	59	0.899035
76	81	0.821746
76	88	0.843082
76	94	0.786196
76	100	0.82721
76	108	1.0419
76	109	0.798284
76	116	0.799571
76	117	0.83605
76	142	1.45636
76	145	0.846902
76	153	0.820181
76	167	0.745167
76	169	1.49978
76	174	2.10442
76	177	3.27985
77	103	0.873949
77	114	0.880099
77	118	0.854534
77	120	0.851577
77	122	0.897973
77	123	0.882321
77	125	0.884423
77	126	0.881605
77	128	0.880084
77	129	0.871766
77	133	0.872115
77	137	0.885829
77	145	1.33501
77	152	1.29417
77	155	0.888733
77	156	1.34506
77	158	2.1097
77	159	1.77553
77	164	1.84938
78	3	0.814043
78	19	0.890381
78	38	0.843212
78	39	0.955993
78	41	0.845485
78	49	0.924397
78	55	0.809482
78	62	0.842457
78	64	0.912041
78	71	0.893129
78	75	0.893607
78	79	0.894481
78	127	0.875659
78	132	1.19374
78	152	1.14102
78	158	1.95655
78	163	1.72484
78	164	1.69623
78	174	2.0013
79	3	0.814445
79	19	0.890783
79	38	0.843614
79	39	0.956396
79	41	0.845887
79	49	0.924799
79	55	0.809884
79	62	0.842859
79	64	0.912444
79	71	0.893531
79	75	0.894009
79	78	0.894481
79	119	1.27727
79	127	0.876062
79	130	1.53412
79	138	1.43783
79	150	1.63579
79	162	1.37287
79	174	2.39306
80	13	1.04081
80	45	1.50348
80	61	1.84138
80	100	1.5432
80	137	1.37632
80	139	0.959457
80	158	0.79303
80	159	0.81496
80	161	0.857272
80	164	0.815492
80	168	0.828683
80	170	0.842823
80	172	0.781987
80	173	0.748081
80	175	0.801068
80	176	0.751026
80	177	0.711542
80	178	0.775149
80	179	0.766023
80	180	0.747799
81	31	0.846577
81	37	0.838695
81	66	0.834902
81	72	0.888987
81	76	0.821746
81	84	0.912429
81	85	1.48469
81	88	0.88673
81	92	0.893894
81	94	0.829844
81	100	0.870858
81	109	0.841932
81	139	1.40709
81	141	0.86142
81	151	1.67997
81	153	0.863829
81	162	1.46492
81	167	0.788815
81	168	1.9668
81	175	2.06623
82	1	1.35997
82	75	0.958577
82	84	0.918079
82	97	0.932566
82	99	0.945572
82	102	0.993629
82	127	0.765782
82	141	0.74706
82	154	0.992907
82	156	0.99421
82	161	0.967322
82	168	0.938733
82	171	0.825714
82	173	0.858131
82	174	0.879572
82	175	0.911118
82	176	0.861076
82	177	0.821593
82	178	0.8852
82	179	0.876074
82	180	0.85785
83	23	0.843104
83	24	0.839974
83	26	0.74356
83	27	0.839716
83	47	0.884443
83	53	0.848609
83	57	0.849246
83	58	0.848865
83	61	0.813908
83	67	0.847009
83	73	0.846839
83	91	0.867033
83	93	0.788285
83	108	1.1865
83	117	0.850464
83	132	0.831475
83	161	1.49677
83	162	0.885495
83	169	1.64438
83	176	2.49942
83	180	2.5147
84	2	0.853856
84	15	0.912971
84	31	0.893613
84	37	0.88573
84	66	0.881937
84	72	0.936022
84	81	0.912429
84	82	0.918079
84	87	1.77184
84	88	0.933765
84	92	0.940929
84	94	0.876879
84	100	0.917893
84	105	1.49107
84	109	0.888968
84	134	1.53464
84	136	1.42218
84	141	0.908455
84	154	1.59953
84	165	1.72931
84	167	0.835851
85	13	0.893802
85	40	0.99623
85	42	0.867139
85	56	0.901471
85	61	0.875211
85	66	1.38877
85	67	0.908312
85	73	0.908142
85	81	1.48469
85	87	0.877517
85	99	1.37047
85	125	1.37821
85	128	0.761523
85	162	0.946799
85	173	0.765964
85	175	0.818951
85	176	0.768909
85	177	0.729426
85	178	0.793033
85	179	0.783906
85	180	0.765683
86	63	1.21272
86	102	0.910635
86	108	1.29139
86	110	0.879419
86	114	0.91107
86	118	0.885504
86	120	0.882548
86	122	0.928943
86	123	0.913291
86	125	0.915394
86	126	0.912576
86	128	0.911054
86	129	0.902737
86	134	1.54517
86	135	1.33275
86	137	0.9168
86	143	0.91971
86	145	1.53446
86	157	0.824158
86	165	1.73984
86	168	1.83561
87	9	1.4754
87	16	1.62086
87	31	1.45018
87	63	0.900026
87	84	1.77184
87	85	0.877517
87	88	1.75316
87	144	0.858987
87	147	0.793266
87	148	0.884916
87	151	0.845779
87	156	0.850028
87	169	0.800726
87	173	0.713949
87	174	0.73539
87	175	0.766936
87	176	0.716894
87	177	0.677411
87	178	0.741018
87	179	0.731891
87	180	0.713668
88	5	0.835964
88	9	0.942907
88	15	0.887272
88	31	0.867914
88	66	0.856239
88	72	0.910323
88	76	0.843082
88	81	0.88673
88	84	0.933765
88	87	1.75316
88	92	0.915231
88	94	0.851181
88	100	0.892194
88	109	0.863269
88	119	1.20892
88	130	1.46576
88	134	1.51596
88	141	0.882756
88	146	1.42689
88	151	1.51957
88	159	1.94577
88	167	0.810152
89	18	0.836815
89	22	0.749547
89	30	0.817218
89	40	0.81088
89	43	0.808822
89	46	0.813996
89	93	0.788042
89	96	0.844683
89	98	0.841752
89	99	0.843447
89	106	0.8147
89	107	0.81503
89	108	1.06231
89	113	0.885944
89	127	0.83184
89	141	0.831943
89	146	1.22703
89	148	1.32709
89	155	0.840414
89	158	2.08008
89	177	3.30027
89	178	1.94865
90	18	0.892954
90	22	0.805686
90	30	0.873356
90	32	0.862197
90	40	0.867019
90	43	0.864961
90	93	0.844181
90	96	0.900822
90	98	0.89789
90	99	0.899585
90	104	1.47276
90	106	0.870838
90	107	0.871169
90	113	0.942082
90	127	0.887979
90	135	1.24694
90	152	1.40782
90	155	0.896552
90	156	1.4587
90	168	1.7498
90	175	1.84923
90	178	2.09192
91	1	0.829117
91	7	0.924523
91	8	0.832479
91	17	0.901851
91	25	0.904625
91	26	0.803668
91	27	0.75845
91	28	0.895486
91	57	0.909354
91	58	0.908973
91	60	0.888678
91	68	0.8416
91	74	0.904051
91	83	0.867033
91	116	0.874093
91	132	0.891583
91	140	1.37146
91	143	0.900771
91	150	1.41049
91	151	1.36263
91	156	1.35837
91	171	3.39077
92	2	0.835322
92	5	0.843128
92	31	0.875078
92	37	0.867196
92	66	0.863403
92	70	1.06699
92	72	0.917487
92	81	0.893894
92	84	0.940929
92	88	0.915231
92	94	0.858345
92	100	0.899359
92	109	0.870433
92	141	0.88992
92	147	1.72608
92	153	0.89233
92	163	1.62656
92	164	1.59795
92	167	0.817316
92	168	1.38472
92	170	1.37317
92	176	2.15342
93	1	0.750368
93	23	0.824464
93	35	0.901585
93	47	0.865803
93	57	0.830605
93	58	0.830225
93	83	0.788285
93	89	0.788042
93	90	0.844181
93	96	0.826285
93	99	0.825049
93	106	0.796302
93	107	0.796633
93	113	0.867546
93	115	1.57273
93	132	0.812834
93	142	1.87206
93	145	1.70066
93	146	1.62231
93	155	0.822016
93	164	2.21504
93	165	1.90604
94	2	0.771272
94	5	0.779078
94	9	0.886022
94	15	0.830386
94	27	1.20029
94	31	0.811028
94	72	0.853437
94	76	0.786196
94	81	0.829844
94	84	0.876879
94	88	0.851181
94	92	0.858345
94	100	0.835309
94	109	0.806383
94	115	1.66222
94	124	1.52738
94	141	0.82587
94	152	1.74932
94	153	0.82828
94	156	1.8002
94	167	0.753266
94	174	2.6096
95	10	0.869628
95	14	0.832212
95	102	0.818578
95	103	0.812863
95	110	0.787362
95	114	0.819012
95	118	0.793447
95	120	0.79049
95	122	0.836886
95	123	0.821234
95	124	1.22526
95	125	0.823336
95	126	0.820519
95	129	0.810679
95	133	0.811028
95	137	0.824742
95	152	1.4472
95	153	0.821584
95	157	0.7321
95	174	2.30748
95	175	1.88861
95	178	2.1313
95	179	2.32787
96	22	0.78779
96	30	0.855461
96	32	0.844302
96	40	0.849124
96	46	0.852239
96	65	0.952097
96	89	0.844683
96	90	0.900822
96	93	0.826285
96	98	0.879995
96	99	0.88169
96	106	0.852943
96	107	0.853274
96	113	0.924187
96	127	0.870083
96	136	1.14986
96	141	0.870186
96	155	0.878657
96	157	2.00469
96	159	1.69214
96	168	1.55276
96	175	1.65219
96	176	2.32146
97	53	1.79876
97	73	1.46063
97	82	0.932566
97	110	1.73615
97	111	0.791461
97	138	0.862588
97	139	0.888207
97	143	1.46563
97	150	0.804178
97	153	1.6511
97	154	0.811606
97	156	0.812909
97	166	0.776269
97	168	0.757432
97	169	0.763607
97	170	0.771573
97	174	0.698272
97	175	0.729818
97	176	0.679775
97	177	0.640292
97	178	0.703899
97	179	0.694773
97	180	0.676549
98	18	0.872127
98	22	0.784859
98	30	0.85253
98	32	0.84137
98	34	1.11498
98	43	0.844134
98	46	0.849308
98	89	0.841752
98	90	0.89789
98	96	0.879995
98	99	0.878759
98	101	1.47054
98	106	0.850011
98	107	0.850342
98	113	0.921255
98	127	0.867152
98	140	1.42033
98	141	0.867255
98	145	1.39718
98	155	0.875725
98	165	1.60255
98	174	2.21663
98	178	2.04045
99	18	0.873822
99	22	0.786554
99	30	0.854225
99	40	0.847887
99	43	0.845829
99	69	1.59288
99	82	0.945572
99	85	1.37047
99	89	0.843447
99	90	0.899585
99	93	0.825049
99	96	0.88169
99	98	0.878759
99	106	0.851707
99	107	0.852037
99	113	0.922951
99	127	0.868847
99	139	1.29286
99	141	0.86895
99	150	1.61361
99	155	0.877421
99	170	1.84103
99	175	1.95201
100	2	0.812285
100	5	0.820092
100	9	0.927036
100	15	0.8714
100	63	1.06426
100	66	0.840367
100	72	0.894451
100	76	0.82721
100	80	1.5432
100	81	0.870858
100	84	0.917893
100	88	0.892194
100	92	0.899359
100	94	0.835309
100	109	0.847397
100	131	1.27635
100	141	0.866884
100	147	2.02851
100	148	1.40771
100	153	0.869293
100	167	0.79428
100	169	1.60081
100	172	2.03393
101	35	1.22247
101	50	1.48346
101	63	0.947211
101	66	1.6431
101	98	1.47054
101	113	1.08593
101	116	1.61818
101	140	0.898526
101	150	0.888482
101	151	0.892965
101	159	0.828014
101	160	0.782578
101	163	0.82366
101	164	0.828546
101	171	0.728717
101	173	0.761134
101	174	0.782575
101	175	0.814121
101	176	0.764079
101	177	0.724596
101	178	0.788203
101	179	0.779077
101	180	0.760853
102	27	1.00963
102	82	0.993629
102	86	0.910635
102	95	0.818578
102	103	0.850536
102	110	0.825035
102	112	0.850442
102	118	0.83112
102	120	0.828163
102	123	0.858907
102	125	0.861009
102	126	0.858192
102	128	0.85667
102	129	0.848352
102	133	0.848702
102	137	0.862416
102	143	0.865326
102	146	1.52113
102	155	0.865319
102	157	0.769773
102	168	1.90064
102	169	1.8143
102	170	1.88909
102	178	2.24276
103	14	0.86417
103	29	1.05084
103	34	1.17114
103	77	0.873949
103	95	0.812863
103	102	0.850536
103	110	0.81932
103	114	0.85097
103	118	0.825405
103	120	0.822448
103	122	0.868844
103	123	0.853192
103	125	0.855294
103	126	0.852477
103	128	0.850955
103	129	0.842637
103	131	1.34368
103	133	0.842986
103	137	0.8567
103	147	2.09584
103	155	0.859604
103	159	1.89385
103	166	1.55061
103	174	2.27278
104	17	1.53393
104	20	1.72275
104	54	1.61683
104	58	1.55727
104	90	1.47276
104	121	0.945372
104	122	1.34245
104	139	0.95777
104	157	0.786844
104	158	0.791344
104	159	0.813274
104	165	0.827903
104	168	0.826996
104	169	0.833171
104	170	0.841137
104	171	0.713977
104	173	0.746394
104	174	0.767835
104	175	0.799381
104	176	0.749339
104	177	0.709856
104	178	0.773463
104	179	0.764337
104	180	0.746113
105	46	1.39673
105	61	1.65132
105	84	1.49107
105	122	1.28548
105	139	0.968817
105	144	0.902479
105	153	1.25104
105	155	1.04913
105	156	0.89352
105	159	0.824321
105	166	0.856879
105	168	0.838043
105	170	0.852183
105	171	0.725024
105	172	0.791348
105	173	0.757441
105	174	0.778882
105	175	0.810428
105	176	0.760386
105	177	0.720903
105	178	0.78451
105	179	0.775383
105	180	0.75716
106	18	0.845075
106	22	0.757807
106	30	0.825478
106	32	0.814318
106	40	0.81914
106	43	0.817082
106	46	0.822256
106	69	1.70206
106	89	0.8147
106	90	0.870838
106	93	0.796302
106	96	0.852943
106	98	0.850011
106	99	0.851707
106	107	0.82329
106	113	0.894203
106	124	1.39784
106	127	0.8401
106	141	0.840202
106	145	1.66061
106	149	1.72965
106	155	0.848673
106	166	1.75789
106	169	1.87542
106	170	1.95021
107	18	0.845406
107	22	0.758138
107	30	0.825808
107	32	0.814649
107	40	0.819471
107	43	0.817413
107	46	0.822587
107	89	0.81503
107	90	0.871169
107	93	0.796633
107	96	0.853274
107	98	0.850342
107	99	0.852037
107	106	0.82329
107	113	0.894534
107	115	1.48883
107	119	1.32043
107	127	0.84043
107	141	0.840533
107	146	1.5384
107	155	0.849004
107	156	1.62682
107	166	1.71404
107	173	2.74562
107	175	2.01734
108	12	1.68994
108	19	1.19733
108	56	1.31902
108	76	1.0419
108	83	1.1865
108	86	1.29139
108	89	1.06231
108	115	0.995935
108	138	1.00317
108	149	0.929547
108	152	0.981978
108	155	0.83893
108	156	0.95349
108	159	0.884291
108	160	0.838855
108	165	0.89892
108	168	0.898013
108	171	0.784994
108	172	0.851318
108	175	0.870398
108	176	0.820356
108	177	0.780873
108	178	0.84448
108	179	0.835353
108	180	0.81713
109	2	0.78336
109	5	0.791166
109	9	0.89811
109	15	0.842474
109	31	0.823116
109	37	0.815234
109	66	0.811441
109	72	0.865525
109	76	0.798284
109	81	0.841932
109	84	0.888968
109	88	0.863269
109	92	0.870433
109	94	0.806383
109	100	0.847397
109	136	1.2422
109	141	0.837958
109	153	0.840368
109	160	2.20871
109	162	1.14322
109	165	1.54933
109	167	0.765354
109	175	1.74453
109	176	2.4138
109	179	2.1838
110	34	1.08677
110	86	0.879419
110	95	0.787362
110	97	1.73615
110	102	0.825035
110	103	0.81932
110	114	0.82547
110	118	0.799904
110	120	0.796948
110	122	0.843343
110	123	0.827691
110	125	0.829793
110	126	0.826976
110	128	0.825454
110	129	0.817136
110	133	0.817486
110	137	0.8312
110	143	0.83411
110	147	2.01147
110	153	0.828042
110	155	0.834103
110	156	1.37902
110	157	0.738557
110	167	2.1083
110	170	1.65856
110	179	2.2088
111	2	1.96574
111	35	1.59729
111	44	1.15624
111	62	1.97199
111	73	1.54162
111	97	0.791461
111	117	1.8204
111	130	0.881293
111	146	0.885934
111	148	0.887993
111	160	0.73847
111	161	0.826217
111	165	0.798535
111	166	0.816464
111	167	0.771947
111	169	0.803803
111	170	0.811768
111	172	0.750933
111	173	0.717026
111	174	0.738467
111	175	0.770013
111	176	0.719971
111	177	0.680488
111	178	0.744095
111	179	0.734968
111	180	0.716745
112	11	0.897518
112	12	0.812262
112	16	0.855223
112	45	0.833471
112	48	0.812258
112	51	0.80716
112	59	0.932303
112	102	0.850442
112	116	0.832839
112	117	0.869317
112	118	0.825311
112	122	0.86875
112	123	0.853098
112	125	0.8552
112	128	0.850861
112	129	0.842543
112	133	0.842893
112	137	0.856607
112	145	0.88017
112	146	0.947371
112	163	1.56872
112	170	1.31533
112	172	1.67366
112	174	1.84518
112	175	1.42631
112	177	3.02061
112	179	1.86557
113	18	0.916319
113	22	0.829051
113	30	0.896722
113	32	0.885562
113	40	0.890384
113	43	0.888326
113	46	0.8935
113	69	1.054
113	89	0.885944
113	90	0.942082
113	93	0.867546
113	96	0.924187
113	98	0.921255
113	99	0.922951
113	101	1.08593
113	106	0.894203
113	107	0.894534
113	127	0.911344
113	132	1.02444
113	141	0.911447
113	145	1.01256
113	148	1.03426
113	151	1.02688
113	155	0.919917
113	173	2.14142
113	177	3.00744
113	179	1.8524
114	77	0.880099
114	86	0.91107
114	95	0.819012
114	103	0.85097
114	110	0.82547
114	118	0.831555
114	120	0.828598
114	122	0.874994
114	123	0.859342
114	125	0.861444
114	126	0.858626
114	128	0.857105
114	129	0.848787
114	133	0.849136
114	136	1.02098
114	137	0.86285
114	143	0.865761
114	153	0.859692
114	155	0.865754
114	157	0.770208
114	159	1.56326
114	164	1.63711
114	168	1.42388
114	169	1.33754
114	173	2.25159
114	176	2.19258
114	180	2.20786
115	28	1.02574
115	58	1.40523
115	64	0.958955
115	93	1.57273
115	94	1.66222
115	107	1.48883
115	108	0.995935
115	125	1.43124
115	142	0.895008
115	147	0.860237
115	152	0.945487
115	155	0.954071
115	160	0.802363
115	161	0.890111
115	164	0.848331
115	165	0.862429
115	166	0.880358
115	168	0.861522
115	169	0.867696
115	171	0.748503
115	173	0.78092
115	174	0.802361
115	175	0.833907
115	176	0.783865
115	177	0.744382
115	178	0.807989
115	179	0.798862
115	180	0.780639
116	8	0.77943
116	12	0.800468
116	20	0.845552
116	33	0.815678
116	36	0.834519
116	44	0.916072
116	45	0.821677
116	48	0.800464
116	50	0.886348
116	51	0.795366
116	54	0.852759
116	59	0.920509
116	68	0.788552
116	74	0.851003
116	76	0.799571
116	91	0.874093
116	101	1.61818
116	112	0.832839
116	117	0.857523
116	124	1.28204
116	131	1.43516
116	135	1.3431
116	138	1.40904
116	143	0.847723
116	145	0.868376
116	158	2.31951
116	166	1.64209
116	176	2.61466
117	4	0.836014
117	12	0.836947
117	16	0.879908
117	20	0.88203
117	21	0.879191
117	24	0.883512
117	45	0.858156
117	48	0.836943
117	51	0.831845
117	53	0.892147
117	56	0.883706
117	61	0.857446
117	67	0.890547
117	73	0.890377
117	76	0.83605
117	83	0.850464
117	111	1.8204
117	112	0.869317
117	116	0.857523
117	134	1.38292
117	135	1.17051
117	136	1.27047
117	140	1.39537
117	145	0.904854
117	154	1.44782
117	162	0.929034
117	168	1.67337
117	172	2.02015
117	179	2.21206
118	77	0.854534
118	86	0.885504
118	95	0.793447
118	102	0.83112
118	103	0.825405
118	110	0.799904
118	112	0.825311
118	114	0.831555
118	120	0.803033
118	122	0.849428
118	123	0.833776
118	125	0.835878
118	126	0.833061
118	128	0.831539
118	129	0.823221
118	133	0.823571
118	137	0.837285
118	139	1.26361
118	143	0.840195
118	148	1.54388
118	153	0.834127
118	155	0.840188
118	157	0.744642
118	162	1.32144
118	166	1.61946
118	167	2.26151
118	174	2.34163
118	175	1.92275
118	178	2.16545
119	42	1.64095
119	52	1.60704
119	53	1.13524
119	67	1.32244
119	79	1.27727
119	88	1.20892
119	107	1.32043
119	120	1.3516
119	130	0.945994
119	146	0.950634
119	147	0.861043
119	149	0.893862
119	154	0.916502
119	156	0.917805
119	158	0.826676
119	160	0.80317
119	164	0.849138
119	168	0.862329
119	170	0.876469
119	171	0.74931
119	173	0.781727
119	174	0.803168
119	175	0.834714
119	176	0.784672
119	177	0.745188
119	178	0.808795
119	179	0.799669
119	180	0.781445
120	10	0.879213
120	65	1.34841
120	77	0.851577
120	86	0.882548
120	95	0.79049
120	102	0.828163
120	103	0.822448
120	110	0.796948
120	114	0.828598
120	118	0.803033
120	119	1.3516
120	122	0.846471
120	123	0.830819
120	125	0.832922
120	126	0.830104
120	128	0.828582
120	129	0.820265
120	130	1.60845
120	132	1.65982
120	133	0.820614
120	137	0.834328
120	143	0.837238
120	149	1.71697
120	153	0.83117
120	155	0.837232
120	156	1.65799
120	157	0.741686
120	172	2.29586
120	175	2.04851
121	11	1.02752
121	18	0.934445
121	20	1.4111
121	36	1.39585
121	45	1.05874
121	67	1.33123
121	68	1.31335
121	104	0.945372
121	125	1.27163
121	126	1.17676
121	130	0.965641
121	136	1.01492
121	138	0.987131
121	150	0.928721
121	158	0.846323
121	160	0.822817
121	161	0.910565
121	166	0.900812
121	168	0.881976
121	169	0.88815
121	171	0.768957
121	172	0.835281
121	173	0.801374
121	174	0.822815
121	175	0.854361
121	177	0.764835
121	178	0.828442
121	179	0.819316
121	180	0.801093
122	14	0.888193
122	77	0.897973
122	86	0.928943
122	95	0.836886
122	103	0.868844
122	104	1.34245
122	105	1.28548
122	110	0.843343
122	112	0.86875
122	114	0.874994
122	118	0.849428
122	120	0.846471
122	123	0.877215
122	125	0.879317
122	126	0.8765
122	128	0.874978
122	129	0.86666
122	133	0.86701
122	137	0.880723
122	139	1.05978
122	148	1.34005
122	150	1.38053
122	153	0.877566
122	154	1.39394
122	155	0.883627
122	157	0.788081
122	174	2.1378
122	178	1.96161
122	179	2.15818
123	10	0.909957
123	77	0.882321
123	86	0.913291
123	95	0.821234
123	102	0.858907
123	103	0.853192
123	110	0.827691
123	112	0.853098
123	114	0.859342
123	118	0.833776
123	120	0.830819
123	122	0.877215
123	125	0.863665
123	126	0.860848
123	128	0.859326
123	129	0.851008
123	133	0.851358
123	137	0.865071
123	143	0.867982
123	148	1.3077
123	153	0.861913
123	157	0.772429
123	158	2.06069
123	164	1.80036
123	165	1.49137
123	166	1.38327
123	170	1.57559
123	172	1.93392
123	175	1.68657
123	178	1.92926
124	16	1.11018
124	36	1.42063
124	42	1.67451
124	54	1.32995
124	94	1.52738
124	95	1.22526
124	106	1.39784
124	116	1.28204
124	128	0.679719
124	130	0.965088
124	146	0.969729
124	147	0.880137
124	149	0.912956
124	150	0.928168
124	160	0.822264
124	164	0.868232
124	165	0.88233
124	168	0.881423
124	169	0.887597
124	170	0.895563
124	171	0.768404
124	172	0.834728
124	173	0.800821
124	174	0.822262
124	175	0.853808
124	176	0.803766
124	177	0.764282
124	178	0.827889
124	179	0.818763
124	180	0.80054
125	65	1.25965
125	77	0.884423
125	85	1.37821
125	86	0.915394
125	95	0.823336
125	102	0.861009
125	103	0.855294
125	110	0.829793
125	112	0.8552
125	114	0.861444
125	115	1.43124
125	118	0.835878
125	120	0.832922
125	121	1.27163
125	122	0.879317
125	123	0.863665
125	126	0.86295
125	128	0.861428
125	129	0.85311
125	132	1.57106
125	133	0.85346
125	137	0.867174
125	143	0.870084
125	147	2.20168
125	149	1.62821
125	150	1.62136
125	153	0.864016
125	155	0.870077
125	157	0.774531
125	162	1.35844
126	10	0.909241
126	14	0.871826
126	77	0.881605
126	86	0.912576
126	95	0.820519
126	102	0.858192
126	103	0.852477
126	110	0.826976
126	114	0.858626
126	118	0.833061
126	120	0.830104
126	121	1.17676
126	122	0.8765
126	123	0.860848
126	125	0.86295
126	128	0.858611
126	129	0.850293
126	131	1.35466
126	133	0.850642
126	137	0.864356
126	148	1.48601
126	152	1.42348
126	153	0.861198
126	154	1.5399
126	155	0.86726
126	157	0.771714
126	158	2.23901
126	161	1.5315
126	167	2.20364
126	175	1.86488
127	3	0.795624
127	40	0.83628
127	41	0.827066
127	46	0.839396
127	49	0.905978
127	55	0.791063
127	62	0.824038
127	64	0.893622
127	71	0.87471
127	75	0.875188
127	78	0.875659
127	79	0.876062
127	82	0.765782
127	89	0.83184
127	90	0.887979
127	96	0.870083
127	98	0.867152
127	99	0.868847
127	106	0.8401
127	107	0.84043
127	113	0.911344
127	139	1.11307
127	149	1.44068
127	152	1.33081
127	155	0.865814
127	158	2.14634
127	162	1.1709
127	163	1.91463
127	173	2.5005
127	176	2.44149
128	6	4.44751
128	10	0.90772
128	14	0.870304
128	77	0.880084
128	85	0.761523
128	86	0.911054
128	102	0.85667
128	103	0.850955
128	110	0.825454
128	112	0.850861
128	114	0.857105
128	118	0.831539
128	120	0.828582
128	122	0.874978
128	123	0.859326
128	124	0.679719
128	125	0.861428
128	126	0.858611
128	129	0.848771
128	133	0.849121
128	137	0.862834
128	143	0.865745
128	153	0.859676
128	154	1.01809
128	157	0.770192
128	164	1.45686
128	167	1.68183
128	168	1.24364
128	170	1.23209
128	172	1.59042
129	14	0.861986
129	69	1.49559
129	70	1.43756
129	77	0.871766
129	86	0.902737
129	95	0.810679
129	102	0.848352
129	103	0.842637
129	110	0.817136
129	112	0.842543
129	114	0.848787
129	118	0.823221
129	120	0.820265
129	122	0.86666
129	123	0.851008
129	125	0.85311
129	126	0.850293
129	128	0.848771
129	133	0.840803
129	135	1.25244
129	136	1.35239
129	137	0.854517
129	143	0.857427
129	153	0.851359
129	155	0.85742
129	156	1.4642
129	157	0.761874
129	163	1.99714
129	169	1.66895
129	172	2.10207
129	178	2.09741
130	15	1.41562
130	18	1.1825
130	25	1.60656
130	32	0.871473
130	48	1.7184
130	65	0.95988
130	71	0.997117
130	79	1.53412
130	88	1.46576
130	111	0.881293
130	119	0.945994
130	120	1.60845
130	121	0.965641
130	124	0.965088
130	146	0.935571
130	150	0.894011
130	154	0.901439
130	160	0.788107
130	161	0.875854
130	163	0.829189
130	164	0.834075
130	165	0.848172
130	171	0.734246
130	172	0.80057
130	173	0.766663
130	175	0.81965
130	176	0.769608
130	177	0.730125
130	178	0.793732
130	179	0.784606
130	180	0.766382
131	24	1.38254
131	72	1.5277
131	74	1.25441
131	100	1.27635
131	103	1.34368
131	116	1.43516
131	126	1.35466
131	137	1.10947
131	143	0.988794
131	154	0.932421
131	156	0.933724
131	157	0.838095
131	158	0.842595
131	159	0.864525
131	160	0.819089
131	161	0.906836
131	163	0.860171
131	164	0.865057
131	165	0.879155
131	168	0.878247
131	170	0.892388
131	171	0.765229
131	172	0.831552
131	173	0.797646
131	174	0.819087
131	175	0.850632
131	176	0.80059
131	177	0.761107
131	178	0.824714
131	179	0.815588
131	180	0.797364
132	1	0.793558
132	3	1.73515
132	23	0.867654
132	26	0.76811
132	28	0.859927
132	35	0.944775
132	47	0.908993
132	57	0.873795
132	58	0.873415
132	61	1.69607
132	78	1.19374
132	83	0.831475
132	91	0.891583
132	93	0.812834
132	113	1.02444
132	120	1.65982
132	125	1.57106
132	133	1.52242
132	140	0.866601
132	151	0.86104
132	153	1.2958
132	164	0.796621
132	169	0.815987
132	171	0.696793
132	173	0.72921
132	174	0.750651
132	176	0.732155
132	177	0.692672
132	178	0.756279
132	179	0.747152
132	180	0.728929
133	10	0.899751
133	14	0.862336
133	77	0.872115
133	95	0.811028
133	102	0.848702
133	103	0.842986
133	110	0.817486
133	112	0.842893
133	114	0.849136
133	118	0.823571
133	120	0.820614
133	122	0.86701
133	123	0.851358
133	125	0.85346
133	126	0.850642
133	128	0.849121
133	129	0.840803
133	132	1.52242
133	137	0.854866
133	143	0.857777
133	144	1.65123
133	146	1.43218
133	147	2.15305
133	150	1.57272
133	153	0.851708
133	154	1.58614
133	155	0.85777
133	157	0.762224
133	162	1.3098
133	165	1.71591
133	167	2.24988
134	36	1.6941
134	38	1.68294
134	39	1.10976
134	62	1.53451
134	84	1.53464
134	86	1.54517
134	88	1.51596
134	117	1.38292
134	139	0.965591
134	142	0.868303
134	148	0.925181
134	150	0.881562
134	161	0.863406
134	163	0.81674
134	164	0.821626
134	165	0.835724
134	166	0.853653
134	168	0.834816
134	169	0.840991
134	170	0.848957
134	171	0.721798
134	172	0.788121
134	173	0.754215
134	174	0.775656
134	175	0.807202
134	176	0.757159
134	177	0.717676
134	178	0.781283
134	179	0.772157
134	180	0.753933
135	10	0.960925
135	25	1.44433
