1	15	0.936215
1	34	0.945612
1	40	1.06436
1	57	1.15161
1	70	0.865651
1	83	0.806866
1	99	1.02008
1	117	1.0553
1	121	1.07623
1	149	1.03596
1	168	1.06025
1	179	0.988746
2	53	0.78234
2	100	0.688903
2	112	0.669729
2	129	0.732639
2	143	1.24688
2	159	1.19349
2	162	1.2123
2	163	1.16564
2	168	0.728253
2	171	1.20657
2	176	1.18259
2	180	1.19253
3	40	1.18593
3	71	1.28734
3	73	1.15134
3	76	0.74013
3	87	1.22741
3	93	1.19453
3	96	0.686899
3	149	1.15753
3	155	1.19592
3	157	0.678863
3	170	0.684988
3	179	0.813316
4	8	1.24943
4	44	1.20931
4	80	1.08947
4	129	0.714897
4	150	0.70454
4	155	0.690524
4	163	0.751486
4	165	1.20298
4	173	1.21078
4	174	1.222
4	176	0.732153
4	178	1.21603
5	50	1.2088
5	53	0.782703
5	72	0.680721
5	76	1.18591
5	121	0.693859
5	132	1.1979
5	137	1.1855
5	151	1.21205
5	153	0.701961
5	156	0.73672
5	177	1.20362
5	178	1.20622
6	53	1.16722
6	118	1.18694
6	139	1.22299
6	147	0.723567
6	148	1.22873
6	150	1.23449
6	160	1.2258
6	166	0.712915
6	172	0.737667
6	174	0.710689
6	177	0.721547
6	179	1.13383
7	49	0.733518
7	69	0.705216
7	132	0.725992
7	140	1.18437
7	142	1.17721
7	144	0.716549
7	157	1.22216
7	161	1.21444
7	162	1.2171
7	174	0.724009
7	176	1.18739
7	180	1.19733
8	4	1.24943
8	56	0.766835
8	86	0.675852
8	95	0.70852
8	102	1.12422
8	150	0.706717
8	158	1.2109
8	166	1.19819
8	167	1.21267
8	174	1.20528
8	176	0.734329
8	178	1.19931
9	67	0.688338
9	73	1.16875
9	119	0.746764
9	124	1.182
9	138	1.22068
9	146	0.744679
9	154	1.22242
9	156	0.700773
9	167	1.20856
9	169	1.205
9	177	1.19259
9	180	0.713884
10	17	0.700807
10	128	1.20188
10	145	1.22188
10	151	0.720317
10	161	1.20868
10	162	1.21133
10	168	0.72779
10	172	1.18305
10	174	0.7257
10	176	1.18162
10	178	0.732226
10	180	1.19157
11	28	0.805605
11	74	1.27234
11	100	0.668908
11	106	0.698185
11	138	1.19902
11	144	1.19751
11	148	1.17498
11	154	1.20076
11	160	1.17206
11	169	1.18334
11	172	0.733146
11	173	0.700855
12	17	1.21516
12	42	0.715361
12	49	1.20093
12	85	0.671251
12	122	1.16285
12	124	0.738389
12	144	0.720422
12	152	1.20499
12	165	1.19467
12	174	1.21369
12	178	1.20772
12	180	0.751187
13	48	1.18385
13	76	0.709651
13	87	1.24608
13	105	0.798473
13	117	1.19554
13	124	1.18325
13	149	1.1762
13	155	1.21459
13	161	0.658709
13	168	1.20049
13	170	0.654508
13	179	0.782836
14	39	1.13494
14	40	1.21103
14	45	1.19602
14	75	1.17695
14	83	0.643875
14	86	1.25618
14	108	0.700691
14	117	1.20197
14	121	1.2229
14	133	0.732529
14	162	0.702441
14	179	0.825755
15	1	0.936215
15	21	1.01807
15	71	1.15547
15	87	1.09555
15	89	0.816877
15	93	1.06267
15	114	1.0423
15	137	0.895961
15	149	1.02567
15	155	1.06406
15	178	0.884039
15	179	1.00823
16	54	0.774144
16	66	1.20723
16	88	0.683635
16	117	1.2087
16	131	0.719364
16	138	0.69255
16	139	0.724239
16	140	1.19278
16	163	1.17886
16	176	1.19581
16	177	1.20701
16	178	1.20962
17	10	0.700807
17	12	1.21516
17	36	1.24198
17	69	1.19871
17	96	1.18226
17	131	0.723282
17	158	1.18494
17	159	0.731827
17	162	0.721533
17	164	1.2036
17	171	0.718407
17	178	1.17335
18	69	1.18026
18	104	0.840589
18	110	0.760431
18	120	1.13116
18	133	1.11917
18	144	0.752942
18	150	0.75652
18	152	1.15217
18	173	1.14965
18	174	1.16087
18	175	1.14526
18	176	0.784133
18	179	1.06145
19	42	1.13485
19	62	0.712284
19	78	0.808511
19	110	1.11643
19	115	0.782933
19	123	1.14489
19	133	0.8071
19	136	1.12713
19	138	1.15521
19	144	1.1537
19	160	1.12825
19	169	1.13953
19	172	0.796583
20	80	1.02927
20	105	1.09003
20	148	0.787434
20	151	1.16165
20	153	0.76399
20	154	0.760693
20	155	0.770657
20	164	1.18607
20	167	1.16919
20	174	1.16179
20	175	1.14619
20	178	1.15582
20	180	0.811859
21	15	1.01807
21	30	1.21226
21	32	1.0786
21	39	1.07012
21	71	1.24762
21	85	1.19679
21	108	0.759799
21	114	1.13444
21	152	0.748153
21	168	1.1421
21	173	0.748827
21	177	0.764999
21	179	0.884863
22	32	1.09677
22	48	1.14362
22	66	1.15384
22	73	1.12978
22	83	0.710434
22	108	0.76725
22	117	1.15531
22	121	1.17625
22	134	1.10847
22	149	1.13597
22	165	0.775641
22	174	0.761592
22	179	0.892314
23	59	1.1007
23	88	0.735316
23	90	1.13824
23	104	0.842076
23	106	1.15853
23	126	0.776453
23	130	0.770275
23	147	1.14605
23	152	1.13743
23	158	1.15175
23	162	0.769297
23	165	1.12712
23	178	1.14016
24	46	1.13639
24	54	1.09814
24	75	0.793311
24	77	0.784257
24	91	1.15531
24	98	0.79933
24	118	1.10272
24	136	1.14046
24	144	1.16703
24	165	0.77467
24	168	1.14709
24	169	1.15286
24	173	0.755306
25	82	0.796037
25	96	0.771979
25	120	0.807678
25	135	0.751425
25	145	1.17485
25	157	1.16936
25	159	1.14549
25	163	1.11764
25	171	1.15857
25	175	0.780185
25	176	1.13459
25	179	1.05496
25	180	1.14454
26	52	1.15947
26	74	0.722971
26	91	0.770793
26	98	1.1316
26	102	1.08666
26	110	0.807269
26	145	0.787101
26	149	0.804676
26	152	1.15902
26	167	1.17511
26	174	1.16772
26	175	1.15211
26	179	1.06831
27	67	0.789791
27	87	0.712267
27	98	1.11263
27	115	1.14669
27	129	0.798508
27	130	0.800419
27	165	1.12974
27	167	1.15615
27	169	0.792832
27	170	1.1439
27	173	1.13754
27	175	1.13315
27	177	1.14018
28	11	0.805605
28	76	1.06767
28	89	1.14251
28	98	1.05783
28	126	0.853019
28	140	0.86316
28	142	0.859949
28	147	1.09387
28	153	0.81389
28	158	1.09957
28	166	1.08686
28	175	1.07834
28	177	1.08538
28	178	1.08798
29	31	1.02368
29	47	0.837281
29	69	0.845943
29	72	1.18435
29	89	0.804101
29	123	0.839751
29	143	1.12789
29	156	1.09127
29	157	1.09837
29	161	1.09065
29	163	1.04665
29	175	0.877247
29	176	1.0636
29	180	1.07354
30	21	1.21226
30	51	1.23036
30	66	1.23772
30	93	1.25686
30	94	1.14821
30	105	0.801073
30	114	1.23649
30	145	0.634574
30	149	1.21985
30	155	1.25825
30	170	0.657108
30	177	0.665572
30	178	0.661241
30	179	0.785436
31	29	1.02368
31	44	0.821682
31	134	0.880234
31	142	1.0882
31	146	1.08677
31	161	1.12544
31	162	1.12809
31	166	0.837519
31	170	0.837687
31	171	1.12236
31	173	0.829979
31	176	1.09838
31	179	1.01875
31	180	1.10833
32	21	1.0786
32	22	1.09677
32	39	1.03852
32	70	0.839678
32	73	1.08001
32	83	0.780893
32	99	1.07033
32	117	1.10554
32	121	1.12648
32	124	1.09326
32	125	0.792361
32	168	1.1105
32	174	0.832051
32	179	0.962773
33	118	1.19451
33	119	0.741719
33	131	1.23819
33	137	0.703984
33	144	1.25883
33	153	1.25016
33	158	0.689974
33	160	1.23337
33	166	0.687762
33	168	1.23889
33	169	1.24465
33	174	0.685535
33	177	0.696394
33	179	1.1414
34	1	0.945612
34	40	0.771033
34	66	0.785307
34	95	1.09883
34	99	0.868634
34	122	1.05415
34	136	1.09642
34	149	0.824041
34	154	1.12624
34	164	1.12926
34	171	1.10919
34	176	1.0852
34	179	1.00557
34	180	1.09515
35	92	0.724715
35	103	1.22267
35	115	0.695725
35	116	1.21505
35	128	1.21989
35	134	0.727338
35	143	1.26393
35	145	1.2399
35	158	0.686836
35	162	1.22934
35	168	0.684487
35	176	1.19964
35	178	0.688924
35	180	1.20958
36	17	1.24198
36	43	0.71069
36	52	1.23226
36	108	1.24164
36	153	0.669634
36	155	0.6763
36	161	0.700793
36	163	0.737262
36	167	1.24791
36	170	1.23566
36	171	0.69848
36	175	1.2249
36	178	1.23454
36	179	1.1411
37	41	1.20385
37	61	1.28703
37	144	1.24526
37	151	0.693254
37	153	1.2366
37	154	1.24851
37	160	1.21981
37	164	0.684026
37	169	1.23109
37	170	0.701031
37	172	0.725615
37	174	0.698637
37	178	0.705163
37	179	1.12784
38	78	1.23118
38	80	1.11652
38	103	0.71375
38	108	1.25017
38	117	0.685493
38	126	0.703515
38	130	0.697338
38	133	1.20735
38	136	0.698207
38	141	1.27339
38	171	0.693233
38	173	1.23783
38	177	1.24047
38	178	1.24308
39	14	1.13494
39	21	1.07012
39	32	1.03852
39	48	1.08537
39	70	0.812886
39	85	1.1567
39	94	1.00608
39	121	1.118
39	135	1.11255
39	149	1.07772
39	162	0.812666
39	171	0.80954
39	176	0.828989
39	179	0.93598
40	1	1.06436
40	3	1.18593
40	14	1.21103
40	34	0.771033
40	41	0.70474
40	86	1.22736
40	90	0.706961
40	105	0.829804
40	124	1.16087
40	134	1.12632
40	149	1.15381
40	152	0.677458
40	155	1.19221
40	168	1.17811
40	179	0.814167
41	37	1.20385
41	40	0.70474
41	43	1.14371
41	64	0.730004
41	138	1.17397
41	144	1.17246
41	150	1.15569
41	153	1.16379
41	154	1.17571
41	168	1.15252
41	169	1.15829
41	170	0.762706
41	172	0.787291
41	173	0.754999
41	178	0.766839
42	12	0.715361
42	19	1.13485
42	56	1.12692
42	81	1.15287
42	94	0.859515
42	109	1.18549
42	123	1.1862
42	138	1.19653
42	139	1.16675
42	145	0.706357
42	160	1.16956
42	162	0.733904
42	169	1.18084
42	171	0.730779
42	172	0.753475
43	36	0.71069
43	41	1.14371
43	54	1.11624
43	61	1.22689
43	85	0.698878
43	111	0.791059
43	120	0.795513
43	129	1.16321
43	148	1.1626
43	150	1.16835
43	152	0.749522
43	154	1.18837
43	160	1.15967
43	166	0.757736
43	169	1.17096
44	4	1.20931
44	31	0.821682
44	82	1.14308
44	132	1.15087
44	135	1.17377
44	144	0.717947
44	146	0.779506
44	150	0.721525
44	158	1.17079
44	160	0.721609
44	162	0.732814
44	164	1.18945
44	173	1.15396
44	175	1.14956
44	178	1.1592
45	14	1.19602
45	57	1.25445
45	70	0.704915
45	73	1.13261
45	77	1.13346
45	85	1.21777
45	99	1.12292
45	105	0.843646
45	108	0.702946
45	117	1.15814
45	124	1.14585
45	140	0.721993
45	149	1.1388
45	171	0.70157
45	179	0.82801
46	24	1.13639
46	88	1.20377
46	94	0.843855
46	109	1.1737
46	118	1.11891
46	122	0.790107
46	123	1.17441
46	136	1.15666
46	142	0.732332
46	144	1.18323
46	150	1.16646
46	154	1.18648
46	164	0.696226
46	172	0.737815
46	173	0.705523
47	29	0.837281
47	73	1.14348
47	85	1.22865
47	99	1.1338
47	101	0.765181
47	103	0.736362
47	122	1.12506
47	131	1.17327
47	145	0.691423
47	155	1.18807
47	159	0.729265
47	165	1.15688
47	169	1.17974
47	170	1.17104
47	180	0.734867
48	13	1.18385
48	22	1.14362
48	39	1.08537
48	57	1.24871
48	86	1.20661
48	106	0.725989
48	114	1.14969
48	121	1.17333
48	135	1.16788
48	141	0.711155
48	145	0.713833
48	147	0.746851
48	161	0.740568
48	172	1.14093
48	179	0.864695
49	7	0.733518
49	12	1.20093
49	87	0.66876
49	89	1.21365
49	101	0.802144
49	120	1.13539
49	129	0.755002
49	132	1.1508
49	146	0.802625
49	147	1.16502
49	155	0.730628
49	165	1.14608
49	167	1.17249
49	177	1.15652
49	178	1.15913
50	5	1.2088
50	57	0.678701
50	109	0.742985
50	112	1.20673
50	126	0.781797
50	131	0.77639
50	137	1.14776
50	138	0.749575
50	141	1.1988
50	149	0.764668
50	170	1.16961
50	175	1.15885
50	177	1.16589
50	178	1.16849
50	179	1.07505
51	30	1.23036
51	60	0.76473
51	73	1.12972
51	86	1.20947
51	87	1.2058
51	93	1.17292
51	96	0.714576
51	99	1.12004
51	108	0.715929
51	114	1.15255
51	133	0.747767
51	134	1.10842
51	135	1.17074
51	177	0.721129
51	179	0.840993
52	26	1.15947
52	36	1.23226
52	61	0.721175
52	71	0.667826
52	106	1.18201
52	110	0.769085
52	122	1.11877
52	140	0.793762
52	151	1.16946
52	157	0.765325
52	162	0.776464
52	170	1.16475
52	172	1.15126
52	173	1.15839
52	178	1.16363
53	2	0.78234
53	5	0.782703
53	6	1.16722
53	95	1.10567
53	101	0.848813
53	106	0.787212
53	110	1.09256
53	123	1.12101
53	129	1.10791
53	138	1.13134
53	153	1.12117
53	154	1.13308
53	158	0.799634
53	160	1.10438
53	169	1.11566
53	178	0.801722
54	16	0.774144
54	24	1.09814
54	43	1.11624
54	81	1.10284
54	131	1.12435
54	132	0.804936
54	136	1.11842
54	139	1.11671
54	144	1.14499
54	148	1.12245
54	165	0.817003
54	167	0.799
54	168	1.12505
54	169	1.13081
54	173	0.79764
54	177	0.813812
55	60	1.20306
55	65	1.16396
55	103	1.27324
55	121	0.652534
55	122	0.764471
55	127	0.63448
55	131	0.694357
55	137	0.70365
55	146	1.23859
55	157	1.28498
55	164	0.67059
55	171	1.27419
55	172	1.25164
55	174	0.685201
55	176	1.2502
55	180	1.26015
56	8	0.766835
56	42	1.12692
56	59	0.849796
56	95	1.12161
56	105	1.05599
56	108	1.12889
56	129	1.12385
56	136	1.1192
56	150	1.129
56	153	1.13711
56	166	0.79748
56	168	1.12583
56	169	1.1316
56	173	0.789941
56	174	0.795254
56	175	0.807765
57	1	1.15161
57	45	1.25445
57	48	1.24871
57	50	0.678701
57	66	1.25892
57	73	1.23487
57	92	0.692804
57	121	1.28133
57	130	1.24961
57	137	0.668935
57	143	0.625895
57	149	1.24106
57	155	1.27945
57	163	0.69355
57	177	0.661344
57	179	0.781208
58	67	1.17039
58	80	0.930027
58	116	1.13059
58	139	0.786164
58	140	1.11215
58	146	1.10356
58	151	0.76675
58	159	1.12607
58	160	0.768335
58	161	1.14223
58	167	0.768179
58	171	1.13916
58	175	0.784643
58	176	1.11518
58	179	1.03554
58	180	1.12512
59	23	1.1007
59	56	0.849796
59	78	1.11456
59	106	1.14483
59	141	1.15677
59	144	0.7861
59	145	0.77342
59	148	0.792439
59	152	1.12373
59	155	0.775662
59	164	1.1567
59	165	1.11341
59	174	1.13243
59	177	1.12385
59	179	1.03301
59	180	0.816864
60	51	0.76473
60	55	1.20306
60	67	1.14636
60	78	0.832383
60	115	0.806805
60	137	0.811926
60	140	1.08813
60	145	1.13141
60	146	1.07954
60	157	1.12592
60	161	1.11821
60	166	0.795703
60	170	0.795871
60	171	1.11513
60	176	1.09115
60	180	1.10109
61	37	1.28703
61	43	1.22689
61	52	0.721175
61	62	0.633816
61	67	0.688895
61	100	0.653877
61	109	1.2461
61	123	1.24682
61	137	0.709586
61	139	1.22736
61	150	1.23886
61	153	1.24697
61	155	1.2498
61	160	1.23018
61	162	0.698544
61	178	0.697663
62	19	0.712284
62	61	0.633816
62	99	1.21622
62	114	1.24873
62	118	0.715982
62	139	0.695729
62	142	1.22836
62	144	0.674237
62	148	0.680577
62	149	1.2321
62	151	1.25817
62	169	0.682497
62	171	1.26252
62	173	1.2471
62	174	1.25832
62	180	1.24848
63	104	1.12758
63	113	0.71978
63	135	0.720881
63	141	0.714312
63	142	1.17473
63	143	1.2492
63	146	1.1733
63	157	1.21968
63	159	1.19581
63	160	0.733332
63	161	1.21197
63	163	1.16796
63	168	0.73922
63	169	0.737929
63	170	0.739524
63	176	1.18491
63	180	1.19486
64	41	0.730004
64	84	1.22538
64	113	1.21771
64	116	0.729243
64	123	0.683725
64	137	1.1622
64	139	0.722741
64	146	0.762809
64	163	0.751773
64	164	1.21318
64	165	1.16989
64	166	1.18181
64	171	0.712992
64	173	1.17768
64	174	1.1889
64	177	1.18032
64	178	1.18293
65	55	1.16396
65	85	1.12458
65	93	1.08261
65	112	0.811734
65	114	1.06224
65	127	0.817447
65	131	1.0692
65	139	1.06157
65	158	0.872607
65	160	1.06438
65	162	1.08175
65	167	0.864214
65	169	1.07567
65	173	0.862854
65	176	1.05205
65	177	0.879026
65	180	1.06199
66	16	1.20723
66	22	1.15384
66	30	1.23772
66	34	0.785307
66	57	1.25892
66	70	0.705346
66	86	1.21682
66	87	1.21316
66	120	0.737723
66	124	1.15033
66	125	0.658029
66	149	1.14327
66	167	0.693765
66	168	1.16757
66	170	0.700113
66	172	1.15115
66	179	0.828441
67	9	0.688338
67	27	0.789791
67	58	1.17039
67	60	1.14636
67	61	0.688895
67	101	1.1654
67	140	1.19048
67	154	0.708914
67	156	1.22118
67	157	1.22828
67	159	1.2044
67	163	1.17656
67	166	0.739002
67	168	0.738866
67	175	0.749287
67	176	1.1935
67	180	1.20345
68	94	1.12308
68	126	1.20325
68	133	0.76066
68	146	1.18956
68	151	0.717782
68	152	0.717178
68	156	1.22884
68	158	0.727603
68	159	1.21207
68	163	1.18422
68	166	0.725391
68	168	0.725255
68	171	1.22515
68	175	0.735675
68	176	1.20117
68	179	1.12154
68	180	1.21111
69	7	0.705216
69	17	1.19871
69	18	1.18026
69	29	0.845943
69	71	0.618995
69	82	1.17516
69	119	0.776409
69	121	0.687558
69	124	0.730732
69	132	1.18295
69	152	1.18855
69	156	0.730418
69	164	1.22152
69	166	1.19015
69	170	1.19239
69	175	1.18164
69	177	1.18867
70	1	0.865651
70	32	0.839678
70	39	0.812886
70	45	0.704915
70	66	0.705346
70	114	0.72512
70	128	1.14334
70	129	1.13895
70	139	1.1326
70	143	1.18737
70	149	0.744081
70	154	1.16412
70	156	1.15076
70	160	1.13542
70	167	1.15026
70	175	1.12725
70	178	1.13689
70	180	1.13303
71	3	1.28734
71	15	1.15547
71	21	1.24762
71	52	0.667826
71	69	0.618995
71	84	0.632678
71	99	1.23934
71	105	0.784147
71	111	0.673338
71	114	1.27185
71	117	1.27455
71	121	1.29549
71	125	0.598098
71	149	1.25522
71	155	1.29361
71	168	1.27951
71	179	0.76851
71	180	0.661092
72	5	0.680721
72	29	1.18435
72	101	1.23094
72	127	0.642491
72	135	0.676963
72	153	0.668648
72	154	0.665351
72	156	1.28672
72	159	1.26995
72	161	1.2861
72	162	1.28876
72	163	1.2421
72	164	0.678602
72	171	1.28303
72	173	0.687899
72	176	1.25905
72	177	0.704071
72	180	1.26899
73	3	1.15134
73	9	1.16875
73	22	1.12978
73	32	1.08001
73	45	1.13261
73	47	1.14348
73	51	1.12972
73	57	1.23487
73	86	1.19277
73	87	1.1891
73	94	1.04757
73	100	0.710278
73	102	0.839306
73	136	0.756793
73	141	0.724719
73	166	0.749764
73	174	0.747538
73	179	0.87826
74	11	1.27234
74	26	0.722971
74	92	0.697066
74	95	1.26454
74	110	1.25143
74	131	1.26806
74	135	1.27929
74	139	1.26043
74	147	0.667627
74	148	1.26617
74	154	1.29195
74	169	1.27453
74	170	0.657143
74	172	0.681727
74	173	0.649435
74	175	0.667259
74	177	0.665607
74	179	1.17128
75	14	1.17695
75	24	0.793311
75	81	0.796888
75	85	1.19871
75	123	0.746724
75	124	1.12678
75	134	1.09223
75	138	0.754051
75	144	0.764249
75	150	0.767827
75	152	1.13726
75	157	1.16095
75	158	1.15157
75	162	1.15588
75	169	0.772508
75	176	1.12617
75	177	1.13738
75	180	1.13612
76	3	0.74013
76	5	1.18591
76	13	0.709651
76	28	1.06767
76	110	0.796583
76	115	1.1495
76	123	0.771569
76	132	1.13727
76	145	0.776414
76	151	1.15142
76	161	0.803149
76	164	1.17585
76	166	1.14448
76	167	1.15896
76	169	0.797354
76	173	1.14035
76	177	1.14299
76	178	1.1456
77	24	0.784257
77	45	1.13346
77	78	1.12843
77	93	1.15707
77	95	0.760576
77	118	0.796939
77	121	1.16034
77	125	1.20367
77	136	0.77191
77	148	0.761534
77	149	1.12007
77	150	0.758773
77	160	0.758856
77	162	1.15622
77	165	1.12728
77	171	1.1505
77	176	1.12651
77	180	1.13646
78	19	0.808511
78	38	1.23118
78	59	1.11456
78	60	0.832383
78	77	1.12843
78	82	1.1379
78	87	0.698158
78	91	0.741476
78	122	1.10916
78	128	0.776051
78	149	0.775359
78	155	0.760026
78	164	1.18427
78	167	1.16738
78	170	1.15514
78	174	1.15999
78	177	1.15141
78	179	1.06058
79	99	0.704291
79	101	0.715882
79	108	1.27072
79	117	0.658805
79	132	1.25529
79	137	1.24289
79	149	0.659699
79	152	1.26089
79	155	0.644366
79	159	0.679966
79	160	0.658466
79	161	0.668859
79	166	1.2625
79	170	1.26474
79	173	1.25838
79	174	1.26959
79	175	1.25398
79	177	1.26102
80	4	1.08947
80	20	1.02927
80	38	1.11652
80	58	0.930027
80	91	0.860465
80	98	1.0092
80	100	1.11245
80	113	1.07414
80	115	1.04326
80	154	0.869051
80	157	0.893182
80	158	1.05095
80	163	0.939976
80	167	1.05272
80	171	0.901195
80	177	1.03675
80	178	1.03936
80	179	0.945914
81	42	1.15287
81	54	1.10284
81	75	0.796888
81	91	1.16001
81	95	1.14757
81	97	1.11504
81	107	0.758848
81	114	0.742672
81	131	1.15109
81	136	1.14516
81	148	1.1492
81	149	0.761632
81	150	1.15496
81	154	1.17498
81	160	1.14628
81	162	0.771605
81	172	0.791175
81	177	0.775055
82	25	0.796037
82	44	1.14308
82	69	1.17516
82	78	1.1379
82	86	0.732634
82	128	0.765507
82	131	0.776536
82	133	1.11407
82	138	0.749722
82	139	0.781412
82	152	1.14707
82	165	1.13675
82	167	1.16316
82	170	1.15091
82	173	1.14455
82	175	1.14016
82	177	1.14719
82	180	0.790684
83	1	0.806866
83	14	0.643875
83	22	0.710434
83	32	0.780893
83	86	0.653114
83	89	1.26285
83	93	0.684749
83	99	0.729887
83	106	1.2267
83	110	1.19503
83	149	0.685295
83	153	1.22364
83	154	1.23555
83	169	1.21814
83	171	1.2185
83	176	1.19452
83	177	1.20572
83	179	1.11488
83	180	1.20446
84	64	1.22538
84	71	0.632678
84	86	0.699162
84	90	1.20645
84	96	1.21727
84	115	1.21227
84	123	0.708923
84	128	0.732035
84	145	0.713768
84	153	0.709343
84	165	1.19532
84	166	1.20724
84	167	1.22173
84	170	1.20948
84	171	0.73819
84	172	1.19599
84	173	1.20312
84	177	1.20576
84	180	0.757212
85	12	0.671251
85	21	1.19679
85	39	1.1567
85	43	0.698878
85	45	1.21777
85	47	1.22865
85	65	1.12458
85	75	1.19871
85	87	1.27427
85	93	1.24139
85	102	0.774155
85	114	1.22102
85	115	0.695714
85	124	1.21144
85	164	0.667775
85	167	0.678432
85	168	1.22868
85	176	0.706117
85	179	0.813108
86	8	0.675852
86	14	1.25618
86	40	1.22736
86	48	1.20661
86	51	1.20947
86	66	1.21682
86	73	1.19277
86	82	0.732634
86	83	0.653114
86	84	0.699162
86	124	1.20601
86	130	1.20752
86	134	1.17146
86	149	1.19896
86	166	0.706498
86	172	1.20683
86	173	0.698958
86	174	0.704272
86	179	0.834994
87	3	1.22741
87	13	1.24608
87	15	1.09555
87	27	0.712267
87	49	0.66876
87	51	1.2058
87	66	1.21316
87	73	1.1891
87	78	0.698158
87	85	1.27427
87	103	0.68405
87	105	0.805611
87	117	1.21463
87	121	1.23556
87	149	1.19529
87	165	0.673301
87	172	1.20316
87	175	0.671762
87	179	0.789974
88	16	0.683635
88	23	0.735316
88	46	1.20377
88	91	1.22269
88	95	1.21025
88	97	1.17773
88	109	1.22489
88	118	1.1701
88	131	1.21378
88	138	1.23593
88	139	1.20615
88	141	0.689627
88	152	0.706458
88	153	1.22575
88	160	1.20896
88	167	0.708491
88	172	0.739423
88	173	0.707132
88	180	0.735749
89	15	0.816877
89	28	1.14251
89	29	0.804101
89	49	1.21365
89	83	1.26285
89	98	1.19029
89	99	0.72041
89	139	0.692415
89	143	0.653792
89	144	0.670923
89	154	0.650521
89	158	1.23203
89	162	0.685791
89	164	1.25069
89	170	1.22156
89	173	1.21519
89	174	1.22641
89	177	1.21783
89	179	1.127
90	23	1.13824
90	40	0.706961
90	84	1.20645
90	97	0.812281
90	120	1.14026
90	121	0.729867
90	123	0.737549
90	143	0.737944
90	145	0.742394
90	147	1.16989
90	160	0.758736
90	164	1.19424
90	167	1.17736
90	170	1.16511
90	171	0.766816
90	173	1.15875
90	174	1.16996
90	175	1.15436
90	177	1.16139
90	178	1.16399
91	24	1.15531
91	26	0.770793
91	78	0.741476
91	80	0.860465
91	81	1.16001
91	88	1.22269
91	94	0.835588
91	95	1.17799
91	105	1.11237
91	110	1.16488
91	136	1.17558
91	148	1.17962
91	150	1.18538
91	153	1.19348
91	164	0.687959
91	167	0.698616
91	169	1.18798
91	174	0.70257
91	178	0.709097
91	179	1.08473
92	35	0.724715
92	57	0.692804
92	74	0.697066
92	94	1.07941
92	96	1.18021
92	113	1.20609
92	122	1.12644
92	136	0.790591
92	141	1.20162
92	142	0.80283
92	153	0.756771
92	154	0.753474
92	160	0.777538
92	166	1.17018
92	167	1.18467
92	170	1.17242
92	174	1.17728
92	175	1.16167
92	177	1.1687
92	178	1.17131
93	3	1.19453
93	15	1.06267
93	30	1.25686
93	51	1.17292
93	65	1.08261
93	77	1.15707
93	83	0.684749
93	85	1.24139
93	99	1.14653
93	108	0.741565
93	116	0.75644
93	117	1.18175
93	130	1.17097
93	147	0.748785
93	149	1.16241
93	161	0.742502
93	164	0.721296
93	172	1.17029
93	178	0.742433
93	179	0.866629
94	30	1.14821
94	39	1.00608
94	42	0.859515
94	46	0.843855
94	68	1.12308
94	73	1.04757
94	91	0.835588
94	92	1.07941
94	95	0.869958
94	96	1.08292
94	148	0.870916
94	149	1.05376
94	153	0.847472
94	156	1.08788
94	160	0.868238
94	170	1.07513
94	171	1.08419
94	172	1.06164
94	174	1.07998
94	180	1.07015
95	8	0.70852
95	34	1.09883
95	53	1.10567
95	56	1.12161
95	74	1.26454
95	77	0.760576
95	81	1.14757
95	88	1.21025
95	91	1.17799
95	94	0.869958
95	106	0.728956
95	123	1.18089
95	127	0.686218
95	132	0.738922
95	136	1.16314
95	150	1.17294
95	153	1.18104
95	169	1.17554
95	172	0.763918
95	175	0.74945
96	3	0.686899
96	17	1.18226
96	25	0.771979
96	51	0.714576
96	84	1.21727
96	92	1.18021
96	94	1.08292
96	104	0.82351
96	106	1.19319
96	140	0.768028
96	153	0.718758
96	164	1.20507
96	169	0.744122
96	170	1.17593
96	173	1.16957
96	175	1.16518
96	176	0.767054
96	177	1.17221
96	178	1.17482
96	179	1.08137
97	81	1.11504
97	88	1.17773
97	90	0.812281
97	100	0.751504
97	110	1.11991
97	118	1.09287
97	138	1.15869
97	148	1.13465
97	150	1.14041
97	152	0.782777
97	153	1.14852
97	154	1.16043
97	160	1.13173
97	165	0.802814
97	167	0.784811
97	168	1.13724
97	169	1.14301
97	170	0.791158
97	174	0.788764
97	178	0.795291
97	179	1.03976
98	24	0.79933
98	26	1.1316
98	27	1.11263
98	28	1.05783
98	80	1.0092
98	89	1.19029
98	115	1.13967
98	127	1.19705
98	130	0.786114
98	131	0.786884
98	140	0.802434
98	141	1.16607
98	147	1.14165
98	151	1.14158
98	153	0.753163
98	162	0.785136
98	168	1.1398
98	169	0.778527
98	170	1.13688
98	178	1.13576
98	180	0.801032
99	1	1.02008
99	32	1.07033
99	34	0.868634
99	45	1.12292
99	47	1.1338
99	51	1.12004
99	62	1.21622
99	71	1.23934
99	79	0.704291
99	83	0.729887
99	89	0.72041
99	93	1.14653
99	117	1.12887
99	121	1.14981
99	124	1.11658
99	130	1.11809
99	160	0.777247
99	169	0.781845
99	172	1.1174
99	176	0.804776
99	179	0.911767
100	2	0.688903
100	11	0.668908
100	61	0.653877
100	73	0.710278
100	80	1.11245
100	97	0.751504
100	102	1.16391
100	113	1.27379
100	115	1.24291
100	125	1.30235
100	127	1.30029
100	133	1.20328
100	143	0.677167
100	151	1.24483
100	152	1.23628
100	160	0.69796
100	163	0.744822
100	169	0.702557
100	174	1.24498
100	175	1.22937
100	179	1.14556
101	47	0.765181
101	49	0.802144
101	53	0.848813
101	67	1.1654
101	72	1.23094
101	79	0.715882
101	104	1.05286
101	119	1.10343
101	126	1.11227
101	128	1.13044
101	140	1.10717
101	157	1.14496
101	159	1.12109
101	161	1.13724
101	162	1.1399
101	166	0.794862
101	167	0.788682
101	168	0.794726
101	170	0.79503
101	171	1.13417
101	180	1.12013
102	8	1.12422
102	26	1.08666
102	73	0.839306
102	85	0.774155
102	100	1.16391
102	111	0.866336
102	114	0.809261
102	122	1.04596
102	125	1.15417
102	136	0.840042
102	142	0.852281
102	145	0.810646
102	147	1.09671
102	154	0.802925
102	166	1.0897
102	167	1.10418
102	170	1.09193
102	173	1.08557
102	174	1.09679
102	175	1.08118
102	177	1.08821
102	178	1.09082
103	35	1.22267
103	38	0.71375
103	47	0.736362
103	55	1.27324
103	87	0.68405
103	112	0.707382
103	116	1.17673
103	121	0.731149
103	142	1.15115
103	145	1.20158
103	151	0.758434
103	156	1.189
103	159	1.17222
103	161	1.18838
103	163	1.14438
103	164	0.749206
103	167	0.759863
103	168	0.765906
103	171	1.18531
103	172	1.16276
103	176	1.16132
103	180	1.17127
104	18	0.840589
104	23	0.842076
104	63	1.12758
104	96	0.82351
104	101	1.05286
104	112	0.762771
104	116	1.09637
104	118	0.85349
104	128	1.10122
104	137	0.837655
104	143	1.14525
104	145	1.12122
104	146	1.06935
104	151	0.813823
104	157	1.11573
104	159	1.09186
104	161	1.10802
104	162	1.11067
104	163	1.06402
104	171	1.10495
104	177	0.830064
104	180	1.09091
105	13	0.798473
105	20	1.09003
105	30	0.801073
105	40	0.829804
105	45	0.843646
105	56	1.05599
105	71	0.784147
105	87	0.805611
105	91	1.11237
105	121	0.852709
105	148	1.10156
105	149	0.882812
105	153	1.11543
105	154	1.12734
105	157	1.12108
105	158	1.1117
105	162	1.11601
105	163	1.06936
105	174	1.10608
105	175	1.09048
105	176	1.08631
105	180	1.09625
106	11	0.698185
106	23	1.15853
106	48	0.725989
106	52	1.18201
106	53	0.787212
106	59	1.14483
106	83	1.2267
106	95	0.728956
106	96	1.19319
106	127	1.24558
106	132	1.17596
106	133	1.14856
106	136	0.74029
106	137	1.16356
106	141	1.2146
106	143	0.706444
106	153	0.70647
106	160	0.727237
106	163	0.774098
106	166	1.18316
106	173	1.17904
106	178	1.18429
107	81	0.758848
107	111	1.17301
107	113	0.716319
107	128	1.19576
107	132	0.735651
107	140	1.17248
107	142	1.16533
107	145	1.21576
107	146	1.16389
107	151	0.728286
107	153	0.709104
107	156	1.20318
107	158	0.738108
107	159	1.1864
107	162	1.20521
107	163	1.15856
107	168	0.735759
107	171	1.19949
107	175	0.74618
107	176	1.1755
107	178	0.740196
107	180	1.18545
108	14	0.700691
108	21	0.759799
108	22	0.76725
108	36	1.24164
108	38	1.25017
108	45	0.702946
108	51	0.715929
108	56	1.12889
108	79	1.27072
108	93	0.741565
108	121	0.712009
108	124	0.755183
108	129	1.17507
108	134	1.12526
108	136	1.17042
108	149	0.742111
108	160	1.17153
108	162	1.18891
108	163	1.14225
108	169	1.18282
108	171	1.18318
108	180	1.16914
109	42	1.18549
109	46	1.1737
109	50	0.742985
109	61	1.2461
109	88	1.22489
109	133	0.752265
109	135	1.19494
109	136	1.17777
109	139	1.17607
109	142	0.736264
109	148	1.18181
109	150	1.18757
109	153	1.19568
109	156	0.724963
109	160	1.17889
109	165	0.728819
109	166	0.716996
109	169	1.19017
109	171	0.719052
109	172	0.741748
109	179	1.08692
109	180	0.738074
110	18	0.760431
110	19	1.11643
110	26	0.807269
110	52	0.769085
110	53	1.09256
110	74	1.25143
110	76	0.796583
110	83	1.19503
110	91	1.16488
110	97	1.11991
110	111	0.774596
110	118	1.11229
110	129	1.15468
110	138	1.17811
110	144	1.1766
110	150	1.15983
110	151	0.733664
110	152	0.73306
110	168	1.15666
110	169	1.16243
110	172	0.766025
110	179	1.05918
110	180	0.762351
111	43	0.791059
111	71	0.673338
111	102	0.866336
111	107	1.17301
111	110	0.774596
111	112	0.718133
111	119	1.12904
111	126	1.13788
111	128	1.15606
111	135	0.758319
111	145	1.17606
111	146	1.12419
111	156	1.16347
111	157	1.17057
111	159	1.1467
111	160	0.77077
111	161	1.16286
111	163	1.11885
111	169	0.775367
111	171	1.15978
111	174	0.774568
111	176	1.1358
111	180	1.14574
112	2	0.669729
112	50	1.20673
112	65	0.811734
112	103	0.707382
112	104	0.762771
112	111	0.718133
112	122	1.15929
112	130	0.69097
112	137	1.18342
112	140	0.707289
112	146	0.736683
112	158	1.21574
112	164	1.2344
112	165	1.19111
112	166	1.20303
112	169	0.683383
112	170	1.20527
112	172	1.19177
112	173	1.19891
112	174	1.21012
112	175	1.19451
112	177	1.20155
112	178	1.20415
112	180	0.705888
113	63	0.71978
113	64	1.21771
113	80	1.07414
113	92	1.20609
113	100	1.27379
113	107	0.716319
113	116	0.742201
113	123	0.696683
113	130	0.730054
113	135	1.21527
113	139	0.735699
113	147	1.20659
113	148	0.720548
113	151	1.20652
113	152	1.19797
113	153	0.697103
113	154	0.693806
113	158	1.21228
113	159	0.73937
113	165	1.18765
113	170	1.20181
113	173	1.19545
113	174	1.20666
113	177	1.19809
114	15	1.0423
114	21	1.13444
114	30	1.23649
114	48	1.14969
114	51	1.15255
114	62	1.24873
114	65	1.06224
114	70	0.72512
114	71	1.27185
114	81	0.742672
114	85	1.22102
114	102	0.809261
114	115	0.730821
114	120	0.757496
114	121	1.18232
114	124	1.1491
114	132	0.719475
114	135	1.17687
114	138	0.699835
114	149	1.14204
114	155	1.18044
114	165	0.731542
114	172	1.14992
114	179	0.848215
114	180	0.740797
115	19	0.782933
115	27	1.14669
115	35	0.695725
115	60	0.806805
115	76	1.1495
115	80	1.04326
115	84	1.21227
115	85	0.695714
115	98	1.13967
115	100	1.24291
115	114	0.730821
115	139	0.766377
115	141	1.20013
115	142	0.77384
115	151	1.17564
115	154	0.724484
115	157	0.748615
115	158	1.18141
115	159	0.770048
115	170	1.17093
115	173	1.16457
115	174	1.17579
115	175	1.16018
115	177	1.16721
115	178	1.16982
116	35	1.21505
116	58	1.13059
116	64	0.729243
116	93	0.75644
116	103	1.17673
116	104	1.09637
116	113	0.742201
116	126	1.15578
116	127	0.70883
116	131	0.768708
116	142	1.14353
116	143	1.21799
116	151	0.754168
116	155	1.18566
116	156	1.18138
116	159	1.1646
116	161	1.18076
116	162	1.18341
116	163	1.13676
116	164	0.74494
116	171	1.17769
116	174	0.759551
116	175	0.772062
116	176	1.1537
116	177	0.770409
117	1	1.0553
117	13	1.19554
117	14	1.20197
117	16	1.2087
117	22	1.15531
117	32	1.10554
117	38	0.685493
117	45	1.15814
117	71	1.27455
117	79	0.658805
117	87	1.21463
117	93	1.18175
117	99	1.12887
117	120	0.775563
117	122	0.814829
117	130	1.1533
117	137	0.754008
117	147	0.748438
117	149	1.14475
117	168	1.16904
117	172	1.15262
117	173	0.730245
117	174	0.735559
117	178	0.742086
117	179	0.866281
118	6	1.18694
118	24	1.10272
118	33	1.19451
118	46	1.11891
118	62	0.715982
118	77	0.796939
118	88	1.1701
118	97	1.09287
118	104	0.85349
118	110	1.11229
118	125	0.733613
118	131	1.12892
118	135	1.14015
118	138	1.15107
118	139	1.12129
118	147	0.786181
118	148	1.12703
118	153	1.14089
118	154	1.15281
118	159	0.791004
118	160	1.12411
118	169	1.13539
118	170	0.775696
118	172	0.800281
118	173	0.767989
118	175	0.785813
119	9	0.746764
119	33	0.741719
119	69	0.776409
119	101	1.10343
119	111	1.12904
119	126	1.13362
119	128	1.15179
119	135	0.778953
119	138	0.777544
119	140	1.12851
119	143	1.19583
119	145	1.17179
119	146	1.11992
119	151	0.789819
119	152	0.789215
119	156	1.15921
119	157	1.16631
119	159	1.14243
119	161	1.15859
119	163	1.11459
119	168	0.797292
119	175	0.807712
119	176	1.13154
119	178	0.801728
119	179	1.0519
119	180	1.14148
120	18	1.13116
120	25	0.807678
120	43	0.795513
120	49	1.13539
120	66	0.737723
120	90	1.14026
120	114	0.757496
120	117	0.775563
120	122	1.09731
120	128	0.777149
120	132	1.13385
120	133	1.10645
120	137	1.12145
120	141	1.17249
120	143	0.754431
120	147	1.14807
120	164	1.17243
120	165	1.12914
120	166	1.14106
120	167	1.15554
120	170	1.14329
120	171	0.783304
120	175	1.13254
120	176	0.802753
120	177	1.13957
120	180	0.802326
121	1	1.07623
121	5	0.693859
121	14	1.2229
121	22	1.17625
121	32	1.12648
121	39	1.118
121	48	1.17333
121	55	0.652534
121	57	1.28133
121	69	0.687558
121	71	1.29549
121	77	1.16034
121	87	1.23556
121	90	0.729867
121	99	1.14981
121	103	0.731149
121	105	0.852709
121	108	0.712009
121	114	1.18232
121	124	1.17274
121	146	0.76045
121	149	1.16568
121	168	1.18998
121	172	1.17356
121	176	0.730082
121	178	0.712877
121	179	0.837073
122	12	1.16285
122	34	1.05415
122	46	0.790107
122	47	1.12506
122	52	1.11877
122	55	0.764471
122	78	1.10916
122	92	1.12644
122	102	1.04596
122	112	1.15929
122	117	0.814829
122	120	1.09731
122	124	0.828795
122	130	0.826674
122	143	0.793697
122	147	1.12694
122	149	0.815723
122	150	0.814406
122	155	0.80039
122	158	1.13264
122	166	1.11993
122	167	1.13441
122	174	1.12702
122	175	1.11141
122	176	0.842019
122	178	1.12105
122	179	1.02761
123	19	1.14489
123	29	0.839751
123	42	1.1862
123	46	1.17441
123	53	1.12101
123	61	1.24682
123	64	0.683725
123	75	0.746724
123	76	0.771569
123	84	0.708923
123	90	0.737549
123	95	1.18089
123	113	0.696683
123	129	1.18314
123	134	1.13332
123	138	1.20657
123	139	1.17678
123	148	1.18252
123	150	1.18828
123	153	1.19639
123	154	1.2083
123	158	0.718472
123	159	0.731735
123	160	1.1796
123	169	1.19088
123	172	0.741011
123	175	0.726544
124	9	1.182
124	12	0.738389
124	13	1.18325
124	32	1.09326
124	40	1.16087
124	45	1.14585
124	66	1.15033
124	69	0.730732
124	75	1.12678
124	85	1.21144
124	86	1.20601
124	99	1.11658
124	108	0.755183
124	114	1.1491
124	121	1.17274
124	122	0.828795
124	134	1.10496
124	135	1.16729
124	143	0.724934
124	144	0.742065
124	149	1.13246
124	160	0.745727
124	166	0.751751
124	168	1.15675
124	172	1.14034
124	173	0.744211
124	177	0.760383
124	179	0.880247
125	32	0.792361
125	66	0.658029
125	71	0.598098
125	77	1.20367
125	100	1.30235
125	102	1.15417
125	118	0.733613
125	132	1.22093
125	137	1.20853
125	138	0.68167
125	144	0.691868
125	145	0.679188
125	147	1.23515
125	151	1.23508
125	152	1.22653
125	155	0.681431
125	156	0.709522
125	163	0.742392
125	165	1.21622
125	166	1.22814
125	168	1.2333
125	169	0.700128
125	170	1.23038
125	173	1.22402
125	174	1.23523
125	175	1.21962
125	176	0.723059
125	177	1.22666
126	23	0.776453
126	28	0.853019
126	38	0.703515
126	50	0.781797
126	68	1.20325
126	101	1.11227
126	111	1.13788
126	116	1.15578
126	119	1.13362
126	134	0.798523
126	140	1.13735
126	141	0.730764
126	145	1.18063
126	146	1.12876
126	156	1.16805
126	157	1.17515
126	159	1.15127
126	160	0.749784
126	161	1.16743
126	162	1.17008
126	163	1.12343
126	167	0.749628
126	168	0.755672
126	171	1.16436
126	173	0.748268
126	176	1.14037
126	178	0.760109
126	180	1.15032
127	55	0.63448
127	65	0.817447
127	72	0.642491
127	95	0.686218
127	98	1.19705
127	100	1.30029
127	106	1.24558
127	116	0.70883
127	133	1.19148
127	137	1.20647
127	141	1.25751
127	146	0.742396
127	147	1.23309
127	148	0.687176
127	150	0.684415
127	152	1.22447
127	158	1.23879
127	162	0.695704
127	164	1.25745
127	165	1.21416
127	169	0.689096
127	171	0.692579
127	173	1.22196
127	174	1.23317
127	175	1.21756
127	178	1.2272
127	179	1.13376
127	180	0.711601
128	10	1.20188
128	35	1.21989
128	70	1.14334
128	78	0.776051
128	82	0.765507
128	84	0.732035
128	101	1.13044
128	104	1.10122
128	107	1.19576
128	111	1.15606
128	119	1.15179
128	120	0.777149
128	134	0.782086
128	142	1.14837
128	145	1.19881
128	147	0.750024
128	151	0.731762
128	152	0.731158
128	156	1.18622
128	159	1.16945
128	161	1.18561
128	163	1.1416
128	166	0.739371
128	168	0.739235
128	171	1.18253
128	172	1.15998
128	174	0.737145
128	175	0.749656
128	176	1.15855
128	180	1.16849
129	2	0.732639
129	4	0.714897
129	27	0.798508
129	43	1.16321
129	49	0.755002
129	53	1.10791
129	56	1.12385
129	70	1.13895
129	108	1.17507
129	110	1.15468
129	123	1.18314
129	131	1.17131
129	132	0.747476
129	136	1.16539
129	138	1.19347
129	139	1.16368
129	144	1.19195
129	148	1.16942
129	150	1.17518
129	152	0.739506
129	153	1.18329
129	154	1.1952
129	160	1.1665
129	164	0.730883
129	165	0.759543
129	169	1.17778
129	170	0.747887
129	172	0.772472
129	173	0.74018
129	176	0.769224
130	23	0.770275
130	27	0.800419
130	38	0.697338
130	57	1.24961
130	86	1.20752
130	93	1.17097
130	98	0.786114
130	99	1.11809
130	112	0.69097
130	113	0.730054
130	117	1.1533
130	122	0.826674
130	131	1.15756
130	138	1.17971
130	141	0.724586
130	144	1.1782
130	148	1.15567
130	150	1.16143
130	154	1.18145
130	156	1.16808
130	159	1.15131
130	162	1.17012
130	164	0.732794
130	167	0.74345
130	170	0.749798
130	171	1.16439
130	172	1.14184
130	176	1.14041
130	178	0.753931
130	180	1.15035
131	16	0.719364
131	17	0.723282
131	33	1.23819
131	47	1.17327
131	50	0.77639
131	54	1.12435
131	55	0.694357
131	65	1.0692
131	74	1.26806
131	81	1.15109
131	82	0.776536
131	88	1.21378
131	98	0.786884
131	116	0.768708
131	118	1.12892
131	129	1.17131
131	130	1.15756
131	136	1.16666
131	138	1.19474
131	139	1.16496
131	148	1.1707
131	152	0.742187
131	153	1.18457
131	160	1.16778
131	166	0.750401
131	169	1.17906
131	170	0.750568
131	172	0.775153
131	173	0.742861
131	179	1.07581
132	5	1.1979
132	7	0.725992
132	44	1.15087
132	49	1.1508
132	54	0.804936
132	69	1.18295
132	76	1.13727
132	79	1.25529
132	95	0.738922
132	106	1.17596
132	107	0.735651
132	114	0.719475
132	120	1.13385
132	125	1.22093
132	129	0.747476
132	133	1.12186
132	142	0.762495
132	147	1.16348
132	150	0.737118
132	151	1.16341
132	156	0.751194
132	159	0.758702
132	161	0.747595
132	165	1.14454
132	166	1.15646
132	167	1.17095
132	173	1.15234
132	174	1.16355
132	178	1.15759
132	180	0.764304
133	14	0.732529
133	18	1.11917
133	19	0.8071
133	38	1.20735
133	51	0.747767
133	68	0.76066
133	82	1.11407
133	100	1.20328
133	106	1.14856
133	109	0.752265
133	120	1.10645
133	127	1.19148
133	132	1.12186
133	135	1.14476
133	140	0.801219
133	145	0.756374
133	147	1.13608
133	151	1.13601
133	155	0.758616
133	158	1.14178
133	160	0.772716
133	161	0.783109
133	163	0.819577
133	164	1.16043
133	166	1.12906
133	167	1.14355
133	172	1.11781
133	175	1.12055
133	176	0.800245
133	177	1.12758
133	178	1.13019
134	22	1.10847
134	31	0.880234
134	35	0.727338
134	40	1.12632
134	51	1.10842
134	75	1.09223
134	86	1.17146
134	108	1.12526
134	123	1.13332
134	124	1.10496
134	126	0.798523
134	128	0.782086
134	136	1.11557
134	137	1.09743
134	144	1.14214
134	145	0.763819
134	146	0.838058
134	149	1.09791
134	150	1.12537
134	153	1.13348
134	156	0.794153
134	157	0.780228
134	158	1.12975
134	159	0.801661
134	161	0.790554
134	163	0.827023
134	165	1.10512
134	166	1.11704
134	168	1.1222
134	169	1.12797
134	177	1.11556
134	180	0.807263
135	25	0.751425
135	39	1.11255
135	44	1.17377
135	48	1.16788
135	51	1.17074
135	63	0.720881
135	72	0.676963
135	74	1.27929
135	109	1.19494
135	111	0.758319
135	113	1.21527
135	114	1.17687
135	118	1.14015
135	119	0.778953
135	124	1.16729
135	133	1.14476
135	140	0.747474
135	143	0.698178
135	144	1.20446
135	146	0.776868
135	149	1.16023
135	154	1.20771
135	157	0.719038
135	159	0.74047
135	160	1.17901
135	162	0.730176
135	165	1.16744
135	168	1.18453
135	173	1.17524
135	176	0.7465
135	177	1.17788
135	180	0.746073
136	19	1.12713
136	24	1.14046
136	34	1.09642
136	38	0.698207
136	46	1.15666
136	54	1.11842
136	56	1.1192
136	73	0.756793
136	77	0.77191
136	81	1.14516
136	91	1.17558
136	92	0.790591
136	95	1.16314
136	102	0.840042
136	106	0.74029
136	108	1.17042
136	109	1.17777
136	129	1.16539
136	131	1.16666
136	134	1.11557
136	141	0.725455
136	144	1.1873
136	150	1.17053
136	153	1.17864
136	154	1.19055
136	160	1.16185
136	163	0.791337
136	165	0.762323
136	166	0.7505
136	169	1.17313
136	172	0.775252
136	173	0.74296
136	175	0.760784
137	5	1.1855
137	15	0.895961
137	33	0.703984
137	50	1.14776
137	55	0.70365
137	57	0.668935
137	60	0.811926
137	61	0.709586
137	64	1.1622
137	79	1.24289
137	104	0.837655
137	106	1.16356
137	112	1.18342
137	117	0.754008
137	120	1.12145
137	125	1.20853
137	127	1.20647
137	134	1.09743
137	139	0.771498
137	151	1.15101
137	157	0.753736
137	158	1.15677
137	161	0.764062
137	164	1.17543
137	165	1.13214
137	166	1.14406
137	169	0.758266
137	170	1.1463
137	171	0.761749
137	175	1.13555
137	177	1.14258
137	178	1.14518
137	179	1.05174
138	9	1.22068
138	11	1.19902
138	16	0.69255
138	19	1.15521
138	41	1.17397
138	42	1.19653
138	50	0.749575
138	53	1.13134
138	75	0.754051
138	82	0.749722
138	88	1.23593
138	97	1.15869
138	110	1.17811
138	114	0.699835
138	118	1.15107
138	119	0.777544
138	123	1.20657
138	125	0.68167
138	129	1.19347
138	130	1.17971
138	131	1.19474
138	141	0.698542
138	142	0.742855
138	144	1.21538
138	147	0.734239
138	148	1.19285
138	150	1.19861
138	154	1.21863
138	155	1.20955
138	160	1.18993
138	164	0.706749
138	170	0.723754
138	172	0.748338
138	176	0.745091
139	6	1.22299
139	16	0.724239
139	42	1.16675
139	54	1.11671
139	58	0.786164
139	61	1.22736
139	62	0.695729
139	64	0.722741
139	65	1.06157
139	70	1.1326
139	74	1.26043
139	82	0.781412
139	88	1.20615
139	89	0.692415
139	109	1.17607
139	113	0.735699
139	115	0.766377
139	118	1.12129
139	123	1.17678
139	129	1.16368
139	131	1.16496
139	137	0.771498
139	140	0.777755
139	144	1.1856
139	148	1.16307
139	149	0.750484
139	150	1.16883
139	153	1.17693
139	154	1.18885
139	155	1.17977
139	165	0.767099
