1	51	0.708241
1	103	0.653344
1	104	1.16083
1	105	1.24079
1	117	1.22676
1	130	0.704734
1	141	0.752424
1	147	0.774991
1	156	1.20837
1	176	1.19277
1	177	1.18535
1	179	1.18577
2	99	1.19841
2	100	1.21026
2	108	0.749309
2	113	1.24677
2	123	0.743866
2	124	1.18943
2	136	1.18335
2	141	1.2067
2	147	1.16565
2	170	0.657348
2	172	0.717958
2	178	0.737884
3	17	1.0709
3	21	1.17097
3	49	1.28863
3	68	1.19037
3	77	1.14614
3	85	1.20986
3	158	1.0833
3	159	0.571177
3	169	0.602253
3	175	0.658097
3	178	0.689198
3	180	1.32324
4	8	1.20291
4	69	1.28141
4	82	1.17352
4	93	1.23411
4	104	1.12931
4	111	1.1837
4	117	1.19524
4	142	0.7459
4	145	0.730051
4	170	0.659735
4	172	0.720344
4	177	0.750607
5	95	0.690951
5	99	1.19463
5	104	0.752032
5	109	1.19659
5	124	1.18565
5	143	0.728615
5	154	0.691045
5	156	0.730578
5	177	1.1744
5	178	1.16463
5	179	1.17482
5	180	1.31016
6	8	1.22562
6	27	0.91413
6	42	1.10027
6	73	1.24097
6	93	1.25682
6	104	1.15203
6	111	1.20641
6	117	1.21796
6	162	0.548363
6	164	0.558576
6	174	0.635265
6	180	0.945387
7	17	1.0709
7	21	1.17097
7	49	1.28863
7	68	1.19037
7	77	1.14614
7	85	1.20986
7	133	0.712149
7	142	0.742697
7	148	0.704961
7	173	0.718475
7	179	0.728278
7	180	1.32324
8	4	1.20291
8	6	1.22562
8	39	0.710475
8	42	1.09844
8	69	1.30229
8	104	1.15019
8	111	1.20458
8	115	0.826072
8	117	1.21612
8	145	0.740288
8	164	0.666223
8	169	0.663562
9	40	0.924494
9	48	0.898451
9	56	0.906119
9	83	0.990732
9	87	0.86539
9	140	1.0438
9	141	1.08163
9	147	1.04058
9	154	1.07991
9	172	1.05715
9	177	1.05311
9	179	1.05353
10	99	0.751743
10	101	0.67598
10	152	0.726049
10	154	0.700082
10	156	0.739616
10	171	1.21741
10	172	1.1979
10	175	1.21203
10	176	1.20128
10	177	1.19386
10	178	1.18408
10	179	1.19428
11	50	1.16916
11	88	1.1714
11	99	1.21702
11	113	1.26538
11	136	1.20196
11	145	1.19065
11	147	1.18426
11	165	0.704752
11	166	0.667581
11	168	0.706664
11	173	0.75443
11	178	0.773022
12	66	1.13034
12	92	1.17174
12	97	1.19362
12	103	1.24746
12	109	1.16938
12	112	1.20484
12	146	0.733189
12	161	0.67457
12	170	0.683765
12	176	0.750576
12	178	0.764301
12	180	1.28294
13	28	0.944904
13	135	1.05809
13	139	0.85276
13	140	1.02124
13	151	1.05853
13	152	1.05846
13	154	1.05735
13	155	1.0248
13	156	1.05356
13	158	1.06813
13	174	0.906799
13	176	0.900669
14	52	0.98961
14	79	0.867603
14	98	1.07227
14	102	1.05304
14	110	1.07285
14	119	1.07622
14	121	1.09313
14	122	1.00351
14	158	1.22469
14	164	0.746299
14	168	0.764224
14	173	1.03951
15	67	1.00169
15	96	1.07555
15	102	1.03816
15	110	1.05797
15	118	1.06253
15	119	1.06134
15	121	1.07825
15	159	0.820442
15	171	0.916515
15	173	1.02463
15	178	0.938463
15	179	0.929674
16	38	1.11733
16	70	1.20101
16	130	1.26135
16	136	1.19803
16	141	1.22138
16	142	1.2207
16	144	0.748362
16	147	1.18032
16	166	0.658885
16	168	0.697968
16	173	0.745734
16	179	0.755537
17	3	1.0709
17	7	1.0709
17	21	0.992534
17	49	1.11019
17	68	1.01193
17	77	0.967698
17	85	1.03143
17	163	0.878456
17	169	0.857571
17	172	0.92459
17	178	0.944516
17	180	1.1448
18	26	0.830817
18	106	0.740821
18	117	0.76168
18	143	0.785623
18	152	0.77402
18	171	1.15386
18	172	1.13435
18	174	1.14494
18	175	1.14848
18	176	1.13773
18	177	1.13031
18	178	1.12053
18	179	1.13073
19	117	0.669687
19	127	0.695224
19	130	0.613024
19	136	0.640195
19	151	0.657223
19	158	0.617271
19	172	1.29918
19	174	1.30977
19	175	1.31331
19	176	1.30256
19	177	1.29514
19	178	1.28537
19	179	1.29556
20	67	1.26823
20	98	1.32393
20	102	1.3047
20	118	1.32907
20	119	1.32788
20	122	1.25517
20	160	0.64815
20	162	0.591185
20	165	0.617411
20	173	1.29117
20	174	0.678087
20	177	0.696017
20	179	0.676892
21	3	1.17097
21	7	1.17097
21	17	0.992534
21	49	1.21027
21	65	0.769699
21	68	1.11201
21	77	1.06777
21	85	1.1315
21	128	0.776325
21	173	0.775636
21	176	0.780504
21	177	0.804565
21	180	1.24488
22	53	1.04608
22	69	1.22977
22	73	1.16662
22	79	0.841292
22	82	1.12188
22	93	1.18247
22	104	1.07768
22	111	1.13206
22	117	1.14361
22	167	0.757961
22	169	0.717326
22	173	0.78568
22	178	0.804271
23	66	1.06891
23	80	1.1298
23	83	0.88776
23	92	1.11032
23	97	1.13219
23	103	1.18604
23	109	1.10795
23	112	1.14341
23	164	0.718525
23	169	0.715864
23	174	0.795215
23	176	0.789085
23	180	1.22152
24	59	0.6485
24	75	0.568145
24	90	0.725203
24	98	0.642947
24	99	0.664407
24	132	0.642264
24	172	1.29918
24	174	1.30977
24	175	1.31331
24	176	1.30256
24	177	1.29514
24	178	1.28537
24	179	1.29556
25	101	1.14522
25	108	0.813772
25	115	1.09887
25	120	0.82643
25	137	1.13127
25	149	0.777873
25	151	1.15419
25	152	1.15411
25	155	1.12045
25	156	1.14921
25	162	0.70785
25	171	0.780398
25	173	1.14631
26	18	0.830817
26	88	1.10259
26	99	1.14821
26	100	1.16006
26	124	1.13923
26	127	1.1453
26	136	1.13315
26	141	1.1565
26	147	1.11545
26	163	0.76933
26	166	0.729949
26	169	0.748445
26	179	0.826601
27	6	0.91413
27	38	1.21844
27	72	0.64784
27	113	1.36256
27	115	0.666568
27	124	1.30521
27	127	1.31128
27	128	0.5731
27	136	1.29913
27	141	1.32248
27	147	1.28143
27	165	0.522733
27	179	0.582214
28	13	0.944904
28	103	0.688711
28	127	0.822301
28	140	0.786883
28	171	1.15386
28	172	1.13435
28	174	1.14494
28	175	1.14848
28	176	1.13773
28	177	1.13031
28	178	1.12053
28	179	1.13073
28	180	0.652771
29	42	1.04692
29	53	1.06707
29	55	1.22357
29	82	1.14287
29	83	0.872083
29	93	1.20346
29	104	1.09867
29	111	1.15306
29	117	1.1646
29	126	0.73675
29	133	0.762214
29	174	0.779538
29	175	0.756031
30	80	1.28252
30	92	1.26304
30	97	1.28491
30	103	1.33876
30	109	1.26067
30	112	1.29613
30	146	0.660244
30	165	0.623086
30	170	0.610821
30	171	0.669408
30	174	0.683762
30	175	0.660255
30	180	1.37424
31	48	1.18491
31	51	1.31244
31	57	1.1707
31	59	1.25446
31	60	1.12692
31	61	1.24848
31	83	0.82868
31	158	1.24621
31	159	0.625708
31	160	1.25557
31	165	0.675459
31	168	0.67737
31	169	0.656784
31	178	0.743729
32	54	0.745312
32	72	0.763145
32	125	0.71466
32	126	0.655927
32	138	1.23989
32	140	1.19776
32	143	1.22717
32	151	1.23505
32	152	1.23498
32	154	1.23386
32	155	1.20132
32	156	1.23008
32	160	0.668777
32	167	0.659998
33	56	1.14734
33	75	1.30291
33	81	1.21264
33	86	1.30292
33	87	1.17027
33	89	1.17738
33	94	1.09867
33	95	1.24869
33	108	0.671245
33	142	0.66545
33	153	0.616417
33	157	0.561788
33	158	1.23797
33	165	0.59155
34	56	1.14734
34	75	1.30291
34	81	1.21264
34	84	0.665027
34	86	1.30292
34	87	1.17027
34	89	1.17738
34	95	1.24869
34	115	0.724589
34	158	1.23797
34	168	0.582665
34	174	0.64143
34	179	0.640235
34	180	0.951552
35	71	1.08811
35	113	1.26682
35	115	0.721632
35	124	1.20948
35	127	1.21555
35	130	1.26672
35	136	1.2034
35	141	1.22675
35	142	1.22607
35	147	1.18569
35	163	0.580007
35	169	0.559122
35	171	0.624119
35	176	0.632342
36	56	1.14734
36	75	1.30291
36	81	1.21264
36	86	1.30292
36	87	1.17027
36	89	1.17738
36	91	0.653971
36	95	1.24869
36	145	0.729883
36	148	0.707996
36	158	1.23797
36	162	0.645605
36	172	0.720176
36	177	0.750438
37	53	1.13699
37	55	1.29349
37	73	1.25754
37	82	1.21279
37	93	1.27339
37	104	1.16859
37	111	1.22298
37	117	1.23452
37	134	0.721971
37	160	0.70456
37	162	0.647595
37	164	0.657807
37	173	0.723499
37	177	0.752428
38	16	1.11733
38	27	1.21844
38	62	0.99507
38	100	1.08218
38	107	0.865092
38	130	1.11861
38	136	1.05528
38	141	1.07863
38	146	0.822287
38	147	1.03758
38	160	1.09705
38	173	0.834806
38	176	0.839674
38	179	0.844609
39	8	0.710475
39	44	0.740873
39	87	1.16606
39	93	0.691358
39	95	1.24447
39	109	1.21836
39	112	1.25382
39	121	0.651678
39	131	0.682168
39	141	0.717247
39	176	1.20359
39	178	1.1864
39	179	1.19659
39	180	1.33193
40	9	0.924494
40	64	1.1167
40	66	1.01681
40	80	1.0777
40	92	1.05821
40	97	1.08009
40	103	1.13393
40	109	1.05585
40	112	1.09131
40	142	0.858624
40	160	0.815463
40	165	0.784724
40	175	0.821893
40	180	1.16942
41	96	1.11511
41	98	1.09694
41	102	1.07772
41	110	1.09753
41	118	1.10209
41	119	1.10089
41	121	1.11781
41	122	1.02818
41	128	0.893994
41	159	0.793877
41	166	0.806456
41	170	0.831362
41	173	1.06418
41	175	0.880796
42	6	1.10027
42	8	1.09844
42	29	1.04692
42	69	1.17694
42	73	1.11379
42	82	1.06905
42	101	1.19694
42	104	1.02485
42	111	1.07923
42	117	1.09077
42	149	0.763677
42	170	0.707615
42	171	0.766202
42	173	0.769559
43	129	1.20246
43	133	0.747021
43	137	1.14835
43	138	1.1761
43	143	1.16338
43	148	0.739833
43	151	1.17126
43	152	1.17119
43	153	0.728536
43	155	1.13753
43	156	1.16629
43	172	0.752013
43	173	1.16338
43	176	0.758214
43	177	0.782275
44	39	0.740873
44	96	1.19289
44	98	1.17472
44	102	1.15549
44	110	1.1753
44	118	1.17986
44	119	1.17867
44	121	1.19558
44	122	1.10596
44	160	0.743374
44	170	0.700369
44	173	1.14196
44	175	0.749804
44	177	0.791241
44	178	0.780905
45	94	1.14098
45	100	1.1508
45	125	0.738785
45	135	1.16653
45	140	1.12968
45	143	1.1591
45	151	1.16698
45	152	1.1669
45	155	1.13324
45	156	1.162
45	163	0.664373
45	165	0.662163
45	166	0.624992
45	168	0.664075
45	180	1.27474
46	83	1.0933
46	88	1.13029
46	111	1.10429
46	113	1.22427
46	124	1.16693
46	127	1.173
46	130	1.22418
46	136	1.16085
46	141	1.1842
46	147	1.14315
46	161	0.636757
46	164	0.642204
46	173	0.707896
46	174	0.718894
46	175	0.695387
47	129	1.1993
47	132	1.16706
47	138	1.17293
47	143	1.16022
47	145	0.801242
47	149	0.786987
47	151	1.1681
47	152	1.16802
47	153	0.768058
47	154	1.16691
47	155	1.13436
47	156	1.16312
47	159	0.69344
47	164	0.727177
47	170	0.730925
48	9	0.898451
48	31	1.18491
48	57	1.064
48	59	1.14776
48	60	1.02022
48	61	1.14178
48	63	1.14541
48	120	1.07753
48	142	1.12977
48	158	1.13951
48	160	1.14886
48	162	0.732454
48	163	0.76089
48	167	0.78064
48	172	0.807024
48	178	0.82695
49	3	1.28863
49	7	1.28863
49	17	1.11019
49	21	1.21027
49	68	1.22966
49	72	0.790215
49	77	1.18543
49	85	1.24916
49	126	1.27652
49	149	0.708904
49	157	0.635346
49	161	0.643647
49	164	0.649094
49	168	0.66702
49	173	0.714786
49	180	1.36253
50	11	1.16916
50	62	1.04297
50	70	1.10617
50	99	1.11823
50	108	0.686705
50	113	1.1666
50	127	1.11533
50	130	1.1665
50	136	1.10318
50	141	1.12653
50	146	0.644168
50	147	1.08547
50	154	1.10817
50	155	1.13849
50	159	0.557259
50	174	0.667686
51	1	0.708241
51	31	1.31244
51	57	1.19153
51	60	1.14775
51	61	1.26931
51	63	1.27294
51	120	1.20506
51	142	1.2573
51	153	0.669694
51	158	1.26704
51	160	1.27639
51	162	0.6186
51	173	0.694505
51	176	0.699372
51	178	0.713096
51	179	0.704307
52	14	0.98961
52	67	1.09302
52	96	1.16689
52	102	1.12949
52	110	1.1493
52	118	1.15386
52	119	1.15267
52	121	1.16958
52	122	1.07996
52	139	0.759601
52	150	0.79738
52	171	0.799286
52	173	1.11596
52	176	0.80751
52	177	0.831571
52	179	0.812445
53	22	1.04608
53	29	1.06707
53	37	1.13699
53	55	1.16989
53	69	1.19709
53	73	1.13394
53	82	1.0892
53	93	1.14979
53	111	1.09938
53	117	1.11093
53	149	0.825935
53	161	0.760678
53	166	0.744967
53	167	0.804098
53	172	0.830483
53	179	0.841619
54	32	0.745312
54	57	0.903574
54	66	0.846656
54	71	0.800782
54	89	1.08771
54	95	1.15901
54	114	0.836398
54	127	1.12803
54	141	1.13923
54	147	1.09818
54	158	1.1483
54	176	1.11814
54	177	1.11071
54	178	1.10094
54	179	1.11113
54	180	0.661264
55	29	1.22357
55	37	1.29349
55	53	1.16989
55	73	1.29044
55	90	1.19145
55	93	1.30629
55	104	1.2015
55	105	1.05683
55	111	1.25588
55	117	1.26743
55	149	0.633509
55	153	0.61458
55	167	0.611672
55	170	0.577447
55	176	0.644258
55	177	0.668319
56	9	0.906119
56	33	1.14734
56	34	1.14734
56	36	1.14734
56	75	1.17511
56	81	1.08484
56	86	1.17513
56	87	1.04248
56	89	1.04959
56	95	1.12089
56	150	0.810764
56	157	0.736586
56	158	1.11017
56	163	0.768558
56	168	0.76826
56	173	0.816027
57	31	1.1707
57	48	1.064
57	51	1.19153
57	54	0.903574
57	59	1.13355
57	60	1.00601
57	61	1.12757
57	63	1.1312
57	142	1.11556
57	158	1.1253
57	160	1.13465
57	161	0.774839
57	162	0.770074
57	165	0.7963
57	169	0.777625
57	170	0.784035
58	101	1.12604
58	107	0.843383
58	114	1.1022
58	135	1.13457
58	137	1.1121
58	140	1.09772
58	143	1.12713
58	151	1.13501
58	154	1.13382
58	155	1.10128
58	156	1.13004
58	164	0.747405
58	167	0.785379
58	168	0.765331
58	174	0.824095
58	177	0.842026
59	24	0.6485
59	31	1.25446
59	48	1.14776
59	57	1.13355
59	60	1.08977
59	61	1.21132
59	63	1.21496
59	126	1.22122
59	134	0.768259
59	142	1.19931
59	158	1.20905
59	160	1.21841
59	163	0.722319
59	164	0.704095
59	165	0.720109
59	173	0.769787
59	176	0.774655
60	31	1.12692
60	48	1.02022
60	51	1.14775
60	57	1.00601
60	59	1.08977
60	61	1.08379
60	63	1.08742
60	126	1.09368
60	128	0.874864
60	139	0.831134
60	142	1.07178
60	150	0.868913
60	158	1.08152
60	160	1.09087
60	166	0.787326
60	175	0.861666
60	179	0.883978
61	31	1.24848
61	48	1.14178
61	51	1.26931
61	57	1.12757
61	59	1.21132
61	60	1.08379
61	62	1.17631
61	63	1.20897
61	134	0.65434
61	142	1.19333
61	144	0.658496
61	148	0.642355
61	158	1.20307
61	160	1.21243
61	171	0.652512
61	173	0.655869
61	174	0.666866
62	38	0.99507
62	50	1.04297
62	61	1.17631
62	70	1.07875
62	100	1.10267
62	113	1.13919
62	124	1.08184
62	126	0.771201
62	127	1.08792
62	130	1.13909
62	136	1.07577
62	141	1.09911
62	147	1.05806
62	149	0.797109
62	164	0.737299
62	173	0.802991
62	178	0.821583
63	48	1.14541
63	51	1.27294
63	57	1.1312
63	59	1.21496
63	60	1.08742
63	61	1.20897
63	123	0.793346
63	126	1.21887
63	142	1.19697
63	144	0.771399
63	157	0.689331
63	158	1.20671
63	160	1.21606
63	161	0.697632
63	165	0.719093
63	166	0.681922
63	175	0.756262
64	40	1.1167
64	66	1.19183
64	76	0.672533
64	80	1.25271
64	92	1.23323
64	97	1.25511
64	103	1.30895
64	107	0.72821
64	109	1.23087
64	112	1.26633
64	125	0.724868
64	133	0.691598
64	157	0.618484
64	160	0.678985
64	171	0.694568
64	180	1.34443
65	21	0.769699
65	82	0.73981
65	86	0.673153
65	102	0.76742
65	130	0.685061
65	156	0.767631
65	158	0.689308
65	169	1.26266
65	170	1.24944
65	171	1.18985
65	172	1.17033
65	174	1.18092
65	175	1.18447
65	176	1.17372
65	177	1.16629
65	178	1.15652
65	179	1.16671
66	12	1.13034
66	23	1.06891
66	40	1.01681
66	54	0.846656
66	64	1.19183
66	76	0.763669
66	80	1.15282
66	92	1.13334
66	97	1.15521
66	103	1.20906
66	109	1.13097
66	112	1.16643
66	142	0.813282
66	160	0.770121
66	162	0.713156
66	166	0.702211
66	179	0.798863
66	180	1.24454
67	15	1.00169
67	20	1.26823
67	52	1.09302
67	91	0.751511
67	98	1.17568
67	102	1.15645
67	118	1.18082
67	119	1.17963
67	120	1.09841
67	121	1.19654
67	122	1.10692
67	126	0.78726
67	133	0.812723
67	139	0.776008
67	162	0.743145
67	166	0.7322
67	173	1.14292
67	175	0.80654
68	3	1.19037
68	7	1.19037
68	17	1.01193
68	21	1.11201
68	49	1.22966
68	77	1.08717
68	78	1.08505
68	79	1.0994
68	85	1.1509
68	103	1.10247
68	126	1.17826
68	146	0.732894
68	163	0.697946
68	164	0.679722
68	168	0.697647
68	173	0.745414
68	176	0.750281
68	180	1.26427
69	4	1.28141
69	8	1.30229
69	22	1.22977
69	42	1.17694
69	53	1.19709
69	82	1.2729
69	93	1.33349
69	104	1.2287
69	111	1.28308
69	115	0.736872
69	117	1.29462
69	142	0.666937
69	150	0.637453
69	164	0.577023
69	167	0.614996
69	170	0.580771
69	175	0.630206
69	180	0.963834
70	16	1.20101
70	50	1.10617
70	62	1.07875
70	100	1.16587
70	120	0.816897
70	124	1.14504
70	127	1.15111
70	130	1.20229
70	136	1.13896
70	141	1.16231
70	145	1.12765
70	147	1.12126
70	164	0.708529
70	171	0.770865
70	173	0.774221
70	175	0.761712
70	178	0.792813
70	179	0.784024
71	35	1.08811
71	54	0.800782
71	108	0.773203
71	114	1.12277
71	131	1.18329
71	137	1.13267
71	140	1.11829
71	143	1.1477
71	152	1.15551
71	154	1.15439
71	155	1.12185
71	156	1.15061
71	157	0.663746
71	158	1.16518
71	159	0.643757
71	169	0.674833
71	173	1.1477
71	178	0.761778
72	27	0.64784
72	32	0.763145
72	49	0.790215
72	82	0.821175
72	130	0.766427
72	152	0.835429
72	158	0.770674
72	168	1.19094
72	169	1.21357
72	170	1.20034
72	171	1.14075
72	172	1.12124
72	174	1.13183
72	175	1.13537
72	176	1.12462
72	177	1.1172
72	178	1.10742
72	179	1.11761
73	6	1.24097
73	22	1.16662
73	37	1.25754
73	42	1.11379
73	53	1.13394
73	55	1.29044
73	79	0.770638
73	82	1.20974
73	93	1.27033
73	104	1.16554
73	111	1.21992
73	117	1.23147
73	139	0.671984
73	148	0.701512
73	150	0.709763
73	165	0.665347
73	172	0.713692
73	177	0.743954
73	178	0.733617
74	101	1.09995
74	125	0.852645
74	129	1.14013
74	131	1.13664
74	132	1.10789
74	135	1.10848
74	143	1.10104
74	148	0.812187
74	151	1.10893
74	152	1.10885
74	154	1.10774
74	155	1.07519
74	156	1.10395
74	161	0.754562
74	168	0.777934
74	173	1.10104
74	174	0.836699
74	176	0.830568
74	178	0.844293
75	24	0.568145
75	33	1.30291
75	34	1.30291
75	36	1.30291
75	56	1.17511
75	81	1.24041
75	86	1.3307
75	87	1.19805
75	89	1.20516
75	95	1.27646
75	107	0.719718
75	115	0.783589
75	144	0.69206
75	158	1.26574
75	164	0.62374
75	167	0.661714
75	168	0.641666
75	177	0.718361
76	64	0.672533
76	66	0.763669
76	77	1.14178
76	85	1.2055
76	94	0.714605
76	97	0.697957
76	98	1.23599
76	110	1.23658
76	113	0.676749
76	117	0.72227
76	119	1.23994
76	122	1.16723
76	151	0.709806
76	152	0.734609
76	174	1.19775
76	175	1.2013
76	178	1.17335
76	179	1.18354
76	180	1.31888
77	3	1.14614
77	7	1.14614
77	17	0.967698
77	21	1.06777
77	49	1.18543
77	68	1.08717
77	76	1.14178
77	78	1.04082
77	79	1.05516
77	85	1.10667
77	91	0.751601
77	120	0.861816
77	126	1.13403
77	142	0.843362
77	145	0.827513
77	167	0.791421
77	171	0.815783
77	172	0.817806
77	180	1.22004
78	68	1.08505
78	77	1.04082
78	85	1.10455
78	96	1.15321
78	97	0.785067
78	106	0.788521
78	117	0.80938
78	118	1.14018
78	121	1.1559
78	122	1.06628
78	129	0.800331
78	132	0.82527
78	137	0.846291
78	156	0.835287
78	175	1.10034
78	177	1.08217
78	178	1.0724
78	179	1.08259
78	180	1.21793
79	14	0.867603
79	22	0.841292
79	68	1.0994
79	73	0.770638
79	77	1.05516
79	81	1.10876
79	85	1.11889
79	87	1.0664
79	89	1.07351
79	95	1.14482
79	106	0.782414
79	138	0.812626
79	151	0.790809
79	156	0.829179
79	175	1.11468
79	176	1.10394
79	178	1.08674
79	179	1.09693
79	180	1.23227
80	23	1.1298
80	30	1.28252
80	40	1.0777
80	64	1.25271
80	66	1.15282
80	92	1.19423
80	97	1.2161
80	103	1.26994
80	107	0.758399
80	109	1.19186
80	112	1.22732
80	123	0.752687
80	126	0.696323
80	149	0.722231
80	165	0.678435
80	166	0.641264
80	173	0.728113
80	176	0.732981
80	180	1.30543
81	33	1.21264
81	34	1.21264
81	36	1.21264
81	56	1.08484
81	75	1.24041
81	79	1.10876
81	83	0.870987
81	86	1.24043
81	87	1.10778
81	89	1.11489
81	90	1.10333
81	95	1.18619
81	145	0.775818
81	158	1.17547
81	160	0.748505
81	166	0.680595
81	169	0.699091
81	170	0.705501
81	171	0.764088
81	172	0.766111
82	4	1.17352
82	22	1.12188
82	29	1.14287
82	37	1.21279
82	42	1.06905
82	53	1.0892
82	65	0.73981
82	69	1.2729
82	72	0.821175
82	73	1.20974
82	93	1.22559
82	104	1.1208
82	108	0.775764
82	111	1.17518
82	117	1.18673
82	161	0.674608
82	172	0.744413
82	173	0.745747
82	176	0.750614
82	179	0.755549
83	9	0.990732
83	23	0.88776
83	29	0.872083
83	31	0.82868
83	46	1.0933
83	81	0.870987
83	89	0.905675
83	97	0.82689
83	99	1.08348
83	110	0.80397
83	141	1.09178
83	147	1.05072
83	154	1.09006
83	155	1.05751
83	156	1.08627
83	174	1.07789
83	177	1.06326
83	178	1.05348
83	179	1.06367
83	180	1.19901
84	34	0.665027
84	86	0.713685
84	87	0.809893
84	93	0.747393
84	100	0.756098
84	110	0.735022
84	138	0.791608
84	140	0.772375
84	167	1.18521
84	168	1.21046
84	169	1.23309
84	170	1.21987
84	171	1.16027
84	172	1.14076
84	174	1.15135
84	175	1.15489
84	176	1.14415
84	177	1.13672
84	178	1.12695
84	179	1.13714
85	3	1.20986
85	7	1.20986
85	17	1.03143
85	21	1.1315
85	49	1.24916
85	68	1.1509
85	76	1.2055
85	77	1.10667
85	78	1.10455
85	79	1.11889
85	126	1.19776
85	133	0.74699
85	134	0.751788
85	142	0.777538
85	145	0.761689
85	170	0.691373
85	175	0.740807
85	176	0.758184
85	177	0.782245
85	180	1.28377
86	33	1.30292
86	34	1.30292
86	36	1.30292
86	56	1.17513
86	65	0.673153
86	75	1.3307
86	81	1.24043
86	84	0.713685
86	87	1.19806
86	89	1.20517
86	95	1.27648
86	133	0.672764
86	149	0.673208
86	158	1.26576
86	163	0.631622
86	173	0.67909
86	175	0.666581
86	178	0.697682
87	9	0.86539
87	33	1.17027
87	34	1.17027
87	36	1.17027
87	39	1.16606
87	56	1.04248
87	75	1.19805
87	79	1.0664
87	81	1.10778
87	84	0.809893
87	86	1.19806
87	89	1.07252
87	90	1.06096
87	95	1.14383
87	133	0.768972
87	139	0.732257
87	144	0.777926
87	146	0.762778
87	158	1.13311
87	174	0.786296
87	177	0.804226
88	11	1.1714
88	26	1.10259
88	46	1.13029
88	100	1.13232
88	113	1.16883
88	120	0.856455
88	124	1.11149
88	127	1.11756
88	130	1.16874
88	136	1.10541
88	141	1.12876
88	142	1.12809
88	147	1.08771
88	148	0.800265
88	159	0.71435
88	160	1.14718
88	162	0.737875
88	165	0.764101
88	172	0.812445
88	175	0.80127
88	179	0.823582
89	33	1.17738
89	34	1.17738
89	36	1.17738
89	54	1.08771
89	56	1.04959
89	75	1.20516
89	79	1.07351
89	81	1.11489
89	83	0.905675
89	86	1.20517
89	87	1.07252
89	90	1.06807
89	95	1.15094
89	158	1.14022
89	159	0.702704
89	163	0.754665
89	170	0.740189
89	172	0.800799
89	173	0.802133
89	174	0.813131
89	175	0.789624
90	24	0.725203
90	55	1.19145
90	81	1.10333
90	87	1.06096
90	89	1.06807
90	95	1.13938
90	97	1.1375
90	103	1.19135
90	104	1.06656
90	109	1.11326
90	111	1.12094
90	112	1.14872
90	117	1.13249
90	139	0.803449
90	160	0.827551
90	162	0.770586
90	164	0.780798
90	166	0.759641
90	168	0.798723
90	171	0.843134
90	180	1.22683
91	36	0.653971
91	67	0.751511
91	77	0.751601
91	97	0.65581
91	102	0.705819
91	132	0.696013
91	135	0.70927
91	141	0.671149
91	155	0.696817
91	167	1.24354
91	168	1.2688
91	169	1.29143
91	170	1.2782
91	171	1.21861
91	172	1.1991
91	174	1.20968
91	175	1.21323
91	176	1.20248
91	177	1.19505
91	178	1.18528
91	179	1.19547
92	12	1.17174
92	23	1.11032
92	30	1.26304
92	40	1.05821
92	64	1.23323
92	66	1.13334
92	80	1.19423
92	97	1.19662
92	103	1.25046
92	109	1.17238
92	112	1.20784
92	115	1.12286
92	134	0.734618
92	148	0.722633
92	153	0.711336
92	167	0.708428
92	171	0.73279
92	173	0.736147
92	177	0.765075
92	178	0.754738
92	179	0.745949
92	180	1.28594
93	4	1.23411
93	6	1.25682
93	22	1.18247
93	29	1.20346
93	37	1.27339
93	39	0.691358
93	53	1.14979
93	55	1.30629
93	69	1.33349
93	73	1.27033
93	82	1.22559
93	84	0.747393
93	104	1.18139
93	111	1.23577
93	117	1.24732
93	134	0.71127
93	148	0.699285
93	149	0.706916
93	161	0.641659
93	164	0.647106
93	169	0.644445
93	171	0.709442
93	172	0.711464
94	33	1.09867
94	45	1.14098
94	76	0.714605
94	105	1.18307
94	116	1.16881
94	132	1.15458
94	135	1.15518
94	137	1.13271
94	138	1.16046
94	139	0.696955
94	140	1.11832
94	143	1.14774
94	150	0.734734
94	151	1.15562
94	152	1.15554
94	153	0.715185
94	154	1.15443
94	155	1.12188
94	156	1.15065
94	165	0.690318
94	172	0.738662
94	174	0.750994
94	177	0.768925
95	5	0.690951
95	33	1.24869
95	34	1.24869
95	36	1.24869
95	39	1.24447
95	54	1.15901
95	56	1.12089
95	75	1.27646
95	79	1.14482
95	81	1.18619
95	86	1.27648
95	87	1.14383
95	89	1.15094
95	90	1.13938
95	120	0.776616
95	126	0.702151
95	142	0.758163
95	153	0.70913
95	158	1.21152
95	160	0.715001
95	169	0.665587
95	173	0.73394
95	175	0.721431
95	176	0.738808
96	15	1.07555
96	41	1.11511
96	44	1.19289
96	52	1.16689
96	78	1.15321
96	98	1.24954
96	102	1.23031
96	108	0.721875
96	110	1.25013
96	118	1.25468
96	119	1.25349
96	121	1.27041
96	122	1.18078
96	123	0.716432
96	131	1.11292
96	145	1.19053
96	162	0.615953
96	163	0.644389
96	164	0.626166
96	171	0.688501
96	173	1.21678
96	174	0.702855
96	175	0.679348
96	179	0.70166
97	12	1.19362
97	23	1.13219
97	30	1.28491
97	40	1.08009
97	64	1.25511
97	66	1.15521
97	76	0.697957
97	78	0.785067
97	80	1.2161
97	83	0.82689
97	90	1.1375
97	91	0.65581
97	92	1.19662
97	103	1.27234
97	109	1.19425
97	112	1.22971
97	115	1.14474
97	120	0.766024
97	144	0.725976
97	150	0.718086
97	162	0.647444
97	165	0.67367
97	175	0.710839
97	180	1.30782
98	14	1.07227
98	20	1.32393
98	24	0.642947
98	41	1.09694
98	44	1.17472
98	67	1.17568
98	76	1.23599
98	96	1.24954
98	110	1.23196
98	118	1.23652
98	119	1.23532
98	120	1.15411
98	121	1.25224
98	122	1.16261
98	125	0.791178
98	148	0.75072
98	159	0.664805
98	162	0.68833
98	163	0.716766
98	164	0.698542
98	169	0.695881
98	173	1.19861
98	176	0.769102
98	177	0.793163
99	2	1.19841
99	5	1.19463
99	10	0.751743
99	11	1.21702
99	24	0.664407
99	26	1.14821
99	50	1.11823
99	83	1.08348
99	113	1.21445
99	124	1.15711
99	127	1.16318
99	130	1.21436
99	136	1.15103
99	141	1.17438
99	145	1.13972
99	147	1.13333
99	149	0.779812
99	160	1.1928
99	163	0.738226
99	166	0.698845
99	169	0.717341
99	173	0.785694
99	174	0.796692
99	175	0.773185
99	178	0.804286
100	2	1.21026
100	26	1.16006
100	38	1.08218
100	45	1.1508
100	62	1.10267
100	70	1.16587
100	84	0.756098
100	88	1.13232
100	113	1.2263
100	124	1.16896
100	127	1.17503
100	130	1.22621
100	136	1.16288
100	141	1.18623
100	145	1.15156
100	147	1.14518
100	150	0.716241
100	160	1.20465
100	162	0.645599
100	163	0.674035
100	167	0.693785
100	171	0.718147
100	172	0.720169
100	175	0.708994
100	176	0.726371
101	10	0.67598
101	25	1.14522
101	42	1.19694
101	58	1.12604
101	74	1.09995
101	108	0.739949
101	120	0.752608
101	129	1.20385
101	131	1.20036
101	132	1.17161
101	135	1.1722
101	137	1.14973
101	140	1.13535
101	143	1.16476
101	152	1.17257
101	154	1.17146
101	155	1.13891
101	156	1.16767
101	166	0.623083
101	170	0.647988
101	171	0.706576
101	172	0.708598
101	177	0.73886
101	179	0.719735
101	180	1.28041
102	14	1.05304
102	15	1.03816
102	20	1.3047
102	41	1.07772
102	44	1.15549
102	52	1.12949
102	65	0.76742
102	67	1.15645
102	91	0.705819
102	96	1.23031
102	110	1.21273
102	118	1.21729
102	119	1.2161
102	121	1.23301
102	122	1.14339
102	144	0.775984
102	145	1.15313
102	157	0.693917
102	164	0.707665
102	170	0.711413
102	173	1.17939
102	174	0.784355
102	176	0.778224
102	177	0.802285
102	179	0.78316
103	1	0.653344
103	12	1.24746
103	23	1.18604
103	28	0.688711
103	30	1.33876
103	40	1.13393
103	64	1.30895
103	66	1.20906
103	68	1.10247
103	80	1.26994
103	90	1.19135
103	92	1.25046
103	97	1.27234
103	108	0.669625
103	109	1.2481
103	112	1.28356
103	115	1.19858
103	144	0.642236
103	160	0.620669
103	168	0.591842
103	170	0.577665
103	174	0.650606
103	176	0.644476
103	177	0.668537
103	180	1.36166
104	1	1.16083
104	4	1.12931
104	5	0.752032
104	6	1.15203
104	8	1.15019
104	22	1.07768
104	29	1.09867
104	37	1.16859
104	42	1.02485
104	55	1.2015
104	69	1.2287
104	73	1.16554
104	82	1.1208
104	90	1.06656
104	93	1.18139
104	111	1.13098
104	115	0.889178
104	117	1.14253
104	128	0.79571
104	150	0.789759
104	160	0.776082
104	161	0.723882
104	168	0.747255
104	170	0.733078
104	176	0.799889
104	179	0.804824
105	1	1.24079
105	55	1.05683
105	94	1.18307
105	106	1.23341
105	114	1.17625
105	129	1.24026
105	132	1.20803
105	135	1.20862
105	137	1.18615
105	144	0.702613
105	149	0.694104
105	150	0.694724
105	151	1.20906
105	152	1.20899
105	154	1.20787
105	155	1.17533
105	156	1.20409
105	161	0.628847
105	163	0.652518
105	165	0.650308
105	166	0.613136
105	167	0.672267
105	173	1.20118
105	177	0.728914
105	178	0.718578
105	180	1.31683
106	18	0.740821
106	78	0.788521
106	79	0.782414
106	105	1.23341
106	114	1.17314
106	116	1.21914
106	129	1.23716
106	131	1.23367
106	132	1.20492
106	138	1.2108
106	140	1.16866
106	151	1.20596
106	152	1.20588
106	154	1.20477
106	155	1.17222
106	156	1.20098
106	157	0.647362
106	158	1.21555
106	160	0.707863
106	164	0.66111
106	166	0.639953
106	169	0.658449
106	174	0.7378
106	175	0.714293
106	176	0.73167
106	180	1.31372
107	38	0.865092
107	58	0.843383
107	64	0.72821
107	75	0.719718
107	80	0.758399
107	118	0.785371
107	122	0.793366
107	124	0.78399
107	136	0.748455
107	140	0.768066
107	163	1.16673
107	164	1.18794
107	165	1.18795
107	166	1.18795
107	167	1.14098
107	168	1.16624
107	169	1.18887
107	170	1.17564
107	171	1.11605
107	172	1.09654
107	174	1.10712
107	175	1.11067
107	176	1.09992
107	177	1.09249
107	178	1.08272
107	179	1.09291
108	2	0.749309
108	25	0.813772
108	33	0.671245
108	50	0.686705
108	71	0.773203
108	82	0.775764
108	96	0.721875
108	101	0.739949
108	103	0.669625
108	113	0.732157
108	154	0.764051
108	163	1.21048
108	164	1.23169
108	165	1.2317
108	166	1.2317
108	167	1.18473
108	168	1.20999
108	169	1.23262
108	170	1.21939
108	171	1.1598
108	172	1.14029
108	174	1.15087
108	175	1.15442
108	176	1.14367
108	177	1.13624
108	178	1.12647
108	179	1.13666
109	5	1.19659
109	12	1.16938
109	23	1.10795
109	30	1.26067
109	39	1.21836
109	40	1.05585
109	64	1.23087
109	66	1.13097
109	80	1.19186
109	90	1.11326
109	92	1.17238
109	97	1.19425
109	103	1.2481
109	112	1.20547
109	115	1.1205
109	125	0.787996
109	126	0.729263
109	128	0.761741
109	145	0.769426
109	146	0.748533
109	159	0.661624
109	161	0.689914
109	166	0.674203
109	172	0.759719
109	173	0.761053
109	179	0.770856
109	180	1.28358
110	14	1.07285
110	15	1.05797
110	41	1.09753
110	44	1.1753
110	52	1.1493
110	76	1.23658
110	83	0.80397
110	84	0.735022
110	96	1.25013
110	98	1.23196
110	102	1.21273
110	118	1.2371
110	119	1.23591
110	120	1.15469
110	121	1.25282
110	122	1.1632
110	125	0.727371
110	133	0.694101
110	142	0.724649
110	145	1.17294
110	157	0.620987
110	163	0.652959
110	173	1.1992
110	174	0.711425
110	175	0.687918
110	177	0.729356
110	180	1.02155
111	4	1.1837
111	6	1.20641
111	8	1.20458
111	22	1.13206
111	29	1.15306
111	37	1.22298
111	42	1.07923
111	46	1.10429
111	53	1.09938
111	55	1.25588
111	69	1.28308
111	73	1.21992
111	82	1.17518
111	90	1.12094
111	93	1.23577
111	104	1.13098
111	117	1.19691
111	123	0.703518
111	146	0.666424
111	154	1.13043
111	159	0.579514
111	163	0.631475
111	168	0.631177
111	169	0.61059
111	173	0.678943
111	174	0.689941
111	176	0.683811
112	12	1.20484
112	23	1.14341
112	30	1.29613
112	39	1.25382
112	40	1.09131
112	64	1.26633
112	66	1.16643
112	80	1.22732
112	90	1.14872
112	92	1.20784
112	97	1.22971
112	103	1.28356
112	109	1.20547
112	115	1.15596
112	125	0.753208
112	139	0.683223
112	144	0.728892
112	145	0.734637
112	161	0.655125
112	162	0.65036
112	163	0.678796
112	171	0.722908
112	173	0.726264
112	178	0.744856
112	179	0.736067
112	180	1.31904
113	2	1.24677
113	11	1.26538
113	27	1.36256
113	35	1.26682
113	46	1.22427
113	50	1.1666
113	62	1.13919
113	76	0.676749
113	88	1.16883
113	99	1.21445
113	100	1.2263
113	108	0.732157
113	127	1.21155
113	130	1.26272
113	136	1.1994
113	141	1.22275
113	147	1.18169
113	148	0.688626
113	157	0.6227
113	160	1.24117
113	164	0.636448
113	166	0.615291
113	168	0.654373
113	169	0.633787
113	173	0.70214
113	174	0.713138
113	179	0.711943
113	180	1.02326
114	54	0.836398
114	58	1.1022
114	71	1.12277
114	105	1.17625
114	106	1.17314
114	116	1.16199
114	123	0.803377
114	128	0.779491
114	131	1.17651
114	132	1.14776
114	134	0.777274
114	137	1.12589
114	138	1.15364
114	143	1.14092
114	144	0.78143
114	150	0.77354
114	151	1.1488
114	152	1.14873
114	154	1.14761
114	155	1.11506
114	156	1.14383
114	158	1.15839
114	162	0.702898
114	166	0.691953
114	169	0.710449
114	174	0.789801
114	175	0.766293
114	180	1.25657
115	8	0.826072
115	25	1.09887
115	27	0.666568
115	34	0.724589
115	35	0.721632
115	69	0.736872
115	75	0.783589
115	92	1.12286
115	97	1.14474
115	103	1.19858
115	104	0.889178
115	109	1.1205
115	112	1.15596
115	119	0.830897
115	124	0.847861
115	136	0.812326
115	138	1.13114
115	143	1.11842
115	147	0.855412
115	154	1.12511
115	155	1.09256
115	156	1.12132
115	171	1.12186
115	174	1.11294
115	175	1.11648
115	177	1.09831
115	178	1.08853
115	179	1.09872
115	180	1.23406
116	94	1.16881
116	106	1.21914
116	114	1.16199
116	121	1.09592
116	128	0.70604
116	131	1.22251
116	132	1.19377
116	135	1.19436
116	137	1.17189
116	138	1.19964
116	140	1.15751
116	143	1.18692
116	144	0.707979
116	148	0.691838
116	150	0.700089
116	151	1.1948
116	152	1.19473
116	153	0.680541
116	154	1.19361
116	155	1.16107
116	156	1.18983
116	169	0.636998
116	170	0.643408
116	171	0.701995
116	172	0.704018
116	173	1.18692
116	176	0.710219
116	177	0.73428
116	180	1.30257
117	1	1.22676
117	4	1.19524
117	6	1.21796
117	8	1.21612
117	18	0.76168
117	19	0.669687
117	22	1.14361
117	29	1.1646
117	37	1.23452
117	42	1.09077
117	53	1.11093
117	55	1.26743
117	69	1.29462
117	73	1.23147
117	76	0.72227
117	78	0.80938
117	82	1.18673
117	90	1.13249
117	93	1.24732
117	104	1.14253
117	111	1.19691
117	153	0.72285
117	160	0.728722
117	166	0.660811
117	168	0.699894
117	170	0.685717
117	171	0.744304
117	173	0.747661
117	179	0.757463
118	15	1.06253
118	20	1.32907
118	41	1.10209
118	44	1.17986
118	52	1.15386
118	67	1.18082
118	78	1.14018
118	96	1.25468
118	98	1.23652
118	102	1.21729
118	107	0.785371
118	110	1.2371
118	119	1.24047
118	120	1.15925
118	121	1.25738
118	122	1.16776
118	128	0.755773
118	134	0.753556
118	145	1.1775
118	146	0.742565
118	157	0.675644
118	160	0.736146
118	163	0.707617
118	165	0.705406
118	168	0.707318
118	169	0.686731
118	170	0.693141
118	173	1.20376
118	179	0.764887
119	14	1.07622
119	15	1.06134
119	20	1.32788
119	41	1.10089
119	44	1.17867
119	52	1.15267
119	67	1.17963
119	76	1.23994
119	96	1.25349
119	98	1.23532
119	102	1.2161
119	110	1.23591
119	115	0.830897
119	118	1.24047
119	121	1.25619
119	122	1.16656
119	126	0.704951
119	139	0.693699
119	144	0.739368
119	145	1.17631
119	159	0.637311
119	160	0.717801
119	161	0.665601
119	171	0.733384
119	173	1.20256
119	174	0.747738
119	176	0.741608
119	178	0.755332
119	179	0.746543
120	25	0.82643
120	48	1.07753
120	51	1.20506
120	67	1.09841
120	70	0.816897
120	77	0.861816
120	88	0.856455
120	95	0.776616
120	97	0.766024
120	98	1.15411
120	101	0.752608
120	110	1.15469
120	118	1.15925
120	121	1.17497
120	122	1.08535
120	126	1.15099
120	141	0.781364
120	142	1.12909
120	147	0.803931
120	155	0.807031
120	158	1.13883
120	160	1.14818
120	172	1.10528
120	174	1.11587
120	176	1.10867
120	177	1.10124
120	178	1.09147
120	179	1.10166
120	180	0.646345
121	14	1.09313
121	15	1.07825
121	39	0.651678
121	41	1.11781
121	44	1.19558
121	52	1.16958
121	67	1.19654
121	78	1.1559
121	96	1.27041
121	98	1.25224
121	102	1.23301
121	110	1.25282
121	116	1.09592
121	118	1.25738
121	119	1.25619
121	120	1.17497
121	122	1.18348
121	125	0.700062
121	142	0.697341
121	145	1.19322
121	148	0.659605
121	157	0.593678
121	161	0.60198
121	171	0.669762
121	172	0.671785
121	173	1.21948
121	178	0.69171
121	179	0.682921
121	180	0.994238
122	14	1.00351
122	20	1.25517
122	41	1.02818
122	44	1.10596
122	52	1.07996
122	67	1.10692
122	76	1.16723
122	78	1.06628
122	96	1.18078
122	98	1.16261
122	102	1.14339
122	107	0.793366
122	110	1.1632
122	118	1.16776
122	119	1.16656
122	120	1.08535
122	121	1.18348
122	123	0.787655
122	133	0.756754
122	139	0.720039
122	145	1.1036
122	146	0.750561
122	151	1.21573
122	167	0.735362
122	168	0.715314
122	169	0.694727
122	173	1.12985
122	176	0.767948
122	179	0.772883
123	2	0.743866
123	63	0.793346
123	80	0.752687
123	96	0.716432
123	111	0.703518
123	114	0.803377
123	122	0.787655
123	141	0.763262
123	143	0.796178
123	147	0.785829
123	158	0.719819
123	161	1.21599
123	162	1.22094
123	163	1.18942
123	164	1.21063
123	165	1.21063
123	166	1.21063
123	167	1.16367
123	168	1.18892
123	169	1.21155
123	170	1.19833
123	171	1.13873
123	172	1.11922
123	174	1.12981
123	175	1.13335
123	176	1.12261
123	177	1.11518
123	178	1.10541
123	179	1.1156
123	180	0.628243
124	2	1.18943
124	5	1.18565
124	26	1.13923
124	27	1.30521
124	35	1.20948
124	46	1.16693
124	62	1.08184
124	70	1.14504
124	88	1.11149
124	99	1.15711
124	100	1.16896
124	107	0.78399
124	115	0.847861
124	127	1.1542
124	130	1.20538
124	133	0.747378
124	136	1.14205
124	141	1.1654
124	142	1.16473
124	146	0.741185
124	147	1.12435
124	149	0.747822
124	157	0.674264
124	160	1.18382
124	167	0.725986
124	169	0.685351
124	171	0.750348
124	173	0.753704
124	177	0.782633
124	178	0.772296
125	32	0.71466
125	45	0.738785
125	64	0.724868
125	74	0.852645
125	98	0.791178
125	109	0.787996
125	110	0.727371
125	112	0.753208
125	121	0.700062
125	147	0.788199
125	152	0.786944
125	161	1.21599
125	162	1.22094
125	163	1.18942
125	164	1.21063
125	165	1.21063
125	166	1.21063
125	167	1.16367
125	168	1.18892
125	169	1.21155
125	170	1.19833
125	171	1.13873
125	172	1.11922
125	174	1.12981
125	175	1.13335
125	176	1.12261
125	177	1.11518
125	178	1.10541
125	179	1.1156
125	180	0.630612
126	29	0.73675
126	32	0.655927
126	49	1.27652
126	59	1.22122
126	60	1.09368
126	62	0.771201
126	63	1.21887
126	67	0.78726
126	68	1.17826
126	77	1.13403
126	80	0.696323
126	85	1.19776
126	95	0.702151
126	109	0.729263
126	119	0.704951
126	120	1.15099
126	132	0.731762
126	135	0.745019
126	140	0.70599
126	152	0.728211
126	158	1.21296
126	160	1.22232
126	174	1.19001
126	175	1.19355
126	176	1.1828
126	177	1.17538
126	178	1.16561
126	179	1.1758
126	180	1.31114
127	19	0.695224
127	26	1.1453
127	27	1.31128
127	28	0.822301
127	35	1.21555
127	46	1.173
127	50	1.11533
127	54	1.12803
127	62	1.08792
127	70	1.15111
127	88	1.11756
127	99	1.16318
127	100	1.17503
127	113	1.21155
127	124	1.1542
127	130	1.21145
127	136	1.14813
127	141	1.17147
127	147	1.13042
127	153	0.748388
127	157	0.693758
127	160	1.1899
127	165	0.72352
127	167	0.74548
127	170	0.711255
127	172	0.771865
127	173	0.773198
127	174	0.784196
127	175	0.760689
127	179	0.783001
128	21	0.776325
128	27	0.5731
128	41	0.893994
128	60	0.874864
128	104	0.79571
128	109	0.761741
128	114	0.779491
128	116	0.70604
128	118	0.755773
128	141	0.739376
128	151	0.735885
128	161	1.21599
128	162	1.22094
128	163	1.18942
128	164	1.21063
128	165	1.21063
128	166	1.21063
128	167	1.16367
128	168	1.18892
128	169	1.21155
128	170	1.19833
128	171	1.13873
128	172	1.11922
128	174	1.12981
128	175	1.13335
128	176	1.12261
128	177	1.11518
128	178	1.10541
128	179	1.1156
128	180	0.604357
129	43	1.20246
129	47	1.1993
129	74	1.14013
129	78	0.800331
129	101	1.20385
129	105	1.24026
129	106	1.23716
129	131	1.24053
129	132	1.21178
129	135	1.21237
129	137	1.1899
129	138	1.21766
129	140	1.17552
129	143	1.20494
129	151	1.21282
129	152	1.21274
129	154	1.21163
129	155	1.17908
129	156	1.20784
129	159	0.639183
129	160	0.719673
129	165	0.688934
129	167	0.710893
129	168	0.690845
129	169	0.670259
129	170	0.676669
129	172	0.737278
129	174	0.74961
129	175	0.726103
129	178	0.757204
129	179	0.748415
130	1	0.704734
130	16	1.26135
130	19	0.613024
130	35	1.26672
130	38	1.11861
130	46	1.22418
130	50	1.1665
130	62	1.13909
130	65	0.685061
130	70	1.20229
130	72	0.766427
130	88	1.16874
130	99	1.21436
130	100	1.22621
130	113	1.26272
130	124	1.20538
130	127	1.21145
130	136	1.1993
130	140	1.14623
130	141	1.22265
130	145	1.18799
130	147	1.1816
130	148	0.677484
130	153	0.666187
130	159	0.591569
130	160	1.24107
130	163	0.64353
130	172	0.689664
130	176	0.695865
130	177	0.719926
130	178	0.70959
131	39	0.682168
131	71	1.18329
131	74	1.13664
131	96	1.11292
131	101	1.20036
131	106	1.23367
131	114	1.17651
131	116	1.22251
131	129	1.24053
131	135	1.20888
131	137	1.18641
131	138	1.21416
131	140	1.17203
131	142	0.72783
131	143	1.20145
131	144	0.706236
131	150	0.698346
131	151	1.20933
131	152	1.20925
131	154	1.20814
131	155	1.17559
131	156	1.20435
131	161	0.632469
131	162	0.627704
131	165	0.65393
131	167	0.675889
131	170	0.641665
131	171	0.700252
131	177	0.732537
131	178	0.7222
131	180	1.31709
132	24	0.642264
132	47	1.16706
132	74	1.10789
132	78	0.82527
132	91	0.696013
132	94	1.15458
132	101	1.17161
132	105	1.20803
132	106	1.20492
132	114	1.14776
132	116	1.19377
132	126	0.731762
132	129	1.21178
132	133	0.757225
132	135	1.18014
132	138	1.18542
132	140	1.14328
132	142	0.787773
132	145	0.771924
132	149	0.757669
132	151	1.18058
132	152	1.1805
132	154	1.17939
132	155	1.14684
132	156	1.1756
132	163	0.716083
132	166	0.676702
132	167	0.735833
132	172	0.762217
132	173	1.1727
132	175	0.751042
132	180	1.28834
133	7	0.712149
133	29	0.762214
133	43	0.747021
133	64	0.691598
133	67	0.812723
133	85	0.74699
133	86	0.672764
133	87	0.768972
133	110	0.694101
133	122	0.756754
133	124	0.747378
133	132	0.757225
133	151	0.728871
133	159	1.25542
133	161	1.22402
133	162	1.22897
133	163	1.19745
133	164	1.21866
133	165	1.21866
133	166	1.21866
133	167	1.1717
133	168	1.19695
133	169	1.21958
133	170	1.20635
133	171	1.14676
133	172	1.12725
133	174	1.13784
133	175	1.14138
133	176	1.13063
133	177	1.12321
133	178	1.11344
133	179	1.12363
134	37	0.721971
134	59	0.768259
134	61	0.65434
134	85	0.751788
134	92	0.734618
134	93	0.71127
134	114	0.777274
134	118	0.753556
134	147	0.759726
134	151	0.733668
134	152	0.758472
134	156	0.772039
134	157	1.25736
134	158	0.693716
134	159	1.26293
134	161	1.23152
134	162	1.23647
134	163	1.20495
134	164	1.22616
134	165	1.22616
134	166	1.22617
134	167	1.1792
134	168	1.20445
134	169	1.22709
134	170	1.21386
134	171	1.15427
134	172	1.13475
134	174	1.14534
134	175	1.14889
134	176	1.13814
134	177	1.13071
134	178	1.12094
134	179	1.13113
134	180	0.60214
135	13	1.05809
135	45	1.16653
135	58	1.13457
135	74	1.10848
135	91	0.70927
135	94	1.15518
135	101	1.1722
135	105	1.20862
135	116	1.19436
135	126	0.745019
135	129	1.21237
135	131	1.20888
135	132	1.18014
135	137	1.15826
135	138	1.18601
135	140	1.14388
135	142	0.801031
135	143	1.17329
135	145	0.785182
135	146	0.764289
135	151	1.18117
