1	15	0.925086
1	24	0.924736
1	33	1.00642
1	38	0.848181
1	49	0.964588
1	59	0.921266
1	80	0.950762
1	121	0.970463
1	122	1.16086
1	151	1.25991
1	161	0.908237
1	177	1.60156
2	6	1.04557
2	10	1.05037
2	15	1.03529
2	30	1.1165
2	39	1.04926
2	49	1.0748
2	80	1.06097
2	121	1.08067
2	161	1.01844
2	162	0.881812
2	173	0.837505
2	175	1.41437
3	10	1.06826
3	55	1.02896
3	86	0.947501
3	104	0.931164
3	114	0.953494
3	124	1.04476
3	149	0.947064
3	156	0.937657
3	165	0.963351
3	172	0.979381
3	179	0.870203
3	180	0.860789
4	37	0.99632
4	74	0.940192
4	89	0.904761
4	112	0.938926
4	115	0.936739
4	117	1.00066
4	126	0.897453
4	130	1.30741
4	163	1.38914
4	169	1.33791
4	170	0.951908
4	174	0.842738
5	31	1.01711
5	88	1.08012
5	98	0.918719
5	102	1.03604
5	103	1.10372
5	127	1.05775
5	128	1.02266
5	133	1.03062
5	138	1.06009
5	139	1.11884
5	143	1.06152
5	173	1.13454
6	2	1.04557
6	15	1.03093
6	33	1.11227
6	39	1.0449
6	49	1.07044
6	59	1.02711
6	64	1.24138
6	80	1.05661
6	151	1.02716
6	152	0.953014
6	153	0.954515
6	161	1.01409
7	11	1.03885
7	87	1.02129
7	92	1.08595
7	99	1.05995
7	100	1.05504
7	114	1.04071
7	116	1.04454
7	149	1.03428
7	162	1.00417
7	163	0.94743
7	170	1.07242
7	177	1.21128
8	35	1.13914
8	36	1.02726
8	48	0.989842
8	67	1.08875
8	75	1.021
8	130	0.861136
8	139	0.939592
8	153	1.0703
8	157	1.04795
8	160	0.971214
8	170	1.06234
8	180	1.39499
9	48	0.901043
9	79	0.801955
9	84	0.74639
9	117	0.636773
9	156	1.07834
9	169	1.08182
9	171	1.03911
9	173	1.10214
9	175	0.98752
9	176	1.00063
9	178	1.08057
9	179	1.01088
10	2	1.05037
10	3	1.06826
10	24	1.03539
10	33	1.11707
10	39	1.0497
10	40	1.0524
10	59	1.03192
10	80	1.06141
10	109	1.12818
10	120	0.936161
10	153	0.902527
10	161	1.01889
11	7	1.03885
11	64	0.934738
11	111	1.09105
11	112	1.1519
11	148	1.00392
11	164	0.946465
11	165	0.976606
11	168	0.918142
11	171	0.911682
11	175	0.860096
11	176	0.873207
11	178	0.953144
12	96	0.960743
12	97	0.963828
12	106	0.915248
12	113	0.938043
12	128	0.910626
12	129	0.965398
12	134	0.960656
12	140	0.962353
12	166	1.54943
12	176	1.44213
12	178	1.07279
12	180	0.831759
13	28	0.98983
13	52	1.06675
13	61	1.06217
13	87	0.97556
13	91	1.03214
13	99	1.01423
13	100	1.00932
13	102	1.02288
13	116	0.998818
13	165	0.929376
13	170	1.02669
13	171	1.17079
13	174	1.35622
14	51	0.784045
14	74	1.03359
14	89	0.998159
14	94	1.03915
14	101	1.03236
14	112	1.03232
14	126	0.990852
14	128	1.15554
14	144	1.01189
14	150	1.1101
14	172	1.03948
14	174	0.936137
14	177	1.39598
15	1	0.925086
15	2	1.03529
15	6	1.03093
15	26	0.77553
15	38	0.943755
15	40	1.03732
15	49	1.06016
15	59	1.01684
15	71	1.77482
15	80	1.04634
15	153	0.774518
15	161	1.00381
15	171	1.15219
16	79	1.10071
16	83	1.15891
16	86	1.05105
16	151	0.729263
16	160	0.997625
16	161	1.06668
16	164	0.86722
16	166	0.962821
16	172	1.08293
16	174	1.21972
16	175	1.39636
16	180	0.964337
17	46	0.893885
17	58	0.962017
17	96	0.944439
17	113	0.92174
17	118	0.851893
17	125	0.926217
17	134	0.944352
17	140	0.94605
17	142	1.61516
17	149	0.901731
17	152	1.35523
17	153	1.35673
17	180	0.815455
18	47	0.976555
18	66	0.990699
18	72	1.04043
18	77	0.853931
18	123	1.00872
18	124	0.983577
18	132	1.04755
18	133	1.00222
18	138	1.0317
18	143	1.03313
18	160	1.24526
18	164	1.12104
18	168	1.29658
19	40	0.864087
19	52	0.799865
19	117	0.791781
19	121	1.09149
19	135	0.996516
19	141	0.907694
19	152	1.04399
19	158	1.0506
19	161	1.02926
19	173	1.0276
19	175	0.912973
19	176	0.926084
19	178	1.00602
20	28	0.992699
20	73	1.04097
20	77	0.979429
20	87	0.978428
20	92	1.0431
20	99	1.0171
20	104	0.97552
20	114	0.99785
20	137	1.05558
20	151	1.10858
20	153	1.03594
20	160	1.37076
20	170	1.02956
21	81	0.744315
21	91	1.06929
21	104	1.0098
21	113	1.04571
21	114	1.03213
21	133	0.913366
21	138	0.765993
21	140	1.07002
21	143	0.879014
21	177	0.962973
21	178	1.01853
21	179	0.948842
21	180	0.939428
22	65	1.06281
22	69	0.988605
22	76	1.01132
22	88	1.04676
22	110	0.894283
22	123	1.00376
22	124	0.978615
22	133	0.997262
22	138	1.02673
22	143	1.02816
22	156	1.12327
22	158	0.981891
22	174	1.49729
23	32	0.851482
23	83	0.798357
23	110	1.09577
23	114	0.745154
23	120	1.04431
23	150	1.04396
23	155	0.876354
23	158	1.06368
23	171	0.977644
23	173	1.04068
23	175	0.926057
23	176	0.939168
23	177	0.96355
24	1	0.924736
24	10	1.03539
24	38	0.943405
24	39	1.03427
24	40	1.03697
24	43	0.625682
24	49	1.05981
24	59	1.01649
24	80	1.04599
24	128	0.983055
24	161	1.00346
24	166	1.48217
24	180	1.41177
25	67	1.11137
25	86	1.04725
25	119	0.902831
25	126	1.0305
25	137	0.820055
25	157	1.07057
25	160	0.993826
25	167	1.05189
25	170	1.08496
25	172	1.07913
25	176	1.44124
25	180	0.960538
26	15	0.77553
26	40	0.947943
26	41	0.906372
26	138	0.843994
26	142	1.01696
26	163	1.05138
26	169	1.0406
26	171	0.99789
26	173	1.06093
26	175	0.946304
26	176	0.959415
26	178	1.03935
26	179	0.969666
27	32	1.00513
27	34	1.00334
27	36	1.0069
27	48	0.969483
27	51	0.822091
27	67	1.0684
27	150	1.14815
27	151	1.09238
27	153	1.04994
27	157	1.02759
27	160	0.950855
27	170	1.04198
27	171	1.39741
28	13	0.98983
28	20	0.992699
28	54	0.904193
28	85	0.964426
28	92	1.00779
28	99	0.98179
28	100	0.976878
28	114	0.962543
28	116	0.966379
28	141	1.00478
28	155	0.975882
28	165	1.05018
28	166	1.58688
28	171	1.29159
29	54	0.694124
29	60	1.17354
29	71	1.70415
29	107	1.11388
29	118	1.01988
29	125	1.09421
29	129	1.11708
29	134	1.11234
29	137	0.648327
29	140	1.11404
29	149	1.06972
29	160	1.03866
29	173	0.866724
29	180	0.983446
30	2	1.1165
30	70	0.933043
30	118	1.46485
30	134	1.2937
30	135	0.901403
30	163	0.922936
30	167	0.925424
30	169	0.912158
30	173	0.932483
30	175	0.817859
30	176	0.83097
30	177	0.855352
30	178	0.910907
30	179	0.841221
31	5	1.01711
31	54	1.1437
31	62	0.962134
31	72	0.98063
31	78	0.966787
31	111	0.981222
31	121	1.02016
31	132	0.987751
31	133	0.942423
31	143	0.973326
31	144	1.27507
31	151	1.22606
31	152	1.15192
31	153	0.98797
32	23	0.851482
32	27	1.00513
32	34	0.955615
32	35	1.07105
32	36	0.959176
32	48	0.921757
32	67	1.02067
32	153	1.00221
32	156	1.06769
32	157	0.979869
32	160	0.90313
32	168	1.26474
32	170	0.994259
32	180	1.48118
33	1	1.00642
33	6	1.11227
33	10	1.11707
33	38	1.02509
33	39	1.11596
33	40	1.11866
33	59	1.09818
33	80	1.12767
33	82	0.954364
33	142	0.821662
33	161	1.08515
33	162	0.770414
33	166	1.2362
33	180	1.1658
34	27	1.00334
34	32	0.955615
34	35	1.06927
34	36	0.957392
34	48	0.919973
34	67	1.01889
34	95	1.24764
34	110	1.12959
34	121	1.09476
34	144	1.29114
34	153	1.00043
34	157	0.978084
34	160	0.901345
34	170	0.992474
35	8	1.13914
35	32	1.07105
35	34	1.06927
35	48	1.03541
35	67	1.13433
35	145	0.75441
35	147	1.06821
35	153	1.11587
35	157	1.09352
35	160	1.01678
35	168	1.0693
35	170	1.10791
35	173	0.846039
35	174	1.24626
36	8	1.02726
36	27	1.0069
36	32	0.959176
36	34	0.957392
36	48	0.923534
36	67	1.02245
36	130	0.956166
36	136	0.943953
36	153	1.00399
36	157	0.981645
36	160	0.904906
36	170	0.996035
36	174	1.45055
36	179	1.44637
37	4	0.99632
37	74	1.06381
37	90	1.02418
37	94	1.06937
37	115	1.06036
37	121	0.7919
37	126	1.02107
37	128	1.04049
37	136	0.92314
37	141	1.08606
37	149	1.03739
37	167	1.04295
37	170	1.07553
37	172	1.0697
37	176	1.4323
38	1	0.848181
38	15	0.943755
38	24	0.943405
38	33	1.02509
38	39	0.95772
38	40	0.960419
38	49	0.983258
38	59	0.939935
38	80	0.969431
38	105	0.998587
38	121	0.989132
38	144	1.28184
38	160	1.49501
38	161	0.926906
38	173	1.32307
39	2	1.04926
39	6	1.0449
39	10	1.0497
39	24	1.03427
39	33	1.11596
39	38	0.95772
39	49	1.07413
39	80	1.0603
39	121	1.08
39	130	0.797164
39	158	0.776147
39	161	1.01778
39	171	1.10612
39	174	1.29155
39	179	1.28737
40	10	1.0524
40	15	1.03732
40	19	0.864087
40	24	1.03697
40	26	0.947943
40	33	1.11866
40	38	0.960419
40	49	1.07683
40	59	1.0335
40	80	1.063
40	121	1.0827
40	130	1.01565
40	152	0.945431
40	161	1.02048
40	162	1.15411
41	26	0.906372
41	96	1.07975
41	106	1.03426
41	107	1.0812
41	113	1.05705
41	118	0.987205
41	125	1.06153
41	129	1.08441
41	134	1.07967
41	136	0.961864
41	140	1.08136
41	163	1.0558
41	173	1.06823
41	178	1.10169
41	180	0.950768
42	44	0.806493
42	70	1.10478
42	106	1.04097
42	108	1.0231
42	109	1.18567
42	113	1.06376
42	125	1.06824
42	129	1.09112
42	134	1.08637
42	136	1.01653
42	140	1.08807
42	141	1.09242
42	159	1.0853
42	174	0.972725
42	180	0.957478
43	24	0.625682
43	86	0.939047
43	89	0.843206
43	97	0.789286
43	129	0.686541
43	145	1.09892
43	148	1.10765
43	156	1.05464
43	158	1.10145
43	163	1.0689
43	165	1.08033
43	171	1.01541
43	175	0.963823
43	177	1.00132
43	179	0.987185
44	42	0.806493
44	96	0.803822
44	101	0.845386
44	119	1.13487
44	131	1.08008
44	141	0.837009
44	148	1.11566
44	164	1.0582
44	168	1.02988
44	170	0.62095
44	171	1.02342
44	177	1.00932
44	178	1.06488
44	179	0.995193
44	180	0.985779
45	84	1.10475
45	107	1.0803
45	108	1.0155
45	113	1.05616
45	118	0.986309
45	125	1.06063
45	129	1.08351
45	134	1.07877
45	140	1.08047
45	145	0.829104
45	165	0.894118
45	171	1.13553
45	173	0.920733
45	175	1.49759
45	180	0.949872
46	17	0.893885
46	60	1.0508
46	108	0.926339
46	118	0.897149
46	125	0.971473
46	129	0.994351
46	134	0.989609
46	140	0.991306
46	144	1.27315
46	149	0.946987
46	153	1.15151
46	157	0.970739
46	167	1.32782
46	178	1.34784
46	180	0.860712
47	18	0.976555
47	63	1.04432
47	66	0.918742
47	88	0.979764
47	103	1.00337
47	123	0.936767
47	127	0.957396
47	128	0.922307
47	131	1.34583
47	132	0.975595
47	133	0.930267
47	138	0.95974
47	143	0.96117
47	145	1.34985
47	161	1.3372
48	8	0.989842
48	9	0.901043
48	27	0.969483
48	32	0.921757
48	34	0.919973
48	35	1.03541
48	36	0.923534
48	67	0.985028
48	137	1.08337
48	151	1.21154
48	153	0.966572
48	157	0.944226
48	160	0.867487
48	170	0.958616
48	180	1.74146
49	1	0.964588
49	2	1.0748
49	6	1.07044
49	15	1.06016
49	24	1.05981
49	38	0.983258
49	39	1.07413
49	40	1.07683
49	70	0.966185
49	80	1.08584
49	119	0.848677
49	142	1.07985
49	161	1.04331
49	165	0.957683
49	176	1.38709
50	79	1.09577
50	83	1.15397
50	86	1.04611
50	110	0.843828
50	146	0.917876
50	155	1.06544
50	157	1.06942
50	158	0.931436
50	160	0.992684
50	161	1.06174
50	162	1.09092
50	166	0.95788
50	172	1.07799
50	179	1.44266
50	180	0.959396
51	14	0.784045
51	27	0.822091
51	86	0.924925
51	116	0.876522
51	148	1.11692
51	152	1.10412
51	162	1.07134
51	165	1.08961
51	168	1.03114
51	171	1.02468
51	172	0.680499
51	175	0.973096
51	176	0.986207
51	177	1.01059
51	178	1.06614
52	13	1.06675
52	19	0.799865
52	73	1.08258
52	87	1.02004
52	91	1.07662
52	100	1.05379
52	104	1.01713
52	114	1.03946
52	116	1.0433
52	128	1.05656
52	151	0.95535
52	155	1.0528
52	159	1.00799
52	168	1.26884
52	170	1.07117
53	57	1.00638
53	79	0.996278
53	83	1.05447
53	86	0.946612
53	148	1.15604
53	155	0.965945
53	157	0.969928
53	160	0.893189
53	161	0.96224
53	164	1.35721
53	165	1.28287
53	166	0.858384
53	172	0.978493
53	173	1.30949
53	180	0.8599
54	28	0.904193
54	29	0.694124
54	31	1.1437
54	111	0.839466
54	112	0.900312
54	139	1.06941
54	146	1.07615
54	152	1.07339
54	154	1.04491
54	167	1.04994
54	168	1.00042
54	175	0.942373
54	176	0.955484
54	177	0.979866
54	178	1.03542
54	179	0.965735
55	3	1.02896
55	90	0.996055
55	93	1.04468
55	94	1.04125
55	101	1.03446
55	115	1.03224
55	122	0.836818
55	126	0.992949
55	144	1.01399
55	153	0.863224
55	155	1.02903
55	170	1.0474
55	171	1.2409
55	172	1.04158
55	174	0.938234
55	179	1.42214
56	74	0.945091
56	90	0.905457
56	93	0.954084
56	94	0.950649
56	112	0.943824
56	115	0.941638
56	117	1.00556
56	126	0.902352
56	137	1.20069
56	142	1.51464
56	144	0.92339
56	155	0.938434
56	158	1.30391
56	169	1.35543
56	170	0.956807
56	174	0.847637
57	53	1.00638
57	79	1.06514
57	83	1.12333
57	86	1.01547
57	121	0.969214
57	130	1.11267
57	146	1.07809
57	155	1.0348
57	157	1.03879
57	160	0.962047
57	161	1.0311
57	163	1.19439
57	165	1.18021
57	166	0.927242
57	172	1.04735
57	180	0.928758
58	17	0.962017
58	102	1.00708
58	107	1.05927
58	108	0.994471
58	113	1.03513
58	118	0.965281
58	128	1.00771
58	129	1.06248
58	130	1.05072
58	134	1.05774
58	137	0.887179
58	140	1.05944
58	150	1.07112
58	154	1.06716
58	174	0.944092
58	176	1.50837
59	1	0.921266
59	6	1.02711
59	10	1.03192
59	15	1.01684
59	24	1.01649
59	33	1.09818
59	38	0.939935
59	40	1.0335
59	63	0.847658
59	80	1.04252
59	105	0.920336
59	121	1.06222
59	122	1.05554
59	161	0.999991
59	169	1.18117
59	177	1.49624
60	29	1.17354
60	46	1.0508
60	84	1.12725
60	96	1.10136
60	106	1.05586
60	118	1.00881
60	125	1.08314
60	129	1.10601
60	134	1.10127
60	140	1.10297
60	144	0.902727
60	148	0.790513
60	150	0.909497
60	154	0.905539
60	171	1.15876
60	174	0.987622
60	179	1.34
61	13	1.06217
61	75	0.92929
61	80	1.01058
61	86	1.39162
61	131	0.928539
61	145	0.955391
61	146	0.954069
61	149	1.19735
61	150	0.938191
61	154	0.922831
61	156	0.911106
61	162	0.918534
61	169	0.914588
61	173	0.934913
61	176	0.8334
61	178	0.913338
61	179	0.843651
62	31	0.962134
62	66	0.964121
62	76	0.989706
62	88	1.02514
62	95	0.951004
62	123	0.982146
62	124	0.957
62	127	1.00278
62	132	1.02097
62	133	0.975646
62	138	1.00512
62	139	1.02003
62	143	1.00655
62	151	0.945497
62	153	1.02119
62	179	1.43178
62	180	1.47542
63	47	1.04432
63	59	0.847658
63	76	0.833601
63	88	0.589122
63	119	1.11116
63	122	1.08275
63	125	0.772799
63	143	0.721714
63	145	1.08322
63	148	1.09194
63	151	1.06983
63	162	1.04636
63	167	1.05568
63	169	1.04242
63	173	1.06274
63	175	0.948116
63	176	0.961227
63	178	1.04116
64	6	1.24138
64	11	0.934738
64	99	1.21437
64	138	1.12985
64	148	0.972857
64	156	0.919845
64	159	0.94931
64	164	0.915398
64	165	0.945538
64	167	0.936593
64	170	1.06135
64	171	0.880615
64	173	0.943653
64	175	0.829029
64	177	0.866521
64	178	0.922077
64	179	0.852391
65	22	1.06281
65	66	1.00996
65	72	1.0597
65	78	1.04585
65	81	1.09877
65	123	1.02799
65	124	1.00284
65	132	1.06682
65	137	1.0851
65	138	1.05096
65	139	0.816447
65	143	1.05239
65	144	0.790918
65	167	0.845585
65	172	1.05325
65	174	1.23237
65	175	1.40901
65	179	1.22819
66	18	0.990699
66	47	0.918742
66	62	0.964121
66	65	1.00996
66	70	1.14349
66	72	0.982617
66	76	0.95847
66	77	0.942218
66	103	1.01751
66	124	0.925764
66	127	0.971539
66	132	0.989739
66	133	0.944411
66	138	0.973884
66	143	0.975314
66	144	1.12038
66	171	1.3764
66	174	1.56183
67	8	1.08875
67	25	1.11137
67	27	1.0684
67	32	1.02067
67	34	1.01889
67	35	1.13433
67	36	1.02245
67	48	0.985028
67	145	0.786445
67	153	1.06549
67	156	0.904284
67	157	1.04314
67	160	0.9664
67	166	1.38816
67	167	0.891511
67	170	1.05753
67	175	1.45494
67	178	0.911532
68	76	0.974083
68	97	0.879001
68	122	1.04543
68	132	0.880621
68	147	0.976988
68	148	1.05462
68	149	0.834491
68	162	1.00904
68	163	1.01587
68	164	0.997162
68	171	0.962379
68	172	0.784337
68	173	1.02542
68	175	0.910793
68	177	0.948285
68	178	1.00384
68	179	0.934154
69	22	0.988605
69	78	0.971643
69	81	1.02456
69	111	0.986079
69	121	1.02502
69	122	1.12103
69	123	0.953779
69	124	0.928633
69	127	0.974408
69	132	0.992608
69	133	0.94728
69	138	0.976753
69	143	0.978183
69	146	1.18157
69	154	1.27189
69	159	1.27271
69	165	1.28369
69	166	0.858937
70	30	0.933043
70	42	1.10478
70	49	0.966185
70	66	1.14349
70	90	1.28034
70	98	1.03893
70	136	1.0164
70	146	1.00335
70	151	0.991287
70	162	0.967815
70	168	0.927616
70	170	0.91924
70	171	0.921157
70	173	0.984195
70	175	0.869571
70	176	0.882682
70	177	0.907064
70	178	0.962619
70	179	0.892933
71	15	1.77482
71	29	1.70415
71	136	0.909769
71	147	0.829133
71	148	0.906765
71	151	0.884653
71	163	0.868013
71	164	0.849306
71	166	0.775368
71	167	0.870501
71	169	0.857236
71	170	1.77478
71	171	0.814523
71	174	0.792132
71	177	0.800429
71	178	0.855985
71	179	0.786299
71	180	0.776884
72	18	1.04043
72	31	0.98063
72	65	1.0597
72	66	0.982617
72	76	1.0082
72	81	1.07142
72	82	1.24567
72	103	1.06724
72	124	0.975496
72	127	1.02127
72	132	1.03947
72	138	1.02362
72	143	1.02505
72	154	0.97899
72	158	0.902236
72	160	1.18935
72	163	1.00498
72	172	1.02591
72	177	1.26883
73	20	1.04097
73	52	1.08258
73	85	1.0127
73	87	0.991392
73	91	1.04797
73	92	1.05606
73	100	1.02515
73	104	0.988483
73	114	1.01081
73	116	1.01465
73	142	1.14608
73	144	1.00911
73	145	0.958891
73	149	1.00438
73	153	0.887646
73	161	0.946232
73	164	1.09824
73	166	1.56061
73	170	1.04252
74	4	0.940192
74	14	1.03359
74	37	1.06381
74	56	0.945091
74	89	0.972254
74	90	0.968052
74	93	1.01668
74	94	1.01324
74	101	1.00645
74	115	1.00423
74	117	1.06815
74	120	0.976333
74	126	0.964946
74	128	1.11655
74	148	0.952129
74	162	1.14988
74	170	1.0194
74	172	1.01358
74	178	1.13903
74	180	1.54527
75	8	1.021
75	61	0.92929
75	87	1.03139
75	96	1.18593
75	114	1.00086
75	124	1.1076
75	145	0.998489
75	146	0.997168
75	156	0.954204
75	162	0.961632
75	163	0.968464
75	167	0.970952
75	168	0.921433
75	171	0.914974
75	175	0.863388
75	176	0.876499
75	177	0.90088
75	178	0.956436
75	179	0.88675
75	180	0.877335
76	22	1.01132
76	62	0.989706
76	63	0.833601
76	66	0.95847
76	68	0.974083
76	72	1.0082
76	88	1.01949
76	111	1.00879
76	123	0.976495
76	130	1.00504
76	132	1.01532
76	133	0.969996
76	135	1.34293
76	137	1.03361
76	138	0.999469
76	143	1.0009
76	145	1.13913
76	148	1.07732
76	172	1.00176
76	173	1.23076
77	18	0.853931
77	20	0.979429
77	66	0.942218
77	101	0.942401
77	103	0.706064
77	108	1.1188
77	145	1.04699
77	146	1.04567
77	152	1.04291
77	159	1.03217
77	162	1.01013
77	163	1.01696
77	168	0.969933
77	169	1.00619
77	171	0.963474
77	173	1.02651
77	176	0.924998
77	177	0.94938
77	178	1.00494
77	179	0.935249
78	31	0.966787
78	65	1.04585
78	69	0.971643
78	81	1.05758
78	105	0.827574
78	111	1.0191
78	121	1.05804
78	123	0.986799
78	124	0.961653
78	127	1.00743
78	132	1.02563
78	133	0.9803
78	138	1.00977
78	143	1.0112
78	159	1.11447
78	161	1.04777
78	162	1.19637
78	166	0.891957
78	173	1.15206
78	179	1.5481
79	9	0.801955
79	16	1.10071
79	50	1.09577
79	53	0.996278
79	57	1.06514
79	83	1.11323
79	86	1.00537
79	98	0.986862
79	130	1.10852
79	144	1.16145
79	155	1.0247
79	157	1.02869
79	160	0.951948
79	161	1.021
79	164	1.2504
79	166	0.917144
79	169	1.13903
79	172	1.03725
79	180	0.91866
80	1	0.950762
80	2	1.06097
80	6	1.05661
80	10	1.06141
80	15	1.04634
80	24	1.04599
80	33	1.12767
80	38	0.969431
80	39	1.0603
80	40	1.063
80	49	1.08584
80	59	1.04252
80	61	1.01058
80	102	0.805903
80	109	0.967178
80	121	1.09171
80	139	0.888704
80	161	1.02949
80	165	0.877789
80	174	1.30463
80	180	1.3441
81	21	0.744315
81	65	1.09877
81	69	1.02456
81	72	1.07142
81	78	1.05758
81	111	1.07202
81	119	0.848557
81	123	1.03972
81	124	1.01457
81	127	1.06035
81	132	1.07855
81	133	1.03322
81	135	1.09635
81	138	1.06269
81	143	1.06412
81	161	0.87989
81	166	0.944875
81	172	1.06498
81	177	1.2356
81	178	1.01764
81	179	1.38022
82	33	0.954364
82	72	1.24567
82	114	1.16341
82	122	0.962606
82	139	0.955005
82	147	0.894164
82	148	0.971796
82	150	0.945869
82	157	1.30909
82	158	0.965593
82	159	0.948249
82	164	0.914337
82	165	0.944478
82	167	0.935532
82	170	1.16561
82	173	0.942592
82	175	0.827968
82	176	0.841079
82	177	0.865461
82	178	0.921016
82	179	0.85133
83	16	1.15891
83	23	0.798357
83	50	1.15397
83	53	1.05447
83	57	1.12333
83	79	1.11323
83	86	1.06356
83	102	0.889855
83	121	0.750747
83	142	1.08391
83	155	1.0829
83	157	1.08688
83	160	1.01014
83	161	1.07919
83	163	0.975926
83	166	0.975337
83	167	1.00179
83	172	1.09545
83	174	1.38858
83	180	0.976853
84	9	0.74639
84	45	1.10475
84	60	1.12725
84	96	1.06615
84	97	1.06923
84	107	1.06759
84	108	1.00279
84	125	1.04792
84	129	1.0708
84	134	1.06606
84	135	1.25929
84	136	1.04075
84	137	0.928719
84	140	1.06776
84	141	1.07211
84	150	1.11266
84	152	0.982742
84	157	1.04719
84	169	1.08346
84	174	0.952409
84	180	0.937162
85	28	0.964426
85	73	1.0127
85	87	0.950156
85	91	1.00673
85	92	1.01482
85	99	0.988824
85	100	0.983912
85	102	0.997474
85	104	0.947247
85	114	0.969577
85	116	0.973413
85	121	0.995282
85	128	1.24387
85	144	0.967871
85	145	1.14126
85	149	0.963147
85	155	0.982916
85	161	1.1286
85	168	1.45615
85	170	1.00129
85	173	1.23289
86	3	0.947501
86	16	1.05105
86	25	1.04725
86	43	0.939047
86	50	1.04611
86	51	0.924925
86	53	0.946612
86	57	1.01547
86	61	1.39162
86	79	1.00537
86	83	1.06356
86	137	1.06705
86	145	1.19381
86	155	0.975039
86	157	0.979022
86	160	0.902283
86	161	0.971334
86	166	0.867478
86	169	1.22179
86	172	0.987587
86	180	0.868994
87	7	1.02129
87	13	0.97556
87	20	0.978428
87	52	1.02004
87	73	0.991392
87	75	1.03139
87	85	0.950156
87	91	0.98543
87	92	0.99352
87	99	0.96752
87	109	1.02846
87	116	0.952109
87	119	0.830065
87	137	1.00601
87	141	0.990511
87	144	0.946567
87	149	0.941843
87	166	1.47578
87	168	1.18895
87	170	0.979985
87	175	1.54255
88	5	1.08012
88	22	1.04676
88	47	0.979764
88	62	1.02514
88	63	0.589122
88	76	1.01949
88	123	1.01193
88	124	0.986786
88	127	1.03256
88	131	0.890634
88	132	1.05076
88	137	1.06905
88	138	1.03491
88	143	1.03634
88	153	1.05098
88	162	1.03059
88	166	0.91709
88	172	1.0372
88	173	0.986286
88	175	1.56315
88	178	1.01974
88	180	1.42598
89	4	0.904761
89	14	0.998159
89	43	0.843206
89	74	0.972254
89	90	0.93262
89	93	0.981247
89	94	0.977813
89	101	0.971021
89	102	0.980156
89	112	0.970988
89	115	0.968801
89	117	1.03272
89	126	0.929515
89	130	1.09544
89	148	1.03616
89	155	0.965597
89	167	1.20304
89	170	0.98397
89	172	0.978145
89	174	0.8748
89	176	1.59239
89	179	1.58565
90	37	1.02418
90	55	0.996055
90	56	0.905457
90	70	1.28034
90	74	0.968052
90	89	0.93262
90	93	0.977045
90	94	0.973611
90	98	1.08264
90	101	0.966819
90	109	0.950472
90	112	0.966786
90	115	0.964599
90	117	1.02852
90	126	0.925313
90	141	0.990295
90	153	1.13558
90	156	1.32467
90	158	1.18328
90	162	1.34276
90	172	0.973943
90	174	0.870598
91	13	1.03214
91	21	1.06929
91	52	1.07662
91	73	1.04797
91	85	1.00673
91	87	0.98543
91	92	1.0501
91	99	1.0241
91	100	1.01919
91	104	0.982521
91	114	1.00485
91	116	1.00869
91	128	0.984166
91	141	1.04709
91	145	0.881559
91	155	1.01819
91	161	0.8689
91	165	0.946573
91	170	1.03656
91	171	1.18799
91	179	1.36923
91	180	1.41288
92	7	1.08595
92	20	1.0431
92	28	1.00779
92	73	1.05606
92	85	1.01482
92	87	0.99352
92	91	1.0501
92	100	1.02728
92	104	0.990612
92	114	1.01294
92	116	1.01678
92	141	1.05518
92	144	1.01124
92	147	1.29153
92	149	1.00651
92	153	0.906487
92	155	1.02628
92	159	1.03177
92	161	0.965073
92	163	1.05693
92	164	1.11708
92	171	1.28416
93	55	1.04468
93	56	0.954084
93	74	1.01668
93	89	0.981247
93	90	0.977045
93	101	1.01545
93	102	1.02458
93	109	0.999099
93	112	1.01541
93	115	1.01323
93	117	1.07714
93	119	1.03291
93	126	0.973939
93	136	1.06216
93	141	1.03892
93	151	1.07829
93	156	1.19474
93	161	1.06424
93	165	1.14191
93	170	1.02839
93	171	1.38332
93	172	1.02257
93	174	0.919224
94	14	1.03915
94	37	1.06937
94	55	1.04125
94	56	0.950649
94	74	1.01324
94	89	0.977813
94	90	0.973611
94	101	1.01201
94	110	1.0263
94	112	1.01198
94	117	1.07371
94	126	0.970505
94	148	1.07564
94	149	0.986818
94	152	1.06471
94	153	1.06621
94	155	1.00659
94	158	1.11391
94	160	1.40102
94	169	1.16543
94	170	1.02496
94	172	1.01914
94	174	0.91579
95	34	1.24764
95	62	0.951004
95	105	1.0733
95	113	1.04676
95	117	0.952773
95	135	0.963824
95	142	0.95094
95	150	0.998182
95	151	1.002
95	152	1.0113
95	154	0.982822
95	155	0.981628
95	163	0.985357
95	164	0.96665
95	170	0.852627
95	173	0.994905
95	175	0.880281
95	176	0.893392
95	177	0.917773
95	178	0.973329
95	179	0.903642
95	180	0.894228
96	12	0.960743
96	17	0.944439
96	41	1.07975
96	44	0.803822
96	60	1.10136
96	75	1.18593
96	84	1.06615
96	97	1.04334
96	106	0.994756
96	108	0.976893
96	113	1.01755
96	118	0.947703
96	121	0.882615
96	129	1.04491
96	134	1.04016
96	140	1.04186
96	149	0.997542
96	163	1.10779
96	167	1.13366
96	174	0.926514
96	177	1.37164
96	178	1.15368
96	180	0.911266
97	12	0.963828
97	43	0.789286
97	68	0.879001
97	84	1.06923
97	96	1.04334
97	106	0.997841
97	107	1.04478
97	108	0.979979
97	113	1.02064
97	118	0.950789
97	125	1.02511
97	128	0.993219
97	129	1.04799
97	134	1.04325
97	140	1.04495
97	144	1.09445
97	147	1.35785
97	153	0.972808
97	157	1.02438
97	161	1.03139
97	174	0.929599
97	179	1.53173
97	180	0.914352
98	5	0.918719
98	70	1.03893
98	79	0.986862
98	90	1.08264
98	107	0.780451
98	129	0.817117
98	131	1.03199
98	140	0.785806
98	142	0.994404
98	143	0.903057
98	150	1.04165
98	154	1.02628
98	159	1.04402
98	160	0.97098
98	164	1.01011
98	165	1.04025
98	169	1.01804
98	171	0.97533
98	173	1.03837
98	175	0.923744
98	177	0.961236
98	178	1.01679
98	179	0.947106
99	7	1.05995
99	13	1.01423
99	20	1.0171
99	28	0.98179
99	64	1.21437
99	85	0.988824
99	87	0.96752
99	91	1.0241
99	100	1.00128
99	102	1.01484
99	104	0.964612
99	114	0.986942
99	116	0.990778
99	122	0.901095
99	137	1.04467
99	141	1.02918
99	155	1.00028
99	158	0.975202
99	161	0.986087
99	167	1.10381
99	168	1.31363
99	170	1.01865
99	171	1.30517
100	7	1.05504
100	13	1.00932
100	28	0.976878
100	52	1.05379
100	73	1.02515
100	85	0.983912
100	91	1.01919
100	92	1.02728
100	99	1.00128
100	102	1.00993
100	109	1.08599
100	114	0.982029
100	116	0.985865
100	144	0.980324
100	148	0.869773
100	149	0.975599
100	155	0.995368
100	159	0.985627
100	160	1.19516
100	169	0.959566
100	170	1.01374
100	174	1.42344
100	176	1.42601
101	14	1.03236
101	44	0.845386
101	55	1.03446
101	74	1.00645
101	77	0.942401
101	89	0.971021
101	90	0.966819
101	93	1.01545
101	94	1.01201
101	112	1.00519
101	115	1.003
101	117	1.06692
101	126	0.963714
101	139	1.14609
101	141	1.0287
101	144	0.984752
101	149	0.980027
101	155	0.999796
101	156	1.188
101	159	1.1242
101	164	1.20951
101	172	1.01234
101	178	1.19525
102	5	1.03604
102	13	1.02288
102	58	1.00708
102	80	0.805903
102	83	0.889855
102	85	0.997474
102	89	0.980156
102	93	1.02458
102	99	1.01484
102	100	1.00993
102	104	0.973262
102	112	1.01432
102	113	1.03298
102	117	1.07605
102	125	1.07146
102	126	0.972848
102	138	0.907355
102	144	0.993886
102	147	0.955134
102	149	0.989162
102	162	0.987183
102	164	0.975307
102	175	0.888938
102	179	0.9123
103	5	1.10372
103	47	1.00337
103	66	1.01751
103	72	1.06724
103	77	0.706064
103	111	1.06783
103	124	1.01039
103	127	1.05616
103	130	1.06408
103	132	1.07436
103	133	1.02904
103	137	1.09265
103	138	1.05851
103	143	1.05994
103	147	1.14762
103	150	0.89099
103	153	1.07458
103	166	0.940692
103	168	1.14871
103	171	1.14025
103	172	1.0608
103	173	0.925452
103	178	0.95891
103	180	1.36515
104	3	0.931164
104	20	0.97552
104	21	1.0098
104	52	1.01713
104	73	0.988483
104	85	0.947247
104	91	0.982521
104	92	0.990612
104	99	0.964612
104	102	0.973262
104	109	1.11333
104	114	0.945364
104	116	0.9492
104	130	0.956398
104	137	1.0031
104	141	0.987603
104	144	0.943658
104	149	0.938934
104	155	0.958703
104	167	1.06399
104	168	1.27381
104	170	0.977076
104	173	1.05056
104	175	1.62742
104	180	1.49025
105	38	0.998587
105	59	0.920336
105	78	0.827574
105	95	1.0733
105	108	1.0137
105	114	0.61067
105	132	0.812818
105	139	1.07444
105	143	0.794392
105	145	1.08251
105	149	0.766688
105	151	1.06912
105	154	1.04995
105	162	1.04565
105	163	1.05248
105	167	1.05497
105	168	1.00545
105	169	1.0417
105	173	1.06203
105	175	0.947406
105	176	0.960517
105	177	0.984898
105	178	1.04045
105	179	0.970767
105	180	0.961353
106	12	0.915248
106	41	1.03426
106	42	1.04097
106	60	1.05586
106	96	0.994756
106	97	0.997841
106	107	0.996201
106	108	0.931399
106	113	0.972056
106	118	0.902209
106	122	1.07583
106	125	0.976533
106	129	0.999411
106	134	0.994669
106	139	1.2494
106	140	0.996366
106	149	0.952048
106	154	1.22669
106	157	0.9758
106	161	1.16082
106	164	1.31283
106	169	1.20145
106	174	0.881019
106	178	1.29856
106	180	0.865772
107	29	1.11388
107	41	1.0812
107	45	1.0803
107	58	1.05927
107	84	1.06759
107	97	1.04478
107	98	0.780451
107	106	0.996201
107	108	0.978339
107	125	1.02347
107	128	0.991579
107	129	1.04635
107	130	1.03458
107	134	1.04161
107	140	1.04331
107	141	1.04766
107	152	0.831895
107	153	0.833395
107	158	0.881096
107	173	0.99627
107	174	0.927959
107	175	1.57313
107	176	1.39906
107	177	1.24769
107	180	0.912712
108	42	1.0231
108	45	1.0155
108	46	0.926339
108	58	0.994471
108	77	1.1188
108	84	1.00279
108	96	0.976893
108	97	0.979979
108	105	1.0137
108	106	0.931399
108	107	0.978339
108	113	0.954194
108	118	0.884347
108	120	1.20895
108	122	1.14891
108	125	0.958671
108	128	0.926776
108	129	0.981549
108	134	0.976806
108	140	0.978504
108	141	0.982854
108	154	1.29977
108	162	1.38249
108	167	1.35162
108	174	0.863157
108	180	0.847909
109	10	1.12818
109	42	1.18567
109	80	0.967178
109	87	1.02846
109	90	0.950472
109	93	0.999099
109	100	1.08599
109	104	1.11333
109	111	1.00303
109	112	0.98884
109	117	1.05057
109	123	0.970731
109	124	0.945584
109	126	0.947367
109	127	0.99136
109	138	0.993704
109	143	0.995134
109	157	1.1436
109	159	0.983738
109	162	0.961701
109	173	0.978081
109	174	0.892652
109	175	0.863457
109	176	0.876568
109	177	0.900949
109	179	0.886819
110	22	0.894283
110	23	1.09577
110	34	1.12959
110	50	0.843828
110	94	1.0263
110	127	0.907482
110	129	0.830155
110	146	1.05788
110	148	1.06792
110	150	1.042
110	151	1.04581
110	152	1.05512
110	158	1.06172
110	166	0.936528
110	167	1.03166
110	169	1.0184
110	170	0.734571
110	171	0.975683
110	172	0.838236
110	173	1.03872
110	174	0.953292
110	175	0.924097
110	176	0.937208
110	177	0.961589
110	178	1.01714
110	179	0.947458
111	11	1.09105
111	31	0.981222
111	54	0.839466
111	69	0.986079
111	76	1.00879
111	78	1.0191
111	81	1.07202
111	103	1.06783
111	109	1.00303
111	123	1.00123
111	124	0.976088
111	127	1.02186
111	128	0.986775
111	132	1.04006
111	133	0.994735
111	138	1.02421
111	143	1.02564
111	144	0.970835
111	148	0.858621
111	153	1.04028
111	156	1.03828
111	166	0.906392
111	172	1.0265
111	176	1.41486
111	178	1.04552
111	180	1.45176
112	4	0.938926
112	11	1.1519
112	14	1.03232
112	54	0.900312
112	56	0.943824
112	89	0.970988
112	90	0.966786
112	93	1.01541
112	94	1.01198
112	101	1.00519
112	102	1.01432
112	109	0.98884
112	115	1.00297
112	117	1.06688
112	126	0.96368
112	136	0.966542
112	139	1.05721
112	141	1.02866
112	144	0.984718
112	146	0.944178
112	155	0.999762
112	166	1.583
112	168	1.29617
112	170	1.01814
112	172	1.01231
112	174	0.908965
112	178	1.10637
113	12	0.938043
113	17	0.92174
113	21	1.04571
113	41	1.05705
113	42	1.06376
113	45	1.05616
113	58	1.03513
113	95	1.04676
113	96	1.01755
113	97	1.02064
113	102	1.03298
113	106	0.972056
113	108	0.954194
113	118	0.925004
113	125	0.999328
113	129	1.02221
113	134	1.01746
113	137	0.913085
113	140	1.01916
113	141	1.02351
113	145	1.03985
113	150	1.09702
113	151	1.04125
113	163	1.11905
113	174	0.903814
113	175	1.70834
113	180	0.888567
114	3	0.953494
114	7	1.04071
114	20	0.99785
114	21	1.03213
114	23	0.745154
114	28	0.962543
114	52	1.03946
114	73	1.01081
114	75	1.00086
114	82	1.16341
114	85	0.969577
114	91	1.00485
114	92	1.01294
114	99	0.986942
114	100	0.982029
114	104	0.945364
114	105	0.61067
114	116	0.97153
114	137	1.02543
114	141	1.00993
114	149	0.961264
114	155	0.981033
114	168	1.15841
114	170	0.999406
114	174	1.33538
114	179	1.3312
114	180	1.37485
115	4	0.936739
115	37	1.06036
115	55	1.03224
115	56	0.941638
115	74	1.00423
115	89	0.968801
115	90	0.964599
115	93	1.01323
115	101	1.003
115	112	1.00297
115	117	1.0647
115	126	0.961493
115	141	1.02648
115	144	0.982531
115	147	1.34283
115	149	0.977807
115	155	0.997576
115	158	1.00549
115	159	1.08307
115	161	1.01637
115	163	1.10823
115	169	1.05701
115	170	1.01595
115	172	1.01012
115	173	1.12066
115	174	0.906778
115	180	1.56036
116	7	1.04454
116	13	0.998818
116	28	0.966379
116	51	0.876522
116	52	1.0433
116	73	1.01465
116	85	0.973413
116	87	0.952109
116	91	1.00869
116	92	1.01678
116	99	0.990778
116	100	0.985865
116	104	0.9492
116	114	0.97153
116	120	1.1078
116	131	1.14139
116	137	1.02926
116	141	1.01377
116	144	0.969825
116	148	1.0836
116	149	0.9651
116	152	1.07267
116	155	0.984869
116	162	1.28135
116	164	1.28476
116	170	1.00324
116	178	1.2705
117	4	1.00066
117	9	0.636773
117	19	0.791781
117	56	1.00556
117	74	1.06815
117	89	1.03272
117	90	1.02852
117	93	1.07714
117	94	1.07371
117	95	0.952773
117	101	1.06692
117	102	1.07605
117	109	1.05057
117	112	1.06688
117	115	1.0647
117	126	1.02541
117	131	0.941848
117	135	1.14967
117	137	0.819102
117	141	1.09039
117	146	0.908765
117	149	1.04172
117	155	1.06149
117	170	1.07987
117	174	0.970696
117	177	1.28892
117	180	1.47719
118	17	0.851893
118	29	1.01988
118	30	1.46485
118	41	0.987205
118	45	0.986309
118	46	0.897149
118	58	0.965281
118	60	1.00881
118	96	0.947703
118	97	0.950789
118	106	0.902209
118	108	0.884347
118	113	0.925004
118	125	0.929481
118	129	0.952359
118	130	0.940591
118	134	0.947617
118	140	0.949314
118	141	0.953664
118	147	1.40802
118	154	1.14743
118	157	0.928747
118	159	1.14826
118	160	1.35779
118	167	1.19928
118	174	0.833967
118	176	1.58864
118	180	0.81872
119	25	0.902831
119	44	1.13487
119	49	0.848677
119	63	1.11116
119	81	0.848557
119	87	0.830065
119	93	1.03291
119	123	0.893623
119	129	0.897315
119	140	0.866004
119	142	0.988089
119	148	1.06126
119	152	1.04845
119	154	1.01997
119	156	1.00825
119	157	0.945207
119	158	1.05505
119	162	1.01567
119	163	1.02251
119	164	1.0038
119	165	1.03394
119	167	1.02499
119	168	0.975474
119	169	1.01173
119	171	0.969015
119	174	0.946624
119	177	0.954922
119	179	0.940791
119	180	0.931377
120	10	0.936161
120	23	1.04431
120	74	0.976333
120	108	1.20895
120	116	1.1078
120	125	1.04072
120	127	0.981024
120	131	0.980886
120	136	1.01947
120	139	0.999673
120	145	1.00774
120	152	1.00366
120	153	1.01896
120	156	0.963452
120	157	0.951589
120	159	0.992917
120	162	0.97088
120	164	0.959005
120	167	0.9802
120	168	0.930682
120	169	0.966935
120	171	0.924222
120	172	0.911777
120	173	0.98726
120	175	0.872636
120	176	0.885747
120	177	0.910129
120	178	0.965684
120	179	0.895998
121	1	0.970463
121	2	1.08067
121	19	1.09149
121	31	1.02016
121	34	1.09476
121	37	0.7919
121	38	0.989132
121	39	1.08
121	40	1.0827
121	57	0.969214
121	59	1.06222
121	69	1.02502
121	78	1.05804
121	80	1.09171
121	83	0.750747
121	85	0.995282
121	96	0.882615
121	124	1.01503
121	133	1.03368
121	134	0.777085
121	138	1.06315
121	141	0.915802
121	142	1.00356
121	143	1.06458
121	155	0.828744
121	165	1.04941
121	169	1.0272
121	170	0.699743
121	176	0.946012
121	177	0.970393
121	179	0.956263
122	1	1.16086
122	55	0.836818
122	59	1.05554
122	63	1.08275
122	68	1.04543
122	69	1.12103
122	82	0.962606
122	99	0.901095
122	106	1.07583
122	108	1.14891
122	135	0.972569
122	141	0.964132
122	146	1.02281
122	147	0.955221
122	150	1.00693
122	152	1.02005
122	156	0.979842
122	158	1.02665
122	159	1.00931
122	163	0.994102
122	165	1.00553
122	167	0.99659
122	168	0.947071
122	169	0.983324
122	170	0.748073
122	171	0.940612
122	173	1.00365
122	176	0.902136
122	177	0.926518
122	178	0.982073
122	179	0.912387
123	18	1.00872
123	22	1.00376
123	47	0.936767
123	62	0.982146
123	65	1.02799
123	69	0.953779
123	76	0.976495
123	78	0.986799
123	81	1.03972
123	88	1.01193
123	109	0.970731
123	111	1.00123
123	119	0.893623
123	124	0.943789
123	127	0.989564
123	130	0.99748
123	132	1.00776
123	133	0.962435
123	137	1.02605
123	138	0.991908
123	143	0.993338
123	147	1.25141
123	150	0.994783
123	154	0.990825
123	156	1.05545
123	166	0.874092
123	172	0.994201
123	173	1.02924
123	174	1.42947
123	175	1.60611
123	177	1.28066
124	3	1.04476
124	18	0.983577
124	22	0.978615
124	62	0.957
124	65	1.00284
124	66	0.925764
124	69	0.928633
124	72	0.975496
124	75	1.1076
124	78	0.961653
124	81	1.01457
124	88	0.986786
124	103	1.01039
124	109	0.945584
124	111	0.976088
124	121	1.01503
124	123	0.943789
124	127	0.964418
124	132	0.982617
124	133	0.937289
124	137	1.0009
124	138	0.966762
124	143	0.968192
124	148	0.888452
124	150	1.00743
124	153	0.982836
124	160	1.21384
124	167	1.05533
124	171	1.25669
124	172	0.969055
124	175	1.61876
124	180	1.48159
125	17	0.926217
125	29	1.09421
125	41	1.06153
125	42	1.06824
125	45	1.06063
125	46	0.971473
125	60	1.08314
125	63	0.772799
125	84	1.04792
125	97	1.02511
125	102	1.07146
125	106	0.976533
125	107	1.02347
125	108	0.958671
125	113	0.999328
125	118	0.929481
125	120	1.04072
125	128	0.971911
125	129	1.02668
125	134	1.02194
125	140	1.02364
125	141	1.02799
125	149	0.97932
125	152	1.00559
125	153	1.00709
125	154	1.13154
125	157	1.00307
125	163	1.15753
125	164	1.21769
125	165	1.14335
125	168	1.39322
125	174	0.908291
125	180	0.893044
126	4	0.897453
126	14	0.990852
126	25	1.0305
126	37	1.02107
126	55	0.992949
126	56	0.902352
126	74	0.964946
126	89	0.929515
126	90	0.925313
126	93	0.973939
126	94	0.970505
126	101	0.963714
126	102	0.972848
126	109	0.947367
126	112	0.96368
126	115	0.961493
126	117	1.02541
126	131	1.20229
126	136	1.19157
126	137	1.07955
126	141	0.987189
126	144	0.943245
126	146	1.16921
126	149	0.938521
126	154	1.25953
126	155	0.95829
126	156	1.32415
126	158	1.18277
126	167	1.31138
126	170	0.976663
126	171	1.51274
126	172	0.970838
126	174	0.867492
127	5	1.05775
127	47	0.957396
127	62	1.00278
127	66	0.971539
127	69	0.974408
127	72	1.02127
127	78	1.00743
127	81	1.06035
127	88	1.03256
127	103	1.05616
127	109	0.99136
127	110	0.907482
127	111	1.02186
127	120	0.981024
127	123	0.989564
127	124	0.964418
127	128	0.975105
127	130	1.01811
127	132	1.02839
127	133	0.983065
127	135	1.22243
127	138	1.01254
127	139	1.09456
127	143	1.01397
127	148	0.95682
127	153	1.02861
127	161	1.00598
127	165	1.08365
127	166	0.894722
127	168	1.33352
127	172	1.01483
127	177	1.36168
127	178	1.14372
128	5	1.02266
128	12	0.910626
128	14	1.15554
128	24	0.983055
128	37	1.04049
128	47	0.922307
128	52	1.05656
128	58	1.00771
128	74	1.11655
128	85	1.24387
128	91	0.984166
128	97	0.993219
128	107	0.991579
128	108	0.926776
128	111	0.986775
128	125	0.971911
128	127	0.975105
128	132	0.993304
128	133	0.947976
128	138	0.977449
128	140	0.991743
128	147	0.913397
128	150	0.965103
128	155	1.07733
128	157	0.971177
128	158	0.984826
128	159	0.967483
128	163	0.952278
128	167	0.954766
128	168	0.905247
128	170	0.94833
128	173	0.961826
128	179	0.870563
129	12	0.965398
129	29	1.11708
129	41	1.08441
129	42	1.09112
129	43	0.686541
129	45	1.08351
129	46	0.994351
129	58	1.06248
129	60	1.10601
129	84	1.0708
129	96	1.04491
129	97	1.04799
129	98	0.817117
129	106	0.999411
129	107	1.04635
129	108	0.981549
129	110	0.830155
129	113	1.02221
129	118	0.952359
129	119	0.897315
129	125	1.02668
129	130	1.03779
129	131	0.937285
129	134	1.04482
129	140	1.04652
129	145	0.941307
129	147	1.25511
129	149	1.0022
129	157	1.02595
129	160	1.20488
129	173	1.03294
129	174	0.931169
129	175	1.6098
129	178	1.0664
130	4	1.30741
130	8	0.861136
130	36	0.956166
130	39	0.797164
130	40	1.01565
130	57	1.11267
130	58	1.05072
130	76	1.00504
130	79	1.10852
130	89	1.09544
130	103	1.06408
130	104	0.956398
130	107	1.03458
130	118	0.940591
130	123	0.99748
130	127	1.01811
130	129	1.03779
130	133	0.990981
130	134	1.03305
130	140	1.03475
130	143	1.02188
130	147	0.956402
130	153	1.03653
130	156	0.981023
130	164	0.976576
130	165	1.00672
130	166	0.902638
130	168	0.948252
130	170	0.843196
130	173	1.00483
130	174	0.919402
130	176	0.903318
130	178	0.983255
130	180	0.904154
131	44	1.08008
131	47	1.34583
131	61	0.928539
131	88	0.890634
131	98	1.03199
131	116	1.14139
131	117	0.941848
131	120	0.980886
131	126	1.20229
131	129	0.937285
131	132	1.04165
131	139	0.989674
131	142	0.933297
131	145	0.997739
131	146	0.996417
131	148	1.00647
131	151	0.984353
131	152	0.993657
131	154	0.965178
131	155	0.970702
131	157	0.985177
131	158	1.00026
131	159	0.982918
131	162	0.960882
131	165	0.979147
131	168	0.920683
131	169	0.956936
131	171	0.914223
131	175	0.862637
131	176	0.875748
131	177	0.90013
131	178	0.955685
131	179	0.885999
132	18	1.04755
132	31	0.987751
132	47	0.975595
132	62	1.02097
132	65	1.06682
132	66	0.989739
132	68	0.880621
132	69	0.992608
132	72	1.03947
132	76	1.01532
132	78	1.02563
132	81	1.07855
132	88	1.05076
132	103	1.07436
132	105	0.812818
132	111	1.04006
132	123	1.00776
132	124	0.982617
132	127	1.02839
132	128	0.993304
132	131	1.04165
132	133	1.00126
132	138	1.03074
132	143	1.03217
132	146	1.00857
132	150	1.10284
132	152	0.972927
132	153	1.04681
132	158	1.02213
132	159	1.09971
132	161	1.03301
132	166	0.912921
132	172	1.03303
132	174	1.53753
132	178	1.17076
133	5	1.03062
133	18	1.00222
133	21	0.913366
133	22	0.997262
133	31	0.942423
133	47	0.930267
133	62	0.975646
133	66	0.944411
133	69	0.94728
133	76	0.969996
133	78	0.9803
133	81	1.03322
133	103	1.02904
133	111	0.994735
133	121	1.03368
133	123	0.962435
133	124	0.937289
133	127	0.983065
133	128	0.947976
133	130	0.990981
133	132	1.00126
133	135	1.2654
133	137	1.01955
133	138	0.985409
133	143	0.986839
133	152	0.988854
133	156	1.17944
133	160	1.32517
133	164	1.20095
133	165	1.12661
133	166	0.867593
133	169	1.08958
133	172	0.987702
133	176	1.55602
133	178	1.18669
134	12	0.960656
134	17	0.944352
134	29	1.11234
134	30	1.2937
134	41	1.07967
134	42	1.08637
134	45	1.07877
134	46	0.989609
134	58	1.05774
134	60	1.10127
134	84	1.06606
134	96	1.04016
134	97	1.04325
