1	107	0.645708
1	111	0.65298
1	128	0.618133
1	135	1.25657
1	145	0.628585
1	157	1.32978
1	173	1.18953
1	174	1.13093
1	175	1.16
1	176	0.579396
1	177	1.21419
1	180	1.11907
2	10	1.06566
2	112	1.14794
2	123	0.853804
2	136	0.667189
2	147	0.87581
2	157	1.16641
2	169	1.07262
2	173	1.02617
2	174	0.967566
2	178	0.997956
2	179	0.822213
2	180	0.955708
3	20	1.12438
3	54	1.21828
3	56	0.604883
3	63	1.31124
3	68	1.15816
3	99	1.19826
3	100	0.782288
3	148	0.85139
3	149	1.2695
3	162	1.05028
3	171	1.11981
3	173	0.786723
4	53	0.708918
4	78	0.687352
4	154	0.837905
4	156	1.22041
4	161	1.227
4	163	1.24062
4	168	1.24467
4	172	0.999128
4	175	0.937812
4	176	1.24485
4	178	0.904353
4	179	1.22341
5	12	1.08148
5	13	1.1126
5	22	1.18148
5	43	1.23965
5	47	1.21044
5	64	1.16189
5	66	1.29796
5	146	0.618959
5	151	0.534861
5	160	1.22699
5	164	0.654761
5	172	1.15703
6	56	0.693139
6	94	1.15303
6	109	1.15536
6	134	0.932705
6	151	0.71931
6	155	0.818531
6	158	1.20378
6	160	1.22226
6	166	1.22679
6	170	0.906989
6	176	1.23015
6	179	1.2087
7	103	0.799237
7	140	0.812557
7	144	1.20562
7	156	1.18322
7	164	0.800312
7	165	1.2056
7	166	1.20431
7	168	1.20748
7	169	0.804943
7	171	0.858448
7	176	1.20766
7	179	1.18622
8	18	0.541331
8	80	1.19621
8	97	1.2241
8	108	1.25138
8	114	1.24062
8	141	0.930102
8	148	1.11967
8	150	1.13826
8	160	1.22966
8	167	0.782479
8	169	0.665421
8	172	1.16306
9	15	1.33315
9	74	0.659575
9	136	0.483796
9	139	1.16283
9	150	1.18557
9	163	0.682633
9	166	0.65808
9	167	1.16296
9	168	0.646544
9	173	1.18636
9	177	1.21101
9	178	1.15814
10	2	1.06566
10	23	0.773118
10	127	0.7668
10	142	1.10842
10	164	1.08451
10	167	1.03612
10	174	1.00091
10	176	0.844891
10	177	1.08416
10	178	1.0313
10	179	0.833161
10	180	0.98905
11	82	1.29346
11	92	1.21317
11	97	1.20852
11	108	1.23581
11	114	1.22505
11	137	0.582934
11	142	0.732522
11	153	1.1826
11	162	1.04116
11	169	0.736148
11	171	0.789653
11	172	1.23379
12	5	1.08148
12	22	1.01025
12	37	1.11212
12	47	1.0392
12	64	0.99065
12	65	1.01528
12	66	1.12672
12	67	0.98363
12	106	0.912948
12	130	0.960254
12	150	1.08795
12	160	1.05575
13	5	1.1126
13	19	1.10068
13	103	0.906851
13	108	1.19592
13	110	0.981664
13	125	0.964086
13	126	0.901793
13	136	0.965649
13	142	0.890094
13	147	0.913931
13	166	0.936328
13	168	0.939505
14	67	0.840736
14	93	0.907101
14	98	1.05722
14	105	1.07123
14	127	0.777702
14	136	0.689038
14	165	1.10465
14	166	1.10336
14	167	0.984818
14	170	0.984136
14	171	0.988051
14	176	1.10671
15	9	1.33315
15	31	0.682368
15	101	0.662378
15	121	1.28152
15	144	0.608409
15	146	1.22683
15	159	1.25112
15	165	0.587101
15	168	0.583183
15	172	1.01959
15	177	1.19147
15	180	1.09636
16	46	1.19692
16	79	1.20917
16	86	0.672645
16	95	1.28696
16	98	1.17795
16	105	1.19196
16	151	1.22801
16	167	0.766746
16	169	0.649688
16	171	1.10878
16	172	1.14733
16	180	0.844513
17	22	0.734752
17	36	1.26934
17	62	0.57576
17	82	0.567703
17	105	1.21777
17	120	1.20912
17	126	0.649486
17	127	0.586874
17	171	1.13459
17	176	1.25325
17	179	1.2318
17	180	1.08429
18	8	0.541331
18	22	0.744926
18	70	0.571595
18	159	1.31496
18	160	0.674977
18	166	0.682669
18	167	1.20727
18	172	1.08344
18	173	1.23066
18	175	1.20113
18	178	1.20245
18	180	1.1602
19	13	1.10068
19	38	0.485451
19	40	1.33944
19	53	0.547698
19	79	1.3021
19	95	1.37989
19	98	1.27088
19	105	1.28489
19	106	0.566236
19	121	0.530523
19	151	1.32094
19	171	1.20171
19	172	1.14511
20	3	1.12438
20	59	1.03766
20	94	0.846415
20	98	1.05345
20	99	1.06273
20	105	1.06746
20	123	0.78176
20	124	0.842215
20	137	1.13607
20	171	0.98428
20	179	0.750169
20	180	0.93398
21	98	0.555173
21	101	0.740424
21	109	0.80952
21	120	1.16581
21	133	1.25849
21	134	1.10676
21	157	1.25168
21	165	0.665146
21	170	1.08736
21	174	1.05283
21	177	1.13609
21	179	0.653504
21	180	1.04097
22	5	1.18148
22	12	1.01025
22	17	0.734752
22	18	0.744926
22	37	1.21212
22	47	1.1392
22	64	1.09065
22	66	1.22672
22	67	1.08363
22	148	0.964821
22	159	0.778785
22	160	1.15575
22	178	0.964676
23	10	0.773118
23	45	0.714976
23	112	0.638979
23	123	1.30482
23	141	1.16133
23	147	1.3162
23	152	0.750491
23	154	0.756668
23	158	1.31559
23	165	1.3399
23	168	1.34178
23	177	0.74226
23	179	1.32051
24	81	0.578881
24	91	1.19886
24	99	1.20766
24	128	0.662589
24	131	1.23176
24	136	1.27384
24	146	1.20938
24	158	0.648476
24	171	1.12921
24	173	1.14937
24	176	0.623852
24	179	0.612122
25	55	0.886328
25	83	1.07253
25	124	1.12119
25	152	0.895793
25	158	1.13655
25	159	0.782527
25	161	1.14507
25	165	1.16086
25	166	1.15956
25	169	0.872758
25	170	0.935906
25	176	1.16292
25	179	1.14147
26	65	0.974568
26	90	0.769363
26	102	0.870888
26	111	1.15106
26	132	0.874009
26	143	0.893189
26	158	1.16498
26	159	0.863243
26	161	1.1735
26	163	1.18712
26	168	1.19117
26	176	1.19135
26	179	1.1699
27	77	1.20603
27	87	0.678606
27	107	0.723924
27	134	1.12235
27	135	1.19406
27	145	0.706801
27	164	1.15203
27	165	0.657524
27	169	1.17348
27	173	1.12703
27	174	1.06842
27	176	0.657612
27	180	1.05657
28	107	0.926582
28	119	1.13218
28	132	1.06575
28	134	1.00838
28	140	1.03927
28	158	0.884894
28	170	0.98898
28	174	0.954453
28	175	0.983524
28	176	0.86027
28	178	0.984843
28	179	0.84854
28	180	0.942595
29	34	0.960274
29	49	0.89148
29	58	1.09717
29	86	1.05639
29	100	1.04249
29	137	1.14509
29	144	0.8603
29	163	0.871162
29	168	0.835073
29	174	0.95486
29	175	0.983931
29	178	0.98525
29	180	0.943002
30	34	1.10362
30	89	1.17912
30	116	1.12975
30	125	1.20601
30	126	1.14371
30	127	1.19427
30	136	1.20757
30	148	0.922666
30	150	0.920632
30	155	0.801552
30	170	0.89001
30	172	0.935882
30	177	0.841666
31	15	0.682368
31	91	1.13266
31	93	1.12772
31	116	1.12981
31	125	1.20607
31	127	1.19433
31	131	1.16556
31	136	1.20763
31	138	0.845642
31	146	0.853975
31	148	0.990213
31	172	0.935945
31	177	0.909213
32	40	0.436337
32	62	1.26892
32	91	0.739555
32	96	0.618659
32	97	0.958568
32	99	1.14067
32	127	0.688513
32	138	1.14539
32	147	1.15512
32	156	1.15644
32	171	1.06222
32	179	1.15943
32	180	1.01192
33	101	0.732589
33	114	0.683265
33	116	0.683943
33	152	1.15706
33	166	0.66493
33	167	1.12224
33	169	1.19209
33	170	1.12156
33	173	1.14563
33	175	1.1161
33	176	0.6574
33	177	1.17029
33	180	1.07517
34	29	0.960274
34	30	1.10362
34	39	1.09023
34	89	1.13655
34	100	0.947126
34	112	0.831946
34	116	1.08718
34	126	1.10115
34	130	0.886493
34	131	1.12292
34	136	1.165
34	153	1.09966
34	172	0.893312
34	173	0.951561
35	109	1.03162
35	121	0.807817
35	144	1.10436
35	147	1.08065
35	151	0.800236
35	160	1.09852
35	161	1.08855
35	163	1.10218
35	164	0.920136
35	166	1.10305
35	168	1.10623
35	174	1.09131
35	175	1.05389
35	179	1.08496
36	17	1.26934
36	61	0.776217
36	100	0.845705
36	103	0.813297
36	144	1.23107
36	147	1.20736
36	149	0.674459
36	154	0.848215
36	158	1.20675
36	161	1.21526
36	163	1.22889
36	164	0.814372
36	166	1.22976
36	179	1.21167
37	12	1.11212
37	22	1.21212
37	43	1.27029
37	45	0.721402
37	47	1.24108
37	49	1.15135
37	64	1.19252
37	66	1.3286
37	67	1.1855
37	110	0.604542
37	130	0.699951
37	150	0.827652
37	154	0.763094
37	160	1.25762
38	19	0.485451
38	84	1.35404
38	100	1.23811
38	129	0.638618
38	131	0.650508
38	132	1.26178
38	144	0.658428
38	161	0.653748
38	165	0.637119
38	170	1.18501
38	173	1.20909
38	175	1.17955
38	177	1.23374
38	180	1.13863
39	34	1.09023
39	62	1.25626
39	98	1.11873
39	99	1.12801
39	105	1.13274
39	126	1.13033
39	132	0.804323
39	136	1.19419
39	137	0.730574
39	150	0.977557
39	155	0.858478
39	167	1.00085
39	171	1.04956
40	19	1.33944
40	32	0.436337
40	46	1.20557
40	49	0.886429
40	79	1.21782
40	95	1.29561
40	98	1.1866
40	102	1.52734
40	105	1.20062
40	133	0.380889
40	151	1.23666
40	171	1.11743
40	172	0.966604
40	177	0.483766
41	76	1.17718
41	78	0.709254
41	110	0.701255
41	113	1.20952
41	139	0.893305
41	151	0.706063
41	158	1.22086
41	161	1.22937
41	163	1.243
41	168	1.24705
41	170	0.893742
41	173	0.861732
41	176	1.24723
41	179	1.22578
42	104	0.834451
42	122	1.07698
42	133	1.22657
42	145	0.750438
42	153	0.750818
42	154	1.10559
42	160	0.701087
42	169	1.12596
42	173	1.07951
42	174	1.02091
42	177	1.10416
42	178	1.0513
42	179	0.689519
42	180	1.00905
43	5	1.23965
43	37	1.27029
43	47	1.19737
43	51	1.3029
43	64	1.14882
43	66	1.28489
43	67	1.1418
43	69	0.559546
43	119	0.602951
43	138	0.66239
43	152	0.734192
43	160	1.21391
43	162	1.00585
43	172	1.2088
44	59	1.19635
44	62	1.34967
44	63	1.3344
44	68	1.18132
44	99	1.22142
44	100	0.816263
44	137	0.636347
44	141	1.081
44	143	0.729276
44	148	0.885365
44	149	1.29266
44	150	0.88333
44	171	1.14297
44	173	0.820699
45	23	0.714976
45	37	0.721402
45	124	0.867065
45	128	0.825486
45	135	1.13513
45	137	1.19973
45	159	1.15239
45	165	0.786661
45	167	1.0447
45	169	1.11455
45	171	1.04794
45	173	1.06809
45	178	1.03988
45	180	0.997635
46	16	1.19692
46	40	1.20557
46	52	0.820959
46	79	1.16823
46	95	1.24602
46	98	1.13701
46	105	1.15102
46	122	0.867846
46	130	1.14018
46	139	0.906945
46	143	0.78395
46	151	1.18707
46	164	0.839603
46	171	1.06784
46	177	0.859039
47	5	1.21044
47	12	1.0392
47	22	1.1392
47	37	1.24108
47	43	1.19737
47	55	0.799377
47	64	1.11961
47	66	1.25568
47	67	1.11259
47	115	0.703442
47	130	0.751877
47	139	0.848518
47	148	0.881612
47	160	1.1847
47	162	1.08051
48	118	1.15613
48	124	1.17372
48	138	0.783966
48	139	0.895444
48	140	0.840346
48	152	0.855768
48	155	0.807424
48	156	1.19102
48	158	1.18909
48	161	1.1976
48	165	1.2134
48	171	0.886238
48	172	0.969733
48	176	1.21546
48	179	1.19401
49	29	0.89148
49	37	1.15135
49	40	0.886429
49	79	1.21986
49	97	0.983093
49	108	1.01038
49	114	0.999618
49	136	1.04994
49	138	0.961051
49	140	0.924258
49	168	0.996362
49	174	0.839438
49	176	0.996542
49	177	0.922695
49	179	0.975095
50	75	1.31167
50	76	0.646414
50	109	0.720261
50	118	0.744311
50	123	0.595837
50	128	0.614713
50	150	1.16629
50	155	1.19985
50	156	0.627127
50	164	1.19208
50	169	1.21353
50	172	1.01985
50	174	1.10848
50	177	1.19173
50	180	1.09662
51	43	1.3029
51	67	1.21812
51	102	0.977658
51	108	1.31196
51	125	1.32252
51	136	1.32408
51	141	1.03393
51	143	0.708964
51	154	0.79846
51	159	0.679017
51	160	1.29023
51	169	0.769248
51	172	1.0524
51	177	0.784053
52	46	0.820959
52	54	0.754892
52	59	0.764168
52	97	1.11576
52	98	0.665893
52	108	1.14304
52	114	1.13228
52	116	0.802497
52	132	1.0834
52	165	1.12715
52	175	1.00117
52	176	1.12921
52	179	1.10776
52	180	0.960245
53	4	0.708918
53	19	0.547698
53	75	1.2751
53	135	1.19754
53	139	1.10699
53	141	1.04839
53	153	0.749024
53	157	1.27075
53	159	1.21481
53	161	0.715995
53	165	0.699366
53	167	1.10712
53	169	1.17696
53	176	0.699454
53	178	1.1023
54	3	1.21828
54	52	0.754892
54	59	1.13156
54	62	1.28488
54	63	1.26961
54	68	1.11653
54	86	0.801124
54	99	1.15663
54	141	1.01622
54	148	0.873972
54	149	1.22788
54	150	0.871937
54	154	0.807379
54	171	1.07818
54	178	0.873827
55	25	0.886328
55	47	0.799377
55	71	1.2027
55	143	1.15584
55	153	0.862368
55	154	1.06873
55	161	0.829339
55	163	0.844882
55	164	1.06765
55	172	0.895425
55	173	1.04265
55	175	1.01312
55	177	1.0673
55	178	1.01444
55	180	0.972188
56	3	0.604883
56	6	0.693139
56	92	0.700302
56	112	1.28585
56	118	0.816863
56	161	0.665068
56	162	1.08177
56	164	1.18908
56	166	0.656057
56	169	1.21053
56	170	1.14001
56	173	1.16408
56	174	1.10548
56	175	1.13455
56	177	1.18874
57	106	0.77275
57	113	1.14669
57	138	0.80522
57	143	0.793703
57	145	1.15836
57	147	1.15865
57	155	0.828678
57	156	1.15996
57	161	1.16655
57	163	1.18017
57	165	1.18234
57	170	0.917135
57	176	1.1844
57	178	0.949648
57	179	1.16296
58	29	1.09717
58	103	1.1694
58	113	0.753387
58	115	1.14569
58	122	1.10121
58	129	0.694706
58	142	1.15264
58	150	1.10294
58	152	1.11516
58	155	1.1365
58	163	0.725379
58	168	0.68929
58	173	1.10373
58	176	0.693296
58	178	1.07552
58	179	0.681566
59	20	1.03766
59	44	1.19635
59	52	0.764168
59	54	1.13156
59	62	1.23979
59	63	1.22452
59	68	1.07143
59	86	0.8104
59	99	1.11154
59	130	0.753513
59	141	0.971123
59	148	0.883248
59	149	1.18278
59	164	0.782812
59	171	1.03309
59	172	1.28509
60	68	0.797887
60	72	1.05692
60	85	0.737518
60	95	0.584252
60	97	1.13551
60	114	1.15204
60	120	1.10484
60	127	0.699137
60	131	0.790528
60	136	0.610473
60	144	1.14692
60	157	1.19071
60	163	1.14473
60	174	0.991859
60	176	1.14896
60	179	1.12752
61	36	0.776217
61	62	0.667239
61	115	1.12812
61	122	1.08364
61	123	0.776305
61	135	1.15319
61	136	0.589689
61	139	1.06264
61	142	1.13507
61	152	1.09759
61	157	1.22641
61	159	1.17046
61	165	0.756355
61	173	1.08616
61	175	1.05663
61	176	0.756444
62	17	0.57576
62	32	1.26892
62	39	1.25626
62	44	1.34967
62	54	1.28488
62	59	1.23979
62	61	0.667239
62	68	1.22475
62	99	1.26486
62	100	0.736727
62	130	0.676094
62	141	1.12444
62	142	0.706398
62	164	0.705394
62	171	1.1864
62	172	1.20767
63	3	1.31124
63	44	1.3344
63	54	1.26961
63	59	1.22452
63	68	1.20948
63	71	0.431577
63	99	1.24958
63	102	1.57551
63	141	1.10917
63	149	1.32083
63	150	0.610904
63	152	0.54017
63	171	1.17113
63	172	1.01478
63	174	0.683674
63	178	0.612795
64	5	1.16189
64	12	0.99065
64	22	1.09065
64	37	1.19252
64	43	1.14882
64	47	1.11961
64	66	1.20713
64	67	1.06404
64	69	0.580887
64	86	1.08846
64	121	0.615548
64	141	0.997178
64	160	1.13615
64	162	1.0272
64	172	1.23014
64	180	0.927323
65	12	1.01528
65	26	0.974568
65	78	1.1012
65	102	0.760503
65	103	1.04813
65	112	1.10424
65	116	0.846867
65	120	1.03684
65	123	0.840184
65	133	1.12953
65	138	1.04548
65	155	1.01523
65	157	1.12271
65	161	0.836864
65	174	0.923863
65	180	0.912005
66	5	1.29796
66	12	1.12672
66	22	1.22672
66	37	1.3286
66	43	1.28489
66	47	1.25568
66	64	1.20713
66	67	1.20011
66	71	0.667987
66	103	0.747839
66	110	0.624206
66	141	1.01823
66	142	0.749918
66	149	0.609001
66	160	1.27222
66	162	1.04824
67	12	0.98363
67	14	0.840736
67	22	1.08363
67	37	1.1855
67	43	1.1418
67	47	1.11259
67	51	1.21812
67	64	1.06404
67	66	1.20011
67	71	0.698614
67	86	1.08144
67	146	0.743739
67	155	0.758863
67	160	1.12913
67	172	1.28181
67	174	0.950712
68	3	1.15816
68	44	1.18132
68	54	1.11653
68	59	1.07143
68	60	0.797887
68	62	1.22475
68	63	1.20948
68	90	0.635778
68	99	1.0965
68	139	0.882599
68	140	0.827502
68	141	0.956089
68	142	0.816261
68	149	1.16775
68	171	1.01805
68	172	1.31753
69	43	0.559546
69	64	0.580887
69	93	0.698927
69	98	1.25171
69	105	1.26572
69	116	0.674162
69	123	1.26406
69	125	0.662995
69	131	0.660919
69	132	1.2554
69	136	0.480864
69	165	1.29914
69	171	1.18254
69	177	1.22736
69	178	1.17449
69	179	1.27976
70	18	0.571595
70	85	1.26812
70	96	1.23758
70	116	1.19182
70	125	1.26808
70	126	1.20579
70	127	1.25634
70	131	1.22757
70	136	1.26964
70	142	0.692058
70	149	1.27471
70	150	0.789455
70	162	0.990383
70	167	0.812743
70	173	0.726823
70	178	0.791346
71	55	1.2027
71	63	0.431577
71	66	0.667987
71	67	0.698614
71	74	0.722696
71	110	1.32056
71	134	1.1754
71	142	1.22899
71	152	1.19151
71	156	0.764822
71	162	1.09777
71	164	1.20508
71	165	0.713583
71	166	0.721201
71	174	1.12147
71	177	1.20473
71	178	1.15187
72	60	1.05692
72	80	1.08364
72	82	1.19648
72	92	1.11619
72	108	1.13882
72	114	1.12806
72	118	0.172473
72	119	0.973729
72	130	1.048
72	137	0.928722
72	148	1.00711
72	150	1.02569
72	153	1.08561
72	160	1.1171
72	162	0.944173
72	173	1.11307
72	174	1.24848
73	77	0.68067
73	101	1.18013
73	108	1.23674
73	114	1.22598
73	120	0.722342
73	124	1.18117
73	126	1.18501
73	127	1.23556
73	131	1.20679
73	155	0.783475
73	161	1.20505
73	162	1.04209
73	167	0.925842
73	170	0.871933
73	173	0.839923
73	175	0.937904
73	179	1.20146
74	9	0.659575
74	71	0.722696
74	107	1.15524
74	110	0.678915
74	117	1.20333
74	129	1.24156
74	138	0.759487
74	139	0.870965
74	158	1.1928
74	162	1.03835
74	165	1.2171
74	166	1.21581
74	168	1.21898
74	174	0.974794
74	176	1.21916
74	178	0.903915
74	179	1.19772
75	50	1.31167
75	53	1.2751
75	90	1.28063
75	94	0.680285
75	107	0.662081
75	152	1.17604
75	153	0.645339
75	155	1.19738
75	156	0.646921
75	163	0.627852
75	167	1.14122
75	170	1.14054
75	174	1.10601
75	175	1.13508
75	176	0.595769
75	178	1.1364
75	179	0.584039
76	41	1.17718
76	50	0.646414
76	121	0.752717
76	124	1.10524
76	128	1.19482
76	129	1.16938
76	133	0.781594
76	140	0.87728
76	143	0.809383
76	158	1.12061
76	161	1.12912
76	163	1.14275
76	165	1.14491
76	166	1.14362
76	174	1.03621
76	176	1.14697
76	179	1.12553
76	180	1.06449
77	27	1.20603
77	73	0.68067
77	90	1.21505
77	131	0.684415
77	137	1.23065
77	140	1.12524
77	147	0.712981
77	157	1.23927
77	158	0.695738
77	161	0.687655
77	163	0.703198
77	164	1.12402
77	169	1.14548
77	170	1.07495
77	173	1.09902
77	175	1.06949
77	176	0.671115
77	178	1.07081
78	4	0.687352
78	41	0.709254
78	65	1.1012
78	87	0.698882
78	89	0.693906
78	101	0.753078
78	115	1.18071
78	138	1.20176
78	139	1.11523
78	140	1.16497
78	143	1.25195
78	160	0.677727
78	163	0.709972
78	167	1.11536
78	170	1.11468
78	174	1.08015
78	177	1.16341
78	178	1.11054
79	16	1.20917
79	19	1.3021
79	40	1.21782
79	46	1.16823
79	49	1.21986
79	95	1.25827
79	98	1.14926
79	105	1.16327
79	112	0.713919
79	130	1.15243
79	135	0.709785
79	137	0.649182
79	148	0.898201
79	151	1.19932
79	157	0.675631
79	169	0.802396
79	171	1.08009
80	8	1.19621
80	72	1.08364
80	82	1.24718
80	92	1.16689
80	97	1.16224
80	106	0.78214
80	108	1.18952
80	114	1.17876
80	119	0.75517
80	150	1.07639
80	152	0.886412
80	153	1.13631
80	155	0.838067
80	159	0.773146
80	160	1.1678
80	162	0.994873
80	174	1.02992
80	175	0.992496
81	24	0.578881
81	129	1.29112
81	133	0.666185
81	142	0.750631
81	145	1.24267
81	147	1.24296
81	151	0.629727
81	158	1.24235
81	163	1.26449
81	164	0.749627
81	165	1.26666
81	166	1.26536
81	168	1.26854
81	170	0.817406
81	174	0.920798
81	176	1.26872
81	179	1.24727
81	180	0.949083
82	11	1.29346
82	17	0.567703
82	72	1.19648
82	80	1.24718
82	86	0.724924
82	92	1.27972
82	97	1.27507
82	102	0.968056
82	114	1.2916
82	139	0.764677
82	141	0.966647
82	143	0.641683
82	148	1.17065
82	150	1.18923
82	159	0.611736
82	160	1.28063
82	162	1.10771
82	172	1.19961
82	180	0.896792
83	25	1.07253
83	90	0.785834
83	115	0.887578
83	118	1.0673
83	121	0.852994
83	133	0.881871
83	142	0.966317
83	144	1.12459
83	145	1.10058
83	147	1.10087
83	156	1.10219
83	161	1.10877
83	163	1.1224
83	165	1.12457
83	166	1.12327
83	168	1.12645
83	173	1.00108
83	176	1.12663
83	177	0.984749
84	38	1.35404
84	99	0.608163
84	106	1.25002
84	119	1.2841
84	123	0.628538
84	125	0.624054
84	129	0.610088
84	137	1.29661
84	139	1.14145
84	153	0.658247
84	157	1.30522
84	160	0.608515
84	164	1.18998
84	168	0.604671
84	170	1.1409
84	174	1.10637
84	178	1.13676
84	179	0.596947
84	180	1.09452
85	60	0.737518
85	70	1.26812
85	91	1.19245
85	96	1.23537
85	112	0.671041
85	116	1.18961
85	125	1.26586
85	126	1.20357
85	127	1.25413
85	131	1.22535
85	136	1.26743
85	137	0.606305
85	150	0.853289
85	153	1.20209
85	155	0.734209
85	162	1.05422
85	164	0.754888
85	172	0.995739
85	180	0.954344
86	16	0.672645
86	29	1.05639
86	54	0.801124
86	59	0.8104
86	64	1.08846
86	67	1.08144
86	82	0.724924
86	99	0.821672
86	127	0.744095
86	131	0.835486
86	144	1.15941
86	152	1.07438
86	159	1.14725
86	160	1.15356
86	165	1.15939
86	167	1.03956
86	170	1.03887
86	176	1.16145
86	179	1.14
87	27	0.678606
87	78	0.698882
87	118	1.14976
87	123	1.17195
87	124	1.16736
87	140	0.827836
87	142	0.816596
87	144	1.20705
87	145	1.18304
87	147	1.18334
87	154	0.849434
87	158	1.18272
87	161	1.19123
87	165	1.20703
87	166	1.20573
87	172	0.963364
87	175	0.949342
87	177	0.835027
87	178	0.915883
87	179	1.18764
88	118	1.13229
88	123	1.15447
88	135	0.746827
88	140	0.847052
88	144	1.18957
88	145	1.16557
88	150	1.09232
88	152	0.862475
88	157	0.712674
88	158	1.16525
88	159	0.749208
88	161	1.17376
88	163	1.18738
88	165	1.18955
88	166	1.18826
88	173	0.870577
88	176	1.19161
88	178	0.9351
88	179	1.17017
88	180	1.03426
89	30	1.17912
89	34	1.13655
89	78	0.693906
89	91	1.16553
89	93	1.1606
89	96	1.20845
89	116	1.16268
89	121	0.698296
89	122	0.838858
89	126	1.17665
89	127	1.2272
89	130	0.781315
89	131	1.19843
89	136	1.24051
89	150	0.909016
89	153	1.17517
89	159	0.725015
89	162	1.10994
89	172	0.968817
89	178	0.910907
90	26	0.769363
90	68	0.635778
90	75	1.28063
90	77	1.21505
90	83	0.785834
90	104	0.748321
90	111	0.688703
90	114	0.640984
90	140	1.16226
90	142	1.18496
90	157	1.27629
90	159	1.22034
90	163	0.647202
90	164	1.16105
90	167	1.11265
90	173	1.13604
90	174	1.07744
90	176	0.615119
90	178	1.10783
90	180	1.06558
91	24	1.19886
91	31	1.13266
91	32	0.739555
91	85	1.19245
91	89	1.16553
91	93	1.11406
91	96	1.16192
91	116	1.11615
91	125	1.19241
91	127	1.18067
91	131	1.1519
91	136	1.19397
91	139	0.83489
91	141	1.03686
91	149	1.19904
91	169	0.772179
91	171	0.825684
91	173	0.803317
91	177	0.786984
91	178	0.86784
92	11	1.21317
92	56	0.700302
92	72	1.11619
92	80	1.16689
92	82	1.27972
92	97	1.19478
92	108	1.22207
92	114	1.21131
92	135	0.758392
92	140	0.858617
92	142	0.847377
92	148	1.09036
92	149	0.70646
92	150	1.10894
92	153	1.16886
92	160	1.20034
92	162	1.02742
92	175	0.980123
92	177	0.865808
92	178	0.946664
93	14	0.907101
93	31	1.12772
93	69	0.698927
93	89	1.1606
93	91	1.11406
93	96	1.15699
93	116	1.11122
93	125	1.18748
93	126	1.12519
93	127	1.17574
93	131	1.14697
93	136	1.18904
93	137	0.697324
93	151	1.16365
93	153	1.1237
93	154	0.879749
93	164	0.845907
93	170	0.913686
93	172	0.917354
93	175	0.979657
93	178	0.946198
94	6	1.15303
94	20	0.846415
94	75	0.680285
94	107	1.07598
94	117	1.12408
94	128	1.18775
94	143	0.823461
94	156	1.11547
94	158	1.11354
94	159	0.793514
94	161	1.12205
94	163	1.13568
94	164	0.879114
94	165	1.13785
94	166	1.13655
94	168	1.13973
94	171	0.93725
94	175	1.01286
94	176	1.13991
94	177	0.89855
94	179	1.11846
95	16	1.28696
95	19	1.37989
95	40	1.29561
95	46	1.24602
95	60	0.584252
95	79	1.25827
95	98	1.22705
95	105	1.24107
95	130	1.23023
95	134	0.695117
95	141	0.870934
95	143	0.545969
95	151	1.27711
95	154	0.635465
95	162	0.900951
95	171	1.15788
95	172	1.10389
95	175	0.735372
96	32	0.618659
96	70	1.23758
96	85	1.23537
96	89	1.20845
96	91	1.16192
96	93	1.15699
96	102	1.70966
96	116	1.15907
96	119	0.543078
96	125	1.23533
96	126	1.17304
96	127	1.22359
96	130	0.617354
96	131	1.19482
96	136	1.2369
96	143	0.591
96	151	1.2115
96	162	0.945982
96	172	0.965206
96	174	0.817824
96	177	0.666089
96	180	0.846109
97	8	1.2241
97	11	1.20852
97	32	0.958568
97	49	0.983093
97	52	1.11576
97	60	1.13551
97	80	1.16224
97	82	1.27507
97	92	1.19478
97	106	0.909956
97	108	1.21741
97	110	0.861854
97	114	1.20665
97	115	0.908827
97	130	0.957262
97	132	0.911729
97	148	1.0857
97	149	0.846649
97	150	1.10429
97	153	1.1642
97	162	1.02277
97	163	0.0334237
97	174	1.15773
98	14	1.05722
98	16	1.17795
98	19	1.27088
98	20	1.05345
98	21	0.555173
98	39	1.11873
98	40	1.1866
98	46	1.13701
98	52	0.665893
98	69	1.25171
98	79	1.14926
98	95	1.22705
98	105	1.13205
98	130	1.12121
98	134	0.778032
98	141	0.953848
98	148	0.784973
98	151	1.1681
98	162	0.983866
98	167	0.806225
98	171	1.04887
98	172	1.18681
98	174	0.855708
99	3	1.19826
99	20	1.06273
99	24	1.20766
99	32	1.14067
99	39	1.12801
99	44	1.22142
99	54	1.15663
99	59	1.11154
99	62	1.26486
99	63	1.24958
99	68	1.0965
99	84	0.608163
99	86	0.821672
99	110	0.669375
99	141	0.996191
99	148	0.894519
99	149	1.20785
99	150	0.892485
99	162	1.09341
99	170	0.861863
99	171	1.05815
99	173	0.829853
99	178	0.894375
100	3	0.782288
100	29	1.04249
100	34	0.947126
100	36	0.845705
100	38	1.23811
100	44	0.816263
100	62	0.736727
100	106	1.13409
100	121	1.16375
100	140	1.07526
100	141	0.966924
100	142	1.09796
100	144	0.847152
100	155	1.08181
100	164	1.07405
100	167	1.02565
100	169	1.0955
100	174	0.990443
100	175	1.01951
100	176	0.825932
100	177	1.0737
100	178	1.02083
100	179	0.814202
101	15	0.662378
101	21	0.740424
101	33	0.732589
101	73	1.18013
101	78	0.753078
101	111	1.13396
101	123	1.13711
101	124	1.13252
101	130	1.12793
101	133	0.786345
101	144	1.17221
101	145	1.14821
101	150	1.07496
101	155	0.849109
101	156	1.14981
101	163	1.17002
101	165	1.17219
101	168	1.17407
101	169	0.874418
101	173	0.905556
101	176	1.17425
101	179	1.1528
101	180	1.06924
102	26	0.870888
102	40	1.52734
102	51	0.977658
102	63	1.57551
102	65	0.760503
102	82	0.968056
102	96	1.70966
102	114	0.899638
102	123	0.859422
102	136	1.69085
102	140	0.824278
102	143	0.911256
102	152	0.809489
102	153	0.857188
102	157	0.938305
102	158	0.870194
102	162	0.715751
102	167	0.774667
102	175	0.768529
102	176	0.896562
102	177	0.822715
102	179	0.875114
103	7	0.799237
103	13	0.906851
103	36	0.813297
103	58	1.1694
103	65	1.04813
103	66	0.747839
103	119	1.20481
103	146	1.1457
103	147	0.83539
103	148	1.06632
103	152	1.09712
103	154	1.11178
103	156	0.844674
103	161	0.810064
103	164	1.11069
103	170	1.06161
103	172	0.938466
103	175	1.05616
103	176	0.793523
103	177	1.11034
103	178	1.05748
103	179	0.781793
103	180	1.01523
104	42	0.834451
104	90	0.748321
104	109	1.07252
104	111	1.10701
104	117	1.13147
104	120	0.845989
104	123	1.11017
104	130	1.10098
104	144	1.14526
104	145	1.12126
104	148	1.02943
104	149	0.787887
104	157	0.805666
104	161	1.12945
104	163	1.14308
104	165	1.14524
104	166	1.14395
104	168	1.14712
104	169	0.932431
104	170	0.995579
104	173	0.963569
104	176	1.1473
104	177	0.947235
104	179	1.12586
105	14	1.07123
105	16	1.19196
105	17	1.21777
105	19	1.28489
105	20	1.06746
105	39	1.13274
105	40	1.20062
105	46	1.15102
105	69	1.26572
105	79	1.16327
105	95	1.24107
105	98	1.13205
105	112	0.624472
105	130	1.13523
105	133	0.624876
105	141	0.97763
105	148	0.808754
105	150	0.806719
105	151	1.18211
105	162	1.00765
105	167	0.830007
105	171	1.06289
105	172	1.21059
105	175	0.842069
105	177	0.727754
106	12	0.912948
106	19	0.566236
106	57	0.77275
106	80	0.78214
106	84	1.25002
106	97	0.909956
106	100	1.13409
106	135	1.1721
106	142	1.15397
106	146	1.16507
106	154	1.13115
106	155	1.13783
106	161	0.734533
106	164	1.13007
106	165	0.717904
106	167	1.08167
106	170	1.08099
106	174	1.04646
106	175	1.07553
106	176	0.717992
106	177	1.12972
106	178	1.07685
106	179	0.706262
106	180	1.0346
107	1	0.645708
107	27	0.723924
107	28	0.926582
107	74	1.15524
107	75	0.662081
107	94	1.07598
107	117	1.13727
107	124	1.11137
107	128	1.20095
107	145	1.12706
107	146	0.825108
107	147	1.12735
107	152	0.888577
107	153	1.11373
107	156	1.12866
107	159	0.77531
107	161	1.13525
107	163	1.14887
107	165	1.15104
107	166	1.14974
107	167	0.982599
107	168	1.15292
107	176	1.1531
107	177	0.880346
107	179	1.13165
107	180	1.06037
108	8	1.25138
108	11	1.23581
108	13	1.19592
108	49	1.01038
108	51	1.31196
108	52	1.14304
108	72	1.13882
108	73	1.23674
108	80	1.18952
108	92	1.22207
108	97	1.21741
108	114	1.23394
108	119	0.634501
108	133	0.654634
108	135	0.650095
108	146	0.702273
108	148	1.11299
108	149	0.598163
108	150	1.13157
108	152	0.765742
108	153	1.19149
108	160	1.22297
108	162	1.05005
108	171	0.796212
108	172	1.24035
108	175	0.871826
108	180	0.937531
109	6	1.15536
109	21	0.80952
109	35	1.03162
109	50	0.720261
109	104	1.07252
109	111	1.10194
109	115	0.861149
109	118	1.08291
109	137	0.7903
109	145	1.11619
109	147	1.11648
109	150	1.04295
109	151	0.818983
109	155	0.918205
109	156	1.1178
109	157	0.816749
109	158	1.11587
109	161	1.12438
109	163	1.13801
109	165	1.14018
109	166	1.13888
109	168	1.14206
109	170	1.00666
109	171	0.997019
109	174	1.11005
109	176	1.14224
109	179	1.12079
110	13	0.981664
110	37	0.604542
110	41	0.701255
110	66	0.624206
110	71	1.32056
110	74	0.678915
110	97	0.861854
110	99	0.669375
110	118	0.838225
110	119	1.27963
110	121	1.27521
110	135	1.22754
110	137	1.29213
110	139	1.13698
110	152	1.17193
110	154	1.18659
110	159	1.2448
110	160	0.669728
110	167	1.13711
110	168	0.665883
110	170	1.13643
110	174	1.1019
110	176	0.66989
110	177	1.18516
110	178	1.13229
110	179	0.65816
110	180	1.09004
111	1	0.65298
111	26	1.15106
111	90	0.688703
111	101	1.13396
111	104	1.10701
111	109	1.10194
111	118	1.11741
111	122	0.896425
111	123	1.13959
111	124	1.135
111	128	1.22458
111	140	0.880427
111	142	0.869187
111	145	1.15069
111	146	0.83238
111	147	1.15098
111	149	0.72827
111	159	0.782583
111	161	1.15888
111	163	1.1725
111	164	0.868182
111	165	1.17467
111	166	1.17338
111	167	0.989871
111	168	1.17655
111	176	1.17673
111	179	1.15528
111	180	1.06764
112	2	1.14794
112	23	0.638979
112	34	0.831946
112	56	1.28585
112	65	1.10424
112	79	0.713919
112	85	0.671041
112	105	0.624472
112	113	0.770843
112	114	0.736617
112	126	0.695273
112	134	1.13712
112	138	1.20481
112	146	1.2018
112	154	1.16788
112	155	1.17456
112	157	1.28204
112	161	0.727292
112	164	1.1668
112	165	0.710663
112	168	0.706745
112	170	1.11772
112	171	1.12164
112	172	0.994572
112	173	1.14179
112	177	1.16645
112	178	1.11358
112	180	1.07133
113	41	1.20952
113	57	1.14669
113	58	0.753387
113	112	0.770843
113	119	0.751114
113	123	1.14218
113	128	1.22716
113	129	1.20172
113	139	0.922031
113	143	0.799036
113	144	1.17727
113	145	1.15327
113	147	1.15356
113	150	1.08002
113	156	1.15488
113	157	0.732555
113	158	1.15295
113	159	0.76909
113	163	1.17509
113	164	0.854689
113	166	1.17596
113	168	1.17914
113	169	0.85932
113	172	0.93359
113	175	0.98844
113	176	1.17932
113	179	1.15787
113	180	1.05415
114	8	1.24062
114	11	1.22505
114	33	0.683265
114	49	0.999618
114	52	1.13228
114	60	1.15204
114	72	1.12806
114	73	1.22598
114	80	1.17876
114	82	1.2916
114	90	0.640984
114	92	1.21131
114	97	1.20665
114	102	0.899638
114	108	1.23394
114	112	0.736617
114	133	0.737021
114	134	0.913959
114	141	1.08977
114	143	0.76481
114	148	1.10223
114	150	1.12081
114	160	1.21221
114	162	1.03929
114	171	0.8786
114	173	0.856232
114	177	0.839899
114	180	1.01992
115	47	0.703442
115	58	1.14569
115	61	1.12812
115	78	1.18071
115	83	0.887578
115	97	0.908827
115	109	0.861149
115	118	0.885199
115	121	1.17669
115	122	1.05946
115	123	0.736724
115	129	0.718274
115	135	1.12901
115	142	1.11089
115	154	1.08807
115	155	1.09475
115	159	1.14628
115	160	0.716702
115	162	0.979672
115	166	0.724394
115	169	1.10843
115	170	1.03791
115	171	1.04182
115	173	1.06198
115	175	1.03245
115	177	1.08664
115	179	0.705133
115	180	0.991521
116	30	1.12975
116	31	1.12981
116	33	0.683943
116	34	1.08718
116	52	0.802497
116	65	0.846867
116	69	0.674162
116	70	1.19182
116	85	1.18961
116	89	1.16268
116	91	1.11615
116	93	1.11122
116	96	1.15907
116	119	0.717566
116	125	1.18957
116	126	1.12727
116	127	1.17783
116	131	1.14905
116	134	0.914637
116	136	1.19113
116	146	0.785339
116	148	0.921577
116	149	1.1962
116	150	0.919542
116	151	1.16574
116	153	1.12579
116	171	0.879277
116	178	0.921433
117	74	1.20333
117	94	1.12408
117	104	1.13147
117	107	1.13727
117	118	1.14187
117	119	0.771866
117	120	0.793629
117	123	1.16405
117	134	0.968936
117	137	0.726858
117	138	0.831305
117	141	1.02057
117	144	1.19915
117	149	0.735528
117	152	0.903107
117	156	1.17675
117	157	0.753307
117	158	1.17483
117	160	1.19331
117	163	1.19696
117	165	1.19913
117	168	1.20101
117	170	0.94322
117	171	0.933577
117	172	0.955469
117	176	1.20119
117	179	1.17975
117	180	1.0749
118	48	1.15613
118	50	0.744311
118	56	0.816863
118	72	0.172473
118	83	1.0673
118	87	1.14976
118	88	1.13229
118	109	1.08291
118	110	0.838225
118	111	1.11741
118	115	0.885199
118	117	1.14187
118	135	0.874953
118	137	0.814351
118	144	1.15566
118	147	1.13195
118	155	0.942255
118	156	1.13326
118	161	1.13984
118	162	0.976889
118	163	1.15347
118	165	1.15564
118	166	1.15434
118	168	1.15752
118	170	1.03071
118	176	1.1577
118	177	0.982369
118	179	1.13625
118	180	1.16239
119	28	1.13218
119	43	0.602951
119	72	0.973729
119	80	0.75517
119	84	1.2841
119	96	0.543078
119	103	1.20481
119	108	0.634501
119	110	1.27963
119	113	0.751114
119	116	0.717566
119	117	0.771866
119	120	1.19352
119	124	0.771339
119	140	1.16536
119	143	1.25234
119	147	0.73289
119	152	1.15057
119	159	1.22344
119	164	1.16415
119	167	1.11575
119	168	0.687017
119	169	1.1856
119	170	1.11507
119	174	1.08054
119	175	1.10961
119	177	1.1638
119	178	1.11093
119	179	0.679293
119	180	1.06869
120	17	1.20912
120	21	1.16581
120	60	1.10484
120	65	1.03684
120	73	0.722342
120	104	0.845989
120	117	0.793629
120	119	1.19352
120	124	0.793102
120	137	1.20603
120	138	1.13741
120	140	1.10061
120	142	1.12331
120	147	0.754653
120	152	1.08582
120	157	1.21464
120	158	0.73741
120	161	0.729327
120	162	0.992087
120	163	0.74487
120	164	1.0994
120	165	0.712699
120	169	1.12085
120	174	1.01579
120	175	1.04487
120	176	0.712787
120	177	1.09905
120	178	1.04618
120	179	0.701057
120	180	1.00394
121	15	1.28152
121	19	0.530523
121	35	0.807817
121	64	0.615548
121	76	0.752717
121	83	0.852994
121	89	0.698296
121	100	1.16375
121	110	1.27521
121	115	1.17669
121	122	1.13221
121	137	1.26636
121	151	1.2338
121	152	1.14616
121	154	1.16081
121	156	0.73343
121	158	0.706903
121	159	1.21903
121	160	0.682117
121	164	1.15973
121	166	0.689809
121	167	1.11134
121	168	0.678273
121	169	1.18118
121	170	1.11065
121	173	1.13473
121	174	1.07613
121	176	0.682279
121	178	1.10652
121	180	1.06427
122	42	1.07698
122	46	0.867846
122	58	1.10121
122	61	1.08364
122	89	0.838858
122	111	0.896425
122	115	1.05946
122	121	1.13221
122	123	0.842702
122	127	0.74475
122	129	0.824252
122	134	1.01283
122	143	1.13069
122	146	1.07751
122	151	1.11657
122	152	1.02893
122	154	1.04358
122	157	1.15774
122	158	0.847465
122	160	0.822679
122	164	1.0425
122	166	0.830371
122	168	0.818835
122	170	0.993424
122	173	1.0175
122	174	0.958897
122	175	0.987968
122	177	1.04215
122	178	0.989287
122	180	0.947039
123	2	0.853804
123	20	0.78176
123	23	1.30482
123	50	0.595837
123	61	0.776305
123	65	0.840184
123	69	1.26406
123	84	0.628538
123	87	1.17195
123	88	1.15447
123	101	1.13711
123	102	0.859422
123	104	1.11017
123	111	1.13959
123	113	1.14218
123	115	0.736724
123	117	1.16405
123	122	0.842702
123	138	0.770323
123	144	1.17784
123	145	1.15384
123	147	1.15413
123	156	1.15545
123	161	1.16203
123	166	1.17653
123	172	0.934161
123	173	0.850228
123	174	0.98563
123	176	1.17989
123	179	1.15844
123	180	1.01391
124	20	0.842215
124	25	1.12119
124	45	0.867065
124	48	1.17372
124	73	1.18117
124	76	1.10524
124	87	1.16736
124	101	1.13252
124	107	1.11137
124	111	1.135
124	119	0.771339
124	120	0.793102
124	135	0.786933
124	144	1.17325
124	147	1.14954
124	149	0.735001
124	151	0.755014
124	156	1.15085
124	157	0.75278
124	158	1.14892
124	159	0.789314
124	163	1.17106
124	165	1.17323
124	166	1.17194
124	167	0.996602
124	168	1.17511
124	172	0.929567
124	176	1.17529
124	177	0.894349
124	179	1.15384
124	180	1.07437
125	13	0.964086
125	30	1.20601
125	31	1.20607
125	51	1.32252
125	69	0.662995
125	70	1.26808
125	84	0.624054
125	85	1.26586
125	91	1.19241
125	93	1.18748
125	96	1.23533
125	116	1.18957
125	126	1.20353
125	127	1.25409
125	130	0.780675
125	131	1.22531
125	133	0.726532
125	136	1.26739
125	137	0.661392
125	141	1.07929
125	148	0.91041
125	149	1.27246
125	150	0.908375
125	151	1.24199
125	153	1.20205
125	155	0.789296
125	157	0.687841
125	169	0.814605
125	171	0.868111
125	172	0.995701
125	177	0.82941
126	13	0.901793
126	17	0.649486
126	30	1.14371
126	34	1.10115
126	39	1.13033
126	70	1.20579
126	73	1.18501
126	85	1.20357
126	89	1.17665
126	93	1.12519
126	96	1.17304
126	112	0.695273
126	116	1.12727
126	125	1.20353
126	127	1.1918
126	131	1.16302
126	136	1.2051
126	141	1.04843
126	149	1.21017
126	151	1.1797
126	152	0.806786
126	153	1.13976
126	157	0.656985
126	162	1.07845
126	164	0.779119
126	172	0.933408
126	173	0.814888
126	174	0.95029
126	175	0.91287
126	178	0.879411
126	180	0.978575
127	10	0.7668
127	14	0.777702
127	17	0.586874
127	30	1.19427
127	31	1.19433
127	32	0.688513
127	60	0.699137
127	70	1.25634
127	73	1.23556
127	85	1.25413
127	86	0.744095
127	89	1.2272
127	91	1.18067
127	93	1.17574
127	96	1.22359
127	116	1.17783
127	122	0.74475
127	125	1.25409
127	126	1.1918
127	130	0.687207
127	131	1.21357
127	136	1.25565
127	149	1.26072
127	150	0.814908
127	151	1.23026
127	153	1.19031
127	162	1.01584
127	171	0.774643
127	172	0.983962
127	173	0.752276
127	178	0.816799
128	1	0.618133
128	24	0.662589
128	45	0.825486
128	50	0.614713
128	76	1.19482
128	94	1.18775
128	107	1.20095
128	111	1.22458
128	113	1.22716
128	132	0.758502
128	141	1.08425
128	145	1.23882
128	147	1.23912
128	151	0.713435
128	152	0.861001
128	153	1.2255
128	155	0.812657
128	156	1.24043
128	157	0.711201
128	158	1.2385
128	162	1.08406
128	163	1.26064
128	164	0.833335
128	166	1.26151
128	168	1.26469
128	169	0.837966
128	172	1.01914
128	173	0.869104
128	176	1.26487
128	179	1.24342
128	180	1.03279
129	38	0.638618
129	58	0.694706
129	74	1.24156
129	76	1.16938
129	81	1.29112
129	84	0.610088
129	113	1.20172
129	115	0.718274
129	122	0.824252
129	134	0.889504
129	145	1.21338
129	146	0.760206
129	147	1.21367
129	148	1.12156
129	149	0.656096
129	150	1.14014
129	154	0.829851
129	156	1.21499
129	157	0.673875
129	158	1.21306
129	160	1.23154
129	161	1.22157
129	162	1.05862
129	163	1.2352
129	166	1.23607
129	168	1.23925
129	170	0.863788
129	174	0.967179
129	175	0.929759
129	176	1.23943
129	179	1.21798
130	12	0.960254
130	34	0.886493
130	37	0.699951
130	46	1.14018
130	47	0.751877
130	59	0.753513
130	62	0.676094
130	72	1.048
130	79	1.15243
130	89	0.781315
130	95	1.23023
130	96	0.617354
130	97	0.957262
130	98	1.12121
130	101	1.12793
130	104	1.10098
130	105	1.13523
130	125	0.780675
130	127	0.687207
130	145	1.14466
130	151	1.17127
130	164	1.09721
130	165	1.16864
130	167	1.04881
130	168	1.17053
130	170	1.04813
130	171	1.05204
130	173	1.0722
130	176	1.17071
130	177	1.09686
130	179	1.14926
130	180	1.00174
131	24	1.23176
131	31	1.16556
131	34	1.12292
131	38	0.650508
131	60	0.790528
131	69	0.660919
131	70	1.22757
131	73	1.20679
131	77	0.684415
131	85	1.22535
131	86	0.835486
131	89	1.19843
131	91	1.1519
131	93	1.14697
131	96	1.19482
131	116	1.14905
131	125	1.22531
131	126	1.16302
131	127	1.21357
131	133	0.724456
131	136	1.22688
131	138	0.763763
131	142	0.808903
131	146	0.772096
131	149	1.23195
131	151	1.20148
131	153	1.16154
131	162	1.10723
131	164	0.807898
131	167	0.929587
131	172	0.955188
131	177	0.827334
132	26	0.874009
132	28	1.06575
132	38	1.26178
132	39	0.804323
132	52	1.0834
132	69	1.2554
132	97	0.911729
132	128	0.758502
132	133	1.21978
132	134	1.06805
132	136	0.55301
132	142	1.12163
132	145	0.768953
132	146	1.13273
132	152	1.08415
132	153	0.769334
132	154	1.0988
132	155	1.10549
132	156	0.770916
132	158	0.744388
132	159	1.15702
132	160	0.719603
132	162	0.99041
132	163	0.751848
132	164	1.09772
132	165	0.719677
132	167	1.04933
132	170	1.04864
132	173	1.07272
132	175	1.04319
132	177	1.09737
132	178	1.04451
132	180	1.00226
133	21	1.25849
133	40	0.380889
133	42	1.22657
133	65	1.12953
133	76	0.781594
133	81	0.666185
133	83	0.881871
133	101	0.786345
133	105	0.624876
133	108	0.654634
133	114	0.737021
133	125	0.726532
133	131	0.724456
133	132	1.21978
133	138	1.23009
133	139	1.14356
133	142	1.21599
133	143	1.28028
133	146	1.22709
133	152	1.17851
133	155	1.19985
133	156	0.762307
133	158	0.73578
133	159	1.25138
133	161	0.727697
133	163	0.743239
133	164	1.19208
133	167	1.14369
133	170	1.14301
133	172	1.01986
133	173	1.16708
133	174	1.10848
133	175	1.13755
133	177	1.19174
133	178	1.13887
133	179	0.699426
133	180	1.09662
134	6	0.932705
134	21	1.10676
134	27	1.12235
134	28	1.00838
134	71	1.1754
134	95	0.695117
134	98	0.778032
134	112	1.13712
134	114	0.913959
134	116	0.914637
134	117	0.968936
134	122	1.01283
134	129	0.889504
134	132	1.06805
134	138	1.07836
134	139	0.991827
134	142	1.06426
134	144	0.909314
134	146	1.07536
134	153	0.937663
134	154	1.04143
134	155	1.04812
134	157	1.15559
134	159	1.09965
134	162	0.933039
134	163	0.920176
134	164	1.04035
134	167	0.991956
134	168	0.884087
134	170	0.991273
134	172	0.868125
134	173	1.01535
134	174	0.956746
134	175	0.985817
134	176	0.888093
134	178	0.987136
134	180	0.944888
135	1	1.25657
135	27	1.19406
135	45	1.13513
135	53	1.19754
135	61	1.15319
135	79	0.709785
135	88	0.746827
135	92	0.758392
135	106	1.1721
135	108	0.650095
135	110	1.22754
135	115	1.12901
135	118	0.874953
135	124	0.786933
135	138	1.15006
135	139	1.06353
135	140	1.11327
135	145	0.755806
135	147	0.748484
135	152	1.09848
135	153	0.756187
135	154	1.11314
135	158	0.731241
135	159	1.17135
135	160	0.706455
135	164	1.11206
135	165	0.706529
135	166	0.714147
135	167	1.06366
135	169	1.13351
135	170	1.06298
135	171	1.06689
135	173	1.08705
135	174	1.02845
135	177	1.11171
135	178	1.05884
135	179	0.694887
136	2	0.667189
136	9	0.483796
136	13	0.965649
136	14	0.689038
136	24	1.27384
136	30	1.20757
136	31	1.20763
136	34	1.165
136	39	1.19419
136	49	1.04994
136	51	1.32408
136	60	0.610473
136	61	0.589689
136	69	0.480864
136	70	1.26964
136	85	1.26743
136	89	1.24051
136	91	1.19397
136	93	1.18904
136	96	1.2369
136	102	1.69085
136	116	1.19113
136	125	1.26739
136	126	1.2051
136	127	1.25565
136	131	1.22688
136	132	0.55301
136	141	0.897155
136	146	0.592041
136	148	0.728279
136	149	1.27402
136	150	0.726244
136	151	1.24356
136	153	1.20361
136	167	0.749532
136	172	0.997264
136	174	0.799014
