1	32	0.990677
1	53	0.971553
1	71	0.922715
1	72	0.924011
1	82	0.930006
1	86	0.968756
1	88	0.973577
1	90	0.974329
1	104	0.99902
1	147	0.947511
1	173	2.37311
1	175	0.932841
2	74	0.861337
2	78	0.65494
2	110	1.06581
2	152	0.941087
2	165	0.999005
2	167	0.931767
2	168	0.972631
2	172	0.946649
2	174	0.960298
2	178	0.951014
2	179	0.912419
2	180	0.917236
3	13	1.16168
3	39	0.993579
3	46	1.09556
3	48	1.26299
3	49	1.06322
3	64	1.04751
3	76	1.12542
3	83	1.0851
3	97	1.05541
3	130	1.20208
3	156	1.12997
3	177	1.00808
4	16	0.893915
4	32	0.987453
4	53	0.968329
4	54	0.961496
4	66	1.03439
4	71	0.919492
4	90	0.971105
4	104	0.995796
4	147	0.944288
4	168	1.36256
4	169	1.97046
4	175	0.929618
5	29	1.11908
5	33	1.00803
5	60	1.07994
5	85	1.08162
5	108	1.03712
5	112	1.03769
5	117	1.0595
5	118	1.05948
5	146	0.688665
5	156	1.12059
5	175	0.847919
5	176	2.37134
6	106	1.13591
6	122	0.942797
6	125	0.931292
6	136	0.963253
6	137	0.963609
6	138	0.963252
6	140	0.964385
6	141	0.957536
6	142	0.957524
6	144	0.987136
6	148	0.970794
6	173	2.20021
7	19	1.12733
7	20	1.005
7	70	1.04403
7	79	1.09886
7	84	1.09167
7	93	1.0796
7	103	1.11054
7	110	0.709272
7	130	0.679688
7	152	0.980625
7	153	1.06378
7	180	2.75841
8	10	1.35878
8	89	0.97504
8	102	0.946749
8	125	0.931321
8	128	0.954115
8	136	0.963282
8	138	0.963281
8	139	1.8457
8	140	0.964414
8	141	0.957564
8	142	0.957552
8	144	0.987164
9	22	0.914752
9	43	0.982585
9	59	0.984136
9	70	0.941016
9	79	0.995849
9	81	0.934949
9	84	0.98866
9	93	0.976591
9	103	1.00753
9	152	0.877615
9	171	2.16524
9	173	1.2273
10	8	1.35878
10	67	0.607876
10	86	1.01796
10	90	1.02353
10	104	1.04822
10	161	0.982088
10	173	0.910748
10	174	0.937895
10	175	0.982041
10	176	0.90917
10	179	0.890016
10	180	0.894833
11	31	2.8
11	122	0.95387
11	125	0.942365
11	136	0.974327
11	137	0.974682
11	138	0.974326
11	140	0.975458
11	141	0.968609
11	142	0.968597
11	144	0.998209
11	152	0.990711
11	169	0.870436
12	22	1.12053
12	71	0.445442
12	106	1.09582
12	115	0.0232748
12	124	1.09214
12	166	1.09726
12	171	1.00247
12	173	1.0173
12	174	1.04445
12	176	1.01572
12	178	1.03516
12	179	0.996568
12	180	1.00139
13	3	1.16168
13	125	0.236418
13	141	0.253155
13	161	1.0937
13	166	1.10231
13	168	1.06184
13	169	1.02385
13	171	1.00753
13	172	1.03585
13	173	1.02235
13	178	1.04022
13	179	1.00162
13	180	1.00644
14	125	1.02123
14	128	1.04403
14	136	1.0532
14	137	1.05355
14	138	1.0532
14	140	1.05433
14	141	1.04748
14	142	1.04747
14	144	1.07708
14	155	0.528856
14	163	1.40163
14	169	0.949306
14	172	2.05718
15	39	0.997185
15	40	1.13832
15	49	1.06683
15	64	1.05112
15	83	1.08871
15	95	1.3047
15	97	1.05902
15	111	1.0565
15	139	0.504914
15	156	1.13358
15	172	1.99091
15	177	1.01168
16	4	0.893915
16	17	0.876402
16	32	0.972158
16	45	0.970221
16	53	0.953033
16	54	0.9462
16	66	1.01909
16	88	0.955058
16	104	0.9805
16	127	1.31617
16	147	0.928992
16	155	1.99597
16	175	0.914322
17	16	0.876402
17	32	0.96994
17	45	0.968004
17	66	1.01687
17	72	0.903274
17	86	0.948019
17	88	0.95284
17	90	0.953592
17	104	0.978283
17	145	1.41963
17	147	0.926774
17	175	0.912104
17	178	2.14095
18	79	0.974825
18	81	0.913926
18	93	0.955568
18	103	0.986503
18	133	1.24812
18	137	0.954393
18	140	0.955169
18	141	0.94832
18	142	0.948308
18	144	0.977919
18	153	0.939742
18	169	0.850146
18	172	2.34785
19	7	1.12733
19	20	0.994397
19	22	1.00716
19	31	0.959092
19	43	1.07499
19	79	1.08825
19	81	1.02735
19	103	1.09993
19	133	0.709993
19	145	0.629307
19	152	0.970019
19	153	1.05317
19	180	2.79662
20	7	1.005
20	19	0.994397
20	43	0.952659
20	70	0.911089
20	79	0.965922
20	81	0.905023
20	84	0.958733
20	103	0.9776
20	113	0.956248
20	145	1.06006
20	152	0.847688
20	153	0.930839
20	176	2.58264
21	28	0.912623
21	47	1.06285
21	69	1.04185
21	80	1.08712
21	82	1.05536
21	91	1.07043
21	98	1.04194
21	99	1.0419
21	130	0.652217
21	132	1.04515
21	147	1.04528
21	163	1.5574
21	177	2.061
22	9	0.914752
22	12	1.12053
22	19	1.00716
22	59	0.966967
22	67	0.952572
22	70	0.923847
22	81	0.917781
22	93	0.959423
22	103	0.990358
22	113	0.969007
22	127	1.77885
22	152	0.860446
22	153	0.943597
23	95	1.2836
23	125	1.01965
23	133	0.870077
23	136	1.05161
23	137	1.05197
23	138	1.05161
23	140	1.05274
23	141	1.0459
23	142	1.04588
23	144	1.0755
23	148	1.05915
23	169	0.947722
23	170	1.90838
24	115	1.0439
24	127	0.708055
24	128	1.04151
24	130	0.997235
24	136	1.05068
24	137	1.05103
24	138	1.05068
24	140	1.05181
24	141	1.04496
24	142	1.04495
24	144	1.07456
24	166	2.01421
24	169	0.946786
25	35	2.8
25	101	1.0325
25	128	1.04278
25	136	1.05195
25	137	1.0523
25	138	1.05195
25	140	1.05308
25	141	1.04623
25	142	1.04622
25	144	1.07583
25	166	0.509634
25	169	0.948056
25	172	0.874488
26	53	2.185
26	121	0.926885
26	124	0.911227
26	159	0.866114
26	161	0.907727
26	163	0.897069
26	170	0.850953
26	172	0.849885
26	174	0.863534
26	176	0.834809
26	178	0.85425
26	179	0.815654
26	180	0.820472
27	63	0.728335
27	115	0.63558
27	147	0.312574
27	155	1.12555
27	157	1.05085
27	159	1.05089
27	170	1.03573
27	173	1.02116
27	174	1.04831
27	176	1.01959
27	178	1.03903
27	179	1.00043
27	180	1.00525
28	21	0.912623
28	37	0.882619
28	51	0.861574
28	69	0.84328
28	75	0.910959
28	80	0.888552
28	82	0.856792
28	91	0.871866
28	98	0.843376
28	99	0.843336
28	109	3.03261
28	135	0.845316
28	147	0.84671
29	5	1.11908
29	65	1.03693
29	85	1.06265
29	100	1.0409
29	108	1.01815
29	112	1.01872
29	117	1.04053
29	118	1.04051
29	119	1.16729
29	131	1.07288
29	135	1.10449
29	149	0.954865
29	177	1.7734
30	46	1.03035
30	55	1.01842
30	62	1.0201
30	64	0.982301
30	73	1.06129
30	76	1.0602
30	83	1.01989
30	97	0.990201
30	107	1.01806
30	139	1.2783
30	155	1.23597
30	156	1.06476
30	162	1.56994
30	177	0.942864
31	11	2.8
31	19	0.959092
31	59	0.918904
31	84	0.923428
31	93	0.911359
31	120	0.820534
31	152	0.812383
31	153	0.895534
31	155	0.908833
31	170	0.819014
31	172	0.817945
31	176	0.802869
31	178	0.82231
31	180	0.788533
32	1	0.990677
32	4	0.987453
32	16	0.972158
32	17	0.96994
32	66	1.11263
32	71	0.997735
32	72	0.99903
32	86	1.04378
32	88	1.0486
32	104	1.07404
32	159	1.40844
32	165	1.16418
32	170	1.69108
32	175	1.00786
33	5	1.00803
33	60	0.949924
33	61	0.940862
33	65	0.925879
33	67	0.942786
33	100	0.929852
33	108	0.907098
33	112	0.907676
33	117	0.929485
33	118	0.92946
33	143	1.71983
33	149	0.843818
33	156	0.990575
33	162	1.97056
34	42	1.02423
34	47	1.01857
34	75	1.06524
34	80	1.04283
34	91	1.02615
34	98	0.997658
34	99	0.997617
34	113	1.03152
34	132	1.00086
34	135	0.999598
34	147	1.00099
34	154	1.19182
34	163	1.36688
34	174	1.69637
35	25	2.8
35	52	0.991767
35	129	0.931534
35	158	0.857016
35	161	0.89623
35	166	0.904847
35	168	0.86437
35	171	0.810062
35	172	0.838388
35	173	0.82489
35	176	0.823312
35	178	0.842753
35	179	0.804158
35	180	0.808976
36	38	1.05242
36	56	1.02543
36	61	1.02589
36	74	1.00271
36	85	1.03664
36	100	1.01488
36	117	1.01451
36	118	1.01449
36	132	1.01359
36	149	0.928846
36	150	0.608628
36	156	1.0756
36	167	1.95163
36	176	1.79602
37	28	0.882619
37	47	1.03285
37	51	1.03014
37	75	1.07952
37	80	1.05712
37	82	1.02536
37	98	1.01194
37	99	1.0119
37	110	1.02493
37	113	1.04581
37	132	1.01515
37	135	1.01388
37	165	1.49884
37	174	1.76111
38	36	1.05242
38	61	1.03025
38	85	1.04099
38	100	1.01924
38	108	0.996484
38	112	0.997061
38	117	1.01887
38	118	1.01885
38	132	1.01795
38	149	0.933203
38	156	1.07996
38	168	1.13883
38	174	1.47237
38	177	1.64648
39	3	0.993579
39	15	0.997185
39	46	0.932332
39	55	0.920409
39	62	0.922085
39	73	0.963279
39	76	0.96219
39	83	0.921877
39	97	0.892188
39	111	0.889668
39	126	1.44051
39	156	0.966747
39	177	0.844851
39	178	2.22641
40	15	1.13832
40	73	1.10442
40	79	0.784271
40	97	1.03333
40	113	0.37704
40	132	0.676246
40	152	0.967971
40	156	1.10789
40	162	1.02696
40	172	0.973533
40	177	0.98599
40	178	0.977898
40	179	0.939302
40	180	0.94412
41	43	0.0829032
41	49	0.83954
41	56	0.761642
41	155	1.09022
41	159	1.01556
41	161	1.05717
41	162	1.05275
41	167	0.984445
41	168	1.02531
41	170	1.0004
41	174	1.01298
41	176	0.984251
41	178	1.00369
41	180	0.969914
42	34	1.02423
42	47	1.02018
42	51	1.01747
42	75	1.06685
42	80	1.04445
42	91	1.02776
42	98	0.99927
42	99	0.99923
42	132	1.00248
42	135	1.00121
42	147	1.0026
42	163	0.780297
42	171	2.49683
42	178	0.976748
43	9	0.982585
43	19	1.07499
43	20	0.952659
43	41	0.0829032
43	59	1.0348
43	70	0.991681
43	79	1.04651
43	81	0.985615
43	84	1.03933
43	93	1.02726
43	103	1.05819
43	148	1.36881
43	153	1.01143
43	170	2.33514
44	119	0.910119
44	140	2.30072
44	153	0.928401
44	160	0.874231
44	165	0.903169
44	168	0.876795
44	171	0.822487
44	172	0.850813
44	173	0.837314
44	174	0.864462
44	176	0.835737
44	178	0.855178
44	179	0.816582
44	180	0.8214
45	16	0.970221
45	17	0.968004
45	54	1.0378
45	71	0.995798
45	72	0.997094
45	86	1.04184
45	88	1.04666
45	90	1.04741
45	104	1.0721
45	121	0.951367
45	129	1.02921
45	147	1.02059
45	169	2.15671
45	175	1.00592
46	3	1.09556
46	30	1.03035
46	39	0.932332
46	49	1.00198
46	62	1.02406
46	73	1.06526
46	83	1.02386
46	97	0.994166
46	107	1.02203
46	151	1.27842
46	156	1.06872
46	164	1.64246
46	174	1.35739
46	177	0.946829
47	21	1.06285
47	34	1.01857
47	37	1.03285
47	42	1.02018
47	51	1.01181
47	69	0.993512
47	75	1.06119
47	91	1.0221
47	98	0.993608
47	99	0.993567
47	135	0.995548
47	152	1.71635
47	177	0.797979
47	180	1.93682
48	3	1.26299
48	59	0.341487
48	143	1.10539
48	144	0.247514
48	157	1.03052
48	164	1.01462
48	167	0.999448
48	168	1.04031
48	172	1.01433
48	173	1.00083
48	176	0.999254
48	177	1.02679
48	179	0.980099
48	180	0.984917
49	3	1.06322
49	15	1.06683
49	41	0.83954
49	46	1.00198
49	62	0.99173
49	64	0.953932
49	73	1.03292
49	76	1.03183
49	83	0.991522
49	97	0.961833
49	111	0.959313
49	126	1.90821
49	127	0.945079
49	156	1.03639
49	177	0.914496
50	93	1.09953
50	121	0.979349
50	144	0.939868
50	158	0.920978
50	160	0.925768
50	161	0.960192
50	162	0.955777
50	165	0.954706
50	166	0.968809
50	171	0.874023
50	172	0.90235
50	173	0.888851
50	176	0.887273
50	178	0.906715
50	180	0.872937
51	28	0.861574
51	37	1.03014
51	42	1.01747
51	47	1.01181
51	69	0.990799
51	75	1.05848
51	80	1.03607
51	82	1.00431
51	91	1.01938
51	98	0.990895
51	99	0.990854
51	121	1.51128
51	131	1.47901
51	143	1.32323
51	147	0.994229
52	35	0.991767
52	56	0.828872
52	77	1.03432
52	84	0.647447
52	102	0.361619
52	121	1.06481
52	157	1.004
52	162	1.04124
52	165	1.04017
52	170	0.988881
52	171	0.959486
52	172	0.987813
52	173	0.974314
52	179	0.953582
52	180	0.9584
53	1	0.971553
53	4	0.968329
53	16	0.953033
53	26	2.185
53	54	1.02061
53	71	0.97861
53	72	0.979906
53	86	1.02465
53	88	1.02947
53	90	1.03022
53	104	1.05491
53	143	0.655904
53	147	1.00341
53	153	1.06172
53	175	0.988736
54	4	0.961496
54	16	0.9462
54	45	1.0378
54	53	1.02061
54	71	0.971777
54	72	0.973073
54	86	1.01782
54	88	1.02264
54	90	1.02339
54	104	1.04808
54	114	1.57794
54	119	1.61806
54	121	1.11908
54	147	0.996573
54	175	0.981903
55	30	1.01842
55	39	0.920409
55	62	1.01214
55	64	0.974342
55	73	1.05333
55	76	1.05224
55	83	1.01193
55	97	0.982243
55	107	1.0101
55	111	0.979723
55	146	0.948273
55	153	1.2495
55	156	1.0568
55	164	2.24779
55	177	0.934905
56	36	1.02543
56	41	0.761642
56	52	0.828872
56	60	1.01231
56	67	1.00518
56	74	0.980072
56	100	0.992241
56	108	0.969488
56	112	0.970065
56	117	0.991874
56	118	0.99185
56	121	1.81827
56	131	1.02422
56	132	0.990949
56	156	1.05296
57	68	1.1096
57	89	0.897572
57	90	0.706481
57	152	0.975115
57	156	0.0422852
57	159	0.996906
57	160	1.00409
57	162	1.0341
57	170	0.981745
57	172	0.980677
57	174	0.994326
57	175	1.03847
57	178	0.985042
57	179	0.946446
57	180	0.951264
58	102	0.997507
58	122	0.993584
58	125	0.982079
58	128	1.00487
58	136	1.01404
58	137	1.0144
58	138	1.01404
58	140	1.01517
58	141	1.00832
58	142	1.00831
58	144	1.03792
58	165	1.05333
58	166	0.739699
58	169	0.910149
58	171	2.70265
59	9	0.984136
59	22	0.966967
59	31	0.918904
59	43	1.0348
59	48	0.341487
59	70	0.993231
59	79	1.04806
59	81	0.987165
59	84	1.04088
59	93	1.02881
59	103	1.05974
59	152	0.92983
59	153	1.01298
59	158	2.03811
59	165	1.61117
60	5	1.07994
60	33	0.949924
60	56	1.01231
60	65	0.997792
60	85	1.02352
60	100	1.00177
60	108	0.979012
60	112	0.979589
60	117	1.0014
60	118	1.00137
60	129	1.38572
60	149	0.915731
60	150	1.28243
60	156	1.06249
60	161	1.74988
61	33	0.940862
61	36	1.02589
61	38	1.03025
61	65	0.98873
61	74	0.980534
61	85	1.01446
61	108	0.96995
61	117	0.992336
61	118	0.992312
61	131	1.02468
61	132	0.991412
61	156	1.05343
61	157	1.24054
61	174	0.936505
61	179	2.38706
62	30	1.0201
62	39	0.922085
62	46	1.02406
62	49	0.99173
62	55	1.01214
62	64	0.976018
62	76	1.05392
62	83	1.01361
62	97	0.983919
62	107	1.01178
62	123	0.580607
62	156	1.05848
62	162	0.768977
62	177	0.936582
62	179	3.08784
63	27	0.728335
63	94	1.00814
63	107	1.58933
63	115	1.00403
63	122	0.990355
63	128	1.00164
63	136	1.01081
63	137	1.01117
63	138	1.01081
63	140	1.01194
63	141	1.00509
63	142	1.00508
63	144	1.03469
63	146	1.64197
63	169	0.906921
64	3	1.04751
64	15	1.05112
64	30	0.982301
64	49	0.953932
64	55	0.974342
64	62	0.976018
64	73	1.01721
64	76	1.01612
64	83	0.975811
64	97	0.946122
64	111	0.943602
64	143	0.867652
64	156	1.02068
64	157	2.29072
64	161	1.49771
64	177	0.898784
65	29	1.03693
65	33	0.925879
65	60	0.997792
65	61	0.98873
65	74	0.96555
65	85	0.999475
65	100	0.97772
65	108	0.954966
65	112	0.955544
65	117	0.977353
65	118	0.977328
65	123	0.747974
65	131	1.0097
65	156	1.03844
65	164	2.08972
65	174	1.80464
66	4	1.03439
66	16	1.01909
66	17	1.01687
66	32	1.11263
66	71	1.04467
66	72	1.04596
66	86	1.09071
66	88	1.09553
66	90	1.09628
66	104	1.12097
66	107	1.02985
66	114	1.62482
66	129	1.24381
66	131	1.13369
66	147	1.06946
66	175	1.05479
67	10	0.607876
67	22	0.952572
67	33	0.942786
67	56	1.00518
67	81	0.97277
67	84	1.02648
67	93	1.01441
67	103	1.04535
67	108	0.971874
67	112	0.972451
67	117	0.99426
67	118	0.994236
67	152	0.915436
67	153	0.998586
67	175	1.39955
67	178	2.1217
68	57	1.1096
68	76	0.869948
68	112	0.412621
68	143	1.05442
68	144	0.519159
68	154	1.01851
68	163	1.01054
68	164	0.963644
68	170	0.964424
68	171	0.935029
68	172	0.963356
68	173	0.949857
68	174	0.977004
68	176	0.948279
68	178	0.967721
68	180	0.933943
69	21	1.04185
69	28	0.84328
69	47	0.993512
69	51	0.990799
69	75	1.04018
69	77	1.80895
69	80	1.01778
69	91	1.00109
69	98	0.9726
69	99	0.97256
69	113	1.00647
69	132	0.975807
69	135	0.97454
69	147	0.975934
69	165	1.08035
69	176	2.01086
70	7	1.04403
70	9	0.941016
70	20	0.911089
70	22	0.923847
70	43	0.991681
70	59	0.993231
70	79	1.00494
70	81	0.944045
70	84	0.997756
70	87	1.3301
70	93	0.985687
70	103	1.01662
70	113	0.995271
70	152	0.886711
70	153	0.969861
70	174	1.84138
70	178	1.70834
71	1	0.922715
71	4	0.919492
71	12	0.445442
71	32	0.997735
71	45	0.995798
71	53	0.97861
71	54	0.971777
71	66	1.04467
71	72	0.931068
71	86	0.975814
71	88	0.980635
71	90	0.981386
71	104	1.00608
71	134	2.05882
71	147	0.954569
71	155	1.78356
71	175	0.939899
72	1	0.924011
72	17	0.903274
72	32	0.99903
72	45	0.997094
72	53	0.979906
72	54	0.973073
72	66	1.04596
72	71	0.931068
72	86	0.977109
72	88	0.98193
72	90	0.982682
72	104	1.00737
72	130	0.641725
72	147	0.955864
72	153	1.5214
72	169	2.50897
72	175	0.941194
73	30	1.06129
73	39	0.963279
73	40	1.10442
73	46	1.06526
73	49	1.03292
73	55	1.05333
73	64	1.01721
73	76	1.09511
73	83	1.0548
73	97	1.02511
73	105	1.17322
73	107	1.05297
73	110	1.15359
73	156	1.09967
73	161	1.40081
73	168	1.55624
73	177	0.977775
74	2	0.861337
74	36	1.00271
74	56	0.980072
74	61	0.980534
74	65	0.96555
74	85	0.991279
74	100	0.969524
74	108	0.94677
74	112	0.947347
74	117	0.969157
74	118	0.969132
74	131	1.0015
74	132	0.968232
74	149	0.883489
74	156	1.03025
74	162	1.71494
74	175	1.72805
75	28	0.910959
75	34	1.06524
75	37	1.07952
75	42	1.06685
75	47	1.06119
75	51	1.05848
75	69	1.04018
75	80	1.08545
75	87	1.01438
75	91	1.06877
75	98	1.04028
75	99	1.04024
75	132	1.04349
75	134	0.598651
75	147	1.04361
75	148	0.823968
75	179	2.97622
76	3	1.12542
76	30	1.0602
76	39	0.96219
76	49	1.03183
76	55	1.05224
76	62	1.05392
76	64	1.01612
76	68	0.869948
76	73	1.09511
76	83	1.05371
76	97	1.02402
76	107	1.05189
76	127	0.566096
76	156	1.09858
76	160	2.24186
76	162	1.26197
76	177	0.976687
77	52	1.03432
77	69	1.80895
77	91	1.00005
77	119	0.940248
77	139	0.98826
77	160	0.90436
77	163	0.928127
77	165	0.933299
77	167	0.86606
77	171	0.852616
77	173	0.867444
77	174	0.894591
77	175	0.938738
77	176	0.865866
77	178	0.885308
77	179	0.846712
77	180	0.85153
78	2	0.65494
78	94	0.968934
78	101	0.952164
78	115	0.96483
78	122	0.951151
78	125	0.939646
78	128	0.962441
78	136	0.971607
78	137	0.971963
78	138	0.971606
78	140	0.972739
78	141	0.96589
78	142	0.965878
78	144	0.99549
78	148	0.979148
78	169	0.867717
78	174	2.37684
78	175	1.52166
79	7	1.09886
79	9	0.995849
79	18	0.974825
79	19	1.08825
79	20	0.965922
79	40	0.784271
79	43	1.04651
79	59	1.04806
79	70	1.00494
79	84	1.05259
79	93	1.04052
79	103	1.07146
79	109	0.919543
79	113	1.0501
79	143	1.31947
79	152	0.941543
79	153	1.02469
79	154	1.93396
80	21	1.08712
80	28	0.888552
80	34	1.04283
80	37	1.05712
80	42	1.04445
80	51	1.03607
80	69	1.01778
80	75	1.08545
80	91	1.04636
80	95	1.41171
80	98	1.01787
80	99	1.01783
80	107	0.704777
80	131	0.808609
80	132	1.02108
80	135	1.01981
80	147	1.02121
80	167	2.5957
81	9	0.934949
81	18	0.913926
81	19	1.02735
81	20	0.905023
81	22	0.917781
81	43	0.985615
81	59	0.987165
81	67	0.97277
81	70	0.944045
81	84	0.991689
81	93	0.97962
81	103	1.01056
81	113	0.989204
81	114	1.59724
81	148	1.36766
81	152	0.880644
81	153	0.963795
81	159	2.05134
82	1	0.930006
82	21	1.05536
82	28	0.856792
82	37	1.02536
82	51	1.00431
82	98	0.986113
82	99	0.986072
82	115	1.56966
82	120	0.91957
82	137	0.428534
82	147	0.989446
82	150	1.04405
82	171	0.888655
82	172	0.916981
82	173	0.903483
82	174	0.93063
82	178	0.921346
82	179	0.88275
82	180	0.887568
83	3	1.0851
83	15	1.08871
83	30	1.01989
83	39	0.921877
83	46	1.02386
83	49	0.991522
83	55	1.01193
83	62	1.01361
83	64	0.975811
83	73	1.0548
83	76	1.05371
83	97	0.983711
83	111	0.981192
83	126	0.90867
83	139	0.667666
83	149	2.86968
83	153	1.11439
83	156	1.05827
83	177	0.936374
84	7	1.09167
84	9	0.98866
84	20	0.958733
84	31	0.923428
84	43	1.03933
84	52	0.647447
84	59	1.04088
84	67	1.02648
84	70	0.997756
84	79	1.05259
84	81	0.991689
84	93	1.03333
84	103	1.06427
84	113	1.04291
84	127	0.685755
84	152	0.934355
84	153	1.01751
84	166	1.99191
84	175	1.71263
85	5	1.08162
85	29	1.06265
85	36	1.03664
85	38	1.04099
85	60	1.02352
85	61	1.01446
85	65	0.999475
85	74	0.991279
85	100	1.00345
85	108	0.980695
85	112	0.981272
85	117	1.00308
85	118	1.00306
85	133	0.662089
85	149	0.917414
85	156	1.06417
85	170	0.991354
85	179	2.17728
85	180	2.03968
86	1	0.968756
86	10	1.01796
86	17	0.948019
86	32	1.04378
86	45	1.04184
86	53	1.02465
86	54	1.01782
86	66	1.09071
86	71	0.975814
86	72	0.977109
86	88	1.02668
86	90	1.02743
86	104	1.05212
86	147	1.00061
86	153	0.869826
86	160	1.69463
86	164	1.86811
86	168	1.2495
86	175	0.985939
87	70	1.3301
87	75	1.01438
87	100	0.999321
87	108	0.976567
87	112	0.977144
87	116	1.01461
87	117	0.998953
87	118	0.998929
87	131	1.0313
87	140	0.956248
87	149	0.913286
87	170	0.926759
87	171	0.897365
87	172	0.925691
87	173	0.912192
87	176	0.910615
87	178	0.930056
87	179	0.89146
87	180	0.896278
88	1	0.973577
88	16	0.955058
88	17	0.95284
88	32	1.0486
88	45	1.04666
88	53	1.02947
88	54	1.02264
88	66	1.09553
88	71	0.980635
88	72	0.98193
88	86	1.02668
88	90	1.03225
88	104	1.05694
88	147	1.00543
88	154	0.907913
88	161	0.923489
88	167	2.2363
88	169	1.68682
88	175	0.99076
89	8	0.97504
89	57	0.897572
89	101	1.01052
89	102	1.01343
89	115	1.02318
89	122	1.0095
89	125	0.997998
89	128	1.02079
89	133	1.63501
89	136	1.02996
89	137	1.03032
89	138	1.02996
89	140	1.03109
89	141	1.02424
89	142	1.02423
89	144	1.05384
89	150	1.45226
89	155	1.20642
89	169	0.926069
90	1	0.974329
90	4	0.971105
90	10	1.02353
90	17	0.953592
90	45	1.04741
90	53	1.03022
90	54	1.02339
90	57	0.706481
90	66	1.09628
90	71	0.981386
90	72	0.982682
90	86	1.02743
90	88	1.03225
90	104	1.05769
90	123	1.16092
90	147	1.00618
90	150	1.26117
90	175	0.991512
90	178	2.08456
91	21	1.07043
91	28	0.871866
91	34	1.02615
91	42	1.02776
91	47	1.0221
91	51	1.01938
91	69	1.00109
91	75	1.06877
91	77	1.00005
91	80	1.04636
91	98	1.00119
91	99	1.00115
91	113	1.03505
91	132	1.00439
91	135	1.00313
91	147	1.00452
91	148	0.551956
91	179	1.98429
91	180	1.84669
92	96	0.972235
92	103	0.519585
92	107	1.01033
92	122	0.870101
92	142	1.00952
92	154	0.977833
92	155	1.01356
92	160	0.946095
92	161	0.980519
92	164	0.922965
92	166	0.989136
92	167	0.907794
92	170	0.923745
92	173	0.909178
92	174	0.936325
92	175	0.980472
92	176	0.9076
92	178	0.927042
92	180	0.893264
93	7	1.0796
93	9	0.976591
93	18	0.955568
93	22	0.959423
93	31	0.911359
93	43	1.02726
93	50	1.09953
93	59	1.02881
93	67	1.01441
93	70	0.985687
93	79	1.04052
93	81	0.97962
93	84	1.03333
93	103	1.0522
93	113	1.03085
93	124	1.63988
93	145	1.08479
93	152	0.922286
93	153	1.00544
93	165	1.67687
94	63	1.00814
94	78	0.968934
94	101	0.996085
94	102	0.998996
94	115	1.00875
94	122	0.995072
94	125	0.983567
94	128	1.00636
94	135	1.37206
94	136	1.01553
94	137	1.01588
94	138	1.01553
94	140	1.01666
94	141	1.00981
94	142	1.0098
94	144	1.03941
94	161	1.37789
94	164	2.15193
94	169	0.911638
94	175	1.01167
95	15	1.3047
95	23	1.2836
95	80	1.41171
95	96	0.95373
95	130	1.07238
95	134	1.02023
95	135	0.975243
95	139	1.01149
95	150	1.03124
95	157	0.920363
95	162	0.957599
95	164	0.90446
95	170	0.90524
95	171	0.875845
95	172	0.904172
95	173	0.890673
95	174	0.91782
95	177	0.916628
95	179	0.869941
95	180	0.874759
96	92	0.972235
96	95	0.95373
96	122	1.48566
96	156	1.15179
96	162	0.93742
96	163	0.931177
96	164	0.884281
96	166	0.950452
96	167	0.869111
96	170	0.885061
96	172	0.883993
96	173	0.870494
96	174	0.897642
96	176	0.868917
96	177	0.896449
96	178	0.888358
96	179	0.849762
96	180	0.85458
97	3	1.05541
97	15	1.05902
97	30	0.990201
97	39	0.892188
97	40	1.03333
97	46	0.994166
97	49	0.961833
97	55	0.982243
97	62	0.983919
97	64	0.946122
97	73	1.02511
97	76	1.02402
97	83	0.983711
97	107	0.981883
97	111	0.951503
97	146	1.1547
97	153	1.45592
97	154	1.66459
97	156	1.02858
97	163	1.83965
97	177	0.906685
98	21	1.04194
98	28	0.843376
98	34	0.997658
98	37	1.01194
98	42	0.99927
98	47	0.993608
98	51	0.990895
98	69	0.9726
98	75	1.04028
98	80	1.01787
98	82	0.986113
98	91	1.00119
98	99	0.972656
98	113	1.00656
98	131	0.877081
98	132	0.975903
98	135	0.974637
98	147	0.976031
98	169	2.11469
98	170	2.10496
98	175	0.985144
99	21	1.0419
99	28	0.843336
99	34	0.997617
99	37	1.0119
99	42	0.99923
99	47	0.993567
99	51	0.990854
99	69	0.97256
99	75	1.04024
99	80	1.01783
99	82	0.986072
99	91	1.00115
99	98	0.972656
99	113	1.00652
99	132	0.975863
99	135	0.974596
99	146	0.68579
99	147	0.97599
99	157	1.42697
99	176	1.79117
99	180	2.43589
100	29	1.0409
100	33	0.929852
100	36	1.01488
100	38	1.01924
100	56	0.992241
100	60	1.00177
100	65	0.97772
100	74	0.969524
100	85	1.00345
100	87	0.999321
100	112	0.959517
100	117	0.981326
100	118	0.981302
100	131	1.01367
100	132	0.980402
100	149	0.895659
100	156	1.04242
100	166	0.912068
100	169	1.76234
100	176	2.15621
100	178	1.35494
101	25	1.0325
101	78	0.952164
101	89	1.01052
101	94	0.996085
101	102	0.982225
101	115	0.991981
101	122	0.978302
101	124	1.24792
101	125	0.966797
101	128	0.989592
101	136	0.998758
101	137	0.999114
101	138	0.998757
101	140	0.99989
101	141	0.993041
101	142	0.993029
101	144	1.02264
101	146	0.532747
101	149	2.58926
101	157	1.85122
101	169	0.894868
102	8	0.946749
102	52	0.361619
102	58	0.997507
102	89	1.01343
102	94	0.998996
102	101	0.982225
102	105	1.56544
102	115	0.994891
102	122	0.981212
102	125	0.969707
102	128	0.992502
102	136	1.00167
102	137	1.00202
102	138	1.00167
102	140	1.0028
102	141	0.995951
102	142	0.995939
102	144	1.02555
102	145	1.42764
102	159	2.26398
102	169	0.897778
103	7	1.11054
103	9	1.00753
103	18	0.986503
103	19	1.09993
103	20	0.9776
103	22	0.990358
103	43	1.05819
103	59	1.05974
103	67	1.04535
103	70	1.01662
103	79	1.07146
103	81	1.01056
103	84	1.06427
103	92	0.519585
103	93	1.0522
103	113	1.06178
103	131	0.573502
103	150	0.580331
103	152	0.953221
103	153	1.03637
103	158	1.70141
103	179	2.98731
104	1	0.99902
104	4	0.995796
104	10	1.04822
104	16	0.9805
104	17	0.978283
104	32	1.07404
104	45	1.0721
104	53	1.05491
104	54	1.04808
104	66	1.12097
104	71	1.00608
104	72	1.00737
104	86	1.05212
104	88	1.05694
104	90	1.05769
104	135	0.991724
104	147	1.03087
104	157	1.79056
104	162	0.618223
104	172	1.81258
104	175	1.0162
104	177	1.66064
105	73	1.17322
105	102	1.56544
105	118	0.970655
105	120	0.906129
105	123	1.02017
105	130	1.07175
105	146	1.03195
105	158	0.922169
105	161	0.961382
105	165	0.955896
105	166	0.97
105	167	0.888658
105	168	0.929522
105	170	0.904609
105	171	0.875214
105	172	0.903541
105	174	0.917189
105	176	0.888464
105	178	0.907906
105	179	0.86931
105	180	0.874128
106	6	1.13591
106	12	1.09582
106	134	1.01551
106	142	1.41149
106	143	0.990514
106	152	0.89389
106	156	0.9382
106	162	0.952879
106	164	0.89974
106	165	0.951808
106	166	0.965911
106	167	0.88457
106	168	0.925434
106	170	0.900521
106	171	0.871126
106	172	0.899452
106	174	0.913101
106	176	0.884376
106	177	0.911909
106	178	0.903817
106	179	0.865222
106	180	0.870039
107	30	1.01806
107	46	1.02203
107	55	1.0101
107	62	1.01178
107	63	1.58933
107	66	1.02985
107	73	1.05297
107	76	1.05189
107	80	0.704777
107	92	1.01033
107	97	0.981883
107	125	0.802614
107	156	1.05644
107	158	0.940717
107	160	0.945507
107	164	0.922377
107	168	0.948071
107	171	0.893763
107	173	0.90859
107	176	0.907013
107	177	0.934546
107	179	0.887858
107	180	0.892676
108	5	1.03712
108	29	1.01815
108	33	0.907098
108	38	0.996484
108	56	0.969488
108	60	0.979012
108	61	0.96995
108	65	0.954966
108	67	0.971874
108	74	0.94677
108	85	0.980695
108	87	0.976567
108	112	0.936763
108	117	0.958573
108	118	0.958548
108	119	2.01465
108	130	0.853764
108	131	0.990916
108	132	0.957648
108	149	0.872905
108	156	1.01966
108	166	1.87074
108	175	1.59146
109	28	3.03261
109	79	0.919543
109	133	1.0073
109	134	1.01035
109	140	0.345147
109	143	0.985353
109	145	1.00213
109	146	1.0227
109	157	0.910482
109	159	0.910521
109	161	0.952133
109	162	0.947718
109	164	0.894579
109	167	0.879409
109	168	0.920273
109	171	0.865965
109	173	0.880793
109	174	0.90794
109	176	0.879215
109	178	0.898656
109	179	0.86006
109	180	0.864878
110	2	1.06581
110	7	0.709272
110	37	1.02493
110	73	1.15359
110	144	1.0433
110	148	1.05302
110	151	0.990811
110	158	0.972227
110	161	1.01144
110	162	1.00703
110	163	1.00078
110	164	0.953887
110	165	1.00595
110	168	0.97958
110	170	0.954667
110	172	0.953599
110	173	0.9401
110	174	0.967247
110	176	0.938522
110	178	0.957964
110	179	0.919368
110	180	0.924186
111	15	1.0565
111	39	0.889668
111	49	0.959313
111	55	0.979723
111	64	0.943602
111	83	0.981192
111	97	0.951503
111	115	0.976814
111	122	0.963136
111	123	1.50563
111	128	0.974425
111	129	1.70917
111	136	0.983592
111	137	0.983948
111	138	0.983591
111	141	0.977875
111	142	0.977863
111	144	1.00747
111	146	1.54786
111	156	1.02606
111	162	1.694
111	169	0.879701
111	177	0.904165
112	5	1.03769
112	29	1.01872
112	33	0.907676
112	38	0.997061
112	56	0.970065
112	60	0.979589
112	65	0.955544
112	67	0.972451
112	68	0.412621
112	74	0.947347
112	85	0.981272
112	87	0.977144
112	100	0.959517
112	108	0.936763
112	117	0.95915
112	118	0.959125
112	131	0.991493
112	132	0.958225
112	135	1.17814
112	149	0.873483
112	156	1.02024
112	178	1.53991
112	180	2.9859
113	20	0.956248
113	22	0.969007
113	34	1.03152
113	37	1.04581
113	40	0.37704
113	69	1.00647
113	70	0.995271
113	79	1.0501
113	81	0.989204
113	84	1.04291
113	91	1.03505
113	93	1.03085
113	98	1.00656
113	99	1.00652
113	103	1.06178
113	132	1.00977
113	135	1.0085
113	147	1.0099
113	148	0.936973
113	152	0.93187
113	153	1.01502
113	160	1.75026
113	166	1.06276
113	171	3.02571
114	54	1.57794
114	66	1.62482
114	81	1.59724
114	121	0.964536
114	124	0.948879
114	143	0.978598
114	145	0.995376
114	154	0.942693
114	155	0.978425
114	157	0.903728
114	159	0.903766
114	160	0.910955
114	163	0.934721
114	164	0.887825
114	166	0.953996
114	167	0.872654
114	170	0.888605
114	171	0.85921
114	174	0.901186
114	176	0.87246
114	177	0.899993
114	178	0.891902
114	179	0.853306
114	180	0.858124
115	12	0.0232748
115	24	1.0439
115	27	0.63558
115	63	1.00403
115	78	0.96483
115	82	1.56966
115	89	1.02318
115	94	1.00875
115	101	0.991981
115	102	0.994891
115	111	0.976814
115	116	1.45932
115	122	0.990967
115	125	0.979462
115	128	1.00226
115	136	1.01142
115	137	1.01178
115	138	1.01142
115	140	1.01256
115	141	1.00571
115	142	1.00569
115	144	1.03531
115	148	1.01896
115	168	2.23012
115	169	0.907533
116	87	1.01461
116	115	1.45932
116	118	0.582879
116	119	0.982656
116	126	0.983341
116	130	1.09156
116	132	1.22614
116	137	0.318197
116	154	0.978507
116	159	0.93958
116	160	0.946768
116	162	0.976777
116	163	0.970535
116	164	0.923638
116	165	0.975706
116	168	0.949332
116	171	0.895024
116	172	0.92335
116	173	0.909852
116	174	0.936999
116	175	0.981145
116	176	0.908274
116	178	0.927715
116	179	0.889119
116	180	0.893937
117	5	1.0595
117	29	1.04053
117	33	0.929485
117	36	1.01451
117	38	1.01887
117	56	0.991874
117	60	1.0014
117	61	0.992336
117	65	0.977353
117	67	0.99426
117	74	0.969157
117	85	1.00308
117	87	0.998953
117	100	0.981326
117	108	0.958573
117	112	0.95915
117	118	0.980935
117	124	1.32426
117	131	1.0133
117	132	0.980034
117	148	0.92184
117	149	0.895292
117	154	1.11899
117	156	1.04205
117	173	2.07264
117	176	2.29176
118	5	1.05948
118	29	1.04051
118	33	0.92946
118	36	1.01449
118	38	1.01885
118	56	0.99185
118	60	1.00137
118	61	0.992312
118	65	0.977328
118	67	0.994236
118	74	0.969132
118	85	1.00306
118	87	0.998929
118	100	0.981302
118	105	0.970655
118	108	0.958548
118	112	0.959125
118	116	0.582879
118	117	0.980935
118	124	1.38794
118	131	1.01328
118	132	0.98001
118	149	0.895268
118	151	1.60824
118	156	1.04202
118	173	2.13632
119	29	1.16729
119	44	0.910119
119	54	1.61806
119	77	0.940248
119	108	2.01465
119	116	0.982656
119	154	0.948896
119	158	0.912368
119	159	0.909969
119	160	0.917158
119	161	0.951582
119	162	0.947167
119	163	0.940924
119	164	0.894028
119	166	0.960199
119	167	0.878858
119	168	0.919722
119	172	0.89374
119	173	0.880241
119	174	0.907389
119	176	0.878664
119	178	0.898105
119	179	0.859509
119	180	0.864327
120	31	0.820534
120	82	0.91957
120	105	0.906129
120	126	0.897013
120	128	2.40657
120	129	0.930169
120	136	1.82034
120	139	0.944341
120	143	0.928085
120	145	0.944862
120	158	0.855651
120	159	0.853252
120	162	0.89045
120	164	0.837311
120	165	0.889379
120	166	0.903482
120	167	0.822141
120	170	0.838091
120	171	0.808697
120	172	0.837023
120	174	0.850672
120	176	0.821947
120	177	0.84948
120	178	0.841388
120	179	0.802792
120	180	0.80761
121	26	0.926885
121	45	0.951367
121	50	0.979349
121	51	1.51128
121	52	1.06481
121	54	1.11908
121	56	1.81827
121	114	0.964536
121	151	0.948646
121	154	0.96659
121	155	1.00232
121	157	0.927625
121	158	0.930062
121	159	0.927663
121	163	0.958618
121	166	0.977893
121	167	0.896552
121	168	0.937416
121	170	0.912502
121	172	0.911434
121	173	0.897935
121	174	0.925083
121	175	0.969229
121	176	0.896358
121	178	0.915799
121	179	0.877203
121	180	0.882021
122	6	0.942797
122	11	0.95387
122	58	0.993584
122	63	0.990355
122	78	0.951151
122	89	1.0095
122	92	0.870101
122	94	0.995072
122	96	1.48566
122	101	0.978302
122	102	0.981212
122	111	0.963136
122	115	0.990967
122	125	0.965784
122	128	0.988578
122	136	0.997745
122	137	0.998101
122	138	0.997744
122	140	0.998877
122	141	0.992028
122	142	0.992016
122	144	1.02163
122	148	1.00529
122	151	1.8083
122	154	1.38272
122	166	1.31136
122	169	0.893854
123	62	0.580607
123	65	0.747974
123	90	1.16092
123	105	1.02017
123	111	1.50563
123	133	1.06407
123	142	0.970011
123	143	1.04213
123	146	1.07948
123	151	0.988278
123	157	0.967256
123	161	1.00891
123	163	0.99825
123	165	1.00342
123	166	1.01752
123	168	0.977047
123	170	0.952134
123	171	0.922739
123	172	0.951065
123	173	0.937567
123	174	0.964714
123	175	1.00886
123	176	0.935989
123	177	0.963522
123	178	0.95543
123	179	0.916835
123	180	0.921653
124	12	1.09214
124	26	0.911227
124	93	1.63988
124	101	1.24792
124	114	0.948879
124	117	1.32426
124	118	1.38794
124	131	1.00138
124	134	1.01183
124	150	1.02285
124	155	0.986665
124	157	0.911968
124	159	0.912006
124	161	0.953619
124	162	0.949204
124	164	0.896065
124	166	0.962236
124	168	0.921759
124	169	0.88377
124	170	0.896845
124	171	0.86745
124	172	0.895777
124	174	0.909425
124	175	0.953572
124	176	0.8807
124	178	0.900142
124	179	0.861546
124	180	0.866364
125	6	0.931292
125	8	0.931321
125	11	0.942365
125	13	0.236418
125	14	1.02123
125	23	1.01965
125	58	0.982079
125	78	0.939646
125	89	0.997998
125	94	0.983567
125	101	0.966797
125	102	0.969707
125	107	0.802614
125	115	0.979462
125	122	0.965784
125	128	0.977073
125	136	0.98624
125	137	0.986596
125	138	0.986239
125	140	0.987372
125	141	0.980522
125	142	0.98051
125	144	1.01012
125	148	0.993781
125	162	1.0014
125	167	2.69354
125	169	0.882349
125	173	2.3188
126	39	1.44051
126	49	1.90821
126	83	0.90867
126	116	0.983341
126	120	0.897013
126	127	1.04015
126	133	1.00743
126	134	1.01048
126	142	1.10775
126	149	0.88202
126	153	0.972013
126	154	0.949581
126	155	0.985313
126	157	0.910616
126	158	0.913053
126	165	0.94678
126	166	0.960884
126	167	0.879542
126	168	0.920406
126	170	0.895493
126	172	0.894425
126	173	0.880926
126	174	0.908073
126	175	0.95222
126	176	0.879348
126	177	0.906881
126	178	0.89879
126	179	0.860194
126	180	0.865012
127	16	1.31617
127	22	1.77885
127	24	0.708055
127	49	0.945079
127	76	0.566096
127	84	0.685755
127	126	1.04015
127	133	1.09317
127	151	1.01737
127	154	1.03532
127	155	1.07105
127	158	0.99879
127	160	1.00358
127	162	1.03359
127	164	0.98045
127	165	1.03252
127	167	0.96528
127	168	1.00614
127	169	0.968155
127	170	0.98123
127	171	0.951836
127	172	0.980162
127	173	0.966663
127	174	0.993811
127	175	1.03796
127	176	0.965086
127	177	0.992618
127	178	0.984527
127	179	0.945931
127	180	0.950749
128	8	0.954115
128	14	1.04403
128	24	1.04151
128	25	1.04278
128	58	1.00487
128	63	1.00164
128	78	0.962441
128	89	1.02079
128	94	1.00636
128	101	0.989592
128	102	0.992502
128	111	0.974425
128	115	1.00226
128	120	2.40657
128	122	0.988578
128	125	0.977073
128	129	0.832091
128	134	0.758211
128	136	1.00903
128	137	1.00939
128	138	1.00903
128	140	1.01017
128	141	1.00332
128	142	1.00331
128	144	1.03292
128	148	1.01658
128	159	1.6672
128	169	0.905144
128	175	0.830034
128	177	1.85933
129	35	0.931534
129	45	1.02921
129	60	1.38572
129	66	1.24381
129	111	1.70917
129	120	0.930169
129	128	0.832091
129	143	1.01864
129	146	1.05599
129	150	1.05465
129	152	0.922017
129	155	1.01847
129	157	0.943771
129	159	0.943809
129	160	0.950998
129	161	0.985422
129	162	0.981007
129	163	0.974764
129	165	0.979936
129	166	0.994039
129	167	0.912697
129	168	0.953562
129	170	0.928648
129	171	0.899253
129	172	0.92758
129	173	0.914081
129	174	0.941228
129	176	0.912503
129	178	0.931945
129	179	0.893349
129	180	0.898167
130	3	1.20208
130	7	0.679688
130	21	0.652217
130	24	0.997235
130	72	0.641725
130	95	1.07238
130	105	1.07175
130	108	0.853764
130	116	1.09156
130	132	0.737592
130	143	1.0937
130	145	1.11048
130	150	1.12971
130	157	1.01883
130	158	1.02127
130	161	1.06048
130	164	1.00293
130	165	1.055
130	166	1.0691
130	167	0.987757
130	168	1.02862
130	170	1.00371
130	171	0.974313
130	172	1.00264
130	173	0.989141
130	174	1.01629
130	175	1.06043
130	176	0.987563
130	178	1.007
130	179	0.968409
130	180	0.973227
131	29	1.07288
131	51	1.47901
131	56	1.02422
131	61	1.02468
131	65	1.0097
131	66	1.13369
131	74	1.0015
131	80	0.808609
131	87	1.0313
131	98	0.877081
131	100	1.01367
131	103	0.573502
131	108	0.990916
131	112	0.991493
131	117	1.0133
131	118	1.01328
131	124	1.00138
131	138	0.863809
131	139	1.04736
131	145	1.04788
131	156	1.07439
131	160	0.963458
131	165	0.992396
131	166	1.0065
131	167	0.925158
131	172	0.94004
131	173	0.926542
131	176	0.924964
131	178	0.944405
131	179	0.905809
131	180	0.910627
132	21	1.04515
132	34	1.00086
132	36	1.01359
132	37	1.01515
132	38	1.01795
132	40	0.676246
132	42	1.00248
132	56	0.990949
132	61	0.991412
132	69	0.975807
132	74	0.968232
132	75	1.04349
132	80	1.02108
132	91	1.00439
132	98	0.975903
132	99	0.975863
132	100	0.980402
132	108	0.957648
132	112	0.958225
132	113	1.00977
132	116	1.22614
132	117	0.980034
132	118	0.98001
132	130	0.737592
132	135	0.977843
132	147	0.979237
132	148	1.62878
132	149	0.894367
132	150	1.37406
132	156	1.04112
132	168	1.99694
133	18	1.24812
133	19	0.709993
133	23	0.870077
133	85	0.662089
133	89	1.63501
133	109	1.0073
133	123	1.06407
133	126	1.00743
133	127	1.09317
133	134	1.0635
133	139	1.05476
133	144	1.00581
133	151	0.984655
133	157	0.963634
133	158	0.966071
133	159	0.963672
133	161	1.00528
133	162	1.00087
133	163	0.994627
133	164	0.947731
133	166	1.0139
133	167	0.932561
133	168	0.973425
133	169	0.935436
133	170	0.948511
133	171	0.919117
133	172	0.947443
133	173	0.933944
133	174	0.961092
133	176	0.932367
133	178	0.951808
133	179	0.913212
133	180	0.91803
134	71	2.05882
134	75	0.598651
134	95	1.02023
134	106	1.01551
134	109	1.01035
134	124	1.01183
134	126	1.01048
134	128	0.758211
134	133	1.0635
134	136	0.171982
134	147	0.913439
134	149	0.938088
134	151	0.987705
134	154	1.00565
134	156	0.626387
134	160	0.97391
134	161	1.00833
134	163	0.997677
134	164	0.95078
134	165	1.00285
134	166	1.01695
134	167	0.93561
134	168	0.976474
134	170	0.951561
134	171	0.922166
134	172	0.950492
134	173	0.936994
134	174	0.964141
134	175	1.00829
134	176	0.935416
134	177	0.962949
134	179	0.916262
134	180	0.92108
135	28	0.845316
135	29	1.10449
135	34	0.999598
135	37	1.01388
135	42	1.00121
135	47	0.995548
135	69	0.97454
135	80	1.01981
135	91	1.00313
135	94	1.37206
135	95	0.975243
135	98	0.974637
135	99	0.974596
135	104	0.991724
135	112	1.17814
135	113	1.0085
135	132	0.977843
135	144	1.28468
135	147	0.977971
135	161	0.963348
135	163	0.95269
135	165	0.957861
135	167	0.890623
135	168	0.931487
135	170	0.906574
135	171	0.877179
135	172	0.905506
135	174	0.919154
135	176	0.890429
135	178	0.909871
135	179	0.871275
135	180	0.876093
136	6	0.963253
136	8	0.963282
136	11	0.974327
136	14	1.0532
136	23	1.05161
136	24	1.05068
136	25	1.05195
136	58	1.01404
136	63	1.01081
136	78	0.971607
136	89	1.02996
136	94	1.01553
136	101	0.998758
136	102	1.00167
136	111	0.983592
136	115	1.01142
136	120	1.82034
136	122	0.997745
136	125	0.98624
136	128	1.00903
136	134	0.171982
136	137	1.01856
136	138	1.0182
136	140	1.01933
136	141	1.01248
136	142	1.01247
136	144	1.04208
136	148	1.02574
136	149	2.14106
136	158	1.26365
136	166	0.523082
136	167	1.92283
136	169	0.914311
136	172	1.42505
137	6	0.963609
137	11	0.974682
137	14	1.05355
137	18	0.954393
137	23	1.05197
137	24	1.05103
137	25	1.0523
137	58	1.0144
137	63	1.01117
137	78	0.971963
137	82	0.428534
137	89	1.03032
137	94	1.01588
137	101	0.999114
137	102	1.00202
137	111	0.983948
137	115	1.01178
137	116	0.318197
137	122	0.998101
137	125	0.986596
137	128	1.00939
137	136	1.01856
137	138	1.01856
137	140	1.01969
137	141	1.01284
137	142	1.01283
137	144	1.04244
137	148	1.0261
137	151	1.34356
137	160	1.53412
137	161	0.933563
137	169	0.914667
137	171	2.80957
137	173	1.87163
138	6	0.963252
138	8	0.963281
138	11	0.974326
138	14	1.0532
138	23	1.05161
138	24	1.05068
138	25	1.05195
138	58	1.01404
138	63	1.01081
138	78	0.971606
138	89	1.02996
138	94	1.01553
138	101	0.998757
138	102	1.00167
138	111	0.983591
138	115	1.01142
138	122	0.997744
138	125	0.986239
138	128	1.00903
138	131	0.863809
138	136	1.0182
138	137	1.01856
138	140	1.01933
138	141	1.01248
138	142	1.01247
138	144	1.04208
138	148	1.02574
138	155	0.624797
138	158	1.99172
138	159	1.80904
138	161	1.33809
138	169	0.91431
138	175	0.971873
138	177	2.00117
139	8	1.8457
139	15	0.504914
139	30	1.2783
139	77	0.98826
139	83	0.667666
139	95	1.01149
139	120	0.944341
139	131	1.04736
139	133	1.05476
139	141	0.726496
139	142	0.866744
139	150	1.06882
139	151	0.978965
139	153	1.01934
139	154	0.996909
139	157	0.957943
139	158	0.96038
139	161	0.999594
139	162	0.995179
139	164	0.94204
139	166	1.00821
139	167	0.92687
139	168	0.967734
139	170	0.94282
139	171	0.913426
139	172	0.941752
139	173	0.928253
139	174	0.955401
139	175	0.999547
139	176	0.926676
139	177	0.954209
139	178	0.946117
139	179	0.907521
139	180	0.912339
140	6	0.964385
140	8	0.964414
140	11	0.975458
140	14	1.05433
140	18	0.955169
140	23	1.05274
140	24	1.05181
140	25	1.05308
140	44	2.30072
140	58	1.01517
140	63	1.01194
140	78	0.972739
140	87	0.956248
140	89	1.03109
140	94	1.01666
140	101	0.99989
140	102	1.0028
