1	19	0.957571
1	53	0.868339
1	54	0.861746
1	55	0.871562
1	74	0.891064
1	79	0.954218
1	80	0.910502
1	143	1.17417
1	153	0.884998
1	154	1.20223
1	178	1.20701
1	179	1.2223
2	6	0.968951
2	134	1.03464
2	135	0.979075
2	137	1.0155
2	138	0.935168
2	142	1.05803
2	168	1.04481
2	170	1.01818
2	171	0.965839
2	174	1.01142
2	176	1.01742
2	178	0.954922
3	39	1.04263
3	78	0.924692
3	141	1.01064
3	142	1.05455
3	160	1.05562
3	166	0.948184
3	169	0.985086
3	170	1.0147
3	172	0.982009
3	174	1.00794
3	175	0.964153
3	176	1.01393
4	25	1.15426
4	35	1.08761
4	40	1.00979
4	44	1.03197
4	52	0.965281
4	57	0.957836
4	70	0.993255
4	122	1.00863
4	146	0.962911
4	148	0.952459
4	157	0.94993
4	179	0.927455
5	88	1.01699
5	93	0.984476
5	100	1.0925
5	109	1.02861
5	124	0.990375
5	129	1.06569
5	152	0.996564
5	158	0.938938
5	163	0.964247
5	165	0.973503
5	167	1.02137
5	177	0.934094
6	2	0.968951
6	18	1.07939
6	24	1.00336
6	35	1.0999
6	40	1.02208
6	57	0.970125
6	70	1.00554
6	121	1.00424
6	138	0.938471
6	153	1.0196
6	165	0.966627
6	177	0.927217
7	22	0.878671
7	27	0.873971
7	51	0.982029
7	76	0.839472
7	127	1.19245
7	157	0.893806
7	158	0.909904
7	159	1.23002
7	166	1.20273
7	167	0.888508
7	177	0.933638
7	180	1.18101
8	42	0.949364
8	77	0.931422
8	93	0.990023
8	108	0.977645
8	136	1.05363
8	146	1.00838
8	160	1.05188
8	167	0.944914
8	172	1.02182
8	174	1.00419
8	178	1.03005
8	179	1.03005
9	56	1.11579
9	121	0.985312
9	126	1.00953
9	130	1.00013
9	131	1.00491
9	139	1.0123
9	140	0.941248
9	146	1.02661
9	153	1.03074
9	155	0.971187
9	175	0.954841
9	179	0.954588
10	21	1.10245
10	34	1.02855
10	42	0.987689
10	66	0.962245
10	68	1.06976
10	139	1.02308
10	147	1.00992
10	157	0.974597
10	165	0.945231
10	167	0.954098
10	177	0.905821
10	180	1.03939
11	49	0.907443
11	77	0.949098
11	103	1.06764
11	136	0.935093
11	160	0.932439
11	161	1.02178
11	163	1.03768
11	165	1.03353
11	169	1.01356
11	171	1.03022
11	178	1.03161
11	179	1.03161
12	18	1.07038
12	25	1.15754
12	44	1.03526
12	52	0.968564
12	57	0.961119
12	70	0.996538
12	107	0.95347
12	125	0.943959
12	133	0.959202
12	153	1.0106
12	157	0.965111
12	164	0.982951
13	85	0.970416
13	132	1.02839
13	145	0.996741
13	150	1.02644
13	156	1.04689
13	160	1.05714
13	164	0.98121
13	167	0.942871
13	170	1.01622
13	173	0.915087
13	174	1.00946
13	176	1.01546
14	77	1.06707
14	101	1.00588
14	107	1.01406
14	108	1.01789
14	116	1.0298
14	125	0.970305
14	158	1.04335
14	161	0.992113
14	166	0.953266
14	167	1.02195
14	175	0.969235
14	177	0.922681
15	94	0.999569
15	128	1.03411
15	145	1.01434
15	156	1.05112
15	160	1.06137
15	170	1.02045
15	173	0.932686
15	174	1.01369
15	175	0.958747
15	176	1.01969
15	178	0.943201
15	179	0.958494
16	19	0.920336
16	39	0.947336
16	103	1.04823
16	105	0.926948
16	107	0.95204
16	164	1.00979
16	169	1.01658
16	171	1.03323
16	172	1.0264
16	173	1.04476
16	178	1.03463
16	179	1.03463
17	19	0.938886
17	32	1.11464
17	33	0.952197
17	53	0.849654
17	55	0.852876
17	74	0.872378
17	79	0.935532
17	80	0.891816
17	117	0.906659
17	151	1.2342
17	166	1.21168
17	170	1.24303
18	6	1.07939
18	12	1.07038
18	20	1.0168
18	24	1.01486
18	40	1.03358
18	52	0.989068
18	57	0.981623
18	69	1.00059
18	135	0.963184
18	143	0.906194
18	153	1.0311
18	180	0.916882
19	1	0.957571
19	16	0.920336
19	17	0.938886
19	53	1.02722
19	74	1.04995
19	79	1.1131
19	80	1.06939
19	141	0.995818
19	149	0.9888
19	153	1.04388
19	156	0.940662
19	168	0.951544
20	18	1.0168
20	148	1.06226
20	160	1.00908
20	164	0.955141
20	166	0.980231
20	167	1.03923
20	169	0.961927
20	172	0.97175
20	173	0.990107
20	175	0.980887
20	176	1.06934
20	178	0.979978
20	179	0.979978
21	10	1.10245
21	23	0.806882
21	34	1.1269
21	66	1.0606
21	68	1.16811
21	77	0.899051
21	100	0.837366
21	138	0.875521
21	147	1.10828
21	148	1.09593
21	163	0.89442
21	173	0.88476
21	180	1.13775
22	7	0.878671
22	50	0.930427
22	51	1.07262
22	76	0.930062
22	92	0.991868
22	110	1.06837
22	151	1.05128
22	157	0.984397
22	158	1.00049
22	167	0.979098
22	168	1.04211
22	177	1.02423
22	179	1.04448
23	21	0.806882
23	102	1.09812
23	111	0.940435
23	141	1.10871
23	150	1.12299
23	154	0.851024
23	159	0.88267
23	166	0.855381
23	168	1.13939
23	170	1.11277
23	174	1.10601
23	176	1.112
23	179	0.871096
24	6	1.00336
24	18	1.01486
24	35	1.03537
24	40	0.957548
24	44	0.979733
24	52	0.913041
24	70	0.941015
24	97	1.0349
24	147	1.0357
24	153	0.955072
24	157	1.07887
24	158	1.01494
24	178	1.0411
25	4	1.15426
25	12	1.15754
25	40	1.12073
25	52	1.07623
25	57	1.06878
25	70	1.1042
25	90	0.917363
25	122	0.917293
25	149	0.871002
25	153	1.11826
25	159	0.847688
25	172	0.854224
25	180	0.798671
26	27	1.10552
26	43	0.886682
26	50	1.07139
26	76	1.07102
26	83	0.87454
26	133	0.855078
26	134	0.885351
26	137	0.898677
26	157	1.12536
26	158	1.14146
26	167	1.12006
26	177	1.16519
26	180	0.801069
27	7	0.873971
27	26	1.10552
27	39	1.04062
27	50	0.925727
27	76	0.925362
27	111	1.10383
27	147	1.0138
27	157	0.979696
27	158	0.995794
27	165	1.0276
27	167	0.974398
27	177	1.01953
27	178	1.0192
28	98	0.961634
28	105	1.01334
28	145	1.09135
28	156	0.986394
28	160	0.996641
28	161	1.05864
28	163	1.01936
28	165	1.02862
28	168	0.982347
28	170	0.955723
28	173	1.0097
28	174	0.94896
28	176	0.954958
29	45	0.963873
29	78	1.01075
29	97	0.971645
29	100	1.02943
29	106	1.08914
29	109	0.965538
29	112	0.928842
29	124	0.927307
29	129	1.00262
29	135	1.03244
29	151	1.03038
29	173	0.997769
29	176	1.05567
30	67	1.1278
30	83	1.03266
30	96	1.04961
30	101	1.02595
30	107	1.03413
30	108	1.03796
30	116	1.04987
30	122	1.01703
30	151	0.942654
30	165	0.928962
30	167	1.04202
30	171	0.931477
30	177	0.889552
30	180	0.898411
31	34	1.07487
31	35	1.08647
31	105	0.970995
31	137	0.910692
31	148	0.924804
31	158	1.12536
31	160	0.954293
31	162	1.17559
31	168	0.939998
31	170	0.913375
31	173	1.14101
31	174	0.906612
31	176	0.912609
31	180	0.966621
32	17	1.11464
32	82	0.893043
32	113	0.881642
32	139	0.93298
32	154	1.05559
32	166	1.05324
32	168	0.85966
32	169	1.03494
32	171	1.05159
32	172	1.04476
32	174	0.911025
32	175	1.0539
32	178	1.05299
32	179	1.05299
33	17	0.952197
33	53	1.04054
33	54	1.03394
33	55	1.04376
33	62	0.91482
33	74	1.06326
33	79	1.12641
33	80	1.0827
33	94	0.981576
33	134	0.959898
33	153	1.05719
33	157	0.935533
33	161	0.93619
33	180	0.875616
34	10	1.02855
34	21	1.1269
34	31	1.07487
34	42	1.01214
34	49	0.829662
34	66	0.986699
34	68	1.09421
34	89	0.948049
34	136	1.05327
34	137	0.942998
34	147	1.03438
34	155	0.899433
34	161	0.905964
34	180	1.06385
35	4	1.08761
35	6	1.0999
35	24	1.03537
35	31	1.08647
35	44	1.07627
35	52	1.00958
35	57	1.00213
35	70	1.03755
35	125	0.895754
35	127	0.868433
35	153	1.05161
35	157	0.916906
35	174	0.943429
35	179	0.894431
36	75	1.15393
36	95	1.03864
36	111	0.979456
36	114	1.06435
36	119	1.04027
36	122	0.991296
36	130	1.01485
36	131	1.01963
36	139	1.02702
36	146	1.04133
36	155	0.926717
36	157	0.932592
36	171	0.905742
36	180	0.872675
37	83	1.04548
37	96	1.06243
37	99	1.03805
37	101	1.03877
37	103	1.01353
37	107	1.04696
37	108	1.05078
37	116	1.06269
37	117	0.902825
37	140	0.893159
37	149	0.941387
37	151	0.9133
37	167	1.05484
37	176	0.938591
38	77	1.04384
38	83	0.989358
38	96	1.00631
38	99	0.981928
38	101	0.982649
38	107	0.990835
38	111	1.06902
38	116	1.00657
38	129	0.97521
38	148	0.999786
38	167	0.998723
38	171	0.995304
38	174	1.04868
38	177	0.953379
38	180	0.962237
39	3	1.04263
39	16	0.947336
39	27	1.04062
39	64	0.944197
39	76	1.07425
39	102	0.981487
39	141	0.992076
39	142	1.03598
39	165	0.974021
39	166	0.965196
39	168	1.02276
39	169	1.0021
39	170	0.996133
39	174	0.98937
39	176	0.995368
40	4	1.00979
40	6	1.02208
40	18	1.03358
40	24	0.957548
40	25	1.12073
40	44	0.998448
40	57	0.924311
40	70	0.95973
40	91	1.06112
40	132	1.02165
40	147	0.982108
40	153	0.973787
40	158	0.961343
40	169	1.02399
40	177	0.956499
41	46	0.998561
41	89	0.974046
41	110	0.999644
41	134	0.997193
41	135	1.00936
41	154	0.980431
41	155	1.0171
41	156	1.01141
41	160	1.02166
41	168	1.00736
41	170	0.980737
41	174	0.973974
41	175	1.00076
41	179	1.0005
41	180	1.03398
42	8	0.949364
42	10	0.987689
42	34	1.01214
42	66	0.945841
42	68	1.05335
42	94	1.04972
42	120	1.02294
42	133	0.990873
42	136	1.01242
42	147	0.993521
42	148	0.981173
42	149	1.01609
42	167	0.983183
42	175	0.98146
42	180	1.02299
43	26	0.886682
43	66	1.03916
43	96	1.01929
43	104	1.00722
43	113	1.04257
43	136	0.99743
43	159	0.985996
43	165	1.00444
43	166	1.00278
43	169	0.98448
43	171	1.00113
43	173	1.01266
43	175	1.00344
43	178	1.00253
43	179	1.00253
44	4	1.03197
44	12	1.03526
44	24	0.979733
44	35	1.07627
44	40	0.998448
44	52	0.95394
44	57	0.946495
44	70	0.981915
44	123	1.04174
44	153	0.995972
44	158	0.959998
44	163	0.985307
44	170	1.01709
44	171	0.997079
44	175	1.00171
45	29	0.963873
45	58	1.06789
45	78	1.04696
45	89	1.06431
45	93	0.957619
45	109	1.00175
45	112	0.965054
45	124	0.963518
45	129	1.03883
45	138	0.964042
45	154	0.979017
45	156	0.98584
45	160	0.970914
45	164	1.0394
45	167	0.99451
46	41	0.998561
46	71	1.01924
46	72	0.999367
46	82	1.02956
46	95	1.00033
46	109	0.989645
46	119	1.00195
46	124	1.0582
46	130	0.976534
46	131	0.981311
46	139	0.9887
46	144	1.03866
46	146	1.00301
46	172	0.990949
46	177	0.926538
47	58	0.858032
47	73	0.839391
47	95	1.00279
47	115	0.938325
47	129	0.890295
47	137	0.97493
47	142	0.886555
47	159	1.05545
47	164	1.04715
47	165	1.0739
47	169	1.05393
47	171	1.07059
47	173	1.08211
47	175	1.07289
47	178	1.07199
47	179	1.07199
48	50	0.914565
48	73	1.06084
48	76	0.914201
48	89	0.946178
48	101	0.947163
48	108	0.959178
48	118	1.07352
48	139	0.93598
48	140	1.06322
48	146	0.950292
48	156	1.0633
48	166	1.06084
48	167	0.963236
48	172	1.09466
48	173	1.05075
48	177	1.00837
49	11	0.907443
49	34	0.829662
49	65	1.07307
49	112	1.04593
49	129	1.1197
49	130	1.03596
49	144	0.987434
49	146	1.06244
49	155	0.93821
49	166	0.905895
49	167	1.07538
49	170	1.06502
49	171	0.917235
49	174	1.05825
49	176	1.06425
49	179	0.921611
50	22	0.930427
50	26	1.07139
50	27	0.925727
50	48	0.914565
50	51	1.03379
50	76	0.891228
50	118	1.0575
50	133	1.0771
50	150	1.07355
50	154	1.04047
50	157	0.945562
50	158	0.96166
50	167	0.940263
50	174	1.10954
50	177	0.985394
50	178	1.04525
51	7	0.982029
51	22	1.07262
51	50	1.03379
51	76	1.03342
51	85	1.0765
51	134	0.949959
51	144	0.968944
51	147	0.882428
51	150	0.91613
51	151	0.909921
51	157	1.08775
51	158	1.10385
51	162	0.91189
51	167	1.08246
51	177	1.12759
51	180	0.865678
52	4	0.965281
52	12	0.968564
52	18	0.989068
52	24	0.913041
52	25	1.07623
52	35	1.00958
52	44	0.95394
52	57	0.879803
52	70	0.915222
52	153	0.929279
52	159	1.07272
52	161	1.08428
52	162	1.06992
52	164	1.10146
52	166	1.04543
52	173	1.03534
53	1	0.868339
53	17	0.849654
53	19	1.02722
53	33	1.04054
53	54	0.931399
53	61	1.17603
53	74	0.960716
53	79	1.02387
53	80	0.980154
53	111	1.09919
53	122	0.963457
53	139	1.10081
53	153	0.954651
53	165	1.02296
53	178	1.01456
53	180	0.99241
54	1	0.861746
54	33	1.03394
54	53	0.931399
54	55	0.934622
54	74	0.954124
54	79	1.01728
54	80	0.973562
54	89	1.10502
54	94	1.10832
54	117	0.988405
54	122	0.956864
54	152	1.05597
54	153	0.948058
54	154	1.01973
54	157	1.06228
54	172	1.05792
55	1	0.871562
55	17	0.852876
55	33	1.04376
55	54	0.934622
55	74	0.963939
55	79	1.02709
55	80	0.983377
55	102	1.1269
55	117	0.99822
55	122	0.96668
55	138	1.03747
55	142	1.04431
55	153	0.957874
55	157	1.09499
55	175	1.07277
55	177	1.02622
56	9	1.11579
56	72	1.04858
56	73	1.16278
56	94	0.96621
56	102	0.952075
56	114	1.07525
56	119	1.05117
56	130	1.02575
56	131	1.03053
56	135	0.906552
56	139	1.03792
56	144	0.963517
56	146	1.05223
56	154	0.877621
56	166	0.881978
56	180	0.86025
57	4	0.957836
57	6	0.970125
57	12	0.961119
57	18	0.981623
57	25	1.06878
57	35	1.00213
57	40	0.924311
57	44	0.946495
57	52	0.879803
57	70	0.907777
57	114	1.07582
57	127	1.05424
57	155	1.09684
57	177	1.03394
57	178	1.06495
57	179	1.08024
58	45	1.06789
58	47	0.858032
58	87	1.05472
58	88	1.05794
58	92	1.11066
58	97	1.07566
58	112	1.03286
58	124	1.03132
58	129	1.10663
58	133	0.934616
58	156	0.9048
58	157	0.940524
58	166	0.902334
58	167	1.06231
58	171	0.913674
58	176	0.950142
59	70	1.00504
59	73	0.889714
59	104	0.949354
59	123	1.00538
59	142	0.936878
59	148	0.99009
59	159	1.00673
59	161	1.01343
59	165	1.02517
59	166	1.02351
59	169	1.00521
59	171	1.02186
59	173	1.03339
59	174	1.01408
59	175	1.02417
59	178	1.02326
59	179	1.02326
60	87	1.12522
60	126	1.19689
60	142	1.10008
60	149	0.930679
60	155	0.922244
60	159	0.91517
60	160	1.10011
60	162	0.92325
60	164	0.906868
60	165	0.933619
60	168	1.12592
60	170	1.14392
60	171	0.930308
60	173	0.941834
60	175	0.932615
60	178	0.931706
60	179	0.931706
61	53	1.17603
61	66	1.13717
61	79	1.0613
61	86	1.13282
61	87	0.91693
61	107	1.13179
61	112	0.895063
61	124	0.893527
61	129	0.968839
61	153	1.15631
61	156	0.944822
61	165	0.935157
61	168	0.940775
61	172	0.925015
61	176	0.913386
61	178	0.933243
61	179	0.933243
62	33	0.91482
62	90	1.00297
62	120	1.01422
62	128	1.0238
62	133	0.993109
62	137	1.00746
62	149	1.01143
62	152	0.992712
62	156	1.04082
62	160	1.05106
62	162	0.985312
62	163	0.960395
62	168	1.03677
62	170	1.01014
62	173	0.950735
62	174	1.00338
62	176	1.00938
63	73	0.902717
63	76	0.963811
63	120	1.00655
63	136	1.04515
63	138	0.943043
63	140	0.964751
63	147	1.02626
63	152	0.99426
63	153	1.01344
63	158	1.03424
63	162	0.986859
63	167	1.01285
63	169	0.999277
63	174	0.995717
63	176	1.00171
63	177	1.05798
63	180	1.05573
64	39	0.944197
64	90	0.909087
64	128	0.929924
64	134	0.93272
64	141	0.912207
64	150	0.926483
64	154	1.12941
64	156	0.946935
64	158	1.10802
64	159	1.16105
64	160	0.957183
64	166	1.13376
64	167	1.15145
64	170	0.916264
64	173	1.12367
64	174	0.909501
64	176	0.915499
65	49	1.07307
65	71	0.98991
65	86	1.00785
65	95	0.970996
65	114	0.996702
65	118	1.03965
65	119	0.972623
65	126	0.956602
65	130	0.947204
65	131	0.951981
65	139	0.959371
65	146	0.973683
65	147	1.022
65	159	1.05426
65	171	1.03831
65	173	1.01688
65	177	0.996388
65	179	1.04269
66	10	0.962245
66	21	1.0606
66	34	0.986699
66	42	0.945841
66	43	1.03916
66	61	1.13717
66	68	1.02791
66	71	1.05689
66	81	0.962334
66	85	0.948704
66	123	1.03128
66	133	0.965429
66	136	0.986971
66	143	0.942863
66	148	0.955728
66	159	1.00257
66	179	0.990993
66	180	0.997545
67	30	1.1278
67	83	1.06535
67	96	1.0823
67	99	1.05792
67	107	1.06682
67	108	1.07065
67	116	1.08256
67	117	0.890139
67	122	0.974991
67	148	1.07578
67	157	0.916287
67	158	1.09611
67	162	0.902582
67	165	0.886921
67	167	1.07471
67	173	0.868005
67	175	0.894066
67	178	0.87852
68	10	1.06976
68	21	1.16811
68	34	1.09421
68	42	1.05335
68	66	1.02791
68	81	1.06985
68	110	0.929847
68	133	1.07294
68	138	0.870907
68	143	0.857823
68	147	1.07559
68	148	1.06324
68	151	0.912755
68	164	0.946269
68	168	0.903586
68	172	0.924064
68	177	0.859653
68	180	1.10506
69	18	1.00059
69	84	0.984456
69	132	0.974894
69	141	0.958667
69	144	1.08687
69	148	0.974154
69	154	1.00097
69	160	1.00364
69	164	1.06136
69	165	1.01416
69	168	0.989348
69	170	0.962724
69	172	1.03916
69	174	0.955961
69	176	0.961959
69	177	1.01822
69	178	1.00575
69	180	1.01597
70	4	0.993255
70	6	1.00554
70	12	0.996538
70	24	0.941015
70	25	1.1042
70	35	1.03755
70	40	0.95973
70	44	0.981915
70	52	0.915222
70	57	0.907777
70	59	1.00504
70	81	1.02435
70	109	1.03154
70	122	1.09591
70	133	1.0313
70	153	0.957253
70	157	1.03721
70	180	0.977291
71	46	1.01924
71	65	0.98991
71	66	1.05689
71	82	1.00582
71	86	1.01344
71	95	0.976586
71	119	0.978213
71	126	0.962192
71	130	0.952794
71	131	0.957571
71	139	0.96496
71	146	0.979273
71	163	1.02453
71	171	1.0363
71	173	1.01487
71	175	1.04093
71	177	0.994374
71	179	1.04067
72	46	0.999367
72	56	1.04858
72	75	1.072
72	82	0.985946
72	86	0.99357
72	89	1.10346
72	117	1.03457
72	126	0.94232
72	130	0.932921
72	131	0.937699
72	133	0.983108
72	139	0.945088
72	142	1.01004
72	146	0.9594
72	158	0.996788
72	175	1.0385
72	178	1.02295
72	180	1.0008
73	47	0.839391
73	48	1.06084
73	56	1.16278
73	59	0.889714
73	63	0.902717
73	114	1.09661
73	116	0.92257
73	119	1.07253
73	126	1.05651
73	130	1.04711
73	131	1.05189
73	136	1.11884
73	139	1.05928
73	146	1.07359
73	149	0.934296
73	152	0.915578
73	154	0.879336
73	169	0.920595
74	1	0.891064
74	17	0.872378
74	19	1.04995
74	33	1.06326
74	53	0.960716
74	54	0.954124
74	55	0.963939
74	79	1.04659
74	80	1.00288
74	94	1.06859
74	106	1.06564
74	117	1.01772
74	125	1.0014
74	145	1.05592
74	153	0.977376
74	163	0.983929
74	174	1.04907
74	178	0.984784
75	36	1.15393
75	72	1.072
75	82	1.10219
75	85	0.926476
75	88	0.935017
75	111	0.966293
75	114	1.09866
75	115	0.920515
75	119	1.07458
75	126	1.05856
75	130	1.04916
75	131	1.05394
75	139	1.06133
75	146	1.07564
75	147	0.876263
75	160	0.86878
75	177	0.850654
75	180	0.859512
76	7	0.839472
76	22	0.930062
76	26	1.07102
76	27	0.925362
76	39	1.07425
76	48	0.914201
76	50	0.891228
76	51	1.03342
76	63	0.963811
76	89	1.13334
76	137	1.12829
76	151	1.07492
76	152	1.08429
76	157	0.945197
76	158	0.961295
76	159	1.07969
76	167	0.939899
76	177	0.985029
76	180	1.03068
77	8	0.931422
77	11	0.949098
77	14	1.06707
77	21	0.899051
77	38	1.04384
77	83	1.02468
77	94	1.03178
77	96	1.04164
77	99	1.01725
77	101	1.01798
77	107	1.02616
77	108	1.02999
77	116	1.0419
77	147	0.942573
77	155	0.979865
77	158	1.05545
77	167	1.03405
77	178	0.947972
77	180	0.925822
78	3	0.924692
78	29	1.01075
78	45	1.04696
78	87	1.0338
78	92	1.08974
78	93	1.00449
78	94	1.01013
78	97	1.05473
78	112	1.01193
78	117	0.931901
78	124	1.01039
78	129	1.0857
78	144	1.0014
78	149	0.970463
78	157	0.958049
78	159	0.947149
78	166	0.919859
78	167	1.04138
78	169	0.956761
79	1	0.954218
79	17	0.935532
79	19	1.1131
79	33	1.12641
79	53	1.02387
79	54	1.01728
79	55	1.02709
79	61	1.0613
79	74	1.04659
79	80	1.06603
79	112	0.971761
79	113	0.934732
79	122	1.04934
79	140	0.901779
79	153	1.04053
79	167	0.917094
79	174	0.964116
79	176	0.947211
79	178	0.899825
80	1	0.910502
80	17	0.891816
80	19	1.06939
80	33	1.0827
80	53	0.980154
80	54	0.973562
80	55	0.983377
80	74	1.00288
80	79	1.06603
80	117	1.03716
80	122	1.00562
80	131	1.05873
80	135	0.990401
80	147	0.96085
80	149	1.01643
80	151	0.988343
80	153	0.996814
80	154	0.961469
80	172	0.999652
80	174	1.03054
81	66	0.962334
81	68	1.06985
81	70	1.02435
81	91	1.04272
81	114	1.00668
81	115	1.01424
81	131	0.961958
81	139	0.969347
81	144	1.05022
81	146	0.983659
81	148	0.997666
81	150	0.996455
81	154	0.964323
81	158	0.942939
81	159	0.99597
81	168	1.01286
81	169	1.00558
81	175	0.984649
81	176	0.985471
81	180	1.03948
82	32	0.893043
82	46	1.02956
82	71	1.00582
82	72	0.985946
82	75	1.10219
82	114	1.01261
82	119	0.988532
82	126	0.972512
82	130	0.963113
82	131	0.967891
82	134	1.05264
82	139	0.97528
82	145	1.06164
82	146	0.989592
82	151	1.00696
82	152	1.02197
82	157	1.02827
82	158	0.964341
82	169	1.02698
82	177	0.959497
83	26	0.87454
83	30	1.03266
83	37	1.04548
83	38	0.989358
83	67	1.06535
83	77	1.02468
83	99	0.962775
83	101	0.963496
83	107	0.971682
83	108	0.975511
83	116	0.987416
83	136	0.985288
83	145	1.06666
83	148	0.980632
83	151	1.01761
83	157	1.03328
83	158	1.00097
83	175	1.01106
83	176	1.0429
83	180	0.973367
84	69	0.984456
84	127	0.980889
84	134	1.00639
84	137	0.98725
84	140	0.993548
84	141	0.985875
84	147	0.986195
84	150	1.00015
84	156	1.0206
84	157	1.0056
84	160	1.03085
84	162	1.01566
84	166	0.991171
84	168	1.01656
84	169	1.02807
84	170	0.989933
84	172	1.025
84	174	0.98317
84	176	0.989167
84	178	0.991594
85	13	0.970416
85	51	1.0765
85	66	0.948704
85	75	0.926476
85	104	0.98857
85	116	1.02746
85	133	0.993737
85	141	1.04621
85	142	0.976094
85	147	0.996384
85	157	0.988272
85	167	0.982974
85	170	1.01993
85	172	0.983471
85	175	0.992608
85	176	1.0364
85	177	1.0281
85	178	0.991699
85	179	0.991699
85	180	1.02585
86	61	1.13282
86	65	1.00785
86	71	1.01344
86	72	0.99357
86	114	1.02023
86	118	0.983611
86	122	1.06783
86	126	0.980135
86	130	0.970737
86	131	0.975514
86	136	1.04247
86	139	0.982903
86	146	0.997216
86	151	1.01458
86	153	1.00135
86	160	0.958472
86	162	0.995417
86	165	0.979756
86	177	0.940346
86	180	0.949205
87	58	1.05472
87	60	1.12522
87	61	0.91693
87	78	1.0338
87	88	0.976972
87	92	1.0297
87	97	0.994693
87	100	1.05248
87	109	0.988586
87	124	0.950355
87	129	1.02567
87	147	0.994757
87	151	0.978513
87	162	0.980482
87	163	0.955565
87	167	0.981346
87	170	0.987344
87	171	0.967336
87	172	0.989822
87	174	1.02071
88	5	1.01699
88	58	1.05794
88	75	0.935017
88	87	0.976972
88	92	1.03291
88	93	0.94767
88	97	0.997907
88	100	1.05569
88	109	0.991801
88	112	0.955105
88	124	0.953569
88	129	1.02888
88	140	0.999505
88	151	1.01964
88	167	0.984561
88	168	1.01048
88	169	1.03403
88	171	1.00847
88	173	0.987036
88	179	1.01284
89	34	0.948049
89	41	0.974046
89	45	1.06431
89	48	0.946178
89	54	1.10502
89	72	1.10346
89	76	1.13334
89	92	0.987388
89	93	1.08708
89	99	0.955082
89	100	0.966796
89	108	0.967818
89	116	0.979723
89	141	0.957452
89	161	0.970767
89	173	0.99073
89	174	0.954747
89	175	0.981511
89	176	0.960744
89	178	0.980601
89	179	0.980601
90	25	0.917363
90	62	1.00297
90	64	0.909087
90	112	1.11267
90	132	0.973193
90	133	1.0726
90	135	1.06489
90	137	0.95834
90	141	0.956965
90	142	1.00087
90	148	0.972453
90	150	0.971242
90	153	1.09138
90	156	0.991694
90	163	1.03988
90	165	1.04914
90	168	0.987647
90	170	0.961023
90	174	0.95426
90	175	1.05628
90	176	0.960258
91	40	1.06112
91	81	1.04272
91	103	1.14013
91	142	1.00489
91	144	0.954815
91	148	1.05811
91	149	0.974279
91	156	1.01985
91	159	0.95877
91	161	0.965471
91	164	0.950468
91	165	0.977219
91	166	0.975558
91	167	1.03508
91	168	1.03074
91	169	0.957254
91	171	0.973908
91	173	0.985434
91	175	0.976214
91	178	0.975305
91	179	0.975305
92	22	0.991868
92	58	1.11066
92	78	1.08974
92	87	1.0297
92	88	1.03291
92	89	0.987388
92	93	1.0004
92	97	1.05063
92	100	1.10842
92	109	1.04453
92	112	1.00783
92	118	0.919136
92	124	1.0063
92	129	1.08161
92	133	0.938739
92	143	0.874042
92	144	0.987996
92	148	0.947176
92	167	1.03729
92	177	0.875872
92	180	0.88473
93	5	0.984476
93	8	0.990023
93	45	0.957619
93	78	1.00449
93	88	0.94767
93	89	1.08708
93	92	1.0004
93	97	0.96539
93	100	1.02317
93	109	0.959284
93	112	0.922588
93	124	0.921052
93	129	0.996364
93	134	1.06871
93	139	1.09282
93	144	1.08769
93	147	0.965454
93	151	1.02867
93	163	1.00572
93	167	0.952043
93	169	1.04305
94	15	0.999569
94	33	0.981576
94	42	1.04972
94	54	1.10832
94	56	0.96621
94	74	1.06859
94	77	1.03178
94	78	1.01013
94	109	0.964925
94	124	0.926694
94	126	1.1119
94	129	1.00201
94	153	1.07865
94	168	0.973941
94	170	0.947318
94	172	0.958182
94	173	0.976539
94	174	0.940555
94	175	0.967319
94	178	0.96641
94	179	0.96641
95	36	1.03864
95	46	1.00033
95	47	1.00279
95	65	0.970996
95	71	0.976586
95	114	0.983377
95	119	0.959299
95	126	0.943278
95	130	0.93388
95	131	0.938657
95	133	0.984066
95	139	0.946046
95	143	1.01468
95	146	0.960358
95	153	0.964491
95	155	1.07941
95	156	1.04956
95	163	1.04666
95	169	1.08399
95	174	1.1118
95	177	1.01651
96	30	1.04961
96	37	1.06243
96	38	1.00631
96	43	1.01929
96	67	1.0823
96	77	1.04164
96	99	0.979731
96	101	0.980452
96	107	0.988638
96	108	0.992467
96	116	1.00437
96	117	0.967447
96	148	0.997588
96	154	0.951049
96	157	0.993596
96	158	1.01792
96	167	0.996526
96	170	0.986753
96	172	0.989231
96	175	0.971375
96	176	1.00321
96	177	0.92482
97	24	1.0349
97	29	0.971645
97	58	1.07566
97	78	1.05473
97	87	0.994693
97	88	0.997907
97	92	1.05063
97	93	0.96539
97	100	1.07341
97	109	1.00952
97	112	0.972825
97	122	1.03446
97	124	0.97129
97	129	1.0466
97	134	1.00012
97	140	0.939946
97	142	0.925076
97	147	1.01569
97	149	0.988173
97	161	0.976416
97	168	0.950917
97	179	0.953285
98	28	0.961634
98	103	0.942934
98	104	1.01834
98	123	0.982302
98	128	0.987771
98	132	0.986281
98	137	0.971428
98	142	1.01396
98	149	1.0518
98	155	1.03352
98	156	1.00478
98	160	1.01503
98	161	1.04005
98	162	1.02569
98	165	1.01003
98	167	1.01889
98	168	1.00073
98	170	0.974111
98	171	1.01254
98	174	0.967348
98	176	0.973346
98	178	1.00162
98	179	1.01692
99	37	1.03805
99	38	0.981928
99	67	1.05792
99	77	1.01725
99	83	0.962775
99	89	0.955082
99	96	0.979731
99	101	0.956066
99	107	0.964252
99	108	0.968081
99	116	0.979986
99	118	1.02718
99	127	1.00422
99	135	1.03908
99	148	0.973203
99	151	1.03702
99	155	1.04682
99	158	0.993536
99	167	0.97214
99	169	1.0514
99	177	0.983916
99	179	1.03022
99	180	0.992774
100	5	1.0925
100	21	0.837366
100	29	1.02943
100	87	1.05248
100	88	1.05569
100	89	0.966796
100	92	1.10842
100	93	1.02317
100	97	1.07341
100	109	1.0673
100	112	1.03061
100	122	0.982759
100	124	1.02907
100	125	0.902903
100	129	1.10438
100	144	0.967404
100	145	0.957427
100	147	1.07347
100	161	0.924711
100	164	0.941895
100	167	1.06006
100	173	0.875772
100	177	0.855279
101	14	1.00588
101	30	1.02595
101	37	1.03877
101	38	0.982649
101	48	0.947163
101	77	1.01798
101	83	0.963496
101	96	0.980452
101	99	0.956066
101	107	0.964973
101	108	0.968802
101	116	0.980707
101	121	1.0431
101	132	1.03122
101	151	1.01918
101	152	1.02854
101	157	1.03485
101	158	0.994258
101	159	1.02395
101	162	1.02114
101	167	0.972861
101	169	1.03356
101	180	0.974932
102	23	1.09812
102	39	0.981487
102	55	1.1269
102	56	0.952075
102	105	1.01118
102	113	0.983497
102	120	0.957625
102	123	0.961746
102	138	0.994117
102	142	0.993403
102	143	0.981033
102	150	0.963774
102	161	1.05229
102	162	1.03793
102	167	1.03114
102	168	0.980178
102	170	0.953555
102	173	1.00336
102	174	0.946792
102	176	0.95279
102	177	1.00905
102	179	1.02916
102	180	1.0068
103	11	1.06764
103	16	1.04823
103	37	1.01353
103	91	1.14013
103	98	0.942934
103	104	0.981252
103	113	0.966966
103	115	0.96503
103	123	0.945215
103	134	0.953479
103	142	0.976871
103	150	0.947242
103	156	0.967694
103	157	0.952689
103	158	1.04035
103	160	0.977942
103	168	0.963647
103	171	1.07743
103	173	1.056
103	174	0.93026
103	175	1.08206
103	176	0.936258
103	177	0.992521
103	179	1.08181
104	43	1.00722
104	59	0.949354
104	85	0.98857
104	98	1.01834
104	103	0.981252
104	105	1.07005
104	134	1.02888
104	138	0.924002
104	140	0.945709
104	141	1.00837
104	142	1.05228
104	150	1.02265
104	157	1.02809
104	160	1.05335
104	161	0.982179
104	163	0.942901
104	168	1.03905
104	170	1.01243
104	172	0.977159
104	173	0.933241
104	174	1.00567
104	175	0.959302
104	176	1.01166
104	177	1.06793
105	16	0.926948
105	28	1.01334
105	31	0.970995
105	102	1.01118
105	104	1.07005
105	119	1.01226
105	123	1.03401
105	137	1.02314
105	141	1.02176
105	150	1.03604
105	151	1.04061
105	156	1.05649
105	158	0.919066
105	159	0.972097
105	162	0.969292
105	163	0.944375
105	164	1.00084
105	168	1.05244
105	170	1.02582
105	174	1.01906
105	175	0.960776
105	176	1.02506
105	178	0.94523
105	179	0.960523
106	29	1.08914
106	74	1.06564
106	130	1.11115
106	137	1.10051
106	145	0.931766
106	146	1.0758
106	150	1.05336
106	154	0.967523
106	156	1.0271
106	159	0.948383
106	160	1.01217
106	161	0.955085
106	162	0.956463
106	163	0.970985
106	165	0.966832
106	166	0.965171
106	169	0.946868
106	170	1.05598
106	171	0.963521
106	172	0.956691
106	173	0.975047
106	175	0.965828
106	178	0.964919
106	179	0.964919
107	12	0.95347
107	14	1.01406
107	16	0.95204
107	30	1.03413
107	37	1.04696
107	38	0.990835
107	61	1.13179
107	67	1.06682
107	77	1.02616
107	83	0.971682
107	96	0.988638
107	99	0.964252
107	101	0.964973
107	108	0.976988
107	111	1.05495
107	116	0.988893
107	117	0.981941
107	148	0.98211
107	149	1.0205
107	151	0.992416
107	158	1.00244
107	167	0.981047
107	170	1.00125
107	178	0.970322
107	180	0.948172
108	8	0.977645
108	14	1.01789
108	30	1.03796
108	37	1.05078
108	48	0.959178
108	67	1.07065
108	77	1.02999
108	83	0.975511
108	89	0.967818
108	96	0.992467
108	99	0.968081
108	101	0.968802
108	107	0.976988
108	116	0.992722
108	157	1.03196
108	158	1.00627
108	161	1.03262
108	162	1.01826
108	163	0.993341
108	165	1.0026
108	166	0.993773
108	167	0.984876
108	172	1.0276
108	177	0.963187
108	180	0.972046
109	5	1.02861
109	29	0.965538
109	45	1.00175
109	46	0.989645
109	70	1.03154
109	87	0.988586
109	88	0.991801
109	92	1.04453
109	93	0.959284
109	94	0.964925
109	97	1.00952
109	100	1.0673
109	112	0.966719
109	124	0.965183
109	129	1.04049
109	133	1.00815
109	147	1.00959
109	150	1.0046
109	151	0.998389
109	155	1.00819
109	159	1.00316
109	165	0.984697
109	167	0.996175
109	176	1.02368
109	180	0.954146
110	22	1.06837
110	41	0.999644
110	68	0.929847
110	115	1.01511
110	120	0.991178
110	125	0.999997
110	128	1.00077
110	132	0.999277
110	134	1.00356
110	137	0.984424
110	138	0.963628
110	141	0.98305
110	143	0.950544
110	144	1.0645
110	150	0.997326
110	156	1.01778
110	161	1.02181
110	168	1.01373
110	169	1.01986
110	170	0.987107
110	171	0.994299
110	174	0.980344
110	176	0.986342
110	179	0.998675
110	180	1.04035
111	23	0.940435
111	27	1.10383
111	36	0.979456
111	38	1.06902
111	53	1.09919
111	75	0.966293
111	107	1.05495
111	128	1.06535
111	152	0.966169
111	154	0.982086
111	155	0.97002
111	161	0.969647
111	162	0.971026
111	163	0.985548
111	164	0.954644
111	165	0.981395
111	166	0.979734
111	168	1.04175
111	169	0.96143
111	171	0.978084
111	172	0.971253
111	173	0.98961
111	175	0.980391
111	176	1.07621
111	178	0.979481
111	179	0.979481
112	29	0.928842
112	45	0.965054
112	49	1.04593
112	58	1.03286
112	61	0.895063
112	78	1.01193
112	79	0.971761
112	88	0.955105
112	90	1.11267
112	92	1.00783
112	93	0.922588
112	97	0.972825
112	100	1.03061
112	109	0.966719
112	120	1.07316
112	121	1.06215
112	124	0.928487
112	127	1.00543
112	129	1.0038
112	147	0.972889
112	155	1.04802
112	157	1.0539
112	167	0.959479
112	171	1.02705
112	172	1.04953
112	173	1.00562
113	32	0.881642
113	43	1.04257
113	79	0.934732
113	102	0.983497
113	103	0.966966
113	120	1.00221
113	123	1.00633
113	125	0.995718
113	134	1.0146
113	137	0.99546
113	142	1.03799
113	143	0.946265
113	150	1.00836
113	152	1.01057
113	156	1.02881
113	160	1.03906
113	164	1.03471
113	168	1.02477
113	170	0.998143
113	171	0.99002
113	172	1.01251
113	173	0.968588
113	174	0.99138
113	175	0.994649
113	176	0.997378
113	177	1.05364
113	180	1.05139
114	36	1.06435
114	56	1.07525
114	57	1.07582
114	65	0.996702
114	73	1.09661
114	75	1.09866
114	81	1.00668
114	82	1.01261
114	86	1.02023
114	95	0.983377
114	119	0.985005
114	122	1.05154
114	126	0.968984
114	130	0.959586
114	131	0.964363
114	132	0.989207
114	133	1.00977
114	135	0.979218
114	138	0.935312
114	139	0.971752
114	146	0.986065
114	155	0.986958
114	159	0.981933
114	171	0.965983
114	172	0.988469
114	177	0.924058
114	180	0.932916
115	47	0.938325
115	75	0.920515
115	81	1.01424
115	103	0.96503
115	110	1.01511
115	127	0.972344
115	132	1.00838
115	133	1.01491
115	137	0.993524
115	140	0.985003
115	141	0.992149
115	142	1.03605
115	143	0.950212
115	150	1.00643
115	152	1.01451
115	156	1.02688
115	160	1.03713
115	161	1.02147
115	166	0.982627
115	168	1.02283
115	169	1.01953
115	170	0.996207
115	171	0.993966
115	174	0.989444
115	176	0.995442
115	177	1.0517
115	180	1.04945
116	14	1.0298
116	30	1.04987
116	37	1.06269
116	38	1.00657
116	67	1.08256
116	73	0.92257
116	77	1.0419
116	83	0.987416
116	85	1.02746
116	89	0.979723
116	96	1.00437
116	99	0.979986
116	101	0.980707
116	107	0.988893
116	108	0.992722
116	121	1.02867
116	140	0.984603
116	148	0.997844
116	157	1.02042
116	158	1.01818
116	160	0.969768
116	163	0.981795
116	165	0.991051
116	167	0.996781
116	173	0.972135
116	177	0.951642
116	180	0.9605
117	17	0.906659
117	37	0.902825
117	54	0.988405
117	55	0.99822
117	67	0.890139
117	72	1.03457
117	74	1.01772
117	78	0.931901
117	80	1.03716
117	96	0.967447
117	107	0.981941
117	119	1.02285
117	130	1.04191
117	132	1.02227
117	139	1.04206
117	146	1.00656
117	165	1.03111
117	167	0.973084
117	168	1.03673
117	169	1.01114
117	170	1.0101
117	173	1.03932
117	174	1.00334
117	175	1.0301
117	176	1.00934
117	178	1.02919
117	179	1.02919
118	48	1.07352
118	50	1.0575
118	65	1.03965
118	86	0.983611
118	92	0.919136
118	99	1.02718
118	119	1.02349
118	124	1.0571
118	132	0.990594
118	143	1.01646
118	145	0.960236
118	155	0.983927
118	159	0.976854
118	161	0.983555
118	162	0.984933
118	163	0.999455
118	164	0.968551
118	165	0.995302
118	166	0.993641
118	169	0.975338
118	171	0.991991
118	172	0.985161
118	173	1.00352
118	174	1.02074
118	175	0.994298
118	176	1.00384
118	178	0.993389
118	179	0.993389
119	36	1.04027
119	46	1.00195
119	56	1.05117
119	65	0.972623
119	71	0.978213
119	73	1.07253
119	75	1.07458
119	82	0.988532
119	95	0.959299
119	105	1.01226
119	114	0.985005
119	117	1.02285
119	118	1.02349
119	120	1.06826
119	126	0.944905
119	130	0.935507
119	131	0.940284
119	139	0.947673
119	140	1.01318
119	146	0.961986
119	151	0.979349
119	153	0.966118
119	160	0.998348
119	168	1.02415
119	170	1.04215
119	175	1.02678
119	177	0.980222
119	180	0.98908
120	42	1.02294
120	62	1.01422
120	63	1.00655
120	102	0.957625
120	110	0.991178
120	112	1.07316
120	113	1.00221
120	119	1.06826
120	132	0.984441
120	137	0.969588
120	140	1.00318
120	141	0.968213
120	142	1.01212
120	143	0.968387
120	147	0.995826
120	150	0.98249
120	151	0.987057
120	156	1.00294
120	158	0.975061
120	160	1.01319
120	164	1.05683
120	168	0.998895
120	170	0.972271
120	171	1.01214
120	172	1.03463
120	174	0.965508
120	176	0.971506
120	178	1.00122
121	6	1.00424
121	9	0.985312
121	101	1.0431
121	112	1.06215
121	116	1.02867
121	132	1.02435
121	145	0.96144
121	150	1.01852
121	154	0.997198
121	155	0.985131
121	156	0.992256
121	159	0.978058
121	160	0.977331
121	161	0.984759
121	162	0.986137
121	163	1.00066
121	164	0.969756
121	165	0.996506
121	166	0.994845
121	168	1.00314
121	169	0.976542
121	171	0.993195
121	172	0.986365
121	173	1.00472
121	174	1.0545
121	175	0.995502
121	178	0.994593
121	179	0.994593
122	4	1.00863
122	25	0.917293
122	30	1.01703
122	36	0.991296
122	53	0.963457
122	54	0.956864
122	55	0.96668
122	67	0.974991
122	70	1.09591
122	79	1.04934
122	80	1.00562
122	86	1.06783
122	97	1.03446
122	100	0.982759
122	114	1.05154
122	128	0.992221
122	153	0.980116
122	164	0.972816
122	167	1.05794
122	168	1.00518
122	170	0.978561
122	171	0.996256
122	172	0.989425
122	174	0.971799
122	175	0.998562
122	176	0.977796
122	178	0.997653
122	179	0.997653
123	44	1.04174
123	59	1.00538
123	66	1.03128
123	98	0.982302
123	102	0.961746
123	103	0.945215
123	105	1.03401
123	113	1.00633
123	128	0.990051
123	134	0.992848
123	137	0.973709
123	141	0.972334
123	142	1.01624
123	143	0.96694
123	145	1.07092
123	151	0.991178
123	154	0.994998
123	157	0.992057
123	160	1.01731
123	161	1.0382
123	164	1.05539
123	165	1.00818
123	166	0.999355
123	168	1.00302
123	170	0.976392
123	174	0.969629
123	176	0.975627
123	178	0.999777
124	5	0.990375
124	29	0.927307
124	45	0.963518
124	46	1.0582
124	58	1.03132
124	61	0.893527
124	78	1.01039
124	87	0.950355
124	88	0.953569
124	92	1.0063
124	93	0.921052
124	94	0.926694
124	97	0.97129
124	100	1.02907
124	109	0.965183
124	112	0.928487
124	118	1.0571
124	128	1.08137
124	129	1.00226
124	133	1.07671
124	147	0.971354
124	151	1.06694
124	154	1.04007
124	165	1.05325
124	167	0.957943
124	176	1.09223
124	177	1.01384
124	178	1.04485
124	180	1.0227
125	12	0.943959
125	14	0.970305
125	35	0.895754
125	74	1.0014
125	100	0.902903
125	110	0.999997
125	113	0.995718
125	142	0.947895
125	152	1.01541
125	154	1.03132
125	155	1.01926
125	156	0.962855
125	159	1.01218
125	161	1.01889
125	162	1.02026
125	163	1.03479
125	164	1.00388
125	165	1.03063
125	166	1.02897
125	168	0.973736
125	169	1.01067
125	170	0.991736
125	171	1.02732
125	172	1.02049
125	173	1.03885
125	175	1.02963
125	176	1.0082
125	178	1.02872
125	179	1.02872
126	9	1.00953
126	60	1.19689
126	65	0.956602
126	71	0.962192
126	72	0.94232
126	73	1.05651
126	75	1.05856
126	82	0.972512
126	86	0.980135
126	94	1.1119
126	95	0.943278
126	114	0.968984
126	119	0.944905
126	130	0.919487
126	131	0.924264
126	133	0.969673
126	139	0.931653
126	143	0.995255
126	146	0.945965
126	147	1.02269
126	151	0.963329
126	153	0.950098
126	159	1.05496
126	164	1.0837
126	171	1.03901
126	176	1.07548
126	177	0.997085
126	178	1.02809
126	180	1.00594
127	7	1.19245
127	35	0.868433
127	57	1.05424
127	84	0.980889
127	99	1.00422
127	112	1.00543
127	115	0.972344
127	131	1.02597
127	134	0.995623
127	136	0.923262
127	140	1.01806
127	141	0.99069
127	149	1.00219
127	152	0.989903
127	154	1.00582
127	155	0.993754
127	161	0.993382
127	162	0.99476
127	163	1.00928
127	164	0.978379
127	165	1.00513
127	166	1.00347
127	169	0.985165
127	171	1.00182
127	172	0.994988
127	173	1.01334
127	175	1.00412
127	176	0.980876
127	178	1.00322
127	179	1.00322
128	15	1.03411
128	62	1.0238
128	64	0.929924
128	98	0.987771
128	110	1.00077
128	111	1.06535
128	122	0.992221
128	123	0.990051
128	124	1.08137
128	134	0.998316
128	147	0.975318
128	150	0.992079
128	151	0.996646
128	156	1.01253
128	158	0.954553
128	160	1.02278
128	163	0.979862
128	166	0.980294
128	167	0.997986
128	168	1.00848
128	169	1.0172
128	170	0.98186
128	172	1.01412
128	173	0.970202
128	174	0.975097
128	176	0.981095
128	177	1.03736
128	178	0.980717
128	179	0.99601
128	180	1.03511
129	5	1.06569
129	29	1.00262
129	38	0.97521
129	45	1.03883
129	47	0.890295
129	49	1.1197
129	58	1.10663
129	61	0.968839
129	78	1.0857
129	87	1.02567
129	88	1.02888
129	92	1.08161
129	93	0.996364
129	94	1.00201
129	97	1.0466
129	100	1.10438
129	109	1.04049
129	112	1.0038
129	124	1.00226
129	136	0.924791
129	147	1.04667
129	150	0.963322
129	157	0.972787
129	158	0.908856
129	159	0.961886
129	165	0.943421
129	167	1.03325
129	172	0.968422
129	175	0.950566
129	176	0.982404
129	177	0.904011
129	179	0.950312
129	180	0.912869
130	9	1.00013
130	36	1.01485
130	46	0.976534
130	49	1.03596
130	56	1.02575
130	65	0.947204
130	71	0.952794
130	72	0.932921
130	73	1.04711
130	75	1.04916
130	82	0.963113
130	86	0.970737
130	95	0.93388
130	106	1.11115
130	114	0.959586
130	117	1.04191
130	119	0.935507
130	126	0.919487
130	136	0.981817
130	139	0.922255
130	146	0.936567
130	151	0.95393
130	153	0.940699
130	157	1.06806
130	158	1.00413
130	160	1.01741
130	162	1.05435
130	163	1.02943
130	164	1.0859
130	169	1.06677
130	171	1.04121
130	172	1.06369
130	177	0.999281
130	178	1.03029
131	9	1.00491
131	36	1.01963
131	46	0.981311
131	56	1.03053
131	65	0.951981
131	71	0.957571
131	72	0.937699
131	73	1.05189
131	75	1.05394
131	80	1.05873
131	81	0.961958
131	82	0.967891
131	86	0.975514
131	95	0.938657
131	114	0.964363
131	119	0.940284
131	126	0.924264
131	127	1.02597
131	132	1.07081
131	133	0.965052
131	138	1.01692
131	139	0.927032
131	141	1.09387
131	146	0.941344
131	151	0.958708
131	153	0.945477
131	158	1.01051
131	159	1.06354
131	161	1.0751
131	166	1.03625
131	176	1.08406
131	177	1.00566
131	179	1.05197
131	180	1.01452
132	13	1.02839
132	40	1.02165
132	69	0.974894
132	90	0.973193
132	98	0.986281
132	101	1.03122
132	110	0.999277
132	114	0.989207
132	115	1.00838
132	117	1.02227
132	118	0.990594
132	120	0.984441
132	121	1.02435
132	131	1.07081
132	134	0.996827
132	137	0.977688
132	138	0.958583
132	142	1.02022
132	150	0.99059
132	151	0.995156
132	152	1.0098
132	154	0.973557
132	156	1.01104
132	158	0.952173
132	160	1.02129
132	164	1.03395
132	168	1.00699
132	170	0.980371
132	173	0.967822
132	174	0.973608
132	175	0.993883
132	176	0.979605
132	177	1.03587
132	179	0.99363
132	180	1.03362
133	12	0.959202
133	26	0.855078
133	42	0.990873
133	50	1.0771
133	58	0.934616
133	62	0.993109
133	66	0.965429
133	68	1.07294
133	70	1.0313
133	72	0.983108
133	85	0.993737
133	90	1.0726
133	92	0.938739
133	95	0.984066
133	109	1.00815
133	114	1.00977
133	115	1.01491
133	124	1.07671
133	126	0.969673
133	131	0.965052
133	134	1.03819
133	136	1.032
133	139	0.972441
133	141	1.03325
133	142	0.963139
133	146	0.986753
133	148	1.00076
133	163	1.01449
133	164	0.983585
133	166	1.00868
133	171	1.00703
133	172	1.00019
133	178	1.00842
133	179	1.00842
133	180	1.04258
134	2	1.03464
134	26	0.885351
134	33	0.959898
134	41	0.997193
134	51	0.949959
134	64	0.93272
134	82	1.05264
134	84	1.00639
134	93	1.06871
134	97	1.00012
134	103	0.953479
134	104	1.02888
134	110	1.00356
134	113	1.0146
134	123	0.992848
134	127	0.995623
134	128	0.998316
134	132	0.996827
134	133	1.03819
134	135	1.03048
134	136	1.02733
134	138	0.986574
134	141	0.980599
134	143	0.97349
134	148	0.996086
134	156	1.01533
134	160	1.02557
134	166	1.00591
134	168	1.01128
134	170	0.984657
134	172	1.03973
134	174	0.977894
134	176	0.983891
134	179	1.02162
134	180	1.0379
135	2	0.979075
135	18	0.963184
135	29	1.03244
135	41	1.00936
135	56	0.906552
135	80	0.990401
135	90	1.06489
135	99	1.03908
135	114	0.979218
135	134	1.03048
135	136	0.958119
135	139	1.05459
135	143	1.02878
135	144	0.985216
135	145	0.972553
135	149	1.00468
135	152	0.992394
135	154	1.00831
135	155	0.996245
135	159	0.989171
135	160	0.955466
135	161	0.995872
135	162	0.997251
135	163	1.01177
135	164	0.980869
135	165	1.00762
135	166	1.00596
135	169	0.987655
135	171	1.00431
