1	7	0.989012
1	30	0.961332
1	47	0.954054
1	64	1.00603
1	73	0.996541
1	83	0.910985
1	99	1.0171
1	101	1.01564
1	167	0.871714
1	168	0.897343
1	175	1.50899
1	176	2.47593
2	4	0.879877
2	79	0.806993
2	86	0.879238
2	90	0.936293
2	101	1.8754
2	114	0.927157
2	128	0.904
2	132	0.937593
2	135	0.921354
2	175	0.836395
2	177	0.767055
2	180	0.815966
3	5	1.21531
3	14	0.464053
3	86	0.968396
3	90	1.02545
3	110	0.911017
3	125	0.989585
3	131	1.0224
3	135	1.01051
3	151	1.01348
3	177	0.856214
3	179	0.89483
3	180	0.905124
4	2	0.879877
4	35	0.842578
4	51	1.01057
4	55	0.982706
4	62	0.979255
4	72	1.03314
4	86	0.945605
4	90	1.00266
4	151	0.990685
4	153	1.75788
4	154	0.982327
4	180	2.15353
5	3	1.21531
5	18	1.07804
5	30	0.937662
5	47	0.930384
5	60	0.988133
5	69	0.974556
5	73	0.972871
5	83	0.887315
5	99	0.993425
5	101	0.991967
5	114	1.58817
5	168	0.873673
6	14	1.18123
6	27	1.15678
6	29	2.4
6	31	1.1192
6	39	1.02902
6	45	0.992185
6	52	1.11648
6	70	1.1368
6	134	0.949727
6	137	1.36408
6	156	0.842263
6	165	0.972703
7	1	0.989012
7	15	0.980048
7	22	0.97989
7	25	0.520316
7	60	1.00317
7	64	0.997405
7	83	0.902356
7	99	1.00847
7	144	1.00504
7	167	0.863086
7	168	0.888715
7	175	3.27304
8	10	1.05055
8	12	0.832199
8	17	1.11576
8	23	0.991352
8	25	1.04635
8	50	0.884364
8	63	1.65389
8	85	0.993176
8	111	0.908948
8	112	0.962108
8	160	2.02378
8	166	0.836412
9	13	1.00541
9	26	1.02101
9	34	1.11055
9	43	1.07281
9	65	1.12438
9	116	0.787017
9	120	1.10167
9	123	0.998655
9	126	1.13609
9	144	1.02689
9	157	1.07093
9	175	2.44899
10	8	1.05055
10	12	1.06433
10	17	1.34789
10	23	1.22348
10	50	1.1165
10	111	1.14108
10	137	0.964333
10	158	1.37637
10	166	1.06854
10	173	2.78946
11	44	1.08403
11	46	0.993055
11	56	1.06499
11	80	1.09958
11	82	1.11419
11	92	1.07863
11	98	1.07957
11	113	1.04114
11	117	1.88501
11	118	1.06999
11	147	1.09059
11	175	1.98436
12	8	0.832199
12	10	1.06433
12	17	1.12954
12	23	1.00514
12	38	0.930041
12	50	0.898147
12	85	1.00696
12	111	0.922732
12	112	0.975892
12	150	1.27459
12	161	2.19262
12	166	0.850195
13	9	1.00541
13	26	0.889333
13	34	0.978879
13	43	0.941133
13	49	0.946162
13	65	0.992709
13	112	0.989768
13	120	0.969996
13	126	1.00441
13	129	1.3442
13	157	0.939257
13	166	2.11999
14	3	0.464053
14	6	1.18123
14	27	1.17784
14	31	1.14026
14	39	1.05008
14	45	1.01324
14	52	1.13754
14	70	1.15786
14	119	1.72326
14	121	1.43598
14	165	0.993763
15	7	0.980048
15	22	0.979555
15	64	0.99707
15	69	0.989263
15	73	0.987577
15	83	0.902021
15	99	1.00813
15	101	1.00667
15	153	1.3905
15	159	2.52977
15	167	0.862751
15	168	0.88838
16	98	0.960212
16	149	1.01027
16	154	0.289173
16	164	1.02113
16	166	0.97334
16	174	0.939452
16	175	0.975777
16	176	0.936294
16	177	0.906437
16	178	0.927553
16	179	0.945053
16	180	0.955347
17	8	1.11576
17	10	1.34789
17	12	1.12954
17	23	1.28869
17	50	1.18171
17	138	0.790178
17	142	1.13079
17	166	1.13375
17	173	2.78635
18	5	1.07804
18	30	1.0654
18	60	1.11587
18	69	1.10229
18	83	1.01505
18	99	1.12116
18	101	1.1197
18	115	0.593331
18	139	0.799019
18	167	0.97578
18	168	1.00141
18	174	3.14624
19	33	1.0406
19	48	1.11974
19	53	1.11578
19	75	1.13255
19	96	1.03696
19	97	1.09696
19	121	1.42046
19	123	1.63548
19	130	0.947862
19	157	1.09772
19	166	1.02253
19	167	0.968222
20	33	1.0406
20	48	1.11974
20	53	1.11578
20	61	0.673785
20	75	1.13255
20	78	1.26167
20	96	1.03696
20	97	1.09696
20	116	1.56593
20	157	1.09772
20	166	1.02253
20	167	0.968222
21	35	0.838297
21	51	1.00628
21	55	0.978425
21	62	0.974974
21	72	1.02886
21	86	0.941324
21	90	0.998379
21	111	0.968582
21	149	0.932979
21	154	0.978046
21	176	2.34834
21	179	1.54968
22	7	0.97989
22	15	0.979555
22	30	0.95221
22	73	0.987419
22	83	0.901863
22	99	1.00797
22	101	1.00651
22	137	1.30789
22	144	1.00455
22	167	0.862592
22	168	0.888222
22	176	2.70995
23	8	0.991352
23	10	1.22348
23	12	1.00514
23	17	1.28869
23	50	1.0573
23	111	1.08189
23	112	1.13505
23	114	0.720116
23	156	0.757035
23	166	1.00935
23	167	3.63283
24	36	0.90684
24	46	0.896601
24	71	1.04166
24	82	1.01773
24	91	0.994286
24	92	0.982176
24	98	0.983116
24	113	0.944685
24	118	0.97354
24	130	1.36054
24	156	2.18123
24	159	0.874176
25	7	0.520316
25	8	1.04635
25	45	1.04924
25	46	1.21644
25	50	1.11229
25	70	1.19385
25	105	0.293105
25	165	1.02976
25	166	1.06434
25	176	1.0273
25	179	1.03606
25	180	1.04635
26	9	1.02101
26	13	0.889333
26	34	0.994476
26	43	0.95673
26	49	0.961759
26	65	1.00831
26	110	4.2
26	121	0.941733
26	123	0.882577
26	126	1.02001
26	157	0.954854
26	160	1.07556
27	6	1.15678
27	14	1.17784
27	31	1.11582
27	39	1.02563
27	45	0.988795
27	52	1.11309
27	70	1.13341
27	134	0.946338
27	158	0.772053
27	159	2.15427
27	165	0.969314
27	168	1.57207
28	42	1.04118
28	54	0.928986
28	76	0.981035
28	93	1.01262
28	94	0.942307
28	95	1.01908
28	108	0.977615
28	134	0.856003
28	151	1.00392
28	163	1.38202
28	165	0.878979
28	171	2.39912
29	6	2.4
29	76	0.910335
29	93	0.941916
29	108	0.906915
29	128	0.912905
29	132	0.946498
29	134	0.785303
29	135	0.930259
29	175	0.8453
29	176	0.805818
29	179	0.814576
29	180	0.824871
30	1	0.961332
30	5	0.937662
30	18	1.0654
30	22	0.95221
30	60	0.975495
30	73	0.960232
30	83	0.874676
30	99	0.980787
30	101	0.979328
30	107	1.51485
30	143	1.77719
30	167	0.835406
30	168	0.861035
31	6	1.1192
31	14	1.14026
31	27	1.11582
31	39	0.988057
31	45	0.951221
31	52	1.07551
31	61	0.499706
31	70	1.09583
31	120	1.07225
31	134	0.908763
31	144	1.21656
31	165	0.93174
31	179	2.80694
32	59	1.04571
32	103	1.04422
32	104	1.04227
32	105	1.03956
32	125	1.04155
32	128	1.04512
32	131	1.07436
32	132	1.07871
32	135	1.06248
32	141	1.04902
32	145	1.48485
32	151	1.51895
32	168	0.9464
33	19	1.0406
33	20	1.0406
33	48	0.969678
33	53	0.965723
33	75	0.982492
33	96	0.886904
33	97	0.9469
33	107	1.29338
33	111	0.945009
33	139	1.97874
33	157	0.947658
33	166	0.872473
33	167	0.818163
34	9	1.11055
34	13	0.978879
34	26	0.994476
34	43	1.04628
34	49	1.0513
34	65	1.09785
34	77	1.38319
34	120	1.07514
34	121	1.03128
34	123	0.972123
34	148	0.857184
34	157	1.0444
34	160	1.87852
35	4	0.842578
35	21	0.838297
35	51	0.9069
35	55	0.87904
35	62	0.875589
35	72	0.929476
35	86	0.841939
35	90	0.898995
35	123	0.799569
35	147	3.15456
35	149	0.833594
35	151	0.88702
35	154	0.878661
36	24	0.90684
36	41	0.947349
36	56	0.924107
36	71	0.997241
36	80	0.958699
36	82	0.973307
36	91	0.949861
36	98	0.938691
36	113	0.900261
36	118	0.929116
36	126	0.998752
36	163	0.83381
36	178	3.13661
37	45	0.875233
37	70	1.01984
37	74	0.940775
37	95	0.995852
37	106	0.97055
37	108	0.954388
37	131	0.989618
37	135	0.977732
37	154	0.972337
37	161	1.00888
37	165	0.855752
37	168	0.861656
37	176	3.06045
38	12	0.930041
38	50	0.982206
38	92	1.01359
38	96	0.948685
38	97	1.00868
38	102	1.799
38	113	0.976103
38	118	1.00496
38	150	1.55431
38	159	0.905594
38	166	0.934254
38	167	0.879944
39	6	1.02902
39	14	1.05008
39	27	1.02563
39	31	0.988057
39	45	0.861037
39	52	0.985329
39	70	1.00565
39	115	1.89873
39	120	0.982065
39	134	0.81858
39	148	1.55186
39	165	0.841556
40	58	1.01864
40	66	1.01812
40	84	1.04749
40	103	1.02141
40	104	1.01946
40	125	1.01874
40	128	1.02231
40	131	1.05155
40	132	1.05591
40	135	1.03967
40	168	0.923591
40	173	3.17591
40	175	0.966857
40	180	1.02334
41	36	0.947349
41	56	1.00904
41	71	1.08217
41	80	1.04363
41	82	1.05824
41	91	1.03479
41	92	1.02269
41	98	1.02363
41	113	0.985194
41	118	1.01405
41	149	0.980279
41	151	0.562918
41	153	1.93714
41	172	2.33353
42	28	1.04118
42	54	0.997448
42	67	1.05544
42	74	1.03246
42	76	1.0495
42	93	1.08108
42	94	1.01077
42	95	1.08754
42	108	1.04608
42	120	1.10468
42	134	0.924464
42	141	0.983455
42	165	0.94744
42	166	2.21726
43	9	1.07281
43	13	0.941133
43	26	0.95673
43	34	1.04628
43	49	1.01356
43	65	1.06011
43	112	1.05717
43	120	1.03739
43	123	0.934377
43	126	1.07181
43	130	1.37869
43	134	5.6
43	141	0.972999
43	157	1.00665
44	11	1.08403
44	46	0.932914
44	56	1.00484
44	80	1.03944
44	82	1.05404
44	92	1.01849
44	98	1.01943
44	113	0.980998
44	118	1.00985
44	126	1.07949
44	149	0.976083
44	174	1.85422
44	175	0.886383
44	178	2.24198
45	6	0.992185
45	14	1.01324
45	25	1.04924
45	27	0.988795
45	31	0.951221
45	37	0.875233
45	39	0.861037
45	52	0.948493
45	57	1.07394
45	70	0.968812
45	120	0.945228
45	134	0.781743
45	140	2.79883
45	165	0.80472
46	11	0.993055
46	24	0.896601
46	25	1.21644
46	44	0.932914
46	61	1.82651
46	71	0.987002
46	82	0.963068
46	85	1.00494
46	91	0.939623
46	92	0.927514
46	98	0.928453
46	113	0.890022
46	118	0.918877
46	159	0.819513
47	1	0.954054
47	5	0.930384
47	60	0.968217
47	64	0.962447
47	69	0.95464
47	73	0.952954
47	83	0.867398
47	99	0.973509
47	101	0.97205
47	144	0.970081
47	162	1.58912
47	167	0.828128
47	168	0.853757
47	180	2.58848
48	19	1.11974
48	20	1.11974
48	33	0.969678
48	53	1.04486
48	75	1.06163
48	96	0.966045
48	97	1.02604
48	111	1.02415
48	157	1.0268
48	161	1.17019
48	163	1.30762
48	166	0.951614
48	167	0.897304
48	180	2.3113
49	13	0.946162
49	26	0.961759
49	34	1.0513
49	43	1.01356
49	65	1.06513
49	87	1.90979
49	107	0.640329
49	112	1.06219
49	120	1.04242
49	121	0.998562
49	123	0.939406
49	126	1.07684
49	145	1.41433
49	157	1.01168
50	8	0.884364
50	10	1.1165
50	12	0.898147
50	17	1.18171
50	23	1.0573
50	25	1.11229
50	38	0.982206
50	85	1.05912
50	111	0.974897
50	112	1.02806
50	140	1.56734
50	149	1.09213
50	166	0.90236
50	175	2.15504
51	4	1.01057
51	21	1.00628
51	35	0.9069
51	55	1.04703
51	62	1.04358
51	72	1.09746
51	86	1.00993
51	90	1.06698
51	123	0.967556
51	143	0.783806
51	149	1.00158
51	154	1.04665
51	164	1.41665
51	168	2.78837
52	6	1.11648
52	14	1.13754
52	27	1.11309
52	31	1.07551
52	39	0.985329
52	45	0.948493
52	70	1.0931
52	119	1.05605
52	120	1.06952
52	134	0.906036
52	141	0.519151
52	165	0.929012
52	174	3.04164
53	19	1.11578
53	20	1.11578
53	33	0.965723
53	48	1.04486
53	75	1.05768
53	96	0.96209
53	97	1.02209
53	114	1.04086
53	133	1.26582
53	157	1.02284
53	162	1.02598
53	166	0.947658
53	167	0.893348
53	170	2.44556
54	28	0.928986
54	42	0.997448
54	67	0.943246
54	74	0.920269
54	76	0.937302
54	93	0.968883
54	94	0.898574
54	95	0.975346
54	100	1.70392
54	108	0.933882
54	114	0.963029
54	154	0.951831
54	165	0.835246
54	168	2.5036
55	4	0.982706
55	21	0.978425
55	35	0.87904
55	51	1.04703
55	62	1.01572
55	72	1.0696
55	86	0.982067
55	90	1.03912
55	111	1.00932
55	123	0.939696
55	151	1.02715
55	152	1.32427
55	154	1.01879
55	172	1.8971
55	175	1.83987
56	11	1.06499
56	36	0.924107
56	41	1.00904
56	44	1.00484
56	71	1.05893
56	80	1.02039
56	91	1.01155
56	92	0.999444
56	113	0.961952
56	118	0.990807
56	126	1.06044
56	159	0.891443
56	168	1.55436
56	174	2.3043
56	175	1.33646
57	45	1.07394
57	65	0.75822
57	75	0.166588
57	129	1.12263
57	160	1.0489
57	171	1.00027
57	172	0.999037
57	173	0.965694
57	174	0.979239
57	175	1.01556
57	176	0.976081
57	177	0.946223
57	178	0.96734
57	179	0.984839
57	180	0.995134
58	40	1.01864
58	89	1.52584
58	103	0.989918
58	104	0.987967
58	105	0.98526
58	106	1.00099
58	125	0.987244
58	128	0.990818
58	131	1.02006
58	132	1.02441
58	135	1.00817
58	139	1.47324
58	148	1.37742
58	154	1.00278
58	157	0.995962
59	32	1.04571
59	84	1.02026
59	103	0.994181
59	105	0.989524
59	106	1.00525
59	125	0.991508
59	128	0.995081
59	131	1.02432
59	132	1.02867
59	135	1.01244
59	145	1.11668
59	149	1.80126
59	154	1.00704
59	156	1.90722
59	168	0.896359
60	5	0.988133
60	7	1.00317
60	18	1.11587
60	30	0.975495
60	47	0.968217
60	64	1.0202
60	69	1.01239
60	73	1.0107
60	83	0.925148
60	101	1.0298
60	144	1.02783
60	152	1.61119
60	164	0.97298
60	168	0.911506
60	179	2.29507
61	20	0.673785
61	31	0.499706
61	46	1.82651
61	152	1.05283
61	169	1.00964
61	170	0.996979
61	171	1.0088
61	172	1.00756
61	174	0.987763
61	175	1.02409
61	176	0.984605
61	177	0.954747
61	178	0.975864
61	179	0.993364
61	180	1.00366
62	4	0.979255
62	21	0.974974
62	35	0.875589
62	51	1.04358
62	55	1.01572
62	72	1.06615
62	86	0.978616
62	88	0.857523
62	90	1.03567
62	111	1.00587
62	146	1.1656
62	149	0.97027
62	151	1.0237
62	154	1.01534
62	174	3.0536
63	8	1.65389
63	104	0.609288
63	137	0.979195
63	141	1.07251
63	160	0.964756
63	171	0.916131
63	172	0.914893
63	173	0.88155
63	174	0.895095
63	175	0.931419
63	176	0.891937
63	177	0.862079
63	178	0.883196
63	179	0.900695
63	180	0.91099
64	1	1.00603
64	7	0.997405
64	15	0.99707
64	47	0.962447
64	60	1.0202
64	69	1.00662
64	73	1.00493
64	83	0.919378
64	99	1.02549
64	101	1.02403
64	143	1.02959
64	144	1.02206
64	148	1.35678
64	163	2.34152
64	167	0.880108
64	168	0.905737
65	9	1.12438
65	13	0.992709
65	26	1.00831
65	34	1.09785
65	43	1.06011
65	49	1.06513
65	57	0.75822
65	112	1.10874
65	120	1.08897
65	121	1.04511
65	123	0.985953
65	126	1.12339
65	143	0.811671
65	148	1.13886
65	157	1.05823
65	161	1.98617
66	40	1.01812
66	84	1.01548
66	103	0.9894
66	104	0.98745
66	105	0.984743
66	122	0.720577
66	125	0.986727
66	128	0.9903
66	131	1.01954
66	132	1.02389
66	135	1.00765
66	154	1.00226
66	155	4.09299
66	159	0.891599
66	168	0.891579
66	169	0.981011
67	42	1.05544
67	54	0.943246
67	74	0.978262
67	93	1.02688
67	94	0.956567
67	95	1.03334
67	108	0.991875
67	114	1.02102
67	121	0.989888
67	123	2.09083
67	134	0.870263
67	141	0.997527
67	144	1.75874
67	151	1.01818
67	154	1.00982
67	165	0.893239
68	87	0.911757
68	117	0.87392
68	122	1.00263
68	128	1.7793
68	160	0.893648
68	169	0.845863
68	170	0.833204
68	171	0.845023
68	173	0.810443
68	174	0.823987
68	175	0.860312
68	176	0.820829
68	177	0.790972
68	178	0.812089
68	179	0.829588
68	180	0.839882
69	5	0.974556
69	15	0.989263
69	18	1.10229
69	47	0.95464
69	60	1.01239
69	64	1.00662
69	73	0.997127
69	83	0.911571
69	99	1.01768
69	101	1.01622
69	144	1.01425
69	153	1.01662
69	155	3.90701
69	165	1.00046
69	167	0.8723
69	168	0.89793
70	6	1.1368
70	14	1.15786
70	25	1.19385
70	27	1.13341
70	31	1.09583
70	37	1.01984
70	39	1.00565
70	45	0.968812
70	52	1.0931
70	120	1.08984
70	122	0.784566
70	127	1.72669
70	134	0.926355
70	146	1.49953
70	165	0.949331
70	167	3.28024
71	24	1.04166
71	36	0.997241
71	41	1.08217
71	46	0.987002
71	56	1.05893
71	80	1.09352
71	91	1.08469
71	92	1.07258
71	98	1.07352
71	113	1.03509
71	116	1.33685
71	118	1.06394
71	120	0.93674
71	137	2.5637
71	143	0.739696
71	149	1.03017
71	159	0.964577
72	4	1.03314
72	21	1.02886
72	35	0.929476
72	51	1.09746
72	55	1.0696
72	62	1.06615
72	86	1.0325
72	90	1.08956
72	111	1.05976
72	123	0.990132
72	141	0.932069
72	146	1.11815
72	149	1.02416
72	151	1.07758
72	154	1.06922
72	159	1.65074
72	177	5.16974
73	1	0.996541
73	5	0.972871
73	15	0.987577
73	22	0.987419
73	30	0.960232
73	47	0.952954
73	60	1.0107
73	64	1.00493
73	69	0.997127
73	77	2.01681
73	83	0.909885
73	99	1.016
73	101	1.01454
73	120	1.36065
73	150	1.42007
73	167	0.870615
73	168	0.896244
74	37	0.940775
74	42	1.03246
74	54	0.920269
74	67	0.978262
74	76	0.972317
74	93	1.0039
74	94	0.93359
74	95	1.01036
74	108	0.968898
74	112	1.03054
74	121	0.96691
74	122	0.970864
74	151	0.995206
74	154	0.986847
74	164	1.61785
74	165	0.870262
74	171	2.84157
75	19	1.13255
75	20	1.13255
75	33	0.982492
75	48	1.06163
75	53	1.05768
75	57	0.166588
75	85	1.12119
75	96	0.978859
75	97	1.03885
75	109	1.25313
75	114	1.05763
75	126	1.10477
75	139	0.643055
75	157	1.03961
75	165	3.04315
75	166	0.964428
75	167	0.910118
76	28	0.981035
76	29	0.910335
76	42	1.0495
76	54	0.937302
76	74	0.972317
76	93	1.02093
76	94	0.950622
76	95	1.02739
76	108	0.985931
76	121	0.983943
76	134	0.864318
76	141	1.14578
76	150	1.32643
76	151	1.01224
76	154	1.00388
76	160	2.41849
76	165	0.887294
77	34	1.38319
77	73	2.01681
77	82	0.988076
77	98	0.953461
77	104	0.940371
77	106	0.953395
77	113	0.91503
77	118	0.943885
77	125	0.939649
77	128	0.943222
77	132	0.976815
77	159	0.844521
77	175	0.875617
77	177	0.806277
77	178	0.827394
77	179	0.844894
77	180	0.855188
78	20	1.26167
78	126	0.6014
78	128	0.948376
78	136	1.01704
78	147	1.0379
78	161	1.00041
78	168	0.945919
78	169	0.962587
78	170	0.949928
78	171	0.961747
78	173	0.927167
78	174	0.940711
78	175	0.977036
78	176	0.937553
78	177	0.907696
78	178	0.928813
78	179	0.946312
78	180	0.956606
79	2	0.806993
79	96	0.841874
79	100	0.868253
79	103	0.896583
79	106	0.907656
79	118	2.22262
79	128	0.897483
79	131	0.926724
79	135	0.914838
79	157	0.902628
79	166	0.827443
79	167	0.773133
79	169	0.81543
79	170	0.802771
79	175	0.829879
79	176	0.790397
79	178	0.781656
79	180	0.80945
80	11	1.09958
80	36	0.958699
80	41	1.04363
80	44	1.03944
80	56	1.02039
80	71	1.09352
80	82	1.06959
80	91	1.04614
80	92	1.03404
80	98	1.03497
80	113	0.996544
80	114	1.23796
80	118	1.0254
80	139	1.30594
80	145	1.39458
80	149	0.991629
80	151	1.42867
80	159	0.926035
81	103	0.471392
81	108	0.901692
81	124	0.983684
81	126	0.532284
81	140	0.981645
81	148	1.06777
81	153	0.997303
81	168	0.943521
81	169	0.960189
81	172	0.958112
81	173	0.924769
81	174	0.938313
81	175	0.974638
81	176	0.935156
81	177	0.905298
81	178	0.926415
81	179	0.943914
81	180	0.954209
82	11	1.11419
82	24	1.01773
82	36	0.973307
82	41	1.05824
82	44	1.05404
82	46	0.963068
82	77	0.988076
82	80	1.06959
82	91	1.06075
82	92	1.04864
82	98	1.04958
82	113	1.01115
82	118	1.04001
82	124	2.09759
82	156	1.02247
82	159	0.940643
82	166	1.02991
82	180	2.0359
83	1	0.910985
83	5	0.887315
83	7	0.902356
83	15	0.902021
83	18	1.01505
83	22	0.901863
83	30	0.874676
83	47	0.867398
83	60	0.925148
83	64	0.919378
83	69	0.911571
83	73	0.909885
83	99	0.93044
83	101	0.928981
83	117	2.91499
83	162	2.07145
83	167	0.785059
83	168	0.810688
84	40	1.04749
84	59	1.02026
84	66	1.01548
84	103	1.01877
84	104	1.01682
84	105	1.01411
84	125	1.0161
84	128	1.01967
84	131	1.04891
84	132	1.05326
84	135	1.03703
84	144	1.03727
84	152	1.21957
84	154	1.03163
84	157	1.02482
84	160	0.763313
84	167	3.68693
84	176	1.86401
85	8	0.993176
85	12	1.00696
85	46	1.00494
85	50	1.05912
85	75	1.12119
85	88	1.7337
85	91	1.10262
85	96	1.0256
85	97	1.0856
85	102	1.20395
85	109	1.7359
85	118	1.08188
85	120	0.89985
85	126	1.15151
85	159	0.982512
85	166	1.01117
85	167	0.956862
86	2	0.879238
86	3	0.968396
86	4	0.945605
86	21	0.941324
86	35	0.841939
86	51	1.00993
86	55	0.982067
86	62	0.978616
86	72	1.0325
86	90	1.00202
86	102	1.19705
86	111	0.972224
86	123	0.902595
86	149	0.936621
86	151	0.990046
86	154	0.981688
86	158	2.37291
86	164	1.80121
87	49	1.90979
87	68	0.911757
87	98	1.19781
87	153	0.933391
87	158	0.944254
87	161	0.934105
87	162	0.938954
87	164	0.956077
87	170	0.883618
87	172	0.8942
87	173	0.860857
87	174	0.874402
87	175	0.910726
87	176	0.871244
87	177	0.841386
87	178	0.862503
87	179	0.880002
87	180	0.890297
88	62	0.857523
88	85	1.7337
88	124	0.953395
88	127	0.9324
88	129	1.05141
88	138	0.986919
88	146	1.00909
88	154	0.550554
88	158	0.977876
88	160	0.977685
88	164	0.9897
88	169	0.9299
88	171	0.929061
88	175	0.944349
88	176	0.904867
88	177	0.875009
88	178	0.896126
88	179	0.913625
88	180	0.92392
89	58	1.52584
89	97	0.648667
89	137	1.00701
89	155	0.911051
89	156	1.03343
89	157	0.367427
89	160	0.992567
89	163	0.999696
89	164	1.00458
89	170	0.932122
89	171	0.943942
89	172	0.942704
89	173	0.909361
89	174	0.922906
89	176	0.919748
89	177	0.88989
89	178	0.911007
89	179	0.928506
89	180	0.938801
90	2	0.936293
90	3	1.02545
90	4	1.00266
90	21	0.998379
90	35	0.898995
90	51	1.06698
90	55	1.03912
90	62	1.03567
90	72	1.08956
90	86	1.00202
90	111	1.02928
90	121	1.10015
90	123	0.95965
90	138	1.8777
90	144	0.98308
90	149	0.993676
90	151	1.0471
90	154	1.03874
90	171	2.47508
91	24	0.994286
91	36	0.949861
91	41	1.03479
91	46	0.939623
91	56	1.01155
91	71	1.08469
91	80	1.04614
91	82	1.06075
91	85	1.10262
91	92	1.0252
91	98	1.02614
91	113	0.987706
91	118	1.01656
91	120	0.698078
91	138	1.69405
91	140	1.63384
91	149	0.982791
91	159	0.917197
91	172	2.27876
92	11	1.07863
92	24	0.982176
92	38	1.01359
92	41	1.02269
92	44	1.01849
92	46	0.927514
92	56	0.999444
92	71	1.07258
92	80	1.03404
92	82	1.04864
92	91	1.0252
92	98	1.01403
92	113	0.975597
92	118	1.00445
92	129	0.829043
92	133	1.8513
92	149	0.970682
92	151	0.840963
92	172	2.61157
93	28	1.01262
93	29	0.941916
93	42	1.08108
93	54	0.968883
93	67	1.02688
93	74	1.0039
93	76	1.02093
93	94	0.982204
93	95	1.05898
93	108	1.01751
93	114	1.04666
93	121	1.01552
93	142	1.44621
93	144	0.997587
93	151	1.04382
93	154	1.03546
93	162	1.47681
93	165	0.918876
93	180	2.47617
94	28	0.942307
94	42	1.01077
94	54	0.898574
94	67	0.956567
94	74	0.93359
94	76	0.950622
94	93	0.982204
94	95	0.988667
94	108	0.947203
94	112	1.00885
94	114	0.976349
94	119	1.35663
94	121	0.945216
94	134	0.82559
94	151	0.973511
94	154	0.965152
94	163	1.42719
94	165	0.848567
94	176	3.34132
95	28	1.01908
95	37	0.995852
95	42	1.08754
95	54	0.975346
95	67	1.03334
95	74	1.01036
95	76	1.02739
95	93	1.05898
95	94	0.988667
95	108	1.02398
95	121	1.02199
95	134	0.902363
95	136	1.45918
95	147	0.775074
95	151	1.05028
95	154	1.04192
95	158	1.63767
95	165	0.925339
95	169	2.57834
96	19	1.03696
96	20	1.03696
96	33	0.886904
96	38	0.948685
96	48	0.966045
96	53	0.96209
96	75	0.978859
96	79	0.841874
96	85	1.0256
96	97	0.943266
96	111	0.941376
96	114	0.962037
96	123	1.47368
96	126	1.00918
96	149	1.50079
96	157	0.944024
96	166	0.868839
96	167	0.81453
96	168	2.78159
97	19	1.09696
97	20	1.09696
97	33	0.9469
97	38	1.00868
97	48	1.02604
97	53	1.02209
97	75	1.03885
97	85	1.0856
97	89	0.648667
97	96	0.943266
97	111	1.00137
97	114	1.02203
97	126	1.06918
97	146	1.51202
97	147	0.987469
97	157	1.00402
97	166	0.928835
97	167	0.874525
97	179	2.60045
98	11	1.07957
98	16	0.960212
98	24	0.983116
98	36	0.938691
98	41	1.02363
98	44	1.01943
98	46	0.928453
98	71	1.07352
98	77	0.953461
98	80	1.03497
98	82	1.04958
98	87	1.19781
98	91	1.02614
98	92	1.01403
98	113	0.976536
98	118	1.00539
98	148	0.51789
98	149	0.971621
98	159	0.906027
98	171	2.51973
99	1	1.0171
99	5	0.993425
99	7	1.00847
99	15	1.00813
99	18	1.12116
99	22	1.00797
99	30	0.980787
99	47	0.973509
99	64	1.02549
99	69	1.01768
99	73	1.016
99	83	0.93044
99	101	1.03509
99	116	1.1102
99	136	2.01157
99	144	1.03312
99	161	1.68754
99	164	1.61836
99	167	0.891169
99	168	0.916799
100	54	1.70392
100	79	0.868253
100	111	1.48334
100	127	0.885706
100	136	0.937659
100	137	0.94543
100	158	0.931182
100	160	0.930991
100	162	0.925882
100	163	0.93812
100	170	0.870547
100	172	0.881129
100	173	0.847786
100	174	0.86133
100	175	0.897655
100	176	0.858172
100	177	0.828315
100	178	0.849432
100	179	0.866931
100	180	0.877225
101	1	1.01564
101	2	1.8754
101	5	0.991967
101	15	1.00667
101	18	1.1197
101	22	1.00651
101	30	0.979328
101	47	0.97205
101	60	1.0298
101	64	1.02403
101	69	1.01622
101	73	1.01454
101	83	0.928981
101	99	1.03509
101	138	1.83807
101	144	1.03166
101	151	0.652163
101	166	1.41604
101	167	0.889711
101	168	0.91534
102	38	1.799
102	85	1.20395
102	86	1.19705
102	136	0.97691
102	140	0.943912
102	143	1.08406
102	147	0.997775
102	152	0.965647
102	163	0.977371
102	165	0.899884
102	170	0.909798
102	171	0.921617
102	172	0.92038
102	173	0.887037
102	174	0.900581
102	175	0.936906
102	176	0.897423
102	177	0.867566
102	178	0.888682
102	179	0.906182
102	180	0.916476
103	32	1.04422
103	40	1.02141
103	58	0.989918
103	59	0.994181
103	66	0.9894
103	79	0.896583
103	81	0.471392
103	84	1.01877
103	104	0.990739
103	105	0.988032
103	106	1.00376
103	125	0.990016
103	131	1.02283
103	132	1.02718
103	135	1.01094
103	142	1.53326
103	144	1.01119
103	149	1.44384
103	159	0.894889
103	168	0.894868
103	179	2.67501
104	32	1.04227
104	40	1.01946
104	58	0.987967
104	63	0.609288
104	66	0.98745
104	77	0.940371
104	84	1.01682
104	103	0.990739
104	105	0.986082
104	106	1.00181
104	125	0.988066
104	128	0.991639
104	131	1.02088
104	132	1.02523
104	135	1.00899
104	157	0.996784
104	158	1.30767
104	159	0.892938
104	168	0.892918
104	170	2.36648
104	172	1.94701
105	25	0.293105
105	32	1.03956
105	58	0.98526
105	59	0.989524
105	66	0.984743
105	84	1.01411
105	103	0.988032
105	104	0.986082
105	106	0.999105
105	115	1.45378
105	125	0.985359
105	128	0.988932
105	131	1.01817
105	132	1.02253
105	135	1.00629
105	151	1.32548
105	154	1.00089
105	157	0.994077
105	159	0.890231
105	168	0.890211
105	169	3.39742
106	37	0.97055
106	58	1.00099
106	59	1.00525
106	77	0.953395
106	79	0.907656
106	103	1.00376
106	104	1.00181
106	105	0.999105
106	125	1.00109
106	128	1.00466
106	131	1.0339
106	132	1.03826
106	135	1.02202
106	150	0.843023
106	154	1.01662
106	157	1.00981
106	159	0.905962
106	164	1.15915
106	165	2.87695
106	168	0.905941
106	180	2.36945
107	30	1.51485
107	33	1.29338
107	49	0.640329
107	145	1.06494
107	152	1.03086
107	157	0.118146
107	158	1.03564
107	159	0.97102
107	162	1.03034
107	169	0.987668
107	170	0.975009
107	171	0.986829
107	172	0.985591
107	173	0.952248
107	174	0.965792
107	175	1.00212
107	176	0.962635
107	177	0.932777
107	178	0.953894
107	179	0.971393
107	180	0.981688
108	28	0.977615
108	29	0.906915
108	37	0.954388
108	42	1.04608
108	54	0.933882
108	67	0.991875
108	74	0.968898
108	76	0.985931
108	81	0.901692
108	93	1.01751
108	94	0.947203
108	95	1.02398
108	112	1.04416
108	114	1.01166
108	121	0.980524
108	134	0.860899
108	145	1.18956
108	151	1.00882
108	154	1.00046
108	162	1.99416
108	165	0.883875
108	166	1.98753
109	75	1.25313
109	85	1.7359
109	145	0.992236
109	146	0.994147
109	148	1.02255
109	151	1.01733
109	153	0.952075
109	154	0.552751
109	158	0.962938
109	164	0.974761
109	169	0.914962
109	170	0.902302
109	171	0.914122
109	173	0.879541
109	174	0.893086
109	175	0.92941
109	176	0.889928
109	177	0.86007
109	178	0.881187
109	179	0.898687
109	180	0.908981
110	3	0.911017
110	26	4.2
110	124	0.853791
110	137	0.89252
110	147	0.905613
110	159	0.813648
110	160	0.878081
110	162	0.872972
110	163	0.88521
110	169	0.830296
110	170	0.817636
110	171	0.829456
110	172	0.828218
110	173	0.794875
110	174	0.80842
110	175	0.844744
110	176	0.805262
110	177	0.775404
110	178	0.796521
110	179	0.814021
110	180	0.824315
111	8	0.908948
111	10	1.14108
111	12	0.922732
111	21	0.968582
111	23	1.08189
111	33	0.945009
111	48	1.02415
111	50	0.974897
111	55	1.00932
111	62	1.00587
111	72	1.05976
111	86	0.972224
111	90	1.02928
111	96	0.941376
111	97	1.00137
111	100	1.48334
111	136	1.3045
111	143	1.00308
111	159	2.86522
111	166	0.926945
111	167	0.872635
112	8	0.962108
112	12	0.975892
112	13	0.989768
112	23	1.13505
112	43	1.05717
112	49	1.06219
112	50	1.02806
112	65	1.10874
112	74	1.03054
112	94	1.00885
112	108	1.04416
112	115	0.654159
112	121	1.04217
112	143	0.454961
112	144	0.817135
112	151	1.07046
112	154	1.06211
112	157	1.05529
112	161	1.1546
112	165	0.94552
112	166	0.980104
112	173	4.44829
113	11	1.04114
113	24	0.944685
113	36	0.900261
113	38	0.976103
113	41	0.985194
113	44	0.980998
113	46	0.890022
113	56	0.961952
113	71	1.03509
113	77	0.91503
113	80	0.996544
113	82	1.01115
113	91	0.987706
113	92	0.975597
113	98	0.976536
113	118	0.966961
113	126	1.0366
113	130	0.922909
113	149	0.93319
113	158	1.53333
113	159	0.867597
113	165	2.67943
113	170	2.59214
114	2	0.927157
114	5	1.58817
114	23	0.720116
114	53	1.04086
114	54	0.963029
114	67	1.02102
114	75	1.05763
114	80	1.23796
114	93	1.04666
114	94	0.976349
114	96	0.962037
114	97	1.02203
114	108	1.01166
114	131	0.347221
114	154	1.02961
114	166	0.947606
114	167	0.893296
114	175	0.950043
114	176	0.91056
114	177	0.880702
114	178	0.901819
114	179	0.919319
114	180	0.929613
115	18	0.593331
115	39	1.89873
115	105	1.45378
115	112	0.654159
115	119	1.06367
115	133	1.02716
115	138	1.01897
115	153	0.99907
115	155	0.928225
115	161	0.999784
115	163	1.01687
115	168	0.945288
115	170	0.949297
115	171	0.961117
115	172	0.959879
115	173	0.926536
115	174	0.94008
115	175	0.976405
115	176	0.936923
115	177	0.907065
115	178	0.928182
115	179	0.945681
115	180	0.955976
116	9	0.787017
116	20	1.56593
116	71	1.33685
116	99	1.1102
116	129	1.05309
116	133	0.996776
116	136	0.986025
116	138	0.98859
116	139	1.02762
116	149	0.980518
116	150	1.03837
116	160	0.979357
116	161	0.9694
116	162	0.974248
116	163	0.986486
116	170	0.918913
116	171	0.930732
116	173	0.896152
116	175	0.946021
116	176	0.906538
116	177	0.876681
116	178	0.897798
116	179	0.915297
116	180	0.925591
117	11	1.88501
117	68	0.87392
117	83	2.91499
117	124	0.881935
117	134	0.812891
117	142	0.94291
117	148	0.966024
117	150	0.96524
117	158	0.906416
117	161	0.896268
117	162	0.901116
117	164	0.918239
117	169	0.85844
117	170	0.845781
117	171	0.857601
117	172	0.856363
117	173	0.82302
117	174	0.836564
117	175	0.872889
117	176	0.833407
117	177	0.803549
117	178	0.824666
117	179	0.842165
117	180	0.85246
118	11	1.06999
118	24	0.97354
118	36	0.929116
118	38	1.00496
118	41	1.01405
118	44	1.00985
118	46	0.918877
118	56	0.990807
118	71	1.06394
118	77	0.943885
118	79	2.22262
118	80	1.0254
118	82	1.04001
118	85	1.08188
118	91	1.01656
118	92	1.00445
118	98	1.00539
118	113	0.966961
118	119	0.864055
118	126	1.06545
118	129	1.25739
118	133	1.13461
118	149	0.962046
118	159	0.896452
118	177	5.05275
119	14	1.72326
119	52	1.05605
119	94	1.35663
119	115	1.06367
119	118	0.864055
119	137	0.994323
119	142	1.01657
119	146	1.01128
119	155	0.898368
119	156	1.02075
119	158	0.980075
119	160	0.979884
119	161	0.969926
119	164	0.991898
119	170	0.919439
119	171	0.931259
119	172	0.930021
119	173	0.896678
119	174	0.910223
119	175	0.946547
119	176	0.907065
119	177	0.877207
119	178	0.898324
119	179	0.915823
119	180	0.926118
120	9	1.10167
120	13	0.969996
120	31	1.07225
120	34	1.07514
120	39	0.982065
120	42	1.10468
120	43	1.03739
120	45	0.945228
120	49	1.04242
120	52	1.06952
120	65	1.08897
120	70	1.08984
120	71	0.93674
120	73	1.36065
120	85	0.89985
120	91	0.698078
120	157	1.03552
120	165	0.925747
120	169	0.94832
120	170	0.935661
120	175	0.962769
120	176	0.923286
120	178	0.914545
120	179	0.932045
120	180	0.942339
121	14	1.43598
121	19	1.42046
121	26	0.941733
121	34	1.03128
121	49	0.998562
121	65	1.04511
121	67	0.989888
121	74	0.96691
121	76	0.983943
121	90	1.10015
121	93	1.01552
121	94	0.945216
121	95	1.02199
121	108	0.980524
121	112	1.04217
121	125	0.369768
121	157	0.991657
121	165	0.881887
121	169	0.90446
121	173	0.86904
121	176	0.879426
121	177	0.849569
121	178	0.870685
121	179	0.888185
121	180	0.898479
122	66	0.720577
122	68	1.00263
122	70	0.784566
122	74	0.970864
122	123	1.00207
122	128	1.1138
122	135	0.424069
122	141	1.1427
122	155	0.953424
122	156	1.0758
122	158	1.03513
122	161	1.02498
122	162	1.02983
122	163	1.04207
122	170	0.974495
122	171	0.986315
122	172	0.985077
122	173	0.951734
122	174	0.965279
122	175	1.0016
122	176	0.962121
122	177	0.932263
122	178	0.95338
122	179	0.970879
122	180	0.981174
123	9	0.998655
123	19	1.63548
123	26	0.882577
123	34	0.972123
123	35	0.799569
123	43	0.934377
123	49	0.939406
123	51	0.967556
123	55	0.939696
123	65	0.985953
123	67	2.09083
123	72	0.990132
123	86	0.902595
123	90	0.95965
123	96	1.47368
123	122	1.00207
123	134	0.799755
123	154	0.939317
123	157	0.932501
123	158	0.89328
123	175	0.859753
123	176	0.82027
123	177	0.790413
123	178	0.81153
123	179	0.829029
123	180	0.839323
124	81	0.983684
124	82	2.09759
124	88	0.953395
124	110	0.853791
124	117	0.881935
124	137	0.916103
124	138	0.910897
124	152	0.897069
124	155	0.820148
124	157	2.26911
124	161	0.891706
124	163	0.908793
124	164	0.913678
124	169	0.853879
124	170	0.841219
124	171	0.853039
124	172	0.851801
124	173	0.818458
124	174	0.832003
124	175	0.868327
124	176	0.828845
124	177	0.798987
124	178	0.820104
124	179	0.837604
124	180	0.847898
125	3	0.989585
125	32	1.04155
125	40	1.01874
125	58	0.987244
125	59	0.991508
125	66	0.986727
125	77	0.939649
125	84	1.0161
125	103	0.990016
125	104	0.988066
125	105	0.985359
125	106	1.00109
125	121	0.369768
125	128	0.990917
125	131	1.02016
125	132	1.02451
125	135	1.00827
125	144	1.00852
125	154	1.00288
125	157	0.996061
125	159	0.892216
125	168	0.892195
125	169	2.03336
125	170	2.1515
125	171	1.7447
125	172	1.73203
126	9	1.13609
126	13	1.00441
126	26	1.02001
126	36	0.998752
126	43	1.07181
126	44	1.07949
126	49	1.07684
126	56	1.06044
126	65	1.12339
126	75	1.10477
126	78	0.6014
126	81	0.532284
126	85	1.15151
126	96	1.00918
126	97	1.06918
126	113	1.0366
126	118	1.06545
126	129	0.842328
126	130	0.790002
126	157	1.06993
126	159	0.966089
126	164	1.41381
126	166	0.994749
126	167	0.940439
126	170	3.04432
127	70	1.72669
127	88	0.9324
127	100	0.885706
127	133	0.898087
127	141	0.988427
127	147	0.908201
127	148	0.940467
127	150	0.939683
127	153	0.869997
127	154	3.01509
127	155	0.799153
127	156	0.921531
127	160	0.880669
127	162	0.87556
127	163	0.887798
127	164	0.892683
127	170	0.820224
127	171	0.832044
127	172	0.830806
127	173	0.797463
127	174	0.811008
127	175	0.847332
127	176	0.80785
127	177	0.777992
127	178	0.799109
127	179	0.816608
127	180	0.826903
128	2	0.904
128	29	0.912905
128	32	1.04512
128	40	1.02231
128	58	0.990818
128	59	0.995081
128	66	0.9903
128	68	1.7793
128	77	0.943222
128	78	0.948376
128	79	0.897483
128	84	1.01967
128	104	0.991639
128	105	0.988932
128	106	1.00466
128	122	1.1138
128	125	0.990917
128	131	1.02373
128	132	1.02808
128	135	1.01184
128	144	1.01209
128	154	1.00645
128	157	0.999634
128	159	0.895789
128	168	0.895768
128	171	0.819813
128	177	5.1775
129	13	1.3442
129	57	1.12263
129	88	1.05141
129	92	0.829043
129	116	1.05309
129	118	1.25739
129	126	0.842328
129	132	0.460061
129	139	1.04795
129	142	1.03637
129	152	0.995088
129	153	0.989011
129	161	0.989725
129	162	0.994574
129	163	1.00681
129	164	1.0117
129	169	0.951897
129	171	0.951058
129	172	0.94982
129	173	0.916477
129	174	0.930022
129	175	0.966346
129	176	0.926864
129	177	0.897006
129	178	0.918123
129	179	0.935622
129	180	0.945917
130	19	0.947862
130	24	1.36054
130	43	1.37869
130	113	0.922909
130	126	0.790002
130	137	1.02697
130	140	0.9862
130	145	1.04202
130	146	1.04393
130	148	1.07233
130	156	1.05339
130	161	1.00257
130	162	1.00742
130	163	1.01966
130	168	0.948076
130	169	0.964744
130	170	0.952085
130	171	0.963905
130	172	0.962667
130	173	0.929324
130	174	0.942869
130	175	0.979193
130	176	0.939711
130	177	0.909853
130	178	0.93097
130	179	0.948469
130	180	0.958764
131	3	1.0224
131	32	1.07436
131	37	0.989618
131	40	1.05155
131	58	1.02006
131	59	1.02432
131	66	1.01954
131	79	0.926724
131	84	1.04891
131	103	1.02283
131	104	1.02088
131	105	1.01817
131	106	1.0339
131	114	0.347221
131	125	1.02016
131	128	1.02373
131	132	1.05732
131	133	1.54827
131	135	1.04109
131	142	1.27784
131	144	1.04133
131	152	1.73571
131	154	1.03569
131	157	1.02887
131	159	0.92503
131	163	1.30411
131	168	0.925009
131	169	2.60987
132	2	0.937593
132	29	0.946498
132	32	1.07871
132	40	1.05591
132	58	1.02441
132	59	1.02867
132	66	1.02389
132	77	0.976815
132	84	1.05326
132	103	1.02718
132	104	1.02523
132	105	1.02253
132	106	1.03826
132	125	1.02451
132	128	1.02808
132	129	0.460061
132	131	1.05732
132	135	1.04544
132	136	1.42475
132	142	1.21189
132	144	1.04569
132	154	1.04004
132	157	1.03323
132	159	0.929382
132	162	1.24248
132	168	0.929361
132	179	2.35364
132	180	2.24184
133	53	1.26582
133	92	1.8513
133	115	1.02716
133	116	0.996776
133	118	1.13461
133	127	0.898087
133	131	1.54827
133	136	0.950041
133	141	1.05113
133	142	0.980057
133	143	1.05719
133	150	1.00239
133	155	0.861857
133	156	0.984235
133	158	0.943564
133	162	0.938264
133	164	0.955387
133	165	0.873015
133	169	0.895587
133	171	0.894748
133	172	0.89351
133	173	0.860167
133	174	0.873712
133	175	0.910036
133	176	0.870554
133	177	0.840696
133	178	0.861813
133	179	0.879312
133	180	0.889607
134	6	0.949727
134	27	0.946338
134	28	0.856003
134	29	0.785303
134	31	0.908763
134	39	0.81858
134	42	0.924464
134	43	5.6
134	45	0.781743
134	52	0.906036
134	67	0.870263
134	70	0.926355
134	76	0.864318
134	94	0.82559
134	95	0.902363
134	108	0.860899
134	117	0.812891
134	123	0.799755
134	155	0.751104
134	165	0.762262
134	170	0.772176
134	171	0.783995
134	175	0.799283
134	176	0.759801
134	177	0.729943
134	178	0.75106
134	179	0.76856
134	180	0.778854
135	2	0.921354
135	3	1.01051
135	29	0.930259
135	32	1.06248
135	37	0.977732
135	40	1.03967
135	58	1.00817
135	59	1.01244
135	66	1.00765
135	79	0.914838
135	84	1.03703
135	103	1.01094
135	104	1.00899
135	105	1.00629
135	106	1.02202
135	122	0.424069
135	125	1.00827
135	128	1.01184
135	131	1.04109
135	132	1.04544
135	144	1.02945
135	146	1.30471
135	149	1.16197
135	152	1.70927
135	154	1.0238
135	156	1.26793
135	157	1.01699
135	159	0.913143
135	168	0.913123
135	178	3.58047
136	78	1.01704
136	95	1.45918
136	99	2.01157
136	100	0.937659
136	102	0.97691
136	111	1.3045
136	116	0.986025
136	132	1.42475
136	133	0.950041
136	138	0.941855
136	142	0.969307
136	145	0.962111
136	146	0.964022
136	153	0.92195
136	155	0.851106
136	156	0.973484
136	158	0.932813
136	160	0.932622
136	162	0.927513
136	163	0.939751
136	164	0.944636
136	167	0.842539
136	169	0.884837
136	172	0.88276
136	173	0.849417
136	175	0.899286
136	176	0.859803
136	177	0.829946
136	178	0.851063
136	179	0.868562
136	180	0.878856
137	6	1.36408
137	10	0.964333
137	22	1.30789
137	63	0.979195
137	71	2.5637
137	89	1.00701
137	100	0.94543
137	110	0.89252
137	119	0.994323
137	124	0.916103
137	130	1.02697
137	138	0.949626
137	140	0.914063
137	143	1.05421
137	152	0.935798
137	155	0.858877
137	160	0.940393
137	163	0.947522
137	166	0.90462
137	169	0.892608
137	170	0.879948
137	171	0.891768
137	172	0.89053
137	173	0.857187
137	174	0.870732
137	175	0.907056
137	176	0.867574
137	177	0.837716
137	178	0.858833
137	179	0.876333
137	180	0.886627
138	17	0.790178
138	88	0.986919
138	90	1.8777
138	91	1.69405
138	101	1.83807
138	115	1.01897
138	116	0.98859
138	124	0.910897
138	136	0.941855
138	137	0.949626
138	141	1.04295
138	146	0.966587
138	148	0.994986
138	152	0.930592
138	161	0.92523
138	162	0.930078
138	163	0.942316
138	164	0.947201
138	167	0.845104
138	169	0.887402
138	170	0.874743
138	171	0.886562
138	172	0.885325
138	173	0.851982
138	174	0.865526
138	175	0.901851
138	176	0.862368
138	177	0.832511
138	178	0.853627
138	179	0.871127
138	180	0.881421
139	18	0.799019
139	33	1.97874
139	58	1.47324
139	75	0.643055
139	80	1.30594
139	116	1.02762
139	129	1.04795
139	140	0.947889
139	148	1.03402
139	150	1.03323
139	152	0.969624
139	153	0.963547
139	155	0.892703
139	156	1.01508
139	158	0.97441
139	160	0.974219
139	161	0.964261
139	163	0.981348
139	164	0.986233
139	166	0.938446
139	169	0.926434
139	170	0.913775
139	171	0.925594
139	172	0.924356
139	173	0.891014
139	175	0.940883
139	176	0.9014
139	177	0.871542
139	178	0.892659
139	179	0.910159
139	180	0.920453
140	45	2.79883
140	50	1.56734
140	81	0.981645
140	91	1.63384
140	102	0.943912
140	130	0.9862
140	137	0.914063
140	139	0.947889
140	142	0.936309
140	143	1.01344
140	150	0.958639
140	155	0.818108
140	156	0.940487
140	158	0.899815
140	160	0.899624
140	161	0.889667
140	163	0.906753
140	164	0.911638
140	169	0.851839
140	170	0.83918
140	171	0.851
140	172	0.849762
140	173	0.816419
140	174	0.829963
140	175	0.866288
140	176	0.826806
140	177	0.796948
140	178	0.818065
140	179	0.835564
140	180	0.845859
141	32	1.04902
141	42	0.983455
141	43	0.972999
141	52	0.519151
141	63	1.07251
141	67	0.997527
141	72	0.932069
141	76	1.14578
141	122	1.1427
141	127	0.988427
141	133	1.05113
141	138	1.04295
141	142	1.0704
141	143	1.14753
141	146	1.06511
141	153	1.02304
141	155	0.952196
141	160	1.03371
141	161	1.02375
141	162	1.0286
141	163	1.04084
141	164	1.04573
141	170	0.973268
141	171	0.985087
141	172	0.98385
141	173	0.950507
141	174	0.964051
141	175	1.00038
141	176	0.960893
141	177	0.931036
141	178	0.952152
141	179	0.969652
141	180	0.979946
142	17	1.13079
142	93	1.44621
142	103	1.53326
142	117	0.94291
142	119	1.01657
142	129	1.03637
142	131	1.27784
142	132	1.21189
142	133	0.980057
142	136	0.969307
142	140	0.936309
142	141	1.0704
142	147	0.990171
142	150	1.02165
142	152	0.958043
142	153	0.951967
142	158	0.962829
142	161	0.952681
142	162	0.957529
142	163	0.969767
142	167	0.872556
142	169	0.914853
142	170	0.902194
142	171	0.914014
142	172	0.912776
142	173	0.879433
142	174	0.892977
142	175	0.929302
142	176	0.88982
142	177	0.859962
142	178	0.881079
142	179	0.898578
142	180	0.908873
143	30	1.77719
143	51	0.783806
143	64	1.02959
143	65	0.811671
143	71	0.739696
143	102	1.08406
143	111	1.00308
143	112	0.454961
143	133	1.05719
143	137	1.05421
143	140	1.01344
143	141	1.14753
143	147	1.06731
143	148	1.09957
143	152	1.03518
143	153	1.0291
143	155	0.958259
143	158	1.03997
143	161	1.02982
143	163	1.0469
143	166	1.004
143	169	0.991989
143	170	0.97933
143	171	0.99115
143	172	0.989912
143	173	0.956569
143	174	0.970114
143	175	1.00644
143	176	0.966956
143	177	0.937098
143	178	0.958215
143	179	0.975714
143	180	0.986009
144	7	1.00504
144	9	1.02689
144	22	1.00455
144	31	1.21656
144	47	0.970081
144	60	1.02783
144	64	1.02206
144	67	1.75874
144	69	1.01425
144	84	1.03727
144	90	0.98308
144	93	0.997587
144	99	1.03312
144	101	1.03166
144	103	1.01119
144	112	0.817135
144	125	1.00852
144	128	1.01209
144	131	1.04133
144	132	1.04569
144	135	1.02945
144	155	0.896308
